{"total energy": -57.27704528, "HOMO-LUMO gap/eV": 2.73106425, "electronic energy": -57.96667279, "dipole": [0.66601359, 0.0437282, 0.31468367], "partial charges": [-0.10289226, -0.05191457, -0.0224988, 0.28244117, -0.38794011, -0.167986, 0.33894829, -0.42516022, -0.16762571, 0.28377798, -0.39017969, -0.00110437, -0.03110059, -0.05839553, -0.0171009, -0.06144113, -0.05627892, -0.0141235, -0.05892366, 0.03588572, 0.05099234, 0.03422049, 0.06278259, 0.06468472, 0.23113939, 0.23131629, 0.04218584, 0.05035749, 0.04907379, 0.03072071, 0.03291394, 0.03725002, 0.03098474, 0.03638608, 0.01268977, 0.03817733, 0.03773728], "atomic dipole moments": [[0.11198891, 0.00824265, -0.00817324], [-0.04986007, -0.01416831, -0.15148017], [-0.0354557, -0.00294351, -0.01851556], [-0.04310504, -0.00726159, -0.06971191], [-0.0205239, -0.17648146, -0.05892685], [0.0055344, -0.04760507, 0.00648396], [0.04726572, 0.00803294, 0.07410024], [0.11682375, 0.02121171, 0.18166013], [-0.02373036, 0.04769472, 0.01262741], [-0.03622357, -0.00861674, -0.07561139], [-0.03045714, 0.16297343, -0.08894271], [-0.16149379, -0.02746127, -0.11953898], [0.11688287, 0.01551516, 0.03558816], [-0.04603964, -0.01805209, -0.08176106], [-0.09313599, -0.02684469, 0.0067546], [-0.0891092, 0.0846298, -0.01292294], [0.03606267, 0.10227882, 0.05569918], [0.06131992, -0.02046713, 0.05277432], [-0.0258621, -0.10340015, 0.05294647], [-0.04507006, -0.11076342, -0.04512874], [-0.0399114, 0.00574256, 0.12079845], [-0.05972841, 0.09552801, -0.05962416], [0.02741182, 0.1081689, 0.0644128], [0.04278662, -0.09243495, 0.07939292], [-0.05060308, 0.11041148, -0.06691533], [-0.03723151, -0.12362809, -0.04888954], [-0.0572558, 0.00962363, 0.14228243], [0.05801057, -0.0840958, 0.07865166], [0.03419716, 0.11483738, 0.03964889], [0.12304179, 0.04155226, -0.01118947], [0.08501752, -0.0245457, -0.08957598], [0.01328173, -0.09042345, 0.09393115], [0.01944205, -0.02289817, -0.12186935], [-0.06309297, -0.1059061, 0.05010596], [-0.07419772, 0.03215321, -0.10447269], [-0.02625096, 0.12460096, 0.03713697], [0.05160881, 0.00477141, -0.11701486]], "atomic quadrupole moments": [[0.23195706, 0.02512047, -0.11826883, 0.00382922, 0.00043864, -0.11368823], [0.13627486, 0.0228714, -0.23950496, -0.10175741, 0.0184859, 0.1032301], [-0.11128638, -0.00217327, 0.05475166, 0.06276036, 0.00104482, 0.05653473], [0.33562537, 0.0539545, -0.34959484, -0.32389626, -0.00754739, 0.01396948], [0.12725518, 0.02808836, -0.10242408, -0.1462921, 0.00930016, -0.0248311], [0.00422608, 0.06271247, -0.01878188, -0.00382699, 0.09335982, 0.0145558], [0.21798103, 0.03787173, -0.16961127, -0.31142246, -0.03512331, -0.04836976], [0.09861743, 0.02265905, -0.12045473, -0.09070539, -0.00513313, 0.0218373], [0.01846145, -0.04990429, -0.0599566, 0.01633128, -0.08639845, 0.04149514], [0.40074302, -0.04433144, -0.35207028, -0.28084418, 0.02963002, -0.04867275], [0.15448448, -0.02721781, -0.11068184, -0.12617907, -0.01237303, -0.04380264], [-0.10079045, -0.05854476, 0.39761743, -0.18216985, -0.07053663, -0.29682698], [-0.12672169, -0.05595815, 0.5262474, -0.09651042, -0.09869904, -0.39952572], [0.08727582, 0.01746201, -0.18919275, -0.09227438, 0.0353977, 0.10191694], [-0.13976968, -0.08619182, 0.04253286, 0.06065331, 0.02048001, 0.09723682], [0.05590946, 0.03939097, 0.08412816, 0.15677171, 0.11384751, -0.14003762], [0.11977681, -0.10986789, 0.0611821, 0.10778317, 0.06469208, -0.18095891], [0.04332992, 0.03421338, 0.04999136, -0.05175432, 0.06651047, -0.09332128], [0.13628615, 0.06924907, -0.02796574, 0.14943419, -0.0845977, -0.10832041], [-0.02392324, 0.01625564, 0.05251775, 0.01255015, 0.05014267, -0.02859451], [-0.02208271, 0.00077397, -0.05318197, -0.02154134, 0.00754631, 0.07526468], [-0.01823208, -0.02324918, 0.03155832, 0.02350505, -0.05659216, -0.01332624], [-0.00555577, 0.02347989, 0.0371342, -0.00496682, 0.02428158, -0.03157844], [0.00157717, -0.02811754, 0.02159959, 0.00252336, -0.03252082, -0.02317676], [-0.02971498, -0.01076513, 0.02904162, 0.03185608, -0.00635997, 0.00067336], [-0.03511906, 0.00038268, 0.03411282, 0.02855732, 0.01019476, 0.00100625], [0.04026419, 0.00832681, -0.06304339, -0.00136097, 0.00674401, 0.02277919], [-0.01730999, -0.03703857, 0.01144503, 0.0081383, -0.0379159, 0.00586496], [-0.02674289, 0.02454966, 0.04684242, -0.0112127, 0.03005066, -0.02009953], [0.02696026, 0.01948012, -0.02164034, -0.00457885, 0.02006366, -0.00531992], [0.01763948, 0.00326757, -0.0396449, -0.02764104, 0.01840405, 0.02200543], [-0.02234791, 0.00726008, -0.00398968, 0.00288963, -0.03755116, 0.02633759], [-0.00323515, -0.01306757, -0.04310624, -0.00738712, 0.00571981, 0.04634139], [0.00496191, 0.03019857, -0.00237332, -0.01716379, -0.03284015, -0.00258859], [0.03245811, -0.01342874, -0.03423187, 0.01957627, -0.00143504, 0.00177375], [-0.02975445, -0.01968745, 0.03994149, -0.01253272, 0.02747912, -0.01018704], [-0.01261981, -0.00042129, -0.03151127, -0.0259348, 0.00354581, 0.04413108]], "number of molecular orbitals": 94, "number of electrons": 102, "number of unpaired electrons": 0, "orbital energies/eV": [-20.51896321, -20.1367101, -20.05795217, -19.66176897, -19.28540217, -18.57759654, -18.14082265, -18.00266418, -17.88704676, -17.33774061, -17.22616522, -17.05620213, -16.88942642, -16.68937593, -16.63461516, -16.56184041, -16.14684455, -16.0185696, -15.71118698, -15.5827979, -15.52258358, -15.39929748, -15.29243449, -15.18945415, -14.81165914, -14.7894243, -14.64386529, -14.49875604, -14.18407319, -13.96549639, -13.9243755, -13.81421639, -13.61974471, -13.57960979, -13.1711683, -12.97936933, -12.95033292, -12.75614127, -12.70131612, -12.60908453, -12.53406717, -12.40830243, -12.26649454, -12.22123429, -12.13999921, -12.02472503, -11.7641565, -11.69541676, -11.63551548, -11.55815926, -10.72497262, -7.99390837, -7.16370787, -5.92083706, -5.37854399, -0.76095662, -0.23284182, 0.18564166, 1.00407257, 1.33968809, 1.40013195, 1.56482519, 2.00061358, 2.29297464, 2.56965509, 2.8744052, 3.19952492, 3.2923619, 3.5667211, 3.65661312, 3.7652477, 3.90752802, 4.23291998, 4.30957595, 4.45828656, 4.60522067, 4.71953965, 5.03833935, 5.55260329, 5.82658909, 6.17798242, 6.31303144, 6.87515442, 7.15205077, 7.32940364, 7.57536263, 7.80516388, 8.6971739, 9.53505513, 12.02712395, 14.02462914, 14.18031211, 15.0041207, 16.47848838], "fractional occupation": [2.0, 2.0, 2.0, 2.0, 2.0, 2.0, 2.0, 2.0, 2.0, 2.0, 2.0, 2.0, 2.0, 2.0, 2.0, 2.0, 2.0, 2.0, 2.0, 2.0, 2.0, 2.0, 2.0, 2.0, 2.0, 2.0, 2.0, 2.0, 2.0, 2.0, 2.0, 2.0, 2.0, 2.0, 2.0, 2.0, 2.0, 2.0, 2.0, 2.0, 2.0, 2.0, 2.0, 2.0, 2.0, 2.0, 2.0, 2.0, 2.0, 2.0, 2.0, 0.0, 0.0, 0.0, 0.0, 0.0, 0.0, 0.0, 0.0, 0.0, 0.0, 0.0, 0.0, 0.0, 0.0, 0.0, 0.0, 0.0, 0.0, 0.0, 0.0, 0.0, 0.0, 0.0, 0.0, 0.0, 0.0, 0.0, 0.0, 0.0, 0.0, 0.0, 0.0, 0.0, 0.0, 0.0, 0.0, 0.0, 0.0, 0.0, 0.0, 0.0, 0.0, 0.0], "program call": "xtb /home/svss/Project-DBcg-Debug/aqme2_20220329/End-to-End-workflows-final/example-3/QDESCP/mol_347_rdkit_conf_1/mol_347_rdkit_conf_1.xyz --pop --wbo --acc 0.2 --gfn 2 --chrg 0 --uhf 0 --etemp 300 --input /home/svss/Project-DBcg-Debug/aqme2_20220329/End-to-End-workflows-final/example-3/QDESCP/mol_347_rdkit_conf_1/mol_347_rdkit_conf_1_xtb.inp", "method": "GFN2-xTB", "xtb version": "6.3.3 (7355c4f)", "Dipole module/D": 1.876, "Total charge": 0, "Transition dipole module/D": NaN, "HOMO": -10.725, "LUMO": -7.9939, "HOMO occupancy": 2.0, "LUMO occupancy": 0, "mulliken charges": [-0.09145, -0.02787, -0.05377, 0.47427, -0.51515, -0.31984, 0.57384, -0.54138, -0.32064, 0.47439, -0.51508, -0.00964, -0.02985, -0.04341, -0.0124, -0.05352, -0.05079, -0.01701, -0.05019, 0.03578, 0.04369, 0.03384, 0.04953, 0.05027, 0.28069, 0.28009, 0.03785, 0.03859, 0.04022, 0.02722, 0.02829, 0.03142, 0.02798, 0.0377, 0.01847, 0.03602, 0.03187], "cm5 charges": [-0.23987, -0.13084, -0.05068, 0.57334, -0.55774, -0.66416, 0.74253, -0.57786, -0.66485, 0.57349, -0.55972, -0.0187, -0.08767, -0.14613, -0.07966, -0.15958, -0.15584, -0.0772, -0.15295, 0.09008, 0.09457, 0.08801, 0.10783, 0.10865, 0.48308, 0.48263, 0.09512, 0.09382, 0.09541, 0.08453, 0.08292, 0.08662, 0.08295, 0.09597, 0.08242, 0.09202, 0.08745], "FUKUI+": [0.015, 0.009, -0.005, -0.056, -0.138, -0.033, -0.059, -0.149, -0.034, -0.056, -0.138, 0.004, -0.022, 0.009, 0.004, 0.007, 0.004, 0.003, 0.006, -0.006, -0.036, -0.006, -0.031, -0.032, -0.047, -0.047, -0.024, -0.029, -0.028, -0.026, -0.022, -0.013, -0.016, 0.008, 0.013, -0.007, -0.021], "FUKUI-": [0.011, 0.008, -0.012, -0.007, -0.069, -0.019, -0.001, -0.073, -0.017, -0.007, -0.068, -0.045, -0.047, 0.009, 0.001, 0.006, 0.003, -0.001, 0.009, -0.014, -0.026, -0.015, -0.017, -0.017, -0.029, -0.028, -0.055, -0.071, -0.089, -0.042, -0.063, -0.031, -0.06, -0.025, -0.034, -0.025, -0.04], "FUKUIrad": [0.013, 0.009, -0.008, -0.031, -0.104, -0.026, -0.03, -0.111, -0.025, -0.031, -0.103, -0.021, -0.035, 0.009, 0.002, 0.006, 0.004, 0.001, 0.007, -0.01, -0.031, -0.011, -0.024, -0.024, -0.038, -0.037, -0.039, -0.05, -0.059, -0.034, -0.042, -0.022, -0.038, -0.009, -0.01, -0.016, -0.03], "s proportion": [1.011, 1.036, 1.105, 1.012, 1.73, 1.423, 0.935, 1.72, 1.424, 1.013, 1.731, 1.098, 1.071, 1.032, 1.057, 1.036, 1.037, 1.058, 1.035, 0.964, 0.956, 0.966, 0.95, 0.95, 0.719, 0.72, 0.962, 0.961, 0.96, 0.973, 0.972, 0.969, 0.972, 0.962, 0.982, 0.964, 0.968], "p proportion": [3.081, 2.992, 2.949, 2.514, 4.785, 3.897, 2.492, 4.822, 3.896, 2.513, 4.785, 2.911, 2.958, 3.011, 2.955, 3.018, 3.014, 2.959, 3.015, 0.0, 0.0, 0.0, 0.0, 0.0, 0.0, 0.0, 0.0, 0.0, 0.0, 0.0, 0.0, 0.0, 0.0, 0.0, 0.0, 0.0, 0.0], "d proportion": [0.0, 0.0, 0.0, 0.0, 0.0, 0.0, 0.0, 0.0, 0.0, 0.0, 0.0, 0.0, 0.0, 0.0, 0.0, 0.0, 0.0, 0.0, 0.0, 0.0, 0.0, 0.0, 0.0, 0.0, 0.0, 0.0, 0.0, 0.0, 0.0, 0.0, 0.0, 0.0, 0.0, 0.0, 0.0, 0.0, 0.0], "Fermi-level/eV": -9.3594, "Coordination numbers": [3.747, 3.803, 3.9, 2.762, 0.859, 2.697, 2.696, 0.86, 2.697, 2.763, 0.859, 2.948, 2.891, 3.806, 3.887, 3.826, 3.829, 3.893, 3.844, 0.924, 0.924, 0.924, 0.923, 0.923, 0.86, 0.86, 0.925, 0.924, 0.924, 0.924, 0.924, 0.924, 0.924, 0.924, 0.924, 0.924, 0.924], "Dispersion coefficient C6": [22.534, 21.504, 20.919, 22.218, 21.441, 24.634, 21.24, 22.188, 24.626, 22.194, 21.485, 28.055, 28.774, 21.62, 20.828, 21.66, 21.563, 20.774, 21.601, 2.504, 2.308, 2.527, 2.167, 2.145, 0.96, 0.959, 2.42, 2.316, 2.332, 2.576, 2.546, 2.486, 2.573, 2.498, 2.847, 2.473, 2.479], "Total dispersion C6": 13686.445567, "Total dispersion C8": 312441.766812, "Polarizability alpha": [6.771, 6.602, 6.501, 7.719, 6.208, 7.371, 7.543, 6.316, 7.37, 7.715, 6.215, 8.687, 8.795, 6.619, 6.488, 6.623, 6.607, 6.479, 6.611, 2.475, 2.376, 2.486, 2.302, 2.29, 1.535, 1.534, 2.433, 2.38, 2.388, 2.51, 2.495, 2.466, 2.508, 2.471, 2.639, 2.459, 2.462], "Total polarizability alpha": 175.450896, "Wiberg matrix": [[0.0, 1.019636131576791, 0.0, 0.0, 0.0, 0.0, 0.0, 0.0, 0.0, 0.0, 0.0, 0.0, 0.0, 0.0, 0.0, 0.0, 0.0, 0.0, 0.0, 0.9865145618068202, 0.9844141455570379, 0.986698870775323, 0.0, 0.0, 0.0, 0.0, 0.0, 0.0, 0.0, 0.0, 0.0, 0.0, 0.0, 0.0, 0.0, 0.0, 0.0], [1.019636131576791, 0.0, 0.9492893048548956, 0.0, 0.0, 0.0, 0.0, 0.0, 0.0, 0.0, 0.0, 0.0, 0.0, 0.0, 0.0, 0.0, 0.0, 0.0, 0.0, 0.0, 0.0, 0.0, 0.9719733799687615, 0.9714994151415189, 0.0, 0.0, 0.0, 0.0, 0.0, 0.0, 0.0, 0.0, 0.0, 0.0, 0.0, 0.0, 0.0], [0.0, 0.9492893048548956, 0.0, 0.948274626404682, 0.0, 0.0, 0.0, 0.0, 0.0, 0.9510105410397335, 0.0, 0.9269573382376158, 0.0, 0.0, 0.0, 0.0, 0.0, 0.0, 0.0, 0.0, 0.0, 0.0, 0.0, 0.0, 0.0, 0.0, 0.0, 0.0, 0.0, 0.0, 0.0, 0.0, 0.0, 0.0, 0.0, 0.0, 0.0], [0.0, 0.0, 0.948274626404682, 0.0, 1.7445880217152234, 1.1479894920034595, 0.0, 0.0, 0.0, 0.0, 0.0, 0.0, 0.0, 0.0, 0.0, 0.0, 0.0, 0.0, 0.0, 0.0, 0.0, 0.0, 0.0, 0.0, 0.0, 0.0, 0.0, 0.0, 0.0, 0.0, 0.0, 0.0, 0.0, 0.0, 0.0, 0.0, 0.0], [0.0, 0.0, 0.0, 1.7445880217152234, 0.0, 0.13585656743341304, 0.0, 0.0, 0.0, 0.0, 0.0, 0.0, 0.0, 0.0, 0.0, 0.0, 0.0, 0.0, 0.0, 0.0, 0.0, 0.0, 0.0, 0.0, 0.0, 0.0, 0.0, 0.0, 0.0, 0.0, 0.0, 0.0, 0.0, 0.0, 0.0, 0.0, 0.0], [0.0, 0.0, 0.0, 1.1479894920034595, 0.13585656743341304, 0.0, 1.1303848124782105, 0.11716971964902115, 0.0, 0.0, 0.0, 0.0, 0.0, 0.0, 0.0, 0.0, 0.0, 0.0, 0.0, 0.0, 0.0, 0.0, 0.0, 0.0, 0.9098748131186211, 0.0, 0.0, 0.0, 0.0, 0.0, 0.0, 0.0, 0.0, 0.0, 0.0, 0.0, 0.0], [0.0, 0.0, 0.0, 0.0, 0.0, 1.1303848124782105, 0.0, 1.6474286868199777, 1.1296099743394055, 0.0, 0.0, 0.0, 0.0, 0.0, 0.0, 0.0, 0.0, 0.0, 0.0, 0.0, 0.0, 0.0, 0.0, 0.0, 0.0, 0.0, 0.0, 0.0, 0.0, 0.0, 0.0, 0.0, 0.0, 0.0, 0.0, 0.0, 0.0], [0.0, 0.0, 0.0, 0.0, 0.0, 0.11716971964902115, 1.6474286868199777, 0.0, 0.11714322952301226, 0.0, 0.0, 0.0, 0.0, 0.0, 0.0, 0.0, 0.0, 0.0, 0.0, 0.0, 0.0, 0.0, 0.0, 0.0, 0.0, 0.0, 0.0, 0.0, 0.0, 0.0, 0.0, 0.0, 0.0, 0.0, 0.0, 0.0, 0.0], [0.0, 0.0, 0.0, 0.0, 0.0, 0.0, 1.1296099743394055, 0.11714322952301226, 0.0, 1.147613595319101, 0.134936874883919, 0.0, 0.0, 0.0, 0.0, 0.0, 0.0, 0.0, 0.0, 0.0, 0.0, 0.0, 0.0, 0.0, 0.0, 0.9097300262432686, 0.0, 0.0, 0.0, 0.0, 0.0, 0.0, 0.0, 0.0, 0.0, 0.0, 0.0], [0.0, 0.0, 0.9510105410397335, 0.0, 0.0, 0.0, 0.0, 0.0, 1.147613595319101, 0.0, 1.741519100860295, 0.0, 0.0, 0.0, 0.0, 0.0, 0.0, 0.0, 0.0, 0.0, 0.0, 0.0, 0.0, 0.0, 0.0, 0.0, 0.0, 0.0, 0.0, 0.0, 0.0, 0.0, 0.0, 0.0, 0.0, 0.0, 0.0], [0.0, 0.0, 0.0, 0.0, 0.0, 0.0, 0.0, 0.0, 0.134936874883919, 1.741519100860295, 0.0, 0.0, 0.0, 0.0, 0.0, 0.0, 0.0, 0.0, 0.0, 0.0, 0.0, 0.0, 0.0, 0.0, 0.0, 0.0, 0.0, 0.0, 0.0, 0.0, 0.0, 0.0, 0.0, 0.0, 0.0, 0.0, 0.0], [0.0, 0.0, 0.9269573382376158, 0.0, 0.0, 0.0, 0.0, 0.0, 0.0, 0.0, 0.0, 0.0, 1.8787231412882925, 0.0, 0.0, 0.0, 0.0, 0.9920506311679604, 0.0, 0.0, 0.0, 0.0, 0.0, 0.0, 0.0, 0.0, 0.0, 0.0, 0.0, 0.0, 0.0, 0.0, 0.0, 0.0, 0.0, 0.0, 0.0], [0.0, 0.0, 0.0, 0.0, 0.0, 0.0, 0.0, 0.0, 0.0, 0.0, 0.0, 1.8787231412882925, 0.0, 1.0245659680434682, 0.0, 0.0, 0.0, 0.0, 0.0, 0.0, 0.0, 0.0, 0.0, 0.0, 0.0, 0.0, 0.9632970515601449, 0.0, 0.0, 0.0, 0.0, 0.0, 0.0, 0.0, 0.0, 0.0, 0.0], [0.0, 0.0, 0.0, 0.0, 0.0, 0.0, 0.0, 0.0, 0.0, 0.0, 0.0, 0.0, 1.0245659680434682, 0.0, 0.9959591823199233, 0.0, 0.0, 0.0, 0.0, 0.0, 0.0, 0.0, 0.0, 0.0, 0.0, 0.0, 0.0, 0.9591724418762237, 0.9571483452533598, 0.0, 0.0, 0.0, 0.0, 0.0, 0.0, 0.0, 0.0], [0.0, 0.0, 0.0, 0.0, 0.0, 0.0, 0.0, 0.0, 0.0, 0.0, 0.0, 0.0, 0.0, 0.9959591823199233, 0.0, 0.9954946079882583, 0.0, 0.0, 0.9985404949075148, 0.0, 0.0, 0.0, 0.0, 0.0, 0.0, 0.0, 0.0, 0.0, 0.0, 0.9712410526136086, 0.0, 0.0, 0.0, 0.0, 0.0, 0.0, 0.0], [0.0, 0.0, 0.0, 0.0, 0.0, 0.0, 0.0, 0.0, 0.0, 0.0, 0.0, 0.0, 0.0, 0.0, 0.9954946079882583, 0.0, 1.0010758726695683, 0.0, 0.0, 0.0, 0.0, 0.0, 0.0, 0.0, 0.0, 0.0, 0.0, 0.0, 0.0, 0.0, 0.9822806196324223, 0.9798730357622015, 0.0, 0.0, 0.0, 0.0, 0.0], [0.0, 0.0, 0.0, 0.0, 0.0, 0.0, 0.0, 0.0, 0.0, 0.0, 0.0, 0.0, 0.0, 0.0, 0.0, 1.0010758726695683, 0.0, 0.9809774713528958, 0.0, 0.0, 0.0, 0.0, 0.0, 0.0, 0.0, 0.0, 0.0, 0.0, 0.0, 0.0, 0.0, 0.0, 0.9807055106627263, 0.9798023036777357, 0.0, 0.0, 0.0], [0.0, 0.0, 0.0, 0.0, 0.0, 0.0, 0.0, 0.0, 0.0, 0.0, 0.0, 0.9920506311679604, 0.0, 0.0, 0.0, 0.0, 0.9809774713528958, 0.0, 0.9894443864445437, 0.0, 0.0, 0.0, 0.0, 0.0, 0.0, 0.0, 0.0, 0.0, 0.0, 0.0, 0.0, 0.0, 0.0, 0.0, 0.9700674823677597, 0.0, 0.0], [0.0, 0.0, 0.0, 0.0, 0.0, 0.0, 0.0, 0.0, 0.0, 0.0, 0.0, 0.0, 0.0, 0.0, 0.9985404949075148, 0.0, 0.0, 0.9894443864445437, 0.0, 0.0, 0.0, 0.0, 0.0, 0.0, 0.0, 0.0, 0.0, 0.0, 0.0, 0.0, 0.0, 0.0, 0.0, 0.0, 0.0, 0.9770674623510581, 0.9761205554346113], [0.9865145618068202, 0.0, 0.0, 0.0, 0.0, 0.0, 0.0, 0.0, 0.0, 0.0, 0.0, 0.0, 0.0, 0.0, 0.0, 0.0, 0.0, 0.0, 0.0, 0.0, 0.0, 0.0, 0.0, 0.0, 0.0, 0.0, 0.0, 0.0, 0.0, 0.0, 0.0, 0.0, 0.0, 0.0, 0.0, 0.0, 0.0], [0.9844141455570379, 0.0, 0.0, 0.0, 0.0, 0.0, 0.0, 0.0, 0.0, 0.0, 0.0, 0.0, 0.0, 0.0, 0.0, 0.0, 0.0, 0.0, 0.0, 0.0, 0.0, 0.0, 0.0, 0.0, 0.0, 0.0, 0.0, 0.0, 0.0, 0.0, 0.0, 0.0, 0.0, 0.0, 0.0, 0.0, 0.0], [0.986698870775323, 0.0, 0.0, 0.0, 0.0, 0.0, 0.0, 0.0, 0.0, 0.0, 0.0, 0.0, 0.0, 0.0, 0.0, 0.0, 0.0, 0.0, 0.0, 0.0, 0.0, 0.0, 0.0, 0.0, 0.0, 0.0, 0.0, 0.0, 0.0, 0.0, 0.0, 0.0, 0.0, 0.0, 0.0, 0.0, 0.0], [0.0, 0.9719733799687615, 0.0, 0.0, 0.0, 0.0, 0.0, 0.0, 0.0, 0.0, 0.0, 0.0, 0.0, 0.0, 0.0, 0.0, 0.0, 0.0, 0.0, 0.0, 0.0, 0.0, 0.0, 0.0, 0.0, 0.0, 0.0, 0.0, 0.0, 0.0, 0.0, 0.0, 0.0, 0.0, 0.0, 0.0, 0.0], [0.0, 0.9714994151415189, 0.0, 0.0, 0.0, 0.0, 0.0, 0.0, 0.0, 0.0, 0.0, 0.0, 0.0, 0.0, 0.0, 0.0, 0.0, 0.0, 0.0, 0.0, 0.0, 0.0, 0.0, 0.0, 0.0, 0.0, 0.0, 0.0, 0.0, 0.0, 0.0, 0.0, 0.0, 0.0, 0.0, 0.0, 0.0], [0.0, 0.0, 0.0, 0.0, 0.0, 0.9098748131186211, 0.0, 0.0, 0.0, 0.0, 0.0, 0.0, 0.0, 0.0, 0.0, 0.0, 0.0, 0.0, 0.0, 0.0, 0.0, 0.0, 0.0, 0.0, 0.0, 0.0, 0.0, 0.0, 0.0, 0.0, 0.0, 0.0, 0.0, 0.0, 0.0, 0.0, 0.0], [0.0, 0.0, 0.0, 0.0, 0.0, 0.0, 0.0, 0.0, 0.9097300262432686, 0.0, 0.0, 0.0, 0.0, 0.0, 0.0, 0.0, 0.0, 0.0, 0.0, 0.0, 0.0, 0.0, 0.0, 0.0, 0.0, 0.0, 0.0, 0.0, 0.0, 0.0, 0.0, 0.0, 0.0, 0.0, 0.0, 0.0, 0.0], [0.0, 0.0, 0.0, 0.0, 0.0, 0.0, 0.0, 0.0, 0.0, 0.0, 0.0, 0.0, 0.9632970515601449, 0.0, 0.0, 0.0, 0.0, 0.0, 0.0, 0.0, 0.0, 0.0, 0.0, 0.0, 0.0, 0.0, 0.0, 0.0, 0.0, 0.0, 0.0, 0.0, 0.0, 0.0, 0.0, 0.0, 0.0], [0.0, 0.0, 0.0, 0.0, 0.0, 0.0, 0.0, 0.0, 0.0, 0.0, 0.0, 0.0, 0.0, 0.9591724418762237, 0.0, 0.0, 0.0, 0.0, 0.0, 0.0, 0.0, 0.0, 0.0, 0.0, 0.0, 0.0, 0.0, 0.0, 0.0, 0.0, 0.0, 0.0, 0.0, 0.0, 0.0, 0.0, 0.0], [0.0, 0.0, 0.0, 0.0, 0.0, 0.0, 0.0, 0.0, 0.0, 0.0, 0.0, 0.0, 0.0, 0.9571483452533598, 0.0, 0.0, 0.0, 0.0, 0.0, 0.0, 0.0, 0.0, 0.0, 0.0, 0.0, 0.0, 0.0, 0.0, 0.0, 0.0, 0.0, 0.0, 0.0, 0.0, 0.0, 0.0, 0.0], [0.0, 0.0, 0.0, 0.0, 0.0, 0.0, 0.0, 0.0, 0.0, 0.0, 0.0, 0.0, 0.0, 0.0, 0.9712410526136086, 0.0, 0.0, 0.0, 0.0, 0.0, 0.0, 0.0, 0.0, 0.0, 0.0, 0.0, 0.0, 0.0, 0.0, 0.0, 0.0, 0.0, 0.0, 0.0, 0.0, 0.0, 0.0], [0.0, 0.0, 0.0, 0.0, 0.0, 0.0, 0.0, 0.0, 0.0, 0.0, 0.0, 0.0, 0.0, 0.0, 0.0, 0.9822806196324223, 0.0, 0.0, 0.0, 0.0, 0.0, 0.0, 0.0, 0.0, 0.0, 0.0, 0.0, 0.0, 0.0, 0.0, 0.0, 0.0, 0.0, 0.0, 0.0, 0.0, 0.0], [0.0, 0.0, 0.0, 0.0, 0.0, 0.0, 0.0, 0.0, 0.0, 0.0, 0.0, 0.0, 0.0, 0.0, 0.0, 0.9798730357622015, 0.0, 0.0, 0.0, 0.0, 0.0, 0.0, 0.0, 0.0, 0.0, 0.0, 0.0, 0.0, 0.0, 0.0, 0.0, 0.0, 0.0, 0.0, 0.0, 0.0, 0.0], [0.0, 0.0, 0.0, 0.0, 0.0, 0.0, 0.0, 0.0, 0.0, 0.0, 0.0, 0.0, 0.0, 0.0, 0.0, 0.0, 0.9807055106627263, 0.0, 0.0, 0.0, 0.0, 0.0, 0.0, 0.0, 0.0, 0.0, 0.0, 0.0, 0.0, 0.0, 0.0, 0.0, 0.0, 0.0, 0.0, 0.0, 0.0], [0.0, 0.0, 0.0, 0.0, 0.0, 0.0, 0.0, 0.0, 0.0, 0.0, 0.0, 0.0, 0.0, 0.0, 0.0, 0.0, 0.9798023036777357, 0.0, 0.0, 0.0, 0.0, 0.0, 0.0, 0.0, 0.0, 0.0, 0.0, 0.0, 0.0, 0.0, 0.0, 0.0, 0.0, 0.0, 0.0, 0.0, 0.0], [0.0, 0.0, 0.0, 0.0, 0.0, 0.0, 0.0, 0.0, 0.0, 0.0, 0.0, 0.0, 0.0, 0.0, 0.0, 0.0, 0.0, 0.9700674823677597, 0.0, 0.0, 0.0, 0.0, 0.0, 0.0, 0.0, 0.0, 0.0, 0.0, 0.0, 0.0, 0.0, 0.0, 0.0, 0.0, 0.0, 0.0, 0.0], [0.0, 0.0, 0.0, 0.0, 0.0, 0.0, 0.0, 0.0, 0.0, 0.0, 0.0, 0.0, 0.0, 0.0, 0.0, 0.0, 0.0, 0.0, 0.9770674623510581, 0.0, 0.0, 0.0, 0.0, 0.0, 0.0, 0.0, 0.0, 0.0, 0.0, 0.0, 0.0, 0.0, 0.0, 0.0, 0.0, 0.0, 0.0], [0.0, 0.0, 0.0, 0.0, 0.0, 0.0, 0.0, 0.0, 0.0, 0.0, 0.0, 0.0, 0.0, 0.0, 0.0, 0.0, 0.0, 0.0, 0.9761205554346113, 0.0, 0.0, 0.0, 0.0, 0.0, 0.0, 0.0, 0.0, 0.0, 0.0, 0.0, 0.0, 0.0, 0.0, 0.0, 0.0, 0.0, 0.0]], "Born radii": [], "Atomic SASAs": [], "Solvent H bonds": [], "Total SASA": NaN, "Total FOD": 0.0, "FOD": [0.0, 0.0, 0.0, 0.0, 0.0, 0.0, 0.0, 0.0, 0.0, 0.0, 0.0, 0.0, 0.0, 0.0, 0.0, 0.0, 0.0, 0.0, 0.0, 0.0, 0.0, 0.0, 0.0, 0.0, 0.0, 0.0, 0.0, 0.0, 0.0, 0.0, 0.0, 0.0, 0.0, 0.0, 0.0, 0.0, 0.0], "FOD s proportion": [0.0, 0.0, 0.0, 0.0, 0.0, 0.0, 0.0, 0.0, 0.0, 0.0, 0.0, 0.0, 0.0, 0.0, 0.0, 0.0, 0.0, 0.0, 0.0, 0.0, 0.0, 0.0, 0.0, 0.0, 0.0, 0.0, 0.0, 0.0, 0.0, 0.0, 0.0, 0.0, 0.0, 0.0, 0.0, 0.0, 0.0], "FOD p proportion": [0.0, 0.0, 0.0, 0.0, 0.0, 0.0, 0.0, 0.0, 0.0, 0.0, 0.0, 0.0, 0.0, 0.0, 0.0, 0.0, 0.0, 0.0, 0.0, 0.0, 0.0, 0.0, 0.0, 0.0, 0.0, 0.0, 0.0, 0.0, 0.0, 0.0, 0.0, 0.0, 0.0, 0.0, 0.0, 0.0, 0.0], "FOD d proportion": [0.0, 0.0, 0.0, 0.0, 0.0, 0.0, 0.0, 0.0, 0.0, 0.0, 0.0, 0.0, 0.0, 0.0, 0.0, 0.0, 0.0, 0.0, 0.0, 0.0, 0.0, 0.0, 0.0, 0.0, 0.0, 0.0, 0.0, 0.0, 0.0, 0.0, 0.0, 0.0, 0.0, 0.0, 0.0, 0.0, 0.0], "coordinates": [["-3.28170", "0.06380", "1.94370"], ["-1.75770", "0.16930", "1.87670"], ["-1.16770", "0.10780", "0.43580"], ["-1.72030", "1.30780", "-0.33300"], ["-1.57910", "2.47480", "0.03440"], ["-2.39910", "1.05080", "-1.49150"], ["-2.64000", "-0.16570", "-2.04310"], ["-3.30080", "-0.28560", "-3.06900"], ["-2.13310", "-1.24460", "-1.39480"], ["-1.54750", "-1.24640", "-0.16010"], ["-1.34480", "-2.32040", "0.40750"], ["0.37840", "0.21600", "0.38390"], ["1.17690", "0.38110", "1.46370"], ["2.67810", "0.51370", "1.36250"], ["3.20900", "0.34660", "-0.07460"], ["3.09430", "-1.11170", "-0.55300"], ["1.70860", "-1.22250", "-1.20640"], ["1.05340", "0.15220", "-0.99430"], ["2.27440", "1.08180", "-1.03390"], ["-3.64030", "-0.88330", "1.53030"], ["-3.61010", "0.11430", "2.98720"], ["-3.76700", "0.88290", "1.40500"], ["-1.47270", "1.11210", "2.36210"], ["-1.34240", "-0.64100", "2.49020"], ["-2.77000", "1.85210", "-1.98310"], ["-2.38040", "-2.14900", "-1.77240"], ["0.77630", "0.44560", "2.47110"], ["3.15460", "-0.21490", "2.02820"], ["2.95030", "1.51110", "1.72920"], ["4.24190", "0.70360", "-0.13550"], ["3.86610", "-1.32640", "-1.30170"], ["3.21970", "-1.83250", "0.26160"], ["1.82750", "-1.41790", "-2.27920"], ["1.13410", "-2.05370", "-0.78710"], ["0.36020", "0.40040", "-1.80150"], ["2.04900", "2.10570", "-0.71580"], ["2.70200", "1.12220", "-2.04320"]], "bond_dist": [[0.0, 1.5291158393006068, 2.5970549493609103, 3.0280140108658675, 3.515280109749435, 3.681541905234816, 4.04462895455195, 5.024898651714281, 3.765205807123961, 3.024904646431024, 3.4345162235750175, 3.9815164058433816, 4.495574852007248, 6.004949582635978, 6.803138777064599, 6.947566994279364, 6.039933094828121, 5.237628334465896, 6.385348304517147, 1.0938427354972011, 1.095120568704652, 1.093909772330424, 2.1322458699690334, 2.134546738771489, 4.345067550683188, 4.417943496696172, 4.109900972043, 6.4428853497482, 6.401446050698232, 7.8317924921438005, 7.972221901076261, 6.978081115894255, 6.792072138898408, 5.607170813342501, 5.234812146581766, 6.297512076209144, 7.267753976298318], [1.5291158393006068, 0.0, 1.5582281796964141, 2.4860319989895547, 2.956568534636057, 3.540227033680184, 4.031812288537253, 5.200773030040823, 3.5836783644741335, 2.489366339050964, 2.9202125162391863, 2.606445077111735, 2.9710781544752405, 4.478764856520155, 5.339205546708237, 5.575509581195247, 4.84333031497956, 4.018111076115243, 5.055895471625179, 2.1845233988218116, 2.1604677757374677, 2.183806845854275, 1.0980482685201047, 1.0979264228535537, 4.330660823708086, 4.367860001190515, 2.6174050221545766, 4.929630126084512, 4.897698182820171, 6.3505610374202375, 6.630721792535108, 5.602701313652192, 5.713524979380067, 4.516643297848525, 4.250654403735971, 4.996165139384406, 6.013531284528252], [2.5970549493609103, 1.5582281796964141, 0.0, 1.5285353119898801, 2.4357875358906, 2.47387959488735, 2.896103373500331, 4.121711077938385, 2.472261976409458, 1.5274824025172926, 2.434814272177654, 1.5507501604062468, 2.5745718983939834, 3.976644985411698, 4.41282636073526, 4.541976407908787, 3.5692605144483354, 2.6420527208971434, 3.8673953120931404, 2.879923648293475, 3.531996881368952, 2.8803626750810394, 2.193689855015973, 2.1935771903445755, 3.385413562624218, 3.3822972622169094, 2.8347294280054314, 4.617591400286518, 4.538728726196356, 5.472214678720126, 5.514977636400713, 4.800457112609172, 4.3209036705300425, 3.3861260903870667, 2.7249962311900546, 3.957896645947188, 4.70627522038395], [3.0280140108658675, 2.4860319989895547, 1.5285353119898801, 0.0, 1.2315880804879529, 1.36709205615423, 2.4375176614744767, 3.53872855839495, 2.795097286321176, 2.5658705910470228, 3.721985456715273, 2.47194549697197, 3.5327994027399856, 4.780296812960468, 5.028784593716457, 5.392842794853194, 4.350011593088, 3.076709401292231, 4.062014881804349, 3.458208510197151, 4.002438547935496, 2.718485773367225, 2.7135158484888198, 3.4512444262903204, 2.030015416197621, 3.802245469456174, 3.8521912218891727, 5.626591396218496, 5.109648137592256, 5.9959897206382875, 6.251820078185231, 5.883760128523256, 4.87893633592405, 4.433225509716374, 2.703395505655804, 3.8717958029834167, 4.745099439421686], [3.515280109749435, 2.956568534636057, 2.4357875358906, 1.2315880804879529, 0.0, 2.2424421531000527, 3.523315953757199, 4.496126178167157, 4.022867758204339, 3.7264135908403944, 4.815396467581874, 3.0093411139317525, 3.744597999785825, 4.871705518604342, 5.240898572764026, 5.920193288229702, 5.10084142274586, 3.6582442100002015, 4.234521949405859, 4.21462902993846, 4.291380790608076, 3.0330836421041867, 2.699344279635334, 3.9743163147892497, 2.424108980635978, 5.02853202933023, 3.9500719854200126, 5.798072112349069, 4.931179279847773, 6.086875754440861, 6.773808949918798, 6.452358837665494, 5.666637610611782, 5.3426237692729215, 3.381500947804096, 3.723190091843284, 4.947096697053738], [3.681541905234816, 3.540227033680184, 2.47387959488735, 1.36709205615423, 2.2424421531000527, 0.0, 1.3572647567810785, 2.2555562728515555, 2.312783615040542, 2.7883644596788275, 4.0103290301420405, 3.4537693104780463, 4.687161308297379, 5.8490813167539395, 5.827030878586452, 5.9778451017068015, 4.70344280182081, 3.6020058370302506, 4.6959515553293345, 3.7963924309797057, 4.733107535224612, 3.2076553851684255, 3.963862713313871, 4.453396122062353, 1.0106033148570217, 3.212160416293059, 5.113866537171263, 6.695809754615195, 6.261059410355406, 6.786911288649646, 6.703717992278613, 6.554211771067518, 4.957731188759633, 4.755796657764081, 2.851816377328666, 4.636821983859204, 5.1313440792837115], [4.04462895455195, 4.031812288537253, 2.896103373500331, 2.4375176614744767, 3.523315953757199, 1.3572647567810785, 0.0, 1.2261743187654845, 1.356932463315695, 2.4304645111583096, 3.5107998362196606, 3.891884177361911, 5.212040108249361, 6.351526063081218, 6.192595945159026, 5.999792538079963, 4.552715133851446, 3.8525634855249304, 5.169726129109743, 3.779515499372902, 5.130634668342699, 3.7761203066110065, 4.732985228162032, 4.739249385715, 2.02287341175863, 2.0184522634929962, 5.694101774643653, 7.082040206748335, 6.949342387593232, 7.194106467102081, 6.650280870760272, 6.513520432147273, 4.645675871173107, 4.40294342570967, 3.0626850654287003, 5.3765885327036145, 5.495056907803595], [5.024898651714281, 5.200773030040823, 4.121711077938385, 3.53872855839495, 4.496126178167157, 2.2555562728515555, 1.2261743187654845, 0.0, 2.255249416361747, 3.5297162407196416, 4.4779905415264105, 5.070565413245352, 6.4062200610032125, 7.48493940857239, 7.193302735183609, 6.92170508039746, 5.425969842341551, 4.843047240116495, 6.0905065314799565, 4.650383428277715, 6.077264593548647, 4.647516615354914, 5.898505074169217, 5.904773015112436, 2.455746065862674, 2.449605535591394, 6.917377093956929, 8.22548694546408, 8.08251850229865, 8.153297626114234, 7.454600562069037, 7.483496256429878, 5.310870759112859, 5.291652221187633, 3.934472423337086, 6.314762542645607, 6.2504219313579155], [3.765205807123961, 3.5836783644741335, 2.472261976409458, 2.795097286321176, 4.022867758204339, 2.312783615040542, 1.356932463315695, 2.255249416361747, 0.0, 1.3665338232184376, 2.242107896600875, 3.406575744057367, 4.66583569577841, 5.817384946864012, 5.728252603543249, 5.296413919814047, 3.8463803582069214, 3.502175429643695, 4.9968432054648275, 3.31034734431298, 4.81975748456289, 3.8774689553882955, 4.4837998015076455, 4.010332211924593, 3.215787522520728, 1.0107810890593472, 5.125091922102471, 6.382552967269445, 6.572230523193782, 6.783947577185425, 6.000479938304936, 5.633982180483002, 4.061840544629983, 3.4203125500456832, 3.014626806090598, 5.401436059049482, 5.422209587428358], [3.024904646431024, 2.489366339050964, 1.5274824025172926, 2.5658705910470228, 3.7264135908403944, 2.7883644596788275, 2.4304645111583096, 3.5297162407196416, 1.3665338232184376, 0.0, 1.2315571647308945, 2.478636837053787, 3.5648054715510074, 4.824101795153166, 5.016896600489191, 4.660345667437126, 3.4201611233975515, 3.0686564503052476, 4.559710658583503, 2.7146096607063046, 4.001414817286506, 3.4510341565971205, 3.453926769634817, 2.726291484782946, 3.797174936712819, 2.026800547661264, 3.8969377567520884, 5.287947952656115, 5.603879511552689, 6.109030816749905, 5.533237345352176, 4.8215702774096325, 3.988812111393566, 2.8698154731619945, 3.007567703311099, 4.947745865543217, 5.216759705027633], [3.4345162235750175, 2.9202125162391863, 2.434814272177654, 3.721985456715273, 4.815396467581874, 4.0103290301420405, 3.5107998362196606, 4.4779905415264105, 2.242107896600875, 1.2315571647308945, 0.0, 3.066480092875217, 3.8435181253637922, 5.012770912379699, 5.2992833336216325, 4.699906887375536, 3.623990780893351, 3.718891937123207, 5.172156942707752, 2.931766788133053, 4.20882409587286, 4.138017638918423, 3.9520723449856026, 2.6754493846828797, 5.0155677295795735, 2.419464678394789, 4.050711810287175, 5.225361145413778, 5.905520057539386, 6.375785590027318, 5.573408243615391, 4.5928197732983165, 4.25398053944773, 2.764623529524409, 3.897365602557707, 5.689467685117827, 5.8509841471328565], [3.9815164058433816, 2.606445077111735, 1.5507501604062468, 2.47194549697197, 3.0093411139317525, 3.4537693104780463, 3.891884177361911, 5.070565413245352, 3.406575744057367, 2.478636837053787, 3.066480092875217, 0.0, 1.3530810397016138, 2.5169233877891477, 2.870465984818493, 3.1649141710321307, 2.523443754078937, 1.5359461839530708, 2.520829720548375, 4.321185385979176, 4.763994755454712, 4.32108111240694, 2.853566480739497, 2.8516839463727393, 4.265200437259661, 4.225379524965775, 2.137158021766289, 3.255254788799181, 3.1783306483120977, 3.928633651792949, 4.169447974252707, 3.504895894316977, 3.444070503053037, 2.663430415835939, 2.193241382064455, 2.751583278768789, 3.4801048561789054], [4.495574852007248, 2.9710781544752405, 2.5745718983939834, 3.5327994027399856, 3.744597999785825, 4.687161308297379, 5.212040108249361, 6.4062200610032125, 4.66583569577841, 3.5648054715510074, 3.8435181253637922, 1.3530810397016138, 0.0, 1.5104388898595005, 2.5489188982782482, 3.1578400038634005, 3.159694899828146, 2.4717223670954636, 2.8166456113611456, 4.980819085250938, 5.030666306762952, 4.969647486492377, 2.891688731520044, 2.906073493564814, 5.442636387817949, 5.433979435919867, 1.0860457494967695, 2.141301832997861, 2.1195135786307198, 3.472127861988956, 4.218387138468919, 3.2431622238179822, 4.203448794739862, 3.3160493844332293, 3.365843493093522, 2.912906421428605, 3.895318578755786], [6.004949582635978, 4.478764856520155, 3.976644985411698, 4.780296812960468, 4.871705518604342, 5.8490813167539395, 6.351526063081218, 7.48493940857239, 5.817384946864012, 4.824101795153166, 5.012770912379699, 2.5169233877891477, 1.5104388898595005, 0.0, 1.5411144117164046, 2.546426486274442, 3.248625540132319, 2.885279636361093, 2.4956851283765746, 6.473171123954627, 6.506967780003217, 6.455805828864434, 4.311197439227297, 4.332373440736614, 6.531932909177804, 6.519661919915787, 2.2023793519736783, 1.0959318865695986, 1.096981535851903, 2.173829903649317, 3.4489525438892312, 2.6476340022744838, 4.20910653345814, 3.6873105266576074, 3.9238238110292367, 2.6925010120703763, 3.459716166103804], [6.803138777064599, 5.339205546708237, 4.41282636073526, 5.028784593716457, 5.240898572764026, 5.827030878586452, 6.192595945159026, 7.193302735183609, 5.728252603543249, 5.016896600489191, 5.2992833336216325, 2.870465984818493, 2.5489188982782482, 1.5411144117164046, 0.0, 1.5390456588418682, 2.4483149736094005, 2.351648530286786, 1.5278261321236786, 7.141517241455068, 7.478549815305104, 7.151322244871922, 5.333086538769083, 5.316840674686425, 6.4542500338923965, 6.352317416502421, 3.5225585559362957, 2.1771562759710203, 2.1625633817301173, 1.0945502363984945, 2.17634643841462, 2.20490855592698, 3.1436067915692, 3.2518158542574334, 3.331777226946604, 2.2025372301053165, 2.175773499241132], [6.947566994279364, 5.575509581195247, 4.541976407908787, 5.392842794853194, 5.920193288229702, 5.9778451017068015, 5.999792538079963, 6.92170508039746, 5.296413919814047, 4.660345667437126, 4.699906887375536, 3.1649141710321307, 3.1578400038634005, 2.546426486274442, 1.5390456588418682, 0.0, 1.5360249639898436, 2.440791205736369, 2.390594710527069, 7.053165431917786, 7.680173917301612, 7.40875366374129, 5.856669996679, 5.400641778529659, 6.724530536773552, 5.703969472218448, 4.116246846339514, 2.7332178416657533, 3.4796914633340696, 2.1878313691873057, 1.0965049110697132, 1.0949205267963515, 2.162939462860669, 2.187361618480127, 3.364595290670187, 3.386859709229185, 2.713835761426988], [6.039933094828121, 4.84333031497956, 3.5692605144483354, 4.350011593088, 5.10084142274586, 4.70344280182081, 4.552715133851446, 5.425969842341551, 3.8463803582069214, 3.4201611233975515, 3.623990780893351, 2.523443754078937, 3.159694899828146, 3.248625540132319, 2.4483149736094005, 1.5360249639898436, 0.0, 1.5375544022895578, 2.379009117258696, 6.017916145976113, 6.903758750854493, 6.421395057150743, 5.320264946410093, 4.828208240123867, 5.487648495485111, 4.23068307132548, 4.144363298505573, 3.6835866923421254, 4.199063611092359, 3.3577219822373627, 2.1621016511718407, 2.193295969539907, 1.096913036662433, 1.093963518587343, 2.192288981863477, 3.3813423015128174, 2.6804283034619676], [5.237628334465896, 4.018111076115243, 2.6420527208971434, 3.076709401292231, 3.6582442100002015, 3.6020058370302506, 3.8525634855249304, 4.843047240116495, 3.502175429643695, 3.0686564503052476, 3.718891937123207, 1.5359461839530708, 2.4717223670954636, 2.885279636361093, 2.351648530286786, 2.440791205736369, 1.5375544022895578, 0.0, 1.5351108494177221, 5.429243510840161, 6.13204785614072, 5.43385858667669, 4.309061403600556, 4.302413756253576, 4.29950846144068, 4.206179203267498, 3.4888200197201344, 3.6993661754414093, 3.5864036401386836, 3.3478517963016228, 3.192496516834435, 3.195179899473581, 2.1715001335482342, 2.2170789656663112, 1.0925663915753587, 2.2101909103061663, 2.1815070868553237], [6.385348304517147, 5.055895471625179, 3.8673953120931404, 4.062014881804349, 4.234521949405859, 4.6959515553293345, 5.169726129109743, 6.0905065314799565, 4.9968432054648275, 4.559710658583503, 5.172156942707752, 2.520829720548375, 2.8166456113611456, 2.4956851283765746, 1.5278261321236786, 2.390594710527069, 2.379009117258696, 1.5351108494177221, 0.0, 6.73946702195359, 7.192540699224441, 6.5181522212970755, 5.057122946893816, 5.335593958501715, 5.190405965818088, 5.714071572005378, 3.86446361737305, 3.4398603663520997, 2.8767796074777783, 2.195726314912676, 2.899077951694297, 3.3264180179285945, 2.8282488910985184, 3.3455275488329197, 2.172021491606379, 1.0956112357948873, 1.0968866896812999], [1.0938427354972011, 2.1845233988218116, 2.879923648293475, 3.458208510197151, 4.21462902993846, 3.7963924309797057, 3.779515499372902, 4.650383428277715, 3.31034734431298, 2.7146096607063046, 2.931766788133053, 4.321185385979176, 4.980819085250938, 6.473171123954627, 7.141517241455068, 7.053165431917786, 6.017916145976113, 5.429243510840161, 6.73946702195359, 0.0, 1.7659771827518045, 1.775166307701901, 3.0613725941152605, 2.5020914671530297, 4.536938925090352, 3.7546200593402257, 4.707168513023514, 6.845825660941125, 7.014892795331943, 8.211103341817104, 8.035085722629224, 7.040609372064324, 6.685426257913552, 5.434618135619098, 5.362161614498392, 6.8078793100348065, 7.550940457320531], [1.095120568704652, 2.1604677757374677, 3.531996881368952, 4.002438547935496, 4.291380790608076, 4.733107535224612, 5.130634668342699, 6.077264593548647, 4.81975748456289, 4.001414817286506, 4.20882409587286, 4.763994755454712, 5.030666306762952, 6.506967780003217, 7.478549815305104, 7.680173917301612, 6.903758750854493, 6.13204785614072, 7.192540699224441, 1.7659771827518045, 0.0, 1.7659899235273118, 2.440252775841061, 2.4413009605536145, 5.331941385649321, 5.411883326532456, 4.42906579991763, 6.8402645950284695, 6.8244019811262575, 8.470680833321488, 8.738640977863778, 7.606910913110525, 7.723347691254098, 6.4384002772427875, 6.22710068892418, 7.050056437362755, 8.134088331214507], [1.093909772330424, 2.183806845854275, 2.8803626750810394, 2.718485773367225, 3.0330836421041867, 3.2076553851684255, 3.7761203066110065, 4.647516615354914, 3.8774689553882955, 3.4510341565971205, 4.138017638918423, 4.32108111240694, 4.969647486492377, 6.455805828864434, 7.151322244871922, 7.40875366374129, 6.421395057150743, 5.43385858667669, 6.5181522212970755, 1.775166307701901, 1.7659899235273118, 0.0, 2.496474622342474, 3.062452515550241, 3.6623188351098, 4.60553448906856, 4.687150028535465, 7.035772142416211, 6.754395618410281, 8.157681530312397, 8.39472733267734, 7.582528444391092, 7.082756562949203, 6.1196162608451194, 5.248640618293464, 6.3102209533422835, 7.334528528133215], [2.1322458699690334, 1.0980482685201047, 2.193689855015973, 2.7135158484888198, 2.699344279635334, 3.963862713313871, 4.732985228162032, 5.898505074169217, 4.4837998015076455, 3.453926769634817, 3.9520723449856026, 2.853566480739497, 2.891688731520044, 4.311197439227297, 5.333086538769083, 5.856669996679, 5.320264946410093, 4.309061403600556, 5.057122946893816, 3.0613725941152605, 2.440252775841061, 2.496474622342474, 0.0, 1.762596751954343, 4.594708949433032, 5.343480396707749, 2.3482129907655307, 4.825383249027998, 4.485832409932408, 6.249922493119414, 6.918995456711906, 5.924642366421791, 6.231684020391278, 5.170605043899601, 4.604519981496442, 4.7815353454722045, 6.0691754126899315], [2.134546738771489, 1.0979264228535537, 2.1935771903445755, 3.4512444262903204, 3.9743163147892497, 4.453396122062353, 4.739249385715, 5.904773015112436, 4.010332211924593, 2.726291484782946, 2.6754493846828797, 2.8516839463727393, 2.906073493564814, 4.332373440736614, 5.316840674686425, 5.400641778529659, 4.828208240123867, 4.302413756253576, 5.335593958501715, 2.5020914671530297, 2.4413009605536145, 3.062452515550241, 1.762596751954343, 0.0, 5.316389965004449, 4.639101934642092, 2.3811665334453194, 4.540706355843769, 4.861885303048602, 6.315588344722921, 6.478946752366467, 5.215274357116796, 5.779188176552136, 4.343900186468377, 4.733080351103286, 5.415199982456788, 6.3259593074884695], [4.345067550683188, 4.330660823708086, 3.385413562624218, 2.030015416197621, 2.424108980635978, 1.0106033148570217, 2.02287341175863, 2.455746065862674, 3.215787522520728, 3.797174936712819, 5.0155677295795735, 4.265200437259661, 5.442636387817949, 6.531932909177804, 6.4542500338923965, 6.724530536773552, 5.487648495485111, 4.29950846144068, 5.190405965818088, 4.536938925090352, 5.331941385649321, 3.6623188351098, 4.594708949433032, 5.316389965004449, 0.0, 4.025541436875293, 5.8646725040704535, 7.447409069602663, 6.827831601614087, 7.3416224106119765, 7.389519024943369, 7.381833196435693, 5.649564714205865, 5.650458959235082, 3.455222639715131, 4.989300877878583, 5.520792517383713], [4.417943496696172, 4.367860001190515, 3.3822972622169094, 3.802245469456174, 5.02853202933023, 3.212160416293059, 2.0184522634929962, 2.449605535591394, 1.0107810890593472, 2.026800547661264, 2.419464678394789, 4.225379524965775, 5.433979435919867, 6.519661919915787, 6.352317416502421, 5.703969472218448, 4.23068307132548, 4.206179203267498, 5.714071572005378, 3.7546200593402257, 5.411883326532456, 4.60553448906856, 5.343480396707749, 4.639101934642092, 4.025541436875293, 0.0, 5.891009786106284, 6.987240383012453, 7.35349556741554, 7.394026349696084, 6.317989514078033, 5.966443518546035, 4.300904074726614, 3.651247516945407, 3.7431504818802033, 6.232051027551042, 6.050196016659294], [4.109900972043, 2.6174050221545766, 2.8347294280054314, 3.8521912218891727, 3.9500719854200126, 5.113866537171263, 5.694101774643653, 6.917377093956929, 5.125091922102471, 3.8969377567520884, 4.050711810287175, 2.137158021766289, 1.0860457494967695, 2.2023793519736783, 3.5225585559362957, 4.116246846339514, 4.144363298505573, 3.4888200197201344, 3.86446361737305, 4.707168513023514, 4.42906579991763, 4.687150028535465, 2.3482129907655307, 2.3811665334453194, 5.8646725040704535, 5.891009786106284, 0.0, 2.507734345978457, 2.53218914380423, 4.344112213099473, 5.188532343543789, 4.0052257639239