{"total energy": -63.0980511, "HOMO-LUMO gap/eV": 3.340202, "electronic energy": -63.80931757, "dipole": [-1.27074533, -0.06557754, 0.63098745], "partial charges": [-0.10762196, -0.01556604, -0.06557958, -0.03280148, -0.09944225, 0.23317675, -0.37890546, -0.05096424, -0.06510125, 0.11702933, -0.46437205, -0.06550558, -0.01710039, -0.09337013, 0.283969, -0.39968785, -0.16045389, 0.28313704, -0.40070636, -0.09550876, 0.03890509, 0.03970407, 0.03838786, 0.03640669, 0.03866564, 0.04310518, 0.05870833, 0.04932863, 0.04031436, 0.04529956, 0.07052147, 0.03975728, 0.04227611, 0.02634274, 0.31270888, 0.05057138, 0.03056669, 0.07142974, 0.07294353, 0.08466092, 0.21261451, 0.0750501, 0.07710641], "atomic dipole moments": [[0.00789061, -0.10971721, 0.0028062], [0.04592507, 0.02458704, -0.09196471], [0.05965346, -0.07956805, 0.07065272], [0.02907063, 0.0232369, 0.09251647], [0.06374511, 0.05468796, -0.09106053], [0.01944044, -0.00817769, -0.03285767], [-0.05384197, 0.12114264, 0.09769935], [0.03016033, 0.0267259, -0.06778961], [-0.07205682, -0.09741023, 0.00723529], [-0.03727843, -0.12359851, 0.09951502], [-0.08438216, 0.18840116, -0.12304317], [0.03219168, -0.08021588, -0.08695885], [0.02254791, 0.12427458, -0.02710218], [-0.00860043, 0.08296859, 0.07260761], [0.02318059, 0.06210493, 0.05083123], [0.01606831, -0.06954071, 0.17311728], [-0.04279774, -0.02012897, 0.00921359], [0.00834054, 0.03129763, -0.07389394], [-0.02333916, -0.13620753, -0.12729777], [-0.01941368, 0.04319465, -0.09500005], [0.06465529, 0.05409915, 0.09456091], [-0.12008986, 0.03876159, 0.01208554], [0.04437706, 0.05082135, -0.10866903], [-0.04559776, -0.03195692, 0.11134795], [0.03678709, 0.04334045, -0.11130244], [-0.11920252, 0.03778712, 0.00666594], [-0.04921814, -0.03627557, -0.11152869], [-0.12480751, 0.02904059, -0.00227221], [0.04079457, 0.02583292, 0.11735229], [0.00777771, -0.12816356, -0.00779821], [-0.03815419, -0.04722785, 0.11919117], [0.05302236, 0.04947866, -0.10574846], [0.06182425, 0.05372364, 0.09393076], [0.03768248, 0.01379913, -0.11768724], [-0.04214728, -0.0236119, -0.06042083], [-0.04372799, -0.01318857, 0.11592495], [0.00049223, 0.12549347, -0.01692908], [-0.00432406, -0.12255645, 0.03214061], [0.11124479, -0.0710098, -0.00168816], [-0.07486316, -0.05259558, -0.09820662], [0.02221637, 0.13098981, -0.03153484], [0.11103667, -0.07134186, 0.01752087], [-0.06234942, 0.00280527, 0.11750853]], "atomic quadrupole moments": [[-0.10970014, -0.02418246, 0.23385601, 0.00878003, -0.00803373, -0.12415587], [0.07548077, -0.03190623, 0.07036846, 0.10774312, 0.07772806, -0.14584923], [-0.13885515, 0.03772115, 0.18700752, 0.12896451, 0.1106176, -0.04815237], [0.03381843, -0.06208259, 0.0999809, -0.10925261, -0.06509191, -0.13379933], [-0.03527145, 0.08477778, -0.05036456, -0.14205242, -0.1108656, 0.08563601], [-0.2598128, 0.16737566, 0.14960102, -0.1719991, -0.47496877, 0.11021178], [-0.09524924, 0.07163688, 0.03602137, -0.07069891, -0.17977126, 0.05922788], [0.05528602, -0.05678736, 0.10357809, 0.04646533, 0.12349259, -0.15886411], [0.09519732, -0.10979165, 0.15406081, -0.01126923, 0.00382701, -0.24925813], [-0.05900528, -0.02302646, 0.33158132, 0.07650932, 0.02962593, -0.27257604], [-0.08328636, -0.02213175, 0.16761703, 0.04122661, -0.04792892, -0.08433067], [0.13839904, -0.04755746, -0.07284202, 0.12315875, 0.11686108, -0.06555702], [0.06809511, -0.00041557, -0.20936556, -0.00125567, 0.1019339, 0.14127045], [-0.16413706, 0.07149235, 0.07609747, -0.13153247, -0.11994967, 0.08803959], [0.4443219, -0.19312782, -0.20644355, -0.13433131, 0.09523202, -0.23787835], [0.17793522, -0.09134213, -0.09994809, -0.0529225, 0.00906774, -0.07798713], [0.01990642, -0.02692689, -0.08493765, 0.01460573, 0.04031127, 0.06503123], [0.47192088, -0.19545864, -0.25599136, 0.05594625, -0.04916616, -0.21592952], [0.18898163, -0.08282252, -0.09020104, 0.02785614, 0.01346286, -0.09878059], [-0.11839431, 0.15825963, 0.14452914, 0.11722115, 0.05050187, -0.02613483], [-0.01219192, 0.02014794, -0.01687736, 0.05765548, 0.02689297, 0.02906928], [0.07604783, -0.02125163, -0.02478339, -0.01254899, -0.00050481, -0.05126444], [-0.03143194, 0.00884206, -0.02318579, -0.04489927, -0.02482078, 0.05461773], [-0.00776787, 0.00915234, -0.00918344, -0.01238532, -0.0186391, 0.01695131], [-0.0248431, 0.02431737, -0.00767191, -0.033175, -0.01103772, 0.03251501], [0.05320719, -0.01409159, -0.02038049, -0.01622537, 0.01239977, -0.0328267], [-0.01866997, 0.01235729, 1.132e-05, 0.01647938, 0.00890344, 0.01865865], [0.06437536, -0.03720173, -0.03452695, 0.01080981, -0.01606998, -0.02984841], [-0.0154687, 0.02886568, -0.02921207, 0.0408361, 0.03426631, 0.04468078], [-0.04540842, -0.01197957, 0.07419585, -0.01229338, 0.01704851, -0.02878744], [-0.01474335, -0.00454488, -0.01300493, -0.02288817, -0.01786398, 0.02774828], [-0.02151481, -0.00535206, -0.01935395, -0.02699449, -0.02053311, 0.04086876], [-0.00333431, 0.00153936, -0.01826422, 0.03828274, 0.02294692, 0.02159853], [-0.01923975, 0.00826772, 0.0127848, -0.00305653, -0.0145443, 0.00645495], [-0.02518035, 0.04629137, 0.00408729, 0.07105349, 0.05443907, 0.02109307], [-0.00268766, 0.00216496, -0.04246131, -0.02393694, -0.02328467, 0.04514898], [-0.01921391, 0.01342475, 0.05277562, 0.00698263, -0.0297717, -0.03356171], [-0.00300452, 0.00653591, 0.02360365, -0.00663086, -0.00749261, -0.02059913], [0.03883671, -0.0432835, -0.01789357, 0.00410316, -0.01275089, -0.02094314], [0.00631236, 0.03112401, -0.02335622, 0.03249677, 0.01204631, 0.01704386], [-0.04267801, 0.02593834, 0.02924883, 4.88e-06, -0.00706865, 0.01342918], [0.03604062, -0.03950476, 0.00012555, 0.00849331, 0.01307941, -0.03616617], [-0.00912025, 0.0134584, -0.02712103, -0.03722455, 0.01062591, 0.03624128]], "number of molecular orbitals": 103, "number of electrons": 112, "number of unpaired electrons": 0, "orbital energies/eV": [-19.74962471, -19.66584504, -19.5850683, -18.9797907, -18.60806034, -18.18064112, -18.10985285, -17.72687314, -17.7116371, -17.47554649, -17.38706823, -17.30720846, -16.87429097, -16.68371897, -16.53367841, -16.52268196, -16.19945846, -15.8640158, -15.79087944, -15.69580609, -15.57003924, -15.41131407, -15.27455068, -15.13280063, -14.93988597, -14.88563168, -14.78375906, -14.71996209, -14.42927229, -14.40323791, -14.21567065, -14.12696119, -14.10934937, -13.97444491, -13.72917873, -13.60035644, -13.49680269, -13.34851253, -13.29992408, -13.19241963, -13.02608552, -12.88799428, -12.7854554, -12.66445875, -12.65896336, -12.57581976, -12.49393136, -12.36177558, -12.24359645, -12.18254248, -12.08144316, -11.82491096, -11.41034257, -11.36791317, -11.19258003, -10.84777325, -7.50757125, -7.46908663, -5.7896421, -0.3473424, 0.25916023, 0.36938184, 1.16019651, 1.40998549, 1.50510475, 1.65611765, 1.72241309, 2.12424018, 2.35012823, 2.51927961, 2.57737263, 2.78419557, 2.82995789, 3.02273914, 3.22724028, 3.66141797, 3.97407585, 4.11211439, 4.16016142, 4.30095788, 4.38374622, 4.60879663, 4.70343458, 4.81107172, 5.11992958, 5.22737359, 5.40483475, 5.68843943, 5.80628483, 6.02800005, 6.12066204, 6.18623454, 6.59736287, 6.70750571, 6.86223133, 7.05005983, 7.61877034, 7.69767059, 7.91252507, 10.46219129, 14.25328577, 14.45718053, 16.02323536], "fractional occupation": [2.0, 2.0, 2.0, 2.0, 2.0, 2.0, 2.0, 2.0, 2.0, 2.0, 2.0, 2.0, 2.0, 2.0, 2.0, 2.0, 2.0, 2.0, 2.0, 2.0, 2.0, 2.0, 2.0, 2.0, 2.0, 2.0, 2.0, 2.0, 2.0, 2.0, 2.0, 2.0, 2.0, 2.0, 2.0, 2.0, 2.0, 2.0, 2.0, 2.0, 2.0, 2.0, 2.0, 2.0, 2.0, 2.0, 2.0, 2.0, 2.0, 2.0, 2.0, 2.0, 2.0, 2.0, 2.0, 2.0, 0.0, 0.0, 0.0, 0.0, 0.0, 0.0, 0.0, 0.0, 0.0, 0.0, 0.0, 0.0, 0.0, 0.0, 0.0, 0.0, 0.0, 0.0, 0.0, 0.0, 0.0, 0.0, 0.0, 0.0, 0.0, 0.0, 0.0, 0.0, 0.0, 0.0, 0.0, 0.0, 0.0, 0.0, 0.0, 0.0, 0.0, 0.0, 0.0, 0.0, 0.0, 0.0, 0.0, 0.0, 0.0, 0.0, 0.0], "program call": "xtb /home/svss/Project-DBcg-Debug/aqme2_20220329/End-to-End-workflows-final/example-3/QDESCP/mol_175_rdkit_conf_7/mol_175_rdkit_conf_7.xyz --pop --wbo --acc 0.2 --gfn 2 --chrg 0 --uhf 0 --etemp 300 --input /home/svss/Project-DBcg-Debug/aqme2_20220329/End-to-End-workflows-final/example-3/QDESCP/mol_175_rdkit_conf_7/mol_175_rdkit_conf_7_xtb.inp", "method": "GFN2-xTB", "xtb version": "6.3.3 (7355c4f)", "Dipole module/D": 3.61, "Total charge": 0, "Transition dipole module/D": NaN, "HOMO": -10.8478, "LUMO": -7.5076, "HOMO occupancy": 2.0, "LUMO occupancy": 0, "mulliken charges": [-0.08811, -0.01033, -0.06121, -0.03957, -0.08071, 0.38873, -0.50043, -0.07245, -0.06081, 0.2252, -0.58333, -0.06682, -0.00307, -0.0998, 0.47876, -0.52115, -0.32167, 0.47956, -0.52168, -0.10075, 0.03565, 0.03513, 0.03392, 0.02419, 0.03626, 0.03716, 0.05532, 0.04061, 0.03025, 0.04786, 0.06036, 0.03619, 0.03659, 0.02684, 0.3601, 0.04198, 0.02593, 0.05628, 0.06326, 0.07412, 0.27019, 0.06449, 0.06696], "cm5 charges": [-0.23658, -0.082, -0.16586, -0.10265, -0.22763, 0.41039, -0.5626, -0.12981, -0.16555, 0.18144, -0.78945, -0.16871, -0.06769, -0.19309, 0.56979, -0.56405, -0.66922, 0.57053, -0.56445, -0.19447, 0.08703, 0.08652, 0.08577, 0.08372, 0.09272, 0.09274, 0.11712, 0.09214, 0.08325, 0.10018, 0.12399, 0.09338, 0.09323, 0.09707, 0.54085, 0.10026, 0.08631, 0.11847, 0.12167, 0.13484, 0.47181, 0.12264, 0.1259], "FUKUI+": [0.009, 0.004, 0.007, 0.0, 0.009, -0.075, -0.12, 0.003, 0.004, 0.004, -0.009, 0.007, 0.003, 0.013, -0.049, -0.11, -0.03, -0.051, -0.117, 0.014, -0.011, -0.018, -0.009, -0.013, -0.014, -0.03, -0.029, -0.034, -0.015, -0.016, -0.042, -0.009, -0.017, -0.006, -0.005, -0.02, -0.003, -0.033, -0.045, -0.03, -0.034, -0.046, -0.037], "FUKUI-": [0.013, -0.003, 0.007, -0.014, 0.014, -0.019, -0.095, -0.015, 0.005, 0.001, -0.054, 0.006, -0.001, 0.002, -0.006, -0.073, -0.023, -0.007, -0.083, 0.001, -0.021, -0.028, -0.016, -0.021, -0.026, -0.054, -0.042, -0.043, -0.021, -0.024, -0.034, -0.023, -0.039, -0.025, -0.02, -0.023, -0.02, -0.04, -0.035, -0.016, -0.026, -0.036, -0.025], "FUKUIrad": [0.011, 0.0, 0.007, -0.007, 0.011, -0.047, -0.107, -0.006, 0.004, 0.003, -0.031, 0.007, 0.001, 0.007, -0.027, -0.092, -0.026, -0.029, -0.1, 0.008, -0.016, -0.023, -0.013, -0.017, -0.02, -0.042, -0.035, -0.038, -0.018, -0.02, -0.038, -0.016, -0.028, -0.015, -0.013, -0.022, -0.011, -0.036, -0.04, -0.023, -0.03, -0.041, -0.031], "s proportion": [1.013, 1.055, 1.039, 1.063, 1.012, 1.09, 1.741, 1.077, 1.04, 1.022, 1.71, 1.042, 1.059, 1.045, 1.008, 1.73, 1.432, 1.008, 1.73, 1.048, 0.964, 0.965, 0.966, 0.976, 0.964, 0.963, 0.945, 0.959, 0.97, 0.952, 0.94, 0.964, 0.963, 0.973, 0.64, 0.958, 0.974, 0.944, 0.937, 0.926, 0.73, 0.936, 0.933], "p proportion": [3.075, 2.956, 3.022, 2.977, 3.068, 2.521, 4.76, 2.995, 3.02, 2.753, 4.874, 3.025, 2.944, 3.054, 2.513, 4.791, 3.889, 2.512, 4.791, 3.053, 0.0, 0.0, 0.0, 0.0, 0.0, 0.0, 0.0, 0.0, 0.0, 0.0, 0.0, 0.0, 0.0, 0.0, 0.0, 0.0, 0.0, 0.0, 0.0, 0.0, 0.0, 0.0, 0.0], "d proportion": [0.0, 0.0, 0.0, 0.0, 0.0, 0.0, 0.0, 0.0, 0.0, 0.0, 0.0, 0.0, 0.0, 0.0, 0.0, 0.0, 0.0, 0.0, 0.0, 0.0, 0.0, 0.0, 0.0, 0.0, 0.0, 0.0, 0.0, 0.0, 0.0, 0.0, 0.0, 0.0, 0.0, 0.0, 0.0, 0.0, 0.0, 0.0, 0.0, 0.0, 0.0, 0.0, 0.0], "Fermi-level/eV": -9.1777, "Coordination numbers": [3.752, 3.85, 3.808, 3.852, 3.753, 2.82, 0.856, 3.849, 3.807, 3.723, 1.651, 3.798, 3.852, 3.808, 2.753, 0.858, 2.69, 2.752, 0.858, 3.808, 0.924, 0.924, 0.924, 0.924, 0.923, 0.924, 0.924, 0.924, 0.924, 0.924, 0.924, 0.923, 0.924, 0.924, 0.803, 0.923, 0.924, 0.924, 0.924, 0.924, 0.86, 0.924, 0.924], "Dispersion coefficient C6": [22.617, 20.818, 21.751, 21.123, 22.458, 23.12, 21.264, 21.453, 21.743, 18.769, 22.141, 21.759, 20.844, 22.274, 22.19, 21.674, 24.471, 22.205, 21.695, 22.315, 2.464, 2.453, 2.471, 2.497, 2.467, 2.408, 2.214, 2.328, 2.445, 2.38, 2.08, 2.452, 2.419, 2.639, 0.684, 2.313, 2.579, 2.07, 2.054, 1.932, 1.044, 2.031, 2.009], "Total dispersion C6": 16110.14795, "Total dispersion C8": 358577.395066, "Polarizability alpha": [6.782, 6.49, 6.639, 6.537, 6.758, 7.879, 6.183, 6.588, 6.638, 6.187, 6.352, 6.642, 6.494, 6.718, 7.714, 6.242, 7.347, 7.716, 6.245, 6.724, 2.455, 2.449, 2.458, 2.471, 2.456, 2.427, 2.327, 2.386, 2.445, 2.412, 2.255, 2.449, 2.432, 2.541, 1.3, 2.378, 2.511, 2.25, 2.241, 2.174, 1.6, 2.229, 2.217], "Total polarizability alpha": 187.736628, "Wiberg matrix": [[0.0, 1.0069730106975312, 0.0, 0.0, 0.0, 0.0, 0.0, 0.0, 0.0, 0.0, 0.0, 0.0, 0.0, 0.0, 0.0, 0.0, 0.0, 0.0, 0.0, 0.0, 0.9858906850910729, 0.9857642535744398, 0.9862778072673675, 0.0, 0.0, 0.0, 0.0, 0.0, 0.0, 0.0, 0.0, 0.0, 0.0, 0.0, 0.0, 0.0, 0.0, 0.0, 0.0, 0.0, 0.0, 0.0, 0.0], [1.0069730106975312, 0.0, 0.9982203410688463, 0.0, 0.0, 0.0, 0.0, 0.0, 0.9954896889062231, 0.0, 0.0, 0.0, 0.0, 0.0, 0.0, 0.0, 0.0, 0.0, 0.0, 0.0, 0.0, 0.0, 0.0, 0.966146958210611, 0.0, 0.0, 0.0, 0.0, 0.0, 0.0, 0.0, 0.0, 0.0, 0.0, 0.0, 0.0, 0.0, 0.0, 0.0, 0.0, 0.0, 0.0, 0.0], [0.0, 0.9982203410688463, 0.0, 0.9853254864287678, 0.0, 0.0, 0.0, 0.0, 0.0, 0.0, 0.0, 0.0, 0.0, 0.0, 0.0, 0.0, 0.0, 0.0, 0.0, 0.0, 0.0, 0.0, 0.0, 0.0, 0.9758040728174395, 0.9727362478169927, 0.0, 0.0, 0.0, 0.0, 0.0, 0.0, 0.0, 0.0, 0.0, 0.0, 0.0, 0.0, 0.0, 0.0, 0.0, 0.0, 0.0], [0.0, 0.0, 0.9853254864287678, 0.0, 0.9832711148508149, 0.9810121915436097, 0.0, 0.0, 0.0, 0.0, 0.0, 0.0, 0.0, 0.0, 0.0, 0.0, 0.0, 0.0, 0.0, 0.0, 0.0, 0.0, 0.0, 0.0, 0.0, 0.0, 0.9614186732846745, 0.0, 0.0, 0.0, 0.0, 0.0, 0.0, 0.0, 0.0, 0.0, 0.0, 0.0, 0.0, 0.0, 0.0, 0.0, 0.0], [0.0, 0.0, 0.0, 0.9832711148508149, 0.0, 0.0, 0.0, 0.0, 0.0, 0.0, 0.0, 0.0, 0.0, 0.0, 0.0, 0.0, 0.0, 0.0, 0.0, 0.0, 0.0, 0.0, 0.0, 0.0, 0.0, 0.0, 0.0, 0.9812145777342848, 0.9830141859152159, 0.9855691763133108, 0.0, 0.0, 0.0, 0.0, 0.0, 0.0, 0.0, 0.0, 0.0, 0.0, 0.0, 0.0, 0.0], [0.0, 0.0, 0.0, 0.9810121915436097, 0.0, 0.0, 1.8355813578536082, 0.9822398703744832, 0.0, 0.0, 0.0, 0.0, 0.0, 0.0, 0.0, 0.0, 0.0, 0.0, 0.0, 0.0, 0.0, 0.0, 0.0, 0.0, 0.0, 0.0, 0.0, 0.0, 0.0, 0.0, 0.0, 0.0, 0.0, 0.0, 0.0, 0.0, 0.0, 0.0, 0.0, 0.0, 0.0, 0.0, 0.0], [0.0, 0.0, 0.0, 0.0, 0.0, 1.8355813578536082, 0.0, 0.0, 0.0, 0.0, 0.0, 0.0, 0.0, 0.0, 0.0, 0.0, 0.0, 0.0, 0.0, 0.0, 0.0, 0.0, 0.0, 0.0, 0.0, 0.0, 0.0, 0.0, 0.0, 0.0, 0.0, 0.0, 0.0, 0.0, 0.0, 0.0, 0.0, 0.0, 0.0, 0.0, 0.0, 0.0, 0.0], [0.0, 0.0, 0.0, 0.0, 0.0, 0.9822398703744832, 0.0, 0.0, 0.9810961685687565, 0.9702193220635419, 0.0, 0.0, 0.0, 0.0, 0.0, 0.0, 0.0, 0.0, 0.0, 0.0, 0.0, 0.0, 0.0, 0.0, 0.0, 0.0, 0.0, 0.0, 0.0, 0.0, 0.9322988059001088, 0.0, 0.0, 0.0, 0.0, 0.0, 0.0, 0.0, 0.0, 0.0, 0.0, 0.0, 0.0], [0.0, 0.9954896889062231, 0.0, 0.0, 0.0, 0.0, 0.0, 0.9810961685687565, 0.0, 0.0, 0.0, 0.0, 0.0, 0.0, 0.0, 0.0, 0.0, 0.0, 0.0, 0.0, 0.0, 0.0, 0.0, 0.0, 0.0, 0.0, 0.0, 0.0, 0.0, 0.0, 0.0, 0.9755013861814665, 0.9718660614408883, 0.0, 0.0, 0.0, 0.0, 0.0, 0.0, 0.0, 0.0, 0.0, 0.0], [0.0, 0.0, 0.0, 0.0, 0.0, 0.0, 0.0, 0.9702193220635419, 0.0, 0.0, 0.9936452089137493, 0.9926608700004789, 0.0, 0.0, 0.0, 0.0, 0.0, 0.0, 0.0, 0.0, 0.0, 0.0, 0.0, 0.0, 0.0, 0.0, 0.0, 0.0, 0.0, 0.0, 0.0, 0.0, 0.0, 0.9613732004999751, 0.0, 0.0, 0.0, 0.0, 0.0, 0.0, 0.0, 0.0, 0.0], [0.0, 0.0, 0.0, 0.0, 0.0, 0.0, 0.0, 0.0, 0.0, 0.9936452089137493, 0.0, 0.0, 0.0, 0.0, 0.0, 0.0, 0.0, 0.0, 0.0, 0.0, 0.0, 0.0, 0.0, 0.0, 0.0, 0.0, 0.0, 0.0, 0.0, 0.0, 0.0, 0.0, 0.0, 0.0, 0.8642408792921848, 0.0, 0.0, 0.0, 0.0, 0.0, 0.0, 0.0, 0.0], [0.0, 0.0, 0.0, 0.0, 0.0, 0.0, 0.0, 0.0, 0.0, 0.9926608700004789, 0.0, 0.0, 0.9929186175653067, 0.0, 0.0, 0.0, 0.0, 0.0, 0.0, 0.0, 0.0, 0.0, 0.0, 0.0, 0.0, 0.0, 0.0, 0.0, 0.0, 0.0, 0.0, 0.0, 0.0, 0.0, 0.0, 0.9737029400099813, 0.9736806870963585, 0.0, 0.0, 0.0, 0.0, 0.0, 0.0], [0.0, 0.0, 0.0, 0.0, 0.0, 0.0, 0.0, 0.0, 0.0, 0.0, 0.0, 0.9929186175653067, 0.0, 0.9904543650502446, 0.0, 0.0, 0.0, 0.0, 0.0, 0.9900026338214929, 0.0, 0.0, 0.0, 0.0, 0.0, 0.0, 0.0, 0.0, 0.0, 0.0, 0.0, 0.0, 0.0, 0.0, 0.0, 0.0, 0.0, 0.9631415138357693, 0.0, 0.0, 0.0, 0.0, 0.0], [0.0, 0.0, 0.0, 0.0, 0.0, 0.0, 0.0, 0.0, 0.0, 0.0, 0.0, 0.0, 0.9904543650502446, 0.0, 0.9861492121277015, 0.0, 0.0, 0.0, 0.0, 0.0, 0.0, 0.0, 0.0, 0.0, 0.0, 0.0, 0.0, 0.0, 0.0, 0.0, 0.0, 0.0, 0.0, 0.0, 0.0, 0.0, 0.0, 0.0, 0.942897166194476, 0.9630319372998065, 0.0, 0.0, 0.0], [0.0, 0.0, 0.0, 0.0, 0.0, 0.0, 0.0, 0.0, 0.0, 0.0, 0.0, 0.0, 0.0, 0.9861492121277015, 0.0, 1.7438669615704032, 1.1428567280775044, 0.0, 0.0, 0.0, 0.0, 0.0, 0.0, 0.0, 0.0, 0.0, 0.0, 0.0, 0.0, 0.0, 0.0, 0.0, 0.0, 0.0, 0.0, 0.0, 0.0, 0.0, 0.0, 0.0, 0.0, 0.0, 0.0], [0.0, 0.0, 0.0, 0.0, 0.0, 0.0, 0.0, 0.0, 0.0, 0.0, 0.0, 0.0, 0.0, 0.0, 1.7438669615704032, 0.0, 0.12988906946547382, 0.0, 0.0, 0.0, 0.0, 0.0, 0.0, 0.0, 0.0, 0.0, 0.0, 0.0, 0.0, 0.0, 0.0, 0.0, 0.0, 0.0, 0.0, 0.0, 0.0, 0.0, 0.0, 0.0, 0.0, 0.0, 0.0], [0.0, 0.0, 0.0, 0.0, 0.0, 0.0, 0.0, 0.0, 0.0, 0.0, 0.0, 0.0, 0.0, 0.0, 1.1428567280775044, 0.12988906946547382, 0.0, 1.1475318865089004, 0.1320267400838918, 0.0, 0.0, 0.0, 0.0, 0.0, 0.0, 0.0, 0.0, 0.0, 0.0, 0.0, 0.0, 0.0, 0.0, 0.0, 0.0, 0.0, 0.0, 0.0, 0.0, 0.0, 0.9167003953246082, 0.0, 0.0], [0.0, 0.0, 0.0, 0.0, 0.0, 0.0, 0.0, 0.0, 0.0, 0.0, 0.0, 0.0, 0.0, 0.0, 0.0, 0.0, 1.1475318865089004, 0.0, 1.7416055105349268, 0.9848027050851303, 0.0, 0.0, 0.0, 0.0, 0.0, 0.0, 0.0, 0.0, 0.0, 0.0, 0.0, 0.0, 0.0, 0.0, 0.0, 0.0, 0.0, 0.0, 0.0, 0.0, 0.0, 0.0, 0.0], [0.0, 0.0, 0.0, 0.0, 0.0, 0.0, 0.0, 0.0, 0.0, 0.0, 0.0, 0.0, 0.0, 0.0, 0.0, 0.0, 0.1320267400838918, 1.7416055105349268, 0.0, 0.0, 0.0, 0.0, 0.0, 0.0, 0.0, 0.0, 0.0, 0.0, 0.0, 0.0, 0.0, 0.0, 0.0, 0.0, 0.0, 0.0, 0.0, 0.0, 0.0, 0.0, 0.0, 0.0, 0.0], [0.0, 0.0, 0.0, 0.0, 0.0, 0.0, 0.0, 0.0, 0.0, 0.0, 0.0, 0.0, 0.9900026338214929, 0.0, 0.0, 0.0, 0.0, 0.9848027050851303, 0.0, 0.0, 0.0, 0.0, 0.0, 0.0, 0.0, 0.0, 0.0, 0.0, 0.0, 0.0, 0.0, 0.0, 0.0, 0.0, 0.0, 0.0, 0.0, 0.0, 0.0, 0.0, 0.0, 0.9434579624378701, 0.9654137456294744], [0.9858906850910729, 0.0, 0.0, 0.0, 0.0, 0.0, 0.0, 0.0, 0.0, 0.0, 0.0, 0.0, 0.0, 0.0, 0.0, 0.0, 0.0, 0.0, 0.0, 0.0, 0.0, 0.0, 0.0, 0.0, 0.0, 0.0, 0.0, 0.0, 0.0, 0.0, 0.0, 0.0, 0.0, 0.0, 0.0, 0.0, 0.0, 0.0, 0.0, 0.0, 0.0, 0.0, 0.0], [0.9857642535744398, 0.0, 0.0, 0.0, 0.0, 0.0, 0.0, 0.0, 0.0, 0.0, 0.0, 0.0, 0.0, 0.0, 0.0, 0.0, 0.0, 0.0, 0.0, 0.0, 0.0, 0.0, 0.0, 0.0, 0.0, 0.0, 0.0, 0.0, 0.0, 0.0, 0.0, 0.0, 0.0, 0.0, 0.0, 0.0, 0.0, 0.0, 0.0, 0.0, 0.0, 0.0, 0.0], [0.9862778072673675, 0.0, 0.0, 0.0, 0.0, 0.0, 0.0, 0.0, 0.0, 0.0, 0.0, 0.0, 0.0, 0.0, 0.0, 0.0, 0.0, 0.0, 0.0, 0.0, 0.0, 0.0, 0.0, 0.0, 0.0, 0.0, 0.0, 0.0, 0.0, 0.0, 0.0, 0.0, 0.0, 0.0, 0.0, 0.0, 0.0, 0.0, 0.0, 0.0, 0.0, 0.0, 0.0], [0.0, 0.966146958210611, 0.0, 0.0, 0.0, 0.0, 0.0, 0.0, 0.0, 0.0, 0.0, 0.0, 0.0, 0.0, 0.0, 0.0, 0.0, 0.0, 0.0, 0.0, 0.0, 0.0, 0.0, 0.0, 0.0, 0.0, 0.0, 0.0, 0.0, 0.0, 0.0, 0.0, 0.0, 0.0, 0.0, 0.0, 0.0, 0.0, 0.0, 0.0, 0.0, 0.0, 0.0], [0.0, 0.0, 0.9758040728174395, 0.0, 0.0, 0.0, 0.0, 0.0, 0.0, 0.0, 0.0, 0.0, 0.0, 0.0, 0.0, 0.0, 0.0, 0.0, 0.0, 0.0, 0.0, 0.0, 0.0, 0.0, 0.0, 0.0, 0.0, 0.0, 0.0, 0.0, 0.0, 0.0, 0.0, 0.0, 0.0, 0.0, 0.0, 0.0, 0.0, 0.0, 0.0, 0.0, 0.0], [0.0, 0.0, 0.9727362478169927, 0.0, 0.0, 0.0, 0.0, 0.0, 0.0, 0.0, 0.0, 0.0, 0.0, 0.0, 0.0, 0.0, 0.0, 0.0, 0.0, 0.0, 0.0, 0.0, 0.0, 0.0, 0.0, 0.0, 0.0, 0.0, 0.0, 0.0, 0.0, 0.0, 0.0, 0.0, 0.0, 0.0, 0.0, 0.0, 0.0, 0.0, 0.0, 0.0, 0.0], [0.0, 0.0, 0.0, 0.9614186732846745, 0.0, 0.0, 0.0, 0.0, 0.0, 0.0, 0.0, 0.0, 0.0, 0.0, 0.0, 0.0, 0.0, 0.0, 0.0, 0.0, 0.0, 0.0, 0.0, 0.0, 0.0, 0.0, 0.0, 0.0, 0.0, 0.0, 0.0, 0.0, 0.0, 0.0, 0.0, 0.0, 0.0, 0.0, 0.0, 0.0, 0.0, 0.0, 0.0], [0.0, 0.0, 0.0, 0.0, 0.9812145777342848, 0.0, 0.0, 0.0, 0.0, 0.0, 0.0, 0.0, 0.0, 0.0, 0.0, 0.0, 0.0, 0.0, 0.0, 0.0, 0.0, 0.0, 0.0, 0.0, 0.0, 0.0, 0.0, 0.0, 0.0, 0.0, 0.0, 0.0, 0.0, 0.0, 0.0, 0.0, 0.0, 0.0, 0.0, 0.0, 0.0, 0.0, 0.0], [0.0, 0.0, 0.0, 0.0, 0.9830141859152159, 0.0, 0.0, 0.0, 0.0, 0.0, 0.0, 0.0, 0.0, 0.0, 0.0, 0.0, 0.0, 0.0, 0.0, 0.0, 0.0, 0.0, 0.0, 0.0, 0.0, 0.0, 0.0, 0.0, 0.0, 0.0, 0.0, 0.0, 0.0, 0.0, 0.0, 0.0, 0.0, 0.0, 0.0, 0.0, 0.0, 0.0, 0.0], [0.0, 0.0, 0.0, 0.0, 0.9855691763133108, 0.0, 0.0, 0.0, 0.0, 0.0, 0.0, 0.0, 0.0, 0.0, 0.0, 0.0, 0.0, 0.0, 0.0, 0.0, 0.0, 0.0, 0.0, 0.0, 0.0, 0.0, 0.0, 0.0, 0.0, 0.0, 0.0, 0.0, 0.0, 0.0, 0.0, 0.0, 0.0, 0.0, 0.0, 0.0, 0.0, 0.0, 0.0], [0.0, 0.0, 0.0, 0.0, 0.0, 0.0, 0.0, 0.9322988059001088, 0.0, 0.0, 0.0, 0.0, 0.0, 0.0, 0.0, 0.0, 0.0, 0.0, 0.0, 0.0, 0.0, 0.0, 0.0, 0.0, 0.0, 0.0, 0.0, 0.0, 0.0, 0.0, 0.0, 0.0, 0.0, 0.0, 0.0, 0.0, 0.0, 0.0, 0.0, 0.0, 0.0, 0.0, 0.0], [0.0, 0.0, 0.0, 0.0, 0.0, 0.0, 0.0, 0.0, 0.9755013861814665, 0.0, 0.0, 0.0, 0.0, 0.0, 0.0, 0.0, 0.0, 0.0, 0.0, 0.0, 0.0, 0.0, 0.0, 0.0, 0.0, 0.0, 0.0, 0.0, 0.0, 0.0, 0.0, 0.0, 0.0, 0.0, 0.0, 0.0, 0.0, 0.0, 0.0, 0.0, 0.0, 0.0, 0.0], [0.0, 0.0, 0.0, 0.0, 0.0, 0.0, 0.0, 0.0, 0.9718660614408883, 0.0, 0.0, 0.0, 0.0, 0.0, 0.0, 0.0, 0.0, 0.0, 0.0, 0.0, 0.0, 0.0, 0.0, 0.0, 0.0, 0.0, 0.0, 0.0, 0.0, 0.0, 0.0, 0.0, 0.0, 0.0, 0.0, 0.0, 0.0, 0.0, 0.0, 0.0, 0.0, 0.0, 0.0], [0.0, 0.0, 0.0, 0.0, 0.0, 0.0, 0.0, 0.0, 0.0, 0.9613732004999751, 0.0, 0.0, 0.0, 0.0, 0.0, 0.0, 0.0, 0.0, 0.0, 0.0, 0.0, 0.0, 0.0, 0.0, 0.0, 0.0, 0.0, 0.0, 0.0, 0.0, 0.0, 0.0, 0.0, 0.0, 0.0, 0.0, 0.0, 0.0, 0.0, 0.0, 0.0, 0.0, 0.0], [0.0, 0.0, 0.0, 0.0, 0.0, 0.0, 0.0, 0.0, 0.0, 0.0, 0.8642408792921848, 0.0, 0.0, 0.0, 0.0, 0.0, 0.0, 0.0, 0.0, 0.0, 0.0, 0.0, 0.0, 0.0, 0.0, 0.0, 0.0, 0.0, 0.0, 0.0, 0.0, 0.0, 0.0, 0.0, 0.0, 0.0, 0.0, 0.0, 0.0, 0.0, 0.0, 0.0, 0.0], [0.0, 0.0, 0.0, 0.0, 0.0, 0.0, 0.0, 0.0, 0.0, 0.0, 0.0, 0.9737029400099813, 0.0, 0.0, 0.0, 0.0, 0.0, 0.0, 0.0, 0.0, 0.0, 0.0, 0.0, 0.0, 0.0, 0.0, 0.0, 0.0, 0.0, 0.0, 0.0, 0.0, 0.0, 0.0, 0.0, 0.0, 0.0, 0.0, 0.0, 0.0, 0.0, 0.0, 0.0], [0.0, 0.0, 0.0, 0.0, 0.0, 0.0, 0.0, 0.0, 0.0, 0.0, 0.0, 0.9736806870963585, 0.0, 0.0, 0.0, 0.0, 0.0, 0.0, 0.0, 0.0, 0.0, 0.0, 0.0, 0.0, 0.0, 0.0, 0.0, 0.0, 0.0, 0.0, 0.0, 0.0, 0.0, 0.0, 0.0, 0.0, 0.0, 0.0, 0.0, 0.0, 0.0, 0.0, 0.0], [0.0, 0.0, 0.0, 0.0, 0.0, 0.0, 0.0, 0.0, 0.0, 0.0, 0.0, 0.0, 0.9631415138357693, 0.0, 0.0, 0.0, 0.0, 0.0, 0.0, 0.0, 0.0, 0.0, 0.0, 0.0, 0.0, 0.0, 0.0, 0.0, 0.0, 0.0, 0.0, 0.0, 0.0, 0.0, 0.0, 0.0, 0.0, 0.0, 0.0, 0.0, 0.0, 0.0, 0.0], [0.0, 0.0, 0.0, 0.0, 0.0, 0.0, 0.0, 0.0, 0.0, 0.0, 0.0, 0.0, 0.0, 0.942897166194476, 0.0, 0.0, 0.0, 0.0, 0.0, 0.0, 0.0, 0.0, 0.0, 0.0, 0.0, 0.0, 0.0, 0.0, 0.0, 0.0, 0.0, 0.0, 0.0, 0.0, 0.0, 0.0, 0.0, 0.0, 0.0, 0.0, 0.0, 0.0, 0.0], [0.0, 0.0, 0.0, 0.0, 0.0, 0.0, 0.0, 0.0, 0.0, 0.0, 0.0, 0.0, 0.0, 0.9630319372998065, 0.0, 0.0, 0.0, 0.0, 0.0, 0.0, 0.0, 0.0, 0.0, 0.0, 0.0, 0.0, 0.0, 0.0, 0.0, 0.0, 0.0, 0.0, 0.0, 0.0, 0.0, 0.0, 0.0, 0.0, 0.0, 0.0, 0.0, 0.0, 0.0], [0.0, 0.0, 0.0, 0.0, 0.0, 0.0, 0.0, 0.0, 0.0, 0.0, 0.0, 0.0, 0.0, 0.0, 0.0, 0.0, 0.9167003953246082, 0.0, 0.0, 0.0, 0.0, 0.0, 0.0, 0.0, 0.0, 0.0, 0.0, 0.0, 0.0, 0.0, 0.0, 0.0, 0.0, 0.0, 0.0, 0.0, 0.0, 0.0, 0.0, 0.0, 0.0, 0.0, 0.0], [0.0, 0.0, 0.0, 0.0, 0.0, 0.0, 0.0, 0.0, 0.0, 0.0, 0.0, 0.0, 0.0, 0.0, 0.0, 0.0, 0.0, 0.0, 0.0, 0.9434579624378701, 0.0, 0.0, 0.0, 0.0, 0.0, 0.0, 0.0, 0.0, 0.0, 0.0, 0.0, 0.0, 0.0, 0.0, 0.0, 0.0, 0.0, 0.0, 0.0, 0.0, 0.0, 0.0, 0.0], [0.0, 0.0, 0.0, 0.0, 0.0, 0.0, 0.0, 0.0, 0.0, 0.0, 0.0, 0.0, 0.0, 0.0, 0.0, 0.0, 0.0, 0.0, 0.0, 0.9654137456294744, 0.0, 0.0, 0.0, 0.0, 0.0, 0.0, 0.0, 0.0, 0.0, 0.0, 0.0, 0.0, 0.0, 0.0, 0.0, 0.0, 0.0, 0.0, 0.0, 0.0, 0.0, 0.0, 0.0]], "Born radii": [], "Atomic SASAs": [], "Solvent H bonds": [], "Total SASA": NaN, "Total FOD": 0.0, "FOD": [0.0, 0.0, 0.0, 0.0, 0.0, 0.0, 0.0, 0.0, 0.0, 0.0, 0.0, 0.0, 0.0, 0.0, 0.0, 0.0, 0.0, 0.0, 0.0, 0.0, 0.0, 0.0, 0.0, 0.0, 0.0, 0.0, 0.0, 0.0, 0.0, 0.0, 0.0, 0.0, 0.0, 0.0, 0.0, 0.0, 0.0, 0.0, 0.0, 0.0, 0.0, 0.0, 0.0], "FOD s proportion": [0.0, 0.0, 0.0, 0.0, 0.0, 0.0, 0.0, 0.0, 0.0, 0.0, 0.0, 0.0, 0.0, 0.0, 0.0, 0.0, 0.0, 0.0, 0.0, 0.0, 0.0, 0.0, 0.0, 0.0, 0.0, 0.0, 0.0, 0.0, 0.0, 0.0, 0.0, 0.0, 0.0, 0.0, 0.0, 0.0, 0.0, 0.0, 0.0, 0.0, 0.0, 0.0, 0.0], "FOD p proportion": [0.0, 0.0, 0.0, 0.0, 0.0, 0.0, 0.0, 0.0, 0.0, 0.0, 0.0, 0.0, 0.0, 0.0, 0.0, 0.0, 0.0, 0.0, 0.0, 0.0, 0.0, 0.0, 0.0, 0.0, 0.0, 0.0, 0.0, 0.0, 0.0, 0.0, 0.0, 0.0, 0.0, 0.0, 0.0, 0.0, 0.0, 0.0, 0.0, 0.0, 0.0, 0.0, 0.0], "FOD d proportion": [0.0, 0.0, 0.0, 0.0, 0.0, 0.0, 0.0, 0.0, 0.0, 0.0, 0.0, 0.0, 0.0, 0.0, 0.0, 0.0, 0.0, 0.0, 0.0, 0.0, 0.0, 0.0, 0.0, 0.0, 0.0, 0.0, 0.0, 0.0, 0.0, 0.0, 0.0, 0.0, 0.0, 0.0, 0.0, 0.0, 0.0, 0.0, 0.0, 0.0, 0.0, 0.0, 0.0], "coordinates": [["-2.71690", "2.87390", "-0.00300"], ["-2.60860", "1.34930", "0.04090"], ["-3.43390", "0.72170", "-1.08830"], ["-3.34050", "-0.80410", "-1.11990"], ["-4.11830", "-1.47610", "0.00690"], ["-1.88700", "-1.24630", "-1.08520"], ["-1.49300", "-2.15710", "-1.81870"], ["-0.97790", "-0.61330", "-0.02940"], ["-1.14050", "0.91180", "-0.06640"], ["0.48540", "-1.06310", "-0.25560"], ["0.57150", "-2.48060", "-0.08430"], ["1.48040", "-0.42210", "0.72910"], ["2.90840", "-1.02570", "0.69670"], ["3.59430", "-0.91940", "-0.66540"], ["3.92130", "0.51320", "-1.00840"], ["3.83480", "0.95800", "-2.14900"], ["4.34490", "1.30080", "0.03120"], ["4.18110", "1.04800", "1.36880"], ["4.35320", "1.92970", "2.20560"], ["3.80820", "-0.36660", "1.74680"], ["-2.14900", "3.32700", "0.81640"], ["-3.76010", "3.19160", "0.09710"], ["-2.32930", "3.27500", "-0.94570"], ["-3.00590", "1.01690", "1.00790"], ["-3.07510", "1.11310", "-2.05010"], ["-4.48390", "1.02770", "-1.00130"], ["-3.76350", "-1.14390", "-2.07410"], ["-5.17730", "-1.20160", "-0.03540"], ["-3.73650", "-1.20360", "0.99560"], ["-4.04900", "-2.56650", "-0.07600"], ["-1.31820", "-1.00140", "0.93940"], ["-0.70770", "1.30540", "-0.99590"], ["-0.58550", "1.36560", "0.76270"], ["0.78920", "-0.83330", "-1.28370"], ["0.02550", "-2.87380", "-0.80010"], ["1.09140", "-0.55350", "1.74790"], ["1.52940", "0.65670", "0.54650"], ["2.83180", "-2.08920", "0.95680"], ["4.53800", "-1.47850", "-0.66050"], ["2.97360", "-1.34470", "-1.45950"], ["4.54860", "2.26210", "-0.20580"], ["4.74000", "-0.93310", "1.86180"], ["3.30660", "-0.34970", "2.72090"]], "bond_dist": [[0.0, 1.5290720257724943, 2.5147425176347573, 3.8941015099763385, 4.570177236169292, 4.340039042451116, 5.486862372977838, 3.8968425423668323, 2.517715815972883, 5.081190908635493, 6.284174925954877, 5.386734975845758, 6.8804404175895595, 7.393182270849271, 7.11684149675964, 7.155470753206948, 7.234972874171679, 7.266233553224119, 7.466976738279021, 7.492634403198918, 1.095091950477219, 1.0950888274473447, 1.095353029849281, 2.1339842572052867, 2.7238469652313433, 2.7436009786410267, 4.63977840095839, 4.760705637823032, 4.320045412955748, 5.601586522584473, 4.226396756103242, 2.7354939773284093, 2.7210533511858968, 5.260823275876125, 6.418113543713605, 5.414413214744512, 4.821720624424438, 7.50610746925462, 8.485827362137412, 7.231857884389045, 7.294032994852711, 8.577650357178241, 7.354847409701986], [1.5290720257724943, 0.0, 1.533001790605608, 2.55348111604531, 3.2036284506790107, 2.919922452737401, 4.1228044435796365, 2.5526306705044504, 1.5356552835841772, 3.934516744150417, 4.9796430655218655, 4.5090351739590595, 6.042184012424646, 6.642426348105036, 6.666309902037258, 6.8166106871377075, 6.953675904872185, 6.924891781825908, 7.313648165587405, 6.857822530512145, 2.1734603055956647, 2.1732878272331995, 2.1816756266686395, 1.0970077711666404, 2.155387132280417, 2.169414089103323, 3.4674291989887838, 3.6209297411024144, 2.9497303114013658, 4.173955846675908, 2.8281133110255676, 2.16571056699643, 2.148067629289171, 4.250100323521787, 5.047805208206831, 4.497165422796898, 4.225916482847241, 6.500777431969195, 7.717661974976618, 6.377287275950488, 7.2193889332823735, 7.907398341426844, 6.712569704666016], [2.5147425176347573, 1.533001790605608, 0.0, 1.528982589828936, 2.5491550050948257, 2.5031846156446393, 3.5479665175984962, 2.989218996661168, 2.5179557541783772, 4.386321103156949, 5.225511501279085, 5.362981045090501, 6.816480107064056, 7.229636841501792, 7.35858840403511, 7.3494844628722085, 7.880251677452948, 8.00824806683709, 8.540958237809152, 7.853037712248681, 3.473677905333193, 2.7589827128853126, 2.785644774553999, 2.1597179167659837, 1.0986312575200106, 1.0971349051051107, 2.1356266434000117, 2.8012720074994504, 2.853241325229957, 3.4950477164124667, 3.399533407689944, 2.7895178597743375, 3.4574833000319756, 4.504528806656696, 4.9978123063996716, 5.490765481242119, 5.226006403555205, 7.165374331463779, 8.281007335463482, 6.742688977700217, 8.17752680582583, 8.846134424707778, 7.816152688503468], [3.8941015099763385, 2.55348111604531, 1.528982589828936, 0.0, 1.525200013113034, 1.5196733793812407, 2.3941985485752846, 2.609113575527137, 2.982310356083015, 3.9308531262309963, 4.380281224990012, 5.177431970581554, 6.511366471793766, 6.950634171066695, 7.381155111498471, 7.459823946314015, 8.051149506747468, 8.136237991848565, 8.816214175030005, 7.714485519462721, 4.715391516088563, 4.197948504924757, 4.206177348852519, 2.820555087212444, 2.1474089130857217, 2.1626189585777706, 1.0976751249800645, 2.1697881786017725, 2.1890081087104267, 2.167430095758569, 2.892981346293128, 3.3759446218799263, 3.980176610403111, 4.133050346898765, 3.9643266931472745, 5.284771973321082, 5.350397331974515, 6.637880097591399, 7.920645552604914, 6.346293038459539, 8.51322853328865, 8.614038317769431, 7.690394164800658], [4.570177236169292, 3.2036284506790107, 2.5491550050948257, 1.525200013113034, 0.0, 2.4948326877768774, 3.2693694269690594, 3.2569700167486952, 3.8176867524719724, 4.629635940330514, 4.797036765545997, 5.742641424466618, 7.074828414173732, 7.761836183532863, 8.344058768968493, 8.592121229940833, 8.907161070734041, 8.780996115475737, 9.391489103438282, 8.190704762717308, 5.253874984237824, 4.682292875290908, 5.165357583943245, 2.9076594986345974, 3.4674878341531348, 2.723810757009378, 2.137007459041732, 1.0948152994911975, 1.094328643507059, 1.0957404163395634, 2.989223369037516, 4.513816838330948, 4.59642995921835, 5.1149190071789015, 4.4470094142018635, 5.569851510588052, 6.061065854286686, 7.041455221046285, 8.681990452079523, 7.243109865934659, 9.441108840597062, 9.066696305711359, 7.985218404652436], [4.340039042451116, 2.919922452737401, 2.5031846156446393, 1.5196733793812407, 2.4948326877768774, 0.0, 1.2340238611955605, 1.530315474011813, 2.5005222054602916, 2.5199365388834694, 2.92737417321394, 3.9128471590390546, 5.120516881136123, 5.507063222807597, 6.069438802723033, 6.223311350880655, 6.824268823837466, 6.935976218240659, 7.736694169992763, 6.421012313490762, 4.959818489622377, 4.959969083573002, 4.545024007637363, 3.2794937200732672, 2.8123623486314844, 3.452825628380327, 2.123596294025774, 3.4540052431923147, 2.7842776765258166, 2.726840053981898, 2.1171949862967274, 2.8124537098412836, 3.4540784979499235, 2.7151459795009183, 2.527388871938784, 4.168608162204742, 4.237409922346433, 5.210308805627551, 6.443206649642708, 4.8759835325808885, 7.382354792340992, 7.2594787856980485, 6.501059123712074], [5.486862372977838, 4.1228044435796365, 3.5479665175984962, 2.3941985485752846, 3.2693694269690594, 1.2340238611955605, 0.0, 2.418727132191641, 3.5514727578851, 2.7484876150348576, 2.715686995955167, 4.2828282010839525, 5.194191475099854, 5.361214738284599, 6.091119163996055, 6.180485332075468, 7.032800212575357, 7.2545318987512895, 8.189931572974222, 6.634862616512869, 6.119594824822964, 6.117076404623372, 5.565001087151736, 4.511408867526861, 3.64016406361032, 4.444837073504495, 2.499394656711901, 4.203237517676106, 3.7232699324652785, 3.120536436255792, 2.9955488879335617, 3.6445304471220976, 4.460560222662619, 2.6920453710886822, 1.9639366333973205, 4.687354464940752, 4.758838433903803, 5.139251472734138, 6.1785828634080815, 4.554067847540262, 7.657134294891269, 7.341290434930361, 6.849147617039656], [3.8968425423668323, 2.5526306705044504, 2.989218996661168, 2.609113575527137, 3.2569700167486952, 1.530315474011813, 2.418727132191641, 0.0, 1.5341896134441793, 1.5474926074136832, 2.427027741909845, 2.579751650837731, 3.974999705660366, 4.626359913582168, 5.121484539662304, 5.488512470606221, 5.656823402758831, 5.597335252600115, 6.3152752283649525, 5.1110175640473, 4.196762673776061, 4.715283989326624, 4.217198660248293, 2.8011296524795135, 3.3855477090125317, 3.991178599110794, 3.4959836684401147, 4.240411919849296, 3.0014918040867613, 3.6398924448395453, 1.0977245282856716, 2.16530366923441, 2.1673590796174036, 2.1781439116826053, 2.590492289121896, 2.7284379817030846, 2.8689918264087124, 4.202937703559262, 5.618897673031607, 4.265499293166041, 6.232274413887759, 6.031027266560814, 5.098095261958136], [2.517715815972883, 1.5356552835841772, 2.5179557541783772, 2.982310356083015, 3.8176867524719724, 2.5005222054602916, 3.5514727578851, 1.5341896134441793, 0.0, 2.565068704732877, 3.7999529168135755, 3.046510507121221, 4.553001105864131, 5.111792785315148, 5.164113205575571, 5.393789696493552, 5.50004181075017, 5.513417818377272, 6.031487718631284, 5.423249255750651, 2.7621729000915205, 3.476567912467697, 2.787674329974719, 2.1551992158498945, 2.778176477475828, 3.4735852343076306, 3.8906157327600477, 4.556662682270874, 3.513115022312819, 4.534096966320857, 2.168765817233387, 1.0982745786004517, 1.096068542564743, 2.8724441491524253, 4.0284785031075945, 3.2280282201368684, 2.7511976355761867, 5.082529540494575, 6.18965678773872, 4.894725597007456, 5.84881195286701, 6.457700171113553, 5.397881246378064], [5.081190908635493, 3.934516744150417, 4.386321103156949, 3.9308531262309963, 4.629635940330514, 2.5199365388834694, 2.7484876150348576, 1.5474926074136832, 2.565068704732877, 0.0, 1.4304066379879534, 1.53965583491896, 2.6036902753591873, 3.1390834554054154, 3.854456944888605, 4.346065937143614, 4.5349771443746, 4.555613796185976, 5.474872977521945, 3.9415374982359355, 5.23089145079498, 6.020891929772531, 5.217076356543001, 4.255820477886726, 4.542382297869698, 5.442559656999637, 4.622404363532035, 5.668671941469183, 4.405641985000598, 4.780507408215158, 2.164441001736938, 2.7534204092364827, 2.84294660343806, 1.0963996032469183, 1.9459246516759072, 2.1542841989858252, 2.1658745231430188, 2.8334410052090373, 4.093906194577497, 2.7784551480993893, 5.2506218031772205, 4.75414597167567, 4.162650748021025], [6.284174925954877, 4.9796430655218655, 5.225511501279085, 4.380281224990012, 4.797036765545997, 2.92737417321394, 2.715686995955167, 2.427027741909845, 3.7999529168135755, 1.4304066379879534, 0.0, 2.392726691454751, 2.861432616714921, 3.451426153056154, 4.586715523116732, 5.170694628384083, 5.34330176669819, 5.252783046157532, 6.244649148671205, 4.277633703345812, 6.476156151607217, 7.139293897858527, 6.50258271458349, 5.120859092964773, 5.484226553489562, 6.2214248408222375, 4.9536144308979075, 5.889561414061322, 4.6212311141080145, 4.621305870638731, 2.609015220346558, 4.0989221997983805, 4.104791400302821, 2.049280590841576, 0.982390899794985, 2.7094219420385595, 3.340379071303136, 2.519134625223511, 4.131504943722082, 2.991910469917173, 6.190742277788666, 4.853705152767317, 4.45989392923195], [5.386734975845758, 4.5090351739590595, 5.362981045090501, 5.177431970581554, 5.742641424466618, 3.9128471590390546, 4.2828282010839525, 2.579751650837731, 3.046510507121221, 1.53965583491896, 2.392726691454751, 0.0, 1.550666540556028, 2.5807965340181314, 3.1387394205317523, 3.9662746980006314, 3.4147926833118287, 3.1407309006025965, 3.9954968814904612, 2.5411506015976304, 5.2188041216355305, 6.3969595856156545, 5.566625327790617, 4.719675638219219, 5.552780558422961, 6.377231271484515, 5.989775679439089, 6.7466324777625175, 5.281837758772982, 5.98505653523841, 2.865654644230529, 3.27836283226857, 2.732204798326802, 2.1675347102180393, 3.2351228013786435, 1.0984263288905636, 1.095241160658236, 2.158089817407978, 3.5207793000982046, 2.805495849221667, 4.1824417377890635, 3.488426930580602, 2.703241654014676], [6.8804404175895595, 6.042184012424646, 6.816480107064056, 6.511366471793766, 7.074828414173732, 5.120516881136123, 5.194191475099854, 3.974999705660366, 4.553001105864131, 2.6036902753591873, 2.861432616714921, 1.550666540556028, 0.0, 1.5287494595256608, 2.5102879575857426, 3.5904444209596114, 2.8140761805608605, 2.5242257010814226, 3.619200935289446, 1.5319147691696167, 6.673651185071033, 7.9129028617821415, 6.973306212981042, 6.264822797972821, 6.9225463472626885, 7.857846705682162, 7.225341063922173, 8.120680741785137, 6.653997717913645, 7.167743347107233, 4.233632168717541, 4.623321444589377, 4.234384122868402, 2.9068901871243775, 3.7372444742082367, 2.1516234057102093, 2.1805207634874746, 1.0975207606236885, 2.1685515534568234, 2.180644510230863, 3.7834364181257234, 2.1727382101854795, 2.1709271936202743], [7.393182270849271, 6.642426348105036, 7.229636841501792, 6.950634171066695, 7.761836183532863, 5.507063222807597, 5.361214738284599, 4.626359913582168, 5.111792785315148, 3.1390834554054154, 3.451426153056154, 2.5807965340181314, 1.5287494595256608, 0.0, 1.508946904301142, 2.404899160048088, 2.4449826093451055, 2.8901499338269634, 4.1153300013486165, 2.483958512133405, 7.294733654493493, 8.459841996751477, 7.263648973484333, 7.078971014208209, 7.108399728490231, 8.316329867195025, 7.494801984042007, 8.798721691245836, 7.521989050776397, 7.8409416309522415, 5.168632632524775, 4.854499901122669, 4.973069741115642, 2.873724779793639, 4.071137051242564, 3.496056079355708, 2.8664620754511994, 2.1404137754182018, 1.0968985869258836, 1.0939576728557647, 3.3531869765940585, 2.7748073843061607, 3.4459189006707627], [7.11684149675964, 6.666309902037258, 7.35858840403511, 7.381155111498471, 8.344058768968493, 6.069438802723033, 6.091119163996055, 5.121484539662304, 5.164113205575571, 3.854456944888605, 4.586715523116732, 3.1387394205317523, 2.5102879575857426, 1.508946904301142, 0.0, 1.2273131833399331, 1.3713201230930725, 2.4504258650283632, 3.538757671839088, 2.8944717462777207, 6.935121308960644, 8.209741942960205, 6.833847444156183, 7.232238880180881, 7.098917654121648, 8.420935084656573, 7.933337755320896, 9.309768525586444, 8.099711049167125, 8.595324539538924, 5.791398643678399, 4.696315373779746, 4.916769997671236, 3.4203658795514844, 5.166470316376549, 4.091866638833676, 2.856482429492609, 3.438241854494823, 2.1138169717362003, 2.133874155145987, 2.0239375632662195, 3.3166400799604405, 3.8768712888100887], [7.155470753206948, 6.8166106871377075, 7.3494844628722085, 7.459823946314015, 8.592121229940833, 6.223311350880655, 6.180485332075468, 5.488512470606221, 5.393789696493552, 4.346065937143614, 5.170694628384083, 3.9662746980006314, 3.5904444209596114, 2.404899160048088, 1.2273131833399331, 0.0, 2.2651679606598716, 3.5359497352196625, 4.4917124362541285, 4.114915595732189, 7.086015848133562, 8.228999950176206, 6.69421755696661, 7.534232761867661, 6.91234802581583, 8.397787986726028, 7.884019058196143, 9.505215596187181, 8.478538046738954, 8.88108842935369, 6.319087902537834, 4.699428967438491, 5.30878392289609, 3.6377436880572, 5.568930681917311, 4.999670531145028, 3.5596869384820904, 4.46513499012068, 2.940519467713145, 2.553331741078703, 2.4466739647938387, 4.525722361126453, 5.070009915177681], [7.234972874171679, 6.953675904872185, 7.880251677452948, 8.051149506747468, 8.907161070734041, 6.824268823837466, 7.032800212575357, 5.656823402758831, 5.50004181075017, 4.5349771443746, 5.34330176669819, 3.4147926833118287, 2.8140761805608605, 2.4449826093451055, 1.3713201230930725, 2.2651679606598716, 0.0, 1.3710988439933864, 2.2635369358594524, 2.4518468569631344, 6.847829049414128, 8.32288966945976, 7.028281787890978, 7.420835717087395, 7.708660128712382, 8.89316306496176, 8.726683031942892, 9.845747008734278, 8.515345716998224, 9.242567735212981, 6.180263237921181, 5.155940489377278, 4.984790411842809, 4.35044219706457, 6.064285713091032, 4.119556970112199, 2.933843750099858, 3.8260040473057524, 2.870582691719575, 3.3318644075052037, 1.010821636096102, 2.915048812627329, 3.3221534025387807], [7.266233553224119, 6.924891781825908, 8.00824806683709, 8.136237991848565, 8.780996115475737, 6.935976218240659, 7.2545318987512895, 5.597335252600115, 5.513417818377272, 4.555613796185976, 5.252783046157532, 3.1407309006025965, 2.5242257010814226, 2.8901499338269634, 2.4504258650283632, 3.5359497352196625, 1.3710988439933864, 0.0, 1.2277001018164004, 1.5109704067254264, 6.750492779790228, 8.32315440743472, 7.259596917873608, 7.1961229158485045, 8.021568030005106, 8.983318490402084, 8.931665868134566, 9.726876598374217, 8.239986077658141, 9.104207999601064, 5.8844477404425986, 5.43676616105567, 4.815464933939401, 4.698