{"total energy": -65.29360563, "HOMO-LUMO gap/eV": 4.03558328, "electronic energy": -66.10569812, "dipole": [-0.6440448, 1.11643314, -0.35603607], "partial charges": [-0.10199792, -0.05419935, -0.0646481, 0.08390726, -0.31995357, 0.14551443, -0.10848007, 0.26363595, -0.42375602, 0.008189, -0.16454466, 0.04156401, 0.00457865, -0.05012662, -0.09525179, -0.04058833, -0.03411807, -0.03925144, 0.00237789, -0.05296283, -0.09759554, 0.03630686, 0.03626601, 0.03525277, 0.03309362, 0.03383986, 0.0477643, 0.04587477, 0.02944985, 0.03146185, 0.05477133, 0.05575362, 0.06688002, 0.08348273, 0.03555866, 0.03526596, 0.0504105, 0.03480908, 0.03394328, 0.04023642, 0.03825756, 0.04385249, 0.03746479, 0.04045668, 0.0348293, 0.03871391, 0.04371091], "atomic dipole moments": [[-0.05828529, -0.09102015, 0.02398177], [-0.05526607, 0.08097906, -0.06365035], [0.02744352, -0.11594418, 0.07098044], [-0.17444571, 0.0676712, -0.10839412], [0.07930106, -0.22810928, 0.13047466], [0.04688079, 0.16259628, 0.13080811], [0.00568322, -0.01105819, -0.05906405], [-0.02544568, 0.01214973, -3.366e-05], [-0.16833428, 0.09646068, 0.00512378], [-0.05538369, -0.18580221, -0.04711667], [0.14946023, 0.08263737, -0.0183633], [0.17428154, -0.08943904, -0.00413963], [0.07355298, 0.01596746, 0.01663669], [-0.04480071, 0.03031197, -0.09332497], [-0.02621294, -0.08493619, 0.07670391], [0.01952125, -0.01044694, -0.00176931], [7.47e-05, -0.00151623, 0.00062874], [0.02239032, -0.00808053, 0.00428709], [0.0357867, -0.06985399, -0.01709988], [-0.08244911, 0.024171, 0.04948406], [0.08785628, 0.06809586, -0.03347625], [0.11456616, -0.00716382, 0.04957563], [0.01331008, 0.01502047, -0.12462801], [-0.05512565, 0.10319996, 0.04661793], [-0.00287207, -0.01193515, 0.12326481], [0.06350474, -0.09775995, -0.04256229], [-0.06236861, 0.10118304, 0.03752867], [0.00149543, 0.01751654, -0.12406358], [0.0557993, -0.09741909, -0.04783541], [-0.01265315, -0.00953564, 0.1208161], [-0.07733579, -0.00449949, -0.0975006], [0.07159783, -0.10703606, -0.01774305], [-0.09316296, 0.09520168, 0.01793345], [0.08234819, 0.01920962, 0.10470687], [0.10469298, -0.06429571, 0.02794015], [-0.0253455, 0.04465024, 0.11159963], [0.02782136, -0.04002486, -0.12122312], [0.0996685, 0.06181246, 0.04383748], [-0.09069352, 0.08567543, -0.01252316], [-0.02334519, 0.14169772, 0.04812572], [-0.13474247, 0.06802078, -0.00360143], [-0.12712172, -0.06175612, -0.05470191], [0.10422841, -0.06331411, 0.03242194], [0.00348856, 0.00155932, -0.12614864], [-0.11033055, 0.0275265, -0.05090268], [0.0242975, -0.1187331, -0.03734009], [-0.01663921, -0.00253391, 0.12890844]], "atomic quadrupole moments": [[-0.01405865, 0.15613751, 0.12436454, -0.03377393, -0.06935702, -0.1103059], [0.15139031, 0.13217602, 0.01213216, 0.08762381, -0.07725252, -0.16352248], [0.14814762, 0.16306716, 0.0326372, 0.07582876, -0.0871649, -0.18078482], [0.34445297, 0.09781451, -0.10201802, 0.24451845, -0.10385737, -0.24243495], [0.08122499, 0.07058371, 0.01882452, 0.06542816, -0.05085532, -0.10004951], [-0.01245171, 0.28717855, 0.03225754, -0.18897206, -0.04136595, -0.01980583], [0.03906233, -0.00485811, -0.00508942, -0.04063546, 0.03048247, -0.03397291], [-0.08202122, 0.31722538, 0.24746793, 0.08828442, 0.21403396, -0.16544671], [-0.01606181, 0.1005666, 0.10072646, 0.05141074, 0.07004088, -0.08466465], [-0.0977742, 0.24545484, 0.23332661, -0.14476004, -0.07469017, -0.13555241], [-0.10275469, 0.36279605, 0.39024159, -0.04917775, -0.07636117, -0.2874869], [0.00204203, -0.17209144, -0.25187752, -0.12926504, -0.24602084, 0.24983549], [-0.15873986, 0.14381234, -0.19953466, -0.05126501, -0.21506386, 0.35827452], [-0.01399362, 0.13709665, 0.06588065, 0.02302588, -0.07979357, -0.05188703], [-0.08188474, 0.06641189, 0.08144448, -0.04837322, -0.17588432, 0.00044026], [-0.21815849, 0.0697679, -0.16834888, -0.11509075, -0.24727628, 0.38650737], [-0.2476505, 0.07068433, -0.16004048, -0.13928307, -0.2501039, 0.40769098], [-0.24909573, 0.06474634, -0.13031335, -0.15384881, -0.23620865, 0.37940907], [-0.31043766, 0.01775678, -0.04261495, -0.15942803, -0.16646864, 0.35305261], [0.03026293, 0.11252002, 0.10635485, -0.07632657, 0.0462394, -0.13661778], [0.09335043, 0.14670327, 0.01536761, -0.08048357, -0.06357901, -0.10871803], [0.05904683, -0.00674771, -0.03148823, 0.04891939, -0.01459761, -0.0275586], [-0.04827993, 0.00965169, -0.03173189, -0.00416121, -0.00312372, 0.08001182], [-0.00685376, -0.04259418, 0.03371595, -0.03473488, 0.03266822, -0.02686219], [-0.02113922, 0.01012106, -0.03343081, -0.01134147, -0.00113253, 0.05457004], [-0.00395903, -0.02276395, 0.02286891, -0.01785755, 0.03450087, -0.01890988], [-0.00839716, -0.02763891, 0.01907508, -0.02151634, 0.03497391, -0.01067792], [-0.02691266, 0.00362217, -0.03140261, -0.01277574, 0.00407815, 0.05831526], [0.00487283, -0.02200567, 0.01117076, -0.00579315, 0.02861756, -0.01604359], [-0.01017943, 0.00942473, -0.03040753, -0.0035025, -0.00496464, 0.04058697], [0.02743079, 0.01066432, -0.03879219, 0.02929837, -0.01920831, 0.01136141], [0.00830858, -0.01493902, 0.0179494, -0.00505221, -0.02019447, -0.02625798], [0.02659079, -0.02931766, 0.01605885, 0.00388744, -0.01574281, -0.04264964], [0.00851829, 0.00699573, -0.02226271, 0.03636269, -0.00833929, 0.01374442], [0.02308513, -0.03826506, 0.02205182, -0.00840937, -0.00246802, -0.04513694], [-0.01442983, -0.00983956, -0.01192442, -0.03337065, 0.03584262, 0.02635424], [-0.04354538, -0.00913034, -0.00507845, -0.02214827, 0.04169499, 0.04862383], [0.0337796, 0.0471751, -0.01596078, 0.04646589, 0.00823349, -0.01781882], [0.04034115, -0.05907567, -0.00120639, -0.00656995, -0.01136901, -0.03913476], [0.03506006, 0.00207743, 0.0161221, 0.02114965, 0.03389692, -0.05118216], [0.02668095, -0.00172205, 0.02486682, 0.01951052, 0.03642291, -0.05154777], [0.01623211, -0.00780249, 0.03598417, 0.01532031, 0.03601391, -0.05221628], [0.04271504, -0.00511179, -0.00389559, 0.03599261, -0.01577395, -0.03881945], [-0.03141914, 0.00826719, -0.02594772, 0.01022555, -0.01164444, 0.05736686], [0.0445365, -0.03265098, -0.02388624, 0.04054662, -0.03139536, -0.02065025], [-0.01742456, -0.02472782, 0.05814328, -0.01939288, 0.03603704, -0.04071872], [-0.03565704, 0.01126189, -0.04141693, -0.00043169, 0.01081921, 0.07707396]], "number of molecular orbitals": 115, "number of electrons": 118, "number of unpaired electrons": 0, "orbital energies/eV": [-28.73162562, -19.27016945, -19.15643313, -18.42869203, -18.01179542, -17.8655017, -17.48459921, -17.37613276, -17.25822701, -17.00001506, -16.96964774, -16.65700984, -16.57479794, -16.36243029, -16.14678975, -15.99327411, -15.83131137, -15.67986663, -15.5493447, -15.43660966, -15.26632373, -15.12459814, -15.10843864, -14.74329456, -14.58673586, -14.41746788, -14.2786733, -14.26695544, -14.07198842, -13.92509959, -13.84972056, -13.68483183, -13.63733856, -13.53641542, -13.48621631, -13.42324847, -13.31961892, -13.15359695, -13.03664275, -12.95185734, -12.66710399, -12.61755897, -12.51826401, -12.41354469, -12.38354242, -12.17905226, -12.11066365, -11.97491858, -11.95720704, -11.81170727, -11.78331516, -11.67756227, -11.64030053, -11.39941938, -11.29814457, -11.22920493, -11.0192714, -10.89691846, -10.7543871, -6.71880382, -6.49480578, -6.42935713, -4.10247778, -3.20343777, -0.82535161, 0.16967178, 0.27748551, 0.38230651, 0.54830061, 0.56206981, 1.16436002, 1.7877928, 2.31167704, 2.74203926, 2.81947326, 2.89132728, 2.96182822, 3.16821548, 3.3899152, 3.42268353, 3.55279885, 3.62535953, 3.76902018, 3.88311191, 3.9458181, 4.01968478, 4.19784156, 4.32732741, 4.38172042, 4.53254645, 4.59839762, 4.73197925, 4.85444867, 5.00274013, 5.11860419, 5.22055679, 5.25017861, 5.39582498, 6.15144442, 6.50219904, 6.58588968, 6.75059914, 6.89637003, 7.07047888, 7.23527062, 7.28445539, 8.13958116, 8.35521713, 9.83310677, 10.37306137, 11.39504265, 11.53117941, 14.56098457, 15.88589848, 16.33949079], "fractional occupation": [2.0, 2.0, 2.0, 2.0, 2.0, 2.0, 2.0, 2.0, 2.0, 2.0, 2.0, 2.0, 2.0, 2.0, 2.0, 2.0, 2.0, 2.0, 2.0, 2.0, 2.0, 2.0, 2.0, 2.0, 2.0, 2.0, 2.0, 2.0, 2.0, 2.0, 2.0, 2.0, 2.0, 2.0, 2.0, 2.0, 2.0, 2.0, 2.0, 2.0, 2.0, 2.0, 2.0, 2.0, 2.0, 2.0, 2.0, 2.0, 2.0, 2.0, 2.0, 2.0, 2.0, 2.0, 2.0, 2.0, 2.0, 2.0, 2.0, 0.0, 0.0, 0.0, 0.0, 0.0, 0.0, 0.0, 0.0, 0.0, 0.0, 0.0, 0.0, 0.0, 0.0, 0.0, 0.0, 0.0, 0.0, 0.0, 0.0, 0.0, 0.0, 0.0, 0.0, 0.0, 0.0, 0.0, 0.0, 0.0, 0.0, 0.0, 0.0, 0.0, 0.0, 0.0, 0.0, 0.0, 0.0, 0.0, 0.0, 0.0, 0.0, 0.0, 0.0, 0.0, 0.0, 0.0, 0.0, 0.0, 0.0, 0.0, 0.0, 0.0, 0.0, 0.0, 0.0], "program call": "xtb /home/svss/Project-DBcg-Debug/aqme2_20220329/End-to-End-workflows-final/example-3/QDESCP/mol_376_rdkit_conf_22/mol_376_rdkit_conf_22.xyz --pop --wbo --acc 0.2 --gfn 2 --chrg 0 --uhf 0 --etemp 300 --input /home/svss/Project-DBcg-Debug/aqme2_20220329/End-to-End-workflows-final/example-3/QDESCP/mol_376_rdkit_conf_22/mol_376_rdkit_conf_22_xtb.inp", "method": "GFN2-xTB", "xtb version": "6.3.3 (7355c4f)", "Dipole module/D": 3.399, "Total charge": 0, "Transition dipole module/D": NaN, "HOMO": -10.7544, "LUMO": -6.7188, "HOMO occupancy": 2.0, "LUMO occupancy": 0, "mulliken charges": [-0.08235, -0.04227, -0.05595, 0.19655, -0.47086, 0.31682, -0.27848, 0.45803, -0.5502, 0.0311, -0.11633, 0.10276, -0.00412, -0.03618, -0.07566, -0.04253, -0.02555, -0.04177, -0.01282, -0.04235, -0.07947, 0.02952, 0.02801, 0.02719, 0.02428, 0.02439, 0.03144, 0.03355, 0.01963, 0.02634, 0.03744, 0.05165, 0.03518, 0.06016, 0.03383, 0.02694, 0.0405, 0.02945, 0.02461, 0.03528, 0.03443, 0.03563, 0.03259, 0.03507, 0.02816, 0.03514, 0.03123], "cm5 charges": [-0.23266, -0.15452, -0.16333, 0.11419, -0.56654, 0.29769, -0.52708, 0.54856, -0.59695, -0.0586, -0.12339, 0.15885, -0.01209, -0.14013, -0.22475, -0.0957, -0.08095, -0.09489, -0.02074, -0.14644, -0.22909, 0.0803, 0.07931, 0.0785, 0.07908, 0.07917, 0.0892, 0.09088, 0.08366, 0.09466, 0.11201, 0.12814, 0.09628, 0.11847, 0.09645, 0.08231, 0.0948, 0.08051, 0.07633, 0.0918, 0.08981, 0.09258, 0.0946, 0.0906, 0.07979, 0.08594, 0.08336], "FUKUI+": [0.005, 0.002, 0.002, 0.006, -0.014, 0.016, -0.048, -0.053, -0.123, 0.016, -0.113, -0.022, -0.035, 0.01, 0.011, -0.029, -0.033, -0.027, -0.036, 0.012, 0.012, -0.011, -0.007, -0.003, -0.001, -0.006, -0.002, -0.011, -0.012, 0.008, -0.026, -0.026, -0.039, -0.055, -0.013, -0.029, -0.012, -0.028, -0.016, -0.057, -0.059, -0.055, -0.012, -0.036, -0.019, -0.026, -0.005], "FUKUI-": [0.011, 0.005, 0.007, 0.013, -0.048, 0.014, -0.023, -0.005, -0.072, 0.014, -0.112, -0.01, -0.019, 0.007, 0.008, -0.02, -0.021, -0.019, -0.021, 0.008, 0.011, -0.026, -0.03, -0.028, -0.034, -0.038, -0.029, -0.036, -0.037, -0.032, -0.026, -0.024, -0.028, -0.034, -0.008, -0.031, -0.008, -0.021, -0.021, -0.039, -0.042, -0.039, -0.016, -0.04, -0.022, -0.025, -0.013], "FUKUIrad": [0.008, 0.003, 0.005, 0.01, -0.031, 0.015, -0.036, -0.029, -0.097, 0.015, -0.113, -0.016, -0.027, 0.008, 0.01, -0.024, -0.027, -0.023, -0.029, 0.01, 0.011, -0.018, -0.019, -0.016, -0.017, -0.022, -0.015, -0.024, -0.025, -0.012, -0.026, -0.025, -0.034, -0.045, -0.01, -0.03, -0.01, -0.025, -0.018, -0.048, -0.051, -0.047, -0.014, -0.038, -0.021, -0.025, -0.009], "s proportion": [1.007, 1.027, 1.034, 0.997, 1.697, 0.974, 1.441, 1.01, 1.733, 1.049, 1.949, 1.051, 1.097, 1.025, 1.008, 1.062, 1.06, 1.061, 1.098, 1.027, 1.008, 0.97, 0.972, 0.973, 0.976, 0.976, 0.969, 0.966, 0.98, 0.974, 0.963, 0.948, 0.965, 0.94, 0.966, 0.973, 0.959, 0.971, 0.975, 0.965, 0.966, 0.964, 0.967, 0.965, 0.972, 0.965, 0.969], "p proportion": [3.075, 3.015, 3.022, 2.806, 4.774, 2.709, 3.837, 2.532, 4.817, 2.92, 5.182, 2.846, 2.907, 3.012, 3.067, 2.98, 2.965, 2.98, 2.915, 3.016, 3.071, 0.0, 0.0, 0.0, 0.0, 0.0, 0.0, 0.0, 0.0, 0.0, 0.0, 0.0, 0.0, 0.0, 0.0, 0.0, 0.0, 0.0, 0.0, 0.0, 0.0, 0.0, 0.0, 0.0, 0.0, 0.0, 0.0], "d proportion": [0.0, 0.0, 0.0, 0.0, 0.0, 0.0, 0.0, 0.0, 0.0, 0.0, -0.015, 0.0, 0.0, 0.0, 0.0, 0.0, 0.0, 0.0, 0.0, 0.0, 0.0, 0.0, 0.0, 0.0, 0.0, 0.0, 0.0, 0.0, 0.0, 0.0, 0.0, 0.0, 0.0, 0.0, 0.0, 0.0, 0.0, 0.0, 0.0, 0.0, 0.0, 0.0, 0.0, 0.0, 0.0, 0.0, 0.0], "Fermi-level/eV": -8.7366, "Coordination numbers": [3.75, 3.801, 3.801, 3.696, 1.698, 3.641, 2.733, 2.795, 0.857, 3.714, 0.93, 2.908, 2.959, 3.804, 3.75, 2.915, 2.906, 2.914, 2.956, 3.802, 3.748, 0.924, 0.924, 0.924, 0.924, 0.924, 0.924, 0.924, 0.924, 0.924, 0.924, 0.924, 0.925, 0.924, 0.924, 0.924, 0.924, 0.924, 0.924, 0.925, 0.925, 0.925, 0.924, 0.924, 0.924, 0.924, 0.924], "Dispersion coefficient C6": [22.511, 21.548, 21.74, 19.346, 19.347, 18.558, 23.372, 22.558, 22.161, 20.566, 104.3, 27.068, 27.919, 21.47, 22.383, 29.008, 28.849, 28.975, 27.971, 21.524, 22.43, 2.499, 2.499, 2.513, 2.543, 2.533, 2.348, 2.372, 2.594, 2.566, 2.261, 2.25, 2.12, 1.944, 2.509, 2.513, 2.315, 2.519, 2.531, 2.446, 2.472, 2.398, 2.483, 2.443, 2.519, 2.466, 2.4], "Total dispersion C6": 21620.863661, "Total dispersion C8": 509418.640832, "Polarizability alpha": [6.767, 6.609, 6.638, 6.292, 5.938, 6.194, 7.18, 7.78, 6.312, 6.48, 15.624, 8.531, 8.667, 6.597, 6.747, 8.832, 8.807, 8.827, 8.675, 6.605, 6.755, 2.472, 2.472, 2.479, 2.494, 2.489, 2.396, 2.409, 2.519, 2.505, 2.352, 2.346, 2.277, 2.18, 2.477, 2.479, 2.379, 2.482, 2.488, 2.446, 2.459, 2.422, 2.464, 2.444, 2.482, 2.456, 2.423], "Total polarizability alpha": 224.147549, "Wiberg matrix": [[0.0, 1.0204368278250373, 0.0, 0.0, 0.0, 0.0, 0.0, 0.0, 0.0, 0.0, 0.0, 0.0, 0.0, 0.0, 0.0, 0.0, 0.0, 0.0, 0.0, 0.0, 0.0, 0.9870028684863597, 0.9874509658289568, 0.9875041475162989, 0.0, 0.0, 0.0, 0.0, 0.0, 0.0, 0.0, 0.0, 0.0, 0.0, 0.0, 0.0, 0.0, 0.0, 0.0, 0.0, 0.0, 0.0, 0.0, 0.0, 0.0, 0.0, 0.0], [1.0204368278250373, 0.0, 1.0072602678206888, 0.0, 0.0, 0.0, 0.0, 0.0, 0.0, 0.0, 0.0, 0.0, 0.0, 0.0, 0.0, 0.0, 0.0, 0.0, 0.0, 0.0, 0.0, 0.0, 0.0, 0.0, 0.9775112120168018, 0.9774792845470132, 0.0, 0.0, 0.0, 0.0, 0.0, 0.0, 0.0, 0.0, 0.0, 0.0, 0.0, 0.0, 0.0, 0.0, 0.0, 0.0, 0.0, 0.0, 0.0, 0.0, 0.0], [0.0, 1.0072602678206888, 0.0, 1.00242007446873, 0.0, 0.0, 0.0, 0.0, 0.0, 0.0, 0.0, 0.0, 0.0, 0.0, 0.0, 0.0, 0.0, 0.0, 0.0, 0.0, 0.0, 0.0, 0.0, 0.0, 0.0, 0.0, 0.9741505102639465, 0.975584404186858, 0.0, 0.0, 0.0, 0.0, 0.0, 0.0, 0.0, 0.0, 0.0, 0.0, 0.0, 0.0, 0.0, 0.0, 0.0, 0.0, 0.0, 0.0, 0.0], [0.0, 0.0, 1.00242007446873, 0.0, 0.9662925959157265, 0.0, 0.0, 0.0, 0.0, 0.0, 0.0, 0.0, 0.0, 0.0, 0.0, 0.0, 0.0, 0.0, 0.0, 0.0, 0.0, 0.0, 0.0, 0.0, 0.0, 0.0, 0.0, 0.0, 0.9692463202193945, 0.970047035497363, 0.0, 0.0, 0.0, 0.0, 0.0, 0.0, 0.0, 0.0, 0.0, 0.0, 0.0, 0.0, 0.0, 0.0, 0.0, 0.0, 0.0], [0.0, 0.0, 0.0, 0.9662925959157265, 0.0, 0.9914530412253164, 0.0, 0.0, 0.0, 0.0, 0.0, 0.0, 0.0, 0.0, 0.0, 0.0, 0.0, 0.0, 0.0, 0.0, 0.0, 0.0, 0.0, 0.0, 0.0, 0.0, 0.0, 0.0, 0.0, 0.0, 0.0, 0.0, 0.0, 0.0, 0.0, 0.0, 0.0, 0.0, 0.0, 0.0, 0.0, 0.0, 0.0, 0.0, 0.0, 0.0, 0.0], [0.0, 0.0, 0.0, 0.0, 0.9914530412253164, 0.0, 0.9680501956983387, 0.0, 0.0, 0.0, 0.0, 0.0, 0.0, 0.0, 0.0, 0.0, 0.0, 0.0, 0.0, 0.0, 0.0, 0.0, 0.0, 0.0, 0.0, 0.0, 0.0, 0.0, 0.0, 0.0, 0.9627730639022754, 0.9579929011198233, 0.0, 0.0, 0.0, 0.0, 0.0, 0.0, 0.0, 0.0, 0.0, 0.0, 0.0, 0.0, 0.0, 0.0, 0.0], [0.0, 0.0, 0.0, 0.0, 0.0, 0.9680501956983387, 0.0, 1.2157930680836906, 0.19738215173994128, 0.0, 0.0, 0.9894461534735599, 0.0, 0.0, 0.0, 0.0, 0.0, 0.0, 0.0, 0.0, 0.0, 0.0, 0.0, 0.0, 0.0, 0.0, 0.0, 0.0, 0.0, 0.0, 0.0, 0.0, 0.0, 0.0, 0.0, 0.0, 0.0, 0.0, 0.0, 0.0, 0.0, 0.0, 0.0, 0.0, 0.0, 0.0, 0.0], [0.0, 0.0, 0.0, 0.0, 0.0, 0.0, 1.2157930680836906, 0.0, 1.6874795339881836, 0.9726716135176011, 0.0, 0.0, 0.0, 0.0, 0.0, 0.0, 0.0, 0.0, 0.0, 0.0, 0.0, 0.0, 0.0, 0.0, 0.0, 0.0, 0.0, 0.0, 0.0, 0.0, 0.0, 0.0, 0.0, 0.0, 0.0, 0.0, 0.0, 0.0, 0.0, 0.0, 0.0, 0.0, 0.0, 0.0, 0.0, 0.0, 0.0], [0.0, 0.0, 0.0, 0.0, 0.0, 0.0, 0.19738215173994128, 1.6874795339881836, 0.0, 0.0, 0.0, 0.0, 0.0, 0.0, 0.0, 0.0, 0.0, 0.0, 0.0, 0.0, 0.0, 0.0, 0.0, 0.0, 0.0, 0.0, 0.0, 0.0, 0.0, 0.0, 0.0, 0.0, 0.0, 0.0, 0.0, 0.0, 0.0, 0.0, 0.0, 0.0, 0.0, 0.0, 0.0, 0.0, 0.0, 0.0, 0.0], [0.0, 0.0, 0.0, 0.0, 0.0, 0.0, 0.0, 0.9726716135176011, 0.0, 0.0, 0.9509675975932192, 0.0, 0.0, 0.0, 0.0, 0.0, 0.0, 0.0, 0.0, 0.0, 0.0, 0.0, 0.0, 0.0, 0.0, 0.0, 0.0, 0.0, 0.0, 0.0, 0.0, 0.0, 0.9742171471136981, 0.9687279615865031, 0.0, 0.0, 0.0, 0.0, 0.0, 0.0, 0.0, 0.0, 0.0, 0.0, 0.0, 0.0, 0.0], [0.0, 0.0, 0.0, 0.0, 0.0, 0.0, 0.0, 0.0, 0.0, 0.9509675975932192, 0.0, 0.0, 0.0, 0.0, 0.0, 0.0, 0.0, 0.0, 0.0, 0.0, 0.0, 0.0, 0.0, 0.0, 0.0, 0.0, 0.0, 0.0, 0.0, 0.0, 0.0, 0.0, 0.0, 0.0, 0.0, 0.0, 0.0, 0.0, 0.0, 0.0, 0.0, 0.0, 0.0, 0.0, 0.0, 0.0, 0.0], [0.0, 0.0, 0.0, 0.0, 0.0, 0.0, 0.9894461534735599, 0.0, 0.0, 0.0, 0.0, 0.0, 1.37623943556465, 0.0, 0.0, 0.0, 0.10010374898551719, 0.0, 1.3685618434127957, 0.0, 0.0, 0.0, 0.0, 0.0, 0.0, 0.0, 0.0, 0.0, 0.0, 0.0, 0.0, 0.0, 0.0, 0.0, 0.0, 0.0, 0.0, 0.0, 0.0, 0.0, 0.0, 0.0, 0.0, 0.0, 0.0, 0.0, 0.0], [0.0, 0.0, 0.0, 0.0, 0.0, 0.0, 0.0, 0.0, 0.0, 0.0, 0.0, 1.37623943556465, 0.0, 1.0109773189076905, 0.0, 1.4070929954255833, 0.0, 0.10649564860631605, 0.0, 0.0, 0.0, 0.0, 0.0, 0.0, 0.0, 0.0, 0.0, 0.0, 0.0, 0.0, 0.0, 0.0, 0.0, 0.0, 0.0, 0.0, 0.0, 0.0, 0.0, 0.0, 0.0, 0.0, 0.0, 0.0, 0.0, 0.0, 0.0], [0.0, 0.0, 0.0, 0.0, 0.0, 0.0, 0.0, 0.0, 0.0, 0.0, 0.0, 0.0, 1.0109773189076905, 0.0, 1.004957125957713, 0.0, 0.0, 0.0, 0.0, 0.0, 0.0, 0.0, 0.0, 0.0, 0.0, 0.0, 0.0, 0.0, 0.0, 0.0, 0.0, 0.0, 0.0, 0.0, 0.9741869225728031, 0.9671682480972598, 0.0, 0.0, 0.0, 0.0, 0.0, 0.0, 0.0, 0.0, 0.0, 0.0, 0.0], [0.0, 0.0, 0.0, 0.0, 0.0, 0.0, 0.0, 0.0, 0.0, 0.0, 0.0, 0.0, 0.0, 1.004957125957713, 0.0, 0.0, 0.0, 0.0, 0.0, 0.0, 0.0, 0.0, 0.0, 0.0, 0.0, 0.0, 0.0, 0.0, 0.0, 0.0, 0.0, 0.0, 0.0, 0.0, 0.0, 0.0, 0.9852040652921571, 0.9852863270252183, 0.9867736901673942, 0.0, 0.0, 0.0, 0.0, 0.0, 0.0, 0.0, 0.0], [0.0, 0.0, 0.0, 0.0, 0.0, 0.0, 0.0, 0.0, 0.0, 0.0, 0.0, 0.0, 1.4070929954255833, 0.0, 0.0, 0.0, 1.4449904339132214, 0.0, 0.10708463215070203, 0.0, 0.0, 0.0, 0.0, 0.0, 0.0, 0.0, 0.0, 0.0, 0.0, 0.0, 0.0, 0.0, 0.0, 0.0, 0.0, 0.0, 0.0, 0.0, 0.0, 0.968089067336244, 0.0, 0.0, 0.0, 0.0, 0.0, 0.0, 0.0], [0.0, 0.0, 0.0, 0.0, 0.0, 0.0, 0.0, 0.0, 0.0, 0.0, 0.0, 0.10010374898551719, 0.0, 0.0, 0.0, 1.4449904339132214, 0.0, 1.4390764424400908, 0.0, 0.0, 0.0, 0.0, 0.0, 0.0, 0.0, 0.0, 0.0, 0.0, 0.0, 0.0, 0.0, 0.0, 0.0, 0.0, 0.0, 0.0, 0.0, 0.0, 0.0, 0.0, 0.970162137653545, 0.0, 0.0, 0.0, 0.0, 0.0, 0.0], [0.0, 0.0, 0.0, 0.0, 0.0, 0.0, 0.0, 0.0, 0.0, 0.0, 0.0, 0.0, 0.10649564860631605, 0.0, 0.0, 0.0, 1.4390764424400908, 0.0, 1.4128583276078046, 0.0, 0.0, 0.0, 0.0, 0.0, 0.0, 0.0, 0.0, 0.0, 0.0, 0.0, 0.0, 0.0, 0.0, 0.0, 0.0, 0.0, 0.0, 0.0, 0.0, 0.0, 0.0, 0.966173686551488, 0.0, 0.0, 0.0, 0.0, 0.0], [0.0, 0.0, 0.0, 0.0, 0.0, 0.0, 0.0, 0.0, 0.0, 0.0, 0.0, 1.3685618434127957, 0.0, 0.0, 0.0, 0.10708463215070203, 0.0, 1.4128583276078046, 0.0, 1.0110623150950664, 0.0, 0.0, 0.0, 0.0, 0.0, 0.0, 0.0, 0.0, 0.0, 0.0, 0.0, 0.0, 0.0, 0.0, 0.0, 0.0, 0.0, 0.0, 0.0, 0.0, 0.0, 0.0, 0.0, 0.0, 0.0, 0.0, 0.0], [0.0, 0.0, 0.0, 0.0, 0.0, 0.0, 0.0, 0.0, 0.0, 0.0, 0.0, 0.0, 0.0, 0.0, 0.0, 0.0, 0.0, 0.0, 1.0110623150950664, 0.0, 1.0121423833498866, 0.0, 0.0, 0.0, 0.0, 0.0, 0.0, 0.0, 0.0, 0.0, 0.0, 0.0, 0.0, 0.0, 0.0, 0.0, 0.0, 0.0, 0.0, 0.0, 0.0, 0.0, 0.9739729220156539, 0.9587929095168937, 0.0, 0.0, 0.0], [0.0, 0.0, 0.0, 0.0, 0.0, 0.0, 0.0, 0.0, 0.0, 0.0, 0.0, 0.0, 0.0, 0.0, 0.0, 0.0, 0.0, 0.0, 0.0, 1.0121423833498866, 0.0, 0.0, 0.0, 0.0, 0.0, 0.0, 0.0, 0.0, 0.0, 0.0, 0.0, 0.0, 0.0, 0.0, 0.0, 0.0, 0.0, 0.0, 0.0, 0.0, 0.0, 0.0, 0.0, 0.0, 0.9857272343692691, 0.9861381217657577, 0.9869524178689126], [0.9870028684863597, 0.0, 0.0, 0.0, 0.0, 0.0, 0.0, 0.0, 0.0, 0.0, 0.0, 0.0, 0.0, 0.0, 0.0, 0.0, 0.0, 0.0, 0.0, 0.0, 0.0, 0.0, 0.0, 0.0, 0.0, 0.0, 0.0, 0.0, 0.0, 0.0, 0.0, 0.0, 0.0, 0.0, 0.0, 0.0, 0.0, 0.0, 0.0, 0.0, 0.0, 0.0, 0.0, 0.0, 0.0, 0.0, 0.0], [0.9874509658289568, 0.0, 0.0, 0.0, 0.0, 0.0, 0.0, 0.0, 0.0, 0.0, 0.0, 0.0, 0.0, 0.0, 0.0, 0.0, 0.0, 0.0, 0.0, 0.0, 0.0, 0.0, 0.0, 0.0, 0.0, 0.0, 0.0, 0.0, 0.0, 0.0, 0.0, 0.0, 0.0, 0.0, 0.0, 0.0, 0.0, 0.0, 0.0, 0.0, 0.0, 0.0, 0.0, 0.0, 0.0, 0.0, 0.0], [0.9875041475162989, 0.0, 0.0, 0.0, 0.0, 0.0, 0.0, 0.0, 0.0, 0.0, 0.0, 0.0, 0.0, 0.0, 0.0, 0.0, 0.0, 0.0, 0.0, 0.0, 0.0, 0.0, 0.0, 0.0, 0.0, 0.0, 0.0, 0.0, 0.0, 0.0, 0.0, 0.0, 0.0, 0.0, 0.0, 0.0, 0.0, 0.0, 0.0, 0.0, 0.0, 0.0, 0.0, 0.0, 0.0, 0.0, 0.0], [0.0, 0.9775112120168018, 0.0, 0.0, 0.0, 0.0, 0.0, 0.0, 0.0, 0.0, 0.0, 0.0, 0.0, 0.0, 0.0, 0.0, 0.0, 0.0, 0.0, 0.0, 0.0, 0.0, 0.0, 0.0, 0.0, 0.0, 0.0, 0.0, 0.0, 0.0, 0.0, 0.0, 0.0, 0.0, 0.0, 0.0, 0.0, 0.0, 0.0, 0.0, 0.0, 0.0, 0.0, 0.0, 0.0, 0.0, 0.0], [0.0, 0.9774792845470132, 0.0, 0.0, 0.0, 0.0, 0.0, 0.0, 0.0, 0.0, 0.0, 0.0, 0.0, 0.0, 0.0, 0.0, 0.0, 0.0, 0.0, 0.0, 0.0, 0.0, 0.0, 0.0, 0.0, 0.0, 0.0, 0.0, 0.0, 0.0, 0.0, 0.0, 0.0, 0.0, 0.0, 0.0, 0.0, 0.0, 0.0, 0.0, 0.0, 0.0, 0.0, 0.0, 0.0, 0.0, 0.0], [0.0, 0.0, 0.9741505102639465, 0.0, 0.0, 0.0, 0.0, 0.0, 0.0, 0.0, 0.0, 0.0, 0.0, 0.0, 0.0, 0.0, 0.0, 0.0, 0.0, 0.0, 0.0, 0.0, 0.0, 0.0, 0.0, 0.0, 0.0, 0.0, 0.0, 0.0, 0.0, 0.0, 0.0, 0.0, 0.0, 0.0, 0.0, 0.0, 0.0, 0.0, 0.0, 0.0, 0.0, 0.0, 0.0, 0.0, 0.0], [0.0, 0.0, 0.975584404186858, 0.0, 0.0, 0.0, 0.0, 0.0, 0.0, 0.0, 0.0, 0.0, 0.0, 0.0, 0.0, 0.0, 0.0, 0.0, 0.0, 0.0, 0.0, 0.0, 0.0, 0.0, 0.0, 0.0, 0.0, 0.0, 0.0, 0.0, 0.0, 0.0, 0.0, 0.0, 0.0, 0.0, 0.0, 0.0, 0.0, 0.0, 0.0, 0.0, 0.0, 0.0, 0.0, 0.0, 0.0], [0.0, 0.0, 0.0, 0.9692463202193945, 0.0, 0.0, 0.0, 0.0, 0.0, 0.0, 0.0, 0.0, 0.0, 0.0, 0.0, 0.0, 0.0, 0.0, 0.0, 0.0, 0.0, 0.0, 0.0, 0.0, 0.0, 0.0, 0.0, 0.0, 0.0, 0.0, 0.0, 0.0, 0.0, 0.0, 0.0, 0.0, 0.0, 0.0, 0.0, 0.0, 0.0, 0.0, 0.0, 0.0, 0.0, 0.0, 0.0], [0.0, 0.0, 0.0, 0.970047035497363, 0.0, 0.0, 0.0, 0.0, 0.0, 0.0, 0.0, 0.0, 0.0, 0.0, 0.0, 0.0, 0.0, 0.0, 0.0, 0.0, 0.0, 0.0, 0.0, 0.0, 0.0, 0.0, 0.0, 0.0, 0.0, 0.0, 0.0, 0.0, 0.0, 0.0, 0.0, 0.0, 0.0, 0.0, 0.0, 0.0, 0.0, 0.0, 0.0, 0.0, 0.0, 0.0, 0.0], [0.0, 0.0, 0.0, 0.0, 0.0, 0.9627730639022754, 0.0, 0.0, 0.0, 0.0, 0.0, 0.0, 0.0, 0.0, 0.0, 0.0, 0.0, 0.0, 0.0, 0.0, 0.0, 0.0, 0.0, 0.0, 0.0, 0.0, 0.0, 0.0, 0.0, 0.0, 0.0, 0.0, 0.0, 0.0, 0.0, 0.0, 0.0, 0.0, 0.0, 0.0, 0.0, 0.0, 0.0, 0.0, 0.0, 0.0, 0.0], [0.0, 0.0, 0.0, 0.0, 0.0, 0.9579929011198233, 0.0, 0.0, 0.0, 0.0, 0.0, 0.0, 0.0, 0.0, 0.0, 0.0, 0.0, 0.0, 0.0, 0.0, 0.0, 0.0, 0.0, 0.0, 0.0, 0.0, 0.0, 0.0, 0.0, 0.0, 0.0, 0.0, 0.0, 0.0, 0.0, 0.0, 0.0, 0.0, 0.0, 0.0, 0.0, 0.0, 0.0, 0.0, 0.0, 0.0, 0.0], [0.0, 0.0, 0.0, 0.0, 0.0, 0.0, 0.0, 0.0, 0.0, 0.9742171471136981, 0.0, 0.0, 0.0, 0.0, 0.0, 0.0, 0.0, 0.0, 0.0, 0.0, 0.0, 0.0, 0.0, 0.0, 0.0, 0.0, 0.0, 0.0, 0.0, 0.0, 0.0, 0.0, 0.0, 0.0, 0.0, 0.0, 0.0, 0.0, 0.0, 0.0, 0.0, 0.0, 0.0, 0.0, 0.0, 0.0, 0.0], [0.0, 0.0, 0.0, 0.0, 0.0, 0.0, 0.0, 0.0, 0.0, 0.9687279615865031, 0.0, 0.0, 0.0, 0.0, 0.0, 0.0, 0.0, 0.0, 0.0, 0.0, 0.0, 0.0, 0.0, 0.0, 0.0, 0.0, 0.0, 0.0, 0.0, 0.0, 0.0, 0.0, 0.0, 0.0, 0.0, 0.0, 0.0, 0.0, 0.0, 0.0, 0.0, 0.0, 0.0, 0.0, 0.0, 0.0, 0.0], [0.0, 0.0, 0.0, 0.0, 0.0, 0.0, 0.0, 0.0, 0.0, 0.0, 0.0, 0.0, 0.0, 0.9741869225728031, 0.0, 0.0, 0.0, 0.0, 0.0, 0.0, 0.0, 0.0, 0.0, 0.0, 0.0, 0.0, 0.0, 0.0, 0.0, 0.0, 0.0, 0.0, 0.0, 0.0, 0.0, 0.0, 0.0, 0.0, 0.0, 0.0, 0.0, 0.0, 0.0, 0.0, 0.0, 0.0, 0.0], [0.0, 0.0, 0.0, 0.0, 0.0, 0.0, 0.0, 0.0, 0.0, 0.0, 0.0, 0.0, 0.0, 0.9671682480972598, 0.0, 0.0, 0.0, 0.0, 0.0, 0.0, 0.0, 0.0, 0.0, 0.0, 0.0, 0.0, 0.0, 0.0, 0.0, 0.0, 0.0, 0.0, 0.0, 0.0, 0.0, 0.0, 0.0, 0.0, 0.0, 0.0, 0.0, 0.0, 0.0, 0.0, 0.0, 0.0, 0.0], [0.0, 0.0, 0.0, 0.0, 0.0, 0.0, 0.0, 0.0, 0.0, 0.0, 0.0, 0.0, 0.0, 0.0, 0.9852040652921571, 0.0, 0.0, 0.0, 0.0, 0.0, 0.0, 0.0, 0.0, 0.0, 0.0, 0.0, 0.0, 0.0, 0.0, 0.0, 0.0, 0.0, 0.0, 0.0, 0.0, 0.0, 0.0, 0.0, 0.0, 0.0, 0.0, 0.0, 0.0, 0.0, 0.0, 0.0, 0.0], [0.0, 0.0, 0.0, 0.0, 0.0, 0.0, 0.0, 0.0, 0.0, 0.0, 0.0, 0.0, 0.0, 0.0, 0.9852863270252183, 0.0, 0.0, 0.0, 0.0, 0.0, 0.0, 0.0, 0.0, 0.0, 0.0, 0.0, 0.0, 0.0, 0.0, 0.0, 0.0, 0.0, 0.0, 0.0, 0.0, 0.0, 0.0, 0.0, 0.0, 0.0, 0.0, 0.0, 0.0, 0.0, 0.0, 0.0, 0.0], [0.0, 0.0, 0.0, 0.0, 0.0, 0.0, 0.0, 0.0, 0.0, 0.0, 0.0, 0.0, 0.0, 0.0, 0.9867736901673942, 0.0, 0.0, 0.0, 0.0, 0.0, 0.0, 0.0, 0.0, 0.0, 0.0, 0.0, 0.0, 0.0, 0.0, 0.0, 0.0, 0.0, 0.0, 0.0, 0.0, 0.0, 0.0, 0.0, 0.0, 0.0, 0.0, 0.0, 0.0, 0.0, 0.0, 0.0, 0.0], [0.0, 0.0, 0.0, 0.0, 0.0, 0.0, 0.0, 0.0, 0.0, 0.0, 0.0, 0.0, 0.0, 0.0, 0.0, 0.968089067336244, 0.0, 0.0, 0.0, 0.0, 0.0, 0.0, 0.0, 0.0, 0.0, 0.0, 0.0, 0.0, 0.0, 0.0, 0.0, 0.0, 0.0, 0.0, 0.0, 0.0, 0.0, 0.0, 0.0, 0.0, 0.0, 0.0, 0.0, 0.0, 0.0, 0.0, 0.0], [0.0, 0.0, 0.0, 0.0, 0.0, 0.0, 0.0, 0.0, 0.0, 0.0, 0.0, 0.0, 0.0, 0.0, 0.0, 0.0, 0.970162137653545, 0.0, 0.0, 0.0, 0.0, 0.0, 0.0, 0.0, 0.0, 0.0, 0.0, 0.0, 0.0, 0.0, 0.0, 0.0, 0.0, 0.0, 0.0, 0.0, 0.0, 0.0, 0.0, 0.0, 0.0, 0.0, 0.0, 0.0, 0.0, 0.0, 0.0], [0.0, 0.0, 0.0, 0.0, 0.0, 0.0, 0.0, 0.0, 0.0, 0.0, 0.0, 0.0, 0.0, 0.0, 0.0, 0.0, 0.0, 0.966173686551488, 0.0, 0.0, 0.0, 0.0, 0.0, 0.0, 0.0, 0.0, 0.0, 0.0, 0.0, 0.0, 0.0, 0.0, 0.0, 0.0, 0.0, 0.0, 0.0, 0.0, 0.0, 0.0, 0.0, 0.0, 0.0, 0.0, 0.0, 0.0, 0.0], [0.0, 0.0, 0.0, 0.0, 0.0, 0.0, 0.0, 0.0, 0.0, 0.0, 0.0, 0.0, 0.0, 0.0, 0.0, 0.0, 0.0, 0.0, 0.0, 0.9739729220156539, 0.0, 0.0, 0.0, 0.0, 0.0, 0.0, 0.0, 0.0, 0.0, 0.0, 0.0, 0.0, 0.0, 0.0, 0.0, 0.0, 0.0, 0.0, 0.0, 0.0, 0.0, 0.0, 0.0, 0.0, 0.0, 0.0, 0.0], [0.0, 0.0, 0.0, 0.0, 0.0, 0.0, 0.0, 0.0, 0.0, 0.0, 0.0, 0.0, 0.0, 0.0, 0.0, 0.0, 0.0, 0.0, 0.0, 0.9587929095168937, 0.0, 0.0, 0.0, 0.0, 0.0, 0.0, 0.0, 0.0, 0.0, 0.0, 0.0, 0.0, 0.0, 0.0, 0.0, 0.0, 0.0, 0.0, 0.0, 0.0, 0.0, 0.0, 0.0, 0.0, 0.0, 0.0, 0.0], [0.0, 0.0, 0.0, 0.0, 0.0, 0.0, 0.0, 0.0, 0.0, 0.0, 0.0, 0.0, 0.0, 0.0, 0.0, 0.0, 0.0, 0.0, 0.0, 0.0, 0.9857272343692691, 0.0, 0.0, 0.0, 0.0, 0.0, 0.0, 0.0, 0.0, 0.0, 0.0, 0.0, 0.0, 0.0, 0.0, 0.0, 0.0, 0.0, 0.0, 0.0, 0.0, 0.0, 0.0, 0.0, 0.0, 0.0, 0.0], [0.0, 0.0, 0.0, 0.0, 0.0, 0.0, 0.0, 0.0, 0.0, 0.0, 0.0, 0.0, 0.0, 0.0, 0.0, 0.0, 0.0, 0.0, 0.0, 0.0, 0.9861381217657577, 0.0, 0.0, 0.0, 0.0, 0.0, 0.0, 0.0, 0.0, 0.0, 0.0, 0.0, 0.0, 0.0, 0.0, 0.0, 0.0, 0.0, 0.0, 0.0, 0.0, 0.0, 0.0, 0.0, 0.0, 0.0, 0.0], [0.0, 0.0, 0.0, 0.0, 0.0, 0.0, 0.0, 0.0, 0.0, 0.0, 0.0, 0.0, 0.0, 0.0, 0.0, 0.0, 0.0, 0.0, 0.0, 0.0, 0.9869524178689126, 0.0, 0.0, 0.0, 0.0, 0.0, 0.0, 0.0, 0.0, 0.0, 0.0, 0.0, 0.0, 0.0, 0.0, 0.0, 0.0, 0.0, 0.0, 0.0, 0.0, 0.0, 0.0, 0.0, 0.0, 0.0, 0.0]], "Born radii": [], "Atomic SASAs": [], "Solvent H bonds": [], "Total SASA": NaN, "Total FOD": 0.0, "FOD": [0.0, 0.0, 0.0, 0.0, 0.0, 0.0, 0.0, 0.0, 0.0, 0.0, 0.0, 0.0, 0.0, 0.0, 0.0, 0.0, 0.0, 0.0, 0.0, 0.0, 0.0, 0.0, 0.0, 0.0, 0.0, 0.0, 0.0, 0.0, 0.0, 0.0, 0.0, 0.0, 0.0, 0.0, 0.0, 0.0, 0.0, 0.0, 0.0, 0.0, 0.0, 0.0, 0.0, 0.0, 0.0, 0.0, 0.0], "FOD s proportion": [0.0, 0.0, 0.0, 0.0, 0.0, 0.0, 0.0, 0.0, 0.0, 0.0, 0.0, 0.0, 0.0, 0.0, 0.0, 0.0, 0.0, 0.0, 0.0, 0.0, 0.0, 0.0, 0.0, 0.0, 0.0, 0.0, 0.0, 0.0, 0.0, 0.0, 0.0, 0.0, 0.0, 0.0, 0.0, 0.0, 0.0, 0.0, 0.0, 0.0, 0.0, 0.0, 0.0, 0.0, 0.0, 0.0, 0.0], "FOD p proportion": [0.0, 0.0, 0.0, 0.0, 0.0, 0.0, 0.0, 0.0, 0.0, 0.0, 0.0, 0.0, 0.0, 0.0, 0.0, 0.0, 0.0, 0.0, 0.0, 0.0, 0.0, 0.0, 0.0, 0.0, 0.0, 0.0, 0.0, 0.0, 0.0, 0.0, 0.0, 0.0, 0.0, 0.0, 0.0, 0.0, 0.0, 0.0, 0.0, 0.0, 0.0, 0.0, 0.0, 0.0, 0.0, 0.0, 0.0], "FOD d proportion": [0.0, 0.0, 0.0, 0.0, 0.0, 0.0, 0.0, 0.0, 0.0, 0.0, 0.0, 0.0, 0.0, 0.0, 0.0, 0.0, 0.0, 0.0, 0.0, 0.0, 0.0, 0.0, 0.0, 0.0, 0.0, 0.0, 0.0, 0.0, 0.0, 0.0, 0.0, 0.0, 0.0, 0.0, 0.0, 0.0, 0.0, 0.0, 0.0, 0.0, 0.0, 0.0, 0.0, 0.0, 0.0, 0.0, 0.0], "coordinates": [["5.48570", "2.45710", "-0.85270"], ["4.69940", "1.19970", "-0.51830"], ["3.29210", "1.24790", "-1.10630"], ["2.49820", "-0.01020", "-0.77090"], ["1.20180", "0.11580", "-1.35200"], ["0.40770", "-1.05890", "-1.19550"], ["-0.31990", "-1.00880", "0.06510"], ["0.16730", "-1.71830", "1.15770"], ["1.23870", "-2.33420", "1.10470"], ["-0.64590", "-1.73390", "2.44310"], ["-1.43340", "-3.31710", "2.60800"], ["-1.59400", "-0.38420", "0.04810"], ["-1.72320", "0.94420", "0.51800"], ["-0.55780", "1.76360", "1.03090"], ["-0.18540", "2.90160", "0.08930"], ["-2.99110", "1.54760", "0.50100"], ["-4.09910", "0.86680", "0.00940"], ["-3.96330", "-0.43570", "-0.46350"], ["-2.72250", "-1.09490", "-0.43420"], ["-2.62580", "-2.51160", "-0.97230"], ["-3.74710", "-3.44680", "-0.52900"], ["6.49040", "2.40170", "-0.42200"], ["5.58670", "2.58030", "-1.93570"], ["4.99200", "3.34720", "-0.44980"], ["4.64430", "1.08910", "0.57090"], ["5.23570", "0.32600", "-0.90660"], ["2.75530", "2.12770", "-0.73100"], ["3.33900", "1.36770", "-2.19590"], ["3.00550", "-0.89220", "-1.17800"], ["2.41010", "-0.11140", "0.31510"], ["-0.30390", "-1.07790", "-2.02800"], ["1.01730", "-1.96660", "-1.27520"], ["-1.40790", "-0.95860", "2.50570"], ["0.03630", "-1.59650", "3.28770"], ["0.32500", "1.14290", "1.20780"], ["-0.82530", "2.17440", "2.01280"], ["0.04990", "2.53110", "-0.91320"], ["0.69100", "3.43480", "0.47140"], ["-1.00020", "3.62670", "-0.00700"], ["-3.11840", "2.56680", "0.86130"], ["-5.07060", "1.35450", "-0.01390"], ["-4.84680", "-0.93020", "-0.86040"], ["-1.68650", "-2.98000", "-0.66320"], ["-2.60480", "-2.46120", "-2.06770"], ["-4.70900", "-3.16690", "-0.96920"], ["-3.52900", "-4.47030", "-0.85150"], ["-3.85860", "-3.44890", "0.55980"]], "bond_dist": [[0.0, 1.5202453124413835, 2.5176096917512845, 3.875489231051997, 4.907421460400562, 6.18593985098465, 6.823474995191233, 7.0541513933286115, 6.695145961814425, 8.12547212166776, 9.653588707832958, 7.681573954600711, 7.4923910809567325, 6.368106740625505, 5.765962145210458, 8.632255335658229, 9.75400746052616, 9.889558608957227, 8.95356875720514, 9.513081314695045, 10.963822907179775, 1.0945290037271744, 1.094654392947838, 1.094689960673797, 2.146162836319742, 2.146390556259508, 2.7528892840068955, 2.756682696648274, 4.180313698755154, 4.173759031137279, 6.884549604004607, 6.30192244477826, 8.394496888438281, 7.954278438676885, 5.710131905656821, 6.936838656044985, 5.436640312729912, 5.069347708532134, 6.644552013491955, 8.77384561637598, 10.64682027132984, 10.873565046938378, 9.002134163630311, 9.545789131339534, 11.643661637990002, 11.368979210553602, 11.144143517561142], [1.5202453124413835, 0.0, 1.525962165323898, 2.5244694908039587, 3.7554095196130075, 4.896791060480322, 5.514635101255567, 5.644787897698194, 5.2056721660127625, 6.778505071916668, 8.233253899279434, 6.514325117001761, 6.510682660059543, 5.509642065506616, 5.208350257999168, 7.765551953982408, 8.82059476169266, 8.815889489438941, 7.768967858087714, 8.224257944033614, 9.640199115682208, 2.1591106247712277, 2.1684972700005876, 2.168424142090288, 1.0961865762724883, 1.0962418848046263, 2.1647055457960094, 2.1663919128357176, 2.77137996492722, 2.7666646453807875, 5.700847896585208, 4.914897120998567, 7.148562665319512, 6.636932427710862, 4.7029802051465195, 6.154576946468376, 4.852465581536874, 4.694938621537028, 6.215882628396389, 8.055448802518702, 9.784236423962781, 9.786901494344367, 7.633518645421651, 8.31589843672949, 10.382123912283074, 9.998324299601409, 9.798527724612509], [2.5176096917512845, 1.525962165323898, 0.0, 1.5249872065037136, 2.3898479010179705, 3.6944615629344417, 4.417172947712145, 4.8670744272098405, 4.683632454623228, 6.082533649721964, 7.547555878560953, 5.279238863699955, 5.280513068822006, 4.433429861856393, 4.032020498459798, 6.492444502650755, 7.484641684142267, 7.475863158191166, 6.489672057199809, 7.012370259762386, 8.480791237850394, 3.4682335301994875, 2.7799969928041293, 2.7798763911368436, 2.160245847120184, 2.160407521742136, 1.0968374400976655, 1.0971689979214687, 2.1603954406543258, 2.1554578283974846, 4.3806497839932375, 3.9416053201709578, 6.324965316110438, 6.164258349550252, 3.7642749926114587, 5.247872885274567, 3.492241499381164, 3.746650518796756, 5.029014736506546, 6.834139098672195, 8.434420703877654, 8.428895516614261, 6.54659712980721, 7.032435024939797, 9.139302854156872, 8.904501080352563, 8.715981295298883], [3.875489231051997, 2.5244694908039587, 1.5249872065037136, 0.0, 1.4262559973581184, 2.3770248421083027, 3.104478308830648, 3.474219103626022, 3.2411713330214433, 4.8152157272545955, 6.148986207497948, 4.190076113867145, 4.515790133520379, 3.966356726266562, 4.052188574091784, 5.8460999769076825, 6.700922651396597, 6.482786997889103, 5.342812879935064, 5.705518374346015, 7.132496565719468, 4.677248513816644, 4.1959839775671215, 4.19455342199858, 2.7594624367800336, 2.7614038422512555, 2.153673334096887, 2.1531785922212765, 1.0959049685077624, 1.0942573052075093, 3.2514686081830777, 2.504971908026116, 5.1858641835281425, 5.0049508748837885, 3.1571651112984256, 4.854597315947019, 3.531660780709269, 4.083785759561831, 5.10386004706242, 6.391494457480191, 7.7280132330373235, 7.402934232451346, 5.1325457055928885, 5.807727631354624, 7.870693083839568, 7.49840837844939, 7.348763598048314], [4.907421460400562, 3.7554095196130075, 2.3898479010179705, 1.4262559973581184, 0.0, 1.4265367678402123, 2.363994175119727, 3.2760810658468142, 3.469760294314292, 4.6084888401730995, 5.866061834825814, 3.1665087478167493, 3.569141571862904, 3.3896385367764514, 3.4296284303113653, 4.802506704836548, 5.524215036545917, 5.269899667925377, 4.208120936950363, 4.658103112856134, 6.15313407703749, 5.836054212393851, 5.063774674094415, 5.06177111691155, 4.0614853871459395, 4.063854624614418, 2.616628529233754, 2.616685816065811, 2.0735654535123795, 2.0714321470905097, 2.036916340942848, 2.0919675547197185, 4.779824132747983, 5.081060679621923, 2.8941818688534418, 4.4349574304608606, 2.711658743278733, 3.82118636028132, 4.357091668762548, 5.437851223599263, 6.532066369840404, 6.158031221096562, 4.289603707803321, 4.652242367933983, 6.772016817019876, 6.607819769031235, 6.478403622035293], [6.18593985098465, 4.896791060480322, 3.6944615629344417, 2.3770248421083027, 1.4265367678402123, 0.0, 1.456373623078913, 2.45563652847892, 2.758236960451368, 3.847740625354053, 4.79121369801014, 2.4512372263818123, 3.3895761785214384, 3.7223048585520235, 4.205715028386969, 4.606929122528368, 5.046914972535203, 4.4754712869149325, 3.2216495355640413, 3.370797795774763, 4.838248825763305, 7.0408304836858555, 6.372888958706247, 6.401999077631924, 5.067825225873521, 5.031003400913181, 3.985148123972307, 3.934680089918366, 2.603201870773759, 2.6812822249811745, 1.0953500855890779, 1.0963044923742673, 4.123753737797639, 4.530566626813914, 3.260462148223776, 4.718867107685911, 3.618813912043558, 4.8012658945324, 5.034834855285722, 5.45980841605271, 6.101839805337404, 5.266747188730441, 2.8913045740634105, 3.4354525728060925, 5.538546251499575, 5.220497375729634, 5.195622559424423], [6.823474995191233, 5.514635101255567, 4.417172947712145, 3.104478308830648, 2.363994175119727, 1.456373623078913, 0.0, 1.3908734126440119, 2.294926421478475, 2.50737512351064, 3.6103284545869228, 1.4190648223389937, 2.44715718743198, 2.9454316848299165, 3.9127872482413353, 3.722969139007198, 4.219399304403412, 3.7258858181645875, 2.455443027235615, 2.94139106716533, 4.247646248217947, 7.632100808427519, 7.1953292495896255, 6.88884167476652, 5.412975123718933, 5.795738373149705, 4.464108253615721, 4.914002692306955, 3.5520667687981318, 2.8845669969685224, 2.0943014157470268, 2.1217654842135594, 2.672600306817314, 3.295060013110535, 2.520212727132374, 3.765863339262326, 3.6911671514576523, 4.575213597199588, 4.685708777762442, 4.609821260092413, 5.306654160579903, 4.62120674932425, 2.506720145927742, 3.446602618521607, 4.999137016525952, 4.808374009995478, 4.326801796939629], [7.0541513933286115, 5.644787897698194, 4.8670744272098405, 3.474219103626022, 3.2760810658468142, 2.45563652847892, 1.3908734126440119, 0.0, 1.2369477636505108, 1.5211149726434225, 2.687335487057766, 2.472491185019676, 3.3274784131531194, 3.558858786184133, 4.75492921713878, 4.590517210511251, 5.118935813233059, 4.619005148297628, 3.3576356577210698, 3.601059913414382, 4.599477850800023, 7.710476360121987, 7.5773994140470124, 7.177818372597624, 5.316893641968024, 5.842018105072937, 5.0056615636696815, 5.55245079672031, 3.7674016164990958, 2.884831747260141, 3.2834168315947947, 2.589045248735526, 2.208054150151214, 2.1374976584782495, 2.865980589606287, 4.1072574864500515, 4.728616069210948, 5.224912342805379, 5.593622023340512, 5.407934860924269, 6.184686152910267, 5.462145002652346, 2.888622187133513, 4.317365398017638, 5.513660060250359, 5.027228096078394, 4.422706363755116], [6.695145961814425, 5.2056721660127625, 4.683632454623228, 3.2411713330214433, 3.469760294314292, 2.758236960451368, 2.294926421478475, 1.2369477636505108, 0.0, 2.3881775080592313, 3.2196462088248143, 3.597651018372961, 4.457014141776981, 4.474910449383318, 5.520208294077317, 5.772697200616017, 6.319667074300671, 5.7553763986380595, 4.426644681923319, 4.390872351822585, 5.363306451248148, 7.234632996220333, 7.231973894449565, 6.984413869466786, 4.858192739074893, 5.205574005813384, 5.057511409774574, 5.386026741485787, 3.2267112560624325, 2.633720934343652, 3.711025968650718, 2.4182786708731485, 3.295385852976856, 2.599126016567877, 3.5966236542068177, 5.041053021938968, 5.399658316967843, 5.829442956235184, 6.463813031794779, 6.562268279337564, 7.393581009226855, 6.5472241644837545, 3.478408125852974, 4.98525255227857, 6.353706460799081, 5.578584492503452, 5.24613566256154], [8.12547212166776, 6.778505071916668, 6.082533649721964, 4.8152157272545955, 4.6084888401730995, 3.847740625354053, 2.50737512351064, 1.5211149726434225, 2.3881775080592313, 0.0, 1.7759139900344274, 2.9080248795359367, 3.4696981006998286, 3.7728737985784786, 5.2192235955168655, 4.476601132555815, 4.960960231648707, 4.59769393935699, 3.6054741505105814, 4.023652378126123, 4.624375229152583, 8.731481149266715, 8.753942759694057, 8.122337350172055, 6.281773466147916, 7.075089869393886, 6.046075322885087, 6.8570891470069135, 5.2109064528160545, 4.062022433468333, 4.531890908881192, 4.079967943501517, 1.0888768755006233, 1.0943604342263114, 3.277894314952817, 3.9360070299733967, 5.471664493552214, 5.691253130023299, 5.904621144493523, 5.20685778373099, 5.928999380165257, 5.404313716837689, 3.5049555289618155, 4.971274599134512, 5.4960041757626055, 5.1628034758259, 4.099937216592468], [9.653588707832958, 8.233253899279434, 7.547555878560953, 6.148986207497948, 5.866061834825814, 4.79121369801014, 3.6103284545869228, 2.687335487057766, 3.2196462088248143, 1.7759139900344274, 0.0, 3.896252401988352, 4.755077468348965, 5.391422099965834, 6.824484110905381, 5.525503088407426, 5.600330138482909, 4.912939264839328, 3.9818252711539217, 3.858652109221561, 3.9001024063478127, 10.230942277229406, 10.232611614832257, 9.749297435712995, 7.778355362157222, 8.37266299214294, 7.638060992817484, 8.234112460368756, 6.318051061838611, 5.505124444551639, 5.270890142091751, 4.786337115164372, 2.360855308992908, 2.3627260823040825, 4.994409935117461, 5.557033462199054, 6.985733431072218, 7.393665432652468, 7.432512743345954, 6.364783193479571, 6.475139381511412, 5.42018355132001, 3.298248847494683, 4.895601419641922, 4.85267712093026, 4.205894655123926, 3.177119689278325], [7.681573954600711, 6.514325117001761, 5.279238863699955, 4.190076113867145, 3.1665087478167493, 2.4512372263818123, 1.4190648223389937, 2.472491185019676, 3.597651018372961, 2.9080248795359367, 3.896252401988352, 0.0, 1.4149718053728138, 2.579273370544503, 3.5752388787324407, 2.4266969444081803, 2.8003615302314087, 2.424452371155185, 1.4181748940099033, 2.5752006057781207, 3.787928560572388, 8.56386339101693, 8.017865999129695, 7.585950591059765, 6.431198925550352, 6.932578035622822, 5.0826222474230764, 5.695540238642863, 4.787147946324617, 4.022253802285481, 2.5408205190449795, 3.3277620618067028, 2.530684952735129, 3.8239452846503963, 2.7128397483080344, 3.316229747770802, 3.482165847572456, 4.470477478972464, 4.054991154121055, 3.419574622668732, 3.887630287205819, 3.4211395893766157, 2.6930803144354982, 3.132451959727395, 4.299016582894279, 4.609741681482814, 3.844819389776326], [7.4923910809567325, 6.510682660059543, 5.280513068822006, 4.515790133520379, 3.569141571862904, 3.3895761785214384, 2.44715718743198, 3.3274784131531194, 4.457014141776981, 3.4696981006998286, 4.755077468348965, 1.4149718053728138, 0.0, 1.5141466012245974, 2.5258715901644724, 1.4042617170598932, 2.4309597960476435, 2.808115786430467, 2.4623594660406507, 3.870172410888176, 4.947045705266933, 8.394708524421798, 7.882392080453751, 7.1975660385994376, 6.369368153121627, 7.130073324307402, 4.797669798975332, 5.759381416437011, 5.348774125909599, 4.27078782