{"total energy": -35.6813396, "HOMO-LUMO gap/eV": 3.84677919, "electronic energy": -36.16003281, "dipole": [0.83615361, -0.69350984, -0.68414872], "partial charges": [-0.09968616, -0.0519965, -0.05811992, -0.05949363, -0.05673821, -0.0570313, -0.05293513, -0.08351617, 0.23497913, -0.36468737, -0.13631923, 0.03166168, 0.03123492, 0.03072337, 0.02994057, 0.02851311, 0.02783233, 0.02845405, 0.03542584, 0.03162597, 0.02845772, 0.0267225, 0.02303697, 0.04190785, 0.03068364, 0.05225758, 0.05328907, 0.0589199, 0.06377465, 0.06270075, 0.06838199], "atomic dipole moments": [[0.09762459, 0.02100595, 0.0074846], [-0.03873001, -0.10215379, -0.01931074], [0.03849096, 0.10004223, 0.01815624], [-0.03858558, -0.10424166, -0.02123095], [0.04221942, 0.09792613, 0.02556873], [-0.0541256, 0.04531569, -0.09320463], [0.08512215, -0.0503813, 0.08170521], [-0.05900277, 0.03994053, 0.04835298], [-0.00776289, 0.00590998, 0.0135143], [0.10763627, -0.08873439, -0.08413886], [-0.07166155, -0.0090476, -0.03233111], [-0.03613983, -0.0821916, 0.08813041], [-0.02784011, -0.04809331, -0.11270712], [-0.06768747, 0.10340652, 0.01473132], [0.01905396, 0.05318081, 0.11019251], [0.02696491, 0.08595495, -0.08446725], [-0.02233572, -0.05258144, -0.10968957], [-0.03056103, -0.085475, 0.08427124], [0.02231454, 0.05334228, 0.11156457], [0.02772952, 0.08632873, -0.08526367], [-0.03353411, -0.08720843, 0.07794326], [-0.01845116, -0.05065264, -0.1108912], [0.05402074, -0.10706833, 0.00100685], [0.01800339, 0.04408314, 0.1185678], [-0.02050976, -0.04458824, -0.1107116], [-0.0568524, 0.11635586, 0.00028539], [0.05307542, -0.11868623, 0.01313854], [0.04381536, 0.05519569, -0.10970797], [0.07049752, 0.05246793, -0.10297482], [0.03719555, -0.12439092, 0.03547823], [0.01912576, 0.07831255, 0.10606774]], "atomic quadrupole moments": [[0.21786246, 0.06656494, -0.09254993, 0.0255788, 0.00897875, -0.12531253], [0.21177811, -0.06832233, 0.01832546, 0.00645923, 0.03948403, -0.23010357], [0.20481931, -0.07633458, 0.03000969, 0.00563599, 0.04166392, -0.23482899], [0.20453359, -0.06906769, 0.03458319, 0.00253207, 0.04251869, -0.23911677], [0.19711668, -0.07822211, 0.01176588, 0.02980246, 0.03690537, -0.20888255], [0.14780633, 0.11564457, -0.08229174, -0.0290475, -0.13622906, -0.06551459], [0.1826033, 0.10346143, -0.12982806, -0.02934308, -0.12606405, -0.05277523], [0.13140867, 0.04260642, -0.11940487, 0.05954237, 0.14477994, -0.0120038], [-0.27773677, 0.11817415, 0.23107084, -0.07773734, -0.46008806, 0.04666593], [-0.12103843, 0.04897543, 0.09950287, -0.03941043, -0.19822109, 0.02153555], [0.21694583, -0.02652624, -0.11484453, 0.05368414, 0.02097739, -0.10210131], [-0.02698093, 0.01924968, 0.0061003, -0.00917107, -0.06319259, 0.02088063], [-0.02857804, 0.01149371, -0.0320135, 0.00868591, 0.04592139, 0.06059154], [0.00015818, -0.04776539, 0.0523319, -0.00581384, 0.01625006, -0.05249007], [-0.01670645, -0.00228538, -0.02819747, 0.0146282, 0.02765139, 0.04490393], [-0.01402528, 0.00643066, -0.00308519, -0.01800841, -0.04415891, 0.01711047], [-0.02103237, -0.00140926, -0.0263004, 0.01214127, 0.02749763, 0.04733277], [-0.01818067, 0.00645849, -0.00157798, -0.01580222, -0.04366185, 0.01975866], [-0.01923695, -0.00140788, -0.02675829, 0.01272443, 0.02645225, 0.04599524], [-0.01523446, 0.0076353, -0.0025119, -0.01841726, -0.04227822, 0.01774636], [-0.00737767, 0.00654065, -0.00136988, -0.02254933, -0.04753231, 0.00874755], [-0.02218268, -0.00931366, -0.03018267, 0.01116645, 0.02426836, 0.05236536], [0.00055675, -0.03267153, 0.04105231, -0.01693999, 0.00563742, -0.04160906], [-0.02435228, 0.01537113, -0.00602884, 0.00022182, 0.03881661, 0.03038112], [-0.02293541, 0.02185257, -0.01690187, 0.00415418, 0.03782786, 0.03983728], [-0.00887112, -0.02481511, 0.04019857, -0.0133578, 0.01051057, -0.03132745], [0.00410334, -0.02604583, 0.04856587, 0.02132146, -0.00672587, -0.05266921], [0.00394491, 0.02827011, -0.03488635, -0.01816572, -0.04285981, 0.03094144], [-0.00934524, 0.02745879, -0.03856356, -0.04947849, -0.02450365, 0.0479088], [-0.03634256, -0.03378657, 0.07492312, 0.01811466, -0.01178939, -0.03858056], [-0.02826329, 0.00488263, -0.00207876, 0.01192479, 0.06063217, 0.03034205]], "number of molecular orbitals": 64, "number of electrons": 66, "number of unpaired electrons": 0, "orbital energies/eV": [-19.07711161, -17.41691906, -17.08077239, -16.80793099, -16.64557666, -16.27605077, -15.89020496, -15.48791449, -15.27090578, -14.95683456, -14.9487846, -14.68547469, -14.59385404, -14.087962, -13.92053155, -13.68438648, -13.47854285, -13.38465434, -13.17478794, -13.0335831, -12.96983088, -12.813271, -12.6234773, -12.44167464, -12.24815539, -12.11559416, -11.86436725, -11.69581483, -11.4956301, -11.40987669, -11.25572723, -11.19757116, -10.71685198, -6.87007278, 1.41142265, 1.68550676, 2.22069309, 2.97204419, 3.03685382, 3.30985328, 3.50256905, 3.76753952, 3.85605206, 4.07231767, 4.14797947, 4.39231713, 4.5421254, 4.69007056, 4.80607907, 4.99806522, 5.14208857, 5.57144796, 5.67588357, 5.92522324, 6.16829488, 6.64724225, 6.74438441, 7.02977831, 7.24416831, 7.56053757, 7.82355619, 8.25106877, 8.62010862, 15.17457295], "fractional occupation": [2.0, 2.0, 2.0, 2.0, 2.0, 2.0, 2.0, 2.0, 2.0, 2.0, 2.0, 2.0, 2.0, 2.0, 2.0, 2.0, 2.0, 2.0, 2.0, 2.0, 2.0, 2.0, 2.0, 2.0, 2.0, 2.0, 2.0, 2.0, 2.0, 2.0, 2.0, 2.0, 2.0, 0.0, 0.0, 0.0, 0.0, 0.0, 0.0, 0.0, 0.0, 0.0, 0.0, 0.0, 0.0, 0.0, 0.0, 0.0, 0.0, 0.0, 0.0, 0.0, 0.0, 0.0, 0.0, 0.0, 0.0, 0.0, 0.0, 0.0, 0.0, 0.0, 0.0, 0.0], "program call": "xtb /home/svss/Project-DBcg-Debug/aqme2_20220329/End-to-End-workflows-final/example-3/QDESCP/mol_245_rdkit_conf_12/mol_245_rdkit_conf_12.xyz --pop --wbo --acc 0.2 --gfn 2 --chrg 0 --uhf 0 --etemp 300 --input /home/svss/Project-DBcg-Debug/aqme2_20220329/End-to-End-workflows-final/example-3/QDESCP/mol_245_rdkit_conf_12/mol_245_rdkit_conf_12_xtb.inp", "method": "GFN2-xTB", "xtb version": "6.3.3 (7355c4f)", "Dipole module/D": 3.263, "Total charge": 0, "Transition dipole module/D": NaN, "HOMO": -10.7169, "LUMO": -6.8701, "HOMO occupancy": 2.0, "LUMO occupancy": 0, "mulliken charges": [-0.0836, -0.03831, -0.04683, -0.04678, -0.04477, -0.04696, -0.0337, -0.08481, 0.39779, -0.49386, -0.12673, 0.02617, 0.02564, 0.02776, 0.02363, 0.02224, 0.02086, 0.02187, 0.02955, 0.02399, 0.02424, 0.02003, 0.01805, 0.03784, 0.02275, 0.0425, 0.04056, 0.05129, 0.05341, 0.05195, 0.06422], "cm5 charges": [-0.23393, -0.15084, -0.15755, -0.15762, -0.15536, -0.15681, -0.14231, -0.18706, 0.41289, -0.54577, -0.2685, 0.07747, 0.07694, 0.07854, 0.07833, 0.07695, 0.0762, 0.07719, 0.08509, 0.08001, 0.07916, 0.07524, 0.07315, 0.09582, 0.07786, 0.10115, 0.09702, 0.10734, 0.10601, 0.10451, 0.1189], "FUKUI+": [0.004, 0.001, 0.003, 0.002, 0.008, 0.007, 0.021, 0.03, -0.195, -0.297, 0.051, -0.006, -0.006, -0.009, -0.001, -0.001, -0.009, -0.009, 0.003, 0.004, -0.023, -0.018, -0.016, 0.012, -0.054, -0.021, -0.092, -0.097, -0.108, -0.107, -0.077], "FUKUI-": [0.017, 0.006, 0.01, 0.008, 0.01, 0.008, 0.01, -0.003, -0.024, -0.114, 0.002, -0.051, -0.048, -0.043, -0.063, -0.065, -0.059, -0.064, -0.038, -0.04, -0.037, -0.036, -0.042, -0.035, -0.057, -0.026, -0.044, -0.049, -0.048, -0.046, -0.04], "FUKUIrad": [0.011, 0.004, 0.007, 0.005, 0.009, 0.008, 0.015, 0.013, -0.11, -0.205, 0.027, -0.029, -0.027, -0.026, -0.032, -0.033, -0.034, -0.036, -0.018, -0.018, -0.03, -0.027, -0.029, -0.012, -0.055, -0.024, -0.068, -0.073, -0.078, -0.076, -0.058], "s proportion": [1.007, 1.027, 1.032, 1.032, 1.032, 1.032, 1.028, 1.042, 1.076, 1.739, 1.022, 0.974, 0.974, 0.972, 0.976, 0.978, 0.979, 0.978, 0.97, 0.976, 0.976, 0.98, 0.982, 0.962, 0.977, 0.958, 0.959, 0.949, 0.947, 0.948, 0.936], "p proportion": [3.076, 3.011, 3.014, 3.015, 3.013, 3.015, 3.006, 3.043, 2.527, 4.755, 3.105, 0.0, 0.0, 0.0, 0.0, 0.0, 0.0, 0.0, 0.0, 0.0, 0.0, 0.0, 0.0, 0.0, 0.0, 0.0, 0.0, 0.0, 0.0, 0.0, 0.0], "d proportion": [0.0, 0.0, 0.0, 0.0, 0.0, 0.0, 0.0, 0.0, 0.0, 0.0, 0.0, 0.0, 0.0, 0.0, 0.0, 0.0, 0.0, 0.0, 0.0, 0.0, 0.0, 0.0, 0.0, 0.0, 0.0, 0.0, 0.0, 0.0, 0.0, 0.0, 0.0], "Fermi-level/eV": -8.7935, "Coordination numbers": [3.75, 3.8, 3.802, 3.801, 3.8, 3.8, 3.8, 3.801, 2.809, 0.857, 3.751, 0.924, 0.924, 0.924, 0.924, 0.924, 0.924, 0.924, 0.924, 0.924, 0.924, 0.924, 0.924, 0.924, 0.924, 0.924, 0.924, 0.924, 0.924, 0.924, 0.924], "Dispersion coefficient C6": [22.467, 21.508, 21.619, 21.645, 21.595, 21.601, 21.526, 22.093, 23.085, 20.988, 23.186, 2.563, 2.569, 2.576, 2.587, 2.608, 2.618, 2.609, 2.511, 2.564, 2.609, 2.634, 2.688, 2.424, 2.577, 2.292, 2.279, 2.212, 2.155, 2.168, 2.103], "Total dispersion C6": 6846.924404, "Total dispersion C8": 145508.67086, "Polarizability alpha": [6.76, 6.603, 6.62, 6.624, 6.616, 6.617, 6.606, 6.692, 7.872, 6.142, 6.867, 2.504, 2.507, 2.51, 2.516, 2.525, 2.53, 2.526, 2.478, 2.504, 2.526, 2.538, 2.564, 2.435, 2.51, 2.368, 2.361, 2.326, 2.296, 2.302, 2.268], "Total polarizability alpha": 123.111613, "Wiberg matrix": [[0.0, 1.0200742864373682, 0.0, 0.0, 0.0, 0.0, 0.0, 0.0, 0.0, 0.0, 0.0, 0.987747231276728, 0.9877659583375389, 0.9874413149071093, 0.0, 0.0, 0.0, 0.0, 0.0, 0.0, 0.0, 0.0, 0.0, 0.0, 0.0, 0.0, 0.0, 0.0, 0.0, 0.0, 0.0], [1.0200742864373682, 0.0, 1.007805413856866, 0.0, 0.0, 0.0, 0.0, 0.0, 0.0, 0.0, 0.0, 0.0, 0.0, 0.0, 0.9780158020606475, 0.9780621422369791, 0.0, 0.0, 0.0, 0.0, 0.0, 0.0, 0.0, 0.0, 0.0, 0.0, 0.0, 0.0, 0.0, 0.0, 0.0], [0.0, 1.007805413856866, 0.0, 1.0068631556230296, 0.0, 0.0, 0.0, 0.0, 0.0, 0.0, 0.0, 0.0, 0.0, 0.0, 0.0, 0.0, 0.9774165100988024, 0.9771852174177262, 0.0, 0.0, 0.0, 0.0, 0.0, 0.0, 0.0, 0.0, 0.0, 0.0, 0.0, 0.0, 0.0], [0.0, 0.0, 1.0068631556230296, 0.0, 1.0081364847221008, 0.0, 0.0, 0.0, 0.0, 0.0, 0.0, 0.0, 0.0, 0.0, 0.0, 0.0, 0.0, 0.0, 0.9768051777252078, 0.9753361971732084, 0.0, 0.0, 0.0, 0.0, 0.0, 0.0, 0.0, 0.0, 0.0, 0.0, 0.0], [0.0, 0.0, 0.0, 1.0081364847221008, 0.0, 1.0063706426222156, 0.0, 0.0, 0.0, 0.0, 0.0, 0.0, 0.0, 0.0, 0.0, 0.0, 0.0, 0.0, 0.0, 0.0, 0.9769281335813771, 0.9773099214007821, 0.0, 0.0, 0.0, 0.0, 0.0, 0.0, 0.0, 0.0, 0.0], [0.0, 0.0, 0.0, 0.0, 1.0063706426222156, 0.0, 1.0087582439347378, 0.0, 0.0, 0.0, 0.0, 0.0, 0.0, 0.0, 0.0, 0.0, 0.0, 0.0, 0.0, 0.0, 0.0, 0.0, 0.977017972419956, 0.9763205988283834, 0.0, 0.0, 0.0, 0.0, 0.0, 0.0, 0.0], [0.0, 0.0, 0.0, 0.0, 0.0, 1.0087582439347378, 0.0, 1.006288748787472, 0.0, 0.0, 0.0, 0.0, 0.0, 0.0, 0.0, 0.0, 0.0, 0.0, 0.0, 0.0, 0.0, 0.0, 0.0, 0.0, 0.9766621430291343, 0.9726106849831305, 0.0, 0.0, 0.0, 0.0, 0.0], [0.0, 0.0, 0.0, 0.0, 0.0, 0.0, 1.006288748787472, 0.0, 0.9924412188110805, 0.0, 0.0, 0.0, 0.0, 0.0, 0.0, 0.0, 0.0, 0.0, 0.0, 0.0, 0.0, 0.0, 0.0, 0.0, 0.0, 0.0, 0.9582158944495138, 0.94674635009796, 0.0, 0.0, 0.0], [0.0, 0.0, 0.0, 0.0, 0.0, 0.0, 0.0, 0.9924412188110805, 0.0, 1.8573938646258241, 1.0080167733886427, 0.0, 0.0, 0.0, 0.0, 0.0, 0.0, 0.0, 0.0, 0.0, 0.0, 0.0, 0.0, 0.0, 0.0, 0.0, 0.0, 0.0, 0.0, 0.0, 0.0], [0.0, 0.0, 0.0, 0.0, 0.0, 0.0, 0.0, 0.0, 1.8573938646258241, 0.0, 0.0, 0.0, 0.0, 0.0, 0.0, 0.0, 0.0, 0.0, 0.0, 0.0, 0.0, 0.0, 0.0, 0.0, 0.0, 0.0, 0.0, 0.0, 0.0, 0.0, 0.0], [0.0, 0.0, 0.0, 0.0, 0.0, 0.0, 0.0, 0.0, 1.0080167733886427, 0.0, 0.0, 0.0, 0.0, 0.0, 0.0, 0.0, 0.0, 0.0, 0.0, 0.0, 0.0, 0.0, 0.0, 0.0, 0.0, 0.0, 0.0, 0.0, 0.9622992586381904, 0.9642441993108083, 0.9828696302582983], [0.987747231276728, 0.0, 0.0, 0.0, 0.0, 0.0, 0.0, 0.0, 0.0, 0.0, 0.0, 0.0, 0.0, 0.0, 0.0, 0.0, 0.0, 0.0, 0.0, 0.0, 0.0, 0.0, 0.0, 0.0, 0.0, 0.0, 0.0, 0.0, 0.0, 0.0, 0.0], [0.9877659583375389, 0.0, 0.0, 0.0, 0.0, 0.0, 0.0, 0.0, 0.0, 0.0, 0.0, 0.0, 0.0, 0.0, 0.0, 0.0, 0.0, 0.0, 0.0, 0.0, 0.0, 0.0, 0.0, 0.0, 0.0, 0.0, 0.0, 0.0, 0.0, 0.0, 0.0], [0.9874413149071093, 0.0, 0.0, 0.0, 0.0, 0.0, 0.0, 0.0, 0.0, 0.0, 0.0, 0.0, 0.0, 0.0, 0.0, 0.0, 0.0, 0.0, 0.0, 0.0, 0.0, 0.0, 0.0, 0.0, 0.0, 0.0, 0.0, 0.0, 0.0, 0.0, 0.0], [0.0, 0.9780158020606475, 0.0, 0.0, 0.0, 0.0, 0.0, 0.0, 0.0, 0.0, 0.0, 0.0, 0.0, 0.0, 0.0, 0.0, 0.0, 0.0, 0.0, 0.0, 0.0, 0.0, 0.0, 0.0, 0.0, 0.0, 0.0, 0.0, 0.0, 0.0, 0.0], [0.0, 0.9780621422369791, 0.0, 0.0, 0.0, 0.0, 0.0, 0.0, 0.0, 0.0, 0.0, 0.0, 0.0, 0.0, 0.0, 0.0, 0.0, 0.0, 0.0, 0.0, 0.0, 0.0, 0.0, 0.0, 0.0, 0.0, 0.0, 0.0, 0.0, 0.0, 0.0], [0.0, 0.0, 0.9774165100988024, 0.0, 0.0, 0.0, 0.0, 0.0, 0.0, 0.0, 0.0, 0.0, 0.0, 0.0, 0.0, 0.0, 0.0, 0.0, 0.0, 0.0, 0.0, 0.0, 0.0, 0.0, 0.0, 0.0, 0.0, 0.0, 0.0, 0.0, 0.0], [0.0, 0.0, 0.9771852174177262, 0.0, 0.0, 0.0, 0.0, 0.0, 0.0, 0.0, 0.0, 0.0, 0.0, 0.0, 0.0, 0.0, 0.0, 0.0, 0.0, 0.0, 0.0, 0.0, 0.0, 0.0, 0.0, 0.0, 0.0, 0.0, 0.0, 0.0, 0.0], [0.0, 0.0, 0.0, 0.9768051777252078, 0.0, 0.0, 0.0, 0.0, 0.0, 0.0, 0.0, 0.0, 0.0, 0.0, 0.0, 0.0, 0.0, 0.0, 0.0, 0.0, 0.0, 0.0, 0.0, 0.0, 0.0, 0.0, 0.0, 0.0, 0.0, 0.0, 0.0], [0.0, 0.0, 0.0, 0.9753361971732084, 0.0, 0.0, 0.0, 0.0, 0.0, 0.0, 0.0, 0.0, 0.0, 0.0, 0.0, 0.0, 0.0, 0.0, 0.0, 0.0, 0.0, 0.0, 0.0, 0.0, 0.0, 0.0, 0.0, 0.0, 0.0, 0.0, 0.0], [0.0, 0.0, 0.0, 0.0, 0.9769281335813771, 0.0, 0.0, 0.0, 0.0, 0.0, 0.0, 0.0, 0.0, 0.0, 0.0, 0.0, 0.0, 0.0, 0.0, 0.0, 0.0, 0.0, 0.0, 0.0, 0.0, 0.0, 0.0, 0.0, 0.0, 0.0, 0.0], [0.0, 0.0, 0.0, 0.0, 0.9773099214007821, 0.0, 0.0, 0.0, 0.0, 0.0, 0.0, 0.0, 0.0, 0.0, 0.0, 0.0, 0.0, 0.0, 0.0, 0.0, 0.0, 0.0, 0.0, 0.0, 0.0, 0.0, 0.0, 0.0, 0.0, 0.0, 0.0], [0.0, 0.0, 0.0, 0.0, 0.0, 0.977017972419956, 0.0, 0.0, 0.0, 0.0, 0.0, 0.0, 0.0, 0.0, 0.0, 0.0, 0.0, 0.0, 0.0, 0.0, 0.0, 0.0, 0.0, 0.0, 0.0, 0.0, 0.0, 0.0, 0.0, 0.0, 0.0], [0.0, 0.0, 0.0, 0.0, 0.0, 0.9763205988283834, 0.0, 0.0, 0.0, 0.0, 0.0, 0.0, 0.0, 0.0, 0.0, 0.0, 0.0, 0.0, 0.0, 0.0, 0.0, 0.0, 0.0, 0.0, 0.0, 0.0, 0.0, 0.0, 0.0, 0.0, 0.0], [0.0, 0.0, 0.0, 0.0, 0.0, 0.0, 0.9766621430291343, 0.0, 0.0, 0.0, 0.0, 0.0, 0.0, 0.0, 0.0, 0.0, 0.0, 0.0, 0.0, 0.0, 0.0, 0.0, 0.0, 0.0, 0.0, 0.0, 0.0, 0.0, 0.0, 0.0, 0.0], [0.0, 0.0, 0.0, 0.0, 0.0, 0.0, 0.9726106849831305, 0.0, 0.0, 0.0, 0.0, 0.0, 0.0, 0.0, 0.0, 0.0, 0.0, 0.0, 0.0, 0.0, 0.0, 0.0, 0.0, 0.0, 0.0, 0.0, 0.0, 0.0, 0.0, 0.0, 0.0], [0.0, 0.0, 0.0, 0.0, 0.0, 0.0, 0.0, 0.9582158944495138, 0.0, 0.0, 0.0, 0.0, 0.0, 0.0, 0.0, 0.0, 0.0, 0.0, 0.0, 0.0, 0.0, 0.0, 0.0, 0.0, 0.0, 0.0, 0.0, 0.0, 0.0, 0.0, 0.0], [0.0, 0.0, 0.0, 0.0, 0.0, 0.0, 0.0, 0.94674635009796, 0.0, 0.0, 0.0, 0.0, 0.0, 0.0, 0.0, 0.0, 0.0, 0.0, 0.0, 0.0, 0.0, 0.0, 0.0, 0.0, 0.0, 0.0, 0.0, 0.0, 0.0, 0.0, 0.0], [0.0, 0.0, 0.0, 0.0, 0.0, 0.0, 0.0, 0.0, 0.0, 0.0, 0.9622992586381904, 0.0, 0.0, 0.0, 0.0, 0.0, 0.0, 0.0, 0.0, 0.0, 0.0, 0.0, 0.0, 0.0, 0.0, 0.0, 0.0, 0.0, 0.0, 0.0, 0.0], [0.0, 0.0, 0.0, 0.0, 0.0, 0.0, 0.0, 0.0, 0.0, 0.0, 0.9642441993108083, 0.0, 0.0, 0.0, 0.0, 0.0, 0.0, 0.0, 0.0, 0.0, 0.0, 0.0, 0.0, 0.0, 0.0, 0.0, 0.0, 0.0, 0.0, 0.0, 0.0], [0.0, 0.0, 0.0, 0.0, 0.0, 0.0, 0.0, 0.0, 0.0, 0.0, 0.9828696302582983, 0.0, 0.0, 0.0, 0.0, 0.0, 0.0, 0.0, 0.0, 0.0, 0.0, 0.0, 0.0, 0.0, 0.0, 0.0, 0.0, 0.0, 0.0, 0.0, 0.0]], "Born radii": [], "Atomic SASAs": [], "Solvent H bonds": [], "Total SASA": NaN, "Total FOD": 0.0, "FOD": [0.0, 0.0, 0.0, 0.0, 0.0, 0.0, 0.0, 0.0, 0.0, 0.0, 0.0, 0.0, 0.0, 0.0, 0.0, 0.0, 0.0, 0.0, 0.0, 0.0, 0.0, 0.0, 0.0, 0.0, 0.0, 0.0, 0.0, 0.0, 0.0, 0.0, 0.0], "FOD s proportion": [0.0, 0.0, 0.0, 0.0, 0.0, 0.0, 0.0, 0.0, 0.0, 0.0, 0.0, 0.0, 0.0, 0.0, 0.0, 0.0, 0.0, 0.0, 0.0, 0.0, 0.0, 0.0, 0.0, 0.0, 0.0, 0.0, 0.0, 0.0, 0.0, 0.0, 0.0], "FOD p proportion": [0.0, 0.0, 0.0, 0.0, 0.0, 0.0, 0.0, 0.0, 0.0, 0.0, 0.0, 0.0, 0.0, 0.0, 0.0, 0.0, 0.0, 0.0, 0.0, 0.0, 0.0, 0.0, 0.0, 0.0, 0.0, 0.0, 0.0, 0.0, 0.0, 0.0, 0.0], "FOD d proportion": [0.0, 0.0, 0.0, 0.0, 0.0, 0.0, 0.0, 0.0, 0.0, 0.0, 0.0, 0.0, 0.0, 0.0, 0.0, 0.0, 0.0, 0.0, 0.0, 0.0, 0.0, 0.0, 0.0, 0.0, 0.0, 0.0, 0.0, 0.0, 0.0, 0.0, 0.0], "coordinates": [["-5.14330", "0.47090", "-0.06320"], ["-3.66520", "0.80660", "0.05450"], ["-2.79290", "-0.43640", "-0.12020"], ["-1.30600", "-0.09440", "-0.00050"], ["-0.43520", "-1.34000", "-0.17960"], ["1.05680", "-1.07590", "0.04530"], ["1.67670", "-0.15720", "-1.01320"], ["3.18910", "-0.01310", "-0.84310"], ["3.59380", "0.84460", "0.34440"], ["2.79280", "1.52900", "0.97910"], ["5.05990", "0.84560", "0.69210"], ["-5.44390", "-0.25090", "0.70290"], ["-5.37200", "0.04520", "-1.04540"], ["-5.74840", "1.37390", "0.06490"], ["-3.47620", "1.25940", "1.03480"], ["-3.40480", "1.55410", "-0.70390"], ["-2.98810", "-0.88760", "-1.10070"], ["-3.06110", "-1.18230", "0.63800"], ["-1.11050", "0.35320", "0.98140"], ["-1.04990", "0.65560", "-0.75700"], ["-0.75710", "-2.10700", "0.53590"], ["-0.58840", "-1.75930", "-1.18140"], ["1.57890", "-2.04070", "0.02890"], ["1.20400", "-0.65660", "1.04720"], ["1.47900", "-0.57850", "-2.00650"], ["1.20580", "0.83150", "-0.98500"], ["3.65180", "-1.00040", "-0.73700"], ["3.60590", "0.46400", "-1.73740"], ["5.63630", "1.22810", "-0.15380"], ["5.37890", "-0.17010", "0.93840"], ["5.23320", "1.48880", "1.55930"]], "bond_dist": [[0.0, 1.5203050318932712, 2.520083818050503, 3.879222431106523, 5.045702466455984, 6.391056446316211, 6.914434872786062, 8.382803216705017, 8.754581992305514, 8.073886803145063, 10.237976773757595, 1.0946528262421835, 1.094641959729299, 1.09451570112082, 2.1462895098285317, 2.1462061830122474, 2.7507845317290847, 2.7496015202207027, 4.167555433344588, 4.155886919780181, 5.122815598867482, 5.193387843209864, 7.176669827294551, 6.541594736759531, 6.98086760653717, 6.425793212514701, 8.942735271716368, 8.907945548217052, 10.80654136900424, 10.589182045842824, 10.551795056292555], [1.5203050318932712, 0.0, 1.528553688949132, 2.5259949802008714, 3.8853049262573975, 5.083421573113919, 5.532159554821245, 6.9612514923683095, 7.264885891051559, 6.56372690778646, 8.748452707193426, 2.1685254206487876, 2.168565472841436, 2.159087698543068, 1.0962376247876189, 1.0962367308204921, 2.159459443934986, 2.1589655555381144, 2.755214557888369, 2.7424673817568004, 4.144617778517098, 4.192611341395717, 5.967273871710598, 5.180300779877554, 5.712181426565511, 4.980745050692718, 7.578272247023064, 7.4964775448206336, 9.313374973123333, 9.139527718104475, 9.050488519411536], [2.520083818050503, 1.528553688949132, 0.0, 1.5304129181368011, 2.5256228162574077, 3.905962184916797, 4.566478490040219, 6.040371784915229, 6.530447997649166, 6.022566076017763, 7.998113723247501, 2.7820325052019075, 2.7820299081785587, 3.470796500804967, 2.1625590234719607, 2.162687575679853, 1.0968430744641642, 1.0968889141567617, 2.16043062374148, 2.153143571618019, 2.7140105397731973, 2.781371981594695, 4.659253646239922, 4.1697146676961, 4.671985628188512, 4.283112319330419, 6.4986688121491465, 6.6611333450096915, 8.592037118751291, 8.244383839317527, 8.422909028358314], [3.879222431106523, 2.5259949802008714, 1.5304129181368011, 0.0, 1.5303231064059641, 2.5589575475181294, 3.150556208036924, 4.574112860435344, 5.0008716290262845, 4.516105087351268, 6.4720922096336055, 4.200176212970118, 4.2004357119232285, 4.679220000170969, 2.759418157873141, 2.759942979483453, 2.160802325526331, 2.1613848963106963, 1.0966738895405508, 1.0956183003217863, 2.1539672536972336, 2.163646593138538, 3.4801718434583084, 2.777380803923005, 3.466210295120595, 2.852309643078746, 5.093431955960539, 5.23978947859549, 7.068807284825355, 6.750937098655267, 6.906564625050576], [5.045702466455984, 3.8853049262573975, 2.5256228162574077, 1.5303231064059641, 0.0, 1.5317939874539266, 2.560083281848464, 3.9161775176822613, 4.613013565989157, 4.471434969895011, 5.977694560614484, 5.201155712916121, 5.2000368191004185, 5.971191480768307, 4.180828712109598, 4.179620731597545, 2.7514340588136945, 2.7547576771832403, 2.161221258918207, 2.1664870666588345, 1.0972004648194422, 1.0967615830252262, 2.142673925262544, 2.158483365699166, 2.7534718992573723, 2.8384788901804434, 4.138791118188982, 4.691657068669874, 6.592337635467407, 6.035093107815322, 6.569371447102075], [6.391056446316211, 5.083421573113919, 3.905962184916797, 2.5589575475181294, 1.5317939874539266, 0.0, 1.5325494934911565, 2.542735080577605, 3.1959583945977768, 3.2666775858661046, 4.487239920039935, 6.585754569523526, 6.61634046433525, 7.232748525975447, 5.194307012489731, 5.232979571907385, 4.208323763685489, 4.161696127782518, 2.7596737687632573, 2.8425274721627583, 2.1433825556815562, 2.1629867059230854, 1.097130990356211, 1.0960309940873023, 2.1530310819865095, 2.1729919120880314, 2.711405270334924, 3.470910847313714, 5.130290153587807, 4.505402275047146, 5.129541797275854], [6.914434872786062, 5.532159554821245, 4.566478490040219, 3.150556208036924, 2.560083281848464, 1.5325494934911565, 0.0, 1.528742156153221, 2.5538115455138817, 2.838698458801146, 3.9191450815196927, 7.325074966169288, 7.051678827768604, 7.6575894921313195, 5.723061940080677, 5.370833867287276, 4.7224463416750435, 5.120941348033582, 3.465172601761708, 2.856681613340906, 3.48207025919926, 2.77951320558115, 2.1547875765374185, 2.1721173564059564, 1.0969156166269125, 1.0954769463571565, 2.165246565636348, 2.1522471326499657, 4.282062191281206, 4.185115746308576, 4.687831534942355], [8.382803216705017, 6.9612514923683095, 6.040371784915229, 4.574112860435344, 3.9161775176822613, 2.542735080577605, 1.528742156153221, 0.0, 1.5197327495319697, 2.4198220885015496, 2.567897460959063, 8.773559929697864, 8.563688305280618, 9.089947153311728, 7.040737798696952, 6.779012442089186, 6.244109852492988, 6.528834956560013, 4.685033201589931, 4.292283063825124, 4.675313107161915, 4.175304489495347, 2.732085247571898, 2.8156612633624802, 2.144205850658933, 2.1603156389750087, 1.095495225913833, 1.0959558111529863, 2.8292224673927646, 2.82729823152776, 3.493647689736331], [8.754581992305514, 7.264885891051559, 6.530447997649166, 5.0008716290262845, 4.613013565989157, 3.1959583945977768, 2.5538115455138817, 1.5197327495319697, 0.0, 1.2299790445369383, 1.5067665711715268, 9.110909053985777, 9.108026901585216, 9.361355648622693, 7.115729843101128, 7.112153337773307, 6.957746651035808, 6.962917390002555, 4.772596929345699, 4.7762697421732785, 5.261078370448401, 5.1574371241925965, 3.5333154897348185, 2.90837984451825, 3.4676106269303073, 2.733133727061301, 2.1393491907587223, 2.1163397671451527, 2.1370731714192663, 2.1375299062235364, 2.1397682140830114], [8.073886803145063, 6.56372690778646, 6.022566076017763, 4.516105087351268, 4.471434969895011, 3.2666775858661046, 2.838698458801146, 2.4198220885015496, 1.2299790445369383, 0.0, 2.3851932772838342, 8.431343744623392, 8.5419097238264, 8.591386098296363, 6.275041645280134, 6.422099716603597, 6.601842804096445, 6.460312849235709, 4.07655023518661, 4.3061832357669125, 5.100854070643464, 5.187792457298191, 3.8883404351985438, 2.7029188685567314, 3.883482206731479, 2.6196877791065103, 3.1750188298654227, 3.0289814888836806, 3.0756292803262233, 3.094593755244781, 2.5087447538559995], [10.237976773757595, 8.748452707193426, 7.998113723247501, 6.4720922096336055, 5.977694560614484, 4.487239920039935, 3.9191450815196927, 2.567897460959063, 1.5067665711715268, 2.3851932772838342, 0.0, 10.560882696536309, 10.605851404767087, 10.839364816261144, 8.552992279898303, 8.608248041268327, 8.425462484635487, 8.370540378016225, 6.196772418767693, 6.282168960637718, 6.525314873628705, 6.496060279123031, 4.570330724356827, 4.153392066732925, 4.704609184618845, 4.203207112432125, 2.7263140721494286, 2.8569572642936047, 1.092744261023594, 1.0927356404913313, 1.0935149610316266], [1.0946528262421835, 2.1685254206487876, 2.7820325052019075, 4.200176212970118, 5.201155712916121, 6.585754569523526, 7.325074966169288, 8.773559929697864, 9.110909053985777, 8.431343744623392, 10.560882696536309, 0.0, 1.7746542508331025, 1.7719309495575724, 2.5026000459522093, 3.065132957964467, 3.1127662119086295, 2.55919006914297, 4.384159511240439, 4.718080781419496, 5.043717919352747, 5.422336885513477, 7.278556167262845, 6.669161070929387, 7.441418851939461, 6.945437801895573, 9.239416688839183, 9.400267344070594, 11.21125362883206, 10.825663431402253, 10.85174831352073], [1.094641959729299, 2.168565472841436, 2.7820299081785587, 4.2004357119232285, 5.2000368191004185, 6.61634046433525, 7.051678827768604, 8.563688305280618, 9.108026901585216, 8.5419097238264, 10.605851404767087, 1.7746542508331025, 0.0, 1.7719725562208914, 3.0652196201903705, 2.502654051202443, 2.56049861159892, 3.1114065340292645, 4.728970764341856, 4.37450695850401, 5.331958039969932, 5.114444760675394, 7.336219060933226, 6.93651742591338, 6.946143959061027, 6.62490518347244, 9.089409021493092, 9.014263466861838, 11.10751420705821, 10.934517243115948, 11.015385153956261], [1.09451570112082, 2.159087698543068, 3.470796500804967, 4.679220000170969, 5.971191480768307, 7.232748525975447, 7.6575894921313195, 9.089947153311728, 9.361355648622693, 8.591386098296363, 10.839364816261144, 1.7719309495575724, 1.7719725562208914, 0.0, 2.4731981521908026, 2.473052049593781, 3.7539661293091067, 3.752889998387909, 4.836519115024772, 4.823626928981967, 6.1034073680199326, 6.164073809584048, 8.083941764386974, 7.3091524337641225, 7.767745778538328, 7.053891508238555, 9.728520141316459, 9.56969862587114, 11.387733814065026, 11.267818934469972, 11.083409760989621], [2.1462895098285317, 1.0962376247876189, 2.1625590234719607, 2.759418157873141, 4.180828712109598, 5.194307012489731, 5.723061940080677, 7.040737798696952, 7.115729843101128, 6.275041645280134, 8.552992279898303, 2.5026000459522093, 3.0652196201903705, 2.4731981521908026, 0.0, 1.76494298491481, 3.0672806946870708, 2.508317591534214, 2.533887623790763, 3.0760450858204273, 4.356036613712057, 4.729004226050131, 6.120174084942356, 5.0572207584798985, 6.097654396569225, 5.1170122581443955, 7.684683160677479, 7.646822504151642, 9.18974460472107, 8.970259707500112, 8.72819414140176], [2.1462061830122474, 1.0962367308204921, 2.162687575679853, 2.759942979483453, 4.179620731597545, 5.232979571907385, 5.370833867287276, 6.779012442089186, 7.112153337773307, 6.422099716603597, 8.608248041268327, 3.065132957964467, 2.502654051202443, 2.473052049593781, 1.76494298491481, 0.0, 2.508582870865541, 3.0670360708671165, 3.0896940609063543, 2.521046582274909, 4.685197171944848, 4.37478396838061, 6.188444761812131, 5.403201193736913, 5.486005100252824, 4.67533959515242, 7.504809752418778, 7.169822504776531, 9.063684417498216, 9.100736268017, 8.929803039821204], [2.7507845317290847, 2.159459443934986, 1.0968430744641642, 2.160802325526331, 2.7514340588136945, 4.208323763685489, 4.7224463416750435, 6.244109852492988, 6.957746651035808, 6.601842804096445, 8.425462484635487, 3.1127662119086295, 2.56049861159892, 3.7539661293091067, 3.0672806946870708, 2.508582870865541, 0.0, 1.7650084362404619, 3.065959362092068, 2.501242725126852, 3.0236992112311705, 2.554394932268697, 4.843874974645815, 4.71598747029718, 4.568478834360515, 4.5340366683563555, 6.650809991271741, 6.761142318425193, 8.930458076717008, 8.641725757046448, 8.961732569654151], [2.7496015202207027, 2.1589655555381144, 1.0968889141567617, 2.1613848963106963, 2.7547576771832403, 4.161696127782518, 5.120941348033582, 6.528834956560013, 6.962917390002555, 6.460312849235709, 8.370540378016225, 2.55919006914297, 3.1114065340292645, 3.752889998387909, 2.508317591534214, 3.0670360708671165, 1.7650084362404619, 0.0, 2.5060973983466805, 3.060853941304616, 2.484735499001856, 3.1236822261555353, 4.757883286714797, 4.316814003405752, 5.288710873171269, 4.98958465706315, 6.85468737580351, 7.266479054535283, 9.059897469618518, 8.505785619212372, 8.762361633144343], [4.167555433344588, 2.755214557888369, 2.16043062374148, 1.0966738895405508, 2.161221258918207, 2.7596737687632573, 3.465172601761708, 4.685033201589931, 4.772596929345699, 4.07655023518661, 6.196772418767693, 4.384159511240439, 4.728970764341856, 4.836519115024772, 2.533887623790763, 3.0896940609063543, 3.065959362092068, 2.5060973983466805, 0.0, 1.765546000533546, 2.5250635338541487, 3.0680528841595938, 3.7243638141298714, 2.526051450386551, 4.062157253233804, 3.075832495439243, 5.2406710266911425, 5.445050875795377, 6.897350164374722, 6.510607056949452, 6.47040071865723], [4.155886919780181, 2.7424673817568004, 2.153143571618019, 1.0956183003217863, 2.1664870666588345, 2.8425274721627583, 2.856681613340906, 4.292283063825124, 4.7762697421732785, 4.3061832357669125, 6.282168960637718, 4.718080781419496, 4.37450695850401, 4.823626928981967, 3.0760450858204273, 2.521046582274909, 2.501242725126852, 3.060853941304616, 1.765546000533546, 0.0, 3.0641933702036495, 2.4949628494228127, 3.8468509121098, 3.1712886481681224, 3.0788940010984467, 2.274006882135584, 4.984848933518448, 4.761761056584003, 6.737720455020377, 6.699673954007015, 6.748097031015485], [5.122815598867482, 4.144617778517098, 2.7140105397731973, 2.1539672536972336, 1.0972004648194422, 2.1433825556815562, 3.48207025919926, 4.675313107161915, 5.261078370448401, 5.100854070643464, 6.525314873628705, 5.043717919352747, 5.331958039969932, 6.1034073680199326, 4.356036613712057, 4.685197171944848, 3.0236992112311705, 2.484735499001856, 2.5250635338541487, 3.0641933702036495, 0.0, 1.7602483546363565, 2.391305227276518, 2.492188006551673, 3.714869206311307, 3.8471931937452797, 4.720512385324288, 5.551009177618067, 7.243903758333625, 6.447021316856336, 7.061219391153344], [5.193387843209864, 4.192611341395717, 2.781371981594695, 2.163646593138538, 1.0967615830252262, 2.1629867059230854, 2.77951320558115, 4.175304489495347, 5.1574371241925965, 5.187792457298191, 6.496060279123031, 5.422336885513477, 5.114444760675394, 6.164073809584048, 4.729004226050131, 4.37478396838061, 2.554394932268697, 3.1236822261555353, 3.0680528841595938, 2.4949628494228127, 1.7602483546363565, 0.0, 2.498239648232331, 3.0651758530302957, 2.519766141926667, 3.157526126574411, 4.330440694663766, 4.779576485422113, 6.980502174628986, 6.528995173072193, 7.2078163586484365], [7.176669827294551, 5.967273871710598, 4.659253646239922, 3.4801718434583084, 2.142673925262544, 1.097130990356211, 2.1547875765374185, 2.732085247571898, 3.5333154897348185, 3.8883404351985438, 4.570330724356827, 7.278556167262845, 7.336219060933226, 8.083941764386974, 6.120174084942356, 6.188444761812131, 4.843874974645815, 4.757883286714797, 3.7243638141298714, 3.8468509121098, 2.391305227276518, 2.498239648232331, 0.0, 1.7587545906123458, 2.5081590878570683, 3.068669037221186, 2.442486706207426, 3.6745158565449136, 5.213533110089549, 4.332012766601687, 5.305978034255324], [6.541594736759531, 5.180300779877554, 4.1697146676961, 2.777380803923005, 2.158483365699166, 1.0960309940873023, 2.1721173564059564, 2.8156612633624802, 2.90837984451825, 2.7029188685567314, 4.153392066732925, 6.669161070929387, 6.93651742591338, 7.3091524337641225, 5.0572207584798985, 5.403201193736913, 4.71598747029718, 4.316814003405752, 2.526051450386551, 3.1712886481681224, 2.492188006551673, 3.0651758530302957, 1.7587545906123458, 0.0, 3.06705205368282, 2.518785757066289, 3.0484902689692155, 3.8443289570482913, 4.963847135035486, 4.2045582050912325, 4.593412697548524], [6.98086760653717, 5.712181426565511, 4.671985628188512, 3.466210295120595, 2.7534718992573723, 2.1530310819865095, 1.0969156166269125, 2.144205850658933, 3.4676106269303073, 3.883482206731479, 4.704609184618845, 7.441418851939461, 6.946143959061027, 7.767745778538328, 6.097654396569225, 5.486005100252824, 4.568478834360515, 5.288710873171269, 4.062157253233804, 3.0788940010984467, 3.714869206311307, 2.519766141926667, 2.5081590878570683, 3.06705205368282, 0.0, 1.7624416274021675, 2.5516053182261555, 2.383888560734331, 4.896881062472317, 4.903921551166984, 5.5751839942731936], [6.425793212514701, 4.980745050692718, 4.283112319330419, 2.852309643078746, 2.8384788901804434, 2.1729919120880314, 1.0954769463571565, 2.1603156389750087, 2.733133727061301, 2.6196877791065103, 4.203207112432125, 6.945437801895573, 6.62490518347244, 7.053891508238555, 5.1170122581443955, 4.67533959515242, 4.5340366683563555, 4.98958465706315, 3.075832495439243, 2.274006882135584, 3.8471931937452797, 3.157526126574411, 3.068669037221186, 2.518785757066289, 1.7624416274021675, 0.0, 3.0659872162160102, 2.5419760069678077, 4.52520886258303, 4.702917576356192, 4.808893483952415], [8.942735271716368, 7.578272247023064, 6.4986688121491465, 5.093431955960539, 4.138791118188982, 2.711405270334924, 2.165246565636348, 1.095495225913833, 2.1393491907587223, 3.1750188298654227, 2.7263140721494286, 9.239416688839183, 9.089409021493092, 9.728520141316459, 7.684683160677479, 7.504809752418778, 6.650809991271741, 6.85468737580351, 5.2406710266911425, 4.984848933518448, 4.720512385324288, 4.330440694663766, 2.442486706207426, 3.0484902689692155, 2.5516053182261555, 3.0659872162160102, 0.0, 1.77408408199837, 3.040489227081721, 2.5454346701496777, 3.7376377954531654], [8.907945548217052, 7.4964775448206336, 6.6611333450096915, 5.23978947859549, 4.691657068669874, 3.470910847313714, 2.1522471326499657, 1.0959558111529863, 2.1163397671451527, 3.0289814888836806, 2.8569572642936047, 9.400267344070594, 9.014263466861838, 9.56969862587114, 7.646822504151642, 7.169822504776531, 6.761142318425193, 7.266479054535283, 5.445050875795377, 4.761761056584003, 5.551009177618067, 4.779576485422113, 3.6745158565449136, 3.8443289570482913, 2.383888560734331, 2.5419760069678077, 1.77408408199837, 0.0, 2.6859191964763203, 3.2719287049078556, 3.8166151521996556], [10.80654136900424, 9.313374973123333, 8.592037118751291, 7.068807284825355, 6.592337635467407, 5.130290153587807, 4.282062191281206, 2.8292224673927646, 2.1370731714192663, 3.0756292803262233, 1.092744261023594, 11.21125362883206, 11.10751420705821, 11.387733814065026, 9.18974460472107, 9.063684417498216, 8.930458076717008, 9.059897469618518, 6.897350164374722, 6.737720455020377, 7.243903758333625, 6.980502174628986, 5.213533110089549, 4.963847135035486, 4.896881062472317, 4.52520886258303, 3.040489227081721, 2.6859191964763203, 0.0, 1.7927963743827684, 1.7790912596041832], [10.589182045842824, 9.139527718104475, 8.244383839317527, 6.750937098655267, 6.035093107815322, 4.505402275047146, 4.185115746308576, 2.82729823152776, 2.1375299062235364, 3.094593755244781, 1.0927356404913313, 10.825663431402253, 10.934517243115948, 11.267818934469972, 8.970259707500112, 9.100736268017, 8.641725757046448, 8.505785619212372, 6.510607056949452, 6.699673954007015, 6.447021316856336, 6.528995173072193, 4.332012766601687, 4.2045582050912325, 4.903921551166984, 4.702917576356192, 2.5454346701496777, 3.2719287049078556, 1.7927963743827684, 0.0, 1.777271647779258], [10.551795056292555, 9.050488519411536, 8.422909028358314, 6.906564625050576, 6.569371447102075, 5.129541797275854, 4.687831534942355, 3.493647689736331, 2.1397682140830114, 2.5087447538559995, 1.0935149610316266, 10.85174831352073, 11.015385153956261, 11.083409760989621, 8.72819414140176, 8.929803039821204, 8.961732569654151, 8.762361633144343, 6.47040071865723, 6.748097031015485, 7.061219391153344, 7.2078163586484365, 5.305978034255324, 4.593412697548524, 5.5751839942731936, 4.808893483952415, 3.7376377954531654, 3.8166151521996556, 1.7790912596041832, 1.777271647779258, 0.0]]}