{"total energy": -26.61498708, "HOMO-LUMO gap/eV": 3.72950198, "electronic energy": -26.88455717, "dipole": [0.00022727, 3.107e-05, 5.031e-05], "partial charges": [-0.12119189, 0.08562581, -0.04374712, 0.08564248, -0.12116576, -0.04375759, 0.08564554, -0.12118357, -0.04374189, 0.07929227, 0.07929166, 0.07929006], "atomic dipole moments": [[-0.49297832, 0.04072361, 0.01784147], [0.17928236, -0.01482032, -0.00647791], [-0.02170256, -0.03127531, 0.00065399], [-0.07679257, 0.16279315, 0.00338165], [0.21136191, -0.44789698, -0.00930557], [0.03792258, -0.00315197, -0.00137877], [-0.10247318, -0.14796559, 0.00309345], [0.28195982, 0.40706422, -0.00853814], [-0.01626103, 0.03443312, 0.00071302], [0.09005365, 0.13002424, -0.00272006], [-0.15755124, 0.01302238, 0.00571158], [0.06751328, -0.14303897, -0.00296684]], "atomic quadrupole moments": [[0.79418294, -0.09885828, -0.39429058, -0.04329272, 0.00357517, -0.39989236], [0.09975184, -0.04403673, -0.42981966, 0.00809259, -0.00136604, 0.33006782], [-0.22189034, -0.04961934, -0.2599758, 0.02505032, -0.00109825, 0.48186615], [-0.33475862, -0.20713982, 0.00522296, 0.02303064, 0.00616588, 0.32953567], [-0.18282585, -0.46548744, 0.58392029, -0.00963218, 0.02047864, -0.40109444], [-0.29259603, 0.00858005, -0.18913952, 0.02785813, -0.00292024, 0.48173555], [-0.25859496, 0.25098026, -0.07092187, 0.02207385, -0.01055264, 0.32951684], [-0.01143884, 0.5645736, 0.41260706, -0.01180663, -0.01709798, -0.40116822], [-0.2068916, 0.04077867, -0.27497621, 0.02485185, -0.00438754, 0.48186781], [0.0429386, -0.02544058, 0.02397519, -0.00404218, 0.00126231, -0.06691379], [0.00660064, 0.00448968, 0.06036783, -0.00261678, 0.00033182, -0.06696846], [0.05066833, 0.0210263, 0.01623873, -0.00413904, -0.00042843, -0.06690706]], "number of molecular orbitals": 54, "number of electrons": 48, "number of unpaired electrons": 0, "orbital energies/eV": [-23.46622067, -23.4647344, -23.46462953, -19.33057565, -18.32778738, -18.32753604, -17.0615546, -17.06144303, -15.74006266, -15.40490556, -14.96428164, -14.79307575, -14.47326748, -14.47299346, -13.34541152, -13.34498745, -13.33357091, -13.33340214, -11.97228311, -11.97219536, -11.91999279, -11.8338417, -11.65440917, -11.65427568, -7.9247737, -7.92408948, -6.94460058, -5.91061916, -5.9103031, -4.75103896, 0.11699247, 0.1171227, 0.23772426, 0.37303891, 0.37315571, 0.37438837, 0.40266597, 0.40277453, 0.66777892, 1.37886661, 1.37905417, 1.58575432, 1.9957927, 3.47458097, 3.47557679, 8.12671398, 8.12918811, 9.29987678, 9.30116146, 10.06130267, 13.66473772, 13.66605435, 14.95826662, 15.71938733], "fractional occupation": [2.0, 2.0, 2.0, 2.0, 2.0, 2.0, 2.0, 2.0, 2.0, 2.0, 2.0, 2.0, 2.0, 2.0, 2.0, 2.0, 2.0, 2.0, 2.0, 2.0, 2.0, 2.0, 2.0, 2.0, 0.0, 0.0, 0.0, 0.0, 0.0, 0.0, 0.0, 0.0, 0.0, 0.0, 0.0, 0.0, 0.0, 0.0, 0.0, 0.0, 0.0, 0.0, 0.0, 0.0, 0.0, 0.0, 0.0, 0.0, 0.0, 0.0, 0.0, 0.0, 0.0, 0.0], "program call": "xtb /home/svss/Project-DBcg-Debug/aqme2_20220329/End-to-End-workflows-final/example-3/QDESCP/mol_646_rdkit_conf_1/mol_646_rdkit_conf_1.xyz --pop --wbo --acc 0.2 --gfn 2 --chrg 0 --uhf 0 --etemp 300 --input /home/svss/Project-DBcg-Debug/aqme2_20220329/End-to-End-workflows-final/example-3/QDESCP/mol_646_rdkit_conf_1/mol_646_rdkit_conf_1_xtb.inp", "method": "GFN2-xTB", "xtb version": "6.3.3 (7355c4f)", "Dipole module/D": 0.001, "Total charge": 0, "Transition dipole module/D": NaN, "HOMO": -11.6543, "LUMO": -7.9248, "HOMO occupancy": 2.0, "LUMO occupancy": 0, "mulliken charges": [-0.06285, 0.08458, -0.06737, 0.0846, -0.06284, -0.06738, 0.0846, -0.06285, -0.06736, 0.04563, 0.04562, 0.04562], "cm5 charges": [-0.0477, 0.06334, -0.11851, 0.06335, -0.04769, -0.11853, 0.06335, -0.0477, -0.1185, 0.10287, 0.10287, 0.10286], "FUKUI+": [-0.15, -0.052, -0.047, -0.052, -0.15, -0.047, -0.052, -0.15, -0.047, -0.084, -0.084, -0.084], "FUKUI-": [-0.224, -0.022, -0.029, -0.022, -0.224, -0.029, -0.022, -0.224, -0.029, -0.058, -0.058, -0.058], "FUKUIrad": [-0.187, -0.037, -0.038, -0.037, -0.187, -0.038, -0.037, -0.187, -0.038, -0.071, -0.071, -0.071], "s proportion": [1.948, 1.102, 1.068, 1.102, 1.948, 1.068, 1.102, 1.948, 1.068, 0.954, 0.954, 0.954], "p proportion": [5.111, 2.813, 2.999, 2.813, 5.111, 2.999, 2.813, 5.111, 2.999, 0.0, 0.0, 0.0], "d proportion": [0.004, 0.0, 0.0, 0.0, 0.004, 0.0, 0.0, 0.004, 0.0, 0.0, 0.0, 0.0], "Fermi-level/eV": -9.7895, "Coordination numbers": [1.069, 2.909, 3.061, 2.909, 1.069, 3.061, 2.909, 1.069, 3.061, 0.925, 0.925, 0.925], "Dispersion coefficient C6": [188.375, 26.093, 29.023, 26.093, 188.374, 29.024, 26.093, 188.375, 29.023, 1.986, 1.986, 1.986], "Total dispersion C6": 5909.648585, "Total dispersion C8": 261481.413089, "Polarizability alpha": [22.13, 8.376, 8.835, 8.376, 22.13, 8.835, 8.376, 22.13, 8.835, 2.204, 2.204, 2.204], "Total polarizability alpha": 124.632768, "Wiberg matrix": [[0.0, 1.0091401699133673, 0.0, 0.0, 0.0, 0.0, 0.0, 0.0, 0.0, 0.0, 0.0, 0.0], [1.0091401699133673, 0.0, 1.400799109437971, 0.0, 0.0, 0.0, 0.0, 0.0, 1.4006389238844577, 0.0, 0.0, 0.0], [0.0, 1.400799109437971, 0.0, 1.4007105250623617, 0.0, 0.0, 0.0, 0.0, 0.0, 0.9640602802302364, 0.0, 0.0], [0.0, 0.0, 1.4007105250623617, 0.0, 1.0091563324777295, 1.4007817925951263, 0.0, 0.0, 0.0, 0.0, 0.0, 0.0], [0.0, 0.0, 0.0, 1.0091563324777295, 0.0, 0.0, 0.0, 0.0, 0.0, 0.0, 0.0, 0.0], [0.0, 0.0, 0.0, 1.4007817925951263, 0.0, 0.0, 1.4006472366374816, 0.0, 0.0, 0.0, 0.9640675675772189, 0.0], [0.0, 0.0, 0.0, 0.0, 0.0, 1.4006472366374816, 0.0, 1.009129776003496, 1.4008757300750716, 0.0, 0.0, 0.0], [0.0, 0.0, 0.0, 0.0, 0.0, 0.0, 1.009129776003496, 0.0, 0.0, 0.0, 0.0, 0.0], [0.0, 1.4006389238844577, 0.0, 0.0, 0.0, 0.0, 1.4008757300750716, 0.0, 0.0, 0.0, 0.0, 0.9640561474926642], [0.0, 0.0, 0.9640602802302364, 0.0, 0.0, 0.0, 0.0, 0.0, 0.0, 0.0, 0.0, 0.0], [0.0, 0.0, 0.0, 0.0, 0.0, 0.9640675675772189, 0.0, 0.0, 0.0, 0.0, 0.0, 0.0], [0.0, 0.0, 0.0, 0.0, 0.0, 0.0, 0.0, 0.0, 0.9640561474926642, 0.0, 0.0, 0.0]], "Born radii": [], "Atomic SASAs": [], "Solvent H bonds": [], "Total SASA": NaN, "Total FOD": 0.0, "FOD": [0.0, 0.0, 0.0, 0.0, 0.0, 0.0, 0.0, 0.0, 0.0, 0.0, 0.0, 0.0], "FOD s proportion": [0.0, 0.0, 0.0, 0.0, 0.0, 0.0, 0.0, 0.0, 0.0, 0.0, 0.0, 0.0], "FOD p proportion": [0.0, 0.0, 0.0, 0.0, 0.0, 0.0, 0.0, 0.0, 0.0, 0.0, 0.0, 0.0], "FOD d proportion": [0.0, 0.0, 0.0, 0.0, 0.0, 0.0, 0.0, 0.0, 0.0, 0.0, 0.0, 0.0], "coordinates": [["3.26650", "-0.26980", "-0.11820"], ["1.38320", "-0.11420", "-0.05000"], ["0.79670", "1.15040", "-0.02410"], ["-0.59260", "1.25580", "0.02610"], ["-1.39940", "2.96550", "0.06160"], ["-1.39390", "0.11510", "0.05040"], ["-0.79060", "-1.14160", "0.02390"], ["-1.86710", "-2.69580", "0.05650"], ["0.59710", "-1.26550", "-0.02630"], ["1.41540", "2.04370", "-0.04280"], ["-2.47630", "0.20450", "0.08960"], ["1.06090", "-2.24820", "-0.04670"]], "bond_dist": [[0.0, 1.8909472467522728, 2.8505674680666657, 4.15221996767994, 5.680679267482016, 4.679305731623015, 4.152142586665347, 5.680655336314641, 2.8505368722400357, 2.9638722340883725, 5.766098609111711, 2.963756091516305], [1.8909472467522728, 0.0, 1.3942260290211197, 2.4055096861164373, 4.152092172628156, 2.7883584884300654, 2.4054975389719275, 4.152162195772222, 1.3942763678697276, 2.1581522397643775, 3.875151364785639, 2.1582039245632005], [2.8505674680666657, 1.3942260290211197, 0.0, 1.3941964316408215, 2.8504013243752184, 2.424071925500561, 2.788384709827537, 4.679271443291146, 2.4241323829362127, 1.0867954131298123, 3.4088390252401184, 3.4089286234827503], [4.15221996767994, 2.4055096861164373, 1.3941964316408215, 0.0, 1.890835947405274, 1.3942269076445197, 2.405563468295942, 4.152158109947163, 2.788384037395136, 2.1581468022356587, 2.158144951109633, 3.875226198559253], [5.680679267482016, 4.152092172628156, 2.8504013243752184, 1.890835947405274, 0.0, 2.8504273100712463, 4.152147533506005, 5.680588612987214, 4.679219984142656, 2.963733058154867, 2.963717025965873, 5.76606214586697], [4.679305731623015, 2.7883584884300654, 2.424071925500561, 1.3942269076445197, 2.8504273100712463, 0.0, 1.39426253983961, 2.8504586052072396, 2.424050381077093, 3.4088635481638154, 1.0867928781511225, 3.408908672874649], [4.152142586665347, 2.4054975389719275, 2.788384709827537, 2.405563468295942, 4.152147533506005, 1.39426253983961, 0.0, 1.8908867364281767, 1.3941242914460674, 3.875180122265286, 2.158213657171134, 2.1581473930202266], [5.680655336314641, 4.152162195772222, 4.679271443291146, 4.152158109947163, 5.680588612987214, 2.8504586052072396, 1.8908867364281767, 0.0, 2.8504202444551927, 5.766066856185419, 2.963774677670352, 2.963811734911649], [2.8505368722400357, 1.3942763678697276, 2.4241323829362127, 2.788384037395136, 4.679219984142656, 2.424050381077093, 1.3941242914460674, 2.8504202444551927, 0.0, 3.408913577666644, 3.40882976547671, 1.0868421642538535], [2.9638722340883725, 2.1581522397643775, 1.0867954131298123, 2.1581468022356587, 2.963733058154867, 3.4088635481638154, 3.875180122265286, 5.766066856185419, 3.408913577666644, 0.0, 4.306450428136843, 4.306517278497789], [5.766098609111711, 3.875151364785639, 3.4088390252401184, 2.158144951109633, 2.963717025965873, 1.0867928781511225, 2.158213657171134, 2.963774677670352, 3.40882976547671, 4.306450428136843, 0.0, 4.306518178296709], [2.963756091516305, 2.1582039245632005, 3.4089286234827503, 3.875226198559253, 5.76606214586697, 3.408908672874649, 2.1581473930202266, 2.963811734911649, 1.0868421642538535, 4.306517278497789, 4.306518178296709, 0.0]]}