{"total energy": -54.73454456, "HOMO-LUMO gap/eV": 2.98982846, "electronic energy": -55.38473292, "dipole": [-1.35336765, -0.348247, 1.43263246], "partial charges": [-0.12261028, 0.1599535, -0.17030089, 0.27857919, -0.40496399, -0.16340071, 0.07990069, -0.04347595, -0.02867828, -0.03457187, -0.02824438, -0.05062928, 1.01740081, -0.55315284, -0.58303557, -0.15178655, 0.0648606, -0.26020512, 0.07693988, 0.09730767, 0.08040285, 0.19700112, 0.07183546, 0.04068993, 0.03497829, 0.03768787, 0.03600491, 0.09055404, 0.09140919, 0.05872603, 0.0808237], "atomic dipole moments": [[-0.03805688, 0.12056083, -0.05978988], [-0.23650938, -0.02518256, 0.03675028], [0.02654176, 0.15936001, -0.0867306], [0.00236449, 0.04309429, -0.0073864], [-0.08559849, 0.16995039, 0.07379516], [0.00934327, -0.02589837, -0.0214117], [-0.19225081, -0.03307207, -0.01423467], [-0.02859778, 0.04926978, 0.01918245], [-0.01131957, -0.00255716, -0.00215854], [-0.00870426, 0.00135192, 0.00010096], [-0.01020586, -0.0011919, -0.00164398], [-0.02384845, -0.03708793, -0.0187039], [-0.07781382, -0.12092176, 0.03905877], [-0.04293435, -0.01079663, 0.17868578], [-0.02982251, -0.13103901, -0.14372582], [0.11373009, -0.01585752, 0.09283154], [0.16232755, -0.13477797, -0.10979664], [0.09917547, 0.22803378, -0.03616743], [-0.06541588, -0.04272513, 0.10318224], [-0.00262095, -0.09882419, -0.09469126], [0.12472884, 0.00761521, 0.05674882], [-0.07495232, 0.1082102, 0.04796806], [-0.03285023, -0.14082422, -0.06208112], [0.10080322, -0.1030889, -0.04737813], [0.14760672, 0.02832237, 0.00951994], [0.04866743, 0.1318494, 0.05620351], [-0.09033734, 0.11192631, 0.04908644], [-0.01273517, -0.07076425, -0.10725604], [-0.05471988, 0.11712985, -0.00797998], [0.03504145, 0.059618, 0.10896766], [-0.12208882, -0.01326287, 0.00774553]], "atomic quadrupole moments": [[-0.04721336, -0.09329161, 0.15237911, 0.01191151, -0.12181159, -0.10516574], [0.01663378, -0.12041413, -0.24145115, 0.09874453, 0.32669963, 0.22481737], [-0.17229015, -0.25967874, 0.08384502, 0.12940926, 0.12697287, 0.08844514], [-0.21554602, -0.024543, -0.14975191, 0.01942469, -0.31917542, 0.36529792], [-0.0951197, -0.02228017, -0.0488102, -0.00819475, -0.09537753, 0.1439299], [0.00490807, 0.03187644, -0.02244797, 0.01645617, -0.03754618, 0.01753991], [-0.00264128, 0.07569628, -0.24764967, 0.03769889, -0.27128475, 0.25029095], [-0.24253417, 0.00264865, -0.14551529, 0.01327381, -0.28997216, 0.38804946], [-0.26865718, 0.00934952, -0.13655153, 0.01732061, -0.29523514, 0.40520871], [-0.26501235, -0.00987267, -0.12889623, 0.00861645, -0.28284392, 0.39390858], [-0.25896238, -0.01342309, -0.14336774, 0.0067195, -0.29331561, 0.40233012], [-0.23372354, 0.00229209, -0.12478631, 0.01186855, -0.26005563, 0.35850984], [0.37300767, -0.01788416, 0.02458719, 0.02671621, -0.16173756, -0.39759487], [-0.0652664, 0.00904595, -0.08634994, -0.06307747, -0.03265415, 0.15161633], [-0.07960876, 0.0265225, 0.05259745, 0.02861111, 0.13166155, 0.02701131], [0.31144223, 0.16352878, -0.22232252, -0.0754698, -0.16571271, -0.08911971], [-0.16244592, -0.22695194, 0.3016727, -0.11103415, -0.1538106, -0.13922677], [0.00904573, -0.05411372, 0.07783598, -0.00544008, -0.01491482, -0.08688171], [0.02047563, 0.01291541, -0.03712851, -0.06257407, -0.02995437, 0.01665288], [-0.04196504, 0.00209235, 0.0122778, 0.00197364, 0.05424946, 0.02968724], [0.06592004, 0.02885399, -0.0233741, 0.02308626, -0.00619348, -0.04254594], [0.03903388, 0.00500629, 0.00249301, 0.00532791, 0.02920775, -0.0415269], [0.04922951, 0.01092985, 0.00045527, 0.00293766, 0.02648051, -0.04968477], [0.03466546, 0.00762446, 0.01811517, 0.00176331, 0.03812645, -0.05278063], [0.03028988, -0.00064869, 0.02131793, -0.001683, 0.03956276, -0.05160781], [0.0383704, -0.00453693, 0.01454526, -0.00364646, 0.03677465, -0.05291566], [0.04314261, 0.0002367, 0.00695887, -0.00177834, 0.03148571, -0.05010148], [-0.01233874, 0.03978967, -0.00039567, 0.02266271, 0.0440917, 0.01273441], [0.01580764, -0.0566358, 0.0287038, -0.00091342, -0.00913959, -0.04451144], [-0.01474525, 0.00968963, 0.01147951, 0.02610419, 0.0164863, 0.00326574], [0.05270897, 0.01425026, -0.0164582, -0.00121398, -0.01040849, -0.03625077]], "number of molecular orbitals": 90, "number of electrons": 96, "number of unpaired electrons": 0, "orbital energies/eV": [-21.47146748, -20.50632743, -19.36356459, -19.09022915, -18.54172899, -18.51953249, -18.24102572, -18.00061623, -17.68021675, -17.52398511, -17.23812582, -17.0389265, -16.82541909, -16.71411509, -16.33396625, -16.18590463, -15.88793938, -15.87959666, -15.52843191, -15.37387797, -15.10986262, -14.96203623, -14.89352324, -14.7046137, -14.67219426, -14.41200888, -14.14855266, -13.97931205, -13.93447728, -13.87341595, -13.51297018, -13.35511261, -13.3332, -13.24731644, -13.20316778, -12.98711726, -12.94363853, -12.6974727, -12.32157048, -12.20592728, -12.18291963, -12.03858092, -11.79741855, -11.59631327, -11.51923244, -10.99552735, -10.93067924, -10.48423554, -7.49440707, -6.34996731, -6.20092694, -5.36196454, -3.76384366, -2.59268784, -2.53580977, -2.28612204, -1.06942594, -0.98147041, -0.12179766, 1.32301354, 1.97993811, 2.17770482, 2.83227462, 2.95849359, 3.3884693, 3.6359451, 3.87414171, 4.02524206, 4.35750299, 4.41932206, 4.6556285, 4.78908182, 5.02648166, 5.2274994, 5.38610858, 5.88114256, 6.40221793, 7.03893588, 8.94578608, 10.45686999, 10.70467561, 11.44689969, 12.09838688, 13.64420211, 15.41356791, 16.40325798, 16.95953042, 17.73539984, 25.47702812, 30.65748947], "fractional occupation": [2.0, 2.0, 2.0, 2.0, 2.0, 2.0, 2.0, 2.0, 2.0, 2.0, 2.0, 2.0, 2.0, 2.0, 2.0, 2.0, 2.0, 2.0, 2.0, 2.0, 2.0, 2.0, 2.0, 2.0, 2.0, 2.0, 2.0, 2.0, 2.0, 2.0, 2.0, 2.0, 2.0, 2.0, 2.0, 2.0, 2.0, 2.0, 2.0, 2.0, 2.0, 2.0, 2.0, 2.0, 2.0, 2.0, 2.0, 2.0, 0.0, 0.0, 0.0, 0.0, 0.0, 0.0, 0.0, 0.0, 0.0, 0.0, 0.0, 0.0, 0.0, 0.0, 0.0, 0.0, 0.0, 0.0, 0.0, 0.0, 0.0, 0.0, 0.0, 0.0, 0.0, 0.0, 0.0, 0.0, 0.0, 0.0, 0.0, 0.0, 0.0, 0.0, 0.0, 0.0, 0.0, 0.0, 0.0, 0.0, 0.0, 0.0], "program call": "xtb /home/svss/Project-DBcg-Debug/aqme2_20220329/End-to-End-workflows-final/example-3/QDESCP/mol_1114_rdkit_conf_2/mol_1114_rdkit_conf_2.xyz --pop --wbo --acc 0.2 --gfn 2 --chrg 0 --uhf 0 --etemp 300 --input /home/svss/Project-DBcg-Debug/aqme2_20220329/End-to-End-workflows-final/example-3/QDESCP/mol_1114_rdkit_conf_2/mol_1114_rdkit_conf_2_xtb.inp", "method": "GFN2-xTB", "xtb version": "6.3.3 (7355c4f)", "Dipole module/D": 5.087, "Total charge": 0, "Transition dipole module/D": NaN, "HOMO": -10.4842, "LUMO": -7.4944, "HOMO occupancy": 2.0, "LUMO occupancy": 0, "mulliken charges": [-0.08706, 0.28404, -0.06901, 0.48297, -0.53671, -0.31075, 0.14962, -0.05013, -0.0239, -0.03825, -0.02292, -0.06657, 0.4743, -0.40546, -0.4441, -0.00706, 0.19101, -0.41755, 0.05558, 0.07516, 0.06213, 0.24767, 0.06333, 0.03401, 0.03086, 0.03225, 0.03666, 0.07795, 0.07798, 0.05041, 0.05352], "cm5 charges": [-0.22619, 0.2985, -0.04664, 0.58096, -0.58488, -0.649, 0.20149, -0.0975, -0.07907, -0.09357, -0.07809, -0.11444, 0.51431, -0.45412, -0.49971, -0.09161, 0.11321, -0.50074, 0.11043, 0.12897, 0.1188, 0.4505, 0.12858, 0.08938, 0.08627, 0.08766, 0.09559, 0.14037, 0.13782, 0.11617, 0.11656], "FUKUI+": [0.024, -0.081, -0.028, -0.044, -0.103, -0.027, -0.018, -0.012, -0.018, -0.035, -0.016, -0.019, -0.058, -0.027, -0.024, 0.016, 0.017, -0.058, -0.049, -0.051, -0.028, -0.03, -0.022, -0.044, -0.051, -0.045, -0.035, -0.024, -0.039, -0.025, -0.043], "FUKUI-": [0.012, -0.02, -0.005, -0.009, -0.091, -0.05, -0.034, -0.024, -0.023, -0.049, -0.023, -0.025, -0.067, -0.03, -0.024, 0.004, 0.013, -0.045, -0.033, -0.032, -0.014, -0.035, -0.042, -0.055, -0.064, -0.057, -0.048, -0.028, -0.035, -0.026, -0.041], "FUKUIrad": [0.018, -0.05, -0.017, -0.026, -0.097, -0.038, -0.026, -0.018, -0.021, -0.042, -0.019, -0.022, -0.062, -0.029, -0.024, 0.01, 0.015, -0.052, -0.041, -0.042, -0.021, -0.032, -0.032, -0.049, -0.057, -0.051, -0.042, -0.026, -0.037, -0.026, -0.042], "s proportion": [1.012, 1.046, 1.072, 0.983, 1.729, 1.431, 1.039, 1.063, 1.062, 1.058, 1.059, 1.061, 1.718, 1.721, 1.726, 1.047, 0.998, 1.689, 0.944, 0.925, 0.938, 0.752, 0.937, 0.966, 0.969, 0.968, 0.963, 0.922, 0.922, 0.95, 0.946], "p proportion": [3.075, 2.67, 2.997, 2.534, 4.808, 3.88, 2.811, 2.987, 2.962, 2.98, 2.964, 3.005, 2.906, 4.684, 4.718, 2.96, 2.811, 4.728, 0.0, 0.0, 0.0, 0.0, 0.0, 0.0, 0.0, 0.0, 0.0, 0.0, 0.0, 0.0, 0.0], "d proportion": [0.0, 0.0, 0.0, 0.0, 0.0, 0.0, 0.0, 0.0, 0.0, 0.0, 0.0, 0.0, 0.902, 0.0, 0.0, 0.0, 0.0, 0.0, 0.0, 0.0, 0.0, 0.0, 0.0, 0.0, 0.0, 0.0, 0.0, 0.0, 0.0, 0.0, 0.0], "Fermi-level/eV": -8.9893, "Coordination numbers": [3.752, 2.91, 2.944, 2.798, 0.858, 2.693, 2.895, 2.914, 2.912, 2.911, 2.911, 2.92, 3.896, 0.86, 0.86, 3.798, 3.793, 1.702, 0.924, 0.924, 0.924, 0.86, 0.925, 0.925, 0.925, 0.925, 0.925, 0.924, 0.925, 0.924, 0.924], "Dispersion coefficient C6": [22.912, 24.545, 32.432, 22.291, 21.78, 24.535, 26.216, 29.08, 28.717, 28.861, 28.706, 29.257, 106.152, 24.994, 25.704, 23.434, 19.502, 18.313, 2.011, 1.81, 1.975, 1.121, 2.065, 2.44, 2.517, 2.48, 2.503, 1.874, 1.865, 2.214, 1.971], "Total dispersion C6": 12985.320632, "Total dispersion C8": 329614.591651, "Polarizability alpha": [6.826, 8.124, 9.34, 7.734, 6.257, 7.357, 8.395, 8.843, 8.787, 8.809, 8.786, 8.87, 17.341, 6.703, 6.797, 6.893, 6.289, 5.778, 2.218, 2.104, 2.198, 1.659, 2.247, 2.443, 2.481, 2.463, 2.474, 2.141, 2.136, 2.327, 2.195], "Total polarizability alpha": 177.012269, "Wiberg matrix": [[0.0, 1.0195530045493901, 0.0, 0.0, 0.0, 0.0, 0.0, 0.0, 0.0, 0.0, 0.0, 0.0, 0.0, 0.0, 0.0, 0.0, 0.0, 0.0, 0.9745808469773259, 0.9519260665377973, 0.9725763096172142, 0.0, 0.0, 0.0, 0.0, 0.0, 0.0, 0.0, 0.0, 0.0, 0.0], [1.0195530045493901, 0.0, 1.7050149356368793, 0.0, 0.0, 0.0, 0.0, 0.0, 0.0, 0.0, 0.0, 0.0, 0.0, 0.0, 0.0, 0.0, 0.0, 1.0763950882684619, 0.0, 0.0, 0.0, 0.0, 0.0, 0.0, 0.0, 0.0, 0.0, 0.0, 0.0, 0.0, 0.0], [0.0, 1.7050149356368793, 0.0, 0.9861256740360279, 0.0, 0.0, 0.0, 0.0, 0.0, 0.0, 0.0, 0.0, 0.8097462073524564, 0.0, 0.0, 0.0, 0.0, 0.0, 0.0, 0.0, 0.0, 0.0, 0.0, 0.0, 0.0, 0.0, 0.0, 0.0, 0.0, 0.0, 0.0], [0.0, 0.0, 0.9861256740360279, 0.0, 1.6763053462126374, 1.2090988448230866, 0.0, 0.0, 0.0, 0.0, 0.0, 0.0, 0.0, 0.0, 0.0, 0.0, 0.0, 0.0, 0.0, 0.0, 0.0, 0.0, 0.0, 0.0, 0.0, 0.0, 0.0, 0.0, 0.0, 0.0, 0.0], [0.0, 0.0, 0.0, 1.6763053462126374, 0.0, 0.17902764535608276, 0.0, 0.0, 0.0, 0.0, 0.0, 0.0, 0.0, 0.0, 0.0, 0.0, 0.0, 0.0, 0.0, 0.0, 0.0, 0.0, 0.0, 0.0, 0.0, 0.0, 0.0, 0.0, 0.0, 0.0, 0.0], [0.0, 0.0, 0.0, 1.2090988448230866, 0.17902764535608276, 0.0, 1.0612546965668752, 0.0, 0.0, 0.0, 0.0, 0.0, 0.0, 0.0, 0.0, 0.0, 0.0, 0.0, 0.0, 0.0, 0.0, 0.9208862366244737, 0.0, 0.0, 0.0, 0.0, 0.0, 0.0, 0.0, 0.0, 0.0], [0.0, 0.0, 0.0, 0.0, 0.0, 1.0612546965668752, 0.0, 1.3803208771708229, 0.0, 0.0, 0.0, 1.3664591012853349, 0.0, 0.0, 0.0, 0.0, 0.0, 0.0, 0.0, 0.0, 0.0, 0.0, 0.0, 0.0, 0.0, 0.0, 0.0, 0.0, 0.0, 0.0, 0.0], [0.0, 0.0, 0.0, 0.0, 0.0, 0.0, 1.3803208771708229, 0.0, 1.4415531470774625, 0.0, 0.1078020107030945, 0.0, 0.0, 0.0, 0.0, 0.0, 0.0, 0.0, 0.0, 0.0, 0.0, 0.0, 0.9621028928339133, 0.0, 0.0, 0.0, 0.0, 0.0, 0.0, 0.0, 0.0], [0.0, 0.0, 0.0, 0.0, 0.0, 0.0, 0.0, 1.4415531470774625, 0.0, 1.4390054730673099, 0.0, 0.11031856250317823, 0.0, 0.0, 0.0, 0.0, 0.0, 0.0, 0.0, 0.0, 0.0, 0.0, 0.0, 0.9709619161869579, 0.0, 0.0, 0.0, 0.0, 0.0, 0.0, 0.0], [0.0, 0.0, 0.0, 0.0, 0.0, 0.0, 0.0, 0.0, 1.4390054730673099, 0.0, 1.4310429024673348, 0.0, 0.0, 0.0, 0.0, 0.0, 0.0, 0.0, 0.0, 0.0, 0.0, 0.0, 0.0, 0.0, 0.9708767224059837, 0.0, 0.0, 0.0, 0.0, 0.0, 0.0], [0.0, 0.0, 0.0, 0.0, 0.0, 0.0, 0.0, 0.1078020107030945, 0.0, 1.4310429024673348, 0.0, 1.4528471318963616, 0.0, 0.0, 0.0, 0.0, 0.0, 0.0, 0.0, 0.0, 0.0, 0.0, 0.0, 0.0, 0.0, 0.9710011579311884, 0.0, 0.0, 0.0, 0.0, 0.0], [0.0, 0.0, 0.0, 0.0, 0.0, 0.0, 1.3664591012853349, 0.0, 0.11031856250317823, 0.0, 1.4528471318963616, 0.0, 0.0, 0.0, 0.0, 0.0, 0.0, 0.0, 0.0, 0.0, 0.0, 0.0, 0.0, 0.0, 0.0, 0.0, 0.9667798028436225, 0.0, 0.0, 0.0, 0.0], [0.0, 0.0, 0.8097462073524564, 0.0, 0.0, 0.0, 0.0, 0.0, 0.0, 0.0, 0.0, 0.0, 0.0, 1.6444663190129887, 1.5969188889969657, 0.7995457971144739, 0.0, 0.0, 0.0, 0.0, 0.0, 0.0, 0.0, 0.0, 0.0, 0.0, 0.0, 0.0, 0.0, 0.0, 0.0], [0.0, 0.0, 0.0, 0.0, 0.0, 0.0, 0.0, 0.0, 0.0, 0.0, 0.0, 0.0, 1.6444663190129887, 0.0, 0.11557597499947583, 0.0, 0.0, 0.0, 0.0, 0.0, 0.0, 0.0, 0.0, 0.0, 0.0, 0.0, 0.0, 0.0, 0.0, 0.0, 0.0], [0.0, 0.0, 0.0, 0.0, 0.0, 0.0, 0.0, 0.0, 0.0, 0.0, 0.0, 0.0, 1.5969188889969657, 0.11557597499947583, 0.0, 0.0, 0.0, 0.0, 0.0, 0.0, 0.0, 0.0, 0.0, 0.0, 0.0, 0.0, 0.0, 0.0, 0.0, 0.0, 0.0], [0.0, 0.0, 0.0, 0.0, 0.0, 0.0, 0.0, 0.0, 0.0, 0.0, 0.0, 0.0, 0.7995457971144739, 0.0, 0.0, 0.0, 1.0135860272183506, 0.0, 0.0, 0.0, 0.0, 0.0, 0.0, 0.0, 0.0, 0.0, 0.0, 0.9661610007896408, 0.9609341872948826, 0.0, 0.0], [0.0, 0.0, 0.0, 0.0, 0.0, 0.0, 0.0, 0.0, 0.0, 0.0, 0.0, 0.0, 0.0, 0.0, 0.0, 1.0135860272183506, 0.0, 0.9641327730287313, 0.0, 0.0, 0.0, 0.0, 0.0, 0.0, 0.0, 0.0, 0.0, 0.0, 0.0, 0.9642527416161724, 0.9637881950967723], [0.0, 1.0763950882684619, 0.0, 0.0, 0.0, 0.0, 0.0, 0.0, 0.0, 0.0, 0.0, 0.0, 0.0, 0.0, 0.0, 0.0, 0.9641327730287313, 0.0, 0.0, 0.0, 0.0, 0.0, 0.0, 0.0, 0.0, 0.0, 0.0, 0.0, 0.0, 0.0, 0.0], [0.9745808469773259, 0.0, 0.0, 0.0, 0.0, 0.0, 0.0, 0.0, 0.0, 0.0, 0.0, 0.0, 0.0, 0.0, 0.0, 0.0, 0.0, 0.0, 0.0, 0.0, 0.0, 0.0, 0.0, 0.0, 0.0, 0.0, 0.0, 0.0, 0.0, 0.0, 0.0], [0.9519260665377973, 0.0, 0.0, 0.0, 0.0, 0.0, 0.0, 0.0, 0.0, 0.0, 0.0, 0.0, 0.0, 0.0, 0.0, 0.0, 0.0, 0.0, 0.0, 0.0, 0.0, 0.0, 0.0, 0.0, 0.0, 0.0, 0.0, 0.0, 0.0, 0.0, 0.0], [0.9725763096172142, 0.0, 0.0, 0.0, 0.0, 0.0, 0.0, 0.0, 0.0, 0.0, 0.0, 0.0, 0.0, 0.0, 0.0, 0.0, 0.0, 0.0, 0.0, 0.0, 0.0, 0.0, 0.0, 0.0, 0.0, 0.0, 0.0, 0.0, 0.0, 0.0, 0.0], [0.0, 0.0, 0.0, 0.0, 0.0, 0.9208862366244737, 0.0, 0.0, 0.0, 0.0, 0.0, 0.0, 0.0, 0.0, 0.0, 0.0, 0.0, 0.0, 0.0, 0.0, 0.0, 0.0, 0.0, 0.0, 0.0, 0.0, 0.0, 0.0, 0.0, 0.0, 0.0], [0.0, 0.0, 0.0, 0.0, 0.0, 0.0, 0.0, 0.9621028928339133, 0.0, 0.0, 0.0, 0.0, 0.0, 0.0, 0.0, 0.0, 0.0, 0.0, 0.0, 0.0, 0.0, 0.0, 0.0, 0.0, 0.0, 0.0, 0.0, 0.0, 0.0, 0.0, 0.0], [0.0, 0.0, 0.0, 0.0, 0.0, 0.0, 0.0, 0.0, 0.9709619161869579, 0.0, 0.0, 0.0, 0.0, 0.0, 0.0, 0.0, 0.0, 0.0, 0.0, 0.0, 0.0, 0.0, 0.0, 0.0, 0.0, 0.0, 0.0, 0.0, 0.0, 0.0, 0.0], [0.0, 0.0, 0.0, 0.0, 0.0, 0.0, 0.0, 0.0, 0.0, 0.9708767224059837, 0.0, 0.0, 0.0, 0.0, 0.0, 0.0, 0.0, 0.0, 0.0, 0.0, 0.0, 0.0, 0.0, 0.0, 0.0, 0.0, 0.0, 0.0, 0.0, 0.0, 0.0], [0.0, 0.0, 0.0, 0.0, 0.0, 0.0, 0.0, 0.0, 0.0, 0.0, 0.9710011579311884, 0.0, 0.0, 0.0, 0.0, 0.0, 0.0, 0.0, 0.0, 0.0, 0.0, 0.0, 0.0, 0.0, 0.0, 0.0, 0.0, 0.0, 0.0, 0.0, 0.0], [0.0, 0.0, 0.0, 0.0, 0.0, 0.0, 0.0, 0.0, 0.0, 0.0, 0.0, 0.9667798028436225, 0.0, 0.0, 0.0, 0.0, 0.0, 0.0, 0.0, 0.0, 0.0, 0.0, 0.0, 0.0, 0.0, 0.0, 0.0, 0.0, 0.0, 0.0, 0.0], [0.0, 0.0, 0.0, 0.0, 0.0, 0.0, 0.0, 0.0, 0.0, 0.0, 0.0, 0.0, 0.0, 0.0, 0.0, 0.9661610007896408, 0.0, 0.0, 0.0, 0.0, 0.0, 0.0, 0.0, 0.0, 0.0, 0.0, 0.0, 0.0, 0.0, 0.0, 0.0], [0.0, 0.0, 0.0, 0.0, 0.0, 0.0, 0.0, 0.0, 0.0, 0.0, 0.0, 0.0, 0.0, 0.0, 0.0, 0.9609341872948826, 0.0, 0.0, 0.0, 0.0, 0.0, 0.0, 0.0, 0.0, 0.0, 0.0, 0.0, 0.0, 0.0, 0.0, 0.0], [0.0, 0.0, 0.0, 0.0, 0.0, 0.0, 0.0, 0.0, 0.0, 0.0, 0.0, 0.0, 0.0, 0.0, 0.0, 0.0, 0.9642527416161724, 0.0, 0.0, 0.0, 0.0, 0.0, 0.0, 0.0, 0.0, 0.0, 0.0, 0.0, 0.0, 0.0, 0.0], [0.0, 0.0, 0.0, 0.0, 0.0, 0.0, 0.0, 0.0, 0.0, 0.0, 0.0, 0.0, 0.0, 0.0, 0.0, 0.0, 0.9637881950967723, 0.0, 0.0, 0.0, 0.0, 0.0, 0.0, 0.0, 0.0, 0.0, 0.0, 0.0, 0.0, 0.0, 0.0]], "Born radii": [], "Atomic SASAs": [], "Solvent H bonds": [], "Total SASA": NaN, "Total FOD": 0.0, "FOD": [0.0, 0.0, 0.0, 0.0, 0.0, 0.0, 0.0, 0.0, 0.0, 0.0, 0.0, 0.0, 0.0, 0.0, 0.0, 0.0, 0.0, 0.0, 0.0, 0.0, 0.0, 0.0, 0.0, 0.0, 0.0, 0.0, 0.0, 0.0, 0.0, 0.0, 0.0], "FOD s proportion": [0.0, 0.0, 0.0, 0.0, 0.0, 0.0, 0.0, 0.0, 0.0, 0.0, 0.0, 0.0, 0.0, 0.0, 0.0, 0.0, 0.0, 0.0, 0.0, 0.0, 0.0, 0.0, 0.0, 0.0, 0.0, 0.0, 0.0, 0.0, 0.0, 0.0, 0.0], "FOD p proportion": [0.0, 0.0, 0.0, 0.0, 0.0, 0.0, 0.0, 0.0, 0.0, 0.0, 0.0, 0.0, 0.0, 0.0, 0.0, 0.0, 0.0, 0.0, 0.0, 0.0, 0.0, 0.0, 0.0, 0.0, 0.0, 0.0, 0.0, 0.0, 0.0, 0.0, 0.0], "FOD d proportion": [0.0, 0.0, 0.0, 0.0, 0.0, 0.0, 0.0, 0.0, 0.0, 0.0, 0.0, 0.0, 0.0, 0.0, 0.0, 0.0, 0.0, 0.0, 0.0, 0.0, 0.0, 0.0, 0.0, 0.0, 0.0, 0.0, 0.0, 0.0, 0.0, 0.0, 0.0], "coordinates": [["-1.57900", "-2.80460", "0.69850"], ["-2.12760", "-1.50970", "0.15640"], ["-1.35370", "-0.53580", "-0.36910"], ["0.12160", "-0.65670", "-0.47300"], ["0.61560", "-1.68760", "-0.91650"], ["0.80060", "0.44650", "0.00960"], ["2.19830", "0.63560", "0.06730"], ["3.13620", "-0.30530", "-0.36080"], ["4.50560", "-0.03540", "-0.26440"], ["4.94830", "1.17650", "0.25960"], ["4.02170", "2.12250", "0.68780"], ["2.65390", "1.85300", "0.59170"], ["-2.05810", "0.90770", "-0.97900"], ["-1.67230", "1.10910", "-2.36250"], ["-1.81340", "1.96100", "-0.00550"], ["-3.78920", "0.56530", "-0.97320"], ["-4.10220", "-0.15710", "0.30470"], ["-3.50260", "-1.45190", "0.29770"], ["-2.19060", "-3.15220", "1.53900"], ["-1.60010", "-3.57670", "-0.07680"], ["-0.55930", "-2.70860", "1.08210"], ["0.25060", "1.22840", "0.35940"], ["2.83910", "-1.26170", "-0.77850"], ["5.22470", "-0.77710", "-0.60340"], ["6.01290", "1.38270", "0.33080"], ["4.36140", "3.07140", "1.09440"], ["1.95180", "2.61130", "0.92960"], ["-4.00820", "-0.05170", "-1.85040"], ["-4.32230", "1.51640", "-1.05050"], ["-3.77980", "0.39110", "1.19840"], ["-5.18370", "-0.30630", "0.38810"]], "bond_dist": [[0.0, 1.5071829285126608, 2.5175351616213826, 2.979585041578777, 2.9448570695366523, 4.087386766627303, 5.147949569488808, 5.4407470093728865, 6.754110023533818, 7.658161379208458, 7.459508656071122, 6.29460772487055, 4.101794040416949, 4.96945405250919, 4.823018009504008, 4.363002514324282, 3.678433488592665, 2.3855135484838486, 1.0960477042537884, 1.0943827986586778, 1.0936878210897294, 4.441566612131355, 4.907308531160436, 7.217758208058788, 8.677881664899562, 8.364954570707482, 6.469306659913411, 4.469492393997333, 5.408857262860613, 3.9122779988134795, 4.396784409088078], [1.5071829285126608, 0.0, 1.3503898214960006, 2.4864943193178624, 2.9509166474165283, 3.5245742891872776, 4.82945770351082, 5.424542896871587, 6.808081621866765, 7.569325035298722, 7.161644593946281, 5.861738618362304, 2.67166355853427, 3.6620033779339964, 3.4886518513603506, 2.8883448062861192, 2.3980335297906072, 1.3834491425419295, 2.147872903595555, 2.1459560783016975, 2.1803317614528304, 3.6323870732618793, 5.060005029641769, 7.427672185146569, 8.640841010572988, 7.998339965892923, 5.8499558630813615, 3.1128229310386417, 3.928179846952021, 2.7255402180118344, 3.2926590561429223], [2.5175351616213826, 1.3503898214960006, 0.0, 1.483887499104969, 2.34615269963402, 2.3977771935690773, 3.765544704289142, 4.495820409002122, 5.88156091016662, 6.560673668153294, 6.089213550204986, 4.7634399166988555, 1.7180947645575315, 2.6040056701167145, 2.564671380508622, 2.7402587961723617, 2.8551133742813084, 2.429327614793855, 3.34466682645671, 3.0648368733098996, 2.7309545290978394, 2.493369683781368, 4.274822921478736, 6.586992389550788, 7.644429201712839, 6.914918083390432, 4.745228166273988, 3.0781443679593723, 3.672657996601372, 3.033506398542782, 3.910872292724476], [2.979585041578777, 2.4864943193178624, 1.483887499104969, 0.0, 1.2261660001810522, 1.3823870659117148, 2.504924404048953, 3.0370847798505727, 4.4327174114757195, 5.214820983504611, 4.927696144244286, 3.7208498316916794, 2.730288528709008, 3.147433414704749, 3.288637185826372, 4.127691931334023, 4.323760387671824, 3.7896104245687314, 3.9524591193331777, 3.4128617507892116, 2.663128691971156, 2.064735520593376, 2.800743026412813, 5.106185457854033, 6.285909837883455, 5.859298286484483, 3.9995928292765, 4.395281993228648, 4.980373185816501, 4.371771352667017, 5.386137898346087], [2.9448570695366523, 2.9509166474165283, 2.34615269963402, 1.2261660001810522, 0.0, 2.333724281058069, 2.9782645903277296, 2.92796518763458, 4.276341806965388, 5.325276453856644, 5.356506110329755, 4.354903269878678, 3.726682174535414, 3.891906126822691, 4.4768564819524865, 4.947831478536834, 5.10797381845287, 4.299931088982706, 4.006156743064355, 3.0303665438359104, 2.5332258032003385, 3.203779301075528, 2.2681241279965256, 4.708592642180889, 6.333509822365479, 6.381443210591159, 4.865599332045334, 4.992781234943106, 5.887820344575741, 5.302201133491637, 6.102610207116296], [4.087386766627303, 3.5245742891872776, 2.3977771935690773, 1.3823870659117148, 2.333724281058069, 0.0, 1.4116137538292832, 2.4814162810782077, 3.7462419315895765, 4.218864218009392, 3.693834924573647, 2.3982917983431458, 3.0597714113966092, 3.490147787701833, 3.021081637427231, 4.6953459212288085, 4.948622516418079, 4.712160269982336, 4.923107097149116, 4.685825827962453, 3.5991999485996886, 1.0179526757172948, 2.7739017826880605, 4.630942319874002, 5.305441656450479, 4.554798314964121, 2.618782251352716, 5.179996204631815, 5.33971932127523, 4.732481247717734, 6.043328270084292], [5.147949569488808, 4.82945770351082, 3.765544704289142, 2.504924404048953, 2.9782645903277296, 1.4116137538292832, 0.0, 1.3957860975092136, 2.425674994717965, 2.809279640762022, 2.4332446280635245, 1.4016524105497767, 4.3915513272646605, 4.594526596941191, 4.225603139198001, 6.077642519102288, 6.354607171179033, 6.07544247112916, 5.981285224765661, 5.673806364337789, 4.451724434418645, 2.056761906492825, 2.173878922571356, 3.406560837560369, 3.895993303382335, 3.415707490403708, 2.1697267178149415, 6.532273480955922, 6.674092435679925, 6.089076044031639, 7.448759108066255], [5.4407470093728865, 5.424542896871587, 4.495820409002122, 3.0370847798505727, 2.92796518763458, 2.4814162810782077, 1.3957860975092136, 0.0, 1.399069451456932, 2.4216386621459445, 2.78888598727162, 2.4079303208357175, 5.3697572319426135, 5.39712909795569, 5.455354611755316, 7.006721293158448, 7.270439329916728, 6.769193397296313, 6.331577835737313, 5.763267445642272, 4.638375960398208, 3.346283175405214, 1.0851002995115244, 2.1548276613223623, 3.4063260927280585, 3.875670905791667, 3.4021303737511293, 7.302442911793286, 7.708663906929657, 7.123702239706542, 8.353537467444555], [6.754110023533818, 6.808081621866765, 5.88156091016662, 4.4327174114757195, 4.276341806965388, 3.7462419315895765, 2.425674994717965, 1.399069451456932, 0.0, 1.3925734810055805, 2.4077741713042777, 2.7798839292315787, 6.669501365169664, 6.624073691468114, 6.631923037098666, 8.34667268856279, 8.62745075558244, 8.151913634233376, 7.603011787443184, 7.060847820198365, 5.883219569249477, 4.482336654023211, 2.1319785997987877, 1.0872647791591523, 2.153421449693487, 3.3940149263077797, 3.8668528973830907, 8.660280141542767, 8.997658298690832, 8.424342066298113, 9.71502329127419], [7.658161379208458, 7.569325035298722, 6.560673668153294, 5.214820983504611, 5.325276453856644, 4.218864218009392, 2.809279640762022, 2.4216386621459445, 1.3925734810055805, 0.0, 1.3917107458089124, 2.414997726707004, 7.120114069310968, 7.121256597679934, 6.81221734459493, 8.845183295443912, 9.14833718333556, 8.850290898043975, 8.44620632355142, 8.098618262395137, 6.790004861559379, 4.699046599045385, 3.3869153355228705, 2.153536375360305, 1.0867203136041954, 2.152205533865202, 3.38918327772341, 9.283289691160133, 9.368880316238435, 8.813508280474922, 10.240733962465777], [7.459508656071122, 7.161644593946281, 6.089213550204986, 4.927696144244286, 5.356506110329755, 3.693834924573647, 2.4332446280635245, 2.78888598727162, 2.4077741713042777, 1.3917107458089124, 0.0, 1.3974055603152578, 6.420119104814178, 6.5385736709163105, 5.878361944453573, 8.135966546760132, 8.446365666959961, 8.339280775942251, 8.193880205372787, 8.041773998316541, 6.669374835769842, 3.8895316658950088, 3.873162543710243, 3.3944199209879735, 2.15398014846934, 1.086798444974964, 2.140532337994453, 8.697637546483529, 8.544669689344346, 8.007612663584572, 9.525139300293725], [6.29460772487055, 5.861738618362304, 4.7634399166988555, 3.7208498316916794, 4.354903269878678, 2.3982917983431458, 1.4016524105497767, 2.4079303208357175, 2.7798839292315787, 2.414997726707004, 1.3974055603152578, 0.0, 5.056049305534906, 5.291189969184626, 4.508334629328218, 6.754303880489831, 7.054626724356151, 6.993660862524004, 7.0298353167055065, 6.930010847033358, 5.601191030486285, 2.4939806214162936, 3.4078003418627687, 3.8671310632043494, 3.4017836350949775, 2.1570262168086876, 1.0872624844075143, 7.34678915649551, 7.174781309559198, 6.6255363699854515, 8.132158582442917], [4.101794040416949, 2.67166355853427, 1.7180947645575315, 2.730288528709008, 3.726682174535414, 3.0597714113966092, 4.3915513272646605, 5.3697572319426135, 6.669501365169664, 7.120114069310968, 6.420119104814178, 5.056049305534906, 0.0, 1.450336460963455, 1.4549987044667774, 1.7646468796900983, 2.6381867902026954, 3.0470075976275477, 4.779191172154552, 4.597126515552949, 4.424043437851848, 2.687798121139309, 5.359950041744792, 7.484570945618727, 8.190374963333486, 7.084530012640218, 4.756501332912669, 2.341511548124416, 2.3456831798007167, 2.8235079617383763, 3.621068042718888], [4.96945405250919, 3.6620033779339964, 2.6040056701167145, 3.147433414704749, 3.891906126822691, 3.490147787701833, 4.594526596941191, 5.39712909795569, 6.624073691468114, 7.121256597679934, 6.5385736709163105, 5.291189969184626, 1.450336460963455, 0.0, 2.510197565929821, 2.5898143833101246, 3.8238243016644997, 4.121332688585089, 5.800777088459786, 5.214053986103328, 5.2610713215085765, 3.334743844735304, 5.33689784425372, 7.3634769131165205, 8.148068537389705, 7.2253937325242, 5.12138927050073, 2.6582196786571277, 2.9849183054147397, 4.199653445226165, 4.679646084908558], [4.823018009504008, 3.4886518513603506, 2.564671380508622, 3.288637185826372, 4.4768564819524865, 3.021081637427231, 4.225603139198001, 5.455354611755316, 6.631923037098666, 6.81221734459493, 5.878361944453573, 4.508334629328218, 1.4549987044667774, 2.510197565929821, 0.0, 2.6054188569210903, 3.1338757298272055, 3.820106450087484, 5.354677798896961, 5.542265048696246, 4.955885867329877, 2.2203492450513274, 5.71218701899719, 7.575587609552146, 7.854839289890022, 6.369530846930565, 3.9337047601465973, 3.5031078116438272, 2.7539559491756584, 2.789388854211617, 4.080991587837446], [4.363002514324282, 2.8883448062861192, 2.7402587961723617, 4.127691931334023, 4.947831478536834, 4.6953459212288085, 6.077642519102288, 7.006721293158448, 8.34667268856279, 8.845183295443912, 8.135966546760132, 6.754303880489831, 1.7646468796900983, 2.5898143833101246, 2.6054188569210903, 0.0, 1.5009527540865502, 2.401337587679, 4.763032337702527, 4.769890540672815, 5.037353800359868, 4.3052884235553845, 6.8782409073832245, 9.120810436030343, 9.922183387238919, 8.774268478340517, 6.3848136104353115, 1.0945911748228194, 1.09305174168472, 2.178596006606089, 2.134819547409101], [3.678433488592665, 2.3980335297906072, 2.8551133742813084, 4.323760387671824, 5.10797381845287, 4.948622516418079, 6.354607171179033, 7.270439329916728, 8.62745075558244, 9.14833718333556, 8.446365666959961, 7.054626724356151, 2.6381867902026954, 3.8238243016644997, 3.1338757298272055, 1.5009527540865502, 0.0, 1.4269114198155397, 3.761427263685954, 4.254375491185516, 4.434708944226216, 4.568311523965939, 7.111617895387799, 9.391491320338853, 10.231662292120474, 9.092819326259594, 6.686213769391463, 2.159722475226852, 2.164627750907763, 1.0968886406559235, 1.094923947130576], [2.3855135484838486, 1.3834491425419295, 2.429327614793855, 3.7896104245687314, 4.299931088982706, 4.712160269982336, 6.07544247112916, 6.769193397296313, 8.151913634233376, 8.850290898043975, 8.339280775942251, 6.993660862524004, 3.0470075976275477, 4.121332688585089, 3.820106450087484, 2.401337587679, 1.4269114198155397, 0.0, 2.4805623918781, 2.8765485464354676, 3.295086211315267, 4.612409914567438, 6.43517997961207, 8.79960803331603, 9.92878607987905, 9.10700114088057, 6.830766517016959, 2.6135273118909623, 3.3616002469062267, 2.0699636059602593, 2.0363370865355273], [1.0960477042537884, 2.147872903595555, 3.34466682645671, 3.9524591193331777, 4.006156743064355, 4.923107097149116, 5.981285224765661, 6.331577835737313, 7.603011787443184, 8.44620632355142, 8.193880205372787, 7.0298353167055065, 4.779191172154552, 5.800777088459786, 5.354677798896961, 4.763032337702527, 3.761427263685954, 2.4805623918781, 0.0, 1.7719199022529206, 1.7511933816686265, 5.1517540663350765, 5.851724411658499, 8.075744662877845, 9.451056951473735, 9.047627872542062, 7.123817682254368, 4.940121695869445, 5.748519905158196, 3.8982739629225653, 4.287466061673259], [1.0943827986586778, 2.1459560783016975, 3.0648368733098996, 3.4128617507892116, 3.0303665438359104, 4.685825827962453, 5.673806364337789, 5.763267445642272, 7.060847820198365, 8.098618262395137, 8.041773998316541, 6.930010847033358, 4.597126515552949, 5.214053986103328, 5.542265048696246, 4.769890540672815, 4.254375491185516, 2.8765485464354676, 1.7719199022529206, 0.0, 1.783230624456635, 5.16762488383203, 5.0555024013445, 7.39546906963987, 9.09502914343874, 9.00602161334293, 7.205565804987143, 4.6227943464965, 5.856460717873893, 4.7032609931833465, 4.873790837736063], [1.0936878210897294, 2.1803317614528304, 2.7309545290978394, 2.663128691971156, 2.5332258032003385, 3.5991999485996886, 4.451724434418645, 4.638375960398208, 5.883219569249477, 6.790004861559379, 6.669374835769842, 5.601191030486285, 4.424043437851848, 5.2610713215085765, 4.955885867329877, 5.037353800359868, 4.434708944226216, 3.295086211315267, 1.7511933816686265, 1.783230624456635, 0.0, 4.083895481032785, 4.135755617780141, 6.326630896456661, 7.777981757499821, 7.590905069884617, 5.88474429945771, 5.249150890382177, 6.046385429328832, 4.471385247325487, 5.2571624142687465], [4.441566612131355, 3.6323870732618793, 2.493369683781368, 2.064735520593376, 3.203779301075528, 1.0179526757172948, 2.056761906492825, 3.346283175405214, 4.482336654023211, 4.699046599045385, 3.8895316658950088, 2.4939806214162936, 2.687798121139309, 3.334743844735304, 2.2203492450513274, 4.3052884235553845, 4.568311523965939, 4.612409914567438, 5.1517540663350765, 5.16762488383203, 4.083895481032785, 0.0, 3.76772433572309, 5.4489159380559355, 5.764436463350082, 4.564597533189535, 2.2653083432504286, 4.965808039987048, 4.793972926498439, 4.201085151481698, 5.64692343404796], [4.907308531160436, 5.060005029641769, 4.274822921478736, 2.800743026412813, 2.2681241279965256, 2.7739017826880605, 2.173878922571356, 1.0851002995115244, 2.1319785997987877, 3.3869153355228705, 3.873162543710243, 3.4078003418627687, 5.359950041744792, 5.33689784425372, 5.71218701899719, 6.8782409073832245, 7.111617895387799, 6.43517997961207, 5.851724411658499, 5.0555024013445, 4.135755617780141, 3.76772433572309, 0.0, 2.4406115073890806, 4.277429635891162, 4.959930171887503, 4.324931895417546, 7.035523214374323, 7.686187193270797, 7.102796537984176, 8.163275357355037], [7.217758208058788, 7.427672185146569, 6.586992389550788, 5.106185457854033, 4.708592642180889, 4.630942319874002, 3.406560837560369, 2.1548276613223623, 1.0872647791591523, 2.153536375360305, 3.3944199209879735, 3.8671310632043494, 7.484570945618727, 7.3634769131165205, 7.575587609552146, 9.120810436030343, 9.391491320338853, 8.79960803331603, 8.075744662877845, 7.39546906963987, 6.326630896456661, 5.4489159380559355, 2.4406115073890806, 0.0, 2.4816778437178346, 4.29403819032854, 4.954111218977628, 9.344926782484709, 9.828796958936532, 9.257007871337262, 10.466112719152227], [8.677881664899562, 8.640841010572988, 7.644429201712839, 6.285909837883455, 6.333509822365479, 5.305441656450479, 3.895993303382335, 3.4063260927280585, 2.153421449693487, 1.0867203136041954, 2.15398014846934, 3.4017836350949775, 8.190374963333486, 8.148068537389705, 7.854839289890022, 9.922183387238919, 10.231662292120474, 9.92878607987905, 9.451056951473735, 9.09502914343874, 7.777981757499821, 5.764436463350082, 4.277429635891162, 2.4816778437178346, 0.0, 2.4823869359952733, 4.284921540705267, 10.355558025041432, 10.42795399011714, 9.8809399153117, 11.3234206779577], [8.364954570707482, 7.998339965892923, 6.914918083390432, 5.859298286484483, 6.381443210591159, 4.554798314964121, 3.415707490403708, 3.875670905791667, 3.3940149263077797, 2.152205533865202, 1.086798444974964, 2.1570262168086876, 7.084530012640218, 7.2253937325242, 6.369530846930565, 8.774268478340517, 9.092819326259594, 9.10700114088057, 9.047627872542062, 9.00602161334293, 7.590905069884617, 4.564597533189535, 4.959930171887503, 4.29403819032854, 2.4823869359952733, 0.0, 2.45866289067859, 9.406157813368857, 9.07883619744293, 8.571695370812009, 10.149711867338896], [6.469306659913411, 5.8499558630813615, 4.745228166273988, 3.9995928292765, 4.865599332045334, 2.618782251352716, 2.1697267178149415, 3.4021303737511293, 3.8668528973830907, 3.38918327772341, 2.140532337994453, 1.0872624844075143, 4.756501332912669, 5.12138927050073, 3.9337047601465973, 6.3848136104353115, 6.686213769391463, 6.830766517016959, 7.123817682254368, 7.205565804987143, 5.88474429945771, 2.2653083432504286, 4.324931895417546, 4.954111218977628, 4.284921540705267, 2.45866289067859, 0.0, 7.095179278918892, 6.669627638031977, 6.152461299350042, 7.7279345403542345], [4.469492393997333, 3.1128229310386417, 3.0781443679593723, 4.395281993228648, 4.992781234943106, 5.179996204631815, 6.532273480955922, 7.302442911793286, 8.660280141542767, 9.283289691160133, 8.697637546483529, 7.34678915649551, 2.341511548124416, 2.6582196786571277, 3.5031078116438272, 1.0945911748228194, 2.159722475226852, 2.6135273118909623, 4.940121695869445, 4.6227943464965, 5.249150890382177, 4.965808039987048, 7.035523214374323, 9.344926782484709, 10.355558025041432, 9.406157813368857, 7.095179278918892, 0.0, 1.788137698836418, 3.0892425997321737, 2.5411618720577405], [5.408857262860613, 3.928179846952021, 3.672657996601372, 4.980373185816501, 5.887820344575741, 5.33971932127523, 6.674092435679925, 7.708663906929657, 8.997658298690832, 9.368880316238435, 8.544669689344346, 7.174781309559198, 2.3456831798007167, 2.9849183054147397, 2.7539559491756584, 1.09305174168472, 2.164627750907763, 3.3616002469062267, 5.748519905158196, 5.856460717873893, 6.046385429328832, 4.793972926498439, 7.686187193270797, 9.828796958936532, 10.42795399011714, 9.07883619744293, 6.669627638031977, 1.788137698836418, 0.0, 2.572577996873953, 2.476654035185375], [3.9122779988134795, 2.7255402180118344, 3.033506398542782, 4.371771352667017, 5.302201133491637, 4.732481247717734, 6.089076044031639, 7.123702239706542, 8.424342066298113, 8.813508280474922, 8.007612663584572, 6.6255363699854515, 2.8235079617383763, 4.199653445226165, 2.789388854211617, 2.178596006606089, 1.0968886406559235, 2.0699636059602593, 3.8982739629225653, 4.7032609931833465, 4.471385247325487, 4.201085151481698, 7.102796537984176, 9.257007871337262, 9.8809399153117, 8.571695370812009, 6.152461299350042, 3.0892425997321737, 2.572577996873953, 0.0, 1.76462122281242], [4.396784409088078, 3.2926590561429223, 3.910872292724476, 5.386137898346087, 6.102610207116296, 6.043328270084292, 7.448759108066255, 8.353537467444555, 9.71502329127419, 10.240733962465777, 9.525139300293725, 8.132158582442917, 3.621068042718888, 4.679646084908558, 4.080991587837446, 2.134819547409101, 1.094923947130576, 2.0363370865355273, 4.287466061673259, 4.873790837736063, 5.2571624142687465, 5.64692343404796, 8.163275357355037, 10.466112719152227, 11.3234206779577, 10.149711867338896, 7.7279345403542345, 2.5411618720577405, 2.476654035185375, 1.76462122281242, 0.0]]}