{"total energy": -30.37523431, "HOMO-LUMO gap/eV": 11.54180365, "electronic energy": -30.76351468, "dipole": [-0.12291587, -0.31599694, 0.56428195], "partial charges": [-0.10035997, -0.05179547, -0.05784531, -0.06314112, -0.02208129, -0.05444795, -0.09786748, 0.08541715, -0.4449084, 0.03297628, 0.03157859, 0.03272149, 0.02794557, 0.02800654, 0.03153472, 0.03673302, 0.02647795, 0.03161146, 0.04217023, 0.04781158, 0.03012036, 0.03193777, 0.03312244, 0.02939479, 0.01279779, 0.01723447, 0.28285479], "atomic dipole moments": [[0.07234229, -0.06227386, 0.03542074], [0.01518806, 0.06691419, -0.08694044], [-0.0097096, -0.0743275, 0.08984935], [0.01862992, 0.0531329, -0.09372951], [0.03276476, 0.00814611, 0.10157692], [-0.02838335, -0.05457842, 0.10197936], [-0.02804539, -0.04694089, -0.08747987], [0.11936903, 0.03189222, -0.15147201], [-0.11411685, -0.07608866, 0.2016884], [-0.03009306, -0.02733543, -0.11933903], [-0.1035269, -0.01133334, 0.06866157], [0.03613177, 0.12049778, 0.00509989], [-0.04466478, -0.11495562, -0.0014181], [0.01950107, 0.02770886, 0.11860115], [-0.02324245, -0.02653983, -0.1197354], [0.03883098, 0.11839094, 0.00212963], [-0.04643307, -0.1123445, 0.0089187], [0.02408988, 0.02769379, 0.11915622], [-0.02897294, -0.03673454, -0.11400331], [0.10033929, -0.00646227, -0.07624606], [-0.06981871, 0.07681652, -0.06418186], [-0.09587072, 0.0273474, 0.07536594], [0.08647799, -0.06561523, 0.0647645], [0.05358787, 0.1085111, -0.02757151], [-0.04259981, -0.10790657, 0.00032003], [0.04430177, 0.02276124, 0.10744893], [0.03765723, -0.05580291, 0.04171394]], "atomic quadrupole moments": [[0.06786721, -0.15436554, 0.00811633, 0.07880204, -0.08063646, -0.07598354], [0.17373716, -0.1309679, -0.0897718, -0.06231964, -0.10126797, -0.08396536], [0.17486192, -0.12184118, -0.09922915, -0.07078414, -0.11231119, -0.07563277], [0.14487872, -0.14701534, -0.0778246, -0.07346603, -0.07356418, -0.06705412], [0.08218916, -0.0510887, 0.05905734, -0.06673475, -0.11506618, -0.1412465], [-0.12425554, 0.14907707, 0.09889577, 0.07184635, 0.09472328, 0.02535976], [-0.09288365, 0.05063822, -0.03865878, 0.07319101, 0.11665256, 0.13154243], [0.24900612, -0.15112105, -0.21236, -0.28576993, -0.05447535, -0.03664613], [0.07323763, -0.03062787, -0.08947922, -0.13190894, -0.02244056, 0.01624159], [-0.04069233, -0.00605663, -0.02601716, 0.02159575, 0.03352391, 0.0667095], [0.04112319, 0.00472001, -0.04014989, -0.05673524, -0.01994502, -0.0009733], [-0.01727542, 0.04023627, 0.06346167, 0.01354352, 0.00398092, -0.04618625], [-0.00990582, 0.02155281, 0.04768975, 0.00216528, 0.01303276, -0.03778392], [-0.01449046, 0.00023947, -0.02727761, 0.01992136, 0.02869164, 0.04176807], [-0.01777223, 0.00215528, -0.0250593, 0.01654635, 0.02986241, 0.04283153], [-0.00640342, 0.02739024, 0.04222387, 0.00142602, 0.01133113, -0.03582045], [-0.00480582, 0.02502661, 0.04702598, -0.0010039, 0.00889318, -0.04222016], [-0.01511186, 0.0025497, -0.01743524, 0.02674816, 0.03730571, 0.03254711], [-0.02235563, 0.01701499, -0.00221776, 0.01413469, 0.00949239, 0.0245734], [0.0334559, -0.0084696, -0.01908353, -0.03240757, 0.02632017, -0.01437237], [0.01744534, -0.0335805, 0.00888794, 0.03905581, -0.00743955, -0.02633327], [0.0516863, -0.00670499, -0.05010007, -0.04966733, 0.01410504, -0.00158623], [-0.00082484, -0.05464626, 0.01243139, 0.03627899, -0.02497057, -0.01160655], [-0.0306318, 0.05127756, 0.04812877, -0.01260372, -0.02837003, -0.01749697], [0.01457192, 0.02802322, 0.02387644, -0.01461645, 0.00507304, -0.03844836], [-0.00167488, -0.00012282, -0.02905073, 0.00682933, 0.03663804, 0.0307256], [0.01539075, -0.09250541, 0.01586242, 0.02981604, -0.06533067, -0.03125318]], "number of molecular orbitals": 54, "number of electrons": 56, "number of unpaired electrons": 0, "orbital energies/eV": [-18.53700788, -17.14667164, -16.84858349, -16.45477095, -16.32960705, -15.80936697, -15.60928613, -15.12854246, -15.10616595, -14.70258856, -14.42145456, -14.01940324, -13.86337739, -13.46307209, -13.29673394, -13.20951192, -12.92239777, -12.81108217, -12.52703186, -12.45718474, -12.08877906, -11.92759035, -11.7173914, -11.5752925, -11.40857064, -11.35805023, -11.23279902, -10.97060993, 0.57119373, 1.89207126, 2.22033421, 2.61147673, 2.94267687, 3.11689536, 3.27942698, 3.51216912, 3.92778029, 4.09770208, 4.32491993, 4.43477183, 4.60282596, 4.83582225, 4.9892968, 5.53369676, 5.90681946, 6.24868663, 6.46697085, 6.77274659, 7.16005453, 7.28385022, 7.4536447, 7.86459418, 7.97229703, 8.36317914], "fractional occupation": [2.0, 2.0, 2.0, 2.0, 2.0, 2.0, 2.0, 2.0, 2.0, 2.0, 2.0, 2.0, 2.0, 2.0, 2.0, 2.0, 2.0, 2.0, 2.0, 2.0, 2.0, 2.0, 2.0, 2.0, 2.0, 2.0, 2.0, 2.0, 0.0, 0.0, 0.0, 0.0, 0.0, 0.0, 0.0, 0.0, 0.0, 0.0, 0.0, 0.0, 0.0, 0.0, 0.0, 0.0, 0.0, 0.0, 0.0, 0.0, 0.0, 0.0, 0.0, 0.0, 0.0, 0.0], "program call": "xtb /home/svss/Project-DBcg-Debug/aqme2_20220329/End-to-End-workflows-final/example-3/QDESCP/mol_1056_rdkit_conf_4/mol_1056_rdkit_conf_4.xyz --pop --wbo --acc 0.2 --gfn 2 --chrg 0 --uhf 0 --etemp 300 --input /home/svss/Project-DBcg-Debug/aqme2_20220329/End-to-End-workflows-final/example-3/QDESCP/mol_1056_rdkit_conf_4/mol_1056_rdkit_conf_4_xtb.inp", "method": "GFN2-xTB", "xtb version": "6.3.3 (7355c4f)", "Dipole module/D": 1.673, "Total charge": 0, "Transition dipole module/D": NaN, "HOMO": -10.9706, "LUMO": 0.5712, "HOMO occupancy": 2.0, "LUMO occupancy": 0, "mulliken charges": [-0.08335, -0.03851, -0.04506, -0.05717, -0.02089, -0.04059, -0.08639, 0.19395, -0.56882, 0.02719, 0.02827, 0.02712, 0.02167, 0.0219, 0.02422, 0.02537, 0.02218, 0.02239, 0.03369, 0.04088, 0.02075, 0.02297, 0.02806, 0.02833, 0.00839, 0.00777, 0.33568], "cm5 charges": [-0.23371, -0.15116, -0.15605, -0.16565, -0.08827, -0.14993, -0.23687, 0.10855, -0.78439, 0.07848, 0.07904, 0.07842, 0.07636, 0.07661, 0.07972, 0.08162, 0.07799, 0.07867, 0.09461, 0.09873, 0.07618, 0.07512, 0.08051, 0.07914, 0.07127, 0.07118, 0.50384], "FUKUI+": [0.008, -0.012, -0.015, -0.029, -0.027, 0.013, 0.016, -0.017, -0.11, -0.033, -0.058, -0.033, -0.037, -0.038, -0.045, -0.045, -0.052, -0.053, -0.053, -0.031, -0.031, -0.013, -0.013, -0.038, -0.069, -0.069, -0.115], "FUKUI-": [0.018, 0.007, 0.01, 0.013, 0.001, 0.007, 0.018, 0.017, -0.091, -0.058, -0.047, -0.052, -0.073, -0.071, -0.055, -0.051, -0.038, -0.034, -0.045, -0.07, -0.059, -0.049, -0.046, -0.05, -0.076, -0.078, -0.049], "FUKUIrad": [0.013, -0.003, -0.003, -0.008, -0.013, 0.01, 0.017, 0.0, -0.1, -0.045, -0.053, -0.043, -0.055, -0.054, -0.05, -0.048, -0.045, -0.043, -0.049, -0.05, -0.045, -0.031, -0.03, -0.044, -0.072, -0.074, -0.082], "s proportion": [1.007, 1.027, 1.032, 1.037, 1.062, 1.029, 1.007, 0.995, 1.695, 0.973, 0.972, 0.973, 0.978, 0.978, 0.976, 0.975, 0.978, 0.978, 0.966, 0.959, 0.979, 0.977, 0.972, 0.972, 0.992, 0.992, 0.664], "p proportion": [3.076, 3.011, 3.013, 3.02, 2.959, 3.011, 3.08, 2.811, 4.874, 0.0, 0.0, 0.0, 0.0, 0.0, 0.0, 0.0, 0.0, 0.0, 0.0, 0.0, 0.0, 0.0, 0.0, 0.0, 0.0, 0.0, 0.0], "d proportion": [0.0, 0.0, 0.0, 0.0, 0.0, 0.0, 0.0, 0.0, 0.0, 0.0, 0.0, 0.0, 0.0, 0.0, 0.0, 0.0, 0.0, 0.0, 0.0, 0.0, 0.0, 0.0, 0.0, 0.0, 0.0, 0.0, 0.0], "Fermi-level/eV": -5.1997, "Coordination numbers": [3.75, 3.8, 3.801, 3.802, 3.846, 3.798, 3.748, 3.675, 1.653, 0.924, 0.924, 0.924, 0.924, 0.924, 0.924, 0.924, 0.923, 0.924, 0.923, 0.924, 0.924, 0.924, 0.924, 0.924, 0.924, 0.924, 0.804], "Dispersion coefficient C6": [22.48, 21.504, 21.615, 21.712, 20.935, 21.555, 22.435, 19.378, 21.741, 2.545, 2.564, 2.548, 2.616, 2.615, 2.565, 2.493, 2.637, 2.564, 2.42, 2.348, 2.585, 2.559, 2.543, 2.595, 2.845, 2.776, 0.775], "Total dispersion C6": 4863.421727, "Total dispersion C8": 100840.570314, "Polarizability alpha": [6.762, 6.602, 6.619, 6.634, 6.508, 6.611, 6.756, 6.307, 6.294, 2.495, 2.504, 2.496, 2.529, 2.529, 2.505, 2.469, 2.54, 2.504, 2.433, 2.396, 2.514, 2.502, 2.494, 2.519, 2.638, 2.605, 1.383], "Total polarizability alpha": 103.14943, "Wiberg matrix": [[0.0, 1.0201130546524941, 0.0, 0.0, 0.0, 0.0, 0.0, 0.0, 0.0, 0.9876699562991517, 0.9873255760033876, 0.9876547581890839, 0.0, 0.0, 0.0, 0.0, 0.0, 0.0, 0.0, 0.0, 0.0, 0.0, 0.0, 0.0, 0.0, 0.0, 0.0], [1.0201130546524941, 0.0, 1.0070777033790277, 0.0, 0.0, 0.0, 0.0, 0.0, 0.0, 0.0, 0.0, 0.0, 0.9779341027767567, 0.9781931147566789, 0.0, 0.0, 0.0, 0.0, 0.0, 0.0, 0.0, 0.0, 0.0, 0.0, 0.0, 0.0, 0.0], [0.0, 1.0070777033790277, 0.0, 1.007704112885439, 0.0, 0.0, 0.0, 0.0, 0.0, 0.0, 0.0, 0.0, 0.0, 0.0, 0.9770489500037263, 0.9748304276434903, 0.0, 0.0, 0.0, 0.0, 0.0, 0.0, 0.0, 0.0, 0.0, 0.0, 0.0], [0.0, 0.0, 1.007704112885439, 0.0, 0.9936634874904252, 0.0, 0.0, 0.0, 0.0, 0.0, 0.0, 0.0, 0.0, 0.0, 0.0, 0.0, 0.9756855649609188, 0.9752576104540308, 0.0, 0.0, 0.0, 0.0, 0.0, 0.0, 0.0, 0.0, 0.0], [0.0, 0.0, 0.0, 0.9936634874904252, 0.0, 0.9947951826309688, 0.0, 0.9923358529921487, 0.0, 0.0, 0.0, 0.0, 0.0, 0.0, 0.0, 0.0, 0.0, 0.0, 0.9670044547497789, 0.0, 0.0, 0.0, 0.0, 0.0, 0.0, 0.0, 0.0], [0.0, 0.0, 0.0, 0.0, 0.9947951826309688, 0.0, 1.0215899714359085, 0.0, 0.0, 0.0, 0.0, 0.0, 0.0, 0.0, 0.0, 0.0, 0.0, 0.0, 0.0, 0.9749565261060594, 0.9751796214048913, 0.0, 0.0, 0.0, 0.0, 0.0, 0.0], [0.0, 0.0, 0.0, 0.0, 0.0, 1.0215899714359085, 0.0, 0.0, 0.0, 0.0, 0.0, 0.0, 0.0, 0.0, 0.0, 0.0, 0.0, 0.0, 0.0, 0.0, 0.0, 0.9856991519749062, 0.985881093989323, 0.9869575542494182, 0.0, 0.0, 0.0], [0.0, 0.0, 0.0, 0.0, 0.9923358529921487, 0.0, 0.0, 0.0, 0.9892330338053359, 0.0, 0.0, 0.0, 0.0, 0.0, 0.0, 0.0, 0.0, 0.0, 0.0, 0.0, 0.0, 0.0, 0.0, 0.0, 0.9730231794192553, 0.9711516727948281, 0.0], [0.0, 0.0, 0.0, 0.0, 0.0, 0.0, 0.0, 0.9892330338053359, 0.0, 0.0, 0.0, 0.0, 0.0, 0.0, 0.0, 0.0, 0.0, 0.0, 0.0, 0.0, 0.0, 0.0, 0.0, 0.0, 0.0, 0.0, 0.9069825025971284], [0.9876699562991517, 0.0, 0.0, 0.0, 0.0, 0.0, 0.0, 0.0, 0.0, 0.0, 0.0, 0.0, 0.0, 0.0, 0.0, 0.0, 0.0, 0.0, 0.0, 0.0, 0.0, 0.0, 0.0, 0.0, 0.0, 0.0, 0.0], [0.9873255760033876, 0.0, 0.0, 0.0, 0.0, 0.0, 0.0, 0.0, 0.0, 0.0, 0.0, 0.0, 0.0, 0.0, 0.0, 0.0, 0.0, 0.0, 0.0, 0.0, 0.0, 0.0, 0.0, 0.0, 0.0, 0.0, 0.0], [0.9876547581890839, 0.0, 0.0, 0.0, 0.0, 0.0, 0.0, 0.0, 0.0, 0.0, 0.0, 0.0, 0.0, 0.0, 0.0, 0.0, 0.0, 0.0, 0.0, 0.0, 0.0, 0.0, 0.0, 0.0, 0.0, 0.0, 0.0], [0.0, 0.9779341027767567, 0.0, 0.0, 0.0, 0.0, 0.0, 0.0, 0.0, 0.0, 0.0, 0.0, 0.0, 0.0, 0.0, 0.0, 0.0, 0.0, 0.0, 0.0, 0.0, 0.0, 0.0, 0.0, 0.0, 0.0, 0.0], [0.0, 0.9781931147566789, 0.0, 0.0, 0.0, 0.0, 0.0, 0.0, 0.0, 0.0, 0.0, 0.0, 0.0, 0.0, 0.0, 0.0, 0.0, 0.0, 0.0, 0.0, 0.0, 0.0, 0.0, 0.0, 0.0, 0.0, 0.0], [0.0, 0.0, 0.9770489500037263, 0.0, 0.0, 0.0, 0.0, 0.0, 0.0, 0.0, 0.0, 0.0, 0.0, 0.0, 0.0, 0.0, 0.0, 0.0, 0.0, 0.0, 0.0, 0.0, 0.0, 0.0, 0.0, 0.0, 0.0], [0.0, 0.0, 0.9748304276434903, 0.0, 0.0, 0.0, 0.0, 0.0, 0.0, 0.0, 0.0, 0.0, 0.0, 0.0, 0.0, 0.0, 0.0, 0.0, 0.0, 0.0, 0.0, 0.0, 0.0, 0.0, 0.0, 0.0, 0.0], [0.0, 0.0, 0.0, 0.9756855649609188, 0.0, 0.0, 0.0, 0.0, 0.0, 0.0, 0.0, 0.0, 0.0, 0.0, 0.0, 0.0, 0.0, 0.0, 0.0, 0.0, 0.0, 0.0, 0.0, 0.0, 0.0, 0.0, 0.0], [0.0, 0.0, 0.0, 0.9752576104540308, 0.0, 0.0, 0.0, 0.0, 0.0, 0.0, 0.0, 0.0, 0.0, 0.0, 0.0, 0.0, 0.0, 0.0, 0.0, 0.0, 0.0, 0.0, 0.0, 0.0, 0.0, 0.0, 0.0], [0.0, 0.0, 0.0, 0.0, 0.9670044547497789, 0.0, 0.0, 0.0, 0.0, 0.0, 0.0, 0.0, 0.0, 0.0, 0.0, 0.0, 0.0, 0.0, 0.0, 0.0, 0.0, 0.0, 0.0, 0.0, 0.0, 0.0, 0.0], [0.0, 0.0, 0.0, 0.0, 0.0, 0.9749565261060594, 0.0, 0.0, 0.0, 0.0, 0.0, 0.0, 0.0, 0.0, 0.0, 0.0, 0.0, 0.0, 0.0, 0.0, 0.0, 0.0, 0.0, 0.0, 0.0, 0.0, 0.0], [0.0, 0.0, 0.0, 0.0, 0.0, 0.9751796214048913, 0.0, 0.0, 0.0, 0.0, 0.0, 0.0, 0.0, 0.0, 0.0, 0.0, 0.0, 0.0, 0.0, 0.0, 0.0, 0.0, 0.0, 0.0, 0.0, 0.0, 0.0], [0.0, 0.0, 0.0, 0.0, 0.0, 0.0, 0.9856991519749062, 0.0, 0.0, 0.0, 0.0, 0.0, 0.0, 0.0, 0.0, 0.0, 0.0, 0.0, 0.0, 0.0, 0.0, 0.0, 0.0, 0.0, 0.0, 0.0, 0.0], [0.0, 0.0, 0.0, 0.0, 0.0, 0.0, 0.985881093989323, 0.0, 0.0, 0.0, 0.0, 0.0, 0.0, 0.0, 0.0, 0.0, 0.0, 0.0, 0.0, 0.0, 0.0, 0.0, 0.0, 0.0, 0.0, 0.0, 0.0], [0.0, 0.0, 0.0, 0.0, 0.0, 0.0, 0.9869575542494182, 0.0, 0.0, 0.0, 0.0, 0.0, 0.0, 0.0, 0.0, 0.0, 0.0, 0.0, 0.0, 0.0, 0.0, 0.0, 0.0, 0.0, 0.0, 0.0, 0.0], [0.0, 0.0, 0.0, 0.0, 0.0, 0.0, 0.0, 0.9730231794192553, 0.0, 0.0, 0.0, 0.0, 0.0, 0.0, 0.0, 0.0, 0.0, 0.0, 0.0, 0.0, 0.0, 0.0, 0.0, 0.0, 0.0, 0.0, 0.0], [0.0, 0.0, 0.0, 0.0, 0.0, 0.0, 0.0, 0.9711516727948281, 0.0, 0.0, 0.0, 0.0, 0.0, 0.0, 0.0, 0.0, 0.0, 0.0, 0.0, 0.0, 0.0, 0.0, 0.0, 0.0, 0.0, 0.0, 0.0], [0.0, 0.0, 0.0, 0.0, 0.0, 0.0, 0.0, 0.0, 0.9069825025971284, 0.0, 0.0, 0.0, 0.0, 0.0, 0.0, 0.0, 0.0, 0.0, 0.0, 0.0, 0.0, 0.0, 0.0, 0.0, 0.0, 0.0, 0.0]], "Born radii": [], "Atomic SASAs": [], "Solvent H bonds": [], "Total SASA": NaN, "Total FOD": 0.0, "FOD": [0.0, 0.0, 0.0, 0.0, 0.0, 0.0, 0.0, 0.0, 0.0, 0.0, 0.0, 0.0, 0.0, 0.0, 0.0, 0.0, 0.0, 0.0, 0.0, 0.0, 0.0, 0.0, 0.0, 0.0, 0.0, 0.0, 0.0], "FOD s proportion": [0.0, 0.0, 0.0, 0.0, 0.0, 0.0, 0.0, 0.0, 0.0, 0.0, 0.0, 0.0, 0.0, 0.0, 0.0, 0.0, 0.0, 0.0, 0.0, 0.0, 0.0, 0.0, 0.0, 0.0, 0.0, 0.0, 0.0], "FOD p proportion": [0.0, 0.0, 0.0, 0.0, 0.0, 0.0, 0.0, 0.0, 0.0, 0.0, 0.0, 0.0, 0.0, 0.0, 0.0, 0.0, 0.0, 0.0, 0.0, 0.0, 0.0, 0.0, 0.0, 0.0, 0.0, 0.0, 0.0], "FOD d proportion": [0.0, 0.0, 0.0, 0.0, 0.0, 0.0, 0.0, 0.0, 0.0, 0.0, 0.0, 0.0, 0.0, 0.0, 0.0, 0.0, 0.0, 0.0, 0.0, 0.0, 0.0, 0.0, 0.0, 0.0, 0.0, 0.0, 0.0], "coordinates": [["-3.70610", "1.09620", "0.09350"], ["-2.63120", "0.16400", "0.62950"], ["-1.34090", "0.26940", "-0.18510"], ["-0.26110", "-0.66760", "0.36390"], ["1.01930", "-0.71170", "-0.49520"], ["1.69730", "0.66230", "-0.69410"], ["2.13310", "1.36030", "0.58680"], ["1.98350", "-1.76090", "0.08230"], ["3.12790", "-1.88910", "-0.75040"], ["-3.95260", "0.85440", "-0.94530"], ["-4.61940", "1.00410", "0.68970"], ["-3.37710", "2.13940", "0.13500"], ["-3.00490", "-0.86630", "0.60490"], ["-2.43030", "0.41180", "1.67830"], ["-1.54710", "0.01940", "-1.23280"], ["-0.98880", "1.30650", "-0.15950"], ["-0.67670", "-1.68250", "0.41920"], ["-0.01640", "-0.38170", "1.39410"], ["0.73840", "-1.05530", "-1.50090"], ["2.57560", "0.54430", "-1.34070"], ["1.02040", "1.32750", "-1.24300"], ["1.28240", "1.57030", "1.24120"], ["2.86180", "0.76400", "1.14270"], ["2.60630", "2.31780", "0.34480"], ["1.49410", "-2.73970", "0.13190"], ["2.31210", "-1.49330", "1.09150"], ["3.70040", "-2.56360", "-0.34690"]], "bond_dist": [[0.0, 1.5204285086777347, 2.5209893375419106, 3.8797076693998482, 5.093571954925149, 5.477710701561374, 5.8659483751564, 6.366686266025679, 7.5051808305996195, 1.0946848541932057, 1.094556412433822, 1.0946366931544, 2.1458372841387576, 2.146546072182007, 2.7531529071230314, 2.737143470846934, 4.1236535426730505, 4.1820610779853515, 5.188896208250846, 6.466937307566852, 4.917268976779692, 5.140731304979867, 6.659466036402619, 6.434427092601175, 6.462018524424083, 6.627235131636723, 8.273108874540453], [1.5204285086777347, 0.0, 1.5295608552784032, 2.5257624452826124, 3.9189221515615746, 4.553694335372105, 4.912383481569818, 5.029922856267281, 6.267900480224618, 2.1685813703894072, 2.159243221594084, 2.1686636945363387, 1.0962549612202448, 1.096242258809612, 2.1597090683700895, 2.150652228976131, 2.697009193532718, 2.7784133403797213, 4.168872846465817, 5.5800611439302354, 4.265462584527029, 4.20334646918381, 5.549452517140768, 5.670212939564088, 5.069238556233076, 5.2341477033037584, 6.962924477545337], [2.5209893375419106, 1.5295608552784032, 0.0, 1.5314496531064936, 2.574735570888785, 3.1054968443068818, 3.722172540331789, 3.9045174106411666, 4.994883359999511, 2.7822843007140734, 3.4718325679675277, 2.7830692499469003, 2.1639802425160912, 2.1631758319655847, 1.0966739396921947, 1.0955392188324433, 2.1485468903424008, 2.1615050543544885, 2.794574783397288, 4.092670719713473, 2.7954365866533264, 3.2570501055402876, 4.435129004888133, 4.4785181042393924, 4.146371523392471, 4.252202705657387, 5.785047444057827], [3.8797076693998482, 2.5257624452826124, 1.5314496531064936, 0.0, 1.5425374484919323, 2.592938211759008, 3.1455137036738527, 2.512535096272289, 3.77081526198248, 4.202101960923842, 4.679263341595555, 4.2001309753387455, 2.761521524449882, 2.75647970426049, 2.1622247547375824, 2.1680787946935878, 1.09809082502314, 1.0967811723402257, 2.150997577869394, 3.524376492374219, 2.8644011363634108, 2.85661407088882, 3.522571845967091, 4.139439663770932, 2.72546316247349, 2.798667627639981, 4.448992570234299], [5.093571954925149, 3.9189221515615746, 2.574735570888785, 1.5425374484919323, 0.0, 1.5450311356086, 2.5892969007048996, 1.537533261428838, 2.4284957813428463, 5.232117050487307, 6.011896151797701, 5.277713161019648, 4.174722363223692, 4.229195509786702, 2.7685682093818818, 2.866756240073439, 2.1575439740593936, 2.1796855231890677, 1.0992716952600936, 2.1712843986912445, 2.171990490310674, 2.8795538838507606, 2.8731886728859277, 3.5216529144707036, 2.1751950372322937, 2.190855378613568, 3.261874263364546], [5.477710701561374, 4.553694335372105, 3.1054968443068818, 2.592938211759008, 1.5450311356086, 0.0, 1.5224422649151594, 2.56058697177034, 2.925650014953942, 5.6587431343011145, 6.475525350888528, 5.349651070864342, 5.112211243679197, 4.767401154717317, 3.3510669136858486, 2.8135251927075404, 3.517584388468882, 2.8960806152453697, 2.1261620846022065, 1.0970079534807395, 1.0963465966563677, 2.1776115585659443, 2.1772086211477304, 2.155521853287505, 3.5067321312013555, 2.8658258425801106, 3.8130549773115], [5.8659483751564, 4.912383481569818, 3.722172540331789, 3.1455137036738527, 2.5892969007048996, 1.5224422649151594, 0.0, 3.165247202036517, 3.6518941989055484, 6.295951850991238, 6.7626712991243325, 5.58331658514901, 5.599742777128249, 4.787028729807249, 4.318892104463829, 3.210314274335147, 4.145081137927218, 2.882125524677924, 3.4840784635251834, 2.139373389569946, 2.1418088546833496, 1.093631496437443, 1.093435956057784, 1.0951203084593035, 4.174356837885329, 2.9034111059235137, 4.327264284741574], [6.366686266025679, 5.029922856267281, 3.9045174106411666, 2.512535096272289, 1.537533261428838, 2.56058697177034, 3.165247202036517, 0.0, 1.4210826471391451, 6.5675748233271, 7.18418041045741, 6.6295663312165445, 5.094855687848283, 5.171989146353654, 4.167024413175425, 4.278081028919392, 2.6825943058912207, 2.760907801792736, 2.134166724977222, 2.7729872790909087, 3.49602578079739, 3.596037243967309, 2.875930990131717, 4.134317329378575, 1.0954551382872784, 1.0945649181295733, 1.9432667186981825], [7.5051808305996195, 6.267900480224618, 4.994883359999511, 3.77081526198248, 2.4284957813428463, 2.925650014953942, 3.6518941989055484, 1.4210826471391451, 0.0, 7.595936973803824, 8.39435235977142, 7.70245223354225, 6.363504833816031, 6.487396376051026, 5.072544431545179, 5.244829936232441, 3.9856779699318405, 4.09362400569471, 2.63973160378096, 2.564161644670632, 3.8769480999879273, 4.397702715054759, 3.2701034280279275, 4.378303005731787, 2.0423702137467634, 2.052993641003303, 0.9723778843638929], [1.0946848541932057, 2.1685813703894072, 2.7822843007140734, 4.202101960923842, 5.232117050487307, 5.6587431343011145, 6.295951850991238, 6.5675748233271, 7.595936973803824, 0.0, 1.7720771230395138, 1.7746755590811523, 2.502411600836281, 3.0653823595108, 2.562481512128429, 3.099352592074674, 4.362252018166764, 4.742826795277264, 5.0952062225193595, 6.547510856042928, 5.004315927277174, 5.718261978958291, 7.127689914691857, 6.842884390372235, 6.613959142601351, 6.993333655703837, 8.40292898696639], [1.094556412433822, 2.159243221594084, 3.4718325679675277, 4.679263341595555, 6.011896151797701, 6.475525350888528, 6.7626712991243325, 7.18418041045741, 8.39435235977142, 1.7720771230395138, 0.0, 1.7719784056246284, 2.4722858754601984, 2.473925637524297, 3.7556181421971, 3.740834500482479, 4.7786894751594815, 4.858418466949918, 6.143767375153456, 7.490124511648656, 5.970532714088416, 5.954492247874708, 7.498747258709284, 7.352244840183167, 7.190414558980588, 7.378627396067645, 9.11164611307968], [1.0946366931544, 2.1686636945363387, 2.7830692499469003, 4.2001309753387455, 5.277713161019648, 5.349651070864342, 5.58331658514901, 6.6295663312165445, 7.70245223354225, 1.7746755590811523, 1.7719784056246284, 0.0, 3.064893365192336, 2.5025600672111747, 3.1167574239905167, 2.54645430942713, 4.688267207615198, 4.385838860468998, 5.460734121892403, 6.336929208220651, 4.67932386782535, 4.822706034997364, 6.4676933801781304, 5.989734398118166, 6.894506208569255, 6.817506742204221, 8.511253894697303], [2.1458372841387576, 1.0962549612202448, 2.1639802425160912, 2.761521524449882, 4.174722363223692, 5.112211243679197, 5.599742777128249, 5.094855687848283, 6.363504833816031, 2.502411600836281, 2.4722858754601984, 3.064893365192336, 0.0, 1.7651890352027457, 2.5073465297002726, 3.0610498868852174, 2.474102295783261, 3.1287067695774877, 4.299117296608689, 6.075947001908427, 4.942725254351085, 4.972206606729049, 6.1127142759988375, 6.456911820677127, 4.896361665563524, 5.375908998485745, 6.981962376008625], [2.146546072182007, 1.096242258809612, 2.1631758319655847, 2.75647970426049, 4.229195509786702, 4.767401154717317, 4.787028729807249, 5.171989146353654, 6.487396376051026, 3.0653823595108, 2.473925637524297, 2.5025600672111747, 1.7651890352027457, 0.0, 3.0673316107000885, 2.501183555839115, 3.0077463756108163, 2.5568193326866098, 4.7223251412836875, 5.847302973166347, 4.613006684365415, 3.913734782787408, 5.33078180101193, 5.547828206604815, 5.265379432671495, 5.144326779083926, 7.1091435975087744], [2.7531529071230314, 2.1597090683700895, 1.0966739396921947, 2.1622247547375824, 2.7685682093818818, 3.3510669136858486, 4.318892104463829, 4.167024413175425, 5.072544431545179, 2.562481512128429, 3.7556181421971, 3.1167574239905167, 2.5073465297002726, 3.0673316107000885, 0.0, 1.766436579671062, 2.5264923847104703, 3.0666801773253107, 2.539757458892482, 4.1573811119501665, 2.8815422780171036, 4.065960779446845, 5.063183644704189, 5.002219095561489, 4.327116400098338, 4.752268555121859, 5.915485107748983], [2.737143470846934, 2.150652228976131, 1.0955392188324433, 2.1680787946935878, 2.866756240073439, 2.8135251927075404, 3.210314274335147, 4.278081028919392, 5.244829936232441, 3.099352592074674, 3.740834500482479, 2.54645430942713, 3.0610498868852174, 2.501183555839115, 1.766436579671062, 0.0, 3.0604609293372786, 2.4918374666097307, 3.218799937865042, 3.831596226117778, 2.2828267323649425, 2.681398957633869, 4.1008720353115145, 3.768526262347126, 4.756200249148473, 4.505532360332128, 6.082876738024535], [4.1236535426730505, 2.697009193532718, 2.1485468903424008, 1.09809082502314, 2.1575439740593936, 3.517584388468882, 4.145081137927218, 2.6825943058912207, 3.9856779699318405, 4.362252018166764, 4.7786894751594815, 4.688267207615198, 2.474102295783261, 3.0077463756108163, 2.5264923847104703, 3.0604609293372786, 0.0, 1.7545673939749367, 2.4663073328358736, 4.3166354421007105, 3.8344696178220006, 3.885159539838744, 4.362315526185606, 5.175521659697697, 2.4315809198955316, 3.069317411086706, 4.530149095780403], [4.1820610779853515, 2.7784133403797213, 2.1615050543544885, 1.0967811723402257, 2.1796855231890677, 2.8960806152453697, 2.882125524677924, 2.760907801792736, 4.09362400569471, 4.742826795277264, 4.858418466949918, 4.385838860468998, 3.1287067695774877, 2.5568193326866098, 3.0666801773253107, 2.4918374666097307, 1.7545673939749367, 0.0, 3.066673278978378, 3.8800864732631926, 3.3091713902425783, 2.349588017078739, 3.108032446741829, 3.907286274385331, 3.071631991303646, 2.5979094614708957, 4.648265359249621], [5.188896208250846, 4.168872846465817, 2.794574783397288, 2.150997577869394, 1.0992716952600936, 2.1261620846022065, 3.4840784635251834, 2.134166724977222, 2.63973160378096, 5.0952062225193595, 6.143767375153456, 5.460734121892403, 4.299117296608689, 4.7223251412836875, 2.539757458892482, 3.218799937865042, 2.4663073328358736, 3.066673278978378, 0.0, 2.441247230413176, 2.4132493136847666, 3.8352084389248, 3.8480255989273258, 4.274747069710674, 2.464613902825349, 3.0641333929840586, 3.518540733031238], [6.466937307566852, 5.5800611439302354, 4.092670719713473, 3.524376492374219, 2.1712843986912445, 1.0970079534807395, 2.139373389569946, 2.7729872790909087, 2.564161644670632, 6.547510856042928, 7.490124511648656, 6.336929208220651, 6.075947001908427, 5.847302973166347, 4.1573811119501665, 3.831596226117778, 4.3166354421007105, 3.8800864732631926, 2.441247230413176, 0.0, 1.7440167917769602, 3.0645146189894414, 2.5094728709432186, 2.4468663612874324, 3.7580379202450844, 3.183840895836348, 3.4513556597371995], [4.917268976779692, 4.265462584527029, 2.7954365866533264, 2.8644011363634108, 2.171990490310674, 1.0963465966563677, 2.1418088546833496, 3.49602578079739, 3.8769480999879273, 5.004315927277174, 5.970532714088416, 4.67932386782535, 4.942725254351085, 4.613006684365415, 2.8815422780171036, 2.2828267323649425, 3.8344696178220006, 3.3091713902425783, 2.4132493136847666, 1.7440167917769602, 0.0, 2.509750083175614, 3.0659175951091706, 2.452933293018789, 4.319358463938829, 3.8826913062977337, 4.808955647539286], [5.140731304979867, 4.20334646918381, 3.2570501055402876, 2.85661407088882, 2.8795538838507606, 2.1776115585659443, 1.093631496437443, 3.596037243967309, 4.397702715054759, 5.718261978958291, 5.954492247874708, 4.822706034997364, 4.972206606729049, 3.913734782787408, 4.065960779446845, 2.681398957633869, 3.885159539838744, 2.349588017078739, 3.8352084389248, 3.0645146189894414, 2.509750083175614, 0.0, 1.7760423136851218, 1.764936378456742, 4.455498106833848, 3.235480975063831, 5.045583694677951], [6.659466036402619, 5.549452517140768, 4.435129004888133, 3.522571845967091, 2.8731886728859277, 2.1772086211477304, 1.093435956057784, 2.875930990131717, 3.2701034280279275, 7.127689914691857, 7.498747258709284, 6.4676933801781304, 6.1127142759988375, 5.33078180101193, 5.063183644704189, 4.1008720353115145, 4.362315526185606, 3.108032446741829, 3.8480255989273258, 2.5094728709432186, 3.0659175951091706, 1.7760423136851218, 0.0, 1.7652815922679306, 3.894641654889446, 2.323831925936125, 3.740999850307402], [6.434427092601175, 5.670212939564088, 4.4785181042393924, 4.139439663770932, 3.5216529144707036, 2.155521853287505, 1.0951203084593035, 4.134317329378575, 4.378303005731787, 6.842884390372235, 7.352244840183167, 5.989734398118166, 6.456911820677127, 5.547828206604815, 5.002219095561489, 3.768526262347126, 5.175521659697697, 3.907286274385331, 4.274747069710674, 2.4468663612874324, 2.452933293018789, 1.764936378456742, 1.7652815922679306, 0.0, 5.182723367111156, 3.8946884008865204, 5.050105905820194], [6.462018524424083, 5.069238556233076, 4.146371523392471, 2.72546316247349, 2.1751950372322937, 3.5067321312013555, 4.174356837885329, 1.0954551382872784, 2.0423702137467634, 6.613959142601351, 7.190414558980588, 6.894506208569255, 4.896361665563524, 5.265379432671495, 4.327116400098338, 4.756200249148473, 2.4315809198955316, 3.071631991303646, 2.464613902825349, 3.7580379202450844, 4.319358463938829, 4.455498106833848, 3.894641654889446, 5.182723367111156, 0.0, 1.7729831132867566, 2.264513267790675], [6.627235131636723, 5.2341477033037584, 4.252202705657387, 2.798667627639981, 2.190855378613568, 2.8658258425801106, 2.9034111059235137, 1.0945649181295733, 2.052993641003303, 6.993333655703837, 7.378627396067645, 6.817506742204221, 5.375908998485745, 5.144326779083926, 4.752268555121859, 4.505532360332128, 3.069317411086706, 2.5979094614708957, 3.0641333929840586, 3.183840895836348, 3.8826913062977337, 3.235480975063831, 2.323831925936125, 3.8946884008865204, 1.7729831132867566, 0.0, 2.2675787836368553], [8.273108874540453, 6.962924477545337, 5.785047444057827, 4.448992570234299, 3.261874263364546, 3.8130549773115, 4.327264284741574, 1.9432667186981825, 0.9723778843638929, 8.40292898696639, 9.11164611307968, 8.511253894697303, 6.981962376008625, 7.1091435975087744, 5.915485107748983, 6.082876738024535, 4.530149095780403, 4.648265359249621, 3.518540733031238, 3.4513556597371995, 4.808955647539286, 5.045583694677951, 3.740999850307402, 5.050105905820194, 2.264513267790675, 2.2675787836368553, 0.0]]}