{"total energy": -54.42697174, "HOMO-LUMO gap/eV": 1.31344028, "electronic energy": -54.93875615, "dipole": [-1.92581375, -0.74846908, -2.10446841], "partial charges": [0.04067485, -0.2826217, 0.51930757, -0.3876714, -0.26653988, 0.03797094, -0.23594582, 0.15921936, -0.04745914, -0.02102505, -0.00049921, 0.53141619, -0.37449661, -0.374221, 0.03988672, -0.11561716, -0.05812871, 0.06760855, 0.07178327, 0.05764895, 0.05846333, 0.07359088, 0.06281123, 0.07175143, 0.08253737, 0.06035996, 0.08472041, 0.06826413, 0.07621053], "atomic dipole moments": [[0.21145226, -0.1982659, 0.06653351], [-0.15885236, 0.04177415, 0.10820658], [0.02795928, -0.1556817, -0.27036503], [-0.02503839, -0.30701152, -0.33443729], [0.13007869, -0.03688313, -0.1501538], [0.015319, 0.20416908, 0.21719159], [0.039796, 0.13804574, 0.0005054], [-0.32113598, -0.05804444, 0.03233851], [-0.0337444, 0.05790861, -0.00091702], [-0.01068931, 0.03614652, -0.0057375], [0.16122024, 0.02950046, -0.0182341], [0.08325618, 0.00828275, -0.00795206], [-0.07305882, -0.1508874, 0.19151263], [-0.14535264, 0.12210498, -0.16592756], [0.02455638, 0.03340551, 0.00930109], [-0.0287495, -0.10470599, 0.0052072], [-0.00219942, -0.04436114, 0.00603601], [0.02535405, 0.10237983, 0.06879505], [-0.00398896, 0.03072275, -0.1217587], [-0.10457448, -0.06149868, 0.03296306], [0.03186139, 0.06443191, -0.10110238], [-0.11444772, -0.05107962, -0.01498084], [0.08339784, -0.08740427, 0.03519773], [-0.04601045, -0.14842323, 0.01695378], [0.09705651, -0.12602313, 0.00472888], [-0.09058845, 0.08547717, 0.03829728], [0.0295064, 0.03050471, -0.13056146], [0.10024757, 0.03108072, 0.0849228], [-0.09617164, 0.12491051, -0.00717285]], "atomic quadrupole moments": [[0.17130985, -0.41929307, 0.06609502, 0.12529725, -0.12785381, -0.23740487], [0.01136598, -0.09267578, -0.00293759, -0.00039138, -0.06869971, -0.00842839], [0.56570639, -0.17927714, 0.11733711, 0.18437661, -0.55378603, -0.68304351], [-0.33943819, -0.00643899, -0.05140726, -0.03072873, 0.48548817, 0.39084545], [-0.03262023, 0.05194043, 0.01853099, -0.02215578, 0.10058542, 0.01408924], [-0.27663426, 0.02853085, 0.09879669, 0.00971874, 0.43476779, 0.17783756], [0.08898431, -0.02788345, -0.0148527, -0.01610394, 0.01436234, -0.07413161], [0.18744346, 0.11338125, -0.4939497, -0.00508942, 0.06773406, 0.30650624], [-0.20724176, -0.03159826, -0.26096612, 0.05313123, 0.0640717, 0.46820788], [-0.26551247, 0.0343788, -0.28578416, 0.05811441, 0.04942745, 0.55129663], [0.0824004, 0.10097335, -0.39310545, 0.02121881, 0.00808909, 0.31070505], [-0.21424413, -0.02666279, 0.16955328, 0.00821846, 0.15855443, 0.04469086], [-0.19557363, 0.03562053, 0.11094085, -0.06924265, 0.04268901, 0.08463278], [-0.12263693, -0.08844711, 0.0758178, 0.10482498, 0.081247, 0.04681913], [-0.32069563, 0.06593607, -0.15947373, 0.06010848, 0.02424374, 0.48016936], [-0.03080527, 0.09433973, 0.17314459, -0.01808559, -0.03489718, -0.14233932], [-0.2312588, 0.02796503, -0.22798771, 0.03742972, 0.0638046, 0.45924651], [-0.02009479, -0.00834552, 0.03510501, 0.02859676, 0.04173552, -0.01501021], [-0.03568872, -0.01725809, -0.03647347, -0.01070247, -0.02066483, 0.07216219], [0.04630269, 0.01382907, -0.00121557, -0.01252641, -0.02985703, -0.04508712], [-0.05155742, 0.0232053, 0.0080706, -0.02076368, -0.01648696, 0.04348682], [0.06311682, 0.03571843, -0.0268474, -0.00316368, 0.01851171, -0.03626943], [-0.00538225, -0.04552723, 0.02041834, 0.03072357, 0.01129474, -0.0150361], [0.03479382, 0.00425382, 0.02237123, -0.00783305, -0.00610506, -0.05716505], [0.03951542, 0.00518012, 0.01646444, -0.0108824, -0.00577763, -0.05597986], [0.04590228, -0.04211845, 0.0022845, -0.03029443, 0.01513668, -0.04818679], [-0.03241502, -0.000345, -0.03031164, -0.03243683, -0.00998223, 0.06272665], [0.04152918, 0.00071665, -0.02424044, 0.06002865, 0.0036694, -0.01728874], [0.04352901, 0.00472501, 0.01211122, -0.00609274, -0.00365486, -0.05564023]], "number of molecular orbitals": 90, "number of electrons": 94, "number of unpaired electrons": 0, "orbital energies/eV": [-21.14285482, -20.96246818, -20.71192381, -20.45165876, -20.3763536, -19.51177656, -19.31400897, -18.93389383, -18.72575462, -18.35871001, -18.25852564, -18.14825216, -17.69734927, -17.41417454, -17.17764723, -17.07287436, -16.82655849, -16.68022244, -16.45838329, -16.29104967, -16.1781687, -16.02569642, -15.96883335, -15.7720969, -15.57192519, -15.47974587, -15.36506138, -14.57545542, -14.41870104, -14.33845797, -14.10299469, -13.93742727, -13.85062734, -13.6088493, -13.47668511, -13.25097537, -13.14642717, -12.88669579, -12.88469765, -12.74501432, -12.73837077, -12.52899635, -12.05587176, -12.01879454, -11.84373254, -10.31535718, -10.24956616, -8.93612588, -7.41441198, -7.12169682, -5.06395078, -4.40324766, -4.10720439, -3.72518537, -1.73270124, -1.31072568, 0.01390994, 0.49286852, 0.607063, 1.09907936, 1.41930612, 1.61032418, 2.54633645, 2.68969611, 2.85906485, 2.97506249, 3.08960406, 3.60586647, 3.83809978, 4.00483565, 4.348183, 4.48943716, 4.62204068, 4.73190293, 4.84147201, 5.21077483, 5.5384207, 5.95884687, 8.23006546, 8.45776195, 9.44787019, 9.99249749, 10.73834398, 11.00341976, 11.40551656, 14.96458387, 15.81003873, 27.22365903, 29.18151504, 35.15397422], "fractional occupation": [2.0, 2.0, 2.0, 2.0, 2.0, 2.0, 2.0, 2.0, 2.0, 2.0, 2.0, 2.0, 2.0, 2.0, 2.0, 2.0, 2.0, 2.0, 2.0, 2.0, 2.0, 2.0, 2.0, 2.0, 2.0, 2.0, 2.0, 2.0, 2.0, 2.0, 2.0, 2.0, 2.0, 2.0, 2.0, 2.0, 2.0, 2.0, 2.0, 2.0, 2.0, 2.0, 2.0, 2.0, 2.0, 2.0, 2.0, 0.0, 0.0, 0.0, 0.0, 0.0, 0.0, 0.0, 0.0, 0.0, 0.0, 0.0, 0.0, 0.0, 0.0, 0.0, 0.0, 0.0, 0.0, 0.0, 0.0, 0.0, 0.0, 0.0, 0.0, 0.0, 0.0, 0.0, 0.0, 0.0, 0.0, 0.0, 0.0, 0.0, 0.0, 0.0, 0.0, 0.0, 0.0, 0.0, 0.0, 0.0, 0.0, 0.0], "program call": "xtb /home/svss/Project-DBcg-Debug/aqme2_20220329/End-to-End-workflows-final/example-3/QDESCP/mol_275_rdkit_conf_9/mol_275_rdkit_conf_9.xyz --pop --wbo --acc 0.2 --gfn 2 --chrg 0 --uhf 0 --etemp 300 --input /home/svss/Project-DBcg-Debug/aqme2_20220329/End-to-End-workflows-final/example-3/QDESCP/mol_275_rdkit_conf_9/mol_275_rdkit_conf_9_xtb.inp", "method": "GFN2-xTB", "xtb version": "6.3.3 (7355c4f)", "Dipole module/D": 7.496, "Total charge": 0, "Transition dipole module/D": NaN, "HOMO": -10.2496, "LUMO": -8.9361, "HOMO occupancy": 2.0, "LUMO occupancy": 0, "mulliken charges": [0.17761, -0.37391, 0.4435, -0.17222, -0.35554, 0.17986, -0.32534, 0.27595, -0.06037, -0.00992, 0.01782, 0.67825, -0.46829, -0.46569, 0.03548, -0.0831, -0.07533, 0.0334, 0.03661, 0.04001, 0.03706, 0.03439, 0.03901, 0.06203, 0.06747, 0.04172, 0.06519, 0.0579, 0.06645], "cm5 charges": [0.0622, -0.44303, 0.40399, -0.14089, -0.42074, 0.06496, -0.37124, 0.29824, -0.10934, -0.05567, 0.07337, 0.5144, -0.43069, -0.42627, 0.02648, -0.22384, -0.12175, 0.09422, 0.09611, 0.10377, 0.102, 0.09395, 0.10209, 0.12078, 0.12842, 0.09378, 0.11987, 0.11379, 0.13102], "FUKUI+": [0.01, 0.007, -0.032, -0.044, -0.013, 0.009, -0.019, -0.059, -0.021, -0.024, -0.017, -0.119, -0.161, -0.162, -0.036, 0.025, -0.017, -0.007, -0.015, -0.013, -0.006, -0.02, -0.002, -0.06, -0.046, -0.043, -0.034, -0.023, -0.056], "FUKUI-": [0.023, -0.0, -0.145, -0.387, -0.0, 0.019, -0.002, -0.001, -0.022, -0.01, -0.022, -0.017, -0.059, -0.063, -0.019, 0.013, 0.002, -0.01, -0.037, -0.017, -0.017, -0.037, -0.019, -0.035, -0.036, -0.022, -0.04, -0.031, -0.009], "FUKUIrad": [0.016, 0.003, -0.089, -0.216, -0.007, 0.014, -0.011, -0.03, -0.021, -0.017, -0.02, -0.068, -0.11, -0.113, -0.027, 0.019, -0.007, -0.009, -0.026, -0.015, -0.011, -0.029, -0.011, -0.048, -0.041, -0.033, -0.037, -0.027, -0.032], "s proportion": [0.973, 1.647, 1.431, 1.889, 1.646, 0.973, 1.638, 1.021, 1.061, 1.067, 1.068, 1.331, 1.747, 1.748, 1.093, 1.009, 1.069, 0.967, 0.963, 0.96, 0.963, 0.966, 0.961, 0.938, 0.933, 0.958, 0.935, 0.942, 0.934], "p proportion": [2.849, 4.727, 1.931, 4.297, 4.709, 2.848, 4.687, 2.703, 3.0, 2.943, 2.915, 2.99, 4.721, 4.718, 2.872, 3.074, 3.007, 0.0, 0.0, 0.0, 0.0, 0.0, 0.0, 0.0, 0.0, 0.0, 0.0, 0.0, 0.0], "d proportion": [0.0, 0.0, 1.194, -0.014, 0.0, 0.0, 0.0, 0.0, 0.0, 0.0, 0.0, 0.0, 0.0, 0.0, 0.0, 0.0, 0.0, 0.0, 0.0, 0.0, 0.0, 0.0, 0.0, 0.0, 0.0, 0.0, 0.0, 0.0, 0.0], "Fermi-level/eV": -9.5919, "Coordination numbers": [3.875, 1.657, 4.022, 0.924, 1.657, 3.861, 1.663, 3.017, 2.914, 2.909, 2.902, 2.756, 0.926, 0.926, 2.956, 3.753, 2.918, 0.924, 0.924, 0.924, 0.924, 0.924, 0.924, 0.925, 0.925, 0.924, 0.924, 0.924, 0.925], "Dispersion coefficient C6": [19.846, 18.708, 139.181, 156.044, 18.435, 19.897, 17.924, 24.54, 29.178, 28.531, 28.04, 13.681, 21.146, 21.14, 27.105, 22.772, 29.445, 2.112, 2.066, 2.227, 2.217, 2.047, 2.166, 2.066, 1.953, 2.195, 1.931, 2.105, 2.019], "Total dispersion C6": 12585.345917, "Total dispersion C8": 351454.254145, "Polarizability alpha": [6.334, 5.839, 21.192, 21.129, 5.796, 6.344, 5.715, 8.126, 8.858, 8.759, 8.683, 5.493, 6.167, 6.166, 8.539, 6.805, 8.898, 2.273, 2.248, 2.334, 2.329, 2.237, 2.302, 2.248, 2.185, 2.317, 2.173, 2.269, 2.222], "Total polarizability alpha": 175.978559, "Wiberg matrix": [[0.0, 0.9412957516156559, 0.0, 0.0, 0.0, 0.0, 0.0, 0.0, 0.0, 0.0, 0.0, 0.0, 0.0, 0.0, 0.0, 0.0, 0.0, 0.979114126354499, 0.9768696700521451, 0.9778417408370936, 0.0, 0.0, 0.0, 0.0, 0.0, 0.0, 0.0, 0.0, 0.0], [0.9412957516156559, 0.0, 1.1871904465771952, 0.0, 0.0, 0.0, 0.0, 0.0, 0.0, 0.0, 0.0, 0.0, 0.0, 0.0, 0.0, 0.0, 0.0, 0.0, 0.0, 0.0, 0.0, 0.0, 0.0, 0.0, 0.0, 0.0, 0.0, 0.0, 0.0], [0.0, 1.1871904465771952, 0.0, 1.6023565809753655, 1.2254170015956045, 0.0, 1.1936653713576448, 0.0, 0.0, 0.0, 0.0, 0.0, 0.0, 0.0, 0.0, 0.0, 0.0, 0.0, 0.0, 0.0, 0.0, 0.0, 0.0, 0.0, 0.0, 0.0, 0.0, 0.0, 0.0], [0.0, 0.0, 1.6023565809753655, 0.0, 0.0, 0.0, 0.0, 0.0, 0.0, 0.0, 0.0, 0.0, 0.0, 0.0, 0.0, 0.0, 0.0, 0.0, 0.0, 0.0, 0.0, 0.0, 0.0, 0.0, 0.0, 0.0, 0.0, 0.0, 0.0], [0.0, 0.0, 1.2254170015956045, 0.0, 0.0, 0.9366939742205838, 0.0, 0.0, 0.0, 0.0, 0.0, 0.0, 0.0, 0.0, 0.0, 0.0, 0.0, 0.0, 0.0, 0.0, 0.0, 0.0, 0.0, 0.0, 0.0, 0.0, 0.0, 0.0, 0.0], [0.0, 0.0, 0.0, 0.0, 0.9366939742205838, 0.0, 0.0, 0.0, 0.0, 0.0, 0.0, 0.0, 0.0, 0.0, 0.0, 0.0, 0.0, 0.0, 0.0, 0.0, 0.9768337648607384, 0.9764784349389242, 0.9800575419715472, 0.0, 0.0, 0.0, 0.0, 0.0, 0.0], [0.0, 0.0, 1.1936653713576448, 0.0, 0.0, 0.0, 0.0, 0.9924361801851662, 0.0, 0.0, 0.0, 0.0, 0.0, 0.0, 0.0, 0.0, 0.0, 0.0, 0.0, 0.0, 0.0, 0.0, 0.0, 0.0, 0.0, 0.0, 0.0, 0.0, 0.0], [0.0, 0.0, 0.0, 0.0, 0.0, 0.0, 0.9924361801851662, 0.0, 1.3609935796325179, 0.0, 0.0, 0.0, 0.0, 0.0, 0.0, 0.0, 1.3896277770559102, 0.0, 0.0, 0.0, 0.0, 0.0, 0.0, 0.0, 0.0, 0.0, 0.0, 0.0, 0.0], [0.0, 0.0, 0.0, 0.0, 0.0, 0.0, 0.0, 1.3609935796325179, 0.0, 1.4577480869148118, 0.0, 0.0, 0.0, 0.0, 0.0, 0.0, 0.0, 0.0, 0.0, 0.0, 0.0, 0.0, 0.0, 0.9641925686230816, 0.0, 0.0, 0.0, 0.0, 0.0], [0.0, 0.0, 0.0, 0.0, 0.0, 0.0, 0.0, 0.0, 1.4577480869148118, 0.0, 1.3820313922894405, 0.0, 0.0, 0.0, 0.0, 0.0, 0.1035689993051318, 0.0, 0.0, 0.0, 0.0, 0.0, 0.0, 0.0, 0.9629130329968387, 0.0, 0.0, 0.0, 0.0], [0.0, 0.0, 0.0, 0.0, 0.0, 0.0, 0.0, 0.0, 0.0, 1.3820313922894405, 0.0, 0.9510990766421712, 0.0, 0.0, 1.3562972531896307, 0.0, 0.0, 0.0, 0.0, 0.0, 0.0, 0.0, 0.0, 0.0, 0.0, 0.0, 0.0, 0.0, 0.0], [0.0, 0.0, 0.0, 0.0, 0.0, 0.0, 0.0, 0.0, 0.0, 0.0, 0.9510990766421712, 0.0, 1.4529465576034293, 1.4553925459747734, 0.0, 0.0, 0.0, 0.0, 0.0, 0.0, 0.0, 0.0, 0.0, 0.0, 0.0, 0.0, 0.0, 0.0, 0.0], [0.0, 0.0, 0.0, 0.0, 0.0, 0.0, 0.0, 0.0, 0.0, 0.0, 0.0, 1.4529465576034293, 0.0, 0.3776966815032906, 0.0, 0.0, 0.0, 0.0, 0.0, 0.0, 0.0, 0.0, 0.0, 0.0, 0.0, 0.0, 0.0, 0.0, 0.0], [0.0, 0.0, 0.0, 0.0, 0.0, 0.0, 0.0, 0.0, 0.0, 0.0, 0.0, 1.4553925459747734, 0.3776966815032906, 0.0, 0.0, 0.0, 0.0, 0.0, 0.0, 0.0, 0.0, 0.0, 0.0, 0.0, 0.0, 0.0, 0.0, 0.0, 0.0], [0.0, 0.0, 0.0, 0.0, 0.0, 0.0, 0.0, 0.0, 0.0, 0.0, 1.3562972531896307, 0.0, 0.0, 0.0, 0.0, 1.0346456463247646, 1.406224686259199, 0.0, 0.0, 0.0, 0.0, 0.0, 0.0, 0.0, 0.0, 0.0, 0.0, 0.0, 0.0], [0.0, 0.0, 0.0, 0.0, 0.0, 0.0, 0.0, 0.0, 0.0, 0.0, 0.0, 0.0, 0.0, 0.0, 1.0346456463247646, 0.0, 0.0, 0.0, 0.0, 0.0, 0.0, 0.0, 0.0, 0.0, 0.0, 0.9807451309832312, 0.9565229522273098, 0.9709602915108764, 0.0], [0.0, 0.0, 0.0, 0.0, 0.0, 0.0, 0.0, 1.3896277770559102, 0.0, 0.1035689993051318, 0.0, 0.0, 0.0, 0.0, 1.406224686259199, 0.0, 0.0, 0.0, 0.0, 0.0, 0.0, 0.0, 0.0, 0.0, 0.0, 0.0, 0.0, 0.0, 0.9505241153131423], [0.979114126354499, 0.0, 0.0, 0.0, 0.0, 0.0, 0.0, 0.0, 0.0, 0.0, 0.0, 0.0, 0.0, 0.0, 0.0, 0.0, 0.0, 0.0, 0.0, 0.0, 0.0, 0.0, 0.0, 0.0, 0.0, 0.0, 0.0, 0.0, 0.0], [0.9768696700521451, 0.0, 0.0, 0.0, 0.0, 0.0, 0.0, 0.0, 0.0, 0.0, 0.0, 0.0, 0.0, 0.0, 0.0, 0.0, 0.0, 0.0, 0.0, 0.0, 0.0, 0.0, 0.0, 0.0, 0.0, 0.0, 0.0, 0.0, 0.0], [0.9778417408370936, 0.0, 0.0, 0.0, 0.0, 0.0, 0.0, 0.0, 0.0, 0.0, 0.0, 0.0, 0.0, 0.0, 0.0, 0.0, 0.0, 0.0, 0.0, 0.0, 0.0, 0.0, 0.0, 0.0, 0.0, 0.0, 0.0, 0.0, 0.0], [0.0, 0.0, 0.0, 0.0, 0.0, 0.9768337648607384, 0.0, 0.0, 0.0, 0.0, 0.0, 0.0, 0.0, 0.0, 0.0, 0.0, 0.0, 0.0, 0.0, 0.0, 0.0, 0.0, 0.0, 0.0, 0.0, 0.0, 0.0, 0.0, 0.0], [0.0, 0.0, 0.0, 0.0, 0.0, 0.9764784349389242, 0.0, 0.0, 0.0, 0.0, 0.0, 0.0, 0.0, 0.0, 0.0, 0.0, 0.0, 0.0, 0.0, 0.0, 0.0, 0.0, 0.0, 0.0, 0.0, 0.0, 0.0, 0.0, 0.0], [0.0, 0.0, 0.0, 0.0, 0.0, 0.9800575419715472, 0.0, 0.0, 0.0, 0.0, 0.0, 0.0, 0.0, 0.0, 0.0, 0.0, 0.0, 0.0, 0.0, 0.0, 0.0, 0.0, 0.0, 0.0, 0.0, 0.0, 0.0, 0.0, 0.0], [0.0, 0.0, 0.0, 0.0, 0.0, 0.0, 0.0, 0.0, 0.9641925686230816, 0.0, 0.0, 0.0, 0.0, 0.0, 0.0, 0.0, 0.0, 0.0, 0.0, 0.0, 0.0, 0.0, 0.0, 0.0, 0.0, 0.0, 0.0, 0.0, 0.0], [0.0, 0.0, 0.0, 0.0, 0.0, 0.0, 0.0, 0.0, 0.0, 0.9629130329968387, 0.0, 0.0, 0.0, 0.0, 0.0, 0.0, 0.0, 0.0, 0.0, 0.0, 0.0, 0.0, 0.0, 0.0, 0.0, 0.0, 0.0, 0.0, 0.0], [0.0, 0.0, 0.0, 0.0, 0.0, 0.0, 0.0, 0.0, 0.0, 0.0, 0.0, 0.0, 0.0, 0.0, 0.0, 0.9807451309832312, 0.0, 0.0, 0.0, 0.0, 0.0, 0.0, 0.0, 0.0, 0.0, 0.0, 0.0, 0.0, 0.0], [0.0, 0.0, 0.0, 0.0, 0.0, 0.0, 0.0, 0.0, 0.0, 0.0, 0.0, 0.0, 0.0, 0.0, 0.0, 0.9565229522273098, 0.0, 0.0, 0.0, 0.0, 0.0, 0.0, 0.0, 0.0, 0.0, 0.0, 0.0, 0.0, 0.0], [0.0, 0.0, 0.0, 0.0, 0.0, 0.0, 0.0, 0.0, 0.0, 0.0, 0.0, 0.0, 0.0, 0.0, 0.0, 0.9709602915108764, 0.0, 0.0, 0.0, 0.0, 0.0, 0.0, 0.0, 0.0, 0.0, 0.0, 0.0, 0.0, 0.0], [0.0, 0.0, 0.0, 0.0, 0.0, 0.0, 0.0, 0.0, 0.0, 0.0, 0.0, 0.0, 0.0, 0.0, 0.0, 0.0, 0.9505241153131423, 0.0, 0.0, 0.0, 0.0, 0.0, 0.0, 0.0, 0.0, 0.0, 0.0, 0.0, 0.0]], "Born radii": [], "Atomic SASAs": [], "Solvent H bonds": [], "Total SASA": NaN, "Total FOD": 0.0, "FOD": [0.0, 0.0, 0.0, 0.0, 0.0, 0.0, 0.0, 0.0, 0.0, 0.0, 0.0, 0.0, 0.0, 0.0, 0.0, 0.0, 0.0, 0.0, 0.0, 0.0, 0.0, 0.0, 0.0, 0.0, 0.0, 0.0, 0.0, 0.0, 0.0], "FOD s proportion": [0.0, 0.0, 0.0, 0.0, 0.0, 0.0, 0.0, 0.0, 0.0, 0.0, 0.0, 0.0, 0.0, 0.0, 0.0, 0.0, 0.0, 0.0, 0.0, 0.0, 0.0, 0.0, 0.0, 0.0, 0.0, 0.0, 0.0, 0.0, 0.0], "FOD p proportion": [0.0, 0.0, 0.0, 0.0, 0.0, 0.0, 0.0, 0.0, 0.0, 0.0, 0.0, 0.0, 0.0, 0.0, 0.0, 0.0, 0.0, 0.0, 0.0, 0.0, 0.0, 0.0, 0.0, 0.0, 0.0, 0.0, 0.0, 0.0, 0.0], "FOD d proportion": [0.0, 0.0, 0.0, 0.0, 0.0, 0.0, 0.0, 0.0, 0.0, 0.0, 0.0, 0.0, 0.0, 0.0, 0.0, 0.0, 0.0, 0.0, 0.0, 0.0, 0.0, 0.0, 0.0, 0.0, 0.0, 0.0, 0.0, 0.0, 0.0], "coordinates": [["-3.34170", "1.57680", "-0.88200"], ["-2.27180", "0.68070", "-0.64900"], ["-2.25680", "-0.14950", "0.74350"], ["-2.32070", "0.88150", "2.38370"], ["-3.51240", "-1.15470", "0.53850"], ["-3.48610", "-2.07720", "-0.53240"], ["-0.99960", "-1.14630", "0.54930"], ["0.31350", "-0.78700", "0.43480"], ["1.22660", "-1.84270", "0.45940"], ["2.59290", "-1.59350", "0.33850"], ["3.04110", "-0.27380", "0.19090"], ["4.47930", "-0.06770", "0.04420"], ["4.86330", "0.66280", "-0.87890"], ["5.21830", "-0.66160", "0.84150"], ["2.14200", "0.80890", "0.18000"], ["2.57920", "2.24100", "0.03740"], ["0.76670", "0.52610", "0.28910"], ["-3.19190", "2.49350", "-0.30640"], ["-3.35690", "1.83010", "-1.94510"], ["-4.29950", "1.12100", "-0.61710"], ["-3.20810", "-1.58570", "-1.46810"], ["-4.48490", "-2.50620", "-0.64640"], ["-2.78260", "-2.88410", "-0.31210"], ["0.87400", "-2.86540", "0.57450"], ["3.29440", "-2.42530", "0.35700"], ["1.78180", "2.93030", "0.33640"], ["2.83790", "2.45700", "-1.00360"], ["3.43620", "2.45480", "0.68410"], ["0.06600", "1.35650", "0.25840"]], "bond_dist": [[0.0, 1.4149099688672775, 2.6075601527098082, 3.4915153701509034, 3.0835127679320546, 3.673525217008861, 3.866435788940507, 4.547746664008451, 5.861885285469173, 6.8381210504055865, 6.731713794421149, 8.045512270203805, 8.255751365563283, 9.014127068662832, 5.638127357554102, 6.028558269603106, 4.399363165277447, 1.0927462148184273, 1.0929654797842427, 1.0933007317293812, 3.219125412282038, 4.2465636225070265, 4.531777535360712, 6.29497097531037, 7.847913647588128, 5.437528212340603, 6.243155833390674, 7.011667534902094, 3.600203263706092], [1.4149099688672775, 0.0, 1.6212690368967144, 3.039733728470308, 2.5135508290066464, 3.0156479336951785, 2.5283086698423514, 3.164260074646204, 4.453639037910459, 5.460077653293953, 5.462912105278649, 6.827736082333588, 7.138825283616345, 7.7540284723490664, 4.4928061030941455, 5.141778101979898, 3.1837737074107513, 2.061601952366169, 2.044122692012395, 2.075198542308663, 2.58537259597142, 3.879967780794062, 3.6169347920580486, 4.89569556855816, 6.453050010653877, 4.739555493925564, 5.42125602974071, 6.124202023121054, 2.5971887185955507], [2.6075601527098082, 1.6212690368967144, 0.0, 1.9383756730830068, 1.6214140125211696, 2.618229667160618, 1.6161298586437913, 2.666110280914876, 3.883518328783836, 5.076293046111503, 5.328091746582448, 6.772795208774588, 7.3476415984994805, 7.4932616676584844, 4.537125108480038, 5.440584845400355, 3.131208547829416, 2.993685190530227, 3.515338693497399, 2.7636978669890815, 2.8033581094822684, 3.528496352555859, 2.978052074762965, 4.148081779569925, 6.01202705665901, 5.095212302740682, 5.983491351209593, 6.2606833373043225, 2.8104728872558082], [3.4915153701509034, 3.039733728470308, 1.9383756730830068, 0.0, 2.9951665012149156, 4.314591760526134, 3.036824231001854, 3.6771066207005747, 4.869038243842412, 5.869576901276617, 5.906944148203875, 7.253567459533275, 7.893177082138725, 7.8483157078445815, 4.9776757367269315, 5.600212848633524, 3.7477589410206202, 3.254868883687944, 4.551050630348997, 3.602472807669754, 4.65949759523492, 5.03406187288158, 4.6540769879751664, 5.245814745108714, 6.82435250701486, 5.021904517212569, 6.369235079662235, 6.2053050416558895, 3.230922775307389], [3.0835127679320546, 2.5135508290066464, 1.6214140125211696, 2.9951665012149156, 0.0, 1.4136918865155872, 2.5128372490075837, 3.84492754027953, 4.7893341718865265, 6.1243149437304405, 6.621568758232447, 8.080418948297174, 8.687040894343712, 8.749861661763573, 5.996372784442275, 6.992100561347785, 4.604127041036118, 3.7584490817357104, 3.886062306499987, 2.6709077595454325, 2.0748019303056373, 2.043598911234785, 2.060813616026447, 4.70832193567942, 6.9267519697185636, 6.690039091814038, 7.466509183681488, 7.83152166376369, 4.380585350155844], [3.673525217008861, 3.0156479336951785, 2.618229667160618, 4.314591760526134, 1.4136918865155872, 0.0, 2.8669377304015513, 4.127596399843376, 4.8216385990656745, 6.160087134123998, 6.810268297945391, 8.23517789546771, 8.794324454442194, 8.925138874549797, 6.364950634529698, 7.4672208598648, 5.053547365959876, 4.58573092647181, 4.156850637201198, 3.301102374965066, 1.0928818508878257, 1.092995169248245, 1.0929464534001656, 4.566941959342159, 6.847436470680105, 7.319879787264269, 7.795766484445259, 8.36284243185294, 5.00330638078461], [3.866435788940507, 2.5283086698423514, 1.6161298586437913, 3.036824231001854, 2.5128372490075837, 2.8669377304015513, 0.0, 1.3661765442284537, 2.3343139056262334, 3.6263591562337014, 4.14933287408952, 5.6068573354420215, 6.299697965775819, 6.243604354857857, 3.718714843867435, 4.954155058130499, 2.44631181373103, 4.334344912440634, 4.542890226496784, 4.170189235514379, 3.0233172790826965, 3.9276382967376207, 2.634586836678571, 2.5428953596245365, 4.484557535588099, 4.939653826939698, 5.488321742573043, 5.715104013926606, 2.7357145337187507], [4.547746664008451, 3.164260074646204, 2.666110280914876, 3.6771066207005747, 3.84492754027953, 4.127596399843376, 1.3661765442284537, 0.0, 1.396015494183356, 2.4197893090101874, 2.7861556327671293, 4.2454505638388955, 4.952616255071656, 4.923229944863433, 2.440334423803426, 3.8026447704196618, 1.3967284417523687, 4.857868550094784, 5.097545740844313, 5.101639600167774, 4.0817418659195, 5.210497542461757, 3.8133349223481536, 2.1571793852157963, 3.402329281536401, 3.9979878363997057, 4.354896774896048, 4.508067548296054, 2.1649400592164207], [5.861885285469173, 4.453639037910459, 3.883518328783836, 4.869038243842412, 4.7893341718865265, 4.8216385990656745, 2.3343139056262334, 1.396015494183356, 0.0, 1.3940922279390273, 2.4137004184446753, 3.728682519335751, 4.614560003944038, 4.180271104844756, 2.81904311424994, 4.322524314564349, 2.41903359629419, 6.237966201415329, 6.346617393541224, 6.362401366622511, 4.842300005162835, 5.85527609425892, 4.213479660565599, 1.0878832933729612, 2.1507453033774127, 4.806756186868645, 4.819136518091182, 4.837491963817615, 3.409145640772773], [6.8381210504055865, 5.460077653293953, 5.076293046111503, 5.869576901276617, 6.1243149437304405, 6.160087134123998, 3.6263591562337014, 2.4197893090101874, 1.3940922279390273, 0.0, 1.4015266997099982, 2.444009633778067, 3.424568383022888, 2.8309312549053534, 2.4494813369364543, 3.8463280086336895, 2.7982406901480084, 7.112199100840752, 7.234361475624507, 7.469060139669516, 6.075809855484287, 7.204047621996956, 5.56641077984728, 2.151288641721515, 1.0882719053618906, 4.59593886599898, 4.274085593433991, 4.149617710102945, 3.885117709928491], [6.731713794421149, 5.462912105278649, 5.328091746582448, 5.906944148203875, 6.621568758232447, 6.810268297945391, 4.14933287408952, 2.7861556327671293, 2.4137004184446753, 1.4015266997099982, 0.0, 1.4602798841318059, 2.311299296932355, 2.3051830816661827, 1.407387263691128, 2.561470846993969, 2.4129605487864905, 6.837802686536078, 7.065641882377, 7.515499943450203, 6.597413375710211, 7.894641033637945, 6.401730764410512, 3.3999796955276076, 2.1727177336230312, 3.4457602281644615, 2.9875389754779773, 2.8008227737577402, 3.393177618398424], [8.045512270203805, 6.827736082333588, 6.772795208774588, 7.253567459533275, 8.080418948297174, 8.23517789546771, 5.6068573354420215, 4.2454505638388955, 3.728682519335751, 2.444009633778067, 1.4602798841318059, 0.0, 1.2382244788405692, 1.2387596619199384, 2.49996809779645, 2.9900705576959217, 3.767754398842897, 8.095058692807607, 8.304516227330765, 8.883560931293262, 7.980444476969939, 9.315583301651056, 7.797066772831949, 4.594184527203931, 2.657086677171071, 4.043499856559908, 3.188446156045292, 2.803664721395909, 4.642353300859383], [8.255751365563283, 7.138825283616345, 7.3476415984994805, 7.893177082138725, 8.687040894343712, 8.794324454442194, 6.299697965775819, 4.952616255071656, 4.614560003944038, 3.424568383022888, 2.311299296932355, 1.2382244788405692, 0.0, 2.1999628451407993, 2.923711358872486, 2.923599449309019, 4.262046744229819, 8.280426666543216, 8.37084582165984, 9.177984000857705, 8.39942895975673, 9.873472564908457, 8.447576496250269, 5.520424013606201, 3.677670136105194, 4.014243713328826, 2.7086802856741876, 2.773237712494189, 4.9788310144048875], [9.014127068662832, 7.7540284723490664, 7.4932616676584844, 7.8483157078445815, 8.749861661763573, 8.925138874549797, 6.243604354857857, 4.923229944863433, 4.180271104844756, 2.8309312549053534, 2.3051830816661827, 1.2387596619199384, 2.1999628451407993, 0.0, 3.473265637696029, 4.004561446650557, 4.640314602481173, 9.05559464971793, 9.354558433726309, 9.792532540665874, 8.785922258363094, 9.988417582880682, 8.383597081205657, 4.878623364228889, 2.6545751354972045, 4.996639257541013, 4.335477382019193, 3.59341121081348, 5.564074811682532], [5.638127357554102, 4.4928061030941455, 4.537125108480038, 4.9776757367269315, 5.996372784442275, 6.364950634529698, 3.718714843867435, 2.440334423803426, 2.81904311424994, 2.4494813369364543, 1.407387263691128, 2.49996809779645, 2.923711358872486, 3.473265637696029, 0.0, 1.5041240008722687, 1.408307047486449, 5.614708481301589, 5.983042759332412, 6.498130274932936, 6.088835092199492, 7.4557782008318885, 6.175119154315971, 3.9069085912009767, 3.437936066886643, 2.157438981755915, 2.1450919281000522, 2.153614928440087, 2.1484385771997303], [6.028558269603106, 5.141778101979898, 5.440584845400355, 5.600212848633524, 6.992100561347785, 7.4672208598648, 4.954155058130499, 3.8026447704196618, 4.322524314564349, 3.8463280086336895, 2.561470846993969, 2.9900705576959217, 2.923599449309019, 4.004561446650557, 1.5041240008722687, 0.0, 2.507865855662938, 5.7868428266197105, 6.271875976930666, 6.999948852670282, 7.099507337132627, 8.538442427632805, 7.425476382024254, 5.410314631331528, 4.731597076041027, 1.0956195735746965, 1.0941949963329205, 1.0947055905584842, 2.6734538503591194], [4.399363165277447, 3.1837737074107513, 3.131208547829416, 3.7477589410206202, 4.604127041036118, 5.053547365959876, 2.44631181373103, 1.3967284417523687, 2.41903359629419, 2.7982406901480084, 2.4129605487864905, 3.767754398842897, 4.262046744229819, 4.640314602481173, 1.408307047486449, 2.507865855662938, 0.0, 4.460470487515863, 4.86786838359461, 5.180877038687562, 4.8318201663555325, 6.1359030386732805, 4.958672803281136, 3.405178218537174, 3.886468790560398, 2.6101423217901356, 3.1127668624553295, 3.316947232019225, 1.0869623452539652], [1.0927462148184273, 2.061601952366169, 2.993685190530227, 3.254868883687944, 3.7584490817357104, 4.58573092647181, 4.334344912440634, 4.857868550094784, 6.237966201415329, 7.112199100840752, 6.837802686536078, 8.095058692807607, 8.280426666543216, 9.05559464971793, 5.614708481301589, 5.7868428266197105, 4.460470487515863, 0.0, 1.7755737805002643, 1.7908289979783105, 4.241424521313564, 5.175369464105921, 5.393156843630639, 6.784197581880999, 8.16742191208462, 5.034051824326006, 6.070083041441855, 6.701813004702534, 3.4965240525413233], [1.0929654797842427, 2.044122692012395, 3.515338693497399, 4.551050630348997, 3.886062306499987, 4.156850637201198, 4.542890226496784, 5.097545740844313, 6.346617393541224, 7.234361475624507, 7.065641882377, 8.304516227330765, 8.37084582165984, 9.354558433726309, 5.983042759332412, 6.271875976930666, 4.86786838359461, 1.7755737805002643, 0.0, 1.7762042590873384, 3.4521529630072885, 4.665029836989255, 5.021970841213636, 6.804161904305335, 8.224833448769646, 5.7290418029544865, 6.297219457824223, 7.310892581620934, 4.098286668841017], [1.0933007317293812, 2.075198542308663, 2.7636978669890815, 3.602472807669754, 2.6709077595454325, 3.301102374965066, 4.170189235514379, 5.101639600167774, 6.362401366622511, 7.469060139669516, 7.515499943450203, 8.883560931293262, 9.177984000857705, 9.792532540665874, 6.498130274932936, 6.999948852670282, 5.180877038687562, 1.7908289979783105, 1.7762042590873384, 0.0, 3.0399966858534566, 3.6320533434959352, 4.293580862170876, 6.639005781741721, 8.437560767781171, 6.415990837742835, 7.271640599617117, 7.9569591157677815, 4.458648982595513], [3.219125412282038, 2.58537259597142, 2.8033581094822684, 4.65949759523492, 2.0748019303056373, 1.0928818508878257, 3.0233172790826965, 4.0817418659195, 4.842300005162835, 6.075809855484287, 6.597413375710211, 7.980444476969939, 8.39942895975673, 8.785922258363094, 6.088835092199492, 7.099507337132627, 4.8318201663555325, 4.241424521313564, 3.4521529630072885, 3.0399966858534566, 0.0, 1.7755926841480283, 1.7897566342941713, 4.740610431157574, 6.805764058502175, 6.967752741020594, 7.287887179423128, 8.068725276027186, 4.728326754783345], [4.2465636225070265, 3.879967780794062, 3.528496352555859, 5.03406187288158, 2.043598911234785, 1.092995169248245, 3.9276382967376207, 5.210497542461757, 5.85527609425892, 7.204047621996956, 7.894641033637945, 9.315583301651056, 9.873472564908457, 9.988417582880682, 7.4557782008318885, 8.538442427632805, 6.1359030386732805, 5.175369464105921, 4.665029836989255, 3.6320533434959352, 1.7755926841480283, 0.0, 1.775497166992952, 5.507942506962104, 7.844161195437024, 8.35421791552028, 8.853493430279372, 9.440634325086423, 6.037367401442453], [4.531777535360712, 3.6169347920580486, 2.978052074762965, 4.6540769879751664, 2.060813616026447, 1.0929464534001656, 2.634586836678571, 3.8133349223481536, 4.213479660565599, 5.56641077984728, 6.401730764410512, 7.797066772831949, 8.447576496250269, 8.383597081205657, 6.175119154315971, 7.425476382024254, 4.958672803281136, 5.393156843630639, 5.021970841213636, 4.293580862170876, 1.7897566342941713, 1.775497166992952, 0.0, 3.7625965515850885, 6.130915204926586, 7.420346822757006, 7.78431382396676, 8.256496901834337, 5.140299657607521], [6.29497097531037, 4.89569556855816, 4.148081779569925, 5.245814745108714, 4.70832193567942, 4.566941959342159, 2.5428953596245365, 2.1571793852157963, 1.0878832933729612, 2.151288641721515, 3.3999796955276076, 4.594184527203931, 5.520424013606201, 4.878623364228889, 3.9069085912009767, 5.410314631331528, 3.405178218537174, 6.784197581880999, 6.804161904305335, 6.639005781741721, 4.740610431157574, 5.507942506962104, 3.7625965515850885, 0.0, 2.469682250816894, 5.871195018052117, 5.888568975566135, 5.906048513176978, 4.31013025557233], [7.847913647588128, 6.453050010653877, 6.01202705665901, 6.82435250701486, 6.9267519697185636, 6.847436470680105, 4.484557535588099, 3.402329281536401, 2.1507453033774127, 1.0882719053618906, 2.1727177336230312, 2.657086677171071, 3.677670136105194, 2.6545751354972045, 3.437936066886643, 4.731597076041027, 3.886468790560398, 8.16742191208462, 8.224833448769646, 8.437560767781171, 6.805764058502175, 7.844161195437024, 6.130915204926586, 2.469682250816894, 0.0, 5.565144605488702, 5.088858211819229, 4.893105114342017, 4.973359001721071], [5.437528212340603, 4.739555493925564, 5.095212302740682, 5.021904517212569, 6.690039091814038, 7.319879787264269, 4.939653826939698, 3.9979878363997057, 4.806756186868645, 4.59593886599898, 3.4457602281644615, 4.043499856559908, 4.014243713328826, 4.996639257541013, 2.157438981755915, 1.0956195735746965, 2.6101423217901356, 5.034051824326006, 5.7290418029544865, 6.415990837742835, 6.967752741020594, 8.35421791552028, 7.420346822757006, 5.871195018052117, 5.565144605488702, 0.0, 1.7705818535159565, 1.7561420500631488, 2.329570793086143], [6.243155833390674, 5.42125602974071, 5.983491351209593, 6.369235079662235, 7.466509183681488, 7.795766484445259, 5.488321742573043, 4.354896774896048, 4.819136518091182, 4.274085593433991, 2.9875389754779773, 3.188446156045292, 2.7086802856741876, 4.335477382019193, 2.1450919281000522, 1.0941949963329205, 3.1127668624553295, 6.070083041441855, 6.297219457824223, 7.271640599617117, 7.287887179423128, 8.853493430279372, 7.78431382396676, 5.888568975566135, 5.088858211819229, 1.7705818535159565, 0.0, 1.7906141460404026, 3.2383906280743835], [7.011667534902094, 6.124202023121054, 6.2606833373043225, 6.2053050416558895, 7.83152166376369, 8.36284243185294, 5.715104013926606, 4.508067548296054, 4.837491963817615, 4.149617710102945, 2.8008227737577402, 2.803664721395909, 2.773237712494189, 3.59341121081348, 2.153614928440087, 1.0947055905584842, 3.316947232019225, 6.701813004702534, 7.310892581620934, 7.9569591157677815, 8.068725276027186, 9.440634325086423, 8.256496901834337, 5.906048513176978, 4.893105114342017, 1.7561420500631488, 1.7906141460404026, 0.0, 3.57011644347912], [3.600203263706092, 2.5971887185955507, 2.8104728872558082, 3.230922775307389, 4.380585350155844, 5.00330638078461, 2.7357145337187507, 2.1649400592164207, 3.409145640772773, 3.885117709928491, 3.393177618398424, 4.642353300859383, 4.9788310144048875, 5.564074811682532, 2.1484385771997303, 2.6734538503591194, 1.0869623452539652, 3.4965240525413233, 4.098286668841017, 4.458648982595513, 4.728326754783345, 6.037367401442453, 5.140299657607521, 4.31013025557233, 4.973359001721071, 2.329570793086143, 3.2383906280743835, 3.57011644347912, 0.0]]}