{"total energy": -33.92677187, "HOMO-LUMO gap/eV": 4.42355415, "electronic energy": -34.54553605, "dipole": [0.00160909, -0.08357071, -0.07569368], "partial charges": [-0.06391614, 0.01728072, -0.03671222, -0.0308116, -0.0328791, -0.03081861, -0.03671182, 0.01726737, -0.03671567, -0.03080638, -0.03288212, -0.03079851, -0.03669437, 0.03944651, 0.03945249, 0.02901239, 0.0286616, 0.02772157, 0.0286861, 0.02907798, 0.02901232, 0.02866028, 0.02773618, 0.02865773, 0.02907328], "atomic dipole moments": [[-0.00143313, 0.07356604, 0.06655156], [-0.07465256, -0.03639579, -0.04067025], [-0.00361333, 0.00329293, -0.00390616], [0.00209575, -0.00033559, 0.00228253], [0.00035007, -0.0004613, -0.00042882], [0.00240062, 0.00207066, -0.00031633], [-0.0044048, -0.00322497, 0.00325498], [0.07615957, -0.04249397, -0.0306453], [0.00364099, -0.00345229, 0.00374255], [-0.00212166, 0.00220403, -0.00057516], [-0.0003751, -0.00049936, -0.00046201], [-0.00238334, -0.00010994, 0.00200311], [0.00437552, 0.00303104, -0.00340004], [-0.00586997, -0.12559577, 0.01197755], [0.00836619, -0.00042367, -0.12603867], [-0.06773465, -0.11539453, 0.06992586], [0.05230902, -0.05861583, 0.12868918], [0.12339373, 0.0572631, 0.06452888], [0.0710621, 0.11705126, -0.06308374], [-0.04844878, 0.06522903, -0.12726753], [0.06884416, 0.05959737, -0.12044849], [-0.05356708, 0.12105326, -0.07216845], [-0.12584303, 0.06717999, 0.04813465], [-0.07234731, -0.05275271, 0.12132234], [0.04954732, -0.11909573, 0.07849135]], "atomic quadrupole moments": [[0.14317082, -0.01088544, -0.0689999, 0.01611232, 0.02832017, -0.07417092], [0.07884803, -0.19317532, 0.00568078, -0.13347142, 0.32165245, -0.08452881], [-0.00534681, -0.26464935, 0.05972775, -0.22799432, 0.26682345, -0.05438094], [-0.01302819, -0.28391307, 0.06112517, -0.23802648, 0.26378132, -0.04809697], [-0.01155823, -0.28087003, 0.05512507, -0.23291496, 0.26092687, -0.04356684], [-0.01358454, -0.2867975, 0.05226105, -0.23592896, 0.26431344, -0.03867651], [-0.00778535, -0.27679752, 0.04450103, -0.21673421, 0.26717866, -0.03671567], [0.06533615, 0.14742608, -0.01348656, 0.17435111, 0.33103748, -0.05184958], [-0.02564036, 0.24720093, 0.01042486, 0.23412691, 0.28299308, 0.0152155], [-0.03469466, 0.2588515, 0.01664037, 0.25211957, 0.28015288, 0.01805429], [-0.03282388, 0.25349195, 0.02024746, 0.2498317, 0.27612494, 0.01257642], [-0.03521903, 0.25687457, 0.02584941, 0.25530631, 0.2789401, 0.00936962], [-0.02820152, 0.23691341, 0.02738518, 0.24755738, 0.28012455, 0.00081634], [-0.01958076, 0.00533414, 0.04716314, -0.00118727, -0.04118422, -0.02758238], [-0.01938867, 0.0016529, -0.03492888, -0.0061723, -0.0331045, 0.05431755], [0.00515569, 0.03834109, -0.00873144, 0.03325556, -0.02953404, 0.00357575], [0.00384995, 0.041199, -0.00516192, 0.02875855, -0.03331158, 0.00131197], [-0.00164681, 0.03580767, -0.00587392, 0.02872264, -0.03843225, 0.00752073], [0.0025399, 0.03476203, -0.01108371, 0.03507948, -0.03340631, 0.00854382], [0.00522046, 0.03864199, -0.00901602, 0.03289703, -0.02944168, 0.00379556], [0.00812699, -0.0360708, -0.00396775, -0.0339611, -0.03162932, -0.00415924], [0.00674553, -0.03178066, -0.00673422, -0.03730666, -0.03476427, -1.132e-05], [0.00105567, -0.03134954, -0.00160905, -0.03192753, -0.04034438, 0.00055339], [0.00543817, -0.03761951, 7.213e-05, -0.03014251, -0.03606985, -0.0055103], [0.00816075, -0.03572212, -0.00375273, -0.03430913, -0.03161727, -0.00440802]], "number of molecular orbitals": 64, "number of electrons": 64, "number of unpaired electrons": 0, "orbital energies/eV": [-17.41145432, -17.36222194, -16.98769527, -16.58546369, -16.55397039, -16.52251902, -16.08662959, -15.53268745, -15.41937069, -15.37192459, -15.10715247, -14.32698586, -14.17491822, -13.71131793, -13.5986783, -13.43485428, -13.22806292, -13.13421143, -12.93822527, -12.93758173, -12.86166758, -12.6191473, -12.53241069, -12.22121664, -11.70530291, -11.45633201, -11.41279033, -11.37204701, -10.86140033, -10.84441716, -10.67951069, -10.59288032, -6.16932617, -6.06192524, -6.02566385, -5.87742788, -2.74219355, -2.52745432, 2.2924602, 2.80050482, 3.15492163, 3.38384794, 3.45900887, 4.150053, 4.45860938, 4.6097865, 4.62327433, 4.77702219, 5.03443311, 5.36352263, 5.77807653, 5.83608877, 10.43709186, 10.44986479, 10.69106054, 10.7430554, 11.42416143, 11.4937835, 11.64743681, 12.22874858, 16.19808042, 16.6064704, 17.22246724, 17.27720917], "fractional occupation": [2.0, 2.0, 2.0, 2.0, 2.0, 2.0, 2.0, 2.0, 2.0, 2.0, 2.0, 2.0, 2.0, 2.0, 2.0, 2.0, 2.0, 2.0, 2.0, 2.0, 2.0, 2.0, 2.0, 2.0, 2.0, 2.0, 2.0, 2.0, 2.0, 2.0, 2.0, 2.0, 0.0, 0.0, 0.0, 0.0, 0.0, 0.0, 0.0, 0.0, 0.0, 0.0, 0.0, 0.0, 0.0, 0.0, 0.0, 0.0, 0.0, 0.0, 0.0, 0.0, 0.0, 0.0, 0.0, 0.0, 0.0, 0.0, 0.0, 0.0, 0.0, 0.0, 0.0, 0.0], "program call": "xtb /home/svss/Project-DBcg-Debug/aqme2_20220329/End-to-End-workflows-final/example-3/QDESCP/mol_892_rdkit_conf_2/mol_892_rdkit_conf_2.xyz --pop --wbo --acc 0.2 --gfn 2 --chrg 0 --uhf 0 --etemp 300 --input /home/svss/Project-DBcg-Debug/aqme2_20220329/End-to-End-workflows-final/example-3/QDESCP/mol_892_rdkit_conf_2/mol_892_rdkit_conf_2_xtb.inp", "method": "GFN2-xTB", "xtb version": "6.3.3 (7355c4f)", "Dipole module/D": 0.287, "Total charge": 0, "Transition dipole module/D": NaN, "HOMO": -10.5929, "LUMO": -6.1693, "HOMO occupancy": 2.0, "LUMO occupancy": 0, "mulliken charges": [-0.05089, 0.01267, -0.04084, -0.02594, -0.03267, -0.02595, -0.04082, 0.01266, -0.04085, -0.02593, -0.03268, -0.02593, -0.0408, 0.03471, 0.03471, 0.02865, 0.02909, 0.02876, 0.02911, 0.02867, 0.02865, 0.02909, 0.02877, 0.02909, 0.02867], "cm5 charges": [-0.1477, -0.00168, -0.094, -0.0813, -0.08806, -0.08131, -0.09397, -0.00169, -0.094, -0.08129, -0.08807, -0.08128, -0.09394, 0.09084, 0.09085, 0.08504, 0.0845, 0.08417, 0.08453, 0.08508, 0.08504, 0.0845, 0.08418, 0.08449, 0.08507], "FUKUI+": [0.017, -0.039, -0.024, -0.029, -0.039, -0.029, -0.024, -0.039, -0.024, -0.029, -0.039, -0.029, -0.024, -0.044, -0.044, -0.049, -0.059, -0.063, -0.059, -0.049, -0.049, -0.059, -0.063, -0.059, -0.049], "FUKUI-": [0.007, -0.043, -0.021, -0.025, -0.045, -0.024, -0.021, -0.043, -0.021, -0.025, -0.045, -0.024, -0.021, -0.049, -0.049, -0.047, -0.058, -0.066, -0.058, -0.047, -0.047, -0.058, -0.066, -0.058, -0.047], "FUKUIrad": [0.012, -0.041, -0.022, -0.027, -0.042, -0.027, -0.022, -0.041, -0.022, -0.027, -0.042, -0.027, -0.022, -0.046, -0.046, -0.048, -0.059, -0.065, -0.059, -0.048, -0.048, -0.059, -0.065, -0.059, -0.048], "s proportion": [1.03, 1.088, 1.062, 1.06, 1.059, 1.06, 1.062, 1.088, 1.062, 1.06, 1.059, 1.06, 1.062, 0.965, 0.965, 0.971, 0.971, 0.971, 0.971, 0.971, 0.971, 0.971, 0.971, 0.971, 0.971], "p proportion": [3.021, 2.899, 2.978, 2.966, 2.974, 2.966, 2.978, 2.899, 2.978, 2.966, 2.974, 2.966, 2.978, 0.0, 0.0, 0.0, 0.0, 0.0, 0.0, 0.0, 0.0, 0.0, 0.0, 0.0, 0.0], "d proportion": [0.0, 0.0, 0.0, 0.0, 0.0, 0.0, 0.0, 0.0, 0.0, 0.0, 0.0, 0.0, 0.0, 0.0, 0.0, 0.0, 0.0, 0.0, 0.0, 0.0, 0.0, 0.0, 0.0, 0.0, 0.0], "Fermi-level/eV": -8.3811, "Coordination numbers": [3.809, 2.961, 2.915, 2.91, 2.912, 2.91, 2.915, 2.961, 2.915, 2.91, 2.912, 2.91, 2.915, 0.923, 0.923, 0.925, 0.925, 0.925, 0.925, 0.925, 0.925, 0.925, 0.925, 0.925, 0.925], "Dispersion coefficient C6": [21.719, 27.622, 28.913, 28.769, 28.819, 28.769, 28.913, 27.623, 28.913, 28.768, 28.819, 28.768, 28.913, 2.456, 2.456, 2.6, 2.605, 2.619, 2.605, 2.6, 2.6, 2.605, 2.619, 2.606, 2.6], "Total dispersion C6": 7762.570376, "Total dispersion C8": 191149.29859, "Polarizability alpha": [6.634, 8.621, 8.817, 8.795, 8.803, 8.795, 8.817, 8.621, 8.817, 8.795, 8.803, 8.795, 8.817, 2.451, 2.451, 2.522, 2.524, 2.531, 2.524, 2.521, 2.522, 2.524, 2.531, 2.524, 2.521], "Total polarizability alpha": 142.077276, "Wiberg matrix": [[0.0, 0.9951350045883179, 0.0, 0.0, 0.0, 0.0, 0.0, 0.995094216092937, 0.0, 0.0, 0.0, 0.0, 0.0, 0.9675896848302094, 0.9675936442244448, 0.0, 0.0, 0.0, 0.0, 0.0, 0.0, 0.0, 0.0, 0.0, 0.0], [0.9951350045883179, 0.0, 1.411516754029007, 0.0, 0.10908292955952667, 0.0, 1.4113544652076928, 0.0, 0.0, 0.0, 0.0, 0.0, 0.0, 0.0, 0.0, 0.0, 0.0, 0.0, 0.0, 0.0, 0.0, 0.0, 0.0, 0.0, 0.0], [0.0, 1.411516754029007, 0.0, 1.4438155916985735, 0.0, 0.11123491137105916, 0.0, 0.0, 0.0, 0.0, 0.0, 0.0, 0.0, 0.0, 0.0, 0.9697342902251028, 0.0, 0.0, 0.0, 0.0, 0.0, 0.0, 0.0, 0.0, 0.0], [0.0, 0.0, 1.4438155916985735, 0.0, 1.4383364998310397, 0.0, 0.11127846304658401, 0.0, 0.0, 0.0, 0.0, 0.0, 0.0, 0.0, 0.0, 0.0, 0.9713980338829519, 0.0, 0.0, 0.0, 0.0, 0.0, 0.0, 0.0, 0.0], [0.0, 0.10908292955952667, 0.0, 1.4383364998310397, 0.0, 1.4381878545526265, 0.0, 0.0, 0.0, 0.0, 0.0, 0.0, 0.0, 0.0, 0.0, 0.0, 0.0, 0.9715651153305029, 0.0, 0.0, 0.0, 0.0, 0.0, 0.0, 0.0], [0.0, 0.0, 0.11123491137105916, 0.0, 1.4381878545526265, 0.0, 1.443995690338233, 0.0, 0.0, 0.0, 0.0, 0.0, 0.0, 0.0, 0.0, 0.0, 0.0, 0.0, 0.9714061311487558, 0.0, 0.0, 0.0, 0.0, 0.0, 0.0], [0.0, 1.4113544652076928, 0.0, 0.11127846304658401, 0.0, 1.443995690338233, 0.0, 0.0, 0.0, 0.0, 0.0, 0.0, 0.0, 0.0, 0.0, 0.0, 0.0, 0.0, 0.0, 0.9697516131879238, 0.0, 0.0, 0.0, 0.0, 0.0], [0.995094216092937, 0.0, 0.0, 0.0, 0.0, 0.0, 0.0, 0.0, 1.4114743327572141, 0.0, 0.10910197883362838, 0.0, 1.411394725083238, 0.0, 0.0, 0.0, 0.0, 0.0, 0.0, 0.0, 0.0, 0.0, 0.0, 0.0, 0.0], [0.0, 0.0, 0.0, 0.0, 0.0, 0.0, 0.0, 1.4114743327572141, 0.0, 1.4438415101724016, 0.0, 0.11124878420338886, 0.0, 0.0, 0.0, 0.0, 0.0, 0.0, 0.0, 0.0, 0.9697367049181451, 0.0, 0.0, 0.0, 0.0], [0.0, 0.0, 0.0, 0.0, 0.0, 0.0, 0.0, 0.0, 1.4438415101724016, 0.0, 1.4383442350196982, 0.0, 0.11124736574547876, 0.0, 0.0, 0.0, 0.0, 0.0, 0.0, 0.0, 0.0, 0.971395834269317, 0.0, 0.0, 0.0], [0.0, 0.0, 0.0, 0.0, 0.0, 0.0, 0.0, 0.10910197883362838, 0.0, 1.4383442350196982, 0.0, 1.4381564927229058, 0.0, 0.0, 0.0, 0.0, 0.0, 0.0, 0.0, 0.0, 0.0, 0.0, 0.9715679229606483, 0.0, 0.0], [0.0, 0.0, 0.0, 0.0, 0.0, 0.0, 0.0, 0.0, 0.11124878420338886, 0.0, 1.4381564927229058, 0.0, 1.444019663972088, 0.0, 0.0, 0.0, 0.0, 0.0, 0.0, 0.0, 0.0, 0.0, 0.0, 0.9713957154393646, 0.0], [0.0, 0.0, 0.0, 0.0, 0.0, 0.0, 0.0, 1.411394725083238, 0.0, 0.11124736574547876, 0.0, 1.444019663972088, 0.0, 0.0, 0.0, 0.0, 0.0, 0.0, 0.0, 0.0, 0.0, 0.0, 0.0, 0.0, 0.9697405178913303], [0.9675896848302094, 0.0, 0.0, 0.0, 0.0, 0.0, 0.0, 0.0, 0.0, 0.0, 0.0, 0.0, 0.0, 0.0, 0.0, 0.0, 0.0, 0.0, 0.0, 0.0, 0.0, 0.0, 0.0, 0.0, 0.0], [0.9675936442244448, 0.0, 0.0, 0.0, 0.0, 0.0, 0.0, 0.0, 0.0, 0.0, 0.0, 0.0, 0.0, 0.0, 0.0, 0.0, 0.0, 0.0, 0.0, 0.0, 0.0, 0.0, 0.0, 0.0, 0.0], [0.0, 0.0, 0.9697342902251028, 0.0, 0.0, 0.0, 0.0, 0.0, 0.0, 0.0, 0.0, 0.0, 0.0, 0.0, 0.0, 0.0, 0.0, 0.0, 0.0, 0.0, 0.0, 0.0, 0.0, 0.0, 0.0], [0.0, 0.0, 0.0, 0.9713980338829519, 0.0, 0.0, 0.0, 0.0, 0.0, 0.0, 0.0, 0.0, 0.0, 0.0, 0.0, 0.0, 0.0, 0.0, 0.0, 0.0, 0.0, 0.0, 0.0, 0.0, 0.0], [0.0, 0.0, 0.0, 0.0, 0.9715651153305029, 0.0, 0.0, 0.0, 0.0, 0.0, 0.0, 0.0, 0.0, 0.0, 0.0, 0.0, 0.0, 0.0, 0.0, 0.0, 0.0, 0.0, 0.0, 0.0, 0.0], [0.0, 0.0, 0.0, 0.0, 0.0, 0.9714061311487558, 0.0, 0.0, 0.0, 0.0, 0.0, 0.0, 0.0, 0.0, 0.0, 0.0, 0.0, 0.0, 0.0, 0.0, 0.0, 0.0, 0.0, 0.0, 0.0], [0.0, 0.0, 0.0, 0.0, 0.0, 0.0, 0.9697516131879238, 0.0, 0.0, 0.0, 0.0, 0.0, 0.0, 0.0, 0.0, 0.0, 0.0, 0.0, 0.0, 0.0, 0.0, 0.0, 0.0, 0.0, 0.0], [0.0, 0.0, 0.0, 0.0, 0.0, 0.0, 0.0, 0.0, 0.9697367049181451, 0.0, 0.0, 0.0, 0.0, 0.0, 0.0, 0.0, 0.0, 0.0, 0.0, 0.0, 0.0, 0.0, 0.0, 0.0, 0.0], [0.0, 0.0, 0.0, 0.0, 0.0, 0.0, 0.0, 0.0, 0.0, 0.971395834269317, 0.0, 0.0, 0.0, 0.0, 0.0, 0.0, 0.0, 0.0, 0.0, 0.0, 0.0, 0.0, 0.0, 0.0, 0.0], [0.0, 0.0, 0.0, 0.0, 0.0, 0.0, 0.0, 0.0, 0.0, 0.0, 0.9715679229606483, 0.0, 0.0, 0.0, 0.0, 0.0, 0.0, 0.0, 0.0, 0.0, 0.0, 0.0, 0.0, 0.0, 0.0], [0.0, 0.0, 0.0, 0.0, 0.0, 0.0, 0.0, 0.0, 0.0, 0.0, 0.0, 0.9713957154393646, 0.0, 0.0, 0.0, 0.0, 0.0, 0.0, 0.0, 0.0, 0.0, 0.0, 0.0, 0.0, 0.0], [0.0, 0.0, 0.0, 0.0, 0.0, 0.0, 0.0, 0.0, 0.0, 0.0, 0.0, 0.0, 0.9697405178913303, 0.0, 0.0, 0.0, 0.0, 0.0, 0.0, 0.0, 0.0, 0.0, 0.0, 0.0, 0.0]], "Born radii": [], "Atomic SASAs": [], "Solvent H bonds": [], "Total SASA": NaN, "Total FOD": 0.0, "FOD": [0.0, 0.0, 0.0, 0.0, 0.0, 0.0, 0.0, 0.0, 0.0, 0.0, 0.0, 0.0, 0.0, 0.0, 0.0, 0.0, 0.0, 0.0, 0.0, 0.0, 0.0, 0.0, 0.0, 0.0, 0.0], "FOD s proportion": [0.0, 0.0, 0.0, 0.0, 0.0, 0.0, 0.0, 0.0, 0.0, 0.0, 0.0, 0.0, 0.0, 0.0, 0.0, 0.0, 0.0, 0.0, 0.0, 0.0, 0.0, 0.0, 0.0, 0.0, 0.0], "FOD p proportion": [0.0, 0.0, 0.0, 0.0, 0.0, 0.0, 0.0, 0.0, 0.0, 0.0, 0.0, 0.0, 0.0, 0.0, 0.0, 0.0, 0.0, 0.0, 0.0, 0.0, 0.0, 0.0, 0.0, 0.0, 0.0], "FOD d proportion": [0.0, 0.0, 0.0, 0.0, 0.0, 0.0, 0.0, 0.0, 0.0, 0.0, 0.0, 0.0, 0.0, 0.0, 0.0, 0.0, 0.0, 0.0, 0.0, 0.0, 0.0, 0.0, 0.0, 0.0, 0.0], "coordinates": [["0.02180", "-1.09420", "-0.99040"], ["1.27100", "-0.53200", "-0.35310"], ["1.76750", "-1.07270", "0.84170"], ["2.91540", "-0.54530", "1.43570"], ["3.57630", "0.52970", "0.84480"], ["3.08910", "1.08010", "-0.33900"], ["1.94130", "0.55400", "-0.93440"], ["-1.25190", "-0.43190", "-0.51920"], ["-1.75990", "0.69240", "-1.18590"], ["-2.93060", "1.31050", "-0.74310"], ["-3.60310", "0.81470", "0.37200"], ["-3.10460", "-0.29770", "1.04710"], ["-1.93410", "-0.91710", "0.60580"], ["-0.03400", "-2.17470", "-0.80070"], ["0.09740", "-1.01140", "-2.08310"], ["1.26000", "-1.90770", "1.31870"], ["3.29160", "-0.97140", "2.36190"], ["4.46840", "0.94130", "1.30910"], ["3.60070", "1.92210", "-0.79730"], ["1.57050", "0.99880", "-1.85470"], ["-1.24380", "1.09520", "-2.05410"], ["-3.31570", "2.18140", "-1.26670"], ["-4.51290", "1.29790", "0.71770"], ["-3.62540", "-0.68150", "1.92030"], ["-1.55490", "-1.78050", "1.14720"]], "bond_dist": [[0.0, 1.5108675554131141, 2.5307155411069022, 3.815779524553273, 4.317346465133415, 3.815787171737963, 2.5306480375587594, 1.5109541422558133, 2.5307340239543152, 3.8158098930633324, 4.317398867373734, 3.8157824178010986, 2.530763453979846, 1.0984443454267494, 1.0984372945234517, 2.7435131310055723, 4.684505008002446, 5.403999635455206, 4.684429368663808, 2.743380247067475, 2.7434783414490447, 4.684528076551575, 5.404003341042638, 4.684502494395749, 2.7434147225674796], [1.5108675554131141, 0.0, 1.4022894779609523, 2.429821740375207, 2.806524432460904, 2.4299285647936237, 1.4023579357639049, 2.5303425914290734, 3.373287122377815, 4.60438365147823, 5.108446115013841, 4.600144768374143, 3.3675595362220396, 2.1451885814538545, 2.1447753542037917, 2.1650835388039877, 3.412787968802047, 3.89318487744931, 3.4128320409888326, 2.16514467184066, 3.444618974574692, 5.406941964733855, 6.160247223935092, 5.400502825663551, 3.4344378215364446], [2.5307155411069022, 1.4022894779609523, 0.0, 1.395944544027448, 2.4164959776502832, 2.788409383501641, 2.4147236984798077, 3.3733440100292174, 4.435007387817973, 5.501215946497647, 5.711938480936222, 4.937628233271516, 3.712371577576792, 2.6753100773555203, 3.368597147181598, 1.0873409079033125, 2.155029127413363, 3.401399648674057, 3.875018745761109, 3.405949824938706, 4.706737271189035, 6.393233892952767, 6.714055742991713, 5.513600077082123, 3.410667507981392], [3.815779524553273, 2.429821740375207, 1.395944544027448, 0.0, 1.3934046863707612, 2.4128110037879056, 2.7883158554941367, 4.604441644759981, 5.5011924107415116, 6.508984489150363, 6.743285544895752, 6.0376084437465805, 4.934026702400383, 4.044179728943806, 4.5321437146233565, 2.147131090548502, 1.0867079138388567, 2.153558942773566, 3.3976444560901307, 3.8755300256868095, 5.671762418331713, 7.3187748879166925, 7.687167952503705, 6.560141175310178, 4.646776665603803], [4.317346465133415, 2.806524432460904, 2.4164959776502832, 1.3934046863707612, 0.0, 1.3934440928863991, 2.4164784563492385, 5.10849153860511, 5.711851207795945, 6.743205666446783, 7.200593669969164, 6.734978905683372, 5.702180232156819, 4.801636773018134, 4.801076215808285, 3.395695165941725, 2.1531251031930307, 1.0866606922126154, 2.1531060192196763, 3.3956720542478775, 5.653032413669676, 7.395012450293779, 8.12658860100596, 7.381611516464409, 5.635395570853921], [3.815787171737963, 2.4299285647936237, 2.788409383501641, 2.4128110037879056, 1.3934440928863991, 0.0, 1.3959681980618326, 4.60031488487473, 4.9376463927664975, 6.03764598664082, 6.735094579885274, 6.494730613351104, 5.487621809126427, 4.534384582277953, 4.045556321447027, 3.875632198751579, 3.397722665256833, 2.1535940982459993, 1.0866174349788427, 2.147114840896965, 4.660023436636345, 6.5646745555282475, 7.678180496055039, 7.300149402580744, 5.653190143626871], [2.5306480375587594, 1.4023579357639049, 2.4147236984798077, 2.7883158554941367, 2.4164784563492385, 1.3959681980618326, 0.0, 3.3676276649891097, 3.7123157530037774, 4.9339940768103885, 5.702194034755394, 5.487516920247263, 4.422112211375917, 3.371274161203743, 2.6776773629397552, 3.405964795766392, 3.8750159922250647, 3.401400880519672, 2.1550179535215013, 1.0873324100752262, 3.419281728667587, 5.513157266938791, 6.703694448585795, 6.376826893526278, 4.691094035510266], [1.5109541422558133, 2.5303425914290734, 3.3733440100292174, 4.604441644759981, 5.10849153860511, 4.60031488487473, 3.3676276649891097, 0.0, 1.4023563669766683, 2.429840048233628, 2.806490769626724, 2.4297741911543964, 1.4022984275823744, 2.1447318014148062, 2.1452771266202415, 3.4446340386171648, 5.406957528037371, 6.16037265268912, 5.400590927852248, 3.434589422332748, 2.1651831400599812, 3.4128234029905506, 3.8931029590803274, 3.4127646651944814, 2.165045015698288], [2.5307340239543152, 3.373287122377815, 4.435007387817973, 5.5011924107415116, 5.711851207795945, 4.9376463927664975, 3.7123157530037774, 1.4023563669766683, 0.0, 1.3959433871042193, 2.4164842105836324, 2.788333749750915, 2.414751494460662, 3.3685860921163946, 2.6753440096555807, 4.706733174931419, 6.393181330918121, 6.714067105711709, 5.513547352657815, 3.4106800729473292, 1.0873721947888866, 2.155032083287857, 3.4013721069591902, 3.8750703090395664, 3.4059675600334187], [3.8158098930633324, 4.60438365147823, 5.501215946497647, 6.508984489150363, 6.743205666446783, 6.03764598664082, 4.9339940768103885, 2.429840048233628, 1.3959433871042193, 0.0, 1.3933850508743086, 2.4127576090440583, 2.7883230121347133, 4.532132870956014, 4.044206177978566, 5.671768581315708, 7.318733869324666, 7.687199391195731, 6.560096942119072, 4.646795956355304, 2.1471770607008636, 1.0867040903576282, 2.1535479307412686, 3.397721383515723, 3.8755729357089903], [4.317398867373734, 5.108446115013841, 5.711938480936222, 6.743285544895752, 7.200593669969164, 6.735094579885274, 5.702194034755394, 2.806490769626724, 2.4164842105836324, 1.3933850508743086, 0.0, 1.3934475304079448, 2.416475673372277, 4.801063680060909, 4.801651535669785, 5.653091566567801, 7.395048567115703, 8.126702665903313, 7.3816212101407634, 5.635443430645011, 3.3957234796137334, 2.153092041692598, 1.0866125206346557, 2.153217271898031, 3.3957504796436386], [3.8157824178010986, 4.600144768374143, 4.937628233271516, 6.0376084437465805, 6.734978905683372, 6.494730613351104, 5.487516920247263, 2.4297741911543964, 2.788333749750915, 2.4127576090440583, 1.3934475304079448, 0.0, 1.3958768928526613, 4.0455009825731105, 4.534349317156763, 4.659999969957082, 6.56459786811043, 7.678156940308006, 7.300025444476203, 5.653133246262643, 3.875588792686861, 3.397671329013446, 2.153544197363964, 1.086744367365205, 2.1471576420933793], [2.530763453979846, 3.3675595362220396, 3.712371577576792, 4.934026702400383, 5.702180232156819, 5.487621809126427, 4.422112211375917, 1.4022984275823744, 2.414751494460662, 2.7883230121347133, 2.416475673372277, 1.3958768928526613, 0.0, 2.6777191824386666, 3.3713599555668923, 3.4193258955530985, 5.513145761722612, 6.703751763005548, 6.376814039157798, 4.691157023592368, 3.406014296799119, 3.875019620595488, 3.4013168111776944, 2.1549740833708415, 1.087366617107588], [1.0984443454267494, 2.1451885814538545, 2.6753100773555203, 4.044179728943806, 4.801636773018134, 4.534384582277953, 3.371274161203743, 2.1447318014148062, 3.3685860921163946, 4.532132870956014, 4.801063680060909, 4.0455009825731105, 2.6777191824386666, 0.0, 1.7363993233124688, 2.4975150369917696, 4.744426731439742, 5.867905742255919, 5.476753225223864, 3.7089673091037083, 3.7049795694443444, 5.473784623092143, 5.8672851072706536, 4.7467505938273185, 2.5025676534311714], [1.0984372945234517, 2.1447753542037917, 3.368597147181598, 4.5321437146233565, 4.801076215808285, 4.045556321447027, 2.6776773629397552, 2.1452771266202415, 2.6753440096555807, 4.044206177978566, 4.801651535669785, 4.534349317156763, 3.3713599555668923, 1.7363993233124688, 0.0, 3.705028433089279, 5.473804768166289, 5.867341743072411, 4.746768877878931, 2.5026174717683087, 2.497483133076178, 4.744442265430153, 5.867896831063068, 5.47679517692601, 3.7089686153970076], [2.7435131310055723, 2.1650835388039877, 1.0873409079033125, 2.147131090548502, 3.395695165941725, 3.875632198751579, 3.405964795766392, 3.4446340386171648, 4.706733174931419, 5.671768581315708, 5.653091566567801, 4.659999969957082, 3.4193258955530985, 2.4975150369917696, 3.705028433089279, 0.0, 2.4682630512163812, 4.290771925889327, 4.962227375886759, 4.31446637024789, 5.163545554171087, 6.6589835906090045, 6.630493704845816, 5.072733204102104, 2.822986733939782], [4.684505008002446, 3.412787968802047, 2.155029127413363, 1.0867079138388567, 2.1531251031930307, 3.397722665256833, 3.8750159922250647, 5.406957528037371, 6.393181330918121, 7.318733869324666, 7.395048567115703, 6.56459786811043, 5.513145761722612, 4.744426731439742, 5.473804768166289, 2.4682630512163812, 0.0, 2.4802555049833073, 4.295163524244449, 4.962216118832391, 6.658959732570847, 8.170881169739284, 8.2923661508643, 6.937142175997259, 5.0614919885346055], [5.403999635455206, 3.89318487744931, 3.401399648674057, 2.153558942773566, 1.0866606922126154, 2.1535940982459993, 3.401400880519672, 6.16037265268912, 6.714067105711709, 7.687199391195731, 8.126702665903313, 7.678156940308006, 6.703751763005548, 5.867905742255919, 5.867341743072411, 4.290771925889327, 2.4802555049833073, 0.0, 2.4802808086988857, 4.290776281746696, 6.630537556638979, 8.29245479095304, 9.007811455064989, 8.27747810145095, 6.6116979468212245], [4.684429368663808, 3.4128320409888326, 3.875018745761109, 3.3976444560901307, 2.1531060192196763, 1.0866174349788427, 2.1550179535215013, 5.400590927852248, 5.513547352657815, 6.560096942119072, 7.3816212101407634, 7.300025444476203, 6.376814039157798, 5.476753225223864, 4.746768877878931, 4.962227375886759, 4.295163524244449, 2.4802808086988857, 0.0, 2.4682564068588984, 5.072720187433957, 6.937158049951002, 8.277400292362332, 8.147429283522502, 6.638564481120899], [2.743380247067475, 2.16514467184066, 3.405949824938706, 3.8755300256868095, 3.3956720542478775, 2.147114840896965, 1.0873324100752262, 3.434589422332748, 3.4106800729473292, 4.646795956355304, 5.635443430645011, 5.653133246262643, 4.691157023592368, 3.7089673091037083, 2.5026174717683087, 4.31446637024789, 4.962216118832391, 4.290776281746696, 2.4682564068588984, 0.0, 2.82300156039631, 5.061544942011283, 6.611691018945153, 6.638630122246607, 5.14820718891538], [2.7434783414490447, 3.444618974574692, 4.706737271189035, 5.671762418331713, 5.653032413669676, 4.660023436636345, 3.419281728667587, 2.1651831400599812, 1.0873721947888866, 2.1471770607008636, 3.3957234796137334, 3.875588792686861, 3.406014296799119, 3.7049795694443444, 2.497483133076178, 5.163545554171087, 6.658959732570847, 6.630537556638979, 5.072720187433957, 2.82300156039631, 0.0, 2.468319025166723, 4.290801479910251, 4.962311639750168, 4.314482053503062], [4.684528076551575, 5.406941964733855, 6.393233892952767, 7.3187748879166925, 7.395012450293779, 6.5646745555282475, 5.513157266938791, 3.4128234029905506, 2.155032083287857, 1.0867040903576282, 2.153092041692598, 3.397671329013446, 3.875019620595488, 5.473784623092143, 4.744442265430153, 6.6589835906090045, 8.170881169739284, 8.29245479095304, 6.937158049951002, 5.061544942011283, 2.468319025166723, 0.0, 2.480262778416835, 4.295239166798514, 4.962255682650785], [5.404003341042638, 6.160247223935092, 6.714055742991713, 7.687167952503705, 8.12658860100596, 7.678180496055039, 6.703694448585795, 3.8931029590803274, 3.4013721069591902, 2.1535479307412686, 1.0866125206346557, 2.153544197363964, 3.4013168111776944, 5.8672851072706536, 5.867896831063068, 6.630493704845816, 8.2923661508643, 9.007811455064989, 8.277400292362332, 6.611691018945153, 4.290801479910251, 2.480262778416835, 0.0, 2.4803079183843284, 4.2907785785332715], [4.684502494395749, 5.400502825663551, 5.513600077082123, 6.560141175310178, 7.381611516464409, 7.300149402580744, 6.376826893526278, 3.4127646651944814, 3.8750703090395664, 3.397721383515723, 2.153217271898031, 1.086744367365205, 2.1549740833708415, 4.7467505938273185, 5.47679517692601, 5.072733204102104, 6.937142175997259, 8.27747810145095, 8.147429283522502, 6.638630122246607, 4.962311639750168, 4.295239166798514, 2.4803079183843284, 0.0, 2.4682898654736642], [2.7434147225674796, 3.4344378215364446, 3.410667507981392, 4.646776665603803, 5.635395570853921, 5.653190143626871, 4.691094035510266, 2.165045015698288, 3.4059675600334187, 3.8755729357089903, 3.3957504796436386, 2.1471576420933793, 1.087366617107588, 2.5025676534311714, 3.7089686153970076, 2.822986733939782, 5.0614919885346055, 6.6116979468212245, 6.638564481120899, 5.14820718891538, 4.314482053503062, 4.962255682650785, 4.2907785785332715, 2.4682898654736642, 0.0]]}