{"total energy": -36.70496252, "HOMO-LUMO gap/eV": 11.77637681, "electronic energy": -37.18625875, "dipole": [-0.32504104, -0.41206359, 0.46988694], "partial charges": [-0.10001715, -0.05188853, -0.05815387, -0.05825917, -0.05841246, -0.05805141, -0.0580869, -0.06064558, -0.06313926, 0.08652666, -0.44700277, 0.03229375, 0.03203533, 0.03114028, 0.02830904, 0.02852116, 0.03002959, 0.02933668, 0.02817234, 0.02834153, 0.03039637, 0.03039717, 0.02964683, 0.02985777, 0.03138041, 0.03250553, 0.031002, 0.03252353, 0.04714218, 0.04679096, 0.01687147, 0.01671935, 0.28371719], "atomic dipole moments": [[0.0638554, 0.07597674, 0.01882749], [0.03164102, -0.09460113, -0.04673668], [-0.02915663, 0.09505864, 0.04664251], [0.03002044, -0.09306471, -0.04532503], [-0.03018952, 0.09601076, 0.04789396], [0.03292423, -0.09186757, -0.05338116], [-0.04054898, -0.06795313, 0.08325286], [0.05573382, 0.06326779, -0.07589769], [-0.04250804, -0.08720165, 0.0908601], [0.1565562, 0.04952095, -0.10374079], [-0.16558933, -0.09698774, 0.14797392], [-0.00516437, -0.02631847, -0.12302282], [0.03371222, -0.10453517, 0.06146695], [-0.11503189, 0.03022415, 0.03706586], [-0.00514266, 0.02498088, 0.12079574], [-0.04273723, 0.10062761, -0.05746691], [0.00217568, -0.02703098, -0.12109916], [0.03970479, -0.10257913, 0.05719651], [-0.00189585, 0.02697767, 0.12110025], [-0.03962028, 0.10251359, -0.05734546], [0.03672757, -0.10321267, 0.05830382], [0.0012716, -0.02698555, -0.12131182], [0.00225188, 0.0248794, 0.12170731], [-0.04096134, 0.10301542, -0.05031476], [0.06046994, 0.10489409, 0.01418977], [-0.0017761, -0.01731748, -0.12337336], [-0.00245352, 0.01607642, 0.12291363], [-0.05683279, -0.10803438, -0.0214924], [0.00719797, -0.01307873, -0.12540816], [0.06294557, 0.10800591, 0.0165445], [0.01311411, 0.01509526, 0.11584619], [-0.0425894, -0.10633498, -0.02620743], [0.02447641, -0.06132658, 0.04283758]], "atomic quadrupole moments": [[0.03256411, 0.16455552, 0.08087315, 0.035849, 0.05409317, -0.11343726], [0.19148554, 0.09738222, 0.00020882, -0.04878714, 0.07968065, -0.19169435], [0.20132006, 0.09058058, -0.00388249, -0.05511944, 0.08206173, -0.19743757], [0.20023927, 0.08814004, -0.00359142, -0.05587883, 0.08098979, -0.19664785], [0.19586379, 0.07942827, -0.0008582, -0.05431093, 0.08564161, -0.1950056], [0.18704494, 0.09404638, -0.01546259, -0.0721749, 0.06775633, -0.17158235], [0.13743483, -0.15116849, -0.02366828, -0.04266649, -0.10352079, -0.11376655], [0.16381273, -0.12910828, -0.04296558, -0.04345597, -0.12012423, -0.12084715], [0.15458272, -0.16209748, -0.02135429, -0.02174093, -0.13417154, -0.13322843], [0.37853904, -0.12589433, -0.17886558, -0.18484042, -0.11120566, -0.19967346], [0.1443363, -0.01253669, -0.08284605, -0.09638991, -0.03412688, -0.06149025], [-0.04477482, 0.01099785, -0.03334189, -0.00683639, 0.01619241, 0.07811672], [-0.02427052, -0.02705337, 0.03671419, 0.0323245, -0.04715045, -0.01244367], [0.06198628, -0.02653211, -0.02274814, -0.03588948, 0.01923798, -0.03923814], [-0.01961551, 0.00807112, -0.03595652, 0.0038929, 0.0099434, 0.05557203], [-0.01234462, -0.01323343, 0.02050655, 0.01439082, -0.04306611, -0.00816193], [-0.02221633, 0.00550411, -0.03466642, 0.00198018, 0.00802251, 0.05688275], [-0.01364968, -0.01643317, 0.01904234, 0.01567325, -0.04206136, -0.00539267], [-0.02197034, 0.00564904, -0.03452839, 0.00200361, 0.00798338, 0.05649873], [-0.01303492, -0.01629455, 0.01866656, 0.01553371, -0.04177874, -0.00563165], [-0.01014943, -0.01827791, 0.01729371, 0.01717586, -0.04036193, -0.00714428], [-0.02214357, 0.00531825, -0.03533183, 0.00096164, 0.00779783, 0.0574754], [-0.0220879, 0.01193729, -0.03643334, 0.0052237, 0.0017645, 0.05852124], [-0.00083328, -0.01870686, 0.02017701, 0.01804392, -0.04265405, -0.01934374], [0.00872149, 0.02941856, 0.03236133, 0.0154676, 0.01871232, -0.04108282], [-0.02613598, -0.0104057, -0.02292968, 0.01123841, 0.02674389, 0.04906566], [-0.02476664, -0.00605197, -0.02758362, 0.00482233, 0.02248314, 0.05235026], [-0.00192567, 0.02997806, 0.03069812, 0.01472114, 0.02190126, -0.02877245], [-0.02801046, -0.00227437, -0.02401715, 0.00784215, 0.02439584, 0.05202761], [-0.00999976, 0.03005753, 0.03339084, 0.01531621, 0.02591872, -0.02339108], [-0.00572135, -0.00934887, -0.03466643, -0.00586053, 0.0190988, 0.04038778], [0.01398502, 0.02478735, 0.02071929, 0.00441647, 0.01939511, -0.03470431], [-0.00261387, -0.07572859, 0.03725449, 0.02929952, -0.08164189, -0.03464062]], "number of molecular orbitals": 66, "number of electrons": 68, "number of unpaired electrons": 0, "orbital energies/eV": [-18.59539805, -17.13098289, -16.9595334, -16.84548508, -16.60178213, -16.27902703, -15.86405596, -15.57567299, -15.29051479, -15.13003315, -15.03827317, -14.88324459, -14.50248231, -14.16205562, -13.9107459, -13.79179859, -13.632384, -13.45128488, -13.31075836, -12.9941991, -12.83588759, -12.80123072, -12.44357707, -12.22197551, -12.16325493, -12.06127707, -11.88874639, -11.77468364, -11.68379483, -11.5084254, -11.42842771, -11.33805001, -11.2584218, -11.06617131, 0.7102055, 1.44488727, 2.37165078, 2.74143719, 2.86178597, 2.96450003, 3.16909365, 3.43627203, 3.50478235, 3.60607366, 3.81890886, 3.90094912, 4.22909578, 4.31519298, 4.49398048, 4.5934395, 4.85825801, 4.9502778, 5.41585118, 5.48587064, 5.62318371, 6.08833617, 6.30827746, 6.56863966, 6.76923105, 7.09415965, 7.20409846, 7.30867801, 7.41284577, 7.95174246, 8.32054633, 8.541884], "fractional occupation": [2.0, 2.0, 2.0, 2.0, 2.0, 2.0, 2.0, 2.0, 2.0, 2.0, 2.0, 2.0, 2.0, 2.0, 2.0, 2.0, 2.0, 2.0, 2.0, 2.0, 2.0, 2.0, 2.0, 2.0, 2.0, 2.0, 2.0, 2.0, 2.0, 2.0, 2.0, 2.0, 2.0, 2.0, 0.0, 0.0, 0.0, 0.0, 0.0, 0.0, 0.0, 0.0, 0.0, 0.0, 0.0, 0.0, 0.0, 0.0, 0.0, 0.0, 0.0, 0.0, 0.0, 0.0, 0.0, 0.0, 0.0, 0.0, 0.0, 0.0, 0.0, 0.0, 0.0, 0.0, 0.0, 0.0], "program call": "xtb /home/svss/Project-DBcg-Debug/aqme2_20220329/End-to-End-workflows-final/example-3/QDESCP/mol_1063_rdkit_conf_4/mol_1063_rdkit_conf_4.xyz --pop --wbo --acc 0.2 --gfn 2 --chrg 0 --uhf 0 --etemp 300 --input /home/svss/Project-DBcg-Debug/aqme2_20220329/End-to-End-workflows-final/example-3/QDESCP/mol_1063_rdkit_conf_4/mol_1063_rdkit_conf_4_xtb.inp", "method": "GFN2-xTB", "xtb version": "6.3.3 (7355c4f)", "Dipole module/D": 1.791, "Total charge": 0, "Transition dipole module/D": NaN, "HOMO": -11.0662, "LUMO": 0.7102, "HOMO occupancy": 2.0, "LUMO occupancy": 0, "mulliken charges": [-0.08348, -0.03848, -0.0466, -0.04535, -0.04686, -0.04603, -0.04427, -0.05175, -0.05328, 0.19976, -0.56933, 0.02674, 0.02647, 0.0281, 0.02188, 0.02213, 0.02283, 0.02225, 0.02229, 0.02262, 0.02209, 0.0233, 0.02287, 0.02488, 0.02576, 0.02471, 0.02182, 0.02191, 0.03665, 0.03649, 0.00747, 0.00745, 0.33496], "cm5 charges": [-0.2338, -0.15099, -0.15726, -0.15612, -0.15772, -0.15661, -0.15482, -0.16228, -0.16055, 0.11263, -0.78316, 0.07803, 0.07776, 0.07887, 0.07659, 0.07684, 0.07817, 0.07759, 0.07763, 0.07797, 0.07806, 0.07876, 0.07809, 0.0798, 0.08069, 0.07992, 0.07736, 0.07796, 0.09387, 0.09372, 0.06999, 0.06997, 0.50304], "FUKUI+": [0.004, -0.009, -0.012, -0.013, -0.005, -0.012, -0.011, -0.011, -0.007, -0.013, -0.089, -0.023, -0.022, -0.042, -0.026, -0.027, -0.029, -0.027, -0.032, -0.033, -0.024, -0.031, -0.036, -0.043, -0.041, -0.038, -0.036, -0.031, -0.041, -0.042, -0.054, -0.053, -0.093], "FUKUI-": [0.014, 0.004, 0.004, 0.007, 0.001, 0.005, 0.008, 0.009, 0.01, 0.016, -0.087, -0.045, -0.043, -0.048, -0.058, -0.057, -0.048, -0.046, -0.038, -0.042, -0.034, -0.031, -0.029, -0.038, -0.051, -0.03, -0.032, -0.037, -0.048, -0.053, -0.072, -0.071, -0.042], "FUKUIrad": [0.009, -0.002, -0.004, -0.003, -0.002, -0.004, -0.002, -0.001, 0.002, 0.002, -0.088, -0.034, -0.033, -0.045, -0.042, -0.042, -0.039, -0.036, -0.035, -0.038, -0.029, -0.031, -0.032, -0.04, -0.046, -0.034, -0.034, -0.034, -0.045, -0.047, -0.063, -0.062, -0.067], "s proportion": [1.007, 1.027, 1.032, 1.033, 1.032, 1.032, 1.032, 1.032, 1.033, 0.991, 1.695, 0.973, 0.974, 0.972, 0.978, 0.978, 0.977, 0.978, 0.978, 0.977, 0.978, 0.977, 0.977, 0.975, 0.974, 0.975, 0.978, 0.978, 0.963, 0.964, 0.993, 0.993, 0.665], "p proportion": [3.076, 3.011, 3.014, 3.013, 3.015, 3.014, 3.012, 3.02, 3.02, 2.809, 4.874, 0.0, 0.0, 0.0, 0.0, 0.0, 0.0, 0.0, 0.0, 0.0, 0.0, 0.0, 0.0, 0.0, 0.0, 0.0, 0.0, 0.0, 0.0, 0.0, 0.0, 0.0, 0.0], "d proportion": [0.0, 0.0, 0.0, 0.0, 0.0, 0.0, 0.0, 0.0, 0.0, 0.0, 0.0, 0.0, 0.0, 0.0, 0.0, 0.0, 0.0, 0.0, 0.0, 0.0, 0.0, 0.0, 0.0, 0.0, 0.0, 0.0, 0.0, 0.0, 0.0, 0.0, 0.0, 0.0, 0.0], "Fermi-level/eV": -5.178, "Coordination numbers": [3.75, 3.8, 3.802, 3.802, 3.801, 3.8, 3.801, 3.801, 3.801, 3.675, 1.653, 0.924, 0.924, 0.924, 0.924, 0.924, 0.924, 0.924, 0.924, 0.924, 0.924, 0.924, 0.924, 0.924, 0.924, 0.924, 0.924, 0.924, 0.924, 0.924, 0.924, 0.924, 0.804], "Dispersion coefficient C6": [22.473, 21.506, 21.619, 21.621, 21.625, 21.619, 21.619, 21.666, 21.713, 19.362, 21.784, 2.554, 2.558, 2.57, 2.611, 2.608, 2.586, 2.596, 2.613, 2.61, 2.581, 2.581, 2.592, 2.589, 2.567, 2.551, 2.572, 2.551, 2.356, 2.361, 2.781, 2.784, 0.772], "Total dispersion C6": 7301.704393, "Total dispersion C8": 151980.325199, "Polarizability alpha": [6.761, 6.603, 6.62, 6.62, 6.621, 6.62, 6.62, 6.627, 6.634, 6.305, 6.301, 2.499, 2.501, 2.507, 2.527, 2.525, 2.515, 2.52, 2.528, 2.527, 2.512, 2.512, 2.518, 2.516, 2.506, 2.498, 2.508, 2.498, 2.4, 2.403, 2.608, 2.609, 1.38], "Total polarizability alpha": 126.448883, "Wiberg matrix": [[0.0, 1.0200751540720043, 0.0, 0.0, 0.0, 0.0, 0.0, 0.0, 0.0, 0.0, 0.0, 0.9877174814351906, 0.9877317066439941, 0.9874109285358903, 0.0, 0.0, 0.0, 0.0, 0.0, 0.0, 0.0, 0.0, 0.0, 0.0, 0.0, 0.0, 0.0, 0.0, 0.0, 0.0, 0.0, 0.0, 0.0], [1.0200751540720043, 0.0, 1.007722676146371, 0.0, 0.0, 0.0, 0.0, 0.0, 0.0, 0.0, 0.0, 0.0, 0.0, 0.0, 0.9781066381789728, 0.978096533608106, 0.0, 0.0, 0.0, 0.0, 0.0, 0.0, 0.0, 0.0, 0.0, 0.0, 0.0, 0.0, 0.0, 0.0, 0.0, 0.0, 0.0], [0.0, 1.007722676146371, 0.0, 1.007163735362456, 0.0, 0.0, 0.0, 0.0, 0.0, 0.0, 0.0, 0.0, 0.0, 0.0, 0.0, 0.0, 0.977225607484614, 0.9772285354310937, 0.0, 0.0, 0.0, 0.0, 0.0, 0.0, 0.0, 0.0, 0.0, 0.0, 0.0, 0.0, 0.0, 0.0, 0.0], [0.0, 0.0, 1.007163735362456, 0.0, 1.0066711573207743, 0.0, 0.0, 0.0, 0.0, 0.0, 0.0, 0.0, 0.0, 0.0, 0.0, 0.0, 0.0, 0.0, 0.9774594584309568, 0.9772438674865782, 0.0, 0.0, 0.0, 0.0, 0.0, 0.0, 0.0, 0.0, 0.0, 0.0, 0.0, 0.0, 0.0], [0.0, 0.0, 0.0, 1.0066711573207743, 0.0, 1.007897304266215, 0.0, 0.0, 0.0, 0.0, 0.0, 0.0, 0.0, 0.0, 0.0, 0.0, 0.0, 0.0, 0.0, 0.0, 0.9754826502168901, 0.9771409401173401, 0.0, 0.0, 0.0, 0.0, 0.0, 0.0, 0.0, 0.0, 0.0, 0.0, 0.0], [0.0, 0.0, 0.0, 0.0, 1.007897304266215, 0.0, 1.006229796447014, 0.0, 0.0, 0.0, 0.0, 0.0, 0.0, 0.0, 0.0, 0.0, 0.0, 0.0, 0.0, 0.0, 0.0, 0.0, 0.9772101133260711, 0.9767671233926684, 0.0, 0.0, 0.0, 0.0, 0.0, 0.0, 0.0, 0.0, 0.0], [0.0, 0.0, 0.0, 0.0, 0.0, 1.006229796447014, 0.0, 1.0081636627654755, 0.0, 0.0, 0.0, 0.0, 0.0, 0.0, 0.0, 0.0, 0.0, 0.0, 0.0, 0.0, 0.0, 0.0, 0.0, 0.0, 0.976729611418349, 0.9770599189040339, 0.0, 0.0, 0.0, 0.0, 0.0, 0.0, 0.0], [0.0, 0.0, 0.0, 0.0, 0.0, 0.0, 1.0081636627654755, 0.0, 1.0064314882800953, 0.0, 0.0, 0.0, 0.0, 0.0, 0.0, 0.0, 0.0, 0.0, 0.0, 0.0, 0.0, 0.0, 0.0, 0.0, 0.0, 0.0, 0.9769088938203698, 0.9751592226206152, 0.0, 0.0, 0.0, 0.0, 0.0], [0.0, 0.0, 0.0, 0.0, 0.0, 0.0, 0.0, 1.0064314882800953, 0.0, 1.006371480646082, 0.0, 0.0, 0.0, 0.0, 0.0, 0.0, 0.0, 0.0, 0.0, 0.0, 0.0, 0.0, 0.0, 0.0, 0.0, 0.0, 0.0, 0.0, 0.9752707776728127, 0.9750897233958079, 0.0, 0.0, 0.0], [0.0, 0.0, 0.0, 0.0, 0.0, 0.0, 0.0, 0.0, 1.006371480646082, 0.0, 0.9883792804653161, 0.0, 0.0, 0.0, 0.0, 0.0, 0.0, 0.0, 0.0, 0.0, 0.0, 0.0, 0.0, 0.0, 0.0, 0.0, 0.0, 0.0, 0.0, 0.0, 0.973494315277826, 0.9734728421765682, 0.0], [0.0, 0.0, 0.0, 0.0, 0.0, 0.0, 0.0, 0.0, 0.0, 0.9883792804653161, 0.0, 0.0, 0.0, 0.0, 0.0, 0.0, 0.0, 0.0, 0.0, 0.0, 0.0, 0.0, 0.0, 0.0, 0.0, 0.0, 0.0, 0.0, 0.0, 0.0, 0.0, 0.0, 0.9067014192466689], [0.9877174814351906, 0.0, 0.0, 0.0, 0.0, 0.0, 0.0, 0.0, 0.0, 0.0, 0.0, 0.0, 0.0, 0.0, 0.0, 0.0, 0.0, 0.0, 0.0, 0.0, 0.0, 0.0, 0.0, 0.0, 0.0, 0.0, 0.0, 0.0, 0.0, 0.0, 0.0, 0.0, 0.0], [0.9877317066439941, 0.0, 0.0, 0.0, 0.0, 0.0, 0.0, 0.0, 0.0, 0.0, 0.0, 0.0, 0.0, 0.0, 0.0, 0.0, 0.0, 0.0, 0.0, 0.0, 0.0, 0.0, 0.0, 0.0, 0.0, 0.0, 0.0, 0.0, 0.0, 0.0, 0.0, 0.0, 0.0], [0.9874109285358903, 0.0, 0.0, 0.0, 0.0, 0.0, 0.0, 0.0, 0.0, 0.0, 0.0, 0.0, 0.0, 0.0, 0.0, 0.0, 0.0, 0.0, 0.0, 0.0, 0.0, 0.0, 0.0, 0.0, 0.0, 0.0, 0.0, 0.0, 0.0, 0.0, 0.0, 0.0, 0.0], [0.0, 0.9781066381789728, 0.0, 0.0, 0.0, 0.0, 0.0, 0.0, 0.0, 0.0, 0.0, 0.0, 0.0, 0.0, 0.0, 0.0, 0.0, 0.0, 0.0, 0.0, 0.0, 0.0, 0.0, 0.0, 0.0, 0.0, 0.0, 0.0, 0.0, 0.0, 0.0, 0.0, 0.0], [0.0, 0.978096533608106, 0.0, 0.0, 0.0, 0.0, 0.0, 0.0, 0.0, 0.0, 0.0, 0.0, 0.0, 0.0, 0.0, 0.0, 0.0, 0.0, 0.0, 0.0, 0.0, 0.0, 0.0, 0.0, 0.0, 0.0, 0.0, 0.0, 0.0, 0.0, 0.0, 0.0, 0.0], [0.0, 0.0, 0.977225607484614, 0.0, 0.0, 0.0, 0.0, 0.0, 0.0, 0.0, 0.0, 0.0, 0.0, 0.0, 0.0, 0.0, 0.0, 0.0, 0.0, 0.0, 0.0, 0.0, 0.0, 0.0, 0.0, 0.0, 0.0, 0.0, 0.0, 0.0, 0.0, 0.0, 0.0], [0.0, 0.0, 0.9772285354310937, 0.0, 0.0, 0.0, 0.0, 0.0, 0.0, 0.0, 0.0, 0.0, 0.0, 0.0, 0.0, 0.0, 0.0, 0.0, 0.0, 0.0, 0.0, 0.0, 0.0, 0.0, 0.0, 0.0, 0.0, 0.0, 0.0, 0.0, 0.0, 0.0, 0.0], [0.0, 0.0, 0.0, 0.9774594584309568, 0.0, 0.0, 0.0, 0.0, 0.0, 0.0, 0.0, 0.0, 0.0, 0.0, 0.0, 0.0, 0.0, 0.0, 0.0, 0.0, 0.0, 0.0, 0.0, 0.0, 0.0, 0.0, 0.0, 0.0, 0.0, 0.0, 0.0, 0.0, 0.0], [0.0, 0.0, 0.0, 0.9772438674865782, 0.0, 0.0, 0.0, 0.0, 0.0, 0.0, 0.0, 0.0, 0.0, 0.0, 0.0, 0.0, 0.0, 0.0, 0.0, 0.0, 0.0, 0.0, 0.0, 0.0, 0.0, 0.0, 0.0, 0.0, 0.0, 0.0, 0.0, 0.0, 0.0], [0.0, 0.0, 0.0, 0.0, 0.9754826502168901, 0.0, 0.0, 0.0, 0.0, 0.0, 0.0, 0.0, 0.0, 0.0, 0.0, 0.0, 0.0, 0.0, 0.0, 0.0, 0.0, 0.0, 0.0, 0.0, 0.0, 0.0, 0.0, 0.0, 0.0, 0.0, 0.0, 0.0, 0.0], [0.0, 0.0, 0.0, 0.0, 0.9771409401173401, 0.0, 0.0, 0.0, 0.0, 0.0, 0.0, 0.0, 0.0, 0.0, 0.0, 0.0, 0.0, 0.0, 0.0, 0.0, 0.0, 0.0, 0.0, 0.0, 0.0, 0.0, 0.0, 0.0, 0.0, 0.0, 0.0, 0.0, 0.0], [0.0, 0.0, 0.0, 0.0, 0.0, 0.9772101133260711, 0.0, 0.0, 0.0, 0.0, 0.0, 0.0, 0.0, 0.0, 0.0, 0.0, 0.0, 0.0, 0.0, 0.0, 0.0, 0.0, 0.0, 0.0, 0.0, 0.0, 0.0, 0.0, 0.0, 0.0, 0.0, 0.0, 0.0], [0.0, 0.0, 0.0, 0.0, 0.0, 0.9767671233926684, 0.0, 0.0, 0.0, 0.0, 0.0, 0.0, 0.0, 0.0, 0.0, 0.0, 0.0, 0.0, 0.0, 0.0, 0.0, 0.0, 0.0, 0.0, 0.0, 0.0, 0.0, 0.0, 0.0, 0.0, 0.0, 0.0, 0.0], [0.0, 0.0, 0.0, 0.0, 0.0, 0.0, 0.976729611418349, 0.0, 0.0, 0.0, 0.0, 0.0, 0.0, 0.0, 0.0, 0.0, 0.0, 0.0, 0.0, 0.0, 0.0, 0.0, 0.0, 0.0, 0.0, 0.0, 0.0, 0.0, 0.0, 0.0, 0.0, 0.0, 0.0], [0.0, 0.0, 0.0, 0.0, 0.0, 0.0, 0.9770599189040339, 0.0, 0.0, 0.0, 0.0, 0.0, 0.0, 0.0, 0.0, 0.0, 0.0, 0.0, 0.0, 0.0, 0.0, 0.0, 0.0, 0.0, 0.0, 0.0, 0.0, 0.0, 0.0, 0.0, 0.0, 0.0, 0.0], [0.0, 0.0, 0.0, 0.0, 0.0, 0.0, 0.0, 0.9769088938203698, 0.0, 0.0, 0.0, 0.0, 0.0, 0.0, 0.0, 0.0, 0.0, 0.0, 0.0, 0.0, 0.0, 0.0, 0.0, 0.0, 0.0, 0.0, 0.0, 0.0, 0.0, 0.0, 0.0, 0.0, 0.0], [0.0, 0.0, 0.0, 0.0, 0.0, 0.0, 0.0, 0.9751592226206152, 0.0, 0.0, 0.0, 0.0, 0.0, 0.0, 0.0, 0.0, 0.0, 0.0, 0.0, 0.0, 0.0, 0.0, 0.0, 0.0, 0.0, 0.0, 0.0, 0.0, 0.0, 0.0, 0.0, 0.0, 0.0], [0.0, 0.0, 0.0, 0.0, 0.0, 0.0, 0.0, 0.0, 0.9752707776728127, 0.0, 0.0, 0.0, 0.0, 0.0, 0.0, 0.0, 0.0, 0.0, 0.0, 0.0, 0.0, 0.0, 0.0, 0.0, 0.0, 0.0, 0.0, 0.0, 0.0, 0.0, 0.0, 0.0, 0.0], [0.0, 0.0, 0.0, 0.0, 0.0, 0.0, 0.0, 0.0, 0.9750897233958079, 0.0, 0.0, 0.0, 0.0, 0.0, 0.0, 0.0, 0.0, 0.0, 0.0, 0.0, 0.0, 0.0, 0.0, 0.0, 0.0, 0.0, 0.0, 0.0, 0.0, 0.0, 0.0, 0.0, 0.0], [0.0, 0.0, 0.0, 0.0, 0.0, 0.0, 0.0, 0.0, 0.0, 0.973494315277826, 0.0, 0.0, 0.0, 0.0, 0.0, 0.0, 0.0, 0.0, 0.0, 0.0, 0.0, 0.0, 0.0, 0.0, 0.0, 0.0, 0.0, 0.0, 0.0, 0.0, 0.0, 0.0, 0.0], [0.0, 0.0, 0.0, 0.0, 0.0, 0.0, 0.0, 0.0, 0.0, 0.9734728421765682, 0.0, 0.0, 0.0, 0.0, 0.0, 0.0, 0.0, 0.0, 0.0, 0.0, 0.0, 0.0, 0.0, 0.0, 0.0, 0.0, 0.0, 0.0, 0.0, 0.0, 0.0, 0.0, 0.0], [0.0, 0.0, 0.0, 0.0, 0.0, 0.0, 0.0, 0.0, 0.0, 0.0, 0.9067014192466689, 0.0, 0.0, 0.0, 0.0, 0.0, 0.0, 0.0, 0.0, 0.0, 0.0, 0.0, 0.0, 0.0, 0.0, 0.0, 0.0, 0.0, 0.0, 0.0, 0.0, 0.0, 0.0]], "Born radii": [], "Atomic SASAs": [], "Solvent H bonds": [], "Total SASA": NaN, "Total FOD": 0.0, "FOD": [0.0, 0.0, 0.0, 0.0, 0.0, 0.0, 0.0, 0.0, 0.0, 0.0, 0.0, 0.0, 0.0, 0.0, 0.0, 0.0, 0.0, 0.0, 0.0, 0.0, 0.0, 0.0, 0.0, 0.0, 0.0, 0.0, 0.0, 0.0, 0.0, 0.0, 0.0, 0.0, 0.0], "FOD s proportion": [0.0, 0.0, 0.0, 0.0, 0.0, 0.0, 0.0, 0.0, 0.0, 0.0, 0.0, 0.0, 0.0, 0.0, 0.0, 0.0, 0.0, 0.0, 0.0, 0.0, 0.0, 0.0, 0.0, 0.0, 0.0, 0.0, 0.0, 0.0, 0.0, 0.0, 0.0, 0.0, 0.0], "FOD p proportion": [0.0, 0.0, 0.0, 0.0, 0.0, 0.0, 0.0, 0.0, 0.0, 0.0, 0.0, 0.0, 0.0, 0.0, 0.0, 0.0, 0.0, 0.0, 0.0, 0.0, 0.0, 0.0, 0.0, 0.0, 0.0, 0.0, 0.0, 0.0, 0.0, 0.0, 0.0, 0.0, 0.0], "FOD d proportion": [0.0, 0.0, 0.0, 0.0, 0.0, 0.0, 0.0, 0.0, 0.0, 0.0, 0.0, 0.0, 0.0, 0.0, 0.0, 0.0, 0.0, 0.0, 0.0, 0.0, 0.0, 0.0, 0.0, 0.0, 0.0, 0.0, 0.0, 0.0, 0.0, 0.0, 0.0, 0.0, 0.0], "coordinates": [["-5.35040", "-1.26710", "0.09430"], ["-4.40110", "-0.11510", "0.38300"], ["-2.97410", "-0.44180", "-0.05640"], ["-2.02240", "0.71950", "0.23580"], ["-0.59350", "0.39270", "-0.20450"], ["0.35690", "1.55470", "0.09280"], ["1.77810", "1.32840", "-0.43080"], ["2.50910", "0.18060", "0.26900"], ["3.95650", "0.07390", "-0.20880"], ["4.69250", "-1.06760", "0.47840"], ["6.02700", "-1.11220", "-0.00750"], ["-5.38030", "-1.49190", "-0.97660"], ["-5.04230", "-2.17230", "0.62730"], ["-6.36490", "-1.01200", "0.41630"], ["-4.41910", "0.10520", "1.45670"], ["-4.75530", "0.78180", "-0.13830"], ["-2.96230", "-0.66530", "-1.13010"], ["-2.62630", "-1.34210", "0.46480"], ["-2.03350", "0.94260", "1.30970"], ["-2.37100", "1.61940", "-0.28530"], ["-0.25700", "-0.51080", "0.31600"], ["-0.58180", "0.17350", "-1.27900"], ["0.38830", "1.74070", "1.17320"], ["-0.03670", "2.46680", "-0.37300"], ["2.34640", "2.25560", "-0.28570"], ["1.74680", "1.14380", "-1.51150"], ["2.49180", "0.34040", "1.35380"], ["1.99680", "-0.76750", "0.07120"], ["3.98750", "-0.07570", "-1.29540"], ["4.48950", "1.01430", "-0.02050"], ["4.72130", "-0.91730", "1.56230"], ["4.21180", "-2.02750", "0.26420"], ["6.47150", "-1.84790", "0.44720"]], "bond_dist": [[0.0, 1.5204019797408843, 2.5200460848960677, 3.8784256870539617, 5.047010510193138, 6.366775540255837, 7.6044633282040355, 7.99362843957611, 9.40789765144158, 10.05222231499085, 11.378909790045793, 1.0946487381804264, 1.0947153282931594, 1.094518277599785, 2.1463132902724147, 2.1462148028564147, 2.750334563284983, 2.750202912513911, 4.166748955720754, 4.165669546423479, 5.154014371342012, 5.16728431673737, 6.56837603521601, 6.511204665037031, 8.473166204554234, 7.665590668043786, 8.103733543250296, 7.364202713804121, 9.515622757339637, 10.101564087308459, 10.18413103460477, 9.59389092131029, 11.84141827062958], [1.5204019797408843, 0.0, 1.5284417718709467, 2.5251611215920455, 3.8859792652560556, 5.050842709885153, 6.397536661090736, 6.917463301673526, 8.380657850073584, 9.143845928820102, 10.482937005915852, 2.1686223829887954, 2.1686151733306676, 2.1591778389007237, 1.0962152069735214, 1.0961938423472375, 2.1592445646568152, 2.1591978325294785, 2.753730549636256, 2.7525299544237476, 4.163487996860325, 4.175234897583608, 5.196803059574222, 5.126961182806048, 7.183044927466345, 6.555198995453914, 6.9758156010605665, 6.4386310198675, 8.554951132531384, 8.971127296499587, 9.233225605929922, 8.823459276836948, 11.010002190735475], [2.5200460848960677, 1.5284417718709467, 0.0, 1.529618063439367, 2.5269705617596734, 3.886365125666913, 5.08499638544611, 5.527996848769001, 6.9514306879950984, 7.710667431552213, 9.026163558234474, 2.781955515460303, 2.7820005715312135, 3.470748906216063, 2.162569215077289, 2.1625397129301467, 1.096778546471438, 1.0968839364308332, 2.160444613962598, 2.1597847716844383, 2.743369309808652, 2.756164751969664, 4.192965080942125, 4.1459025893042885, 5.969611838302387, 5.188288752565724, 5.69882125443499, 4.983192657323214, 7.080467835531773, 7.604396161431885, 7.878164196054815, 7.3657577790747375, 9.562954016934306], [3.8784256870539617, 2.5251611215920455, 1.529618063439367, 0.0, 1.5304958477565367, 2.525683378810575, 3.9062661225267283, 4.563552092394696, 6.030067473088506, 6.95287445449722, 8.25876262765797, 4.199487603267809, 4.1994732407767525, 4.678459014461919, 2.7590092768963284, 2.7590894349404476, 2.1602698581427275, 2.1604006040547206, 1.0968856047920403, 1.0967621346490768, 2.1533014860906032, 2.160570156231915, 2.7808348908196616, 2.7141663950465533, 4.660255239791057, 4.1761173858022715, 4.666009263814208, 4.288616420245578, 6.252664591196301, 6.523606237350626, 7.065140209507523, 6.812640104981328, 8.8759545926058], [5.047010510193138, 3.8859792652560556, 2.5269705617596734, 1.5304958477565367, 0.0, 1.5303239689686625, 2.5595376027712504, 3.145682027796198, 4.56115686312146, 5.526357254105094, 6.792242137909985, 5.202048616650944, 5.202205078618105, 5.97223849908893, 4.180604866523503, 4.180473715980045, 2.754507723713985, 2.7549536057799595, 2.1607386815623957, 2.1612097954617915, 1.095657222857587, 1.0966931111300007, 2.163121016032159, 2.154137716117519, 3.481379304241352, 2.783775188480564, 3.456893152818004, 2.851618596516722, 4.732337939116351, 5.124171304708693, 5.751937176291132, 5.400736599761184, 7.440378098591496], [6.366775540255837, 5.050842709885153, 3.886365125666913, 2.525683378810575, 1.5303239689686625, 0.0, 1.5313974304536364, 2.5595238014130675, 3.903953298901, 5.081591483974287, 6.266773468859394, 6.583376926775498, 6.582368866145379, 7.202443778329686, 5.174113398448085, 5.175458478241324, 4.1762391035475925, 4.174843288076811, 2.751276827220409, 2.7547384830506143, 2.166329083957468, 2.1611817068446606, 1.0967434157541134, 1.0971859505115804, 2.143043002368361, 2.162045168353335, 2.7608773062198906, 2.8429476621985144, 4.215039710370473, 4.169322703989223, 5.22668170161528, 5.265148507877058, 7.006541178070675], [7.6044633282040355, 6.397536661090736, 5.08499638544611, 3.9062661225267283, 2.5595376027712504, 1.5313974304536364, 0.0, 1.530204522277986, 2.5235849123815903, 3.880874643685363, 4.9182174067440325, 7.713279476979945, 7.739013649038229, 8.514898682309731, 6.592735572582902, 6.562746633079781, 5.18991833654442, 5.228040643491594, 4.207906421250359, 4.16183638073387, 2.8428856624915464, 2.76086313677444, 2.162024821781656, 2.143080595777956, 1.0971411668513764, 1.0967995897154594, 2.161089736683787, 2.166248023657494, 2.7568965033167276, 2.7601983370765217, 4.204526410905276, 4.203330286808306, 5.7347858939981355], [7.99362843957611, 6.917463301673526, 5.527996848769001, 4.563552092394696, 3.145682027796198, 2.5595238014130675, 1.530204522277986, 0.0, 1.5279543481400222, 2.523705046157336, 3.758111826436249, 8.16035587275457, 7.91758544380798, 8.954991236734964, 7.029670809504525, 7.300605597482993, 5.710450558406053, 5.359970717270759, 4.7221727255575905, 5.117887253545159, 2.8515876577794343, 3.456879694175081, 2.783753273909166, 3.4813750271983053, 2.154016801234382, 2.163107898372155, 1.096643228219643, 1.0956595000272666, 2.16764932818941, 2.168144390948167, 2.7878016679814226, 2.7883536253495538, 4.455017536441355], [9.40789765144158, 8.380657850073584, 6.9514306879950984, 6.030067473088506, 4.56115686312146, 3.903953298901, 2.5235849123815903, 1.5279543481400222, 0.0, 1.5221570516868488, 2.394645098965607, 9.498267248293239, 9.312511964556071, 10.397173980462192, 8.539645502010023, 8.740798127173514, 7.018903316758252, 6.766982252082535, 6.240238932925566, 6.513960296931507, 4.286125450800524, 4.663841237649498, 4.173751008385623, 4.65817327822828, 2.7125911063040813, 2.7792962040775717, 2.1582602021072437, 2.1509946652653515, 1.097287892943324, 1.0972228807311666, 2.1689148646270096, 2.169052569671837, 3.2324721561059118], [10.05222231499085, 9.143845928820102, 7.710667431552213, 6.95287445449722, 5.526357254105094, 5.081591483974287, 3.880874643685363, 2.523705046157336, 1.5221570516868488, 0.0, 1.4209075339373778, 10.18618453249302, 9.798411317147284, 11.057714163876726, 9.238711235340132, 9.646840109071986, 7.83231004110537, 7.3239585368842715, 7.069019714925118, 7.595804035123601, 4.983367360530427, 5.696228968361437, 5.18608075236011, 5.965081555184304, 4.139044848754359, 4.186542781341187, 2.7553347618755875, 2.7427486833466896, 2.151106006220986, 2.1504459584002573, 1.0946500536701216, 1.0946972823570904, 1.9428542225293177], [11.378909790045793, 10.482937005915852, 9.026163558234474, 8.25876262765797, 6.792242137909985, 6.266773468859394, 4.9182174067440325, 3.758111826436249, 2.394645098965607, 1.4209075339373778, 0.0, 11.454685512487892, 11.13805124516852, 12.399549672871188, 10.618236652570898, 10.948165961931705, 9.070141391400687, 8.66922846567098, 8.421928468587229, 8.835452189899508, 6.320995982438211, 6.851713229550694, 6.428687936896611, 7.050623301524483, 4.9966277067638325, 5.066721231723728, 4.057194041452788, 4.0456796487116975, 2.6253721469536466, 2.624133666565025, 2.051124213693554, 2.0509865967382623, 0.9724128907002414], [1.0946487381804264, 2.1686223829887954, 2.781955515460303, 4.199487603267809, 5.202048616650944, 6.583376926775498, 7.713279476979945, 8.16035587275457, 9.498267248293239, 10.18618453249302, 11.454685512487892, 0.0, 1.7747347322909979, 1.7719795653449277, 3.0652214830253293, 2.502615347990977, 2.5599909784997292, 3.112007390736725, 4.728110423837413, 4.383374256209479, 5.374158060570977, 5.088281160667126, 6.953278993395849, 6.677551917432017, 8.615276661257026, 7.6176496972491465, 8.411780183766098, 7.486270407218805, 9.479606147936737, 10.227810992094057, 10.43161065847456, 9.686838205007867, 11.942324132261692], [1.0947153282931594, 2.1686151733306676, 2.7820005715312135, 4.1994732407767525, 5.202205078618105, 6.582368866145379, 7.739013649038229, 7.91758544380798, 9.312511964556071, 9.798411317147284, 11.13805124516852, 1.7747347322909979, 0.0, 1.7720293028051197, 2.5026563587516364, 3.065162176786083, 3.1122184627689617, 2.559823097403412, 4.384193108201326, 4.727120829849815, 5.075094681875403, 5.388210981392618, 6.715727225699388, 6.897672089915553, 8.662144947990653, 7.852570500161077, 7.975219517354993, 7.199419355753629, 9.467301352022128, 10.07121023710656, 9.88823214533316, 9.262352587760844, 11.519776986122604], [1.094518277599785, 2.1591778389007237, 3.470748906216063, 4.678459014461919, 5.97223849908893, 7.202443778329686, 8.514898682309731, 8.954991236734964, 10.397173980462192, 11.057714163876726, 12.399549672871188, 1.7719795653449277, 1.7720293028051197, 0.0, 2.473197452691555, 2.473077386577298, 3.7535637213187147, 3.7534581681430783, 4.835250839408437, 4.8340196244947125, 6.129249867642859, 6.141962060286598, 7.331845957192499, 7.2643760344574675, 9.330421290059736, 8.611826947285923, 9.008275467590897, 8.372389213957984, 10.534645714973047, 11.050551356832832, 11.145676943550804, 10.626427318247652, 12.863625017078194], [2.1463132902724147, 1.0962152069735214, 2.162569215077289, 2.7590092768963284, 4.180604866523503, 5.174113398448085, 6.592735572582902, 7.029670809504525, 8.539645502010023, 9.238711235340132, 10.618236652570898, 3.0652214830253293, 2.5026563587516364, 2.473197452691555, 0.0, 1.7648917813849099, 3.067160043101762, 2.5085204284597724, 2.5325748004748054, 3.085786650110471, 4.359326656721197, 4.7131296046257845, 5.085894932064563, 5.303808670191639, 7.309731060032236, 6.921504461459229, 6.915666725631015, 6.621554828739244, 8.847468721617501, 9.075887648599446, 9.198019883105276, 8.970111501536644, 11.110304146151895], [2.1462148028564147, 1.0961938423472375, 2.1625397129301467, 2.7590894349404476, 4.180473715980045, 5.175458478241324, 6.562746633079781, 7.300605597482993, 8.740798127173514, 9.646840109071986, 10.948165961931705, 2.502615347990977, 3.065162176786083, 2.473077386577298, 1.7648917813849099, 0.0, 2.50850845125146, 3.0671357681067852, 3.0871922324338668, 2.531416451317325, 4.7023298629509185, 4.369133510205427, 5.394084020480215, 5.015924147153743, 7.254512808590251, 6.655375770758553, 7.412263809390488, 6.930734098924876, 8.860628561225212, 9.248473394566261, 9.776754509038263, 9.405480059518494, 11.54552599841168], [2.750334563284983, 2.1592445646568152, 1.096778546471438, 2.1602698581427275, 2.754507723713985, 4.1762391035475925, 5.18991833654442, 5.710450558406053, 7.018903316758252, 7.83231004110537, 9.070141391400687, 2.5599909784997292, 3.1122184627689617, 3.7535637213187147, 3.067160043101762, 2.50850845125146, 0.0, 1.7648400069128078, 3.0660456438220223, 2.5066265816830393, 3.071436724075559, 2.528346673223433, 4.724462641401665, 4.352285167587253, 6.117758074654473, 5.059044532320307, 6.076874073896875, 5.1035516397896865, 6.976723607109572, 7.71891129369939, 8.14556509519137, 7.434202858410578, 9.637582709891522], [2.750202912513911, 2.1591978325294785, 1.0968839364308332, 2.1604006040547206, 2.7549536057799595, 4.174843288076811, 5.228040643491594, 5.359970717270759, 6.766982252082535, 7.3239585368842715, 8.66922846567098, 3.112007390736725, 2.559823097403412, 3.7534581681430783, 2.5085204284597724, 3.0671357681067852, 1.7648400069128078, 0.0, 2.5070145472254444, 3.0656663794353096, 2.5153098457247767, 3.085103247867079, 4.369588030924654, 4.681416047522374, 6.183400426140943, 5.404578069562878, 5.460409770337754, 4.675268947344099, 6.960202830377861, 7.51150761764907, 7.44124902486135, 6.875290912390545, 9.111866342303314], [4.166748955720754, 2.753730549636256, 2.160444613962598, 1.0968856047920403, 2.1607386815623957, 2.751276827220409, 4.207906421250359, 4.7221727255575905, 6.240238932925566, 7.069019714925118, 8.421928468587229, 4.728110423837413, 4.384193108201326, 4.835250839408437, 2.5325748004748054, 3.0871922324338668, 3.0660456438220223, 2.5070145472254444, 0.0, 1.7652165561199569, 2.5011524343790006, 3.0659933773574926, 2.5535683072907998, 3.0235534012151994, 4.842808500240331, 4.72126243392591, 4.565405758527931, 4.549905751771129, 6.638969942694423, 6.65763486006855, 7.01073161731356, 6.994164449739512, 8.992542549246012], [4.165669546423479, 2.7525299544237476, 2.1597847716844383, 1.0967621346490768, 2.1612097954617915, 2.7547384830506143, 4.16183638073387, 5.117887253545159, 6.513960296931507, 7.595804035123601, 8.835452189899508, 4.383374256209479, 4.727120829849815, 4.8340196244947125, 3.085786650110471, 2.531416451317325, 2.5066265816830393, 3.0656663794353096, 1.7652165561199569, 0.0, 3.060769466980484, 2.5058537746644354, 3.123407182869374, 2.4849013139358274, 4.760106444187986, 4.3227350878812825, 5.288602239722704, 4.990196459058501, 6.657641344350114, 6.892222087251687, 7.755591011650885, 7.545534156042235, 9.526202380277253], [5.154014371342012, 4.163487996860325, 2.743369309808652, 2.1533014860906032, 1.095657222857587, 2.166329083957468, 2.8428856624915464, 2.8515876577794343, 4.286125450800524, 4.983367360530427, 6.320995982438211, 5.374158060570977, 5.075094681875403, 6.129249867642859, 4.359326656721197, 4.7023298629509185, 3.071436724075559, 2.5153098457247767, 2.5011524343790006, 3.060769466980484, 0.0, 1.7657254967859528, 2.4940842367490315, 3.0642054190279087, 3.846128366292524, 3.176896575275941, 3.0589984831640566, 2.2815425417905315, 4.560888314791319, 4.996841453358311, 5.148007073615964, 4.7194528888420955, 6.861323640523014], [5.16728431673737, 4.175234897583608, 2.756164751969664, 2.160570156231915, 1.0966931111300007, 2.1611817068446606, 2.76086313677444, 3.456879694175081, 4.663841237649498, 5.696228968361437, 6.851713229550694, 5.088281160667126, 5.388210981392618, 6.141962060286598, 4.7131296046257845, 4.369133510205427, 2.528346673223433, 3.085103247867079, 3.0659933773574926, 2.5058537746644354, 1.7657254967859528, 0.0, 3.0676529611414654, 2.5253108521526615, 3.727752746628992, 2.5333606730980884, 4.050494835202237, 3.05903563235213, 4.576119763511441, 5.292338857253946, 6.114384673865393, 5.495859186696835, 7.537563617641976], [6.56837603521601, 5.196803059574222, 4.192965080942125, 2.7808348908196616, 2.163121016032159, 1.0967434157541134, 2.162024821781656, 2.783753273909166, 4.173751008385623, 5.18608075236011, 6.428687936896611, 6.953278993395849, 6.715727225699388, 7.331845957192499, 5.085894932064563, 5.394084020480215, 4.724462641401665, 4.369588030924654, 2.5535683072907998, 3.123407182869374, 2.4940842367490315, 3.0676529611414654, 0.0, 1.7602785717039222, 2.49552936869114, 3.067478761132667, 2.5334104878601886, 3.1769078504105215, 4.7273180091887195, 4.3327148636853545, 5.098161610816197, 5.444700587727483, 7.100031563310123], [6.511204665037031, 5.126961182806048, 4.1459025893042885, 2.7141663950465533, 2.154137716117519, 1.0971859505115804, 2.143080595777956, 3.4813750271983053, 4.65817327822828, 5.965081555184304, 7.050623301524483, 6.677551917432017, 6.897672089915553, 7.2643760344574675, 5.303808670191639, 5.015924147153743, 4.352285167587253, 4.681416047522374, 3.0235534012151994, 2.4849013139358274, 3.0642054190279087, 2.5253108521526615, 1.7602785717039222, 0.0, 2.3940326522418194, 2.4954726005308094, 3.7278314674888406, 3.8461841323576804, 4.848640391903693, 4.766602452481221, 6.151104201686067, 6.217275012415006, 7.851498670317661], [8.473166204554234, 7.183044927466345, 5.969611838302387, 4.660255239791057, 3.481379304241352, 2.143043002368361, 1.0971411668513764, 2.154016801234382, 2.7125911063040813, 4.139044848754359, 4.9966277067638325, 8.615276661257026, 8.662144947990653, 9.330421290059736, 7.309731060032236, 7.254512808590251, 6.117758074654473, 6.183400426140943, 4.842808500240331, 4.760106444187986, 3.846128366292524, 3.727752746628992, 2.49552936869114, 2.3940326522418194, 0.0, 1.7601718779710123, 2.5252905674397153, 3.06410368297158, 3.0245103719445234, 2.490789902821994, 4.372933617149934, 4.703940133547619, 5.864495261316186], [7.665590668043786, 6.555198995453914, 5.188288752565724, 4.1761173858022715, 2.783775188480564, 2.162045168353335, 1.0967995897154594, 2.163107898372155, 2.7792962040775717, 4.186542781341187, 5.066721231723728, 7.6176496972491465, 7.852570500161077, 8.611826947285923, 6.921504461459229, 6.655375770758553, 5.059044532320307, 5.404578069562878, 4.72126243392591, 4.3227350878812825, 3.176896575275941, 2.5333606730980884, 3.067478761132667, 2.4954726005308094, 1.7601718779710123, 0.0, 3.0676408932598354, 2.494094420826926, 2.5601984200448213, 3.124460679861406, 4.74805538089016, 4.391637414450332, 5.925332452276413], [8.103733543250296, 6.9758156010605665, 5.69882125443499, 4.666009263814208, 3.456893152818004, 2.7608773062198906, 2.161089736683787, 1.096643228219643, 2.1582602021072437, 2.7553347618755875, 4.057194041452788, 8.411780183766098, 7.975219517354993, 9.008275467590897, 6.915666725631015, 7.412263809390488, 6.076874073896875, 5.460409770337754, 4.565405758527931, 5.288602239722704, 3.0589984831640566, 4.050494835202237, 2.5334104878601886, 3.7278314674888406, 2.5252905674397153, 3.0676408932598354, 0.0, 1.7656529019034288, 3.0705892496392284, 2.516673794912642, 2.5682585130784634, 3.1229118735564727, 4.631262521170657], [7.364202713804121, 6.4386310198675, 4.983192657323214, 4.288616420245578, 2.851618596516722, 2.8429476621985144, 2.166248023657494, 1.0956595000272666, 2.1509946652653515, 2.7427486833466896, 4.0456796487116975, 7.486270407218805, 7.199419355753629, 8.372389213957984, 6.621554828739244, 6.930734098924876, 5.1035516397896865, 4.675268947344099, 4.549905751771129, 4.990196459058501, 2.2815425417905315, 3.05903563235213, 3.1769078504105215, 3.8461841323576804, 3.06410368297158, 2.494094420826926, 1.7656529019034288, 0.0, 2.511786075683994, 3.0654157010102234, 3.1094564637569704, 2.555596603535073, 4.618612372780379], [9.515622757339637, 8.554951132531384, 7.080467835531773, 6.252664591196301, 4.732337939116351, 4.215039710370473, 2.7568965033167276, 2.16764932818941, 1.097287892943324, 2.151106006220986, 2.6253721469536466, 9.479606147936737, 9.467301352022128, 10.534645714973047, 8.847468721617501, 8.860628561225212, 6.976723607109572, 6.960202830377861, 6.638969942694423, 6.657641344350114, 4.560888314791319, 4.576119763511441, 4.7273180091887195, 4.848640391903693, 3.0245103719445234, 2.5601984200448213, 3.0705892496392284, 2.511786075683994, 0.0, 1.750849510951755, 3.068094243989256, 2.508422988652432, 3.5139157075832084], [10.101564087308459, 8.971127296499587, 7.604396161431885, 6.523606237350626, 5.124171304708693, 4.169322703989223, 2.7601983370765217, 2.168144390948167, 1.0972228807311666, 2.1504459584002573, 2.624133666565025, 10.227810992094057, 10.07121023710656, 11.050551356832832, 9.075887648599446, 9.248473394566261, 7.71891129369939, 7.51150761764907, 6.65763486006855, 6.892222087251687, 4.996841453358311, 5.292338857253946, 4.3327148636853545, 4.766602452481221, 2.490789902821994, 3.124460679861406, 2.516673794912642, 3.0654157010102234, 1.750849510951755, 0.0, 2.5080003269537268, 3.0676894595118327, 3.5127277335426954], [10.18413103460477, 9.233225605929922, 7.878164196054815, 7.065140209507523, 5.751937176291132, 5.22668170161528, 4.204526410905276, 2.7878016679814226, 2.1689148646270096, 1.0946500536701216, 2.051124213693554, 10.43161065847456, 9.88823214533316, 11.145676943550804, 9.198019883105276, 9.776754509038263, 8.14556509519137, 7.44124902486135, 7.01073161731356, 7.755591011650885, 5.148007073615964, 6.114384673865393, 5.098161610816197, 6.151104201686067, 4.372933617149934, 4.74805538089016, 2.5682585130784634, 3.1094564637569704, 3.068094243989256, 2.5080003269537268, 0.0, 1.782469607034016, 2.2743492278012183], [9.59389092131029, 8.823459276836948, 7.3657577790747375, 6.812640104981328, 5.400736599761184, 5.265148507877058, 4.203330286808306, 2.7883536253495538, 2.169052569671837, 1.0946972823570904, 2.0509865967382623, 9.686838205007867, 9.262352587760844, 10.626427318247652, 8.970111501536644, 9.405480059518494, 7.434202858410578, 6.875290912390545, 6.994164449739512, 7.545534156042235, 4.7194528888420955, 5.495859186696835, 5.444700587727483, 6.217275012415006, 4.703940133547619, 4.391637414450332, 3.1229118735564727, 2.555596603535073, 2.508422988652432, 3.0676894595118327, 1.782469607034016, 0.0, 2.274200793685553], [11.84141827062958, 11.010002190735475, 9.562954016934306, 8.8759545926058, 7.440378098591496, 7.006541178070675, 5.7347858939981355, 4.455017536441355, 3.2324721561059118, 1.9428542225293177, 0.9724128907002414, 11.942324132261692, 11.519776986122604, 12.863625017078194, 11.110304146151895, 11.54552599841168, 9.637582709891522, 9.111866342303314, 8.992542549246012, 9.526202380277253, 6.861323640523014, 7.537563617641976, 7.100031563310123, 7.851498670317661, 5.864495261316186, 5.925332452276413, 4.631262521170657, 4.618612372780379, 3.5139157075832084, 3.5127277335426954, 2.2743492278012183, 2.274200793685553, 0.0]]}