{"total energy": -49.85591193, "HOMO-LUMO gap/eV": 3.62511036, "electronic energy": -50.46512225, "dipole": [0.94643087, -0.60366362, 0.66342317], "partial charges": [-0.1119458, 0.01534242, -0.19852752, 0.25673547, -0.35579327, 0.26337284, -0.19878504, 0.09704374, -0.11723201, -0.11661989, -0.11136442, -0.36873971, 0.32921191, -0.2588721, 0.03539132, -0.33299008, 0.05110869, 0.04610446, 0.03901755, 0.02916626, 0.07090216, 0.18096126, 0.18236861, 0.03644559, 0.04762674, 0.04705264, 0.0486068, 0.04252658, 0.05963015, 0.04228883, 0.03312031, 0.04315096, 0.05517773, 0.06278185, 0.05573497], "atomic dipole moments": [[0.06697082, 0.10580691, 0.02791593], [0.13400991, -0.07160004, -0.08370283], [-0.01155139, 0.0383, 0.16932791], [-0.0293897, -0.00383003, -0.00151318], [-0.10053779, 0.27330474, 0.02991609], [0.0131264, 0.01619142, 0.00134511], [-0.04831462, -0.0651335, 0.11953057], [-0.05843788, 0.08810494, -0.01376849], [-0.1182157, -0.02103766, -0.00049034], [0.02967672, 0.09238581, 0.08773389], [0.03383881, 0.03599961, -0.0981851], [-0.17568176, -0.21880821, -0.0551475], [-0.03785175, 0.13420751, 0.01840875], [0.2305341, -0.01845342, -0.01779402], [-0.1658703, -0.20969783, -0.01529218], [0.28211855, -0.04535783, -0.0029272], [-0.02144714, -0.01653005, -0.12549359], [-0.11269852, 0.00351751, 0.05878803], [0.05965157, -0.10316317, 0.03954164], [0.01779195, 0.00835927, 0.12039034], [-0.07742815, 0.09955579, -0.03841506], [0.08655821, -0.0895646, 0.03530561], [0.02892191, 0.10919803, 0.06231871], [0.03274027, 0.09038274, 0.08207008], [0.04856528, 0.04018875, -0.11223537], [0.06924485, -0.10391756, 0.0339565], [0.02709921, 0.03594559, -0.12206954], [0.06795568, -0.10378043, 0.02010237], [-0.12114856, -0.048249, -0.00523834], [-0.12479707, -0.03476104, 0.00909676], [0.01415139, 0.09006331, 0.08944497], [0.06195559, -0.10139218, 0.04387733], [0.06215481, 0.00768379, -0.11235018], [-0.05458028, 0.1089459, 0.01404227], [0.07263618, -0.014777, 0.10347557]], "atomic quadrupole moments": [[-0.00949957, 0.171505, 0.14070103, 0.02923074, 0.05947835, -0.13120146], [0.21906161, 0.15823965, -0.03036651, -0.17714695, 0.07199114, -0.1886951], [0.07230922, 0.07338474, -0.03480864, -0.06729835, 0.02177198, -0.03750057], [-0.23877925, 0.11978129, -0.16948627, -0.02955191, -0.12115046, 0.40826552], [-0.05621421, 0.02689546, -0.10875148, -0.00962498, -0.04224592, 0.1649657], [-0.13456547, -0.03994236, -0.2772343, -0.0218983, -0.14357061, 0.41179977], [0.04494551, -0.06370516, 0.00018881, 0.00782635, -0.05154655, -0.04513431], [0.00597153, -0.06544794, 0.06153717, 0.01672786, -0.02845885, -0.06750871], [0.2166244, 0.06046233, -0.09570239, 0.01394263, 0.01064109, -0.12092201], [-0.09777808, 0.02908087, 0.0552737, 0.04524156, 0.16482645, 0.04250438], [-0.07442826, 0.02033971, -0.07994466, -0.088049, -0.08016657, 0.15437292], [-0.08240812, -0.04531383, -0.06921173, -0.02020842, -0.04987029, 0.15161986], [-0.41151105, -0.13356967, 0.04773882, -0.0529804, -0.07106264, 0.36377223], [0.02491825, 0.06204531, 0.06531818, 0.00219651, 0.01902581, -0.09023643], [0.09112382, 0.36603864, 0.20544983, 0.01929504, 0.03577884, -0.29657365], [-0.13156283, 0.01293973, -0.04789578, -0.00107275, -0.04528805, 0.17945861], [-0.04799667, 0.00626749, -0.02946559, 0.01488723, -0.00026385, 0.07746226], [0.05334397, -0.00478173, -0.0340832, -0.05613271, 0.01163875, -0.01926078], [-0.00223767, -0.047601, 0.03182125, 0.0353358, -0.02843412, -0.02958358], [0.00464375, 0.01407292, -0.03913523, 0.01189048, 0.00167559, 0.03449148], [-0.00587524, -0.01461453, 0.02338752, 0.01212171, -0.02866394, -0.01751227], [-0.01042861, -0.00992892, 0.07249644, -0.01729023, -0.00441853, -0.06206783], [0.0428694, 0.02563613, 0.0203306, 0.03670702, 0.0163459, -0.06319999], [-0.03170689, 0.00972395, 0.01702767, 0.0040132, 0.06727135, 0.01467922], [-0.02777107, 0.01182938, -0.03919912, -0.02204222, -0.03184504, 0.06697019], [-0.01504343, -0.0367701, 0.05642496, 0.01364851, -0.031023, -0.04138152], [-0.03966677, 0.02020649, -0.01272986, -0.02599846, -0.0426207, 0.05239663], [0.00637429, -0.05773617, 0.02801677, 0.03490953, -0.02109045, -0.03439107], [0.07509579, 0.02239227, -0.04062043, -0.01307005, 0.0049929, -0.03447536], [0.07398784, 0.02474598, -0.04357454, 0.01651027, 0.00291932, -0.03041329], [-0.04242514, 0.02506505, 0.04039585, 0.00730476, 0.05522113, 0.0020293], [0.0008102, -0.06226301, 0.03366451, 0.0069463, -0.02584417, -0.03447471], [-0.00947231, 0.01754058, -0.02341738, -0.04349646, 0.01807781, 0.03288969], [0.00564673, -0.04988193, 0.05069964, -0.00804786, 0.01411355, -0.05634636], [0.00189429, 0.00367092, -0.0163136, 0.04988552, -0.02593799, 0.01441931]], "number of molecular orbitals": 83, "number of electrons": 90, "number of unpaired electrons": 0, "orbital energies/eV": [-19.36955671, -18.56224298, -18.00474093, -17.92592548, -17.69323281, -17.49104278, -17.25651995, -16.98899692, -16.91183224, -16.35967215, -16.31401121, -16.2128543, -16.01271535, -15.79211616, -15.59443716, -15.31075499, -15.244851, -14.89356177, -14.55094105, -14.5039045, -14.39865314, -14.12097327, -13.94583916, -13.87358879, -13.78243773, -13.50663969, -13.36172675, -13.13610842, -12.94618051, -12.75569051, -12.71184038, -12.59651029, -12.56767546, -12.45245943, -12.40756927, -12.36287625, -12.20282375, -12.08881251, -12.06907736, -11.81393844, -11.29932597, -10.52263263, -10.50914144, -10.1098268, -9.95613131, -6.33102095, -6.19486418, -2.96256523, 0.02642799, 0.66108593, 1.20558421, 1.5940763, 2.09178373, 2.51141416, 2.66730225, 3.01532807, 3.61518053, 3.78448288, 3.87651202, 4.0652315, 4.26996223, 4.45977203, 4.90117048, 4.9087277, 5.09653956, 5.27057367, 5.51940643, 5.60363239, 5.62076249, 5.86510868, 6.10331118, 6.23924763, 6.65461272, 6.69895684, 6.83307715, 7.07018173, 7.35229142, 7.59386721, 8.13025729, 12.02519586, 12.69878753, 12.86689841, 17.77345656], "fractional occupation": [2.0, 2.0, 2.0, 2.0, 2.0, 2.0, 2.0, 2.0, 2.0, 2.0, 2.0, 2.0, 2.0, 2.0, 2.0, 2.0, 2.0, 2.0, 2.0, 2.0, 2.0, 2.0, 2.0, 2.0, 2.0, 2.0, 2.0, 2.0, 2.0, 2.0, 2.0, 2.0, 2.0, 2.0, 2.0, 2.0, 2.0, 2.0, 2.0, 2.0, 2.0, 2.0, 2.0, 2.0, 2.0, 0.0, 0.0, 0.0, 0.0, 0.0, 0.0, 0.0, 0.0, 0.0, 0.0, 0.0, 0.0, 0.0, 0.0, 0.0, 0.0, 0.0, 0.0, 0.0, 0.0, 0.0, 0.0, 0.0, 0.0, 0.0, 0.0, 0.0, 0.0, 0.0, 0.0, 0.0, 0.0, 0.0, 0.0, 0.0, 0.0, 0.0, 0.0], "program call": "xtb /home/svss/Project-DBcg-Debug/aqme2_20220329/End-to-End-workflows-final/example-3/QDESCP/mol_1011_rdkit_conf_15/mol_1011_rdkit_conf_15.xyz --pop --wbo --acc 0.2 --gfn 2 --chrg 0 --uhf 0 --etemp 300 --input /home/svss/Project-DBcg-Debug/aqme2_20220329/End-to-End-workflows-final/example-3/QDESCP/mol_1011_rdkit_conf_15/mol_1011_rdkit_conf_15_xtb.inp", "method": "GFN2-xTB", "xtb version": "6.3.3 (7355c4f)", "Dipole module/D": 3.314, "Total charge": 0, "Transition dipole module/D": NaN, "HOMO": -9.9561, "LUMO": -6.331, "HOMO occupancy": 2.0, "LUMO occupancy": 0, "mulliken charges": [-0.09551, 0.10409, -0.35825, 0.43743, -0.44437, 0.44538, -0.36174, 0.1684, -0.10514, -0.09833, -0.107, -0.45411, 0.53216, -0.40908, 0.17476, -0.41499, 0.03659, 0.03233, 0.02806, 0.02269, 0.03838, 0.21521, 0.2185, 0.03012, 0.03694, 0.03309, 0.03753, 0.02637, 0.03773, 0.04038, 0.03205, 0.03114, 0.02917, 0.03293, 0.02709], "cm5 charges": [-0.23998, 0.05558, -0.69943, 0.65444, -0.62455, 0.6643, -0.69777, 0.19292, -0.24579, -0.23763, -0.24685, -0.63529, 0.71253, -0.48061, 0.05855, -0.58686, 0.09002, 0.08353, 0.08142, 0.08836, 0.10572, 0.41679, 0.42156, 0.08426, 0.09117, 0.08541, 0.09225, 0.07881, 0.09639, 0.09751, 0.08652, 0.08355, 0.0914, 0.09223, 0.08954], "FUKUI+": [0.013, 0.015, -0.058, -0.054, -0.101, -0.048, -0.054, 0.004, 0.014, 0.012, 0.012, -0.099, -0.062, -0.074, 0.028, -0.098, -0.019, -0.03, -0.018, -0.025, -0.023, -0.044, -0.041, -0.015, -0.017, -0.028, -0.014, -0.031, 0.003, 0.004, -0.013, -0.034, -0.028, -0.05, -0.029], "FUKUI-": [0.015, 0.015, -0.069, 0.003, -0.091, 0.0, -0.061, -0.002, 0.011, 0.01, 0.005, -0.087, -0.003, -0.057, 0.021, -0.112, -0.034, -0.035, -0.031, -0.058, -0.044, -0.038, -0.037, -0.023, -0.027, -0.031, -0.028, -0.039, -0.016, -0.011, -0.024, -0.037, -0.023, -0.039, -0.023], "FUKUIrad": [0.014, 0.015, -0.064, -0.025, -0.096, -0.024, -0.057, 0.001, 0.013, 0.011, 0.008, -0.093, -0.032, -0.066, 0.024, -0.105, -0.027, -0.032, -0.024, -0.041, -0.034, -0.041, -0.039, -0.019, -0.022, -0.03, -0.021, -0.035, -0.007, -0.004, -0.018, -0.035, -0.026, -0.044, -0.026], "s proportion": [1.012, 1.001, 1.455, 0.98, 1.528, 0.973, 1.448, 1.061, 1.023, 1.017, 1.02, 1.534, 0.959, 1.691, 0.97, 1.526, 0.963, 0.968, 0.972, 0.977, 0.962, 0.785, 0.782, 0.97, 0.963, 0.967, 0.962, 0.974, 0.962, 0.96, 0.968, 0.969, 0.971, 0.967, 0.973], "p proportion": [3.084, 2.895, 3.903, 2.583, 3.917, 2.582, 3.913, 2.771, 3.083, 3.082, 3.087, 3.92, 2.509, 4.718, 2.856, 3.889, 0.0, 0.0, 0.0, 0.0, 0.0, 0.0, 0.0, 0.0, 0.0, 0.0, 0.0, 0.0, 0.0, 0.0, 0.0, 0.0, 0.0, 0.0, 0.0], "d proportion": [0.0, 0.0, 0.0, 0.0, 0.0, 0.0, 0.0, 0.0, 0.0, 0.0, 0.0, 0.0, 0.0, 0.0, 0.0, 0.0, 0.0, 0.0, 0.0, 0.0, 0.0, 0.0, 0.0, 0.0, 0.0, 0.0, 0.0, 0.0, 0.0, 0.0, 0.0, 0.0, 0.0, 0.0, 0.0], "Fermi-level/eV": -8.1436, "Coordination numbers": [3.751, 3.748, 2.698, 2.948, 1.849, 2.928, 2.704, 3.832, 3.759, 3.754, 3.754, 1.847, 2.929, 1.703, 3.656, 1.837, 0.924, 0.924, 0.924, 0.924, 0.924, 0.86, 0.86, 0.924, 0.924, 0.924, 0.924, 0.924, 0.924, 0.924, 0.924, 0.924, 0.924, 0.924, 0.924], "Dispersion coefficient C6": [22.703, 20.381, 25.311, 22.695, 30.11, 22.575, 25.316, 18.96, 22.795, 22.79, 22.688, 30.467, 21.422, 18.29, 20.268, 29.49, 2.306, 2.369, 2.462, 2.598, 2.076, 1.209, 1.201, 2.497, 2.35, 2.357, 2.338, 2.416, 2.203, 2.419, 2.543, 2.407, 2.256, 2.167, 2.25], "Total dispersion C6": 11120.187357, "Total dispersion C8": 241802.512682, "Polarizability alpha": [6.795, 6.439, 7.472, 7.813, 8.133, 7.792, 7.473, 6.195, 6.807, 6.807, 6.792, 8.181, 7.59, 5.774, 6.463, 8.048, 2.375, 2.407, 2.454, 2.521, 2.253, 1.722, 1.716, 2.471, 2.397, 2.401, 2.391, 2.431, 2.321, 2.432, 2.494, 2.426, 2.349, 2.302, 2.346], "Total polarizability alpha": 158.782735, "Wiberg matrix": [[0.0, 1.0193210990965362, 0.0, 0.0, 0.0, 0.0, 0.0, 0.0, 0.0, 0.0, 0.0, 0.0, 0.0, 0.0, 0.0, 0.0, 0.9863434398761337, 0.985145977045133, 0.9863874966896699, 0.0, 0.0, 0.0, 0.0, 0.0, 0.0, 0.0, 0.0, 0.0, 0.0, 0.0, 0.0, 0.0, 0.0, 0.0, 0.0], [1.0193210990965362, 0.0, 0.9876164717421101, 0.0, 0.0, 0.0, 0.0, 0.0, 0.0, 0.0, 0.0, 0.0, 0.0, 0.0, 0.0, 0.0, 0.0, 0.0, 0.0, 0.9698959908629375, 0.9693446041526336, 0.0, 0.0, 0.0, 0.0, 0.0, 0.0, 0.0, 0.0, 0.0, 0.0, 0.0, 0.0, 0.0, 0.0], [0.0, 0.9876164717421101, 0.0, 1.1773065180337008, 0.0, 0.0, 0.0, 0.0, 0.0, 0.0, 0.0, 0.0, 0.0, 0.0, 0.0, 0.0, 0.0, 0.0, 0.0, 0.0, 0.0, 0.9334136865658752, 0.0, 0.0, 0.0, 0.0, 0.0, 0.0, 0.0, 0.0, 0.0, 0.0, 0.0, 0.0, 0.0], [0.0, 0.0, 1.1773065180337008, 0.0, 1.3309840020303687, 0.0, 0.0, 0.0, 0.0, 0.0, 0.0, 0.0, 0.0, 0.0, 0.0, 1.3281898840633204, 0.0, 0.0, 0.0, 0.0, 0.0, 0.0, 0.0, 0.0, 0.0, 0.0, 0.0, 0.0, 0.0, 0.0, 0.0, 0.0, 0.0, 0.0, 0.0], [0.0, 0.0, 0.0, 1.3309840020303687, 0.0, 1.3370255469626586, 0.0, 0.0, 0.0, 0.0, 0.0, 0.0, 0.0, 0.0, 0.0, 0.0, 0.0, 0.0, 0.0, 0.0, 0.0, 0.0, 0.0, 0.0, 0.0, 0.0, 0.0, 0.0, 0.0, 0.0, 0.0, 0.0, 0.0, 0.0, 0.0], [0.0, 0.0, 0.0, 0.0, 1.3370255469626586, 0.0, 1.200073882027282, 0.0, 0.0, 0.0, 0.0, 1.3006114632995893, 0.0, 0.0, 0.0, 0.0, 0.0, 0.0, 0.0, 0.0, 0.0, 0.0, 0.0, 0.0, 0.0, 0.0, 0.0, 0.0, 0.0, 0.0, 0.0, 0.0, 0.0, 0.0, 0.0], [0.0, 0.0, 0.0, 0.0, 0.0, 1.200073882027282, 0.0, 0.9644453969147267, 0.0, 0.0, 0.0, 0.0, 0.0, 0.0, 0.0, 0.0, 0.0, 0.0, 0.0, 0.0, 0.0, 0.0, 0.9321649994873862, 0.0, 0.0, 0.0, 0.0, 0.0, 0.0, 0.0, 0.0, 0.0, 0.0, 0.0, 0.0], [0.0, 0.0, 0.0, 0.0, 0.0, 0.0, 0.9644453969147267, 0.0, 0.993462510698961, 0.9946339628957144, 0.9891358999236803, 0.0, 0.0, 0.0, 0.0, 0.0, 0.0, 0.0, 0.0, 0.0, 0.0, 0.0, 0.0, 0.0, 0.0, 0.0, 0.0, 0.0, 0.0, 0.0, 0.0, 0.0, 0.0, 0.0, 0.0], [0.0, 0.0, 0.0, 0.0, 0.0, 0.0, 0.0, 0.993462510698961, 0.0, 0.0, 0.0, 0.0, 0.0, 0.0, 0.0, 0.0, 0.0, 0.0, 0.0, 0.0, 0.0, 0.0, 0.0, 0.9849039508910632, 0.9855519029753679, 0.9847528466587664, 0.0, 0.0, 0.0, 0.0, 0.0, 0.0, 0.0, 0.0, 0.0], [0.0, 0.0, 0.0, 0.0, 0.0, 0.0, 0.0, 0.9946339628957144, 0.0, 0.0, 0.0, 0.0, 0.0, 0.0, 0.0, 0.0, 0.0, 0.0, 0.0, 0.0, 0.0, 0.0, 0.0, 0.0, 0.0, 0.0, 0.9848792072924799, 0.984345349500088, 0.9809295661535348, 0.0, 0.0, 0.0, 0.0, 0.0, 0.0], [0.0, 0.0, 0.0, 0.0, 0.0, 0.0, 0.0, 0.9891358999236803, 0.0, 0.0, 0.0, 0.0, 0.0, 0.0, 0.0, 0.0, 0.0, 0.0, 0.0, 0.0, 0.0, 0.0, 0.0, 0.0, 0.0, 0.0, 0.0, 0.0, 0.0, 0.9838826162791288, 0.9858676309091556, 0.9841532577941858, 0.0, 0.0, 0.0], [0.0, 0.0, 0.0, 0.0, 0.0, 1.3006114632995893, 0.0, 0.0, 0.0, 0.0, 0.0, 0.0, 1.3580152728792472, 0.0, 0.0, 0.0, 0.0, 0.0, 0.0, 0.0, 0.0, 0.0, 0.0, 0.0, 0.0, 0.0, 0.0, 0.0, 0.0, 0.0, 0.0, 0.0, 0.0, 0.0, 0.0], [0.0, 0.0, 0.0, 0.0, 0.0, 0.0, 0.0, 0.0, 0.0, 0.0, 0.0, 1.3580152728792472, 0.0, 1.0872527486212205, 0.0, 1.3533281964911068, 0.0, 0.0, 0.0, 0.0, 0.0, 0.0, 0.0, 0.0, 0.0, 0.0, 0.0, 0.0, 0.0, 0.0, 0.0, 0.0, 0.0, 0.0, 0.0], [0.0, 0.0, 0.0, 0.0, 0.0, 0.0, 0.0, 0.0, 0.0, 0.0, 0.0, 0.0, 1.0872527486212205, 0.0, 0.9734626212306055, 0.0, 0.0, 0.0, 0.0, 0.0, 0.0, 0.0, 0.0, 0.0, 0.0, 0.0, 0.0, 0.0, 0.0, 0.0, 0.0, 0.0, 0.0, 0.0, 0.0], [0.0, 0.0, 0.0, 0.0, 0.0, 0.0, 0.0, 0.0, 0.0, 0.0, 0.0, 0.0, 0.0, 0.9734626212306055, 0.0, 0.0, 0.0, 0.0, 0.0, 0.0, 0.0, 0.0, 0.0, 0.0, 0.0, 0.0, 0.0, 0.0, 0.0, 0.0, 0.0, 0.0, 0.9781217217881637, 0.9804302741493572, 0.9776257288485162], [0.0, 0.0, 0.0, 1.3281898840633204, 0.0, 0.0, 0.0, 0.0, 0.0, 0.0, 0.0, 0.0, 1.3533281964911068, 0.0, 0.0, 0.0, 0.0, 0.0, 0.0, 0.0, 0.0, 0.0, 0.0, 0.0, 0.0, 0.0, 0.0, 0.0, 0.0, 0.0, 0.0, 0.0, 0.0, 0.0, 0.0], [0.9863434398761337, 0.0, 0.0, 0.0, 0.0, 0.0, 0.0, 0.0, 0.0, 0.0, 0.0, 0.0, 0.0, 0.0, 0.0, 0.0, 0.0, 0.0, 0.0, 0.0, 0.0, 0.0, 0.0, 0.0, 0.0, 0.0, 0.0, 0.0, 0.0, 0.0, 0.0, 0.0, 0.0, 0.0, 0.0], [0.985145977045133, 0.0, 0.0, 0.0, 0.0, 0.0, 0.0, 0.0, 0.0, 0.0, 0.0, 0.0, 0.0, 0.0, 0.0, 0.0, 0.0, 0.0, 0.0, 0.0, 0.0, 0.0, 0.0, 0.0, 0.0, 0.0, 0.0, 0.0, 0.0, 0.0, 0.0, 0.0, 0.0, 0.0, 0.0], [0.9863874966896699, 0.0, 0.0, 0.0, 0.0, 0.0, 0.0, 0.0, 0.0, 0.0, 0.0, 0.0, 0.0, 0.0, 0.0, 0.0, 0.0, 0.0, 0.0, 0.0, 0.0, 0.0, 0.0, 0.0, 0.0, 0.0, 0.0, 0.0, 0.0, 0.0, 0.0, 0.0, 0.0, 0.0, 0.0], [0.0, 0.9698959908629375, 0.0, 0.0, 0.0, 0.0, 0.0, 0.0, 0.0, 0.0, 0.0, 0.0, 0.0, 0.0, 0.0, 0.0, 0.0, 0.0, 0.0, 0.0, 0.0, 0.0, 0.0, 0.0, 0.0, 0.0, 0.0, 0.0, 0.0, 0.0, 0.0, 0.0, 0.0, 0.0, 0.0], [0.0, 0.9693446041526336, 0.0, 0.0, 0.0, 0.0, 0.0, 0.0, 0.0, 0.0, 0.0, 0.0, 0.0, 0.0, 0.0, 0.0, 0.0, 0.0, 0.0, 0.0, 0.0, 0.0, 0.0, 0.0, 0.0, 0.0, 0.0, 0.0, 0.0, 0.0, 0.0, 0.0, 0.0, 0.0, 0.0], [0.0, 0.0, 0.9334136865658752, 0.0, 0.0, 0.0, 0.0, 0.0, 0.0, 0.0, 0.0, 0.0, 0.0, 0.0, 0.0, 0.0, 0.0, 0.0, 0.0, 0.0, 0.0, 0.0, 0.0, 0.0, 0.0, 0.0, 0.0, 0.0, 0.0, 0.0, 0.0, 0.0, 0.0, 0.0, 0.0], [0.0, 0.0, 0.0, 0.0, 0.0, 0.0, 0.9321649994873862, 0.0, 0.0, 0.0, 0.0, 0.0, 0.0, 0.0, 0.0, 0.0, 0.0, 0.0, 0.0, 0.0, 0.0, 0.0, 0.0, 0.0, 0.0, 0.0, 0.0, 0.0, 0.0, 0.0, 0.0, 0.0, 0.0, 0.0, 0.0], [0.0, 0.0, 0.0, 0.0, 0.0, 0.0, 0.0, 0.0, 0.9849039508910632, 0.0, 0.0, 0.0, 0.0, 0.0, 0.0, 0.0, 0.0, 0.0, 0.0, 0.0, 0.0, 0.0, 0.0, 0.0, 0.0, 0.0, 0.0, 0.0, 0.0, 0.0, 0.0, 0.0, 0.0, 0.0, 0.0], [0.0, 0.0, 0.0, 0.0, 0.0, 0.0, 0.0, 0.0, 0.9855519029753679, 0.0, 0.0, 0.0, 0.0, 0.0, 0.0, 0.0, 0.0, 0.0, 0.0, 0.0, 0.0, 0.0, 0.0, 0.0, 0.0, 0.0, 0.0, 0.0, 0.0, 0.0, 0.0, 0.0, 0.0, 0.0, 0.0], [0.0, 0.0, 0.0, 0.0, 0.0, 0.0, 0.0, 0.0, 0.9847528466587664, 0.0, 0.0, 0.0, 0.0, 0.0, 0.0, 0.0, 0.0, 0.0, 0.0, 0.0, 0.0, 0.0, 0.0, 0.0, 0.0, 0.0, 0.0, 0.0, 0.0, 0.0, 0.0, 0.0, 0.0, 0.0, 0.0], [0.0, 0.0, 0.0, 0.0, 0.0, 0.0, 0.0, 0.0, 0.0, 0.9848792072924799, 0.0, 0.0, 0.0, 0.0, 0.0, 0.0, 0.0, 0.0, 0.0, 0.0, 0.0, 0.0, 0.0, 0.0, 0.0, 0.0, 0.0, 0.0, 0.0, 0.0, 0.0, 0.0, 0.0, 0.0, 0.0], [0.0, 0.0, 0.0, 0.0, 0.0, 0.0, 0.0, 0.0, 0.0, 0.984345349500088, 0.0, 0.0, 0.0, 0.0, 0.0, 0.0, 0.0, 0.0, 0.0, 0.0, 0.0, 0.0, 0.0, 0.0, 0.0, 0.0, 0.0, 0.0, 0.0, 0.0, 0.0, 0.0, 0.0, 0.0, 0.0], [0.0, 0.0, 0.0, 0.0, 0.0, 0.0, 0.0, 0.0, 0.0, 0.9809295661535348, 0.0, 0.0, 0.0, 0.0, 0.0, 0.0, 0.0, 0.0, 0.0, 0.0, 0.0, 0.0, 0.0, 0.0, 0.0, 0.0, 0.0, 0.0, 0.0, 0.0, 0.0, 0.0, 0.0, 0.0, 0.0], [0.0, 0.0, 0.0, 0.0, 0.0, 0.0, 0.0, 0.0, 0.0, 0.0, 0.9838826162791288, 0.0, 0.0, 0.0, 0.0, 0.0, 0.0, 0.0, 0.0, 0.0, 0.0, 0.0, 0.0, 0.0, 0.0, 0.0, 0.0, 0.0, 0.0, 0.0, 0.0, 0.0, 0.0, 0.0, 0.0], [0.0, 0.0, 0.0, 0.0, 0.0, 0.0, 0.0, 0.0, 0.0, 0.0, 0.9858676309091556, 0.0, 0.0, 0.0, 0.0, 0.0, 0.0, 0.0, 0.0, 0.0, 0.0, 0.0, 0.0, 0.0, 0.0, 0.0, 0.0, 0.0, 0.0, 0.0, 0.0, 0.0, 0.0, 0.0, 0.0], [0.0, 0.0, 0.0, 0.0, 0.0, 0.0, 0.0, 0.0, 0.0, 0.0, 0.9841532577941858, 0.0, 0.0, 0.0, 0.0, 0.0, 0.0, 0.0, 0.0, 0.0, 0.0, 0.0, 0.0, 0.0, 0.0, 0.0, 0.0, 0.0, 0.0, 0.0, 0.0, 0.0, 0.0, 0.0, 0.0], [0.0, 0.0, 0.0, 0.0, 0.0, 0.0, 0.0, 0.0, 0.0, 0.0, 0.0, 0.0, 0.0, 0.0, 0.9781217217881637, 0.0, 0.0, 0.0, 0.0, 0.0, 0.0, 0.0, 0.0, 0.0, 0.0, 0.0, 0.0, 0.0, 0.0, 0.0, 0.0, 0.0, 0.0, 0.0, 0.0], [0.0, 0.0, 0.0, 0.0, 0.0, 0.0, 0.0, 0.0, 0.0, 0.0, 0.0, 0.0, 0.0, 0.0, 0.9804302741493572, 0.0, 0.0, 0.0, 0.0, 0.0, 0.0, 0.0, 0.0, 0.0, 0.0, 0.0, 0.0, 0.0, 0.0, 0.0, 0.0, 0.0, 0.0, 0.0, 0.0], [0.0, 0.0, 0.0, 0.0, 0.0, 0.0, 0.0, 0.0, 0.0, 0.0, 0.0, 0.0, 0.0, 0.0, 0.9776257288485162, 0.0, 0.0, 0.0, 0.0, 0.0, 0.0, 0.0, 0.0, 0.0, 0.0, 0.0, 0.0, 0.0, 0.0, 0.0, 0.0, 0.0, 0.0, 0.0, 0.0]], "Born radii": [], "Atomic SASAs": [], "Solvent H bonds": [], "Total SASA": NaN, "Total FOD": 0.0, "FOD": [0.0, 0.0, 0.0, 0.0, 0.0, 0.0, 0.0, 0.0, 0.0, 0.0, 0.0, 0.0, 0.0, 0.0, 0.0, 0.0, 0.0, 0.0, 0.0, 0.0, 0.0, 0.0, 0.0, 0.0, 0.0, 0.0, 0.0, 0.0, 0.0, 0.0, 0.0, 0.0, 0.0, 0.0, 0.0], "FOD s proportion": [0.0, 0.0, 0.0, 0.0, 0.0, 0.0, 0.0, 0.0, 0.0, 0.0, 0.0, 0.0, 0.0, 0.0, 0.0, 0.0, 0.0, 0.0, 0.0, 0.0, 0.0, 0.0, 0.0, 0.0, 0.0, 0.0, 0.0, 0.0, 0.0, 0.0, 0.0, 0.0, 0.0, 0.0, 0.0], "FOD p proportion": [0.0, 0.0, 0.0, 0.0, 0.0, 0.0, 0.0, 0.0, 0.0, 0.0, 0.0, 0.0, 0.0, 0.0, 0.0, 0.0, 0.0, 0.0, 0.0, 0.0, 0.0, 0.0, 0.0, 0.0, 0.0, 0.0, 0.0, 0.0, 0.0, 0.0, 0.0, 0.0, 0.0, 0.0, 0.0], "FOD d proportion": [0.0, 0.0, 0.0, 0.0, 0.0, 0.0, 0.0, 0.0, 0.0, 0.0, 0.0, 0.0, 0.0, 0.0, 0.0, 0.0, 0.0, 0.0, 0.0, 0.0, 0.0, 0.0, 0.0, 0.0, 0.0, 0.0, 0.0, 0.0, 0.0, 0.0, 0.0, 0.0, 0.0, 0.0, 0.0], "coordinates": [["-4.45540", "-2.24580", "-0.31010"], ["-3.66560", "-0.97710", "-0.02910"], ["-2.39050", "-1.04270", "-0.71880"], ["-1.54080", "0.03260", "-0.48300"], ["-0.24670", "-0.25700", "-0.47980"], ["0.58560", "0.75230", "-0.27210"], ["1.95410", "0.56460", "-0.26270"], ["2.57980", "-0.69700", "0.14260"], ["4.09970", "-0.43240", "0.19860"], ["2.33740", "-1.80560", "-0.89210"], ["2.11720", "-1.13300", "1.54030"], ["0.19640", "1.99890", "-0.05970"], ["-1.11910", "2.18080", "-0.08270"], ["-1.63900", "3.43980", "0.14020"], ["-0.64600", "4.45500", "0.19050"], ["-2.03190", "1.24190", "-0.27420"], ["-4.63330", "-2.36760", "-1.38390"], ["-5.42470", "-2.21190", "0.19670"], ["-3.91560", "-3.13130", "0.04240"], ["-3.51580", "-0.88110", "1.05320"], ["-4.25210", "-0.11750", "-0.37470"], ["-1.84140", "-1.87970", "-0.55520"], ["2.35430", "1.40000", "0.15120"], ["4.33940", "0.35390", "0.92430"], ["4.47970", "-0.10240", "-0.77560"], ["4.65260", "-1.33320", "0.48800"], ["2.58050", "-1.46240", "-1.90430"], ["2.95720", "-2.68410", "-0.67820"], ["1.29930", "-2.15010", "-0.90130"], ["1.05640", "-1.40360", "1.55720"], ["2.26240", "-0.33110", "2.27350"], ["2.67890", "-2.00870", "1.88500"], ["-0.07500", "4.50270", "-0.74350"], ["-1.15620", "5.41500", "0.31620"], ["0.01840", "4.31800", "1.05080"]], "bond_dist": [[0.0, 1.5206395792560445, 2.42452001641562, 3.7034975536646435, 4.658033836287581, 5.8652986803742575, 6.998734540615181, 7.217877649974402, 8.759961829825514, 6.8318834796855255, 6.918191581620156, 6.302334606318518, 5.547737918287057, 6.360890378712716, 7.724173053473103, 4.247198176445267, 1.095230610419559, 1.0943207665031305, 1.0953312467011977, 2.1456563424742554, 2.1389635200255284, 2.650867635322443, 7.738001642543119, 9.253685238325323, 9.200373134824478, 9.188333166031802, 7.25665749570696, 7.434664972949352, 5.785779810881157, 5.880140250878375, 7.447811886050829, 7.468126733659519, 8.0571702209895, 8.36449813019287, 8.059181452852393], [1.5206395792560445, 0.0, 1.4511614176238288, 2.395891136925883, 3.522861295878678, 4.59593024316079, 5.832018170410651, 6.254035342081143, 7.787710155751817, 6.121044865870532, 5.994005089253761, 4.875710856890511, 4.057076240348461, 4.862589398664049, 6.218835801820144, 2.7664075440903497, 2.1691972201715544, 2.161052866081716, 2.169836374015331, 1.096826937123628, 1.0965098129975857, 2.102183058156449, 6.474743895321266, 8.170713405817144, 8.226072843708595, 8.341861354637823, 6.5395455759555645, 6.86998250725575, 5.1756056505495085, 4.9995533740525255, 6.3922192359148635, 6.706762081660568, 6.590218794546962, 6.875700899544715, 6.5403458639432825], [2.42452001641562, 1.4511614176238288, 0.0, 1.390633603793609, 2.295718608627808, 3.504102895178736, 4.654781376176544, 5.056223940847557, 6.5830680453721575, 4.792190283158631, 5.042920402901477, 4.046948848206511, 3.523071588827, 4.625520457202628, 5.839076299381607, 2.354922563482715, 2.6884697989748743, 3.378096879901463, 2.695849663835133, 2.1053262573767513, 2.107119932514522, 1.0143198558640167, 5.407107390278096, 7.066952892159392, 6.93448183860914, 7.151644153619501, 5.1276114653901, 5.5940805866558625, 3.8567168744931224, 4.1462687346577045, 5.5776081128024755, 5.780289508320496, 6.009460167103198, 6.6555699064768294, 6.137702164491203], [3.7034975536646435, 2.395891136925883, 1.390633603793609, 0.0, 1.3261120654002059, 2.2547780068113132, 3.542016671332872, 4.2311979249380425, 5.700530134119107, 4.311238486792397, 4.339738500186387, 2.6577024701798355, 2.225496398559207, 3.465116638729496, 4.56200515672659, 1.3218105537481535, 4.016981092810869, 4.537009097412082, 3.990737201320077, 2.6637160377938187, 2.7176104558968714, 1.9371278971714798, 4.176577116491446, 6.054789758530019, 6.029117680888307, 6.416108961044848, 4.60871265973482, 5.258380542524475, 3.606289254899002, 3.6014628028066595, 4.711146376414131, 5.251685232380173, 4.711499113870233, 5.454985569183478, 4.811268049069808], [4.658033836287581, 3.522861295878678, 2.295718608627808, 1.3261120654002059, 0.0, 1.3245939264544437, 2.3591692626854903, 2.9274705822603924, 4.4025202645757355, 3.0406785525602675, 3.2305112938976084, 2.337072191867423, 2.6194730405178825, 3.9986534646053036, 4.776158140179196, 2.3400665823860654, 4.951190637614351, 5.575927748814541, 4.689895578794905, 3.6642331557912633, 4.00920633292925, 2.2763805789015157, 3.1478581607181733, 4.834977645243048, 4.738170085592116, 5.108618577462991, 3.3875137269094573, 4.024320089157919, 2.480243105020151, 2.6762156434039466, 3.72581997820614, 4.14968279390124, 4.770090425767629, 5.799343949965375, 4.831525573770669], [5.8652986803742575, 4.59593024316079, 3.504102895178736, 2.2547780068113132, 1.3245939264544437, 0.0, 1.3813442366043303, 2.4998560398550955, 3.7381775492878884, 3.1616539421638166, 3.0306679808253496, 1.3231031554644557, 2.2321484493644235, 3.513046071431458, 3.9294814683365034, 2.6628966972077603, 6.181164328829966, 6.717883682380933, 5.953323496165818, 4.609327240498335, 4.916342145335291, 3.5913644496207846, 1.9305434131352757, 3.9599381257792405, 4.018462286746014, 4.633308888904343, 3.3983229599318543, 4.1950266661846145, 3.054371635868825, 2.866338420354442, 3.2350414464114676, 4.0814343434630915, 3.837200865214121, 5.012059000051775, 3.8452563945724085], [6.998734540615181, 5.832018170410651, 4.654781376176544, 3.542016671332872, 2.3591692626854903, 1.3813442366043303, 0.0, 1.4654020403971058, 2.4104783861300234, 2.4821183070111705, 2.481784916144024, 2.277703839396158, 3.4769326539350747, 4.619466534135733, 4.701183086202876, 4.043150200029675, 7.2971724003205525, 7.897258388200299, 6.94306423058292, 5.808738874316869, 6.2445754739613815, 4.523934016981238, 1.014576961102508, 2.6726428081582476, 2.662068889041003, 3.3833559641279245, 2.6825280091734367, 3.425332326942891, 2.864641179973506, 2.8269617153403406, 2.7073303861922726, 3.4292598647521597, 4.456124668363756, 5.79098190810505, 4.4226946876310596], [7.217877649974402, 6.254035342081143, 5.056223940847557, 4.2311979249380425, 2.9274705822603924, 2.4998560398550955, 1.4654020403971058, 0.0, 1.5437762694121195, 1.5356939180709155, 1.5354673718448073, 3.604080695544982, 4.691945666778336, 5.908586416394365, 6.078748559530983, 5.020043061568297, 7.559756492110047, 8.146770468719492, 6.93729613682449, 6.165989339108527, 6.875920094794587, 4.629547879653044, 2.1091072068531744, 2.1935445881039213, 2.1923185010394817, 2.1955754234368716, 2.185323147728958, 2.182821524999238, 2.2002061426148236, 2.1957058728345196, 2.1852597969120287, 2.183193866792411, 5.905083940131589, 7.165499072639672, 5.704018075006424], [8.759961829825514, 7.787710155751817, 6.5830680453721575, 5.700530134119107, 4.4025202645757355, 3.7381775492878884, 2.4104783861300234, 1.5437762694121195, 0.0, 2.486162910993566, 2.494254497840988, 4.605832114830067, 5.843271118988063, 6.923151095418906, 6.812372043568966, 6.37364408246962, 9.083754415989018, 9.689211485977587, 8.458929822382972, 7.676425802416123, 8.37737417929986, 6.161133088969918, 2.531078363069781, 1.0965237206736569, 1.096524345374967, 1.095851910615663, 2.7912465047000063, 2.672870625376395, 3.4644643828447714, 3.471411570240556, 2.7732910034830462, 2.7105975890935934, 6.532295500817458, 7.863230972698183, 6.320566010255727], [6.8318834796855255, 6.121044865870532, 4.792190283158631, 4.311238486792397, 3.0406785525602675, 3.1616539421638166, 2.4821183070111705, 1.5356939180709155, 2.486162910993566, 0.0, 2.533268355307033, 4.444208704595229, 5.337968299830939, 6.662703761236875, 7.019103267512169, 5.36282007436386, 7.010589827539478, 7.848615262579763, 6.459936512071925, 6.236893664317198, 6.821942144287066, 4.193013458122929, 3.3711469650550687, 3.4598776293389335, 2.739326884473629, 2.7364189755956594, 1.0960988504692448, 1.096205956925978, 1.0938082555914452, 2.793140793085805, 3.4929641581327453, 2.805379879802377, 6.7554721974115175, 8.111861328326565, 6.830160932950262], [6.918191581620156, 5.994005089253761, 5.042920402901477, 4.339738500186387, 3.2305112938976084, 3.0306679808253496, 2.481784916144024, 1.5354673718448073, 2.494254497840988, 2.533268355307033, 0.0, 4.007277161614854, 4.908058386979519, 6.081103377677442, 6.3783209608799085, 5.113471528228157, 7.459519625954476, 7.736248559864141, 6.529286572053642, 5.65962975997547, 6.728034463348119, 4.540836387715373, 2.8986038397821803, 2.743811299998599, 3.4651025121920997, 2.7523932295367968, 3.4911918323117113, 2.8342994654764344, 2.768548966516576, 1.094900273997591, 1.0962248355150508, 1.0959815098805272, 6.46394599064689, 7.422255207819251, 5.861567426038874], [6.302334606318518, 4.875710856890511, 4.046948848206511, 2.6577024701798355, 2.337072191867423, 1.3231031554644557, 2.277703839396158, 3.604080695544982, 4.605832114830067, 4.444208704595229, 4.007277161614854, 0.0, 1.3282156677287014, 2.3419748034511385, 2.6085752835599747, 2.3631293108926563, 6.644232836076713, 7.02803975586365, 6.575554763668234, 4.8283926155605865, 4.93634745636893, 4.409272848214317, 2.2493760090300596, 4.56494578281057, 4.824379067817951, 5.591116537866117, 4.589888850506077, 5.471293072939887, 4.374800563454293, 3.8640615755963306, 3.891153844298629, 5.099560971299392, 2.6096464971332805, 3.693313793871298, 2.577424889303275], [5.547737918287057, 4.057076240348461, 3.523071588827, 2.225496398559207, 2.6194730405178825, 2.2321484493644235, 3.4769326539350747, 4.691945666778336, 5.843271118988063, 5.337968299830939, 4.908058386979519, 1.3282156677287014, 0.0, 1.3802396241232897, 2.338898777202639, 1.3234082136665164, 5.89327291409451, 6.157277727210297, 6.004537340211983, 4.0508852501644625, 3.896554361227366, 4.151220759005717, 3.5677535523071096, 5.843529315405204, 6.086022846654457, 6.781328437703043, 5.502560582129014, 6.374801483183614, 5.027470470326007, 4.50222118736963, 4.826578736537922, 5.987366494544994, 2.630213120642508, 3.258918111889282, 2.6732662306624078], [6.360890378712716, 4.862589398664049, 4.625520457202628, 3.465116638729496, 3.9986534646053036, 3.513046071431458, 4.619466534135733, 5.908586416394365, 6.923151095418906, 6.662703761236875, 6.081103377677442, 2.3419748034511385, 1.3802396241232897, 0.0, 1.4209891378895196, 2.2708725591719143, 6.709292664655493, 6.802678121886997, 6.954985809475099, 4.798554370849621, 4.443849334754724, 5.368577760450155, 4.484121979830611, 6.773393402128655, 7.129120574797428, 7.904854483164127, 6.783489171510484, 7.700453506774779, 6.40041492014385, 5.721153180959237, 5.830229640417262, 7.167617435382556, 2.087289654072956, 2.040952444325933, 2.085042531940296], [7.724173053473103, 6.218835801820144, 5.839076299381607, 4.56200515672659, 4.776158140179196, 3.9294814683365034, 4.701183086202876, 6.078748559530983, 6.812372043568966, 7.019103267512169, 6.3783209608799085, 2.6085752835599747, 2.338898777202639, 1.4209891378895196, 0.0, 3.529968344050694, 8.057615491570692, 8.202656139324628, 8.262213109088872, 6.119964586498847, 5.8507405086877675, 6.489489482232019, 4.282098735433363, 6.4970529326764765, 6.926474172333281, 7.852829264029621, 7.057911309303908, 8.043906932579466, 6.971625731491902, 6.2521379231427705, 5.975318633345004, 7.46362565714546, 1.0957519290423359, 1.0943968795642647, 1.0955877189892191], [4.247198176445267, 2.7664075440903497, 2.354922563482715, 1.3218105537481535, 2.3400665823860654, 2.6628966972077603, 4.043150200029675, 5.020043061568297, 6.37364408246962, 5.36282007436386, 5.113471528228157, 2.3631293108926563, 1.3234082136665164, 2.2708725591719143, 3.529968344050694, 0.0, 4.585543184836449, 4.864316302421132, 4.772152500706573, 2.910511805507753, 2.6052555824717087, 3.1400060206948646, 4.409615766708025, 6.54357776296729, 6.667794163739609, 7.203792688577316, 5.589695721593439, 6.361431506351381, 4.79539485861175, 4.459853484140482, 5.2350851740922035, 6.117203743541652, 3.831777229954789, 4.304670284702418, 3.927053131802522], [1.095230610419559, 2.1691972201715544, 2.6884697989748743, 4.016981092810869, 4.951190637614351, 6.181164328829966, 7.2971724003205525, 7.559756492110047, 9.083754415989018, 7.010589827539478, 7.459519625954476, 6.644232836076713, 5.89327291409451, 6.709292664655493, 8.057615491570692, 4.585543184836449, 0.0, 1.7745007213298052, 1.7699329563573871, 3.0656067768061837, 2.4953452847251416, 2.9528792237407884, 8.085659869794178, 9.656277480478696, 9.409990910197523, 9.52900476335278, 7.288972056469966, 7.629801766101136, 5.956169219389254, 6.4770403194669095, 8.066882018475292, 8.017654598447105, 8.269778300535027, 8.691917347743248, 8.500783748572832], [1.0943207665031305, 2.161052866081716, 3.378096879901463, 4.537009097412082, 5.575927748814541, 6.717883682380933, 7.897258388200299, 8.146770468719492, 9.689211485977587, 7.848615262579763, 7.736248559864141, 7.02803975586365, 6.157277727210297, 6.802678121886997, 8.202656139324628, 4.864316302421132, 1.7745007213298052, 0.0, 1.7738341692503272, 2.479620958937071, 2.4673872983380614, 3.676377203171622, 8.57675538067864, 10.121777522253687, 10.173126210757438, 10.119730464295973, 8.310185213940782, 8.440655807459512, 6.813339800714477, 6.671504054559211, 8.181809903071569, 8.280095415513037, 8.636499249696024, 8.740936798192743, 8.543794147215861], [1.0953312467011977, 2.169836374015331, 2.695849663835133, 3.990737201320077, 4.689895578794905, 5.953323496165818, 6.94306423058292, 6.93729613682449, 8.458929822382972, 6.459936512071925, 6.529286572053642, 6.575554763668234, 6.004537340211983, 6.954985809475099, 8.262213109088872, 4.772152500706573, 1.7699329563573871, 1.7738341692503272, 0.0, 2.4989911404404777, 3.061077441032814, 2.4951821496636275, 7.736676491879443, 9.003854266368377, 8.962389262914215, 8.766172152655914, 6.9838516099642325, 6.92492830576606, 5.38966651472983, 5.477257555565559, 7.1404909670134025, 6.938503856740299, 8.58171330038472, 8.984903922135173, 8.484414950366347], [2.1456563424742554, 1.096826937123628, 2.1053262573767513, 2.6637160377938187, 3.6642331557912633, 4.609327240498335, 5.808738874316869, 6.165989339108527, 7.676425802416123, 6.236893664317198, 5.65962975997547, 4.8283926155605865, 4.0508852501644625, 4.798554370849621, 6.119964586498847, 2.910511805507753, 3.0656067768061837, 2.479620958937071, 2.4989911404404777, 0.0, 1.7787976444778648, 2.5274033868775283, 6.362004025462417, 7.952735834289983, 8.23886541824783, 8.20040267364963, 6.8007050832983476, 6.938896451165704, 5.349356901534987, 4.629474601939188, 5.931207914919186, 6.351195248927559, 6.637208597746496, 6.764004462594625, 6.286590189442922], [2.1389635200255284, 1.0965098129975857, 2.107119932514522, 2.7176104558968714, 4.00920633292925, 4.916342145335291, 6.2445754739613815, 6.875920094794587, 8.37737417929986, 6.821942144287066, 6.728034463348119, 4.93634745636893, 3.896554361227366, 4.443849334754724, 5.8507405086877675, 2.6052555824717087, 2.4953452847251416, 2.4673872983380614, 3.061077441032814, 1.7787976444778648, 0.0, 2.991555378060049, 6.798815927792134, 8.701924569312238, 8.741011386561626, 9.028613396862223, 7.129716328859095, 7.658560850447034, 5.935217963984137, 5.79365714121918, 7.03543164631709, 7.531377200087645, 6.239425124961433, 6.377342382999363, 6.3200380339045426], [2.650867635322443, 2.102183058156449, 1.0143198558640167, 1.9371278971714798, 2.2763805789015157, 3.5913644496207846, 4.523934016981238, 4.629547879653044, 6.161133088969918, 4.193013458122929, 4.540836387715373, 4.409272848214317, 4.151220759005717, 5.368577760450155, 6.489489482232019, 3.1400060206948646, 2.9528792237407884, 3.676377203171622, 2.4951821496636275, 2.5274033868775283, 2.991555378060049, 0.0, 5.372088191755604, 6.736481117764676, 6.569906898883728, 6.599921551806506, 4.641918753058912, 4.867109031036802, 3.171261241209875, 3.6174783772677896, 5.219279652404151, 5.138514292088716, 6.625002310188276, 7.3784473359914955, 6.66705162196904], [7.738001642543119, 6.474743895321266, 5.407107390278096, 4.176577116491446, 3.1478581607181733, 1.9305434131352757, 1.014576961102508, 2.1091072068531744, 2.531078363069781, 3.3711469650550687, 2.8986038397821803, 2.2493760090300596, 3.5677535523071096, 4.484121979830611, 4.282098735433363, 4.409615766708025, 8.085659869794178, 8.57675538067864, 7.736676491879443, 6.362004025462417, 6.798815927792134, 5.372088191755604, 0.0, 2.3733164201176384, 2.7628769715642427, 3.5869205971139086, 3.5312293114438207, 4.210850933006296, 3.8501936652589306, 3.394341374994566, 2.74031204609986, 3.8380546231131207, 4.040882808248712, 5.335827981672573, 3.844532867592628], [9.253685238325323, 8.170713405817144, 7.066952892159392, 6.054789758530019, 4.834977645243048, 3.9599381257792405, 2.6726428081582476, 2.1935445881039213, 1.0965237206736569, 3.4598776293389335, 2.743811299998599, 4.56494578281057, 5.843529315405204, 6.773393402128655, 6.4970529326764765, 6.54357776296729, 9.656277480478696, 10.121777522253687, 9.003854266368377, 7.952735834289983, 8.701924569312238, 6.736481117764676, 2.3733164201176384, 0.0, 1.7656595906346162, 1.7705248769785753, 3.7938967908998267, 3.702421787154997, 4.341087348810204, 3.77722883341743, 2.5697265691119746, 3.0433671319773437, 6.28339284463418, 7.495741336252206, 5.865247825966095], [9.200373134824478, 8.226072843708595, 6.93448183860914, 6.029117680888307, 4.738170085592116, 4.018462286746014, 2.662068889041003, 2.1923185010394817, 1.096524345374967, 2.739326884473629, 3.4651025121920997, 4.824379067817951, 6.086022846654457, 7.129120574797428, 6.926474172333281, 6.667794163739609, 9.409990910197523, 10.173126210757438, 8.962389262914215, 8.23886541824783, 8.741011386561626, 6.569906898883728, 2.7628769715642427, 1.7656595906346162, 0.0, 1.7724130472325008, 2.5943254094272756, 2.998777734344445, 3.784682277285638, 4.342126226861675, 3.777000634101085, 3.735726527731922, 6.477134282226979, 7.962229512517207, 6.54055584870277], [9.188333166031802, 8.341861354637823, 7.151644153619501, 6.416108961044848, 5.108618577462991, 4.633308888904343, 3.3833559641279245, 2.1955754234368716, 1.095851910615663, 2.7364189755956594, 2.7523932295367968, 5.591116537866117, 6.781328437703043, 7.904854483164127, 7.852829264029621, 7.203792688577316, 9.52900476335278, 10.119730464295973, 8.766172152655914, 8.20040267364963, 9.028613396862223, 6.599921551806506, 3.5869205971139086, 1.7705248769785753, 1.7724130472325008, 0.0, 3.1675527367354124, 2.461571532578324, 3.72049741163732, 3.7524391054352897, 3.1472640022724496, 2.510657471659565, 7.610816173052664, 8.905609239125642, 7.3299805538623355], [7.25665749570696, 6.5395455759555645, 5.1276114653901, 4.60871265973482, 3.3875137269094573, 3.3983229599318543, 2.6825280091734367, 2.185323147728958, 2.7912465047000063, 1.0960988504692448, 3.4911918323117113, 4.589888850506077, 5.502560582129014, 6.783489171510484, 7.057911309303908, 5.589695721593439, 7.288972056469966, 8.310185213940782, 6.9838516099642325, 6.8007050832983476, 7.129716328859095, 4.641918753058912, 3.5312293114438207, 3.7938967908998267, 2.5943254094272756, 3.1675527367354124, 0.0, 1.771376580515843, 1.7664692836276548, 3.7826340690053537, 4.339935499520701, 3.8297416022494257, 6.631859083243551, 8.135857539313234, 6.9792547295538645], [7.434664972949352, 6.86998250725575, 5.5940805866558625, 5.258380542524475, 4.024320089157919, 4.1950266661846145, 3.425332326942891, 2.182821524999238, 2.672870625376395, 1.096205956925978, 2.8342994654764344, 5.471293072939887, 6.374801483183614, 7.700453506774779, 8.043906932579466, 6.361431506351381, 7.629801766101136, 8.440655807459512, 6.92492830576606, 6.938896451165704, 7.658560850447034, 4.867109031036802, 4.210850933006296, 3.702421787154997, 2.998777734344445, 2.461571532578324, 1.771376580515843, 0.0, 1.7560074088681972, 3.2015205840350296, 3.83821428922357, 2.6652598916428394, 7.800550952977616, 9.1380693655717, 7.788157089453191], [5.785779810881157, 5.1756056505495085, 3.8567168744931224, 3.606289254899002, 2.480243105020151, 3.054371635868825, 2.864641179973506, 2.2002061426148236, 3.4644643828447714, 1.0938082555914452, 2.768548966516576, 4.374800563454293, 5.027470470326007, 6.40041492014385, 6.971625731491902, 4.79539485861175, 5.956169219389254, 6.813339800714477, 5.38966651472983, 5.349356901534987, 5.935217963984137, 3.171261241209875, 3.8501936652589306, 4.341087348810204, 3.784682277285638, 3.72049741163732, 1.7664692836276548, 1.7560074088681972, 0.0, 2.5807915278069244, 3.7836064343427687, 3.112355668942738, 6.795097436387502, 8.046273951960622, 6.876606490849974], [5.880140250878375, 4.9995533740525255, 4.1462687346577045, 3.6014628028066595, 2.6762156434039466, 2.866338420354442, 2.8269617153403406, 2.1957058728345196, 3.471411570240556, 2.793140793085805, 1.094900273997591, 3.8640615755963306, 4.50222118736963, 5.721153180959237, 6.2521379231427705, 4.459853484140482, 6.4770403194669095, 6.671504054559211, 5.477257555565559, 4.629474601939188, 5.79365714121918, 3.6174783772677896, 3.394341374994566, 3.77722883341743, 4.342126226861675, 3.7524391054352897, 3.7826340690053537, 3.2015205840350296, 2.5807915278069244, 0.0, 1.765723064356356, 1.7624145653052237, 6.438762780224163, 7.275230973653001, 5.8370019290728345], [7.447811886050829, 6.3922192359148635, 5.5776081128024755, 4.711146376414131, 3.72581997820614, 3.2350414464114676, 2.7073303861922726, 2.1852597969120287, 2.7732910034830462, 3.4929641581327453, 1.0962248355150508, 3.891153844298629, 4.826578736537922, 5.830229640417262, 5.975318633345004, 5.2350851740922035, 8.066882018475292, 8.181809903071569, 7.1404909670134025, 5.931207914919186, 7.03543164631709, 5.219279652404151, 2.74031204609986, 2.5697265691119746, 3.777000634101085, 3.1472640022724496, 4.339935499520701, 3.83821428922357, 3.7836064343427687, 1.765723064356356, 0.0, 1.7716507161401767, 6.158843251780321, 6.966743461618204, 5.