{"total energy": -45.56210967, "HOMO-LUMO gap/eV": 4.08440086, "electronic energy": -46.11535638, "dipole": [-0.53280626, 0.53823721, -0.54463719], "partial charges": [-0.09679618, 0.01029541, -0.18419437, 0.29570595, -0.44368371, -0.11599046, -0.00597908, -0.01420693, -0.10389285, -0.10873336, 0.0023159, -0.01363297, -0.1034681, -0.10678662, 0.03959184, 0.04221976, 0.04954384, 0.06283279, 0.0483254, 0.05714306, 0.0538269, 0.04429058, 0.03657988, 0.03278969, 0.03858016, 0.03814278, 0.03612349, 0.04186704, 0.05565737, 0.0487493, 0.04866557, 0.03408762, 0.0307983, 0.03770443, 0.0402789, 0.03344304, 0.03780565], "atomic dipole moments": [[-0.07252664, -0.02770621, 0.08911586], [-0.09477555, 0.06400658, -0.10176951], [0.29119544, -0.41107811, -0.1391834], [0.00352554, 0.04189279, 0.03088166], [-0.10294763, 0.15374022, 0.014878], [-0.03290059, 0.0023143, -0.02408708], [0.1325253, -0.06944771, -0.05248286], [-0.10153412, -0.03362236, -0.01156696], [-0.0005366, 0.02187217, 0.10583654], [0.05660066, -0.09349408, -0.01923692], [-0.00013087, 0.05810134, 0.15833542], [-0.04216424, 0.05249291, -0.0843852], [0.0921456, -0.03054418, -0.03963297], [0.01611859, 0.08073872, 0.0719937], [0.11901325, -0.03121578, 0.02990789], [0.00088977, 0.12537585, -0.02293903], [-0.02605321, -0.06162555, -0.11188754], [0.01061052, -0.12872168, 0.03211299], [0.03680514, 0.05845391, 0.10207491], [-0.12043857, -0.02719564, -0.03580458], [-0.01922104, 0.03178387, 0.12057958], [0.12131971, 0.02593065, 0.03170607], [0.07607119, -0.09749115, -0.02900042], [-0.11402868, -0.0256615, -0.04688011], [0.04464369, 0.09775895, -0.06717568], [0.00240675, 0.03098712, 0.12305019], [-0.12152876, -0.00785035, -0.03408689], [0.04885224, 0.09941337, -0.06221129], [0.10433836, -0.03998084, -0.05636168], [-0.06568123, 0.05132816, -0.09687477], [0.0682877, -0.05220015, 0.09691615], [0.01470063, 0.08382595, 0.09397431], [-0.07720817, 0.05138057, -0.08400923], [-0.06300911, -0.09721739, 0.0514779], [-0.05731181, -0.10020157, 0.0526955], [-0.07084464, 0.03495783, -0.09772512], [0.10964783, -0.04292677, -0.04705836]], "atomic quadrupole moments": [[0.05551222, 0.041706, -0.11634663, -0.16280581, -0.07371078, 0.06083441], [0.32572347, -0.1114639, -0.24165362, 0.00545438, -0.07136286, -0.08406985], [0.20394125, -0.09769027, -0.06319304, 0.25981241, 0.32979997, -0.14074821], [-0.07222369, 0.22942633, -0.05781991, -0.26732129, -0.08754658, 0.13004361], [-0.00709092, 0.06170204, -0.02364808, -0.08415256, -0.05279851, 0.030739], [-0.04874077, -0.02479674, 0.0747235, -0.02195151, 0.05623223, -0.02598274], [-0.05396888, -0.12644151, 0.21479648, -0.05930915, -0.05583375, -0.1608276], [-0.17569106, -0.04785111, 0.10057718, -0.09616365, -0.02121607, 0.07511388], [-0.12328089, 0.00151544, -0.08328171, 0.00460139, 0.07303143, 0.20656259], [-0.03058883, -0.1578684, 0.12478337, -0.04015693, 0.04865238, -0.09419455], [-0.15435155, 0.15872952, 0.13780758, 0.03888047, 0.13144024, 0.01654397], [0.0032412, 0.07930958, 0.06196543, -0.14195662, 0.08963956, -0.06520663], [0.14110095, -0.08947279, -0.06808746, -0.10942582, 0.04282115, -0.0730135], [-0.10199935, 0.04311318, 0.06293544, 0.02574408, 0.17305489, 0.0390639], [0.06176471, -0.03314085, -0.04034411, 0.0328509, -0.01787998, -0.0214206], [-0.03959271, -0.01304361, 0.07419003, -0.01353411, -0.01300259, -0.03459732], [-0.02075489, 0.02831136, -0.01270854, 0.02243545, 0.04461372, 0.03346342], [-0.00176806, -0.0033009, 0.04397921, -0.01220655, -0.00337209, -0.04221115], [-0.00251654, 0.02079876, -0.02113688, 0.01669992, 0.04634292, 0.02365342], [0.01836623, 0.01480593, 0.00103627, 0.04185022, 0.00953691, -0.0194025], [-0.0416533, -0.0079021, 0.00143029, 0.01079595, 0.01729348, 0.04022301], [0.02317823, -0.00420247, -0.02218871, 0.01759903, 0.00338909, -0.00098952], [-0.00427091, -0.06108846, 0.03572006, -0.00189336, 0.01088111, -0.03144915], [0.0731806, 0.02446809, -0.04674417, 0.02421184, 0.00878858, -0.02643643], [-0.03625936, 0.04001304, 0.04656644, -0.01850731, -0.03705944, -0.01030708], [-0.0429636, -0.0107389, -0.03399216, 0.00924704, 0.01799379, 0.07695576], [0.06583502, 0.02047924, -0.02863679, 0.03725356, 0.0134344, -0.03719823], [-0.01224053, 0.03189061, 0.02307183, -0.03867055, -0.04609036, -0.0108313], [0.02760496, -0.01337772, 0.00295527, -0.0210969, 0.02432553, -0.03056023], [0.00478143, -0.02065247, 0.01006273, 0.04209622, -0.01664833, -0.01484416], [0.00776366, -0.00964648, -0.01771346, 0.01841699, -0.00328061, 0.00994981], [-0.02444953, 0.01776616, 0.01239239, 0.02000458, 0.06233469, 0.01205714], [-0.00569212, -0.03036525, -0.03089296, 0.04342658, -0.03922552, 0.03658508], [-0.01619331, 0.03557921, 0.04919073, -0.02554657, -0.03589304, -0.03299743], [-0.02383487, 0.04552306, 0.02325819, -0.03045038, -0.03872351, 0.00057669], [-0.00808646, -0.03186437, -0.01339057, 0.0550851, -0.03107027, 0.02147703], [0.06212597, -0.02477184, -0.03377497, -0.0324257, 0.02119124, -0.028351]], "number of molecular orbitals": 84, "number of electrons": 84, "number of unpaired electrons": 0, "orbital energies/eV": [-19.52634431, -18.85140874, -17.87642147, -17.41492313, -17.19651326, -16.88364828, -16.74185948, -16.63574428, -16.18238455, -16.07026102, -15.65523876, -15.47839078, -15.33243723, -15.13752123, -14.9266924, -14.63418986, -14.51470853, -14.06246549, -14.01226039, -13.87509364, -13.73528944, -13.62461547, -13.51806743, -13.39119217, -13.17997986, -13.05173797, -12.96104037, -12.88989356, -12.70513508, -12.62372139, -12.52921955, -12.32607314, -12.19614998, -12.12572302, -12.08214744, -11.98135646, -11.91762139, -11.81828488, -11.62437097, -10.78076847, -10.54222672, -10.11386704, -6.02946618, -5.21236848, -3.72789781, -0.95955126, -0.22869835, 0.17939512, 1.04497654, 1.60458017, 2.04670921, 2.24589407, 2.42565146, 2.53971958, 2.85566207, 3.26474019, 3.26581744, 3.68545661, 3.93445483, 4.03466946, 4.08266545, 4.26236581, 4.47942411, 4.69840078, 4.89063833, 5.14871947, 5.26376301, 5.33288415, 5.77265204, 5.82021615, 5.83882709, 5.92141978, 6.25662468, 6.47927541, 6.5309746, 6.64120697, 6.82099427, 7.05137027, 7.51435576, 7.72182615, 8.01146393, 9.18225214, 13.34448431, 16.15486383], "fractional occupation": [2.0, 2.0, 2.0, 2.0, 2.0, 2.0, 2.0, 2.0, 2.0, 2.0, 2.0, 2.0, 2.0, 2.0, 2.0, 2.0, 2.0, 2.0, 2.0, 2.0, 2.0, 2.0, 2.0, 2.0, 2.0, 2.0, 2.0, 2.0, 2.0, 2.0, 2.0, 2.0, 2.0, 2.0, 2.0, 2.0, 2.0, 2.0, 2.0, 2.0, 2.0, 2.0, 0.0, 0.0, 0.0, 0.0, 0.0, 0.0, 0.0, 0.0, 0.0, 0.0, 0.0, 0.0, 0.0, 0.0, 0.0, 0.0, 0.0, 0.0, 0.0, 0.0, 0.0, 0.0, 0.0, 0.0, 0.0, 0.0, 0.0, 0.0, 0.0, 0.0, 0.0, 0.0, 0.0, 0.0, 0.0, 0.0, 0.0, 0.0, 0.0, 0.0, 0.0, 0.0], "program call": "xtb /home/svss/Project-DBcg-Debug/aqme2_20220329/End-to-End-workflows-final/example-3/QDESCP/mol_618_rdkit_conf_5/mol_618_rdkit_conf_5.xyz --pop --wbo --acc 0.2 --gfn 2 --chrg 0 --uhf 0 --etemp 300 --input /home/svss/Project-DBcg-Debug/aqme2_20220329/End-to-End-workflows-final/example-3/QDESCP/mol_618_rdkit_conf_5/mol_618_rdkit_conf_5_xtb.inp", "method": "GFN2-xTB", "xtb version": "6.3.3 (7355c4f)", "Dipole module/D": 2.371, "Total charge": 0, "Transition dipole module/D": NaN, "HOMO": -10.1139, "LUMO": -6.0295, "HOMO occupancy": 2.0, "LUMO occupancy": 0, "mulliken charges": [-0.08703, 0.04095, -0.12884, 0.49717, -0.5602, -0.29384, 0.08093, -0.0107, -0.09082, -0.09239, 0.09034, -0.00896, -0.09231, -0.09205, 0.03114, 0.02327, 0.04353, 0.04815, 0.02758, 0.03278, 0.03331, 0.02648, 0.03529, 0.02614, 0.03328, 0.03138, 0.0285, 0.03523, 0.04865, 0.02275, 0.04389, 0.02966, 0.0225, 0.03214, 0.033, 0.02408, 0.03503], "cm5 charges": [-0.23416, -0.05152, -0.16266, 0.60557, -0.60915, -0.54823, 0.03311, -0.07983, -0.23825, -0.24065, 0.04361, -0.07784, -0.23951, -0.24027, 0.08204, 0.07503, 0.09765, 0.10738, 0.08344, 0.09911, 0.10077, 0.08825, 0.08919, 0.07851, 0.08479, 0.0829, 0.0804, 0.08663, 0.11838, 0.0892, 0.10688, 0.08371, 0.07488, 0.08365, 0.08439, 0.07598, 0.08658], "FUKUI+": [0.032, 0.021, -0.366, -0.043, -0.145, -0.062, 0.018, -0.001, 0.013, 0.011, 0.022, -0.0, 0.012, 0.011, -0.059, -0.036, -0.023, -0.06, -0.067, -0.045, -0.01, 0.01, -0.0, -0.018, -0.024, -0.005, -0.019, -0.023, -0.022, -0.041, 0.004, 0.006, -0.016, -0.024, -0.022, -0.017, -0.01], "FUKUI-": [0.015, 0.032, -0.284, 0.025, -0.068, -0.085, 0.017, -0.008, 0.016, 0.014, 0.01, -0.011, 0.016, 0.014, -0.043, -0.022, -0.015, -0.043, -0.041, -0.043, -0.034, -0.016, -0.009, -0.026, -0.04, -0.017, -0.028, -0.038, -0.047, -0.043, -0.025, -0.009, -0.027, -0.045, -0.044, -0.028, -0.023], "FUKUIrad": [0.023, 0.026, -0.325, -0.009, -0.106, -0.074, 0.018, -0.005, 0.015, 0.013, 0.016, -0.006, 0.014, 0.013, -0.051, -0.029, -0.019, -0.052, -0.054, -0.044, -0.022, -0.003, -0.005, -0.022, -0.032, -0.011, -0.024, -0.03, -0.034, -0.042, -0.011, -0.001, -0.021, -0.034, -0.033, -0.022, -0.017], "s proportion": [1.011, 1.032, 1.924, 0.997, 1.73, 1.447, 1.017, 1.056, 1.013, 1.014, 1.014, 1.056, 1.013, 1.013, 0.969, 0.977, 0.956, 0.952, 0.972, 0.967, 0.967, 0.974, 0.965, 0.974, 0.967, 0.969, 0.972, 0.965, 0.951, 0.977, 0.956, 0.97, 0.977, 0.968, 0.967, 0.976, 0.965], "p proportion": [3.076, 2.927, 4.205, 2.506, 4.83, 3.846, 2.902, 2.955, 3.078, 3.079, 2.895, 2.953, 3.08, 3.079, 0.0, 0.0, 0.0, 0.0, 0.0, 0.0, 0.0, 0.0, 0.0, 0.0, 0.0, 0.0, 0.0, 0.0, 0.0, 0.0, 0.0, 0.0, 0.0, 0.0, 0.0, 0.0, 0.0], "d proportion": [0.0, 0.0, 0.0, 0.0, 0.0, 0.0, 0.0, 0.0, 0.0, 0.0, 0.0, 0.0, 0.0, 0.0, 0.0, 0.0, 0.0, 0.0, 0.0, 0.0, 0.0, 0.0, 0.0, 0.0, 0.0, 0.0, 0.0, 0.0, 0.0, 0.0, 0.0, 0.0, 0.0, 0.0, 0.0, 0.0, 0.0], "Fermi-level/eV": -8.0717, "Coordination numbers": [3.782, 3.793, 2.035, 2.749, 0.879, 2.759, 3.738, 3.847, 3.752, 3.753, 3.746, 3.847, 3.752, 3.753, 0.924, 0.924, 0.924, 0.924, 0.924, 0.924, 0.924, 0.924, 0.924, 0.924, 0.924, 0.924, 0.924, 0.924, 0.924, 0.924, 0.924, 0.924, 0.924, 0.924, 0.924, 0.924, 0.924], "Dispersion coefficient C6": [22.367, 20.412, 148.867, 21.983, 22.563, 23.525, 20.766, 20.796, 22.546, 22.637, 20.609, 20.786, 22.537, 22.6, 2.454, 2.42, 2.326, 2.166, 2.341, 2.233, 2.273, 2.393, 2.495, 2.547, 2.468, 2.474, 2.501, 2.424, 2.251, 2.336, 2.337, 2.529, 2.575, 2.48, 2.445, 2.538, 2.478], "Total dispersion C6": 11753.826511, "Total dispersion C8": 278230.913193, "Polarizability alpha": [6.737, 6.434, 20.535, 7.677, 6.369, 7.204, 6.502, 6.487, 6.771, 6.785, 6.476, 6.485, 6.77, 6.779, 2.45, 2.433, 2.385, 2.302, 2.393, 2.337, 2.358, 2.419, 2.47, 2.496, 2.457, 2.46, 2.473, 2.435, 2.346, 2.39, 2.391, 2.487, 2.51, 2.463, 2.445, 2.491, 2.462], "Total polarizability alpha": 163.861366, "Wiberg matrix": [[0.0, 1.0254627747625935, 0.0, 0.0, 0.0, 0.0, 0.0, 0.0, 0.0, 0.0, 0.0, 0.0, 0.0, 0.0, 0.9796724728987627, 0.9869855898729246, 0.9856717024684026, 0.0, 0.0, 0.0, 0.0, 0.0, 0.0, 0.0, 0.0, 0.0, 0.0, 0.0, 0.0, 0.0, 0.0, 0.0, 0.0, 0.0, 0.0, 0.0, 0.0], [1.0254627747625935, 0.0, 0.9838721794664623, 0.0, 0.0, 0.0, 0.0, 0.0, 0.0, 0.0, 0.0, 0.0, 0.0, 0.0, 0.0, 0.0, 0.0, 0.969490105325906, 0.9718098907419352, 0.0, 0.0, 0.0, 0.0, 0.0, 0.0, 0.0, 0.0, 0.0, 0.0, 0.0, 0.0, 0.0, 0.0, 0.0, 0.0, 0.0, 0.0], [0.0, 0.9838721794664623, 0.0, 1.0126656900367148, 0.15556381245379436, 0.0, 0.0, 0.0, 0.0, 0.0, 0.0, 0.0, 0.0, 0.0, 0.0, 0.0, 0.0, 0.0, 0.0, 0.0, 0.0, 0.0, 0.0, 0.0, 0.0, 0.0, 0.0, 0.0, 0.0, 0.0, 0.0, 0.0, 0.0, 0.0, 0.0, 0.0, 0.0], [0.0, 0.0, 1.0126656900367148, 0.0, 1.659731428464693, 1.216916678067863, 0.0, 0.0, 0.0, 0.0, 0.0, 0.0, 0.0, 0.0, 0.0, 0.0, 0.0, 0.0, 0.0, 0.0, 0.0, 0.0, 0.0, 0.0, 0.0, 0.0, 0.0, 0.0, 0.0, 0.0, 0.0, 0.0, 0.0, 0.0, 0.0, 0.0, 0.0], [0.0, 0.0, 0.15556381245379436, 1.659731428464693, 0.0, 0.17259989470378728, 0.0, 0.0, 0.0, 0.0, 0.0, 0.0, 0.0, 0.0, 0.0, 0.0, 0.0, 0.0, 0.0, 0.0, 0.0, 0.0, 0.0, 0.0, 0.0, 0.0, 0.0, 0.0, 0.0, 0.0, 0.0, 0.0, 0.0, 0.0, 0.0, 0.0, 0.0], [0.0, 0.0, 0.0, 1.216916678067863, 0.17259989470378728, 0.0, 0.9850833834144855, 0.0, 0.0, 0.0, 0.9806707403229664, 0.0, 0.0, 0.0, 0.0, 0.0, 0.0, 0.0, 0.0, 0.0, 0.0, 0.0, 0.0, 0.0, 0.0, 0.0, 0.0, 0.0, 0.0, 0.0, 0.0, 0.0, 0.0, 0.0, 0.0, 0.0, 0.0], [0.0, 0.0, 0.0, 0.0, 0.0, 0.9850833834144855, 0.0, 0.9828308412416047, 0.0, 0.0, 0.0, 0.0, 0.0, 0.0, 0.0, 0.0, 0.0, 0.0, 0.0, 0.9672342633690182, 0.9640718305739316, 0.0, 0.0, 0.0, 0.0, 0.0, 0.0, 0.0, 0.0, 0.0, 0.0, 0.0, 0.0, 0.0, 0.0, 0.0, 0.0], [0.0, 0.0, 0.0, 0.0, 0.0, 0.0, 0.9828308412416047, 0.0, 1.0098153256498197, 1.0067392136674953, 0.0, 0.0, 0.0, 0.0, 0.0, 0.0, 0.0, 0.0, 0.0, 0.0, 0.0, 0.9667068520226887, 0.0, 0.0, 0.0, 0.0, 0.0, 0.0, 0.0, 0.0, 0.0, 0.0, 0.0, 0.0, 0.0, 0.0, 0.0], [0.0, 0.0, 0.0, 0.0, 0.0, 0.0, 0.0, 1.0098153256498197, 0.0, 0.0, 0.0, 0.0, 0.0, 0.0, 0.0, 0.0, 0.0, 0.0, 0.0, 0.0, 0.0, 0.0, 0.9857312812554889, 0.9861799499430559, 0.9853161876793014, 0.0, 0.0, 0.0, 0.0, 0.0, 0.0, 0.0, 0.0, 0.0, 0.0, 0.0, 0.0], [0.0, 0.0, 0.0, 0.0, 0.0, 0.0, 0.0, 1.0067392136674953, 0.0, 0.0, 0.0, 0.0, 0.0, 0.0, 0.0, 0.0, 0.0, 0.0, 0.0, 0.0, 0.0, 0.0, 0.0, 0.0, 0.0, 0.9861892369720061, 0.9868199268369691, 0.9854524501025183, 0.0, 0.0, 0.0, 0.0, 0.0, 0.0, 0.0, 0.0, 0.0], [0.0, 0.0, 0.0, 0.0, 0.0, 0.9806707403229664, 0.0, 0.0, 0.0, 0.0, 0.0, 0.9831486267369225, 0.0, 0.0, 0.0, 0.0, 0.0, 0.0, 0.0, 0.0, 0.0, 0.0, 0.0, 0.0, 0.0, 0.0, 0.0, 0.0, 0.9669350722269485, 0.9689720963369368, 0.0, 0.0, 0.0, 0.0, 0.0, 0.0, 0.0], [0.0, 0.0, 0.0, 0.0, 0.0, 0.0, 0.0, 0.0, 0.0, 0.0, 0.9831486267369225, 0.0, 1.0098016772283311, 1.0071158620216727, 0.0, 0.0, 0.0, 0.0, 0.0, 0.0, 0.0, 0.0, 0.0, 0.0, 0.0, 0.0, 0.0, 0.0, 0.0, 0.0, 0.9668905398913719, 0.0, 0.0, 0.0, 0.0, 0.0, 0.0], [0.0, 0.0, 0.0, 0.0, 0.0, 0.0, 0.0, 0.0, 0.0, 0.0, 0.0, 1.0098016772283311, 0.0, 0.0, 0.0, 0.0, 0.0, 0.0, 0.0, 0.0, 0.0, 0.0, 0.0, 0.0, 0.0, 0.0, 0.0, 0.0, 0.0, 0.0, 0.0, 0.9861839903994662, 0.9863691603353106, 0.9855519069542436, 0.0, 0.0, 0.0], [0.0, 0.0, 0.0, 0.0, 0.0, 0.0, 0.0, 0.0, 0.0, 0.0, 0.0, 1.0071158620216727, 0.0, 0.0, 0.0, 0.0, 0.0, 0.0, 0.0, 0.0, 0.0, 0.0, 0.0, 0.0, 0.0, 0.0, 0.0, 0.0, 0.0, 0.0, 0.0, 0.0, 0.0, 0.0, 0.9856516933607165, 0.9869234871536426, 0.9862806596704621], [0.9796724728987627, 0.0, 0.0, 0.0, 0.0, 0.0, 0.0, 0.0, 0.0, 0.0, 0.0, 0.0, 0.0, 0.0, 0.0, 0.0, 0.0, 0.0, 0.0, 0.0, 0.0, 0.0, 0.0, 0.0, 0.0, 0.0, 0.0, 0.0, 0.0, 0.0, 0.0, 0.0, 0.0, 0.0, 0.0, 0.0, 0.0], [0.9869855898729246, 0.0, 0.0, 0.0, 0.0, 0.0, 0.0, 0.0, 0.0, 0.0, 0.0, 0.0, 0.0, 0.0, 0.0, 0.0, 0.0, 0.0, 0.0, 0.0, 0.0, 0.0, 0.0, 0.0, 0.0, 0.0, 0.0, 0.0, 0.0, 0.0, 0.0, 0.0, 0.0, 0.0, 0.0, 0.0, 0.0], [0.9856717024684026, 0.0, 0.0, 0.0, 0.0, 0.0, 0.0, 0.0, 0.0, 0.0, 0.0, 0.0, 0.0, 0.0, 0.0, 0.0, 0.0, 0.0, 0.0, 0.0, 0.0, 0.0, 0.0, 0.0, 0.0, 0.0, 0.0, 0.0, 0.0, 0.0, 0.0, 0.0, 0.0, 0.0, 0.0, 0.0, 0.0], [0.0, 0.969490105325906, 0.0, 0.0, 0.0, 0.0, 0.0, 0.0, 0.0, 0.0, 0.0, 0.0, 0.0, 0.0, 0.0, 0.0, 0.0, 0.0, 0.0, 0.0, 0.0, 0.0, 0.0, 0.0, 0.0, 0.0, 0.0, 0.0, 0.0, 0.0, 0.0, 0.0, 0.0, 0.0, 0.0, 0.0, 0.0], [0.0, 0.9718098907419352, 0.0, 0.0, 0.0, 0.0, 0.0, 0.0, 0.0, 0.0, 0.0, 0.0, 0.0, 0.0, 0.0, 0.0, 0.0, 0.0, 0.0, 0.0, 0.0, 0.0, 0.0, 0.0, 0.0, 0.0, 0.0, 0.0, 0.0, 0.0, 0.0, 0.0, 0.0, 0.0, 0.0, 0.0, 0.0], [0.0, 0.0, 0.0, 0.0, 0.0, 0.0, 0.9672342633690182, 0.0, 0.0, 0.0, 0.0, 0.0, 0.0, 0.0, 0.0, 0.0, 0.0, 0.0, 0.0, 0.0, 0.0, 0.0, 0.0, 0.0, 0.0, 0.0, 0.0, 0.0, 0.0, 0.0, 0.0, 0.0, 0.0, 0.0, 0.0, 0.0, 0.0], [0.0, 0.0, 0.0, 0.0, 0.0, 0.0, 0.9640718305739316, 0.0, 0.0, 0.0, 0.0, 0.0, 0.0, 0.0, 0.0, 0.0, 0.0, 0.0, 0.0, 0.0, 0.0, 0.0, 0.0, 0.0, 0.0, 0.0, 0.0, 0.0, 0.0, 0.0, 0.0, 0.0, 0.0, 0.0, 0.0, 0.0, 0.0], [0.0, 0.0, 0.0, 0.0, 0.0, 0.0, 0.0, 0.9667068520226887, 0.0, 0.0, 0.0, 0.0, 0.0, 0.0, 0.0, 0.0, 0.0, 0.0, 0.0, 0.0, 0.0, 0.0, 0.0, 0.0, 0.0, 0.0, 0.0, 0.0, 0.0, 0.0, 0.0, 0.0, 0.0, 0.0, 0.0, 0.0, 0.0], [0.0, 0.0, 0.0, 0.0, 0.0, 0.0, 0.0, 0.0, 0.9857312812554889, 0.0, 0.0, 0.0, 0.0, 0.0, 0.0, 0.0, 0.0, 0.0, 0.0, 0.0, 0.0, 0.0, 0.0, 0.0, 0.0, 0.0, 0.0, 0.0, 0.0, 0.0, 0.0, 0.0, 0.0, 0.0, 0.0, 0.0, 0.0], [0.0, 0.0, 0.0, 0.0, 0.0, 0.0, 0.0, 0.0, 0.9861799499430559, 0.0, 0.0, 0.0, 0.0, 0.0, 0.0, 0.0, 0.0, 0.0, 0.0, 0.0, 0.0, 0.0, 0.0, 0.0, 0.0, 0.0, 0.0, 0.0, 0.0, 0.0, 0.0, 0.0, 0.0, 0.0, 0.0, 0.0, 0.0], [0.0, 0.0, 0.0, 0.0, 0.0, 0.0, 0.0, 0.0, 0.9853161876793014, 0.0, 0.0, 0.0, 0.0, 0.0, 0.0, 0.0, 0.0, 0.0, 0.0, 0.0, 0.0, 0.0, 0.0, 0.0, 0.0, 0.0, 0.0, 0.0, 0.0, 0.0, 0.0, 0.0, 0.0, 0.0, 0.0, 0.0, 0.0], [0.0, 0.0, 0.0, 0.0, 0.0, 0.0, 0.0, 0.0, 0.0, 0.9861892369720061, 0.0, 0.0, 0.0, 0.0, 0.0, 0.0, 0.0, 0.0, 0.0, 0.0, 0.0, 0.0, 0.0, 0.0, 0.0, 0.0, 0.0, 0.0, 0.0, 0.0, 0.0, 0.0, 0.0, 0.0, 0.0, 0.0, 0.0], [0.0, 0.0, 0.0, 0.0, 0.0, 0.0, 0.0, 0.0, 0.0, 0.9868199268369691, 0.0, 0.0, 0.0, 0.0, 0.0, 0.0, 0.0, 0.0, 0.0, 0.0, 0.0, 0.0, 0.0, 0.0, 0.0, 0.0, 0.0, 0.0, 0.0, 0.0, 0.0, 0.0, 0.0, 0.0, 0.0, 0.0, 0.0], [0.0, 0.0, 0.0, 0.0, 0.0, 0.0, 0.0, 0.0, 0.0, 0.9854524501025183, 0.0, 0.0, 0.0, 0.0, 0.0, 0.0, 0.0, 0.0, 0.0, 0.0, 0.0, 0.0, 0.0, 0.0, 0.0, 0.0, 0.0, 0.0, 0.0, 0.0, 0.0, 0.0, 0.0, 0.0, 0.0, 0.0, 0.0], [0.0, 0.0, 0.0, 0.0, 0.0, 0.0, 0.0, 0.0, 0.0, 0.0, 0.9669350722269485, 0.0, 0.0, 0.0, 0.0, 0.0, 0.0, 0.0, 0.0, 0.0, 0.0, 0.0, 0.0, 0.0, 0.0, 0.0, 0.0, 0.0, 0.0, 0.0, 0.0, 0.0, 0.0, 0.0, 0.0, 0.0, 0.0], [0.0, 0.0, 0.0, 0.0, 0.0, 0.0, 0.0, 0.0, 0.0, 0.0, 0.9689720963369368, 0.0, 0.0, 0.0, 0.0, 0.0, 0.0, 0.0, 0.0, 0.0, 0.0, 0.0, 0.0, 0.0, 0.0, 0.0, 0.0, 0.0, 0.0, 0.0, 0.0, 0.0, 0.0, 0.0, 0.0, 0.0, 0.0], [0.0, 0.0, 0.0, 0.0, 0.0, 0.0, 0.0, 0.0, 0.0, 0.0, 0.0, 0.9668905398913719, 0.0, 0.0, 0.0, 0.0, 0.0, 0.0, 0.0, 0.0, 0.0, 0.0, 0.0, 0.0, 0.0, 0.0, 0.0, 0.0, 0.0, 0.0, 0.0, 0.0, 0.0, 0.0, 0.0, 0.0, 0.0], [0.0, 0.0, 0.0, 0.0, 0.0, 0.0, 0.0, 0.0, 0.0, 0.0, 0.0, 0.0, 0.9861839903994662, 0.0, 0.0, 0.0, 0.0, 0.0, 0.0, 0.0, 0.0, 0.0, 0.0, 0.0, 0.0, 0.0, 0.0, 0.0, 0.0, 0.0, 0.0, 0.0, 0.0, 0.0, 0.0, 0.0, 0.0], [0.0, 0.0, 0.0, 0.0, 0.0, 0.0, 0.0, 0.0, 0.0, 0.0, 0.0, 0.0, 0.9863691603353106, 0.0, 0.0, 0.0, 0.0, 0.0, 0.0, 0.0, 0.0, 0.0, 0.0, 0.0, 0.0, 0.0, 0.0, 0.0, 0.0, 0.0, 0.0, 0.0, 0.0, 0.0, 0.0, 0.0, 0.0], [0.0, 0.0, 0.0, 0.0, 0.0, 0.0, 0.0, 0.0, 0.0, 0.0, 0.0, 0.0, 0.9855519069542436, 0.0, 0.0, 0.0, 0.0, 0.0, 0.0, 0.0, 0.0, 0.0, 0.0, 0.0, 0.0, 0.0, 0.0, 0.0, 0.0, 0.0, 0.0, 0.0, 0.0, 0.0, 0.0, 0.0, 0.0], [0.0, 0.0, 0.0, 0.0, 0.0, 0.0, 0.0, 0.0, 0.0, 0.0, 0.0, 0.0, 0.0, 0.9856516933607165, 0.0, 0.0, 0.0, 0.0, 0.0, 0.0, 0.0, 0.0, 0.0, 0.0, 0.0, 0.0, 0.0, 0.0, 0.0, 0.0, 0.0, 0.0, 0.0, 0.0, 0.0, 0.0, 0.0], [0.0, 0.0, 0.0, 0.0, 0.0, 0.0, 0.0, 0.0, 0.0, 0.0, 0.0, 0.0, 0.0, 0.9869234871536426, 0.0, 0.0, 0.0, 0.0, 0.0, 0.0, 0.0, 0.0, 0.0, 0.0, 0.0, 0.0, 0.0, 0.0, 0.0, 0.0, 0.0, 0.0, 0.0, 0.0, 0.0, 0.0, 0.0], [0.0, 0.0, 0.0, 0.0, 0.0, 0.0, 0.0, 0.0, 0.0, 0.0, 0.0, 0.0, 0.0, 0.9862806596704621, 0.0, 0.0, 0.0, 0.0, 0.0, 0.0, 0.0, 0.0, 0.0, 0.0, 0.0, 0.0, 0.0, 0.0, 0.0, 0.0, 0.0, 0.0, 0.0, 0.0, 0.0, 0.0, 0.0]], "Born radii": [], "Atomic SASAs": [], "Solvent H bonds": [], "Total SASA": NaN, "Total FOD": 0.0, "FOD": [0.0, 0.0, 0.0, 0.0, 0.0, 0.0, 0.0, 0.0, 0.0, 0.0, 0.0, 0.0, 0.0, 0.0, 0.0, 0.0, 0.0, 0.0, 0.0, 0.0, 0.0, 0.0, 0.0, 0.0, 0.0, 0.0, 0.0, 0.0, 0.0, 0.0, 0.0, 0.0, 0.0, 0.0, 0.0, 0.0, 0.0], "FOD s proportion": [0.0, 0.0, 0.0, 0.0, 0.0, 0.0, 0.0, 0.0, 0.0, 0.0, 0.0, 0.0, 0.0, 0.0, 0.0, 0.0, 0.0, 0.0, 0.0, 0.0, 0.0, 0.0, 0.0, 0.0, 0.0, 0.0, 0.0, 0.0, 0.0, 0.0, 0.0, 0.0, 0.0, 0.0, 0.0, 0.0, 0.0], "FOD p proportion": [0.0, 0.0, 0.0, 0.0, 0.0, 0.0, 0.0, 0.0, 0.0, 0.0, 0.0, 0.0, 0.0, 0.0, 0.0, 0.0, 0.0, 0.0, 0.0, 0.0, 0.0, 0.0, 0.0, 0.0, 0.0, 0.0, 0.0, 0.0, 0.0, 0.0, 0.0, 0.0, 0.0, 0.0, 0.0, 0.0, 0.0], "FOD d proportion": [0.0, 0.0, 0.0, 0.0, 0.0, 0.0, 0.0, 0.0, 0.0, 0.0, 0.0, 0.0, 0.0, 0.0, 0.0, 0.0, 0.0, 0.0, 0.0, 0.0, 0.0, 0.0, 0.0, 0.0, 0.0, 0.0, 0.0, 0.0, 0.0, 0.0, 0.0, 0.0, 0.0, 0.0, 0.0, 0.0, 0.0], "coordinates": [["4.09930", "0.63560", "1.42270"], ["3.14470", "0.27030", "2.54670"], ["1.44300", "0.77450", "2.16700"], ["0.99920", "-0.45750", "0.99160"], ["1.66100", "-1.48570", "0.89440"], ["-0.13210", "-0.20530", "0.21440"], ["-0.93710", "1.02440", "0.24740"], ["-0.32900", "2.18320", "-0.56870"], ["-0.31360", "1.89010", "-2.06970"], ["-1.11430", "3.46920", "-0.30160"], ["-0.54470", "-1.25350", "-0.72160"], ["-1.28820", "-2.42120", "-0.04320"], ["-2.62580", "-1.98340", "0.55520"], ["-1.51610", "-3.54660", "-1.05440"], ["5.12150", "0.35640", "1.69940"], ["4.09360", "1.71330", "1.22700"], ["3.85670", "0.11320", "0.49200"], ["3.19150", "-0.80010", "2.77000"], ["3.44780", "0.79860", "3.45680"], ["-1.94590", "0.79520", "-0.11730"], ["-1.06450", "1.32870", "1.29190"], ["0.70730", "2.35340", "-0.25550"], ["0.33470", "1.03870", "-2.29890"], ["-1.31890", "1.66730", "-2.44250"], ["0.07030", "2.75010", "-2.62910"], ["-1.09470", "3.72280", "0.76360"], ["-2.16110", "3.36660", "-0.60740"], ["-0.68150", "4.31160", "-0.85160"], ["0.35900", "-1.63720", "-1.21220"], ["-1.16310", "-0.81370", "-1.51260"], ["-0.67190", "-2.82170", "0.77090"], ["-2.48000", "-1.25080", "1.35510"], ["-3.27460", "-1.53610", "-0.20540"], ["-3.15500", "-2.83860", "0.98930"], ["-2.01730", "-4.39860", "-0.58270"], ["-2.13660", "-3.20930", "-1.89170"], ["-0.56370", "-3.90400", "-1.45990"]], "bond_dist": [[0.0, 1.519237061817543, 2.7621016255742656, 3.31531820946346, 3.274800981739196, 4.4801615662830745, 5.1863108747933735, 5.096133888547278, 5.765788273948325, 6.179330417609986, 5.452839379625995, 6.365378645453858, 7.269022441841819, 7.426946775761894, 1.0951750408039802, 1.0953393401133733, 1.0945131383405136, 2.168075787420726, 2.1420980509771255, 6.240313710062981, 5.211748908955611, 4.156062569307638, 5.308955578077482, 6.735062521610323, 6.092703381094473, 6.078063231819821, 7.12546666331406, 6.445266878105204, 5.1086360156112125, 6.1975245332309905, 5.928078606934966, 6.844725210700573, 7.85756907128407, 8.054984152063863, 8.171755892095652, 8.04083031657801, 7.117648482469474], [1.519237061817543, 0.0, 1.8149855701905728, 2.747944522729671, 2.8310770000125394, 4.050090973052334, 4.745159485201735, 5.0429649275004875, 5.991221902917634, 6.040269455910059, 5.159013829211935, 5.796753977011617, 6.50721954370682, 7.018525732659246, 2.152456443229456, 2.173538198422103, 2.1802331297363593, 1.0944447404962938, 1.0951038809172398, 5.7694561589460065, 4.517975015424499, 4.25823310893145, 5.653881668376161, 6.838673160781995, 6.510779449497579, 5.750801180705172, 6.90557268733014, 6.52076337709014, 5.0525251063206005, 6.017483970065895, 5.22306090334011, 5.947344437646099, 7.2141907280026905, 7.1956218674969294, 7.631383594735623, 7.7265218830985, 6.872398024707241], [2.7621016255742656, 1.8149855701905728, 0.0, 1.759644168574999, 2.602986515524043, 2.6932498602988915, 3.0679292984030777, 3.5508413341066083, 4.720151884208812, 4.460401029055571, 4.050647509966771, 4.749414276518737, 5.17291456434378, 6.148625535841324, 3.731597462213737, 2.9648989527469567, 3.0114598420035423, 2.42903816561206, 2.3839857151417663, 4.086942401111129, 2.713023018700726, 2.9837369103190046, 4.6089470966805415, 5.447262954915982, 5.365619802035922, 4.135447465510836, 5.235056311062948, 5.112389130338183, 4.290727855504238, 4.780543129185219, 4.399380826889165, 4.488981031370037, 5.7639312868909185, 5.965154893211072, 6.804078908272596, 6.719914009122438, 6.25056883411422], [3.31531820946346, 2.747944522729671, 1.759644168574999, 0.0, 1.226630474103754, 1.3955229736553962, 2.5493369608586463, 3.3424463825168536, 4.075073899943411, 4.6430831760803075, 2.4397330694155865, 3.1873386217971884, 3.957201128322896, 4.478324340643496, 4.261076312388691, 3.787228163182145, 2.956451403287394, 2.843635104931714, 3.694677280900187, 3.387112414727329, 2.7458237780309207, 3.0889517364309858, 3.675263927937693, 4.6563296124737565, 4.9255478334902, 4.680951751513788, 5.212296796998421, 5.38204919524153, 2.580364813354887, 3.3276774738547004, 2.9035711356879133, 3.5869610786848525, 4.5674449531439345, 4.788216801691418, 5.206722764849306, 5.071396629134819, 4.508976703199963], [3.274800981739196, 2.8310770000125394, 2.602986515524043, 1.226630474103754, 0.0, 2.3058689837022395, 3.6700592120563944, 4.422848496161721, 4.907235434539492, 5.803769473368149, 2.744172977419609, 3.2329606632311507, 4.3289047309914315, 4.25900160366253, 4.002051681325468, 4.032588067234243, 2.7458159916498412, 2.5160192705939277, 3.869957944215931, 4.3858601562293345, 3.9379187218631113, 4.119526976486499, 4.281218511125075, 5.473217940115303, 5.734751989406343, 5.894019289076004, 6.35678117760868, 6.491880277700752, 2.481112615340142, 3.77104412729419, 2.691202456152268, 4.173164686422044, 5.056900983804211, 5.003318940463419, 4.919014302683008, 5.01546766812428, 4.042300517032349], [4.4801615662830745, 4.050090973052334, 2.6932498602988915, 1.3955229736553962, 2.3058689837022395, 0.0, 1.4701279162032126, 2.5212987665090383, 3.104956717894792, 3.838349005757553, 1.4646016523273488, 2.5125958250383205, 3.08161060810739, 3.8327007618649285, 5.488264283906161, 4.7500447587364905, 4.0111132432281185, 4.234524218846788, 4.933219737656128, 2.097831160985078, 2.0936886134284634, 2.733558863459867, 2.8429061064340484, 3.4603818589860857, 4.106196192341521, 4.081444475917809, 4.189351483225059, 4.673390842846338, 2.080073166982354, 2.101342561316455, 2.7288505363980637, 2.811921256009848, 3.43839598214051, 4.083217274405074, 4.666166771558856, 4.180633141044548, 4.082883875399838], [5.1863108747933735, 4.745159485201735, 3.0679292984030777, 2.5493369608586463, 3.6700592120563944, 1.4701279162032126, 0.0, 1.5422782693145876, 2.5509098670866437, 2.5119410582256902, 2.5063453812274155, 3.4756120223638307, 3.4631357712339264, 4.787897789218145, 6.265872801134731, 5.171280485527738, 4.885758184765185, 5.170846059398791, 5.438619494871837, 1.0969121067797547, 1.0953581606031881, 2.173292610303546, 2.8462823858500057, 2.7918906962845087, 3.5024487862065876, 2.7518471541857115, 2.777545657590528, 3.475459135135961, 3.3006699213947464, 2.5548556925979202, 3.8906128694590008, 2.963793977320286, 3.4964402382995194, 4.515779558392992, 5.591495958149304, 4.892725697400172, 5.229094320243229], [5.096133888547278, 5.0429649275004875, 3.5508413341066083, 3.3424463825168536, 4.422848496161721, 2.5212987665090383, 1.5422782693145876, 0.0, 1.5294266147808466, 1.530305361684393, 3.4468553479947484, 4.732516693050327, 4.888660042383802, 5.8716027573397715, 6.179759388519913, 4.796325182887416, 4.788535160150753, 5.695692831429729, 5.690868619991153, 2.1782267030775286, 2.1755373726966862, 1.095892316790295, 2.178065650984837, 2.1810963435850326, 2.1739513012024907, 2.1752443402983492, 2.1814040570238244, 2.17586194874583, 3.9348306710708654, 3.250858291282473, 5.192411056532407, 4.485550516937693, 4.758333609573838, 5.9692642126144815, 6.794898389968756, 5.839246784474861, 6.1565676614490314], [5.765788273948325, 5.991221902917634, 4.720151884208812, 4.075073899943411, 4.907235434539492, 3.104956717894792, 2.5509098670866437, 1.5294266147808466, 0.0, 2.502170040185119, 3.428265126853523, 4.862494740357051, 5.21923089161612, 5.659906998352535, 6.789599583922457, 5.506623372812054, 5.206830378454824, 6.5532891085316844, 6.77360350625869, 2.7703925822886544, 3.4898961775388107, 2.132652184487663, 1.0943982319064665, 1.0951017167368517, 1.0954029258679203, 3.4635957313173833, 2.7805808368037064, 2.7354671027084208, 3.6918210005361853, 2.8883464300530153, 5.513478619710065, 5.1271626471178, 4.897140178716554, 6.308061401888856, 6.6829267824808625, 5.418384755625978, 5.831466441642274], [6.179330417609986, 6.040269455910059, 4.460401029055571, 4.6430831760803075, 5.803769473368149, 3.838349005757553, 2.5119410582256902, 1.530305361684393, 2.502170040185119, 0.0, 4.775430813026192, 5.898628987315611, 5.722725334139321, 7.067503146090563, 7.251118981233173, 5.704561786850941, 6.0500725582425865, 6.797173139622088, 6.486172317322444, 2.8063857628629747, 2.6689815548257356, 2.136670636761782, 3.46354421655044, 2.805736548573297, 2.7088075273079113, 1.095147551702509, 1.0953678103723878, 1.0951956902764002, 5.392135588985129, 4.451082435767732, 6.396983415642095, 5.185382471910823, 5.452447030462561, 6.754200185070029, 7.924437080954079, 6.940884493348093, 7.4839092384929415], [5.452839379625995, 5.159013829211935, 4.050647509966771, 2.4397330694155865, 2.744172977419609, 1.4646016523273488, 2.5063453812274155, 3.4468553479947484, 3.428265126853523, 4.775430813026192, 0.0, 1.5416037428600124, 2.5483228720081765, 2.5125050069601853, 6.3685823736527105, 5.84061393091514, 4.765817433557437, 5.133812672858253, 6.132715321943453, 2.5545472436422076, 3.315438301341167, 3.846359424182821, 2.9181159144214956, 3.4773488594042443, 4.47723064069744, 5.222248627746481, 4.896030495207316, 5.568298865003566, 1.0975371246568382, 1.0961403194846908, 2.16863720571238, 2.8386750906012472, 2.7926115394017836, 3.5004838108467236, 3.4755572186341577, 2.7800059820079523, 2.7514719951327873], [6.365378645453858, 5.796753977011617, 4.749414276518737, 3.1873386217971884, 3.2329606632311507, 2.5125958250383205, 3.4756120223638307, 4.732516693050327, 4.862494740357051, 5.898628987315611, 1.5416037428600124, 0.0, 1.5293544912805532, 1.5300290879587881, 7.1997201758123905, 6.904438393526298, 5.760175206536689, 5.532609830812218, 6.7116918910212195, 3.283791872211148, 3.9867635633430782, 5.17917915310911, 4.437667733167953, 4.740613381198681, 5.939254561811609, 6.199766486731576, 5.880383056400323, 6.80824436180136, 2.166675988697895, 2.181477164675349, 1.0968066146773552, 2.1784091190591357, 2.180709932567832, 2.1737574036676675, 2.1754902481969443, 2.1812465289370664, 2.1750022942516636], [7.269022441841819, 6.50721954370682, 5.17291456434378, 3.957201128322896, 4.3289047309914315, 3.08161060810739, 3.4631357712339264, 4.888660042383802, 5.21923089161612, 5.722725334139321, 2.5483228720081765, 1.5293544912805532, 0.0, 2.503166093170807, 8.17340290026131, 7.698522097779548, 6.813408255051212, 6.3361279358927085, 7.2833662217411534, 2.938560569394478, 3.7350222208174344, 5.529432551356423, 5.103286732097267, 4.90120427956232, 6.309892546628667, 5.911718549626665, 5.494550468418685, 6.736943945885256, 3.4860562588690382, 2.7898900014158263, 2.1370537171535955, 1.0944406836370806, 1.095231066944323, 1.0953823487714232, 2.7382986871413424, 2.780191910642141, 3.46433092818801], [7.426946775761894, 7.018525732659246, 6.148625535841324, 4.478324340643496, 4.25900160366253, 3.8327007618649285, 4.787897789218145, 5.8716027573397715, 5.659906998352535, 7.067503146090563, 2.5125050069601853, 1.5300290879587881, 2.503166093170807, 0.0, 8.17768654327127, 8.021226094556866, 6.682250282651795, 6.658137530120567, 7.991995476099821, 4.462523018428028, 5.429329271650413, 6.355450320000936, 5.098942731586618, 5.399116840743494, 6.681674635897801, 7.5051234713360975, 6.957597878578497, 7.904997927893467, 2.680803836538586, 2.7934384994125074, 2.137726301470794, 3.4648940965056925, 2.8027189477362873, 2.7136630041329743, 1.095265415321784, 1.0953825039683627, 1.0950939548732792], [1.0951750408039802, 2.152456443229456, 3.731597462213737, 4.261076312388691, 4.002051681325468, 5.488264283906161, 6.265872801134731, 6.179759388519913, 6.789599583922457, 7.251118981233173, 6.3685823736527105, 7.1997201758123905, 8.17340290026131, 8.17768654327127, 0.0, 1.7666119494671146, 1.7654121445147024, 2.491701549142674, 2.466833454045895, 7.310341106268572, 6.27519079709932, 5.22444299901913, 6.274184442618818, 7.7686901457066755, 7.069677035056128, 7.130884450052463, 8.21090086653103, 7.471681004968025, 5.927331758051004, 7.154178860638026, 6.672774192193229, 7.777174074173729, 8.815005076572561, 8.900152766104636, 8.875836346508423, 8.848176722353594, 7.7751966978334375], [1.0953393401133733, 2.173538198422103, 2.9648989527469567, 3.787228163182145, 4.032588067234243, 4.7500447587364905, 5.171280485527738, 4.796325182887416, 5.506623372812054, 5.704561786850941, 5.84061393091514, 6.904438393526298, 7.698522097779548, 8.021226094556866, 1.7666119494671146, 0.0, 1.7767010496985702, 3.084122722914897, 2.49514363714797, 6.255046790392538, 5.172825608891141, 3.751607915281127, 5.197728848256708, 6.539304435488534, 5.668456962877994, 5.583125173234073, 6.724559192988043, 5.82007911114617, 5.578779799382658, 6.443914342230195, 6.594258294910809, 7.2121089412182355, 8.179287338148722, 8.5626220785458, 8.830256763537514, 8.530748647686204, 7.7758558493583205], [1.0945131383405136, 2.1802331297363593, 3.0114598420035423, 2.956451403287394, 2.7458159916498412, 4.0111132432281185, 4.885758184765185, 4.788535160150753, 5.206830378454824, 6.0500725582425865, 4.765817433557437, 5.760175206536689, 6.813408255051212, 6.682250282651795, 1.7654121445147024, 1.7767010496985702, 0.0, 2.5428118156875077, 3.0703438585930405, 5.874226523551846, 5.131811541746248, 3.9364924298161683, 4.588045015036361, 6.149256249336175, 5.570577329146414, 6.133460742517229, 6.928723458184775, 6.326696038217737, 4.266392280369915, 5.4841550680118445, 5.40366923303046, 6.539052263134161, 7.352686375740501, 7.623933854644857, 7.484329985376113, 7.255389502294139, 6.283927562440547], [2.168075787420726, 1.0944447404962938, 2.42903816561206, 2.843635104931714, 2.5160192705939277, 4.234524218846788, 5.170846059398791, 5.695692831429729, 6.5532891085316844, 6.797173139622088, 5.133812672858253, 5.532609830812218, 6.3361279358927085, 6.658137530120567, 2.491701549142674, 3.084122722914897, 2.5428118156875077, 0.0, 1.7587568393612574, 6.105273305921693, 4.982981542209443, 5.026873992850826, 6.102150349671827, 7.321333701587437, 7.176077639630163, 6.5462795395552735, 7.577502649950048, 7.365160721260603, 4.957994503829144, 6.107650029266575, 4.796782977162923, 5.862677268108829, 7.1557774119937525, 6.899596871557062, 7.163895377516341, 7.478257894723877, 6.451959102474224], [2.1420980509771255, 1.0951038809172398, 2.3839857151417663, 3.694677280900187, 3.869957944215931, 4.933219737656128, 5.438619494871837, 5.690868619991153, 6.77360350625869, 6.486172317322444, 6.132715321943453, 6.7116918910212195, 7.2833662217411534, 7.991995476099821, 2.466833454045895, 2.49514363714797, 3.0703438585930405, 1.7587568393612574, 0.0, 6.470409728912072, 5.032757624801734, 4.869180072661105, 6.548062469921923, 7.633990376598598, 7.228695408578231, 6.036437536328857, 7.387293472578438, 6.924925851588593, 6.105191895428021, 6.968130772309028, 6.106763380875338, 6.614831523931656, 8.003323977573318, 7.931881739536968, 8.555452419363922, 8.709491260687964, 7.898133823885234], [6.240313710062981, 5.7694561589460065, 4.086942401111129, 3.387112414727329, 4.3858601562293345, 2.097831160985078, 1.0969121067797547, 2.1782267030775286, 2.7703925822886544, 2.8063857628629747, 2.5545472436422076, 3.283791872211148, 2.938560569394478, 4.462523018428028, 7.310341106268572, 6.255046790392538, 5.874226523551846, 6.105273305921693, 6.470409728912072, 0.0, 1.745661149822611, 3.0800254414533654, 3.165407899465723, 2.5612970249465405, 3.767736149201534, 3.173541871474205, 2.6265199428140655, 3.8082768820031982, 3.525328322298506, 2.268963891294879, 3.9362343489685667, 2.576691787932736, 2.684802597957623, 3.986350312002195, 5.215098614599728, 4.384162645249375, 5.078930225943255], [5.211748908955611, 4.517975015424499, 2.713023018700726, 2.7458237780309207, 3.9379187218631113, 2.0936886134284634, 1.0953581606031881, 2.1755373726966862, 3.4898961775388107, 2.6689815548257356, 3.315438301341167, 3.9867635633430782, 3.7350222208174344, 5.429329271650413, 6.27519079709932, 5.172825608891141, 5.131811541746248, 4.982981542209443, 5.032757624801734, 1.745661149822611, 0.0, 2.5658784246335604, 3.8646740198883527, 3.7583390852875422, 4.322313038177591, 2.4518824890275637, 2.993811694145108, 3.693098111342292, 4.134420378964868, 3.5305551928839747, 4.201356438104246, 2.943034953920867, 3.915804941515856, 4.672060177266555, 6.101140736780295, 5.646073978438469, 5.933325641661681], [4.156062569307638, 4.25823310893145, 2.9837369103190046, 3.0889517364309858, 4.119526976486499, 2.733558863459867, 2.173292610303546, 1.095892316790295, 2.132652184487663, 2.136670636761782, 3.846359424182821, 5.17917915310911, 5.529432551356423, 6.355450320000936, 5.22444299901913, 3.751607915281127, 3.9364924298161683, 5.026873992850826, 4.869180072661105, 3.0800254414533654, 2.5658784246335604, 0.0, 2.4582006447806495, 3.059279106260166, 2.4894009018235694, 2.482141246988172, 3.0623726765369366, 2.473590081238199, 4.118431271734421, 3.8870578822549064, 5.453196274663146, 5.073772885141786, 5.566529248104244, 6.589670123003123, 7.288347480739376, 6.458215615787382, 6.49777462828621], [5.308955578077482, 5.653881668376161, 4.6089470966805415, 3.675263927937693, 4.281218511125075, 2.8429061064340484, 2.8462823858500057, 2.178065650984837, 1.0943982319064665, 3.46354421655044, 2.9181159144214956, 4.437667733167953, 5.103286732097267, 5.098942731586618, 6.274184442618818, 5.197728848256708, 4.588045015036361, 6.102150349671827, 6.548062469921923, 3.165407899465723, 3.8646740198883527, 2.4582006447806495, 0.0, 1.7748667217568759, 1.7629036729214678, 4.315840986412729, 3.8091085965091622, 3.7201094258099454, 2.888243097455614, 2.5085968767420566, 5.033845822033091, 5.149374946534773, 4.902997428104567, 6.166337699153364, 6.167777373576319, 4.931393264585577, 5.093262888365375], [6.735062521610323, 6.838673160781995, 5.447262954915982, 4.6563296124737565, 5.473217940115303, 3.4603818589860857, 2.7918906962845087, 2.1810963435850326, 1.0951017167368517, 2.805736548573297, 3.4773488594042443, 4.740613381198681, 4.90120427956232, 5.399116840743494, 7.7686901457066755, 6.539304435488534, 6.149256249336175, 7.321333701587437, 7.633990376598598, 2.5612970249465405, 3.7583390852875422, 3.059279106260166, 1.7748667217568759, 0.0, 1.7712007339655211, 3.815025963214405, 2.6390364415824195, 3.1511210798698297, 3.904959250747695, 2.654119185341909, 5.558387316479484, 4.928004320209145, 4.369342108372838, 5.954128757425389, 6.382927338611964, 4.975262956869717, 5.707469972763763], [6.092703381094473, 6.510779449497579, 5.365619802035922, 4.9255478334902, 5.734751989406343, 4.106196192341521, 3.5024487862065876, 2.1739513012024907, 1.0954029258679203, 2.7088075273079113, 4.47723064069744, 5.939254561811609, 6.309892546628667, 6.681674635897801, 7.069677035056128, 5.668456962877994, 5.570577329146414, 7.176077639630163, 7.228695408578231, 3.767736149201534, 4.322313038177591, 2.4894009018235694, 1.7629036729214678, 1.7712007339655211, 0.0, 3.7166898686869208, 3.073514128810863, 2.482537359235506, 4.619453927684527, 3.9330037185337114, 6.5693086455120975, 6.195569428228531, 5.952662273302594, 7.397901482177227, 7.723324310813317, 6.397547555899839, 6.785722618115185], [6.078063231819821, 5.750801180705172, 4.135447465510836, 4.680951751513788, 5.894019289076004, 4.081444475917809, 2.7518471541857115, 2.1752443402983492, 3.4635957313173833, 1.095147551702509, 5.222248627746481, 6.199766486731576, 5.911718549626665, 7.5051234713360975, 7.130884450052463, 5.583125173234073, 6.133460742517229, 6.5462795395552735, 6.036437536328857, 3.173541871474205, 2.4518824890275637, 2.482141246988172, 4.315840986412729, 3.815025963214405, 3.7166898686869208, 0.0, 1.7730562314828031, 1.768131986023668, 5.894627157844676, 5.075982392601456, 6.5581470996006175, 5.196693689260509, 5.774682174804081, 6.8809698836719235, 8.283770422337886, 7.496011213305381, 7.962034381362592], [7.12546666331406, 6.90557268733014, 5.235056311062948, 5.212296796998421, 6.35678117760868, 4.189351483225059, 2.777545657590528, 2.1814040570238244, 2.7805808368037064, 1.0953678103723878, 4.896030495207316, 5.880383056400323, 5.494550468418685, 6.957597878578497, 8.21090086653103, 6.724559192988043, 6.928723458184775, 7.577502649950048, 7.387293472578438, 2.6265199428140655, 2.993811694145108, 3.0623726765369366, 3.8091085965091622, 2.6390364415824195, 3.073514128810863, 1.7730562314828031, 0.0, 1.7725334411513933, 5.63513100912481, 4.392072304732698, 6.512486807664181, 5.027274233618055, 5.043605212543901, 6.4839644616546135, 7.76657064411314, 6.70018563548802, 7.492667573701639], [6.445266878105204, 6.52076337709014, 5.112389130338183, 5.38204919524153, 6.491880277700752, 4.673390842846338, 3.475459135135961, 2.17586194874583, 2.7354671027084208, 1.0951956902764002, 5.56829886500356