{"total energy": -47.26208046, "HOMO-LUMO gap/eV": 1.89466492, "electronic energy": -47.64159237, "dipole": [-0.6609406, -0.21943041, 0.97445567], "partial charges": [0.04454355, -0.25935441, 0.40565937, -0.41992849, -0.24907979, 0.03866416, -0.0770043, -0.04014225, 0.27380133, -0.37017897, -0.06751239, -0.04797377, 0.24286048, -0.3417206, 0.06993794, 0.0649659, 0.0603049, 0.06860939, 0.06870222, 0.06981664, 0.09710039, 0.0858278, 0.08620432, 0.09104498, 0.07262701, 0.03222457], "atomic dipole moments": [[0.24125884, -0.0962366, 0.13848392], [-0.10594882, -0.08051421, -0.15132311], [-0.11201115, -0.04762895, 0.21978373], [-0.19556048, 0.00793819, 0.37188736], [0.1410879, -0.09924199, -0.03912249], [-0.03960112, 0.30111206, 0.01390675], [-0.0685642, 0.00255691, -0.52430097], [-0.13215449, -0.05443635, 0.03597709], [0.0358862, 0.00021403, -0.04113768], [0.12811131, 0.12393408, -0.01692861], [0.00230511, -0.03881595, 0.0069509], [0.00818754, 0.17724218, 0.13695844], [-0.06367984, -0.09331225, -0.05833311], [-0.14543006, 0.04619798, 0.0932831], [-0.06764166, 0.08022054, 0.06893434], [0.03808129, 0.05793639, -0.10355741], [-0.06568178, -0.10702036, -0.02027875], [-0.10675363, -0.06525487, 0.00542183], [0.05436085, -0.02048199, -0.11236557], [0.07051184, -0.02864372, 0.10125888], [0.09432434, -0.00977129, 0.09643084], [0.01473165, 0.11139968, -0.07402899], [-0.12526947, -0.02550169, -0.0411557], [0.07688059, 0.01427592, -0.11044122], [0.0435725, -0.09829161, 0.07129407], [0.00916572, 0.11003451, 0.08573327]], "atomic quadrupole moments": [[0.29415716, -0.22444928, -0.20242525, 0.33262139, -0.10673686, -0.09173191], [0.03633696, -0.07433854, -0.01272381, 0.06568307, 0.026076, -0.02361315], [0.19918105, -0.18314317, 0.51860016, 0.5623164, -0.07243646, -0.71778121], [-0.27000018, 0.00640076, -0.36345103, -0.24028171, -0.07046743, 0.6334512], [-0.01845817, 0.00191674, 0.12885288, -0.02607048, -0.00161555, -0.11039471], [-0.24819507, -0.11244442, 0.56876577, -0.01164295, 0.04292902, -0.3205707], [0.41590047, -0.18057574, -0.59592354, 0.04260934, 0.03483069, 0.18002307], [0.19208358, -0.00536558, -0.09800863, -0.25565708, 0.16754244, -0.09407495], [-0.035869, -0.22667491, -0.11774156, 0.29657765, -0.22064704, 0.15361055], [-0.01074884, -0.07283398, -0.05024233, 0.12765317, -0.10948422, 0.06099117], [-0.03546347, -0.00637424, 0.04689773, 0.01577938, 0.00298467, -0.01143426], [-0.18987445, 0.02191632, 0.19919987, -0.00479233, 0.29891941, -0.00932542], [-0.17231491, -0.12171911, -0.01203921, 0.20900044, -0.44825557, 0.18435412], [-0.09325862, -0.07075891, -0.00021322, 0.07819582, -0.16646544, 0.09347184], [-0.01233741, -0.0427896, -0.00407507, -0.01951162, 0.04730713, 0.01641248], [0.00222262, 0.0017956, -0.03398589, -0.01664714, -0.04910183, 0.03176326], [0.01160821, 0.02150496, 0.03565573, 0.0317002, 0.0043616, -0.04726394], [0.06207484, 0.035985, -0.00546465, -0.00749642, -0.00181256, -0.05661019], [-0.03148916, -0.00850234, 0.00564904, -0.04376656, 0.01203524, 0.02584012], [-0.01874165, -0.01506654, 0.00776329, 0.05196643, -0.00925584, 0.01097837], [0.03646518, -0.01609371, -0.05237691, 0.0344939, 0.00053775, 0.01591172], [-0.0017277, -0.009848, 0.00682417, -0.05323578, -0.03373571, -0.00509647], [0.05846574, 0.00306002, -0.0278699, 0.02301456, 0.01937158, -0.03059584], [-0.00530699, 0.02527293, -0.01560079, -0.04923512, -0.00961861, 0.02090778], [-0.04148854, -0.02947854, 0.03859093, 0.02669792, -0.02731454, 0.0028976], [0.06768191, 0.0102592, -0.03184741, -0.05299424, 0.03300313, -0.03583449]], "number of molecular orbitals": 83, "number of electrons": 82, "number of unpaired electrons": 0, "orbital energies/eV": [-20.55328273, -20.45121081, -20.3693464, -20.10139362, -20.03086264, -19.42797251, -19.02978642, -18.70360128, -18.58485109, -18.10285989, -17.88466891, -17.66295339, -16.97919819, -16.63627214, -16.40539837, -16.39428121, -16.18943991, -15.82343049, -15.75919682, -15.56009291, -15.38377527, -15.3439389, -15.01579235, -14.93992574, -14.83158311, -14.76610793, -14.40038154, -14.1555211, -14.06639712, -13.52254726, -13.28423792, -13.16649882, -13.07565601, -12.44795764, -12.38176917, -12.23159353, -12.07232683, -12.00971234, -11.25155065, -10.25080439, -10.17970238, -8.28503746, -7.0195488, -6.61146775, -5.91849863, -4.86205074, -3.99973719, -3.31907666, -1.62254713, -0.90388226, -0.725875, -0.39006481, 0.15775785, 0.52078219, 0.52984513, 0.88726067, 1.60490494, 2.16328794, 2.21830802, 2.7916234, 3.06538914, 3.30357811, 3.55195108, 3.60308455, 3.72182798, 4.17513254, 4.5152256, 4.60259787, 4.80784634, 4.9401894, 5.06453475, 5.15232768, 5.66953196, 6.12109567, 8.72017571, 9.39130159, 10.77312037, 11.41178026, 13.19271866, 14.70465532, 25.14517332, 26.87314625, 34.06506919], "fractional occupation": [2.0, 2.0, 2.0, 2.0, 2.0, 2.0, 2.0, 2.0, 2.0, 2.0, 2.0, 2.0, 2.0, 2.0, 2.0, 2.0, 2.0, 2.0, 2.0, 2.0, 2.0, 2.0, 2.0, 2.0, 2.0, 2.0, 2.0, 2.0, 2.0, 2.0, 2.0, 2.0, 2.0, 2.0, 2.0, 2.0, 2.0, 2.0, 2.0, 2.0, 2.0, 0.0, 0.0, 0.0, 0.0, 0.0, 0.0, 0.0, 0.0, 0.0, 0.0, 0.0, 0.0, 0.0, 0.0, 0.0, 0.0, 0.0, 0.0, 0.0, 0.0, 0.0, 0.0, 0.0, 0.0, 0.0, 0.0, 0.0, 0.0, 0.0, 0.0, 0.0, 0.0, 0.0, 0.0, 0.0, 0.0, 0.0, 0.0, 0.0, 0.0, 0.0, 0.0], "program call": "xtb /home/svss/Project-DBcg-Debug/aqme2_20220329/End-to-End-workflows-final/example-3/QDESCP/mol_81_rdkit_conf_12/mol_81_rdkit_conf_12.xyz --pop --wbo --acc 0.2 --gfn 2 --chrg 0 --uhf 0 --etemp 300 --input /home/svss/Project-DBcg-Debug/aqme2_20220329/End-to-End-workflows-final/example-3/QDESCP/mol_81_rdkit_conf_12/mol_81_rdkit_conf_12_xtb.inp", "method": "GFN2-xTB", "xtb version": "6.3.3 (7355c4f)", "Dipole module/D": 3.044, "Total charge": 0, "Transition dipole module/D": NaN, "HOMO": -10.1797, "LUMO": -8.285, "HOMO occupancy": 2.0, "LUMO occupancy": 0, "mulliken charges": [0.18345, -0.36997, 0.38185, -0.23425, -0.35956, 0.17589, -0.04344, -0.01687, 0.47281, -0.50866, -0.245, 0.06855, 0.46225, -0.49427, 0.03263, 0.02897, 0.04031, 0.03087, 0.03734, 0.03817, 0.0647, 0.05422, 0.06015, 0.06162, 0.05453, 0.02371], "cm5 charges": [0.06822, -0.43301, 0.32391, -0.20581, -0.42695, 0.06063, -0.04378, -0.09421, 0.56341, -0.55637, -0.49806, -0.01507, 0.51369, -0.54472, 0.09214, 0.08962, 0.10483, 0.09039, 0.10122, 0.10188, 0.12409, 0.11565, 0.12528, 0.12666, 0.11811, 0.09826], "FUKUI+": [0.013, -0.002, -0.076, -0.089, -0.009, 0.017, -0.158, 0.036, -0.05, -0.121, -0.048, 0.033, -0.04, -0.145, -0.027, -0.013, -0.013, -0.033, -0.003, -0.004, -0.053, -0.05, -0.029, -0.034, -0.036, -0.068], "FUKUI-": [0.025, -0.007, -0.117, -0.368, -0.009, 0.026, -0.188, 0.036, 0.009, -0.012, -0.02, 0.016, 0.003, -0.087, -0.044, -0.017, -0.02, -0.041, -0.011, -0.019, -0.037, -0.021, -0.011, -0.02, -0.026, -0.04], "FUKUIrad": [0.019, -0.005, -0.097, -0.228, -0.009, 0.022, -0.173, 0.036, -0.02, -0.067, -0.034, 0.025, -0.018, -0.116, -0.035, -0.015, -0.016, -0.037, -0.007, -0.012, -0.045, -0.036, -0.02, -0.027, -0.031, -0.054], "s proportion": [0.972, 1.647, 1.522, 1.891, 1.655, 0.973, 1.91, 1.051, 1.02, 1.733, 1.452, 0.982, 0.988, 1.729, 0.967, 0.971, 0.96, 0.969, 0.963, 0.962, 0.935, 0.946, 0.94, 0.938, 0.945, 0.976], "p proportion": [2.845, 4.723, 2.02, 4.357, 4.704, 2.851, 4.138, 2.966, 2.507, 4.776, 3.793, 2.949, 2.55, 4.765, 0.0, 0.0, 0.0, 0.0, 0.0, 0.0, 0.0, 0.0, 0.0, 0.0, 0.0, 0.0], "d proportion": [0.0, 0.0, 1.077, -0.014, 0.0, 0.0, -0.004, 0.0, 0.0, 0.0, 0.0, 0.0, 0.0, 0.0, 0.0, 0.0, 0.0, 0.0, 0.0, 0.0, 0.0, 0.0, 0.0, 0.0, 0.0, 0.0], "Fermi-level/eV": -9.2324, "Coordination numbers": [3.84, 1.657, 3.909, 0.925, 1.657, 3.851, 1.921, 3.797, 2.784, 0.857, 2.729, 3.704, 2.707, 0.856, 0.924, 0.924, 0.924, 0.924, 0.924, 0.924, 0.924, 0.924, 0.924, 0.924, 0.924, 0.923], "Dispersion coefficient C6": [19.8, 18.314, 143.458, 157.564, 18.143, 19.891, 144.253, 21.296, 22.374, 21.094, 22.55, 21.59, 22.93, 20.551, 2.086, 2.142, 2.195, 2.101, 2.1, 2.088, 1.812, 1.92, 1.916, 1.869, 2.057, 2.555], "Total dispersion C6": 10685.859912, "Total dispersion C8": 323431.600602, "Polarizability alpha": [6.33, 5.777, 21.515, 21.231, 5.75, 6.343, 20.215, 6.571, 7.748, 6.158, 7.053, 6.643, 7.838, 6.078, 2.259, 2.289, 2.317, 2.267, 2.266, 2.26, 2.105, 2.167, 2.165, 2.138, 2.243, 2.5], "Total polarizability alpha": 162.224729, "Wiberg matrix": [[0.0, 0.9371509889226822, 0.0, 0.0, 0.0, 0.0, 0.0, 0.0, 0.0, 0.0, 0.0, 0.0, 0.0, 0.0, 0.9757339764645089, 0.9792171130786465, 0.9781003219565932, 0.0, 0.0, 0.0, 0.0, 0.0, 0.0, 0.0, 0.0, 0.0], [0.9371509889226822, 0.0, 1.235576733556298, 0.0, 0.0, 0.0, 0.0, 0.0, 0.0, 0.0, 0.0, 0.0, 0.0, 0.0, 0.0, 0.0, 0.0, 0.0, 0.0, 0.0, 0.0, 0.0, 0.0, 0.0, 0.0, 0.0], [0.0, 1.235576733556298, 0.0, 1.538073713246705, 1.2504614262654188, 0.0, 1.0070496203350765, 0.0, 0.0, 0.0, 0.0, 0.0, 0.0, 0.0, 0.0, 0.0, 0.0, 0.0, 0.0, 0.0, 0.0, 0.0, 0.0, 0.0, 0.0, 0.0], [0.0, 0.0, 1.538073713246705, 0.0, 0.0, 0.0, 0.14880282682976192, 0.0, 0.0, 0.0, 0.0, 0.0, 0.0, 0.0, 0.0, 0.0, 0.0, 0.0, 0.0, 0.0, 0.0, 0.0, 0.0, 0.0, 0.0, 0.0], [0.0, 0.0, 1.2504614262654188, 0.0, 0.0, 0.9396861448231912, 0.0, 0.0, 0.0, 0.0, 0.0, 0.0, 0.0, 0.0, 0.0, 0.0, 0.0, 0.0, 0.0, 0.0, 0.0, 0.0, 0.0, 0.0, 0.0, 0.0], [0.0, 0.0, 0.0, 0.0, 0.9396861448231912, 0.0, 0.0, 0.0, 0.0, 0.0, 0.0, 0.0, 0.0, 0.0, 0.0, 0.0, 0.0, 0.9764361764435251, 0.9760154420400664, 0.9772613169247256, 0.0, 0.0, 0.0, 0.0, 0.0, 0.0], [0.0, 0.0, 1.0070496203350765, 0.14880282682976192, 0.0, 0.0, 0.0, 0.9845198426101132, 0.0, 0.0, 0.0, 0.0, 0.0, 0.0, 0.0, 0.0, 0.0, 0.0, 0.0, 0.0, 0.0, 0.0, 0.0, 0.0, 0.0, 0.0], [0.0, 0.0, 0.0, 0.0, 0.0, 0.0, 0.9845198426101132, 0.0, 0.97586323084421, 0.0, 0.0, 0.0, 0.0, 0.0, 0.0, 0.0, 0.0, 0.0, 0.0, 0.0, 0.9422728907015694, 0.9573131130715238, 0.0, 0.0, 0.0, 0.0], [0.0, 0.0, 0.0, 0.0, 0.0, 0.0, 0.0, 0.97586323084421, 0.0, 1.7505419472445103, 1.131147022176116, 0.0, 0.0, 0.0, 0.0, 0.0, 0.0, 0.0, 0.0, 0.0, 0.0, 0.0, 0.0, 0.0, 0.0, 0.0], [0.0, 0.0, 0.0, 0.0, 0.0, 0.0, 0.0, 0.0, 1.7505419472445103, 0.0, 0.1303163813947918, 0.0, 0.0, 0.0, 0.0, 0.0, 0.0, 0.0, 0.0, 0.0, 0.0, 0.0, 0.0, 0.0, 0.0, 0.0], [0.0, 0.0, 0.0, 0.0, 0.0, 0.0, 0.0, 0.0, 1.131147022176116, 0.1303163813947918, 0.0, 0.9759715204031154, 1.1573091378960763, 0.15105921684678653, 0.0, 0.0, 0.0, 0.0, 0.0, 0.0, 0.0, 0.0, 0.0, 0.0, 0.0, 0.0], [0.0, 0.0, 0.0, 0.0, 0.0, 0.0, 0.0, 0.0, 0.0, 0.0, 0.9759715204031154, 0.0, 0.0, 0.0, 0.0, 0.0, 0.0, 0.0, 0.0, 0.0, 0.0, 0.0, 0.9760550691063243, 0.9744464686351897, 0.9718569106818132, 0.0], [0.0, 0.0, 0.0, 0.0, 0.0, 0.0, 0.0, 0.0, 0.0, 0.0, 1.1573091378960763, 0.0, 0.0, 1.8023577515850397, 0.0, 0.0, 0.0, 0.0, 0.0, 0.0, 0.0, 0.0, 0.0, 0.0, 0.0, 0.9266954164614192], [0.0, 0.0, 0.0, 0.0, 0.0, 0.0, 0.0, 0.0, 0.0, 0.0, 0.15105921684678653, 0.0, 1.8023577515850397, 0.0, 0.0, 0.0, 0.0, 0.0, 0.0, 0.0, 0.0, 0.0, 0.0, 0.0, 0.0, 0.0], [0.9757339764645089, 0.0, 0.0, 0.0, 0.0, 0.0, 0.0, 0.0, 0.0, 0.0, 0.0, 0.0, 0.0, 0.0, 0.0, 0.0, 0.0, 0.0, 0.0, 0.0, 0.0, 0.0, 0.0, 0.0, 0.0, 0.0], [0.9792171130786465, 0.0, 0.0, 0.0, 0.0, 0.0, 0.0, 0.0, 0.0, 0.0, 0.0, 0.0, 0.0, 0.0, 0.0, 0.0, 0.0, 0.0, 0.0, 0.0, 0.0, 0.0, 0.0, 0.0, 0.0, 0.0], [0.9781003219565932, 0.0, 0.0, 0.0, 0.0, 0.0, 0.0, 0.0, 0.0, 0.0, 0.0, 0.0, 0.0, 0.0, 0.0, 0.0, 0.0, 0.0, 0.0, 0.0, 0.0, 0.0, 0.0, 0.0, 0.0, 0.0], [0.0, 0.0, 0.0, 0.0, 0.0, 0.9764361764435251, 0.0, 0.0, 0.0, 0.0, 0.0, 0.0, 0.0, 0.0, 0.0, 0.0, 0.0, 0.0, 0.0, 0.0, 0.0, 0.0, 0.0, 0.0, 0.0, 0.0], [0.0, 0.0, 0.0, 0.0, 0.0, 0.9760154420400664, 0.0, 0.0, 0.0, 0.0, 0.0, 0.0, 0.0, 0.0, 0.0, 0.0, 0.0, 0.0, 0.0, 0.0, 0.0, 0.0, 0.0, 0.0, 0.0, 0.0], [0.0, 0.0, 0.0, 0.0, 0.0, 0.9772613169247256, 0.0, 0.0, 0.0, 0.0, 0.0, 0.0, 0.0, 0.0, 0.0, 0.0, 0.0, 0.0, 0.0, 0.0, 0.0, 0.0, 0.0, 0.0, 0.0, 0.0], [0.0, 0.0, 0.0, 0.0, 0.0, 0.0, 0.0, 0.9422728907015694, 0.0, 0.0, 0.0, 0.0, 0.0, 0.0, 0.0, 0.0, 0.0, 0.0, 0.0, 0.0, 0.0, 0.0, 0.0, 0.0, 0.0, 0.0], [0.0, 0.0, 0.0, 0.0, 0.0, 0.0, 0.0, 0.9573131130715238, 0.0, 0.0, 0.0, 0.0, 0.0, 0.0, 0.0, 0.0, 0.0, 0.0, 0.0, 0.0, 0.0, 0.0, 0.0, 0.0, 0.0, 0.0], [0.0, 0.0, 0.0, 0.0, 0.0, 0.0, 0.0, 0.0, 0.0, 0.0, 0.0, 0.9760550691063243, 0.0, 0.0, 0.0, 0.0, 0.0, 0.0, 0.0, 0.0, 0.0, 0.0, 0.0, 0.0, 0.0, 0.0], [0.0, 0.0, 0.0, 0.0, 0.0, 0.0, 0.0, 0.0, 0.0, 0.0, 0.0, 0.9744464686351897, 0.0, 0.0, 0.0, 0.0, 0.0, 0.0, 0.0, 0.0, 0.0, 0.0, 0.0, 0.0, 0.0, 0.0], [0.0, 0.0, 0.0, 0.0, 0.0, 0.0, 0.0, 0.0, 0.0, 0.0, 0.0, 0.9718569106818132, 0.0, 0.0, 0.0, 0.0, 0.0, 0.0, 0.0, 0.0, 0.0, 0.0, 0.0, 0.0, 0.0, 0.0], [0.0, 0.0, 0.0, 0.0, 0.0, 0.0, 0.0, 0.0, 0.0, 0.0, 0.0, 0.0, 0.9266954164614192, 0.0, 0.0, 0.0, 0.0, 0.0, 0.0, 0.0, 0.0, 0.0, 0.0, 0.0, 0.0, 0.0]], "Born radii": [], "Atomic SASAs": [], "Solvent H bonds": [], "Total SASA": NaN, "Total FOD": 0.0, "FOD": [0.0, 0.0, 0.0, 0.0, 0.0, 0.0, 0.0, 0.0, 0.0, 0.0, 0.0, 0.0, 0.0, 0.0, 0.0, 0.0, 0.0, 0.0, 0.0, 0.0, 0.0, 0.0, 0.0, 0.0, 0.0, 0.0], "FOD s proportion": [0.0, 0.0, 0.0, 0.0, 0.0, 0.0, 0.0, 0.0, 0.0, 0.0, 0.0, 0.0, 0.0, 0.0, 0.0, 0.0, 0.0, 0.0, 0.0, 0.0, 0.0, 0.0, 0.0, 0.0, 0.0, 0.0], "FOD p proportion": [0.0, 0.0, 0.0, 0.0, 0.0, 0.0, 0.0, 0.0, 0.0, 0.0, 0.0, 0.0, 0.0, 0.0, 0.0, 0.0, 0.0, 0.0, 0.0, 0.0, 0.0, 0.0, 0.0, 0.0, 0.0, 0.0], "FOD d proportion": [0.0, 0.0, 0.0, 0.0, 0.0, 0.0, 0.0, 0.0, 0.0, 0.0, 0.0, 0.0, 0.0, 0.0, 0.0, 0.0, 0.0, 0.0, 0.0, 0.0, 0.0, 0.0, 0.0, 0.0, 0.0, 0.0], "coordinates": [["-3.50590", "2.75160", "0.12090"], ["-2.33650", "2.38290", "0.82680"], ["-1.53780", "1.02330", "0.40900"], ["-0.95590", "1.10490", "-1.45770"], ["-2.73000", "-0.04680", "0.68200"], ["-2.45630", "-1.43010", "0.59030"], ["-0.11340", "0.81910", "1.95590"], ["1.46980", "0.54830", "1.11950"], ["1.48130", "-0.72620", "0.28010"], ["0.60900", "-1.58990", "0.40460"], ["2.54930", "-0.88080", "-0.61320"], ["2.50830", "-2.03980", "-1.48690"], ["3.74920", "-0.18040", "-0.56990"], ["4.77070", "-0.46180", "-1.18580"], ["-4.07770", "3.44790", "0.73990"], ["-3.23520", "3.25770", "-0.80910"], ["-4.13470", "1.88450", "-0.09660"], ["-3.40410", "-1.97260", "0.64090"], ["-1.97210", "-1.67260", "-0.35810"], ["-1.83470", "-1.74710", "1.43050"], ["2.24680", "0.46770", "1.88540"], ["1.67190", "1.41800", "0.48860"], ["1.48390", "-2.23560", "-1.81870"], ["3.14090", "-1.89110", "-2.36710"], ["2.87300", "-2.90790", "-0.92830"], ["3.74040", "0.67670", "0.11720"]], "bond_dist": [[0.0, 1.4148253814517184, 2.63504081752067, 3.4214176666989955, 2.957684327307429, 4.33688960085451, 4.314027990173453, 5.532569325367735, 6.082154332142517, 5.988448041855253, 7.099202744674926, 7.855770900427277, 7.855590662069912, 8.974158011200828, 1.0931376537289348, 1.0928475190986162, 1.092958416409334, 4.753822554534403, 4.706966016448387, 4.974561617871467, 6.436087068242629, 5.359412756076919, 7.316578164688736, 8.48084651022526, 8.591922142338115, 7.537512015910821], [1.4148253814517184, 0.0, 1.6312543302624516, 2.959439239112707, 2.465613793764141, 3.82220529145152, 2.9432143754745423, 4.235487001514701, 4.9538853983514795, 4.963603824843397, 6.049494138355702, 6.955973693164746, 6.74959423002598, 7.915501796475066, 2.042927813213184, 2.06133586297818, 2.081968626084456, 4.488285732882878, 4.240737626875778, 4.203945400454197, 5.078903807909734, 4.136747733425378, 6.551692045571128, 7.646566809359609, 7.629667810593067, 6.351642638719531], [2.63504081752067, 1.6312543302624516, 0.0, 1.9569964384229217, 1.625110411633622, 2.6259633470404724, 2.112702679034606, 3.126674433003859, 3.491751748048535, 3.381949709856727, 4.623297098392013, 5.417374237580417, 5.509946270155454, 6.674285077819197, 3.5269352106325966, 3.058999465511558, 2.7822987636125633, 3.5372687359034507, 2.8363595875699543, 2.9676131857100247, 4.10020066338222, 3.234856772718075, 4.9712923259450355, 6.171765732754283, 6.057875978426763, 5.297610219712281], [3.4214176666989955, 2.959439239112707, 1.9569964384229217, 0.0, 3.0086807391280317, 3.5877192142083807, 3.527627084882981, 3.5827062243505257, 3.5089627940461265, 3.6302920461031785, 4.116140398480111, 4.678746880308871, 4.957635619930129, 5.9432672882851225, 4.47936714280042, 3.2016305673828143, 3.544733954755984, 4.457444497691474, 3.1553587513942056, 4.15305823219468, 4.6732888568972495, 3.2850339632947474, 4.1523349202587205, 5.156238415744562, 5.571651766756426, 4.971810428807599], [2.957684327307429, 2.465613793764141, 1.625110411633622, 3.0086807391280317, 0.0, 1.4130957044729844, 3.0363134851329168, 4.2642549525092885, 4.284641835673082, 3.688770712581632, 5.4994642948199965, 6.009655822091645, 6.60038901959574, 7.740891572034839, 3.746007980504046, 3.660372453726533, 2.5118359301514896, 2.0407855497332394, 2.073510564236411, 2.0622401484793182, 5.146010109784084, 4.643249531308865, 5.366684184857537, 6.867744907172951, 6.494040983855892, 6.535176160594296], [4.33688960085451, 3.82220529145152, 2.6259633470404724, 3.5877192142083807, 1.4130957044729844, 0.0, 3.5232008756243234, 4.428135093919335, 4.012031033030527, 3.075074734051191, 5.177467923608992, 5.416063800399697, 6.435529844542717, 7.504776152557784, 5.142587103783464, 4.953834313943089, 3.7782841780363743, 1.0932481191385603, 1.0921165001958355, 1.092159145912353, 5.234317382429155, 5.016378348968506, 4.6879939515745965, 6.347234326854492, 5.735109178559725, 6.5621277601095205], [4.314027990173453, 2.9432143754745423, 2.112702679034606, 3.527627084882981, 3.0363134851329168, 3.5232008756243234, 0.0, 1.8109168506588036, 2.7819643815117407, 2.9549406846838737, 4.071843085139701, 5.186472012842642, 4.722112308067227, 5.946882923851789, 4.909676153271212, 4.830903662877164, 4.6388238918932885, 4.511265939844381, 3.8752974827747098, 3.134374146460502, 2.3872570557022135, 2.387246654621177, 5.111767261916372, 6.051775072654304, 5.579222490634336, 4.272337754672494], [5.532569325367735, 4.235487001514701, 3.126674433003859, 3.5827062243505257, 4.2642549525092885, 4.428135093919335, 1.8109168506588036, 0.0, 1.526130682477749, 2.4132877760432967, 2.4919663621325228, 3.817075427601608, 2.929290086351982, 4.150981921184432, 6.27108703256461, 5.761716004802736, 5.888526972002421, 5.508075524173575, 4.354580827129059, 4.035505223636812, 1.0939964213835436, 1.093278239973704, 4.047631067674029, 4.571610999418039, 4.255322963066376, 2.4853000241419543], [6.082154332142517, 4.9538853983514795, 3.491751748048535, 3.5089627940461265, 4.284641835673082, 4.012031033030527, 2.7819643815117407, 1.526130682477749, 0.0, 1.2338497598978575, 1.4008961596064142, 2.429519079982703, 2.482693708454589, 3.6109448251115657, 6.966850640712775, 6.269225478478183, 6.204604208166706, 5.05478216741335, 3.6371614976517064, 3.655340335727988, 2.1420493808500307, 2.162728427241848, 2.5851995203465434, 3.3345062618024874, 2.8560242190849854, 2.6642442887242903], [5.988448041855253, 4.963603824843397, 3.381949709856727, 3.6302920461031785, 3.688770712581632, 3.075074734051191, 2.9549406846838737, 2.4132877760432967, 1.2338497598978575, 0.0, 2.302933724621705, 2.717999770051499, 3.577316947098761, 4.595838189057574, 6.888904979748233, 6.304773357544266, 5.901300406690037, 4.038225921119322, 2.6926989787200504, 2.6549674837933512, 3.0180913239993252, 3.1912810625201913, 2.4749629067927463, 3.766106735078017, 2.9392928418243733, 3.87630497768171], [7.099202744674926, 6.049494138355702, 4.623297098392013, 4.116140398480111, 5.4994642948199965, 5.177467923608992, 4.071843085139701, 2.4919663621325228, 1.4008961596064142, 2.302933724621705, 0.0, 1.4520033367730256, 1.3900341938240224, 2.3319626326337217, 8.030295903638919, 7.115194959380944, 7.251869803712695, 6.181243047316616, 4.597290637973631, 4.913923216738333, 2.855338939600691, 2.6959739316247107, 2.103280877581499, 2.108758369277998, 2.076825488576255, 2.0923693794356675], [7.855770900427277, 6.955973693164746, 5.417374237580417, 4.678746880308871, 6.009655822091645, 5.416063800399697, 5.186472012842642, 3.817075427601608, 2.429519079982703, 2.717999770051499, 1.4520033367730256, 0.0, 2.4162140157692984, 2.7747430457611744, 8.85713754719887, 7.842876471040455, 7.8398031595187385, 6.283989373001836, 4.634976746435736, 5.240090175750795, 4.210504220399263, 4.069219341593667, 1.0944515704223738, 1.0940961977815296, 1.0948231181337014, 3.386824393144705], [7.855590662069912, 6.74959423002598, 5.509946270155454, 4.957635619930129, 6.60038901959574, 6.435529844542717, 4.722112308067227, 2.929290086351982, 2.482693708454589, 3.577316947098761, 1.3900341938240224, 2.4162140157692984, 0.0, 1.2255533525718083, 8.725852424835066, 7.7884267737457735, 8.163559524496652, 7.473133102655137, 5.916484916738993, 6.134825854089096, 2.9505486710101905, 2.826743727330088, 3.3037755023608972, 2.5546920010052094, 2.887115039273634, 1.0985464305162527], [8.974158011200828, 7.915501796475066, 6.674285077819197, 5.9432672882851225, 7.740891572034839, 7.504776152557784, 5.946882923851789, 4.150981921184432, 3.6109448251115657, 4.595838189057574, 2.3319626326337217, 2.7747430457611744, 1.2255533525718083, 0.0, 9.863480984926163, 8.835780551258615, 9.273490685281352, 8.511562992188919, 6.900469242739946, 7.219995217449939, 4.082439332066063, 3.992471019306214, 3.788137153008058, 2.4687276520507484, 3.1066021228989076, 2.0138295210866284], [1.0931376537289348, 2.042927813213184, 3.5269352106325966, 4.47936714280042, 3.746007980504046, 5.142587103783464, 4.909676153271212, 6.27108703256461, 6.966850640712775, 6.888904979748233, 8.030295903638919, 8.85713754719887, 8.725852424835066, 9.863480984926163, 0.0, 1.7735228473295743, 1.7740351772160552, 5.4630905365003795, 5.644348997891608, 5.700526498491171, 7.084706242322261, 6.102585178430531, 8.353442450271626, 9.50087132635739, 9.5651092712002, 8.318052196277684], [1.0928475190986162, 2.06133586297818, 3.058999465511558, 3.2016305673828143, 3.660372453726533, 4.953834313943089, 4.830903662877164, 5.761716004802736, 6.269225478478183, 6.304773357544266, 7.115194959380944, 7.842876471040455, 7.7884267737457735, 8.835780551258615, 1.7735228473295743, 0.0, 1.7895347831210209, 5.430199379396671, 5.109469708296547, 5.659083976227954, 6.715411696240223, 5.398902832057639, 7.3120135298014866, 8.342191357790828, 8.679800645176133, 7.495237691361095], [1.092958416409334, 2.081968626084456, 2.7822987636125633, 3.544733954755984, 2.5118359301514896, 3.7782841780363743, 4.6388238918932885, 5.888526972002421, 6.204604208166706, 5.901300406690037, 7.251869803712695, 7.8398031595187385, 8.163559524496652, 9.273490685281352, 1.7740351772160552, 1.7895347831210209, 0.0, 3.994358899748494, 4.171112731634089, 4.561858499559143, 6.830753142223776, 5.854629352059787, 7.177013193522776, 8.505567645372059, 8.53033891120394, 7.970049641627083], [4.753822554534403, 4.488285732882878, 3.5372687359034507, 4.457444497691474, 2.0407855497332394, 1.0932481191385603, 4.511265939844381, 5.508075524173575, 5.05478216741335, 4.038225921119322, 6.181243047316616, 6.283989373001836, 7.473133102655137, 8.511562992188919, 5.4630905365003795, 5.430199379396671, 3.994358899748494, 0.0, 1.7716164934883623, 1.7712523168651046, 6.27984993053178, 6.106155881567388, 5.4782611438302204, 7.203591552135642, 6.537519341462786, 7.637861770809944], [4.706966016448387, 4.240737626875778, 2.8363595875699543, 3.1553587513942056, 2.073510564236411, 1.0921165001958355, 3.8752974827747098, 4.354580827129059, 3.6371614976517064, 2.6926989787200504, 4.597290637973631, 4.634976746435736, 5.916484916738993, 6.900469242739946, 5.644348997891608, 5.109469708296547, 4.171112731634089, 1.7716164934883623, 0.0, 1.795416099404258, 5.235770578434468, 4.852570993813486, 3.7939764574915325, 5.497871610905442, 5.032503168404368, 6.194979970104827], [4.974561617871467, 4.203945400454197, 2.9676131857100247, 4.15305823219468, 2.0622401484793182, 1.092159145912353, 3.134374146460502, 4.035505223636812, 3.655340335727988, 2.6549674837933512, 4.913923216738333, 5.240090175750795, 6.134825854089096, 7.219995217449939, 5.700526498491171, 5.659083976227954, 4.561858499559143, 1.7712523168651046, 1.795416099404258, 0.0, 4.665931343258278, 4.816770409724756, 4.670014866143362, 6.260918232975096, 5.3920157056522005, 6.219429502775958], [6.436087068242629, 5.078903807909734, 4.10020066338222, 4.6732888568972495, 5.146010109784084, 5.234317382429155, 2.3872570557022135, 1.0939964213835436, 2.1420493808500307, 3.0180913239993252, 2.855338939600691, 4.210504220399263, 2.9505486710101905, 4.082439332066063, 7.084706242322261, 6.715411696240223, 6.830753142223776, 6.27984993053178, 5.235770578434468, 4.665931343258278, 0.0, 1.7845532606229493, 4.6486776732744115, 4.944401733273704, 4.438886064093108, 2.3240166092349686], [5.359412756076919, 4.136747733425378, 3.234856772718075, 3.2850339632947474, 4.643249531308865, 5.016378348968506, 2.387246654621177, 1.093278239973704, 2.162728427241848, 3.1912810625201913, 2.6959739316247107, 4.069219341593667, 2.826743727330088, 3.992471019306214, 6.102585178430531, 5.398902832057639, 5.854629352059787, 6.106155881567388, 4.852570993813486, 4.816770409724756, 1.7845532606229493, 0.0, 4.325247998670134, 4.6111957559834735, 4.707829396866458, 2.2284873569307053], [7.316578164688736, 6.551692045571128, 4.9712923259450355, 4.1523349202587205, 5.366684184857537, 4.6879939515745965, 5.111767261916372, 4.047631067674029, 2.5851995203465434, 2.4749629067927463, 2.103280877581499, 1.0944515704223738, 3.3037755023608972, 3.788137153008058, 8.353442450271626, 7.3120135298014866, 7.177013193522776, 5.4782611438302204, 3.7939764574915325, 4.670014866143362, 4.6486776732744115, 4.325247998670134, 0.0, 1.7790648695311813, 1.7816841078036256, 4.161849630873273], [8.48084651022526, 7.646566809359609, 6.171765732754283, 5.156238415744562, 6.867744907172951, 6.347234326854492, 6.051775072654304, 4.571610999418039, 3.3345062618024874, 3.766106735078017, 2.108758369277998, 1.0940961977815296, 2.5546920010052094, 2.4687276520507484, 9.50087132635739, 8.342191357790828, 8.505567645372059, 7.203591552135642, 5.497871610905442, 6.260918232975096, 4.944401733273704, 4.6111957559834735, 1.7790648695311813, 0.0, 1.7820769035033253, 3.6228087970523646], [8.591922142338115, 7.629667810593067, 6.057875978426763, 5.571651766756426, 6.494040983855892, 5.735109178559725, 5.579222490634336, 4.255322963066376, 2.8560242190849854, 2.9392928418243733, 2.076825488576255, 1.0948231181337014, 2.887115039273634, 3.1066021228989076, 9.5651092712002, 8.679800645176133, 8.53033891120394, 6.537519341462786, 5.032503168404368, 5.3920157056522005, 4.438886064093108, 4.707829396866458, 1.7816841078036256, 1.7820769035033253, 0.0, 3.833381036369852], [7.537512015910821, 6.351642638719531, 5.297610219712281, 4.971810428807599, 6.535176160594296, 6.5621277601095205, 4.272337754672494, 2.4853000241419543, 2.6642442887242903, 3.87630497768171, 2.0923693794356675, 3.386824393144705, 1.0985464305162527, 2.0138295210866284, 8.318052196277684, 7.495237691361095, 7.970049641627083, 7.637861770809944, 6.194979970104827, 6.219429502775958, 2.3240166092349686, 2.2284873569307053, 4.161849630873273, 3.6228087970523646, 3.833381036369852, 0.0]]}