{"total energy": -42.39338899, "HOMO-LUMO gap/eV": 4.22004484, "electronic energy": -42.90425747, "dipole": [-0.09721964, 0.18769204, 0.73459358], "partial charges": [-0.10283783, -0.05209253, -0.06082828, 0.00549085, -0.11834207, 0.00354139, -0.10983208, 0.29426493, -0.44460559, -0.18589359, 0.008225, -0.05268587, -0.10267979, 0.03315039, 0.03452339, 0.04143645, 0.03374233, 0.02866603, 0.02927191, 0.04838142, 0.06641265, 0.04277723, 0.05147123, 0.05798269, 0.04646577, 0.05131749, 0.04308955, 0.05564869, 0.05540308, 0.04167168, 0.04156703, 0.03745166, 0.04035432, 0.03749049], "atomic dipole moments": [[0.05019146, 0.05188979, 0.08061904], [0.06103376, -0.07763235, -0.06175618], [-0.07708901, -0.09361349, 0.030534], [0.15977063, 0.06250707, 0.00374919], [-0.02588913, 0.01708762, 0.03262068], [-0.0627106, -0.10354673, -0.10343963], [0.00958846, 0.10546723, -0.06871628], [0.04805888, -0.00956201, 0.0189137], [0.07095816, 0.01878143, 0.17150326], [-0.23115153, -0.03780762, -0.45990701], [0.03670402, 0.02208988, 0.14468898], [-0.09151109, 0.00445768, -0.08820557], [-0.03271248, 0.03086049, 0.10269417], [-0.11631301, 0.04218247, -0.01094683], [-0.00945253, -0.12399174, 0.02439047], [0.05646264, 0.01555964, -0.11383797], [-0.01081281, 0.11905034, -0.02225052], [-0.0595609, -0.01723211, 0.10619925], [0.04952553, 0.07972879, 0.07654301], [0.06125944, 0.02789009, -0.10983308], [-0.04444823, -0.0827512, -0.08817787], [-0.06185184, -0.02899539, 0.10414246], [-0.06218607, 0.09274244, 0.05513152], [0.12123968, 0.04242967, 0.00134839], [0.04514967, 0.02070062, 0.11712297], [0.06548154, -0.1016904, -0.04893273], [-0.11887301, -0.04011569, 0.01312267], [-0.07283485, -0.10137618, -0.03708721], [-0.02082844, 0.0998699, -0.08092932], [0.02430749, -0.09580943, 0.07763201], [0.07371029, 0.09527537, 0.03598439], [-0.01462929, 0.09397284, -0.0836912], [0.12205936, -0.03152762, 0.00011623], [-0.06497139, -0.10060899, -0.04125458]], "atomic quadrupole moments": [[-0.03017744, 0.07094759, -0.02861055, 0.12534028, 0.13513215, 0.05878799], [0.16209532, -0.00302508, -0.11248052, 0.12556328, 0.11575477, -0.0496148], [0.10012668, -0.11233683, 0.1100721, 0.0485031, -0.08341369, -0.21019878], [0.22374149, -0.11456766, -0.01110151, 0.05610895, -0.078006, -0.21263999], [0.03160911, -0.00750822, -0.04448666, 0.07210251, -0.0078349, 0.01287755], [-0.16773089, 0.03769201, -0.04747573, 0.1236016, -0.0564134, 0.21520662], [-0.12842194, 0.03000618, 0.12222063, -0.00516241, -0.1770271, 0.00620131], [-0.0398736, 0.12476016, 0.33783276, 0.01552285, -0.14808274, -0.29795916], [-0.04195388, 0.04573384, 0.1119618, -0.00484425, -0.04404492, -0.07000791], [0.27425245, -0.22167607, -0.4619984, -0.04703147, 0.16932516, 0.18774595], [0.04540034, -0.13302309, -0.28102535, -0.14024132, 0.16329443, 0.23562501], [0.12795393, -0.11637997, -0.19886817, -0.08681268, 0.09233336, 0.07091424], [-0.08547705, -0.0332241, -0.10381109, -0.0956401, 0.09504942, 0.18928814], [0.06473399, -0.04398017, -0.02121562, 0.0106989, 0.01123455, -0.04351838], [-0.0486671, -0.00318292, 0.070299, 0.01116287, -0.03038523, -0.0216319], [-0.00566417, 0.02130226, -0.03764178, -0.0513726, -0.01092551, 0.04330595], [-0.01872548, 0.00370328, 0.05032826, 0.01907136, -0.02335477, -0.03160278], [-0.00653766, 0.02057225, -0.0342328, -0.02391959, -0.02178909, 0.04077046], [-0.01544888, 0.00810996, -0.0017085, 0.03581768, 0.03895279, 0.01715738], [-0.01842272, -0.00975621, -0.02427807, -0.03099193, -0.00367897, 0.04270079], [-0.01214814, -0.00280341, -0.00203305, 0.02384822, 0.02895009, 0.01418119], [-0.00673115, -0.00951121, -0.03492872, -0.0266763, -0.0087632, 0.04165987], [0.00198408, -0.04142535, -0.00102734, -0.01334392, 0.01341869, -0.00095674], [0.04278812, 0.00854353, -0.03444232, -0.01112901, -0.01445499, -0.0083458], [-0.03284368, 0.01657695, -0.02801564, 0.0451297, 0.02299664, 0.06085933], [-0.0062023, -0.04049034, 0.01804571, -0.04154509, 0.03279577, -0.01184342], [0.07816536, 0.02190036, -0.02791335, -0.00166023, -0.00825735, -0.05025201], [-0.00719351, 0.03125763, 0.01629446, -0.00451858, 0.02185996, -0.00910095], [-0.03059827, -0.01352688, 0.01839749, -0.00707801, -0.02721252, 0.01220078], [-0.02403893, -0.01165583, 0.02166898, -0.00923888, -0.03800883, 0.00236996], [-0.00245458, 0.03071104, 0.02722325, -0.00223461, 0.02364919, -0.02476868], [-0.04792469, -0.02050633, 0.03930411, 0.00859804, -0.049879, 0.00862058], [0.07305382, -0.03094908, -0.04523951, 0.00883588, 0.00341941, -0.02781431], [-0.0056067, 0.05997185, 0.02860604, 0.0095153, 0.02381477, -0.02299933]], "number of molecular orbitals": 78, "number of electrons": 78, "number of unpaired electrons": 0, "orbital energies/eV": [-19.54491794, -18.85696192, -17.93090464, -17.34413723, -17.18060782, -17.06193156, -16.75995149, -16.24250146, -16.15723682, -16.04005212, -15.4178526, -15.35797186, -15.14521554, -14.95447503, -14.77116564, -14.479258, -14.21047876, -13.93283984, -13.86155905, -13.76328399, -13.62545668, -13.52672726, -13.40594438, -13.19587307, -12.98997164, -12.94528598, -12.90196326, -12.63592509, -12.48684789, -12.25169235, -12.15899325, -12.08005054, -11.96099268, -11.86506406, -11.75371772, -11.69525822, -10.8053293, -10.61259081, -10.13038884, -5.910344, -5.36749889, -3.73303504, -0.88158356, -0.03189186, 0.0003736, 1.10522111, 1.83617778, 2.50309698, 2.88299, 3.0297841, 3.17377724, 3.21020695, 3.41663556, 3.57567965, 3.68881344, 3.73931959, 3.84614224, 3.96178631, 4.27192199, 4.43887535, 4.60253652, 4.85296182, 5.18649815, 5.51284999, 5.70623004, 5.8323688, 6.00849317, 6.2368655, 6.47207901, 6.75665639, 6.95099254, 7.33808189, 7.36634842, 7.79252825, 8.06260554, 9.53190488, 13.35325069, 16.16280783], "fractional occupation": [2.0, 2.0, 2.0, 2.0, 2.0, 2.0, 2.0, 2.0, 2.0, 2.0, 2.0, 2.0, 2.0, 2.0, 2.0, 2.0, 2.0, 2.0, 2.0, 2.0, 2.0, 2.0, 2.0, 2.0, 2.0, 2.0, 2.0, 2.0, 2.0, 2.0, 2.0, 2.0, 2.0, 2.0, 2.0, 2.0, 2.0, 2.0, 2.0, 0.0, 0.0, 0.0, 0.0, 0.0, 0.0, 0.0, 0.0, 0.0, 0.0, 0.0, 0.0, 0.0, 0.0, 0.0, 0.0, 0.0, 0.0, 0.0, 0.0, 0.0, 0.0, 0.0, 0.0, 0.0, 0.0, 0.0, 0.0, 0.0, 0.0, 0.0, 0.0, 0.0, 0.0, 0.0, 0.0, 0.0, 0.0, 0.0], "program call": "xtb /home/svss/Project-DBcg-Debug/aqme2_20220329/End-to-End-workflows-final/example-3/QDESCP/mol_575_rdkit_conf_22/mol_575_rdkit_conf_22.xyz --pop --wbo --acc 0.2 --gfn 2 --chrg 0 --uhf 0 --etemp 300 --input /home/svss/Project-DBcg-Debug/aqme2_20220329/End-to-End-workflows-final/example-3/QDESCP/mol_575_rdkit_conf_22/mol_575_rdkit_conf_22_xtb.inp", "method": "GFN2-xTB", "xtb version": "6.3.3 (7355c4f)", "Dipole module/D": 1.943, "Total charge": 0, "Transition dipole module/D": NaN, "HOMO": -10.1304, "LUMO": -5.9103, "HOMO occupancy": 2.0, "LUMO occupancy": 0, "mulliken charges": [-0.08562, -0.04023, -0.05772, 0.09605, -0.29595, 0.09513, -0.09539, 0.49712, -0.5618, -0.12907, 0.03319, -0.04204, -0.08377, 0.02802, 0.02802, 0.03544, 0.02614, 0.01905, 0.02221, 0.04399, 0.05206, 0.02172, 0.03143, 0.03247, 0.03376, 0.03753, 0.0352, 0.04066, 0.04061, 0.02582, 0.02583, 0.02985, 0.03038, 0.02987], "cm5 charges": [-0.23601, -0.15239, -0.16227, 0.0477, -0.54973, 0.04413, -0.23985, 0.60603, -0.60931, -0.16273, -0.05742, -0.15158, -0.23406, 0.0788, 0.07987, 0.08693, 0.08039, 0.07374, 0.07972, 0.10272, 0.12249, 0.08761, 0.09654, 0.09876, 0.08497, 0.09156, 0.08865, 0.09967, 0.09963, 0.08097, 0.08096, 0.08116, 0.08116, 0.08118], "FUKUI+": [0.008, 0.006, 0.004, 0.021, -0.06, 0.017, 0.014, -0.04, -0.143, -0.382, 0.026, 0.011, 0.017, -0.02, -0.001, -0.004, -0.021, -0.014, -0.013, -0.002, -0.021, -0.041, -0.047, -0.009, -0.035, -0.0, -0.026, -0.062, -0.061, -0.024, -0.023, -0.02, -0.035, -0.02], "FUKUI-": [0.013, 0.006, -0.002, 0.011, -0.082, 0.018, 0.009, 0.025, -0.059, -0.286, 0.036, 0.01, 0.012, -0.04, -0.039, -0.024, -0.066, -0.036, -0.028, -0.024, -0.038, -0.042, -0.041, -0.024, -0.037, -0.013, -0.023, -0.055, -0.055, -0.028, -0.028, -0.02, -0.028, -0.021], "FUKUIrad": [0.011, 0.006, 0.001, 0.016, -0.071, 0.018, 0.012, -0.007, -0.101, -0.334, 0.031, 0.01, 0.014, -0.03, -0.02, -0.014, -0.043, -0.025, -0.021, -0.013, -0.03, -0.042, -0.044, -0.016, -0.036, -0.007, -0.025, -0.059, -0.058, -0.026, -0.026, -0.02, -0.031, -0.021], "s proportion": [1.007, 1.027, 1.035, 1.009, 1.446, 1.005, 1.012, 0.995, 1.73, 1.925, 1.038, 1.028, 1.008, 0.972, 0.972, 0.965, 0.974, 0.981, 0.978, 0.956, 0.948, 0.978, 0.969, 0.968, 0.966, 0.962, 0.965, 0.959, 0.959, 0.974, 0.974, 0.97, 0.97, 0.97], "p proportion": [3.078, 3.013, 3.022, 2.895, 3.85, 2.899, 3.084, 2.507, 4.832, 4.204, 2.929, 3.014, 3.075, 0.0, 0.0, 0.0, 0.0, 0.0, 0.0, 0.0, 0.0, 0.0, 0.0, 0.0, 0.0, 0.0, 0.0, 0.0, 0.0, 0.0, 0.0, 0.0, 0.0, 0.0], "d proportion": [0.0, 0.0, 0.0, 0.0, 0.0, 0.0, 0.0, 0.0, 0.0, 0.0, 0.0, 0.0, 0.0, 0.0, 0.0, 0.0, 0.0, 0.0, 0.0, 0.0, 0.0, 0.0, 0.0, 0.0, 0.0, 0.0, 0.0, 0.0, 0.0, 0.0, 0.0, 0.0, 0.0, 0.0], "Fermi-level/eV": -8.0204, "Coordination numbers": [3.749, 3.799, 3.8, 3.744, 2.762, 3.736, 3.749, 2.749, 0.879, 2.043, 3.795, 3.839, 3.75, 0.924, 0.924, 0.924, 0.924, 0.924, 0.924, 0.924, 0.924, 0.924, 0.924, 0.924, 0.924, 0.924, 0.924, 0.924, 0.924, 0.924, 0.924, 0.924, 0.924, 0.924], "Dispersion coefficient C6": [22.53, 21.511, 21.67, 20.556, 23.574, 20.603, 22.666, 22.008, 22.582, 148.941, 20.445, 21.49, 22.525, 2.542, 2.523, 2.43, 2.534, 2.606, 2.597, 2.34, 2.126, 2.412, 2.302, 2.223, 2.365, 2.304, 2.408, 2.251, 2.254, 2.427, 2.428, 2.483, 2.444, 2.483], "Total dispersion C6": 10116.497412, "Total dispersion C8": 241426.34687, "Polarizability alpha": [6.77, 6.604, 6.628, 6.468, 7.211, 6.477, 6.79, 7.682, 6.372, 20.541, 6.439, 6.595, 6.769, 2.493, 2.484, 2.438, 2.489, 2.524, 2.52, 2.392, 2.28, 2.429, 2.373, 2.332, 2.405, 2.374, 2.427, 2.346, 2.348, 2.436, 2.437, 2.464, 2.445, 2.464], "Total polarizability alpha": 152.243361, "Wiberg matrix": [[0.0, 1.021194569350851, 0.0, 0.0, 0.0, 0.0, 0.0, 0.0, 0.0, 0.0, 0.0, 0.0, 0.0, 0.9870278980228953, 0.9861603962222664, 0.9868137972473225, 0.0, 0.0, 0.0, 0.0, 0.0, 0.0, 0.0, 0.0, 0.0, 0.0, 0.0, 0.0, 0.0, 0.0, 0.0, 0.0, 0.0, 0.0], [1.021194569350851, 0.0, 1.0056604326576282, 0.0, 0.0, 0.0, 0.0, 0.0, 0.0, 0.0, 0.0, 0.0, 0.0, 0.0, 0.0, 0.0, 0.9774694873334605, 0.9777087421643212, 0.0, 0.0, 0.0, 0.0, 0.0, 0.0, 0.0, 0.0, 0.0, 0.0, 0.0, 0.0, 0.0, 0.0, 0.0, 0.0], [0.0, 1.0056604326576282, 0.0, 0.9971772833890955, 0.0, 0.0, 0.0, 0.0, 0.0, 0.0, 0.0, 0.0, 0.0, 0.0, 0.0, 0.0, 0.0, 0.0, 0.9757618246990053, 0.9754753765487548, 0.0, 0.0, 0.0, 0.0, 0.0, 0.0, 0.0, 0.0, 0.0, 0.0, 0.0, 0.0, 0.0, 0.0], [0.0, 0.0, 0.9971772833890955, 0.0, 0.9790465970497305, 0.0, 0.0, 0.0, 0.0, 0.0, 0.0, 0.0, 0.0, 0.0, 0.0, 0.0, 0.0, 0.0, 0.0, 0.0, 0.9661503445846573, 0.969968283793949, 0.0, 0.0, 0.0, 0.0, 0.0, 0.0, 0.0, 0.0, 0.0, 0.0, 0.0, 0.0], [0.0, 0.0, 0.0, 0.9790465970497305, 0.0, 0.9851349995354137, 0.0, 1.2131389890446098, 0.17112900745341597, 0.0, 0.0, 0.0, 0.0, 0.0, 0.0, 0.0, 0.0, 0.0, 0.0, 0.0, 0.0, 0.0, 0.0, 0.0, 0.0, 0.0, 0.0, 0.0, 0.0, 0.0, 0.0, 0.0, 0.0, 0.0], [0.0, 0.0, 0.0, 0.0, 0.9851349995354137, 0.0, 1.0112478804837925, 0.0, 0.0, 0.0, 0.0, 0.0, 0.0, 0.0, 0.0, 0.0, 0.0, 0.0, 0.0, 0.0, 0.0, 0.0, 0.9689238707072014, 0.9649792047291429, 0.0, 0.0, 0.0, 0.0, 0.0, 0.0, 0.0, 0.0, 0.0, 0.0], [0.0, 0.0, 0.0, 0.0, 0.0, 1.0112478804837925, 0.0, 0.0, 0.0, 0.0, 0.0, 0.0, 0.0, 0.0, 0.0, 0.0, 0.0, 0.0, 0.0, 0.0, 0.0, 0.0, 0.0, 0.0, 0.9834582663165355, 0.9854221622058505, 0.9854265948614294, 0.0, 0.0, 0.0, 0.0, 0.0, 0.0, 0.0], [0.0, 0.0, 0.0, 0.0, 1.2131389890446098, 0.0, 0.0, 0.0, 1.656900384928116, 1.0220637054138324, 0.0, 0.0, 0.0, 0.0, 0.0, 0.0, 0.0, 0.0, 0.0, 0.0, 0.0, 0.0, 0.0, 0.0, 0.0, 0.0, 0.0, 0.0, 0.0, 0.0, 0.0, 0.0, 0.0, 0.0], [0.0, 0.0, 0.0, 0.0, 0.17112900745341597, 0.0, 0.0, 1.656900384928116, 0.0, 0.16100432916205687, 0.0, 0.0, 0.0, 0.0, 0.0, 0.0, 0.0, 0.0, 0.0, 0.0, 0.0, 0.0, 0.0, 0.0, 0.0, 0.0, 0.0, 0.0, 0.0, 0.0, 0.0, 0.0, 0.0, 0.0], [0.0, 0.0, 0.0, 0.0, 0.0, 0.0, 0.0, 1.0220637054138324, 0.16100432916205687, 0.0, 0.9811555868250077, 0.0, 0.0, 0.0, 0.0, 0.0, 0.0, 0.0, 0.0, 0.0, 0.0, 0.0, 0.0, 0.0, 0.0, 0.0, 0.0, 0.0, 0.0, 0.0, 0.0, 0.0, 0.0, 0.0], [0.0, 0.0, 0.0, 0.0, 0.0, 0.0, 0.0, 0.0, 0.0, 0.9811555868250077, 0.0, 1.010396838672548, 0.0, 0.0, 0.0, 0.0, 0.0, 0.0, 0.0, 0.0, 0.0, 0.0, 0.0, 0.0, 0.0, 0.0, 0.0, 0.9727287515040735, 0.9727763652235519, 0.0, 0.0, 0.0, 0.0, 0.0], [0.0, 0.0, 0.0, 0.0, 0.0, 0.0, 0.0, 0.0, 0.0, 0.0, 1.010396838672548, 0.0, 1.015494588475206, 0.0, 0.0, 0.0, 0.0, 0.0, 0.0, 0.0, 0.0, 0.0, 0.0, 0.0, 0.0, 0.0, 0.0, 0.0, 0.0, 0.9772926442749885, 0.9773030839511101, 0.0, 0.0, 0.0], [0.0, 0.0, 0.0, 0.0, 0.0, 0.0, 0.0, 0.0, 0.0, 0.0, 0.0, 1.015494588475206, 0.0, 0.0, 0.0, 0.0, 0.0, 0.0, 0.0, 0.0, 0.0, 0.0, 0.0, 0.0, 0.0, 0.0, 0.0, 0.0, 0.0, 0.0, 0.0, 0.98724690533275, 0.9856172016942885, 0.9872422039858311], [0.9870278980228953, 0.0, 0.0, 0.0, 0.0, 0.0, 0.0, 0.0, 0.0, 0.0, 0.0, 0.0, 0.0, 0.0, 0.0, 0.0, 0.0, 0.0, 0.0, 0.0, 0.0, 0.0, 0.0, 0.0, 0.0, 0.0, 0.0, 0.0, 0.0, 0.0, 0.0, 0.0, 0.0, 0.0], [0.9861603962222664, 0.0, 0.0, 0.0, 0.0, 0.0, 0.0, 0.0, 0.0, 0.0, 0.0, 0.0, 0.0, 0.0, 0.0, 0.0, 0.0, 0.0, 0.0, 0.0, 0.0, 0.0, 0.0, 0.0, 0.0, 0.0, 0.0, 0.0, 0.0, 0.0, 0.0, 0.0, 0.0, 0.0], [0.9868137972473225, 0.0, 0.0, 0.0, 0.0, 0.0, 0.0, 0.0, 0.0, 0.0, 0.0, 0.0, 0.0, 0.0, 0.0, 0.0, 0.0, 0.0, 0.0, 0.0, 0.0, 0.0, 0.0, 0.0, 0.0, 0.0, 0.0, 0.0, 0.0, 0.0, 0.0, 0.0, 0.0, 0.0], [0.0, 0.9774694873334605, 0.0, 0.0, 0.0, 0.0, 0.0, 0.0, 0.0, 0.0, 0.0, 0.0, 0.0, 0.0, 0.0, 0.0, 0.0, 0.0, 0.0, 0.0, 0.0, 0.0, 0.0, 0.0, 0.0, 0.0, 0.0, 0.0, 0.0, 0.0, 0.0, 0.0, 0.0, 0.0], [0.0, 0.9777087421643212, 0.0, 0.0, 0.0, 0.0, 0.0, 0.0, 0.0, 0.0, 0.0, 0.0, 0.0, 0.0, 0.0, 0.0, 0.0, 0.0, 0.0, 0.0, 0.0, 0.0, 0.0, 0.0, 0.0, 0.0, 0.0, 0.0, 0.0, 0.0, 0.0, 0.0, 0.0, 0.0], [0.0, 0.0, 0.9757618246990053, 0.0, 0.0, 0.0, 0.0, 0.0, 0.0, 0.0, 0.0, 0.0, 0.0, 0.0, 0.0, 0.0, 0.0, 0.0, 0.0, 0.0, 0.0, 0.0, 0.0, 0.0, 0.0, 0.0, 0.0, 0.0, 0.0, 0.0, 0.0, 0.0, 0.0, 0.0], [0.0, 0.0, 0.9754753765487548, 0.0, 0.0, 0.0, 0.0, 0.0, 0.0, 0.0, 0.0, 0.0, 0.0, 0.0, 0.0, 0.0, 0.0, 0.0, 0.0, 0.0, 0.0, 0.0, 0.0, 0.0, 0.0, 0.0, 0.0, 0.0, 0.0, 0.0, 0.0, 0.0, 0.0, 0.0], [0.0, 0.0, 0.0, 0.9661503445846573, 0.0, 0.0, 0.0, 0.0, 0.0, 0.0, 0.0, 0.0, 0.0, 0.0, 0.0, 0.0, 0.0, 0.0, 0.0, 0.0, 0.0, 0.0, 0.0, 0.0, 0.0, 0.0, 0.0, 0.0, 0.0, 0.0, 0.0, 0.0, 0.0, 0.0], [0.0, 0.0, 0.0, 0.969968283793949, 0.0, 0.0, 0.0, 0.0, 0.0, 0.0, 0.0, 0.0, 0.0, 0.0, 0.0, 0.0, 0.0, 0.0, 0.0, 0.0, 0.0, 0.0, 0.0, 0.0, 0.0, 0.0, 0.0, 0.0, 0.0, 0.0, 0.0, 0.0, 0.0, 0.0], [0.0, 0.0, 0.0, 0.0, 0.0, 0.9689238707072014, 0.0, 0.0, 0.0, 0.0, 0.0, 0.0, 0.0, 0.0, 0.0, 0.0, 0.0, 0.0, 0.0, 0.0, 0.0, 0.0, 0.0, 0.0, 0.0, 0.0, 0.0, 0.0, 0.0, 0.0, 0.0, 0.0, 0.0, 0.0], [0.0, 0.0, 0.0, 0.0, 0.0, 0.9649792047291429, 0.0, 0.0, 0.0, 0.0, 0.0, 0.0, 0.0, 0.0, 0.0, 0.0, 0.0, 0.0, 0.0, 0.0, 0.0, 0.0, 0.0, 0.0, 0.0, 0.0, 0.0, 0.0, 0.0, 0.0, 0.0, 0.0, 0.0, 0.0], [0.0, 0.0, 0.0, 0.0, 0.0, 0.0, 0.9834582663165355, 0.0, 0.0, 0.0, 0.0, 0.0, 0.0, 0.0, 0.0, 0.0, 0.0, 0.0, 0.0, 0.0, 0.0, 0.0, 0.0, 0.0, 0.0, 0.0, 0.0, 0.0, 0.0, 0.0, 0.0, 0.0, 0.0, 0.0], [0.0, 0.0, 0.0, 0.0, 0.0, 0.0, 0.9854221622058505, 0.0, 0.0, 0.0, 0.0, 0.0, 0.0, 0.0, 0.0, 0.0, 0.0, 0.0, 0.0, 0.0, 0.0, 0.0, 0.0, 0.0, 0.0, 0.0, 0.0, 0.0, 0.0, 0.0, 0.0, 0.0, 0.0, 0.0], [0.0, 0.0, 0.0, 0.0, 0.0, 0.0, 0.9854265948614294, 0.0, 0.0, 0.0, 0.0, 0.0, 0.0, 0.0, 0.0, 0.0, 0.0, 0.0, 0.0, 0.0, 0.0, 0.0, 0.0, 0.0, 0.0, 0.0, 0.0, 0.0, 0.0, 0.0, 0.0, 0.0, 0.0, 0.0], [0.0, 0.0, 0.0, 0.0, 0.0, 0.0, 0.0, 0.0, 0.0, 0.0, 0.9727287515040735, 0.0, 0.0, 0.0, 0.0, 0.0, 0.0, 0.0, 0.0, 0.0, 0.0, 0.0, 0.0, 0.0, 0.0, 0.0, 0.0, 0.0, 0.0, 0.0, 0.0, 0.0, 0.0, 0.0], [0.0, 0.0, 0.0, 0.0, 0.0, 0.0, 0.0, 0.0, 0.0, 0.0, 0.9727763652235519, 0.0, 0.0, 0.0, 0.0, 0.0, 0.0, 0.0, 0.0, 0.0, 0.0, 0.0, 0.0, 0.0, 0.0, 0.0, 0.0, 0.0, 0.0, 0.0, 0.0, 0.0, 0.0, 0.0], [0.0, 0.0, 0.0, 0.0, 0.0, 0.0, 0.0, 0.0, 0.0, 0.0, 0.0, 0.9772926442749885, 0.0, 0.0, 0.0, 0.0, 0.0, 0.0, 0.0, 0.0, 0.0, 0.0, 0.0, 0.0, 0.0, 0.0, 0.0, 0.0, 0.0, 0.0, 0.0, 0.0, 0.0, 0.0], [0.0, 0.0, 0.0, 0.0, 0.0, 0.0, 0.0, 0.0, 0.0, 0.0, 0.0, 0.9773030839511101, 0.0, 0.0, 0.0, 0.0, 0.0, 0.0, 0.0, 0.0, 0.0, 0.0, 0.0, 0.0, 0.0, 0.0, 0.0, 0.0, 0.0, 0.0, 0.0, 0.0, 0.0, 0.0], [0.0, 0.0, 0.0, 0.0, 0.0, 0.0, 0.0, 0.0, 0.0, 0.0, 0.0, 0.0, 0.98724690533275, 0.0, 0.0, 0.0, 0.0, 0.0, 0.0, 0.0, 0.0, 0.0, 0.0, 0.0, 0.0, 0.0, 0.0, 0.0, 0.0, 0.0, 0.0, 0.0, 0.0, 0.0], [0.0, 0.0, 0.0, 0.0, 0.0, 0.0, 0.0, 0.0, 0.0, 0.0, 0.0, 0.0, 0.9856172016942885, 0.0, 0.0, 0.0, 0.0, 0.0, 0.0, 0.0, 0.0, 0.0, 0.0, 0.0, 0.0, 0.0, 0.0, 0.0, 0.0, 0.0, 0.0, 0.0, 0.0, 0.0], [0.0, 0.0, 0.0, 0.0, 0.0, 0.0, 0.0, 0.0, 0.0, 0.0, 0.0, 0.0, 0.9872422039858311, 0.0, 0.0, 0.0, 0.0, 0.0, 0.0, 0.0, 0.0, 0.0, 0.0, 0.0, 0.0, 0.0, 0.0, 0.0, 0.0, 0.0, 0.0, 0.0, 0.0, 0.0]], "Born radii": [], "Atomic SASAs": [], "Solvent H bonds": [], "Total SASA": NaN, "Total FOD": 0.0, "FOD": [0.0, 0.0, 0.0, 0.0, 0.0, 0.0, 0.0, 0.0, 0.0, 0.0, 0.0, 0.0, 0.0, 0.0, 0.0, 0.0, 0.0, 0.0, 0.0, 0.0, 0.0, 0.0, 0.0, 0.0, 0.0, 0.0, 0.0, 0.0, 0.0, 0.0, 0.0, 0.0, 0.0, 0.0], "FOD s proportion": [0.0, 0.0, 0.0, 0.0, 0.0, 0.0, 0.0, 0.0, 0.0, 0.0, 0.0, 0.0, 0.0, 0.0, 0.0, 0.0, 0.0, 0.0, 0.0, 0.0, 0.0, 0.0, 0.0, 0.0, 0.0, 0.0, 0.0, 0.0, 0.0, 0.0, 0.0, 0.0, 0.0, 0.0], "FOD p proportion": [0.0, 0.0, 0.0, 0.0, 0.0, 0.0, 0.0, 0.0, 0.0, 0.0, 0.0, 0.0, 0.0, 0.0, 0.0, 0.0, 0.0, 0.0, 0.0, 0.0, 0.0, 0.0, 0.0, 0.0, 0.0, 0.0, 0.0, 0.0, 0.0, 0.0, 0.0, 0.0, 0.0, 0.0], "FOD d proportion": [0.0, 0.0, 0.0, 0.0, 0.0, 0.0, 0.0, 0.0, 0.0, 0.0, 0.0, 0.0, 0.0, 0.0, 0.0, 0.0, 0.0, 0.0, 0.0, 0.0, 0.0, 0.0, 0.0, 0.0, 0.0, 0.0, 0.0, 0.0, 0.0, 0.0, 0.0, 0.0, 0.0, 0.0], "coordinates": [["-4.25930", "1.46500", "-0.88330"], ["-3.53930", "2.22140", "0.22230"], ["-2.05710", "1.86310", "0.34030"], ["-1.81760", "0.41520", "0.77540"], ["-0.39440", "0.14540", "0.98280"], ["0.12650", "0.35960", "2.33740"], ["0.01740", "-0.89400", "3.19190"], ["0.34510", "-0.27750", "-0.12060"], ["-0.13530", "-0.39710", "-1.24300"], ["2.04080", "-0.65360", "0.16200"], ["2.52650", "-1.14540", "-1.51810"], ["4.00320", "-1.53220", "-1.54020"], ["4.43940", "-1.94960", "-2.93720"], ["-5.28560", "1.83300", "-0.98300"], ["-4.31190", "0.39380", "-0.66850"], ["-3.75570", "1.60160", "-1.84550"], ["-3.62170", "3.29590", "0.01950"], ["-4.04460", "2.03980", "1.17800"], ["-1.59650", "2.54090", "1.06980"], ["-1.55320", "2.05480", "-0.61500"], ["-2.20040", "-0.27420", "0.01500"], ["-2.35670", "0.19460", "1.70390"], ["-0.44010", "1.17520", "2.80160"], ["1.16630", "0.69570", "2.29960"], ["0.40880", "-0.70360", "4.19590"], ["0.58050", "-1.72580", "2.75770"], ["-1.02490", "-1.21480", "3.28830"], ["1.91280", "-1.99470", "-1.83700"], ["2.34830", "-0.31050", "-2.20420"], ["4.19100", "-2.36390", "-0.85030"], ["4.62430", "-0.68840", "-1.21560"], ["4.29980", "-1.13250", "-3.65220"], ["5.49900", "-2.22360", "-2.93710"], ["3.86490", "-2.81380", "-3.28560"]], "bond_dist": [[0.0, 1.5208196211253981, 2.550561783215611, 3.1329322718501267, 4.490114183403357, 5.5524822638167874, 6.360998265209636, 4.981818633792282, 4.539182360293536, 6.728475166038736, 7.298235460712404, 8.813831839784555, 9.567934994553422, 1.0948313934117893, 1.0937893947191115, 1.094578165322148, 2.138638915291686, 2.1506856627596695, 3.473134644668991, 2.7825934198154063, 2.840920403672021, 3.453607788965041, 5.314956320610735, 6.337176836731006, 7.231338479838985, 6.845564233867067, 5.919874826379355, 7.1395998620370875, 6.968325108661334, 9.277345218326198, 9.146906789182887, 9.363333074819032, 10.63241662511397, 9.49114325937608], [1.5208196211253981, 0.0, 1.5294507935857233, 2.555881245285078, 3.8442856631629234, 4.623638922969656, 5.58340005820826, 4.6314841012358015, 4.537715541988061, 6.2774817482809135, 7.152500544564816, 8.607277470838266, 9.541453502480636, 2.157119917853432, 2.1749844045417888, 2.1695109679372444, 1.0965709507368868, 1.0962067049603375, 2.143550405285586, 2.161809441185786, 2.8396559404265864, 2.7751755908410556, 4.165616829474358, 5.365222002862509, 6.319225867936673, 6.243508071589241, 5.246907069884124, 7.1931641236663015, 6.852901109749068, 9.051684094134085, 8.785149822854471, 9.365462309464494, 10.556074092672901, 9.616692731391597], [2.550561783215611, 1.5294507935857233, 0.0, 1.5307144312379106, 2.475453661452785, 3.3191911092915394, 4.476245437864193, 3.2504095141997107, 3.3628348413206384, 4.812312769344902, 5.789137394292867, 7.196636605387269, 8.214815870730153, 3.4893038202483884, 2.874133429400938, 2.780529778657298, 2.145647137811807, 2.16405185473916, 1.0971487820710555, 1.0969330836473117, 2.1666578571615775, 2.175559093658455, 3.0242177666299104, 3.9486689922048415, 5.247310078506891, 5.067638476647677, 4.385157836384, 5.94839155906872, 5.5323201615597055, 7.637002747806236, 7.319295254326061, 8.08231731745296, 9.194406716042096, 8.372014597455024], [3.1329322718501267, 2.555881245285078, 1.5307144312379106, 0.0, 1.4633198693382115, 2.494485953057263, 3.3046485274534114, 2.4412948572427706, 2.7502551045312145, 4.050412764151328, 5.154301060279658, 6.560189232026771, 7.6502108990536986, 4.138737899408466, 2.8821585070915163, 3.4688461165061786, 3.4820387864008637, 2.7858465356153417, 2.1573495451595233, 2.165965761502245, 1.0954525822690822, 1.0960864108271755, 2.5652665923837237, 3.36236897142476, 4.2318306499669855, 3.7768078982124575, 3.098376946079996, 5.152488324101279, 5.172946883547134, 6.81685933990133, 6.83228289592871, 7.708540705606995, 8.618500870220991, 7.694736398993795], [4.490114183403357, 3.8442856631629234, 2.475453661452785, 1.4633198693382115, 0.0, 1.467024065923937, 2.4758946685996155, 1.3939857316342947, 2.305563857280904, 2.691154525477866, 4.0561462325710105, 5.34029554612851, 6.566661818610731, 5.5349978175244114, 4.258556152030873, 4.627973316690579, 4.61183937599739, 4.117136679781229, 2.681610273697504, 2.746195666736076, 2.0914915730167314, 2.091178409414175, 2.090600385056886, 2.114846760406058, 3.419055841895537, 2.7571886877760106, 2.750091733015464, 4.225455228729799, 4.229328209065832, 5.539199875433274, 5.54215974959221, 6.719506458810796, 7.463909201618144, 6.716973998014284], [5.5524822638167874, 4.623638922969656, 3.3191911092915394, 2.494485953057263, 1.467024065923937, 0.0, 1.5210476718367507, 2.5486165600183956, 3.668841546046926, 3.0697693545281215, 4.7843395834744005, 5.800301017188677, 7.194088977069994, 6.5181891756836885, 5.360596889339843, 5.840436049645608, 5.295613405451724, 4.643851376820753, 3.055095489506016, 3.796282509245064, 3.3480901735168365, 2.5680400094235294, 1.0962301583153056, 1.0934240211372712, 2.159655014116838, 2.1752382053467154, 2.1699465730750145, 5.11460766237255, 5.100152920256412, 5.839438653672114, 5.82686174883187, 7.451047138489999, 7.959712855373615, 7.460846541780631], [6.360998265209636, 5.58340005820826, 4.476245437864193, 3.3046485274534114, 2.4758946685996155, 1.5210476718367507, 0.0, 3.385279277991699, 4.465262020307431, 3.6513331442091124, 5.342554142917037, 6.219861034621272, 7.631136361643657, 7.279294471993834, 5.9417131780320736, 6.770502324790975, 6.3923730006938735, 5.400261072392705, 4.348162787890996, 5.065046239670473, 3.9237077477814273, 3.005918290639318, 2.154815300669642, 2.1548356294622564, 1.0942861234613186, 1.0943045691214124, 1.094803585123834, 5.485792272771546, 5.906899547986237, 5.993239842522573, 6.379016791010978, 8.076975722385205, 8.329490723927844, 7.774760095334132], [4.981818633792282, 4.6314841012358015, 3.2504095141997107, 2.4412948572427706, 1.3939857316342947, 2.5486165600183956, 3.385279277991699, 0.0, 1.2267314620567942, 1.7597478398907043, 2.7321717771765375, 4.119615499048424, 5.243323989608118, 6.074761435645025, 4.73692802351904, 4.829374437750712, 5.340816211966108, 5.130858343396357, 3.6235674797083606, 3.0475559945635124, 2.5491113157333873, 3.294146611794927, 3.3565054997720476, 2.734749663131893, 4.337947803973671, 3.2307269986800184, 3.791573617905895, 2.8900671428186575, 2.89055153906655, 4.435817158089364, 4.436148830911785, 5.370556363171325, 6.187298495304716, 5.370198760753647], [4.539182360293536, 4.537715541988061, 3.3628348413206384, 2.7502551045312145, 2.305563857280904, 3.668841546046926, 4.465262020307431, 1.2267314620567942, 0.0, 2.602926902546439, 2.7786349418374483, 4.301623193632841, 5.1194189103842636, 5.61841046026365, 4.289470902104361, 4.179127193565661, 5.233272418859924, 5.20407043572625, 4.0144729766184755, 2.90114426046, 2.4212200271763824, 3.737505379260343, 4.350151662873376, 3.9291715615381317, 5.474634259016761, 4.275910876059042, 4.6896376341888075, 2.6645591323894466, 2.6645213378766552, 4.768583355672836, 4.768584549947709, 5.100506818934762, 6.160471860985974, 5.100417011382501], [6.728475166038736, 6.2774817482809135, 4.812312769344902, 4.050412764151328, 2.691154525477866, 3.0697693545281215, 3.6513331442091124, 1.7597478398907043, 2.602926902546439, 0.0, 1.8167299579188978, 2.742341437531074, 4.127703792667298, 7.821147071881463, 6.491808245781756, 6.535701610385836, 6.905270650017998, 6.7319204332790505, 4.925330687375214, 4.566836493679186, 4.260672576014262, 4.736549915286442, 4.057938196917247, 2.674826069111784, 4.351812634983267, 3.165398461489485, 4.41443242331333, 2.4105879386572893, 2.4106381520253097, 2.9280091222535494, 2.928047993117599, 4.458760797575937, 4.901884132657564, 4.458671395157979], [7.298235460712404, 7.152500544564816, 5.789137394292867, 5.154301060279658, 4.0561462325710105, 4.7843395834744005, 5.342554142917037, 2.7321717771765375, 2.7786349418374483, 1.8167299579188978, 0.0, 1.5266779424619978, 2.5139150462973086, 8.377714782683878, 7.060784047115448, 6.86434531474051, 7.738845048842883, 7.784202557744755, 6.10615780176045, 5.263157012668347, 5.045093523414606, 6.001876893106023, 5.731117518425181, 4.451362324053165, 6.109798403384517, 4.7335236135462555, 5.976515647097395, 1.0952786814322644, 1.095238083706004, 2.16823876452756, 2.168206652973835, 2.7747327997484734, 3.465809067158778, 2.774694464260885], [8.813831839784555, 8.607277470838266, 7.196636605387269, 6.560189232026771, 5.34029554612851, 5.800301017188677, 6.219861034621272, 4.119615499048424, 4.301623193632841, 2.742341437531074, 1.5266779424619978, 0.0, 1.5218745677617453, 9.895294251309558, 8.579640138140991, 8.37343655496356, 9.158728826098084, 9.21492702521295, 7.399924573939926, 6.678034516233051, 6.51811813332652, 7.345362554700755, 6.776736448320829, 5.268358763410101, 6.819760445206269, 5.497663199942317, 6.978319612915419, 2.1614274565666087, 2.161513566924806, 1.0967933898414963, 1.0968722851818258, 2.1698561357841215, 2.1602734109366803, 2.169803357449702], [9.567934994553422, 9.541453502480636, 8.214815870730153, 7.6502108990536986, 6.566661818610731, 7.194088977069994, 7.631136361643657, 5.243323989608118, 5.1194189103842636, 4.127703792667298, 2.5139150462973086, 1.5218745677617453, 0.0, 10.616147389707812, 9.33936694535556, 8.997916110967028, 10.06174330571, 10.238576043571685, 8.523656965176391, 7.572257718804874, 7.457170645761032, 8.50437405456745, 8.155226589739858, 6.7182490233691095, 8.28730160969178, 6.882810593064435, 8.315969924188039, 2.7561171255953547, 2.756199742398943, 2.1420781171563283, 2.1421297836499074, 1.094698848999121, 1.0944533658406825, 1.0946572294558696], [1.0948313934117893, 2.157119917853432, 3.4893038202483884, 4.138737899408466, 5.5349978175244114, 6.5181891756836885, 7.279294471993834, 6.074761435645025, 5.61841046026365, 7.821147071881463, 8.377714782683878, 9.895294251309558, 10.616147389707812, 0.0, 1.7658704878897546, 1.7714531379632934, 2.4317988958793446, 2.5005535867083513, 4.280720623913689, 3.7570505719247373, 3.8671378149737556, 4.299097740224104, 6.183426901807767, 7.327750518406041, 8.104414607483996, 7.81466718037307, 6.759190263633656, 8.197412143475525, 8.022614966455762, 10.365207497199464, 10.228278385437113, 10.382615857769178, 11.686834795187274, 10.517906980478578], [1.0937893947191115, 2.1749844045417888, 2.874133429400938, 2.8821585070915163, 4.258556152030873, 5.360596889339843, 5.9417131780320736, 4.73692802351904, 4.289470902104361, 6.491808245781756, 7.060784047115448, 8.579640138140991, 9.33936694535556, 1.7658704878897546, 0.0, 1.7758007433267955, 3.0613566355457507, 2.4880368847748215, 3.87364459650082, 3.220591396001672, 2.3177205396682314, 3.0807092430153156, 5.257662523403342, 6.237903210214149, 6.866708280537335, 6.337754204763702, 5.389640915682602, 6.768841451090429, 6.8711481587868555, 8.940764449419301, 9.018101002428393, 9.240856793068486, 10.404378286567631, 9.16504055692063], [1.094578165322148, 2.1695109679372444, 2.780529778657298, 3.4688461165061786, 4.627973316690579, 5.840436049645608, 6.770502324790975, 4.829374437750712, 4.179127193565661, 6.535701610385836, 6.86434531474051, 8.37343655496356, 8.997916110967028, 1.7714531379632934, 1.7758007433267955, 0.0, 2.5232585063762296, 3.0687187391483106, 3.74745289763594, 2.5633038719589996, 3.065786029715707, 4.066336233023531, 5.724557513904458, 6.498353085205512, 7.6912626564173445, 7.145884930503708, 6.461058739866091, 6.713072187158425, 6.406528552968449, 8.936758594703115, 8.71006739411355, 8.69658254431015, 10.073391568384503, 8.92430330782185], [2.138638915291686, 1.0965709507368868, 2.145647137811807, 3.4820387864008637, 4.61183937599739, 5.295613405451724, 6.3923730006938735, 5.340816211966108, 5.233272418859924, 6.905270650017998, 7.738845048842883, 9.158728826098084, 10.06174330571, 2.4317988958793446, 3.0613566355457507, 2.5232585063762296, 0.0, 1.7603277734558411, 2.4030376880107394, 2.4943158801563206, 3.842619933066501, 3.7490652234923845, 4.728639070599489, 5.906338971816637, 7.048634439379021, 7.097442847251396, 6.14612383295358, 7.87830761394857, 7.3206463273402305, 9.68649417333227, 9.241029948009043, 9.789906521514903, 11.063161044656269, 10.212800774518222], [2.1506856627596695, 1.0962067049603375, 2.16405185473916, 2.7858465356153417, 4.117136679781229, 4.643851376820753, 5.400261072392705, 5.130858343396357, 5.20407043572625, 6.7319204332790505, 7.784202557744755, 9.21492702521295, 10.238576043571685, 2.5005535867083513, 2.4880368847748215, 3.0687187391483106, 1.7603277734558411, 0.0, 2.5012001239405057, 3.069551752292181, 3.17934563078631, 2.5554530439826126, 4.04673082499936, 5.4970965227108755, 6.0387693721486, 6.169825399474445, 4.915727345978416, 7.801155684256019, 7.60475886139725, 9.556761059061799, 9.397990392099793, 10.150040920607168, 11.233473573654766, 10.297637989849905], [3.473134644668991, 2.143550405285586, 1.0971487820710555, 2.1573495451595233, 2.681610273697504, 3.055095489506016, 4.348162787890996, 3.6235674797083606, 4.0144729766184755, 4.925330687375214, 6.10615780176045, 7.399924573939926, 8.523656965176391, 4.280720623913689, 3.87364459650082, 3.74745289763594, 2.4030376880107394, 2.5012001239405057, 0.0, 1.7540579066838131, 3.066282155966734, 2.5465880192916956, 2.490286869017303, 3.5426310730867816, 4.931582864557789, 5.078687261487953, 4.399289863148369, 6.429334342682764, 5.866089412888282, 7.825535336320449, 7.3722306183406925, 8.399851501663587, 9.439376468284332, 8.801659571353575], [2.7825934198154063, 2.161809441185786, 1.0969330836473117, 2.165965761502245, 2.746195666736076, 3.796282509245064, 5.065046239670473, 3.0475559945635124, 2.90114426046, 4.566836493679186, 5.263157012668347, 6.678034516233051, 7.572257718804874, 3.7570505719247373, 3.220591396001672, 2.5633038719589996, 2.4943158801563206, 3.069551752292181, 1.7540579066838131, 0.0, 2.4980009687748326, 3.0794891621825857, 3.699438245193451, 4.21161800499523, 5.882429206543841, 5.4973372954549555, 5.11909522669778, 5.468536390113903, 4.831345876668323, 7.250938519943469, 6.785821457273983, 7.324006699205019, 8.569152805849596, 7.758297360245997], [2.840920403672021, 2.8396559404265864, 2.1666578571615775, 1.0954525822690822, 2.0914915730167314, 3.3480901735168365, 3.9237077477814273, 2.5491113157333873, 2.4212200271763824, 4.260672576014262, 5.045093523414606, 6.51811813332652, 7.457170645761032, 3.8671378149737556, 2.3177205396682314, 3.065786029715707, 3.842619933066501, 3.17934563078631, 3.066282155966734, 2.4980009687748326, 0.0, 1.7597120048462476, 3.6006327235640128, 4.1826752276503605, 4.94694186442493, 4.166887406686194, 3.6029184697963954, 4.827881366603782, 5.061307935701996, 6.779792337527751, 6.9471194095106785, 7.51249857038256, 8.473241123088615, 7.3574039314149395], [3.453607788965041, 2.7751755908410556, 2.175559093658455, 1.0960864108271755, 2.091178409414175, 2.5680400094235294, 3.005918290639318, 3.294146611794927, 3.737505379260343, 4.736549915286442, 6.001876893106023, 7.345362554700755, 8.50437405456745, 4.299097740224104, 3.0807092430153156, 4.066336233023531, 3.7490652234923845, 2.5554530439826126, 2.5465880192916956, 3.0794891621825857, 1.7597120048462476, 0.0, 2.416583789153606, 3.6079757066809637, 3.829466998160449, 3.66409258070808, 2.5040812606622818, 5.9631902158156915, 6.13721407643566, 7.4794542033493325, 7.618236689024567, 8.646270517974788, 9.439205195883815, 8.523724970340139], [5.314956320610735, 4.165616829474358, 3.0242177666299104, 2.5652665923837237, 2.090600385056886, 1.0962301583153056, 2.154815300669642, 3.3565054997720476, 4.350151662873376, 4.057938196917247, 5.731117518425181, 6.776736448320829, 8.155226589739858, 6.183426901807767, 5.257662523403342, 5.724557513904458, 4.728639070599489, 4.04673082499936, 2.490286869017303, 3.699438245193451, 3.6006327235640128, 2.416583789153606, 0.0, 1.749984345644269, 2.4888939591714228, 3.075606049220218, 2.5081802028562463, 6.0910602016397775, 5.919502740095658, 6.8781312600153255, 6.727484534356062, 8.333286610935689, 8.9307014248602, 8.455716991479788], [6.337176836731006, 5.365222002862509, 3.9486689922048415, 3.36236897142476, 2.114846760406058, 1.0934240211372712, 2.1548356294622564, 2.734749663131893, 3.9291715615381317, 2.674826069111784, 4.451362324053165, 5.268358763410101, 6.7182490233691095, 7.327750518406041, 6.237903210214149, 6.498353085205512, 5.906338971816637, 5.4970965227108755, 3.5426310730867816, 4.21161800499523, 4.1826752276503605, 3.6079757066809637, 1.749984345644269, 0.0, 2.475439441796143, 2.5331165587078694, 3.0706506444074684, 4.990688727019548, 4.763798576766234, 5.33215080994527, 5.12153569254379, 6.970298467784576, 7.397136518275163, 7.126955258032703], [7.231338479838985, 6.319225867936673, 5.247310078506891, 4.2318306499669855, 3.419055841895537, 2.159655014116838, 1.0942861234613186, 4.337947803973671, 5.474634259016761, 4.351812634983267, 6.109798403384517, 6.819760445206269, 8.28730160969178, 8.104414607483996, 6.866708280537335, 7.6912626564173445, 7.048634439379021, 6.0387693721486, 4.931582864557789, 5.882429206543841, 4.94694186442493, 3.829466998160449, 2.4888939591714228, 2.475439441796143, 0.0, 1.772792421576762, 1.7721622075871046, 6.350184061899308, 6.6990647011355255, 6.521178372809626, 6.859664972868573, 8.770205802602355, 8.89383072921899, 8.5070801982819], [6.845564233867067, 6.243508071589241, 5.067638476647677, 3.7768078982124575, 2.7571886877760106, 2.1752382053467154, 1.0943045691214124, 3.2307269986800184, 4.275910876059042, 3.165398461489485, 4.7335236135462555, 5.497663199942317, 6.882810593064435, 7.81466718037307, 6.337754204763702, 7.145884930503708, 7.097442847251396, 6.169825399474445, 5.078687261487953, 5.4973372954549555, 4.166887406686194, 3.66409258070808, 3.075606049220218, 2.5331165587078694, 1.772792421576762, 0.0, 1.766342696081369, 4.791513183744775, 5.454231617744153, 5.1439815182405155, 5.763300277618719, 7.43451514155429, 7.541232931689619, 6.963655810707477], [5.919874826379355, 5.246907069884124, 4.385157836384, 3.098376946079996, 2.750091733015464, 2.1699465730750145, 1.094803585123834, 3.791573617905895, 4.6896376341888075, 4.41443242331333, 5.976515647097395, 6.978319612915419, 8.315969924188039, 6.759190263633656, 5.389640915682602, 6.461058739866091, 6.14612383295358, 4.915727345978416, 4.399289863148369, 5.11909522669778, 3.6029184697963954, 2.5040812606622818, 2.5081802028562463, 3.0706506444074684, 1.7721622075871046, 1.766342696081369, 0.0, 5.95877717237354, 6.50874742020306, 6.756778343263896, 7.244009442981144, 8.748128007179593, 9.073838978624208, 8.347640759520022], [7.1395998620370875, 7.1931641236663015, 5.94839155906872, 5.152488324101279, 4.225455228729799, 5.11460766237255, 5.485792272771546, 2.8900671428186575, 2.6645591323894466, 2.4105879386572893, 1.0952786814322644, 2.1614274565666087, 2.7561171255953547, 8.197412143475525, 6.768841451090429, 6.713072187158425, 7.87830761394857, 7.801155684256019, 6.429334342682764, 5.468536390113903, 4.827881366603782, 5.9631902158156915, 6.0910602016397775, 4.990688727019548, 6.350184061899308, 4.791513183744775, 5.95877717237354, 0.0, 1.7779273691576942, 2.5099961693197863, 3.0732376901242113, 3.1202738469563855, 3.758117302586496, 2.565162992871993], [6.968325108661334, 6.852901109749068, 5.5323201615597055, 5.172946883547134, 4.229328209065832, 5.100152920256412, 5.906899547986237, 2.89055153906655, 2.6645213378766552, 2.4106381520253097, 1.095238083706004, 2.161513566924806, 2.756199742398943, 8.022614966455762, 6.8711481587868555, 6.406528552968449, 7.3206463273402305, 7.60475886139725, 5.866089412888282, 4.831345876668323, 5.061307935701996, 6.13721407643566, 5.919502740095658, 4.763798576766234, 6.6990647011355255, 5.454231617744153, 6.50874742020306, 1.7779273691576942, 0.0, 3.0732783896028684, 2.5100427028239976, 2.565295353365768, 3.7581916542401075, 3.1202583883390176], [9.277345218326198, 9.051684094134085, 7.637002747806236, 6.81685933990133, 5.539199875433274, 5.839438653672114, 5.993239842522573, 4.435817158089364, 4.768583355672836, 2.9280091222535494, 2.16823876452756, 1.0967933898414963, 2.1420781171563283, 10.365207497199464, 8.940764449419301, 8.936758594703115, 9.68649417333227, 9.556761059061799, 7.825535336320449, 7.250938519943469, 6.779792337527751, 7.4794542033493325, 6.8781312600153255, 5.33215080994527, 6.521178372809626, 5.1439815182405155, 6.756778343263896, 2.5099961693197863, 3.0732783896028684, 0.0, 1.768754711654502, 3.0624870628298173, 2.466836502486535, 2.4978865686816127], [9.146906789182887, 8.785149822854471, 7.319295254326061, 6.83228289592871, 5.54215974959221, 5.82686174883187, 6.379016791010978, 4.436148830911785, 4.768584549947709, 2.928047993117599, 2.168206652973835, 1.0968722851818258, 2.1421297836499074, 10.228278385437113, 9.018101002428393, 8.71006739411355, 9.241029948009043, 9.397990392099793, 7.3722306183406925, 6.785821457273983, 6.9471194095106785, 7.618236689024567, 6.727484534356062, 5.12153569254379, 6.859664972868573, 5.763300277618719, 7.244009442981144, 3.0732376901242113, 2.5100427028239976, 1.768754711654502, 0.0, 2.497908048747992, 2.466880901057041, 3.0625011869385457], [9.363333074819032, 9.365462309464494, 8.08231731745296, 7.708540705606995, 6.719506458810796, 7.451047138489999, 8.076975722385205, 5.370556363171325, 5.100506818934762, 4.458760797575937, 2.7747327997484734, 2.1698561357841215, 1.094698848999121, 10.382615857769178, 9.240856793068486, 8.69658254431015, 9.789906521514903, 10.150040920607168, 8.399851501663587, 7.324006699205019, 7.51249857038256, 8.646270517974788, 8.333286610935689, 6.970298467784576, 8.770205802602355, 7.43451514155429, 8.748128007179593, 3.1202738469563855, 2.565295353365768, 3.0624870628298173, 2.497908048747992, 0.0, 1.7719898024537268, 1.7749093667001705], [10.63241662511397, 10.556074092672901, 9.194406716042096, 8.618500870220991, 7.463909201618144, 7.959712855373615, 8.329490723927844, 6.187298495304716, 6.160471860985974, 4.901884132657564, 3.465809067158778, 2.1602734109366803, 1.0944533658406825, 11.686834795187274, 10.404378286567631, 10.073391568384503, 11.063161044656269, 11.233473573654766, 9.439376468284332, 8.569152805849596, 8.473241123088615, 9.439205195883815, 8.9307014248602, 7.397136518275163, 8.89383072921899, 7.541232931689619, 9.073838978624208, 3.758117302586496, 3.7581916542401075, 2.466836502486535, 2.466880901057041, 1.7719898024537268, 0.0, 1.7720245765790041], [9.49114325937608, 9.616692731391597