{"total energy": -30.38399245, "HOMO-LUMO gap/eV": 11.37577233, "electronic energy": -30.77197397, "dipole": [0.40388152, 0.11299437, 0.57061945], "partial charges": [-0.10070254, -0.0516979, -0.06065359, -0.07271754, 0.14312842, -0.10784299, -0.45342671, -0.06469964, -0.09810583, 0.03231063, 0.0330805, 0.03244502, 0.02821072, 0.0302062, 0.03549812, 0.03039052, 0.02303135, 0.04100073, 0.0460971, 0.0363418, 0.05329777, 0.27962279, 0.03162962, 0.0248276, 0.04296583, 0.02917778, 0.03658422], "atomic dipole moments": [[-0.06981733, -0.07164513, -0.01829183], [-0.02765119, 0.10763928, 0.01778769], [0.01919578, -0.10986429, -0.01636284], [-0.02883475, 0.10217268, 0.02166206], [-0.07147147, -0.11873411, -0.02414], [0.02536524, -0.06645503, 0.09348316], [0.14326616, 0.0922358, 0.15383664], [-0.06133789, -0.01601075, -0.08649157], [0.10834152, -0.02031582, -0.00137624], [-0.01821766, 0.05407751, 0.11218911], [-0.00178573, 0.09007638, -0.08818789], [0.11435855, -0.05032237, 0.00040384], [0.01194083, -0.08776188, 0.08576051], [0.02797546, -0.0533365, -0.10801013], [-0.00556743, 0.090547, -0.08631319], [-0.02114706, 0.05460983, 0.10951139], [0.01489054, -0.09189102, 0.07807182], [0.03036945, -0.06341127, -0.10378196], [0.04412834, -0.04189738, -0.11222897], [0.0510844, 0.11572806, 0.02149801], [-0.1247961, 0.01761367, -0.03075781], [0.01304351, -0.0463834, 0.06082739], [0.05883491, 0.10479575, 0.03472746], [0.01871247, -0.07813259, 0.09103122], [-0.07423765, -0.10210781, -0.02442532], [-0.02965509, 0.03710079, 0.11421025], [-0.03348777, 0.09541972, -0.07758357]], "atomic quadrupole moments": [[0.05722058, 0.16527898, 0.05929278, 0.04466627, 0.04764836, -0.11651335], [0.21162117, 0.0493133, 0.0134315, 0.04576444, 0.04812901, -0.22505267], [0.20664344, 0.03223815, 0.02072552, 0.04189244, 0.05248023, -0.22736896], [0.21051512, 0.06661549, -0.00901696, 0.05388498, 0.0289259, -0.20149816], [-0.02531581, 0.17114106, 0.13010105, 0.0545319, 0.05958114, -0.10478524], [-0.10092383, -0.03149238, 0.03879359, 0.02274001, -0.16146176, 0.06213024], [-0.0163783, 0.1126603, 0.06652819, 0.05658094, 0.02938848, -0.05014989], [0.12089584, -0.08506908, -0.15099752, -0.05741786, 0.09584821, 0.03010168], [0.21424649, -0.07937812, -0.1179802, -0.00906984, 0.00744969, -0.09626629], [-0.03325931, 0.00070556, -0.02161713, -0.0306239, 0.04264664, 0.05487644], [-0.04096282, 0.00079386, 0.01549238, 0.01783943, -0.05846162, 0.02547045], [0.06008612, -0.04440397, -0.00641129, 0.00142988, 0.00506719, -0.05367482], [-0.01840782, 0.00408059, 0.00090507, 0.00386656, -0.04687875, 0.01750275], [-0.01607163, 1.986e-05, -0.02762277, -0.01120935, 0.03046399, 0.04369439], [-0.01945817, -0.00233648, -0.00070698, 0.00850698, -0.04527765, 0.02016515], [-0.01573834, -0.00334875, -0.02711146, -0.01825343, 0.02824033, 0.0428498], [-0.02379848, 0.00492383, -0.00624096, 0.00693267, -0.05091204, 0.03003944], [-0.0171251, 0.00314236, -0.033826, -0.01534799, 0.02597819, 0.05095109], [-0.0186474, -0.03429049, -0.01927985, -0.04404581, 0.0346701, 0.03792725], [-0.02280962, 0.05185031, 0.04796029, 0.02313642, 0.02913871, -0.02515067], [0.0827188, -0.0121091, -0.04411357, -0.00122215, -0.00826814, -0.03860523], [-0.07612805, 0.00309344, 0.0380265, 0.02650063, -0.10356688, 0.03810155], [0.00536573, 0.0371374, 0.03566882, -0.00483697, 0.01413346, -0.04103455], [-0.01532957, -0.02742955, 0.01345448, -0.003151, -0.04938909, 0.00187509], [-0.00693176, 0.03986718, 0.04978891, 0.0152606, 0.02849942, -0.04285715], [-0.02586296, -0.01165845, -0.04393949, -0.01502297, 0.03705986, 0.06980245], [-0.02470882, -0.01118266, 0.01377758, 0.00839322, -0.06550343, 0.01093124]], "number of molecular orbitals": 54, "number of electrons": 56, "number of unpaired electrons": 0, "orbital energies/eV": [-18.36915124, -17.14578584, -16.88284211, -16.55934837, -16.36845061, -15.87127205, -15.4893156, -15.38895197, -15.11599926, -14.43792703, -14.15777787, -14.03743094, -13.99451772, -13.46605979, -13.2425317, -13.0655142, -12.80329128, -12.60048035, -12.5073083, -12.40838415, -12.16288202, -12.10623877, -11.94488146, -11.88684649, -11.72091524, -11.54123368, -11.37971159, -10.78415406, 0.59161828, 1.22307544, 2.10451439, 2.24998625, 3.04605357, 3.10785475, 3.27704003, 3.76952206, 3.95586605, 4.19716462, 4.39433455, 4.64459907, 4.77800662, 4.98140496, 5.12312875, 5.5879992, 5.81565804, 6.09607135, 6.50251314, 6.67357131, 6.94636748, 7.06079913, 7.39766152, 7.51609569, 7.90111346, 8.32160949], "fractional occupation": [2.0, 2.0, 2.0, 2.0, 2.0, 2.0, 2.0, 2.0, 2.0, 2.0, 2.0, 2.0, 2.0, 2.0, 2.0, 2.0, 2.0, 2.0, 2.0, 2.0, 2.0, 2.0, 2.0, 2.0, 2.0, 2.0, 2.0, 2.0, 0.0, 0.0, 0.0, 0.0, 0.0, 0.0, 0.0, 0.0, 0.0, 0.0, 0.0, 0.0, 0.0, 0.0, 0.0, 0.0, 0.0, 0.0, 0.0, 0.0, 0.0, 0.0, 0.0, 0.0, 0.0, 0.0], "program call": "xtb /home/svss/Project-DBcg-Debug/aqme2_20220329/End-to-End-workflows-final/example-3/QDESCP/mol_509_rdkit_conf_6/mol_509_rdkit_conf_6.xyz --pop --wbo --acc 0.2 --gfn 2 --chrg 0 --uhf 0 --etemp 300 --input /home/svss/Project-DBcg-Debug/aqme2_20220329/End-to-End-workflows-final/example-3/QDESCP/mol_509_rdkit_conf_6/mol_509_rdkit_conf_6_xtb.inp", "method": "GFN2-xTB", "xtb version": "6.3.3 (7355c4f)", "Dipole module/D": 1.8, "Total charge": 0, "Transition dipole module/D": NaN, "HOMO": -10.7842, "LUMO": 0.5916, "HOMO occupancy": 2.0, "LUMO occupancy": 0, "mulliken charges": [-0.08367, -0.03743, -0.04877, -0.07605, 0.24372, -0.0961, -0.5696, -0.06811, -0.07645, 0.02673, 0.02736, 0.02919, 0.02213, 0.02377, 0.02404, 0.02145, 0.02265, 0.03729, 0.03976, 0.02447, 0.04505, 0.33344, 0.02502, 0.02221, 0.0352, 0.02504, 0.02765], "cm5 charges": [-0.23405, -0.15014, -0.15959, -0.1801, 0.23386, -0.23906, -0.77678, -0.17447, -0.22611, 0.07803, 0.07865, 0.07997, 0.07685, 0.07848, 0.08024, 0.07762, 0.08063, 0.09552, 0.09358, 0.07728, 0.09979, 0.50401, 0.08123, 0.07948, 0.0893, 0.07589, 0.07988], "FUKUI+": [0.008, -0.001, -0.016, -0.003, -0.054, 0.031, -0.143, 0.01, 0.019, -0.03, -0.03, -0.054, -0.033, -0.036, -0.041, -0.041, -0.045, -0.06, -0.048, -0.073, -0.051, -0.09, -0.067, -0.039, -0.026, -0.056, -0.033], "FUKUI-": [0.016, 0.001, 0.004, -0.003, -0.022, 0.024, -0.105, -0.006, 0.017, -0.056, -0.053, -0.067, -0.059, -0.064, -0.046, -0.052, -0.042, -0.056, -0.053, -0.037, -0.051, -0.048, -0.052, -0.039, -0.041, -0.074, -0.037], "FUKUIrad": [0.012, -0.0, -0.006, -0.003, -0.038, 0.028, -0.124, 0.002, 0.018, -0.043, -0.041, -0.061, -0.046, -0.05, -0.043, -0.046, -0.043, -0.058, -0.05, -0.055, -0.051, -0.069, -0.06, -0.039, -0.033, -0.065, -0.035], "s proportion": [1.008, 1.028, 1.032, 1.048, 1.052, 1.015, 1.703, 1.039, 1.006, 0.973, 0.973, 0.971, 0.978, 0.976, 0.976, 0.979, 0.977, 0.963, 0.96, 0.976, 0.955, 0.667, 0.975, 0.978, 0.965, 0.975, 0.972], "p proportion": [3.076, 3.01, 3.017, 3.028, 2.705, 3.081, 4.867, 3.029, 3.071, 0.0, 0.0, 0.0, 0.0, 0.0, 0.0, 0.0, 0.0, 0.0, 0.0, 0.0, 0.0, 0.0, 0.0, 0.0, 0.0, 0.0, 0.0], "d proportion": [0.0, 0.0, 0.0, 0.0, 0.0, 0.0, 0.0, 0.0, 0.0, 0.0, 0.0, 0.0, 0.0, 0.0, 0.0, 0.0, 0.0, 0.0, 0.0, 0.0, 0.0, 0.0, 0.0, 0.0, 0.0, 0.0, 0.0], "Fermi-level/eV": -5.0963, "Coordination numbers": [3.75, 3.8, 3.8, 3.801, 3.77, 3.751, 1.653, 3.799, 3.748, 0.924, 0.924, 0.924, 0.924, 0.924, 0.924, 0.924, 0.923, 0.923, 0.924, 0.924, 0.924, 0.804, 0.924, 0.924, 0.924, 0.924, 0.924], "Dispersion coefficient C6": [22.487, 21.503, 21.667, 21.89, 18.306, 22.624, 21.915, 21.743, 22.44, 2.554, 2.543, 2.552, 2.612, 2.584, 2.51, 2.581, 2.688, 2.436, 2.369, 2.498, 2.279, 0.786, 2.564, 2.661, 2.41, 2.598, 2.495], "Total dispersion C6": 4842.84452, "Total dispersion C8": 100651.745451, "Polarizability alpha": [6.763, 6.602, 6.627, 6.661, 6.097, 6.783, 6.319, 6.639, 6.757, 2.499, 2.494, 2.498, 2.528, 2.514, 2.477, 2.512, 2.564, 2.441, 2.407, 2.472, 2.361, 1.392, 2.504, 2.551, 2.428, 2.521, 2.47], "Total polarizability alpha": 102.882779, "Wiberg matrix": [[0.0, 1.0201333683684983, 0.0, 0.0, 0.0, 0.0, 0.0, 0.0, 0.0, 0.987666828194921, 0.9876285645537212, 0.9872388604743877, 0.0, 0.0, 0.0, 0.0, 0.0, 0.0, 0.0, 0.0, 0.0, 0.0, 0.0, 0.0, 0.0, 0.0, 0.0], [1.0201333683684983, 0.0, 1.0068081544765959, 0.0, 0.0, 0.0, 0.0, 0.0, 0.0, 0.0, 0.0, 0.0, 0.9781258437897224, 0.978013594650892, 0.0, 0.0, 0.0, 0.0, 0.0, 0.0, 0.0, 0.0, 0.0, 0.0, 0.0, 0.0, 0.0], [0.0, 1.0068081544765959, 0.0, 1.00736187110792, 0.0, 0.0, 0.0, 0.0, 0.0, 0.0, 0.0, 0.0, 0.0, 0.0, 0.9753483850944336, 0.9751366425118544, 0.0, 0.0, 0.0, 0.0, 0.0, 0.0, 0.0, 0.0, 0.0, 0.0, 0.0], [0.0, 0.0, 1.00736187110792, 0.0, 0.9751039162421132, 0.0, 0.0, 0.0, 0.0, 0.0, 0.0, 0.0, 0.0, 0.0, 0.0, 0.0, 0.9740304673281952, 0.9743896075415236, 0.0, 0.0, 0.0, 0.0, 0.0, 0.0, 0.0, 0.0, 0.0], [0.0, 0.0, 0.0, 0.9751039162421132, 0.0, 0.997806055101357, 0.9684715612921764, 0.9776014689969642, 0.0, 0.0, 0.0, 0.0, 0.0, 0.0, 0.0, 0.0, 0.0, 0.0, 0.0, 0.0, 0.0, 0.0, 0.0, 0.0, 0.0, 0.0, 0.0], [0.0, 0.0, 0.0, 0.0, 0.997806055101357, 0.0, 0.0, 0.0, 0.0, 0.0, 0.0, 0.0, 0.0, 0.0, 0.0, 0.0, 0.0, 0.0, 0.9843377473991488, 0.9841169590367035, 0.9815084118248236, 0.0, 0.0, 0.0, 0.0, 0.0, 0.0], [0.0, 0.0, 0.0, 0.0, 0.9684715612921764, 0.0, 0.0, 0.0, 0.0, 0.0, 0.0, 0.0, 0.0, 0.0, 0.0, 0.0, 0.0, 0.0, 0.0, 0.0, 0.0, 0.902726601481702, 0.0, 0.0, 0.0, 0.0, 0.0], [0.0, 0.0, 0.0, 0.0, 0.9776014689969642, 0.0, 0.0, 0.0, 1.0194791600082516, 0.0, 0.0, 0.0, 0.0, 0.0, 0.0, 0.0, 0.0, 0.0, 0.0, 0.0, 0.0, 0.0, 0.9743275664668306, 0.9756969240805363, 0.0, 0.0, 0.0], [0.0, 0.0, 0.0, 0.0, 0.0, 0.0, 0.0, 1.0194791600082516, 0.0, 0.0, 0.0, 0.0, 0.0, 0.0, 0.0, 0.0, 0.0, 0.0, 0.0, 0.0, 0.0, 0.0, 0.0, 0.0, 0.9863540719251854, 0.9869482196476826, 0.9862093534360917], [0.987666828194921, 0.0, 0.0, 0.0, 0.0, 0.0, 0.0, 0.0, 0.0, 0.0, 0.0, 0.0, 0.0, 0.0, 0.0, 0.0, 0.0, 0.0, 0.0, 0.0, 0.0, 0.0, 0.0, 0.0, 0.0, 0.0, 0.0], [0.9876285645537212, 0.0, 0.0, 0.0, 0.0, 0.0, 0.0, 0.0, 0.0, 0.0, 0.0, 0.0, 0.0, 0.0, 0.0, 0.0, 0.0, 0.0, 0.0, 0.0, 0.0, 0.0, 0.0, 0.0, 0.0, 0.0, 0.0], [0.9872388604743877, 0.0, 0.0, 0.0, 0.0, 0.0, 0.0, 0.0, 0.0, 0.0, 0.0, 0.0, 0.0, 0.0, 0.0, 0.0, 0.0, 0.0, 0.0, 0.0, 0.0, 0.0, 0.0, 0.0, 0.0, 0.0, 0.0], [0.0, 0.9781258437897224, 0.0, 0.0, 0.0, 0.0, 0.0, 0.0, 0.0, 0.0, 0.0, 0.0, 0.0, 0.0, 0.0, 0.0, 0.0, 0.0, 0.0, 0.0, 0.0, 0.0, 0.0, 0.0, 0.0, 0.0, 0.0], [0.0, 0.978013594650892, 0.0, 0.0, 0.0, 0.0, 0.0, 0.0, 0.0, 0.0, 0.0, 0.0, 0.0, 0.0, 0.0, 0.0, 0.0, 0.0, 0.0, 0.0, 0.0, 0.0, 0.0, 0.0, 0.0, 0.0, 0.0], [0.0, 0.0, 0.9753483850944336, 0.0, 0.0, 0.0, 0.0, 0.0, 0.0, 0.0, 0.0, 0.0, 0.0, 0.0, 0.0, 0.0, 0.0, 0.0, 0.0, 0.0, 0.0, 0.0, 0.0, 0.0, 0.0, 0.0, 0.0], [0.0, 0.0, 0.9751366425118544, 0.0, 0.0, 0.0, 0.0, 0.0, 0.0, 0.0, 0.0, 0.0, 0.0, 0.0, 0.0, 0.0, 0.0, 0.0, 0.0, 0.0, 0.0, 0.0, 0.0, 0.0, 0.0, 0.0, 0.0], [0.0, 0.0, 0.0, 0.9740304673281952, 0.0, 0.0, 0.0, 0.0, 0.0, 0.0, 0.0, 0.0, 0.0, 0.0, 0.0, 0.0, 0.0, 0.0, 0.0, 0.0, 0.0, 0.0, 0.0, 0.0, 0.0, 0.0, 0.0], [0.0, 0.0, 0.0, 0.9743896075415236, 0.0, 0.0, 0.0, 0.0, 0.0, 0.0, 0.0, 0.0, 0.0, 0.0, 0.0, 0.0, 0.0, 0.0, 0.0, 0.0, 0.0, 0.0, 0.0, 0.0, 0.0, 0.0, 0.0], [0.0, 0.0, 0.0, 0.0, 0.0, 0.9843377473991488, 0.0, 0.0, 0.0, 0.0, 0.0, 0.0, 0.0, 0.0, 0.0, 0.0, 0.0, 0.0, 0.0, 0.0, 0.0, 0.0, 0.0, 0.0, 0.0, 0.0, 0.0], [0.0, 0.0, 0.0, 0.0, 0.0, 0.9841169590367035, 0.0, 0.0, 0.0, 0.0, 0.0, 0.0, 0.0, 0.0, 0.0, 0.0, 0.0, 0.0, 0.0, 0.0, 0.0, 0.0, 0.0, 0.0, 0.0, 0.0, 0.0], [0.0, 0.0, 0.0, 0.0, 0.0, 0.9815084118248236, 0.0, 0.0, 0.0, 0.0, 0.0, 0.0, 0.0, 0.0, 0.0, 0.0, 0.0, 0.0, 0.0, 0.0, 0.0, 0.0, 0.0, 0.0, 0.0, 0.0, 0.0], [0.0, 0.0, 0.0, 0.0, 0.0, 0.0, 0.902726601481702, 0.0, 0.0, 0.0, 0.0, 0.0, 0.0, 0.0, 0.0, 0.0, 0.0, 0.0, 0.0, 0.0, 0.0, 0.0, 0.0, 0.0, 0.0, 0.0, 0.0], [0.0, 0.0, 0.0, 0.0, 0.0, 0.0, 0.0, 0.9743275664668306, 0.0, 0.0, 0.0, 0.0, 0.0, 0.0, 0.0, 0.0, 0.0, 0.0, 0.0, 0.0, 0.0, 0.0, 0.0, 0.0, 0.0, 0.0, 0.0], [0.0, 0.0, 0.0, 0.0, 0.0, 0.0, 0.0, 0.9756969240805363, 0.0, 0.0, 0.0, 0.0, 0.0, 0.0, 0.0, 0.0, 0.0, 0.0, 0.0, 0.0, 0.0, 0.0, 0.0, 0.0, 0.0, 0.0, 0.0], [0.0, 0.0, 0.0, 0.0, 0.0, 0.0, 0.0, 0.0, 0.9863540719251854, 0.0, 0.0, 0.0, 0.0, 0.0, 0.0, 0.0, 0.0, 0.0, 0.0, 0.0, 0.0, 0.0, 0.0, 0.0, 0.0, 0.0, 0.0], [0.0, 0.0, 0.0, 0.0, 0.0, 0.0, 0.0, 0.0, 0.9869482196476826, 0.0, 0.0, 0.0, 0.0, 0.0, 0.0, 0.0, 0.0, 0.0, 0.0, 0.0, 0.0, 0.0, 0.0, 0.0, 0.0, 0.0, 0.0], [0.0, 0.0, 0.0, 0.0, 0.0, 0.0, 0.0, 0.0, 0.9862093534360917, 0.0, 0.0, 0.0, 0.0, 0.0, 0.0, 0.0, 0.0, 0.0, 0.0, 0.0, 0.0, 0.0, 0.0, 0.0, 0.0, 0.0, 0.0]], "Born radii": [], "Atomic SASAs": [], "Solvent H bonds": [], "Total SASA": NaN, "Total FOD": 0.0, "FOD": [0.0, 0.0, 0.0, 0.0, 0.0, 0.0, 0.0, 0.0, 0.0, 0.0, 0.0, 0.0, 0.0, 0.0, 0.0, 0.0, 0.0, 0.0, 0.0, 0.0, 0.0, 0.0, 0.0, 0.0, 0.0, 0.0, 0.0], "FOD s proportion": [0.0, 0.0, 0.0, 0.0, 0.0, 0.0, 0.0, 0.0, 0.0, 0.0, 0.0, 0.0, 0.0, 0.0, 0.0, 0.0, 0.0, 0.0, 0.0, 0.0, 0.0, 0.0, 0.0, 0.0, 0.0, 0.0, 0.0], "FOD p proportion": [0.0, 0.0, 0.0, 0.0, 0.0, 0.0, 0.0, 0.0, 0.0, 0.0, 0.0, 0.0, 0.0, 0.0, 0.0, 0.0, 0.0, 0.0, 0.0, 0.0, 0.0, 0.0, 0.0, 0.0, 0.0, 0.0, 0.0], "FOD d proportion": [0.0, 0.0, 0.0, 0.0, 0.0, 0.0, 0.0, 0.0, 0.0, 0.0, 0.0, 0.0, 0.0, 0.0, 0.0, 0.0, 0.0, 0.0, 0.0, 0.0, 0.0, 0.0, 0.0, 0.0, 0.0, 0.0, 0.0], "coordinates": [["3.75460", "0.68610", "0.24150"], ["2.72010", "-0.39290", "-0.03650"], ["1.30130", "0.18060", "-0.05050"], ["0.26800", "-0.91450", "-0.33050"], ["-1.20570", "-0.44700", "-0.38240"], ["-1.43060", "0.56060", "-1.51340"], ["-1.99240", "-1.60290", "-0.70480"], ["-1.67630", "0.10390", "0.98120"], ["-3.16720", "0.41810", "1.05700"], ["3.58080", "1.15460", "1.21540"], ["3.72370", "1.46620", "-0.52590"], ["4.76040", "0.25450", "0.24680"], ["2.79920", "-1.17250", "0.73000"], ["2.94160", "-0.86260", "-1.00190"], ["1.23960", "0.96200", "-0.81580"], ["1.09860", "0.65250", "0.91690"], ["0.36370", "-1.70270", "0.42890"], ["0.51430", "-1.40920", "-1.28040"], ["-1.00950", "0.18710", "-2.45420"], ["-0.97750", "1.53220", "-1.29400"], ["-2.49840", "0.71330", "-1.70480"], ["-1.88270", "-2.24920", "0.01370"], ["-1.12000", "1.01210", "1.23880"], ["-1.46030", "-0.63810", "1.76060"], ["-3.77550", "-0.46150", "0.82600"], ["-3.42690", "0.74650", "2.06880"], ["-3.44270", "1.22280", "0.36930"]], "bond_dist": [[0.0, 1.520432586470048, 2.5217999801728923, 3.878850850445271, 5.126182098794385, 5.475556894051965, 6.2580359291074705, 5.511876970687934, 6.974824692420591, 1.0946140415689907, 1.0947207771847578, 1.0945045865595995, 2.146116345867577, 2.146039200480737, 2.742121277405505, 2.740735324689343, 4.152070207739749, 4.148012269750416, 5.496585148981138, 5.046426049195609, 6.548956598573547, 6.359797970061628, 4.98624191651388, 5.5907380961729904, 7.63943924774587, 7.410574586359684, 7.218414439473533], [1.520432586470048, 0.0, 1.530389391625543, 2.524142818859503, 3.9413803749447984, 4.507627574456436, 4.911046847669039, 4.539918114900312, 6.042662040855835, 2.1685973231561455, 2.1686350845635602, 2.159215074975163, 1.0961547427256793, 1.0962105181031607, 2.152891718131685, 2.1519979019506503, 2.735835185094307, 2.728682198424727, 4.482364270114601, 4.354257918405844, 5.589243739541156, 4.963278913178263, 4.283314499310085, 4.55691075291145, 6.552971201676382, 6.596675636258008, 6.383984960038674], [2.5217999801728923, 1.530389391625543, 0.0, 1.5314545047111257, 2.6055879125448826, 3.1221393338542724, 3.802294100934329, 3.1522039178961756, 4.609821552945406, 2.7833970359975595, 2.7833063575539074, 3.4726389547432075, 2.1642006076147378, 2.1642579074592754, 1.095480232592081, 1.0952806307061218, 2.1577156925786123, 2.1585845014731295, 3.3343084110501833, 2.9267805264488143, 4.178300835267849, 4.005734100012132, 2.866422932855513, 3.4024678484887994, 5.191766837984926, 5.212250045805553, 4.875238340840373], [3.878850850445271, 2.524142818859503, 1.5314545047111257, 0.0, 1.5469458781741525, 2.541734521935759, 2.3923635196182036, 2.5569509068419753, 3.9372043444555938, 4.200669644235309, 4.200925628953696, 4.677765925097151, 2.7564828477608927, 2.7571014725613567, 2.1681270488603754, 2.168269383632947, 1.0986837989157756, 1.0989548625853565, 2.7121265641558843, 2.9096294248580867, 3.491618863793699, 2.554487858651906, 2.8462315524215525, 2.726924469067671, 4.2299637705304285, 4.708274365412449, 4.339016688144907], [5.126182098794385, 3.9413803749447984, 2.6055879125448826, 1.5469458781741525, 0.0, 1.5313388815020665, 1.4349018990857878, 1.5441373416895272, 2.582199182867193, 5.294210956318231, 5.2896040352752305, 6.040061597368027, 4.219361091445007, 4.213858196475055, 2.8552773332900605, 2.8647651264981566, 2.167488532841639, 2.1657868870228203, 2.175530392800799, 2.1909638153105133, 2.183142491913893, 1.965489519178365, 2.182797915520353, 2.1665154903669626, 2.839773380042851, 3.5166110291017403, 2.8909261370709562], [5.475556894051965, 4.507627574456436, 3.1221393338542724, 2.541734521935759, 1.5313388815020665, 0.0, 2.377011874181532, 2.5479349559986813, 3.105324776895325, 5.7370127592676665, 5.325605702640781, 6.443638898169263, 5.091923723898464, 4.6263661041902, 2.7888592219758963, 3.5087969932727656, 3.480598895305232, 2.777955552200215, 1.09632663928229, 1.09427717238367, 1.0955127064530106, 3.229768545886841, 2.8062304698652247, 3.4866659977692156, 3.466415552122971, 4.1051101495574995, 2.834010328139261], [6.2580359291074705, 4.911046847669039, 3.802294100934329, 2.3923635196182036, 1.4349018990857878, 2.377011874181532, 0.0, 2.4198515347020777, 2.927206053560289, 6.507805508003447, 6.490391300222199, 7.067940659060459, 5.02029140190089, 4.998066476148552, 4.1275727746461355, 4.155841797999535, 2.616570836037121, 2.5792208009396944, 2.688976156458067, 3.347540987053034, 2.573095109007827, 0.9726150471795098, 3.3729642334302925, 2.7004011942672514, 2.612582670462315, 3.9077266498566656, 3.3528557067073437], [5.511876970687934, 4.539918114900312, 3.1522039178961756, 2.5569509068419753, 1.5441373416895272, 2.5479349559986813, 2.4198515347020777, 0.0, 1.5255327233461757, 5.366183051294467, 5.769507058666277, 6.480210691790815, 4.6607294117981155, 5.117793300828005, 3.5310079892291375, 2.829340287063399, 2.780366675458473, 3.4932842040120353, 3.5005024839299854, 2.7757696896536643, 2.874336927014646, 2.5525941353846284, 1.0957438979980676, 1.0975811405085274, 2.1795423464571644, 2.1587980174161734, 2.178652744243561], [6.974824692420591, 6.042662040855835, 4.609821552945406, 3.9372043444555938, 2.582199182867193, 3.105324776895325, 2.927206053560289, 1.5255327233461757, 0.0, 6.789920972294154, 7.147628196122123, 7.970572799993737, 6.183434831871361, 6.572419580337214, 4.819034476946601, 4.274531671423198, 4.166480176359897, 4.72820328454689, 4.1276574143211056, 3.4004714232000244, 2.85691717065791, 3.1389336453642978, 2.1393725902703338, 2.126997651620706, 1.0941142764812095, 1.0950022328744358, 1.093788658745372], [1.0946140415689907, 2.1685973231561455, 2.7833970359975595, 4.200669644235309, 5.294210956318231, 5.7370127592676665, 6.507805508003447, 5.366183051294467, 6.789920972294154, 0.0, 1.7747226994660321, 1.7719543250321097, 2.5023800930314324, 3.0649782658283238, 3.105492817573404, 2.5500046078389738, 4.3740688094724804, 4.7122723106798485, 5.955910887513345, 5.2170651721058645, 6.75862311199552, 6.548264623547219, 4.703017589803381, 5.37807637915268, 7.541787670042163, 7.071258477810014, 7.074608731230301], [1.0947207771847578, 2.1686350845635602, 2.7833063575539074, 4.200925628953696, 5.2896040352752305, 5.325605702640781, 6.490391300222199, 5.769507058666277, 7.147628196122123, 1.7747226994660321, 0.0, 1.7720127172229887, 3.0650811979456596, 2.502312100837943, 2.5512766333739663, 3.104018289250242, 4.7162665584124905, 4.374636415749313, 5.268550079481071, 4.7639915039806695, 6.377396963495372, 6.7473762515514135, 5.175113775560882, 6.044006679347732, 7.860131140127371, 7.640779838471986, 7.226196479476599], [1.0945045865595995, 2.159215074975163, 3.4726389547432075, 4.677765925097151, 6.040061597368027, 6.443638898169263, 7.067940659060459, 6.480210691790815, 7.970572799993737, 1.7719543250321097, 1.7720127172229887, 0.0, 2.473078381289198, 2.472892545178621, 3.745091140413007, 3.7438238807401176, 4.816094178896422, 4.809324561723819, 6.371160786701274, 6.077012287300397, 7.530565545827218, 7.103071653165269, 6.011416299009743, 6.464165351381414, 8.585436357576707, 8.402001504998674, 8.26096003803432], [2.146116345867577, 1.0961547427256793, 2.1642006076147378, 2.7564828477608927, 4.219361091445007, 5.091923723898464, 5.02029140190089, 4.6607294117981155, 6.183434831871361, 2.5023800930314324, 3.0650811979456596, 2.473078381289198, 0.0, 1.7651610068206243, 3.0623422489983056, 2.5015189325687706, 2.51066395600845, 3.0526223251493128, 5.147216479807314, 5.067093938343752, 6.127728652608567, 4.857216918153851, 4.51569299665068, 4.414868058051113, 6.6137294388264785, 6.6512606060806245, 6.69543741588255], [2.146039200480737, 1.0962105181031607, 2.1642579074592754, 2.7571014725613567, 4.213858196475055, 4.6263661041902, 4.998066476148552, 5.117793300828005, 6.572419580337214, 3.0649782658283238, 2.502312100837943, 2.472892545178621, 1.7651610068206243, 0.0, 2.502119575479957, 3.0616940490519298, 3.0657013977228766, 2.5036211973858986, 4.33846016346814, 4.602144528369355, 5.707112161154711, 5.121325356780216, 5.003182101423054, 5.201781436200487, 6.972914170560255, 7.250944321259128, 6.854806276620806], [2.742121277405505, 2.152891718131685, 1.095480232592081, 2.1681270488603754, 2.8552773332900605, 2.7888592219758963, 4.1275727746461355, 3.5310079892291375, 4.819034476946601, 3.105492817573404, 2.5512766333739663, 3.745091140413007, 3.0623422489983056, 2.502119575479957, 0.0, 1.765763443952785, 3.0687301917894314, 2.5227966009966005, 2.8884728456400626, 2.3386610891704684, 3.8503008570759767, 4.555066737162036, 3.1291537721882574, 4.060494671834948, 5.465627823041009, 5.490316899779101, 4.836983764702958], [2.740735324689343, 2.1519979019506503, 1.0952806307061218, 2.168269383632947, 2.8647651264981566, 3.5087969932727656, 4.155841797999535, 2.829340287063399, 4.274531671423198, 2.5500046078389738, 3.104018289250242, 3.7438238807401176, 2.5015189325687706, 3.0616940490519298, 1.765763443952785, 0.0, 2.5149928528725485, 3.069224766940343, 4.003123527946646, 3.1578698690731386, 4.451451058924494, 4.25720363854021, 2.270488434236123, 2.9875487042055062, 5.000610924677105, 4.6707451075818724, 4.609610996602641], [4.152070207739749, 2.735835185094307, 2.1577156925786123, 1.0986837989157756, 2.167488532841639, 3.480598895305232, 2.616570836037121, 2.780366675458473, 4.166480176359897, 4.3740688094724804, 4.7162665584124905, 4.816094178896422, 2.51066395600845, 3.0657013977228766, 3.0687301917894314, 2.5149928528725485, 0.0, 1.7408414919228, 3.710699110679819, 3.9027912908583775, 4.310608785310957, 2.3489074587986645, 3.198037326236203, 2.4967527010098536, 4.339497953680817, 4.801718547561904, 4.801123136308838], [4.148012269750416, 2.728682198424727, 2.1585845014731295, 1.0989548625853565, 2.1657868870228203, 2.777955552200215, 2.5792208009396944, 3.4932842040120353, 4.72820328454689, 4.7122723106798485, 4.374636415749313, 4.809324561723819, 3.0526223251493128, 2.5036211973858986, 2.5227966009966005, 3.069224766940343, 1.7408414919228, 0.0, 2.4995892802618593, 3.2981034186332, 3.7096472743375486, 2.8505970971008865, 3.8574601514468037, 3.7069288326052336, 4.872108402940148, 5.603324064338953, 5.030584766207602], [5.496585148981138, 4.482364270114601, 3.3343084110501833, 2.7121265641558843, 2.175530392800799, 1.09632663928229, 2.688976156458067, 3.5005024839299854, 4.1276574143211056, 5.955910887513345, 5.268550079481071, 6.371160786701274, 5.147216479807314, 4.33846016346814, 2.8884728456400626, 4.003123527946646, 3.710699110679819, 2.4995892802618593, 0.0, 1.7766209640775943, 1.747944509988804, 3.5761105044447388, 3.7856418544283876, 4.318415765069408, 4.339487296905016, 5.158902995792807, 3.868499577355541], [5.046426049195609, 4.354257918405844, 2.9267805264488143, 2.9096294248580867, 2.1909638153105133, 1.09427717238367, 3.347540987053034, 2.7757696896536643, 3.4004714232000244, 5.2170651721058645, 4.7639915039806695, 6.077012287300397, 5.067093938343752, 4.602144528369355, 2.3386610891704684, 3.1578698690731386, 3.9027912908583775, 3.2981034186332, 1.7766209640775943, 0.0, 1.775525460251134, 4.1022496620756765, 2.58957257090818, 3.7780787564581018, 4.037083562424736, 4.233829081339963, 2.9899007157429156], [6.548956598573547, 5.589243739541156, 4.178300835267849, 3.491618863793699, 2.183142491913893, 1.0955127064530106, 2.573095109007827, 2.874336927014646, 2.85691717065791, 6.75862311199552, 6.377396963495372, 7.530565545827218, 6.127728652608567, 5.707112161154711, 3.8503008570759767, 4.451451058924494, 4.310608785310957, 3.7096472743375486, 1.747944509988804, 1.775525460251134, 0.0, 3.479760766202183, 3.264054068179631, 3.86172639243124, 3.068564499892417, 3.8862927643192298, 2.3352052479386045], [6.359797970061628, 4.963278913178263, 4.005734100012132, 2.554487858651906, 1.965489519178365, 3.229768545886841, 0.9726150471795098, 2.5525941353846284, 3.1389336453642978, 6.548264623547219, 6.7473762515514135, 7.103071653165269, 4.857216918153851, 5.121325356780216, 4.555066737162036, 4.25720363854021, 2.3489074587986645, 2.8505970971008865, 3.5761105044447388, 4.1022496620756765, 3.479760766202183, 0.0, 3.566322894803554, 2.4136537821319775, 2.7273420064231035, 3.9474305744369973, 3.8229354375924274], [4.98624191651388, 4.283314499310085, 2.866422932855513, 2.8462315524215525, 2.182797915520353, 2.8062304698652247, 3.3729642334302925, 1.0957438979980676, 2.1393725902703338, 4.703017589803381, 5.175113775560882, 6.011416299009743, 4.51569299665068, 5.003182101423054, 3.1291537721882574, 2.270488434236123, 3.198037326236203, 3.8574601514468037, 3.7856418544283876, 2.58957257090818, 3.264054068179631, 3.566322894803554, 0.0, 1.763870564979188, 3.0648949492600885, 2.4660152006830773, 2.4890480168128533], [5.5907380961729904, 4.55691075291145, 3.4024678484887994, 2.726924469067671, 2.1665154903669626, 3.4866659977692156, 2.7004011942672514, 1.0975811405085274, 2.126997651620706, 5.37807637915268, 6.044006679347732, 6.464165351381414, 4.414868058051113, 5.201781436200487, 4.060494671834948, 2.9875487042055062, 2.4967527010098536, 3.7069288326052336, 4.318415765069408, 3.7780787564581018, 3.86172639243124, 2.4136537821319775, 1.763870564979188, 0.0, 2.502961398024348, 2.4247927664029354, 3.0542714777832045], [7.63943924774587, 6.552971201676382, 5.191766837984926, 4.2299637705304285, 2.839773380042851, 3.466415552122971, 2.612582670462315, 2.1795423464571644, 1.0941142764812095, 7.541787670042163, 7.860131140127371, 8.585436357576707, 6.6137294388264785, 6.972914170560255, 5.465627823041009, 5.000610924677105, 4.339497953680817, 4.872108402940148, 4.339487296905016, 4.037083562424736, 3.068564499892417, 2.7273420064231035, 3.0648949492600885, 2.502961398024348, 0.0, 1.767862494652794, 1.776568946030522], [7.410574586359684, 6.596675636258008, 5.212250045805553, 4.708274365412449, 3.5166110291017403, 4.1051101495574995, 3.9077266498566656, 2.1587980174161734, 1.0950022328744358, 7.071258477810014, 7.640779838471986, 8.402001504998674, 6.6512606060806245, 7.250944321259128, 5.490316899779101, 4.6707451075818724, 4.801718547561904, 5.603324064338953, 5.158902995792807, 4.233829081339963, 3.8862927643192298, 3.9474305744369973, 2.4660152006830773, 2.4247927664029354, 1.767862494652794, 0.0, 1.7650528547326847], [7.218414439473533, 6.383984960038674, 4.875238340840373, 4.339016688144907, 2.8909261370709562, 2.834010328139261, 3.3528557067073437, 2.178652744243561, 1.093788658745372, 7.074608731230301, 7.226196479476599, 8.26096003803432, 6.69543741588255, 6.854806276620806, 4.836983764702958, 4.609610996602641, 4.801123136308838, 5.030584766207602, 3.868499577355541, 2.9899007157429156, 2.3352052479386045, 3.8229354375924274, 2.4890480168128533, 3.0542714777832045, 1.776568946030522, 1.7650528547326847, 0.0]]}