{"total energy": -24.05190355, "HOMO-LUMO gap/eV": 11.61241362, "electronic energy": -24.34881004, "dipole": [-0.42049041, -0.11470332, -0.54844237], "partial charges": [-0.09854428, -0.05711105, 0.1120584, -0.4493604, -0.02519348, -0.10275901, -0.1076472, 0.04961416, 0.03086543, 0.03074373, 0.03315017, 0.04361938, 0.01070745, 0.28359162, 0.04100627, 0.03616587, 0.02860276, 0.03468041, 0.03441716, 0.03834965, 0.03304296], "atomic dipole moments": [[-0.10478858, -0.03898631, 0.01918033], [0.00691772, 0.09593492, -0.07074013], [0.01089732, 0.12061128, 0.13282382], [-0.10851346, -0.11793752, -0.17370086], [0.01763018, 0.00355248, -0.10158042], [0.06609728, -0.06762305, 0.03680495], [0.02662275, 0.09405244, 0.03616303], [0.0301815, 0.11204286, 0.05746953], [0.07974193, -0.08435747, 0.0430357], [0.02058748, 0.01118561, -0.12315465], [-0.0092376, -0.11445896, -0.04610383], [-0.00713943, -0.01030874, 0.1260568], [0.02052976, 0.0197246, -0.11761583], [-0.03524411, 0.04545932, -0.05456132], [-0.02111702, 0.00011721, 0.12503524], [-0.12054577, -0.03359109, 0.02295907], [0.00970576, 0.01586752, -0.12450255], [0.01128976, 0.11256941, 0.05424429], [0.06293519, -0.09217034, 0.05900451], [-0.12064389, -0.02948162, 0.01847412], [0.02103931, -0.01151789, -0.12457678]], "atomic quadrupole moments": [[0.19994568, 0.08708165, -0.09419298, -0.07006462, -0.03882664, -0.1057527], [0.20371279, -0.0303009, -0.03160106, 0.0260233, -0.11355241, -0.17211173], [-0.04709854, 0.05262349, 0.2834783, 0.05915397, 0.16065571, -0.23637976], [-0.07340407, 0.03348926, 0.11439717, 0.05408777, 0.08980415, -0.0409931], [0.09000832, 0.01022572, 0.12456637, 0.03675039, 0.0034178, -0.21457468], [0.02201512, -0.1269225, 0.04986292, 0.08814449, -0.0870708, -0.07187804], [-0.07662731, 0.04910681, 0.15862957, 0.03389639, 0.11508193, -0.08200226], [-0.0293638, 0.01314839, 0.04803966, -0.00438821, 0.04969064, -0.01867586], [0.01082616, -0.04733651, 0.02488168, 0.0248365, -0.04110858, -0.03570784], [-0.03211398, 0.00985466, -0.04946898, -0.00559383, -0.01024734, 0.08158296], [-0.00820657, 0.0158998, 0.03463408, 0.00984692, 0.04484372, -0.02642751], [-0.00957035, 0.00132109, -0.04658243, -0.01357929, 0.00246958, 0.05615278], [-0.02995371, -0.0004963, 0.00695143, 0.00131957, 0.00936507, 0.02300228], [-0.05330754, -0.063765, 0.0498239, 0.06504006, -0.06307902, 0.00348364], [-0.02299113, -0.00688225, -0.01055985, 0.00180408, -0.00377254, 0.03355098], [0.05799692, 0.0367358, -0.01537261, -0.02256855, -0.01931436, -0.04262432], [-0.03698425, -0.0100325, -0.04280399, -0.02332229, -0.00600887, 0.07978824], [-0.03478508, 0.01881016, 0.05070889, 0.02490568, 0.0470493, -0.01592381], [0.00067687, -0.0441872, 0.01213034, 0.04580895, -0.0304969, -0.01280722], [0.07657743, 0.01000672, -0.02972612, -0.02567854, 0.00585583, -0.04685131], [-0.04311515, 0.00816731, -0.0333824, -0.02797932, -0.00445417, 0.07649754]], "number of molecular orbitals": 42, "number of electrons": 44, "number of unpaired electrons": 0, "orbital energies/eV": [-18.39356197, -17.16173183, -16.7899531, -16.1038911, -16.04704333, -15.27493609, -15.19472255, -15.17009629, -14.05402316, -13.83126282, -13.70045073, -13.2357749, -12.9982687, -12.73454821, -12.67176588, -12.5077835, -12.15202301, -12.06617858, -11.80425029, -11.56933115, -11.46373337, -10.8349984, 0.77741522, 1.3192993, 2.31614146, 2.62387974, 3.31228122, 3.54119871, 4.01744666, 4.38093032, 4.48278568, 4.74562425, 4.83350037, 5.42275721, 5.57869812, 5.98392175, 6.47459643, 6.75928562, 7.10171651, 7.29854616, 7.78316225, 8.19932142], "fractional occupation": [2.0, 2.0, 2.0, 2.0, 2.0, 2.0, 2.0, 2.0, 2.0, 2.0, 2.0, 2.0, 2.0, 2.0, 2.0, 2.0, 2.0, 2.0, 2.0, 2.0, 2.0, 2.0, 0.0, 0.0, 0.0, 0.0, 0.0, 0.0, 0.0, 0.0, 0.0, 0.0, 0.0, 0.0, 0.0, 0.0, 0.0, 0.0, 0.0, 0.0, 0.0, 0.0], "program call": "xtb /home/svss/Project-DBcg-Debug/aqme2_20220329/End-to-End-workflows-final/example-3/QDESCP/mol_748_rdkit_conf_12/mol_748_rdkit_conf_12.xyz --pop --wbo --acc 0.2 --gfn 2 --chrg 0 --uhf 0 --etemp 300 --input /home/svss/Project-DBcg-Debug/aqme2_20220329/End-to-End-workflows-final/example-3/QDESCP/mol_748_rdkit_conf_12/mol_748_rdkit_conf_12_xtb.inp", "method": "GFN2-xTB", "xtb version": "6.3.3 (7355c4f)", "Dipole module/D": 1.781, "Total charge": 0, "Transition dipole module/D": NaN, "HOMO": -10.835, "LUMO": 0.7774, "HOMO occupancy": 2.0, "LUMO occupancy": 0, "mulliken charges": [-0.07586, -0.0469, 0.21259, -0.56954, -0.02427, -0.08993, -0.09451, 0.0406, 0.02406, 0.02206, 0.01916, 0.03489, 0.0068, 0.33387, 0.03277, 0.0318, 0.02226, 0.03092, 0.03, 0.03289, 0.02634], "cm5 charges": [-0.22506, -0.15432, 0.16702, -0.78176, -0.09401, -0.23806, -0.24293, 0.09465, 0.07491, 0.07392, 0.07517, 0.09208, 0.07373, 0.5039, 0.0933, 0.0833, 0.0746, 0.08484, 0.082, 0.08439, 0.07834], "FUKUI+": [0.015, 0.005, -0.045, -0.13, -0.023, 0.013, 0.015, -0.039, -0.074, -0.042, -0.089, -0.058, -0.077, -0.097, -0.055, -0.088, -0.047, -0.04, -0.046, -0.055, -0.044], "FUKUI-": [0.016, 0.008, -0.009, -0.115, -0.02, 0.024, 0.025, -0.071, -0.08, -0.056, -0.073, -0.069, -0.088, -0.057, -0.073, -0.073, -0.056, -0.04, -0.05, -0.087, -0.056], "FUKUIrad": [0.016, 0.006, -0.027, -0.123, -0.021, 0.019, 0.02, -0.055, -0.077, -0.049, -0.081, -0.063, -0.082, -0.077, -0.064, -0.08, -0.052, -0.04, -0.048, -0.071, -0.05], "s proportion": [1.006, 1.031, 1.024, 1.699, 1.062, 1.014, 1.013, 0.959, 0.976, 0.978, 0.981, 0.965, 0.993, 0.666, 0.967, 0.968, 0.978, 0.969, 0.97, 0.967, 0.974], "p proportion": [3.07, 3.016, 2.763, 4.871, 2.962, 3.076, 3.081, 0.0, 0.0, 0.0, 0.0, 0.0, 0.0, 0.0, 0.0, 0.0, 0.0, 0.0, 0.0, 0.0, 0.0], "d proportion": [0.0, 0.0, 0.0, 0.0, 0.0, 0.0, 0.0, 0.0, 0.0, 0.0, 0.0, 0.0, 0.0, 0.0, 0.0, 0.0, 0.0, 0.0, 0.0, 0.0, 0.0], "Fermi-level/eV": -5.0288, "Coordination numbers": [3.749, 3.799, 3.724, 1.653, 3.846, 3.752, 3.752, 0.924, 0.924, 0.924, 0.924, 0.924, 0.924, 0.804, 0.923, 0.924, 0.924, 0.924, 0.924, 0.924, 0.924], "Dispersion coefficient C6": [22.447, 21.603, 18.845, 21.832, 20.99, 22.524, 22.618, 2.325, 2.574, 2.576, 2.542, 2.401, 2.879, 0.773, 2.436, 2.501, 2.607, 2.521, 2.525, 2.471, 2.544], "Total dispersion C6": 2907.954593, "Total dispersion C8": 60047.346937, "Polarizability alpha": [6.757, 6.618, 6.199, 6.308, 6.517, 6.768, 6.782, 2.384, 2.509, 2.51, 2.493, 2.423, 2.653, 1.381, 2.441, 2.473, 2.525, 2.483, 2.485, 2.458, 2.494], "Total polarizability alpha": 79.661929, "Wiberg matrix": [[0.0, 1.019039626941154, 0.0, 0.0, 0.0, 0.0, 0.0, 0.986658978777607, 0.9873280369336589, 0.9878698959818373, 0.0, 0.0, 0.0, 0.0, 0.0, 0.0, 0.0, 0.0, 0.0, 0.0, 0.0], [1.019039626941154, 0.0, 0.9936311968153437, 0.0, 0.0, 0.0, 0.0, 0.0, 0.0, 0.0, 0.9743201900253999, 0.9765007112380415, 0.0, 0.0, 0.0, 0.0, 0.0, 0.0, 0.0, 0.0, 0.0], [0.0, 0.9936311968153437, 0.0, 0.9805532673734867, 0.9730215274026148, 0.0, 0.0, 0.0, 0.0, 0.0, 0.0, 0.0, 0.9653613212524246, 0.0, 0.0, 0.0, 0.0, 0.0, 0.0, 0.0, 0.0], [0.0, 0.0, 0.9805532673734867, 0.0, 0.0, 0.0, 0.0, 0.0, 0.0, 0.0, 0.0, 0.0, 0.0, 0.9024453424647786, 0.0, 0.0, 0.0, 0.0, 0.0, 0.0, 0.0], [0.0, 0.0, 0.9730215274026148, 0.0, 0.0, 1.0078139463951103, 1.0090299008033614, 0.0, 0.0, 0.0, 0.0, 0.0, 0.0, 0.0, 0.9679901371471715, 0.0, 0.0, 0.0, 0.0, 0.0, 0.0], [0.0, 0.0, 0.0, 0.0, 1.0078139463951103, 0.0, 0.0, 0.0, 0.0, 0.0, 0.0, 0.0, 0.0, 0.0, 0.0, 0.9852004150556701, 0.9872206318769018, 0.983594612524473, 0.0, 0.0, 0.0], [0.0, 0.0, 0.0, 0.0, 1.0090299008033614, 0.0, 0.0, 0.0, 0.0, 0.0, 0.0, 0.0, 0.0, 0.0, 0.0, 0.0, 0.0, 0.0, 0.9844275484117058, 0.9851255976038437, 0.9870921867178056], [0.986658978777607, 0.0, 0.0, 0.0, 0.0, 0.0, 0.0, 0.0, 0.0, 0.0, 0.0, 0.0, 0.0, 0.0, 0.0, 0.0, 0.0, 0.0, 0.0, 0.0, 0.0], [0.9873280369336589, 0.0, 0.0, 0.0, 0.0, 0.0, 0.0, 0.0, 0.0, 0.0, 0.0, 0.0, 0.0, 0.0, 0.0, 0.0, 0.0, 0.0, 0.0, 0.0, 0.0], [0.9878698959818373, 0.0, 0.0, 0.0, 0.0, 0.0, 0.0, 0.0, 0.0, 0.0, 0.0, 0.0, 0.0, 0.0, 0.0, 0.0, 0.0, 0.0, 0.0, 0.0, 0.0], [0.0, 0.9743201900253999, 0.0, 0.0, 0.0, 0.0, 0.0, 0.0, 0.0, 0.0, 0.0, 0.0, 0.0, 0.0, 0.0, 0.0, 0.0, 0.0, 0.0, 0.0, 0.0], [0.0, 0.9765007112380415, 0.0, 0.0, 0.0, 0.0, 0.0, 0.0, 0.0, 0.0, 0.0, 0.0, 0.0, 0.0, 0.0, 0.0, 0.0, 0.0, 0.0, 0.0, 0.0], [0.0, 0.0, 0.9653613212524246, 0.0, 0.0, 0.0, 0.0, 0.0, 0.0, 0.0, 0.0, 0.0, 0.0, 0.0, 0.0, 0.0, 0.0, 0.0, 0.0, 0.0, 0.0], [0.0, 0.0, 0.0, 0.9024453424647786, 0.0, 0.0, 0.0, 0.0, 0.0, 0.0, 0.0, 0.0, 0.0, 0.0, 0.0, 0.0, 0.0, 0.0, 0.0, 0.0, 0.0], [0.0, 0.0, 0.0, 0.0, 0.9679901371471715, 0.0, 0.0, 0.0, 0.0, 0.0, 0.0, 0.0, 0.0, 0.0, 0.0, 0.0, 0.0, 0.0, 0.0, 0.0, 0.0], [0.0, 0.0, 0.0, 0.0, 0.0, 0.9852004150556701, 0.0, 0.0, 0.0, 0.0, 0.0, 0.0, 0.0, 0.0, 0.0, 0.0, 0.0, 0.0, 0.0, 0.0, 0.0], [0.0, 0.0, 0.0, 0.0, 0.0, 0.9872206318769018, 0.0, 0.0, 0.0, 0.0, 0.0, 0.0, 0.0, 0.0, 0.0, 0.0, 0.0, 0.0, 0.0, 0.0, 0.0], [0.0, 0.0, 0.0, 0.0, 0.0, 0.983594612524473, 0.0, 0.0, 0.0, 0.0, 0.0, 0.0, 0.0, 0.0, 0.0, 0.0, 0.0, 0.0, 0.0, 0.0, 0.0], [0.0, 0.0, 0.0, 0.0, 0.0, 0.0, 0.9844275484117058, 0.0, 0.0, 0.0, 0.0, 0.0, 0.0, 0.0, 0.0, 0.0, 0.0, 0.0, 0.0, 0.0, 0.0], [0.0, 0.0, 0.0, 0.0, 0.0, 0.0, 0.9851255976038437, 0.0, 0.0, 0.0, 0.0, 0.0, 0.0, 0.0, 0.0, 0.0, 0.0, 0.0, 0.0, 0.0, 0.0], [0.0, 0.0, 0.0, 0.0, 0.0, 0.0, 0.9870921867178056, 0.0, 0.0, 0.0, 0.0, 0.0, 0.0, 0.0, 0.0, 0.0, 0.0, 0.0, 0.0, 0.0, 0.0]], "Born radii": [], "Atomic SASAs": [], "Solvent H bonds": [], "Total SASA": NaN, "Total FOD": 0.0, "FOD": [0.0, 0.0, 0.0, 0.0, 0.0, 0.0, 0.0, 0.0, 0.0, 0.0, 0.0, 0.0, 0.0, 0.0, 0.0, 0.0, 0.0, 0.0, 0.0, 0.0, 0.0], "FOD s proportion": [0.0, 0.0, 0.0, 0.0, 0.0, 0.0, 0.0, 0.0, 0.0, 0.0, 0.0, 0.0, 0.0, 0.0, 0.0, 0.0, 0.0, 0.0, 0.0, 0.0, 0.0], "FOD p proportion": [0.0, 0.0, 0.0, 0.0, 0.0, 0.0, 0.0, 0.0, 0.0, 0.0, 0.0, 0.0, 0.0, 0.0, 0.0, 0.0, 0.0, 0.0, 0.0, 0.0, 0.0], "FOD d proportion": [0.0, 0.0, 0.0, 0.0, 0.0, 0.0, 0.0, 0.0, 0.0, 0.0, 0.0, 0.0, 0.0, 0.0, 0.0, 0.0, 0.0, 0.0, 0.0, 0.0, 0.0], "coordinates": [["2.81090", "-0.14360", "0.47100"], ["1.37950", "-0.57890", "0.76470"], ["0.33940", "0.39900", "0.19850"], ["0.60490", "1.68600", "0.76070"], ["-1.11830", "-0.00810", "0.52150"], ["-2.11940", "1.01640", "-0.02910"], ["-1.47380", "-1.39530", "-0.01960"], ["3.04610", "0.81190", "0.94970"], ["3.51600", "-0.88980", "0.85120"], ["2.97460", "-0.04030", "-0.60640"], ["1.23610", "-1.57850", "0.34230"], ["1.26190", "-0.65640", "1.85240"], ["0.47590", "0.47560", "-0.88750"], ["0.16780", "2.34930", "0.20060"], ["-1.24460", "-0.02000", "1.61230"], ["-3.14930", "0.70320", "0.17440"], ["-2.00930", "1.13360", "-1.11250"], ["-1.98460", "1.99740", "0.43720"], ["-0.90040", "-2.17990", "0.48280"], ["-2.53290", "-1.61990", "0.14750"], ["-1.28030", "-1.46190", "-1.09550"]], "bond_dist": [[0.0, 1.5246808649681416, 2.5449917995938613, 2.8805899135420163, 3.931860010224169, 5.089553821308899, 4.4906675828878715, 1.094281947214702, 1.0947750864903711, 1.0946503277302757, 2.1343609675966246, 2.1379033654494304, 2.7714898322021675, 3.643301274942823, 4.214845536908797, 6.0273564553625, 5.231925088339855, 5.2518419330745285, 4.23324988867891, 5.553405475921959, 4.574904871142132], [1.5246808649681416, 0.0, 1.5357990949339695, 2.3936986380912697, 2.5737062225514395, 3.9264999350566656, 3.0696834266744837, 2.1785557601310095, 2.160734437639202, 2.17125520839905, 1.0946165904096283, 1.0967804246976691, 2.1582928554762906, 3.218816698726412, 2.8136623429260306, 4.743655124479435, 4.235622921129783, 4.249911381429029, 2.8001093942915873, 4.09530103899579, 3.3637135847155593], [2.5449917995938613, 1.5357990949339695, 0.0, 1.4293103546815855, 1.5475621796877823, 2.5453255115996463, 2.5602293530072653, 2.8391922689384743, 3.4896719458997865, 2.790184140876727, 2.1760642407796698, 2.1680084455555058, 1.0972218599718107, 1.9578358102762343, 2.1641274084489575, 3.502020294058845, 2.7883238423827312, 2.8306953651002433, 2.8755270369099297, 3.5112199446915886, 2.7858235586626803], [2.8805899135420163, 2.3936986380912697, 1.4293103546815855, 0.0, 2.428293575744086, 2.9144396871439975, 3.7979298927178733, 2.599851774621007, 3.8881151088927397, 3.234896009147744, 3.3511837087811225, 2.66651376332469, 2.0489686185981473, 0.9719749533810015, 2.656371361462851, 3.9247498226001616, 3.263137392142722, 2.6281423972075793, 4.1579248802738125, 4.598997487496596, 4.1120228464832245], [3.931860010224169, 2.5737062225514395, 1.5475621796877823, 2.428293575744086, 0.0, 1.5345884855556555, 1.5308472490748384, 4.265909352060825, 4.728935765053275, 4.245588965031825, 2.8357482539887067, 2.8030233213442948, 2.1819074980392728, 2.7045082325628074, 1.0981520568664433, 2.179767671106258, 2.1834183955440145, 2.1862324739148855, 2.1830468020635747, 2.176894209648232, 2.1804741319263568], [5.089553821308899, 3.9264999350566656, 2.5453255115996463, 2.9144396871439975, 1.5345884855556555, 0.0, 2.4966350354026514, 5.261393345873315, 6.013839014306918, 5.234379254505734, 4.258030556489702, 4.215624720014817, 2.786556529123355, 2.65719181467955, 2.12922379284095, 1.0955366264986306, 1.0952686474103055, 1.094517121839581, 3.4589501731016594, 2.6743686170758134, 2.8254678656817176], [4.4906675828878715, 3.0696834266744837, 2.5602293530072653, 3.7979298927178733, 1.5308472490748384, 2.4966350354026514, 0.0, 5.12257458120426, 5.090375912444974, 4.687069638910862, 2.7400897540044196, 3.3962349300364956, 2.8381062894120084, 4.094553426199248, 2.1464110370569753, 2.692329567493549, 2.806514897519698, 3.461213106701175, 1.0939791954146112, 1.0954726742370164, 1.0951888512946064], [1.094281947214702, 2.1785557601310095, 2.8391922689384743, 2.599851774621007, 4.265909352060825, 5.261393345873315, 5.12257458120426, 0.0, 1.768132107620921, 1.775613781203559, 3.0592559422186305, 2.4807542844868777, 3.177157466982082, 3.3480383002588248, 4.420543276566806, 6.244668681363327, 5.469298756696328, 5.193843373649228, 4.974306494376879, 6.138600579936766, 5.298183315061871], [1.0947750864903711, 2.160734437639202, 3.4896719458997865, 3.8881151088927397, 4.728935765053275, 6.013839014306918, 5.090375912444974, 1.768132107620921, 0.0, 1.771824474941014, 2.4354118563397034, 2.477467216735673, 3.7589364001004326, 4.703774272857914, 4.89889146746486, 6.886358350391011, 6.203160915210889, 6.226067795968817, 4.615697729487927, 6.133305056003655, 5.207824208822721], [1.0946503277302757, 2.17125520839905, 2.790184140876727, 3.234896009147744, 4.245588965031825, 5.234379254505734, 4.687069638910862, 1.775613781203559, 1.771824474941014, 0.0, 2.507682830822112, 3.0591858295958425, 2.5668408034001646, 3.773534602994916, 4.76704210386273, 6.218085887152092, 5.145234458214708, 5.4621412367312505, 4.558494247007448, 5.778932221440221, 4.512686492545211], [2.1343609675966246, 1.0946165904096283, 2.1760642407796698, 3.3511837087811225, 2.8357482539887067, 4.258030556489702, 2.7400897540044196, 3.0592559422186305, 2.4354118563397034, 2.507682830822112, 0.0, 1.7695581538904, 2.5118994585771146, 4.072954286509978, 3.193069798798642, 4.946319688414812, 4.472644699727444, 4.8134161787653476, 2.223972675191851, 3.774257807834542, 2.9005401841725966], [2.1379033654494304, 1.0967804246976691, 2.1680084455555058, 2.66651376332469, 2.8030233213442948, 4.215624720014817, 3.3962349300364956, 2.4807542844868777, 2.477467216735673, 3.0591858295958425, 1.7695581538904, 0.0, 3.066964624836746, 3.5999625748054664, 2.597151366401273, 4.911505023920875, 4.763977482104633, 4.425517792304083, 2.978657029602435, 4.27030716693776, 3.975138425262698], [2.7714898322021675, 2.1582928554762906, 1.0972218599718107, 2.0489686185981473, 2.1819074980392728, 2.786556529123355, 2.8381062894120084, 3.177157466982082, 3.7589364001004326, 2.5668408034001646, 2.5118994585771146, 3.066964624836746, 0.0, 2.188524368153117, 3.074856037280445, 3.7843768853009347, 2.5806603883502377, 3.181943679576997, 3.289924623756599, 3.8098848657144484, 2.6232439249905832], [3.643301274942823, 3.218816698726412, 1.9578358102762343, 0.9719749533810015, 2.7045082325628074, 2.65719181467955, 4.094553426199248, 3.3480383002588248, 4.703774272857914, 3.773534602994916, 4.072954286509978, 3.5999625748054664, 2.188524368153117, 0.0, 3.0986050313003752, 3.7031721618093862, 2.8181416767082528, 2.1937727617052776, 4.662010373218832, 4.801161186629751, 4.2780970372351295], [4.214845536908797, 2.8136623429260306, 2.1641274084489575, 2.656371361462851, 1.0981520568664433, 2.12922379284095, 2.1464110370569753, 4.420543276566806, 4.89889146746486, 4.76704210386273, 3.193069798798642, 2.597151366401273, 3.074856037280445, 3.0986050313003752, 0.0, 2.4936833680321167, 3.0561567515426953, 2.449155521807466, 2.461587272472784, 2.5229022850677354, 3.0679848337304403], [6.0273564553625, 4.743655124479435, 3.502020294058845, 3.9247498226001616, 2.179767671106258, 1.0955366264986306, 2.692329567493549, 6.244668681363327, 6.886358350391011, 6.218085887152092, 4.946319688414812, 4.911505023920875, 3.7843768853009347, 3.7031721618093862, 2.4936833680321167, 0.0, 1.7722741802554143, 1.7608360429068917, 3.669458731202737, 2.4036360331797324, 3.129451233043902], [5.231925088339855, 4.235622921129783, 2.7883238423827312, 3.263137392142722, 2.1834183955440145, 1.0952686474103055, 2.806514897519698, 5.469298756696328, 6.203160915210889, 5.145234458214708, 4.472644699727444, 4.763977482104633, 2.5806603883502377, 2.8181416767082528, 3.0561567515426953, 1.7722741802554143, 0.0, 1.7743535780672353, 3.8410836426716877, 3.073030948428603, 2.6959878059813254], [5.2518419330745285, 4.249911381429029, 2.8306953651002433, 2.6281423972075793, 2.1862324739148855, 1.094517121839581, 3.461213106701175, 5.193843373649228, 6.226067795968817, 5.4621412367312505, 4.8134161787653476, 4.425517792304083, 3.181943679576997, 2.1937727617052776, 2.449155521807466, 1.7608360429068917, 1.7743535780672353, 0.0, 4.315947669979328, 3.670070608312598, 3.8486314801497943], [4.23324988867891, 2.8001093942915873, 2.8755270369099297, 4.1579248802738125, 2.1830468020635747, 3.4589501731016594, 1.0939791954146112, 4.974306494376879, 4.615697729487927, 4.558494247007448, 2.223972675191851, 2.978657029602435, 3.289924623756599, 4.662010373218832, 2.461587272472784, 3.669458731202737, 3.8410836426716877, 4.315947669979328, 0.0, 1.7581474170273668, 1.775071519685897], [5.553405475921959, 4.09530103899579, 3.5112199446915886, 4.598997487496596, 2.176894209648232, 2.6743686170758134, 1.0954726742370164, 6.138600579936766, 6.133305056003655, 5.778932221440221, 3.774257807834542, 4.27030716693776, 3.8098848657144484, 4.801161186629751, 2.5229022850677354, 2.4036360331797324, 3.073030948428603, 3.670070608312598, 1.7581474170273668, 0.0, 1.7717279023597274], [4.574904871142132, 3.3637135847155593, 2.7858235586626803, 4.1120228464832245, 2.1804741319263568, 2.8254678656817176, 1.0951888512946064, 5.298183315061871, 5.207824208822721, 4.512686492545211, 2.9005401841725966, 3.975138425262698, 2.6232439249905832, 4.2780970372351295, 3.0679848337304403, 3.129451233043902, 2.6959878059813254, 3.8486314801497943, 1.775071519685897, 1.7717279023597274, 0.0]]}