{"total energy": -30.37446362, "HOMO-LUMO gap/eV": 11.88066428, "electronic energy": -30.76229659, "dipole": [0.20292652, 0.55421878, 0.20400206], "partial charges": [-0.09962737, -0.05178078, -0.05786371, -0.06004268, -0.0186392, -0.0565986, -0.10065455, 0.08567303, -0.44222807, 0.03039893, 0.02992381, 0.03200275, 0.02888617, 0.0258789, 0.02952846, 0.0339573, 0.04579328, 0.03281143, 0.03056136, 0.04595938, 0.02903695, 0.03077567, 0.03386518, 0.03228689, 0.0113388, 0.01773662, 0.28102005], "atomic dipole moments": [[-0.09842586, 0.00205375, -0.01049161], [0.0543181, -0.07308059, 0.06140653], [-0.05446931, 0.07067674, -0.06829692], [0.04276754, 0.10582423, 0.04364518], [-0.01990646, -0.05395559, 0.07427638], [0.08681, 0.00846865, -0.08499998], [0.0258613, 0.01294916, 0.09832024], [-0.06116643, -0.17741671, 0.05805811], [0.07777949, 0.23060291, -0.01726183], [0.03241138, 0.01204606, 0.12090221], [0.05180872, 0.09421122, -0.06250345], [0.04973868, -0.10688784, -0.04415518], [-0.02396595, -0.00517157, -0.1210568], [-0.03876128, 0.1108696, 0.03828101], [0.04749744, -0.10675717, -0.03309267], [0.02544444, 0.0034448, 0.12274421], [-0.04121478, -0.10514191, 0.05620711], [-0.01440829, -0.0274578, -0.11785572], [0.03275547, 0.09533745, -0.07105929], [-0.04623182, -0.10007393, 0.06501053], [-0.06614521, 0.09402453, 0.04060689], [0.04116706, 0.09473154, -0.07142401], [0.0416014, -0.10911225, -0.04737842], [-0.12373525, -0.00320259, -0.01171936], [-0.06723683, 0.08671885, 0.03792514], [0.10983359, 0.02885796, 0.02668211], [0.01702238, 0.03644019, 0.06859012]], "atomic quadrupole moments": [[0.22869038, -0.00182021, -0.11205847, 0.03828352, -0.01148232, -0.1166319], [0.18433761, 0.0801974, -0.04214497, -0.01988124, -0.12780935, -0.14219264], [0.15633073, 0.12174868, -0.02379518, -0.0118677, -0.11344258, -0.13253555], [0.18147397, -0.09632284, -0.00153591, 0.03761683, 0.07384757, -0.17993806], [0.04958557, -0.03823499, -0.08360415, 0.0504767, 0.13921362, 0.03401858], [0.10364306, 0.04902197, -0.21132154, 0.10445544, 0.06673025, 0.10767848], [-0.0798911, 0.00641999, -0.12270227, 0.07274103, 0.03863268, 0.20259337], [-0.27526806, 0.12598687, 0.10850159, -0.05128192, -0.26555221, 0.16676647], [-0.10504222, 0.0658316, 0.08725545, -0.02604751, -0.10374562, 0.01778676], [-0.02603831, -0.00253661, -0.05130349, 0.0165483, 0.01197855, 0.07734179], [-0.01248964, 0.03281758, 0.02868339, -0.01951596, -0.05694283, -0.01619375], [-0.01952235, -0.03061775, 0.052147, -0.00620616, 0.04429216, -0.03262465], [-0.01888704, 0.01134587, -0.03290096, 0.01464583, 0.01481115, 0.05178799], [-0.00661679, -0.02078898, 0.02873237, -0.0199737, 0.03248613, -0.02211558], [-0.0066262, -0.02107042, 0.0327027, -0.01950871, 0.03283672, -0.0260765], [-0.02438933, 0.01406671, -0.02758097, 0.00322326, 0.0227244, 0.0519703], [-0.0017616, 0.01252543, 0.0097871, -0.02352444, -0.04543618, -0.00802551], [-0.01548994, -0.01763919, -0.04204991, 0.01580172, 0.00390027, 0.05753985], [-0.01333855, 0.01406472, 0.01103875, -0.01513113, -0.02627835, 0.0022998], [-0.02883519, 0.0178298, 0.03252134, 0.00442906, -0.03417234, -0.00368614], [-0.01017903, -0.03320255, 0.02899146, 0.00738645, 0.03375424, -0.01881242], [-0.03054394, 0.04475921, 0.03450309, -0.01940699, -0.04197661, -0.00395915], [-0.02556222, -0.05203708, 0.04528242, -0.00881957, 0.02523649, -0.0197202], [0.08252701, 0.00135091, -0.0543185, 0.00174863, 0.00768506, -0.02820851], [-0.00580681, -0.04048939, 0.0184067, -0.01494895, -0.00966198, -0.01259989], [0.04488384, 0.01614007, -0.03038299, -0.00042614, -0.02248572, -0.01450085], [-0.08309633, 0.02324052, -0.03441766, 0.02936336, 0.04555652, 0.11751399]], "number of molecular orbitals": 54, "number of electrons": 56, "number of unpaired electrons": 0, "orbital energies/eV": [-18.50451854, -17.10299739, -16.72649067, -16.47615678, -16.26385953, -15.7612928, -15.39921669, -15.31952369, -15.08428193, -14.74594964, -14.25306633, -13.82924211, -13.73038981, -13.57425954, -13.27754458, -13.11871797, -13.0377739, -12.65526584, -12.61559541, -12.1470173, -12.1355976, -11.98734102, -11.71235086, -11.57039834, -11.391817, -11.21165408, -11.12153531, -10.94287901, 0.93778527, 1.86399096, 1.95543764, 2.30845551, 2.81345291, 3.12550251, 3.44194622, 3.68139857, 3.98177266, 4.06644743, 4.3564214, 4.46221765, 4.64788984, 5.01710001, 5.57566016, 5.72717375, 5.76447769, 5.99802924, 6.31615954, 6.83774073, 7.16451288, 7.26312542, 7.49448082, 8.01727493, 8.13460198, 8.35737089], "fractional occupation": [2.0, 2.0, 2.0, 2.0, 2.0, 2.0, 2.0, 2.0, 2.0, 2.0, 2.0, 2.0, 2.0, 2.0, 2.0, 2.0, 2.0, 2.0, 2.0, 2.0, 2.0, 2.0, 2.0, 2.0, 2.0, 2.0, 2.0, 2.0, 0.0, 0.0, 0.0, 0.0, 0.0, 0.0, 0.0, 0.0, 0.0, 0.0, 0.0, 0.0, 0.0, 0.0, 0.0, 0.0, 0.0, 0.0, 0.0, 0.0, 0.0, 0.0, 0.0, 0.0, 0.0, 0.0], "program call": "xtb /home/svss/Project-DBcg-Debug/aqme2_20220329/End-to-End-workflows-final/example-3/QDESCP/mol_1056_rdkit_conf_19/mol_1056_rdkit_conf_19.xyz --pop --wbo --acc 0.2 --gfn 2 --chrg 0 --uhf 0 --etemp 300 --input /home/svss/Project-DBcg-Debug/aqme2_20220329/End-to-End-workflows-final/example-3/QDESCP/mol_1056_rdkit_conf_19/mol_1056_rdkit_conf_19_xtb.inp", "method": "GFN2-xTB", "xtb version": "6.3.3 (7355c4f)", "Dipole module/D": 1.587, "Total charge": 0, "Transition dipole module/D": NaN, "HOMO": -10.9429, "LUMO": 0.9378, "HOMO occupancy": 2.0, "LUMO occupancy": 0, "mulliken charges": [-0.08322, -0.04141, -0.04828, -0.04643, -0.01833, -0.04084, -0.08533, 0.19346, -0.56887, 0.02567, 0.02696, 0.02695, 0.02203, 0.01789, 0.02459, 0.02732, 0.03866, 0.02162, 0.01705, 0.03672, 0.02098, 0.02433, 0.02736, 0.02836, 0.00814, 0.00915, 0.33548], "cm5 charges": [-0.23368, -0.15418, -0.15883, -0.15383, -0.08597, -0.15034, -0.23602, 0.108, -0.78475, 0.07698, 0.07773, 0.07825, 0.07689, 0.07348, 0.07952, 0.08408, 0.09624, 0.07796, 0.07677, 0.09398, 0.07657, 0.07578, 0.07912, 0.07911, 0.07087, 0.07258, 0.50369], "FUKUI+": [0.006, 0.002, -0.003, -0.016, -0.021, -0.01, 0.021, -0.003, -0.091, -0.024, -0.042, -0.033, -0.033, -0.014, -0.056, -0.033, -0.046, -0.054, -0.085, -0.041, -0.055, -0.031, -0.026, -0.047, -0.077, -0.077, -0.11], "FUKUI-": [0.019, 0.008, 0.011, 0.009, -0.003, 0.006, 0.018, 0.02, -0.074, -0.044, -0.046, -0.057, -0.062, -0.066, -0.08, -0.057, -0.041, -0.047, -0.042, -0.064, -0.07, -0.051, -0.056, -0.053, -0.069, -0.064, -0.045], "FUKUIrad": [0.013, 0.005, 0.004, -0.003, -0.012, -0.002, 0.019, 0.008, -0.083, -0.034, -0.044, -0.045, -0.048, -0.04, -0.068, -0.045, -0.043, -0.05, -0.064, -0.053, -0.063, -0.041, -0.041, -0.05, -0.073, -0.071, -0.078], "s proportion": [1.008, 1.027, 1.032, 1.034, 1.061, 1.031, 1.008, 0.994, 1.695, 0.974, 0.973, 0.973, 0.978, 0.982, 0.975, 0.973, 0.961, 0.978, 0.983, 0.963, 0.979, 0.976, 0.973, 0.972, 0.992, 0.991, 0.665], "p proportion": [3.076, 3.015, 3.016, 3.013, 2.958, 3.009, 3.077, 2.813, 4.874, 0.0, 0.0, 0.0, 0.0, 0.0, 0.0, 0.0, 0.0, 0.0, 0.0, 0.0, 0.0, 0.0, 0.0, 0.0, 0.0, 0.0, 0.0], "d proportion": [0.0, 0.0, 0.0, 0.0, 0.0, 0.0, 0.0, 0.0, 0.0, 0.0, 0.0, 0.0, 0.0, 0.0, 0.0, 0.0, 0.0, 0.0, 0.0, 0.0, 0.0, 0.0, 0.0, 0.0, 0.0, 0.0, 0.0], "Fermi-level/eV": -5.0025, "Coordination numbers": [3.75, 3.799, 3.8, 3.799, 3.845, 3.8, 3.748, 3.675, 1.653, 0.924, 0.924, 0.924, 0.924, 0.924, 0.924, 0.924, 0.924, 0.924, 0.924, 0.924, 0.924, 0.924, 0.924, 0.924, 0.924, 0.924, 0.804], "Dispersion coefficient C6": [22.466, 21.505, 21.616, 21.657, 20.875, 21.592, 22.489, 19.375, 21.687, 2.581, 2.588, 2.558, 2.602, 2.646, 2.593, 2.531, 2.373, 2.547, 2.579, 2.371, 2.6, 2.576, 2.532, 2.554, 2.869, 2.768, 0.781], "Total dispersion C6": 4864.631229, "Total dispersion C8": 100850.535779, "Polarizability alpha": [6.76, 6.603, 6.62, 6.626, 6.499, 6.616, 6.764, 6.307, 6.287, 2.512, 2.516, 2.501, 2.523, 2.544, 2.518, 2.488, 2.409, 2.496, 2.511, 2.408, 2.522, 2.51, 2.489, 2.499, 2.649, 2.602, 1.388], "Total polarizability alpha": 103.165472, "Wiberg matrix": [[0.0, 1.019644427892126, 0.0, 0.0, 0.0, 0.0, 0.0, 0.0, 0.0, 0.9879037322925908, 0.9875752258517037, 0.9876295595645501, 0.0, 0.0, 0.0, 0.0, 0.0, 0.0, 0.0, 0.0, 0.0, 0.0, 0.0, 0.0, 0.0, 0.0, 0.0], [1.019644427892126, 0.0, 1.0087234241954968, 0.0, 0.0, 0.0, 0.0, 0.0, 0.0, 0.0, 0.0, 0.0, 0.9778792122654067, 0.9763389641955802, 0.0, 0.0, 0.0, 0.0, 0.0, 0.0, 0.0, 0.0, 0.0, 0.0, 0.0, 0.0, 0.0], [0.0, 1.0087234241954968, 0.0, 1.0063889339077676, 0.0, 0.0, 0.0, 0.0, 0.0, 0.0, 0.0, 0.0, 0.0, 0.0, 0.9762216800273439, 0.9754819884181135, 0.0, 0.0, 0.0, 0.0, 0.0, 0.0, 0.0, 0.0, 0.0, 0.0, 0.0], [0.0, 0.0, 1.0063889339077676, 0.0, 0.9956752432085915, 0.0, 0.0, 0.0, 0.0, 0.0, 0.0, 0.0, 0.0, 0.0, 0.0, 0.0, 0.9756357983574608, 0.9742066163439719, 0.0, 0.0, 0.0, 0.0, 0.0, 0.0, 0.0, 0.0, 0.0], [0.0, 0.0, 0.0, 0.9956752432085915, 0.0, 0.993735179138537, 0.0, 0.9932299528383344, 0.0, 0.0, 0.0, 0.0, 0.0, 0.0, 0.0, 0.0, 0.0, 0.0, 0.9653330416064309, 0.0, 0.0, 0.0, 0.0, 0.0, 0.0, 0.0, 0.0], [0.0, 0.0, 0.0, 0.0, 0.993735179138537, 0.0, 1.020755927548803, 0.0, 0.0, 0.0, 0.0, 0.0, 0.0, 0.0, 0.0, 0.0, 0.0, 0.0, 0.0, 0.976650626135035, 0.9768763897831547, 0.0, 0.0, 0.0, 0.0, 0.0, 0.0], [0.0, 0.0, 0.0, 0.0, 0.0, 1.020755927548803, 0.0, 0.0, 0.0, 0.0, 0.0, 0.0, 0.0, 0.0, 0.0, 0.0, 0.0, 0.0, 0.0, 0.0, 0.0, 0.9873134077819837, 0.9856848990026156, 0.9868729168586207, 0.0, 0.0, 0.0], [0.0, 0.0, 0.0, 0.0, 0.9932299528383344, 0.0, 0.0, 0.0, 0.9903156178659152, 0.0, 0.0, 0.0, 0.0, 0.0, 0.0, 0.0, 0.0, 0.0, 0.0, 0.0, 0.0, 0.0, 0.0, 0.0, 0.9719723007486473, 0.9703244673739986, 0.0], [0.0, 0.0, 0.0, 0.0, 0.0, 0.0, 0.0, 0.9903156178659152, 0.0, 0.0, 0.0, 0.0, 0.0, 0.0, 0.0, 0.0, 0.0, 0.0, 0.0, 0.0, 0.0, 0.0, 0.0, 0.0, 0.0, 0.0, 0.9082601652280247], [0.9879037322925908, 0.0, 0.0, 0.0, 0.0, 0.0, 0.0, 0.0, 0.0, 0.0, 0.0, 0.0, 0.0, 0.0, 0.0, 0.0, 0.0, 0.0, 0.0, 0.0, 0.0, 0.0, 0.0, 0.0, 0.0, 0.0, 0.0], [0.9875752258517037, 0.0, 0.0, 0.0, 0.0, 0.0, 0.0, 0.0, 0.0, 0.0, 0.0, 0.0, 0.0, 0.0, 0.0, 0.0, 0.0, 0.0, 0.0, 0.0, 0.0, 0.0, 0.0, 0.0, 0.0, 0.0, 0.0], [0.9876295595645501, 0.0, 0.0, 0.0, 0.0, 0.0, 0.0, 0.0, 0.0, 0.0, 0.0, 0.0, 0.0, 0.0, 0.0, 0.0, 0.0, 0.0, 0.0, 0.0, 0.0, 0.0, 0.0, 0.0, 0.0, 0.0, 0.0], [0.0, 0.9778792122654067, 0.0, 0.0, 0.0, 0.0, 0.0, 0.0, 0.0, 0.0, 0.0, 0.0, 0.0, 0.0, 0.0, 0.0, 0.0, 0.0, 0.0, 0.0, 0.0, 0.0, 0.0, 0.0, 0.0, 0.0, 0.0], [0.0, 0.9763389641955802, 0.0, 0.0, 0.0, 0.0, 0.0, 0.0, 0.0, 0.0, 0.0, 0.0, 0.0, 0.0, 0.0, 0.0, 0.0, 0.0, 0.0, 0.0, 0.0, 0.0, 0.0, 0.0, 0.0, 0.0, 0.0], [0.0, 0.0, 0.9762216800273439, 0.0, 0.0, 0.0, 0.0, 0.0, 0.0, 0.0, 0.0, 0.0, 0.0, 0.0, 0.0, 0.0, 0.0, 0.0, 0.0, 0.0, 0.0, 0.0, 0.0, 0.0, 0.0, 0.0, 0.0], [0.0, 0.0, 0.9754819884181135, 0.0, 0.0, 0.0, 0.0, 0.0, 0.0, 0.0, 0.0, 0.0, 0.0, 0.0, 0.0, 0.0, 0.0, 0.0, 0.0, 0.0, 0.0, 0.0, 0.0, 0.0, 0.0, 0.0, 0.0], [0.0, 0.0, 0.0, 0.9756357983574608, 0.0, 0.0, 0.0, 0.0, 0.0, 0.0, 0.0, 0.0, 0.0, 0.0, 0.0, 0.0, 0.0, 0.0, 0.0, 0.0, 0.0, 0.0, 0.0, 0.0, 0.0, 0.0, 0.0], [0.0, 0.0, 0.0, 0.9742066163439719, 0.0, 0.0, 0.0, 0.0, 0.0, 0.0, 0.0, 0.0, 0.0, 0.0, 0.0, 0.0, 0.0, 0.0, 0.0, 0.0, 0.0, 0.0, 0.0, 0.0, 0.0, 0.0, 0.0], [0.0, 0.0, 0.0, 0.0, 0.9653330416064309, 0.0, 0.0, 0.0, 0.0, 0.0, 0.0, 0.0, 0.0, 0.0, 0.0, 0.0, 0.0, 0.0, 0.0, 0.0, 0.0, 0.0, 0.0, 0.0, 0.0, 0.0, 0.0], [0.0, 0.0, 0.0, 0.0, 0.0, 0.976650626135035, 0.0, 0.0, 0.0, 0.0, 0.0, 0.0, 0.0, 0.0, 0.0, 0.0, 0.0, 0.0, 0.0, 0.0, 0.0, 0.0, 0.0, 0.0, 0.0, 0.0, 0.0], [0.0, 0.0, 0.0, 0.0, 0.0, 0.9768763897831547, 0.0, 0.0, 0.0, 0.0, 0.0, 0.0, 0.0, 0.0, 0.0, 0.0, 0.0, 0.0, 0.0, 0.0, 0.0, 0.0, 0.0, 0.0, 0.0, 0.0, 0.0], [0.0, 0.0, 0.0, 0.0, 0.0, 0.0, 0.9873134077819837, 0.0, 0.0, 0.0, 0.0, 0.0, 0.0, 0.0, 0.0, 0.0, 0.0, 0.0, 0.0, 0.0, 0.0, 0.0, 0.0, 0.0, 0.0, 0.0, 0.0], [0.0, 0.0, 0.0, 0.0, 0.0, 0.0, 0.9856848990026156, 0.0, 0.0, 0.0, 0.0, 0.0, 0.0, 0.0, 0.0, 0.0, 0.0, 0.0, 0.0, 0.0, 0.0, 0.0, 0.0, 0.0, 0.0, 0.0, 0.0], [0.0, 0.0, 0.0, 0.0, 0.0, 0.0, 0.9868729168586207, 0.0, 0.0, 0.0, 0.0, 0.0, 0.0, 0.0, 0.0, 0.0, 0.0, 0.0, 0.0, 0.0, 0.0, 0.0, 0.0, 0.0, 0.0, 0.0, 0.0], [0.0, 0.0, 0.0, 0.0, 0.0, 0.0, 0.0, 0.9719723007486473, 0.0, 0.0, 0.0, 0.0, 0.0, 0.0, 0.0, 0.0, 0.0, 0.0, 0.0, 0.0, 0.0, 0.0, 0.0, 0.0, 0.0, 0.0, 0.0], [0.0, 0.0, 0.0, 0.0, 0.0, 0.0, 0.0, 0.9703244673739986, 0.0, 0.0, 0.0, 0.0, 0.0, 0.0, 0.0, 0.0, 0.0, 0.0, 0.0, 0.0, 0.0, 0.0, 0.0, 0.0, 0.0, 0.0, 0.0], [0.0, 0.0, 0.0, 0.0, 0.0, 0.0, 0.0, 0.0, 0.9082601652280247, 0.0, 0.0, 0.0, 0.0, 0.0, 0.0, 0.0, 0.0, 0.0, 0.0, 0.0, 0.0, 0.0, 0.0, 0.0, 0.0, 0.0, 0.0]], "Born radii": [], "Atomic SASAs": [], "Solvent H bonds": [], "Total SASA": NaN, "Total FOD": 0.0, "FOD": [0.0, 0.0, 0.0, 0.0, 0.0, 0.0, 0.0, 0.0, 0.0, 0.0, 0.0, 0.0, 0.0, 0.0, 0.0, 0.0, 0.0, 0.0, 0.0, 0.0, 0.0, 0.0, 0.0, 0.0, 0.0, 0.0, 0.0], "FOD s proportion": [0.0, 0.0, 0.0, 0.0, 0.0, 0.0, 0.0, 0.0, 0.0, 0.0, 0.0, 0.0, 0.0, 0.0, 0.0, 0.0, 0.0, 0.0, 0.0, 0.0, 0.0, 0.0, 0.0, 0.0, 0.0, 0.0, 0.0], "FOD p proportion": [0.0, 0.0, 0.0, 0.0, 0.0, 0.0, 0.0, 0.0, 0.0, 0.0, 0.0, 0.0, 0.0, 0.0, 0.0, 0.0, 0.0, 0.0, 0.0, 0.0, 0.0, 0.0, 0.0, 0.0, 0.0, 0.0, 0.0], "FOD d proportion": [0.0, 0.0, 0.0, 0.0, 0.0, 0.0, 0.0, 0.0, 0.0, 0.0, 0.0, 0.0, 0.0, 0.0, 0.0, 0.0, 0.0, 0.0, 0.0, 0.0, 0.0, 0.0, 0.0, 0.0, 0.0, 0.0, 0.0], "coordinates": [["3.57990", "0.26930", "-0.53330"], ["2.07010", "0.30370", "-0.71590"], ["1.39140", "-0.83840", "0.04080"], ["-0.12160", "-0.91530", "-0.20070"], ["-0.93780", "0.33070", "0.21340"], ["-2.45010", "0.10290", "-0.01820"], ["-2.82710", "-0.07870", "-1.48240"], ["-0.70060", "0.73360", "1.67880"], ["-1.01310", "-0.34130", "2.55360"], ["3.84910", "0.36590", "0.52330"], ["4.04640", "1.09500", "-1.07980"], ["4.00000", "-0.66810", "-0.91140"], ["1.83580", "0.23390", "-1.78440"], ["1.69740", "1.27090", "-0.36260"], ["1.83210", "-1.79050", "-0.28190"], ["1.60140", "-0.75570", "1.11310"], ["-0.50690", "-1.79600", "0.32890"], ["-0.27580", "-1.11060", "-1.26850"], ["-0.63180", "1.17740", "-0.41390"], ["-2.79610", "-0.76900", "0.55000"], ["-3.00440", "0.96870", "0.36540"], ["-2.45120", "0.74920", "-2.09150"], ["-2.43480", "-1.01580", "-1.88720"], ["-3.91670", "-0.10780", "-1.58690"], ["-1.32930", "1.58970", "1.94710"], ["0.34070", "1.02610", "1.84470"], ["-0.84710", "-0.02970", "3.45960"]], "bond_dist": [[0.0, 1.5211910333682617, 2.5191511169439598, 3.9006412511278192, 4.579404343361699, 6.054247845108423, 6.486258074575819, 4.840624045513141, 5.567533831958276, 1.0946249403334458, 1.0945615514899107, 1.094606038718954, 2.14671590574999, 2.1391931422851935, 2.7130762687399703, 2.7705090164083566, 4.659483573315825, 4.16065686400597, 4.310141396752547, 6.55018944611528, 6.682052719037766, 6.247596214545239, 6.297709370080522, 7.57966285068142, 5.656508194990971, 4.089015392487536, 5.969169155753587], [1.5211910333682617, 0.0, 1.5289280525910955, 2.5602618869951566, 3.148299525140516, 4.578134332891511, 4.971551050728535, 3.687299905079597, 4.540019547314746, 2.168945937546623, 2.159708450231188, 2.1695920123378034, 1.0961116640196837, 1.0950808280670425, 2.151900006970584, 2.1650055542653925, 3.484433401573346, 2.7944334058982334, 2.8556644235624047, 5.141312141856396, 5.230868469002065, 4.746883114212946, 4.838093420966569, 6.0638063532734945, 4.505694769955018, 3.173225248859589, 5.1045089528768575], [2.5191511169439598, 1.5289280525910955, 0.0, 1.534081112588249, 2.611849576449609, 3.9555845257053983, 4.548958625883511, 3.087181886445954, 3.5132452945958668, 2.77910669640444, 3.470274473294584, 2.7821719734768373, 2.163024200049551, 2.16921968689204, 1.0976548592339943, 1.09579495344704, 2.1455866936574712, 2.137268155847553, 2.891978556282878, 4.218916596710582, 4.7638254806405325, 4.672553029126583, 4.2881769086641, 5.59992046907811, 4.114833871494692, 2.7989973115385447, 4.1657017872142506], [3.9006412511278192, 2.5602618869951566, 1.534081112588249, 0.0, 1.5460198090580857, 2.547930481783206, 3.1084376622348406, 2.566443543115648, 2.9513415153112996, 4.234631971021803, 4.71023851837675, 4.18972420214028, 2.76770321566457, 2.848586149302843, 2.1423146757654443, 2.172618604357424, 1.097526646601348, 1.0964107670029515, 2.1645210948383014, 2.781708904612415, 3.490051725977711, 3.431139905337583, 2.8644854232479524, 4.1202415827230325, 3.5137742002012593, 2.8576942471160205, 3.835157584767541], [4.579404343361699, 3.148299525140516, 2.611849576449609, 1.5460198090580857, 0.0, 1.546797559475706, 2.571536600945046, 1.538177301223757, 2.4359372179922865, 4.797049995570195, 5.20564792989307, 5.161845146844295, 3.419566060189509, 2.8565768115000867, 3.523798737158523, 2.9046964884476316, 2.172985952554687, 2.1706260156922474, 1.09728855821976, 2.1853875033961367, 2.168175168200208, 2.788921981698305, 2.9097408149180577, 3.508162987946826, 2.178088368271591, 2.18615715354592, 3.267404029195043], [6.054247845108423, 4.578134332891511, 3.9555845257053983, 2.547930481783206, 1.546797559475706, 0.0, 1.522822773667376, 2.5176063512789284, 2.979335140597647, 6.327899484821168, 6.657009029586786, 6.557136360485422, 4.637409001802623, 4.322567710285172, 4.689534954555728, 4.293213935969182, 2.739037396604873, 2.7862901553858315, 2.148800509586686, 1.0967118354426564, 1.0972725686902047, 2.171699286273309, 2.1782756437145414, 2.157806696625071, 2.7072441651982557, 3.4801234590169354, 3.83174693840812], [6.486258074575819, 4.971551050728535, 4.548958625883511, 3.1084376622348406, 2.571536600945046, 1.522822773667376, 0.0, 3.895512672293597, 4.432702421773877, 6.985137657197601, 6.984601685135667, 6.876243725319806, 4.683114259763475, 4.852470757253463, 5.106819375110109, 5.177505335583923, 3.407822621557642, 2.7603808632143503, 2.7456914520754148, 2.1466543387327173, 2.1313955264098685, 1.0944048748063946, 1.0935806966109087, 1.094986401742049, 4.097369113223753, 4.724948072730536, 5.324111662991301], [4.840624045513141, 3.687299905079597, 3.087181886445954, 2.566443543115648, 1.538177301223757, 2.5176063512789284, 3.895512672293597, 0.0, 1.4206833918927888, 4.708519260871723, 5.502226178557184, 5.547029771868905, 4.321663949221411, 3.1947471339685087, 4.077989037503657, 2.7995062028865023, 2.873782500468677, 3.502585612087162, 2.140346974207687, 2.8148030925803673, 2.6622896179792312, 4.156922636999635, 4.334074987814585, 4.6600482465313595, 1.0955162207836084, 1.094250771075808, 1.9430228459799437], [5.567533831958276, 4.540019547314746, 3.5132452945958668, 2.9513415153112996, 2.4359372179922865, 2.979335140597647, 4.432702421773877, 1.4206833918927888, 0.0, 5.316318159215078, 6.392424696466905, 6.102802212918259, 5.221621419635858, 4.295372106116069, 4.270293190168562, 3.013698369113936, 2.705860421381709, 3.967856120123309, 3.3552787708326113, 2.7159582563066023, 3.235675343726561, 4.983400031103263, 4.711357105972757, 5.062524613273499, 2.048556977484395, 2.050633172949272, 0.9723613320160363], [1.0946249403334458, 2.168945937546623, 2.77910669640444, 4.234631971021803, 4.797049995570195, 6.327899484821168, 6.985137657197601, 4.708519260871723, 5.316318159215078, 0.0, 1.772129710263896, 1.7749058848288264, 3.06533524757081, 2.496729200373961, 3.060506003915039, 2.580311200223725, 4.866861305810964, 4.733434218408449, 4.649230140571662, 6.741468233256017, 6.881770302763672, 6.832121048400708, 6.87073535729619, 8.061326526695218, 5.508241047739287, 3.806682618764007, 5.5527156860404805], [1.0945615514899107, 2.159708450231188, 3.470274473294584, 4.71023851837675, 5.20564792989307, 6.657009029586786, 6.984601685135667, 5.502226178557184, 6.392424696466905, 1.772129710263896, 0.0, 1.771731675508456, 2.474814483956323, 2.4623398729663624, 3.723691602428966, 3.769870806804923, 5.574482718602687, 4.856098422602244, 4.7260731913503, 7.276712876704702, 7.198495354586264, 6.584976863285095, 6.8639146876982675, 8.069376671094243, 6.189103504547327, 4.721192640636474, 6.768858448808042], [1.094606038718954, 2.1695920123378034, 2.7821719734768373, 4.18972420214028, 5.161845146844295, 6.557136360485422, 6.876243725319806, 5.547029771868905, 6.102802212918259, 1.7749058848288264, 1.771731675508456, 0.0, 2.501898207361762, 3.059880585905274, 2.5210796139749334, 3.1399929888456755, 4.808601679282658, 4.3134432069983255, 5.01068336058067, 6.952182821243987, 7.305542542481017, 6.709646543596763, 6.517647732886459, 7.965197752096303, 6.45523985456776, 4.884350247474069, 6.558016008672135], [2.14671590574999, 1.0961116640196837, 2.163024200049551, 2.76770321566457, 3.419566060189509, 4.637409001802623, 4.683114259763475, 4.321663949221411, 5.221621419635858, 3.06533524757081, 2.474814483956323, 2.501898207361762, 0.0, 1.765230523189535, 2.5210544024276826, 3.070791065833037, 3.751636201712528, 2.5559122872274003, 2.9761572975903006, 5.2829659643045215, 5.34687825932104, 4.328765817181613, 4.450881068957022, 5.76602301330822, 5.077415080530644, 4.004156797629184, 5.896352547974044], [2.1391931422851935, 1.0950808280670425, 2.16921968689204, 2.848586149302843, 2.8565768115000867, 4.322567710285172, 4.852470757253463, 3.1947471339685087, 4.295372106116069, 2.496729200373961, 2.4623398729663624, 3.059880585905274, 1.765230523189535, 0.0, 3.065424365401958, 2.5087873664382165, 3.839659665907904, 3.222687589574888, 2.3316403196033475, 5.018522991877192, 4.767413562929065, 4.524615791423621, 4.962708825832924, 5.90913216893987, 3.820636127662513, 2.6024479283935733, 4.772342553715104], [2.7130762687399703, 2.151900006970584, 1.0976548592339943, 2.1423146757654443, 3.523798737158523, 4.689534954555728, 5.106819375110109, 4.077989037503657, 4.270293190168562, 3.060506003915039, 3.723691602428966, 2.5210796139749334, 2.5210544024276826, 3.065424365401958, 0.0, 1.7521582491316245, 2.4174424274426887, 2.4246414126629117, 3.859618843875649, 4.812042715936757, 5.605703718535256, 5.298243778838418, 4.62423872545525, 6.130514312029619, 5.136987736018065, 3.8314406011316424, 4.927205245369833], [2.7705090164083566, 2.1650055542653925, 1.09579495344704, 2.172618604357424, 2.9046964884476316, 4.293213935969182, 5.177505335583923, 2.7995062028865023, 3.013698369113936, 2.580311200223725, 3.769870806804923, 3.1399929888456755, 3.070791065833037, 2.5087873664382165, 1.7521582491316245, 0.0, 2.4783306115205854, 3.053170877956227, 3.3250243382567892, 4.433425848032196, 4.974535585358698, 5.3812407426168924, 5.0359073204339255, 6.1773134953634985, 3.8451865559423766, 2.3020456750464358, 3.468182593232369], [4.659483573315825, 3.484433401573346, 2.1455866936574712, 1.097526646601348, 2.172985952554687, 2.739037396604873, 3.407822621557642, 2.873782500468677, 2.705860421381709, 4.866861305810964, 5.574482718602687, 4.808601679282658, 3.751636201712528, 3.839659665907904, 2.4174424274426887, 2.4783306115205854, 0.0, 1.753529905647463, 3.067321210763555, 2.5187399329823634, 3.7259099009503704, 4.01455871672093, 3.0391791095623173, 4.259934849267063, 3.841598298885504, 3.3136571654291576, 3.6106556496016067], [4.16065686400597, 2.7944334058982334, 2.137268155847553, 1.0964107670029515, 2.1706260156922474, 2.7862901553858315, 2.7603808632143503, 3.502585612087162, 3.967856120123309, 4.733434218408449, 4.856098422602244, 4.3134432069983255, 2.5559122872274003, 3.222687589574888, 2.4246414126629117, 3.053170877956227, 1.753529905647463, 0.0, 2.468202009560806, 3.1265867811400985, 3.7997862650417593, 2.978011114821434, 2.2479007384668925, 3.7898732445821985, 4.32915300029925, 3.8259081771521912, 4.8836111751448845], [4.310141396752547, 2.8556644235624047, 2.891978556282878, 2.1645210948383014, 1.09728855821976, 2.148800509586686, 2.7456914520754148, 2.140346974207687, 3.3552787708326113, 4.649230140571662, 4.7260731913503, 5.01068336058067, 2.9761572975903006, 2.3316403196033475, 3.859618843875649, 3.3250243382567892, 3.067321210763555, 2.468202009560806, 0.0, 3.0662306925604925, 2.506011759748944, 2.511555963939486, 3.1986791227004936, 3.71728880368475, 2.4961607600473172, 2.463721148993936, 4.06293573047864], [6.55018944611528, 5.141312141856396, 4.218916596710582, 2.781708904612415, 2.1853875033961367, 1.0967118354426564, 2.1466543387327173, 2.8148030925803673, 2.7159582563066023, 6.741468233256017, 7.276712876704702, 6.952182821243987, 5.2829659643045215, 5.018522991877192, 4.812042715936757, 4.433425848032196, 2.5187399329823634, 3.1265867811400985, 3.0662306925604925, 0.0, 1.7598486696304316, 3.0661717988397195, 2.47616472998062, 2.5018535948372356, 3.1091568535537086, 3.8390293486765636, 3.5792370206511888], [6.682052719037766, 5.230868469002065, 4.7638254806405325, 3.490051725977711, 2.168175168200208, 1.0972725686902047, 2.1313955264098685, 2.6622896179792312, 3.235675343726561, 6.881770302763672, 7.198495354586264, 7.305542542481017, 5.34687825932104, 4.767413562929065, 5.605703718535256, 4.974535585358698, 3.7259099009503704, 3.7997862650417593, 2.506011759748944, 1.7598486696304316, 0.0, 2.527957297898839, 3.05563269553132, 2.4088625593835777, 2.3860796088982448, 3.6580482856299206, 3.9018994720520412], [6.247596214545239, 4.746883114212946, 4.672553029126583, 3.431139905337583, 2.788921981698305, 2.171699286273309, 1.0944048748063946, 4.156922636999635, 4.983400031103263, 6.832121048400708, 6.584976863285095, 6.709646543596763, 4.328765817181613, 4.524615791423621, 5.298243778838418, 5.3812407426168924, 4.01455871672093, 2.978011114821434, 2.511555963939486, 3.0661717988397195, 2.527957297898839, 0.0, 1.776860278693854, 1.7710901755698383, 4.274972493478759, 4.83374075225389, 5.830483104340497], [6.297709370080522, 4.838093420966569, 4.2881769086641, 2.8644854232479524, 2.9097408149180577, 2.1782756437145414, 1.0935806966109087, 4.334074987814585, 4.711357105972757, 6.87073535729619, 6.8639146876982675, 6.517647732886459, 4.450881068957022, 4.962708825832924, 4.62423872545525, 5.0359073204339255, 3.0391791095623173, 2.2479007384668925, 3.1986791227004936, 2.47616472998062, 3.05563269553132, 1.776860278693854, 0.0, 1.7637096416360603, 4.765775591653472, 5.079353646872799, 5.664049323584673], [7.57966285068142, 6.0638063532734945, 5.59992046907811, 4.1202415827230325, 3.508162987946826, 2.157806696625071, 1.094986401742049, 4.6600482465313595, 5.062524613273499, 8.061326526695218, 8.069376671094243, 7.965197752096303, 5.76602301330822, 5.90913216893987, 6.130514312029619, 6.1773134953634985, 4.259934849267063, 3.7898732445821985, 3.71728880368475, 2.5018535948372356, 2.4088625593835777, 1.7710901755698383, 1.7637096416360603, 0.0, 4.697371712990148, 5.584537808091195, 5.907258756817751], [5.656508194990971, 4.505694769955018, 4.114833871494692, 3.5137742002012593, 2.178088368271591, 2.7072441651982557, 4.097369113223753, 1.0955162207836084, 2.048556977484395, 5.508241047739287, 6.189103504547327, 6.45523985456776, 5.077415080530644, 3.820636127662513, 5.136987736018065, 3.8451865559423766, 3.841598298885504, 4.32915300029925, 2.4961607600473172, 3.1091568535537086, 2.3860796088982448, 4.274972493478759, 4.765775591653472, 4.697371712990148, 0.0, 1.7655114613051934, 2.2677366359434243], [4.089015392487536, 3.173225248859589, 2.7989973115385447, 2.8576942471160205, 2.18615715354592, 3.4801234590169354, 4.724948072730536, 1.094250771075808, 2.050633172949272, 3.806682618764007, 4.721192640636474, 4.884350247474069, 4.004156797629184, 2.6024479283935733, 3.8314406011316424, 2.3020456750464358, 3.3136571654291576, 3.8259081771521912, 2.463721148993936, 3.8390293486765636, 3.6580482856299206, 4.83374075225389, 5.079353646872799, 5.584537808091195, 1.7655114613051934, 0.0, 2.265719419963558], [5.969169155753587, 5.1045089528768575, 4.1657017872142506, 3.835157584767541, 3.267404029195043, 3.83174693840812, 5.324111662991301, 1.9430228459799437, 0.9723613320160363, 5.5527156860404805, 6.768858448808042, 6.558016008672135, 5.896352547974044, 4.772342553715104, 4.927205245369833, 3.468182593232369, 3.6106556496016067, 4.8836111751448845, 4.06293573047864, 3.5792370206511888, 3.9018994720520412, 5.830483104340497, 5.664049323584673, 5.907258756817751, 2.2677366359434243, 2.265719419963558, 0.0]]}