{"total energy": -54.42586976, "HOMO-LUMO gap/eV": 1.23363132, "electronic energy": -54.93798474, "dipole": [0.52735229, -0.94524519, 1.14241612], "partial charges": [0.03741071, -0.26448988, 0.52407547, -0.38812317, -0.28228656, 0.04157025, -0.2422582, 0.16012184, -0.04757932, -0.02119475, -0.00123432, 0.53087999, -0.37349016, -0.37592905, 0.03628228, -0.11443534, -0.06147442, 0.07450753, 0.05999563, 0.0698756, 0.05230869, 0.07201111, 0.07043146, 0.07559769, 0.08211617, 0.05572961, 0.08478675, 0.06512647, 0.07966794], "atomic dipole moments": [[-0.1637332, 0.25504009, -0.03486025], [0.17114964, -0.02128531, 0.07425764], [-0.2340715, -0.07480199, 0.15692627], [-0.41169302, -0.11176113, 0.15435092], [0.04015867, 0.18254808, -0.05421443], [-0.0787188, -0.22342723, -0.17735826], [-0.04115328, -0.12211881, 0.09247053], [0.30618511, 0.01184724, -0.10014354], [0.03107132, -0.05171414, 0.02528353], [0.00769105, -0.03416639, 0.01328986], [-0.16136859, -0.00818294, 0.04289829], [-0.08318994, 0.00240921, 0.0195887], [0.12158314, 0.22073394, 0.03129121], [0.09264264, -0.21760685, -0.08738702], [-0.02568899, -0.0205636, 0.03371322], [0.02536951, 0.07800815, -0.06539494], [-0.00425231, 0.03757458, -0.03082164], [-0.06761044, -0.10538688, -0.0106054], [0.04371861, 0.01359447, 0.11724953], [0.08796916, 0.00319781, -0.09022699], [-0.06401321, 0.09503886, -0.05095229], [-0.03392994, -0.01619233, 0.12001598], [0.12532747, 0.01055571, -0.0081627], [0.04473763, 0.11920367, -0.09238798], [-0.09563535, 0.11689915, -0.05133407], [0.09961561, -0.05815304, 0.05831449], [-0.06590317, -0.09780074, -0.07157312], [-0.06961997, 0.04222453, 0.10714089], [0.09760942, -0.11541203, 0.04771858]], "atomic quadrupole moments": [[-0.02319966, -0.38857861, 0.31451398, 0.07578849, -0.0936513, -0.29131433], [0.0057539, -0.05258009, 0.10091275, 0.03170327, 0.00450261, -0.10666665], [-0.49822919, -0.56593707, 0.45996681, 0.57104553, 0.41101683, 0.03826238], [0.41756322, 0.23710511, -0.2680688, -0.40324337, -0.14447376, -0.14949442], [-0.09813114, 0.05497996, 0.03614111, 0.0275459, 0.05848411, 0.06199003], [-0.25800377, 0.16664637, 0.24606537, 0.11845809, 0.38296415, 0.0119384], [0.07674586, -0.0415823, -0.02875607, -0.00826714, -0.02870582, -0.04798979], [0.18402109, 0.11510054, -0.27316173, -0.03730776, 0.35734412, 0.08914064], [-0.17483702, 0.05516999, -0.04534113, 0.14605798, 0.33585582, 0.22017815], [-0.23097865, 0.12900335, -0.02763938, 0.12922901, 0.37600118, 0.25861803], [0.08615816, 0.11679187, -0.15858599, -0.03174482, 0.32773743, 0.07242783], [-0.19092767, -0.02279613, -0.02409151, 0.10856103, -0.10206872, 0.21501918], [-0.13223671, 0.09525846, 0.03095272, 0.10189432, -0.05608149, 0.10128399], [-0.15968571, -0.11449128, 0.02743831, 0.0427008, -0.00213181, 0.1322474], [-0.29039785, 0.14831164, 0.04205776, 0.10315937, 0.2782863, 0.24834009], [-0.03283368, 0.05953657, 0.05805636, -0.07067816, -0.155749, -0.02522268], [-0.19001705, 0.10895648, -0.03755558, 0.11648056, 0.3081157, 0.22757263], [0.01881063, 0.04651217, 0.03605506, 0.01281227, 0.00872945, -0.05486569], [-0.03359638, -0.02385104, -0.00133386, 0.03953126, 0.00923018, 0.03493024], [0.01122531, -0.01975947, -0.01181183, -0.05266215, -0.01578384, 0.00058652], [-0.0287602, -0.03068912, 0.03693511, 0.03631145, -0.00349269, -0.00817491], [-0.03896364, 0.02246979, -0.02157841, -0.0323084, -0.01813691, 0.06054205], [0.0564377, 0.01574197, -0.02258535, -0.0059949, 0.02916878, -0.03385235], [0.03112047, -0.00807567, -0.00236127, -0.01821109, -0.03488448, -0.0287592], [0.03704823, -0.00477112, -0.00680594, -0.01882321, -0.03312949, -0.03024229], [0.05803932, -0.03560107, -0.02420752, 0.02644814, -0.02849885, -0.03383179], [-0.00612729, 0.03482879, 0.00572471, 0.03935553, 0.03404664, 0.00040258], [0.0028326, -0.04047215, -0.01254406, -0.05267555, 0.02084588, 0.00971146], [0.04161971, -0.00590614, -0.01205573, -0.02449226, -0.0315267, -0.02956398]], "number of molecular orbitals": 90, "number of electrons": 94, "number of unpaired electrons": 0, "orbital energies/eV": [-21.12572523, -21.03694587, -20.68407013, -20.52841925, -20.44713127, -19.53497709, -19.37998634, -18.90420376, -18.81198223, -18.42595281, -18.23867848, -18.18534349, -17.74065531, -17.48777044, -17.20025651, -17.0849782, -16.84596981, -16.74839801, -16.65695925, -16.2961897, -16.15423107, -16.06795919, -15.93873785, -15.8261444, -15.55446772, -15.47576584, -15.43254619, -14.47633742, -14.43945693, -14.42819151, -14.27023724, -14.00626513, -13.93305059, -13.64463929, -13.47498055, -13.43328643, -13.25522084, -12.9921824, -12.95600833, -12.76276374, -12.62019249, -12.50267948, -12.11644467, -12.08286209, -11.90113214, -10.33131868, -10.23791746, -9.00428614, -7.461584, -7.18200434, -5.17309292, -4.34791062, -4.22984903, -3.51300177, -1.90293564, -1.32518757, -0.04357785, 0.51747194, 0.57624133, 0.88355358, 1.49722804, 1.77392247, 2.49799271, 2.69694869, 2.89143606, 2.92055559, 3.31344528, 3.47899018, 3.53135399, 4.13983058, 4.17589846, 4.41319517, 4.52202158, 4.66992263, 4.73630646, 5.0724153, 5.40278809, 6.27398489, 8.07064601, 8.43252755, 9.32147302, 10.20656176, 10.46138191, 11.21722052, 11.65270472, 14.9174831, 15.92375509, 26.10195921, 28.35660737, 36.30327549], "fractional occupation": [2.0, 2.0, 2.0, 2.0, 2.0, 2.0, 2.0, 2.0, 2.0, 2.0, 2.0, 2.0, 2.0, 2.0, 2.0, 2.0, 2.0, 2.0, 2.0, 2.0, 2.0, 2.0, 2.0, 2.0, 2.0, 2.0, 2.0, 2.0, 2.0, 2.0, 2.0, 2.0, 2.0, 2.0, 2.0, 2.0, 2.0, 2.0, 2.0, 2.0, 2.0, 2.0, 2.0, 2.0, 2.0, 2.0, 2.0, 0.0, 0.0, 0.0, 0.0, 0.0, 0.0, 0.0, 0.0, 0.0, 0.0, 0.0, 0.0, 0.0, 0.0, 0.0, 0.0, 0.0, 0.0, 0.0, 0.0, 0.0, 0.0, 0.0, 0.0, 0.0, 0.0, 0.0, 0.0, 0.0, 0.0, 0.0, 0.0, 0.0, 0.0, 0.0, 0.0, 0.0, 0.0, 0.0, 0.0, 0.0, 0.0, 0.0], "program call": "xtb /home/svss/Project-DBcg-Debug/aqme2_20220329/End-to-End-workflows-final/example-3/QDESCP/mol_275_rdkit_conf_16/mol_275_rdkit_conf_16.xyz --pop --wbo --acc 0.2 --gfn 2 --chrg 0 --uhf 0 --etemp 300 --input /home/svss/Project-DBcg-Debug/aqme2_20220329/End-to-End-workflows-final/example-3/QDESCP/mol_275_rdkit_conf_16/mol_275_rdkit_conf_16_xtb.inp", "method": "GFN2-xTB", "xtb version": "6.3.3 (7355c4f)", "Dipole module/D": 4.0, "Total charge": 0, "Transition dipole module/D": NaN, "HOMO": -10.2379, "LUMO": -9.0043, "HOMO occupancy": 2.0, "LUMO occupancy": 0, "mulliken charges": [0.17807, -0.35388, 0.44406, -0.17444, -0.37317, 0.17683, -0.32764, 0.27795, -0.06115, -0.01135, 0.0174, 0.67839, -0.4678, -0.46736, 0.03235, -0.08316, -0.07359, 0.03776, 0.03944, 0.03579, 0.03689, 0.03708, 0.03603, 0.06292, 0.06685, 0.04025, 0.0655, 0.05602, 0.07398], "cm5 charges": [0.06291, -0.42023, 0.40488, -0.1432, -0.44237, 0.0616, -0.37222, 0.30011, -0.11007, -0.0571, 0.07301, 0.51444, -0.43013, -0.4279, 0.02336, -0.22389, -0.11998, 0.09726, 0.1032, 0.09665, 0.10073, 0.09661, 0.09676, 0.12168, 0.12776, 0.09233, 0.12017, 0.1119, 0.14173], "FUKUI+": [0.01, 0.008, -0.032, -0.061, 0.003, 0.01, -0.018, -0.06, -0.021, -0.024, -0.017, -0.12, -0.163, -0.164, -0.036, 0.025, -0.018, -0.011, -0.008, -0.014, 0.003, -0.01, -0.018, -0.06, -0.046, -0.044, -0.034, -0.023, -0.057], "FUKUI-": [0.024, 0.001, -0.151, -0.394, 0.0, 0.023, 0.008, -0.005, -0.021, -0.01, -0.021, -0.017, -0.057, -0.064, -0.021, 0.013, -0.002, -0.036, -0.017, -0.013, -0.012, -0.035, -0.014, -0.031, -0.034, -0.027, -0.04, -0.032, -0.016], "FUKUIrad": [0.017, 0.004, -0.092, -0.228, 0.002, 0.017, -0.005, -0.033, -0.021, -0.017, -0.019, -0.069, -0.11, -0.114, -0.028, 0.019, -0.01, -0.024, -0.013, -0.014, -0.005, -0.023, -0.016, -0.046, -0.04, -0.035, -0.037, -0.028, -0.036], "s proportion": [0.973, 1.647, 1.431, 1.889, 1.648, 0.973, 1.635, 1.022, 1.062, 1.067, 1.068, 1.331, 1.747, 1.748, 1.093, 1.009, 1.07, 0.962, 0.961, 0.964, 0.963, 0.963, 0.964, 0.937, 0.933, 0.96, 0.935, 0.944, 0.926], "p proportion": [2.849, 4.707, 1.93, 4.3, 4.725, 2.85, 4.693, 2.7, 2.999, 2.945, 2.915, 2.99, 4.721, 4.72, 2.875, 3.074, 3.004, 0.0, 0.0, 0.0, 0.0, 0.0, 0.0, 0.0, 0.0, 0.0, 0.0, 0.0, 0.0], "d proportion": [0.0, 0.0, 1.195, -0.014, 0.0, 0.0, 0.0, 0.0, 0.0, 0.0, 0.0, 0.0, 0.0, 0.0, 0.0, 0.0, 0.0, 0.0, 0.0, 0.0, 0.0, 0.0, 0.0, 0.0, 0.0, 0.0, 0.0, 0.0, 0.0], "Fermi-level/eV": -9.6208, "Coordination numbers": [3.875, 1.657, 4.015, 0.924, 1.657, 3.875, 1.663, 2.997, 2.914, 2.909, 2.903, 2.756, 0.926, 0.926, 2.956, 3.753, 2.917, 0.924, 0.924, 0.924, 0.924, 0.924, 0.924, 0.925, 0.925, 0.924, 0.924, 0.924, 0.925], "Dispersion coefficient C6": [19.9, 18.4, 139.005, 156.065, 18.702, 19.832, 18.028, 24.531, 29.181, 28.535, 28.058, 13.687, 21.126, 21.173, 27.187, 22.749, 29.529, 2.037, 2.199, 2.087, 2.291, 2.064, 2.081, 2.025, 1.957, 2.25, 1.93, 2.14, 1.982], "Total dispersion C6": 12584.015495, "Total dispersion C8": 351440.111799, "Polarizability alpha": [6.343, 5.791, 21.179, 21.13, 5.838, 6.332, 5.732, 8.125, 8.858, 8.759, 8.685, 5.495, 6.164, 6.171, 8.552, 6.801, 8.911, 2.232, 2.319, 2.259, 2.367, 2.247, 2.256, 2.225, 2.188, 2.346, 2.173, 2.288, 2.202], "Total polarizability alpha": 175.966538, "Wiberg matrix": [[0.0, 0.9393559940081239, 0.0, 0.0, 0.0, 0.0, 0.0, 0.0, 0.0, 0.0, 0.0, 0.0, 0.0, 0.0, 0.0, 0.0, 0.0, 0.9766141529355029, 0.9799568741778373, 0.9786287286881312, 0.0, 0.0, 0.0, 0.0, 0.0, 0.0, 0.0, 0.0, 0.0], [0.9393559940081239, 0.0, 1.2249601016493055, 0.0, 0.0, 0.0, 0.0, 0.0, 0.0, 0.0, 0.0, 0.0, 0.0, 0.0, 0.0, 0.0, 0.0, 0.0, 0.0, 0.0, 0.0, 0.0, 0.0, 0.0, 0.0, 0.0, 0.0, 0.0, 0.0], [0.0, 1.2249601016493055, 0.0, 1.6072013076780434, 1.187449407385227, 0.0, 1.1875006063949747, 0.0, 0.0, 0.0, 0.0, 0.0, 0.0, 0.0, 0.0, 0.0, 0.0, 0.0, 0.0, 0.0, 0.0, 0.0, 0.0, 0.0, 0.0, 0.0, 0.0, 0.0, 0.0], [0.0, 0.0, 1.6072013076780434, 0.0, 0.0, 0.0, 0.0, 0.0, 0.0, 0.0, 0.0, 0.0, 0.0, 0.0, 0.0, 0.0, 0.0, 0.0, 0.0, 0.0, 0.0, 0.0, 0.0, 0.0, 0.0, 0.0, 0.0, 0.0, 0.0], [0.0, 0.0, 1.187449407385227, 0.0, 0.0, 0.9417377209789497, 0.0, 0.0, 0.0, 0.0, 0.0, 0.0, 0.0, 0.0, 0.0, 0.0, 0.0, 0.0, 0.0, 0.0, 0.0, 0.0, 0.0, 0.0, 0.0, 0.0, 0.0, 0.0, 0.0], [0.0, 0.0, 0.0, 0.0, 0.9417377209789497, 0.0, 0.0, 0.0, 0.0, 0.0, 0.0, 0.0, 0.0, 0.0, 0.0, 0.0, 0.0, 0.0, 0.0, 0.0, 0.9783615181663583, 0.9770569267489857, 0.9789029461986483, 0.0, 0.0, 0.0, 0.0, 0.0, 0.0], [0.0, 0.0, 1.1875006063949747, 0.0, 0.0, 0.0, 0.0, 0.9882589258288272, 0.0, 0.0, 0.0, 0.0, 0.0, 0.0, 0.0, 0.0, 0.0, 0.0, 0.0, 0.0, 0.0, 0.0, 0.0, 0.0, 0.0, 0.0, 0.0, 0.0, 0.0], [0.0, 0.0, 0.0, 0.0, 0.0, 0.0, 0.9882589258288272, 0.0, 1.3601489641770652, 0.0, 0.0, 0.0, 0.0, 0.0, 0.0, 0.0, 1.3908751920421651, 0.0, 0.0, 0.0, 0.0, 0.0, 0.0, 0.0, 0.0, 0.0, 0.0, 0.0, 0.0], [0.0, 0.0, 0.0, 0.0, 0.0, 0.0, 0.0, 1.3601489641770652, 0.0, 1.4581889248726314, 0.0, 0.0, 0.0, 0.0, 0.10034815692330096, 0.0, 0.0, 0.0, 0.0, 0.0, 0.0, 0.0, 0.0, 0.9635982616010816, 0.0, 0.0, 0.0, 0.0, 0.0], [0.0, 0.0, 0.0, 0.0, 0.0, 0.0, 0.0, 0.0, 1.4581889248726314, 0.0, 1.381874163052995, 0.0, 0.0, 0.0, 0.0, 0.0, 0.1033045644982723, 0.0, 0.0, 0.0, 0.0, 0.0, 0.0, 0.0, 0.9628934837807638, 0.0, 0.0, 0.0, 0.0], [0.0, 0.0, 0.0, 0.0, 0.0, 0.0, 0.0, 0.0, 0.0, 1.381874163052995, 0.0, 0.9501191581554662, 0.0, 0.0, 1.357429667045249, 0.0, 0.0, 0.0, 0.0, 0.0, 0.0, 0.0, 0.0, 0.0, 0.0, 0.0, 0.0, 0.0, 0.0], [0.0, 0.0, 0.0, 0.0, 0.0, 0.0, 0.0, 0.0, 0.0, 0.0, 0.9501191581554662, 0.0, 1.4545294773291475, 1.4543553225062689, 0.0, 0.0, 0.0, 0.0, 0.0, 0.0, 0.0, 0.0, 0.0, 0.0, 0.0, 0.0, 0.0, 0.0, 0.0], [0.0, 0.0, 0.0, 0.0, 0.0, 0.0, 0.0, 0.0, 0.0, 0.0, 0.0, 1.4545294773291475, 0.0, 0.3779471098512131, 0.0, 0.0, 0.0, 0.0, 0.0, 0.0, 0.0, 0.0, 0.0, 0.0, 0.0, 0.0, 0.0, 0.0, 0.0], [0.0, 0.0, 0.0, 0.0, 0.0, 0.0, 0.0, 0.0, 0.0, 0.0, 0.0, 1.4543553225062689, 0.3779471098512131, 0.0, 0.0, 0.0, 0.0, 0.0, 0.0, 0.0, 0.0, 0.0, 0.0, 0.0, 0.0, 0.0, 0.0, 0.0, 0.0], [0.0, 0.0, 0.0, 0.0, 0.0, 0.0, 0.0, 0.0, 0.10034815692330096, 0.0, 1.357429667045249, 0.0, 0.0, 0.0, 0.0, 1.034059393249242, 1.4062253343064923, 0.0, 0.0, 0.0, 0.0, 0.0, 0.0, 0.0, 0.0, 0.0, 0.0, 0.0, 0.0], [0.0, 0.0, 0.0, 0.0, 0.0, 0.0, 0.0, 0.0, 0.0, 0.0, 0.0, 0.0, 0.0, 0.0, 1.034059393249242, 0.0, 0.0, 0.0, 0.0, 0.0, 0.0, 0.0, 0.0, 0.0, 0.0, 0.9814394375417725, 0.9570214786494793, 0.9718346040503041, 0.0], [0.0, 0.0, 0.0, 0.0, 0.0, 0.0, 0.0, 1.3908751920421651, 0.0, 0.1033045644982723, 0.0, 0.0, 0.0, 0.0, 1.4062253343064923, 0.0, 0.0, 0.0, 0.0, 0.0, 0.0, 0.0, 0.0, 0.0, 0.0, 0.0, 0.0, 0.0, 0.9526706976062663], [0.9766141529355029, 0.0, 0.0, 0.0, 0.0, 0.0, 0.0, 0.0, 0.0, 0.0, 0.0, 0.0, 0.0, 0.0, 0.0, 0.0, 0.0, 0.0, 0.0, 0.0, 0.0, 0.0, 0.0, 0.0, 0.0, 0.0, 0.0, 0.0, 0.0], [0.9799568741778373, 0.0, 0.0, 0.0, 0.0, 0.0, 0.0, 0.0, 0.0, 0.0, 0.0, 0.0, 0.0, 0.0, 0.0, 0.0, 0.0, 0.0, 0.0, 0.0, 0.0, 0.0, 0.0, 0.0, 0.0, 0.0, 0.0, 0.0, 0.0], [0.9786287286881312, 0.0, 0.0, 0.0, 0.0, 0.0, 0.0, 0.0, 0.0, 0.0, 0.0, 0.0, 0.0, 0.0, 0.0, 0.0, 0.0, 0.0, 0.0, 0.0, 0.0, 0.0, 0.0, 0.0, 0.0, 0.0, 0.0, 0.0, 0.0], [0.0, 0.0, 0.0, 0.0, 0.0, 0.9783615181663583, 0.0, 0.0, 0.0, 0.0, 0.0, 0.0, 0.0, 0.0, 0.0, 0.0, 0.0, 0.0, 0.0, 0.0, 0.0, 0.0, 0.0, 0.0, 0.0, 0.0, 0.0, 0.0, 0.0], [0.0, 0.0, 0.0, 0.0, 0.0, 0.9770569267489857, 0.0, 0.0, 0.0, 0.0, 0.0, 0.0, 0.0, 0.0, 0.0, 0.0, 0.0, 0.0, 0.0, 0.0, 0.0, 0.0, 0.0, 0.0, 0.0, 0.0, 0.0, 0.0, 0.0], [0.0, 0.0, 0.0, 0.0, 0.0, 0.9789029461986483, 0.0, 0.0, 0.0, 0.0, 0.0, 0.0, 0.0, 0.0, 0.0, 0.0, 0.0, 0.0, 0.0, 0.0, 0.0, 0.0, 0.0, 0.0, 0.0, 0.0, 0.0, 0.0, 0.0], [0.0, 0.0, 0.0, 0.0, 0.0, 0.0, 0.0, 0.0, 0.9635982616010816, 0.0, 0.0, 0.0, 0.0, 0.0, 0.0, 0.0, 0.0, 0.0, 0.0, 0.0, 0.0, 0.0, 0.0, 0.0, 0.0, 0.0, 0.0, 0.0, 0.0], [0.0, 0.0, 0.0, 0.0, 0.0, 0.0, 0.0, 0.0, 0.0, 0.9628934837807638, 0.0, 0.0, 0.0, 0.0, 0.0, 0.0, 0.0, 0.0, 0.0, 0.0, 0.0, 0.0, 0.0, 0.0, 0.0, 0.0, 0.0, 0.0, 0.0], [0.0, 0.0, 0.0, 0.0, 0.0, 0.0, 0.0, 0.0, 0.0, 0.0, 0.0, 0.0, 0.0, 0.0, 0.0, 0.9814394375417725, 0.0, 0.0, 0.0, 0.0, 0.0, 0.0, 0.0, 0.0, 0.0, 0.0, 0.0, 0.0, 0.0], [0.0, 0.0, 0.0, 0.0, 0.0, 0.0, 0.0, 0.0, 0.0, 0.0, 0.0, 0.0, 0.0, 0.0, 0.0, 0.9570214786494793, 0.0, 0.0, 0.0, 0.0, 0.0, 0.0, 0.0, 0.0, 0.0, 0.0, 0.0, 0.0, 0.0], [0.0, 0.0, 0.0, 0.0, 0.0, 0.0, 0.0, 0.0, 0.0, 0.0, 0.0, 0.0, 0.0, 0.0, 0.0, 0.9718346040503041, 0.0, 0.0, 0.0, 0.0, 0.0, 0.0, 0.0, 0.0, 0.0, 0.0, 0.0, 0.0, 0.0], [0.0, 0.0, 0.0, 0.0, 0.0, 0.0, 0.0, 0.0, 0.0, 0.0, 0.0, 0.0, 0.0, 0.0, 0.0, 0.0, 0.9526706976062663, 0.0, 0.0, 0.0, 0.0, 0.0, 0.0, 0.0, 0.0, 0.0, 0.0, 0.0, 0.0]], "Born radii": [], "Atomic SASAs": [], "Solvent H bonds": [], "Total SASA": NaN, "Total FOD": 0.0, "FOD": [0.0, 0.0, 0.0, 0.0, 0.0, 0.0, 0.0, 0.0, 0.0, 0.0, 0.0, 0.0, 0.0, 0.0, 0.0, 0.0, 0.0, 0.0, 0.0, 0.0, 0.0, 0.0, 0.0, 0.0, 0.0, 0.0, 0.0, 0.0, 0.0], "FOD s proportion": [0.0, 0.0, 0.0, 0.0, 0.0, 0.0, 0.0, 0.0, 0.0, 0.0, 0.0, 0.0, 0.0, 0.0, 0.0, 0.0, 0.0, 0.0, 0.0, 0.0, 0.0, 0.0, 0.0, 0.0, 0.0, 0.0, 0.0, 0.0, 0.0], "FOD p proportion": [0.0, 0.0, 0.0, 0.0, 0.0, 0.0, 0.0, 0.0, 0.0, 0.0, 0.0, 0.0, 0.0, 0.0, 0.0, 0.0, 0.0, 0.0, 0.0, 0.0, 0.0, 0.0, 0.0, 0.0, 0.0, 0.0, 0.0, 0.0, 0.0], "FOD d proportion": [0.0, 0.0, 0.0, 0.0, 0.0, 0.0, 0.0, 0.0, 0.0, 0.0, 0.0, 0.0, 0.0, 0.0, 0.0, 0.0, 0.0, 0.0, 0.0, 0.0, 0.0, 0.0, 0.0, 0.0, 0.0, 0.0, 0.0, 0.0, 0.0], "coordinates": [["2.71990", "-2.49760", "-1.17740"], ["1.89390", "-1.37200", "-1.40090"], ["2.45040", "0.08750", "-0.97130"], ["4.08170", "0.65940", "-1.84930"], ["2.51350", "-0.04120", "0.64330"], ["2.85160", "1.10940", "1.39410"], ["1.17270", "1.04310", "-1.22180"], ["-0.10460", "0.88710", "-0.76420"], ["-1.00430", "1.87490", "-1.17070"], ["-2.33810", "1.82240", "-0.76840"], ["-2.76790", "0.76920", "0.04970"], ["-4.17740", "0.74840", "0.42940"], ["-4.79540", "-0.31470", "0.28640"], ["-4.66180", "1.80710", "0.85270"], ["-1.87710", "-0.22690", "0.49090"], ["-2.29250", "-1.36830", "1.37800"], ["-0.53910", "-0.15470", "0.05750"], ["2.11140", "-3.40010", "-1.27670"], ["3.14860", "-2.47410", "-0.17210"], ["3.51790", "-2.53080", "-1.92320"], ["2.33360", "1.99380", "1.01360"], ["2.55100", "0.94730", "2.43230"], ["3.93230", "1.26870", "1.36320"], ["-0.66620", "2.68820", "-1.80980"], ["-3.02950", "2.59520", "-1.09830"], ["-1.42150", "-1.85760", "1.82790"], ["-2.83870", "-2.11940", "0.79930"], ["-2.91480", "-1.01400", "2.20600"], ["0.15050", "-0.93020", "0.38000"]], "bond_dist": [[0.0, 1.4139319679531965, 2.607268584170031, 3.5032267768444565, 3.064547341778227, 4.431749783099222, 3.864240635622994, 4.4277227307048035, 5.743558720862876, 6.664311292249185, 6.503361091774007, 7.790447325410781, 7.961626526030972, 8.78300876636247, 5.391819023298167, 5.738426736484486, 4.199433226043724, 1.0929954208504262, 1.0931441030349112, 1.092759754017323, 5.012223324034953, 4.992574216774349, 4.702082284477803, 6.225602349170721, 7.681046088261676, 5.156803472113321, 5.911718201166223, 6.737826697830688, 3.3888130488417323], [1.4139319679531965, 0.0, 1.6199964999962193, 3.0189596486206964, 2.5166816326265824, 3.8583105434892095, 2.526838787892888, 3.0826809679238623, 4.358315602385858, 5.3398568904044605, 5.331168449786594, 6.686312731244328, 6.979369532414801, 7.62644034002758, 4.371567482036621, 5.024763065060879, 3.0867845486849257, 2.043507156826225, 2.0733658480837382, 2.062278043814655, 4.165543899660644, 4.528173488284211, 4.332276521645404, 4.817316188501643, 6.330095588535769, 4.65326057297461, 5.272285041611465, 6.0217511821728404, 2.5310542487271976], [2.607268584170031, 1.6199964999962193, 0.0, 1.9388381314591474, 1.620949863505963, 2.607749644808719, 1.6150662215525404, 2.6851956297446935, 3.8948056703768934, 5.097134358637214, 5.360765876253131, 6.8063560103773595, 7.365133520174634, 7.541046943230098, 4.578660551951848, 5.489413861242383, 3.170835935522366, 3.5173205597443062, 2.7727240107879467, 2.983481984192296, 2.754532617341824, 3.5119608995545497, 3.0068507279211585, 4.14486649965955, 6.027768434503768, 5.15854090417048, 5.998334000370436, 6.331975093128525, 2.855042029462964], [3.5032267768444565, 3.0189596486206964, 1.9388381314591474, 0.0, 3.027068938759076, 3.497897878726593, 3.00054377405163, 4.330634709831805, 5.273076351618664, 6.613225071778519, 7.108816863585669, 8.56814609469283, 9.182210502379043, 9.223167110054984, 6.462922030320342, 7.426806731025118, 5.064626115519289, 4.548570445755457, 3.674574492373232, 3.2404795463017506, 3.610079414638963, 4.556097832575591, 3.273182411659943, 5.163346211518263, 7.4081366132111794, 7.0811227273646375, 7.913832671973801, 8.258131622830916, 4.790713943662259], [3.064547341778227, 2.5166816326265824, 1.620949863505963, 3.027068938759076, 0.0, 1.4148825428282021, 2.540088411847115, 3.114039940334741, 4.397380134807543, 5.3855291671292616, 5.376085479231147, 6.740724306778908, 7.322718011093968, 7.41248887621425, 4.397167111902844, 5.039703810741263, 3.1103714649539853, 3.8897678105511644, 2.6433372051253694, 3.714007238819009, 2.0762252045479075, 2.0442748102933717, 2.060846297034303, 4.855699337891505, 6.380331066645367, 4.492973527631785, 5.743630914325885, 5.731911724721518, 2.5383886404567764], [4.431749783099222, 3.8583105434892095, 2.607749644808719, 3.497897878726593, 1.4148825428282021, 0.0, 3.1090245592468384, 3.666987131147313, 4.693842146898423, 5.667253421190904, 5.788084972596723, 7.104069825811118, 7.856950368940866, 7.565122524453917, 4.9962057223457075, 5.7097304060699745, 3.857628139154939, 5.2930765089879435, 3.922073901649483, 4.969858249487605, 1.093282950566778, 1.0929300114828946, 1.0928146183136462, 5.0132326387272315, 6.557971989113708, 5.220215996489033, 6.569509157463744, 6.198336722863642, 3.533314050576314], [3.864240635622994, 2.526838787892888, 1.6150662215525404, 3.00054377405163, 2.540088411847115, 3.1090245592468384, 0.0, 1.3657338869633426, 2.3310580108611627, 3.624720222306819, 4.149706232976016, 5.606860042840377, 6.303689847224401, 6.23928172949419, 3.7212257832601345, 4.957965413352539, 2.44981480320452, 4.541607418084483, 4.168542519874303, 4.331822504443136, 2.6923098744386764, 3.9065759099241886, 3.7879430460343513, 2.5364643147499635, 4.481378303602588, 4.944148482802675, 5.4934125477702835, 5.71744081735876, 2.7394468364982005], [4.4277227307048035, 3.0826809679238623, 2.6851956297446935, 4.330634709831805, 3.114039940334741, 3.666987131147313, 1.3657338869633426, 0.0, 1.3965855433878729, 2.4214305647695125, 2.7873823759936487, 4.246365326959046, 4.954966018046945, 4.922279700504636, 2.4409072616549774, 3.8029930857155128, 1.3961835051310412, 4.853184118699805, 4.71503532224309, 5.113494662165984, 3.2140592667217573, 4.156133738223543, 4.57908407107797, 2.1569967848840204, 3.403567015646967, 3.9983229121720525, 4.35417929235809, 4.509267489293577, 2.162602353647105], [5.743558720862876, 4.358315602385858, 3.8948056703768934, 5.273076351618664, 4.397380134807543, 4.693842146898423, 2.3310580108611627, 1.3965855433878729, 0.0, 1.3941391537432695, 2.412930502521778, 3.727986838764321, 4.614100972020443, 4.180436657814588, 2.8178462768575576, 4.321305030890553, 2.4174702562803123, 6.127352404587156, 6.09570187673249, 6.358202700449239, 3.9908495474021572, 5.14608675111487, 5.5819483345871275, 1.0882174920483498, 2.1506996280280513, 4.805956101547329, 4.816674771042778, 4.837133071355387, 3.4068782690316364], [6.664311292249185, 5.3398568904044605, 5.097134358637214, 6.613225071778519, 5.3855291671292616, 5.667253421190904, 3.624720222306819, 2.4214305647695125, 1.3941391537432695, 0.0, 1.4011587668783292, 2.4436090788012717, 3.4231743659942304, 2.8333339001960223, 2.449079006483866, 3.845735145586602, 2.797755568308282, 6.879747480104194, 6.9942378305287844, 7.387601050408718, 5.002967404451082, 5.908771387522114, 6.64591742425378, 2.151597827197267, 1.0881579894482236, 4.59601232047957, 4.271541980362596, 4.150277485903804, 3.8844252187421504], [6.503361091774007, 5.331168449786594, 5.360765876253131, 7.108816863585669, 5.376085479231147, 5.788084972596723, 4.149706232976016, 2.7873823759936487, 2.412930502521778, 1.4011587668783292, 0.0, 1.4598955373587519, 2.311195004754034, 2.304105600878571, 1.4072658917205376, 2.5611115360327434, 2.4127166203265564, 6.553622505149347, 6.750789759724413, 7.368420186851453, 5.334233836269272, 5.8308832589925865, 6.845981488435387, 3.3996241174576936, 2.17269753072074, 3.4459928090464724, 2.9851168754338584, 2.801965656463333, 3.3932457927477047], [7.790447325410781, 6.686312731244328, 6.8063560103773595, 8.56814609469283, 6.740724306778908, 7.104069825811118, 5.606860042840377, 4.246365326959046, 3.727986838764321, 2.4436090788012717, 1.4598955373587519, 0.0, 1.2379638968887583, 1.2388187680205691, 2.499274380695325, 2.988830684398164, 3.767111109325022, 7.724625227155037, 8.025994299773703, 8.689391318728832, 6.654730032089955, 7.023000511177541, 8.179848936257931, 4.594057696633772, 2.657482255820347, 4.0425268162375865, 3.18641185975699, 2.8029484618879454, 4.642290030792992], [7.961626526030972, 6.979369532414801, 7.365133520174634, 9.182210502379043, 7.322718011093968, 7.856950368940866, 6.303689847224401, 4.954966018046945, 4.614100972020443, 3.4231743659942304, 2.311195004754034, 1.2379638968887583, 0.0, 2.200131789234454, 2.926773646867827, 2.926802338730786, 4.2654524847898605, 7.724432730628186, 8.245020716165605, 8.882814208346362, 7.528654135368418, 7.756746983755497, 8.93528964779542, 5.519216927246111, 3.6746856885997747, 4.017457388697483, 2.710845512012811, 2.7767860936701623, 4.984930091786644], [8.78300876636247, 7.62644034002758, 7.541046943230098, 9.223167110054984, 7.41248887621425, 7.565122524453917, 6.23928172949419, 4.922279700504636, 4.180436657814588, 2.8333339001960223, 2.304105600878571, 1.2388187680205691, 2.200131789234454, 0.0, 3.4673634551341745, 3.996584509302912, 4.634399375323624, 8.804857434393814, 8.965558356287689, 9.665944822416483, 6.999740485189434, 7.433631416743771, 8.626067448148085, 4.881604533347617, 2.663063254975368, 4.988044227951472, 4.3294280707733215, 3.5835785326960536, 5.556481608896047], [5.391819023298167, 4.371567482036621, 4.578660551951848, 6.462922030320342, 4.397167111902844, 4.9962057223457075, 3.7212257832601345, 2.4409072616549774, 2.8178462768575576, 2.449079006483866, 1.4072658917205376, 2.499274380695325, 2.926773646867827, 3.4673634551341745, 0.0, 1.5040935908380169, 1.408294145411391, 5.394602881584519, 5.545010128935745, 6.343647138673462, 4.789020596113573, 4.975525018528196, 6.061918426537922, 3.9060603310752895, 3.437707202482492, 2.1573879692813716, 2.145073744653083, 2.15358206483988, 2.1489745135761846], [5.738426736484486, 5.024763065060879, 5.489413861242383, 7.426806731025118, 5.039703810741263, 5.7097304060699745, 4.957965413352539, 3.8029930857155128, 4.321305030890553, 3.845735145586602, 2.5611115360327434, 2.988830684398164, 2.926802338730786, 3.996584509302912, 1.5040935908380169, 0.0, 2.5081779781347255, 5.529012438039907, 5.764648546095416, 6.783072743970831, 5.7303843658170095, 5.471109951371843, 6.760334539059439, 5.409446624193643, 4.731232708290727, 1.095657565117861, 1.0942482990619633, 1.0947007719007054, 2.6751045979550034], [4.199433226043724, 3.0867845486849257, 3.170835935522366, 5.064626115519289, 3.1103714649539853, 3.857628139154939, 2.44981480320452, 1.3961835051310412, 2.4174702562803123, 2.797755568308282, 2.4127166203265564, 3.767111109325022, 4.2654524847898605, 4.634399375323624, 1.408294145411391, 2.5081779781347255, 0.0, 4.39748349058868, 4.362506597129682, 5.101791126653462, 3.7124903703578815, 4.050036672673471, 4.870763596193107, 3.403680964779161, 3.8858610126971866, 2.6101368412403207, 3.1142372244259104, 3.316383456417548, 1.086717378162326], [1.0929954208504262, 2.043507156826225, 3.5173205597443062, 4.548570445755457, 3.8897678105511644, 5.2930765089879435, 4.541607418084483, 4.853184118699805, 6.127352404587156, 6.879747480104194, 6.553622505149347, 7.724625227155037, 7.724432730628186, 8.804857434393814, 5.394602881584519, 5.529012438039907, 4.39748349058868, 0.0, 1.7757817996589558, 1.7753554545498766, 5.864213855240957, 5.731475893694398, 5.664136497295947, 6.713170209372022, 7.899639324678058, 4.949669667765719, 5.518465230478489, 6.563943855640449, 3.5623292534520163], [1.0931441030349112, 2.0733658480837382, 2.7727240107879467, 3.674574492373232, 2.6433372051253694, 3.922073901649483, 4.168542519874303, 4.71503532224309, 6.09570187673249, 6.9942378305287844, 6.750789759724413, 8.025994299773703, 8.245020716165605, 8.965558356287689, 5.545010128935745, 5.764648546095416, 4.362506597129682, 1.7757817996589558, 0.0, 1.7905162914645598, 4.693851286523679, 4.341198346079111, 4.120665434125901, 6.624507651139064, 8.04515808048543, 5.026518303955532, 6.075951887564614, 6.674733790946273, 3.417169183695768], [1.092759754017323, 2.062278043814655, 2.983481984192296, 3.2404795463017506, 3.714007238819009, 4.969858249487605, 4.331822504443136, 5.113494662165984, 6.358202700449239, 7.387601050408718, 7.368420186851453, 8.689391318728832, 8.882814208346362, 9.665944822416483, 6.343647138673462, 6.783072743970831, 5.101791126653462, 1.7753554545498766, 1.7905162914645598, 0.0, 5.522623098673311, 5.657071280265081, 5.040669853303229, 6.690105632200437, 8.356122472175716, 6.238719564942794, 6.927309706516666, 7.7929842916561824, 4.382468865833504], [5.012223324034953, 4.165543899660644, 2.754532617341824, 3.610079414638963, 2.0762252045479075, 1.093282950566778, 2.6923098744386764, 3.2140592667217573, 3.9908495474021572, 5.002967404451082, 5.334233836269272, 6.654730032089955, 7.528654135368418, 6.999740485189434, 4.789020596113573, 5.7303843658170095, 3.7124903703578815, 5.864213855240957, 4.693851286523679, 5.522623098673311, 0.0, 1.7762698837732966, 1.7899250989915751, 4.177628389409475, 5.795226068066715, 5.4403255840068985, 6.611885209227395, 6.165580358733474, 3.7036671786217505], [4.992574216774349, 4.528173488284211, 3.5119608995545497, 4.556097832575591, 2.0442748102933717, 1.0929300114828946, 3.9065759099241886, 4.156133738223543, 5.14608675111487, 5.908771387522114, 5.8308832589925865, 7.023000511177541, 7.756746983755497, 7.433631416743771, 4.975525018528196, 5.471109951371843, 4.050036672673471, 5.731475893694398, 4.341198346079111, 5.657071280265081, 1.7762698837732966, 0.0, 1.7760243410494125, 5.6014749004168545, 6.806077506170497, 4.900359131737184, 6.412503721636346, 5.811443798231211, 3.674145042047197], [4.702082284477803, 4.332276521645404, 3.0068507279211585, 3.273182411659943, 2.060846297034303, 1.0928146183136462, 3.7879430460343513, 4.57908407107797, 5.5819483345871275, 6.64591742425378, 6.845981488435387, 8.179848936257931, 8.93528964779542, 8.626067448148085, 6.061918426537922, 6.760334539059439, 4.870763596193107, 5.664136497295947, 4.120665434125901, 5.040669853303229, 1.7899250989915751, 1.7760243410494125, 0.0, 5.76446975011579, 7.502349214746006, 6.217143413176182, 7.5923412607706195, 7.266622980449722, 4.483732227731714], [6.225602349170721, 4.817316188501643, 4.14486649965955, 5.163346211518263, 4.855699337891505, 5.0132326387272315, 2.5364643147499635, 2.1569967848840204, 1.0882174920483498, 2.151597827197267, 3.3996241174576936, 4.594057696633772, 5.519216927246111, 4.881604533347617, 3.9060603310752895, 5.409446624193643, 3.403680964779161, 6.713170209372022, 6.624507651139064, 6.690105632200437, 4.177628389409475, 5.6014749004168545, 5.76446975011579, 0.0, 2.469831601546956, 5.870914496055959, 5.885590609276185, 5.9067026706953865, 4.307556324646261], [7.681046088261676, 6.330095588535769, 6.027768434503768, 7.4081366132111794, 6.380331066645367, 6.557971989113708, 4.481378303602588, 3.403567015646967, 2.1506996280280513, 1.0881579894482236, 2.17269753072074, 2.657482255820347, 3.6746856885997747, 2.663063254975368, 3.437707202482492, 4.731232708290727, 3.8858610126971866, 7.899639324678058, 8.04515808048543, 8.356122472175716, 5.795226068066715, 6.806077506170497, 7.502349214746006, 2.469831601546956, 0.0, 5.5655851695935805, 5.085739234368983, 4.8946786636101045, 4.972546234073647], [5.156803472113321, 4.65326057297461, 5.15854090417048, 7.0811227273646375, 4.492973527631785, 5.220215996489033, 4.944148482802675, 3.9983229121720525, 4.805956101547329, 4.59601232047957, 3.4459928090464724, 4.0425268162375865, 4.017457388697483, 4.988044227951472, 2.1573879692813716, 1.095657565117861, 2.6101368412403207, 4.949669667765719, 5.026518303955532, 6.238719564942794, 5.4403255840068985, 4.900359131737184, 6.217143413176182, 5.870914496055959, 5.5655851695935805, 0.0, 1.7705968033406136, 1.756293101962198, 2.3297358584182883], [5.911718201166223, 5.272285041611465, 5.998334000370436, 7.913832671973801, 5.743630914325885, 6.569509157463744, 5.4934125477702835, 4.35417929235809, 4.816674771042778, 4.271541980362596, 2.9851168754338584, 3.18641185975699, 2.710845512012811, 4.3294280707733215, 2.145073744653083, 1.0942482990619633, 3.1142372244259104, 5.518465230478489, 6.075951887564614, 6.927309706516666, 6.611885209227395, 6.412503721636346, 7.5923412607706195, 5.885590609276185, 5.085739234368983, 1.7705968033406136, 0.0, 1.7906717342941447, 3.2442758467799866], [6.737826697830688, 6.0217511821728404, 6.331975093128525, 8.258131622830916, 5.731911724721518, 6.198336722863642, 5.71744081735876, 4.509267489293577, 4.837133071355387, 4.150277485903804, 2.801965656463333, 2.8029484618879454, 2.7767860936701623, 3.5835785326960536, 2.15358206483988, 1.0947007719007054, 3.316383456417548, 6.563943855640449, 6.674733790946273, 7.7929842916561824, 6.165580358733474, 5.811443798231211, 7.266622980449722, 5.9067026706953865, 4.8946786636101045, 1.756293101962198, 1.7906717342941447, 0.0, 3.5689441758032587], [3.3888130488417323, 2.5310542487271976, 2.855042029462964, 4.790713943662259, 2.5383886404567764, 3.533314050576314, 2.7394468364982005, 2.162602353647105, 3.4068782690316364, 3.8844252187421504, 3.3932457927477047, 4.642290030792992, 4.984930091786644, 5.556481608896047, 2.1489745135761846, 2.6751045979550034, 1.086717378162326, 3.5623292534520163, 3.417169183695768, 4.382468865833504, 3.7036671786217505, 3.674145042047197, 4.483732227731714, 4.307556324646261, 4.972546234073647, 2.3297358584182883, 3.2442758467799866, 3.5689441758032587, 0.0]]}