{"total energy": -69.00357378, "HOMO-LUMO gap/eV": 3.00521492, "electronic energy": -69.89948322, "dipole": [-1.8232116, -0.87489545, 2.32348246], "partial charges": [-0.05601634, -0.0109292, 0.00650654, -0.02967386, 0.02406296, -0.02274155, -0.02801367, -0.02928559, -0.02961396, -0.03534734, 0.21072963, -0.4219071, -0.03425887, 0.00902323, 0.03460496, -0.01541724, -0.02310927, -0.02362085, -0.02396074, -0.02879678, 0.47808065, -0.21006457, -0.21263296, -0.20835704, 0.06325182, 0.06857256, 0.06837871, 0.04705195, 0.04323744, 0.03440934, 0.03101246, 0.0309419, 0.0253017, 0.04686081, 0.06168882, 0.05411428, 0.05634163, 0.04957556], "atomic dipole moments": [[0.01317934, 0.11930946, -0.12362996], [-0.00511317, -0.02362537, 0.0493122], [0.13418775, -0.05843021, 0.08743098], [-0.02965676, 0.04646987, -0.05195494], [0.06471856, -0.02565212, 0.03149217], [0.00478347, -0.01989314, -0.0051852], [0.0026306, 0.00040071, -0.00214775], [0.00251965, -0.00090027, -0.00035406], [0.00121044, -0.0008755, -0.00222459], [0.01470785, 0.00788993, 0.00232254], [0.00906973, 0.0125874, -0.02249894], [-0.0134159, -0.13794486, 0.12729062], [0.06096392, 0.05603618, -0.04116899], [-0.14210823, -0.0680126, 0.0385228], [-0.04260932, -0.03271147, 0.00366783], [0.00830835, -0.02513471, -0.0105064], [0.00858099, -0.01429361, -0.0061425], [-0.01385422, -0.03804567, -0.00128066], [0.13993502, -0.1100732, -0.03679444], [0.01983455, 0.02422597, -0.00629517], [0.17005934, -0.13269761, -0.03428595], [0.06805695, 0.21128463, 0.14748798], [-0.10384898, 0.09546486, -0.22618768], [-0.19790102, -0.12217207, 0.12927412], [-0.02229317, 0.0592917, 0.11321825], [-0.09706866, -0.08983075, -0.01841484], [0.10768347, -0.07749738, 0.01542257], [-0.12688908, -0.06342135, 0.04312288], [0.09121494, 0.11133313, 0.05681189], [-0.03639706, 0.14714694, -0.00617345], [-0.12818133, 0.04343718, -0.06622446], [-0.0914832, -0.10249494, -0.06314916], [0.03221079, -0.14749556, -0.00325715], [0.11244701, -0.04983959, 0.0826582], [-0.11734474, 0.09890956, 0.02491133], [0.01773533, 0.15252007, 0.00517868], [0.13862317, 0.06696061, -0.02217184], [-0.01956384, -0.15403114, -0.0105606]], "atomic quadrupole moments": [[-0.12481863, 0.03361841, 0.03188708, -0.02018796, -0.26220687, 0.09293154], [-0.06199994, -0.00773738, 0.02190237, -0.01746996, 0.0111458, 0.04009756], [-0.07315934, -0.13107714, 0.03176822, 0.04815415, 0.39603156, 0.04139112], [-0.18460031, -0.03467256, 0.12140995, -0.06031517, 0.30290319, 0.06319036], [-0.0028616, -0.01355666, -0.3006258, -0.2450267, -0.1180791, 0.30348741], [-0.08429647, 0.03502235, -0.26520041, -0.33293738, -0.07740057, 0.34949689], [-0.08355447, 0.04146587, -0.2651695, -0.33118739, -0.06057078, 0.34872397], [-0.08800613, 0.03707501, -0.2533529, -0.33172961, -0.06477359, 0.34135903], [-0.0878202, 0.0343242, -0.24930526, -0.33199102, -0.07228082, 0.33712546], [-0.0844458, 0.03782698, -0.237814, -0.32118162, -0.08419177, 0.3222598], [-0.35416581, -0.09407274, 0.18757503, -0.10576326, 0.33497781, 0.16659078], [-0.11632425, -0.03599849, 0.05534087, -0.03934092, 0.14392794, 0.06098339], [-0.16313466, -0.08293502, 0.10825801, -0.0623237, 0.27915122, 0.05487664], [-0.04074095, -0.02090878, 0.05125526, -0.11621983, 0.408272, -0.01051432], [-0.1553717, 0.05193519, -0.287225, 0.12827607, -0.08848126, 0.4425967], [-0.25177581, 0.00994843, -0.28014297, 0.15614629, -0.06574107, 0.53191878], [-0.22703428, -0.02235427, -0.29043162, 0.1447175, -0.05157575, 0.5174659], [-0.25444285, -0.0054562, -0.25686906, 0.14775476, -0.0581544, 0.51131191], [-0.11083467, -0.19586115, -0.21568623, 0.07922743, -0.00789863, 0.32652091], [-0.23089757, 0.00709045, -0.2594766, 0.15247621, -0.06944412, 0.49037417], [-0.12898503, 0.2516617, 0.00278763, 0.06467157, -0.05335811, 0.1261974], [-0.0303463, 0.03911866, 0.02948934, 0.02409888, 0.04992763, 0.00085697], [-0.03126526, -0.00636659, -0.02944821, 0.04035156, -0.03747859, 0.06071347], [0.01281757, 0.05222506, -0.00471994, -0.0382368, -0.03219603, -0.00809763], [-0.04942311, -0.00976867, 0.01376519, -0.01691601, 0.03551815, 0.03565792], [0.02629241, 0.04990769, -0.01162394, 0.03443125, 0.00547861, -0.01466846], [0.05366606, -0.04151827, -0.02279852, -0.01249002, -0.0128476, -0.03086753], [0.0251647, 0.00399196, -0.01333502, 0.01676619, -0.05647679, -0.01182968], [0.01587347, -0.01291865, 0.02362256, 0.04300409, 0.00571146, -0.03949602], [0.01569423, -0.00166096, 0.02709099, 0.04551268, 0.01071603, -0.04278522], [0.00803366, -0.00214739, 0.03775496, 0.04117584, 0.01075539, -0.04578862], [0.01067769, -0.01055486, 0.03542406, 0.04157297, 0.00628426, -0.04610174], [0.01580897, -0.00869149, 0.02655847, 0.04491238, 0.00546676, -0.04236744], [0.02881628, 0.01976674, -0.01212457, 0.00378703, -0.05393152, -0.01669171], [0.03218726, 0.01141619, 0.02653932, -0.01876381, 0.0065108, -0.05872658], [0.03934533, 0.00100362, 0.02341725, -0.01996544, 0.00741221, -0.06276257], [0.02863407, -0.01095953, 0.0305872, -0.01840361, 0.00994728, -0.05922127], [0.03177091, -0.00185954, 0.0252047, -0.01995408, 0.0058099, -0.05697561]], "number of molecular orbitals": 110, "number of electrons": 122, "number of unpaired electrons": 0, "orbital energies/eV": [-23.56741028, -23.23407244, -23.2165092, -18.94594818, -18.65273794, -18.56300188, -18.34431632, -18.1105491, -17.98586085, -17.53988569, -17.52335113, -17.32346891, -17.23414512, -17.05187284, -16.67364345, -16.66109295, -16.62793194, -16.59762832, -16.51226048, -16.23266824, -16.0483815, -15.82400906, -15.58835747, -15.5258371, -15.4112117, -15.3416727, -15.17783549, -14.66460354, -14.5960854, -14.58127716, -14.52141346, -14.38033122, -14.25837107, -14.24422963, -14.22305371, -14.19130156, -14.10846253, -13.96837968, -13.88265276, -13.71828787, -13.6127894, -13.56818835, -13.42074012, -13.36872548, -13.35545629, -13.26881385, -12.99131968, -12.96464114, -12.90356955, -12.70929265, -12.31170039, -12.22170842, -12.02562401, -11.68625338, -11.64402492, -11.62217354, -11.43229952, -11.00563712, -10.93353075, -10.29476027, -10.22773509, -7.22252017, -7.00665568, -6.96211205, -6.55142335, -6.13861066, -5.74308864, -3.85739758, -3.24151918, -2.59173573, -1.38136707, 0.18827772, 0.44234662, 1.02952063, 1.67601404, 1.78554809, 2.26114388, 2.64997449, 3.09650529, 3.19182282, 3.2863686, 3.48537946, 3.6904053, 3.81247695, 4.06478065, 4.33372752, 4.39821853, 4.4682919, 4.61967947, 4.75914804, 4.88790111, 5.11953388, 7.27856259, 8.64073922, 8.93991481, 9.53313714, 10.33852624, 10.54440477, 10.77093886, 11.12609276, 11.2103146, 11.45596361, 11.79582849, 12.39958688, 15.16451857, 15.91488258, 16.27003307, 16.81789032, 17.19135687, 18.54482667], "fractional occupation": [2.0, 2.0, 2.0, 2.0, 2.0, 2.0, 2.0, 2.0, 2.0, 2.0, 2.0, 2.0, 2.0, 2.0, 2.0, 2.0, 2.0, 2.0, 2.0, 2.0, 2.0, 2.0, 2.0, 2.0, 2.0, 2.0, 2.0, 2.0, 2.0, 2.0, 2.0, 2.0, 2.0, 2.0, 2.0, 2.0, 2.0, 2.0, 2.0, 2.0, 2.0, 2.0, 2.0, 2.0, 2.0, 2.0, 2.0, 2.0, 2.0, 2.0, 2.0, 2.0, 2.0, 2.0, 2.0, 2.0, 2.0, 2.0, 2.0, 2.0, 2.0, 0.0, 0.0, 0.0, 0.0, 0.0, 0.0, 0.0, 0.0, 0.0, 0.0, 0.0, 0.0, 0.0, 0.0, 0.0, 0.0, 0.0, 0.0, 0.0, 0.0, 0.0, 0.0, 0.0, 0.0, 0.0, 0.0, 0.0, 0.0, 0.0, 0.0, 0.0, 0.0, 0.0, 0.0, 0.0, 0.0, 0.0, 0.0, 0.0, 0.0, 0.0, 0.0, 0.0, 0.0, 0.0, 0.0, 0.0, 0.0, 0.0], "program call": "xtb /home/svss/Project-DBcg-Debug/aqme2_20220329/End-to-End-workflows-final/example-3/QDESCP/mol_623_rdkit_conf_10/mol_623_rdkit_conf_10.xyz --pop --wbo --acc 0.2 --gfn 2 --chrg 0 --uhf 0 --etemp 300 --input /home/svss/Project-DBcg-Debug/aqme2_20220329/End-to-End-workflows-final/example-3/QDESCP/mol_623_rdkit_conf_10/mol_623_rdkit_conf_10_xtb.inp", "method": "GFN2-xTB", "xtb version": "6.3.3 (7355c4f)", "Dipole module/D": 7.829, "Total charge": 0, "Transition dipole module/D": NaN, "HOMO": -10.2277, "LUMO": -7.2225, "HOMO occupancy": 2.0, "LUMO occupancy": 0, "mulliken charges": [0.0539, -0.18725, 0.09112, -0.06478, 0.02425, -0.02014, -0.02521, -0.02889, -0.02648, -0.04106, 0.36102, -0.54109, -0.07299, 0.09458, 0.03461, -0.00921, -0.01891, -0.01725, -0.02831, -0.02818, 0.63285, -0.25105, -0.25452, -0.24926, 0.04761, 0.04991, 0.05017, 0.03724, 0.04317, 0.03252, 0.03001, 0.02979, 0.02494, 0.03755, 0.05257, 0.04278, 0.04962, 0.04434], "cm5 charges": [-0.03495, -0.44977, 0.10737, -0.06325, 0.017, -0.0716, -0.08049, -0.08424, -0.08181, -0.09334, 0.39639, -0.58603, -0.07143, 0.11088, 0.02752, -0.06055, -0.07398, -0.06815, -0.03111, -0.07606, 0.68446, -0.27189, -0.27444, -0.27031, 0.10788, 0.10993, 0.11018, 0.10522, 0.10177, 0.0879, 0.08539, 0.08517, 0.08165, 0.10555, 0.11108, 0.0981, 0.10696, 0.10301], "FUKUI+": [0.019, -0.031, -0.025, -0.034, -0.016, -0.012, -0.014, -0.028, -0.014, -0.013, -0.007, -0.041, -0.027, -0.027, -0.028, -0.028, -0.016, -0.038, -0.039, -0.012, -0.003, -0.02, -0.023, -0.022, -0.025, -0.024, -0.022, -0.045, -0.022, -0.037, -0.043, -0.038, -0.026, -0.042, -0.04, -0.048, -0.054, -0.037], "FUKUI-": [0.024, -0.067, -0.011, -0.035, -0.02, -0.015, -0.017, -0.035, -0.018, -0.016, -0.011, -0.102, -0.04, -0.007, -0.006, -0.008, -0.012, -0.022, -0.02, -0.011, -0.001, -0.012, -0.016, -0.016, -0.041, -0.032, -0.034, -0.043, -0.029, -0.044, -0.05, -0.046, -0.033, -0.044, -0.016, -0.034, -0.037, -0.021], "FUKUIrad": [0.021, -0.049, -0.018, -0.035, -0.018, -0.013, -0.015, -0.031, -0.016, -0.014, -0.009, -0.071, -0.034, -0.017, -0.017, -0.018, -0.014, -0.03, -0.029, -0.011, -0.002, -0.016, -0.019, -0.019, -0.033, -0.028, -0.028, -0.044, -0.026, -0.041, -0.046, -0.042, -0.03, -0.043, -0.028, -0.041, -0.046, -0.029], "s proportion": [0.988, 1.444, 1.028, 1.092, 1.074, 1.063, 1.061, 1.06, 1.059, 1.063, 1.046, 1.734, 1.089, 1.028, 1.076, 1.068, 1.063, 1.063, 1.074, 1.066, 1.031, 1.826, 1.827, 1.825, 0.952, 0.95, 0.95, 0.963, 0.957, 0.967, 0.97, 0.97, 0.975, 0.962, 0.947, 0.957, 0.95, 0.956], "p proportion": [2.958, 3.743, 2.881, 2.972, 2.902, 2.957, 2.964, 2.969, 2.967, 2.978, 2.593, 4.807, 2.984, 2.878, 2.89, 2.942, 2.956, 2.954, 2.954, 2.962, 2.336, 5.425, 5.428, 5.424, 0.0, 0.0, 0.0, 0.0, 0.0, 0.0, 0.0, 0.0, 0.0, 0.0, 0.0, 0.0, 0.0, 0.0], "d proportion": [0.0, 0.0, 0.0, 0.0, 0.0, 0.0, 0.0, 0.0, 0.0, 0.0, 0.0, 0.0, 0.0, 0.0, 0.0, 0.0, 0.0, 0.0, 0.0, 0.0, 0.0, 0.0, 0.0, 0.0, 0.0, 0.0, 0.0, 0.0, 0.0, 0.0, 0.0, 0.0, 0.0, 0.0, 0.0, 0.0, 0.0, 0.0], "Fermi-level/eV": -8.7251, "Coordination numbers": [3.689, 2.734, 2.862, 2.949, 2.968, 2.916, 2.91, 2.912, 2.91, 2.916, 2.832, 0.857, 2.949, 2.861, 2.966, 2.916, 2.908, 2.913, 2.959, 2.918, 3.331, 0.788, 0.788, 0.788, 0.924, 0.924, 0.924, 0.925, 0.925, 0.925, 0.925, 0.925, 0.925, 0.925, 0.925, 0.925, 0.925, 0.925], "Dispersion coefficient C6": [21.78, 21.468, 27.871, 28.74, 27.464, 28.573, 28.7, 28.731, 28.739, 28.88, 23.545, 22.124, 28.852, 27.812, 27.223, 28.396, 28.581, 28.594, 28.6, 28.72, 17.458, 11.34, 11.367, 11.322, 2.161, 2.101, 2.104, 2.357, 2.406, 2.525, 2.572, 2.573, 2.654, 2.359, 2.179, 2.269, 2.242, 2.325], "Total dispersion C6": 19425.183392, "Total dispersion C8": 475350.241637, "Polarizability alpha": [6.68, 6.881, 8.653, 8.793, 8.596, 8.765, 8.785, 8.789, 8.791, 8.812, 7.951, 6.306, 8.81, 8.644, 8.558, 8.738, 8.766, 8.769, 8.772, 8.788, 6.628, 3.978, 3.982, 3.975, 2.299, 2.267, 2.268, 2.401, 2.426, 2.485, 2.508, 2.508, 2.548, 2.402, 2.309, 2.356, 2.342, 2.385], "Total polarizability alpha": 219.714247, "Wiberg matrix": [[0.0, 0.9965898041974126, 0.0, 0.0, 0.0, 0.0, 0.0, 0.0, 0.0, 0.0, 0.0, 0.0, 0.0, 0.0, 0.0, 0.0, 0.0, 0.0, 0.0, 0.0, 0.0, 0.0, 0.0, 0.0, 0.9739350647041015, 0.9788273114721086, 0.9789173784793217, 0.0, 0.0, 0.0, 0.0, 0.0, 0.0, 0.0, 0.0, 0.0, 0.0, 0.0], [0.9965898041974126, 0.0, 1.1739814139372557, 0.0, 0.0, 0.0, 0.0, 0.0, 0.0, 0.0, 0.0, 0.0, 0.0, 1.1867813106643081, 0.0, 0.0, 0.0, 0.0, 0.0, 0.0, 0.0, 0.0, 0.0, 0.0, 0.0, 0.0, 0.0, 0.0, 0.0, 0.0, 0.0, 0.0, 0.0, 0.0, 0.0, 0.0, 0.0, 0.0], [0.0, 1.1739814139372557, 0.0, 1.6336490774771957, 0.0, 0.0, 0.0, 0.0, 0.0, 0.0, 0.0, 0.0, 0.0, 0.0, 0.0, 0.0, 0.0, 0.0, 0.0, 0.0, 0.0, 0.0, 0.0, 0.0, 0.0, 0.0, 0.0, 0.9595924773915219, 0.0, 0.0, 0.0, 0.0, 0.0, 0.0, 0.0, 0.0, 0.0, 0.0], [0.0, 0.0, 1.6336490774771957, 0.0, 1.038290398362174, 0.0, 0.0, 0.0, 0.0, 0.0, 1.0555240171238953, 0.0, 0.0, 0.0, 0.0, 0.0, 0.0, 0.0, 0.0, 0.0, 0.0, 0.0, 0.0, 0.0, 0.0, 0.0, 0.0, 0.0, 0.0, 0.0, 0.0, 0.0, 0.0, 0.0, 0.0, 0.0, 0.0, 0.0], [0.0, 0.0, 0.0, 1.038290398362174, 0.0, 1.393063215185864, 0.0, 0.10406925492816857, 0.0, 1.3887657027680704, 0.0, 0.0, 0.0, 0.0, 0.0, 0.0, 0.0, 0.0, 0.0, 0.0, 0.0, 0.0, 0.0, 0.0, 0.0, 0.0, 0.0, 0.0, 0.0, 0.0, 0.0, 0.0, 0.0, 0.0, 0.0, 0.0, 0.0, 0.0], [0.0, 0.0, 0.0, 0.0, 1.393063215185864, 0.0, 1.4442953653006179, 0.0, 0.11028146452487973, 0.0, 0.0, 0.0, 0.0, 0.0, 0.0, 0.0, 0.0, 0.0, 0.0, 0.0, 0.0, 0.0, 0.0, 0.0, 0.0, 0.0, 0.0, 0.0, 0.9698369090595096, 0.0, 0.0, 0.0, 0.0, 0.0, 0.0, 0.0, 0.0, 0.0], [0.0, 0.0, 0.0, 0.0, 0.0, 1.4442953653006179, 0.0, 1.4380508734574229, 0.0, 0.11046204999723298, 0.0, 0.0, 0.0, 0.0, 0.0, 0.0, 0.0, 0.0, 0.0, 0.0, 0.0, 0.0, 0.0, 0.0, 0.0, 0.0, 0.0, 0.0, 0.0, 0.9708250352752447, 0.0, 0.0, 0.0, 0.0, 0.0, 0.0, 0.0, 0.0], [0.0, 0.0, 0.0, 0.0, 0.10406925492816857, 0.0, 1.4380508734574229, 0.0, 1.4354512247357236, 0.0, 0.0, 0.0, 0.0, 0.0, 0.0, 0.0, 0.0, 0.0, 0.0, 0.0, 0.0, 0.0, 0.0, 0.0, 0.0, 0.0, 0.0, 0.0, 0.0, 0.0, 0.9712708410686588, 0.0, 0.0, 0.0, 0.0, 0.0, 0.0, 0.0], [0.0, 0.0, 0.0, 0.0, 0.0, 0.11028146452487973, 0.0, 1.4354512247357236, 0.0, 1.4472418337903825, 0.0, 0.0, 0.0, 0.0, 0.0, 0.0, 0.0, 0.0, 0.0, 0.0, 0.0, 0.0, 0.0, 0.0, 0.0, 0.0, 0.0, 0.0, 0.0, 0.0, 0.0, 0.9709923685968673, 0.0, 0.0, 0.0, 0.0, 0.0, 0.0], [0.0, 0.0, 0.0, 0.0, 1.3887657027680704, 0.0, 0.11046204999723298, 0.0, 1.4472418337903825, 0.0, 0.0, 0.0, 0.0, 0.0, 0.0, 0.0, 0.0, 0.0, 0.0, 0.0, 0.0, 0.0, 0.0, 0.0, 0.0, 0.0, 0.0, 0.0, 0.0, 0.0, 0.0, 0.0, 0.9706327333618557, 0.0, 0.0, 0.0, 0.0, 0.0], [0.0, 0.0, 0.0, 1.0555240171238953, 0.0, 0.0, 0.0, 0.0, 0.0, 0.0, 0.0, 1.7010074740085646, 1.053572229045287, 0.0, 0.0, 0.0, 0.0, 0.0, 0.0, 0.0, 0.0, 0.0, 0.0, 0.0, 0.0, 0.0, 0.0, 0.0, 0.0, 0.0, 0.0, 0.0, 0.0, 0.0, 0.0, 0.0, 0.0, 0.0], [0.0, 0.0, 0.0, 0.0, 0.0, 0.0, 0.0, 0.0, 0.0, 0.0, 1.7010074740085646, 0.0, 0.0, 0.0, 0.0, 0.0, 0.0, 0.0, 0.0, 0.0, 0.0, 0.0, 0.0, 0.0, 0.0, 0.0, 0.0, 0.0, 0.0, 0.0, 0.0, 0.0, 0.0, 0.0, 0.0, 0.0, 0.0, 0.0], [0.0, 0.0, 0.0, 0.0, 0.0, 0.0, 0.0, 0.0, 0.0, 0.0, 1.053572229045287, 0.0, 0.0, 1.6277798552175935, 1.0404337391759204, 0.0, 0.0, 0.0, 0.0, 0.0, 0.0, 0.0, 0.0, 0.0, 0.0, 0.0, 0.0, 0.0, 0.0, 0.0, 0.0, 0.0, 0.0, 0.0, 0.0, 0.0, 0.0, 0.0], [0.0, 1.1867813106643081, 0.0, 0.0, 0.0, 0.0, 0.0, 0.0, 0.0, 0.0, 0.0, 0.0, 1.6277798552175935, 0.0, 0.0, 0.0, 0.0, 0.0, 0.0, 0.0, 0.0, 0.0, 0.0, 0.0, 0.0, 0.0, 0.0, 0.0, 0.0, 0.0, 0.0, 0.0, 0.0, 0.9595542523660108, 0.0, 0.0, 0.0, 0.0], [0.0, 0.0, 0.0, 0.0, 0.0, 0.0, 0.0, 0.0, 0.0, 0.0, 0.0, 0.0, 1.0404337391759204, 0.0, 0.0, 1.3884407958092924, 0.0, 0.10089527429099171, 0.0, 1.3925978404504313, 0.0, 0.0, 0.0, 0.0, 0.0, 0.0, 0.0, 0.0, 0.0, 0.0, 0.0, 0.0, 0.0, 0.0, 0.0, 0.0, 0.0, 0.0], [0.0, 0.0, 0.0, 0.0, 0.0, 0.0, 0.0, 0.0, 0.0, 0.0, 0.0, 0.0, 0.0, 0.0, 1.3884407958092924, 0.0, 1.4447643110703243, 0.0, 0.10531832619794015, 0.0, 0.0, 0.0, 0.0, 0.0, 0.0, 0.0, 0.0, 0.0, 0.0, 0.0, 0.0, 0.0, 0.0, 0.0, 0.9676670635553392, 0.0, 0.0, 0.0], [0.0, 0.0, 0.0, 0.0, 0.0, 0.0, 0.0, 0.0, 0.0, 0.0, 0.0, 0.0, 0.0, 0.0, 0.0, 1.4447643110703243, 0.0, 1.4384371974826031, 0.0, 0.10764529265142112, 0.0, 0.0, 0.0, 0.0, 0.0, 0.0, 0.0, 0.0, 0.0, 0.0, 0.0, 0.0, 0.0, 0.0, 0.0, 0.9687436948294454, 0.0, 0.0], [0.0, 0.0, 0.0, 0.0, 0.0, 0.0, 0.0, 0.0, 0.0, 0.0, 0.0, 0.0, 0.0, 0.0, 0.10089527429099171, 0.0, 1.4384371974826031, 0.0, 1.406130359521945, 0.0, 0.0, 0.0, 0.0, 0.0, 0.0, 0.0, 0.0, 0.0, 0.0, 0.0, 0.0, 0.0, 0.0, 0.0, 0.0, 0.0, 0.9678538188046586, 0.0], [0.0, 0.0, 0.0, 0.0, 0.0, 0.0, 0.0, 0.0, 0.0, 0.0, 0.0, 0.0, 0.0, 0.0, 0.0, 0.10531832619794015, 0.0, 1.406130359521945, 0.0, 1.4144010570135106, 0.9545963714452217, 0.0, 0.0, 0.0, 0.0, 0.0, 0.0, 0.0, 0.0, 0.0, 0.0, 0.0, 0.0, 0.0, 0.0, 0.0, 0.0, 0.0], [0.0, 0.0, 0.0, 0.0, 0.0, 0.0, 0.0, 0.0, 0.0, 0.0, 0.0, 0.0, 0.0, 0.0, 1.3925978404504313, 0.0, 0.10764529265142112, 0.0, 1.4144010570135106, 0.0, 0.0, 0.0, 0.0, 0.0, 0.0, 0.0, 0.0, 0.0, 0.0, 0.0, 0.0, 0.0, 0.0, 0.0, 0.0, 0.0, 0.0, 0.9676924264569656], [0.0, 0.0, 0.0, 0.0, 0.0, 0.0, 0.0, 0.0, 0.0, 0.0, 0.0, 0.0, 0.0, 0.0, 0.0, 0.0, 0.0, 0.0, 0.9545963714452217, 0.0, 0.0, 0.9434295974261071, 0.9369213785868192, 0.9460701859093035, 0.0, 0.0, 0.0, 0.0, 0.0, 0.0, 0.0, 0.0, 0.0, 0.0, 0.0, 0.0, 0.0, 0.0], [0.0, 0.0, 0.0, 0.0, 0.0, 0.0, 0.0, 0.0, 0.0, 0.0, 0.0, 0.0, 0.0, 0.0, 0.0, 0.0, 0.0, 0.0, 0.0, 0.0, 0.9434295974261071, 0.0, 0.0, 0.0, 0.0, 0.0, 0.0, 0.0, 0.0, 0.0, 0.0, 0.0, 0.0, 0.0, 0.0, 0.0, 0.0, 0.0], [0.0, 0.0, 0.0, 0.0, 0.0, 0.0, 0.0, 0.0, 0.0, 0.0, 0.0, 0.0, 0.0, 0.0, 0.0, 0.0, 0.0, 0.0, 0.0, 0.0, 0.9369213785868192, 0.0, 0.0, 0.0, 0.0, 0.0, 0.0, 0.0, 0.0, 0.0, 0.0, 0.0, 0.0, 0.0, 0.0, 0.0, 0.0, 0.0], [0.0, 0.0, 0.0, 0.0, 0.0, 0.0, 0.0, 0.0, 0.0, 0.0, 0.0, 0.0, 0.0, 0.0, 0.0, 0.0, 0.0, 0.0, 0.0, 0.0, 0.9460701859093035, 0.0, 0.0, 0.0, 0.0, 0.0, 0.0, 0.0, 0.0, 0.0, 0.0, 0.0, 0.0, 0.0, 0.0, 0.0, 0.0, 0.0], [0.9739350647041015, 0.0, 0.0, 0.0, 0.0, 0.0, 0.0, 0.0, 0.0, 0.0, 0.0, 0.0, 0.0, 0.0, 0.0, 0.0, 0.0, 0.0, 0.0, 0.0, 0.0, 0.0, 0.0, 0.0, 0.0, 0.0, 0.0, 0.0, 0.0, 0.0, 0.0, 0.0, 0.0, 0.0, 0.0, 0.0, 0.0, 0.0], [0.9788273114721086, 0.0, 0.0, 0.0, 0.0, 0.0, 0.0, 0.0, 0.0, 0.0, 0.0, 0.0, 0.0, 0.0, 0.0, 0.0, 0.0, 0.0, 0.0, 0.0, 0.0, 0.0, 0.0, 0.0, 0.0, 0.0, 0.0, 0.0, 0.0, 0.0, 0.0, 0.0, 0.0, 0.0, 0.0, 0.0, 0.0, 0.0], [0.9789173784793217, 0.0, 0.0, 0.0, 0.0, 0.0, 0.0, 0.0, 0.0, 0.0, 0.0, 0.0, 0.0, 0.0, 0.0, 0.0, 0.0, 0.0, 0.0, 0.0, 0.0, 0.0, 0.0, 0.0, 0.0, 0.0, 0.0, 0.0, 0.0, 0.0, 0.0, 0.0, 0.0, 0.0, 0.0, 0.0, 0.0, 0.0], [0.0, 0.0, 0.9595924773915219, 0.0, 0.0, 0.0, 0.0, 0.0, 0.0, 0.0, 0.0, 0.0, 0.0, 0.0, 0.0, 0.0, 0.0, 0.0, 0.0, 0.0, 0.0, 0.0, 0.0, 0.0, 0.0, 0.0, 0.0, 0.0, 0.0, 0.0, 0.0, 0.0, 0.0, 0.0, 0.0, 0.0, 0.0, 0.0], [0.0, 0.0, 0.0, 0.0, 0.0, 0.9698369090595096, 0.0, 0.0, 0.0, 0.0, 0.0, 0.0, 0.0, 0.0, 0.0, 0.0, 0.0, 0.0, 0.0, 0.0, 0.0, 0.0, 0.0, 0.0, 0.0, 0.0, 0.0, 0.0, 0.0, 0.0, 0.0, 0.0, 0.0, 0.0, 0.0, 0.0, 0.0, 0.0], [0.0, 0.0, 0.0, 0.0, 0.0, 0.0, 0.9708250352752447, 0.0, 0.0, 0.0, 0.0, 0.0, 0.0, 0.0, 0.0, 0.0, 0.0, 0.0, 0.0, 0.0, 0.0, 0.0, 0.0, 0.0, 0.0, 0.0, 0.0, 0.0, 0.0, 0.0, 0.0, 0.0, 0.0, 0.0, 0.0, 0.0, 0.0, 0.0], [0.0, 0.0, 0.0, 0.0, 0.0, 0.0, 0.0, 0.9712708410686588, 0.0, 0.0, 0.0, 0.0, 0.0, 0.0, 0.0, 0.0, 0.0, 0.0, 0.0, 0.0, 0.0, 0.0, 0.0, 0.0, 0.0, 0.0, 0.0, 0.0, 0.0, 0.0, 0.0, 0.0, 0.0, 0.0, 0.0, 0.0, 0.0, 0.0], [0.0, 0.0, 0.0, 0.0, 0.0, 0.0, 0.0, 0.0, 0.9709923685968673, 0.0, 0.0, 0.0, 0.0, 0.0, 0.0, 0.0, 0.0, 0.0, 0.0, 0.0, 0.0, 0.0, 0.0, 0.0, 0.0, 0.0, 0.0, 0.0, 0.0, 0.0, 0.0, 0.0, 0.0, 0.0, 0.0, 0.0, 0.0, 0.0], [0.0, 0.0, 0.0, 0.0, 0.0, 0.0, 0.0, 0.0, 0.0, 0.9706327333618557, 0.0, 0.0, 0.0, 0.0, 0.0, 0.0, 0.0, 0.0, 0.0, 0.0, 0.0, 0.0, 0.0, 0.0, 0.0, 0.0, 0.0, 0.0, 0.0, 0.0, 0.0, 0.0, 0.0, 0.0, 0.0, 0.0, 0.0, 0.0], [0.0, 0.0, 0.0, 0.0, 0.0, 0.0, 0.0, 0.0, 0.0, 0.0, 0.0, 0.0, 0.0, 0.9595542523660108, 0.0, 0.0, 0.0, 0.0, 0.0, 0.0, 0.0, 0.0, 0.0, 0.0, 0.0, 0.0, 0.0, 0.0, 0.0, 0.0, 0.0, 0.0, 0.0, 0.0, 0.0, 0.0, 0.0, 0.0], [0.0, 0.0, 0.0, 0.0, 0.0, 0.0, 0.0, 0.0, 0.0, 0.0, 0.0, 0.0, 0.0, 0.0, 0.0, 0.9676670635553392, 0.0, 0.0, 0.0, 0.0, 0.0, 0.0, 0.0, 0.0, 0.0, 0.0, 0.0, 0.0, 0.0, 0.0, 0.0, 0.0, 0.0, 0.0, 0.0, 0.0, 0.0, 0.0], [0.0, 0.0, 0.0, 0.0, 0.0, 0.0, 0.0, 0.0, 0.0, 0.0, 0.0, 0.0, 0.0, 0.0, 0.0, 0.0, 0.9687436948294454, 0.0, 0.0, 0.0, 0.0, 0.0, 0.0, 0.0, 0.0, 0.0, 0.0, 0.0, 0.0, 0.0, 0.0, 0.0, 0.0, 0.0, 0.0, 0.0, 0.0, 0.0], [0.0, 0.0, 0.0, 0.0, 0.0, 0.0, 0.0, 0.0, 0.0, 0.0, 0.0, 0.0, 0.0, 0.0, 0.0, 0.0, 0.0, 0.9678538188046586, 0.0, 0.0, 0.0, 0.0, 0.0, 0.0, 0.0, 0.0, 0.0, 0.0, 0.0, 0.0, 0.0, 0.0, 0.0, 0.0, 0.0, 0.0, 0.0, 0.0], [0.0, 0.0, 0.0, 0.0, 0.0, 0.0, 0.0, 0.0, 0.0, 0.0, 0.0, 0.0, 0.0, 0.0, 0.0, 0.0, 0.0, 0.0, 0.0, 0.9676924264569656, 0.0, 0.0, 0.0, 0.0, 0.0, 0.0, 0.0, 0.0, 0.0, 0.0, 0.0, 0.0, 0.0, 0.0, 0.0, 0.0, 0.0, 0.0]], "Born radii": [], "Atomic SASAs": [], "Solvent H bonds": [], "Total SASA": NaN, "Total FOD": 0.0, "FOD": [0.0, 0.0, 0.0, 0.0, 0.0, 0.0, 0.0, 0.0, 0.0, 0.0, 0.0, 0.0, 0.0, 0.0, 0.0, 0.0, 0.0, 0.0, 0.0, 0.0, 0.0, 0.0, 0.0, 0.0, 0.0, 0.0, 0.0, 0.0, 0.0, 0.0, 0.0, 0.0, 0.0, 0.0, 0.0, 0.0, 0.0, 0.0], "FOD s proportion": [0.0, 0.0, 0.0, 0.0, 0.0, 0.0, 0.0, 0.0, 0.0, 0.0, 0.0, 0.0, 0.0, 0.0, 0.0, 0.0, 0.0, 0.0, 0.0, 0.0, 0.0, 0.0, 0.0, 0.0, 0.0, 0.0, 0.0, 0.0, 0.0, 0.0, 0.0, 0.0, 0.0, 0.0, 0.0, 0.0, 0.0, 0.0], "FOD p proportion": [0.0, 0.0, 0.0, 0.0, 0.0, 0.0, 0.0, 0.0, 0.0, 0.0, 0.0, 0.0, 0.0, 0.0, 0.0, 0.0, 0.0, 0.0, 0.0, 0.0, 0.0, 0.0, 0.0, 0.0, 0.0, 0.0, 0.0, 0.0, 0.0, 0.0, 0.0, 0.0, 0.0, 0.0, 0.0, 0.0, 0.0, 0.0], "FOD d proportion": [0.0, 0.0, 0.0, 0.0, 0.0, 0.0, 0.0, 0.0, 0.0, 0.0, 0.0, 0.0, 0.0, 0.0, 0.0, 0.0, 0.0, 0.0, 0.0, 0.0, 0.0, 0.0, 0.0, 0.0, 0.0, 0.0, 0.0, 0.0, 0.0, 0.0, 0.0, 0.0, 0.0, 0.0, 0.0, 0.0, 0.0, 0.0], "coordinates": [["-0.79910", "-2.60860", "2.70290"], ["-0.67970", "-1.62340", "1.62500"], ["-1.80310", "-1.16600", "0.95200"], ["-1.80620", "-0.21490", "0.00100"], ["-3.06370", "0.20130", "-0.64750"], ["-3.42460", "1.55470", "-0.69880"], ["-4.61990", "1.95190", "-1.30350"], ["-5.46780", "1.00050", "-1.86630"], ["-5.11980", "-0.34790", "-1.82970"], ["-3.92430", "-0.74550", "-1.22550"], ["-0.48110", "0.41660", "-0.33030"], ["-0.39040", "1.29890", "-1.18220"], ["0.73330", "-0.06480", "0.41760"], ["0.53880", "-1.02750", "1.33620"], ["2.07410", "0.50650", "0.19150"], ["2.27490", "1.89160", "0.24470"], ["3.54370", "2.43740", "0.04190"], ["4.62950", "1.60400", "-0.22180"], ["4.45530", "0.21520", "-0.29700"], ["3.17370", "-0.32280", "-0.08240"], ["5.62580", "-0.69590", "-0.56840"], ["5.29300", "-1.78130", "-1.32170"], ["6.16770", "-1.19210", "0.57850"], ["6.64720", "-0.08370", "-1.22980"], ["-0.98740", "-2.10170", "3.65510"], ["-1.62100", "-3.30750", "2.51180"], ["0.11640", "-3.20290", "2.79980"], ["-2.72670", "-1.64630", "1.26690"], ["-2.77190", "2.31500", "-0.27430"], ["-4.88290", "3.00590", "-1.34020"], ["-6.39480", "1.31140", "-2.34090"], ["-5.77480", "-1.09030", "-2.27800"], ["-3.66480", "-1.80180", "-1.22270"], ["1.36230", "-1.40520", "1.93770"], ["1.43860", "2.56140", "0.43860"], ["3.68070", "3.51540", "0.08450"], ["5.61330", "2.04450", "-0.37840"], ["3.03560", "-1.40220", "-0.14610"]], "bond_dist": [[0.0, 1.4651770575599388, 2.480879192947533, 3.747574376846976, 4.924340700032848, 5.983132961083181, 7.172720115130661, 7.463239989441583, 6.657602852378624, 5.354469461113771, 4.2957259316674286, 5.525359169321032, 3.7472342187271934, 2.481475873346344, 4.926079192420683, 5.978630552225149, 7.16958498380485, 7.467902437097047, 6.6769728028501065, 5.363386763044411, 7.459166507727254, 7.348163910801119, 7.4199629278049635, 8.791395394930205, 1.095029378601323, 1.095673322665109, 1.0957747715657629, 2.5891618431453836, 6.0825567518930725, 8.03409548735886, 8.492242161526013, 7.202235082944738, 4.92681419276189, 2.5894695518580635, 6.071511819967083, 8.026705588222358, 8.50086013648031, 4.927182364191527], [1.4651770575599388, 0.0, 1.3871450248622168, 2.4269838277170286, 3.7652678975074267, 4.79946268450959, 6.073224710151931, 6.4807351828322695, 5.768564843182401, 4.407208619977049, 2.8327089596356347, 4.062499676307679, 2.425616977183331, 1.3868109099657384, 3.764944979677658, 4.794800751856118, 6.06905345255749, 6.481850479608428, 5.782971464567329, 4.4108351454118075, 6.740221810890203, 6.661915534589132, 6.940321944982092, 8.01274127499447, 2.108259042432879, 2.123358834488415, 2.1233818544953236, 2.078212939041618, 4.847229712939134, 6.920239863617446, 7.550084890913479, 6.440314326180051, 4.129412047737547, 2.077295484518271, 4.838108193292085, 6.913283868755861, 7.554399444694462, 4.121793146192565], [2.480879192947533, 1.3871450248622168, 0.0, 1.3449913828720241, 2.4529618627284036, 3.571639872663536, 4.768956164612965, 5.105542403114483, 4.4054104678224935, 3.068846027418124, 2.4282915908102964, 3.5533453167402684, 2.816300722579178, 2.3772436770343925, 4.290489056040116, 5.1458016916705995, 6.511608388869834, 7.101341366249055, 6.529570047101111, 5.152621453202244, 7.597444661200238, 7.476826933265206, 7.9795887174715965, 8.794270556447534, 2.9745000571524622, 2.655590085084669, 3.353774992452535, 1.0876061143631, 3.8157235395138365, 5.669576570609132, 6.169636136758796, 5.1198663439586, 2.932488468860534, 3.323940175454426, 4.966458417222478, 7.262239644214448, 8.190254170048691, 4.96735661494119], [3.747574376846976, 2.4269838277170286, 1.3449913828720241, 0.0, 1.4748155613499607, 2.4980838176490394, 3.783338496619091, 4.286177902280772, 3.788020122702623, 2.504433313146908, 1.5048062832138893, 2.3866382884718833, 2.577818034695234, 2.8181736639178214, 3.951384099274582, 4.5991422189360485, 5.971415084383265, 6.691507419109689, 6.283324936687582, 4.981766953601905, 7.469283858577072, 7.389302057028119, 8.054285027238606, 8.543538707116625, 4.193196214106848, 3.98780521590511, 4.5230317487278375, 2.121020749544898, 2.7219038539228384, 4.651715056836564, 5.373019380199554, 4.659393964884274, 2.7331460370788823, 3.8996170619690336, 4.292791922513832, 6.635373535076982, 7.765166641482976, 4.987418865505483], [4.924340700032848, 3.7652678975074267, 2.4529618627284036, 1.4748155613499607, 0.0, 1.4016319274331617, 2.4324257028735743, 2.8113859375759853, 2.434494750456447, 1.4039752846827471, 2.610898827990085, 2.938905023984273, 3.95252529656674, 4.292204722517322, 5.214792122414853, 5.670430749951894, 7.009504285611073, 7.831609925168643, 7.527177722094782, 6.284837116425533, 8.736053737243148, 8.615084636264463, 9.416123699272434, 9.732516483417841, 5.30350803242533, 4.937027164195069, 5.795299038013483, 2.6818132149722884, 2.166137846490846, 3.4139571013707837, 3.8982243111447548, 3.4171368161078948, 2.169005730743928, 5.371552595851594, 5.198114130143739, 7.550232722903314, 8.874690419952687, 6.3264583061931265], [5.983132961083181, 4.79946268450959, 3.571639872663536, 2.4980838176490394, 1.4016319274331617, 0.0, 1.3972014958480403, 2.4176145536458042, 2.7879247855708016, 2.412059912191238, 3.1773032763650373, 3.083095658587323, 4.599702340369428, 5.149516618091449, 5.668073660424677, 5.786881207524481, 7.062931450184123, 8.06836329747242, 8.003032394036651, 6.8878529383255565, 9.326947232615826, 9.354862381136348, 10.059255679223984, 10.2179973967505, 6.185923537354791, 6.099337190219933, 6.885756365135205, 3.82065987756042, 1.0882433689207573, 2.154997515079774, 3.4026130164918844, 3.8747048506950823, 3.405621749402009, 6.215026296806796, 5.094883501121492, 7.412367467280612, 9.056831488440093, 7.126213506484352], [7.172720115130661, 6.073224710151931, 4.768956164612965, 3.783338496619091, 2.4324257028735743, 1.3972014958480403, 0.0, 1.393140412880195, 2.411610766686863, 2.786738258251033, 4.520390444419598, 4.281330744056106, 5.9737772255081625, 6.515905627002282, 7.009553634861496, 7.066740859123108, 8.287953690145716, 9.318932860580123, 9.294537330066516, 8.210088078699279, 10.607807753725554, 10.59257758479965, 11.392935256552633, 11.449744165700821, 7.363045780789361, 7.156200364718696, 8.114281953444802, 4.810218876516951, 2.146205547006158, 1.0869369300930023, 2.153301887799293, 3.396825738833242, 3.8741461433456537, 7.586976650155186, 6.33338968562649, 8.559850267966139, 10.27534753718822, 8.437786547430552], [7.463239989441583, 6.4807351828322695, 5.105542403114483, 4.286177902280772, 2.8113859375759853, 2.4176145536458042, 1.393140412880195, 0.0, 1.3930635735672654, 2.4169263311073426, 5.250467798206175, 5.131961236213696, 6.693631638355968, 7.10267793230131, 7.833187885529109, 8.074638289112398, 9.322716401349984, 10.248124696255408, 10.077068630807275, 8.922384454281266, 11.297357139171975, 11.127884661515862, 12.090053848101753, 12.180059395996393, 7.75780168346678, 7.247378412226038, 8.40382950862284, 4.933165483743678, 3.395622337657709, 2.1541862454300467, 1.0868454213916527, 2.152949263220106, 3.393805423120188, 8.179735600861436, 7.4462966486703985, 9.686350958952499, 11.229183390612159, 9.002214554763734], [6.657602852378624, 5.768564843182401, 4.4054104678224935, 3.788020122702623, 2.434494750456447, 2.7879247855708016, 2.411610766686863, 1.3930635735672654, 0.0, 1.3972700705303893, 4.934592009477583, 5.04959709778909, 6.276088153459924, 6.519550055793728, 7.521133292928665, 8.00000523124829, 9.290695070876021, 10.071946510481476, 9.713330577613426, 8.475602016966109, 10.824966561149276, 10.523264864099925, 11.5723704196677, 11.7852437671013, 7.087705922228996, 6.312642540964917, 7.549906336505109, 4.123311985528138, 3.875943753461858, 3.3976030227205767, 2.1541185970136376, 1.0868098499737662, 2.144597680218833, 7.571578861769849, 7.524747300740405, 9.799900447453535, 11.09185670030045, 8.393843375355535], [5.354469461113771, 4.407208619977049, 3.068846027418124, 2.504433313146908, 1.4039752846827471, 2.412059912191238, 2.786738258251033, 2.4169263311073426, 1.3972700705303893, 0.0, 3.7426575704971996, 4.08287833029592, 4.985616096331525, 5.153745482656279, 6.289371634750168, 6.895350976563847, 8.216336115933915, 8.927208879599492, 8.485443588876189, 7.201871763645894, 9.572807873346253, 9.275815617507714, 10.26169243156313, 10.592195710994016, 5.855332305685135, 5.082956440891462, 6.2104034764256655, 2.908220101711698, 3.4057990912559717, 3.8736380845401657, 3.402693788750319, 2.156616224551786, 1.0877121770027216, 6.195900087154408, 6.516556823200424, 8.8151797378159, 9.973339068235873, 7.073653035030768], [4.2957259316674286, 2.8327089596356347, 2.4282915908102964, 1.5048062832138893, 2.610898827990085, 3.1773032763650373, 4.520390444419598, 5.250467798206175, 4.934592009477583, 3.7426575704971996, 0.0, 1.229802175148507, 1.5052799507068444, 2.4295767265101964, 2.6094835293597853, 3.178330693933531, 4.518980030936184, 5.247849404279814, 4.940618970331552, 3.7370750340339707, 6.211970337179661, 6.257305265048205, 6.900751739484619, 7.202226130162812, 4.741475270419534, 4.821392457579035, 4.822376230656418, 3.442284649763874, 2.9757054961806952, 5.20578675514086, 6.309914982787011, 5.8384537841795074, 3.9816607100555417, 3.4439661438521725, 2.9793660970078855, 5.205304959365973, 6.3082551771468465, 3.963475995890476], [5.525359169321032, 4.062499676307679, 3.5533453167402684, 2.3866382884718833, 2.938905023984273, 3.083095658587323, 4.281330744056106, 5.131961236213696, 5.04959709778909, 4.08287833029592, 1.229802175148507, 0.0, 2.383639951838364, 3.5521666852781557, 2.9306500473444452, 3.080772791037989, 4.274546276507016, 5.120043962701883, 5.043688453899586, 4.067220148946944, 6.367938435632053, 6.4659204951808675, 7.232829397960386, 7.172284313940712, 5.943059872658192, 6.031495114811915, 6.031531603166811, 4.486712776632799, 2.743771832714958, 4.808468493189906, 6.115191027269713, 5.991729102688138, 4.509731266938197, 4.485297103871716, 2.750661718568825, 4.805336236934934, 6.1029851294264175, 4.484074087255919], [3.7472342187271934, 2.425616977183331, 2.816300722579178, 2.577818034695234, 3.95252529656674, 4.599702340369428, 5.9737772255081625, 6.693631638355968, 6.276088153459924, 4.985616096331525, 1.5052799507068444, 2.383639951838364, 0.0, 1.3447852988488536, 1.4748727199321303, 2.496783116331893, 3.7816006518404346, 4.286502098448104, 3.8003075086103237, 2.5044193259116976, 5.03061024727617, 5.173238910972507, 5.552422665827954, 6.1390957949847955, 4.194183633318884, 4.521449482190418, 3.9878708680196753, 3.8979549433003973, 4.292854608532648, 6.637828091326258, 7.7661482280471565, 7.11851636368141, 5.005101067910617, 2.1220313781845923, 2.7193410102449453, 4.649296119844379, 5.375608104205514, 2.7215770685394896], [2.481475873346344, 1.3868109099657384, 2.3772436770343925, 2.8181736639178214, 4.292204722517322, 5.149516618091449, 6.515905627002282, 7.10267793230131, 6.519550055793728, 5.153745482656279, 2.4295767265101964, 3.5521666852781557, 1.3447852988488536, 0.0, 2.4536992847535335, 3.5674304856577095, 4.765518703142398, 5.107443855785396, 4.421608053638405, 3.0743659606494473, 5.441969195061655, 5.498642058726864, 5.682052240168159, 6.692358702281282, 2.976657402187897, 3.3533820838073316, 2.655731891588456, 3.3243354493793196, 4.972600023126734, 7.268167816582114, 8.18940331037616, 7.275158447759059, 4.981742933953939, 1.0874795584285712, 3.807299437921845, 5.663587989075476, 6.174754036396915, 2.9277335295412388], [4.926079192420683, 3.764944979677658, 4.290489056040116, 3.951384099274582, 5.214792122414853, 5.668073660424677, 7.009553634861496, 7.833187885529109, 7.521133292928665, 6.289371634750168, 2.6094835293597853, 2.9306500473444452, 1.4748727199321303, 2.4536992847535335, 0.0, 1.4005901934541738, 2.431147698104745, 2.8116529480005177, 2.448183281537557, 1.404236397477291, 3.825936050171252, 4.229080312550236, 4.448884345541026, 4.825108635046469, 5.307731572903815, 5.7951835259981195, 4.939176706699205, 5.3701688651289174, 5.19339560307127, 7.549367804657554, 8.875989014188784, 8.381732022678845, 6.345327709425259, 2.6852319397027884, 2.1650710542612686, 3.4126370697746338, 3.900790516036461, 2.1636986157965716], [5.978630552225149, 4.794800751856118, 5.1458016916705995, 4.5991422189360485, 5.670430749951894, 5.786881207524481, 7.066740859123108, 8.074638289112398, 8.00000523124829, 6.895350976563847, 3.178330693933531, 3.080772791037989, 2.496783116331893, 3.5674304856577095, 1.4005901934541738, 0.0, 1.3960225356347222, 2.4175353503103114, 2.8031946079428733, 2.412136648285084, 4.311011327983261, 5.0052703203723174, 4.977400925181736, 5.019259669513024, 6.182222443425989, 6.881018822093135, 6.0943899210667505, 6.211089422154538, 5.091052818425674, 7.415367377278081, 9.065630562183747, 8.947257288689087, 7.146642736977972, 3.8168020645561382, 1.0888649778553812, 2.153755817171482, 3.3994921061829215, 3.403014482778467], [7.16958498380485, 6.06905345255749, 6.511608388869834, 5.971415084383265, 7.009504285611073, 7.062931450184123, 8.287953690145716, 9.322716401349984, 9.290695070876021, 8.216336115933915, 4.518980030936184, 4.274546276507016, 3.7816006518404346, 4.765518703142398, 2.431147698104745, 1.3960225356347222, 0.0, 1.3939350379411517, 2.425704147252917, 2.7876611218008547, 3.811190809970028, 4.766223362369834, 4.510718990360628, 4.195816767924929, 7.361352474919266, 8.110388900046654, 7.152998098000586, 7.582555430064459, 6.324695056680598, 8.558094426915376, 10.281993682647348, 10.230398112976836, 8.457688930789546, 4.8081325231320315, 2.145738311164714, 1.0875052919411476, 2.148084416404532, 3.8776330112582853], [7.467902437097047, 6.481850479608428, 7.101341366249055, 6.691507419109689, 7.831609925168643, 8.06836329747242, 9.318932860580123, 10.248124696255408, 10.071946510481476, 8.927208879599492, 5.247849404279814, 5.120043962701883, 4.286502098448104, 5.107443855785396, 2.8116529480005177, 2.4175353503103114, 1.3939350379411517, 0.0, 1.4017011521718885, 2.4189551959472086, 2.5302737519881124, 3.6208104548567572, 3.2900933938111847, 2.8170034753262194, 7.766088572119172, 8.406197205633474, 7.2528908567549815, 8.178897005097937, 7.4356572816396005, 9.67997396329143, 11.229932771837952, 10.942425207420884, 9.022011246944885, 4.938959478473174, 3.396260550958951, 2.15580404721765, 1.0892319541768867, 3.4034520916269706], [6.6769728028501065, 5.782971464567329, 6.529570047101111, 6.283324936687582, 7.527177722094782, 8.003032394036651, 9.294537330066516, 10.077068630807275, 9.713330577613426, 8.485443588876189, 4.940618970331552, 5.043688453899586, 3.8003075086103237, 4.421608053638405, 2.448183281537557, 2.8031946079428733, 2.425704147252917, 1.4017011521718885, 0.0, 1.4064123577386543, 1.5079228826435387, 2.3953629432718544, 2.3831297278998473, 2.4008087512336336, 7.114077825691817, 7.564403110622807, 6.332426948650889, 7.582353820549395, 7.526094283889885, 9.801951436831342, 11.095217512964764, 10.50160165212907, 8.417911469004649, 4.1456277268949275, 3.891817144985103, 3.411285307622334, 2.166547587753382, 2.1573830582444096], [5.363386763044411, 4.4108351454118075, 5.152621453202244, 4.981766953601905, 6.284837116425533, 6.8878529383255565, 8.210088078699279, 8.922384454281266, 8.475602016966109, 7.201871763645894, 3.7370750340339707, 4.067220148946944, 2.5044193259116976, 3.0743659606494473, 1.404236397477291, 2.412136648285084, 2.7876611218008547, 2.4189551959472086, 1.4064123577386543, 0.0, 2.5274876893864384, 2.855611883642453, 3.1869275642850745, 3.6659102307612494, 5.869254183454657, 6.215099019323828, 5.094029460064007, 6.195722952166276, 6.507301576690603, 8.807446172983402, 9.966324505052, 9.24582975508418, 7.08892145110947, 2.9212264085483, 3.4059686801261106, 3.8751366233979416, 3.412238773884383, 1.0900613102023207], [7.459166507727254, 6.740221810890203, 7.597444661200238, 7.469283858577072, 8.736053737243148, 9.326947232615826, 10.607807753725554, 11.297357139171975, 10.824966561149276, 9.572807873346253, 6.211970337179661, 6.367938435632053, 5.03061024727617, 5.441969195061655, 3.825936050171252, 4.311011327983261, 3.811190809970028, 2.5302737519881124, 1.5079228826435387, 2.5274876893864384, 0.0, 1.3624646380732237, 1.3620754971733395, 1.3621662013131877, 7.971740094232877, 8.29603500715854, 6.926998527500927, 8.604408317833364, 8.925994561392026, 11.168338021836554, 12.315268324320018, 11.534815294576676, 9.379038951832964, 4.99610607873772, 5.399694077445499, 4.684521332003944, 2.747007173270576, 2.7177808999255255], [7.348163910801119, 6.661915534589132, 7.476826933265206, 7.389302057028119, 8.615084636264463, 9.354862381136348, 10.59257758479965, 11.127884661515862, 10.523264864099925, 9.275815617507714, 6.257305265048205, 6.4659204951808675, 5.173238910972507, 5.498642058726864, 4.229080312550236, 5.0052703203723174, 4.766223362369834, 3.6208104548567572, 2.3953629432718544, 2.855611883642453, 1.3624646380732237, 0.0, 2.1732502778097142, 2.173510756817182, 8.01963955299738, 8.051608826191197, 6.767931469067931, 8.428206395787896, 9.106005296506257, 11.245735498401162, 12.132939906304655, 11.13050706526886, 8.958370504170947, 5.120111528082177, 6.067462298193537, 5.712437362457466, 3.953372309813484, 2.573248322645912], [7.4199629278049635, 6.940321944982092, 7.9795887174715965, 8.054285027238606, 9.416123699272434, 10.059255679223984, 11.392935256552633, 12.090053848101753, 11.5723704196677, 10.26169243156313, 6.900751739484619, 7.232829397960386, 5.552422665827954, 5.682052240168159, 4.448884345541026, 4.977400925181736, 4.510718990360628, 3.2900933938111847, 2.3831297278998473, 3.1869275642850745, 1.3620754971733395, 2.1732502778097142, 0.0, 2.1744929753852964, 7.841447298171429, 8.299181510245454, 6.752460441942626, 8.932555264872422, 9.640719185309777, 11.975824566600831, 13.137991279491702, 12.279790785677092, 10.014694792154177, 4.998470307003934, 6.039264944511046, 5.346939428308497, 3.420321115041686, 3.2216824145157448], [8.791395394930205, 8.01274127499447, 8.794270556447534, 8.543538707116625, 9.732516483417841, 10.2179973967505, 11.449744165700821, 12.180059395996393, 11.7852437671013, 10.592195710994016, 7.202226130162812, 7.172284313940712, 6.1390957949847955, 6.692358702281282, 4.825108635046469, 5.019259669513024, 4.195816767924929, 2.8170034753262194, 2.4008087512336336, 3.6659102307612494, 1.3621662013131877, 2.173510756817182, 2.1744929753852964, 0.0, 9.285563481555656, 9.63097026472411, 8.283624414469791, 9.825743272648639, 9.766585214393002, 11.937379206928128, 13.163381450827899, 12.506720225542747, 10.4541504685938, 6.301554293188308, 6.07532933510604, 4.845722603492693, 2.5145708202395096, 3.994559112092347], [1.095029378601323, 2.108259042432879, 2.9745000571524622, 4.193196214106848, 5.30350803242533, 6.185923537354791, 7.363045780789361, 7.75780168346678, 7.087705922228996, 5.855332305685135, 4.741475270419534, 5.943059872658192, 4.194183633318884, 2.976657402187897, 5.307731572903815, 6.182222443425989, 7.361352474919266, 7.766088572119172, 7.114077825691817, 5.869254183454657, 7.971740094232877