{"total energy": -15.7696435, "HOMO-LUMO gap/eV": 5.20512407, "electronic energy": -16.02484313, "dipole": [-0.16639001, -0.00155587, 0.05276574], "partial charges": [-0.1000034, -0.04718121, -0.05721753, -0.02971619, -0.09567788, 0.03208784, 0.03277121, 0.03310682, 0.03006442, 0.02995943, 0.03715872, 0.03816199, 0.02980014, 0.03185466, 0.03483097], "atomic dipole moments": [[0.07578586, 0.03261434, -0.05947773], [-0.02281265, -0.11060779, 0.01132726], [-8.53e-05, 0.09935207, 0.00305463], [-0.14805168, -0.00629955, 0.04668512], [0.07603769, -0.01906574, 0.0078257], [-0.0563411, 0.0974955, 0.05463802], [-0.08745681, -0.0622478, -0.06581246], [0.04226325, -0.07577546, 0.09157621], [-0.0480559, 0.08008158, -0.08172371], [0.07830449, 0.06764287, 0.07040808], [0.04110079, -0.08274828, 0.08628542], [-0.07967925, -0.06726789, -0.06858093], [-0.02985682, 0.08685531, -0.11893024], [0.098616, 0.05644187, -0.09832441], [0.04382993, -0.0888855, 0.11543558]], "atomic quadrupole moments": [[0.07554345, 0.07978962, -0.0742529, -0.16230346, -0.0601159, -0.00129055], [0.03084006, -0.0343738, 0.01560983, -0.22263883, 0.04381959, -0.04644989], [0.04222278, -0.05269862, 0.01757307, -0.1824906, 0.05479844, -0.05979585], [-0.32066262, 0.17321045, 0.27269979, -0.07713918, 0.38269493, 0.04796282], [-0.33054764, 0.10682492, 0.30486713, 0.04689657, 0.42234376, 0.02568052], [-0.01973555, -0.03570641, 0.04464845, -0.03183782, 0.03790676, -0.0249129], [0.00633383, 0.04499602, -0.01877042, 0.04035848, 0.03356393, 0.01243659], [-0.00717188, -0.02832048, -0.00355217, 0.03121001, -0.05599687, 0.01072405], [-0.01213412, -0.02402956, -0.01182785, 0.01880797, -0.03464636, 0.02396197], [0.01982997, 0.0232235, -0.02293501, 0.02786233, 0.02546869, 0.00310504], [-0.00959557, -0.02912799, -0.01125727, 0.02219025, -0.03367311, 0.02085283], [0.01677009, 0.02391515, -0.01766032, 0.03955215, 0.02561648, 0.00089023], [0.04556922, -0.01266908, -0.03324084, -0.00013658, -0.0425465, -0.01232838], [0.039543, -0.00165204, -0.03586556, -0.01868153, -0.04301356, -0.00367744], [0.0161357, -0.01348415, -0.02333282, 0.00365561, -0.0499078, 0.00719712]], "number of molecular orbitals": 30, "number of electrons": 30, "number of unpaired electrons": 0, "orbital energies/eV": [-16.92905726, -16.54829945, -15.91348659, -15.18772804, -14.70980392, -14.00227118, -13.63015236, -13.15725413, -13.07510263, -12.5553517, -12.12190612, -11.96803884, -11.56559597, -11.51419153, -10.72580528, -5.52068121, 2.40087818, 3.04069886, 3.45115918, 3.89873949, 4.1286994, 4.568049, 4.6250828, 5.19236455, 6.0730917, 6.37065113, 6.9435705, 7.8460759, 11.29384422, 15.55349432], "fractional occupation": [2.0, 2.0, 2.0, 2.0, 2.0, 2.0, 2.0, 2.0, 2.0, 2.0, 2.0, 2.0, 2.0, 2.0, 2.0, 0.0, 0.0, 0.0, 0.0, 0.0, 0.0, 0.0, 0.0, 0.0, 0.0, 0.0, 0.0, 0.0, 0.0, 0.0], "program call": "xtb /home/svss/Project-DBcg-Debug/aqme2_20220329/End-to-End-workflows-final/example-3/QDESCP/mol_13_rdkit_conf_1/mol_13_rdkit_conf_1.xyz --pop --wbo --acc 0.2 --gfn 2 --chrg 0 --uhf 0 --etemp 300 --input /home/svss/Project-DBcg-Debug/aqme2_20220329/End-to-End-workflows-final/example-3/QDESCP/mol_13_rdkit_conf_1/mol_13_rdkit_conf_1_xtb.inp", "method": "GFN2-xTB", "xtb version": "6.3.3 (7355c4f)", "Dipole module/D": 0.444, "Total charge": 0, "Transition dipole module/D": NaN, "HOMO": -10.7258, "LUMO": -5.5207, "HOMO occupancy": 2.0, "LUMO occupancy": 0, "mulliken charges": [-0.08421, -0.03448, -0.04385, -0.02175, -0.08735, 0.02925, 0.02691, 0.02746, 0.02299, 0.02391, 0.0269, 0.03066, 0.02468, 0.03047, 0.02841], "cm5 charges": [-0.2345, -0.14583, -0.14988, -0.08612, -0.18937, 0.08003, 0.07819, 0.07875, 0.07765, 0.07864, 0.08254, 0.08577, 0.08018, 0.08271, 0.08123], "FUKUI+": [0.018, 0.003, 0.026, -0.161, -0.126, -0.041, -0.027, -0.025, -0.033, -0.025, -0.062, -0.089, -0.146, -0.155, -0.158], "FUKUI-": [0.023, 0.003, 0.009, -0.051, -0.07, -0.089, -0.091, -0.074, -0.088, -0.108, -0.077, -0.121, -0.082, -0.097, -0.087], "FUKUIrad": [0.021, 0.003, 0.017, -0.106, -0.098, -0.065, -0.059, -0.049, -0.06, -0.067, -0.069, -0.105, -0.114, -0.126, -0.122], "s proportion": [1.008, 1.027, 1.028, 1.072, 1.047, 0.971, 0.973, 0.973, 0.977, 0.976, 0.973, 0.969, 0.975, 0.97, 0.972], "p proportion": [3.076, 3.007, 3.016, 2.95, 3.04, 0.0, 0.0, 0.0, 0.0, 0.0, 0.0, 0.0, 0.0, 0.0, 0.0], "d proportion": [0.0, 0.0, 0.0, 0.0, 0.0, 0.0, 0.0, 0.0, 0.0, 0.0, 0.0, 0.0, 0.0, 0.0, 0.0], "Fermi-level/eV": -8.1232, "Coordination numbers": [3.75, 3.801, 3.805, 2.886, 2.834, 0.924, 0.924, 0.924, 0.924, 0.924, 0.924, 0.924, 0.925, 0.925, 0.925], "Dispersion coefficient C6": [22.473, 21.419, 21.599, 28.74, 30.396, 2.557, 2.548, 2.543, 2.586, 2.587, 2.487, 2.474, 2.589, 2.56, 2.519], "Total dispersion C6": 1663.220234, "Total dispersion C8": 35734.273711, "Polarizability alpha": [6.761, 6.589, 6.616, 8.789, 9.035, 2.501, 2.496, 2.494, 2.515, 2.515, 2.466, 2.46, 2.516, 2.502, 2.482], "Total polarizability alpha": 62.736761, "Wiberg matrix": [[0.0, 1.0191668176222686, 0.0, 0.0, 0.0, 0.9869445421731675, 0.9876380389348121, 0.9876210249280388, 0.0, 0.0, 0.0, 0.0, 0.0, 0.0, 0.0], [1.0191668176222686, 0.0, 0.9930511059573066, 0.0, 0.0, 0.0, 0.0, 0.0, 0.9781829948914296, 0.978706229154798, 0.0, 0.0, 0.0, 0.0, 0.0], [0.0, 0.9930511059573066, 0.0, 1.026557852854014, 0.0, 0.0, 0.0, 0.0, 0.0, 0.0, 0.9748405679045575, 0.9619163040526844, 0.0, 0.0, 0.0], [0.0, 0.0, 1.026557852854014, 0.0, 1.9755157740187614, 0.0, 0.0, 0.0, 0.0, 0.0, 0.0, 0.0, 0.967866301285722, 0.0, 0.0], [0.0, 0.0, 0.0, 1.9755157740187614, 0.0, 0.0, 0.0, 0.0, 0.0, 0.0, 0.0, 0.0, 0.0, 0.9783237263993815, 0.9767213243758104], [0.9869445421731675, 0.0, 0.0, 0.0, 0.0, 0.0, 0.0, 0.0, 0.0, 0.0, 0.0, 0.0, 0.0, 0.0, 0.0], [0.9876380389348121, 0.0, 0.0, 0.0, 0.0, 0.0, 0.0, 0.0, 0.0, 0.0, 0.0, 0.0, 0.0, 0.0, 0.0], [0.9876210249280388, 0.0, 0.0, 0.0, 0.0, 0.0, 0.0, 0.0, 0.0, 0.0, 0.0, 0.0, 0.0, 0.0, 0.0], [0.0, 0.9781829948914296, 0.0, 0.0, 0.0, 0.0, 0.0, 0.0, 0.0, 0.0, 0.0, 0.0, 0.0, 0.0, 0.0], [0.0, 0.978706229154798, 0.0, 0.0, 0.0, 0.0, 0.0, 0.0, 0.0, 0.0, 0.0, 0.0, 0.0, 0.0, 0.0], [0.0, 0.0, 0.9748405679045575, 0.0, 0.0, 0.0, 0.0, 0.0, 0.0, 0.0, 0.0, 0.0, 0.0, 0.0, 0.0], [0.0, 0.0, 0.9619163040526844, 0.0, 0.0, 0.0, 0.0, 0.0, 0.0, 0.0, 0.0, 0.0, 0.0, 0.0, 0.0], [0.0, 0.0, 0.0, 0.967866301285722, 0.0, 0.0, 0.0, 0.0, 0.0, 0.0, 0.0, 0.0, 0.0, 0.0, 0.0], [0.0, 0.0, 0.0, 0.0, 0.9783237263993815, 0.0, 0.0, 0.0, 0.0, 0.0, 0.0, 0.0, 0.0, 0.0, 0.0], [0.0, 0.0, 0.0, 0.0, 0.9767213243758104, 0.0, 0.0, 0.0, 0.0, 0.0, 0.0, 0.0, 0.0, 0.0, 0.0]], "Born radii": [], "Atomic SASAs": [], "Solvent H bonds": [], "Total SASA": NaN, "Total FOD": 0.0, "FOD": [0.0, 0.0, 0.0, 0.0, 0.0, 0.0, 0.0, 0.0, 0.0, 0.0, 0.0, 0.0, 0.0, 0.0, 0.0], "FOD s proportion": [0.0, 0.0, 0.0, 0.0, 0.0, 0.0, 0.0, 0.0, 0.0, 0.0, 0.0, 0.0, 0.0, 0.0, 0.0], "FOD p proportion": [0.0, 0.0, 0.0, 0.0, 0.0, 0.0, 0.0, 0.0, 0.0, 0.0, 0.0, 0.0, 0.0, 0.0, 0.0], "FOD d proportion": [0.0, 0.0, 0.0, 0.0, 0.0, 0.0, 0.0, 0.0, 0.0, 0.0, 0.0, 0.0, 0.0, 0.0, 0.0], "coordinates": [["-1.83190", "0.15760", "1.06220"], ["-0.70110", "0.64840", "0.17160"], ["0.01290", "-0.51490", "-0.51710"], ["1.12030", "-0.02580", "-1.40580"], ["2.41190", "-0.33360", "-1.23420"], ["-2.32950", "1.00480", "1.54440"], ["-2.58040", "-0.38950", "0.48000"], ["-1.45390", "-0.50570", "1.84670"], ["-1.10930", "1.33730", "-0.57800"], ["0.01140", "1.21970", "0.77910"], ["0.40080", "-1.20920", "0.23830"], ["-0.70050", "-1.07850", "-1.13030"], ["0.83620", "0.60950", "-2.24250"], ["3.16830", "0.04690", "-1.91380"], ["2.74480", "-0.96700", "-0.41780"]], "bond_dist": [[0.0, 1.5207766568434697, 2.519867413178717, 3.8522907989922053, 4.850213277784803, 1.0944726766804185, 1.0947728074810774, 1.0946648528202594, 2.1457164048401176, 2.14614932145925, 2.7444312234049515, 2.759540798756199, 4.271301126120704, 5.819865164245646, 4.93976801580803], [1.5207766568434697, 0.0, 1.5288461596903724, 2.5020460347483615, 3.554063398421587, 2.159464600311846, 2.1688972912519393, 2.169012369720376, 1.0968639888336202, 1.0968574155285638, 2.160858685800624, 2.162666775071925, 2.862286378055138, 4.4365472802619825, 3.851121437971023], [2.519867413178717, 1.5288461596903724, 0.0, 1.5017793646205158, 2.5104388261815904, 3.4707503655549763, 2.7812116891743424, 2.7819305023670164, 2.1664917470417464, 2.165403853788018, 1.0968810600972196, 1.0966306397324488, 2.2179051850789295, 3.4961320469913604, 2.77083606696607], [3.8522907989922053, 2.5020460347483615, 1.5017793646205158, 0.0, 1.3388121451495727, 4.654775659470604, 4.169376430594868, 4.175591682624153, 2.7412425303135803, 2.7485846303143004, 2.149693145544266, 2.121176602737264, 1.088294900291277, 2.111315535394935, 2.121556431019453], [4.850213277784803, 3.554063398421587, 2.5104388261815904, 1.3388121451495727, 0.0, 5.656218390408914, 5.278699246973633, 4.9463090138000885, 3.9523859490186437, 3.4969298005536227, 2.6418657838732083, 3.2019845377515486, 2.0949789951214313, 1.08571514219891, 1.085599801952819], [1.0944726766804185, 2.159464600311846, 3.4707503655549763, 4.654775659470604, 5.656218390408914, 0.0, 1.7719962358876498, 1.7719116512964181, 2.4706327226036655, 2.4721810026775954, 3.7499641731621915, 3.761356135757421, 4.951618946364916, 6.565251289173934, 5.786773243354192], [1.0947728074810774, 2.1688972912519393, 2.7812116891743424, 4.169376430594868, 5.278699246973633, 1.7719962358876498, 0.0, 1.7749291760518222, 2.503065610406567, 3.065356861769931, 3.101270775021104, 2.5693989764145235, 4.4814241943828526, 6.242457456002403, 5.431142249103774], [1.0946648528202594, 2.169012369720376, 2.7819305023670164, 4.175591682624153, 4.9463090138000885, 1.7719116512964181, 1.7749291760518222, 0.0, 3.0650559945945526, 2.502774262693302, 2.5537765955541216, 3.123818240551137, 4.817653546074063, 5.984267695382618, 4.792686055856361], [2.1457164048401176, 1.0968639888336202, 2.1664917470417464, 2.7412425303135803, 3.9523859490186437, 2.4706327226036655, 2.503065610406567, 3.0650559945945526, 0.0, 1.7639497328438811, 3.071060069422283, 2.5116214623226965, 2.6618082838551693, 4.663406004199076, 4.493278239771047], [2.14614932145925, 1.0968574155285638, 2.165403853788018, 2.7485846303143004, 3.4969298005536227, 2.4721810026775954, 3.065356861769931, 2.502774262693302, 1.7639497328438811, 0.0, 2.5186607969315755, 3.0715359691854496, 3.191035198803047, 4.311981894674419, 3.6994191517047645], [2.7444312234049515, 2.160858685800624, 1.0968810600972196, 2.149693145544266, 2.6418657838732083, 3.7499641731621915, 3.101270775021104, 2.5537765955541216, 3.071060069422283, 2.5186607969315755, 0.0, 1.7615363010735827, 3.1067042810669965, 3.7240271038218826, 2.446112027279209], [2.759540798756199, 2.162666775071925, 1.0966306397324488, 2.121176602737264, 3.2019845377515486, 3.761356135757421, 2.5693989764145235, 3.123818240551137, 2.5116214623226965, 3.0715359691854496, 1.7615363010735827, 0.0, 2.5392478669873886, 4.104632852034394, 3.5199688336688437], [4.271301126120704, 2.862286378055138, 2.2179051850789295, 1.088294900291277, 2.0949789951214313, 4.951618946364916, 4.4814241943828526, 4.817653546074063, 2.6618082838551693, 3.191035198803047, 3.1067042810669965, 2.5392478669873886, 0.0, 2.4214154662097953, 3.075327023261104], [5.819865164245646, 4.4365472802619825, 3.4961320469913604, 2.111315535394935, 1.08571514219891, 6.565251289173934, 6.242457456002403, 5.984267695382618, 4.663406004199076, 4.311981894674419, 3.7240271038218826, 4.104632852034394, 2.4214154662097953, 0.0, 1.856168489119455], [4.93976801580803, 3.851121437971023, 2.77083606696607, 2.121556431019453, 1.085599801952819, 5.786773243354192, 5.431142249103774, 4.792686055856361, 4.493278239771047, 3.6994191517047645, 2.446112027279209, 3.5199688336688437, 3.075327023261104, 1.856168489119455, 0.0]]}