{"total energy": -44.55125381, "HOMO-LUMO gap/eV": 4.11428185, "electronic energy": -45.0848127, "dipole": [-0.98306341, 0.12351676, -0.22873823], "partial charges": [-0.09696334, 0.01072464, -0.1865113, 0.29623697, -0.4406559, -0.12808369, 0.01501489, -0.10728378, 0.03647512, -0.06070069, -0.05626876, -0.0570119, -0.05594689, -0.05926997, 0.04988584, 0.04207851, 0.03969291, 0.06280249, 0.04870927, 0.04209047, 0.05621656, 0.05465237, 0.04149735, 0.03973951, 0.06114903, 0.03442265, 0.03697468, 0.0357022, 0.03391616, 0.0328444, 0.03203332, 0.03422825, 0.03440011, 0.04074311, 0.03646542], "atomic dipole moments": [[-0.01099774, -0.03367146, 0.11305316], [-0.14452989, -0.00875647, -0.05121006], [0.38293197, -0.27686349, -0.24648828], [-0.00754024, 0.04304214, 0.02539801], [-0.1495507, 0.09063718, 0.05825864], [-0.03097959, -0.00686652, -0.03652905], [0.02019598, 0.07266752, 0.15182322], [-0.01775797, 0.09978508, -0.07308053], [0.04640299, -0.10306712, -0.0919737], [-0.03463228, -0.0060348, 0.11785943], [0.01618461, -0.11680032, 0.0024839], [0.10840966, 0.01013463, 0.04613965], [0.05053525, -0.01180478, -0.10495813], [0.0092337, 0.12842372, -0.01111229], [-0.03275677, -0.09141947, -0.08712726], [-0.0684843, 0.10469287, -0.0246652], [0.12033735, 0.03003059, -0.02481972], [0.08294464, -0.10031054, 0.0280621], [0.0389326, 0.09087561, 0.07338184], [-0.10644783, -0.00591633, -0.06391279], [0.08480489, -0.00092931, -0.09255527], [0.11741426, -0.00505578, 0.05848273], [-0.00992505, -0.10405545, -0.07061967], [-0.08434476, -0.01047601, 0.09272376], [0.02191358, 0.08082242, 0.09487281], [-0.02650606, -0.06704966, -0.10082422], [0.08573858, 0.08138416, -0.04463904], [0.02978832, 0.08979885, 0.08083756], [-0.0446535, 0.05995904, -0.09855923], [-0.04596982, -0.07354793, -0.08753707], [-0.09579041, 0.0688707, 0.03681339], [-0.08994603, -0.07526564, 0.04007996], [0.02538394, 0.07334749, 0.09716041], [-0.03854428, -0.09134164, -0.07605834], [0.03938932, -0.061604, 0.10163174]], "atomic quadrupole moments": [[-0.08542383, 0.02168613, -0.10816064, -0.04894231, -0.11312564, 0.19358447], [0.25040664, 0.13566717, -0.24224148, -0.13287873, -0.08166092, -0.00816516], [0.19450891, 0.18698547, 0.10815532, -0.14936881, 0.2891191, -0.30266423], [-0.34464989, -0.00343566, 0.02593739, 0.0340939, -0.18587064, 0.3187125], [-0.08391331, -0.00256886, -0.01179696, 0.01290294, -0.07958843, 0.09571027], [-0.03787652, -0.05528895, 0.05292049, -0.01930968, 0.04502583, -0.01504397], [-0.20018, 0.01827114, 0.24016629, 0.05241028, 0.07987819, -0.03998629], [-0.13686859, -0.03254556, 0.1412232, 0.01306382, -0.15982238, -0.00435461], [0.1141537, -0.08873385, -0.01131343, -0.07490566, -0.09331433, -0.10284027], [0.04052486, -0.19988813, -0.04859358, 0.01083729, -0.08712108, 0.00806872], [0.16492211, -0.00831822, -0.01246114, -0.15873063, -0.03366306, -0.15246098], [-0.00593226, 0.07199492, -0.01124577, -0.00107351, -0.20954461, 0.01717803], [0.03436394, -0.20400714, -0.02731502, 0.01116148, -0.09049918, -0.00704893], [0.13531208, -0.0122316, 0.02353629, -0.14946097, -0.02591432, -0.15884837], [-0.03559429, 0.03248915, 0.03225041, 0.01595879, 0.04078607, 0.00334387], [-0.0056287, -0.06141496, 0.02995098, -0.00080633, -0.01047555, -0.02432228], [0.0777833, 0.02717885, -0.04648878, -0.00987795, -0.00679009, -0.03129452], [-0.00031334, -0.02962071, 0.02485682, -0.01850612, -0.01460272, -0.02454349], [-0.02644658, 0.03609751, 0.02289836, 0.00052315, 0.0383228, 0.00354823], [0.05020557, -0.00594913, -0.00918324, 0.02255167, 0.00351591, -0.04102233], [0.00906537, 0.00423688, 0.00080359, -0.04000476, 0.00042611, -0.00986896], [0.059036, 0.01678566, -0.03625051, 0.0386999, -0.00629527, -0.02278549], [-0.05348856, 0.0090386, 0.03991124, 0.01014848, 0.05787996, 0.01357732], [0.02635618, -0.01445424, -0.04142368, -0.06282669, -0.00498954, 0.0150675], [0.00241788, 0.02023591, -0.00073199, 0.01093573, 0.01311454, -0.00168588], [-0.02174826, 0.00709946, 0.0182194, 0.02580129, 0.04499798, 0.00352886], [0.02393957, 0.03836824, 0.00797149, -0.00993907, -0.01131741, -0.03191106], [-0.00423292, 0.01975247, -0.01122785, 0.00699242, 0.04729581, 0.01546077], [-0.00996104, -0.01291803, -0.02405954, 0.02249994, -0.03283311, 0.03402058], [-0.04332767, 0.02289692, 0.0168353, 0.01106067, 0.03128637, 0.02649238], [0.01221236, -0.03933317, 0.00528526, -0.02838083, 0.01263803, -0.01749762], [0.01831627, 0.03708763, 0.01324541, -0.01194108, -0.01917993, -0.03156168], [-0.01859791, 0.00256862, 0.0142609, 0.03152916, 0.0396274, 0.00433701], [-0.0105404, 0.00855751, -0.01033586, 0.00738604, 0.05004304, 0.02087626], [-0.00950289, -0.01531567, -0.02051534, 0.02833422, -0.02893893, 0.03001823]], "number of molecular orbitals": 82, "number of electrons": 82, "number of unpaired electrons": 0, "orbital energies/eV": [-19.5315719, -18.85591064, -17.86763308, -17.54219973, -17.15673897, -16.99728575, -16.88548234, -16.79572968, -16.16101189, -16.04125515, -15.85086914, -15.62476166, -15.25217124, -15.16972744, -15.03028759, -14.64596445, -14.43415842, -14.14717772, -14.01162594, -13.86458264, -13.78378115, -13.60901544, -13.57726309, -13.38152041, -13.29166878, -13.16594285, -13.0623664, -12.94440502, -12.92360273, -12.62806668, -12.21262914, -12.17200767, -12.14070176, -12.0264054, -12.01207301, -11.74829758, -11.66454805, -11.57380106, -10.7783701, -10.60217715, -10.1394559, -6.02517405, -5.24996925, -3.76051031, -1.22328914, -0.24385858, 0.09712167, 1.02028595, 1.29090455, 2.19694895, 2.30463819, 2.38265076, 2.63158906, 2.83447958, 2.9298675, 3.25033185, 3.46624333, 3.78606722, 4.0163457, 4.07692788, 4.31606944, 4.38494449, 4.5535078, 4.82385403, 4.95924215, 5.10491986, 5.20296656, 5.2245437, 5.51385494, 5.83135849, 6.18481136, 6.39462508, 6.85972759, 6.91987043, 7.28410947, 7.35738867, 7.54780924, 7.76968955, 7.88802456, 9.33370286, 13.49487631, 16.02621333], "fractional occupation": [2.0, 2.0, 2.0, 2.0, 2.0, 2.0, 2.0, 2.0, 2.0, 2.0, 2.0, 2.0, 2.0, 2.0, 2.0, 2.0, 2.0, 2.0, 2.0, 2.0, 2.0, 2.0, 2.0, 2.0, 2.0, 2.0, 2.0, 2.0, 2.0, 2.0, 2.0, 2.0, 2.0, 2.0, 2.0, 2.0, 2.0, 2.0, 2.0, 2.0, 2.0, 0.0, 0.0, 0.0, 0.0, 0.0, 0.0, 0.0, 0.0, 0.0, 0.0, 0.0, 0.0, 0.0, 0.0, 0.0, 0.0, 0.0, 0.0, 0.0, 0.0, 0.0, 0.0, 0.0, 0.0, 0.0, 0.0, 0.0, 0.0, 0.0, 0.0, 0.0, 0.0, 0.0, 0.0, 0.0, 0.0, 0.0, 0.0, 0.0, 0.0, 0.0], "program call": "xtb /home/svss/Project-DBcg-Debug/aqme2_20220329/End-to-End-workflows-final/example-3/QDESCP/mol_271_rdkit_conf_9/mol_271_rdkit_conf_9.xyz --pop --wbo --acc 0.2 --gfn 2 --chrg 0 --uhf 0 --etemp 300 --input /home/svss/Project-DBcg-Debug/aqme2_20220329/End-to-End-workflows-final/example-3/QDESCP/mol_271_rdkit_conf_9/mol_271_rdkit_conf_9_xtb.inp", "method": "GFN2-xTB", "xtb version": "6.3.3 (7355c4f)", "Dipole module/D": 2.585, "Total charge": 0, "Transition dipole module/D": NaN, "HOMO": -10.1395, "LUMO": -6.0252, "HOMO occupancy": 2.0, "LUMO occupancy": 0, "mulliken charges": [-0.08686, 0.04125, -0.12868, 0.49797, -0.55847, -0.30156, 0.10372, -0.0927, 0.11428, -0.06171, -0.046, -0.04842, -0.04543, -0.05869, 0.04374, 0.0231, 0.03088, 0.04821, 0.02733, 0.0214, 0.04818, 0.05045, 0.03019, 0.02481, 0.03069, 0.02893, 0.03307, 0.02543, 0.03023, 0.02518, 0.02898, 0.03043, 0.02569, 0.02956, 0.03484], "cm5 charges": [-0.23396, -0.0512, -0.16282, 0.60548, -0.60787, -0.54616, 0.05339, -0.23734, 0.10362, -0.16393, -0.15544, -0.15793, -0.15505, -0.16267, 0.09793, 0.07485, 0.08179, 0.10748, 0.08321, 0.08698, 0.11733, 0.1058, 0.08146, 0.0787, 0.10394, 0.0871, 0.09076, 0.08083, 0.08446, 0.0805, 0.08321, 0.08465, 0.08106, 0.08811, 0.09175], "FUKUI+": [0.031, 0.021, -0.363, -0.043, -0.145, -0.059, 0.02, 0.014, 0.004, 0.004, 0.004, 0.009, 0.006, 0.004, -0.022, -0.036, -0.059, -0.06, -0.067, -0.042, -0.021, -0.005, -0.035, -0.021, 0.0, -0.02, 0.005, -0.006, -0.022, -0.014, -0.022, -0.023, -0.008, -0.019, -0.011], "FUKUI-": [0.014, 0.031, -0.281, 0.024, -0.07, -0.082, 0.014, 0.007, 0.003, -0.002, 0.005, 0.006, 0.004, 0.005, -0.015, -0.021, -0.044, -0.043, -0.041, -0.036, -0.042, -0.021, -0.041, -0.022, -0.024, -0.031, -0.022, -0.024, -0.058, -0.025, -0.034, -0.048, -0.023, -0.027, -0.037], "FUKUIrad": [0.023, 0.026, -0.322, -0.009, -0.107, -0.071, 0.017, 0.011, 0.004, 0.001, 0.004, 0.007, 0.005, 0.005, -0.019, -0.029, -0.051, -0.052, -0.054, -0.039, -0.031, -0.013, -0.038, -0.021, -0.012, -0.025, -0.008, -0.015, -0.04, -0.02, -0.028, -0.036, -0.015, -0.023, -0.024], "s proportion": [1.011, 1.032, 1.923, 0.999, 1.73, 1.454, 1.003, 1.011, 1.038, 1.036, 1.029, 1.029, 1.03, 1.036, 0.956, 0.977, 0.969, 0.952, 0.973, 0.979, 0.952, 0.95, 0.97, 0.975, 0.969, 0.971, 0.967, 0.975, 0.97, 0.975, 0.971, 0.97, 0.974, 0.97, 0.965], "p proportion": [3.076, 2.927, 4.204, 2.503, 4.828, 3.848, 2.894, 3.081, 2.848, 3.025, 3.017, 3.02, 3.016, 3.022, 0.0, 0.0, 0.0, 0.0, 0.0, 0.0, 0.0, 0.0, 0.0, 0.0, 0.0, 0.0, 0.0, 0.0, 0.0, 0.0, 0.0, 0.0, 0.0, 0.0, 0.0], "d proportion": [0.0, 0.0, 0.001, 0.0, 0.0, 0.0, 0.0, 0.0, 0.0, 0.0, 0.0, 0.0, 0.0, 0.0, 0.0, 0.0, 0.0, 0.0, 0.0, 0.0, 0.0, 0.0, 0.0, 0.0, 0.0, 0.0, 0.0, 0.0, 0.0, 0.0, 0.0, 0.0, 0.0, 0.0, 0.0], "Fermi-level/eV": -8.0823, "Coordination numbers": [3.782, 3.793, 2.032, 2.751, 0.88, 2.756, 3.743, 3.749, 3.785, 3.802, 3.802, 3.803, 3.802, 3.801, 0.924, 0.924, 0.924, 0.924, 0.924, 0.924, 0.924, 0.924, 0.924, 0.924, 0.924, 0.924, 0.924, 0.924, 0.924, 0.924, 0.924, 0.924, 0.924, 0.924, 0.924], "Dispersion coefficient C6": [22.37, 20.404, 148.968, 21.974, 22.499, 23.777, 20.394, 22.616, 19.977, 21.666, 21.585, 21.598, 21.579, 21.64, 2.321, 2.421, 2.453, 2.167, 2.336, 2.421, 2.244, 2.263, 2.429, 2.452, 2.186, 2.525, 2.49, 2.507, 2.532, 2.547, 2.558, 2.527, 2.525, 2.439, 2.497], "Total dispersion C6": 11057.679402, "Total dispersion C8": 265977.043075, "Polarizability alpha": [6.738, 6.433, 20.542, 7.676, 6.36, 7.242, 6.442, 6.783, 6.366, 6.627, 6.614, 6.616, 6.614, 6.623, 2.383, 2.434, 2.449, 2.302, 2.39, 2.433, 2.343, 2.352, 2.437, 2.449, 2.312, 2.485, 2.468, 2.476, 2.488, 2.496, 2.501, 2.486, 2.485, 2.442, 2.471], "Total polarizability alpha": 158.758585, "Wiberg matrix": [[0.0, 1.0254669933773561, 0.0, 0.0, 0.0, 0.0, 0.0, 0.0, 0.0, 0.0, 0.0, 0.0, 0.0, 0.0, 0.9856080261883252, 0.9870157124844741, 0.9796736366354745, 0.0, 0.0, 0.0, 0.0, 0.0, 0.0, 0.0, 0.0, 0.0, 0.0, 0.0, 0.0, 0.0, 0.0, 0.0, 0.0, 0.0, 0.0], [1.0254669933773561, 0.0, 0.9823383244616196, 0.0, 0.0, 0.0, 0.0, 0.0, 0.0, 0.0, 0.0, 0.0, 0.0, 0.0, 0.0, 0.0, 0.0, 0.9693624509964684, 0.9716846254678307, 0.0, 0.0, 0.0, 0.0, 0.0, 0.0, 0.0, 0.0, 0.0, 0.0, 0.0, 0.0, 0.0, 0.0, 0.0, 0.0], [0.0, 0.9823383244616196, 0.0, 1.0157786417546533, 0.1559556311765855, 0.0, 0.0, 0.0, 0.0, 0.0, 0.0, 0.0, 0.0, 0.0, 0.0, 0.0, 0.0, 0.0, 0.0, 0.0, 0.0, 0.0, 0.0, 0.0, 0.0, 0.0, 0.0, 0.0, 0.0, 0.0, 0.0, 0.0, 0.0, 0.0, 0.0], [0.0, 0.0, 1.0157786417546533, 0.0, 1.6642986747248913, 1.2094155832489233, 0.0, 0.0, 0.0, 0.0, 0.0, 0.0, 0.0, 0.0, 0.0, 0.0, 0.0, 0.0, 0.0, 0.0, 0.0, 0.0, 0.0, 0.0, 0.0, 0.0, 0.0, 0.0, 0.0, 0.0, 0.0, 0.0, 0.0, 0.0, 0.0], [0.0, 0.0, 0.1559556311765855, 1.6642986747248913, 0.0, 0.1710731905203331, 0.0, 0.0, 0.0, 0.0, 0.0, 0.0, 0.0, 0.0, 0.0, 0.0, 0.0, 0.0, 0.0, 0.0, 0.0, 0.0, 0.0, 0.0, 0.0, 0.0, 0.0, 0.0, 0.0, 0.0, 0.0, 0.0, 0.0, 0.0, 0.0], [0.0, 0.0, 0.0, 1.2094155832489233, 0.1710731905203331, 0.0, 0.9793379071436942, 0.0, 0.9672489383711153, 0.0, 0.0, 0.0, 0.0, 0.0, 0.0, 0.0, 0.0, 0.0, 0.0, 0.0, 0.0, 0.0, 0.0, 0.0, 0.0, 0.0, 0.0, 0.0, 0.0, 0.0, 0.0, 0.0, 0.0, 0.0, 0.0], [0.0, 0.0, 0.0, 0.0, 0.0, 0.9793379071436942, 0.0, 1.011727729980269, 0.0, 0.0, 0.0, 0.0, 0.0, 0.0, 0.0, 0.0, 0.0, 0.0, 0.0, 0.9675114959341966, 0.9680974039460118, 0.0, 0.0, 0.0, 0.0, 0.0, 0.0, 0.0, 0.0, 0.0, 0.0, 0.0, 0.0, 0.0, 0.0], [0.0, 0.0, 0.0, 0.0, 0.0, 0.0, 1.011727729980269, 0.0, 0.0, 0.0, 0.0, 0.0, 0.0, 0.0, 0.0, 0.0, 0.0, 0.0, 0.0, 0.0, 0.0, 0.985300385476207, 0.9841072935831142, 0.9849689087488507, 0.0, 0.0, 0.0, 0.0, 0.0, 0.0, 0.0, 0.0, 0.0, 0.0, 0.0], [0.0, 0.0, 0.0, 0.0, 0.0, 0.9672489383711153, 0.0, 0.0, 0.0, 0.9864700066310241, 0.0, 0.0, 0.0, 0.990769658628295, 0.0, 0.0, 0.0, 0.0, 0.0, 0.0, 0.0, 0.0, 0.0, 0.0, 0.9534784199016253, 0.0, 0.0, 0.0, 0.0, 0.0, 0.0, 0.0, 0.0, 0.0, 0.0], [0.0, 0.0, 0.0, 0.0, 0.0, 0.0, 0.0, 0.0, 0.9864700066310241, 0.0, 1.0060871884403098, 0.0, 0.0, 0.0, 0.0, 0.0, 0.0, 0.0, 0.0, 0.0, 0.0, 0.0, 0.0, 0.0, 0.0, 0.9746348138141216, 0.9759721281984998, 0.0, 0.0, 0.0, 0.0, 0.0, 0.0, 0.0, 0.0], [0.0, 0.0, 0.0, 0.0, 0.0, 0.0, 0.0, 0.0, 0.0, 1.0060871884403098, 0.0, 1.00924252662968, 0.0, 0.0, 0.0, 0.0, 0.0, 0.0, 0.0, 0.0, 0.0, 0.0, 0.0, 0.0, 0.0, 0.0, 0.0, 0.9773939831732655, 0.9764368755559693, 0.0, 0.0, 0.0, 0.0, 0.0, 0.0], [0.0, 0.0, 0.0, 0.0, 0.0, 0.0, 0.0, 0.0, 0.0, 0.0, 1.00924252662968, 0.0, 1.0092591298899376, 0.0, 0.0, 0.0, 0.0, 0.0, 0.0, 0.0, 0.0, 0.0, 0.0, 0.0, 0.0, 0.0, 0.0, 0.0, 0.0, 0.9775584210242911, 0.9768279036420184, 0.0, 0.0, 0.0, 0.0], [0.0, 0.0, 0.0, 0.0, 0.0, 0.0, 0.0, 0.0, 0.0, 0.0, 0.0, 1.0092591298899376, 0.0, 1.0054302372322168, 0.0, 0.0, 0.0, 0.0, 0.0, 0.0, 0.0, 0.0, 0.0, 0.0, 0.0, 0.0, 0.0, 0.0, 0.0, 0.0, 0.0, 0.9764636926559219, 0.9774788385085803, 0.0, 0.0], [0.0, 0.0, 0.0, 0.0, 0.0, 0.0, 0.0, 0.0, 0.990769658628295, 0.0, 0.0, 0.0, 1.0054302372322168, 0.0, 0.0, 0.0, 0.0, 0.0, 0.0, 0.0, 0.0, 0.0, 0.0, 0.0, 0.0, 0.0, 0.0, 0.0, 0.0, 0.0, 0.0, 0.0, 0.0, 0.9725760194531342, 0.9752109728884729], [0.9856080261883252, 0.0, 0.0, 0.0, 0.0, 0.0, 0.0, 0.0, 0.0, 0.0, 0.0, 0.0, 0.0, 0.0, 0.0, 0.0, 0.0, 0.0, 0.0, 0.0, 0.0, 0.0, 0.0, 0.0, 0.0, 0.0, 0.0, 0.0, 0.0, 0.0, 0.0, 0.0, 0.0, 0.0, 0.0], [0.9870157124844741, 0.0, 0.0, 0.0, 0.0, 0.0, 0.0, 0.0, 0.0, 0.0, 0.0, 0.0, 0.0, 0.0, 0.0, 0.0, 0.0, 0.0, 0.0, 0.0, 0.0, 0.0, 0.0, 0.0, 0.0, 0.0, 0.0, 0.0, 0.0, 0.0, 0.0, 0.0, 0.0, 0.0, 0.0], [0.9796736366354745, 0.0, 0.0, 0.0, 0.0, 0.0, 0.0, 0.0, 0.0, 0.0, 0.0, 0.0, 0.0, 0.0, 0.0, 0.0, 0.0, 0.0, 0.0, 0.0, 0.0, 0.0, 0.0, 0.0, 0.0, 0.0, 0.0, 0.0, 0.0, 0.0, 0.0, 0.0, 0.0, 0.0, 0.0], [0.0, 0.9693624509964684, 0.0, 0.0, 0.0, 0.0, 0.0, 0.0, 0.0, 0.0, 0.0, 0.0, 0.0, 0.0, 0.0, 0.0, 0.0, 0.0, 0.0, 0.0, 0.0, 0.0, 0.0, 0.0, 0.0, 0.0, 0.0, 0.0, 0.0, 0.0, 0.0, 0.0, 0.0, 0.0, 0.0], [0.0, 0.9716846254678307, 0.0, 0.0, 0.0, 0.0, 0.0, 0.0, 0.0, 0.0, 0.0, 0.0, 0.0, 0.0, 0.0, 0.0, 0.0, 0.0, 0.0, 0.0, 0.0, 0.0, 0.0, 0.0, 0.0, 0.0, 0.0, 0.0, 0.0, 0.0, 0.0, 0.0, 0.0, 0.0, 0.0], [0.0, 0.0, 0.0, 0.0, 0.0, 0.0, 0.9675114959341966, 0.0, 0.0, 0.0, 0.0, 0.0, 0.0, 0.0, 0.0, 0.0, 0.0, 0.0, 0.0, 0.0, 0.0, 0.0, 0.0, 0.0, 0.0, 0.0, 0.0, 0.0, 0.0, 0.0, 0.0, 0.0, 0.0, 0.0, 0.0], [0.0, 0.0, 0.0, 0.0, 0.0, 0.0, 0.9680974039460118, 0.0, 0.0, 0.0, 0.0, 0.0, 0.0, 0.0, 0.0, 0.0, 0.0, 0.0, 0.0, 0.0, 0.0, 0.0, 0.0, 0.0, 0.0, 0.0, 0.0, 0.0, 0.0, 0.0, 0.0, 0.0, 0.0, 0.0, 0.0], [0.0, 0.0, 0.0, 0.0, 0.0, 0.0, 0.0, 0.985300385476207, 0.0, 0.0, 0.0, 0.0, 0.0, 0.0, 0.0, 0.0, 0.0, 0.0, 0.0, 0.0, 0.0, 0.0, 0.0, 0.0, 0.0, 0.0, 0.0, 0.0, 0.0, 0.0, 0.0, 0.0, 0.0, 0.0, 0.0], [0.0, 0.0, 0.0, 0.0, 0.0, 0.0, 0.0, 0.9841072935831142, 0.0, 0.0, 0.0, 0.0, 0.0, 0.0, 0.0, 0.0, 0.0, 0.0, 0.0, 0.0, 0.0, 0.0, 0.0, 0.0, 0.0, 0.0, 0.0, 0.0, 0.0, 0.0, 0.0, 0.0, 0.0, 0.0, 0.0], [0.0, 0.0, 0.0, 0.0, 0.0, 0.0, 0.0, 0.9849689087488507, 0.0, 0.0, 0.0, 0.0, 0.0, 0.0, 0.0, 0.0, 0.0, 0.0, 0.0, 0.0, 0.0, 0.0, 0.0, 0.0, 0.0, 0.0, 0.0, 0.0, 0.0, 0.0, 0.0, 0.0, 0.0, 0.0, 0.0], [0.0, 0.0, 0.0, 0.0, 0.0, 0.0, 0.0, 0.0, 0.9534784199016253, 0.0, 0.0, 0.0, 0.0, 0.0, 0.0, 0.0, 0.0, 0.0, 0.0, 0.0, 0.0, 0.0, 0.0, 0.0, 0.0, 0.0, 0.0, 0.0, 0.0, 0.0, 0.0, 0.0, 0.0, 0.0, 0.0], [0.0, 0.0, 0.0, 0.0, 0.0, 0.0, 0.0, 0.0, 0.0, 0.9746348138141216, 0.0, 0.0, 0.0, 0.0, 0.0, 0.0, 0.0, 0.0, 0.0, 0.0, 0.0, 0.0, 0.0, 0.0, 0.0, 0.0, 0.0, 0.0, 0.0, 0.0, 0.0, 0.0, 0.0, 0.0, 0.0], [0.0, 0.0, 0.0, 0.0, 0.0, 0.0, 0.0, 0.0, 0.0, 0.9759721281984998, 0.0, 0.0, 0.0, 0.0, 0.0, 0.0, 0.0, 0.0, 0.0, 0.0, 0.0, 0.0, 0.0, 0.0, 0.0, 0.0, 0.0, 0.0, 0.0, 0.0, 0.0, 0.0, 0.0, 0.0, 0.0], [0.0, 0.0, 0.0, 0.0, 0.0, 0.0, 0.0, 0.0, 0.0, 0.0, 0.9773939831732655, 0.0, 0.0, 0.0, 0.0, 0.0, 0.0, 0.0, 0.0, 0.0, 0.0, 0.0, 0.0, 0.0, 0.0, 0.0, 0.0, 0.0, 0.0, 0.0, 0.0, 0.0, 0.0, 0.0, 0.0], [0.0, 0.0, 0.0, 0.0, 0.0, 0.0, 0.0, 0.0, 0.0, 0.0, 0.9764368755559693, 0.0, 0.0, 0.0, 0.0, 0.0, 0.0, 0.0, 0.0, 0.0, 0.0, 0.0, 0.0, 0.0, 0.0, 0.0, 0.0, 0.0, 0.0, 0.0, 0.0, 0.0, 0.0, 0.0, 0.0], [0.0, 0.0, 0.0, 0.0, 0.0, 0.0, 0.0, 0.0, 0.0, 0.0, 0.0, 0.9775584210242911, 0.0, 0.0, 0.0, 0.0, 0.0, 0.0, 0.0, 0.0, 0.0, 0.0, 0.0, 0.0, 0.0, 0.0, 0.0, 0.0, 0.0, 0.0, 0.0, 0.0, 0.0, 0.0, 0.0], [0.0, 0.0, 0.0, 0.0, 0.0, 0.0, 0.0, 0.0, 0.0, 0.0, 0.0, 0.9768279036420184, 0.0, 0.0, 0.0, 0.0, 0.0, 0.0, 0.0, 0.0, 0.0, 0.0, 0.0, 0.0, 0.0, 0.0, 0.0, 0.0, 0.0, 0.0, 0.0, 0.0, 0.0, 0.0, 0.0], [0.0, 0.0, 0.0, 0.0, 0.0, 0.0, 0.0, 0.0, 0.0, 0.0, 0.0, 0.0, 0.9764636926559219, 0.0, 0.0, 0.0, 0.0, 0.0, 0.0, 0.0, 0.0, 0.0, 0.0, 0.0, 0.0, 0.0, 0.0, 0.0, 0.0, 0.0, 0.0, 0.0, 0.0, 0.0, 0.0], [0.0, 0.0, 0.0, 0.0, 0.0, 0.0, 0.0, 0.0, 0.0, 0.0, 0.0, 0.0, 0.9774788385085803, 0.0, 0.0, 0.0, 0.0, 0.0, 0.0, 0.0, 0.0, 0.0, 0.0, 0.0, 0.0, 0.0, 0.0, 0.0, 0.0, 0.0, 0.0, 0.0, 0.0, 0.0, 0.0], [0.0, 0.0, 0.0, 0.0, 0.0, 0.0, 0.0, 0.0, 0.0, 0.0, 0.0, 0.0, 0.0, 0.9725760194531342, 0.0, 0.0, 0.0, 0.0, 0.0, 0.0, 0.0, 0.0, 0.0, 0.0, 0.0, 0.0, 0.0, 0.0, 0.0, 0.0, 0.0, 0.0, 0.0, 0.0, 0.0], [0.0, 0.0, 0.0, 0.0, 0.0, 0.0, 0.0, 0.0, 0.0, 0.0, 0.0, 0.0, 0.0, 0.9752109728884729, 0.0, 0.0, 0.0, 0.0, 0.0, 0.0, 0.0, 0.0, 0.0, 0.0, 0.0, 0.0, 0.0, 0.0, 0.0, 0.0, 0.0, 0.0, 0.0, 0.0, 0.0]], "Born radii": [], "Atomic SASAs": [], "Solvent H bonds": [], "Total SASA": NaN, "Total FOD": 0.0, "FOD": [0.0, 0.0, 0.0, 0.0, 0.0, 0.0, 0.0, 0.0, 0.0, 0.0, 0.0, 0.0, 0.0, 0.0, 0.0, 0.0, 0.0, 0.0, 0.0, 0.0, 0.0, 0.0, 0.0, 0.0, 0.0, 0.0, 0.0, 0.0, 0.0, 0.0, 0.0, 0.0, 0.0, 0.0, 0.0], "FOD s proportion": [0.0, 0.0, 0.0, 0.0, 0.0, 0.0, 0.0, 0.0, 0.0, 0.0, 0.0, 0.0, 0.0, 0.0, 0.0, 0.0, 0.0, 0.0, 0.0, 0.0, 0.0, 0.0, 0.0, 0.0, 0.0, 0.0, 0.0, 0.0, 0.0, 0.0, 0.0, 0.0, 0.0, 0.0, 0.0], "FOD p proportion": [0.0, 0.0, 0.0, 0.0, 0.0, 0.0, 0.0, 0.0, 0.0, 0.0, 0.0, 0.0, 0.0, 0.0, 0.0, 0.0, 0.0, 0.0, 0.0, 0.0, 0.0, 0.0, 0.0, 0.0, 0.0, 0.0, 0.0, 0.0, 0.0, 0.0, 0.0, 0.0, 0.0, 0.0, 0.0], "FOD d proportion": [0.0, 0.0, 0.0, 0.0, 0.0, 0.0, 0.0, 0.0, 0.0, 0.0, 0.0, 0.0, 0.0, 0.0, 0.0, 0.0, 0.0, 0.0, 0.0, 0.0, 0.0, 0.0, 0.0, 0.0, 0.0, 0.0, 0.0, 0.0, 0.0, 0.0, 0.0, 0.0, 0.0, 0.0, 0.0], "coordinates": [["3.92040", "2.10600", "-0.90310"], ["3.76170", "1.64980", "0.53730"], ["2.02950", "1.28050", "0.93360"], ["1.83720", "-0.27470", "0.13310"], ["2.82600", "-0.89190", "-0.25050"], ["0.53060", "-0.75320", "-0.03300"], ["0.40160", "-1.98390", "-0.81990"], ["0.59440", "-3.23440", "0.02540"], ["-0.70370", "-0.02500", "0.35320"], ["-1.23410", "0.81180", "-0.82410"], ["-2.47920", "1.60590", "-0.43480"], ["-3.56560", "0.70670", "0.14740"], ["-3.04450", "-0.12040", "1.31890"], ["-1.80890", "-0.93040", "0.92790"], ["3.63270", "1.32620", "-1.61520"], ["3.32190", "3.00030", "-1.10790"], ["4.96790", "2.35900", "-1.09830"], ["4.40120", "0.78740", "0.74970"], ["4.08510", "2.45670", "1.20320"], ["-0.56950", "-2.00630", "-1.32350"], ["1.15360", "-1.97750", "-1.61840"], ["1.58200", "-3.24760", "0.49730"], ["0.50430", "-4.12920", "-0.59820"], ["-0.15310", "-3.29910", "0.82120"], ["-0.45520", "0.67040", "1.16040"], ["-1.47500", "0.15910", "-1.67240"], ["-0.46020", "1.50330", "-1.17780"], ["-2.20650", "2.37180", "0.30170"], ["-2.86880", "2.13300", "-1.31300"], ["-3.94090", "0.03520", "-0.63480"], ["-4.41290", "1.31860", "0.47650"], ["-3.83140", "-0.79680", "1.67130"], ["-2.79680", "0.54450", "2.15540"], ["-2.11260", "-1.69340", "0.20250"], ["-1.43130", "-1.46250", "1.80890"]], "bond_dist": [[0.0, 1.5192288471458142, 2.7623214783945764, 3.328838411518348, 3.2574533810938875, 4.519163937057384, 5.395938999840529, 6.359580207057696, 5.2442112371642695, 5.315079010701534, 6.436170061457356, 7.687768645062103, 7.6422492088389795, 6.737741791579728, 1.0945070762676685, 1.0954075862435866, 1.0951567422063386, 2.1683224944643267, 2.1416386880143907, 6.103027892775846, 4.984155753986827, 6.007517597144432, 7.116208418814053, 6.984391079399836, 5.0462713928206435, 5.787277707178048, 4.430390924060765, 6.249887702191136, 6.801616252774041, 8.13389422232672, 8.483347441311125, 8.668574648695134, 7.544102354819956, 7.214906840701409, 6.980675407150801], [1.5192288471458142, 0.0, 1.8149250728335864, 2.7515047047025014, 2.8207095242154945, 4.066897871842862, 5.131865113192278, 5.84373515313622, 4.7726978754159575, 5.245347614791607, 6.316307341318976, 7.398025744075239, 7.0759356300068195, 6.151551410823126, 2.1805077871908645, 2.173466661810114, 2.1524568381270743, 1.094444046080018, 1.09503332369385, 5.965646426834229, 4.960497292610893, 5.36071066650682, 6.730293902200706, 6.316476031775946, 4.373753945982787, 5.876052030913273, 4.559327787075634, 6.016327999702143, 6.900769709242585, 7.956808300443086, 8.181532572812994, 8.057727667897446, 6.844987797651651, 6.767309492700921, 6.186325795656093], [2.7623214783945764, 1.8149250728335864, 0.0, 1.7596666104691536, 2.5991973414883294, 2.7049865914639946, 4.047360623912824, 4.823760074879346, 3.0840844103234266, 3.7363449974540632, 4.723005336647419, 5.679128532618363, 5.277921266938339, 4.429607867520555, 3.0114315814907697, 2.965759944769637, 3.731752191665465, 2.4293883407145924, 2.3836153129227875, 4.759449091018833, 4.230185434469747, 4.571028719008447, 5.825590130621961, 5.0743583515553965, 2.568539339780491, 4.508912752538022, 3.2720415477190996, 4.419720500212656, 5.455942695813437, 6.2973269575272965, 6.458708058118123, 6.261750984349345, 5.032659627870734, 5.151269826945585, 4.501925780152312], [3.328838411518348, 2.7515047047025014, 1.7596666104691536, 0.0, 1.2271145993752988, 1.4013404368675015, 2.427039554683854, 3.2118491901084023, 2.562609394738105, 3.395526141851952, 4.742412437778899, 5.4912292148479835, 5.026024773118413, 3.788890964385225, 2.9737609100262246, 3.80395058984735, 4.272470496094736, 2.842947057192589, 3.6957697953200492, 3.303381148157142, 2.536649177556881, 3.005977892466942, 4.143500012067093, 3.685345446494806, 2.6839629393864586, 3.797193902080851, 3.1871287344567683, 4.835690012810995, 5.480388717965177, 5.837135258840591, 6.459123660373751, 5.896751106329654, 5.121986131375212, 4.197433274037837, 3.86034541589221], [3.2574533810938875, 2.8207095242154945, 2.5991973414883294, 1.2271145993752988, 0.0, 2.3098495838473982, 2.719263819492327, 3.2470703133748122, 3.684392947284532, 4.440272813690619, 5.8666956943410655, 6.600484598118535, 6.125438666740529, 4.782510514363769, 2.7263782918003145, 4.016251039215552, 3.9843256970282943, 2.5103194159309687, 3.861566840027504, 3.7313049473341096, 2.417974261649615, 2.7669592208776765, 3.9989120357917347, 3.9772087624362893, 3.8984219294478635, 4.650268982542838, 4.170848687018027, 6.023513823342652, 6.535263827880248, 6.8409163501683015, 7.603717016038932, 6.929887012787438, 6.282314828946413, 5.023682037111824, 4.76354028113545], [4.519163937057384, 4.066897871842862, 2.7049865914639946, 1.4013404368675015, 2.3098495838473982, 0.0, 1.4664498286678613, 2.4827070789764947, 1.4842244338374166, 2.4878163718409767, 3.845216780624989, 4.352321979127923, 3.874197911826395, 2.535347885399556, 4.055895167530838, 4.799534138851395, 5.523611519649079, 4.2388220073506275, 4.946323756083906, 2.1085231490310936, 2.0977446579600674, 2.7583856528774215, 3.423086141188971, 2.771048563269868, 2.1030078839604953, 2.746334832098956, 2.7173597351105356, 4.1676570756241444, 4.639447251559177, 4.580180132920538, 5.38424904141701, 4.683330380188868, 4.1886406637476075, 2.8153050509669466, 2.782939760397267], [5.395938999840529, 5.131865113192278, 4.047360623912824, 2.427039554683854, 2.719263819492327, 1.4664498286678613, 0.0, 1.52166165095924, 2.5367579525843613, 3.239053969911585, 4.618871581890971, 4.890160885901404, 4.463485510226286, 3.0084842263172993, 4.6935350547322, 5.783886732120538, 6.307882581342174, 5.112782804892068, 6.113921345585008, 1.0941434686548195, 1.0968806726349043, 2.1737749860553643, 2.1591688840848, 2.1750062850483904, 3.420672860710302, 2.973353798322695, 3.609896880798675, 5.199259049133828, 5.280864453856016, 4.792528880455495, 5.980515818890541, 5.053075583246306, 5.0472744337909745, 2.729632511896061, 3.2468399729583224], [6.359580207057696, 5.84373515313622, 4.823760074879346, 3.2118491901084023, 3.2470703133748122, 2.4827070789764947, 1.52166165095924, 0.0, 3.4774652852329093, 4.520707570723857, 5.7521565599347175, 5.731732129993516, 4.961021211403959, 3.4494598330753177, 5.720306601048583, 6.898920874310707, 7.1886248684988425, 5.584909307231407, 6.779440872225378, 2.16389094688249, 2.143497303473928, 1.0946312666829867, 1.094377453166868, 1.0937275620555607, 4.1996842976585755, 4.322127190400579, 5.000567236824239, 6.273026457779371, 6.526411844191262, 5.629839632707134, 6.782798353187274, 5.313999078848245, 5.506107758662194, 3.1199189749094445, 3.2286161664093798], [5.2442112371642695, 4.7726978754159575, 3.0840844103234266, 2.562609394738105, 3.684392947284532, 1.4842244338374166, 2.5367579525843613, 3.4774652852329093, 0.0, 1.5386987002009198, 2.5363712386005326, 2.961116367183161, 2.5339736166740177, 1.5399663275539501, 4.950222718221878, 5.2433489927717, 6.321183022979164, 5.184323487206408, 5.460214311728067, 2.5990156251935077, 3.339015738207893, 3.9535224876051993, 4.382794040335457, 3.352896534341613, 1.0940316494507827, 2.175282018497832, 2.176913902753161, 2.829436397942177, 3.4815003159557514, 3.385148723468439, 3.946977133199532, 3.4807427569413973, 2.8201635945455363, 2.1888965850400517, 2.1713752554544783], [5.315079010701534, 5.245347614791607, 3.7363449974540632, 3.395526141851952, 4.440272813690619, 2.4878163718409767, 3.239053969911585, 4.520707570723857, 1.5386987002009198, 0.0, 1.5272273275449209, 2.527993376178031, 2.956178952634634, 2.5367616916060522, 4.957437726285626, 5.062332534514105, 6.3979541636369985, 5.85098691589718, 5.925329521638438, 2.9381594800146567, 3.7566232536681126, 5.114219933675125, 5.24276133063484, 4.557967957324843, 2.1365672046532964, 1.097115759617006, 1.0964475135636909, 2.155594442375467, 2.157970514163713, 2.822358639507035, 3.4717684312177273, 3.944690407370393, 3.375040863456323, 2.8463479846989896, 3.4848267288345913], [6.436170061457356, 6.316307341318976, 4.723005336647419, 4.742412437778899, 5.8666956943410655, 3.845216780624989, 4.618871581890971, 5.7521565599347175, 2.5363712386005326, 1.5272273275449209, 0.0, 1.5257071934024562, 2.5249038536150246, 2.9561919880143104, 6.2311233224836755, 6.004179892374978, 7.514432132237273, 7.029430038061407, 6.818866410921979, 4.181474694411052, 5.2382153793062, 6.396766222084406, 6.4667877512718785, 5.572010607491698, 2.741605239636079, 2.1525105435281846, 2.1538191103247275, 1.096996057422268, 1.0958365799698417, 2.1549165598695463, 2.1568970003224535, 3.4694479877928712, 2.817192886545045, 3.38022593031886, 3.9430144128572495], [7.687768645062103, 7.398025744075239, 5.679128532618363, 5.4912292148479835, 6.600484598118535, 4.352321979127923, 4.890160885901404, 5.731732129993516, 2.961116367183161, 2.527993376178031, 1.5257071934024562, 0.0, 1.5257954876063828, 2.5249300089309403, 7.436804548998178, 7.367091373126845, 8.780802129076818, 7.989942429079198, 7.9189913581213105, 4.301224362899475, 5.7091004475311165, 6.500515691850916, 6.364427246814908, 5.305242344134714, 3.2714025814625747, 2.8252692190302855, 3.4690396019647856, 2.1548826673394537, 2.156995616592672, 1.0970866784352091, 1.0957398003175751, 2.157181749412877, 2.1562528330416173, 2.806194045321884, 3.4671670539505306], [7.6422492088389795, 7.0759356300068195, 5.277921266938339, 5.026024773118413, 6.125438666740529, 3.874197911826395, 4.463485510226286, 4.961021211403959, 2.5339736166740177, 2.956178952634634, 2.5249038536150246, 1.5257954876063828, 0.0, 1.528295900668454, 7.435495559140628, 7.493942599860237, 8.728621538364463, 7.522402406811271, 7.581954039691879, 4.082220176570587, 5.449825254996714, 5.644369641510024, 5.686803257542852, 4.325740738879296, 2.712003204275393, 3.389590858791072, 3.9431610504771424, 2.819219870815329, 3.4692332957009393, 2.1551538251363866, 2.157052924710008, 1.095862368183158, 1.0968954143399452, 2.1422221103331, 2.15493541666566], [6.737741791579728, 6.151551410823126, 4.429607867520555, 3.788890964385225, 4.782510514363769, 2.535347885399556, 3.0084842263172993, 3.4494598330753177, 1.5399663275539501, 2.5367616916060522, 2.9561919880143104, 2.5249300089309403, 1.528295900668454, 0.0, 6.416432944401429, 6.776429204972188, 7.800683113676647, 6.4457686965946905, 6.803489729543214, 2.7861218799614633, 4.044313087534149, 4.129532057025348, 4.232280341612545, 2.8920232053010917, 2.109293858143052, 2.8390244010927415, 3.489392478641518, 3.384484752514037, 3.9407410952763695, 2.8142207891350672, 3.470241916639242, 2.158934637732231, 2.1582475923767412, 1.0957225241821034, 1.0962997628386133], [1.0945070762676685, 2.1805077871908645, 3.0114315814907697, 2.9737609100262246, 2.7263782918003145, 4.055895167530838, 4.6935350547322, 5.720306601048583, 4.950222718221878, 4.957437726285626, 6.2311233224836755, 7.436804548998178, 7.435495559140628, 6.416432944401429, 0.0, 1.7766712526519925, 1.7653952786840688, 2.5443367898138014, 3.0701912920858856, 5.371138611132652, 4.130421375598378, 5.439455228237475, 6.370444624984978, 6.454589583389481, 4.984471427343124, 5.239655860836663, 4.120013783957525, 6.234103111915939, 6.558334646082037, 7.745145713283901, 8.313058763776423, 8.427395805348175, 7.494461254820123, 6.740214354158183, 6.719033003342074], [1.0954075862435866, 2.173466661810114, 2.965759944769637, 3.80395058984735, 4.016251039215552, 4.799534138851395, 5.783886732120538, 6.898920874310707, 5.2433489927717, 5.062332534514105, 6.004179892374978, 7.367091373126845, 7.493942599860237, 6.776429204972188, 1.7766712526519925, 0.0, 1.7665429091873204, 3.0842329127353536, 2.4938240535370575, 6.344723861603436, 5.453496857980208, 6.68133021635662, 7.682996427176053, 7.448455690275669, 4.983984681958804, 5.603688722618343, 4.068190681371757, 5.73979015034522, 6.254521707532879, 7.859001556177477, 8.072519389261322, 8.562220619675717, 7.356532486164933, 7.299435464472578, 7.1426337103340245], [1.0951567422063386, 2.1524568381270743, 3.731752191665465, 4.272470496094736, 3.9843256970282943, 5.523611519649079, 6.307882581342174, 7.1886248684988425, 6.321183022979164, 6.3979541636369985, 7.514432132237273, 8.780802129076818, 8.728621538364463, 7.800683113676647, 1.7653952786840688, 1.7665429091873204, 0.0, 2.491220473984589, 2.4669380575928535, 7.054740100811652, 5.7986740510223544, 6.741232953251208, 7.891170015276569, 7.869130629237261, 6.112537055920398, 6.832284481050244, 5.4957085393969, 7.30973181450592, 7.842897358757158, 9.218546313275212, 9.568794900090607, 9.749740421672776, 8.612173943320002, 8.261204915144038, 8.000339663414298], [2.1683224944643267, 1.094444046080018, 2.4293883407145924, 2.842947057192589, 2.5103194159309687, 4.2388220073506275, 5.112782804892068, 5.584909307231407, 5.184323487206408, 5.85098691589718, 7.029430038061407, 7.989942429079198, 7.522402406811271, 6.4457686965946905, 2.5443367898138014, 3.0842329127353536, 2.491220473984589, 0.0, 1.7584493026527666, 6.067188510339859, 4.878470598456037, 4.928774634734277, 6.416823168827391, 6.119333541326212, 4.875139428775345, 6.386787591583112, 5.278350028181156, 6.8097523192844545, 7.675823776637919, 8.489598194261022, 8.834317771622208, 8.434141269862629, 7.337996790677958, 6.9916655326181045, 6.340505571324735], [2.1416386880143907, 1.09503332369385, 2.3836153129227875, 3.6957697953200492, 3.861566840027504, 4.946323756083906, 6.113921345585008, 6.779440872225378, 5.460214311728067, 5.925329521638438, 6.818866410921979, 7.9189913581213105, 7.581954039691879, 6.803489729543214, 3.0701912920858856, 2.4938240535370575, 2.4669380575928535, 1.7584493026527666, 0.0, 6.925885001211037, 6.01807680658863, 6.269197947903702, 7.709815134618989, 7.158037222591121, 4.8792441648271705, 6.668039676696593, 5.218992685375215, 6.356425160418394, 7.402213813447974, 8.58245782104404, 8.604613210365704, 8.571776485070057, 7.205813020749289, 7.525703674075933, 6.793943633119133], [6.103027892775846, 5.965646426834229, 4.759449091018833, 3.303381148157142, 3.7313049473341096, 2.1085231490310936, 1.0941434686548195, 2.16389094688249, 2.5990156251935077, 2.9381594800146567, 4.181474694411052, 4.301224362899475, 4.082220176570587, 2.7861218799614633, 5.371138611132652, 6.344723861603436, 7.054740100811652, 6.067188510339859, 6.925885001211037, 0.0, 1.748390419786153, 3.0797874244824106, 2.487129055758868, 2.5385938804779307, 3.653429428632774, 2.3728924585829847, 3.5143231410899025, 4.948616336916815, 4.735049654438694, 4.00104585077452, 5.391352666075555, 4.590393109527766, 4.854914122824419, 2.19265592832072, 3.2939865573496196], [4.984155753986827, 4.960497292610893, 4.230185434469747, 2.536649177556881, 2.417974261649615, 2.0977446579600674, 1.0968806726349043, 2.143497303473928, 3.339015738207893, 3.7566232536681126, 5.2382153793062, 5.7091004475311165, 5.449825254996714, 4.044313087534149, 4.130421375598378, 5.453496857980208, 5.7986740510223544, 4.878470598456037, 6.01807680658863, 1.748390419786153, 0.0, 2.5045692364157155, 2.4682405514860175, 3.0668778276938258, 4.16189155192684, 3.387847918664591, 3.861922764634218, 5.8218095563149435, 5.759269152418559, 5.565281708952387, 6.799912019283778, 6.088218424136899, 6.017284321020572, 3.7502602656349064, 4.323577026028333], [6.007517597144432, 5.36071066650682, 4.571028719008447, 3.005977892466942, 2.7669592208776765, 2.7583856528774215, 2.1737749860553643, 1.0946312666829867, 3.9535224876051993, 5.114219933675125, 6.396766222084406, 6.500515691850916, 5.644369641510024, 4.129532057025348, 5.439455228237475, 6.68133021635662, 6.741232953251208, 4.928774634734277, 6.269197947903702, 3.0797874244824106, 2.5045692364157155, 0.0, 1.7716591376447108, 1.7658243032646255, 4.465490952851657, 5.065417256258363, 5.435769647437242, 6.780018286848494, 7.213713543661129, 6.523867768433079, 7.535876929064062, 6.057193756187762, 6.0252143082217415, 4.019019014635288, 3.7399001938554455], [7.116208418814053, 6.730293902200706, 5.825590130621961, 4.143500012067093, 3.9989120357917347, 3.423086141188971, 2.1591688840848, 1.094377453166868, 4.382794040335457, 5.24276133063484, 6.4667877512718785, 6.364427246814908, 5.686803257542852, 4.232280341612545, 6.370444624984978, 7.682996427176053, 7.891170015276569, 6.416823168827391, 7.709815134618989, 2.487129055758868, 2.4682405514860175, 1.7716591376447108, 0.0, 1.7708577384984936, 5.200910917329771, 4.843660910922646, 5.743801237856338, 7.100792747996522, 7.148698587155566, 6.091253562280919, 7.417031803221555, 5.92062619154427, 6.350042980956901, 3.663660429133683, 4.080682131702983], [6.984391079399836, 6.316476031775946, 5.0743583515553965, 3.685345446494806, 3.9772087624362893, 2.771048563269868, 2.1750062850483904, 1.0937275620555607, 3.352896534341613, 4.557967957324843, 5.572010607491698, 5.305242344134714, 4.325740738879296, 2.8920232053010917, 6.454589583389481, 7.448455690275669, 7.869130629237261, 6.119333541326212, 7.158037222591121, 2.5385938804779307, 3.0668778276938258, 1.7658243032646255, 1.7708577384984936, 0.0, 3.995403771835833, 4.463698893294664, 5.210888328298736, 6.053547606156244, 6.437200209718508, 5.252134930673431, 6.291889018410925, 4.529245653527749, 4.852061447467458, 2.6078156434073327, 2.4459039412863297], [5.0462713928206435, 4.373753945982787, 2.568539339780491, 2.6839629393864586, 3.8984219294478635, 2.1030078839604953, 3.420672860710302, 4.1996842976585755, 1.0940316494507827, 2.1365672046532964, 2.741605239636079, 3.2714025814625747, 2.712003204275393, 2.109293858143052, 4.984471427343124, 4.983984681958804, 6.112537055920398, 4.875139428775345, 4.8792441648271705, 3.653429428632774, 4.16189155192684, 4.465490952851657, 5.200910917329771, 3.995403771835833, 0.0, 3.053878774607794, 2.4821214011405646, 2.5882772919453587, 3.752648568677861, 3.971942417759855, 4.068325422087077, 3.716506570692429, 2.5473449648604722, 3.0417260905610815, 2.4336363471151556], [5.787277707178048, 5.876052030913273, 4.508912752538022, 3.797193902080851, 4.650268982542838, 2.746334832098956, 2.973353798322695, 4.322127190400579, 2.175282018497832, 1.097115759617006, 2.1525105435281846, 2.8252692190302855, 3.389590858791072, 2.8390244010927415, 5.239655860836663, 5.603688722618343, 6.832284481050244, 6.386787591583112, 6.668039676696593, 2.3728924585829847, 3.387847918664591, 5.065417256258363, 4.843660910922646, 4.463698893294664, 3.053878774607794, 0.0, 1.7553694312024466, 3.0542109210072574, 2.442975237287517, 2.678176204061264, 3.82013977100315, 4.2007970029507495, 4.067891498061373, 2.7117411417758888, 3.840696022858357], [4.430390924060765, 4.559327787075634, 3.2720415477190996, 3.1871287344567683, 4.170848687018027, 2.7173597351105356, 3.609896880798675, 5.000567236824239, 2.176913902753161, 1.0964475135636909, 2.1538191103247275, 3.4690396019647856, 3.9431610504771424, 3.489392478641518, 4.120013783957525, 4.068190681371757, 5.4957085393969, 5.278350028181156, 5.218992685375215, 3.5143231410899025, 3.861922764634218, 5.435769647437242, 5.743801237856338, 5.210888328298736, 2.4821214011405646, 1.7553694312024466, 0.0, 2.448014744645138, 2.4932218292803388, 3.816469454875802, 4.288899610622752, 4.977230179527565, 4.18201138688072, 3.8541594077048758, 4.319650650226243], [6.249887702191136, 6.016327999702143, 4.419720500212656, 4.835690012810995, 6.023513823342652, 4.1676570756241444, 5.199259049133828, 6.273026457779371, 2.829436397942177, 2.155594442375467, 1.096996057422268, 2.1548826673394537, 2.819219870815329, 3.384484752514037, 6.234103111915939, 5.73979015034522, 7.30973181450592, 6.8097523192844545, 6.356425160418394, 4.948616336916815, 5.8218095563149435, 6.780018286848494, 7.100792747996522, 6.053547606156244, 2.5882772919453587, 3.0542109210072574, 2.448014744645138, 0.0, 1.7615115157159773, 3.056938856110799, 2.451119385097347, 3.8152496812135372, 2.669022868017432, 4.067494178237997, 4.192188374822868], [6.801616252774041, 6.900769709242585, 5.455942695813437, 5.480388717965177, 6.535263827880248, 4.639447251559177, 5.280864453856016, 6.526411844191262, 3.4815003159557514, 2.157970514163713, 1.0958365799698417, 2.156995616592672, 3.4692332957009393, 3.9407410952763695, 6.558334646082037, 6.254521707532879, 7.842897358757158, 7.675823776637919, 7.402213813447974, 4.735049654438694, 5.759269152418559, 7.213713543661129, 7.148698587155566, 6.437200209718508, 3.752648568677861, 2.442975237287517, 2.4932218292803388, 1.7615115157159773, 0.0, 2.45155430084671, 2.499960483687692, 4.291430214974957, 3.8155359793874304, 4.184485111695344, 4.973960807043015], [8.13389422232672, 7.956808300443086, 6.2973269575272965, 5.837135258840591, 6.8409163501683015, 4.580180132920538, 4.792528880455495, 5.629839632707134, 3.385148723468439, 2.822358639507035, 2.1549165598695463, 1.0970866784352091, 2.1551538251363866, 2.8142207891350672, 7.745145713283901, 7.859001556177477, 9.218546313275212, 8.489598194261022, 8.58245782104404, 4.00104585077452, 5.565281708952387, 6.523867768433079, 6.091253562280919, 5.252134930673431, 3.971942417759855, 2.678176204061264, 3.816469454875802, 3.056938856110799, 2.45155430084671, 0.0, 1.7620690253222204, 2.4540398244527326, 3.058360237120539, 2.65175604835739, 3.8095757165332724], [8.483347441311125, 8.181532572812994, 6.458708058118123, 6.459123660373751, 7.603717016038932, 5.38424904141701, 5.980515818890541, 6.782798353187274, 3.946977133199532, 3.4717684312177273, 2.1568970003224535, 1.0957398003175751, 2.157052924710008, 3.470241916639242, 8.313058763776423, 8.072519389261322, 9.568794900090607, 8.834317771622208, 8.604613210365704, 5.391352666075555, 6.799912019283778, 7.535876929064062, 7.417031803221555, 6.291889018410925, 4.068325422087077, 3.82013977100315, 4.288899610622752, 2.451119385097347, 2.499960483687692, 1.7620690253222204, 0.0, 2.498120583