{"total energy": -45.85520411, "HOMO-LUMO gap/eV": 3.25067924, "electronic energy": -46.42113174, "dipole": [-0.89160609, -0.85486421, -0.05033265], "partial charges": [-0.111888, 0.01619582, -0.2004849, 0.26105784, -0.36907764, 0.26194027, -0.20704774, 0.06329316, -0.11281635, -0.1138499, -0.33390981, 0.23249762, -0.1113287, -0.05297548, -0.32635434, 0.04650204, 0.05074546, 0.03954938, 0.03010404, 0.06976573, 0.18210715, 0.18321411, 0.03338601, 0.04746146, 0.0549806, 0.0410093, 0.04723468, 0.0472541, 0.03631723, 0.06422311, 0.06833874, 0.06255503], "atomic dipole moments": [[-0.08642875, 0.08565503, -0.03966575], [-0.11970698, -0.0930209, 0.08420862], [0.01417224, 0.02566961, -0.16918999], [0.02588168, -0.00709872, 0.00396156], [0.0415029, 0.27512128, -0.06689543], [-0.02301562, -0.0053729, 0.00063174], [0.00684689, 0.10000038, 0.13358635], [0.0680543, -0.10973602, -0.06484102], [0.04874337, -0.05155937, 0.10952833], [0.08092259, 0.06906298, -0.05262185], [0.21243015, -0.1724656, 0.06903471], [0.00525076, 0.03736281, -0.00931866], [-0.29775551, -0.25082266, -0.01648679], [0.14744463, -0.04637505, 0.06138971], [-0.25208083, -0.11695117, 0.00612372], [0.11276119, 0.02400722, -0.05405139], [0.01689679, -0.00169703, 0.12719212], [-0.03326163, -0.11675752, -0.03279358], [-0.01189274, -0.00502116, -0.12168099], [0.05135093, 0.11673439, 0.03272316], [-0.06215141, -0.11020905, -0.03207875], [0.03640292, -0.09714382, 0.08024444], [0.03027107, 0.09070866, 0.084554], [-0.03909117, -0.08634708, -0.08678039], [0.07920772, 0.07795784, -0.06597505], [-0.10089618, 0.06988742, 0.02796993], [-0.04220743, -0.09874477, -0.07042049], [-0.10334959, 0.06763326, 0.03632314], [0.04747972, -0.05206177, 0.10454308], [0.00287333, 0.11985064, -0.04099524], [-0.09356794, -0.00727116, 0.09197774], [-0.02772265, -0.07576741, -0.10429465]], "atomic quadrupole moments": [[0.06463044, -0.17934868, 0.04946679, 0.06741205, -0.07644214, -0.11409723], [0.29261072, -0.09162537, -0.10341715, -0.12199666, -0.12158497, -0.18919357], [0.1053666, -0.04429862, -0.06852839, -0.05019874, -0.03672923, -0.03683821], [-0.16742008, -0.13616257, -0.21522791, -0.0757525, 0.15820862, 0.38264798], [-0.02531191, -0.02080394, -0.11929151, -0.02626774, 0.07202194, 0.14460342], [-0.12372718, 0.0512897, -0.24703867, -0.11596614, 0.19635177, 0.37076585], [0.10212625, -0.02261325, -0.02943913, -0.04147327, 0.03533266, -0.07268712], [0.16391207, -0.12497614, -0.0638611, -0.09383246, -0.12935824, -0.10005097], [-0.04827393, -0.07200677, -0.06884072, 0.12006128, -0.12225636, 0.11711466], [0.05124246, 0.12967156, -0.00699097, -0.11219096, -0.11477579, -0.04425149], [-0.12027826, 0.00843762, -0.0545875, -0.04074418, 0.06732786, 0.17486576], [-0.37453406, 0.02618079, 0.01725928, -0.09387215, 0.10454119, 0.35727478], [0.14451797, -0.06496189, 0.23902329, 0.24504968, -0.25380378, -0.38354125], [0.27857159, -0.13213762, -0.14260198, 0.21837689, -0.0735302, -0.13596961], [-0.13094356, -0.01690052, -0.05431993, -0.03631211, 0.06913764, 0.1852635], [0.05304804, 0.02051685, -0.03122662, -0.04950183, -0.02170192, -0.02182142], [-0.04581257, -0.00927351, -0.03199313, 0.00771141, 0.01142653, 0.0778057], [-0.02434539, 0.03554904, 0.05562213, 0.02592036, 0.031241, -0.03127674], [0.00741226, -0.00265363, -0.04227283, 0.01042879, 0.00691294, 0.03486057], [-0.01139917, 0.00554409, 0.03300068, 0.00567243, 0.0273401, -0.02160151], [-0.00645543, -0.00955008, 0.06965026, -0.01402179, -0.01077773, -0.06319483], [0.00912334, 0.01890563, 0.04427287, -0.0299002, -0.04272561, -0.0533962], [0.01120469, 0.00521357, 0.00042658, 0.0133109, 0.0083524, -0.01163127], [-0.04200143, 0.02486264, 0.04193844, 0.02178558, 0.04953728, 6.299e-05], [0.02456898, 0.05193875, -0.00801055, -0.02860816, -0.03004747, -0.01655843], [0.03323086, -0.05952635, -0.01328594, -0.0346184, 0.01777463, -0.01994493], [-0.03642379, 0.02712862, 0.01630298, 0.01501889, 0.05563748, 0.02012081], [0.02997534, -0.05473708, 0.01055174, -0.02719976, 0.01130994, -0.04052708], [-0.00809177, -0.01114273, -0.02792283, 0.049456, -0.04072314, 0.0360146], [-0.03218962, 0.00519579, 0.07317306, 0.00675425, -0.04424868, -0.04098344], [0.03030694, 0.00341178, -0.05541731, -0.03872622, -0.01525339, 0.02511037], [-0.01133616, -0.00340237, -0.00134998, 0.02418537, 0.05836189, 0.01268614]], "number of molecular orbitals": 82, "number of electrons": 84, "number of unpaired electrons": 0, "orbital energies/eV": [-19.43178512, -18.60762509, -18.0854644, -17.83706345, -17.61596559, -17.49305317, -17.09553722, -16.88688748, -16.47752806, -16.36575727, -16.24522271, -16.13066419, -15.73647344, -15.59481046, -15.11556463, -15.00800299, -14.81125983, -14.47960971, -14.26874511, -14.11715867, -13.97691448, -13.69481517, -13.62655248, -13.54292298, -13.18258431, -13.08624, -12.97201342, -12.89325495, -12.81336528, -12.67405377, -12.53556287, -12.42517199, -12.37182239, -12.29716765, -12.20031441, -12.01617298, -11.95061575, -10.68667619, -10.58498899, -10.15045289, -10.10337621, -10.0477533, -6.79707405, -6.34389, -5.37407472, -3.65356734, -3.29604583, -0.11850267, 0.1625867, 0.46772676, 1.07514726, 1.19262357, 2.02700699, 2.52247642, 2.76344663, 3.4390301, 3.5338321, 3.76070722, 3.87316489, 4.01809531, 4.2984405, 4.39682752, 4.64812382, 4.82530219, 5.28415933, 5.43114862, 5.69081835, 5.8491775, 5.99146861, 5.99405904, 6.27509191, 6.61801893, 6.65947173, 6.89547226, 7.2893054, 7.42588254, 8.03783932, 10.51374686, 11.6194547, 12.90864014, 13.88552572, 17.63748213], "fractional occupation": [2.0, 2.0, 2.0, 2.0, 2.0, 2.0, 2.0, 2.0, 2.0, 2.0, 2.0, 2.0, 2.0, 2.0, 2.0, 2.0, 2.0, 2.0, 2.0, 2.0, 2.0, 2.0, 2.0, 2.0, 2.0, 2.0, 2.0, 2.0, 2.0, 2.0, 2.0, 2.0, 2.0, 2.0, 2.0, 2.0, 2.0, 2.0, 2.0, 2.0, 2.0, 2.0, 0.0, 0.0, 0.0, 0.0, 0.0, 0.0, 0.0, 0.0, 0.0, 0.0, 0.0, 0.0, 0.0, 0.0, 0.0, 0.0, 0.0, 0.0, 0.0, 0.0, 0.0, 0.0, 0.0, 0.0, 0.0, 0.0, 0.0, 0.0, 0.0, 0.0, 0.0, 0.0, 0.0, 0.0, 0.0, 0.0, 0.0, 0.0, 0.0, 0.0], "program call": "xtb /home/svss/Project-DBcg-Debug/aqme2_20220329/End-to-End-workflows-final/example-3/QDESCP/mol_540_rdkit_conf_18/mol_540_rdkit_conf_18.xyz --pop --wbo --acc 0.2 --gfn 2 --chrg 0 --uhf 0 --etemp 300 --input /home/svss/Project-DBcg-Debug/aqme2_20220329/End-to-End-workflows-final/example-3/QDESCP/mol_540_rdkit_conf_18/mol_540_rdkit_conf_18_xtb.inp", "method": "GFN2-xTB", "xtb version": "6.3.3 (7355c4f)", "Dipole module/D": 3.142, "Total charge": 0, "Transition dipole module/D": NaN, "HOMO": -10.0478, "LUMO": -6.7971, "HOMO occupancy": 2.0, "LUMO occupancy": 0, "mulliken charges": [-0.09544, 0.10415, -0.36077, 0.44147, -0.45039, 0.44295, -0.3668, 0.13748, -0.09498, -0.102, -0.42748, 0.37742, -0.09032, -0.00908, -0.42039, 0.03188, 0.0361, 0.02865, 0.02267, 0.03545, 0.21556, 0.21751, 0.02604, 0.03155, 0.03801, 0.02555, 0.03443, 0.03387, 0.03174, 0.03485, 0.03442, 0.03592], "cm5 charges": [-0.23993, 0.05552, -0.7015, 0.65862, -0.62629, 0.66004, -0.70411, 0.12538, -0.23626, -0.24507, -0.60844, 0.5467, -0.11707, -0.13797, -0.59322, 0.08307, 0.08952, 0.08202, 0.08833, 0.10277, 0.41688, 0.41966, 0.09665, 0.08563, 0.09476, 0.07743, 0.08837, 0.08562, 0.08523, 0.08719, 0.08972, 0.09072], "FUKUI+": [0.012, 0.013, -0.048, -0.029, -0.106, -0.029, -0.046, 0.008, 0.011, 0.013, -0.079, -0.051, -0.234, 0.038, -0.078, -0.025, -0.017, -0.016, -0.02, -0.017, -0.037, -0.036, -0.011, -0.019, 0.004, -0.026, -0.018, -0.026, -0.012, -0.048, -0.036, -0.037], "FUKUI-": [0.014, 0.014, -0.064, 0.001, -0.073, -0.0, -0.059, 0.007, 0.008, 0.014, -0.063, 0.025, -0.272, 0.044, -0.075, -0.03, -0.027, -0.026, -0.048, -0.033, -0.038, -0.034, -0.033, -0.025, -0.004, -0.03, -0.023, -0.026, -0.017, -0.043, -0.04, -0.04], "FUKUIrad": [0.013, 0.014, -0.056, -0.014, -0.089, -0.015, -0.053, 0.008, 0.009, 0.013, -0.071, -0.013, -0.253, 0.041, -0.077, -0.028, -0.022, -0.021, -0.034, -0.025, -0.038, -0.035, -0.022, -0.022, 0.0, -0.028, -0.021, -0.026, -0.015, -0.046, -0.038, -0.039], "s proportion": [1.012, 1.001, 1.456, 0.978, 1.533, 0.977, 1.458, 1.028, 1.014, 1.018, 1.534, 1.019, 1.926, 1.01, 1.532, 0.968, 0.964, 0.971, 0.977, 0.965, 0.784, 0.782, 0.974, 0.968, 0.962, 0.974, 0.966, 0.966, 0.968, 0.965, 0.966, 0.964], "p proportion": [3.084, 2.895, 3.905, 2.58, 3.918, 2.58, 3.909, 2.834, 3.081, 3.084, 3.894, 2.604, 4.163, 2.999, 3.888, 0.0, 0.0, 0.0, 0.0, 0.0, 0.0, 0.0, 0.0, 0.0, 0.0, 0.0, 0.0, 0.0, 0.0, 0.0, 0.0, 0.0], "d proportion": [0.0, 0.0, 0.0, 0.0, 0.0, 0.0, 0.0, 0.0, 0.0, 0.0, 0.0, 0.0, 0.001, 0.0, 0.0, 0.0, 0.0, 0.0, 0.0, 0.0, 0.0, 0.0, 0.0, 0.0, 0.0, 0.0, 0.0, 0.0, 0.0, 0.0, 0.0, 0.0], "Fermi-level/eV": -8.4224, "Coordination numbers": [3.751, 3.747, 2.697, 2.941, 1.857, 2.936, 2.7, 3.792, 3.753, 3.754, 1.873, 3.001, 2.035, 3.742, 1.891, 0.924, 0.924, 0.924, 0.924, 0.924, 0.86, 0.86, 0.924, 0.924, 0.924, 0.924, 0.924, 0.924, 0.924, 0.924, 0.924, 0.924], "Dispersion coefficient C6": [22.702, 20.367, 25.355, 22.617, 30.478, 22.601, 25.503, 19.528, 22.717, 22.736, 29.519, 23.13, 145.713, 21.601, 29.316, 2.364, 2.311, 2.455, 2.585, 2.088, 1.202, 1.196, 2.539, 2.352, 2.259, 2.436, 2.355, 2.355, 2.499, 2.15, 2.104, 2.169], "Total dispersion C6": 11153.986678, "Total dispersion C8": 272303.265679, "Polarizability alpha": [6.795, 6.437, 7.479, 7.8, 8.183, 7.797, 7.5, 6.293, 6.797, 6.799, 8.054, 7.889, 20.317, 6.631, 8.027, 2.405, 2.377, 2.45, 2.514, 2.26, 1.717, 1.713, 2.492, 2.398, 2.35, 2.441, 2.4, 2.4, 2.472, 2.293, 2.268, 2.303], "Total polarizability alpha": 162.050217, "Wiberg matrix": [[0.0, 1.0193544441425835, 0.0, 0.0, 0.0, 0.0, 0.0, 0.0, 0.0, 0.0, 0.0, 0.0, 0.0, 0.0, 0.0, 0.9850571319085089, 0.9863831917672135, 0.9863538869448512, 0.0, 0.0, 0.0, 0.0, 0.0, 0.0, 0.0, 0.0, 0.0, 0.0, 0.0, 0.0, 0.0, 0.0], [1.0193544441425835, 0.0, 0.9873274686003295, 0.0, 0.0, 0.0, 0.0, 0.0, 0.0, 0.0, 0.0, 0.0, 0.0, 0.0, 0.0, 0.0, 0.0, 0.0, 0.9698626450211134, 0.9696207520593819, 0.0, 0.0, 0.0, 0.0, 0.0, 0.0, 0.0, 0.0, 0.0, 0.0, 0.0, 0.0], [0.0, 0.9873274686003295, 0.0, 1.1784429448998752, 0.0, 0.0, 0.0, 0.0, 0.0, 0.0, 0.0, 0.0, 0.0, 0.0, 0.0, 0.0, 0.0, 0.0, 0.0, 0.0, 0.9329868903540935, 0.0, 0.0, 0.0, 0.0, 0.0, 0.0, 0.0, 0.0, 0.0, 0.0, 0.0], [0.0, 0.0, 1.1784429448998752, 0.0, 1.3297099975343714, 0.0, 0.0, 0.0, 0.0, 0.0, 0.0, 0.0, 0.0, 0.0, 1.321990076607635, 0.0, 0.0, 0.0, 0.0, 0.0, 0.0, 0.0, 0.0, 0.0, 0.0, 0.0, 0.0, 0.0, 0.0, 0.0, 0.0, 0.0], [0.0, 0.0, 0.0, 1.3297099975343714, 0.0, 1.3348219960867678, 0.0, 0.0, 0.0, 0.0, 0.0, 0.0, 0.0, 0.0, 0.0, 0.0, 0.0, 0.0, 0.0, 0.0, 0.0, 0.0, 0.0, 0.0, 0.0, 0.0, 0.0, 0.0, 0.0, 0.0, 0.0, 0.0], [0.0, 0.0, 0.0, 0.0, 1.3348219960867678, 0.0, 1.1792603004292754, 0.0, 0.0, 0.0, 1.3154477983769466, 0.0, 0.0, 0.0, 0.0, 0.0, 0.0, 0.0, 0.0, 0.0, 0.0, 0.0, 0.0, 0.0, 0.0, 0.0, 0.0, 0.0, 0.0, 0.0, 0.0, 0.0], [0.0, 0.0, 0.0, 0.0, 0.0, 1.1792603004292754, 0.0, 0.9730986690238946, 0.0, 0.0, 0.0, 0.0, 0.0, 0.0, 0.0, 0.0, 0.0, 0.0, 0.0, 0.0, 0.0, 0.9314103143392731, 0.0, 0.0, 0.0, 0.0, 0.0, 0.0, 0.0, 0.0, 0.0, 0.0], [0.0, 0.0, 0.0, 0.0, 0.0, 0.0, 0.9730986690238946, 0.0, 1.003780581955767, 1.0068802436920052, 0.0, 0.0, 0.0, 0.0, 0.0, 0.0, 0.0, 0.0, 0.0, 0.0, 0.0, 0.0, 0.9620554177644313, 0.0, 0.0, 0.0, 0.0, 0.0, 0.0, 0.0, 0.0, 0.0], [0.0, 0.0, 0.0, 0.0, 0.0, 0.0, 0.0, 1.003780581955767, 0.0, 0.0, 0.0, 0.0, 0.0, 0.0, 0.0, 0.0, 0.0, 0.0, 0.0, 0.0, 0.0, 0.0, 0.0, 0.98568924572945, 0.9828419320857674, 0.9850816049557831, 0.0, 0.0, 0.0, 0.0, 0.0, 0.0], [0.0, 0.0, 0.0, 0.0, 0.0, 0.0, 0.0, 1.0068802436920052, 0.0, 0.0, 0.0, 0.0, 0.0, 0.0, 0.0, 0.0, 0.0, 0.0, 0.0, 0.0, 0.0, 0.0, 0.0, 0.0, 0.0, 0.0, 0.9857782456870102, 0.9842810542056334, 0.9854340167932198, 0.0, 0.0, 0.0], [0.0, 0.0, 0.0, 0.0, 0.0, 1.3154477983769466, 0.0, 0.0, 0.0, 0.0, 0.0, 1.3769970328268222, 0.0, 0.0, 0.0, 0.0, 0.0, 0.0, 0.0, 0.0, 0.0, 0.0, 0.0, 0.0, 0.0, 0.0, 0.0, 0.0, 0.0, 0.0, 0.0, 0.0], [0.0, 0.0, 0.0, 0.0, 0.0, 0.0, 0.0, 0.0, 0.0, 0.0, 1.3769970328268222, 0.0, 1.0685344203647622, 0.0, 1.3801909923372682, 0.0, 0.0, 0.0, 0.0, 0.0, 0.0, 0.0, 0.0, 0.0, 0.0, 0.0, 0.0, 0.0, 0.0, 0.0, 0.0, 0.0], [0.0, 0.0, 0.0, 0.0, 0.0, 0.0, 0.0, 0.0, 0.0, 0.0, 0.0, 1.0685344203647622, 0.0, 1.0122742757577239, 0.0, 0.0, 0.0, 0.0, 0.0, 0.0, 0.0, 0.0, 0.0, 0.0, 0.0, 0.0, 0.0, 0.0, 0.0, 0.0, 0.0, 0.0], [0.0, 0.0, 0.0, 0.0, 0.0, 0.0, 0.0, 0.0, 0.0, 0.0, 0.0, 0.0, 1.0122742757577239, 0.0, 0.0, 0.0, 0.0, 0.0, 0.0, 0.0, 0.0, 0.0, 0.0, 0.0, 0.0, 0.0, 0.0, 0.0, 0.0, 0.9797879090330277, 0.9803652066915989, 0.9813452720646613], [0.0, 0.0, 0.0, 1.321990076607635, 0.0, 0.0, 0.0, 0.0, 0.0, 0.0, 0.0, 1.3801909923372682, 0.0, 0.0, 0.0, 0.0, 0.0, 0.0, 0.0, 0.0, 0.0, 0.0, 0.0, 0.0, 0.0, 0.0, 0.0, 0.0, 0.0, 0.0, 0.0, 0.0], [0.9850571319085089, 0.0, 0.0, 0.0, 0.0, 0.0, 0.0, 0.0, 0.0, 0.0, 0.0, 0.0, 0.0, 0.0, 0.0, 0.0, 0.0, 0.0, 0.0, 0.0, 0.0, 0.0, 0.0, 0.0, 0.0, 0.0, 0.0, 0.0, 0.0, 0.0, 0.0, 0.0], [0.9863831917672135, 0.0, 0.0, 0.0, 0.0, 0.0, 0.0, 0.0, 0.0, 0.0, 0.0, 0.0, 0.0, 0.0, 0.0, 0.0, 0.0, 0.0, 0.0, 0.0, 0.0, 0.0, 0.0, 0.0, 0.0, 0.0, 0.0, 0.0, 0.0, 0.0, 0.0, 0.0], [0.9863538869448512, 0.0, 0.0, 0.0, 0.0, 0.0, 0.0, 0.0, 0.0, 0.0, 0.0, 0.0, 0.0, 0.0, 0.0, 0.0, 0.0, 0.0, 0.0, 0.0, 0.0, 0.0, 0.0, 0.0, 0.0, 0.0, 0.0, 0.0, 0.0, 0.0, 0.0, 0.0], [0.0, 0.9698626450211134, 0.0, 0.0, 0.0, 0.0, 0.0, 0.0, 0.0, 0.0, 0.0, 0.0, 0.0, 0.0, 0.0, 0.0, 0.0, 0.0, 0.0, 0.0, 0.0, 0.0, 0.0, 0.0, 0.0, 0.0, 0.0, 0.0, 0.0, 0.0, 0.0, 0.0], [0.0, 0.9696207520593819, 0.0, 0.0, 0.0, 0.0, 0.0, 0.0, 0.0, 0.0, 0.0, 0.0, 0.0, 0.0, 0.0, 0.0, 0.0, 0.0, 0.0, 0.0, 0.0, 0.0, 0.0, 0.0, 0.0, 0.0, 0.0, 0.0, 0.0, 0.0, 0.0, 0.0], [0.0, 0.0, 0.9329868903540935, 0.0, 0.0, 0.0, 0.0, 0.0, 0.0, 0.0, 0.0, 0.0, 0.0, 0.0, 0.0, 0.0, 0.0, 0.0, 0.0, 0.0, 0.0, 0.0, 0.0, 0.0, 0.0, 0.0, 0.0, 0.0, 0.0, 0.0, 0.0, 0.0], [0.0, 0.0, 0.0, 0.0, 0.0, 0.0, 0.9314103143392731, 0.0, 0.0, 0.0, 0.0, 0.0, 0.0, 0.0, 0.0, 0.0, 0.0, 0.0, 0.0, 0.0, 0.0, 0.0, 0.0, 0.0, 0.0, 0.0, 0.0, 0.0, 0.0, 0.0, 0.0, 0.0], [0.0, 0.0, 0.0, 0.0, 0.0, 0.0, 0.0, 0.9620554177644313, 0.0, 0.0, 0.0, 0.0, 0.0, 0.0, 0.0, 0.0, 0.0, 0.0, 0.0, 0.0, 0.0, 0.0, 0.0, 0.0, 0.0, 0.0, 0.0, 0.0, 0.0, 0.0, 0.0, 0.0], [0.0, 0.0, 0.0, 0.0, 0.0, 0.0, 0.0, 0.0, 0.98568924572945, 0.0, 0.0, 0.0, 0.0, 0.0, 0.0, 0.0, 0.0, 0.0, 0.0, 0.0, 0.0, 0.0, 0.0, 0.0, 0.0, 0.0, 0.0, 0.0, 0.0, 0.0, 0.0, 0.0], [0.0, 0.0, 0.0, 0.0, 0.0, 0.0, 0.0, 0.0, 0.9828419320857674, 0.0, 0.0, 0.0, 0.0, 0.0, 0.0, 0.0, 0.0, 0.0, 0.0, 0.0, 0.0, 0.0, 0.0, 0.0, 0.0, 0.0, 0.0, 0.0, 0.0, 0.0, 0.0, 0.0], [0.0, 0.0, 0.0, 0.0, 0.0, 0.0, 0.0, 0.0, 0.9850816049557831, 0.0, 0.0, 0.0, 0.0, 0.0, 0.0, 0.0, 0.0, 0.0, 0.0, 0.0, 0.0, 0.0, 0.0, 0.0, 0.0, 0.0, 0.0, 0.0, 0.0, 0.0, 0.0, 0.0], [0.0, 0.0, 0.0, 0.0, 0.0, 0.0, 0.0, 0.0, 0.0, 0.9857782456870102, 0.0, 0.0, 0.0, 0.0, 0.0, 0.0, 0.0, 0.0, 0.0, 0.0, 0.0, 0.0, 0.0, 0.0, 0.0, 0.0, 0.0, 0.0, 0.0, 0.0, 0.0, 0.0], [0.0, 0.0, 0.0, 0.0, 0.0, 0.0, 0.0, 0.0, 0.0, 0.9842810542056334, 0.0, 0.0, 0.0, 0.0, 0.0, 0.0, 0.0, 0.0, 0.0, 0.0, 0.0, 0.0, 0.0, 0.0, 0.0, 0.0, 0.0, 0.0, 0.0, 0.0, 0.0, 0.0], [0.0, 0.0, 0.0, 0.0, 0.0, 0.0, 0.0, 0.0, 0.0, 0.9854340167932198, 0.0, 0.0, 0.0, 0.0, 0.0, 0.0, 0.0, 0.0, 0.0, 0.0, 0.0, 0.0, 0.0, 0.0, 0.0, 0.0, 0.0, 0.0, 0.0, 0.0, 0.0, 0.0], [0.0, 0.0, 0.0, 0.0, 0.0, 0.0, 0.0, 0.0, 0.0, 0.0, 0.0, 0.0, 0.0, 0.9797879090330277, 0.0, 0.0, 0.0, 0.0, 0.0, 0.0, 0.0, 0.0, 0.0, 0.0, 0.0, 0.0, 0.0, 0.0, 0.0, 0.0, 0.0, 0.0], [0.0, 0.0, 0.0, 0.0, 0.0, 0.0, 0.0, 0.0, 0.0, 0.0, 0.0, 0.0, 0.0, 0.9803652066915989, 0.0, 0.0, 0.0, 0.0, 0.0, 0.0, 0.0, 0.0, 0.0, 0.0, 0.0, 0.0, 0.0, 0.0, 0.0, 0.0, 0.0, 0.0], [0.0, 0.0, 0.0, 0.0, 0.0, 0.0, 0.0, 0.0, 0.0, 0.0, 0.0, 0.0, 0.0, 0.9813452720646613, 0.0, 0.0, 0.0, 0.0, 0.0, 0.0, 0.0, 0.0, 0.0, 0.0, 0.0, 0.0, 0.0, 0.0, 0.0, 0.0, 0.0, 0.0]], "Born radii": [], "Atomic SASAs": [], "Solvent H bonds": [], "Total SASA": NaN, "Total FOD": 0.0, "FOD": [0.0, 0.0, 0.0, 0.0, 0.0, 0.0, 0.0, 0.0, 0.0, 0.0, 0.0, 0.0, 0.0, 0.0, 0.0, 0.0, 0.0, 0.0, 0.0, 0.0, 0.0, 0.0, 0.0, 0.0, 0.0, 0.0, 0.0, 0.0, 0.0, 0.0, 0.0, 0.0], "FOD s proportion": [0.0, 0.0, 0.0, 0.0, 0.0, 0.0, 0.0, 0.0, 0.0, 0.0, 0.0, 0.0, 0.0, 0.0, 0.0, 0.0, 0.0, 0.0, 0.0, 0.0, 0.0, 0.0, 0.0, 0.0, 0.0, 0.0, 0.0, 0.0, 0.0, 0.0, 0.0, 0.0], "FOD p proportion": [0.0, 0.0, 0.0, 0.0, 0.0, 0.0, 0.0, 0.0, 0.0, 0.0, 0.0, 0.0, 0.0, 0.0, 0.0, 0.0, 0.0, 0.0, 0.0, 0.0, 0.0, 0.0, 0.0, 0.0, 0.0, 0.0, 0.0, 0.0, 0.0, 0.0, 0.0, 0.0], "FOD d proportion": [0.0, 0.0, 0.0, 0.0, 0.0, 0.0, 0.0, 0.0, 0.0, 0.0, 0.0, 0.0, 0.0, 0.0, 0.0, 0.0, 0.0, 0.0, 0.0, 0.0, 0.0, 0.0, 0.0, 0.0, 0.0, 0.0, 0.0, 0.0, 0.0, 0.0, 0.0, 0.0], "coordinates": [["5.02240", "-2.11260", "0.55750"], ["3.99360", "-1.07650", "0.13260"], ["2.72330", "-1.37090", "0.77140"], ["1.67610", "-0.53160", "0.40830"], ["0.47410", "-1.09140", "0.40420"], ["-0.53830", "-0.30180", "0.07490"], ["-1.78770", "-0.91100", "0.07350"], ["-2.92060", "-0.07560", "0.45780"], ["-3.55630", "0.54450", "-0.78660"], ["-3.95060", "-0.94660", "1.18110"], ["-0.41190", "0.97570", "-0.24250"], ["0.83070", "1.44010", "-0.21910"], ["1.11550", "3.14820", "-0.63310"], ["-0.49550", "3.58520", "-1.33070"], ["1.90710", "0.73320", "0.09980"], ["5.99000", "-1.90290", "0.09120"], ["5.15710", "-2.10920", "1.64440"], ["4.71110", "-3.12020", "0.26190"], ["3.89210", "-1.09940", "-0.95930"], ["4.35660", "-0.08420", "0.42580"], ["2.38340", "-2.31960", "0.65450"], ["-1.67170", "-1.76700", "0.60750"], ["-2.61640", "0.71810", "1.15270"], ["-3.88130", "-0.22770", "-1.49320"], ["-2.85450", "1.19650", "-1.31570"], ["-4.43020", "1.14700", "-0.51680"], ["-4.29680", "-1.76900", "0.54490"], ["-4.82230", "-0.35470", "1.47940"], ["-3.51790", "-1.38830", "2.08560"], ["-0.46110", "4.62050", "-1.68120"], ["-1.28210", "3.50780", "-0.57480"], ["-0.73770", "2.94360", "-2.18270"]], "bond_dist": [[0.0, 1.5206816432113597, 2.4252284242932665, 3.7039904603008904, 4.66405223169724, 5.867988061507965, 6.9322118093722445, 8.200643760705619, 9.080797261804713, 9.06990418692502, 6.301524686930934, 5.549336333292477, 6.6601360804416, 8.15337013081094, 4.244191444786628, 1.0943763246708145, 1.0952201879074361, 1.0952373304448677, 2.1458878279164546, 2.138934568891718, 2.6488825946047516, 6.703201784968136, 8.1681326488984, 9.329206407299607, 8.746689354264275, 10.056379040688553, 9.325540647061704, 10.042819828613874, 8.706114184296, 8.967451452335832, 8.521603117958499, 8.139570411882927], [1.5206816432113597, 0.0, 1.4520326752521788, 2.3966085934086108, 3.529995583566642, 4.598000325141355, 5.7839703275518275, 6.993834248107399, 7.776474757240583, 8.014146236499556, 4.874490240014847, 4.0572040693068425, 5.1689308556025395, 6.63511210078624, 2.7621680216815196, 2.161079332185656, 2.1692719469905106, 2.1698466374377707, 1.096846511595857, 1.0965375187379591, 2.1001002976048544, 5.726948956468881, 6.9248316347764005, 8.085650072195804, 7.359386897017984, 8.736479785932088, 8.329482558958869, 8.94734364434495, 7.767500272932084, 7.455872284984501, 7.024900834887279, 6.626237076199432], [2.4252284242932665, 1.4520326752521788, 0.0, 1.3902855605953766, 2.2960524231820143, 3.502302331324353, 4.587776522456167, 5.799116679288321, 6.747554914189287, 6.699912371815023, 4.045244592110593, 3.530544718595135, 4.997990186064794, 6.272354028592455, 2.354668938513438, 3.378908837183981, 2.6889771903086124, 2.6964772537516426, 2.1059744015538273, 2.1077725541433545, 1.0145093937465537, 4.415855910239825, 5.746451668638658, 7.07503078155848, 6.485320501717706, 7.692323569637461, 7.035025932432658, 7.6465682367974726, 6.378087631884654, 7.21474352142888, 6.454238707237283, 6.270577171202026], [3.7039904603008904, 2.3966085934086108, 1.3902855605953766, 0.0, 1.3259701542644162, 2.251117713492566, 3.5005636460433056, 4.6195278048735675, 5.473918795524829, 5.694663969893219, 2.656169785612358, 2.2351583411472213, 3.865192667901563, 4.968703029966673, 1.3222149182337946, 4.537703087466169, 4.016730756473478, 3.991679836860667, 2.6652171768919697, 2.7176374408666075, 1.938512762403178, 3.574025551111799, 4.5322662874107476, 5.881560355891963, 5.146342581873072, 6.400031848358256, 6.101258290713482, 6.588455917739755, 5.524934948033326, 5.956321725696153, 5.102370548088407, 4.961524612455329], [4.66405223169724, 3.529995583566642, 2.2960524231820143, 1.3259701542644162, 0.0, 1.3254661104683136, 2.292955710431407, 3.5438271247339364, 4.509800174065366, 4.494720318329051, 2.3401109589077183, 2.6313796191351786, 4.4115295998100255, 5.081396435036337, 2.3399387855241, 5.584053550960987, 4.950202205970984, 4.6998348619924935, 3.6799348159987835, 4.011075248608533, 2.283977193406274, 2.2588102819847444, 3.6586517667031386, 4.828624401421176, 4.390002321183896, 5.469079817483011, 4.820832403226646, 5.454414257278228, 4.341810632673885, 6.152177972880823, 5.019494006371558, 4.943858397041728], [5.867988061507965, 4.598000325141355, 3.502302331324353, 2.251117713492566, 1.3254661104683136, 0.0, 1.3900096978078966, 2.4234545879797293, 3.2506506948609535, 3.644617506680228, 1.3223940297808365, 2.2349077408251103, 3.890863456869182, 4.133559265330545, 2.655527474909646, 6.72179200734447, 6.177993701032722, 5.96108613593194, 4.6188937593324235, 4.912283234912254, 3.5977470575347565, 1.9274515194940698, 2.5534972997831815, 3.693247543829143, 3.0892480784164937, 4.194760534285599, 4.062006658044766, 4.508666616639559, 3.7551848023765753, 5.226747013200466, 3.935530547461168, 3.958426364099754], [6.9322118093722445, 5.7839703275518275, 4.587776522456167, 3.5005636460433056, 2.292955710431407, 1.3900096978078966, 0.0, 1.4591237301887732, 2.446670844228949, 2.430263674994958, 2.356335827084077, 3.5311902426802213, 5.040333167559463, 4.884400978625731, 4.044209733680982, 7.840714010216162, 7.220364055226025, 6.866619302102017, 5.776010599020746, 6.209680830767391, 4.440697036502265, 1.015553051297666, 2.1225887825954417, 2.702703968251055, 2.74034580482099, 3.4009740281278247, 2.6933185422448642, 3.39040140101434, 2.696285174086747, 5.952842337908841, 4.494632097291167, 4.5881237559595105], [8.200643760705619, 6.993834248107399, 5.799116679288321, 4.6195278048735675, 3.5438271247339364, 2.4234545879797293, 1.4591237301887732, 0.0, 1.5287805140045447, 1.530589393011725, 2.808776863689958, 4.102169156677964, 5.279493579880555, 4.741444811447245, 4.908055493777551, 9.10341766645912, 8.413844888634447, 8.218930031336196, 7.0334358701846424, 7.277275437964404, 5.7625205327183, 2.1078413744871787, 1.0978995127059672, 2.180018325611049, 2.183554411962294, 2.1733587094633045, 2.183830673381066, 2.1767007741074567, 2.1747830742398193, 5.716451387005753, 4.073291122667271, 4.566493326393898], [9.080797261804713, 7.776474757240583, 6.747554914189287, 5.473918795524829, 4.509800174065366, 3.2506506948609535, 2.446670844228949, 1.5287805140045447, 0.0, 2.500138994136126, 3.220128818851817, 4.513305286594293, 5.3505636319924275, 4.348608736136192, 5.538054912151017, 9.894045850409226, 9.427365711056297, 9.10380585799148, 7.629606481333096, 8.029891895909932, 6.749805486827009, 3.2921519132628125, 2.1620438154672073, 1.0959933393958197, 1.0943372651975258, 1.095216645235088, 2.7701109634814274, 2.747011583521264, 3.4621847495476032, 5.195608549534885, 3.7413890161275667, 3.955917337356785], [9.06990418692502, 8.014146236499556, 6.699912371815023, 5.694663969893219, 4.494720318329051, 3.644617506680228, 2.430263674994958, 1.530589393011725, 2.500138994136126, 0.0, 4.27133140133144, 5.524285168236702, 6.76195814021353, 6.227685484190736, 6.188989175947879, 10.045791161476531, 9.193284774225152, 8.977444652572357, 8.130965704638042, 8.38592771790933, 6.50246050045673, 2.489067763239884, 2.133570315222819, 2.770108335426613, 3.468187287330372, 2.7378899777018066, 1.0958771098987332, 1.0950750613542435, 1.0956497752475467, 7.16672686447586, 5.481400954135721, 6.063953569248366], [6.301524686930934, 4.874490240014847, 4.045244592110593, 2.656169785612358, 2.3401109589077183, 1.3223940297808365, 2.356335827084077, 2.808776863689958, 3.220128818851817, 4.27133140133144, 0.0, 1.3267515517232304, 2.6842644001662728, 2.8285435209662233, 2.3566367008938816, 7.027233969350957, 6.640087395509188, 6.578445497988108, 4.831589619369592, 4.930375761541914, 4.413310909056827, 3.1356019087250218, 2.62159513464608, 3.879324478565824, 2.6770890235477784, 4.031292481326553, 4.821392419208376, 4.917980472714384, 4.5448632113629115, 3.9187811076915233, 2.697999581171205, 2.7826519886611765], [5.549336333292477, 4.0572040693068425, 3.530544718595135, 2.2351583411472213, 2.6313796191351786, 2.2349077408251103, 3.5311902426802213, 4.102169156677964, 4.513305286594293, 5.524285168236702, 1.3267515517232304, 0.0, 1.7804810164671796, 2.756068760027587, 1.326665662478682, 6.155510667686313, 5.89812679585646, 6.007095908173932, 4.045877685991014, 3.8950426583029873, 4.160456506202173, 4.15099551071788, 3.7796319463672647, 5.158277973316289, 3.852605814250921, 5.27746167300152, 6.09698901589957, 6.169490926324474, 5.676425865806758, 3.7311429629538453, 2.9775543017718418, 2.928500600990206], [6.6601360804416, 5.1689308556025395, 4.997990186064794, 3.865192667901563, 4.4115295998100255, 3.890863456869182, 5.040333167559463, 5.279493579880555, 5.3505636319924275, 6.76195814021353, 2.6842644001662728, 1.7804810164671796, 0.0, 1.8091256893870034, 2.6449948903542326, 7.056838665436528, 7.011547016885789, 7.281634632415994, 5.08507814689214, 4.698341002949872, 5.758673546052077, 5.785046520124103, 4.7980772461476695, 6.091344930308906, 4.476156347805559, 5.8968733766293475, 7.406722023270484, 7.2104392029889555, 7.031326866246513, 2.39830116123893, 2.425117896103197, 2.424349718996828], [8.15337013081094, 6.63511210078624, 6.272354028592455, 4.968703029966673, 5.081396435036337, 4.133559265330545, 4.884400978625731, 4.741444811447245, 4.348608736136192, 6.227685484190736, 2.8285435209662233, 2.756068760027587, 1.8091256893870034, 0.0, 3.994085753961725, 8.614101895728886, 8.557411882689767, 8.63756027359578, 6.42918726434376, 6.331876737587364, 6.862634136393984, 5.812582087162297, 4.345774359075722, 5.101789323364891, 3.3572300621196636, 4.699906013953896, 6.8289980736561935, 6.491584726397708, 6.74845980205854, 1.0935628468451184, 1.0936704851096604, 1.0937163251958892], [4.244191444786628, 2.7621680216815196, 2.354668938513438, 1.3222149182337946, 2.3399387855241, 2.655527474909646, 4.044209733680982, 4.908055493777551, 5.538054912151017, 6.188989175947879, 2.3566367008938816, 1.326665662478682, 2.6449948903542326, 3.994085753961725, 0.0, 4.859955717905257, 4.5855781445745745, 4.768373304387986, 2.9017823092023978, 2.6027810146072605, 3.139130710881597, 4.395061861908203, 4.644446002485119, 6.080012530414719, 4.989100289631388, 6.3806580608899575, 6.704289228546155, 6.954972820220076, 6.154249661006612, 4.887886407231657, 4.280711034396038, 4.134082903135833], [1.0943763246708145, 2.161079332185656, 3.378908837183981, 4.537703087466169, 5.584053550960987, 6.72179200734447, 7.840714010216162, 9.10341766645912, 9.894045850409226, 10.045791161476531, 7.027233969350957, 6.155510667686313, 7.056838665436528, 8.614101895728886, 4.859955717905257, 0.0, 1.7744611407410422, 1.7738497653409095, 2.4799892963478696, 2.4673107647801484, 3.6740317554425137, 7.68027873127011, 9.0590586823356, 10.137020375337123, 9.476857507634056, 10.874379156990988, 10.297670957065971, 11.01044294158959, 9.728443191487527, 9.344134017125397, 9.0886010419646, 8.597739862894203], [1.0952201879074361, 2.1692719469905106, 2.6889771903086124, 4.016730756473478, 4.950202205970984, 6.177993701032722, 7.220364055226025, 8.413844888634447, 9.427365711056297, 9.193284774225152, 6.640087395509188, 5.89812679585646, 7.011547016885789, 8.557411882689767, 4.5855781445745745, 1.7744611407410422, 0.0, 1.769842719000759, 3.0658073536998374, 2.4952777821316805, 2.9525551408906825, 6.915545668275208, 8.286295700130427, 9.75075641014583, 9.15836115579638, 10.353257708083962, 9.523699990024886, 10.133800847164899, 8.71607590891681, 9.376174523226409, 8.828297360193526, 8.65598921498866], [1.0952373304448677, 2.1698466374377707, 2.6964772537516426, 3.991679836860667, 4.6998348619924935, 5.96108613593194, 6.866619302102017, 8.218930031336196, 9.10380585799148, 8.977444652572357, 6.578445497988108, 6.007095908173932, 7.281634632415994, 8.63756027359578, 4.768373304387986, 1.7738497653409095, 1.769842719000759, 0.0, 2.499144469613552, 3.0610177163812695, 2.492645664750608, 6.533814004086739, 8.319755271641109, 9.234515148073557, 8.852176230170748, 10.11823775269192, 9.113072634956882, 10.000800570954308, 8.604754517125983, 9.510295838721317, 8.974903739316652, 8.510884856464692], [2.1458878279164546, 1.096846511595857, 2.1059744015538273, 2.6652171768919697, 3.6799348159987835, 4.6188937593324235, 5.776010599020746, 7.0334358701846424, 7.629606481333096, 8.130965704638042, 4.831589619369592, 4.045877685991014, 5.08507814689214, 6.42918726434376, 2.9017823092023978, 2.4799892963478696, 3.0658073536998374, 2.499144469613552, 0.0, 1.7790146992085254, 2.5237698330077567, 5.818627195481766, 7.079860344667823, 7.840322548211904, 7.135459994282079, 8.631500246191273, 8.352787858553574, 9.079790919398972, 8.016419351555905, 7.224177867411627, 6.938766297404748, 6.267184742769276], [2.138934568891718, 1.0965375187379591, 2.1077725541433545, 2.7176374408666075, 4.011075248608533, 4.912283234912254, 6.209680830767391, 7.277275437964404, 8.029891895909932, 8.38592771790933, 4.930375761541914, 3.8950426583029873, 4.698341002949872, 6.331876737587364, 2.6027810146072605, 2.4673107647801484, 2.4952777821316805, 3.0610177163812695, 1.7790146992085254, 0.0, 2.9904573379334476, 6.261408117987518, 7.056542914203811, 8.459677869753671, 7.528145717904244, 8.922567031970114, 8.816692543692335, 9.243129795691502, 8.152506553201905, 7.055769580988314, 6.760074115717963, 6.4748542516415], [2.6488825946047516, 2.1001002976048544, 1.0145093937465537, 1.938512762403178, 2.283977193406274, 3.5977470575347565, 4.440697036502265, 5.7625205327183, 6.749805486827009, 6.50246050045673, 4.413310909056827, 4.160456506202173, 5.758673546052077, 6.862634136393984, 3.139130710881597, 3.6740317554425137, 2.9525551408906825, 2.492645664750608, 2.5237698330077567, 2.9904573379334476, 0.0, 4.092848857458579, 5.8714414388632035, 6.945151329524792, 6.609103090435191, 7.733977256884067, 6.703748545403534, 7.514213499096229, 6.14334669296793, 7.8556771032165, 6.993258146243423, 6.744793791510604], [6.703201784968136, 5.726948956468881, 4.415855910239825, 3.574025551111799, 2.2588102819847444, 1.9274515194940698, 1.015553051297666, 2.1078413744871787, 3.2921519132628125, 2.489067763239884, 3.1356019087250218, 4.15099551071788, 5.785046520124103, 5.812582087162297, 4.395061861908203, 7.68027873127011, 6.915545668275208, 6.533814004086739, 5.818627195481766, 6.261408117987518, 4.092848857458579, 0.0, 2.7139313071630977, 3.415364861914463, 3.725593419846025, 4.167105559018154, 2.625847057617789, 3.5610505837463196, 2.395130004822285, 6.892304135773464, 5.419698929829959, 5.554036766172871], [8.1681326488984, 6.9248316347764005, 5.746451668638658, 4.5322662874107476, 3.6586517667031386, 2.5534972997831815, 2.1225887825954417, 1.0978995127059672, 2.1620438154672073, 2.133570315222819, 2.62159513464608, 3.7796319463672647, 4.7980772461476695, 4.345774359075722, 4.644446002485119, 9.0590586823356, 8.286295700130427, 8.319755271641109, 7.079860344667823, 7.056542914203811, 5.8714414388632035, 2.7139313071630977, 0.0, 3.081443892073974, 2.5255804738713037, 2.5022102030005398, 3.0624877812001143, 2.4745964398260982, 2.473848342158427, 5.282521468011275, 3.5421799544913015, 4.428008254283182], [9.329206407299607, 8.085650072195804, 7.07503078155848, 5.881560355891963, 4.828624401421176, 3.693247543829143, 2.702703968251055, 2.180018325611049, 1.0959933393958197, 2.770108335426613, 3.879324478565824, 5.158277973316289, 6.091344930308906, 5.101789323364891, 6.080012530414719, 10.137020375337123, 9.75075641014583, 9.234515148073557, 7.840322548211904, 8.459677869753671, 6.945151329524792, 3.415364861914463, 3.081443892073974, 0.0, 1.764701144670111, 1.7732592196292116, 2.588840966533093, 3.120570582441615, 3.7797964707110885, 5.936173454339084, 4.642548809651871, 4.51827122913178], [8.746689354264275, 7.359386897017984, 6.485320501717706, 5.146342581873072, 4.390002321183896, 3.0892480784164937, 2.74034580482099, 2.183554411962294, 1.0943372651975258, 3.468187287330372, 2.6770890235477784, 3.852605814250921, 4.476156347805559, 3.3572300621196636, 4.989100289631388, 9.476857507634056, 9.15836115579638, 8.852176230170748, 7.135459994282079, 7.528145717904244, 6.609103090435191, 3.725593419846025, 2.5255804738713037, 1.764701144670111, 0.0, 1.7673488478509274, 3.786324325780875, 3.7538037095724652, 4.323208564249474, 4.193534286255449, 2.891968578667479, 2.8783484240098525], [10.056379040688553, 8.736479785932088, 7.692323569637461, 6.400031848358256, 5.469079817483011, 4.194760534285599, 3.4009740281278247, 2.1733587094633045, 1.095216645235088, 2.7378899777018066, 4.031292481326553, 5.27746167300152, 5.8968733766293475, 4.699906013953896, 6.3806580608899575, 10.874379156990988, 10.353257708083962, 10.11823775269192, 8.631500246191273, 8.922567031970114, 7.733977256884067, 4.167105559018154, 2.5022102030005398, 1.7732592196292116, 1.7673488478509274, 0.0, 3.10613239415193, 2.5285687137192854, 3.74600095301643, 5.401368754306634, 3.9353874332776946, 4.4314276051854895], [9.325540647061704, 8.329482558958869, 7.035025932432658, 6.101258290713482, 4.820832403226646, 4.062006658044766, 2.6933185422448642, 2.183830673381066, 2.7701109634814274, 1.0958771098987332, 4.821392419208376, 6.09698901589957, 7.406722023270484, 6.8289980736561935, 6.704289228546155, 10.297670957065971, 9.523699990024886, 9.113072634956882, 8.352787858553574, 8.816692543692335, 6.703748545403534, 2.625847057617789, 3.0624877812001143, 2.588840966533093, 3.786324325780875, 3.10613239415193, 0.0, 1.7747351886971756, 1.7678727867128898, 7.777777699960317, 6.1795438682802475, 6.5050436839424846], [10.042819828613874, 8.94734364434495, 7.6465682367974726, 6.588455917739755, 5.454414257278228, 4.508666616639559, 3.39040140101434, 2.1767007741074567, 2.747011583521264, 1.0950750613542435, 4.917980472714384, 6.169490926324474, 7.2104392029889555, 6.491584726397708, 6.954972820220076, 11.01044294158959, 10.133800847164899, 10.000800570954308, 9.079790919398972, 9.243129795691502, 7.514213499096229, 3.5610505837463196, 2.4745964398260982, 3.120570582441615, 3.7538037095724652, 2.5285687137192854, 1.7747351886971756, 0.0, 1.7712331184798913, 7.332262463932944, 5.627757984313114, 6.401071508739768], [8.706114184296, 7.767500272932084, 6.378087631884654, 5.524934948033326, 4.341810632673885, 3.7551848023765753, 2.696285174086747, 2.1747830742398193, 3.4621847495476032, 1.0956497752475467, 4.5448632113629115, 5.676425865806758, 7.031326866246513, 6.74845980205854, 6.154249661006612, 9.728443191487527, 8.71607590891681, 8.604754517125983, 8.016419351555905, 8.152506553201905, 6.14334669296793, 2.395130004822285, 2.473848342158427, 3.7797964707110885, 4.323208564249474, 3.74600095301643, 1.7678727867128898, 1.7712331184798913, 0.0, 7.722595801930851, 6.0040257336224006, 6.686797031464317], [8.967451452335832, 7.455872284984501, 7.21474352142888, 5.956321725696153, 6.152177972880823, 5.226747013200466, 5.952842337908841, 5.716451387005753, 5.195608549534885, 7.16672686447586, 3.9187811076915233, 3.7311429629538453, 2.39830116123893, 1.0935628468451184, 4.887886407231657, 9.344134017125397, 9.376174523226409, 9.510295838721317, 7.224177867411627, 7.055769580988314, 7.8556771032165, 6.892304135773464, 5.282521468011275, 5.936173454339084, 4.193534286255449, 5.401368754306634, 7.777777699960317, 7.332262463932944, 7.722595801930851, 0.0, 1.770949815776833, 1.7720054796755003], [8.521603117958499, 7.024900834887279, 6.454238707237283, 5.102370548088407, 5.019494006371558, 3.935530547461168, 4.494632097291167, 4.073291122667271, 3.7413890161275667, 5.481400954135721, 2.697999581171205, 2.9775543017718418, 2.425117896103197, 1.0936704851096604, 4.280711034396038, 9.0886010419646, 8.828297360193526, 8.974903739316652, 6.938766297404748, 6.760074115717963, 6.993258146243423, 5.419698929829959, 3.5421799544913015, 4.642548809651871, 2.891968578667479, 3.9353874332776946, 6.1795438682802475, 5.627757984313114, 6.0040257336224006, 1.770949815776833, 0.0, 1.7888642793683371], [8.139570411882927, 6.626237076199432, 6.270577171202026, 4.961524612455329, 4.943858397041728, 3.958426364099754, 4.5881237559595105, 4.566493326393898, 3.955917337356785, 6.063953569248366, 2.7826519886611765, 2.928500600990206, 2.424349718996828, 1.0937163251958892, 4.134082903135833, 8.597739862894203, 8.65598921498866, 8.510884856464692, 6.267184742769276, 6.4748542516415, 6.744793791510604, 5.554036766172871, 4.428008254283182, 4.51827122913178, 2.8783484240098525, 4.4314276051854895, 6.5050436839424846, 6.401071508739768, 6.686797031464317, 1.7720054796755003, 1.7888642793683371, 0.0]]}