{"total energy": -43.49883937, "HOMO-LUMO gap/eV": 3.28273354, "electronic energy": -44.00821397, "dipole": [0.16721338, 0.1162692, 1.87661944], "partial charges": [-0.11357711, 0.01445253, -0.19135156, 0.25979247, -0.32522128, 0.28162971, -0.11897125, -0.31340012, 0.26203803, -0.1860719, 0.05076458, -0.11704034, -0.11171007, -0.3503362, 0.04815071, 0.0534173, 0.04307191, 0.06806827, 0.03159867, 0.19001131, 0.18728256, 0.07117764, 0.04871428, 0.05052641, 0.04264093, 0.04788675, 0.03815463, 0.03830117], "atomic dipole moments": [[-0.12986691, -0.00580446, -0.02229403], [0.03585664, -0.01955948, -0.17153158], [-0.07594804, -0.10539132, 0.10296436], [0.01649671, -0.012017, -0.01183277], [-0.19178195, 0.12927971, 0.15247464], [-0.02328442, -0.05490689, -0.1000175], [0.04344557, 0.11178023, 0.14884125], [0.2598531, 0.03160601, 0.09708912], [-0.01514637, -0.00226683, -0.01558354], [-0.0176513, -0.14312063, 0.01712474], [0.13532657, 0.03892593, 0.08430516], [0.0793231, -0.08986524, -0.04872658], [0.00699872, 0.09632671, -0.06143442], [-0.06379006, -0.12727526, -0.25476964], [0.02223463, 0.00262328, 0.12550462], [0.05729111, 0.10291088, -0.05224583], [0.05960218, -0.10137167, -0.04664428], [-0.04901334, 0.10487437, 0.06069188], [-0.04696422, -0.1002827, 0.0514478], [0.04238674, -0.1035367, -0.06952204], [0.06963166, 0.00929525, 0.11246424], [-0.05305369, -0.02468529, -0.12204905], [-0.12138826, -0.04163604, 0.00159395], [0.00108498, 0.10995115, -0.06653672], [0.0284306, 0.03340625, 0.11918217], [-0.11768698, -0.04948818, 0.00565138], [0.03885031, 0.01325063, 0.11997763], [0.07467194, -0.09357218, -0.04817442]], "atomic quadrupole moments": [[0.25140238, 0.00331922, -0.14610159, 0.08050119, 0.00724929, -0.10530079], [0.08725633, 0.00785753, -0.3097449, 0.16018602, 0.01982964, 0.22248857], [0.018962, 0.02346081, -0.09685125, 0.06789622, -0.02559289, 0.07788925], [-0.156751, 0.0883024, 0.21496541, 0.05869806, -0.33452069, -0.05821441], [-0.11699014, 0.05859633, 0.10669606, 0.02076023, -0.12246176, 0.01029408], [-0.4586323, 0.14398912, 0.27336022, 0.06490527, -0.11899258, 0.18527208], [-0.21889782, 0.07646131, -0.03778114, 0.11791634, 0.26094988, 0.25667896], [-0.14223504, 0.02496775, 0.12892475, -0.02026345, -0.11711437, 0.01331029], [-0.21709501, 0.02942784, 0.26054673, -0.12747028, -0.27813578, -0.04345172], [0.08725724, 0.01326317, -0.00571617, -0.06192745, -0.00054836, -0.08154107], [0.19314524, 0.02085552, 0.03581857, -0.10081065, -0.04016435, -0.22896381], [0.02695103, -0.15778121, 0.04809373, -0.09907277, 0.0995936, -0.07504476], [-0.10555618, 0.00711305, 0.13286093, -0.01195181, -0.16073158, -0.02730475], [-0.05185221, 0.01740215, 0.10669798, -0.02804489, -0.12839624, -0.05484577], [-0.02988551, -0.00022, -0.05300981, 0.01327961, 0.00298184, 0.08289532], [-0.01694715, 0.02762968, 0.04321464, -0.01627966, -0.04836544, -0.02626749], [-0.0150723, -0.03125, 0.04630364, -0.01704392, 0.04693365, -0.03123134], [-0.00487396, -0.02951856, 0.025607, 0.00228025, 0.01690525, -0.02073303], [-0.0154531, 0.03208951, 0.01856505, 0.01153715, -0.01644432, -0.00311195], [0.03776522, -0.05080629, -0.03570961, -0.00812176, 0.02284563, -0.00205561], [-0.00511769, 0.00872279, -0.04269809, -0.00811059, 0.04876151, 0.04781578], [-0.0164402, -0.00559835, -0.00640004, -0.00498064, 0.00806318, 0.02284025], [0.0620956, 0.04541885, -0.01413314, -5.24e-05, 0.00894554, -0.04796246], [-0.04472919, 0.00215547, 0.0386027, -0.01373174, -0.05479565, 0.00612649], [-0.02749201, -0.00325694, -0.03819937, 0.04187127, 0.01815934, 0.06569138], [0.07486008, 0.03344758, -0.02701509, 0.0037618, -0.00784511, -0.04784499], [-0.03905689, 0.01118244, -0.02296583, 0.03903761, 0.03100089, 0.06202272], [-0.00036759, -0.04952357, 0.00660918, -0.03989638, 0.02978055, -0.00624159]], "number of molecular orbitals": 75, "number of electrons": 78, "number of unpaired electrons": 0, "orbital energies/eV": [-28.73445905, -19.0795801, -18.46530536, -18.20745291, -17.8944052, -17.83283871, -17.40287632, -17.32158528, -16.67734541, -16.46728824, -16.37902584, -16.2036128, -15.72076816, -15.62917077, -15.26476948, -15.22250038, -14.66276084, -14.6163062, -14.33818388, -14.04230785, -13.93825247, -13.84216484, -13.57159608, -13.44242411, -13.17125885, -12.96870734, -12.88441745, -12.81487438, -12.73916929, -12.54071162, -12.4425536, -12.41578721, -12.14355676, -11.57354824, -11.52805418, -10.95611425, -10.90009199, -10.62605829, -10.45191464, -7.1691811, -6.67177206, -3.75935517, -3.5975041, 0.21724348, 0.29432545, 0.46911712, 0.47097603, 0.82882394, 0.87170436, 1.96821873, 2.46890478, 2.83789777, 2.90083824, 3.27202554, 3.50319531, 3.79080517, 4.03797166, 4.17042428, 4.32751643, 4.90387652, 4.96029326, 5.36173207, 5.57392142, 5.619865, 6.29137937, 6.33415088, 6.40315982, 6.61237576, 6.99614533, 7.25912316, 7.89322459, 11.23986327, 12.04855707, 12.57783457, 17.23416097], "fractional occupation": [2.0, 2.0, 2.0, 2.0, 2.0, 2.0, 2.0, 2.0, 2.0, 2.0, 2.0, 2.0, 2.0, 2.0, 2.0, 2.0, 2.0, 2.0, 2.0, 2.0, 2.0, 2.0, 2.0, 2.0, 2.0, 2.0, 2.0, 2.0, 2.0, 2.0, 2.0, 2.0, 2.0, 2.0, 2.0, 2.0, 2.0, 2.0, 2.0, 0.0, 0.0, 0.0, 0.0, 0.0, 0.0, 0.0, 0.0, 0.0, 0.0, 0.0, 0.0, 0.0, 0.0, 0.0, 0.0, 0.0, 0.0, 0.0, 0.0, 0.0, 0.0, 0.0, 0.0, 0.0, 0.0, 0.0, 0.0, 0.0, 0.0, 0.0, 0.0, 0.0, 0.0, 0.0, 0.0], "program call": "xtb /home/svss/Project-DBcg-Debug/aqme2_20220329/End-to-End-workflows-final/example-3/QDESCP/mol_236_rdkit_conf_6/mol_236_rdkit_conf_6.xyz --pop --wbo --acc 0.2 --gfn 2 --chrg 0 --uhf 0 --etemp 300 --input /home/svss/Project-DBcg-Debug/aqme2_20220329/End-to-End-workflows-final/example-3/QDESCP/mol_236_rdkit_conf_6/mol_236_rdkit_conf_6_xtb.inp", "method": "GFN2-xTB", "xtb version": "6.3.3 (7355c4f)", "Dipole module/D": 4.798, "Total charge": 0, "Transition dipole module/D": NaN, "HOMO": -10.4519, "LUMO": -7.1692, "HOMO occupancy": 2.0, "LUMO occupancy": 0, "mulliken charges": [-0.09537, 0.10399, -0.35503, 0.44238, -0.42068, 0.41566, -0.0967, -0.41425, 0.44431, -0.35376, 0.13479, -0.09999, -0.10472, -0.44211, 0.03291, 0.03802, 0.03087, 0.03401, 0.02241, 0.22009, 0.21964, 0.03796, 0.03258, 0.03908, 0.02971, 0.03442, 0.02908, 0.04073], "cm5 charges": [-0.23988, 0.05544, -0.69615, 0.65968, -0.59618, 0.57528, -0.08172, -0.59054, 0.66287, -0.69363, 0.12295, -0.24221, -0.24678, -0.61622, 0.0841, 0.09146, 0.08424, 0.10135, 0.08803, 0.42113, 0.42125, 0.10942, 0.08435, 0.09273, 0.08368, 0.08627, 0.08313, 0.09596], "FUKUI+": [0.013, 0.017, -0.057, -0.031, -0.1, -0.07, -0.189, -0.105, -0.029, -0.054, 0.009, 0.012, 0.013, -0.119, -0.028, -0.018, -0.017, -0.021, -0.024, -0.041, -0.04, -0.014, -0.027, -0.015, -0.018, -0.032, -0.018, 0.003], "FUKUI-": [0.015, 0.016, -0.071, 0.003, -0.09, 0.006, -0.137, -0.1, 0.003, -0.066, 0.002, 0.012, 0.006, -0.092, -0.035, -0.036, -0.035, -0.044, -0.06, -0.042, -0.036, -0.033, -0.036, -0.034, -0.032, -0.04, -0.027, -0.017], "FUKUIrad": [0.014, 0.016, -0.064, -0.014, -0.095, -0.032, -0.163, -0.102, -0.013, -0.06, 0.006, 0.012, 0.009, -0.105, -0.032, -0.027, -0.026, -0.033, -0.042, -0.041, -0.038, -0.023, -0.031, -0.024, -0.025, -0.036, -0.023, -0.007], "s proportion": [1.012, 1.001, 1.454, 0.978, 1.538, 1.009, 1.941, 1.534, 0.976, 1.448, 1.029, 1.016, 1.018, 1.53, 0.967, 0.962, 0.969, 0.966, 0.978, 0.78, 0.78, 0.962, 0.967, 0.961, 0.97, 0.966, 0.971, 0.959], "p proportion": [3.084, 2.895, 3.901, 2.579, 3.883, 2.575, 5.168, 3.88, 2.58, 3.905, 2.837, 3.084, 3.087, 3.912, 0.0, 0.0, 0.0, 0.0, 0.0, 0.0, 0.0, 0.0, 0.0, 0.0, 0.0, 0.0, 0.0, 0.0], "d proportion": [0.0, 0.0, 0.0, 0.0, 0.0, 0.0, -0.012, 0.0, 0.0, 0.0, 0.0, 0.0, 0.0, 0.0, 0.0, 0.0, 0.0, 0.0, 0.0, 0.0, 0.0, 0.0, 0.0, 0.0, 0.0, 0.0, 0.0, 0.0], "Fermi-level/eV": -8.8105, "Coordination numbers": [3.751, 3.747, 2.698, 2.958, 1.912, 2.977, 1.03, 1.905, 2.951, 2.702, 3.79, 3.755, 3.752, 1.85, 0.924, 0.924, 0.924, 0.924, 0.924, 0.86, 0.86, 0.924, 0.924, 0.924, 0.924, 0.924, 0.924, 0.924], "Dispersion coefficient C6": [22.735, 20.398, 25.15, 22.638, 29.281, 22.243, 102.879, 28.971, 22.598, 25.032, 19.735, 22.798, 22.697, 29.961, 2.343, 2.278, 2.408, 2.107, 2.564, 1.158, 1.173, 2.073, 2.336, 2.313, 2.414, 2.347, 2.474, 2.472], "Total dispersion C6": 8895.920997, "Total dispersion C8": 212879.132965, "Polarizability alpha": [6.8, 6.442, 7.448, 7.804, 8.023, 7.736, 15.518, 7.98, 7.797, 7.431, 6.327, 6.808, 6.794, 8.113, 2.394, 2.36, 2.427, 2.27, 2.504, 1.686, 1.697, 2.252, 2.39, 2.379, 2.43, 2.396, 2.46, 2.459], "Total polarizability alpha": 143.12178, "Wiberg matrix": [[0.0, 1.0193837499805933, 0.0, 0.0, 0.0, 0.0, 0.0, 0.0, 0.0, 0.0, 0.0, 0.0, 0.0, 0.0, 0.9847703708465967, 0.9860735730612453, 0.986044874197756, 0.0, 0.0, 0.0, 0.0, 0.0, 0.0, 0.0, 0.0, 0.0, 0.0, 0.0], [1.0193837499805933, 0.0, 0.986625901782689, 0.0, 0.0, 0.0, 0.0, 0.0, 0.0, 0.0, 0.0, 0.0, 0.0, 0.0, 0.0, 0.0, 0.0, 0.9696509655352451, 0.9693007565598994, 0.0, 0.0, 0.0, 0.0, 0.0, 0.0, 0.0, 0.0, 0.0], [0.0, 0.986625901782689, 0.0, 1.1936906364825592, 0.0, 0.0, 0.0, 0.0, 0.0, 0.0, 0.0, 0.0, 0.0, 0.0, 0.0, 0.0, 0.0, 0.0, 0.0, 0.9302853640540325, 0.0, 0.0, 0.0, 0.0, 0.0, 0.0, 0.0, 0.0], [0.0, 0.0, 1.1936906364825592, 0.0, 1.2960653705390246, 0.0, 0.0, 0.0, 0.0, 0.0, 0.0, 0.0, 0.0, 1.3422790965961044, 0.0, 0.0, 0.0, 0.0, 0.0, 0.0, 0.0, 0.0, 0.0, 0.0, 0.0, 0.0, 0.0, 0.0], [0.0, 0.0, 0.0, 1.2960653705390246, 0.0, 1.3991211219398654, 0.0, 0.0, 0.0, 0.0, 0.0, 0.0, 0.0, 0.0, 0.0, 0.0, 0.0, 0.0, 0.0, 0.0, 0.0, 0.0, 0.0, 0.0, 0.0, 0.0, 0.0, 0.0], [0.0, 0.0, 0.0, 0.0, 1.3991211219398654, 0.0, 1.0058344622715614, 1.4017256084233352, 0.0, 0.0, 0.0, 0.0, 0.0, 0.0, 0.0, 0.0, 0.0, 0.0, 0.0, 0.0, 0.0, 0.0, 0.0, 0.0, 0.0, 0.0, 0.0, 0.0], [0.0, 0.0, 0.0, 0.0, 0.0, 1.0058344622715614, 0.0, 0.0, 0.0, 0.0, 0.0, 0.0, 0.0, 0.0, 0.0, 0.0, 0.0, 0.0, 0.0, 0.0, 0.0, 0.0, 0.0, 0.0, 0.0, 0.0, 0.0, 0.0], [0.0, 0.0, 0.0, 0.0, 0.0, 1.4017256084233352, 0.0, 0.0, 1.2962655729690917, 0.0, 0.0, 0.0, 0.0, 0.0, 0.0, 0.0, 0.0, 0.0, 0.0, 0.0, 0.0, 0.0, 0.0, 0.0, 0.0, 0.0, 0.0, 0.0], [0.0, 0.0, 0.0, 0.0, 0.0, 0.0, 0.0, 1.2962655729690917, 0.0, 1.210670455129851, 0.0, 0.0, 0.0, 1.325702756819982, 0.0, 0.0, 0.0, 0.0, 0.0, 0.0, 0.0, 0.0, 0.0, 0.0, 0.0, 0.0, 0.0, 0.0], [0.0, 0.0, 0.0, 0.0, 0.0, 0.0, 0.0, 0.0, 1.210670455129851, 0.0, 0.9755824536476861, 0.0, 0.0, 0.0, 0.0, 0.0, 0.0, 0.0, 0.0, 0.0, 0.9311015949351304, 0.0, 0.0, 0.0, 0.0, 0.0, 0.0, 0.0], [0.0, 0.0, 0.0, 0.0, 0.0, 0.0, 0.0, 0.0, 0.0, 0.9755824536476861, 0.0, 1.005473745723702, 0.9988853018962083, 0.0, 0.0, 0.0, 0.0, 0.0, 0.0, 0.0, 0.0, 0.96023417640248, 0.0, 0.0, 0.0, 0.0, 0.0, 0.0], [0.0, 0.0, 0.0, 0.0, 0.0, 0.0, 0.0, 0.0, 0.0, 0.0, 1.005473745723702, 0.0, 0.0, 0.0, 0.0, 0.0, 0.0, 0.0, 0.0, 0.0, 0.0, 0.0, 0.9847363717066143, 0.9855212497988083, 0.9856268162988473, 0.0, 0.0, 0.0], [0.0, 0.0, 0.0, 0.0, 0.0, 0.0, 0.0, 0.0, 0.0, 0.0, 0.9988853018962083, 0.0, 0.0, 0.0, 0.0, 0.0, 0.0, 0.0, 0.0, 0.0, 0.0, 0.0, 0.0, 0.0, 0.0, 0.9836525573123432, 0.9854734175314773, 0.9856897867800258], [0.0, 0.0, 0.0, 1.3422790965961044, 0.0, 0.0, 0.0, 0.0, 1.325702756819982, 0.0, 0.0, 0.0, 0.0, 0.0, 0.0, 0.0, 0.0, 0.0, 0.0, 0.0, 0.0, 0.0, 0.0, 0.0, 0.0, 0.0, 0.0, 0.0], [0.9847703708465967, 0.0, 0.0, 0.0, 0.0, 0.0, 0.0, 0.0, 0.0, 0.0, 0.0, 0.0, 0.0, 0.0, 0.0, 0.0, 0.0, 0.0, 0.0, 0.0, 0.0, 0.0, 0.0, 0.0, 0.0, 0.0, 0.0, 0.0], [0.9860735730612453, 0.0, 0.0, 0.0, 0.0, 0.0, 0.0, 0.0, 0.0, 0.0, 0.0, 0.0, 0.0, 0.0, 0.0, 0.0, 0.0, 0.0, 0.0, 0.0, 0.0, 0.0, 0.0, 0.0, 0.0, 0.0, 0.0, 0.0], [0.986044874197756, 0.0, 0.0, 0.0, 0.0, 0.0, 0.0, 0.0, 0.0, 0.0, 0.0, 0.0, 0.0, 0.0, 0.0, 0.0, 0.0, 0.0, 0.0, 0.0, 0.0, 0.0, 0.0, 0.0, 0.0, 0.0, 0.0, 0.0], [0.0, 0.9696509655352451, 0.0, 0.0, 0.0, 0.0, 0.0, 0.0, 0.0, 0.0, 0.0, 0.0, 0.0, 0.0, 0.0, 0.0, 0.0, 0.0, 0.0, 0.0, 0.0, 0.0, 0.0, 0.0, 0.0, 0.0, 0.0, 0.0], [0.0, 0.9693007565598994, 0.0, 0.0, 0.0, 0.0, 0.0, 0.0, 0.0, 0.0, 0.0, 0.0, 0.0, 0.0, 0.0, 0.0, 0.0, 0.0, 0.0, 0.0, 0.0, 0.0, 0.0, 0.0, 0.0, 0.0, 0.0, 0.0], [0.0, 0.0, 0.9302853640540325, 0.0, 0.0, 0.0, 0.0, 0.0, 0.0, 0.0, 0.0, 0.0, 0.0, 0.0, 0.0, 0.0, 0.0, 0.0, 0.0, 0.0, 0.0, 0.0, 0.0, 0.0, 0.0, 0.0, 0.0, 0.0], [0.0, 0.0, 0.0, 0.0, 0.0, 0.0, 0.0, 0.0, 0.0, 0.9311015949351304, 0.0, 0.0, 0.0, 0.0, 0.0, 0.0, 0.0, 0.0, 0.0, 0.0, 0.0, 0.0, 0.0, 0.0, 0.0, 0.0, 0.0, 0.0], [0.0, 0.0, 0.0, 0.0, 0.0, 0.0, 0.0, 0.0, 0.0, 0.0, 0.96023417640248, 0.0, 0.0, 0.0, 0.0, 0.0, 0.0, 0.0, 0.0, 0.0, 0.0, 0.0, 0.0, 0.0, 0.0, 0.0, 0.0, 0.0], [0.0, 0.0, 0.0, 0.0, 0.0, 0.0, 0.0, 0.0, 0.0, 0.0, 0.0, 0.9847363717066143, 0.0, 0.0, 0.0, 0.0, 0.0, 0.0, 0.0, 0.0, 0.0, 0.0, 0.0, 0.0, 0.0, 0.0, 0.0, 0.0], [0.0, 0.0, 0.0, 0.0, 0.0, 0.0, 0.0, 0.0, 0.0, 0.0, 0.0, 0.9855212497988083, 0.0, 0.0, 0.0, 0.0, 0.0, 0.0, 0.0, 0.0, 0.0, 0.0, 0.0, 0.0, 0.0, 0.0, 0.0, 0.0], [0.0, 0.0, 0.0, 0.0, 0.0, 0.0, 0.0, 0.0, 0.0, 0.0, 0.0, 0.9856268162988473, 0.0, 0.0, 0.0, 0.0, 0.0, 0.0, 0.0, 0.0, 0.0, 0.0, 0.0, 0.0, 0.0, 0.0, 0.0, 0.0], [0.0, 0.0, 0.0, 0.0, 0.0, 0.0, 0.0, 0.0, 0.0, 0.0, 0.0, 0.0, 0.9836525573123432, 0.0, 0.0, 0.0, 0.0, 0.0, 0.0, 0.0, 0.0, 0.0, 0.0, 0.0, 0.0, 0.0, 0.0, 0.0], [0.0, 0.0, 0.0, 0.0, 0.0, 0.0, 0.0, 0.0, 0.0, 0.0, 0.0, 0.0, 0.9854734175314773, 0.0, 0.0, 0.0, 0.0, 0.0, 0.0, 0.0, 0.0, 0.0, 0.0, 0.0, 0.0, 0.0, 0.0, 0.0], [0.0, 0.0, 0.0, 0.0, 0.0, 0.0, 0.0, 0.0, 0.0, 0.0, 0.0, 0.0, 0.9856897867800258, 0.0, 0.0, 0.0, 0.0, 0.0, 0.0, 0.0, 0.0, 0.0, 0.0, 0.0, 0.0, 0.0, 0.0, 0.0]], "Born radii": [], "Atomic SASAs": [], "Solvent H bonds": [], "Total SASA": NaN, "Total FOD": 0.0, "FOD": [0.0, 0.0, 0.0, 0.0, 0.0, 0.0, 0.0, 0.0, 0.0, 0.0, 0.0, 0.0, 0.0, 0.0, 0.0, 0.0, 0.0, 0.0, 0.0, 0.0, 0.0, 0.0, 0.0, 0.0, 0.0, 0.0, 0.0, 0.0], "FOD s proportion": [0.0, 0.0, 0.0, 0.0, 0.0, 0.0, 0.0, 0.0, 0.0, 0.0, 0.0, 0.0, 0.0, 0.0, 0.0, 0.0, 0.0, 0.0, 0.0, 0.0, 0.0, 0.0, 0.0, 0.0, 0.0, 0.0, 0.0, 0.0], "FOD p proportion": [0.0, 0.0, 0.0, 0.0, 0.0, 0.0, 0.0, 0.0, 0.0, 0.0, 0.0, 0.0, 0.0, 0.0, 0.0, 0.0, 0.0, 0.0, 0.0, 0.0, 0.0, 0.0, 0.0, 0.0, 0.0, 0.0, 0.0, 0.0], "FOD d proportion": [0.0, 0.0, 0.0, 0.0, 0.0, 0.0, 0.0, 0.0, 0.0, 0.0, 0.0, 0.0, 0.0, 0.0, 0.0, 0.0, 0.0, 0.0, 0.0, 0.0, 0.0, 0.0, 0.0, 0.0, 0.0, 0.0, 0.0, 0.0], "coordinates": [["4.65680", "-0.01730", "1.06410"], ["3.16230", "-0.04290", "0.78480"], ["2.94130", "-0.06260", "-0.64910"], ["1.61320", "-0.14670", "-1.04600"], ["1.39740", "-0.80330", "-2.16910"], ["0.12080", "-0.83850", "-2.51780"], ["-0.23600", "-1.68660", "-3.95920"], ["-0.91700", "-0.32540", "-1.87810"], ["-0.58790", "0.30740", "-0.76810"], ["-1.55870", "0.91660", "0.00710"], ["-2.89970", "0.34870", "0.00580"], ["-3.85370", "1.38260", "0.60510"], ["-2.94220", "-0.94130", "0.82470"], ["0.65480", "0.41040", "-0.31160"], ["4.84300", "0.00510", "2.14230"], ["5.12470", "0.86590", "0.61650"], ["5.14950", "-0.90340", "0.65000"], ["2.70760", "0.84650", "1.23700"], ["2.72470", "-0.93180", "1.25510"], ["3.44960", "-0.77360", "-1.16470"], ["-1.15600", "1.12040", "0.91490"], ["-3.23970", "0.14450", "-1.01710"], ["-4.88240", "1.00750", "0.61110"], ["-3.83540", "2.31030", "0.02240"], ["-3.57620", "1.63410", "1.63500"], ["-3.95980", "-1.34420", "0.86230"], ["-2.60520", "-0.77160", "1.85360"], ["-2.29590", "-1.71050", "0.38890"]], "bond_dist": [[0.0, 1.5205900499477165, 2.4248807352115276, 3.705774862292635, 4.6577963244435665, 5.837779804857322, 7.208300577806116, 6.310207040184973, 5.56500359568617, 6.373527944553158, 7.639021347005125, 8.637071914717394, 7.6587132966314915, 4.253408254564802, 1.0943890715828626, 1.0951339689736594, 1.0951736437661381, 2.1390244248254855, 2.146113151723366, 2.6451599138804442, 5.924969685154514, 8.167758868257557, 9.604778013051627, 8.866810107924946, 8.41637319574174, 8.720503564015097, 7.343631440915319, 7.18768798501994], [1.5205900499477165, 0.0, 1.4509646101817921, 2.4004820120134207, 3.524004168555991, 4.559700469329099, 6.062650293394795, 4.879706051597781, 4.074089903279013, 4.879887144186841, 6.124380422540717, 7.161605849249175, 6.170383684990748, 2.774009751244577, 2.1609865200875267, 2.1691602269081, 2.16969931787794, 1.0964804102217243, 1.0967310791620708, 2.1016693436409066, 4.4741376588120305, 6.653387586034651, 8.114845034872815, 7.422035387277536, 6.995895317255684, 7.240421006405636, 5.910786189670542, 5.720976648265573], [2.4248807352115276, 1.4509646101817921, 0.0, 1.3886871605944948, 2.289686375903914, 3.4712073908079883, 4.867173029593257, 4.05782992866877, 3.5505370917651318, 4.651820189990151, 5.891972734152799, 7.059294984628423, 6.128602808144773, 2.359177293040945, 3.3783072891612456, 2.689068829539326, 2.6964333275643955, 2.1067633255778877, 2.1043768293725345, 1.0147577297069486, 4.542406002329602, 6.195407606445277, 7.996467954040709, 7.211465145863218, 7.111519524686689, 7.179972822371962, 6.1261611585070135, 5.587600759717895], [3.705774862292635, 2.4004820120134207, 1.3886871605944948, 0.0, 1.3187292405948992, 2.207269861163333, 3.7785667772318114, 2.669501103202619, 2.264569811244511, 3.5072177163672063, 4.6602543718127665, 5.912011951104294, 4.988243860317978, 1.3297497245722594, 4.540914904509883, 4.01495918534672, 3.994299510552507, 2.7196041256035777, 2.6733640735971598, 1.944082884035555, 3.622035320092834, 4.861714827095477, 6.802277369381522, 6.071702357658847, 6.1064623146302965, 6.01115164839484, 5.1568477512914805, 4.448086246915633], [4.6577963244435665, 3.524004168555991, 2.289686375903914, 1.3187292405948992, 0.0, 1.3238346913417853, 2.579277507365193, 2.381074709033717, 2.671679542909291, 4.0536933357125084, 4.952005898623304, 6.32838017663288, 5.2738989941029395, 2.339835186503528, 5.577978117561954, 4.943537325640416, 4.694209116560531, 4.004994543067443, 3.674694977817887, 2.2850002822756936, 4.4420186008165246, 4.871152353396473, 7.102421891157973, 6.471427435272685, 6.719285120457385, 6.179122155290345, 5.674850389217323, 4.583322019016338], [5.837779804857322, 4.559700469329099, 3.4712073908079883, 2.207269861163333, 1.3238346913417853, 0.0, 1.7100332774539801, 1.322692912206004, 2.208346120969265, 3.5037431798007113, 4.111133791303805, 5.521090460226132, 4.5348476369113, 2.5907963351062544, 6.687852107366011, 6.145553763494385, 5.943651448394328, 4.860996017278763, 4.58516897289511, 3.593883840638147, 4.153424700172136, 3.8093765552909047, 6.183020414813459, 5.658540087337015, 6.085006787177809, 5.32279107799658, 5.152153876778138, 3.8793978630710204], [7.208300577806116, 6.062650293394795, 4.867173029593257, 3.7785667772318114, 2.579277507365193, 1.7100332774539801, 0.0, 2.578294717444071, 3.7792841676698514, 4.925212809615438, 5.192202690573626, 6.583356014982025, 5.546592624305484, 4.300688247246015, 8.117043312684736, 7.495958326324927, 7.1317415215359565, 6.487054108761542, 6.043541347587522, 4.71449325060499, 5.699342050623037, 4.5859669983548725, 7.052293943108157, 6.692087008549724, 7.312937725018585, 6.101703569495982, 6.343420014471689, 4.811416925397341], [6.310207040184973, 4.879706051597781, 4.05782992866877, 2.669501103202619, 2.381074709033717, 1.322692912206004, 2.578294717444071, 0.0, 1.3194099628242923, 2.346981450714939, 2.816840306087656, 4.208058118657584, 3.4330592319387674, 2.3379219683299954, 7.032101137640158, 6.644122495860533, 6.597559841335279, 4.920866059953268, 4.8421732816990355, 4.447135972735712, 3.1540937906156183, 2.5213215384000516, 4.867970440542957, 4.367593536491234, 4.822121576650676, 4.219760353385012, 4.120036234063968, 2.993184962544079], [5.56500359568617, 4.074089903279013, 3.5505370917651318, 2.264569811244511, 2.671679542909291, 2.208346120969265, 3.7792841676698514, 1.3194099628242923, 0.0, 1.3836590331436427, 2.4382465297832376, 3.7023212880569942, 3.104672610759466, 1.327894777457913, 6.168994104390116, 5.904476113085733, 6.032810539872771, 3.895044938123307, 4.074588769434285, 4.198482917673955, 1.9535085385019437, 2.6684416145008685, 4.564544106479857, 3.896505474139617, 4.057703708996013, 4.093372244250454, 3.479518814433973, 2.8857985740519037], [6.373527944553158, 4.879887144186841, 4.651820189990151, 3.5072177163672063, 4.0536933357125084, 3.5037431798007113, 4.925212809615438, 2.346981450714939, 1.3836590331436427, 0.0, 1.4562943040470906, 2.416978485630354, 2.4564882291596675, 2.292899993458066, 6.809675042173452, 6.711316890894066, 6.980377328626297, 4.440594972523389, 4.82924446678774, 5.414144454112765, 1.0138059824246453, 2.1144467479697853, 3.379358001159391, 2.6694562498756182, 2.6898273011477896, 3.4070316831517724, 2.7119630786572295, 2.7551568902695904], [7.639021347005125, 6.124380422540717, 5.891972734152799, 4.6602543718127665, 4.952005898623304, 4.111133791303805, 5.192202690573626, 2.816840306087656, 2.4382465297832376, 1.4562943040470906, 0.0, 1.5291257960024085, 1.528562546970192, 3.569176361571392, 8.039408964594351, 8.064207691397835, 8.171436146112873, 5.7624188992123795, 5.9020594795376295, 6.553109035412123, 2.1124567190832573, 1.0970971014454463, 2.175202248067981, 2.173403922422153, 2.182704297425558, 2.1733188146243063, 2.180863860950518, 2.179826756877711], [8.637071914717394, 7.161605849249175, 7.059294984628423, 5.912011951104294, 6.32838017663288, 5.521090460226132, 6.583356014982025, 4.208058118657584, 3.7023212880569942, 2.416978485630354, 1.5291257960024085, 0.0, 2.50590654654159, 4.702348772687964, 8.938292956711589, 8.993262778880645, 9.28899468457163, 6.613422601800068, 7.00387706345564, 7.817901340513322, 2.7280597812364746, 2.1310608743065034, 1.0949701822424205, 1.0956739797950845, 1.0958797881154667, 2.74095736741745, 2.7853333983564696, 3.4699785143427038], [7.6587132966314915, 6.170383684990748, 6.128602808144773, 4.988243860317978, 5.2738989941029395, 4.5348476369113, 5.546592624305484, 3.4330592319387674, 3.104672610759466, 2.4564882291596675, 1.528562546970192, 2.50590654654159, 0.0, 4.007078684029052, 7.952426155582961, 8.26947366462945, 8.093674405979028, 5.940240750171663, 5.683228837553526, 6.6963380208887315, 2.729332037330746, 2.15863269918715, 2.758228134146992, 3.466178600418622, 2.7733061947790763, 1.0951036161021475, 1.0959025047877204, 1.0951228104646529], [4.253408254564802, 2.774009751244577, 2.359177293040945, 1.3297497245722594, 2.339835186503528, 2.5907963351062544, 4.300688247246015, 2.3379219683299954, 1.327894777457913, 2.292899993458066, 3.569176361571392, 4.702348772687964, 4.007078684029052, 0.0, 4.87102787304692, 4.587903210618114, 4.7804887919542285, 2.608128257965854, 2.9224195010299256, 3.152862611976615, 2.299434471777789, 3.9668076976329467, 5.645218112703883, 4.887031005631128, 4.815397621173147, 5.07456358025003, 4.088130995944234, 3.7007495929878855], [1.0943890715828626, 2.1609865200875267, 3.3783072891612456, 4.540914904509883, 5.577978117561954, 6.687852107366011, 8.117043312684736, 7.032101137640158, 6.168994104390116, 6.809675042173452, 8.039408964594351, 8.938292956711589, 7.952426155582961, 4.87102787304692, 0.0, 1.7743723312766122, 1.7737738835601342, 2.4672768815031687, 2.480342786793793, 3.67208200480327, 6.224018464786234, 8.679359423943682, 9.896099451804231, 9.22618824921755, 8.590338929867668, 8.997127226509582, 7.494150640332766, 7.5486149809087495], [1.0951339689736594, 2.1691602269081, 2.689068829539326, 4.01495918534672, 4.943537325640416, 6.145553763494385, 7.495958326324927, 6.644122495860533, 5.904476113085733, 6.711316890894066, 8.064207691397835, 8.993262778880645, 8.26947366462945, 4.587903210618114, 1.7743723312766122, 0.0, 1.7697908859523488, 2.495549843220928, 3.0658661500463453, 2.9439078959777256, 6.292932964842387, 8.552909112109166, 10.008103223388535, 9.095198633344959, 8.793925988999453, 9.352705485580096, 7.997698210735386, 7.858431337105389], [1.0951736437661381, 2.16969931787794, 2.6964333275643955, 3.994299510552507, 4.694209116560531, 5.943651448394328, 7.1317415215359565, 6.597559841335279, 6.032810539872771, 6.980377328626297, 8.171436146112873, 9.28899468457163, 8.093674405979028, 4.7804887919542285, 1.7737738835601342, 1.7697908859523488, 0.0, 3.0609793563498595, 2.4993214299085262, 2.4899084601647505, 6.62761410312942, 8.617191738611831, 10.212348879175643, 9.56295861436198, 9.140403259156567, 9.122429633600907, 7.848655699544986, 7.493568227486821], [2.1390244248254855, 1.0964804102217243, 2.1067633255778877, 2.7196041256035777, 4.004994543067443, 4.860996017278763, 6.487054108761542, 4.920866059953268, 3.895044938123307, 4.440594972523389, 5.7624188992123795, 6.613422601800068, 5.940240750171663, 2.608128257965854, 2.4672768815031687, 2.495549843220928, 3.0609793563498595, 0.0, 1.7784743208716847, 2.9905602986731434, 3.886666255288714, 6.398761450468363, 7.6174649201686515, 6.8138691358141, 6.345459809974372, 7.0280715235404365, 5.587869630726901, 5.6826520973925545], [2.146113151723366, 1.0967310791620708, 2.1043768293725345, 2.6733640735971598, 3.674694977817887, 4.58516897289511, 6.043541347587522, 4.8421732816990355, 4.074588769434285, 4.82924446678774, 5.9020594795376295, 7.00387706345564, 5.683228837553526, 2.9224195010299256, 2.480342786793793, 3.0658661500463453, 2.4993214299085262, 1.7784743208716847, 0.0, 2.530995711177718, 4.403077715643911, 6.472664203401872, 7.876775412565728, 7.4206248867598745, 6.813920136749476, 6.7087186444208555, 5.365789811388441, 5.153940287779826], [2.6451599138804442, 2.1016693436409066, 1.0147577297069486, 1.944082884035555, 2.2850002822756936, 3.593883840638147, 4.71449325060499, 4.447135972735712, 4.198482917673955, 5.414144454112765, 6.553109035412123, 7.817901340513322, 6.6963380208887315, 3.152862611976615, 3.67208200480327, 2.9439078959777256, 2.4899084601647505, 2.9905602986731434, 2.530995711177718, 0.0, 5.39662149126655, 6.753623313451825, 8.70333308853568, 7.999429393400507, 7.937077864050472, 7.702825567283735, 6.765407743070627, 6.025132763682473], [5.924969685154514, 4.4741376588120305, 4.542406002329602, 3.622035320092834, 4.4420186008165246, 4.153424700172136, 5.699342050623037, 3.1540937906156183, 1.9535085385019437, 1.0138059824246453, 2.1124567190832573, 2.7280597812364746, 2.729332037330746, 2.299434471777789, 6.224018464786234, 6.292932964842387, 6.62761410312942, 3.886666255288714, 4.403077715643911, 5.39662149126655, 0.0, 3.004465093822859, 3.7404675924274495, 3.0645721756878235, 2.576780887075966, 3.7334051963321633, 2.561445359557763, 3.096779427082271], [8.167758868257557, 6.653387586034651, 6.195407606445277, 4.861714827095477, 4.871152353396473, 3.8093765552909047, 4.5859669983548725, 2.5213215384000516, 2.6684416145008685, 2.1144467479697853, 1.0970971014454463, 2.1310608743065034, 2.15863269918715, 3.9668076976329467, 8.679359423943682, 8.552909112109166, 8.617191738611831, 6.398761450468363, 6.472664203401872, 6.753623313451825, 3.004465093822859, 0.0, 2.468657029641825, 2.4750976505988604, 3.060355342113069, 2.503380925868055, 3.0794070776693356, 2.5116965262547146], [9.604778013051627, 8.114845034872815, 7.996467954040709, 6.802277369381522, 7.102421891157973, 6.183020414813459, 7.052293943108157, 4.867970440542957, 4.564544106479857, 3.379358001159391, 2.175202248067981, 1.0949701822424205, 2.758228134146992, 5.645218112703883, 9.896099451804231, 10.008103223388535, 10.212348879175643, 7.6174649201686515, 7.876775412565728, 8.70333308853568, 3.7404675924274495, 2.468657029641825, 0.0, 1.772022722766274, 1.7740228888038618, 2.538658127830528, 3.1455751302424804, 3.7585740766945115], [8.866810107924946, 7.422035387277536, 7.211465145863218, 6.071702357658847, 6.471427435272685, 5.658540087337015, 6.692087008549724, 4.367593536491234, 3.896505474139617, 2.6694562498756182, 2.173403922422153, 1.0956739797950845, 3.466178600418622, 4.887031005631128, 9.22618824921755, 9.095198633344959, 9.56295861436198, 6.8138691358141, 7.4206248867598745, 7.999429393400507, 3.0645721756878235, 2.4750976505988604, 1.772022722766274, 0.0, 1.767741451683475, 3.7518365662699114, 3.790091435572498, 4.321020150381156], [8.41637319574174, 6.995895317255684, 7.111519524686689, 6.1064623146302965, 6.719285120457385, 6.085006787177809, 7.312937725018585, 4.822121576650676, 4.057703708996013, 2.6898273011477896, 2.182704297425558, 1.0958797881154667, 2.7733061947790763, 4.815397621173147, 8.590338929867668, 8.793925988999453, 9.140403259156567, 6.345459809974372, 6.813920136749476, 7.937077864050472, 2.576780887075966, 3.060355342113069, 1.7740228888038618, 1.767741451683475, 0.0, 3.100723325290407, 2.6034629726577636, 3.79187057532295], [8.720503564015097, 7.240421006405636, 7.179972822371962, 6.01115164839484, 6.179122155290345, 5.32279107799658, 6.101703569495982, 4.219760353385012, 4.093372244250454, 3.4070316831517724, 2.1733188146243063, 2.74095736741745, 1.0951036161021475, 5.07456358025003, 8.997127226509582, 9.352705485580096, 9.122429633600907, 7.0280715235404365, 6.7087186444208555, 7.702825567283735, 3.7334051963321633, 2.503380925868055, 2.538658127830528, 3.7518365662699114, 3.100723325290407, 0.0, 1.773552257476503, 1.7682891335977835], [7.343631440915319, 5.910786189670542, 6.1261611585070135, 5.1568477512914805, 5.674850389217323, 5.152153876778138, 6.343420014471689, 4.120036234063968, 3.479518814433973, 2.7119630786572295, 2.180863860950518, 2.7853333983564696, 1.0959025047877204, 4.088130995944234, 7.494150640332766, 7.997698210735386, 7.848655699544986, 5.587869630726901, 5.365789811388441, 6.765407743070627, 2.561445359557763, 3.0794070776693356, 3.1455751302424804, 3.790091435572498, 2.6034629726577636, 1.773552257476503, 0.0, 1.7670726612111907], [7.18768798501994, 5.720976648265573, 5.587600759717895, 4.448086246915633, 4.583322019016338, 3.8793978630710204, 4.811416925397341, 2.993184962544079, 2.8857985740519037, 2.7551568902695904, 2.179826756877711, 3.4699785143427038, 1.0951228104646529, 3.7007495929878855, 7.5486149809087495, 7.858431337105389, 7.493568227486821, 5.6826520973925545, 5.153940287779826, 6.025132763682473, 3.096779427082271, 2.5116965262547146, 3.7585740766945115, 4.321020150381156, 3.79187057532295, 1.7682891335977835, 1.7670726612111907, 0.0]]}