{"total energy": -63.05383598, "HOMO-LUMO gap/eV": 2.22443592, "electronic energy": -63.70780422, "dipole": [-3.03478609, 1.41356268, 1.36284541], "partial charges": [-0.3878452, 0.13880241, -0.06482853, -0.03441968, 0.09358333, -0.15288775, -0.02886097, -0.03328012, 0.27695717, -0.4080491, -0.15552444, 0.08399844, -0.0402891, -0.02425343, 0.00608654, -0.03173242, 0.07635816, -0.15138934, 0.52372368, -0.38177132, -0.37842335, 0.31533573, 0.05308574, 0.07010312, 0.09869709, 0.23687922, 0.10771732, 0.09380656, 0.09842024], "atomic dipole moments": [[-0.18135325, 0.047466, -0.06926058], [0.1425131, -0.0042618, 0.18893313], [0.02479614, -0.01088327, -0.00842965], [0.02704237, -0.01673528, -0.02895237], [-0.13502918, 0.00038621, -0.19395647], [0.00287224, -0.01278681, -0.04789164], [-0.01582397, 0.01650775, 0.04421016], [0.04295459, -0.01300917, 0.00929222], [0.05419124, -0.01115574, 0.0328642], [-0.06039438, 0.0647324, 0.17618895], [0.03760222, -0.0259301, -0.05120093], [-0.11285367, 0.04396242, 0.01565303], [-0.01244197, 0.02235652, 0.07307638], [0.00247108, 0.01065693, 0.04706971], [0.14439441, -0.04266037, 0.03525474], [-0.01840157, -0.00403415, -0.04293701], [-0.13856514, 0.0868366, 0.15298295], [0.07479589, -0.00150816, 0.10222651], [0.08072371, -0.02614531, 0.01035119], [-0.09685889, -0.02453478, -0.24012735], [-0.12180703, 0.0942882, 0.20764256], [-0.05456833, 0.03420673, 0.06028121], [-0.0695613, 0.05545474, 0.12512325], [-0.14525462, 0.05395732, 0.00947208], [0.05398284, -0.05371945, -0.14050588], [-0.05755438, 0.04641426, 0.10570852], [-0.05164141, -0.01845299, -0.14995407], [0.07351432, -0.05804902, -0.13005335], [0.06423643, 0.01360684, 0.14833313]], "atomic quadrupole moments": [[0.02680676, -0.01673716, -0.0612478, 0.06819279, 0.00076246, 0.03444105], [-0.19550894, 0.24304527, 0.18230679, 0.25919604, -0.16482324, 0.01320215], [-0.1450595, 0.20950874, 0.33743358, -0.00808485, -0.1548586, -0.19237408], [-0.20344966, 0.24957517, 0.40632096, -0.05236716, -0.16252235, -0.2028713], [-0.176711, 0.22133001, 0.1630627, 0.24195651, -0.15109198, 0.01364829], [-0.00855292, 0.00866042, -0.21619167, 0.32796995, -0.00964854, 0.22474459], [-0.15393377, 0.23872898, 0.41663995, -0.04216592, -0.18377448, -0.26270617], [-0.06163662, 0.12109412, 0.2665716, -0.08115176, -0.10373714, -0.20493497], [-0.20225916, 0.24461688, 0.38418496, -0.03461098, -0.15756904, -0.1819258], [-0.07047404, 0.08463112, 0.15006584, -0.03729255, -0.05378493, -0.0795918], [-0.00215822, 0.01856988, 0.03233742, 0.0085572, -0.02128789, -0.0301792], [-0.01526349, 0.15035551, 0.31949197, -0.01106738, -0.17281147, -0.30422848], [-0.14613378, 0.22208352, 0.40988626, -0.07470657, -0.16839444, -0.26375248], [-0.18772557, 0.26315929, 0.43377368, -0.03091654, -0.19038041, -0.24604811], [0.084114, 0.065524, 0.2131803, -0.00276108, -0.1384364, -0.2972943], [-0.17259217, 0.22972582, 0.41626648, -0.09172997, -0.15909307, -0.24367431], [-0.20250502, 0.08356304, 0.22116564, -0.30075795, 0.04331981, -0.01866061], [-0.05494106, -0.1236085, -0.1208882, -0.27564981, 0.19327413, 0.17582926], [-0.17209926, 0.14143031, 0.19262657, -0.0434373, -0.05240723, -0.02052731], [-0.13618975, 0.1126757, 0.0802228, 0.07192619, -0.04401262, 0.05596695], [-0.11329536, 0.05508591, 0.11710451, -0.13276107, 0.01350606, -0.00380915], [-0.01400397, -0.03521241, -0.05114159, -0.05246002, 0.05351281, 0.06514556], [0.01082007, -0.02236511, -0.04752621, 0.01184726, 0.0196035, 0.03670614], [0.01743061, -0.0252082, -0.04785185, 0.01137131, 0.01848996, 0.03042124], [0.02461423, -0.02533366, -0.04229145, 0.0115468, 0.0136374, 0.01767722], [0.03256722, -0.02533514, -0.04192753, 0.02053872, 0.0079857, 0.00936031], [0.03907071, -0.03183559, -0.04291386, 0.00952412, 0.01158263, 0.00384315], [0.03231593, -0.0289585, -0.04274252, 0.01016915, 0.01274611, 0.01042658], [0.02282059, -0.02508158, -0.03749857, 0.00332656, 0.01469626, 0.01467798]], "number of molecular orbitals": 102, "number of electrons": 108, "number of unpaired electrons": 0, "orbital energies/eV": [-29.44682548, -29.08843343, -20.76765024, -20.63606787, -20.28297467, -19.61660575, -19.23563849, -19.01739907, -18.9755058, -18.6762284, -18.43073148, -18.16458228, -17.94581439, -17.91757088, -17.56440463, -17.29051643, -17.26296794, -17.05749565, -16.83172356, -16.62458978, -16.32080445, -16.29107273, -15.96972424, -15.95755201, -15.6541306, -15.65244186, -15.26933767, -15.14752935, -14.94681463, -14.73099286, -14.5450438, -14.53758955, -14.41056896, -14.25404843, -14.10445059, -14.01694891, -13.97229534, -13.66150105, -13.19337878, -13.18713242, -13.05724107, -12.90839462, -12.74660647, -12.72188566, -12.48534147, -12.32092629, -12.23708534, -12.13856698, -11.98623734, -11.85906944, -11.82003766, -11.41366765, -11.34504562, -11.20587756, -8.98144164, -8.05378674, -7.44480139, -7.13332004, -6.78134003, -5.6766259, -4.6645091, -4.14615315, -3.82025029, -3.39448887, -1.4711405, -1.00263476, -0.43114036, -0.288703, -0.2647417, -0.1130431, 0.0666069, 0.09468147, 0.15932972, 0.16734612, 0.51854783, 1.69069486, 2.11800842, 2.51275564, 3.16486788, 3.26228082, 3.50280552, 3.81057273, 3.97483987, 4.07924101, 4.28543258, 4.89835293, 4.92334372, 6.6974048, 7.7806163, 8.34828821, 9.02439577, 9.0984926, 9.62323044, 10.07198745, 10.49433899, 10.82967145, 12.03631985, 14.38031617, 15.14035, 15.53982658, 15.68983453, 17.12168846], "fractional occupation": [2.0, 2.0, 2.0, 2.0, 2.0, 2.0, 2.0, 2.0, 2.0, 2.0, 2.0, 2.0, 2.0, 2.0, 2.0, 2.0, 2.0, 2.0, 2.0, 2.0, 2.0, 2.0, 2.0, 2.0, 2.0, 2.0, 2.0, 2.0, 2.0, 2.0, 2.0, 2.0, 2.0, 2.0, 2.0, 2.0, 2.0, 2.0, 2.0, 2.0, 2.0, 2.0, 2.0, 2.0, 2.0, 2.0, 2.0, 2.0, 2.0, 2.0, 2.0, 2.0, 2.0, 2.0, 0.0, 0.0, 0.0, 0.0, 0.0, 0.0, 0.0, 0.0, 0.0, 0.0, 0.0, 0.0, 0.0, 0.0, 0.0, 0.0, 0.0, 0.0, 0.0, 0.0, 0.0, 0.0, 0.0, 0.0, 0.0, 0.0, 0.0, 0.0, 0.0, 0.0, 0.0, 0.0, 0.0, 0.0, 0.0, 0.0, 0.0, 0.0, 0.0, 0.0, 0.0, 0.0, 0.0, 0.0, 0.0, 0.0, 0.0, 0.0], "program call": "xtb /home/svss/Project-DBcg-Debug/aqme2_20220329/End-to-End-workflows-final/example-3/QDESCP/mol_112_rdkit_conf_2/mol_112_rdkit_conf_2.xyz --pop --wbo --acc 0.2 --gfn 2 --chrg 0 --uhf 0 --etemp 300 --input /home/svss/Project-DBcg-Debug/aqme2_20220329/End-to-End-workflows-final/example-3/QDESCP/mol_112_rdkit_conf_2/mol_112_rdkit_conf_2_xtb.inp", "method": "GFN2-xTB", "xtb version": "6.3.3 (7355c4f)", "Dipole module/D": 9.188, "Total charge": 0, "Transition dipole module/D": NaN, "HOMO": -11.2059, "LUMO": -8.9814, "HOMO occupancy": 2.0, "LUMO occupancy": 0, "mulliken charges": [-0.52641, 0.2491, -0.08315, -0.03023, 0.09704, -0.09294, -0.01926, -0.06927, 0.47917, -0.53681, -0.32097, 0.15058, -0.04013, -0.01411, 0.03203, -0.03181, 0.07312, -0.08292, 0.67392, -0.47155, -0.46879, 0.36849, 0.04415, 0.05044, 0.07514, 0.25863, 0.0854, 0.07443, 0.07669], "cm5 charges": [-0.74134, 0.26407, -0.13474, -0.082, 0.08981, -0.095, -0.06631, -0.06558, 0.57622, -0.58552, -0.65663, 0.2056, -0.08674, -0.0602, 0.0846, -0.07447, 0.07332, -0.08402, 0.51342, -0.43367, -0.43069, 0.53839, 0.1022, 0.1069, 0.13735, 0.47739, 0.15117, 0.13631, 0.14017], "FUKUI+": [-0.009, -0.013, -0.015, -0.029, -0.013, -0.06, -0.017, -0.019, -0.025, -0.071, -0.021, -0.028, -0.013, -0.019, -0.015, -0.016, -0.015, -0.064, -0.074, -0.107, -0.107, -0.02, -0.036, -0.041, -0.028, -0.022, -0.032, -0.037, -0.035], "FUKUI-": [-0.033, -0.024, -0.017, -0.018, -0.017, -0.185, -0.014, -0.018, -0.004, -0.057, -0.036, -0.013, -0.012, -0.016, -0.027, -0.009, -0.015, -0.122, -0.016, -0.049, -0.052, -0.027, -0.04, -0.041, -0.032, -0.016, -0.026, -0.034, -0.03], "FUKUIrad": [-0.021, -0.019, -0.016, -0.023, -0.015, -0.122, -0.015, -0.018, -0.014, -0.064, -0.028, -0.021, -0.013, -0.017, -0.021, -0.013, -0.015, -0.093, -0.045, -0.078, -0.08, -0.023, -0.038, -0.041, -0.03, -0.019, -0.029, -0.035, -0.033], "s proportion": [1.696, 1.023, 1.061, 1.065, 1.077, 1.943, 1.072, 1.087, 0.992, 1.728, 1.433, 1.048, 1.067, 1.071, 1.07, 1.069, 1.084, 1.945, 1.331, 1.747, 1.746, 0.632, 0.956, 0.95, 0.925, 0.741, 0.915, 0.926, 0.923], "p proportion": [4.831, 2.728, 3.022, 2.965, 2.826, 5.161, 2.947, 2.982, 2.529, 4.808, 3.888, 2.801, 2.973, 2.943, 2.898, 2.963, 2.843, 5.148, 2.995, 4.725, 4.722, 0.0, 0.0, 0.0, 0.0, 0.0, 0.0, 0.0, 0.0], "d proportion": [0.0, 0.0, 0.0, 0.0, 0.0, -0.011, 0.0, 0.0, 0.0, 0.0, 0.0, 0.0, 0.0, 0.0, 0.0, 0.0, 0.0, -0.01, 0.0, 0.0, 0.0, 0.0, 0.0, 0.0, 0.0, 0.0, 0.0, 0.0, 0.0], "Fermi-level/eV": -10.0937, "Coordination numbers": [1.658, 2.841, 2.91, 2.95, 2.877, 0.966, 2.953, 2.962, 2.751, 0.858, 2.688, 2.915, 2.914, 2.908, 2.899, 2.951, 2.883, 0.959, 2.755, 0.926, 0.926, 0.804, 0.925, 0.925, 0.925, 0.86, 0.925, 0.925, 0.925], "Dispersion coefficient C6": [20.615, 24.967, 29.613, 28.856, 25.919, 103.94, 28.72, 28.827, 22.314, 21.842, 24.365, 26.129, 29.001, 28.609, 27.885, 28.79, 26.293, 103.89, 13.765, 21.288, 21.222, 0.677, 2.282, 2.084, 1.797, 0.936, 1.716, 1.843, 1.799], "Total dispersion C6": 15691.782883, "Total dispersion C8": 428392.097377, "Polarizability alpha": [6.129, 8.189, 8.923, 8.811, 8.346, 15.597, 8.79, 8.807, 7.735, 6.266, 7.331, 8.382, 8.831, 8.771, 8.658, 8.801, 8.406, 15.594, 5.51, 6.188, 6.178, 1.292, 2.362, 2.258, 2.096, 1.516, 2.049, 2.123, 2.098], "Total polarizability alpha": 196.034765, "Wiberg matrix": [[0.0, 1.0643093972313293, 0.0, 0.0, 0.0, 0.0, 0.0, 0.0, 0.0, 0.0, 0.0, 0.0, 0.0, 0.0, 0.0, 0.0, 0.0, 0.0, 0.0, 0.0, 0.0, 0.8700738695386283, 0.0, 0.0, 0.0, 0.0, 0.0, 0.0, 0.0], [1.0643093972313293, 0.0, 1.3774861668861313, 0.0, 0.0, 0.0, 0.0, 1.3286633442455116, 0.0, 0.0, 0.0, 0.0, 0.0, 0.0, 0.0, 0.0, 0.0, 0.0, 0.0, 0.0, 0.0, 0.0, 0.0, 0.0, 0.0, 0.0, 0.0, 0.0, 0.0], [0.0, 1.3774861668861313, 0.0, 1.44517752477464, 0.0, 0.0, 0.10593715769056715, 0.0, 0.0, 0.0, 0.0, 0.0, 0.0, 0.0, 0.0, 0.0, 0.0, 0.0, 0.0, 0.0, 0.0, 0.0, 0.962934474786656, 0.0, 0.0, 0.0, 0.0, 0.0, 0.0], [0.0, 0.0, 1.44517752477464, 0.0, 1.3886561912830606, 0.0, 0.0, 0.0, 0.0, 0.0, 0.0, 0.0, 0.0, 0.0, 0.0, 0.0, 0.0, 0.0, 0.0, 0.0, 0.0, 0.0, 0.0, 0.9661806630759643, 0.0, 0.0, 0.0, 0.0, 0.0], [0.0, 0.0, 0.0, 1.3886561912830606, 0.0, 0.9900200618607392, 1.411984888514388, 0.0, 0.0, 0.0, 0.0, 0.0, 0.0, 0.0, 0.0, 0.0, 0.0, 0.0, 0.0, 0.0, 0.0, 0.0, 0.0, 0.0, 0.0, 0.0, 0.0, 0.0, 0.0], [0.0, 0.0, 0.0, 0.0, 0.9900200618607392, 0.0, 0.0, 0.0, 0.0, 0.0, 0.0, 0.0, 0.0, 0.0, 0.0, 0.0, 0.0, 0.0, 0.0, 0.0, 0.0, 0.0, 0.0, 0.0, 0.0, 0.0, 0.0, 0.0, 0.0], [0.0, 0.0, 0.10593715769056715, 0.0, 1.411984888514388, 0.0, 0.0, 1.3902502798698424, 0.0, 0.0, 0.0, 0.0, 0.0, 0.0, 0.0, 0.0, 0.0, 0.0, 0.0, 0.0, 0.0, 0.0, 0.0, 0.0, 0.957543581233412, 0.0, 0.0, 0.0, 0.0], [0.0, 1.3286633442455116, 0.0, 0.0, 0.0, 0.0, 1.3902502798698424, 0.0, 1.0032080575036542, 0.0, 0.0, 0.0, 0.0, 0.0, 0.0, 0.0, 0.0, 0.0, 0.0, 0.0, 0.0, 0.0, 0.0, 0.0, 0.0, 0.0, 0.0, 0.0, 0.0], [0.0, 0.0, 0.0, 0.0, 0.0, 0.0, 0.0, 1.0032080575036542, 0.0, 1.690084458604874, 1.1781436674108112, 0.0, 0.0, 0.0, 0.0, 0.0, 0.0, 0.0, 0.0, 0.0, 0.0, 0.0, 0.0, 0.0, 0.0, 0.0, 0.0, 0.0, 0.0], [0.0, 0.0, 0.0, 0.0, 0.0, 0.0, 0.0, 0.0, 1.690084458604874, 0.0, 0.15171357246340034, 0.0, 0.0, 0.0, 0.0, 0.0, 0.0, 0.0, 0.0, 0.0, 0.0, 0.0, 0.0, 0.0, 0.0, 0.0, 0.0, 0.0, 0.0], [0.0, 0.0, 0.0, 0.0, 0.0, 0.0, 0.0, 0.0, 1.1781436674108112, 0.15171357246340034, 0.0, 1.1217023283721481, 0.0, 0.0, 0.0, 0.0, 0.0, 0.0, 0.0, 0.0, 0.0, 0.0, 0.0, 0.0, 0.0, 0.8722958205045666, 0.0, 0.0, 0.0], [0.0, 0.0, 0.0, 0.0, 0.0, 0.0, 0.0, 0.0, 0.0, 0.0, 1.1217023283721481, 0.0, 1.357547445057418, 0.0, 0.0, 0.0, 1.3041330104013993, 0.0, 0.0, 0.0, 0.0, 0.0, 0.0, 0.0, 0.0, 0.0, 0.0, 0.0, 0.0], [0.0, 0.0, 0.0, 0.0, 0.0, 0.0, 0.0, 0.0, 0.0, 0.0, 0.0, 1.357547445057418, 0.0, 1.4576940271936691, 0.0, 0.0, 0.0, 0.0, 0.0, 0.0, 0.0, 0.0, 0.0, 0.0, 0.0, 0.0, 0.9529953791221162, 0.0, 0.0], [0.0, 0.0, 0.0, 0.0, 0.0, 0.0, 0.0, 0.0, 0.0, 0.0, 0.0, 0.0, 1.4576940271936691, 0.0, 1.373299447160496, 0.0, 0.0, 0.0, 0.0, 0.0, 0.0, 0.0, 0.0, 0.0, 0.0, 0.0, 0.0, 0.9597759041020195, 0.0], [0.0, 0.0, 0.0, 0.0, 0.0, 0.0, 0.0, 0.0, 0.0, 0.0, 0.0, 0.0, 0.0, 1.373299447160496, 0.0, 1.3662671187259112, 0.0, 0.0, 0.9653555743173667, 0.0, 0.0, 0.0, 0.0, 0.0, 0.0, 0.0, 0.0, 0.0, 0.0], [0.0, 0.0, 0.0, 0.0, 0.0, 0.0, 0.0, 0.0, 0.0, 0.0, 0.0, 0.0, 0.0, 0.0, 1.3662671187259112, 0.0, 1.4405644661611399, 0.0, 0.0, 0.0, 0.0, 0.0, 0.0, 0.0, 0.0, 0.0, 0.0, 0.0, 0.9567656376209035], [0.0, 0.0, 0.0, 0.0, 0.0, 0.0, 0.0, 0.0, 0.0, 0.0, 0.0, 1.3041330104013993, 0.0, 0.0, 0.0, 1.4405644661611399, 0.0, 0.981731048468111, 0.0, 0.0, 0.0, 0.0, 0.0, 0.0, 0.0, 0.0, 0.0, 0.0, 0.0], [0.0, 0.0, 0.0, 0.0, 0.0, 0.0, 0.0, 0.0, 0.0, 0.0, 0.0, 0.0, 0.0, 0.0, 0.0, 0.0, 0.981731048468111, 0.0, 0.0, 0.0, 0.0, 0.0, 0.0, 0.0, 0.0, 0.0, 0.0, 0.0, 0.0], [0.0, 0.0, 0.0, 0.0, 0.0, 0.0, 0.0, 0.0, 0.0, 0.0, 0.0, 0.0, 0.0, 0.0, 0.9653555743173667, 0.0, 0.0, 0.0, 0.0, 1.4420543841638198, 1.4449360827284186, 0.0, 0.0, 0.0, 0.0, 0.0, 0.0, 0.0, 0.0], [0.0, 0.0, 0.0, 0.0, 0.0, 0.0, 0.0, 0.0, 0.0, 0.0, 0.0, 0.0, 0.0, 0.0, 0.0, 0.0, 0.0, 0.0, 1.4420543841638198, 0.0, 0.3627426476458283, 0.0, 0.0, 0.0, 0.0, 0.0, 0.0, 0.0, 0.0], [0.0, 0.0, 0.0, 0.0, 0.0, 0.0, 0.0, 0.0, 0.0, 0.0, 0.0, 0.0, 0.0, 0.0, 0.0, 0.0, 0.0, 0.0, 1.4449360827284186, 0.3627426476458283, 0.0, 0.0, 0.0, 0.0, 0.0, 0.0, 0.0, 0.0, 0.0], [0.8700738695386283, 0.0, 0.0, 0.0, 0.0, 0.0, 0.0, 0.0, 0.0, 0.0, 0.0, 0.0, 0.0, 0.0, 0.0, 0.0, 0.0, 0.0, 0.0, 0.0, 0.0, 0.0, 0.0, 0.0, 0.0, 0.0, 0.0, 0.0, 0.0], [0.0, 0.0, 0.962934474786656, 0.0, 0.0, 0.0, 0.0, 0.0, 0.0, 0.0, 0.0, 0.0, 0.0, 0.0, 0.0, 0.0, 0.0, 0.0, 0.0, 0.0, 0.0, 0.0, 0.0, 0.0, 0.0, 0.0, 0.0, 0.0, 0.0], [0.0, 0.0, 0.0, 0.9661806630759643, 0.0, 0.0, 0.0, 0.0, 0.0, 0.0, 0.0, 0.0, 0.0, 0.0, 0.0, 0.0, 0.0, 0.0, 0.0, 0.0, 0.0, 0.0, 0.0, 0.0, 0.0, 0.0, 0.0, 0.0, 0.0], [0.0, 0.0, 0.0, 0.0, 0.0, 0.0, 0.957543581233412, 0.0, 0.0, 0.0, 0.0, 0.0, 0.0, 0.0, 0.0, 0.0, 0.0, 0.0, 0.0, 0.0, 0.0, 0.0, 0.0, 0.0, 0.0, 0.0, 0.0, 0.0, 0.0], [0.0, 0.0, 0.0, 0.0, 0.0, 0.0, 0.0, 0.0, 0.0, 0.0, 0.8722958205045666, 0.0, 0.0, 0.0, 0.0, 0.0, 0.0, 0.0, 0.0, 0.0, 0.0, 0.0, 0.0, 0.0, 0.0, 0.0, 0.0, 0.0, 0.0], [0.0, 0.0, 0.0, 0.0, 0.0, 0.0, 0.0, 0.0, 0.0, 0.0, 0.0, 0.0, 0.9529953791221162, 0.0, 0.0, 0.0, 0.0, 0.0, 0.0, 0.0, 0.0, 0.0, 0.0, 0.0, 0.0, 0.0, 0.0, 0.0, 0.0], [0.0, 0.0, 0.0, 0.0, 0.0, 0.0, 0.0, 0.0, 0.0, 0.0, 0.0, 0.0, 0.0, 0.9597759041020195, 0.0, 0.0, 0.0, 0.0, 0.0, 0.0, 0.0, 0.0, 0.0, 0.0, 0.0, 0.0, 0.0, 0.0, 0.0], [0.0, 0.0, 0.0, 0.0, 0.0, 0.0, 0.0, 0.0, 0.0, 0.0, 0.0, 0.0, 0.0, 0.0, 0.0, 0.9567656376209035, 0.0, 0.0, 0.0, 0.0, 0.0, 0.0, 0.0, 0.0, 0.0, 0.0, 0.0, 0.0, 0.0]], "Born radii": [], "Atomic SASAs": [], "Solvent H bonds": [], "Total SASA": NaN, "Total FOD": 0.0, "FOD": [0.0, 0.0, 0.0, 0.0, 0.0, 0.0, 0.0, 0.0, 0.0, 0.0, 0.0, 0.0, 0.0, 0.0, 0.0, 0.0, 0.0, 0.0, 0.0, 0.0, 0.0, 0.0, 0.0, 0.0, 0.0, 0.0, 0.0, 0.0, 0.0], "FOD s proportion": [0.0, 0.0, 0.0, 0.0, 0.0, 0.0, 0.0, 0.0, 0.0, 0.0, 0.0, 0.0, 0.0, 0.0, 0.0, 0.0, 0.0, 0.0, 0.0, 0.0, 0.0, 0.0, 0.0, 0.0, 0.0, 0.0, 0.0, 0.0, 0.0], "FOD p proportion": [0.0, 0.0, 0.0, 0.0, 0.0, 0.0, 0.0, 0.0, 0.0, 0.0, 0.0, 0.0, 0.0, 0.0, 0.0, 0.0, 0.0, 0.0, 0.0, 0.0, 0.0, 0.0, 0.0, 0.0, 0.0, 0.0, 0.0, 0.0, 0.0], "FOD d proportion": [0.0, 0.0, 0.0, 0.0, 0.0, 0.0, 0.0, 0.0, 0.0, 0.0, 0.0, 0.0, 0.0, 0.0, 0.0, 0.0, 0.0, 0.0, 0.0, 0.0, 0.0, 0.0, 0.0, 0.0, 0.0, 0.0, 0.0, 0.0, 0.0], "coordinates": [["-1.90280", "1.05420", "1.72470"], ["-2.65930", "1.04270", "0.58270"], ["-3.97090", "1.52490", "0.64780"], ["-4.76830", "1.52730", "-0.49670"], ["-4.25410", "1.04940", "-1.69890"], ["-5.24150", "1.05450", "-3.10750"], ["-2.94800", "0.56810", "-1.76820"], ["-2.12890", "0.55750", "-0.62530"], ["-0.73460", "0.02090", "-0.79240"], ["-0.39210", "-0.37360", "-1.90290"], ["0.06200", "0.01430", "0.33410"], ["1.39870", "-0.42790", "0.46820"], ["2.14010", "-0.95290", "-0.59640"], ["3.46190", "-1.37730", "-0.41130"], ["4.05300", "-1.27710", "0.85220"], ["3.33400", "-0.75650", "1.93170"], ["2.01560", "-0.33650", "1.73320"], ["1.16450", "0.30180", "3.10080"], ["5.43810", "-1.72150", "1.04740"], ["5.92070", "-1.61410", "2.18350"], ["6.04180", "-2.17700", "0.06650"], ["-2.42900", "1.42150", "2.45850"], ["-4.38950", "1.90190", "1.57710"], ["-5.78780", "1.90220", "-0.44570"], ["-2.56500", "0.19860", "-2.71810"], ["-0.36770", "0.37630", "1.18630"], ["1.71810", "-1.04760", "-1.59310"], ["4.00720", "-1.78030", "-1.26340"], ["3.78390", "-0.67400", "2.91870"]], "bond_dist": [[0.0, 1.3698863091512377, 2.378720183207768, 3.6564370389766045, 4.15327240739155, 5.8734210320732165, 3.678190677493487, 2.4125364453205673, 2.961113395329534, 4.180945956359637, 2.62213642093618, 3.830837364075901, 5.075529137932319, 6.265356680987923, 6.455057674413142, 5.5448676927407385, 4.157881347513418, 3.445008891135116, 7.877312904157103, 8.278736291246387, 8.735384927981137, 0.9748118638999013, 2.6313604732153286, 4.530227936870285, 4.572639504706226, 1.7623719754921205, 5.341935687557461, 7.203556889481751, 6.062249428223818], [1.3698863091512377, 0.0, 1.3989458209666303, 2.418227144004467, 2.783726008428272, 4.503939622153032, 2.4156414593229685, 1.405705232258883, 2.576712118184723, 3.6502477847400985, 2.9197400928849815, 4.317770096936612, 5.329815806385808, 6.656840499816711, 7.106973587962742, 6.40129412931479, 5.008046814877034, 4.638017557103466, 8.568817566619096, 9.123461343152607, 9.292043464168685, 1.9274732605149156, 2.1727052354150573, 3.4035068767375805, 3.4083247996633186, 2.461676761884062, 5.316492310725183, 7.471254008531634, 7.065322436378965], [2.378720183207768, 1.3989458209666303, 0.0, 1.3948952541320083, 2.411079297741989, 3.9922397986593943, 2.792641518347817, 2.439182315859149, 3.848354158598192, 4.787293826369966, 4.317939608192777, 5.716492644970342, 6.710577283661965, 8.049284035863066, 8.501526602322667, 7.759816310970254, 6.362474783447082, 5.8211266753095146, 9.961328933430519, 10.490731435414787, 10.690937030494569, 2.380500296156251, 1.0867168214396976, 2.153885593526267, 3.88135405625408, 3.819988802339609, 6.633559380905548, 8.84460921070004, 8.3743101841286], [3.6564370389766045, 2.418227144004467, 1.3948952541320083, 0.0, 1.392147581975417, 2.695131670252865, 2.4187329286219263, 2.8148680892716804, 4.315948926945267, 4.974127631052505, 5.1294439981346915, 6.541080036966373, 7.340798504931191, 8.728126165449261, 9.354118037527643, 8.76128610935632, 7.380210272072199, 7.045705950435343, 10.821716463204902, 11.4589086304063, 11.441035562395566, 3.7705072828466992, 2.1411354557804136, 1.0874425318149, 3.399204692277298, 4.850007253602823, 7.064388715947049, 9.409433930901477, 9.468410832341402], [4.15327240739155, 2.783726008428272, 2.411079297741989, 1.392147581975417, 0.0, 1.7202147336887914, 1.3936819543927519, 2.43126666780919, 3.777093426167799, 4.12087235910068, 4.881929968772596, 6.23160376949626, 6.7904716463585935, 8.190448256963718, 8.996033785507922, 8.603591853406344, 7.280739475492857, 7.277173339284973, 10.44790846724836, 11.211325392209433, 10.933062285105668, 4.555592516896128, 3.387811300825357, 2.1563890581247156, 2.148415250830249, 4.886875035234685, 6.33054306359257, 8.743336893314817, 9.42877411544046], [5.8734210320732165, 4.503939622153032, 3.9922397986593943, 2.695131670252865, 1.7202147336887914, 0.0, 2.7000836468524456, 4.012057402380978, 5.171089303038578, 5.196846267689665, 6.407319162489099, 7.686052061364143, 8.051291606320069, 9.430393270696616, 10.368380437657562, 10.110017699786683, 8.833615222546204, 8.952451182776704, 11.790811090421219, 12.637674461703785, 12.158524875164751, 6.247015387366995, 4.836265906668077, 2.846439569005462, 2.836873176580159, 6.530742692833641, 7.4261877117401225, 9.84760110585314, 10.989114789190257], [3.678190677493487, 2.4156414593229685, 2.792641518347817, 2.4187329286219263, 1.3936819543927519, 2.7000836468524456, 0.0, 1.4061499137716433, 2.480071176397968, 2.7271904572288306, 3.713012217863011, 4.988717455418778, 5.4383193957324725, 6.834659960817364, 7.699692214627802, 7.409949336533955, 6.141288796335831, 6.378928823870039, 9.137644375330002, 9.951470716431817, 9.576962051715565, 4.343114717573092, 3.8791721771532646, 3.404892524001308, 1.0888201228853187, 3.927315314562863, 4.941015655712902, 7.358302293328264, 8.296283603517903], [2.4125364453205673, 1.405705232258883, 2.439182315859149, 2.8148680892716804, 2.43126666780919, 4.012057402380978, 1.4061499137716433, 0.0, 1.5033078393995023, 2.348549171297037, 2.452663329933401, 3.822396783433138, 4.528410799607298, 5.9199908513442825, 6.615485697966552, 6.17317757803872, 4.851663477612601, 4.979526810852613, 8.07782491082841, 8.797798824706097, 8.643865800670438, 3.2165786870524404, 3.4304940577123872, 3.902310015875212, 2.167672544458688, 2.533091676193343, 4.279298055756341, 6.5972875987029695, 7.002694630640407], [2.961113395329534, 2.576712118184723, 3.848354158598192, 4.315948926945267, 3.777093426167799, 5.171089303038578, 2.480071176397968, 1.5033078393995023, 0.0, 1.2272517060489263, 1.379716409266774, 2.5182340419428852, 3.0414803188579076, 4.439686103769049, 5.225957033883842, 4.957678643276508, 3.7509985550517078, 4.340793920471231, 6.6725592608833395, 7.471427166211286, 7.1755188369901175, 3.924413654292829, 4.744574297026025, 5.40317691918375, 2.6627545775005252, 2.0435700281615015, 2.7925884104178333, 5.094195685287326, 5.888292746628687], [4.180945956359637, 3.6502477847400985, 4.787293826369966, 4.974127631052505, 4.12087235910068, 5.196846267689665, 2.7271904572288306, 2.348549171297037, 1.2272517060489263, 0.0, 2.3153492652297625, 2.9718728674019688, 2.907673912253573, 4.252716808112198, 5.307146339606625, 5.360465537618911, 4.3611488062206725, 5.283576668318536, 6.671756630753253, 7.621610659827751, 6.966050324968949, 5.137426941572989, 5.767799147855271, 6.03458995872959, 2.3902841441970866, 3.1790095957703555, 2.2367825285440692, 4.662789468762234, 6.3856904654077935], [2.62213642093618, 2.9197400928849815, 4.317939608192777, 5.1294439981346915, 4.881929968772596, 6.407319162489099, 3.713012217863011, 2.452663329933401, 1.379716409266774, 2.3153492652297625, 0.0, 1.4143162800448845, 2.4738241044989433, 3.74853194330794, 4.226608873553359, 3.7218869407868906, 2.428393380406066, 2.992121553346388, 5.69422951240991, 6.355810932524661, 6.374277487684388, 3.5634769818254752, 4.9923877062984605, 6.196161270496435, 4.031255428523477, 1.0207501800146792, 2.753978696359142, 4.619220545719808, 4.583279792899404], [3.830837364075901, 4.317770096936612, 5.716492644970342, 6.541080036966373, 6.23160376949626, 7.686052061364143, 4.988717455418778, 3.822396783433138, 2.5182340419428852, 2.9718728674019688, 1.4143162800448845, 0.0, 1.3995256767919622, 2.435502997329299, 2.813166388609106, 2.4485089952867236, 1.4103703662513616, 2.7418779130369755, 4.280844070974789, 4.979739805451686, 4.977860113542767, 4.6939175259052, 6.337261750156767, 7.609885772467284, 5.124053827781282, 2.0694381387226826, 2.176006006425534, 3.4105273155334794, 3.4285119950205805], [5.075529137932319, 5.329815806385808, 6.710577283661965, 7.340798504931191, 6.7904716463585935, 8.051291606320069, 5.4383193957324725, 4.528410799607298, 3.0414803188579076, 2.907673912253573, 2.4738241044989433, 1.3995256767919622, 0.0, 1.40054725375476, 2.421308326091496, 2.8027236360369177, 2.412982670886801, 4.024345324397498, 3.764256686252945, 4.73898362626418, 4.142598231786423, 5.987225081788725, 7.450480618725211, 8.42768680659171, 5.288244429865171, 3.3516940149721304, 1.0864911320392816, 2.1483812906465185, 3.8904744774898603], [6.265356680987923, 6.656840499816711, 8.049284035863066, 8.728126165449261, 8.190448256963718, 9.430393270696616, 6.834659960817364, 5.9199908513442825, 4.439686103769049, 4.252716808112198, 3.74853194330794, 2.435502997329299, 1.40054725375476, 0.0, 1.3985247584508471, 2.4272206430401004, 2.7881765690142366, 4.520206851461557, 2.4802511505893916, 3.5825631494783177, 2.7429358249875264, 7.12542884955004, 8.737927051652468, 9.813931612763563, 6.642914319784652, 4.504805753858872, 2.132180051027586, 1.088960743094075, 3.4186568839238607], [6.455057674413142, 7.106973587962742, 8.501526602322667, 9.354118037527643, 8.996033785507922, 10.368380437657562, 7.699692214627802, 6.615485697966552, 5.225957033883842, 5.307146339606625, 4.226608873553359, 2.813166388609106, 2.421308326091496, 1.3985247584508471, 0.0, 1.3976071014416032, 2.4107857889078406, 3.9865473056267624, 1.4676840293469169, 2.3182389825037455, 2.3200150732268963, 7.202705439624752, 9.050266695517871, 10.422755755557164, 7.663070962740721, 4.731589887130963, 3.3887933471960197, 2.175102581488974, 2.169462299741574], [5.5448676927407385, 6.40129412931479, 7.759816310970254, 8.76128610935632, 8.603591853406344, 10.110017699786683, 7.409949336533955, 6.17317757803872, 4.957678643276508, 5.360465537618911, 3.7218869407868906, 2.4485089952867236, 2.8027236360369177, 2.4272206430401004, 1.3976071014416032, 0.0, 1.3978486362979363, 2.6820745608576955, 2.4779927965997, 2.7367677815262295, 3.5817554536846874, 6.183313936717106, 8.175896523929348, 9.794281581106397, 7.571727481229102, 3.9422632953672694, 3.888455613736641, 3.421991918459189, 1.0878351253751644], [4.157881347513418, 5.008046814877034, 6.362474783447082, 7.380210272072199, 7.280739475492857, 8.833615222546204, 6.141288796335831, 4.851663477612601, 3.7509985550517078, 4.3611488062206725, 2.428393380406066, 1.4103703662513616, 2.412982670886801, 2.7881765690142366, 2.4107857889078406, 1.3978486362979363, 0.0, 1.7326649589577323, 3.7552700155914223, 4.133380923650759, 4.730287050486472, 4.834365858103832, 6.786759740848353, 8.405500250431261, 6.409547570616822, 2.5470183234519537, 3.4144459506631524, 3.87693700748413, 2.1555049037290543], [3.445008891135116, 4.638017557103466, 5.8211266753095146, 7.045705950435343, 7.277173339284973, 8.952451182776704, 6.378928823870039, 4.979526810852613, 4.340793920471231, 5.283576668318536, 2.992121553346388, 2.7418779130369755, 4.024345324397498, 4.520206851461557, 3.9865473056267624, 2.6820745608576955, 1.7326649589577323, 0.0, 5.154983162921098, 5.208987477427835, 6.256155466418654, 3.8183137155032187, 5.977365448088314, 7.9670206288172745, 6.912265742866083, 2.4532625909184693, 4.915287431066468, 5.609128750528018, 2.8011787536678194], [7.877312904157103, 8.568817566619096, 9.961328933430519, 10.821716463204902, 10.44790846724836, 11.790811090421219, 9.137644375330002, 8.07782491082841, 6.6725592608833395, 6.671756630753253, 5.69422951240991, 4.280844070974789, 3.764256686252945, 2.4802511505893916, 1.4676840293469169, 2.4779927965997, 3.7552700155914223, 5.154983162921098, 0.0, 1.2390160329874669, 1.238587401033936, 8.58841746889379, 10.487675214746117, 11.890390242124099, 9.050711788030817, 6.174736568469947, 4.611375224377214, 2.718589503768453, 2.708393911527642], [8.278736291246387, 9.123461343152607, 10.490731435414787, 11.4589086304063, 11.211325392209433, 12.637674461703785, 9.951470716431817, 8.797798824706097, 7.471427166211286, 7.621610659827751, 6.355810932524661, 4.979739805451686, 4.73898362626418, 3.5825631494783177, 2.3182389825037455, 2.7367677815262295, 4.133380923650759, 5.208987477427835, 1.2390160329874669, 0.0, 2.1939030561991566, 8.888643453868537, 10.910096287384452, 12.504640361881664, 9.965875191873517, 6.670837620569099, 5.678510066029645, 3.945912353309435, 2.4474928580079656], [8.735384927981137, 9.292043464168685, 10.690937030494569, 11.441035562395566, 10.933062285105668, 12.158524875164751, 9.576962051715565, 8.643865800670438, 7.1755188369901175, 6.966050324968949, 6.374277487684388, 4.977860113542767, 4.142598231786423, 2.7429358249875264, 2.3200150732268963, 3.5817554536846874, 4.730287050486472, 6.256155466418654, 1.238587401033936, 2.1939030561991566, 0.0, 9.50922283312364, 11.301829819104515, 12.523643944156188, 9.352779199788692, 6.989633980402695, 4.766990477229843, 2.4628443028336164, 3.9360089240244363], [0.9748118638999013, 1.9274732605149156, 2.380500296156251, 3.7705072828466992, 4.555592516896128, 6.247015387366995, 4.343114717573092, 3.2165786870524404, 3.924413654292829, 5.137426941572989, 3.5634769818254752, 4.6939175259052, 5.987225081788725, 7.12542884955004, 7.202705439624752, 6.183313936717106, 4.834365858103832, 3.8183137155032187, 8.58841746889379, 8.888643453868537, 9.50922283312364, 0.0, 2.202546337764543, 4.466205052390675, 5.320823993518298, 2.638161020483776, 6.301615331008391, 8.094981982067656, 6.572901239178936], [2.6313604732153286, 2.1727052354150573, 1.0867168214396976, 2.1411354557804136, 3.387811300825357, 4.836265906668077, 3.8791721771532646, 3.4304940577123872, 4.744574297026025, 5.767799147855271, 4.9923877062984605, 6.337261750156767, 7.450480618725211, 8.737927051652468, 9.050266695517871, 8.175896523929348, 6.786759740848353, 5.977365448088314, 10.487675214746117, 10.910096287384452, 11.301829819104515, 2.202546337764543, 0.0, 2.459057303114346, 4.967773563680213, 4.3191498283805805, 7.486821491794766, 9.598521135049918, 8.674077410883536], [4.530227936870285, 3.4035068767375805, 2.153885593526267, 1.0874425318149, 2.1563890581247156, 2.846439569005462, 3.404892524001308, 3.902310015875212, 5.40317691918375, 6.03458995872959, 6.196161270496435, 7.609885772467284, 8.42768680659171, 9.813931612763563, 10.422755755557164, 9.794281581106397, 8.405500250431261, 7.9670206288172745, 11.890390242124099, 12.504640361881664, 12.523643944156188, 4.466205052390675, 2.459057303114346, 0.0, 4.2956366885480435, 5.86253177560685, 8.145942647109663, 10.496259549953974, 10.467733025349853], [4.572639504706226, 3.4083247996633186, 3.88135405625408, 3.399204692277298, 2.148415250830249, 2.836873176580159, 1.0888201228853187, 2.167672544458688, 2.6627545775005252, 2.3902841441970866, 4.031255428523477, 5.124053827781282, 5.288244429865171, 6.642914319784652, 7.663070962740721, 7.571727481229102, 6.409547570616822, 6.912265742866083, 9.050711788030817, 9.965875191873517, 9.352779199788692, 5.320823993518298, 4.967773563680213, 4.2956366885480435, 0.0, 4.483753331752316, 4.6003896628437895, 7.016125008863511, 8.534838968018084], [1.7623719754921205, 2.461676761884062, 3.819988802339609, 4.850007253602823, 4.886875035234685, 6.530742692833641, 3.927315314562863, 2.533091676193343, 2.0435700281615015, 3.1790095957703555, 1.0207501800146792, 2.0694381387226826, 3.3516940149721304, 4.504805753858872, 4.731589887130963, 3.9422632953672694, 2.5470183234519537, 2.4532625909184693, 6.174736568469947, 6.670837620569099, 6.989633980402695, 2.638161020483776, 4.3191498283805805, 5.86253177560685, 4.483753331752316, 0.0, 3.755411723100411, 5.458177686737581, 4.619537034162622], [5.341935687557461, 5.316492310725183, 6.633559380905548, 7.064388715947049, 6.33054306359257, 7.4261877117401225, 4.941015655712902, 4.279298055756341, 2.7925884104178333, 2.2367825285440692, 2.753978696359142, 2.176006006425534, 1.0864911320392816, 2.132180051027586, 3.3887933471960197, 3.888455613736641, 3.4144459506631524, 4.915287431066468, 4.611375224377214, 5.678510066029645, 4.766990477229843, 6.301615331008391, 7.486821491794766, 8.145942647109663, 4.6003896628437895, 3.755411723100411, 0.0, 2.426011168564564, 4.976288359811959], [7.203556889481751, 7.471254008531634, 8.84460921070004, 9.409433930901477, 8.743336893314817, 9.84760110585314, 7.358302293328264, 6.5972875987029695, 5.094195685287326, 4.662789468762234, 4.619220545719808, 3.4105273155334794, 2.1483812906465185, 1.088960743094075, 2.175102581488974, 3.421991918459189, 3.87693700748413, 5.609128750528018, 2.718589503768453, 3.945912353309435, 2.4628443028336164, 8.094981982067656, 9.598521135049918, 10.496259549953974, 7.016125008863511, 5.458177686737581, 2.426011168564564, 0.0, 4.331711323484057], [6.062249428223818, 7.065322436378965, 8.3743101841286, 9.468410832341402, 9.42877411544046, 10.989114789190257, 8.296283603517903, 7.002694630640407, 5.888292746628687, 6.3856904654077935, 4.583279792899404, 3.4285119950205805, 3.8904744774898603, 3.4186568839238607, 2.169462299741574, 1.0878351253751644, 2.1555049037290543, 2.8011787536678194, 2.708393911527642, 2.4474928580079656, 3.9360089240244363, 6.572901239178936, 8.674077410883536, 10.467733025349853, 8.534838968018084, 4.619537034162622, 4.976288359811959, 4.331711323484057, 0.0]]}