{"total energy": -56.23832854, "HOMO-LUMO gap/eV": 3.14542818, "electronic energy": -56.89569389, "dipole": [-0.99288895, -1.09152626, 0.12932305], "partial charges": [0.03815446, -0.3221734, 0.07973182, -0.06956038, 0.01001899, -0.20277493, 0.26092111, -0.34603803, 0.26243509, -0.19575822, 0.05257971, -0.11053613, -0.11599434, -0.34467499, 0.23333305, -0.1213078, -0.051584, -0.33595659, 0.03208074, 0.05673026, 0.0310061, 0.03417826, 0.02734481, 0.05784656, 0.05426912, 0.03261064, 0.06824748, 0.1884677, 0.18337556, 0.06489497, 0.03679661, 0.04437352, 0.03836988, 0.04619637, 0.04212765, 0.04891706, 0.05972213, 0.06725686, 0.06437233], "atomic dipole moments": [[-0.10376276, 0.03147748, -0.18962174], [-0.14320579, 0.03257493, 0.24114366], [0.17306423, -0.04432975, -0.08763649], [-0.08712103, 0.01357893, 0.11311258], [0.04419067, 0.15008037, 0.06484004], [-0.06380341, -0.05313724, -0.15571764], [0.03159873, -0.00461271, -0.00205809], [-0.05770729, 0.28535087, -0.02093048], [-0.01477061, -0.01149429, 0.00387265], [0.05516308, -0.03017428, -0.13796426], [-0.07635978, 0.13609499, -0.01396196], [0.00356875, 0.00843232, 0.11164459], [0.09383235, 0.06804265, -0.05133712], [0.25758145, -0.10795722, 0.01393817], [-0.00666917, 0.03696504, -0.00518036], [-0.19436647, -0.3200452, 0.16170125], [0.1489649, -0.01546785, -0.06889643], [-0.19404664, -0.19277018, 0.03667145], [-0.00437847, 0.10511549, 0.05928067], [0.12150613, -0.03250811, -0.01270056], [-0.05726998, -0.09052663, 0.05528668], [-0.00636307, 0.10293705, 0.06403139], [-0.05716556, -0.08945127, 0.05456319], [0.02572083, -0.10154976, -0.06866019], [0.07095761, 0.08713231, -0.05933428], [-0.0352558, 0.00242226, -0.11456173], [-0.06248167, -0.10080802, 0.05692764], [0.04160715, 0.10766048, -0.06242498], [-0.09327182, 0.07771047, -0.05217496], [0.11069901, -0.06297547, 0.0431236], [0.09664817, 0.06432541, -0.05592943], [0.00918694, -0.11918382, -0.04290697], [-0.10534254, 0.04866218, -0.05193145], [0.00853471, -0.12290424, -0.03442181], [-0.1159453, 0.03939801, -0.03404043], [-0.00013197, 0.00307716, 0.12819827], [0.00904404, -0.04289593, 0.12485878], [-0.09121746, -0.06576564, -0.06678357], [-0.0362383, 0.12149471, 0.0042622]], "atomic quadrupole moments": [[-0.0925404, -0.05197797, -0.24926983, 0.27226468, -0.08626925, 0.34181023], [0.08580751, -0.06781443, -0.15131095, 0.03449757, -0.01413781, 0.06550344], [0.36139503, -0.19581705, -0.33159185, 0.07326447, -0.03816987, -0.02980318], [0.15559626, -0.09874612, -0.22461684, 0.12199684, -0.03634508, 0.06902058], [0.09452842, -0.17161798, 0.12045692, -0.02771991, 0.18018241, -0.21498534], [0.02415504, -0.07359105, 0.0269489, -0.00678317, 0.08464445, -0.05110394], [-0.13592847, -0.08720548, -0.28703837, 0.00811873, 0.11464654, 0.42296684], [-0.07190428, 0.01013268, -0.11325574, 0.00924508, 0.02857016, 0.18516002], [-0.2233421, 0.10934582, -0.20119017, 0.01317564, 0.08456744, 0.42453227], [-0.04792298, 0.05788225, 0.0853777, -0.02908174, 0.04789402, -0.03745472], [-0.16992264, 0.11125267, 0.17112063, -0.09259567, 0.07410338, -0.00119799], [-0.12631306, 0.00907483, -0.10279782, 0.00354388, 0.01913322, 0.22911087], [0.07644944, 0.15913542, -0.00566876, -0.10952215, -0.07292355, -0.07078068], [-0.14097683, 0.00802792, -0.04332995, 0.00384032, 0.03038554, 0.18430678], [-0.38819891, -0.08270579, -0.00811113, 0.02016688, 0.05140572, 0.39631004], [0.15353173, -0.19724644, 0.23090835, -0.30433962, -0.06801552, -0.38444007], [0.27840514, -0.04890575, -0.17811613, -0.25935537, 0.01586422, -0.10028901], [-0.12094208, -0.03927915, -0.06927598, 0.01885193, 0.04252829, 0.19021806], [-0.05069803, -0.01330295, 0.0429193, 0.00935975, 0.04077521, 0.00777873], [0.06841141, -0.03279663, -0.04559924, -0.01632439, 0.00376074, -0.02281217], [-0.01500527, 0.04795826, 0.01082806, -0.01109089, -0.03956583, 0.00417722], [-0.01171047, -0.01267195, 0.0301813, -0.00142851, 0.02809537, -0.01847082], [0.0105071, 0.02659853, 0.01308118, -0.01311124, -0.023628, -0.02358828], [-0.03159837, -0.0151777, 0.04359633, 0.00458522, 0.03687203, -0.01199796], [-0.01425837, 0.03708106, 0.02969306, -0.0028368, -0.02904669, -0.01543469], [-0.02445223, -0.02859034, -0.01018196, 0.01916611, 0.00037277, 0.03463419], [-0.00202825, 0.01276299, 0.00343471, -0.03015025, -0.02814918, -0.00140646], [0.04350097, 0.03296348, 0.00770141, -0.03739371, 0.00025611, -0.05120239], [0.06623233, -0.00516044, -0.00389946, 0.01950832, 0.00844769, -0.06233287], [0.02296942, 0.00227534, -0.01710457, 0.00915039, -0.00333223, -0.00586485], [0.03465509, 0.05617885, -0.01205691, -0.02262082, -0.01982769, -0.02259818], [-0.05264907, -0.00806681, 0.07928414, -0.00297022, 0.02595492, -0.02663507], [0.05750227, -0.04830681, -0.03047509, 0.02288003, -0.01269408, -0.02702718], [-0.03472586, -0.0142874, 0.0673452, -0.01516754, 0.03913995, -0.03261934], [0.04637161, -0.04057487, -0.02092101, 0.03582868, -0.0280566, -0.0254506], [-0.03210005, 0.00958908, -0.04652076, 0.01133734, 0.0097749, 0.07862081], [-0.00684424, -0.01166711, -0.04120351, 0.00376246, -0.04346917, 0.04804776], [0.02291346, 0.04258424, -0.01968778, 0.01839402, 0.03844214, -0.00322568], [-0.02555362, -0.03358451, 0.07775406, -0.01286581, 0.00113774, -0.05220045]], "number of molecular orbitals": 98, "number of electrons": 102, "number of unpaired electrons": 0, "orbital energies/eV": [-19.41809157, -18.8330283, -18.68278285, -18.18734147, -17.95690935, -17.75235963, -17.58749462, -17.39199525, -17.21991795, -16.99217991, -16.49770355, -16.4292183, -16.36017674, -16.30422045, -16.17073455, -15.98527507, -15.55928181, -15.34518476, -15.1390579, -14.98508806, -14.88747741, -14.77087086, -14.59272827, -14.39156912, -14.21981341, -14.02344908, -13.8554946, -13.77343422, -13.68616314, -13.56512098, -13.49634371, -13.37196217, -13.03544462, -12.98118164, -12.9238587, -12.80535624, -12.69639557, -12.61534664, -12.45707825, -12.36589287, -12.30472514, -12.2672653, -12.20790804, -12.14502792, -12.00748577, -10.88443447, -10.73498439, -10.68128339, -10.28121517, -10.09396588, -10.03542349, -6.88999531, -6.41334231, -5.34829438, -3.62505715, -3.33594361, -0.16278169, 0.1755179, 0.18415077, 0.49892151, 0.9287329, 1.1709917, 2.06321197, 2.41520992, 2.68742199, 2.74817357, 2.93416739, 3.05392239, 3.18216065, 3.51142342, 3.80984389, 3.88494273, 4.05665925, 4.2708182, 4.66466539, 4.81552401, 4.9163558, 4.94720371, 5.17381857, 5.49020335, 5.5951579, 5.64416328, 5.8350996, 5.9726477, 6.05787717, 6.33061711, 6.41339131, 6.65594157, 6.78200388, 6.90935765, 7.26270332, 7.49365867, 8.10748817, 10.32454546, 12.06824592, 12.29040739, 14.02404987, 17.57836071], "fractional occupation": [2.0, 2.0, 2.0, 2.0, 2.0, 2.0, 2.0, 2.0, 2.0, 2.0, 2.0, 2.0, 2.0, 2.0, 2.0, 2.0, 2.0, 2.0, 2.0, 2.0, 2.0, 2.0, 2.0, 2.0, 2.0, 2.0, 2.0, 2.0, 2.0, 2.0, 2.0, 2.0, 2.0, 2.0, 2.0, 2.0, 2.0, 2.0, 2.0, 2.0, 2.0, 2.0, 2.0, 2.0, 2.0, 2.0, 2.0, 2.0, 2.0, 2.0, 2.0, 0.0, 0.0, 0.0, 0.0, 0.0, 0.0, 0.0, 0.0, 0.0, 0.0, 0.0, 0.0, 0.0, 0.0, 0.0, 0.0, 0.0, 0.0, 0.0, 0.0, 0.0, 0.0, 0.0, 0.0, 0.0, 0.0, 0.0, 0.0, 0.0, 0.0, 0.0, 0.0, 0.0, 0.0, 0.0, 0.0, 0.0, 0.0, 0.0, 0.0, 0.0, 0.0, 0.0, 0.0, 0.0, 0.0, 0.0], "program call": "xtb /home/svss/Project-DBcg-Debug/aqme2_20220329/End-to-End-workflows-final/example-3/QDESCP/mol_708_rdkit_conf_13/mol_708_rdkit_conf_13.xyz --pop --wbo --acc 0.2 --gfn 2 --chrg 0 --uhf 0 --etemp 300 --input /home/svss/Project-DBcg-Debug/aqme2_20220329/End-to-End-workflows-final/example-3/QDESCP/mol_708_rdkit_conf_13/mol_708_rdkit_conf_13_xtb.inp", "method": "GFN2-xTB", "xtb version": "6.3.3 (7355c4f)", "Dipole module/D": 3.765, "Total charge": 0, "Transition dipole module/D": NaN, "HOMO": -10.0354, "LUMO": -6.89, "HOMO occupancy": 2.0, "LUMO occupancy": 0, "mulliken charges": [0.17108, -0.47035, 0.19757, -0.06361, 0.09327, -0.36441, 0.44152, -0.43649, 0.44394, -0.35866, 0.13541, -0.10467, -0.10001, -0.43448, 0.37726, -0.09574, -0.00937, -0.42606, 0.015, 0.03285, 0.01407, 0.01717, 0.01288, 0.04036, 0.03869, 0.02549, 0.03258, 0.21861, 0.21846, 0.0336, 0.03943, 0.03206, 0.03002, 0.03102, 0.02979, 0.03791, 0.03562, 0.03321, 0.03501], "cm5 charges": [0.04843, -0.57494, 0.11546, -0.16515, 0.04644, -0.70551, 0.65877, -0.61282, 0.66232, -0.69844, 0.12356, -0.24674, -0.24221, -0.61269, 0.54623, -0.12246, -0.13826, -0.59942, 0.07395, 0.09178, 0.07302, 0.08269, 0.07645, 0.09777, 0.09801, 0.09135, 0.10087, 0.41957, 0.42017, 0.10517, 0.09481, 0.08392, 0.08408, 0.08278, 0.08374, 0.09156, 0.08993, 0.08846, 0.08735], "FUKUI+": [0.005, -0.007, 0.003, 0.006, 0.014, -0.05, -0.031, -0.106, -0.02, -0.045, 0.008, 0.011, 0.011, -0.077, -0.049, -0.242, 0.036, -0.068, -0.003, -0.012, -0.005, 0.003, -0.005, -0.022, -0.012, -0.02, -0.017, -0.034, -0.032, -0.012, 0.003, -0.029, -0.015, -0.024, -0.015, -0.013, -0.041, -0.04, -0.053], "FUKUI-": [0.019, -0.08, 0.013, 0.008, 0.012, -0.035, 0.001, -0.075, 0.0, -0.041, 0.004, 0.007, 0.009, -0.051, 0.023, -0.256, 0.041, -0.055, -0.039, -0.034, -0.041, -0.034, -0.038, -0.025, -0.019, -0.029, -0.016, -0.024, -0.026, -0.01, -0.002, -0.024, -0.016, -0.021, -0.016, -0.013, -0.039, -0.039, -0.039], "FUKUIrad": [0.012, -0.043, 0.008, 0.007, 0.013, -0.042, -0.015, -0.091, -0.01, -0.043, 0.006, 0.009, 0.01, -0.064, -0.013, -0.249, 0.038, -0.061, -0.021, -0.023, -0.023, -0.016, -0.022, -0.024, -0.016, -0.024, -0.017, -0.029, -0.029, -0.011, 0.001, -0.026, -0.016, -0.023, -0.016, -0.013, -0.04, -0.039, -0.046], "s proportion": [0.971, 1.695, 0.996, 1.036, 1.006, 1.458, 0.978, 1.527, 0.975, 1.449, 1.028, 1.018, 1.016, 1.537, 1.02, 1.926, 1.01, 1.535, 0.985, 0.967, 0.986, 0.983, 0.987, 0.96, 0.961, 0.975, 0.967, 0.781, 0.782, 0.966, 0.961, 0.968, 0.97, 0.969, 0.97, 0.962, 0.964, 0.967, 0.965], "p proportion": [2.858, 4.775, 2.807, 3.028, 2.901, 3.906, 2.581, 3.91, 2.581, 3.909, 2.837, 3.087, 3.084, 3.897, 2.603, 4.169, 3.0, 3.891, 0.0, 0.0, 0.0, 0.0, 0.0, 0.0, 0.0, 0.0, 0.0, 0.0, 0.0, 0.0, 0.0, 0.0, 0.0, 0.0, 0.0, 0.0, 0.0, 0.0, 0.0], "d proportion": [0.0, 0.0, 0.0, 0.0, 0.0, 0.0, 0.0, 0.0, 0.0, 0.0, 0.0, 0.0, 0.0, 0.0, 0.0, 0.001, 0.0, 0.0, 0.0, 0.0, 0.0, 0.0, 0.0, 0.0, 0.0, 0.0, 0.0, 0.0, 0.0, 0.0, 0.0, 0.0, 0.0, 0.0, 0.0, 0.0, 0.0, 0.0, 0.0], "Fermi-level/eV": -8.4627, "Coordination numbers": [3.65, 1.697, 3.702, 3.801, 3.749, 2.697, 2.942, 1.842, 2.934, 2.702, 3.79, 3.752, 3.755, 1.884, 3.005, 2.036, 3.742, 1.897, 0.924, 0.924, 0.924, 0.924, 0.924, 0.924, 0.924, 0.924, 0.924, 0.86, 0.86, 0.924, 0.924, 0.924, 0.924, 0.924, 0.924, 0.924, 0.924, 0.924, 0.924], "Dispersion coefficient C6": [20.246, 19.386, 19.4, 21.831, 20.47, 25.407, 22.619, 29.843, 22.592, 25.248, 19.705, 22.674, 22.777, 29.808, 23.113, 146.14, 21.575, 29.571, 2.557, 2.238, 2.572, 2.528, 2.625, 2.225, 2.268, 2.55, 2.105, 1.167, 1.195, 2.143, 2.492, 2.392, 2.471, 2.368, 2.421, 2.334, 2.202, 2.116, 2.149], "Total dispersion C6": 15624.57404, "Total dispersion C8": 372664.536463, "Polarizability alpha": [6.463, 5.945, 6.298, 6.652, 6.453, 7.486, 7.8, 8.096, 7.795, 7.463, 6.322, 6.79, 6.805, 8.094, 7.886, 20.346, 6.627, 8.062, 2.501, 2.339, 2.508, 2.486, 2.534, 2.332, 2.355, 2.497, 2.269, 1.692, 1.712, 2.289, 2.469, 2.418, 2.458, 2.407, 2.433, 2.389, 2.321, 2.275, 2.292], "Total polarizability alpha": 190.361155, "Wiberg matrix": [[0.0, 0.995004245447985, 0.0, 0.0, 0.0, 0.0, 0.0, 0.0, 0.0, 0.0, 0.0, 0.0, 0.0, 0.0, 0.0, 0.0, 0.0, 0.0, 0.9786064599698707, 0.9806795525976578, 0.978770769007244, 0.0, 0.0, 0.0, 0.0, 0.0, 0.0, 0.0, 0.0, 0.0, 0.0, 0.0, 0.0, 0.0, 0.0, 0.0, 0.0, 0.0, 0.0], [0.995004245447985, 0.0, 0.9783433787270143, 0.0, 0.0, 0.0, 0.0, 0.0, 0.0, 0.0, 0.0, 0.0, 0.0, 0.0, 0.0, 0.0, 0.0, 0.0, 0.0, 0.0, 0.0, 0.0, 0.0, 0.0, 0.0, 0.0, 0.0, 0.0, 0.0, 0.0, 0.0, 0.0, 0.0, 0.0, 0.0, 0.0, 0.0, 0.0, 0.0], [0.0, 0.9783433787270143, 0.0, 1.0049090306589383, 0.0, 0.0, 0.0, 0.0, 0.0, 0.0, 0.0, 0.0, 0.0, 0.0, 0.0, 0.0, 0.0, 0.0, 0.0, 0.0, 0.0, 0.9691035175773897, 0.9689725372560385, 0.0, 0.0, 0.0, 0.0, 0.0, 0.0, 0.0, 0.0, 0.0, 0.0, 0.0, 0.0, 0.0, 0.0, 0.0, 0.0], [0.0, 0.0, 1.0049090306589383, 0.0, 1.0066358659684862, 0.0, 0.0, 0.0, 0.0, 0.0, 0.0, 0.0, 0.0, 0.0, 0.0, 0.0, 0.0, 0.0, 0.0, 0.0, 0.0, 0.0, 0.0, 0.9725129559459887, 0.97369469629215, 0.0, 0.0, 0.0, 0.0, 0.0, 0.0, 0.0, 0.0, 0.0, 0.0, 0.0, 0.0, 0.0, 0.0], [0.0, 0.0, 0.0, 1.0066358659684862, 0.0, 0.9892954115764251, 0.0, 0.0, 0.0, 0.0, 0.0, 0.0, 0.0, 0.0, 0.0, 0.0, 0.0, 0.0, 0.0, 0.0, 0.0, 0.0, 0.0, 0.0, 0.0, 0.9688001773056094, 0.9681624324845131, 0.0, 0.0, 0.0, 0.0, 0.0, 0.0, 0.0, 0.0, 0.0, 0.0, 0.0, 0.0], [0.0, 0.0, 0.0, 0.0, 0.9892954115764251, 0.0, 1.17368241726095, 0.0, 0.0, 0.0, 0.0, 0.0, 0.0, 0.0, 0.0, 0.0, 0.0, 0.0, 0.0, 0.0, 0.0, 0.0, 0.0, 0.0, 0.0, 0.0, 0.0, 0.9309629341042214, 0.0, 0.0, 0.0, 0.0, 0.0, 0.0, 0.0, 0.0, 0.0, 0.0, 0.0], [0.0, 0.0, 0.0, 0.0, 0.0, 1.17368241726095, 0.0, 1.3385386475572392, 0.0, 0.0, 0.0, 0.0, 0.0, 0.0, 0.0, 0.0, 0.0, 1.3178396261394312, 0.0, 0.0, 0.0, 0.0, 0.0, 0.0, 0.0, 0.0, 0.0, 0.0, 0.0, 0.0, 0.0, 0.0, 0.0, 0.0, 0.0, 0.0, 0.0, 0.0, 0.0], [0.0, 0.0, 0.0, 0.0, 0.0, 0.0, 1.3385386475572392, 0.0, 1.3315937445520316, 0.0, 0.0, 0.0, 0.0, 0.0, 0.0, 0.0, 0.0, 0.0, 0.0, 0.0, 0.0, 0.0, 0.0, 0.0, 0.0, 0.0, 0.0, 0.0, 0.0, 0.0, 0.0, 0.0, 0.0, 0.0, 0.0, 0.0, 0.0, 0.0, 0.0], [0.0, 0.0, 0.0, 0.0, 0.0, 0.0, 0.0, 1.3315937445520316, 0.0, 1.1931666911836838, 0.0, 0.0, 0.0, 1.305432798739289, 0.0, 0.0, 0.0, 0.0, 0.0, 0.0, 0.0, 0.0, 0.0, 0.0, 0.0, 0.0, 0.0, 0.0, 0.0, 0.0, 0.0, 0.0, 0.0, 0.0, 0.0, 0.0, 0.0, 0.0, 0.0], [0.0, 0.0, 0.0, 0.0, 0.0, 0.0, 0.0, 0.0, 1.1931666911836838, 0.0, 0.9788783586132255, 0.0, 0.0, 0.0, 0.0, 0.0, 0.0, 0.0, 0.0, 0.0, 0.0, 0.0, 0.0, 0.0, 0.0, 0.0, 0.0, 0.0, 0.9325775739170787, 0.0, 0.0, 0.0, 0.0, 0.0, 0.0, 0.0, 0.0, 0.0, 0.0], [0.0, 0.0, 0.0, 0.0, 0.0, 0.0, 0.0, 0.0, 0.0, 0.9788783586132255, 0.0, 0.9991059476140547, 1.0052834191359659, 0.0, 0.0, 0.0, 0.0, 0.0, 0.0, 0.0, 0.0, 0.0, 0.0, 0.0, 0.0, 0.0, 0.0, 0.0, 0.0, 0.9609907807475535, 0.0, 0.0, 0.0, 0.0, 0.0, 0.0, 0.0, 0.0, 0.0], [0.0, 0.0, 0.0, 0.0, 0.0, 0.0, 0.0, 0.0, 0.0, 0.0, 0.9991059476140547, 0.0, 0.0, 0.0, 0.0, 0.0, 0.0, 0.0, 0.0, 0.0, 0.0, 0.0, 0.0, 0.0, 0.0, 0.0, 0.0, 0.0, 0.0, 0.0, 0.9857782249407516, 0.9841290470914663, 0.9855027322323905, 0.0, 0.0, 0.0, 0.0, 0.0, 0.0], [0.0, 0.0, 0.0, 0.0, 0.0, 0.0, 0.0, 0.0, 0.0, 0.0, 1.0052834191359659, 0.0, 0.0, 0.0, 0.0, 0.0, 0.0, 0.0, 0.0, 0.0, 0.0, 0.0, 0.0, 0.0, 0.0, 0.0, 0.0, 0.0, 0.0, 0.0, 0.0, 0.0, 0.0, 0.9850251050046623, 0.9857325494822646, 0.9857107883438974, 0.0, 0.0, 0.0], [0.0, 0.0, 0.0, 0.0, 0.0, 0.0, 0.0, 0.0, 1.305432798739289, 0.0, 0.0, 0.0, 0.0, 0.0, 1.3844414206823932, 0.0, 0.0, 0.0, 0.0, 0.0, 0.0, 0.0, 0.0, 0.0, 0.0, 0.0, 0.0, 0.0, 0.0, 0.0, 0.0, 0.0, 0.0, 0.0, 0.0, 0.0, 0.0, 0.0, 0.0], [0.0, 0.0, 0.0, 0.0, 0.0, 0.0, 0.0, 0.0, 0.0, 0.0, 0.0, 0.0, 0.0, 1.3844414206823932, 0.0, 1.0572603287097204, 0.0, 1.3814306007571278, 0.0, 0.0, 0.0, 0.0, 0.0, 0.0, 0.0, 0.0, 0.0, 0.0, 0.0, 0.0, 0.0, 0.0, 0.0, 0.0, 0.0, 0.0, 0.0, 0.0, 0.0], [0.0, 0.0, 0.0, 0.0, 0.0, 0.0, 0.0, 0.0, 0.0, 0.0, 0.0, 0.0, 0.0, 0.0, 1.0572603287097204, 0.0, 1.0092921846175658, 0.0, 0.0, 0.0, 0.0, 0.0, 0.0, 0.0, 0.0, 0.0, 0.0, 0.0, 0.0, 0.0, 0.0, 0.0, 0.0, 0.0, 0.0, 0.0, 0.0, 0.0, 0.0], [0.0, 0.0, 0.0, 0.0, 0.0, 0.0, 0.0, 0.0, 0.0, 0.0, 0.0, 0.0, 0.0, 0.0, 0.0, 1.0092921846175658, 0.0, 0.0, 0.0, 0.0, 0.0, 0.0, 0.0, 0.0, 0.0, 0.0, 0.0, 0.0, 0.0, 0.0, 0.0, 0.0, 0.0, 0.0, 0.0, 0.0, 0.9827666076005146, 0.9812341368320687, 0.9799067778521111], [0.0, 0.0, 0.0, 0.0, 0.0, 0.0, 1.3178396261394312, 0.0, 0.0, 0.0, 0.0, 0.0, 0.0, 0.0, 1.3814306007571278, 0.0, 0.0, 0.0, 0.0, 0.0, 0.0, 0.0, 0.0, 0.0, 0.0, 0.0, 0.0, 0.0, 0.0, 0.0, 0.0, 0.0, 0.0, 0.0, 0.0, 0.0, 0.0, 0.0, 0.0], [0.9786064599698707, 0.0, 0.0, 0.0, 0.0, 0.0, 0.0, 0.0, 0.0, 0.0, 0.0, 0.0, 0.0, 0.0, 0.0, 0.0, 0.0, 0.0, 0.0, 0.0, 0.0, 0.0, 0.0, 0.0, 0.0, 0.0, 0.0, 0.0, 0.0, 0.0, 0.0, 0.0, 0.0, 0.0, 0.0, 0.0, 0.0, 0.0, 0.0], [0.9806795525976578, 0.0, 0.0, 0.0, 0.0, 0.0, 0.0, 0.0, 0.0, 0.0, 0.0, 0.0, 0.0, 0.0, 0.0, 0.0, 0.0, 0.0, 0.0, 0.0, 0.0, 0.0, 0.0, 0.0, 0.0, 0.0, 0.0, 0.0, 0.0, 0.0, 0.0, 0.0, 0.0, 0.0, 0.0, 0.0, 0.0, 0.0, 0.0], [0.978770769007244, 0.0, 0.0, 0.0, 0.0, 0.0, 0.0, 0.0, 0.0, 0.0, 0.0, 0.0, 0.0, 0.0, 0.0, 0.0, 0.0, 0.0, 0.0, 0.0, 0.0, 0.0, 0.0, 0.0, 0.0, 0.0, 0.0, 0.0, 0.0, 0.0, 0.0, 0.0, 0.0, 0.0, 0.0, 0.0, 0.0, 0.0, 0.0], [0.0, 0.0, 0.9691035175773897, 0.0, 0.0, 0.0, 0.0, 0.0, 0.0, 0.0, 0.0, 0.0, 0.0, 0.0, 0.0, 0.0, 0.0, 0.0, 0.0, 0.0, 0.0, 0.0, 0.0, 0.0, 0.0, 0.0, 0.0, 0.0, 0.0, 0.0, 0.0, 0.0, 0.0, 0.0, 0.0, 0.0, 0.0, 0.0, 0.0], [0.0, 0.0, 0.9689725372560385, 0.0, 0.0, 0.0, 0.0, 0.0, 0.0, 0.0, 0.0, 0.0, 0.0, 0.0, 0.0, 0.0, 0.0, 0.0, 0.0, 0.0, 0.0, 0.0, 0.0, 0.0, 0.0, 0.0, 0.0, 0.0, 0.0, 0.0, 0.0, 0.0, 0.0, 0.0, 0.0, 0.0, 0.0, 0.0, 0.0], [0.0, 0.0, 0.0, 0.9725129559459887, 0.0, 0.0, 0.0, 0.0, 0.0, 0.0, 0.0, 0.0, 0.0, 0.0, 0.0, 0.0, 0.0, 0.0, 0.0, 0.0, 0.0, 0.0, 0.0, 0.0, 0.0, 0.0, 0.0, 0.0, 0.0, 0.0, 0.0, 0.0, 0.0, 0.0, 0.0, 0.0, 0.0, 0.0, 0.0], [0.0, 0.0, 0.0, 0.97369469629215, 0.0, 0.0, 0.0, 0.0, 0.0, 0.0, 0.0, 0.0, 0.0, 0.0, 0.0, 0.0, 0.0, 0.0, 0.0, 0.0, 0.0, 0.0, 0.0, 0.0, 0.0, 0.0, 0.0, 0.0, 0.0, 0.0, 0.0, 0.0, 0.0, 0.0, 0.0, 0.0, 0.0, 0.0, 0.0], [0.0, 0.0, 0.0, 0.0, 0.9688001773056094, 0.0, 0.0, 0.0, 0.0, 0.0, 0.0, 0.0, 0.0, 0.0, 0.0, 0.0, 0.0, 0.0, 0.0, 0.0, 0.0, 0.0, 0.0, 0.0, 0.0, 0.0, 0.0, 0.0, 0.0, 0.0, 0.0, 0.0, 0.0, 0.0, 0.0, 0.0, 0.0, 0.0, 0.0], [0.0, 0.0, 0.0, 0.0, 0.9681624324845131, 0.0, 0.0, 0.0, 0.0, 0.0, 0.0, 0.0, 0.0, 0.0, 0.0, 0.0, 0.0, 0.0, 0.0, 0.0, 0.0, 0.0, 0.0, 0.0, 0.0, 0.0, 0.0, 0.0, 0.0, 0.0, 0.0, 0.0, 0.0, 0.0, 0.0, 0.0, 0.0, 0.0, 0.0], [0.0, 0.0, 0.0, 0.0, 0.0, 0.9309629341042214, 0.0, 0.0, 0.0, 0.0, 0.0, 0.0, 0.0, 0.0, 0.0, 0.0, 0.0, 0.0, 0.0, 0.0, 0.0, 0.0, 0.0, 0.0, 0.0, 0.0, 0.0, 0.0, 0.0, 0.0, 0.0, 0.0, 0.0, 0.0, 0.0, 0.0, 0.0, 0.0, 0.0], [0.0, 0.0, 0.0, 0.0, 0.0, 0.0, 0.0, 0.0, 0.0, 0.9325775739170787, 0.0, 0.0, 0.0, 0.0, 0.0, 0.0, 0.0, 0.0, 0.0, 0.0, 0.0, 0.0, 0.0, 0.0, 0.0, 0.0, 0.0, 0.0, 0.0, 0.0, 0.0, 0.0, 0.0, 0.0, 0.0, 0.0, 0.0, 0.0, 0.0], [0.0, 0.0, 0.0, 0.0, 0.0, 0.0, 0.0, 0.0, 0.0, 0.0, 0.9609907807475535, 0.0, 0.0, 0.0, 0.0, 0.0, 0.0, 0.0, 0.0, 0.0, 0.0, 0.0, 0.0, 0.0, 0.0, 0.0, 0.0, 0.0, 0.0, 0.0, 0.0, 0.0, 0.0, 0.0, 0.0, 0.0, 0.0, 0.0, 0.0], [0.0, 0.0, 0.0, 0.0, 0.0, 0.0, 0.0, 0.0, 0.0, 0.0, 0.0, 0.9857782249407516, 0.0, 0.0, 0.0, 0.0, 0.0, 0.0, 0.0, 0.0, 0.0, 0.0, 0.0, 0.0, 0.0, 0.0, 0.0, 0.0, 0.0, 0.0, 0.0, 0.0, 0.0, 0.0, 0.0, 0.0, 0.0, 0.0, 0.0], [0.0, 0.0, 0.0, 0.0, 0.0, 0.0, 0.0, 0.0, 0.0, 0.0, 0.0, 0.9841290470914663, 0.0, 0.0, 0.0, 0.0, 0.0, 0.0, 0.0, 0.0, 0.0, 0.0, 0.0, 0.0, 0.0, 0.0, 0.0, 0.0, 0.0, 0.0, 0.0, 0.0, 0.0, 0.0, 0.0, 0.0, 0.0, 0.0, 0.0], [0.0, 0.0, 0.0, 0.0, 0.0, 0.0, 0.0, 0.0, 0.0, 0.0, 0.0, 0.9855027322323905, 0.0, 0.0, 0.0, 0.0, 0.0, 0.0, 0.0, 0.0, 0.0, 0.0, 0.0, 0.0, 0.0, 0.0, 0.0, 0.0, 0.0, 0.0, 0.0, 0.0, 0.0, 0.0, 0.0, 0.0, 0.0, 0.0, 0.0], [0.0, 0.0, 0.0, 0.0, 0.0, 0.0, 0.0, 0.0, 0.0, 0.0, 0.0, 0.0, 0.9850251050046623, 0.0, 0.0, 0.0, 0.0, 0.0, 0.0, 0.0, 0.0, 0.0, 0.0, 0.0, 0.0, 0.0, 0.0, 0.0, 0.0, 0.0, 0.0, 0.0, 0.0, 0.0, 0.0, 0.0, 0.0, 0.0, 0.0], [0.0, 0.0, 0.0, 0.0, 0.0, 0.0, 0.0, 0.0, 0.0, 0.0, 0.0, 0.0, 0.9857325494822646, 0.0, 0.0, 0.0, 0.0, 0.0, 0.0, 0.0, 0.0, 0.0, 0.0, 0.0, 0.0, 0.0, 0.0, 0.0, 0.0, 0.0, 0.0, 0.0, 0.0, 0.0, 0.0, 0.0, 0.0, 0.0, 0.0], [0.0, 0.0, 0.0, 0.0, 0.0, 0.0, 0.0, 0.0, 0.0, 0.0, 0.0, 0.0, 0.9857107883438974, 0.0, 0.0, 0.0, 0.0, 0.0, 0.0, 0.0, 0.0, 0.0, 0.0, 0.0, 0.0, 0.0, 0.0, 0.0, 0.0, 0.0, 0.0, 0.0, 0.0, 0.0, 0.0, 0.0, 0.0, 0.0, 0.0], [0.0, 0.0, 0.0, 0.0, 0.0, 0.0, 0.0, 0.0, 0.0, 0.0, 0.0, 0.0, 0.0, 0.0, 0.0, 0.0, 0.9827666076005146, 0.0, 0.0, 0.0, 0.0, 0.0, 0.0, 0.0, 0.0, 0.0, 0.0, 0.0, 0.0, 0.0, 0.0, 0.0, 0.0, 0.0, 0.0, 0.0, 0.0, 0.0, 0.0], [0.0, 0.0, 0.0, 0.0, 0.0, 0.0, 0.0, 0.0, 0.0, 0.0, 0.0, 0.0, 0.0, 0.0, 0.0, 0.0, 0.9812341368320687, 0.0, 0.0, 0.0, 0.0, 0.0, 0.0, 0.0, 0.0, 0.0, 0.0, 0.0, 0.0, 0.0, 0.0, 0.0, 0.0, 0.0, 0.0, 0.0, 0.0, 0.0, 0.0], [0.0, 0.0, 0.0, 0.0, 0.0, 0.0, 0.0, 0.0, 0.0, 0.0, 0.0, 0.0, 0.0, 0.0, 0.0, 0.0, 0.9799067778521111, 0.0, 0.0, 0.0, 0.0, 0.0, 0.0, 0.0, 0.0, 0.0, 0.0, 0.0, 0.0, 0.0, 0.0, 0.0, 0.0, 0.0, 0.0, 0.0, 0.0, 0.0, 0.0]], "Born radii": [], "Atomic SASAs": [], "Solvent H bonds": [], "Total SASA": NaN, "Total FOD": 0.0, "FOD": [0.0, 0.0, 0.0, 0.0, 0.0, 0.0, 0.0, 0.0, 0.0, 0.0, 0.0, 0.0, 0.0, 0.0, 0.0, 0.0, 0.0, 0.0, 0.0, 0.0, 0.0, 0.0, 0.0, 0.0, 0.0, 0.0, 0.0, 0.0, 0.0, 0.0, 0.0, 0.0, 0.0, 0.0, 0.0, 0.0, 0.0, 0.0, 0.0], "FOD s proportion": [0.0, 0.0, 0.0, 0.0, 0.0, 0.0, 0.0, 0.0, 0.0, 0.0, 0.0, 0.0, 0.0, 0.0, 0.0, 0.0, 0.0, 0.0, 0.0, 0.0, 0.0, 0.0, 0.0, 0.0, 0.0, 0.0, 0.0, 0.0, 0.0, 0.0, 0.0, 0.0, 0.0, 0.0, 0.0, 0.0, 0.0, 0.0, 0.0], "FOD p proportion": [0.0, 0.0, 0.0, 0.0, 0.0, 0.0, 0.0, 0.0, 0.0, 0.0, 0.0, 0.0, 0.0, 0.0, 0.0, 0.0, 0.0, 0.0, 0.0, 0.0, 0.0, 0.0, 0.0, 0.0, 0.0, 0.0, 0.0, 0.0, 0.0, 0.0, 0.0, 0.0, 0.0, 0.0, 0.0, 0.0, 0.0, 0.0, 0.0], "FOD d proportion": [0.0, 0.0, 0.0, 0.0, 0.0, 0.0, 0.0, 0.0, 0.0, 0.0, 0.0, 0.0, 0.0, 0.0, 0.0, 0.0, 0.0, 0.0, 0.0, 0.0, 0.0, 0.0, 0.0, 0.0, 0.0, 0.0, 0.0, 0.0, 0.0, 0.0, 0.0, 0.0, 0.0, 0.0, 0.0, 0.0, 0.0, 0.0, 0.0], "coordinates": [["5.85770", "-1.55330", "1.94980"], ["5.29630", "-1.37540", "0.65570"], ["3.91650", "-1.01010", "0.72930"], ["3.40280", "-0.81670", "-0.69270"], ["1.90860", "-0.51290", "-0.73580"], ["1.64230", "0.78370", "-0.13660"], ["0.30650", "1.17060", "-0.14850"], ["-0.65470", "0.26720", "-0.01540"], ["-1.89860", "0.72510", "-0.02370"], ["-2.96830", "-0.14310", "0.11660"], ["-2.80300", "-1.51340", "-0.34810"], ["-2.83650", "-1.57700", "-1.87500"], ["-3.93960", "-2.35270", "0.23680"], ["-2.21860", "2.00000", "-0.16500"], ["-1.18530", "2.82530", "-0.28760"], ["-1.50880", "4.56200", "-0.50320"], ["-3.10810", "4.68380", "0.33280"], ["0.09240", "2.46510", "-0.29830"], ["5.80650", "-0.62140", "2.52100"], ["6.90780", "-1.83430", "1.83360"], ["5.33870", "-2.35370", "2.48590"], ["3.81670", "-0.08400", "1.30640"], ["3.35740", "-1.80790", "1.23160"], ["3.60340", "-1.72710", "-1.27140"], ["3.97470", "-0.01840", "-1.18270"], ["1.58050", "-0.51380", "-1.78290"], ["1.36630", "-1.31000", "-0.21200"], ["2.16200", "1.56180", "-0.53300"], ["-3.80560", "0.33740", "-0.19240"], ["-1.86070", "-1.94150", "0.01590"], ["-2.00470", "-1.01710", "-2.31530"], ["-2.76030", "-2.61280", "-2.22230"], ["-3.76600", "-1.15290", "-2.27140"], ["-3.85010", "-3.39990", "-0.07080"], ["-4.91880", "-1.98380", "-0.08920"], ["-3.92220", "-2.31930", "1.33180"], ["-3.03850", "4.31460", "1.35990"], ["-3.87510", "4.12280", "-0.20840"], ["-3.41320", "5.73330", "0.36510"]], "bond_dist": [[0.0, 1.4217992755659994, 2.3564685293888394, 3.6812932265713365, 4.887767417748107, 5.252069222696899, 6.529802105730312, 7.041845287280885, 8.321418058239834, 9.124010208236289, 8.960449816275966, 9.4983561930473, 9.978000633894547, 9.073309298155772, 8.589641769014584, 9.883290208225194, 11.04090915866986, 7.378358642679279, 1.0942250636866255, 1.0932398867586195, 1.0942597360773172, 2.595859597512932, 2.6138348245441985, 3.9355056053828714, 3.9641093905188844, 5.771312621925796, 4.9905158140216335, 5.433814713440274, 10.07686132781433, 7.9664525988673285, 8.96079919482632, 9.633217669086482, 10.516389650921079, 10.08633415865249, 10.976147024343287, 9.829299263426666, 10.673453370863623, 11.471849645545394, 11.897705680508324], [1.4217992755659994, 0.0, 1.4292337422549184, 2.3907468498358413, 3.7625376795455483, 4.317541904834277, 5.659236492672841, 6.2099042641573785, 7.525973067982638, 8.37333895527943, 8.162433395134075, 8.519831036470148, 9.296904931750134, 8.27892478888412, 7.781184610327658, 9.105226739625982, 10.365910881827991, 6.537593705638184, 2.075611748376849, 2.0481625594664115, 2.075692821686292, 2.068898404948875, 2.0683448140965273, 2.5890766133894143, 2.639657197440607, 4.527283309005523, 4.025180797181662, 4.456903411562785, 9.30040542449629, 7.207805647352043, 7.89048926809992, 8.644237752398993, 9.525896385642666, 9.39590524962869, 10.260277509892216, 9.291329327389057, 10.116367365808737, 10.7280683261247, 11.246041716977578], [2.3564685293888394, 1.4292337422549184, 0.0, 1.5242621985734608, 2.5348349571520434, 3.023158429523666, 4.307909624168084, 4.804367057167885, 6.115007444803317, 6.966172645721609, 6.823912506766188, 7.259942362030156, 7.985201200971707, 6.8920190445180864, 6.463183581641481, 7.874086280324848, 9.051116760930663, 5.2684644451680605, 2.6331305664550704, 3.293426759471053, 2.6293644403163285, 1.0957489037183656, 1.096076156113251, 2.148236742074765, 2.1546693783501913, 3.4661734708464897, 2.734868505065646, 3.359515017082079, 7.892788832218939, 5.895123862990498, 6.658096394616107, 7.473971373373061, 8.248963485190124, 8.165254411835557, 8.926396811143901, 7.970083348372212, 8.781919576607383, 9.377364995562452, 9.966473162056877], [3.6812932265713365, 2.3907468498358413, 1.5242621985734608, 0.0, 1.5253805066277726, 2.4433353474298203, 3.719218818515523, 4.254042871199114, 5.561434185531643, 6.45752418965659, 6.254286025598765, 6.39568243974011, 7.558710472693076, 6.309707135834436, 5.87187632873854, 7.286297996925462, 8.584810382879752, 4.678088365988826, 4.017932735873013, 4.438775332228474, 4.0266084699160904, 2.169000532503392, 2.165056371090601, 1.0972521177924426, 1.0974755122552848, 2.1450085640854675, 2.1498254882664316, 2.6874432049812698, 7.317327207389321, 5.42878635147857, 5.64925191242168, 6.599200934961748, 7.3482662968893555, 7.724263088476467, 8.424687603703772, 7.746743316387861, 8.487270005131213, 8.809144972697409, 9.512060599050029], [4.887767417748107, 3.7625376795455483, 2.5348349571520434, 1.5253805066277726, 0.0, 1.4529720885137472, 2.3970435853359033, 2.77453402574198, 4.066263917898099, 4.964623994825791, 4.832234069247888, 4.994603033275017, 6.207435705667841, 4.86562009306111, 4.5734756684604765, 6.122690219993169, 7.301703619019332, 3.5154619454632132, 5.080565214619334, 5.774072649352449, 5.053066548146779, 2.827610592001664, 2.7652683775720575, 2.1525556996277704, 2.1709488870077065, 1.0973007017221852, 1.0971891997281054, 2.0999332108426683, 5.802617968641396, 4.100435750014869, 4.250053503192637, 5.330843223168357, 5.913438299331447, 6.47608058087606, 7.013916818012601, 6.444864572665589, 7.222915834342803, 7.430952222965776, 8.27940520146224], [5.252069222696899, 4.317541904834277, 3.023158429523666, 2.4433353474298203, 1.4529720885137472, 0.0, 1.3907533426168712, 2.3574712490293495, 3.543184045459677, 4.709639141165701, 5.008202546822562, 5.352998084251478, 6.413582472378445, 4.048053984323826, 3.4908814531576406, 4.933495480893846, 6.1642044523198605, 2.2924752692232038, 5.135923033885924, 6.2017015640870685, 5.512182686558928, 2.750121388229981, 3.3955750337755757, 3.381981799182249, 2.6791378053396206, 2.0970524981506777, 2.1131589741427406, 1.0161991241877746, 5.466435011961636, 4.440831035966129, 4.614132998733348, 5.938791417451871, 6.12841737237274, 6.904585169291491, 7.121048814605893, 6.538231244763373, 6.051169779472395, 6.449530743395212, 7.092836054780909], [6.529802105730312, 5.659236492672841, 4.307909624168084, 3.719218818515523, 2.3970435853359033, 1.3907533426168712, 0.0, 1.3258026285989932, 2.253111470833167, 3.5384178300477744, 4.112503666867666, 4.517583093867782, 5.530955088409234, 2.6578763364761726, 2.2322294102533458, 3.862993675894383, 4.922775344254498, 1.3206093669211951, 6.370831519511405, 7.518996349912666, 6.684593532145391, 4.0015321078307, 4.48153200033203, 4.530686406053723, 3.9923654492042684, 2.6704948455295696, 2.698255853324514, 1.934879308897586, 4.195892736951221, 3.795912223695379, 3.850025840173024, 5.293394396793045, 5.146903234955948, 6.178416552807038, 6.103893506607074, 5.679136711684269, 4.832083563019165, 5.119067435578477, 5.909161052129143], [7.041845287280885, 6.2099042641573785, 4.804367057167885, 4.254042871199114, 2.77453402574198, 2.3574712490293495, 1.3258026285989932, 0.0, 1.325529520606765, 2.3534049906465313, 2.810056679143679, 3.40872953459203, 4.209281275942486, 2.3389654144514407, 2.626690847815936, 4.405989411017689, 5.064264049198067, 2.3385797463417837, 6.997859698507823, 8.063901630104375, 7.003317932237548, 4.675886508460187, 4.685935917188796, 4.866845395119922, 4.7828339935649025, 2.9546804040369574, 2.5711189004011463, 3.1428804956599925, 3.156648198643618, 2.5166985079663395, 2.959977449238423, 4.195039805532243, 4.097121880051898, 4.864285428508487, 4.822343439656699, 4.379667377781103, 4.894425327860259, 5.02731305172057, 6.134521310583247], [8.321418058239834, 7.525973067982638, 6.115007444803317, 5.561434185531643, 4.066263917898099, 3.543184045459677, 2.253111470833167, 1.325529520606765, 0.0, 1.3848153017641016, 2.4359919889030834, 3.0994568088618366, 3.702214754711023, 1.3220195535618982, 2.23366965776052, 3.8863435128665613, 4.154670647596509, 2.6583991724344185, 8.225395209350125, 9.356963856401284, 8.255641276727085, 5.923551545314686, 5.96803176013667, 6.151588748445397, 6.032555523159319, 4.090696109465966, 3.8518386401821143, 4.177071431038737, 1.9533100061178206, 2.6671633114603237, 2.8806160122446034, 4.088758400786234, 3.4736467940767954, 4.563572685955599, 4.0575901099051395, 3.898808609049693, 4.012260113701504, 3.935102492947293, 5.246641386639647], [9.124010208236289, 8.37333895527943, 6.966172645721609, 6.45752418965659, 4.964623994825791, 4.709639141165701, 3.5384178300477744, 2.3534049906465313, 1.3848153017641016, 0.0, 1.4563626849105962, 2.4576230406634783, 2.4166513794918787, 2.2878431458471975, 3.486239406581252, 4.965104057318436, 4.833761484599752, 4.042614715750192, 9.110819133864966, 10.16590368093265, 8.91664644639452, 6.888783771465032, 6.635455110992765, 6.900930436542597, 7.064628764485788, 4.943389543622877, 4.500932206776725, 5.4450566810640275, 1.0136234705254215, 2.1145119555112477, 2.7579953897713465, 3.4078050560441393, 2.7126675671744223, 3.379265636199676, 2.689791884142712, 2.668797985985451, 4.628370363313637, 4.373306992425755, 5.898454477233846], [8.960449816275966, 8.162433395134075, 6.823912506766188, 6.254286025598765, 4.832234069247888, 5.008202546822562, 4.112503666867666, 2.810056679143679, 2.4359919889030834, 1.4563626849105962, 0.0, 1.5285911225700612, 1.5291801921291028, 3.5663747040937803, 4.630867222238185, 6.213653901691017, 6.241954714670717, 4.9208010983985115, 9.118710931924534, 9.958033357043949, 8.661693770851056, 6.971440503941778, 6.366530491562889, 6.47611855512235, 6.990622250558243, 4.719419821333974, 4.1764766562259155, 5.8431385444810395, 2.1106657456831006, 1.09713030219751, 2.1802459540152803, 2.1732761651479087, 2.180920021458834, 2.1753611079542634, 2.1828685278779387, 2.17351040025117, 6.077689384132757, 5.738960266459422, 7.3072333458019525], [9.4983561930473, 8.519831036470148, 7.259942362030156, 6.39568243974011, 4.994603033275017, 5.352998084251478, 4.517583093867782, 3.40872953459203, 3.0994568088618366, 2.4576230406634783, 1.5285911225700612, 0.0, 2.505641502689481, 4.01258388198926, 4.962514029199313, 6.428992419500897, 6.644227873876694, 5.234788487608644, 9.743687000309484, 10.42934800167297, 9.298096941847831, 7.524322241903254, 6.933157691845758, 6.469866689507597, 7.021464141473628, 4.544091289796014, 4.527735177768241, 6.052935791002578, 2.7267608861064443, 2.1588304009347286, 1.095099694091821, 1.0951280153479777, 1.0958850395912885, 2.757804744719974, 2.7731824985023974, 3.4660236612002526, 6.724309077518671, 6.028595654047466, 7.667536565938241], [9.978000633894547, 9.296904931750134, 7.985201200971707, 7.558710472693076, 6.207435705667841, 6.413582472378445, 5.530955088409234, 4.209281275942486, 3.702214754711023, 2.4166513794918787, 1.5291801921291028, 2.505641502689481, 0.0, 4.697795390393243, 5.888365465050551, 7.366781164796468, 7.086108981662645, 6.305121160612221, 10.158810685311543, 10.976547524609002, 9.547004907299462, 8.151762603265627, 7.3846220675130025, 7.717699890511421, 8.37257912652965, 6.158915920030084, 5.425976367438399, 7.290090867060575, 2.7274175789563286, 2.1306589262479343, 3.4699970864541085, 2.739630141095692, 2.7858076459080947, 1.095105405885662, 1.0959908074432012, 1.0956474432955157, 6.821013422505486, 6.4911064958141, 8.104131899839736], [9.073309298155772, 8.27892478888412, 6.8920190445180864, 6.309707135834436, 4.86562009306111, 4.048053984323826, 2.6578763364761726, 2.3389654144514407, 1.3220195535618982, 2.2878431458471975, 3.5663747040937803, 4.01258388198926, 4.697795390393243, 0.0, 1.3281038137133707, 2.679932700647537, 2.8708531014316976, 2.3611031108361193, 8.859377177318956, 10.098882879308979, 9.115632605036252, 6.552321729738245, 6.895097531579957, 7.000791338841632, 6.59292171499101, 4.8342477863675954, 4.8795304087586135, 4.417816157333847, 2.298599251718316, 3.961847986735483, 3.711123241014774, 5.079748617795963, 4.095381072623156, 5.641771521428354, 4.813261692449311, 4.878423484077618, 2.890489436064419, 2.6929826679724473, 3.9554524469395407], [8.589641769014584, 7.781184610327658, 6.463183581641481, 5.87187632873854, 4.5734756684604765, 3.4908814531576406, 2.2322294102533458, 2.626690847815936, 2.23366965776052, 3.486239406581252, 4.630867222238185, 4.962514029199313, 5.888365465050551, 1.3281038137133707, 0.0, 1.7796804488446798, 2.745191842112314, 1.327545035017645, 8.285725200005126, 9.576514460386932, 8.779346174402738, 6.002071849786538, 6.664130413639877, 6.680108972913541, 5.959314868338474, 4.586410419925369, 4.859741146398643, 3.586233497696434, 3.6145098616548275, 4.823967210709459, 4.421201353704669, 5.9830277201430375, 5.140189701752261, 6.7750480677261615, 6.091455295740091, 6.0481391460514535, 2.892511189260986, 2.9874408663603704, 3.7210240122847904], [9.883290208225194, 9.105226739625982, 7.874086280324848, 7.286297996925462, 6.122690219993169, 4.933495480893846, 3.862993675894383, 4.405989411017689, 3.8863435128665613, 4.965104057318436, 6.213653901691017, 6.428992419500897, 7.366781164796468, 2.679932700647537, 1.7796804488446798, 0.0, 1.8087265492605564, 2.646283253924266, 9.461872715799975, 10.826469576459354, 10.180858586091842, 7.295266849814337, 8.201527875341277, 8.141099366178993, 7.177085526869524, 6.078252398510611, 6.544568851345366, 4.7409767685572985, 4.818623459038899, 6.5336674747036225, 5.886932990106138, 7.483268811154655, 6.393869336325228, 8.310265161834488, 7.392360491750927, 7.519575403571667, 2.423289182082898, 2.424701913638046, 2.398463662430598], [11.04090915866986, 10.365910881827991, 9.051116760930663, 8.584810382879752, 7.301703619019332, 6.1642044523198605, 4.922775344254498, 5.064264049198067, 4.154670647596509, 4.833761484599752, 6.241954714670717, 6.644227873876694, 7.086108981662645, 2.8708531014316976, 2.745191842112314, 1.8087265492605564, 0.0, 3.945138419624842, 10.602049775397209, 12.043931295885077, 11.203154738733193, 8.463608499924838, 9.206122993964398, 9.418987668534236, 8.635593837716083, 7.312605705902651, 7.499513373546312, 6.186311312082507, 4.433230678636067, 6.74915049913691, 6.382020524880816, 7.738854722114895, 6.4250880881120995, 8.127709557433754, 6.921965634846796, 7.1206860217257155, 1.0936577206786406, 1.0935755300846852, 1.0934256033219636], [7.378358642679279, 6.537593705638184, 5.2684644451680605, 4.678088365988826, 3.5154619454632132, 2.2924752692232038, 1.3206093669211951, 2.3385797463417837, 2.6583991724344185, 4.042614715750192, 4.9208010983985115, 5.234788487608644, 6.305121160612221, 2.3611031108361193, 1.327545035017645, 2.646283253924266, 3.945138419624842, 0.0, 7.079962821230066, 8.335437308863884, 7.648285217615776, 4.789925196701927, 5.591005992663574, 5.554150290548501, 4.69278050839798, 3.6458639552237826, 3.9851786547154946, 2.270303755007246, 4.442153317930393, 4.830263430704375, 4.537822633157889, 6.133901018112373, 5.645378478897584, 7.070593150507247, 6.704368684671212, 6.454821649743701, 3.9966000925786913, 4.300826379894915, 4.838435920832268], [1.0942250636866255, 2.075611748376849, 2.6331305664550704, 4.017932735873013, 5.080565214619334, 5.135923033885924, 6.370831519511405, 6.997859698507823, 8.225395209350125, 9.110819133864966, 9.118710931924534, 9.743687000309484, 10.158810685311543, 8.859377177318956, 8.285725200005126, 9.461872715799975, 10.602049775397209, 7.079962821230066, 0.0, 1.7766560893994088, 1.7946955563548932, 2.3923536444263416, 3.0113826425746693, 4.523109534380081, 4.175702806714098, 6.032761305571437, 5.25916675909787, 5.232175311474187, 10.033658525682444, 8.173380320283647, 9.19571756960815, 9.992728911063283, 10.71831825707746, 10.377254600808442, 11.1221103163923, 9.94709328095399, 10.195404563331461, 11.121620230883627, 11.403200646748262], [1.0932398867586195, 2.0481625594664115, 3.293426759471053, 4.438775332228474, 5.774072649352449, 6.2017015640870685, 7.518996349912666, 8.063901630104375, 9.356963856401284, 10.16590368093265, 9.958033357043949, 10.42934800167297, 10.976547524609002, 10.098882879308979, 9.576514460386932, 10.826469576459354, 12.043931295885077, 8.335437308863884, 1.7766560893994088, 0.0, 1.7768923602739697, 3.5911542907538796, 3.6011721869413575, 4.535589950601795, 4.582426661715385, 6.5728926501198846, 5.930226985537738, 6.297373135681259, 11.117459082452248, 8.955563487575754, 9.864777914378003, 10.513255664635954, 11.45623574303532, 11.036768328183753, 11.982820104215868, 10.852461851580037, 11.703087053850366, 12.487102819309209, 12.882084575486997], [1.0942597360773172, 2.075692821686292, 2.6293644403163285, 4.0266084699160904, 5.053066548146779, 5.512182686558928, 6.684593532145391, 7.003317932237548, 8.255641276727085, 8.91664644639452, 8.661693770851056, 9.298096941847831, 9.547004907299462, 9.115632605036252, 8.779346174402738, 10.180858586091842, 11.203154738733193, 7.648285217615776, 1.7946955563548932, 1.7768923602739697, 0.0, 2.9764479400789123, 2.407636978450032, 4.18583288486294, 4.557713028482596, 5.977620989156137, 4.914054930502915, 5.8767610424450645, 9.901188443313258, 7.622477891079778, 8.874882791338713, 9.371663729029121, 10.342600544350537, 9.595066168088682, 10.58226215277244, 9.33259872597124, 10.766224070211432, 11.580087010899357, 12.103434027167662], [2.595859597512932, 2.068898404948875, 1.0957489037183656, 2.169000532503392, 2.827610592001664, 2.750121388229981, 4.0015321078307, 4.675886508460187, 5.923551545314686, 6.888783771465032, 6.971440503941778, 7.524322241903254, 8.151762603265627, 6.552321729738245, 6.002071849786538, 7.295266849814337, 8.463608499924838, 4.789925196701927, 2.3923536444263416, 3.5911542907538796, 2.9764479400789123, 0.0, 1.7856043066704335, 3.0643641004293207, 2.494972178201593, 3.8378500452727438, 3.1325827554910664, 2.9715454043308847, 7.779681014668918, 6.111347417714035, 6.919254617370285, 7.880576256213755, 8.452250548818345, 8.465913706741878, 9.047977655255345, 8.055295429715784, 8.145201731694556, 8.896941750961394, 9.327297518038115], [2.6138348245441985, 2.0683448140965273, 1.096076156113251, 2.165056371090601, 2.7652683775720575, 3.3955750337755757, 4.48153200033203, 4.685935917188796, 5.96803176013667, 6.635455110992765, 6.366530491562889, 6.933157691845758, 7.3846220675130025, 6.895097531579957, 6.664130413639877, 8.201527875341277, 9.206122993964398, 5.591005992663574, 3.0113826425746693, 3.6011721869413575, 2.407636978450032, 1.7856043066704335, 0.0, 2.516357216295016, 3.0679331853871914, 3.730854951616318, 2.509255782099545, 3.987188534544109, 7.611744681083306, 5.359509591371211, 6.477498024700587, 7.0713183007130995, 7.965102733800739, 7.495249562889817, 8.38277638315612, 7.298228974210113, 8.854885880122906, 9.463395729863567, 10.171604792263608], [3.9355056053828714, 2.5890766133894143, 2.148236742074765, 1.0972521177924426, 2.1525556996277704, 3.381981799182249, 4.530686406053723, 4.866845395119922, 6.151588748445397, 6.900930436542597, 6.47611855512235, 6.469866689507597, 7.717699890511421, 7.000791338841632, 6.680108972913541, 8.141099366178993, 9.418987668534236, 5.554150290548501, 4.523109534380081, 4.535589950601795, 4.18583288486294, 3.0643641004293207, 2.516357216295016, 0.0, 1.7508246828280665, 2.4136804987404608, 2.5101627795822328, 3.666023967