{"total energy": -48.99174532, "HOMO-LUMO gap/eV": 3.60590386, "electronic energy": -49.67792606, "dipole": [0.05473249, 1.69537742, 1.83985064], "partial charges": [-0.27737031, 0.08444415, -0.05456229, -0.02730101, -0.08316789, -0.0272815, -0.05455929, 0.92658521, -0.55159729, -0.55155976, -0.08317941, -0.02728448, -0.05455238, 0.08442415, -0.27739892, -0.05456606, -0.02727571, 0.16429494, 0.16431247, 0.0418464, 0.0578528, 0.05791465, 0.04185357, 0.05782348, 0.04186932, 0.16432596, 0.16432461, 0.04187002, 0.05791458], "atomic dipole moments": [[0.03670405, -0.10273401, -0.11827352], [0.11633306, 0.04908464, 0.03270537], [-0.00835636, 0.02784357, -0.01814439], [-0.02636971, 0.0019898, -0.03782674], [-0.12198788, -0.07834322, -0.06353919], [-0.01915234, -0.04197159, 0.00257632], [-0.00032345, -0.02118104, 0.02694817], [0.00128985, 0.04242113, 0.04599362], [-0.01912019, 0.18333072, -0.05501569], [0.02278802, -0.07043645, 0.17756877], [0.11753344, -0.06051065, -0.08722175], [0.02514267, -0.03864902, -0.00186211], [0.00858214, -0.02056334, 0.02598427], [-0.11369686, 0.03200975, 0.05527817], [-0.04360633, -0.10824872, -0.11074942], [0.00058389, 0.02854365, -0.01888156], [0.01796066, 0.00546487, -0.04222745], [0.08543955, -0.08264213, 0.05361674], [0.05997497, 0.07320529, -0.08969163], [0.06734356, -0.06226094, 0.11922525], [-0.04366848, -0.13520006, 0.06478587], [-0.07643356, 0.0652504, -0.11953475], [0.0354063, 0.13312324, -0.06042663], [0.04170945, 0.07433568, -0.13085852], [-0.06527634, 0.12587038, -0.05017506], [-0.08605298, 0.06272951, -0.07520591], [-0.06059545, -0.0935911, 0.067576], [-0.03337625, -0.07008613, 0.12884132], [0.07444383, -0.12671832, 0.05282833]], "atomic quadrupole moments": [[0.03815607, 0.05012993, -0.01461546, 0.03786272, 0.03565044, -0.02354061], [0.10498746, -0.09994315, -0.10277104, -0.19147711, 0.29873031, -0.00221641], [0.00646044, -0.19749645, -0.02610266, -0.24452313, 0.23645489, 0.01964222], [0.0051393, -0.24562937, -0.08747014, -0.27987515, 0.27714425, 0.08233084], [0.17506322, 0.0307009, -0.12014246, -0.07539078, 0.33917725, -0.05492076], [-0.00724218, -0.21096406, -0.04805257, -0.31714196, 0.27372714, 0.05529475], [0.00185388, -0.17801544, -0.09187322, -0.25128902, 0.22838905, 0.09001935], [0.23697537, 0.03989476, -0.12961679, -0.04380693, 0.11953123, -0.10735858], [-0.07808628, -0.02294846, 0.1568485, 0.00412614, -0.05325123, -0.07876222], [-0.07688184, -0.00803575, -0.06810097, 0.02761724, -0.07223843, 0.14498281], [0.17827626, 0.08001035, -0.11531163, -0.02209756, 0.3380194, -0.06296463], [0.03841165, 0.26813737, 0.02030974, 0.27372012, 0.27058254, -0.05872139], [0.03447647, 0.23366953, -0.03296482, 0.22316965, 0.22299807, -0.00151165], [0.12362936, 0.18724628, -0.06265007, 0.11854642, 0.29348683, -0.06097929], [0.03271071, -0.03437495, -0.02728427, -0.05338265, 0.03714041, -0.00542644], [0.02915195, 0.24431214, 0.03725822, 0.20249454, 0.2264298, -0.06641018], [0.02640471, 0.30736371, -0.00801665, 0.24359135, 0.26151236, -0.01838806], [0.01077608, -0.01340005, 0.00033143, 0.05246902, -0.04439344, -0.01110751], [-0.00854306, 0.04455445, 0.01386564, -0.00134369, -0.05377444, -0.00532258], [0.00543048, 0.02756188, 0.00339841, 0.0398613, -0.02998754, -0.00882889], [0.01052341, 0.0284603, -0.00495228, 0.04277303, -0.0253695, -0.00557113], [0.00738591, 0.03670298, 0.01230767, 0.03262831, -0.02560974, -0.01969358], [0.0036031, 0.03274222, 0.00868548, 0.0344008, -0.03053634, -0.01228858], [0.00599172, -0.04134845, 0.00102202, -0.03308043, -0.0227681, -0.00701374], [0.00113281, -0.03862748, -0.00157122, -0.03173795, -0.02841664, 0.00043841], [0.00808439, -0.05518997, -0.00056925, 0.00724762, -0.0432383, -0.00751514], [-0.01118015, 0.00363884, 0.00328685, -0.04539974, -0.05342814, 0.0078933], [-0.00065135, -0.03283627, -0.00526074, -0.03625195, -0.02972603, 0.00591209], [0.00301415, -0.03096734, -0.01350722, -0.03992027, -0.02570454, 0.01049307]], "number of molecular orbitals": 85, "number of electrons": 88, "number of unpaired electrons": 0, "orbital energies/eV": [-20.38536471, -18.04102305, -18.03872926, -17.62794642, -17.61518355, -17.60788495, -16.98776166, -16.98685074, -16.88889899, -16.71965175, -16.40665375, -16.04349445, -16.02435079, -15.83638942, -15.63827071, -14.84951024, -14.8476444, -14.73542972, -14.6903339, -14.31062832, -14.06150102, -13.69171263, -13.65428787, -13.63811228, -13.55457327, -13.41647614, -13.4033242, -13.30027478, -13.17370591, -13.07718352, -12.76917605, -12.61416563, -12.40194321, -12.13732317, -11.84715726, -11.81115936, -11.71771876, -11.32651457, -11.2763988, -11.24777642, -11.23049464, -10.5532514, -10.39428928, -10.3004607, -6.69455684, -6.46276429, -6.44047225, -6.1928291, -3.5019473, -3.08183542, -2.40192659, -1.14696844, -1.10605173, -0.98072846, 0.61518418, 0.61699522, 3.09924378, 3.21404261, 3.3225354, 3.42122247, 3.53499258, 3.57689472, 3.76435949, 4.71494312, 4.81409426, 4.89317836, 5.08379143, 5.51691338, 5.59675303, 6.16019177, 8.66079836, 9.48098821, 10.51472356, 10.55365916, 10.69041653, 10.80132682, 12.15815923, 12.45680452, 14.05568668, 16.31418986, 16.41916435, 16.50732861, 17.24510374, 26.12731989, 31.17828528], "fractional occupation": [2.0, 2.0, 2.0, 2.0, 2.0, 2.0, 2.0, 2.0, 2.0, 2.0, 2.0, 2.0, 2.0, 2.0, 2.0, 2.0, 2.0, 2.0, 2.0, 2.0, 2.0, 2.0, 2.0, 2.0, 2.0, 2.0, 2.0, 2.0, 2.0, 2.0, 2.0, 2.0, 2.0, 2.0, 2.0, 2.0, 2.0, 2.0, 2.0, 2.0, 2.0, 2.0, 2.0, 2.0, 0.0, 0.0, 0.0, 0.0, 0.0, 0.0, 0.0, 0.0, 0.0, 0.0, 0.0, 0.0, 0.0, 0.0, 0.0, 0.0, 0.0, 0.0, 0.0, 0.0, 0.0, 0.0, 0.0, 0.0, 0.0, 0.0, 0.0, 0.0, 0.0, 0.0, 0.0, 0.0, 0.0, 0.0, 0.0, 0.0, 0.0, 0.0, 0.0, 0.0, 0.0], "program call": "xtb /home/svss/Project-DBcg-Debug/aqme2_20220329/End-to-End-workflows-final/example-3/QDESCP/mol_201_rdkit_conf_2/mol_201_rdkit_conf_2.xyz --pop --wbo --acc 0.2 --gfn 2 --chrg 0 --uhf 0 --etemp 300 --input /home/svss/Project-DBcg-Debug/aqme2_20220329/End-to-End-workflows-final/example-3/QDESCP/mol_201_rdkit_conf_2/mol_201_rdkit_conf_2_xtb.inp", "method": "GFN2-xTB", "xtb version": "6.3.3 (7355c4f)", "Dipole module/D": 6.361, "Total charge": 0, "Transition dipole module/D": NaN, "HOMO": -10.3005, "LUMO": -6.6946, "HOMO occupancy": 2.0, "LUMO occupancy": 0, "mulliken charges": [-0.43487, 0.1568, -0.07178, -0.01543, 0.03291, -0.01539, -0.07177, 0.46953, -0.43012, -0.43008, 0.03291, -0.01542, -0.07176, 0.15678, -0.43489, -0.07178, -0.01538, 0.21543, 0.21545, 0.03702, 0.05494, 0.05499, 0.03703, 0.05492, 0.03704, 0.21546, 0.21546, 0.03704, 0.05499], "cm5 charges": [-0.87866, 0.2052, -0.11974, -0.0655, 0.04039, -0.06546, -0.11973, 0.51811, -0.48099, -0.48095, 0.04039, -0.06547, -0.11974, 0.20517, -0.87875, -0.11975, -0.06544, 0.40255, 0.40262, 0.09546, 0.11463, 0.11468, 0.09546, 0.1146, 0.09548, 0.40265, 0.40264, 0.09548, 0.11468], "FUKUI+": [-0.028, -0.046, -0.016, -0.021, -0.018, -0.021, -0.016, -0.122, -0.023, -0.023, -0.018, -0.021, -0.016, -0.046, -0.028, -0.016, -0.021, -0.036, -0.036, -0.048, -0.041, -0.041, -0.048, -0.041, -0.048, -0.036, -0.036, -0.048, -0.041], "FUKUI-": [-0.069, -0.02, -0.023, -0.01, -0.022, -0.01, -0.023, -0.073, -0.039, -0.039, -0.022, -0.01, -0.023, -0.02, -0.069, -0.023, -0.01, -0.046, -0.046, -0.043, -0.034, -0.034, -0.043, -0.034, -0.043, -0.046, -0.046, -0.043, -0.034], "FUKUIrad": [-0.049, -0.033, -0.02, -0.016, -0.02, -0.016, -0.02, -0.097, -0.031, -0.031, -0.02, -0.016, -0.02, -0.033, -0.049, -0.02, -0.016, -0.041, -0.041, -0.046, -0.037, -0.037, -0.046, -0.037, -0.046, -0.041, -0.041, -0.046, -0.037], "s proportion": [1.438, 1.049, 1.057, 1.066, 1.081, 1.066, 1.057, 1.722, 1.725, 1.725, 1.081, 1.066, 1.057, 1.049, 1.438, 1.057, 1.066, 0.785, 0.785, 0.963, 0.945, 0.945, 0.963, 0.945, 0.963, 0.785, 0.785, 0.963, 0.945], "p proportion": [3.997, 2.794, 3.014, 2.949, 2.886, 2.949, 3.014, 2.92, 4.705, 4.705, 2.886, 2.949, 3.014, 2.794, 3.997, 3.014, 2.949, 0.0, 0.0, 0.0, 0.0, 0.0, 0.0, 0.0, 0.0, 0.0, 0.0, 0.0, 0.0], "d proportion": [0.0, 0.0, 0.0, 0.0, 0.0, 0.0, 0.0, 0.888, 0.0, 0.0, 0.0, 0.0, 0.0, 0.0, 0.0, 0.0, 0.0, 0.0, 0.0, 0.0, 0.0, 0.0, 0.0, 0.0, 0.0, 0.0, 0.0, 0.0, 0.0], "Fermi-level/eV": -8.4975, "Coordination numbers": [2.637, 2.891, 2.918, 2.947, 2.961, 2.947, 2.918, 3.818, 0.86, 0.86, 2.961, 2.947, 2.918, 2.891, 2.637, 2.918, 2.947, 0.86, 0.86, 0.925, 0.925, 0.925, 0.925, 0.925, 0.925, 0.86, 0.86, 0.925, 0.925], "Dispersion coefficient C6": [27.17, 26.118, 29.355, 28.683, 30.079, 28.682, 29.355, 108.784, 24.957, 24.957, 30.079, 28.682, 29.355, 26.118, 27.171, 29.355, 28.682, 1.308, 1.308, 2.424, 2.224, 2.224, 2.424, 2.225, 2.424, 1.308, 1.308, 2.424, 2.224], "Total dispersion C6": 12471.353836, "Total dispersion C8": 324659.816701, "Polarizability alpha": [7.741, 8.379, 8.885, 8.784, 8.996, 8.784, 8.885, 17.554, 6.698, 6.698, 8.996, 8.784, 8.885, 8.379, 7.742, 8.885, 8.784, 1.791, 1.791, 2.435, 2.332, 2.332, 2.435, 2.332, 2.435, 1.791, 1.791, 2.435, 2.332], "Total polarizability alpha": 178.090672, "Wiberg matrix": [[0.0, 1.1498507669971763, 0.0, 0.0, 0.0, 0.0, 0.0, 0.0, 0.0, 0.0, 0.0, 0.0, 0.0, 0.0, 0.0, 0.0, 0.0, 0.9537919454303673, 0.9537908383295997, 0.0, 0.0, 0.0, 0.0, 0.0, 0.0, 0.0, 0.0, 0.0, 0.0], [1.1498507669971763, 0.0, 1.3506073955093103, 0.0, 0.0, 0.0, 1.3503923739010941, 0.0, 0.0, 0.0, 0.0, 0.0, 0.0, 0.0, 0.0, 0.0, 0.0, 0.0, 0.0, 0.0, 0.0, 0.0, 0.0, 0.0, 0.0, 0.0, 0.0, 0.0, 0.0], [0.0, 1.3506073955093103, 0.0, 1.4607284679460935, 0.0, 0.10119175708218718, 0.0, 0.0, 0.0, 0.0, 0.0, 0.0, 0.0, 0.0, 0.0, 0.0, 0.0, 0.0, 0.0, 0.9673469332003322, 0.0, 0.0, 0.0, 0.0, 0.0, 0.0, 0.0, 0.0, 0.0], [0.0, 0.0, 1.4607284679460935, 0.0, 1.4034802590823667, 0.0, 0.10122635728912718, 0.0, 0.0, 0.0, 0.0, 0.0, 0.0, 0.0, 0.0, 0.0, 0.0, 0.0, 0.0, 0.0, 0.9660967875518277, 0.0, 0.0, 0.0, 0.0, 0.0, 0.0, 0.0, 0.0], [0.0, 0.0, 0.0, 1.4034802590823667, 0.0, 1.4033074257089257, 0.0, 0.7803632427797136, 0.0, 0.0, 0.0, 0.0, 0.0, 0.0, 0.0, 0.0, 0.0, 0.0, 0.0, 0.0, 0.0, 0.0, 0.0, 0.0, 0.0, 0.0, 0.0, 0.0, 0.0], [0.0, 0.0, 0.10119175708218718, 0.0, 1.4033074257089257, 0.0, 1.4609372524143938, 0.0, 0.0, 0.0, 0.0, 0.0, 0.0, 0.0, 0.0, 0.0, 0.0, 0.0, 0.0, 0.0, 0.0, 0.9660699176730778, 0.0, 0.0, 0.0, 0.0, 0.0, 0.0, 0.0], [0.0, 1.3503923739010941, 0.0, 0.10122635728912718, 0.0, 1.4609372524143938, 0.0, 0.0, 0.0, 0.0, 0.0, 0.0, 0.0, 0.0, 0.0, 0.0, 0.0, 0.0, 0.0, 0.0, 0.0, 0.0, 0.9673467042719753, 0.0, 0.0, 0.0, 0.0, 0.0, 0.0], [0.0, 0.0, 0.0, 0.0, 0.7803632427797136, 0.0, 0.0, 0.0, 1.6452756659135306, 1.6453628143285377, 0.780431840080967, 0.0, 0.0, 0.0, 0.0, 0.0, 0.0, 0.0, 0.0, 0.0, 0.0, 0.0, 0.0, 0.0, 0.0, 0.0, 0.0, 0.0, 0.0], [0.0, 0.0, 0.0, 0.0, 0.0, 0.0, 0.0, 1.6452756659135306, 0.0, 0.11164757379922723, 0.0, 0.0, 0.0, 0.0, 0.0, 0.0, 0.0, 0.0, 0.0, 0.0, 0.0, 0.0, 0.0, 0.0, 0.0, 0.0, 0.0, 0.0, 0.0], [0.0, 0.0, 0.0, 0.0, 0.0, 0.0, 0.0, 1.6453628143285377, 0.11164757379922723, 0.0, 0.0, 0.0, 0.0, 0.0, 0.0, 0.0, 0.0, 0.0, 0.0, 0.0, 0.0, 0.0, 0.0, 0.0, 0.0, 0.0, 0.0, 0.0, 0.0], [0.0, 0.0, 0.0, 0.0, 0.0, 0.0, 0.0, 0.780431840080967, 0.0, 0.0, 0.0, 1.4033592000054589, 0.0, 0.0, 0.0, 0.0, 1.4033245251303188, 0.0, 0.0, 0.0, 0.0, 0.0, 0.0, 0.0, 0.0, 0.0, 0.0, 0.0, 0.0], [0.0, 0.0, 0.0, 0.0, 0.0, 0.0, 0.0, 0.0, 0.0, 0.0, 1.4033592000054589, 0.0, 1.4608708923743141, 0.0, 0.0, 0.10120669413134933, 0.0, 0.0, 0.0, 0.0, 0.0, 0.0, 0.0, 0.9660866029662807, 0.0, 0.0, 0.0, 0.0, 0.0], [0.0, 0.0, 0.0, 0.0, 0.0, 0.0, 0.0, 0.0, 0.0, 0.0, 0.0, 1.4608708923743141, 0.0, 1.3505356441867171, 0.0, 0.0, 0.1011639816702209, 0.0, 0.0, 0.0, 0.0, 0.0, 0.0, 0.0, 0.9673452223211434, 0.0, 0.0, 0.0, 0.0], [0.0, 0.0, 0.0, 0.0, 0.0, 0.0, 0.0, 0.0, 0.0, 0.0, 0.0, 0.0, 1.3505356441867171, 0.0, 1.1498453361345709, 1.3504135461745084, 0.0, 0.0, 0.0, 0.0, 0.0, 0.0, 0.0, 0.0, 0.0, 0.0, 0.0, 0.0, 0.0], [0.0, 0.0, 0.0, 0.0, 0.0, 0.0, 0.0, 0.0, 0.0, 0.0, 0.0, 0.0, 0.0, 1.1498453361345709, 0.0, 0.0, 0.0, 0.0, 0.0, 0.0, 0.0, 0.0, 0.0, 0.0, 0.0, 0.9537923660510189, 0.953792906133858, 0.0, 0.0], [0.0, 0.0, 0.0, 0.0, 0.0, 0.0, 0.0, 0.0, 0.0, 0.0, 0.0, 0.10120669413134933, 0.0, 1.3504135461745084, 0.0, 0.0, 1.4609344673196558, 0.0, 0.0, 0.0, 0.0, 0.0, 0.0, 0.0, 0.0, 0.0, 0.0, 0.96735041700861, 0.0], [0.0, 0.0, 0.0, 0.0, 0.0, 0.0, 0.0, 0.0, 0.0, 0.0, 1.4033245251303188, 0.0, 0.1011639816702209, 0.0, 0.0, 1.4609344673196558, 0.0, 0.0, 0.0, 0.0, 0.0, 0.0, 0.0, 0.0, 0.0, 0.0, 0.0, 0.0, 0.9660679229900909], [0.9537919454303673, 0.0, 0.0, 0.0, 0.0, 0.0, 0.0, 0.0, 0.0, 0.0, 0.0, 0.0, 0.0, 0.0, 0.0, 0.0, 0.0, 0.0, 0.0, 0.0, 0.0, 0.0, 0.0, 0.0, 0.0, 0.0, 0.0, 0.0, 0.0], [0.9537908383295997, 0.0, 0.0, 0.0, 0.0, 0.0, 0.0, 0.0, 0.0, 0.0, 0.0, 0.0, 0.0, 0.0, 0.0, 0.0, 0.0, 0.0, 0.0, 0.0, 0.0, 0.0, 0.0, 0.0, 0.0, 0.0, 0.0, 0.0, 0.0], [0.0, 0.0, 0.9673469332003322, 0.0, 0.0, 0.0, 0.0, 0.0, 0.0, 0.0, 0.0, 0.0, 0.0, 0.0, 0.0, 0.0, 0.0, 0.0, 0.0, 0.0, 0.0, 0.0, 0.0, 0.0, 0.0, 0.0, 0.0, 0.0, 0.0], [0.0, 0.0, 0.0, 0.9660967875518277, 0.0, 0.0, 0.0, 0.0, 0.0, 0.0, 0.0, 0.0, 0.0, 0.0, 0.0, 0.0, 0.0, 0.0, 0.0, 0.0, 0.0, 0.0, 0.0, 0.0, 0.0, 0.0, 0.0, 0.0, 0.0], [0.0, 0.0, 0.0, 0.0, 0.0, 0.9660699176730778, 0.0, 0.0, 0.0, 0.0, 0.0, 0.0, 0.0, 0.0, 0.0, 0.0, 0.0, 0.0, 0.0, 0.0, 0.0, 0.0, 0.0, 0.0, 0.0, 0.0, 0.0, 0.0, 0.0], [0.0, 0.0, 0.0, 0.0, 0.0, 0.0, 0.9673467042719753, 0.0, 0.0, 0.0, 0.0, 0.0, 0.0, 0.0, 0.0, 0.0, 0.0, 0.0, 0.0, 0.0, 0.0, 0.0, 0.0, 0.0, 0.0, 0.0, 0.0, 0.0, 0.0], [0.0, 0.0, 0.0, 0.0, 0.0, 0.0, 0.0, 0.0, 0.0, 0.0, 0.0, 0.9660866029662807, 0.0, 0.0, 0.0, 0.0, 0.0, 0.0, 0.0, 0.0, 0.0, 0.0, 0.0, 0.0, 0.0, 0.0, 0.0, 0.0, 0.0], [0.0, 0.0, 0.0, 0.0, 0.0, 0.0, 0.0, 0.0, 0.0, 0.0, 0.0, 0.0, 0.9673452223211434, 0.0, 0.0, 0.0, 0.0, 0.0, 0.0, 0.0, 0.0, 0.0, 0.0, 0.0, 0.0, 0.0, 0.0, 0.0, 0.0], [0.0, 0.0, 0.0, 0.0, 0.0, 0.0, 0.0, 0.0, 0.0, 0.0, 0.0, 0.0, 0.0, 0.0, 0.9537923660510189, 0.0, 0.0, 0.0, 0.0, 0.0, 0.0, 0.0, 0.0, 0.0, 0.0, 0.0, 0.0, 0.0, 0.0], [0.0, 0.0, 0.0, 0.0, 0.0, 0.0, 0.0, 0.0, 0.0, 0.0, 0.0, 0.0, 0.0, 0.0, 0.953792906133858, 0.0, 0.0, 0.0, 0.0, 0.0, 0.0, 0.0, 0.0, 0.0, 0.0, 0.0, 0.0, 0.0, 0.0], [0.0, 0.0, 0.0, 0.0, 0.0, 0.0, 0.0, 0.0, 0.0, 0.0, 0.0, 0.0, 0.0, 0.0, 0.0, 0.96735041700861, 0.0, 0.0, 0.0, 0.0, 0.0, 0.0, 0.0, 0.0, 0.0, 0.0, 0.0, 0.0, 0.0], [0.0, 0.0, 0.0, 0.0, 0.0, 0.0, 0.0, 0.0, 0.0, 0.0, 0.0, 0.0, 0.0, 0.0, 0.0, 0.0, 0.9660679229900909, 0.0, 0.0, 0.0, 0.0, 0.0, 0.0, 0.0, 0.0, 0.0, 0.0, 0.0, 0.0]], "Born radii": [], "Atomic SASAs": [], "Solvent H bonds": [], "Total SASA": NaN, "Total FOD": 0.0, "FOD": [0.0, 0.0, 0.0, 0.0, 0.0, 0.0, 0.0, 0.0, 0.0, 0.0, 0.0, 0.0, 0.0, 0.0, 0.0, 0.0, 0.0, 0.0, 0.0, 0.0, 0.0, 0.0, 0.0, 0.0, 0.0, 0.0, 0.0, 0.0, 0.0], "FOD s proportion": [0.0, 0.0, 0.0, 0.0, 0.0, 0.0, 0.0, 0.0, 0.0, 0.0, 0.0, 0.0, 0.0, 0.0, 0.0, 0.0, 0.0, 0.0, 0.0, 0.0, 0.0, 0.0, 0.0, 0.0, 0.0, 0.0, 0.0, 0.0, 0.0], "FOD p proportion": [0.0, 0.0, 0.0, 0.0, 0.0, 0.0, 0.0, 0.0, 0.0, 0.0, 0.0, 0.0, 0.0, 0.0, 0.0, 0.0, 0.0, 0.0, 0.0, 0.0, 0.0, 0.0, 0.0, 0.0, 0.0, 0.0, 0.0, 0.0, 0.0], "FOD d proportion": [0.0, 0.0, 0.0, 0.0, 0.0, 0.0, 0.0, 0.0, 0.0, 0.0, 0.0, 0.0, 0.0, 0.0, 0.0, 0.0, 0.0, 0.0, 0.0, 0.0, 0.0, 0.0, 0.0, 0.0, 0.0, 0.0, 0.0, 0.0, 0.0], "coordinates": [["4.74390", "1.44720", "0.74950"], ["3.68610", "0.73990", "0.16850"], ["3.22770", "-0.44500", "0.75360"], ["2.09720", "-1.09830", "0.25600"], ["1.38950", "-0.53020", "-0.80450"], ["1.80760", "0.67380", "-1.37360"], ["2.93990", "1.31540", "-0.86530"], ["-0.04420", "-1.35880", "-1.45050"], ["0.09200", "-2.77090", "-1.13940"], ["-0.21220", "-0.92890", "-2.82750"], ["-1.43080", "-0.74060", "-0.52630"], ["-2.12050", "0.38370", "-0.98310"], ["-3.21420", "0.85950", "-0.25540"], ["-3.65580", "0.19290", "0.89230"], ["-4.67270", "0.74520", "1.67830"], ["-2.92660", "-0.90650", "1.35760"], ["-1.83100", "-1.39390", "0.64050"], ["5.40650", "0.86220", "1.24950"], ["5.20520", "2.09380", "0.11690"], ["3.75450", "-0.87380", "1.60260"], ["1.77740", "-2.03520", "0.70570"], ["1.26110", "1.12360", "-2.19910"], ["3.24050", "2.27060", "-1.28890"], ["-1.81430", "0.89910", "-1.89040"], ["-3.72580", "1.75610", "-0.59660"], ["-5.33580", "1.31100", "1.15760"], ["-5.13460", "0.07560", "2.28600"], ["-3.21220", "-1.39800", "2.28440"], ["-1.29830", "-2.26950", "1.00390"]], "bond_dist": [[0.0, 1.398847786572935, 2.4247268072919064, 3.705149577277549, 4.192496406677053, 3.705072045183467, 2.424740456213819, 5.969885895894494, 6.557475461639182, 6.557721206333798, 6.673908492779924, 7.159114635902961, 8.042796212139159, 8.494034401861109, 9.488299584224773, 8.046506046104732, 7.163312098463949, 1.0155115755125594, 1.0154171605798277, 2.6634062720508864, 4.574838844156153, 4.574806527056636, 2.6633200483606925, 7.090801989902129, 8.581562940979923, 10.088877446970994, 10.090930633990107, 8.58781743285219, 7.098363127510455], [1.398847786572935, 0.0, 1.3987353502360624, 2.4313039094280255, 2.7989738423215034, 2.4312967465942945, 1.3988413526915766, 4.5761163424895575, 5.191712035542803, 5.19207591720306, 5.371898444684151, 5.9304017199511865, 6.914342735213521, 7.397742294105683, 8.494060370046824, 6.917542414759739, 5.934162017505083, 2.0355084008669677, 2.0355275925420413, 2.159941911255949, 3.410703672264713, 3.4107741716507705, 2.1600038449039856, 5.875271398837674, 7.520259441003349, 9.0939075006292, 9.095595045405222, 7.5255692216602466, 5.8820595780729725], [2.4247268072919064, 1.3987353502360624, 0.0, 1.3972962821105623, 2.411205899544873, 2.79166210168781, 2.4088740544079923, 4.0494958772667005, 4.338879382974365, 4.989123012113452, 4.840159668853911, 5.683846744943077, 6.6496523864033685, 6.9143854643778715, 8.042882958864936, 6.201064968213121, 5.148169432914965, 2.588794717624401, 3.2804570687634365, 1.0872850040352806, 2.1527657884684066, 3.878976515783513, 3.398007276331232, 5.849709805622839, 7.417482288485764, 8.751016183849735, 8.517472360389553, 6.687590720879979, 4.88632032719919], [3.705149577277549, 2.4313039094280255, 1.3972962821105623, 0.0, 1.3957926601039283, 2.4248304538668264, 2.7916670055721187, 2.7505629351098295, 2.9606686677168046, 3.856163504054256, 3.6313532711648975, 4.639039350986366, 5.68379105527288, 5.930352782929528, 7.159118350048419, 5.1467345220051905, 3.9580266358376113, 3.972665225009528, 4.457411268886908, 2.147178404325081, 1.0873287175458946, 3.415174787620686, 3.8785742367524696, 4.888401780745932, 6.540783983590958, 7.865564064324948, 7.602491200257978, 5.691568765287827, 3.668853240455388], [4.192496406677053, 2.7989738423215034, 2.411205899544873, 1.3957926601039283, 0.0, 1.3958146080336027, 2.411156602131019, 1.7774672008225638, 2.6108237684684887, 2.6109258089804084, 2.8417873759308594, 3.6314199936113143, 4.840127125396605, 5.371876389121403, 6.673920125383582, 4.84200343969312, 3.6339541741744625, 4.72165042755179, 4.721643829218802, 3.3919634977399156, 2.167070707199006, 2.1671294746738137, 3.3919500291130467, 3.672385020664364, 5.606842622189426, 7.243584329598158, 7.24445061409076, 5.609814875733423, 3.676920435636322], [3.705072045183467, 2.4312967465942945, 2.79166210168781, 2.4248304538668264, 1.3958146080336027, 0.0, 1.397183860485083, 2.750734376489304, 3.8553976565329813, 2.960078468554508, 3.6339619164212498, 3.9581078648768524, 5.148138592734271, 5.934164404530767, 7.163342771360309, 5.689415714289122, 4.644501271396101, 4.457379205317852, 3.9726157642037316, 3.878563111514366, 3.415125404725279, 1.0873971399631324, 2.147125226902241, 3.66551523527048, 5.691539145960432, 7.605337654568665, 7.870492757127726, 6.547649294212389, 4.895113476723497], [2.424740456213819, 1.3988413526915766, 2.4088740544079923, 2.7916670055721187, 2.411156602131019, 1.397183860485083, 0.0, 4.049525588263395, 4.988337690052669, 4.338530366379842, 4.84201151279094, 5.14680385190654, 6.201029723360467, 6.917544542682758, 8.046533897275275, 6.655369732028417, 5.689396008365035, 3.2805311825983305, 2.588862199886274, 3.3980435856533684, 3.87891319959599, 2.152714360987077, 1.0872922146322948, 4.88124506043284, 6.685654243976427, 8.519351751160414, 8.755874940861137, 7.425057848932896, 5.85728229557019], [5.969885895894494, 4.5761163424895575, 4.0494958772667005, 2.7505629351098295, 1.7774672008225638, 2.750734376489304, 4.049525588263395, 0.0, 1.4523636114967906, 1.4522971493465104, 1.7773509614029526, 2.750598244018926, 4.049446739988069, 4.576039694976433, 5.969859101352393, 4.049472886685376, 2.7506666919130716, 6.475567271675896, 6.475599576873171, 4.897628640474898, 2.9025750567384128, 2.902846845770545, 4.897745706955395, 2.9025641129869983, 4.8975428308489555, 6.47541876715321, 6.475423366081943, 4.897676862554327, 2.902795318309577], [6.557475461639182, 5.191712035542803, 4.338879382974365, 2.9606686677168046, 2.6108237684684887, 3.8553976565329813, 4.988337690052669, 1.4523636114967906, 0.0, 2.516978992760965, 2.6109250353083677, 3.856304850501319, 4.9892102180605695, 5.192101710290352, 6.557801353350069, 4.338541496862742, 2.9600847977718474, 6.866598071097507, 7.168570988697818, 4.952924253408283, 2.605037746367603, 4.2020101320677465, 5.94576527875092, 4.203198863960639, 5.946760267574271, 7.16931861825097, 6.866824227399445, 4.95227205331048, 2.6034728613911073], [6.557721206333798, 5.19207591720306, 4.989123012113452, 3.856163504054256, 2.6109258089804084, 2.960078468554508, 4.338530366379842, 1.4522971493465104, 2.516978992760965, 0.0, 2.6107401804852204, 2.9608004002296404, 4.338902738020294, 5.191698011248343, 6.557507506667453, 4.988339516312016, 3.8553550342348495, 7.169362447247314, 6.8669082861212, 5.946724384903003, 4.203083402693789, 2.6035083445228286, 4.952295174966856, 2.605084417058303, 4.952930927238942, 6.866545782269277, 7.168467357810873, 5.9457191676028565, 4.201957583079582], [6.673908492779924, 5.371898444684151, 4.840159668853911, 3.6313532711648975, 2.8417873759308594, 3.6339619164212498, 4.84201151279094, 1.7773509614029526, 2.6109250353083677, 2.6107401804852204, 0.0, 1.3958520050492458, 2.411269868762101, 2.799012899220009, 4.19258612433901, 2.411227832453831, 1.3958449663196837, 7.243694138352337, 7.244585950901541, 5.606896961778413, 3.672378030649895, 3.6769317494345746, 5.6098064039679665, 2.167131087405651, 3.3919725794882245, 4.721610611856933, 4.721583227054247, 3.3919898599494664, 2.167164852981886], [7.159114635902961, 5.9304017199511865, 5.683846744943077, 4.639039350986366, 3.6314199936113143, 3.9581078648768524, 5.14680385190654, 2.750598244018926, 3.856304850501319, 2.9608004002296404, 1.3958520050492458, 0.0, 1.3971802389097838, 2.431188164252204, 3.705058305883998, 2.791646421021115, 2.424819368530365, 7.865697299667716, 7.6026523332321325, 6.5408543585681524, 4.888429917672954, 3.6689680524637986, 5.691592593466261, 1.0874690294440574, 2.147056613133431, 3.9724848483033885, 4.457212046784402, 3.8785074487488096, 3.415208936507399], [8.042796212139159, 6.914342735213521, 6.6496523864033685, 5.68379105527288, 4.840127125396605, 5.148138592734271, 6.201029723360467, 4.049446739988069, 4.9892102180605695, 4.338902738020294, 2.411269868762101, 1.3971802389097838, 0.0, 1.3987785421574068, 2.4247644071125753, 2.408991232860759, 2.791718218230486, 8.751068494189722, 8.517534862857914, 7.417497730367027, 5.849706989243137, 4.886310324774716, 6.68748663923899, 2.1527919476809645, 1.0872182669547086, 2.5887463780756894, 3.280419078410562, 3.3980721431423433, 3.879065647807472], [8.494034401861109, 7.397742294105683, 6.9143854643778715, 5.930352782929528, 5.371876389121403, 5.934164404530767, 6.917544542682758, 4.576039694976433, 5.192101710290352, 5.191698011248343, 2.799012899220009, 2.431188164252204, 1.3987785421574068, 0.0, 1.3988984595030474, 1.3988985274136219, 2.4313026385047176, 9.093999979107103, 9.095712559772325, 7.5203005970506265, 5.8752796878106155, 5.8820797393439, 7.525518216043332, 3.4107565113915714, 2.1599345939171397, 2.0354192934135216, 2.0354381395660246, 2.160019948981953, 3.4108172876892713], [9.488299584224773, 8.494060370046824, 8.042882958864936, 7.159118350048419, 6.673920125383582, 7.163342771360309, 8.046533897275275, 5.969859101352393, 6.557801353350069, 6.557507506667453, 4.19258612433901, 3.705058305883998, 2.4247644071125753, 1.3988984595030474, 0.0, 2.424835373793446, 3.7051365076067033, 10.08899554366043, 10.09106537140653, 8.581642694146616, 7.090864892945007, 7.098408255376693, 8.587773590401648, 4.574904967318993, 2.6634016651643058, 1.0153618763770875, 1.0153891175308114, 2.663404531797601, 4.574910579453985], [8.046506046104732, 6.917542414759739, 6.201064968213121, 5.1467345220051905, 4.84200343969312, 5.689415714289122, 6.655369732028417, 4.049472886685376, 4.338541496862742, 4.988339516312016, 2.411227832453831, 2.791646421021115, 2.408991232860759, 1.3988985274136219, 2.424835373793446, 0.0, 1.397186648232798, 8.519421395259188, 8.755986970067966, 6.685670609594823, 4.881245056335525, 5.857324661481554, 7.425028556847441, 3.8790342419215635, 3.398096090460068, 3.280480283434119, 2.58876630270096, 1.0872432340557474, 2.1527270100967284], [7.163312098463949, 5.934162017505083, 5.148169432914965, 3.9580266358376113, 3.6339541741744625, 4.644501271396101, 5.689396008365035, 2.7506666919130716, 2.9600847977718474, 3.8553550342348495, 1.3958449663196837, 2.424819368530365, 2.791718218230486, 2.4313026385047176, 3.7051365076067033, 1.397186648232798, 0.0, 7.605410867270749, 7.87059836924741, 5.691568384022105, 3.6655241494225623, 4.895121736994904, 6.5476145931171, 3.415198778987835, 3.878554298962437, 4.457297326856264, 3.9725147526472444, 2.147123065872099, 1.0874300943049167], [1.0155115755125594, 2.0355084008669677, 2.588794717624401, 3.972665225009528, 4.72165042755179, 4.457379205317852, 3.2805311825983305, 6.475567271675896, 6.866598071097507, 7.169362447247314, 7.243694138352337, 7.865697299667716, 8.751068494189722, 9.093999979107103, 10.08899554366043, 8.519421395259188, 7.605410867270749, 0.0, 1.6852723845123672, 2.4222880939310256, 4.675576115303867, 5.398658451874873, 3.6219637104753, 7.8740260515190075, 9.35981013215546, 10.752063817704952, 10.621104510360492, 8.970034099154807, 7.4042020022417], [1.0154171605798277, 2.0355275925420413, 3.2804570687634365, 4.457411268886908, 4.721643829218802, 3.9726157642037316, 2.588862199886274, 6.475599576873171, 7.168570988697818, 6.8669082861212, 7.244585950901541, 7.6026523332321325, 8.517534862857914, 9.095712559772325, 10.09106537140653, 8.755986970067966, 7.87059836924741, 1.6852723845123672, 0.0, 3.62194488362261, 5.398623832052016, 4.675582193695241, 2.4223083969635244, 7.397968750271928, 8.965817561159717, 10.621135218515958, 10.755909542665371, 9.367141839963779, 7.881666583914851], [2.6634062720508864, 2.159941911255949, 1.0872850040352806, 2.147178404325081, 3.3919634977399156, 3.878563111514366, 3.3980435856533684, 4.897628640474898, 4.952924253408283, 5.946724384903003, 5.606896961778413, 6.5408543585681524, 7.417497730367027, 7.5203005970506265, 8.581642694146616, 6.685670609594823, 5.691568384022105, 2.4222880939310256, 3.62194488362261, 0.0, 2.462154337160853, 4.965840634776755, 4.302582899840513, 6.808506212819373, 8.228471470449417, 9.359750537808152, 8.96574005478633, 7.019583019667194, 5.276097802353554], [4.574838844156153, 3.410703672264713, 2.1527657884684066, 1.0873287175458946, 2.167070707199006, 3.415125404725279, 3.87891319959599, 2.9025750567384128, 2.605037746367603, 4.203083402693789, 3.672378030649895, 4.888429917672954, 5.849706989243137, 5.8752796878106155, 7.090864892945007, 4.881245056335525, 3.6655241494225623, 4.675576115303867, 5.398623832052016, 2.462154337160853, 0.0, 4.322319535851093, 4.965783363176448, 5.315088013382281, 6.80846173669207, 7.873936899035958, 7.39787596070656, 5.272041890008083, 3.098991807023697], [4.574806527056636, 3.4107741716507705, 3.878976515783513, 3.415174787620686, 2.1671294746738137, 1.0873971399631324, 2.152714360987077, 2.902846845770545, 4.2020101320677465, 2.6035083445228286, 3.6769317494345746, 3.6689680524637986, 4.886310324774716, 5.8820797393439, 7.098408255376693, 5.857324661481554, 4.895121736994904, 5.398658451874873, 4.675582193695241, 4.965840634776755, 4.322319535851093, 0.0, 2.4621326934184515, 3.0989967892852035, 5.2761002748242, 7.404163913636705, 7.881586420258297, 6.816938587078514, 5.321923051867623], [2.6633200483606925, 2.1600038449039856, 3.398007276331232, 3.8785742367524696, 3.3919500291130467, 2.147125226902241, 1.0872922146322948, 4.897745706955395, 5.94576527875092, 4.952295174966856, 5.6098064039679665, 5.691592593466261, 6.68748663923899, 7.525518216043332, 8.587773590401648, 7.425028556847441, 6.5476145931171, 3.6219637104753, 2.4223083969635244, 4.302582899840513, 4.965783363176448, 2.4621326934184515, 0.0, 5.271984212798821, 7.01949608091635, 8.969900562436575, 9.366975767023208, 8.237987384064144, 6.816901443471219], [7.090801989902129, 5.875271398837674, 5.849709805622839, 4.888401780745932, 3.672385020664364, 3.66551523527048, 4.88124506043284, 2.9025641129869983, 4.203198863960639, 2.605084417058303, 2.167131087405651, 1.0874690294440574, 2.1527919476809645, 3.4107565113915714, 4.574904967318993, 3.8790342419215635, 3.415198778987835, 7.8740260515190075, 7.397968750271928, 6.808506212819373, 5.315088013382281, 3.0989967892852035, 5.271984212798821, 0.0, 2.46215346597242, 4.675567116404169, 5.398598086540615, 4.9658582198850585, 4.322413035562428], [8.581562940979923, 7.520259441003349, 7.417482288485764, 6.540783983590958, 5.606842622189426, 5.691539145960432, 6.685654243976427, 4.8975428308489555, 5.946760267574271, 4.952930927238942, 3.3919725794882245, 2.147056613133431, 1.0872182669547086, 2.1599345939171397, 2.6634016651643058, 3.398096090460068, 3.878554298962437, 9.35981013215546, 8.965817561159717, 8.228471470449417, 6.80846173669207, 5.2761002748242, 7.01949608091635, 2.46215346597242, 0.0, 2.422278194180016, 3.6219028769418986, 4.302591401702003, 4.965864663882817], [10.088877446970994, 9.0939075006292, 8.751016183849735, 7.865564064324948, 7.243584329598158, 7.605337654568665, 8.519351751160414, 6.47541876715321, 7.16931861825097, 6.866545782269277, 4.721610611856933, 3.9724848483033885, 2.5887463780756894, 2.0354192934135216, 1.0153618763770875, 3.280480283434119, 4.457297326856264, 10.752063817704952, 10.621135218515958, 9.359750537808152, 7.873936899035958, 7.404163913636705, 8.969900562436575, 4.675567116404169, 2.422278194180016, 0.0, 1.6852243648843912, 3.6218829633217027, 5.398611876214106], [10.090930633990107, 9.095595045405222, 8.517472360389553, 7.602491200257978, 7.24445061409076, 7.870492757127726, 8.755874940861137, 6.475423366081943, 6.866824227399445, 7.168467357810873, 4.721583227054247, 4.457212046784402, 3.280419078410562, 2.0354381395660246, 1.0153891175308114, 2.58876630270096, 3.9725147526472444, 10.621104510360492, 10.755909542665371, 8.96574005478633, 7.39787596070656, 7.881586420258297, 9.366975767023208, 5.398598086540615, 3.6219028769418986, 1.6852243648843912, 0.0, 2.4222141276113467, 4.6755183787468955], [8.58781743285219, 7.5255692216602466, 6.687590720879979, 5.691568765287827, 5.609814875733423, 6.547649294212389, 7.425057848932896, 4.897676862554327, 4.95227205331048, 5.9457191676028565, 3.3919898599494664, 3.8785074487488096, 3.3980721431423433, 2.160019948981953, 2.663404531797601, 1.0872432340557474, 2.147123065872099, 8.970034099154807, 9.367141839963779, 7.019583019667194, 5.272041890008083, 6.816938587078514, 8.237987384064144, 4.9658582198850585, 4.302591401702003, 3.6218829633217027, 2.4222141276113467, 0.0, 2.4621546884791785], [7.098363127510455, 5.8820595780729725, 4.88632032719919, 3.668853240455388, 3.676920435636322, 4.895113476723497, 5.85728229557019, 2.902795318309577, 2.6034728613911073, 4.201957583079582, 2.167164852981886, 3.415208936507399, 3.879065647807472, 3.4108172876892713, 4.574910579453985, 2.1527270100967284, 1.0874300943049167, 7.4042020022417, 7.881666583914851, 5.276097802353554, 3.098991807023697, 5.321923051867623, 6.816901443471219, 4.322413035562428, 4.965864663882817, 5.398611876214106, 4.6755183787468955, 2.4621546884791785, 0.0]]}