{"total energy": -39.42395228, "HOMO-LUMO gap/eV": 8.96354793, "electronic energy": -39.78281305, "dipole": [-0.09245267, 1.18216429, -1.22862462], "partial charges": [-0.11488141, 0.0910121, -0.29959027, 0.67434856, -0.48922244, -0.29961326, 0.09099604, -0.11487844, -0.30549157, 0.08885964, -0.11380098, 0.0617277, 0.05436898, 0.05614095, 0.03946507, 0.05569648, 0.05570975, 0.03948517, 0.0561235, 0.05436799, 0.06173688, 0.0447556, 0.04477593, 0.05764472, 0.05260493, 0.05765839], "atomic dipole moments": [[0.08746149, 0.02090495, 0.1221004], [0.23362253, 0.04788729, -0.15367138], [-0.0618872, 0.02194991, 0.19604266], [-0.00954829, 0.19257461, -0.27139141], [-0.00220198, 0.06815746, -0.11101146], [0.02173711, 0.03524707, 0.20254383], [-0.21098897, -0.02283935, -0.18823027], [-0.10703559, -0.01006134, 0.10692983], [0.02350648, -0.0515486, -0.19659016], [0.00028229, -0.12471402, 0.25147584], [0.02565747, -0.13452019, -0.05491442], [0.03675554, -0.09835489, -0.07451854], [0.00088099, 0.098962, -0.07919638], [-0.11975321, -0.02009644, 0.04041391], [-0.02393158, 0.09946496, 0.06282531], [0.01244663, -0.10015549, 0.0701372], [0.00863199, -0.10075942, 0.06982862], [-0.01768383, 0.10045418, 0.06330826], [0.11258157, 0.01685872, 0.05850018], [-0.01941142, 0.09574853, -0.08076995], [0.00710357, -0.10307061, -0.07682], [-0.09121757, -0.04198669, -0.06774936], [0.10883576, -0.01015275, -0.05216843], [0.08982778, 0.03942347, 0.08304204], [-0.005335, 0.08147234, -0.09768716], [-0.10905374, 0.00777268, 0.06757095]], "atomic quadrupole moments": [[0.03772866, 0.04197236, -0.14057553, 0.20393786, 0.03941156, 0.10284687], [0.44992323, 0.15362734, -0.37407867, -0.11258994, -0.00520266, -0.07584456], [0.0980413, 0.06083446, -0.10318058, -0.02008046, 0.02148961, 0.00513928], [1.04614041, 0.13799112, -0.05285139, 0.07662329, 0.53016505, -0.99328902], [-0.04733276, -0.00244372, -0.00373404, 0.00159079, -0.05827606, 0.0510668], [0.10833686, 0.00583749, -0.12093852, 0.02826841, 0.024773, 0.01260167], [0.41611389, 0.11018805, -0.3870403, 0.18646103, 0.03938838, -0.02907359], [0.1080472, 0.02783332, -0.14687374, -0.20461973, -0.02756345, 0.03882654], [-0.1211987, -0.02706662, 0.07033341, -0.00525886, -0.0534596, 0.05086529], [-0.38932559, -0.07661089, 0.22473383, 0.00291465, -0.29530309, 0.16459177], [-0.1387547, -0.07058748, 0.23697399, -0.02197321, 0.11206834, -0.09821929], [-0.03090805, -0.03977098, 0.03930506, -0.00965738, 0.04500832, -0.00839702], [-0.04960849, 0.00849034, 0.05207504, 0.00562511, -0.0510909, -0.00246655], [0.06698108, 0.02058864, -0.04957221, -0.04288704, -0.00695923, -0.01740888], [0.01854291, -0.00959917, 0.00866591, -0.01138052, 0.03092484, -0.02720883], [0.01113355, 0.01084225, 0.01188311, -0.00098171, -0.0338438, -0.02301665], [0.01325531, -0.00445292, 0.00697966, 0.01693121, -0.032228, -0.02023497], [0.0106307, 0.00538319, 0.01365718, 0.00706941, 0.03513646, -0.02428788], [0.05306783, 0.01545159, -0.05084316, 0.05406303, 0.00824963, -0.00222467], [-0.03709384, -0.02908924, 0.03978916, 0.00460262, -0.05432625, -0.00269532], [-0.04531653, 0.00443713, 0.0537425, -0.01038436, 0.04852363, -0.00842597], [0.00089267, 0.01429227, 0.00355194, 0.03600779, -0.0125523, -0.00444461], [0.01837046, -0.00800166, -0.0039971, -0.02702801, -0.02453025, -0.01437336], [0.0364283, 0.01394698, -0.03146194, 0.05506003, 0.02467243, -0.00496636], [-0.05312459, -0.0051525, 0.00759473, 0.00173277, -0.05943487, 0.04552986], [0.05503645, 0.00908421, -0.03347937, -0.05063715, 0.0072477, -0.02155708]], "number of molecular orbitals": 64, "number of electrons": 68, "number of unpaired electrons": 0, "orbital energies/eV": [-19.9669781, -19.51920077, -19.49744348, -18.55781021, -17.84540951, -17.54476191, -17.45352786, -16.71417715, -16.45600558, -16.30356676, -16.29441558, -15.93769575, -15.87767899, -15.24227974, -15.17774352, -14.87991621, -14.68628643, -14.61654264, -14.53265044, -13.62817581, -13.40116265, -13.36312985, -13.14066806, -13.06731564, -12.9805336, -12.96063337, -12.75950637, -12.71774119, -12.54285443, -11.93186162, -11.82779853, -11.81806455, -11.54782961, -11.54656671, -2.58301878, -1.7677884, -0.82465803, 0.82356949, 1.91327745, 2.20964761, 2.6471473, 2.88742452, 3.03868497, 3.21014931, 3.78096541, 3.78206388, 3.87920238, 4.05873196, 4.10051219, 4.51578609, 4.53483238, 4.61175837, 5.05569706, 6.25446336, 6.25905404, 6.34595688, 6.68083801, 6.82412678, 6.97527412, 11.30008627, 12.87324369, 26.0466211, 26.92033484, 34.66024409], "fractional occupation": [2.0, 2.0, 2.0, 2.0, 2.0, 2.0, 2.0, 2.0, 2.0, 2.0, 2.0, 2.0, 2.0, 2.0, 2.0, 2.0, 2.0, 2.0, 2.0, 2.0, 2.0, 2.0, 2.0, 2.0, 2.0, 2.0, 2.0, 2.0, 2.0, 2.0, 2.0, 2.0, 2.0, 2.0, 0.0, 0.0, 0.0, 0.0, 0.0, 0.0, 0.0, 0.0, 0.0, 0.0, 0.0, 0.0, 0.0, 0.0, 0.0, 0.0, 0.0, 0.0, 0.0, 0.0, 0.0, 0.0, 0.0, 0.0, 0.0, 0.0, 0.0, 0.0, 0.0, 0.0], "program call": "xtb /home/svss/Project-DBcg-Debug/aqme2_20220329/End-to-End-workflows-final/example-3/QDESCP/mol_797_rdkit_conf_3/mol_797_rdkit_conf_3.xyz --pop --wbo --acc 0.2 --gfn 2 --chrg 0 --uhf 0 --etemp 300 --input /home/svss/Project-DBcg-Debug/aqme2_20220329/End-to-End-workflows-final/example-3/QDESCP/mol_797_rdkit_conf_3/mol_797_rdkit_conf_3_xtb.inp", "method": "GFN2-xTB", "xtb version": "6.3.3 (7355c4f)", "Dipole module/D": 4.34, "Total charge": 0, "Transition dipole module/D": NaN, "HOMO": -11.5466, "LUMO": -2.583, "HOMO occupancy": 2.0, "LUMO occupancy": 0, "mulliken charges": [-0.0981, 0.21274, -0.34649, 0.53154, -0.40733, -0.34651, 0.21272, -0.09809, -0.3524, 0.20977, -0.0981, 0.04587, 0.03902, 0.0343, 0.03428, 0.04357, 0.04358, 0.03429, 0.03429, 0.03902, 0.04587, 0.03359, 0.0336, 0.04312, 0.03272, 0.04313], "cm5 charges": [-0.24456, 0.13549, -0.40841, 0.5275, -0.42136, -0.40843, 0.13546, -0.24456, -0.41428, 0.13218, -0.24459, 0.09917, 0.09238, 0.08554, 0.10137, 0.10953, 0.10955, 0.10139, 0.08552, 0.09237, 0.09918, 0.10136, 0.10138, 0.09644, 0.08395, 0.09646], "FUKUI+": [0.018, -0.008, -0.024, -0.483, 0.006, -0.024, -0.008, 0.018, 0.035, 0.003, 0.015, -0.032, -0.031, -0.055, -0.043, -0.047, -0.047, -0.043, -0.055, -0.031, -0.032, -0.022, -0.022, -0.024, -0.039, -0.024], "FUKUI-": [0.014, 0.013, -0.03, -0.118, -0.054, -0.03, 0.013, 0.014, -0.013, 0.011, 0.012, -0.059, -0.055, -0.045, -0.06, -0.078, -0.078, -0.06, -0.045, -0.055, -0.059, -0.048, -0.048, -0.051, -0.041, -0.051], "FUKUIrad": [0.016, 0.003, -0.027, -0.3, -0.024, -0.027, 0.003, 0.016, 0.011, 0.007, 0.014, -0.046, -0.043, -0.05, -0.051, -0.062, -0.062, -0.051, -0.05, -0.043, -0.046, -0.035, -0.035, -0.038, -0.04, -0.038], "s proportion": [1.012, 0.994, 1.637, 1.308, 1.674, 1.637, 0.994, 1.013, 1.638, 0.993, 1.013, 0.954, 0.961, 0.966, 0.966, 0.956, 0.956, 0.966, 0.966, 0.961, 0.954, 0.966, 0.966, 0.957, 0.967, 0.957], "p proportion": [3.086, 2.793, 4.71, 1.858, 4.733, 4.71, 2.793, 3.086, 4.714, 2.797, 3.086, 0.0, 0.0, 0.0, 0.0, 0.0, 0.0, 0.0, 0.0, 0.0, 0.0, 0.0, 0.0, 0.0, 0.0, 0.0], "d proportion": [0.0, 0.0, 0.0, 1.302, 0.0, 0.0, 0.0, 0.0, 0.0, 0.0, 0.0, 0.0, 0.0, 0.0, 0.0, 0.0, 0.0, 0.0, 0.0, 0.0, 0.0, 0.0, 0.0, 0.0, 0.0, 0.0], "Fermi-level/eV": -7.0648, "Coordination numbers": [3.749, 3.972, 1.658, 4.084, 0.808, 1.658, 3.972, 3.749, 1.658, 3.928, 3.749, 0.924, 0.924, 0.924, 0.924, 0.924, 0.924, 0.924, 0.924, 0.924, 0.924, 0.924, 0.924, 0.924, 0.924, 0.924], "Dispersion coefficient C6": [22.765, 19.009, 19.002, 133.614, 23.573, 19.002, 19.009, 22.765, 19.105, 19.051, 22.744, 2.179, 2.266, 2.245, 2.456, 2.25, 2.25, 2.456, 2.245, 2.266, 2.179, 2.387, 2.386, 2.227, 2.288, 2.227], "Total dispersion C6": 6268.750265, "Total dispersion C8": 152504.158367, "Polarizability alpha": [6.805, 6.195, 5.885, 20.764, 6.508, 5.885, 6.195, 6.805, 5.901, 6.203, 6.802, 2.308, 2.354, 2.343, 2.451, 2.346, 2.346, 2.451, 2.343, 2.354, 2.308, 2.416, 2.416, 2.334, 2.365, 2.334], "Total polarizability alpha": 119.415272, "Wiberg matrix": [[0.0, 1.0166359055850578, 0.0, 0.0, 0.0, 0.0, 0.0, 0.0, 0.0, 0.0, 0.0, 0.9842208557270664, 0.9851059703976012, 0.9824254227434597, 0.0, 0.0, 0.0, 0.0, 0.0, 0.0, 0.0, 0.0, 0.0, 0.0, 0.0, 0.0], [1.0166359055850578, 0.0, 0.9275847607051138, 0.0, 0.0, 0.0, 0.0, 0.0, 0.0, 0.0, 0.0, 0.0, 0.0, 0.0, 0.9705705377550125, 0.9708081495058678, 0.0, 0.0, 0.0, 0.0, 0.0, 0.0, 0.0, 0.0, 0.0, 0.0], [0.0, 0.9275847607051138, 0.0, 1.16038181456008, 0.0, 0.0, 0.0, 0.0, 0.0, 0.0, 0.0, 0.0, 0.0, 0.0, 0.0, 0.0, 0.0, 0.0, 0.0, 0.0, 0.0, 0.0, 0.0, 0.0, 0.0, 0.0], [0.0, 0.0, 1.16038181456008, 0.0, 1.845771326701153, 1.1603668197261159, 0.0, 0.0, 1.1624323585048406, 0.0, 0.0, 0.0, 0.0, 0.0, 0.0, 0.0, 0.0, 0.0, 0.0, 0.0, 0.0, 0.0, 0.0, 0.0, 0.0, 0.0], [0.0, 0.0, 0.0, 1.845771326701153, 0.0, 0.0, 0.0, 0.0, 0.0, 0.0, 0.0, 0.0, 0.0, 0.0, 0.0, 0.0, 0.0, 0.0, 0.0, 0.0, 0.0, 0.0, 0.0, 0.0, 0.0, 0.0], [0.0, 0.0, 0.0, 1.1603668197261159, 0.0, 0.0, 0.927574025541303, 0.0, 0.0, 0.0, 0.0, 0.0, 0.0, 0.0, 0.0, 0.0, 0.0, 0.0, 0.0, 0.0, 0.0, 0.0, 0.0, 0.0, 0.0, 0.0], [0.0, 0.0, 0.0, 0.0, 0.0, 0.927574025541303, 0.0, 1.016625279316545, 0.0, 0.0, 0.0, 0.0, 0.0, 0.0, 0.0, 0.0, 0.9708181442169578, 0.9705821817833912, 0.0, 0.0, 0.0, 0.0, 0.0, 0.0, 0.0, 0.0], [0.0, 0.0, 0.0, 0.0, 0.0, 0.0, 1.016625279316545, 0.0, 0.0, 0.0, 0.0, 0.0, 0.0, 0.0, 0.0, 0.0, 0.0, 0.0, 0.9824272739597134, 0.9851103354222841, 0.9842257987073557, 0.0, 0.0, 0.0, 0.0, 0.0], [0.0, 0.0, 0.0, 1.1624323585048406, 0.0, 0.0, 0.0, 0.0, 0.0, 0.9312324882142647, 0.0, 0.0, 0.0, 0.0, 0.0, 0.0, 0.0, 0.0, 0.0, 0.0, 0.0, 0.0, 0.0, 0.0, 0.0, 0.0], [0.0, 0.0, 0.0, 0.0, 0.0, 0.0, 0.0, 0.0, 0.9312324882142647, 0.0, 1.016610780249283, 0.0, 0.0, 0.0, 0.0, 0.0, 0.0, 0.0, 0.0, 0.0, 0.0, 0.9704735509469351, 0.9704814923612406, 0.0, 0.0, 0.0], [0.0, 0.0, 0.0, 0.0, 0.0, 0.0, 0.0, 0.0, 0.0, 1.016610780249283, 0.0, 0.0, 0.0, 0.0, 0.0, 0.0, 0.0, 0.0, 0.0, 0.0, 0.0, 0.0, 0.0, 0.9849021316145044, 0.9830007684327772, 0.9849040670870362], [0.9842208557270664, 0.0, 0.0, 0.0, 0.0, 0.0, 0.0, 0.0, 0.0, 0.0, 0.0, 0.0, 0.0, 0.0, 0.0, 0.0, 0.0, 0.0, 0.0, 0.0, 0.0, 0.0, 0.0, 0.0, 0.0, 0.0], [0.9851059703976012, 0.0, 0.0, 0.0, 0.0, 0.0, 0.0, 0.0, 0.0, 0.0, 0.0, 0.0, 0.0, 0.0, 0.0, 0.0, 0.0, 0.0, 0.0, 0.0, 0.0, 0.0, 0.0, 0.0, 0.0, 0.0], [0.9824254227434597, 0.0, 0.0, 0.0, 0.0, 0.0, 0.0, 0.0, 0.0, 0.0, 0.0, 0.0, 0.0, 0.0, 0.0, 0.0, 0.0, 0.0, 0.0, 0.0, 0.0, 0.0, 0.0, 0.0, 0.0, 0.0], [0.0, 0.9705705377550125, 0.0, 0.0, 0.0, 0.0, 0.0, 0.0, 0.0, 0.0, 0.0, 0.0, 0.0, 0.0, 0.0, 0.0, 0.0, 0.0, 0.0, 0.0, 0.0, 0.0, 0.0, 0.0, 0.0, 0.0], [0.0, 0.9708081495058678, 0.0, 0.0, 0.0, 0.0, 0.0, 0.0, 0.0, 0.0, 0.0, 0.0, 0.0, 0.0, 0.0, 0.0, 0.0, 0.0, 0.0, 0.0, 0.0, 0.0, 0.0, 0.0, 0.0, 0.0], [0.0, 0.0, 0.0, 0.0, 0.0, 0.0, 0.9708181442169578, 0.0, 0.0, 0.0, 0.0, 0.0, 0.0, 0.0, 0.0, 0.0, 0.0, 0.0, 0.0, 0.0, 0.0, 0.0, 0.0, 0.0, 0.0, 0.0], [0.0, 0.0, 0.0, 0.0, 0.0, 0.0, 0.9705821817833912, 0.0, 0.0, 0.0, 0.0, 0.0, 0.0, 0.0, 0.0, 0.0, 0.0, 0.0, 0.0, 0.0, 0.0, 0.0, 0.0, 0.0, 0.0, 0.0], [0.0, 0.0, 0.0, 0.0, 0.0, 0.0, 0.0, 0.9824272739597134, 0.0, 0.0, 0.0, 0.0, 0.0, 0.0, 0.0, 0.0, 0.0, 0.0, 0.0, 0.0, 0.0, 0.0, 0.0, 0.0, 0.0, 0.0], [0.0, 0.0, 0.0, 0.0, 0.0, 0.0, 0.0, 0.9851103354222841, 0.0, 0.0, 0.0, 0.0, 0.0, 0.0, 0.0, 0.0, 0.0, 0.0, 0.0, 0.0, 0.0, 0.0, 0.0, 0.0, 0.0, 0.0], [0.0, 0.0, 0.0, 0.0, 0.0, 0.0, 0.0, 0.9842257987073557, 0.0, 0.0, 0.0, 0.0, 0.0, 0.0, 0.0, 0.0, 0.0, 0.0, 0.0, 0.0, 0.0, 0.0, 0.0, 0.0, 0.0, 0.0], [0.0, 0.0, 0.0, 0.0, 0.0, 0.0, 0.0, 0.0, 0.0, 0.9704735509469351, 0.0, 0.0, 0.0, 0.0, 0.0, 0.0, 0.0, 0.0, 0.0, 0.0, 0.0, 0.0, 0.0, 0.0, 0.0, 0.0], [0.0, 0.0, 0.0, 0.0, 0.0, 0.0, 0.0, 0.0, 0.0, 0.9704814923612406, 0.0, 0.0, 0.0, 0.0, 0.0, 0.0, 0.0, 0.0, 0.0, 0.0, 0.0, 0.0, 0.0, 0.0, 0.0, 0.0], [0.0, 0.0, 0.0, 0.0, 0.0, 0.0, 0.0, 0.0, 0.0, 0.0, 0.9849021316145044, 0.0, 0.0, 0.0, 0.0, 0.0, 0.0, 0.0, 0.0, 0.0, 0.0, 0.0, 0.0, 0.0, 0.0, 0.0], [0.0, 0.0, 0.0, 0.0, 0.0, 0.0, 0.0, 0.0, 0.0, 0.0, 0.9830007684327772, 0.0, 0.0, 0.0, 0.0, 0.0, 0.0, 0.0, 0.0, 0.0, 0.0, 0.0, 0.0, 0.0, 0.0, 0.0], [0.0, 0.0, 0.0, 0.0, 0.0, 0.0, 0.0, 0.0, 0.0, 0.0, 0.9849040670870362, 0.0, 0.0, 0.0, 0.0, 0.0, 0.0, 0.0, 0.0, 0.0, 0.0, 0.0, 0.0, 0.0, 0.0, 0.0]], "Born radii": [], "Atomic SASAs": [], "Solvent H bonds": [], "Total SASA": NaN, "Total FOD": 0.0, "FOD": [0.0, 0.0, 0.0, 0.0, 0.0, 0.0, 0.0, 0.0, 0.0, 0.0, 0.0, 0.0, 0.0, 0.0, 0.0, 0.0, 0.0, 0.0, 0.0, 0.0, 0.0, 0.0, 0.0, 0.0, 0.0, 0.0], "FOD s proportion": [0.0, 0.0, 0.0, 0.0, 0.0, 0.0, 0.0, 0.0, 0.0, 0.0, 0.0, 0.0, 0.0, 0.0, 0.0, 0.0, 0.0, 0.0, 0.0, 0.0, 0.0, 0.0, 0.0, 0.0, 0.0, 0.0], "FOD p proportion": [0.0, 0.0, 0.0, 0.0, 0.0, 0.0, 0.0, 0.0, 0.0, 0.0, 0.0, 0.0, 0.0, 0.0, 0.0, 0.0, 0.0, 0.0, 0.0, 0.0, 0.0, 0.0, 0.0, 0.0, 0.0, 0.0], "FOD d proportion": [0.0, 0.0, 0.0, 0.0, 0.0, 0.0, 0.0, 0.0, 0.0, 0.0, 0.0, 0.0, 0.0, 0.0, 0.0, 0.0, 0.0, 0.0, 0.0, 0.0, 0.0, 0.0, 0.0, 0.0, 0.0, 0.0], "coordinates": [["-3.32280", "-1.61620", "-0.81260"], ["-2.36590", "-1.40900", "0.34270"], ["-1.06540", "-1.19560", "-0.17750"], ["0.06530", "-0.75720", "0.88230"], ["0.09590", "-1.56540", "2.14100"], ["1.42250", "-0.79970", "0.01620"], ["2.63120", "-0.61390", "0.73180"], ["3.76820", "-0.48800", "-0.26060"], ["-0.20230", "0.81700", "1.10290"], ["-0.24840", "1.66260", "-0.03290"], ["-0.51030", "3.08040", "0.43280"], ["-3.01420", "-2.47320", "-1.42040"], ["-3.32480", "-0.74220", "-1.47240"], ["-4.34040", "-1.78780", "-0.45090"], ["-2.67430", "-0.54150", "0.93520"], ["-2.35530", "-2.29360", "0.98710"], ["2.79690", "-1.47380", "1.38820"], ["2.56380", "0.29190", "1.34300"], ["4.72230", "-0.34590", "0.25460"], ["3.60000", "0.35960", "-0.93330"], ["3.83460", "-1.38350", "-0.88720"], ["-1.04910", "1.33880", "-0.70450"], ["0.70480", "1.61790", "-0.56790"], ["0.27700", "3.41290", "1.11750"], ["-0.55360", "3.76840", "-0.41610"], ["-1.45560", "3.13720", "0.98260"]], "bond_dist": [[0.0, 1.514367042694736, 2.382459051064677, 3.8845577122756203, 4.518168134321696, 4.885842177148174, 6.232165967783593, 7.201376274018738, 4.3962623602328375, 4.561841392464232, 5.614198871611158, 1.0950359811439985, 1.0950872294022975, 1.093518728691923, 2.1518218281261112, 2.1526372430114646, 6.504961682439029, 6.552825080070427, 8.214390539778346, 7.2002440215592705, 7.161570303362246, 3.73007001274775, 5.1711548671452485, 6.478865090430576, 6.067915461672156, 5.413316029939504], [1.514367042694736, 0.0, 1.4168443280756007, 2.574246460617165, 3.052671467747553, 3.8509509604771655, 5.074898149716898, 6.232126017660426, 3.195957602972855, 3.749614402841978, 4.858609032428931, 2.1590127697630694, 2.158402061711395, 2.1614672447205856, 1.0948621191730035, 1.094477446090142, 5.267995171789739, 5.309953200358738, 7.168020818887177, 6.352014229360636, 6.321353060065542, 3.221955139352502, 4.406871277902272, 5.553013151434094, 5.5376601096492015, 4.6803902123647765], [2.382459051064677, 1.4168443280756007, 0.0, 1.6105443458657074, 2.6193151738574723, 2.5266386583759854, 3.8509807763737283, 4.885825654891915, 2.5367153033007073, 2.9761897452951485, 4.354856840356523, 2.641000494130965, 2.6433361364003636, 3.3393222965146685, 2.0626457063684014, 2.055660275921097, 4.1768616232765, 4.206622058136433, 5.865677436579682, 4.9755238759350755, 4.954692775541185, 2.588663371317329, 3.346909387778522, 4.971653146590176, 4.996014931923243, 4.5023598134755956], [3.8845577122756203, 2.574246460617165, 1.6105443458657074, 0.0, 1.4961448091678826, 1.6105673844952904, 2.5743014489371676, 3.8846051871457927, 1.6119490562669776, 2.606037369263918, 3.9064740329355834, 4.210748572403724, 4.12766460604541, 4.716964181547279, 2.748587466317927, 2.868939239509962, 2.868987439847027, 2.748701065958246, 4.717077906925007, 4.127680909421173, 4.21081992372032, 2.855352447597319, 2.855370431310095, 4.182089183649722, 4.748677197915226, 4.1820507242260945], [4.518168134321696, 3.052671467747553, 2.6193151738574723, 1.4961448091678826, 0.0, 2.6193394377208925, 3.0526943803794055, 4.5182143165193045, 2.6157990385348793, 3.9069640003460484, 4.986871095185838, 4.814602040667536, 5.043362597513687, 5.1427779516522, 3.190036502925946, 2.8053773168684457, 2.805441034846393, 3.1901250288977705, 5.142884615660748, 5.043378064353297, 4.814660999488956, 4.224011468971172, 4.2240143595873345, 5.085648468976203, 5.950632999942107, 5.085615947945736], [4.885842177148174, 3.8509509604771655, 2.5266386583759854, 1.6105673844952904, 2.6193394377208925, 0.0, 1.4168841484045194, 2.3824532776111265, 2.5366534686472253, 2.976111373924034, 4.354818872237972, 4.954667365222412, 4.97554956763572, 5.865623618167125, 4.206542342589695, 4.1768596888092855, 2.055667816063675, 2.0626571431044955, 3.339378540986331, 2.64329964060074, 2.6410566843595005, 3.346848861242467, 2.588639770226827, 4.502336138051001, 4.9959375606586605, 4.9715762269123465], [6.232165967783593, 5.074898149716898, 3.8509807763737283, 2.5743014489371676, 3.0526943803794055, 1.4168841484045194, 0.0, 1.5144231806202653, 3.1959211927079805, 3.7495752426108213, 4.858628997978751, 6.321352900289622, 6.352077969452202, 7.16798626254264, 5.3098911071697135, 5.267993207095089, 1.0944155792019776, 1.0947976251344356, 2.1615371960713508, 2.1584331585666487, 2.1590777475579706, 4.406881331508712, 3.2219820437116033, 4.680399595120058, 5.537614896324951, 5.5529799288310056], [7.201376274018738, 6.232126017660426, 4.885825654891915, 3.8846051871457927, 4.5182143165193045, 2.3824532776111265, 1.5144231806202653, 0.0, 4.396251528290891, 4.561798243017769, 5.614253678807184, 7.161501577183378, 7.20025873701772, 8.214322132105607, 6.552755614243523, 6.5049365023803265, 2.1526185844222385, 2.151826277839361, 1.0935859636992415, 1.095099214683309, 1.0949688443056267, 5.1711337963738675, 3.73010290206584, 5.413377675721509, 6.067872481356213, 6.478866237236266], [4.3962623602328375, 3.195957602972855, 2.5367153033007073, 1.6119490562669776, 2.6157990385348793, 2.5366534686472253, 3.1959211927079805, 4.396251528290891, 0.0, 1.4167590514974662, 2.380520440996044, 5.009914224814632, 4.337427922167699, 5.130609036946783, 2.8256732896780545, 3.7847920682647813, 3.7847538057316226, 2.8257188872922234, 5.130656338130629, 4.337373685768843, 5.009916153989007, 2.0630172660450516, 2.0629696701599856, 2.6398178838700224, 3.337893744564078, 2.6398032161507796], [4.561841392464232, 3.749614402841978, 2.9761897452951485, 2.606037369263918, 3.9069640003460484, 2.976111373924034, 3.7495752426108213, 4.561798243017769, 1.4167590514974662, 0.0, 1.515131987649921, 5.165234508713036, 4.161665562007596, 5.368840485616983, 3.417640301436065, 4.596840877167709, 4.596779553121946, 3.41765828309385, 5.368853414836356, 4.161575629494195, 5.1652146809208235, 1.09408111673678, 1.0939896388906067, 2.1594016323972713, 2.162032127420867, 2.1594020584411786], [5.614198871611158, 4.858609032428931, 4.354856840356523, 3.9064740329355834, 4.986871095185838, 4.354818872237972, 4.858628997978751, 5.614253678807184, 2.380520440996044, 1.515131987649921, 0.0, 6.3676006792197635, 5.115023758498097, 6.25699312289857, 4.248936498701763, 5.708865867227922, 5.708861413627064, 4.249033666611739, 6.257107134291373, 5.1150315678400275, 6.367649426593773, 2.1487036300988556, 2.1486681339843994, 1.0950852158622175, 1.0935493130170217, 1.095033501770608], [1.0950359811439985, 2.1590127697630694, 2.641000494130965, 4.210748572403724, 4.814602040667536, 4.954667365222412, 6.321352900289622, 7.161501577183378, 5.009914224814632, 5.165234508713036, 6.3676006792197635, 0.0, 1.7594139251466663, 1.7800308564741227, 3.0652647944345683, 2.502491082901196, 6.531149786216819, 6.811478662522551, 8.196612869960372, 7.211772590008645, 6.955415858882919, 4.348042642385192, 5.594177013645528, 7.205491451663794, 6.783858887830731, 6.299224644351081], [1.0950872294022975, 2.158402061711395, 2.6433361364003636, 4.12766460604541, 5.043362597513687, 4.97554956763572, 6.352077969452202, 7.20025873701772, 4.337427922167699, 4.161665562007596, 5.115023758498097, 1.7594139251466663, 0.0, 1.7799395972897505, 2.501992905665402, 3.065275266595155, 6.796578684161614, 6.608437782865176, 8.239866570521636, 7.032598885902708, 7.211846718421017, 3.1778989757385308, 4.756665683017885, 6.078272884627673, 5.3982248461878655, 4.956881882796886], [1.093518728691923, 2.1614672447205856, 3.3393222965146685, 4.716964181547279, 5.1427779516522, 5.865623618167125, 7.16798626254264, 8.214322132105607, 5.130609036946783, 5.368840485616983, 6.25699312289857, 1.7800308564741227, 1.7799395972897505, 0.0, 2.5000852205474917, 2.502858296028762, 7.377122481021987, 7.430424411835436, 9.203767551932197, 8.239780863590973, 8.19661156698303, 4.546712681707521, 6.0882283572481075, 7.12934371523775, 6.724018420557755, 5.884948452620464], [2.1518218281261112, 1.0948621191730035, 2.0626457063684014, 2.748587466317927, 3.190036502925946, 4.206542342589695, 5.3098911071697135, 6.552755614243523, 2.8256732896780545, 3.417640301436065, 4.248936498701763, 3.0652647944345683, 2.501992905665402, 2.5000852205474917, 0.0, 1.7816590639064478, 5.568520605151784, 5.319637958545676, 7.4304217430775745, 6.608336700713728, 6.811452486070795, 2.9774853853545613, 4.282596733291613, 4.937680056463765, 4.989851519835034, 3.8756044870445696], [2.1526372430114646, 1.094477446090142, 2.055660275921097, 2.868939239509962, 2.8053773168684457, 4.1768596888092855, 5.267993207095089, 6.5049365023803265, 3.7847920682647813, 4.596840877167709, 5.708865867227922, 2.502491082901196, 3.065275266595155, 2.502858296028762, 1.7816590639064478, 0.0, 5.2324103518359495, 5.568574312155671, 7.377161601862874, 6.796543569344641, 6.531167162919657, 4.214498636848753, 5.204043549010712, 6.2857099599011095, 6.477880604796603, 5.504822338640912], [6.504961682439029, 5.267995171789739, 4.1768616232765, 2.868987439847027, 2.805441034846393, 2.055667816063675, 1.0944155792019776, 2.1526185844222385, 3.7847538057316226, 4.596779553121946, 5.708861413627064, 6.531149786216819, 6.796578684161614, 7.377122481021987, 5.568520605151784, 5.2324103518359495, 0.0, 1.7815934272442746, 2.5028728553404385, 3.065238558415968, 2.5024828750662813, 5.204020373711079, 4.214477252281711, 5.504817107770248, 6.477809010768997, 6.285665327552843], [6.552825080070427, 5.309953200358738, 4.206622058136433, 2.748701065958246, 3.1901250288977705, 2.0626571431044955, 1.0947976251344356, 2.151826277839361, 2.8257188872922234, 3.41765828309385, 4.249033666611739, 6.811478662522551, 6.608437782865176, 7.430424411835436, 5.319637958545676, 5.568574312155671, 1.7815934272442746, 0.0, 2.500105127789629, 2.501966310724427, 3.065238953164989, 4.282674663104822, 2.9775318319037325, 3.8756864540362392, 4.989856492926425, 4.937731929742643], [8.214390539778346, 7.168020818887177, 5.865677436579682, 4.717077906925007, 5.142884615660748, 3.339378540986331, 2.1615371960713508, 1.0935859636992415, 5.130656338130629, 5.368853414836356, 6.257107134291373, 8.196612869960372, 8.239866570521636, 9.203767551932197, 7.4304217430775745, 7.377161601862874, 2.5028728553404385, 2.500105127789629, 0.0, 1.7799983005609863, 1.7799809802354627, 6.088279302068853, 4.5467925991846165, 5.885054455143129, 6.724018425762975, 7.129405165930745], [7.2002440215592705, 6.352014229360636, 4.9755238759350755, 4.127680909421173, 5.043378064353297, 2.64329964060074, 2.1584331585666487, 1.095099214683309, 4.337373685768843, 4.161575629494195, 5.1150315678400275, 7.211772590008645, 7.032598885902708, 8.239780863590973, 6.608336700713728, 6.796543569344641, 3.065238558415968, 2.501966310724427, 1.7799983005609863, 0.0, 1.7594203534118842, 4.756607287762991, 3.1778953868873656, 4.956889198882703, 5.3981298835800535, 6.078225557677174], [7.161570303362246, 6.321353060065542, 4.954692775541185, 4.21081992372032, 4.814660999488956, 2.6410566843595005, 2.1590777475579706, 1.0949688443056267, 5.009916153989007, 5.1652146809208235, 6.367649426593773, 6.955415858882919, 7.211846718421017, 8.19661156698303, 6.811452486070795, 6.531167162919657, 2.5024828750662813, 3.065238953164989, 1.7799809802354627, 1.7594203534118842, 0.0, 5.594177532935471, 4.348103320989509, 6.299269228251798, 6.783826947969708, 7.205490723746718], [3.73007001274775, 3.221955139352502, 2.588663371317329, 2.855352447597319, 4.224011468971172, 3.346848861242467, 4.406881331508712, 5.1711337963738675, 2.0630172660450516, 1.09408111673678, 2.1487036300988556, 4.348042642385192, 3.1778989757385308, 4.546712681707521, 2.9774853853545613, 4.214498636848753, 5.204020373711079, 4.282674663104822, 6.088279302068853, 4.756607287762991, 5.594177532935471, 0.0, 1.781213513310518, 3.0626975071005624, 2.496327496543673, 2.499158102241633], [5.1711548671452485, 4.406871277902272, 3.346909387778522, 2.855370431310095, 4.2240143595873345, 2.588639770226827, 3.2219820437116033, 3.73010290206584, 2.0629696701599856, 1.0939896388906067, 2.1486681339843994, 5.594177013645528, 4.756665683017885, 6.0882283572481075, 4.282596733291613, 5.204043549010712, 4.214477252281711, 2.9775318319037325, 4.5467925991846165, 3.1778953868873656, 4.348103320989509, 1.781213513310518, 0.0, 2.4991220458392984, 2.4962499974962444, 3.06262157309714], [6.478865090430576, 5.553013151434094, 4.971653146590176, 4.182089183649722, 5.085648468976203, 4.502336138051001, 4.680399595120058, 5.413377675721509, 2.6398178838700224, 2.1594016323972713, 1.0950852158622175, 7.205491451663794, 6.078272884627673, 7.12934371523775, 4.937680056463765, 6.2857099599011095, 5.504817107770248, 3.8756864540362392, 5.885054455143129, 4.956889198882703, 6.299269228251798, 3.0626975071005624, 2.4991220458392984, 0.0, 1.779945383993565, 1.7595770116707028], [6.067915461672156, 5.5376601096492015, 4.996014931923243, 4.748677197915226, 5.950632999942107, 4.9959375606586605, 5.537614896324951, 6.067872481356213, 3.337893744564078, 2.162032127420867, 1.0935493130170217, 6.783858887830731, 5.3982248461878655, 6.724018420557755, 4.989851519835034, 6.477880604796603, 6.477809010768997, 4.989856492926425, 6.724018425762975, 5.3981298835800535, 6.783826947969708, 2.496327496543673, 2.4962499974962444, 1.779945383993565, 0.0, 1.7799941376307957], [5.413316029939504, 4.6803902123647765, 4.5023598134755956, 4.1820507242260945, 5.085615947945736, 4.9715762269123465, 5.5529799288310056, 6.478866237236266, 2.6398032161507796, 2.1594020584411786, 1.095033501770608, 6.299224644351081, 4.956881882796886, 5.884948452620464, 3.8756044870445696, 5.504822338640912, 6.285665327552843, 4.937731929742643, 7.129405165930745, 6.078225557677174, 7.205490723746718, 2.499158102241633, 3.06262157309714, 1.7595770116707028, 1.7799941376307957, 0.0]]}