{"total energy": -38.86469405, "HOMO-LUMO gap/eV": 4.06349037, "electronic energy": -39.41195471, "dipole": [0.29422695, 0.00679156, 0.02210466], "partial charges": [-0.16092712, 0.09322042, -0.04354501, -0.02866845, -0.04354453, 0.09322271, -0.16093644, 0.00035518, 0.02418429, -0.02601517, -0.02661344, -0.02758883, -0.02662103, -0.02602117, 0.06492674, 0.05877193, 0.06492966, 0.03306231, 0.03555304, 0.03362534, 0.03555498, 0.03307458], "atomic dipole moments": [[-0.04819789, -0.03776376, -0.00195552], [-0.12823538, -0.20101143, -0.00069978], [-0.0433338, 0.01249996, -0.00388081], [-0.01862891, -0.00041673, -0.0014282], [-0.04280103, -0.01450423, -0.00258274], [-0.13600649, 0.19488852, -0.01914316], [-0.04964794, 0.03553538, -0.00538385], [-0.024416, -0.00054987, -0.00182559], [0.10082709, 0.00231238, 0.00755811], [0.00983294, -0.00040555, -0.01317441], [0.00305869, 6.199e-05, 0.00053462], [0.0036633, 9.927e-05, 0.00029352], [0.00307355, 5.44e-05, -6.609e-05], [0.00773443, 0.00083463, 0.01446908], [0.08487418, -0.12905181, 0.01230584], [0.15238076, 0.00353086, 0.01146849], [0.07973513, 0.13284814, 6.874e-05], [0.05981664, 0.00772838, 0.14071075], [-0.08632816, 0.00413399, 0.12492843], [-0.15051142, -0.00348963, -0.01130965], [-0.0664058, -0.00765915, -0.1364202], [0.08047016, -0.00448308, -0.13013964]], "atomic quadrupole moments": [[-0.10491102, 0.26929103, 0.31056886, -0.00449713, -0.00278415, -0.20565784], [-0.32079967, 0.26724163, 0.04226931, -0.05811107, 0.03125662, 0.27853036], [-0.25215867, 0.02089346, -0.24828063, -0.05873204, 0.03566773, 0.5004393], [-0.29510266, -0.00413189, -0.23370853, -0.06306686, 0.03430875, 0.52881119], [-0.25033607, -0.02628211, -0.25042998, -0.05642693, 0.03210072, 0.50076604], [-0.29912793, -0.28472664, 0.01673846, -0.03161372, -0.00961691, 0.28238947], [-0.08317373, -0.28390584, 0.28496273, 0.02211691, -0.04373995, -0.20178899], [-0.10479039, 0.00280639, -0.34778527, -0.04295524, 0.03650141, 0.45257566], [-0.08704174, -0.00965054, 0.45465194, 0.0220544, -0.03795946, -0.3676102], [-0.26304999, -0.01538587, 0.52347098, 0.0026119, -0.03657781, -0.26042099], [-0.26762062, -0.01538972, 0.53300662, 0.00823046, -0.03711605, -0.265386], [-0.27069417, -0.01578916, 0.53122814, 5.338e-05, -0.0369521, -0.26053397], [-0.26534518, -0.01602657, 0.53299668, -0.00650978, -0.03751706, -0.26765149], [-0.26253942, -0.0155295, 0.52346384, -0.00123872, -0.03663802, -0.26092442], [0.02566716, 0.00913994, 0.03616602, 0.00629266, -0.00374222, -0.06183318], [0.02594876, 3.783e-05, 0.04045321, 0.0070767, -0.00484611, -0.06640197], [0.02637371, -0.00889941, 0.03534235, 0.00717302, -0.0050774, -0.06171606], [0.04112133, 0.00211071, -0.06529981, 0.00030332, 0.00418702, 0.02417848], [0.03549583, 0.00237167, -0.06807974, 0.00702494, 0.00483383, 0.03258391], [0.02874953, 0.00187006, -0.06859351, -0.00095599, 0.0050426, 0.03984398], [0.03758522, 0.00177878, -0.06809957, -0.00646289, 0.00447502, 0.03051434], [0.04081864, 0.00218336, -0.06531194, 0.00202335, 0.00423176, 0.0244933]], "number of molecular orbitals": 74, "number of electrons": 70, "number of unpaired electrons": 0, "orbital energies/eV": [-28.86621348, -28.8646662, -18.39348671, -17.76858345, -17.49835015, -17.4088754, -16.90044183, -16.77266773, -16.29067724, -16.24115917, -15.69702225, -15.62220008, -14.95169731, -14.54725154, -14.50931034, -14.12679927, -14.06116394, -13.75476639, -13.71299161, -13.4714931, -13.29328142, -13.09878488, -12.99355995, -12.85029496, -12.68004491, -12.45454211, -12.13967578, -11.81918605, -11.73713017, -11.5253762, -11.46518538, -11.08061066, -11.07517128, -11.00878364, -10.95268931, -6.88919894, -6.87052971, -6.32010555, -6.2703994, -4.37017987, -3.62485071, -3.54693453, -2.87125454, 0.17181867, 0.32205032, 0.39611122, 0.39879528, 0.39950219, 0.40300884, 0.6780757, 0.7739704, 1.81436763, 2.99665146, 3.23194908, 3.32502449, 3.7443708, 3.91593226, 4.33176379, 4.51767488, 4.63657607, 4.65662103, 5.03322811, 8.59899323, 8.9263488, 10.44702254, 10.62239236, 10.72113435, 11.23175107, 11.3562472, 11.54907476, 15.44888685, 15.73372414, 16.02999575, 17.36421956], "fractional occupation": [2.0, 2.0, 2.0, 2.0, 2.0, 2.0, 2.0, 2.0, 2.0, 2.0, 2.0, 2.0, 2.0, 2.0, 2.0, 2.0, 2.0, 2.0, 2.0, 2.0, 2.0, 2.0, 2.0, 2.0, 2.0, 2.0, 2.0, 2.0, 2.0, 2.0, 2.0, 2.0, 2.0, 2.0, 2.0, 0.0, 0.0, 0.0, 0.0, 0.0, 0.0, 0.0, 0.0, 0.0, 0.0, 0.0, 0.0, 0.0, 0.0, 0.0, 0.0, 0.0, 0.0, 0.0, 0.0, 0.0, 0.0, 0.0, 0.0, 0.0, 0.0, 0.0, 0.0, 0.0, 0.0, 0.0, 0.0, 0.0, 0.0, 0.0, 0.0, 0.0, 0.0, 0.0], "program call": "xtb /home/svss/Project-DBcg-Debug/aqme2_20220329/End-to-End-workflows-final/example-3/QDESCP/mol_912_rdkit_conf_1/mol_912_rdkit_conf_1.xyz --pop --wbo --acc 0.2 --gfn 2 --chrg 0 --uhf 0 --etemp 300 --input /home/svss/Project-DBcg-Debug/aqme2_20220329/End-to-End-workflows-final/example-3/QDESCP/mol_912_rdkit_conf_1/mol_912_rdkit_conf_1_xtb.inp", "method": "GFN2-xTB", "xtb version": "6.3.3 (7355c4f)", "Dipole module/D": 0.75, "Total charge": 0, "Transition dipole module/D": NaN, "HOMO": -10.9527, "LUMO": -6.8892, "HOMO occupancy": 2.0, "LUMO occupancy": 0, "mulliken charges": [-0.11145, 0.10822, -0.05509, -0.01852, -0.05509, 0.10822, -0.11146, -0.03071, 0.0141, -0.03163, -0.02345, -0.0277, -0.02346, -0.03163, 0.04397, 0.03991, 0.04398, 0.03225, 0.03283, 0.03161, 0.03283, 0.03226], "cm5 charges": [-0.11269, 0.10417, -0.10675, -0.07363, -0.10675, 0.10417, -0.1127, -0.03278, 0.00705, -0.08344, -0.07874, -0.08305, -0.07875, -0.08345, 0.10051, 0.09525, 0.10051, 0.0888, 0.08822, 0.087, 0.08822, 0.08881], "FUKUI+": [-0.103, -0.038, -0.04, -0.036, -0.04, -0.038, -0.103, -0.036, -0.013, -0.02, -0.025, -0.024, -0.025, -0.02, -0.067, -0.069, -0.067, -0.039, -0.052, -0.053, -0.052, -0.039], "FUKUI-": [-0.169, -0.015, -0.034, -0.02, -0.034, -0.015, -0.169, -0.012, -0.018, -0.017, -0.024, -0.03, -0.024, -0.017, -0.053, -0.054, -0.053, -0.041, -0.052, -0.054, -0.052, -0.041], "FUKUIrad": [-0.136, -0.027, -0.037, -0.028, -0.037, -0.027, -0.136, -0.024, -0.015, -0.018, -0.025, -0.027, -0.025, -0.018, -0.06, -0.062, -0.06, -0.04, -0.052, -0.053, -0.052, -0.04], "s proportion": [1.946, 1.085, 1.063, 1.059, 1.063, 1.085, 1.946, 1.084, 1.077, 1.062, 1.06, 1.06, 1.06, 1.062, 0.956, 0.96, 0.956, 0.968, 0.967, 0.968, 0.967, 0.968], "p proportion": [5.176, 2.807, 2.992, 2.959, 2.992, 2.807, 5.176, 2.947, 2.909, 2.97, 2.963, 2.968, 2.963, 2.97, 0.0, 0.0, 0.0, 0.0, 0.0, 0.0, 0.0, 0.0], "d proportion": [-0.01, 0.0, 0.0, 0.0, 0.0, 0.0, -0.01, 0.0, 0.0, 0.0, 0.0, 0.0, 0.0, 0.0, 0.0, 0.0, 0.0, 0.0, 0.0, 0.0, 0.0, 0.0], "Fermi-level/eV": -8.9209, "Coordination numbers": [0.959, 2.881, 2.955, 2.91, 2.955, 2.881, 0.959, 3.006, 2.966, 2.916, 2.91, 2.912, 2.91, 2.916, 0.925, 0.925, 0.925, 0.925, 0.925, 0.925, 0.925, 0.925], "Dispersion coefficient C6": [104.194, 25.927, 29.08, 28.716, 29.08, 25.927, 104.195, 28.005, 27.462, 28.652, 28.666, 28.69, 28.667, 28.652, 2.142, 2.213, 2.142, 2.543, 2.509, 2.535, 2.509, 2.543], "Total dispersion C6": 9289.780943, "Total dispersion C8": 267206.903834, "Polarizability alpha": [15.616, 8.348, 8.845, 8.787, 8.845, 8.348, 15.616, 8.681, 8.596, 8.778, 8.779, 8.783, 8.779, 8.778, 2.289, 2.327, 2.289, 2.494, 2.477, 2.49, 2.477, 2.494], "Total polarizability alpha": 154.914623, "Wiberg matrix": [[0.0, 0.9839861572061831, 0.0, 0.0, 0.0, 0.0, 0.0, 0.0, 0.0, 0.0, 0.0, 0.0, 0.0, 0.0, 0.0, 0.0, 0.0, 0.0, 0.0, 0.0, 0.0, 0.0], [0.9839861572061831, 0.0, 1.4003953492808126, 0.0, 0.0, 0.0, 0.0, 1.3635901956554093, 0.0, 0.0, 0.0, 0.0, 0.0, 0.0, 0.0, 0.0, 0.0, 0.0, 0.0, 0.0, 0.0, 0.0], [0.0, 1.4003953492808126, 0.0, 1.4370394411066318, 0.0, 0.0, 0.0, 0.0, 0.0, 0.0, 0.0, 0.0, 0.0, 0.0, 0.9661681695909565, 0.0, 0.0, 0.0, 0.0, 0.0, 0.0, 0.0], [0.0, 0.0, 1.4370394411066318, 0.0, 1.4369392425020338, 0.0, 0.0, 0.10154601744746462, 0.0, 0.0, 0.0, 0.0, 0.0, 0.0, 0.0, 0.967179057221046, 0.0, 0.0, 0.0, 0.0, 0.0, 0.0], [0.0, 0.0, 0.0, 1.4369392425020338, 0.0, 1.400503009985324, 0.0, 0.0, 0.0, 0.0, 0.0, 0.0, 0.0, 0.0, 0.0, 0.0, 0.9661667653355964, 0.0, 0.0, 0.0, 0.0, 0.0], [0.0, 0.0, 0.0, 0.0, 1.400503009985324, 0.0, 0.9839728348585541, 1.3634965382587902, 0.0, 0.0, 0.0, 0.0, 0.0, 0.0, 0.0, 0.0, 0.0, 0.0, 0.0, 0.0, 0.0, 0.0], [0.0, 0.0, 0.0, 0.0, 0.0, 0.9839728348585541, 0.0, 0.0, 0.0, 0.0, 0.0, 0.0, 0.0, 0.0, 0.0, 0.0, 0.0, 0.0, 0.0, 0.0, 0.0, 0.0], [0.0, 1.3635901956554093, 0.0, 0.10154601744746462, 0.0, 1.3634965382587902, 0.0, 0.0, 1.0137453483548347, 0.0, 0.0, 0.0, 0.0, 0.0, 0.0, 0.0, 0.0, 0.0, 0.0, 0.0, 0.0, 0.0], [0.0, 0.0, 0.0, 0.0, 0.0, 0.0, 0.0, 1.0137453483548347, 0.0, 1.4019592847871747, 0.0, 0.11006980069946741, 0.0, 1.4019335818117167, 0.0, 0.0, 0.0, 0.0, 0.0, 0.0, 0.0, 0.0], [0.0, 0.0, 0.0, 0.0, 0.0, 0.0, 0.0, 0.0, 1.4019592847871747, 0.0, 1.4422383600413475, 0.0, 0.11235777172950112, 0.0, 0.0, 0.0, 0.0, 0.9711266671238054, 0.0, 0.0, 0.0, 0.0], [0.0, 0.0, 0.0, 0.0, 0.0, 0.0, 0.0, 0.0, 0.0, 1.4422383600413475, 0.0, 1.4394424268887602, 0.0, 0.11233599768079461, 0.0, 0.0, 0.0, 0.0, 0.970412708737467, 0.0, 0.0, 0.0], [0.0, 0.0, 0.0, 0.0, 0.0, 0.0, 0.0, 0.0, 0.11006980069946741, 0.0, 1.4394424268887602, 0.0, 1.439358966409357, 0.0, 0.0, 0.0, 0.0, 0.0, 0.0, 0.9711730417320991, 0.0, 0.0], [0.0, 0.0, 0.0, 0.0, 0.0, 0.0, 0.0, 0.0, 0.0, 0.11235777172950112, 0.0, 1.439358966409357, 0.0, 1.4422872311959278, 0.0, 0.0, 0.0, 0.0, 0.0, 0.0, 0.9704174951115923, 0.0], [0.0, 0.0, 0.0, 0.0, 0.0, 0.0, 0.0, 0.0, 1.4019335818117167, 0.0, 0.11233599768079461, 0.0, 1.4422872311959278, 0.0, 0.0, 0.0, 0.0, 0.0, 0.0, 0.0, 0.0, 0.971129984075199], [0.0, 0.0, 0.9661681695909565, 0.0, 0.0, 0.0, 0.0, 0.0, 0.0, 0.0, 0.0, 0.0, 0.0, 0.0, 0.0, 0.0, 0.0, 0.0, 0.0, 0.0, 0.0, 0.0], [0.0, 0.0, 0.0, 0.967179057221046, 0.0, 0.0, 0.0, 0.0, 0.0, 0.0, 0.0, 0.0, 0.0, 0.0, 0.0, 0.0, 0.0, 0.0, 0.0, 0.0, 0.0, 0.0], [0.0, 0.0, 0.0, 0.0, 0.9661667653355964, 0.0, 0.0, 0.0, 0.0, 0.0, 0.0, 0.0, 0.0, 0.0, 0.0, 0.0, 0.0, 0.0, 0.0, 0.0, 0.0, 0.0], [0.0, 0.0, 0.0, 0.0, 0.0, 0.0, 0.0, 0.0, 0.0, 0.9711266671238054, 0.0, 0.0, 0.0, 0.0, 0.0, 0.0, 0.0, 0.0, 0.0, 0.0, 0.0, 0.0], [0.0, 0.0, 0.0, 0.0, 0.0, 0.0, 0.0, 0.0, 0.0, 0.0, 0.970412708737467, 0.0, 0.0, 0.0, 0.0, 0.0, 0.0, 0.0, 0.0, 0.0, 0.0, 0.0], [0.0, 0.0, 0.0, 0.0, 0.0, 0.0, 0.0, 0.0, 0.0, 0.0, 0.0, 0.9711730417320991, 0.0, 0.0, 0.0, 0.0, 0.0, 0.0, 0.0, 0.0, 0.0, 0.0], [0.0, 0.0, 0.0, 0.0, 0.0, 0.0, 0.0, 0.0, 0.0, 0.0, 0.0, 0.0, 0.9704174951115923, 0.0, 0.0, 0.0, 0.0, 0.0, 0.0, 0.0, 0.0, 0.0], [0.0, 0.0, 0.0, 0.0, 0.0, 0.0, 0.0, 0.0, 0.0, 0.0, 0.0, 0.0, 0.0, 0.971129984075199, 0.0, 0.0, 0.0, 0.0, 0.0, 0.0, 0.0, 0.0]], "Born radii": [], "Atomic SASAs": [], "Solvent H bonds": [], "Total SASA": NaN, "Total FOD": 0.0, "FOD": [0.0, 0.0, 0.0, 0.0, 0.0, 0.0, 0.0, 0.0, 0.0, 0.0, 0.0, 0.0, 0.0, 0.0, 0.0, 0.0, 0.0, 0.0, 0.0, 0.0, 0.0, 0.0], "FOD s proportion": [0.0, 0.0, 0.0, 0.0, 0.0, 0.0, 0.0, 0.0, 0.0, 0.0, 0.0, 0.0, 0.0, 0.0, 0.0, 0.0, 0.0, 0.0, 0.0, 0.0, 0.0, 0.0], "FOD p proportion": [0.0, 0.0, 0.0, 0.0, 0.0, 0.0, 0.0, 0.0, 0.0, 0.0, 0.0, 0.0, 0.0, 0.0, 0.0, 0.0, 0.0, 0.0, 0.0, 0.0, 0.0, 0.0], "FOD d proportion": [0.0, 0.0, 0.0, 0.0, 0.0, 0.0, 0.0, 0.0, 0.0, 0.0, 0.0, 0.0, 0.0, 0.0, 0.0, 0.0, 0.0, 0.0, 0.0, 0.0, 0.0, 0.0], "coordinates": [["0.75470", "-2.73200", "0.18070"], ["1.50290", "-1.16840", "0.16710"], ["2.89950", "-1.13450", "0.27190"], ["3.57420", "0.08270", "0.26840"], ["2.85230", "1.26760", "0.16010"], ["1.45570", "1.23690", "0.05510"], ["0.64680", "2.76450", "-0.07540"], ["0.74690", "0.01730", "0.05610"], ["-0.72130", "-0.01670", "-0.05420"], ["-1.52780", "0.02100", "1.09430"], ["-2.91990", "-0.01130", "0.98920"], ["-3.52330", "-0.08150", "-0.26460"], ["-2.73690", "-0.11960", "-1.41410"], ["-1.34470", "-0.08740", "-1.31010"], ["3.46540", "-2.05970", "0.35680"], ["4.65810", "0.10780", "0.34990"], ["3.38140", "2.21810", "0.15750"], ["-1.07280", "0.07590", "2.08100"], ["-3.53240", "0.01850", "1.88650"], ["-4.60680", "-0.10660", "-0.34600"], ["-3.20650", "-0.17440", "-2.39270"], ["-0.74540", "-0.11790", "-2.21750"]], "bond_dist": [[0.0, 1.7334454591939141, 2.6759093276865715, 3.9849476320273016, 4.516320435930117, 4.032287634829639, 5.503520861230563, 2.752133079994498, 3.0994528710725704, 3.6909998929829304, 4.643120276279736, 5.0522001484501775, 4.643198397656512, 3.691053258895082, 2.7983732756728505, 4.830074972503015, 5.603889822257394, 3.8516488352392666, 5.371613379609519, 5.992980919375599, 5.371667409659686, 3.851646668634079], [1.7334454591939141, 0.0, 1.400936761599181, 2.4219406660775156, 2.7847846164470242, 2.4083687279982695, 4.032296599953927, 1.4105819685505696, 2.5144486910653, 3.385190495378362, 4.644985323981122, 5.160465380176481, 4.645005804086794, 3.385189300467553, 2.1637486060076387, 3.408429157251182, 3.8726265841157472, 3.441733021313536, 5.451542356067684, 6.222469360310262, 5.451519091042423, 3.441615943129041], [2.6759093276865715, 1.400936761599181, 0.0, 1.3916925594397636, 2.4051635058764718, 2.7847977736273783, 4.516356449617324, 2.4508977212441976, 3.8034209193829702, 4.648925391958878, 5.970051414351471, 6.530620268397176, 5.970060549944196, 4.6489112757719955, 1.087862978504186, 2.1545457177790404, 3.388988304789499, 4.529578154751279, 6.7309493958876265, 7.6015076471710525, 6.730907900870431, 4.5294463160523275], [3.9849476320273016, 2.4219406660775156, 1.3916925594397636, 0.0, 1.3917099230802372, 2.421924189564983, 3.9849617865169042, 2.836013705890717, 4.308743595295501, 5.168783386832922, 6.534655572407776, 7.119378967999948, 6.534654906726138, 5.16876904784882, 2.146981546264429, 1.0872494975855362, 2.146952214186427, 4.988003007216415, 7.288767578267262, 8.206222203304026, 7.288720471385907, 4.987873628110479], [4.516320435930117, 2.7847846164470242, 2.4051635058764718, 1.3917099230802372, 0.0, 1.400877956854201, 2.6758923950712217, 2.450872344696884, 3.8034152994381247, 4.648872681629387, 5.970032232743806, 6.530598461090683, 5.970057463710044, 4.648905466881425, 3.3890275581647313, 2.154547219255127, 1.087843656046217, 4.529505018211151, 6.730906466442689, 7.6014956199421695, 6.730914446046688, 4.529463246346084], [4.032287634829639, 2.4083687279982695, 2.7847977736273783, 2.421924189564983, 1.400877956854201, 0.0, 1.7334679748988728, 1.4106107188023207, 2.514515549763016, 3.3852063009512436, 4.645042670417571, 5.160506530370832, 4.645054967381979, 3.38522993162946, 3.8726591045430268, 3.408392525810371, 2.163691218727848, 3.4417298063619115, 5.451574646833702, 6.222521973444529, 5.451568707262159, 3.4416616640803026], [5.503520861230563, 4.032296599953927, 4.516356449617324, 3.9849617865169042, 2.6758923950712217, 1.7334679748988728, 0.0, 2.7521664375542403, 3.099551659514647, 3.69105344041508, 4.643251844343574, 5.0522516415950625, 4.643229069300803, 3.6910553978503224, 5.603945792029041, 4.830058247060795, 2.798362472947349, 3.8517080730501894, 5.371711110065395, 5.993058695691207, 5.3716788241666125, 3.8516286178706274], [2.752133079994498, 1.4105819685505696, 2.4508977212441976, 2.836013705890717, 2.450872344696884, 1.4106107188023207, 2.7521664375542403, 0.0, 1.4727298903736556, 2.5004265676080153, 3.7837700524741193, 4.283365262267508, 3.7837933466298077, 2.5004509773238905, 3.4343255145661424, 3.923263199174891, 3.434296558248865, 2.723042794375439, 4.654328532667199, 5.370208497814587, 4.654325073520328, 2.7229570855964655], [3.0994528710725704, 2.5144486910653, 3.8034209193829702, 4.308743595295501, 3.8034152994381247, 2.514515549763016, 3.099551659514647, 1.4727298903736556, 0.0, 1.4038930835359225, 2.433629939000587, 2.81063537300732, 2.4336309868178456, 1.4038913277031098, 4.676668353646643, 5.395993089321001, 4.676675659055266, 2.165919215945045, 3.416114567750912, 3.897478608023397, 3.416089954904584, 2.1657998845692092], [3.6909998929829304, 3.385190495378362, 4.648925391958878, 5.168783386832922, 4.648872681629387, 3.3852063009512436, 3.69105344041508, 2.5004265676080153, 1.4038930835359225, 0.0, 1.3964353583320641, 2.416430365228843, 2.78814664786485, 2.4137969115068483, 5.459419839140419, 6.23113347714523, 5.459403565408954, 1.0879411289219652, 2.1554601016952275, 3.4016153295162574, 3.874968883746036, 3.405798321979738], [4.643120276279736, 4.644985323981122, 5.970051414351471, 6.534655572407776, 5.970032232743806, 4.645042670417571, 4.643251844343574, 3.7837700524741193, 2.433629939000587, 1.3964353583320641, 0.0, 1.393209976995571, 2.4126891179760395, 2.7881583061225204, 6.735571869559406, 7.605851254133229, 6.735601750400629, 2.1474192627430724, 1.0868263798785893, 2.1534792174525386, 3.3979389017461745, 3.8759177880858102], [5.0522001484501775, 5.160465380176481, 6.530620268397176, 7.119378967999948, 6.530598461090683, 5.160506530370832, 5.0522516415950625, 4.283365262267508, 2.81063537300732, 2.416430365228843, 1.393209976995571, 0.0, 1.39327916082887, 2.416485675521376, 7.289810758174728, 8.206628461189162, 7.289801825838615, 3.3958157149645207, 2.1534423651447, 1.0868432361660996, 2.1535557248420574, 3.3958609777197886], [4.643198397656512, 4.645005804086794, 5.970060549944196, 6.534654906726138, 5.970057463710044, 4.645054967381979, 4.643229069300803, 3.7837933466298077, 2.4336309868178456, 2.78814664786485, 2.4126891179760395, 1.39327916082887, 0.0, 1.3964503857996529, 6.735621731510759, 7.605881392711827, 6.735604110991084, 3.8759738221510216, 3.397918807152402, 2.1534931204905208, 1.086823426320946, 2.1474465534676295], [3.691053258895082, 3.385189300467553, 4.6489112757719955, 5.16876904784882, 4.648905466881425, 3.38522993162946, 3.6910553978503224, 2.5004509773238905, 1.4038913277031098, 2.4137969115068483, 2.7881583061225204, 2.416485675521376, 1.3964503857996529, 0.0, 5.459449139794234, 6.2311564640923605, 5.459413999688978, 3.4059001321236653, 3.8749835689974224, 3.401639878058816, 2.1554329031542596, 1.0878720053388633], [2.7983732756728505, 2.1637486060076387, 1.087862978504186, 2.146981546264429, 3.3890275581647313, 3.8726591045430268, 5.603945792029041, 3.4343255145661424, 4.676668353646643, 5.459419839140419, 6.735571869559406, 7.289810758174728, 6.735621731510759, 5.459449139794234, 0.0, 2.4739921483303053, 4.2832638641577985, 5.303669695597567, 7.458424912137951, 8.334802954479487, 7.458441925094007, 5.30362558727518], [4.830074972503015, 3.408429157251182, 2.1545457177790404, 1.0872494975855362, 2.154547219255127, 3.408392525810371, 4.830058247060795, 3.923263199174891, 5.395993089321001, 6.23113347714523, 7.605851254133229, 8.206628461189162, 7.605881392711827, 6.2311564640923605, 2.4739921483303053, 0.0, 2.4739334550468413, 5.986730295411678, 8.333870907327517, 9.293471696841822, 8.333872134848242, 5.986676498692742], [5.603889822257394, 3.8726265841157472, 3.388988304789499, 2.146952214186427, 1.087843656046217, 2.163691218727848, 2.798362472947349, 3.434296558248865, 4.676675659055266, 5.459403565408954, 6.735601750400629, 7.289801825838615, 6.735604110991084, 5.459413999688978, 4.2832638641577985, 2.4739334550468413, 0.0, 5.303656354817872, 7.4584389519523455, 8.334811430380414, 7.4584182438369595, 5.303583622419844], [3.8516488352392666, 3.441733021313536, 4.529578154751279, 4.988003007216415, 4.529505018211151, 3.4417298063619115, 3.8517080730501894, 2.723042794375439, 2.165919215945045, 1.0879411289219652, 2.1474192627430724, 3.3958157149645207, 3.8759738221510216, 3.4059001321236653, 5.303669695597567, 5.986730295411678, 5.303656354817872, 0.0, 2.467945941466304, 4.291012846636561, 4.96279331324608, 4.315304328781459], [5.371613379609519, 5.451542356067684, 6.7309493958876265, 7.288767578267262, 6.730906466442689, 5.451574646833702, 5.371711110065395, 4.654328532667199, 3.416114567750912, 2.1554601016952275, 1.0868263798785893, 2.1534423651447, 3.397918807152402, 3.8749835689974224, 7.458424912137951, 8.333870907327517, 7.4584389519523455, 2.467945941466304, 0.0, 2.4807340889341605, 4.295925262385276, 4.962740166480611], [5.992980919375599, 6.222469360310262, 7.6015076471710525, 8.206222203304026, 7.6014956199421695, 6.222521973444529, 5.993058695691207, 5.370208497814587, 3.897478608023397, 3.4016153295162574, 2.1534792174525386, 1.0868432361660996, 2.1534931204905208, 3.401639878058816, 8.334802954479487, 9.293471696841822, 8.334811430380414, 4.291012846636561, 2.4807340889341605, 0.0, 2.4808099121053186, 4.291042985102806], [5.371667409659686, 5.451519091042423, 6.730907900870431, 7.288720471385907, 6.730914446046688, 5.451568707262159, 5.3716788241666125, 4.654325073520328, 3.416089954904584, 3.874968883746036, 3.3979389017461745, 2.1535557248420574, 1.086823426320946, 2.1554329031542596, 7.458441925094007, 8.333872134848242, 7.4584182438369595, 4.96279331324608, 4.295925262385276, 2.4808099121053186, 0.0, 2.4679749796138535], [3.851646668634079, 3.441615943129041, 4.5294463160523275, 4.987873628110479, 4.529463246346084, 3.4416616640803026, 3.8516286178706274, 2.7229570855964655, 2.1657998845692092, 3.405798321979738, 3.8759177880858102, 3.3958609777197886, 2.1474465534676295, 1.0878720053388633, 5.30362558727518, 5.986676498692742, 5.303583622419844, 4.315304328781459, 4.962740166480611, 4.291042985102806, 2.4679749796138535, 0.0]]}