{"total energy": -42.39341588, "HOMO-LUMO gap/eV": 4.20646353, "electronic energy": -42.90398855, "dipole": [-0.41874364, 0.57780172, 0.26483856], "partial charges": [-0.10060818, -0.05057404, -0.06041672, 0.00425463, -0.11627141, 0.0047207, -0.10898937, 0.29485223, -0.44457512, -0.18306934, 0.00788982, -0.05266966, -0.10270711, 0.03220335, 0.02977939, 0.03470253, 0.03400341, 0.04237408, 0.03791807, 0.03532474, 0.06774476, 0.0359329, 0.05470447, 0.0512326, 0.0475269, 0.04432982, 0.05051343, 0.05537972, 0.05581665, 0.04167231, 0.04157702, 0.04042023, 0.03743171, 0.03757546], "atomic dipole moments": [[0.08551006, -0.008558, 0.05552097], [-0.10484814, 0.02572273, 0.05686025], [0.11561929, -0.02830671, -0.02406841], [0.05347631, 0.13592091, -0.08863366], [-0.0362961, 0.01445269, 0.01863451], [-0.00925869, -0.09581008, -0.12593694], [0.043382, -0.08032144, 0.09155129], [0.03251011, 0.0389683, -0.00114739], [-0.01362467, 0.17134723, 0.070622], [0.00012273, -0.48505979, -0.17838168], [-0.02815709, 0.13124262, 0.06842945], [-0.04129692, -0.11764069, -0.02530539], [-0.06963984, 0.06131147, 0.06304256], [-0.08516938, -0.08679088, 0.03211844], [-0.05152319, 0.11298191, 0.01408502], [0.02538167, -0.0150717, -0.12207737], [0.08105993, 0.08468032, -0.04493376], [0.05023814, -0.11412497, -0.02525645], [-0.08614058, -0.08029226, 0.0356407], [-0.05422435, 0.10735067, 0.023079], [0.03748342, -0.12465497, -0.00889724], [-0.02712752, 0.00618303, 0.11653601], [0.10663114, 0.04161211, 0.05294343], [-0.07990118, 0.00266917, 0.09693309], [-0.11275343, -0.02548451, -0.04778056], [-0.00919091, 0.1167869, 0.04842966], [0.07762502, 0.00949684, -0.10465064], [-0.06328239, -0.03501719, -0.10833296], [0.0323077, -0.10678044, 0.06743266], [0.06377402, 0.03626648, 0.10217779], [-0.02723046, 0.10427117, -0.0645376], [0.10318328, 0.06631545, -0.02919501], [-0.05441468, -0.03502334, -0.10888462], [0.03821412, -0.10441373, 0.06084636]], "atomic quadrupole moments": [[0.13244779, -0.02953943, -0.12338801, 0.15688858, -0.0151152, -0.00905977], [0.0515874, -0.0375138, -0.238539, 0.08831979, 0.02419911, 0.1869516], [0.03674738, -0.04380928, -0.20879773, 0.10249988, -0.00226001, 0.17205035], [0.18526535, 0.16464578, -0.06669641, 0.02073844, -0.07724475, -0.11856894], [-0.03158215, 0.04670286, 0.06879007, 0.00305502, 0.01170908, -0.03720792], [-0.20172723, -0.08440012, 0.24278998, 0.02752213, 0.02689895, -0.04106274], [-0.09255356, -0.07446344, 0.04667328, 0.08693755, -0.15643959, 0.04588028], [-0.0655929, 0.03401518, -0.13625769, 0.24331093, -0.22180917, 0.20185059], [-0.02836108, -0.01374845, -0.04742911, 0.07294927, -0.06191376, 0.07579019], [0.20394695, 0.1225464, 0.08911367, -0.34521243, 0.19744095, -0.29306061], [0.12775395, -0.06276924, -0.00368993, -0.28564348, 0.17576343, -0.12406401], [0.13376892, 0.0352238, -0.02086219, -0.19450444, 0.07382701, -0.11290673], [0.02076127, -0.12043696, -0.00813395, -0.1331876, 0.11691703, -0.01262732], [0.01079161, 0.05123543, 0.01950483, -0.01672576, -0.03756282, -0.03029644], [-0.01984462, -0.03780366, 0.0623593, 0.00202981, 0.02626071, -0.04251469], [-0.02087351, -0.0077979, -0.0514407, -0.0262597, 0.01589437, 0.07231421], [0.00308862, 0.04338048, 0.01438194, -0.00329091, -0.01595776, -0.01747056], [-0.02340457, -0.02761793, 0.04291625, 0.00616512, 0.0068935, -0.01951168], [0.00051105, 0.04862033, 0.01534893, -0.00943702, -0.01820504, -0.01585999], [-0.03935383, -0.02624517, 0.05343511, 0.00467027, 0.011068, -0.01408128], [0.01249492, -0.01915572, 0.02525623, -0.00663756, 0.02717579, -0.03775115], [-0.00333763, 0.01182407, -0.0384584, -0.02245298, 0.02597945, 0.04179603], [0.03798259, 0.01110629, 0.00121384, 0.01935056, -0.0005015, -0.03919643], [0.01103902, 0.0006575, -0.00564666, -0.04590467, -0.0134982, -0.00539236], [0.0558656, 0.0443884, -0.02762434, 0.03260805, 0.0023504, -0.02824127], [-0.05100415, -0.00776718, 0.05992555, 0.00520247, 0.04989694, -0.0089214], [0.02654905, -0.01416365, -0.04589684, -0.05552447, -0.00071147, 0.01934779], [0.00224578, -0.00318867, -0.0295723, 0.02062591, 0.02101352, 0.02732652], [-0.01519386, -0.02596285, 0.01493913, -0.00254087, -0.0272722, 0.00025473], [0.00062013, 0.00588877, -0.03716837, 0.02378639, 0.0149528, 0.03654823], [-0.00871246, -0.0242025, 0.01310029, 0.00411012, -0.03821975, -0.00438783], [0.03506522, 0.05387374, 0.0063288, -0.02660095, -0.0047457, -0.04139402], [-0.00276141, 0.00460136, -0.03557771, 0.05159129, 0.02987044, 0.03833912], [-0.04044196, -0.02895454, 0.03583182, 0.00779008, -0.05060626, 0.00461014]], "number of molecular orbitals": 78, "number of electrons": 78, "number of unpaired electrons": 0, "orbital energies/eV": [-19.55597756, -18.8684003, -17.91179483, -17.3300211, -17.17694201, -17.06090254, -16.74602388, -16.27276983, -16.15026774, -15.9637217, -15.43658453, -15.39103529, -15.18412159, -14.88711297, -14.66894228, -14.57827615, -14.2262592, -13.92507061, -13.80051186, -13.72901878, -13.67211803, -13.58117222, -13.42641576, -13.2343261, -12.99457959, -12.9406722, -12.76127222, -12.66947129, -12.39604182, -12.2048114, -12.15467141, -12.11590158, -12.05981802, -11.87259817, -11.76557836, -11.55170386, -10.80973668, -10.63665662, -10.15396602, -5.9475025, -5.3671897, -3.75984047, -0.90961669, -0.05135483, -0.00516577, 1.09318736, 1.85827997, 2.05857892, 2.74451131, 2.90552666, 3.09829339, 3.29856159, 3.40819743, 3.62466182, 3.85482012, 3.99393667, 4.01891607, 4.21160938, 4.30635111, 4.42882885, 4.68553417, 4.88814176, 5.07209262, 5.3639505, 5.60956001, 5.88402752, 6.00740837, 6.30111762, 6.43810367, 6.74930419, 6.9381508, 7.13188108, 7.69752697, 8.05647527, 8.22112961, 9.11100975, 13.30067455, 16.13321618], "fractional occupation": [2.0, 2.0, 2.0, 2.0, 2.0, 2.0, 2.0, 2.0, 2.0, 2.0, 2.0, 2.0, 2.0, 2.0, 2.0, 2.0, 2.0, 2.0, 2.0, 2.0, 2.0, 2.0, 2.0, 2.0, 2.0, 2.0, 2.0, 2.0, 2.0, 2.0, 2.0, 2.0, 2.0, 2.0, 2.0, 2.0, 2.0, 2.0, 2.0, 0.0, 0.0, 0.0, 0.0, 0.0, 0.0, 0.0, 0.0, 0.0, 0.0, 0.0, 0.0, 0.0, 0.0, 0.0, 0.0, 0.0, 0.0, 0.0, 0.0, 0.0, 0.0, 0.0, 0.0, 0.0, 0.0, 0.0, 0.0, 0.0, 0.0, 0.0, 0.0, 0.0, 0.0, 0.0, 0.0, 0.0, 0.0, 0.0], "program call": "xtb /home/svss/Project-DBcg-Debug/aqme2_20220329/End-to-End-workflows-final/example-3/QDESCP/mol_575_rdkit_conf_27/mol_575_rdkit_conf_27.xyz --pop --wbo --acc 0.2 --gfn 2 --chrg 0 --uhf 0 --etemp 300 --input /home/svss/Project-DBcg-Debug/aqme2_20220329/End-to-End-workflows-final/example-3/QDESCP/mol_575_rdkit_conf_27/mol_575_rdkit_conf_27_xtb.inp", "method": "GFN2-xTB", "xtb version": "6.3.3 (7355c4f)", "Dipole module/D": 1.935, "Total charge": 0, "Transition dipole module/D": NaN, "HOMO": -10.154, "LUMO": -5.9475, "HOMO occupancy": 2.0, "LUMO occupancy": 0, "mulliken charges": [-0.08524, -0.03621, -0.05722, 0.09445, -0.29607, 0.09505, -0.09591, 0.49741, -0.5605, -0.12762, 0.03329, -0.04204, -0.08375, 0.02566, 0.0233, 0.03032, 0.02764, 0.0364, 0.02732, 0.02155, 0.05628, 0.02277, 0.0317, 0.03213, 0.0356, 0.03392, 0.03598, 0.04029, 0.0412, 0.02622, 0.02567, 0.03053, 0.02978, 0.03006], "cm5 charges": [-0.23565, -0.14716, -0.1631, 0.04604, -0.54811, 0.04409, -0.24121, 0.60557, -0.60947, -0.16156, -0.0573, -0.15158, -0.23403, 0.07696, 0.07462, 0.08112, 0.08612, 0.09278, 0.0826, 0.07929, 0.12663, 0.08788, 0.0979, 0.097, 0.08951, 0.08512, 0.09048, 0.09929, 0.10025, 0.08137, 0.08081, 0.08131, 0.08108, 0.08136], "FUKUI+": [0.009, 0.003, 0.01, 0.021, -0.062, 0.018, 0.014, -0.042, -0.145, -0.379, 0.026, 0.011, 0.016, -0.016, -0.011, -0.014, 0.016, -0.002, -0.032, -0.018, -0.02, -0.041, -0.012, -0.048, -0.027, -0.035, 0.002, -0.063, -0.06, -0.023, -0.025, -0.035, -0.02, -0.02], "FUKUI-": [0.011, 0.003, 0.002, 0.014, -0.083, 0.02, 0.009, 0.026, -0.061, -0.291, 0.038, 0.01, 0.013, -0.04, -0.031, -0.04, -0.018, -0.033, -0.04, -0.032, -0.034, -0.057, -0.03, -0.04, -0.021, -0.038, -0.009, -0.056, -0.059, -0.031, -0.031, -0.029, -0.021, -0.022], "FUKUIrad": [0.01, 0.003, 0.006, 0.018, -0.072, 0.019, 0.012, -0.008, -0.103, -0.335, 0.032, 0.011, 0.015, -0.028, -0.021, -0.027, -0.001, -0.018, -0.036, -0.025, -0.027, -0.049, -0.021, -0.044, -0.024, -0.036, -0.003, -0.059, -0.059, -0.027, -0.028, -0.032, -0.021, -0.021], "s proportion": [1.008, 1.026, 1.035, 1.008, 1.447, 1.006, 1.012, 0.997, 1.73, 1.925, 1.038, 1.028, 1.008, 0.974, 0.977, 0.97, 0.972, 0.964, 0.973, 0.978, 0.944, 0.977, 0.968, 0.968, 0.964, 0.966, 0.964, 0.96, 0.959, 0.974, 0.974, 0.969, 0.97, 0.97], "p proportion": [3.077, 3.01, 3.022, 2.897, 3.849, 2.899, 3.084, 2.506, 4.831, 4.202, 2.929, 3.014, 3.075, 0.0, 0.0, 0.0, 0.0, 0.0, 0.0, 0.0, 0.0, 0.0, 0.0, 0.0, 0.0, 0.0, 0.0, 0.0, 0.0, 0.0, 0.0, 0.0, 0.0, 0.0], "d proportion": [0.0, 0.0, 0.0, 0.0, 0.0, 0.0, 0.0, 0.0, 0.0, 0.0, 0.0, 0.0, 0.0, 0.0, 0.0, 0.0, 0.0, 0.0, 0.0, 0.0, 0.0, 0.0, 0.0, 0.0, 0.0, 0.0, 0.0, 0.0, 0.0, 0.0, 0.0, 0.0, 0.0, 0.0], "Fermi-level/eV": -8.0507, "Coordination numbers": [3.75, 3.799, 3.8, 3.743, 2.759, 3.735, 3.749, 2.748, 0.879, 2.042, 3.795, 3.84, 3.75, 0.924, 0.924, 0.924, 0.924, 0.924, 0.924, 0.924, 0.924, 0.924, 0.924, 0.924, 0.924, 0.924, 0.924, 0.924, 0.924, 0.924, 0.924, 0.924, 0.924, 0.924], "Dispersion coefficient C6": [22.485, 21.483, 21.662, 20.58, 23.531, 20.584, 22.65, 21.998, 22.581, 148.817, 20.451, 21.49, 22.525, 2.555, 2.59, 2.521, 2.53, 2.418, 2.477, 2.512, 2.111, 2.504, 2.262, 2.305, 2.351, 2.392, 2.314, 2.254, 2.249, 2.427, 2.428, 2.443, 2.483, 2.481], "Total dispersion C6": 10120.874869, "Total dispersion C8": 241458.978969, "Polarizability alpha": [6.763, 6.599, 6.627, 6.472, 7.205, 6.475, 6.788, 7.68, 6.372, 20.532, 6.44, 6.595, 6.769, 2.5, 2.517, 2.483, 2.488, 2.432, 2.461, 2.479, 2.272, 2.475, 2.352, 2.374, 2.398, 2.419, 2.379, 2.348, 2.345, 2.436, 2.437, 2.444, 2.464, 2.463], "Total polarizability alpha": 152.278752, "Wiberg matrix": [[0.0, 1.0199282605293594, 0.0, 0.0, 0.0, 0.0, 0.0, 0.0, 0.0, 0.0, 0.0, 0.0, 0.0, 0.9876198237627598, 0.9877592710948521, 0.987204601631313, 0.0, 0.0, 0.0, 0.0, 0.0, 0.0, 0.0, 0.0, 0.0, 0.0, 0.0, 0.0, 0.0, 0.0, 0.0, 0.0, 0.0, 0.0], [1.0199282605293594, 0.0, 1.0085638594526363, 0.0, 0.0, 0.0, 0.0, 0.0, 0.0, 0.0, 0.0, 0.0, 0.0, 0.0, 0.0, 0.0, 0.9770351574481049, 0.9769704010825094, 0.0, 0.0, 0.0, 0.0, 0.0, 0.0, 0.0, 0.0, 0.0, 0.0, 0.0, 0.0, 0.0, 0.0, 0.0, 0.0], [0.0, 1.0085638594526363, 0.0, 0.996559847599811, 0.0, 0.0, 0.0, 0.0, 0.0, 0.0, 0.0, 0.0, 0.0, 0.0, 0.0, 0.0, 0.0, 0.0, 0.9731121477685688, 0.9729316216937128, 0.0, 0.0, 0.0, 0.0, 0.0, 0.0, 0.0, 0.0, 0.0, 0.0, 0.0, 0.0, 0.0, 0.0], [0.0, 0.0, 0.996559847599811, 0.0, 0.9818516926060328, 0.0, 0.0, 0.0, 0.0, 0.0, 0.0, 0.0, 0.0, 0.0, 0.0, 0.0, 0.0, 0.0, 0.0, 0.0, 0.9672875576586398, 0.9679078302130248, 0.0, 0.0, 0.0, 0.0, 0.0, 0.0, 0.0, 0.0, 0.0, 0.0, 0.0, 0.0], [0.0, 0.0, 0.0, 0.9818516926060328, 0.0, 0.9848415984399898, 0.0, 1.2097838989961078, 0.17049168236158654, 0.0, 0.0, 0.0, 0.0, 0.0, 0.0, 0.0, 0.0, 0.0, 0.0, 0.0, 0.0, 0.0, 0.0, 0.0, 0.0, 0.0, 0.0, 0.0, 0.0, 0.0, 0.0, 0.0, 0.0, 0.0], [0.0, 0.0, 0.0, 0.0, 0.9848415984399898, 0.0, 1.0112298739866954, 0.0, 0.0, 0.0, 0.0, 0.0, 0.0, 0.0, 0.0, 0.0, 0.0, 0.0, 0.0, 0.0, 0.0, 0.0, 0.9648980471910394, 0.969564925245302, 0.0, 0.0, 0.0, 0.0, 0.0, 0.0, 0.0, 0.0, 0.0, 0.0], [0.0, 0.0, 0.0, 0.0, 0.0, 1.0112298739866954, 0.0, 0.0, 0.0, 0.0, 0.0, 0.0, 0.0, 0.0, 0.0, 0.0, 0.0, 0.0, 0.0, 0.0, 0.0, 0.0, 0.0, 0.0, 0.9822563764447744, 0.9833159168759535, 0.9845391891762459, 0.0, 0.0, 0.0, 0.0, 0.0, 0.0, 0.0], [0.0, 0.0, 0.0, 0.0, 1.2097838989961078, 0.0, 0.0, 0.0, 1.6584590003714514, 1.0235020464398406, 0.0, 0.0, 0.0, 0.0, 0.0, 0.0, 0.0, 0.0, 0.0, 0.0, 0.0, 0.0, 0.0, 0.0, 0.0, 0.0, 0.0, 0.0, 0.0, 0.0, 0.0, 0.0, 0.0, 0.0], [0.0, 0.0, 0.0, 0.0, 0.17049168236158654, 0.0, 0.0, 1.6584590003714514, 0.0, 0.16090465517356659, 0.0, 0.0, 0.0, 0.0, 0.0, 0.0, 0.0, 0.0, 0.0, 0.0, 0.0, 0.0, 0.0, 0.0, 0.0, 0.0, 0.0, 0.0, 0.0, 0.0, 0.0, 0.0, 0.0, 0.0], [0.0, 0.0, 0.0, 0.0, 0.0, 0.0, 0.0, 1.0235020464398406, 0.16090465517356659, 0.0, 0.9814018437815109, 0.0, 0.0, 0.0, 0.0, 0.0, 0.0, 0.0, 0.0, 0.0, 0.0, 0.0, 0.0, 0.0, 0.0, 0.0, 0.0, 0.0, 0.0, 0.0, 0.0, 0.0, 0.0, 0.0], [0.0, 0.0, 0.0, 0.0, 0.0, 0.0, 0.0, 0.0, 0.0, 0.9814018437815109, 0.0, 1.0103726304316905, 0.0, 0.0, 0.0, 0.0, 0.0, 0.0, 0.0, 0.0, 0.0, 0.0, 0.0, 0.0, 0.0, 0.0, 0.0, 0.9726871085364788, 0.9727551076884661, 0.0, 0.0, 0.0, 0.0, 0.0], [0.0, 0.0, 0.0, 0.0, 0.0, 0.0, 0.0, 0.0, 0.0, 0.0, 1.0103726304316905, 0.0, 1.0154861121581165, 0.0, 0.0, 0.0, 0.0, 0.0, 0.0, 0.0, 0.0, 0.0, 0.0, 0.0, 0.0, 0.0, 0.0, 0.0, 0.0, 0.9772986435838734, 0.9772927648830306, 0.0, 0.0, 0.0], [0.0, 0.0, 0.0, 0.0, 0.0, 0.0, 0.0, 0.0, 0.0, 0.0, 0.0, 1.0154861121581165, 0.0, 0.0, 0.0, 0.0, 0.0, 0.0, 0.0, 0.0, 0.0, 0.0, 0.0, 0.0, 0.0, 0.0, 0.0, 0.0, 0.0, 0.0, 0.0, 0.9856026612563793, 0.9872385146020837, 0.987237499368616], [0.9876198237627598, 0.0, 0.0, 0.0, 0.0, 0.0, 0.0, 0.0, 0.0, 0.0, 0.0, 0.0, 0.0, 0.0, 0.0, 0.0, 0.0, 0.0, 0.0, 0.0, 0.0, 0.0, 0.0, 0.0, 0.0, 0.0, 0.0, 0.0, 0.0, 0.0, 0.0, 0.0, 0.0, 0.0], [0.9877592710948521, 0.0, 0.0, 0.0, 0.0, 0.0, 0.0, 0.0, 0.0, 0.0, 0.0, 0.0, 0.0, 0.0, 0.0, 0.0, 0.0, 0.0, 0.0, 0.0, 0.0, 0.0, 0.0, 0.0, 0.0, 0.0, 0.0, 0.0, 0.0, 0.0, 0.0, 0.0, 0.0, 0.0], [0.987204601631313, 0.0, 0.0, 0.0, 0.0, 0.0, 0.0, 0.0, 0.0, 0.0, 0.0, 0.0, 0.0, 0.0, 0.0, 0.0, 0.0, 0.0, 0.0, 0.0, 0.0, 0.0, 0.0, 0.0, 0.0, 0.0, 0.0, 0.0, 0.0, 0.0, 0.0, 0.0, 0.0, 0.0], [0.0, 0.9770351574481049, 0.0, 0.0, 0.0, 0.0, 0.0, 0.0, 0.0, 0.0, 0.0, 0.0, 0.0, 0.0, 0.0, 0.0, 0.0, 0.0, 0.0, 0.0, 0.0, 0.0, 0.0, 0.0, 0.0, 0.0, 0.0, 0.0, 0.0, 0.0, 0.0, 0.0, 0.0, 0.0], [0.0, 0.9769704010825094, 0.0, 0.0, 0.0, 0.0, 0.0, 0.0, 0.0, 0.0, 0.0, 0.0, 0.0, 0.0, 0.0, 0.0, 0.0, 0.0, 0.0, 0.0, 0.0, 0.0, 0.0, 0.0, 0.0, 0.0, 0.0, 0.0, 0.0, 0.0, 0.0, 0.0, 0.0, 0.0], [0.0, 0.0, 0.9731121477685688, 0.0, 0.0, 0.0, 0.0, 0.0, 0.0, 0.0, 0.0, 0.0, 0.0, 0.0, 0.0, 0.0, 0.0, 0.0, 0.0, 0.0, 0.0, 0.0, 0.0, 0.0, 0.0, 0.0, 0.0, 0.0, 0.0, 0.0, 0.0, 0.0, 0.0, 0.0], [0.0, 0.0, 0.9729316216937128, 0.0, 0.0, 0.0, 0.0, 0.0, 0.0, 0.0, 0.0, 0.0, 0.0, 0.0, 0.0, 0.0, 0.0, 0.0, 0.0, 0.0, 0.0, 0.0, 0.0, 0.0, 0.0, 0.0, 0.0, 0.0, 0.0, 0.0, 0.0, 0.0, 0.0, 0.0], [0.0, 0.0, 0.0, 0.9672875576586398, 0.0, 0.0, 0.0, 0.0, 0.0, 0.0, 0.0, 0.0, 0.0, 0.0, 0.0, 0.0, 0.0, 0.0, 0.0, 0.0, 0.0, 0.0, 0.0, 0.0, 0.0, 0.0, 0.0, 0.0, 0.0, 0.0, 0.0, 0.0, 0.0, 0.0], [0.0, 0.0, 0.0, 0.9679078302130248, 0.0, 0.0, 0.0, 0.0, 0.0, 0.0, 0.0, 0.0, 0.0, 0.0, 0.0, 0.0, 0.0, 0.0, 0.0, 0.0, 0.0, 0.0, 0.0, 0.0, 0.0, 0.0, 0.0, 0.0, 0.0, 0.0, 0.0, 0.0, 0.0, 0.0], [0.0, 0.0, 0.0, 0.0, 0.0, 0.9648980471910394, 0.0, 0.0, 0.0, 0.0, 0.0, 0.0, 0.0, 0.0, 0.0, 0.0, 0.0, 0.0, 0.0, 0.0, 0.0, 0.0, 0.0, 0.0, 0.0, 0.0, 0.0, 0.0, 0.0, 0.0, 0.0, 0.0, 0.0, 0.0], [0.0, 0.0, 0.0, 0.0, 0.0, 0.969564925245302, 0.0, 0.0, 0.0, 0.0, 0.0, 0.0, 0.0, 0.0, 0.0, 0.0, 0.0, 0.0, 0.0, 0.0, 0.0, 0.0, 0.0, 0.0, 0.0, 0.0, 0.0, 0.0, 0.0, 0.0, 0.0, 0.0, 0.0, 0.0], [0.0, 0.0, 0.0, 0.0, 0.0, 0.0, 0.9822563764447744, 0.0, 0.0, 0.0, 0.0, 0.0, 0.0, 0.0, 0.0, 0.0, 0.0, 0.0, 0.0, 0.0, 0.0, 0.0, 0.0, 0.0, 0.0, 0.0, 0.0, 0.0, 0.0, 0.0, 0.0, 0.0, 0.0, 0.0], [0.0, 0.0, 0.0, 0.0, 0.0, 0.0, 0.9833159168759535, 0.0, 0.0, 0.0, 0.0, 0.0, 0.0, 0.0, 0.0, 0.0, 0.0, 0.0, 0.0, 0.0, 0.0, 0.0, 0.0, 0.0, 0.0, 0.0, 0.0, 0.0, 0.0, 0.0, 0.0, 0.0, 0.0, 0.0], [0.0, 0.0, 0.0, 0.0, 0.0, 0.0, 0.9845391891762459, 0.0, 0.0, 0.0, 0.0, 0.0, 0.0, 0.0, 0.0, 0.0, 0.0, 0.0, 0.0, 0.0, 0.0, 0.0, 0.0, 0.0, 0.0, 0.0, 0.0, 0.0, 0.0, 0.0, 0.0, 0.0, 0.0, 0.0], [0.0, 0.0, 0.0, 0.0, 0.0, 0.0, 0.0, 0.0, 0.0, 0.0, 0.9726871085364788, 0.0, 0.0, 0.0, 0.0, 0.0, 0.0, 0.0, 0.0, 0.0, 0.0, 0.0, 0.0, 0.0, 0.0, 0.0, 0.0, 0.0, 0.0, 0.0, 0.0, 0.0, 0.0, 0.0], [0.0, 0.0, 0.0, 0.0, 0.0, 0.0, 0.0, 0.0, 0.0, 0.0, 0.9727551076884661, 0.0, 0.0, 0.0, 0.0, 0.0, 0.0, 0.0, 0.0, 0.0, 0.0, 0.0, 0.0, 0.0, 0.0, 0.0, 0.0, 0.0, 0.0, 0.0, 0.0, 0.0, 0.0, 0.0], [0.0, 0.0, 0.0, 0.0, 0.0, 0.0, 0.0, 0.0, 0.0, 0.0, 0.0, 0.9772986435838734, 0.0, 0.0, 0.0, 0.0, 0.0, 0.0, 0.0, 0.0, 0.0, 0.0, 0.0, 0.0, 0.0, 0.0, 0.0, 0.0, 0.0, 0.0, 0.0, 0.0, 0.0, 0.0], [0.0, 0.0, 0.0, 0.0, 0.0, 0.0, 0.0, 0.0, 0.0, 0.0, 0.0, 0.9772927648830306, 0.0, 0.0, 0.0, 0.0, 0.0, 0.0, 0.0, 0.0, 0.0, 0.0, 0.0, 0.0, 0.0, 0.0, 0.0, 0.0, 0.0, 0.0, 0.0, 0.0, 0.0, 0.0], [0.0, 0.0, 0.0, 0.0, 0.0, 0.0, 0.0, 0.0, 0.0, 0.0, 0.0, 0.0, 0.9856026612563793, 0.0, 0.0, 0.0, 0.0, 0.0, 0.0, 0.0, 0.0, 0.0, 0.0, 0.0, 0.0, 0.0, 0.0, 0.0, 0.0, 0.0, 0.0, 0.0, 0.0, 0.0], [0.0, 0.0, 0.0, 0.0, 0.0, 0.0, 0.0, 0.0, 0.0, 0.0, 0.0, 0.0, 0.9872385146020837, 0.0, 0.0, 0.0, 0.0, 0.0, 0.0, 0.0, 0.0, 0.0, 0.0, 0.0, 0.0, 0.0, 0.0, 0.0, 0.0, 0.0, 0.0, 0.0, 0.0, 0.0], [0.0, 0.0, 0.0, 0.0, 0.0, 0.0, 0.0, 0.0, 0.0, 0.0, 0.0, 0.0, 0.987237499368616, 0.0, 0.0, 0.0, 0.0, 0.0, 0.0, 0.0, 0.0, 0.0, 0.0, 0.0, 0.0, 0.0, 0.0, 0.0, 0.0, 0.0, 0.0, 0.0, 0.0, 0.0]], "Born radii": [], "Atomic SASAs": [], "Solvent H bonds": [], "Total SASA": NaN, "Total FOD": 0.0, "FOD": [0.0, 0.0, 0.0, 0.0, 0.0, 0.0, 0.0, 0.0, 0.0, 0.0, 0.0, 0.0, 0.0, 0.0, 0.0, 0.0, 0.0, 0.0, 0.0, 0.0, 0.0, 0.0, 0.0, 0.0, 0.0, 0.0, 0.0, 0.0, 0.0, 0.0, 0.0, 0.0, 0.0, 0.0], "FOD s proportion": [0.0, 0.0, 0.0, 0.0, 0.0, 0.0, 0.0, 0.0, 0.0, 0.0, 0.0, 0.0, 0.0, 0.0, 0.0, 0.0, 0.0, 0.0, 0.0, 0.0, 0.0, 0.0, 0.0, 0.0, 0.0, 0.0, 0.0, 0.0, 0.0, 0.0, 0.0, 0.0, 0.0, 0.0], "FOD p proportion": [0.0, 0.0, 0.0, 0.0, 0.0, 0.0, 0.0, 0.0, 0.0, 0.0, 0.0, 0.0, 0.0, 0.0, 0.0, 0.0, 0.0, 0.0, 0.0, 0.0, 0.0, 0.0, 0.0, 0.0, 0.0, 0.0, 0.0, 0.0, 0.0, 0.0, 0.0, 0.0, 0.0, 0.0], "FOD d proportion": [0.0, 0.0, 0.0, 0.0, 0.0, 0.0, 0.0, 0.0, 0.0, 0.0, 0.0, 0.0, 0.0, 0.0, 0.0, 0.0, 0.0, 0.0, 0.0, 0.0, 0.0, 0.0, 0.0, 0.0, 0.0, 0.0, 0.0, 0.0, 0.0, 0.0, 0.0, 0.0, 0.0, 0.0], "coordinates": [["-3.90690", "-0.77270", "-1.44800"], ["-2.62930", "-0.91120", "-0.63470"], ["-2.89800", "-0.73240", "0.86010"], ["-1.65120", "-0.92930", "1.72570"], ["-0.56820", "0.02120", "1.45940"], ["-0.73140", "1.38820", "1.97270"], ["-1.20600", "2.37970", "0.91880"], ["0.52800", "-0.44110", "0.72770"], ["0.60070", "-1.57620", "0.26890"], ["1.85550", "0.69080", "0.48780"], ["2.95230", "-0.33860", "-0.53080"], ["4.20990", "0.44590", "-0.89660"], ["5.14910", "-0.39230", "-1.75180"], ["-4.64340", "-1.52720", "-1.15400"], ["-4.35400", "0.21700", "-1.30980"], ["-3.69370", "-0.90340", "-2.51350"], ["-1.90800", "-0.16430", "-0.98390"], ["-2.19200", "-1.89920", "-0.81880"], ["-3.65140", "-1.46430", "1.17760"], ["-3.33340", "0.25510", "1.04540"], ["-1.29040", "-1.95660", "1.59900"], ["-1.92140", "-0.83620", "2.78440"], ["0.21680", "1.72990", "2.39980"], ["-1.44680", "1.36840", "2.80290"], ["-2.19350", "2.11430", "0.53310"], ["-1.27640", "3.38200", "1.35310"], ["-0.52560", "2.42940", "0.06450"], ["2.42190", "-0.64010", "-1.44050"], ["3.22360", "-1.24030", "0.02870"], ["4.74350", "0.75710", "0.00970"], ["3.94590", "1.35430", "-1.45180"], ["6.04500", "0.18280", "-2.00570"], ["4.66420", "-0.69570", "-2.68520"], ["5.46460", "-1.29490", "-1.21870"]], "bond_dist": [[0.0, 1.520822441970133, 2.5192913507571926, 3.896803528534637, 4.497796089197464, 5.143391638792441, 4.778517428031418, 4.9509561763360415, 4.8899709222039345, 6.252552090946544, 6.9338534228811035, 8.226267085379613, 9.069075730194339, 1.0945951306304993, 1.0947619558607251, 1.0944528221901573, 2.140359918331494, 2.146107383147451, 2.7271534921965794, 2.7572302497252568, 4.187111230908489, 4.675409314701763, 6.170370595839443, 5.3578495714232215, 3.8981105384532135, 5.659259982541887, 4.89635480229936, 6.330193397519541, 7.296802237966984, 8.90475139967422, 8.135761260017405, 10.013207435682135, 8.660274132497191, 9.388838244426196], [1.520822441970133, 0.0, 1.5292469290471047, 2.5550920492224938, 3.0826543400128403, 3.9607826915901363, 3.907578271768846, 3.4706874045353038, 3.4193007998712255, 4.892835710505718, 5.61185571179445, 6.977461476783659, 7.875320703311071, 2.169268839955066, 2.168682858326685, 2.159374363096867, 1.0954788633287273, 1.0960237679904574, 2.152914143666672, 2.163041495209928, 2.806230578551948, 3.4924192503191827, 4.927868166864856, 4.290917870339632, 3.2722054840733947, 4.920696443594139, 4.0092446532981745, 5.122248558006532, 5.899563100772802, 7.586610316208418, 7.002385143649271, 8.849856354201464, 7.579322710506526, 8.124007564004357], [2.5192913507571926, 1.5292469290471047, 0.0, 1.5305369025279987, 2.5209207623406176, 3.2293929274710442, 3.5428062464662107, 3.4409099741202183, 3.6472479446837727, 4.975928835905916, 6.0262501889649425, 7.415971156227619, 8.467201900864298, 2.78113771863243, 2.7802450197779334, 3.4703827526657633, 2.1686801539185074, 2.1629987170592586, 1.0973128177507088, 1.0950184929945248, 2.15151495695475, 2.160428774572307, 4.2585885478641865, 3.208397406806083, 2.950754164616226, 4.449822796471787, 4.032150835472304, 5.796776316195063, 6.198642991010209, 7.831622607097459, 7.519186505866176, 9.435446448366923, 8.352087632442563, 8.635444079490064], [3.896803528534637, 2.5550920492224938, 1.5305369025279987, 0.0, 1.465351473196789, 2.5055632680098103, 3.434934009555351, 2.4460694757099604, 2.7589489774187563, 4.056361092161298, 5.160710318357348, 6.566591622752248, 7.656726150255081, 4.195642661142628, 4.222960073218784, 4.705666127128018, 2.8272077037246484, 2.7762656393075935, 2.141830677247854, 2.166889081148364, 1.096163683032785, 1.0965953401323574, 3.318912389624047, 2.5458916885837857, 3.313590953935021, 4.343571513167476, 3.9124706375895015, 5.167069061857021, 5.1710932151722035, 6.832334085069319, 6.8292652328050645, 8.625056916333945, 7.706807700338708, 7.709589117456261], [4.497796089197464, 3.0826543400128403, 2.5209207623406176, 1.465351473196789, 0.0, 1.4692855849017237, 2.5023108220203185, 1.3966963234719278, 2.3098277468244253, 2.6956803241482477, 4.0600827984168015, 5.344281588763826, 6.570411477221194, 5.0827804556167875, 4.694580696931303, 5.138829615778286, 2.792702844915656, 3.3933549534347276, 3.4339836531352335, 2.805786208890478, 2.1101549327004405, 2.0789203928962747, 2.1024349811587513, 2.0956808082339258, 2.8072583404453533, 3.4362513834118715, 2.783341159470035, 4.217515347927023, 4.244529653565869, 5.554937964550099, 5.534378001184957, 7.467760494954294, 6.713394411920098, 6.730454268472522], [5.143391638792441, 3.9607826915901363, 3.2293929274710442, 2.5055632680098103, 1.4692855849017237, 0.0, 1.5228337466709885, 2.546065955547892, 3.6694811908497367, 3.0632248334067804, 4.776923296432548, 5.791136112197675, 7.184870266748036, 5.794786799356815, 5.026902271777322, 5.84402620545117, 3.5406394012946305, 4.553331019155097, 4.1587666753497965, 2.9856665754903045, 3.411718002707727, 2.650077781877355, 1.0946490487823026, 1.096093627387734, 2.1765582418120584, 2.1578154694041842, 2.1835013899697886, 5.070230371492009, 5.131293526002971, 5.8503150530548345, 5.797023783804928, 7.949858657863044, 7.426383438794418, 7.468231087078117], [4.778517428031418, 3.907578271768846, 3.5428062464662107, 3.434934009555351, 2.5023108220203185, 1.5228337466709885, 0.0, 3.316653109687536, 4.397235462196674, 3.5229144837761814, 5.175128398407136, 6.030525052596997, 7.429898005356467, 5.601436084612588, 4.4219716473537005, 5.3617236211875, 3.2534608173451236, 4.722333636032084, 4.563254825231657, 3.009282884675351, 4.390135885140687, 3.786063038302453, 2.154056842332625, 2.151870149428167, 1.0928668262876313, 1.0946131462758888, 1.0932715765078684, 5.277039600003016, 5.789476156786553, 6.233445581698778, 5.763094926339492, 8.121334302933231, 7.543616453664648, 7.910025017027443], [4.9509561763360415, 3.4706874045353038, 3.4409099741202183, 2.4460694757099604, 1.3966963234719278, 2.546065955547892, 3.316653109687536, 0.0, 1.2264724782888528, 1.7609673108834245, 2.733415261170538, 4.120862421872393, 5.244508261028864, 5.609258958186902, 5.330893532983002, 5.342457264218405, 2.9900315717396695, 3.4519730387127883, 4.326283926188849, 3.9365006909690745, 2.522396182204532, 3.2226819979638077, 2.7578986293915877, 3.388300507629157, 3.7382483290974666, 4.27353227787038, 3.1288460252943096, 2.885749374079461, 2.8971677548944244, 4.44090615640547, 4.4334773959049345, 6.1885390658862285, 5.368506124612321, 5.374706220808725], [4.8899709222039345, 3.4193007998712255, 3.6472479446837727, 2.7589489774187563, 2.3098277468244253, 3.6694811908497367, 4.397235462196674, 1.2264724782888528, 0.0, 2.6003325268126765, 2.775102954846901, 4.298092984103532, 5.115934935082736, 5.43393321821312, 5.500628329563814, 5.161034872968793, 3.1395135196396273, 3.0143977143038043, 4.349553047153237, 4.40837325438761, 2.3431025116285458, 3.6381765570131424, 3.9520135665252973, 4.391364413254724, 4.636501432114521, 5.4113529999437295, 4.165952761374041, 2.6674146678010153, 2.655207950424975, 4.761750242295369, 4.768542940983126, 6.15697073649047, 5.100394034778098, 5.094075643333145], [6.252552090946544, 4.892835710505718, 4.975928835905916, 4.056361092161298, 2.6956803241482477, 3.0632248334067804, 3.5229144837761814, 1.7609673108834245, 2.6003325268126765, 0.0, 1.8166399092830698, 2.7422142020637263, 4.12755553929926, 7.060505112950489, 6.481800864728876, 6.5071419202288805, 4.130499866844205, 4.979714832196719, 5.953673459302248, 5.236929965160886, 4.259128902721776, 4.676652025755177, 2.7241164622680873, 4.089500588091411, 4.292179555889991, 4.219016371146242, 2.978514740604787, 2.410486394900415, 2.4107296882894187, 2.9280572569538323, 2.927806784950127, 4.901787072078917, 4.458599212757298, 4.458783415910667], [6.9338534228811035, 5.61185571179445, 6.0262501889649425, 5.160710318357348, 4.0600827984168015, 4.776923296432548, 5.175128398407136, 2.733415261170538, 2.775102954846901, 1.8166399092830698, 0.0, 1.5266982838793002, 2.5138923863204643, 7.713352493565946, 7.368687267756721, 6.9584060193409245, 4.8844852533301815, 5.383515473182928, 6.91336999877773, 6.507450393203164, 5.01542374381268, 5.915328265616372, 4.511105059738689, 5.7774982042403105, 5.798953290034331, 5.939179005552871, 4.484639840611507, 1.0953449228439414, 1.0953112936512615, 2.168201139193502, 2.1682694412826096, 3.4658305296133562, 2.774808350138798, 2.7747733943513295], [8.226267085379613, 6.977461476783659, 7.415971156227619, 6.566591622752248, 5.344281588763826, 5.791136112197675, 6.030525052596997, 4.120862421872393, 4.298092984103532, 2.7422142020637263, 1.5266982838793002, 0.0, 1.5218550916562323, 9.074155567324159, 8.576917433437261, 8.179356274181973, 6.14887516054766, 6.818348074130567, 8.351718827283399, 7.79160724947042, 6.500255818042856, 7.265423669683689, 5.334768651966081, 6.821697837782029, 6.769869438179734, 6.616745498354913, 5.22330792793226, 2.161519652929392, 2.1615360788106224, 1.096792637648521, 1.09687446866084, 2.1603047076743596, 2.1699606010248207, 2.1698859739626872], [9.069075730194339, 7.875320703311071, 8.467201900864298, 7.656726150255081, 6.570411477221194, 7.184870266748036, 7.429898005356467, 5.244508261028864, 5.115934935082736, 4.12755553929926, 2.5138923863204643, 1.5218550916562323, 0.0, 9.876154064209409, 9.53286526181924, 8.89024869955841, 7.102416125516725, 7.552018658610425, 9.336989269030997, 8.955236504414609, 7.425769682665899, 8.412260570144033, 6.787274761640345, 8.20678093956455, 8.088113892002262, 8.072966911241492, 6.592659301829573, 2.756071909439229, 2.756235566855634, 2.142081690785858, 2.142032165958298, 1.094459697750447, 1.09472148512761, 1.0947249060837156], [1.0945951306304993, 2.169268839955066, 2.78113771863243, 4.195642661142628, 5.0827804556167875, 5.794786799356815, 5.601436084612588, 5.609258958186902, 5.43393321821312, 7.060505112950489, 7.713352493565946, 9.074155567324159, 9.876154064209409, 0.0, 1.7748970787062555, 1.771806078553745, 3.060856674200868, 2.5020201837715055, 2.5346358653660683, 3.1193033917847743, 4.359587407083381, 4.8371230664517935, 6.845417364193363, 5.853187894643397, 4.702003686727606, 6.459294392578806, 5.839152562658386, 7.126534413724527, 7.960576606000346, 9.730679102200423, 9.064645695227144, 10.857780042439614, 9.469286322104745, 10.110875994690074], [1.0947619558607251, 2.168682858326685, 2.7802450197779334, 4.222960073218784, 4.694580696931303, 5.026902271777322, 4.4219716473537005, 5.330893532983002, 5.500628329563814, 6.481800864728876, 7.368687267756721, 8.576917433437261, 9.53286526181924, 1.7748970787062555, 0.0, 1.772056979896527, 2.4969013797104607, 3.064902517209968, 3.083435617943076, 2.567107907743654, 4.750926158129592, 4.877422130593168, 6.078010464782041, 5.166414142323474, 3.4152288283510375, 5.155568171404584, 4.630341327591304, 6.831143660471502, 7.83168738523187, 9.208544646685489, 8.378660710399963, 10.422314879622473, 9.168024743094882, 9.934739391649888], [1.0944528221901573, 2.159374363096867, 3.4703827526657633, 4.705666127128018, 5.138829615778286, 5.84402620545117, 5.3617236211875, 5.342457264218405, 5.161034872968793, 6.5071419202288805, 6.9584060193409245, 8.179356274181973, 8.89024869955841, 1.771806078553745, 1.772056979896527, 0.0, 2.46468445444848, 2.473606399571282, 3.7337136084600813, 3.7600143018345027, 4.878292465607203, 5.586887106430557, 6.809316854868777, 6.202720678057331, 4.543003950031301, 6.257682319357543, 5.271669322899531, 6.214597271746578, 7.37735194632871, 8.96159262240814, 8.036660023915408, 9.8122356764399, 8.362243274983095, 9.257658352952976], [2.140359918331494, 1.0954788633287273, 2.1686801539185074, 2.8272077037246484, 2.792702844915656, 3.5406394012946305, 3.2534608173451236, 2.9900315717396695, 3.1395135196396273, 4.130499866844205, 4.8844852533301815, 6.14887516054766, 7.102416125516725, 3.060856674200868, 2.4969013797104607, 2.46468445444848, 0.0, 1.7657270513870487, 3.0661907654286615, 2.515098409605477, 3.2039259448370525, 3.8277557471709187, 4.421786332467909, 4.111171240656366, 2.752238581591356, 4.293801491685428, 3.1204890658356743, 4.379829130228713, 5.340079898278677, 6.788127221111874, 6.06574163478795, 8.025880802130068, 6.809597674606041, 7.462480697462474], [2.146107383147451, 1.0960237679904574, 2.1629987170592586, 2.7762656393075935, 3.3933549534347276, 4.553331019155097, 4.722333636032084, 3.4519730387127883, 3.0143977143038043, 4.979714832196719, 5.383515473182928, 6.818348074130567, 7.552018658610425, 2.5020201837715055, 3.064902517209968, 2.473606399571282, 1.7657270513870487, 0.0, 2.5108961209098237, 3.0690461205397352, 2.5810722887978166, 3.766463009243553, 5.415908992034486, 4.934495282194522, 4.235070024214476, 5.783298921031144, 4.721640161003378, 4.822853606527986, 5.520971727875446, 7.472851008149433, 6.9756553570256035, 8.57855609120789, 7.206895285072484, 7.690814135057484], [2.7271534921965794, 2.152914143666672, 1.0973128177507088, 2.141830677247854, 3.4339836531352335, 4.1587666753497965, 4.563254825231657, 4.326283926188849, 4.349553047153237, 5.953673459302248, 6.91336999877773, 8.351718827283399, 9.336989269030997, 2.5346358653660683, 3.083435617943076, 3.7337136084600813, 3.0661907654286615, 2.5108961209098237, 0.0, 1.7535498852328095, 2.448317432442125, 2.4431978736893174, 5.163299112001938, 3.940310969961635, 3.9175541629950694, 5.399819343274365, 5.115712749949903, 6.664737514711288, 6.973935202595447, 8.762017711691753, 8.519226350438167, 10.337625948930441, 9.201150643261961, 9.427216240757396], [2.7572302497252568, 2.163041495209928, 1.0950184929945248, 2.166889081148364, 2.805786208890478, 2.9856665754903045, 3.009282884675351, 3.9365006909690745, 4.40837325438761, 5.236929965160886, 6.507450393203164, 7.79160724947042, 8.955236504414609, 3.1193033917847743, 2.567107907743654, 3.7600143018345027, 2.515098409605477, 3.0690461205397352, 1.7535498852328095, 0.0, 3.0613622539647283, 2.491746513993749, 4.075948287208758, 2.80846981468557, 2.2401892643256733, 3.7554536210689653, 3.684221239285176, 6.3328161144944035, 6.8017754336643605, 8.15849202365241, 7.773831550143083, 9.862495883902815, 8.875978974738505, 9.215934722533575], [4.187111230908489, 2.806230578551948, 2.15151495695475, 1.096163683032785, 2.1101549327004405, 3.411718002707727, 4.390135885140687, 2.522396182204532, 2.3431025116285458, 4.259128902721776, 5.01542374381268, 6.500255818042856, 7.425769682665899, 4.359587407083381, 4.750926158129592, 4.878292465607203, 3.2039259448370525, 2.5810722887978166, 2.448317432442125, 3.0613622539647283, 0.0, 1.7488940276643408, 4.062414888954598, 3.5396978924761364, 4.303946936243522, 5.344278507899826, 4.709204316017727, 4.975229018849283, 4.832713914561878, 6.804262736696754, 6.905669926951331, 8.448608619766926, 7.443218363718748, 7.348966266081237], [4.675409314701763, 3.4924192503191827, 2.160428774572307, 1.0965953401323574, 2.0789203928962747, 2.650077781877355, 3.786063038302453, 3.2226819979638077, 3.6381765570131424, 4.676652025755177, 5.915328265616372, 7.265423669683689, 8.412260570144033, 4.8371230664517935, 4.877422130593168, 5.586887106430557, 3.8277557471709187, 3.766463009243553, 2.4431978736893174, 2.491746513993749, 1.7488940276643408, 0.0, 3.3622441330159236, 2.255182602362833, 3.7212686479210286, 4.500872796469592, 4.473282576587354, 6.062383203823393, 5.850487526693822, 7.393135802215458, 7.561011174439567, 9.351307286684573, 8.561915192875949, 8.413573040034775], [6.170370595839443, 4.927868166864856, 4.2585885478641865, 3.318912389624047, 2.1024349811587513, 1.0946490487823026, 2.154056842332625, 2.7578986293915877, 3.9520135665252973, 2.7241164622680873, 4.511105059738689, 5.334768651966081, 6.787274761640345, 6.845417364193363, 6.078010464782041, 6.809316854868777, 4.421786332467909, 5.415908992034486, 5.163299112001938, 4.075948287208758, 4.062414888954598, 3.3622441330159236, 0.0, 1.7494961617562927, 3.07276395774228, 2.4606221855457617, 2.5483492892458837, 5.0226755917538615, 4.846137584716306, 5.210559541930214, 5.374205497559616, 7.467922328198117, 7.177752233115879, 7.055661707451683], [5.3578495714232215, 4.290917870339632, 3.208397406806083, 2.5458916885837857, 2.0956808082339258, 1.096093627387734, 2.151870149428167, 3.388300507629157, 4.391364413254724, 4.089500588091411, 5.7774982042403105, 6.821697837782029, 8.20678093956455, 5.853187894643397, 5.166414142323474, 6.202720678057331, 4.111171240656366, 4.934495282194522, 3.940310969961635, 2.80846981468557, 3.5396978924761364, 2.255182602362833, 1.7494961617562927, 0.0, 2.5031819230731114, 2.487074819944105, 3.0778507111294404, 6.083367118627644, 6.026121264130021, 6.818758539499695, 6.869052641376393, 8.980832286597941, 8.469006519067038, 8.428160143827359], [3.8981105384532135, 3.2722054840733947, 2.950754164616226, 3.313590953935021, 2.8072583404453533, 2.1765582418120584, 1.0928668262876313, 3.7382483290974666, 4.636501432114521, 4.292179555889991, 5.798953290034331, 6.769869438179734, 8.088113892002262, 4.702003686727606, 3.4152288283510375, 4.543003950031301, 2.752238581591356, 4.235070024214476, 3.9175541629950694, 2.2401892643256733, 4.303946936243522, 3.7212686479210286, 3.07276395774228, 2.5031819230731114, 0.0, 1.7665038069588188, 1.7608987421200573, 5.725708120398734, 6.391614266364953, 7.08787051236124, 6.496896210499288, 8.834539033814952, 8.07970322351013, 8.563757556703715], [5.659259982541887, 4.920696443594139, 4.449822796471787, 4.343571513167476, 3.4362513834118715, 2.1578154694041842, 1.0946131462758888, 4.27353227787038, 5.4113529999437295, 4.219016371146242, 5.939179005552871, 6.616745498354913, 8.072966911241492, 6.459294392578806, 5.155568171404584, 6.257682319357543, 4.293801491685428, 5.783298921031144, 5.399819343274365, 3.7554536210689653, 5.344278507899826, 4.500872796469592, 2.4606221855457617, 2.487074819944105, 1.7665038069588188, 0.0, 1.7696432860890359, 6.136685771652317, 6.585566995331534, 6.70328423834168, 6.265097652072153, 8.667140015022255, 8.259917223556178, 8.598175960632581], [4.89635480229936, 4.0092446532981745, 4.032150835472304, 3.9124706375895015, 2.783341159470035, 2.1835013899697886, 1.0932715765078684, 3.1288460252943096, 4.165952761374041, 2.978514740604787, 4.484639840611507, 5.22330792793226, 6.592659301829573, 5.839152562658386, 4.630341327591304, 5.271669322899531, 3.1204890658356743, 4.721640161003378, 5.115712749949903, 3.684221239285176, 4.709204316017727, 4.473282576587354, 2.5483492892458837, 3.0778507111294404, 1.7608987421200573, 1.7696432860890359, 0.0, 4.5138244870619415, 5.246377833324626, 5.528381783126053, 4.8424495815650985, 7.246083353094967, 6.652903436846201, 7.169345072599031], [6.330193397519541, 5.122248558006532, 5.796776316195063, 5.167069061857021, 4.217515347927023, 5.070230371492009, 5.277039600003016, 2.885749374079461, 2.6674146678010153, 2.410486394900415, 1.0953449228439414, 2.161519652929392, 2.756071909439229, 7.126534413724527, 6.831143660471502, 6.214597271746578, 4.379829130228713, 4.822853606527986, 6.664737514711288, 6.3328161144944035, 4.975229018849283, 6.062383203823393, 5.0226755917538615, 6.083367118627644, 5.725708120398734, 6.136685771652317, 4.5138244870619415, 0.0, 1.778063994911319, 3.0732839829732628, 2.5100468222724452, 3.758120415846198, 2.565205399183465, 3.120253446436683], [7.296802237966984, 5.899563100772802, 6.198642991010209, 5.1710932151722035, 4.244529653565869, 5.131293526002971, 5.789476156786553, 2.8971677548944244, 2.655207950424975, 2.4107296882894187, 1.0953112936512615, 2.1615360788106224, 2.756235566855634, 7.960576606000346, 7.83168738523187, 7.37735194632871, 5.340079898278677, 5.520971727875446, 6.973935202595447, 6.8017754336643605, 4.832713914561878, 5.850487526693822, 4.846137584716306, 6.026121264130021, 6.391614266364953, 6.585566995331534, 5.246377833324626, 1.778063994911319, 0.0, 2.50999278285815, 3.0733608151338165, 3.758230292305143, 3.1204439956519012, 2.565359413415594], [8.90475139967422, 7.586610316208418, 7.831622607097459, 6.832334085069319, 5.554937964550099, 5.8503150530548345, 6.233445581698778, 4.44090615640547, 4.761750242295369, 2.9280572569538323, 2.168201139193502, 1.096792637648521, 2.142081690785858, 9.730679102200423, 9.208544646685489, 8.96159262240814, 6.788127221111874, 7.472851008149433, 8.762017711691753, 8.15849202365241, 6.804262736696754, 7.393135802215458, 5.210559541930214, 6.818758539499695, 7.08787051236124, 6.70328423834168, 5.528381783126053, 3.0732839829732628, 2.50999278285815, 0.0, 1.7688402556477507, 2.466892762160528, 3.06258099321471, 2.4979302972661186], [8.135761260017405, 7.002385143649271, 7.519186505866176, 6.8292652328050645, 5.534378001184957, 5.797023783804928, 5.763094926339492, 4.4334773959049345, 4.768542940983126, 2.927806784950127, 2.1682694412826096, 1.09687446866084, 2.142032165958298, 9.064645695227144, 8.378660710399963, 8.036660023915408, 6.06574163478795, 6.9756553570256035, 8.519226350438167, 7.773831550143083, 6.905669926951331, 7.561011174439567, 5.374205497559616, 6.869052641376393, 6.496896210499288, 6.265097652072153, 4.8424495815650985, 2.5100468222724452, 3.0733608151338165, 1.7688402556477507, 0.0, 2.4668681095672707, 2.4979452455968687, 3.0625228064456924], [10.013207435682135, 8.849856354201464, 9.435446448366923, 8.625056916333945, 7.467760494954294, 7.949858657863044, 8.121334302933231, 6.1885390658862285, 6.15697073649047, 4.901787072078917, 3.4658305296133562, 2.1603047076743596, 1.094459697750447, 10.857780042439614, 10.422314879622473, 9.8122356764399, 8.025880802130068, 8.57855609120789, 10.337625948930441, 9.862495883902815, 8.448608619766926, 9.351307286684573, 7.467922328198117, 8.980832286597941, 8.834539033814952, 8.667140015022255, 7.246083353094967, 3.758120415846198, 3.758230292305143, 2.466892762160528, 2.4668681095672707, 0.0, 1.7720302311190967, 1.7719566727208655], [8.660274132497191, 7.579322710506526, 8.352087632442563, 7.706807700338708, 6.713394411920098, 7.426383438794418, 7.543616453664648, 5.368506124612321, 5.100394034778098, 4.458599212757298, 2.774808350138798, 2.1699606010248207, 1.09472148512761, 9.469286322104745, 9.168024743094882, 8.362243274983095, 6.809597674606041, 7.206895285072484, 9.201150643261961, 8.875978974738505, 7.443218363718748, 8.561915192875949, 7.177752233115879, 8.469006519067038, 8.07970322351013, 8.259917223556178, 6.652903436846201, 2.565205399183465, 3.1204439956519012, 3.06258099321471, 2.4979452455968687, 1.7720302311190967, 0.0, 1.7749093075422193], [9.388838244426196, 