{"total energy": -26.18870039, "HOMO-LUMO gap/eV": 3.85681683, "electronic energy": -26.53150262, "dipole": [-0.18353357, -1.11386896, 0.67485869], "partial charges": [-0.10105489, -0.05162178, -0.05813581, -0.05484087, -0.08361985, 0.23399565, -0.3659662, -0.13636621, 0.03264891, 0.03117627, 0.0371723, 0.02807706, 0.03114267, 0.02574254, 0.02925512, 0.04848734, 0.04507792, 0.05633567, 0.05669088, 0.06861293, 0.06360726, 0.06358309], "atomic dipole moments": [[-0.03102661, -0.09009495, -0.04034105], [-0.06568018, 0.06005293, 0.06965324], [0.01615142, 0.09080524, -0.06212659], [-0.04246938, -0.10850385, 0.06463163], [0.01633742, 0.07040832, -0.04217562], [0.00174945, 0.01561511, -0.00931742], [-0.03076311, -0.13650029, 0.08203144], [0.07938487, 0.00762131, -0.00993133], [-0.00494713, -0.00106082, 0.12600945], [0.1190155, 0.02009347, -0.03185449], [-0.06562371, 0.09976281, -0.04282173], [0.07764558, -0.08687929, 0.03186555], [0.00880606, 0.00622617, -0.12401286], [-0.01942088, -0.11224849, -0.04088032], [-0.00406514, -0.01179701, 0.12311203], [0.01667208, 0.11746551, 0.04766448], [0.00790475, 0.01608517, -0.1266325], [-0.01812669, -0.11730267, -0.05617802], [-0.00619994, -0.00849857, 0.13091597], [-0.08466229, 0.09119777, -0.04771134], [-0.02777244, -0.11695321, -0.06134978], [-0.0146288, -0.00234869, 0.13409836]], "atomic quadrupole moments": [[-0.07007367, 0.09340188, 0.13656048, 0.03421631, 0.1258075, -0.06648681], [0.08781234, 0.15246812, 0.05300544, -0.05222628, 0.08705584, -0.14081778], [0.21038236, -0.05862052, -0.04997946, -0.01626065, -0.09511648, -0.16040289], [0.23923017, -0.03094878, -0.05144317, -0.00917513, -0.11971323, -0.187787], [0.18913979, -0.02827182, -0.0189903, -0.01148403, -0.12820751, -0.17014948], [-0.28515722, 0.03080798, -0.09240655, 0.04339629, 0.42089278, 0.37756377], [-0.1316471, 0.01518798, -0.0341472, 0.01812882, 0.17862234, 0.1657943], [0.16502596, 0.09972217, -0.06201144, -0.07882357, -0.05180887, -0.10301452], [-0.05041818, 0.00746757, -0.02880985, -0.01324547, -0.01188431, 0.07922804], [0.06938891, 0.01462891, -0.02952984, -0.03732943, 0.00641403, -0.03985907], [0.00344252, -0.04953085, 0.02119842, 0.03760541, -0.0227378, -0.02464094], [0.0132362, -0.0251396, 0.02338016, 0.02623519, -0.02461288, -0.03661637], [-0.03148762, 0.01445207, -0.02370821, 0.00898999, -0.01311321, 0.05519582], [-0.00908295, 0.01304048, 0.03474145, 0.01117944, 0.04076827, -0.0256585], [-0.0197573, -0.00906396, -0.03901175, -0.00076392, 0.00840237, 0.05876906], [-0.01440212, 0.0089303, 0.02685821, 0.00839351, 0.03932786, -0.01245608], [-0.01791149, -0.00353939, -0.03655477, -0.00259366, 0.0043005, 0.05446626], [-0.00651298, 0.0194725, 0.03921465, -0.00696317, 0.04437172, -0.03270167], [-0.00717423, 0.01187168, -0.054771, -0.00730929, -0.00900513, 0.06194523], [0.01117318, -0.04661637, 0.01817814, 0.02327291, -0.03635565, -0.02935131], [-0.03034715, 0.01178218, 0.06698731, 0.01309494, 0.04573427, -0.03664016], [-0.03347669, -0.00875787, -0.05010049, -0.00635456, -0.01891783, 0.08357717]], "number of molecular orbitals": 46, "number of electrons": 48, "number of unpaired electrons": 0, "orbital energies/eV": [-19.09477137, -17.42553379, -17.10894219, -16.82954515, -16.25297452, -15.67929058, -15.33720245, -15.0460279, -14.80701758, -14.52623156, -14.0944643, -13.94695283, -13.5757787, -13.39338099, -13.07688893, -12.95915156, -12.80172318, -12.57621953, -12.41982499, -12.06865765, -11.78163636, -11.56826367, -11.4928002, -10.73769123, -6.8808744, 1.09813109, 2.63850784, 2.91046813, 3.17630638, 3.39635923, 3.76204822, 3.87540633, 3.93766051, 4.45341824, 4.6183717, 4.75134674, 5.03521723, 5.66234988, 5.7579961, 6.13011638, 6.53348229, 7.16178731, 7.21347414, 7.90333591, 8.14033429, 15.14306491], "fractional occupation": [2.0, 2.0, 2.0, 2.0, 2.0, 2.0, 2.0, 2.0, 2.0, 2.0, 2.0, 2.0, 2.0, 2.0, 2.0, 2.0, 2.0, 2.0, 2.0, 2.0, 2.0, 2.0, 2.0, 2.0, 0.0, 0.0, 0.0, 0.0, 0.0, 0.0, 0.0, 0.0, 0.0, 0.0, 0.0, 0.0, 0.0, 0.0, 0.0, 0.0, 0.0, 0.0, 0.0, 0.0, 0.0, 0.0], "program call": "xtb /home/svss/Project-DBcg-Debug/aqme2_20220329/End-to-End-workflows-final/example-3/QDESCP/mol_758_rdkit_conf_5/mol_758_rdkit_conf_5.xyz --pop --wbo --acc 0.2 --gfn 2 --chrg 0 --uhf 0 --etemp 300 --input /home/svss/Project-DBcg-Debug/aqme2_20220329/End-to-End-workflows-final/example-3/QDESCP/mol_758_rdkit_conf_5/mol_758_rdkit_conf_5_xtb.inp", "method": "GFN2-xTB", "xtb version": "6.3.3 (7355c4f)", "Dipole module/D": 3.343, "Total charge": 0, "Transition dipole module/D": NaN, "HOMO": -10.7377, "LUMO": -6.8809, "HOMO occupancy": 2.0, "LUMO occupancy": 0, "mulliken charges": [-0.0856, -0.03767, -0.05016, -0.03532, -0.08455, 0.39814, -0.49359, -0.12684, 0.02661, 0.02935, 0.03104, 0.02359, 0.02482, 0.02183, 0.02192, 0.03871, 0.03824, 0.04504, 0.04501, 0.06428, 0.05261, 0.05256], "cm5 charges": [-0.23605, -0.15005, -0.16054, -0.14376, -0.18683, 0.41328, -0.5442, -0.26859, 0.07802, 0.08012, 0.0828, 0.0778, 0.07942, 0.07676, 0.07713, 0.09673, 0.09571, 0.1015, 0.10148, 0.11895, 0.10518, 0.10513], "FUKUI+": [0.009, 0.007, 0.006, 0.015, 0.031, -0.194, -0.297, 0.051, -0.009, -0.022, 0.004, -0.025, -0.012, -0.017, -0.019, -0.022, -0.022, -0.096, -0.096, -0.077, -0.107, -0.107], "FUKUI-": [0.019, 0.003, 0.002, -0.001, -0.009, -0.032, -0.156, -0.0, -0.055, -0.068, -0.078, -0.111, -0.066, -0.044, -0.045, -0.034, -0.034, -0.059, -0.055, -0.056, -0.061, -0.06], "FUKUIrad": [0.014, 0.005, 0.004, 0.007, 0.011, -0.113, -0.227, 0.025, -0.032, -0.045, -0.037, -0.068, -0.039, -0.03, -0.032, -0.028, -0.028, -0.078, -0.076, -0.066, -0.084, -0.084], "s proportion": [1.007, 1.027, 1.033, 1.028, 1.042, 1.075, 1.739, 1.022, 0.973, 0.971, 0.969, 0.976, 0.975, 0.978, 0.978, 0.961, 0.962, 0.955, 0.955, 0.936, 0.947, 0.947], "p proportion": [3.078, 3.011, 3.017, 3.007, 3.043, 2.527, 4.754, 3.105, 0.0, 0.0, 0.0, 0.0, 0.0, 0.0, 0.0, 0.0, 0.0, 0.0, 0.0, 0.0, 0.0, 0.0], "d proportion": [0.0, 0.0, 0.0, 0.0, 0.0, 0.0, 0.0, 0.0, 0.0, 0.0, 0.0, 0.0, 0.0, 0.0, 0.0, 0.0, 0.0, 0.0, 0.0, 0.0, 0.0, 0.0], "Fermi-level/eV": -8.8093, "Coordination numbers": [3.749, 3.799, 3.801, 3.801, 3.802, 2.81, 0.857, 3.751, 0.924, 0.924, 0.924, 0.924, 0.924, 0.924, 0.924, 0.924, 0.924, 0.924, 0.924, 0.924, 0.924, 0.924], "Dispersion coefficient C6": [22.495, 21.502, 21.62, 21.56, 22.094, 23.104, 21.013, 23.187, 2.549, 2.57, 2.487, 2.614, 2.57, 2.648, 2.597, 2.339, 2.382, 2.243, 2.238, 2.101, 2.157, 2.158], "Total dispersion C6": 3497.985508, "Total dispersion C8": 74485.55906, "Polarizability alpha": [6.764, 6.602, 6.62, 6.611, 6.692, 7.875, 6.146, 6.867, 2.497, 2.507, 2.466, 2.528, 2.507, 2.545, 2.52, 2.392, 2.414, 2.342, 2.34, 2.267, 2.297, 2.297], "Total polarizability alpha": 88.096272, "Wiberg matrix": [[0.0, 1.021169587322761, 0.0, 0.0, 0.0, 0.0, 0.0, 0.0, 0.9874217990109667, 0.9872258918412103, 0.9858705121593712, 0.0, 0.0, 0.0, 0.0, 0.0, 0.0, 0.0, 0.0, 0.0, 0.0, 0.0], [1.021169587322761, 0.0, 1.0069909979793086, 0.0, 0.0, 0.0, 0.0, 0.0, 0.0, 0.0, 0.0, 0.9780173976447876, 0.9777279414311023, 0.0, 0.0, 0.0, 0.0, 0.0, 0.0, 0.0, 0.0, 0.0], [0.0, 1.0069909979793086, 0.0, 1.0077089629768596, 0.0, 0.0, 0.0, 0.0, 0.0, 0.0, 0.0, 0.0, 0.0, 0.9772286040648424, 0.9770767854896381, 0.0, 0.0, 0.0, 0.0, 0.0, 0.0, 0.0], [0.0, 0.0, 1.0077089629768596, 0.0, 1.0074152334054562, 0.0, 0.0, 0.0, 0.0, 0.0, 0.0, 0.0, 0.0, 0.0, 0.0, 0.9741678939705153, 0.975889601744385, 0.0, 0.0, 0.0, 0.0, 0.0], [0.0, 0.0, 0.0, 1.0074152334054562, 0.0, 0.9927139644879412, 0.0, 0.0, 0.0, 0.0, 0.0, 0.0, 0.0, 0.0, 0.0, 0.0, 0.0, 0.9516300410238605, 0.9521064664433743, 0.0, 0.0, 0.0], [0.0, 0.0, 0.0, 0.0, 0.9927139644879412, 0.0, 1.8571317852796996, 1.0077353436286756, 0.0, 0.0, 0.0, 0.0, 0.0, 0.0, 0.0, 0.0, 0.0, 0.0, 0.0, 0.0, 0.0, 0.0], [0.0, 0.0, 0.0, 0.0, 0.0, 1.8571317852796996, 0.0, 0.0, 0.0, 0.0, 0.0, 0.0, 0.0, 0.0, 0.0, 0.0, 0.0, 0.0, 0.0, 0.0, 0.0, 0.0], [0.0, 0.0, 0.0, 0.0, 0.0, 1.0077353436286756, 0.0, 0.0, 0.0, 0.0, 0.0, 0.0, 0.0, 0.0, 0.0, 0.0, 0.0, 0.0, 0.0, 0.9828426849899886, 0.9632624689856315, 0.9633208677620326], [0.9874217990109667, 0.0, 0.0, 0.0, 0.0, 0.0, 0.0, 0.0, 0.0, 0.0, 0.0, 0.0, 0.0, 0.0, 0.0, 0.0, 0.0, 0.0, 0.0, 0.0, 0.0, 0.0], [0.9872258918412103, 0.0, 0.0, 0.0, 0.0, 0.0, 0.0, 0.0, 0.0, 0.0, 0.0, 0.0, 0.0, 0.0, 0.0, 0.0, 0.0, 0.0, 0.0, 0.0, 0.0, 0.0], [0.9858705121593712, 0.0, 0.0, 0.0, 0.0, 0.0, 0.0, 0.0, 0.0, 0.0, 0.0, 0.0, 0.0, 0.0, 0.0, 0.0, 0.0, 0.0, 0.0, 0.0, 0.0, 0.0], [0.0, 0.9780173976447876, 0.0, 0.0, 0.0, 0.0, 0.0, 0.0, 0.0, 0.0, 0.0, 0.0, 0.0, 0.0, 0.0, 0.0, 0.0, 0.0, 0.0, 0.0, 0.0, 0.0], [0.0, 0.9777279414311023, 0.0, 0.0, 0.0, 0.0, 0.0, 0.0, 0.0, 0.0, 0.0, 0.0, 0.0, 0.0, 0.0, 0.0, 0.0, 0.0, 0.0, 0.0, 0.0, 0.0], [0.0, 0.0, 0.9772286040648424, 0.0, 0.0, 0.0, 0.0, 0.0, 0.0, 0.0, 0.0, 0.0, 0.0, 0.0, 0.0, 0.0, 0.0, 0.0, 0.0, 0.0, 0.0, 0.0], [0.0, 0.0, 0.9770767854896381, 0.0, 0.0, 0.0, 0.0, 0.0, 0.0, 0.0, 0.0, 0.0, 0.0, 0.0, 0.0, 0.0, 0.0, 0.0, 0.0, 0.0, 0.0, 0.0], [0.0, 0.0, 0.0, 0.9741678939705153, 0.0, 0.0, 0.0, 0.0, 0.0, 0.0, 0.0, 0.0, 0.0, 0.0, 0.0, 0.0, 0.0, 0.0, 0.0, 0.0, 0.0, 0.0], [0.0, 0.0, 0.0, 0.975889601744385, 0.0, 0.0, 0.0, 0.0, 0.0, 0.0, 0.0, 0.0, 0.0, 0.0, 0.0, 0.0, 0.0, 0.0, 0.0, 0.0, 0.0, 0.0], [0.0, 0.0, 0.0, 0.0, 0.9516300410238605, 0.0, 0.0, 0.0, 0.0, 0.0, 0.0, 0.0, 0.0, 0.0, 0.0, 0.0, 0.0, 0.0, 0.0, 0.0, 0.0, 0.0], [0.0, 0.0, 0.0, 0.0, 0.9521064664433743, 0.0, 0.0, 0.0, 0.0, 0.0, 0.0, 0.0, 0.0, 0.0, 0.0, 0.0, 0.0, 0.0, 0.0, 0.0, 0.0, 0.0], [0.0, 0.0, 0.0, 0.0, 0.0, 0.0, 0.0, 0.9828426849899886, 0.0, 0.0, 0.0, 0.0, 0.0, 0.0, 0.0, 0.0, 0.0, 0.0, 0.0, 0.0, 0.0, 0.0], [0.0, 0.0, 0.0, 0.0, 0.0, 0.0, 0.0, 0.9632624689856315, 0.0, 0.0, 0.0, 0.0, 0.0, 0.0, 0.0, 0.0, 0.0, 0.0, 0.0, 0.0, 0.0, 0.0], [0.0, 0.0, 0.0, 0.0, 0.0, 0.0, 0.0, 0.9633208677620326, 0.0, 0.0, 0.0, 0.0, 0.0, 0.0, 0.0, 0.0, 0.0, 0.0, 0.0, 0.0, 0.0, 0.0]], "Born radii": [], "Atomic SASAs": [], "Solvent H bonds": [], "Total SASA": NaN, "Total FOD": 0.0, "FOD": [0.0, 0.0, 0.0, 0.0, 0.0, 0.0, 0.0, 0.0, 0.0, 0.0, 0.0, 0.0, 0.0, 0.0, 0.0, 0.0, 0.0, 0.0, 0.0, 0.0, 0.0, 0.0], "FOD s proportion": [0.0, 0.0, 0.0, 0.0, 0.0, 0.0, 0.0, 0.0, 0.0, 0.0, 0.0, 0.0, 0.0, 0.0, 0.0, 0.0, 0.0, 0.0, 0.0, 0.0, 0.0, 0.0], "FOD p proportion": [0.0, 0.0, 0.0, 0.0, 0.0, 0.0, 0.0, 0.0, 0.0, 0.0, 0.0, 0.0, 0.0, 0.0, 0.0, 0.0, 0.0, 0.0, 0.0, 0.0, 0.0, 0.0], "FOD d proportion": [0.0, 0.0, 0.0, 0.0, 0.0, 0.0, 0.0, 0.0, 0.0, 0.0, 0.0, 0.0, 0.0, 0.0, 0.0, 0.0, 0.0, 0.0, 0.0, 0.0, 0.0, 0.0], "coordinates": [["3.06790", "0.85510", "0.46930"], ["2.59100", "-0.45710", "-0.13360"], ["1.18370", "-0.85910", "0.31280"], ["0.09530", "0.09720", "-0.17860"], ["-1.29610", "-0.40580", "0.20230"], ["-2.40050", "0.52410", "-0.26870"], ["-2.17980", "1.56100", "-0.89240"], ["-3.80800", "0.10690", "0.07050"], ["3.00730", "0.83100", "1.56190"], ["4.11110", "1.03820", "0.19200"], ["2.47670", "1.70140", "0.10770"], ["3.28840", "-1.24980", "0.16270"], ["2.63150", "-0.39230", "-1.22720"], ["0.97710", "-1.86550", "-0.07230"], ["1.15050", "-0.92690", "1.40710"], ["0.24730", "1.09450", "0.25000"], ["0.16260", "0.20560", "-1.26820"], ["-1.47290", "-1.39050", "-0.24450"], ["-1.37430", "-0.49680", "1.29140"], ["-4.51530", "0.84630", "-0.31520"], ["-4.02370", "-0.86110", "-0.38830"], ["-3.91990", "0.04390", "1.15570"]], "bond_dist": [[0.0, 1.520786263746487, 2.552093950073155, 3.1353688108418765, 4.5503465593292995, 5.527893229793788, 5.467254977591589, 6.927975569385331, 1.0945446222059656, 1.094845715158077, 1.0938444542072696, 2.1385106546379418, 2.150479939455377, 3.4736781025305152, 2.7805423212028257, 2.8392233462691867, 3.4469587450388786, 5.115769193386269, 4.715572378831651, 7.623676273950776, 7.346537331287441, 7.068135485402073], [1.520786263746487, 0.0, 1.5301536687535668, 2.5569106319932264, 3.9019234884861596, 5.088818890469575, 5.235364141108048, 6.427048608031527, 2.169614608634446, 2.156998252201425, 2.1749511327843667, 1.0966009939809467, 1.0962665050068803, 2.142900244995086, 2.1609046207549283, 2.836818853927759, 2.7610894607020615, 4.171188988765674, 4.213763778381508, 7.227124587967195, 6.6319185896692066, 6.656208703158278], [2.552093950073155, 1.5301536687535668, 0.0, 1.5299013726381188, 2.5233111540196544, 3.8855982975598495, 4.315382173110511, 5.090081942365957, 2.7824819460330734, 3.4905602258090322, 2.8757738541130107, 2.145912064833972, 2.1646309339007423, 1.0971902888742682, 1.0969008934265667, 2.1673351748172225, 2.162358041583308, 2.7659524236689252, 2.7626587284715427, 5.981753435239537, 5.254384832689741, 5.250963946743493], [3.1353688108418765, 2.5569106319932264, 1.5299013726381188, 0.0, 1.527772159060375, 2.533649395634684, 2.7979100932660437, 3.911252457973021, 3.4709576041778445, 4.141192461115518, 2.8855660259297484, 3.482352983257154, 2.7877379091299095, 2.154312470371928, 2.162561522824264, 1.0960881579508102, 1.0970451266926078, 2.162601521316398, 2.161818715803895, 4.67305496757742, 4.234202874213752, 4.231433376528573], [4.5503465593292995, 3.9019234884861596, 2.5233111540196544, 1.527772159060375, 0.0, 1.5186356936408416, 2.4181803117220184, 2.5670750164340737, 4.679469837492277, 5.596700271588609, 4.3224137747328175, 4.6617104596918075, 4.179676334358918, 2.715431363522194, 2.7764977597685903, 2.1529651506701173, 2.1596263334197423, 1.0956836085293968, 1.0956893035892978, 3.4926793869463593, 2.827703699117006, 2.827636484769568], [5.527893229793788, 5.088818890469575, 3.8855982975598495, 2.533649395634684, 1.5186356936408416, 0.0, 1.229988532466868, 1.506707911308625, 5.7174806348600775, 6.5480896343895605, 5.031380733953653, 5.974647301724178, 5.203800073984396, 4.142094021144378, 4.186085001525889, 2.7577618987142456, 2.7694627836459547, 2.1276091182357724, 2.1282000046988063, 2.139708889078138, 2.1372555860261544, 2.137307596018879], [5.467254977591589, 5.235364141108048, 4.315382173110511, 2.7979100932660437, 2.4181803117220184, 1.229988532466868, 0.0, 2.3859208830135166, 5.784677596893365, 6.405050039617177, 4.764756491154611, 6.2381923575664135, 5.20346803776097, 4.730695918149887, 4.750604672039129, 2.7227769684643657, 2.732246797051833, 3.1033585468005467, 3.1068237043643143, 2.509684478176489, 3.0855554491857697, 3.086139016635511], [6.927975569385331, 6.427048608031527, 5.090081942365957, 3.911252457973021, 2.5670750164340737, 1.506707911308625, 2.3859208830135166, 0.0, 7.0140508167534685, 7.974598845710046, 6.483923825894317, 7.225512347923848, 6.587896946674257, 5.177638033891515, 5.238507826662092, 4.177682623177591, 4.191362993108566, 2.7917957966155043, 2.7888969486160655, 1.0935036076758047, 1.092725002001876, 1.092771545200551], [1.0945446222059656, 2.169614608634446, 2.7824819460330734, 3.4709576041778445, 4.679469837492277, 5.7174806348600775, 5.784677596893365, 7.0140508167534685, 0.0, 1.771420980456086, 1.7759026324660934, 2.523193708378332, 3.068675176684558, 3.750124521932572, 2.561617006892326, 3.067264882594915, 4.0611462987683655, 5.316985541639172, 4.586353851372569, 7.753273454483596, 7.490089682373636, 6.983596830430577], [1.094845715158077, 2.156998252201425, 3.4905602258090322, 4.141192461115518, 5.596700271588609, 6.5480896343895605, 6.405050039617177, 7.974598845710046, 1.771420980456086, 0.0, 1.7658437331768633, 2.431591614560307, 2.499935009155238, 4.280570543747644, 3.7554278557842116, 3.864645408054923, 4.291393602316153, 6.104930133916358, 5.8012514615382775, 8.643428394450897, 8.373712415649345, 8.149497602920073], [1.0938444542072696, 2.1749511327843667, 2.8757738541130107, 2.8855660259297484, 4.3224137747328175, 5.031380733953653, 4.764756491154611, 6.483923825894317, 1.7759026324660934, 1.7658437331768633, 0.0, 3.061284588208029, 2.48787072413339, 3.873496581901164, 3.2179508526389893, 2.3149084776724975, 3.079866435415666, 5.028243292642073, 4.589491249583117, 7.056777197843219, 7.00482850682299, 6.690448550732604], [2.1385106546379418, 1.0966009939809467, 2.145912064833972, 3.482352983257154, 4.6617104596918075, 5.974647301724178, 6.2381923575664135, 7.225512347923848, 2.523193708378332, 2.431591614560307, 3.061284588208029, 0.0, 1.7602970970833307, 2.4034182282740555, 2.494676768641581, 3.840788068873366, 3.7331340198283804, 4.7807516166393755, 4.85610378595845, 8.094427546775622, 7.343125703676875, 7.39048696501117], [2.150479939455377, 1.0962665050068803, 2.1646309339007423, 2.7877379091299095, 4.179676334358918, 5.203800073984396, 5.20346803776097, 6.587896946674257, 3.068675176684558, 2.499935009155238, 2.48787072413339, 1.7602970970833307, 0.0, 2.498229695204186, 3.0689891902709596, 3.1744454192819256, 2.540596902304653, 4.33684238703691, 4.732937761052854, 7.31044623808971, 6.724225880352325, 6.984935562336993], [3.4736781025305152, 2.142900244995086, 1.0971902888742682, 2.154312470371928, 2.715431363522194, 4.142094021144378, 4.730695918149887, 5.177638033891515, 3.750124521932572, 4.280570543747644, 3.873496581901164, 2.4034182282740555, 2.498229695204186, 0.0, 1.7605856639198219, 3.065629679201322, 2.5264683394018617, 2.5015550843425376, 3.043369734356968, 6.130197175458552, 5.11044772989608, 5.3976292351364785], [2.7805423212028257, 2.1609046207549283, 1.0969008934265667, 2.162561522824264, 2.7764977597685903, 4.186085001525889, 4.750604672039129, 5.238507826662092, 2.561617006892326, 3.7554278557842116, 3.2179508526389893, 2.494676768641581, 3.0689891902709596, 1.7605856639198219, 0.0, 2.4981410308467376, 3.06850659930853, 3.1344752479482114, 2.5637838325412696, 6.181573033621782, 5.477238030248457, 5.168617877150525], [2.8392233462691867, 2.836818853927759, 2.1673351748172225, 1.0960881579508102, 2.1529651506701173, 2.7577618987142456, 2.7227769684643657, 4.177682623177591, 3.067264882594915, 3.864645408054923, 2.3149084776724975, 3.840788068873366, 3.1744454192819256, 3.065629679201322, 2.4981410308467376, 0.0, 1.7613201128698894, 3.062489720799076, 2.4992671345816557, 4.8024382390614875, 4.740594820273085, 4.391993703319712], [3.4469587450388786, 2.7610894607020615, 2.162358041583308, 1.0970451266926078, 2.1596263334197423, 2.7694627836459547, 2.732246797051833, 4.191362993108566, 4.0611462987683655, 4.291393602316153, 3.079866435415666, 3.7331340198283804, 2.540596902304653, 2.5264683394018617, 3.06850659930853, 1.7613201128698894, 0.0, 2.5040681200798036, 3.0670799679825764, 4.816788753931399, 4.408761797829409, 4.750604629939225], [5.115769193386269, 4.171188988765674, 2.7659524236689252, 2.162601521316398, 1.0956836085293968, 2.1276091182357724, 3.1033585468005467, 2.7917957966155043, 5.316985541639172, 6.104930133916358, 5.028243292642073, 4.7807516166393755, 4.33684238703691, 2.5015550843425376, 3.1344752479482114, 3.062489720799076, 2.5040681200798036, 0.0, 1.7797220176196058, 3.7768333945251014, 2.6091231170644282, 3.1632060318607134], [4.715572378831651, 4.213763778381508, 2.7626587284715427, 2.161818715803895, 1.0956893035892978, 2.1282000046988063, 3.1068237043643143, 2.7888969486160655, 4.586353851372569, 5.8012514615382775, 4.589491249583117, 4.85610378595845, 4.732937761052854, 3.043369734356968, 2.5637838325412696, 2.4992671345816557, 3.0670799679825764, 1.7797220176196058, 0.0, 3.775044658013995, 3.1580732955395447, 2.6059260043216885], [7.623676273950776, 7.227124587967195, 5.981753435239537, 4.67305496757742, 3.4926793869463593, 2.139708889078138, 2.509684478176489, 1.0935036076758047, 7.753273454483596, 8.643428394450897, 7.056777197843219, 8.094427546775622, 7.31044623808971, 6.130197175458552, 6.181573033621782, 4.8024382390614875, 4.816788753931399, 3.7768333945251014, 3.775044658013995, 0.0, 1.7782657084924065, 1.7781714568623577], [7.346537331287441, 6.6319185896692066, 5.254384832689741, 4.234202874213752, 2.827703699117006, 2.1372555860261544, 3.0855554491857697, 1.092725002001876, 7.490089682373636, 8.373712415649345, 7.00482850682299, 7.343125703676875, 6.724225880352325, 5.11044772989608, 5.477238030248457, 4.740594820273085, 4.408761797829409, 2.6091231170644282, 3.1580732955395447, 1.7782657084924065, 0.0, 1.7926894432667362], [7.068135485402073, 6.656208703158278, 5.250963946743493, 4.231433376528573, 2.827636484769568, 2.137307596018879, 3.086139016635511, 1.092771545200551, 6.983596830430577, 8.149497602920073, 6.690448550732604, 7.39048696501117, 6.984935562336993, 5.3976292351364785, 5.168617877150525, 4.391993703319712, 4.750604629939225, 3.1632060318607134, 2.6059260043216885, 1.7781714568623577, 1.7926894432667362, 0.0]]}