{"total energy": -27.11282381, "HOMO-LUMO gap/eV": 4.85561526, "electronic energy": -27.41496542, "dipole": [-0.40496165, 0.81955089, 0.13508425], "partial charges": [-0.10721841, -0.0599366, 0.08103592, -0.27992638, 0.35053428, -0.40352333, -0.08301464, -0.10268598, 0.04036052, 0.04516959, 0.04035789, 0.0480169, 0.04802024, 0.05054924, 0.05054286, 0.06879497, 0.0688062, 0.0512113, 0.0512219, 0.04168354], "atomic dipole moments": [[0.10238327, 0.05798835, 0.01846975], [0.02405508, -0.13804924, -0.02576147], [0.15826077, 0.18093974, 0.04664938], [-0.01136971, -0.22101453, -0.0446231], [-0.15510215, 0.04421082, -0.0017661], [-0.01503199, 0.17267132, 0.03323718], [-0.00841998, -0.09973016, -0.02033878], [-0.12154854, 0.06518353, 0.0046842], [-0.00236905, -0.05229021, -0.1155516], [-0.09939948, 0.07673547, 0.00845759], [-0.01604183, -0.09222508, 0.08563551], [0.00747657, 0.09635228, -0.07951733], [-0.00542388, 0.05865863, 0.11040612], [0.00948115, -0.04853813, -0.11782097], [-0.00469899, -0.08990827, 0.09068751], [0.00332032, 0.09323649, -0.09385863], [-0.01133913, 0.05045563, 0.12180064], [0.02223276, -0.05469364, -0.11515065], [0.00845098, -0.0949123, 0.08754151], [0.09170756, 0.08081298, 0.02225617]], "atomic quadrupole moments": [[0.14863624, 0.15870556, -0.02533612, 0.05063295, 0.0321921, -0.12330012], [0.25151751, -0.03945268, -0.0111105, 0.02632766, 0.04494912, -0.24040701], [0.38690583, 0.1918477, -0.00101156, 0.09228103, 0.09436453, -0.38589427], [0.06847994, 0.04841853, 0.0062882, 0.019707, 0.02044383, -0.07476814], [-0.0902211, -0.09460043, -0.34960396, -0.05734905, -0.17054118, 0.43982505], [-0.10990101, -0.00231196, -0.08872263, -0.0223319, -0.05982498, 0.19862363], [0.22345339, 0.00442201, 0.02643176, 0.03398243, 0.05785241, -0.24988515], [0.19548516, -0.15269879, -0.04911986, -0.00695462, 0.0091861, -0.1463653], [-0.03397498, 0.0067157, -0.0262751, -0.0140904, 0.04406291, 0.06025008], [0.0334818, -0.05413364, 0.01914713, -0.00477365, 0.01093405, -0.05262894], [-0.03663858, 0.01023895, 0.01712009, 0.0069747, -0.06130577, 0.01951849], [-0.02063691, 0.00539192, -0.00015834, -0.00662934, -0.04599503, 0.02079525], [-0.02160546, -0.00105488, -0.02959146, -0.00058153, 0.0252028, 0.05119692], [-0.00379257, 0.00506076, -0.0245702, -0.00299154, 0.02403989, 0.02836278], [-0.00444873, 0.00825947, -0.00020415, 0.00268586, -0.03502409, 0.00465288], [-0.00488043, -0.01223299, 0.00651243, -0.00264028, -0.05619, -0.001632], [-0.00450775, -0.01852243, -0.03353233, -0.00682462, 0.04080479, 0.03804007], [-0.031276, -0.01248849, -0.02975115, -0.00173646, 0.04023862, 0.06102716], [-0.02979524, -0.00312711, 0.01227397, -0.01118414, -0.06136786, 0.01752127], [0.02473684, 0.05489214, 0.02641924, 0.01640008, 0.02014052, -0.05115608]], "number of molecular orbitals": 44, "number of electrons": 48, "number of unpaired electrons": 0, "orbital energies/eV": [-20.03094042, -19.28676593, -18.28557798, -17.32692577, -16.91318577, -16.4145314, -15.99950036, -15.83089183, -15.52233609, -15.28068536, -14.91236854, -14.47790107, -13.83349145, -13.76937539, -13.29501542, -13.18598104, -13.07948217, -12.78073815, -12.50002286, -12.29954747, -12.27697371, -12.14214976, -11.78579315, -11.25875115, -6.40313589, -0.12552272, 2.45851724, 3.1623507, 3.19069665, 3.35059359, 3.49311, 3.75492914, 3.82870741, 4.11204713, 4.45035078, 4.78120558, 5.42694431, 5.63492699, 6.26489885, 6.69338632, 6.87468801, 7.27713655, 7.59158925, 16.22121392], "fractional occupation": [2.0, 2.0, 2.0, 2.0, 2.0, 2.0, 2.0, 2.0, 2.0, 2.0, 2.0, 2.0, 2.0, 2.0, 2.0, 2.0, 2.0, 2.0, 2.0, 2.0, 2.0, 2.0, 2.0, 2.0, 0.0, 0.0, 0.0, 0.0, 0.0, 0.0, 0.0, 0.0, 0.0, 0.0, 0.0, 0.0, 0.0, 0.0, 0.0, 0.0, 0.0, 0.0, 0.0, 0.0], "program call": "xtb /home/svss/Project-DBcg-Debug/aqme2_20220329/End-to-End-workflows-final/example-3/QDESCP/mol_62_rdkit_conf_1/mol_62_rdkit_conf_1.xyz --pop --wbo --acc 0.2 --gfn 2 --chrg 0 --uhf 0 --etemp 300 --input /home/svss/Project-DBcg-Debug/aqme2_20220329/End-to-End-workflows-final/example-3/QDESCP/mol_62_rdkit_conf_1/mol_62_rdkit_conf_1_xtb.inp", "method": "GFN2-xTB", "xtb version": "6.3.3 (7355c4f)", "Dipole module/D": 2.349, "Total charge": 0, "Transition dipole module/D": NaN, "HOMO": -11.2588, "LUMO": -6.4031, "HOMO occupancy": 2.0, "LUMO occupancy": 0, "mulliken charges": [-0.08774, -0.05121, 0.19909, -0.42576, 0.57337, -0.52832, -0.07089, -0.0775, 0.03094, 0.03573, 0.03093, 0.0361, 0.0361, 0.03857, 0.03857, 0.05458, 0.05459, 0.04183, 0.04184, 0.02917], "cm5 charges": [-0.23775, -0.16005, 0.11848, -0.50897, 0.62258, -0.57777, -0.1714, -0.22539, 0.08231, 0.08655, 0.0823, 0.09276, 0.09276, 0.10402, 0.10401, 0.11276, 0.11278, 0.09494, 0.09496, 0.08012], "FUKUI+": [0.013, 0.004, 0.028, -0.122, -0.189, -0.283, 0.028, 0.033, -0.016, -0.031, -0.016, -0.023, -0.023, -0.038, -0.038, -0.099, -0.099, -0.033, -0.033, -0.063], "FUKUI-": [0.018, 0.004, 0.018, -0.06, -0.018, -0.128, -0.007, 0.016, -0.075, -0.058, -0.075, -0.088, -0.088, -0.061, -0.061, -0.065, -0.065, -0.059, -0.059, -0.091], "FUKUIrad": [0.016, 0.004, 0.023, -0.091, -0.103, -0.206, 0.01, 0.025, -0.045, -0.045, -0.045, -0.055, -0.055, -0.05, -0.05, -0.082, -0.082, -0.046, -0.046, -0.077], "s proportion": [1.008, 1.03, 0.999, 1.701, 0.991, 1.731, 1.034, 1.005, 0.969, 0.964, 0.969, 0.964, 0.964, 0.961, 0.961, 0.945, 0.945, 0.958, 0.958, 0.971], "p proportion": [3.08, 3.021, 2.802, 4.725, 2.436, 4.797, 3.037, 3.072, 0.0, 0.0, 0.0, 0.0, 0.0, 0.0, 0.0, 0.0, 0.0, 0.0, 0.0, 0.0], "d proportion": [0.0, 0.0, 0.0, 0.0, 0.0, 0.0, 0.0, 0.0, 0.0, 0.0, 0.0, 0.0, 0.0, 0.0, 0.0, 0.0, 0.0, 0.0, 0.0, 0.0], "Fermi-level/eV": -8.8309, "Coordination numbers": [3.75, 3.799, 3.704, 1.703, 2.719, 0.856, 3.801, 3.751, 0.924, 0.924, 0.924, 0.924, 0.924, 0.924, 0.924, 0.924, 0.924, 0.924, 0.924, 0.924], "Dispersion coefficient C6": [22.612, 21.655, 19.374, 18.646, 21.047, 21.752, 22.083, 22.524, 2.444, 2.381, 2.444, 2.345, 2.345, 2.313, 2.313, 2.099, 2.099, 2.305, 2.305, 2.427], "Total dispersion C6": 3019.757367, "Total dispersion C8": 64017.751484, "Polarizability alpha": [6.782, 6.626, 6.293, 5.83, 7.51, 6.253, 6.691, 6.768, 2.445, 2.413, 2.445, 2.395, 2.395, 2.378, 2.379, 2.266, 2.266, 2.374, 2.374, 2.436], "Total polarizability alpha": 81.317644, "Wiberg matrix": [[0.0, 1.0199223368521884, 0.0, 0.0, 0.0, 0.0, 0.0, 0.0, 0.9869133291747143, 0.98626446831802, 0.9869120180972304, 0.0, 0.0, 0.0, 0.0, 0.0, 0.0, 0.0, 0.0, 0.0], [1.0199223368521884, 0.0, 1.0053353476893394, 0.0, 0.0, 0.0, 0.0, 0.0, 0.0, 0.0, 0.0, 0.976080292331074, 0.9760818371379676, 0.0, 0.0, 0.0, 0.0, 0.0, 0.0, 0.0], [0.0, 1.0053353476893394, 0.0, 0.9403569307250578, 0.0, 0.0, 0.0, 0.0, 0.0, 0.0, 0.0, 0.0, 0.0, 0.9692485667296941, 0.9692450022359632, 0.0, 0.0, 0.0, 0.0, 0.0], [0.0, 0.0, 0.9403569307250578, 0.0, 1.114871061679389, 0.1700851013625438, 0.0, 0.0, 0.0, 0.0, 0.0, 0.0, 0.0, 0.0, 0.0, 0.0, 0.0, 0.0, 0.0, 0.0], [0.0, 0.0, 0.0, 1.114871061679389, 0.0, 1.7626690518433348, 0.9781768713700606, 0.0, 0.0, 0.0, 0.0, 0.0, 0.0, 0.0, 0.0, 0.0, 0.0, 0.0, 0.0, 0.0], [0.0, 0.0, 0.0, 0.1700851013625438, 1.7626690518433348, 0.0, 0.0, 0.0, 0.0, 0.0, 0.0, 0.0, 0.0, 0.0, 0.0, 0.0, 0.0, 0.0, 0.0, 0.0], [0.0, 0.0, 0.0, 0.0, 0.9781768713700606, 0.0, 0.0, 1.0204594155430835, 0.0, 0.0, 0.0, 0.0, 0.0, 0.0, 0.0, 0.9543867321602879, 0.9543938986018486, 0.0, 0.0, 0.0], [0.0, 0.0, 0.0, 0.0, 0.0, 0.0, 1.0204594155430835, 0.0, 0.0, 0.0, 0.0, 0.0, 0.0, 0.0, 0.0, 0.0, 0.0, 0.9864064471566475, 0.9864055954086893, 0.9868223341393062], [0.9869133291747143, 0.0, 0.0, 0.0, 0.0, 0.0, 0.0, 0.0, 0.0, 0.0, 0.0, 0.0, 0.0, 0.0, 0.0, 0.0, 0.0, 0.0, 0.0, 0.0], [0.98626446831802, 0.0, 0.0, 0.0, 0.0, 0.0, 0.0, 0.0, 0.0, 0.0, 0.0, 0.0, 0.0, 0.0, 0.0, 0.0, 0.0, 0.0, 0.0, 0.0], [0.9869120180972304, 0.0, 0.0, 0.0, 0.0, 0.0, 0.0, 0.0, 0.0, 0.0, 0.0, 0.0, 0.0, 0.0, 0.0, 0.0, 0.0, 0.0, 0.0, 0.0], [0.0, 0.976080292331074, 0.0, 0.0, 0.0, 0.0, 0.0, 0.0, 0.0, 0.0, 0.0, 0.0, 0.0, 0.0, 0.0, 0.0, 0.0, 0.0, 0.0, 0.0], [0.0, 0.9760818371379676, 0.0, 0.0, 0.0, 0.0, 0.0, 0.0, 0.0, 0.0, 0.0, 0.0, 0.0, 0.0, 0.0, 0.0, 0.0, 0.0, 0.0, 0.0], [0.0, 0.0, 0.9692485667296941, 0.0, 0.0, 0.0, 0.0, 0.0, 0.0, 0.0, 0.0, 0.0, 0.0, 0.0, 0.0, 0.0, 0.0, 0.0, 0.0, 0.0], [0.0, 0.0, 0.9692450022359632, 0.0, 0.0, 0.0, 0.0, 0.0, 0.0, 0.0, 0.0, 0.0, 0.0, 0.0, 0.0, 0.0, 0.0, 0.0, 0.0, 0.0], [0.0, 0.0, 0.0, 0.0, 0.0, 0.0, 0.9543867321602879, 0.0, 0.0, 0.0, 0.0, 0.0, 0.0, 0.0, 0.0, 0.0, 0.0, 0.0, 0.0, 0.0], [0.0, 0.0, 0.0, 0.0, 0.0, 0.0, 0.9543938986018486, 0.0, 0.0, 0.0, 0.0, 0.0, 0.0, 0.0, 0.0, 0.0, 0.0, 0.0, 0.0, 0.0], [0.0, 0.0, 0.0, 0.0, 0.0, 0.0, 0.0, 0.9864064471566475, 0.0, 0.0, 0.0, 0.0, 0.0, 0.0, 0.0, 0.0, 0.0, 0.0, 0.0, 0.0], [0.0, 0.0, 0.0, 0.0, 0.0, 0.0, 0.0, 0.9864055954086893, 0.0, 0.0, 0.0, 0.0, 0.0, 0.0, 0.0, 0.0, 0.0, 0.0, 0.0, 0.0], [0.0, 0.0, 0.0, 0.0, 0.0, 0.0, 0.0, 0.9868223341393062, 0.0, 0.0, 0.0, 0.0, 0.0, 0.0, 0.0, 0.0, 0.0, 0.0, 0.0, 0.0]], "Born radii": [], "Atomic SASAs": [], "Solvent H bonds": [], "Total SASA": NaN, "Total FOD": 0.0, "FOD": [0.0, 0.0, 0.0, 0.0, 0.0, 0.0, 0.0, 0.0, 0.0, 0.0, 0.0, 0.0, 0.0, 0.0, 0.0, 0.0, 0.0, 0.0, 0.0, 0.0], "FOD s proportion": [0.0, 0.0, 0.0, 0.0, 0.0, 0.0, 0.0, 0.0, 0.0, 0.0, 0.0, 0.0, 0.0, 0.0, 0.0, 0.0, 0.0, 0.0, 0.0, 0.0], "FOD p proportion": [0.0, 0.0, 0.0, 0.0, 0.0, 0.0, 0.0, 0.0, 0.0, 0.0, 0.0, 0.0, 0.0, 0.0, 0.0, 0.0, 0.0, 0.0, 0.0, 0.0], "FOD d proportion": [0.0, 0.0, 0.0, 0.0, 0.0, 0.0, 0.0, 0.0, 0.0, 0.0, 0.0, 0.0, 0.0, 0.0, 0.0, 0.0, 0.0, 0.0, 0.0, 0.0], "coordinates": [["-3.60700", "-0.28240", "-0.30020"], ["-2.32470", "0.49350", "-0.05920"], ["-1.09450", "-0.40070", "-0.15300"], ["0.06350", "0.41040", "0.08660"], ["1.24400", "-0.27010", "0.03180"], ["1.35580", "-1.46560", "-0.19780"], ["2.38350", "0.68390", "0.29850"], ["3.73250", "-0.01200", "0.25210"], ["-3.61000", "-0.73510", "-1.29680"], ["-4.47270", "0.38320", "-0.22700"], ["-3.72800", "-1.07970", "0.44000"], ["-2.24150", "1.31050", "-0.78600"], ["-2.35790", "0.97050", "0.92770"], ["-1.02800", "-0.84670", "-1.15230"], ["-1.14720", "-1.19460", "0.60130"], ["2.35740", "1.47520", "-0.45810"], ["2.23870", "1.12870", "1.28860"], ["3.90810", "-0.46420", "-0.72970"], ["3.79040", "-0.80780", "1.00210"], ["4.53730", "0.70290", "0.44860"]], "bond_dist": [[0.0, 1.5180234187916868, 2.519587065374007, 3.755283788210952, 4.862363241264478, 5.1029238520675575, 6.0973984312983855, 7.365216337623763, 1.0946039694793728, 1.0944487607923905, 1.0946343362054747, 2.1535835948483637, 2.153543041130128, 2.774121464536115, 2.774063288751719, 6.219980508811905, 6.219943499743387, 7.5295583867847125, 7.529512415156775, 8.237787325489778], [1.5180234187916868, 0.0, 1.5237401747017107, 2.394089073113195, 3.650614420888626, 4.1717338146147345, 4.725605642666345, 6.086222948594637, 2.166358190604684, 2.157365738580271, 2.166427882483052, 1.0966537648683836, 1.096632504533766, 2.161581490483299, 2.161584629386507, 4.800512109140024, 4.8004857504215135, 6.341494727585919, 6.341465713066657, 6.883948953907197], [2.519587065374007, 1.5237401747017107, 0.0, 1.4339649124019735, 2.3494232590148587, 2.6720758110502776, 3.671061618932595, 4.859539350596926, 2.7834945751698528, 3.4687476774766997, 2.7835251480811163, 2.1551110041016446, 2.1550595096191656, 1.0963296675726695, 1.09636809056083, 3.940520324779458, 3.9404945324159506, 5.036131640455798, 5.036093171298561, 5.770357593771811], [3.755283788210952, 2.394089073113195, 1.4339649124019735, 0.0, 1.3636948118989085, 2.2957131027199367, 2.3456563814847224, 3.6969410341524247, 4.089079121269237, 4.547108448233888, 4.0891028135765914, 2.6238589462850324, 2.623802427775384, 2.075221884522231, 2.0752675923841726, 2.5869817046125396, 2.5869391044243777, 4.026440116281378, 4.026404736238025, 4.497942495185993], [4.862363241264478, 3.650614420888626, 2.3494232590148587, 1.3636948118989085, 0.0, 1.2224711244033537, 1.5098692459945, 2.5115294045660708, 5.053980506491888, 5.759725446581633, 5.05399479619835, 3.913541037219362, 3.9134906132505285, 2.6261272570079313, 2.6261888622107894, 2.1273771785933966, 2.127349470585404, 2.777586338892097, 2.7775450203372043, 3.4592305690716834], [5.1029238520675575, 4.1717338146147345, 2.6720758110502776, 2.2957131027199367, 1.2224711244033537, 0.0, 2.43368675675404, 2.822067656878552, 5.138151505162144, 6.114762982324009, 5.138164077761628, 4.581842177552605, 4.581801081452577, 2.6413272989162095, 2.6414031895945005, 3.1175733014638167, 3.1175775627881337, 2.7928399273857427, 2.792801104625963, 3.9041218551679457], [6.0973984312983855, 4.725605642666345, 3.671061618932595, 2.3456563814847224, 1.5098692459945, 2.43368675675404, 0.0, 1.5186279234888314, 6.362435488081589, 6.882880877946384, 6.362447599784222, 4.79159606081314, 4.791545278926205, 4.010721786661349, 4.010772067819362, 1.095116642189315, 1.0950397664012024, 2.167886991980901, 2.1678536528096166, 2.159107558691785], [7.365216337623763, 6.086222948594637, 4.859539350596926, 3.6969410341524247, 2.5115294045660708, 2.822067656878552, 1.5186279234888314, 0.0, 7.538850779130729, 8.228671028179459, 7.538856010695522, 6.206072337638355, 6.20602237910886, 5.03303325043656, 5.033086080130162, 2.1464034779136933, 2.1463846766132115, 1.0951033923790028, 1.0950570989679032, 1.0942565055781026], [1.0946039694793728, 2.166358190604684, 2.7834945751698528, 4.089079121269237, 5.053980506491888, 5.138151505162144, 6.362435488081589, 7.538850779130729, 0.0, 1.7718121288669404, 1.774583725835442, 2.5136006544397618, 3.0700530972606974, 2.588447181226613, 3.1431366021857845, 6.418621856753988, 6.6607308375282654, 7.544323483918224, 7.749590096256704, 8.455339286510032], [1.0944487607923905, 2.157365738580271, 3.4687476774766997, 4.547108448233888, 5.759725446581633, 6.114762982324009, 6.882880877946384, 8.228671028179459, 1.7718121288669404, 0.0, 1.7718757010580621, 2.4800443000075623, 2.4800468584282838, 3.7729023562769286, 3.7728615108429304, 6.9207035205967316, 6.920672190618481, 8.438518986765391, 8.438482649149668, 9.040948149945336], [1.0946343362054747, 2.166427882483052, 2.7835251480811163, 4.0891028135765914, 5.05399479619835, 5.138164077761628, 6.362447599784222, 7.538856010695522, 1.774583725835442, 1.7718757010580621, 0.0, 3.0701489035550056, 2.5136319022482194, 3.143200326100772, 2.588387208282408, 6.660795056147577, 6.418618341200855, 7.749649124315243, 7.544284232450418, 8.455348651001922], [2.1535835948483637, 1.0966537648683836, 2.1551110041016446, 2.6238589462850324, 3.913541037219362, 4.581842177552605, 4.79159606081314, 6.206072337638355, 2.5136006544397618, 2.4800443000075623, 3.0701489035550056, 0.0, 1.7509759135979, 2.5020531129454464, 3.065553749324908, 4.613515547822507, 4.940567623259498, 6.400805413383537, 6.638396953331429, 6.917047372976421], [2.153543041130128, 1.096632504533766, 2.1550595096191656, 2.623802427775384, 3.9134906132505285, 4.581801081452577, 4.791545278926205, 6.20602237910886, 3.0700530972606974, 2.4800468584282838, 2.5136319022482194, 1.7509759135979, 0.0, 3.0654934105295353, 2.501997094322853, 4.940568572543043, 4.613459397241945, 6.638380438781737, 6.400740514971686, 6.917002935520557], [2.774121464536115, 2.161581490483299, 1.0963296675726695, 2.075221884522231, 2.6261272570079313, 2.6413272989162095, 4.010721786661349, 5.03303325043656, 2.588447181226613, 3.7729023562769286, 3.143200326100772, 2.5020531129454464, 3.0654934105295353, 0.0, 1.7917466366649053, 4.163420037661346, 4.531172790790482, 4.968901309142696, 5.278250764221041, 5.994723101194918], [2.774063288751719, 2.161584629386507, 1.09636809056083, 2.0752675923841726, 2.6261888622107894, 2.6414031895945005, 4.010772067819362, 5.033086080130162, 3.1431366021857845, 3.7728615108429304, 2.588387208282408, 3.065553749324908, 2.501997094322853, 1.7917466366649053, 0.0, 4.531267103140136, 4.163462860408389, 5.278361796049983, 4.9689182565222385, 5.994778043430799], [6.219980508811905, 4.800512109140024, 3.940520324779458, 2.5869817046125396, 2.1273771785933966, 3.1175733014638167, 1.095116642189315, 2.1464034779136933, 6.418621856753988, 6.9207035205967316, 6.660795056147577, 4.613515547822507, 4.940568572543043, 4.163420037661346, 4.531267103140136, 0.0, 1.7846884405968455, 2.497941034131911, 3.0655769505918458, 2.484052372636294], [6.219943499743387, 4.8004857504215135, 3.9404945324159506, 2.5869391044243777, 2.127349470585404, 3.1175775627881337, 1.0950397664012024, 2.1463846766132115, 6.6607308375282654, 6.920672190618481, 6.418618341200855, 4.940567623259498, 4.613459397241945, 4.531172790790482, 4.163462860408389, 1.7846884405968455, 0.0, 3.0655768886133, 2.4979766592184163, 2.484042592227436], [7.5295583867847125, 6.341494727585919, 5.036131640455798, 4.026440116281378, 2.777586338892097, 2.7928399273857427, 2.167886991980901, 1.0951033923790028, 7.544323483918224, 8.438518986765391, 7.749649124315243, 6.400805413383537, 6.638380438781737, 4.968901309142696, 5.278361796049983, 2.497941034131911, 3.0655768886133, 0.0, 1.7694760495694764, 1.7738111342530243], [7.529512415156775, 6.341465713066657, 5.036093171298561, 4.026404736238025, 2.7775450203372043, 2.792801104625963, 2.1678536528096166, 1.0950570989679032, 7.749590096256704, 8.438482649149668, 7.544284232450418, 6.638396953331429, 6.400740514971686, 5.278250764221041, 4.9689182565222385, 3.0655769505918458, 2.4979766592184163, 1.7694760495694764, 0.0, 1.7738197061708385], [8.237787325489778, 6.883948953907197, 5.770357593771811, 4.497942495185993, 3.4592305690716834, 3.9041218551679457, 2.159107558691785, 1.0942565055781026, 8.455339286510032, 9.040948149945336, 8.455348651001922, 6.917047372976421, 6.917002935520557, 5.994723101194918, 5.994778043430799, 2.484052372636294, 2.484042592227436, 1.7738111342530243, 1.7738197061708385, 0.0]]}