{"total energy": -45.5617667, "HOMO-LUMO gap/eV": 4.18922595, "electronic energy": -46.11467953, "dipole": [-0.68075308, -0.45172316, -0.19718515], "partial charges": [-0.10257223, 0.01227521, -0.18143452, 0.2943029, -0.44636533, -0.11502196, -0.00673995, -0.01151885, -0.10833052, -0.10581592, -0.00051251, -0.01101028, -0.10133073, -0.10693038, 0.04707692, 0.04302918, 0.04695582, 0.05496812, 0.05449991, 0.04889278, 0.06373489, 0.03446162, 0.03982991, 0.03303276, 0.04207462, 0.0439842, 0.03726753, 0.03660348, 0.04140036, 0.0689225, 0.02917509, 0.03322642, 0.04714699, 0.03356302, 0.03113283, 0.03983158, 0.04019455], "atomic dipole moments": [[-0.08969213, 0.07274766, 0.04010679], [-0.07710492, -0.11484401, -0.06351257], [0.15547701, 0.44327295, 0.25080563], [0.02252928, -0.04009198, -0.02032263], [-0.07303516, -0.15025835, -0.08210196], [-0.04610413, -0.00175333, -0.00467456], [0.04414874, 0.07295384, 0.13191898], [0.06736523, -0.02503882, -0.07572395], [0.05349295, 0.08066525, 0.05272482], [-0.08076613, 0.04635857, -0.06087098], [0.07359296, -0.07180998, -0.13575249], [0.04683608, 0.03510222, 0.08272836], [-0.08056905, -0.06308414, 0.04298437], [0.0737196, -0.06684459, -0.04386239], [-0.0023701, -0.11609109, 0.05510307], [0.11248277, 0.05053345, 0.02835238], [-0.00196528, -0.0144328, -0.12775288], [0.0115739, 0.11595738, -0.05717814], [0.01145268, 0.01267085, 0.12877969], [-0.08713508, 0.03915238, -0.07420121], [0.07520683, -0.06239415, -0.08880668], [-0.08264317, 0.04933783, 0.07638523], [0.07431798, -0.06784666, -0.07902145], [-0.09407256, 0.04628225, -0.06852151], [-0.05299482, -0.08294675, 0.08063716], [0.08966382, -0.06507181, -0.06630185], [-0.04733962, -0.08180823, 0.08206612], [0.05959714, 0.08689303, 0.07232908], [-0.0877579, -0.05437399, 0.06273523], [0.05704569, 0.06993726, 0.09585213], [-0.05800822, -0.05993331, -0.08931855], [-0.04670214, 0.07884993, -0.08393493], [0.06903971, 0.07262737, 0.08298897], [0.08239384, -0.07168887, -0.06611779], [-0.09347039, -0.06489239, 0.05119005], [0.04752528, 0.07613751, 0.09136977], [-0.05337992, 0.07573028, -0.08657911]], "atomic quadrupole moments": [[0.10587162, -0.15613136, -0.00421065, -0.08631184, 0.07778611, -0.10166096], [0.3371699, 0.07611173, -0.07694534, 0.04315585, 0.14789491, -0.26022457], [0.37088998, -0.03700634, 0.00611022, -0.03006864, 0.31567438, -0.3770002], [-0.25258206, -0.11837489, -0.03027266, -0.05199017, -0.22828485, 0.28285472], [-0.07026453, -0.01498893, -0.0188956, -0.00365026, -0.08191999, 0.08916013], [-0.03639639, -0.00889033, 0.04412419, -0.00392745, 0.05126229, -0.0077278], [-0.08534834, 0.20602744, 0.11899009, 0.02237382, 0.04424556, -0.03364175], [-0.04514479, 0.10035133, 0.03809503, 0.1164855, -0.08411752, 0.00704976], [-0.03874911, 0.12270388, 0.06683875, 0.09920964, 0.11467766, -0.02808964], [0.07404785, -0.08478, -0.05798125, 0.14620063, -0.08358727, -0.0160666], [0.01676492, -0.24472905, 0.03818154, -0.04855975, 0.00482509, -0.05494646], [0.03051017, -0.08835423, 0.00581224, -0.09589862, -0.11386761, -0.03632241], [0.07706081, 0.11909697, -0.01307649, -0.10899961, -0.09187785, -0.06398432], [0.04532421, -0.14079536, 0.01244368, -0.11286114, 0.07282281, -0.05776789], [-0.03157263, 0.00604679, 0.04880335, -0.01825078, -0.04666587, -0.01723073], [0.04858416, 0.04599305, -0.00915209, 0.02583113, 0.02454606, -0.03943207], [-0.03172323, -0.0123565, -0.0405998, 0.01444452, 0.00880864, 0.07232302], [-0.00229155, 0.00770271, 0.02318183, 0.00523458, -0.03294418, -0.02089028], [-0.00215585, 0.00836648, -0.03840284, 0.00315385, 0.00495077, 0.04055869], [0.02750417, -0.01292772, -0.0007185, 0.03640264, -0.01477286, -0.02678567], [0.03520906, -0.01804565, -0.00196694, -0.03283827, 0.01345944, -0.03324212], [0.00093163, -0.02214312, -0.00284473, -0.01133219, 0.01616696, 0.0019131], [0.02266187, -0.0310325, -0.01725476, -0.04706099, 0.03721446, -0.00540712], [0.01689341, -0.03932722, -0.00540627, 0.05406474, -0.02479789, -0.01148714], [-0.03272637, 0.03303708, 0.00292181, -0.02738585, -0.0466348, 0.02980456], [0.008286, -0.03770126, -0.02401962, -0.04424321, 0.03247148, 0.01573362], [-0.00224611, 0.03827519, 0.0028333, -0.03102546, -0.05475471, -0.00058719], [-0.01621071, 0.03525498, 0.0369531, 0.03041092, 0.04245054, -0.02074239], [0.03237864, 0.0215821, 0.00580931, -0.02553876, -0.01742184, -0.03818795], [0.00993611, 0.01373025, 0.007846, 0.03171032, 0.02434891, -0.01778211], [-0.00782475, 0.01786768, 0.00168046, 0.00816558, 0.02255815, 0.00614429], [-0.00095611, -0.0343865, -0.00216169, 0.03736538, -0.05549332, 0.00311779], [-0.01714274, 0.03233476, -0.01558773, 0.03501025, 0.04062555, 0.03273047], [0.00598115, -0.04376458, 0.02014115, -0.0364332, 0.03411501, -0.0261223], [0.01730197, 0.04773506, 0.01181947, -0.04224844, -0.02585617, -0.02912144], [-0.00250619, 0.02680346, -0.00948853, 0.04136422, 0.04925642, 0.01199472], [-0.02947818, -0.03175511, -0.00565824, 0.02455528, -0.04866588, 0.03513642]], "number of molecular orbitals": 84, "number of electrons": 84, "number of unpaired electrons": 0, "orbital energies/eV": [-19.51946273, -18.83123735, -17.85083421, -17.39056104, -17.22992307, -16.90603387, -16.72797535, -16.61625476, -16.14390866, -16.00688572, -15.5997971, -15.44825312, -15.41151126, -15.04906141, -14.925285, -14.68758716, -14.49431488, -14.08261487, -14.00320227, -13.91541869, -13.83521125, -13.69538777, -13.54072372, -13.28161698, -13.19492417, -12.91112584, -12.79152897, -12.74761882, -12.61910822, -12.60199997, -12.46799679, -12.3797016, -12.27779456, -12.08707961, -12.08330762, -12.03577091, -11.91907633, -11.81942151, -11.63994824, -10.77885245, -10.55384942, -10.08388855, -5.8946626, -5.33472716, -3.71309522, -1.05249085, -0.06855642, 0.05888796, 1.12008017, 1.50581726, 1.82816504, 2.24826039, 2.45218326, 2.67845645, 2.92546626, 3.26031367, 3.40490516, 3.57671731, 3.8591843, 4.09201262, 4.1325298, 4.26139141, 4.31721439, 4.84033045, 4.92560991, 5.16788515, 5.28504439, 5.40119856, 5.71322089, 5.88424451, 5.95234148, 6.0836673, 6.21134636, 6.2700712, 6.4778472, 6.76236607, 6.77762052, 6.97391566, 7.60508321, 7.65150706, 8.00065079, 9.55997476, 13.53573774, 16.12578686], "fractional occupation": [2.0, 2.0, 2.0, 2.0, 2.0, 2.0, 2.0, 2.0, 2.0, 2.0, 2.0, 2.0, 2.0, 2.0, 2.0, 2.0, 2.0, 2.0, 2.0, 2.0, 2.0, 2.0, 2.0, 2.0, 2.0, 2.0, 2.0, 2.0, 2.0, 2.0, 2.0, 2.0, 2.0, 2.0, 2.0, 2.0, 2.0, 2.0, 2.0, 2.0, 2.0, 2.0, 0.0, 0.0, 0.0, 0.0, 0.0, 0.0, 0.0, 0.0, 0.0, 0.0, 0.0, 0.0, 0.0, 0.0, 0.0, 0.0, 0.0, 0.0, 0.0, 0.0, 0.0, 0.0, 0.0, 0.0, 0.0, 0.0, 0.0, 0.0, 0.0, 0.0, 0.0, 0.0, 0.0, 0.0, 0.0, 0.0, 0.0, 0.0, 0.0, 0.0, 0.0, 0.0], "program call": "xtb /home/svss/Project-DBcg-Debug/aqme2_20220329/End-to-End-workflows-final/example-3/QDESCP/mol_618_rdkit_conf_4/mol_618_rdkit_conf_4.xyz --pop --wbo --acc 0.2 --gfn 2 --chrg 0 --uhf 0 --etemp 300 --input /home/svss/Project-DBcg-Debug/aqme2_20220329/End-to-End-workflows-final/example-3/QDESCP/mol_618_rdkit_conf_4/mol_618_rdkit_conf_4_xtb.inp", "method": "GFN2-xTB", "xtb version": "6.3.3 (7355c4f)", "Dipole module/D": 2.136, "Total charge": 0, "Transition dipole module/D": NaN, "HOMO": -10.0839, "LUMO": -5.8947, "HOMO occupancy": 2.0, "LUMO occupancy": 0, "mulliken charges": [-0.08686, 0.04114, -0.12836, 0.49688, -0.56185, -0.2939, 0.07976, -0.01022, -0.09247, -0.0906, 0.08662, -0.00967, -0.0868, -0.09219, 0.03122, 0.03397, 0.03146, 0.04043, 0.04025, 0.03181, 0.03449, 0.02605, 0.03033, 0.02935, 0.03538, 0.0278, 0.03131, 0.0363, 0.02311, 0.05603, 0.01808, 0.0247, 0.04085, 0.03477, 0.02584, 0.03233, 0.03264], "cm5 charges": [-0.23412, -0.05127, -0.16299, 0.60462, -0.61142, -0.54587, 0.03143, -0.08002, -0.24082, -0.23725, 0.03963, -0.07923, -0.23334, -0.2405, 0.08287, 0.08479, 0.0831, 0.09883, 0.0986, 0.0983, 0.10229, 0.08669, 0.08223, 0.08081, 0.08677, 0.08071, 0.08281, 0.09082, 0.08972, 0.1269, 0.07872, 0.07624, 0.09444, 0.08991, 0.07731, 0.08424, 0.08403], "FUKUI+": [0.027, 0.027, -0.379, -0.042, -0.143, -0.061, 0.015, 0.003, 0.011, 0.01, 0.021, 0.001, 0.012, 0.011, -0.03, -0.052, -0.029, -0.061, -0.063, -0.043, -0.004, -0.02, -0.009, -0.017, -0.024, 0.003, -0.03, 0.01, -0.04, -0.019, -0.014, -0.029, -0.006, 0.014, -0.015, -0.013, -0.023], "FUKUI-": [0.019, 0.033, -0.28, 0.025, -0.065, -0.084, 0.016, -0.006, 0.014, 0.014, 0.011, -0.009, 0.015, 0.015, -0.025, -0.038, -0.025, -0.052, -0.051, -0.047, -0.025, -0.027, -0.021, -0.021, -0.036, -0.016, -0.043, -0.004, -0.049, -0.038, -0.032, -0.044, -0.027, -0.006, -0.023, -0.027, -0.041], "FUKUIrad": [0.023, 0.03, -0.329, -0.009, -0.104, -0.073, 0.016, -0.002, 0.012, 0.012, 0.016, -0.004, 0.013, 0.013, -0.027, -0.045, -0.027, -0.056, -0.057, -0.045, -0.015, -0.023, -0.015, -0.019, -0.03, -0.007, -0.036, 0.003, -0.044, -0.029, -0.023, -0.036, -0.017, 0.004, -0.019, -0.02, -0.032], "s proportion": [1.009, 1.032, 1.925, 0.997, 1.73, 1.448, 1.014, 1.056, 1.014, 1.012, 1.013, 1.055, 1.011, 1.013, 0.969, 0.966, 0.969, 0.96, 0.96, 0.968, 0.966, 0.974, 0.97, 0.971, 0.965, 0.972, 0.969, 0.964, 0.977, 0.944, 0.982, 0.975, 0.959, 0.965, 0.974, 0.968, 0.967], "p proportion": [3.078, 2.927, 4.204, 2.506, 4.832, 3.845, 2.906, 2.954, 3.079, 3.079, 2.9, 2.954, 3.076, 3.079, 0.0, 0.0, 0.0, 0.0, 0.0, 0.0, 0.0, 0.0, 0.0, 0.0, 0.0, 0.0, 0.0, 0.0, 0.0, 0.0, 0.0, 0.0, 0.0, 0.0, 0.0, 0.0, 0.0], "d proportion": [0.0, 0.0, 0.0, 0.0, 0.0, 0.0, 0.0, 0.0, 0.0, 0.0, 0.0, 0.0, 0.0, 0.0, 0.0, 0.0, 0.0, 0.0, 0.0, 0.0, 0.0, 0.0, 0.0, 0.0, 0.0, 0.0, 0.0, 0.0, 0.0, 0.0, 0.0, 0.0, 0.0, 0.0, 0.0, 0.0, 0.0], "Fermi-level/eV": -7.9893, "Coordination numbers": [3.792, 3.793, 2.044, 2.748, 0.88, 2.756, 3.738, 3.847, 3.753, 3.752, 3.745, 3.847, 3.752, 3.753, 0.924, 0.924, 0.924, 0.924, 0.924, 0.924, 0.924, 0.924, 0.924, 0.924, 0.924, 0.924, 0.924, 0.924, 0.924, 0.924, 0.924, 0.924, 0.924, 0.924, 0.924, 0.924, 0.924], "Dispersion coefficient C6": [22.466, 20.378, 148.746, 22.007, 22.618, 23.505, 20.78, 20.749, 22.63, 22.583, 20.659, 20.74, 22.496, 22.602, 2.357, 2.409, 2.358, 2.259, 2.265, 2.334, 2.156, 2.524, 2.451, 2.544, 2.422, 2.397, 2.486, 2.495, 2.43, 2.098, 2.598, 2.541, 2.356, 2.536, 2.571, 2.451, 2.446], "Total dispersion C6": 11753.947522, "Total dispersion C8": 278228.849379, "Polarizability alpha": [6.75, 6.428, 20.527, 7.682, 6.377, 7.201, 6.505, 6.479, 6.783, 6.777, 6.484, 6.478, 6.764, 6.779, 2.401, 2.427, 2.402, 2.35, 2.353, 2.389, 2.296, 2.485, 2.448, 2.494, 2.434, 2.421, 2.466, 2.47, 2.438, 2.265, 2.521, 2.493, 2.4, 2.491, 2.507, 2.448, 2.446], "Total polarizability alpha": 163.858837, "Wiberg matrix": [[0.0, 1.0247584881224698, 0.0, 0.0, 0.0, 0.0, 0.0, 0.0, 0.0, 0.0, 0.0, 0.0, 0.0, 0.0, 0.9864330267129676, 0.9807264890467287, 0.9864439085837015, 0.0, 0.0, 0.0, 0.0, 0.0, 0.0, 0.0, 0.0, 0.0, 0.0, 0.0, 0.0, 0.0, 0.0, 0.0, 0.0, 0.0, 0.0, 0.0, 0.0], [1.0247584881224698, 0.0, 0.9804275164338401, 0.0, 0.0, 0.0, 0.0, 0.0, 0.0, 0.0, 0.0, 0.0, 0.0, 0.0, 0.0, 0.0, 0.0, 0.9737158301217532, 0.9737219588369301, 0.0, 0.0, 0.0, 0.0, 0.0, 0.0, 0.0, 0.0, 0.0, 0.0, 0.0, 0.0, 0.0, 0.0, 0.0, 0.0, 0.0, 0.0], [0.0, 0.9804275164338401, 0.0, 1.021204698096909, 0.15929688972674536, 0.0, 0.0, 0.0, 0.0, 0.0, 0.0, 0.0, 0.0, 0.0, 0.0, 0.0, 0.0, 0.0, 0.0, 0.0, 0.0, 0.0, 0.0, 0.0, 0.0, 0.0, 0.0, 0.0, 0.0, 0.0, 0.0, 0.0, 0.0, 0.0, 0.0, 0.0, 0.0], [0.0, 0.0, 1.021204698096909, 0.0, 1.6565635125043705, 1.2109958593080574, 0.0, 0.0, 0.0, 0.0, 0.0, 0.0, 0.0, 0.0, 0.0, 0.0, 0.0, 0.0, 0.0, 0.0, 0.0, 0.0, 0.0, 0.0, 0.0, 0.0, 0.0, 0.0, 0.0, 0.0, 0.0, 0.0, 0.0, 0.0, 0.0, 0.0, 0.0], [0.0, 0.0, 0.15929688972674536, 1.6565635125043705, 0.0, 0.17102777659662255, 0.0, 0.0, 0.0, 0.0, 0.0, 0.0, 0.0, 0.0, 0.0, 0.0, 0.0, 0.0, 0.0, 0.0, 0.0, 0.0, 0.0, 0.0, 0.0, 0.0, 0.0, 0.0, 0.0, 0.0, 0.0, 0.0, 0.0, 0.0, 0.0, 0.0, 0.0], [0.0, 0.0, 0.0, 1.2109958593080574, 0.17102777659662255, 0.0, 0.9861429079558531, 0.0, 0.0, 0.0, 0.9811063669175467, 0.0, 0.0, 0.0, 0.0, 0.0, 0.0, 0.0, 0.0, 0.0, 0.0, 0.0, 0.0, 0.0, 0.0, 0.0, 0.0, 0.0, 0.0, 0.0, 0.0, 0.0, 0.0, 0.0, 0.0, 0.0, 0.0], [0.0, 0.0, 0.0, 0.0, 0.0, 0.9861429079558531, 0.0, 0.9829468337575359, 0.0, 0.0, 0.0, 0.0, 0.0, 0.0, 0.0, 0.0, 0.0, 0.0, 0.0, 0.9643476164658439, 0.9618303582160758, 0.0, 0.0, 0.0, 0.0, 0.0, 0.0, 0.0, 0.0, 0.0, 0.0, 0.0, 0.0, 0.0, 0.0, 0.0, 0.0], [0.0, 0.0, 0.0, 0.0, 0.0, 0.0, 0.9829468337575359, 0.0, 1.0064022212123898, 1.0104340566637218, 0.0, 0.0, 0.0, 0.0, 0.0, 0.0, 0.0, 0.0, 0.0, 0.0, 0.0, 0.9647405919913977, 0.0, 0.0, 0.0, 0.0, 0.0, 0.0, 0.0, 0.0, 0.0, 0.0, 0.0, 0.0, 0.0, 0.0, 0.0], [0.0, 0.0, 0.0, 0.0, 0.0, 0.0, 0.0, 1.0064022212123898, 0.0, 0.0, 0.0, 0.0, 0.0, 0.0, 0.0, 0.0, 0.0, 0.0, 0.0, 0.0, 0.0, 0.0, 0.9864736700341755, 0.986591347505967, 0.9855328134902783, 0.0, 0.0, 0.0, 0.0, 0.0, 0.0, 0.0, 0.0, 0.0, 0.0, 0.0, 0.0], [0.0, 0.0, 0.0, 0.0, 0.0, 0.0, 0.0, 1.0104340566637218, 0.0, 0.0, 0.0, 0.0, 0.0, 0.0, 0.0, 0.0, 0.0, 0.0, 0.0, 0.0, 0.0, 0.0, 0.0, 0.0, 0.0, 0.9857019253953756, 0.9855491126057583, 0.9860263467231247, 0.0, 0.0, 0.0, 0.0, 0.0, 0.0, 0.0, 0.0, 0.0], [0.0, 0.0, 0.0, 0.0, 0.0, 0.9811063669175467, 0.0, 0.0, 0.0, 0.0, 0.0, 0.9831818465091806, 0.0, 0.0, 0.0, 0.0, 0.0, 0.0, 0.0, 0.0, 0.0, 0.0, 0.0, 0.0, 0.0, 0.0, 0.0, 0.0, 0.9657309073153477, 0.9664165729633474, 0.0, 0.0, 0.0, 0.0, 0.0, 0.0, 0.0], [0.0, 0.0, 0.0, 0.0, 0.0, 0.0, 0.0, 0.0, 0.0, 0.0, 0.9831818465091806, 0.0, 1.0102544649031298, 1.0065786673420303, 0.0, 0.0, 0.0, 0.0, 0.0, 0.0, 0.0, 0.0, 0.0, 0.0, 0.0, 0.0, 0.0, 0.0, 0.0, 0.0, 0.9658395661265987, 0.0, 0.0, 0.0, 0.0, 0.0, 0.0], [0.0, 0.0, 0.0, 0.0, 0.0, 0.0, 0.0, 0.0, 0.0, 0.0, 0.0, 1.0102544649031298, 0.0, 0.0, 0.0, 0.0, 0.0, 0.0, 0.0, 0.0, 0.0, 0.0, 0.0, 0.0, 0.0, 0.0, 0.0, 0.0, 0.0, 0.0, 0.0, 0.9858480388307597, 0.9857933381576118, 0.9863241798526196, 0.0, 0.0, 0.0], [0.0, 0.0, 0.0, 0.0, 0.0, 0.0, 0.0, 0.0, 0.0, 0.0, 0.0, 1.0065786673420303, 0.0, 0.0, 0.0, 0.0, 0.0, 0.0, 0.0, 0.0, 0.0, 0.0, 0.0, 0.0, 0.0, 0.0, 0.0, 0.0, 0.0, 0.0, 0.0, 0.0, 0.0, 0.0, 0.9866839514463424, 0.986589197941292, 0.985679493712166], [0.9864330267129676, 0.0, 0.0, 0.0, 0.0, 0.0, 0.0, 0.0, 0.0, 0.0, 0.0, 0.0, 0.0, 0.0, 0.0, 0.0, 0.0, 0.0, 0.0, 0.0, 0.0, 0.0, 0.0, 0.0, 0.0, 0.0, 0.0, 0.0, 0.0, 0.0, 0.0, 0.0, 0.0, 0.0, 0.0, 0.0, 0.0], [0.9807264890467287, 0.0, 0.0, 0.0, 0.0, 0.0, 0.0, 0.0, 0.0, 0.0, 0.0, 0.0, 0.0, 0.0, 0.0, 0.0, 0.0, 0.0, 0.0, 0.0, 0.0, 0.0, 0.0, 0.0, 0.0, 0.0, 0.0, 0.0, 0.0, 0.0, 0.0, 0.0, 0.0, 0.0, 0.0, 0.0, 0.0], [0.9864439085837015, 0.0, 0.0, 0.0, 0.0, 0.0, 0.0, 0.0, 0.0, 0.0, 0.0, 0.0, 0.0, 0.0, 0.0, 0.0, 0.0, 0.0, 0.0, 0.0, 0.0, 0.0, 0.0, 0.0, 0.0, 0.0, 0.0, 0.0, 0.0, 0.0, 0.0, 0.0, 0.0, 0.0, 0.0, 0.0, 0.0], [0.0, 0.9737158301217532, 0.0, 0.0, 0.0, 0.0, 0.0, 0.0, 0.0, 0.0, 0.0, 0.0, 0.0, 0.0, 0.0, 0.0, 0.0, 0.0, 0.0, 0.0, 0.0, 0.0, 0.0, 0.0, 0.0, 0.0, 0.0, 0.0, 0.0, 0.0, 0.0, 0.0, 0.0, 0.0, 0.0, 0.0, 0.0], [0.0, 0.9737219588369301, 0.0, 0.0, 0.0, 0.0, 0.0, 0.0, 0.0, 0.0, 0.0, 0.0, 0.0, 0.0, 0.0, 0.0, 0.0, 0.0, 0.0, 0.0, 0.0, 0.0, 0.0, 0.0, 0.0, 0.0, 0.0, 0.0, 0.0, 0.0, 0.0, 0.0, 0.0, 0.0, 0.0, 0.0, 0.0], [0.0, 0.0, 0.0, 0.0, 0.0, 0.0, 0.9643476164658439, 0.0, 0.0, 0.0, 0.0, 0.0, 0.0, 0.0, 0.0, 0.0, 0.0, 0.0, 0.0, 0.0, 0.0, 0.0, 0.0, 0.0, 0.0, 0.0, 0.0, 0.0, 0.0, 0.0, 0.0, 0.0, 0.0, 0.0, 0.0, 0.0, 0.0], [0.0, 0.0, 0.0, 0.0, 0.0, 0.0, 0.9618303582160758, 0.0, 0.0, 0.0, 0.0, 0.0, 0.0, 0.0, 0.0, 0.0, 0.0, 0.0, 0.0, 0.0, 0.0, 0.0, 0.0, 0.0, 0.0, 0.0, 0.0, 0.0, 0.0, 0.0, 0.0, 0.0, 0.0, 0.0, 0.0, 0.0, 0.0], [0.0, 0.0, 0.0, 0.0, 0.0, 0.0, 0.0, 0.9647405919913977, 0.0, 0.0, 0.0, 0.0, 0.0, 0.0, 0.0, 0.0, 0.0, 0.0, 0.0, 0.0, 0.0, 0.0, 0.0, 0.0, 0.0, 0.0, 0.0, 0.0, 0.0, 0.0, 0.0, 0.0, 0.0, 0.0, 0.0, 0.0, 0.0], [0.0, 0.0, 0.0, 0.0, 0.0, 0.0, 0.0, 0.0, 0.9864736700341755, 0.0, 0.0, 0.0, 0.0, 0.0, 0.0, 0.0, 0.0, 0.0, 0.0, 0.0, 0.0, 0.0, 0.0, 0.0, 0.0, 0.0, 0.0, 0.0, 0.0, 0.0, 0.0, 0.0, 0.0, 0.0, 0.0, 0.0, 0.0], [0.0, 0.0, 0.0, 0.0, 0.0, 0.0, 0.0, 0.0, 0.986591347505967, 0.0, 0.0, 0.0, 0.0, 0.0, 0.0, 0.0, 0.0, 0.0, 0.0, 0.0, 0.0, 0.0, 0.0, 0.0, 0.0, 0.0, 0.0, 0.0, 0.0, 0.0, 0.0, 0.0, 0.0, 0.0, 0.0, 0.0, 0.0], [0.0, 0.0, 0.0, 0.0, 0.0, 0.0, 0.0, 0.0, 0.9855328134902783, 0.0, 0.0, 0.0, 0.0, 0.0, 0.0, 0.0, 0.0, 0.0, 0.0, 0.0, 0.0, 0.0, 0.0, 0.0, 0.0, 0.0, 0.0, 0.0, 0.0, 0.0, 0.0, 0.0, 0.0, 0.0, 0.0, 0.0, 0.0], [0.0, 0.0, 0.0, 0.0, 0.0, 0.0, 0.0, 0.0, 0.0, 0.9857019253953756, 0.0, 0.0, 0.0, 0.0, 0.0, 0.0, 0.0, 0.0, 0.0, 0.0, 0.0, 0.0, 0.0, 0.0, 0.0, 0.0, 0.0, 0.0, 0.0, 0.0, 0.0, 0.0, 0.0, 0.0, 0.0, 0.0, 0.0], [0.0, 0.0, 0.0, 0.0, 0.0, 0.0, 0.0, 0.0, 0.0, 0.9855491126057583, 0.0, 0.0, 0.0, 0.0, 0.0, 0.0, 0.0, 0.0, 0.0, 0.0, 0.0, 0.0, 0.0, 0.0, 0.0, 0.0, 0.0, 0.0, 0.0, 0.0, 0.0, 0.0, 0.0, 0.0, 0.0, 0.0, 0.0], [0.0, 0.0, 0.0, 0.0, 0.0, 0.0, 0.0, 0.0, 0.0, 0.9860263467231247, 0.0, 0.0, 0.0, 0.0, 0.0, 0.0, 0.0, 0.0, 0.0, 0.0, 0.0, 0.0, 0.0, 0.0, 0.0, 0.0, 0.0, 0.0, 0.0, 0.0, 0.0, 0.0, 0.0, 0.0, 0.0, 0.0, 0.0], [0.0, 0.0, 0.0, 0.0, 0.0, 0.0, 0.0, 0.0, 0.0, 0.0, 0.9657309073153477, 0.0, 0.0, 0.0, 0.0, 0.0, 0.0, 0.0, 0.0, 0.0, 0.0, 0.0, 0.0, 0.0, 0.0, 0.0, 0.0, 0.0, 0.0, 0.0, 0.0, 0.0, 0.0, 0.0, 0.0, 0.0, 0.0], [0.0, 0.0, 0.0, 0.0, 0.0, 0.0, 0.0, 0.0, 0.0, 0.0, 0.9664165729633474, 0.0, 0.0, 0.0, 0.0, 0.0, 0.0, 0.0, 0.0, 0.0, 0.0, 0.0, 0.0, 0.0, 0.0, 0.0, 0.0, 0.0, 0.0, 0.0, 0.0, 0.0, 0.0, 0.0, 0.0, 0.0, 0.0], [0.0, 0.0, 0.0, 0.0, 0.0, 0.0, 0.0, 0.0, 0.0, 0.0, 0.0, 0.9658395661265987, 0.0, 0.0, 0.0, 0.0, 0.0, 0.0, 0.0, 0.0, 0.0, 0.0, 0.0, 0.0, 0.0, 0.0, 0.0, 0.0, 0.0, 0.0, 0.0, 0.0, 0.0, 0.0, 0.0, 0.0, 0.0], [0.0, 0.0, 0.0, 0.0, 0.0, 0.0, 0.0, 0.0, 0.0, 0.0, 0.0, 0.0, 0.9858480388307597, 0.0, 0.0, 0.0, 0.0, 0.0, 0.0, 0.0, 0.0, 0.0, 0.0, 0.0, 0.0, 0.0, 0.0, 0.0, 0.0, 0.0, 0.0, 0.0, 0.0, 0.0, 0.0, 0.0, 0.0], [0.0, 0.0, 0.0, 0.0, 0.0, 0.0, 0.0, 0.0, 0.0, 0.0, 0.0, 0.0, 0.9857933381576118, 0.0, 0.0, 0.0, 0.0, 0.0, 0.0, 0.0, 0.0, 0.0, 0.0, 0.0, 0.0, 0.0, 0.0, 0.0, 0.0, 0.0, 0.0, 0.0, 0.0, 0.0, 0.0, 0.0, 0.0], [0.0, 0.0, 0.0, 0.0, 0.0, 0.0, 0.0, 0.0, 0.0, 0.0, 0.0, 0.0, 0.9863241798526196, 0.0, 0.0, 0.0, 0.0, 0.0, 0.0, 0.0, 0.0, 0.0, 0.0, 0.0, 0.0, 0.0, 0.0, 0.0, 0.0, 0.0, 0.0, 0.0, 0.0, 0.0, 0.0, 0.0, 0.0], [0.0, 0.0, 0.0, 0.0, 0.0, 0.0, 0.0, 0.0, 0.0, 0.0, 0.0, 0.0, 0.0, 0.9866839514463424, 0.0, 0.0, 0.0, 0.0, 0.0, 0.0, 0.0, 0.0, 0.0, 0.0, 0.0, 0.0, 0.0, 0.0, 0.0, 0.0, 0.0, 0.0, 0.0, 0.0, 0.0, 0.0, 0.0], [0.0, 0.0, 0.0, 0.0, 0.0, 0.0, 0.0, 0.0, 0.0, 0.0, 0.0, 0.0, 0.0, 0.986589197941292, 0.0, 0.0, 0.0, 0.0, 0.0, 0.0, 0.0, 0.0, 0.0, 0.0, 0.0, 0.0, 0.0, 0.0, 0.0, 0.0, 0.0, 0.0, 0.0, 0.0, 0.0, 0.0, 0.0], [0.0, 0.0, 0.0, 0.0, 0.0, 0.0, 0.0, 0.0, 0.0, 0.0, 0.0, 0.0, 0.0, 0.985679493712166, 0.0, 0.0, 0.0, 0.0, 0.0, 0.0, 0.0, 0.0, 0.0, 0.0, 0.0, 0.0, 0.0, 0.0, 0.0, 0.0, 0.0, 0.0, 0.0, 0.0, 0.0, 0.0, 0.0]], "Born radii": [], "Atomic SASAs": [], "Solvent H bonds": [], "Total SASA": NaN, "Total FOD": 0.0, "FOD": [0.0, 0.0, 0.0, 0.0, 0.0, 0.0, 0.0, 0.0, 0.0, 0.0, 0.0, 0.0, 0.0, 0.0, 0.0, 0.0, 0.0, 0.0, 0.0, 0.0, 0.0, 0.0, 0.0, 0.0, 0.0, 0.0, 0.0, 0.0, 0.0, 0.0, 0.0, 0.0, 0.0, 0.0, 0.0, 0.0, 0.0], "FOD s proportion": [0.0, 0.0, 0.0, 0.0, 0.0, 0.0, 0.0, 0.0, 0.0, 0.0, 0.0, 0.0, 0.0, 0.0, 0.0, 0.0, 0.0, 0.0, 0.0, 0.0, 0.0, 0.0, 0.0, 0.0, 0.0, 0.0, 0.0, 0.0, 0.0, 0.0, 0.0, 0.0, 0.0, 0.0, 0.0, 0.0, 0.0], "FOD p proportion": [0.0, 0.0, 0.0, 0.0, 0.0, 0.0, 0.0, 0.0, 0.0, 0.0, 0.0, 0.0, 0.0, 0.0, 0.0, 0.0, 0.0, 0.0, 0.0, 0.0, 0.0, 0.0, 0.0, 0.0, 0.0, 0.0, 0.0, 0.0, 0.0, 0.0, 0.0, 0.0, 0.0, 0.0, 0.0, 0.0, 0.0], "FOD d proportion": [0.0, 0.0, 0.0, 0.0, 0.0, 0.0, 0.0, 0.0, 0.0, 0.0, 0.0, 0.0, 0.0, 0.0, 0.0, 0.0, 0.0, 0.0, 0.0, 0.0, 0.0, 0.0, 0.0, 0.0, 0.0, 0.0, 0.0, 0.0, 0.0, 0.0, 0.0, 0.0, 0.0, 0.0, 0.0, 0.0, 0.0], "coordinates": [["4.95800", "-0.91990", "-0.53060"], ["3.82540", "-0.03470", "-0.04070"], ["2.22730", "-0.78480", "-0.46110"], ["1.14450", "0.42320", "0.22050"], ["1.60920", "1.42510", "0.75470"], ["-0.22780", "0.18370", "0.11030"], ["-0.85350", "-0.99930", "-0.50610"], ["-1.41950", "-2.00700", "0.51600"], ["-2.17690", "-3.11660", "-0.21780"], ["-0.33570", "-2.62010", "1.40230"], ["-1.13110", "1.21320", "0.63780"], ["-1.70220", "2.14970", "-0.44620"], ["-0.61620", "2.98290", "-1.12840"], ["-2.75210", "3.07550", "0.17280"], ["4.92580", "-1.91030", "-0.06370"], ["5.92150", "-0.46600", "-0.27600"], ["4.92920", "-1.04560", "-1.61840"], ["3.90250", "0.95160", "-0.50920"], ["3.89930", "0.08730", "1.04470"], ["-1.66620", "-0.63770", "-1.14680"], ["-0.16070", "-1.50840", "-1.18040"], ["-2.13600", "-1.49710", "1.17040"], ["-1.51310", "-3.67740", "-0.88470"], ["-2.99040", "-2.69920", "-0.82060"], ["-2.61830", "-3.82290", "0.49330"], ["0.41090", "-3.15570", "0.80700"], ["-0.77350", "-3.33450", "2.10810"], ["0.17600", "-1.85330", "1.99200"], ["-1.95000", "0.70740", "1.16050"], ["-0.61360", "1.80960", "1.39880"], ["-2.20080", "1.55170", "-1.21810"], ["-1.05680", "3.67100", "-1.85800"], ["-0.05520", "3.57860", "-0.40050"], ["0.09070", "2.34610", "-1.66910"], ["-3.56240", "2.49560", "0.62720"], ["-2.31330", "3.71200", "0.94880"], ["-3.19530", "3.72610", "-0.58860"]], "bond_dist": [[0.0, 1.5186717255549338, 2.7349231707673254, 4.112280519371216, 4.285496765837071, 5.3405250125806925, 5.812094016789475, 6.553599333190884, 7.47195641984079, 5.886428640525595, 6.556859993930021, 7.334018786449895, 6.830879761787643, 8.712269206699252, 1.0954107038001775, 1.0950701438720716, 1.0954171671103208, 2.1487322913755453, 2.148689744937598, 6.6587810385985815, 5.193232324862811, 7.317881991396145, 7.04303402448121, 8.150280427690817, 8.177780988752389, 5.2406196017264985, 6.755969441908393, 5.486553592192461, 7.295778813807337, 6.49734416280991, 7.604595995186069, 7.682198422977631, 6.736883738049812, 5.971059164000973, 9.25220823641578, 8.747281043844424, 9.38429437357972], [1.5186717255549338, 0.0, 1.8147478557639902, 2.7322376653578293, 2.770418675940516, 4.061887467668203, 4.7999120335689485, 5.631061906070649, 6.749598307306887, 5.10698495885782, 5.156016767816024, 5.957381586737583, 5.478760043111945, 7.278903251177337, 2.174691821845109, 2.152909888964236, 2.1747253941589957, 1.0946343453409453, 1.0947320996481285, 5.6342467792953475, 4.399966021459711, 6.256489984807776, 6.517758935401033, 7.359547126012578, 7.493789757525894, 4.702982728014212, 6.05441183683436, 4.556017516428136, 5.945488963071078, 5.017800687552267, 6.341768062614715, 6.393017176576331, 5.31455071384214, 4.7188853864021745, 7.837607883786991, 7.259511610983207, 7.983360165995268], [2.7349231707673254, 1.8147478557639902, 0.0, 1.759630188420283, 2.5968972370889074, 2.700371496664857, 3.0885860664711937, 3.968330567127693, 4.989335002783437, 3.6619058767259434, 4.059363961262897, 4.904333034164789, 4.76721562654764, 6.332311557401452, 2.9506913189962787, 3.7125475202345894, 2.9508682688320733, 2.4132330202448333, 2.4132086627558755, 3.9561553495786788, 2.596831425025506, 4.712488772400419, 4.747332290876635, 5.569430931432762, 5.798342032857324, 3.244773240150997, 4.701761305085574, 3.371531336054879, 4.7229315779502885, 4.273271835490927, 5.0636302056923554, 5.7088349126595, 4.924706912091317, 3.9782984264632537, 6.74285155850253, 6.544163553121209, 7.0547194005148075], [4.112280519371216, 2.7322376653578293, 1.759630188420283, 0.0, 1.2268330530271836, 1.3973945684737723, 2.558018336525366, 3.545037135207472, 4.873806406701029, 3.5845945614532195, 2.4447074773886546, 3.3954369424272928, 3.3869838780248127, 4.71385851930242, 4.452439958045476, 4.884354398485024, 4.456779189055702, 2.9014190752113005, 2.895005611393526, 3.3007654551633925, 2.7197695508994872, 3.9181044332687205, 5.009912689857978, 5.284947396143125, 5.6800043036955525, 3.700091406979022, 4.621911622911022, 3.042804093266604, 3.246582801962704, 2.5301010770322994, 3.8123633483706665, 4.440055042451613, 3.432414638414188, 2.8945858097489525, 5.158987716597124, 4.827318838651534, 5.513406865088046], [4.285496765837071, 2.770418675940516, 2.5968972370889074, 1.2268330530271836, 0.0, 2.3088729544953313, 3.678617034973877, 4.583591581936593, 5.992274054981131, 4.534938236624618, 2.7509655232299806, 3.5961890842946507, 3.3053307867746007, 4.699294144868993, 4.774359358070987, 4.820221259444425, 4.770572512812272, 2.660990482884146, 2.6680267708551955, 4.3126663736022985, 3.9347910071565426, 4.768498964034699, 6.202571716634964, 6.375558072827821, 6.744004019126916, 4.735228275384409, 5.492061817751144, 3.785879037951424, 3.653446533069835, 2.345963533390918, 4.292326571918776, 4.3563544506846545, 2.95673411892243, 3.0048110905679244, 5.282771342770762, 4.544622390254222, 5.493839835670494], [5.3405250125806925, 4.061887467668203, 2.700371496664857, 1.3973945684737723, 2.3088729544953313, 0.0, 1.4734104825200616, 2.5266396399170183, 3.8468975174808073, 3.089045297498889, 1.4676775497363173, 2.5196633922014264, 3.08557172822153, 3.8390759278763946, 5.565492337610394, 6.195581350446462, 5.57622015167981, 4.24650782997041, 4.232652918678781, 2.079421296899693, 2.12922786709173, 2.755018673257951, 4.189285655096821, 4.099956826601958, 4.681241588510468, 3.470579337805145, 4.082489996313524, 2.8023594219871226, 2.0840236490980617, 2.1101243328297032, 2.7438658057565424, 4.089340677908848, 3.4374486774350532, 2.8184535422816532, 4.090430830609411, 4.183454719487233, 4.673661864106132], [5.812094016789475, 4.7999120335689485, 3.0885860664711937, 2.558018336525366, 3.678617034973877, 1.4734104825200616, 0.0, 1.5428881035253335, 2.5134565323474365, 2.556775320594283, 2.5061375101937244, 3.261913656122737, 4.037509804322461, 4.546381221367166, 5.867362887192167, 6.799851461612967, 5.88888565604733, 5.140579385633491, 5.116130182080984, 1.0962355312614163, 1.0926276309887097, 2.168700841517797, 2.783995281964393, 2.748619993742315, 3.4764977146547937, 2.8236501075735285, 3.5062231360824714, 2.833670739517914, 2.625393818077585, 3.402369061404127, 2.9714915934594197, 4.866278515457166, 4.648182726614778, 3.6654854794419793, 4.564738120637371, 5.1423824964699, 5.274489420787571], [6.553599333190884, 5.631061906070649, 3.968330567127693, 3.545037135207472, 4.583591581936593, 2.5266396399170183, 1.5428881035253335, 0.0, 1.53079370262619, 1.5284115087240084, 3.2353821783523506, 4.27596807986215, 5.314926552643978, 5.265492878164398, 6.372459106969616, 7.542693550715155, 6.766531239120972, 6.174790117890648, 5.740666304532951, 2.168120665461219, 2.170472842493082, 1.096179556459616, 2.18196187180253, 2.1756303017746372, 2.1760352800448803, 2.1804946342515956, 2.171256470341539, 2.178949274306311, 2.8398552533535937, 3.999405732105709, 4.035080939708645, 6.16499077777088, 5.8223890371564835, 5.099494647511653, 4.987764289739442, 5.804580542984997, 6.102625861872904], [7.47195641984079, 6.749598307306887, 4.989335002783437, 4.873806406701029, 5.992274054981131, 3.8468975174808073, 2.5134565323474365, 1.53079370262619, 0.0, 2.5022497277450144, 4.535737761379068, 5.292581821757695, 6.361515314765814, 6.231013224989978, 7.206056743462405, 8.52133499869592, 7.533085594230295, 7.3208107174000885, 6.98420273903901, 2.6960713454951444, 2.752811006952711, 2.133436734473277, 1.0953915692573135, 1.095158824098131, 1.095151523762808, 2.7836042624626076, 2.725219767284833, 3.466306584824834, 4.071138722765413, 5.415233041153446, 4.774326778719697, 7.0722269342831465, 7.025716562742907, 6.090104493356415, 5.842124963572758, 6.928877144242059, 6.927999313654701], [5.886428640525595, 5.10698495885782, 3.6619058767259434, 3.5845945614532195, 4.534938236624618, 3.089045297498889, 2.556775320594283, 1.5284115087240084, 2.5022497277450144, 0.0, 3.988898381759054, 5.294833948293374, 6.154407505194956, 6.307972619629861, 5.507844795380494, 6.827106967083495, 6.270793470526677, 5.8628672490514395, 5.039158413862379, 3.4925708038635377, 2.817239993326802, 2.1344757435960706, 2.7811010499440685, 3.463375998935143, 2.7355569085654206, 1.094833781904815, 1.0955317612922044, 1.0943332307848463, 3.706303816472686, 4.438409934875327, 5.267732852945373, 7.122322690667701, 6.4616290345392, 5.854780726893194, 6.097766754312598, 6.64921457166183, 7.239837664616521], [6.556859993930021, 5.156016767816024, 4.059363961262897, 2.4447074773886546, 2.7509655232299806, 1.4676775497363173, 2.5061375101937244, 3.2353821783523506, 4.535737761379068, 3.988898381759054, 0.0, 1.5421554590896471, 2.5527284501098033, 2.512374830712965, 6.850867982234076, 7.307113646303853, 6.849806710411616, 5.169252607485921, 5.1708937892786, 2.62620638564451, 3.4138883930204864, 2.939253793057007, 5.136331240292043, 4.570645557248998, 5.2530893101107665, 4.636127678353994, 4.792831641107373, 3.598025889289848, 1.095283588848112, 1.0966404196453823, 2.168687425610247, 3.5036151286920774, 2.798346808385265, 2.845706460617469, 2.7487964293486704, 2.7817834710846925, 3.475578370573738], [7.334018786449895, 5.957381586737583, 4.904333034164789, 3.3954369424272928, 3.5961890842946507, 2.5196633922014264, 3.261913656122737, 4.27596807986215, 5.292581821757695, 5.294833948293374, 1.5421554590896471, 0.0, 1.529383889021981, 1.530541293137823, 7.782049232046789, 8.061740272422574, 7.453821898194241, 5.731672940773923, 6.152485580641372, 2.874323419519801, 4.03695027217329, 4.012571275379417, 5.846634542196048, 5.031050169696185, 6.1150511216178725, 5.846620477677682, 6.120733764835716, 5.049402289380398, 2.1732738023544114, 2.1690419474966363, 1.0963738276701065, 2.17349352195952, 2.180929320266936, 2.1791162841849445, 2.1753570764359584, 2.1817996012466407, 2.175927923898216], [6.830879761787643, 5.478760043111945, 4.76721562654764, 3.3869838780248127, 3.3053307867746007, 3.08557172822153, 4.037509804322461, 5.314926552643978, 6.361515314765814, 6.154407505194956, 2.5527284501098033, 1.529383889021981, 0.0, 2.5027514878629082, 7.469321008632579, 7.440632920659371, 6.871708187197707, 4.992818644813768, 5.787625006857303, 3.769825316907933, 4.51463840633998, 5.259721806331586, 6.724835714721959, 6.165859785139458, 7.2771717679329235, 6.517907450248124, 7.099944950490814, 5.809759671449414, 3.4922751752976167, 2.7862841725136365, 2.1371328199248634, 1.0954113976036584, 1.0951793916979993, 1.0943392252861999, 3.464056450175141, 2.7796573637770536, 2.7377887226738298], [8.712269206699252, 7.278903251177337, 6.332311557401452, 4.71385851930242, 4.699294144868993, 3.8390759278763946, 4.546381221367166, 5.265492878164398, 6.231013224989978, 6.307972619629861, 2.512374830712965, 1.530541293137823, 2.5027514878629082, 0.0, 9.157744389313342, 9.379497889013036, 8.899114132316766, 7.01853092676808, 7.343750459404241, 4.087588189874317, 5.436786128771298, 4.720535534237614, 6.9465880588962525, 5.864366166944215, 6.907137268796676, 7.01673941941697, 6.9820014358348566, 6.0146760253566445, 2.6882732952585013, 2.7710577511123797, 2.13553294050923, 2.7116067155839545, 2.8026865879009732, 3.4649865526434587, 1.0951481452296759, 1.095378331901814, 1.095187910817135], [1.0954107038001775, 2.174691821845109, 2.9506913189962787, 4.452439958045476, 4.774359358070987, 5.565492337610394, 5.867362887192167, 6.372459106969616, 7.206056743462405, 5.507844795380494, 6.850867982234076, 7.782049232046789, 7.469321008632579, 9.157744389313342, 0.0, 1.7670575174566336, 1.7789912141435662, 3.071821080401657, 2.5045276141420363, 6.800520595513258, 5.223124041222839, 7.180721153895338, 6.727266652957945, 7.991338014375314, 7.802674706150449, 4.763765491709264, 6.263152670181368, 5.1758817152249526, 7.458394235356562, 6.830923409027508, 8.006654165130401, 8.376271541682492, 7.4196912637925845, 6.638707865993201, 9.588474167457509, 9.221712549738253, 9.899332814892123], [1.0950701438720716, 2.152909888964236, 3.7125475202345894, 4.884354398485024, 4.820221259444425, 6.195581350446462, 6.799851461612967, 7.542693550715155, 8.52133499869592, 6.827106967083495, 7.307113646303853, 8.061740272422574, 7.440632920659371, 9.379497889013036, 1.7670575174566336, 0.0, 1.7670973968630028, 2.477969531693237, 2.4778382150576337, 7.63943484951603, 6.236801580938742, 8.25097245299001, 8.121384291486272, 9.20357175285769, 9.208082544156518, 6.226884248964324, 7.663892617984676, 6.330813181574702, 8.087083037783154, 7.119750164858315, 8.42202012524311, 8.265238283921402, 7.21770270238391, 6.6216963581849635, 9.976532664708717, 9.314920830581439, 10.039295961869039], [1.0954171671103208, 2.1747253941589957, 2.9508682688320733, 4.456779189055702, 4.770572512812272, 5.57622015167981, 5.88888565604733, 6.766531239120972, 7.533085594230295, 6.270793470526677, 6.849806710411616, 7.453821898194241, 6.871708187197707, 8.899114132316766, 1.7789912141435662, 1.7670973968630028, 0.0, 2.5046447592423164, 3.0718492850398764, 6.624808686294268, 5.129630576367074, 7.609093817926022, 6.997707926171254, 8.12963356861796, 8.31489196742808, 5.5452792589733475, 7.18656056469296, 6.023311189868908, 7.623561297057957, 6.926636609495261, 7.598888562151705, 7.624691450806386, 6.90729682364961, 5.909084669388314, 9.47048506466274, 9.037647915801987, 9.478243992428132], [2.1487322913755453, 1.0946343453409453, 2.4132330202448333, 2.9014190752113005, 2.660990482884146, 4.24650782997041, 5.140579385633491, 6.174790117890648, 7.3208107174000885, 5.8628672490514395, 5.169252607485921, 5.731672940773923, 4.992818644813768, 7.01853092676808, 3.071821080401657, 2.477969531693237, 2.5046447592423164, 0.0, 1.778097280803275, 5.826047368499505, 4.797051561115432, 6.729091327958033, 7.1342388949347635, 7.8062398765346686, 8.143812936211145, 5.549195102895554, 6.861915803913656, 5.292472739655821, 6.0909184841040185, 4.977126400846175, 6.173567049121601, 5.814555381970319, 4.751455985274408, 4.2213525676020005, 7.7071442811199535, 6.9556985127304065, 7.621215090128345], [2.148689744937598, 1.0947320996481285, 2.4132086627558755, 2.895005611393526, 2.6680267708551955, 4.232652918678781, 5.116130182080984, 5.740666304532951, 6.98420273903901, 5.039158413862379, 5.1708937892786, 6.152485580641372, 5.787625006857303, 7.343750459404241, 2.5045276141420363, 2.4778382150576337, 3.0718492850398764, 1.778097280803275, 0.0, 6.025204353380888, 4.89703262190482, 6.241071217347227, 6.869470446111548, 7.662368591369121, 7.620552195215253, 4.7689081402350375, 5.888513788724622, 4.304215206050924, 5.883217159004077, 4.843342906505795, 6.669029255446403, 6.7698966159019, 5.469538278502126, 5.193488407611978, 7.851826668361956, 7.193333417825146, 8.13891168953196], [6.6587810385985815, 5.6342467792953475, 3.9561553495786788, 3.3007654551633925, 4.3126663736022985, 2.079421296899693, 1.0962355312614163, 2.168120665461219, 2.6960713454951444, 3.4925708038635377, 2.62620638564451, 2.874323419519801, 3.769825316907933, 4.087588189874317, 6.800520595513258, 7.63943484951603, 6.624808686294268, 5.826047368499505, 6.025204353380888, 0.0, 1.7394762717553807, 2.515690012700293, 3.054817852180388, 2.471779587665534, 3.7070097733887892, 3.804208570780524, 4.320187211221291, 3.8371147546040367, 2.685790338056938, 3.684741973327305, 2.2548510394258865, 4.409316215696035, 4.574873810281546, 3.5017934462215212, 4.069424938489467, 4.871362012825571, 4.657519134689626], [5.193232324862811, 4.399966021459711, 2.596831425025506, 2.7197695508994872, 3.9347910071565426, 2.12922786709173, 1.0926276309887097, 2.170472842493082, 2.752811006952711, 2.817239993326802, 3.4138883930204864, 4.03695027217329, 4.51463840633998, 5.436786128771298, 5.223124041222839, 6.236801580938742, 5.129630576367074, 4.797051561115432, 4.89703262190482, 1.7394762717553807, 0.0, 3.0705371549616527, 2.5731275230738175, 3.091061754478548, 3.768020660771382, 2.6438764362201197, 3.8110887289592195, 3.208807357882364, 3.6866213448088208, 4.226880060990612, 3.6779941965696468, 5.299841632539598, 5.147518165096652, 3.89348171948964, 5.556167442581262, 6.0348782556071505, 6.079392621800307], [7.317881991396145, 6.256489984807776, 4.712488772400419, 3.9181044332687205, 4.768498964034699, 2.755018673257951, 2.168700841517797, 1.096179556459616, 2.133436734473277, 2.1344757435960706, 2.939253793057007, 4.012571275379417, 5.259721806331586, 4.720535534237614, 7.180721153895338, 8.25097245299001, 7.609093817926022, 6.729091327958033, 6.241071217347227, 2.515690012700293, 3.0705371549616527, 0.0, 3.0602530140496556, 2.4777257253376535, 2.4699035082367087, 3.0609987144721247, 2.472190587313203, 2.479364636353435, 2.2123549127569926, 3.6474831336141915, 3.8735400772420054, 6.086471622376958, 5.706153340035649, 5.271730207436644, 4.2744983904547205, 5.216825151373199, 5.612309304555478], [7.04303402448121, 6.517758935401033, 4.747332290876635, 5.009912689857978, 6.202571716634964, 4.189285655096821, 2.783995281964393, 2.18196187180253, 1.0953915692573135, 2.7811010499440685, 5.136331240292043, 5.846634542196048, 6.724835714721959, 6.9465880588962525, 6.727266652957945, 8.121384291486272, 6.997707926171254, 7.1342388949347635, 6.869470446111548, 3.054817852180388, 2.5731275230738175, 3.0602530140496556, 0.0, 1.7729634344791212, 1.7724337194941877, 2.614535480730755, 3.1018446785743476, 3.8020787090748134, 4.858003261629206, 6.010876932694597, 5.284654545001026, 7.4266079161350635, 7.41683612128514, 6.282516219636842, 6.677679319943419, 7.655408196170861, 7.597978961539707], [8.150280427690817, 7.359547126012578, 5.569430931432762, 5.284947396143125, 6.375558072827821, 4.099956826601958, 2.748619993742315, 2.1756303017746372, 1.095158824098131, 3.463375998935143, 4.570645557248998, 5.031050169696185, 6.165859785139458, 5.864366166944215, 7.991338014375314, 9.20357175285769, 8.12963356861796, 7.8062398765346686, 7.662368591369121, 2.471779587665534, 3.091061754478548, 2.4777257253376535, 1.7729634344791212, 0.0, 1.768472026920415, 3.79819900742444, 3.7276715775400606, 4.318837173360441, 4.075795987288863, 5.559153896052888, 4.3418458309801835, 6.73754077983948, 6.94281325472607, 5.972284449856687, 5.423030138216087, 6.685261865476924, 6.4327512076871125], [8.177780988752389, 7.493789757525894, 5.798342032857324, 5.6800043036955525, 6.744004019126916, 4.681241588510468, 3.4764977146547937, 2.1760352800448803, 1.095151523762808, 2.7355569085654206, 5.2530893101107665, 6.1150511216178725, 7.2771717679329235, 6.907137268796676, 7.802674706150449, 9.208082544156518, 8.31489196742808, 8.143812936211145, 7.620552195215253, 3.7070097733887892, 3.768020660771382, 2.4699035082367087, 1.7724337194941877, 1.768472026920415, 0.0, 3.1176298962513176, 2.499880125126003, 3.732765508306141, 4.62767747579712, 6.046801517331291, 5.655927984866851, 8.00783560957641, 7.883562792291313, 7.076101734712412, 6.390046656324193, 7.5548145748257785, 7.647930282762782], [5.2406196017264985, 4.702982728014212, 3.244773240150997, 3.700091406979022, 4.735228275384409, 3.470579337805145, 2.8236501075735285, 2.1804946342515956, 2.7836042624626076, 1.094833781904815, 4.636127678353994, 5.846620477677682, 6.517907450248124, 7.01673941941697, 4.763765491709264, 6.226884248964324, 5.5452792589733475, 5.549195102895554, 4.7689081402350375, 3.804208570780524, 2.6438764362201197, 3.0609987144721247, 2.614535480730755, 3.79819900742444, 3.1176298962513176, 0.0, 1.7685118065763654, 1.7764145828043634, 4.541184060352542, 5.104314996157663, 5.751662512700132, 7.473968235147912, 6.857558016524541, 6.041804572311156, 6.910617383418069, 7.3896330199814395, 7.893766467282903], [6.755969441908393, 6.05441183683436, 4.701761305085574, 4.621911622911022, 5.492061817751144, 4.082489996313524, 3.5062231360824714, 2.171256470341539, 2.725219767284833, 1.0955317612922044, 4.792831641107373, 6.120733764835716, 7.099944950490814, 6.9820014358348566, 6.263152670181368, 7.663892617984676, 7.18656056469296, 6.861915803913656, 5.888513788724622, 4.320187211221291, 3.8110887289592195, 2.472190587313203, 3.1018446785743476, 3.7276715775400606, 2.499880125126003, 1.7685118065763654, 0.0, 1.7632308130247722, 4.314980141321626, 5.195232363427068, 6.080768222025898, 8.0552615320671, 7.389179958561031, 6.876285177332307, 6.630316284311029, 7.3053489156918445, 7.936584812751641], [5.486553592192461, 4.556017516428136, 3.371531336054879, 3.042804093266604, 3.785879037951424, 2.8023594219871226, 2.833670739517914, 2.178949274306311, 3.466306584824834, 1.0943332307848463, 3.598025889289848, 5.049402289380398, 5.809759671449414, 6