{"total energy": -41.38362547, "HOMO-LUMO gap/eV": 1.79987369, "electronic energy": -42.12464387, "dipole": [-0.00034572, -0.00234782, 0.02092084], "partial charges": [-0.10485405, -0.00399027, 0.00548463, -0.03756094, -0.03173792, -0.03173597, -0.03756026, 0.00548798, -0.0039963, -0.10487019, 0.00548846, -0.03756057, -0.03172385, -0.03173401, -0.03756536, 0.00547557, 0.0453545, 0.04097491, 0.04098388, 0.02990019, 0.02466523, 0.0246775, 0.02991752, 0.04096686, 0.04098612, 0.04536503, 0.02991361, 0.02465337, 0.02467185, 0.02992249], "atomic dipole moments": [[0.0023832, -0.07051992, 0.01257982], [-0.0023733, 0.06489156, -0.00259892], [-0.01229006, -0.02340621, -0.00168942], [0.04753251, -0.01355088, -0.00335364], [-0.02739276, -0.02651383, -0.00183413], [-0.02935427, 0.024, 0.00399003], [0.04628878, 0.01761019, 0.00023961], [-0.01411675, 0.02211922, 0.00353857], [0.0026754, -0.06253563, -0.01729448], [-0.00303953, 0.06576371, 0.02829884], [0.01228104, 0.02307921, 0.00409203], [-0.04743634, 0.01412868, -0.00162425], [0.02729, 0.02616213, 0.00510354], [0.02933063, -0.0244025, -0.00070996], [-0.04621211, -0.0170147, -0.00519547], [0.01408212, -0.0224262, -0.00119929], [-0.00401737, 0.04031205, 0.12624794], [-0.09287467, 0.05369695, -0.07070448], [0.09137576, 0.06054458, -0.06701718], [-0.0241788, 0.14624811, 0.02398956], [-0.1333021, 0.06891443, 0.01548652], [-0.12739444, -0.08072967, -0.00174592], [-0.01252123, -0.14927532, -0.01000195], [0.09519036, -0.03645517, -0.07820088], [-0.0890136, -0.04330137, -0.08188872], [0.00026453, -0.06806908, 0.11378092], [0.02393363, -0.14792037, -0.00929054], [0.13298993, -0.07111461, 0.00348349], [0.12709866, 0.07856603, 0.02069097], [0.01229043, 0.14757428, 0.02470109]], "atomic quadrupole moments": [[0.00454995, -0.00571435, 0.13655939, 0.00142942, 0.03960599, -0.14110934], [-0.35139054, -0.01073586, -0.06823369, -0.01574292, 0.00932471, 0.41962423], [-0.24044931, -0.02616896, -0.15873191, 0.0392194, -0.06398347, 0.39918123], [-0.28015784, 0.00263062, -0.20931608, 0.04482789, -0.10851318, 0.48947392], [-0.3225644, -0.01340898, -0.18434756, 0.04250023, -0.08303746, 0.50691195], [-0.32309957, -0.00654182, -0.18566495, 0.04293302, -0.07498286, 0.50876452], [-0.27859492, -0.01666387, -0.22355376, 0.04041235, -0.05404437, 0.50214867], [-0.24337524, 0.01050871, -0.15610844, 0.04341805, -0.06244929, 0.39948369], [-0.35158951, -0.00932272, -0.03852443, -0.0105151, -0.1170867, 0.39011395], [0.00456505, -0.00556351, 0.13977369, 0.00198958, 0.0260976, -0.14433874], [-0.23721749, -0.01418839, -0.1579692, -0.06412732, -0.06691322, 0.39518669], [-0.27658811, 0.01470966, -0.22123896, -0.06733783, -0.05745184, 0.49782707], [-0.31896875, -0.00047225, -0.18526798, -0.07034047, -0.07902507, 0.50423674], [-0.319572, 0.00656374, -0.18285277, -0.06920154, -0.0867949, 0.50242477], [-0.27520923, -0.00328737, -0.20974946, -0.0672048, -0.11280211, 0.48495868], [-0.24008133, 0.02254502, -0.15512977, -0.05987241, -0.06667211, 0.39521111], [-0.04514009, -0.00117927, -0.0266073, -0.00324733, 0.02444327, 0.07174739], [0.06571302, -0.01058025, -0.02615171, 0.05139575, -0.01093384, -0.03956131], [0.06751192, 0.01789823, -0.02405917, -0.0461558, -0.01398679, -0.04345275], [0.04274038, 0.0240411, 0.03130897, -0.00290725, 0.01068543, -0.07404935], [0.02855422, 0.00608525, 0.03930142, -0.0041573, 0.01306355, -0.06785564], [0.02950117, -0.0058359, 0.03873373, -0.00548052, 0.01149959, -0.0682349], [0.0463316, -0.02164301, 0.02718831, -0.00827046, 0.01287476, -0.07351991], [0.06889485, 0.00066037, -0.03171883, -0.04922461, 0.01299301, -0.03717603], [0.06445321, 0.00604378, -0.03132917, 0.05220248, 0.01686284, -0.03312404], [-0.04523083, -0.00040509, -0.01061387, -0.00040004, -0.04379822, 0.05584469], [0.04226322, 0.02223858, 0.03044888, 0.01194805, 0.01449174, -0.0727121], [0.02817407, 0.00465045, 0.03948665, 0.00845956, 0.01223318, -0.06766071], [0.02911578, -0.00733732, 0.03830194, 0.0070412, 0.01321167, -0.06741773], [0.04585369, -0.02335506, 0.02783234, 0.00686523, 0.01011656, -0.07368603]], "number of molecular orbitals": 78, "number of electrons": 78, "number of unpaired electrons": 0, "orbital energies/eV": [-17.49413128, -17.33638227, -17.0790746, -16.95710148, -16.58984975, -16.54603301, -16.34543129, -16.24466582, -15.81315121, -15.7280966, -15.5718643, -15.23325456, -14.84811077, -14.49959598, -14.45627115, -13.97596853, -13.58720656, -13.50311133, -13.42692944, -13.34476196, -13.22021629, -13.21170425, -12.91704837, -12.76893666, -12.72726936, -12.71256649, -12.65305975, -12.31068132, -12.14303892, -12.09970735, -11.9542787, -11.58317148, -11.42851988, -11.18576994, -11.07183406, -10.94522671, -10.76871553, -10.72360866, -9.39143128, -7.59155759, -6.0152663, -5.97881049, -4.82108763, -4.61497327, -2.60162012, -1.26345202, 2.15233677, 2.2425787, 3.01128769, 3.01797953, 3.06348652, 3.53078648, 3.59980268, 3.96247853, 4.39221451, 4.54791108, 4.64658622, 5.24200078, 5.61069627, 5.63692201, 6.10880086, 6.28907293, 6.96028176, 7.15543516, 7.47286714, 8.21331371, 10.61991895, 10.64472605, 10.82365619, 11.13446906, 12.22523699, 12.9927275, 13.57014433, 13.77855217, 16.28552963, 16.38780104, 18.31034621, 18.44565098], "fractional occupation": [2.0, 2.0, 2.0, 2.0, 2.0, 2.0, 2.0, 2.0, 2.0, 2.0, 2.0, 2.0, 2.0, 2.0, 2.0, 2.0, 2.0, 2.0, 2.0, 2.0, 2.0, 2.0, 2.0, 2.0, 2.0, 2.0, 2.0, 2.0, 2.0, 2.0, 2.0, 2.0, 2.0, 2.0, 2.0, 2.0, 2.0, 2.0, 2.0, 0.0, 0.0, 0.0, 0.0, 0.0, 0.0, 0.0, 0.0, 0.0, 0.0, 0.0, 0.0, 0.0, 0.0, 0.0, 0.0, 0.0, 0.0, 0.0, 0.0, 0.0, 0.0, 0.0, 0.0, 0.0, 0.0, 0.0, 0.0, 0.0, 0.0, 0.0, 0.0, 0.0, 0.0, 0.0, 0.0, 0.0, 0.0, 0.0], "program call": "xtb /home/svss/Project-DBcg-Debug/aqme2_20220329/End-to-End-workflows-final/example-3/QDESCP/mol_359_rdkit_conf_1/mol_359_rdkit_conf_1.xyz --pop --wbo --acc 0.2 --gfn 2 --chrg 0 --uhf 0 --etemp 300 --input /home/svss/Project-DBcg-Debug/aqme2_20220329/End-to-End-workflows-final/example-3/QDESCP/mol_359_rdkit_conf_1/mol_359_rdkit_conf_1_xtb.inp", "method": "GFN2-xTB", "xtb version": "6.3.3 (7355c4f)", "Dipole module/D": 0.054, "Total charge": 0, "Transition dipole module/D": NaN, "HOMO": -9.3914, "LUMO": -7.5916, "HOMO occupancy": 2.0, "LUMO occupancy": 0, "mulliken charges": [-0.08838, -0.00705, -0.00084, -0.03883, -0.02797, -0.02796, -0.03883, -0.00083, -0.00705, -0.0884, -0.00083, -0.03883, -0.02795, -0.02796, -0.03883, -0.00084, 0.04088, 0.03644, 0.03645, 0.02922, 0.02923, 0.02923, 0.02923, 0.03644, 0.03645, 0.04088, 0.02922, 0.02922, 0.02923, 0.02923], "cm5 charges": [-0.23258, -0.0185, -0.00577, -0.09187, -0.08373, -0.08373, -0.09188, -0.00577, -0.0185, -0.23261, -0.00577, -0.09188, -0.08371, -0.08373, -0.09189, -0.00578, 0.09284, 0.08912, 0.08913, 0.08662, 0.08473, 0.08475, 0.08664, 0.08912, 0.08914, 0.09285, 0.08664, 0.08472, 0.08474, 0.08665], "FUKUI+": [0.023, -0.056, -0.014, -0.033, -0.027, -0.027, -0.033, -0.014, -0.056, 0.023, -0.014, -0.033, -0.027, -0.027, -0.033, -0.014, -0.04, -0.033, -0.033, -0.05, -0.057, -0.057, -0.05, -0.033, -0.033, -0.04, -0.05, -0.057, -0.057, -0.05], "FUKUI-": [0.022, -0.054, -0.015, -0.027, -0.027, -0.027, -0.027, -0.015, -0.054, 0.022, -0.015, -0.027, -0.027, -0.027, -0.027, -0.015, -0.052, -0.038, -0.038, -0.046, -0.055, -0.055, -0.046, -0.038, -0.038, -0.052, -0.046, -0.055, -0.055, -0.046], "FUKUIrad": [0.023, -0.055, -0.014, -0.03, -0.027, -0.027, -0.03, -0.014, -0.055, 0.023, -0.014, -0.03, -0.027, -0.027, -0.03, -0.014, -0.046, -0.036, -0.036, -0.048, -0.056, -0.056, -0.048, -0.036, -0.036, -0.046, -0.048, -0.056, -0.056, -0.048], "s proportion": [1.008, 1.098, 1.077, 1.066, 1.057, 1.057, 1.066, 1.077, 1.098, 1.008, 1.077, 1.066, 1.057, 1.057, 1.066, 1.077, 0.959, 0.964, 0.964, 0.971, 0.971, 0.971, 0.971, 0.964, 0.964, 0.959, 0.971, 0.971, 0.971, 0.971], "p proportion": [3.08, 2.909, 2.924, 2.973, 2.971, 2.971, 2.973, 2.924, 2.909, 3.08, 2.924, 2.973, 2.971, 2.971, 2.973, 2.924, 0.0, 0.0, 0.0, 0.0, 0.0, 0.0, 0.0, 0.0, 0.0, 0.0, 0.0, 0.0, 0.0, 0.0], "d proportion": [0.0, 0.0, 0.0, 0.0, 0.0, 0.0, 0.0, 0.0, 0.0, 0.0, 0.0, 0.0, 0.0, 0.0, 0.0, 0.0, 0.0, 0.0, 0.0, 0.0, 0.0, 0.0, 0.0, 0.0, 0.0, 0.0, 0.0, 0.0, 0.0, 0.0], "Fermi-level/eV": -8.4915, "Coordination numbers": [3.751, 2.958, 2.971, 2.918, 2.91, 2.91, 2.918, 2.971, 2.958, 3.752, 2.971, 2.918, 2.91, 2.91, 2.918, 2.971, 0.924, 0.924, 0.924, 0.925, 0.925, 0.925, 0.925, 0.924, 0.924, 0.924, 0.925, 0.925, 0.925, 0.925], "Dispersion coefficient C6": [22.565, 28.122, 27.896, 28.934, 28.791, 28.791, 28.934, 27.896, 28.122, 22.565, 27.896, 28.934, 28.791, 28.791, 28.934, 27.896, 2.379, 2.436, 2.436, 2.588, 2.664, 2.663, 2.588, 2.436, 2.436, 2.379, 2.588, 2.664, 2.663, 2.587], "Total dispersion C6": 11328.211836, "Total dispersion C8": 280958.234192, "Polarizability alpha": [6.774, 8.698, 8.664, 8.821, 8.798, 8.798, 8.821, 8.663, 8.698, 6.774, 8.663, 8.821, 8.798, 8.798, 8.821, 8.664, 2.412, 2.441, 2.441, 2.516, 2.552, 2.552, 2.516, 2.441, 2.441, 2.412, 2.516, 2.552, 2.552, 2.515], "Total polarizability alpha": 170.933426, "Wiberg matrix": [[0.0, 1.0252518412246543, 0.0, 0.0, 0.0, 0.0, 0.0, 0.0, 0.0, 0.0, 0.0, 0.0, 0.0, 0.0, 0.0, 0.0, 0.9673071879884099, 0.9766479515831263, 0.9766505892026602, 0.0, 0.0, 0.0, 0.0, 0.0, 0.0, 0.0, 0.0, 0.0, 0.0, 0.0], [1.0252518412246543, 0.0, 1.3228586855981843, 0.0, 0.0, 0.0, 0.0, 0.0, 0.15375692618433684, 0.0, 0.0, 0.0, 0.0, 0.0, 0.0, 1.3228466029221608, 0.0, 0.0, 0.0, 0.0, 0.0, 0.0, 0.0, 0.0, 0.0, 0.0, 0.0, 0.0, 0.0, 0.0], [0.0, 1.3228586855981843, 0.0, 1.2709976499482343, 0.0, 0.0, 0.0, 1.210313360225404, 0.0, 0.0, 0.0, 0.0, 0.0, 0.0, 0.0, 0.0, 0.0, 0.0, 0.0, 0.0, 0.0, 0.0, 0.0, 0.0, 0.0, 0.0, 0.0, 0.0, 0.0, 0.0], [0.0, 0.0, 1.2709976499482343, 0.0, 1.5379215124571592, 0.0, 0.13941973950464828, 0.0, 0.0, 0.0, 0.0, 0.0, 0.0, 0.0, 0.0, 0.0, 0.0, 0.0, 0.0, 0.9662442398792627, 0.0, 0.0, 0.0, 0.0, 0.0, 0.0, 0.0, 0.0, 0.0, 0.0], [0.0, 0.0, 0.0, 1.5379215124571592, 0.0, 1.3437982497474779, 0.0, 0.0, 0.0, 0.0, 0.0, 0.0, 0.0, 0.0, 0.0, 0.0, 0.0, 0.0, 0.0, 0.0, 0.9707517523582743, 0.0, 0.0, 0.0, 0.0, 0.0, 0.0, 0.0, 0.0, 0.0], [0.0, 0.0, 0.0, 0.0, 1.3437982497474779, 0.0, 1.5379314442881018, 0.0, 0.0, 0.0, 0.0, 0.0, 0.0, 0.0, 0.0, 0.0, 0.0, 0.0, 0.0, 0.0, 0.0, 0.9707530899983335, 0.0, 0.0, 0.0, 0.0, 0.0, 0.0, 0.0, 0.0], [0.0, 0.0, 0.0, 0.13941973950464828, 0.0, 1.5379314442881018, 0.0, 1.270999893897783, 0.0, 0.0, 0.0, 0.0, 0.0, 0.0, 0.0, 0.0, 0.0, 0.0, 0.0, 0.0, 0.0, 0.0, 0.9662468253473866, 0.0, 0.0, 0.0, 0.0, 0.0, 0.0, 0.0], [0.0, 0.0, 1.210313360225404, 0.0, 0.0, 0.0, 1.270999893897783, 0.0, 1.3228509350794404, 0.0, 0.0, 0.0, 0.0, 0.0, 0.0, 0.0, 0.0, 0.0, 0.0, 0.0, 0.0, 0.0, 0.0, 0.0, 0.0, 0.0, 0.0, 0.0, 0.0, 0.0], [0.0, 0.15375692618433684, 0.0, 0.0, 0.0, 0.0, 0.0, 1.3228509350794404, 0.0, 1.0252221073982246, 1.3228801324003725, 0.0, 0.0, 0.0, 0.0, 0.0, 0.0, 0.0, 0.0, 0.0, 0.0, 0.0, 0.0, 0.0, 0.0, 0.0, 0.0, 0.0, 0.0, 0.0], [0.0, 0.0, 0.0, 0.0, 0.0, 0.0, 0.0, 0.0, 1.0252221073982246, 0.0, 0.0, 0.0, 0.0, 0.0, 0.0, 0.0, 0.0, 0.0, 0.0, 0.0, 0.0, 0.0, 0.0, 0.9766532613720917, 0.9766570712460609, 0.967321270757527, 0.0, 0.0, 0.0, 0.0], [0.0, 0.0, 0.0, 0.0, 0.0, 0.0, 0.0, 0.0, 1.3228801324003725, 0.0, 0.0, 1.2709505273054331, 0.0, 0.0, 0.0, 1.2103455901014142, 0.0, 0.0, 0.0, 0.0, 0.0, 0.0, 0.0, 0.0, 0.0, 0.0, 0.0, 0.0, 0.0, 0.0], [0.0, 0.0, 0.0, 0.0, 0.0, 0.0, 0.0, 0.0, 0.0, 0.0, 1.2709505273054331, 0.0, 1.537996561918313, 0.0, 0.13940972618917183, 0.0, 0.0, 0.0, 0.0, 0.0, 0.0, 0.0, 0.0, 0.0, 0.0, 0.0, 0.9662454308067758, 0.0, 0.0, 0.0], [0.0, 0.0, 0.0, 0.0, 0.0, 0.0, 0.0, 0.0, 0.0, 0.0, 0.0, 1.537996561918313, 0.0, 1.3437397231126162, 0.0, 0.0, 0.0, 0.0, 0.0, 0.0, 0.0, 0.0, 0.0, 0.0, 0.0, 0.0, 0.0, 0.9707458131174679, 0.0, 0.0], [0.0, 0.0, 0.0, 0.0, 0.0, 0.0, 0.0, 0.0, 0.0, 0.0, 0.0, 0.0, 1.3437397231126162, 0.0, 1.5379915979220697, 0.0, 0.0, 0.0, 0.0, 0.0, 0.0, 0.0, 0.0, 0.0, 0.0, 0.0, 0.0, 0.0, 0.9707501205787643, 0.0], [0.0, 0.0, 0.0, 0.0, 0.0, 0.0, 0.0, 0.0, 0.0, 0.0, 0.0, 0.13940972618917183, 0.0, 1.5379915979220697, 0.0, 1.270951125311993, 0.0, 0.0, 0.0, 0.0, 0.0, 0.0, 0.0, 0.0, 0.0, 0.0, 0.0, 0.0, 0.0, 0.9662495129876106], [0.0, 1.3228466029221608, 0.0, 0.0, 0.0, 0.0, 0.0, 0.0, 0.0, 0.0, 1.2103455901014142, 0.0, 0.0, 0.0, 1.270951125311993, 0.0, 0.0, 0.0, 0.0, 0.0, 0.0, 0.0, 0.0, 0.0, 0.0, 0.0, 0.0, 0.0, 0.0, 0.0], [0.9673071879884099, 0.0, 0.0, 0.0, 0.0, 0.0, 0.0, 0.0, 0.0, 0.0, 0.0, 0.0, 0.0, 0.0, 0.0, 0.0, 0.0, 0.0, 0.0, 0.0, 0.0, 0.0, 0.0, 0.0, 0.0, 0.0, 0.0, 0.0, 0.0, 0.0], [0.9766479515831263, 0.0, 0.0, 0.0, 0.0, 0.0, 0.0, 0.0, 0.0, 0.0, 0.0, 0.0, 0.0, 0.0, 0.0, 0.0, 0.0, 0.0, 0.0, 0.0, 0.0, 0.0, 0.0, 0.0, 0.0, 0.0, 0.0, 0.0, 0.0, 0.0], [0.9766505892026602, 0.0, 0.0, 0.0, 0.0, 0.0, 0.0, 0.0, 0.0, 0.0, 0.0, 0.0, 0.0, 0.0, 0.0, 0.0, 0.0, 0.0, 0.0, 0.0, 0.0, 0.0, 0.0, 0.0, 0.0, 0.0, 0.0, 0.0, 0.0, 0.0], [0.0, 0.0, 0.0, 0.9662442398792627, 0.0, 0.0, 0.0, 0.0, 0.0, 0.0, 0.0, 0.0, 0.0, 0.0, 0.0, 0.0, 0.0, 0.0, 0.0, 0.0, 0.0, 0.0, 0.0, 0.0, 0.0, 0.0, 0.0, 0.0, 0.0, 0.0], [0.0, 0.0, 0.0, 0.0, 0.9707517523582743, 0.0, 0.0, 0.0, 0.0, 0.0, 0.0, 0.0, 0.0, 0.0, 0.0, 0.0, 0.0, 0.0, 0.0, 0.0, 0.0, 0.0, 0.0, 0.0, 0.0, 0.0, 0.0, 0.0, 0.0, 0.0], [0.0, 0.0, 0.0, 0.0, 0.0, 0.9707530899983335, 0.0, 0.0, 0.0, 0.0, 0.0, 0.0, 0.0, 0.0, 0.0, 0.0, 0.0, 0.0, 0.0, 0.0, 0.0, 0.0, 0.0, 0.0, 0.0, 0.0, 0.0, 0.0, 0.0, 0.0], [0.0, 0.0, 0.0, 0.0, 0.0, 0.0, 0.9662468253473866, 0.0, 0.0, 0.0, 0.0, 0.0, 0.0, 0.0, 0.0, 0.0, 0.0, 0.0, 0.0, 0.0, 0.0, 0.0, 0.0, 0.0, 0.0, 0.0, 0.0, 0.0, 0.0, 0.0], [0.0, 0.0, 0.0, 0.0, 0.0, 0.0, 0.0, 0.0, 0.0, 0.9766532613720917, 0.0, 0.0, 0.0, 0.0, 0.0, 0.0, 0.0, 0.0, 0.0, 0.0, 0.0, 0.0, 0.0, 0.0, 0.0, 0.0, 0.0, 0.0, 0.0, 0.0], [0.0, 0.0, 0.0, 0.0, 0.0, 0.0, 0.0, 0.0, 0.0, 0.9766570712460609, 0.0, 0.0, 0.0, 0.0, 0.0, 0.0, 0.0, 0.0, 0.0, 0.0, 0.0, 0.0, 0.0, 0.0, 0.0, 0.0, 0.0, 0.0, 0.0, 0.0], [0.0, 0.0, 0.0, 0.0, 0.0, 0.0, 0.0, 0.0, 0.0, 0.967321270757527, 0.0, 0.0, 0.0, 0.0, 0.0, 0.0, 0.0, 0.0, 0.0, 0.0, 0.0, 0.0, 0.0, 0.0, 0.0, 0.0, 0.0, 0.0, 0.0, 0.0], [0.0, 0.0, 0.0, 0.0, 0.0, 0.0, 0.0, 0.0, 0.0, 0.0, 0.0, 0.9662454308067758, 0.0, 0.0, 0.0, 0.0, 0.0, 0.0, 0.0, 0.0, 0.0, 0.0, 0.0, 0.0, 0.0, 0.0, 0.0, 0.0, 0.0, 0.0], [0.0, 0.0, 0.0, 0.0, 0.0, 0.0, 0.0, 0.0, 0.0, 0.0, 0.0, 0.0, 0.9707458131174679, 0.0, 0.0, 0.0, 0.0, 0.0, 0.0, 0.0, 0.0, 0.0, 0.0, 0.0, 0.0, 0.0, 0.0, 0.0, 0.0, 0.0], [0.0, 0.0, 0.0, 0.0, 0.0, 0.0, 0.0, 0.0, 0.0, 0.0, 0.0, 0.0, 0.0, 0.9707501205787643, 0.0, 0.0, 0.0, 0.0, 0.0, 0.0, 0.0, 0.0, 0.0, 0.0, 0.0, 0.0, 0.0, 0.0, 0.0, 0.0], [0.0, 0.0, 0.0, 0.0, 0.0, 0.0, 0.0, 0.0, 0.0, 0.0, 0.0, 0.0, 0.0, 0.0, 0.9662495129876106, 0.0, 0.0, 0.0, 0.0, 0.0, 0.0, 0.0, 0.0, 0.0, 0.0, 0.0, 0.0, 0.0, 0.0, 0.0]], "Born radii": [], "Atomic SASAs": [], "Solvent H bonds": [], "Total SASA": NaN, "Total FOD": 0.0, "FOD": [0.0, 0.0, 0.0, 0.0, 0.0, 0.0, 0.0, 0.0, 0.0, 0.0, 0.0, 0.0, 0.0, 0.0, 0.0, 0.0, 0.0, 0.0, 0.0, 0.0, 0.0, 0.0, 0.0, 0.0, 0.0, 0.0, 0.0, 0.0, 0.0, 0.0], "FOD s proportion": [0.0, 0.0, 0.0, 0.0, 0.0, 0.0, 0.0, 0.0, 0.0, 0.0, 0.0, 0.0, 0.0, 0.0, 0.0, 0.0, 0.0, 0.0, 0.0, 0.0, 0.0, 0.0, 0.0, 0.0, 0.0, 0.0, 0.0, 0.0, 0.0, 0.0], "FOD p proportion": [0.0, 0.0, 0.0, 0.0, 0.0, 0.0, 0.0, 0.0, 0.0, 0.0, 0.0, 0.0, 0.0, 0.0, 0.0, 0.0, 0.0, 0.0, 0.0, 0.0, 0.0, 0.0, 0.0, 0.0, 0.0, 0.0, 0.0, 0.0, 0.0, 0.0], "FOD d proportion": [0.0, 0.0, 0.0, 0.0, 0.0, 0.0, 0.0, 0.0, 0.0, 0.0, 0.0, 0.0, 0.0, 0.0, 0.0, 0.0, 0.0, 0.0, 0.0, 0.0, 0.0, 0.0, 0.0, 0.0, 0.0, 0.0, 0.0, 0.0, 0.0, 0.0], "coordinates": [["-0.11130", "2.92560", "0.13950"], ["-0.05370", "1.41020", "0.06890"], ["-1.26730", "0.65940", "0.03760"], ["-2.54590", "1.26260", "0.17480"], ["-3.73250", "0.53100", "0.14570"], ["-3.67850", "-0.83850", "-0.01180"], ["-2.43850", "-1.46320", "-0.13870"], ["-1.21190", "-0.74720", "-0.12420"], ["0.05660", "-1.38890", "-0.25310"], ["0.11740", "-2.88070", "-0.52830"], ["1.26790", "-0.65520", "-0.07460"], ["2.54380", "-1.27830", "-0.03910"], ["3.72800", "-0.56360", "0.13620"], ["3.67410", "0.80590", "0.29370"], ["2.43640", "1.44750", "0.27440"], ["1.21250", "0.75140", "0.08710"], ["-0.14430", "3.25310", "1.18280"], ["-0.97520", "3.32870", "-0.39680"], ["0.74100", "3.39240", "-0.36250"], ["-2.64550", "2.33340", "0.33160"], ["-4.68820", "1.03520", "0.25720"], ["-4.59110", "-1.42740", "-0.02610"], ["-2.45320", "-2.54600", "-0.22960"], ["0.99890", "-3.15380", "-1.11550"], ["-0.71720", "-3.21750", "-1.14980"], ["0.11930", "-3.43770", "0.41320"], ["2.64230", "-2.35690", "-0.12780"], ["4.68160", "-1.08340", "0.15930"], ["4.58460", "1.37930", "0.44250"], ["2.45000", "2.52240", "0.43340"]], "bond_dist": [[0.0, 1.5181367790815163, 2.546052248089187, 2.948574613266553, 4.341340465800856, 5.18808792716546, 4.975421642433935, 3.843217127615873, 4.335577864598906, 5.849049514237335, 3.8431965978856715, 4.975362215959758, 5.187942946872103, 4.341216291547797, 2.9485170696470457, 2.5460435660058924, 1.093992751347101, 1.0938146598030216, 1.09376484218501, 2.609554155406628, 4.953330098024964, 6.248571068652416, 5.963148244006684, 6.306082254458786, 6.3061150409741185, 6.37335664622654, 5.963100577719615, 6.248548907546456, 4.9532140575589905, 2.6094453701888454], [1.5181367790815163, 0.0, 1.4274120953669966, 2.4988119997310725, 3.783181243345341, 4.2664199535441885, 3.7398925599540958, 2.4562348442280513, 2.819718230603902, 4.335636730631385, 2.456236138892187, 3.7398800114442174, 4.266341596731326, 3.7831476801732182, 2.498843642567498, 1.42744916546965, 2.1552869832112846, 2.17868790559823, 2.178708537184357, 2.763826472483394, 4.653458084048894, 5.352475830865563, 4.636617402805627, 4.831238569973543, 4.83125959041739, 4.863188861230869, 4.636609677339684, 5.352502144791724, 4.653424401448894, 2.763758813644925], [2.546052248089187, 1.4274120953669966, 0.0, 1.4203844690787066, 2.4709073657262017, 2.8390192338200175, 2.4306834203573287, 1.4169587008801632, 2.456165831127858, 3.8431686028588437, 2.8579714904106375, 4.276101891910435, 5.143780035149248, 4.950200341400335, 3.7940175987994573, 2.481999655519718, 3.0495723847779055, 2.7201448968758997, 3.41506045334486, 2.1881835480598975, 3.448478883507916, 3.925103612645149, 3.4281691629789797, 4.583208078409707, 4.091806737860429, 4.34165444617602, 4.940687706180183, 6.200126929345882, 5.9099013215112155, 4.176810497257447], [2.948574613266553, 2.4988119997310725, 1.4203844690787066, 0.0, 1.394311633029001, 2.3942062421604366, 2.7458701079985555, 2.430689828011793, 3.7398605468653505, 4.9753845469471, 4.276122968297334, 5.692712192795277, 6.534394968931707, 6.2378772110390255, 4.986724522168836, 3.794019938007706, 3.2780843201479732, 2.6575541875943, 3.9532835643297837, 1.086793006970509, 2.155910436451385, 3.3851593537084774, 3.831131244162747, 5.808189915111247, 5.016971682200329, 5.408599235476779, 6.33322715919775, 7.598730979578104, 7.1364775926222865, 5.158777646884968], [4.341340465800856, 3.783181243345341, 2.4709073657262017, 1.394311633029001, 0.0, 1.3795841764821746, 2.3941915128076117, 2.839025468360578, 4.266419606649116, 5.188034589321856, 5.1438898403834425, 6.534497625678656, 7.540377952065798, 7.413177292497462, 6.237937411516726, 4.950256066104056, 4.62175118975481, 3.965366922492797, 5.334611461952969, 2.113001081400575, 1.0862837474619604, 2.1452365277516607, 3.3534143167822257, 6.128174478586588, 4.9821287207377525, 5.537011755450768, 7.0037735328892525, 8.567587240874762, 8.36551585618006, 6.501672977011378], [5.18808792716546, 4.2664199535441885, 2.8390192338200175, 2.3942062421604366, 1.3795841764821746, 0.0, 1.3942574009127586, 2.4708470227838877, 3.783138625533038, 4.341222166625431, 4.950193500258349, 6.237883184222032, 7.413077381222997, 7.540431577171164, 6.534501392608315, 5.143874436647924, 5.537041571091913, 4.982129236581485, 6.128253058580397, 3.353499988072163, 2.145368681602302, 1.086207374307503, 2.112901602062907, 5.334495153245525, 3.965347738849646, 4.62166100877163, 6.501654189512082, 8.365436224728512, 8.567604504177348, 7.003739294119964], [4.975421642433935, 3.7398925599540958, 2.4306834203573287, 2.7458701079985555, 2.3941915128076117, 1.3942574009127586, 0.0, 1.4203569304931771, 2.498826096390063, 2.9485113566001404, 3.793991798884125, 4.986724522168836, 6.2378339525832205, 6.534497940163422, 5.692756459747773, 4.276124390145824, 5.408622891272787, 5.016987951948858, 5.808283571761971, 3.831214252688043, 3.385245849270035, 2.155840244545036, 1.086708212907218, 3.953224678664242, 2.657586384296849, 3.278045866061059, 5.158812570737572, 7.136447018650108, 7.598784988404395, 6.333224930475784], [3.843217127615873, 2.4562348442280513, 1.4169587008801632, 2.430689828011793, 2.839025468360578, 2.4708470227838877, 1.4203569304931771, 0.0, 1.4274054609675557, 2.5460081598455258, 2.4820016518930843, 3.794020520503283, 4.950164555850643, 5.143904744452409, 4.276176205443363, 2.858000176696985, 4.341706905123837, 4.091857580610547, 4.5833277713905645, 3.4282734663384136, 3.925185016021538, 3.4483747316670788, 2.188062222607026, 3.414972311747198, 2.72010395757221, 3.0495380715773988, 4.1768414729314305, 5.909885357602127, 6.200206721553726, 4.940719940454023], [4.335577864598906, 2.819718230603902, 2.456165831127858, 3.7398605468653505, 4.266419606649116, 3.783138625533038, 2.498826096390063, 1.4274054609675557, 0.0, 1.5181893557787842, 1.4273841914495202, 2.4988381700302242, 3.7831009159154085, 4.266432178061665, 3.7399023048737514, 2.4561606095693334, 4.863160867172708, 4.831253531952138, 4.831273270060389, 4.636672922473614, 5.352550227695207, 4.653399460609416, 2.763788830572987, 2.178654415000231, 2.178672827663667, 2.1553348742132856, 2.76379604529712, 4.653388981162009, 5.352529738357369, 4.6365842492075995], [5.849049514237335, 4.335636730631385, 3.8431686028588437, 4.9753845469471, 5.188034589321856, 4.341222166625431, 2.9485113566001404, 2.5460081598455258, 1.5181893557787842, 0.0, 2.546044813038451, 2.948630081919399, 4.341306833201266, 5.1881421000200065, 4.975480231093276, 3.8431902867279417, 6.373370579214737, 6.306164870188536, 6.306199347467537, 5.963210815491935, 6.248605798096084, 4.953206837998995, 2.6094501604744242, 1.0938142895391336, 1.093733811308766, 1.0939263503545382, 2.609575961722517, 4.9532820119593435, 6.248674137767147, 5.963168558744587], [3.8431965978856715, 2.456236138892187, 2.8579714904106375, 4.276122968297334, 5.1438898403834425, 4.950193500258349, 3.793991798884125, 2.4820016518930843, 1.4273841914495202, 2.546044813038451, 0.0, 1.4203642736988282, 2.470813471308589, 2.8390590941366476, 2.4307489668824296, 1.4169472855402914, 4.341678533700993, 4.583314265899732, 4.091891467280138, 4.940792240116964, 6.200215368033598, 5.909866841985528, 4.176809170886312, 2.7200801035998916, 3.414975598741519, 3.0495142318080757, 2.188055869944824, 3.4483926893554337, 3.925185543385178, 3.4282015941306603], [4.975362215959758, 3.7398800114442174, 4.276101891910435, 5.692712192795277, 6.534497625678656, 6.237883184222032, 4.986724522168836, 3.794020520503283, 2.4988381700302242, 2.948630081919399, 1.4203642736988282, 0.0, 1.3942222993482785, 2.3942062505139363, 2.7458701079985555, 2.43063123899945, 5.408558697102214, 5.808249244824123, 5.016982548305306, 6.3332953405000785, 7.59880911327558, 7.136469562745995, 5.158814063328896, 2.657602908637782, 3.9532609488876393, 3.278076249875832, 1.086714267873575, 2.1558147902823195, 3.3852091456806623, 3.831106260598889], [5.187942946872103, 4.266341596731326, 5.143780035149248, 6.534394968931707, 7.540377952065798, 7.413077381222997, 6.2378339525832205, 4.950164555850643, 3.7831009159154085, 4.341306833201266, 2.470813471308589, 1.3942222993482785, 0.0, 1.3795802658779952, 2.3941288624466313, 2.838904024443236, 5.536901456591042, 6.128146418779499, 4.982048443160704, 7.003734176137755, 8.567568201070827, 8.365399962942597, 6.501611557144891, 3.9653342532502855, 5.3344900646641005, 4.621676697909537, 2.112904489086054, 1.0863142317027796, 2.1453306644897423, 3.3533576963992378], [4.341216291547797, 3.7831476801732182, 4.950200341400335, 6.2378772110390255, 7.413177292497462, 7.540431577171164, 6.534497940163422, 5.143904744452409, 4.266432178061665, 5.1881421000200065, 2.8390590941366476, 2.3942062505139363, 1.3795802658779952, 0.0, 1.3942468719706709, 2.4708557970873173, 4.621630146387744, 5.334538459885729, 3.9653065833551886, 6.501694919019194, 8.365522818688621, 8.567580286755415, 7.003776252137128, 4.982144495094457, 6.128209812008724, 5.537059169812077, 3.3534426087231606, 2.145361065182269, 1.0862500863060953, 2.1128911827162327], [2.9485170696470457, 2.498843642567498, 3.7940175987994573, 4.986724522168836, 6.237937411516726, 6.534501392608315, 5.692756459747773, 4.276176205443363, 3.7399023048737514, 4.975480231093276, 2.4307489668824296, 2.7458701079985555, 2.3941288624466313, 1.3942468719706709, 0.0, 1.420411105983053, 3.2780168410183617, 3.953281856888021, 2.6575663265476552, 5.158856293792259, 7.136540638852973, 7.598756905573437, 6.333265067088223, 5.016990128553175, 5.808249615848134, 5.408640946670429, 3.831138082867805, 3.385206915389368, 2.155846026505604, 1.0866811721935743], [2.5460435660058924, 1.42744916546965, 2.481999655519718, 3.794019938007706, 4.950256066104056, 5.143874436647924, 4.276124390145824, 2.858000176696985, 2.4561606095693334, 3.8431902867279417, 1.4169472855402914, 2.43063123899945, 2.838904024443236, 2.4708557970873173, 1.420411105983053, 0.0, 3.0495848274806194, 3.4150645367254775, 2.720171577309049, 4.176920905403884, 5.909969284184141, 6.200141662897711, 4.9406985477764165, 4.0917549731136145, 4.583211855238638, 4.341657086873628, 3.4281246972652557, 3.9250934625814966, 3.448423694965571, 2.1880975618102596], [1.093992751347101, 2.1552869832112846, 3.0495723847779055, 3.2780843201479732, 4.62175118975481, 5.537041571091913, 5.408622891272787, 4.341706905123837, 4.863160867172708, 6.373370579214737, 4.341678533700993, 5.408558697102214, 5.536901456591042, 4.621630146387744, 3.2780168410183617, 3.0495848274806194, 0.0, 1.7864059812931663, 1.7863685705923065, 2.7975687605490593, 5.140315455300384, 6.568298843688524, 6.399644816706626, 6.901989332069415, 6.902021553863766, 6.740072237001617, 6.399602481404607, 6.568264253971517, 5.1402009435429665, 2.797483751516709], [1.0938146598030216, 2.17868790559823, 2.7201448968758997, 2.6575541875943, 3.965366922492797, 4.982129236581485, 5.016987951948858, 4.091857580610547, 4.831253531952138, 6.306164870188536, 4.583314265899732, 5.808249244824123, 6.128146418779499, 5.334538459885729, 3.953281856888021, 3.4150645367254775, 1.7864059812931663, 0.0, 1.7177242561016595, 2.076316628070006, 4.412961279005289, 5.986036961964068, 6.060077551483974, 6.8144263698421454, 6.594414867143255, 6.902043118526572, 6.744235657952649, 7.1955027524141775, 5.951131059723017, 3.615431754299893], [1.09376484218501, 2.178708537184357, 3.41506045334486, 3.9532835643297837, 5.334611461952969, 6.128253058580397, 5.808283571761971, 4.5833277713905645, 4.831273270060389, 6.306199347467537, 4.091891467280138, 5.016982548305306, 4.982048443160704, 3.9653065833551886, 2.6575663265476552, 2.720171577309049, 1.7863685705923065, 1.7177242561016595, 0.0, 3.615472038337456, 5.9511874924253565, 7.195479651142097, 6.744269464515782, 6.594410955498603, 6.814467443608487, 6.9020639949220985, 6.060072299073667, 5.986099668398447, 4.412919393100219, 2.0763038819016835], [2.609554155406628, 2.763826472483394, 2.1881835480598975, 1.086793006970509, 2.113001081400575, 3.353499988072163, 3.831214252688043, 3.4282734663384136, 4.636672922473614, 5.963210815491935, 4.940792240116964, 6.3332953405000785, 7.003734176137755, 6.501694919019194, 5.158856293792259, 4.176920905403884, 2.7975687605490593, 2.076316628070006, 3.615472038337456, 0.0, 2.421462758334309, 4.249344101152553, 4.9153300082497005, 6.744265238704658, 6.060146669842241, 6.399716619507461, 7.083134284340515, 8.08644569263901, 7.293624039529321, 5.100020047999812], [4.953330098024964, 4.653458084048894, 3.448478883507916, 2.155910436451385, 1.0862837474619604, 2.145368681602302, 3.385245849270035, 3.925185016021538, 5.352550227695207, 6.248605798096084, 6.200215368033598, 7.59880911327558, 8.567568201070827, 8.365522818688621, 7.136540638852973, 5.909969284184141, 5.140315455300384, 4.412961279005289, 5.9511874924253565, 2.421462758334309, 0.0, 2.480743045944098, 4.2493755635387185, 7.195493916334027, 5.986146280371037, 6.568350375855418, 8.086457670698586, 9.606831028492175, 9.281032310039654, 7.293607442137259], [6.248571068652416, 5.352475830865563, 3.925103612645149, 3.3851593537084774, 2.1452365277516607, 1.086207374307503, 2.155840244545036, 3.4483747316670788, 4.653399460609416, 4.953206837998995, 5.909866841985528, 7.136469562745995, 8.365399962942597, 8.567580286755415, 7.598756905573437, 6.200141662897711, 6.568298843688524, 5.986036961964068, 7.195479651142097, 4.249344101152553, 2.480743045944098, 0.0, 2.4214240892499603, 5.9510796768317595, 4.41296509276926, 5.140248898642944, 7.29358544887218, 9.280930688783318, 9.606800785901621, 8.086355761404516], [5.963148244006684, 4.636617402805627, 3.4281691629789797, 3.831131244162747, 3.3534143167822257, 2.112901602062907, 1.086708212907218, 2.188062222607026, 2.763788830572987, 2.6094501604744242, 4.176809170886312, 5.158814063328896, 6.501611557144891, 7.003776252137128, 6.333265067088223, 4.9406985477764165, 6.399644816706626, 6.060077551483974, 6.744269464515782, 4.9153300082497005, 4.2493755635387185, 2.4214240892499603, 0.0, 3.615416166916334, 2.0763853905284537, 2.797512641615762, 5.100023754846638, 7.293545983264931, 8.086428589927694, 7.083051446940083], [6.306082254458786, 4.831238569973543, 4.583208078409707, 5.808189915111247, 6.128174478586588, 5.334495153245525, 3.953224678664242, 3.414972311747198, 2.178654415000231, 1.0938142895391336, 2.7200801035998916, 2.657602908637782, 3.9653342532502855, 4.982144495094457, 5.016990128553175, 4.0917549731136145, 6.901989332069415, 6.8144263698421454, 6.594410955498603, 6.744265238704658, 7.195493916334027, 5.9510796768317595, 3.615416166916334, 0.0, 1.7176243448437727, 1.7863983486333612, 2.076382541826048, 4.412929921265463, 5.986117614948775, 6.060035384385144], [6.3061150409741185, 4.83125959041739, 4.091806737860429, 5.016971682200329, 4.9821287207377525, 3.965347738849646, 2.657586384296849, 2.72010395757221, 2.178672827663667, 1.093733811308766, 3.414975598741519, 3.9532609488876393, 5.3344900646641005, 6.128209812008724, 5.808249615848134, 4.583211855238638, 6.902021553863766, 6.594414867143255, 6.814467443608487, 6.060146669842241, 5.986146280371037, 4.41296509276926, 2.0763853905284537, 1.7176243448437727, 0.0, 1.7863900162058675, 3.6154331151329573, 5.9510643636243765, 7.195489751920991, 6.744192323028757], [6.37335664622654, 4.863188861230869, 4.34165444617602, 5.408599235476779, 5.537011755450768, 4.62166100877163, 3.278045866061059, 3.0495380715773988, 2.1553348742132856, 1.0939263503545382, 3.0495142318080757, 3.278076249875832, 4.621676697909537, 5.537059169812077, 5.408640946670429, 4.341657086873628, 6.740072237001617, 6.902043118526572, 6.9020639949220985, 6.399716619507461, 6.568350375855418, 5.140248898642944, 2.797512641615762, 1.7863983486333612, 1.7863900162058675, 0.0, 2.7975594077695654, 5.140211570548435, 6.5683522728306825, 6.399637688182044], [5.963100577719615, 4.636609677339684, 4.940687706180183, 6.33322715919775, 7.0037735328892525, 6.501654189512082, 5.158812570737572, 4.1768414729314305, 2.76379604529712, 2.609575961722517, 2.188055869944824, 1.086714267873575, 2.112904489086054, 3.3534426087231606, 3.831138082867805, 3.4281246972652557, 6.399602481404607, 6.744235657952649, 6.060072299073667, 7.083134284340515, 8.086457670698586, 7.29358544887218, 5.100023754846638, 2.076382541826048, 3.6154331151329573, 2.7975594077695654, 0.0, 2.4213577079812065, 4.249348399460793, 4.915230739243073], [6.248548907546456, 5.352502144791724, 6.200126929345882, 7.598730979578104, 8.567587240874762, 8.365436224728512, 7.136447018650108, 5.909885357602127, 4.653388981162009, 4.9532820119593435, 3.4483926893554337, 2.1558147902823195, 1.0863142317027796, 2.145361065182269, 3.385206915389368, 3.9250934625814966, 6.568264253971517, 7.1955027524141775, 5.986099668398447, 8.08644569263901, 9.606831028492175, 9.280930688783318, 7.293545983264931, 4.412929921265463, 5.9510643636243765, 5.140211570548435, 2.4213577079812065, 0.0, 2.4808269850999283, 4.249348539482258], [4.9532140575589905, 4.653424401448894, 5.9099013215112155, 7.1364775926222865, 8.36551585618006, 8.567604504177348, 7.598784988404395, 6.200206721553726, 5.352529738357369, 6.248674137767147, 3.925185543385178, 3.3852091456806623, 2.1453306644897423, 1.0862500863060953, 2.155846026505604, 3.448423694965571, 5.1402009435429665, 5.951131059723017, 4.412919393100219, 7.293624039529321, 9.281032310039654, 9.606800785901621, 8.086428589927694, 5.986117614948775, 7.195489751920991, 6.5683522728306825, 4.249348399460793, 2.4808269850999283, 0.0, 2.42142057065682], [2.6094453701888454, 2.763758813644925, 4.176810497257447, 5.158777646884968, 6.501672977011378, 7.003739294119964, 6.333224930475784, 4.940719940454023, 4.6365842492075995, 5.963168558744587, 3.4282015941306603, 3.831106260598889, 3.3533576963992378, 2.1128911827162327, 1.0866811721935743, 2.1880975618102596, 2.797483751516709, 3.615431754299893, 2.0763038819016835, 5.100020047999812, 7.293607442137259, 8.086355761404516, 7.083051446940083, 6.060035384385144, 6.744192323028757, 6.399637688182044, 4.915230739243073, 4.249348539482258, 2.42142057065682, 0.0]]}