{"total energy": -49.78561436, "HOMO-LUMO gap/eV": 2.91420383, "electronic energy": -50.38088013, "dipole": [-0.95062362, -0.50008601, 0.4717283], "partial charges": [-0.10303538, -0.05773793, -0.00823999, -0.10920113, -0.02344648, -0.05707159, -0.03507204, -0.08988752, 0.28065148, -0.37912909, -0.17872535, 0.33986338, -0.42146463, -0.17758995, 0.28039779, -0.376031, 0.04073605, 0.04291034, 0.0352777, 0.04569128, 0.03989017, 0.03499534, 0.04559636, 0.05095552, 0.04928128, 0.06698066, 0.0629443, 0.04193507, 0.05156196, 0.04018793, 0.23341335, 0.2333621], "atomic dipole moments": [[0.10801905, 0.01510964, -0.03307294], [-0.03934986, 0.08517946, 0.09258305], [0.10914265, -0.04959085, -0.01847636], [-0.0048516, 0.03158887, -0.12364003], [-0.01165634, 0.03084561, -0.00606796], [-0.03725546, 0.14089818, -0.05138029], [-0.16850357, -0.02936279, 0.00702511], [0.06446175, 0.01029843, 0.03050381], [-0.01347958, 0.0889071, -0.02528865], [-0.03463764, 0.11615256, 0.14158773], [0.07831305, 0.01660671, 0.03249302], [-0.00042878, -0.08663912, 0.03162751], [-0.00510447, -0.20052094, 0.077586], [0.03943622, -0.02246752, -0.06695922], [-0.01071999, 0.08325553, -0.03401345], [-0.11434763, 0.01272584, -0.14581136], [-0.01288919, -0.04833567, 0.11611511], [-0.05696901, -0.08299853, -0.07749205], [-0.06552032, 0.1084098, -0.00829005], [0.05345798, -0.1139902, 0.01257051], [-0.00587961, 0.01823839, -0.12496206], [-0.07771721, 0.10047183, -0.00539549], [0.05842218, 0.08894841, 0.07533835], [-0.11550648, -0.0033683, 0.05466689], [0.05343457, -0.11447815, 0.02734514], [0.0166755, -0.03964746, 0.12222876], [-0.03992717, -0.10837851, -0.05331593], [0.02126135, -0.00802688, -0.15111619], [-0.00632401, 0.00642681, 0.15359322], [0.13072838, 0.01729127, -0.07413084], [-0.00164564, 0.03324339, -0.13087788], [0.05886645, 0.10528544, 0.06257494]], "atomic quadrupole moments": [[0.2059136, 0.03254712, -0.12117431, -0.09734982, 0.00286309, -0.08473929], [0.12920354, 0.12543668, -0.04324489, -0.04183333, 0.12320503, -0.08595865], [0.04808012, 0.12306107, -0.11200438, -0.04727106, 0.01463877, 0.06392425], [-0.09107631, 0.01507199, -0.10573507, 0.02880816, -0.08239046, 0.19681138], [-0.05830152, -0.0166568, 0.00117986, 0.04729726, 0.02821882, 0.05712166], [0.13015926, -0.10731512, 0.02085967, -0.05435677, -0.04909975, -0.15101893], [-0.20582266, -0.09472267, 0.54522594, -0.15227832, -0.07225184, -0.33940328], [-0.32253284, -0.13536681, 0.63821957, -0.0319703, -0.03397575, -0.31568673], [0.45294068, 0.2267928, -0.1014944, -0.01844037, -0.0427455, -0.35144628], [0.18825014, 0.09323335, -0.0659444, -0.02597954, 0.00682382, -0.12230574], [0.00143567, 0.00237571, 0.09271053, -0.01272574, 0.059276, -0.0941462], [0.37213741, -0.0902724, -0.23441795, -0.14769446, 0.05846978, -0.13771947], [0.13601594, -0.03613813, -0.04623743, -0.07157594, -0.0150064, -0.08977851], [2.968e-05, -0.0511061, -0.03879939, 0.00697328, -0.0904088, 0.03876971], [0.18976531, 0.00474449, -0.20410185, -0.41813122, -0.09554824, 0.01433654], [0.10609328, 0.01238294, -0.11671909, -0.15184366, -0.03122844, 0.01062582], [-0.02546801, -0.00428735, -0.04050427, 0.0042663, -0.03893378, 0.06597227], [-0.01607491, 0.03369735, 0.00279266, 0.01812324, 0.05705288, 0.01328225], [-0.01315138, -0.04231137, 0.06094347, -0.00418413, -0.01276632, -0.04779209], [0.00736978, -0.03147807, 0.02693744, 0.01385342, -0.02235187, -0.03430722], [-0.01322654, 0.01956044, -0.02835531, -0.00663121, -0.03298656, 0.04158186], [-0.01439927, -0.01422321, 0.02357563, 0.00240227, -0.01272864, -0.00917636], [-0.00845196, 0.05700253, 0.02634206, 0.02339568, 0.02706455, -0.0178901], [0.07909248, 0.00427747, -0.0507884, -0.01935867, -0.00793054, -0.02830409], [-0.02074471, -0.05578718, 0.04974059, -0.00022719, -0.00169501, -0.02899587], [-0.01307193, -0.00971246, -0.0462938, 0.0039183, -0.00275643, 0.05936574], [0.00053324, 0.03310231, 0.00701457, 0.01927234, 0.0411037, -0.00754781], [0.04182964, 0.02237064, -0.06273064, 0.01824459, -0.00027256, 0.020901], [0.01287715, 0.01010788, -0.05742393, 0.00056836, 0.00220004, 0.04454678], [0.04442009, 0.01458392, -0.06400839, -0.00789979, 0.00279452, 0.0195883], [-0.04726192, -0.00776633, 0.01026073, 0.02622401, -0.00123602, 0.0370012], [-0.04202984, 0.00273118, 0.02779171, 0.02904558, 0.01596783, 0.01423813]], "number of molecular orbitals": 80, "number of electrons": 88, "number of unpaired electrons": 0, "orbital energies/eV": [-20.60576204, -20.26713557, -20.17997706, -19.76908827, -19.37798538, -18.67063957, -18.21866816, -18.07743716, -17.66929475, -17.14094316, -17.05277859, -16.89530463, -16.66947943, -16.62166641, -16.24002005, -16.07129287, -15.72688865, -15.62219792, -15.54282678, -15.43312314, -15.31955002, -14.98044686, -14.828716, -14.5916993, -14.39229508, -14.20710872, -13.93052387, -13.76404512, -13.61282781, -13.39246339, -13.15570588, -13.01097811, -12.90076745, -12.84037614, -12.72130176, -12.64785534, -12.46018448, -12.28236044, -12.21267118, -12.12324875, -12.00903343, -11.6758162, -11.59866718, -10.99204401, -8.07784018, -7.1452346, -5.95954789, -5.78126869, -0.48007316, -0.10329934, 0.29768809, 0.7972678, 1.75695847, 1.95046094, 2.18099155, 2.83906743, 3.17245514, 3.31439105, 3.4835369, 3.56291236, 3.72562654, 4.21520029, 4.24410729, 4.38266804, 4.93154958, 4.97976233, 5.19077196, 5.61324831, 6.05058703, 6.52232199, 6.79577856, 6.81293672, 7.40714789, 7.66495982, 11.03690578, 11.14632307, 14.10000609, 14.16904173, 15.26463601, 16.23410269], "fractional occupation": [2.0, 2.0, 2.0, 2.0, 2.0, 2.0, 2.0, 2.0, 2.0, 2.0, 2.0, 2.0, 2.0, 2.0, 2.0, 2.0, 2.0, 2.0, 2.0, 2.0, 2.0, 2.0, 2.0, 2.0, 2.0, 2.0, 2.0, 2.0, 2.0, 2.0, 2.0, 2.0, 2.0, 2.0, 2.0, 2.0, 2.0, 2.0, 2.0, 2.0, 2.0, 2.0, 2.0, 2.0, 0.0, 0.0, 0.0, 0.0, 0.0, 0.0, 0.0, 0.0, 0.0, 0.0, 0.0, 0.0, 0.0, 0.0, 0.0, 0.0, 0.0, 0.0, 0.0, 0.0, 0.0, 0.0, 0.0, 0.0, 0.0, 0.0, 0.0, 0.0, 0.0, 0.0, 0.0, 0.0, 0.0, 0.0, 0.0, 0.0], "program call": "xtb /home/svss/Project-DBcg-Debug/aqme2_20220329/End-to-End-workflows-final/example-3/QDESCP/mol_274_rdkit_conf_6/mol_274_rdkit_conf_6.xyz --pop --wbo --acc 0.2 --gfn 2 --chrg 0 --uhf 0 --etemp 300 --input /home/svss/Project-DBcg-Debug/aqme2_20220329/End-to-End-workflows-final/example-3/QDESCP/mol_274_rdkit_conf_6/mol_274_rdkit_conf_6_xtb.inp", "method": "GFN2-xTB", "xtb version": "6.3.3 (7355c4f)", "Dipole module/D": 2.982, "Total charge": 0, "Transition dipole module/D": NaN, "HOMO": -10.992, "LUMO": -8.0778, "HOMO occupancy": 2.0, "LUMO occupancy": 0, "mulliken charges": [-0.08231, -0.04891, -0.00106, -0.0937, -0.05856, -0.0327, -0.03051, -0.0704, 0.47538, -0.50651, -0.32773, 0.57544, -0.53581, -0.32676, 0.47591, -0.50567, 0.03107, 0.03877, 0.0298, 0.03421, 0.04046, 0.02477, 0.04839, 0.0403, 0.03903, 0.04693, 0.04811, 0.03866, 0.03988, 0.03443, 0.27924, 0.27984], "cm5 charges": [-0.23321, -0.15864, -0.06399, -0.24149, -0.05846, -0.13024, -0.09271, -0.17191, 0.57413, -0.55379, -0.67143, 0.74317, -0.57296, -0.6701, 0.57471, -0.55241, 0.08285, 0.08952, 0.08128, 0.09032, 0.10033, 0.08941, 0.10445, 0.09246, 0.09178, 0.10675, 0.10699, 0.09717, 0.09407, 0.08675, 0.48237, 0.48282], "FUKUI+": [0.011, 0.005, -0.012, 0.015, -0.004, 0.016, 0.014, -0.007, -0.057, -0.146, -0.035, -0.053, -0.145, -0.035, -0.056, -0.145, -0.018, -0.026, -0.011, -0.02, 0.0, -0.014, -0.004, -0.036, -0.025, -0.028, -0.029, -0.008, -0.017, -0.032, -0.048, -0.048], "FUKUI-": [0.014, 0.002, -0.0, 0.013, -0.014, 0.009, -0.04, -0.048, 0.001, -0.058, -0.018, -0.001, -0.08, -0.022, -0.004, -0.065, -0.047, -0.052, -0.044, -0.043, -0.043, -0.042, -0.028, -0.033, -0.025, -0.036, -0.056, -0.054, -0.059, -0.07, -0.028, -0.029], "FUKUIrad": [0.013, 0.003, -0.006, 0.014, -0.009, 0.012, -0.013, -0.027, -0.028, -0.102, -0.027, -0.027, -0.113, -0.028, -0.03, -0.105, -0.033, -0.039, -0.028, -0.032, -0.021, -0.028, -0.016, -0.035, -0.025, -0.032, -0.043, -0.031, -0.038, -0.051, -0.038, -0.038], "s proportion": [1.009, 1.034, 1.072, 1.015, 1.114, 1.03, 1.071, 1.052, 1.015, 1.73, 1.433, 0.938, 1.721, 1.432, 1.014, 1.73, 0.969, 0.961, 0.97, 0.966, 0.96, 0.975, 0.952, 0.96, 0.961, 0.953, 0.952, 0.961, 0.96, 0.966, 0.721, 0.72], "p proportion": [3.073, 3.015, 2.929, 3.079, 2.945, 3.003, 2.96, 3.018, 2.51, 4.776, 3.894, 2.486, 4.815, 3.895, 2.51, 4.776, 0.0, 0.0, 0.0, 0.0, 0.0, 0.0, 0.0, 0.0, 0.0, 0.0, 0.0, 0.0, 0.0, 0.0, 0.0, 0.0], "d proportion": [0.0, 0.0, 0.0, 0.0, 0.0, 0.0, 0.0, 0.0, 0.0, 0.0, 0.0, 0.0, 0.0, 0.0, 0.0, 0.0, 0.0, 0.0, 0.0, 0.0, 0.0, 0.0, 0.0, 0.0, 0.0, 0.0, 0.0, 0.0, 0.0, 0.0, 0.0, 0.0], "Fermi-level/eV": -9.5349, "Coordination numbers": [3.748, 3.798, 3.844, 3.749, 3.896, 3.804, 2.882, 2.833, 2.768, 0.859, 2.696, 2.709, 0.86, 2.696, 2.766, 0.859, 0.924, 0.924, 0.924, 0.924, 0.924, 0.923, 0.924, 0.924, 0.924, 0.924, 0.924, 0.925, 0.925, 0.925, 0.86, 0.86], "Dispersion coefficient C6": [22.535, 21.615, 20.694, 22.654, 20.937, 21.597, 28.87, 30.245, 22.25, 21.268, 24.87, 21.225, 22.113, 24.845, 22.254, 21.207, 2.439, 2.411, 2.513, 2.375, 2.45, 2.517, 2.376, 2.308, 2.329, 2.119, 2.165, 2.423, 2.3, 2.446, 0.951, 0.951], "Total dispersion C6": 9995.921988, "Total dispersion C8": 224795.945251, "Polarizability alpha": [6.771, 6.62, 6.471, 6.788, 6.505, 6.616, 8.809, 9.012, 7.725, 6.183, 7.407, 7.541, 6.305, 7.403, 7.726, 6.174, 2.442, 2.428, 2.479, 2.41, 2.448, 2.481, 2.41, 2.376, 2.387, 2.277, 2.301, 2.434, 2.372, 2.446, 1.527, 1.527], "Total polarizability alpha": 150.800434, "Wiberg matrix": [[0.0, 1.0175706971632337, 0.0, 0.0, 0.0, 0.0, 0.0, 0.0, 0.0, 0.0, 0.0, 0.0, 0.0, 0.0, 0.0, 0.0, 0.9853812481057577, 0.985066033687388, 0.9869654783827979, 0.0, 0.0, 0.0, 0.0, 0.0, 0.0, 0.0, 0.0, 0.0, 0.0, 0.0, 0.0, 0.0], [1.0175706971632337, 0.0, 0.991989551482791, 0.0, 0.0, 0.0, 0.0, 0.0, 0.0, 0.0, 0.0, 0.0, 0.0, 0.0, 0.0, 0.0, 0.0, 0.0, 0.0, 0.9739120684739172, 0.9754360593760494, 0.0, 0.0, 0.0, 0.0, 0.0, 0.0, 0.0, 0.0, 0.0, 0.0, 0.0], [0.0, 0.991989551482791, 0.0, 1.008961102292852, 0.9024070583309235, 0.0, 0.0, 0.0, 0.0, 0.0, 0.0, 0.0, 0.0, 0.0, 0.0, 0.0, 0.0, 0.0, 0.0, 0.0, 0.0, 0.9681165149215548, 0.0, 0.0, 0.0, 0.0, 0.0, 0.0, 0.0, 0.0, 0.0, 0.0], [0.0, 0.0, 1.008961102292852, 0.0, 0.0, 0.0, 0.0, 0.0, 0.0, 0.0, 0.0, 0.0, 0.0, 0.0, 0.0, 0.0, 0.0, 0.0, 0.0, 0.0, 0.0, 0.0, 0.9835263345102312, 0.9788823473413001, 0.9839364239168281, 0.0, 0.0, 0.0, 0.0, 0.0, 0.0, 0.0], [0.0, 0.0, 0.9024070583309235, 0.0, 0.0, 0.9663345752157506, 0.0, 0.0, 0.9519667198589221, 0.0, 0.0, 0.0, 0.0, 0.0, 0.9494461579965869, 0.0, 0.0, 0.0, 0.0, 0.0, 0.0, 0.0, 0.0, 0.0, 0.0, 0.0, 0.0, 0.0, 0.0, 0.0, 0.0, 0.0], [0.0, 0.0, 0.0, 0.0, 0.9663345752157506, 0.0, 1.019727517063432, 0.0, 0.0, 0.0, 0.0, 0.0, 0.0, 0.0, 0.0, 0.0, 0.0, 0.0, 0.0, 0.0, 0.0, 0.0, 0.0, 0.0, 0.0, 0.967583286349575, 0.9597416754866368, 0.0, 0.0, 0.0, 0.0, 0.0], [0.0, 0.0, 0.0, 0.0, 0.0, 1.019727517063432, 0.0, 1.9825759141483468, 0.0, 0.0, 0.0, 0.0, 0.0, 0.0, 0.0, 0.0, 0.0, 0.0, 0.0, 0.0, 0.0, 0.0, 0.0, 0.0, 0.0, 0.0, 0.0, 0.9670640004132784, 0.0, 0.0, 0.0, 0.0], [0.0, 0.0, 0.0, 0.0, 0.0, 0.0, 1.9825759141483468, 0.0, 0.0, 0.0, 0.0, 0.0, 0.0, 0.0, 0.0, 0.0, 0.0, 0.0, 0.0, 0.0, 0.0, 0.0, 0.0, 0.0, 0.0, 0.0, 0.0, 0.0, 0.9747492865898231, 0.977343470716074, 0.0, 0.0], [0.0, 0.0, 0.0, 0.0, 0.9519667198589221, 0.0, 0.0, 0.0, 0.0, 1.7520803232464452, 1.1339459150240223, 0.0, 0.0, 0.0, 0.0, 0.0, 0.0, 0.0, 0.0, 0.0, 0.0, 0.0, 0.0, 0.0, 0.0, 0.0, 0.0, 0.0, 0.0, 0.0, 0.0, 0.0], [0.0, 0.0, 0.0, 0.0, 0.0, 0.0, 0.0, 0.0, 1.7520803232464452, 0.0, 0.13162639212684163, 0.0, 0.0, 0.0, 0.0, 0.0, 0.0, 0.0, 0.0, 0.0, 0.0, 0.0, 0.0, 0.0, 0.0, 0.0, 0.0, 0.0, 0.0, 0.0, 0.0, 0.0], [0.0, 0.0, 0.0, 0.0, 0.0, 0.0, 0.0, 0.0, 1.1339459150240223, 0.13162639212684163, 0.0, 1.1201505430661394, 0.11462264469916704, 0.0, 0.0, 0.0, 0.0, 0.0, 0.0, 0.0, 0.0, 0.0, 0.0, 0.0, 0.0, 0.0, 0.0, 0.0, 0.0, 0.0, 0.9083365278837044, 0.0], [0.0, 0.0, 0.0, 0.0, 0.0, 0.0, 0.0, 0.0, 0.0, 0.0, 1.1201505430661394, 0.0, 1.6538221479168502, 1.1230366814603416, 0.0, 0.0, 0.0, 0.0, 0.0, 0.0, 0.0, 0.0, 0.0, 0.0, 0.0, 0.0, 0.0, 0.0, 0.0, 0.0, 0.0, 0.0], [0.0, 0.0, 0.0, 0.0, 0.0, 0.0, 0.0, 0.0, 0.0, 0.0, 0.11462264469916704, 1.6538221479168502, 0.0, 0.11485514913589323, 0.0, 0.0, 0.0, 0.0, 0.0, 0.0, 0.0, 0.0, 0.0, 0.0, 0.0, 0.0, 0.0, 0.0, 0.0, 0.0, 0.0, 0.0], [0.0, 0.0, 0.0, 0.0, 0.0, 0.0, 0.0, 0.0, 0.0, 0.0, 0.0, 1.1230366814603416, 0.11485514913589323, 0.0, 1.13518103635325, 0.13245114103349417, 0.0, 0.0, 0.0, 0.0, 0.0, 0.0, 0.0, 0.0, 0.0, 0.0, 0.0, 0.0, 0.0, 0.0, 0.0, 0.908697768663104], [0.0, 0.0, 0.0, 0.0, 0.9494461579965869, 0.0, 0.0, 0.0, 0.0, 0.0, 0.0, 0.0, 0.0, 1.13518103635325, 0.0, 1.754466201224367, 0.0, 0.0, 0.0, 0.0, 0.0, 0.0, 0.0, 0.0, 0.0, 0.0, 0.0, 0.0, 0.0, 0.0, 0.0, 0.0], [0.0, 0.0, 0.0, 0.0, 0.0, 0.0, 0.0, 0.0, 0.0, 0.0, 0.0, 0.0, 0.0, 0.13245114103349417, 1.754466201224367, 0.0, 0.0, 0.0, 0.0, 0.0, 0.0, 0.0, 0.0, 0.0, 0.0, 0.0, 0.0, 0.0, 0.0, 0.0, 0.0, 0.0], [0.9853812481057577, 0.0, 0.0, 0.0, 0.0, 0.0, 0.0, 0.0, 0.0, 0.0, 0.0, 0.0, 0.0, 0.0, 0.0, 0.0, 0.0, 0.0, 0.0, 0.0, 0.0, 0.0, 0.0, 0.0, 0.0, 0.0, 0.0, 0.0, 0.0, 0.0, 0.0, 0.0], [0.985066033687388, 0.0, 0.0, 0.0, 0.0, 0.0, 0.0, 0.0, 0.0, 0.0, 0.0, 0.0, 0.0, 0.0, 0.0, 0.0, 0.0, 0.0, 0.0, 0.0, 0.0, 0.0, 0.0, 0.0, 0.0, 0.0, 0.0, 0.0, 0.0, 0.0, 0.0, 0.0], [0.9869654783827979, 0.0, 0.0, 0.0, 0.0, 0.0, 0.0, 0.0, 0.0, 0.0, 0.0, 0.0, 0.0, 0.0, 0.0, 0.0, 0.0, 0.0, 0.0, 0.0, 0.0, 0.0, 0.0, 0.0, 0.0, 0.0, 0.0, 0.0, 0.0, 0.0, 0.0, 0.0], [0.0, 0.9739120684739172, 0.0, 0.0, 0.0, 0.0, 0.0, 0.0, 0.0, 0.0, 0.0, 0.0, 0.0, 0.0, 0.0, 0.0, 0.0, 0.0, 0.0, 0.0, 0.0, 0.0, 0.0, 0.0, 0.0, 0.0, 0.0, 0.0, 0.0, 0.0, 0.0, 0.0], [0.0, 0.9754360593760494, 0.0, 0.0, 0.0, 0.0, 0.0, 0.0, 0.0, 0.0, 0.0, 0.0, 0.0, 0.0, 0.0, 0.0, 0.0, 0.0, 0.0, 0.0, 0.0, 0.0, 0.0, 0.0, 0.0, 0.0, 0.0, 0.0, 0.0, 0.0, 0.0, 0.0], [0.0, 0.0, 0.9681165149215548, 0.0, 0.0, 0.0, 0.0, 0.0, 0.0, 0.0, 0.0, 0.0, 0.0, 0.0, 0.0, 0.0, 0.0, 0.0, 0.0, 0.0, 0.0, 0.0, 0.0, 0.0, 0.0, 0.0, 0.0, 0.0, 0.0, 0.0, 0.0, 0.0], [0.0, 0.0, 0.0, 0.9835263345102312, 0.0, 0.0, 0.0, 0.0, 0.0, 0.0, 0.0, 0.0, 0.0, 0.0, 0.0, 0.0, 0.0, 0.0, 0.0, 0.0, 0.0, 0.0, 0.0, 0.0, 0.0, 0.0, 0.0, 0.0, 0.0, 0.0, 0.0, 0.0], [0.0, 0.0, 0.0, 0.9788823473413001, 0.0, 0.0, 0.0, 0.0, 0.0, 0.0, 0.0, 0.0, 0.0, 0.0, 0.0, 0.0, 0.0, 0.0, 0.0, 0.0, 0.0, 0.0, 0.0, 0.0, 0.0, 0.0, 0.0, 0.0, 0.0, 0.0, 0.0, 0.0], [0.0, 0.0, 0.0, 0.9839364239168281, 0.0, 0.0, 0.0, 0.0, 0.0, 0.0, 0.0, 0.0, 0.0, 0.0, 0.0, 0.0, 0.0, 0.0, 0.0, 0.0, 0.0, 0.0, 0.0, 0.0, 0.0, 0.0, 0.0, 0.0, 0.0, 0.0, 0.0, 0.0], [0.0, 0.0, 0.0, 0.0, 0.0, 0.967583286349575, 0.0, 0.0, 0.0, 0.0, 0.0, 0.0, 0.0, 0.0, 0.0, 0.0, 0.0, 0.0, 0.0, 0.0, 0.0, 0.0, 0.0, 0.0, 0.0, 0.0, 0.0, 0.0, 0.0, 0.0, 0.0, 0.0], [0.0, 0.0, 0.0, 0.0, 0.0, 0.9597416754866368, 0.0, 0.0, 0.0, 0.0, 0.0, 0.0, 0.0, 0.0, 0.0, 0.0, 0.0, 0.0, 0.0, 0.0, 0.0, 0.0, 0.0, 0.0, 0.0, 0.0, 0.0, 0.0, 0.0, 0.0, 0.0, 0.0], [0.0, 0.0, 0.0, 0.0, 0.0, 0.0, 0.9670640004132784, 0.0, 0.0, 0.0, 0.0, 0.0, 0.0, 0.0, 0.0, 0.0, 0.0, 0.0, 0.0, 0.0, 0.0, 0.0, 0.0, 0.0, 0.0, 0.0, 0.0, 0.0, 0.0, 0.0, 0.0, 0.0], [0.0, 0.0, 0.0, 0.0, 0.0, 0.0, 0.0, 0.9747492865898231, 0.0, 0.0, 0.0, 0.0, 0.0, 0.0, 0.0, 0.0, 0.0, 0.0, 0.0, 0.0, 0.0, 0.0, 0.0, 0.0, 0.0, 0.0, 0.0, 0.0, 0.0, 0.0, 0.0, 0.0], [0.0, 0.0, 0.0, 0.0, 0.0, 0.0, 0.0, 0.977343470716074, 0.0, 0.0, 0.0, 0.0, 0.0, 0.0, 0.0, 0.0, 0.0, 0.0, 0.0, 0.0, 0.0, 0.0, 0.0, 0.0, 0.0, 0.0, 0.0, 0.0, 0.0, 0.0, 0.0, 0.0], [0.0, 0.0, 0.0, 0.0, 0.0, 0.0, 0.0, 0.0, 0.0, 0.0, 0.9083365278837044, 0.0, 0.0, 0.0, 0.0, 0.0, 0.0, 0.0, 0.0, 0.0, 0.0, 0.0, 0.0, 0.0, 0.0, 0.0, 0.0, 0.0, 0.0, 0.0, 0.0, 0.0], [0.0, 0.0, 0.0, 0.0, 0.0, 0.0, 0.0, 0.0, 0.0, 0.0, 0.0, 0.0, 0.0, 0.908697768663104, 0.0, 0.0, 0.0, 0.0, 0.0, 0.0, 0.0, 0.0, 0.0, 0.0, 0.0, 0.0, 0.0, 0.0, 0.0, 0.0, 0.0, 0.0]], "Born radii": [], "Atomic SASAs": [], "Solvent H bonds": [], "Total SASA": NaN, "Total FOD": 0.0, "FOD": [0.0, 0.0, 0.0, 0.0, 0.0, 0.0, 0.0, 0.0, 0.0, 0.0, 0.0, 0.0, 0.0, 0.0, 0.0, 0.0, 0.0, 0.0, 0.0, 0.0, 0.0, 0.0, 0.0, 0.0, 0.0, 0.0, 0.0, 0.0, 0.0, 0.0, 0.0, 0.0], "FOD s proportion": [0.0, 0.0, 0.0, 0.0, 0.0, 0.0, 0.0, 0.0, 0.0, 0.0, 0.0, 0.0, 0.0, 0.0, 0.0, 0.0, 0.0, 0.0, 0.0, 0.0, 0.0, 0.0, 0.0, 0.0, 0.0, 0.0, 0.0, 0.0, 0.0, 0.0, 0.0, 0.0], "FOD p proportion": [0.0, 0.0, 0.0, 0.0, 0.0, 0.0, 0.0, 0.0, 0.0, 0.0, 0.0, 0.0, 0.0, 0.0, 0.0, 0.0, 0.0, 0.0, 0.0, 0.0, 0.0, 0.0, 0.0, 0.0, 0.0, 0.0, 0.0, 0.0, 0.0, 0.0, 0.0, 0.0], "FOD d proportion": [0.0, 0.0, 0.0, 0.0, 0.0, 0.0, 0.0, 0.0, 0.0, 0.0, 0.0, 0.0, 0.0, 0.0, 0.0, 0.0, 0.0, 0.0, 0.0, 0.0, 0.0, 0.0, 0.0, 0.0, 0.0, 0.0, 0.0, 0.0, 0.0, 0.0, 0.0, 0.0], "coordinates": [["-3.25980", "-1.46750", "0.08310"], ["-1.79850", "-1.28780", "-0.31420"], ["-1.07330", "-0.15730", "0.46380"], ["-1.04920", "-0.49290", "1.96720"], ["0.36870", "0.16840", "-0.11480"], ["1.34300", "-1.02970", "0.03300"], ["2.71490", "-0.82350", "-0.56790"], ["3.83090", "-0.64190", "0.14900"], ["0.20430", "0.55130", "-1.58690"], ["0.40280", "-0.21290", "-2.52870"], ["-0.25370", "1.81760", "-1.82510"], ["0.06470", "2.87560", "-1.03460"], ["0.09780", "4.01850", "-1.47850"], ["0.43350", "2.59990", "0.24390"], ["0.90620", "1.38130", "0.64990"], ["1.65750", "1.31530", "1.62010"], ["-3.35790", "-1.85810", "1.09980"], ["-3.74350", "-2.18390", "-0.58910"], ["-3.80530", "-0.52100", "0.01680"], ["-1.28110", "-2.24310", "-0.17240"], ["-1.78530", "-1.07410", "-1.38750"], ["-1.68940", "0.74730", "0.35880"], ["-0.52280", "0.26750", "2.54970"], ["-2.06420", "-0.53620", "2.37480"], ["-0.57530", "-1.46100", "2.15680"], ["1.45920", "-1.28940", "1.09280"], ["0.92470", "-1.92090", "-0.45000"], ["2.79250", "-0.86430", "-1.65400"], ["3.81140", "-0.60260", "1.23470"], ["4.79320", "-0.51890", "-0.33840"], ["-0.35290", "2.05350", "-2.80400"], ["0.80700", "3.39100", "0.75180"]], "bond_dist": [[0.0, 1.5249711702192927, 2.5772735167226624, 3.0637281749528626, 3.985140583467539, 4.623845444000048, 6.044466650582167, 7.138906405045524, 4.34332156879962, 4.67013481175865, 4.844558438082877, 5.582478943086127, 6.618781483022385, 5.49636828187486, 5.078629704949948, 5.8554405581476106, 1.093558805003188, 1.0950102693582375, 1.0944533749776644, 2.14058153313533, 2.1193343695604048, 2.7290118523011215, 4.072531099942639, 2.7474839289793853, 3.392169540279495, 4.829096675362794, 4.2426179912879265, 6.325480372272132, 7.216377485276113, 8.11962518900965, 5.402115791058167, 6.371110121478045], [1.5249711702192927, 0.0, 1.5521692208003612, 2.5294470660600905, 2.618594019698357, 3.1711489558202715, 4.544306079040012, 5.685233980233355, 3.0022095096778307, 3.3022934379003934, 3.783217547273749, 4.617833903465997, 5.753987128070413, 4.51746731034105, 3.9203297960758356, 4.73936515790881, 2.180909546496599, 2.1590716106697343, 2.1736580871885076, 1.0956313659256018, 1.0944472668886336, 2.146267415770924, 3.4997559614921725, 2.80467824357804, 2.7626178671687476, 3.5485575731556054, 2.799120485080983, 4.801218313095125, 5.859997291808248, 6.636437428319504, 4.410572422033222, 5.460417171791914], [2.5772735167226624, 1.5521692208003612, 0.0, 1.5405907081376287, 1.5875208502567768, 2.6048370563242527, 3.9822966451533968, 4.938128576697857, 2.5178852654559143, 3.337217226972197, 3.1322575532672916, 3.56913560543726, 4.75197960222895, 3.1497546079020187, 2.5140293196380985, 3.31101934304226, 2.9183237997179132, 3.5136411327851915, 2.792115808844612, 2.190546260639113, 2.185126524940833, 1.0995023283285943, 2.1987460289901604, 2.185719336968953, 2.1940571300674923, 2.8444415374551117, 2.8173248658967247, 4.4642284305353375, 4.965165957951456, 5.93212454774847, 4.010627088124749, 4.026028437554808], [3.0637281749528626, 2.5294470660600905, 1.5405907081376287, 0.0, 2.604319892025555, 3.1228039836019166, 4.550217267340099, 5.209935532230702, 3.910657578975689, 4.732844896042971, 4.511404414370319, 4.64740451219818, 5.791475412189885, 3.838433797787842, 3.0118921112815444, 3.273574581401804, 2.8189092731054686, 4.080858142596971, 3.3765273551387085, 2.7739621140167, 3.483338734605063, 2.129531084534809, 1.0929827857747805, 1.0946404204121096, 1.094416273636316, 2.773275711140167, 3.431955863643937, 5.292417811359946, 4.916708522985677, 6.280931867167482, 5.452828265221637, 4.4729581721719684], [3.985140583467539, 2.618594019698357, 1.5875208502567768, 2.604319892025555, 0.0, 1.5513055598430634, 2.5872417088474746, 3.5655301667493995, 1.529940580545532, 2.4440674520151857, 2.4560880460602386, 2.8753051803243426, 4.093450196350262, 2.4586697582229293, 1.5312735712471497, 2.4466840948516424, 4.4124259733167195, 4.7611411048193055, 4.232595766193601, 2.9224116838665974, 2.793436510823183, 2.189794004010423, 2.811432608119924, 3.5515590562455808, 2.9506350028426085, 2.1846438725796937, 2.187845865229084, 3.051296834134627, 3.777270779279664, 4.483143818795021, 3.362455235389759, 3.3657470508046203], [4.623845444000048, 3.1711489558202715, 2.6048370563242527, 3.1228039836019166, 1.5513055598430634, 0.0, 1.5118560976495086, 2.520613268631267, 2.5338260990052177, 2.848410990359362, 3.756208698940995, 4.245608170804273, 5.414746395723442, 3.7477546904780197, 2.526713448335604, 2.8490036258313185, 4.891090840497649, 5.252777198777805, 5.173396468472139, 2.898349449255558, 3.4359936699592453, 3.529776820140333, 3.3908282719713188, 4.163722052442982, 2.8942047301460896, 1.0973251888114117, 1.0965862164006988, 2.2303310090656945, 2.77839807443066, 3.5075254297011162, 4.520040713312215, 4.510715899943157], [6.044466650582167, 4.544306079040012, 3.9822966451533968, 4.550217267340099, 2.5872417088474746, 1.5118560976495086, 0.0, 1.3387980318180932, 3.0383463265401462, 3.092470761381585, 4.16755887900819, 4.574353477815198, 5.578832204861516, 4.193265166907525, 3.100899155083893, 3.2372680148545006, 6.382046716375555, 6.600156676928207, 6.553349401641881, 4.259072717153348, 4.581085522013314, 4.766974304524831, 4.6251931905597194, 5.619770581616299, 4.319237476684976, 2.133487705612573, 2.1030937235415825, 1.0896327867680928, 2.121432492444669, 2.1130031471817543, 4.763262437657619, 4.8107900338717755], [7.138906405045524, 5.685233980233355, 4.938128576697857, 5.209935532230702, 3.5655301667493995, 2.520613268631267, 1.3387980318180932, 0.0, 4.193960253745856, 4.3710396818148425, 5.1604426379914345, 5.287530392347641, 6.189032236141609, 4.69687130013161, 3.591393760088136, 3.2739020464882573, 7.352687163207748, 7.764926977763539, 7.6383011259048965, 5.366533648455024, 5.838606985403282, 5.696279906219498, 5.054213345318933, 6.30218709179599, 4.910884247261383, 2.633434179925521, 3.23119798836283, 2.0924973882898876, 1.0865860435326784, 1.0856836786099342, 5.787017591125847, 5.076575761278462], [4.34332156879962, 3.0022095096778307, 2.5178852654559143, 3.910657578975689, 1.529940580545532, 2.5338260990052177, 3.0383463265401462, 4.193960253745856, 0.0, 1.228979710979803, 1.3674863545937124, 2.3930929651812525, 3.4705285836598443, 2.7570134638771715, 2.486933422912644, 3.6028232318558175, 5.070782394266194, 4.905308218654563, 4.449558757899484, 3.466395068367136, 2.5768573262794354, 2.7221800418047297, 4.209593378225502, 4.692953802244381, 4.321159235668133, 3.4847873091481496, 2.814834028854987, 2.9507973515644887, 4.72271978630958, 4.874636755697803, 2.0120658761581343, 3.727822564178719], [4.67013481175865, 3.3022934379003934, 3.337217226972197, 4.732844896042971, 2.4440674520151857, 2.848410990359362, 3.092470761381585, 4.3710396818148425, 1.228979710979803, 0.0, 2.2469925367032264, 3.4475322580071674, 4.370433731336057, 3.9496958224653196, 3.591431909419974, 4.595890421887797, 5.478645798005197, 4.983843180719073, 4.927737966856599, 3.536860322376331, 2.6137682548382135, 3.6928229215601442, 5.18436747154366, 5.498629296470167, 4.946548642235312, 3.9230212158488262, 2.7405541957786568, 2.6268018844214347, 5.092504257239262, 4.915959952033783, 2.4048786954854915, 4.8901076777510735], [4.844558438082877, 3.783217547273749, 3.1322575532672916, 4.511404414370319, 2.4560880460602386, 3.756208698940995, 4.16755887900819, 5.1604426379914345, 1.3674863545937124, 2.2469925367032264, 0.0, 1.3585406913302227, 2.2555807722181003, 2.316246560709805, 2.7679145037374258, 3.9716991036582816, 5.630441202960919, 5.451458730468387, 4.634167468920388, 4.502916004102231, 3.3013968573923376, 2.8242159602268377, 4.649096671397574, 5.143680073643772, 5.167994981615211, 4.593649509921279, 4.154023208890389, 4.062166572163185, 5.634250801126979, 5.756796743849829, 1.0117977367043276, 3.2001696298790163], [5.582478943086127, 4.617833903465997, 3.56913560543726, 4.64740451219818, 2.8753051803243426, 4.245608170804273, 4.574353477815198, 5.287530392347641, 2.3930929651812525, 3.4475322580071674, 1.3585406913302227, 0.0, 1.2265248591039648, 1.3588915262080339, 2.4038708347163746, 3.466840062650713, 6.219145424413229, 6.348180663780766, 5.255400414811416, 5.362430062014796, 4.3757477646683425, 3.089998585760194, 4.471526400458796, 5.272248363838714, 5.422244325000488, 4.880336669739087, 4.9079292384874496, 4.6702677878254475, 5.593331620778442, 5.862255277621403, 1.9952479870933335, 2.001966885340514], [6.618781483022385, 5.753987128070413, 4.75197960222895, 5.791475412189885, 4.093450196350262, 5.414746395723442, 5.578832204861516, 6.189032236141609, 3.4705285836598443, 4.370433731336057, 2.2555807722181003, 1.2265248591039648, 0.0, 2.2564977753146582, 3.4840236738575703, 4.397871790991639, 7.288615845275426, 7.349583920876066, 6.1706702998944944, 6.543309329383718, 5.430370279271941, 4.155779658499714, 5.539092037509397, 6.345664423840895, 6.610097574922779, 6.052998931108447, 6.084245903971996, 5.5797799401051655, 6.519727326353457, 6.628318635219643, 2.4127382245075824, 2.4230061865377066], [5.49636828187486, 4.51746731034105, 3.1497546079020187, 3.838433797787842, 2.4586697582229293, 3.7477546904780197, 4.193265166907525, 4.69687130013161, 2.7570134638771715, 3.9496958224653196, 2.316246560709805, 1.3588915262080339, 2.2564977753146582, 0.0, 1.3686735366770264, 2.2455065352832975, 5.91447738773258, 6.405151086430358, 5.268682630411514, 5.154396943387266, 4.591602704938658, 2.8199349602428776, 3.4163303543422145, 4.540304319095802, 4.6008447767774125, 4.11088143711297, 4.600044270439144, 4.6008246054375945, 4.758980909816723, 5.391935721056029, 3.1947883075408923, 1.011584830847122], [5.078629704949948, 3.9203297960758356, 2.5140293196380985, 3.0118921112815444, 1.5312735712471497, 2.526713448335604, 3.100899155083893, 3.591393760088136, 2.486933422912644, 3.591431909419974, 2.7679145037374258, 2.4038708347163746, 3.4840236738575703, 1.3686735366770264, 0.0, 1.2288595241116864, 5.373887901696499, 5.98877968621321, 5.12033135158263, 4.312393064181418, 4.174225697060474, 2.687719213385208, 2.625229795655992, 3.933873716834337, 3.541787564211044, 2.7630794233970186, 3.4806101620261924, 3.7294506646421803, 3.5662357311316364, 4.438047535797696, 3.737192911798908, 2.014725375826691], [5.8554405581476106, 4.73936515790881, 3.31101934304226, 3.273574581401804, 2.4466840948516424, 2.8490036258313185, 3.2372680148545006, 3.2739020464882573, 3.6028232318558175, 4.595890421887797, 3.9716991036582816, 3.466840062650713, 4.397871790991639, 2.2455065352832975, 1.2288595241116864, 0.0, 5.957803018730981, 6.804099226201805, 5.98203580898677, 4.95082182773729, 5.1582712181505155, 3.621497107550964, 2.5914762375912304, 4.224769251687008, 3.6029549566987376, 2.664925940809613, 3.910920644809864, 4.093728370324538, 2.909666437927207, 4.12706025882831, 4.915211919134312, 2.4053743222209722], [1.093558805003188, 2.180909546496599, 2.9183237997179132, 2.8189092731054686, 4.4124259733167195, 4.891090840497649, 6.382046716375555, 7.352687163207748, 5.070782394266194, 5.478645798005197, 5.630441202960919, 6.219145424413229, 7.288615845275426, 5.91447738773258, 5.373887901696499, 5.957803018730981, 0.0, 1.7627297609106167, 1.777889808171474, 2.4657283062008273, 3.045387996627031, 3.1813648659026836, 3.8285999242542954, 2.2464871021218884, 3.0029652295689337, 4.850558844092091, 4.554831131886231, 6.811642462725124, 7.279652515745514, 8.38464710587154, 6.290492349570104, 6.709735227264933], [1.0950102693582375, 2.1590716106697343, 3.5136411327851915, 4.080858142596971, 4.7611411048193055, 5.252777198777805, 6.600156676928207, 7.764926977763539, 4.905308218654563, 4.983843180719073, 5.451458730468387, 6.348180663780766, 7.349583920876066, 6.405151086430358, 5.98877968621321, 6.804099226201805, 1.7627297609106167, 0.0, 1.7709236177768932, 2.498110744142461, 2.388230692374587, 3.7026712870574943, 5.121946494253917, 3.7841335851156206, 4.254414467350355, 5.540487807946156, 4.6776713277014235, 6.752381222205985, 7.931158184023314, 8.701167874486735, 5.861527883581209, 7.320148432238243], [1.0944533749776644, 2.1736580871885076, 2.792115808844612, 3.3765273551387085, 4.232595766193601, 5.173396468472139, 6.553349401641881, 7.6383011259048965, 4.449558757899484, 4.927737966856599, 4.634167468920388, 5.255400414811416, 6.1706702998944944, 5.268682630411514, 5.12033135158263, 5.98203580898677, 1.777889808171474, 1.7709236177768932, 0.0, 3.061537308281576, 2.521582459488485, 2.490498283476622, 4.220440843087366, 2.9311813744632045, 3.986991346867961, 5.427999153463456, 4.9548483579217635, 6.8147188034430295, 7.713887337782423, 8.605833701623569, 5.14820635270188, 6.092395283466102], [2.14058153313533, 1.0956313659256018, 2.190546260639113, 2.7739621140167, 2.9224116838665974, 2.898349449255558, 4.259072717153348, 5.366533648455024, 3.466395068367136, 3.536860322376331, 4.502916004102231, 5.362430062014796, 6.543309329383718, 5.154396943387266, 4.312393064181418, 4.95082182773729, 2.4657283062008273, 2.498110744142461, 3.061537308281576, 0.0, 1.7598996136143676, 3.064534954931988, 3.779941753519491, 3.164645487254457, 2.556365914731301, 3.165362352085461, 2.24642565868537, 4.548675077426393, 5.532153912356379, 6.3164501209144355, 5.1232455884917325, 6.079259005832865], [2.1193343695604048, 1.0944472668886336, 2.185126524940833, 3.483338734605063, 2.793436510823183, 3.4359936699592453, 4.581085522013314, 5.838606985403282, 2.5768573262794354, 2.6137682548382135, 3.3013968573923376, 4.3757477646683425, 5.430370279271941, 4.591602704938658, 4.174225697060474, 5.1582712181505155, 3.045387996627031, 2.388230692374587, 2.521582459488485, 1.7598996136143676, 0.0, 2.5251254345081553, 4.346877114665194, 3.8107772055054596, 3.7650835448898072, 4.089623751642686, 2.989996068559288, 4.5903476044848714, 6.198491427758855, 6.684722888796513, 3.7202316823015207, 5.588715576051442], [2.7290118523011215, 2.146267415770924, 1.0995023283285943, 2.129531084534809, 2.189794004010423, 3.529776820140333, 4.766974304524831, 5.696279906219498, 2.7221800418047297, 3.6928229215601442, 2.8242159602268377, 3.089998585760194, 4.155779658499714, 2.8199349602428776, 2.687719213385208, 3.621497107550964, 3.1813648659026836, 3.7026712870574943, 2.490498283476622, 3.064534954931988, 2.5251254345081553, 0.0, 2.5280835449011567, 2.4191120871096485, 3.0578769922938367, 3.821071165262432, 3.821906263895021, 5.17069105729592, 5.731337667595585, 6.641795919779529, 3.673648667197232, 3.657268331692385], [4.072531099942639, 3.4997559614921725, 2.1987460289901604, 1.0929827857747805, 2.811432608119924, 3.3908282719713188, 4.6251931905597194, 5.054213345318933, 4.209593378225502, 5.18436747154366, 4.649096671397574, 4.471526400458796, 5.539092037509397, 3.4163303543422145, 2.625229795655992, 2.5914762375912304, 3.8285999242542954, 5.121946494253917, 4.220440843087366, 3.779941753519491, 4.346877114665194, 2.5280835449011567, 0.0, 1.747122680294661, 1.7733693664885497, 2.911154276227902, 3.9852918211844917, 5.4720452319036985, 4.6121132520787045, 6.100770653778095, 5.64630549120396, 3.841492509429115], [2.7474839289793853, 2.80467824357804, 2.185719336968953, 1.0946404204121096, 3.5515590562455808, 4.163722052442982, 5.619770581616299, 6.30218709179599, 4.692953802244381, 5.498629296470167, 5.143680073643772, 5.272248363838714, 6.345664423840895, 4.540304319095802, 3.933873716834337, 4.224769251687008, 2.2464871021218884, 3.7841335851156206, 2.9311813744632045, 3.164645487254457, 3.8107772055054596, 2.4191120871096485, 1.747122680294661, 0.0, 1.7662395788793774, 3.8242884043963, 4.339402302160979, 6.318735153493933, 5.985558648112973, 7.374665300201766, 6.037802847062829, 5.128432341369047], [3.392169540279495, 2.7626178671687476, 2.1940571300674923, 1.094416273636316, 2.9506350028426085, 2.8942047301460896, 4.319237476684976, 4.910884247261383, 4.321159235668133, 4.946548642235312, 5.167994981615211, 5.422244325000488, 6.610097574922779, 4.6008447767774125, 3.541787564211044, 3.6029549566987376, 3.0029652295689337, 4.254414467350355, 3.986991346867961, 2.556365914731301, 3.7650835448898072, 3.0578769922938367, 1.7733693664885497, 1.7662395788793774, 0.0, 2.3023320373047844, 3.04251774851027, 5.120578519073797, 4.564017513112763, 5.994528146568335, 6.0836427122243135, 5.2370490058810795], [4.829096675362794, 3.5485575731556054, 2.8444415374551117, 2.773275711140167, 2.1846438725796937, 1.0973251888114117, 2.133487705612573, 2.633434179925521, 3.4847873091481496, 3.9230212158488262, 4.593649509921279, 4.880336669739087, 6.052998931108447, 4.11088143711297, 2.7630794233970186, 2.664925940809613, 4.850558844092091, 5.540487807946156, 5.427999153463456, 3.165362352085461, 4.089623751642686, 3.821071165262432, 2.911154276227902, 3.8242884043963, 2.3023320373047844, 0.0, 1.7506325542500345, 3.0827437681390255, 2.4545212751165955, 3.7091184518696623, 5.444606235532556, 4.737909876728345], [4.2426179912879265, 2.799120485080983, 2.8173248658967247, 3.431955863643937, 2.187845865229084, 1.0965862164006988, 2.1030937235415825, 3.23119798836283, 2.814834028854987, 2.7405541957786568, 4.154023208890389, 4.9079292384874496, 6.084245903971996, 4.600044270439144, 3.4806101620261924, 3.910920644809864, 4.554831131886231, 4.6776713277014235, 4.9548483579217635, 2.24642565868537, 2.989996068559288, 3.821906263895021, 3.9852918211844917, 4.339402302160979, 3.04251774851027, 1.7506325542500345, 0.0, 2.460629269109835, 3.592932767252958, 4.116230169706256, 4.792643646256208, 5.447426744803457], [6.325480372272132, 4.801218313095125, 4.4642284305353375, 5.292417811359946, 3.051296834134627, 2.2303310090656945, 1.0896327867680928, 2.0924973882898876, 2.9507973515644887, 2.6268018844214347, 4.062166572163185, 4.6702677878254475, 5.5797799401051655, 4.6008246054375945, 3.7294506646421803, 4.093728370324538, 6.811642462725124, 6.752381222205985, 6.8147188034430295, 4.548675077426393, 4.5903476044848714, 5.17069105729592, 5.4720452319036985, 6.318735153493933, 5.120578519073797, 3.0827437681390255, 2.460629269109835, 0.0, 3.074285573917947, 2.419277786861194, 4.441801211220511, 5.276140822608888], [7.216377485276113, 5.859997291808248, 4.965165957951456, 4.916708522985677, 3.777270779279664, 2.77839807443066, 2.121432492444669, 1.0865860435326784, 4.72271978630958, 5.092504257239262, 5.634250801126979, 5.593331620778442, 6.519727326353457, 4.758980909816723, 3.5662357311316364, 2.909666437927207, 7.279652515745514, 7.931158184023314, 7.713887337782423, 5.532153912356379, 6.198491427758855, 5.731337667595585, 4.6121132520787045, 5.985558648112973, 4.564017513112763, 2.4545212751165955, 3.592932767252958, 3.074285573917947, 0.0, 1.8562275022205654, 6.380231922900609, 5.020802000676784], [8.11962518900965, 6.636437428319504, 5.93212454774847, 6.280931867167482, 4.483143818795021, 3.5075254297011162, 2.1130031471817543, 1.0856836786099342, 4.874636755697803, 4.915959952033783, 5.756796743849829, 5.862255277621403, 6.628318635219643, 5.391935721056029, 4.438047535797696, 4.12706025882831, 8.38464710587154, 8.701167874486735, 8.605833701623569, 6.3164501209144355, 6.684722888796513, 6.641795919779529, 6.100770653778095, 7.374665300201766, 5.994528146568335, 3.7091184518696623, 4.116230169706256, 2.419277786861194, 1.8562275022205654, 0.0, 6.2592947150617535, 5.689081163949061], [5.402115791058167, 4.410572422033222, 4.010627088124749, 5.452828265221637, 3.362455235389759, 4.520040713312215, 4.763262437657619, 5.787017591125847, 2.0120658761581343, 2.4048786954854915, 1.0117977367043276, 1.9952479870933335, 2.4127382245075824, 3.1947883075408923, 3.737192911798908, 4.915211919134312, 6.290492349570104, 5.861527883581209, 5.14820635270188, 5.1232455884917325, 3.7202316823015207, 3.673648667197232, 5.64630549120396, 6.037802847062829, 6.0836427122243135, 5.444606235532556, 4.792643646256208, 4.441801211220511, 6.380231922900609, 6.2592947150617535, 0.0, 3.9721515454473786], [6.371110121478045, 5.460417171791914, 4.026028437554808, 4.4729581721719684, 3.3657470508046203, 4.510715899943157, 4.8107900338717755, 5.076575761278462, 3.727822564178719, 4.8901076777510735, 3.2001696298790163, 2.001966885340514, 2.4230061865377066, 1.011584830847122, 2.014725375826691, 2.4053743222209722, 6.709735227264933, 7.320148432238243, 6.092395283466102, 6.079259005832865, 5.588715576051442, 3.657268331692385, 3.841492509429115, 5.128432341369047, 5.2370490058810795, 4.737909876728345, 5.447426744803457, 5.276140822608888, 5.020802000676784, 5.689081163949061, 3.9721515454473786, 0.0]]}