{"total energy": -27.21696673, "HOMO-LUMO gap/eV": 11.73900277, "electronic energy": -27.55689826, "dipole": [0.64915759, -0.43114389, 0.15863602], "partial charges": [-0.10035681, -0.05202384, -0.06516462, 0.01318806, -0.10637897, -0.11037268, 0.07614602, -0.44495676, 0.03187155, 0.03352217, 0.03065776, 0.02373474, 0.03265216, 0.03531971, 0.03368324, 0.03659502, 0.03222835, 0.04518689, 0.03188379, 0.03490335, 0.04001576, 0.01539448, 0.04475749, 0.28751313], "atomic dipole moments": [[-0.08796113, -0.03227937, -0.03321553], [0.01340206, 0.06115785, 0.09194812], [-0.0194882, -0.05750834, -0.09123513], [-0.00195507, 0.00274268, -0.01436573], [0.07043072, -0.04201485, -0.07140397], [0.00414121, 0.10216912, -0.00538042], [0.04166605, 0.18124983, 0.06444148], [0.123108, -0.20355388, 0.01661089], [0.09069863, -0.03409703, -0.07958974], [0.02869833, -0.04825935, 0.11343276], [0.00226942, 0.1254164, 0.00828395], [-0.01384857, 0.04550581, -0.11283855], [0.01085375, -0.12378917, -0.01209943], [0.02854763, -0.04040256, 0.11474335], [0.00370395, 0.12240064, 0.01885096], [-0.12120717, -0.03275562, -0.02414496], [0.02296144, -0.0421016, 0.11627165], [-0.00015559, 0.12872639, 0.01044539], [0.06914519, -0.05527428, -0.09009661], [-0.11751574, -0.04380435, -0.01985761], [0.03659185, -0.05161971, 0.10995908], [0.06440677, -0.03544547, -0.09337666], [-0.11757535, -0.03526967, -0.03239493], [0.07689997, 0.01220298, -0.00169776]], "atomic quadrupole moments": [[0.16253688, 0.10181508, -0.08472193, 0.09643051, 0.04701514, -0.07781495], [0.20051809, 0.04697783, -0.16309299, -0.02801485, 0.1054593, -0.0374251], [0.20399606, 0.01877329, -0.15190206, -0.08219494, 0.08866077, -0.05209399], [-0.03239792, -0.00108766, 0.02129751, 0.01327887, -0.00831211, 0.01110041], [0.03452158, -0.07185406, -0.0777082, -0.13833693, 0.0766856, 0.04318662], [-0.09622346, 0.00633428, 0.20404122, -0.00571638, -0.0013538, -0.10781777], [-0.2987105, 0.01859357, 0.4170275, 0.04829509, -0.09379994, -0.118317], [-0.05561352, -0.00227097, 0.16874035, 0.00928694, -0.01446079, -0.11312682], [0.02323671, -0.01900635, -0.0370411, -0.05106327, 0.03357322, 0.01380439], [-0.03365655, 0.00463888, -0.02099015, 0.01792874, -0.04802956, 0.05464671], [-0.03175632, -0.01056434, 0.07957014, 0.00972548, 0.00688992, -0.04781383], [-0.01026085, -0.00916499, -0.02125721, 0.01830547, -0.03924525, 0.03151806], [-0.01670284, 0.00412152, 0.05511579, -0.00360825, -0.00305378, -0.03841295], [-0.01203626, -0.00965628, -0.01852913, 0.00632135, -0.04313673, 0.03056539], [-0.01417655, -0.00692072, 0.05839912, -0.01081715, -0.00807924, -0.04422258], [0.05667372, 0.03427485, -0.03293389, 0.03085004, 0.02245233, -0.02373983], [-0.02782886, -0.02554253, -0.02469538, 0.02895939, -0.04337452, 0.05252425], [-0.03694578, 0.01365041, 0.07795398, -0.01036923, -0.00593081, -0.04100821], [0.00162869, -0.01842079, -0.02325224, -0.06315754, 0.02210959, 0.02162355], [0.07497403, 0.01851105, -0.02616412, 0.02076404, 0.00543637, -0.04880991], [-0.0378576, -0.00783374, -0.02345872, 0.04086064, -0.02577437, 0.06131632], [0.00174693, -0.02211494, 0.01401979, -0.04228744, 0.00825959, -0.01576672], [0.0492649, 0.01920164, -0.01525123, 0.00501517, -0.01157227, -0.03401367], [0.11662707, 0.05316581, -0.02091596, 0.00122744, 0.00594055, -0.09571111]], "number of molecular orbitals": 48, "number of electrons": 50, "number of unpaired electrons": 0, "orbital energies/eV": [-18.44716081, -17.25808539, -16.8754328, -16.44357713, -16.06164031, -15.96988455, -15.34493235, -15.26133926, -14.72234433, -14.22575804, -14.17034135, -13.81713962, -13.53551984, -13.37992687, -12.79786881, -12.71249395, -12.64069627, -12.40366039, -12.36200856, -12.19766677, -11.91989445, -11.80778892, -11.5533982, -11.44674707, -10.88309638, 0.85590638, 1.37595993, 1.81024187, 2.01054551, 2.24826538, 3.34053321, 3.40077729, 3.64581751, 4.24309635, 4.45637544, 4.75826282, 5.02357342, 5.50388636, 5.62585138, 5.79963365, 5.98165043, 6.34037982, 6.8460475, 6.85924011, 7.09248495, 7.14270363, 7.39488065, 8.08630803], "fractional occupation": [2.0, 2.0, 2.0, 2.0, 2.0, 2.0, 2.0, 2.0, 2.0, 2.0, 2.0, 2.0, 2.0, 2.0, 2.0, 2.0, 2.0, 2.0, 2.0, 2.0, 2.0, 2.0, 2.0, 2.0, 2.0, 0.0, 0.0, 0.0, 0.0, 0.0, 0.0, 0.0, 0.0, 0.0, 0.0, 0.0, 0.0, 0.0, 0.0, 0.0, 0.0, 0.0, 0.0, 0.0, 0.0, 0.0, 0.0, 0.0], "program call": "xtb /home/svss/Project-DBcg-Debug/aqme2_20220329/End-to-End-workflows-final/example-3/QDESCP/mol_706_rdkit_conf_4/mol_706_rdkit_conf_4.xyz --pop --wbo --acc 0.2 --gfn 2 --chrg 0 --uhf 0 --etemp 300 --input /home/svss/Project-DBcg-Debug/aqme2_20220329/End-to-End-workflows-final/example-3/QDESCP/mol_706_rdkit_conf_4/mol_706_rdkit_conf_4_xtb.inp", "method": "GFN2-xTB", "xtb version": "6.3.3 (7355c4f)", "Dipole module/D": 2.021, "Total charge": 0, "Transition dipole module/D": NaN, "HOMO": -10.8831, "LUMO": 0.8559, "HOMO occupancy": 2.0, "LUMO occupancy": 0, "mulliken charges": [-0.08294, -0.04279, -0.06121, 0.00843, -0.08981, -0.10042, 0.18477, -0.56379, 0.02953, 0.02862, 0.02663, 0.01866, 0.024, 0.02814, 0.02709, 0.03058, 0.02583, 0.03989, 0.0281, 0.03121, 0.03389, 0.01036, 0.03134, 0.33392], "cm5 charges": [-0.23355, -0.15583, -0.16728, -0.02352, -0.23528, -0.24676, 0.10164, -0.77977, 0.08029, 0.0799, 0.07794, 0.07495, 0.07953, 0.08435, 0.08525, 0.08301, 0.07787, 0.09414, 0.0806, 0.08326, 0.08597, 0.07393, 0.09505, 0.50428], "FUKUI+": [0.012, -0.009, -0.023, -0.046, 0.019, 0.019, -0.008, -0.099, -0.071, -0.041, -0.037, -0.039, -0.045, -0.059, -0.048, -0.07, -0.052, -0.043, -0.042, -0.054, -0.059, -0.068, -0.079, -0.059], "FUKUI-": [0.018, 0.006, 0.015, -0.027, 0.016, 0.024, 0.006, -0.124, -0.064, -0.061, -0.057, -0.061, -0.061, -0.075, -0.045, -0.051, -0.066, -0.037, -0.046, -0.047, -0.058, -0.09, -0.067, -0.046], "FUKUIrad": [0.015, -0.002, -0.004, -0.036, 0.017, 0.021, -0.001, -0.111, -0.067, -0.051, -0.047, -0.05, -0.053, -0.067, -0.046, -0.061, -0.059, -0.04, -0.044, -0.051, -0.059, -0.079, -0.073, -0.053], "s proportion": [1.008, 1.028, 1.042, 1.094, 1.016, 1.018, 0.999, 1.695, 0.97, 0.971, 0.973, 0.981, 0.976, 0.972, 0.973, 0.969, 0.974, 0.96, 0.972, 0.969, 0.966, 0.99, 0.969, 0.666], "p proportion": [3.075, 3.015, 3.019, 2.897, 3.073, 3.083, 2.816, 4.868, 0.0, 0.0, 0.0, 0.0, 0.0, 0.0, 0.0, 0.0, 0.0, 0.0, 0.0, 0.0, 0.0, 0.0, 0.0, 0.0], "d proportion": [0.0, 0.0, 0.0, 0.0, 0.0, 0.0, 0.0, 0.0, 0.0, 0.0, 0.0, 0.0, 0.0, 0.0, 0.0, 0.0, 0.0, 0.0, 0.0, 0.0, 0.0, 0.0, 0.0, 0.0], "Fermi-level/eV": -5.0136, "Coordination numbers": [3.75, 3.798, 3.803, 3.893, 3.756, 3.755, 3.677, 1.653, 0.924, 0.924, 0.924, 0.924, 0.924, 0.923, 0.923, 0.924, 0.924, 0.924, 0.924, 0.924, 0.924, 0.924, 0.924, 0.804], "Dispersion coefficient C6": [22.48, 21.511, 21.748, 20.302, 22.588, 22.667, 19.522, 21.742, 2.56, 2.537, 2.577, 2.677, 2.549, 2.512, 2.535, 2.495, 2.555, 2.381, 2.56, 2.518, 2.449, 2.804, 2.387, 0.76], "Total dispersion C6": 3818.2889, "Total dispersion C8": 79106.671815, "Polarizability alpha": [6.762, 6.604, 6.639, 6.405, 6.777, 6.789, 6.33, 6.295, 2.502, 2.491, 2.511, 2.559, 2.497, 2.479, 2.49, 2.47, 2.5, 2.413, 2.502, 2.482, 2.447, 2.619, 2.416, 1.369], "Total polarizability alpha": 91.345647, "Wiberg matrix": [[0.0, 1.018839449280562, 0.0, 0.0, 0.0, 0.0, 0.0, 0.0, 0.9872799098779128, 0.987569439700092, 0.9877595770960002, 0.0, 0.0, 0.0, 0.0, 0.0, 0.0, 0.0, 0.0, 0.0, 0.0, 0.0, 0.0, 0.0], [1.018839449280562, 0.0, 1.00811831852121, 0.0, 0.0, 0.0, 0.0, 0.0, 0.0, 0.0, 0.0, 0.9756088359255852, 0.9759959560548143, 0.0, 0.0, 0.0, 0.0, 0.0, 0.0, 0.0, 0.0, 0.0, 0.0, 0.0], [0.0, 1.00811831852121, 0.0, 0.9826569202373687, 0.0, 0.0, 0.0, 0.0, 0.0, 0.0, 0.0, 0.0, 0.0, 0.9749062350086313, 0.9726902577882125, 0.0, 0.0, 0.0, 0.0, 0.0, 0.0, 0.0, 0.0, 0.0], [0.0, 0.0, 0.9826569202373687, 0.0, 0.9968251652841381, 0.9979537360912365, 0.9747187095310773, 0.0, 0.0, 0.0, 0.0, 0.0, 0.0, 0.0, 0.0, 0.0, 0.0, 0.0, 0.0, 0.0, 0.0, 0.0, 0.0, 0.0], [0.0, 0.0, 0.0, 0.9968251652841381, 0.0, 0.0, 0.0, 0.0, 0.0, 0.0, 0.0, 0.0, 0.0, 0.0, 0.0, 0.9854357451195038, 0.9862646895505075, 0.9848080515294934, 0.0, 0.0, 0.0, 0.0, 0.0, 0.0], [0.0, 0.0, 0.0, 0.9979537360912365, 0.0, 0.0, 0.0, 0.0, 0.0, 0.0, 0.0, 0.0, 0.0, 0.0, 0.0, 0.0, 0.0, 0.0, 0.9838384371628016, 0.9855324345953884, 0.9854968118122724, 0.0, 0.0, 0.0], [0.0, 0.0, 0.0, 0.9747187095310773, 0.0, 0.0, 0.0, 0.9971344082251676, 0.0, 0.0, 0.0, 0.0, 0.0, 0.0, 0.0, 0.0, 0.0, 0.0, 0.0, 0.0, 0.0, 0.9704503236535202, 0.9717226924458512, 0.0], [0.0, 0.0, 0.0, 0.0, 0.0, 0.0, 0.9971344082251676, 0.0, 0.0, 0.0, 0.0, 0.0, 0.0, 0.0, 0.0, 0.0, 0.0, 0.0, 0.0, 0.0, 0.0, 0.0, 0.0, 0.9005765594834606], [0.9872799098779128, 0.0, 0.0, 0.0, 0.0, 0.0, 0.0, 0.0, 0.0, 0.0, 0.0, 0.0, 0.0, 0.0, 0.0, 0.0, 0.0, 0.0, 0.0, 0.0, 0.0, 0.0, 0.0, 0.0], [0.987569439700092, 0.0, 0.0, 0.0, 0.0, 0.0, 0.0, 0.0, 0.0, 0.0, 0.0, 0.0, 0.0, 0.0, 0.0, 0.0, 0.0, 0.0, 0.0, 0.0, 0.0, 0.0, 0.0, 0.0], [0.9877595770960002, 0.0, 0.0, 0.0, 0.0, 0.0, 0.0, 0.0, 0.0, 0.0, 0.0, 0.0, 0.0, 0.0, 0.0, 0.0, 0.0, 0.0, 0.0, 0.0, 0.0, 0.0, 0.0, 0.0], [0.0, 0.9756088359255852, 0.0, 0.0, 0.0, 0.0, 0.0, 0.0, 0.0, 0.0, 0.0, 0.0, 0.0, 0.0, 0.0, 0.0, 0.0, 0.0, 0.0, 0.0, 0.0, 0.0, 0.0, 0.0], [0.0, 0.9759959560548143, 0.0, 0.0, 0.0, 0.0, 0.0, 0.0, 0.0, 0.0, 0.0, 0.0, 0.0, 0.0, 0.0, 0.0, 0.0, 0.0, 0.0, 0.0, 0.0, 0.0, 0.0, 0.0], [0.0, 0.0, 0.9749062350086313, 0.0, 0.0, 0.0, 0.0, 0.0, 0.0, 0.0, 0.0, 0.0, 0.0, 0.0, 0.0, 0.0, 0.0, 0.0, 0.0, 0.0, 0.0, 0.0, 0.0, 0.0], [0.0, 0.0, 0.9726902577882125, 0.0, 0.0, 0.0, 0.0, 0.0, 0.0, 0.0, 0.0, 0.0, 0.0, 0.0, 0.0, 0.0, 0.0, 0.0, 0.0, 0.0, 0.0, 0.0, 0.0, 0.0], [0.0, 0.0, 0.0, 0.0, 0.9854357451195038, 0.0, 0.0, 0.0, 0.0, 0.0, 0.0, 0.0, 0.0, 0.0, 0.0, 0.0, 0.0, 0.0, 0.0, 0.0, 0.0, 0.0, 0.0, 0.0], [0.0, 0.0, 0.0, 0.0, 0.9862646895505075, 0.0, 0.0, 0.0, 0.0, 0.0, 0.0, 0.0, 0.0, 0.0, 0.0, 0.0, 0.0, 0.0, 0.0, 0.0, 0.0, 0.0, 0.0, 0.0], [0.0, 0.0, 0.0, 0.0, 0.9848080515294934, 0.0, 0.0, 0.0, 0.0, 0.0, 0.0, 0.0, 0.0, 0.0, 0.0, 0.0, 0.0, 0.0, 0.0, 0.0, 0.0, 0.0, 0.0, 0.0], [0.0, 0.0, 0.0, 0.0, 0.0, 0.9838384371628016, 0.0, 0.0, 0.0, 0.0, 0.0, 0.0, 0.0, 0.0, 0.0, 0.0, 0.0, 0.0, 0.0, 0.0, 0.0, 0.0, 0.0, 0.0], [0.0, 0.0, 0.0, 0.0, 0.0, 0.9855324345953884, 0.0, 0.0, 0.0, 0.0, 0.0, 0.0, 0.0, 0.0, 0.0, 0.0, 0.0, 0.0, 0.0, 0.0, 0.0, 0.0, 0.0, 0.0], [0.0, 0.0, 0.0, 0.0, 0.0, 0.9854968118122724, 0.0, 0.0, 0.0, 0.0, 0.0, 0.0, 0.0, 0.0, 0.0, 0.0, 0.0, 0.0, 0.0, 0.0, 0.0, 0.0, 0.0, 0.0], [0.0, 0.0, 0.0, 0.0, 0.0, 0.0, 0.9704503236535202, 0.0, 0.0, 0.0, 0.0, 0.0, 0.0, 0.0, 0.0, 0.0, 0.0, 0.0, 0.0, 0.0, 0.0, 0.0, 0.0, 0.0], [0.0, 0.0, 0.0, 0.0, 0.0, 0.0, 0.9717226924458512, 0.0, 0.0, 0.0, 0.0, 0.0, 0.0, 0.0, 0.0, 0.0, 0.0, 0.0, 0.0, 0.0, 0.0, 0.0, 0.0, 0.0], [0.0, 0.0, 0.0, 0.0, 0.0, 0.0, 0.0, 0.9005765594834606, 0.0, 0.0, 0.0, 0.0, 0.0, 0.0, 0.0, 0.0, 0.0, 0.0, 0.0, 0.0, 0.0, 0.0, 0.0, 0.0]], "Born radii": [], "Atomic SASAs": [], "Solvent H bonds": [], "Total SASA": NaN, "Total FOD": 0.0, "FOD": [0.0, 0.0, 0.0, 0.0, 0.0, 0.0, 0.0, 0.0, 0.0, 0.0, 0.0, 0.0, 0.0, 0.0, 0.0, 0.0, 0.0, 0.0, 0.0, 0.0, 0.0, 0.0, 0.0, 0.0], "FOD s proportion": [0.0, 0.0, 0.0, 0.0, 0.0, 0.0, 0.0, 0.0, 0.0, 0.0, 0.0, 0.0, 0.0, 0.0, 0.0, 0.0, 0.0, 0.0, 0.0, 0.0, 0.0, 0.0, 0.0, 0.0], "FOD p proportion": [0.0, 0.0, 0.0, 0.0, 0.0, 0.0, 0.0, 0.0, 0.0, 0.0, 0.0, 0.0, 0.0, 0.0, 0.0, 0.0, 0.0, 0.0, 0.0, 0.0, 0.0, 0.0, 0.0, 0.0], "FOD d proportion": [0.0, 0.0, 0.0, 0.0, 0.0, 0.0, 0.0, 0.0, 0.0, 0.0, 0.0, 0.0, 0.0, 0.0, 0.0, 0.0, 0.0, 0.0, 0.0, 0.0, 0.0, 0.0, 0.0, 0.0], "coordinates": [["2.98000", "0.39230", "0.10110"], ["1.63520", "-0.11360", "-0.40220"], ["0.50180", "0.28720", "0.54830"], ["-0.91960", "-0.18860", "0.13570"], ["-1.91490", "0.35080", "1.18560"], ["-0.99990", "-1.72630", "0.14210"], ["-1.33610", "0.32000", "-1.26250"], ["-1.28990", "1.73810", "-1.35250"], ["3.77740", "0.09800", "-0.58850"], ["3.21230", "-0.02430", "1.08640"], ["2.98430", "1.48420", "0.17890"], ["1.46180", "0.29820", "-1.40160"], ["1.68740", "-1.20270", "-0.49920"], ["0.73090", "-0.10880", "1.54730"], ["0.50430", "1.38010", "0.65480"], ["-2.94230", "0.05310", "0.94700"], ["-1.68230", "-0.03500", "2.18480"], ["-1.88940", "1.44480", "1.23890"], ["-0.37550", "-2.16810", "-0.64120"], ["-2.02690", "-2.06750", "-0.03210"], ["-0.67380", "-2.13610", "1.10450"], ["-0.70430", "-0.09670", "-2.05410"], ["-2.36480", "0.01530", "-1.48680"], ["-0.35580", "2.00560", "-1.33460"]], "bond_dist": [[0.0, 1.5224101746901193, 2.5204184354983603, 3.9427810147153743, 5.013771884519677, 4.508852511449005, 4.526958301111244, 4.707034800168786, 1.0945352484045456, 1.0946848587607303, 1.0946766371856118, 2.138198620334416, 2.1389716805044428, 2.7204864381209473, 2.722392884945154, 5.99201474797918, 5.1245909368455935, 5.110127341857539, 4.285561538468442, 5.580090132784595, 4.555202801193378, 4.296286132230953, 5.588420389519743, 3.9738561901508214], [1.5224101746901193, 0.0, 1.5325424790197497, 2.611889057751114, 3.9166294450713615, 3.1370074577533282, 3.1235794755376407, 3.589996238159589, 2.1606719070696503, 2.170518108655166, 2.1704176694820747, 1.0947361143216203, 1.094656407280385, 2.1490304278906804, 2.1511214517083874, 4.775105839664708, 4.207677888099326, 4.188630436073347, 2.8846153539076917, 4.167214372935474, 3.4193759869309486, 2.8639691810492653, 4.146440928073135, 3.0535977796690905], [2.5204184354983603, 1.5325424790197497, 0.0, 1.5546711420747477, 2.5001270247729415, 2.544461353607085, 2.5803001550207294, 2.9880328545717165, 3.472415044317139, 2.7808980761617277, 2.7806602830982428, 2.173437602048883, 2.173178690305977, 1.0987737756244458, 1.0980796464737885, 3.474994864744407, 2.7481335302346572, 2.7449596645488255, 2.8658443136360354, 3.503683767122826, 2.7502321156586036, 2.8938801253680158, 3.5260398721511925, 2.6895517712064962], [3.9427810147153743, 2.611889057751114, 1.5546711420747477, 0.0, 1.5439768327277454, 1.5398085400464567, 1.5450273298553652, 2.4625259836192592, 4.761135809867222, 4.243044024046887, 4.247418191089736, 2.875992261811565, 2.8684396141456423, 2.1732769841877033, 2.1812326125381496, 2.192701956491123, 2.1918291584884075, 2.196715238714386, 2.1950031138930073, 2.187358073110116, 2.1890060141534557, 2.2022769444372794, 2.182357555489017, 2.700771402766254], [5.013771884519677, 3.9166294450713615, 2.5001270247729415, 1.5439768327277454, 0.0, 2.498091603604639, 2.5157805329559255, 2.959252929372547, 5.967714632922724, 5.141859633440026, 5.128372167657102, 4.254230070177211, 4.269482237930028, 2.7096709560387584, 2.6821140486563952, 1.095949820931597, 1.0960588670322413, 1.0955944231329404, 3.471571374752361, 2.709891543955219, 2.780571529380246, 3.4873291642745743, 2.7306944208387725, 3.394195617521182], [4.508852511449005, 3.1370074577533282, 2.544461353607085, 1.5398085400464567, 2.498091603604639, 0.0, 2.5046507321381157, 3.7841771258755847, 5.1656986110302645, 4.640165442093633, 5.116885198047735, 3.5414088764219245, 2.811939533489296, 2.75437142194004, 3.4892979078892075, 2.754459317180052, 2.7383916337879795, 3.471319014438172, 1.094815733354248, 1.096125941669113, 1.0956692064669884, 2.750685361868929, 2.747624024498257, 4.064798311109667], [4.526958301111244, 3.1235794755376407, 2.5803001550207294, 1.5450273298553652, 2.5157805329559255, 2.5046507321381157, 0.0, 1.4217039248732486, 5.162503486681632, 5.130674055131548, 4.700941582279023, 2.8014404259237784, 3.4702729618864283, 3.5144465396417686, 2.8612800387239274, 2.744631906103257, 3.4827800289423965, 2.797913131246215, 2.738504639397202, 2.773309403943238, 3.4747312845743914, 1.09518979633669, 1.0960731134372377, 1.9512646821997266], [4.707034800168786, 3.589996238159589, 2.9880328545717165, 2.4625259836192592, 2.959252929372547, 3.7841771258755847, 1.4217039248732486, 0.0, 5.38062759350617, 5.415172371217744, 4.547354924568788, 3.106054685610027, 4.27091803011952, 3.9879207978594557, 2.715984339056468, 3.2950494700383484, 3.976223416761186, 2.6759632097620476, 4.074367863853238, 4.0950233845486155, 4.62880695752156, 2.04979534588212, 2.0350642102891987, 0.9718124664769433], [1.0945352484045456, 2.1606719070696503, 3.472415044317139, 4.761135809867222, 5.967714632922724, 5.1656986110302645, 5.162503486681632, 5.38062759350617, 0.0, 1.7718874992504463, 1.7718523668748476, 2.4623596427004726, 2.463309761276482, 3.726334677669197, 3.728640356752043, 6.893050438666468, 6.125129058232161, 6.104578874910209, 4.731232916481707, 6.220037757120128, 5.260288323846897, 4.7192718018779125, 6.208091737402082, 4.612910709085967], [1.0946848587607303, 2.170518108655166, 2.7808980761617277, 4.243044024046887, 5.141859633440026, 4.640165442093633, 5.130674055131548, 5.415172371217744, 1.7718874992504463, 0.0, 1.775137318631998, 3.0591502905218633, 2.4956109332185576, 2.525255436584584, 3.080889793549909, 6.15666502905591, 5.016343908664955, 5.311200801137159, 4.52247598556366, 5.733665941611876, 4.422872376634894, 5.020730780474094, 6.1422284889118215, 4.765823393706485], [1.0946766371856118, 2.1704176694820747, 2.7806602830982428, 4.247418191089736, 5.128372167657102, 5.116885198047735, 4.700941582279023, 4.547354924568788, 1.7718523668748476, 1.775137318631998, 0.0, 2.4945104730187047, 3.059607953643735, 3.0802563399821126, 2.5273934438468424, 6.145129158935555, 5.301769422560736, 4.9877955100424884, 5.029922001383322, 6.145829425716273, 5.229244979918229, 4.592526948206183, 5.791812713650192, 3.7038909568182485], [2.138198620334416, 1.0947361143216203, 2.173437602048883, 2.875992261811565, 4.254230070177211, 3.5414088764219245, 2.8014404259237784, 3.106054685610027, 2.4623596427004726, 3.0591502905218633, 2.4945104730187047, 0.0, 1.7657638375501976, 3.0652691594703394, 2.513184199377356, 4.997208498752078, 4.7810722657161335, 4.417858446125226, 3.1680459497930262, 4.4320530716587765, 4.094769964234866, 2.2964519306965694, 3.837988927811022, 2.494669020130727], [2.1389716805044428, 1.094656407280385, 2.173178690305977, 2.8684396141456423, 4.269482237930028, 2.811939533489296, 3.4702729618864283, 4.27091803011952, 2.463309761276482, 2.4956109332185576, 3.059607953643735, 1.7657638375501976, 0.0, 2.509914681816894, 3.066316593243431, 5.010254501519857, 4.4634356027616215, 4.777420444130912, 2.2820424119634586, 3.842146007116335, 3.0030575568909765, 3.059604369849148, 4.34502043723617, 3.8943225713851697], [2.7204864381209473, 2.1490304278906804, 1.0987737756244458, 2.1732769841877033, 2.7096709560387584, 2.75437142194004, 3.5144465396417686, 3.9879207978594557, 3.726334677669197, 2.525255436584584, 3.0802563399821126, 3.0652691594703394, 2.509914681816894, 0.0, 1.7506361757943882, 3.7254489581794035, 2.497075675665437, 3.061822269498999, 3.202244478486925, 3.7331582996170947, 2.5058330391308994, 3.8768579300768815, 4.336418119831158, 3.735900408201482], [2.722392884945154, 2.1511214517083874, 1.0980796464737885, 2.1812326125381496, 2.6821140486563952, 3.4892979078892075, 2.8612800387239274, 2.715984339056468, 3.728640356752043, 3.080889793549909, 2.5273934438468424, 2.513184199377356, 3.066316593243431, 1.7506361757943882, 0.0, 3.704775485775083, 3.0206998477174127, 2.4647836801634337, 3.8785805754167333, 4.331829960882583, 3.73548017529206, 3.313576830254582, 3.8315616150598437, 2.255822382192357], [5.99201474797918, 4.775105839664708, 3.474994864744407, 2.192701956491123, 1.095949820931597, 2.754459317180052, 2.744631906103257, 3.2950494700383484, 6.893050438666468, 6.15666502905591, 6.145129158935555, 4.997208498752078, 5.010254501519857, 3.7254489581794035, 3.704775485775083, 0.0, 1.768476872905043, 1.7693594631956504, 3.747608693553797, 2.5086925539013345, 3.1565004577854885, 3.746689905770159, 2.5016629529175187, 3.9633239912982132], [5.1245909368455935, 4.207677888099326, 2.7481335302346572, 2.1918291584884075, 1.0960588670322413, 2.7383916337879795, 3.4827800289423965, 3.976223416761186, 6.125129058232161, 5.016343908664955, 5.301769422560736, 4.7810722657161335, 4.4634356027616215, 2.497075675665437, 3.0206998477174127, 1.768476872905043, 0.0, 1.7684527870429565, 3.774138027417651, 3.0272844299801096, 2.568801578557596, 4.350696967153653, 3.7348337178514384, 4.2789983605979565], [5.110127341857539, 4.188630436073347, 2.7449596645488255, 2.196715238714386, 1.0955944231329404, 3.471319014438172, 2.797913131246215, 2.6759632097620476, 6.104578874910209, 5.311200801137159, 4.9877955100424884, 4.417858446125226, 4.777420444130912, 3.061822269498999, 2.4647836801634337, 1.7693594631956504, 1.7684527870429565, 0.0, 4.345079473381356, 3.7377263864547388, 3.783991481227197, 3.8242036112110975, 3.1143082538502833, 3.0478398662003223], [4.285561538468442, 2.8846153539076917, 2.8658443136360354, 2.1950031138930073, 3.471571374752361, 1.094815733354248, 2.738504639397202, 4.074367863853238, 4.731232916481707, 4.52247598556366, 5.029922001383322, 3.1680459497930262, 2.2820424119634586, 3.202244478486925, 3.8785805754167333, 3.747608693553797, 3.774138027417651, 4.345079473381356, 0.0, 1.763021590905795, 1.7712920086761528, 2.5288522712883013, 3.072391480589672, 4.230953006120489], [5.580090132784595, 4.167214372935474, 3.503683767122826, 2.187358073110116, 2.709891543955219, 1.096125941669113, 2.773309403943238, 4.0950233845486155, 6.220037757120128, 5.733665941611876, 6.145829425716273, 4.4320530716587765, 3.842146007116335, 3.7331582996170947, 4.331829960882583, 2.5086925539013345, 3.0272844299801096, 3.7377263864547388, 1.763021590905795, 0.0, 1.7684584049391718, 3.117981302060678, 2.562885939717177, 4.591211721321508], [4.555202801193378, 3.4193759869309486, 2.7502321156586036, 2.1890060141534557, 2.780571529380246, 1.0956692064669884, 3.4747312845743914, 4.62880695752156, 5.260288323846897, 4.422872376634894, 5.229244979918229, 4.094769964234866, 3.0030575568909765, 2.5058330391308994, 3.73548017529206, 3.1565004577854885, 2.568801578557596, 3.783991481227197, 1.7712920086761528, 1.7684584049391718, 0.0, 3.759898478682636, 3.768665367208927, 4.817054255455298], [4.296286132230953, 2.8639691810492653, 2.8938801253680158, 2.2022769444372794, 3.4873291642745743, 2.750685361868929, 1.09518979633669, 2.04979534588212, 4.7192718018779125, 5.020730780474094, 4.592526948206183, 2.2964519306965694, 3.059604369849148, 3.8768579300768815, 3.313576830254582, 3.746689905770159, 4.350696967153653, 3.8242036112110975, 2.5288522712883013, 3.117981302060678, 3.759898478682636, 0.0, 1.7583041659508174, 2.249177136198925], [5.588420389519743, 4.146440928073135, 3.5260398721511925, 2.182357555489017, 2.7306944208387725, 2.747624024498257, 1.0960731134372377, 2.0350642102891987, 6.208091737402082, 6.1422284889118215, 5.791812713650192, 3.837988927811022, 4.34502043723617, 4.336418119831158, 3.8315616150598437, 2.5016629529175187, 3.7348337178514384, 3.1143082538502833, 3.072391480589672, 2.562885939717177, 3.768665367208927, 1.7583041659508174, 0.0, 2.8320557780524025], [3.9738561901508214, 3.0535977796690905, 2.6895517712064962, 2.700771402766254, 3.394195617521182, 4.064798311109667, 1.9512646821997266, 0.9718124664769433, 4.612910709085967, 4.765823393706485, 3.7038909568182485, 2.494669020130727, 3.8943225713851697, 3.735900408201482, 2.255822382192357, 3.9633239912982132, 4.2789983605979565, 3.0478398662003223, 4.230953006120489, 4.591211721321508, 4.817054255455298, 2.249177136198925, 2.8320557780524025, 0.0]]}