{"total energy": -59.09796725, "HOMO-LUMO gap/eV": 3.22157465, "electronic energy": -59.57206878, "dipole": [-0.5866108, 0.0238185, 0.06185277], "partial charges": [-0.14492554, 0.10049879, -0.03556022, -0.03382203, 0.09749873, -0.14903078, 0.02227741, -0.0357868, 0.00667225, 0.07920895, -0.09682799, 0.07221123, -0.08255044, 0.07516792, -0.07906254, 0.07220396, -0.0825466, 0.07921985, -0.09683158, 0.0767628, 0.07983622, 0.07538642], "atomic dipole moments": [[-0.00709519, -0.01731963, -0.00759633], [-0.10514525, -0.18840338, -0.08035157], [0.03978855, -0.01687068, -0.01143262], [0.04389322, -0.01552482, -0.01114788], [0.12337459, 0.17555845, 0.07268717], [0.04818778, 0.04397961, 0.01670383], [0.09241035, 0.02043545, 0.00171647], [-0.01939593, 0.03470196, 0.01814596], [-0.02322924, -0.00479607, -0.00027634], [-0.08425929, 0.06950143, -0.14709079], [-0.03561364, 0.03347481, -0.03715934], [0.08444355, 0.06621323, -0.136179], [0.02189359, 0.02664123, -0.0430532], [0.17063233, 0.00748288, -0.01117599], [0.05377845, 0.00548042, -0.00204088], [0.10682341, -0.05721432, 0.12399167], [0.02945112, -0.01481845, 0.04427623], [-0.05804247, -0.07474128, 0.15687908], [-0.02773766, -0.00969888, 0.05386622], [-0.15496367, -0.00460272, 0.01117644], [-0.08492782, 0.11584777, 0.06228054], [0.07535485, -0.12252992, -0.06463623]], "atomic quadrupole moments": [[-0.08324238, 0.27285952, 0.21602752, 0.11884687, 0.17698142, -0.13278514], [-0.31246916, 0.21946754, 0.08816925, 0.15629702, -0.11604903, 0.22429992], [-0.28761509, -0.02442616, -0.09248037, 0.05825629, -0.28979774, 0.38009546], [-0.25256071, 0.00414386, -0.12033905, 0.06886354, -0.30613864, 0.37289976], [-0.32584041, 0.22592005, 0.1011815, 0.16029378, -0.10923319, 0.22465891], [-0.1007334, 0.2581249, 0.22671857, 0.11373303, 0.18126424, -0.12598516], [-0.07617473, -0.00599098, -0.21321951, 0.0416076, -0.3093626, 0.28939425], [-0.24122275, -0.0048539, -0.12165949, 0.062446, -0.29948431, 0.36288224], [-0.1271069, 0.01752746, 0.30179563, -0.00774994, 0.290255, -0.17468874], [-0.24130599, -0.11606852, 0.21943381, 0.23360585, 0.12310759, 0.02187218], [-0.02859707, -0.14064121, -0.12997691, 0.30457931, -0.16607651, 0.15857398], [-0.31103922, 0.08428625, 0.22770416, -0.19162618, 0.0857115, 0.08333506], [-0.12663038, 0.12135214, -0.10792948, -0.25695333, -0.20960054, 0.23455986], [0.12989826, 0.01622395, 0.14765348, -0.038317, 0.26054624, -0.27755174], [0.4658064, 0.02792641, -0.21641666, -0.04956753, 0.01970005, -0.24938974], [-0.23852745, -0.11378518, 0.2110535, 0.22653392, 0.11650977, 0.02747395], [-0.02872381, -0.14664723, -0.12583436, 0.30781536, -0.17173223, 0.15455817], [-0.3161602, 0.08864883, 0.23469176, -0.19828529, 0.09289704, 0.08146844], [-0.12491999, 0.1218614, -0.10154651, -0.2512116, -0.21216239, 0.2264665], [0.02494045, 0.00663686, 0.01819084, -0.00425982, 0.03704283, -0.04313128], [0.02664254, 0.01153276, 0.01685004, -0.00205251, 0.03578692, -0.04349258], [0.03424288, 0.00411606, 0.00797031, -0.00592831, 0.03058884, -0.04221319]], "number of molecular orbitals": 114, "number of electrons": 100, "number of unpaired electrons": 0, "orbital energies/eV": [-29.40734134, -29.4059771, -29.37174534, -29.33705909, -29.31721196, -29.2011322, -29.15508675, -19.60307007, -18.94989516, -18.69062891, -18.54839104, -18.04188413, -17.90096203, -17.4192055, -17.29493092, -16.8132211, -16.62834336, -15.94038539, -15.7821623, -15.4196243, -15.37935668, -14.98835013, -14.94926755, -14.70168846, -14.68439293, -14.44830731, -14.37481573, -14.14224519, -14.0078157, -13.89876196, -13.8089504, -13.67875378, -13.34116059, -13.07023195, -12.97245899, -12.73243792, -12.59165338, -12.26776298, -12.23674335, -12.15531513, -12.15218013, -12.11026773, -12.10401916, -12.04958012, -11.95209793, -11.89400885, -11.85459182, -11.51108671, -11.36009682, -11.1743421, -7.95276745, -7.90690088, -7.43456918, -7.28570926, -5.76931674, -5.16633987, -4.9569923, -4.85191993, -4.48570649, -4.3567595, -4.30736817, -4.1306642, -3.91717506, -0.57672093, -0.49605377, -0.42391614, -0.39318623, -0.22850515, -0.22825707, -0.22663093, -0.2217807, -0.20604153, -0.20277813, -0.18552858, -0.18458641, -0.17674799, -0.17476098, -0.15142738, -0.09524067, -0.0792738, -0.06969404, -0.05065435, 0.03007824, 0.04813856, 0.05145175, 0.08701629, 0.08910135, 0.12829244, 0.36129686, 0.36699772, 0.4670301, 1.20733397, 2.49415009, 2.5588286, 2.82401275, 2.89223063, 3.19908187, 3.56696912, 3.64193522, 3.72579659, 4.06043601, 4.3868983, 6.98953766, 7.02856808, 8.39921259, 9.12117435, 9.58505959, 9.98954534, 10.22176116, 10.74701036, 13.18453099, 14.09993728, 15.08729438, 15.61530509], "fractional occupation": [2.0, 2.0, 2.0, 2.0, 2.0, 2.0, 2.0, 2.0, 2.0, 2.0, 2.0, 2.0, 2.0, 2.0, 2.0, 2.0, 2.0, 2.0, 2.0, 2.0, 2.0, 2.0, 2.0, 2.0, 2.0, 2.0, 2.0, 2.0, 2.0, 2.0, 2.0, 2.0, 2.0, 2.0, 2.0, 2.0, 2.0, 2.0, 2.0, 2.0, 2.0, 2.0, 2.0, 2.0, 2.0, 2.0, 2.0, 2.0, 2.0, 2.0, 0.0, 0.0, 0.0, 0.0, 0.0, 0.0, 0.0, 0.0, 0.0, 0.0, 0.0, 0.0, 0.0, 0.0, 0.0, 0.0, 0.0, 0.0, 0.0, 0.0, 0.0, 0.0, 0.0, 0.0, 0.0, 0.0, 0.0, 0.0, 0.0, 0.0, 0.0, 0.0, 0.0, 0.0, 0.0, 0.0, 0.0, 0.0, 0.0, 0.0, 0.0, 0.0, 0.0, 0.0, 0.0, 0.0, 0.0, 0.0, 0.0, 0.0, 0.0, 0.0, 0.0, 0.0, 0.0, 0.0, 0.0, 0.0, 0.0, 0.0, 0.0, 0.0, 0.0, 0.0], "program call": "xtb /home/svss/Project-DBcg-Debug/aqme2_20220329/End-to-End-workflows-final/example-3/QDESCP/mol_880_rdkit_conf_1/mol_880_rdkit_conf_1.xyz --pop --wbo --acc 0.2 --gfn 2 --chrg 0 --uhf 0 --etemp 300 --input /home/svss/Project-DBcg-Debug/aqme2_20220329/End-to-End-workflows-final/example-3/QDESCP/mol_880_rdkit_conf_1/mol_880_rdkit_conf_1_xtb.inp", "method": "GFN2-xTB", "xtb version": "6.3.3 (7355c4f)", "Dipole module/D": 1.501, "Total charge": 0, "Transition dipole module/D": NaN, "HOMO": -11.1743, "LUMO": -7.9528, "HOMO occupancy": 2.0, "LUMO occupancy": 0, "mulliken charges": [-0.09841, 0.11065, -0.04218, -0.03707, 0.10106, -0.10744, 0.00119, -0.04886, -0.02574, 0.08196, -0.08221, 0.0658, -0.06846, 0.0713, -0.06601, 0.06579, -0.06846, 0.08197, -0.08221, 0.0491, 0.05035, 0.04789], "cm5 charges": [-0.10047, 0.10339, -0.09392, -0.08864, 0.09718, -0.10842, -0.00234, -0.09706, -0.02667, 0.08159, -0.08208, 0.06555, -0.06822, 0.07106, -0.06577, 0.06554, -0.06822, 0.0816, -0.08208, 0.10554, 0.10684, 0.10563], "FUKUI+": [-0.069, -0.018, -0.023, -0.021, -0.013, -0.051, -0.012, -0.015, -0.038, -0.029, -0.091, -0.03, -0.096, -0.032, -0.099, -0.03, -0.096, -0.029, -0.091, -0.044, -0.041, -0.032], "FUKUI-": [-0.157, -0.015, -0.015, -0.014, -0.012, -0.131, -0.01, -0.01, -0.004, -0.01, -0.088, -0.011, -0.11, -0.008, -0.081, -0.011, -0.11, -0.01, -0.088, -0.038, -0.036, -0.03], "FUKUIrad": [-0.113, -0.016, -0.019, -0.017, -0.013, -0.091, -0.011, -0.012, -0.021, -0.02, -0.089, -0.02, -0.103, -0.02, -0.09, -0.02, -0.103, -0.02, -0.089, -0.041, -0.039, -0.031], "s proportion": [1.943, 1.077, 1.063, 1.064, 1.082, 1.945, 1.078, 1.065, 1.082, 1.087, 1.948, 1.084, 1.947, 1.085, 1.948, 1.084, 1.947, 1.087, 1.948, 0.951, 0.95, 0.952], "p proportion": [5.166, 2.812, 2.979, 2.973, 2.817, 5.172, 2.921, 2.984, 2.943, 2.831, 5.143, 2.85, 5.129, 2.844, 5.127, 2.85, 5.129, 2.831, 5.143, 0.0, 0.0, 0.0], "d proportion": [-0.011, 0.0, 0.0, 0.0, 0.0, -0.01, 0.0, 0.0, 0.0, 0.0, -0.009, 0.0, -0.008, 0.0, -0.008, 0.0, -0.008, 0.0, -0.009, 0.0, 0.0, 0.0], "Fermi-level/eV": -9.5636, "Coordination numbers": [0.966, 2.876, 2.948, 2.952, 2.879, 0.958, 2.988, 2.952, 3.015, 2.9, 0.963, 2.92, 0.981, 2.923, 0.982, 2.92, 0.981, 2.9, 0.963, 0.925, 0.925, 0.925], "Dispersion coefficient C6": [103.687, 25.771, 28.884, 28.841, 25.836, 103.815, 27.5, 28.889, 27.852, 26.232, 102.171, 26.386, 101.731, 26.321, 101.623, 26.386, 101.731, 26.232, 102.171, 2.013, 1.981, 2.027], "Total dispersion C6": 18906.689279, "Total dispersion C8": 652853.206493, "Polarizability alpha": [15.578, 8.322, 8.815, 8.808, 8.333, 15.588, 8.602, 8.816, 8.657, 8.398, 15.464, 8.423, 15.431, 8.413, 15.423, 8.424, 15.431, 8.398, 15.464, 2.219, 2.201, 2.227], "Total polarizability alpha": 217.433198, "Wiberg matrix": [[0.0, 0.9951568374768458, 0.0, 0.0, 0.0, 0.0, 0.0, 0.0, 0.0, 0.0, 0.0, 0.0, 0.0, 0.0, 0.0, 0.0, 0.0, 0.0, 0.0, 0.0, 0.0, 0.0], [0.9951568374768458, 0.0, 1.3942737523956812, 0.0, 0.0, 0.0, 0.0, 1.3996984592720825, 0.0, 0.0, 0.0, 0.0, 0.0, 0.0, 0.0, 0.0, 0.0, 0.0, 0.0, 0.0, 0.0, 0.0], [0.0, 1.3942737523956812, 0.0, 1.4432025456467417, 0.0, 0.0, 0.10419326676789638, 0.0, 0.0, 0.0, 0.0, 0.0, 0.0, 0.0, 0.0, 0.0, 0.0, 0.0, 0.0, 0.9644146456668812, 0.0, 0.0], [0.0, 0.0, 1.4432025456467417, 0.0, 1.398247211931079, 0.0, 0.0, 0.10640428574251516, 0.0, 0.0, 0.0, 0.0, 0.0, 0.0, 0.0, 0.0, 0.0, 0.0, 0.0, 0.0, 0.9633346316803072, 0.0], [0.0, 0.0, 0.0, 1.398247211931079, 0.0, 0.9925501567506688, 1.360485329558804, 0.0, 0.0, 0.0, 0.0, 0.0, 0.0, 0.0, 0.0, 0.0, 0.0, 0.0, 0.0, 0.0, 0.0, 0.0], [0.0, 0.0, 0.0, 0.0, 0.9925501567506688, 0.0, 0.0, 0.0, 0.0, 0.0, 0.0, 0.0, 0.0, 0.0, 0.0, 0.0, 0.0, 0.0, 0.0, 0.0, 0.0, 0.0], [0.0, 0.0, 0.10419326676789638, 0.0, 1.360485329558804, 0.0, 0.0, 1.4024451939684732, 1.0098201955835124, 0.0, 0.0, 0.0, 0.0, 0.0, 0.0, 0.0, 0.0, 0.0, 0.0, 0.0, 0.0, 0.0], [0.0, 1.3996984592720825, 0.0, 0.10640428574251516, 0.0, 0.0, 1.4024451939684732, 0.0, 0.0, 0.0, 0.0, 0.0, 0.0, 0.0, 0.0, 0.0, 0.0, 0.0, 0.0, 0.0, 0.0, 0.9643287507918303], [0.0, 0.0, 0.0, 0.0, 0.0, 0.0, 1.0098201955835124, 0.0, 0.0, 1.3556236370069683, 0.0, 0.0, 0.0, 0.0, 0.0, 0.0, 0.0, 1.355855583113134, 0.0, 0.0, 0.0, 0.0], [0.0, 0.0, 0.0, 0.0, 0.0, 0.0, 0.0, 0.0, 1.3556236370069683, 0.0, 1.0129453916565379, 1.3509917829036349, 0.0, 0.0, 0.0, 0.0, 0.0, 0.0, 0.0, 0.0, 0.0, 0.0], [0.0, 0.0, 0.0, 0.0, 0.0, 0.0, 0.0, 0.0, 0.0, 1.0129453916565379, 0.0, 0.0, 0.0, 0.0, 0.0, 0.0, 0.0, 0.0, 0.0, 0.0, 0.0, 0.0], [0.0, 0.0, 0.0, 0.0, 0.0, 0.0, 0.0, 0.0, 0.0, 1.3509917829036349, 0.0, 0.0, 1.0190860683626224, 1.3513014710302937, 0.0, 0.0, 0.0, 0.0, 0.0, 0.0, 0.0, 0.0], [0.0, 0.0, 0.0, 0.0, 0.0, 0.0, 0.0, 0.0, 0.0, 0.0, 0.0, 1.0190860683626224, 0.0, 0.0, 0.0, 0.0, 0.0, 0.0, 0.0, 0.0, 0.0, 0.0], [0.0, 0.0, 0.0, 0.0, 0.0, 0.0, 0.0, 0.0, 0.0, 0.0, 0.0, 1.3513014710302937, 0.0, 0.0, 1.0205625807977978, 1.3514339401924127, 0.0, 0.0, 0.0, 0.0, 0.0, 0.0], [0.0, 0.0, 0.0, 0.0, 0.0, 0.0, 0.0, 0.0, 0.0, 0.0, 0.0, 0.0, 0.0, 1.0205625807977978, 0.0, 0.0, 0.0, 0.0, 0.0, 0.0, 0.0, 0.0], [0.0, 0.0, 0.0, 0.0, 0.0, 0.0, 0.0, 0.0, 0.0, 0.0, 0.0, 0.0, 0.0, 1.3514339401924127, 0.0, 0.0, 1.0190935542438189, 1.3508142403959447, 0.0, 0.0, 0.0, 0.0], [0.0, 0.0, 0.0, 0.0, 0.0, 0.0, 0.0, 0.0, 0.0, 0.0, 0.0, 0.0, 0.0, 0.0, 0.0, 1.0190935542438189, 0.0, 0.0, 0.0, 0.0, 0.0, 0.0], [0.0, 0.0, 0.0, 0.0, 0.0, 0.0, 0.0, 0.0, 1.355855583113134, 0.0, 0.0, 0.0, 0.0, 0.0, 0.0, 1.3508142403959447, 0.0, 0.0, 1.0129396788499325, 0.0, 0.0, 0.0], [0.0, 0.0, 0.0, 0.0, 0.0, 0.0, 0.0, 0.0, 0.0, 0.0, 0.0, 0.0, 0.0, 0.0, 0.0, 0.0, 0.0, 1.0129396788499325, 0.0, 0.0, 0.0, 0.0], [0.0, 0.0, 0.9644146456668812, 0.0, 0.0, 0.0, 0.0, 0.0, 0.0, 0.0, 0.0, 0.0, 0.0, 0.0, 0.0, 0.0, 0.0, 0.0, 0.0, 0.0, 0.0, 0.0], [0.0, 0.0, 0.0, 0.9633346316803072, 0.0, 0.0, 0.0, 0.0, 0.0, 0.0, 0.0, 0.0, 0.0, 0.0, 0.0, 0.0, 0.0, 0.0, 0.0, 0.0, 0.0, 0.0], [0.0, 0.0, 0.0, 0.0, 0.0, 0.0, 0.0, 0.9643287507918303, 0.0, 0.0, 0.0, 0.0, 0.0, 0.0, 0.0, 0.0, 0.0, 0.0, 0.0, 0.0, 0.0, 0.0]], "Born radii": [], "Atomic SASAs": [], "Solvent H bonds": [], "Total SASA": NaN, "Total FOD": 0.0, "FOD": [0.0, 0.0, 0.0, 0.0, 0.0, 0.0, 0.0, 0.0, 0.0, 0.0, 0.0, 0.0, 0.0, 0.0, 0.0, 0.0, 0.0, 0.0, 0.0, 0.0, 0.0, 0.0], "FOD s proportion": [0.0, 0.0, 0.0, 0.0, 0.0, 0.0, 0.0, 0.0, 0.0, 0.0, 0.0, 0.0, 0.0, 0.0, 0.0, 0.0, 0.0, 0.0, 0.0, 0.0, 0.0, 0.0], "FOD p proportion": [0.0, 0.0, 0.0, 0.0, 0.0, 0.0, 0.0, 0.0, 0.0, 0.0, 0.0, 0.0, 0.0, 0.0, 0.0, 0.0, 0.0, 0.0, 0.0, 0.0, 0.0, 0.0], "FOD d proportion": [0.0, 0.0, 0.0, 0.0, 0.0, 0.0, 0.0, 0.0, 0.0, 0.0, 0.0, 0.0, 0.0, 0.0, 0.0, 0.0, 0.0, 0.0, 0.0, 0.0, 0.0, 0.0], "coordinates": [["-3.69330", "-2.58590", "-0.87040"], ["-2.86090", "-1.19970", "-0.28440"], ["-3.57990", "-0.14790", "0.27670"], ["-2.90320", "0.97600", "0.75170"], ["-1.50930", "1.04380", "0.66380"], ["-0.73090", "2.46470", "1.27090"], ["-0.76840", "-0.01410", "0.09790"], ["-1.46940", "-1.13950", "-0.37570"], ["0.70840", "0.02440", "-0.01100"], ["1.33770", "0.56990", "-1.15500"], ["0.34700", "1.17370", "-2.45950"], ["2.74160", "0.62760", "-1.25170"], ["3.48970", "1.30370", "-2.67270"], ["3.53710", "0.13690", "-0.20140"], ["5.27490", "0.20560", "-0.31860"], ["2.93060", "-0.41300", "0.94160"], ["3.91320", "-1.02840", "2.24230"], ["1.52620", "-0.46840", "1.03320"], ["0.77000", "-1.15520", "2.44890"], ["-4.66380", "-0.19580", "0.34740"], ["-3.46810", "1.79590", "1.18940"], ["-0.92900", "-1.97410", "-0.81830"]], "bond_dist": [[0.0, 1.719836096841789, 2.6967650935889838, 3.992818306660096, 4.5053687673707685, 6.23454407394799, 4.013327813672838, 2.698616730845638, 5.189142254746924, 5.945673368088765, 5.743157237965891, 7.202770991083917, 8.364972352016473, 7.754990973560188, 9.408802619355983, 7.202838997228801, 8.365019413605685, 5.945643738065711, 5.743318019228955, 2.85262775349326, 4.84702613155737, 2.8316723221446365], [1.719836096841789, 0.0, 1.3921485014178623, 2.410179036918212, 2.785533710081427, 4.514829503979081, 2.4352324119065103, 1.3957908081084356, 3.7832619338343467, 4.638714313255345, 4.544745315196441, 5.971825586033135, 7.23195055361968, 6.536649949324195, 8.256347822736153, 5.971887904172348, 7.23201129631308, 4.63869764696946, 4.5449250763901485, 2.158109093628031, 3.3932871437589838, 2.1487164028787045], [2.6967650935889838, 1.3921485014178623, 0.0, 1.3952415919832664, 2.4202024006268568, 3.991354832635154, 2.820355319813445, 2.421385258483251, 4.301392271114086, 5.171826707266979, 4.965275481783463, 6.549715189227697, 7.796495820559388, 7.138723951099384, 8.881825678316366, 6.54973131280971, 7.796499933944719, 5.171776262562022, 4.965353576534103, 1.0872589893856939, 2.150320666784375, 3.4001915019598528], [3.992818306660096, 2.410179036918212, 1.3952415919832664, 0.0, 1.3983134341055299, 2.684154172174169, 2.4423602293683055, 2.7932335115417755, 3.8119428655214653, 4.667510568815029, 4.573258222536751, 5.999896762445167, 7.259688220578071, 6.564293755614537, 8.283741778930581, 5.999883786374533, 7.2596705627734925, 4.667453049576396, 4.573281045376503, 2.1532036805653108, 1.0876255375817543, 3.88142443569368], [4.5053687673707685, 2.785533710081427, 2.4202024006268568, 1.3983134341055299, 0.0, 1.7301542647983734, 1.410080859383603, 2.4184604917178203, 2.5323358169879446, 3.411454770328928, 3.635619148095685, 4.6810803774342515, 6.015794316630182, 5.199729955488074, 6.906016119297724, 4.681041667193318, 6.015744454346444, 3.4113729567433695, 3.635573063493567, 3.4040545486228626, 2.16305506402403, 3.411904000701075], [6.23454407394799, 4.514829503979081, 3.991354832635154, 2.684154172174169, 1.7301542647983734, 0.0, 2.742587225595569, 4.030748249394893, 3.109648885324515, 3.7086876128894977, 4.091996281767616, 4.668693973693285, 5.891805013745787, 5.079581097885927, 6.610573099210082, 4.668637706012323, 5.89177650458671, 3.708648987165003, 4.091950735285067, 4.837232153825161, 2.818900411508005, 4.909882451749737], [4.013327813672838, 2.4352324119065103, 2.820355319813445, 2.4423602293683055, 1.410080859383603, 2.742587225595569, 0.0, 1.4079144576287297, 1.4813101295812432, 2.5192204389453496, 3.0323721341550414, 3.8148786415821934, 5.248260360347988, 4.318531201693466, 6.061618202262495, 3.814911781417756, 5.248298239429615, 2.5191990274688503, 3.0324882143216976, 3.907608770079216, 3.4286808454564563, 2.169519485969186], [2.698616730845638, 1.3957908081084356, 2.421385258483251, 2.7932335115417755, 2.4184604917178203, 4.030748249394893, 1.4079144576287297, 0.0, 2.496093375657249, 3.377745884462003, 3.604500747676438, 4.650004237632478, 5.986493802719585, 5.169586027913647, 6.877364096076345, 4.650062530762356, 5.986539064434475, 3.3777202045166503, 3.6046531053625674, 3.4084651472473646, 3.880839195328763, 1.0883400571512565], [5.189142254746924, 3.7832619338343467, 4.301392271114086, 3.8119428655214653, 2.5323358169879446, 3.109648885324515, 1.4813101295812432, 2.496093375657249, 0.0, 1.4150352433773514, 2.7288555659836593, 2.4570488334585456, 4.056708649878618, 2.8373318628598945, 4.580433762210736, 2.4570181847108907, 4.056660174330603, 1.4149213122997333, 2.7288017022128965, 5.388642819857335, 4.692794973147666, 2.7068088776269374], [5.945673368088765, 4.638714313255345, 5.171826707266979, 4.667510568815029, 3.411454770328928, 3.7086876128894977, 2.5192204389453496, 3.377745884462003, 1.4150352433773514, 0.0, 1.7457895577646234, 1.4084088149397533, 2.7336751324910575, 2.4360218225623513, 4.04151250028996, 2.810543431438127, 4.552956229747877, 2.429365839061709, 4.035634833579471, 6.233899622226845, 5.485891085320596, 3.4239205276992046], [5.743157237965891, 4.544745315196441, 4.965275481783463, 4.573258222536751, 3.635619148095685, 4.091996281767616, 3.0323721341550414, 3.604500747676438, 2.7288555659836593, 1.7457895577646234, 0.0, 2.73699017353004, 3.152604880095189, 4.0436008532000285, 5.459383557692204, 4.556323853722428, 6.298726068817409, 4.035586492692233, 5.449320578751079, 5.904433461391533, 5.315692999035967, 3.7723147111554733], [7.202770991083917, 5.971825586033135, 6.549715189227697, 5.999896762445167, 4.6810803774342515, 4.668693973693285, 3.8148786415821934, 4.650004237632478, 2.4570488334585456, 1.4084088149397533, 2.73699017353004, 0.0, 1.7424137912677344, 1.405964732843609, 2.732465644797753, 2.4349813654317765, 4.040175560541893, 2.810548197416298, 4.556316797589913, 7.62069928090592, 6.773792747789084, 4.519953850428122], [8.364972352016473, 7.23195055361968, 7.796495820559388, 7.259688220578071, 6.015794316630182, 5.891805013745787, 5.248260360347988, 5.986493802719585, 4.056708649878618, 2.7336751324910575, 3.152604880095189, 1.7424137912677344, 0.0, 2.7333116708491185, 3.1519120324019196, 4.040150515760521, 5.456671848297275, 4.552951292293823, 6.298709698025462, 8.823211802399397, 7.973020637750789, 5.805831713889061], [7.754990973560188, 6.536649949324195, 7.138723951099384, 6.564293755614537, 5.199729955488074, 5.079581097885927, 4.318531201693466, 5.169586027913647, 2.8373318628598945, 2.4360218225623513, 4.0436008532000285, 1.405964732843609, 2.7333116708491185, 0.0, 1.7431019390729843, 1.4059449704735958, 2.7333212379813685, 2.4360509149030527, 4.043569575263915, 8.22597298439522, 7.332082424523064, 4.978246259477327], [9.408802619355983, 8.256347822736153, 8.881825678316366, 8.283741778930581, 6.906016119297724, 6.610573099210082, 6.061618202262495, 6.877364096076345, 4.580433762210736, 4.04151250028996, 5.459383557692204, 2.732465644797753, 3.1519120324019196, 1.7431019390729843, 0.0, 2.7324919926689626, 3.1520139117713297, 4.041582725863718, 5.4593916236152165, 9.969073961507158, 9.01349915903918, 6.594631709959245], [7.202838997228801, 5.971887904172348, 6.54973131280971, 5.999883786374533, 4.681041667193318, 4.668637706012323, 3.814911781417756, 4.650062530762356, 2.4570181847108907, 2.810543431438127, 4.556323853722428, 2.4349813654317765, 4.040150515760521, 1.4059449704735958, 2.7324919926689626, 0.0, 1.7424237171250856, 1.408474025319601, 2.736970312224815, 7.620706059152262, 6.773773375305672, 4.520043515277259], [8.365019413605685, 7.23201129631308, 7.796499933944719, 7.2596705627734925, 6.015744454346444, 5.89177650458671, 5.248298239429615, 5.986539064434475, 4.056660174330603, 4.552956229747877, 6.298726068817409, 4.040175560541893, 5.456671848297275, 2.7333212379813685, 3.1520139117713297, 1.7424237171250856, 0.0, 2.7337322125621593, 3.1525335906219936, 8.823196573238068, 7.973008126798818, 5.805904037271026], [5.945643738065711, 4.63869764696946, 5.171776262562022, 4.667453049576396, 3.4113729567433695, 3.708648987165003, 2.5191990274688503, 3.3777202045166503, 1.4149213122997333, 2.429365839061709, 4.035586492692233, 2.810548197416298, 4.552951292293823, 2.4360509149030527, 4.041582725863718, 1.408474025319601, 2.7337322125621593, 0.0, 1.7457775259178934, 6.233837694390191, 5.485844093665076, 3.423914686437149], [5.743318019228955, 4.5449250763901485, 4.965353576534103, 4.573281045376503, 3.635573063493567, 4.091950735285067, 3.0324882143216976, 3.6046531053625674, 2.7288017022128965, 4.035634833579471, 5.449320578751079, 4.556316797589913, 6.298709698025462, 4.043569575263915, 5.4593916236152165, 2.736970312224815, 3.1525335906219936, 1.7457775259178934, 0.0, 5.904484147662689, 5.315714728049278, 3.772505009937031], [2.85262775349326, 2.158109093628031, 1.0872589893856939, 2.1532036805653108, 3.4040545486228626, 4.837232153825161, 3.907608770079216, 3.4084651472473646, 5.388642819857335, 6.233899622226845, 5.904433461391533, 7.62069928090592, 8.823211802399397, 8.22597298439522, 9.969073961507158, 7.620706059152262, 8.823196573238068, 6.233837694390191, 5.904484147662689, 0.0, 2.470937348457059, 4.297666625042012], [4.84702613155737, 3.3932871437589838, 2.150320666784375, 1.0876255375817543, 2.16305506402403, 2.818900411508005, 3.4286808454564563, 3.880839195328763, 4.692794973147666, 5.485891085320596, 5.315692999035967, 6.773792747789084, 7.973020637750789, 7.332082424523064, 9.01349915903918, 6.773773375305672, 7.973008126798818, 5.485844093665076, 5.315714728049278, 2.470937348457059, 0.0, 4.968982602102768], [2.8316723221446365, 2.1487164028787045, 3.4001915019598528, 3.88142443569368, 3.411904000701075, 4.909882451749737, 2.169519485969186, 1.0883400571512565, 2.7068088776269374, 3.4239205276992046, 3.7723147111554733, 4.519953850428122, 5.805831713889061, 4.978246259477327, 6.594631709959245, 4.520043515277259, 5.805904037271026, 3.423914686437149, 3.772505009937031, 4.297666625042012, 4.968982602102768, 0.0]]}