{"total energy": -64.98077714, "HOMO-LUMO gap/eV": 2.95583866, "electronic energy": -65.52603942, "dipole": [1.43878953, -0.38577478, -1.28118055], "partial charges": [-0.11318532, 0.09336008, -0.26643814, 0.37662707, -0.37001334, -0.26806771, 0.09529721, -0.1131718, -0.08299764, 0.04964719, -0.11604366, 0.3719941, -0.37532332, -0.25611306, 0.09076711, -0.11201744, -0.24815642, 0.09033185, -0.11565744, 0.05890382, 0.05701699, 0.0610565, 0.0571245, 0.04312468, 0.04986956, 0.05586404, 0.05728845, 0.05774335, 0.05894079, 0.07728913, 0.07279304, 0.04718638, 0.0552818, 0.06168024, 0.05294216, 0.05734395, 0.04649444, 0.06069509, 0.0603974, 0.05834445, 0.06177993], "atomic dipole moments": [[0.04352283, 0.11561826, 0.08180254], [0.13091474, 0.12562083, -0.2159945], [0.01186964, -0.02285513, 0.17688234], [0.05682178, -0.1825285, -0.17351751], [0.17030252, -0.24826077, -0.28922088], [-0.18869603, 0.03686647, 0.03861639], [0.21958165, -0.16001496, 0.0779645], [-0.04716933, -0.00716826, 0.13910655], [-0.25438746, 0.09777916, -0.39009483], [0.09953838, -0.0237878, 0.15732059], [-0.30104593, 0.12116984, -0.4126264], [0.24750249, 0.12104144, 0.15154689], [0.36629678, 0.23608582, 0.06878435], [0.15984684, -0.02523673, 0.09621091], [-0.26869515, -0.07937767, -0.02563728], [0.0259688, -0.13548222, 0.04852386], [-0.10017212, -0.10925059, 0.09423456], [0.0164756, 0.26769783, -0.10505909], [-0.14996071, 0.01528822, -0.01214741], [-0.06063778, -0.08385608, 0.07924491], [0.09608333, -0.06069099, -0.05876942], [-0.07903711, 0.03160132, -0.09723738], [-0.09551531, 0.06336884, 0.04696394], [0.08235527, -0.03048449, 0.08518003], [-0.10590705, -0.06422705, 0.01251714], [-0.00355349, 0.11018414, 0.05484405], [0.11496118, 0.05501488, -0.01219905], [0.01586749, -0.11457361, -0.05534945], [-0.08750268, 0.0683565, -0.0678784], [-0.10382364, -0.06625529, -0.02973734], [0.02747144, 0.09154001, -0.0851315], [0.03471703, -0.00381672, 0.11613519], [0.07666005, -0.06394854, -0.07346042], [-0.0463771, 0.00509077, -0.1209541], [-0.0886509, 0.06118324, 0.06801744], [0.11099173, 0.06652767, 0.00618037], [-0.0575465, 0.00368066, 0.10932842], [-0.04937008, -0.08244311, -0.07746631], [0.02381325, -0.11586734, 0.05424918], [0.05507869, 0.09167358, 0.0709649], [0.06237782, 0.00770668, -0.11238344]], "atomic quadrupole moments": [[-0.09999496, 0.1185925, 0.14352019, 0.06053509, 0.16987595, -0.04352523], [-0.16772708, 0.33701944, 0.12905507, -0.19751464, -0.19369967, 0.03867201], [-0.02142585, 0.10850257, 0.00528245, -0.02673616, -0.04818846, 0.0161434], [0.34644864, 0.11396902, 0.03044546, 0.26256354, -0.84358249, -0.37689411], [-0.19156907, -0.27957862, 0.08247753, -0.23934736, 0.44620401, 0.10909154], [0.0174795, -0.06620543, -0.04271017, 0.0127745, -0.0826495, 0.02523067], [0.03916699, -0.31010674, -0.1485986, 0.18051191, -0.25018986, 0.10943161], [-0.11465305, 0.00482089, -0.13937016, -0.10235596, -0.04332965, 0.25402322], [0.01397172, -0.50184658, -0.18734585, 0.06107582, 0.26858983, 0.17337412], [-0.02229876, -0.34325508, -0.07231999, -0.01675944, 0.19623011, 0.09461874], [-0.06497709, -0.47505658, -0.20682064, 0.01806641, 0.24378903, 0.27179773], [-0.47746912, -0.53934814, 0.26889206, -0.31015911, -0.21991526, 0.20857705], [0.21392562, 0.40670305, -0.0676263, 0.32384815, 0.21996125, -0.14629933], [0.05885468, 0.08833945, 0.00272896, 0.01814004, -0.05415349, -0.06158364], [0.26173692, 0.31400309, 0.09214716, 0.05053235, -0.09287567, -0.35388408], [-0.12986495, -0.03999887, 0.24249482, 0.00866629, -0.12451842, -0.11262987], [0.00277811, -0.05413324, 0.07913396, -0.00855763, -0.08077956, -0.08191208], [-0.04946271, -0.16204872, 0.30627925, 0.07654374, -0.32384597, -0.25681654], [0.27044909, -0.07315946, -0.12546049, 0.05171203, -0.01159046, -0.1449886], [-0.02207072, 0.0397857, 0.00493874, -0.03840363, -0.04542399, 0.01713198], [0.04736623, -0.04097117, -0.02135106, -0.02965055, 0.02872914, -0.02601517], [0.00488462, -0.03225765, -0.01768055, 0.05693947, -0.01993859, 0.01279593], [0.01858328, -0.01132342, 0.00912808, -0.0287651, 0.00187988, -0.02771137], [0.00554277, 0.00951578, -0.00176961, 0.02269235, -0.02912587, -0.00377316], [0.01888412, 0.01865857, -0.00875434, 0.01638531, -0.02536045, -0.01012978], [-0.03225229, -0.01053181, 0.03225757, 0.01662365, 0.0134043, -5.28e-06], [0.04753487, 0.0572432, -0.01662833, -0.00246326, 0.00844871, -0.03090654], [-0.0457572, 0.00215244, 0.06690143, -0.01164723, 0.0375981, -0.02114423], [0.02274577, -0.05247492, -0.01232165, 0.03687199, -0.03257881, -0.01042412], [0.02382175, 0.00719009, -0.00336622, 0.00411927, 0.02670313, -0.02045554], [-0.02111851, -0.01614009, 0.01469267, -0.02406171, -0.01413283, 0.00642584], [-0.01363086, 0.02805014, -0.01191108, 0.015023, -0.00246128, 0.02554194], [0.00741622, 0.00414996, 0.00570903, -0.03334866, 0.01681174, -0.01312525], [-0.0392403, -0.00484499, -0.02874444, 0.03457775, 0.01074442, 0.06798474], [0.00487764, -0.03877561, -0.01800186, -0.05397814, 0.02294101, 0.01312422], [0.05994175, 0.04972446, -0.0110267, 0.01071678, -0.00138665, -0.04891506], [-0.01735528, -0.02490217, -0.0038265, -0.01789493, -0.01416292, 0.02118177], [-0.01857438, -0.0002354, 0.0218371, 0.02780217, 0.01934937, -0.00326273], [-0.03240888, -0.01233661, 0.06019834, 0.00581503, -0.05149371, -0.02778946], [-0.01781169, 0.02539772, 0.01681703, 0.01881698, 0.06125168, 0.00099466], [-0.01389213, 0.00363168, -0.05235835, -0.03664468, 0.00056561, 0.06625049]], "number of molecular orbitals": 128, "number of electrons": 116, "number of unpaired electrons": 0, "orbital energies/eV": [-20.81192268, -20.69923204, -20.62427385, -20.55248654, -20.31498973, -20.20063717, -19.21167604, -19.10172019, -18.74481134, -18.68648091, -18.30830026, -18.1707546, -17.65307893, -17.4078517, -17.27069838, -17.02855219, -16.87066159, -16.84678758, -16.78750888, -16.39780704, -16.33579566, -16.21030492, -15.97140949, -15.73800333, -15.66108535, -15.55253301, -15.30202586, -15.1680123, -15.12659002, -15.0163465, -14.97374409, -14.72083289, -14.38865579, -14.09459464, -13.97361215, -13.88428173, -13.80359547, -13.63974775, -13.5260039, -13.45870015, -13.39811214, -13.29964478, -13.26264575, -13.12224771, -13.10770321, -13.08724687, -12.84643912, -12.76604015, -12.51624363, -12.27439878, -12.2298217, -12.15448982, -11.56034896, -11.26771881, -10.33586991, -10.2714051, -10.24021531, -10.16973948, -7.21390083, -6.94747219, -6.7657563, -5.46613434, -4.89294669, -4.71647242, -4.15699733, -3.95415964, -3.61979988, -3.19967851, -1.35365392, -1.28327181, -1.20044531, -0.77657318, -0.72681452, -0.55542659, -0.18543578, 0.0086643, 0.309905, 0.43325626, 0.50171133, 0.58600971, 0.64328354, 0.99228035, 1.78631603, 1.84499436, 2.15897355, 2.35726998, 2.4988971, 2.60294795, 2.61889592, 3.11367076, 3.17971743, 3.24229884, 3.27841964, 3.30007884, 3.3704098, 3.47234639, 3.61450184, 3.70948515, 3.86508978, 3.90945369, 4.09894805, 4.12519053, 4.28994378, 4.3172285, 4.56995831, 5.08578387, 5.61753547, 5.74374284, 5.95516659, 6.05674047, 6.13101983, 6.27965965, 6.38909616, 6.45418482, 6.63155469, 6.72807526, 8.48555584, 9.623071, 10.43041081, 10.83115674, 11.24491752, 11.91247612, 25.57947872, 25.91998363, 26.75157458, 26.94996032, 35.34269356, 36.04722021], "fractional occupation": [2.0, 2.0, 2.0, 2.0, 2.0, 2.0, 2.0, 2.0, 2.0, 2.0, 2.0, 2.0, 2.0, 2.0, 2.0, 2.0, 2.0, 2.0, 2.0, 2.0, 2.0, 2.0, 2.0, 2.0, 2.0, 2.0, 2.0, 2.0, 2.0, 2.0, 2.0, 2.0, 2.0, 2.0, 2.0, 2.0, 2.0, 2.0, 2.0, 2.0, 2.0, 2.0, 2.0, 2.0, 2.0, 2.0, 2.0, 2.0, 2.0, 2.0, 2.0, 2.0, 2.0, 2.0, 2.0, 2.0, 2.0, 2.0, 0.0, 0.0, 0.0, 0.0, 0.0, 0.0, 0.0, 0.0, 0.0, 0.0, 0.0, 0.0, 0.0, 0.0, 0.0, 0.0, 0.0, 0.0, 0.0, 0.0, 0.0, 0.0, 0.0, 0.0, 0.0, 0.0, 0.0, 0.0, 0.0, 0.0, 0.0, 0.0, 0.0, 0.0, 0.0, 0.0, 0.0, 0.0, 0.0, 0.0, 0.0, 0.0, 0.0, 0.0, 0.0, 0.0, 0.0, 0.0, 0.0, 0.0, 0.0, 0.0, 0.0, 0.0, 0.0, 0.0, 0.0, 0.0, 0.0, 0.0, 0.0, 0.0, 0.0, 0.0, 0.0, 0.0, 0.0, 0.0, 0.0, 0.0], "program call": "xtb /home/svss/Project-DBcg-Debug/aqme2_20220329/End-to-End-workflows-final/example-3/QDESCP/mol_701_rdkit_conf_8/mol_701_rdkit_conf_8.xyz --pop --wbo --acc 0.2 --gfn 2 --chrg 0 --uhf 0 --etemp 300 --input /home/svss/Project-DBcg-Debug/aqme2_20220329/End-to-End-workflows-final/example-3/QDESCP/mol_701_rdkit_conf_8/mol_701_rdkit_conf_8_xtb.inp", "method": "GFN2-xTB", "xtb version": "6.3.3 (7355c4f)", "Dipole module/D": 4.994, "Total charge": 0, "Transition dipole module/D": NaN, "HOMO": -10.1697, "LUMO": -7.2139, "HOMO occupancy": 2.0, "LUMO occupancy": 0, "mulliken charges": [-0.09634, 0.20555, -0.38108, 0.37604, -0.21327, -0.3785, 0.21285, -0.09661, -0.06945, 0.09908, -0.09388, 0.37581, -0.21341, -0.36913, 0.20944, -0.09831, -0.37109, 0.20667, -0.0966, 0.03295, 0.04174, 0.04409, 0.02918, 0.0214, 0.03469, 0.02579, 0.04001, 0.04399, 0.03154, 0.04644, 0.05493, 0.0225, 0.03492, 0.04339, 0.04004, 0.03096, 0.02435, 0.03172, 0.03338, 0.04024, 0.04398], "cm5 charges": [-0.24286, 0.12719, -0.4463, 0.31515, -0.18377, -0.44066, 0.13484, -0.24307, -0.06947, 0.03104, -0.09531, 0.31496, -0.18321, -0.43043, 0.13157, -0.2448, -0.43492, 0.12849, -0.24305, 0.08419, 0.09519, 0.09742, 0.09306, 0.08727, 0.10268, 0.08994, 0.09334, 0.09742, 0.08276, 0.10877, 0.11843, 0.08979, 0.10069, 0.09671, 0.09347, 0.0822, 0.09005, 0.09575, 0.08461, 0.09359, 0.09728], "FUKUI+": [0.008, 0.014, -0.0, -0.096, -0.122, 0.004, 0.011, 0.008, -0.163, 0.041, -0.19, -0.105, -0.114, -0.002, 0.012, 0.009, -0.002, 0.009, 0.008, -0.02, 0.002, -0.015, -0.02, -0.002, -0.012, -0.016, -0.01, -0.004, -0.022, -0.047, -0.05, -0.002, -0.023, -0.015, -0.0, -0.02, 0.002, -0.016, -0.019, -0.006, -0.015], "FUKUI-": [0.007, 0.012, 0.003, -0.097, -0.281, 0.004, 0.011, 0.007, -0.061, 0.034, -0.081, -0.092, -0.259, 0.006, 0.009, 0.007, -0.003, 0.01, 0.007, -0.019, -0.0, -0.013, -0.012, -0.005, -0.009, -0.009, -0.011, -0.005, -0.02, -0.013, -0.019, -0.005, -0.018, -0.012, -0.002, -0.019, -0.003, -0.009, -0.018, -0.009, -0.013], "FUKUIrad": [0.007, 0.013, 0.002, -0.096, -0.202, 0.004, 0.011, 0.007, -0.112, 0.037, -0.136, -0.098, -0.187, 0.002, 0.011, 0.008, -0.003, 0.01, 0.008, -0.019, 0.001, -0.014, -0.016, -0.003, -0.01, -0.013, -0.01, -0.004, -0.021, -0.03, -0.034, -0.004, -0.021, -0.014, -0.001, -0.02, -0.001, -0.012, -0.018, -0.007, -0.014], "s proportion": [1.012, 0.993, 1.658, 1.517, 1.891, 1.653, 0.993, 1.012, 1.911, 1.04, 1.91, 1.516, 1.89, 1.657, 0.993, 1.013, 1.66, 0.993, 1.012, 0.967, 0.958, 0.956, 0.971, 0.979, 0.965, 0.974, 0.96, 0.956, 0.968, 0.954, 0.945, 0.977, 0.965, 0.957, 0.96, 0.969, 0.976, 0.968, 0.967, 0.96, 0.956], "p proportion": [3.084, 2.801, 4.723, 2.024, 4.336, 4.726, 2.794, 3.084, 4.162, 2.861, 4.188, 2.02, 4.338, 4.712, 2.798, 3.086, 4.711, 2.801, 3.084, 0.0, 0.0, 0.0, 0.0, 0.0, 0.0, 0.0, 0.0, 0.0, 0.0, 0.0, 0.0, 0.0, 0.0, 0.0, 0.0, 0.0, 0.0, 0.0, 0.0, 0.0, 0.0], "d proportion": [0.0, 0.0, 0.0, 1.082, -0.014, 0.0, 0.0, 0.0, -0.004, 0.0, -0.004, 1.088, -0.014, 0.0, 0.0, 0.0, 0.0, 0.0, 0.0, 0.0, 0.0, 0.0, 0.0, 0.0, 0.0, 0.0, 0.0, 0.0, 0.0, 0.0, 0.0, 0.0, 0.0, 0.0, 0.0, 0.0, 0.0, 0.0, 0.0, 0.0, 0.0], "Fermi-level/eV": -8.6918, "Coordination numbers": [3.749, 3.901, 1.657, 3.917, 0.926, 1.658, 3.894, 3.749, 2.059, 3.804, 2.059, 3.918, 0.926, 1.658, 3.892, 3.749, 1.658, 3.904, 3.749, 0.924, 0.924, 0.924, 0.924, 0.924, 0.924, 0.924, 0.924, 0.924, 0.924, 0.924, 0.924, 0.924, 0.924, 0.924, 0.924, 0.924, 0.924, 0.924, 0.924, 0.924, 0.924], "Dispersion coefficient C6": [22.732, 18.987, 18.433, 144.578, 155.221, 18.46, 18.959, 22.732, 144.51, 19.741, 145.915, 144.758, 155.468, 18.259, 19.031, 22.709, 18.127, 19.034, 22.78, 2.212, 2.234, 2.187, 2.233, 2.408, 2.322, 2.248, 2.231, 2.226, 2.212, 2.007, 2.055, 2.355, 2.255, 2.18, 2.284, 2.23, 2.364, 2.191, 2.194, 2.219, 2.178], "Total dispersion C6": 26642.200054, "Total dispersion C8": 863308.985097, "Polarizability alpha": [6.8, 6.194, 5.796, 21.599, 21.073, 5.8, 6.19, 6.8, 20.233, 6.325, 20.331, 21.613, 21.09, 5.768, 6.202, 6.797, 5.748, 6.201, 6.807, 2.326, 2.338, 2.313, 2.337, 2.427, 2.383, 2.345, 2.336, 2.333, 2.326, 2.216, 2.242, 2.4, 2.348, 2.309, 2.363, 2.336, 2.405, 2.315, 2.317, 2.329, 2.308], "Total polarizability alpha": 258.714813, "Wiberg matrix": [[0.0, 1.0166427476455082, 0.0, 0.0, 0.0, 0.0, 0.0, 0.0, 0.0, 0.0, 0.0, 0.0, 0.0, 0.0, 0.0, 0.0, 0.0, 0.0, 0.0, 0.9812194097561064, 0.98420041246281, 0.9840052158777604, 0.0, 0.0, 0.0, 0.0, 0.0, 0.0, 0.0, 0.0, 0.0, 0.0, 0.0, 0.0, 0.0, 0.0, 0.0, 0.0, 0.0, 0.0, 0.0], [1.0166427476455082, 0.0, 0.920448994259452, 0.0, 0.0, 0.0, 0.0, 0.0, 0.0, 0.0, 0.0, 0.0, 0.0, 0.0, 0.0, 0.0, 0.0, 0.0, 0.0, 0.0, 0.0, 0.0, 0.9701141488533738, 0.9670742003033769, 0.0, 0.0, 0.0, 0.0, 0.0, 0.0, 0.0, 0.0, 0.0, 0.0, 0.0, 0.0, 0.0, 0.0, 0.0, 0.0, 0.0], [0.0, 0.920448994259452, 0.0, 1.2359936163767469, 0.0, 0.0, 0.0, 0.0, 0.0, 0.0, 0.0, 0.0, 0.0, 0.0, 0.0, 0.0, 0.0, 0.0, 0.0, 0.0, 0.0, 0.0, 0.0, 0.0, 0.0, 0.0, 0.0, 0.0, 0.0, 0.0, 0.0, 0.0, 0.0, 0.0, 0.0, 0.0, 0.0, 0.0, 0.0, 0.0, 0.0], [0.0, 0.0, 1.2359936163767469, 0.0, 1.59425945370871, 1.243070006923773, 0.0, 0.0, 1.0222780437151742, 0.0, 0.0, 0.0, 0.0, 0.0, 0.0, 0.0, 0.0, 0.0, 0.0, 0.0, 0.0, 0.0, 0.0, 0.0, 0.0, 0.0, 0.0, 0.0, 0.0, 0.0, 0.0, 0.0, 0.0, 0.0, 0.0, 0.0, 0.0, 0.0, 0.0, 0.0, 0.0], [0.0, 0.0, 0.0, 1.59425945370871, 0.0, 0.0, 0.0, 0.0, 0.11505738549572103, 0.0, 0.0, 0.0, 0.0, 0.0, 0.0, 0.0, 0.0, 0.0, 0.0, 0.0, 0.0, 0.0, 0.0, 0.0, 0.0, 0.0, 0.0, 0.0, 0.0, 0.0, 0.0, 0.0, 0.0, 0.0, 0.0, 0.0, 0.0, 0.0, 0.0, 0.0, 0.0], [0.0, 0.0, 0.0, 1.243070006923773, 0.0, 0.0, 0.9111753465810057, 0.0, 0.0, 0.0, 0.0, 0.0, 0.0, 0.0, 0.0, 0.0, 0.0, 0.0, 0.0, 0.0, 0.0, 0.0, 0.0, 0.0, 0.0, 0.0, 0.0, 0.0, 0.0, 0.0, 0.0, 0.0, 0.0, 0.0, 0.0, 0.0, 0.0, 0.0, 0.0, 0.0, 0.0], [0.0, 0.0, 0.0, 0.0, 0.0, 0.9111753465810057, 0.0, 1.0154815172805307, 0.0, 0.0, 0.0, 0.0, 0.0, 0.0, 0.0, 0.0, 0.0, 0.0, 0.0, 0.0, 0.0, 0.0, 0.0, 0.0, 0.9695091232302985, 0.9703624014310595, 0.0, 0.0, 0.0, 0.0, 0.0, 0.0, 0.0, 0.0, 0.0, 0.0, 0.0, 0.0, 0.0, 0.0, 0.0], [0.0, 0.0, 0.0, 0.0, 0.0, 0.0, 1.0154815172805307, 0.0, 0.0, 0.0, 0.0, 0.0, 0.0, 0.0, 0.0, 0.0, 0.0, 0.0, 0.0, 0.0, 0.0, 0.0, 0.0, 0.0, 0.0, 0.0, 0.9846566393780126, 0.9847853579684502, 0.9803501750692077, 0.0, 0.0, 0.0, 0.0, 0.0, 0.0, 0.0, 0.0, 0.0, 0.0, 0.0, 0.0], [0.0, 0.0, 0.0, 1.0222780437151742, 0.11505738549572103, 0.0, 0.0, 0.0, 0.0, 0.9794160165346787, 0.0, 0.0, 0.0, 0.0, 0.0, 0.0, 0.0, 0.0, 0.0, 0.0, 0.0, 0.0, 0.0, 0.0, 0.0, 0.0, 0.0, 0.0, 0.0, 0.0, 0.0, 0.0, 0.0, 0.0, 0.0, 0.0, 0.0, 0.0, 0.0, 0.0, 0.0], [0.0, 0.0, 0.0, 0.0, 0.0, 0.0, 0.0, 0.0, 0.9794160165346787, 0.0, 0.9761261475673316, 0.0, 0.0, 0.0, 0.0, 0.0, 0.0, 0.0, 0.0, 0.0, 0.0, 0.0, 0.0, 0.0, 0.0, 0.0, 0.0, 0.0, 0.0, 0.9664675460716399, 0.9686814515364421, 0.0, 0.0, 0.0, 0.0, 0.0, 0.0, 0.0, 0.0, 0.0, 0.0], [0.0, 0.0, 0.0, 0.0, 0.0, 0.0, 0.0, 0.0, 0.0, 0.9761261475673316, 0.0, 0.9782606745599455, 0.14476720535974952, 0.0, 0.0, 0.0, 0.0, 0.0, 0.0, 0.0, 0.0, 0.0, 0.0, 0.0, 0.0, 0.0, 0.0, 0.0, 0.0, 0.0, 0.0, 0.0, 0.0, 0.0, 0.0, 0.0, 0.0, 0.0, 0.0, 0.0, 0.0], [0.0, 0.0, 0.0, 0.0, 0.0, 0.0, 0.0, 0.0, 0.0, 0.0, 0.9782606745599455, 0.0, 1.5952174570195097, 1.261941526018319, 0.0, 0.0, 1.27127215912341, 0.0, 0.0, 0.0, 0.0, 0.0, 0.0, 0.0, 0.0, 0.0, 0.0, 0.0, 0.0, 0.0, 0.0, 0.0, 0.0, 0.0, 0.0, 0.0, 0.0, 0.0, 0.0, 0.0, 0.0], [0.0, 0.0, 0.0, 0.0, 0.0, 0.0, 0.0, 0.0, 0.0, 0.0, 0.14476720535974952, 1.5952174570195097, 0.0, 0.0, 0.0, 0.0, 0.0, 0.0, 0.0, 0.0, 0.0, 0.0, 0.0, 0.0, 0.0, 0.0, 0.0, 0.0, 0.0, 0.0, 0.0, 0.0, 0.0, 0.0, 0.0, 0.0, 0.0, 0.0, 0.0, 0.0, 0.0], [0.0, 0.0, 0.0, 0.0, 0.0, 0.0, 0.0, 0.0, 0.0, 0.0, 0.0, 1.261941526018319, 0.0, 0.0, 0.9151816035802492, 0.0, 0.0, 0.0, 0.0, 0.0, 0.0, 0.0, 0.0, 0.0, 0.0, 0.0, 0.0, 0.0, 0.0, 0.0, 0.0, 0.0, 0.0, 0.0, 0.0, 0.0, 0.0, 0.0, 0.0, 0.0, 0.0], [0.0, 0.0, 0.0, 0.0, 0.0, 0.0, 0.0, 0.0, 0.0, 0.0, 0.0, 0.0, 0.0, 0.9151816035802492, 0.0, 1.0165404467774752, 0.0, 0.0, 0.0, 0.0, 0.0, 0.0, 0.0, 0.0, 0.0, 0.0, 0.0, 0.0, 0.0, 0.0, 0.0, 0.9656080273823714, 0.9708358389833628, 0.0, 0.0, 0.0, 0.0, 0.0, 0.0, 0.0, 0.0], [0.0, 0.0, 0.0, 0.0, 0.0, 0.0, 0.0, 0.0, 0.0, 0.0, 0.0, 0.0, 0.0, 0.0, 1.0165404467774752, 0.0, 0.0, 0.0, 0.0, 0.0, 0.0, 0.0, 0.0, 0.0, 0.0, 0.0, 0.0, 0.0, 0.0, 0.0, 0.0, 0.0, 0.0, 0.9840969463866698, 0.9848645060396077, 0.9811536097557861, 0.0, 0.0, 0.0, 0.0, 0.0], [0.0, 0.0, 0.0, 0.0, 0.0, 0.0, 0.0, 0.0, 0.0, 0.0, 0.0, 1.27127215912341, 0.0, 0.0, 0.0, 0.0, 0.0, 0.9181380394659232, 0.0, 0.0, 0.0, 0.0, 0.0, 0.0, 0.0, 0.0, 0.0, 0.0, 0.0, 0.0, 0.0, 0.0, 0.0, 0.0, 0.0, 0.0, 0.0, 0.0, 0.0, 0.0, 0.0], [0.0, 0.0, 0.0, 0.0, 0.0, 0.0, 0.0, 0.0, 0.0, 0.0, 0.0, 0.0, 0.0, 0.0, 0.0, 0.0, 0.9181380394659232, 0.0, 1.0164871019242971, 0.0, 0.0, 0.0, 0.0, 0.0, 0.0, 0.0, 0.0, 0.0, 0.0, 0.0, 0.0, 0.0, 0.0, 0.0, 0.0, 0.0, 0.9688352552597754, 0.9698052085718252, 0.0, 0.0, 0.0], [0.0, 0.0, 0.0, 0.0, 0.0, 0.0, 0.0, 0.0, 0.0, 0.0, 0.0, 0.0, 0.0, 0.0, 0.0, 0.0, 0.0, 1.0164871019242971, 0.0, 0.0, 0.0, 0.0, 0.0, 0.0, 0.0, 0.0, 0.0, 0.0, 0.0, 0.0, 0.0, 0.0, 0.0, 0.0, 0.0, 0.0, 0.0, 0.0, 0.9811199977856225, 0.984622547464522, 0.9838641303998061], [0.9812194097561064, 0.0, 0.0, 0.0, 0.0, 0.0, 0.0, 0.0, 0.0, 0.0, 0.0, 0.0, 0.0, 0.0, 0.0, 0.0, 0.0, 0.0, 0.0, 0.0, 0.0, 0.0, 0.0, 0.0, 0.0, 0.0, 0.0, 0.0, 0.0, 0.0, 0.0, 0.0, 0.0, 0.0, 0.0, 0.0, 0.0, 0.0, 0.0, 0.0, 0.0], [0.98420041246281, 0.0, 0.0, 0.0, 0.0, 0.0, 0.0, 0.0, 0.0, 0.0, 0.0, 0.0, 0.0, 0.0, 0.0, 0.0, 0.0, 0.0, 0.0, 0.0, 0.0, 0.0, 0.0, 0.0, 0.0, 0.0, 0.0, 0.0, 0.0, 0.0, 0.0, 0.0, 0.0, 0.0, 0.0, 0.0, 0.0, 0.0, 0.0, 0.0, 0.0], [0.9840052158777604, 0.0, 0.0, 0.0, 0.0, 0.0, 0.0, 0.0, 0.0, 0.0, 0.0, 0.0, 0.0, 0.0, 0.0, 0.0, 0.0, 0.0, 0.0, 0.0, 0.0, 0.0, 0.0, 0.0, 0.0, 0.0, 0.0, 0.0, 0.0, 0.0, 0.0, 0.0, 0.0, 0.0, 0.0, 0.0, 0.0, 0.0, 0.0, 0.0, 0.0], [0.0, 0.9701141488533738, 0.0, 0.0, 0.0, 0.0, 0.0, 0.0, 0.0, 0.0, 0.0, 0.0, 0.0, 0.0, 0.0, 0.0, 0.0, 0.0, 0.0, 0.0, 0.0, 0.0, 0.0, 0.0, 0.0, 0.0, 0.0, 0.0, 0.0, 0.0, 0.0, 0.0, 0.0, 0.0, 0.0, 0.0, 0.0, 0.0, 0.0, 0.0, 0.0], [0.0, 0.9670742003033769, 0.0, 0.0, 0.0, 0.0, 0.0, 0.0, 0.0, 0.0, 0.0, 0.0, 0.0, 0.0, 0.0, 0.0, 0.0, 0.0, 0.0, 0.0, 0.0, 0.0, 0.0, 0.0, 0.0, 0.0, 0.0, 0.0, 0.0, 0.0, 0.0, 0.0, 0.0, 0.0, 0.0, 0.0, 0.0, 0.0, 0.0, 0.0, 0.0], [0.0, 0.0, 0.0, 0.0, 0.0, 0.0, 0.9695091232302985, 0.0, 0.0, 0.0, 0.0, 0.0, 0.0, 0.0, 0.0, 0.0, 0.0, 0.0, 0.0, 0.0, 0.0, 0.0, 0.0, 0.0, 0.0, 0.0, 0.0, 0.0, 0.0, 0.0, 0.0, 0.0, 0.0, 0.0, 0.0, 0.0, 0.0, 0.0, 0.0, 0.0, 0.0], [0.0, 0.0, 0.0, 0.0, 0.0, 0.0, 0.9703624014310595, 0.0, 0.0, 0.0, 0.0, 0.0, 0.0, 0.0, 0.0, 0.0, 0.0, 0.0, 0.0, 0.0, 0.0, 0.0, 0.0, 0.0, 0.0, 0.0, 0.0, 0.0, 0.0, 0.0, 0.0, 0.0, 0.0, 0.0, 0.0, 0.0, 0.0, 0.0, 0.0, 0.0, 0.0], [0.0, 0.0, 0.0, 0.0, 0.0, 0.0, 0.0, 0.9846566393780126, 0.0, 0.0, 0.0, 0.0, 0.0, 0.0, 0.0, 0.0, 0.0, 0.0, 0.0, 0.0, 0.0, 0.0, 0.0, 0.0, 0.0, 0.0, 0.0, 0.0, 0.0, 0.0, 0.0, 0.0, 0.0, 0.0, 0.0, 0.0, 0.0, 0.0, 0.0, 0.0, 0.0], [0.0, 0.0, 0.0, 0.0, 0.0, 0.0, 0.0, 0.9847853579684502, 0.0, 0.0, 0.0, 0.0, 0.0, 0.0, 0.0, 0.0, 0.0, 0.0, 0.0, 0.0, 0.0, 0.0, 0.0, 0.0, 0.0, 0.0, 0.0, 0.0, 0.0, 0.0, 0.0, 0.0, 0.0, 0.0, 0.0, 0.0, 0.0, 0.0, 0.0, 0.0, 0.0], [0.0, 0.0, 0.0, 0.0, 0.0, 0.0, 0.0, 0.9803501750692077, 0.0, 0.0, 0.0, 0.0, 0.0, 0.0, 0.0, 0.0, 0.0, 0.0, 0.0, 0.0, 0.0, 0.0, 0.0, 0.0, 0.0, 0.0, 0.0, 0.0, 0.0, 0.0, 0.0, 0.0, 0.0, 0.0, 0.0, 0.0, 0.0, 0.0, 0.0, 0.0, 0.0], [0.0, 0.0, 0.0, 0.0, 0.0, 0.0, 0.0, 0.0, 0.0, 0.9664675460716399, 0.0, 0.0, 0.0, 0.0, 0.0, 0.0, 0.0, 0.0, 0.0, 0.0, 0.0, 0.0, 0.0, 0.0, 0.0, 0.0, 0.0, 0.0, 0.0, 0.0, 0.0, 0.0, 0.0, 0.0, 0.0, 0.0, 0.0, 0.0, 0.0, 0.0, 0.0], [0.0, 0.0, 0.0, 0.0, 0.0, 0.0, 0.0, 0.0, 0.0, 0.9686814515364421, 0.0, 0.0, 0.0, 0.0, 0.0, 0.0, 0.0, 0.0, 0.0, 0.0, 0.0, 0.0, 0.0, 0.0, 0.0, 0.0, 0.0, 0.0, 0.0, 0.0, 0.0, 0.0, 0.0, 0.0, 0.0, 0.0, 0.0, 0.0, 0.0, 0.0, 0.0], [0.0, 0.0, 0.0, 0.0, 0.0, 0.0, 0.0, 0.0, 0.0, 0.0, 0.0, 0.0, 0.0, 0.0, 0.9656080273823714, 0.0, 0.0, 0.0, 0.0, 0.0, 0.0, 0.0, 0.0, 0.0, 0.0, 0.0, 0.0, 0.0, 0.0, 0.0, 0.0, 0.0, 0.0, 0.0, 0.0, 0.0, 0.0, 0.0, 0.0, 0.0, 0.0], [0.0, 0.0, 0.0, 0.0, 0.0, 0.0, 0.0, 0.0, 0.0, 0.0, 0.0, 0.0, 0.0, 0.0, 0.9708358389833628, 0.0, 0.0, 0.0, 0.0, 0.0, 0.0, 0.0, 0.0, 0.0, 0.0, 0.0, 0.0, 0.0, 0.0, 0.0, 0.0, 0.0, 0.0, 0.0, 0.0, 0.0, 0.0, 0.0, 0.0, 0.0, 0.0], [0.0, 0.0, 0.0, 0.0, 0.0, 0.0, 0.0, 0.0, 0.0, 0.0, 0.0, 0.0, 0.0, 0.0, 0.0, 0.9840969463866698, 0.0, 0.0, 0.0, 0.0, 0.0, 0.0, 0.0, 0.0, 0.0, 0.0, 0.0, 0.0, 0.0, 0.0, 0.0, 0.0, 0.0, 0.0, 0.0, 0.0, 0.0, 0.0, 0.0, 0.0, 0.0], [0.0, 0.0, 0.0, 0.0, 0.0, 0.0, 0.0, 0.0, 0.0, 0.0, 0.0, 0.0, 0.0, 0.0, 0.0, 0.9848645060396077, 0.0, 0.0, 0.0, 0.0, 0.0, 0.0, 0.0, 0.0, 0.0, 0.0, 0.0, 0.0, 0.0, 0.0, 0.0, 0.0, 0.0, 0.0, 0.0, 0.0, 0.0, 0.0, 0.0, 0.0, 0.0], [0.0, 0.0, 0.0, 0.0, 0.0, 0.0, 0.0, 0.0, 0.0, 0.0, 0.0, 0.0, 0.0, 0.0, 0.0, 0.9811536097557861, 0.0, 0.0, 0.0, 0.0, 0.0, 0.0, 0.0, 0.0, 0.0, 0.0, 0.0, 0.0, 0.0, 0.0, 0.0, 0.0, 0.0, 0.0, 0.0, 0.0, 0.0, 0.0, 0.0, 0.0, 0.0], [0.0, 0.0, 0.0, 0.0, 0.0, 0.0, 0.0, 0.0, 0.0, 0.0, 0.0, 0.0, 0.0, 0.0, 0.0, 0.0, 0.0, 0.9688352552597754, 0.0, 0.0, 0.0, 0.0, 0.0, 0.0, 0.0, 0.0, 0.0, 0.0, 0.0, 0.0, 0.0, 0.0, 0.0, 0.0, 0.0, 0.0, 0.0, 0.0, 0.0, 0.0, 0.0], [0.0, 0.0, 0.0, 0.0, 0.0, 0.0, 0.0, 0.0, 0.0, 0.0, 0.0, 0.0, 0.0, 0.0, 0.0, 0.0, 0.0, 0.9698052085718252, 0.0, 0.0, 0.0, 0.0, 0.0, 0.0, 0.0, 0.0, 0.0, 0.0, 0.0, 0.0, 0.0, 0.0, 0.0, 0.0, 0.0, 0.0, 0.0, 0.0, 0.0, 0.0, 0.0], [0.0, 0.0, 0.0, 0.0, 0.0, 0.0, 0.0, 0.0, 0.0, 0.0, 0.0, 0.0, 0.0, 0.0, 0.0, 0.0, 0.0, 0.0, 0.9811199977856225, 0.0, 0.0, 0.0, 0.0, 0.0, 0.0, 0.0, 0.0, 0.0, 0.0, 0.0, 0.0, 0.0, 0.0, 0.0, 0.0, 0.0, 0.0, 0.0, 0.0, 0.0, 0.0], [0.0, 0.0, 0.0, 0.0, 0.0, 0.0, 0.0, 0.0, 0.0, 0.0, 0.0, 0.0, 0.0, 0.0, 0.0, 0.0, 0.0, 0.0, 0.984622547464522, 0.0, 0.0, 0.0, 0.0, 0.0, 0.0, 0.0, 0.0, 0.0, 0.0, 0.0, 0.0, 0.0, 0.0, 0.0, 0.0, 0.0, 0.0, 0.0, 0.0, 0.0, 0.0], [0.0, 0.0, 0.0, 0.0, 0.0, 0.0, 0.0, 0.0, 0.0, 0.0, 0.0, 0.0, 0.0, 0.0, 0.0, 0.0, 0.0, 0.0, 0.9838641303998061, 0.0, 0.0, 0.0, 0.0, 0.0, 0.0, 0.0, 0.0, 0.0, 0.0, 0.0, 0.0, 0.0, 0.0, 0.0, 0.0, 0.0, 0.0, 0.0, 0.0, 0.0, 0.0]], "Born radii": [], "Atomic SASAs": [], "Solvent H bonds": [], "Total SASA": NaN, "Total FOD": 0.0, "FOD": [0.0, 0.0, 0.0, 0.0, 0.0, 0.0, 0.0, 0.0, 0.0, 0.0, 0.0, 0.0, 0.0, 0.0, 0.0, 0.0, 0.0, 0.0, 0.0, 0.0, 0.0, 0.0, 0.0, 0.0, 0.0, 0.0, 0.0, 0.0, 0.0, 0.0, 0.0, 0.0, 0.0, 0.0, 0.0, 0.0, 0.0, 0.0, 0.0, 0.0, 0.0], "FOD s proportion": [0.0, 0.0, 0.0, 0.0, 0.0, 0.0, 0.0, 0.0, 0.0, 0.0, 0.0, 0.0, 0.0, 0.0, 0.0, 0.0, 0.0, 0.0, 0.0, 0.0, 0.0, 0.0, 0.0, 0.0, 0.0, 0.0, 0.0, 0.0, 0.0, 0.0, 0.0, 0.0, 0.0, 0.0, 0.0, 0.0, 0.0, 0.0, 0.0, 0.0, 0.0], "FOD p proportion": [0.0, 0.0, 0.0, 0.0, 0.0, 0.0, 0.0, 0.0, 0.0, 0.0, 0.0, 0.0, 0.0, 0.0, 0.0, 0.0, 0.0, 0.0, 0.0, 0.0, 0.0, 0.0, 0.0, 0.0, 0.0, 0.0, 0.0, 0.0, 0.0, 0.0, 0.0, 0.0, 0.0, 0.0, 0.0, 0.0, 0.0, 0.0, 0.0, 0.0, 0.0], "FOD d proportion": [0.0, 0.0, 0.0, 0.0, 0.0, 0.0, 0.0, 0.0, 0.0, 0.0, 0.0, 0.0, 0.0, 0.0, 0.0, 0.0, 0.0, 0.0, 0.0, 0.0, 0.0, 0.0, 0.0, 0.0, 0.0, 0.0, 0.0, 0.0, 0.0, 0.0, 0.0, 0.0, 0.0, 0.0, 0.0, 0.0, 0.0, 0.0, 0.0, 0.0, 0.0], "coordinates": [["-4.26470", "-1.17980", "1.81860"], ["-3.78020", "0.04770", "2.56250"], ["-3.14730", "0.91470", "1.63400"], ["-2.01930", "1.95660", "2.17000"], ["-2.68260", "3.18840", "3.52720"], ["-1.67050", "2.69540", "0.76240"], ["-2.67930", "3.43960", "0.09710"], ["-2.28500", "3.58080", "-1.35910"], ["-0.31110", "0.80420", "2.58980"], ["-0.02050", "0.00580", "1.00130"], ["1.37620", "-1.13040", "1.10370"], ["1.52360", "-1.78870", "-0.88900"], ["0.03210", "-2.79380", "-1.63810"], ["1.81040", "-0.46120", "-1.78390"], ["3.05940", "0.20150", "-1.67500"], ["2.88620", "1.63170", "-2.14300"], ["2.95100", "-2.54840", "-1.05510"], ["3.12760", "-3.81930", "-0.45020"], ["4.61230", "-4.06830", "-0.28090"], ["-4.77220", "-1.87200", "2.49610"], ["-3.42470", "-1.69970", "1.34590"], ["-4.95610", "-0.89810", "1.01750"], ["-4.62810", "0.57150", "3.01390"], ["-3.08500", "-0.24680", "3.35440"], ["-3.64670", "2.93400", "0.17270"], ["-2.75790", "4.42830", "0.55890"], ["-1.31410", "4.07910", "-1.44970"], ["-2.18210", "2.59600", "-1.82700"], ["-3.03140", "4.15830", "-1.91160"], ["-0.91580", "-0.54540", "0.70420"], ["0.18970", "0.76680", "0.24560"], ["3.41770", "0.18910", "-0.64170"], ["3.78880", "-0.31490", "-2.30650"], ["2.52270", "1.65910", "-3.17560"], ["2.14150", "2.14970", "-1.52940"], ["3.83170", "2.17820", "-2.08690"], ["2.63000", "-3.85550", "0.52350"], ["2.69250", "-4.58600", "-1.09810"], ["4.79500", "-5.04570", "0.17420"], ["5.06270", "-3.29470", "0.34990"], ["5.12350", "-4.02770", "-1.24850"]], "bond_dist": [[0.0, 1.5148873588488356, 2.3810901221919343, 3.873281306592642, 4.950103595885646, 4.78148586947614, 5.178408227438235, 6.056426482671114, 4.490206944006034, 4.481836709430633, 5.686235589561869, 6.419211311368399, 5.745977821920303, 7.099382523853748, 8.231383326027286, 8.644893152607498, 7.886541963370258, 8.170710677780729, 9.568305048439875, 1.0934822083600628, 1.0951444196999776, 1.095057103533875, 2.151244602549882, 2.1496192058129737, 4.473730127086345, 5.942059907136582, 6.858852269877228, 5.646617373259853, 6.628026292947244, 3.5860119812962146, 5.1093306724071015, 8.182067774102094, 9.089739505068339, 8.892141789805198, 7.958270709771062, 9.595873446956249, 7.508231655323376, 8.277195731043214, 9.986360611353867, 9.67627368670399, 10.278907337844817], [1.5148873588488356, 0.0, 1.4192827977538514, 2.6265422650321084, 3.464010441670175, 3.834254737233821, 4.33533892331384, 5.486106562034681, 3.5507312415895402, 4.07117245274626, 5.486754779466638, 6.589044820761201, 6.34450895657024, 7.099646507397393, 8.047371549145721, 8.312140230409975, 8.070676453061415, 8.470404425409686, 9.77038565308453, 2.161879055359018, 2.1586807475863585, 2.159699851831268, 1.0941036559668376, 1.0941384281707685, 3.7496258453344384, 4.9243442822369765, 6.199321253976116, 5.321227936294404, 6.121707654731643, 3.4655207198918894, 4.65244413507567, 7.880143146542454, 9.007130550846924, 8.674615264090967, 7.498571897368191, 9.170440132294633, 7.777091698057829, 8.761678682763938, 10.255766938167033, 9.708970951135862, 10.507543949467925], [2.3810901221919343, 1.4192827977538514, 0.0, 1.6264180305198292, 2.9949731250881038, 2.4721483147254735, 2.992692035609411, 4.10003635471687, 2.9949614905704545, 3.3171202480464888, 4.992564906939118, 5.957449737093885, 5.879472341970834, 6.17688679757044, 7.069742578764802, 7.154225342411294, 7.510897636767526, 8.131974892361635, 9.418520221881993, 3.3390437718005437, 2.64481374202419, 2.6340223100801556, 2.052968311981459, 2.076713677905551, 2.5421193008983667, 3.694977311161735, 4.783644561419671, 3.9669763964510802, 4.806834002750667, 2.824183474918016, 3.6173329913072703, 6.986023965747612, 8.071489306193746, 7.472301086010921, 6.28519928085021, 8.009242789427724, 7.573982676241081, 8.474982887298358, 10.0368079333023, 9.31515223547098, 10.056950663595801], [3.873281306592642, 2.6265422650321084, 1.6264180305198292, 0.0, 1.9491767416014385, 1.6275210106170672, 2.6328318233415517, 3.893991389307377, 2.1029039540597187, 3.027652848329874, 4.711261501975877, 5.99473881833062, 6.424653121375504, 6.012128087457884, 6.607389401268854, 6.539989240052311, 7.443129523258345, 8.168050468747117, 9.288942317616145, 4.726835895184007, 4.002851441160414, 4.254687130683054, 3.0718897538811514, 2.7190975359482783, 2.7555305859307753, 3.0414591991345206, 4.254943170008267, 4.051091852821903, 4.746713374536111, 3.1026256445146583, 3.1620595187314233, 6.371081708783839, 7.676769510021777, 7.020947913921595, 5.570915957901358, 7.239095604424629, 7.622824879924765, 8.69983629788515, 9.9724674689868, 9.00242410131849, 9.925602277947672], [4.950103595885646, 3.464010441670175, 2.9949731250881038, 1.9491767416014385, 0.0, 2.9852159804610454, 3.4392874756263105, 4.9181288321881125, 3.491008543386853, 4.857560085063282, 6.403065135542509, 7.871878129773098, 8.3568317573109, 7.8558521097332275, 8.30391597079354, 8.098519393691664, 9.254501417688584, 9.93408244831902, 10.971640101188154, 5.571107926615674, 5.40391559056949, 5.307247741532328, 3.3010017797632285, 3.463002258156931, 3.499554031587454, 3.217736314554069, 5.23790724908336, 5.410073534620394, 5.535604112470472, 5.003216333519869, 4.988301555639955, 7.9742829013021606, 9.39064345718652, 8.623307626427344, 7.065411669534904, 8.658794797198974, 9.320003200643228, 10.522661044621746, 11.617121569907065, 10.588460369194381, 11.653952415811556], [4.78148586947614, 3.834254737233821, 2.4721483147254735, 1.6275210106170672, 2.9852159804610454, 0.0, 1.4192023005900183, 2.3795599719275833, 2.960404796645215, 3.16441485428191, 4.902612795234803, 5.747742998777868, 6.2283676553331375, 5.344570334460947, 5.876428335307086, 5.507841840503411, 7.222119283146742, 8.181288312973697, 9.290300771234481, 5.786829990590703, 4.76808073547418, 4.875806150781632, 4.281074773932359, 4.168430770685775, 2.0760641825338637, 2.0559166860551525, 2.633445093409012, 2.6413268029533943, 3.338023549946884, 3.3280240338675435, 2.728905318987817, 5.843185410373352, 6.948669641737187, 5.845056708878024, 4.481236406395004, 6.217733603975005, 7.84000409885097, 8.689995121402543, 10.103133113049635, 9.021498572853625, 9.767406432620689], [5.178408227438235, 4.33533892331384, 2.992692035609411, 2.6328318233415517, 3.4392874756263105, 1.4192023005900183, 0.0, 1.515232117531832, 4.332119306990516, 4.435964102650066, 6.192352041833539, 6.780256817407435, 7.015545920311547, 6.237932969341688, 6.82336483782012, 6.26588706170164, 8.299637758962737, 9.311887784439845, 10.47276835273272, 6.192618668221062, 5.341116651974567, 4.984635963638669, 4.531174383093195, 4.936004532007644, 1.0941706813838505, 1.094058906092355, 2.159935538389977, 2.1589417801321087, 2.1622626551832225, 4.399855413533495, 3.9239104334834147, 6.948739791501765, 7.855563685694363, 6.398558395451276, 5.2487576530070434, 6.982414121204786, 9.032661150513729, 9.731135269843906, 11.308024628112552, 10.264174020835773, 10.883698658544345], [6.056426482671114, 5.486106562034681, 4.10003635471687, 3.893991389307377, 4.9181288321881125, 2.3795599719275833, 1.515232117531832, 0.0, 5.215323573854263, 4.845624150715778, 6.454856676952634, 6.599845317884352, 6.788395876052014, 5.7697937744775585, 6.331040408969129, 5.5816484536380475, 8.066920393805805, 9.213241448046393, 10.35586758026579, 7.1261321009366645, 6.04149164859143, 5.730929067786479, 5.802510930623052, 6.124345190304021, 2.1491831867014035, 2.1495615041212472, 1.0950607563053296, 1.0951483278533551, 1.0935609082259659, 4.812217988620216, 4.076493368079973, 6.673760479669615, 7.277711981797577, 5.486946548855748, 4.655206928805637, 6.317515214860982, 9.11043168296651, 9.567666878084752, 11.26471975417054, 10.206952362972995, 10.620140152559193], [4.490206944006034, 3.5507312415895402, 2.9949614905704545, 2.1029039540597187, 3.491008543386853, 2.960404796645215, 4.332119306990516, 5.215323573854263, 0.0, 1.801450296289076, 2.9661678408343652, 4.710764687394181, 5.5622413333116, 5.023071878840676, 5.469189755347679, 5.771211257613085, 5.930136522880396, 6.5148300008519024, 7.4981359216808015, 5.2030990130882575, 4.1846514048364885, 5.190951510079824, 4.344018772979694, 3.0632883262925152, 4.637310406906141, 4.821357263261042, 5.296087165068188, 5.120479516607795, 6.237998145238583, 2.396365917384071, 2.397388796169699, 4.9724128649982395, 6.4834650080030505, 6.480826614715132, 4.979299714819344, 6.397045468808237, 5.884935767703841, 7.188635156272713, 8.131956134903827, 7.120102503475636, 8.222814704223852], [4.481836709430633, 4.07117245274626, 3.3171202480464888, 3.027652848329874, 4.857560085063282, 3.16441485428191, 4.435964102650066, 4.845624150715778, 1.801450296289076, 0.0, 1.8033876704691092, 3.0294734113373565, 3.847981195380248, 3.3656534061011096, 4.0849313568284105, 4.580292369489092, 4.4252153450425435, 5.162245235360288, 6.301203336665148, 5.323458722484847, 3.8230952185369382, 5.017713125518437, 5.059698905073304, 3.871956433122666, 4.733947574699154, 5.219921720677428, 4.926720496435738, 4.40237793584331, 5.898623692862598, 1.0925437931726123, 1.0928803822925912, 3.8150055216211682, 5.055210759206782, 5.162146911896251, 3.9591657833437597, 5.394047259711394, 4.707768131503505, 5.731708000238672, 7.027857917601921, 6.095616822766996, 6.913136646269912], [5.686235589561869, 5.486754779466638, 4.992564906939118, 4.711261501975877, 6.403065135542509, 4.902612795234803, 6.192352041833539, 6.454856676952634, 2.9661678408343652, 1.8033876704691092, 0.0, 2.1037915628692874, 3.4772074442000145, 2.9957623470495784, 3.511166976946553, 4.522207127056434, 3.0250845409674088, 3.565415877566038, 4.584835523767456, 6.347564169033661, 4.840599564103605, 6.337145810220876, 6.526633599337409, 5.0743181699613595, 6.528065009633406, 6.9488657736352915, 6.395033690294368, 5.927609833651334, 7.5159377019770455, 2.3989767089323726, 2.396557051271678, 2.992527971464929, 4.2561887939798915, 5.2352823219001285, 4.275272588970205, 5.211165183526616, 3.0552931921503053, 4.303689148858221, 5.2803160681913734, 4.340816879344255, 5.288615075801982], [6.419211311368399, 6.589044820761201, 5.957449737093885, 5.99473881833062, 7.871878129773098, 5.747742998777868, 6.780256817407435, 6.599845317884352, 4.710764687394181, 3.0294734113373565, 2.1037915628692874, 0.0, 1.948319550279163, 1.6264551945872963, 2.6338894585764225, 3.8895155122457084, 1.6254857920018864, 2.624632888615092, 3.886699044176176, 7.14863193485299, 5.430319686721952, 6.812813126748745, 7.65810585850052, 6.451596169166201, 7.0825916351290505, 7.686269944517952, 6.542018237516616, 5.817013888585793, 7.5604592955719285, 3.167767903429795, 3.0979326364528976, 2.7496299641951825, 3.051642792005644, 4.2560621717733405, 4.037685863214225, 4.743267400221075, 2.73695806507882, 3.0389039652479974, 4.737140614336881, 4.04080907987497, 4.254602362148547], [5.745977821920303, 6.34450895657024, 5.879472341970834, 6.424653121375504, 8.3568317573109, 6.2283676553331375, 7.015545920311547, 6.788395876052014, 5.5622413333116, 3.847981195380248, 3.4772074442000145, 1.948319550279163, 0.0, 2.936772257087703, 4.2588412731633944, 5.2901664501223395, 2.986651531397662, 3.4705729944780015, 4.9441454398106055, 6.404890582203571, 4.695825491859765, 5.960539328785609, 7.394850379148992, 6.4131566065394034, 7.044164884498375, 8.047958586498815, 7.006033357756728, 5.829949304239275, 7.602073987406332, 3.3823344394071975, 4.031257348520434, 4.620908214842619, 4.55021962766634, 5.3287252715823135, 5.375832614581671, 6.2736883569396396, 3.5424293726198695, 3.2528924052295367, 5.571418249422673, 5.432309009067875, 5.2532515007374245], [7.099382523853748, 7.099646507397393, 6.17688679757044, 6.012128087457884, 7.8558521097332275, 5.344570334460947, 6.237932969341688, 5.7697937744775585, 5.023071878840676, 3.3656534061011096, 2.9957623470495784, 1.6264551945872963, 2.936772257087703, 0.0, 1.4181084232173504, 2.380447197482019, 2.487673941657146, 3.845855839731906, 4.8084116941044055, 7.977429372924589, 6.223809307811415, 7.336500924827857, 8.09565540151012, 7.100213758049824, 6.718303878956355, 7.089801617816961, 5.5216405152816685, 5.028755879936905, 6.693214084429094, 3.6918691322959973, 2.872894488142577, 2.0762765278257134, 2.0514826370213326, 2.6343637315298736, 2.6440870390363473, 3.338247302103306, 4.185344837644803, 4.273452595969681, 5.810304038516401, 4.8124089580998834, 4.897265259305442], [8.231383326027286, 8.047371549145721, 7.069742578764802, 6.607389401268854, 8.30391597079354, 5.876428335307086, 6.82336483782012, 6.331040408969129, 5.469189755347679, 4.0849313568284105, 3.511166976946553, 2.6338894585764225, 4.2588412731633944, 1.4181084232173504, 0.0, 1.5147588190863914, 2.8209885820399916, 4.203762471881588, 4.752494635451996, 9.112158691550537, 7.401618137947945, 8.526835090465864, 9.012232767744074, 7.952954709414609, 7.47344155995081, 7.52974944735879, 5.84927722885486, 5.76455171717628, 7.267055142215448, 4.6926183831630714, 3.4990636661827117, 1.0937282752128155, 1.094296838156814, 2.159732624655191, 2.1585233401564135, 2.1618167799330266, 4.634332272291231, 4.8360712846276375, 5.827946108192834, 4.509639158513684, 4.725308847049048], [8.644893152607498, 8.312140230409975, 7.154225342411294, 6.539989240052311, 8.098519393691664, 5.507841840503411, 6.26588706170164, 5.5816484536380475, 5.771211257613085, 4.580292369489092, 4.522207127056434, 3.8895155122457084, 5.2901664501223395, 2.380447197482019, 1.5147588190863914, 0.0, 4.319833499106186, 5.712901784557477, 6.2399389115599515, 9.615001459178258, 7.9434317508240735, 8.825549137589116, 9.175093794615945, 8.330990244262683, 7.052462987495929, 6.8539842413008225, 4.910494042354598, 5.168887247754589, 6.438574631081012, 5.225085286385285, 3.704669245695221, 2.1488342653634316, 2.151899293647358, 1.0950551447301642, 1.0951744381604238, 1.0935171283523637, 6.106162831926446, 6.307862473928868, 7.321243339761356, 5.934738378395463, 6.1509714598590035], [7.886541963370258, 8.070676453061415, 7.510897636767526, 7.443129523258345, 9.254501417688584, 7.222119283146742, 8.299637758962737, 8.066920393805805, 5.930136522880396, 4.4252153450425435, 3.0250845409674088, 1.6254857920018864, 2.986651531397662, 2.487673941657146, 2.8209885820399916, 4.319833499106186, 0.0, 1.4185479829741399, 2.3810500498729548, 8.527388617859515, 6.865467440750121, 8.339148113566518, 9.15058980722008, 7.821403250696131, 8.665670654369459, 9.158104503662317, 7.891168697981308, 7.308173272439564, 9.027874993596223, 4.696731600804968, 4.506345439488633, 2.8075994550505237, 2.693776726085516, 4.731069370660295, 4.790865720305674, 4.917417136058319, 2.0744949674559345, 2.054381904612675, 3.338865343196697, 2.6439110385941507, 2.635429433697666], [8.170710677780729, 8.470404425409686, 8.131974892361635, 8.168050468747117, 9.93408244831902, 8.181288312973697, 9.311887784439845, 9.213241448046393, 6.5148300008519024, 5.162245235360288, 3.565415877566038, 2.624632888615092, 3.4705729944780015, 3.845855839731906, 4.203762471881588, 5.712901784557477, 1.4185479829741399, 0.0, 1.5149249420350832, 8.653294229367217, 7.116973700949021, 8.71973385029612, 9.561903363870606, 8.113823769961979, 9.58572927794229, 10.182352322523514, 9.116601433648396, 8.440649644429037, 10.183863349436695, 5.329178560528818, 5.490692785068202, 4.023443900441511, 4.020429639976305, 6.148705207602655, 6.145406971877453, 6.256560552731829, 1.094078557508555, 1.094036247114327, 2.1619794356098763, 2.1586980289053863, 2.1597060587033594], [9.568305048439875, 9.77038565308453, 9.418520221881993, 9.288942317616145, 10.971640101188154, 9.290300771234481, 10.47276835273272, 10.35586758026579, 7.4981359216808015, 6.301203336665148, 4.584835523767456, 3.886699044176176, 4.9441454398106055, 4.8084116941044055, 4.752494635451996, 6.2399389115599515, 2.3810500498729548, 1.5149249420350832, 0.0, 10.030169636651216, 8.535227776691142, 10.163183023049424, 10.852116993471828, 9.331007214122172, 10.837390795297548, 11.279065725493403, 10.142407858097604, 9.641949546642527, 11.34734681500482, 6.628811057044846, 6.5737953284233, 4.4365189687411455, 4.343871449525181, 6.748987109929904, 6.806403520949959, 6.549025470251279, 2.1498503413028547, 2.14975839805314, 1.0935291765654906, 1.0950916673959306, 1.0950906629133497], [1.0934822083600628, 2.161879055359018, 3.3390437718005437, 4.726835895184007, 5.571107926615674, 5.786829990590703, 6.192618668221062, 7.1261321009366645, 5.2030990130882575, 5.323458722484847, 6.347564169033661, 7.14863193485299, 6.404890582203571, 7.977429372924589, 9.112158691550537, 9.615001459178258, 8.527388617859515, 8.653294229367217, 10.030169636651216, 0.0, 1.7800010056176934, 1.7800444882080897, 2.5019140472845987, 2.4949143812964802, 5.455508574825999, 6.892309367693821, 7.933686687788976, 6.735045331695994, 7.669597252789745, 4.454502680434708, 6.053797758432305, 9.009349813388312, 9.93882529125047, 9.892037914909142, 8.954215143160232, 10.556282690890766, 7.913152838786826, 8.718131435691939, 10.343834257179491, 10.166391087303301, 10.79786785157144], [1.0951444196999776, 2.1586807475863585, 2.64481374202419, 4.00285