{"total energy": -25.3156697, "HOMO-LUMO gap/eV": 12.64910951, "electronic energy": -25.67994214, "dipole": [-0.0127007, 0.00678788, 0.00490689], "partial charges": [-0.0989499, -0.05546317, -0.01859093, -0.05726379, -0.05250294, -0.05345359, -0.05268443, -0.05686043, 0.03248744, 0.03046701, 0.0318851, 0.02773333, 0.02750548, 0.02929813, 0.02371252, 0.02876124, 0.02451851, 0.02768254, 0.02895004, 0.02385061, 0.02426077, 0.0272074, 0.02847469, 0.02897438], "atomic dipole moments": [[0.06938389, -0.07321464, 0.0040151], [0.02032048, 0.10083021, -0.03567783], [0.00776037, -0.0369063, 0.09233232], [0.02868317, 0.09937083, -0.03332324], [-0.04974251, 0.04084683, 0.08957591], [-0.09326732, 0.01011817, -0.05987888], [-0.02860824, -0.10042124, 0.03236554], [0.05094055, -0.04216865, -0.09062208], [0.02253966, 0.092062, 0.08303136], [-0.1116591, -0.04606582, 0.02921705], [-0.00929194, 0.04970926, -0.11557691], [0.0018858, -0.04452077, 0.11599822], [-0.04327548, -0.09284027, -0.06602313], [-0.01201548, 0.04276501, -0.11625158], [-0.04268236, -0.08589498, -0.07669038], [0.00680656, -0.05842377, 0.10933753], [0.07245589, -0.09854533, 0.00340164], [-0.00085761, 0.03467291, -0.1181265], [0.02160432, -0.04239369, 0.11360794], [0.10977114, 0.03240549, -0.04314054], [0.0474081, 0.08324838, 0.07623234], [-0.00332127, 0.05601163, -0.10944341], [-0.06591206, 0.10418484, -0.00336533], [0.00260186, -0.03098165, 0.12045491]], "atomic quadrupole moments": [[0.05233843, -0.16091021, 0.07377241, 0.00786515, -0.0156771, -0.12611084], [0.17426984, -0.08768444, 0.01049003, -0.08420472, -0.03849192, -0.18475987], [0.0987739, 0.01072664, 0.07162831, -0.03407566, 0.09428867, -0.17040221], [0.1856482, -0.05899275, 0.00780953, -0.09343817, -0.01675989, -0.19345772], [0.10627555, 0.15889215, -0.0217899, -0.01844823, 0.11347903, -0.08448565], [-0.04049881, -0.06061871, 0.15502308, 0.06456429, 0.14264537, -0.11452427], [0.17042346, -0.08216202, 0.01866348, -0.09324057, -0.00823229, -0.18908694], [0.1293023, 0.14408726, -0.04903772, -0.03223613, 0.10829304, -0.08026457], [-0.02499859, 0.01776175, 0.01924657, 0.03457073, 0.0543936, 0.00575202], [0.05446001, 0.0402694, -0.00603707, -0.02889446, -0.01379555, -0.04842294], [-0.04279261, -0.01024564, -0.02515795, -0.00739673, -0.03809983, 0.06795056], [-0.01958895, -0.0139027, -0.03369644, 0.00965918, -0.01941385, 0.05328539], [-0.00484168, 0.00965446, 0.00749394, 0.01394548, 0.05038264, -0.00265225], [-0.02447528, -0.00116024, -0.00237881, 0.00541909, -0.01543731, 0.02685409], [-0.00625967, 0.01810757, -0.0025314, 0.02299543, 0.04266701, 0.00879107], [-0.015714, -0.0126472, -0.03559311, 0.00069611, -0.02815862, 0.05130711], [0.00476174, -0.03662987, 0.03303571, 0.00958024, -0.00780351, -0.03779745], [-0.02271666, 0.01513064, -0.01855468, 0.01547762, -0.03551179, 0.04127135], [-0.04979509, -0.00567762, 0.00017808, 0.00014111, -0.02330756, 0.04961701], [0.03368675, 0.02254662, -0.01493454, -0.03752047, -0.00604173, -0.01875221], [-0.00916875, 0.01592632, -0.0001176, 0.02175669, 0.04420602, 0.00928636], [-0.01326565, -0.01665446, -0.03499314, 0.00076349, -0.029912, 0.04825878], [0.01311594, -0.03704175, 0.02542706, 0.00992076, -0.0105845, -0.03854301], [-0.02496976, 0.01297634, -0.01705714, 0.01203812, -0.03769323, 0.0420269]], "number of molecular orbitals": 48, "number of electrons": 48, "number of unpaired electrons": 0, "orbital energies/eV": [-17.0997654, -16.73758569, -16.44757664, -16.23765914, -15.57520953, -15.37166758, -14.96915372, -14.79733222, -14.0379227, -13.73179397, -13.49196965, -13.37167948, -13.17403461, -13.05856637, -12.75260753, -12.48979843, -12.18006511, -12.08337693, -11.77987718, -11.75756517, -11.52916928, -11.21328111, -11.0786506, -11.01624546, 1.63286405, 2.05121389, 2.39624393, 2.83144347, 2.9724678, 3.03985192, 3.49971044, 3.97624434, 4.1327895, 4.45674773, 4.73728728, 4.81838269, 5.14653057, 5.42917341, 5.51626544, 5.78067429, 6.01115096, 6.85989379, 7.06985842, 7.52844811, 7.75410974, 8.01272203, 8.28649934, 8.34313324], "fractional occupation": [2.0, 2.0, 2.0, 2.0, 2.0, 2.0, 2.0, 2.0, 2.0, 2.0, 2.0, 2.0, 2.0, 2.0, 2.0, 2.0, 2.0, 2.0, 2.0, 2.0, 2.0, 2.0, 2.0, 2.0, 0.0, 0.0, 0.0, 0.0, 0.0, 0.0, 0.0, 0.0, 0.0, 0.0, 0.0, 0.0, 0.0, 0.0, 0.0, 0.0, 0.0, 0.0, 0.0, 0.0, 0.0, 0.0, 0.0, 0.0], "program call": "xtb /home/svss/Project-DBcg-Debug/aqme2_20220329/End-to-End-workflows-final/example-3/QDESCP/mol_948_rdkit_conf_1/mol_948_rdkit_conf_1.xyz --pop --wbo --acc 0.2 --gfn 2 --chrg 0 --uhf 0 --etemp 300 --input /home/svss/Project-DBcg-Debug/aqme2_20220329/End-to-End-workflows-final/example-3/QDESCP/mol_948_rdkit_conf_1/mol_948_rdkit_conf_1_xtb.inp", "method": "GFN2-xTB", "xtb version": "6.3.3 (7355c4f)", "Dipole module/D": 0.039, "Total charge": 0, "Transition dipole module/D": NaN, "HOMO": -11.0162, "LUMO": 1.6329, "HOMO occupancy": 2.0, "LUMO occupancy": 0, "mulliken charges": [-0.08352, -0.04482, -0.01366, -0.0511, -0.04399, -0.04581, -0.04398, -0.05177, 0.02662, 0.02813, 0.02671, 0.02238, 0.02337, 0.01996, 0.0237, 0.02255, 0.02387, 0.02204, 0.02239, 0.02365, 0.02384, 0.022, 0.02476, 0.02267], "cm5 charges": [-0.23408, -0.1552, -0.08329, -0.15877, -0.15358, -0.15538, -0.15361, -0.15947, 0.0784, 0.0789, 0.07815, 0.07756, 0.07836, 0.07947, 0.07857, 0.07851, 0.0781, 0.07735, 0.07772, 0.0779, 0.07806, 0.07732, 0.08033, 0.07868], "FUKUI+": [0.018, -0.027, -0.038, -0.004, 0.003, 0.019, 0.008, 0.005, -0.039, -0.074, -0.047, -0.062, -0.06, -0.078, -0.056, -0.065, -0.074, -0.06, -0.061, -0.071, -0.066, -0.055, -0.052, -0.062], "FUKUI-": [0.016, 0.008, -0.015, 0.005, 0.005, 0.001, 0.003, 0.0, -0.062, -0.061, -0.049, -0.056, -0.084, -0.05, -0.07, -0.051, -0.092, -0.056, -0.054, -0.067, -0.086, -0.054, -0.079, -0.052], "FUKUIrad": [0.017, -0.009, -0.027, 0.0, 0.004, 0.01, 0.005, 0.003, -0.051, -0.068, -0.048, -0.059, -0.072, -0.064, -0.063, -0.058, -0.083, -0.058, -0.058, -0.069, -0.076, -0.055, -0.066, -0.057], "s proportion": [1.007, 1.032, 1.058, 1.033, 1.028, 1.027, 1.028, 1.032, 0.973, 0.972, 0.973, 0.978, 0.977, 0.98, 0.976, 0.977, 0.976, 0.978, 0.978, 0.976, 0.976, 0.978, 0.975, 0.977], "p proportion": [3.076, 3.013, 2.956, 3.018, 3.016, 3.019, 3.016, 3.02, 0.0, 0.0, 0.0, 0.0, 0.0, 0.0, 0.0, 0.0, 0.0, 0.0, 0.0, 0.0, 0.0, 0.0, 0.0, 0.0], "d proportion": [0.0, 0.0, 0.0, 0.0, 0.0, 0.0, 0.0, 0.0, 0.0, 0.0, 0.0, 0.0, 0.0, 0.0, 0.0, 0.0, 0.0, 0.0, 0.0, 0.0, 0.0, 0.0, 0.0, 0.0], "Fermi-level/eV": -4.6917, "Coordination numbers": [3.749, 3.801, 3.85, 3.804, 3.802, 3.803, 3.802, 3.803, 0.924, 0.924, 0.924, 0.924, 0.924, 0.923, 0.924, 0.924, 0.924, 0.924, 0.924, 0.924, 0.924, 0.924, 0.924, 0.924], "Dispersion coefficient C6": [22.455, 21.571, 20.871, 21.601, 21.515, 21.532, 21.519, 21.595, 2.551, 2.58, 2.56, 2.619, 2.622, 2.597, 2.678, 2.604, 2.666, 2.62, 2.602, 2.676, 2.67, 2.627, 2.608, 2.601], "Total dispersion C6": 3962.970324, "Total dispersion C8": 83791.420583, "Polarizability alpha": [6.759, 6.613, 6.498, 6.617, 6.604, 6.606, 6.604, 6.616, 2.498, 2.512, 2.502, 2.531, 2.532, 2.52, 2.559, 2.524, 2.553, 2.531, 2.522, 2.558, 2.555, 2.535, 2.526, 2.522], "Total polarizability alpha": 93.396661, "Wiberg matrix": [[0.0, 1.0201143837540572, 0.0, 0.0, 0.0, 0.0, 0.0, 0.0, 0.986055929391406, 0.9870415265280398, 0.9874818698695389, 0.0, 0.0, 0.0, 0.0, 0.0, 0.0, 0.0, 0.0, 0.0, 0.0, 0.0, 0.0, 0.0], [1.0201143837540572, 0.0, 0.9949311328143405, 0.0, 0.0, 0.0, 0.0, 0.0, 0.0, 0.0, 0.0, 0.977413242595039, 0.9770221282412499, 0.0, 0.0, 0.0, 0.0, 0.0, 0.0, 0.0, 0.0, 0.0, 0.0, 0.0], [0.0, 0.9949311328143405, 0.0, 0.9958356589406211, 0.0, 0.0, 0.0, 0.9975873132125794, 0.0, 0.0, 0.0, 0.0, 0.0, 0.9680546643893576, 0.0, 0.0, 0.0, 0.0, 0.0, 0.0, 0.0, 0.0, 0.0, 0.0], [0.0, 0.0, 0.9958356589406211, 0.0, 1.0082557624919581, 0.0, 0.0, 0.0, 0.0, 0.0, 0.0, 0.0, 0.0, 0.0, 0.9769646299211268, 0.9771686423829525, 0.0, 0.0, 0.0, 0.0, 0.0, 0.0, 0.0, 0.0], [0.0, 0.0, 0.0, 1.0082557624919581, 0.0, 1.009085136643607, 0.0, 0.0, 0.0, 0.0, 0.0, 0.0, 0.0, 0.0, 0.0, 0.0, 0.977289205226635, 0.9779485341924886, 0.0, 0.0, 0.0, 0.0, 0.0, 0.0], [0.0, 0.0, 0.0, 0.0, 1.009085136643607, 0.0, 1.0092363684989574, 0.0, 0.0, 0.0, 0.0, 0.0, 0.0, 0.0, 0.0, 0.0, 0.0, 0.0, 0.9778083829084692, 0.9774863542016101, 0.0, 0.0, 0.0, 0.0], [0.0, 0.0, 0.0, 0.0, 0.0, 1.0092363684989574, 0.0, 1.0075863017703803, 0.0, 0.0, 0.0, 0.0, 0.0, 0.0, 0.0, 0.0, 0.0, 0.0, 0.0, 0.0, 0.9774020871345752, 0.978091684438673, 0.0, 0.0], [0.0, 0.0, 0.9975873132125794, 0.0, 0.0, 0.0, 1.0075863017703803, 0.0, 0.0, 0.0, 0.0, 0.0, 0.0, 0.0, 0.0, 0.0, 0.0, 0.0, 0.0, 0.0, 0.0, 0.0, 0.9748931655044016, 0.9771870130796632], [0.986055929391406, 0.0, 0.0, 0.0, 0.0, 0.0, 0.0, 0.0, 0.0, 0.0, 0.0, 0.0, 0.0, 0.0, 0.0, 0.0, 0.0, 0.0, 0.0, 0.0, 0.0, 0.0, 0.0, 0.0], [0.9870415265280398, 0.0, 0.0, 0.0, 0.0, 0.0, 0.0, 0.0, 0.0, 0.0, 0.0, 0.0, 0.0, 0.0, 0.0, 0.0, 0.0, 0.0, 0.0, 0.0, 0.0, 0.0, 0.0, 0.0], [0.9874818698695389, 0.0, 0.0, 0.0, 0.0, 0.0, 0.0, 0.0, 0.0, 0.0, 0.0, 0.0, 0.0, 0.0, 0.0, 0.0, 0.0, 0.0, 0.0, 0.0, 0.0, 0.0, 0.0, 0.0], [0.0, 0.977413242595039, 0.0, 0.0, 0.0, 0.0, 0.0, 0.0, 0.0, 0.0, 0.0, 0.0, 0.0, 0.0, 0.0, 0.0, 0.0, 0.0, 0.0, 0.0, 0.0, 0.0, 0.0, 0.0], [0.0, 0.9770221282412499, 0.0, 0.0, 0.0, 0.0, 0.0, 0.0, 0.0, 0.0, 0.0, 0.0, 0.0, 0.0, 0.0, 0.0, 0.0, 0.0, 0.0, 0.0, 0.0, 0.0, 0.0, 0.0], [0.0, 0.0, 0.9680546643893576, 0.0, 0.0, 0.0, 0.0, 0.0, 0.0, 0.0, 0.0, 0.0, 0.0, 0.0, 0.0, 0.0, 0.0, 0.0, 0.0, 0.0, 0.0, 0.0, 0.0, 0.0], [0.0, 0.0, 0.0, 0.9769646299211268, 0.0, 0.0, 0.0, 0.0, 0.0, 0.0, 0.0, 0.0, 0.0, 0.0, 0.0, 0.0, 0.0, 0.0, 0.0, 0.0, 0.0, 0.0, 0.0, 0.0], [0.0, 0.0, 0.0, 0.9771686423829525, 0.0, 0.0, 0.0, 0.0, 0.0, 0.0, 0.0, 0.0, 0.0, 0.0, 0.0, 0.0, 0.0, 0.0, 0.0, 0.0, 0.0, 0.0, 0.0, 0.0], [0.0, 0.0, 0.0, 0.0, 0.977289205226635, 0.0, 0.0, 0.0, 0.0, 0.0, 0.0, 0.0, 0.0, 0.0, 0.0, 0.0, 0.0, 0.0, 0.0, 0.0, 0.0, 0.0, 0.0, 0.0], [0.0, 0.0, 0.0, 0.0, 0.9779485341924886, 0.0, 0.0, 0.0, 0.0, 0.0, 0.0, 0.0, 0.0, 0.0, 0.0, 0.0, 0.0, 0.0, 0.0, 0.0, 0.0, 0.0, 0.0, 0.0], [0.0, 0.0, 0.0, 0.0, 0.0, 0.9778083829084692, 0.0, 0.0, 0.0, 0.0, 0.0, 0.0, 0.0, 0.0, 0.0, 0.0, 0.0, 0.0, 0.0, 0.0, 0.0, 0.0, 0.0, 0.0], [0.0, 0.0, 0.0, 0.0, 0.0, 0.9774863542016101, 0.0, 0.0, 0.0, 0.0, 0.0, 0.0, 0.0, 0.0, 0.0, 0.0, 0.0, 0.0, 0.0, 0.0, 0.0, 0.0, 0.0, 0.0], [0.0, 0.0, 0.0, 0.0, 0.0, 0.0, 0.9774020871345752, 0.0, 0.0, 0.0, 0.0, 0.0, 0.0, 0.0, 0.0, 0.0, 0.0, 0.0, 0.0, 0.0, 0.0, 0.0, 0.0, 0.0], [0.0, 0.0, 0.0, 0.0, 0.0, 0.0, 0.978091684438673, 0.0, 0.0, 0.0, 0.0, 0.0, 0.0, 0.0, 0.0, 0.0, 0.0, 0.0, 0.0, 0.0, 0.0, 0.0, 0.0, 0.0], [0.0, 0.0, 0.0, 0.0, 0.0, 0.0, 0.0, 0.9748931655044016, 0.0, 0.0, 0.0, 0.0, 0.0, 0.0, 0.0, 0.0, 0.0, 0.0, 0.0, 0.0, 0.0, 0.0, 0.0, 0.0], [0.0, 0.0, 0.0, 0.0, 0.0, 0.0, 0.0, 0.9771870130796632, 0.0, 0.0, 0.0, 0.0, 0.0, 0.0, 0.0, 0.0, 0.0, 0.0, 0.0, 0.0, 0.0, 0.0, 0.0, 0.0]], "Born radii": [], "Atomic SASAs": [], "Solvent H bonds": [], "Total SASA": NaN, "Total FOD": 0.0, "FOD": [0.0, 0.0, 0.0, 0.0, 0.0, 0.0, 0.0, 0.0, 0.0, 0.0, 0.0, 0.0, 0.0, 0.0, 0.0, 0.0, 0.0, 0.0, 0.0, 0.0, 0.0, 0.0, 0.0, 0.0], "FOD s proportion": [0.0, 0.0, 0.0, 0.0, 0.0, 0.0, 0.0, 0.0, 0.0, 0.0, 0.0, 0.0, 0.0, 0.0, 0.0, 0.0, 0.0, 0.0, 0.0, 0.0, 0.0, 0.0, 0.0, 0.0], "FOD p proportion": [0.0, 0.0, 0.0, 0.0, 0.0, 0.0, 0.0, 0.0, 0.0, 0.0, 0.0, 0.0, 0.0, 0.0, 0.0, 0.0, 0.0, 0.0, 0.0, 0.0, 0.0, 0.0, 0.0, 0.0], "FOD d proportion": [0.0, 0.0, 0.0, 0.0, 0.0, 0.0, 0.0, 0.0, 0.0, 0.0, 0.0, 0.0, 0.0, 0.0, 0.0, 0.0, 0.0, 0.0, 0.0, 0.0, 0.0, 0.0, 0.0, 0.0], "coordinates": [["-2.96130", "0.51890", "0.15720"], ["-1.91750", "-0.58710", "0.22060"], ["-0.52520", "-0.15180", "-0.27280"], ["0.41090", "-1.37200", "-0.32320"], ["1.81960", "-0.99470", "-0.77360"], ["2.41140", "0.10420", "0.10130"], ["1.49880", "1.32390", "0.15470"], ["0.08480", "0.95650", "0.60130"], ["-2.73900", "1.32310", "0.86430"], ["-3.94730", "0.11830", "0.41420"], ["-3.02140", "0.94590", "-0.84880"], ["-1.85310", "-0.96040", "1.25000"], ["-2.27020", "-1.42330", "-0.39600"], ["-0.62950", "0.23640", "-1.29530"], ["0.00560", "-2.12510", "-1.00960"], ["0.46350", "-1.84150", "0.66760"], ["2.46570", "-1.87920", "-0.74160"], ["1.79130", "-0.65710", "-1.81700"], ["2.56770", "-0.28050", "1.11660"], ["3.39450", "0.39500", "-0.28540"], ["1.91900", "2.06810", "0.84070"], ["1.45670", "1.79190", "-0.83660"], ["-0.53480", "1.85900", "0.56210"], ["0.10980", "0.63130", "1.64920"]], "bond_dist": [[0.0, 1.5220952664008913, 2.563068805163061, 3.895897818218543, 5.100429237819108, 5.388970791347825, 4.532165405189885, 3.1092513214598787, 1.0936842963122402, 1.09486316953307, 1.094521361143765, 2.1472418517717093, 2.1344297341444625, 2.7616758933662005, 4.141817698788782, 4.1906146756770655, 6.000921100131212, 5.278981757877176, 5.668273963033191, 6.372396692767958, 5.165706242131854, 4.703922984063409, 2.8013772095167764, 3.4161898322546422], [1.5220952664008913, 0.0, 1.539944460037439, 2.5165915461194728, 3.888507144136423, 4.385373802767559, 3.9150184546180617, 2.5567242205603637, 2.176712195031764, 2.157581553499195, 2.1707834000655155, 1.0968886041891401, 1.0971888123746067, 2.1529164080381755, 2.752662284044303, 2.7280926230610283, 4.669881528475857, 4.232246590169339, 4.584085361334363, 5.42567050326501, 4.70673382506383, 4.261752982048584, 2.8305276451573476, 2.7632122267390176], [2.563068805163061, 1.539944460037439, 0.0, 1.5387369528285204, 2.541528691555537, 2.9713812225966563, 2.5410672442892968, 1.537686476496428, 2.892963335405411, 3.5008129655838514, 2.787065792190776, 2.1762518719118886, 2.162617740147343, 1.0986737368300017, 2.172219088858212, 2.1718577163341064, 3.4855655222646442, 2.8294971249322733, 3.393085094718374, 3.957675718145689, 3.4845303700785846, 2.8326255912139184, 2.177261309535445, 2.170381213059125], [3.895897818218543, 2.5165915461194728, 1.5387369528285204, 0.0, 1.52631947507722, 2.5221750415068342, 2.9461486096257943, 2.5264508128993923, 4.312260459434239, 4.664617893246992, 4.174877131126136, 2.7874843138572096, 2.6825787481451497, 2.1481064056512658, 1.0966187395808993, 1.0976710117334791, 2.15743214030013, 2.155927784041015, 2.813571134696971, 3.4677927850435357, 3.932342410065533, 3.3715783262442534, 3.481015021513122, 2.827407621833117], [5.100429237819108, 3.888507144136423, 2.541528691555537, 1.52631947507722, 0.0, 1.5242238877540268, 2.518046760884317, 2.950773202060775, 5.369892662800627, 5.992226084686725, 5.21601997695561, 4.1934304262739355, 4.1294967925886565, 2.79031699095282, 2.1503711679614756, 2.152471809339207, 1.0958145189766375, 1.097022429123489, 2.1546673269904106, 2.1563662351279755, 3.4636091999531353, 2.81083705860016, 3.933306184369582, 3.381900631301872], [5.388970791347825, 4.385373802767559, 2.9713812225966563, 2.5221750415068342, 1.5242238877540268, 0.0, 1.5242566745794488, 2.527742639194109, 5.34738313289781, 6.366409577619084, 5.579109672698682, 4.5429995707681945, 4.949539584648252, 3.34888656272499, 3.462910761194981, 2.8108288083766326, 2.1557607613091023, 2.154988767952167, 1.0969311145190477, 1.0957130737560814, 2.1554751981871654, 2.153935883446859, 3.460022271604621, 2.823329839037586], [4.532165405189885, 3.9150184546180617, 2.5410672442892968, 2.9461486096257943, 2.518046760884317, 1.5242566745794488, 0.0, 1.5276879000633603, 4.296798999255143, 5.5839785834116515, 4.645654344653721, 4.201540454404789, 4.69635383356067, 2.7954994437488265, 3.934570081978462, 3.369669072772577, 3.4638272055632338, 2.810252326749326, 2.154506481772566, 2.1564372724473113, 1.095900396933955, 1.0970287598782449, 2.1419233716452135, 2.1546568195422675], [3.1092513214598787, 2.5567242205603637, 1.537686476496428, 2.5264508128993923, 2.950773202060775, 2.527742639194109, 1.5276879000633603, 0.0, 2.8596172820851393, 4.122549703763436, 3.428028706122514, 2.801923216292695, 3.4934338880247897, 2.1507812673537954, 3.478150371964962, 2.8242898895120523, 3.9386875618662622, 3.371056525779418, 2.821435007225933, 3.4721222947932002, 2.158067783921534, 2.1558198394114476, 1.0954209464858704, 1.0974855124328522], [1.0936842963122402, 2.176712195031764, 2.892963335405411, 4.312260459434239, 5.369892662800627, 5.34738313289781, 4.296798999255143, 2.8596172820851393, 0.0, 1.7646874907472994, 1.7767220407255602, 2.4795071183604214, 3.0579147290269555, 3.208547849105573, 4.7889887878340245, 4.506594090885044, 6.31842877541561, 5.624427065933027, 5.549437191283454, 6.308962034281075, 4.717260429528986, 4.5515637686404, 2.2884517233273676, 3.0348503571016474], [1.09486316953307, 2.157581553499195, 3.5008129655838514, 4.664617893246992, 5.992226084686725, 6.366409577619084, 5.5839785834116515, 4.122549703763436, 1.7646874907472994, 0.0, 1.771265527807731, 2.4995657562864793, 2.417771496647274, 3.734184609791005, 4.762926454397548, 4.833237449163863, 6.815603340130645, 6.205725466051492, 6.564878688902027, 7.380245950508694, 6.196539193775829, 5.793846183667633, 3.833675410099295, 4.27182097120186], [1.094521361143765, 2.1707834000655155, 2.787065792190776, 4.174877131126136, 5.21601997695561, 5.579109672698682, 4.645654344653721, 3.428028706122514, 1.7767220407255602, 1.771265527807731, 0.0, 3.06657235688317, 2.526348732855383, 2.5345488967467165, 4.315046539725846, 4.713130141424061, 6.172596557365465, 5.164213544190441, 6.050197759577782, 6.464107299542605, 5.340533236484911, 4.55732865284039, 3.001261398145786, 4.017883846006502], [2.1472418517717093, 1.0968886041891401, 2.1762518719118886, 2.7874843138572096, 4.1934304262739355, 4.5429995707681945, 4.201540454404789, 2.801923216292695, 2.4795071183604214, 2.4995657562864793, 3.06657235688317, 0.0, 1.7599900056534412, 3.0672592472759783, 3.1491401905917114, 2.5460091378469167, 4.8438308640992, 4.772853575168633, 4.474766162605595, 5.633104657291573, 4.854696401424089, 4.7837047243741955, 3.1874970839202343, 2.5584850869215554], [2.1344297341444625, 1.0971888123746067, 2.162617740147343, 2.6825787481451497, 4.1294967925886565, 4.949539584648252, 4.69635383356067, 3.4934338880247897, 3.0579147290269555, 2.417771496647274, 2.526348732855383, 1.7599900056534412, 0.0, 2.501047994341572, 2.4593279244541586, 2.9629802378686225, 4.770328393307949, 4.370593288101742, 5.1960780411768255, 5.950401107488469, 5.591842048019597, 4.941803619125309, 3.8344572053942656, 3.7508164711166554], [2.7616758933662005, 2.1529164080381755, 1.0986737368300017, 2.1481064056512658, 2.79031699095282, 3.34888656272499, 2.7954994437488265, 2.1507812673537954, 3.208547849105573, 3.734184609791005, 2.5345488967467165, 3.0672592472759783, 2.501047994341572, 0.0, 2.4620436125300467, 3.0602767554585646, 3.789803436855268, 2.632638558556795, 4.038135096799016, 4.151822246917611, 3.7963763169633222, 2.642388385533058, 2.468143757968729, 3.0614687243217102], [4.141817698788782, 2.752662284044303, 2.172219088858212, 1.0966187395808993, 2.1503711679614756, 3.462910761194981, 3.934570081978462, 3.478150371964962, 4.7889887878340245, 4.762926454397548, 4.315046539725846, 3.1491401905917114, 2.4593279244541586, 2.4620436125300467, 0.0, 1.7615621504789436, 2.486841937076018, 2.448600263415815, 3.8062622098326333, 4.2848585577589375, 4.966652382641652, 4.180730702879582, 4.31686528165983, 3.831163797072634], [4.1906146756770655, 2.7280926230610283, 2.1718577163341064, 1.0976710117334791, 2.152471809339207, 2.8108288083766326, 3.369669072772577, 2.8242898895120523, 4.506594090885044, 4.833237449163863, 4.713130141424061, 2.5460091378469167, 2.9629802378686225, 3.0602767554585646, 1.7615621504789436, 0.0, 2.448687560714923, 3.0559930235522463, 2.65819104655779, 3.8080050223181168, 4.175334240512967, 4.055941252040024, 3.834244826559723, 2.6839117142707956], [6.000921100131212, 4.669881528475857, 3.4855655222646442, 2.15743214030013, 1.0958145189766375, 2.1557607613091023, 3.4638272055632338, 3.9386875618662622, 6.31842877541561, 6.815603340130645, 6.172596557365465, 4.8438308640992, 4.770328393307949, 3.789803436855268, 2.486841937076018, 2.448687560714923, 0.0, 1.762052476517087, 2.4533962032252354, 2.4985542859821956, 4.287625388253969, 3.8084224043559036, 4.967572161529211, 4.191515203360236], [5.278981757877176, 4.232246590169339, 2.8294971249322733, 2.155927784041015, 1.097022429123489, 2.154988767952167, 2.810252326749326, 3.371056525779418, 5.624427065933027, 6.205725466051492, 5.164213544190441, 4.772853575168633, 4.370593288101742, 2.632638558556795, 2.448600263415815, 3.0559930235522463, 1.762052476517087, 0.0, 3.0578805535860947, 2.454172612103721, 3.808725721287896, 2.659086745482366, 4.171524569027492, 4.062260362162918], [5.668273963033191, 4.584085361334363, 3.393085094718374, 2.813571134696971, 2.1546673269904106, 1.0969311145190477, 2.154506481772566, 2.821435007225933, 5.549437191283454, 6.564878688902027, 6.050197759577782, 4.474766162605595, 5.1960780411768255, 4.038135096799016, 3.8062622098326333, 2.65819104655779, 2.4533962032252354, 3.0578805535860947, 0.0, 1.7622435955338298, 2.452112244576092, 3.0568207340307016, 3.8092567188363664, 2.6751288585785917], [6.372396692767958, 5.42567050326501, 3.957675718145689, 3.4677927850435357, 2.1563662351279755, 1.0957130737560814, 2.1564372724473113, 3.4721222947932002, 6.308962034281075, 7.380245950508694, 6.464107299542605, 5.633104657291573, 5.950401107488469, 4.151822246917611, 4.2848585577589375, 3.8080050223181168, 2.4985542859821956, 2.454172612103721, 1.7622435955338298, 0.0, 2.4988927688078175, 2.4515749815169836, 4.277961049378547, 3.8193937922136283], [5.165706242131854, 4.70673382506383, 3.4845303700785846, 3.932342410065533, 3.4636091999531353, 2.1554751981871654, 1.095900396933955, 2.158067783921534, 4.717260429528986, 6.196539193775829, 5.340533236484911, 4.854696401424089, 5.591842048019597, 3.7963763169633222, 4.966652382641652, 4.175334240512967, 4.287625388253969, 3.808725721287896, 2.452112244576092, 2.4988927688078175, 0.0, 1.7616307842450982, 2.478401745076855, 2.4477073211476896], [4.703922984063409, 4.261752982048584, 2.8326255912139184, 3.3715783262442534, 2.81083705860016, 2.153935883446859, 1.0970287598782449, 2.1558198394114476, 4.5515637686404, 5.793846183667633, 4.55732865284039, 4.7837047243741955, 4.941803619125309, 2.642388385533058, 4.180730702879582, 4.055941252040024, 3.8084224043559036, 2.659086745482366, 3.0568207340307016, 2.4515749815169836, 1.7616307842450982, 0.0, 2.434530005976513, 3.0561959377631536], [2.8013772095167764, 2.8305276451573476, 2.177261309535445, 3.481015021513122, 3.933306184369582, 3.460022271604621, 2.1419233716452135, 1.0954209464858704, 2.2884517233273676, 3.833675410099295, 3.001261398145786, 3.1874970839202343, 3.8344572053942656, 2.468143757968729, 4.31686528165983, 3.834244826559723, 4.967572161529211, 4.171524569027492, 3.8092567188363664, 4.277961049378547, 2.478401745076855, 2.434530005976513, 0.0, 1.7619712994257313], [3.4161898322546422, 2.7632122267390176, 2.170381213059125, 2.827407621833117, 3.381900631301872, 2.823329839037586, 2.1546568195422675, 1.0974855124328522, 3.0348503571016474, 4.27182097120186, 4.017883846006502, 2.5584850869215554, 3.7508164711166554, 3.0614687243217102, 3.831163797072634, 2.6839117142707956, 4.191515203360236, 4.062260362162918, 2.6751288585785917, 3.8193937922136283, 2.4477073211476896, 3.0561959377631536, 1.7619712994257313, 0.0]]}