{"total energy": -24.04707404, "HOMO-LUMO gap/eV": 11.69849999, "electronic energy": -24.34420893, "dipole": [-0.50940223, 0.10159939, -0.41577062], "partial charges": [-0.10062813, -0.05734868, -0.02324606, -0.06079817, -0.10206269, 0.08353434, -0.44830349, 0.03370159, 0.03261508, 0.03026906, 0.02814139, 0.0506031, 0.04603712, 0.02955744, 0.04108579, 0.03584701, 0.02844102, 0.03420559, 0.01470357, 0.02044093, 0.2832042], "atomic dipole moments": [[-0.0563883, 0.08352405, -0.01419377], [-0.05562222, -0.10562877, 0.03530511], [-0.0143646, 0.04900801, -0.09935936], [-0.05437797, 0.06121567, 0.08429017], [0.0977644, 0.02192081, -0.02279336], [0.12596941, 0.07241972, 0.13547001], [-0.17193465, -0.04023019, -0.16732004], [-0.01317901, -0.04699171, 0.11679647], [0.12059419, 0.02716489, -0.01504536], [-0.02480992, -0.08903238, -0.08397094], [0.01736415, 0.03842889, -0.11673417], [0.05612343, 0.08942058, 0.06921924], [-0.00296303, -0.03707762, 0.12146952], [0.00704142, 0.02784935, -0.1212294], [0.05357063, -0.11020369, 0.00866871], [-0.01686653, -0.02735044, 0.12265319], [-0.07457807, 0.0962621, -0.03255801], [-0.04048793, -0.0974103, -0.06502207], [0.00690987, 0.05368083, -0.10566879], [-0.11137601, 0.0005208, 0.03826698], [-0.04661564, 0.06165757, -0.01677732]], "atomic quadrupole moments": [[-0.0048037, -0.14114685, 0.12529616, 0.02807239, -0.04133398, -0.12049246], [0.15788475, -0.10964283, 0.03715304, -0.06377559, -0.05887482, -0.19503779], [0.08543567, -0.02102609, 0.10023402, 0.01523556, 0.08402612, -0.18566968], [0.16244047, 0.12252704, -0.07791007, -0.00618652, 0.12312171, -0.0845304], [0.19683905, 0.05229095, -0.09250821, -0.07927753, 0.00102688, -0.10433084], [-0.11992589, 0.10007981, 0.1778753, 0.2336728, 0.27361279, -0.0579494], [-0.03054763, 0.05311681, 0.02698843, 0.10258673, 0.10661578, 0.0035592], [-0.0402833, -0.00276051, -0.02491402, -0.02688901, -0.03388297, 0.06519731], [0.07032552, 0.0301031, -0.01561662, -0.01638306, -0.00531074, -0.0547089], [-0.0287127, 0.01871892, 0.01657737, 0.03850732, 0.0510035, 0.01213533], [-0.02558374, -0.01282864, -0.03128791, -0.00119929, -0.01889705, 0.05687164], [-0.00655708, 0.00199943, 0.00981633, 0.01809037, 0.04589702, -0.00325925], [-0.01390988, 0.00235604, -0.01409945, -0.0061464, -0.01815542, 0.02800932], [-0.01971803, 0.01087407, -0.023404, 0.00070665, -0.03696387, 0.04312204], [0.0140278, -0.02917659, 0.02957732, 0.01932196, -0.01512533, -0.04360512], [-0.02904214, 0.00127306, -0.04803266, -0.00143786, -0.02297126, 0.0770748], [-0.00532909, -0.04321722, 0.04801544, 0.0054039, -0.02946307, -0.04268635], [-0.01894846, 0.02368498, 0.03275233, 0.01166413, 0.0621171, -0.01380387], [-0.04112534, 0.01249853, -0.00655123, -0.00686051, -0.00654045, 0.04767657], [0.03576258, 0.0304431, -0.00691067, -0.01599958, 0.01747841, -0.02885191], [-0.02310243, -0.08300942, 0.09102897, 0.02935438, -0.00184496, -0.06792654]], "number of molecular orbitals": 42, "number of electrons": 44, "number of unpaired electrons": 0, "orbital energies/eV": [-18.52984239, -17.12885594, -16.55060242, -16.45042064, -15.78869158, -15.457543, -15.13132632, -14.91883967, -14.21118951, -14.03069553, -13.5004242, -13.44027613, -13.17335044, -12.89987058, -12.5316618, -12.42752935, -12.18303606, -11.87219409, -11.56377225, -11.41395754, -11.26538022, -10.95459792, 0.74390207, 1.68685055, 2.03735622, 3.27920388, 3.41171511, 3.58096672, 3.60040404, 4.16824635, 4.58873725, 4.68421654, 5.12049647, 5.26193678, 5.40763725, 5.77196672, 6.56451903, 6.85388053, 7.13925459, 7.49394241, 8.0647187, 8.19921279], "fractional occupation": [2.0, 2.0, 2.0, 2.0, 2.0, 2.0, 2.0, 2.0, 2.0, 2.0, 2.0, 2.0, 2.0, 2.0, 2.0, 2.0, 2.0, 2.0, 2.0, 2.0, 2.0, 2.0, 0.0, 0.0, 0.0, 0.0, 0.0, 0.0, 0.0, 0.0, 0.0, 0.0, 0.0, 0.0, 0.0, 0.0, 0.0, 0.0, 0.0, 0.0, 0.0, 0.0], "program call": "xtb /home/svss/Project-DBcg-Debug/aqme2_20220329/End-to-End-workflows-final/example-3/QDESCP/mol_1100_rdkit_conf_8/mol_1100_rdkit_conf_8.xyz --pop --wbo --acc 0.2 --gfn 2 --chrg 0 --uhf 0 --etemp 300 --input /home/svss/Project-DBcg-Debug/aqme2_20220329/End-to-End-workflows-final/example-3/QDESCP/mol_1100_rdkit_conf_8/mol_1100_rdkit_conf_8_xtb.inp", "method": "GFN2-xTB", "xtb version": "6.3.3 (7355c4f)", "Dipole module/D": 1.691, "Total charge": 0, "Transition dipole module/D": NaN, "HOMO": -10.9546, "LUMO": 0.7439, "HOMO occupancy": 2.0, "LUMO occupancy": 0, "mulliken charges": [-0.08508, -0.04101, -0.02209, -0.05183, -0.08551, 0.19293, -0.56908, 0.02773, 0.02868, 0.02326, 0.01827, 0.04136, 0.03367, 0.02204, 0.02931, 0.02959, 0.02354, 0.03039, 0.00768, 0.01059, 0.33557], "cm5 charges": [-0.23582, -0.15025, -0.08938, -0.16215, -0.23622, 0.10743, -0.78509, 0.0792, 0.07944, 0.075, 0.07385, 0.09999, 0.09486, 0.07733, 0.08522, 0.0811, 0.07535, 0.08115, 0.07074, 0.07456, 0.50369], "FUKUI+": [0.017, 0.006, -0.034, -0.025, 0.027, -0.016, -0.139, -0.03, -0.053, -0.029, -0.041, -0.037, -0.064, -0.056, -0.074, -0.04, -0.027, -0.062, -0.088, -0.094, -0.141], "FUKUI-": [0.02, 0.003, -0.005, 0.005, 0.017, 0.021, -0.103, -0.057, -0.076, -0.085, -0.065, -0.094, -0.055, -0.045, -0.066, -0.041, -0.06, -0.075, -0.085, -0.097, -0.057], "FUKUIrad": [0.018, 0.005, -0.02, -0.01, 0.022, 0.002, -0.121, -0.044, -0.064, -0.057, -0.053, -0.065, -0.059, -0.05, -0.07, -0.041, -0.044, -0.069, -0.086, -0.096, -0.099], "s proportion": [1.008, 1.031, 1.063, 1.032, 1.008, 0.995, 1.695, 0.972, 0.971, 0.977, 0.982, 0.959, 0.966, 0.978, 0.971, 0.97, 0.976, 0.97, 0.992, 0.989, 0.664], "p proportion": [3.077, 3.01, 2.959, 3.02, 3.077, 2.812, 4.874, 0.0, 0.0, 0.0, 0.0, 0.0, 0.0, 0.0, 0.0, 0.0, 0.0, 0.0, 0.0, 0.0, 0.0], "d proportion": [0.0, 0.0, 0.0, 0.0, 0.0, 0.0, 0.0, 0.0, 0.0, 0.0, 0.0, 0.0, 0.0, 0.0, 0.0, 0.0, 0.0, 0.0, 0.0, 0.0, 0.0], "Fermi-level/eV": -5.1053, "Coordination numbers": [3.748, 3.8, 3.846, 3.8, 3.748, 3.675, 1.653, 0.924, 0.924, 0.924, 0.924, 0.924, 0.923, 0.924, 0.924, 0.924, 0.924, 0.924, 0.924, 0.924, 0.804], "Dispersion coefficient C6": [22.488, 21.607, 20.956, 21.67, 22.516, 19.41, 21.81, 2.535, 2.55, 2.583, 2.613, 2.313, 2.37, 2.593, 2.435, 2.505, 2.609, 2.528, 2.815, 2.727, 0.774], "Total dispersion C6": 2913.079813, "Total dispersion C8": 60093.546974, "Polarizability alpha": [6.764, 6.618, 6.512, 6.628, 6.768, 6.313, 6.304, 2.49, 2.497, 2.513, 2.528, 2.378, 2.408, 2.518, 2.44, 2.475, 2.526, 2.486, 2.624, 2.582, 1.382], "Total polarizability alpha": 79.754027, "Wiberg matrix": [[0.0, 1.0205472066212153, 0.0, 0.0, 0.0, 0.0, 0.0, 0.987331142441765, 0.9867720584877544, 0.9856450312345053, 0.0, 0.0, 0.0, 0.0, 0.0, 0.0, 0.0, 0.0, 0.0, 0.0, 0.0], [1.0205472066212153, 0.0, 0.9940144443155303, 0.0, 0.0, 0.0, 0.0, 0.0, 0.0, 0.0, 0.9778807856984688, 0.9751317612832453, 0.0, 0.0, 0.0, 0.0, 0.0, 0.0, 0.0, 0.0, 0.0], [0.0, 0.9940144443155303, 0.0, 0.9954040881399955, 0.0, 0.9932148164433188, 0.0, 0.0, 0.0, 0.0, 0.0, 0.0, 0.966517786071299, 0.0, 0.0, 0.0, 0.0, 0.0, 0.0, 0.0, 0.0], [0.0, 0.0, 0.9954040881399955, 0.0, 1.0197313684366223, 0.0, 0.0, 0.0, 0.0, 0.0, 0.0, 0.0, 0.0, 0.977704765022237, 0.974078483442265, 0.0, 0.0, 0.0, 0.0, 0.0, 0.0], [0.0, 0.0, 0.0, 1.0197313684366223, 0.0, 0.0, 0.0, 0.0, 0.0, 0.0, 0.0, 0.0, 0.0, 0.0, 0.0, 0.9872351423592169, 0.9863836992369868, 0.9867250629994211, 0.0, 0.0, 0.0], [0.0, 0.0, 0.9932148164433188, 0.0, 0.0, 0.0, 0.9873544578445818, 0.0, 0.0, 0.0, 0.0, 0.0, 0.0, 0.0, 0.0, 0.0, 0.0, 0.0, 0.9733960043593344, 0.9714649682566777, 0.0], [0.0, 0.0, 0.0, 0.0, 0.0, 0.9873544578445818, 0.0, 0.0, 0.0, 0.0, 0.0, 0.0, 0.0, 0.0, 0.0, 0.0, 0.0, 0.0, 0.0, 0.0, 0.9069043305145338], [0.987331142441765, 0.0, 0.0, 0.0, 0.0, 0.0, 0.0, 0.0, 0.0, 0.0, 0.0, 0.0, 0.0, 0.0, 0.0, 0.0, 0.0, 0.0, 0.0, 0.0, 0.0], [0.9867720584877544, 0.0, 0.0, 0.0, 0.0, 0.0, 0.0, 0.0, 0.0, 0.0, 0.0, 0.0, 0.0, 0.0, 0.0, 0.0, 0.0, 0.0, 0.0, 0.0, 0.0], [0.9856450312345053, 0.0, 0.0, 0.0, 0.0, 0.0, 0.0, 0.0, 0.0, 0.0, 0.0, 0.0, 0.0, 0.0, 0.0, 0.0, 0.0, 0.0, 0.0, 0.0, 0.0], [0.0, 0.9778807856984688, 0.0, 0.0, 0.0, 0.0, 0.0, 0.0, 0.0, 0.0, 0.0, 0.0, 0.0, 0.0, 0.0, 0.0, 0.0, 0.0, 0.0, 0.0, 0.0], [0.0, 0.9751317612832453, 0.0, 0.0, 0.0, 0.0, 0.0, 0.0, 0.0, 0.0, 0.0, 0.0, 0.0, 0.0, 0.0, 0.0, 0.0, 0.0, 0.0, 0.0, 0.0], [0.0, 0.0, 0.966517786071299, 0.0, 0.0, 0.0, 0.0, 0.0, 0.0, 0.0, 0.0, 0.0, 0.0, 0.0, 0.0, 0.0, 0.0, 0.0, 0.0, 0.0, 0.0], [0.0, 0.0, 0.0, 0.977704765022237, 0.0, 0.0, 0.0, 0.0, 0.0, 0.0, 0.0, 0.0, 0.0, 0.0, 0.0, 0.0, 0.0, 0.0, 0.0, 0.0, 0.0], [0.0, 0.0, 0.0, 0.974078483442265, 0.0, 0.0, 0.0, 0.0, 0.0, 0.0, 0.0, 0.0, 0.0, 0.0, 0.0, 0.0, 0.0, 0.0, 0.0, 0.0, 0.0], [0.0, 0.0, 0.0, 0.0, 0.9872351423592169, 0.0, 0.0, 0.0, 0.0, 0.0, 0.0, 0.0, 0.0, 0.0, 0.0, 0.0, 0.0, 0.0, 0.0, 0.0, 0.0], [0.0, 0.0, 0.0, 0.0, 0.9863836992369868, 0.0, 0.0, 0.0, 0.0, 0.0, 0.0, 0.0, 0.0, 0.0, 0.0, 0.0, 0.0, 0.0, 0.0, 0.0, 0.0], [0.0, 0.0, 0.0, 0.0, 0.9867250629994211, 0.0, 0.0, 0.0, 0.0, 0.0, 0.0, 0.0, 0.0, 0.0, 0.0, 0.0, 0.0, 0.0, 0.0, 0.0, 0.0], [0.0, 0.0, 0.0, 0.0, 0.0, 0.9733960043593344, 0.0, 0.0, 0.0, 0.0, 0.0, 0.0, 0.0, 0.0, 0.0, 0.0, 0.0, 0.0, 0.0, 0.0, 0.0], [0.0, 0.0, 0.0, 0.0, 0.0, 0.9714649682566777, 0.0, 0.0, 0.0, 0.0, 0.0, 0.0, 0.0, 0.0, 0.0, 0.0, 0.0, 0.0, 0.0, 0.0, 0.0], [0.0, 0.0, 0.0, 0.0, 0.0, 0.0, 0.9069043305145338, 0.0, 0.0, 0.0, 0.0, 0.0, 0.0, 0.0, 0.0, 0.0, 0.0, 0.0, 0.0, 0.0, 0.0]], "Born radii": [], "Atomic SASAs": [], "Solvent H bonds": [], "Total SASA": NaN, "Total FOD": 0.0, "FOD": [0.0, 0.0, 0.0, 0.0, 0.0, 0.0, 0.0, 0.0, 0.0, 0.0, 0.0, 0.0, 0.0, 0.0, 0.0, 0.0, 0.0, 0.0, 0.0, 0.0, 0.0], "FOD s proportion": [0.0, 0.0, 0.0, 0.0, 0.0, 0.0, 0.0, 0.0, 0.0, 0.0, 0.0, 0.0, 0.0, 0.0, 0.0, 0.0, 0.0, 0.0, 0.0, 0.0, 0.0], "FOD p proportion": [0.0, 0.0, 0.0, 0.0, 0.0, 0.0, 0.0, 0.0, 0.0, 0.0, 0.0, 0.0, 0.0, 0.0, 0.0, 0.0, 0.0, 0.0, 0.0, 0.0, 0.0], "FOD d proportion": [0.0, 0.0, 0.0, 0.0, 0.0, 0.0, 0.0, 0.0, 0.0, 0.0, 0.0, 0.0, 0.0, 0.0, 0.0, 0.0, 0.0, 0.0, 0.0, 0.0, 0.0], "coordinates": [["2.33690", "-0.89890", "0.15220"], ["1.49360", "0.35110", "-0.06220"], ["-0.00340", "0.16940", "0.28590"], ["-0.66450", "-0.89900", "-0.60940"], ["-2.12600", "-1.17040", "-0.27690"], ["-0.73220", "1.52080", "0.18630"], ["-0.14450", "2.46290", "1.07610"], ["2.20230", "-1.29630", "1.16300"], ["3.39750", "-0.66070", "0.02090"], ["2.08830", "-1.68310", "-0.56830"], ["1.59750", "0.67920", "-1.10380"], ["1.92110", "1.14560", "0.56100"], ["-0.05650", "-0.16450", "1.33110"], ["-0.58550", "-0.60560", "-1.66320"], ["-0.12880", "-1.84860", "-0.50430"], ["-2.25310", "-1.39370", "0.78690"], ["-2.76370", "-0.32030", "-0.53550"], ["-2.48530", "-2.03220", "-0.84890"], ["-0.67620", "1.92140", "-0.83150"], ["-1.78420", "1.42590", "0.46870"], ["-0.63330", "3.29700", "0.97190"]], "bond_dist": [[0.0, 1.523030613612215, 2.576071557624128, 3.0965200677534774, 4.491694053472475, 3.9083865865597276, 4.279326630440822, 1.0944224778393399, 1.0949206774922098, 1.0935684020672873, 2.148173170393858, 2.1260261828114912, 2.767221012134738, 3.4528428591524403, 2.722608827944257, 4.660018361551808, 5.1791726762099755, 5.0537296069338735, 4.242703075870382, 4.742186468286544, 5.205725015787906], [1.523030613612215, 0.0, 1.5476425620924235, 2.5533455426165887, 3.932246495325541, 2.526684780497955, 2.9049608844182395, 2.171934043657864, 2.157656149621621, 2.178938948203919, 1.0969846762831281, 1.0965239349872853, 2.1470766777178687, 2.7930507872217434, 2.7688109830755874, 4.219367101829373, 4.335826811578157, 4.704323648517394, 2.786699951555603, 3.4901321880410205, 3.7777497574614443], [2.576071557624128, 1.5476425620924235, 0.0, 1.5427552819549832, 2.5723993935623604, 1.5386200180681389, 2.4299110066008587, 2.7897479079658796, 3.5107565879735954, 2.9217499516556855, 2.180376788539082, 2.1753957570980043, 1.0985225805599081, 2.176799536016121, 2.170821319224592, 2.784857752202076, 2.9212600260846346, 3.506371516254374, 2.1842038824248986, 2.187111503787587, 3.26331913394936], [3.0965200677534774, 2.5533455426165887, 1.5427552819549832, 0.0, 1.5232191109620443, 2.5481667567096156, 3.796535507538419, 3.393787160385872, 4.117512474783775, 2.8625879654606248, 2.802104673276857, 3.497935488255894, 2.1621041834287267, 1.0967310518080537, 1.0953358662985524, 2.1721030684569276, 2.1787600923461032, 2.1579655071386106, 2.829155609011283, 2.79663864487352, 4.484183217710891], [4.491694053472475, 3.932246495325541, 2.5723993935623604, 1.5232191109620443, 0.0, 3.0659077155061274, 4.354057893505781, 4.563260206256049, 5.554955551577349, 4.255361293709384, 4.23901356685727, 4.737610243572175, 2.8071923802974386, 2.148014660098948, 2.1214320257788133, 1.0943892086456262, 1.0937116896147723, 1.0949793285720055, 3.45958500979525, 2.7227780464077496, 4.872916733333334], [3.9083865865597276, 2.526684780497955, 1.5386200180681389, 2.5481667567096156, 3.0659077155061274, 0.0, 1.4229152258655469, 4.183453782462524, 4.6734057709554815, 4.334699138348589, 2.7928749810902738, 2.7057671777150376, 2.1464793546642835, 2.822011357170626, 3.491973121316944, 3.341880820735533, 2.8350726092994516, 4.094973461452467, 1.0952320302109504, 1.0933708291334647, 1.9446940659137109], [4.279326630440822, 2.9049608844182395, 2.4299110066008587, 3.796535507538419, 4.354057893505781, 1.4229152258655469, 0.0, 4.4324492653610825, 4.839017255600562, 4.98786158589029, 3.3118142610961745, 2.503459738042535, 2.641211797641378, 4.136899532258427, 4.592052144738776, 4.404905692520556, 4.147730155157156, 5.421336887705836, 2.0530136141779476, 2.032958398492207, 0.9723712716858723], [1.0944224778393399, 2.171934043657864, 2.7897479079658796, 3.393787160385872, 4.563260206256049, 4.183453782462524, 4.4324492653610825, 0.0, 1.7711247302208841, 1.7776416764916378, 3.06704508118156, 2.5306823289381857, 2.5320754905808003, 4.029429459613358, 2.918724342927917, 4.472306690064983, 5.338411210275956, 5.153919302821882, 4.755773942272698, 4.87694654266376, 5.4014397580645115], [1.0949206774922098, 2.157656149621621, 3.5107565879735954, 4.117512474783775, 5.554955551577349, 4.6734057709554815, 4.839017255600562, 1.7711247302208841, 0.0, 1.7625161105646667, 2.510036274638277, 2.3946157645852075, 3.7273253788742404, 4.3247563885148494, 3.7578894528711193, 5.749202149863927, 6.19563060228739, 6.102859995936331, 4.89784216364717, 5.603966389085502, 5.728449958758477], [1.0935684020672873, 2.178938948203919, 2.9217499516556855, 2.8625879654606248, 4.255361293709384, 4.334699138348589, 4.98786158589029, 1.7776416764916378, 1.7625161105646667, 0.0, 2.4714583103908514, 3.050379979609098, 3.2425350206281505, 3.083669680753761, 2.2241894388743058, 4.557200166769065, 5.039861474286768, 4.595478661684766, 4.550181835926999, 5.073214587418907, 5.880537272222666], [2.148173170393858, 1.0969846762831281, 2.180376788539082, 2.802104673276857, 4.23901356685727, 2.7928749810902738, 3.3118142610961745, 3.06704508118156, 2.510036274638277, 2.4714583103908514, 0.0, 1.7589215332128947, 3.0620717986356882, 2.594056360220417, 3.1191801454869514, 4.764323798819723, 4.510214028180925, 4.907740805095559, 2.6051717448183718, 3.8034473875682835, 4.017197526883636], [2.1260261828114912, 1.0965239349872853, 2.1753957570980043, 3.497935488255894, 4.737610243572175, 2.7057671777150376, 2.503459738042535, 2.5306823289381857, 2.3946157645852075, 3.050379979609098, 1.7589215332128947, 0.0, 2.494056490940011, 3.781112354850091, 3.7818233353767337, 4.891116533062773, 5.029764020309502, 5.612716972198045, 3.0474397746305013, 3.7170331542777504, 3.364865544119111], [2.767221012134738, 2.1470766777178687, 1.0985225805599081, 2.1621041834287267, 2.8071923802974386, 2.1464793546642835, 2.641211797641378, 2.5320754905808003, 3.7273253788742404, 3.2425350206281505, 3.0620717986356882, 2.494056490940011, 0.0, 3.072497794954457, 2.4920098836080085, 2.57529373858595, 3.2920208140289757, 3.7602889157616595, 3.067873149268072, 2.5016101235004626, 3.527563625223505], [3.4528428591524403, 2.7930507872217434, 2.176799536016121, 1.0967310518080537, 2.148014660098948, 2.822011357170626, 4.136899532258427, 4.029429459613358, 4.3247563885148494, 3.083669680753761, 2.594056360220417, 3.781112354850091, 3.072497794954457, 0.0, 1.7597366564347063, 3.066754209257729, 2.4693437630269304, 2.511476077927082, 2.6618941338828637, 3.1794451638611414, 4.709174408534897], [2.722608827944257, 2.7688109830755874, 2.170821319224592, 1.0953358662985524, 2.1214320257788133, 3.491973121316944, 4.592052144738776, 2.918724342927917, 3.7578894528711193, 2.2241894388743058, 3.1191801454869514, 3.7818233353767337, 2.4920098836080085, 1.7597366564347063, 0.0, 2.5272083293626584, 3.046206220858988, 2.3886293915130494, 3.823559414995404, 3.795975291015472, 5.376884418508547], [4.660018361551808, 4.219367101829373, 2.784857752202076, 2.1721030684569276, 1.0943892086456262, 3.341880820735533, 4.404905692520556, 4.472306690064983, 5.749202149863927, 4.557200166769065, 4.764323798819723, 4.891116533062773, 2.57529373858595, 3.066754209257729, 2.5272083293626584, 0.0, 1.7781005820819022, 1.7712822276531768, 4.011947180609436, 2.875980286789184, 4.965948401866455], [5.1791726762099755, 4.335826811578157, 2.9212600260846346, 2.1787600923461032, 1.0937116896147723, 2.8350726092994516, 4.147730155157156, 5.338411210275956, 6.19563060228739, 5.039861474286768, 4.510214028180925, 5.029764020309502, 3.2920208140289757, 2.4693437630269304, 3.046206220858988, 1.7781005820819022, 0.0, 1.7624777246819319, 3.077416309178854, 2.2398777488961312, 4.4604616588420525], [5.0537296069338735, 4.704323648517394, 3.506371516254374, 2.1579655071386106, 1.0949793285720055, 4.094973461452467, 5.421336887705836, 5.153919302821882, 6.102859995936331, 4.595478661684766, 4.907740805095559, 5.612716972198045, 3.7602889157616595, 2.511476077927082, 2.3886293915130494, 1.7712822276531768, 1.7624777246819319, 0.0, 4.3478843740375615, 3.7664395096695764, 5.92837155380801], [4.242703075870382, 2.786699951555603, 2.1842038824248986, 2.829155609011283, 3.45958500979525, 1.0952320302109504, 2.0530136141779476, 4.755773942272698, 4.89784216364717, 4.550181835926999, 2.6051717448183718, 3.0474397746305013, 3.067873149268072, 2.6618941338828637, 3.823559414995404, 4.011947180609436, 3.077416309178854, 4.3478843740375615, 0.0, 1.7786804912631162, 2.268560629562278], [4.742186468286544, 3.4901321880410205, 2.187111503787587, 2.79663864487352, 2.7227780464077496, 1.0933708291334647, 2.032958398492207, 4.87694654266376, 5.603966389085502, 5.073214587418907, 3.8034473875682835, 3.7170331542777504, 2.5016101235004626, 3.1794451638611414, 3.795975291015472, 2.875980286789184, 2.2398777488961312, 3.7664395096695764, 1.7786804912631162, 0.0, 2.2536184814648643], [5.205725015787906, 3.7777497574614443, 3.26331913394936, 4.484183217710891, 4.872916733333334, 1.9446940659137109, 0.9723712716858723, 5.4014397580645115, 5.728449958758477, 5.880537272222666, 4.017197526883636, 3.364865544119111, 3.527563625223505, 4.709174408534897, 5.376884418508547, 4.965948401866455, 4.4604616588420525, 5.92837155380801, 2.268560629562278, 2.2536184814648643, 0.0]]}