{"total energy": -45.30556601, "HOMO-LUMO gap/eV": 12.51158629, "electronic energy": -45.96354559, "dipole": [0.0026968, 0.00987605, -0.00287429], "partial charges": [-0.09988083, -0.05180431, -0.05746182, -0.05755137, -0.05800341, -0.0571714, -0.05714676, -0.0581958, -0.05734003, -0.0569734, -0.05785509, -0.05829268, -0.05154496, -0.0998562, 0.03153521, 0.03103999, 0.0305928, 0.03048445, 0.0287964, 0.02832781, 0.02920941, 0.02743579, 0.02698628, 0.03129869, 0.03136104, 0.02795068, 0.026906, 0.02806566, 0.02654993, 0.02995255, 0.03345092, 0.02664403, 0.02819416, 0.02729347, 0.02866512, 0.03038988, 0.02892869, 0.02917053, 0.02878978, 0.02822455, 0.02804563, 0.03200629, 0.03081371, 0.03196858], "atomic dipole moments": [[0.0354793, -0.08669536, 0.03200147], [-0.01979576, 0.02314414, -0.10846519], [0.01308767, -0.02676171, 0.10594974], [0.05990214, 0.08880689, 0.01521393], [-0.06097768, -0.09288549, -0.02278207], [0.05624728, 0.08789685, 0.02979544], [-0.00599713, 0.03745896, -0.10164352], [0.00501421, -0.04629798, 0.10386657], [-0.00142827, 0.03832649, -0.10160845], [-0.07582687, 0.07315417, 0.02838225], [0.07960731, -0.07327814, -0.02194006], [-0.07784478, 0.07266225, 0.02120962], [0.07897094, -0.07388505, -0.02166861], [-0.08699948, -0.0236851, 0.04412736], [0.08064341, 0.05611175, -0.07879686], [-0.110092, -0.01423047, -0.05923525], [-0.01875095, 0.07698068, 0.09608472], [0.103354, 0.02511499, 0.06309703], [-0.08096332, -0.04566533, 0.08176068], [-0.10068211, -0.01459484, -0.06693277], [0.08264676, 0.0465246, -0.08022061], [-0.0864357, -0.04986118, 0.07394176], [0.0003074, -0.07203867, -0.09792405], [-0.00310287, 0.0669552, 0.10497593], [0.08275918, 0.05491668, -0.07462881], [0.00906692, -0.0682285, -0.10323489], [-0.08509106, -0.05702793, 0.06573394], [-0.01152683, 0.06177774, 0.10709193], [0.01511507, -0.11556361, 0.03409329], [0.00802752, -0.05980779, -0.10888661], [-0.01447131, 0.12050343, -0.02670502], [0.01258612, -0.11584888, 0.03396355], [-0.00513731, 0.06255032, 0.10724625], [0.09519467, -0.03554568, 0.06676084], [0.00894454, -0.06800963, -0.103535], [-0.09213979, 0.03470454, -0.07538946], [-0.01326939, 0.06746831, 0.10349804], [0.01367211, -0.06737963, -0.10343712], [0.09414551, -0.03320814, 0.07366641], [-0.01109268, 0.06900769, 0.10171107], [-0.09132561, 0.03511983, -0.07504059], [0.01475899, -0.06188732, -0.10865262], [0.00381269, 0.12189975, -0.02510484], [0.09797208, -0.02678511, 0.0744879]], "atomic quadrupole moments": [[-0.08185615, -0.11340094, 0.15332748, 0.04190936, -0.09273126, -0.07147133], [-0.17829509, -0.14660126, 0.16181259, 0.0096709, 0.04153796, 0.0164825], [-0.1850373, -0.11931664, 0.17978264, 8.737e-05, 0.05424598, 0.00525466], [0.05679594, -0.07678969, 0.06910772, 0.1564876, -0.08493835, -0.12590366], [0.07406129, -0.06950999, 0.08676244, 0.15723761, -0.05676652, -0.16082374], [0.05231837, -0.08126908, 0.06443536, 0.16726527, -0.06918697, -0.11675373], [0.21265273, 0.06687465, -0.17772464, 0.02310996, -0.07300079, -0.03492809], [0.2077306, 0.04963495, -0.1897716, 0.01375937, -0.09965958, -0.017959], [0.22174892, 0.03301762, -0.18620274, -0.00149599, -0.07667722, -0.03554618], [0.01976884, 0.07298766, 0.10296859, -0.14295914, -0.10685382, -0.12273743], [0.04625925, 0.06936505, 0.1143691, -0.14060544, -0.09712784, -0.16062835], [0.03954794, 0.07473472, 0.11933834, -0.14160849, -0.10511044, -0.15888628], [0.04695859, 0.07827264, 0.10430954, -0.14293966, -0.10091985, -0.15126813], [0.14440548, 0.07057112, -0.08595325, -0.13757945, -0.04024113, -0.05845223], [0.02194997, 0.02150735, -0.02239635, -0.05385134, -0.03435811, 0.00044638], [0.04535529, 0.02355678, -0.02359314, 0.05375429, 0.00582211, -0.02176215], [-0.04938314, -0.0175162, 0.0062574, -0.00911396, 0.05245209, 0.04312574], [0.04230393, 0.00463071, -0.01837693, 0.03276847, 0.00989747, -0.023927], [0.0116341, 0.02342033, -0.00257514, -0.04012134, -0.01894543, -0.00905895], [0.04029221, 0.00082473, -0.01576442, 0.03830795, 0.01355657, -0.02452779], [0.01935048, 0.02600555, -0.00598467, -0.04171331, -0.0105504, -0.01336581], [0.01471725, 0.00937251, -0.0304274, -0.03628584, -0.02596568, 0.01571015], [-0.02744521, -0.02147065, -0.00364997, -4.694e-05, 0.03954746, 0.03109518], [-0.02621519, -0.01402887, -0.00935959, -0.00605639, 0.03573098, 0.03557478], [0.01510842, 0.01376118, -0.02125037, -0.03729975, -0.02497817, 0.00614195], [-0.0304853, -0.01901733, -0.01199774, -0.00991294, 0.0298871, 0.04248304], [0.02495712, 0.0123116, -0.02203478, -0.0346708, -0.03099661, -0.00292234], [-0.01723376, 0.00037684, 0.00140571, -0.01004714, 0.04921355, 0.01582805], [-0.00826869, -0.01366435, 0.05241773, 0.00318033, -0.01720425, -0.04414904], [-0.02050989, -0.00240461, -0.00392821, -0.00593328, 0.04617754, 0.0244381], [-0.01694886, -0.00862605, 0.053144, 0.0014485, -0.01061674, -0.03619514], [-0.01109654, -0.00175786, 0.05539419, 0.00153431, -0.01735871, -0.04429766], [-0.01594965, -0.00529958, -4.34e-06, -0.00247012, 0.04999557, 0.015954], [0.02698233, 0.000192, -0.02469594, 0.04154467, -0.022155, -0.00228639], [-0.03808087, 0.01216177, -0.00503652, 0.00153896, 0.03136552, 0.04311739], [0.01909057, -0.00329273, -0.02561203, 0.04167717, -0.01489549, 0.00652145], [-0.03196253, 0.00708624, -0.00777057, -0.0041529, 0.03488087, 0.0397331], [-0.03180724, 0.00687243, -0.00687025, -0.00343805, 0.03487837, 0.03867749], [0.01590609, -0.00484266, -0.02551149, 0.04193495, -0.01627511, 0.0096054], [-0.03213977, 0.00849794, -0.00764341, -0.00705304, 0.03327856, 0.03978318], [0.01895149, -0.00222893, -0.02583632, 0.04170993, -0.01724956, 0.00688483], [-0.03032366, 0.00512062, -0.01084924, -0.00676182, 0.06000713, 0.04117291], [-0.03224575, -0.00329998, 0.07824182, -0.00970503, -0.02404299, -0.04599607], [0.02612548, -0.02107455, -0.04301418, 0.04986975, -0.02628561, 0.01688871]], "number of molecular orbitals": 86, "number of electrons": 86, "number of unpaired electrons": 0, "orbital energies/eV": [-16.93087496, -16.89037404, -16.81028879, -16.69621415, -16.50024612, -16.30849491, -16.02982261, -15.7059184, -15.39217236, -15.29163341, -15.05416568, -14.95511174, -14.8979926, -14.85148301, -14.08817215, -14.03933604, -13.81337156, -13.78590912, -13.58584823, -13.48665622, -13.38474288, -13.31847035, -13.11658814, -12.98051867, -12.93112006, -12.66677841, -12.59397263, -12.41591268, -12.33845923, -12.25444134, -12.05601902, -11.95267184, -11.87115859, -11.81364386, -11.63721805, -11.60533045, -11.46141915, -11.43642178, -11.39394908, -11.36292557, -11.24981752, -11.16554576, -11.11992584, 1.39166045, 1.74451042, 2.01505533, 2.41575375, 2.84244382, 2.90793959, 2.97514558, 3.1858565, 3.32713231, 3.3893145, 3.51560626, 3.59468893, 3.76785603, 3.99268233, 4.05362086, 4.19503373, 4.41281702, 4.52846218, 4.63423612, 4.68574693, 4.80469405, 4.93341252, 5.02195137, 5.1104903, 5.17022493, 5.54036045, 5.73296982, 5.9131234, 6.14975177, 6.3117753, 6.65326171, 6.72387356, 6.9124888, 7.02790539, 7.28925438, 7.38995419, 7.44506447, 7.58710712, 7.76719122, 8.28765904, 8.42567064, 8.45444656, 8.70023066], "fractional occupation": [2.0, 2.0, 2.0, 2.0, 2.0, 2.0, 2.0, 2.0, 2.0, 2.0, 2.0, 2.0, 2.0, 2.0, 2.0, 2.0, 2.0, 2.0, 2.0, 2.0, 2.0, 2.0, 2.0, 2.0, 2.0, 2.0, 2.0, 2.0, 2.0, 2.0, 2.0, 2.0, 2.0, 2.0, 2.0, 2.0, 2.0, 2.0, 2.0, 2.0, 2.0, 2.0, 2.0, 0.0, 0.0, 0.0, 0.0, 0.0, 0.0, 0.0, 0.0, 0.0, 0.0, 0.0, 0.0, 0.0, 0.0, 0.0, 0.0, 0.0, 0.0, 0.0, 0.0, 0.0, 0.0, 0.0, 0.0, 0.0, 0.0, 0.0, 0.0, 0.0, 0.0, 0.0, 0.0, 0.0, 0.0, 0.0, 0.0, 0.0, 0.0, 0.0, 0.0, 0.0, 0.0, 0.0], "program call": "xtb /home/svss/Project-DBcg-Debug/aqme2_20220329/End-to-End-workflows-final/example-3/QDESCP/mol_15_rdkit_conf_28/mol_15_rdkit_conf_28.xyz --pop --wbo --acc 0.2 --gfn 2 --chrg 0 --uhf 0 --etemp 300 --input /home/svss/Project-DBcg-Debug/aqme2_20220329/End-to-End-workflows-final/example-3/QDESCP/mol_15_rdkit_conf_28/mol_15_rdkit_conf_28_xtb.inp", "method": "GFN2-xTB", "xtb version": "6.3.3 (7355c4f)", "Dipole module/D": 0.027, "Total charge": 0, "Transition dipole module/D": NaN, "HOMO": -11.1199, "LUMO": 1.3917, "HOMO occupancy": 2.0, "LUMO occupancy": 0, "mulliken charges": [-0.08334, -0.0399, -0.04682, -0.04567, -0.04819, -0.04545, -0.04545, -0.04824, -0.04551, -0.04555, -0.04692, -0.0465, -0.03846, -0.08346, 0.02643, 0.02623, 0.02776, 0.02225, 0.02207, 0.02374, 0.02272, 0.02235, 0.02351, 0.02307, 0.02318, 0.02257, 0.02363, 0.02272, 0.02345, 0.023, 0.02345, 0.02342, 0.02273, 0.02369, 0.02279, 0.02278, 0.02258, 0.02247, 0.02229, 0.02186, 0.02184, 0.02652, 0.02783, 0.02651], "cm5 charges": [-0.23375, -0.15256, -0.15734, -0.15631, -0.15924, -0.15612, -0.15615, -0.1593, -0.15618, -0.15613, -0.1578, -0.15723, -0.15099, -0.23378, 0.07772, 0.07751, 0.07853, 0.07754, 0.07689, 0.07864, 0.07791, 0.07754, 0.07844, 0.07916, 0.07927, 0.07775, 0.07855, 0.07793, 0.07838, 0.07857, 0.0801, 0.07834, 0.07794, 0.07861, 0.07799, 0.07876, 0.07805, 0.0778, 0.07763, 0.07657, 0.07655, 0.07781, 0.0786, 0.0778], "FUKUI+": [0.004, -0.001, -0.011, -0.017, -0.004, -0.014, -0.012, 0.003, -0.013, -0.013, -0.01, -0.013, -0.01, 0.005, -0.018, -0.023, -0.033, -0.011, -0.023, -0.038, -0.027, -0.034, -0.033, -0.028, -0.022, -0.034, -0.039, -0.033, -0.04, -0.03, -0.017, -0.042, -0.035, -0.04, -0.036, -0.023, -0.031, -0.031, -0.032, -0.026, -0.023, -0.024, -0.043, -0.025], "FUKUI-": [0.013, 0.003, 0.007, 0.008, 0.001, 0.007, 0.006, 0.003, 0.005, 0.005, 0.002, 0.004, 0.002, 0.012, -0.028, -0.044, -0.032, -0.05, -0.04, -0.054, -0.03, -0.032, -0.04, -0.035, -0.029, -0.03, -0.039, -0.023, -0.041, -0.027, -0.035, -0.05, -0.028, -0.035, -0.025, -0.029, -0.028, -0.039, -0.047, -0.04, -0.041, -0.032, -0.039, -0.036], "FUKUIrad": [0.009, 0.001, -0.002, -0.005, -0.001, -0.003, -0.003, 0.003, -0.004, -0.004, -0.004, -0.005, -0.004, 0.009, -0.023, -0.033, -0.032, -0.031, -0.032, -0.046, -0.028, -0.033, -0.036, -0.031, -0.025, -0.032, -0.039, -0.028, -0.041, -0.028, -0.026, -0.046, -0.031, -0.037, -0.03, -0.026, -0.03, -0.035, -0.04, -0.033, -0.032, -0.028, -0.041, -0.031], "s proportion": [1.008, 1.027, 1.032, 1.032, 1.031, 1.032, 1.032, 1.031, 1.032, 1.032, 1.032, 1.032, 1.027, 1.007, 0.974, 0.974, 0.972, 0.978, 0.978, 0.976, 0.977, 0.978, 0.976, 0.977, 0.977, 0.977, 0.976, 0.977, 0.977, 0.977, 0.977, 0.977, 0.977, 0.976, 0.977, 0.977, 0.977, 0.978, 0.978, 0.978, 0.978, 0.973, 0.972, 0.973], "p proportion": [3.076, 3.013, 3.015, 3.013, 3.017, 3.013, 3.013, 3.017, 3.013, 3.013, 3.015, 3.014, 3.011, 3.076, 0.0, 0.0, 0.0, 0.0, 0.0, 0.0, 0.0, 0.0, 0.0, 0.0, 0.0, 0.0, 0.0, 0.0, 0.0, 0.0, 0.0, 0.0, 0.0, 0.0, 0.0, 0.0, 0.0, 0.0, 0.0, 0.0, 0.0, 0.0, 0.0, 0.0], "d proportion": [0.0, 0.0, 0.0, 0.0, 0.0, 0.0, 0.0, 0.0, 0.0, 0.0, 0.0, 0.0, 0.0, 0.0, 0.0, 0.0, 0.0, 0.0, 0.0, 0.0, 0.0, 0.0, 0.0, 0.0, 0.0, 0.0, 0.0, 0.0, 0.0, 0.0, 0.0, 0.0, 0.0, 0.0, 0.0, 0.0, 0.0, 0.0, 0.0, 0.0, 0.0, 0.0, 0.0, 0.0], "Fermi-level/eV": -4.8641, "Coordination numbers": [3.75, 3.799, 3.801, 3.8, 3.8, 3.8, 3.8, 3.8, 3.8, 3.8, 3.801, 3.802, 3.8, 3.75, 0.924, 0.924, 0.924, 0.924, 0.924, 0.924, 0.924, 0.924, 0.924, 0.924, 0.924, 0.924, 0.924, 0.924, 0.924, 0.924, 0.924, 0.924, 0.924, 0.924, 0.924, 0.924, 0.924, 0.924, 0.924, 0.924, 0.924, 0.924, 0.924, 0.924], "Dispersion coefficient C6": [22.471, 21.505, 21.608, 21.61, 21.619, 21.603, 21.602, 21.622, 21.606, 21.599, 21.615, 21.622, 21.5, 22.47, 2.565, 2.572, 2.578, 2.58, 2.604, 2.611, 2.598, 2.623, 2.63, 2.568, 2.567, 2.616, 2.631, 2.614, 2.636, 2.587, 2.538, 2.635, 2.612, 2.625, 2.606, 2.581, 2.602, 2.598, 2.604, 2.612, 2.615, 2.558, 2.575, 2.559], "Total dispersion C6": 12861.243028, "Total dispersion C8": 268550.738324, "Polarizability alpha": [6.761, 6.603, 6.618, 6.619, 6.62, 6.618, 6.617, 6.621, 6.618, 6.617, 6.619, 6.62, 6.602, 6.76, 2.504, 2.508, 2.511, 2.512, 2.523, 2.527, 2.521, 2.533, 2.536, 2.506, 2.506, 2.529, 2.537, 2.529, 2.539, 2.515, 2.491, 2.538, 2.528, 2.534, 2.524, 2.512, 2.523, 2.521, 2.523, 2.527, 2.529, 2.501, 2.509, 2.502], "Total polarizability alpha": 168.511637, "Wiberg matrix": [[0.0, 1.0197817493366368, 0.0, 0.0, 0.0, 0.0, 0.0, 0.0, 0.0, 0.0, 0.0, 0.0, 0.0, 0.0, 0.9878461068922733, 0.9876818763933959, 0.9875225047416778, 0.0, 0.0, 0.0, 0.0, 0.0, 0.0, 0.0, 0.0, 0.0, 0.0, 0.0, 0.0, 0.0, 0.0, 0.0, 0.0, 0.0, 0.0, 0.0, 0.0, 0.0, 0.0, 0.0, 0.0, 0.0, 0.0, 0.0], [1.0197817493366368, 0.0, 1.0088210980106787, 0.0, 0.0, 0.0, 0.0, 0.0, 0.0, 0.0, 0.0, 0.0, 0.0, 0.0, 0.0, 0.0, 0.0, 0.9763405156251159, 0.977979965083672, 0.0, 0.0, 0.0, 0.0, 0.0, 0.0, 0.0, 0.0, 0.0, 0.0, 0.0, 0.0, 0.0, 0.0, 0.0, 0.0, 0.0, 0.0, 0.0, 0.0, 0.0, 0.0, 0.0, 0.0, 0.0], [0.0, 1.0088210980106787, 0.0, 1.006373340880043, 0.0, 0.0, 0.0, 0.0, 0.0, 0.0, 0.0, 0.0, 0.0, 0.0, 0.0, 0.0, 0.0, 0.0, 0.0, 0.9768551147413845, 0.9771940356549029, 0.0, 0.0, 0.0, 0.0, 0.0, 0.0, 0.0, 0.0, 0.0, 0.0, 0.0, 0.0, 0.0, 0.0, 0.0, 0.0, 0.0, 0.0, 0.0, 0.0, 0.0, 0.0, 0.0], [0.0, 0.0, 1.006373340880043, 0.0, 1.0075955144821607, 0.0, 0.0, 0.0, 0.0, 0.0, 0.0, 0.0, 0.0, 0.0, 0.0, 0.0, 0.0, 0.0, 0.0, 0.0, 0.0, 0.9773104097048175, 0.9771896226834778, 0.0, 0.0, 0.0, 0.0, 0.0, 0.0, 0.0, 0.0, 0.0, 0.0, 0.0, 0.0, 0.0, 0.0, 0.0, 0.0, 0.0, 0.0, 0.0, 0.0, 0.0], [0.0, 0.0, 0.0, 1.0075955144821607, 0.0, 1.0076186288211906, 0.0, 0.0, 0.0, 0.0, 0.0, 0.0, 0.0, 0.0, 0.0, 0.0, 0.0, 0.0, 0.0, 0.0, 0.0, 0.0, 0.0, 0.9754587029752642, 0.9753121591505222, 0.0, 0.0, 0.0, 0.0, 0.0, 0.0, 0.0, 0.0, 0.0, 0.0, 0.0, 0.0, 0.0, 0.0, 0.0, 0.0, 0.0, 0.0, 0.0], [0.0, 0.0, 0.0, 0.0, 1.0076186288211906, 0.0, 1.0061590449786402, 0.0, 0.0, 0.0, 0.0, 0.0, 0.0, 0.0, 0.0, 0.0, 0.0, 0.0, 0.0, 0.0, 0.0, 0.0, 0.0, 0.0, 0.0, 0.977281534369543, 0.9770761248518335, 0.0, 0.0, 0.0, 0.0, 0.0, 0.0, 0.0, 0.0, 0.0, 0.0, 0.0, 0.0, 0.0, 0.0, 0.0, 0.0, 0.0], [0.0, 0.0, 0.0, 0.0, 0.0, 1.0061590449786402, 0.0, 1.0076645214251896, 0.0, 0.0, 0.0, 0.0, 0.0, 0.0, 0.0, 0.0, 0.0, 0.0, 0.0, 0.0, 0.0, 0.0, 0.0, 0.0, 0.0, 0.0, 0.0, 0.9774183122119285, 0.976828435586964, 0.0, 0.0, 0.0, 0.0, 0.0, 0.0, 0.0, 0.0, 0.0, 0.0, 0.0, 0.0, 0.0, 0.0, 0.0], [0.0, 0.0, 0.0, 0.0, 0.0, 0.0, 1.0076645214251896, 0.0, 1.0076521637622533, 0.0, 0.0, 0.0, 0.0, 0.0, 0.0, 0.0, 0.0, 0.0, 0.0, 0.0, 0.0, 0.0, 0.0, 0.0, 0.0, 0.0, 0.0, 0.0, 0.0, 0.9770946462477893, 0.9734320930523874, 0.0, 0.0, 0.0, 0.0, 0.0, 0.0, 0.0, 0.0, 0.0, 0.0, 0.0, 0.0, 0.0], [0.0, 0.0, 0.0, 0.0, 0.0, 0.0, 0.0, 1.0076521637622533, 0.0, 1.0060907295271757, 0.0, 0.0, 0.0, 0.0, 0.0, 0.0, 0.0, 0.0, 0.0, 0.0, 0.0, 0.0, 0.0, 0.0, 0.0, 0.0, 0.0, 0.0, 0.0, 0.0, 0.0, 0.9768525499711123, 0.9774357039225077, 0.0, 0.0, 0.0, 0.0, 0.0, 0.0, 0.0, 0.0, 0.0, 0.0, 0.0], [0.0, 0.0, 0.0, 0.0, 0.0, 0.0, 0.0, 0.0, 1.0060907295271757, 0.0, 1.008015804671141, 0.0, 0.0, 0.0, 0.0, 0.0, 0.0, 0.0, 0.0, 0.0, 0.0, 0.0, 0.0, 0.0, 0.0, 0.0, 0.0, 0.0, 0.0, 0.0, 0.0, 0.0, 0.0, 0.9769577485094962, 0.9773297405112343, 0.0, 0.0, 0.0, 0.0, 0.0, 0.0, 0.0, 0.0, 0.0], [0.0, 0.0, 0.0, 0.0, 0.0, 0.0, 0.0, 0.0, 0.0, 1.008015804671141, 0.0, 1.0067618198415134, 0.0, 0.0, 0.0, 0.0, 0.0, 0.0, 0.0, 0.0, 0.0, 0.0, 0.0, 0.0, 0.0, 0.0, 0.0, 0.0, 0.0, 0.0, 0.0, 0.0, 0.0, 0.0, 0.0, 0.9754337138843586, 0.9772570826008931, 0.0, 0.0, 0.0, 0.0, 0.0, 0.0, 0.0], [0.0, 0.0, 0.0, 0.0, 0.0, 0.0, 0.0, 0.0, 0.0, 0.0, 1.0067618198415134, 0.0, 1.0078234437064701, 0.0, 0.0, 0.0, 0.0, 0.0, 0.0, 0.0, 0.0, 0.0, 0.0, 0.0, 0.0, 0.0, 0.0, 0.0, 0.0, 0.0, 0.0, 0.0, 0.0, 0.0, 0.0, 0.0, 0.0, 0.9773676829209171, 0.9771791019090224, 0.0, 0.0, 0.0, 0.0, 0.0], [0.0, 0.0, 0.0, 0.0, 0.0, 0.0, 0.0, 0.0, 0.0, 0.0, 0.0, 1.0078234437064701, 0.0, 1.0200527217781112, 0.0, 0.0, 0.0, 0.0, 0.0, 0.0, 0.0, 0.0, 0.0, 0.0, 0.0, 0.0, 0.0, 0.0, 0.0, 0.0, 0.0, 0.0, 0.0, 0.0, 0.0, 0.0, 0.0, 0.0, 0.0, 0.978122646409538, 0.9781025092687643, 0.0, 0.0, 0.0], [0.0, 0.0, 0.0, 0.0, 0.0, 0.0, 0.0, 0.0, 0.0, 0.0, 0.0, 0.0, 1.0200527217781112, 0.0, 0.0, 0.0, 0.0, 0.0, 0.0, 0.0, 0.0, 0.0, 0.0, 0.0, 0.0, 0.0, 0.0, 0.0, 0.0, 0.0, 0.0, 0.0, 0.0, 0.0, 0.0, 0.0, 0.0, 0.0, 0.0, 0.0, 0.0, 0.9877329628804055, 0.9874270690537355, 0.987736123263238], [0.9878461068922733, 0.0, 0.0, 0.0, 0.0, 0.0, 0.0, 0.0, 0.0, 0.0, 0.0, 0.0, 0.0, 0.0, 0.0, 0.0, 0.0, 0.0, 0.0, 0.0, 0.0, 0.0, 0.0, 0.0, 0.0, 0.0, 0.0, 0.0, 0.0, 0.0, 0.0, 0.0, 0.0, 0.0, 0.0, 0.0, 0.0, 0.0, 0.0, 0.0, 0.0, 0.0, 0.0, 0.0], [0.9876818763933959, 0.0, 0.0, 0.0, 0.0, 0.0, 0.0, 0.0, 0.0, 0.0, 0.0, 0.0, 0.0, 0.0, 0.0, 0.0, 0.0, 0.0, 0.0, 0.0, 0.0, 0.0, 0.0, 0.0, 0.0, 0.0, 0.0, 0.0, 0.0, 0.0, 0.0, 0.0, 0.0, 0.0, 0.0, 0.0, 0.0, 0.0, 0.0, 0.0, 0.0, 0.0, 0.0, 0.0], [0.9875225047416778, 0.0, 0.0, 0.0, 0.0, 0.0, 0.0, 0.0, 0.0, 0.0, 0.0, 0.0, 0.0, 0.0, 0.0, 0.0, 0.0, 0.0, 0.0, 0.0, 0.0, 0.0, 0.0, 0.0, 0.0, 0.0, 0.0, 0.0, 0.0, 0.0, 0.0, 0.0, 0.0, 0.0, 0.0, 0.0, 0.0, 0.0, 0.0, 0.0, 0.0, 0.0, 0.0, 0.0], [0.0, 0.9763405156251159, 0.0, 0.0, 0.0, 0.0, 0.0, 0.0, 0.0, 0.0, 0.0, 0.0, 0.0, 0.0, 0.0, 0.0, 0.0, 0.0, 0.0, 0.0, 0.0, 0.0, 0.0, 0.0, 0.0, 0.0, 0.0, 0.0, 0.0, 0.0, 0.0, 0.0, 0.0, 0.0, 0.0, 0.0, 0.0, 0.0, 0.0, 0.0, 0.0, 0.0, 0.0, 0.0], [0.0, 0.977979965083672, 0.0, 0.0, 0.0, 0.0, 0.0, 0.0, 0.0, 0.0, 0.0, 0.0, 0.0, 0.0, 0.0, 0.0, 0.0, 0.0, 0.0, 0.0, 0.0, 0.0, 0.0, 0.0, 0.0, 0.0, 0.0, 0.0, 0.0, 0.0, 0.0, 0.0, 0.0, 0.0, 0.0, 0.0, 0.0, 0.0, 0.0, 0.0, 0.0, 0.0, 0.0, 0.0], [0.0, 0.0, 0.9768551147413845, 0.0, 0.0, 0.0, 0.0, 0.0, 0.0, 0.0, 0.0, 0.0, 0.0, 0.0, 0.0, 0.0, 0.0, 0.0, 0.0, 0.0, 0.0, 0.0, 0.0, 0.0, 0.0, 0.0, 0.0, 0.0, 0.0, 0.0, 0.0, 0.0, 0.0, 0.0, 0.0, 0.0, 0.0, 0.0, 0.0, 0.0, 0.0, 0.0, 0.0, 0.0], [0.0, 0.0, 0.9771940356549029, 0.0, 0.0, 0.0, 0.0, 0.0, 0.0, 0.0, 0.0, 0.0, 0.0, 0.0, 0.0, 0.0, 0.0, 0.0, 0.0, 0.0, 0.0, 0.0, 0.0, 0.0, 0.0, 0.0, 0.0, 0.0, 0.0, 0.0, 0.0, 0.0, 0.0, 0.0, 0.0, 0.0, 0.0, 0.0, 0.0, 0.0, 0.0, 0.0, 0.0, 0.0], [0.0, 0.0, 0.0, 0.9773104097048175, 0.0, 0.0, 0.0, 0.0, 0.0, 0.0, 0.0, 0.0, 0.0, 0.0, 0.0, 0.0, 0.0, 0.0, 0.0, 0.0, 0.0, 0.0, 0.0, 0.0, 0.0, 0.0, 0.0, 0.0, 0.0, 0.0, 0.0, 0.0, 0.0, 0.0, 0.0, 0.0, 0.0, 0.0, 0.0, 0.0, 0.0, 0.0, 0.0, 0.0], [0.0, 0.0, 0.0, 0.9771896226834778, 0.0, 0.0, 0.0, 0.0, 0.0, 0.0, 0.0, 0.0, 0.0, 0.0, 0.0, 0.0, 0.0, 0.0, 0.0, 0.0, 0.0, 0.0, 0.0, 0.0, 0.0, 0.0, 0.0, 0.0, 0.0, 0.0, 0.0, 0.0, 0.0, 0.0, 0.0, 0.0, 0.0, 0.0, 0.0, 0.0, 0.0, 0.0, 0.0, 0.0], [0.0, 0.0, 0.0, 0.0, 0.9754587029752642, 0.0, 0.0, 0.0, 0.0, 0.0, 0.0, 0.0, 0.0, 0.0, 0.0, 0.0, 0.0, 0.0, 0.0, 0.0, 0.0, 0.0, 0.0, 0.0, 0.0, 0.0, 0.0, 0.0, 0.0, 0.0, 0.0, 0.0, 0.0, 0.0, 0.0, 0.0, 0.0, 0.0, 0.0, 0.0, 0.0, 0.0, 0.0, 0.0], [0.0, 0.0, 0.0, 0.0, 0.9753121591505222, 0.0, 0.0, 0.0, 0.0, 0.0, 0.0, 0.0, 0.0, 0.0, 0.0, 0.0, 0.0, 0.0, 0.0, 0.0, 0.0, 0.0, 0.0, 0.0, 0.0, 0.0, 0.0, 0.0, 0.0, 0.0, 0.0, 0.0, 0.0, 0.0, 0.0, 0.0, 0.0, 0.0, 0.0, 0.0, 0.0, 0.0, 0.0, 0.0], [0.0, 0.0, 0.0, 0.0, 0.0, 0.977281534369543, 0.0, 0.0, 0.0, 0.0, 0.0, 0.0, 0.0, 0.0, 0.0, 0.0, 0.0, 0.0, 0.0, 0.0, 0.0, 0.0, 0.0, 0.0, 0.0, 0.0, 0.0, 0.0, 0.0, 0.0, 0.0, 0.0, 0.0, 0.0, 0.0, 0.0, 0.0, 0.0, 0.0, 0.0, 0.0, 0.0, 0.0, 0.0], [0.0, 0.0, 0.0, 0.0, 0.0, 0.9770761248518335, 0.0, 0.0, 0.0, 0.0, 0.0, 0.0, 0.0, 0.0, 0.0, 0.0, 0.0, 0.0, 0.0, 0.0, 0.0, 0.0, 0.0, 0.0, 0.0, 0.0, 0.0, 0.0, 0.0, 0.0, 0.0, 0.0, 0.0, 0.0, 0.0, 0.0, 0.0, 0.0, 0.0, 0.0, 0.0, 0.0, 0.0, 0.0], [0.0, 0.0, 0.0, 0.0, 0.0, 0.0, 0.9774183122119285, 0.0, 0.0, 0.0, 0.0, 0.0, 0.0, 0.0, 0.0, 0.0, 0.0, 0.0, 0.0, 0.0, 0.0, 0.0, 0.0, 0.0, 0.0, 0.0, 0.0, 0.0, 0.0, 0.0, 0.0, 0.0, 0.0, 0.0, 0.0, 0.0, 0.0, 0.0, 0.0, 0.0, 0.0, 0.0, 0.0, 0.0], [0.0, 0.0, 0.0, 0.0, 0.0, 0.0, 0.976828435586964, 0.0, 0.0, 0.0, 0.0, 0.0, 0.0, 0.0, 0.0, 0.0, 0.0, 0.0, 0.0, 0.0, 0.0, 0.0, 0.0, 0.0, 0.0, 0.0, 0.0, 0.0, 0.0, 0.0, 0.0, 0.0, 0.0, 0.0, 0.0, 0.0, 0.0, 0.0, 0.0, 0.0, 0.0, 0.0, 0.0, 0.0], [0.0, 0.0, 0.0, 0.0, 0.0, 0.0, 0.0, 0.9770946462477893, 0.0, 0.0, 0.0, 0.0, 0.0, 0.0, 0.0, 0.0, 0.0, 0.0, 0.0, 0.0, 0.0, 0.0, 0.0, 0.0, 0.0, 0.0, 0.0, 0.0, 0.0, 0.0, 0.0, 0.0, 0.0, 0.0, 0.0, 0.0, 0.0, 0.0, 0.0, 0.0, 0.0, 0.0, 0.0, 0.0], [0.0, 0.0, 0.0, 0.0, 0.0, 0.0, 0.0, 0.9734320930523874, 0.0, 0.0, 0.0, 0.0, 0.0, 0.0, 0.0, 0.0, 0.0, 0.0, 0.0, 0.0, 0.0, 0.0, 0.0, 0.0, 0.0, 0.0, 0.0, 0.0, 0.0, 0.0, 0.0, 0.0, 0.0, 0.0, 0.0, 0.0, 0.0, 0.0, 0.0, 0.0, 0.0, 0.0, 0.0, 0.0], [0.0, 0.0, 0.0, 0.0, 0.0, 0.0, 0.0, 0.0, 0.9768525499711123, 0.0, 0.0, 0.0, 0.0, 0.0, 0.0, 0.0, 0.0, 0.0, 0.0, 0.0, 0.0, 0.0, 0.0, 0.0, 0.0, 0.0, 0.0, 0.0, 0.0, 0.0, 0.0, 0.0, 0.0, 0.0, 0.0, 0.0, 0.0, 0.0, 0.0, 0.0, 0.0, 0.0, 0.0, 0.0], [0.0, 0.0, 0.0, 0.0, 0.0, 0.0, 0.0, 0.0, 0.9774357039225077, 0.0, 0.0, 0.0, 0.0, 0.0, 0.0, 0.0, 0.0, 0.0, 0.0, 0.0, 0.0, 0.0, 0.0, 0.0, 0.0, 0.0, 0.0, 0.0, 0.0, 0.0, 0.0, 0.0, 0.0, 0.0, 0.0, 0.0, 0.0, 0.0, 0.0, 0.0, 0.0, 0.0, 0.0, 0.0], [0.0, 0.0, 0.0, 0.0, 0.0, 0.0, 0.0, 0.0, 0.0, 0.9769577485094962, 0.0, 0.0, 0.0, 0.0, 0.0, 0.0, 0.0, 0.0, 0.0, 0.0, 0.0, 0.0, 0.0, 0.0, 0.0, 0.0, 0.0, 0.0, 0.0, 0.0, 0.0, 0.0, 0.0, 0.0, 0.0, 0.0, 0.0, 0.0, 0.0, 0.0, 0.0, 0.0, 0.0, 0.0], [0.0, 0.0, 0.0, 0.0, 0.0, 0.0, 0.0, 0.0, 0.0, 0.9773297405112343, 0.0, 0.0, 0.0, 0.0, 0.0, 0.0, 0.0, 0.0, 0.0, 0.0, 0.0, 0.0, 0.0, 0.0, 0.0, 0.0, 0.0, 0.0, 0.0, 0.0, 0.0, 0.0, 0.0, 0.0, 0.0, 0.0, 0.0, 0.0, 0.0, 0.0, 0.0, 0.0, 0.0, 0.0], [0.0, 0.0, 0.0, 0.0, 0.0, 0.0, 0.0, 0.0, 0.0, 0.0, 0.9754337138843586, 0.0, 0.0, 0.0, 0.0, 0.0, 0.0, 0.0, 0.0, 0.0, 0.0, 0.0, 0.0, 0.0, 0.0, 0.0, 0.0, 0.0, 0.0, 0.0, 0.0, 0.0, 0.0, 0.0, 0.0, 0.0, 0.0, 0.0, 0.0, 0.0, 0.0, 0.0, 0.0, 0.0], [0.0, 0.0, 0.0, 0.0, 0.0, 0.0, 0.0, 0.0, 0.0, 0.0, 0.9772570826008931, 0.0, 0.0, 0.0, 0.0, 0.0, 0.0, 0.0, 0.0, 0.0, 0.0, 0.0, 0.0, 0.0, 0.0, 0.0, 0.0, 0.0, 0.0, 0.0, 0.0, 0.0, 0.0, 0.0, 0.0, 0.0, 0.0, 0.0, 0.0, 0.0, 0.0, 0.0, 0.0, 0.0], [0.0, 0.0, 0.0, 0.0, 0.0, 0.0, 0.0, 0.0, 0.0, 0.0, 0.0, 0.9773676829209171, 0.0, 0.0, 0.0, 0.0, 0.0, 0.0, 0.0, 0.0, 0.0, 0.0, 0.0, 0.0, 0.0, 0.0, 0.0, 0.0, 0.0, 0.0, 0.0, 0.0, 0.0, 0.0, 0.0, 0.0, 0.0, 0.0, 0.0, 0.0, 0.0, 0.0, 0.0, 0.0], [0.0, 0.0, 0.0, 0.0, 0.0, 0.0, 0.0, 0.0, 0.0, 0.0, 0.0, 0.9771791019090224, 0.0, 0.0, 0.0, 0.0, 0.0, 0.0, 0.0, 0.0, 0.0, 0.0, 0.0, 0.0, 0.0, 0.0, 0.0, 0.0, 0.0, 0.0, 0.0, 0.0, 0.0, 0.0, 0.0, 0.0, 0.0, 0.0, 0.0, 0.0, 0.0, 0.0, 0.0, 0.0], [0.0, 0.0, 0.0, 0.0, 0.0, 0.0, 0.0, 0.0, 0.0, 0.0, 0.0, 0.0, 0.978122646409538, 0.0, 0.0, 0.0, 0.0, 0.0, 0.0, 0.0, 0.0, 0.0, 0.0, 0.0, 0.0, 0.0, 0.0, 0.0, 0.0, 0.0, 0.0, 0.0, 0.0, 0.0, 0.0, 0.0, 0.0, 0.0, 0.0, 0.0, 0.0, 0.0, 0.0, 0.0], [0.0, 0.0, 0.0, 0.0, 0.0, 0.0, 0.0, 0.0, 0.0, 0.0, 0.0, 0.0, 0.9781025092687643, 0.0, 0.0, 0.0, 0.0, 0.0, 0.0, 0.0, 0.0, 0.0, 0.0, 0.0, 0.0, 0.0, 0.0, 0.0, 0.0, 0.0, 0.0, 0.0, 0.0, 0.0, 0.0, 0.0, 0.0, 0.0, 0.0, 0.0, 0.0, 0.0, 0.0, 0.0], [0.0, 0.0, 0.0, 0.0, 0.0, 0.0, 0.0, 0.0, 0.0, 0.0, 0.0, 0.0, 0.0, 0.9877329628804055, 0.0, 0.0, 0.0, 0.0, 0.0, 0.0, 0.0, 0.0, 0.0, 0.0, 0.0, 0.0, 0.0, 0.0, 0.0, 0.0, 0.0, 0.0, 0.0, 0.0, 0.0, 0.0, 0.0, 0.0, 0.0, 0.0, 0.0, 0.0, 0.0, 0.0], [0.0, 0.0, 0.0, 0.0, 0.0, 0.0, 0.0, 0.0, 0.0, 0.0, 0.0, 0.0, 0.0, 0.9874270690537355, 0.0, 0.0, 0.0, 0.0, 0.0, 0.0, 0.0, 0.0, 0.0, 0.0, 0.0, 0.0, 0.0, 0.0, 0.0, 0.0, 0.0, 0.0, 0.0, 0.0, 0.0, 0.0, 0.0, 0.0, 0.0, 0.0, 0.0, 0.0, 0.0, 0.0], [0.0, 0.0, 0.0, 0.0, 0.0, 0.0, 0.0, 0.0, 0.0, 0.0, 0.0, 0.0, 0.0, 0.987736123263238, 0.0, 0.0, 0.0, 0.0, 0.0, 0.0, 0.0, 0.0, 0.0, 0.0, 0.0, 0.0, 0.0, 0.0, 0.0, 0.0, 0.0, 0.0, 0.0, 0.0, 0.0, 0.0, 0.0, 0.0, 0.0, 0.0, 0.0, 0.0, 0.0, 0.0]], "Born radii": [], "Atomic SASAs": [], "Solvent H bonds": [], "Total SASA": NaN, "Total FOD": 0.0, "FOD": [0.0, 0.0, 0.0, 0.0, 0.0, 0.0, 0.0, 0.0, 0.0, 0.0, 0.0, 0.0, 0.0, 0.0, 0.0, 0.0, 0.0, 0.0, 0.0, 0.0, 0.0, 0.0, 0.0, 0.0, 0.0, 0.0, 0.0, 0.0, 0.0, 0.0, 0.0, 0.0, 0.0, 0.0, 0.0, 0.0, 0.0, 0.0, 0.0, 0.0, 0.0, 0.0, 0.0, 0.0], "FOD s proportion": [0.0, 0.0, 0.0, 0.0, 0.0, 0.0, 0.0, 0.0, 0.0, 0.0, 0.0, 0.0, 0.0, 0.0, 0.0, 0.0, 0.0, 0.0, 0.0, 0.0, 0.0, 0.0, 0.0, 0.0, 0.0, 0.0, 0.0, 0.0, 0.0, 0.0, 0.0, 0.0, 0.0, 0.0, 0.0, 0.0, 0.0, 0.0, 0.0, 0.0, 0.0, 0.0, 0.0, 0.0], "FOD p proportion": [0.0, 0.0, 0.0, 0.0, 0.0, 0.0, 0.0, 0.0, 0.0, 0.0, 0.0, 0.0, 0.0, 0.0, 0.0, 0.0, 0.0, 0.0, 0.0, 0.0, 0.0, 0.0, 0.0, 0.0, 0.0, 0.0, 0.0, 0.0, 0.0, 0.0, 0.0, 0.0, 0.0, 0.0, 0.0, 0.0, 0.0, 0.0, 0.0, 0.0, 0.0, 0.0, 0.0, 0.0], "FOD d proportion": [0.0, 0.0, 0.0, 0.0, 0.0, 0.0, 0.0, 0.0, 0.0, 0.0, 0.0, 0.0, 0.0, 0.0, 0.0, 0.0, 0.0, 0.0, 0.0, 0.0, 0.0, 0.0, 0.0, 0.0, 0.0, 0.0, 0.0, 0.0, 0.0, 0.0, 0.0, 0.0, 0.0, 0.0, 0.0, 0.0, 0.0, 0.0, 0.0, 0.0, 0.0, 0.0, 0.0, 0.0], "coordinates": [["-5.11600", "2.96970", "-0.29670"], ["-4.57430", "1.64110", "0.20860"], ["-4.32570", "0.66660", "-0.94320"], ["-3.88740", "-0.72550", "-0.47930"], ["-2.51790", "-0.73570", "0.20540"], ["-2.07870", "-2.16450", "0.53740"], ["-0.77190", "-2.23120", "1.33340"], ["0.44500", "-1.73320", "0.54890"], ["1.73500", "-1.92640", "1.35080"], ["2.99840", "-1.54670", "0.57280"], ["3.08940", "-0.05350", "0.25030"], ["4.42190", "0.28780", "-0.42090"], ["4.51380", "1.77800", "-0.74830"], ["5.83640", "2.12140", "-1.41480"], ["-4.41060", "3.44370", "-0.98670"], ["-6.06850", "2.83260", "-0.81860"], ["-5.28370", "3.65380", "0.54110"], ["-3.64500", "1.82860", "0.75680"], ["-5.29000", "1.20730", "0.91640"], ["-5.24940", "0.55720", "-1.52520"], ["-3.57220", "1.08160", "-1.62380"], ["-4.64350", "-1.14190", "0.19750"], ["-3.85320", "-1.38270", "-1.35710"], ["-2.55590", "-0.14880", "1.12960"], ["-1.78410", "-0.26140", "-0.45540"], ["-1.97520", "-2.74500", "-0.38750"], ["-2.86380", "-2.65130", "1.12940"], ["-0.87600", "-1.65460", "2.26050"], ["-0.60590", "-3.27490", "1.62790"], ["0.51770", "-2.27670", "-0.40060"], ["0.31770", "-0.67260", "0.31130"], ["1.82000", "-2.98020", "1.64410"], ["1.68510", "-1.34370", "2.27860"], ["3.86890", "-1.83630", "1.17460"], ["3.04830", "-2.13000", "-0.35470"], ["2.26940", "0.23810", "-0.41520"], ["2.98360", "0.52940", "1.17310"], ["4.52980", "-0.29830", "-1.34180"], ["5.25000", "0.00580", "0.24070"], ["4.40990", "2.36810", "0.16970"], ["3.69090", "2.06490", "-1.41330"], ["5.95710", "1.57130", "-2.35350"], ["5.88070", "3.19160", "-1.64010"], ["6.68010", "1.87650", "-0.76170"]], "bond_dist": [[0.0, 1.5211656517289625, 2.5192867939160877, 3.8983719371040007, 4.55326445311493, 6.023364818770319, 6.969777014367102, 7.331918491772805, 8.580341045669455, 9.327238957483612, 8.761708532015888, 9.908559413961246, 9.713760316684779, 11.041957537502126, 1.0946986617329904, 1.0947293135748222, 1.0945432563402875, 2.1391148777005875, 2.1466116020370336, 2.710565265770223, 2.7765868363874375, 4.168062433553509, 4.654298847302352, 4.279425890233408, 4.644001562230573, 6.521553907620484, 6.221077643784878, 6.775029323183774, 7.93978062228422, 7.698966415045593, 6.569711483771567, 9.342168412633118, 8.455326774288501, 10.295182742428615, 9.62632321190183, 7.87526596185805, 8.585970899671159, 10.237847217555064, 10.794788463420671, 9.556266129090378, 8.923393200459117, 11.348986404520891, 11.08067570412563, 11.855770175319694], [1.5211656517289625, 0.0, 1.529083205715111, 2.558482671428517, 3.142923708905452, 4.562753572131636, 5.542393714813122, 6.057646165797404, 7.337502543781501, 8.224384218286497, 7.848930229018475, 9.119172417494912, 9.139363261737659, 10.54745420184416, 2.1690796527559795, 2.16966488887109, 2.159806912666037, 1.0951155098892535, 1.0960792717682422, 2.153290890706595, 2.16215966570464, 2.7838823340795136, 3.480627549738696, 2.850600212236013, 3.4417464011748455, 5.1330818452465765, 4.711515748673668, 5.36184249955181, 6.475312119890438, 6.453583925231003, 5.41252427061533, 8.018986621138609, 7.236989664218127, 9.18221612683997, 8.52305889103202, 7.013826710861911, 7.699869450191997, 9.436612174398181, 9.959523431871627, 9.013650306618292, 8.433486650846138, 10.83880133640247, 10.7298074046089, 11.298602329934443], [2.5192867939160877, 1.529083205715111, 0.0, 1.531421728329594, 2.5600523607926458, 3.9059329960970914, 5.119535803175909, 5.544815681336938, 6.979840219517923, 7.799961134518557, 7.544978082804483, 8.771362065836753, 8.911226415034017, 10.276532781536776, 2.7787379635366847, 2.7828821390781173, 3.4704861806380958, 2.168777648815111, 2.1634100720852714, 1.0972301718418058, 1.0969063816023683, 2.161681192960701, 2.143408488832682, 2.844919865303767, 2.7493387204926205, 4.180031973561925, 4.176276185790399, 5.249008784523037, 5.998573955533098, 5.693500962501017, 4.992833909715003, 7.600190788394723, 7.109923907469053, 8.8261573977581, 7.908424609870161, 6.630063367721307, 7.610743460398597, 8.916826465733198, 9.67121017970347, 8.96907776864489, 8.15120312959995, 10.418416579308008, 10.537167340893852, 11.073591734392235], [3.8983719371040007, 2.558482671428517, 1.531421728329594, 0.0, 1.53115916220359, 2.5250337779918905, 3.9063223151706263, 4.565341640008993, 6.033474005910691, 7.013952201861658, 7.046959514570805, 8.371060502708126, 8.770406757385885, 10.175081636036145, 4.2324250306414175, 4.187170561369574, 4.708411445487745, 2.847828607904626, 2.766040688420906, 2.1434248528931445, 2.1621382240735674, 1.0968748378917264, 1.0970935785064098, 2.166572027420275, 2.1540266734653035, 2.782681499920535, 2.7100513445320553, 4.175914368135438, 4.659181736099162, 4.670901533965365, 4.279101866046192, 6.493605655566097, 6.248274953937286, 8.00808663414676, 7.077575849116701, 6.232079910431188, 7.177453641090272, 8.472051813462897, 9.194850648596747, 8.879006095842033, 8.129533753543312, 10.281152470905194, 10.588054904466636, 10.886790620288425], [4.55326445311493, 3.142923708905452, 2.5600523607926458, 1.53115916220359, 0.0, 1.5312054336371719, 2.5607460338737225, 3.1451192203158214, 4.562550389858725, 5.587689097471333, 5.648825199986277, 7.042771328106572, 7.5281495913670575, 8.976769850007296, 4.740337547052952, 5.136935005428821, 5.199043602433047, 2.8548258896121848, 3.4590906912077344, 3.482478861385952, 2.785695679718084, 2.1640786053191325, 2.154771760535208, 1.0954639428114463, 1.0954814329782134, 2.164102629266921, 2.1547496768766434, 2.786332505283603, 3.482353642294246, 3.4578583487470973, 2.8382783126395483, 5.091661256407382, 4.725783664113287, 6.553005664578659, 5.76544594459093, 4.92459867298849, 5.727427306391588, 7.228777344060336, 7.803290251554149, 7.591393927995043, 7.000910475788131, 9.148543228842502, 9.453361174735683, 9.61051898962798], [6.023364818770319, 4.562753572131636, 3.9059329960970914, 2.5250337779918905, 1.5312054336371719, 0.0, 1.5315975744300458, 2.5603151427119277, 3.9067401833241995, 5.114672463608985, 5.589991504465816, 7.013552205551763, 7.78828524066755, 9.21025687263933, 6.2619921478711555, 6.536684821069469, 6.642639052364655, 4.2949132307882545, 4.6717367145420345, 4.659968684444134, 4.1759421571664515, 2.781985228213838, 2.7109392726507173, 2.1544064542235293, 2.1666173196944585, 1.09687397179439, 1.097187427015093, 2.162304074361421, 2.142736159679955, 2.762919796157681, 2.83189332073085, 4.13400690250996, 4.227491043160233, 5.99063309175249, 5.20414850479884, 5.0582513905499, 5.769583432969837, 7.119435885658357, 7.649057240601614, 7.923483830361492, 7.414940256670987, 9.321351087154694, 9.837751868186146, 9.733135119271694], [6.969777014367102, 5.542393714813122, 5.119535803175909, 3.9063223151706263, 2.5607460338737225, 1.5315975744300458, 0.0, 1.5311073966250701, 2.525421432157413, 3.9066884569926996, 4.563454896238156, 6.033115938716907, 6.953113260978855, 8.37659590108058, 7.129340201589485, 7.637221091470378, 7.457700954717881, 5.006909946264263, 5.693013161762408, 5.999564548365155, 5.249891024583272, 4.179249915953819, 4.1776969959536325, 2.749650923299174, 2.846834438459673, 2.1618089971132974, 2.1433958150560994, 1.0967309515099863, 1.097085201796105, 2.161456548256291, 2.1589697844110742, 2.715783699045268, 2.7781123609386285, 4.660277683786665, 4.17778064168046, 4.290052463548669, 4.66373119937245, 6.245063677817866, 6.516244462878906, 7.025582496846792, 6.776239365606855, 8.563391784801158, 9.083256511295934, 8.763272636407017], [7.331918491772805, 6.057646165797404, 5.544815681336938, 4.565341640008993, 3.1451192203158214, 2.5603151427119277, 1.5311073966250701, 0.0, 1.5311661732156963, 2.5603134612777403, 3.146967653154382, 4.565160090292563, 5.528687612806497, 6.912398484607206, 7.261901426623746, 8.071076021200644, 7.863703550490698, 5.42749865499753, 6.45537152300315, 6.4787355502443535, 5.364850433143499, 5.134778466496876, 4.714892309480674, 3.442809413836322, 2.853716969147431, 2.7853100796859227, 3.482534321438914, 2.1635141598797083, 2.15533540313335, 1.0964614858717108, 1.0943177829131718, 2.1552487188257414, 2.163659018884445, 3.482128847415041, 2.7840822706953183, 2.8537603017772883, 3.4573796956654905, 4.724328051691584, 5.119290306282697, 5.717069733700998, 5.367649323493479, 7.051729746664997, 7.6545548877776035, 7.322846335954346], [8.580341045669455, 7.337502543781501, 6.979840219517923, 6.033474005910691, 4.562550389858725, 3.9067401833241995, 2.525421432157413, 1.5311661732156963, 0.0, 1.5315468161306727, 2.5599324248893756, 3.906537359350349, 5.084341610277578, 6.391768938251757, 8.489421630476366, 9.394093336240598, 9.003132555949623, 6.587659751383643, 7.7045054383782485, 7.9511941442779515, 6.786949314677398, 6.529226860050124, 6.233483082514944, 4.649797200954037, 4.291695265276881, 4.178202590827784, 4.66084320804723, 2.7782639057512157, 2.71570423095005, 2.1614650910898376, 2.1590076377817655, 1.0971528289167376, 1.09674160128993, 2.1430570827675117, 2.162160979205757, 2.8441869857658797, 2.760712388134628, 4.208528413828282, 4.161843804132971, 5.19546123746487, 5.234144563345571, 6.616787150120517, 7.233687531266471, 6.586252247674698], [9.327238957483612, 8.224384218286497, 7.799961134518557, 7.013952201861658, 5.587689097471333, 5.114672463608985, 3.9066884569926996, 2.5603134612777403, 1.5315468161306727, 0.0, 1.530337704560663, 2.525704295835124, 3.885276368548317, 5.0457660835595615, 9.068043527134174, 10.164789130129558, 9.779539127688993, 7.453943228251742, 8.740718020849316, 8.766652955946185, 7.409844587439065, 7.661811061361407, 7.120100601115128, 5.7545111990507065, 5.057815494855462, 5.205266173789771, 5.991271447697891, 4.227404529968713, 4.134112932661613, 2.7630200958371622, 2.831710710860133, 2.142716150123483, 2.1623412149797265, 1.097178950764186, 1.0968067970248907, 2.166355474062371, 2.1611965065676, 2.7512509300316466, 2.7550406929844065, 4.18096650309471, 4.179450205469614, 5.199909747293697, 5.971270098563622, 5.201355917450757], [8.761708532015888, 7.848930229018475, 7.544978082804483, 7.046959514570805, 5.648825199986277, 5.589991504465816, 4.563454896238156, 3.146967653154382, 2.5599324248893756, 1.530337704560663, 0.0, 1.5305395715237158, 2.525967056396421, 3.8792727436982313, 8.367232328554048, 9.661224188993856, 9.161737910462184, 7.010776420625607, 8.49986177593495, 8.547569255642214, 7.012675479444347, 7.809298611911316, 7.249151823489422, 5.714163339457492, 4.928715567975089, 5.770713495747298, 6.554538266727871, 4.725338338151037, 5.092194203877146, 3.4612035392331375, 2.840656033383838, 3.48132556506857, 2.784003487785171, 2.1541417269994096, 2.163230560989743, 1.0955915342863871, 1.0965974147334108, 2.1608937063169025, 2.161434942347329, 2.759413555449781, 2.759888724206105, 4.200411023935634, 4.679277920790771, 4.200258383718793], [9.908559413961246, 9.119172417494912, 8.771362065836753, 8.371060502708126, 7.042771328106572, 7.013552205551763, 6.033115938716907, 4.565160090292563, 3.906537359350349, 2.525704295835124, 1.5305395715237158, 0.0, 1.5285065946864607, 2.5200667491159834, 9.3964296783406, 10.801975027280891, 10.317658230431942, 8.296741380807287, 9.846565550992894, 9.737869301854486, 8.122974926712503, 9.198257324624052, 8.493781295748084, 7.161310121060252, 6.230348857808846, 7.079680770345511, 8.007694012011198, 6.247444928128618, 6.493780529860861, 4.671172227610539, 4.2781938525503955, 4.659821092059222, 4.176022837581231, 2.713527235905326, 2.781531276113932, 2.1530812409196267, 2.1605354544649344, 1.0969104019927973, 1.0968081737478073, 2.1625449012679483, 2.16270737040405, 2.781933509270126, 3.4708213033805126, 2.782009987401196], [9.713760316684779, 9.139363261737659, 8.911226415034017, 8.770406757385885, 7.5281495913670575, 7.78828524066755, 6.953113260978855, 5.528687612806497, 5.084341610277578, 3.885276368548317, 2.525967056396421, 1.5285065946864607, 0.0, 1.5203343612508406, 9.081646679429891, 10.634951647280772, 10.058438459820689, 8.296620023238379, 9.960492910493937, 9.869853113901948, 8.163018388439413, 9.657975820015288, 8.964783931027005, 7.564372065148566, 6.626347951926461, 7.918006481432053, 8.80757841520585, 7.062971346395227, 7.575582679899942, 5.703534219236349, 4.973474412319822, 5.9682998785248715, 5.187357534429259, 4.14446678234969, 4.1922637333545705, 2.7421850739875304, 2.7554113957810364, 2.159518450951508, 2.1588895942127286, 1.0962377570582031, 1.0962212459170821, 2.1685264167171217, 2.1591636830032135, 2.168579604257128], [11.041957537502126, 10.54745420184416, 10.276532781536776, 10.175081636036145, 8.976769850007296, 9.21025687263933, 8.37659590108058, 6.912398484607206, 6.391768938251757, 5.0457660835595615, 3.8792727436982313, 2.5200667491159834, 1.5203343612508406, 0.0, 10.34082955569813, 11.941017707465306, 11.394315186969335, 9.73131668172401, 11.40468540600748, 11.196154314763618, 9.468189848117749, 11.094004785919285, 10.303901894913402, 9.058613508147923, 8.041778686957256, 9.260577131583107, 10.244271519732383, 8.533599466227601, 8.937634265844626, 6.975704619606538, 6.421986211445802, 7.177371435978494, 6.5483901273519125, 5.122444523857726, 5.193430039963955, 4.155659761096907, 4.167752181932126, 2.750905423674176, 2.7496015293129292, 2.1462533377958906, 2.1462443360437784, 1.0946854297011537, 1.0945549871979938, 1.094689595273473], [1.0946986617329904, 2.1690796527559795, 2.7787379635366847, 4.2324250306414175, 4.740337547052952, 6.2619921478711555, 7.129340201589485, 7.261901426623746, 8.489421630476366, 9.068043527134174, 8.367232328554048, 9.3964296783406, 9.081646679429891, 10.34082955569813, 0.0, 1.7749178093647047, 1.7721790146596366, 2.4968947955410536, 3.065390502040483, 3.0537599676464424, 2.5861800749367783, 4.741761213937286, 4.872579181501313, 4.563408159479054, 4.572586571077687, 6.677590994512918, 6.63471886744269, 7.0021687990222, 8.15177656771823, 7.5732839812065675, 6.401995827864932, 9.327806613025379, 8.410644525837482, 10.05483654466844, 9.332777984073124, 7.4313446703809936, 8.236022958321572, 9.698423179568934, 10.327287133124553, 8.960769864805142, 8.229057008552074, 10.623710617764397, 10.315102600556138, 11.203140958231312], [1.0947293135748222, 2.16966488887109, 2.7828821390781173, 4.187170561369574, 5.136935005428821, 6.536684821069469, 7.637221091470378, 8.071076021200644, 9.394093336240598, 10.164789130129558, 9.661224188993856, 10.801975027280891, 10.634951647280772, 11.941017707465306, 1.7749178093647047, 0.0, 1.7717405481616098, 3.059943367122993, 2.5015769706327244, 2.519455006544074, 3.1537060310054263, 4.3427795776437925, 4.7923157690202345, 5.002258286014428, 5.297247738212741, 6.931852123350584, 6.643640967120365, 7.521826699678742, 8.551427790725944, 8.346118914201977, 7.3720181422728475, 10.103562113433064, 9.335547251768372, 11.159004982972272, 10.390314923523734, 8.741552391880976, 9.550503313438512, 11.063464011782205, 11.714151995769903, 10.53514896430041, 9.807595002853656, 12.188595122490534, 11.982784479827718, 12.784528414454716], [1.0945432563402875, 2.159806912666037, 3.4704861806380958, 4.708411445487745, 5.199043602433047, 6.642639052364655, 7.457700954717881, 7.863703550490698, 9.003132555949623, 9.779539127688993, 9.161737910462184, 10.317658230431942, 10.058438459820689, 11.394315186969335, 1.7721790146596366, 1.7717405481616098, 0.0, 2.462360497571385, 2.4751266694858267, 3.7228623047327445, 3.772563730409335, 4.850428382112244, 5.5691853748999955, 4.7166716919879, 5.344997984096906, 7.263133734828238, 6.779107530493966, 7.1107852034778825, 8.430292448663925, 8.34948328341341, 7.081400070607506, 9.782081511109995, 8.749747764364411, 10.691707394986079, 10.182191516564593, 8.344509319906114, 8.860561418442964, 10.745659080298426, 11.151546074423939, 9.785542571058592, 9.321358684762643, 11.792841050824013, 11.384862302197599, 12.165056250178212], [2.1391148777005875, 1.0951155098892535, 2.168777648815111, 2.847828607904626, 2.8548