{"total energy": -17.87411337, "HOMO-LUMO gap/eV": 4.95489998, "electronic energy": -18.17906871, "dipole": [-0.0187129, 0.20158688, 0.03583372], "partial charges": [-0.09499194, -0.02787849, -0.05252307, -0.05244683, -0.02792178, -0.09436721, 0.03462528, 0.03328499, 0.03259056, 0.03926764, 0.0356993, 0.03824798, 0.03843068, 0.03070521, 0.0348981, 0.03237958], "atomic dipole moments": [[0.07233888, -0.01284974, -0.03047301], [-0.11500763, 0.09568089, 0.03517676], [-0.06436625, -0.06214754, -0.05106274], [0.04387592, -0.03499868, 0.082167], [0.10323494, 0.11342299, -0.0074122], [-0.04062542, -0.06056625, -0.03408893], [0.07654281, 0.11462562, -0.06385174], [0.05516008, -0.14018206, 0.00302063], [-0.06400356, -0.12275812, 0.06165772], [-0.01318503, 0.03523051, 0.12058072], [0.07034802, 0.09170701, -0.04602238], [-0.03790724, 0.11692793, -0.00973244], [0.01694335, -0.03352526, -0.12352914], [-0.04712585, 0.03533618, 0.13857139], [0.03669131, -0.0451063, -0.14114737], [-0.105911, -0.07009664, 0.08072019]], "atomic quadrupole moments": [[-0.16752472, 0.08427014, -0.23818929, 0.37613516, 0.1512336, 0.40571401], [-0.22759439, -0.00234347, -0.1037908, 0.4065534, 0.15970484, 0.33138519], [0.11844301, -0.09456338, -0.00141137, 0.11768759, 0.01359105, -0.11703164], [0.16277378, 0.10509682, -0.09366275, 0.07115882, -0.05793401, -0.06911103], [0.18567949, -0.33645042, -0.00342817, 0.13012955, -0.32446634, -0.18225131], [0.13814103, -0.41233746, 0.0278685, 0.21566074, -0.23983853, -0.16600953], [0.00866507, 0.00761254, 0.02863978, -0.03684985, -0.02374228, -0.03730485], [0.01284334, -0.02221446, 0.03387664, -0.03484127, -0.01170744, -0.04671998], [0.0243329, -0.00914608, 0.01643957, -0.04537695, -0.00946952, -0.04077247], [-0.02229095, -0.01034692, -0.03436291, -0.02325839, 0.01175693, 0.05665386], [0.01829901, 0.02361836, 0.00398707, -0.0238599, -0.03952804, -0.02228608], [-0.01275511, -0.0235062, 0.05618073, 0.0012456, 0.0064647, -0.04342563], [-0.01447752, 0.00055854, -0.0187763, -0.01467174, 0.04230415, 0.03325381], [-0.02111903, 0.04733713, 0.00651803, -0.01568068, 0.0283379, 0.014601], [-0.02055775, 0.02955543, -0.01117265, -0.02504429, 0.02766495, 0.03173039], [-0.00518907, 0.05040236, -0.00273128, -0.02863771, 0.01405353, 0.00792034]], "number of molecular orbitals": 34, "number of electrons": 34, "number of unpaired electrons": 0, "orbital energies/eV": [-17.00814549, -16.64944522, -16.26916871, -15.56382076, -14.83904348, -14.66886644, -13.87655377, -13.66515149, -13.41525381, -13.08015295, -12.66368161, -12.08578528, -12.07410489, -11.65034986, -11.49510506, -10.92793043, -10.6490419, -5.69414193, -5.43331571, 2.52113868, 2.63818474, 3.18478746, 3.54007772, 4.09542099, 4.62103377, 4.9330598, 5.05951082, 5.3929315, 6.62918212, 6.86881506, 11.15143252, 11.30123725, 15.40237929, 15.55465238], "fractional occupation": [2.0, 2.0, 2.0, 2.0, 2.0, 2.0, 2.0, 2.0, 2.0, 2.0, 2.0, 2.0, 2.0, 2.0, 2.0, 2.0, 2.0, 0.0, 0.0, 0.0, 0.0, 0.0, 0.0, 0.0, 0.0, 0.0, 0.0, 0.0, 0.0, 0.0, 0.0, 0.0, 0.0, 0.0], "program call": "xtb /home/svss/Project-DBcg-Debug/aqme2_20220329/End-to-End-workflows-final/example-3/QDESCP/mol_943_rdkit_conf_3/mol_943_rdkit_conf_3.xyz --pop --wbo --acc 0.2 --gfn 2 --chrg 0 --uhf 0 --etemp 300 --input /home/svss/Project-DBcg-Debug/aqme2_20220329/End-to-End-workflows-final/example-3/QDESCP/mol_943_rdkit_conf_3/mol_943_rdkit_conf_3_xtb.inp", "method": "GFN2-xTB", "xtb version": "6.3.3 (7355c4f)", "Dipole module/D": 0.523, "Total charge": 0, "Transition dipole module/D": NaN, "HOMO": -10.649, "LUMO": -5.6941, "HOMO occupancy": 2.0, "LUMO occupancy": 0, "mulliken charges": [-0.08583, -0.02204, -0.03925, -0.03945, -0.02335, -0.08508, 0.02838, 0.03162, 0.02608, 0.03236, 0.02842, 0.03302, 0.02931, 0.02525, 0.02927, 0.0313], "cm5 charges": [-0.18785, -0.0858, -0.14428, -0.14447, -0.08752, -0.18712, 0.0812, 0.08385, 0.08208, 0.08739, 0.08354, 0.08765, 0.08488, 0.08079, 0.08212, 0.08355], "FUKUI+": [-0.069, -0.072, 0.017, 0.016, -0.073, -0.066, -0.094, -0.095, -0.07, -0.059, -0.057, -0.068, -0.042, -0.085, -0.087, -0.096], "FUKUI-": [-0.062, -0.048, 0.004, 0.002, -0.046, -0.063, -0.086, -0.092, -0.066, -0.078, -0.063, -0.108, -0.055, -0.074, -0.077, -0.089], "FUKUIrad": [-0.066, -0.06, 0.011, 0.009, -0.059, -0.065, -0.09, -0.094, -0.068, -0.068, -0.06, -0.088, -0.049, -0.08, -0.082, -0.092], "s proportion": [1.048, 1.071, 1.028, 1.029, 1.072, 1.048, 0.972, 0.968, 0.974, 0.968, 0.972, 0.967, 0.971, 0.975, 0.971, 0.969], "p proportion": [3.038, 2.951, 3.011, 3.011, 2.952, 3.037, 0.0, 0.0, 0.0, 0.0, 0.0, 0.0, 0.0, 0.0, 0.0, 0.0], "d proportion": [0.0, 0.0, 0.0, 0.0, 0.0, 0.0, 0.0, 0.0, 0.0, 0.0, 0.0, 0.0, 0.0, 0.0, 0.0, 0.0], "Fermi-level/eV": -8.1716, "Coordination numbers": [2.834, 2.884, 3.803, 3.803, 2.884, 2.834, 0.925, 0.925, 0.925, 0.924, 0.924, 0.924, 0.924, 0.925, 0.925, 0.925], "Dispersion coefficient C6": [30.378, 28.695, 21.515, 21.513, 28.696, 30.361, 2.522, 2.54, 2.55, 2.459, 2.507, 2.472, 2.47, 2.576, 2.518, 2.553], "Total dispersion C6": 2192.38814, "Total dispersion C8": 49140.513018, "Polarizability alpha": [9.032, 8.782, 6.604, 6.603, 8.782, 9.03, 2.483, 2.492, 2.497, 2.452, 2.476, 2.459, 2.458, 2.51, 2.481, 2.499], "Total polarizability alpha": 73.640669, "Wiberg matrix": [[0.0, 1.976948407662655, 0.0, 0.0, 0.0, 0.0, 0.9765023068948746, 0.9781693906406442, 0.0, 0.0, 0.0, 0.0, 0.0, 0.0, 0.0, 0.0], [1.976948407662655, 0.0, 1.0266682067839301, 0.0, 0.0, 0.0, 0.0, 0.0, 0.967666269692381, 0.0, 0.0, 0.0, 0.0, 0.0, 0.0, 0.0], [0.0, 1.0266682067839301, 0.0, 0.9782005529259901, 0.0, 0.0, 0.0, 0.0, 0.0, 0.9624370422807751, 0.9746884913444044, 0.0, 0.0, 0.0, 0.0, 0.0], [0.0, 0.0, 0.9782005529259901, 0.0, 1.0273953921437293, 0.0, 0.0, 0.0, 0.0, 0.0, 0.0, 0.960472646489199, 0.9755823813299025, 0.0, 0.0, 0.0], [0.0, 0.0, 0.0, 1.0273953921437293, 0.0, 1.9751483785762478, 0.0, 0.0, 0.0, 0.0, 0.0, 0.0, 0.0, 0.9677931409055509, 0.0, 0.0], [0.0, 0.0, 0.0, 0.0, 1.9751483785762478, 0.0, 0.0, 0.0, 0.0, 0.0, 0.0, 0.0, 0.0, 0.0, 0.9768024441923917, 0.9782508174345261], [0.9765023068948746, 0.0, 0.0, 0.0, 0.0, 0.0, 0.0, 0.0, 0.0, 0.0, 0.0, 0.0, 0.0, 0.0, 0.0, 0.0], [0.9781693906406442, 0.0, 0.0, 0.0, 0.0, 0.0, 0.0, 0.0, 0.0, 0.0, 0.0, 0.0, 0.0, 0.0, 0.0, 0.0], [0.0, 0.967666269692381, 0.0, 0.0, 0.0, 0.0, 0.0, 0.0, 0.0, 0.0, 0.0, 0.0, 0.0, 0.0, 0.0, 0.0], [0.0, 0.0, 0.9624370422807751, 0.0, 0.0, 0.0, 0.0, 0.0, 0.0, 0.0, 0.0, 0.0, 0.0, 0.0, 0.0, 0.0], [0.0, 0.0, 0.9746884913444044, 0.0, 0.0, 0.0, 0.0, 0.0, 0.0, 0.0, 0.0, 0.0, 0.0, 0.0, 0.0, 0.0], [0.0, 0.0, 0.0, 0.960472646489199, 0.0, 0.0, 0.0, 0.0, 0.0, 0.0, 0.0, 0.0, 0.0, 0.0, 0.0, 0.0], [0.0, 0.0, 0.0, 0.9755823813299025, 0.0, 0.0, 0.0, 0.0, 0.0, 0.0, 0.0, 0.0, 0.0, 0.0, 0.0, 0.0], [0.0, 0.0, 0.0, 0.0, 0.9677931409055509, 0.0, 0.0, 0.0, 0.0, 0.0, 0.0, 0.0, 0.0, 0.0, 0.0, 0.0], [0.0, 0.0, 0.0, 0.0, 0.0, 0.9768024441923917, 0.0, 0.0, 0.0, 0.0, 0.0, 0.0, 0.0, 0.0, 0.0, 0.0], [0.0, 0.0, 0.0, 0.0, 0.0, 0.9782508174345261, 0.0, 0.0, 0.0, 0.0, 0.0, 0.0, 0.0, 0.0, 0.0, 0.0]], "Born radii": [], "Atomic SASAs": [], "Solvent H bonds": [], "Total SASA": NaN, "Total FOD": 0.0, "FOD": [0.0, 0.0, 0.0, 0.0, 0.0, 0.0, 0.0, 0.0, 0.0, 0.0, 0.0, 0.0, 0.0, 0.0, 0.0, 0.0], "FOD s proportion": [0.0, 0.0, 0.0, 0.0, 0.0, 0.0, 0.0, 0.0, 0.0, 0.0, 0.0, 0.0, 0.0, 0.0, 0.0, 0.0], "FOD p proportion": [0.0, 0.0, 0.0, 0.0, 0.0, 0.0, 0.0, 0.0, 0.0, 0.0, 0.0, 0.0, 0.0, 0.0, 0.0, 0.0], "FOD d proportion": [0.0, 0.0, 0.0, 0.0, 0.0, 0.0, 0.0, 0.0, 0.0, 0.0, 0.0, 0.0, 0.0, 0.0, 0.0, 0.0], "coordinates": [["2.57310", "-0.65840", "-0.14240"], ["1.37280", "-0.45380", "0.41470"], ["0.68380", "0.88270", "0.47160"], ["-0.65220", "0.90340", "-0.28340"], ["-1.72940", "0.09930", "0.39390"], ["-2.35700", "-0.94000", "-0.17080"], ["3.13520", "0.14770", "-0.60330"], ["3.01990", "-1.64800", "-0.14770"], ["0.85230", "-1.29550", "0.86800"], ["0.52760", "1.15250", "1.52340"], ["1.33360", "1.65720", "0.04500"], ["-1.00230", "1.94140", "-0.34260"], ["-0.50200", "0.56570", "-1.31660"], ["-2.01050", "0.40240", "1.40040"], ["-2.11320", "-1.27680", "-1.17380"], ["-3.13160", "-1.47980", "0.36510"]], "bond_dist": [[0.0, 1.339007714690248, 2.5142473426455085, 3.5863157041732956, 4.401503519253393, 4.938217404084191, 1.0854411223092666, 1.0858022333740154, 2.094745142016088, 3.199737286090844, 2.6331506546341017, 4.425214711175041, 3.5118949955828693, 4.95125412799626, 4.838141400372669, 5.785832377454432], [1.339007714690248, 0.0, 1.5047228515577211, 2.5357366681104723, 3.1511897895874186, 3.806653219036375, 2.1223053526766598, 2.110769009152825, 1.0885127606050378, 2.126917586555718, 2.1434868159146676, 3.457106642844562, 2.748027470750611, 3.626486153289435, 3.918272227653408, 4.620038476030259], [2.5142473426455085, 1.5047228515577211, 0.0, 1.5347147910931203, 2.5383630729271176, 3.602967900217819, 2.7757876305654223, 3.4993339637708205, 2.2203784474724126, 1.097029498236032, 1.0973048118002582, 2.1509766479439056, 2.168932889694838, 2.8900882374072943, 3.8979469480740754, 4.488877995668851], [3.5863157041732956, 2.5357366681104723, 1.5347147910931203, 0.0, 1.5052149148875718, 2.513393196457729, 3.8752828619340813, 4.473519292458679, 2.902482285906324, 2.172212026943963, 2.1492935211366544, 1.0970499760721935, 1.097316531361849, 2.2206220592437607, 2.771390481328822, 3.49965981918243], [4.401503519253393, 3.1511897895874186, 2.5383630729271176, 1.5052149148875718, 0.0, 1.3389967662395603, 4.965992706398188, 5.0894241658560935, 2.9724422181095465, 2.7347850902767483, 3.454092155690117, 2.1129219270952726, 2.156351077630913, 1.0880850472274675, 2.1209990429040744, 2.112001678503121], [4.938217404084191, 3.806653219036375, 3.602967900217819, 2.513393196457729, 1.3389967662395603, 0.0, 5.61555058565053, 5.42336161619341, 3.3919157094479813, 3.9458569474830183, 4.518024550619441, 3.188603658343257, 2.6497198210376887, 2.0954162951547364, 1.0857631785983535, 1.0856233278628458], [1.0854411223092666, 2.1223053526766598, 2.7757876305654223, 3.8752828619340813, 4.965992706398188, 5.61555058565053, 0.0, 1.8561799320109027, 3.075578374875204, 3.5117023920030586, 2.4381644120116266, 4.517104208450366, 3.729979186269006, 5.527921333557488, 5.468123358154971, 6.5467042891824585], [1.0858022333740154, 2.110769009152825, 3.4993339637708205, 4.473519292458679, 5.0894241658560935, 5.42336161619341, 1.8561799320109027, 0.0, 2.4195851917219198, 4.104501766353621, 3.715519885561104, 5.394429646403779, 4.320946020259915, 5.6485111250664986, 5.247798229734066, 6.175128122557459], [2.094745142016088, 1.0885127606050378, 2.2203784474724126, 2.902482285906324, 2.9724422181095465, 3.3919157094479813, 3.075578374875204, 2.4195851917219198, 0.0, 2.5549331204554067, 3.102807757499649, 3.9220677110422253, 3.1734320679667936, 3.370747396349955, 3.600484297979926, 4.019743040294989], [3.199737286090844, 2.126917586555718, 1.097029498236032, 2.172212026943963, 2.7347850902767483, 3.9458569474830183, 3.5117023920030586, 4.104501766353621, 2.5549331204554067, 0.0, 1.7578465945582396, 2.5386833634780057, 3.0773382004583114, 2.6494774239460885, 4.488898636636831, 4.654074217285324], [2.6331506546341017, 2.1434868159146676, 1.0973048118002582, 2.1492935211366544, 3.454092155690117, 4.518024550619441, 2.4381644120116266, 3.715519885561104, 3.102807757499649, 1.7578465945582396, 0.0, 2.3848337908541968, 2.532736498335348, 3.8202927911352553, 4.68767102941322, 5.466373939825193], [4.425214711175041, 3.457106642844562, 2.1509766479439056, 1.0970499760721935, 2.1129219270952726, 3.188603658343257, 4.517104208450366, 5.394429646403779, 3.9220677110422253, 2.5386833634780057, 2.3848337908541968, 0.0, 1.7582737500173289, 2.5343711725001925, 3.504540410667282, 4.0913771788971], [3.5118949955828693, 2.748027470750611, 2.168932889694838, 1.097316531361849, 2.156351077630913, 2.6497198210376887, 3.729979186269006, 4.320946020259915, 3.1734320679667936, 3.0773382004583114, 2.532736498335348, 1.7582737500173289, 0.0, 3.111965317930134, 2.4517674298350567, 3.731887096362911], [4.95125412799626, 3.626486153289435, 2.8900882374072943, 2.2206220592437607, 1.0880850472274675, 2.0954162951547364, 5.527921333557488, 5.6485111250664986, 3.370747396349955, 2.6494774239460885, 3.8202927911352553, 2.5343711725001925, 3.111965317930134, 0.0, 3.075185452944261, 2.423094744330069], [4.838141400372669, 3.918272227653408, 3.8979469480740754, 2.771390481328822, 2.1209990429040744, 1.0857631785983535, 5.468123358154971, 5.247798229734066, 3.600484297979926, 4.488898636636831, 4.68767102941322, 3.504540410667282, 2.4517674298350567, 3.075185452944261, 0.0, 1.8564915216612223], [5.785832377454432, 4.620038476030259, 4.488877995668851, 3.49965981918243, 2.112001678503121, 1.0856233278628458, 6.5467042891824585, 6.175128122557459, 4.019743040294989, 4.654074217285324, 5.466373939825193, 4.0913771788971, 3.731887096362911, 2.423094744330069, 1.8564915216612223, 0.0]]}