{"total energy": -68.90791309, "HOMO-LUMO gap/eV": 3.45963891, "electronic energy": -69.5315027, "dipole": [2.37997806, -1.88380532, -0.5112615], "partial charges": [-0.19165987, 0.96040793, -0.54674575, -0.54572982, -0.07641997, -0.02769093, -0.02371034, 0.01242094, -0.03713889, -0.02691928, 0.1045537, -0.47153265, 0.03342498, 0.07622544, -0.45294835, -0.1681397, 0.27147761, -0.4040293, 0.10609249, -0.12267913, -0.13477096, 0.09494235, 0.0775538, 0.07737034, 0.06703269, 0.07538202, 0.04786701, 0.06735929, 0.04472709, 0.33418761, 0.06805317, 0.0519974, 0.04335407, 0.29604705, 0.20832704, 0.11131095], "atomic dipole moments": [[-0.02019575, 0.12549409, 0.06458074], [0.04493952, -0.08212316, -0.02760888], [0.01612632, -0.12617353, 0.14171168], [0.11715334, 0.03751586, -0.14414175], [-0.15089144, -0.01534214, -0.06373769], [-0.01503003, 0.02215738, -0.03468867], [-0.01171829, 0.02230394, -0.03255974], [0.09361721, 0.02984033, 0.04644633], [-0.01327849, -0.00859221, 0.01578288], [-0.03424375, -0.01481015, 0.02470659], [0.01803119, -0.11603737, 0.10796482], [0.12415666, 0.05518362, -0.20452569], [0.10496887, 0.04202715, 0.10928635], [0.12755489, -0.02103438, -0.15665009], [-0.1559742, 0.0217838, 0.18393412], [-0.04453157, -0.06813964, 0.07199488], [0.05090423, 0.01304623, -0.00452202], [0.08431461, -0.03244376, -0.18109], [0.05330487, 0.00713507, -0.20194649], [-0.00186047, -0.02069499, 0.05084219], [0.03645619, 0.06271181, 0.06517489], [-0.11748406, -0.02460719, -0.0561619], [0.02835885, -0.08319333, 0.09397599], [0.0930408, 0.0204757, -0.08660173], [-0.10741224, -0.07808917, 0.08302579], [0.02454111, -0.05305042, 0.1443921], [0.09846385, 0.08427294, -0.07857274], [-0.03067767, 0.06165839, -0.1407096], [0.02106166, 0.12385462, -0.00801492], [0.06244501, 0.02625425, 0.01943388], [-0.01043116, -0.01678447, -0.12506397], [0.04434758, -0.00548881, 0.11986814], [-0.10487651, -0.06669243, -0.00806719], [-0.00769273, -0.06717467, 0.0471105], [0.08237211, -0.06319093, -0.09234551], [0.05797589, 0.02249217, 0.12883704]], "atomic quadrupole moments": [[-0.21642094, -0.07790499, 0.29837559, -0.04287457, 0.27019125, -0.08195465], [0.04638823, 0.03829898, 0.09338858, 0.16430226, 0.25910867, -0.13977681], [-0.08178821, -0.02407814, 0.03536592, 0.03150881, -0.12602139, 0.0464223], [0.0287492, 0.02857549, -0.08254759, -0.12577981, -0.02516532, 0.05379839], [0.14257612, -0.14629197, 0.08945289, 0.1130797, 0.29421242, -0.23202901], [-0.17536706, -0.26358468, 0.30672662, -0.07997604, 0.27847031, -0.13135956], [-0.15510866, -0.24615054, 0.31283432, -0.09999745, 0.2901384, -0.15772566], [-0.05290113, -0.18546579, 0.21478273, -0.00659214, 0.32091875, -0.16188161], [-0.14197207, -0.23055737, 0.27487254, -0.10848807, 0.28140405, -0.13290047], [-0.13439907, -0.22748273, 0.2921832, -0.13549041, 0.29596489, -0.15778412], [-0.06383441, -0.06257347, -0.26316407, -0.02790883, 0.00236145, 0.32699848], [-0.04316561, 0.01547686, -0.12485703, -0.0268336, -0.0375037, 0.16802264], [0.16623581, 0.05689525, 0.05357296, -0.02493455, -0.0218222, -0.21980877], [-0.034045, -0.2790354, 0.14725059, -0.26487209, 0.07312274, -0.1132056], [0.01088551, -0.10325747, 0.00183112, -0.11642485, 0.05836012, -0.01271663], [0.00732482, 0.04306077, 0.02342186, 0.03202927, -0.04313862, -0.03074668], [-0.18728065, -0.1813625, 0.41819578, 0.03849685, -0.21281724, -0.23091513], [-0.07693446, -0.06481796, 0.12509915, 0.01689821, -0.06925509, -0.04816469], [-0.11452066, -0.12769654, 0.25558818, -0.22924735, -0.06652082, -0.14106752], [-0.29505374, 0.03831076, 0.3272758, -0.05418736, -0.3996234, -0.03222206], [-0.09211918, -0.3203168, 0.21804537, -0.20009184, 0.27695357, -0.12592619], [0.04036582, 0.03802894, -0.02493615, 0.05472619, 0.02874758, -0.01542967], [-0.04539997, -0.03114802, 0.04098553, 0.02112645, -0.05885347, 0.00441444], [0.02125215, -0.00254857, -0.03895852, -0.07446797, 0.00712708, 0.01770636], [0.02070532, 0.02547653, -0.03831448, 0.02904522, -0.02813158, 0.01760916], [0.0292472, 0.02993432, -0.03482668, 0.01591, -0.02923438, 0.00557949], [0.02638797, 0.02967689, -0.03994486, 0.01949153, -0.03136686, 0.01355689], [0.03215188, 0.03617696, -0.03675216, 0.01355882, -0.02532267, 0.00460028], [-0.02272168, 0.02196355, 0.00101226, 0.00499191, -0.02373562, 0.02170941], [0.06746817, 0.05010992, -0.05989059, 0.06210433, 0.0110937, -0.00757758], [0.01318843, 0.01595685, -0.03834333, 0.0157568, 0.00810137, 0.0251549], [-0.01713909, -0.01707599, -0.01265299, 0.01484565, 0.03037347, 0.02979208], [0.04868965, 0.00927035, -0.01046368, -0.00210349, 0.01534098, -0.03822597], [-0.06833, -0.01741933, 0.09218988, -0.01773779, -0.07809004, -0.02385988], [0.01932662, 0.02847808, -0.04419254, -0.00607845, 0.03874927, 0.02486593], [-0.00690641, -0.00492373, 0.00977213, 0.00946668, 0.00305289, -0.00286572]], "number of molecular orbitals": 114, "number of electrons": 118, "number of unpaired electrons": 0, "orbital energies/eV": [-29.71407172, -29.61231753, -21.03643989, -20.34924226, -19.41838504, -19.03140905, -18.90936162, -18.61987839, -18.31547712, -18.17568372, -18.11059215, -17.74152428, -17.43564696, -17.39431613, -17.35242474, -17.12718642, -16.76962736, -16.55951735, -16.4247583, -16.31206823, -16.16288954, -16.05913534, -15.91683316, -15.8966233, -15.44399973, -15.33863527, -15.17227991, -15.02962023, -14.77983285, -14.59552751, -14.55832912, -14.48835842, -14.45722323, -14.34636165, -14.04378377, -13.98761762, -13.95850106, -13.80582974, -13.6551683, -13.59877618, -13.53403436, -13.43973418, -13.22345575, -12.89062413, -12.64537033, -12.52456044, -12.39522031, -12.347062, -12.2212805, -12.18163876, -12.08318742, -11.99027464, -11.9045587, -11.79765648, -11.7811773, -11.70509016, -11.66037042, -11.25343504, -11.18094145, -7.72130255, -7.25887388, -6.88173608, -6.07641509, -4.46790969, -4.08730565, -2.97915971, -2.43379749, -2.01434573, -1.53463369, -1.31854699, -1.03801091, -0.65806852, -0.57055021, -0.54500579, -0.52537474, -0.49669036, -0.45693573, -0.4562278, -0.44279005, 0.46312495, 1.18535296, 1.79860005, 2.00112781, 2.543571, 2.61123991, 2.67066734, 2.8975797, 2.96379635, 3.00775989, 3.0963892, 3.1429335, 3.27384811, 3.57790851, 3.74310692, 3.93369127, 4.12394165, 4.73257177, 5.21716678, 5.40663258, 5.84157867, 5.86822268, 6.65559344, 6.86031235, 7.82687425, 8.45120412, 9.89560729, 10.0662972, 11.63700166, 13.34706166, 14.43641696, 15.72868052, 16.14844569, 25.6733186, 30.77735792], "fractional occupation": [2.0, 2.0, 2.0, 2.0, 2.0, 2.0, 2.0, 2.0, 2.0, 2.0, 2.0, 2.0, 2.0, 2.0, 2.0, 2.0, 2.0, 2.0, 2.0, 2.0, 2.0, 2.0, 2.0, 2.0, 2.0, 2.0, 2.0, 2.0, 2.0, 2.0, 2.0, 2.0, 2.0, 2.0, 2.0, 2.0, 2.0, 2.0, 2.0, 2.0, 2.0, 2.0, 2.0, 2.0, 2.0, 2.0, 2.0, 2.0, 2.0, 2.0, 2.0, 2.0, 2.0, 2.0, 2.0, 2.0, 2.0, 2.0, 2.0, 0.0, 0.0, 0.0, 0.0, 0.0, 0.0, 0.0, 0.0, 0.0, 0.0, 0.0, 0.0, 0.0, 0.0, 0.0, 0.0, 0.0, 0.0, 0.0, 0.0, 0.0, 0.0, 0.0, 0.0, 0.0, 0.0, 0.0, 0.0, 0.0, 0.0, 0.0, 0.0, 0.0, 0.0, 0.0, 0.0, 0.0, 0.0, 0.0, 0.0, 0.0, 0.0, 0.0, 0.0, 0.0, 0.0, 0.0, 0.0, 0.0, 0.0, 0.0, 0.0, 0.0, 0.0, 0.0], "program call": "xtb /home/svss/Project-DBcg-Debug/aqme2_20220329/End-to-End-workflows-final/example-3/QDESCP/mol_411_rdkit_conf_1/mol_411_rdkit_conf_1.xyz --pop --wbo --acc 0.2 --gfn 2 --chrg 0 --uhf 0 --etemp 300 --input /home/svss/Project-DBcg-Debug/aqme2_20220329/End-to-End-workflows-final/example-3/QDESCP/mol_411_rdkit_conf_1/mol_411_rdkit_conf_1_xtb.inp", "method": "GFN2-xTB", "xtb version": "6.3.3 (7355c4f)", "Dipole module/D": 7.824, "Total charge": 0, "Transition dipole module/D": NaN, "HOMO": -11.1809, "LUMO": -7.7213, "HOMO occupancy": 2.0, "LUMO occupancy": 0, "mulliken charges": [-0.02454, 0.4733, -0.41594, -0.41381, 0.04556, -0.02061, -0.01603, 0.00102, -0.04283, -0.0165, 0.20919, -0.5933, 0.10095, 0.19112, -0.57811, -0.3395, 0.46283, -0.53935, 0.13932, -0.09363, -0.10107, 0.0795, 0.05664, 0.05646, 0.05996, 0.05837, 0.03645, 0.06029, 0.03808, 0.37461, 0.04076, 0.03953, 0.02271, 0.34513, 0.23367, 0.06978], "cm5 charges": [-0.15275, 0.51152, -0.4671, -0.46471, 0.05213, -0.07097, -0.06747, -0.00931, -0.09576, -0.06684, 0.1759, -0.79724, 0.09628, 0.11251, -0.78948, -0.68526, 0.55482, -0.60817, 0.09662, -0.0958, -0.10449, 0.1352, 0.11208, 0.11189, 0.11949, 0.11844, 0.09279, 0.12003, 0.10968, 0.57009, 0.11473, 0.10888, 0.08752, 0.51284, 0.43019, 0.13174], "FUKUI+": [0.015, -0.068, -0.018, -0.019, -0.034, -0.022, -0.013, -0.042, -0.014, -0.019, 0.006, -0.015, 0.011, 0.009, -0.003, -0.047, -0.057, -0.111, 0.013, -0.096, -0.076, -0.03, -0.014, -0.014, -0.044, -0.037, -0.035, -0.042, -0.019, -0.007, -0.025, -0.011, -0.018, -0.018, -0.042, -0.046], "FUKUI-": [0.012, -0.119, -0.05, -0.052, -0.013, -0.009, -0.01, -0.011, -0.011, -0.008, 0.004, -0.064, 0.001, 0.009, -0.026, -0.013, -0.005, -0.046, 0.013, -0.087, -0.082, -0.039, -0.032, -0.032, -0.029, -0.031, -0.031, -0.03, -0.041, -0.023, -0.025, -0.023, -0.02, -0.022, -0.02, -0.034], "FUKUIrad": [0.014, -0.094, -0.034, -0.035, -0.023, -0.016, -0.011, -0.027, -0.012, -0.013, 0.005, -0.04, 0.006, 0.009, -0.015, -0.03, -0.031, -0.078, 0.013, -0.091, -0.079, -0.034, -0.023, -0.023, -0.037, -0.034, -0.033, -0.036, -0.03, -0.015, -0.025, -0.017, -0.019, -0.02, -0.031, -0.04], "s proportion": [1.025, 1.721, 1.724, 1.724, 1.087, 1.069, 1.066, 1.099, 1.066, 1.067, 1.022, 1.711, 1.052, 1.0, 1.701, 1.444, 1.01, 1.726, 1.097, 1.951, 1.95, 0.921, 0.943, 0.944, 0.94, 0.942, 0.964, 0.94, 0.962, 0.625, 0.959, 0.96, 0.977, 0.655, 0.766, 0.93], "p proportion": [2.999, 2.914, 4.692, 4.69, 2.868, 2.951, 2.95, 2.9, 2.977, 2.95, 2.768, 4.882, 2.847, 2.809, 4.877, 3.895, 2.527, 4.813, 2.764, 5.155, 5.163, 0.0, 0.0, 0.0, 0.0, 0.0, 0.0, 0.0, 0.0, 0.0, 0.0, 0.0, 0.0, 0.0, 0.0, 0.0], "d proportion": [0.0, 0.892, 0.0, 0.0, 0.0, 0.0, 0.0, 0.0, 0.0, 0.0, 0.0, 0.0, 0.0, 0.0, 0.0, 0.0, 0.0, 0.0, 0.0, -0.012, -0.012, 0.0, 0.0, 0.0, 0.0, 0.0, 0.0, 0.0, 0.0, 0.0, 0.0, 0.0, 0.0, 0.0, 0.0, 0.0], "Fermi-level/eV": -9.4511, "Coordination numbers": [3.745, 3.743, 0.86, 0.86, 2.961, 2.947, 2.914, 2.958, 2.915, 2.946, 3.724, 1.651, 3.779, 3.672, 1.652, 2.681, 2.814, 0.857, 3.677, 1.054, 1.047, 0.925, 0.925, 0.925, 0.925, 0.925, 0.925, 0.925, 0.924, 0.803, 0.923, 0.924, 0.924, 0.804, 0.86, 0.924], "Dispersion coefficient C6": [24.339, 107.794, 24.844, 24.821, 29.906, 28.692, 28.596, 27.736, 28.924, 28.673, 18.961, 22.29, 20.034, 19.536, 21.906, 24.639, 22.419, 21.761, 19.045, 102.999, 103.38, 1.832, 2.004, 2.006, 2.118, 2.027, 2.347, 2.115, 2.387, 0.627, 2.107, 2.295, 2.405, 0.733, 1.065, 1.685], "Total dispersion C6": 19278.254446, "Total dispersion C8": 522454.225653, "Polarizability alpha": [7.037, 17.474, 6.683, 6.68, 8.97, 8.785, 8.769, 8.638, 8.819, 8.782, 6.218, 6.373, 6.377, 6.335, 6.318, 7.372, 7.758, 6.254, 6.252, 15.527, 15.555, 2.117, 2.214, 2.215, 2.276, 2.227, 2.396, 2.274, 2.416, 1.244, 2.27, 2.369, 2.425, 1.345, 1.616, 2.03], "Total polarizability alpha": 212.411819, "Wiberg matrix": [[0.0, 0.805496359854542, 0.0, 0.0, 0.0, 0.0, 0.0, 0.0, 0.0, 0.0, 0.0, 0.0, 0.0, 0.0, 0.0, 0.0, 0.0, 0.0, 0.0, 0.0, 0.0, 0.9716532671615277, 0.9806465769900621, 0.9807388337168534, 0.0, 0.0, 0.0, 0.0, 0.0, 0.0, 0.0, 0.0, 0.0, 0.0, 0.0, 0.0], [0.805496359854542, 0.0, 1.643366410707729, 1.6441169463699545, 0.7800296557536642, 0.0, 0.0, 0.0, 0.0, 0.0, 0.0, 0.0, 0.0, 0.0, 0.0, 0.0, 0.0, 0.0, 0.0, 0.0, 0.0, 0.0, 0.0, 0.0, 0.0, 0.0, 0.0, 0.0, 0.0, 0.0, 0.0, 0.0, 0.0, 0.0, 0.0, 0.0], [0.0, 1.643366410707729, 0.0, 0.11743078890626205, 0.0, 0.0, 0.0, 0.0, 0.0, 0.0, 0.0, 0.0, 0.0, 0.0, 0.0, 0.0, 0.0, 0.0, 0.0, 0.0, 0.0, 0.0, 0.0, 0.0, 0.0, 0.0, 0.0, 0.0, 0.0, 0.0, 0.0, 0.0, 0.0, 0.0, 0.0, 0.0], [0.0, 1.6441169463699545, 0.11743078890626205, 0.0, 0.0, 0.0, 0.0, 0.0, 0.0, 0.0, 0.0, 0.0, 0.0, 0.0, 0.0, 0.0, 0.0, 0.0, 0.0, 0.0, 0.0, 0.0, 0.0, 0.0, 0.0, 0.0, 0.0, 0.0, 0.0, 0.0, 0.0, 0.0, 0.0, 0.0, 0.0, 0.0], [0.0, 0.7800296557536642, 0.0, 0.0, 0.0, 1.4177303073313388, 0.0, 0.10390067806022488, 0.0, 1.412098346770238, 0.0, 0.0, 0.0, 0.0, 0.0, 0.0, 0.0, 0.0, 0.0, 0.0, 0.0, 0.0, 0.0, 0.0, 0.0, 0.0, 0.0, 0.0, 0.0, 0.0, 0.0, 0.0, 0.0, 0.0, 0.0, 0.0], [0.0, 0.0, 0.0, 0.0, 1.4177303073313388, 0.0, 1.4410146783264757, 0.0, 0.10918487601931444, 0.0, 0.0, 0.0, 0.0, 0.0, 0.0, 0.0, 0.0, 0.0, 0.0, 0.0, 0.0, 0.0, 0.0, 0.0, 0.9643352157196984, 0.0, 0.0, 0.0, 0.0, 0.0, 0.0, 0.0, 0.0, 0.0, 0.0, 0.0], [0.0, 0.0, 0.0, 0.0, 0.0, 1.4410146783264757, 0.0, 1.4131099965395637, 0.0, 0.10793090155364564, 0.0, 0.0, 0.0, 0.0, 0.0, 0.0, 0.0, 0.0, 0.0, 0.0, 0.0, 0.0, 0.0, 0.0, 0.0, 0.9632982435431084, 0.0, 0.0, 0.0, 0.0, 0.0, 0.0, 0.0, 0.0, 0.0, 0.0], [0.0, 0.0, 0.0, 0.0, 0.10390067806022488, 0.0, 1.4131099965395637, 0.0, 1.406211729530202, 0.0, 0.989547015210636, 0.0, 0.0, 0.0, 0.0, 0.0, 0.0, 0.0, 0.0, 0.0, 0.0, 0.0, 0.0, 0.0, 0.0, 0.0, 0.0, 0.0, 0.0, 0.0, 0.0, 0.0, 0.0, 0.0, 0.0, 0.0], [0.0, 0.0, 0.0, 0.0, 0.0, 0.10918487601931444, 0.0, 1.406211729530202, 0.0, 1.4491189187482234, 0.0, 0.0, 0.0, 0.0, 0.0, 0.0, 0.0, 0.0, 0.0, 0.0, 0.0, 0.0, 0.0, 0.0, 0.0, 0.0, 0.9676022533930356, 0.0, 0.0, 0.0, 0.0, 0.0, 0.0, 0.0, 0.0, 0.0], [0.0, 0.0, 0.0, 0.0, 1.412098346770238, 0.0, 0.10793090155364564, 0.0, 1.4491189187482234, 0.0, 0.0, 0.0, 0.0, 0.0, 0.0, 0.0, 0.0, 0.0, 0.0, 0.0, 0.0, 0.0, 0.0, 0.0, 0.0, 0.0, 0.0, 0.9641493979329145, 0.0, 0.0, 0.0, 0.0, 0.0, 0.0, 0.0, 0.0], [0.0, 0.0, 0.0, 0.0, 0.0, 0.0, 0.0, 0.989547015210636, 0.0, 0.0, 0.0, 1.0099350793655304, 0.9497507056513592, 0.0, 0.0, 0.0, 0.0, 0.0, 0.0, 0.0, 0.0, 0.0, 0.0, 0.0, 0.0, 0.0, 0.0, 0.0, 0.9532714124327649, 0.0, 0.0, 0.0, 0.0, 0.0, 0.0, 0.0], [0.0, 0.0, 0.0, 0.0, 0.0, 0.0, 0.0, 0.0, 0.0, 0.0, 1.0099350793655304, 0.0, 0.0, 0.0, 0.0, 0.0, 0.0, 0.0, 0.0, 0.0, 0.0, 0.0, 0.0, 0.0, 0.0, 0.0, 0.0, 0.0, 0.0, 0.817194348449937, 0.0, 0.0, 0.0, 0.0, 0.0, 0.0], [0.0, 0.0, 0.0, 0.0, 0.0, 0.0, 0.0, 0.0, 0.0, 0.0, 0.9497507056513592, 0.0, 0.0, 0.9847448913040387, 0.0, 0.9689266371975562, 0.0, 0.0, 0.0, 0.0, 0.0, 0.0, 0.0, 0.0, 0.0, 0.0, 0.0, 0.0, 0.0, 0.0, 0.9610593082373602, 0.0, 0.0, 0.0, 0.0, 0.0], [0.0, 0.0, 0.0, 0.0, 0.0, 0.0, 0.0, 0.0, 0.0, 0.0, 0.0, 0.0, 0.9847448913040387, 0.0, 0.9880684867675705, 0.0, 0.0, 0.0, 0.0, 0.0, 0.0, 0.0, 0.0, 0.0, 0.0, 0.0, 0.0, 0.0, 0.0, 0.0, 0.0, 0.9709700223848852, 0.9695598253763731, 0.0, 0.0, 0.0], [0.0, 0.0, 0.0, 0.0, 0.0, 0.0, 0.0, 0.0, 0.0, 0.0, 0.0, 0.0, 0.0, 0.9880684867675705, 0.0, 0.0, 0.0, 0.0, 0.0, 0.0, 0.0, 0.0, 0.0, 0.0, 0.0, 0.0, 0.0, 0.0, 0.0, 0.0, 0.0, 0.0, 0.0, 0.9000527618087363, 0.0, 0.0], [0.0, 0.0, 0.0, 0.0, 0.0, 0.0, 0.0, 0.0, 0.0, 0.0, 0.0, 0.0, 0.9689266371975562, 0.0, 0.0, 0.0, 1.2802939771783657, 0.2057384491375131, 0.0, 0.0, 0.0, 0.0, 0.0, 0.0, 0.0, 0.0, 0.0, 0.0, 0.0, 0.0, 0.0, 0.0, 0.0, 0.0, 0.9231633456518854, 0.0], [0.0, 0.0, 0.0, 0.0, 0.0, 0.0, 0.0, 0.0, 0.0, 0.0, 0.0, 0.0, 0.0, 0.0, 0.0, 1.2802939771783657, 0.0, 1.6610666953437958, 0.9503708841330576, 0.0, 0.0, 0.0, 0.0, 0.0, 0.0, 0.0, 0.0, 0.0, 0.0, 0.0, 0.0, 0.0, 0.0, 0.0, 0.0, 0.0], [0.0, 0.0, 0.0, 0.0, 0.0, 0.0, 0.0, 0.0, 0.0, 0.0, 0.0, 0.0, 0.0, 0.0, 0.0, 0.2057384491375131, 1.6610666953437958, 0.0, 0.0, 0.0, 0.0, 0.0, 0.0, 0.0, 0.0, 0.0, 0.0, 0.0, 0.0, 0.0, 0.0, 0.0, 0.0, 0.0, 0.0, 0.0], [0.0, 0.0, 0.0, 0.0, 0.0, 0.0, 0.0, 0.0, 0.0, 0.0, 0.0, 0.0, 0.0, 0.0, 0.0, 0.0, 0.9503708841330576, 0.0, 0.0, 0.9641858237812408, 0.9643594187394761, 0.0, 0.0, 0.0, 0.0, 0.0, 0.0, 0.0, 0.0, 0.0, 0.0, 0.0, 0.0, 0.0, 0.0, 0.9624415213744784], [0.0, 0.0, 0.0, 0.0, 0.0, 0.0, 0.0, 0.0, 0.0, 0.0, 0.0, 0.0, 0.0, 0.0, 0.0, 0.0, 0.0, 0.0, 0.9641858237812408, 0.0, 0.0, 0.0, 0.0, 0.0, 0.0, 0.0, 0.0, 0.0, 0.0, 0.0, 0.0, 0.0, 0.0, 0.0, 0.0, 0.0], [0.0, 0.0, 0.0, 0.0, 0.0, 0.0, 0.0, 0.0, 0.0, 0.0, 0.0, 0.0, 0.0, 0.0, 0.0, 0.0, 0.0, 0.0, 0.9643594187394761, 0.0, 0.0, 0.0, 0.0, 0.0, 0.0, 0.0, 0.0, 0.0, 0.0, 0.0, 0.0, 0.0, 0.0, 0.0, 0.0, 0.0], [0.9716532671615277, 0.0, 0.0, 0.0, 0.0, 0.0, 0.0, 0.0, 0.0, 0.0, 0.0, 0.0, 0.0, 0.0, 0.0, 0.0, 0.0, 0.0, 0.0, 0.0, 0.0, 0.0, 0.0, 0.0, 0.0, 0.0, 0.0, 0.0, 0.0, 0.0, 0.0, 0.0, 0.0, 0.0, 0.0, 0.0], [0.9806465769900621, 0.0, 0.0, 0.0, 0.0, 0.0, 0.0, 0.0, 0.0, 0.0, 0.0, 0.0, 0.0, 0.0, 0.0, 0.0, 0.0, 0.0, 0.0, 0.0, 0.0, 0.0, 0.0, 0.0, 0.0, 0.0, 0.0, 0.0, 0.0, 0.0, 0.0, 0.0, 0.0, 0.0, 0.0, 0.0], [0.9807388337168534, 0.0, 0.0, 0.0, 0.0, 0.0, 0.0, 0.0, 0.0, 0.0, 0.0, 0.0, 0.0, 0.0, 0.0, 0.0, 0.0, 0.0, 0.0, 0.0, 0.0, 0.0, 0.0, 0.0, 0.0, 0.0, 0.0, 0.0, 0.0, 0.0, 0.0, 0.0, 0.0, 0.0, 0.0, 0.0], [0.0, 0.0, 0.0, 0.0, 0.0, 0.9643352157196984, 0.0, 0.0, 0.0, 0.0, 0.0, 0.0, 0.0, 0.0, 0.0, 0.0, 0.0, 0.0, 0.0, 0.0, 0.0, 0.0, 0.0, 0.0, 0.0, 0.0, 0.0, 0.0, 0.0, 0.0, 0.0, 0.0, 0.0, 0.0, 0.0, 0.0], [0.0, 0.0, 0.0, 0.0, 0.0, 0.0, 0.9632982435431084, 0.0, 0.0, 0.0, 0.0, 0.0, 0.0, 0.0, 0.0, 0.0, 0.0, 0.0, 0.0, 0.0, 0.0, 0.0, 0.0, 0.0, 0.0, 0.0, 0.0, 0.0, 0.0, 0.0, 0.0, 0.0, 0.0, 0.0, 0.0, 0.0], [0.0, 0.0, 0.0, 0.0, 0.0, 0.0, 0.0, 0.0, 0.9676022533930356, 0.0, 0.0, 0.0, 0.0, 0.0, 0.0, 0.0, 0.0, 0.0, 0.0, 0.0, 0.0, 0.0, 0.0, 0.0, 0.0, 0.0, 0.0, 0.0, 0.0, 0.0, 0.0, 0.0, 0.0, 0.0, 0.0, 0.0], [0.0, 0.0, 0.0, 0.0, 0.0, 0.0, 0.0, 0.0, 0.0, 0.9641493979329145, 0.0, 0.0, 0.0, 0.0, 0.0, 0.0, 0.0, 0.0, 0.0, 0.0, 0.0, 0.0, 0.0, 0.0, 0.0, 0.0, 0.0, 0.0, 0.0, 0.0, 0.0, 0.0, 0.0, 0.0, 0.0, 0.0], [0.0, 0.0, 0.0, 0.0, 0.0, 0.0, 0.0, 0.0, 0.0, 0.0, 0.9532714124327649, 0.0, 0.0, 0.0, 0.0, 0.0, 0.0, 0.0, 0.0, 0.0, 0.0, 0.0, 0.0, 0.0, 0.0, 0.0, 0.0, 0.0, 0.0, 0.0, 0.0, 0.0, 0.0, 0.0, 0.0, 0.0], [0.0, 0.0, 0.0, 0.0, 0.0, 0.0, 0.0, 0.0, 0.0, 0.0, 0.0, 0.817194348449937, 0.0, 0.0, 0.0, 0.0, 0.0, 0.0, 0.0, 0.0, 0.0, 0.0, 0.0, 0.0, 0.0, 0.0, 0.0, 0.0, 0.0, 0.0, 0.0, 0.0, 0.0, 0.0, 0.0, 0.0], [0.0, 0.0, 0.0, 0.0, 0.0, 0.0, 0.0, 0.0, 0.0, 0.0, 0.0, 0.0, 0.9610593082373602, 0.0, 0.0, 0.0, 0.0, 0.0, 0.0, 0.0, 0.0, 0.0, 0.0, 0.0, 0.0, 0.0, 0.0, 0.0, 0.0, 0.0, 0.0, 0.0, 0.0, 0.0, 0.0, 0.0], [0.0, 0.0, 0.0, 0.0, 0.0, 0.0, 0.0, 0.0, 0.0, 0.0, 0.0, 0.0, 0.0, 0.9709700223848852, 0.0, 0.0, 0.0, 0.0, 0.0, 0.0, 0.0, 0.0, 0.0, 0.0, 0.0, 0.0, 0.0, 0.0, 0.0, 0.0, 0.0, 0.0, 0.0, 0.0, 0.0, 0.0], [0.0, 0.0, 0.0, 0.0, 0.0, 0.0, 0.0, 0.0, 0.0, 0.0, 0.0, 0.0, 0.0, 0.9695598253763731, 0.0, 0.0, 0.0, 0.0, 0.0, 0.0, 0.0, 0.0, 0.0, 0.0, 0.0, 0.0, 0.0, 0.0, 0.0, 0.0, 0.0, 0.0, 0.0, 0.0, 0.0, 0.0], [0.0, 0.0, 0.0, 0.0, 0.0, 0.0, 0.0, 0.0, 0.0, 0.0, 0.0, 0.0, 0.0, 0.0, 0.9000527618087363, 0.0, 0.0, 0.0, 0.0, 0.0, 0.0, 0.0, 0.0, 0.0, 0.0, 0.0, 0.0, 0.0, 0.0, 0.0, 0.0, 0.0, 0.0, 0.0, 0.0, 0.0], [0.0, 0.0, 0.0, 0.0, 0.0, 0.0, 0.0, 0.0, 0.0, 0.0, 0.0, 0.0, 0.0, 0.0, 0.0, 0.9231633456518854, 0.0, 0.0, 0.0, 0.0, 0.0, 0.0, 0.0, 0.0, 0.0, 0.0, 0.0, 0.0, 0.0, 0.0, 0.0, 0.0, 0.0, 0.0, 0.0, 0.0], [0.0, 0.0, 0.0, 0.0, 0.0, 0.0, 0.0, 0.0, 0.0, 0.0, 0.0, 0.0, 0.0, 0.0, 0.0, 0.0, 0.0, 0.0, 0.9624415213744784, 0.0, 0.0, 0.0, 0.0, 0.0, 0.0, 0.0, 0.0, 0.0, 0.0, 0.0, 0.0, 0.0, 0.0, 0.0, 0.0, 0.0]], "Born radii": [], "Atomic SASAs": [], "Solvent H bonds": [], "Total SASA": NaN, "Total FOD": 0.0, "FOD": [0.0, 0.0, 0.0, 0.0, 0.0, 0.0, 0.0, 0.0, 0.0, 0.0, 0.0, 0.0, 0.0, 0.0, 0.0, 0.0, 0.0, 0.0, 0.0, 0.0, 0.0, 0.0, 0.0, 0.0, 0.0, 0.0, 0.0, 0.0, 0.0, 0.0, 0.0, 0.0, 0.0, 0.0, 0.0, 0.0], "FOD s proportion": [0.0, 0.0, 0.0, 0.0, 0.0, 0.0, 0.0, 0.0, 0.0, 0.0, 0.0, 0.0, 0.0, 0.0, 0.0, 0.0, 0.0, 0.0, 0.0, 0.0, 0.0, 0.0, 0.0, 0.0, 0.0, 0.0, 0.0, 0.0, 0.0, 0.0, 0.0, 0.0, 0.0, 0.0, 0.0, 0.0], "FOD p proportion": [0.0, 0.0, 0.0, 0.0, 0.0, 0.0, 0.0, 0.0, 0.0, 0.0, 0.0, 0.0, 0.0, 0.0, 0.0, 0.0, 0.0, 0.0, 0.0, 0.0, 0.0, 0.0, 0.0, 0.0, 0.0, 0.0, 0.0, 0.0, 0.0, 0.0, 0.0, 0.0, 0.0, 0.0, 0.0, 0.0], "FOD d proportion": [0.0, 0.0, 0.0, 0.0, 0.0, 0.0, 0.0, 0.0, 0.0, 0.0, 0.0, 0.0, 0.0, 0.0, 0.0, 0.0, 0.0, 0.0, 0.0, 0.0, 0.0, 0.0, 0.0, 0.0, 0.0, 0.0, 0.0, 0.0, 0.0, 0.0, 0.0, 0.0, 0.0, 0.0, 0.0, 0.0], "coordinates": [["-4.55720", "-1.72250", "-2.42400"], ["-4.78090", "-0.16300", "-1.60940"], ["-4.99400", "0.84790", "-2.62800"], ["-5.73600", "-0.34910", "-0.53390"], ["-3.19250", "0.13950", "-0.87360"], ["-2.92190", "-0.35020", "0.40480"], ["-1.67590", "-0.10390", "0.98500"], ["-0.69780", "0.63960", "0.30350"], ["-1.00030", "1.13830", "-0.97650"], ["-2.24330", "0.89460", "-1.56410"], ["0.67190", "0.91310", "0.90870"], ["0.59420", "0.80460", "2.33120"], ["1.76170", "-0.02930", "0.31650"], ["1.78160", "-1.41310", "0.98950"], ["2.70780", "-2.25620", "0.29410"], ["3.11990", "0.55660", "0.31170"], ["3.75840", "1.04040", "1.43850"], ["3.15900", "1.20890", "2.50200"], ["5.23480", "1.41060", "1.27470"], ["5.35010", "2.88930", "0.30090"], ["6.11110", "0.07510", "0.49560"], ["-5.49750", "-1.98740", "-2.91240"], ["-4.29930", "-2.47990", "-1.68130"], ["-3.76650", "-1.62520", "-3.17030"], ["-3.67150", "-0.90840", "0.96170"], ["-1.47660", "-0.48050", "1.98760"], ["-0.26880", "1.73410", "-1.52040"], ["-2.46290", "1.30500", "-2.54760"], ["0.92280", "1.95900", "0.68920"], ["1.47610", "1.07890", "2.66740"], ["1.56460", "-0.17560", "-0.75380"], ["2.10410", "-1.35370", "2.03380"], ["0.79790", "-1.88920", "0.94510"], ["2.71110", "-3.11040", "0.76180"], ["3.73400", "0.17070", "-0.40160"], ["5.68210", "1.59140", "2.25600"]], "bond_dist": [[0.0, 1.7735994756426827, 2.6152182318116397, 2.6169209025111932, 2.780861422293459, 3.543941706631191, 4.747950784285785, 5.283345627535644, 4.788629292396729, 3.5976066530403235, 6.737712034511418, 7.452186485186747, 7.09265561690401, 7.2061151843417, 7.775160982256252, 8.462636451484844, 9.576101817545592, 9.6124047147423, 10.926113732704781, 11.26269827971965, 11.205715274358884, 1.0921861837617244, 1.0916823988688287, 1.091621486596888, 3.5930749769521926, 5.522216486158434, 5.581662035630606, 3.683357938077699, 7.29903120215279, 8.376807554790787, 6.531378330031113, 8.023771679827387, 6.328958817214724, 8.05628778905024, 8.741756427629404, 11.735740185433555], [1.7735994756426827, 0.0, 1.4508192099638053, 1.4503618410589818, 1.7764916127018444, 2.7473489913005227, 4.046656542134506, 4.5798535762620185, 4.048071202437033, 2.7495424364792043, 6.101790447073711, 6.7347069817476095, 6.821479404058917, 7.168224150373648, 8.005337355789573, 8.162786902155416, 9.146447969567204, 9.045868204876744, 10.540801499886049, 10.751880876386235, 11.09609753967583, 2.3536694585264093, 2.367516373755418, 2.367159692542943, 2.8977482171506894, 4.894651544287908, 4.895503632926851, 2.899718475990385, 6.505277830346679, 7.6800639873636465, 6.402935293285416, 7.879968130011694, 6.374029034292204, 8.392843391842838, 8.60660551785662, 11.291306634752242], [2.6152182318116397, 1.4508192099638053, 0.0, 2.5236140374470897, 2.612499219138639, 3.8635369624218687, 4.996947052951432, 5.205229637585646, 4.331445959492049, 2.94964651950026, 6.679440151689362, 7.471513820505185, 7.421525623482007, 8.006696110756296, 8.802944306310248, 8.634932830659425, 9.652874404031165, 9.639430999804915, 10.962483661105269, 10.942859497407431, 11.561891835249108, 2.8936692450935024, 3.5288952690608433, 2.8137286916118973, 4.209458638590003, 5.953193485852783, 4.933522396827646, 2.573299784323622, 6.87363668591816, 8.364019139743764, 6.897493156937527, 8.772824255050365, 7.335179999836405, 9.302013165976492, 9.032908767390492, 11.763730677807954], [2.6169209025111932, 1.4503618410589818, 2.5236140374470897, 0.0, 2.6121864979361638, 2.966532944364515, 4.341842035357804, 5.202136646609737, 4.983483521594106, 3.8479936356496225, 6.68845468026808, 7.0435256612012145, 7.552546424220112, 7.74384615807933, 8.695997518973886, 8.942163980827013, 9.796157581929762, 9.527070788547757, 11.257265684436874, 11.579539663129964, 11.899310664908283, 2.8979598668718656, 2.8144168650006347, 3.529584454294868, 2.609941780959874, 4.951536788715196, 5.933226805878906, 4.183804262868902, 7.152825781465672, 8.018846057881396, 7.305971435750347, 8.310804561533137, 6.873950699561352, 8.980930608238769, 9.485177664651305, 11.913105802854265], [2.780861422293459, 1.7764916127018444, 2.612499219138639, 2.6121864979361638, 0.0, 1.3954701752456051, 2.4111642581956128, 2.803425139004072, 2.4112093832763675, 1.3956886830522055, 4.325348264590956, 5.00521707221575, 5.097933805964923, 5.533839460989087, 6.474290839157598, 6.436249083122871, 7.380544561887016, 7.271852856734657, 8.789213468223421, 9.050793614374378, 9.404032590330598, 3.7407798718983716, 2.956119397115076, 2.9527060436149073, 2.1669936548130453, 3.393402164495096, 3.392509556360895, 2.1663292478291476, 4.763257097827074, 5.9343895490606275, 4.769029299553526, 6.2238727943299095, 4.831830454393035, 6.934614346162301, 6.942633483772566, 9.521603590257264], [3.543941706631191, 2.7473489913005227, 3.8635369624218687, 2.966532944364515, 1.3954701752456051, 0.0, 1.396356591276025, 2.436511140955444, 2.795741136085385, 2.4262300406185724, 3.842556510970268, 4.172234318683455, 4.6954108084383845, 4.857421409554662, 5.9446288849683455, 6.110180119276355, 6.901355818967748, 6.618639245343411, 8.389809148008077, 8.884319864795504, 9.043462485685447, 4.507544236055814, 3.2840015316683395, 3.888484816737748, 1.0879453157213372, 2.1473532592472995, 3.884538729373154, 3.4157039977140875, 4.493885411311687, 5.148212269322235, 4.6369732983919585, 5.377855450827959, 4.061693874481434, 6.283059926500781, 6.724776768042194, 9.01252284324428], [4.747950784285785, 4.046656542134506, 4.996947052951432, 4.341842035357804, 2.4111642581956128, 1.396356591276025, 0.0, 1.4049605368123332, 2.4180526152257316, 2.795864056065674, 2.5597413013818406, 2.791232827981213, 3.5027919107477676, 3.6970706160418416, 4.932196649567007, 4.887667212484908, 5.57195667876196, 5.234595576546482, 7.080636329455143, 7.667588607248043, 7.804416849451342, 5.774246753473564, 4.43133831364747, 4.894024942723526, 2.1517858861884935, 1.089382765606286, 3.4110414201530888, 3.883765050823749, 3.3311102863760005, 3.763587331257241, 3.678234166009554, 4.117084099213908, 3.0509956637137323, 5.323028225549814, 5.591518821393701, 7.656999875277523], [5.283345627535644, 4.5798535762620185, 5.205229637585646, 5.202136646609737, 2.803425139004072, 2.436511140955444, 1.4049605368123332, 0.0, 1.4066299939927345, 2.437524360903907, 1.5222179147546515, 2.409990931518208, 2.5488696435871336, 3.2911392632339336, 4.470330788655354, 3.8186109424763344, 4.6159055536265035, 4.475758145834066, 6.060809615884664, 6.452770820353067, 6.834960268355626, 6.346673293939117, 5.161541779352367, 5.158829825648448, 3.416492782079307, 2.1673362129582014, 2.1699268328678736, 3.418641013619301, 2.1250706364730565, 3.2414269866834884, 2.626954146916158, 3.849393015788333, 3.007257636119659, 5.088530052972076, 4.5119712388267725, 6.739532884406753], [4.788629292396729, 4.048071202437033, 4.331445959492049, 4.983483521594106, 2.4112093832763675, 2.795741136085385, 2.4180526152257316, 1.4066299939927345, 0.0, 1.396321041164961, 2.5300092727102803, 3.6870944156611993, 3.2655447876273263, 4.256026970074321, 5.185273398770792, 4.355901992699101, 5.337324713749389, 5.422612202619693, 6.634645487137952, 6.710091796689521, 7.339583272230107, 5.8088309615618865, 4.946869240236698, 4.483475563667098, 3.8834146791193955, 3.410757091907895, 1.0889890265746482, 2.152984639982366, 2.6732786218424747, 4.406142590747603, 2.8904395011831676, 4.99091869799539, 4.011461834543612, 5.903187998022763, 4.866246629590408, 7.436990360354113], [3.5976066530403235, 2.7495424364792043, 2.94964651950026, 3.8479936356496225, 1.3956886830522055, 2.4262300406185724, 2.795864056065674, 2.437524360903907, 1.396321041164961, 0.0, 3.8227572679938757, 4.820048582742709, 4.519985903739081, 5.295863693487589, 6.15579719370286, 5.691817273946872, 6.712471027125555, 6.768810751527922, 8.0154239469912, 8.069496678851786, 8.643491406833236, 4.551225607460038, 3.9532419721034024, 3.3540138222732474, 3.416171816522114, 3.885009882870313, 2.1460009762346335, 1.0880829793724374, 4.029205561894305, 5.63679830222796, 4.037575577001625, 6.0745060753941145, 4.8264401498412886, 6.782028838776785, 6.132173574679698, 8.82556850350163], [6.737712034511418, 6.101790447073711, 6.679440151689362, 6.68845468026808, 4.325348264590956, 3.842556510970268, 2.5597413013818406, 1.5222179147546515, 2.5300092727102803, 3.8227572679938757, 0.0, 1.4287462300912641, 1.557717124512663, 2.5785982955861892, 3.8166850092717897, 2.544838943823361, 3.1342264723532662, 2.968462386489005, 4.604510686272755, 5.114718224887858, 5.518857875502865, 7.815062496231236, 6.552356708849114, 6.540688224491365, 4.710179912699727, 2.778884384064943, 2.7312056495254984, 4.682581162136969, 1.0977421691818166, 1.940941258771115, 2.178551635835148, 2.9078220526710363, 2.8053674001813023, 4.513143970670557, 3.4124038828954584, 5.232342899696081], [7.452186485186747, 6.7347069817476095, 7.471513820505185, 7.0435256612012145, 5.00521707221575, 4.172234318683455, 2.791232827981213, 2.409990931518208, 3.6870944156611993, 4.820048582742709, 1.4287462300912641, 0.0, 2.473350268360711, 2.8510122658452386, 4.240940698712964, 3.2433076850647398, 3.296160883512818, 2.602081891486123, 4.797769962180346, 5.575542752952398, 5.859844982591263, 8.508784510727722, 7.129827399734161, 7.428737091861577, 4.796467006036839, 2.461250822244657, 4.05506619058185, 5.779182469000265, 2.0339078936864374, 0.9828624217050931, 3.379303656080643, 2.6507552999098194, 3.036334194386382, 4.719269749654071, 4.210506987287873, 5.148925683091571], [7.09265561690401, 6.821479404058917, 7.421525623482007, 7.552546424220112, 5.097933805964923, 4.6954108084383845, 3.5027919107477676, 2.5488696435871336, 3.2655447876273263, 4.519985903739081, 1.557717124512663, 2.473350268360711, 0.0, 1.5389046266744408, 2.4196467882730324, 1.4791920395945888, 2.527835631523537, 2.874368935957943, 3.8799333576751027, 4.62548201596331, 4.354337668348655, 8.18266065897884, 6.836107532799642, 6.727976388930033, 5.541548708619279, 3.6718855564954636, 3.256794654257465, 5.275478220976749, 2.189976116308121, 2.614652062894794, 1.098086604052704, 2.195539207119745, 2.1870702800778945, 3.2546627567230373, 2.1084674292006507, 4.664532656118938], [7.2061151843417, 7.168224150373648, 8.006696110756296, 7.74384615807933, 5.533839460989087, 4.857421409554662, 3.6970706160418416, 3.2911392632339336, 4.256026970074321, 5.295863693487589, 2.5785982955861892, 2.8510122658452386, 1.5389046266744408, 0.0, 1.432565953106523, 2.4759195907783433, 3.182609226719485, 3.3256234017098207, 4.4698110664769715, 5.631963065397358, 4.6046983288810575, 8.27888524561127, 6.726706451897541, 6.937603048604036, 5.476476471235862, 3.5329610258252213, 4.517588517118397, 6.157509583427378, 3.4926746112399307, 3.0197255934935545, 2.14885786872934, 1.0945762193652844, 1.093758775964792, 1.9484980959703295, 2.8732294391503093, 5.0837921623528235], [7.775160982256252, 8.005337355789573, 8.802944306310248, 8.695997518973886, 6.474290839157598, 5.9446288849683455, 4.932196649567007, 4.470330788655354, 5.185273398770792, 6.15579719370286, 3.8166850092717897, 4.240940698712964, 2.4196467882730324, 1.432565953106523, 0.0, 2.8428823419199043, 3.644308340412485, 4.133439470949103, 4.559904341101905, 5.784286108068999, 4.130134722984228, 8.813673682409622, 7.283659606269365, 7.36999245929058, 6.554214147401655, 4.85079953203593, 5.298589614227545, 6.891555907050309, 4.594588126263333, 4.2746379718053324, 2.5949753389965, 2.050735485136979, 2.050904193276712, 0.9738643745409313, 2.725239171155442, 5.2440001773455345], [8.462636451484844, 8.162786902155416, 8.634932830659425, 8.942163980827013, 6.436249083122871, 6.110180119276355, 4.887667212484908, 3.8186109424763344, 4.355901992699101, 5.691817273946872, 2.544838943823361, 3.2433076850647398, 1.4791920395945888, 2.4759195907783433, 2.8428823419199043, 0.0, 1.3825421982709967, 2.2857029968917657, 2.475780081105751, 3.227289570212131, 3.035282342715419, 9.54601171013319, 8.260563533440077, 8.019169545532755, 6.97795378029978, 5.001202802326656, 4.028198648279401, 6.316910232859099, 2.6337198825995145, 2.919622958534201, 2.0224651245447967, 2.7652710789360233, 3.4314453514517758, 3.717068260067334, 1.0172681603195886, 3.3787545590054333], [9.576101817545592, 9.146447969567204, 9.652874404031165, 9.796157581929762, 7.380544561887016, 6.901355818967748, 5.57195667876196, 4.6159055536265035, 5.337324713749389, 6.712471027125555, 3.1342264723532662, 3.296160883512818, 2.527835631523537, 3.182609226719485, 3.644308340412485, 1.3825421982709967, 0.0, 1.2323574400310975, 1.5308936736429477, 2.6918532389415293, 2.7122060743977405, 10.66628278548811, 9.330176494579296, 9.217948839628043, 7.696010244925613, 5.479039388432976, 5.045260026995635, 7.393482268863569, 3.073418912221372, 2.5924063628220018, 3.3313051091126433, 2.970320755406729, 4.194110152344594, 4.334039780620386, 2.035421690952516, 2.1616033262372634], [9.6124047147423, 9.045868204876744, 9.639430999804915, 9.527070788547757, 7.271852856734657, 6.618639245343411, 5.234595576546482, 4.475758145834066, 5.422612202619693, 6.768810751527922, 2.968462386489005, 2.602081891486123, 2.874368935957943, 3.3256234017098207, 4.133439470949103, 2.2857029968917657, 1.2323574400310975, 0.0, 2.4198954150954544, 3.5312185687096744, 3.7451352191876865, 10.698927670565867, 9.31308129568297, 9.389870092285621, 7.315135926966771, 4.960591404258166, 5.310870892800915, 7.5573444396825, 2.974808277855902, 1.6959981043621482, 3.88061660693246, 2.810506006042328, 4.194872397344167, 4.678168759247575, 3.1367781560065735, 2.5637581516203904], [10.926113732704781, 10.540801499886049, 10.962483661105269, 11.257265684436874, 8.789213468223421, 8.389809148008077, 7.080636329455143, 6.060809615884664, 6.634645487137952, 8.0154239469912, 4.604510686272755, 4.797769962180346, 3.8799333576751027, 4.4698110664769715, 4.559904341101905, 2.475780081105751, 1.5308936736429477, 2.4198954150954544, 0.0, 1.7742982331051338, 1.7772053201585913, 12.010848167386014, 10.713215626505423, 10.487969695322352, 9.208578049297296, 7.009092350654255, 6.181168920196243, 8.59509825074734, 4.385988692415885, 4.022121811929619, 4.483437378842265, 4.244863930681406, 5.5392596806793595, 5.203034604920478, 2.568994811205348, 1.0934878234347194], [11.26269827971965, 10.751880876386235, 10.942859497407431, 11.579539663129964, 9.050793614374378, 8.884319864795504, 7.667588607248043, 6.452770820353067, 6.710091796689521, 8.069496678851786, 5.114718224887858, 5.575542752952398, 4.62548201596331, 5.631963065397358, 5.784286108068999, 3.227289570212131, 2.6918532389415293, 3.5312185687096744, 1.7742982331051338, 0.0, 2.9217718476979, 12.319818405317507, 11.219106285261763, 10.749062063733748, 9.810629362584237, 7.7977138842099105, 6.01860930282071, 8.465632152414845, 4.540618930278119, 4.88730461604349, 4.983574455147631, 5.616271664547576, 6.631107051616646, 6.570627816274484, 3.239764099436871, 2.370060003459828], [11.205715274358884, 11.09609753967583, 11.561891835249108, 11.899310664908283, 9.404032590330598, 9.043462485685447, 7.804416849451342, 6.834960268355626, 7.339583272230107, 8.643491406833236, 5.518857875502865, 5.859844982591263, 4.354337668348655, 4.6046983288810575, 4.130134722984228, 3.035282342715419, 2.7122060743977405, 3.7451352191876865, 1.7772053201585913, 2.9217718476979, 0.0, 12.273058470079901, 10.93816011813687, 10.672245530346462, 9.842956071221694, 7.752931487508451, 6.893450588058204, 9.180805860598513, 5.523134713185983, 5.2160861457610155, 4.7217065876651, 4.523668608552135, 5.6824835221934435, 4.666719692674931, 2.54257971556449, 2.362671126077432], [1.0921861837617244, 2.3536694585264093, 2.8936692450935024, 2.8979598668718656, 3.7407798718983716, 4.507544236055814, 5.774246753473564, 6.346673293939117, 5.8088309615618865, 4.551225607460038, 7.815062496231236, 8.508784510727722, 8.18266065897884, 8.27888524561127, 8.813673682409622, 9.54601171013319, 10.66628278548811, 10.698927670565867, 12.010848167386014, 12.319818405317507, 12.273058470079901, 0.0, 1.787133654766761, 1.7871939598152178, 4.416691953260947, 6.515242468243219, 6.567079254889498, 4.4924129329348155, 8.352595261953017, 9.442852359853987, 7.603645810399113, 9.091248137082168, 7.383902128955936, 9.063221756086518, 9.80724754964409, 12.825896622068964], [1.0916823988688287, 2.367516373755418, 3.5288952690608433, 2.8144168650006347, 2.956119397115076, 3.2840015316683395, 4.43133831364747, 5.161541779352367, 4.946869240236698, 3.9532419721034024, 6.552356708849114, 7.129827399734161, 6.836107532799642, 6.726706451897541, 7.283659606269365, 8.260563533440077, 9.330176494579296, 9.31308129568297, 10.713215626505423, 11.219106285261763, 10.93816011813687, 1.787133654766761, 0.0, 1.797639822100078, 3.138342570529865, 5.042426287016995, 5.833405099939486, 4.29514943395454, 7.252132918666066, 8.058008084508229, 6.368310447049514, 7.488245856674311, 5.764403810456031, 7.4506359473537564, 8.555537466459953, 11.476330464917783], [1.091621486596888, 2.367159692542943, 2.8137286916118973, 3.529584454294868, 2.9527060436149073, 3.888484816737748, 4.894024942723526, 5.158829825648448, 4.483475563667098, 3.3540138222732474, 6.540688224491365, 7.428737091861577, 6.727976388930033, 6.937603048604036, 7.36999245929058, 8.019169545532755, 9.217948839628043, 9.389870092285621, 10.487969695322352, 10.749062063733748, 10.672245530346462, 1.7871939598152178, 1.797639822100078, 0.0, 4.194788581084867, 5.758290762891364, 5.122594244130605, 3.2669864232959407, 7.052075182526063, 8.299141694175368, 6.0300447444442735, 7.849860726153044, 6.151419390677245, 7.721821754612056, 8.194416193359965, 11.360778547705259], [3.5930749769521926, 2.8977482171506894, 4.209458638590003, 2.609941780959874, 2.1669936548130453, 1.0879453157213372, 2.1517858861884935, 3.416492782079307, 3.8834146791193955, 3.416171816522114, 4.710179912699727, 4.796467006036839, 5.541548708619279, 5.476476471235862, 6.554214147401655, 6.97795378029978, 7.696010244925613, 7.315135926966771, 9.208578049297296, 9.810629362584237, 9.842956071221694, 4.416691953260947, 3.138342570529865, 4.194788581084867, 0.0, 2.4603160833518936, 4.972121674898956, 4.3214627164884805, 5.4225299906962245, 5.775513790131575, 5.558478146039616, 5.891115841672102, 4.575781961588642, 6.754727734705523, 7.606870180961418, 9.768011337524133], [5.522216486158434, 4.894651544287908, 5.953193485852783, 4.951536788715196, 3.393402164495096, 2.1473532592472995, 1.089382765606286, 2.1673362129582014, 3.410757091907895, 3.885009882870313, 2.778884384064943, 2.461250822244657, 3.6718855564954636, 3.5329610258252213, 4.85079953203593, 5.001202802326656, 5.479039388432976, 4.960591404258166, 7.009092350654255, 7.7977138842099105, 7.752931487508451, 6.515242468243219, 5.042426287016995, 5.758290762891364, 2.4603160833518936, 0.0, 4.320798305868951, 4.9728097671236124, 3.659798241706775, 3.407681571097863, 4.105744196853964, 3.6859225670108695, 2.871339790063168, 5.094682614255769, 5.769115221591608, 7.4573315508967415], [5.581662035630606, 4.895503632926851, 4.933522396827646, 5.933226805878906, 3.392509556360895, 3.884538729373154, 3.4110414201530888, 2.1699268328678736, 1.0889890265746482, 2.1460009762346335, 2.7312056495254984, 4.05506619058185, 3.256794654257465, 4.517588517118397, 5.298589614227545, 4.028198648279401, 5.045260026995635, 5.310870892800915, 6.181168920196243, 6.01860930282071, 6.893450588058204, 6.567079254889498, 5.833405099939486, 5.122594244130605, 4.972121674898956, 4.320798305868951, 0.0, 2.4603539298239183, 2.520480654557777, 4.583844662507664, 2.756081495529477, 5.27233353364523, 4.51052569330893, 6.128410976754088, 4.4405338462847, 7.0494518269153374], [3.683357938077699, 2.899718475990385, 2.573299784323622, 4.183804262868902, 2.1663292478291476, 3.4157039977140875, 3.883765050823749, 3.418641013619301, 2.152984639982366, 1.0880829793724374, 4.682581162136969, 5.779182469000265, 5.275478220976749, 6.157509583427378, 6.891555907050309, 6.316910232859099, 7.393482268863569, 7.5573444396825, 8.59509825074734, 8.465632152414845, 9.180805860598513, 4.4924129329348155, 4.29514943395454, 3.2669864232959407, 4.3214627164884805, 4.9728097671236124, 2.4603539298239183, 0.0, 4.72943492713453, 6.5393476134856146, 4.650876374405151, 6.993954578777303, 5.747580671030203, 7.5642687366327745, 6.655337865202637, 9.460318330796273], [7.29903120215279, 6