{"total energy": -65.67169407, "HOMO-LUMO gap/eV": 3.65844364, "electronic energy": -66.27608662, "dipole": [-1.77733241, -2.06457885, 0.11825814], "partial charges": [-0.14292163, 0.27686199, -0.41356708, -0.16415633, 0.06770778, -0.06660234, 0.060158, -0.35936125, 1.17816939, -0.53933251, -0.52722137, 0.3674121, -0.1653215, -0.17123636, -0.16857364, 0.00839401, -0.11761624, -0.04873279, -0.00616713, -0.11066728, 0.04839885, 0.07805087, 0.06900297, 0.18617916, 0.08165189, 0.21022001, 0.05553608, 0.06151864, 0.0518084, 0.05287048, 0.04651411, 0.04725452, 0.05376819], "atomic dipole moments": [[0.08465682, -0.03256625, 0.01996355], [0.03567626, -0.0363424, -0.02314412], [-0.11357774, -0.11933309, -0.08768888], [0.03448289, 0.00655259, 0.01815312], [-0.13052167, 0.07596779, 0.00751257], [0.01072178, -0.04333404, -0.0083829], [0.18180171, 0.13520679, 0.04444654], [-0.10165104, 0.11640044, -0.14344168], [0.26622256, -0.07287139, 0.03794563], [0.00981203, -0.17534518, -0.04213417], [0.03270948, 0.08442295, 0.14846642], [0.13126917, -0.01854139, 0.01118051], [-0.15151216, -0.13302997, 0.1814041], [-0.083964, -0.07545055, -0.24753805], [-0.05709276, 0.26519437, 0.02560377], [0.07419738, 0.01110253, 0.00460237], [-0.07552075, 0.05286367, -0.00474577], [0.01566354, 0.02506841, 0.00510966], [-0.07417339, -0.00140018, -0.01316367], [0.05924467, 0.05315732, 0.02369862], [-0.04118679, -0.04466304, -0.11410467], [-0.01649696, 0.13493886, -0.00746218], [-0.07058265, -0.052113, 0.10340717], [-0.10349218, -0.07378367, -0.04298026], [-0.00546513, 0.15333159, 0.03929915], [-0.02836897, 0.09276329, 0.07279696], [-0.00869261, -0.12539562, 0.00901476], [0.06161258, 0.03060278, -0.11667136], [0.0758783, 0.02813851, 0.10379643], [0.01623149, -0.1432127, -0.04841024], [-0.08208754, -0.014967, 0.09780909], [-0.05458018, 0.04966828, -0.10597473], [0.03224401, -0.12242786, -0.03372139]], "atomic quadrupole moments": [[0.21788185, -0.05166969, -0.09459421, 0.057792, 0.03902443, -0.12328765], [-0.2029816, 0.05157741, -0.1212799, -0.15537674, -0.31282439, 0.3242615], [-0.07702936, 0.04204087, -0.0483388, -0.05122909, -0.11460212, 0.12536816], [-0.01104256, -0.03621356, 0.00169628, -0.01254055, -0.01285559, 0.00934628], [-0.05930739, -0.1071763, -0.2242309, -0.08122765, -0.20689617, 0.28353829], [-0.2032187, 0.00527819, -0.2051435, -0.08087401, -0.20349448, 0.4083622], [-0.0813637, 0.26201517, -0.20016464, 0.0129014, -0.14163498, 0.28152834], [-0.02552859, 0.10942818, -0.03121931, -0.0604054, -0.11008244, 0.0567479], [0.44684081, 0.02470355, -0.2739497, -0.09405838, -0.20886495, -0.17289111], [-0.0815909, -0.02060328, 0.15889281, -0.01698946, 0.04185936, -0.0773019], [-0.06446569, 0.03280205, -0.04171444, 0.04731663, 0.09439202, 0.10618013], [-0.12540466, 0.030734, 0.06128542, -0.01794206, 0.00712428, 0.06411924], [-0.02124879, 0.03262351, -0.00224068, -0.04207207, -0.04186977, 0.02348947], [-0.04108595, 0.01125092, -0.02475489, 0.02494812, 0.03393583, 0.06584083], [-0.04512056, -0.0115374, 0.08008951, -0.00391135, 0.0134219, -0.03496895], [-0.1308439, -0.07471402, -0.20550593, -0.09800533, -0.21862832, 0.33634983], [0.16020438, -0.09430943, -0.02842014, -0.00761649, 0.02531736, -0.13178425], [-0.21154723, 0.05013993, -0.18333238, -0.07091301, -0.22297535, 0.39487962], [-0.14852847, 0.14052961, -0.17849215, -0.01778903, -0.17656295, 0.32702062], [0.12615137, 0.09518148, -0.02386343, 0.06342697, 0.04755396, -0.10228794], [-0.02534046, 0.00329309, -0.01808496, 0.03687084, 0.05563241, 0.04342543], [-0.02749886, -0.01114878, 0.07494673, 0.00894125, 0.00652996, -0.04744786], [-0.00997317, 0.02522603, -0.02080445, -0.04676075, -0.03957327, 0.03077762], [0.02908761, -0.00075572, 0.01911712, 0.01597728, 0.03782412, -0.04820473], [0.03418816, -0.01005701, 0.01342988, 0.00442597, 0.02259646, -0.04761804], [-0.0291313, 0.01918873, -0.01768188, -0.04278167, 0.05175698, 0.04681318], [-0.02017191, 0.02290842, 0.08094532, 0.00154587, 0.00116645, -0.06077341], [-0.01603647, 0.01051145, -0.0245593, -0.04015477, -0.03274066, 0.04059577], [-0.00217719, 0.01621794, -0.01933915, 0.04982286, 0.04211303, 0.02151634], [0.03671024, -0.00148838, 0.01978417, 0.01315026, 0.02845053, -0.0564944], [0.00783996, 0.00747555, -0.03792208, -0.06262881, 0.00992236, 0.03008212], [-0.02177034, -0.01897742, -0.00299495, 0.04714281, -0.04562341, 0.02476529], [-0.00550952, -0.03772116, 0.05151905, -0.00568048, 0.02891803, -0.04600953]], "number of molecular orbitals": 98, "number of electrons": 112, "number of unpaired electrons": 0, "orbital energies/eV": [-24.8216518, -24.46385667, -24.43823768, -22.49696511, -19.22861537, -19.17347545, -19.0314025, -18.45808058, -18.37765416, -18.23218444, -18.03284644, -17.82227458, -17.8143983, -17.67061957, -17.44750872, -17.20602858, -17.14406789, -16.76574422, -16.61520402, -16.35198064, -15.94617126, -15.82574902, -15.78405514, -15.75230174, -15.65904469, -15.54411687, -15.46277865, -15.4354055, -15.42464996, -15.1422482, -15.08478888, -15.04302592, -14.92526579, -14.46064699, -14.28067099, -14.11741125, -14.04564306, -13.70868854, -13.62249058, -13.48037858, -13.45660561, -13.38869932, -13.3369508, -13.19861465, -13.1737266, -13.06710389, -13.05709194, -12.93562753, -12.83806814, -12.41962231, -12.19290762, -12.14872554, -11.77421814, -11.05520685, -10.90540717, -10.51735027, -6.85890663, -6.73034143, -5.8775047, -5.51884241, -4.85294111, -3.46509082, -3.30405278, -2.81648656, -0.53166157, -0.11241182, 0.00022783, 0.60066486, 1.17320662, 1.82723396, 2.09158282, 2.88898886, 3.02490137, 3.40382273, 3.56789704, 3.77980708, 3.95425586, 4.32854472, 4.44823922, 4.69009224, 4.95443531, 5.10710201, 5.41329382, 5.43871633, 5.65396589, 5.75249276, 5.99727747, 7.561701, 9.43780096, 9.9558373, 10.29564436, 11.3704668, 11.98556611, 15.78406555, 16.12973301, 16.73483207, 23.16873861, 29.61220877], "fractional occupation": [2.0, 2.0, 2.0, 2.0, 2.0, 2.0, 2.0, 2.0, 2.0, 2.0, 2.0, 2.0, 2.0, 2.0, 2.0, 2.0, 2.0, 2.0, 2.0, 2.0, 2.0, 2.0, 2.0, 2.0, 2.0, 2.0, 2.0, 2.0, 2.0, 2.0, 2.0, 2.0, 2.0, 2.0, 2.0, 2.0, 2.0, 2.0, 2.0, 2.0, 2.0, 2.0, 2.0, 2.0, 2.0, 2.0, 2.0, 2.0, 2.0, 2.0, 2.0, 2.0, 2.0, 2.0, 2.0, 2.0, 0.0, 0.0, 0.0, 0.0, 0.0, 0.0, 0.0, 0.0, 0.0, 0.0, 0.0, 0.0, 0.0, 0.0, 0.0, 0.0, 0.0, 0.0, 0.0, 0.0, 0.0, 0.0, 0.0, 0.0, 0.0, 0.0, 0.0, 0.0, 0.0, 0.0, 0.0, 0.0, 0.0, 0.0, 0.0, 0.0, 0.0, 0.0, 0.0, 0.0, 0.0, 0.0], "program call": "xtb /home/svss/Project-DBcg-Debug/aqme2_20220329/End-to-End-workflows-final/example-3/QDESCP/mol_1090_rdkit_conf_2/mol_1090_rdkit_conf_2.xyz --pop --wbo --acc 0.2 --gfn 2 --chrg 0 --uhf 0 --etemp 300 --input /home/svss/Project-DBcg-Debug/aqme2_20220329/End-to-End-workflows-final/example-3/QDESCP/mol_1090_rdkit_conf_2/mol_1090_rdkit_conf_2_xtb.inp", "method": "GFN2-xTB", "xtb version": "6.3.3 (7355c4f)", "Dipole module/D": 6.931, "Total charge": 0, "Transition dipole module/D": NaN, "HOMO": -10.5174, "LUMO": -6.8589, "HOMO occupancy": 2.0, "LUMO occupancy": 0, "mulliken charges": [-0.13057, 0.48127, -0.53085, -0.3278, 0.14121, -0.06704, 0.12616, -0.29962, 0.51153, -0.36143, -0.35357, 0.67018, -0.2015, -0.21288, -0.21143, 0.00103, -0.08298, -0.04805, -0.02071, -0.08669, 0.03844, 0.06913, 0.05894, 0.22333, 0.07963, 0.24852, 0.03576, 0.05357, 0.03838, 0.03859, 0.03659, 0.03905, 0.0438], "cm5 charges": [-0.26692, 0.56752, -0.57906, -0.67324, 0.19478, -0.10643, 0.17814, -0.61518, 0.63038, -0.40718, -0.3979, 0.73665, -0.21942, -0.23053, -0.23086, -0.00814, -0.22376, -0.09882, -0.03079, -0.22928, 0.09407, 0.124, 0.11315, 0.4208, 0.15024, 0.44352, 0.0878, 0.10874, 0.09407, 0.09553, 0.09001, 0.09233, 0.09579], "FUKUI+": [0.019, -0.042, -0.078, -0.019, -0.026, -0.01, -0.033, -0.016, -0.096, -0.041, -0.029, -0.019, -0.036, -0.03, -0.025, -0.042, 0.02, -0.014, -0.055, 0.022, -0.031, -0.035, -0.04, -0.032, -0.031, -0.03, -0.036, -0.029, -0.028, -0.051, -0.036, -0.036, -0.035], "FUKUI-": [0.013, -0.012, -0.095, -0.053, -0.034, -0.011, -0.035, -0.017, -0.047, -0.027, -0.005, -0.0, -0.024, -0.017, -0.008, -0.051, 0.019, -0.012, -0.045, 0.022, -0.033, -0.037, -0.041, -0.041, -0.035, -0.029, -0.046, -0.068, -0.048, -0.05, -0.046, -0.047, -0.04], "FUKUIrad": [0.016, -0.027, -0.086, -0.036, -0.03, -0.011, -0.034, -0.016, -0.072, -0.034, -0.017, -0.01, -0.03, -0.023, -0.017, -0.046, 0.019, -0.013, -0.05, 0.022, -0.032, -0.036, -0.04, -0.037, -0.033, -0.029, -0.041, -0.049, -0.038, -0.051, -0.041, -0.041, -0.037], "s proportion": [1.024, 0.998, 1.729, 1.426, 1.039, 1.068, 1.046, 1.485, 1.727, 1.724, 1.724, 1.044, 1.823, 1.825, 1.824, 1.085, 1.007, 1.066, 1.087, 1.009, 0.962, 0.931, 0.941, 0.777, 0.92, 0.751, 0.964, 0.946, 0.962, 0.961, 0.963, 0.961, 0.956], "p proportion": [3.107, 2.521, 4.802, 3.902, 2.82, 2.999, 2.828, 3.815, 2.813, 4.638, 4.63, 2.286, 5.379, 5.388, 5.387, 2.914, 3.076, 2.982, 2.933, 3.078, 0.0, 0.0, 0.0, 0.0, 0.0, 0.0, 0.0, 0.0, 0.0, 0.0, 0.0, 0.0, 0.0], "d proportion": [0.0, 0.0, 0.0, 0.0, 0.0, 0.0, 0.0, 0.0, 0.949, 0.0, 0.0, 0.0, 0.0, 0.0, 0.0, 0.0, 0.0, 0.0, 0.0, 0.0, 0.0, 0.0, 0.0, 0.0, 0.0, 0.0, 0.0, 0.0, 0.0, 0.0, 0.0, 0.0, 0.0], "Fermi-level/eV": -8.6881, "Coordination numbers": [3.755, 2.745, 0.857, 2.691, 2.894, 2.915, 2.973, 2.684, 3.702, 0.86, 0.86, 3.314, 0.795, 0.796, 0.795, 2.958, 3.754, 2.919, 2.961, 3.754, 0.924, 0.924, 0.924, 0.86, 0.925, 0.862, 0.924, 0.924, 0.924, 0.925, 0.924, 0.924, 0.924], "Dispersion coefficient C6": [23.312, 22.315, 21.954, 24.551, 26.483, 29.658, 26.647, 29.257, 101.689, 24.673, 24.395, 19.268, 10.883, 10.942, 10.915, 27.83, 22.809, 29.21, 28.173, 22.674, 2.34, 1.999, 2.097, 1.179, 1.962, 1.055, 2.252, 2.181, 2.298, 2.284, 2.364, 2.355, 2.274], "Total dispersion C6": 13948.145573, "Total dispersion C8": 341589.171874, "Polarizability alpha": [6.884, 7.735, 6.282, 7.359, 8.437, 8.93, 8.467, 8.033, 16.972, 6.66, 6.622, 6.999, 3.897, 3.907, 3.903, 8.653, 6.81, 8.863, 8.706, 6.79, 2.392, 2.211, 2.264, 1.701, 2.19, 1.609, 2.347, 2.31, 2.37, 2.364, 2.404, 2.4, 2.358], "Total polarizability alpha": 179.832308, "Wiberg matrix": [[0.0, 0.9887026768517356, 0.0, 0.0, 0.0, 0.0, 0.0, 0.0, 0.0, 0.0, 0.0, 0.0, 0.0, 0.0, 0.0, 0.0, 0.0, 0.0, 0.0, 0.0, 0.9788978590822497, 0.9773806960746239, 0.9614365993243728, 0.0, 0.0, 0.0, 0.0, 0.0, 0.0, 0.0, 0.0, 0.0, 0.0], [0.9887026768517356, 0.0, 1.717531932474074, 1.1846609615351236, 0.0, 0.0, 0.0, 0.0, 0.0, 0.0, 0.0, 0.0, 0.0, 0.0, 0.0, 0.0, 0.0, 0.0, 0.0, 0.0, 0.0, 0.0, 0.0, 0.0, 0.0, 0.0, 0.0, 0.0, 0.0, 0.0, 0.0, 0.0, 0.0], [0.0, 1.717531932474074, 0.0, 0.16403735524624216, 0.0, 0.0, 0.0, 0.0, 0.0, 0.0, 0.0, 0.0, 0.0, 0.0, 0.0, 0.0, 0.0, 0.0, 0.0, 0.0, 0.0, 0.0, 0.0, 0.0, 0.0, 0.0, 0.0, 0.0, 0.0, 0.0, 0.0, 0.0, 0.0], [0.0, 1.1846609615351236, 0.16403735524624216, 0.0, 1.0736167350543915, 0.0, 0.0, 0.0, 0.0, 0.0, 0.0, 0.0, 0.0, 0.0, 0.0, 0.0, 0.0, 0.0, 0.0, 0.0, 0.0, 0.0, 0.0, 0.9297398135928258, 0.0, 0.0, 0.0, 0.0, 0.0, 0.0, 0.0, 0.0, 0.0], [0.0, 0.0, 0.0, 1.0736167350543915, 0.0, 1.3868107980515063, 0.0, 0.0, 0.0, 0.0, 0.0, 0.0, 0.0, 0.0, 0.0, 0.0, 0.0, 0.0, 1.333295563896953, 0.0, 0.0, 0.0, 0.0, 0.0, 0.0, 0.0, 0.0, 0.0, 0.0, 0.0, 0.0, 0.0, 0.0], [0.0, 0.0, 0.0, 0.0, 1.3868107980515063, 0.0, 1.3964648193072486, 0.0, 0.0, 0.0, 0.0, 0.0, 0.0, 0.0, 0.0, 0.0, 0.0, 0.10234209679035244, 0.0, 0.0, 0.0, 0.0, 0.0, 0.0, 0.955816588958417, 0.0, 0.0, 0.0, 0.0, 0.0, 0.0, 0.0, 0.0], [0.0, 0.0, 0.0, 0.0, 0.0, 1.3964648193072486, 0.0, 0.9937384010763806, 0.0, 0.0, 0.0, 0.0, 0.0, 0.0, 0.0, 1.369118785217809, 0.0, 0.0, 0.0, 0.0, 0.0, 0.0, 0.0, 0.0, 0.0, 0.0, 0.0, 0.0, 0.0, 0.0, 0.0, 0.0, 0.0], [0.0, 0.0, 0.0, 0.0, 0.0, 0.0, 0.9937384010763806, 0.0, 0.899794294686931, 0.0, 0.0, 0.0, 0.0, 0.0, 0.0, 0.0, 0.0, 0.0, 0.0, 0.0, 0.0, 0.0, 0.0, 0.0, 0.0, 0.9228075577619776, 0.0, 0.0, 0.0, 0.0, 0.0, 0.0, 0.0], [0.0, 0.0, 0.0, 0.0, 0.0, 0.0, 0.0, 0.899794294686931, 0.0, 1.6188850302708286, 1.6369777012803999, 0.665043757160548, 0.0, 0.0, 0.0, 0.0, 0.0, 0.0, 0.0, 0.0, 0.0, 0.0, 0.0, 0.0, 0.0, 0.0, 0.0, 0.0, 0.0, 0.0, 0.0, 0.0, 0.0], [0.0, 0.0, 0.0, 0.0, 0.0, 0.0, 0.0, 0.0, 1.6188850302708286, 0.0, 0.1201576101142547, 0.0, 0.0, 0.0, 0.0, 0.0, 0.0, 0.0, 0.0, 0.0, 0.0, 0.0, 0.0, 0.0, 0.0, 0.0, 0.0, 0.0, 0.0, 0.0, 0.0, 0.0, 0.0], [0.0, 0.0, 0.0, 0.0, 0.0, 0.0, 0.0, 0.0, 1.6369777012803999, 0.1201576101142547, 0.0, 0.0, 0.0, 0.0, 0.0, 0.0, 0.0, 0.0, 0.0, 0.0, 0.0, 0.0, 0.0, 0.0, 0.0, 0.0, 0.0, 0.0, 0.0, 0.0, 0.0, 0.0, 0.0], [0.0, 0.0, 0.0, 0.0, 0.0, 0.0, 0.0, 0.0, 0.665043757160548, 0.0, 0.0, 0.0, 0.9760331800304964, 0.9711820165504423, 0.9730030504562271, 0.0, 0.0, 0.0, 0.0, 0.0, 0.0, 0.0, 0.0, 0.0, 0.0, 0.0, 0.0, 0.0, 0.0, 0.0, 0.0, 0.0, 0.0], [0.0, 0.0, 0.0, 0.0, 0.0, 0.0, 0.0, 0.0, 0.0, 0.0, 0.0, 0.9760331800304964, 0.0, 0.0, 0.0, 0.0, 0.0, 0.0, 0.0, 0.0, 0.0, 0.0, 0.0, 0.0, 0.0, 0.0, 0.0, 0.0, 0.0, 0.0, 0.0, 0.0, 0.0], [0.0, 0.0, 0.0, 0.0, 0.0, 0.0, 0.0, 0.0, 0.0, 0.0, 0.0, 0.9711820165504423, 0.0, 0.0, 0.0, 0.0, 0.0, 0.0, 0.0, 0.0, 0.0, 0.0, 0.0, 0.0, 0.0, 0.0, 0.0, 0.0, 0.0, 0.0, 0.0, 0.0, 0.0], [0.0, 0.0, 0.0, 0.0, 0.0, 0.0, 0.0, 0.0, 0.0, 0.0, 0.0, 0.9730030504562271, 0.0, 0.0, 0.0, 0.0, 0.0, 0.0, 0.0, 0.0, 0.0, 0.0, 0.0, 0.0, 0.0, 0.0, 0.0, 0.0, 0.0, 0.0, 0.0, 0.0, 0.0], [0.0, 0.0, 0.0, 0.0, 0.0, 0.0, 1.369118785217809, 0.0, 0.0, 0.0, 0.0, 0.0, 0.0, 0.0, 0.0, 0.0, 1.027951340865671, 1.4018950140745652, 0.0, 0.0, 0.0, 0.0, 0.0, 0.0, 0.0, 0.0, 0.0, 0.0, 0.0, 0.0, 0.0, 0.0, 0.0], [0.0, 0.0, 0.0, 0.0, 0.0, 0.0, 0.0, 0.0, 0.0, 0.0, 0.0, 0.0, 0.0, 0.0, 0.0, 1.027951340865671, 0.0, 0.0, 0.0, 0.0, 0.0, 0.0, 0.0, 0.0, 0.0, 0.0, 0.9817856320460695, 0.9641510500886905, 0.9777759515746707, 0.0, 0.0, 0.0, 0.0], [0.0, 0.0, 0.0, 0.0, 0.0, 0.10234209679035244, 0.0, 0.0, 0.0, 0.0, 0.0, 0.0, 0.0, 0.0, 0.0, 1.4018950140745652, 0.0, 0.0, 1.4273520952177825, 0.0, 0.0, 0.0, 0.0, 0.0, 0.0, 0.0, 0.0, 0.0, 0.0, 0.9651374617693382, 0.0, 0.0, 0.0], [0.0, 0.0, 0.0, 0.0, 1.333295563896953, 0.0, 0.0, 0.0, 0.0, 0.0, 0.0, 0.0, 0.0, 0.0, 0.0, 0.0, 0.0, 1.4273520952177825, 0.0, 1.025449176336597, 0.0, 0.0, 0.0, 0.0, 0.0, 0.0, 0.0, 0.0, 0.0, 0.0, 0.0, 0.0, 0.0], [0.0, 0.0, 0.0, 0.0, 0.0, 0.0, 0.0, 0.0, 0.0, 0.0, 0.0, 0.0, 0.0, 0.0, 0.0, 0.0, 0.0, 0.0, 1.025449176336597, 0.0, 0.0, 0.0, 0.0, 0.0, 0.0, 0.0, 0.0, 0.0, 0.0, 0.0, 0.9714273551494466, 0.9703196679010451, 0.9824471418616253], [0.9788978590822497, 0.0, 0.0, 0.0, 0.0, 0.0, 0.0, 0.0, 0.0, 0.0, 0.0, 0.0, 0.0, 0.0, 0.0, 0.0, 0.0, 0.0, 0.0, 0.0, 0.0, 0.0, 0.0, 0.0, 0.0, 0.0, 0.0, 0.0, 0.0, 0.0, 0.0, 0.0, 0.0], [0.9773806960746239, 0.0, 0.0, 0.0, 0.0, 0.0, 0.0, 0.0, 0.0, 0.0, 0.0, 0.0, 0.0, 0.0, 0.0, 0.0, 0.0, 0.0, 0.0, 0.0, 0.0, 0.0, 0.0, 0.0, 0.0, 0.0, 0.0, 0.0, 0.0, 0.0, 0.0, 0.0, 0.0], [0.9614365993243728, 0.0, 0.0, 0.0, 0.0, 0.0, 0.0, 0.0, 0.0, 0.0, 0.0, 0.0, 0.0, 0.0, 0.0, 0.0, 0.0, 0.0, 0.0, 0.0, 0.0, 0.0, 0.0, 0.0, 0.0, 0.0, 0.0, 0.0, 0.0, 0.0, 0.0, 0.0, 0.0], [0.0, 0.0, 0.0, 0.9297398135928258, 0.0, 0.0, 0.0, 0.0, 0.0, 0.0, 0.0, 0.0, 0.0, 0.0, 0.0, 0.0, 0.0, 0.0, 0.0, 0.0, 0.0, 0.0, 0.0, 0.0, 0.0, 0.0, 0.0, 0.0, 0.0, 0.0, 0.0, 0.0, 0.0], [0.0, 0.0, 0.0, 0.0, 0.0, 0.955816588958417, 0.0, 0.0, 0.0, 0.0, 0.0, 0.0, 0.0, 0.0, 0.0, 0.0, 0.0, 0.0, 0.0, 0.0, 0.0, 0.0, 0.0, 0.0, 0.0, 0.0, 0.0, 0.0, 0.0, 0.0, 0.0, 0.0, 0.0], [0.0, 0.0, 0.0, 0.0, 0.0, 0.0, 0.0, 0.9228075577619776, 0.0, 0.0, 0.0, 0.0, 0.0, 0.0, 0.0, 0.0, 0.0, 0.0, 0.0, 0.0, 0.0, 0.0, 0.0, 0.0, 0.0, 0.0, 0.0, 0.0, 0.0, 0.0, 0.0, 0.0, 0.0], [0.0, 0.0, 0.0, 0.0, 0.0, 0.0, 0.0, 0.0, 0.0, 0.0, 0.0, 0.0, 0.0, 0.0, 0.0, 0.0, 0.9817856320460695, 0.0, 0.0, 0.0, 0.0, 0.0, 0.0, 0.0, 0.0, 0.0, 0.0, 0.0, 0.0, 0.0, 0.0, 0.0, 0.0], [0.0, 0.0, 0.0, 0.0, 0.0, 0.0, 0.0, 0.0, 0.0, 0.0, 0.0, 0.0, 0.0, 0.0, 0.0, 0.0, 0.9641510500886905, 0.0, 0.0, 0.0, 0.0, 0.0, 0.0, 0.0, 0.0, 0.0, 0.0, 0.0, 0.0, 0.0, 0.0, 0.0, 0.0], [0.0, 0.0, 0.0, 0.0, 0.0, 0.0, 0.0, 0.0, 0.0, 0.0, 0.0, 0.0, 0.0, 0.0, 0.0, 0.0, 0.9777759515746707, 0.0, 0.0, 0.0, 0.0, 0.0, 0.0, 0.0, 0.0, 0.0, 0.0, 0.0, 0.0, 0.0, 0.0, 0.0, 0.0], [0.0, 0.0, 0.0, 0.0, 0.0, 0.0, 0.0, 0.0, 0.0, 0.0, 0.0, 0.0, 0.0, 0.0, 0.0, 0.0, 0.0, 0.9651374617693382, 0.0, 0.0, 0.0, 0.0, 0.0, 0.0, 0.0, 0.0, 0.0, 0.0, 0.0, 0.0, 0.0, 0.0, 0.0], [0.0, 0.0, 0.0, 0.0, 0.0, 0.0, 0.0, 0.0, 0.0, 0.0, 0.0, 0.0, 0.0, 0.0, 0.0, 0.0, 0.0, 0.0, 0.0, 0.9714273551494466, 0.0, 0.0, 0.0, 0.0, 0.0, 0.0, 0.0, 0.0, 0.0, 0.0, 0.0, 0.0, 0.0], [0.0, 0.0, 0.0, 0.0, 0.0, 0.0, 0.0, 0.0, 0.0, 0.0, 0.0, 0.0, 0.0, 0.0, 0.0, 0.0, 0.0, 0.0, 0.0, 0.9703196679010451, 0.0, 0.0, 0.0, 0.0, 0.0, 0.0, 0.0, 0.0, 0.0, 0.0, 0.0, 0.0, 0.0], [0.0, 0.0, 0.0, 0.0, 0.0, 0.0, 0.0, 0.0, 0.0, 0.0, 0.0, 0.0, 0.0, 0.0, 0.0, 0.0, 0.0, 0.0, 0.0, 0.9824471418616253, 0.0, 0.0, 0.0, 0.0, 0.0, 0.0, 0.0, 0.0, 0.0, 0.0, 0.0, 0.0, 0.0]], "Born radii": [], "Atomic SASAs": [], "Solvent H bonds": [], "Total SASA": NaN, "Total FOD": 0.0, "FOD": [0.0, 0.0, 0.0, 0.0, 0.0, 0.0, 0.0, 0.0, 0.0, 0.0, 0.0, 0.0, 0.0, 0.0, 0.0, 0.0, 0.0, 0.0, 0.0, 0.0, 0.0, 0.0, 0.0, 0.0, 0.0, 0.0, 0.0, 0.0, 0.0, 0.0, 0.0, 0.0, 0.0], "FOD s proportion": [0.0, 0.0, 0.0, 0.0, 0.0, 0.0, 0.0, 0.0, 0.0, 0.0, 0.0, 0.0, 0.0, 0.0, 0.0, 0.0, 0.0, 0.0, 0.0, 0.0, 0.0, 0.0, 0.0, 0.0, 0.0, 0.0, 0.0, 0.0, 0.0, 0.0, 0.0, 0.0, 0.0], "FOD p proportion": [0.0, 0.0, 0.0, 0.0, 0.0, 0.0, 0.0, 0.0, 0.0, 0.0, 0.0, 0.0, 0.0, 0.0, 0.0, 0.0, 0.0, 0.0, 0.0, 0.0, 0.0, 0.0, 0.0, 0.0, 0.0, 0.0, 0.0, 0.0, 0.0, 0.0, 0.0, 0.0, 0.0], "FOD d proportion": [0.0, 0.0, 0.0, 0.0, 0.0, 0.0, 0.0, 0.0, 0.0, 0.0, 0.0, 0.0, 0.0, 0.0, 0.0, 0.0, 0.0, 0.0, 0.0, 0.0, 0.0, 0.0, 0.0, 0.0, 0.0, 0.0, 0.0, 0.0, 0.0, 0.0, 0.0, 0.0, 0.0], "coordinates": [["-4.54910", "1.94130", "0.41390"], ["-3.08140", "1.64840", "0.60450"], ["-2.35720", "2.44110", "1.19590"], ["-2.72120", "0.41560", "0.08910"], ["-1.42970", "-0.16360", "0.05460"], ["-0.28110", "0.55140", "0.41190"], ["0.98380", "-0.04780", "0.37730"], ["2.12910", "0.75550", "0.69720"], ["2.83920", "1.59520", "-0.63000"], ["2.56450", "2.99460", "-0.34830"], ["2.37470", "1.00130", "-1.87130"], ["4.64820", "1.24840", "-0.39950"], ["5.42330", "1.91080", "-1.30390"], ["5.08120", "1.62420", "0.83970"], ["4.94240", "-0.07790", "-0.52480"], ["1.13270", "-1.37600", "-0.03130"], ["2.47390", "-2.04590", "-0.11330"], ["-0.01310", "-2.08520", "-0.41670"], ["-1.29270", "-1.49930", "-0.37640"], ["-2.47050", "-2.33600", "-0.80160"], ["-4.91370", "1.52640", "-0.53030"], ["-4.70190", "3.02410", "0.38820"], ["-5.11420", "1.51260", "1.24550"], ["-3.47800", "-0.15630", "-0.25950"], ["-0.34490", "1.59540", "0.70040"], ["1.92360", "1.45470", "1.41820"], ["2.37320", "-3.13590", "-0.07360"], ["2.97050", "-1.78070", "-1.05130"], ["3.11090", "-1.75760", "0.72900"], ["0.09360", "-3.11460", "-0.75720"], ["-3.18990", "-2.42460", "0.01890"], ["-2.95850", "-1.88860", "-1.67340"], ["-2.16770", "-3.35100", "-1.08030"]], "bond_dist": [[0.0, 1.5087286237093804, 2.3802835230282966, 2.4030135122383314, 3.7802588350534942, 4.488613372746643, 5.879697337448587, 6.7885739128332405, 7.469704767258208, 7.231437940686486, 7.351513142204127, 9.259160721145303, 10.119314643294771, 9.644922816694804, 9.749199894350305, 6.594356190713389, 8.093097841988566, 6.121919193357587, 4.802753731975022, 4.908494015479698, 1.0938870188460965, 1.0938300462137616, 1.0930142999979462, 2.449622119838078, 4.228123307095005, 6.568199398617554, 8.59847971329816, 8.517304691039296, 8.512153030814236, 6.963351442373133, 4.5896113615425, 4.642732348520643, 5.99267376802709], [1.5087286237093804, 0.0, 1.2258029572488391, 1.383899215983592, 2.5127369341019365, 3.013666180916526, 4.410732968566562, 5.2872652619288925, 6.04816706531822, 5.8818593225271885, 6.0263879115105095, 7.8047890528828505, 8.720135687591105, 8.16602372271842, 8.284732742822788, 5.225885169997519, 6.710025888176587, 4.939340369927953, 3.750950251602919, 4.26916377994567, 2.1586982952696285, 2.136669471397015, 2.135789896033784, 2.039786667767, 2.738692764805866, 5.074411530414142, 7.287112408903818, 7.15023734291387, 7.068303582897384, 5.883963025886549, 4.116312501499371, 4.208836159795246, 5.354194532326968], [2.3802835230282966, 1.2258029572488391, 0.0, 2.336696918729513, 2.991201101564387, 2.914757845859584, 4.245822672933952, 4.8183852834741225, 5.572434887910311, 5.1878749772907975, 5.819932773666719, 7.283094370526857, 8.18940769408875, 7.491595197953504, 7.911405036401562, 5.315606669045407, 6.722105388194981, 5.346276766124253, 4.374018712808623, 5.17914351509977, 3.2174733534250133, 2.5475255405981705, 2.9095740942619077, 3.1813312559367346, 2.2383208058721165, 4.398596468193008, 7.422347567313188, 7.159461597773955, 6.90993450837271, 6.378622323041238, 5.074815738526868, 5.228837946427485, 6.226188167731521], [2.4030135122383314, 1.383899215983592, 2.336696918729513, 0.0, 1.4158513834438982, 2.4651023285048432, 3.7449731374203474, 4.900074255559808, 5.729451032167043, 5.89755748170376, 5.491303074863015, 7.432384688644689, 8.396960896062339, 7.931050376841646, 7.703971730218122, 4.251690479091817, 5.752304931068936, 3.7207042196336975, 2.4339565546656745, 2.903015594170999, 2.534677346330298, 3.2889064367962795, 2.875259807391325, 1.0106125914513435, 2.7225755122677495, 4.9417003814476645, 6.21228902257453, 6.206423667459384, 6.256649315728029, 4.59365157255097, 2.8794693556278728, 2.9106795048579297, 3.982603943401854], [3.7802588350534942, 2.5127369341019365, 2.991201101564387, 1.4158513834438982, 0.0, 1.3993463652720153, 2.437729923514908, 3.7313184010480804, 4.66750059560789, 5.107855644984498, 4.420355435934988, 6.25626240018751, 7.287816312860801, 6.797384030640022, 6.39896142041816, 2.836051186068404, 4.33697321412065, 2.4333979966294046, 1.4101859770966383, 2.556494639149474, 3.916179772431292, 4.5803944251559825, 4.219411037099847, 2.0722560145889313, 2.165162737532678, 3.9652138328216298, 4.828359031803663, 4.816615747597061, 4.859290042794317, 3.41875169177289, 2.8656063110622854, 2.8807704594430983, 3.462969934896923], [4.488613372746643, 3.013666180916526, 2.914757845859584, 2.4651023285048432, 1.3993463652720153, 0.0, 1.4000749301376694, 2.4355937551242, 3.4512818111536476, 3.826822394624553, 3.5311026450671186, 5.044023934320693, 6.110001420621766, 5.485268814743723, 5.344003895021036, 2.4310753669929692, 3.8225419984612334, 2.776699753304271, 2.4187025323507645, 3.8214046331159435, 4.82693987946815, 5.065400242823858, 4.997764501254536, 3.3424223042577967, 1.0850063087374193, 2.586366692872455, 4.569157474852449, 4.26058061888283, 4.115543391825677, 3.8661028051514617, 4.179969191274022, 4.17977832546177, 4.584173443490113], [5.879697337448587, 4.410732968566562, 4.245822672933952, 3.7449731374203474, 2.437729923514908, 1.4000749301376694, 0.0, 1.4350397172203981, 2.6751843768233994, 3.504469376382108, 2.8445413654928626, 3.9637583226024264, 5.13533909785907, 4.449503850992828, 4.060197578936276, 1.397583775664271, 2.540372016063789, 2.403173811857977, 2.8030997467089893, 4.307882651605078, 6.1710898267648, 6.462497420502387, 6.354071403438901, 4.508319612671666, 2.1377426271653936, 2.055286622347355, 3.4161535065040622, 2.9984691527511167, 2.7516655574397118, 3.3889243913076608, 4.8163679770133845, 4.809952642178507, 4.792460771879098], [6.7885739128332405, 5.2872652619288925, 4.8183852834741225, 4.900074255559808, 3.7313184010480804, 2.4355937551242, 1.4350397172203981, 0.0, 1.7236002842886746, 2.509225422316616, 2.5918968440121226, 2.791337691860302, 4.023788381612532, 3.080558447749368, 3.178442456612987, 2.463091037700393, 2.9366033525146022, 3.7281859583448895, 4.236207648357196, 5.741088211306286, 7.190415488690484, 7.2044838788076975, 7.303371015496886, 5.760748609338894, 2.612684108345286, 1.025159446135088, 3.974507694042119, 3.1933550773442025, 2.698261308694916, 4.608276643171501, 6.234170987388781, 6.20440834649042, 6.203655272498626], [7.469704767258208, 6.04816706531822, 5.572434887910311, 5.729451032167043, 4.66750059560789, 3.4512818111536476, 2.6751843768233994, 1.7236002842886746, 0.0, 1.4536627325483722, 1.4523440191635038, 1.8563085654060858, 2.6891108902386307, 2.68093697986357, 2.6895689041182793, 3.4783061078634234, 3.6956775008109135, 4.6611646977981795, 5.168446654460119, 6.6088345485418225, 7.753846267498473, 7.742523855952916, 8.171957817438853, 6.5659758101899826, 3.450863226788335, 2.2479294584127856, 4.7864437915847295, 3.404619536747094, 3.6279429061108446, 5.453138109382523, 7.275294499881087, 6.843892992296125, 7.052425975506584], [7.231437940686486, 5.8818593225271885, 5.1878749772907975, 5.89755748170376, 5.107855644984498, 3.826822394624553, 3.504469376382108, 2.509225422316616, 1.4536627325483722, 0.0, 2.5157102237737954, 2.719125147910629, 3.203206399843757, 3.1021152541451453, 3.8891923210353077, 4.6100634052038805, 5.046788445140137, 5.696759461307806, 5.922323755081277, 7.346563975764453, 7.623136525079424, 7.303688893976796, 7.981162580100721, 6.815266869316271, 3.394427888466626, 2.429519925828969, 6.139632401862508, 4.843814105640306, 4.903318579288929, 6.602641188191282, 7.91300725641017, 7.490331184266822, 7.949602518365305], [7.351513142204127, 6.0263879115105095, 5.819932773666719, 5.491303074863015, 4.420355435934988, 3.5311026450671186, 2.8445413654928626, 2.5918968440121226, 1.4523440191635038, 2.5157102237737954, 0.0, 2.7195690651277826, 3.231577783374555, 3.8810652738648956, 3.0936738968417474, 3.252648042749169, 3.5193511447424513, 4.164604693125147, 4.683753743526659, 5.979781970941751, 7.429319320772261, 7.699047191049032, 8.12769912951999, 6.1799704117414676, 3.789831112332052, 3.351100270060566, 4.510892525875561, 2.9608954118644584, 3.8620046271334267, 4.835831761961948, 6.802530412280419, 6.069078073315584, 6.340472699255159], [9.259160721145303, 7.8047890528828505, 7.283094370526857, 7.432384688644689, 6.25626240018751, 5.044023934320693, 3.9637583226024264, 2.791337691860302, 1.8563085654060858, 2.719125147910629, 2.7195690651277826, 0.0, 1.3628987966830113, 1.3654051706361743, 1.3643040057113371, 4.4024750822690635, 3.9575122766707875, 5.730698255012211, 6.545584902054208, 7.980319383332976, 9.566834599281, 9.549761870853116, 9.903548879063504, 8.24790328083447, 5.124571847481504, 3.2817736271717464, 4.950143664581867, 3.5234879508804906, 3.5598931922179915, 6.317285766054911, 8.666129422643076, 8.326192112844863, 8.25072492633223], [10.119314643294771, 8.720135687591105, 8.18940769408875, 8.396960896062339, 7.287816312860801, 6.110001420621766, 5.13533909785907, 4.023788381612532, 2.6891108902386307, 3.203206399843757, 3.231577783374555, 1.3628987966830113, 0.0, 2.1895645525994434, 2.189335358048191, 5.5526402152489585, 5.076609460062888, 6.805114605941622, 7.589050945935203, 8.977733231166985, 10.37303182873744, 10.325808168855355, 10.848820666321295, 9.19765271468759, 6.114640372908288, 4.457101716362327, 6.023780290648057, 4.439279992296048, 4.78926244112807, 7.345694530811909, 9.733072857016946, 9.210132564192548, 9.239037677160972], [9.644922816694804, 8.16602372271842, 7.491595197953504, 7.931050376841646, 6.797384030640022, 5.485268814743723, 4.449503850992828, 3.080558447749368, 2.68093697986357, 3.1021152541451453, 3.8810652738648956, 1.3654051706361743, 2.1895645525994434, 0.0, 2.185925456185549, 5.034927337112225, 4.601723188111166, 6.4257358963779385, 7.201510443649998, 8.683618060463047, 10.088830004019298, 9.893059075432635, 10.204082974966441, 8.811261290530432, 5.427964180058671, 3.214627546077461, 5.552110670726944, 4.429929965586363, 3.9154703191315345, 7.062752212133737, 9.245409092625378, 9.126456680442853, 8.9991980892744], [9.749199894350305, 8.284732742822788, 7.911405036401562, 7.703971730218122, 6.39896142041816, 5.344003895021036, 4.060197578936276, 3.178442456612987, 2.6895689041182793, 3.8891923210353077, 3.0936738968417474, 1.3643040057113371, 2.189335358048191, 2.185925456185549, 0.0, 4.054925393888277, 3.1836847362765055, 5.34770223086514, 6.396786109445899, 7.754142135658851, 9.985815737835344, 10.1719464946489, 10.334353192145118, 8.424943133932716, 5.679488464641865, 3.9034939733525915, 4.0194196197958725, 2.658029288777684, 2.7834868025553847, 5.725942550357976, 8.481563173731598, 8.186704908569748, 7.846992154322572], [6.594356190713389, 5.225885169997519, 5.315606669045407, 4.251690479091817, 2.836051186068404, 2.4310753669929692, 1.397583775664271, 2.463091037700393, 3.4783061078634234, 4.6100634052038805, 3.252648042749169, 4.4024750822690635, 5.5526402152489585, 5.034927337112225, 4.054925393888277, 0.0, 1.5014351301338331, 1.4015546510928498, 2.4529292814918247, 3.807625550129634, 6.725465018866726, 7.319796269022794, 6.999856270667277, 4.774756310012062, 3.3982208006543657, 3.2771078026210856, 2.1535732051639203, 2.140488479296256, 2.153357817456263, 2.1516016313434974, 4.448252776090856, 4.4381492325067216, 3.9866861125501214], [8.093097841988566, 6.710025888176587, 6.722105388194981, 5.752304931068936, 4.33697321412065, 3.8225419984612334, 2.540372016063789, 2.9366033525146022, 3.6956775008109135, 5.046788445140137, 3.5193511447424513, 3.9575122766707875, 5.076609460062888, 4.601723188111166, 3.1836847362765055, 1.5014351301338331, 0.0, 2.5057464057641585, 3.815136790470297, 5.00050060093987, 8.216559502005692, 8.800483389564462, 8.49049593957856, 6.246365039765128, 4.676195763652331, 3.860378569518798, 1.0953613924180456, 1.093977422070492, 1.094694103391445, 2.6874811608642024, 5.677985643694426, 5.654168821321131, 4.917603641002394], [6.121919193357587, 4.939340369927953, 5.346276766124253, 3.7207042196336975, 2.4333979966294046, 2.776699753304271, 2.403173811857977, 3.7281859583448895, 4.6611646977981795, 5.696759461307806, 4.164604693125147, 5.730698255012211, 6.805114605941622, 6.4257358963779385, 5.34770223086514, 1.4015546510928498, 2.5057464057641585, 0.0, 1.4079343237523543, 2.4999726818507435, 6.088714140112016, 6.98123598942193, 6.459744181467252, 3.968740235893501, 3.8606761078857676, 4.432669275955517, 2.629850906420362, 3.065502629260004, 3.3435499472865664, 1.0894904772415406, 3.2244376191826074, 3.208321618853072, 2.5855204040966298], [4.802753731975022, 3.750950251602919, 4.374018712808623, 2.4339565546656745, 1.4101859770966383, 2.4187025323507645, 2.8030997467089893, 4.236207648357196, 5.168446654460119, 5.922323755081277, 4.683753743526659, 6.545584902054208, 7.589050945935203, 7.201510443649998, 6.396786109445899, 2.4529292814918247, 3.815136790470297, 1.4079343237523543, 0.0, 1.5060128717909418, 4.7212484259992085, 5.715628168451827, 5.128933950637306, 2.567654708094529, 3.4110102858244216, 4.721365358664801, 4.026036538582331, 4.3254537576998775, 4.547562095233006, 2.1624131011441823, 2.1475125191718907, 2.1467773824968437, 2.1656161017133204], [4.908494015479698, 4.26916377994567, 5.17914351509977, 2.903015594170999, 2.556494639149474, 3.8214046331159435, 4.307882651605078, 5.741088211306286, 6.6088345485418225, 7.346563975764453, 5.979781970941751, 7.980319383332976, 8.977733231166985, 8.683618060463047, 7.754142135658851, 3.807625550129634, 5.00050060093987, 2.4999726818507435, 1.5060128717909418, 0.0, 4.578314503176906, 5.926672085580575, 5.098184977028589, 2.461710939570282, 4.714879141611161, 6.213294885968313, 4.962988384028317, 5.474960198942089, 5.816296835616284, 2.680074276955771, 1.0948089194010069, 1.09468991043126, 1.0952563763795216], [1.0938870188460965, 2.1586982952696285, 3.2174733534250133, 2.534677346330298, 3.916179772431292, 4.82693987946815, 6.1710898267648, 7.190415488690484, 7.753846267498473, 7.623136525079424, 7.429319320772261, 9.566834599281, 10.37303182873744, 10.088830004019298, 9.985815737835344, 6.725465018866726, 8.216559502005692, 6.088714140112016, 4.7212484259992085, 4.578314503176906, 0.0, 1.7696346459085839, 1.7871363490232077, 2.228462793048159, 4.732157745680083, 7.109884980082309, 8.662824469536481, 8.565568343665236, 8.761546533004319, 6.831062721129122, 4.345515858905591, 4.097768862442098, 5.624237438088829], [1.0938300462137616, 2.136669471397015, 2.5475255405981705, 3.2889064367962795, 4.5803944251559825, 5.065400242823858, 6.462497420502387, 7.2044838788076975, 7.742523855952916, 7.303688893976796, 7.699047191049032, 9.549761870853116, 10.325808168855355, 9.893059075432635, 10.1719464946489, 7.319796269022794, 8.800483389564462, 6.98123598942193, 5.715628168451827, 5.926672085580575, 1.7696346459085839, 0.0, 1.7859414408093004, 3.4687736536130456, 4.595878754928159, 6.886302825900121, 9.392331938874392, 9.166459788271588, 9.166277508890946, 7.873525201585374, 5.666644349171738, 5.605734511194765, 7.015736732517833], [1.0930142999979462, 2.135789896033784, 2.9095740942619077, 2.875259807391325, 4.219411037099847, 4.997764501254536, 6.354071403438901, 7.303371015496886, 8.171957817438853, 7.981162580100721, 8.12769912951999, 9.903548879063504, 10.848820666321295, 10.204082974966441, 10.334353192145118, 6.999856270667277, 8.49049593957856, 6.459744181467252, 5.128933950637306, 5.098184977028589, 1.7871363490232077, 1.7859414408093004, 0.0, 2.7798206147159927, 4.801063667563679, 7.040156712744398, 8.911214048601908, 9.026820548786821, 8.866411354093607, 7.248652838286574, 4.550716634773033, 4.97344761106418, 6.143762108838525], [2.449622119838078, 2.039786667767, 3.1813312559367346, 1.0106125914513435, 2.0722560145889313, 3.3424223042577967, 4.508319612671666, 5.760748609338894, 6.5659758101899826, 6.815266869316271, 6.1799704117414676, 8.24790328083447, 9.19765271468759, 8.811261290530432, 8.424943133932716, 4.774756310012062, 6.246365039765128, 3.968740235893501, 2.567654708094529, 2.461710939570282, 2.228462793048159, 3.4687736536130456, 2.7798206147159927, 0.0, 3.7156663615023353, 5.881095208377434, 6.568798703720491, 6.6969227896101655, 6.852364347435125, 4.664286734324981, 2.3034090084047167, 2.295616856097724, 3.549183965364433], [4.228123307095005, 2.738692764805866, 2.2383208058721165, 2.7225755122677495, 2.165162737532678, 1.0850063087374193, 2.1377426271653936, 2.612684108345286, 3.450863226788335, 3.394427888466626, 3.789831112332052, 5.124571847481504, 6.114640372908288, 5.427964180058671, 5.679488464641865, 3.3982208006543657, 4.676195763652331, 3.8606761078857676, 3.4110102858244216, 4.714879141611161, 4.732157745680083, 4.595878754928159, 4.801063667563679, 3.7156663615023353, 0.0, 2.3835111873033026, 5.511110895273293, 5.045629917066847, 4.815182301844863, 4.949846463275402, 4.971807241838726, 4.960250739630004, 5.564203922395368], [6.568199398617554, 5.074411530414142, 4.398596468193008, 4.9417003814476645, 3.9652138328216298, 2.586366692872455, 2.055286622347355, 1.025159446135088, 2.2479294584127856, 2.429519925828969, 3.351100270060566, 3.2817736271717464, 4.457101716362327, 3.214627546077461, 3.9034939733525915, 3.2771078026210856, 3.860378569518798, 4.432669275955517, 4.721365358664801, 6.213294885968313, 7.109884980082309, 6.886302825900121, 7.040156712744398, 5.881095208377434, 2.3835111873033026, 0.0, 4.847805251863981, 4.202647144360326, 3.493357871733155, 5.381428030736823, 6.569238253405032, 6.676117573859825, 6.787929760243546], [8.59847971329816, 7.287112408903818, 7.422347567313188, 6.21228902257453, 4.828359031803663, 4.569157474852449, 3.4161535065040622, 3.974507694042119, 4.7864437915847295, 6.139632401862508, 4.510892525875561, 4.950143664581867, 6.023780290648057, 5.552110670726944, 4.0194196197958725, 2.1535732051639203, 1.0953613924180456, 2.629850906420362, 4.026036538582331, 4.962988384028317, 8.662824469536481, 9.392331938874392, 8.911214048601908, 6.568798703720491, 5.511110895273293, 4.847805251863981, 0.0, 1.774607455185512, 1.7572930717441526, 2.379987144923266, 5.609151945704449, 5.704572045298402, 4.656123463784009], [8.517304691039296, 7.15023734291387, 7.159461597773955, 6.206423667459384, 4.816615747597061, 4.26058061888283, 2.9984691527511167, 3.1933550773442025, 3.404619536747094, 4.843814105640306, 2.9608954118644584, 3.5234879508804906, 4.439279992296048, 4.429929965586363, 2.658029288777684, 2.140488479296256, 1.093977422070492, 3.065502629260004, 4.3254537576998775, 5.474960198942089, 8.565568343665236, 9.166459788271588, 9.026820548786821, 6.6969227896101655, 5.045629917066847, 4.202647144360326, 1.774607455185512, 0.0, 1.7859770043312428, 3.184703695793378, 6.285734914073294, 5.962523947121722, 5.372874680280566], [8.512153030814236, 7.068303582897384, 6.90993450837271, 6.256649315728029, 4.859290042794317, 4.115543391825677, 2.7516655574397118, 2.698261308694916, 3.6279429061108446, 4.903318579288929, 3.8620046271334267, 3.5598931922179915, 4.78926244112807, 3.9154703191315345, 2.7834868025553847, 2.153357817456263, 1.094694103391445, 3.3435499472865664, 4.547562095233006, 5.816296835616284, 8.761546533004319, 9.166277508890946, 8.866411354093607, 6.852364347435125, 4.815182301844863, 3.493357871733155, 1.7572930717441526, 1.7859770043312428, 0.0, 3.626891055711489, 6.375673427176144, 6.528882225925048, 5.8031119246487055], [6.963351442373133, 5.883963025886549, 6.378622323041238, 4.59365157255097, 3.41875169177289, 3.8661028051514617, 3.3889243913076608, 4.608276643171501, 5.453138109382523, 6.602641188191282, 4.835831761961948, 6.317285766054911, 7.345694530811909, 7.062752212133737, 5.725942550357976, 2.1516016313434974, 2.6874811608642024, 1.0894904772415406, 2.1624131011441823, 2.680074276955771, 6.831062721129122, 7.873525201585374, 7.248652838286574, 4.664286734324981, 4.949846463275402, 5.381428030736823, 2.379987144923266, 3.184703695793378, 3.626891055711489, 0.0, 3.443806536378024, 3.4143539432812173, 2.296466037197154], [4.5896113615425, 4.116312501499371, 5.074815738526868, 2.8794693556278728, 2.8656063110622854, 4.179969191274022, 4.8163679770133845, 6.234170987388781, 7.275294499881087, 7.91300725641017, 6.802530412280419, 8.666129422643076, 9.733072857016946, 9.245409092625378, 8.481563173731598, 4.448252776090856, 5.677985643694426, 3.2244376191826074, 2.1475125191718907, 1.0948089194010069, 4.345515858905591, 5.666644349171738, 4.550716634773033, 2.3034090084047167, 4.971807241838726, 6.569238253405032, 5.609151945704449, 6.285734914073294, 6.375673427176144, 3.443806536378024, 0.0, 1.7901735251086692, 1.7639020494347186], [4.642732348520643, 4.208836159795246, 5.228837946427485, 2.9106795048579297, 2.8807704594430983, 4.17977832546177, 4.809952642178507, 6.20440834649042, 6.843892992296125, 7.490331184266822, 6.069078073315584, 8.326192112844863, 9.210132564192548, 9.126456680442853, 8.186704908569748, 4.4381492325067216, 5.654168821321131, 3.208321618853072, 2.1467773824968437, 1.09468991043126, 4.097768862442098, 5.605734511194765, 4.97344761106418, 2.295616856097724, 4.960250739630004, 6.676117573859825, 5.704572045298402, 5.962523947121722, 6.528882225925048, 3.4143539432812173, 1.7901735251086692, 0.0, 1.7651475887301888], [5.99267376802709, 5.354194532326968, 6.226188167731521, 3.982603943401854, 3.462969934896923, 4.584173443490113, 4.792460771879098, 6.203655272498626, 7.052425975506584, 7.949602518365305, 6.340472699255159, 8.25072492633223, 9.239037677160972, 8.9991980892744, 7.846992154322572, 3.9866861125501214, 4.917603641002394, 2.5855204040966298, 2.1656161017133204, 1.0952563763795216, 5.624237438088829, 7.015736732517833, 6.143762108838525, 3.549183965364433, 5.564203922395368, 6.787929760243546, 4.656123463784009, 5.372874680280566, 5.8031119246487055, 2.296466037197154, 1.7639020494347186, 1.7651475887301888, 0.0]]}