{"total energy": -22.6757222, "HOMO-LUMO gap/eV": 11.02134822, "electronic energy": -22.84455523, "dipole": [-0.96573571, 0.02369104, -0.08264136], "partial charges": [-0.44506929, 0.06612527, 0.09968919, -0.45457394, 0.06925311, -0.45443994, 0.31036712, 0.04854566, 0.04510116, 0.03635881, 0.31066604, 0.0284274, 0.04702714, 0.29252228], "atomic dipole moments": [[-0.07715228, -0.06586116, 0.22010063], [-0.01065231, 0.17753799, -0.07088731], [0.06763821, 0.15710091, -0.01500564], [-0.18566395, -0.12778341, -0.06970335], [-0.08555717, 0.05189009, 0.17421628], [0.07260337, -0.05782864, -0.22088932], [0.01120864, 0.05704235, 0.05634553], [-0.03630774, -0.10310641, -0.06966059], [0.09464477, -0.03036765, 0.06889811], [-0.0401212, -0.07037905, 0.09399858], [-0.07567824, 0.02876304, 0.02152922], [-0.05807848, -0.09134572, -0.05888985], [0.02898208, 0.09545009, -0.07652779], [-0.0510859, 0.02064383, -0.06176084]], "atomic quadrupole moments": [[-0.07005102, 0.07632615, 0.03052429, -0.08237349, -0.10551308, 0.03952672], [-0.05215532, 0.08547534, 0.0625051, -0.30269456, -0.21565105, -0.01034977], [0.00521891, 0.03102462, 0.09355864, 0.12052491, 0.26028826, -0.09877756], [-0.02498103, 0.08067681, 0.07898663, 0.05418687, 0.11526948, -0.0540056], [0.19130602, -0.29396474, -0.21927376, -0.14836792, 0.14936457, 0.02796774], [0.04233118, -0.09560131, -0.07147532, -0.10133107, 0.06347951, 0.02914414], [-0.07111648, 0.04962064, 0.07404144, 0.01257964, 0.07032593, -0.00292495], [-0.01954976, 0.03103467, 0.01422832, 0.0155211, 0.0345151, 0.00532144], [0.00774542, 0.00127244, -0.02526202, 0.02425711, -0.03860483, 0.0175166], [-0.01479183, 0.02730921, 0.01554889, -0.00849766, -0.00745812, -0.00075706], [0.0463395, -0.06770737, -0.00171556, -0.05014008, 0.05675792, -0.04462394], [-0.00096114, 0.01145545, 0.02061694, 0.00351074, 0.04160576, -0.0196558], [0.0028359, 0.00535095, 0.00415277, -0.03914604, -0.02530993, -0.00698866], [0.0431311, -0.06166471, -0.06000424, 0.07707086, -0.02998669, 0.01687314]], "number of molecular orbitals": 32, "number of electrons": 38, "number of unpaired electrons": 0, "orbital energies/eV": [-19.16894532, -18.85710393, -18.56171022, -17.66097951, -17.10213124, -16.36282789, -16.03763092, -15.40492456, -15.21966061, -14.90229586, -14.63603874, -14.15892583, -13.75275958, -13.43956146, -12.95149364, -12.43589205, -11.68895085, -11.44351324, -11.20115755, -0.17980933, 0.33541692, 1.60563288, 2.30701502, 2.65657273, 3.29965575, 3.93749339, 4.52433956, 4.89024164, 5.23207002, 5.64632188, 6.64410304, 6.9542452], "fractional occupation": [2.0, 2.0, 2.0, 2.0, 2.0, 2.0, 2.0, 2.0, 2.0, 2.0, 2.0, 2.0, 2.0, 2.0, 2.0, 2.0, 2.0, 2.0, 2.0, 0.0, 0.0, 0.0, 0.0, 0.0, 0.0, 0.0, 0.0, 0.0, 0.0, 0.0, 0.0, 0.0], "program call": "xtb /home/svss/Project-DBcg-Debug/aqme2_20220329/End-to-End-workflows-final/example-3/QDESCP/mol_680_rdkit_conf_1/mol_680_rdkit_conf_1.xyz --pop --wbo --acc 0.2 --gfn 2 --chrg 0 --uhf 0 --etemp 300 --input /home/svss/Project-DBcg-Debug/aqme2_20220329/End-to-End-workflows-final/example-3/QDESCP/mol_680_rdkit_conf_1/mol_680_rdkit_conf_1_xtb.inp", "method": "GFN2-xTB", "xtb version": "6.3.3 (7355c4f)", "Dipole module/D": 2.464, "Total charge": 0, "Transition dipole module/D": NaN, "HOMO": -11.2012, "LUMO": -0.1798, "HOMO occupancy": 2.0, "LUMO occupancy": 0, "mulliken charges": [-0.5701, 0.18164, 0.19203, -0.57839, 0.17668, -0.57696, 0.35002, 0.02517, 0.03105, 0.02618, 0.3549, 0.01458, 0.03106, 0.34213], "cm5 charges": [-0.77926, 0.09944, 0.14863, -0.78572, 0.09359, -0.79352, 0.52379, 0.088, 0.09569, 0.09437, 0.52936, 0.07753, 0.09838, 0.50972], "FUKUI+": [-0.071, 0.003, -0.03, -0.129, 0.004, -0.091, -0.037, -0.084, -0.076, -0.087, -0.09, -0.108, -0.073, -0.133], "FUKUI-": [-0.157, 0.021, 0.003, -0.097, 0.014, -0.114, -0.057, -0.083, -0.131, -0.1, -0.051, -0.088, -0.096, -0.065], "FUKUIrad": [-0.114, 0.012, -0.013, -0.113, 0.009, -0.103, -0.047, -0.083, -0.103, -0.093, -0.071, -0.098, -0.084, -0.099], "s proportion": [1.705, 0.997, 1.028, 1.711, 1.003, 1.702, 0.65, 0.975, 0.969, 0.974, 0.645, 0.985, 0.969, 0.658], "p proportion": [4.865, 2.821, 2.78, 4.867, 2.82, 4.875, 0.0, 0.0, 0.0, 0.0, 0.0, 0.0, 0.0, 0.0], "d proportion": [0.0, 0.0, 0.0, 0.0, 0.0, 0.0, 0.0, 0.0, 0.0, 0.0, 0.0, 0.0, 0.0, 0.0], "Fermi-level/eV": -5.6905, "Coordination numbers": [1.652, 3.674, 3.721, 1.651, 3.673, 1.652, 0.803, 0.924, 0.924, 0.924, 0.803, 0.924, 0.924, 0.804], "Dispersion coefficient C6": [21.745, 19.696, 19.043, 21.94, 19.647, 21.936, 0.691, 2.338, 2.382, 2.498, 0.69, 2.609, 2.357, 0.744], "Total dispersion C6": 1405.096156, "Total dispersion C8": 28794.950206, "Polarizability alpha": [6.295, 6.36, 6.232, 6.323, 6.353, 6.323, 1.306, 2.391, 2.414, 2.472, 1.305, 2.526, 2.401, 1.355], "Total polarizability alpha": 54.05456, "Wiberg matrix": [[0.0, 1.0044338738082237, 0.0, 0.0, 0.0, 0.0, 0.8857205965971215, 0.0, 0.0, 0.0, 0.0, 0.0, 0.0, 0.0], [1.0044338738082237, 0.0, 0.9877935471388861, 0.0, 0.0, 0.0, 0.0, 0.9727359546600587, 0.9698526238240182, 0.0, 0.0, 0.0, 0.0, 0.0], [0.0, 0.9877935471388861, 0.0, 0.9844818380322705, 0.9896998814353413, 0.0, 0.0, 0.0, 0.0, 0.9611889084662107, 0.0, 0.0, 0.0, 0.0], [0.0, 0.0, 0.9844818380322705, 0.0, 0.0, 0.0, 0.0, 0.0, 0.0, 0.0, 0.8838842659967076, 0.0, 0.0, 0.0], [0.0, 0.0, 0.9896998814353413, 0.0, 0.0, 0.9843945651898995, 0.0, 0.0, 0.0, 0.0, 0.0, 0.9729244245950184, 0.9716367190099342, 0.0], [0.0, 0.0, 0.0, 0.0, 0.9843945651898995, 0.0, 0.0, 0.0, 0.0, 0.0, 0.0, 0.0, 0.0, 0.9015020446852677], [0.8857205965971215, 0.0, 0.0, 0.0, 0.0, 0.0, 0.0, 0.0, 0.0, 0.0, 0.0, 0.0, 0.0, 0.0], [0.0, 0.9727359546600587, 0.0, 0.0, 0.0, 0.0, 0.0, 0.0, 0.0, 0.0, 0.0, 0.0, 0.0, 0.0], [0.0, 0.9698526238240182, 0.0, 0.0, 0.0, 0.0, 0.0, 0.0, 0.0, 0.0, 0.0, 0.0, 0.0, 0.0], [0.0, 0.0, 0.9611889084662107, 0.0, 0.0, 0.0, 0.0, 0.0, 0.0, 0.0, 0.0, 0.0, 0.0, 0.0], [0.0, 0.0, 0.0, 0.8838842659967076, 0.0, 0.0, 0.0, 0.0, 0.0, 0.0, 0.0, 0.0, 0.0, 0.0], [0.0, 0.0, 0.0, 0.0, 0.9729244245950184, 0.0, 0.0, 0.0, 0.0, 0.0, 0.0, 0.0, 0.0, 0.0], [0.0, 0.0, 0.0, 0.0, 0.9716367190099342, 0.0, 0.0, 0.0, 0.0, 0.0, 0.0, 0.0, 0.0, 0.0], [0.0, 0.0, 0.0, 0.0, 0.0, 0.9015020446852677, 0.0, 0.0, 0.0, 0.0, 0.0, 0.0, 0.0, 0.0]], "Born radii": [], "Atomic SASAs": [], "Solvent H bonds": [], "Total SASA": NaN, "Total FOD": 0.0, "FOD": [0.0, 0.0, 0.0, 0.0, 0.0, 0.0, 0.0, 0.0, 0.0, 0.0, 0.0, 0.0, 0.0, 0.0], "FOD s proportion": [0.0, 0.0, 0.0, 0.0, 0.0, 0.0, 0.0, 0.0, 0.0, 0.0, 0.0, 0.0, 0.0, 0.0], "FOD p proportion": [0.0, 0.0, 0.0, 0.0, 0.0, 0.0, 0.0, 0.0, 0.0, 0.0, 0.0, 0.0, 0.0, 0.0], "FOD d proportion": [0.0, 0.0, 0.0, 0.0, 0.0, 0.0, 0.0, 0.0, 0.0, 0.0, 0.0, 0.0, 0.0, 0.0], "coordinates": [["1.82740", "0.00150", "-1.11900"], ["1.22350", "-0.94320", "-0.23620"], ["0.07170", "-0.29030", "0.52410"], ["0.58390", "0.85480", "1.22850"], ["-1.04830", "0.17960", "-0.40700"], ["-2.06790", "0.78660", "0.39400"], ["2.00840", "0.78320", "-0.55820"], ["0.88140", "-1.80060", "-0.82310"], ["1.99980", "-1.27990", "0.45850"], ["-0.32700", "-0.98010", "1.27590"], ["-0.21600", "1.31880", "1.55100"], ["-1.48510", "-0.65870", "-0.95780"], ["-0.69170", "0.93920", "-1.10970"], ["-2.76010", "1.08900", "-0.22100"]], "bond_dist": [[0.0, 1.4270561096186793, 2.422273176171507, 2.790191640371679, 2.967880405272423, 4.25193051448398, 0.9789343849308799, 2.056705428592048, 2.0396602584744357, 3.3675694395216262, 3.6110473342231337, 3.381494600025261, 2.6879792763338037, 4.799397514271974], [1.4270561096186793, 0.0, 1.5267539880412953, 2.4056679425889183, 2.5398676579696033, 3.7712960689927275, 1.9235927245651558, 1.0939007176156346, 1.094813532068361, 2.166069774961093, 3.22224891806949, 2.817474182667873, 2.823902096390737, 4.472039449736552], [2.422273176171507, 1.5267539880412953, 0.0, 1.438673767745836, 1.5304094942204194, 2.398859683266197, 2.464666798981152, 2.1798091705468163, 2.168220729077185, 1.0954400805155888, 1.9304138701325164, 2.180681638845982, 2.1826021740115626, 3.236778296392881], [2.790191640371679, 2.4056679425889183, 1.438673767745836, 0.0, 2.4072457560456932, 2.7808424496903807, 2.2861810295774916, 3.3687858302361704, 2.674811563456387, 2.0491079961778493, 0.979358085686742, 3.3691765967369536, 2.664856086170508, 3.6521549652225875], [2.967880405272423, 2.5398676579696033, 1.5304094942204194, 2.4072457560456932, 0.0, 1.4316543437575984, 3.119392455270738, 2.796081783496327, 3.4885733631385767, 2.1673325056391324, 2.4133511824846376, 1.0940391994805305, 1.094505829130206, 1.9472708080798622], [4.25193051448398, 3.7712960689927275, 2.398859683266197, 2.7808424496903807, 1.4316543437575984, 0.0, 4.186038472111789, 4.107713079074536, 4.562977732796863, 2.632434103638684, 2.247536306714532, 2.062985983956265, 2.0440956166481055, 0.9740696073690012], [0.9789343849308799, 1.9235927245651558, 2.464666798981152, 2.2861810295774916, 3.119392455270738, 4.186038472111789, 0.0, 2.831311259822911, 2.300029230249042, 3.4535840600744034, 3.111839867345362, 3.8004339252248553, 2.760258730626533, 4.790178465360137], [2.056705428592048, 1.0939007176156346, 2.1798091705468163, 3.3687858302361704, 2.796081783496327, 4.107713079074536, 2.831311259822911, 0.0, 1.77888886949129, 2.5571960836040715, 4.070785419301783, 2.6310457901754583, 3.172268464364263, 4.687519047427967], [2.0396602584744357, 1.094813532068361, 2.168220729077185, 2.674811563456387, 3.4885733631385767, 4.562977732796863, 2.300029230249042, 1.77888886949129, 0.0, 2.4843552563995353, 3.5856056085409063, 3.8126530316827942, 3.824634400828398, 5.360042487704738], [3.3675694395216262, 2.166069774961093, 1.0954400805155888, 2.0491079961778493, 2.1673325056391324, 2.632434103638684, 3.4535840600744034, 2.5571960836040715, 2.4843552563995353, 0.0, 2.317960789142042, 2.5365151803212216, 3.083473032150598, 3.527302089416215], [3.6110473342231337, 3.22224891806949, 1.9304138701325164, 0.979358085686742, 2.4133511824846376, 2.247536306714532, 3.111839867345362, 4.070785419301783, 3.5856056085409063, 2.317960789142042, 0.0, 3.4373243227836388, 2.7294158972205023, 3.1088964038706726], [3.381494600025261, 2.817474182667873, 2.180681638845982, 3.3691765967369536, 1.0940391994805305, 2.062985983956265, 3.8004339252248553, 2.6310457901754583, 3.8126530316827942, 2.5365151803212216, 3.4373243227836388, 0.0, 1.790486408772767, 2.2853784216186166], [2.6879792763338037, 2.823902096390737, 2.1826021740115626, 2.664856086170508, 1.094505829130206, 2.0440956166481055, 2.760258730626533, 3.172268464364263, 3.824634400828398, 3.083473032150598, 2.7294158972205023, 1.790486408772767, 0.0, 2.2562150362941917], [4.799397514271974, 4.472039449736552, 3.236778296392881, 3.6521549652225875, 1.9472708080798622, 0.9740696073690012, 4.790178465360137, 4.687519047427967, 5.360042487704738, 3.527302089416215, 3.1088964038706726, 2.2853784216186166, 2.2562150362941917, 0.0]]}