{"total energy": -24.04829212, "HOMO-LUMO gap/eV": 11.99186471, "electronic energy": -24.34599757, "dipole": [-0.3671288, -0.13589738, 0.49916858], "partial charges": [-0.10001747, -0.05230781, -0.06210946, -0.01312467, -0.1026093, 0.08447969, -0.44121709, 0.03059453, 0.0311535, 0.0337262, 0.02591821, 0.03253088, 0.04940212, 0.03049212, 0.02720639, 0.03214763, 0.05060275, 0.03328717, 0.0129882, 0.01486208, 0.28199434], "atomic dipole moments": [[-0.0708628, 0.06592837, 0.02883282], [-0.02359918, -0.10392552, -0.03874769], [0.0132987, 0.10718195, 0.05874818], [-0.04285473, -0.03066201, -0.07457927], [0.00751836, -0.09410937, 0.06482798], [0.01320185, -0.01542233, -0.19515005], [-0.06378077, -0.00732851, 0.23610729], [0.11293597, 0.04979014, 0.01615101], [-0.00470395, -0.10544125, 0.06808359], [-0.01121999, -0.03068246, -0.12195986], [0.02117745, 0.03001394, 0.11740877], [0.01783271, 0.10277483, -0.06685248], [-0.01709313, -0.02929245, -0.12396701], [-0.00659564, -0.1090417, 0.05613603], [0.0236702, 0.02924182, 0.11626671], [-0.09604467, 0.07151956, 0.03734041], [-0.01355516, -0.01654965, -0.12849517], [0.10043566, 0.07190576, 0.01721958], [-0.00077816, -0.10142611, 0.0566081], [-0.08893988, 0.06484783, 0.03793558], [-0.06972943, -0.0350227, 0.01617935]], "atomic quadrupole moments": [[0.06674032, -0.15443701, 0.03483564, -0.06887663, 0.06711374, -0.10157596], [0.20359249, -0.04592087, -0.00714606, -0.02601554, 0.09275985, -0.19644643], [0.21791434, -0.02244054, -0.02148913, -0.05023589, 0.08764016, -0.19642521], [0.1014631, 0.01365794, 0.07935069, -0.05206729, -0.05776192, -0.18081379], [-0.08436642, -0.01917204, 0.1302108, -0.00061954, -0.15751042, -0.04584438], [-0.07371192, 0.15279761, -0.22719209, 0.15845323, 0.15267241, 0.30090401], [-0.06101017, 0.03840989, -0.0994416, 0.0388117, 0.0525782, 0.16045178], [0.05837367, 0.04380007, -0.00910936, 0.01358445, 0.01623937, -0.04926431], [-0.03892965, 0.00541617, 0.03937489, -0.01971179, -0.05575708, -0.00044524], [-0.03613964, -0.00792877, -0.03506606, 0.02380782, 0.02366831, 0.0712057], [-0.01792213, -0.00304433, -0.03740921, 0.0064515, 0.01450527, 0.05533135], [-0.01729089, -0.00426778, 0.02124261, -0.00271361, -0.04554183, -0.00395172], [-0.01428357, 0.00207845, -0.0387271, 0.01259626, 0.00245709, 0.05301067], [-0.01410652, -0.00016889, 0.02499351, -0.00606038, -0.04880942, -0.01088699], [-0.02070734, 0.00416958, -0.01283295, 0.01662626, 0.01114206, 0.03354029], [0.03715674, -0.04755216, -0.00936709, -0.04385823, 0.01166815, -0.02778965], [-0.04779406, 0.00320407, -0.01911808, 0.01326454, 0.03092126, 0.06691214], [0.05402289, 0.04969704, -0.01484118, 0.02681161, -0.00114472, -0.03918171], [-0.03503002, -0.0005362, 0.02675385, 0.02589024, -0.02607006, 0.00827617], [0.00669594, -0.03262503, -0.00181666, -0.00071199, 0.03496364, -0.00487928], [0.08552401, 0.09405022, -0.04234313, -0.00172821, 0.00456382, -0.04318088]], "number of molecular orbitals": 42, "number of electrons": 44, "number of unpaired electrons": 0, "orbital energies/eV": [-18.52750498, -17.12855283, -16.64556046, -16.20433209, -15.82494453, -15.40299285, -15.21101321, -14.83688223, -14.21755995, -13.84554502, -13.73398567, -13.3223134, -13.00469387, -12.85801753, -12.48607251, -12.34364563, -12.02732802, -11.78852167, -11.51075921, -11.41195723, -11.27327616, -11.0090222, 0.98284251, 1.66555744, 2.51139961, 2.84680546, 3.42984834, 3.54938255, 3.88662363, 4.08166371, 4.67641594, 4.79645585, 4.8237426, 5.38994395, 5.94606806, 6.17833142, 6.47112336, 6.75442249, 7.10829683, 7.3227085, 7.84943304, 8.39548708], "fractional occupation": [2.0, 2.0, 2.0, 2.0, 2.0, 2.0, 2.0, 2.0, 2.0, 2.0, 2.0, 2.0, 2.0, 2.0, 2.0, 2.0, 2.0, 2.0, 2.0, 2.0, 2.0, 2.0, 0.0, 0.0, 0.0, 0.0, 0.0, 0.0, 0.0, 0.0, 0.0, 0.0, 0.0, 0.0, 0.0, 0.0, 0.0, 0.0, 0.0, 0.0, 0.0, 0.0], "program call": "xtb /home/svss/Project-DBcg-Debug/aqme2_20220329/End-to-End-workflows-final/example-3/QDESCP/mol_896_rdkit_conf_4/mol_896_rdkit_conf_4.xyz --pop --wbo --acc 0.2 --gfn 2 --chrg 0 --uhf 0 --etemp 300 --input /home/svss/Project-DBcg-Debug/aqme2_20220329/End-to-End-workflows-final/example-3/QDESCP/mol_896_rdkit_conf_4/mol_896_rdkit_conf_4_xtb.inp", "method": "GFN2-xTB", "xtb version": "6.3.3 (7355c4f)", "Dipole module/D": 1.612, "Total charge": 0, "Transition dipole module/D": NaN, "HOMO": -11.009, "LUMO": 0.9828, "HOMO occupancy": 2.0, "LUMO occupancy": 0, "mulliken charges": [-0.0829, -0.04011, -0.04908, -0.00965, -0.08486, 0.19369, -0.56886, 0.02687, 0.02547, 0.02787, 0.01908, 0.02297, 0.03798, 0.02169, 0.01575, 0.02611, 0.04132, 0.02491, 0.00786, 0.00848, 0.33541], "cm5 charges": [-0.23336, -0.15284, -0.15641, -0.07914, -0.23215, 0.10844, -0.7843, 0.07764, 0.07675, 0.07917, 0.07392, 0.07832, 0.09605, 0.07802, 0.07438, 0.07818, 0.0953, 0.07687, 0.07047, 0.07109, 0.5036], "FUKUI+": [0.013, -0.005, -0.021, -0.02, 0.024, -0.007, -0.105, -0.068, -0.034, -0.035, -0.044, -0.04, -0.05, -0.05, -0.1, -0.057, -0.042, -0.052, -0.083, -0.106, -0.116], "FUKUI-": [0.021, 0.006, 0.008, -0.001, 0.018, 0.02, -0.108, -0.063, -0.081, -0.067, -0.091, -0.1, -0.069, -0.066, -0.048, -0.047, -0.034, -0.048, -0.087, -0.107, -0.057], "FUKUIrad": [0.017, 0.001, -0.007, -0.01, 0.021, 0.007, -0.107, -0.066, -0.058, -0.051, -0.067, -0.07, -0.059, -0.058, -0.074, -0.052, -0.038, -0.05, -0.085, -0.106, -0.087], "s proportion": [1.008, 1.027, 1.035, 1.056, 1.01, 0.994, 1.694, 0.973, 0.975, 0.972, 0.981, 0.977, 0.962, 0.978, 0.984, 0.974, 0.959, 0.975, 0.992, 0.992, 0.665], "p proportion": [3.075, 3.013, 3.014, 2.953, 3.075, 2.812, 4.874, 0.0, 0.0, 0.0, 0.0, 0.0, 0.0, 0.0, 0.0, 0.0, 0.0, 0.0, 0.0, 0.0, 0.0], "d proportion": [0.0, 0.0, 0.0, 0.0, 0.0, 0.0, 0.0, 0.0, 0.0, 0.0, 0.0, 0.0, 0.0, 0.0, 0.0, 0.0, 0.0, 0.0, 0.0, 0.0, 0.0], "Fermi-level/eV": -5.0131, "Coordination numbers": [3.75, 3.799, 3.802, 3.847, 3.751, 3.676, 1.653, 0.924, 0.924, 0.924, 0.924, 0.924, 0.924, 0.924, 0.924, 0.924, 0.924, 0.924, 0.924, 0.924, 0.804], "Dispersion coefficient C6": [22.474, 21.515, 21.692, 20.777, 22.522, 19.391, 21.667, 2.578, 2.57, 2.534, 2.645, 2.551, 2.328, 2.58, 2.627, 2.556, 2.313, 2.54, 2.842, 2.813, 0.778], "Total dispersion C6": 2918.441865, "Total dispersion C8": 60142.266266, "Polarizability alpha": [6.761, 6.604, 6.631, 6.484, 6.768, 6.309, 6.284, 2.511, 2.507, 2.49, 2.544, 2.498, 2.386, 2.512, 2.535, 2.5, 2.378, 2.492, 2.637, 2.623, 1.385], "Total polarizability alpha": 79.837178, "Wiberg matrix": [[0.0, 1.019748177158928, 0.0, 0.0, 0.0, 0.0, 0.0, 0.9874118180749134, 0.9876534323220314, 0.9877188444935396, 0.0, 0.0, 0.0, 0.0, 0.0, 0.0, 0.0, 0.0, 0.0, 0.0, 0.0], [1.019748177158928, 0.0, 1.0081765812182784, 0.0, 0.0, 0.0, 0.0, 0.0, 0.0, 0.0, 0.978023582417548, 0.9762978363318314, 0.0, 0.0, 0.0, 0.0, 0.0, 0.0, 0.0, 0.0, 0.0], [0.0, 1.0081765812182784, 0.0, 0.9948780979193699, 0.0, 0.0, 0.0, 0.0, 0.0, 0.0, 0.0, 0.0, 0.9755245003556423, 0.9757524508593416, 0.0, 0.0, 0.0, 0.0, 0.0, 0.0, 0.0], [0.0, 0.0, 0.9948780979193699, 0.0, 1.0096237260349985, 0.9925493477992798, 0.0, 0.0, 0.0, 0.0, 0.0, 0.0, 0.0, 0.0, 0.967074347143086, 0.0, 0.0, 0.0, 0.0, 0.0, 0.0], [0.0, 0.0, 0.0, 1.0096237260349985, 0.0, 0.0, 0.0, 0.0, 0.0, 0.0, 0.0, 0.0, 0.0, 0.0, 0.0, 0.9859758997736452, 0.9858576519327423, 0.9849700009969246, 0.0, 0.0, 0.0], [0.0, 0.0, 0.0, 0.9925493477992798, 0.0, 0.0, 0.9909888353633028, 0.0, 0.0, 0.0, 0.0, 0.0, 0.0, 0.0, 0.0, 0.0, 0.0, 0.0, 0.9727174880077684, 0.9725241071746737, 0.0], [0.0, 0.0, 0.0, 0.0, 0.0, 0.9909888353633028, 0.0, 0.0, 0.0, 0.0, 0.0, 0.0, 0.0, 0.0, 0.0, 0.0, 0.0, 0.0, 0.0, 0.0, 0.9077571105612708], [0.9874118180749134, 0.0, 0.0, 0.0, 0.0, 0.0, 0.0, 0.0, 0.0, 0.0, 0.0, 0.0, 0.0, 0.0, 0.0, 0.0, 0.0, 0.0, 0.0, 0.0, 0.0], [0.9876534323220314, 0.0, 0.0, 0.0, 0.0, 0.0, 0.0, 0.0, 0.0, 0.0, 0.0, 0.0, 0.0, 0.0, 0.0, 0.0, 0.0, 0.0, 0.0, 0.0, 0.0], [0.9877188444935396, 0.0, 0.0, 0.0, 0.0, 0.0, 0.0, 0.0, 0.0, 0.0, 0.0, 0.0, 0.0, 0.0, 0.0, 0.0, 0.0, 0.0, 0.0, 0.0, 0.0], [0.0, 0.978023582417548, 0.0, 0.0, 0.0, 0.0, 0.0, 0.0, 0.0, 0.0, 0.0, 0.0, 0.0, 0.0, 0.0, 0.0, 0.0, 0.0, 0.0, 0.0, 0.0], [0.0, 0.9762978363318314, 0.0, 0.0, 0.0, 0.0, 0.0, 0.0, 0.0, 0.0, 0.0, 0.0, 0.0, 0.0, 0.0, 0.0, 0.0, 0.0, 0.0, 0.0, 0.0], [0.0, 0.0, 0.9755245003556423, 0.0, 0.0, 0.0, 0.0, 0.0, 0.0, 0.0, 0.0, 0.0, 0.0, 0.0, 0.0, 0.0, 0.0, 0.0, 0.0, 0.0, 0.0], [0.0, 0.0, 0.9757524508593416, 0.0, 0.0, 0.0, 0.0, 0.0, 0.0, 0.0, 0.0, 0.0, 0.0, 0.0, 0.0, 0.0, 0.0, 0.0, 0.0, 0.0, 0.0], [0.0, 0.0, 0.0, 0.967074347143086, 0.0, 0.0, 0.0, 0.0, 0.0, 0.0, 0.0, 0.0, 0.0, 0.0, 0.0, 0.0, 0.0, 0.0, 0.0, 0.0, 0.0], [0.0, 0.0, 0.0, 0.0, 0.9859758997736452, 0.0, 0.0, 0.0, 0.0, 0.0, 0.0, 0.0, 0.0, 0.0, 0.0, 0.0, 0.0, 0.0, 0.0, 0.0, 0.0], [0.0, 0.0, 0.0, 0.0, 0.9858576519327423, 0.0, 0.0, 0.0, 0.0, 0.0, 0.0, 0.0, 0.0, 0.0, 0.0, 0.0, 0.0, 0.0, 0.0, 0.0, 0.0], [0.0, 0.0, 0.0, 0.0, 0.9849700009969246, 0.0, 0.0, 0.0, 0.0, 0.0, 0.0, 0.0, 0.0, 0.0, 0.0, 0.0, 0.0, 0.0, 0.0, 0.0, 0.0], [0.0, 0.0, 0.0, 0.0, 0.0, 0.9727174880077684, 0.0, 0.0, 0.0, 0.0, 0.0, 0.0, 0.0, 0.0, 0.0, 0.0, 0.0, 0.0, 0.0, 0.0, 0.0], [0.0, 0.0, 0.0, 0.0, 0.0, 0.9725241071746737, 0.0, 0.0, 0.0, 0.0, 0.0, 0.0, 0.0, 0.0, 0.0, 0.0, 0.0, 0.0, 0.0, 0.0, 0.0], [0.0, 0.0, 0.0, 0.0, 0.0, 0.0, 0.9077571105612708, 0.0, 0.0, 0.0, 0.0, 0.0, 0.0, 0.0, 0.0, 0.0, 0.0, 0.0, 0.0, 0.0, 0.0]], "Born radii": [], "Atomic SASAs": [], "Solvent H bonds": [], "Total SASA": NaN, "Total FOD": 0.0, "FOD": [0.0, 0.0, 0.0, 0.0, 0.0, 0.0, 0.0, 0.0, 0.0, 0.0, 0.0, 0.0, 0.0, 0.0, 0.0, 0.0, 0.0, 0.0, 0.0, 0.0, 0.0], "FOD s proportion": [0.0, 0.0, 0.0, 0.0, 0.0, 0.0, 0.0, 0.0, 0.0, 0.0, 0.0, 0.0, 0.0, 0.0, 0.0, 0.0, 0.0, 0.0, 0.0, 0.0, 0.0], "FOD p proportion": [0.0, 0.0, 0.0, 0.0, 0.0, 0.0, 0.0, 0.0, 0.0, 0.0, 0.0, 0.0, 0.0, 0.0, 0.0, 0.0, 0.0, 0.0, 0.0, 0.0, 0.0], "FOD d proportion": [0.0, 0.0, 0.0, 0.0, 0.0, 0.0, 0.0, 0.0, 0.0, 0.0, 0.0, 0.0, 0.0, 0.0, 0.0, 0.0, 0.0, 0.0, 0.0, 0.0, 0.0], "coordinates": [["2.78470", "-0.94140", "-0.41710"], ["1.71700", "0.05340", "0.01290"], ["0.31070", "-0.52180", "-0.17510"], ["-0.80410", "0.40030", "0.36000"], ["-0.88000", "1.71450", "-0.42320"], ["-2.16050", "-0.31980", "0.32970"], ["-2.52360", "-0.66070", "-1.00110"], ["3.78140", "-0.51070", "-0.27920"], ["2.72730", "-1.86000", "0.17550"], ["2.67170", "-1.20570", "-1.47340"], ["1.87490", "0.31650", "1.06510"], ["1.83700", "0.96900", "-0.57560"], ["0.14660", "-0.73330", "-1.23920"], ["0.25340", "-1.48460", "0.34920"], ["-0.58480", "0.64130", "1.40820"], ["-1.72990", "2.31770", "-0.08630"], ["-0.99550", "1.53690", "-1.49760"], ["0.02130", "2.31700", "-0.27450"], ["-2.11940", "-1.23950", "0.92310"], ["-2.94400", "0.32140", "0.74770"], ["-3.38440", "-1.11060", "-0.95580"]], "bond_dist": [[0.0, 1.5213514814138118, 2.5209728598301093, 3.9094153961941673, 4.525910749230479, 5.039751962150518, 5.347700195411108, 1.0944997898583628, 1.0946668351603606, 1.094711459700683, 2.1463842363379393, 2.1384306628927674, 2.7710513582393235, 2.6999558551946734, 4.146105356837908, 5.5778826278436515, 4.647511504020189, 4.274796472348128, 5.092661039181775, 5.980754682312258, 6.194886693071957], [1.5213514814138118, 0.0, 1.530973131704146, 2.5684164829715606, 3.1134940854287807, 3.908279254352227, 4.418237563780382, 2.159925595940749, 2.169848937138252, 2.1693023279386394, 1.0960286766321399, 1.0950139770797447, 2.1570367312588816, 2.149573597251324, 2.7551355211676976, 4.125289655284826, 3.4409357375574454, 2.8428651410153107, 4.149460134764522, 4.726169277543917, 5.321424400477752], [2.5209728598301093, 1.530973131704146, 0.0, 1.5425237307736956, 2.545654687894648, 2.530307586045617, 2.9554738537161853, 3.4722785760938017, 2.784538590143796, 2.7798602662723892, 2.165078421212497, 2.1708239403507603, 1.0972556083246965, 1.097796711600103, 2.1590647859663683, 3.4978127522782003, 2.7736997638533265, 2.85524397556496, 2.7616159291255546, 3.4864908102560657, 3.8222953758180434], [3.9094153961941673, 2.5684164829715606, 1.5425237307736956, 0.0, 1.53175869183106, 1.5359957877546406, 2.4361844059922886, 4.718612920128117, 4.196877684660348, 4.245206378964396, 2.771503103011072, 2.8590516364696876, 2.1786050789438645, 2.1613123096859463, 1.0976778808011027, 2.1754797378969077, 2.186131578839664, 2.181195612502464, 2.1762444118251056, 2.176168309207723, 3.266817494137069], [4.525910749230479, 3.1134940854287807, 2.545654687894648, 1.53175869183106, 0.0, 2.5189115010257903, 2.9456687542899322, 5.167291456846614, 5.113521803023822, 4.716467000838658, 3.4291274254538866, 2.821539475180172, 2.7769566795324696, 3.4807237939830844, 2.143111578989764, 1.0952998950059294, 1.0950878366596901, 1.094284985732693, 3.4748743934133794, 2.7516959170664186, 3.812725026801697], [5.039751962150518, 3.908279254352227, 2.530307586045617, 1.5359957877546406, 2.5189115010257903, 0.0, 1.4209444253734906, 5.976067070406757, 5.1270442284029505, 5.233177357972879, 4.1509208628929555, 4.296577682295526, 2.820485750717418, 2.680308284507586, 2.1376870561426897, 2.704603225983434, 2.8536967568401517, 3.475345036107926, 1.0952903085483776, 1.095323554937079, 1.943143355493876], [5.347700195411108, 4.418237563780382, 2.9554738537161853, 2.4361844059922886, 2.9456687542899322, 1.4209444253734906, 0.0, 6.347965391367536, 5.513135120782003, 5.245115287579482, 4.956904732794449, 4.674591393908135, 2.68177747212553, 3.1959114975230465, 3.355424850894444, 3.215227097733533, 2.722323937374096, 3.9838625553600617, 2.049617700938397, 2.0492823158364493, 0.9723367420806435], [1.0944997898583628, 2.159925595940749, 3.4722785760938017, 4.718612920128117, 5.167291456846614, 5.976067070406757, 6.347965391367536, 0.0, 1.771578220118999, 1.7721661124172303, 2.4751049634308444, 2.461311928626683, 3.766022012681286, 3.713509360429835, 4.820593863830472, 6.1976999491746945, 5.338158664745738, 4.704706302204209, 6.06598016564512, 6.85404400190136, 7.2226281373195445], [1.0946668351603606, 2.169848937138252, 2.784538590143796, 4.196877684660348, 5.113521803023822, 5.1270442284029505, 5.513135120782003, 1.771578220118999, 0.0, 1.7748439537040996, 2.501025023865215, 3.0594160063646134, 3.151323764705874, 2.5082420258021356, 4.329671741598894, 6.114601243744354, 5.310125522056895, 4.997225730342787, 4.943119146854545, 6.103241965545854, 6.2605364738175595], [1.094711459700683, 2.1693023279386394, 2.7798602662723892, 4.245206378964396, 4.716467000838658, 5.233177357972879, 5.245115287579482, 1.7721661124172303, 1.7748439537040996, 0.0, 3.065283890604588, 2.496415233890388, 2.5795622516233254, 3.0410246398212557, 4.724385654241194, 5.806244615067471, 4.579388194944823, 4.568522371620829, 5.357144192571262, 6.229077468614434, 6.078922682515381], [2.1463842363379393, 1.0960286766321399, 2.165078421212497, 2.771503103011072, 3.4291274254538866, 4.1509208628929555, 4.956904732794449, 2.4751049634308444, 2.501025023865215, 3.065283890604588, 0.0, 1.7660943208107542, 3.0657624532895564, 2.5270014384641732, 2.5046629992875284, 4.280783390922741, 4.03683088697062, 3.038480108541111, 4.2890246548603566, 4.829344052767415, 5.812132802164795], [2.1384306628927674, 1.0950139770797447, 2.1708239403507603, 2.8590516364696876, 2.821539475180172, 4.296577682295526, 4.674591393908135, 2.461311928626683, 3.0594160063646134, 2.496415233890388, 1.7660943208107542, 0.0, 2.4891047406648035, 3.063200443980119, 3.147692006852005, 3.844630254003628, 3.0324331253961727, 2.281344274764333, 4.772491477205591, 5.0028461549402055, 5.633143541576053], [2.7710513582393235, 2.1570367312588816, 1.0972556083246965, 2.1786050789438645, 2.7769566795324696, 2.820485750717418, 2.68177747212553, 3.766022012681286, 3.151323764705874, 2.5795622516233254, 3.0657624532895564, 2.4891047406648035, 0.0, 1.7603614657223101, 3.071351148924525, 3.762848875519717, 2.554402280377936, 3.2016677326043688, 3.1727804415055263, 3.822560929534021, 3.562391310622683], [2.6999558551946734, 2.149573597251324, 1.097796711600103, 2.1613123096859463, 3.4807237939830844, 2.680308284507586, 3.1959114975230465, 3.713509360429835, 2.5082420258021356, 3.0410246398212557, 2.5270014384641732, 3.063200443980119, 1.7603614657223101, 0.0, 2.5186327739470076, 4.310524843914021, 3.7549811850394135, 3.859408589408486, 2.453490383107299, 3.6937521587134134, 3.882845585392239], [4.146105356837908, 2.7551355211676976, 2.1590647859663683, 1.0976778808011027, 2.143111578989764, 2.1376870561426897, 3.355424850894444, 4.820593863830472, 4.329671741598894, 4.724385654241194, 2.5046629992875284, 3.147692006852005, 3.071351148924525, 2.5186327739470076, 0.0, 2.5209326091746282, 3.0682971645523516, 2.4508788199337803, 2.4754247736499693, 2.4707126299915982, 4.061454144761455], [5.5778826278436515, 4.125289655284826, 3.4978127522782003, 2.1754797378969077, 1.0952998950059294, 2.704603225983434, 3.215227097733533, 6.1976999491746945, 6.114601243744354, 5.806244615067471, 4.280783390922741, 3.844630254003628, 3.762848875519717, 4.310524843914021, 2.5209326091746282, 0.0, 1.7722188606377034, 1.761283954960131, 3.718100381915475, 2.4808886512699435, 3.9046947883285323], [4.647511504020189, 3.4409357375574454, 2.7736997638533265, 2.186131578839664, 1.0950878366596901, 2.8536967568401517, 2.722323937374096, 5.338158664745738, 5.310125522056895, 4.579388194944823, 4.03683088697062, 3.0324331253961727, 2.554402280377936, 3.7549811850394135, 3.0682971645523516, 1.7722188606377034, 0.0, 1.7715563383646598, 3.8511474471902525, 3.2117696975343675, 3.6068887839798998], [4.274796472348128, 2.8428651410153107, 2.85524397556496, 2.181195612502464, 1.094284985732693, 3.475345036107926, 3.9838625553600617, 4.704706302204209, 4.997225730342787, 4.568522371620829, 3.038480108541111, 2.281344274764333, 3.2016677326043688, 3.859408589408486, 2.4508788199337803, 1.761283954960131, 1.7715563383646598, 0.0, 4.3203627741197845, 3.717568599232568, 4.879693016983753], [5.092661039181775, 4.149460134764522, 2.7616159291255546, 2.1762444118251056, 3.4748743934133794, 1.0952903085483776, 2.049617700938397, 6.06598016564512, 4.943119146854545, 5.357144192571262, 4.2890246548603566, 4.772491477205591, 3.1727804415055263, 2.453490383107299, 2.4754247736499693, 3.718100381915475, 3.8511474471902525, 4.3203627741197845, 0.0, 1.7740177930336551, 2.2687233017712845], [5.980754682312258, 4.726169277543917, 3.4864908102560657, 2.176168309207723, 2.7516959170664186, 1.095323554937079, 2.0492823158364493, 6.85404400190136, 6.103241965545854, 6.229077468614434, 4.829344052767415, 5.0028461549402055, 3.822560929534021, 3.6937521587134134, 2.4707126299915982, 2.4808886512699435, 3.2117696975343675, 3.717568599232568, 1.7740177930336551, 0.0, 2.2685873159303345], [6.194886693071957, 5.321424400477752, 3.8222953758180434, 3.266817494137069, 3.812725026801697, 1.943143355493876, 0.9723367420806435, 7.2226281373195445, 6.2605364738175595, 6.078922682515381, 5.812132802164795, 5.633143541576053, 3.562391310622683, 3.882845585392239, 4.061454144761455, 3.9046947883285323, 3.6068887839798998, 4.879693016983753, 2.2687233017712845, 2.2685873159303345, 0.0]]}