{"total energy": -24.05214599, "HOMO-LUMO gap/eV": 11.68455143, "electronic energy": -24.34665661, "dipole": [0.32140319, -0.54928448, -0.4717934], "partial charges": [-0.10172173, -0.06326758, 0.0135204, -0.10586884, -0.10402932, 0.07628558, -0.44465491, 0.03409157, 0.0301671, 0.03600404, 0.03098517, 0.03586898, 0.0354534, 0.04703066, 0.03157725, 0.03332343, 0.03055264, 0.03704754, 0.01775413, 0.04382686, 0.28605362], "atomic dipole moments": [[-0.08379984, -0.0060905, 0.06106152], [-0.00431469, 0.06086166, -0.09523726], [0.00470096, 0.01327838, -0.00180135], [0.08222699, 0.01476592, -0.06940778], [0.02437255, 0.04028393, 0.08764433], [-0.19203902, 0.01172534, -0.05460659], [0.17152757, -0.14838317, -0.07136849], [0.09586424, -0.06007654, 0.05120209], [0.03770313, 0.12056174, -0.01191455], [-0.01492545, -0.05130434, -0.11432655], [0.03202632, 0.03926799, 0.11285086], [-0.01510677, -0.12076127, 0.01890341], [0.02429459, 0.04805519, 0.11593423], [-0.11545372, 0.04746, -0.0341516], [-0.02117458, -0.12276287, 0.01790526], [-0.11439756, 0.03584883, -0.03910465], [0.07769476, 0.03052816, -0.09445847], [-0.00645201, -0.12812274, 0.00119813], [0.07410424, 0.0389032, -0.08496373], [0.04317962, 0.05204984, 0.10794088], [-0.00783622, -0.02099621, -0.07511197]], "atomic quadrupole moments": [[0.09986735, 0.02221789, -0.1092759, -0.15213559, -0.03531223, 0.00940855], [0.19116761, -0.07391181, -0.14567586, -0.07536183, -0.06950564, -0.04549176], [-0.02000923, -0.00364561, 0.02031579, 0.0094106, -0.00758252, -0.00030655], [0.05347317, 0.04147584, -0.09450909, -0.1566295, -0.0378909, 0.04103592], [-0.07414756, 0.02399739, -0.0638192, 0.05836718, 0.10327143, 0.13796676], [0.22590298, -0.22942578, 0.05290328, 0.1497543, -0.09018028, -0.27880626], [0.09175037, -0.11513193, -0.03407376, 0.05029239, -0.00185274, -0.05767661], [0.02750863, -0.04575365, -0.01842039, 0.03363141, -0.03862866, -0.00908824], [-0.03687338, 0.01425228, 0.0781426, -0.01402211, -0.00495454, -0.04126922], [-0.02301056, 0.02186198, -0.03159352, 0.02560823, 0.04239676, 0.05460408], [-0.00723181, 0.00548274, -0.02205667, 0.00883526, 0.04605146, 0.02928848], [-0.00429124, 0.01938717, 0.05205489, -0.00926797, 0.00316373, -0.04776365], [-0.02239835, 0.02358725, -0.02568788, 0.02741991, 0.04560078, 0.04808623], [0.03589062, -0.04366784, -0.02204192, 0.03412602, -0.02851092, -0.01384869], [-0.03944487, 0.00427913, 0.08407564, -0.01105408, -0.0034478, -0.04463077], [0.05728261, -0.05053864, -0.02829108, 0.01755833, 0.00023266, -0.02899153], [0.02444115, 0.03505646, -0.03596999, -0.05343956, -0.01852396, 0.01152884], [-0.04883781, 0.00110978, 0.07747679, 0.00759918, -0.01822703, -0.02863898], [0.02308036, -0.02254138, -0.03195941, -0.03410771, -0.0145764, 0.00887905], [-0.03012142, -0.00818187, -0.01356628, 0.02256741, 0.02110753, 0.0436877], [-0.03428184, -0.01044933, -0.07533551, 0.04962582, 0.05028784, 0.10961735]], "number of molecular orbitals": 42, "number of electrons": 44, "number of unpaired electrons": 0, "orbital energies/eV": [-18.4452554, -17.24924433, -16.55171101, -16.43101969, -16.03831323, -15.53051243, -15.25838221, -14.71158269, -14.1951964, -14.14572115, -13.55794558, -13.33328925, -13.22638449, -12.84305776, -12.64175603, -12.37598773, -12.25948908, -12.01438954, -11.89387577, -11.5797456, -11.55677472, -10.87011133, 0.8144401, 1.61191989, 1.88794802, 2.06541383, 2.59704083, 3.38856708, 3.77235581, 3.96339731, 4.99335822, 5.03724214, 5.14557329, 5.70278651, 5.91876333, 6.05533591, 6.23847735, 6.74672489, 6.90639945, 7.2469752, 7.45520183, 7.70594891], "fractional occupation": [2.0, 2.0, 2.0, 2.0, 2.0, 2.0, 2.0, 2.0, 2.0, 2.0, 2.0, 2.0, 2.0, 2.0, 2.0, 2.0, 2.0, 2.0, 2.0, 2.0, 2.0, 2.0, 0.0, 0.0, 0.0, 0.0, 0.0, 0.0, 0.0, 0.0, 0.0, 0.0, 0.0, 0.0, 0.0, 0.0, 0.0, 0.0, 0.0, 0.0, 0.0, 0.0], "program call": "xtb /home/svss/Project-DBcg-Debug/aqme2_20220329/End-to-End-workflows-final/example-3/QDESCP/mol_328_rdkit_conf_7/mol_328_rdkit_conf_7.xyz --pop --wbo --acc 0.2 --gfn 2 --chrg 0 --uhf 0 --etemp 300 --input /home/svss/Project-DBcg-Debug/aqme2_20220329/End-to-End-workflows-final/example-3/QDESCP/mol_328_rdkit_conf_7/mol_328_rdkit_conf_7_xtb.inp", "method": "GFN2-xTB", "xtb version": "6.3.3 (7355c4f)", "Dipole module/D": 2.014, "Total charge": 0, "Transition dipole module/D": NaN, "HOMO": -10.8701, "LUMO": 0.8144, "HOMO occupancy": 2.0, "LUMO occupancy": 0, "mulliken charges": [-0.08607, -0.0552, 0.00685, -0.08904, -0.09734, 0.18463, -0.56334, 0.03168, 0.02534, 0.02812, 0.02563, 0.02836, 0.03094, 0.03964, 0.0253, 0.03012, 0.02544, 0.03306, 0.01134, 0.03103, 0.3335], "cm5 charges": [-0.23679, -0.16335, -0.02508, -0.23435, -0.24348, 0.10141, -0.77937, 0.08245, 0.07733, 0.08009, 0.08109, 0.0838, 0.08348, 0.09431, 0.07736, 0.08397, 0.07834, 0.08523, 0.07526, 0.09478, 0.50349], "FUKUI+": [0.028, -0.037, -0.048, 0.031, 0.03, -0.017, -0.13, -0.079, -0.033, -0.04, -0.062, -0.069, -0.048, -0.052, -0.06, -0.046, -0.045, -0.066, -0.085, -0.085, -0.089], "FUKUI-": [0.021, 0.011, -0.03, 0.025, 0.027, 0.002, -0.143, -0.075, -0.075, -0.057, -0.067, -0.105, -0.051, -0.045, -0.073, -0.041, -0.04, -0.061, -0.095, -0.068, -0.059], "FUKUIrad": [0.025, -0.013, -0.039, 0.028, 0.028, -0.007, -0.137, -0.077, -0.054, -0.049, -0.064, -0.087, -0.049, -0.049, -0.066, -0.044, -0.042, -0.063, -0.09, -0.076, -0.074], "s proportion": [1.008, 1.038, 1.094, 1.016, 1.017, 0.999, 1.696, 0.968, 0.975, 0.972, 0.974, 0.972, 0.969, 0.96, 0.975, 0.97, 0.975, 0.967, 0.989, 0.969, 0.666], "p proportion": [3.078, 3.018, 2.899, 3.073, 3.081, 2.816, 4.867, 0.0, 0.0, 0.0, 0.0, 0.0, 0.0, 0.0, 0.0, 0.0, 0.0, 0.0, 0.0, 0.0, 0.0], "d proportion": [0.0, 0.0, 0.0, 0.0, 0.0, 0.0, 0.0, 0.0, 0.0, 0.0, 0.0, 0.0, 0.0, 0.0, 0.0, 0.0, 0.0, 0.0, 0.0, 0.0, 0.0], "Fermi-level/eV": -5.0278, "Coordination numbers": [3.748, 3.802, 3.893, 3.755, 3.754, 3.676, 1.653, 0.924, 0.924, 0.924, 0.923, 0.923, 0.924, 0.924, 0.924, 0.924, 0.924, 0.924, 0.924, 0.924, 0.804], "Dispersion coefficient C6": [22.51, 21.714, 20.296, 22.578, 22.545, 19.522, 21.736, 2.529, 2.584, 2.503, 2.573, 2.505, 2.51, 2.357, 2.564, 2.54, 2.579, 2.489, 2.768, 2.399, 0.765], "Total dispersion C6": 2908.506656, "Total dispersion C8": 60067.362267, "Polarizability alpha": [6.767, 6.634, 6.404, 6.775, 6.771, 6.33, 6.294, 2.487, 2.514, 2.474, 2.508, 2.475, 2.478, 2.401, 2.504, 2.492, 2.511, 2.467, 2.602, 2.422, 1.374], "Total polarizability alpha": 79.684983, "Wiberg matrix": [[0.0, 1.0206076443688528, 0.0, 0.0, 0.0, 0.0, 0.0, 0.9862364319967392, 0.9861382388663502, 0.9857223825603669, 0.0, 0.0, 0.0, 0.0, 0.0, 0.0, 0.0, 0.0, 0.0, 0.0, 0.0], [1.0206076443688528, 0.0, 0.9819784112934214, 0.0, 0.0, 0.0, 0.0, 0.0, 0.0, 0.0, 0.9767872154407122, 0.9761850913058886, 0.0, 0.0, 0.0, 0.0, 0.0, 0.0, 0.0, 0.0, 0.0], [0.0, 0.9819784112934214, 0.0, 0.9971558557696616, 0.9990940521527589, 0.9744851148992337, 0.0, 0.0, 0.0, 0.0, 0.0, 0.0, 0.0, 0.0, 0.0, 0.0, 0.0, 0.0, 0.0, 0.0, 0.0], [0.0, 0.0, 0.9971558557696616, 0.0, 0.0, 0.0, 0.0, 0.0, 0.0, 0.0, 0.0, 0.0, 0.9860898584013251, 0.9841094657441233, 0.9861764011162211, 0.0, 0.0, 0.0, 0.0, 0.0, 0.0], [0.0, 0.0, 0.9990940521527589, 0.0, 0.0, 0.0, 0.0, 0.0, 0.0, 0.0, 0.0, 0.0, 0.0, 0.0, 0.0, 0.982444666983422, 0.984251450781457, 0.9853391826993712, 0.0, 0.0, 0.0], [0.0, 0.0, 0.9744851148992337, 0.0, 0.0, 0.0, 0.9962288699594731, 0.0, 0.0, 0.0, 0.0, 0.0, 0.0, 0.0, 0.0, 0.0, 0.0, 0.0, 0.9712278213278392, 0.97251880335591, 0.0], [0.0, 0.0, 0.0, 0.0, 0.0, 0.9962288699594731, 0.0, 0.0, 0.0, 0.0, 0.0, 0.0, 0.0, 0.0, 0.0, 0.0, 0.0, 0.0, 0.0, 0.0, 0.9019285771181877], [0.9862364319967392, 0.0, 0.0, 0.0, 0.0, 0.0, 0.0, 0.0, 0.0, 0.0, 0.0, 0.0, 0.0, 0.0, 0.0, 0.0, 0.0, 0.0, 0.0, 0.0, 0.0], [0.9861382388663502, 0.0, 0.0, 0.0, 0.0, 0.0, 0.0, 0.0, 0.0, 0.0, 0.0, 0.0, 0.0, 0.0, 0.0, 0.0, 0.0, 0.0, 0.0, 0.0, 0.0], [0.9857223825603669, 0.0, 0.0, 0.0, 0.0, 0.0, 0.0, 0.0, 0.0, 0.0, 0.0, 0.0, 0.0, 0.0, 0.0, 0.0, 0.0, 0.0, 0.0, 0.0, 0.0], [0.0, 0.9767872154407122, 0.0, 0.0, 0.0, 0.0, 0.0, 0.0, 0.0, 0.0, 0.0, 0.0, 0.0, 0.0, 0.0, 0.0, 0.0, 0.0, 0.0, 0.0, 0.0], [0.0, 0.9761850913058886, 0.0, 0.0, 0.0, 0.0, 0.0, 0.0, 0.0, 0.0, 0.0, 0.0, 0.0, 0.0, 0.0, 0.0, 0.0, 0.0, 0.0, 0.0, 0.0], [0.0, 0.0, 0.0, 0.9860898584013251, 0.0, 0.0, 0.0, 0.0, 0.0, 0.0, 0.0, 0.0, 0.0, 0.0, 0.0, 0.0, 0.0, 0.0, 0.0, 0.0, 0.0], [0.0, 0.0, 0.0, 0.9841094657441233, 0.0, 0.0, 0.0, 0.0, 0.0, 0.0, 0.0, 0.0, 0.0, 0.0, 0.0, 0.0, 0.0, 0.0, 0.0, 0.0, 0.0], [0.0, 0.0, 0.0, 0.9861764011162211, 0.0, 0.0, 0.0, 0.0, 0.0, 0.0, 0.0, 0.0, 0.0, 0.0, 0.0, 0.0, 0.0, 0.0, 0.0, 0.0, 0.0], [0.0, 0.0, 0.0, 0.0, 0.982444666983422, 0.0, 0.0, 0.0, 0.0, 0.0, 0.0, 0.0, 0.0, 0.0, 0.0, 0.0, 0.0, 0.0, 0.0, 0.0, 0.0], [0.0, 0.0, 0.0, 0.0, 0.984251450781457, 0.0, 0.0, 0.0, 0.0, 0.0, 0.0, 0.0, 0.0, 0.0, 0.0, 0.0, 0.0, 0.0, 0.0, 0.0, 0.0], [0.0, 0.0, 0.0, 0.0, 0.9853391826993712, 0.0, 0.0, 0.0, 0.0, 0.0, 0.0, 0.0, 0.0, 0.0, 0.0, 0.0, 0.0, 0.0, 0.0, 0.0, 0.0], [0.0, 0.0, 0.0, 0.0, 0.0, 0.9712278213278392, 0.0, 0.0, 0.0, 0.0, 0.0, 0.0, 0.0, 0.0, 0.0, 0.0, 0.0, 0.0, 0.0, 0.0, 0.0], [0.0, 0.0, 0.0, 0.0, 0.0, 0.97251880335591, 0.0, 0.0, 0.0, 0.0, 0.0, 0.0, 0.0, 0.0, 0.0, 0.0, 0.0, 0.0, 0.0, 0.0, 0.0], [0.0, 0.0, 0.0, 0.0, 0.0, 0.0, 0.9019285771181877, 0.0, 0.0, 0.0, 0.0, 0.0, 0.0, 0.0, 0.0, 0.0, 0.0, 0.0, 0.0, 0.0, 0.0]], "Born radii": [], "Atomic SASAs": [], "Solvent H bonds": [], "Total SASA": NaN, "Total FOD": 0.0, "FOD": [0.0, 0.0, 0.0, 0.0, 0.0, 0.0, 0.0, 0.0, 0.0, 0.0, 0.0, 0.0, 0.0, 0.0, 0.0, 0.0, 0.0, 0.0, 0.0, 0.0, 0.0], "FOD s proportion": [0.0, 0.0, 0.0, 0.0, 0.0, 0.0, 0.0, 0.0, 0.0, 0.0, 0.0, 0.0, 0.0, 0.0, 0.0, 0.0, 0.0, 0.0, 0.0, 0.0, 0.0], "FOD p proportion": [0.0, 0.0, 0.0, 0.0, 0.0, 0.0, 0.0, 0.0, 0.0, 0.0, 0.0, 0.0, 0.0, 0.0, 0.0, 0.0, 0.0, 0.0, 0.0, 0.0, 0.0], "FOD d proportion": [0.0, 0.0, 0.0, 0.0, 0.0, 0.0, 0.0, 0.0, 0.0, 0.0, 0.0, 0.0, 0.0, 0.0, 0.0, 0.0, 0.0, 0.0, 0.0, 0.0, 0.0], "coordinates": [["2.18400", "-0.56360", "-0.21640"], ["0.95040", "-0.70980", "0.66660"], ["-0.34000", "-0.01940", "0.14660"], ["-1.47080", "-0.30250", "1.15860"], ["-0.75980", "-0.60920", "-1.21290"], ["-0.12590", "1.50700", "0.02720"], ["-1.32390", "2.19300", "-0.31780"], ["3.02750", "-1.09490", "0.23710"], ["2.47970", "0.48300", "-0.32890"], ["2.02330", "-0.99150", "-1.20980"], ["1.19530", "-0.31580", "1.66180"], ["0.75760", "-1.78210", "0.80300"], ["-1.23460", "0.12080", "2.14130"], ["-2.42460", "0.12600", "0.83160"], ["-1.62360", "-1.38010", "1.28790"], ["-1.75100", "-0.25510", "-1.51700"], ["-0.05760", "-0.33220", "-2.00610"], ["-0.80480", "-1.70330", "-1.17000"], ["0.62510", "1.75360", "-0.73030"], ["0.22060", "1.91950", "0.98110"], ["-1.54690", "1.95650", "-1.23370"]], "bond_dist": [[0.0, 1.5240841184134162, 2.6073930735506683, 3.9136123019532736, 3.1082229730185063, 3.111649615557639, 4.462565173753768, 1.0951868288105, 1.0933738153074637, 1.0935110699028154, 2.136952917122883, 2.135072731782222, 4.208797763019744, 4.776300463748067, 4.1746147726466925, 4.155834165363195, 2.8777321991457097, 3.337842789886906, 2.8396616453373458, 3.3844839222546175, 4.615779252737288], [1.5240841184134162, 0.0, 1.5531208323887746, 2.5040300976625662, 2.5431131807294776, 2.545870438573024, 3.8167697978788295, 2.15571720547942, 2.1800345364236775, 2.1797583031152787, 1.0980141392532248, 1.098000040983606, 2.7638490280766064, 3.480863634214934, 2.731444998530997, 3.5032018226188453, 2.8813141185924174, 2.7277956026799366, 2.850524383337213, 2.7467684248949706, 4.117863896488081], [2.6073930735506683, 1.5531208323887746, 0.0, 1.5436962946123827, 1.5402390496283362, 1.5459599380320308, 2.465449316047686, 3.536233412827835, 2.903310885868063, 2.893092853677531, 2.1773447338444134, 2.1777736360788285, 2.1906148200904694, 2.1990732866368963, 2.19127796958761, 2.194092169896242, 2.1935612346137043, 2.187462870542035, 2.2008863260059575, 2.184032009838684, 2.695554953993704], [3.9136123019532736, 2.5040300976625662, 1.5436962946123827, 0.0, 2.4947140397247938, 2.5225210048679476, 2.903249355463633, 4.659588275802918, 4.293729934450932, 4.277005303948079, 2.7132040726786477, 2.698413252265116, 1.0957520796238538, 1.0955709424770264, 1.0960328872803042, 2.690649393733788, 3.466026892567338, 2.797887524544187, 3.4911727585440397, 2.798146566926043, 3.2911960591857787], [3.1082229730185063, 2.5431131807294776, 1.5402390496283362, 2.4947140397247938, 0.0, 2.5333731781954274, 2.9952859062199724, 4.084366019347433, 3.5311070629478225, 2.809236285896934, 3.4888966250091156, 2.782453949304463, 3.465399353609913, 2.737162459555516, 2.7558007711008425, 1.0956007758303203, 1.0949794883923625, 1.0958650555611307, 2.780948509052262, 3.4884299978643685, 2.6837987145089697], [3.111649615557639, 2.545870438573024, 1.5459599380320308, 2.5225210048679476, 2.5333731781954274, 0.0, 1.422963457014972, 4.093638134960147, 2.822150699378047, 3.520189183836573, 2.7821010837135303, 3.492938118547192, 2.760468246511812, 2.799686062757751, 3.4882396978992145, 2.851403173877731, 2.7425591005482453, 3.4928812089734746, 1.0948145094033053, 1.0955107073871986, 1.952219265349054], [4.462565173753768, 3.8167697978788295, 2.465449316047686, 2.903249355463633, 2.9952859062199724, 1.422963457014972, 0.0, 5.482050928256687, 4.1703232692442445, 4.7053641825048995, 4.069307341550894, 4.624959989016121, 3.217011056866296, 2.608668213859325, 3.92875758860228, 2.75929133293315, 3.290973658357052, 4.022047157853821, 2.0400562761845564, 2.0365224550689343, 0.9718714215368204], [1.0951868288105, 2.15571720547942, 3.536233412827835, 4.659588275802918, 4.084366019347433, 4.093638134960147, 5.482050928256687, 0.0, 1.7635785352515494, 1.764264382115107, 2.448208271369084, 2.4382232588505914, 4.8238367032891984, 5.6186672325383356, 4.776845286378866, 5.159088398157177, 3.88992281928575, 4.127542157265023, 3.849849447705715, 4.185550258926537, 5.692049715172909], [1.0933738153074637, 2.1800345364236775, 2.903310885868063, 4.293729934450932, 3.5311070629478225, 2.822150699378047, 4.1703232692442445, 1.7635785352515494, 0.0, 1.7771989252753897, 2.500130254606747, 3.0622710575649563, 4.475388404373413, 5.05236258991771, 4.787719158430243, 4.455916932574035, 3.1488795102385225, 4.034265379223335, 2.283656602906838, 2.980463900133669, 4.3821653152294475], [1.0935110699028154, 2.1797583031152787, 2.893092853677531, 4.277005303948079, 2.809236285896934, 3.520189183836573, 4.7053641825048995, 1.764264382115107, 1.7771989252753897, 0.0, 3.064023669947737, 2.5056752962026025, 4.8042684052829525, 5.019953647196356, 4.437273358719293, 3.8577191823666994, 2.3235565390151365, 2.916572112943549, 3.117764824357347, 4.064934329112833, 4.630075944301562], [2.136952917122883, 1.0980141392532248, 2.1773447338444134, 2.7132040726786477, 3.4888966250091156, 2.7821010837135303, 4.069307341550894, 2.448208271369084, 2.500130254606747, 3.064023669947737, 0.0, 1.7547519539809606, 2.5149460868972917, 3.7400662146544943, 3.036236636034814, 4.33464388618027, 3.8760182894305335, 3.734253272074619, 3.213983013334078, 2.531789618037012, 4.589872370774595], [2.135072731782222, 1.098000040983606, 2.1777736360788285, 2.698413252265116, 2.782453949304463, 3.492938118547192, 4.624959989016121, 2.4382232588505914, 3.0622710575649563, 2.5056752962026025, 1.7547519539809606, 0.0, 3.062831392682268, 3.7105337095894977, 2.463096719578831, 3.742619799017795, 3.264629207122916, 2.5179420565215556, 3.8561301365488174, 3.744586915802596, 4.841073961426328], [4.208797763019744, 2.7638490280766064, 2.1906148200904694, 1.0957520796238538, 3.465399353609913, 2.760468246511812, 3.217011056866296, 4.8238367032891984, 4.475388404373413, 4.8042684052829525, 2.5149460868972917, 3.062831392682268, 0.0, 1.7695878418434052, 1.7698342775525624, 3.713640890016158, 4.334912312838634, 3.804835941272633, 3.7908582788070566, 2.588241250347424, 3.854601247859498], [4.776300463748067, 3.480863634214934, 2.1990732866368963, 1.0955709424770264, 2.737162459555516, 2.799686062757751, 2.608668213859325, 5.6186672325383356, 5.05236258991771, 5.019953647196356, 3.7400662146544943, 3.7105337095894977, 1.7695878418434052, 0.0, 1.765827822863826, 2.4728316016259577, 3.7235973909648177, 3.1585587045359786, 3.7933209012684386, 3.199386744362113, 2.895954355648583], [4.1746147726466925, 2.731444998530997, 2.19127796958761, 1.0960328872803042, 2.7558007711008425, 3.4882396978992145, 3.92875758860228, 4.776845286378866, 4.787719158430243, 4.437273358719293, 3.036236636034814, 2.463096719578831, 1.7698342775525624, 1.765827822863826, 0.0, 3.0247842518103667, 3.79484998517728, 2.610778445215143, 4.353143533126378, 3.7924345795280368, 4.182971313552127], [4.155834165363195, 3.5032018226188453, 2.194092169896242, 2.690649393733788, 1.0956007758303203, 2.851403173877731, 2.75929133293315, 5.159088398157177, 4.455916932574035, 3.8577191823666994, 4.33464388618027, 3.742619799017795, 3.713640890016158, 2.4728316016259577, 3.0247842518103667, 0.0, 1.7643034829643112, 1.7643658010741423, 3.2093026952906767, 3.8544254215122646, 2.238993135317748], [2.8777321991457097, 2.8813141185924174, 2.1935612346137043, 3.466026892567338, 1.0949794883923625, 2.7425591005482453, 3.290973658357052, 3.88992281928575, 3.1488795102385225, 2.3235565390151365, 3.8760182894305335, 3.264629207122916, 4.334912312838634, 3.7235973909648177, 3.79484998517728, 1.7643034829643112, 0.0, 1.7712386231109574, 2.5385638794404994, 3.751121428319803, 2.8377392304438405], [3.337842789886906, 2.7277956026799366, 2.187462870542035, 2.797887524544187, 1.0958650555611307, 3.4928812089734746, 4.022047157853821, 4.127542157265023, 4.034265379223335, 2.916572112943549, 3.734253272074619, 2.5179420565215556, 3.804835941272633, 3.1585587045359786, 2.610778445215143, 1.7643658010741423, 1.7712386231109574, 0.0, 3.766710462724737, 4.336283686522366, 3.734823441610058], [2.8396616453373458, 2.850524383337213, 2.2008863260059575, 3.4911727585440397, 2.780948509052262, 1.0948145094033053, 2.0400562761845564, 3.849849447705715, 2.283656602906838, 3.117764824357347, 3.213983013334078, 3.8561301365488174, 3.7908582788070566, 3.7933209012684386, 4.353143533126378, 3.2093026952906767, 2.5385638794404994, 3.766710462724737, 0.0, 1.7663615201877556, 2.2387862716212994], [3.3844839222546175, 2.7467684248949706, 2.184032009838684, 2.798146566926043, 3.4884299978643685, 1.0955107073871986, 2.0365224550689343, 4.185550258926537, 2.980463900133669, 4.064934329112833, 2.531789618037012, 3.744586915802596, 2.588241250347424, 3.199386744362113, 3.7924345795280368, 3.8544254215122646, 3.751121428319803, 4.336283686522366, 1.7663615201877556, 0.0, 2.833860315894204], [4.615779252737288, 4.117863896488081, 2.695554953993704, 3.2911960591857787, 2.6837987145089697, 1.952219265349054, 0.9718714215368204, 5.692049715172909, 4.3821653152294475, 4.630075944301562, 4.589872370774595, 4.841073961426328, 3.854601247859498, 2.895954355648583, 4.182971313552127, 2.238993135317748, 2.8377392304438405, 3.734823441610058, 2.2387862716212994, 2.833860315894204, 0.0]]}