{"total energy": -9.44151511, "HOMO-LUMO gap/eV": 5.24421204, "electronic energy": -9.60612578, "dipole": [0.18216167, 0.02352801, 0.02016704], "partial charges": [-0.1012229, -0.02525242, -0.09674151, 0.04361282, 0.0403318, 0.04363277, 0.0297588, 0.03118329, 0.03469734], "atomic dipole moments": [[-0.0492307, -0.01593366, -0.038441], [0.15449592, 0.02102956, 0.02093796], [-0.07310797, 0.00045442, 0.0258429], [0.08016027, -0.10014294, 0.00708597], [-0.02667109, 0.03292284, 0.12188979], [0.06071226, 0.10082882, -0.05145974], [0.01591181, -0.04020359, -0.14330625], [-0.11032961, -0.03833383, -0.09491645], [-0.02867694, 0.03927463, 0.1443]], "atomic quadrupole moments": [[0.11251664, 0.05168684, -0.09021767, 0.10510845, 0.0343316, -0.02229897], [-0.28499461, -0.02768696, 0.49815762, 0.18611687, -0.20766361, -0.21316301], [-0.32661212, -0.0758654, 0.5429647, 0.05391974, -0.23842929, -0.21635258], [0.0029276, -0.06352022, 0.03678335, 0.00443866, 0.00727724, -0.03971095], [-0.01474627, -0.00698919, -0.04528898, -0.03676517, 0.0294321, 0.06003526], [-0.01881171, 0.04918924, 0.02707026, -0.02304647, -0.04530252, -0.00825855], [0.04439747, 0.00778753, -0.06081655, -0.01076396, 0.02370405, 0.01641908], [0.04277236, 0.01328903, -0.05837923, 0.00916744, 0.02493943, 0.01560686], [0.01420689, 0.00448334, -0.05233988, -0.0095634, 0.0279336, 0.03813299]], "number of molecular orbitals": 18, "number of electrons": 18, "number of unpaired electrons": 0, "orbital energies/eV": [-16.70994514, -15.92433673, -14.67067756, -13.70009855, -13.16870847, -12.94015678, -12.09447657, -11.70644932, -10.72625853, -5.48204648, 3.09019445, 3.64712022, 4.74447406, 4.96397345, 5.93307231, 6.15652231, 11.27767605, 15.59405755], "fractional occupation": [2.0, 2.0, 2.0, 2.0, 2.0, 2.0, 2.0, 2.0, 2.0, 0.0, 0.0, 0.0, 0.0, 0.0, 0.0, 0.0, 0.0, 0.0], "program call": "xtb /home/svss/Project-DBcg-Debug/aqme2_20220329/End-to-End-workflows-final/example-3/QDESCP/mol_1109_rdkit_conf_1/mol_1109_rdkit_conf_1.xyz --pop --wbo --acc 0.2 --gfn 2 --chrg 0 --uhf 0 --etemp 300 --input /home/svss/Project-DBcg-Debug/aqme2_20220329/End-to-End-workflows-final/example-3/QDESCP/mol_1109_rdkit_conf_1/mol_1109_rdkit_conf_1_xtb.inp", "method": "GFN2-xTB", "xtb version": "6.3.3 (7355c4f)", "Dipole module/D": 0.47, "Total charge": 0, "Transition dipole module/D": NaN, "HOMO": -10.7263, "LUMO": -5.482, "HOMO occupancy": 2.0, "LUMO occupancy": 0, "mulliken charges": [-0.08147, -0.01483, -0.09115, 0.03638, 0.03197, 0.03639, 0.02421, 0.03021, 0.0283], "cm5 charges": [-0.22715, -0.08106, -0.19318, 0.08754, 0.08357, 0.08756, 0.07921, 0.08243, 0.08108], "FUKUI+": [0.056, -0.169, -0.127, -0.105, -0.076, -0.105, -0.151, -0.161, -0.163], "FUKUI-": [0.023, -0.088, -0.111, -0.173, -0.097, -0.173, -0.118, -0.136, -0.127], "FUKUIrad": [0.04, -0.128, -0.119, -0.139, -0.086, -0.139, -0.135, -0.148, -0.145], "s proportion": [1.004, 1.067, 1.047, 0.964, 0.968, 0.964, 0.976, 0.97, 0.972], "p proportion": [3.077, 2.948, 3.044, 0.0, 0.0, 0.0, 0.0, 0.0, 0.0], "d proportion": [0.0, 0.0, 0.0, 0.0, 0.0, 0.0, 0.0, 0.0, 0.0], "Fermi-level/eV": -8.1042, "Coordination numbers": [3.753, 2.883, 2.834, 0.924, 0.924, 0.924, 0.925, 0.925, 0.925], "Dispersion coefficient C6": [22.492, 28.631, 30.423, 2.401, 2.445, 2.401, 2.59, 2.57, 2.521], "Total dispersion C6": 627.220131, "Total dispersion C8": 13621.376629, "Polarizability alpha": [6.763, 8.772, 9.039, 2.423, 2.445, 2.423, 2.517, 2.507, 2.483], "Total polarizability alpha": 39.371747, "Wiberg matrix": [[0.0, 1.0420466820534342, 0.0, 0.9702015898507946, 0.9851177541463239, 0.9702060012039042, 0.0, 0.0, 0.0], [1.0420466820534342, 0.0, 1.9737109069762815, 0.0, 0.0, 0.0, 0.9682744103385738, 0.0, 0.0], [0.0, 1.9737109069762815, 0.0, 0.0, 0.0, 0.0, 0.0, 0.9788027827751598, 0.9767732066466865], [0.9702015898507946, 0.0, 0.0, 0.0, 0.0, 0.0, 0.0, 0.0, 0.0], [0.9851177541463239, 0.0, 0.0, 0.0, 0.0, 0.0, 0.0, 0.0, 0.0], [0.9702060012039042, 0.0, 0.0, 0.0, 0.0, 0.0, 0.0, 0.0, 0.0], [0.0, 0.9682744103385738, 0.0, 0.0, 0.0, 0.0, 0.0, 0.0, 0.0], [0.0, 0.0, 0.9788027827751598, 0.0, 0.0, 0.0, 0.0, 0.0, 0.0], [0.0, 0.0, 0.9767732066466865, 0.0, 0.0, 0.0, 0.0, 0.0, 0.0]], "Born radii": [], "Atomic SASAs": [], "Solvent H bonds": [], "Total SASA": NaN, "Total FOD": 0.0, "FOD": [0.0, 0.0, 0.0, 0.0, 0.0, 0.0, 0.0, 0.0, 0.0], "FOD s proportion": [0.0, 0.0, 0.0, 0.0, 0.0, 0.0, 0.0, 0.0, 0.0], "FOD p proportion": [0.0, 0.0, 0.0, 0.0, 0.0, 0.0, 0.0, 0.0, 0.0], "FOD d proportion": [0.0, 0.0, 0.0, 0.0, 0.0, 0.0, 0.0, 0.0, 0.0], "coordinates": [["1.07850", "0.19190", "0.30030"], ["-0.12360", "-0.16130", "-0.51240"], ["-1.37780", "-0.14640", "-0.04480"], ["1.76590", "-0.65870", "0.33810"], ["0.81700", "0.46580", "1.32740"], ["1.60170", "1.03760", "-0.15610"], ["0.05270", "-0.44580", "-1.54750"], ["-2.21250", "-0.41390", "-0.68560"], ["-1.60200", "0.13070", "0.98060"]], "bond_dist": [[0.0, 1.4934108409945335, 2.5033878225316983, 1.094288791864378, 1.0946861970446142, 1.0941881419573145, 2.207553344768819, 3.488505905111815, 2.7661586686233317], [1.4934108409945335, 0.0, 1.338614735463494, 2.1309545419834746, 2.1593625934520584, 2.130955417177938, 1.0878666967969928, 2.1112338122529204, 2.1213155257999694], [2.5033878225316983, 1.338614735463494, 0.0, 3.2081012125554893, 2.6598625378015304, 3.2080623341824266, 2.0962055958326227, 1.0857739083253013, 1.0855851924192776], [1.094288791864378, 2.1309545419834746, 3.2081012125554893, 0.0, 1.7730273404547374, 1.774437648946843, 2.556534374891134, 4.11528313606731, 3.5183389575195854], [1.0946861970446142, 2.1593625934520584, 2.6598625378015304, 1.7730273404547374, 0.0, 1.7729866271351287, 3.11130504129698, 3.7421800250656028, 2.4666015588254218], [1.0941881419573145, 2.130955417177938, 3.2080623341824266, 1.774437648946843, 1.7729866271351287, 0.0, 2.556534865790021, 4.115257481616429, 3.5182734671995015], [2.207553344768819, 1.0878666967969928, 2.0962055958326227, 2.556534374891134, 3.11130504129698, 2.556534865790021, 0.0, 2.4238441080234514, 3.075983411853842], [3.488505905111815, 2.1112338122529204, 1.0857739083253013, 4.11528313606731, 3.7421800250656028, 4.115257481616429, 2.4238441080234514, 0.0, 1.8562116932074315], [2.7661586686233317, 2.1213155257999694, 1.0855851924192776, 3.5183389575195854, 2.4666015588254218, 3.5182734671995015, 3.075983411853842, 1.8562116932074315, 0.0]]}