{"total energy": -50.62377503, "HOMO-LUMO gap/eV": 6.05057799, "electronic energy": -51.15034574, "dipole": [0.02299105, -0.09401903, -0.01345469], "partial charges": [-0.10218122, -0.05219556, -0.06880545, 0.01296865, -0.11450483, 0.07711377, -0.2908312, 0.40834021, -0.28385823, -0.46739762, 0.07836632, -0.29034879, 0.40817401, -0.28411111, -0.46851405, 0.03482705, 0.03616518, 0.03485177, 0.03559486, 0.03625151, 0.03991781, 0.04496061, 0.04499552, 0.0492206, 0.04989976, 0.05806991, 0.0528699, 0.19809842, 0.20488601, 0.05971389, 0.05483789, 0.20446628, 0.19815811], "atomic dipole moments": [[-0.01626251, 0.0876786, -0.05970219], [0.01238034, 0.01627282, 0.12218713], [-0.02012694, 0.03292445, -0.11952619], [0.02546854, 0.03374723, 0.00031056], [0.11809147, 0.00060243, 0.05163427], [-0.04608781, 0.17615475, -0.17021858], [0.04598493, -0.02963914, 0.2367287], [-0.01304678, -0.10597197, -0.10554787], [0.03188136, -0.04116184, 0.02209094], [-0.0387467, 0.0114392, -0.20690534], [0.18740447, -0.01919209, 0.16150483], [-0.04627446, 0.04185176, -0.23434843], [-0.09769237, -0.02926451, 0.10863675], [-0.04592896, 0.02344969, -0.02020642], [0.02586403, -0.03752522, 0.20583138], [-0.0921521, -0.01766252, 0.08398828], [0.00397938, -0.10178506, -0.07328635], [0.10997031, 0.00626552, 0.06189598], [-0.10513746, -0.02000833, -0.06189481], [0.09245892, 0.00323254, -0.08420185], [-0.08371899, -0.01764061, 0.08892154], [0.10609503, 0.00547642, 0.06842168], [-0.01329349, -0.08529203, -0.09282222], [-0.09507191, -0.02298516, 0.08221509], [-0.03205615, 0.11116069, -0.05881903], [0.11477338, 0.00642896, 0.05914962], [-0.08886217, -0.01436159, 0.08818881], [-0.01164131, -0.01211772, -0.13720743], [0.01332005, 0.1163049, 0.07507393], [-0.01425683, 0.11482239, -0.05754803], [-0.00428458, -0.08550963, -0.09286273], [0.10976431, 0.03103551, -0.07962715], [-0.00441713, -0.0151484, 0.13732341]], "atomic quadrupole moments": [[-0.12200922, -0.04712087, 0.12400762, 0.03214126, -0.15768224, -0.0019984], [-0.22742152, -0.05157143, 0.20079646, 0.03150027, -0.00747881, 0.02662506], [-0.21133613, -0.05595415, 0.22146595, 0.02296766, 0.01098157, -0.01012981], [-0.01341983, 0.00912028, -0.0328626, -0.02252131, 0.02451232, 0.04628244], [0.16650156, 0.00672699, -0.10784535, 0.12480252, 0.00881859, -0.0586562], [-0.37028666, -0.10527525, 0.42034741, 0.0676263, -0.1461455, -0.05006075], [-0.10516989, -0.02241045, 0.09686072, 0.02396914, -0.02754818, 0.00830917], [0.36391135, 0.05897283, -0.09702553, -0.12712, 0.10823506, -0.26688582], [0.01145628, -0.01806327, 0.02752408, 0.00099812, -0.07462821, -0.03898036], [0.12675756, 0.01579106, -0.0995105, -0.02819505, -0.01431851, -0.02724706], [0.4526605, 0.01881983, -0.37188248, 0.13148749, -0.03921636, -0.08077803], [0.10349382, 0.00888463, -0.10742349, 0.02615755, -0.02075906, 0.00392967], [-0.11438977, -0.0093028, 0.36909446, -0.13232825, 0.11316003, -0.2547047], [0.0387824, -0.01423569, 0.00609123, 0.07045789, 0.0118806, -0.04487363], [-0.09802474, -0.0185026, 0.12547778, 0.01268963, 0.03133542, -0.02745305], [0.03100334, -0.00433889, -0.03833226, -0.05994157, -0.01284377, 0.00732891], [-0.053701, -0.00488391, 0.03746912, 0.00133702, 0.05375951, 0.01623188], [0.04973913, 0.02096745, -0.03244486, 0.05090082, -0.00223288, -0.01729427], [0.04122676, -0.0005801, -0.01728219, 0.03633888, 0.00028252, -0.02394456], [0.01816573, 0.0112596, -0.01223248, -0.04380879, -0.01196064, -0.00593325], [0.02502807, 0.00541046, -0.01395768, -0.05005096, -0.00129558, -0.01107039], [0.0433305, 0.00667686, -0.01069675, 0.03146886, 0.01123653, -0.03263376], [-0.03298993, -0.01160475, 0.02467001, -0.0018597, 0.06649994, 0.00831993], [0.01167356, 0.01487016, -0.04766358, -0.05303715, -0.02077202, 0.03599003], [-0.03378505, -0.00353911, 0.06283226, 0.01033377, -0.0415129, -0.02904721], [0.02931297, -0.00153051, 0.00461613, 0.02364046, -0.00551499, -0.0339291], [0.00850262, 0.00306873, 0.00270702, -0.03950165, -0.01338075, -0.01120963], [-0.05467194, -0.00379811, -0.00568653, 0.01631881, -0.00814465, 0.06035846], [-0.05455019, -0.00030955, 0.05579816, 0.00766926, 0.02562716, -0.00124797], [0.0036272, -0.00883048, 0.03068683, 0.00733887, -0.01828795, -0.03431403], [0.00155112, 0.00378631, 0.01219587, 0.00572078, 0.04085529, -0.01374698], [0.05118868, 0.01607787, -0.05183422, -0.02617191, -0.0125657, 0.00064554], [-0.00467887, 0.0030652, -0.05439359, 0.01332342, -0.01605737, 0.05907246]], "number of molecular orbitals": 78, "number of electrons": 88, "number of unpaired electrons": 0, "orbital energies/eV": [-20.02751203, -20.01966717, -19.18311494, -19.16809591, -18.56610805, -18.47890974, -17.78754011, -17.35312808, -17.12088058, -16.81501535, -16.63890723, -16.29797354, -16.15900956, -16.01040936, -15.93668046, -15.88563324, -15.76828241, -15.66182418, -15.47211976, -15.18302945, -14.86688221, -14.55101476, -14.3537255, -14.26497911, -14.2261347, -14.00406509, -13.79429677, -13.55468451, -13.36346324, -13.21463352, -13.18117942, -12.84372399, -12.69116703, -12.39819288, -12.29815128, -12.05400078, -11.87258719, -11.80591192, -11.70900069, -11.61617947, -11.54472355, -11.52088884, -11.36133521, -11.35675019, -5.3061722, -5.28562369, -0.89979338, -0.56739759, 0.7006962, 1.10099555, 1.23488694, 1.3380642, 1.91277181, 2.71854523, 3.02563285, 3.27913028, 3.31309942, 3.86374182, 4.24372424, 4.46284416, 4.65585527, 4.96838254, 5.19998589, 5.33004363, 5.66977841, 5.97242883, 6.11862039, 6.31714211, 6.4459871, 6.58514701, 6.81194154, 6.93535631, 7.11615968, 8.05047832, 9.0698214, 9.10147722, 17.46637192, 17.47647511], "fractional occupation": [2.0, 2.0, 2.0, 2.0, 2.0, 2.0, 2.0, 2.0, 2.0, 2.0, 2.0, 2.0, 2.0, 2.0, 2.0, 2.0, 2.0, 2.0, 2.0, 2.0, 2.0, 2.0, 2.0, 2.0, 2.0, 2.0, 2.0, 2.0, 2.0, 2.0, 2.0, 2.0, 2.0, 2.0, 2.0, 2.0, 2.0, 2.0, 2.0, 2.0, 2.0, 2.0, 2.0, 2.0, 0.0, 0.0, 0.0, 0.0, 0.0, 0.0, 0.0, 0.0, 0.0, 0.0, 0.0, 0.0, 0.0, 0.0, 0.0, 0.0, 0.0, 0.0, 0.0, 0.0, 0.0, 0.0, 0.0, 0.0, 0.0, 0.0, 0.0, 0.0, 0.0, 0.0, 0.0, 0.0, 0.0, 0.0], "program call": "xtb /home/svss/Project-DBcg-Debug/aqme2_20220329/End-to-End-workflows-final/example-3/QDESCP/mol_172_rdkit_conf_4/mol_172_rdkit_conf_4.xyz --pop --wbo --acc 0.2 --gfn 2 --chrg 0 --uhf 0 --etemp 300 --input /home/svss/Project-DBcg-Debug/aqme2_20220329/End-to-End-workflows-final/example-3/QDESCP/mol_172_rdkit_conf_4/mol_172_rdkit_conf_4_xtb.inp", "method": "GFN2-xTB", "xtb version": "6.3.3 (7355c4f)", "Dipole module/D": 0.248, "Total charge": 0, "Transition dipole module/D": NaN, "HOMO": -11.3568, "LUMO": -5.3062, "HOMO occupancy": 2.0, "LUMO occupancy": 0, "mulliken charges": [-0.0824, -0.0387, -0.05898, 0.00252, -0.09745, 0.19223, -0.4388, 0.66454, -0.42752, -0.57732, 0.19239, -0.43914, 0.6643, -0.42776, -0.57771, 0.02764, 0.03099, 0.02882, 0.02262, 0.0298, 0.02654, 0.03551, 0.03262, 0.03627, 0.04247, 0.04731, 0.03786, 0.23976, 0.24316, 0.04812, 0.03768, 0.24301, 0.2396], "cm5 charges": [-0.23297, -0.15144, -0.16396, -0.02367, -0.24249, 0.11671, -0.51899, 0.78739, -0.87775, -0.61997, 0.1171, -0.51889, 0.78714, -0.87805, -0.62042, 0.07892, 0.08176, 0.08014, 0.07816, 0.0864, 0.08285, 0.09437, 0.08528, 0.08884, 0.09758, 0.11655, 0.10433, 0.43502, 0.43632, 0.11793, 0.10474, 0.43616, 0.43491], "FUKUI+": [0.007, 0.003, 0.007, -0.005, 0.013, 0.019, -0.057, -0.084, -0.048, -0.14, 0.018, -0.058, -0.084, -0.048, -0.139, -0.011, -0.015, -0.004, -0.012, 0.005, -0.018, -0.002, -0.021, -0.02, -0.004, -0.014, -0.031, -0.052, -0.054, -0.013, -0.032, -0.054, -0.052], "FUKUI-": [0.016, 0.004, 0.01, -0.006, 0.014, 0.01, -0.036, -0.004, -0.05, -0.102, 0.013, -0.03, -0.002, -0.045, -0.094, -0.057, -0.045, -0.053, -0.07, -0.06, -0.046, -0.043, -0.023, -0.023, -0.023, -0.024, -0.029, -0.035, -0.039, -0.033, -0.03, -0.037, -0.031], "FUKUIrad": [0.012, 0.003, 0.009, -0.005, 0.013, 0.015, -0.046, -0.044, -0.049, -0.121, 0.015, -0.044, -0.043, -0.046, -0.116, -0.034, -0.03, -0.029, -0.041, -0.027, -0.032, -0.023, -0.022, -0.021, -0.014, -0.019, -0.03, -0.043, -0.046, -0.023, -0.031, -0.046, -0.041], "s proportion": [1.008, 1.027, 1.041, 1.099, 1.017, 1.006, 1.693, 0.911, 1.403, 1.721, 1.004, 1.693, 0.911, 1.402, 1.721, 0.972, 0.969, 0.971, 0.977, 0.97, 0.973, 0.964, 0.967, 0.964, 0.958, 0.953, 0.962, 0.76, 0.757, 0.952, 0.962, 0.757, 0.76], "p proportion": [3.074, 3.012, 3.018, 2.899, 3.081, 2.801, 4.746, 2.424, 4.025, 4.856, 2.803, 4.746, 2.424, 4.025, 4.857, 0.0, 0.0, 0.0, 0.0, 0.0, 0.0, 0.0, 0.0, 0.0, 0.0, 0.0, 0.0, 0.0, 0.0, 0.0, 0.0, 0.0, 0.0], "d proportion": [0.0, 0.0, 0.0, 0.0, 0.0, 0.0, 0.0, 0.0, 0.0, 0.0, 0.0, 0.0, 0.0, 0.0, 0.0, 0.0, 0.0, 0.0, 0.0, 0.0, 0.0, 0.0, 0.0, 0.0, 0.0, 0.0, 0.0, 0.0, 0.0, 0.0, 0.0, 0.0, 0.0], "Fermi-level/eV": -8.3315, "Coordination numbers": [3.75, 3.798, 3.802, 3.891, 3.753, 3.71, 1.706, 2.654, 2.638, 0.858, 3.71, 1.707, 2.654, 2.638, 0.858, 0.924, 0.924, 0.924, 0.924, 0.924, 0.923, 0.923, 0.924, 0.924, 0.924, 0.924, 0.924, 0.86, 0.86, 0.924, 0.924, 0.86, 0.86], "Dispersion coefficient C6": [22.516, 21.514, 21.816, 20.306, 22.75, 19.423, 18.833, 20.119, 27.329, 23.075, 19.405, 18.824, 20.121, 27.335, 23.099, 2.519, 2.501, 2.519, 2.508, 2.499, 2.45, 2.384, 2.384, 2.33, 2.321, 2.222, 2.285, 1.116, 1.081, 2.203, 2.261, 1.083, 1.115], "Total dispersion C6": 9105.342087, "Total dispersion C8": 194556.229549, "Polarizability alpha": [6.767, 6.604, 6.65, 6.406, 6.801, 6.298, 5.859, 7.338, 7.764, 6.44, 6.296, 5.858, 7.339, 7.765, 6.444, 2.482, 2.473, 2.482, 2.477, 2.472, 2.448, 2.415, 2.414, 2.387, 2.383, 2.331, 2.364, 1.655, 1.629, 2.321, 2.351, 1.631, 1.654], "Total polarizability alpha": 140.998619, "Wiberg matrix": [[0.0, 1.0189491268234294, 0.0, 0.0, 0.0, 0.0, 0.0, 0.0, 0.0, 0.0, 0.0, 0.0, 0.0, 0.0, 0.0, 0.9874462782215268, 0.9869181987147316, 0.9875021664132361, 0.0, 0.0, 0.0, 0.0, 0.0, 0.0, 0.0, 0.0, 0.0, 0.0, 0.0, 0.0, 0.0, 0.0, 0.0], [1.0189491268234294, 0.0, 1.0083808449961023, 0.0, 0.0, 0.0, 0.0, 0.0, 0.0, 0.0, 0.0, 0.0, 0.0, 0.0, 0.0, 0.0, 0.0, 0.0, 0.9755002935720969, 0.975825610573859, 0.0, 0.0, 0.0, 0.0, 0.0, 0.0, 0.0, 0.0, 0.0, 0.0, 0.0, 0.0, 0.0], [0.0, 1.0083808449961023, 0.0, 0.9797879684915595, 0.0, 0.0, 0.0, 0.0, 0.0, 0.0, 0.0, 0.0, 0.0, 0.0, 0.0, 0.0, 0.0, 0.0, 0.0, 0.0, 0.9746524913994936, 0.9743057217231506, 0.0, 0.0, 0.0, 0.0, 0.0, 0.0, 0.0, 0.0, 0.0, 0.0, 0.0], [0.0, 0.0, 0.9797879684915595, 0.0, 0.9980138807145852, 0.9795245723185565, 0.0, 0.0, 0.0, 0.0, 0.9828500342291103, 0.0, 0.0, 0.0, 0.0, 0.0, 0.0, 0.0, 0.0, 0.0, 0.0, 0.0, 0.0, 0.0, 0.0, 0.0, 0.0, 0.0, 0.0, 0.0, 0.0, 0.0, 0.0], [0.0, 0.0, 0.0, 0.9980138807145852, 0.0, 0.0, 0.0, 0.0, 0.0, 0.0, 0.0, 0.0, 0.0, 0.0, 0.0, 0.0, 0.0, 0.0, 0.0, 0.0, 0.0, 0.0, 0.9824881392695217, 0.984516929454194, 0.98390584421067, 0.0, 0.0, 0.0, 0.0, 0.0, 0.0, 0.0, 0.0], [0.0, 0.0, 0.0, 0.9795245723185565, 0.0, 0.0, 0.9423525909543123, 0.0, 0.0, 0.0, 0.0, 0.0, 0.0, 0.0, 0.0, 0.0, 0.0, 0.0, 0.0, 0.0, 0.0, 0.0, 0.0, 0.0, 0.0, 0.9684180039248904, 0.9692323254773817, 0.0, 0.0, 0.0, 0.0, 0.0, 0.0], [0.0, 0.0, 0.0, 0.0, 0.0, 0.9423525909543123, 0.0, 1.0694117889339343, 0.0, 0.13404286629421425, 0.0, 0.0, 0.0, 0.0, 0.0, 0.0, 0.0, 0.0, 0.0, 0.0, 0.0, 0.0, 0.0, 0.0, 0.0, 0.0, 0.0, 0.0, 0.0, 0.0, 0.0, 0.0, 0.0], [0.0, 0.0, 0.0, 0.0, 0.0, 0.0, 1.0694117889339343, 0.0, 1.2150833284088511, 1.6356792426830478, 0.0, 0.0, 0.0, 0.0, 0.0, 0.0, 0.0, 0.0, 0.0, 0.0, 0.0, 0.0, 0.0, 0.0, 0.0, 0.0, 0.0, 0.0, 0.0, 0.0, 0.0, 0.0, 0.0], [0.0, 0.0, 0.0, 0.0, 0.0, 0.0, 0.0, 1.2150833284088511, 0.0, 0.16883129728389798, 0.0, 0.0, 0.0, 0.0, 0.0, 0.0, 0.0, 0.0, 0.0, 0.0, 0.0, 0.0, 0.0, 0.0, 0.0, 0.0, 0.0, 0.9428196881450146, 0.941329202715937, 0.0, 0.0, 0.0, 0.0], [0.0, 0.0, 0.0, 0.0, 0.0, 0.0, 0.13404286629421425, 1.6356792426830478, 0.16883129728389798, 0.0, 0.0, 0.0, 0.0, 0.0, 0.0, 0.0, 0.0, 0.0, 0.0, 0.0, 0.0, 0.0, 0.0, 0.0, 0.0, 0.0, 0.0, 0.0, 0.0, 0.0, 0.0, 0.0, 0.0], [0.0, 0.0, 0.0, 0.9828500342291103, 0.0, 0.0, 0.0, 0.0, 0.0, 0.0, 0.0, 0.9420282294139537, 0.0, 0.0, 0.0, 0.0, 0.0, 0.0, 0.0, 0.0, 0.0, 0.0, 0.0, 0.0, 0.0, 0.0, 0.0, 0.0, 0.0, 0.9673292905422183, 0.9662676230553096, 0.0, 0.0], [0.0, 0.0, 0.0, 0.0, 0.0, 0.0, 0.0, 0.0, 0.0, 0.0, 0.9420282294139537, 0.0, 1.0708121747526391, 0.0, 0.13420820998907035, 0.0, 0.0, 0.0, 0.0, 0.0, 0.0, 0.0, 0.0, 0.0, 0.0, 0.0, 0.0, 0.0, 0.0, 0.0, 0.0, 0.0, 0.0], [0.0, 0.0, 0.0, 0.0, 0.0, 0.0, 0.0, 0.0, 0.0, 0.0, 0.0, 1.0708121747526391, 0.0, 1.2149436664044568, 1.6346886219230525, 0.0, 0.0, 0.0, 0.0, 0.0, 0.0, 0.0, 0.0, 0.0, 0.0, 0.0, 0.0, 0.0, 0.0, 0.0, 0.0, 0.0, 0.0], [0.0, 0.0, 0.0, 0.0, 0.0, 0.0, 0.0, 0.0, 0.0, 0.0, 0.0, 0.0, 1.2149436664044568, 0.0, 0.16868973525687758, 0.0, 0.0, 0.0, 0.0, 0.0, 0.0, 0.0, 0.0, 0.0, 0.0, 0.0, 0.0, 0.0, 0.0, 0.0, 0.0, 0.9415177609345672, 0.942822310523266], [0.0, 0.0, 0.0, 0.0, 0.0, 0.0, 0.0, 0.0, 0.0, 0.0, 0.0, 0.13420820998907035, 1.6346886219230525, 0.16868973525687758, 0.0, 0.0, 0.0, 0.0, 0.0, 0.0, 0.0, 0.0, 0.0, 0.0, 0.0, 0.0, 0.0, 0.0, 0.0, 0.0, 0.0, 0.0, 0.0], [0.9874462782215268, 0.0, 0.0, 0.0, 0.0, 0.0, 0.0, 0.0, 0.0, 0.0, 0.0, 0.0, 0.0, 0.0, 0.0, 0.0, 0.0, 0.0, 0.0, 0.0, 0.0, 0.0, 0.0, 0.0, 0.0, 0.0, 0.0, 0.0, 0.0, 0.0, 0.0, 0.0, 0.0], [0.9869181987147316, 0.0, 0.0, 0.0, 0.0, 0.0, 0.0, 0.0, 0.0, 0.0, 0.0, 0.0, 0.0, 0.0, 0.0, 0.0, 0.0, 0.0, 0.0, 0.0, 0.0, 0.0, 0.0, 0.0, 0.0, 0.0, 0.0, 0.0, 0.0, 0.0, 0.0, 0.0, 0.0], [0.9875021664132361, 0.0, 0.0, 0.0, 0.0, 0.0, 0.0, 0.0, 0.0, 0.0, 0.0, 0.0, 0.0, 0.0, 0.0, 0.0, 0.0, 0.0, 0.0, 0.0, 0.0, 0.0, 0.0, 0.0, 0.0, 0.0, 0.0, 0.0, 0.0, 0.0, 0.0, 0.0, 0.0], [0.0, 0.9755002935720969, 0.0, 0.0, 0.0, 0.0, 0.0, 0.0, 0.0, 0.0, 0.0, 0.0, 0.0, 0.0, 0.0, 0.0, 0.0, 0.0, 0.0, 0.0, 0.0, 0.0, 0.0, 0.0, 0.0, 0.0, 0.0, 0.0, 0.0, 0.0, 0.0, 0.0, 0.0], [0.0, 0.975825610573859, 0.0, 0.0, 0.0, 0.0, 0.0, 0.0, 0.0, 0.0, 0.0, 0.0, 0.0, 0.0, 0.0, 0.0, 0.0, 0.0, 0.0, 0.0, 0.0, 0.0, 0.0, 0.0, 0.0, 0.0, 0.0, 0.0, 0.0, 0.0, 0.0, 0.0, 0.0], [0.0, 0.0, 0.9746524913994936, 0.0, 0.0, 0.0, 0.0, 0.0, 0.0, 0.0, 0.0, 0.0, 0.0, 0.0, 0.0, 0.0, 0.0, 0.0, 0.0, 0.0, 0.0, 0.0, 0.0, 0.0, 0.0, 0.0, 0.0, 0.0, 0.0, 0.0, 0.0, 0.0, 0.0], [0.0, 0.0, 0.9743057217231506, 0.0, 0.0, 0.0, 0.0, 0.0, 0.0, 0.0, 0.0, 0.0, 0.0, 0.0, 0.0, 0.0, 0.0, 0.0, 0.0, 0.0, 0.0, 0.0, 0.0, 0.0, 0.0, 0.0, 0.0, 0.0, 0.0, 0.0, 0.0, 0.0, 0.0], [0.0, 0.0, 0.0, 0.0, 0.9824881392695217, 0.0, 0.0, 0.0, 0.0, 0.0, 0.0, 0.0, 0.0, 0.0, 0.0, 0.0, 0.0, 0.0, 0.0, 0.0, 0.0, 0.0, 0.0, 0.0, 0.0, 0.0, 0.0, 0.0, 0.0, 0.0, 0.0, 0.0, 0.0], [0.0, 0.0, 0.0, 0.0, 0.984516929454194, 0.0, 0.0, 0.0, 0.0, 0.0, 0.0, 0.0, 0.0, 0.0, 0.0, 0.0, 0.0, 0.0, 0.0, 0.0, 0.0, 0.0, 0.0, 0.0, 0.0, 0.0, 0.0, 0.0, 0.0, 0.0, 0.0, 0.0, 0.0], [0.0, 0.0, 0.0, 0.0, 0.98390584421067, 0.0, 0.0, 0.0, 0.0, 0.0, 0.0, 0.0, 0.0, 0.0, 0.0, 0.0, 0.0, 0.0, 0.0, 0.0, 0.0, 0.0, 0.0, 0.0, 0.0, 0.0, 0.0, 0.0, 0.0, 0.0, 0.0, 0.0, 0.0], [0.0, 0.0, 0.0, 0.0, 0.0, 0.9684180039248904, 0.0, 0.0, 0.0, 0.0, 0.0, 0.0, 0.0, 0.0, 0.0, 0.0, 0.0, 0.0, 0.0, 0.0, 0.0, 0.0, 0.0, 0.0, 0.0, 0.0, 0.0, 0.0, 0.0, 0.0, 0.0, 0.0, 0.0], [0.0, 0.0, 0.0, 0.0, 0.0, 0.9692323254773817, 0.0, 0.0, 0.0, 0.0, 0.0, 0.0, 0.0, 0.0, 0.0, 0.0, 0.0, 0.0, 0.0, 0.0, 0.0, 0.0, 0.0, 0.0, 0.0, 0.0, 0.0, 0.0, 0.0, 0.0, 0.0, 0.0, 0.0], [0.0, 0.0, 0.0, 0.0, 0.0, 0.0, 0.0, 0.0, 0.9428196881450146, 0.0, 0.0, 0.0, 0.0, 0.0, 0.0, 0.0, 0.0, 0.0, 0.0, 0.0, 0.0, 0.0, 0.0, 0.0, 0.0, 0.0, 0.0, 0.0, 0.0, 0.0, 0.0, 0.0, 0.0], [0.0, 0.0, 0.0, 0.0, 0.0, 0.0, 0.0, 0.0, 0.941329202715937, 0.0, 0.0, 0.0, 0.0, 0.0, 0.0, 0.0, 0.0, 0.0, 0.0, 0.0, 0.0, 0.0, 0.0, 0.0, 0.0, 0.0, 0.0, 0.0, 0.0, 0.0, 0.0, 0.0, 0.0], [0.0, 0.0, 0.0, 0.0, 0.0, 0.0, 0.0, 0.0, 0.0, 0.0, 0.9673292905422183, 0.0, 0.0, 0.0, 0.0, 0.0, 0.0, 0.0, 0.0, 0.0, 0.0, 0.0, 0.0, 0.0, 0.0, 0.0, 0.0, 0.0, 0.0, 0.0, 0.0, 0.0, 0.0], [0.0, 0.0, 0.0, 0.0, 0.0, 0.0, 0.0, 0.0, 0.0, 0.0, 0.9662676230553096, 0.0, 0.0, 0.0, 0.0, 0.0, 0.0, 0.0, 0.0, 0.0, 0.0, 0.0, 0.0, 0.0, 0.0, 0.0, 0.0, 0.0, 0.0, 0.0, 0.0, 0.0, 0.0], [0.0, 0.0, 0.0, 0.0, 0.0, 0.0, 0.0, 0.0, 0.0, 0.0, 0.0, 0.0, 0.0, 0.9415177609345672, 0.0, 0.0, 0.0, 0.0, 0.0, 0.0, 0.0, 0.0, 0.0, 0.0, 0.0, 0.0, 0.0, 0.0, 0.0, 0.0, 0.0, 0.0, 0.0], [0.0, 0.0, 0.0, 0.0, 0.0, 0.0, 0.0, 0.0, 0.0, 0.0, 0.0, 0.0, 0.0, 0.942822310523266, 0.0, 0.0, 0.0, 0.0, 0.0, 0.0, 0.0, 0.0, 0.0, 0.0, 0.0, 0.0, 0.0, 0.0, 0.0, 0.0, 0.0, 0.0, 0.0]], "Born radii": [], "Atomic SASAs": [], "Solvent H bonds": [], "Total SASA": NaN, "Total FOD": 0.0, "FOD": [0.0, 0.0, 0.0, 0.0, 0.0, 0.0, 0.0, 0.0, 0.0, 0.0, 0.0, 0.0, 0.0, 0.0, 0.0, 0.0, 0.0, 0.0, 0.0, 0.0, 0.0, 0.0, 0.0, 0.0, 0.0, 0.0, 0.0, 0.0, 0.0, 0.0, 0.0, 0.0, 0.0], "FOD s proportion": [0.0, 0.0, 0.0, 0.0, 0.0, 0.0, 0.0, 0.0, 0.0, 0.0, 0.0, 0.0, 0.0, 0.0, 0.0, 0.0, 0.0, 0.0, 0.0, 0.0, 0.0, 0.0, 0.0, 0.0, 0.0, 0.0, 0.0, 0.0, 0.0, 0.0, 0.0, 0.0, 0.0], "FOD p proportion": [0.0, 0.0, 0.0, 0.0, 0.0, 0.0, 0.0, 0.0, 0.0, 0.0, 0.0, 0.0, 0.0, 0.0, 0.0, 0.0, 0.0, 0.0, 0.0, 0.0, 0.0, 0.0, 0.0, 0.0, 0.0, 0.0, 0.0, 0.0, 0.0, 0.0, 0.0, 0.0, 0.0], "FOD d proportion": [0.0, 0.0, 0.0, 0.0, 0.0, 0.0, 0.0, 0.0, 0.0, 0.0, 0.0, 0.0, 0.0, 0.0, 0.0, 0.0, 0.0, 0.0, 0.0, 0.0, 0.0, 0.0, 0.0, 0.0, 0.0, 0.0, 0.0, 0.0, 0.0, 0.0, 0.0, 0.0, 0.0], "coordinates": [["-0.14550", "-3.91890", "0.69570"], ["-0.38600", "-2.67680", "-0.15120"], ["-0.43720", "-1.41560", "0.71830"], ["-0.69830", "-0.07990", "-0.03850"], ["-2.09100", "-0.09400", "-0.69960"], ["-0.64590", "1.05920", "1.01540"], ["-0.88320", "2.33050", "0.39260"], ["-0.82470", "3.38170", "1.23930"], ["-1.04590", "4.52870", "0.56130"], ["-0.60230", "3.33730", "2.43790"], ["0.35900", "0.18050", "-1.13760"], ["1.67570", "0.14670", "-0.56810"], ["2.66900", "0.37420", "-1.45500"], ["3.86330", "0.33120", "-0.82570"], ["2.54130", "0.59380", "-2.64810"], ["-0.94750", "-4.05600", "1.42810"], ["-0.11020", "-4.80940", "0.06020"], ["0.80480", "-3.84850", "1.23450"], ["-1.32540", "-2.80560", "-0.69800"], ["0.41860", "-2.60090", "-0.88960"], ["-1.21960", "-1.54930", "1.47790"], ["0.50800", "-1.33950", "1.27240"], ["-2.16100", "-0.85870", "-1.47980"], ["-2.87500", "-0.29470", "0.03890"], ["-2.32040", "0.86630", "-1.17480"], ["0.33490", "1.07840", "1.50730"], ["-1.41550", "0.89330", "1.78050"], ["-1.14850", "4.50520", "-0.44110"], ["-0.97170", "5.40670", "1.05170"], ["0.19450", "1.15980", "-1.60470"], ["0.28880", "-0.58020", "-1.92470"], ["4.69880", "0.54010", "-1.35030"], ["3.89790", "0.21440", "0.17470"]], "bond_dist": [[0.0, 1.522462567684342, 2.5203393700055554, 3.9474749498888526, 4.512393195411943, 5.013390854501572, 6.300085020061236, 7.352249584990977, 8.496512771719937, 7.476387197035744, 4.518914637388053, 4.6306655288414, 5.565754966758777, 6.0372581036427455, 6.226102630859854, 1.0947192197088713, 1.0945759863983864, 1.0946833743142352, 2.1386913264891683, 2.1374070506106224, 2.7167134206610752, 2.7226732268122076, 4.261439256870852, 4.584362783419304, 5.5791665416977825, 5.085517280474033, 5.0938158466909655, 8.559426619230987, 9.368893093637048, 5.585752755896022, 4.266383754422473, 6.8946384597018575, 5.80557434281915], [1.522462567684342, 0.0, 1.5327351793444295, 2.618037851139666, 3.1430277440709937, 3.922524642370013, 5.061223129837293, 6.231482182434609, 7.2706502123262675, 6.551306992501573, 3.113225537926862, 3.520875565821661, 4.5101574739691745, 5.249720443985565, 5.0497939819362925, 2.1706366301156903, 2.1607263500961893, 2.170495339778457, 1.0945556358632482, 1.0947038549306383, 2.149444584072825, 2.1480792001227518, 2.8672792975223045, 3.450457856574979, 4.164518931401321, 4.167954666260179, 4.187714072140074, 7.2281790417780885, 8.193472105890152, 4.143566345553067, 2.827788685527969, 6.135265068438364, 5.178517882560607], [2.5203393700055554, 1.5327351793444295, 0.0, 1.5572456260975658, 2.5479641696852804, 2.501291494408439, 3.7865897189951805, 4.84104167922566, 5.977446543466533, 5.057107926473392, 2.574069629982841, 2.925739677414927, 4.192266137782762, 4.891783569415147, 4.923596202980094, 2.781354758027102, 3.4724491428961204, 2.779933245601412, 2.1741446433022804, 2.1731709872902316, 1.0986435318154837, 1.098280956768349, 2.848379830710785, 2.7678276698522977, 3.5124546203474285, 2.727397185963203, 2.7232992747768283, 6.075033225423545, 6.851322726306213, 3.5253452384128283, 2.8653827248728923, 5.8721686326262805, 4.663206297173652], [3.9474749498888526, 2.618037851139666, 1.5572456260975658, 0.0, 1.541708568439574, 1.5527394436929849, 2.455618736693463, 3.6920758876274467, 4.660448450524907, 4.221259148642736, 1.5471626482047711, 2.442887578256519, 3.681221040633121, 4.64724451799128, 4.2141300418947685, 4.245278248831283, 4.7669459352923225, 4.252315201158071, 2.8736101249125636, 2.885702309663975, 2.174938852014005, 2.18179070031935, 2.1962163873352734, 2.188641745466809, 2.1949215339050276, 2.1905841161662796, 2.1840913625578944, 4.624706348515547, 5.600541327407557, 2.18790547556333, 2.186873782366052, 5.588730414861679, 4.610544563281001], [4.512393195411943, 3.1430277440709937, 2.5479641696852804, 1.541708568439574, 0.0, 2.5217869160577386, 2.9205961600330843, 4.176522403866643, 4.904228594794496, 4.882003034616017, 2.503935751971284, 3.776672825384799, 4.842255714024199, 5.970794313992067, 5.072270140676658, 4.640274080267242, 5.170673248233735, 5.120807621850288, 2.817609000553484, 3.552286555164153, 2.760206930648498, 3.4921132928357292, 1.0947045857216458, 1.0955905895908378, 1.095726010460644, 3.4828034943131665, 2.753535463726589, 4.701889954050393, 5.880270799036385, 2.759480150318172, 2.7204243216821897, 6.850319506417201, 6.060233845323133], [5.013390854501572, 3.922524642370013, 2.501291494408439, 1.5527394436929849, 2.5217869160577386, 0.0, 1.4354075449153803, 2.340108309459201, 3.521879762286044, 2.6861025334115602, 2.533248250764224, 2.9546497355862673, 4.190544495647314, 4.9246845431966495, 4.878121897820923, 5.140676501200985, 5.969911849432954, 5.12230949767778, 4.281838255936345, 4.26128117589065, 2.71059222126826, 2.6741907000062652, 3.492834301824236, 2.784867011187428, 2.763717912522911, 1.0974073491643839, 1.0978091728529142, 3.7747735044635466, 4.359841692080115, 2.7534190618211385, 3.4936348492651605, 5.867863272946976, 4.69750805959926], [6.300085020061236, 5.061223129837293, 3.7865897189951805, 2.455618736693463, 2.9205961600330843, 1.4354075449153803, 0.0, 1.351053137370992, 2.2106592274703942, 2.2969116526327262, 2.916688684107373, 3.4985562936731487, 4.456328117407874, 5.292515246081017, 4.897875420016316, 6.470222329255773, 7.189310868922, 6.4605093150617785, 5.269200357739303, 5.259032804613411, 4.042757609602633, 4.0222363779370305, 3.9127549424925654, 3.314218757113055, 2.5818923757585246, 2.0722157489026087, 2.0676444423546325, 2.3440904142118755, 3.1472609520025503, 2.553660719437882, 3.900722725342061, 6.115713905179018, 5.232998837186953], [7.352249584990977, 6.231482182434609, 4.84104167922566, 3.6920758876274467, 4.176522403866643, 2.340108309459201, 1.351053137370992, 0.0, 1.3506377900828925, 1.2198668287973076, 4.159144231689976, 4.470337785894931, 5.339498893154675, 5.9621404923064345, 5.8492923648933814, 7.441109229812447, 8.306317250743557, 7.411550804656202, 6.502808091124941, 6.470665565457698, 4.952538437003796, 4.905804148149414, 5.211544364197622, 4.377283085430961, 3.7937098544828123, 2.592621655776253, 2.614206694199982, 2.0471548182782855, 2.038977135722713, 3.7501925617226646, 5.191091393917082, 6.729767527188439, 5.785163196488065], [8.496512771719937, 7.2706502123262675, 5.977446543466533, 4.660448450524907, 4.904228594794496, 3.521879762286044, 2.2106592274703942, 1.3506377900828925, 0.0, 2.2666809391707514, 4.875125481461989, 5.280584713836149, 5.926703801439718, 6.60628639176353, 6.217048351911058, 8.628910643296754, 9.398231073452068, 8.60556613884293, 7.4468727147709455, 7.421662025449555, 6.149179721718987, 6.111958741680117, 5.868016358191241, 5.184948999749177, 4.248713595901705, 3.834852634717532, 3.852166398275131, 1.0079110923092374, 1.0084055731698434, 4.192807576075964, 5.836306991582949, 7.2501532818279095, 6.572959948911905], [7.476387197035744, 6.551306992501573, 5.057107926473392, 4.221259148642736, 4.882003034616017, 2.6861025334115602, 2.2969116526327262, 1.2198668287973076, 2.2666809391707514, 0.0, 4.8655610344543, 4.9401668352394745, 5.8852387980437975, 6.29518113559888, 6.578480767624088, 7.469922621419849, 8.500843522262953, 7.420500226399835, 6.934836900028724, 6.8830743349175005, 5.018119054984646, 4.946070620199432, 5.948473331872641, 4.9103757788992075, 4.70205379594917, 2.616675258796933, 2.658308672821875, 3.1545151529197004, 2.5180196901533556, 4.6603659995755695, 5.930695087424408, 7.090588712511818, 5.9267511074787], [4.518914637388053, 3.113225537926862, 2.574069629982841, 1.5471626482047711, 2.503935751971284, 2.533248250764224, 2.916688684107373, 4.159144231689976, 4.875125481461989, 4.8655610344543, 0.0, 1.434981386638865, 2.3397355512963425, 3.521379075021603, 2.6860492233017625, 5.122274005751743, 5.153054966716346, 4.696641039083145, 3.4564786604288473, 2.7930703750532317, 3.510701674879254, 2.853191371079059, 2.7472599949768135, 3.4740068062685197, 2.766024193675825, 2.7932599646291427, 3.4888739874062518, 4.632569329216779, 5.820392033188142, 1.0973928877115982, 1.0968677860161635, 4.35986438894606, 3.7745322504914434], [4.6306655288414, 3.520875565821661, 2.925739677414927, 2.442887578256519, 3.776672825384799, 2.9546497355862673, 3.4985562936731487, 4.470337785894931, 5.280584713836149, 4.9401668352394745, 1.434981386638865, 0.0, 1.3509229252625778, 2.2104279608256863, 2.2968591097409523, 5.341224575881452, 5.30538659383084, 4.468719795422398, 4.211834577710763, 3.038580000592382, 3.930050138357016, 2.6381345644223684, 4.0696797097560395, 4.6121744817385215, 4.105450555054828, 2.6406617901579144, 3.9533341573917076, 5.195070441293362, 6.107379045056889, 2.072405512924534, 2.0717718938145677, 3.147337606612929, 2.3440366827334422], [5.565754966758777, 4.5101574739691745, 4.192266137782762, 3.681221040633121, 4.842255714024199, 4.190544495647314, 4.456328117407874, 5.339498893154675, 5.926703801439718, 5.8852387980437975, 2.3397355512963425, 1.3509229252625778, 0.0, 1.350636879401714, 1.2198438670584033, 6.4045304199449316, 6.07367208861328, 5.342269852787296, 5.161337849821497, 3.7729560466562555, 5.236694054458404, 3.8788399618958245, 4.984933043682733, 5.780579592047843, 5.021432744745268, 3.8365533672816285, 5.236512705035671, 5.715458027140082, 6.698081638051301, 2.6005245047874475, 2.607076809378657, 2.0392579385649086, 2.0473527639368845], [6.0372581036427455, 5.249720443985565, 4.891783569415147, 4.64724451799128, 5.970794313992067, 4.9246845431966495, 5.292515246081017, 5.9621404923064345, 6.60628639176353, 6.29518113559888, 3.521379075021603, 2.2104279608256863, 1.350636879401714, 0.0, 2.266668153921081, 6.889915450860047, 6.557384342861107, 5.57393383347883, 6.064522175736519, 4.524074679976006, 5.888864544205445, 4.29549766499762, 6.175427054868352, 6.822314186549899, 6.216618736097622, 4.295439837781458, 5.913878954628679, 6.533630874177083, 7.256897133761784, 3.841030122245854, 3.8490909589148448, 1.008416887998213, 1.0077894422943712], [6.226102630859854, 5.0497939819362925, 4.923596202980094, 4.2141300418947685, 5.072270140676658, 4.878121897820923, 4.897875420016316, 5.8492923648933814, 6.217048351911058, 6.578480767624088, 2.6860492233017625, 2.2968591097409523, 1.2198438670584033, 2.266668153921081, 0.0, 7.099843091223918, 6.599993286360222, 6.150125551563968, 5.505468123602206, 4.219512487243047, 5.980060402704976, 4.821024583011375, 5.0582908605575465, 6.111113396100583, 5.0873368307986055, 4.7297343773197245, 5.946298382187022, 5.8124455266264645, 7.013821743528987, 2.6299258164442585, 2.641086861502287, 2.518327774536111, 3.154759540757425], [1.0947192197088713, 2.1706366301156903, 2.781354758027102, 4.245278248831283, 4.640274080267242, 5.140676501200985, 6.470222329255773, 7.441109229812447, 8.628910643296754, 7.469922621419849, 5.122274005751743, 5.341224575881452, 6.4045304199449316, 6.889915450860047, 7.099843091223918, 0.0, 1.7719574656294659, 1.7751316852560544, 2.495317570971679, 3.0586399771793995, 2.521916600524292, 3.0857892005125693, 4.489007902643968, 4.4488774516725, 5.734891464535314, 5.292720071947883, 4.983851949045036, 8.765184258188757, 9.470214036123998, 6.1405707780303285, 4.9850668170045624, 7.792582720767229, 6.579151075936774], [1.0945759863983864, 2.1607263500961893, 3.4724491428961204, 4.7669459352923225, 5.170673248233735, 5.969911849432954, 7.189310868922, 8.306317250743557, 9.398231073452068, 8.500843522262953, 5.153054966716346, 5.30538659383084, 6.07367208861328, 6.557384342861107, 6.599993286360222, 1.7719574656294659, 0.0, 1.7718731049372582, 2.463086015550411, 2.4615486446544175, 3.724096354822201, 3.7271713255497123, 4.710139183718461, 5.294061656233331, 6.214803257545648, 6.079342173294739, 6.097870732477034, 9.385688133536082, 10.300191925881771, 6.204521153159202, 4.688833719593818, 7.330289318983255, 6.427794512894761], [1.0946833743142352, 2.170495339778457, 2.779933245601412, 4.252315201158071, 5.120807621850288, 5.12230949767778, 6.4605093150617785, 7.411550804656202, 8.60556613884293, 7.420500226399835, 4.696641039083145, 4.468719795422398, 5.342269852787296, 5.57393383347883, 6.150125551563968, 1.7751316852560544, 1.7718731049372582, 0.0, 3.0594033241794056, 2.493482907501072, 3.0730700545220246, 2.526778116495392, 5.0102193734406475, 5.253558968927635, 6.1482469509609, 4.956770063256919, 5.264267786691706, 8.741128070220686, 9.425926751784145, 5.789351571635636, 4.5747771016739165, 6.411258612784232, 5.215131835342229], [2.1386913264891683, 1.0945556358632482, 2.1741446433022804, 2.8736101249125636, 2.817609000553484, 4.281838255936345, 5.269200357739303, 6.502808091124941, 7.4468727147709455, 6.934836900028724, 3.4564786604288473, 4.211834577710763, 5.161337849821497, 6.064522175736519, 5.505468123602206, 2.495317570971679, 2.463086015550411, 3.0594033241794056, 0.0, 1.7663942510096662, 2.5147612491049722, 3.064845987973947, 2.258286565075389, 3.0412005162435443, 3.8340856602324362, 4.765018381916276, 4.453419076395124, 7.317450912715438, 8.40407193389014, 4.342418457495776, 3.010455063607494, 6.921718675300232, 6.096299548086527], [2.1374070506106224, 1.0947038549306383, 2.1731709872902316, 2.885702309663975, 3.552286555164153, 4.26128117589065, 5.259032804613411, 6.470665565457698, 7.421662025449555, 6.8830743349175005, 2.7930703750532317, 3.038580000592382, 3.7729560466562555, 4.524074679976006, 4.219512487243047, 3.0586399771793995, 2.4615486446544175, 2.493482907501072, 1.7663942510096662, 0.0, 3.065064118415796, 2.50466890426659, 3.1682697233663677, 4.126556875895448, 4.4277461399678275, 4.391968099838613, 4.764744532501192, 7.290652362443296, 8.356030010716813, 3.8346386153065324, 2.27409510355218, 5.32899967442296, 4.600454006943228], [2.7167134206610752, 2.149444584072825, 1.0986435318154837, 2.174938852014005, 2.760206930648498, 2.71059222126826, 4.042757609602633, 4.952538437003796, 6.149179721718987, 5.018119054984646, 3.510701674879254, 3.930050138357016, 5.236694054458404, 5.888864544205445, 5.980060402704976, 2.521916600524292, 3.724096354822201, 3.0730700545220246, 2.5147612491049722, 3.065064118415796, 0.0, 1.7523835339331397, 3.1798037062057776, 2.5268738235218633, 3.7528257740001734, 3.053218285678245, 2.469056161775183, 6.351738853259004, 6.973452290652027, 4.3406594406840995, 3.8460514986151706, 6.8841677899365585, 5.567564474705255], [2.7226732268122076, 2.1480792001227518, 1.098280956768349, 2.18179070031935, 3.4921132928357292, 2.6741907000062652, 4.0222363779370305, 4.905804148149414, 6.111958741680117, 4.946070620199432, 2.853191371079059, 2.6381345644223684, 3.8788399618958245, 4.29549766499762, 4.821024583011375, 3.0857892005125693, 3.7271713255497123, 2.526778116495392, 3.064845987973947, 2.50466890426659, 1.7523835339331397, 0.0, 3.863849696869691, 3.749375720036604, 4.342140951189862, 2.435442881695237, 2.9905540790963805, 6.311940477380945, 6.910096599903651, 3.823936080794238, 3.293331677799854, 5.289069491886073, 3.88728343576848], [4.261439256870852, 2.8672792975223045, 2.848379830710785, 2.1962163873352734, 1.0947045857216458, 3.492834301824236, 3.9127549424925654, 5.211544364197622, 5.868016358191241, 5.948473331872641, 2.7472599949768135, 4.0696797097560395, 4.984933043682733, 6.175427054868352, 5.0582908605575465, 4.489007902643968, 4.710139183718461, 5.0102193734406475, 2.258286565075389, 3.1682697233663677, 3.1798037062057776, 3.863849696869691, 0.0, 1.7704072102202928, 1.7589935645135262, 4.347946599258091, 3.7755569575891714, 5.5565706285441925, 6.861352920525222, 3.104564785924108, 2.505397832680471, 7.002161646948748, 6.371748823517763], [4.584362783419304, 3.450457856574979, 2.7678276698522977, 2.188641745466809, 1.0955905895908378, 2.784867011187428, 3.314218757113055, 4.377283085430961, 5.184948999749177, 4.9103757788992075, 3.4740068062685197, 4.6121744817385215, 5.780579592047843, 6.822314186549899, 6.111113396100583, 4.4488774516725, 5.294061656233331, 5.253558968927635, 3.0412005162435443, 4.126556875895448, 2.5268738235218633, 3.749375720036604, 1.7704072102202928, 0.0, 1.7687763708281496, 3.7874873174705153, 2.56410896999328, 5.123499025080418, 6.095430804299233, 3.7734362933538446, 3.7345502607409102, 7.745270435562596, 6.793364325575363], [5.5791665416977825, 4.164518931401321, 3.5124546203474285, 2.1949215339050276, 1.095726010460644, 2.763717912522911, 2.5818923757585246, 3.7937098544828123, 4.248713595901705, 4.70205379594917, 2.766024193675825, 4.105450555054828, 5.021432744745268, 6.216618736097622, 5.0873368307986055, 5.734891464535314, 6.214803257545648, 6.1482469509609, 3.8340856602324362, 4.4277461399678275, 3.7528257740001734, 4.342140951189862, 1.7589935645135262, 1.7687763708281496, 0.0, 3.780114404353392, 3.09085281111864, 3.892718652818362, 5.233691441038534, 2.568205262435228, 3.0761399350484693, 7.028966875010864, 6.396356677828402], [5.085517280474033, 4.167954666260179, 2.727397185963203, 2.1905841161662796, 3.4828034943131665, 1.0974073491643839, 2.0722157489026087, 2.592621655776253, 3.834852634717532, 2.616675258796933, 2.7932599646291427, 2.6406617901579144, 3.8365533672816285, 4.295439837781458, 4.7297343773197245, 5.292720071947883, 6.079342173294739, 4.956770063256919, 4.765018381916276, 4.391968099838613, 3.053218285678245, 2.435442881695237, 4.347946599258091, 3.7874873174705153, 3.780114404353392, 0.0, 1.781235641345636, 4.211851891982908, 4.544112213623251, 3.1162288298518774, 3.8120471101496114, 5.243974433576121, 3.9009342163128053], [5.0938158466909655, 4.187714072140074, 2.7232992747768283, 2.1840913625578944, 2.753535463726589, 1.0978091728529142, 2.0676444423546325, 2.614206694199982, 3.852166398275131, 2.658308672821875, 3.4888739874062518, 3.9533341573917076, 5.236512705035671, 5.913878954628679, 5.946298382187022, 4.983851949045036, 6.097870732477034, 5.264267786691706, 4.453419076395124, 4.764744532501192, 2.469056161775183, 2.9905540790963805, 3.7755569575891714, 2.56410896999328, 3.09085281111864, 1.781235641345636, 0.0, 4.2488371550343045, 4.593352527294198, 3.7580182663206947, 4.3363980190937275, 6.878322714877515, 5.592112159998224], [8.559426619230987, 7.2281790417780885, 6.075033225423545, 4.624706348515547, 4.701889954050393, 3.7747735044635466, 2.3440904142118755, 2.0471548182782855, 1.0079110923092374, 3.1545151529197004, 4.632569329216779, 5.195070441293362, 5.715458027140082, 6.533630874177083, 5.8124455266264645, 8.765184258188757, 9.385688133536082, 8.741128070220686, 7.317450912715438, 7.290652362443296, 6.351738853259004, 6.311940477380945, 5.5565706285441925, 5.123499025080418, 3.892718652818362, 4.211851891982908, 4.2488371550343045, 0.0, 1.7528298063417338, 3.7880489859556996, 5.488915503995302, 7.1231720420048825, 6.652542915306898], [9.368893093637048, 8.193472105890152, 6.851322726306213, 5.600541327407557, 5.880270799036385, 4.359841692080115, 3.1472609520025503, 2.038977135722713, 1.0084055731698434, 2.5180196901533556, 5.820392033188142, 6.107379045056889, 6.698081638051301, 7.256897133761784, 7.013821743528987, 9.470214036123998, 10.300191925881771, 9.425926751784145, 8.40407193389014, 8.356030010716813, 6.973452290652027, 6.910096599903651, 6.861352920525222, 6.095430804299233, 5.233691441038534, 4.544112213623251, 4.593352527294198, 1.7528298063417338, 0.0, 5.143213296179733, 6.803733447159729, 7.849074455628511, 7.172315696481855], [5.585752755896022, 4.143566345553067, 3.5253452384128283, 2.18790547556333, 2.759480150318172, 2.7534190618211385, 2.553660719437882, 3.7501925617226646, 4.192807576075964, 4.6603659995755695, 1.0973928877115982, 2.072405512924534, 2.6005245047874475, 3.841030122245854, 2.6299258164442585, 6.1405707780303285, 6.204521153159202, 5.789351571635636, 4.342418457495776, 3.8346386153065324, 4.3406594406840995, 3.823936080794238, 3.104564785924108, 3.7734362933538446, 2.568205262435228, 3.1162288298518774, 3.7580182663206947, 3.7880489859556996, 5.143213296179733, 0.0, 1.7716919850809283, 4.553840789926675, 4.216066541220619], [4.266383754422473, 2.827788685527969, 2.8653827248728923, 2.186873782366052, 2.7204243216821897, 3.4936348492651605, 3.900722725342061, 5.191091393917082, 5.836306991582949, 5.930695087424408, 1.0968677860161635, 2.0717718938145677, 2.607076809378657, 3.8490909589148448, 2.641086861502287, 4.9850668170045624, 4.688833719593818, 4.5747771016739165, 3.010455063607494, 2.27409510355218, 3.8460514986151706, 3.293331677799854, 2.505397832680471, 3.7345502607409102, 3.0761399350484693, 3.8120471101496114, 4.3363980190937275, 5.488915503995302, 6.803733447159729, 1.7716919850809283, 0.0, 4.586186591276024, 4.250232032489521], [6.8946384597018575, 6.135265068438364, 5.8721686326262805, 5.588730414861679, 6.850319506417201, 5.867863272946976, 6.115713905179018, 6.729767527188439, 7.2501532818279095, 7.090588712511818, 4.35986438894606, 3.147337606612929, 2.0392579385649086, 1.008416887998213, 2.518327774536111, 7.792582720767229, 7.330289318983255, 6.411258612784232, 6.921718675300232, 5.32899967442296, 6.8841677899365585, 5.289069491886073, 7.002161646948748, 7.745270435562596, 7.028966875010864, 5.243974433576121, 6.878322714877515, 7.1231720420048825, 7.849074455628511, 4.553840789926675, 4.586186591276024, 0.0, 1.753039161000119], [5.80557434281915, 5.178517882560607, 4.663206297173652, 4.610544563281001, 6.060233845323133, 4.69750805959926, 5.232998837186953, 5.785163196488065, 6.572959948911905, 5.9267511074787, 3.7745322504914434, 2.3440366827334422, 2.0473527639368845, 1.0077894422943712, 3.154759540757425, 6.579151075936774, 6.427794512894761, 5.215131835342229, 6.096299548086527, 4.600454006943228, 5.567564474705255, 3.88728343576848, 6.371748823517763, 6.793364325575363, 6.396356677828402, 3.9009342163128053, 5.592112159998224, 6.652542915306898, 7.172315696481855, 4.216066541220619, 4.250232032489521, 1.753039161000119, 0.0]]}