{"total energy": -60.37587787, "HOMO-LUMO gap/eV": 2.37716965, "electronic energy": -61.04924615, "dipole": [0.72644958, -1.51064758, -1.34025811], "partial charges": [-0.11326984, 0.09330178, -0.27886889, 0.51480431, -0.42018229, -0.25994145, 0.09209997, -0.11372505, -0.24620362, 0.25180929, -0.08326117, 0.12287389, -0.12042715, -0.26499538, 0.18885299, -0.26723196, -0.01426012, -0.10248576, -0.10037449, 0.05485994, 0.05733706, 0.05919162, 0.04056506, 0.05316506, 0.05337057, 0.04540481, 0.05813411, 0.05987244, 0.05608227, 0.0584592, 0.07214275, 0.06361752, 0.06288678, 0.0560801, 0.03792619, 0.05852691, 0.0450268, 0.05126655, 0.03327626, 0.04429292], "atomic dipole moments": [[0.05688907, 0.1053905, 0.08868315], [0.10574075, -0.18626165, 0.18067345], [0.0240953, 0.1728624, -0.06105662], [0.11091324, -0.18315957, -0.15399348], [0.23410498, -0.40159935, -0.22720932], [-0.17663294, 0.04235539, 0.04072185], [0.21149108, 0.0625604, -0.18403219], [-0.06546509, 0.12821787, -0.04572754], [0.02671219, 0.02049985, 0.14313508], [-0.26209577, -0.06977812, -0.02098663], [-0.03702963, -0.00640717, 0.02893885], [0.01726824, 0.00606949, 0.01151688], [-0.08855283, -0.01753253, 0.04735253], [-0.24679063, -0.07002532, -0.10078743], [-0.03535632, -0.01066486, -0.0328593], [0.17855814, 0.02662815, -0.19518801], [-0.10545997, -0.02150223, -0.02854683], [0.07458065, -0.09775823, -0.04575569], [0.03621361, 0.09953588, -0.068664], [-0.053214, 0.05919758, -0.1009105], [0.08668214, -0.08436477, -0.04177758], [-0.08825485, -0.07359522, 0.05724175], [0.09293938, 0.06150909, -0.05021491], [-0.08541947, 0.07248481, 0.04792872], [-0.00986471, 0.08166766, 0.08926933], [-0.10368361, -0.01653613, -0.0630787], [0.02302535, -0.08257085, -0.09521455], [0.11551824, 0.0173502, 0.05334456], [-0.07803039, -0.05524246, 0.08566193], [-0.02611334, -0.02192072, -0.15262624], [0.10919451, 0.03395684, 0.06554617], [-0.02481722, 0.09951009, -0.08540226], [0.02862397, -0.11322765, -0.06399581], [0.12059978, 0.02289336, 0.01910921], [0.02854928, 0.10661897, -0.06499874], [-0.13030063, -0.0122125, -0.00783268], [0.02451334, 0.02494999, 0.12032344], [-0.12527345, -0.03339413, -0.00454532], [0.06392581, -0.10187173, -0.04082504], [0.02745724, 0.01218674, 0.12139532]], "atomic quadrupole moments": [[-0.07501767, 0.10887796, 0.03622802, 0.11967347, 0.17484923, 0.03878965], [-0.19598167, -0.07670193, -0.03204132, 0.35455331, -0.17749299, 0.22802299], [-0.04254885, -0.00605245, -0.00166969, 0.11568789, -0.04798925, 0.04421855], [0.44940732, 0.53635513, -0.73174201, 0.06682611, -0.86211282, 0.28233468], [-0.19130743, -0.33254441, 0.31982048, -0.19606561, 0.40089482, -0.12851305], [0.00642789, 0.00336344, -0.01143994, -0.07236618, -0.09822598, 0.00501204], [-0.00244956, 0.09218247, -0.01315187, -0.31443901, -0.32437091, 0.01560143], [-0.08453297, -0.13554737, 0.17424519, 0.0477249, -0.1342124, -0.08971221], [0.08465302, 0.04183057, -0.0751099, -0.0202188, 0.01234015, -0.00954312], [0.11374076, -0.03179237, 0.32140092, 0.24404228, -0.01250772, -0.43514168], [-0.12829918, -0.14110746, 0.38228316, -0.03361138, -0.07728486, -0.25398398], [-0.22996494, -0.19336781, 0.44554707, -0.10324617, -0.09606063, -0.21558213], [0.07674045, 0.03617666, -0.12438905, -0.15943882, -0.02157201, 0.04764861], [-0.13955378, -0.10272319, 0.24755879, -0.00108653, -0.03758569, -0.10800501], [-0.29283248, -0.1984226, 0.48573216, 0.08038778, -0.05190917, -0.19289968], [-0.13788471, -0.09641731, 0.2345456, 0.03191629, -0.02659007, -0.09666089], [-0.17518954, -0.04558438, 0.0741836, -0.04873702, -0.00954532, 0.10100593], [-0.04177222, -0.15618445, 0.11741914, -0.06921253, 0.09513522, -0.07564692], [-0.11233355, 0.06380782, 0.13121148, -0.04904263, -0.15235619, -0.01887792], [-0.0289394, -0.0242729, -0.00198319, 0.04457056, -0.04844793, 0.03092259], [0.03692872, -0.04621315, 3.756e-05, -0.02716334, 0.02918778, -0.03696628], [0.01560797, 0.04426441, -0.01104094, -0.0501785, -0.01988385, -0.00456703], [0.01202057, 0.02150476, -0.02689443, 0.00103215, -0.02485532, 0.01487386], [0.01119546, -0.03644221, -0.01596051, -0.00152106, 0.01063206, 0.00476505], [-0.03556423, 0.00893475, 0.01024798, -0.01698381, 0.01679648, 0.02531625], [0.0162448, 0.02693244, -0.01684851, 0.01579109, -0.01935894, 0.00060371], [-0.04258981, -0.01476287, 0.00207184, 0.00032401, 0.0558633, 0.04051797], [0.04633722, 0.02218074, -0.02118342, 0.05122922, 0.01674996, -0.0251538], [0.01325023, 0.02606808, -0.02183861, -0.05879791, -0.03697614, 0.00858838], [0.01795087, 0.01841956, -0.04864541, 0.00313085, 0.00913501, 0.03069454], [0.03854, 0.02739155, -0.04292383, 0.04731518, 0.01747383, 0.00438383], [-0.01702948, -0.02250992, 0.01150029, 0.02276525, -0.06268178, 0.00552919], [-0.0287614, -0.00442646, 0.04753356, -0.01033888, 0.0582654, -0.01877216], [0.03297663, 0.00951506, -0.01493532, 0.00528269, -6.373e-05, -0.01804131], [-0.03013317, 0.02108285, 0.03240916, -0.03003113, -0.05189335, -0.00227599], [0.06737187, 0.02739432, -0.02453427, 0.01416148, 0.01031914, -0.0428376], [-0.03248702, -0.00955285, -0.03987564, 0.03530842, 0.01296425, 0.07236266], [0.07465298, 0.01204013, -0.03490153, 0.0182238, -0.00658085, -0.03975145], [-0.00690836, -0.0473287, 0.02794591, -0.03693071, 0.03051437, -0.02103755], [-0.04165054, 0.01694692, -0.02828436, 0.03090724, 0.02321339, 0.0699349]], "number of molecular orbitals": 107, "number of electrons": 108, "number of unpaired electrons": 0, "orbital energies/eV": [-20.5982921, -20.09992086, -19.74067393, -19.05089636, -18.69944222, -18.32426616, -18.04702358, -17.93910019, -17.78949929, -17.42568602, -17.17591562, -17.02833084, -16.75408287, -16.57735128, -16.47729495, -16.30609487, -16.04017262, -16.01664916, -15.90702824, -15.72687565, -15.49024664, -15.30865448, -15.24850291, -14.99251235, -14.82676848, -14.74716436, -14.52708074, -14.37254764, -14.14609581, -13.86642223, -13.70478716, -13.58188866, -13.51218912, -13.44827175, -13.26230391, -13.17736145, -13.12045005, -13.02125145, -12.97274317, -12.92634343, -12.80605662, -12.51361713, -12.48018423, -12.21285278, -12.15670178, -12.05786759, -11.9918929, -11.89873326, -11.65227754, -11.62425396, -11.20221378, -10.39153064, -9.75441603, -9.69127254, -7.31410289, -7.03748019, -4.56598691, -3.88312495, -3.5310504, -3.38150623, -1.34565325, 0.54031159, 0.61933065, 1.04609417, 1.08034699, 1.55190326, 2.40860448, 2.71864949, 2.79245671, 2.94064023, 3.24968291, 3.29636436, 3.41909831, 3.4793228, 3.55102118, 3.69683696, 3.71590967, 3.82604538, 3.98934437, 4.3264664, 4.36192544, 4.45565621, 4.54050284, 4.61567445, 5.12513517, 5.29952538, 5.52814393, 5.7339532, 5.96434893, 6.25123279, 6.34973496, 6.41701224, 6.56117755, 6.69389388, 6.8263888, 6.93181193, 7.11420574, 7.81955397, 10.93714181, 10.98460174, 11.18361253, 12.20496608, 14.83995819, 16.2245099, 27.79515507, 28.61774182, 33.3709032], "fractional occupation": [2.0, 2.0, 2.0, 2.0, 2.0, 2.0, 2.0, 2.0, 2.0, 2.0, 2.0, 2.0, 2.0, 2.0, 2.0, 2.0, 2.0, 2.0, 2.0, 2.0, 2.0, 2.0, 2.0, 2.0, 2.0, 2.0, 2.0, 2.0, 2.0, 2.0, 2.0, 2.0, 2.0, 2.0, 2.0, 2.0, 2.0, 2.0, 2.0, 2.0, 2.0, 2.0, 2.0, 2.0, 2.0, 2.0, 2.0, 2.0, 2.0, 2.0, 2.0, 2.0, 2.0, 2.0, 0.0, 0.0, 0.0, 0.0, 0.0, 0.0, 0.0, 0.0, 0.0, 0.0, 0.0, 0.0, 0.0, 0.0, 0.0, 0.0, 0.0, 0.0, 0.0, 0.0, 0.0, 0.0, 0.0, 0.0, 0.0, 0.0, 0.0, 0.0, 0.0, 0.0, 0.0, 0.0, 0.0, 0.0, 0.0, 0.0, 0.0, 0.0, 0.0, 0.0, 0.0, 0.0, 0.0, 0.0, 0.0, 0.0, 0.0, 0.0, 0.0, 0.0, 0.0, 0.0, 0.0], "program call": "xtb /home/svss/Project-DBcg-Debug/aqme2_20220329/End-to-End-workflows-final/example-3/QDESCP/mol_19_rdkit_conf_1/mol_19_rdkit_conf_1.xyz --pop --wbo --acc 0.2 --gfn 2 --chrg 0 --uhf 0 --etemp 300 --input /home/svss/Project-DBcg-Debug/aqme2_20220329/End-to-End-workflows-final/example-3/QDESCP/mol_19_rdkit_conf_1/mol_19_rdkit_conf_1_xtb.inp", "method": "GFN2-xTB", "xtb version": "6.3.3 (7355c4f)", "Dipole module/D": 5.455, "Total charge": 0, "Transition dipole module/D": NaN, "HOMO": -9.6913, "LUMO": -7.3141, "HOMO occupancy": 2.0, "LUMO occupancy": 0, "mulliken charges": [-0.09592, 0.2091, -0.36736, 0.44908, -0.20645, -0.35077, 0.21052, -0.09557, -0.33015, 0.41826, -0.11259, 0.1998, -0.09777, -0.37782, 0.31184, -0.35903, -0.00831, -0.08319, -0.08309, 0.03041, 0.04331, 0.04079, 0.03149, 0.02414, 0.02496, 0.03345, 0.04365, 0.04115, 0.03041, 0.05701, 0.04858, 0.04386, 0.04463, 0.03118, 0.03255, 0.03924, 0.02966, 0.03821, 0.03235, 0.0284], "cm5 charges": [-0.24236, 0.1313, -0.4288, 0.41519, -0.17564, -0.40955, 0.13295, -0.24203, -0.36768, 0.52245, -0.14942, 0.2615, -0.23525, -0.55619, 0.45262, -0.53778, -0.06499, -0.22821, -0.22799, 0.08164, 0.09668, 0.09411, 0.09901, 0.08851, 0.08966, 0.10058, 0.09703, 0.09453, 0.08163, 0.11777, 0.10396, 0.09634, 0.09711, 0.09432, 0.08495, 0.09336, 0.08116, 0.09288, 0.0848, 0.07988], "FUKUI+": [0.006, 0.006, -0.011, -0.058, -0.068, 0.011, 0.007, 0.006, -0.026, -0.063, -0.028, -0.082, 0.029, -0.103, -0.038, -0.111, 0.001, 0.014, 0.015, -0.015, -0.005, -0.013, 0.002, -0.012, -0.007, -0.014, -0.009, -0.001, -0.019, -0.08, -0.049, -0.059, -0.059, -0.034, -0.015, -0.014, -0.038, -0.014, -0.015, -0.037], "FUKUI-": [0.008, 0.012, -0.008, -0.125, -0.343, 0.002, 0.012, 0.008, -0.006, 0.002, -0.016, -0.014, 0.01, -0.103, -0.005, -0.058, 0.002, 0.009, 0.01, -0.023, -0.014, -0.016, -0.009, -0.007, -0.004, -0.014, -0.015, -0.01, -0.024, -0.043, -0.027, -0.035, -0.037, -0.028, -0.014, 0.002, -0.029, -0.004, -0.017, -0.028], "FUKUIrad": [0.007, 0.009, -0.01, -0.092, -0.206, 0.006, 0.009, 0.007, -0.016, -0.031, -0.022, -0.048, 0.02, -0.103, -0.022, -0.085, 0.001, 0.011, 0.012, -0.019, -0.01, -0.014, -0.003, -0.009, -0.006, -0.014, -0.012, -0.005, -0.021, -0.062, -0.038, -0.047, -0.048, -0.031, -0.015, -0.006, -0.033, -0.009, -0.016, -0.032], "s proportion": [1.012, 0.992, 1.65, 1.437, 1.89, 1.645, 0.992, 1.012, 1.644, 0.99, 1.056, 1.058, 1.011, 1.554, 1.037, 1.543, 1.052, 1.012, 1.012, 0.97, 0.957, 0.959, 0.969, 0.976, 0.975, 0.967, 0.956, 0.959, 0.97, 0.943, 0.951, 0.956, 0.955, 0.969, 0.967, 0.961, 0.97, 0.962, 0.968, 0.972], "p proportion": [3.084, 2.799, 4.718, 1.924, 4.332, 4.706, 2.797, 3.084, 4.686, 2.592, 3.057, 2.742, 3.087, 3.824, 2.651, 3.816, 2.957, 3.071, 3.071, 0.0, 0.0, 0.0, 0.0, 0.0, 0.0, 0.0, 0.0, 0.0, 0.0, 0.0, 0.0, 0.0, 0.0, 0.0, 0.0, 0.0, 0.0, 0.0, 0.0, 0.0], "d proportion": [0.0, 0.0, 0.0, 1.189, -0.015, 0.0, 0.0, 0.0, 0.0, 0.0, 0.0, 0.0, 0.0, 0.0, 0.0, 0.0, 0.0, 0.0, 0.0, 0.0, 0.0, 0.0, 0.0, 0.0, 0.0, 0.0, 0.0, 0.0, 0.0, 0.0, 0.0, 0.0, 0.0, 0.0, 0.0, 0.0, 0.0, 0.0, 0.0, 0.0], "Fermi-level/eV": -8.5027, "Coordination numbers": [3.749, 3.91, 1.658, 4.106, 0.924, 1.658, 3.92, 3.749, 1.663, 3.106, 2.906, 2.96, 3.757, 1.837, 2.927, 1.855, 3.855, 3.753, 3.753, 0.924, 0.924, 0.924, 0.924, 0.924, 0.924, 0.924, 0.924, 0.924, 0.924, 0.926, 0.924, 0.924, 0.924, 0.924, 0.924, 0.924, 0.924, 0.924, 0.924, 0.924], "Dispersion coefficient C6": [22.734, 18.986, 18.644, 139.347, 157.576, 18.323, 19.002, 22.742, 18.093, 22.672, 30.083, 25.301, 22.861, 27.734, 23.974, 27.793, 20.793, 22.516, 22.476, 2.26, 2.231, 2.209, 2.441, 2.281, 2.278, 2.378, 2.221, 2.201, 2.246, 2.217, 2.062, 2.157, 2.166, 2.246, 2.477, 2.216, 2.383, 2.304, 2.541, 2.393], "Total dispersion C6": 18553.283327, "Total dispersion C8": 487550.650026, "Polarizability alpha": [6.8, 6.193, 5.829, 21.205, 21.232, 5.779, 6.195, 6.802, 5.742, 7.802, 8.994, 8.25, 6.817, 7.804, 8.03, 7.814, 6.485, 6.767, 6.761, 2.351, 2.336, 2.324, 2.444, 2.362, 2.36, 2.412, 2.331, 2.32, 2.343, 2.328, 2.246, 2.297, 2.301, 2.343, 2.461, 2.328, 2.414, 2.374, 2.493, 2.419], "Total polarizability alpha": 210.887237, "Wiberg matrix": [[0.0, 1.0162138929122648, 0.0, 0.0, 0.0, 0.0, 0.0, 0.0, 0.0, 0.0, 0.0, 0.0, 0.0, 0.0, 0.0, 0.0, 0.0, 0.0, 0.0, 0.9823921383303389, 0.9849619828450695, 0.9844314906634959, 0.0, 0.0, 0.0, 0.0, 0.0, 0.0, 0.0, 0.0, 0.0, 0.0, 0.0, 0.0, 0.0, 0.0, 0.0, 0.0, 0.0, 0.0], [1.0162138929122648, 0.0, 0.9257775828116431, 0.0, 0.0, 0.0, 0.0, 0.0, 0.0, 0.0, 0.0, 0.0, 0.0, 0.0, 0.0, 0.0, 0.0, 0.0, 0.0, 0.0, 0.0, 0.0, 0.9703782130650119, 0.9704820360534653, 0.0, 0.0, 0.0, 0.0, 0.0, 0.0, 0.0, 0.0, 0.0, 0.0, 0.0, 0.0, 0.0, 0.0, 0.0, 0.0], [0.0, 0.9257775828116431, 0.0, 1.2141803848792552, 0.0, 0.0, 0.0, 0.0, 0.0, 0.0, 0.0, 0.0, 0.0, 0.0, 0.0, 0.0, 0.0, 0.0, 0.0, 0.0, 0.0, 0.0, 0.0, 0.0, 0.0, 0.0, 0.0, 0.0, 0.0, 0.0, 0.0, 0.0, 0.0, 0.0, 0.0, 0.0, 0.0, 0.0, 0.0, 0.0], [0.0, 0.0, 1.2141803848792552, 0.0, 1.5571223521846012, 1.2331150960582657, 0.0, 0.0, 1.1612416926914735, 0.0, 0.0, 0.0, 0.0, 0.0, 0.0, 0.0, 0.0, 0.0, 0.0, 0.0, 0.0, 0.0, 0.0, 0.0, 0.0, 0.0, 0.0, 0.0, 0.0, 0.0, 0.0, 0.0, 0.0, 0.0, 0.0, 0.0, 0.0, 0.0, 0.0, 0.0], [0.0, 0.0, 0.0, 1.5571223521846012, 0.0, 0.0, 0.0, 0.0, 0.0, 0.0, 0.0, 0.0, 0.0, 0.0, 0.0, 0.0, 0.0, 0.0, 0.0, 0.0, 0.0, 0.0, 0.0, 0.0, 0.0, 0.0, 0.0, 0.0, 0.0, 0.0, 0.0, 0.0, 0.0, 0.0, 0.0, 0.0, 0.0, 0.0, 0.0, 0.0], [0.0, 0.0, 0.0, 1.2331150960582657, 0.0, 0.0, 0.9232931040436766, 0.0, 0.0, 0.0, 0.0, 0.0, 0.0, 0.0, 0.0, 0.0, 0.0, 0.0, 0.0, 0.0, 0.0, 0.0, 0.0, 0.0, 0.0, 0.0, 0.0, 0.0, 0.0, 0.0, 0.0, 0.0, 0.0, 0.0, 0.0, 0.0, 0.0, 0.0, 0.0, 0.0], [0.0, 0.0, 0.0, 0.0, 0.0, 0.9232931040436766, 0.0, 1.0156326949817513, 0.0, 0.0, 0.0, 0.0, 0.0, 0.0, 0.0, 0.0, 0.0, 0.0, 0.0, 0.0, 0.0, 0.0, 0.0, 0.0, 0.9698793620398276, 0.9712370360546245, 0.0, 0.0, 0.0, 0.0, 0.0, 0.0, 0.0, 0.0, 0.0, 0.0, 0.0, 0.0, 0.0, 0.0], [0.0, 0.0, 0.0, 0.0, 0.0, 0.0, 1.0156326949817513, 0.0, 0.0, 0.0, 0.0, 0.0, 0.0, 0.0, 0.0, 0.0, 0.0, 0.0, 0.0, 0.0, 0.0, 0.0, 0.0, 0.0, 0.0, 0.0, 0.9848636233536436, 0.9842928353750351, 0.9820479683713232, 0.0, 0.0, 0.0, 0.0, 0.0, 0.0, 0.0, 0.0, 0.0, 0.0, 0.0], [0.0, 0.0, 0.0, 1.1612416926914735, 0.0, 0.0, 0.0, 0.0, 0.0, 0.9977935257507939, 0.0, 0.0, 0.0, 0.0, 0.0, 0.0, 0.0, 0.0, 0.0, 0.0, 0.0, 0.0, 0.0, 0.0, 0.0, 0.0, 0.0, 0.0, 0.0, 0.0, 0.0, 0.0, 0.0, 0.0, 0.0, 0.0, 0.0, 0.0, 0.0, 0.0], [0.0, 0.0, 0.0, 0.0, 0.0, 0.0, 0.0, 0.0, 0.9977935257507939, 0.0, 1.3765057286740519, 0.0, 0.0, 0.0, 0.0, 1.3784143714511876, 0.0, 0.0, 0.0, 0.0, 0.0, 0.0, 0.0, 0.0, 0.0, 0.0, 0.0, 0.0, 0.0, 0.0, 0.0, 0.0, 0.0, 0.0, 0.0, 0.0, 0.0, 0.0, 0.0, 0.0], [0.0, 0.0, 0.0, 0.0, 0.0, 0.0, 0.0, 0.0, 0.0, 1.3765057286740519, 0.0, 1.4067623580664306, 0.0, 0.0, 0.10011951656769974, 0.0, 0.0, 0.0, 0.0, 0.0, 0.0, 0.0, 0.0, 0.0, 0.0, 0.0, 0.0, 0.0, 0.0, 0.9630459164166578, 0.0, 0.0, 0.0, 0.0, 0.0, 0.0, 0.0, 0.0, 0.0, 0.0], [0.0, 0.0, 0.0, 0.0, 0.0, 0.0, 0.0, 0.0, 0.0, 0.0, 1.4067623580664306, 0.0, 1.0276034327136705, 1.3861690486034484, 0.0, 0.0, 0.0, 0.0, 0.0, 0.0, 0.0, 0.0, 0.0, 0.0, 0.0, 0.0, 0.0, 0.0, 0.0, 0.0, 0.0, 0.0, 0.0, 0.0, 0.0, 0.0, 0.0, 0.0, 0.0, 0.0], [0.0, 0.0, 0.0, 0.0, 0.0, 0.0, 0.0, 0.0, 0.0, 0.0, 0.0, 1.0276034327136705, 0.0, 0.0, 0.0, 0.0, 0.0, 0.0, 0.0, 0.0, 0.0, 0.0, 0.0, 0.0, 0.0, 0.0, 0.0, 0.0, 0.0, 0.0, 0.9829005721562462, 0.9653166111264262, 0.965376838641691, 0.0, 0.0, 0.0, 0.0, 0.0, 0.0, 0.0], [0.0, 0.0, 0.0, 0.0, 0.0, 0.0, 0.0, 0.0, 0.0, 0.0, 0.0, 1.3861690486034484, 0.0, 0.0, 1.4028525227150195, 0.0, 0.0, 0.0, 0.0, 0.0, 0.0, 0.0, 0.0, 0.0, 0.0, 0.0, 0.0, 0.0, 0.0, 0.0, 0.0, 0.0, 0.0, 0.0, 0.0, 0.0, 0.0, 0.0, 0.0, 0.0], [0.0, 0.0, 0.0, 0.0, 0.0, 0.0, 0.0, 0.0, 0.0, 0.0, 0.10011951656769974, 0.0, 0.0, 1.4028525227150195, 0.0, 1.3771841301215124, 0.9959150160561128, 0.0, 0.0, 0.0, 0.0, 0.0, 0.0, 0.0, 0.0, 0.0, 0.0, 0.0, 0.0, 0.0, 0.0, 0.0, 0.0, 0.0, 0.0, 0.0, 0.0, 0.0, 0.0, 0.0], [0.0, 0.0, 0.0, 0.0, 0.0, 0.0, 0.0, 0.0, 0.0, 1.3784143714511876, 0.0, 0.0, 0.0, 0.0, 1.3771841301215124, 0.0, 0.0, 0.0, 0.0, 0.0, 0.0, 0.0, 0.0, 0.0, 0.0, 0.0, 0.0, 0.0, 0.0, 0.0, 0.0, 0.0, 0.0, 0.0, 0.0, 0.0, 0.0, 0.0, 0.0, 0.0], [0.0, 0.0, 0.0, 0.0, 0.0, 0.0, 0.0, 0.0, 0.0, 0.0, 0.0, 0.0, 0.0, 0.0, 0.9959150160561128, 0.0, 0.0, 0.9890599095403715, 0.9929091486315852, 0.0, 0.0, 0.0, 0.0, 0.0, 0.0, 0.0, 0.0, 0.0, 0.0, 0.0, 0.0, 0.0, 0.0, 0.965599657052794, 0.0, 0.0, 0.0, 0.0, 0.0, 0.0], [0.0, 0.0, 0.0, 0.0, 0.0, 0.0, 0.0, 0.0, 0.0, 0.0, 0.0, 0.0, 0.0, 0.0, 0.0, 0.0, 0.9890599095403715, 0.0, 0.0, 0.0, 0.0, 0.0, 0.0, 0.0, 0.0, 0.0, 0.0, 0.0, 0.0, 0.0, 0.0, 0.0, 0.0, 0.0, 0.98682086380797, 0.9843670170064668, 0.983433644204988, 0.0, 0.0, 0.0], [0.0, 0.0, 0.0, 0.0, 0.0, 0.0, 0.0, 0.0, 0.0, 0.0, 0.0, 0.0, 0.0, 0.0, 0.0, 0.0, 0.9929091486315852, 0.0, 0.0, 0.0, 0.0, 0.0, 0.0, 0.0, 0.0, 0.0, 0.0, 0.0, 0.0, 0.0, 0.0, 0.0, 0.0, 0.0, 0.0, 0.0, 0.0, 0.9849943732617441, 0.9874465577047717, 0.984290468474442], [0.9823921383303389, 0.0, 0.0, 0.0, 0.0, 0.0, 0.0, 0.0, 0.0, 0.0, 0.0, 0.0, 0.0, 0.0, 0.0, 0.0, 0.0, 0.0, 0.0, 0.0, 0.0, 0.0, 0.0, 0.0, 0.0, 0.0, 0.0, 0.0, 0.0, 0.0, 0.0, 0.0, 0.0, 0.0, 0.0, 0.0, 0.0, 0.0, 0.0, 0.0], [0.9849619828450695, 0.0, 0.0, 0.0, 0.0, 0.0, 0.0, 0.0, 0.0, 0.0, 0.0, 0.0, 0.0, 0.0, 0.0, 0.0, 0.0, 0.0, 0.0, 0.0, 0.0, 0.0, 0.0, 0.0, 0.0, 0.0, 0.0, 0.0, 0.0, 0.0, 0.0, 0.0, 0.0, 0.0, 0.0, 0.0, 0.0, 0.0, 0.0, 0.0], [0.9844314906634959, 0.0, 0.0, 0.0, 0.0, 0.0, 0.0, 0.0, 0.0, 0.0, 0.0, 0.0, 0.0, 0.0, 0.0, 0.0, 0.0, 0.0, 0.0, 0.0, 0.0, 0.0, 0.0, 0.0, 0.0, 0.0, 0.0, 0.0, 0.0, 0.0, 0.0, 0.0, 0.0, 0.0, 0.0, 0.0, 0.0, 0.0, 0.0, 0.0], [0.0, 0.9703782130650119, 0.0, 0.0, 0.0, 0.0, 0.0, 0.0, 0.0, 0.0, 0.0, 0.0, 0.0, 0.0, 0.0, 0.0, 0.0, 0.0, 0.0, 0.0, 0.0, 0.0, 0.0, 0.0, 0.0, 0.0, 0.0, 0.0, 0.0, 0.0, 0.0, 0.0, 0.0, 0.0, 0.0, 0.0, 0.0, 0.0, 0.0, 0.0], [0.0, 0.9704820360534653, 0.0, 0.0, 0.0, 0.0, 0.0, 0.0, 0.0, 0.0, 0.0, 0.0, 0.0, 0.0, 0.0, 0.0, 0.0, 0.0, 0.0, 0.0, 0.0, 0.0, 0.0, 0.0, 0.0, 0.0, 0.0, 0.0, 0.0, 0.0, 0.0, 0.0, 0.0, 0.0, 0.0, 0.0, 0.0, 0.0, 0.0, 0.0], [0.0, 0.0, 0.0, 0.0, 0.0, 0.0, 0.9698793620398276, 0.0, 0.0, 0.0, 0.0, 0.0, 0.0, 0.0, 0.0, 0.0, 0.0, 0.0, 0.0, 0.0, 0.0, 0.0, 0.0, 0.0, 0.0, 0.0, 0.0, 0.0, 0.0, 0.0, 0.0, 0.0, 0.0, 0.0, 0.0, 0.0, 0.0, 0.0, 0.0, 0.0], [0.0, 0.0, 0.0, 0.0, 0.0, 0.0, 0.9712370360546245, 0.0, 0.0, 0.0, 0.0, 0.0, 0.0, 0.0, 0.0, 0.0, 0.0, 0.0, 0.0, 0.0, 0.0, 0.0, 0.0, 0.0, 0.0, 0.0, 0.0, 0.0, 0.0, 0.0, 0.0, 0.0, 0.0, 0.0, 0.0, 0.0, 0.0, 0.0, 0.0, 0.0], [0.0, 0.0, 0.0, 0.0, 0.0, 0.0, 0.0, 0.9848636233536436, 0.0, 0.0, 0.0, 0.0, 0.0, 0.0, 0.0, 0.0, 0.0, 0.0, 0.0, 0.0, 0.0, 0.0, 0.0, 0.0, 0.0, 0.0, 0.0, 0.0, 0.0, 0.0, 0.0, 0.0, 0.0, 0.0, 0.0, 0.0, 0.0, 0.0, 0.0, 0.0], [0.0, 0.0, 0.0, 0.0, 0.0, 0.0, 0.0, 0.9842928353750351, 0.0, 0.0, 0.0, 0.0, 0.0, 0.0, 0.0, 0.0, 0.0, 0.0, 0.0, 0.0, 0.0, 0.0, 0.0, 0.0, 0.0, 0.0, 0.0, 0.0, 0.0, 0.0, 0.0, 0.0, 0.0, 0.0, 0.0, 0.0, 0.0, 0.0, 0.0, 0.0], [0.0, 0.0, 0.0, 0.0, 0.0, 0.0, 0.0, 0.9820479683713232, 0.0, 0.0, 0.0, 0.0, 0.0, 0.0, 0.0, 0.0, 0.0, 0.0, 0.0, 0.0, 0.0, 0.0, 0.0, 0.0, 0.0, 0.0, 0.0, 0.0, 0.0, 0.0, 0.0, 0.0, 0.0, 0.0, 0.0, 0.0, 0.0, 0.0, 0.0, 0.0], [0.0, 0.0, 0.0, 0.0, 0.0, 0.0, 0.0, 0.0, 0.0, 0.0, 0.9630459164166578, 0.0, 0.0, 0.0, 0.0, 0.0, 0.0, 0.0, 0.0, 0.0, 0.0, 0.0, 0.0, 0.0, 0.0, 0.0, 0.0, 0.0, 0.0, 0.0, 0.0, 0.0, 0.0, 0.0, 0.0, 0.0, 0.0, 0.0, 0.0, 0.0], [0.0, 0.0, 0.0, 0.0, 0.0, 0.0, 0.0, 0.0, 0.0, 0.0, 0.0, 0.0, 0.9829005721562462, 0.0, 0.0, 0.0, 0.0, 0.0, 0.0, 0.0, 0.0, 0.0, 0.0, 0.0, 0.0, 0.0, 0.0, 0.0, 0.0, 0.0, 0.0, 0.0, 0.0, 0.0, 0.0, 0.0, 0.0, 0.0, 0.0, 0.0], [0.0, 0.0, 0.0, 0.0, 0.0, 0.0, 0.0, 0.0, 0.0, 0.0, 0.0, 0.0, 0.9653166111264262, 0.0, 0.0, 0.0, 0.0, 0.0, 0.0, 0.0, 0.0, 0.0, 0.0, 0.0, 0.0, 0.0, 0.0, 0.0, 0.0, 0.0, 0.0, 0.0, 0.0, 0.0, 0.0, 0.0, 0.0, 0.0, 0.0, 0.0], [0.0, 0.0, 0.0, 0.0, 0.0, 0.0, 0.0, 0.0, 0.0, 0.0, 0.0, 0.0, 0.965376838641691, 0.0, 0.0, 0.0, 0.0, 0.0, 0.0, 0.0, 0.0, 0.0, 0.0, 0.0, 0.0, 0.0, 0.0, 0.0, 0.0, 0.0, 0.0, 0.0, 0.0, 0.0, 0.0, 0.0, 0.0, 0.0, 0.0, 0.0], [0.0, 0.0, 0.0, 0.0, 0.0, 0.0, 0.0, 0.0, 0.0, 0.0, 0.0, 0.0, 0.0, 0.0, 0.0, 0.0, 0.965599657052794, 0.0, 0.0, 0.0, 0.0, 0.0, 0.0, 0.0, 0.0, 0.0, 0.0, 0.0, 0.0, 0.0, 0.0, 0.0, 0.0, 0.0, 0.0, 0.0, 0.0, 0.0, 0.0, 0.0], [0.0, 0.0, 0.0, 0.0, 0.0, 0.0, 0.0, 0.0, 0.0, 0.0, 0.0, 0.0, 0.0, 0.0, 0.0, 0.0, 0.0, 0.98682086380797, 0.0, 0.0, 0.0, 0.0, 0.0, 0.0, 0.0, 0.0, 0.0, 0.0, 0.0, 0.0, 0.0, 0.0, 0.0, 0.0, 0.0, 0.0, 0.0, 0.0, 0.0, 0.0], [0.0, 0.0, 0.0, 0.0, 0.0, 0.0, 0.0, 0.0, 0.0, 0.0, 0.0, 0.0, 0.0, 0.0, 0.0, 0.0, 0.0, 0.9843670170064668, 0.0, 0.0, 0.0, 0.0, 0.0, 0.0, 0.0, 0.0, 0.0, 0.0, 0.0, 0.0, 0.0, 0.0, 0.0, 0.0, 0.0, 0.0, 0.0, 0.0, 0.0, 0.0], [0.0, 0.0, 0.0, 0.0, 0.0, 0.0, 0.0, 0.0, 0.0, 0.0, 0.0, 0.0, 0.0, 0.0, 0.0, 0.0, 0.0, 0.983433644204988, 0.0, 0.0, 0.0, 0.0, 0.0, 0.0, 0.0, 0.0, 0.0, 0.0, 0.0, 0.0, 0.0, 0.0, 0.0, 0.0, 0.0, 0.0, 0.0, 0.0, 0.0, 0.0], [0.0, 0.0, 0.0, 0.0, 0.0, 0.0, 0.0, 0.0, 0.0, 0.0, 0.0, 0.0, 0.0, 0.0, 0.0, 0.0, 0.0, 0.0, 0.9849943732617441, 0.0, 0.0, 0.0, 0.0, 0.0, 0.0, 0.0, 0.0, 0.0, 0.0, 0.0, 0.0, 0.0, 0.0, 0.0, 0.0, 0.0, 0.0, 0.0, 0.0, 0.0], [0.0, 0.0, 0.0, 0.0, 0.0, 0.0, 0.0, 0.0, 0.0, 0.0, 0.0, 0.0, 0.0, 0.0, 0.0, 0.0, 0.0, 0.0, 0.9874465577047717, 0.0, 0.0, 0.0, 0.0, 0.0, 0.0, 0.0, 0.0, 0.0, 0.0, 0.0, 0.0, 0.0, 0.0, 0.0, 0.0, 0.0, 0.0, 0.0, 0.0, 0.0], [0.0, 0.0, 0.0, 0.0, 0.0, 0.0, 0.0, 0.0, 0.0, 0.0, 0.0, 0.0, 0.0, 0.0, 0.0, 0.0, 0.0, 0.0, 0.984290468474442, 0.0, 0.0, 0.0, 0.0, 0.0, 0.0, 0.0, 0.0, 0.0, 0.0, 0.0, 0.0, 0.0, 0.0, 0.0, 0.0, 0.0, 0.0, 0.0, 0.0, 0.0]], "Born radii": [], "Atomic SASAs": [], "Solvent H bonds": [], "Total SASA": NaN, "Total FOD": 0.0, "FOD": [0.0, 0.0, 0.0, 0.0, 0.0, 0.0, 0.0, 0.0, 0.0, 0.0, 0.0, 0.0, 0.0, 0.0, 0.0, 0.0, 0.0, 0.0, 0.0, 0.0, 0.0, 0.0, 0.0, 0.0, 0.0, 0.0, 0.0, 0.0, 0.0, 0.0, 0.0, 0.0, 0.0, 0.0, 0.0, 0.0, 0.0, 0.0, 0.0, 0.0], "FOD s proportion": [0.0, 0.0, 0.0, 0.0, 0.0, 0.0, 0.0, 0.0, 0.0, 0.0, 0.0, 0.0, 0.0, 0.0, 0.0, 0.0, 0.0, 0.0, 0.0, 0.0, 0.0, 0.0, 0.0, 0.0, 0.0, 0.0, 0.0, 0.0, 0.0, 0.0, 0.0, 0.0, 0.0, 0.0, 0.0, 0.0, 0.0, 0.0, 0.0, 0.0], "FOD p proportion": [0.0, 0.0, 0.0, 0.0, 0.0, 0.0, 0.0, 0.0, 0.0, 0.0, 0.0, 0.0, 0.0, 0.0, 0.0, 0.0, 0.0, 0.0, 0.0, 0.0, 0.0, 0.0, 0.0, 0.0, 0.0, 0.0, 0.0, 0.0, 0.0, 0.0, 0.0, 0.0, 0.0, 0.0, 0.0, 0.0, 0.0, 0.0, 0.0, 0.0], "FOD d proportion": [0.0, 0.0, 0.0, 0.0, 0.0, 0.0, 0.0, 0.0, 0.0, 0.0, 0.0, 0.0, 0.0, 0.0, 0.0, 0.0, 0.0, 0.0, 0.0, 0.0, 0.0, 0.0, 0.0, 0.0, 0.0, 0.0, 0.0, 0.0, 0.0, 0.0, 0.0, 0.0, 0.0, 0.0, 0.0, 0.0, 0.0, 0.0, 0.0, 0.0], "coordinates": [["-4.01600", "-1.06790", "-3.44180"], ["-3.40250", "-0.08020", "-2.47060"], ["-2.84530", "-0.80290", "-1.38530"], ["-1.78260", "-0.04760", "-0.41210"], ["-2.50490", "1.51660", "0.49190"], ["-1.30730", "-1.30340", "0.49510"], ["-2.22390", "-1.85280", "1.42380"], ["-1.65460", "-3.15550", "1.94740"], ["-0.54700", "0.15160", "-1.43360"], ["0.69660", "0.51450", "-0.99070"], ["1.68230", "0.66790", "-1.93410"], ["2.92260", "1.02530", "-1.45220"], ["4.07330", "1.22070", "-2.39210"], ["3.15680", "1.21150", "-0.13710"], ["2.12180", "1.03510", "0.70690"], ["0.88160", "0.69020", "0.32110"], ["2.37840", "1.24720", "2.18170"], ["1.60330", "2.45940", "2.69560"], ["2.03260", "-0.00720", "2.98410"], ["-4.46550", "-0.55000", "-4.29360"], ["-3.25740", "-1.76540", "-3.81240"], ["-4.78610", "-1.66860", "-2.94670"], ["-2.62810", "0.50630", "-2.97470"], ["-4.17340", "0.59840", "-2.09390"], ["-2.36650", "-1.15200", "2.25160"], ["-3.18840", "-2.03360", "0.93910"], ["-1.48920", "-3.86120", "1.12670"], ["-0.68300", "-2.98760", "2.42390"], ["-2.33070", "-3.61250", "2.67540"], ["1.49210", "0.51470", "-2.98700"], ["4.97930", "1.50270", "-1.84600"], ["3.84600", "2.01630", "-3.10840"], ["4.27870", "0.29390", "-2.93670"], ["3.44880", "1.44810", "2.31870"], ["1.86170", "3.35970", "2.12690"], ["0.52050", "2.31330", "2.61210"], ["1.83570", "2.64890", "3.74890"], ["0.96600", "-0.25090", "2.91850"], ["2.59430", "-0.87360", "2.61740"], ["2.27990", "0.13060", "4.04210"]], "bond_dist": [[0.0, 1.5149795312148613, 2.381166886213564, 3.8997653442226494, 4.9433853936346095, 4.784526888836555, 5.2442114545468135, 6.243217148233754, 4.189750409033932, 5.542605860964678, 6.144654898364919, 7.515594744263424, 8.47209150918473, 8.219839797100672, 7.701097943150704, 6.42158997289612, 8.824499511020441, 9.038033886858358, 8.888354024227434, 1.093541905918561, 1.0951367814113449, 1.0949970365256705, 2.150012665078976, 2.1489915914214275, 5.928130111595055, 4.561774113215165, 5.921016414434265, 7.014312053223752, 6.836326578653188, 5.748967856059034, 9.49052074914754, 8.451892640113218, 8.420906919091316, 9.758937200843134, 9.228294465392832, 8.28625674837559, 9.988151061132386, 8.120420499580057, 8.969265478287507, 9.853096887273564], [1.5149795312148613, 0.0, 1.4179715159339414, 2.619649026110177, 3.483082291591745, 3.831639044847518, 4.438193335130862, 5.65962441333345, 3.046798399960194, 4.398453467981672, 5.167463294499536, 6.501242867329292, 7.588549841702299, 7.080828174020325, 6.4697983608455685, 5.171133131142535, 7.53821536306837, 7.628710522755467, 7.700609917402648, 2.161945892014876, 2.159022994319421, 2.159637638586622, 1.0944379470760321, 1.0939322008241645, 4.95189096002729, 3.9354370100409435, 5.558529048228497, 6.30910336418734, 6.33302570103738, 4.957588539804407, 8.552793041457276, 7.572506410693886, 7.704416490559165, 8.49784720208595, 7.789847232134916, 6.852197497153742, 8.577231855324888, 6.939404120672034, 7.904355622060536, 8.645771665386496], [2.381166886213564, 1.4179715159339414, 0.0, 1.626938111914525, 3.0033035560861974, 2.480292000954726, 3.0625921667763727, 4.2496332241735875, 2.4890934152819573, 3.7995141176208307, 4.792034624248869, 6.051071083700802, 7.278435900658876, 6.452984968989158, 5.694526077734652, 4.362445664991141, 6.649318814735837, 6.86195220473008, 6.596870717241623, 3.338744575435503, 2.6433023039372547, 2.6370648626835105, 2.070597218195755, 2.056600413303469, 3.6848557448019585, 2.652390518004466, 4.183581013916188, 4.894737992987981, 4.964670161249385, 4.807759500016614, 8.170214257288483, 7.462603965104942, 7.373004014646947, 7.642140525402552, 7.198516277678339, 6.084284579143221, 7.758008370709585, 5.775240785456481, 6.753950987385088, 7.523015887926862], [3.8997653442226494, 2.619649026110177, 1.626938111914525, 0.0, 1.9456759570904916, 1.6204800430736563, 2.612282821594936, 3.9041857870752, 1.6155030950140579, 2.607137704456748, 3.851487538601157, 4.936783311023484, 6.310352581274679, 5.104765437314431, 4.203419994480685, 2.86005117436734, 5.071314078224696, 5.235185488595413, 5.107989588869578, 4.745144931400936, 4.085084083589957, 4.25121752089916, 2.7547403180699264, 2.993608504798181, 2.942097255360536, 2.7832015880995757, 4.12280656349531, 4.2303210469183075, 4.74779758098426, 4.203564129402571, 7.083981289500983, 6.573496395374383, 6.574920919676524, 6.08785127035804, 5.597958268869106, 4.474807712069872, 6.138169771194016, 4.3230809858248085, 5.386780101322125, 6.03121539409761], [4.9433853936346095, 3.483082291591745, 3.0033035560861974, 1.9456759570904916, 0.0, 3.063765004043228, 3.5071719333388827, 4.966891256107789, 3.066618277516783, 3.6676844766146397, 4.9130857442141185, 5.786074381651172, 7.188722282158353, 5.704697529229748, 4.656653319713633, 3.4900561385169726, 5.174419705628836, 4.756308733671522, 5.396474175792932, 5.569182899672088, 5.464867678178494, 5.21280562077659, 3.6129212404922417, 3.2114397285329828, 3.199550688768659, 3.642949372417904, 5.5095689822344545, 5.228743754478699, 5.577247053878821, 5.392824660602272, 7.840868527146722, 7.317498957294084, 7.698540264881388, 6.2280361415136305, 5.013724979493789, 3.7792888338945465, 5.54355126701287, 4.589072958670411, 6.019356022864905, 6.117125720467088], [4.784526888836555, 3.831639044847518, 2.480292000954726, 1.6204800430736563, 3.063765004043228, 0.0, 1.4157964578285962, 2.379089529631031, 2.5327780755526135, 3.0867421758222693, 4.32720978114073, 5.206426316582229, 6.6074095536753275, 5.162614421008023, 4.155979824301364, 2.9658051470047724, 4.789004532259288, 5.241417408487899, 4.362360307219018, 5.78562757961485, 4.750883103171452, 4.907281092417674, 4.1302589228763855, 4.305147320359665, 2.0567252733410943, 2.0661232417259145, 2.6408989018892792, 2.6356307726993933, 3.336614820443019, 4.823603256902458, 7.27160821139313, 7.110704692926012, 6.747741439178, 5.789365804645618, 5.869398082427192, 4.571986519008996, 6.007190585456732, 3.485472234862874, 4.462215580852185, 5.244575182033336], [5.2442114545468135, 4.438193335130862, 3.0625921667763727, 2.612282821594936, 3.5071719333388827, 1.4157964578285962, 0.0, 1.515020376100599, 3.8722535725336997, 4.468024148323283, 5.734790261203979, 6.560586700898023, 7.978861002674504, 6.385787014143206, 5.266784646252399, 4.162562496828126, 5.600497986786531, 5.904236099615258, 4.894748992542928, 6.277795883907026, 5.337935129804408, 5.069523521002738, 5.007547573413557, 4.709898616743252, 1.0939416072167654, 1.0944784054516563, 2.159102373672911, 2.1592461323341534, 2.1620483088959874, 6.234490267054717, 8.592849500020352, 8.506142348914695, 8.11825645690009, 6.623919693806681, 6.660077568617351, 5.128369863806626, 6.492437528386391, 3.869841561356227, 5.059502430081441, 5.574368564241155], [6.243217148233754, 5.65962441333345, 4.2496332241735875, 3.9041857870752, 4.966891256107789, 2.379089529631031, 1.515020376100599, 0.0, 4.857452950878681, 5.256374515766547, 6.389000815464026, 7.070157610690161, 8.413752141583444, 6.823884466343198, 5.775912531366797, 4.885342426074144, 5.97526173317956, 6.534586265403496, 4.958022147994097, 7.3239244985185366, 6.138130162354005, 5.997447679638397, 6.211565817086703, 6.063680758417283, 2.1478713881422227, 2.15124869320123, 1.0949512043922325, 1.0951023787756102, 1.093592341780062, 6.907994809639046, 8.949711727759727, 9.086541104292657, 8.423588431304085, 6.882999942612233, 7.405701653455937, 5.922892835431011, 7.008470282451085, 4.030791576105121, 4.869201045346146, 5.537735236538489], [4.189750409033932, 3.046798399960194, 2.4890934152819573, 1.6155030950140579, 3.066618277516783, 2.5327780755526135, 3.8722535725336997, 4.857452950878681, 0.0, 1.3690864764506296, 2.3424014237529827, 3.5779633606285017, 4.8382712976847415, 4.0647797849330045, 3.533384487994478, 2.3259320733847755, 4.777938740712359, 5.196154690730444, 5.118166360133285, 4.901681834839955, 4.08409679121345, 4.855158953113688, 2.6137671108956892, 3.713004617557053, 4.311687865557988, 4.169148389059809, 4.8523644514813595, 4.975276765165934, 5.850975602410251, 2.5889808767157785, 5.703993045227176, 5.057717877659844, 5.05637611239512, 5.632680106308186, 5.3638513728476855, 4.709585080450293, 6.226722478961142, 4.625143204269463, 5.227753028787799, 6.162393617743027], [5.542605860964678, 4.398453467981672, 3.7995141176208307, 2.607137704456748, 3.6676844766146397, 3.0867421758222693, 4.468024148323283, 5.256374515766547, 1.3690864764506296, 0.0, 1.3730038637964568, 2.330016070760028, 3.7235390813042364, 2.6957421983565117, 2.2768542245826806, 1.3363812068418204, 3.664617618524476, 4.26538961760822, 4.225648107687151, 6.2200952621322445, 5.366008842706094, 6.2170620794713, 3.871686109436043, 4.994095458639132, 4.761545248131115, 5.030921053842925, 5.329901958760593, 5.082075730447157, 6.295789346857151, 2.148961139713792, 4.477677592234618, 4.081516493902726, 4.082526273032422, 4.404354908496816, 4.378590048177609, 4.030739447049387, 5.321373913755733, 3.9925252860814795, 4.306561564635992, 5.2899238123058065], [6.144654898364919, 5.167463294499536, 4.792034624248869, 3.851487538601157, 4.9130857442141185, 4.32720978114073, 5.734790261203979, 6.389000815464026, 2.3424014237529827, 1.3730038637964568, 0.0, 1.3777904267340517, 2.4964440390283134, 2.387228562580466, 2.702383594162753, 2.3932289526913215, 4.214255965173449, 4.9648600524083255, 4.976661666217627, 6.696713037005542, 5.818040552454065, 6.951603381235152, 4.43717377167043, 5.858292309197279, 6.101221348222009, 6.267144403953048, 6.319782883928846, 6.1603156039280975, 7.461466572330134, 1.0808536857502964, 3.4021848347789696, 2.8069130267965203, 2.8082691680107876, 4.67071109468355, 4.875417171894114, 4.97242947059081, 6.020330685269705, 4.990491547933931, 4.891228731106326, 6.029990339129905], [7.515594744263424, 6.501242867329292, 6.051071083700802, 4.936783311023484, 5.786074381651172, 5.206426316582229, 6.560586700898023, 7.070157610690161, 3.5779633606285017, 2.330016070760028, 1.3777904267340517, 0.0, 1.4985672023636443, 1.3487060799151163, 2.302843783238455, 2.724438639426478, 3.68111701253845, 4.582732824418199, 4.6410035488027805, 8.070882582468908, 7.179899061268202, 8.301486803579223, 5.779068933660508, 7.13773342875734, 6.814201973819091, 7.240131621731749, 7.0705435929636975, 6.642881075256429, 8.13286121177535, 2.1593178668273927, 2.1477905135277977, 2.1395670122714083, 2.139554491009752, 3.83083973692453, 4.402827384760842, 4.8936247199800675, 5.555976042064977, 4.955803516080919, 4.502804266232322, 5.603649156576452], [8.47209150918473, 7.588549841702299, 7.278435900658876, 6.310352581274679, 7.188722282158353, 6.6074095536753275, 7.978861002674504, 8.413752141583444, 4.8382712976847415, 3.7235390813042364, 2.4964440390283134, 1.4985672023636443, 0.0, 2.43414911005879, 3.6669606774548322, 4.222538736352812, 4.8778104411713255, 5.789643251531134, 5.880112357770046, 8.925367565540366, 8.041965418353898, 9.335127423340294, 6.7645067876379565, 8.275520613230324, 8.286415329924031, 8.626682376209292, 8.315591818986787, 7.970322112687793, 9.489499169608477, 2.7413382589530975, 1.0947991642305912, 1.0944086713837753, 1.0944115130973358, 4.757451802173092, 5.466978741498818, 6.2336329888757485, 6.690178622428552, 6.326404366620901, 5.627488226553655, 6.76783061327631], [8.219839797100672, 7.080828174020325, 6.452984968989158, 5.104765437314431, 5.704697529229748, 5.162614421008023, 6.385787014143206, 6.823884466343198, 4.0647797849330045, 2.6957421983565117, 2.387228562580466, 1.3487060799151163, 2.43414911005879, 0.0, 1.3470998329745276, 2.3787046832257253, 2.44622453793596, 3.463351837454578, 3.534253071017977, 8.858827901590592, 7.969424404560219, 8.903846841674671, 6.4818476385981185, 7.611622027531319, 6.465204005288618, 7.207665606144614, 6.993911046760603, 6.239809760721876, 7.829034966073405, 3.3732308459398386, 2.515281872872303, 3.15457182039021, 3.1525243107706555, 2.4843907100132214, 3.3790151301821663, 3.9651155809131216, 4.34884122152097, 4.034217366478907, 3.5001883535032796, 4.404884908825656], [7.701097943150704, 6.4697983608455685, 5.694526077734652, 4.203419994480685, 4.656653319713633, 4.155979824301364, 5.266784646252399, 5.775912531366797, 3.533384487994478, 2.2768542245826806, 2.702383594162753, 2.302843783238455, 3.6669606774548322, 1.3470998329745276, 0.0, 1.343835440074416, 1.5119077385872461, 2.5004800399123366, 2.505989978032634, 8.420811335613688, 7.563244368655557, 8.26909118706524, 6.032856538158354, 6.903964844203655, 5.226312408381267, 6.137512571881218, 6.098303594443294, 5.195874067950454, 6.730522584465489, 3.78315152485332, 3.8602142971601983, 4.30024803586956, 4.298536496297316, 2.1282380599923494, 2.7363876132594958, 2.79781056721144, 3.455425827593467, 2.807284132395579, 2.741605768523257, 3.459288207131634], [6.42158997289612, 5.171133131142535, 4.362445664991141, 2.86005117436734, 3.4900561385169726, 2.9658051470047724, 4.162562496828126, 4.885342426074144, 2.3259320733847755, 1.3363812068418204, 2.3932289526913215, 2.724438639426478, 4.222538736352812, 2.3787046832257253, 1.343835440074416, 0.0, 2.452038254187728, 3.0478139346095263, 2.983745424797498, 7.1711247750963025, 6.344061365560708, 6.954514905440925, 4.81810242107824, 5.603006089591551, 4.203651353287996, 4.936183793174643, 5.194701720022046, 4.516187976601506, 5.863004952240788, 3.368536196925899, 4.706126214839547, 4.723100551544504, 4.723410096529836, 3.339960180900365, 3.3686406605632486, 2.830817517961905, 4.061603789145367, 2.7639246245149307, 3.263710376243578, 4.014254108797797], [8.824499511020441, 7.53821536306837, 6.649318814735837, 5.071314078224696, 5.174419705628836, 4.789004532259288, 5.600497986786531, 5.97526173317956, 4.777938740712359, 3.664617618524476, 4.214255965173449, 3.68111701253845, 4.8778104411713255, 2.44622453793596, 1.5119077385872461, 2.452038254187728, 0.0, 1.527842288981425, 1.528706237313108, 9.591579908440528, 8.761691344141267, 9.28075624343189, 7.225125329016791, 7.850336301076535, 5.3174357222255155, 6.580042981622538, 6.493620355394979, 5.231095663434191, 6.784986852603327, 5.295048973333485, 4.801284031381606, 5.54351175519634, 5.542376704988574, 1.0976729795344329, 2.1754627507728097, 2.1848582974646202, 2.1714976444841008, 2.186790252859199, 2.175830861992724, 2.1720004534990314], [9.038033886858358, 7.628710522755467, 6.86195220473008, 5.235185488595413, 4.756308733671522, 5.241417408487899, 5.904236099615258, 6.534586265403496, 5.196154690730444, 4.26538961760822, 4.9648600524083255, 4.582732824418199, 5.789643251531134, 3.463351837454578, 2.5004800399123366, 3.0478139346095263, 1.527842288981425, 0.0, 2.5202472696146305, 9.733228572267272, 9.155839859346601, 9.471027697668296, 7.339730762092026, 7.731293173848733, 5.385040204121042, 6.799465430458486, 7.209368059684566, 5.913611213125192, 7.2349660434586704, 6.007176232640425, 5.739231782216153, 6.237985003188129, 6.600754403854154, 2.1379082183293088, 1.0957784173819085, 1.095798019709837, 1.0951533682548755, 2.7931276000211667, 3.4780864336586004, 2.773834755352236], [8.888354024227434, 7.700609917402648, 6.596870717241623, 5.107989588869578, 5.396474175792932, 4.362360307219018, 4.894748992542928, 4.958022147994097, 5.118166360133285, 4.225648107687151, 4.976661666217627, 4.6410035488027805, 5.880112357770046, 3.534253071017977, 2.505989978032634, 2.983745424797498, 1.528706237313108, 2.5202472696146305, 0.0, 9.771635110870646, 8.790209297280697, 9.18854222877601, 7.5824207335124845, 8.041596319139627, 4.604259343260325, 5.962144157935129, 5.54132890198732, 4.070760562843263, 5.668498096497872, 6.018185363546058, 5.855997345457049, 6.670946564019233, 6.339676573769359, 2.136885043702632, 3.478507475915497, 2.7945573280933065, 2.7710207252923964, 1.0960513719712228, 1.0957302313982218, 1.095221498145466], [1.093541905918561, 2.161945892014876, 3.338744575435503, 4.745144931400936, 5.569182899672088, 5.78562757961485, 6.277795883907026, 7.3239244985185366, 4.901681834839955, 6.2200952621322445, 6.696713037005542, 8.070882582468908, 8.925367565540366, 8.858827901590592, 8.420811335613688, 7.1711247750963025, 9.591579908440528, 9.733228572267272, 9.771635110870646, 0.0, 1.7799596090922958, 1.7799409905949128, 2.4962583319840914, 2.4985645999253245, 6.899844059107423, 5.586877720158191, 7.014417953044999, 8.085419362036825, 7.905898955210596, 6.191428543559232, 9.970384651055346, 8.779044764665457, 8.889003232084011, 10.504811249613198, 9.825580602692137, 8.985954338855723, 10.706067854259098, 9.033550767555358, 9.884706065432598, 10.744651321006186], [1.0951367814113449, 2.159022994319421, 2.6433023039372547, 4.085084083589957, 5.464867678178494, 4.750883103171452, 5.337935129804408, 6.138130162354005, 4.08409679121345, 5.366008842706094, 5.818040552454065, 7.179899061268202, 8.041965418353898, 7.969424404560219, 7.563244368655557, 6.344061365560708, 8.761691344141267, 9.155839859346601, 8.790209297280697, 1.7799596090922958, 0.0, 1.7594687891519987, 2.5016755724913655, 3.0626538638899437, 6.159712523324445, 4.7595634768327235, 5.649213900181157, 6.8565841269541785, 6.808972032546469, 5.332718951904366, 9.076917618883627, 8.07806675201437, 7.8613211478733005, 9.637950399332837, 9.367343236478526, 8.496029799265067, 10.129114955908042, 8.089241782763079, 8.739566818212445, 9.795390627228707], [1.0949970365256705, 2.159637638586622, 2.6370648626835105, 4.25121752089916, 5.21280562077659, 4.907281092417674, 5.069523521002738, 5.997447679638397, 4.855158953113688, 6.2170620794713, 6.951603381235152, 8.301486803579223, 9.335127423340294, 8.903846841674671, 8.26909118706524, 6.954514905440925, 9.28075624343189, 9.471027697668296, 9.18854222877601, 1.7799409905949128, 1.7594687891519987, 0.0, 3.0639742182335676, 2.4983911082934958, 5.7570532922668, 4.217263559466019, 5.68063657788456, 6.886111745390137, 6.435506567473923, 6.6471210474911615, 10.32626366794883, 9.387107398448151, 9.27481025628018, 10.25923165056721, 9.757994808873388, 8.655390725438107, 10.359541536670433, 8.336491992439027, 9.276935807150979, 10.099940696855601], [2.150012665078976, 1.0944379470760321,