{"total energy": -67.28315326, "HOMO-LUMO gap/eV": 2.92160891, "electronic energy": -68.04221661, "dipole": [0.66573944, 1.07028971, 0.21020411], "partial charges": [-0.10242032, -0.05217614, -0.05430284, -0.05688025, -0.04271121, 0.11139973, -0.11729256, -0.30427868, 0.23934344, -0.19064169, 0.01052142, -0.11305749, -0.31957597, 0.24227322, -0.41484311, 1.47120181, -0.6103815, -0.61032653, -0.3148432, -0.04542256, -0.04603388, 0.03676193, 0.03475346, 0.03482301, 0.03095686, 0.03099979, 0.03375295, 0.03734866, 0.04570681, 0.04150876, 0.0613656, 0.06071123, 0.06958212, 0.18795276, 0.0739077, 0.03261894, 0.04874695, 0.0406695, 0.05199541, 0.05685443, 0.05294115, 0.06793796, 0.0723211, 0.04644252, 0.06978871], "atomic dipole moments": [[-0.00023732, -0.0514301, 0.09446475], [-0.07285247, -0.03991904, -0.08284139], [0.06243117, 0.01140309, 0.09636539], [-0.06694651, -0.03453252, -0.09166223], [0.07039497, 0.0077808, -0.02216662], [-0.01291065, 0.00035734, -0.00083723], [0.05274854, -0.08248012, -0.0369631], [0.26303238, -0.05468711, -0.09914618], [0.01829823, -0.03846803, -0.02387375], [0.02019646, 0.05631959, -0.16881047], [-0.06597114, 0.09288972, 0.13391866], [0.09810431, 0.09059217, -0.01587287], [-0.05380161, 0.25292094, 0.09611709], [0.23213809, -0.09576872, -0.14401549], [-0.13872868, -0.07996674, -0.08465042], [-0.00180142, 0.16513319, 0.26188445], [-0.00046033, 0.18912976, -0.04760144], [0.11119596, -0.0876433, 0.12589805], [-0.05459895, -0.24892775, 0.00580067], [-0.15272484, 0.04708066, -0.11541943], [-0.04971383, 0.04369176, 0.18866283], [0.03009683, -0.07945332, -0.09506115], [-0.11272285, 0.05089943, -0.02486676], [0.08343484, 0.09216852, -0.00022392], [0.11533042, -0.04100807, 0.02070722], [-0.02273498, 0.08308633, 0.08652418], [-0.11299412, 0.04346712, -0.02641519], [0.02439051, -0.0833365, -0.09748646], [-0.0143189, 0.07872071, 0.0917489], [0.11716596, -0.04116592, 0.03035986], [0.00437933, 0.09634271, -0.08877807], [0.06287361, 0.03197649, 0.11185125], [-0.12639017, -0.00930187, 0.03313478], [-0.10015303, 0.08143075, 0.00449073], [0.11275589, -0.07159097, -0.00255815], [-0.01301988, 0.05780763, -0.10868001], [0.00502229, -0.08569446, -0.09441141], [-0.11302202, 0.05352092, -0.00417545], [0.00563384, -0.06348504, 0.11088739], [-0.02008394, 0.047624, 0.12093907], [0.00572762, -0.12471873, 0.0007445], [0.11032028, 0.04379712, -0.03029101], [0.1132461, 0.03051605, -0.03886896], [-0.01163559, -0.12397973, -0.0047022], [-0.07932691, 0.05921093, -0.08778062]], "atomic quadrupole moments": [[-0.11818685, 0.0115971, -0.03995792, 0.00545844, -0.15225672, 0.15814477], [-0.0805998, 0.17205166, 0.02950961, 0.00846701, -0.14451709, 0.05109019], [-0.08252823, 0.16851627, 0.02680912, 0.01288652, -0.15833554, 0.05571911], [-0.06311539, 0.13890771, 0.0354302, -0.02057311, -0.1230762, 0.02768518], [-0.13625038, 0.02635008, -0.0843153, 0.18322838, -0.14507439, 0.22056568], [-0.279011, -0.08808161, -0.07566208, 0.25567342, -0.12086409, 0.35467308], [-0.0684766, -0.06478512, 0.15339704, -0.04292757, 0.11004344, -0.08492043], [-0.11733914, -0.0210343, -0.05305235, 0.11644862, -0.06552951, 0.17039149], [-0.12106281, 0.04299616, -0.18024163, 0.22907639, -0.15413063, 0.30130444], [-0.0566031, 0.07855066, 0.03792828, 0.00076396, 0.076754, 0.01867482], [-0.09201917, 0.18392481, 0.11273327, -0.04827473, 0.24649905, -0.0207141], [0.08426052, 0.19727261, 0.04990226, -0.02747285, -0.00953954, -0.13416278], [-0.04290956, -0.01415152, -0.11000109, 0.10438822, -0.0878089, 0.15291065], [0.211805, -0.1332552, -0.48878988, 0.00167618, -0.17774867, 0.27698488], [-0.01798843, -0.01205384, -0.03106864, -0.03586143, 0.11340236, 0.04905707], [0.08545763, 0.02024514, -0.30749116, -0.21027251, 0.3899021, 0.22203352], [-0.08811767, 0.01114956, 0.17015294, -0.01433392, -0.06852397, -0.08203526], [0.01850816, -0.07710757, -0.05019546, 0.10434425, -0.08061908, 0.0316873], [0.14806829, 0.02826038, -0.15234213, -0.0126726, -0.0123027, 0.00427384], [0.1231697, -0.10828154, -0.17986514, 0.23434028, -0.09887695, 0.05669544], [-0.12999485, -0.03208086, -0.17228563, -0.09751541, 0.15441102, 0.30228047], [-0.0440146, -0.02434175, 0.02383171, -0.016474, 0.0495764, 0.02018289], [0.06413495, -0.04153054, -0.03485784, 0.00829358, -0.01162238, -0.02927711], [0.0112476, 0.06748698, 0.019983, 0.0099814, -0.00217054, -0.0312306], [0.03915568, -0.03153972, -0.0088333, 0.00368207, -0.01348197, -0.03032239], [-0.02765166, -0.01379515, 0.0137202, -0.02591053, 0.03538661, 0.01393147], [0.04498015, -0.03109748, -0.01149025, 0.00191989, -0.0089551, -0.03348989], [-0.02203941, -0.01366236, 0.0186528, -0.02051563, 0.03044844, 0.0033866], [-0.02100242, -0.02154816, 0.01670353, -0.03034496, 0.04045594, 0.00429889], [0.03772964, -0.03395149, -0.00294765, -0.00359407, -0.00427159, -0.03478199], [-0.03260072, 0.00709535, 0.01868946, -0.02238553, -0.06133214, 0.01391125], [0.00750254, 0.00913125, -0.03927087, 0.05647653, 0.02761726, 0.03176833], [0.06975307, 0.01881844, -0.02614629, -0.03065707, 0.0014065, -0.04360678], [0.07233303, 0.00636016, -0.02832632, -0.01766749, 0.02916065, -0.04400671], [0.03350292, -0.01665436, -0.00520653, 0.01585985, -0.00023852, -0.02829639], [-0.03915098, 0.00390689, 0.01933825, 0.0125172, -0.01752347, 0.01981273], [-0.03707947, 0.00033975, 0.00867842, -0.01482469, 0.06380591, 0.02840106], [0.0491938, -0.05199516, 0.00148735, 0.00218209, -0.01148946, -0.05068115], [-0.02771146, -0.00116714, -0.02346451, 0.01945998, -0.05069684, 0.05117597], [-0.01139028, -0.02383365, -0.03591335, -0.02323754, 0.03398518, 0.04730363], [-0.02085167, 0.00080173, 0.06243296, 0.02011057, -0.00251907, -0.04158128], [0.05010419, 0.03964578, -0.02995519, -0.03272327, -0.02985023, -0.020149], [0.06840824, 0.03968352, -0.04011589, -0.01662809, 0.00382841, -0.02829235], [-0.04566023, 0.0141084, 0.06061044, -0.01867222, 0.00540665, -0.01495021], [0.01746006, -0.04379576, -0.0241611, 0.03518736, -0.01815116, 0.00670104]], "number of molecular orbitals": 113, "number of electrons": 120, "number of unpaired electrons": 0, "orbital energies/eV": [-21.32885848, -19.97829377, -18.55150726, -18.14931736, -17.99705245, -17.77566014, -17.7035949, -17.56648789, -17.32804204, -17.17193311, -16.96836787, -16.93239062, -16.74625318, -16.61208101, -16.423214, -16.04133953, -15.92479239, -15.70693239, -15.66287762, -15.51705044, -15.3481618, -15.24696479, -15.12507817, -14.71028424, -14.60957369, -14.50694151, -14.33307743, -14.27248303, -14.18218505, -14.08184078, -13.9483451, -13.84747767, -13.65587617, -13.59510322, -13.50090565, -13.33033281, -13.27047036, -13.23413385, -13.17726116, -12.95206903, -12.92414417, -12.86384738, -12.66783492, -12.59360881, -12.47060127, -12.45823972, -12.32026577, -12.28244621, -12.12040511, -12.10908882, -12.06535684, -12.05246322, -11.93863899, -11.84259639, -11.5831319, -11.45454524, -11.08218794, -10.5939526, -10.27828468, -9.98735799, -7.06574908, -6.27757417, -4.73170539, -3.27019652, -2.81493534, -2.08603927, -0.12310771, 0.84543551, 0.92308494, 1.70343424, 2.06603388, 2.33554473, 2.50906133, 2.82988595, 2.87698194, 3.30676936, 3.44589453, 3.49279504, 3.76221986, 3.94049718, 4.01897226, 4.12213896, 4.23840206, 4.37025842, 4.46060607, 4.55838924, 4.64998563, 4.69675278, 4.7988428, 4.8749754, 5.13534361, 5.40575119, 5.5226774, 5.73579586, 5.94863, 6.02833448, 6.05255449, 6.390562, 6.61007572, 6.65462345, 6.88606449, 7.13888386, 7.37254736, 7.51334689, 8.20199959, 8.47174425, 11.41902878, 12.03288308, 14.57084567, 15.14769046, 16.90943033, 27.16471367, 31.21881005], "fractional occupation": [2.0, 2.0, 2.0, 2.0, 2.0, 2.0, 2.0, 2.0, 2.0, 2.0, 2.0, 2.0, 2.0, 2.0, 2.0, 2.0, 2.0, 2.0, 2.0, 2.0, 2.0, 2.0, 2.0, 2.0, 2.0, 2.0, 2.0, 2.0, 2.0, 2.0, 2.0, 2.0, 2.0, 2.0, 2.0, 2.0, 2.0, 2.0, 2.0, 2.0, 2.0, 2.0, 2.0, 2.0, 2.0, 2.0, 2.0, 2.0, 2.0, 2.0, 2.0, 2.0, 2.0, 2.0, 2.0, 2.0, 2.0, 2.0, 2.0, 2.0, 0.0, 0.0, 0.0, 0.0, 0.0, 0.0, 0.0, 0.0, 0.0, 0.0, 0.0, 0.0, 0.0, 0.0, 0.0, 0.0, 0.0, 0.0, 0.0, 0.0, 0.0, 0.0, 0.0, 0.0, 0.0, 0.0, 0.0, 0.0, 0.0, 0.0, 0.0, 0.0, 0.0, 0.0, 0.0, 0.0, 0.0, 0.0, 0.0, 0.0, 0.0, 0.0, 0.0, 0.0, 0.0, 0.0, 0.0, 0.0, 0.0, 0.0, 0.0, 0.0, 0.0], "program call": "xtb /home/svss/Project-DBcg-Debug/aqme2_20220329/End-to-End-workflows-final/example-3/QDESCP/mol_808_rdkit_conf_8/mol_808_rdkit_conf_8.xyz --pop --wbo --acc 0.2 --gfn 2 --chrg 0 --uhf 0 --etemp 300 --input /home/svss/Project-DBcg-Debug/aqme2_20220329/End-to-End-workflows-final/example-3/QDESCP/mol_808_rdkit_conf_8/mol_808_rdkit_conf_8_xtb.inp", "method": "GFN2-xTB", "xtb version": "6.3.3 (7355c4f)", "Dipole module/D": 3.248, "Total charge": 0, "Transition dipole module/D": NaN, "HOMO": -9.9874, "LUMO": -7.0657, "HOMO occupancy": 2.0, "LUMO occupancy": 0, "mulliken charges": [-0.08299, -0.03886, -0.04427, -0.03684, -0.07724, 0.18777, -0.09515, -0.4038, 0.42391, -0.35601, 0.10272, -0.09543, -0.37783, 0.40347, -0.32161, 0.61627, -0.3641, -0.36561, -0.21839, 0.0547, 0.05877, 0.02988, 0.02776, 0.02811, 0.02292, 0.02051, 0.02365, 0.03851, 0.02604, 0.03797, 0.04122, 0.04354, 0.04726, 0.217, 0.04374, 0.02746, 0.03365, 0.02755, 0.03554, 0.0499, 0.04224, 0.03319, 0.03575, 0.0431, 0.05401], "cm5 charges": [-0.23334, -0.15136, -0.15311, -0.1388, -0.07422, 0.25137, -0.23279, -0.58122, 0.63405, -0.69729, 0.05416, -0.23989, -0.55252, 0.50663, -0.38017, 0.77334, -0.40953, -0.41079, -0.45424, -0.03371, -0.02976, 0.0812, 0.07906, 0.07889, 0.07771, 0.07524, 0.07957, 0.09704, 0.08305, 0.09733, 0.09436, 0.09642, 0.10304, 0.41867, 0.11142, 0.09327, 0.08483, 0.08092, 0.08897, 0.11398, 0.10513, 0.09368, 0.09621, 0.10568, 0.11752], "FUKUI+": [0.007, 0.004, 0.002, 0.011, -0.026, -0.071, 0.025, -0.102, -0.01, -0.04, 0.011, 0.01, -0.092, -0.069, -0.03, -0.086, -0.03, -0.024, -0.024, 0.016, 0.016, -0.005, -0.008, -0.018, -0.01, -0.012, -0.008, -0.001, -0.031, -0.028, -0.051, -0.053, -0.043, -0.032, -0.012, -0.015, -0.023, -0.015, -0.016, -0.004, -0.019, -0.03, -0.032, -0.018, -0.015], "FUKUI-": [0.007, 0.003, 0.0, 0.007, -0.03, -0.014, 0.012, -0.081, 0.001, -0.068, 0.014, 0.014, -0.071, -0.007, -0.015, -0.043, -0.023, -0.016, -0.062, 0.021, 0.021, -0.012, -0.016, -0.027, -0.015, -0.02, -0.017, -0.008, -0.031, -0.03, -0.031, -0.036, -0.027, -0.038, -0.033, -0.049, -0.027, -0.024, -0.027, -0.02, -0.041, -0.036, -0.036, -0.042, -0.026], "FUKUIrad": [0.007, 0.003, 0.001, 0.009, -0.028, -0.042, 0.018, -0.092, -0.005, -0.054, 0.013, 0.012, -0.081, -0.038, -0.022, -0.064, -0.026, -0.02, -0.043, 0.018, 0.019, -0.008, -0.012, -0.023, -0.012, -0.016, -0.013, -0.005, -0.031, -0.029, -0.041, -0.045, -0.035, -0.035, -0.022, -0.032, -0.025, -0.02, -0.021, -0.012, -0.03, -0.033, -0.034, -0.03, -0.02], "s proportion": [1.007, 1.027, 1.034, 1.027, 1.08, 1.06, 1.011, 1.546, 0.981, 1.457, 1.002, 1.012, 1.533, 0.99, 1.68, 1.688, 1.724, 1.725, 1.502, 0.991, 0.992, 0.97, 0.972, 0.972, 0.977, 0.979, 0.976, 0.961, 0.974, 0.962, 0.959, 0.956, 0.953, 0.783, 0.956, 0.973, 0.966, 0.972, 0.964, 0.95, 0.958, 0.967, 0.964, 0.957, 0.946], "p proportion": [3.076, 3.012, 3.011, 3.01, 2.997, 2.753, 3.084, 3.858, 2.596, 3.899, 2.895, 3.084, 3.844, 2.607, 4.641, 2.645, 4.64, 4.641, 3.716, 2.954, 2.95, 0.0, 0.0, 0.0, 0.0, 0.0, 0.0, 0.0, 0.0, 0.0, 0.0, 0.0, 0.0, 0.0, 0.0, 0.0, 0.0, 0.0, 0.0, 0.0, 0.0, 0.0, 0.0, 0.0, 0.0], "d proportion": [0.0, 0.0, 0.0, 0.0, 0.0, 0.0, 0.0, 0.0, 0.0, 0.0, 0.0, 0.0, 0.0, 0.0, 0.0, 1.051, 0.0, 0.0, 0.0, 0.0, 0.0, 0.0, 0.0, 0.0, 0.0, 0.0, 0.0, 0.0, 0.0, 0.0, 0.0, 0.0, 0.0, 0.0, 0.0, 0.0, 0.0, 0.0, 0.0, 0.0, 0.0, 0.0, 0.0, 0.0, 0.0], "Fermi-level/eV": -8.5266, "Coordination numbers": [3.75, 3.8, 3.802, 3.806, 2.956, 2.96, 3.756, 1.846, 2.87, 2.695, 3.75, 3.751, 1.837, 3.024, 1.712, 3.808, 0.86, 0.86, 2.723, 3.758, 3.765, 0.924, 0.924, 0.924, 0.924, 0.924, 0.924, 0.924, 0.924, 0.924, 0.924, 0.924, 0.924, 0.86, 0.924, 0.924, 0.924, 0.924, 0.924, 0.924, 0.924, 0.924, 0.924, 0.924, 0.924], "Dispersion coefficient C6": [22.52, 21.511, 21.548, 21.593, 29.059, 25.541, 22.8, 28.736, 23.012, 25.134, 20.46, 22.725, 29.134, 22.939, 21.119, 94.157, 26.374, 26.372, 28.093, 21.438, 21.439, 2.493, 2.52, 2.519, 2.573, 2.572, 2.534, 2.485, 2.374, 2.429, 2.183, 2.191, 2.09, 1.17, 2.043, 2.55, 2.336, 2.44, 2.295, 2.236, 2.284, 2.108, 2.06, 2.365, 2.088], "Total dispersion C6": 20600.351031, "Total dispersion C8": 478058.841097, "Polarizability alpha": [6.768, 6.603, 6.609, 6.615, 8.842, 8.289, 6.808, 7.945, 7.863, 7.446, 6.451, 6.798, 7.999, 7.856, 6.205, 16.332, 6.885, 6.885, 7.872, 6.601, 6.599, 2.469, 2.483, 2.482, 2.509, 2.508, 2.489, 2.465, 2.41, 2.437, 2.311, 2.315, 2.261, 1.694, 2.235, 2.497, 2.39, 2.443, 2.369, 2.339, 2.363, 2.271, 2.245, 2.405, 2.26], "Total polarizability alpha": 216.921295, "Wiberg matrix": [[0.0, 1.0199400793671227, 0.0, 0.0, 0.0, 0.0, 0.0, 0.0, 0.0, 0.0, 0.0, 0.0, 0.0, 0.0, 0.0, 0.0, 0.0, 0.0, 0.0, 0.0, 0.0, 0.9873976906483983, 0.9875269223567901, 0.9869467379156666, 0.0, 0.0, 0.0, 0.0, 0.0, 0.0, 0.0, 0.0, 0.0, 0.0, 0.0, 0.0, 0.0, 0.0, 0.0, 0.0, 0.0, 0.0, 0.0, 0.0, 0.0], [1.0199400793671227, 0.0, 1.0065223372535634, 0.0, 0.0, 0.0, 0.0, 0.0, 0.0, 0.0, 0.0, 0.0, 0.0, 0.0, 0.0, 0.0, 0.0, 0.0, 0.0, 0.0, 0.0, 0.0, 0.0, 0.0, 0.9778933700784562, 0.977828672961679, 0.0, 0.0, 0.0, 0.0, 0.0, 0.0, 0.0, 0.0, 0.0, 0.0, 0.0, 0.0, 0.0, 0.0, 0.0, 0.0, 0.0, 0.0, 0.0], [0.0, 1.0065223372535634, 0.0, 0.9897883279121625, 0.0, 0.0, 0.0, 0.0, 0.0, 0.0, 0.0, 0.0, 0.0, 0.0, 0.0, 0.0, 0.0, 0.0, 0.0, 0.0, 0.0, 0.0, 0.0, 0.0, 0.0, 0.0, 0.9760638435933225, 0.9767417613474376, 0.0, 0.0, 0.0, 0.0, 0.0, 0.0, 0.0, 0.0, 0.0, 0.0, 0.0, 0.0, 0.0, 0.0, 0.0, 0.0, 0.0], [0.0, 0.0, 0.9897883279121625, 0.0, 1.0075124162986857, 0.0, 0.0, 0.0, 0.0, 0.0, 0.0, 0.0, 0.0, 0.0, 0.0, 0.0, 0.0, 0.0, 0.0, 0.0, 0.0, 0.0, 0.0, 0.0, 0.0, 0.0, 0.0, 0.0, 0.9703366730956646, 0.9701417041203646, 0.0, 0.0, 0.0, 0.0, 0.0, 0.0, 0.0, 0.0, 0.0, 0.0, 0.0, 0.0, 0.0, 0.0, 0.0], [0.0, 0.0, 0.0, 1.0075124162986857, 0.0, 1.3696599912027376, 0.0, 0.0, 0.0, 0.0, 0.0, 0.0, 0.0, 1.3469361305006706, 0.0, 0.0, 0.0, 0.0, 0.0, 0.0, 0.0, 0.0, 0.0, 0.0, 0.0, 0.0, 0.0, 0.0, 0.0, 0.0, 0.0, 0.0, 0.0, 0.0, 0.0, 0.0, 0.0, 0.0, 0.0, 0.0, 0.0, 0.0, 0.0, 0.0, 0.0], [0.0, 0.0, 0.0, 0.0, 1.3696599912027376, 0.0, 1.026525704196729, 1.3973842311590543, 0.0, 0.0, 0.0, 0.0, 0.0, 0.0, 0.0, 0.0, 0.0, 0.0, 0.0, 0.0, 0.0, 0.0, 0.0, 0.0, 0.0, 0.0, 0.0, 0.0, 0.0, 0.0, 0.0, 0.0, 0.0, 0.0, 0.0, 0.0, 0.0, 0.0, 0.0, 0.0, 0.0, 0.0, 0.0, 0.0, 0.0], [0.0, 0.0, 0.0, 0.0, 0.0, 1.026525704196729, 0.0, 0.0, 0.0, 0.0, 0.0, 0.0, 0.0, 0.0, 0.0, 0.0, 0.0, 0.0, 0.0, 0.0, 0.0, 0.0, 0.0, 0.0, 0.0, 0.0, 0.0, 0.0, 0.0, 0.0, 0.9676526849893076, 0.9629685799347205, 0.9823274038476112, 0.0, 0.0, 0.0, 0.0, 0.0, 0.0, 0.0, 0.0, 0.0, 0.0, 0.0, 0.0], [0.0, 0.0, 0.0, 0.0, 0.0, 1.3973842311590543, 0.0, 0.0, 1.3338414638757432, 0.0, 0.0, 0.0, 0.0, 0.0, 0.0, 0.0, 0.0, 0.0, 0.0, 0.0, 0.0, 0.0, 0.0, 0.0, 0.0, 0.0, 0.0, 0.0, 0.0, 0.0, 0.0, 0.0, 0.0, 0.0, 0.0, 0.0, 0.0, 0.0, 0.0, 0.0, 0.0, 0.0, 0.0, 0.0, 0.0], [0.0, 0.0, 0.0, 0.0, 0.0, 0.0, 0.0, 1.3338414638757432, 0.0, 1.1827980259957769, 0.0, 0.0, 1.319176905909916, 0.0, 0.0, 0.0, 0.0, 0.0, 0.0, 0.0, 0.0, 0.0, 0.0, 0.0, 0.0, 0.0, 0.0, 0.0, 0.0, 0.0, 0.0, 0.0, 0.0, 0.0, 0.0, 0.0, 0.0, 0.0, 0.0, 0.0, 0.0, 0.0, 0.0, 0.0, 0.0], [0.0, 0.0, 0.0, 0.0, 0.0, 0.0, 0.0, 0.0, 1.1827980259957769, 0.0, 0.9846706987511978, 0.0, 0.0, 0.0, 0.0, 0.0, 0.0, 0.0, 0.0, 0.0, 0.0, 0.0, 0.0, 0.0, 0.0, 0.0, 0.0, 0.0, 0.0, 0.0, 0.0, 0.0, 0.0, 0.9298461933842521, 0.0, 0.0, 0.0, 0.0, 0.0, 0.0, 0.0, 0.0, 0.0, 0.0, 0.0], [0.0, 0.0, 0.0, 0.0, 0.0, 0.0, 0.0, 0.0, 0.0, 0.9846706987511978, 0.0, 1.0194191091264466, 0.0, 0.0, 0.0, 0.0, 0.0, 0.0, 0.0, 0.0, 0.0, 0.0, 0.0, 0.0, 0.0, 0.0, 0.0, 0.0, 0.0, 0.0, 0.0, 0.0, 0.0, 0.0, 0.9689491073195693, 0.9697277899029696, 0.0, 0.0, 0.0, 0.0, 0.0, 0.0, 0.0, 0.0, 0.0], [0.0, 0.0, 0.0, 0.0, 0.0, 0.0, 0.0, 0.0, 0.0, 0.0, 1.0194191091264466, 0.0, 0.0, 0.0, 0.0, 0.0, 0.0, 0.0, 0.0, 0.0, 0.0, 0.0, 0.0, 0.0, 0.0, 0.0, 0.0, 0.0, 0.0, 0.0, 0.0, 0.0, 0.0, 0.0, 0.0, 0.0, 0.9848324958882948, 0.9862292630362196, 0.9862317231223217, 0.0, 0.0, 0.0, 0.0, 0.0, 0.0], [0.0, 0.0, 0.0, 0.0, 0.0, 0.0, 0.0, 0.0, 1.319176905909916, 0.0, 0.0, 0.0, 0.0, 1.3858457716143493, 0.0, 0.0, 0.0, 0.0, 0.0, 0.0, 0.0, 0.0, 0.0, 0.0, 0.0, 0.0, 0.0, 0.0, 0.0, 0.0, 0.0, 0.0, 0.0, 0.0, 0.0, 0.0, 0.0, 0.0, 0.0, 0.0, 0.0, 0.0, 0.0, 0.0, 0.0], [0.0, 0.0, 0.0, 0.0, 1.3469361305006706, 0.0, 0.0, 0.0, 0.0, 0.0, 0.0, 0.0, 1.3858457716143493, 0.0, 0.9834806615741655, 0.0, 0.0, 0.0, 0.0, 0.0, 0.0, 0.0, 0.0, 0.0, 0.0, 0.0, 0.0, 0.0, 0.0, 0.0, 0.0, 0.0, 0.0, 0.0, 0.0, 0.0, 0.0, 0.0, 0.0, 0.0, 0.0, 0.0, 0.0, 0.0, 0.0], [0.0, 0.0, 0.0, 0.0, 0.0, 0.0, 0.0, 0.0, 0.0, 0.0, 0.0, 0.0, 0.0, 0.9834806615741655, 0.0, 0.872529777564493, 0.0, 0.0, 0.0, 0.0, 0.0, 0.0, 0.0, 0.0, 0.0, 0.0, 0.0, 0.0, 0.0, 0.0, 0.0, 0.0, 0.0, 0.0, 0.0, 0.0, 0.0, 0.0, 0.0, 0.0, 0.0, 0.0, 0.0, 0.0, 0.0], [0.0, 0.0, 0.0, 0.0, 0.0, 0.0, 0.0, 0.0, 0.0, 0.0, 0.0, 0.0, 0.0, 0.0, 0.872529777564493, 0.0, 1.5040855337506494, 1.520256760310924, 0.8285025749686381, 0.0, 0.0, 0.0, 0.0, 0.0, 0.0, 0.0, 0.0, 0.0, 0.0, 0.0, 0.0, 0.0, 0.0, 0.0, 0.0, 0.0, 0.0, 0.0, 0.0, 0.0, 0.0, 0.0, 0.0, 0.0, 0.0], [0.0, 0.0, 0.0, 0.0, 0.0, 0.0, 0.0, 0.0, 0.0, 0.0, 0.0, 0.0, 0.0, 0.0, 0.0, 1.5040855337506494, 0.0, 0.13030612929029328, 0.1135342919456892, 0.0, 0.0, 0.0, 0.0, 0.0, 0.0, 0.0, 0.0, 0.0, 0.0, 0.0, 0.0, 0.0, 0.0, 0.0, 0.0, 0.0, 0.0, 0.0, 0.0, 0.0, 0.0, 0.0, 0.0, 0.0, 0.0], [0.0, 0.0, 0.0, 0.0, 0.0, 0.0, 0.0, 0.0, 0.0, 0.0, 0.0, 0.0, 0.0, 0.0, 0.0, 1.520256760310924, 0.13030612929029328, 0.0, 0.0, 0.0, 0.0, 0.0, 0.0, 0.0, 0.0, 0.0, 0.0, 0.0, 0.0, 0.0, 0.0, 0.0, 0.0, 0.0, 0.0, 0.0, 0.0, 0.0, 0.0, 0.0, 0.0, 0.0, 0.0, 0.0, 0.0], [0.0, 0.0, 0.0, 0.0, 0.0, 0.0, 0.0, 0.0, 0.0, 0.0, 0.0, 0.0, 0.0, 0.0, 0.0, 0.8285025749686381, 0.1135342919456892, 0.0, 0.0, 0.9988232302196638, 0.9908004959457928, 0.0, 0.0, 0.0, 0.0, 0.0, 0.0, 0.0, 0.0, 0.0, 0.0, 0.0, 0.0, 0.0, 0.0, 0.0, 0.0, 0.0, 0.0, 0.0, 0.0, 0.0, 0.0, 0.0, 0.0], [0.0, 0.0, 0.0, 0.0, 0.0, 0.0, 0.0, 0.0, 0.0, 0.0, 0.0, 0.0, 0.0, 0.0, 0.0, 0.0, 0.0, 0.0, 0.9988232302196638, 0.0, 0.0, 0.0, 0.0, 0.0, 0.0, 0.0, 0.0, 0.0, 0.0, 0.0, 0.0, 0.0, 0.0, 0.0, 0.0, 0.0, 0.0, 0.0, 0.0, 0.9832904891332869, 0.9784957164139264, 0.97741570478807, 0.0, 0.0, 0.0], [0.0, 0.0, 0.0, 0.0, 0.0, 0.0, 0.0, 0.0, 0.0, 0.0, 0.0, 0.0, 0.0, 0.0, 0.0, 0.0, 0.0, 0.0, 0.9908004959457928, 0.0, 0.0, 0.0, 0.0, 0.0, 0.0, 0.0, 0.0, 0.0, 0.0, 0.0, 0.0, 0.0, 0.0, 0.0, 0.0, 0.0, 0.0, 0.0, 0.0, 0.0, 0.0, 0.0, 0.9761555186880654, 0.9798222501601359, 0.9811485151136035], [0.9873976906483983, 0.0, 0.0, 0.0, 0.0, 0.0, 0.0, 0.0, 0.0, 0.0, 0.0, 0.0, 0.0, 0.0, 0.0, 0.0, 0.0, 0.0, 0.0, 0.0, 0.0, 0.0, 0.0, 0.0, 0.0, 0.0, 0.0, 0.0, 0.0, 0.0, 0.0, 0.0, 0.0, 0.0, 0.0, 0.0, 0.0, 0.0, 0.0, 0.0, 0.0, 0.0, 0.0, 0.0, 0.0], [0.9875269223567901, 0.0, 0.0, 0.0, 0.0, 0.0, 0.0, 0.0, 0.0, 0.0, 0.0, 0.0, 0.0, 0.0, 0.0, 0.0, 0.0, 0.0, 0.0, 0.0, 0.0, 0.0, 0.0, 0.0, 0.0, 0.0, 0.0, 0.0, 0.0, 0.0, 0.0, 0.0, 0.0, 0.0, 0.0, 0.0, 0.0, 0.0, 0.0, 0.0, 0.0, 0.0, 0.0, 0.0, 0.0], [0.9869467379156666, 0.0, 0.0, 0.0, 0.0, 0.0, 0.0, 0.0, 0.0, 0.0, 0.0, 0.0, 0.0, 0.0, 0.0, 0.0, 0.0, 0.0, 0.0, 0.0, 0.0, 0.0, 0.0, 0.0, 0.0, 0.0, 0.0, 0.0, 0.0, 0.0, 0.0, 0.0, 0.0, 0.0, 0.0, 0.0, 0.0, 0.0, 0.0, 0.0, 0.0, 0.0, 0.0, 0.0, 0.0], [0.0, 0.9778933700784562, 0.0, 0.0, 0.0, 0.0, 0.0, 0.0, 0.0, 0.0, 0.0, 0.0, 0.0, 0.0, 0.0, 0.0, 0.0, 0.0, 0.0, 0.0, 0.0, 0.0, 0.0, 0.0, 0.0, 0.0, 0.0, 0.0, 0.0, 0.0, 0.0, 0.0, 0.0, 0.0, 0.0, 0.0, 0.0, 0.0, 0.0, 0.0, 0.0, 0.0, 0.0, 0.0, 0.0], [0.0, 0.977828672961679, 0.0, 0.0, 0.0, 0.0, 0.0, 0.0, 0.0, 0.0, 0.0, 0.0, 0.0, 0.0, 0.0, 0.0, 0.0, 0.0, 0.0, 0.0, 0.0, 0.0, 0.0, 0.0, 0.0, 0.0, 0.0, 0.0, 0.0, 0.0, 0.0, 0.0, 0.0, 0.0, 0.0, 0.0, 0.0, 0.0, 0.0, 0.0, 0.0, 0.0, 0.0, 0.0, 0.0], [0.0, 0.0, 0.9760638435933225, 0.0, 0.0, 0.0, 0.0, 0.0, 0.0, 0.0, 0.0, 0.0, 0.0, 0.0, 0.0, 0.0, 0.0, 0.0, 0.0, 0.0, 0.0, 0.0, 0.0, 0.0, 0.0, 0.0, 0.0, 0.0, 0.0, 0.0, 0.0, 0.0, 0.0, 0.0, 0.0, 0.0, 0.0, 0.0, 0.0, 0.0, 0.0, 0.0, 0.0, 0.0, 0.0], [0.0, 0.0, 0.9767417613474376, 0.0, 0.0, 0.0, 0.0, 0.0, 0.0, 0.0, 0.0, 0.0, 0.0, 0.0, 0.0, 0.0, 0.0, 0.0, 0.0, 0.0, 0.0, 0.0, 0.0, 0.0, 0.0, 0.0, 0.0, 0.0, 0.0, 0.0, 0.0, 0.0, 0.0, 0.0, 0.0, 0.0, 0.0, 0.0, 0.0, 0.0, 0.0, 0.0, 0.0, 0.0, 0.0], [0.0, 0.0, 0.0, 0.9703366730956646, 0.0, 0.0, 0.0, 0.0, 0.0, 0.0, 0.0, 0.0, 0.0, 0.0, 0.0, 0.0, 0.0, 0.0, 0.0, 0.0, 0.0, 0.0, 0.0, 0.0, 0.0, 0.0, 0.0, 0.0, 0.0, 0.0, 0.0, 0.0, 0.0, 0.0, 0.0, 0.0, 0.0, 0.0, 0.0, 0.0, 0.0, 0.0, 0.0, 0.0, 0.0], [0.0, 0.0, 0.0, 0.9701417041203646, 0.0, 0.0, 0.0, 0.0, 0.0, 0.0, 0.0, 0.0, 0.0, 0.0, 0.0, 0.0, 0.0, 0.0, 0.0, 0.0, 0.0, 0.0, 0.0, 0.0, 0.0, 0.0, 0.0, 0.0, 0.0, 0.0, 0.0, 0.0, 0.0, 0.0, 0.0, 0.0, 0.0, 0.0, 0.0, 0.0, 0.0, 0.0, 0.0, 0.0, 0.0], [0.0, 0.0, 0.0, 0.0, 0.0, 0.0, 0.9676526849893076, 0.0, 0.0, 0.0, 0.0, 0.0, 0.0, 0.0, 0.0, 0.0, 0.0, 0.0, 0.0, 0.0, 0.0, 0.0, 0.0, 0.0, 0.0, 0.0, 0.0, 0.0, 0.0, 0.0, 0.0, 0.0, 0.0, 0.0, 0.0, 0.0, 0.0, 0.0, 0.0, 0.0, 0.0, 0.0, 0.0, 0.0, 0.0], [0.0, 0.0, 0.0, 0.0, 0.0, 0.0, 0.9629685799347205, 0.0, 0.0, 0.0, 0.0, 0.0, 0.0, 0.0, 0.0, 0.0, 0.0, 0.0, 0.0, 0.0, 0.0, 0.0, 0.0, 0.0, 0.0, 0.0, 0.0, 0.0, 0.0, 0.0, 0.0, 0.0, 0.0, 0.0, 0.0, 0.0, 0.0, 0.0, 0.0, 0.0, 0.0, 0.0, 0.0, 0.0, 0.0], [0.0, 0.0, 0.0, 0.0, 0.0, 0.0, 0.9823274038476112, 0.0, 0.0, 0.0, 0.0, 0.0, 0.0, 0.0, 0.0, 0.0, 0.0, 0.0, 0.0, 0.0, 0.0, 0.0, 0.0, 0.0, 0.0, 0.0, 0.0, 0.0, 0.0, 0.0, 0.0, 0.0, 0.0, 0.0, 0.0, 0.0, 0.0, 0.0, 0.0, 0.0, 0.0, 0.0, 0.0, 0.0, 0.0], [0.0, 0.0, 0.0, 0.0, 0.0, 0.0, 0.0, 0.0, 0.0, 0.9298461933842521, 0.0, 0.0, 0.0, 0.0, 0.0, 0.0, 0.0, 0.0, 0.0, 0.0, 0.0, 0.0, 0.0, 0.0, 0.0, 0.0, 0.0, 0.0, 0.0, 0.0, 0.0, 0.0, 0.0, 0.0, 0.0, 0.0, 0.0, 0.0, 0.0, 0.0, 0.0, 0.0, 0.0, 0.0, 0.0], [0.0, 0.0, 0.0, 0.0, 0.0, 0.0, 0.0, 0.0, 0.0, 0.0, 0.9689491073195693, 0.0, 0.0, 0.0, 0.0, 0.0, 0.0, 0.0, 0.0, 0.0, 0.0, 0.0, 0.0, 0.0, 0.0, 0.0, 0.0, 0.0, 0.0, 0.0, 0.0, 0.0, 0.0, 0.0, 0.0, 0.0, 0.0, 0.0, 0.0, 0.0, 0.0, 0.0, 0.0, 0.0, 0.0], [0.0, 0.0, 0.0, 0.0, 0.0, 0.0, 0.0, 0.0, 0.0, 0.0, 0.9697277899029696, 0.0, 0.0, 0.0, 0.0, 0.0, 0.0, 0.0, 0.0, 0.0, 0.0, 0.0, 0.0, 0.0, 0.0, 0.0, 0.0, 0.0, 0.0, 0.0, 0.0, 0.0, 0.0, 0.0, 0.0, 0.0, 0.0, 0.0, 0.0, 0.0, 0.0, 0.0, 0.0, 0.0, 0.0], [0.0, 0.0, 0.0, 0.0, 0.0, 0.0, 0.0, 0.0, 0.0, 0.0, 0.0, 0.9848324958882948, 0.0, 0.0, 0.0, 0.0, 0.0, 0.0, 0.0, 0.0, 0.0, 0.0, 0.0, 0.0, 0.0, 0.0, 0.0, 0.0, 0.0, 0.0, 0.0, 0.0, 0.0, 0.0, 0.0, 0.0, 0.0, 0.0, 0.0, 0.0, 0.0, 0.0, 0.0, 0.0, 0.0], [0.0, 0.0, 0.0, 0.0, 0.0, 0.0, 0.0, 0.0, 0.0, 0.0, 0.0, 0.9862292630362196, 0.0, 0.0, 0.0, 0.0, 0.0, 0.0, 0.0, 0.0, 0.0, 0.0, 0.0, 0.0, 0.0, 0.0, 0.0, 0.0, 0.0, 0.0, 0.0, 0.0, 0.0, 0.0, 0.0, 0.0, 0.0, 0.0, 0.0, 0.0, 0.0, 0.0, 0.0, 0.0, 0.0], [0.0, 0.0, 0.0, 0.0, 0.0, 0.0, 0.0, 0.0, 0.0, 0.0, 0.0, 0.9862317231223217, 0.0, 0.0, 0.0, 0.0, 0.0, 0.0, 0.0, 0.0, 0.0, 0.0, 0.0, 0.0, 0.0, 0.0, 0.0, 0.0, 0.0, 0.0, 0.0, 0.0, 0.0, 0.0, 0.0, 0.0, 0.0, 0.0, 0.0, 0.0, 0.0, 0.0, 0.0, 0.0, 0.0], [0.0, 0.0, 0.0, 0.0, 0.0, 0.0, 0.0, 0.0, 0.0, 0.0, 0.0, 0.0, 0.0, 0.0, 0.0, 0.0, 0.0, 0.0, 0.0, 0.9832904891332869, 0.0, 0.0, 0.0, 0.0, 0.0, 0.0, 0.0, 0.0, 0.0, 0.0, 0.0, 0.0, 0.0, 0.0, 0.0, 0.0, 0.0, 0.0, 0.0, 0.0, 0.0, 0.0, 0.0, 0.0, 0.0], [0.0, 0.0, 0.0, 0.0, 0.0, 0.0, 0.0, 0.0, 0.0, 0.0, 0.0, 0.0, 0.0, 0.0, 0.0, 0.0, 0.0, 0.0, 0.0, 0.9784957164139264, 0.0, 0.0, 0.0, 0.0, 0.0, 0.0, 0.0, 0.0, 0.0, 0.0, 0.0, 0.0, 0.0, 0.0, 0.0, 0.0, 0.0, 0.0, 0.0, 0.0, 0.0, 0.0, 0.0, 0.0, 0.0], [0.0, 0.0, 0.0, 0.0, 0.0, 0.0, 0.0, 0.0, 0.0, 0.0, 0.0, 0.0, 0.0, 0.0, 0.0, 0.0, 0.0, 0.0, 0.0, 0.97741570478807, 0.0, 0.0, 0.0, 0.0, 0.0, 0.0, 0.0, 0.0, 0.0, 0.0, 0.0, 0.0, 0.0, 0.0, 0.0, 0.0, 0.0, 0.0, 0.0, 0.0, 0.0, 0.0, 0.0, 0.0, 0.0], [0.0, 0.0, 0.0, 0.0, 0.0, 0.0, 0.0, 0.0, 0.0, 0.0, 0.0, 0.0, 0.0, 0.0, 0.0, 0.0, 0.0, 0.0, 0.0, 0.0, 0.9761555186880654, 0.0, 0.0, 0.0, 0.0, 0.0, 0.0, 0.0, 0.0, 0.0, 0.0, 0.0, 0.0, 0.0, 0.0, 0.0, 0.0, 0.0, 0.0, 0.0, 0.0, 0.0, 0.0, 0.0, 0.0], [0.0, 0.0, 0.0, 0.0, 0.0, 0.0, 0.0, 0.0, 0.0, 0.0, 0.0, 0.0, 0.0, 0.0, 0.0, 0.0, 0.0, 0.0, 0.0, 0.0, 0.9798222501601359, 0.0, 0.0, 0.0, 0.0, 0.0, 0.0, 0.0, 0.0, 0.0, 0.0, 0.0, 0.0, 0.0, 0.0, 0.0, 0.0, 0.0, 0.0, 0.0, 0.0, 0.0, 0.0, 0.0, 0.0], [0.0, 0.0, 0.0, 0.0, 0.0, 0.0, 0.0, 0.0, 0.0, 0.0, 0.0, 0.0, 0.0, 0.0, 0.0, 0.0, 0.0, 0.0, 0.0, 0.0, 0.9811485151136035, 0.0, 0.0, 0.0, 0.0, 0.0, 0.0, 0.0, 0.0, 0.0, 0.0, 0.0, 0.0, 0.0, 0.0, 0.0, 0.0, 0.0, 0.0, 0.0, 0.0, 0.0, 0.0, 0.0, 0.0]], "Born radii": [], "Atomic SASAs": [], "Solvent H bonds": [], "Total SASA": NaN, "Total FOD": 0.0, "FOD": [0.0, 0.0, 0.0, 0.0, 0.0, 0.0, 0.0, 0.0, 0.0, 0.0, 0.0, 0.0, 0.0, 0.0, 0.0, 0.0, 0.0, 0.0, 0.0, 0.0, 0.0, 0.0, 0.0, 0.0, 0.0, 0.0, 0.0, 0.0, 0.0, 0.0, 0.0, 0.0, 0.0, 0.0, 0.0, 0.0, 0.0, 0.0, 0.0, 0.0, 0.0, 0.0, 0.0, 0.0, 0.0], "FOD s proportion": [0.0, 0.0, 0.0, 0.0, 0.0, 0.0, 0.0, 0.0, 0.0, 0.0, 0.0, 0.0, 0.0, 0.0, 0.0, 0.0, 0.0, 0.0, 0.0, 0.0, 0.0, 0.0, 0.0, 0.0, 0.0, 0.0, 0.0, 0.0, 0.0, 0.0, 0.0, 0.0, 0.0, 0.0, 0.0, 0.0, 0.0, 0.0, 0.0, 0.0, 0.0, 0.0, 0.0, 0.0, 0.0], "FOD p proportion": [0.0, 0.0, 0.0, 0.0, 0.0, 0.0, 0.0, 0.0, 0.0, 0.0, 0.0, 0.0, 0.0, 0.0, 0.0, 0.0, 0.0, 0.0, 0.0, 0.0, 0.0, 0.0, 0.0, 0.0, 0.0, 0.0, 0.0, 0.0, 0.0, 0.0, 0.0, 0.0, 0.0, 0.0, 0.0, 0.0, 0.0, 0.0, 0.0, 0.0, 0.0, 0.0, 0.0, 0.0, 0.0], "FOD d proportion": [0.0, 0.0, 0.0, 0.0, 0.0, 0.0, 0.0, 0.0, 0.0, 0.0, 0.0, 0.0, 0.0, 0.0, 0.0, 0.0, 0.0, 0.0, 0.0, 0.0, 0.0, 0.0, 0.0, 0.0, 0.0, 0.0, 0.0, 0.0, 0.0, 0.0, 0.0, 0.0, 0.0, 0.0, 0.0, 0.0, 0.0, 0.0, 0.0, 0.0, 0.0, 0.0, 0.0, 0.0, 0.0], "coordinates": [["1.52550", "4.49990", "-1.60740"], ["1.54010", "3.79570", "-0.26010"], ["0.52530", "2.65370", "-0.21470"], ["0.54880", "1.94430", "1.14240"], ["-0.44210", "0.81530", "1.20200"], ["-1.72540", "0.94240", "1.70820"], ["-2.24000", "2.23420", "2.27320"], ["-2.59750", "-0.09030", "1.73500"], ["-2.19560", "-1.27180", "1.25560"], ["-3.12970", "-2.29630", "1.32170"], ["-3.05040", "-3.24970", "0.22950"], ["-4.17630", "-4.26290", "0.36450"], ["-0.98800", "-1.48610", "0.73470"], ["-0.15040", "-0.44110", "0.70020"], ["1.10570", "-0.65720", "0.18990"], ["1.22750", "-1.50630", "-1.19110"], ["1.21040", "-2.92710", "-0.90800"], ["0.35330", "-0.92460", "-2.19080"], ["2.83310", "-1.15710", "-1.70830"], ["3.87340", "-1.60930", "-0.76070"], ["3.10610", "-1.62010", "-3.08610"], ["1.77650", "3.80560", "-2.41560"], ["0.53980", "4.92820", "-1.81550"], ["2.25830", "5.31280", "-1.61810"], ["2.54700", "3.40660", "-0.06900"], ["1.31750", "4.52350", "0.52880"], ["-0.47950", "3.04720", "-0.41310"], ["0.74620", "1.93860", "-1.01680"], ["0.35520", "2.66540", "1.94500"], ["1.55600", "1.55910", "1.34740"], ["-2.16070", "3.03750", "1.53450"], ["-1.67920", "2.50650", "3.17250"], ["-3.29530", "2.14350", "2.55200"], ["-4.02720", "-1.83980", "1.44270"], ["-2.09450", "-3.78680", "0.24910"], ["-3.14160", "-2.74060", "-0.73780"], ["-4.12920", "-4.99580", "-0.44690"], ["-5.15440", "-3.77150", "0.32560"], ["-4.10900", "-4.80000", "1.31660"], ["3.67470", "-1.22660", "0.24440"], ["3.93830", "-2.70100", "-0.73110"], ["4.84630", "-1.21170", "-1.06790"], ["4.12150", "-1.33440", "-3.37980"], ["3.01690", "-2.70800", "-3.16240"], ["2.42240", "-1.14380", "-3.79460"]], "bond_dist": [[0.0, 1.5203052621102118, 2.5196165918647226, 3.878973355154686, 5.033930400790221, 5.849560703163957, 5.862716358480939, 7.017171994471847, 7.440152894934351, 8.742931332796799, 9.185279668034067, 10.638871025160519, 6.9018338620978135, 5.7050100411831, 5.477426379240527, 6.027980435436067, 7.466510387724643, 5.580287506034075, 5.807034317963, 6.59938329997584, 6.491475182884088, 1.094641827265887, 1.0946921896131352, 1.0944938282146683, 2.146029286845825, 2.146432249105478, 2.74894794057654, 2.7416007258534205, 4.165877830661864, 4.168942063641566, 5.059468332740111, 6.0902536613839, 6.789207756432263, 8.96255451252599, 9.231488999072685, 8.658109887267544, 11.112637438070227, 10.806183922643553, 11.25990702714725, 6.390698407060061, 7.644767252179756, 6.628811918436063, 6.627192033584058, 7.523039370493817, 6.118792621097727], [1.5203052621102118, 0.0, 1.5284123134808878, 2.525344313158109, 3.8664760971716867, 4.762249051656161, 4.81092996727244, 6.016739463363857, 6.475519842452805, 7.8371925636671715, 8.423185832569528, 9.89991858956426, 5.93955620311821, 4.661592064949485, 4.49661225479805, 5.39218728903216, 6.761990560478474, 5.23615592013836, 5.319714285560832, 5.908376617142817, 6.306308083181474, 2.168447190964078, 2.1685076665762564, 2.1590663838798476, 1.0962507149370533, 1.0961782747345434, 2.159269647357643, 2.1567782709402463, 2.746640149346106, 2.7543944198316987, 4.1822693648305345, 4.879413068187607, 5.832560707785218, 8.102667300340055, 8.4240078377219, 8.054174685838394, 10.462615780960324, 10.12037008117786, 10.40597771427558, 5.4803772406650975, 6.941204155620263, 6.054548211055884, 6.5356009716016175, 7.273403413808422, 6.137573118912719], [2.5196165918647226, 1.5284123134808878, 0.0, 1.531509392723401, 2.5144813003878155, 3.4193190243087876, 3.7433288327369802, 4.591595140035759, 4.997462270993149, 6.342085615946855, 6.916146014219191, 8.383309057884006, 4.508811516353284, 3.29718054404062, 3.385649735279774, 4.330362779259955, 5.665276298645989, 4.091306160628901, 4.698827347328267, 5.448032544873424, 5.759412560322451, 2.78142694673076, 2.7813883475703283, 3.470393834999135, 2.162257567913684, 2.1625274865305184, 1.0971908904105976, 1.0970547980843983, 2.16641985542969, 2.168097797609693, 3.2282501575931195, 4.044083571094939, 4.7446725166232495, 6.6078569339839675, 6.968393123956196, 6.543566436584869, 8.957295202235995, 8.59267776772759, 8.909503907064634, 5.018587576201098, 6.370875140041594, 5.860060443374284, 6.23341431801224, 6.606423596773069, 5.552988264889455], [3.878973355154686, 2.525344313158109, 1.531509392723401, 0.0, 1.5033549048711017, 2.5487092596057326, 3.0232691064475223, 3.79341213289566, 4.229402417599914, 5.616600315137263, 6.384768049819821, 7.839708557082974, 3.7809546003621888, 2.524788038628193, 2.8258089302003415, 4.22048531569534, 5.326574197361753, 4.402161934777047, 4.7919932115978625, 5.225210783308172, 6.093024117792413, 4.198934267168277, 4.201536935455882, 4.678626160530461, 2.75655845031445, 2.7603762950003756, 2.1664185999016907, 2.1682121413736253, 1.0961901887902483, 1.0976592731808903, 2.9479177227324374, 3.066163539343588, 4.099238662239611, 5.94553352526079, 6.374207950012299, 6.253198558337965, 8.519069579478737, 8.115665229665403, 8.198233283458089, 4.542274938838467, 6.04793556430622, 5.771851378890486, 6.630561953560196, 6.8019641236925095, 6.117246731169179], [5.033930400790221, 3.8664760971716867, 2.5144813003878155, 1.5033549048711017, 0.0, 1.3853706146732, 2.528476035085166, 2.3979052358256365, 2.7264668749133927, 4.11334127079191, 4.926784969937291, 6.358755470215851, 2.410978651917101, 1.3839917232411472, 2.363955900603901, 3.7288494646472388, 4.603087443227643, 3.8949974338887565, 4.804908208280362, 5.324886543392263, 6.075252917368955, 5.191445830402163, 5.1947454480465165, 5.955890396909601, 4.155116785362356, 4.159343414530712, 2.7552358120494875, 2.7562534752812557, 2.1472322417475014, 2.137003324751742, 2.8288363420318254, 2.876359522034754, 3.42452412460476, 4.467710208820621, 4.981743528123462, 4.867704705505461, 7.076896270965118, 6.634197953784617, 6.707524346582724, 4.694080912170135, 5.940466771222612, 6.101503877733751, 6.814730096636256, 6.589864281607019, 6.0835388237439565], [5.849560703163957, 4.762249051656161, 3.4193190243087876, 2.5487092596057326, 1.3853706146732, 0.0, 1.5009281794942755, 1.351941544594292, 2.308379613495146, 3.5511432567554917, 4.63852143468153, 5.908264431286061, 2.7182849850595137, 2.3261043076354078, 3.588743827580899, 4.808501907039239, 5.516924354203164, 4.7967576226030015, 6.07126796888426, 6.6297210755807825, 7.272902514814838, 6.121024774496506, 5.78223091635054, 6.784875351839561, 5.242530232626227, 4.84504922369216, 3.237647840639868, 3.8114099753240924, 2.7117705655161903, 3.3582854985840616, 2.1468818761170816, 2.1430627009026124, 2.149238390686338, 3.6206919683949916, 4.962916507458089, 4.642523822232903, 6.759062781924724, 5.990866128532668, 6.229771848149818, 6.000695913808665, 7.162544641396659, 7.452121772354502, 8.078230118658418, 7.716059474239425, 7.199811325305684], [5.862716358480939, 4.81092996727244, 3.7433288327369802, 3.0232691064475223, 2.528476035085166, 1.5009281794942755, 0.0, 2.412626315864104, 3.650961122773016, 4.71405861121815, 5.908182212829933, 7.043060541412377, 4.216054831237374, 3.7413884120737855, 4.88815316249399, 6.165733613285608, 6.975981027067089, 6.052315121505158, 7.286261150274536, 7.832668831247751, 8.4946165416692, 6.370746867518753, 5.630487699125184, 6.697364895240516, 5.456719857203594, 4.575984276633826, 3.3130857127457483, 4.4529619131539855, 2.651171763579267, 3.965158464677043, 1.0941924282318902, 1.0942506202876925, 1.0952689258807626, 4.525625933503563, 6.353785647942492, 5.8845253504424635, 7.952416025963431, 6.953797927032393, 7.340859227638138, 7.14680643154689, 8.45892477919032, 8.558786345621673, 9.228217444880675, 9.033608681473865, 8.36463116939414], [7.017171994471847, 6.016739463363857, 4.591595140035759, 3.79341213289566, 2.3979052358256365, 1.351941544594292, 2.412626315864104, 0.0, 1.336895740138325, 2.3066186789324323, 3.528945596066904, 4.667062293348997, 2.3535819467356562, 2.67995710600002, 4.052456028138985, 5.019735272900355, 5.4344259724464, 4.981483992747543, 6.5181127245545545, 7.099889175191399, 7.623276605895918, 7.178954880064368, 6.901742083706114, 8.000972619625692, 6.476774340672987, 6.170031918880161, 4.352489386546509, 4.782171906153103, 4.0443070828017005, 4.48579049555371, 3.1645105988130298, 3.1069360115715288, 2.478765071562854, 2.2782079865543445, 4.015597098813575, 3.6653614746706773, 5.583074668137621, 4.6984443606368265, 4.963966649767099, 6.546262971344796, 7.4574851887214635, 8.032679802531655, 8.535451063066322, 7.896731438386391, 7.542263216038008], [7.440152894934351, 6.475519842452805, 4.997462270993149, 4.229402417599914, 2.7264668749133927, 2.308379613495146, 3.650961122773016, 1.336895740138325, 0.0, 1.3879885698376624, 2.3865566534235048, 3.6964727660298, 1.3325010544085887, 2.276263317369061, 3.5230712936300344, 4.214136299409406, 4.361423970448184, 4.300594378687672, 5.838294527514007, 6.404071590792846, 6.861464469776114, 7.418576589211707, 7.440031476411911, 8.452948246617863, 6.792219554755279, 6.815835380934607, 4.937946931671097, 4.911685775780043, 4.741666040538916, 4.700736602916611, 4.318456866752289, 4.268105605535083, 3.815005522931782, 1.9267560743384198, 2.7108095580471896, 2.65064765670581, 4.528298931166096, 3.9834529657070132, 4.01410211628952, 5.956927947356758, 6.604113774004807, 7.415566051893813, 7.8355985304251, 6.982231068218812, 6.844474270533859], [8.742931332796799, 7.8371925636671715, 6.342085615946855, 5.616600315137263, 4.11334127079191, 3.5511432567554917, 4.71405861121815, 2.3066186789324323, 1.3879885698376624, 0.0, 1.4519507188606642, 2.4246894564046757, 2.363868001813976, 3.564303267119677, 4.680409513066138, 5.091508193060285, 4.919953123760429, 5.133274407237549, 6.7848110128433206, 7.33837641239532, 7.666234337665396, 8.675908790438037, 8.689111251445686, 9.776061111204244, 8.165907040249722, 8.180217007512699, 6.21176974219103, 6.198835460794228, 6.095202850603087, 6.067994243570111, 5.42528038722424, 5.34755072252709, 4.610085193355975, 1.0141693645540664, 2.1080085507416713, 2.106913465237716, 3.378497663163318, 2.6958932360165897, 2.68841369398387, 6.971706587342872, 7.371186738239643, 8.396613681717174, 8.69535826173942, 7.619536814006479, 7.63744697853936], [9.185279668034067, 8.423185832569528, 6.916146014219191, 6.384768049819821, 4.926784969937291, 4.63852143468153, 5.908182212829933, 3.528945596066904, 2.3865566534235048, 1.4519507188606642, 0.0, 1.5206742090270362, 2.7602546549186364, 4.064454754330524, 4.898549950750732, 4.833009034752573, 4.421808866289902, 4.780074872844566, 6.538319038560293, 7.184038880741111, 7.179922824794149, 8.9483392710603, 9.162401947633601, 10.242671902389533, 8.702087031281634, 8.9213658786085, 6.831794140633923, 6.548732101712513, 7.037716932358107, 6.752272122034182, 6.482551575575778, 6.6087273268005235, 5.877124169183428, 2.100907063627518, 1.0966336580645333, 1.0968908514524132, 2.1610626113095384, 2.169867841597732, 2.169297227214381, 7.02282889083879, 7.075715634478254, 8.257999857713731, 8.25418501064763, 6.972126920101211, 7.111943156409505], [10.638871025160519, 9.89991858956426, 8.383309057884006, 7.839708557082974, 6.358755470215851, 5.908264431286061, 7.043060541412377, 4.667062293348997, 3.6964727660298, 2.4246894564046757, 1.5206742090270362, 0.0, 4.244163424044838, 5.561179779507222, 6.39774035500035, 6.262570507387522, 5.693869930021234, 6.179893295195314, 7.941925575073088, 8.550165968564588, 8.480824367949145, 10.405069730664952, 10.557950483877068, 11.705930565743163, 10.208423746592812, 10.363863077540152, 8.22852076682073, 8.037263103196262, 8.428155989894824, 8.229279415598914, 7.663379379881959, 7.742425251172917, 6.826659374100923, 2.656343287303055, 2.138663042650712, 2.1454758609688436, 1.0944088724055556, 1.0952930110249035, 1.095216923718767, 8.418535662453419, 8.33586253065632, 9.631661433003135, 9.562916897056045, 8.160812696049334, 8.400579700830175], [6.9018338620978135, 5.93955620311821, 4.508811516353284, 3.7809546003621888, 2.410978651917101, 2.7182849850595137, 4.216054831237374, 2.3535819467356562, 1.3325010544085887, 2.363868001813976, 2.7602546549186364, 4.244163424044838, 0.0, 1.339697357614771, 2.316778353662689, 2.935567054250337, 3.099662376775896, 3.2669432486653327, 4.5472293993155875, 5.087691948221708, 5.601617931455162, 6.750476963148605, 7.069719751871357, 7.892982499663862, 6.089390115602711, 6.439954752946639, 4.70391602603618, 4.219451620767798, 4.528130362522705, 4.015044250067488, 4.7410823964575854, 4.728792767715667, 4.669069365516002, 3.140557964757218, 2.598724706466616, 2.8948263263968017, 4.856059111048793, 4.769623143394035, 4.589246323744238, 4.695583630391434, 5.281380817551409, 6.112586899995779, 6.561944329998542, 5.720109442134827, 5.680013727096089], [5.7050100411831, 4.661592064949485, 3.29718054404062, 2.524788038628193, 1.3839917232411472, 2.3261043076354078, 3.7413884120737855, 2.67995710600002, 2.276263317369061, 3.564303267119677, 4.064454754330524, 5.561179779507222, 1.339697357614771, 0.0, 1.3729138756673704, 2.5710455344081327, 3.258570220203947, 2.9741161611477116, 3.9006154001644404, 4.437328756132455, 5.1313644325851575, 5.608530479546314, 5.969464383007909, 6.654601099239533, 4.7615575907469605, 5.179899760613133, 3.676408653835969, 3.0683794827237394, 3.384597561010762, 2.7076685247644328, 4.1034157162052205, 4.139787734896561, 4.472104248561298, 4.18774953644556, 3.8957315757120634, 4.037675282882466, 6.155646183789318, 6.0226161524706185, 5.920343919908707, 3.9314315331695653, 4.88602449748259, 5.356025845718073, 5.9744049494489415, 5.48546293944276, 5.226501140342361], [5.477426379240527, 4.49661225479805, 3.385649735279774, 2.8258089302003415, 2.363955900603901, 3.588743827580899, 4.88815316249399, 4.052456028138985, 3.5230712936300344, 4.680409513066138, 4.898549950750732, 6.39774035500035, 2.316778353662689, 1.3729138756673704, 0.0, 1.6257204710527577, 2.523646669008956, 2.511043808857185, 2.614760794030689, 3.077384938547663, 3.9573921425605527, 5.211063876983278, 5.961423079265554, 6.343362732809784, 4.3195885614257294, 5.196091313670306, 4.074192852578287, 2.8850550739977217, 3.83187904558586, 2.5405830098621065, 5.11156788177561, 5.163387304861025, 5.726450724488948, 5.414306327684091, 4.4765143627603825, 4.820865082119599, 6.828846330823384, 6.993291856486471, 6.754653271634303, 2.631909498824, 3.6123374980751732, 3.985174958518133, 4.721907196250261, 4.369940659780176, 4.224537690682851], [6.027980435436067, 5.39218728903216, 4.330362779259955, 4.22048531569534, 3.7288494646472388, 4.808501907039239, 6.165733613285608, 5.019735272900355, 4.214136299409406, 5.091508193060285, 4.8