{"total energy": -30.37791036, "HOMO-LUMO gap/eV": 11.75731902, "electronic energy": -30.76580179, "dipole": [-0.20309717, -0.69798008, 0.29320569], "partial charges": [-0.10003815, -0.05222562, -0.05891274, -0.06296721, -0.02998296, -0.05597628, -0.10074415, 0.07719059, -0.44565659, 0.03174706, 0.03199128, 0.03167281, 0.03007646, 0.02914659, 0.03013246, 0.02852702, 0.04212058, 0.03456108, 0.02831727, 0.03539082, 0.03157043, 0.03300528, 0.02835959, 0.0340093, 0.01867576, 0.04193835, 0.28807097], "atomic dipole moments": [[-0.07049141, 0.06304789, -0.03484009], [-0.02237575, -0.10472422, 0.03197951], [0.01992878, 0.10440735, -0.03188768], [-0.02835574, -0.1137445, 0.01866683], [-0.02158784, 0.07966021, 0.04514125], [-0.05189072, -0.00962519, -0.10050673], [0.08994691, 0.04172682, 0.00704872], [0.01134848, 0.11721901, 0.15940636], [-0.03692773, -0.23525994, -0.01863859], [-0.0255294, -0.0370691, 0.11740761], [0.00999806, -0.10233219, -0.07252949], [0.11136481, 0.05634579, 0.00149505], [0.00025801, 0.10106667, 0.07168089], [0.03504173, 0.0375391, -0.11242006], [-0.02803934, -0.03799703, 0.11431943], [0.00340451, -0.10179578, -0.07064834], [-0.00470702, 0.10129754, 0.07746312], [0.04043882, 0.04803395, -0.1072362], [0.01454779, -0.09896263, -0.07235546], [0.06783201, -0.08726619, 0.05481954], [-0.00543229, 0.0902716, 0.08564288], [-0.035304, -0.04741828, 0.11006487], [-0.08751299, 0.08335101, -0.03073293], [-0.00138531, -0.0955275, -0.08461776], [-0.10776543, -0.03882416, -0.02926107], [0.04983503, 0.03214275, -0.1115479], [-0.04611227, -0.02622573, 0.05671407]], "atomic quadrupole moments": [[0.06234734, -0.14750595, 0.02196956, 0.08616138, -0.07958806, -0.0843169], [0.20356766, -0.02335657, -0.0131285, 0.09072855, -0.08405325, -0.19043915], [0.20055101, -0.0089862, -0.00246847, 0.07927434, -0.08364079, -0.19808254], [0.18972, -0.01140329, -0.01186897, 0.11909355, -0.07600015, -0.17785103], [0.07640658, 0.00981321, -0.07218123, 0.02917125, -0.13722877, -0.00422535], [0.13055573, 0.15380679, -0.15225851, -0.05709737, -0.05132561, 0.02170278], [0.16471915, 0.12669986, -0.06397138, 0.03760516, 0.00022372, -0.10074777], [-0.20010272, -0.18449284, 0.25582409, 0.00481068, 0.23006525, -0.05572137], [-0.09829815, -0.01886345, 0.1106019, -0.03905346, 0.09893971, -0.01230375], [-0.02751365, -0.00295185, -0.03351538, -0.03595201, -0.03099451, 0.06102903], [-0.04302593, -0.00704091, 0.03364861, 0.01034835, 0.05793878, 0.00937733], [0.05484145, 0.04870037, -0.00370944, 0.00379167, -0.00844894, -0.05113202], [-0.01817346, -0.00927516, 0.01491931, -0.00013514, 0.04643158, 0.00325415], [-0.01362462, 0.00100866, -0.0355776, -0.01525905, -0.01899701, 0.04920222], [-0.0123267, 0.00269033, -0.0335156, -0.02192348, -0.01726229, 0.0458423], [-0.02137057, -0.00541283, 0.01465596, 0.00031842, 0.04739126, 0.00671461], [-0.02013559, -0.01560803, 0.00591408, -0.0028153, 0.04418171, 0.01422151], [-0.00480911, 0.00233551, -0.03900942, -0.01779544, -0.02563145, 0.04381853], [-0.02453083, -0.00758258, 0.02573048, -0.00448526, 0.02392044, -0.00119965], [0.02114776, -0.03365655, 0.00867639, 0.00527679, -0.02746076, -0.02982415], [-0.02108655, 0.00041468, 0.03624663, -0.01486142, 0.04179458, -0.01516008], [-0.02208173, 0.01586092, -0.03701701, -0.01778118, -0.04385127, 0.05909874], [0.0067258, -0.04597499, 0.03248245, 0.02613106, -0.03091443, -0.03920826], [-0.02727041, -0.00536652, 0.01553127, -0.0092085, 0.06466675, 0.01173914], [0.02869988, 0.02718592, 0.01183477, -0.00432126, 0.02031398, -0.04053465], [-0.00552425, 0.00494291, -0.00995656, -0.04225721, -0.02032063, 0.01548081], [-0.02121272, 0.03299135, -0.03901782, -0.10137724, -0.01827402, 0.06023055]], "number of molecular orbitals": 54, "number of electrons": 56, "number of unpaired electrons": 0, "orbital energies/eV": [-18.46796103, -17.20328747, -16.82492223, -16.7043248, -16.4229999, -15.97466656, -15.45506752, -15.38570098, -15.07629283, -14.80097499, -14.35842077, -14.0593482, -13.93206876, -13.59319462, -13.52924315, -13.23879745, -13.11699767, -12.83438113, -12.60212831, -12.3462709, -12.15393894, -11.93293711, -11.88573913, -11.84024726, -11.60973995, -11.49073505, -11.34769115, -10.85914437, 0.89817465, 1.5872532, 1.81688883, 2.09332354, 2.9451102, 3.07897807, 3.23328005, 3.53493497, 3.93916873, 4.11753193, 4.1856009, 4.44232674, 4.75896602, 4.87523743, 5.12158457, 5.44673737, 5.59990517, 6.15466234, 6.38646348, 6.6137783, 6.93875701, 7.28628484, 7.42139803, 7.453781, 7.89597158, 8.4667426], "fractional occupation": [2.0, 2.0, 2.0, 2.0, 2.0, 2.0, 2.0, 2.0, 2.0, 2.0, 2.0, 2.0, 2.0, 2.0, 2.0, 2.0, 2.0, 2.0, 2.0, 2.0, 2.0, 2.0, 2.0, 2.0, 2.0, 2.0, 2.0, 2.0, 0.0, 0.0, 0.0, 0.0, 0.0, 0.0, 0.0, 0.0, 0.0, 0.0, 0.0, 0.0, 0.0, 0.0, 0.0, 0.0, 0.0, 0.0, 0.0, 0.0, 0.0, 0.0, 0.0, 0.0, 0.0, 0.0], "program call": "xtb /home/svss/Project-DBcg-Debug/aqme2_20220329/End-to-End-workflows-final/example-3/QDESCP/mol_1056_rdkit_conf_17/mol_1056_rdkit_conf_17.xyz --pop --wbo --acc 0.2 --gfn 2 --chrg 0 --uhf 0 --etemp 300 --input /home/svss/Project-DBcg-Debug/aqme2_20220329/End-to-End-workflows-final/example-3/QDESCP/mol_1056_rdkit_conf_17/mol_1056_rdkit_conf_17_xtb.inp", "method": "GFN2-xTB", "xtb version": "6.3.3 (7355c4f)", "Dipole module/D": 1.992, "Total charge": 0, "Transition dipole module/D": NaN, "HOMO": -10.8591, "LUMO": 0.8982, "HOMO occupancy": 2.0, "LUMO occupancy": 0, "mulliken charges": [-0.08359, -0.03784, -0.04875, -0.04736, -0.03558, -0.04781, -0.08764, 0.18995, -0.56472, 0.02632, 0.02619, 0.02844, 0.02356, 0.02253, 0.02204, 0.02106, 0.03328, 0.02715, 0.02051, 0.02799, 0.02433, 0.03147, 0.02409, 0.02857, 0.01094, 0.03051, 0.33435], "cm5 charges": [-0.23394, -0.1505, -0.15978, -0.15498, -0.10381, -0.15817, -0.23837, 0.1047, -0.78032, 0.07761, 0.07748, 0.07922, 0.07827, 0.07723, 0.07805, 0.07654, 0.09115, 0.08362, 0.07966, 0.08381, 0.08131, 0.08225, 0.07665, 0.08009, 0.074, 0.09355, 0.50469], "FUKUI+": [0.006, -0.011, -0.01, -0.025, -0.029, 0.004, 0.016, -0.004, -0.076, -0.033, -0.033, -0.058, -0.037, -0.036, -0.042, -0.045, -0.051, -0.052, -0.077, -0.038, -0.031, -0.048, -0.026, -0.031, -0.09, -0.066, -0.075], "FUKUI-": [0.017, 0.006, 0.005, 0.009, -0.009, 0.01, 0.017, 0.007, -0.105, -0.05, -0.057, -0.054, -0.069, -0.072, -0.063, -0.059, -0.037, -0.048, -0.043, -0.066, -0.032, -0.048, -0.046, -0.032, -0.085, -0.054, -0.043], "FUKUIrad": [0.012, -0.002, -0.003, -0.008, -0.019, 0.007, 0.017, 0.001, -0.091, -0.041, -0.045, -0.056, -0.053, -0.054, -0.052, -0.052, -0.044, -0.05, -0.06, -0.052, -0.031, -0.048, -0.036, -0.031, -0.088, -0.06, -0.059], "s proportion": [1.007, 1.027, 1.033, 1.037, 1.067, 1.032, 1.009, 0.995, 1.695, 0.974, 0.974, 0.972, 0.976, 0.977, 0.978, 0.979, 0.967, 0.973, 0.979, 0.972, 0.976, 0.969, 0.976, 0.971, 0.989, 0.969, 0.666], "p proportion": [3.076, 3.01, 3.016, 3.011, 2.969, 3.016, 3.079, 2.815, 4.87, 0.0, 0.0, 0.0, 0.0, 0.0, 0.0, 0.0, 0.0, 0.0, 0.0, 0.0, 0.0, 0.0, 0.0, 0.0, 0.0, 0.0, 0.0], "d proportion": [0.0, 0.0, 0.0, 0.0, 0.0, 0.0, 0.0, 0.0, 0.0, 0.0, 0.0, 0.0, 0.0, 0.0, 0.0, 0.0, 0.0, 0.0, 0.0, 0.0, 0.0, 0.0, 0.0, 0.0, 0.0, 0.0, 0.0], "Fermi-level/eV": -4.9805, "Coordination numbers": [3.75, 3.8, 3.8, 3.802, 3.846, 3.799, 3.748, 3.675, 1.653, 0.924, 0.924, 0.924, 0.924, 0.924, 0.924, 0.924, 0.924, 0.924, 0.923, 0.924, 0.924, 0.924, 0.924, 0.924, 0.924, 0.924, 0.804], "Dispersion coefficient C6": [22.474, 21.512, 21.635, 21.709, 21.076, 21.582, 22.49, 19.513, 21.757, 2.562, 2.558, 2.563, 2.585, 2.599, 2.585, 2.608, 2.421, 2.523, 2.611, 2.511, 2.564, 2.544, 2.61, 2.53, 2.754, 2.423, 0.758], "Total dispersion C6": 4856.97585, "Total dispersion C8": 100789.686939, "Polarizability alpha": [6.761, 6.604, 6.622, 6.634, 6.53, 6.615, 6.764, 6.33, 6.297, 2.503, 2.501, 2.504, 2.515, 2.521, 2.514, 2.525, 2.433, 2.484, 2.527, 2.478, 2.504, 2.494, 2.526, 2.488, 2.595, 2.434, 1.368], "Total polarizability alpha": 103.071065, "Wiberg matrix": [[0.0, 1.0201215112293276, 0.0, 0.0, 0.0, 0.0, 0.0, 0.0, 0.0, 0.9877004023553462, 0.9877126622566301, 0.9873117482798214, 0.0, 0.0, 0.0, 0.0, 0.0, 0.0, 0.0, 0.0, 0.0, 0.0, 0.0, 0.0, 0.0, 0.0, 0.0], [1.0201215112293276, 0.0, 1.007001409179677, 0.0, 0.0, 0.0, 0.0, 0.0, 0.0, 0.0, 0.0, 0.0, 0.9781371896949032, 0.9778945464666, 0.0, 0.0, 0.0, 0.0, 0.0, 0.0, 0.0, 0.0, 0.0, 0.0, 0.0, 0.0, 0.0], [0.0, 1.007001409179677, 0.0, 1.0076547010235914, 0.0, 0.0, 0.0, 0.0, 0.0, 0.0, 0.0, 0.0, 0.0, 0.0, 0.9749681566067404, 0.9771382756208311, 0.0, 0.0, 0.0, 0.0, 0.0, 0.0, 0.0, 0.0, 0.0, 0.0, 0.0], [0.0, 0.0, 1.0076547010235914, 0.0, 0.9934870756814511, 0.0, 0.0, 0.0, 0.0, 0.0, 0.0, 0.0, 0.0, 0.0, 0.0, 0.0, 0.9762419741944887, 0.9750828345174072, 0.0, 0.0, 0.0, 0.0, 0.0, 0.0, 0.0, 0.0, 0.0], [0.0, 0.0, 0.0, 0.9934870756814511, 0.0, 0.9957091777028294, 0.0, 0.9858439445911502, 0.0, 0.0, 0.0, 0.0, 0.0, 0.0, 0.0, 0.0, 0.0, 0.0, 0.9669306948420032, 0.0, 0.0, 0.0, 0.0, 0.0, 0.0, 0.0, 0.0], [0.0, 0.0, 0.0, 0.0, 0.9957091777028294, 0.0, 1.019510905702427, 0.0, 0.0, 0.0, 0.0, 0.0, 0.0, 0.0, 0.0, 0.0, 0.0, 0.0, 0.0, 0.9741387522692809, 0.9750486091862142, 0.0, 0.0, 0.0, 0.0, 0.0, 0.0], [0.0, 0.0, 0.0, 0.0, 0.0, 1.019510905702427, 0.0, 0.0, 0.0, 0.0, 0.0, 0.0, 0.0, 0.0, 0.0, 0.0, 0.0, 0.0, 0.0, 0.0, 0.0, 0.9867157099356443, 0.9856341025027036, 0.9873081302039886, 0.0, 0.0, 0.0], [0.0, 0.0, 0.0, 0.0, 0.9858439445911502, 0.0, 0.0, 0.0, 0.9972153655288515, 0.0, 0.0, 0.0, 0.0, 0.0, 0.0, 0.0, 0.0, 0.0, 0.0, 0.0, 0.0, 0.0, 0.0, 0.0, 0.9703659446431787, 0.9721639533270863, 0.0], [0.0, 0.0, 0.0, 0.0, 0.0, 0.0, 0.0, 0.9972153655288515, 0.0, 0.0, 0.0, 0.0, 0.0, 0.0, 0.0, 0.0, 0.0, 0.0, 0.0, 0.0, 0.0, 0.0, 0.0, 0.0, 0.0, 0.0, 0.9004781863213316], [0.9877004023553462, 0.0, 0.0, 0.0, 0.0, 0.0, 0.0, 0.0, 0.0, 0.0, 0.0, 0.0, 0.0, 0.0, 0.0, 0.0, 0.0, 0.0, 0.0, 0.0, 0.0, 0.0, 0.0, 0.0, 0.0, 0.0, 0.0], [0.9877126622566301, 0.0, 0.0, 0.0, 0.0, 0.0, 0.0, 0.0, 0.0, 0.0, 0.0, 0.0, 0.0, 0.0, 0.0, 0.0, 0.0, 0.0, 0.0, 0.0, 0.0, 0.0, 0.0, 0.0, 0.0, 0.0, 0.0], [0.9873117482798214, 0.0, 0.0, 0.0, 0.0, 0.0, 0.0, 0.0, 0.0, 0.0, 0.0, 0.0, 0.0, 0.0, 0.0, 0.0, 0.0, 0.0, 0.0, 0.0, 0.0, 0.0, 0.0, 0.0, 0.0, 0.0, 0.0], [0.0, 0.9781371896949032, 0.0, 0.0, 0.0, 0.0, 0.0, 0.0, 0.0, 0.0, 0.0, 0.0, 0.0, 0.0, 0.0, 0.0, 0.0, 0.0, 0.0, 0.0, 0.0, 0.0, 0.0, 0.0, 0.0, 0.0, 0.0], [0.0, 0.9778945464666, 0.0, 0.0, 0.0, 0.0, 0.0, 0.0, 0.0, 0.0, 0.0, 0.0, 0.0, 0.0, 0.0, 0.0, 0.0, 0.0, 0.0, 0.0, 0.0, 0.0, 0.0, 0.0, 0.0, 0.0, 0.0], [0.0, 0.0, 0.9749681566067404, 0.0, 0.0, 0.0, 0.0, 0.0, 0.0, 0.0, 0.0, 0.0, 0.0, 0.0, 0.0, 0.0, 0.0, 0.0, 0.0, 0.0, 0.0, 0.0, 0.0, 0.0, 0.0, 0.0, 0.0], [0.0, 0.0, 0.9771382756208311, 0.0, 0.0, 0.0, 0.0, 0.0, 0.0, 0.0, 0.0, 0.0, 0.0, 0.0, 0.0, 0.0, 0.0, 0.0, 0.0, 0.0, 0.0, 0.0, 0.0, 0.0, 0.0, 0.0, 0.0], [0.0, 0.0, 0.0, 0.9762419741944887, 0.0, 0.0, 0.0, 0.0, 0.0, 0.0, 0.0, 0.0, 0.0, 0.0, 0.0, 0.0, 0.0, 0.0, 0.0, 0.0, 0.0, 0.0, 0.0, 0.0, 0.0, 0.0, 0.0], [0.0, 0.0, 0.0, 0.9750828345174072, 0.0, 0.0, 0.0, 0.0, 0.0, 0.0, 0.0, 0.0, 0.0, 0.0, 0.0, 0.0, 0.0, 0.0, 0.0, 0.0, 0.0, 0.0, 0.0, 0.0, 0.0, 0.0, 0.0], [0.0, 0.0, 0.0, 0.0, 0.9669306948420032, 0.0, 0.0, 0.0, 0.0, 0.0, 0.0, 0.0, 0.0, 0.0, 0.0, 0.0, 0.0, 0.0, 0.0, 0.0, 0.0, 0.0, 0.0, 0.0, 0.0, 0.0, 0.0], [0.0, 0.0, 0.0, 0.0, 0.0, 0.9741387522692809, 0.0, 0.0, 0.0, 0.0, 0.0, 0.0, 0.0, 0.0, 0.0, 0.0, 0.0, 0.0, 0.0, 0.0, 0.0, 0.0, 0.0, 0.0, 0.0, 0.0, 0.0], [0.0, 0.0, 0.0, 0.0, 0.0, 0.9750486091862142, 0.0, 0.0, 0.0, 0.0, 0.0, 0.0, 0.0, 0.0, 0.0, 0.0, 0.0, 0.0, 0.0, 0.0, 0.0, 0.0, 0.0, 0.0, 0.0, 0.0, 0.0], [0.0, 0.0, 0.0, 0.0, 0.0, 0.0, 0.9867157099356443, 0.0, 0.0, 0.0, 0.0, 0.0, 0.0, 0.0, 0.0, 0.0, 0.0, 0.0, 0.0, 0.0, 0.0, 0.0, 0.0, 0.0, 0.0, 0.0, 0.0], [0.0, 0.0, 0.0, 0.0, 0.0, 0.0, 0.9856341025027036, 0.0, 0.0, 0.0, 0.0, 0.0, 0.0, 0.0, 0.0, 0.0, 0.0, 0.0, 0.0, 0.0, 0.0, 0.0, 0.0, 0.0, 0.0, 0.0, 0.0], [0.0, 0.0, 0.0, 0.0, 0.0, 0.0, 0.9873081302039886, 0.0, 0.0, 0.0, 0.0, 0.0, 0.0, 0.0, 0.0, 0.0, 0.0, 0.0, 0.0, 0.0, 0.0, 0.0, 0.0, 0.0, 0.0, 0.0, 0.0], [0.0, 0.0, 0.0, 0.0, 0.0, 0.0, 0.0, 0.9703659446431787, 0.0, 0.0, 0.0, 0.0, 0.0, 0.0, 0.0, 0.0, 0.0, 0.0, 0.0, 0.0, 0.0, 0.0, 0.0, 0.0, 0.0, 0.0, 0.0], [0.0, 0.0, 0.0, 0.0, 0.0, 0.0, 0.0, 0.9721639533270863, 0.0, 0.0, 0.0, 0.0, 0.0, 0.0, 0.0, 0.0, 0.0, 0.0, 0.0, 0.0, 0.0, 0.0, 0.0, 0.0, 0.0, 0.0, 0.0], [0.0, 0.0, 0.0, 0.0, 0.0, 0.0, 0.0, 0.0, 0.9004781863213316, 0.0, 0.0, 0.0, 0.0, 0.0, 0.0, 0.0, 0.0, 0.0, 0.0, 0.0, 0.0, 0.0, 0.0, 0.0, 0.0, 0.0, 0.0]], "Born radii": [], "Atomic SASAs": [], "Solvent H bonds": [], "Total SASA": NaN, "Total FOD": 0.0, "FOD": [0.0, 0.0, 0.0, 0.0, 0.0, 0.0, 0.0, 0.0, 0.0, 0.0, 0.0, 0.0, 0.0, 0.0, 0.0, 0.0, 0.0, 0.0, 0.0, 0.0, 0.0, 0.0, 0.0, 0.0, 0.0, 0.0, 0.0], "FOD s proportion": [0.0, 0.0, 0.0, 0.0, 0.0, 0.0, 0.0, 0.0, 0.0, 0.0, 0.0, 0.0, 0.0, 0.0, 0.0, 0.0, 0.0, 0.0, 0.0, 0.0, 0.0, 0.0, 0.0, 0.0, 0.0, 0.0, 0.0], "FOD p proportion": [0.0, 0.0, 0.0, 0.0, 0.0, 0.0, 0.0, 0.0, 0.0, 0.0, 0.0, 0.0, 0.0, 0.0, 0.0, 0.0, 0.0, 0.0, 0.0, 0.0, 0.0, 0.0, 0.0, 0.0, 0.0, 0.0, 0.0], "FOD d proportion": [0.0, 0.0, 0.0, 0.0, 0.0, 0.0, 0.0, 0.0, 0.0, 0.0, 0.0, 0.0, 0.0, 0.0, 0.0, 0.0, 0.0, 0.0, 0.0, 0.0, 0.0, 0.0, 0.0, 0.0, 0.0, 0.0, 0.0], "coordinates": [["3.86790", "-0.63510", "0.71610"], ["2.81430", "0.32600", "0.18890"], ["1.43020", "-0.32480", "0.15190"], ["0.37320", "0.65180", "-0.37460"], ["-1.02050", "0.01140", "-0.57950"], ["-1.62750", "-0.44560", "0.76450"], ["-3.01040", "-1.07040", "0.63600"], ["-1.92590", "0.99160", "-1.34780"], ["-2.16500", "2.18220", "-0.61060"], ["3.63060", "-0.95720", "1.73500"], ["3.93980", "-1.52460", "0.08210"], ["4.84890", "-0.14990", "0.73310"], ["2.78920", "1.21760", "0.82620"], ["3.09940", "0.65390", "-0.81750"], ["1.16850", "-0.65700", "1.16230"], ["1.46090", "-1.21470", "-0.48800"], ["0.29590", "1.50510", "0.31100"], ["0.72090", "1.05200", "-1.33590"], ["-0.89590", "-0.87590", "-1.21470"], ["-0.97400", "-1.19720", "1.22110"], ["-1.67580", "0.39390", "1.46810"], ["-3.32330", "-1.48760", "1.59880"], ["-3.76100", "-0.33170", "0.34070"], ["-3.00890", "-1.88110", "-0.09940"], ["-2.88860", "0.53880", "-1.60450"], ["-1.45210", "1.27890", "-2.29270"], ["-2.71060", "1.94960", "0.15920"]], "bond_dist": [[0.0, 1.5204361249325802, 2.5213070062965364, 3.8805497278091927, 5.098332685300166, 5.498879337646899, 6.892525878805245, 6.361914376978049, 6.789196903169034, 1.0946309469405662, 1.094685278972911, 1.0945634015441958, 2.1466748682555536, 2.145703197089476, 2.7361166660067693, 2.7530786349103797, 4.18374784732541, 4.118327258730175, 5.145849173848763, 4.900507832867937, 5.688317386538835, 7.295154075137824, 7.6441541016648795, 7.036187496791142, 7.239718076002683, 6.404582222128154, 7.089955849650969], [1.5204361249325802, 0.0, 1.5299158310181642, 2.526390132184655, 3.923659358303164, 4.544916848524293, 6.006410030958593, 5.02732197994121, 5.37383542546662, 2.1687261560648916, 2.16861173334463, 2.1592201393095616, 1.0962353123303408, 1.0961940430416506, 2.1499893488108257, 2.159546632976468, 2.7834374036432004, 2.689686710380969, 4.1449053801021805, 4.211507090104443, 4.66925701370143, 6.553403446301776, 6.609854962100152, 6.234105031197341, 5.982026062296954, 5.026780871492211, 5.758600442815944], [2.5213070062965364, 1.5299158310181642, 0.0, 1.5323833756602818, 2.5795167938976475, 3.120801289733135, 4.528708483662864, 3.904537906078003, 4.448810884944425, 2.783504181782381, 2.782531983643674, 3.47215972270862, 2.163460018119124, 2.164213180349847, 1.0953318629529591, 1.0965110624156966, 2.158815256106923, 2.147611131001141, 2.7535518843849665, 2.7720837000350476, 3.4490793162813755, 5.1030761017253115, 5.194636704332653, 4.71071440335752, 4.741600927956717, 4.105554303623324, 4.724317230034409], [3.8805497278091927, 2.526390132184655, 1.5323833756602818, 0.0, 1.5474158652411445, 2.5504188009030986, 3.928871868615723, 2.51961169428942, 2.973260735287102, 4.2011841092720505, 4.203085463085423, 4.679915882791057, 2.7566476524938768, 2.7619433846478465, 2.1696822670612397, 2.163278322361688, 1.0973347438225038, 1.0977946164925387, 2.156443857372596, 2.7892664501621214, 2.7677530055985846, 4.704832852503902, 4.309354473700208, 4.234373372767216, 3.4878019224147465, 2.721044305041724, 3.388074633180326], [5.098332685300166, 3.923659358303164, 2.5795167938976475, 1.5474158652411445, 0.0, 1.5439021989750517, 2.5704928515753553, 1.5397487100173197, 2.4542249489400922, 5.284678554084439, 5.234652486077753, 6.016543260876631, 4.2361214595429155, 4.176484916769124, 2.876168771125923, 2.76930305672745, 2.1810637083771764, 2.1650550293237356, 1.098319393437082, 2.169109626090853, 2.1836643743945636, 3.506405528457883, 2.911155423538908, 2.786716135525827, 2.1951249098855397, 2.1743709550120465, 2.6755812340499023], [5.498879337646899, 4.544916848524293, 3.120801289733135, 2.5504188009030986, 1.5439021989750517, 0.0, 1.5229247190849589, 2.572235932024899, 3.014156449157873, 5.371333206942202, 5.711807073947788, 6.483223072669951, 4.719881356559718, 5.104430218937272, 2.832057697152373, 3.420304901613305, 2.7767535540627293, 3.4884765270817, 2.153515565302466, 1.0956497478665344, 1.0964242335884409, 2.158137653163023, 2.1781648009276067, 2.1714625071596334, 2.858597133210624, 3.514418479635002, 2.6974945301149362], [6.892525878805245, 6.006410030958593, 4.528708483662864, 3.928871868615723, 2.5704928515753553, 1.5229247190849589, 0.0, 3.059974949243866, 3.584427357333386, 6.732272739573168, 6.987015306266333, 7.9136177030483354, 6.237505927852895, 6.512720535997226, 4.232150335231489, 4.612669745386071, 4.203622835126862, 4.723935971200287, 2.8167412003945267, 2.1225798477324713, 2.1488885638859916, 1.094963967443678, 1.0937459211352516, 1.0945546582971541, 2.7611954168439437, 4.065069872708217, 3.07207068278059], [6.361914376978049, 5.02732197994121, 3.904537906078003, 2.51961169428942, 1.5397487100173197, 2.572235932024899, 3.059974949243866, 0.0, 1.4206199386183485, 6.6465155931510465, 6.540818980831071, 7.17851531307136, 5.197068405360852, 5.064474254056387, 4.312052333866092, 4.132484721084882, 2.8198749848175892, 2.6475158186496257, 2.136860280879403, 3.506594681453789, 2.889478864778215, 4.096536459010221, 2.823074060310852, 3.314181173382047, 1.094401215277103, 1.0953829193482978, 1.950529951064582], [6.789196903169034, 5.37383542546662, 4.448810884944425, 2.973260735287102, 2.4542249489400922, 3.014156449157873, 3.584427357333386, 1.4206199386183485, 0.0, 6.996188325081023, 7.1755684492589165, 7.512590319590175, 5.247756190982962, 5.485655463114686, 4.724029350035836, 4.970021245427427, 2.7136395818162735, 3.183053713024648, 3.3656392008056955, 4.024170753086902, 2.785377392742319, 4.437402313290964, 3.1260007837491024, 4.18137531680666, 2.0523639370248152, 2.0380475239797526, 0.9717891540864201], [1.0946309469405662, 2.1687261560648916, 2.783504181782381, 4.2011841092720505, 5.284678554084439, 5.371333206942202, 6.732272739573168, 6.6465155931510465, 6.996188325081023, 0.0, 1.7747185157088998, 1.771945763842675, 2.50272380417816, 3.0648120497022324, 2.5455926107686593, 3.1169910715303626, 4.38302650916008, 4.683339144243133, 5.403382461939928, 4.639400216622834, 5.482206470026462, 6.975428288642927, 7.547918474652466, 6.9499334399690476, 7.475977855103639, 6.859763100136914, 7.151464837360246], [1.094685278972911, 2.16861173334463, 2.782531983643674, 4.203085463085423, 5.234652486077753, 5.711807073947788, 6.987015306266333, 6.540818980831071, 7.1755684492589165, 1.7747185157088998, 0.0, 1.7720225450033082, 3.0654895220828924, 2.502281872611477, 3.0983326951765524, 2.5624201899766557, 4.744416140053484, 4.3601500857195274, 5.048415238468405, 5.054695064986611, 6.0939807687586285, 7.4198631725928745, 7.796935616638116, 6.9602059014083775, 7.3300263082747525, 6.524712476423769, 7.503587822501979], [1.0945634015441958, 2.1592201393095616, 3.47215972270862, 4.679915882791057, 6.016543260876631, 6.483223072669951, 7.9136177030483354, 7.17851531307136, 7.512590319590175, 1.771945763842675, 1.7720225450033082, 0.0, 2.474083254460125, 2.472085162367996, 3.7398806411435115, 3.755453135108998, 4.862818360786264, 4.7713424326912435, 6.109314845381601, 5.9364253301123915, 6.588448491868173, 8.32608735361334, 8.620754433922823, 8.089198386119604, 8.112187602613737, 7.134391079832953, 7.866594034904813], [2.1466748682555536, 1.0962353123303408, 2.163460018119124, 2.7566476524938768, 4.2361214595429155, 4.719881356559718, 6.237505927852895, 5.197068405360852, 5.247756190982962, 2.50272380417816, 3.0654895220828924, 2.474083254460125, 0.0, 1.765143455926458, 2.5007512591219467, 3.0671788046998496, 2.562153816616013, 2.9966589161931663, 4.7040383788825535, 4.488750303815084, 4.5854925907692845, 6.728868705064768, 6.748419131915266, 6.639024074365147, 6.213411685217711, 5.264971091088725, 5.588247761150181], [2.145703197089476, 1.0961940430416506, 2.164213180349847, 2.7619433846478465, 4.176484916769124, 5.104430218937272, 6.512720535997226, 5.064474254056387, 5.485655463114686, 3.0648120497022324, 2.502281872611477, 2.472085162367996, 1.765143455926458, 0.0, 3.060464288306596, 2.5069739647630964, 3.139692013558018, 2.4666747698065103, 4.296565834477577, 4.916812863024177, 5.300387004738427, 7.1885744922063655, 7.026942632468264, 6.652309486185982, 6.040592769753643, 4.82524530879001, 6.032319734563147], [2.7361166660067693, 2.1499893488108257, 1.0953318629529591, 2.1696822670612397, 2.876168771125923, 2.832057697152373, 4.232150335231489, 4.312052333866092, 4.724029350035836, 2.5455926107686593, 3.0983326951765524, 3.7398806411435115, 2.5007512591219467, 3.060464288306596, 0.0, 1.7663570250659972, 2.4820996877643737, 3.059743453298005, 3.155914062518179, 2.2103347551898107, 3.047613318647889, 4.588757549707764, 5.008075169164297, 4.532215623731952, 5.054224004731092, 4.7489238960000195, 4.7799571106862455], [2.7530786349103797, 2.159546632976468, 1.0965110624156966, 2.163278322361688, 2.76930305672745, 3.420304901613305, 4.612669745386071, 4.132484721084882, 4.970021245427427, 3.1169910715303626, 2.5624201899766557, 3.755453135108998, 3.0671788046998496, 2.5069739647630964, 1.7663570250659972, 0.0, 3.0647900482741064, 2.5307041115073097, 2.4894546732166067, 2.9749062287742785, 4.031477156080634, 5.22664120540142, 5.360473141430708, 4.535880395248534, 4.8207348765515, 4.237989151708626, 5.275706074071981], [4.18374784732541, 2.7834374036432004, 2.158815256106923, 1.0973347438225038, 2.1810637083771764, 2.7767535540627293, 4.203622835126862, 2.8198749848175892, 2.7136395818162735, 4.38302650916008, 4.744416140053484, 4.862818360786264, 2.562153816616013, 3.139692013558018, 2.4820996877643737, 3.0647900482741064, 0.0, 1.760171645039199, 3.0687633877508382, 3.121434495548481, 2.541898255241543, 4.869629428406231, 4.453442931036616, 4.749366446169426, 3.8397807476469277, 3.1441889462944177, 3.042969888119171], [4.118327258730175, 2.689686710380969, 2.147611131001141, 1.0977946164925387, 2.1650550293237356, 3.4884765270817, 4.723935971200287, 2.6475158186496257, 3.183053713024648, 4.683339144243133, 4.3601500857195274, 4.7713424326912435, 2.9966589161931663, 2.4666747698065103, 3.059743453298005, 2.5307041115073097, 1.760171645039199, 0.0, 2.519033562698203, 3.803923717689407, 3.7469564315588193, 5.605139239126893, 4.981269000967525, 4.903408600147452, 3.655681940486617, 2.385137071532787, 3.849181993618904], [5.145849173848763, 4.1449053801021805, 2.7535518843849665, 2.156443857372596, 1.098319393437082, 2.153515565302466, 2.8167412003945267, 2.136860280879403, 3.3656392008056955, 5.403382461939928, 5.048415238468405, 6.109314845381601, 4.7040383788825535, 4.296565834477577, 3.155914062518179, 2.4894546732166067, 3.0687633877508382, 2.519033562698203, 0.0, 2.4581405452089187, 3.0688844699662448, 3.7659301507064624, 3.3051809042774045, 2.5921207784360667, 2.474706734140431, 2.4727728322674527, 3.628248551298546], [4.900507832867937, 4.211507090104443, 2.7720837000350476, 2.7892664501621214, 2.169109626090853, 1.0956497478665344, 2.1225798477324713, 3.506594681453789, 4.024170753086902, 4.639400216622834, 5.054695064986611, 5.9364253301123915, 4.488750303815084, 4.916812863024177, 2.2103347551898107, 2.9749062287742785, 3.121434495548481, 3.803923717689407, 2.4581405452089187, 0.0, 1.756454226559861, 2.3971232634138784, 3.0482065891274495, 2.5203685186892812, 3.8292825072068006, 4.325094364288483, 3.747767523473141], [5.688317386538835, 4.66925701370143, 3.4490793162813755, 2.7677530055985846, 2.1836643743945636, 1.0964242335884409, 2.1488885638859916, 2.889478864778215, 2.785377392742319, 5.482206470026462, 6.0939807687586285, 6.588448491868173, 4.5854925907692845, 5.300387004738427, 3.047613318647889, 4.031477156080634, 2.541898255241543, 3.7469564315588193, 3.0688844699662448, 1.756454226559861, 0.0, 2.50427254706831, 2.479029076069904, 3.0675457388603022, 3.3064710205897767, 3.8699978462526303, 2.281278751051699], [7.295154075137824, 6.553403446301776, 5.1030761017253115, 4.704832852503902, 3.506405528457883, 2.158137653163023, 1.094963967443678, 4.096536459010221, 4.437402313290964, 6.975428288642927, 7.4198631725928745, 8.32608735361334, 6.728868705064768, 7.1885744922063655, 4.588757549707764, 5.22664120540142, 4.869629428406231, 5.605139239126893, 3.7659301507064624, 2.3971232634138784, 2.50427254706831, 0.0, 1.7636614499387346, 1.7713195222771074, 3.8152839920509196, 5.12822424821692, 3.776531913012255], [7.6441541016648795, 6.609854962100152, 5.194636704332653, 4.309354473700208, 2.911155423538908, 2.1781648009276067, 1.0937459211352516, 2.823074060310852, 3.1260007837491024, 7.547918474652466, 7.796935616638116, 8.620754433922823, 6.748419131915266, 7.026942632468264, 5.008075169164297, 5.360473141430708, 4.453442931036616, 4.981269000967525, 3.3051809042774045, 3.0482065891274495, 2.479029076069904, 1.7636614499387346, 0.0, 1.7776340399531056, 2.3027494544565634, 3.854847225247714, 2.5180572074518084], [7.036187496791142, 6.234105031197341, 4.71071440335752, 4.234373372767216, 2.786716135525827, 2.1714625071596334, 1.0945546582971541, 3.314181173382047, 4.18137531680666, 6.9499334399690476, 6.9602059014083775, 8.089198386119604, 6.639024074365147, 6.652309486185982, 4.532215623731952, 4.535880395248534, 4.749366446169426, 4.903408600147452, 2.5921207784360667, 2.5203685186892812, 3.0675457388603022, 1.7713195222771074, 1.7776340399531056, 0.0, 2.8523173228096486, 4.149673617286063, 3.8509893975444807], [7.239718076002683, 5.982026062296954, 4.741600927956717, 3.4878019224147465, 2.1951249098855397, 2.858597133210624, 2.7611954168439437, 1.094401215277103, 2.0523639370248152, 7.475977855103639, 7.3300263082747525, 8.112187602613737, 6.213411685217711, 6.040592769753643, 5.054224004731092, 4.8207348765515, 3.8397807476469277, 3.655681940486617, 2.474706734140431, 3.8292825072068006, 3.3064710205897767, 3.8152839920509196, 2.3027494544565634, 2.8523173228096486, 0.0, 1.756388197409673, 2.2655415092202573], [6.404582222128154, 5.026780871492211, 4.105554303623324, 2.721044305041724, 2.1743709550120465, 3.514418479635002, 4.065069872708217, 1.0953829193482978, 2.0380475239797526, 6.859763100136914, 6.524712476423769, 7.134391079832953, 5.264971091088725, 4.82524530879001, 4.7489238960000195, 4.237989151708626, 3.1441889462944177, 2.385137071532787, 2.4727728322674527, 4.325094364288483, 3.8699978462526303, 5.12822424821692, 3.854847225247714, 4.149673617286063, 1.756388197409673, 0.0, 2.8364545386802873], [7.089955849650969, 5.758600442815944, 4.724317230034409, 3.388074633180326, 2.6755812340499023, 2.6974945301149362, 3.07207068278059, 1.950529951064582, 0.9717891540864201, 7.151464837360246, 7.503587822501979, 7.866594034904813, 5.588247761150181, 6.032319734563147, 4.7799571106862455, 5.275706074071981, 3.042969888119171, 3.849181993618904, 3.628248551298546, 3.747767523473141, 2.281278751051699, 3.776531913012255, 2.5180572074518084, 3.8509893975444807, 2.2655415092202573, 2.8364545386802873, 0.0]]}