{"total energy": -66.36541789, "HOMO-LUMO gap/eV": 3.60305149, "electronic energy": -66.87271455, "dipole": [-1.1676302, 1.14199254, 2.07044571], "partial charges": [-0.45564414, 1.14958638, -0.57428441, -0.56389414, -0.10246105, -0.01873426, -0.1161711, 0.08135894, -0.20639757, 0.1106892, -0.35823295, 1.13790629, -0.54402463, -0.55347867, 0.10983004, -0.12874773, -0.1217234, -0.06233212, 0.0996892, -0.09629341, 0.21063776, 0.20887176, 0.10585775, 0.19851601, 0.07504152, 0.21617969, 0.10973858, 0.08851644], "atomic dipole moments": [[0.07899049, -0.00231701, -0.17760371], [-0.10383709, 0.01216439, 0.08356881], [-0.01150871, 0.17536772, 0.07517904], [-0.0567668, -0.16677981, 0.07229015], [0.11735182, -0.00950659, -0.03000297], [-0.00237956, 0.02848125, 0.01692083], [-0.0803864, -0.08421297, -0.04493408], [-0.12321502, -0.03151693, 0.01065003], [0.03108754, -0.17311803, 0.06966302], [0.0260146, 0.07160774, -0.12570229], [0.15191748, 0.08177473, 0.0997762], [-0.06350123, 0.13015777, 0.05778917], [-0.0320881, 0.00197817, 0.18336824], [0.00389466, 0.13683492, -0.12801057], [0.03354222, 0.16444617, 0.03055401], [-0.09916984, -0.04346016, -0.11264062], [0.00903784, -0.05789675, 0.03664485], [0.01932032, -0.06251036, -0.0473706], [0.17029114, 0.11564165, 0.04985999], [0.11092971, -0.07749539, -0.14690302], [0.04875847, -0.10947919, -0.01018705], [0.06974532, 0.09513706, -0.0014505], [0.04889086, -0.12827823, -0.08883928], [-0.01931248, 0.06450238, 0.11528344], [0.0311169, -0.08587285, 0.09440087], [0.00148883, 0.07530996, -0.09293656], [-0.09002343, -0.11063727, -0.01470563], [-0.04758834, 0.12573401, 0.07304233]], "atomic quadrupole moments": [[-0.0465604, -0.01308438, -0.12517372, 0.15663734, -0.02455048, 0.17173412], [0.21133939, -0.06139574, -0.34093621, 0.14600839, 0.03653509, 0.12959682], [-0.07827504, -0.02519278, 0.11888021, -0.00026376, 0.1010562, -0.04060517], [-0.05093206, 0.07388059, 0.09481759, -0.02928853, -0.09446761, -0.04388553], [0.13986938, -0.094453, -0.23069722, -0.06323328, -0.29611574, 0.09082784], [-0.20655055, -0.00495296, -0.08371443, 0.09168013, -0.41275653, 0.29026498], [-0.18721499, 0.23380917, 0.07255657, 0.19594226, -0.14585316, 0.11465841], [-0.10538707, -0.0493335, -0.10852986, 0.0127575, -0.29788382, 0.21391693], [0.04744378, 0.08515878, 0.05549091, 0.00605657, 0.00994049, -0.10293469], [0.05377373, 0.05753555, -0.03895915, -0.07390865, 0.2396864, -0.01481457], [0.06295417, -0.14597952, -0.05323205, -0.03959453, 0.11805067, -0.00972212], [0.30961897, -0.10746191, 0.02429567, 0.00682498, 0.25864062, -0.33391465], [-0.07133333, -0.00133261, -0.08862256, -0.03903552, 0.02415242, 0.1599559], [-0.07735004, 0.01005721, 0.06857029, -0.00146384, -0.12512708, 0.00877975], [-0.19464739, -0.23416038, -0.09425893, 0.00057275, -0.0421929, 0.28890632], [-0.29592217, -0.05685788, -0.17233817, -0.08917164, 0.28159185, 0.46826035], [-0.23837933, -0.18408654, 0.10813359, 0.16493051, -0.39361516, 0.13024574], [-0.18581035, 0.00163937, -0.08110538, 0.07554174, -0.28150295, 0.26691573], [-0.2296216, 0.19272094, 0.0389829, 0.17539203, -0.19554229, 0.1906387], [-0.01401972, 0.29056108, 0.12084189, 0.15517886, 0.16922472, -0.10682216], [-0.02416681, -0.05794737, 0.06095673, 0.04537101, -0.03816824, -0.03678992], [0.00389796, 0.06801102, 0.02706032, 0.06053005, 0.03747446, -0.03095828], [0.04973436, 0.01537383, -0.00952672, -0.00202223, 0.02689332, -0.04020764], [0.01435089, 0.00240289, 0.00291103, -0.01346836, 0.05325601, -0.01726192], [-0.00079647, -0.00059578, 0.00395549, 0.0008597, -0.00342464, -0.00315902], [-0.03414076, -0.05302575, 0.01417025, 0.02012552, -0.04855487, 0.01997051], [-0.00928635, 0.00346238, 0.00163193, 0.00561155, -0.00557238, 0.00765442], [0.02822816, 0.00365213, 0.00584644, -0.00905952, 0.04105693, -0.0340746]], "number of molecular orbitals": 113, "number of electrons": 112, "number of unpaired electrons": 0, "orbital energies/eV": [-29.92033575, -29.72497589, -29.35001528, -21.88509978, -21.55748956, -19.96998129, -19.60171452, -19.15269771, -18.80553613, -18.59364723, -18.54994941, -18.41519266, -18.39426073, -17.86075982, -17.76313043, -17.64904934, -17.41478708, -17.17229089, -17.00289961, -16.55711256, -16.35108463, -16.18879246, -15.76408385, -15.54627264, -15.41285296, -15.38348852, -15.31380146, -15.25602769, -15.07733584, -15.00039689, -14.94628121, -14.65543969, -14.60371965, -14.54123533, -14.21121262, -14.14198484, -13.78115647, -13.63218441, -13.25409488, -13.0123804, -12.98824467, -12.97756165, -12.86577353, -12.83172636, -12.72799454, -12.68954395, -12.65450256, -12.5278612, -12.48053197, -12.4011879, -12.3003917, -12.11380717, -11.9324752, -11.81280851, -11.79263409, -11.65047297, -8.04742148, -7.88015164, -6.56630013, -5.54544398, -5.02256861, -4.93226747, -4.16663929, -3.71898153, -3.42444142, -2.97440242, -2.47034599, -2.07356626, -1.88112469, -1.43757752, -1.18660546, -0.89952999, -0.81407739, -0.78326597, -0.75486378, -0.71319339, -0.6359549, -0.60721175, -0.56275953, -0.38713472, -0.28168411, -0.27529935, -0.10630999, 0.0677328, 1.1295714, 1.5242083, 1.59510958, 1.68501813, 2.25625994, 2.43985217, 2.63222542, 2.87808795, 3.03049632, 3.51594108, 3.62588395, 3.95918515, 4.09563189, 4.44918369, 4.89660584, 5.98608872, 6.19024697, 7.64992669, 8.60136521, 9.2127391, 10.57400344, 13.19364979, 14.65470845, 15.26532176, 15.4329459, 26.4452538, 26.54342908, 30.63016155, 31.16961716], "fractional occupation": [2.0, 2.0, 2.0, 2.0, 2.0, 2.0, 2.0, 2.0, 2.0, 2.0, 2.0, 2.0, 2.0, 2.0, 2.0, 2.0, 2.0, 2.0, 2.0, 2.0, 2.0, 2.0, 2.0, 2.0, 2.0, 2.0, 2.0, 2.0, 2.0, 2.0, 2.0, 2.0, 2.0, 2.0, 2.0, 2.0, 2.0, 2.0, 2.0, 2.0, 2.0, 2.0, 2.0, 2.0, 2.0, 2.0, 2.0, 2.0, 2.0, 2.0, 2.0, 2.0, 2.0, 2.0, 2.0, 2.0, 0.0, 0.0, 0.0, 0.0, 0.0, 0.0, 0.0, 0.0, 0.0, 0.0, 0.0, 0.0, 0.0, 0.0, 0.0, 0.0, 0.0, 0.0, 0.0, 0.0, 0.0, 0.0, 0.0, 0.0, 0.0, 0.0, 0.0, 0.0, 0.0, 0.0, 0.0, 0.0, 0.0, 0.0, 0.0, 0.0, 0.0, 0.0, 0.0, 0.0, 0.0, 0.0, 0.0, 0.0, 0.0, 0.0, 0.0, 0.0, 0.0, 0.0, 0.0, 0.0, 0.0, 0.0, 0.0, 0.0, 0.0], "program call": "xtb /home/svss/Project-DBcg-Debug/aqme2_20220329/End-to-End-workflows-final/example-3/QDESCP/mol_762_rdkit_conf_3/mol_762_rdkit_conf_3.xyz --pop --wbo --acc 0.2 --gfn 2 --chrg 0 --uhf 0 --etemp 300 --input /home/svss/Project-DBcg-Debug/aqme2_20220329/End-to-End-workflows-final/example-3/QDESCP/mol_762_rdkit_conf_3/mol_762_rdkit_conf_3_xtb.inp", "method": "GFN2-xTB", "xtb version": "6.3.3 (7355c4f)", "Dipole module/D": 6.703, "Total charge": 0, "Transition dipole module/D": NaN, "HOMO": -11.6505, "LUMO": -8.0474, "HOMO occupancy": 2.0, "LUMO occupancy": 0, "mulliken charges": [-0.39488, 0.52409, -0.40164, -0.39446, 0.03431, 0.00863, 0.0158, 0.15891, -0.36816, 0.22353, -0.30913, 0.5242, -0.38197, -0.39078, 0.15368, -0.10696, -0.1041, -0.09, 0.11893, -0.04159, 0.24207, 0.23551, 0.10018, 0.2238, 0.06332, 0.23927, 0.06212, 0.05533], "cm5 charges": [-0.82131, 0.63867, -0.45253, -0.44204, 0.04812, -0.03527, 0.034, 0.2176, -0.7065, 0.27925, -0.63648, 0.64525, -0.42875, -0.43688, 0.10949, -0.11137, -0.10601, -0.13379, 0.11724, -0.04068, 0.43294, 0.42608, 0.16422, 0.41626, 0.14527, 0.43883, 0.12318, 0.11523], "FUKUI+": [0.003, -0.049, -0.026, -0.024, -0.026, -0.03, -0.038, -0.036, -0.032, 0.02, -0.015, -0.049, -0.032, -0.031, -0.006, -0.087, -0.076, -0.025, -0.051, -0.117, -0.025, -0.019, -0.054, -0.03, -0.032, -0.018, -0.044, -0.053], "FUKUI-": [-0.034, -0.065, -0.047, -0.046, -0.016, -0.009, -0.017, -0.009, -0.044, 0.017, -0.031, -0.065, -0.037, -0.042, 0.015, -0.088, -0.091, -0.013, -0.006, -0.109, -0.038, -0.033, -0.03, -0.03, -0.037, -0.025, -0.039, -0.032], "FUKUIrad": [-0.016, -0.057, -0.037, -0.035, -0.021, -0.02, -0.028, -0.022, -0.038, 0.019, -0.023, -0.057, -0.034, -0.037, 0.005, -0.087, -0.084, -0.019, -0.028, -0.113, -0.031, -0.026, -0.042, -0.03, -0.034, -0.022, -0.041, -0.043], "s proportion": [1.464, 1.703, 1.721, 1.721, 1.073, 1.075, 1.073, 1.047, 1.449, 1.027, 1.464, 1.702, 1.721, 1.722, 1.102, 1.953, 1.953, 1.062, 1.087, 1.945, 0.758, 0.764, 0.9, 0.776, 0.937, 0.761, 0.938, 0.945], "p proportion": [3.931, 2.804, 4.681, 4.673, 2.892, 2.917, 2.912, 2.794, 3.919, 2.75, 3.845, 2.797, 4.661, 4.669, 2.745, 5.167, 5.164, 3.028, 2.794, 5.109, 0.0, 0.0, 0.0, 0.0, 0.0, 0.0, 0.0, 0.0], "d proportion": [0.0, 0.968, 0.0, 0.0, 0.0, 0.0, 0.0, 0.0, 0.0, 0.0, 0.0, 0.977, 0.0, 0.0, 0.0, -0.013, -0.013, 0.0, 0.0, -0.012, 0.0, 0.0, 0.0, 0.0, 0.0, 0.0, 0.0, 0.0], "Fermi-level/eV": -9.8489, "Coordination numbers": [2.632, 3.7, 0.86, 0.86, 2.978, 3.005, 2.969, 2.944, 2.69, 3.889, 2.687, 3.846, 0.86, 0.86, 3.671, 1.04, 1.035, 2.972, 2.904, 0.966, 0.863, 0.863, 0.925, 0.86, 0.923, 0.862, 0.924, 0.925], "Dispersion coefficient C6": [31.971, 102.465, 25.494, 25.247, 30.577, 28.46, 30.943, 26.185, 25.49, 18.722, 29.227, 102.784, 24.781, 25.001, 19.004, 103.189, 102.966, 29.546, 25.791, 102.155, 1.053, 1.061, 1.733, 1.114, 2.031, 1.027, 1.699, 1.893], "Total dispersion C6": 18695.840237, "Total dispersion C8": 568924.237084, "Polarizability alpha": [8.398, 17.037, 6.77, 6.737, 9.071, 8.751, 9.124, 8.393, 7.498, 6.151, 8.029, 17.063, 6.674, 6.704, 6.249, 15.541, 15.524, 8.916, 8.327, 15.463, 1.607, 1.614, 2.058, 1.653, 2.229, 1.587, 2.038, 2.152], "Total polarizability alpha": 211.358423, "Wiberg matrix": [[0.0, 0.9496054120894944, 0.0, 0.0, 0.0, 0.0, 0.0, 0.0, 0.0, 0.0, 0.0, 0.0, 0.0, 0.0, 0.0, 0.0, 0.0, 0.0, 0.0, 0.0, 0.9373795896198471, 0.9380379296259854, 0.0, 0.0, 0.0, 0.0, 0.0, 0.0], [0.9496054120894944, 0.0, 1.6047888380563722, 1.6081560479368977, 0.7675569056380195, 0.0, 0.0, 0.0, 0.0, 0.0, 0.0, 0.0, 0.0, 0.0, 0.0, 0.0, 0.0, 0.0, 0.0, 0.0, 0.0, 0.0, 0.0, 0.0, 0.0, 0.0, 0.0, 0.0], [0.0, 1.6047888380563722, 0.0, 0.11609517331751996, 0.0, 0.0, 0.0, 0.0, 0.0, 0.0, 0.0, 0.0, 0.0, 0.0, 0.0, 0.0, 0.0, 0.0, 0.0, 0.0, 0.0, 0.0, 0.0, 0.0, 0.0, 0.0, 0.0, 0.0], [0.0, 1.6081560479368977, 0.11609517331751996, 0.0, 0.0, 0.0, 0.0, 0.0, 0.0, 0.0, 0.0, 0.0, 0.0, 0.0, 0.0, 0.0, 0.0, 0.0, 0.0, 0.0, 0.0, 0.0, 0.0, 0.0, 0.0, 0.0, 0.0, 0.0], [0.0, 0.7675569056380195, 0.0, 0.0, 0.0, 1.4122700866524478, 0.0, 0.0, 0.0, 0.0, 0.0, 0.0, 0.0, 0.0, 0.0, 0.0, 0.0, 0.0, 1.3660643554860947, 0.0, 0.0, 0.0, 0.0, 0.0, 0.0, 0.0, 0.0, 0.0], [0.0, 0.0, 0.0, 0.0, 1.4122700866524478, 0.0, 1.4276807084716303, 0.0, 0.0, 0.0, 0.0, 0.0, 0.0, 0.0, 0.0, 0.0, 0.0, 0.1041966514675173, 0.0, 0.0, 0.0, 0.0, 0.9538198663979579, 0.0, 0.0, 0.0, 0.0, 0.0], [0.0, 0.0, 0.0, 0.0, 0.0, 1.4276807084716303, 0.0, 1.330961507428052, 0.0, 0.0, 0.0, 0.7654906765880682, 0.0, 0.0, 0.0, 0.0, 0.0, 0.0, 0.0, 0.0, 0.0, 0.0, 0.0, 0.0, 0.0, 0.0, 0.0, 0.0], [0.0, 0.0, 0.0, 0.0, 0.0, 0.0, 1.330961507428052, 0.0, 1.148473132536604, 0.0, 0.0, 0.0, 0.0, 0.0, 0.0, 0.0, 0.0, 1.3446489145546046, 0.0, 0.0, 0.0, 0.0, 0.0, 0.0, 0.0, 0.0, 0.0, 0.0], [0.0, 0.0, 0.0, 0.0, 0.0, 0.0, 0.0, 1.148473132536604, 0.0, 0.9841754918844707, 0.0, 0.0, 0.0, 0.0, 0.0, 0.0, 0.0, 0.0, 0.0, 0.0, 0.0, 0.0, 0.0, 0.9233329579178833, 0.0, 0.0, 0.0, 0.0], [0.0, 0.0, 0.0, 0.0, 0.0, 0.0, 0.0, 0.0, 0.9841754918844707, 0.0, 1.0065302684679198, 0.0, 0.0, 0.0, 0.9732728941176735, 0.0, 0.0, 0.0, 0.0, 0.0, 0.0, 0.0, 0.0, 0.0, 0.9439322980877021, 0.0, 0.0, 0.0], [0.0, 0.0, 0.0, 0.0, 0.0, 0.0, 0.0, 0.0, 0.0, 1.0065302684679198, 0.0, 0.9349184241544521, 0.0, 0.0, 0.0, 0.0, 0.0, 0.0, 0.0, 0.0, 0.0, 0.0, 0.0, 0.0, 0.0, 0.921357100554514, 0.0, 0.0], [0.0, 0.0, 0.0, 0.0, 0.0, 0.0, 0.7654906765880682, 0.0, 0.0, 0.0, 0.9349184241544521, 0.0, 1.6308404759247757, 1.6181793420220698, 0.0, 0.0, 0.0, 0.0, 0.0, 0.0, 0.0, 0.0, 0.0, 0.0, 0.0, 0.0, 0.0, 0.0], [0.0, 0.0, 0.0, 0.0, 0.0, 0.0, 0.0, 0.0, 0.0, 0.0, 0.0, 1.6308404759247757, 0.0, 0.12094148861599982, 0.0, 0.0, 0.0, 0.0, 0.0, 0.0, 0.0, 0.0, 0.0, 0.0, 0.0, 0.0, 0.0, 0.0], [0.0, 0.0, 0.0, 0.0, 0.0, 0.0, 0.0, 0.0, 0.0, 0.0, 0.0, 1.6181793420220698, 0.12094148861599982, 0.0, 0.0, 0.0, 0.0, 0.0, 0.0, 0.0, 0.0, 0.0, 0.0, 0.0, 0.0, 0.0, 0.0, 0.0], [0.0, 0.0, 0.0, 0.0, 0.0, 0.0, 0.0, 0.0, 0.0, 0.9732728941176735, 0.0, 0.0, 0.0, 0.0, 0.0, 0.9690368699428116, 0.9753261536906567, 0.0, 0.0, 0.0, 0.0, 0.0, 0.0, 0.0, 0.0, 0.0, 0.9643250110332369, 0.0], [0.0, 0.0, 0.0, 0.0, 0.0, 0.0, 0.0, 0.0, 0.0, 0.0, 0.0, 0.0, 0.0, 0.0, 0.9690368699428116, 0.0, 0.0, 0.0, 0.0, 0.0, 0.0, 0.0, 0.0, 0.0, 0.0, 0.0, 0.0, 0.0], [0.0, 0.0, 0.0, 0.0, 0.0, 0.0, 0.0, 0.0, 0.0, 0.0, 0.0, 0.0, 0.0, 0.0, 0.9753261536906567, 0.0, 0.0, 0.0, 0.0, 0.0, 0.0, 0.0, 0.0, 0.0, 0.0, 0.0, 0.0, 0.0], [0.0, 0.0, 0.0, 0.0, 0.0, 0.1041966514675173, 0.0, 1.3446489145546046, 0.0, 0.0, 0.0, 0.0, 0.0, 0.0, 0.0, 0.0, 0.0, 0.0, 1.4112820616644681, 0.0, 0.0, 0.0, 0.0, 0.0, 0.0, 0.0, 0.0, 0.9594949900405668], [0.0, 0.0, 0.0, 0.0, 1.3660643554860947, 0.0, 0.0, 0.0, 0.0, 0.0, 0.0, 0.0, 0.0, 0.0, 0.0, 0.0, 0.0, 1.4112820616644681, 0.0, 1.0210817487076853, 0.0, 0.0, 0.0, 0.0, 0.0, 0.0, 0.0, 0.0], [0.0, 0.0, 0.0, 0.0, 0.0, 0.0, 0.0, 0.0, 0.0, 0.0, 0.0, 0.0, 0.0, 0.0, 0.0, 0.0, 0.0, 0.0, 1.0210817487076853, 0.0, 0.0, 0.0, 0.0, 0.0, 0.0, 0.0, 0.0, 0.0], [0.9373795896198471, 0.0, 0.0, 0.0, 0.0, 0.0, 0.0, 0.0, 0.0, 0.0, 0.0, 0.0, 0.0, 0.0, 0.0, 0.0, 0.0, 0.0, 0.0, 0.0, 0.0, 0.0, 0.0, 0.0, 0.0, 0.0, 0.0, 0.0], [0.9380379296259854, 0.0, 0.0, 0.0, 0.0, 0.0, 0.0, 0.0, 0.0, 0.0, 0.0, 0.0, 0.0, 0.0, 0.0, 0.0, 0.0, 0.0, 0.0, 0.0, 0.0, 0.0, 0.0, 0.0, 0.0, 0.0, 0.0, 0.0], [0.0, 0.0, 0.0, 0.0, 0.0, 0.9538198663979579, 0.0, 0.0, 0.0, 0.0, 0.0, 0.0, 0.0, 0.0, 0.0, 0.0, 0.0, 0.0, 0.0, 0.0, 0.0, 0.0, 0.0, 0.0, 0.0, 0.0, 0.0, 0.0], [0.0, 0.0, 0.0, 0.0, 0.0, 0.0, 0.0, 0.0, 0.9233329579178833, 0.0, 0.0, 0.0, 0.0, 0.0, 0.0, 0.0, 0.0, 0.0, 0.0, 0.0, 0.0, 0.0, 0.0, 0.0, 0.0, 0.0, 0.0, 0.0], [0.0, 0.0, 0.0, 0.0, 0.0, 0.0, 0.0, 0.0, 0.0, 0.9439322980877021, 0.0, 0.0, 0.0, 0.0, 0.0, 0.0, 0.0, 0.0, 0.0, 0.0, 0.0, 0.0, 0.0, 0.0, 0.0, 0.0, 0.0, 0.0], [0.0, 0.0, 0.0, 0.0, 0.0, 0.0, 0.0, 0.0, 0.0, 0.0, 0.921357100554514, 0.0, 0.0, 0.0, 0.0, 0.0, 0.0, 0.0, 0.0, 0.0, 0.0, 0.0, 0.0, 0.0, 0.0, 0.0, 0.0, 0.0], [0.0, 0.0, 0.0, 0.0, 0.0, 0.0, 0.0, 0.0, 0.0, 0.0, 0.0, 0.0, 0.0, 0.0, 0.9643250110332369, 0.0, 0.0, 0.0, 0.0, 0.0, 0.0, 0.0, 0.0, 0.0, 0.0, 0.0, 0.0, 0.0], [0.0, 0.0, 0.0, 0.0, 0.0, 0.0, 0.0, 0.0, 0.0, 0.0, 0.0, 0.0, 0.0, 0.0, 0.0, 0.0, 0.0, 0.9594949900405668, 0.0, 0.0, 0.0, 0.0, 0.0, 0.0, 0.0, 0.0, 0.0, 0.0]], "Born radii": [], "Atomic SASAs": [], "Solvent H bonds": [], "Total SASA": NaN, "Total FOD": 0.0, "FOD": [0.0, 0.0, 0.0, 0.0, 0.0, 0.0, 0.0, 0.0, 0.0, 0.0, 0.0, 0.0, 0.0, 0.0, 0.0, 0.0, 0.0, 0.0, 0.0, 0.0, 0.0, 0.0, 0.0, 0.0, 0.0, 0.0, 0.0, 0.0], "FOD s proportion": [0.0, 0.0, 0.0, 0.0, 0.0, 0.0, 0.0, 0.0, 0.0, 0.0, 0.0, 0.0, 0.0, 0.0, 0.0, 0.0, 0.0, 0.0, 0.0, 0.0, 0.0, 0.0, 0.0, 0.0, 0.0, 0.0, 0.0, 0.0], "FOD p proportion": [0.0, 0.0, 0.0, 0.0, 0.0, 0.0, 0.0, 0.0, 0.0, 0.0, 0.0, 0.0, 0.0, 0.0, 0.0, 0.0, 0.0, 0.0, 0.0, 0.0, 0.0, 0.0, 0.0, 0.0, 0.0, 0.0, 0.0, 0.0], "FOD d proportion": [0.0, 0.0, 0.0, 0.0, 0.0, 0.0, 0.0, 0.0, 0.0, 0.0, 0.0, 0.0, 0.0, 0.0, 0.0, 0.0, 0.0, 0.0, 0.0, 0.0, 0.0, 0.0, 0.0, 0.0, 0.0, 0.0, 0.0, 0.0], "coordinates": [["4.62110", "-0.11330", "0.82320"], ["3.93550", "0.03740", "-0.70060"], ["4.11580", "-1.25990", "-1.31180"], ["4.46360", "1.23960", "-1.29650"], ["2.22050", "0.26180", "-0.34930"], ["1.31280", "-0.68670", "-0.83570"], ["-0.05260", "-0.52720", "-0.57500"], ["-0.55020", "0.54570", "0.16670"], ["-1.91470", "0.78550", "0.35470"], ["-2.83830", "-0.34030", "0.23480"], ["-2.64670", "-0.90870", "-1.09040"], ["-1.18370", "-1.70240", "-1.23500"], ["-0.92400", "-1.83400", "-2.64920"], ["-1.20160", "-2.83170", "-0.33370"], ["-4.32700", "0.08110", "0.44050"], ["-4.57330", "0.74250", "2.08690"], ["-4.85920", "1.30430", "-0.75760"], ["0.37510", "1.50360", "0.60520"], ["1.75390", "1.36470", "0.36750"], ["2.77290", "2.60490", "1.00530"], ["5.06830", "-1.02690", "0.91290"], ["5.25220", "0.67090", "0.99840"], ["1.65410", "-1.54000", "-1.42160"], ["-2.10960", "1.36060", "1.17650"], ["-2.61610", "-1.08770", "1.00860"], ["-2.78260", "-0.24150", "-1.85100"], ["-4.98640", "-0.78510", "0.32930"], ["0.02010", "2.38300", "1.14130"]], "bond_dist": [[0.0, 1.6777140072133867, 2.4755291656532754, 2.5195778912349582, 2.6978392502148827, 3.7450748537245557, 4.895890944455361, 5.254295094491744, 6.613925863660705, 7.486013085748649, 7.557475964897275, 6.360591882049972, 6.765094549228414, 6.529314777218204, 8.958389601931811, 9.320210442366632, 9.71517403292396, 4.548670751988981, 3.257757254615513, 3.2920532939185545, 1.0211262850401999, 1.021739639047052, 3.9846817852872523, 6.899240870559601, 7.304854027288978, 7.872900010161441, 9.64361491869102, 5.244225614902548], [1.6777140072133867, 0.0, 1.4453583707855988, 1.4419678429146745, 1.7649340072648614, 2.7241747576100916, 4.0298250743673725, 4.59696450606267, 5.991506633560544, 6.8485032591070585, 6.661261598976578, 5.43311108297999, 5.560028792191638, 5.895434405537899, 8.341038613386225, 8.981480930225262, 8.885664448987482, 4.065870661986188, 2.768021217404231, 3.294509040813214, 2.240391166738523, 2.240897619258854, 2.865801409728176, 6.466652662699613, 6.863721819100772, 6.821588743100833, 9.018730502127227, 4.92186876399605], [2.4755291656532754, 1.4453583707855988, 0.0, 2.52362817784237, 2.614218665299443, 2.900351435602244, 4.295961136928499, 5.217059479246907, 6.582386623406438, 7.183115099314503, 6.7752317783231595, 5.318496473628614, 5.24574242695922, 5.630450924215573, 8.726380012926322, 9.542600602561128, 9.350555292601612, 5.030373518934752, 3.9098779085797553, 4.7020221033083205, 2.4312209566388656, 3.218138847222102, 2.480015915271513, 7.198212437820935, 7.122667099478958, 6.99398296823777, 9.261138649755763, 6.005262567948216], [2.5195778912349582, 1.4419678429146745, 2.52362817784237, 0.0, 2.6238861046165853, 3.7216271938494856, 4.902877413315572, 5.268836863103658, 6.604194056809657, 7.626185633067163, 7.430614792195866, 6.367977978919211, 6.348468162478253, 7.042510814333195, 9.035150226199894, 9.662301256947021, 9.33858657078254, 4.516856333779058, 3.18229792759886, 3.1655637444221525, 3.2224420398201112, 2.4923634686778735, 3.954126505310623, 7.02405354763188, 7.8007668462786395, 7.416774359517754, 9.800262023537941, 5.195664023972296], [2.6978392502148827, 1.7649340072648614, 2.614218665299443, 2.6238861046165853, 0.0, 1.400055891741469, 2.4167012848095233, 2.8326019310873876, 4.227263503733828, 5.12788013315444, 5.060527176095392, 4.028786885651809, 4.423776429703472, 4.613106764426767, 6.597438349844581, 7.2333851943609355, 7.167682137902045, 2.420462486798752, 1.3956741059430744, 2.7622824855542927, 3.371032685988079, 3.342882437358514, 2.171893065968028, 4.720719552144567, 5.201705702940142, 5.2478017674069966, 7.314089497675018, 3.4004614333940033], [3.7450748537245557, 2.7241747576100916, 2.900351435602244, 3.7216271938494856, 1.400055891741469, 0.0, 1.3991861563065866, 2.448343219403685, 3.741815234615413, 4.300882981435324, 3.9738893215589184, 2.724628273728363, 3.099734469273135, 3.3429382824096527, 5.833142148105084, 6.725353270275101, 6.485658379069931, 2.784400867332145, 2.418780976029041, 4.044230899689087, 4.156575303058998, 4.552567729314963, 1.0899015505998697, 4.4669013745548485, 4.358726729218064, 4.242798403176846, 6.4067798619899525, 3.8733267845613026], [4.895890944455361, 4.0298250743673725, 4.295961136928499, 4.902877413315572, 2.4167012848095233, 1.3991861563065866, 0.0, 1.3960082592878884, 2.460678725473929, 2.9070314996573394, 2.6721778047128524, 1.7595687681929342, 2.60180126835237, 2.5863385199930806, 4.435286292901508, 5.39764561545124, 5.146954300360554, 2.387456380753374, 2.780473720429668, 4.50453646338888, 5.356039890628149, 5.661442767528433, 2.157619125332365, 3.295874707873465, 3.064878702330648, 3.0269952907132183, 5.02261419382377, 3.379383822533333], [5.254295094491744, 4.59696450606267, 5.217059479246907, 5.268836863103658, 2.8326019310873876, 2.448343219403685, 1.3960082592878884, 0.0, 1.3981088262363557, 2.4545947160376596, 2.8444493351086426, 2.7239748071522247, 3.705670160713174, 3.4758528277244425, 3.815106530622703, 4.462200341759656, 4.471832448784279, 1.4021536114135285, 2.4535603620045707, 3.9983181726821093, 5.881957790565995, 5.8630406522554495, 3.425168590011301, 2.0286661652425715, 2.7649112065308716, 3.110370860524513, 4.634364879894547, 2.1565617403635815], [6.613925863660705, 5.991506633560544, 6.582386623406438, 6.604194056809657, 4.227263503733828, 3.741815234615413, 2.460678725473929, 1.3981088262363557, 0.0, 1.461108692055454, 2.344024669238786, 3.0415708934693595, 4.1069066156902085, 3.7505388959454877, 2.514504382577211, 3.1734082309088443, 3.190054071642047, 2.41279959797742, 3.714062794299526, 5.070216019066643, 7.235929104130305, 7.196661619112017, 4.615140884090105, 1.0218029457777074, 2.104382429597814, 2.583232838905545, 3.4500391896324887, 2.6294860429369082], [7.486013085748649, 6.8485032591070585, 7.183115099314503, 7.626185633067163, 5.12788013315444, 4.300882981435324, 2.9070314996573394, 2.4545947160376596, 1.461108692055454, 0.0, 1.4546285299003316, 2.598716916095326, 3.7700318539768336, 3.0346421700095054, 1.5608068874783965, 2.7591584314787, 2.7881183134867147, 3.723318805850501, 4.90029949390851, 6.383842003840634, 7.965272294780636, 8.189126977279079, 4.936050932678876, 2.0762618789545795, 1.0985199315442573, 2.0888814159736304, 2.195702825976229, 4.050747548292784], [7.557475964897275, 6.661261598976578, 6.7752317783231595, 7.430614792195866, 5.060527176095392, 3.9738893215589184, 2.6721778047128524, 2.8444493351086426, 2.344024669238786, 1.4546285299003316, 0.0, 1.6706998084635074, 2.5007464525617147, 2.5216736307460565, 2.4792674200255203, 4.066138744558527, 3.1469479007444656, 4.222028646278943, 5.163245135571233, 6.790390828958228, 7.97172548009526, 8.321709127937602, 4.359485493725148, 3.2522353097523555, 2.1068408482844645, 1.0208511203892563, 2.7395293646902195, 4.788276936435485], [6.360591882049972, 5.43311108297999, 5.318496473628614, 6.367977978919211, 4.028786885651809, 2.724628273728363, 1.7595687681929342, 2.7239748071522247, 3.0415708934693595, 2.598716916095326, 1.6706998084635074, 0.0, 1.4438574340979788, 1.444984633136284, 3.9835295141369294, 5.338721174588536, 4.772573299594256, 4.0118112468061105, 4.539229275989483, 6.263103139818152, 6.645094330406454, 7.213975135804115, 2.848561419383475, 4.006818196524518, 2.7319163255853938, 2.251702915573011, 4.212956333740002, 4.877133306564421], [6.765094549228414, 5.560028792191638, 5.24574242695922, 6.348468162478253, 4.423776429703472, 3.099734469273135, 2.60180126835237, 3.705670160713174, 4.1069066156902085, 3.7700318539768336, 2.5007464525617147, 1.4438574340979788, 0.0, 2.5365345059746383, 4.97938380725969, 6.510482773957705, 5.377069507640757, 4.8392513811539075, 5.148136457981665, 6.835661860419955, 7.017665289111472, 7.597694137697306, 2.8705465281022704, 5.123192072331468, 4.0987396770226825, 2.5744073978296442, 5.145361719063102, 5.748243563037322], [6.529314777218204, 5.895434405537899, 5.630450924215573, 7.042510814333195, 4.613106764426767, 3.3429382824096527, 2.5863385199930806, 3.4758528277244425, 3.7505388959454877, 3.0346421700095054, 2.5216736307460565, 1.444984633136284, 2.5365345059746383, 0.0, 4.341879159995129, 5.477460259098189, 5.537528778254792, 4.707689687097059, 5.180389430342086, 6.866308382966789, 6.642511619109145, 7.462856799510493, 3.317685607467953, 4.5475869788273435, 2.616126055831408, 3.392771187392395, 4.3534872918156085, 5.555292249738082], [8.958389601931811, 8.341038613386225, 8.726380012926322, 9.035150226199894, 6.597438349844581, 5.833142148105084, 4.435286292901508, 3.815106530622703, 2.514504382577211, 1.5608068874783965, 2.4792674200255203, 3.9835295141369294, 4.97938380725969, 4.341879159995129, 0.0, 1.7912974655260359, 1.7930138566112648, 4.9153206151786275, 6.21532805007105, 7.556265313632125, 9.472195513712752, 9.613541963813338, 6.470621208972133, 2.6637715761678966, 2.148490134955243, 2.782124075234604, 1.0942925751370152, 4.968615769004482], [9.320210442366632, 8.981480930225262, 9.542600602561128, 9.662301256947021, 7.2333851943609355, 6.725353270275101, 5.39764561545124, 4.462200341759656, 3.1734082309088443, 2.7591584314787, 4.066138744558527, 5.338721174588536, 6.510482773957705, 5.477460259098189, 1.7912974655260359, 0.0, 2.913509618999052, 5.221242252567869, 6.586116385245556, 7.655393311907625, 9.872664428612978, 9.885869160574602, 7.5033252135303306, 2.698276016274095, 2.8884242711208477, 4.436430874024749, 2.3650308940899696, 4.968372285769254], [9.71517403292396, 8.885664448987482, 9.350555292601612, 9.33858657078254, 7.167682137902045, 6.485658379069931, 5.146954300360554, 4.471832448784279, 3.190054071642047, 2.7881183134867147, 3.1469479007444656, 4.772573299594256, 5.377069507640757, 5.537528778254792, 1.7930138566112648, 2.913509618999052, 0.0, 5.412470860891539, 6.708396960526412, 7.9402976757801715, 10.333456340450663, 10.282273168905794, 7.138208135099453, 3.362173799790844, 3.724597166137568, 2.810211515171056, 2.358627526762121, 5.345744418694182], [4.548670751988981, 4.065870661986188, 5.030373518934752, 4.516856333779058, 2.420462486798752, 2.784400867332145, 2.387456380753374, 1.4021536114135285, 2.41279959797742, 3.723318805850501, 4.222028646278943, 4.0118112468061105, 4.8392513811539075, 4.707689687097059, 4.9153206151786275, 5.221242252567869, 5.412470860891539, 0.0, 1.4060170482607954, 2.668779972197034, 5.340808532422782, 4.963275122336057, 3.87392052060958, 2.553540048638361, 3.9780453353374443, 4.364557450647202, 5.836090365133151, 1.0893909169806768], [3.257757254615513, 2.768021217404231, 3.9098779085797553, 3.18229792759886, 1.3956741059430744, 2.418780976029041, 2.780473720429668, 2.4535603620045707, 3.714062794299526, 4.90029949390851, 5.163245135571233, 4.539229275989483, 5.148136457981665, 5.180389430342086, 6.21532805007105, 6.586116385245556, 6.708396960526412, 1.4060170482607954, 0.0, 1.7272075381956855, 4.123403822086797, 3.621808407411966, 3.41293435916954, 3.947294017425102, 5.051947641256786, 5.299193612239508, 7.0749376937185815, 2.154475288788433], [3.2920532939185545, 3.294509040813214, 4.7020221033083205, 3.1655637444221525, 2.7622824855542927, 4.044230899689087, 4.50453646338888, 3.9983181726821093, 5.070216019066643, 6.383842003840634, 6.790390828958228, 6.263103139818152, 6.835661860419955, 6.866308382966789, 7.556265313632125, 7.655393311907625, 7.9402976757801715, 2.668779972197034, 1.7272075381956855, 0.0, 4.297367817629763, 3.1444128386711565, 4.931708939100116, 5.04146785966151, 6.532735005340411, 6.864693940737635, 8.49445775138119, 2.7650756680423774], [1.0211262850401999, 2.240391166738523, 2.4312209566388656, 3.2224420398201112, 3.371032685988079, 4.156575303058998, 5.356039890628149, 5.881957790565995, 7.235929104130305, 7.965272294780636, 7.97172548009526, 6.645094330406454, 7.017665289111472, 6.642511619109145, 9.472195513712752, 9.872664428612978, 10.333456340450663, 5.340808532422782, 4.123403822086797, 4.297367817629763, 0.0, 1.709869673396192, 4.167724019174015, 7.569140613041879, 7.685236397795451, 8.360181049474944, 10.074524717821681, 6.096220780942895], [1.021739639047052, 2.240897619258854, 3.218138847222102, 2.4923634686778735, 3.342882437358514, 4.552567729314963, 5.661442767528433, 5.8630406522554495, 7.196661619112017, 8.189126977279079, 8.321709127937602, 7.213975135804115, 7.597694137697306, 7.462856799510493, 9.613541963813338, 9.885869160574602, 10.282273168905794, 4.963275122336057, 3.621808407411966, 3.1444128386711565, 1.709869673396192, 0.0, 4.867319839500996, 7.396181781162494, 8.062439016203472, 8.573771933052571, 10.363231193503308, 5.506957166167175], [3.9846817852872523, 2.865801409728176, 2.480015915271513, 3.954126505310623, 2.171893065968028, 1.0899015505998697, 2.157619125332365, 3.425168590011301, 4.615140884090105, 4.936050932678876, 4.359485493725148, 2.848561419383475, 2.8705465281022704, 3.317685607467953, 6.470621208972133, 7.5033252135303306, 7.138208135099453, 3.87392052060958, 3.41293435916954, 4.931708939100116, 4.167724019174015, 4.867319839500996, 0.0, 5.415629387245771, 4.934070872008225, 4.642714023068835, 6.908817921323444, 4.962694974507299], [6.899240870559601, 6.466652662699613, 7.198212437820935, 7.02405354763188, 4.720719552144567, 4.4669013745548485, 3.295874707873465, 2.0286661652425715, 1.0218029457777074, 2.0762618789545795, 3.2522353097523555, 4.006818196524518, 5.123192072331468, 4.5475869788273435, 2.6637715761678966, 2.698276016274095, 3.362173799790844, 2.553540048638361, 3.947294017425102, 5.04146785966151, 7.569140613041879, 7.396181781162494, 5.415629387245771, 0.0, 2.505774441165844, 3.490760613390726, 3.6875133315013247, 2.3626601300229364], [7.304854027288978, 6.863721819100772, 7.122667099478958, 7.8007668462786395, 5.201705702940142, 4.358726729218064, 3.064878702330648, 2.7649112065308716, 2.104382429597814, 1.0985199315442573, 2.1068408482844645, 2.7319163255853938, 4.0987396770226825, 2.616126055831408, 2.148490134955243, 2.8884242711208477, 3.724597166137568, 3.9780453353374443, 5.051947641256786, 6.532735005340411, 7.685236397795451, 8.062439016203472, 4.934070872008225, 2.505774441165844, 0.0, 2.986819186023821, 2.4842176514951344, 4.360380513212121], [7.872900010161441, 6.821588743100833, 6.99398296823777, 7.416774359517754, 5.2478017674069966, 4.242798403176846, 3.0269952907132183, 3.110370860524513, 2.583232838905545, 2.0888814159736304, 1.0208511203892563, 2.251702915573011, 2.5744073978296442, 3.392771187392395, 2.782124075234604, 4.436430874024749, 2.810211515171056, 4.364557450647202, 5.299193612239508, 6.864693940737635, 8.360181049474944, 8.573771933052571, 4.642714023068835, 3.490760613390726, 2.986819186023821, 0.0, 3.147370885358127, 4.867955097368915], [9.64361491869102, 9.018730502127227, 9.261138649755763, 9.800262023537941, 7.314089497675018, 6.4067798619899525, 5.02261419382377, 4.634364879894547, 3.4500391896324887, 2.195702825976229, 2.7395293646902195, 4.212956333740002, 5.145361719063102, 4.3534872918156085, 1.0942925751370152, 2.3650308940899696, 2.358627526762121, 5.836090365133151, 7.0749376937185815, 8.49445775138119, 10.074524717821681, 10.363231193503308, 6.908817921323444, 3.6875133315013247, 2.4842176514951344, 3.147370885358127, 0.0, 5.980070556439949], [5.244225614902548, 4.92186876399605, 6.005262567948216, 5.195664023972296, 3.4004614333940033, 3.8733267845613026, 3.379383822533333, 2.1565617403635815, 2.6294860429369082, 4.050747548292784, 4.788276936435485, 4.877133306564421, 5.748243563037322, 5.555292249738082, 4.968615769004482, 4.968372285769254, 5.345744418694182, 1.0893909169806768, 2.154475288788433, 2.7650756680423774, 6.096220780942895, 5.506957166167175, 4.962694974507299, 2.3626601300229364, 4.360380513212121, 4.867955097368915, 5.980070556439949, 0.0]]}