{"total energy": -57.15663267, "HOMO-LUMO gap/eV": 0.95295768, "electronic energy": -57.85126296, "dipole": [0.06105246, -1.99655891, -1.59471547], "partial charges": [-0.11340239, 0.0912404, -0.27588031, 0.53617454, -0.38608307, -0.28357312, 0.09337814, -0.11299745, -0.21492434, -0.0691067, 0.10806892, 0.11886852, -0.19779861, 0.01821337, -0.02178455, -0.02255284, -0.01830063, -0.02456616, -0.02265069, 0.05631342, 0.05551579, 0.06285241, 0.05185246, 0.04503367, 0.05523524, 0.04275564, 0.06067355, 0.05709056, 0.05395686, 0.06531446, 0.04941762, 0.04684732, 0.0470983, 0.04771966], "atomic dipole moments": [[0.10350905, -0.09183889, 0.05644541], [-0.06684283, 0.05850592, 0.26734517], [0.08157256, -0.13907888, -0.11407177], [-0.00844122, -0.08462405, -0.29871681], [0.01381228, -0.0763786, -0.48504125], [-0.11596736, 0.12625852, 0.09074844], [0.25576909, -0.01084601, -0.11789475], [0.05312524, 0.10910299, 0.08526089], [-0.03396406, -0.11058928, 0.12554372], [-0.06072763, 0.28959218, -0.26638237], [-0.00889167, -0.00196322, 0.0176825], [-0.07798118, -0.15925974, 0.26149382], [-0.00512759, -0.01753817, 0.02786824], [-0.05099738, 0.05715685, -0.02174773], [0.00926078, 0.02172754, -0.0330221], [0.00055955, 0.00836706, -0.00928042], [-0.00661315, 0.00725009, -0.00174146], [-0.01017615, 0.00578286, 0.00301158], [-0.02716611, 0.00759624, 0.01636639], [0.0056125, -0.00920579, -0.12836075], [-0.11827701, -0.02778903, 0.03855564], [0.01479231, 0.12410592, 0.03469805], [0.116404, 0.03424546, -0.0261568], [-0.02055035, -0.11666357, -0.023489], [-0.00021826, -0.02952307, 0.11964658], [-0.04959407, 0.10886249, -0.02290176], [0.06128477, -0.11247954, 0.01445474], [-0.12499525, -0.01547333, 0.02884598], [0.01111939, 0.02399519, -0.12443074], [-0.12660397, 0.02040795, 0.09120197], [-0.02705071, -0.08300385, 0.12600965], [0.09774853, -0.10826644, 0.04323301], [0.12700261, -0.02732314, -0.08139092], [0.04295181, 0.07497277, -0.12941579]], "atomic quadrupole moments": [[0.0519886, -0.17237133, -0.00701057, 0.12879559, -0.1161905, -0.04497802], [-0.24148747, -0.15050096, -0.25844367, 0.03043886, -0.01521559, 0.49993115], [-0.09556043, -0.04945441, -0.02488983, -0.00073281, -0.0149171, 0.12045026], [0.65537479, 0.11559975, 0.09354622, -0.12345041, -0.45633689, -0.74892101], [-0.36302481, -0.00760861, -0.28436133, 0.00977855, 0.24000715, 0.64738614], [0.08812252, 0.05230178, -0.00589442, -0.04983249, 0.03686594, -0.0822281], [0.43850444, 0.18017843, -0.20003534, -0.13985879, 0.12054052, -0.2384691], [-0.05842266, 0.1370134, 0.07186441, 0.09566534, 0.1691045, -0.01344175], [0.04286336, -0.12638366, 0.0180009, 0.00480968, -0.05883127, -0.06086426], [-0.09365164, -0.06481401, 0.18970134, 0.28985816, 0.03915104, -0.09604969], [-0.07005207, 0.23817818, 0.07808263, 0.21553388, 0.30917162, -0.00803056], [0.4825812, -0.17553476, 0.01031938, 0.18161122, 0.67062834, -0.49290059], [0.29516243, -0.08751467, 0.03381492, 0.16053136, 0.46328002, -0.32897736], [-0.0463506, 0.134484, 0.12383208, 0.24040868, 0.21304156, -0.07748148], [-0.08128484, 0.28371113, 0.10570738, 0.24452223, 0.30035491, -0.02442254], [-0.05459001, 0.26649572, 0.08983445, 0.22172702, 0.313552, -0.03524444], [-0.07187209, 0.29121955, 0.08876356, 0.22239603, 0.31391364, -0.01689147], [-0.0812139, 0.27345286, 0.0992869, 0.2321572, 0.28900425, -0.01807301], [-0.07245407, 0.27492259, 0.09620928, 0.22981552, 0.29970729, -0.0237552], [-0.04133071, -0.01030823, -0.04300827, -0.01173438, 0.01398795, 0.08433897], [0.05724874, 0.03230379, -0.01894645, -0.03439913, -0.02092857, -0.03830229], [-0.02263672, 0.02369833, 0.06311737, 0.01516942, 0.03073878, -0.04048065], [0.02100313, 0.01911458, -0.03432785, -0.00510117, -0.01633702, 0.01332472], [-0.03908331, 0.013857, 0.02601658, 0.01412044, 0.00637578, 0.01306674], [0.00171278, 0.01675809, -0.03022197, -0.00211367, -0.02084062, 0.02850919], [0.02225488, -0.00930251, 0.01844864, 0.00646258, -0.01414997, -0.04070351], [-0.01702263, -0.05088258, 0.04411003, 0.02345627, -0.01810501, -0.02708741], [0.07581236, 0.01129145, -0.0419406, -0.03489996, 0.00593945, -0.03387176], [-0.05212657, 0.00740159, -0.01777067, -0.00857283, -0.03364802, 0.06989724], [0.0052672, -0.03596296, -0.00330626, -0.01572023, -0.03688735, -0.00196094], [0.01511662, -0.03802273, -0.01215871, -0.02835919, -0.03182594, -0.00295791], [0.00829062, -0.02980437, -0.01485197, -0.03257323, -0.03684879, 0.00656135], [0.00171528, -0.03286391, -0.00732344, -0.02278915, -0.04309176, 0.00560816], [0.00589506, -0.03895974, -0.0021699, -0.01399943, -0.03732524, -0.00372516]], "number of molecular orbitals": 101, "number of electrons": 102, "number of unpaired electrons": 0, "orbital energies/eV": [-20.79501765, -20.35362026, -19.93578379, -19.23798495, -18.65775358, -18.42241518, -18.28919277, -18.14294901, -18.07016414, -17.8904439, -17.4439049, -17.3058281, -17.06961821, -16.78224957, -16.71214895, -16.57831691, -16.47889412, -16.21304, -16.11208327, -15.97092148, -15.77576647, -15.65707656, -15.25959788, -15.15853212, -14.98174769, -14.79991433, -14.40332298, -14.29458834, -14.1263222, -13.9934512, -13.73407351, -13.71516951, -13.66487246, -13.59219738, -13.44041601, -13.35743438, -13.24964402, -13.15560813, -12.93808228, -12.89022403, -12.72831477, -12.53597787, -12.33315836, -12.26199689, -12.20432041, -12.12254245, -11.74434097, -11.61883153, -11.5356147, -9.89899516, -9.8404703, -8.88751263, -6.92926072, -6.8597182, -6.58886166, -4.87043498, -4.75279181, -4.34562278, -3.97755129, -3.04691178, -2.53310527, -0.72759386, 0.87709728, 0.92978891, 1.07077742, 1.3267813, 1.70244102, 2.28000182, 2.4801342, 2.67626199, 2.85442214, 3.07137691, 3.3737831, 3.39257797, 3.60567792, 3.62479011, 3.76744372, 3.93000595, 3.96198317, 4.32413016, 4.33069168, 4.48342567, 5.52502895, 5.74777002, 6.27888267, 6.31301404, 6.43505692, 6.68700709, 8.69859925, 9.89244466, 9.98963627, 10.45097961, 10.84091141, 11.15574512, 12.44278322, 15.75052486, 16.4507664, 26.20634348, 27.95490992, 28.11559334, 35.47750308], "fractional occupation": [2.0, 2.0, 2.0, 2.0, 2.0, 2.0, 2.0, 2.0, 2.0, 2.0, 2.0, 2.0, 2.0, 2.0, 2.0, 2.0, 2.0, 2.0, 2.0, 2.0, 2.0, 2.0, 2.0, 2.0, 2.0, 2.0, 2.0, 2.0, 2.0, 2.0, 2.0, 2.0, 2.0, 2.0, 2.0, 2.0, 2.0, 2.0, 2.0, 2.0, 2.0, 2.0, 2.0, 2.0, 2.0, 2.0, 2.0, 2.0, 2.0, 2.0, 1.99999998, 2e-08, 0.0, 0.0, 0.0, 0.0, 0.0, 0.0, 0.0, 0.0, 0.0, 0.0, 0.0, 0.0, 0.0, 0.0, 0.0, 0.0, 0.0, 0.0, 0.0, 0.0, 0.0, 0.0, 0.0, 0.0, 0.0, 0.0, 0.0, 0.0, 0.0, 0.0, 0.0, 0.0, 0.0, 0.0, 0.0, 0.0, 0.0, 0.0, 0.0, 0.0, 0.0, 0.0, 0.0, 0.0, 0.0, 0.0, 0.0, 0.0, 0.0], "program call": "xtb /home/svss/Project-DBcg-Debug/aqme2_20220329/End-to-End-workflows-final/example-3/QDESCP/mol_204_rdkit_conf_3/mol_204_rdkit_conf_3.xyz --pop --wbo --acc 0.2 --gfn 2 --chrg 0 --uhf 0 --etemp 300 --input /home/svss/Project-DBcg-Debug/aqme2_20220329/End-to-End-workflows-final/example-3/QDESCP/mol_204_rdkit_conf_3/mol_204_rdkit_conf_3_xtb.inp", "method": "GFN2-xTB", "xtb version": "6.3.3 (7355c4f)", "Dipole module/D": 6.497, "Total charge": 0, "Transition dipole module/D": NaN, "HOMO": -9.8405, "LUMO": -8.8875, "HOMO occupancy": 2.0, "LUMO occupancy": 0, "mulliken charges": [-0.09794, 0.21014, -0.36399, 0.4456, -0.17873, -0.37329, 0.20903, -0.09611, -0.26012, -0.0398, 0.15055, 0.21073, -0.26714, -0.00349, -0.01909, -0.02218, -0.01759, -0.02152, -0.02631, 0.03195, 0.03725, 0.04357, 0.0377, 0.03274, 0.0272, 0.03201, 0.04231, 0.03222, 0.03952, 0.04574, 0.03903, 0.03752, 0.03894, 0.04354], "cm5 charges": [-0.24444, 0.13263, -0.42526, 0.41788, -0.14606, -0.43484, 0.13116, -0.24262, -0.24572, -0.17493, 0.23737, 0.3329, -0.38883, -0.00503, -0.06899, -0.07734, -0.07284, -0.07676, -0.07765, 0.08319, 0.09065, 0.0969, 0.1045, 0.10185, 0.09149, 0.0995, 0.09564, 0.08345, 0.09295, 0.10603, 0.09431, 0.09281, 0.09419, 0.10191], "FUKUI+": [0.006, 0.003, -0.013, -0.033, -0.05, 0.006, 0.005, 0.005, -0.018, -0.154, -0.064, -0.036, -0.167, -0.023, -0.024, -0.02, -0.043, -0.02, -0.026, -0.012, -0.012, -0.01, 0.006, -0.002, -0.008, -0.01, -0.003, -0.016, -0.005, -0.042, -0.057, -0.064, -0.057, -0.042], "FUKUI-": [0.009, 0.009, 0.002, -0.141, -0.392, -0.001, 0.013, 0.008, -0.001, -0.012, -0.018, -0.001, -0.068, -0.013, -0.015, -0.015, -0.021, -0.02, -0.015, -0.026, -0.014, -0.015, -0.015, -0.013, -0.007, -0.012, -0.014, -0.024, -0.015, -0.015, -0.034, -0.038, -0.039, -0.029], "FUKUIrad": [0.008, 0.006, -0.006, -0.087, -0.221, 0.002, 0.009, 0.007, -0.01, -0.083, -0.041, -0.018, -0.118, -0.018, -0.02, -0.017, -0.032, -0.02, -0.02, -0.019, -0.013, -0.013, -0.004, -0.007, -0.008, -0.011, -0.008, -0.02, -0.01, -0.029, -0.045, -0.051, -0.048, -0.036], "s proportion": [1.012, 0.994, 1.651, 1.437, 1.89, 1.648, 0.993, 1.012, 1.67, 1.573, 1.059, 1.077, 1.682, 1.08, 1.067, 1.062, 1.064, 1.062, 1.066, 0.968, 0.963, 0.956, 0.962, 0.967, 0.973, 0.968, 0.958, 0.968, 0.96, 0.954, 0.961, 0.962, 0.961, 0.956], "p proportion": [3.086, 2.796, 4.713, 1.931, 4.303, 4.725, 2.798, 3.084, 4.59, 3.467, 2.79, 2.713, 3.586, 2.924, 2.953, 2.96, 2.953, 2.96, 2.96, 0.0, 0.0, 0.0, 0.0, 0.0, 0.0, 0.0, 0.0, 0.0, 0.0, 0.0, 0.0, 0.0, 0.0, 0.0], "d proportion": [0.0, 0.0, 0.0, 1.186, -0.014, 0.0, 0.0, 0.0, 0.0, 0.0, 0.0, 0.0, 0.0, 0.0, 0.0, 0.0, 0.0, 0.0, 0.0, 0.0, 0.0, 0.0, 0.0, 0.0, 0.0, 0.0, 0.0, 0.0, 0.0, 0.0, 0.0, 0.0, 0.0, 0.0], "Fermi-level/eV": -9.3627, "Coordination numbers": [3.749, 3.909, 1.658, 4.028, 0.924, 1.658, 3.923, 3.749, 1.724, 2.03, 2.881, 1.903, 0.911, 2.966, 2.916, 2.91, 2.911, 2.911, 2.913, 0.924, 0.924, 0.924, 0.924, 0.924, 0.924, 0.924, 0.924, 0.924, 0.924, 0.925, 0.925, 0.925, 0.925, 0.925], "Dispersion coefficient C6": [22.736, 19.018, 18.593, 138.56, 155.97, 18.724, 18.981, 22.728, 17.566, 23.245, 25.611, 28.182, 25.299, 27.6, 28.55, 28.568, 28.465, 28.617, 28.57, 2.243, 2.252, 2.166, 2.297, 2.383, 2.256, 2.413, 2.191, 2.233, 2.271, 2.138, 2.327, 2.36, 2.356, 2.349], "Total dispersion C6": 16833.859415, "Total dispersion C8": 463857.766816, "Polarizability alpha": [6.801, 6.199, 5.821, 21.145, 21.124, 5.841, 6.192, 6.8, 5.659, 7.151, 8.297, 8.574, 7.275, 8.617, 8.762, 8.764, 8.749, 8.772, 8.765, 2.342, 2.347, 2.302, 2.37, 2.414, 2.349, 2.429, 2.315, 2.337, 2.357, 2.286, 2.386, 2.402, 2.401, 2.397], "Total polarizability alpha": 204.738388, "Wiberg matrix": [[0.0, 1.0159597024662472, 0.0, 0.0, 0.0, 0.0, 0.0, 0.0, 0.0, 0.0, 0.0, 0.0, 0.0, 0.0, 0.0, 0.0, 0.0, 0.0, 0.0, 0.9814464100956203, 0.9849499272731304, 0.9840945203259587, 0.0, 0.0, 0.0, 0.0, 0.0, 0.0, 0.0, 0.0, 0.0, 0.0, 0.0, 0.0], [1.0159597024662472, 0.0, 0.9160935074478778, 0.0, 0.0, 0.0, 0.0, 0.0, 0.0, 0.0, 0.0, 0.0, 0.0, 0.0, 0.0, 0.0, 0.0, 0.0, 0.0, 0.0, 0.0, 0.0, 0.971747699716924, 0.9675955710330891, 0.0, 0.0, 0.0, 0.0, 0.0, 0.0, 0.0, 0.0, 0.0, 0.0], [0.0, 0.9160935074478778, 0.0, 1.2233227343857125, 0.0, 0.0, 0.0, 0.0, 0.0, 0.0, 0.0, 0.0, 0.0, 0.0, 0.0, 0.0, 0.0, 0.0, 0.0, 0.0, 0.0, 0.0, 0.0, 0.0, 0.0, 0.0, 0.0, 0.0, 0.0, 0.0, 0.0, 0.0, 0.0, 0.0], [0.0, 0.0, 1.2233227343857125, 0.0, 1.5965809197165288, 1.1975326227034253, 0.0, 0.0, 1.1482532754720287, 0.0, 0.0, 0.0, 0.0, 0.0, 0.0, 0.0, 0.0, 0.0, 0.0, 0.0, 0.0, 0.0, 0.0, 0.0, 0.0, 0.0, 0.0, 0.0, 0.0, 0.0, 0.0, 0.0, 0.0, 0.0], [0.0, 0.0, 0.0, 1.5965809197165288, 0.0, 0.0, 0.0, 0.0, 0.0, 0.0, 0.0, 0.0, 0.0, 0.0, 0.0, 0.0, 0.0, 0.0, 0.0, 0.0, 0.0, 0.0, 0.0, 0.0, 0.0, 0.0, 0.0, 0.0, 0.0, 0.0, 0.0, 0.0, 0.0, 0.0], [0.0, 0.0, 0.0, 1.1975326227034253, 0.0, 0.0, 0.9232654833343441, 0.0, 0.0, 0.0, 0.0, 0.0, 0.0, 0.0, 0.0, 0.0, 0.0, 0.0, 0.0, 0.0, 0.0, 0.0, 0.0, 0.0, 0.0, 0.0, 0.0, 0.0, 0.0, 0.0, 0.0, 0.0, 0.0, 0.0], [0.0, 0.0, 0.0, 0.0, 0.0, 0.9232654833343441, 0.0, 1.0160563019535558, 0.0, 0.0, 0.0, 0.0, 0.0, 0.0, 0.0, 0.0, 0.0, 0.0, 0.0, 0.0, 0.0, 0.0, 0.0, 0.0, 0.9706439087129402, 0.9692222086442641, 0.0, 0.0, 0.0, 0.0, 0.0, 0.0, 0.0, 0.0], [0.0, 0.0, 0.0, 0.0, 0.0, 0.0, 1.0160563019535558, 0.0, 0.0, 0.0, 0.0, 0.0, 0.0, 0.0, 0.0, 0.0, 0.0, 0.0, 0.0, 0.0, 0.0, 0.0, 0.0, 0.0, 0.0, 0.0, 0.9842792842907776, 0.9817632964258427, 0.9850823042591805, 0.0, 0.0, 0.0, 0.0, 0.0], [0.0, 0.0, 0.0, 1.1482532754720287, 0.0, 0.0, 0.0, 0.0, 0.0, 0.9798106959703367, 0.0, 0.0, 0.0, 0.0, 0.0, 0.0, 0.0, 0.0, 0.0, 0.0, 0.0, 0.0, 0.0, 0.0, 0.0, 0.0, 0.0, 0.0, 0.0, 0.0, 0.0, 0.0, 0.0, 0.0], [0.0, 0.0, 0.0, 0.0, 0.0, 0.0, 0.0, 0.0, 0.9798106959703367, 0.0, 1.691942821837604, 0.0, 0.0, 0.0, 0.0, 0.0, 0.0, 0.0, 0.0, 0.0, 0.0, 0.0, 0.0, 0.0, 0.0, 0.0, 0.0, 0.0, 0.0, 0.0, 0.0, 0.0, 0.0, 0.0], [0.0, 0.0, 0.0, 0.0, 0.0, 0.0, 0.0, 0.0, 0.0, 1.691942821837604, 0.0, 1.0507002706265798, 0.0, 1.0548218315009616, 0.0, 0.0, 0.0, 0.0, 0.0, 0.0, 0.0, 0.0, 0.0, 0.0, 0.0, 0.0, 0.0, 0.0, 0.0, 0.0, 0.0, 0.0, 0.0, 0.0], [0.0, 0.0, 0.0, 0.0, 0.0, 0.0, 0.0, 0.0, 0.0, 0.0, 1.0507002706265798, 0.0, 2.825411630980495, 0.0, 0.0, 0.0, 0.0, 0.0, 0.0, 0.0, 0.0, 0.0, 0.0, 0.0, 0.0, 0.0, 0.0, 0.0, 0.0, 0.0, 0.0, 0.0, 0.0, 0.0], [0.0, 0.0, 0.0, 0.0, 0.0, 0.0, 0.0, 0.0, 0.0, 0.0, 0.0, 2.825411630980495, 0.0, 0.0, 0.0, 0.0, 0.0, 0.0, 0.0, 0.0, 0.0, 0.0, 0.0, 0.0, 0.0, 0.0, 0.0, 0.0, 0.0, 0.0, 0.0, 0.0, 0.0, 0.0], [0.0, 0.0, 0.0, 0.0, 0.0, 0.0, 0.0, 0.0, 0.0, 0.0, 1.0548218315009616, 0.0, 0.0, 0.0, 1.364441109515576, 0.0, 0.0, 0.0, 1.374545620988738, 0.0, 0.0, 0.0, 0.0, 0.0, 0.0, 0.0, 0.0, 0.0, 0.0, 0.0, 0.0, 0.0, 0.0, 0.0], [0.0, 0.0, 0.0, 0.0, 0.0, 0.0, 0.0, 0.0, 0.0, 0.0, 0.0, 0.0, 0.0, 1.364441109515576, 0.0, 1.458648578632035, 0.0, 0.10749741552725796, 0.0, 0.0, 0.0, 0.0, 0.0, 0.0, 0.0, 0.0, 0.0, 0.0, 0.0, 0.9661959818971514, 0.0, 0.0, 0.0, 0.0], [0.0, 0.0, 0.0, 0.0, 0.0, 0.0, 0.0, 0.0, 0.0, 0.0, 0.0, 0.0, 0.0, 0.0, 1.458648578632035, 0.0, 1.4274077350536094, 0.0, 0.10487472040323154, 0.0, 0.0, 0.0, 0.0, 0.0, 0.0, 0.0, 0.0, 0.0, 0.0, 0.0, 0.9694508208675683, 0.0, 0.0, 0.0], [0.0, 0.0, 0.0, 0.0, 0.0, 0.0, 0.0, 0.0, 0.0, 0.0, 0.0, 0.0, 0.0, 0.0, 0.0, 1.4274077350536094, 0.0, 1.4328073788929792, 0.0, 0.0, 0.0, 0.0, 0.0, 0.0, 0.0, 0.0, 0.0, 0.0, 0.0, 0.0, 0.0, 0.9699097875451541, 0.0, 0.0], [0.0, 0.0, 0.0, 0.0, 0.0, 0.0, 0.0, 0.0, 0.0, 0.0, 0.0, 0.0, 0.0, 0.0, 0.10749741552725796, 0.0, 1.4328073788929792, 0.0, 1.4503822406574136, 0.0, 0.0, 0.0, 0.0, 0.0, 0.0, 0.0, 0.0, 0.0, 0.0, 0.0, 0.0, 0.0, 0.970004354407805, 0.0], [0.0, 0.0, 0.0, 0.0, 0.0, 0.0, 0.0, 0.0, 0.0, 0.0, 0.0, 0.0, 0.0, 1.374545620988738, 0.0, 0.10487472040323154, 0.0, 1.4503822406574136, 0.0, 0.0, 0.0, 0.0, 0.0, 0.0, 0.0, 0.0, 0.0, 0.0, 0.0, 0.0, 0.0, 0.0, 0.0, 0.9671992094371247], [0.9814464100956203, 0.0, 0.0, 0.0, 0.0, 0.0, 0.0, 0.0, 0.0, 0.0, 0.0, 0.0, 0.0, 0.0, 0.0, 0.0, 0.0, 0.0, 0.0, 0.0, 0.0, 0.0, 0.0, 0.0, 0.0, 0.0, 0.0, 0.0, 0.0, 0.0, 0.0, 0.0, 0.0, 0.0], [0.9849499272731304, 0.0, 0.0, 0.0, 0.0, 0.0, 0.0, 0.0, 0.0, 0.0, 0.0, 0.0, 0.0, 0.0, 0.0, 0.0, 0.0, 0.0, 0.0, 0.0, 0.0, 0.0, 0.0, 0.0, 0.0, 0.0, 0.0, 0.0, 0.0, 0.0, 0.0, 0.0, 0.0, 0.0], [0.9840945203259587, 0.0, 0.0, 0.0, 0.0, 0.0, 0.0, 0.0, 0.0, 0.0, 0.0, 0.0, 0.0, 0.0, 0.0, 0.0, 0.0, 0.0, 0.0, 0.0, 0.0, 0.0, 0.0, 0.0, 0.0, 0.0, 0.0, 0.0, 0.0, 0.0, 0.0, 0.0, 0.0, 0.0], [0.0, 0.971747699716924, 0.0, 0.0, 0.0, 0.0, 0.0, 0.0, 0.0, 0.0, 0.0, 0.0, 0.0, 0.0, 0.0, 0.0, 0.0, 0.0, 0.0, 0.0, 0.0, 0.0, 0.0, 0.0, 0.0, 0.0, 0.0, 0.0, 0.0, 0.0, 0.0, 0.0, 0.0, 0.0], [0.0, 0.9675955710330891, 0.0, 0.0, 0.0, 0.0, 0.0, 0.0, 0.0, 0.0, 0.0, 0.0, 0.0, 0.0, 0.0, 0.0, 0.0, 0.0, 0.0, 0.0, 0.0, 0.0, 0.0, 0.0, 0.0, 0.0, 0.0, 0.0, 0.0, 0.0, 0.0, 0.0, 0.0, 0.0], [0.0, 0.0, 0.0, 0.0, 0.0, 0.0, 0.9706439087129402, 0.0, 0.0, 0.0, 0.0, 0.0, 0.0, 0.0, 0.0, 0.0, 0.0, 0.0, 0.0, 0.0, 0.0, 0.0, 0.0, 0.0, 0.0, 0.0, 0.0, 0.0, 0.0, 0.0, 0.0, 0.0, 0.0, 0.0], [0.0, 0.0, 0.0, 0.0, 0.0, 0.0, 0.9692222086442641, 0.0, 0.0, 0.0, 0.0, 0.0, 0.0, 0.0, 0.0, 0.0, 0.0, 0.0, 0.0, 0.0, 0.0, 0.0, 0.0, 0.0, 0.0, 0.0, 0.0, 0.0, 0.0, 0.0, 0.0, 0.0, 0.0, 0.0], [0.0, 0.0, 0.0, 0.0, 0.0, 0.0, 0.0, 0.9842792842907776, 0.0, 0.0, 0.0, 0.0, 0.0, 0.0, 0.0, 0.0, 0.0, 0.0, 0.0, 0.0, 0.0, 0.0, 0.0, 0.0, 0.0, 0.0, 0.0, 0.0, 0.0, 0.0, 0.0, 0.0, 0.0, 0.0], [0.0, 0.0, 0.0, 0.0, 0.0, 0.0, 0.0, 0.9817632964258427, 0.0, 0.0, 0.0, 0.0, 0.0, 0.0, 0.0, 0.0, 0.0, 0.0, 0.0, 0.0, 0.0, 0.0, 0.0, 0.0, 0.0, 0.0, 0.0, 0.0, 0.0, 0.0, 0.0, 0.0, 0.0, 0.0], [0.0, 0.0, 0.0, 0.0, 0.0, 0.0, 0.0, 0.9850823042591805, 0.0, 0.0, 0.0, 0.0, 0.0, 0.0, 0.0, 0.0, 0.0, 0.0, 0.0, 0.0, 0.0, 0.0, 0.0, 0.0, 0.0, 0.0, 0.0, 0.0, 0.0, 0.0, 0.0, 0.0, 0.0, 0.0], [0.0, 0.0, 0.0, 0.0, 0.0, 0.0, 0.0, 0.0, 0.0, 0.0, 0.0, 0.0, 0.0, 0.0, 0.9661959818971514, 0.0, 0.0, 0.0, 0.0, 0.0, 0.0, 0.0, 0.0, 0.0, 0.0, 0.0, 0.0, 0.0, 0.0, 0.0, 0.0, 0.0, 0.0, 0.0], [0.0, 0.0, 0.0, 0.0, 0.0, 0.0, 0.0, 0.0, 0.0, 0.0, 0.0, 0.0, 0.0, 0.0, 0.0, 0.9694508208675683, 0.0, 0.0, 0.0, 0.0, 0.0, 0.0, 0.0, 0.0, 0.0, 0.0, 0.0, 0.0, 0.0, 0.0, 0.0, 0.0, 0.0, 0.0], [0.0, 0.0, 0.0, 0.0, 0.0, 0.0, 0.0, 0.0, 0.0, 0.0, 0.0, 0.0, 0.0, 0.0, 0.0, 0.0, 0.9699097875451541, 0.0, 0.0, 0.0, 0.0, 0.0, 0.0, 0.0, 0.0, 0.0, 0.0, 0.0, 0.0, 0.0, 0.0, 0.0, 0.0, 0.0], [0.0, 0.0, 0.0, 0.0, 0.0, 0.0, 0.0, 0.0, 0.0, 0.0, 0.0, 0.0, 0.0, 0.0, 0.0, 0.0, 0.0, 0.970004354407805, 0.0, 0.0, 0.0, 0.0, 0.0, 0.0, 0.0, 0.0, 0.0, 0.0, 0.0, 0.0, 0.0, 0.0, 0.0, 0.0], [0.0, 0.0, 0.0, 0.0, 0.0, 0.0, 0.0, 0.0, 0.0, 0.0, 0.0, 0.0, 0.0, 0.0, 0.0, 0.0, 0.0, 0.0, 0.9671992094371247, 0.0, 0.0, 0.0, 0.0, 0.0, 0.0, 0.0, 0.0, 0.0, 0.0, 0.0, 0.0, 0.0, 0.0, 0.0]], "Born radii": [], "Atomic SASAs": [], "Solvent H bonds": [], "Total SASA": NaN, "Total FOD": 0.0, "FOD": [0.0, 0.0, 0.0, 0.0, 0.0, 0.0, 0.0, 0.0, 0.0, 0.0, 0.0, 0.0, 0.0, 0.0, 0.0, 0.0, 0.0, 0.0, 0.0, 0.0, 0.0, 0.0, 0.0, 0.0, 0.0, 0.0, 0.0, 0.0, 0.0, 0.0, 0.0, 0.0, 0.0, 0.0], "FOD s proportion": [0.0, 0.0, 0.0, 0.0, 0.0, 0.0, 0.0, 0.0, 0.0, 0.0, 0.0, 0.0, 0.0, 0.0, 0.0, 0.0, 0.0, 0.0, 0.0, 0.0, 0.0, 0.0, 0.0, 0.0, 0.0, 0.0, 0.0, 0.0, 0.0, 0.0, 0.0, 0.0, 0.0, 0.0], "FOD p proportion": [0.0, 0.0, 0.0, 0.0, 0.0, 0.0, 0.0, 0.0, 0.0, 0.0, 0.0, 0.0, 0.0, 0.0, 0.0, 0.0, 0.0, 0.0, 0.0, 0.0, 0.0, 0.0, 0.0, 0.0, 0.0, 0.0, 0.0, 0.0, 0.0, 0.0, 0.0, 0.0, 0.0, 0.0], "FOD d proportion": [0.0, 0.0, 0.0, 0.0, 0.0, 0.0, 0.0, 0.0, 0.0, 0.0, 0.0, 0.0, 0.0, 0.0, 0.0, 0.0, 0.0, 0.0, 0.0, 0.0, 0.0, 0.0, 0.0, 0.0, 0.0, 0.0, 0.0, 0.0, 0.0, 0.0, 0.0, 0.0, 0.0, 0.0], "coordinates": [["-2.91970", "3.26520", "-2.09600"], ["-1.89590", "2.37580", "-1.42130"], ["-2.01210", "2.53890", "-0.01750"], ["-1.32480", "1.44210", "0.95950"], ["-1.30330", "1.92410", "2.83770"], ["-2.12660", "0.09150", "0.55390"], ["-3.49200", "-0.01210", "0.92110"], ["-4.13270", "-1.10260", "0.08750"], ["0.12670", "1.20700", "0.24190"], ["0.90300", "0.14800", "0.76530"], ["2.00110", "-0.05870", "0.09770"], ["2.26000", "0.76380", "-1.06840"], ["2.47860", "1.40390", "-2.01440"], ["2.97980", "-1.10570", "0.48100"], ["2.73480", "-1.87120", "1.63120"], ["3.63350", "-2.86540", "2.02330"], ["4.78200", "-3.10290", "1.27150"], ["5.03480", "-2.34790", "0.12760"], ["4.13900", "-1.35110", "-0.26970"], ["-2.85740", "3.17630", "-3.18410"], ["-3.93220", "2.99680", "-1.77670"], ["-2.76490", "4.31270", "-1.81730"], ["-0.88700", "2.66420", "-1.73160"], ["-2.06770", "1.33200", "-1.70070"], ["-3.55980", "-0.26510", "1.98340"], ["-4.00550", "0.93900", "0.74810"], ["-3.62100", "-2.05820", "0.24250"], ["-5.18880", "-1.22160", "0.34510"], ["-4.05330", "-0.86810", "-0.97930"], ["1.84520", "-1.70090", "2.23560"], ["3.43680", "-3.45290", "2.91730"], ["5.48180", "-3.87690", "1.57840"], ["5.93320", "-2.53530", "-0.45660"], ["4.37430", "-0.78490", "-1.16820"]], "bond_dist": [[0.0, 1.514733933732258, 2.3814725906463843, 3.8991639962945905, 5.362153845237938, 4.209910843474004, 4.49122644608352, 5.03157212906662, 4.356892999604191, 5.702368702565628, 6.33047419550858, 5.843137497098627, 5.710756442013616, 7.781374946627363, 8.499882060946494, 9.874073074977723, 10.545564790469975, 9.98625849955828, 8.629649069921673, 1.0935017649734269, 1.0950558433248962, 1.0949397152355014, 2.1507807070921947, 2.149285539429324, 5.432701948386272, 3.831327823353152, 5.856534085959032, 5.589200144922349, 4.429022097483823, 8.131984983999908, 10.520035016576703, 11.623080917725732, 10.710148039126256, 8.39443618416389], [1.514733933732258, 0.0, 1.4180121614429124, 2.620335768560968, 4.3236892406832395, 3.028640622457541, 3.7062702788652637, 4.4021606331436836, 2.867618949581691, 4.192630869752309, 4.8395, 4.471530746847214, 4.520244182563593, 6.285860166277962, 6.985567102247319, 8.361202722096863, 9.047744135418508, 8.529187264329469, 7.185818267949726, 2.1616536123995442, 2.1583484079267645, 2.159527404317899, 1.0942302591319617, 1.094119755785444, 4.6189715424540125, 3.3497914502249238, 5.040293290077472, 5.18696887690682, 3.920794048403971, 6.632362302377637, 9.013039606037465, 10.125458738743642, 9.292166384110866, 7.0263427286177835], [2.3814725906463843, 1.4180121614429124, 0.0, 1.6216906394254116, 3.0054190256934223, 2.5158249084544813, 3.0949434518258974, 4.215268865683421, 2.532925464754145, 3.850582639030099, 4.78190035864404, 4.744070955413715, 5.044028261221382, 6.200860990217407, 6.68582480401633, 8.077383393773012, 8.924753388749743, 8.576751591366046, 7.282289203952285, 3.3388870016818477, 2.6440955088649876, 2.6367317497235097, 2.054188138900622, 2.0719221051960424, 3.7764258366873826, 2.6682329227411907, 4.877446834154115, 4.936016805076741, 4.08646616038846, 6.158825126596793, 8.614245729603956, 9.993394001038887, 9.43759008115949, 7.290943827104966], [3.8991639962945905, 2.620335768560968, 1.6216906394254116, 0.0, 1.9391806233561637, 1.622194488956241, 2.6101586235322944, 3.8884681431124, 1.6361766469424994, 2.5836991485078133, 3.7492280125380475, 4.174117911607193, 4.828187238498524, 5.024920720767642, 5.282943302743273, 6.653643030701302, 7.618882807866256, 7.449877164759161, 6.258275267196226, 4.746128249426052, 4.086859098378607, 4.245568349467478, 2.987844785125225, 2.76417916568373, 2.9930132057844316, 2.7356812789504557, 4.2472018470988635, 4.733210437958575, 4.067023694300293, 4.642820286205358, 7.104001717342134, 8.660519717083957, 8.396643017897093, 6.478146115981022], [5.362153845237938, 4.3236892406832395, 3.0054190256934223, 1.9391806233561637, 0.0, 3.0417080875718496, 3.4946578788201856, 4.972928442075152, 3.049149069822595, 3.5095772765391557, 4.728441096175356, 5.41304167635905, 6.173835927525123, 5.751405788153014, 5.6715250109648645, 6.926366424756923, 8.04702351991095, 8.109632397340832, 7.071173812741417, 6.343918890559682, 5.41797820778194, 5.432376047366382, 4.6475322688497815, 4.6402547699452885, 3.2579468043539324, 3.555099859356977, 5.288242583316314, 5.586196693636914, 5.470682758120781, 4.839028999706449, 7.168473559273271, 9.015265913992776, 9.116226911392673, 7.457952639297194], [4.209910843474004, 3.028640622457541, 2.5158249084544813, 1.622194488956241, 3.0417080875718496, 0.0, 1.4177044684982836, 2.380722785206207, 2.5335834582661767, 3.037492118508293, 4.155548792879227, 4.725050702373467, 5.433822383000755, 5.245371598847883, 5.352193619442406, 6.639363371589177, 7.645122306412109, 7.577470158964665, 6.48206410644017, 4.901296122455773, 4.139161244745124, 4.8834972888289805, 3.657718373521942, 2.574010609923743, 2.0554065412954197, 2.070322462806217, 2.636552940868057, 3.3383975032940576, 2.642670484566701, 4.670760954063053, 7.0071285474151255, 8.642080152949289, 8.537070020211852, 6.781991313766186], [4.49122644608352, 3.7062702788652637, 3.0949434518258974, 2.6101586235322944, 3.4946578788201856, 1.4177044684982836, 0.0, 1.5147856944135694, 3.878467112146241, 4.400673885895204, 5.554665312149779, 6.135603887149169, 6.802226151047905, 6.5782858109084925, 6.537089035648818, 7.754283718049011, 8.839394820913931, 8.876481404813509, 7.8385640674807275, 5.236533085926222, 4.065142075007957, 5.170242161640014, 4.580985044725643, 3.272471625545438, 1.0941147700310054, 1.0946243465225864, 2.1595518447122313, 2.1618965030731694, 2.158544382216868, 5.7502747351757035, 7.989504898302522, 9.792742658213786, 9.853882005077999, 8.175638814184492], [5.03157212906662, 4.4021606331436836, 4.215268865683421, 3.8884681431124, 4.972928442075152, 2.380722785206207, 1.5147856944135694, 0.0, 4.847739667102596, 5.232751445463467, 6.222003993087757, 6.759154315445091, 7.376300803926044, 7.123377577385604, 7.080699958337452, 8.195648108600075, 9.212759205580053, 9.251780171945288, 8.283137387487907, 5.535227353957559, 4.5078289952037895, 5.901238342077026, 5.294570382948932, 3.659120304116824, 2.1503621718212957, 2.149581996575148, 1.0950037671168074, 1.0935565691814941, 1.0951515191972296, 6.3802495962148695, 8.415997170864543, 10.117219655122646, 10.181896528152306, 8.605042985366197], [4.356892999604191, 2.867618949581691, 2.532925464754145, 1.6361766469424994, 3.049149069822595, 2.5335834582661767, 3.878467112146241, 4.847739667102596, 0.0, 1.4135311280619187, 2.2663109870448057, 2.542495077674684, 3.265132908474018, 3.680479548917505, 4.267042926899142, 5.661755377972454, 6.427062490749566, 6.061338475122471, 4.785829234312483, 4.951814950096581, 4.87368435682903, 4.716675491275608, 2.6543778517761933, 2.933378789041743, 4.334764458422165, 4.171706998340127, 4.970592187053772, 5.844936992816945, 4.82387494137234, 3.922239710930478, 6.311037567627054, 7.503956787588798, 6.943209185239921, 4.898791012076347], [5.702368702565628, 4.192630869752309, 3.850582639030099, 2.5836991485078133, 3.5095772765391557, 3.037492118508293, 4.400673885895204, 5.232751445463467, 1.4135311280619187, 0.0, 1.3016290792695129, 2.362861470759553, 3.433151942457543, 2.4424758791030055, 2.8604969306048904, 4.256615299742274, 5.086376927637196, 4.869080954348572, 3.7135187908505323, 6.23770546034357, 6.160891532887104, 6.121114217199349, 3.971129820340806, 4.038325208548713, 4.644459393729264, 4.971855698831172, 5.060357129689564, 6.25798685201559, 5.351728511425071, 2.5432172813190776, 4.90078843146692, 6.150313899306278, 5.830613221608856, 4.081500747274218], [6.33047419550858, 4.8395, 4.78190035864404, 3.7492280125380475, 4.728441096175356, 4.155548792879227, 5.554665312149779, 6.222003993087757, 2.2663109870448057, 1.3016290792695129, 0.0, 1.4502843410862574, 2.613077002309729, 1.4835705510692774, 2.4849736799410973, 3.7749476830811846, 4.28699952064378, 3.800613942509815, 2.525053846950595, 6.696301851768632, 6.932063509518649, 6.744710443006431, 4.370542816401643, 4.660839247388822, 5.875548847554584, 6.123534029463705, 5.96883369679538, 7.287537662338356, 6.202484721464455, 2.7003225844332004, 4.640255627656735, 5.374606610720453, 4.679979322603893, 2.7860271875916784], [5.843137497098627, 4.471530746847214, 4.744070955413715, 4.174117911607193, 5.41304167635905, 4.725050702373467, 6.135603887149169, 6.759154315445091, 2.542495077674684, 2.362861470759553, 1.4502843410862574, 0.0, 1.1629402263229183, 2.532544698519653, 3.802170459093069, 4.961471936834874, 5.175614446614044, 4.337350335170079, 2.939619822357987, 6.040209060951451, 6.620522542065694, 6.197189881712517, 3.735634270107287, 4.410401548612099, 6.651480323206256, 6.525860674271248, 6.6534430041896355, 7.837373083501895, 6.5214103773647, 4.142851811252727, 5.920407217413342, 6.238721180658741, 4.975013395961865, 2.622726867212825], [5.710756442013616, 4.520244182563593, 5.044028261221382, 4.828187238498524, 6.173835927525123, 5.433822383000755, 6.802226151047905, 7.376300803926044, 3.265132908474018, 3.433151942457543, 2.613077002309729, 1.1629402263229183, 0.0, 3.5743971183963317, 4.90737382007933, 5.988634050432536, 6.034404412201755, 5.019793390170556, 3.659362137039733, 5.743038903751219, 6.610006682296168, 5.999521489252289, 3.604940400339512, 4.557677148504488, 7.431705080262537, 7.06336258944704, 7.367825607328122, 8.440942676028548, 6.992791547014683, 5.301271413538454, 6.987726266104017, 7.05792254987259, 5.466104521503407, 3.0167164881705406], [7.781374946627363, 6.285860166277962, 6.200860990217407, 5.024920720767642, 5.751405788153014, 5.245371598847883, 6.5782858109084925, 7.123377577385604, 3.680479548917505, 2.4424758791030055, 1.4835705510692774, 2.532544698519653, 3.5743971183963317, 0.0, 1.403201799457227, 2.429517867808344, 2.8038585788159858, 2.4271335768762294, 1.4026818206564169, 8.114270506336352, 8.348859774843508, 8.224525490263861, 5.836084904283007, 6.0149357793745395, 6.762409502536799, 7.283306707121429, 6.67343233576246, 8.17055246479698, 7.187031755878083, 2.1726024394720724, 3.413759588781846, 3.891508730556826, 3.412538861317187, 2.183438464898885], [8.499882060946494, 6.985567102247319, 6.68582480401633, 5.282943302743273, 5.6715250109648645, 5.352193619442406, 6.537089035648818, 7.080699958337452, 4.267042926899142, 2.8604969306048904, 2.4849736799410973, 3.802170459093069, 4.90737382007933, 1.403201799457227, 0.0, 1.3963659047685177, 2.41609122758227, 2.7889166086493153, 2.4198558758736026, 8.940753389955457, 8.930850766304406, 8.965459918487172, 6.707884334125031, 6.665287248123669, 6.505812109952147, 7.355863901677354, 6.508429175307971, 8.05353775244147, 7.341608915626056, 1.0888937551478564, 2.156068667737649, 3.401709765691365, 3.8768157307254114, 3.421205679289101], [9.874073074977723, 8.361202722096863, 8.077383393773012, 6.653643030701302, 6.926366424756923, 6.639363371589177, 7.754283718049011, 8.195648108600075, 5.661755377972454, 4.256615299742274, 3.7749476830811846, 4.961471936834874, 5.988634050432536, 2.429517867808344, 1.3963659047685177, 0.0, 1.3930763582804784, 2.4135298692993215, 2.7940085432940247, 10.283527432744076, 10.297825271871726, 10.354460417134252, 8.069118317387595, 7.999376488202065, 7.648968361158256, 8.628668228643397, 7.513360814575592, 9.129699390998589, 8.490683617353788, 2.1445625264841315, 1.0876962535561112, 2.153434733164671, 3.398159812310186, 3.881099990981938], [10.545564790469975, 9.047744135418508, 8.924753388749743, 7.618882807866256, 8.04702351991095, 7.645122306412109, 8.839394820913931, 9.212759205580053, 6.427062490749566, 5.086376927637196, 4.28699952064378, 5.175614446614044, 6.034404412201755, 2.8038585788159858, 2.41609122758227, 1.3930763582804784, 0.0, 1.3937144793679945, 2.4202375255333926, 10.846250797395383, 11.065041571092266, 11.022137197930354, 8.626448459244395, 8.684509251535173, 8.83999647567803, 9.686643351543403, 8.529985233867642, 10.188933177227144, 9.387382903131202, 3.3940959105481974, 2.154233200004122, 1.0876505183191885, 2.152617200061358, 3.38990846189097], [9.98625849955828, 8.529187264329469, 8.576751591366046, 7.449877164759161, 8.109632397340832, 7.577470158964665, 8.876481404813509, 9.251780171945288, 6.061338475122471, 4.869080954348572, 3.800613942509815, 4.337350335170079, 5.019793390170556, 2.4271335768762294, 2.7889166086493153, 2.4135298692993215, 1.3937144793679945, 0.0, 1.397825157163799, 10.186803393116017, 10.611280110335414, 10.439422803009753, 7.977812124260636, 8.205476899607968, 9.035994612658863, 9.639281920869417, 8.661408761858546, 10.287752665183975, 9.27408201710552, 3.877605080458813, 3.399566897415022, 2.154639329447042, 1.087902091182842, 2.1350238616933535], [8.629649069921673, 7.185818267949726, 7.282289203952285, 6.258275267196226, 7.071173812741417, 6.48206410644017, 7.8385640674807275, 8.283137387487907, 4.785829234312483, 3.7135187908505323, 2.525053846950595, 2.939619822357987, 3.659362137039733, 1.4026818206564169, 2.4198558758736026, 2.7940085432940247, 2.4202375255333926, 1.397825157163799, 0.0, 8.828402521407822, 9.290831655454749, 9.062975858403243, 6.597003994238596, 6.911578075953422, 8.094898211219212, 8.521347023798526, 7.808965312382941, 9.348935882227453, 8.237147591854841, 3.4147337480395157, 3.881702858282689, 3.4056205146786396, 2.157872769650704, 1.0877733127816656], [1.0935017649734269, 2.1616536123995442, 3.3388870016818477, 4.746128249426052, 6.343918890559682, 4.901296122455773, 5.236533085926222, 5.535227353957559, 4.951814950096581, 6.23770546034357, 6.696301851768632, 6.040209060951451, 5.743038903751219, 8.114270506336352, 8.940753389955457, 10.283527432744076, 10.846250797395383, 10.186803393116017, 8.828402521407822, 0.0, 1.7799410243038951, 1.7799166974889586, 2.500895603578846, 2.495104033903196, 6.248172210334795, 4.667530582652887, 6.30275041311331, 6.101819647449439, 4.7590430981448355, 8.676097895367478, 10.990465333187672, 11.915170713422448, 10.832187183113115, 8.488371053388276], [1.0950558433248962, 2.1583484079267645, 2.6440955088649876, 4.086859098378607, 5.41797820778194, 4.139161244745124, 4.065142075007957, 4.5078289952037895, 4.87368435682903, 6.160891532887104, 6.932063509518649, 6.620522542065694, 6.610006682296168, 8.348859774843508, 8.930850766304406, 10.297825271871726, 11.065041571092266, 10.611280110335414, 9.290831655454749, 1.7799410243038951, 0.0, 1.7594972179574484, 3.0636415929413148, 2.500738948790937, 4.991695641763427, 3.257994593304292, 5.452250826952112, 4.886305082575176, 3.9481595687104645, 8.458444735292654, 10.85976183394461, 12.129626692524383, 11.387401441066352, 9.147101693432734], [1.0949397152355014, 2.159527404317899, 2.6367317497235097, 4.245568349467478, 5.432376047366382, 4.8834972888289805, 5.170242161640014, 5.901238342077026, 4.716675491275608, 6.121114217199349, 6.744710443006431, 6.197189881712517, 5.999521489252289, 8.224525490263861, 8.965459918487172, 10.354460417134252, 11.022137197930354, 10.439422803009753, 9.062975858403243, 1.7799166974889586, 1.7594972179574484, 0.0, 2.5002810142062035, 3.0633732861014513, 6.002785964866647, 4.416131475624339, 6.750114818282724, 6.4171443384109725, 5.4039714284958995, 8.593160383700516, 11.008272498898274, 12.108195057067755, 11.15363403111291, 8.796307930603612], [2.1507807070921947, 1.0942302591319617, 2.054188138900622, 2.987844785125225, 4.6475322688497815, 3.657718373521942, 4.580985044725643, 5.294570382948932, 2.6543778517761933, 3.971129820340806, 4.370542816401643, 3.735634270107287, 3.604940400339512, 5.836084904283007, 6.707884334125031, 8.069118317387595, 8.626448459244395, 7.977812124260636, 6.597003994238596, 2.500895603578846, 3.0636415929413148, 2.5002810142062035, 0.0, 1.7803831441574591, 5.433772476834119, 4.341689691813546, 5.802834528917743, 6.157727484226628, 4.802973482125422, 6.500591564619331, 8.816259414286765, 9.711009352791296, 8.670383687588457, 6.316247941618505], [2.149285539429324, 1.094119755785444, 2.0719221051960424, 2.76417916568373, 4.6402547699452885, 2.574010609923743, 3.272471625545438, 3.659120304116824, 2.933378789041743, 4.038325208548713, 4.660839247388822, 4.410401548612099, 4.557677148504488, 6.0149357793745395, 6.665287248123669, 7.999376488202065, 8.684509251535173, 8.205476899607968, 6.911578075953422, 2.495104033903196, 2.500738948790937, 3.0633732861014513, 1.7803831441574591, 0.0, 4.283653070686281, 3.1474019889426263, 4.205023563548723, 4.5218840995761935, 3.050158246714423, 6.324849919958575, 8.63253799644114, 9.740640957863091, 8.973193127867024, 6.801778139574974], [5.432701948386272, 4.6189715424540125, 3.7764258366873826, 2.9930132057844316, 3.2579468043539324, 2.0554065412954197, 1.0941147700310054, 2.1503621718212957, 4.334764458422165, 4.644459393729264, 5.875548847554584, 6.651480323206256, 7.431705080262537, 6.762409502536799, 6.505812109952147, 7.648968361158256, 8.83999647567803, 9.035994612658863, 8.094898211219212, 6.248172210334795, 4.991695641763427, 6.002785964866647, 5.433772476834119, 4.283653070686281, 0.0, 1.7817046304031428, 2.4999371712105085, 2.5005119755762015, 3.0634527154829727, 5.598138215514155, 7.745104880503557, 9.744724459932153, 10.061036578802405, 8.552936186480055], [3.831327823353152, 3.3497914502249238, 2.6682329227411907, 2.7356812789504557, 3.555099859356977, 2.070322462806217, 1.0946243465225864, 2.149581996575148, 4.171706998340127, 4.971855698831172, 6.123534029463705, 6.525860674271248, 7.06336258944704, 7.283306707121429, 7.355863901677354, 8.628668228643397, 9.686643351543403, 9.639281920869417, 8.521347023798526, 4.667530582652887, 3.257994593304292, 4.416131475624339, 4.341689691813546, 3.1474019889426263, 1.7817046304031428, 0.0, 3.0637688310314797, 2.4961570964184125, 2.5003611759103923, 6.588810116401898, 8.9096601248308, 10.671979769002563, 10.597160953293104, 8.767273518032843], [5.856534085959032, 5.040293290077472, 4.877446834154115, 4.2472018470988635, 5.288242583316314, 2.636552940868057, 2.1595518447122313, 1.0950037671168074, 4.970592187053772, 5.060357129689564, 5.96883369679538, 6.6534430041896355, 7.367825607328122, 6.67343233576246, 6.508429175307971, 7.513360814575592, 8.529985233867642, 8.661408761858546, 7.808965312382941, 6.30275041311331, 5.452250826952112, 6.750114818282724, 5.802834528917743, 4.205023563548723, 2.4999371712105085, 3.0637688310314797, 0.0, 1.7800065056060885, 1.7595500959052002, 5.829189767025945, 7.675433796861257, 9.378340276402856, 9.59161627985607, 8.218040488461956], [5.589200144922349, 5.18696887690682, 4.936016805076741, 4.733210437958575, 5.586196693636914, 3.3383975032940576, 2.1618965030731694, 1.0935565691814941, 5.844936992816945, 6.25798685201559, 7.287537662338356, 7.837373083501895, 8.440942676028548, 8.17055246479698, 8.05353775244147, 9.129699390998589, 10.188933177227144, 10.287752665183975, 9.348935882227453, 6.101819647449439, 4.886305082575176, 6.4171443384109725, 6.157727484226628, 4.5218840995761935, 2.5005119755762015, 2.4961570964184125, 1.7800065056060885, 0.0, 1.7799881628819894, 7.299374955432828, 9.273396782732851, 11.06496052139365, 11.22797464282851, 9.69193816478417], [4.429022097483823, 3.920794048403971, 4.08646616038846, 4.067023694300293, 5.470682758120781, 2.642670484566701, 2.158544382216868, 1.0951515191972296, 4.82387494137234, 5.351728511425071, 6.202484721464455, 6.5214103773647, 6.992791547014683, 7.187031755878083, 7.341608915626056, 8.490683617353788, 9.387382903131202, 9.27408201710552, 8.237147591854841, 4.7590430981448355, 3.9481595687104645, 5.4039714284958995, 4.802973482125422, 3.050158246714423, 3.0634527154829727, 2.5003611759103923, 1.7595500959052002, 1.7799881628819894, 0.0, 6.7691535733797625, 8.829851675424678, 10.32050574051485, 10.138192806412787, 8.430127354316777], [8.131984983999908, 6.632362302377637, 6.158825126596793, 4.642820286205358, 4.839028999706449, 4.670760954063053, 5.7502747351757035, 6.3802495962148695, 3.922239710930478, 2.5432172813190776, 2.7003225844332004, 4.142851811252727, 5.301271413538454, 2.1726024394720724, 1.0888937551478564, 2.1445625264841315, 3.3940959105481974, 3.877605080458813, 3.4147337480395157, 8.676097895367478, 8.458444735292654, 8.593160383700516, 6.500591564619331, 6.324849919958575, 5.598138215514155, 6.588810116401898, 5.829189767025945, 7.299374955432828, 6.7691535733797625, 0.0, 2.4632112069410534, 4.288560061372581, 4.965471598952107, 4.338347294765599], [10.520035016576703, 9.013039606037465, 8.614245729603956, 7.104001717342134, 7.168473559273271, 7.0071285474151255, 7.989504898302522, 8.415997170864543, 6.311037567627054, 4.90078843146692, 4.640255627656735, 5.920407217413342, 6.987726266104017, 3.413759588781846, 2.156068667737649, 1.0876962535561112, 2.154233200004122, 3.399566897415022, 3.881702858282689, 10.990465333187672, 10.85976183394461, 11.008272498898274, 8.816259414286765, 8.63253799644114, 7.745104880503557, 8.9096601248308, 7.675433796861257, 9.273396782732851, 8.829851675424678, 2.4632112069410534, 0.0, 2.4808172463928093, 4.296184810968914, 4.968746371067857], [11.623080917725732, 10.125458738743642, 9.993394001038887, 8.660519717083957, 9.015265913992776, 8.642080152949289, 9.792742658213786, 10.117219655122646, 7.503956787588798, 6.150313899306278, 5.374606610720453, 6.238721180658741, 7.05792254987259, 3.891508730556826, 3.401709765691365, 2.153434733164671, 1.0876505183191885, 2.154639329447042, 3.4056205146786396, 11.915170713422448, 12.129626692524383, 12.108195057067755, 9.711009352791296, 9.740640957863091, 9.744724459932153, 10.671979769002563, 9.378340276402856, 11.06496052139365, 10.32050574051485, 4.288560061372581, 2.4808172463928093, 0.0, 2.478886346729112, 4.2814520679320935], [10.710148039126256, 9.292166384110866, 9.43759008115949, 8.396643017897093, 9.116226911392673, 8.537070020211852, 9.853882005077999, 10.181896528152306, 6.943209185239921, 5.830613221608856, 4.