{"total energy": -46.12712513, "HOMO-LUMO gap/eV": 3.59826331, "electronic energy": -46.75335605, "dipole": [-1.81215849, -0.73104161, -0.22574555], "partial charges": [-0.09951518, -0.05030777, -0.0514182, -0.05292056, -0.05707934, 0.09391647, -0.1132652, -0.30426716, 0.22338675, -0.18410003, 0.00600962, -0.11377356, -0.17187772, 0.26635979, -0.46487087, 0.02993149, 0.02803905, 0.03081154, 0.02792643, 0.04388087, 0.02765006, 0.02901031, 0.03029199, 0.05583806, 0.05501822, 0.04691812, 0.05783681, 0.16576855, 0.04715596, 0.07288448, 0.04736846, 0.05293386, 0.03792363, 0.18653508], "atomic dipole moments": [[-0.08250574, 0.04902827, 0.02075609], [0.05507428, -0.06924741, 0.07840931], [-0.0614369, 0.06869172, -0.06562556], [0.00337386, -0.09170098, -0.0667976], [0.08130083, 0.07096225, -0.01339989], [-0.08667094, -0.0672548, 0.00636112], [-0.01698982, 0.05663153, -0.06960604], [0.15944384, 0.22015458, -0.11474562], [0.00325052, 0.08757232, -0.10028968], [-0.03739205, 0.01050383, 0.10550649], [0.07869096, 0.16319794, 0.00729189], [0.07188025, -0.05260836, -0.08829569], [0.00416323, -0.02249905, 0.01722626], [-0.1072192, 0.00656305, -0.09188871], [-0.1099001, -0.16003085, 0.08090793], [0.09712238, 0.04090114, 0.06727559], [-0.01423029, -0.12221145, 0.02125883], [0.02895212, 0.01436601, -0.12052485], [-0.08880445, -0.04260244, -0.07808588], [0.01953732, 0.12151241, -0.03052323], [-0.01634537, -0.1193152, 0.02682636], [0.09222759, 0.03235135, 0.07153175], [-0.01029975, 0.00142108, 0.11964618], [0.02674867, 0.12624042, -0.01044311], [-0.0906996, 0.01622619, 0.09303182], [0.11302097, 0.01497662, 0.06162622], [0.00239159, -0.12636683, -0.03462282], [-0.05095642, 0.09891974, -0.07734049], [-0.06880804, -0.03459171, -0.093231], [0.04602198, -0.11498292, 0.04913369], [-0.09242679, -0.07897723, 0.03731473], [0.06460628, 0.03733587, 0.10708848], [-0.05540805, 0.10394303, -0.04469499], [-0.02856576, 0.07064856, -0.11022013]], "atomic quadrupole moments": [[0.12309859, -0.15096545, -0.03250697, -0.06315859, 0.03381605, -0.09059162], [0.04597812, -0.15736861, -0.1407457, -0.12536975, -0.00670991, 0.09476758], [0.01757542, -0.14480192, -0.10967611, -0.13401979, 0.01063277, 0.0921007], [0.16890909, -0.08311084, -0.09187789, 0.03866074, 0.04324343, -0.0770312], [-0.04184836, -0.20249637, -0.00917471, -0.07646538, 0.19373644, 0.05102307], [-0.07433819, -0.32820244, -0.03530947, -0.07598079, 0.2464777, 0.10964766], [-0.0724868, 0.00724071, 0.00395266, 0.04491309, -0.14404554, 0.06853414], [-0.01310206, -0.10753913, -0.00505401, -0.04992634, 0.11472964, 0.01815608], [0.02243991, -0.09845041, 0.04388821, -0.18382133, 0.27397031, -0.06632812], [0.05218092, 0.0861418, -0.02563794, -0.03084678, -0.00106992, -0.02654297], [0.09131437, 0.15854203, -0.01315208, -0.2139984, 0.00905123, -0.0781623], [0.0120825, -0.090213, -0.05100748, -0.17084338, 0.10568119, 0.03892498], [0.03423858, 0.03961152, 0.01334693, -0.02357213, 0.02708374, -0.04758551], [0.01732179, -0.13908821, 0.03960137, -0.19096229, 0.32651769, -0.05692316], [-0.02753512, -0.05053971, 0.04086677, -0.09604925, 0.08248169, -0.01333166], [0.02420144, 0.02526609, -0.01995122, 0.05190842, 0.03630708, -0.00425022], [-0.02425052, 0.02080472, 0.07114243, -0.00962751, -0.02654778, -0.04689192], [-0.03174526, -0.00883278, -0.04291373, -0.02340413, -0.02063216, 0.07465898], [0.02736813, 0.02369565, -0.02047017, 0.02670112, 0.02212545, -0.00689797], [-0.0237933, 0.01337215, 0.05084702, -0.01229498, -0.00554394, -0.02705373], [-0.02764341, 0.02610862, 0.05151871, -0.01571254, -0.00479407, -0.0238753], [0.0294636, 0.02510426, -0.02870061, 0.02629484, 0.0273942, -0.00076299], [-0.0130477, 0.00484862, -0.04440713, -0.01525814, -0.02828345, 0.05745483], [-0.01154042, 0.01034853, 0.03709475, 0.00060719, -0.04036093, -0.02555433], [0.03569645, -0.02201284, -0.04720834, -0.05618911, 0.00860228, 0.01151189], [0.05962205, 0.04400342, -0.02928683, 0.03800212, 0.00098377, -0.03033522], [-0.04586156, 0.00480568, 0.06715726, 0.01420139, 0.04100698, -0.0212957], [0.01009326, 0.02025259, 0.00404143, 0.03290695, -0.04202795, -0.01413469], [0.00682617, 0.01684992, -0.03892873, 0.02863238, 0.00939454, 0.03210256], [0.00423051, -0.03202749, 0.00126381, 0.00763546, -0.02864819, -0.00549432], [0.01896239, 0.05938176, 0.01606166, -0.03081996, -0.01528632, -0.03502405], [0.00998175, 0.00726024, -0.03526336, 0.05325079, 0.02563921, 0.02528162], [-0.0327516, -0.04351169, 0.03567634, 0.01827682, -0.04414994, -0.00292474], [0.00036856, 0.01323801, -0.01075398, 0.03149622, -0.0350664, 0.01038542]], "number of molecular orbitals": 79, "number of electrons": 84, "number of unpaired electrons": 0, "orbital energies/eV": [-18.98203698, -18.67914297, -18.20698942, -17.81508146, -17.62931573, -17.07407924, -16.72776527, -16.68104166, -16.47944402, -16.1662662, -16.05607918, -15.91532217, -15.68354299, -15.31328196, -15.13074125, -14.94182561, -14.77897838, -14.59617062, -14.52437471, -14.05400865, -13.85526603, -13.68707716, -13.45039558, -13.40287347, -13.26443567, -13.19864927, -12.94800369, -12.8959243, -12.81437265, -12.63551995, -12.45908299, -12.34549043, -11.97966144, -11.88098102, -11.77051696, -11.55517306, -11.26787958, -11.25314851, -11.14415345, -10.36762257, -10.25682629, -9.9545674, -6.35630409, -5.74231887, -3.0048449, -0.57723142, 1.30494475, 1.88563645, 2.39847481, 2.46248273, 2.87705482, 3.10156497, 3.44119358, 3.53195717, 3.83274126, 4.00836599, 4.09610558, 4.51899574, 4.64971515, 4.66812068, 4.91908493, 5.12158839, 5.21632602, 5.36861854, 5.91804342, 6.00165989, 6.23232615, 6.46013295, 6.87355606, 7.07092931, 7.38242002, 7.61450061, 8.5135775, 9.43211633, 10.0904325, 11.37964719, 13.61450262, 16.53065873, 19.19995194], "fractional occupation": [2.0, 2.0, 2.0, 2.0, 2.0, 2.0, 2.0, 2.0, 2.0, 2.0, 2.0, 2.0, 2.0, 2.0, 2.0, 2.0, 2.0, 2.0, 2.0, 2.0, 2.0, 2.0, 2.0, 2.0, 2.0, 2.0, 2.0, 2.0, 2.0, 2.0, 2.0, 2.0, 2.0, 2.0, 2.0, 2.0, 2.0, 2.0, 2.0, 2.0, 2.0, 2.0, 0.0, 0.0, 0.0, 0.0, 0.0, 0.0, 0.0, 0.0, 0.0, 0.0, 0.0, 0.0, 0.0, 0.0, 0.0, 0.0, 0.0, 0.0, 0.0, 0.0, 0.0, 0.0, 0.0, 0.0, 0.0, 0.0, 0.0, 0.0, 0.0, 0.0, 0.0, 0.0, 0.0, 0.0, 0.0, 0.0, 0.0], "program call": "xtb /home/svss/Project-DBcg-Debug/aqme2_20220329/End-to-End-workflows-final/example-3/QDESCP/mol_571_rdkit_conf_21/mol_571_rdkit_conf_21.xyz --pop --wbo --acc 0.2 --gfn 2 --chrg 0 --uhf 0 --etemp 300 --input /home/svss/Project-DBcg-Debug/aqme2_20220329/End-to-End-workflows-final/example-3/QDESCP/mol_571_rdkit_conf_21/mol_571_rdkit_conf_21_xtb.inp", "method": "GFN2-xTB", "xtb version": "6.3.3 (7355c4f)", "Dipole module/D": 5.0, "Total charge": 0, "Transition dipole module/D": NaN, "HOMO": -9.9546, "LUMO": -6.3563, "HOMO occupancy": 2.0, "LUMO occupancy": 0, "mulliken charges": [-0.0851, -0.03705, -0.04257, -0.02986, -0.10593, 0.17375, -0.09345, -0.43456, 0.42146, -0.35871, 0.10616, -0.09851, -0.31256, 0.46129, -0.57572, 0.0238, 0.02203, 0.02738, 0.02502, 0.03534, 0.0166, 0.02231, 0.02204, 0.04806, 0.04264, 0.03286, 0.04406, 0.22064, 0.02684, 0.04468, 0.03677, 0.04424, 0.02965, 0.24637], "cm5 charges": [-0.23551, -0.14873, -0.1518, -0.13204, -0.1034, 0.23365, -0.23077, -0.61547, 0.63648, -0.71057, 0.05655, -0.24236, -0.65911, 0.56293, -0.6209, 0.07509, 0.07333, 0.07817, 0.08212, 0.09147, 0.07245, 0.07725, 0.07799, 0.10785, 0.09649, 0.08638, 0.0983, 0.41936, 0.091, 0.11153, 0.08803, 0.09926, 0.08319, 0.45176], "FUKUI+": [0.009, 0.003, 0.008, 0.015, -0.072, -0.089, 0.03, -0.061, -0.058, -0.047, 0.016, 0.012, -0.061, -0.031, -0.119, -0.017, -0.01, -0.018, 0.012, -0.009, -0.014, -0.037, -0.041, -0.038, -0.06, -0.048, -0.059, -0.044, -0.038, -0.02, -0.032, -0.001, -0.018, -0.063], "FUKUI-": [0.011, 0.001, 0.001, 0.006, -0.06, -0.028, 0.02, -0.077, -0.013, -0.069, 0.013, 0.007, -0.021, -0.009, -0.098, -0.04, -0.032, -0.042, -0.022, -0.038, -0.033, -0.043, -0.061, -0.041, -0.049, -0.03, -0.045, -0.042, -0.041, -0.024, -0.035, -0.01, -0.022, -0.036], "FUKUIrad": [0.01, 0.002, 0.005, 0.011, -0.066, -0.058, 0.025, -0.069, -0.035, -0.058, 0.015, 0.009, -0.041, -0.02, -0.109, -0.028, -0.021, -0.03, -0.005, -0.023, -0.024, -0.04, -0.051, -0.04, -0.054, -0.039, -0.052, -0.043, -0.04, -0.022, -0.034, -0.005, -0.02, -0.049], "s proportion": [1.008, 1.026, 1.033, 1.024, 1.092, 1.055, 1.01, 1.52, 0.957, 1.42, 0.999, 1.013, 1.422, 0.985, 1.728, 0.976, 0.978, 0.973, 0.975, 0.965, 0.983, 0.978, 0.978, 0.952, 0.957, 0.967, 0.956, 0.779, 0.973, 0.955, 0.963, 0.956, 0.97, 0.754], "p proportion": [3.077, 3.011, 3.01, 3.005, 3.014, 2.771, 3.084, 3.914, 2.621, 3.938, 2.895, 3.086, 3.891, 2.554, 4.848, 0.0, 0.0, 0.0, 0.0, 0.0, 0.0, 0.0, 0.0, 0.0, 0.0, 0.0, 0.0, 0.0, 0.0, 0.0, 0.0, 0.0, 0.0, 0.0], "d proportion": [0.0, 0.0, 0.0, 0.0, 0.0, 0.0, 0.0, 0.0, 0.0, 0.0, 0.0, 0.0, 0.0, 0.0, 0.0, 0.0, 0.0, 0.0, 0.0, 0.0, 0.0, 0.0, 0.0, 0.0, 0.0, 0.0, 0.0, 0.0, 0.0, 0.0, 0.0, 0.0, 0.0, 0.0], "Fermi-level/eV": -8.1554, "Coordination numbers": [3.75, 3.799, 3.801, 3.803, 2.951, 2.937, 3.757, 1.847, 2.808, 2.697, 3.737, 3.75, 2.707, 2.779, 0.859, 0.924, 0.924, 0.924, 0.924, 0.924, 0.924, 0.924, 0.924, 0.924, 0.924, 0.924, 0.924, 0.86, 0.924, 0.924, 0.924, 0.924, 0.924, 0.86], "Dispersion coefficient C6": [22.464, 21.478, 21.497, 21.523, 29.417, 25.915, 22.719, 28.735, 23.302, 24.989, 20.56, 22.74, 24.718, 22.507, 23.02, 2.588, 2.615, 2.575, 2.616, 2.398, 2.62, 2.601, 2.582, 2.249, 2.258, 2.359, 2.225, 1.299, 2.356, 2.054, 2.353, 2.284, 2.477, 1.177], "Total dispersion C6": 10285.742195, "Total dispersion C8": 226950.159351, "Polarizability alpha": [6.759, 6.599, 6.601, 6.605, 8.896, 8.349, 6.796, 7.945, 7.909, 7.424, 6.471, 6.801, 7.384, 7.77, 6.433, 2.516, 2.529, 2.509, 2.529, 2.422, 2.531, 2.522, 2.513, 2.345, 2.35, 2.402, 2.332, 1.785, 2.4, 2.241, 2.399, 2.363, 2.461, 1.7], "Total polarizability alpha": 153.59128, "Wiberg matrix": [[0.0, 1.0195533388927702, 0.0, 0.0, 0.0, 0.0, 0.0, 0.0, 0.0, 0.0, 0.0, 0.0, 0.0, 0.0, 0.0, 0.9877306859892612, 0.9879229853851195, 0.9875060988565765, 0.0, 0.0, 0.0, 0.0, 0.0, 0.0, 0.0, 0.0, 0.0, 0.0, 0.0, 0.0, 0.0, 0.0, 0.0, 0.0], [1.0195533388927702, 0.0, 1.0089663475051265, 0.0, 0.0, 0.0, 0.0, 0.0, 0.0, 0.0, 0.0, 0.0, 0.0, 0.0, 0.0, 0.0, 0.0, 0.0, 0.9779213282651914, 0.9767209862957025, 0.0, 0.0, 0.0, 0.0, 0.0, 0.0, 0.0, 0.0, 0.0, 0.0, 0.0, 0.0, 0.0, 0.0], [0.0, 1.0089663475051265, 0.0, 0.9896552752247967, 0.0, 0.0, 0.0, 0.0, 0.0, 0.0, 0.0, 0.0, 0.0, 0.0, 0.0, 0.0, 0.0, 0.0, 0.0, 0.0, 0.9766902425443617, 0.9763171259750253, 0.0, 0.0, 0.0, 0.0, 0.0, 0.0, 0.0, 0.0, 0.0, 0.0, 0.0, 0.0], [0.0, 0.0, 0.9896552752247967, 0.0, 1.0133721258521402, 0.0, 0.0, 0.0, 0.0, 0.0, 0.0, 0.0, 0.0, 0.0, 0.0, 0.0, 0.0, 0.0, 0.0, 0.0, 0.0, 0.0, 0.9670881904084339, 0.9694289500628684, 0.0, 0.0, 0.0, 0.0, 0.0, 0.0, 0.0, 0.0, 0.0, 0.0], [0.0, 0.0, 0.0, 1.0133721258521402, 0.0, 1.603968449301819, 0.0, 0.0, 0.0, 0.0, 0.0, 0.0, 0.0, 1.0798959377996078, 0.0, 0.0, 0.0, 0.0, 0.0, 0.0, 0.0, 0.0, 0.0, 0.0, 0.0, 0.0, 0.0, 0.0, 0.0, 0.0, 0.0, 0.0, 0.0, 0.0], [0.0, 0.0, 0.0, 0.0, 1.603968449301819, 0.0, 1.01941720950084, 1.1956812049643322, 0.0, 0.0, 0.0, 0.0, 0.0, 0.0, 0.0, 0.0, 0.0, 0.0, 0.0, 0.0, 0.0, 0.0, 0.0, 0.0, 0.0, 0.0, 0.0, 0.0, 0.0, 0.0, 0.0, 0.0, 0.0, 0.0], [0.0, 0.0, 0.0, 0.0, 0.0, 1.01941720950084, 0.0, 0.0, 0.0, 0.0, 0.0, 0.0, 0.0, 0.0, 0.0, 0.0, 0.0, 0.0, 0.0, 0.0, 0.0, 0.0, 0.0, 0.0, 0.9688078900909569, 0.9815306540613209, 0.9701966145391365, 0.0, 0.0, 0.0, 0.0, 0.0, 0.0, 0.0], [0.0, 0.0, 0.0, 0.0, 0.0, 1.1956812049643322, 0.0, 0.0, 1.4911494818922753, 0.0, 0.0, 0.0, 0.0, 0.0, 0.0, 0.0, 0.0, 0.0, 0.0, 0.0, 0.0, 0.0, 0.0, 0.0, 0.0, 0.0, 0.0, 0.0, 0.0, 0.0, 0.0, 0.0, 0.0, 0.0], [0.0, 0.0, 0.0, 0.0, 0.0, 0.0, 0.0, 1.4911494818922753, 0.0, 1.1931456538255383, 0.0, 0.0, 1.1497649468531266, 0.0, 0.0, 0.0, 0.0, 0.0, 0.0, 0.0, 0.0, 0.0, 0.0, 0.0, 0.0, 0.0, 0.0, 0.0, 0.0, 0.0, 0.0, 0.0, 0.0, 0.0], [0.0, 0.0, 0.0, 0.0, 0.0, 0.0, 0.0, 0.0, 1.1931456538255383, 0.0, 0.9916138309216026, 0.0, 0.0, 0.0, 0.0, 0.0, 0.0, 0.0, 0.0, 0.0, 0.0, 0.0, 0.0, 0.0, 0.0, 0.0, 0.0, 0.9417142043876564, 0.0, 0.0, 0.0, 0.0, 0.0, 0.0], [0.0, 0.0, 0.0, 0.0, 0.0, 0.0, 0.0, 0.0, 0.0, 0.9916138309216026, 0.0, 1.0108688990925874, 0.0, 0.0, 0.0, 0.0, 0.0, 0.0, 0.0, 0.0, 0.0, 0.0, 0.0, 0.0, 0.0, 0.0, 0.0, 0.0, 0.973344032335963, 0.9694620094816215, 0.0, 0.0, 0.0, 0.0], [0.0, 0.0, 0.0, 0.0, 0.0, 0.0, 0.0, 0.0, 0.0, 0.0, 1.0108688990925874, 0.0, 0.0, 0.0, 0.0, 0.0, 0.0, 0.0, 0.0, 0.0, 0.0, 0.0, 0.0, 0.0, 0.0, 0.0, 0.0, 0.0, 0.0, 0.0, 0.983889217065037, 0.9855263702393031, 0.9866209838862107, 0.0], [0.0, 0.0, 0.0, 0.0, 0.0, 0.0, 0.0, 0.0, 1.1497649468531266, 0.0, 0.0, 0.0, 0.0, 1.1264171575608823, 0.1389252997989264, 0.0, 0.0, 0.0, 0.0, 0.0, 0.0, 0.0, 0.0, 0.0, 0.0, 0.0, 0.0, 0.0, 0.0, 0.0, 0.0, 0.0, 0.0, 0.9252584825928776], [0.0, 0.0, 0.0, 0.0, 1.0798959377996078, 0.0, 0.0, 0.0, 0.0, 0.0, 0.0, 0.0, 1.1264171575608823, 0.0, 1.6359794975415025, 0.0, 0.0, 0.0, 0.0, 0.0, 0.0, 0.0, 0.0, 0.0, 0.0, 0.0, 0.0, 0.0, 0.0, 0.0, 0.0, 0.0, 0.0, 0.0], [0.0, 0.0, 0.0, 0.0, 0.0, 0.0, 0.0, 0.0, 0.0, 0.0, 0.0, 0.0, 0.1389252997989264, 1.6359794975415025, 0.0, 0.0, 0.0, 0.0, 0.0, 0.0, 0.0, 0.0, 0.0, 0.0, 0.0, 0.0, 0.0, 0.0, 0.0, 0.0, 0.0, 0.0, 0.0, 0.0], [0.9877306859892612, 0.0, 0.0, 0.0, 0.0, 0.0, 0.0, 0.0, 0.0, 0.0, 0.0, 0.0, 0.0, 0.0, 0.0, 0.0, 0.0, 0.0, 0.0, 0.0, 0.0, 0.0, 0.0, 0.0, 0.0, 0.0, 0.0, 0.0, 0.0, 0.0, 0.0, 0.0, 0.0, 0.0], [0.9879229853851195, 0.0, 0.0, 0.0, 0.0, 0.0, 0.0, 0.0, 0.0, 0.0, 0.0, 0.0, 0.0, 0.0, 0.0, 0.0, 0.0, 0.0, 0.0, 0.0, 0.0, 0.0, 0.0, 0.0, 0.0, 0.0, 0.0, 0.0, 0.0, 0.0, 0.0, 0.0, 0.0, 0.0], [0.9875060988565765, 0.0, 0.0, 0.0, 0.0, 0.0, 0.0, 0.0, 0.0, 0.0, 0.0, 0.0, 0.0, 0.0, 0.0, 0.0, 0.0, 0.0, 0.0, 0.0, 0.0, 0.0, 0.0, 0.0, 0.0, 0.0, 0.0, 0.0, 0.0, 0.0, 0.0, 0.0, 0.0, 0.0], [0.0, 0.9779213282651914, 0.0, 0.0, 0.0, 0.0, 0.0, 0.0, 0.0, 0.0, 0.0, 0.0, 0.0, 0.0, 0.0, 0.0, 0.0, 0.0, 0.0, 0.0, 0.0, 0.0, 0.0, 0.0, 0.0, 0.0, 0.0, 0.0, 0.0, 0.0, 0.0, 0.0, 0.0, 0.0], [0.0, 0.9767209862957025, 0.0, 0.0, 0.0, 0.0, 0.0, 0.0, 0.0, 0.0, 0.0, 0.0, 0.0, 0.0, 0.0, 0.0, 0.0, 0.0, 0.0, 0.0, 0.0, 0.0, 0.0, 0.0, 0.0, 0.0, 0.0, 0.0, 0.0, 0.0, 0.0, 0.0, 0.0, 0.0], [0.0, 0.0, 0.9766902425443617, 0.0, 0.0, 0.0, 0.0, 0.0, 0.0, 0.0, 0.0, 0.0, 0.0, 0.0, 0.0, 0.0, 0.0, 0.0, 0.0, 0.0, 0.0, 0.0, 0.0, 0.0, 0.0, 0.0, 0.0, 0.0, 0.0, 0.0, 0.0, 0.0, 0.0, 0.0], [0.0, 0.0, 0.9763171259750253, 0.0, 0.0, 0.0, 0.0, 0.0, 0.0, 0.0, 0.0, 0.0, 0.0, 0.0, 0.0, 0.0, 0.0, 0.0, 0.0, 0.0, 0.0, 0.0, 0.0, 0.0, 0.0, 0.0, 0.0, 0.0, 0.0, 0.0, 0.0, 0.0, 0.0, 0.0], [0.0, 0.0, 0.0, 0.9670881904084339, 0.0, 0.0, 0.0, 0.0, 0.0, 0.0, 0.0, 0.0, 0.0, 0.0, 0.0, 0.0, 0.0, 0.0, 0.0, 0.0, 0.0, 0.0, 0.0, 0.0, 0.0, 0.0, 0.0, 0.0, 0.0, 0.0, 0.0, 0.0, 0.0, 0.0], [0.0, 0.0, 0.0, 0.9694289500628684, 0.0, 0.0, 0.0, 0.0, 0.0, 0.0, 0.0, 0.0, 0.0, 0.0, 0.0, 0.0, 0.0, 0.0, 0.0, 0.0, 0.0, 0.0, 0.0, 0.0, 0.0, 0.0, 0.0, 0.0, 0.0, 0.0, 0.0, 0.0, 0.0, 0.0], [0.0, 0.0, 0.0, 0.0, 0.0, 0.0, 0.9688078900909569, 0.0, 0.0, 0.0, 0.0, 0.0, 0.0, 0.0, 0.0, 0.0, 0.0, 0.0, 0.0, 0.0, 0.0, 0.0, 0.0, 0.0, 0.0, 0.0, 0.0, 0.0, 0.0, 0.0, 0.0, 0.0, 0.0, 0.0], [0.0, 0.0, 0.0, 0.0, 0.0, 0.0, 0.9815306540613209, 0.0, 0.0, 0.0, 0.0, 0.0, 0.0, 0.0, 0.0, 0.0, 0.0, 0.0, 0.0, 0.0, 0.0, 0.0, 0.0, 0.0, 0.0, 0.0, 0.0, 0.0, 0.0, 0.0, 0.0, 0.0, 0.0, 0.0], [0.0, 0.0, 0.0, 0.0, 0.0, 0.0, 0.9701966145391365, 0.0, 0.0, 0.0, 0.0, 0.0, 0.0, 0.0, 0.0, 0.0, 0.0, 0.0, 0.0, 0.0, 0.0, 0.0, 0.0, 0.0, 0.0, 0.0, 0.0, 0.0, 0.0, 0.0, 0.0, 0.0, 0.0, 0.0], [0.0, 0.0, 0.0, 0.0, 0.0, 0.0, 0.0, 0.0, 0.0, 0.9417142043876564, 0.0, 0.0, 0.0, 0.0, 0.0, 0.0, 0.0, 0.0, 0.0, 0.0, 0.0, 0.0, 0.0, 0.0, 0.0, 0.0, 0.0, 0.0, 0.0, 0.0, 0.0, 0.0, 0.0, 0.0], [0.0, 0.0, 0.0, 0.0, 0.0, 0.0, 0.0, 0.0, 0.0, 0.0, 0.973344032335963, 0.0, 0.0, 0.0, 0.0, 0.0, 0.0, 0.0, 0.0, 0.0, 0.0, 0.0, 0.0, 0.0, 0.0, 0.0, 0.0, 0.0, 0.0, 0.0, 0.0, 0.0, 0.0, 0.0], [0.0, 0.0, 0.0, 0.0, 0.0, 0.0, 0.0, 0.0, 0.0, 0.0, 0.9694620094816215, 0.0, 0.0, 0.0, 0.0, 0.0, 0.0, 0.0, 0.0, 0.0, 0.0, 0.0, 0.0, 0.0, 0.0, 0.0, 0.0, 0.0, 0.0, 0.0, 0.0, 0.0, 0.0, 0.0], [0.0, 0.0, 0.0, 0.0, 0.0, 0.0, 0.0, 0.0, 0.0, 0.0, 0.0, 0.983889217065037, 0.0, 0.0, 0.0, 0.0, 0.0, 0.0, 0.0, 0.0, 0.0, 0.0, 0.0, 0.0, 0.0, 0.0, 0.0, 0.0, 0.0, 0.0, 0.0, 0.0, 0.0, 0.0], [0.0, 0.0, 0.0, 0.0, 0.0, 0.0, 0.0, 0.0, 0.0, 0.0, 0.0, 0.9855263702393031, 0.0, 0.0, 0.0, 0.0, 0.0, 0.0, 0.0, 0.0, 0.0, 0.0, 0.0, 0.0, 0.0, 0.0, 0.0, 0.0, 0.0, 0.0, 0.0, 0.0, 0.0, 0.0], [0.0, 0.0, 0.0, 0.0, 0.0, 0.0, 0.0, 0.0, 0.0, 0.0, 0.0, 0.9866209838862107, 0.0, 0.0, 0.0, 0.0, 0.0, 0.0, 0.0, 0.0, 0.0, 0.0, 0.0, 0.0, 0.0, 0.0, 0.0, 0.0, 0.0, 0.0, 0.0, 0.0, 0.0, 0.0], [0.0, 0.0, 0.0, 0.0, 0.0, 0.0, 0.0, 0.0, 0.0, 0.0, 0.0, 0.0, 0.9252584825928776, 0.0, 0.0, 0.0, 0.0, 0.0, 0.0, 0.0, 0.0, 0.0, 0.0, 0.0, 0.0, 0.0, 0.0, 0.0, 0.0, 0.0, 0.0, 0.0, 0.0, 0.0]], "Born radii": [], "Atomic SASAs": [], "Solvent H bonds": [], "Total SASA": NaN, "Total FOD": 0.0, "FOD": [0.0, 0.0, 0.0, 0.0, 0.0, 0.0, 0.0, 0.0, 0.0, 0.0, 0.0, 0.0, 0.0, 0.0, 0.0, 0.0, 0.0, 0.0, 0.0, 0.0, 0.0, 0.0, 0.0, 0.0, 0.0, 0.0, 0.0, 0.0, 0.0, 0.0, 0.0, 0.0, 0.0, 0.0], "FOD s proportion": [0.0, 0.0, 0.0, 0.0, 0.0, 0.0, 0.0, 0.0, 0.0, 0.0, 0.0, 0.0, 0.0, 0.0, 0.0, 0.0, 0.0, 0.0, 0.0, 0.0, 0.0, 0.0, 0.0, 0.0, 0.0, 0.0, 0.0, 0.0, 0.0, 0.0, 0.0, 0.0, 0.0, 0.0], "FOD p proportion": [0.0, 0.0, 0.0, 0.0, 0.0, 0.0, 0.0, 0.0, 0.0, 0.0, 0.0, 0.0, 0.0, 0.0, 0.0, 0.0, 0.0, 0.0, 0.0, 0.0, 0.0, 0.0, 0.0, 0.0, 0.0, 0.0, 0.0, 0.0, 0.0, 0.0, 0.0, 0.0, 0.0, 0.0], "FOD d proportion": [0.0, 0.0, 0.0, 0.0, 0.0, 0.0, 0.0, 0.0, 0.0, 0.0, 0.0, 0.0, 0.0, 0.0, 0.0, 0.0, 0.0, 0.0, 0.0, 0.0, 0.0, 0.0, 0.0, 0.0, 0.0, 0.0, 0.0, 0.0, 0.0, 0.0, 0.0, 0.0, 0.0, 0.0], "coordinates": [["4.65470", "-0.35490", "-0.99170"], ["3.38480", "0.41920", "-0.67220"], ["2.99380", "0.26580", "0.79880"], ["1.77360", "1.10380", "1.20290"], ["0.49030", "0.68740", "0.53330"], ["-0.33900", "-0.30140", "0.92330"], ["-0.07100", "-1.18930", "2.11190"], ["-1.51240", "-0.61980", "0.27810"], ["-1.87130", "0.07070", "-0.75490"], ["-3.01930", "-0.17190", "-1.45280"], ["-4.04320", "-1.08770", "-0.98460"], ["-4.93630", "-0.41310", "0.04210"], ["-1.11470", "1.10070", "-1.21950"], ["0.06720", "1.46930", "-0.65480"], ["0.73110", "2.39420", "-1.11280"], ["5.49580", "0.00500", "-0.39060"], ["4.52270", "-1.42350", "-0.79390"], ["4.91620", "-0.23440", "-2.04760"], ["2.58070", "0.05430", "-1.32030"], ["3.54230", "1.47800", "-0.90760"], ["2.81180", "-0.79310", "1.01960"], ["3.83970", "0.57370", "1.42640"], ["1.65210", "1.04430", "2.29170"], ["1.98210", "2.16400", "1.01270"], ["-0.85200", "-1.04850", "2.86700"], ["0.89170", "-1.00390", "2.59320"], ["-0.07930", "-2.24050", "1.80310"], ["-3.35460", "0.55900", "-2.06470"], ["-4.65030", "-1.39670", "-1.84250"], ["-3.59850", "-1.99830", "-0.56800"], ["-5.73040", "-1.09490", "0.36180"], ["-4.36800", "-0.11310", "0.92860"], ["-5.40380", "0.48540", "-0.37460"], ["-1.38650", "1.61010", "-2.04140"]], "bond_dist": [[0.0, 1.521169638797725, 2.5198705423096643, 3.904460533799772, 4.555682347354784, 5.348563072452264, 5.7149625379349605, 6.302038278208091, 6.544148959184838, 7.690018089055448, 8.728717583929498, 9.646730569472748, 5.954547888798947, 4.948369782059542, 4.792374461579563, 1.0946681826014675, 1.0947396037414558, 1.0944529729504142, 2.1393687386703584, 2.145700114181849, 2.7629019779934287, 2.715461391734377, 4.664127245262505, 4.183929651655248, 6.759762683704214, 5.237640500263454, 5.811811283928617, 8.132369193537638, 9.401714358562485, 8.425888409538782, 10.499041111453941, 9.22795397799534, 10.112385413442272, 6.438881310445161], [1.521169638797725, 0.0, 1.5297887305115043, 2.5652763223481405, 3.146949592859727, 4.114799029114302, 4.720279515028745, 5.095601920283805, 5.268289926532138, 6.478520848156622, 7.585744879047804, 8.393071725536485, 4.583609908140089, 3.4798681771009656, 3.337195986153645, 2.169603926987597, 2.1691405187308637, 2.159653694461221, 1.0953366742696053, 1.0960277596849453, 2.1587467498527935, 2.1528878791056445, 3.489656503153283, 2.801924756305922, 5.712316007540199, 4.347826857178193, 5.020070018435997, 6.883176058332374, 8.320452326045741, 7.390645626736544, 9.297769939614552, 7.934217779340318, 8.793886408181539, 5.104728703858805], [2.5198705423096643, 1.5297887305115043, 0.0, 1.5344148233121313, 2.5525965329444444, 3.383012256850394, 3.6379316458669204, 4.6218236974164215, 5.110894805217575, 6.435732705760859, 7.384568153250397, 7.994997567854539, 4.652995287983859, 3.4822913103300244, 3.6474802823319004, 2.782569495987477, 2.7799213999679924, 3.4709962201074207, 2.169324473194363, 2.1638119257458586, 1.0968800526949152, 1.0973745850893397, 2.1528984067995403, 2.1615858391468055, 4.560154972147328, 3.0415183477993355, 4.090733649359244, 6.970493601603835, 8.256672256423892, 7.1030071336019365, 8.840482969272662, 7.372686924724256, 8.48202673186073, 5.390816878729976], [3.904460533799772, 2.5652763223481405, 1.5344148233121313, 0.0, 1.5061912262392183, 2.5526147300366344, 3.0801197655286066, 3.8241140150366855, 4.2644545325281635, 5.626014876446737, 6.589612336093831, 6.976474773121451, 3.7696562522330868, 2.5488115858179867, 2.8485794529905606, 4.195399448205141, 4.234619975865603, 4.7151314138632445, 2.8494558954298626, 2.778945048035315, 2.1701814993221187, 2.1446975241278197, 1.0971727029050622, 1.0971200162242964, 3.7809257411380086, 2.6745244418400813, 3.8701189826670697, 6.105116873574166, 7.536143086486614, 6.451245587481536, 7.8645881583208155, 6.267003802456163, 7.374686133660198, 4.5571980635034945], [4.555682347354784, 3.146949592859727, 2.5525965329444444, 1.5061912262392183, 0.0, 1.3481705863873459, 2.515758044804786, 2.4051416112154396, 2.759879107859618, 4.123139806021619, 5.099766923105408, 5.558809697228356, 2.4122913857989876, 1.4839012197582424, 2.3834420676827874, 5.13559063983881, 4.741055621905316, 5.205703685382025, 2.8646851013680372, 3.4664023381598392, 2.7960204201686367, 3.4682900195917874, 2.137551732707305, 2.153053450335128, 3.2033223050451856, 2.695330343390212, 3.2418258142596126, 4.6421273754605235, 6.034373771154717, 5.014392447744791, 6.473261467761056, 4.939649909659591, 5.967034541545743, 3.317051947136192], [5.348563072452264, 4.114799029114302, 3.383012256850394, 2.5526147300366344, 1.3481705863873459, 0.0, 1.507634030525976, 1.3764189623802776, 2.302771577903462, 3.5842195175519036, 4.240217888269422, 4.682323955046254, 2.675665662970619, 2.406403237198621, 3.5435965599938153, 5.988748217282139, 5.27674247429226, 6.0372065435928235, 3.699312306361819, 4.6457452426925006, 3.1903891956938417, 4.29888861335113, 2.765484814639198, 3.3872842706215254, 2.1445971882850166, 2.1901357834618382, 2.145134247547225, 4.3315442419534405, 5.237999562810214, 3.9658272214003474, 5.478331722340297, 4.03340129171398, 5.287324246724424, 3.679746538825738], [5.7149625379349605, 4.720279515028745, 3.6379316458669204, 3.0801197655286066, 2.515758044804786, 1.507634030525976, 0.0, 2.400997011659948, 3.6120938982811617, 4.736524225632125, 5.037559691954032, 5.343940734139929, 4.17512103417374, 3.8395158666165194, 4.887077526497815, 6.219173657327796, 5.440643617257061, 6.563949885549096, 4.511989659784251, 5.411820990202835, 3.108155332347468, 4.344151670924946, 2.826724360456817, 4.082656137859273, 1.095427610570411, 1.0921603087459277, 1.0956494740563698, 5.593082281711936, 6.0539476880792416, 4.503287827798707, 5.924573379577638, 4.585042456728182, 6.117684053626831, 5.178521169214238], [6.302038278208091, 5.095601920283805, 4.6218236974164215, 3.8241140150366855, 2.4051416112154396, 1.3764189623802776, 2.400997011659948, 0.0, 1.2933245764308354, 2.3382422522057036, 2.8667560656602786, 3.43824258888171, 2.3154030534660697, 2.7802477191789943, 4.006506091346924, 7.067701321504751, 6.182034430509102, 6.847211958892466, 4.445532699238641, 5.599700118756361, 4.390735790274791, 5.602500294511371, 4.103397862747409, 4.527770958208906, 2.705977653270625, 3.359600814084912, 2.6468980146579124, 3.2049933104454373, 3.866126534401066, 2.639689502574119, 4.245497579789676, 2.972262858496873, 4.097618612072139, 3.2199976816761837], [6.544148959184838, 5.268289926532138, 5.110894805217575, 4.2644545325281635, 2.759879107859618, 2.302771577903462, 3.6120938982811617, 1.2933245764308354, 0.0, 1.3652190923071652, 2.4722059501586835, 3.203669215134422, 1.3598517272114632, 2.392464047796748, 3.5070258653166504, 7.376394335310443, 6.566383375953616, 6.916235648819378, 4.487789001278915, 5.595612168476296, 5.081970710265851, 6.134052468800703, 4.758572903718089, 4.728108100498549, 3.9255242630762073, 4.471991476959678, 3.8853923148119804, 2.0381834608297655, 3.32550410013279, 2.701649949567856, 4.183096348400309, 3.016863533539428, 3.5770323495881335, 2.063944197404571], [7.690018089055448, 6.478520848156622, 6.435732705760859, 5.626014876446737, 4.123139806021619, 3.5842195175519036, 4.736524225632125, 2.3382422522057036, 1.3652190923071652, 0.0, 1.4513001378074764, 2.442906557770886, 2.3024857893155386, 3.5856413219952716, 4.556969318527392, 8.582918528099869, 7.673487849081408, 7.958005625783384, 5.606132596541041, 6.787783703831465, 6.363990761306933, 7.476068017347087, 6.109206220942292, 6.045586904511422, 4.911851879892145, 5.6884322093174315, 4.850112449211873, 1.010476377754572, 2.0765746145997257, 2.1104692937827836, 3.39039309962724, 2.7374285543188157, 2.698221410485063, 2.4875710643115303], [8.728717583929498, 7.585744879047804, 7.384568153250397, 6.589612336093831, 5.099766923105408, 4.240217888269422, 5.037559691954032, 2.8667560656602786, 2.4722059501586835, 1.4513001378074764, 0.0, 1.5188237751628726, 3.6633843396509733, 4.852051648529723, 5.910499415447057, 9.619737537479907, 8.574600337041954, 9.062501765517068, 6.73000072065375, 8.008030702988094, 7.148050909163979, 8.409119060282118, 6.907677451937083, 7.132110506014331, 5.002011259483528, 6.095975171373322, 4.981237029092272, 2.086242282190638, 1.0954651158298014, 1.0956760515772899, 2.158584869770008, 2.1715603698723185, 2.167481480889745, 3.931031158614747], [9.646730569472748, 8.393071725536485, 7.994997567854539, 6.976474773121451, 5.558809697228356, 4.682323955046254, 5.343940734139929, 3.43824258888171, 3.203669215134422, 2.442906557770886, 1.5188237751628726, 0.0, 4.299750174138028, 5.39111413531563, 6.4291640249724535, 10.449437655204227, 9.549475648432221, 10.073258461391724, 7.653749768577492, 8.73869825889417, 7.818756925496533, 8.939140715415547, 7.112786337294268, 7.446325760400226, 5.006525707514144, 6.389267551918609, 5.480051163994731, 2.8080882357931705, 2.1449900046387165, 2.162126242845223, 1.094373857509398, 1.0949187823761175, 1.095215681954929, 4.586435492841909], [5.954547888798947, 4.583609908140089, 4.652995287983859, 3.7696562522330868, 2.4122913857989876, 2.675665662970619, 4.17512103417374, 2.3154030534660697, 1.3598517272114632, 2.3024857893155386, 3.6633843396509733, 4.299750174138028, 0.0, 1.360749668381367, 2.256436300895729, 6.751765987502825, 6.191364935133448, 6.232174293936266, 3.8420170171408667, 4.6826579951988805, 4.900760094107851, 5.641329202413204, 4.470669820060524, 3.9627634259440723, 4.624668007543892, 4.794962294950817, 4.622962400885388, 2.454578159277068, 4.373282876741452, 4.024613731776007, 5.350313592678471, 4.083087672338178, 4.41461537509215, 1.0044317846424413], [4.948369782059542, 3.4798681771009656, 3.4822913103300244, 2.5488115858179867, 1.4839012197582424, 2.406403237198621, 3.8395158666165194, 2.7802477191789943, 2.392464047796748, 3.5856413219952716, 4.852051648529723, 5.39111413531563, 1.360749668381367, 0.0, 1.227178560764488, 5.628825285083914, 5.314049388178473, 5.324968218684503, 2.960202273494161, 3.484293836633185, 3.931271840002927, 4.400596442529126, 3.3725947369940554, 2.632490522300128, 4.425756513862913, 4.164855638554595, 4.452566754131824, 3.8111913281807306, 5.646183980353456, 5.046695997382843, 6.4203397854007695, 4.968112756369364, 5.56582538802647, 2.0138837826448674], [4.792374461579563, 3.337195986153645, 3.6474802823319004, 2.8485794529905606, 2.3834420676827874, 3.5435965599938153, 4.887077526497815, 4.006506091346924, 3.5070258653166504, 4.556969318527392, 5.910499415447057, 6.4291640249724535, 2.256436300895729, 1.227178560764488, 0.0, 5.378867498832817, 5.390061322471202, 5.029756555739056, 2.98985090263712, 2.9638446180594555, 4.36294894996492, 4.407397287515615, 3.7763860051641966, 2.4770432555771, 5.495197625199662, 5.030637332386425, 5.535310746471241, 4.578975555732963, 6.622903506771029, 6.191631404565359, 7.489943005123604, 6.037771779390142, 6.467260215114279, 2.4415856589519853], [1.0946681826014675, 2.169603926987597, 2.782569495987477, 4.195399448205141, 5.13559063983881, 5.988748217282139, 6.219173657327796, 7.067701321504751, 7.376394335310443, 8.582918528099869, 9.619737537479907, 10.449437655204227, 6.751765987502825, 5.628825285083914, 5.378867498832817, 0.0, 1.7748765450024966, 1.7716934046273358, 3.0601602229295115, 2.5006359691086586, 3.13520073520022, 2.523405615433238, 4.800927771795781, 4.356216199868872, 7.2122385463876615, 5.57841182237382, 6.398150510108371, 9.024361859433608, 10.34485967570368, 9.314020299526945, 11.305018894721053, 9.952325692520319, 10.910193413500972, 7.257240518268635], [1.0947396037414558, 2.1691405187308637, 2.7799213999679924, 4.234619975865603, 4.741055621905316, 5.27674247429226, 5.440643617257061, 6.182034430509102, 6.566383375953616, 7.673487849081408, 8.574600337041954, 9.549475648432221, 6.191364935133448, 5.314049388178473, 5.390061322471202, 1.7748765450024966, 0.0, 1.7721638609338584, 2.4964682653701007, 3.0647698282252778, 2.571646402598927, 3.063499458136071, 4.883780150661986, 4.752747433853392, 6.513847856681948, 4.9832390641027855, 5.346989994380016, 8.221745202814303, 9.232779061582704, 8.144649488467874, 10.323259178185928, 9.1503388407206, 10.117070423299426, 6.758522756490504], [1.0944529729504142, 2.159653694461221, 3.4709962201074207, 4.7151314138632445, 5.205703685382025, 6.0372065435928235, 6.563949885549096, 6.847211958892466, 6.916235648819378, 7.958005625783384, 9.062501765517068, 10.073258461391724, 6.232174293936266, 5.324968218684503, 5.029756555739056, 1.7716934046273358, 1.7721638609338584, 0.0, 2.4631023588149965, 2.473765342549693, 3.761430697221471, 3.7256615332045397, 5.578435891000272, 4.871006206113887, 7.621560418313299, 6.190779849098174, 6.618711955509168, 8.308785026103395, 9.639031567019583, 8.820469117909772, 10.949692240880562, 9.75032562379329, 10.479477135811692, 6.5670576348925085], [2.1393687386703584, 1.0953366742696053, 2.169324473194363, 2.8494558954298626, 2.8646851013680372, 3.699312306361819, 4.511989659784251, 4.445532699238641, 4.487789001278915, 5.606132596541041, 6.73000072065375, 7.653749768577492, 3.8420170171408667, 2.960202273494161, 2.98985090263712, 3.0601602229295115, 2.4964682653701007, 2.4631023588149965, 0.0, 1.766894886517022, 2.499325104903322, 3.0658144513326304, 3.858619177892527, 3.2018814859391664, 5.525674476477962, 4.391809477880387, 4.70078021183718, 6.003052518510895, 7.393609053770695, 6.5545125440417, 8.557131777646058, 7.305477784512113, 8.051859161088203, 4.321941078959777], [2.145700114181849, 1.0960277596849453, 2.1638119257458586, 2.778945048035315, 3.4664023381598392, 4.6457452426925006, 5.411820990202835, 5.599700118756361, 5.595612168476296, 6.787783703831465, 8.008030702988094, 8.73869825889417, 4.6826579951988805, 3.484293836633185, 2.9638446180594555, 2.5006359691086586, 3.0647698282252778, 2.473765342549693, 1.766894886517022, 0.0, 3.066859191420434, 2.52066682645684, 3.7411859376406302, 2.567561514355596, 6.319863914674113, 5.043917982084959, 5.855862302001302, 7.053415557019167, 8.732504386486157, 7.949277608059742, 9.706397687092776, 8.275027235000499, 9.016764883815037, 5.059251159015531], [2.7629019779934287, 2.1587467498527935, 1.0968800526949152, 2.1701814993221187, 2.7960204201686367, 3.1903891956938417, 3.108155332347468, 4.390735790274791, 5.081970710265851, 6.363990761306933, 7.148050909163979, 7.818756925496533, 4.900760094107851, 3.931271840002927, 4.36294894996492, 3.13520073520022, 2.571646402598927, 3.761430697221471, 2.499325104903322, 3.066859191420434, 0.0, 1.7578984299441196, 2.5177730755570487, 3.0713010451598524, 4.111149031596884, 2.4914729799859354, 3.326754908315309, 7.026063610585944, 8.014916454960712, 6.7130415528283445, 8.572803795725179, 7.21250365961779, 8.430565772829247, 5.724579821261994], [2.715461391734377, 2.1528878791056445, 1.0973745850893397, 2.1446975241278197, 3.4682900195917874, 4.29888861335113, 4.344151670924946, 5.602500294511371, 6.134052468800703, 7.476068017347087, 8.409119060282118, 8.939140715415547, 5.641329202413204, 4.400596442529126, 4.407397287515615, 2.523405615433238, 3.063499458136071, 3.7256615332045397, 3.0658144513326304, 2.52066682645684, 1.7578984299441196, 0.0, 2.3991253010211873, 2.4800966795671493, 5.169033767543021, 3.541320092846734, 4.839440621600807, 7.996621023282271, 9.308505968736336, 8.119090749585203, 9.77263593561123, 8.251414325435368, 9.417732749446653, 6.357116346268959], [4.664127245262505, 3.489656503153283, 2.1528984067995403, 1.0971727029050622, 2.137551732707305, 2.765484814639198, 2.826724360456817, 4.103397862747409, 4.758572903718089, 6.109206220942292, 6.907677451937083, 7.112786337294268, 4.470669820060524, 3.3725947369940554, 3.7763860051641966, 4.800927771795781, 4.883780150661986, 5.578435891000272, 3.858619177892527, 3.7411859376406302, 2.5177730755570487, 2.3991253010211873, 0.0, 1.7316088155238758, 3.3138042700195793, 2.2055007708001373, 3.7451818327018516, 6.654380657882446, 7.922773277079181, 6.708509462615374, 7.924771094485948, 6.280065316539312, 7.563547428951576, 5.3224970840762325], [4.183929651655248, 2.801924756305922, 2.1615858391468055, 1.0971200162242964, 2.153053450335128, 3.3872842706215254, 4.082656137859273, 4.527770958208906, 4.728108100498549, 6.045586904511422, 7.132110506014331, 7.446325760400226, 3.9627634259440723, 2.632490522300128, 2.4770432555771, 4.356216199868872, 4.752747433853392, 4.871006206113887, 3.2018814859391664, 2.567561514355596, 3.0713010451598524, 2.4800966795671493, 1.7316088155238758, 0.0, 4.668051793842909, 3.704395068023928, 4.9268369538680705, 6.3660649266246105, 8.051054669420648, 7.139079082066538, 8.39802097341987, 6.746556694344161, 7.700247921982773, 4.580589261219565], [6.759762683704214, 5.712316007540199, 4.560154972147328, 3.7809257411380086, 3.2033223050451856, 2.1445971882850166, 1.095427610570411, 2.705977653270625, 3.9255242630762073, 4.911851879892145, 5.002011259483528, 5.006525707514144, 4.624668007543892, 4.425756513862913, 5.495197625199662, 7.2122385463876615, 6.513847856681948, 7.621560418313299, 5.525674476477962, 6.319863914674113, 4.111149031596884, 5.169033767543021, 3.3138042700195793, 4.668051793842909, 0.0, 1.7656288653055037, 1.774771112002897, 5.759229800936928, 6.06033962579656, 4.499400770102614, 5.4842471279109954, 4.12245360434778, 5.794799652274443, 5.607694247192869], [5.237640500263454, 4.347826857178193, 3.0415183477993355, 2.6745244418400813, 2.695330343390212, 2.1901357834618382, 1.0921603087459277, 3.359600814084912, 4.471991476959678, 5.6884322093174315, 6.095975171373322, 6.389267551918609, 4.794962294950817, 4.164855638554595, 5.030637332386425, 5.57841182237382, 4.9832390641027855, 6.190779849098174, 4.391809477880387, 5.043917982084959, 2.4914729799859354, 3.541320092846734, 2.2055007708001373, 3.704395068023928, 1.7656288653055037, 0.0, 1.759624553704568, 6.493824182251934, 7.109394512193004, 5.580673152944902, 6.988535996186898, 5.588278973888115, 7.117525664161669, 5.788152416790698], [5.811811283928617, 5.020070018435997, 4.090733649359244, 3.8701189826670697, 3.2418258142596126, 2.145134247547225, 1.0956494740563698, 2.6468980146579124, 3.8853923148119804, 4.850112449211873, 4.981237029092272, 5.480051163994731, 4.622962400885388, 4.452566754131824, 5.535310746471241, 6.398150510108371, 5.346989994380016, 6.618711955509168, 4.70078021183718, 5.855862302001302, 3.326754908315309, 4.839440621600807, 3.7451818327018516, 4.9268369538680705, 1.774771112002897, 1.759624553704568, 0.0, 5.790048979067448, 5.907320780184533, 4.250358183729931, 5.9434565919168625, 4.866572582423897, 6.3657841897130005, 5.59607652288637], [8.132369193537638, 6.883176058332374, 6.970493601603835, 6.105116873574166, 4.6421273754605235, 4.3315442419534405, 5.593082281711936, 3.2049933104454373, 2.0381834608297655, 1.010476377754572, 2.086242282190638, 2.8080882357931705, 2.454578159277068, 3.8111913281807306, 4.578975555732963, 9.024361859433608, 8.221745202814303, 8.308785026103395, 6.003052518510895, 7.053415557019167, 7.026063610585944, 7.996621023282271, 6.654380657882446, 6.3660649266246105, 5.759229800936928, 6.493824182251934, 5.790048979067448, 0.0, 2.3564748714976784, 2.9731097171143888, 3.777262646414729, 3.2308733896579733, 2.6572684489904295, 2.231316138515562], [9.401714358562485, 8.320452326045741, 8.256672256423892, 7.536143086486614, 6.034373771154717, 5.237999562810214, 6.0539476880792416, 3.866126534401066, 3.32550410013279, 2.0765746145997257, 1.0954651158298014, 2.1449900046387165, 4.373282876741452, 5.646183980353456, 6.622903506771029, 10.34485967570368, 9.232779061582704, 9.639031567019583, 7.393609053770695, 8.732504386486157, 8.014916454960712, 9.308505968736336, 7.922773277079181, 8.051054669420648, 6.06033962579656, 7.109394512193004, 5.907320780184533, 2.3564748714976784, 0.0, 1.7585664758546944, 2.473183725484219, 3.0669720344339626, 2.502956865389414, 4.44216139846359], [8.425888409538782, 7.390645626736544, 7.1030071336019365, 6.451245587481536, 5.014392447744791, 3.9658272214003474, 4.503287827798707, 2.639689502574119, 2.701649949567856, 2.1104692937827836, 1.0956760515772899, 2.162126242845223, 4.024613731776007, 5.046695997382843, 6.191631404565359, 9.314020299526945, 8.144649488467874, 8.820469117909772, 6.5545125440417, 7.949277608059742, 6.7130415528283445, 8.119090749585203, 6.708509462615374, 7.139079082066538, 4.499400770102614, 5.580673152944902, 4.250358183729931, 2.9731097171143888, 1.7585664758546944, 0.0, 2.495126692174167, 2.527037959746549, 3.0765690858487154, 4.481562464141273], [10.499041111453941, 9.297769939614552, 8.840482969272662, 7.8645881583208155, 6.473261467761056, 5.478331722340297, 5.924573379577638, 4.245497579789676, 4.183096348400309, 3.39039309962724, 2.158584869770008, 1.094373857509398, 5.350313592678471, 6.4203397854007695, 7.489943005123604, 11.305018894721053, 10.323259178185928, 10.949692240880562, 8.557131777646058, 9.706397687092776, 8.572803795725179, 9.77263593561123, 7.924771094485948, 8.39802097341987, 5.4842471279109954, 6.988535996186898, 5.9434565919168625, 3.777262646414729, 2.473183725484219, 2.495126692174167, 0.0, 1.7723789775327397, 1.773781443695925, 5.653482329502765], [9.22795397799534, 7.934217779340318, 7.372686924724256, 6.267003802456163, 4.939649909659591, 4.03340129171398, 4.585042456728182, 2.972262858496873, 3.016863533539428, 2.7374285543188157, 2.1715603698723185, 1.0949187823761175, 4.083087672338178, 4.968112756369364, 6.037771779390142, 9.952325692520319, 9.1503388407206, 9.75032562379329, 7.305477784512113, 8.275027235000499, 7.21250365961779, 8.251414325435368, 6.280065316539312, 6.746556694344161, 4.12245360434778, 5.588278973888115, 4.866572582423897, 3.2308733896579733, 3.0669720344339626, 2.527037959746549, 1.7723789775327397, 0.0, 1.7690150168949952, 4.547489471125799], [10.112385413442272, 8.793886408181539, 8.48202673186073, 7.374686133660198, 5.967034541545743, 5.287324246724424, 6.117684053626831, 4.097618612072139, 3.5770323495881335, 2.698221410485063, 2.167481480889745, 1.095215681954929, 4.41461537509215, 5.56582538802647, 6.467260215114279, 10.910193413500972, 10.117070423299426, 10.479477135811692, 8.051859161088203, 9.016764883815037, 8.430565772829247, 9.417732749446653, 7.563547428951576, 7.700247921982773, 5.794799652274443, 7.117525664161669, 6.3657841897130005, 2.6572684489904295, 2.502956865389414, 3.0765690858487154, 1.773781443695925, 1.769015