{"total energy": -44.13920296, "HOMO-LUMO gap/eV": 3.24521433, "electronic energy": -44.53876088, "dipole": [-0.63429038, -1.37403041, -0.49421587], "partial charges": [-0.11152974, 0.09182381, -0.25588578, 0.36500592, -0.38217206, -0.25064879, 0.09192741, -0.11479358, -0.12622437, 0.05103927, -0.17022364, -0.00367322, -0.10345302, 0.05317571, 0.05529394, 0.060555, 0.05285308, 0.04725489, 0.05894231, 0.04591707, 0.05866207, 0.06039046, 0.05741858, 0.05518881, 0.06350804, 0.0633776, 0.04787293, 0.04657285, 0.05263149, 0.03919296], "atomic dipole moments": [[-0.04703945, 0.07456535, 0.11520272], [0.23249617, 0.15356221, 0.01473186], [-0.14219402, -0.07663311, 0.09801854], [-0.19127807, -0.23050158, 0.05566978], [-0.27905426, -0.33152458, -0.06214478], [0.08704935, 0.06640446, 0.13795342], [0.02501357, -0.16221067, -0.23352012], [0.14309367, 0.03650368, -0.02109914], [0.22394004, 0.24519401, -0.39623812], [-0.11113259, -0.06270584, 0.11320729], [0.1288797, 0.32284237, -0.254324], [-0.14231095, -0.01685817, -0.02974615], [-0.0078588, 0.03185614, 0.11682783], [0.11089352, -0.05920723, 0.02006249], [-0.0899481, -0.08802536, -0.02899064], [0.02348222, 0.07323954, -0.10417876], [-0.10086196, 0.06780499, -0.02304863], [-0.01307216, -0.06835933, 0.0991775], [0.01537473, 0.12075777, -0.01979508], [0.07490057, -0.04415718, 0.08773131], [-0.03952627, 0.05730821, 0.10958822], [-0.07730424, 0.03527741, -0.09646102], [-0.01968815, -0.1263408, 0.00922014], [-0.01673356, -0.02482729, -0.12136131], [0.07388438, 0.10100992, 0.02577433], [0.07052591, -0.08570693, 0.06193388], [0.05511961, 0.11224801, 0.02501384], [0.12024752, -0.00549955, -0.04062791], [-0.05276295, -0.11552977, -0.02659253], [-0.05566238, 0.08845318, -0.07276875]], "atomic quadrupole moments": [[-0.10605311, -0.05820196, -0.00836469, -0.08278605, 0.19546167, 0.1144178], [0.07149612, 0.35372102, 0.0624024, 0.04997403, 0.25998229, -0.13389852], [0.00337457, 0.10639146, -0.0099999, 0.01739783, 0.05557237, 0.00662533], [-0.06547281, -0.63563622, -0.35617077, -0.06147132, 0.14668113, 0.42164358], [-0.07868306, 0.45941901, 0.40175707, -0.03702478, -0.0731069, -0.32307401], [0.02385139, -0.02752794, -0.06748707, -0.05148205, 0.09625455, 0.04363568], [-0.01545122, -0.04073661, -0.20258467, -0.25169913, 0.32632982, 0.2180359], [0.24942363, 0.08379918, -0.12585951, -0.09089829, -0.01205273, -0.12356412], [0.17315696, -0.35738356, -0.06293514, -0.14007114, -0.40288043, -0.11022182], [0.19151492, -0.25262006, -0.01705654, -0.16244691, -0.17398614, -0.17445837], [0.28959483, -0.32265355, 0.03944245, -0.17576767, -0.42259176, -0.32903728], [0.22861212, 0.01427762, -0.27933603, -0.18841033, 0.04479086, 0.05072391], [-0.09398229, -0.00986901, -0.12956597, -0.02607805, 0.07677188, 0.22354826], [0.04165121, -0.05446552, -0.02246486, 0.02780705, -0.01386507, -0.01918635], [0.02769853, 0.06354413, 0.00924711, 0.01091509, 0.02101221, -0.03694564], [-0.04432304, -0.00264792, 0.01483891, -0.01419477, -0.05574903, 0.02948413], [0.01806324, -0.01431847, 0.00645505, 0.02727866, 0.01115985, -0.02451829], [-0.02987823, 0.0229632, 0.01403858, 0.00849742, -0.01559603, 0.01583966], [-0.02385386, -0.00134444, 0.03638392, -0.02321064, -0.00276163, -0.01253005], [-0.00014358, -0.02801922, -0.02640185, 0.00353006, -0.00478259, 0.02654543], [-0.02817501, -0.01002772, -0.01922166, -0.02715099, 0.05536233, 0.04739667], [-0.00281407, -0.01472889, -0.02526015, 0.04760089, -0.04297007, 0.02807422], [-0.02804031, 0.00274196, 0.07869598, 0.00266075, -0.01683976, -0.05065567], [-0.01377194, -0.02277884, -0.0196225, 0.00106178, 0.00535495, 0.03339443], [0.01794987, 0.01852713, 0.01671677, 0.00325116, 0.00367178, -0.03466663], [-0.0076007, -0.04649741, 0.00779547, 0.00658508, -0.02811867, -0.00019476], [-0.01615001, 0.0317715, 0.03388637, -0.02382249, 0.01054753, -0.01773636], [0.07737116, -0.0029523, -0.05282868, -0.02431169, 0.0020574, -0.02454247], [-0.02487379, 0.05102869, 0.04749895, 0.00019952, 0.00775869, -0.02262516], [-0.01735111, -0.05107875, 0.02372774, 0.02456772, -0.03054009, -0.00637663]], "number of molecular orbitals": 89, "number of electrons": 80, "number of unpaired electrons": 0, "orbital energies/eV": [-20.55493164, -20.27788482, -20.08984308, -19.80210428, -18.97741204, -18.50976066, -18.10163455, -17.36594924, -17.27134951, -17.06265534, -16.84951358, -16.67783427, -16.18862818, -16.09506697, -15.9824706, -15.53101806, -15.3373724, -14.89066242, -14.74390574, -14.65316467, -14.5301597, -14.29165827, -13.86395355, -13.78142149, -13.72245347, -13.53934315, -13.41230163, -13.3019304, -13.24927773, -13.07798462, -12.93258616, -12.67370637, -12.59462411, -12.35283514, -12.32324021, -11.94490078, -11.11666395, -10.20190327, -10.0913469, -10.01525306, -6.77003873, -6.22562618, -5.79069213, -4.4425297, -4.14566428, -3.76550387, -3.32516333, -0.98495404, -0.92935367, -0.74059095, -0.47816037, -0.25088256, -0.0099057, 0.16489383, 0.65832716, 0.72807956, 1.20690158, 2.13014968, 2.28258128, 2.5295, 2.71211739, 2.8010774, 3.19199891, 3.40484153, 3.46355957, 3.51057708, 3.75784905, 3.83360062, 4.02794818, 4.26526108, 4.47180338, 4.54237153, 4.65491377, 4.90969281, 5.43996761, 5.9046601, 6.06159027, 6.11715406, 6.4217658, 6.65628835, 6.89790445, 7.23008775, 9.1214515, 10.57993208, 11.07636783, 12.5061197, 25.85936023, 26.98295718, 35.79021953], "fractional occupation": [2.0, 2.0, 2.0, 2.0, 2.0, 2.0, 2.0, 2.0, 2.0, 2.0, 2.0, 2.0, 2.0, 2.0, 2.0, 2.0, 2.0, 2.0, 2.0, 2.0, 2.0, 2.0, 2.0, 2.0, 2.0, 2.0, 2.0, 2.0, 2.0, 2.0, 2.0, 2.0, 2.0, 2.0, 2.0, 2.0, 2.0, 2.0, 2.0, 2.0, 0.0, 0.0, 0.0, 0.0, 0.0, 0.0, 0.0, 0.0, 0.0, 0.0, 0.0, 0.0, 0.0, 0.0, 0.0, 0.0, 0.0, 0.0, 0.0, 0.0, 0.0, 0.0, 0.0, 0.0, 0.0, 0.0, 0.0, 0.0, 0.0, 0.0, 0.0, 0.0, 0.0, 0.0, 0.0, 0.0, 0.0, 0.0, 0.0, 0.0, 0.0, 0.0, 0.0, 0.0, 0.0, 0.0, 0.0, 0.0, 0.0], "program call": "xtb /home/svss/Project-DBcg-Debug/aqme2_20220329/End-to-End-workflows-final/example-3/QDESCP/mol_23_rdkit_conf_18/mol_23_rdkit_conf_18.xyz --pop --wbo --acc 0.2 --gfn 2 --chrg 0 --uhf 0 --etemp 300 --input /home/svss/Project-DBcg-Debug/aqme2_20220329/End-to-End-workflows-final/example-3/QDESCP/mol_23_rdkit_conf_18/mol_23_rdkit_conf_18_xtb.inp", "method": "GFN2-xTB", "xtb version": "6.3.3 (7355c4f)", "Dipole module/D": 4.047, "Total charge": 0, "Transition dipole module/D": NaN, "HOMO": -10.0153, "LUMO": -6.77, "HOMO occupancy": 2.0, "LUMO occupancy": 0, "mulliken charges": [-0.09799, 0.20961, -0.37104, 0.37534, -0.21711, -0.37243, 0.2067, -0.0966, -0.08938, 0.0834, -0.12718, 0.01976, -0.08989, 0.03733, 0.03036, 0.04327, 0.03476, 0.02225, 0.03133, 0.0243, 0.03289, 0.04343, 0.03983, 0.03649, 0.03319, 0.03564, 0.02685, 0.03264, 0.03141, 0.03083], "cm5 charges": [-0.24446, 0.13178, -0.43218, 0.31438, -0.18694, -0.43626, 0.12852, -0.24305, -0.09091, 0.01166, -0.17131, -0.07462, -0.23792, 0.09071, 0.08159, 0.0966, 0.10057, 0.08949, 0.09535, 0.09003, 0.08411, 0.09675, 0.09318, 0.09739, 0.09223, 0.09131, 0.08259, 0.08345, 0.08309, 0.08289], "FUKUI+": [0.012, 0.017, -0.01, -0.141, -0.173, 0.006, 0.013, 0.01, -0.272, 0.045, -0.148, 0.016, 0.018, -0.005, -0.026, -0.019, -0.03, -0.005, -0.019, 0.002, -0.023, -0.019, -0.008, -0.062, -0.059, -0.034, -0.028, -0.033, -0.018, -0.008], "FUKUI-": [0.009, 0.011, 0.006, -0.105, -0.292, -0.005, 0.012, 0.008, -0.1, 0.066, -0.299, 0.035, 0.016, -0.003, -0.023, -0.016, -0.022, -0.005, -0.011, -0.003, -0.021, -0.016, -0.01, -0.047, -0.04, -0.037, -0.037, -0.038, -0.019, -0.013], "FUKUIrad": [0.011, 0.014, -0.002, -0.123, -0.233, 0.001, 0.013, 0.009, -0.186, 0.055, -0.224, 0.025, 0.017, -0.004, -0.024, -0.017, -0.026, -0.005, -0.015, -0.001, -0.022, -0.017, -0.009, -0.054, -0.05, -0.036, -0.032, -0.036, -0.019, -0.011], "s proportion": [1.012, 0.993, 1.657, 1.516, 1.89, 1.66, 0.993, 1.012, 1.909, 1.041, 1.931, 1.035, 1.011, 0.963, 0.97, 0.957, 0.965, 0.978, 0.969, 0.976, 0.967, 0.957, 0.96, 0.964, 0.967, 0.964, 0.973, 0.967, 0.969, 0.969], "p proportion": [3.086, 2.798, 4.714, 2.021, 4.341, 4.712, 2.801, 3.084, 4.184, 2.875, 4.197, 2.945, 3.079, 0.0, 0.0, 0.0, 0.0, 0.0, 0.0, 0.0, 0.0, 0.0, 0.0, 0.0, 0.0, 0.0, 0.0, 0.0, 0.0, 0.0], "d proportion": [0.0, 0.0, 0.0, 1.088, -0.014, 0.0, 0.0, 0.0, -0.004, 0.0, -0.0, 0.0, 0.0, 0.0, 0.0, 0.0, 0.0, 0.0, 0.0, 0.0, 0.0, 0.0, 0.0, 0.0, 0.0, 0.0, 0.0, 0.0, 0.0, 0.0], "Fermi-level/eV": -8.3926, "Coordination numbers": [3.749, 3.893, 1.658, 3.918, 0.926, 1.658, 3.904, 3.749, 2.059, 3.795, 2.134, 3.793, 3.777, 0.924, 0.924, 0.924, 0.924, 0.924, 0.924, 0.924, 0.924, 0.924, 0.924, 0.924, 0.924, 0.924, 0.924, 0.924, 0.924, 0.924], "Dispersion coefficient C6": [22.7, 19.014, 18.256, 145.03, 155.788, 18.168, 19.009, 22.763, 146.351, 19.725, 148.256, 20.653, 22.502, 2.281, 2.255, 2.193, 2.285, 2.355, 2.212, 2.372, 2.215, 2.195, 2.23, 2.256, 2.158, 2.16, 2.347, 2.363, 2.287, 2.46], "Total dispersion C6": 13103.595032, "Total dispersion C8": 414272.06847, "Polarizability alpha": [6.795, 6.199, 5.768, 21.633, 21.111, 5.754, 6.197, 6.805, 20.361, 6.324, 20.493, 6.472, 6.758, 2.362, 2.348, 2.316, 2.364, 2.4, 2.326, 2.408, 2.327, 2.317, 2.335, 2.349, 2.297, 2.298, 2.396, 2.404, 2.365, 2.453], "Total polarizability alpha": 180.73601, "Wiberg matrix": [[0.0, 1.016511321978419, 0.0, 0.0, 0.0, 0.0, 0.0, 0.0, 0.0, 0.0, 0.0, 0.0, 0.0, 0.9850251878487194, 0.9815587767362708, 0.9842745853739406, 0.0, 0.0, 0.0, 0.0, 0.0, 0.0, 0.0, 0.0, 0.0, 0.0, 0.0, 0.0, 0.0, 0.0], [1.016511321978419, 0.0, 0.9169328591137956, 0.0, 0.0, 0.0, 0.0, 0.0, 0.0, 0.0, 0.0, 0.0, 0.0, 0.0, 0.0, 0.0, 0.971092295457347, 0.9654309258171017, 0.0, 0.0, 0.0, 0.0, 0.0, 0.0, 0.0, 0.0, 0.0, 0.0, 0.0, 0.0], [0.0, 0.9169328591137956, 0.0, 1.2593630955610302, 0.0, 0.0, 0.0, 0.0, 0.0, 0.0, 0.0, 0.0, 0.0, 0.0, 0.0, 0.0, 0.0, 0.0, 0.0, 0.0, 0.0, 0.0, 0.0, 0.0, 0.0, 0.0, 0.0, 0.0, 0.0, 0.0], [0.0, 0.0, 1.2593630955610302, 0.0, 1.593814668944838, 1.267404908020114, 0.0, 0.0, 0.9913699953744797, 0.0, 0.0, 0.0, 0.0, 0.0, 0.0, 0.0, 0.0, 0.0, 0.0, 0.0, 0.0, 0.0, 0.0, 0.0, 0.0, 0.0, 0.0, 0.0, 0.0, 0.0], [0.0, 0.0, 0.0, 1.593814668944838, 0.0, 0.0, 0.0, 0.0, 0.1447337292683532, 0.0, 0.0, 0.0, 0.0, 0.0, 0.0, 0.0, 0.0, 0.0, 0.0, 0.0, 0.0, 0.0, 0.0, 0.0, 0.0, 0.0, 0.0, 0.0, 0.0, 0.0], [0.0, 0.0, 0.0, 1.267404908020114, 0.0, 0.0, 0.9200604663696044, 0.0, 0.0, 0.0, 0.0, 0.0, 0.0, 0.0, 0.0, 0.0, 0.0, 0.0, 0.0, 0.0, 0.0, 0.0, 0.0, 0.0, 0.0, 0.0, 0.0, 0.0, 0.0, 0.0], [0.0, 0.0, 0.0, 0.0, 0.0, 0.9200604663696044, 0.0, 1.0165477372195226, 0.0, 0.0, 0.0, 0.0, 0.0, 0.0, 0.0, 0.0, 0.0, 0.0, 0.9700385125665666, 0.9689244364609327, 0.0, 0.0, 0.0, 0.0, 0.0, 0.0, 0.0, 0.0, 0.0, 0.0], [0.0, 0.0, 0.0, 0.0, 0.0, 0.0, 1.0165477372195226, 0.0, 0.0, 0.0, 0.0, 0.0, 0.0, 0.0, 0.0, 0.0, 0.0, 0.0, 0.0, 0.0, 0.9814863898702789, 0.9840999730614581, 0.9847585200941167, 0.0, 0.0, 0.0, 0.0, 0.0, 0.0, 0.0], [0.0, 0.0, 0.0, 0.9913699953744797, 0.1447337292683532, 0.0, 0.0, 0.0, 0.0, 0.9748966346557619, 0.0, 0.0, 0.0, 0.0, 0.0, 0.0, 0.0, 0.0, 0.0, 0.0, 0.0, 0.0, 0.0, 0.0, 0.0, 0.0, 0.0, 0.0, 0.0, 0.0], [0.0, 0.0, 0.0, 0.0, 0.0, 0.0, 0.0, 0.0, 0.9748966346557619, 0.0, 0.9948323537527237, 0.0, 0.0, 0.0, 0.0, 0.0, 0.0, 0.0, 0.0, 0.0, 0.0, 0.0, 0.0, 0.9700491727832252, 0.9707741650751275, 0.0, 0.0, 0.0, 0.0, 0.0], [0.0, 0.0, 0.0, 0.0, 0.0, 0.0, 0.0, 0.0, 0.0, 0.9948323537527237, 0.0, 0.9836710770662621, 0.0, 0.0, 0.0, 0.0, 0.0, 0.0, 0.0, 0.0, 0.0, 0.0, 0.0, 0.0, 0.0, 0.0, 0.0, 0.0, 0.0, 0.0], [0.0, 0.0, 0.0, 0.0, 0.0, 0.0, 0.0, 0.0, 0.0, 0.0, 0.9836710770662621, 0.0, 1.0260458647078894, 0.0, 0.0, 0.0, 0.0, 0.0, 0.0, 0.0, 0.0, 0.0, 0.0, 0.0, 0.0, 0.9683169404001661, 0.9725790656249454, 0.0, 0.0, 0.0], [0.0, 0.0, 0.0, 0.0, 0.0, 0.0, 0.0, 0.0, 0.0, 0.0, 0.0, 1.0260458647078894, 0.0, 0.0, 0.0, 0.0, 0.0, 0.0, 0.0, 0.0, 0.0, 0.0, 0.0, 0.0, 0.0, 0.0, 0.0, 0.9788555018130071, 0.9857762308906936, 0.9849461612751286], [0.9850251878487194, 0.0, 0.0, 0.0, 0.0, 0.0, 0.0, 0.0, 0.0, 0.0, 0.0, 0.0, 0.0, 0.0, 0.0, 0.0, 0.0, 0.0, 0.0, 0.0, 0.0, 0.0, 0.0, 0.0, 0.0, 0.0, 0.0, 0.0, 0.0, 0.0], [0.9815587767362708, 0.0, 0.0, 0.0, 0.0, 0.0, 0.0, 0.0, 0.0, 0.0, 0.0, 0.0, 0.0, 0.0, 0.0, 0.0, 0.0, 0.0, 0.0, 0.0, 0.0, 0.0, 0.0, 0.0, 0.0, 0.0, 0.0, 0.0, 0.0, 0.0], [0.9842745853739406, 0.0, 0.0, 0.0, 0.0, 0.0, 0.0, 0.0, 0.0, 0.0, 0.0, 0.0, 0.0, 0.0, 0.0, 0.0, 0.0, 0.0, 0.0, 0.0, 0.0, 0.0, 0.0, 0.0, 0.0, 0.0, 0.0, 0.0, 0.0, 0.0], [0.0, 0.971092295457347, 0.0, 0.0, 0.0, 0.0, 0.0, 0.0, 0.0, 0.0, 0.0, 0.0, 0.0, 0.0, 0.0, 0.0, 0.0, 0.0, 0.0, 0.0, 0.0, 0.0, 0.0, 0.0, 0.0, 0.0, 0.0, 0.0, 0.0, 0.0], [0.0, 0.9654309258171017, 0.0, 0.0, 0.0, 0.0, 0.0, 0.0, 0.0, 0.0, 0.0, 0.0, 0.0, 0.0, 0.0, 0.0, 0.0, 0.0, 0.0, 0.0, 0.0, 0.0, 0.0, 0.0, 0.0, 0.0, 0.0, 0.0, 0.0, 0.0], [0.0, 0.0, 0.0, 0.0, 0.0, 0.0, 0.9700385125665666, 0.0, 0.0, 0.0, 0.0, 0.0, 0.0, 0.0, 0.0, 0.0, 0.0, 0.0, 0.0, 0.0, 0.0, 0.0, 0.0, 0.0, 0.0, 0.0, 0.0, 0.0, 0.0, 0.0], [0.0, 0.0, 0.0, 0.0, 0.0, 0.0, 0.9689244364609327, 0.0, 0.0, 0.0, 0.0, 0.0, 0.0, 0.0, 0.0, 0.0, 0.0, 0.0, 0.0, 0.0, 0.0, 0.0, 0.0, 0.0, 0.0, 0.0, 0.0, 0.0, 0.0, 0.0], [0.0, 0.0, 0.0, 0.0, 0.0, 0.0, 0.0, 0.9814863898702789, 0.0, 0.0, 0.0, 0.0, 0.0, 0.0, 0.0, 0.0, 0.0, 0.0, 0.0, 0.0, 0.0, 0.0, 0.0, 0.0, 0.0, 0.0, 0.0, 0.0, 0.0, 0.0], [0.0, 0.0, 0.0, 0.0, 0.0, 0.0, 0.0, 0.9840999730614581, 0.0, 0.0, 0.0, 0.0, 0.0, 0.0, 0.0, 0.0, 0.0, 0.0, 0.0, 0.0, 0.0, 0.0, 0.0, 0.0, 0.0, 0.0, 0.0, 0.0, 0.0, 0.0], [0.0, 0.0, 0.0, 0.0, 0.0, 0.0, 0.0, 0.9847585200941167, 0.0, 0.0, 0.0, 0.0, 0.0, 0.0, 0.0, 0.0, 0.0, 0.0, 0.0, 0.0, 0.0, 0.0, 0.0, 0.0, 0.0, 0.0, 0.0, 0.0, 0.0, 0.0], [0.0, 0.0, 0.0, 0.0, 0.0, 0.0, 0.0, 0.0, 0.0, 0.9700491727832252, 0.0, 0.0, 0.0, 0.0, 0.0, 0.0, 0.0, 0.0, 0.0, 0.0, 0.0, 0.0, 0.0, 0.0, 0.0, 0.0, 0.0, 0.0, 0.0, 0.0], [0.0, 0.0, 0.0, 0.0, 0.0, 0.0, 0.0, 0.0, 0.0, 0.9707741650751275, 0.0, 0.0, 0.0, 0.0, 0.0, 0.0, 0.0, 0.0, 0.0, 0.0, 0.0, 0.0, 0.0, 0.0, 0.0, 0.0, 0.0, 0.0, 0.0, 0.0], [0.0, 0.0, 0.0, 0.0, 0.0, 0.0, 0.0, 0.0, 0.0, 0.0, 0.0, 0.9683169404001661, 0.0, 0.0, 0.0, 0.0, 0.0, 0.0, 0.0, 0.0, 0.0, 0.0, 0.0, 0.0, 0.0, 0.0, 0.0, 0.0, 0.0, 0.0], [0.0, 0.0, 0.0, 0.0, 0.0, 0.0, 0.0, 0.0, 0.0, 0.0, 0.0, 0.9725790656249454, 0.0, 0.0, 0.0, 0.0, 0.0, 0.0, 0.0, 0.0, 0.0, 0.0, 0.0, 0.0, 0.0, 0.0, 0.0, 0.0, 0.0, 0.0], [0.0, 0.0, 0.0, 0.0, 0.0, 0.0, 0.0, 0.0, 0.0, 0.0, 0.0, 0.0, 0.9788555018130071, 0.0, 0.0, 0.0, 0.0, 0.0, 0.0, 0.0, 0.0, 0.0, 0.0, 0.0, 0.0, 0.0, 0.0, 0.0, 0.0, 0.0], [0.0, 0.0, 0.0, 0.0, 0.0, 0.0, 0.0, 0.0, 0.0, 0.0, 0.0, 0.0, 0.9857762308906936, 0.0, 0.0, 0.0, 0.0, 0.0, 0.0, 0.0, 0.0, 0.0, 0.0, 0.0, 0.0, 0.0, 0.0, 0.0, 0.0, 0.0], [0.0, 0.0, 0.0, 0.0, 0.0, 0.0, 0.0, 0.0, 0.0, 0.0, 0.0, 0.0, 0.9849461612751286, 0.0, 0.0, 0.0, 0.0, 0.0, 0.0, 0.0, 0.0, 0.0, 0.0, 0.0, 0.0, 0.0, 0.0, 0.0, 0.0, 0.0]], "Born radii": [], "Atomic SASAs": [], "Solvent H bonds": [], "Total SASA": NaN, "Total FOD": 0.0, "FOD": [0.0, 0.0, 0.0, 0.0, 0.0, 0.0, 0.0, 0.0, 0.0, 0.0, 0.0, 0.0, 0.0, 0.0, 0.0, 0.0, 0.0, 0.0, 0.0, 0.0, 0.0, 0.0, 0.0, 0.0, 0.0, 0.0, 0.0, 0.0, 0.0, 0.0], "FOD s proportion": [0.0, 0.0, 0.0, 0.0, 0.0, 0.0, 0.0, 0.0, 0.0, 0.0, 0.0, 0.0, 0.0, 0.0, 0.0, 0.0, 0.0, 0.0, 0.0, 0.0, 0.0, 0.0, 0.0, 0.0, 0.0, 0.0, 0.0, 0.0, 0.0, 0.0], "FOD p proportion": [0.0, 0.0, 0.0, 0.0, 0.0, 0.0, 0.0, 0.0, 0.0, 0.0, 0.0, 0.0, 0.0, 0.0, 0.0, 0.0, 0.0, 0.0, 0.0, 0.0, 0.0, 0.0, 0.0, 0.0, 0.0, 0.0, 0.0, 0.0, 0.0, 0.0], "FOD d proportion": [0.0, 0.0, 0.0, 0.0, 0.0, 0.0, 0.0, 0.0, 0.0, 0.0, 0.0, 0.0, 0.0, 0.0, 0.0, 0.0, 0.0, 0.0, 0.0, 0.0, 0.0, 0.0, 0.0, 0.0, 0.0, 0.0, 0.0, 0.0, 0.0, 0.0], "coordinates": [["-1.32480", "-1.01990", "-2.94420"], ["-1.72660", "-0.17580", "-1.75230"], ["-0.70010", "0.77100", "-1.50520"], ["-0.56950", "1.44680", "-0.03100"], ["0.50000", "3.07280", "-0.13360"], ["-2.13910", "1.74000", "0.27670"], ["-2.49160", "2.38840", "1.48820"], ["-3.94190", "2.07640", "1.79520"], ["0.05960", "-0.08550", "1.26280"], ["1.68870", "-0.47690", "0.59260"], ["2.35330", "-1.96120", "1.39620"], ["4.05020", "-1.92890", "0.73730"], ["4.10120", "-2.25510", "-0.74440"], ["-0.38400", "-1.54380", "-2.74460"], ["-2.09710", "-1.75790", "-3.17820"], ["-1.15850", "-0.39080", "-3.82490"], ["-2.65610", "0.36000", "-1.96830"], ["-1.88450", "-0.81580", "-0.87960"], ["-2.36030", "3.46770", "1.36590"], ["-1.85460", "2.04580", "2.30900"], ["-4.25980", "2.56720", "2.71930"], ["-4.58990", "2.40860", "0.97740"], ["-4.08930", "0.99630", "1.89960"], ["1.59520", "-0.65260", "-0.48150"], ["2.35860", "0.36870", "0.76670"], ["4.63140", "-2.67390", "1.29040"], ["4.50160", "-0.95180", "0.93600"], ["5.14360", "-2.29770", "-1.07800"], ["3.64600", "-3.22810", "-0.95770"], ["3.59830", "-1.49420", "-1.34860"]], "bond_dist": [[0.0, 1.514785021050842, 2.3808179056786347, 3.8912493135238715, 5.289570936285854, 4.319065791348866, 5.7117511229044275, 6.236842026218077, 4.526424164834753, 4.678139105456356, 5.766588025860699, 6.578020085861702, 5.983837822000192, 1.0951785288253235, 1.0935480282090952, 1.095013693978299, 2.1514796094780912, 2.1488355125509258, 6.3077552282884275, 6.105351322405615, 7.3182473079283135, 6.147718017280884, 5.930423351667232, 3.8374732025122986, 5.409845129945958, 7.492921432925879, 7.000537594356594, 6.852421020340183, 5.7906115506049955, 5.196904218859531], [1.514785021050842, 0.0, 1.4181646237302634, 2.633359994379804, 4.258091028853188, 2.8208663367837903, 4.20252149191411, 4.750233171119077, 3.5056372516277263, 4.153732214527075, 5.454015898400004, 6.530152066376401, 6.269178872866844, 2.1583924689453493, 2.1618282702379483, 2.159776231464732, 1.0943984146552845, 1.093680803525416, 4.837338026228888, 4.630987826587326, 5.82549206505339, 4.725343621367657, 4.504724554287421, 3.5884016107453744, 4.830186361829117, 7.478147558052061, 6.827855309685464, 7.221965670092874, 6.22998837960393, 5.500519271850613], [2.3808179056786347, 1.4181646237302634, 0.0, 1.6269688503471726, 2.9359512615164443, 2.486935787269145, 3.8452436294726504, 4.806867645359086, 2.9954232321994163, 3.4153161918042088, 5.020586654963741, 5.906235378817882, 5.726131289099125, 2.644679680036885, 3.338543576172101, 2.634562181843503, 2.0516624015661056, 2.0765627753573934, 4.274537418247733, 4.184029986747227, 5.808975708332753, 4.896486552621175, 4.809376235022584, 2.8884253045561, 3.8313209980371, 6.935964793739945, 5.9987648870413315, 6.614245929809384, 5.9313693418973665, 4.861264975291925], [3.8912493135238715, 2.633359994379804, 1.6269688503471726, 0.0, 1.948905592890533, 1.6261272059712917, 2.6246995275650122, 3.8864488109326745, 2.1018155342465237, 3.0313307127398685, 4.71106396475361, 5.772977002379275, 6.002369670388521, 4.042489773641982, 4.744315724106059, 4.256450630513644, 3.04764910873939, 2.7511280813513572, 3.0401202377537633, 2.7360341755906488, 4.736851310733745, 4.2550612169509385, 4.039697841423291, 3.0489927353144024, 3.220620205798877, 6.765768785585272, 5.692488574428586, 6.910644026427638, 6.362696217013664, 5.268406552269861], [5.289570936285854, 4.258091028853188, 2.9359512615164443, 1.948905592890533, 0.0, 2.9848870564897427, 3.4710674381233217, 4.944042678820643, 3.4811986455817197, 3.813232778103115, 5.5781865269996125, 6.195110147527645, 6.459739661162824, 5.376966855021519, 6.272972187089626, 5.326616458878939, 4.548227692189563, 4.622073799713717, 3.253576854786129, 3.5447376376820894, 5.572285510452601, 5.251910571401612, 5.432074095591848, 3.898602648385701, 3.4025124334820585, 7.219473862408535, 5.775314007047582, 7.1622051471596375, 7.090683861236517, 5.650944778530401], [4.319065791348866, 2.8208663367837903, 2.486935787269145, 1.6261272059712917, 2.9848870564897427, 0.0, 1.4185947483337162, 2.3809861507367067, 3.023098600773716, 4.43469178861395, 5.927378800954095, 7.209744382431322, 7.479626548832503, 4.794994488005174, 4.916645443796003, 4.72493466198211, 2.685463460931837, 2.8167293959484287, 2.0543206590014127, 2.0747764168700202, 3.3388505641912163, 2.6352280906972743, 2.6438937459739185, 4.499377566953011, 4.727564804420982, 8.145536885313332, 7.195787671964758, 8.436584182594281, 7.724839349785857, 6.783760645099442], [5.7117511229044275, 4.20252149191411, 3.8452436294726504, 2.6246995275650122, 3.4710674381233217, 1.4185947483337162, 0.0, 1.5149135585900604, 3.560843693564771, 5.146547535970109, 6.511569716281935, 7.873885784033193, 8.367293878548786, 6.149859383758298, 6.2548159765096205, 6.142486455825524, 4.0110920034324815, 4.030129636872739, 1.0941140114265973, 1.0940093235434514, 2.1619685219725104, 2.15967302386264, 2.1586657128884035, 5.461623689892961, 5.303224526644144, 8.740888692232616, 7.769601477553401, 9.318862306633788, 8.671656867058337, 7.7594393489478355], [6.236842026218077, 4.750233171119077, 4.806867645359086, 3.8864488109326745, 4.944042678820643, 2.3809861507367067, 1.5149135585900604, 0.0, 4.579220852939941, 6.298352483784947, 7.4893896814092935, 9.00195772651705, 9.481714930327742, 6.80986670133858, 6.545215893307111, 6.739429902447239, 4.331655901615455, 4.44435266827465, 2.149761089051525, 2.1498251300977946, 1.0935748076834984, 1.0950149222727514, 1.0950991416305649, 6.5795349607704035, 6.608354696140333, 9.814359175208537, 9.011154872157064, 10.484957763386555, 9.658799359651281, 8.915563854294353], [4.526424164834753, 3.5056372516277263, 2.9954232321994163, 2.1018155342465237, 3.4811986455817197, 3.023098600773716, 3.560843693564771, 4.579220852939941, 0.0, 1.8045300801039588, 2.965991527297406, 4.427094099971222, 5.00704968619246, 4.287502141107338, 5.212557687930178, 5.240388057195765, 4.244231844515565, 2.9837460783384366, 4.300206490390897, 3.0497763475376356, 5.274033172061018, 5.28392261676872, 4.334648392891861, 2.392122960886417, 2.395373426002718, 5.253754044490473, 4.53747043296152, 6.018324474469618, 5.260115965451712, 4.6180345754444065], [4.678139105456356, 4.153732214527075, 3.4153161918042088, 3.0313307127398685, 3.813232778103115, 4.43469178861395, 5.146547535970109, 6.298352483784947, 1.8045300801039588, 0.0, 1.8140045782742666, 2.7759546718201293, 3.2817252307284965, 4.070781833997002, 5.494740692698792, 5.256259820442669, 5.11232798830435, 3.879430923473184, 5.705459056903309, 4.676004612914748, 7.012421118985938, 6.920621305200856, 6.104412440194388, 1.0923843417039627, 1.0927562308218608, 3.7380766618677046, 2.873301233772749, 4.247652411626921, 3.7153135560811013, 2.906841738038038], [5.766588025860699, 5.454015898400004, 5.020586654963741, 4.71106396475361, 5.5781865269996125, 5.927378800954095, 6.511569716281935, 7.4893896814092935, 2.965991527297406, 1.8140045782742666, 0.0, 1.8206213527254922, 2.7791545441014973, 4.981290865829861, 6.385336828233887, 6.485274135300681, 6.4654402827649715, 4.9447098640870735, 7.189707800738496, 5.881808841674473, 8.12342857296105, 8.214534175472155, 7.106849693781345, 2.410997067605019, 2.4134482281582095, 2.389325122288719, 2.417822427309334, 3.7444187773271307, 2.9693356344475443, 3.049924759727689], [6.578020085861702, 6.530152066376401, 5.906235378817882, 5.772977002379275, 6.195110147527645, 7.209744382431322, 7.873885784033193, 9.00195772651705, 4.427094099971222, 2.7759546718201293, 1.8206213527254922, 0.0, 1.5180389751254741, 5.6510228507766636, 7.2903826058719305, 7.092952568571145, 7.585103444251766, 6.250921636846842, 8.403150585940965, 7.289385709372223, 9.653980485271349, 9.67072294453729, 8.726923660718018, 3.0234814585176473, 2.8533034679122373, 1.0948689647624505, 1.094517272590981, 2.1510116433901514, 2.1735508459661115, 2.1781084706689886], [5.983837822000192, 6.269178872866844, 5.726131289099125, 6.002369670388521, 6.459739661162824, 7.479626548832503, 8.367293878548786, 9.481714930327742, 5.00704968619246, 3.2817252307284965, 2.7791545441014973, 1.5180389751254741, 0.0, 4.962234050304359, 6.6775379572114755, 6.374130437165528, 7.3483183457169305, 6.15779733508663, 8.885650689735671, 7.955661255357723, 10.25466313342374, 10.012487809730407, 9.20036022175219, 2.9861611912286317, 3.493480271877888, 2.1440420984672848, 2.16394436388739, 1.0953088514204563, 1.0951862535660317, 1.0940451818823576], [1.0951785288253235, 2.1583924689453493, 2.644679680036885, 4.042489773641982, 5.376966855021519, 4.794994488005174, 6.149859383758298, 6.80986670133858, 4.287502141107338, 4.070781833997002, 4.981290865829861, 5.6510228507766636, 4.962234050304359, 0.0, 1.7800447690999237, 1.7596327287249462, 3.0642347397025573, 2.501941096428931, 6.77621606724579, 6.370774323424116, 7.85979324473615, 6.867630200440323, 6.461420102423305, 3.1357760905396295, 4.848581101724504, 6.535486834964937, 6.145434705535484, 5.822394913607287, 4.719192526269722, 4.220188319257803], [1.0935480282090952, 2.1618282702379483, 3.338543576172101, 4.744315724106059, 6.272972187089626, 4.916645443796003, 6.2548159765096205, 6.545215893307111, 5.212557687930178, 5.494740692698792, 6.385336828233887, 7.2903826058719305, 6.6775379572114755, 1.7800447690999237, 0.0, 1.7799306896618194, 2.5023667636859313, 2.4932535230096438, 6.9300082546848385, 6.6810406210410065, 7.626550173571272, 6.39083605250518, 6.110526271934357, 4.70393008770326, 6.3196460391385845, 8.128970058377629, 7.817882100671511, 7.558436383935503, 6.330505975038646, 5.987867317334278], [1.095013693978299, 2.159776231464732, 2.634562181843503, 4.256450630513644, 5.326616458878939, 4.72493466198211, 6.142486455825524, 6.739429902447239, 5.240388057195765, 5.256259820442669, 6.485274135300681, 7.092952568571145, 6.374130437165528, 1.7596327287249462, 1.7799306896618194, 0.0, 2.500693895701751, 3.0630855505519268, 6.578506679330804, 6.636738956746755, 7.822683639902613, 6.532475151885387, 6.579022366583047, 4.339323275581113, 5.833491511950625, 8.056164205749532, 7.417386454810077, 7.134296856032836, 6.273302748951305, 5.475098126061304], [2.1514796094780912, 1.0943984146552845, 2.0516624015661056, 3.04764910873939, 4.548227692189563, 2.685463460931837, 4.0110920034324815, 4.331655901615455, 4.244231844515565, 5.11232798830435, 6.4654402827649715, 7.585103444251766, 7.3483183457169305, 3.0642347397025573, 2.5023667636859313, 2.500693895701751, 0.0, 1.7785218272486845, 4.567514265987573, 4.666863955591592, 5.42376062248326, 4.075965270951165, 4.173678274615809, 4.6162197402203455, 5.7120501380852735, 8.539984259353176, 7.835077984296008, 8.28802289270487, 7.32203785704499, 6.552831837457757], [2.1488355125509258, 1.093680803525416, 2.0765627753573934, 2.7511280813513572, 4.622073799713717, 2.8167293959484287, 4.030129636872739, 4.44435266827465, 2.9837460783384366, 3.879430923473184, 4.9447098640870735, 6.250921636846842, 6.15779733508663, 2.501941096428931, 2.4932535230096438, 3.0630855505519268, 1.7785218272486845, 0.0, 4.859735398146694, 4.284485795285123, 5.480768221700312, 4.600477531735157, 3.983566503775229, 3.506198787861293, 4.702897144314343, 7.114660105725361, 6.640570199162117, 7.185372626384801, 6.034212554260912, 5.544482248145448], [6.3077552282884275, 4.837338026228888, 4.274537418247733, 3.0401202377537633, 3.253576854786129, 2.0543206590014127, 1.0941140114265973, 2.149761089051525, 4.300206490390897, 5.705459056903309, 7.189707800738496, 8.403150585940965, 8.885650689735671, 6.77621606724579, 6.9300082546848385, 6.578506679330804, 4.567514265987573, 4.859735398146694, 0.0, 1.7795981877940876, 2.500138408168636, 2.4987479304643756, 3.063020510868316, 6.002977519531453, 5.677222811375294, 9.306385963412437, 8.173277547593743, 9.773484515770207, 9.290236503448122, 8.215465648397538], [6.105351322405615, 4.630987826587326, 4.184029986747227, 2.7360341755906488, 3.5447376376820894, 2.0747764168700202, 1.0940093235434514, 2.1498251300977946, 3.0497763475376356, 4.676004612914748, 5.881808841674473, 7.289385709372223, 7.955661255357723, 6.370774323424116, 6.6810406210410065, 6.636738956746755, 4.666863955591592, 4.284485795285123, 1.7795981877940876, 0.0, 2.495033284347125, 3.06376377842679, 2.502587201277909, 5.193204487597229, 4.789823372526382, 8.085871013688013, 7.16044783515668, 8.905760185969529, 8.291076556153609, 7.4594742556027365], [7.3182473079283135, 5.82549206505339, 5.808975708332753, 4.736851310733745, 5.572285510452601, 3.3388505641912163, 2.1619685219725104, 1.0935748076834984, 5.274033172061018, 7.012421118985938, 8.12342857296105, 9.653980485271349, 10.25466313342374, 7.85979324473615, 7.626550173571272, 7.822683639902613, 5.42376062248326, 5.480768221700312, 2.500138408168636, 2.495033284347125, 0.0, 1.7799819044024014, 1.780085714228391, 7.408998426238193, 7.242186656666618, 10.419420418622144, 9.608623722989677, 11.247696246787607, 10.469360282748895, 9.736144821231862], [6.147718017280884, 4.725343621367657, 4.896486552621175, 4.2550612169509385, 5.251910571401612, 2.6352280906972743, 2.15967302386264, 1.0950149222727514, 5.28392261676872, 6.920621305200856, 8.214534175472155, 9.67072294453729, 10.012487809730407, 6.867630200440323, 6.39083605250518, 6.532475151885387, 4.075965270951165, 4.600477531735157, 2.4987479304643756, 3.06376377842679, 1.7799819044024014, 0.0, 1.759444369680383, 7.0537080078494885, 7.2448077096635215, 10.533857267876758, 9.692748545691257, 11.005223809627863, 10.165975000461097, 9.364226774272396], [5.930423351667232, 4.504724554287421, 4.809376235022584, 4.039697841423291, 5.432074095591848, 2.6438937459739185, 2.1586657128884035, 1.0950991416305649, 4.334648392891861, 6.104412440194388, 7.106849693781345, 8.726923660718018, 9.20036022175219, 6.461420102423305, 6.110526271934357, 6.579022366583047, 4.173678274615809, 3.983566503775229, 3.063020510868316, 2.502587201277909, 1.780085714228391, 1.759444369680383, 0.0, 6.379815723827765, 6.576682946592453, 9.481144507389391, 8.86155637458793, 10.245144223972643, 9.265235277099011, 8.709339082272546], [3.8374732025122986, 3.5884016107453744, 2.8884253045561, 3.0489927353144024, 3.898602648385701, 4.499377566953011, 5.461623689892961, 6.5795349607704035, 2.392122960886417, 1.0923843417039627, 2.410997067605019, 3.0234814585176473, 2.9861611912286317, 3.1357760905396295, 4.70393008770326, 4.339323275581113, 4.6162197402203455, 3.506198787861293, 6.002977519531453, 5.193204487597229, 7.408998426238193, 7.0537080078494885, 6.379815723827765, 0.0, 1.7843308241466884, 4.055094788041335, 3.247458675641616, 3.9564262687430434, 3.3265218066322664, 2.339350888601366], [5.409845129945958, 4.830186361829117, 3.8313209980371, 3.220620205798877, 3.4025124334820585, 4.727564804420982, 5.303224526644144, 6.608354696140333, 2.395373426002718, 1.0927562308218608, 2.4134482281582095, 2.8533034679122373, 3.493480271877888, 4.848581101724504, 6.3196460391385845, 5.833491511950625, 5.7120501380852735, 4.702897144314343, 5.677222811375294, 4.789823372526382, 7.242186656666618, 7.2448077096635215, 6.576682946592453, 1.7843308241466884, 0.0, 3.8337052951420247, 2.5228618154786044, 4.274205429082697, 4.191410783972384, 3.0792444836355557], [7.492921432925879, 7.478147558052061, 6.935964793739945, 6.765768785585272, 7.219473862408535, 8.145536885313332, 8.740888692232616, 9.814359175208537, 5.253754044490473, 3.7380766618677046, 2.389325122288719, 1.0948689647624505, 2.1440420984672848, 6.535486834964937, 8.128970058377629, 8.056164205749532, 8.539984259353176, 7.114660105725361, 9.306385963412437, 8.085871013688013, 10.419420418622144, 10.533857267876758, 9.481144507389391, 4.055094788041335, 3.8337052951420247, 0.0, 1.7629735704201583, 2.452181445162654, 2.5163673042701853, 3.0697408196784304], [7.000537594356594, 6.827855309685464, 5.9987648870413315, 5.692488574428586, 5.775314007047582, 7.195787671964758, 7.769601477553401, 9.011154872157064, 4.53747043296152, 2.873301233772749, 2.417822427309334, 1.094517272590981, 2.16394436388739, 6.145434705535484, 7.817882100671511, 7.417386454810077, 7.835077984296008, 6.640570199162117, 8.173277547593743, 7.16044783515668, 9.608623722989677, 9.692748545691257, 8.86155637458793, 3.247458675641616, 2.5228618154786044, 1.7629735704201583, 0.0, 2.5059542713305847, 3.0821571569275954, 2.5158588613036303], [6.852421020340183, 7.221965670092874, 6.614245929809384, 6.910644026427638, 7.1622051471596375, 8.436584182594281, 9.318862306633788, 10.484957763386555, 6.018324474469618, 4.247652411626921, 3.7444187773271307, 2.1510116433901514, 1.0953088514204563, 5.822394913607287, 7.558436383935503, 7.134296856032836, 8.28802289270487, 7.185372626384801, 9.773484515770207, 8.905760185969529, 11.247696246787607, 11.005223809627863, 10.245144223972643, 3.9564262687430434, 4.274205429082697, 2.452181445162654, 2.5059542713305847, 0.0, 1.7671791108996282, 1.762608493114679], [5.7906115506049955, 6.22998837960393, 5.9313693418973665, 6.362696217013664, 7.090683861236517, 7.724839349785857, 8.671656867058337, 9.658799359651281, 5.260115965451712, 3.7153135560811013, 2.9693356344475443, 2.1735508459661115, 1.0951862535660317, 4.719192526269722, 6.330505975038646, 6.273302748951305, 7.32203785704499, 6.034212554260912, 9.290236503448122, 8.291076556153609, 10.469360282748895, 10.165975000461097, 9.265235277099011, 3.3265218066322664, 4.191410783972384, 2.5163673042701853, 3.0821571569275954, 1.7671791108996282, 0.0, 1.7780571728715586], [5.196904218859531, 5.500519271850613, 4.861264975291925, 5.268406552269861, 5.650944778530401, 6.783760645099442, 7.7594393489478355, 8.915563854294353, 4.6180345754444065, 2.906841738038038, 3.049924759727689, 2.1781084706689886, 1.0940451818823576, 4.220188319257803, 5.987867317334278, 5.475098126061304, 6.552831837457757, 5.544482248145448, 8.215465648397538, 7.4594742556027365, 9.736144821231862, 9.364226774272396, 8.709339082272546, 2.339350888601366, 3.0792444836355557, 3.0697408196784304, 2.5158588613036303, 1.762608493114679, 1.7780571728715586, 0.0]]}