{"total energy": -22.09746951, "HOMO-LUMO gap/eV": 5.18015669, "electronic energy": -22.44324272, "dipole": [-0.182957, -0.01946998, -0.0152975], "partial charges": [-0.10005024, -0.05164242, -0.05766019, -0.05287877, -0.05687567, -0.02975827, -0.09599977, 0.03195917, 0.03153656, 0.03116607, 0.03029993, 0.02897129, 0.03037294, 0.02977655, 0.03002954, 0.02902838, 0.03903593, 0.03685449, 0.02962667, 0.03158262, 0.03462519], "atomic dipole moments": [[0.09388656, -0.01968522, -0.0268659], [-0.03504035, -0.00040073, 0.10711721], [0.03652151, -0.0077032, -0.10384582], [-0.03555684, 0.10438836, -0.02201723], [0.0093378, -0.09539565, 0.02988004], [-0.15369166, -0.01367318, -0.01427374], [0.06424764, 0.03535608, 0.02907204], [-0.00574462, 0.10050923, 0.07591178], [-0.05257184, -0.09777216, 0.05942289], [-0.06943533, 0.02454237, -0.10065629], [0.03978793, 0.09807934, -0.06392571], [-0.00307361, -0.09490499, -0.07939346], [0.00317283, 0.09697314, 0.07811478], [-0.04794564, -0.09016532, 0.0673055], [-0.00375859, -0.10266887, -0.07081121], [0.05500061, -0.03869188, 0.10341142], [-0.04963155, 0.03324495, -0.10967588], [-0.00527238, 0.1057765, 0.06915742], [0.02939448, -0.11435147, -0.09300627], [0.13500124, -0.0549701, -0.03646264], [-0.01557387, 0.11832541, 0.09432734]], "atomic quadrupole moments": [[0.19561956, -0.06935717, -0.11323741, -0.08518123, 0.01453343, -0.08238215], [0.18779735, -0.09913943, -0.21006173, 0.04172661, -0.03021891, 0.02226438], [0.17313427, -0.12150516, -0.18471361, 0.05629566, -0.03193418, 0.01157934], [0.14680061, 0.03203059, -0.01054803, -0.1460104, -0.08523063, -0.13625259], [0.14020844, 0.05021844, 0.00322348, -0.09351132, -0.0871454, -0.14343192], [-0.19926509, -0.0923824, 0.01030951, -0.12181447, -0.46098965, 0.18895557], [-0.31508402, -0.00785346, 0.05758905, -0.05445369, -0.45267767, 0.25749497], [-0.02852629, 0.00910147, 0.03162762, -0.00025776, 0.06341399, -0.00310133], [-0.02135729, 0.02464576, 0.04302747, -0.02576789, -0.04848535, -0.02167018], [0.00028772, -0.0166207, -0.0494092, 0.04675622, -0.01984395, 0.04912147], [-0.0031057, 0.02773011, 0.02609795, -0.00964138, -0.03264964, -0.02299225], [-0.0205013, -0.00447391, 0.03134679, 0.00608839, 0.04255684, -0.01084549], [-0.02349424, 1.048e-05, 0.03752056, 0.01404008, 0.03890799, -0.01402633], [0.00139875, 0.02693994, 0.02171026, -0.0090497, -0.03908007, -0.02310901], [-0.02526869, 0.01358363, 0.01082869, -0.00434415, 0.04577997, 0.01443999], [0.00730652, -0.00064223, -0.04141101, 0.03113184, -0.0183262, 0.03410449], [-0.00975435, -0.00078378, -0.03126912, 0.03912563, -0.01080897, 0.04102347], [-0.02366886, 0.0105869, 0.01695955, -0.00456227, 0.0477625, 0.0067093], [0.03661412, 0.00620783, -0.00691538, 0.0154714, 0.04703857, -0.02969873], [0.04870237, -0.00686283, -0.01497442, 0.00093316, 0.04145194, -0.03372795], [0.01319264, -0.00366418, 0.00539083, 0.00151305, 0.05318361, -0.01858347]], "number of molecular orbitals": 42, "number of electrons": 42, "number of unpaired electrons": 0, "orbital energies/eV": [-16.97940394, -16.74124485, -16.41721582, -15.90642303, -15.38717222, -14.99035285, -14.70695096, -13.95031585, -13.8886677, -13.50305641, -13.29023047, -13.12622163, -12.76653571, -12.3426095, -12.31896826, -11.96458681, -11.80990937, -11.54132945, -11.49308819, -11.36652882, -10.68645554, -5.50629885, 1.98789466, 2.50396184, 2.93412199, 3.37106413, 3.45797766, 3.72957396, 3.98523835, 4.36774513, 4.67289709, 5.05009218, 5.20447167, 5.39451954, 5.74054187, 6.52690055, 6.8149524, 7.16730902, 7.81088346, 8.22660894, 11.29260903, 15.55570844], "fractional occupation": [2.0, 2.0, 2.0, 2.0, 2.0, 2.0, 2.0, 2.0, 2.0, 2.0, 2.0, 2.0, 2.0, 2.0, 2.0, 2.0, 2.0, 2.0, 2.0, 2.0, 2.0, 0.0, 0.0, 0.0, 0.0, 0.0, 0.0, 0.0, 0.0, 0.0, 0.0, 0.0, 0.0, 0.0, 0.0, 0.0, 0.0, 0.0, 0.0, 0.0, 0.0, 0.0], "program call": "xtb /home/svss/Project-DBcg-Debug/aqme2_20220329/End-to-End-workflows-final/example-3/QDESCP/mol_570_rdkit_conf_8/mol_570_rdkit_conf_8.xyz --pop --wbo --acc 0.2 --gfn 2 --chrg 0 --uhf 0 --etemp 300 --input /home/svss/Project-DBcg-Debug/aqme2_20220329/End-to-End-workflows-final/example-3/QDESCP/mol_570_rdkit_conf_8/mol_570_rdkit_conf_8_xtb.inp", "method": "GFN2-xTB", "xtb version": "6.3.3 (7355c4f)", "Dipole module/D": 0.469, "Total charge": 0, "Transition dipole module/D": NaN, "HOMO": -10.6865, "LUMO": -5.5063, "HOMO occupancy": 2.0, "LUMO occupancy": 0, "mulliken charges": [-0.0832, -0.04021, -0.0476, -0.04184, -0.04391, -0.02148, -0.08743, 0.02681, 0.02661, 0.02826, 0.02217, 0.02239, 0.02356, 0.02506, 0.02359, 0.02543, 0.0309, 0.0271, 0.02477, 0.03056, 0.02845], "cm5 charges": [-0.2336, -0.15286, -0.15807, -0.15125, -0.15017, -0.08597, -0.18947, 0.0781, 0.07789, 0.07903, 0.07746, 0.07721, 0.07875, 0.07996, 0.07876, 0.08038, 0.08661, 0.08288, 0.08027, 0.0828, 0.08128], "FUKUI+": [0.009, 0.006, 0.009, 0.002, 0.025, -0.16, -0.125, -0.011, -0.015, -0.019, 0.001, -0.011, -0.02, -0.036, -0.032, -0.021, -0.087, -0.061, -0.145, -0.154, -0.157], "FUKUI-": [0.021, 0.006, 0.013, 0.008, 0.003, -0.044, -0.06, -0.056, -0.075, -0.054, -0.09, -0.068, -0.056, -0.091, -0.043, -0.063, -0.084, -0.048, -0.066, -0.081, -0.072], "FUKUIrad": [0.015, 0.006, 0.011, 0.005, 0.014, -0.102, -0.093, -0.034, -0.045, -0.036, -0.044, -0.039, -0.038, -0.064, -0.038, -0.042, -0.085, -0.054, -0.105, -0.118, -0.114], "s proportion": [1.008, 1.027, 1.032, 1.032, 1.028, 1.072, 1.047, 0.973, 0.973, 0.972, 0.978, 0.978, 0.976, 0.975, 0.976, 0.975, 0.969, 0.973, 0.975, 0.969, 0.972], "p proportion": [3.076, 3.014, 3.015, 3.01, 3.016, 2.95, 3.04, 0.0, 0.0, 0.0, 0.0, 0.0, 0.0, 0.0, 0.0, 0.0, 0.0, 0.0, 0.0, 0.0, 0.0], "d proportion": [0.0, 0.0, 0.0, 0.0, 0.0, 0.0, 0.0, 0.0, 0.0, 0.0, 0.0, 0.0, 0.0, 0.0, 0.0, 0.0, 0.0, 0.0, 0.0, 0.0, 0.0], "Fermi-level/eV": -8.0964, "Coordination numbers": [3.75, 3.799, 3.801, 3.801, 3.804, 2.886, 2.834, 0.924, 0.924, 0.924, 0.924, 0.924, 0.924, 0.924, 0.924, 0.924, 0.924, 0.924, 0.925, 0.925, 0.925], "Dispersion coefficient C6": [22.474, 21.502, 21.611, 21.523, 21.594, 28.741, 30.404, 2.559, 2.565, 2.57, 2.582, 2.601, 2.581, 2.59, 2.586, 2.6, 2.462, 2.491, 2.592, 2.564, 2.522], "Total dispersion C6": 3193.038099, "Total dispersion C8": 68306.877124, "Polarizability alpha": [6.761, 6.602, 6.619, 6.605, 6.616, 8.789, 9.036, 2.502, 2.504, 2.507, 2.513, 2.522, 2.513, 2.517, 2.515, 2.522, 2.454, 2.468, 2.518, 2.504, 2.483], "Total polarizability alpha": 86.069281, "Wiberg matrix": [[0.0, 1.0196961339586226, 0.0, 0.0, 0.0, 0.0, 0.0, 0.9878208580395941, 0.987657448723466, 0.987469367220174, 0.0, 0.0, 0.0, 0.0, 0.0, 0.0, 0.0, 0.0, 0.0, 0.0, 0.0], [1.0196961339586226, 0.0, 1.0089321240555178, 0.0, 0.0, 0.0, 0.0, 0.0, 0.0, 0.0, 0.9762160971754503, 0.9779626043393312, 0.0, 0.0, 0.0, 0.0, 0.0, 0.0, 0.0, 0.0, 0.0], [0.0, 1.0089321240555178, 0.0, 1.005246478640167, 0.0, 0.0, 0.0, 0.0, 0.0, 0.0, 0.0, 0.0, 0.9770787533198335, 0.9761952863168011, 0.0, 0.0, 0.0, 0.0, 0.0, 0.0, 0.0], [0.0, 0.0, 1.005246478640167, 0.0, 0.9931794117283614, 0.0, 0.0, 0.0, 0.0, 0.0, 0.0, 0.0, 0.0, 0.0, 0.9774197273067478, 0.9778737623055747, 0.0, 0.0, 0.0, 0.0, 0.0], [0.0, 0.0, 0.0, 0.9931794117283614, 0.0, 1.0261956505165164, 0.0, 0.0, 0.0, 0.0, 0.0, 0.0, 0.0, 0.0, 0.0, 0.0, 0.9601100178867588, 0.9748072809466124, 0.0, 0.0, 0.0], [0.0, 0.0, 0.0, 0.0, 1.0261956505165164, 0.0, 1.9748728185527304, 0.0, 0.0, 0.0, 0.0, 0.0, 0.0, 0.0, 0.0, 0.0, 0.0, 0.0, 0.9679628371533346, 0.0, 0.0], [0.0, 0.0, 0.0, 0.0, 0.0, 1.9748728185527304, 0.0, 0.0, 0.0, 0.0, 0.0, 0.0, 0.0, 0.0, 0.0, 0.0, 0.0, 0.0, 0.0, 0.9783057044287934, 0.9767407081238395], [0.9878208580395941, 0.0, 0.0, 0.0, 0.0, 0.0, 0.0, 0.0, 0.0, 0.0, 0.0, 0.0, 0.0, 0.0, 0.0, 0.0, 0.0, 0.0, 0.0, 0.0, 0.0], [0.987657448723466, 0.0, 0.0, 0.0, 0.0, 0.0, 0.0, 0.0, 0.0, 0.0, 0.0, 0.0, 0.0, 0.0, 0.0, 0.0, 0.0, 0.0, 0.0, 0.0, 0.0], [0.987469367220174, 0.0, 0.0, 0.0, 0.0, 0.0, 0.0, 0.0, 0.0, 0.0, 0.0, 0.0, 0.0, 0.0, 0.0, 0.0, 0.0, 0.0, 0.0, 0.0, 0.0], [0.0, 0.9762160971754503, 0.0, 0.0, 0.0, 0.0, 0.0, 0.0, 0.0, 0.0, 0.0, 0.0, 0.0, 0.0, 0.0, 0.0, 0.0, 0.0, 0.0, 0.0, 0.0], [0.0, 0.9779626043393312, 0.0, 0.0, 0.0, 0.0, 0.0, 0.0, 0.0, 0.0, 0.0, 0.0, 0.0, 0.0, 0.0, 0.0, 0.0, 0.0, 0.0, 0.0, 0.0], [0.0, 0.0, 0.9770787533198335, 0.0, 0.0, 0.0, 0.0, 0.0, 0.0, 0.0, 0.0, 0.0, 0.0, 0.0, 0.0, 0.0, 0.0, 0.0, 0.0, 0.0, 0.0], [0.0, 0.0, 0.9761952863168011, 0.0, 0.0, 0.0, 0.0, 0.0, 0.0, 0.0, 0.0, 0.0, 0.0, 0.0, 0.0, 0.0, 0.0, 0.0, 0.0, 0.0, 0.0], [0.0, 0.0, 0.0, 0.9774197273067478, 0.0, 0.0, 0.0, 0.0, 0.0, 0.0, 0.0, 0.0, 0.0, 0.0, 0.0, 0.0, 0.0, 0.0, 0.0, 0.0, 0.0], [0.0, 0.0, 0.0, 0.9778737623055747, 0.0, 0.0, 0.0, 0.0, 0.0, 0.0, 0.0, 0.0, 0.0, 0.0, 0.0, 0.0, 0.0, 0.0, 0.0, 0.0, 0.0], [0.0, 0.0, 0.0, 0.0, 0.9601100178867588, 0.0, 0.0, 0.0, 0.0, 0.0, 0.0, 0.0, 0.0, 0.0, 0.0, 0.0, 0.0, 0.0, 0.0, 0.0, 0.0], [0.0, 0.0, 0.0, 0.0, 0.9748072809466124, 0.0, 0.0, 0.0, 0.0, 0.0, 0.0, 0.0, 0.0, 0.0, 0.0, 0.0, 0.0, 0.0, 0.0, 0.0, 0.0], [0.0, 0.0, 0.0, 0.0, 0.0, 0.9679628371533346, 0.0, 0.0, 0.0, 0.0, 0.0, 0.0, 0.0, 0.0, 0.0, 0.0, 0.0, 0.0, 0.0, 0.0, 0.0], [0.0, 0.0, 0.0, 0.0, 0.0, 0.0, 0.9783057044287934, 0.0, 0.0, 0.0, 0.0, 0.0, 0.0, 0.0, 0.0, 0.0, 0.0, 0.0, 0.0, 0.0, 0.0], [0.0, 0.0, 0.0, 0.0, 0.0, 0.0, 0.9767407081238395, 0.0, 0.0, 0.0, 0.0, 0.0, 0.0, 0.0, 0.0, 0.0, 0.0, 0.0, 0.0, 0.0, 0.0]], "Born radii": [], "Atomic SASAs": [], "Solvent H bonds": [], "Total SASA": NaN, "Total FOD": 0.0, "FOD": [0.0, 0.0, 0.0, 0.0, 0.0, 0.0, 0.0, 0.0, 0.0, 0.0, 0.0, 0.0, 0.0, 0.0, 0.0, 0.0, 0.0, 0.0, 0.0, 0.0, 0.0], "FOD s proportion": [0.0, 0.0, 0.0, 0.0, 0.0, 0.0, 0.0, 0.0, 0.0, 0.0, 0.0, 0.0, 0.0, 0.0, 0.0, 0.0, 0.0, 0.0, 0.0, 0.0, 0.0], "FOD p proportion": [0.0, 0.0, 0.0, 0.0, 0.0, 0.0, 0.0, 0.0, 0.0, 0.0, 0.0, 0.0, 0.0, 0.0, 0.0, 0.0, 0.0, 0.0, 0.0, 0.0, 0.0], "FOD d proportion": [0.0, 0.0, 0.0, 0.0, 0.0, 0.0, 0.0, 0.0, 0.0, 0.0, 0.0, 0.0, 0.0, 0.0, 0.0, 0.0, 0.0, 0.0, 0.0, 0.0, 0.0], "coordinates": [["-3.28720", "0.26540", "0.03290"], ["-1.85800", "-0.03740", "-0.39100"], ["-0.97090", "-0.34030", "0.81710"], ["0.45180", "-0.76190", "0.43720"], ["1.25540", "0.35280", "-0.23700"], ["2.67090", "-0.07970", "-0.49550"], ["3.74620", "0.51200", "0.03960"], ["-3.32320", "1.13430", "0.69780"], ["-3.73050", "-0.58750", "0.55680"], ["-3.90460", "0.48280", "-0.84440"], ["-1.46780", "0.82350", "-0.94420"], ["-1.86020", "-0.89290", "-1.07610"], ["-0.93130", "0.53500", "1.47700"], ["-1.42380", "-1.15290", "1.39890"], ["0.40980", "-1.64190", "-0.21710"], ["0.96920", "-1.07740", "1.35260"], ["0.80380", "0.61960", "-1.19880"], ["1.23450", "1.25350", "0.38840"], ["2.81300", "-0.92200", "-1.16980"], ["4.74640", "0.15690", "-0.18880"], ["3.65650", "1.35800", "0.71390"]], "bond_dist": [[0.0, 1.521181018156616, 2.519342735715012, 3.89857984142944, 4.55145026667325, 5.991431897301345, 7.037724917187372, 1.0947032565951378, 1.0947257693139412, 1.0945779140837806, 2.139256034232462, 2.1465947195500132, 2.7763958255263246, 2.711049695228769, 4.1675055236916005, 4.654208943526279, 4.287053012268451, 4.642035410248397, 6.329995741704729, 8.03739087639764, 7.062046831478816], [1.521181018156616, 0.0, 1.5291175330889382, 2.5585135391472917, 3.141533319893329, 4.53030294240904, 5.647505144751973, 2.1691420815612794, 2.169606208508816, 2.1598035003212672, 1.0951872396992215, 1.0960141878643725, 2.162368759023308, 2.1532793362682883, 2.7834471972717574, 3.480632241418217, 2.8582108179768686, 3.4405585912755505, 4.81739427491668, 6.610350723675712, 5.794622974793097], [2.519342735715012, 1.5291175330889382, 0.0, 1.5317133739704696, 2.558891578398741, 3.87988896232869, 4.856125405094065, 2.7788474121477056, 2.782850353504479, 3.4705434084592572, 2.16875949335098, 2.163429566683418, 1.096898472968214, 1.0972367155723508, 2.161033245926587, 2.1433769313865443, 2.8521607440675574, 2.7545909478541457, 4.31324074333905, 5.826367817088106, 4.930284361981569], [3.89857984142944, 2.5585135391472917, 1.5317133739704696, 0.0, 1.5306451874944762, 2.5019454310595988, 3.554430802533649, 4.232506562310329, 4.187642870398572, 4.708502693001248, 2.847213248072578, 2.7663300399626944, 2.162429018488237, 2.143740481028429, 1.0973934982493745, 1.0978160911555268, 2.170009735001205, 2.162599798853223, 2.8606548987950293, 4.436176123645229, 3.852355252309943], [4.55145026667325, 3.141533319893329, 2.558891578398741, 1.5306451874944762, 0.0, 1.5025041597280189, 2.511162447951148, 4.737950110543588, 5.135511789490898, 5.1972526165273125, 2.8526318672411977, 3.4587310765655084, 2.784358046300799, 3.481582103010067, 2.166624900623087, 2.157361963139241, 1.0955291141726906, 1.0967326292219084, 2.218411287385637, 3.4968244236735715, 2.7712666887183555], [5.991431897301345, 4.53030294240904, 3.87988896232869, 2.5019454310595988, 1.5025041597280189, 0.0, 1.3389215772404297, 6.23113117339059, 6.507158987607419, 6.6087319290466, 4.259805115260556, 4.639963125931067, 4.152644600733368, 4.637572391887807, 2.7623447666792065, 2.7030837556391036, 2.114169763760706, 2.149871254284777, 1.0882748687716721, 2.1113371829246037, 2.121564755080551], [7.037724917187372, 5.647505144751973, 4.856125405094065, 3.554430802533649, 2.511162447951148, 1.3389215772404297, 0.0, 7.127194461357147, 7.574789698730916, 7.701756246467425, 5.315137880619844, 5.886446420379617, 4.893429677639192, 5.598972093161387, 3.9795408101940604, 3.458596588213202, 3.194202573413277, 2.6419917827275694, 2.095200849560729, 1.0856622909542364, 1.0855609517664129], [1.0947032565951378, 2.1691420815612794, 2.7788474121477056, 4.232506562310329, 4.737950110543588, 6.23113117339059, 7.127194461357147, 0.0, 1.7749280351608625, 1.772246893071053, 2.4970522221211153, 3.065392315838219, 2.586019864579543, 3.054594148164368, 4.741267494035746, 4.87289212788463, 4.571010462687654, 4.569744663545218, 6.735669965935089, 8.176785094399879, 6.983302441538673], [1.0947257693139412, 2.169606208508816, 2.782850353504479, 4.187642870398572, 5.135511789490898, 6.507158987607419, 7.574789698730916, 1.7749280351608625, 0.0, 1.7717828140040188, 3.0600217793342583, 2.501530263658627, 3.1531404868797077, 2.5198560395387672, 4.34197704507981, 4.791709479924675, 5.009900024950597, 5.298005715361206, 6.775723582024284, 8.542124111133017, 7.6405117407147545], [1.0945779140837806, 2.1598035003212672, 3.4705434084592572, 4.708502693001248, 5.1972526165273125, 6.6087319290466, 7.701756246467425, 1.772246893071053, 1.7717828140040188, 0.0, 2.4625252831189366, 2.475036714879195, 3.7725502899232506, 3.72320802803174, 4.849938426413267, 5.569107601761704, 4.723700261447587, 5.340797987192551, 6.87062573278446, 8.681925084334694, 7.769459900147499], [2.139256034232462, 1.0951872396992215, 2.16875949335098, 2.847213248072578, 2.8526318672411977, 4.259805115260556, 5.315137880619844, 2.4970522221211153, 3.0600217793342583, 2.4625252831189366, 0.0, 1.7656172660007605, 2.496652546911564, 3.065650105605661, 3.1831200621402895, 3.850672675001084, 2.294899328946697, 3.043542023695418, 4.6284894134047665, 6.295336874226827, 5.412341115450873], [2.1465947195500132, 1.0960141878643725, 2.163429566683418, 2.7663300399626944, 3.4587310765655084, 4.639963125931067, 5.886446420379617, 3.065392315838219, 2.501530263658627, 2.475036714879195, 1.7656172660007605, 0.0, 3.0692137804330284, 2.5265925591594702, 2.5400358265189884, 3.7333802779786582, 3.065877939514227, 4.04091094927864, 4.6742298552809745, 6.7480771253743095, 6.221304501469125], [2.7763958255263246, 2.162368759023308, 1.096898472968214, 2.162429018488237, 2.784358046300799, 4.152644600733368, 4.893429677639192, 2.586019864579543, 3.1531404868797077, 3.7725502899232506, 2.496652546911564, 3.0692137804330284, 0.0, 1.7600176902520042, 3.067151386873494, 2.495437711104006, 3.1902405567605716, 2.528236905434299, 4.811255733174033, 5.929091544241833, 4.723087914701567], [2.711049695228769, 2.1532793362682883, 1.0972367155723508, 2.143740481028429, 3.481582103010067, 4.637572391887807, 5.598972093161387, 3.054594148164368, 2.5198560395387672, 3.72320802803174, 3.065650105605661, 2.5265925591594702, 1.7600176902520042, 0.0, 2.492522007926911, 2.394638373533674, 3.853829692656384, 3.725376504462334, 4.960041203457891, 6.50443966610499, 5.708177633886318], [4.1675055236916005, 2.7834471972717574, 2.161033245926587, 1.0973934982493745, 2.166624900623087, 2.7623447666792065, 3.9795408101940604, 4.741267494035746, 4.34197704507981, 4.849938426413267, 3.1831200621402895, 2.5400358265189884, 3.067151386873494, 2.492522007926911, 0.0, 1.759416579437627, 2.4966684080990813, 3.070847032986176, 2.683517009448608, 4.6949528101994815, 4.517435323278021], [4.654208943526279, 3.480632241418217, 2.1433769313865443, 1.0978160911555268, 2.157361963139241, 2.7030837556391036, 3.458596588213202, 4.87289212788463, 4.791709479924675, 5.569107601761704, 3.850672675001084, 3.7333802779786582, 2.495437711104006, 2.394638373533674, 1.759416579437627, 0.0, 3.068681821238559, 2.5363675877127903, 3.1282981571455113, 4.262235363046016, 3.6824845064168295], [4.287053012268451, 2.8582108179768686, 2.8521607440675574, 2.170009735001205, 1.0955291141726906, 2.114169763760706, 3.194202573413277, 4.571010462687654, 5.009900024950597, 4.723700261447587, 2.294899328946697, 3.065877939514227, 3.1902405567605716, 3.853829692656384, 2.4966684080990813, 3.068681821238559, 0.0, 1.7625366776325537, 2.532638189714433, 4.096130619255202, 3.513054673642299], [4.642035410248397, 3.4405585912755505, 2.7545909478541457, 2.162599798853223, 1.0967326292219084, 2.149871254284777, 2.6419917827275694, 4.569744663545218, 5.298005715361206, 5.340797987192551, 3.043542023695418, 4.04091094927864, 2.528236905434299, 3.725376504462334, 3.070847032986176, 2.5363675877127903, 1.7625366776325537, 0.0, 3.106839187985114, 3.724128489996016, 2.4460078699791623], [6.329995741704729, 4.81739427491668, 4.31324074333905, 2.8606548987950293, 2.218411287385637, 1.0882748687716721, 2.095200849560729, 6.735669965935089, 6.775723582024284, 6.87062573278446, 4.6284894134047665, 4.6742298552809745, 4.811255733174033, 4.960041203457891, 2.683517009448608, 3.1282981571455113, 2.532638189714433, 3.106839187985114, 0.0, 2.4216568233339757, 3.075421587360016], [8.03739087639764, 6.610350723675712, 5.826367817088106, 4.436176123645229, 3.4968244236735715, 2.1113371829246037, 1.0856622909542364, 8.176785094399879, 8.542124111133017, 8.681925084334694, 6.295336874226827, 6.7480771253743095, 5.929091544241833, 6.50443966610499, 4.6949528101994815, 4.262235363046016, 4.096130619255202, 3.724128489996016, 2.4216568233339757, 0.0, 1.856176314362405], [7.062046831478816, 5.794622974793097, 4.930284361981569, 3.852355252309943, 2.7712666887183555, 2.121564755080551, 1.0855609517664129, 6.983302441538673, 7.6405117407147545, 7.769459900147499, 5.412341115450873, 6.221304501469125, 4.723087914701567, 5.708177633886318, 4.517435323278021, 3.6824845064168295, 3.513054673642299, 2.4460078699791623, 3.075421587360016, 1.856176314362405, 0.0]]}