{"total energy": -45.30549499, "HOMO-LUMO gap/eV": 12.20657252, "electronic energy": -45.96340124, "dipole": [0.00575678, 0.01699676, -0.00388497], "partial charges": [-0.099064, -0.05111564, -0.05711007, -0.05804595, -0.05725887, -0.05704608, -0.05764432, -0.05776534, -0.05723983, -0.05770061, -0.05765366, -0.05702467, -0.05129648, -0.09933939, 0.03272914, 0.02929879, 0.033056, 0.02658589, 0.02846318, 0.02553076, 0.0289776, 0.02930511, 0.03465875, 0.02648236, 0.02817959, 0.02855868, 0.0272488, 0.03066452, 0.02932202, 0.02817483, 0.02786715, 0.0284777, 0.02832328, 0.02816323, 0.02766971, 0.03220506, 0.02867767, 0.02637706, 0.02943621, 0.02682419, 0.02848954, 0.0332978, 0.03279382, 0.02946646], "atomic dipole moments": [[-0.03755339, -0.08143725, 0.04676803], [0.09476294, 0.04929233, 0.02913368], [0.03272423, -0.00220677, -0.10308623], [-0.03922316, -0.00471912, 0.10721992], [0.03736095, -0.00424361, -0.10174182], [-0.02014646, 0.10642836, -0.01175771], [0.02328193, -0.10711024, 0.01858081], [-0.02044346, 0.10396719, -0.01899265], [0.02161366, -0.1049103, 0.01848128], [-0.02317895, 0.10346907, -0.01755244], [0.02076434, -0.10819771, 0.01839548], [-0.02330771, 0.10331863, -0.02530736], [-0.04122104, 0.01638986, 0.10180829], [-0.02690639, -0.07745819, -0.05945333], [0.01922764, 0.09609209, 0.07963575], [-0.08133021, 0.03898482, -0.0856859], [0.10718532, -0.02405272, -0.06154443], [-0.11041337, 0.02626635, 0.04152322], [-0.01823828, -0.0902804, -0.08282099], [-0.06225607, -0.08701766, 0.05763908], [0.01162053, 0.09014982, 0.08486253], [-0.01292989, -0.08781627, -0.08733231], [0.06420052, 0.09289513, -0.05248545], [-0.06412898, -0.08557385, 0.05742491], [0.01710262, 0.08787343, 0.0861711], [-0.01790629, -0.09286738, -0.08051787], [0.04399975, -0.05510989, 0.09905503], [-0.04079062, 0.04995025, -0.10589113], [0.0141841, 0.0946313, 0.07917048], [-0.01360144, -0.0946396, -0.07905959], [0.04367444, -0.05026696, 0.10449307], [0.01346767, 0.09446215, 0.07891775], [-0.04352965, 0.05033191, -0.10441626], [0.04371042, -0.05039194, 0.10459533], [-0.01359906, -0.09449362, -0.0789981], [0.01133091, 0.0939904, 0.08061798], [-0.04422954, 0.05010332, -0.10473697], [-0.01236176, -0.09648994, -0.07305425], [0.04647248, -0.04752512, 0.10503339], [0.09876859, -0.06337173, -0.02836981], [-0.04153925, 0.04359537, -0.10823321], [-0.09436282, 0.08120091, 0.01997566], [0.0448939, -0.03871161, 0.11146063], [0.0905306, 0.06468271, -0.05555468]], "atomic quadrupole moments": [[-0.05922197, 0.10145655, 0.10346659, -0.04646123, -0.13393549, -0.04424463], [-0.05454742, 0.04493863, 0.01866588, 0.07988608, -0.19317614, 0.03588154], [0.13889552, -0.14708254, -0.15454337, 0.05347578, -0.05677444, 0.01564785], [0.12376723, -0.16248486, -0.15952737, 0.0301626, -0.06526487, 0.03576014], [0.11683752, -0.1735682, -0.1236815, 0.03714038, -0.05907214, 0.00684398], [0.16738584, 0.00988301, -0.01124481, -0.14658128, -0.04818751, -0.15614103], [0.1817422, 0.00600763, 0.00600823, -0.12902166, -0.06184153, -0.18775043], [0.18481977, 0.01278924, -0.00106245, -0.13597591, -0.06383295, -0.18375732], [0.18616873, 0.01336798, -0.00152094, -0.13636224, -0.06212944, -0.18464779], [0.1849295, 0.01223622, -0.00017725, -0.13656888, -0.06040051, -0.18475226], [0.17858338, 0.01518466, 0.00845727, -0.13089186, -0.06508358, -0.18704065], [0.1675728, 0.0127688, -0.01503086, -0.14251038, -0.06200646, -0.15254194], [-0.0510369, 0.18736062, 0.09143239, -0.04900468, 0.0648961, -0.04039549], [-0.08599075, 0.07909392, 0.08056547, 0.04235829, 0.15351423, 0.00542529], [-0.04592031, 0.01884031, 0.0182721, 0.00563657, 0.0562614, 0.02764821], [0.02174326, -0.01321574, -0.03205315, 0.0573509, -0.03260525, 0.01030989], [0.04810933, -0.03098342, -0.01696376, -0.04719219, 0.00993384, -0.03114557], [0.03181914, -0.03002361, -0.02151941, -0.03410149, -0.00926178, -0.01029972], [-0.04514063, -0.00145142, 0.02697953, -0.00197943, 0.03563867, 0.01816111], [0.00143015, 0.02570435, 0.02614065, -0.01035847, -0.03735398, -0.0275708], [-0.01586795, 0.00753668, 0.02670314, 0.01506268, 0.04449496, -0.01083519], [-0.02265417, 0.00644292, 0.02316335, 0.01439169, 0.04368351, -0.00050918], [0.00089653, 0.03056648, 0.02453136, -0.01043251, -0.02689553, -0.02542789], [0.01282546, 0.03108548, 0.01736764, -0.01192736, -0.03293039, -0.0301931], [-0.02292, 0.00755831, 0.02911538, 0.02093019, 0.0398599, -0.00619538], [-0.01905512, 0.01811297, -0.00253922, 0.00476762, 0.04504115, 0.02159434], [0.00229097, -0.00995936, -0.03451253, 0.02545935, -0.03194197, 0.03222157], [-0.00734559, -0.00798612, -0.02960918, 0.02657393, -0.02423154, 0.03695476], [-0.02039947, 0.01132289, 0.00515587, 0.00501105, 0.04615484, 0.0152436], [-0.01997293, 0.01199286, 0.00528051, 0.00542591, 0.04520529, 0.01469242], [-0.01018451, -0.0071807, -0.02980998, 0.02440647, -0.02429108, 0.03999449], [-0.0199413, 0.01208976, 0.00528684, 0.00536781, 0.04549255, 0.01465446], [-0.01048281, -0.00703442, -0.02989557, 0.0244933, -0.02444243, 0.04037838], [-0.01059914, -0.00701304, -0.02966984, 0.02445659, -0.02420918, 0.04026898], [-0.01972118, 0.01228317, 0.00530798, 0.00529201, 0.04515252, 0.0144132], [-0.01809389, 0.01461294, 0.00645135, 0.00681019, 0.04439405, 0.01164254], [-0.01136326, -0.00680964, -0.0298358, 0.02418854, -0.02494105, 0.04119907], [-0.012148, 0.01894242, 0.0093493, 0.00260314, 0.04910237, 0.00279871], [-0.00647134, -0.00871351, -0.03868004, 0.02378147, -0.01955631, 0.04515137], [0.03706126, -0.02863808, 0.01079383, -0.00978722, 0.0122116, -0.04785509], [-0.01498328, -0.00674656, -0.00479725, 0.04129195, -0.02743031, 0.01978053], [0.04717989, -0.05226713, -0.00757998, -0.00533455, 0.01882798, -0.03959992], [-0.03980527, -0.01574096, -0.00921343, 0.03693196, -0.03892183, 0.0490187], [0.01723984, 0.04819863, -0.00871736, -0.04970931, -0.01800313, -0.00852248]], "number of molecular orbitals": 86, "number of electrons": 86, "number of unpaired electrons": 0, "orbital energies/eV": [-16.92902922, -16.8882691, -16.81661307, -16.70813579, -16.508688, -16.26096707, -16.01383995, -15.72989833, -15.52210183, -15.19736141, -15.07878887, -14.9065689, -14.86440148, -14.83129904, -14.16933913, -13.9559318, -13.88057529, -13.70744118, -13.64658792, -13.53875019, -13.35641509, -13.29630273, -13.15825882, -12.99992952, -12.81752302, -12.72074733, -12.59571799, -12.38115124, -12.37387349, -12.21885291, -12.04214465, -11.96350019, -11.80491693, -11.7699362, -11.69542372, -11.57420095, -11.50382292, -11.46181275, -11.38633661, -11.33350079, -11.30728322, -11.20228144, -11.0599199, 1.14665263, 1.80086923, 2.5902802, 2.62772566, 2.76613218, 2.86719746, 2.92812832, 3.06115842, 3.26343752, 3.41906417, 3.45898786, 3.58660573, 3.83447475, 3.89148563, 3.9681083, 4.11851546, 4.15045071, 4.37876908, 4.50809885, 4.71737893, 4.91499251, 4.97284575, 5.03706917, 5.18763516, 5.37664276, 5.54126037, 5.75942165, 5.93384624, 6.19072178, 6.28998071, 6.59431713, 6.80652066, 6.98971046, 7.07915227, 7.31677729, 7.38306336, 7.53238427, 7.61359428, 7.97203928, 7.98371017, 8.24732515, 8.50569307, 8.6783164], "fractional occupation": [2.0, 2.0, 2.0, 2.0, 2.0, 2.0, 2.0, 2.0, 2.0, 2.0, 2.0, 2.0, 2.0, 2.0, 2.0, 2.0, 2.0, 2.0, 2.0, 2.0, 2.0, 2.0, 2.0, 2.0, 2.0, 2.0, 2.0, 2.0, 2.0, 2.0, 2.0, 2.0, 2.0, 2.0, 2.0, 2.0, 2.0, 2.0, 2.0, 2.0, 2.0, 2.0, 2.0, 0.0, 0.0, 0.0, 0.0, 0.0, 0.0, 0.0, 0.0, 0.0, 0.0, 0.0, 0.0, 0.0, 0.0, 0.0, 0.0, 0.0, 0.0, 0.0, 0.0, 0.0, 0.0, 0.0, 0.0, 0.0, 0.0, 0.0, 0.0, 0.0, 0.0, 0.0, 0.0, 0.0, 0.0, 0.0, 0.0, 0.0, 0.0, 0.0, 0.0, 0.0, 0.0, 0.0], "program call": "xtb /home/svss/Project-DBcg-Debug/aqme2_20220329/End-to-End-workflows-final/example-3/QDESCP/mol_15_rdkit_conf_21/mol_15_rdkit_conf_21.xyz --pop --wbo --acc 0.2 --gfn 2 --chrg 0 --uhf 0 --etemp 300 --input /home/svss/Project-DBcg-Debug/aqme2_20220329/End-to-End-workflows-final/example-3/QDESCP/mol_15_rdkit_conf_21/mol_15_rdkit_conf_21_xtb.inp", "method": "GFN2-xTB", "xtb version": "6.3.3 (7355c4f)", "Dipole module/D": 0.047, "Total charge": 0, "Transition dipole module/D": NaN, "HOMO": -11.0599, "LUMO": 1.1467, "HOMO occupancy": 2.0, "LUMO occupancy": 0, "mulliken charges": [-0.08485, -0.03869, -0.04673, -0.04801, -0.04555, -0.04557, -0.04673, -0.04521, -0.04529, -0.04526, -0.0465, -0.04684, -0.03875, -0.08488, 0.02679, 0.02767, 0.02669, 0.02291, 0.02222, 0.02284, 0.02269, 0.02275, 0.02357, 0.02343, 0.02272, 0.02277, 0.02365, 0.02299, 0.02278, 0.02247, 0.02229, 0.02253, 0.0225, 0.02244, 0.02223, 0.02313, 0.02254, 0.02311, 0.02276, 0.02296, 0.02223, 0.02671, 0.02681, 0.02769], "cm5 charges": [-0.23531, -0.15109, -0.15734, -0.159, -0.1562, -0.15615, -0.15764, -0.15601, -0.15604, -0.15604, -0.15732, -0.15736, -0.15115, -0.23533, 0.0782, 0.07844, 0.07843, 0.07712, 0.07681, 0.07775, 0.07789, 0.07832, 0.08018, 0.07836, 0.07792, 0.07797, 0.07857, 0.07897, 0.07825, 0.07782, 0.07763, 0.07789, 0.07785, 0.07779, 0.07758, 0.07909, 0.07801, 0.07803, 0.07796, 0.07718, 0.07683, 0.07845, 0.07822, 0.07846], "FUKUI+": [0.01, -0.005, -0.013, -0.003, -0.014, -0.015, -0.007, -0.014, -0.013, -0.015, -0.014, -0.014, -0.006, 0.013, -0.015, -0.027, -0.005, -0.035, -0.023, -0.028, -0.027, -0.029, -0.019, -0.042, -0.035, -0.037, -0.038, -0.03, -0.034, -0.036, -0.036, -0.036, -0.035, -0.036, -0.036, -0.034, -0.034, -0.031, -0.032, -0.041, -0.026, -0.009, -0.018, -0.028], "FUKUI-": [0.011, 0.004, 0.003, -0.001, 0.003, -0.0, -0.003, -0.002, -0.005, -0.002, -0.006, -0.001, 0.002, 0.013, -0.027, -0.037, -0.038, -0.066, -0.035, -0.035, -0.028, -0.029, -0.038, -0.055, -0.032, -0.027, -0.033, -0.021, -0.023, -0.025, -0.027, -0.024, -0.023, -0.027, -0.03, -0.03, -0.026, -0.03, -0.029, -0.073, -0.036, -0.043, -0.028, -0.041], "FUKUIrad": [0.011, -0.0, -0.005, -0.002, -0.005, -0.008, -0.005, -0.008, -0.009, -0.008, -0.01, -0.008, -0.002, 0.013, -0.021, -0.032, -0.021, -0.051, -0.029, -0.031, -0.028, -0.029, -0.029, -0.048, -0.033, -0.032, -0.036, -0.026, -0.029, -0.03, -0.032, -0.03, -0.029, -0.032, -0.033, -0.032, -0.03, -0.03, -0.03, -0.057, -0.031, -0.026, -0.023, -0.035], "s proportion": [1.007, 1.027, 1.032, 1.031, 1.032, 1.032, 1.032, 1.033, 1.032, 1.033, 1.032, 1.032, 1.027, 1.007, 0.973, 0.972, 0.973, 0.977, 0.978, 0.977, 0.977, 0.977, 0.976, 0.977, 0.977, 0.977, 0.976, 0.977, 0.977, 0.978, 0.978, 0.977, 0.978, 0.978, 0.978, 0.977, 0.977, 0.977, 0.977, 0.977, 0.978, 0.973, 0.973, 0.972], "p proportion": [3.078, 3.012, 3.015, 3.017, 3.013, 3.013, 3.015, 3.013, 3.013, 3.013, 3.015, 3.015, 3.012, 3.078, 0.0, 0.0, 0.0, 0.0, 0.0, 0.0, 0.0, 0.0, 0.0, 0.0, 0.0, 0.0, 0.0, 0.0, 0.0, 0.0, 0.0, 0.0, 0.0, 0.0, 0.0, 0.0, 0.0, 0.0, 0.0, 0.0, 0.0, 0.0, 0.0, 0.0], "d proportion": [0.0, 0.0, 0.0, 0.0, 0.0, 0.0, 0.0, 0.0, 0.0, 0.0, 0.0, 0.0, 0.0, 0.0, 0.0, 0.0, 0.0, 0.0, 0.0, 0.0, 0.0, 0.0, 0.0, 0.0, 0.0, 0.0, 0.0, 0.0, 0.0, 0.0, 0.0, 0.0, 0.0, 0.0, 0.0, 0.0, 0.0, 0.0, 0.0, 0.0, 0.0, 0.0, 0.0, 0.0], "Fermi-level/eV": -4.9566, "Coordination numbers": [3.749, 3.799, 3.801, 3.8, 3.8, 3.8, 3.801, 3.802, 3.802, 3.802, 3.801, 3.801, 3.799, 3.749, 0.924, 0.924, 0.924, 0.924, 0.924, 0.924, 0.924, 0.924, 0.924, 0.924, 0.924, 0.924, 0.924, 0.924, 0.924, 0.924, 0.924, 0.924, 0.924, 0.924, 0.924, 0.924, 0.924, 0.924, 0.924, 0.924, 0.924, 0.924, 0.924, 0.924], "Dispersion coefficient C6": [22.457, 21.493, 21.601, 21.62, 21.604, 21.6, 21.611, 21.612, 21.603, 21.611, 21.611, 21.6, 21.496, 22.462, 2.548, 2.597, 2.544, 2.636, 2.609, 2.651, 2.601, 2.596, 2.521, 2.637, 2.613, 2.607, 2.626, 2.577, 2.596, 2.613, 2.617, 2.608, 2.611, 2.613, 2.62, 2.555, 2.605, 2.639, 2.595, 2.632, 2.608, 2.54, 2.547, 2.594], "Total dispersion C6": 12863.469399, "Total dispersion C8": 268571.54924, "Polarizability alpha": [6.759, 6.601, 6.617, 6.62, 6.618, 6.617, 6.619, 6.619, 6.617, 6.619, 6.619, 6.617, 6.601, 6.76, 2.496, 2.52, 2.494, 2.539, 2.526, 2.546, 2.522, 2.52, 2.483, 2.54, 2.528, 2.525, 2.534, 2.511, 2.52, 2.528, 2.53, 2.526, 2.527, 2.528, 2.531, 2.5, 2.524, 2.54, 2.519, 2.537, 2.526, 2.492, 2.496, 2.519], "Total polarizability alpha": 168.528333, "Wiberg matrix": [[0.0, 1.0209781521126557, 0.0, 0.0, 0.0, 0.0, 0.0, 0.0, 0.0, 0.0, 0.0, 0.0, 0.0, 0.0, 0.9874249709470633, 0.9873851057728564, 0.9860770161782301, 0.0, 0.0, 0.0, 0.0, 0.0, 0.0, 0.0, 0.0, 0.0, 0.0, 0.0, 0.0, 0.0, 0.0, 0.0, 0.0, 0.0, 0.0, 0.0, 0.0, 0.0, 0.0, 0.0, 0.0, 0.0, 0.0, 0.0], [1.0209781521126557, 0.0, 1.0069340510955458, 0.0, 0.0, 0.0, 0.0, 0.0, 0.0, 0.0, 0.0, 0.0, 0.0, 0.0, 0.0, 0.0, 0.0, 0.9781706192169796, 0.9778832434486844, 0.0, 0.0, 0.0, 0.0, 0.0, 0.0, 0.0, 0.0, 0.0, 0.0, 0.0, 0.0, 0.0, 0.0, 0.0, 0.0, 0.0, 0.0, 0.0, 0.0, 0.0, 0.0, 0.0, 0.0, 0.0], [0.0, 1.0069340510955458, 0.0, 1.0075959500850469, 0.0, 0.0, 0.0, 0.0, 0.0, 0.0, 0.0, 0.0, 0.0, 0.0, 0.0, 0.0, 0.0, 0.0, 0.0, 0.9771377091459824, 0.9773437111632768, 0.0, 0.0, 0.0, 0.0, 0.0, 0.0, 0.0, 0.0, 0.0, 0.0, 0.0, 0.0, 0.0, 0.0, 0.0, 0.0, 0.0, 0.0, 0.0, 0.0, 0.0, 0.0, 0.0], [0.0, 0.0, 1.0075959500850469, 0.0, 1.007740114261413, 0.0, 0.0, 0.0, 0.0, 0.0, 0.0, 0.0, 0.0, 0.0, 0.0, 0.0, 0.0, 0.0, 0.0, 0.0, 0.0, 0.9771658664205821, 0.9736464244150355, 0.0, 0.0, 0.0, 0.0, 0.0, 0.0, 0.0, 0.0, 0.0, 0.0, 0.0, 0.0, 0.0, 0.0, 0.0, 0.0, 0.0, 0.0, 0.0, 0.0, 0.0], [0.0, 0.0, 0.0, 1.007740114261413, 0.0, 1.0060806140475582, 0.0, 0.0, 0.0, 0.0, 0.0, 0.0, 0.0, 0.0, 0.0, 0.0, 0.0, 0.0, 0.0, 0.0, 0.0, 0.0, 0.0, 0.9768689596240956, 0.9774289176390647, 0.0, 0.0, 0.0, 0.0, 0.0, 0.0, 0.0, 0.0, 0.0, 0.0, 0.0, 0.0, 0.0, 0.0, 0.0, 0.0, 0.0, 0.0, 0.0], [0.0, 0.0, 0.0, 0.0, 1.0060806140475582, 0.0, 1.0079226498987268, 0.0, 0.0, 0.0, 0.0, 0.0, 0.0, 0.0, 0.0, 0.0, 0.0, 0.0, 0.0, 0.0, 0.0, 0.0, 0.0, 0.0, 0.0, 0.977320027418676, 0.976948426591013, 0.0, 0.0, 0.0, 0.0, 0.0, 0.0, 0.0, 0.0, 0.0, 0.0, 0.0, 0.0, 0.0, 0.0, 0.0, 0.0, 0.0], [0.0, 0.0, 0.0, 0.0, 0.0, 1.0079226498987268, 0.0, 1.0065355034880583, 0.0, 0.0, 0.0, 0.0, 0.0, 0.0, 0.0, 0.0, 0.0, 0.0, 0.0, 0.0, 0.0, 0.0, 0.0, 0.0, 0.0, 0.0, 0.0, 0.9754193690894365, 0.9772127714082015, 0.0, 0.0, 0.0, 0.0, 0.0, 0.0, 0.0, 0.0, 0.0, 0.0, 0.0, 0.0, 0.0, 0.0, 0.0], [0.0, 0.0, 0.0, 0.0, 0.0, 0.0, 1.0065355034880583, 0.0, 1.006881732297237, 0.0, 0.0, 0.0, 0.0, 0.0, 0.0, 0.0, 0.0, 0.0, 0.0, 0.0, 0.0, 0.0, 0.0, 0.0, 0.0, 0.0, 0.0, 0.0, 0.0, 0.9774636164808739, 0.9772629485354263, 0.0, 0.0, 0.0, 0.0, 0.0, 0.0, 0.0, 0.0, 0.0, 0.0, 0.0, 0.0, 0.0], [0.0, 0.0, 0.0, 0.0, 0.0, 0.0, 0.0, 1.006881732297237, 0.0, 1.0069070380725573, 0.0, 0.0, 0.0, 0.0, 0.0, 0.0, 0.0, 0.0, 0.0, 0.0, 0.0, 0.0, 0.0, 0.0, 0.0, 0.0, 0.0, 0.0, 0.0, 0.0, 0.0, 0.9773470427531894, 0.9773453468350282, 0.0, 0.0, 0.0, 0.0, 0.0, 0.0, 0.0, 0.0, 0.0, 0.0, 0.0], [0.0, 0.0, 0.0, 0.0, 0.0, 0.0, 0.0, 0.0, 1.0069070380725573, 0.0, 1.0066106214474824, 0.0, 0.0, 0.0, 0.0, 0.0, 0.0, 0.0, 0.0, 0.0, 0.0, 0.0, 0.0, 0.0, 0.0, 0.0, 0.0, 0.0, 0.0, 0.0, 0.0, 0.0, 0.0, 0.9774619631613749, 0.9772862618177095, 0.0, 0.0, 0.0, 0.0, 0.0, 0.0, 0.0, 0.0, 0.0], [0.0, 0.0, 0.0, 0.0, 0.0, 0.0, 0.0, 0.0, 0.0, 1.0066106214474824, 0.0, 1.0078793017520504, 0.0, 0.0, 0.0, 0.0, 0.0, 0.0, 0.0, 0.0, 0.0, 0.0, 0.0, 0.0, 0.0, 0.0, 0.0, 0.0, 0.0, 0.0, 0.0, 0.0, 0.0, 0.0, 0.0, 0.9756689193502228, 0.9772929749486653, 0.0, 0.0, 0.0, 0.0, 0.0, 0.0, 0.0], [0.0, 0.0, 0.0, 0.0, 0.0, 0.0, 0.0, 0.0, 0.0, 0.0, 1.0078793017520504, 0.0, 1.0068543978705182, 0.0, 0.0, 0.0, 0.0, 0.0, 0.0, 0.0, 0.0, 0.0, 0.0, 0.0, 0.0, 0.0, 0.0, 0.0, 0.0, 0.0, 0.0, 0.0, 0.0, 0.0, 0.0, 0.0, 0.0, 0.9772500190296185, 0.977224122594041, 0.0, 0.0, 0.0, 0.0, 0.0], [0.0, 0.0, 0.0, 0.0, 0.0, 0.0, 0.0, 0.0, 0.0, 0.0, 0.0, 1.0068543978705182, 0.0, 1.0209875391861312, 0.0, 0.0, 0.0, 0.0, 0.0, 0.0, 0.0, 0.0, 0.0, 0.0, 0.0, 0.0, 0.0, 0.0, 0.0, 0.0, 0.0, 0.0, 0.0, 0.0, 0.0, 0.0, 0.0, 0.0, 0.0, 0.9781813215571498, 0.9778863182986527, 0.0, 0.0, 0.0], [0.0, 0.0, 0.0, 0.0, 0.0, 0.0, 0.0, 0.0, 0.0, 0.0, 0.0, 0.0, 1.0209875391861312, 0.0, 0.0, 0.0, 0.0, 0.0, 0.0, 0.0, 0.0, 0.0, 0.0, 0.0, 0.0, 0.0, 0.0, 0.0, 0.0, 0.0, 0.0, 0.0, 0.0, 0.0, 0.0, 0.0, 0.0, 0.0, 0.0, 0.0, 0.0, 0.9861307090028412, 0.9874263935562274, 0.9873860771631884], [0.9874249709470633, 0.0, 0.0, 0.0, 0.0, 0.0, 0.0, 0.0, 0.0, 0.0, 0.0, 0.0, 0.0, 0.0, 0.0, 0.0, 0.0, 0.0, 0.0, 0.0, 0.0, 0.0, 0.0, 0.0, 0.0, 0.0, 0.0, 0.0, 0.0, 0.0, 0.0, 0.0, 0.0, 0.0, 0.0, 0.0, 0.0, 0.0, 0.0, 0.0, 0.0, 0.0, 0.0, 0.0], [0.9873851057728564, 0.0, 0.0, 0.0, 0.0, 0.0, 0.0, 0.0, 0.0, 0.0, 0.0, 0.0, 0.0, 0.0, 0.0, 0.0, 0.0, 0.0, 0.0, 0.0, 0.0, 0.0, 0.0, 0.0, 0.0, 0.0, 0.0, 0.0, 0.0, 0.0, 0.0, 0.0, 0.0, 0.0, 0.0, 0.0, 0.0, 0.0, 0.0, 0.0, 0.0, 0.0, 0.0, 0.0], [0.9860770161782301, 0.0, 0.0, 0.0, 0.0, 0.0, 0.0, 0.0, 0.0, 0.0, 0.0, 0.0, 0.0, 0.0, 0.0, 0.0, 0.0, 0.0, 0.0, 0.0, 0.0, 0.0, 0.0, 0.0, 0.0, 0.0, 0.0, 0.0, 0.0, 0.0, 0.0, 0.0, 0.0, 0.0, 0.0, 0.0, 0.0, 0.0, 0.0, 0.0, 0.0, 0.0, 0.0, 0.0], [0.0, 0.9781706192169796, 0.0, 0.0, 0.0, 0.0, 0.0, 0.0, 0.0, 0.0, 0.0, 0.0, 0.0, 0.0, 0.0, 0.0, 0.0, 0.0, 0.0, 0.0, 0.0, 0.0, 0.0, 0.0, 0.0, 0.0, 0.0, 0.0, 0.0, 0.0, 0.0, 0.0, 0.0, 0.0, 0.0, 0.0, 0.0, 0.0, 0.0, 0.0, 0.0, 0.0, 0.0, 0.0], [0.0, 0.9778832434486844, 0.0, 0.0, 0.0, 0.0, 0.0, 0.0, 0.0, 0.0, 0.0, 0.0, 0.0, 0.0, 0.0, 0.0, 0.0, 0.0, 0.0, 0.0, 0.0, 0.0, 0.0, 0.0, 0.0, 0.0, 0.0, 0.0, 0.0, 0.0, 0.0, 0.0, 0.0, 0.0, 0.0, 0.0, 0.0, 0.0, 0.0, 0.0, 0.0, 0.0, 0.0, 0.0], [0.0, 0.0, 0.9771377091459824, 0.0, 0.0, 0.0, 0.0, 0.0, 0.0, 0.0, 0.0, 0.0, 0.0, 0.0, 0.0, 0.0, 0.0, 0.0, 0.0, 0.0, 0.0, 0.0, 0.0, 0.0, 0.0, 0.0, 0.0, 0.0, 0.0, 0.0, 0.0, 0.0, 0.0, 0.0, 0.0, 0.0, 0.0, 0.0, 0.0, 0.0, 0.0, 0.0, 0.0, 0.0], [0.0, 0.0, 0.9773437111632768, 0.0, 0.0, 0.0, 0.0, 0.0, 0.0, 0.0, 0.0, 0.0, 0.0, 0.0, 0.0, 0.0, 0.0, 0.0, 0.0, 0.0, 0.0, 0.0, 0.0, 0.0, 0.0, 0.0, 0.0, 0.0, 0.0, 0.0, 0.0, 0.0, 0.0, 0.0, 0.0, 0.0, 0.0, 0.0, 0.0, 0.0, 0.0, 0.0, 0.0, 0.0], [0.0, 0.0, 0.0, 0.9771658664205821, 0.0, 0.0, 0.0, 0.0, 0.0, 0.0, 0.0, 0.0, 0.0, 0.0, 0.0, 0.0, 0.0, 0.0, 0.0, 0.0, 0.0, 0.0, 0.0, 0.0, 0.0, 0.0, 0.0, 0.0, 0.0, 0.0, 0.0, 0.0, 0.0, 0.0, 0.0, 0.0, 0.0, 0.0, 0.0, 0.0, 0.0, 0.0, 0.0, 0.0], [0.0, 0.0, 0.0, 0.9736464244150355, 0.0, 0.0, 0.0, 0.0, 0.0, 0.0, 0.0, 0.0, 0.0, 0.0, 0.0, 0.0, 0.0, 0.0, 0.0, 0.0, 0.0, 0.0, 0.0, 0.0, 0.0, 0.0, 0.0, 0.0, 0.0, 0.0, 0.0, 0.0, 0.0, 0.0, 0.0, 0.0, 0.0, 0.0, 0.0, 0.0, 0.0, 0.0, 0.0, 0.0], [0.0, 0.0, 0.0, 0.0, 0.9768689596240956, 0.0, 0.0, 0.0, 0.0, 0.0, 0.0, 0.0, 0.0, 0.0, 0.0, 0.0, 0.0, 0.0, 0.0, 0.0, 0.0, 0.0, 0.0, 0.0, 0.0, 0.0, 0.0, 0.0, 0.0, 0.0, 0.0, 0.0, 0.0, 0.0, 0.0, 0.0, 0.0, 0.0, 0.0, 0.0, 0.0, 0.0, 0.0, 0.0], [0.0, 0.0, 0.0, 0.0, 0.9774289176390647, 0.0, 0.0, 0.0, 0.0, 0.0, 0.0, 0.0, 0.0, 0.0, 0.0, 0.0, 0.0, 0.0, 0.0, 0.0, 0.0, 0.0, 0.0, 0.0, 0.0, 0.0, 0.0, 0.0, 0.0, 0.0, 0.0, 0.0, 0.0, 0.0, 0.0, 0.0, 0.0, 0.0, 0.0, 0.0, 0.0, 0.0, 0.0, 0.0], [0.0, 0.0, 0.0, 0.0, 0.0, 0.977320027418676, 0.0, 0.0, 0.0, 0.0, 0.0, 0.0, 0.0, 0.0, 0.0, 0.0, 0.0, 0.0, 0.0, 0.0, 0.0, 0.0, 0.0, 0.0, 0.0, 0.0, 0.0, 0.0, 0.0, 0.0, 0.0, 0.0, 0.0, 0.0, 0.0, 0.0, 0.0, 0.0, 0.0, 0.0, 0.0, 0.0, 0.0, 0.0], [0.0, 0.0, 0.0, 0.0, 0.0, 0.976948426591013, 0.0, 0.0, 0.0, 0.0, 0.0, 0.0, 0.0, 0.0, 0.0, 0.0, 0.0, 0.0, 0.0, 0.0, 0.0, 0.0, 0.0, 0.0, 0.0, 0.0, 0.0, 0.0, 0.0, 0.0, 0.0, 0.0, 0.0, 0.0, 0.0, 0.0, 0.0, 0.0, 0.0, 0.0, 0.0, 0.0, 0.0, 0.0], [0.0, 0.0, 0.0, 0.0, 0.0, 0.0, 0.9754193690894365, 0.0, 0.0, 0.0, 0.0, 0.0, 0.0, 0.0, 0.0, 0.0, 0.0, 0.0, 0.0, 0.0, 0.0, 0.0, 0.0, 0.0, 0.0, 0.0, 0.0, 0.0, 0.0, 0.0, 0.0, 0.0, 0.0, 0.0, 0.0, 0.0, 0.0, 0.0, 0.0, 0.0, 0.0, 0.0, 0.0, 0.0], [0.0, 0.0, 0.0, 0.0, 0.0, 0.0, 0.9772127714082015, 0.0, 0.0, 0.0, 0.0, 0.0, 0.0, 0.0, 0.0, 0.0, 0.0, 0.0, 0.0, 0.0, 0.0, 0.0, 0.0, 0.0, 0.0, 0.0, 0.0, 0.0, 0.0, 0.0, 0.0, 0.0, 0.0, 0.0, 0.0, 0.0, 0.0, 0.0, 0.0, 0.0, 0.0, 0.0, 0.0, 0.0], [0.0, 0.0, 0.0, 0.0, 0.0, 0.0, 0.0, 0.9774636164808739, 0.0, 0.0, 0.0, 0.0, 0.0, 0.0, 0.0, 0.0, 0.0, 0.0, 0.0, 0.0, 0.0, 0.0, 0.0, 0.0, 0.0, 0.0, 0.0, 0.0, 0.0, 0.0, 0.0, 0.0, 0.0, 0.0, 0.0, 0.0, 0.0, 0.0, 0.0, 0.0, 0.0, 0.0, 0.0, 0.0], [0.0, 0.0, 0.0, 0.0, 0.0, 0.0, 0.0, 0.9772629485354263, 0.0, 0.0, 0.0, 0.0, 0.0, 0.0, 0.0, 0.0, 0.0, 0.0, 0.0, 0.0, 0.0, 0.0, 0.0, 0.0, 0.0, 0.0, 0.0, 0.0, 0.0, 0.0, 0.0, 0.0, 0.0, 0.0, 0.0, 0.0, 0.0, 0.0, 0.0, 0.0, 0.0, 0.0, 0.0, 0.0], [0.0, 0.0, 0.0, 0.0, 0.0, 0.0, 0.0, 0.0, 0.9773470427531894, 0.0, 0.0, 0.0, 0.0, 0.0, 0.0, 0.0, 0.0, 0.0, 0.0, 0.0, 0.0, 0.0, 0.0, 0.0, 0.0, 0.0, 0.0, 0.0, 0.0, 0.0, 0.0, 0.0, 0.0, 0.0, 0.0, 0.0, 0.0, 0.0, 0.0, 0.0, 0.0, 0.0, 0.0, 0.0], [0.0, 0.0, 0.0, 0.0, 0.0, 0.0, 0.0, 0.0, 0.9773453468350282, 0.0, 0.0, 0.0, 0.0, 0.0, 0.0, 0.0, 0.0, 0.0, 0.0, 0.0, 0.0, 0.0, 0.0, 0.0, 0.0, 0.0, 0.0, 0.0, 0.0, 0.0, 0.0, 0.0, 0.0, 0.0, 0.0, 0.0, 0.0, 0.0, 0.0, 0.0, 0.0, 0.0, 0.0, 0.0], [0.0, 0.0, 0.0, 0.0, 0.0, 0.0, 0.0, 0.0, 0.0, 0.9774619631613749, 0.0, 0.0, 0.0, 0.0, 0.0, 0.0, 0.0, 0.0, 0.0, 0.0, 0.0, 0.0, 0.0, 0.0, 0.0, 0.0, 0.0, 0.0, 0.0, 0.0, 0.0, 0.0, 0.0, 0.0, 0.0, 0.0, 0.0, 0.0, 0.0, 0.0, 0.0, 0.0, 0.0, 0.0], [0.0, 0.0, 0.0, 0.0, 0.0, 0.0, 0.0, 0.0, 0.0, 0.9772862618177095, 0.0, 0.0, 0.0, 0.0, 0.0, 0.0, 0.0, 0.0, 0.0, 0.0, 0.0, 0.0, 0.0, 0.0, 0.0, 0.0, 0.0, 0.0, 0.0, 0.0, 0.0, 0.0, 0.0, 0.0, 0.0, 0.0, 0.0, 0.0, 0.0, 0.0, 0.0, 0.0, 0.0, 0.0], [0.0, 0.0, 0.0, 0.0, 0.0, 0.0, 0.0, 0.0, 0.0, 0.0, 0.9756689193502228, 0.0, 0.0, 0.0, 0.0, 0.0, 0.0, 0.0, 0.0, 0.0, 0.0, 0.0, 0.0, 0.0, 0.0, 0.0, 0.0, 0.0, 0.0, 0.0, 0.0, 0.0, 0.0, 0.0, 0.0, 0.0, 0.0, 0.0, 0.0, 0.0, 0.0, 0.0, 0.0, 0.0], [0.0, 0.0, 0.0, 0.0, 0.0, 0.0, 0.0, 0.0, 0.0, 0.0, 0.9772929749486653, 0.0, 0.0, 0.0, 0.0, 0.0, 0.0, 0.0, 0.0, 0.0, 0.0, 0.0, 0.0, 0.0, 0.0, 0.0, 0.0, 0.0, 0.0, 0.0, 0.0, 0.0, 0.0, 0.0, 0.0, 0.0, 0.0, 0.0, 0.0, 0.0, 0.0, 0.0, 0.0, 0.0], [0.0, 0.0, 0.0, 0.0, 0.0, 0.0, 0.0, 0.0, 0.0, 0.0, 0.0, 0.9772500190296185, 0.0, 0.0, 0.0, 0.0, 0.0, 0.0, 0.0, 0.0, 0.0, 0.0, 0.0, 0.0, 0.0, 0.0, 0.0, 0.0, 0.0, 0.0, 0.0, 0.0, 0.0, 0.0, 0.0, 0.0, 0.0, 0.0, 0.0, 0.0, 0.0, 0.0, 0.0, 0.0], [0.0, 0.0, 0.0, 0.0, 0.0, 0.0, 0.0, 0.0, 0.0, 0.0, 0.0, 0.977224122594041, 0.0, 0.0, 0.0, 0.0, 0.0, 0.0, 0.0, 0.0, 0.0, 0.0, 0.0, 0.0, 0.0, 0.0, 0.0, 0.0, 0.0, 0.0, 0.0, 0.0, 0.0, 0.0, 0.0, 0.0, 0.0, 0.0, 0.0, 0.0, 0.0, 0.0, 0.0, 0.0], [0.0, 0.0, 0.0, 0.0, 0.0, 0.0, 0.0, 0.0, 0.0, 0.0, 0.0, 0.0, 0.9781813215571498, 0.0, 0.0, 0.0, 0.0, 0.0, 0.0, 0.0, 0.0, 0.0, 0.0, 0.0, 0.0, 0.0, 0.0, 0.0, 0.0, 0.0, 0.0, 0.0, 0.0, 0.0, 0.0, 0.0, 0.0, 0.0, 0.0, 0.0, 0.0, 0.0, 0.0, 0.0], [0.0, 0.0, 0.0, 0.0, 0.0, 0.0, 0.0, 0.0, 0.0, 0.0, 0.0, 0.0, 0.9778863182986527, 0.0, 0.0, 0.0, 0.0, 0.0, 0.0, 0.0, 0.0, 0.0, 0.0, 0.0, 0.0, 0.0, 0.0, 0.0, 0.0, 0.0, 0.0, 0.0, 0.0, 0.0, 0.0, 0.0, 0.0, 0.0, 0.0, 0.0, 0.0, 0.0, 0.0, 0.0], [0.0, 0.0, 0.0, 0.0, 0.0, 0.0, 0.0, 0.0, 0.0, 0.0, 0.0, 0.0, 0.0, 0.9861307090028412, 0.0, 0.0, 0.0, 0.0, 0.0, 0.0, 0.0, 0.0, 0.0, 0.0, 0.0, 0.0, 0.0, 0.0, 0.0, 0.0, 0.0, 0.0, 0.0, 0.0, 0.0, 0.0, 0.0, 0.0, 0.0, 0.0, 0.0, 0.0, 0.0, 0.0], [0.0, 0.0, 0.0, 0.0, 0.0, 0.0, 0.0, 0.0, 0.0, 0.0, 0.0, 0.0, 0.0, 0.9874263935562274, 0.0, 0.0, 0.0, 0.0, 0.0, 0.0, 0.0, 0.0, 0.0, 0.0, 0.0, 0.0, 0.0, 0.0, 0.0, 0.0, 0.0, 0.0, 0.0, 0.0, 0.0, 0.0, 0.0, 0.0, 0.0, 0.0, 0.0, 0.0, 0.0, 0.0], [0.0, 0.0, 0.0, 0.0, 0.0, 0.0, 0.0, 0.0, 0.0, 0.0, 0.0, 0.0, 0.0, 0.9873860771631884, 0.0, 0.0, 0.0, 0.0, 0.0, 0.0, 0.0, 0.0, 0.0, 0.0, 0.0, 0.0, 0.0, 0.0, 0.0, 0.0, 0.0, 0.0, 0.0, 0.0, 0.0, 0.0, 0.0, 0.0, 0.0, 0.0, 0.0, 0.0, 0.0, 0.0]], "Born radii": [], "Atomic SASAs": [], "Solvent H bonds": [], "Total SASA": NaN, "Total FOD": 0.0, "FOD": [0.0, 0.0, 0.0, 0.0, 0.0, 0.0, 0.0, 0.0, 0.0, 0.0, 0.0, 0.0, 0.0, 0.0, 0.0, 0.0, 0.0, 0.0, 0.0, 0.0, 0.0, 0.0, 0.0, 0.0, 0.0, 0.0, 0.0, 0.0, 0.0, 0.0, 0.0, 0.0, 0.0, 0.0, 0.0, 0.0, 0.0, 0.0, 0.0, 0.0, 0.0, 0.0, 0.0, 0.0], "FOD s proportion": [0.0, 0.0, 0.0, 0.0, 0.0, 0.0, 0.0, 0.0, 0.0, 0.0, 0.0, 0.0, 0.0, 0.0, 0.0, 0.0, 0.0, 0.0, 0.0, 0.0, 0.0, 0.0, 0.0, 0.0, 0.0, 0.0, 0.0, 0.0, 0.0, 0.0, 0.0, 0.0, 0.0, 0.0, 0.0, 0.0, 0.0, 0.0, 0.0, 0.0, 0.0, 0.0, 0.0, 0.0], "FOD p proportion": [0.0, 0.0, 0.0, 0.0, 0.0, 0.0, 0.0, 0.0, 0.0, 0.0, 0.0, 0.0, 0.0, 0.0, 0.0, 0.0, 0.0, 0.0, 0.0, 0.0, 0.0, 0.0, 0.0, 0.0, 0.0, 0.0, 0.0, 0.0, 0.0, 0.0, 0.0, 0.0, 0.0, 0.0, 0.0, 0.0, 0.0, 0.0, 0.0, 0.0, 0.0, 0.0, 0.0, 0.0], "FOD d proportion": [0.0, 0.0, 0.0, 0.0, 0.0, 0.0, 0.0, 0.0, 0.0, 0.0, 0.0, 0.0, 0.0, 0.0, 0.0, 0.0, 0.0, 0.0, 0.0, 0.0, 0.0, 0.0, 0.0, 0.0, 0.0, 0.0, 0.0, 0.0, 0.0, 0.0, 0.0, 0.0, 0.0, 0.0, 0.0, 0.0, 0.0, 0.0, 0.0, 0.0, 0.0, 0.0, 0.0, 0.0], "coordinates": [["-5.67850", "1.90690", "-0.85270"], ["-6.23130", "0.67940", "-0.14520"], ["-5.36440", "0.20430", "1.02290"], ["-3.98890", "-0.30930", "0.58810"], ["-3.20560", "-0.86540", "1.78040"], ["-1.86560", "-1.49510", "1.38870"], ["-0.85660", "-0.48580", "0.83650"], ["0.49890", "-1.14570", "0.57300"], ["1.50850", "-0.14010", "0.01680"], ["2.86340", "-0.79950", "-0.24610"], ["3.87340", "0.20650", "-0.80320"], ["5.22880", "-0.45520", "-1.06200"], ["6.24530", "0.48150", "-1.71840"], ["6.65860", "1.64630", "-0.83220"], ["-5.50850", "2.72510", "-0.14580"], ["-6.38880", "2.25540", "-1.60950"], ["-4.73560", "1.68660", "-1.36160"], ["-7.22960", "0.92010", "0.23960"], ["-6.35890", "-0.13300", "-0.87010"], ["-5.90080", "-0.60050", "1.54080"], ["-5.24310", "1.01960", "1.74650"], ["-4.11200", "-1.09330", "-0.16850"], ["-3.42370", "0.50640", "0.12650"], ["-3.80970", "-1.63370", "2.27880"], ["-3.03720", "-0.06980", "2.51640"], ["-2.03440", "-2.29090", "0.65300"], ["-1.44100", "-1.97430", "2.27970"], ["-1.23070", "-0.05290", "-0.09780"], ["-0.73130", "0.33730", "1.55020"], ["0.37310", "-1.97160", "-0.13770"], ["0.88560", "-1.57650", "1.50460"], ["1.63350", "0.68590", "0.72740"], ["1.12270", "0.29060", "-0.91520"], ["3.24990", "-1.22970", "0.68590"], ["2.73760", "-1.62590", "-0.95620"], ["3.98800", "1.03090", "-0.09050"], ["3.48850", "0.63380", "-1.73690"], ["5.08530", "-1.32020", "-1.72140"], ["5.63860", "-0.84060", "-0.12040"], ["7.14080", "-0.09950", "-1.96910"], ["5.84300", "0.86630", "-2.66270"], ["5.82300", "2.32820", "-0.64960"], ["7.03480", "1.29220", "0.13280"], ["7.45500", "2.22140", "-1.31560"]], "bond_dist": [[0.0, 1.520822257859215, 2.5525244229977506, 3.137227317234121, 4.553470907999742, 5.57993587507957, 5.641731076540249, 7.036423666181563, 7.523244529456689, 8.980903079868973, 9.702195834964371, 11.162101781922614, 12.03985913912617, 12.339869084394696, 1.0945587467102895, 1.094862813324117, 1.0938792026544792, 2.1384117330392667, 2.1504508666788933, 3.4735161292269825, 2.780775987022327, 3.4530062163280273, 2.8291970468668315, 5.082770312536265, 4.715362487656702, 5.75917721033135, 6.544619885829886, 4.9187005285949255, 5.7194720394455985, 7.223285250493711, 7.796046925205107, 7.579769192396296, 6.990897895120483, 9.587589690845139, 9.12809549139359, 9.73599235260587, 9.297122256375895, 11.270678974223337, 11.668837643484462, 13.023303820843617, 11.709137910623479, 11.511005410041296, 12.76624702996147, 13.145417791382668], [1.520822257859215, 0.0, 1.5302592035338327, 2.558048932291953, 3.9050227771422796, 5.112791404898111, 5.586486017166784, 7.010163570844835, 7.784749725585274, 9.214710744781954, 10.137137687730203, 11.552563845744373, 12.576949956567372, 12.944357327422635, 2.169637916796257, 2.1570249743570424, 2.1751320166831256, 1.0966359560036316, 1.0962461083169235, 2.1424215878299955, 2.161204333236448, 2.7630491617052346, 2.826016215452417, 4.134048157677895, 4.224652649626949, 5.203246576897927, 5.989093236041663, 5.054157734974247, 5.765536711356541, 7.116597263439881, 7.645991790474275, 7.913062115894201, 7.404416347018852, 9.707138788541142, 9.295875230444953, 10.225489564319158, 9.849370552984592, 11.599493185480132, 11.966851760174855, 13.518371012440811, 12.335374268744342, 12.176990978480685, 13.283155387557581, 13.822532613454019], [2.5525244229977506, 1.5302592035338327, 0.0, 1.5312858159076637, 2.525565635654714, 3.9068365002902286, 4.564125744323879, 6.033506186290024, 6.9546820905056475, 8.385384205866776, 9.416559610069912, 10.816544480563097, 11.932170784061046, 12.25044035984013, 2.782275532724967, 3.4908360502893854, 2.877228350339959, 2.145902973109455, 2.164774939803212, 1.0971091149015217, 1.0968248447222555, 2.1614128434891837, 2.158961291917944, 2.715257059653837, 2.778764635588988, 4.1775290603417705, 4.66035532550899, 4.290640513955929, 4.6649062048448515, 6.245033180055971, 6.516577593338393, 7.020673986164006, 6.770978194470869, 8.739341479196245, 8.538669266929126, 9.454645042517459, 9.283038548880427, 10.91107294586559, 11.111478744973596, 12.861741152736668, 11.816416805444872, 11.509392956190174, 12.478620318769218, 13.186140110737487], [3.137227317234121, 2.558048932291953, 1.5312858159076637, 0.0, 1.5311385926819296, 2.5603681161114316, 3.147087240608369, 4.56510041620116, 5.529594839588159, 6.920274631111108, 8.001095338764562, 9.365367590756916, 10.520653807154764, 10.918373491505044, 3.4720853575337114, 4.143265844717184, 2.8883399713330147, 3.4835345699447275, 2.788248362323557, 2.1558748433060764, 2.163534933852467, 1.096473059404562, 1.0944825672435354, 2.155136768281772, 2.163662180193572, 2.7840655200623425, 3.4821731677215597, 2.853746136221651, 3.4576994852068914, 4.7240947206845885, 5.119230248777642, 5.71149799001978, 5.361739033186901, 7.297734336079931, 7.025959030623506, 8.117115719884742, 7.887114388038252, 9.417898635045931, 9.668143988894663, 11.421624664206051, 10.421899712144615, 10.235315781645431, 11.148724681774144, 11.873978414583714], [4.553470907999742, 3.9050227771422796, 2.525565635654714, 1.5311385926819296, 0.0, 1.5315191738923808, 2.559852411761272, 3.906366995047956, 5.085182775476217, 6.398734723365237, 7.611583249889605, 8.909916114083229, 10.167362089549089, 10.508889441325378, 4.680308227029497, 5.600319356072473, 4.3273280439550685, 4.664188127638077, 4.183881081006008, 2.718765015590719, 2.7759287562904063, 2.161414023272728, 2.1598120427481646, 1.097098108648447, 1.0968290295210097, 2.1621263723473705, 2.1430755609637284, 2.8439447076200337, 2.7607317544448247, 4.208310794131061, 4.161687913575452, 5.189627106064559, 5.228458305275084, 6.557753044298024, 6.587030138841024, 7.670990904700644, 7.709083910556429, 9.011574173805595, 9.046188662635775, 11.03147070974673, 10.228249335052407, 9.880263099735757, 10.594131190428028, 11.522236874843358], [5.57993587507957, 5.112791404898111, 3.9068365002902286, 2.5603681161114316, 1.5315191738923808, 0.0, 1.5302589094659766, 2.52553105306587, 3.886217366540374, 5.051719647803113, 6.374636395120901, 7.577455632334642, 8.907733537774916, 9.352153570702313, 5.7823437030325335, 6.596574241983486, 5.091587667908705, 5.993839992025146, 5.210301213941475, 4.135974203256109, 4.226019779887454, 2.7627211296111667, 2.8331654911070765, 2.1426648781365696, 2.162367669939597, 1.0968343402720395, 1.0971776519780194, 2.16626893528943, 2.161112792058758, 2.751131930678716, 2.754843046345835, 4.175856738443023, 4.17451992329657, 5.170367999475473, 5.167699187259259, 6.544718603576475, 6.55499636765727, 7.616975963596051, 7.682367519196149, 9.712762797474259, 9.022891215126114, 8.825353235990047, 9.410815387627153, 10.392266119571804], [5.641731076540249, 5.586486017166784, 4.564125744323879, 3.147087240608369, 2.559852411761272, 1.5302589094659766, 0.0, 1.5304510805641585, 2.5268784280214196, 3.887007904545603, 5.053790199444374, 6.374741702218216, 7.609215919528109, 7.98803111786628, 5.737156587544042, 6.640958536235563, 4.959597399991253, 6.553470334105434, 5.771677112417152, 5.094423247041808, 4.726067224447828, 3.4607384197595747, 2.84228134603174, 3.4811927998891417, 2.7839066740823046, 2.163162291646191, 2.154061709886697, 1.095568213303033, 1.0966136010464216, 2.160747410041257, 2.1613063040670566, 2.754157168717864, 2.7547918868763936, 4.1760519417267785, 4.175149690729662, 5.160412488357883, 5.1725995137841485, 6.522672104283643, 6.574888872825152, 8.484045368219101, 7.678360190170816, 7.398928663664761, 8.119770418552484, 9.00239750344318], [7.036423666181563, 7.010163570844835, 6.033506186290024, 4.56510041620116, 3.906366995047956, 2.52553105306587, 1.5304510805641585, 0.0, 1.5296672710102674, 2.5261907093487617, 3.88710966271856, 5.051927281741097, 6.396827866997829, 6.907369624538707, 7.182521899722966, 7.985687118213434, 6.258161926636286, 8.00677197439767, 7.080785248826573, 6.495386052422135, 6.247894872675116, 4.670435399403358, 4.279671414956994, 4.659606378225526, 4.175927152142384, 2.7812752344922647, 2.713413875544975, 2.1530677276853134, 2.1604631170191264, 1.0968276710586764, 1.0968154311460065, 2.1600729339538516, 2.1602831689387387, 2.754596778114721, 2.7533293246540635, 4.165529812640884, 4.176118583086453, 5.131255847256108, 5.195229124879865, 7.1882989962855595, 6.563330198915791, 6.473698539474943, 6.9896438578800275, 7.955595488711075], [7.523244529456689, 7.784749725585274, 6.9546820905056475, 5.529594839588159, 5.085182775476217, 3.886217366540374, 2.5268784280214196, 1.5296672710102674, 0.0, 1.5296008564328145, 2.5269118643118524, 3.8863517005026704, 5.082772849537937, 5.516842935048994, 7.5811673771260315, 8.411338729952563, 6.65023339891165, 8.805001731402442, 7.91723593055051, 7.578408187079922, 7.065470171191723, 5.703765999758405, 4.9755997809309385, 5.969148699772858, 5.188095097432197, 4.193188701930787, 4.145425949163728, 2.7429826175169243, 2.7560715447897937, 2.160415622050535, 2.1598143924883915, 1.096746716430006, 1.0967990381104462, 2.16041591597544, 2.159865146253349, 2.7442074520706337, 2.755863730303079, 4.1481891820407615, 4.191330349662265, 5.972290219003091, 5.194271022963665, 5.015127525796328, 5.710072764860357, 6.535505662150404], [8.980903079868973, 9.214710744781954, 8.385384205866776, 6.920274631111108, 6.398734723365237, 5.051719647803113, 3.887007904545603, 2.5261907093487617, 1.5296008564328145, 0.0, 1.5305216136990685, 2.5257380030399035, 3.9045967653523457, 4.552910485612473, 9.08413864161044, 9.838418491302349, 8.072783563307022, 10.249955007218325, 9.267384503731353, 8.94672086576976, 8.543706562142686, 6.982015852173354, 6.432093903232446, 7.1834026241050974, 6.555985715359666, 5.198182337125162, 5.127151259715282, 4.164259749343213, 4.176227486619952, 2.7544805426795085, 2.753247596929851, 2.160270682113702, 2.160104004440527, 1.0968492558232419, 1.0968156681958914, 2.1539035911572273, 2.1604591039869283, 2.7174396387040507, 2.7783492832975485, 4.664212662390084, 4.1824468149637, 4.3248759172952, 4.681810767213899, 5.5993265327180195], [9.702195834964371, 10.137137687730203, 9.416559610069912, 8.001095338764562, 7.611583249889605, 6.374636395120901, 5.053790199444374, 3.88710966271856, 2.5269118643118524, 1.5305216136990685, 0.0, 1.530337704560663, 2.5571714158421215, 3.1354750963769424, 9.736301573492883, 10.495754367362071, 8.753135870646588, 11.174670724455373, 10.238149205300733, 10.083678428034087, 9.501193290845103, 8.115351951086287, 7.362197396837442, 8.48027627203265, 7.671536887091139, 6.5772050325347164, 6.519433135633803, 5.159138913617271, 5.172896895357572, 4.176016038043915, 4.175162114217842, 2.7549433260958387, 2.7542634768663654, 2.160750216938552, 2.1612821194837104, 1.0957690495720345, 1.096598828195617, 2.1546706801736546, 2.162999142394652, 3.482651514291948, 2.787902518023182, 2.885505849933422, 3.4712087880160705, 4.141284140215448], [11.162101781922614, 11.552563845744373, 10.816544480563097, 9.365367590756916, 8.909916114083229, 7.577455632334642, 6.374741702218216, 5.051927281741097, 3.8863517005026704, 2.5257380030399035, 1.530337704560663, 0.0, 1.5302091687086448, 2.5521438693772733, 11.235806238094353, 11.942183149240343, 10.196388319400159, 12.601481786282118, 11.593766848613093, 11.430821321759867, 10.941818719938654, 9.405108106768365, 8.786521670149115, 9.707949790764268, 9.015555208638013, 7.68538182070351, 7.613202725528855, 6.543444595929578, 6.55548908167804, 5.170263237012212, 5.1679914367189115, 4.174954330289135, 4.175862197199519, 2.7515540826958134, 2.754597896245475, 2.166077122357373, 2.1610310270794355, 1.0970987239077439, 1.0968499259242355, 2.145948950930567, 2.164681126632743, 2.8758412612659967, 2.7825509519144482, 3.4906255829005786], [12.03985913912617, 12.576949956567372, 11.932170784061046, 10.520653807154764, 10.167362089549089, 8.907733537774916, 7.609215919528109, 6.396827866997829, 5.082772849537937, 3.9045967653523457, 2.5571714158421215, 1.5302091687086448, 0.0, 1.5208308157056785, 12.068911556557204, 12.758489849116158, 11.05258960877495, 13.623474739213927, 12.647651196170774, 12.622236483682281, 12.011595155515357, 10.590365826542538, 9.843466717574659, 11.025184981668108, 10.217742851530371, 9.04782691092176, 9.005274284551248, 7.668279058563271, 7.70567889027307, 6.557365701255345, 6.584031978203022, 5.224214413670251, 5.188699626110573, 4.2049120192936265, 4.162456352924316, 2.836776702527007, 2.761065696429551, 2.1428326789555925, 2.160934358096053, 1.0965088873328837, 1.0961837528443854, 2.175079681299055, 2.169674210567107, 2.1570521412334935], [12.339869084394696, 12.944357327422635, 12.25044035984013, 10.918373491505044, 10.508889441325378, 9.352153570702313, 7.98803111786628, 6.907369624538707, 5.516842935048994, 4.552910485612473, 3.1354750963769424, 2.5521438693772733, 1.5208308157056785, 0.0, 12.23410302433325, 13.084717989318685, 11.406563114716018, 13.948412845911896, 13.138593956356212, 12.977587125502183, 12.193970209492887, 11.13336113714093, 10.191724632759659, 11.402720109254634, 10.40032013016907, 9.657929999746322, 9.40192459712372, 8.103559618463974, 7.874003604901385, 7.2855364188232565, 7.01246055817785, 5.348490472086493, 5.700087744938669, 4.711182367516673, 5.108513466753317, 2.8391795311321895, 3.4486479017145255, 3.4736251640037383, 2.78059900920647, 2.138428415916698, 2.150426378651453, 1.0938728125335224, 1.0945950164330185, 1.0948372162107023], [1.0945587467102895, 2.169637916796257, 2.782275532724967, 3.4720853575337114, 4.680308227029497, 5.7823437030325335, 5.737156587544042, 7.182521899722966, 7.5811673771260315, 9.08413864161044, 9.736301573492883, 11.235806238094353, 12.068911556557204, 12.23410302433325, 0.0, 1.7714298941815338, 1.7759578542296548, 2.523636933078924, 3.068635895638321, 3.749417849480103, 2.5612431942320506, 4.06582170046843, 3.056659617948979, 5.269131241485639, 4.583241051919481, 6.15367436983791, 6.671728925848232, 5.100898042501928, 5.603538585572513, 7.526770559808503, 7.881122859719927, 7.478567969872307, 7.105742751465183, 9.645814558138674, 9.358745341657716, 9.646599607115451, 9.372894104810957, 11.448823777576456, 11.70353365697728, 13.088452106341682, 11.774823790613599, 11.349635954514138, 12.627952932284789, 13.025915629236971], [1.094862813324117, 2.1570249743570424, 3.4908360502893854, 4.143265844717184, 5.600319356072473, 6.596574241983486, 6.640958536235563, 7.985687118213434, 8.411338729952563, 9.838418491302349, 10.495754367362071, 11.942183149240343, 12.758489849116158, 13.084717989318685, 1.7714298941815338, 0.0, 1.765802392681582, 2.4308725881872126, 2.5004121520261413, 4.28003491808186, 3.755338350934573, 4.298149710049663, 3.855452633608666, 6.074185748723857, 5.801967632622574, 6.689435648842135, 7.582675225143168, 5.84974199345578, 6.75796699829172, 8.109069974417535, 8.791926511294324, 8.501866215719934, 7.795198764624287, 10.50330047461273, 9.93893694214829, 10.558633410153039, 10.01033828649162, 12.018835541765267, 12.508436575767572, 13.73771969178291, 12.355393975507214, 12.249684366954114, 13.570423740252181, 13.846961098017138], [1.0938792026544792, 2.1751320166831256, 2.877228350339959, 2.8883399713330147, 4.3273280439550685, 5.091587667908705, 4.959597399991253, 6.258161926636286, 6.65023339891165, 8.072783563307022, 8.753135870646588, 10.196388319400159, 11.05258960877495, 11.406563114716018, 1.7759578542296548, 1.765802392681582, 0.0, 3.0612741938611117, 2.487492572853234, 3.8745894247003774, 3.2191195783940674, 3.088722807245739, 2.30833170493324, 5.013401545856865, 4.58349075705406, 5.213022237627612, 6.125001523265117, 4.111857816121564, 5.131628223088652, 6.401497804420462, 7.103577513478684, 6.7772233473598895, 6.038854845912427, 8.744442360150819, 8.184480658539062, 8.840069833434574, 8.299702328397085, 10.277177583850538, 10.749481053520677, 12.02531024215176, 10.68983307914581, 10.602010588562907, 11.871440471989906, 12.2024118