{"total energy": -50.62624396, "HOMO-LUMO gap/eV": 5.73789631, "electronic energy": -51.15202793, "dipole": [-1.0803329, 0.31204376, 0.31858676], "partial charges": [-0.1027739, -0.05527944, -0.07259442, 0.01177045, -0.11486683, 0.08291839, -0.28800239, 0.41095597, -0.28877958, -0.47173051, 0.07319331, -0.28890006, 0.41162894, -0.28464336, -0.47423773, 0.03639635, 0.036176, 0.0360577, 0.03650633, 0.02923875, 0.0447046, 0.04964461, 0.04961355, 0.04689204, 0.04466186, 0.04913257, 0.05227491, 0.2028567, 0.20960952, 0.05258315, 0.07112129, 0.19864283, 0.2052284], "atomic dipole moments": [[-0.06467105, -0.08372705, -0.02745223], [0.1171525, -0.010276, -0.02228059], [-0.12466113, -0.0325968, 0.00855914], [0.00842437, -0.04228975, 0.00778457], [0.09182495, -0.03489019, 0.08037472], [0.12538182, -0.04727265, 0.20364797], [-0.03223694, -0.08840127, -0.22098009], [-0.06093695, 0.12500072, 0.06014372], [-0.10313328, -0.02945709, -0.04179685], [0.00853872, 0.08095287, 0.19515547], [-0.07258033, -0.19971457, -0.14277254], [0.17806144, 0.00530911, 0.15069101], [-0.06862693, 0.11429316, -0.06110493], [0.05314142, 0.03749763, -0.01011827], [-0.16233057, 0.01460139, -0.13721247], [0.09063525, -0.03549175, 0.08091083], [0.05468789, 0.05241924, -0.1008264], [-0.06771487, 0.08915699, 0.05634918], [-0.08878546, 0.04691457, -0.07223737], [-0.05454082, -0.03915631, 0.10489361], [0.06074356, 0.05086964, -0.09621525], [0.0965107, -0.03193024, 0.07650928], [-0.09400618, 0.07082433, 0.04975799], [-0.06220897, -0.10063191, -0.05174107], [0.04453896, 0.0653958, -0.09946124], [0.06643446, 0.05454125, -0.09124971], [-0.06400743, -0.09907049, -0.0526769], [0.04052264, -0.12516577, -0.02720321], [-0.05458293, 0.03730338, 0.11886756], [-0.0888501, 0.06525518, 0.05162927], [0.08697399, -0.01117004, 0.10151056], [-0.08801286, 0.02775652, -0.10222863], [0.05100771, -0.12391184, 0.03620033]], "atomic quadrupole moments": [[0.01052207, 0.16005409, 0.09413819, 0.04858869, 0.07825728, -0.10466025], [0.02245482, 0.03719317, 0.1233181, -0.03451942, 0.1662182, -0.14577292], [-0.01175976, 0.02285424, 0.14515578, -0.03705628, 0.17459995, -0.13339602], [0.00038529, -0.01776607, -0.01533868, -0.03534416, -0.00134681, 0.01495339], [0.05262479, -0.07047524, -0.08051422, 0.15365937, -0.05719915, 0.02788943], [0.08567509, -0.32457631, -0.12252393, 0.25227571, -0.08953454, 0.03684884], [-0.01068814, -0.08635437, -0.01074726, 0.06688797, -0.01302615, 0.0214354], [0.19976664, 0.19186697, 0.092095, -0.16174368, -0.09060711, -0.29186164], [0.01809763, 0.0039703, -0.03537171, 0.07217729, -0.05345297, 0.01727408], [0.04040521, 0.10782695, -0.01994327, -0.04422109, -0.0164617, -0.02046193], [-0.19651429, 0.29786302, 0.32118336, -0.00891755, 0.07691082, -0.12466907], [-0.04388311, 0.03019375, 0.10094901, 0.0436078, 0.01144303, -0.05706589], [-0.02194435, -0.09162523, -0.08668472, -0.34216271, -0.01998071, 0.10862906], [0.00657845, 0.06583057, 0.00859018, -0.01431503, 0.04870226, -0.01516863], [0.03413742, -0.00938482, -0.09725573, -0.07694783, 0.01625166, 0.06311832], [0.01553427, -0.02387311, -0.01377075, 0.05576519, -0.0319086, -0.00176352], [-0.02289605, 0.02663525, -0.0290408, -0.03735026, -0.02971984, 0.05193685], [0.00994308, -0.04151031, 0.01737509, -0.03278296, 0.04291892, -0.02731817], [0.00130392, -0.01516187, -0.01393894, 0.04579635, -0.00943591, 0.01263501], [-0.0282322, 0.01803651, 0.00124657, -0.02650984, -0.02709727, 0.02698563], [-0.03651412, 0.00870981, -0.00289573, -0.02989288, -0.02171771, 0.03940985], [-0.00672686, -0.02653034, -0.00502307, 0.03998155, -0.01198469, 0.01174993], [0.00359356, -0.04777724, -0.00743341, -0.0355679, 0.04107096, 0.00383985], [-0.02211286, 0.03368194, 0.0571969, 0.02096332, 0.0280766, -0.03508404], [-0.0032501, 0.03269813, -0.01767163, -0.03798416, -0.04957715, 0.02092173], [0.00219852, 0.00971011, -0.00476916, -0.01638463, -0.03855283, 0.00257064], [0.00908214, 0.01463393, 0.02174616, 0.02383372, 0.0025011, -0.0308283], [-0.02527511, -0.05883352, 0.04016793, 0.00414112, 0.00313278, -0.01489281], [-0.04562598, -0.02567137, -0.0207692, -0.00207176, 0.0169704, 0.06639518], [0.01592621, -0.02976451, 0.02473398, -0.02283361, 0.0135553, -0.04066019], [0.01486405, -0.00474019, 0.00255879, 0.02967468, -0.0212521, -0.01742284], [0.00508289, 0.00208137, -0.0072399, 0.0610111, -0.00107482, 0.002157], [-0.02871866, -0.0117341, 0.06120862, 0.02546143, -0.01421373, -0.03248996]], "number of molecular orbitals": 78, "number of electrons": 88, "number of unpaired electrons": 0, "orbital energies/eV": [-20.07025199, -19.85374394, -19.26096539, -19.03285988, -18.59854664, -18.35765919, -17.74628289, -17.37558214, -17.09723072, -16.83622459, -16.57531452, -16.27424915, -16.1409636, -16.04975943, -15.94878655, -15.77554363, -15.60123724, -15.49206926, -15.433059, -15.18785239, -14.86950708, -14.55284429, -14.35863643, -14.19669769, -14.10792896, -14.00327457, -13.64647346, -13.54085859, -13.50447361, -13.14639005, -13.08523268, -12.81034521, -12.74026172, -12.53937596, -12.30461984, -12.08110263, -11.92324634, -11.77171078, -11.69173903, -11.61564955, -11.55416787, -11.47759693, -11.41886095, -11.1259077, -5.38801139, -5.24851116, -0.86323615, -0.18230327, 0.72126182, 0.87523066, 1.27255693, 1.6094509, 2.03026428, 2.79905144, 3.08118116, 3.34406296, 3.49869026, 3.90601353, 4.19286264, 4.3055266, 4.42448773, 4.93436428, 5.3282049, 5.35496909, 5.4506867, 5.85115802, 5.97903191, 6.28314294, 6.55098763, 6.66552061, 6.90485107, 7.00541156, 7.33776169, 8.01437726, 8.90713457, 8.9555442, 17.39182718, 17.59284559], "fractional occupation": [2.0, 2.0, 2.0, 2.0, 2.0, 2.0, 2.0, 2.0, 2.0, 2.0, 2.0, 2.0, 2.0, 2.0, 2.0, 2.0, 2.0, 2.0, 2.0, 2.0, 2.0, 2.0, 2.0, 2.0, 2.0, 2.0, 2.0, 2.0, 2.0, 2.0, 2.0, 2.0, 2.0, 2.0, 2.0, 2.0, 2.0, 2.0, 2.0, 2.0, 2.0, 2.0, 2.0, 2.0, 0.0, 0.0, 0.0, 0.0, 0.0, 0.0, 0.0, 0.0, 0.0, 0.0, 0.0, 0.0, 0.0, 0.0, 0.0, 0.0, 0.0, 0.0, 0.0, 0.0, 0.0, 0.0, 0.0, 0.0, 0.0, 0.0, 0.0, 0.0, 0.0, 0.0, 0.0, 0.0, 0.0, 0.0], "program call": "xtb /home/svss/Project-DBcg-Debug/aqme2_20220329/End-to-End-workflows-final/example-3/QDESCP/mol_172_rdkit_conf_9/mol_172_rdkit_conf_9.xyz --pop --wbo --acc 0.2 --gfn 2 --chrg 0 --uhf 0 --etemp 300 --input /home/svss/Project-DBcg-Debug/aqme2_20220329/End-to-End-workflows-final/example-3/QDESCP/mol_172_rdkit_conf_9/mol_172_rdkit_conf_9_xtb.inp", "method": "GFN2-xTB", "xtb version": "6.3.3 (7355c4f)", "Dipole module/D": 2.971, "Total charge": 0, "Transition dipole module/D": NaN, "HOMO": -11.1259, "LUMO": -5.388, "HOMO occupancy": 2.0, "LUMO occupancy": 0, "mulliken charges": [-0.08206, -0.04162, -0.06208, 0.00073, -0.09819, 0.19373, -0.43097, 0.66612, -0.42587, -0.58075, 0.18941, -0.43658, 0.66688, -0.42653, -0.57958, 0.02993, 0.02902, 0.03062, 0.02346, 0.02151, 0.0309, 0.04005, 0.03544, 0.04056, 0.03298, 0.03569, 0.0459, 0.23732, 0.24446, 0.03047, 0.05681, 0.23914, 0.24314], "cm5 charges": [-0.23267, -0.15464, -0.16722, -0.02536, -0.24338, 0.11859, -0.51127, 0.78829, -0.87465, -0.62374, 0.11359, -0.51517, 0.78979, -0.87687, -0.62428, 0.08122, 0.0803, 0.08139, 0.07898, 0.0771, 0.08754, 0.09913, 0.08843, 0.09488, 0.08524, 0.10124, 0.11671, 0.43111, 0.44067, 0.09555, 0.12854, 0.43452, 0.43645], "FUKUI+": [0.007, 0.004, 0.006, -0.004, 0.014, 0.02, -0.052, -0.076, -0.047, -0.138, 0.02, -0.063, -0.084, -0.048, -0.125, -0.005, -0.01, -0.016, -0.011, -0.002, -0.017, -0.001, -0.023, -0.005, -0.023, -0.038, -0.008, -0.055, -0.049, -0.045, -0.012, -0.059, -0.053], "FUKUI-": [0.017, 0.006, 0.011, -0.007, 0.016, 0.014, -0.031, -0.003, -0.056, -0.108, 0.008, -0.043, -0.0, -0.045, -0.061, -0.051, -0.058, -0.042, -0.068, -0.071, -0.058, -0.043, -0.021, -0.024, -0.025, -0.033, -0.027, -0.041, -0.033, -0.04, -0.016, -0.033, -0.034], "FUKUIrad": [0.012, 0.005, 0.008, -0.005, 0.015, 0.017, -0.041, -0.039, -0.052, -0.123, 0.014, -0.053, -0.042, -0.046, -0.093, -0.028, -0.034, -0.029, -0.04, -0.037, -0.037, -0.022, -0.022, -0.014, -0.024, -0.035, -0.017, -0.048, -0.041, -0.042, -0.014, -0.046, -0.043], "s proportion": [1.008, 1.028, 1.043, 1.1, 1.017, 1.005, 1.69, 0.914, 1.417, 1.722, 1.004, 1.691, 0.911, 1.404, 1.721, 0.97, 0.971, 0.969, 0.977, 0.978, 0.969, 0.96, 0.965, 0.959, 0.967, 0.964, 0.954, 0.763, 0.756, 0.97, 0.943, 0.761, 0.757], "p proportion": [3.074, 3.014, 3.019, 2.9, 3.081, 2.801, 4.741, 2.42, 4.009, 4.858, 2.806, 4.745, 2.422, 4.023, 4.859, 0.0, 0.0, 0.0, 0.0, 0.0, 0.0, 0.0, 0.0, 0.0, 0.0, 0.0, 0.0, 0.0, 0.0, 0.0, 0.0, 0.0, 0.0], "d proportion": [0.0, 0.0, 0.0, 0.0, 0.0, 0.0, 0.0, 0.0, 0.0, 0.0, 0.0, 0.0, 0.0, 0.0, 0.0, 0.0, 0.0, 0.0, 0.0, 0.0, 0.0, 0.0, 0.0, 0.0, 0.0, 0.0, 0.0, 0.0, 0.0, 0.0, 0.0, 0.0, 0.0], "Fermi-level/eV": -8.257, "Coordination numbers": [3.75, 3.798, 3.802, 3.891, 3.753, 3.709, 1.707, 2.652, 2.638, 0.857, 3.695, 1.706, 2.641, 2.638, 0.858, 0.924, 0.924, 0.924, 0.924, 0.924, 0.923, 0.923, 0.924, 0.924, 0.924, 0.924, 0.924, 0.86, 0.86, 0.924, 0.924, 0.86, 0.86], "Dispersion coefficient C6": [22.527, 21.57, 21.887, 20.326, 22.757, 19.333, 18.784, 20.078, 27.451, 23.168, 19.522, 18.8, 20.07, 27.349, 23.222, 2.498, 2.501, 2.502, 2.496, 2.597, 2.387, 2.325, 2.325, 2.359, 2.388, 2.331, 2.292, 1.092, 1.058, 2.288, 2.073, 1.113, 1.08], "Total dispersion C6": 9105.843763, "Total dispersion C8": 194608.532154, "Polarizability alpha": [6.769, 6.613, 6.661, 6.409, 6.802, 6.284, 5.852, 7.331, 7.781, 6.453, 6.321, 5.854, 7.329, 7.767, 6.461, 2.471, 2.473, 2.474, 2.471, 2.52, 2.416, 2.384, 2.384, 2.402, 2.417, 2.388, 2.368, 1.637, 1.611, 2.366, 2.252, 1.653, 1.628], "Total polarizability alpha": 141.000389, "Wiberg matrix": [[0.0, 1.019060450816859, 0.0, 0.0, 0.0, 0.0, 0.0, 0.0, 0.0, 0.0, 0.0, 0.0, 0.0, 0.0, 0.0, 0.9874002732337788, 0.9873923648189619, 0.9869322359824094, 0.0, 0.0, 0.0, 0.0, 0.0, 0.0, 0.0, 0.0, 0.0, 0.0, 0.0, 0.0, 0.0, 0.0, 0.0], [1.019060450816859, 0.0, 1.0082390212020877, 0.0, 0.0, 0.0, 0.0, 0.0, 0.0, 0.0, 0.0, 0.0, 0.0, 0.0, 0.0, 0.0, 0.0, 0.0, 0.9757651482130978, 0.9765530003163178, 0.0, 0.0, 0.0, 0.0, 0.0, 0.0, 0.0, 0.0, 0.0, 0.0, 0.0, 0.0, 0.0], [0.0, 1.0082390212020877, 0.0, 0.9800585678947733, 0.0, 0.0, 0.0, 0.0, 0.0, 0.0, 0.0, 0.0, 0.0, 0.0, 0.0, 0.0, 0.0, 0.0, 0.0, 0.0, 0.9740302814669372, 0.9739968763166433, 0.0, 0.0, 0.0, 0.0, 0.0, 0.0, 0.0, 0.0, 0.0, 0.0, 0.0], [0.0, 0.0, 0.9800585678947733, 0.0, 0.9981711472092035, 0.9792030549051048, 0.0, 0.0, 0.0, 0.0, 0.9771356845460051, 0.0, 0.0, 0.0, 0.0, 0.0, 0.0, 0.0, 0.0, 0.0, 0.0, 0.0, 0.0, 0.0, 0.0, 0.0, 0.0, 0.0, 0.0, 0.0, 0.0, 0.0, 0.0], [0.0, 0.0, 0.0, 0.9981711472092035, 0.0, 0.0, 0.0, 0.0, 0.0, 0.0, 0.0, 0.0, 0.0, 0.0, 0.0, 0.0, 0.0, 0.0, 0.0, 0.0, 0.0, 0.0, 0.9821338413841164, 0.9839665701983191, 0.9853352319026025, 0.0, 0.0, 0.0, 0.0, 0.0, 0.0, 0.0, 0.0], [0.0, 0.0, 0.0, 0.9792030549051048, 0.0, 0.0, 0.9462443693072338, 0.0, 0.0, 0.0, 0.0, 0.0, 0.0, 0.0, 0.0, 0.0, 0.0, 0.0, 0.0, 0.0, 0.0, 0.0, 0.0, 0.0, 0.0, 0.9689076507345914, 0.9679718052107719, 0.0, 0.0, 0.0, 0.0, 0.0, 0.0], [0.0, 0.0, 0.0, 0.0, 0.0, 0.9462443693072338, 0.0, 1.0708491255690684, 0.0, 0.1344438594944664, 0.0, 0.0, 0.0, 0.0, 0.0, 0.0, 0.0, 0.0, 0.0, 0.0, 0.0, 0.0, 0.0, 0.0, 0.0, 0.0, 0.0, 0.0, 0.0, 0.0, 0.0, 0.0, 0.0], [0.0, 0.0, 0.0, 0.0, 0.0, 0.0, 1.0708491255690684, 0.0, 1.2090655828387766, 1.636755578437129, 0.0, 0.0, 0.0, 0.0, 0.0, 0.0, 0.0, 0.0, 0.0, 0.0, 0.0, 0.0, 0.0, 0.0, 0.0, 0.0, 0.0, 0.0, 0.0, 0.0, 0.0, 0.0, 0.0], [0.0, 0.0, 0.0, 0.0, 0.0, 0.0, 0.0, 1.2090655828387766, 0.0, 0.16028733925073832, 0.0, 0.0, 0.0, 0.0, 0.0, 0.0, 0.0, 0.0, 0.0, 0.0, 0.0, 0.0, 0.0, 0.0, 0.0, 0.0, 0.0, 0.9406513812286216, 0.9358943124650725, 0.0, 0.0, 0.0, 0.0], [0.0, 0.0, 0.0, 0.0, 0.0, 0.0, 0.1344438594944664, 1.636755578437129, 0.16028733925073832, 0.0, 0.0, 0.0, 0.0, 0.0, 0.0, 0.0, 0.0, 0.0, 0.0, 0.0, 0.0, 0.0, 0.0, 0.0, 0.0, 0.0, 0.0, 0.0, 0.0, 0.0, 0.0, 0.0, 0.0], [0.0, 0.0, 0.0, 0.9771356845460051, 0.0, 0.0, 0.0, 0.0, 0.0, 0.0, 0.0, 0.9430627468506207, 0.0, 0.0, 0.0, 0.0, 0.0, 0.0, 0.0, 0.0, 0.0, 0.0, 0.0, 0.0, 0.0, 0.0, 0.0, 0.0, 0.0, 0.9668525036589197, 0.9650018188625524, 0.0, 0.0], [0.0, 0.0, 0.0, 0.0, 0.0, 0.0, 0.0, 0.0, 0.0, 0.0, 0.9430627468506207, 0.0, 1.0745539207338166, 0.0, 0.13486634144112353, 0.0, 0.0, 0.0, 0.0, 0.0, 0.0, 0.0, 0.0, 0.0, 0.0, 0.0, 0.0, 0.0, 0.0, 0.0, 0.0, 0.0, 0.0], [0.0, 0.0, 0.0, 0.0, 0.0, 0.0, 0.0, 0.0, 0.0, 0.0, 0.0, 1.0745539207338166, 0.0, 1.2158385771125, 1.6284274339371463, 0.0, 0.0, 0.0, 0.0, 0.0, 0.0, 0.0, 0.0, 0.0, 0.0, 0.0, 0.0, 0.0, 0.0, 0.0, 0.0, 0.0, 0.0], [0.0, 0.0, 0.0, 0.0, 0.0, 0.0, 0.0, 0.0, 0.0, 0.0, 0.0, 0.0, 1.2158385771125, 0.0, 0.16459781062412676, 0.0, 0.0, 0.0, 0.0, 0.0, 0.0, 0.0, 0.0, 0.0, 0.0, 0.0, 0.0, 0.0, 0.0, 0.0, 0.0, 0.9423929578873089, 0.941052829643756], [0.0, 0.0, 0.0, 0.0, 0.0, 0.0, 0.0, 0.0, 0.0, 0.0, 0.0, 0.13486634144112353, 1.6284274339371463, 0.16459781062412676, 0.0, 0.0, 0.0, 0.0, 0.0, 0.0, 0.0, 0.0, 0.0, 0.0, 0.0, 0.0, 0.0, 0.0, 0.0, 0.0, 0.0, 0.0, 0.0], [0.9874002732337788, 0.0, 0.0, 0.0, 0.0, 0.0, 0.0, 0.0, 0.0, 0.0, 0.0, 0.0, 0.0, 0.0, 0.0, 0.0, 0.0, 0.0, 0.0, 0.0, 0.0, 0.0, 0.0, 0.0, 0.0, 0.0, 0.0, 0.0, 0.0, 0.0, 0.0, 0.0, 0.0], [0.9873923648189619, 0.0, 0.0, 0.0, 0.0, 0.0, 0.0, 0.0, 0.0, 0.0, 0.0, 0.0, 0.0, 0.0, 0.0, 0.0, 0.0, 0.0, 0.0, 0.0, 0.0, 0.0, 0.0, 0.0, 0.0, 0.0, 0.0, 0.0, 0.0, 0.0, 0.0, 0.0, 0.0], [0.9869322359824094, 0.0, 0.0, 0.0, 0.0, 0.0, 0.0, 0.0, 0.0, 0.0, 0.0, 0.0, 0.0, 0.0, 0.0, 0.0, 0.0, 0.0, 0.0, 0.0, 0.0, 0.0, 0.0, 0.0, 0.0, 0.0, 0.0, 0.0, 0.0, 0.0, 0.0, 0.0, 0.0], [0.0, 0.9757651482130978, 0.0, 0.0, 0.0, 0.0, 0.0, 0.0, 0.0, 0.0, 0.0, 0.0, 0.0, 0.0, 0.0, 0.0, 0.0, 0.0, 0.0, 0.0, 0.0, 0.0, 0.0, 0.0, 0.0, 0.0, 0.0, 0.0, 0.0, 0.0, 0.0, 0.0, 0.0], [0.0, 0.9765530003163178, 0.0, 0.0, 0.0, 0.0, 0.0, 0.0, 0.0, 0.0, 0.0, 0.0, 0.0, 0.0, 0.0, 0.0, 0.0, 0.0, 0.0, 0.0, 0.0, 0.0, 0.0, 0.0, 0.0, 0.0, 0.0, 0.0, 0.0, 0.0, 0.0, 0.0, 0.0], [0.0, 0.0, 0.9740302814669372, 0.0, 0.0, 0.0, 0.0, 0.0, 0.0, 0.0, 0.0, 0.0, 0.0, 0.0, 0.0, 0.0, 0.0, 0.0, 0.0, 0.0, 0.0, 0.0, 0.0, 0.0, 0.0, 0.0, 0.0, 0.0, 0.0, 0.0, 0.0, 0.0, 0.0], [0.0, 0.0, 0.9739968763166433, 0.0, 0.0, 0.0, 0.0, 0.0, 0.0, 0.0, 0.0, 0.0, 0.0, 0.0, 0.0, 0.0, 0.0, 0.0, 0.0, 0.0, 0.0, 0.0, 0.0, 0.0, 0.0, 0.0, 0.0, 0.0, 0.0, 0.0, 0.0, 0.0, 0.0], [0.0, 0.0, 0.0, 0.0, 0.9821338413841164, 0.0, 0.0, 0.0, 0.0, 0.0, 0.0, 0.0, 0.0, 0.0, 0.0, 0.0, 0.0, 0.0, 0.0, 0.0, 0.0, 0.0, 0.0, 0.0, 0.0, 0.0, 0.0, 0.0, 0.0, 0.0, 0.0, 0.0, 0.0], [0.0, 0.0, 0.0, 0.0, 0.9839665701983191, 0.0, 0.0, 0.0, 0.0, 0.0, 0.0, 0.0, 0.0, 0.0, 0.0, 0.0, 0.0, 0.0, 0.0, 0.0, 0.0, 0.0, 0.0, 0.0, 0.0, 0.0, 0.0, 0.0, 0.0, 0.0, 0.0, 0.0, 0.0], [0.0, 0.0, 0.0, 0.0, 0.9853352319026025, 0.0, 0.0, 0.0, 0.0, 0.0, 0.0, 0.0, 0.0, 0.0, 0.0, 0.0, 0.0, 0.0, 0.0, 0.0, 0.0, 0.0, 0.0, 0.0, 0.0, 0.0, 0.0, 0.0, 0.0, 0.0, 0.0, 0.0, 0.0], [0.0, 0.0, 0.0, 0.0, 0.0, 0.9689076507345914, 0.0, 0.0, 0.0, 0.0, 0.0, 0.0, 0.0, 0.0, 0.0, 0.0, 0.0, 0.0, 0.0, 0.0, 0.0, 0.0, 0.0, 0.0, 0.0, 0.0, 0.0, 0.0, 0.0, 0.0, 0.0, 0.0, 0.0], [0.0, 0.0, 0.0, 0.0, 0.0, 0.9679718052107719, 0.0, 0.0, 0.0, 0.0, 0.0, 0.0, 0.0, 0.0, 0.0, 0.0, 0.0, 0.0, 0.0, 0.0, 0.0, 0.0, 0.0, 0.0, 0.0, 0.0, 0.0, 0.0, 0.0, 0.0, 0.0, 0.0, 0.0], [0.0, 0.0, 0.0, 0.0, 0.0, 0.0, 0.0, 0.0, 0.9406513812286216, 0.0, 0.0, 0.0, 0.0, 0.0, 0.0, 0.0, 0.0, 0.0, 0.0, 0.0, 0.0, 0.0, 0.0, 0.0, 0.0, 0.0, 0.0, 0.0, 0.0, 0.0, 0.0, 0.0, 0.0], [0.0, 0.0, 0.0, 0.0, 0.0, 0.0, 0.0, 0.0, 0.9358943124650725, 0.0, 0.0, 0.0, 0.0, 0.0, 0.0, 0.0, 0.0, 0.0, 0.0, 0.0, 0.0, 0.0, 0.0, 0.0, 0.0, 0.0, 0.0, 0.0, 0.0, 0.0, 0.0, 0.0, 0.0], [0.0, 0.0, 0.0, 0.0, 0.0, 0.0, 0.0, 0.0, 0.0, 0.0, 0.9668525036589197, 0.0, 0.0, 0.0, 0.0, 0.0, 0.0, 0.0, 0.0, 0.0, 0.0, 0.0, 0.0, 0.0, 0.0, 0.0, 0.0, 0.0, 0.0, 0.0, 0.0, 0.0, 0.0], [0.0, 0.0, 0.0, 0.0, 0.0, 0.0, 0.0, 0.0, 0.0, 0.0, 0.9650018188625524, 0.0, 0.0, 0.0, 0.0, 0.0, 0.0, 0.0, 0.0, 0.0, 0.0, 0.0, 0.0, 0.0, 0.0, 0.0, 0.0, 0.0, 0.0, 0.0, 0.0, 0.0, 0.0], [0.0, 0.0, 0.0, 0.0, 0.0, 0.0, 0.0, 0.0, 0.0, 0.0, 0.0, 0.0, 0.0, 0.9423929578873089, 0.0, 0.0, 0.0, 0.0, 0.0, 0.0, 0.0, 0.0, 0.0, 0.0, 0.0, 0.0, 0.0, 0.0, 0.0, 0.0, 0.0, 0.0, 0.0], [0.0, 0.0, 0.0, 0.0, 0.0, 0.0, 0.0, 0.0, 0.0, 0.0, 0.0, 0.0, 0.0, 0.941052829643756, 0.0, 0.0, 0.0, 0.0, 0.0, 0.0, 0.0, 0.0, 0.0, 0.0, 0.0, 0.0, 0.0, 0.0, 0.0, 0.0, 0.0, 0.0, 0.0]], "Born radii": [], "Atomic SASAs": [], "Solvent H bonds": [], "Total SASA": NaN, "Total FOD": 0.0, "FOD": [0.0, 0.0, 0.0, 0.0, 0.0, 0.0, 0.0, 0.0, 0.0, 0.0, 0.0, 0.0, 0.0, 0.0, 0.0, 0.0, 0.0, 0.0, 0.0, 0.0, 0.0, 0.0, 0.0, 0.0, 0.0, 0.0, 0.0, 0.0, 0.0, 0.0, 0.0, 0.0, 0.0], "FOD s proportion": [0.0, 0.0, 0.0, 0.0, 0.0, 0.0, 0.0, 0.0, 0.0, 0.0, 0.0, 0.0, 0.0, 0.0, 0.0, 0.0, 0.0, 0.0, 0.0, 0.0, 0.0, 0.0, 0.0, 0.0, 0.0, 0.0, 0.0, 0.0, 0.0, 0.0, 0.0, 0.0, 0.0], "FOD p proportion": [0.0, 0.0, 0.0, 0.0, 0.0, 0.0, 0.0, 0.0, 0.0, 0.0, 0.0, 0.0, 0.0, 0.0, 0.0, 0.0, 0.0, 0.0, 0.0, 0.0, 0.0, 0.0, 0.0, 0.0, 0.0, 0.0, 0.0, 0.0, 0.0, 0.0, 0.0, 0.0, 0.0], "FOD d proportion": [0.0, 0.0, 0.0, 0.0, 0.0, 0.0, 0.0, 0.0, 0.0, 0.0, 0.0, 0.0, 0.0, 0.0, 0.0, 0.0, 0.0, 0.0, 0.0, 0.0, 0.0, 0.0, 0.0, 0.0, 0.0, 0.0, 0.0, 0.0, 0.0, 0.0, 0.0, 0.0, 0.0], "coordinates": [["0.52040", "3.98710", "1.02520"], ["-0.37690", "2.81980", "0.63730"], ["0.42480", "1.71200", "-0.05590"], ["-0.38970", "0.46130", "-0.50140"], ["-1.49000", "0.85780", "-1.50510"], ["0.56950", "-0.52190", "-1.22320"], ["1.52730", "-1.03200", "-0.28710"], ["2.22940", "-2.09970", "-0.72120"], ["2.96800", "-2.60020", "0.29440"], ["2.19470", "-2.58650", "-1.83930"], ["-1.02660", "-0.22640", "0.73320"], ["-1.67810", "-1.45370", "0.35690"], ["-1.20060", "-2.59110", "0.90820"], ["-1.90230", "-3.64830", "0.44360"], ["-0.27280", "-2.69840", "1.69350"], ["1.30570", "3.66550", "1.71670"], ["0.99690", "4.42600", "0.14280"], ["-0.06670", "4.76840", "1.51790"], ["-1.16570", "3.19360", "-0.02330"], ["-0.85800", "2.43660", "1.54280"], ["0.92020", "2.14370", "-0.93620"], ["1.23010", "1.39590", "0.62050"], ["-2.26240", "1.47620", "-1.03650"], ["-1.99200", "-0.02490", "-1.91750"], ["-1.07070", "1.42140", "-2.34600"], ["1.10630", "-0.00940", "-2.03120"], ["0.00160", "-1.35220", "-1.66240"], ["3.34580", "-3.52520", "0.15660"], ["2.66860", "-2.33950", "1.22410"], ["-1.80910", "0.40940", "1.16170"], ["-0.28150", "-0.37810", "1.52300"], ["-2.57440", "-3.50980", "-0.29480"], ["-1.59160", "-4.57730", "0.68310"]], "bond_dist": [[0.0, 1.5225646094665408, 2.5207135061327377, 3.948424395882489, 4.49851583747351, 5.038729440047362, 5.284632788567244, 6.558942612952182, 7.0652201444824065, 7.363481357347216, 4.498005696972825, 5.906126630880851, 6.8006062406229635, 8.031629162878476, 6.7654786512116045, 1.094666570239541, 1.094675851565202, 1.0944721969972557, 2.1382066574585346, 2.1382110676918686, 2.721222806019382, 2.716941961102592, 4.277756601304006, 5.573847957201559, 4.525417675751045, 5.065261298294491, 6.000039307371244, 8.072917837436474, 6.6843243495509705, 4.2714329902270505, 4.466074281737821, 8.217280368224028, 8.827600113847476], [1.5225646094665408, 0.0, 1.5331242513247254, 2.619031076562475, 3.1109987737059623, 3.9400624487436744, 4.395094565535536, 5.730602253690269, 6.3782706449319, 6.478792619771063, 3.1161901963776217, 4.475996855450192, 5.4799367979932025, 6.648359381080418, 5.6193350576380485, 2.17058877035702, 2.170653157462058, 2.160722647634351, 1.0946799714985198, 1.0946367890766324, 2.148367256778971, 2.147142857380477, 2.8569175084345715, 4.150646833928418, 3.3670402269649227, 4.162348751606477, 4.778856174860256, 7.372149807213632, 6.019782469491735, 2.8524060650615652, 3.319658123963972, 6.764735975631273, 7.496311235534448], [2.5207135061327377, 1.5331242513247254, 0.0, 1.5576042469125462, 2.5487834980633406, 2.5246458345676923, 2.9662258326027704, 4.26945689051898, 5.01853018024202, 4.978972165015587, 2.5468873807061043, 3.822858713057547, 4.6997961211099355, 5.864956159256435, 4.79569330545647, 2.781053365183775, 2.7807509956844396, 3.4727510204447425, 2.1739115828386395, 2.1740429365585214, 1.0985054119120214, 1.0981549344241002, 2.8702302764760876, 3.5104555843935694, 2.750550239497545, 2.707299447789254, 3.485579167082567, 6.000471738955196, 4.804965212152946, 2.85825571459238, 2.712987819729385, 6.026563621998858, 6.645847158188337], [3.948424395882489, 2.619031076562475, 1.5576042469125462, 0.0, 1.5411962983345115, 1.5516900850363131, 2.43941763132105, 3.6697026923171854, 4.613049878334289, 4.214046109144987, 1.5501000161279916, 2.46249435532348, 3.4585657041611917, 4.479932579849835, 3.8490200973754347, 4.249852516264536, 4.2492939754740435, 4.767914837746161, 2.8803157639397803, 2.8809492567554877, 2.17608796007882, 2.180800038976522, 2.196214768641719, 2.192964874319696, 2.188173249539442, 2.190858856704375, 2.1885654982202385, 5.502645409255442, 4.491662251327453, 2.1870737481850036, 2.194195743319178, 4.537095200676309, 5.313670465883257], [4.49851583747351, 3.1109987737059623, 2.5487834980633406, 1.5411962983345115, 0.0, 2.494910810029088, 3.7628403274654105, 4.816143874512057, 5.921969963618526, 5.054889338056769, 2.5298648363104306, 2.974131446321766, 4.219322274963125, 4.926698711104628, 4.935501619896401, 5.1067712911388545, 4.65105334951127, 5.143646979527269, 2.7851146062594982, 3.4902332085406558, 2.790385288808698, 3.4938046568175505, 1.0948087869577958, 1.0960096030601192, 1.0957053709825466, 2.787398561382997, 2.670901317907496, 6.734752967258711, 5.913139089350089, 2.7229964395863613, 3.486733524374927, 4.6601157936257325, 5.859936331565387], [5.038729440047362, 3.9400624487436744, 2.5246458345676923, 1.5516900850363131, 2.494910810029088, 0.0, 1.4331315571153962, 2.344509511603653, 3.5178463440008287, 2.6987825792382756, 2.5421165236865124, 2.901150290832931, 3.457991991026006, 4.319999356481434, 3.735473253819387, 5.169073534977037, 5.150761222382572, 5.992132653738567, 4.272659511358236, 4.29432584930394, 2.70384593680927, 2.7410908211877985, 3.4708670544980547, 2.7000636548051977, 2.779811283162942, 1.0971210006193484, 1.0976361601186433, 4.316422201314417, 3.701238692654123, 3.494682483431077, 2.878627082482203, 4.435490973950911, 4.974997694471828], [5.284632788567244, 4.395094565535536, 2.9662258326027704, 2.43941763132105, 3.7628403274654105, 1.4331315571153962, 0.0, 1.3495816055355823, 2.207489519793922, 2.295913293223418, 2.8657300396234118, 3.296536978406279, 3.361692030808295, 4.375054781371314, 3.1527805711784, 5.111832083509786, 5.500536534739134, 6.280406130179799, 5.017722072813519, 4.590139002252546, 3.2977222002467097, 2.608977579436052, 4.605919418530897, 4.00723434053962, 4.124056833992471, 2.0651480745941684, 2.078879173978132, 3.1176687091479107, 2.3012708184826924, 3.912572090070674, 2.6411748635787067, 4.792024104697304, 4.820578527521359], [6.558942612952182, 5.730602253690269, 4.26945689051898, 3.6697026923171854, 4.816143874512057, 2.344509511603653, 1.3495816055355823, 0.0, 1.351840807935609, 1.2199696471634038, 4.0281594121881525, 4.104652465191176, 3.829010096617662, 4.563536555129147, 3.5284872991127516, 6.327251310008162, 6.69703760927173, 7.580002746041719, 6.32714732798281, 5.935971062092537, 4.445972694473054, 3.8753036964862506, 5.750021055613623, 4.853467491392108, 5.0920310545007474, 2.7104995296070427, 2.5313448066195963, 2.012195827945183, 2.0086295751083623, 5.113743977752504, 3.782189711000758, 5.024608781785901, 4.765564106168334], [7.0652201444824065, 6.3782706449319, 5.01853018024202, 4.613049878334289, 5.921969963618526, 3.5178463440008287, 2.207489519793922, 1.351840807935609, 0.0, 2.2695497945627894, 4.667365535288617, 4.7858764829443725, 4.2135565986468, 4.984034143141478, 3.531275787870441, 6.6366539061487915, 7.299020770623961, 8.06242037480061, 7.12436154472806, 6.447180220840735, 5.3115391752297185, 4.369834416771418, 6.763535756540361, 6.010513430648001, 6.2814071998239385, 3.947985168411857, 3.766443840016734, 1.0086360493260191, 1.0109139132487988, 5.712318781370661, 4.123886106574719, 5.647364567654544, 4.984973847474027], [7.363481357347216, 6.478792619771063, 4.978972165015587, 4.214046109144987, 5.054889338056769, 2.6987825792382756, 2.295913293223418, 1.2199696471634038, 2.2695497945627894, 0.0, 4.750221252741813, 4.59402983446995, 4.367704145200313, 4.8087899361481785, 4.310655831773166, 7.247272659421612, 7.385025490815858, 8.395193613610111, 6.928181591875316, 6.781527210739481, 4.98143873795513, 4.77918182956037, 6.084057818594428, 4.908805016498414, 5.194501367792678, 2.8040835543899187, 2.522791650136808, 2.4879320147463835, 3.109663932002942, 5.831966413655003, 4.7237335117468255, 5.097281427388525, 4.966070286453868], [4.498005696972825, 3.1161901963776217, 2.5468873807061043, 1.5501000161279916, 2.5298648363104306, 2.5421165236865124, 2.8657300396234118, 4.0281594121881525, 4.667365535288617, 4.750221252741813, 0.0, 1.43955521950358, 2.3775422372694033, 3.5440257137893343, 2.7570227655933492, 4.642604996120174, 5.107636456326937, 5.146376311541937, 3.5054302246657256, 2.7884488734778694, 3.4920338787016374, 2.7815918949407368, 2.749161052030237, 2.8282167349762997, 3.4926583414356465, 3.498322279321904, 2.839633821463605, 5.507488607341825, 4.284936109208631, 1.0955182061472095, 1.0963443528381034, 3.7726892795458253, 4.387717609418364], [5.906126630880851, 4.475996855450192, 3.822858713057547, 2.46249435532348, 2.974131446321766, 2.901150290832931, 3.296536978406279, 4.104652465191176, 4.7858764829443725, 4.59402983446995, 1.43955521950358, 0.0, 1.3511538402417393, 2.2077254562105315, 2.3044838337467244, 6.079336075592465, 6.463152164385424, 6.531390309114897, 4.690895766268954, 4.148898276651284, 4.622181006840818, 4.080114258204051, 3.2965563941786287, 2.704237047671672, 3.9925935405447923, 3.942322597150061, 2.6285484264133316, 5.437904334392064, 4.520008669239474, 2.0337172001042823, 2.11357425466909, 2.335725538242882, 3.1417774666580067], [6.8006062406229635, 5.4799367979932025, 4.6997961211099355, 3.4585657041611917, 4.219322274963125, 3.457991991026006, 3.361692030808295, 3.829010096617662, 4.2135565986468, 4.367704145200313, 2.3775422372694033, 1.3511538402417393, 0.0, 1.351261591994681, 1.220254981550987, 6.788243918717123, 7.3928706075515755, 7.47125849840574, 5.85932285763466, 5.079159301498624, 5.506172449170113, 4.6783803586284005, 4.631652687756283, 3.898240229898614, 5.167866861675134, 4.541699556333509, 3.0964725753670095, 4.701829253599072, 3.8902190182559133, 3.0720570876857085, 2.473882141493406, 2.044148998972433, 2.0367968602685935], [8.031629162878476, 6.648359381080418, 5.864956159256435, 4.479932579849835, 4.926698711104628, 4.319999356481434, 4.375054781371314, 4.563536555129147, 4.984034143141478, 4.8087899361481785, 3.5440257137893343, 2.2077254562105315, 1.351261591994681, 0.0, 2.2627041941005017, 8.087256521837304, 8.584297395244413, 8.681266424894467, 6.897258207432864, 6.270949779738313, 6.589204678107973, 5.9403010874870645, 5.346107768274036, 4.325721542124504, 5.845963120821068, 5.330844418101132, 3.6513211882824006, 5.257383020096595, 4.818222130620381, 4.121805810564102, 3.8060878917860004, 1.0080353267619144, 1.008432318006519], [6.7654786512116045, 5.6193350576380485, 4.79569330545647, 3.8490200973754347, 4.935501619896401, 3.735473253819387, 3.1527805711784, 3.5284872991127516, 3.531275787870441, 4.310655831773166, 2.7570227655933492, 2.3044838337467244, 1.220254981550987, 2.2627041941005017, 0.0, 6.556784554947646, 7.4009380445994815, 7.471707623428529, 6.201639835559624, 5.170434655809896, 5.6377746939727915, 4.491473021181358, 5.370166973195526, 4.81067270659728, 5.824685115952621, 4.796459934159776, 3.626239734215045, 4.017452651867847, 3.0001632505582094, 3.5073422658759728, 2.3265721630759706, 3.1478674384414598, 2.5080683423702794], [1.094666570239541, 2.17058877035702, 2.781053365183775, 4.249852516264536, 5.1067712911388545, 5.169073534977037, 5.111832083509786, 6.327251310008162, 6.6366539061487915, 7.247272659421612, 4.642604996120174, 6.079336075592465, 6.788243918717123, 8.087256521837304, 6.556784554947646, 0.0, 1.7750715196858968, 1.7718328391809424, 3.059102412473306, 2.494400551234705, 3.082590452849681, 2.521597501585057, 5.01043734019297, 6.140137383642161, 5.214287397142586, 5.25275211484418, 6.188400997834578, 7.6355802994926325, 6.177392343861608, 4.540065115171808, 4.348266837488243, 8.40156166138177, 8.79809229833377], [1.094675851565202, 2.170653157462058, 2.7807509956844396, 4.2492939754740435, 4.65105334951127, 5.150761222382572, 5.500536534739134, 6.69703760927173, 7.299020770623961, 7.385025490815858, 5.107636456326937, 6.463152164385424, 7.3928706075515755, 8.584297395244413, 7.4009380445994815, 1.7750715196858968, 0.0, 1.7718303332994387, 2.4946418039470113, 3.0591447121703808, 2.525671629487887, 3.076375389967876, 4.551384956252328, 5.7435938322621665, 4.41550861849459, 4.940750704093459, 6.134897258308407, 8.290904841451264, 7.0523599475636525, 5.004484865598057, 5.159325092490296, 8.713357509594106, 9.383584988158843], [1.0944721969972557, 2.160722647634351, 3.4727510204447425, 4.767914837746161, 5.143646979527269, 5.992132653738567, 6.280406130179799, 7.580002746041719, 8.06242037480061, 8.395193613610111, 5.146376311541937, 6.531390309114897, 7.47125849840574, 8.681266424894467, 7.471707623428529, 1.7718328391809424, 1.7718303332994387, 0.0, 2.462334965028113, 2.4625326271950185, 3.726342511095833, 3.7230059427833306, 4.710057185427795, 6.203585909778311, 5.209620735715797, 6.0662519441579414, 6.8978777417405714, 9.070947850142232, 7.621707613127127, 4.707835723557057, 5.150983139168677, 8.83759219584158, 9.506014913726993], [2.1382066574585346, 1.0946799714985198, 2.1739115828386395, 2.8803157639397803, 2.7851146062594982, 4.272659511358236, 5.017722072813519, 6.32714732798281, 7.12436154472806, 6.928181591875316, 3.5054302246657256, 4.690895766268954, 5.85932285763466, 6.897258207432864, 6.201639835559624, 3.059102412473306, 2.4946418039470113, 2.462334965028113, 0.0, 1.7664646897121947, 2.507320328557961, 3.063667960141895, 2.2756950344894635, 3.824853929237037, 2.9231238649773292, 4.41053912917684, 4.971271038678136, 8.09495334761109, 6.846390206524895, 3.0935349036337056, 3.9912271571535487, 6.855196532558349, 7.81455555869942], [2.1382110676918686, 1.0946367890766324, 2.1740429365585214, 2.8809492567554877, 3.4902332085406558, 4.29432584930394, 4.590139002252546, 5.935971062092537, 6.447180220840735, 6.781527210739481, 2.7884488734778694, 4.148898276651284, 5.079159301498624, 6.270949779738313, 5.170434655809896, 2.494400551234705, 3.0591447121703808, 2.4625326271950185, 1.7664646897121947, 0.0, 3.0648371327037918, 2.508755745384552, 3.0899022654446533, 4.395294568057982, 4.024753131559748, 4.755509067387003, 5.0365885914972255, 7.425398583241172, 5.945553671442214, 2.271424280049854, 2.873200372407048, 6.45619668845366, 7.104368111239731], [2.721222806019382, 2.148367256778971, 1.0985054119120214, 2.17608796007882, 2.790385288808698, 2.70384593680927, 3.2977222002467097, 4.445972694473054, 5.3115391752297185, 4.98143873795513, 3.4920338787016374, 4.622181006840818, 5.506172449170113, 6.589204678107973, 5.6377746939727915, 3.082590452849681, 2.525671629487887, 3.726342511095833, 2.507320328557961, 3.0648371327037918, 0.0, 1.7545819274117698, 3.2533919376552216, 3.761207849880142, 2.544196560802644, 2.4227046497664544, 3.6868020302153464, 6.2621221969872165, 5.274739888373643, 3.854615336191148, 3.721723091526289, 6.677251333445521, 7.355481814945912], [2.716941961102592, 2.147142857380477, 1.0981549344241002, 2.180800038976522, 3.4938046568175505, 2.7410908211877985, 2.608977579436052, 3.8753036964862506, 4.369834416771418, 4.77918182956037, 2.7815918949407368, 4.080114258204051, 4.6783803586284005, 5.9403010874870645, 4.491473021181358, 2.521597501585057, 3.076375389967876, 3.7230059427833306, 3.063667960141895, 2.508755745384552, 1.7545819274117698, 0.0, 3.8664781571864593, 4.340742453774469, 3.7542580012567064, 3.0036157244228163, 3.7779489501580086, 5.3766732195661655, 4.048064768503587, 3.2408048892211947, 2.4993032649120437, 6.2751802229099365, 6.606438366472513], [4.277756601304006, 2.8569175084345715, 2.8702302764760876, 2.196214768641719, 1.0948087869577958, 3.4708670544980547, 4.605919418530897, 5.750021055613623, 6.763535756540361, 6.084057818594428, 2.749161052030237, 3.2965563941786287, 4.631652687756283, 5.346107768274036, 5.370166973195526, 5.01043734019297, 4.551384956252328, 4.710057185427795, 2.2756950344894635, 3.0899022654446533, 3.2533919376552216, 3.8664781571864593, 0.0, 1.7614137418562397, 1.7714237719981067, 3.813735064211986, 3.676587190588576, 7.608508185577512, 6.632091664776656, 2.4850807572390883, 3.730071520762035, 5.050510755359303, 6.328653810250644], [5.573847957201559, 4.150646833928418, 3.5104555843935694, 2.192964874319696, 1.0960096030601192, 2.7000636548051977, 4.00723434053962, 4.853467491392108, 6.010513430648001, 4.908805016498414, 2.8282167349762997, 2.704237047671672, 3.898240229898614, 4.325721542124504, 4.81067270659728, 6.140137383642161, 5.7435938322621665, 6.203585909778311, 3.824853929237037, 4.395294568057982, 3.761207849880142, 4.340742453774469, 1.7614137418562397, 0.0, 1.7675377308561193, 3.1004242983824004, 2.408576812144467, 6.711639124684819, 6.0785044279000084, 3.1150508085743964, 3.8584453786466906, 3.88804231715654, 5.25811622922126], [4.525417675751045, 3.3670402269649227, 2.750550239497545, 2.188173249539442, 1.0957053709825466, 2.779811283162942, 4.124056833992471, 5.0920310545007474, 6.2814071998239385, 5.194501367792678, 3.4926583414356465, 3.9925935405447923, 5.167866861675134, 5.845963120821068, 5.824685115952621, 5.214287397142586, 4.41550861849459, 5.209620735715797, 2.9231238649773292, 4.024753131559748, 2.544196560802644, 3.7542580012567064, 1.7714237719981067, 1.7675377308561193, 0.0, 2.624045860879722, 3.0512281478119596, 7.087829750353771, 6.393148466131536, 3.7246929873480847, 4.339377592466459, 5.548447401751232, 6.740265967304258], [5.065261298294491, 4.162348751606477, 2.707299447789254, 2.190858856704375, 2.787398561382997, 1.0971210006193484, 2.0651480745941684, 2.7104995296070427, 3.947985168411857, 2.8040835543899187, 3.498322279321904, 3.942322597150061, 4.541699556333509, 5.330844418101132, 4.796459934159776, 5.25275211484418, 4.940750704093459, 6.0662519441579414, 4.41053912917684, 4.755509067387003, 2.4227046497664544, 3.0036157244228163, 3.813735064211986, 3.1004242983824004, 2.624045860879722, 0.0, 1.777494689162249, 4.707725430608714, 4.297339338474448, 4.343910796736047, 3.8333100800743996, 5.368001267697317, 5.959177737742012], [6.000039307371244, 4.778856174860256, 3.485579167082567, 2.1885654982202385, 2.670901317907496, 1.0976361601186433, 2.078879173978132, 2.5313448066195963, 3.766443840016734, 2.522791650136808, 2.839633821463605, 2.6285484264133316, 3.0964725753670095, 3.6513211882824006, 3.626239734215045, 6.188400997834578, 6.134897258308407, 6.8978777417405714, 4.971271038678136, 5.0365885914972255, 3.6868020302153464, 3.7779489501580086, 3.676587190588576, 2.408576812144467, 3.0512281478119596, 1.777494689162249, 0.0, 4.3834191722900515, 4.052102237111004, 3.7891172929852672, 3.3430210259584068, 3.627856601355681, 4.294289987879254], [8.072917837436474, 7.372149807213632, 6.000471738955196, 5.502645409255442, 6.734752967258711, 4.316422201314417, 3.1176687091479107, 2.012195827945183, 1.0086360493260191, 2.4879320147463835, 5.507488607341825, 5.437904334392064, 4.701829253599072, 5.257383020096595, 4.017452651867847, 7.6355802994926325, 8.290904841451264, 9.070947850142232, 8.09495334761109, 7.425398583241172, 6.2621221969872165, 5.3766732195661655, 7.608508185577512, 6.711639124684819, 7.087829750353771, 4.707725430608714, 4.3834191722900515, 0.0, 1.7332168300590665, 6.562339306984971, 4.992854159696636, 5.93740407585672, 5.0756315291793985], [6.6843243495509705, 6.019782469491735, 4.804965212152946, 4.491662251327453, 5.913139089350089, 3.701238692654123, 2.3012708184826924, 2.0086295751083623, 1.0109139132487988, 3.109663932002942, 4.284936109208631, 4.520008669239474, 3.8902190182559133, 4.818222130620381, 3.0001632505582094, 6.177392343861608, 7.0523599475636525, 7.621707613127127, 6.846390206524895, 5.945553671442214, 5.274739888373643, 4.048064768503587, 6.632091664776656, 6.0785044279000084, 6.393148466131536, 4.297339338474448, 4.052102237111004, 1.7332168300590665, 0.0, 5.254535399062414, 3.555210426964908, 5.582625574046679, 4.842492527614266], [4.2714329902270505, 2.8524060650615652, 2.85825571459238, 2.1870737481850036, 2.7229964395863613, 3.494682483431077, 3.912572090070674, 5.113743977752504, 5.712318781370661, 5.831966413655003, 1.0955182061472095, 2.0337172001042823, 3.0720570876857085, 4.121805810564102, 3.5073422658759728, 4.540065115171808, 5.004484865598057, 4.707835723557057, 3.0935349036337056, 2.271424280049854, 3.854615336191148, 3.2408048892211947, 2.4850807572390883, 3.1150508085743964, 3.7246929873480847, 4.343910796736047, 3.7891172929852672, 6.562339306984971, 5.254535399062414, 0.0, 1.7562049140120297, 4.250553491017376, 5.014333564891749], [4.466074281737821, 3.319658123963972, 2.712987819729385, 2.194195743319178, 3.486733524374927, 2.878627082482203, 2.6411748635787067, 3.782189711000758, 4.123886106574719, 4.7237335117468255, 1.0963443528381034, 2.11357425466909, 2.473882141493406, 3.8060878917860004, 2.3265721630759706, 4.348266837488243, 5.159325092490296, 5.150983139168677, 3.9912271571535487, 2.873200372407048, 3.721723091526289, 2.4993032649120437, 3.730071520762035, 3.8584453786466906, 4.339377592466459, 3.8333100800743996, 3.3430210259584068, 4.992854159696636, 3.555210426964908, 1.7562049140120297, 0.0, 4.285945886265948, 4.4782892559547784], [8.217280368224028, 6.764735975631273, 6.026563621998858, 4.537095200676309, 4.6601157936257325, 4.435490973950911, 4.792024104697304, 5.024608781785901, 5.647364567654544, 5.097281427388525, 3.7726892795458253, 2.335725538242882, 2.044148998972433, 1.0080353267619144, 3.1478674384414598, 8.40156166138177, 8.713357509594106, 8.83759219584158, 6.855196532558349, 6.45619668845366, 6.677251333445521, 6.2751802229099365, 5.050510755359303, 3.88804231715654, 5.548447401751232, 5.368001267697317, 3.627856601355681, 5.93740407585672, 5.582625574046679, 4.250553491017376, 4.285945886265948, 0.0, 1.7497829865443315], [8.827600113847476, 7.496311235534448, 6.645847158188337, 5.313670465883257, 5.859936331565387, 4.974997694471828, 4.820578527521359, 4.765564106168334, 4.984973847474027, 4.966070286453868, 4.387717609418364, 3.1417774666580067, 2.0367968602685935, 1.008432318006519, 2.5080683423702794, 8.79809229833377, 9.383584988158843, 9.506014913726993, 7.81455555869942, 7.104368111239731, 7.355481814945912, 6.606438366472513, 6.328653810250644, 5.25811622922126, 6.740265967304258, 5.959177737742012, 4.294289987879254, 5.0756315291793985, 4.842492527614266, 5.014333564891749, 4.4782892559547784, 1.7497829865443315, 0.0]]}