{"total energy": -30.27700132, "HOMO-LUMO gap/eV": 4.71018195, "electronic energy": -30.62469533, "dipole": [-0.41009649, -0.9213741, -0.00779202], "partial charges": [-0.10295786, -0.058618, 0.08107527, -0.2656654, 0.35280112, -0.41079142, -0.08616215, -0.04649664, -0.10255453, 0.03781461, 0.04699273, 0.03834987, 0.04943059, 0.04244652, 0.05146747, 0.04682608, 0.06031957, 0.06492161, 0.04372563, 0.04061999, 0.03799328, 0.04154584, 0.0369158], "atomic dipole moments": [[0.06917178, 0.03268288, 0.0932014], [0.03997026, 0.06721164, -0.10494231], [0.11038001, -0.16167988, -0.14813747], [0.01365719, 0.21488365, 0.07933915], [-0.13282906, -0.055879, 0.07389377], [-0.03030927, -0.16882626, -0.04762632], [-0.01644576, -0.02363118, 0.11790309], [-0.00029921, 0.13427659, 0.00076313], [-0.08153579, -0.04056305, -0.06753313], [-0.0546625, 0.10015737, -0.05503473], [0.06454966, -0.06558581, -0.09047497], [-0.09166459, -0.07457847, 0.04034295], [0.04602971, -0.10682847, 0.04865299], [-0.07284199, 0.05236063, 0.08699663], [-0.04912901, 0.10416263, -0.05771138], [0.06620493, 0.03029576, 0.10289638], [-0.07341831, -0.0467275, -0.09389008], [0.07561344, 0.08186511, -0.06311257], [-0.07454654, -0.07757706, 0.06721472], [0.0541308, -0.07054178, -0.08250989], [-0.04914444, 0.06744572, 0.09802636], [0.08406699, 0.07363254, -0.06114398], [0.06385217, -0.09413321, 0.05063654]], "atomic quadrupole moments": [[0.00604858, 0.0684399, -0.10005751, 0.17116072, 0.06326966, 0.09400893], [0.07298712, 0.22486219, -0.07305247, 0.05844999, -0.00407518, 6.535e-05], [0.09502812, -0.04811861, -0.06294957, -0.37343162, 0.18472877, -0.03207855], [0.00556546, -0.0204156, -0.00322637, -0.0694686, 0.04560826, -0.00233908], [0.07904913, -0.06021197, -0.27320681, 0.26676025, -0.27167426, 0.19415768], [-0.01238504, -0.0519612, -0.06719194, 0.14027304, -0.07452508, 0.07957698], [-0.03609562, -0.18971265, 0.06225273, -0.05149086, 0.02728132, -0.02615711], [0.01791559, -0.05367326, 0.02382945, 0.22113168, -0.04502932, -0.04174504], [0.05422155, 0.08573063, -0.06343546, 0.1667666, 0.07576178, 0.00921391], [-0.03211799, -0.03631775, 0.05190693, 0.02552368, -0.03256416, -0.01978894], [0.01171105, -0.03637836, -0.02323295, -0.03780777, 0.0378542, 0.01152191], [0.0189836, 0.06001749, -0.00618723, -0.02809865, -0.02756409, -0.01279637], [-0.00695931, -0.02561189, 0.03218028, 0.03038708, -0.01890412, -0.02522097], [0.01056347, -0.01944754, -0.01506357, -0.02966363, 0.04181246, 0.0045001], [-0.00480727, -0.0266688, 0.00436936, -0.00522565, -0.02787332, 0.0004379], [0.01371039, 0.00708436, -0.03640971, 0.0161462, 0.01871433, 0.02269932], [0.00924856, 0.02672706, -0.00799687, 0.03960912, 0.03135151, -0.00125169], [0.02182435, 0.03449651, 0.00767025, -0.02975956, -0.02165643, -0.0294946], [0.0193894, 0.0281451, -0.02071797, -0.02339136, -0.02591848, 0.00132858], [-0.00267391, -0.03076829, -0.02114121, -0.01661271, 0.03331386, 0.02381512], [0.00044529, -0.02762126, -0.0118705, -0.03762027, 0.04902188, 0.01142522], [-0.00177287, 0.04806414, -0.00643153, -0.0342988, -0.03703704, 0.0082044], [-0.01554202, -0.04441129, 0.04326399, 0.03314482, -0.03175625, -0.02772197]], "number of molecular orbitals": 50, "number of electrons": 54, "number of unpaired electrons": 0, "orbital energies/eV": [-20.00424404, -19.26517493, -18.28866196, -17.35376538, -16.88554685, -16.49922528, -16.48489942, -15.90869055, -15.74519839, -15.60597377, -15.01818304, -14.86321335, -14.26179145, -13.95728107, -13.78508936, -13.71830288, -13.39465544, -13.21962452, -13.00098922, -12.72713264, -12.33926386, -12.23299702, -12.1979366, -12.08984627, -11.9866669, -11.85164843, -11.14668798, -6.43650603, 0.0951702, 2.25743466, 2.49466231, 2.98046799, 3.11072562, 3.2649086, 3.40833848, 3.71838282, 3.89803981, 4.25485739, 4.66366059, 4.76862043, 4.93928558, 5.3612699, 5.71340508, 6.37711149, 6.64454204, 6.78089273, 7.22581254, 7.49947267, 7.596405, 16.0923615], "fractional occupation": [2.0, 2.0, 2.0, 2.0, 2.0, 2.0, 2.0, 2.0, 2.0, 2.0, 2.0, 2.0, 2.0, 2.0, 2.0, 2.0, 2.0, 2.0, 2.0, 2.0, 2.0, 2.0, 2.0, 2.0, 2.0, 2.0, 2.0, 0.0, 0.0, 0.0, 0.0, 0.0, 0.0, 0.0, 0.0, 0.0, 0.0, 0.0, 0.0, 0.0, 0.0, 0.0, 0.0, 0.0, 0.0, 0.0, 0.0, 0.0, 0.0, 0.0], "program call": "xtb /home/svss/Project-DBcg-Debug/aqme2_20220329/End-to-End-workflows-final/example-3/QDESCP/mol_329_rdkit_conf_14/mol_329_rdkit_conf_14.xyz --pop --wbo --acc 0.2 --gfn 2 --chrg 0 --uhf 0 --etemp 300 --input /home/svss/Project-DBcg-Debug/aqme2_20220329/End-to-End-workflows-final/example-3/QDESCP/mol_329_rdkit_conf_14/mol_329_rdkit_conf_14_xtb.inp", "method": "GFN2-xTB", "xtb version": "6.3.3 (7355c4f)", "Dipole module/D": 2.563, "Total charge": 0, "Transition dipole module/D": NaN, "HOMO": -11.1467, "LUMO": -6.4365, "HOMO occupancy": 2.0, "LUMO occupancy": 0, "mulliken charges": [-0.08116, -0.04958, 0.19864, -0.42249, 0.5742, -0.53055, -0.07847, -0.02845, -0.08728, 0.02791, 0.03797, 0.02953, 0.03668, 0.02825, 0.03966, 0.03889, 0.05195, 0.05059, 0.0335, 0.0284, 0.03808, 0.03309, 0.03064], "cm5 charges": [-0.23032, -0.15865, 0.11807, -0.50758, 0.62326, -0.57958, -0.17702, -0.13859, -0.2368, 0.07963, 0.09164, 0.08039, 0.09344, 0.08278, 0.10507, 0.10387, 0.1103, 0.10923, 0.09073, 0.08281, 0.09116, 0.08469, 0.08146], "FUKUI+": [0.015, 0.008, 0.027, -0.125, -0.184, -0.277, 0.021, 0.008, 0.021, -0.014, -0.001, -0.033, -0.024, -0.039, -0.038, -0.038, -0.091, -0.071, -0.033, -0.062, 0.002, -0.027, -0.046], "FUKUI-": [0.015, 0.004, 0.017, -0.046, -0.017, -0.137, -0.004, 0.007, 0.019, -0.065, -0.064, -0.053, -0.065, -0.082, -0.039, -0.033, -0.054, -0.052, -0.061, -0.109, -0.07, -0.057, -0.053], "FUKUIrad": [0.015, 0.006, 0.022, -0.085, -0.1, -0.207, 0.009, 0.008, 0.02, -0.04, -0.032, -0.043, -0.044, -0.061, -0.039, -0.036, -0.073, -0.061, -0.047, -0.086, -0.034, -0.042, -0.05], "s proportion": [1.006, 1.03, 0.997, 1.7, 0.989, 1.731, 1.039, 1.026, 1.009, 0.972, 0.962, 0.97, 0.963, 0.972, 0.96, 0.961, 0.948, 0.949, 0.966, 0.972, 0.962, 0.967, 0.969], "p proportion": [3.075, 3.02, 2.804, 4.723, 2.436, 4.799, 3.04, 3.003, 3.079, 0.0, 0.0, 0.0, 0.0, 0.0, 0.0, 0.0, 0.0, 0.0, 0.0, 0.0, 0.0, 0.0, 0.0], "d proportion": [0.0, 0.0, 0.0, 0.0, 0.0, 0.0, 0.0, 0.0, 0.0, 0.0, 0.0, 0.0, 0.0, 0.0, 0.0, 0.0, 0.0, 0.0, 0.0, 0.0, 0.0, 0.0, 0.0], "Fermi-level/eV": -8.7916, "Coordination numbers": [3.75, 3.798, 3.705, 1.702, 2.72, 0.856, 3.803, 3.801, 3.749, 0.924, 0.924, 0.924, 0.924, 0.924, 0.924, 0.924, 0.924, 0.924, 0.924, 0.924, 0.924, 0.924, 0.924], "Dispersion coefficient C6": [22.531, 21.631, 19.372, 18.404, 21.01, 21.898, 22.142, 21.407, 22.524, 2.478, 2.358, 2.471, 2.327, 2.417, 2.302, 2.36, 2.195, 2.142, 2.4, 2.441, 2.476, 2.428, 2.49], "Total dispersion C6": 3951.414, "Total dispersion C8": 83677.463507, "Polarizability alpha": [6.77, 6.622, 6.292, 5.792, 7.503, 6.274, 6.699, 6.587, 6.769, 2.462, 2.401, 2.458, 2.386, 2.431, 2.373, 2.402, 2.317, 2.289, 2.423, 2.443, 2.461, 2.437, 2.468], "Total polarizability alpha": 93.060145, "Wiberg matrix": [[0.0, 1.0207257143433888, 0.0, 0.0, 0.0, 0.0, 0.0, 0.0, 0.0, 0.98722205561143, 0.9868207291903608, 0.987009280106517, 0.0, 0.0, 0.0, 0.0, 0.0, 0.0, 0.0, 0.0, 0.0, 0.0, 0.0], [1.0207257143433888, 0.0, 1.0059431594101933, 0.0, 0.0, 0.0, 0.0, 0.0, 0.0, 0.0, 0.0, 0.0, 0.9761651485823988, 0.9751691063052745, 0.0, 0.0, 0.0, 0.0, 0.0, 0.0, 0.0, 0.0, 0.0], [0.0, 1.0059431594101933, 0.0, 0.9427210751863925, 0.0, 0.0, 0.0, 0.0, 0.0, 0.0, 0.0, 0.0, 0.0, 0.0, 0.9683354275504452, 0.9695801677741853, 0.0, 0.0, 0.0, 0.0, 0.0, 0.0, 0.0], [0.0, 0.0, 0.9427210751863925, 0.0, 1.1244105367479258, 0.17209884396812453, 0.0, 0.0, 0.0, 0.0, 0.0, 0.0, 0.0, 0.0, 0.0, 0.0, 0.0, 0.0, 0.0, 0.0, 0.0, 0.0, 0.0], [0.0, 0.0, 0.0, 1.1244105367479258, 0.0, 1.7562154818631686, 0.9779057436520833, 0.0, 0.0, 0.0, 0.0, 0.0, 0.0, 0.0, 0.0, 0.0, 0.0, 0.0, 0.0, 0.0, 0.0, 0.0, 0.0], [0.0, 0.0, 0.0, 0.17209884396812453, 1.7562154818631686, 0.0, 0.0, 0.0, 0.0, 0.0, 0.0, 0.0, 0.0, 0.0, 0.0, 0.0, 0.0, 0.0, 0.0, 0.0, 0.0, 0.0, 0.0], [0.0, 0.0, 0.0, 0.0, 0.9779057436520833, 0.0, 0.0, 0.9881049437342642, 0.0, 0.0, 0.0, 0.0, 0.0, 0.0, 0.0, 0.0, 0.9591792259699619, 0.9719518385024318, 0.0, 0.0, 0.0, 0.0, 0.0], [0.0, 0.0, 0.0, 0.0, 0.0, 0.0, 0.9881049437342642, 0.0, 1.0210503810030787, 0.0, 0.0, 0.0, 0.0, 0.0, 0.0, 0.0, 0.0, 0.0, 0.9766280605373343, 0.9760022868679156, 0.0, 0.0, 0.0], [0.0, 0.0, 0.0, 0.0, 0.0, 0.0, 0.0, 1.0210503810030787, 0.0, 0.0, 0.0, 0.0, 0.0, 0.0, 0.0, 0.0, 0.0, 0.0, 0.0, 0.0, 0.9872688782082495, 0.9867079083441745, 0.9866906101369397], [0.98722205561143, 0.0, 0.0, 0.0, 0.0, 0.0, 0.0, 0.0, 0.0, 0.0, 0.0, 0.0, 0.0, 0.0, 0.0, 0.0, 0.0, 0.0, 0.0, 0.0, 0.0, 0.0, 0.0], [0.9868207291903608, 0.0, 0.0, 0.0, 0.0, 0.0, 0.0, 0.0, 0.0, 0.0, 0.0, 0.0, 0.0, 0.0, 0.0, 0.0, 0.0, 0.0, 0.0, 0.0, 0.0, 0.0, 0.0], [0.987009280106517, 0.0, 0.0, 0.0, 0.0, 0.0, 0.0, 0.0, 0.0, 0.0, 0.0, 0.0, 0.0, 0.0, 0.0, 0.0, 0.0, 0.0, 0.0, 0.0, 0.0, 0.0, 0.0], [0.0, 0.9761651485823988, 0.0, 0.0, 0.0, 0.0, 0.0, 0.0, 0.0, 0.0, 0.0, 0.0, 0.0, 0.0, 0.0, 0.0, 0.0, 0.0, 0.0, 0.0, 0.0, 0.0, 0.0], [0.0, 0.9751691063052745, 0.0, 0.0, 0.0, 0.0, 0.0, 0.0, 0.0, 0.0, 0.0, 0.0, 0.0, 0.0, 0.0, 0.0, 0.0, 0.0, 0.0, 0.0, 0.0, 0.0, 0.0], [0.0, 0.0, 0.9683354275504452, 0.0, 0.0, 0.0, 0.0, 0.0, 0.0, 0.0, 0.0, 0.0, 0.0, 0.0, 0.0, 0.0, 0.0, 0.0, 0.0, 0.0, 0.0, 0.0, 0.0], [0.0, 0.0, 0.9695801677741853, 0.0, 0.0, 0.0, 0.0, 0.0, 0.0, 0.0, 0.0, 0.0, 0.0, 0.0, 0.0, 0.0, 0.0, 0.0, 0.0, 0.0, 0.0, 0.0, 0.0], [0.0, 0.0, 0.0, 0.0, 0.0, 0.0, 0.9591792259699619, 0.0, 0.0, 0.0, 0.0, 0.0, 0.0, 0.0, 0.0, 0.0, 0.0, 0.0, 0.0, 0.0, 0.0, 0.0, 0.0], [0.0, 0.0, 0.0, 0.0, 0.0, 0.0, 0.9719518385024318, 0.0, 0.0, 0.0, 0.0, 0.0, 0.0, 0.0, 0.0, 0.0, 0.0, 0.0, 0.0, 0.0, 0.0, 0.0, 0.0], [0.0, 0.0, 0.0, 0.0, 0.0, 0.0, 0.0, 0.9766280605373343, 0.0, 0.0, 0.0, 0.0, 0.0, 0.0, 0.0, 0.0, 0.0, 0.0, 0.0, 0.0, 0.0, 0.0, 0.0], [0.0, 0.0, 0.0, 0.0, 0.0, 0.0, 0.0, 0.9760022868679156, 0.0, 0.0, 0.0, 0.0, 0.0, 0.0, 0.0, 0.0, 0.0, 0.0, 0.0, 0.0, 0.0, 0.0, 0.0], [0.0, 0.0, 0.0, 0.0, 0.0, 0.0, 0.0, 0.0, 0.9872688782082495, 0.0, 0.0, 0.0, 0.0, 0.0, 0.0, 0.0, 0.0, 0.0, 0.0, 0.0, 0.0, 0.0, 0.0], [0.0, 0.0, 0.0, 0.0, 0.0, 0.0, 0.0, 0.0, 0.9867079083441745, 0.0, 0.0, 0.0, 0.0, 0.0, 0.0, 0.0, 0.0, 0.0, 0.0, 0.0, 0.0, 0.0, 0.0], [0.0, 0.0, 0.0, 0.0, 0.0, 0.0, 0.0, 0.0, 0.9866906101369397, 0.0, 0.0, 0.0, 0.0, 0.0, 0.0, 0.0, 0.0, 0.0, 0.0, 0.0, 0.0, 0.0, 0.0]], "Born radii": [], "Atomic SASAs": [], "Solvent H bonds": [], "Total SASA": NaN, "Total FOD": 0.0, "FOD": [0.0, 0.0, 0.0, 0.0, 0.0, 0.0, 0.0, 0.0, 0.0, 0.0, 0.0, 0.0, 0.0, 0.0, 0.0, 0.0, 0.0, 0.0, 0.0, 0.0, 0.0, 0.0, 0.0], "FOD s proportion": [0.0, 0.0, 0.0, 0.0, 0.0, 0.0, 0.0, 0.0, 0.0, 0.0, 0.0, 0.0, 0.0, 0.0, 0.0, 0.0, 0.0, 0.0, 0.0, 0.0, 0.0, 0.0, 0.0], "FOD p proportion": [0.0, 0.0, 0.0, 0.0, 0.0, 0.0, 0.0, 0.0, 0.0, 0.0, 0.0, 0.0, 0.0, 0.0, 0.0, 0.0, 0.0, 0.0, 0.0, 0.0, 0.0, 0.0, 0.0], "FOD d proportion": [0.0, 0.0, 0.0, 0.0, 0.0, 0.0, 0.0, 0.0, 0.0, 0.0, 0.0, 0.0, 0.0, 0.0, 0.0, 0.0, 0.0, 0.0, 0.0, 0.0, 0.0, 0.0, 0.0], "coordinates": [["-3.34700", "-0.31760", "0.10710"], ["-2.45910", "0.09120", "1.27390"], ["-1.34020", "1.03630", "0.84810"], ["-0.47290", "0.35320", "-0.06570"], ["0.56900", "1.10460", "-0.51550"], ["0.79020", "2.26680", "-0.20400"], ["1.42480", "0.30580", "-1.46570"], ["2.19970", "-0.80290", "-0.76180"], ["3.27160", "-0.26390", "0.17470"], ["-3.80310", "0.55930", "-0.36350"], ["-2.77920", "-0.86070", "-0.65490"], ["-4.15180", "-0.97200", "0.45690"], ["-2.02660", "-0.81450", "1.71460"], ["-3.07210", "0.57660", "2.04120"], ["-1.76010", "1.92710", "0.36630"], ["-0.76690", "1.33820", "1.73240"], ["0.77070", "-0.11500", "-2.23830"], ["2.10930", "0.99230", "-1.97720"], ["1.51840", "-1.44730", "-0.19450"], ["2.68070", "-1.43250", "-1.51930"], ["2.83230", "0.31910", "0.99010"], ["3.97850", "0.37490", "-0.36420"], ["3.83390", "-1.09130", "0.61920"]], "bond_dist": [[0.0, 1.5221386566275756, 2.5316738435272423, 2.956397011566613, 4.2125217625550615, 4.887978151546916, 5.062845310692397, 5.635280311572797, 6.619163044524587, 1.0947352099937226, 1.0945311553354706, 1.094670014205194, 2.1387898494242017, 2.1484660714100188, 2.7611798818620996, 3.469897655551241, 4.743142545823392, 5.98592968468558, 5.003928637580676, 6.342030137109094, 6.274458094528961, 7.373237429379309, 7.240592718141243], [1.5221386566275756, 0.0, 1.525272716598576, 2.4100129875168723, 3.660371774833808, 4.180355757588103, 4.757745320001902, 5.162161053279914, 5.845960925288502, 2.169454394542554, 2.174591239750588, 2.159425046163909, 1.0961593086773471, 1.0955051118091599, 2.163993431136056, 2.151458131128747, 4.7759475834644585, 5.679076595715188, 4.510397660960727, 6.044929442929834, 5.303903733100743, 6.648800723438777, 6.436519815863226], [2.5316738435272423, 1.525272716598576, 0.0, 1.4331313059172213, 2.3471502913107205, 2.6757520101833054, 3.6786581371472944, 4.301781800603094, 4.838665811977512, 2.7859253346060804, 2.8157306334235876, 3.4772691713469635, 2.155789379786439, 2.1527399541050003, 1.096344786096053, 1.0962677547022899, 3.9124487804954073, 4.459070120552042, 3.9277064146903853, 5.278938625329906, 4.236070831560776, 5.495060594752346, 5.599141700296574], [2.956397011566613, 2.4100129875168723, 1.4331313059172213, 0.0, 1.3610575336847448, 2.2970445054460744, 2.35870982742685, 2.993979488907698, 3.802615523557437, 3.3498349347393224, 2.672027234142646, 3.945069202181376, 2.6357114921781557, 3.353323099553635, 2.078621911267174, 2.0711891777430664, 2.5467514523408052, 3.2756736559065227, 2.687687738558927, 3.9047241144541824, 3.4699025188036625, 4.461449887648633, 4.593930180139877], [4.2125217625550615, 3.660371774833808, 2.3471502913107205, 1.3610575336847448, 0.0, 1.2233848658537507, 1.507764941892469, 2.5215872838353226, 3.1069623509144746, 4.408595524654081, 3.88487833657632, 5.248217026762518, 3.923446212196619, 4.480302233108834, 2.6227436588427775, 2.6253099207522146, 2.1204119623318487, 2.126429465089308, 2.7416409265255726, 3.4501837255427428, 2.829552703167057, 3.4899919813661464, 4.095008291810897], [4.887978151546916, 4.180355757588103, 2.6757520101833054, 2.2970445054460744, 1.2233848658537507, 0.0, 2.4166350676095054, 3.423578417387281, 3.5644357393562305, 4.902999223944462, 4.76709381279622, 5.945584769389804, 4.594540008531866, 4.776511317897195, 2.635273851044707, 2.652640821898057, 3.132367791304208, 2.5511984046718124, 3.784825530985543, 4.357616875082067, 3.064242567095497, 3.710822892567092, 4.6063655456335635], [5.062845310692397, 4.757745320001902, 3.6786581371472944, 2.35870982742685, 1.507764941892469, 2.4166350676095054, 0.0, 1.5248478317524012, 2.5349833313061447, 5.348835901390133, 4.437537029704654, 6.0355307272848835, 4.825095039478497, 5.709097114255458, 4.016021127932471, 4.012136869549692, 1.0962801694822362, 1.096108913384067, 2.167503174161459, 2.1451910544284862, 2.830580643613603, 2.7819886322557106, 3.478858897684699], [5.635280311572797, 5.162161053279914, 4.301781800603094, 2.993979488907698, 2.5215872838353226, 3.423578417387281, 1.5248478317524012, 0.0, 1.5220127660437017, 6.168293083990093, 4.980382882871556, 6.469573150525465, 4.898398024864863, 6.127944556700885, 4.940194900001416, 4.4278728990340275, 2.166864015114931, 2.169818508539366, 1.0960156659464317, 1.0961584785057314, 2.1744471412292365, 2.1701216647920916, 2.158922231114405], [6.619163044524587, 5.845960925288502, 4.838665811977512, 3.802615523557437, 3.1069623509144746, 3.5644357393562305, 2.5349833313061447, 1.5220127660437017, 0.0, 7.142737400324893, 6.136496316302976, 7.462433249952724, 5.544851270322766, 6.665792690295731, 5.491374732250568, 4.6154778680002355, 3.478396328769912, 2.7494823767393015, 2.1471968796549605, 2.141126985958563, 1.0944179503279357, 1.094616946698707, 1.0946927879546844], [1.0947352099937226, 2.169454394542554, 2.7859253346060804, 3.3498349347393224, 4.408595524654081, 4.902999223944462, 5.348835901390133, 6.168293083990093, 7.142737400324893, 0.0, 1.7747352394089662, 1.7718711973504169, 3.059702322122203, 2.513412496984926, 2.5646313341297224, 3.770675332085752, 4.988907893517378, 6.143939326686096, 5.689759820062707, 6.8806106792929365, 6.7763162677077, 7.783784581423101, 7.874893564360092], [1.0945311553354706, 2.174591239750588, 2.8157306334235876, 2.672027234142646, 3.88487833657632, 4.76709381279622, 4.437537029704654, 4.980382882871556, 6.136496316302976, 1.7747352394089662, 0.0, 1.7698919995299147, 2.486578261386518, 3.0692958329232454, 3.1389875899722828, 3.818862892275657, 3.957905261625144, 5.392542863992831, 4.3618153881153665, 5.557396027817344, 5.965474439640152, 6.875879808431791, 6.738664465604441], [1.094670014205194, 2.159425046163909, 3.4772691713469635, 3.945069202181376, 5.248217026762518, 5.945584769389804, 6.0355307272848835, 6.469573150525465, 7.462433249952724, 1.7718711973504169, 1.7698919995299147, 0.0, 2.474487942989417, 2.4645325195663377, 3.7594172500535232, 4.292024266007823, 5.677108268299979, 6.998906379571025, 5.727250657165268, 7.127445751459635, 7.12242193779616, 8.281915413115495, 7.98823999827246], [2.1387898494242017, 1.0961593086773471, 2.155789379786439, 2.6357114921781557, 3.923446212196619, 4.594540008531866, 4.825095039478497, 4.898398024864863, 5.544851270322766, 3.059702322122203, 2.486578261386518, 2.474487942989417, 0.0, 1.770564040073106, 3.066807085553312, 2.4942490292671264, 4.892811660998204, 5.830916076398288, 4.075797302369194, 5.744450060710773, 5.041711854122566, 6.465083743463808, 5.968415170713245], [2.1484660714100188, 1.0955051118091599, 2.1527399541050003, 3.353323099553635, 4.480302233108834, 4.776511317897195, 5.709097114255458, 6.127944556700885, 6.665792690295731, 2.513412496984926, 3.0692958329232454, 2.4645325195663377, 1.770564040073106, 0.0, 2.5200167181985123, 2.4473126159115837, 5.793059869360924, 6.570178917655135, 5.492469021305445, 7.057503163300743, 6.002754102909764, 7.452354823141474, 7.245468267130841], [2.7611798818620996, 2.163993431136056, 1.096344786096053, 2.078621911267174, 2.6227436588427775, 2.635273851044707, 4.016021127932471, 4.940194900001416, 5.491374732250568, 2.5646313341297224, 3.1389875899722828, 3.7594172500535232, 3.066807085553312, 2.5200167181985123, 0.0, 1.7887086571043367, 4.166420791278768, 4.619318093615117, 4.738104499691834, 5.879039390920934, 4.90560171640544, 5.989531288005765, 6.361409668461857], [3.469897655551241, 2.151458131128747, 1.0962677547022899, 2.0711891777430664, 2.6253099207522146, 2.652640821898057, 4.012136869549692, 4.4278728990340275, 4.6154778680002355, 3.770675332085752, 3.818862892275657, 4.292024266007823, 2.4942490292671264, 2.4473126159115837, 1.7887086571043367, 0.0, 4.499162420940147, 4.7067297999779, 4.085896468340821, 5.489651823203363, 3.8136353706142385, 5.276599246673941, 5.320624505638412], [4.743142545823392, 4.7759475834644585, 3.9124487804954073, 2.5467514523408052, 2.1204119623318487, 3.132367791304208, 1.0962801694822362, 2.166864015114931, 3.478396328769912, 4.988907893517378, 3.957905261625144, 5.677108268299979, 4.892811660998204, 5.793059869360924, 4.166420791278768, 4.499162420940147, 0.0, 1.7567402938397012, 2.5517047282160217, 2.429170074325797, 3.8550232074528425, 3.747296847061892, 4.301355853681487], [5.98592968468558, 5.679076595715188, 4.459070120552042, 3.2756736559065227, 2.126429465089308, 2.5511984046718124, 1.096108913384067, 2.169818508539366, 2.7494823767393015, 6.143939326686096, 5.392542863992831, 6.998906379571025, 5.830916076398288, 6.570178917655135, 4.619318093615117, 4.7067297999779, 1.7567402938397012, 0.0, 3.0787709008628754, 2.5329479682772797, 3.1274265027335173, 2.544967661877062, 3.7492568703677795], [5.003928637580676, 4.510397660960727, 3.9277064146903853, 2.687687738558927, 2.7416409265255726, 3.784825530985543, 2.167503174161459, 1.0960156659464317, 2.1471968796549605, 5.689759820062707, 4.3618153881153665, 5.727250657165268, 4.075797302369194, 5.492469021305445, 4.738104499691834, 4.085896468340821, 2.5517047282160217, 3.0787709008628754, 0.0, 1.7624571966433682, 2.4999558656104313, 3.0661544220733563, 2.4799967620946606], [6.342030137109094, 6.044929442929834, 5.278938625329906, 3.9047241144541824, 3.4501837255427428, 4.357616875082067, 2.1451910544284862, 1.0961584785057314, 2.141126985958563, 6.8806106792929365, 5.557396027817344, 7.127445751459635, 5.744450060710773, 7.057503163300743, 5.879039390920934, 5.489651823203363, 2.429170074325797, 2.5329479682772797, 1.7624571966433682, 0.0, 3.0640126435770467, 2.507037217513932, 2.453460806697348], [6.274458094528961, 5.303903733100743, 4.236070831560776, 3.4699025188036625, 2.829552703167057, 3.064242567095497, 2.830580643613603, 2.1744471412292365, 1.0944179503279357, 6.7763162677077, 5.965474439640152, 7.12242193779616, 5.041711854122566, 6.002754102909764, 4.90560171640544, 3.8136353706142385, 3.8550232074528425, 3.1274265027335173, 2.4999558656104313, 3.0640126435770467, 0.0, 1.7751102979815085, 1.769179903232003], [7.373237429379309, 6.648800723438777, 5.495060594752346, 4.461449887648633, 3.4899919813661464, 3.710822892567092, 2.7819886322557106, 2.1701216647920916, 1.094616946698707, 7.783784581423101, 6.875879808431791, 8.281915413115495, 6.465083743463808, 7.452354823141474, 5.989531288005765, 5.276599246673941, 3.747296847061892, 2.544967661877062, 3.0661544220733563, 2.507037217513932, 1.7751102979815085, 0.0, 1.771363079664923], [7.240592718141243, 6.436519815863226, 5.599141700296574, 4.593930180139877, 4.095008291810897, 4.6063655456335635, 3.478858897684699, 2.158922231114405, 1.0946927879546844, 7.874893564360092, 6.738664465604441, 7.98823999827246, 5.968415170713245, 7.245468267130841, 6.361409668461857, 5.320624505638412, 4.301355853681487, 3.7492568703677795, 2.4799967620946606, 2.453460806697348, 1.769179903232003, 1.771363079664923, 0.0]]}