{"total energy": -63.17667, "HOMO-LUMO gap/eV": 3.94112256, "electronic energy": -63.96528559, "dipole": [-0.61548022, -0.17574926, -0.07191651], "partial charges": [-0.45690618, 0.14259875, -0.01509323, 0.06487745, 0.09112557, -0.26560049, 0.11530807, -0.24806168, -0.000549, -0.04042667, -0.05056644, 0.17106284, -0.21865271, -0.05031495, -0.02625114, -0.01911153, -0.02834677, -0.03357658, -0.02816068, -0.04863348, 0.15826928, -0.23206331, 0.31309169, 0.07129892, 0.0687468, 0.0550673, 0.04123056, 0.04857756, 0.05965555, 0.06192149, 0.07524561, 0.06738909, 0.04883803, 0.04891188, 0.05909842], "atomic dipole moments": [[-0.04536133, -0.07304788, -0.21362694], [0.0728865, -0.05195245, 0.07802546], [-0.04336452, -0.14064151, 0.0659594], [0.01397333, 0.0098073, 0.06078435], [0.00708336, 0.04112312, 0.09654451], [-0.02619056, 0.23602684, 0.12992866], [-0.02305218, 0.06470871, -0.082604], [-0.03404394, -0.04320381, -0.31136237], [0.01182019, -0.11386997, 0.00828052], [0.00591297, 0.00650634, 0.01803749], [0.00971353, 0.00987041, 0.02977397], [-0.03206096, 0.28258019, -0.02209626], [0.02468589, -0.22681847, 0.0164015], [-0.01166455, 0.00480544, -0.03082427], [-0.01381615, 0.01133147, -0.03178426], [0.07422517, 0.0361539, -0.01009298], [0.00772457, -0.00179716, -0.03727076], [0.00551083, 0.00015993, -0.01012712], [0.01212996, 0.00346015, -0.00861416], [0.03258195, 0.01544156, 0.01005429], [0.15352745, 0.03829976, -0.23867598], [-0.11211399, -0.02887981, 0.19690836], [0.02160936, -0.06826772, -0.00513564], [-0.02210894, 0.03349654, -0.1284759], [0.12181763, 0.04271763, 0.02346639], [-0.03292197, 0.04595282, -0.16437376], [0.03793013, -0.12483734, 0.10354421], [-0.04176059, -0.07951845, -0.12413521], [-0.05480482, 0.0645476, -0.13086328], [0.03635455, 0.09156998, 0.12104503], [0.05347377, -0.0547201, 0.13661553], [0.04628081, 0.04960846, 0.14067089], [-0.08301066, -0.01739167, 0.12731087], [-0.13714741, -0.06630776, -0.00538845], [-0.05852698, -0.04969722, -0.13588956]], "atomic quadrupole moments": [[-0.06564611, -0.02886871, -0.06549184, 0.08667724, -0.01675505, 0.13113794], [-0.10247505, -0.04666153, -0.15134878, 0.11235435, -0.04499424, 0.25382383], [-0.16421889, -0.10369565, 0.26574381, -0.10110524, 0.03056061, -0.10152492], [0.02729971, -0.01199269, 0.1059456, -0.00610986, -0.10207207, -0.13324531], [0.39344286, 0.1178099, -0.19989357, -0.08895425, 0.02244556, -0.19354929], [0.23294993, 0.06614654, -0.10628508, -0.05441178, 0.00570452, -0.12666485], [0.41670782, 0.10548801, -0.1906992, -0.08448947, -0.0702987, -0.22600862], [0.15058013, 0.04167776, -0.15901588, 0.00953065, -0.13535493, 0.00843575], [0.33144938, 0.0177301, -0.07312439, -0.24747306, -0.05928588, -0.25832499], [0.4256275, 0.05924452, -0.24085675, -0.26855087, -0.00253828, -0.18477075], [0.39656143, 0.06738114, -0.23888179, -0.24365756, 0.01549612, -0.15767964], [0.19910039, -0.01810733, 0.19826828, -0.24659439, -0.06874159, -0.39736867], [-0.02642677, -0.00821627, 0.04846605, 0.00264028, -0.00496732, -0.02203928], [0.40932023, 0.04158445, -0.25472245, -0.23377378, -0.05630203, -0.15459778], [0.45664187, 0.05155029, -0.25244257, -0.27302186, -0.03876151, -0.20419929], [-0.01819609, -0.17185053, 0.30467953, 0.10955547, -0.08133578, -0.28648344], [-0.11463682, -0.31104923, 0.37671764, 0.06127441, -0.1264782, -0.26208081], [-0.12593027, -0.30433491, 0.37165832, 0.07139913, -0.10471111, -0.24572805], [-0.13508677, -0.31793087, 0.37191871, 0.04413597, -0.11193846, -0.23683194], [-0.09486469, -0.27683835, 0.34532334, 0.02941318, -0.10533256, -0.25045865], [-0.16139612, -0.25237784, 0.11797508, -0.29414465, -0.17153173, 0.04342104], [0.00787743, 0.01354725, -0.0299608, -0.03022928, -0.00607747, 0.02208337], [-0.05236153, -0.0496548, 0.07984533, 0.0174697, -0.01925073, -0.02748381], [-0.02201129, -0.01637658, -0.00904835, 0.03673948, -0.01287316, 0.03105964], [0.01520474, 0.02118483, 0.01031435, 0.0257881, 0.02458966, -0.02551909], [-0.03146326, -0.01226096, 0.02928956, 0.00370093, 0.00235091, 0.0021737], [-0.04032518, -0.0113024, 0.02351513, 0.00734453, 0.0054507, 0.01681005], [-0.05688857, -0.00894522, 0.04971743, 0.02793326, 0.00322425, 0.00717114], [-0.04802607, -0.00634972, 0.03049855, 0.02769472, 0.00210534, 0.01752752], [-0.04791348, -0.00655826, 0.03139757, 0.02742153, 0.00185131, 0.01651591], [-0.05312349, -0.00715581, 0.04487556, 0.0260563, 0.00492417, 0.00824793], [0.02563867, 0.03934027, -0.04321665, -0.00738149, 0.01023422, 0.01757798], [0.01639067, 0.03972159, -0.04540459, -0.00013268, 0.01745292, 0.02901393], [0.0096233, 0.03595061, -0.04741417, -0.0061274, 0.01492829, 0.03779087], [0.00954825, 0.03094166, -0.04211221, -0.00994623, 0.00956843, 0.03256396]], "number of molecular orbitals": 101, "number of electrons": 112, "number of unpaired electrons": 0, "orbital energies/eV": [-22.80162149, -22.36367543, -19.57558941, -18.98878645, -18.58460459, -18.363899, -18.18783595, -18.04733328, -17.83856222, -17.48064782, -17.3676527, -17.26657894, -17.19661517, -16.81637896, -16.50978982, -16.48985299, -16.36079255, -16.26087173, -16.01782044, -15.97172291, -15.82056067, -15.51830062, -15.30250996, -15.21340995, -15.04344787, -14.96588756, -14.79973711, -14.73133846, -14.58060684, -14.53437876, -14.3337979, -14.21026953, -13.95235291, -13.91547408, -13.71365553, -13.64233578, -13.55352673, -13.3688103, -13.32239408, -13.19098449, -13.11569669, -13.06966564, -13.01790178, -12.67525146, -12.55081912, -12.2761773, -12.16219631, -11.91607422, -11.80912001, -11.66963533, -11.64494118, -11.52490293, -11.46812272, -11.3602059, -11.14009676, -10.91905655, -6.97793399, -6.79266217, -6.73619402, -6.66622189, -6.5476222, -5.55940609, -3.47674558, -3.26880888, -1.04348433, -0.28607295, 0.2665202, 1.12013144, 1.25451932, 1.64710119, 2.20073136, 2.60938625, 3.04115205, 3.22071438, 3.36856707, 3.55546742, 3.80405138, 3.98475391, 4.0679939, 4.1893894, 4.32511338, 4.6883546, 5.0115396, 5.0567941, 5.96392943, 6.74196088, 9.2498758, 9.51016697, 9.66363003, 9.84343505, 10.08684046, 10.71612466, 10.98833634, 11.0884804, 11.27465566, 11.33032929, 12.98276044, 15.52352989, 15.77854789, 16.40241721, 16.49229797], "fractional occupation": [2.0, 2.0, 2.0, 2.0, 2.0, 2.0, 2.0, 2.0, 2.0, 2.0, 2.0, 2.0, 2.0, 2.0, 2.0, 2.0, 2.0, 2.0, 2.0, 2.0, 2.0, 2.0, 2.0, 2.0, 2.0, 2.0, 2.0, 2.0, 2.0, 2.0, 2.0, 2.0, 2.0, 2.0, 2.0, 2.0, 2.0, 2.0, 2.0, 2.0, 2.0, 2.0, 2.0, 2.0, 2.0, 2.0, 2.0, 2.0, 2.0, 2.0, 2.0, 2.0, 2.0, 2.0, 2.0, 2.0, 0.0, 0.0, 0.0, 0.0, 0.0, 0.0, 0.0, 0.0, 0.0, 0.0, 0.0, 0.0, 0.0, 0.0, 0.0, 0.0, 0.0, 0.0, 0.0, 0.0, 0.0, 0.0, 0.0, 0.0, 0.0, 0.0, 0.0, 0.0, 0.0, 0.0, 0.0, 0.0, 0.0, 0.0, 0.0, 0.0, 0.0, 0.0, 0.0, 0.0, 0.0, 0.0, 0.0, 0.0, 0.0], "program call": "xtb /home/svss/Project-DBcg-Debug/aqme2_20220329/End-to-End-workflows-final/example-3/QDESCP/mol_266_rdkit_conf_1/mol_266_rdkit_conf_1.xyz --pop --wbo --acc 0.2 --gfn 2 --chrg 0 --uhf 0 --etemp 300 --input /home/svss/Project-DBcg-Debug/aqme2_20220329/End-to-End-workflows-final/example-3/QDESCP/mol_266_rdkit_conf_1/mol_266_rdkit_conf_1_xtb.inp", "method": "GFN2-xTB", "xtb version": "6.3.3 (7355c4f)", "Dipole module/D": 1.637, "Total charge": 0, "Transition dipole module/D": NaN, "HOMO": -10.9191, "LUMO": -6.9779, "HOMO occupancy": 2.0, "LUMO occupancy": 0, "mulliken charges": [-0.57681, 0.24308, 0.05735, -0.04055, 0.22576, -0.37727, 0.24168, -0.2824, -0.02128, -0.04114, -0.06222, 0.25124, -0.25067, -0.06584, -0.01048, -0.04709, -0.01316, -0.03676, -0.01953, -0.05995, 0.23533, -0.26048, 0.34082, 0.04811, 0.0592, 0.04169, 0.0267, 0.03964, 0.05345, 0.05448, 0.05918, 0.05387, 0.03991, 0.04018, 0.05398], "cm5 charges": [-0.77397, 0.25526, 0.02536, -0.23317, 0.335, -0.55022, 0.35023, -0.40834, -0.0278, -0.09324, -0.11285, 0.26265, -0.27484, -0.11641, -0.0613, -0.04791, -0.06406, -0.0919, -0.07463, -0.1103, 0.24996, -0.28865, 0.53163, 0.11883, 0.13076, 0.11471, 0.0993, 0.0983, 0.11011, 0.11115, 0.12063, 0.11421, 0.09521, 0.09557, 0.11072], "FUKUI+": [-0.013, -0.001, 0.01, -0.026, -0.016, -0.05, -0.014, -0.046, -0.025, -0.017, -0.022, -0.037, -0.045, -0.022, -0.021, -0.029, -0.018, -0.017, -0.038, -0.02, -0.015, -0.023, -0.012, -0.02, -0.029, -0.04, -0.048, -0.031, -0.045, -0.047, -0.039, -0.038, -0.047, -0.053, -0.045], "FUKUI-": [-0.035, -0.004, 0.01, -0.02, 0.002, -0.118, -0.002, -0.049, -0.031, -0.014, -0.019, -0.035, -0.075, -0.021, -0.015, -0.011, -0.007, -0.022, -0.019, -0.013, -0.014, -0.027, -0.018, -0.023, -0.03, -0.042, -0.052, -0.03, -0.042, -0.044, -0.035, -0.025, -0.041, -0.043, -0.036], "FUKUIrad": [-0.024, -0.003, 0.01, -0.023, -0.007, -0.084, -0.008, -0.047, -0.028, -0.015, -0.02, -0.036, -0.06, -0.021, -0.018, -0.02, -0.013, -0.02, -0.028, -0.016, -0.015, -0.025, -0.015, -0.022, -0.03, -0.041, -0.05, -0.031, -0.044, -0.046, -0.037, -0.032, -0.044, -0.048, -0.041], "s proportion": [1.714, 1.056, 1.025, 1.429, 0.993, 1.565, 1.002, 1.58, 1.097, 1.066, 1.058, 1.043, 1.826, 1.061, 1.066, 1.095, 1.066, 1.061, 1.06, 1.059, 1.048, 1.826, 0.659, 0.952, 0.941, 0.958, 0.973, 0.96, 0.947, 0.946, 0.941, 0.946, 0.96, 0.96, 0.946], "p proportion": [4.863, 2.701, 2.917, 3.611, 2.781, 3.813, 2.757, 3.702, 2.924, 2.975, 3.004, 2.705, 5.425, 3.005, 2.945, 2.952, 2.947, 2.975, 2.959, 3.001, 2.717, 5.434, 0.0, 0.0, 0.0, 0.0, 0.0, 0.0, 0.0, 0.0, 0.0, 0.0, 0.0, 0.0, 0.0], "d proportion": [0.0, 0.0, 0.0, 0.0, 0.0, 0.0, 0.0, 0.0, 0.0, 0.0, 0.0, 0.0, 0.0, 0.0, 0.0, 0.0, 0.0, 0.0, 0.0, 0.0, 0.0, 0.0, 0.0, 0.0, 0.0, 0.0, 0.0, 0.0, 0.0, 0.0, 0.0, 0.0, 0.0, 0.0, 0.0], "Fermi-level/eV": -8.9485, "Coordination numbers": [1.649, 3.77, 3.736, 3.069, 3.098, 1.887, 3.261, 1.962, 2.957, 2.915, 2.91, 2.775, 0.787, 2.91, 2.915, 2.957, 2.917, 2.909, 2.913, 2.912, 2.777, 0.787, 0.802, 0.924, 0.923, 0.925, 0.925, 0.925, 0.925, 0.925, 0.925, 0.925, 0.925, 0.925, 0.925], "Dispersion coefficient C6": [21.988, 18.313, 20.929, 20.107, 25.861, 27.752, 24.39, 27.292, 28.041, 29.004, 29.255, 24.308, 11.43, 29.249, 28.658, 28.483, 28.709, 28.836, 28.704, 29.207, 24.563, 11.572, 0.683, 2.071, 2.1, 2.258, 2.432, 2.338, 2.203, 2.177, 2.029, 2.114, 2.334, 2.333, 2.21], "Total dispersion C6": 16182.723234, "Total dispersion C8": 392131.462469, "Polarizability alpha": [6.33, 6.098, 6.528, 6.66, 8.334, 7.81, 7.979, 7.747, 8.685, 8.831, 8.869, 8.075, 3.994, 8.868, 8.778, 8.754, 8.786, 8.805, 8.785, 8.862, 8.117, 4.018, 1.299, 2.251, 2.266, 2.35, 2.439, 2.391, 2.321, 2.307, 2.227, 2.274, 2.389, 2.389, 2.325], "Total polarizability alpha": 198.942914, "Wiberg matrix": [[0.0, 0.9862408506368281, 0.0, 0.0, 0.0, 0.0, 0.0, 0.0, 0.0, 0.0, 0.0, 0.0, 0.0, 0.0, 0.0, 0.0, 0.0, 0.0, 0.0, 0.0, 0.0, 0.0, 0.8537657783036599, 0.0, 0.0, 0.0, 0.0, 0.0, 0.0, 0.0, 0.0, 0.0, 0.0, 0.0, 0.0], [0.9862408506368281, 0.0, 0.9555974673590725, 0.0, 0.0, 0.0, 0.0, 0.0, 0.9561896185031056, 0.0, 0.0, 0.0, 0.0, 0.0, 0.0, 0.9681204299020362, 0.0, 0.0, 0.0, 0.0, 0.0, 0.0, 0.0, 0.0, 0.0, 0.0, 0.0, 0.0, 0.0, 0.0, 0.0, 0.0, 0.0, 0.0, 0.0], [0.0, 0.9555974673590725, 0.0, 0.983256492484824, 0.0, 0.0, 0.0, 0.0, 0.0, 0.0, 0.0, 0.0, 0.0, 0.0, 0.0, 0.0, 0.0, 0.0, 0.0, 0.0, 0.0, 0.0, 0.0, 0.9650358886654584, 0.9597594543928962, 0.0, 0.0, 0.0, 0.0, 0.0, 0.0, 0.0, 0.0, 0.0, 0.0], [0.0, 0.0, 0.983256492484824, 0.0, 1.3024720510514858, 0.0, 0.0, 1.1830192033423081, 0.0, 0.0, 0.0, 0.0, 0.0, 0.0, 0.0, 0.0, 0.0, 0.0, 0.0, 0.0, 0.0, 0.0, 0.0, 0.0, 0.0, 0.0, 0.0, 0.0, 0.0, 0.0, 0.0, 0.0, 0.0, 0.0, 0.0], [0.0, 0.0, 0.0, 1.3024720510514858, 0.0, 1.504176274775537, 0.0, 0.13353381627809244, 0.0, 0.0, 0.0, 0.0, 0.0, 0.0, 0.0, 0.0, 0.0, 0.0, 0.0, 0.0, 0.0, 0.0, 0.0, 0.0, 0.0, 0.9614810808299853, 0.0, 0.0, 0.0, 0.0, 0.0, 0.0, 0.0, 0.0, 0.0], [0.0, 0.0, 0.0, 0.0, 1.504176274775537, 0.0, 1.3449723419322996, 0.0, 0.0, 0.0, 0.0, 0.0, 0.0, 0.0, 0.0, 0.0, 0.0, 0.0, 0.0, 0.0, 0.0, 0.0, 0.0, 0.0, 0.0, 0.0, 0.0, 0.0, 0.0, 0.0, 0.0, 0.0, 0.0, 0.0, 0.0], [0.0, 0.0, 0.0, 0.0, 0.0, 1.3449723419322996, 0.0, 1.5242659390857745, 0.0, 0.0, 0.0, 0.0, 0.0, 0.0, 0.0, 0.0, 0.0, 0.0, 0.0, 0.0, 0.0, 0.0, 0.0, 0.0, 0.0, 0.0, 0.96614710842473, 0.0, 0.0, 0.0, 0.0, 0.0, 0.0, 0.0, 0.0], [0.0, 0.0, 0.0, 1.1830192033423081, 0.13353381627809244, 0.0, 1.5242659390857745, 0.0, 0.0, 0.0, 0.0, 0.0, 0.0, 0.0, 0.0, 0.0, 0.0, 0.0, 0.0, 0.0, 0.0, 0.0, 0.0, 0.0, 0.0, 0.0, 0.0, 0.0, 0.0, 0.0, 0.0, 0.0, 0.0, 0.0, 0.0], [0.0, 0.9561896185031056, 0.0, 0.0, 0.0, 0.0, 0.0, 0.0, 0.0, 1.410281945714135, 0.0, 0.0, 0.0, 0.0, 1.4144019938843135, 0.0, 0.0, 0.0, 0.0, 0.0, 0.0, 0.0, 0.0, 0.0, 0.0, 0.0, 0.0, 0.0, 0.0, 0.0, 0.0, 0.0, 0.0, 0.0, 0.0], [0.0, 0.0, 0.0, 0.0, 0.0, 0.0, 0.0, 0.0, 1.410281945714135, 0.0, 1.4463415535935649, 0.0, 0.0, 0.11081199202769274, 0.0, 0.0, 0.0, 0.0, 0.0, 0.0, 0.0, 0.0, 0.0, 0.0, 0.0, 0.0, 0.0, 0.9676087037918681, 0.0, 0.0, 0.0, 0.0, 0.0, 0.0, 0.0], [0.0, 0.0, 0.0, 0.0, 0.0, 0.0, 0.0, 0.0, 0.0, 1.4463415535935649, 0.0, 1.3913251766243446, 0.0, 0.0, 0.10978866874057926, 0.0, 0.0, 0.0, 0.0, 0.0, 0.0, 0.0, 0.0, 0.0, 0.0, 0.0, 0.0, 0.0, 0.966939547458555, 0.0, 0.0, 0.0, 0.0, 0.0, 0.0], [0.0, 0.0, 0.0, 0.0, 0.0, 0.0, 0.0, 0.0, 0.0, 0.0, 1.3913251766243446, 0.0, 0.9658998687119894, 1.396384169947009, 0.0, 0.0, 0.0, 0.0, 0.0, 0.0, 0.0, 0.0, 0.0, 0.0, 0.0, 0.0, 0.0, 0.0, 0.0, 0.0, 0.0, 0.0, 0.0, 0.0, 0.0], [0.0, 0.0, 0.0, 0.0, 0.0, 0.0, 0.0, 0.0, 0.0, 0.0, 0.0, 0.9658998687119894, 0.0, 0.0, 0.0, 0.0, 0.0, 0.0, 0.0, 0.0, 0.0, 0.0, 0.0, 0.0, 0.0, 0.0, 0.0, 0.0, 0.0, 0.0, 0.0, 0.0, 0.0, 0.0, 0.0], [0.0, 0.0, 0.0, 0.0, 0.0, 0.0, 0.0, 0.0, 0.0, 0.11081199202769274, 0.0, 1.396384169947009, 0.0, 0.0, 1.440111344020534, 0.0, 0.0, 0.0, 0.0, 0.0, 0.0, 0.0, 0.0, 0.0, 0.0, 0.0, 0.0, 0.0, 0.0, 0.9664493017918769, 0.0, 0.0, 0.0, 0.0, 0.0], [0.0, 0.0, 0.0, 0.0, 0.0, 0.0, 0.0, 0.0, 1.4144019938843135, 0.0, 0.10978866874057926, 0.0, 0.0, 1.440111344020534, 0.0, 0.0, 0.0, 0.0, 0.0, 0.0, 0.0, 0.0, 0.0, 0.0, 0.0, 0.0, 0.0, 0.0, 0.0, 0.0, 0.9636841716863378, 0.0, 0.0, 0.0, 0.0], [0.0, 0.9681204299020362, 0.0, 0.0, 0.0, 0.0, 0.0, 0.0, 0.0, 0.0, 0.0, 0.0, 0.0, 0.0, 0.0, 0.0, 1.4058900690323923, 0.0, 0.10783583994962666, 0.0, 1.3734300302555584, 0.0, 0.0, 0.0, 0.0, 0.0, 0.0, 0.0, 0.0, 0.0, 0.0, 0.0, 0.0, 0.0, 0.0], [0.0, 0.0, 0.0, 0.0, 0.0, 0.0, 0.0, 0.0, 0.0, 0.0, 0.0, 0.0, 0.0, 0.0, 0.0, 1.4058900690323923, 0.0, 1.4452261804826503, 0.0, 0.1122592464425803, 0.0, 0.0, 0.0, 0.0, 0.0, 0.0, 0.0, 0.0, 0.0, 0.0, 0.0, 0.9655139842755287, 0.0, 0.0, 0.0], [0.0, 0.0, 0.0, 0.0, 0.0, 0.0, 0.0, 0.0, 0.0, 0.0, 0.0, 0.0, 0.0, 0.0, 0.0, 0.0, 1.4452261804826503, 0.0, 1.4365028433600027, 0.0, 0.0, 0.0, 0.0, 0.0, 0.0, 0.0, 0.0, 0.0, 0.0, 0.0, 0.0, 0.0, 0.9695683979629888, 0.0, 0.0], [0.0, 0.0, 0.0, 0.0, 0.0, 0.0, 0.0, 0.0, 0.0, 0.0, 0.0, 0.0, 0.0, 0.0, 0.0, 0.10783583994962666, 0.0, 1.4365028433600027, 0.0, 1.4406079768456497, 0.0, 0.0, 0.0, 0.0, 0.0, 0.0, 0.0, 0.0, 0.0, 0.0, 0.0, 0.0, 0.0, 0.9697119799993561, 0.0], [0.0, 0.0, 0.0, 0.0, 0.0, 0.0, 0.0, 0.0, 0.0, 0.0, 0.0, 0.0, 0.0, 0.0, 0.0, 0.0, 0.1122592464425803, 0.0, 1.4406079768456497, 0.0, 1.396984926055737, 0.0, 0.0, 0.0, 0.0, 0.0, 0.0, 0.0, 0.0, 0.0, 0.0, 0.0, 0.0, 0.0, 0.9668443632107937], [0.0, 0.0, 0.0, 0.0, 0.0, 0.0, 0.0, 0.0, 0.0, 0.0, 0.0, 0.0, 0.0, 0.0, 0.0, 1.3734300302555584, 0.0, 0.0, 0.0, 1.396984926055737, 0.0, 0.9519705728868016, 0.0, 0.0, 0.0, 0.0, 0.0, 0.0, 0.0, 0.0, 0.0, 0.0, 0.0, 0.0, 0.0], [0.0, 0.0, 0.0, 0.0, 0.0, 0.0, 0.0, 0.0, 0.0, 0.0, 0.0, 0.0, 0.0, 0.0, 0.0, 0.0, 0.0, 0.0, 0.0, 0.0, 0.9519705728868016, 0.0, 0.0, 0.0, 0.0, 0.0, 0.0, 0.0, 0.0, 0.0, 0.0, 0.0, 0.0, 0.0, 0.0], [0.8537657783036599, 0.0, 0.0, 0.0, 0.0, 0.0, 0.0, 0.0, 0.0, 0.0, 0.0, 0.0, 0.0, 0.0, 0.0, 0.0, 0.0, 0.0, 0.0, 0.0, 0.0, 0.0, 0.0, 0.0, 0.0, 0.0, 0.0, 0.0, 0.0, 0.0, 0.0, 0.0, 0.0, 0.0, 0.0], [0.0, 0.0, 0.9650358886654584, 0.0, 0.0, 0.0, 0.0, 0.0, 0.0, 0.0, 0.0, 0.0, 0.0, 0.0, 0.0, 0.0, 0.0, 0.0, 0.0, 0.0, 0.0, 0.0, 0.0, 0.0, 0.0, 0.0, 0.0, 0.0, 0.0, 0.0, 0.0, 0.0, 0.0, 0.0, 0.0], [0.0, 0.0, 0.9597594543928962, 0.0, 0.0, 0.0, 0.0, 0.0, 0.0, 0.0, 0.0, 0.0, 0.0, 0.0, 0.0, 0.0, 0.0, 0.0, 0.0, 0.0, 0.0, 0.0, 0.0, 0.0, 0.0, 0.0, 0.0, 0.0, 0.0, 0.0, 0.0, 0.0, 0.0, 0.0, 0.0], [0.0, 0.0, 0.0, 0.0, 0.9614810808299853, 0.0, 0.0, 0.0, 0.0, 0.0, 0.0, 0.0, 0.0, 0.0, 0.0, 0.0, 0.0, 0.0, 0.0, 0.0, 0.0, 0.0, 0.0, 0.0, 0.0, 0.0, 0.0, 0.0, 0.0, 0.0, 0.0, 0.0, 0.0, 0.0, 0.0], [0.0, 0.0, 0.0, 0.0, 0.0, 0.0, 0.96614710842473, 0.0, 0.0, 0.0, 0.0, 0.0, 0.0, 0.0, 0.0, 0.0, 0.0, 0.0, 0.0, 0.0, 0.0, 0.0, 0.0, 0.0, 0.0, 0.0, 0.0, 0.0, 0.0, 0.0, 0.0, 0.0, 0.0, 0.0, 0.0], [0.0, 0.0, 0.0, 0.0, 0.0, 0.0, 0.0, 0.0, 0.0, 0.9676087037918681, 0.0, 0.0, 0.0, 0.0, 0.0, 0.0, 0.0, 0.0, 0.0, 0.0, 0.0, 0.0, 0.0, 0.0, 0.0, 0.0, 0.0, 0.0, 0.0, 0.0, 0.0, 0.0, 0.0, 0.0, 0.0], [0.0, 0.0, 0.0, 0.0, 0.0, 0.0, 0.0, 0.0, 0.0, 0.0, 0.966939547458555, 0.0, 0.0, 0.0, 0.0, 0.0, 0.0, 0.0, 0.0, 0.0, 0.0, 0.0, 0.0, 0.0, 0.0, 0.0, 0.0, 0.0, 0.0, 0.0, 0.0, 0.0, 0.0, 0.0, 0.0], [0.0, 0.0, 0.0, 0.0, 0.0, 0.0, 0.0, 0.0, 0.0, 0.0, 0.0, 0.0, 0.0, 0.9664493017918769, 0.0, 0.0, 0.0, 0.0, 0.0, 0.0, 0.0, 0.0, 0.0, 0.0, 0.0, 0.0, 0.0, 0.0, 0.0, 0.0, 0.0, 0.0, 0.0, 0.0, 0.0], [0.0, 0.0, 0.0, 0.0, 0.0, 0.0, 0.0, 0.0, 0.0, 0.0, 0.0, 0.0, 0.0, 0.0, 0.9636841716863378, 0.0, 0.0, 0.0, 0.0, 0.0, 0.0, 0.0, 0.0, 0.0, 0.0, 0.0, 0.0, 0.0, 0.0, 0.0, 0.0, 0.0, 0.0, 0.0, 0.0], [0.0, 0.0, 0.0, 0.0, 0.0, 0.0, 0.0, 0.0, 0.0, 0.0, 0.0, 0.0, 0.0, 0.0, 0.0, 0.0, 0.9655139842755287, 0.0, 0.0, 0.0, 0.0, 0.0, 0.0, 0.0, 0.0, 0.0, 0.0, 0.0, 0.0, 0.0, 0.0, 0.0, 0.0, 0.0, 0.0], [0.0, 0.0, 0.0, 0.0, 0.0, 0.0, 0.0, 0.0, 0.0, 0.0, 0.0, 0.0, 0.0, 0.0, 0.0, 0.0, 0.0, 0.9695683979629888, 0.0, 0.0, 0.0, 0.0, 0.0, 0.0, 0.0, 0.0, 0.0, 0.0, 0.0, 0.0, 0.0, 0.0, 0.0, 0.0, 0.0], [0.0, 0.0, 0.0, 0.0, 0.0, 0.0, 0.0, 0.0, 0.0, 0.0, 0.0, 0.0, 0.0, 0.0, 0.0, 0.0, 0.0, 0.0, 0.9697119799993561, 0.0, 0.0, 0.0, 0.0, 0.0, 0.0, 0.0, 0.0, 0.0, 0.0, 0.0, 0.0, 0.0, 0.0, 0.0, 0.0], [0.0, 0.0, 0.0, 0.0, 0.0, 0.0, 0.0, 0.0, 0.0, 0.0, 0.0, 0.0, 0.0, 0.0, 0.0, 0.0, 0.0, 0.0, 0.0, 0.9668443632107937, 0.0, 0.0, 0.0, 0.0, 0.0, 0.0, 0.0, 0.0, 0.0, 0.0, 0.0, 0.0, 0.0, 0.0, 0.0]], "Born radii": [], "Atomic SASAs": [], "Solvent H bonds": [], "Total SASA": NaN, "Total FOD": 0.0, "FOD": [0.0, 0.0, 0.0, 0.0, 0.0, 0.0, 0.0, 0.0, 0.0, 0.0, 0.0, 0.0, 0.0, 0.0, 0.0, 0.0, 0.0, 0.0, 0.0, 0.0, 0.0, 0.0, 0.0, 0.0, 0.0, 0.0, 0.0, 0.0, 0.0, 0.0, 0.0, 0.0, 0.0, 0.0, 0.0], "FOD s proportion": [0.0, 0.0, 0.0, 0.0, 0.0, 0.0, 0.0, 0.0, 0.0, 0.0, 0.0, 0.0, 0.0, 0.0, 0.0, 0.0, 0.0, 0.0, 0.0, 0.0, 0.0, 0.0, 0.0, 0.0, 0.0, 0.0, 0.0, 0.0, 0.0, 0.0, 0.0, 0.0, 0.0, 0.0, 0.0], "FOD p proportion": [0.0, 0.0, 0.0, 0.0, 0.0, 0.0, 0.0, 0.0, 0.0, 0.0, 0.0, 0.0, 0.0, 0.0, 0.0, 0.0, 0.0, 0.0, 0.0, 0.0, 0.0, 0.0, 0.0, 0.0, 0.0, 0.0, 0.0, 0.0, 0.0, 0.0, 0.0, 0.0, 0.0, 0.0, 0.0], "FOD d proportion": [0.0, 0.0, 0.0, 0.0, 0.0, 0.0, 0.0, 0.0, 0.0, 0.0, 0.0, 0.0, 0.0, 0.0, 0.0, 0.0, 0.0, 0.0, 0.0, 0.0, 0.0, 0.0, 0.0, 0.0, 0.0, 0.0, 0.0, 0.0, 0.0, 0.0, 0.0, 0.0, 0.0, 0.0, 0.0], "coordinates": [["1.08260", "-0.17350", "1.70710"], ["0.54880", "0.11460", "0.39170"], ["1.62770", "-0.33240", "-0.63710"], ["1.86230", "-1.76290", "-0.65620"], ["1.86400", "-2.59870", "-1.72770"], ["2.14210", "-3.81870", "-1.33020"], ["2.30940", "-3.67500", "0.01700"], ["2.14910", "-2.43140", "0.48120"], ["0.38290", "1.65010", "0.29030"], ["-0.10390", "2.24830", "-0.89160"], ["-0.25430", "3.63430", "-0.98920"], ["0.07790", "4.43900", "0.09120"], ["-0.06670", "5.76690", "-0.00470"], ["0.55630", "3.88430", "1.26890"], ["0.70670", "2.49860", "1.36850"], ["-0.81890", "-0.57060", "0.30130"], ["-1.61080", "-0.73440", "1.45580"], ["-2.86730", "-1.34490", "1.39570"], ["-3.36760", "-1.79550", "0.17760"], ["-2.61420", "-1.62550", "-0.97960"], ["-1.36270", "-1.01470", "-0.91090"], ["-0.69100", "-0.84370", "-2.05830"], ["1.41420", "-1.09840", "1.67430"], ["1.39260", "-0.02500", "-1.66140"], ["2.59790", "0.11670", "-0.38420"], ["1.66000", "-2.28140", "-2.74100"], ["2.55460", "-4.49830", "0.67610"], ["-0.38250", "1.64380", "-1.75200"], ["-0.63280", "4.08900", "-1.89930"], ["0.80770", "4.52890", "2.10510"], ["1.07950", "2.08680", "2.30530"], ["-1.24940", "-0.38100", "2.42130"], ["-3.45400", "-1.46440", "2.30370"], ["-4.34410", "-2.27040", "0.13040"], ["-2.99580", "-1.96080", "-1.93920"]], "bond_dist": [[0.0, 1.4485238037395176, 2.411981936084928, 2.9528480048929033, 4.276684701962491, 4.861606172860982, 4.077006070635657, 2.7817917733000797, 2.4129689782506527, 3.7451487527199774, 4.853522034564178, 4.989560216091194, 6.2880443613257055, 4.11518550857674, 2.719571506689979, 2.3978457623458604, 2.762637156776112, 4.131689476473275, 4.97740236368329, 4.795100742424501, 3.679814333631522, 4.2158109729920294, 0.9830943037165866, 3.3859923951479867, 2.5988239301653353, 4.956029336071368, 4.683336421825792, 4.17306483414768, 5.84102939300942, 4.727212685081982, 2.338120813816087, 2.4477258608757637, 4.754271124999078, 6.027606937251301, 5.755283793176493], [1.4485238037395176, 0.0, 1.5563623132163023, 2.519599751944741, 3.6855941569847324, 4.579780932533782, 4.195376098754437, 3.0085023416976093, 1.5477612929647773, 2.574014737720047, 3.865248052842146, 4.360330540222839, 5.69951476004756, 3.8704229975546602, 2.581187062186699, 1.5324080690207813, 2.552838022672022, 3.8481028390623866, 4.362626477249685, 3.86173286233007, 2.5740857600320934, 2.90825427533426, 1.966049063477308, 2.224119198694171, 2.191081018584206, 4.0974859035755085, 5.038150792701624, 2.7930667768601594, 4.737163172194938, 4.742237157713646, 2.798764064725714, 2.7565229474829334, 4.708650851358593, 5.449492921364335, 4.722771340007898], [2.411981936084928, 1.5563623132163023, 0.0, 1.4497352241012837, 2.526135732695296, 3.591557135839551, 3.473548108202908, 2.4348005770493817, 2.5179166090242147, 3.118208027056566, 4.404612048750718, 5.069374605412387, 6.361790754968289, 4.749872929879283, 3.589600724314614, 2.63119466402621, 3.8768178523113517, 5.036115277671868, 5.268531084657279, 4.447823003447866, 3.0794466856888434, 2.7672381213043447, 2.4443625365317643, 1.0949690680562625, 1.0986069633859055, 2.86810730273468, 4.465239149250576, 3.0313812841673347, 5.123649778234262, 5.641302910675866, 3.8484762750990162, 4.199270999828422, 5.979414982253699, 6.3251320531669535, 5.071873738570392], [2.9528480048929033, 2.519599751944741, 1.4497352241012837, 0.0, 1.3589248617933223, 2.18148520049988, 2.075866821354395, 1.3501204575888774, 3.8383662683490747, 4.473374681378702, 5.806948630735422, 6.4966340307885595, 7.800216746347501, 6.10757839491234, 4.857489444147048, 3.0866193448496366, 4.192944056388065, 5.172439827586205, 5.296049396484137, 4.490269320430568, 3.32043676795689, 3.054530068603025, 2.464464264297618, 2.0618781583789088, 2.0366608750599595, 2.157813379326396, 3.1203710901109183, 4.22439458029195, 6.481940699358488, 6.951525450575579, 4.9197000091469, 4.589480444451201, 6.092056791429312, 6.276599140458152, 5.02855734977737], [4.276684701962491, 3.6855941569847324, 2.526135732695296, 1.3589248617933223, 0.0, 1.3129150239067267, 2.097803837349908, 2.233497371836376, 4.931357079952739, 5.297650669872448, 6.624414399779048, 7.485170118975253, 8.756688577881482, 7.260783693927261, 6.075217281711001, 3.927847122788768, 5.0679899151438725, 5.806276060436672, 5.6253832660539675, 4.643387458526373, 3.6861648267542244, 3.1172658468600334, 3.7452401965695072, 2.6173546454387875, 3.117210069918291, 1.0812364126313914, 3.1406469015156735, 4.8006415185889475, 7.140643394680903, 8.16142189143534, 6.23172845204282, 5.64142303412889, 6.769043244802031, 6.48851463048362, 4.906047767806587], [4.861606172860982, 4.579780932533782, 3.591557135839551, 2.18148520049988, 1.3129150239067267, 0.0, 1.3651325283649203, 2.281626667533495, 5.968967945130884, 6.484240507569102, 7.836212284005584, 8.62965288351739, 9.925697710992411, 8.282891490898574, 7.017950850497601, 4.6882264087818974, 5.599907222445744, 6.216454424348337, 6.059999436468621, 5.249327222606721, 4.507976434055529, 4.172194892379789, 4.117874542770821, 3.8811858213695465, 4.073087624886064, 2.1415107611216904, 2.158066750589518, 6.032447815770975, 8.399741907344534, 9.124929326301658, 7.015761488249155, 6.115047488777172, 7.07561254662803, 6.826520027803332, 5.497334792424416], [4.077006070635657, 4.195376098754437, 3.473548108202908, 2.075866821354395, 2.097803837349908, 1.3651325283649203, 0.0, 1.3370559786336544, 5.669460745961648, 6.460267311806842, 7.810945052936937, 8.415586366379944, 9.736313353112667, 7.860256338695323, 6.519857091992125, 4.416377105728178, 5.107371323880809, 5.841951950333039, 5.98219371217616, 5.425449176796333, 4.62844605780385, 4.617957334146776, 3.191691383890366, 4.120685476956473, 3.8237654975168125, 3.1575948631830526, 1.082755161613188, 6.218144421770855, 8.521058768134392, 8.59762988910316, 6.32038844850536, 5.412591978895139, 6.582744777826345, 6.801089836930549, 5.908497873402342], [2.7817917733000797, 3.0085023416976093, 2.4348005770493817, 1.3501204575888774, 2.233497371836376, 2.281626667533495, 1.3370559786336544, 0.0, 4.451353445863404, 5.37216724702424, 6.688133088538236, 7.1864014360457205, 8.506350059808259, 6.560910730988495, 5.212745826337593, 3.507700764033329, 4.238691091598914, 5.213545958366532, 5.561521433924354, 5.047022720376836, 4.034565718884748, 4.127471326369209, 1.934025496212498, 3.3096507323281106, 2.7282141063340317, 3.262559064599444, 2.115299475251673, 5.291827268533998, 7.478058840367599, 7.272013562968651, 4.988538484365937, 4.417910186954913, 5.970873040016844, 6.504662011203964, 5.705242898422467], [2.4129689782506527, 1.5477612929647773, 2.5179166090242147, 3.8383662683490747, 4.931357079952739, 5.968967945130884, 5.669460745961648, 4.451353445863404, 0.0, 1.4112778216921005, 2.445443462850859, 2.8125840467442034, 4.151771597764019, 2.4452760907513085, 1.4097212242142063, 2.5250648961957394, 3.319498484711207, 4.555846156313885, 5.094223287214646, 4.617879359619521, 3.404579245663111, 3.590016937285951, 3.2455027253108257, 2.7630756395726843, 2.777137160818673, 5.126056608154069, 6.5320705055900925, 2.1810241034890008, 3.4313594769420477, 3.4294961029282423, 2.1762774294652782, 3.366144901812755, 5.336261933226291, 6.143322981904825, 5.424470734550976], [3.7451487527199774, 2.574014737720047, 3.118208027056566, 4.473374681378702, 5.297650669872448, 6.484240507569102, 6.460267311806842, 5.37216724702424, 1.4112778216921005, 0.0, 1.3975485394074871, 2.4079272351962797, 3.6288457407280346, 2.7892866991401224, 2.414078387294, 3.143315545725564, 4.083813617196554, 5.077322827041826, 5.3053977013980775, 4.616890352824074, 3.497444628582417, 3.3565368015262393, 4.482061056032147, 2.8284266262358653, 3.478634295237141, 5.200942766460711, 7.41902399915245, 1.0878080575175015, 2.1641097453687514, 3.8745789203473455, 3.4127243398786256, 4.3818597821016585, 5.934412640691579, 6.280320830180572, 5.2131635481730285], [4.853522034564178, 3.865248052842146, 4.404612048750718, 5.806948630735422, 6.624414399779048, 7.836212284005584, 7.810945052936937, 6.688133088538236, 2.445443462850859, 1.3975485394074871, 0.0, 1.3875024648626755, 2.3563566729168994, 2.4121749459771773, 2.7878459032019687, 4.434562821744665, 5.186873522653122, 6.108023383223087, 6.3668506476907405, 5.7649558723376195, 4.779945862664137, 4.624517888385772, 5.681247555775052, 4.068735545596445, 4.568870713863547, 6.45978747483228, 8.763693631112398, 2.13550680869905, 1.0854935974016615, 3.3915845338130675, 3.876533108332753, 5.3613774675917005, 6.861341865116473, 7.269487622246839, 6.302655492726856], [4.989560216091194, 4.360330540222839, 5.069374605412387, 6.4966340307885595, 7.485170118975253, 8.62965288351739, 8.415586366379944, 7.1864014360457205, 2.8125840467442034, 2.4079272351962797, 1.3875024648626755, 0.0, 1.3391879554416546, 1.386915981593694, 2.406665097183237, 5.093572853115973, 5.610517659717328, 6.620379332032267, 7.12375781873584, 6.721024869765027, 5.729081641938784, 5.754865484961399, 5.912250168928916, 4.972659132697515, 5.02580167237029, 7.462450898330923, 9.292549821765823, 3.379718544494497, 2.1423549519162317, 2.1439410579584504, 3.3820535492508097, 5.515749386982697, 7.226313404496098, 8.03564988037682, 7.38428032309175], [6.2880443613257055, 5.69951476004756, 6.361790754968289, 7.800216746347501, 8.756688577881482, 9.925697710992411, 9.736313353112667, 8.506350059808259, 4.151771597764019, 3.6288457407280346, 2.3563566729168994, 1.3391879554416546, 0.0, 2.3567708246666665, 3.6284446654179527, 6.389315072055846, 6.839898153481527, 7.770597130208205, 8.253427643106832, 7.879578924028872, 6.963541699451508, 6.950327748387122, 7.221111403378291, 6.198412457234514, 6.258504090435668, 8.674327839665734, 10.616451072274577, 4.489180386217511, 2.593323500838258, 2.597782785376791, 4.493663366341542, 6.714233366513261, 8.31229279681605, 9.105635291400596, 8.487594732902839], [4.11518550857674, 3.8704229975546602, 4.749872929879283, 6.10757839491234, 7.260783693927261, 8.282891490898574, 7.860256338695323, 6.560910730988495, 2.4452760907513085, 2.7892866991401224, 2.4121749459771773, 1.386915981593694, 2.3567708246666665, 0.0, 1.3973921461064536, 4.761676050509947, 5.105256478375989, 6.251531639526429, 6.989138354618543, 6.7428271919129, 5.695111064764234, 5.914389328578226, 5.072242192561393, 4.956680569695812, 4.593003367079105, 7.437291724142599, 8.63785838561851, 3.876470366196548, 3.3901846763856387, 1.085330161748028, 2.139829303939919, 4.772982541346657, 6.764754897259767, 7.949241127302656, 7.554767635738376], [2.719571506689979, 2.581187062186699, 3.589600724314614, 4.857489444147048, 6.075217281711001, 7.017950850497601, 6.519857091992125, 5.212745826337593, 1.4097212242142063, 2.414078387294, 2.7878459032019687, 2.406665097183237, 3.6284446654179527, 1.3973921461064536, 0.0, 3.589757629701482, 3.978783298949567, 5.248495793082053, 6.038001168433143, 5.7922492375587575, 4.67133360080395, 4.986731677160904, 3.6786517761266833, 4.002412994682083, 3.5102766757052075, 6.375356550029182, 7.269852940740961, 3.413877550528138, 3.873260803250925, 2.1621513938667665, 1.0891066614432214, 3.6368683245341726, 5.821631431995674, 7.055978546594369, 6.6735023713189765], [2.3978457623458604, 1.5324080690207813, 2.63119466402621, 3.0866193448496366, 3.927847122788768, 4.6882264087818974, 4.416377105728178, 3.507700764033329, 2.5250648961957394, 3.143315545725564, 4.434562821744665, 5.093572853115973, 6.389315072055846, 4.761676050509947, 3.589757629701482, 0.0, 1.409541166479362, 2.4481001633920125, 2.830468757997516, 2.4447128481684715, 1.4008469188316048, 2.3787925886886394, 2.674030188685236, 3.0067595347815894, 3.552015453232151, 4.281047902091262, 5.191127486394454, 3.0512379799025835, 5.15646639958024, 5.6483999725586, 3.831672392050239, 2.1715612839613807, 3.428153469435113, 3.9173411761040167, 3.4192674507853287], [2.762637156776112, 2.552838022672022, 3.8768178523113517, 4.192944056388065, 5.0679899151438725, 5.599907222445744, 5.107371323880809, 4.238691091598914, 3.319498484711207, 4.083813617196554, 5.186873522653122, 5.610517659717328, 6.839898153481527, 5.105256478375989, 3.978783298949567, 1.409541166479362, 0.0, 1.3982540935037524, 2.417865730349806, 2.7806553058586747, 2.3961199030933322, 3.634126764437366, 3.0546461742728894, 4.386410350161052, 4.671522974362858, 5.541161600242317, 5.667930174234683, 4.177862727519898, 5.95637201407031, 5.828641319381387, 3.989803727002119, 1.0898127224436316, 2.156205150258203, 3.403955059926614, 3.866304043915843], [4.131689476473275, 3.8481028390623866, 5.036115277671868, 5.172439827586205, 5.806276060436672, 6.216454424348337, 5.841951950333039, 5.213545958366532, 4.555846156313885, 5.077322827041826, 6.108023383223087, 6.620379332032267, 7.770597130208205, 6.251531639526429, 5.248495793082053, 2.4481001633920125, 1.3982540935037524, 0.0, 1.3918002945825239, 2.4051706924873337, 2.7736720714605037, 4.113100914152241, 4.297629865402557, 5.406916351304133, 5.930660132733961, 6.203689582014884, 6.313379073839936, 5.001457189659829, 6.736266359044898, 6.964940760695671, 5.308593720562914, 2.144425093119366, 1.0876401702769167, 2.1537113502045715, 3.393729964213417], [4.97740236368329, 4.362626477249685, 5.268531084657279, 5.296049396484137, 5.6253832660539675, 6.059999436468621, 5.98219371217616, 5.561521433924354, 5.094223287214646, 5.3053977013980775, 6.3668506476907405, 7.12375781873584, 8.253427643106832, 6.989138354618543, 6.038001168433143, 2.830468757997516, 2.417865730349806, 1.3918002945825239, 0.0, 1.3912668327822668, 2.4112455080310675, 3.6151569274375905, 5.05882106226342, 5.401490099037487, 6.289619887560774, 5.833616933772734, 6.528865363139296, 4.9460047169407355, 6.813221330618873, 7.819617746411906, 6.275034580781209, 3.3943734591232, 2.153460791377452, 1.0868809042392824, 2.155551337825198], [4.795100742424501, 3.86173286233007, 4.447823003447866, 4.490269320430568, 4.643387458526373, 5.249327222606721, 5.425449176796333, 5.047022720376836, 4.617879359619521, 4.616890352824074, 5.7649558723376195, 6.721024869765027, 7.879578924028872, 6.7428271919129, 5.7922492375587575, 2.4447128481684715, 2.7806553058586747, 2.4051706924873337, 1.3912668327822668, 0.0, 1.3942914257786998, 2.3395519165002514, 4.852733887202141, 4.368168692942159, 5.5277254282389965, 4.669209827154911, 6.140913268399091, 4.03303968986173, 6.117785898509362, 7.687744341482747, 6.18184106799908, 3.8700878672195547, 3.3928271603487263, 2.1541935892579387, 1.0857609359338731], [3.679814333631522, 2.5740857600320934, 3.0794466856888434, 3.32043676795689, 3.6861648267542244, 4.507976434055529, 4.62844605780385, 4.034565718884748, 3.404579245663111, 3.497444628582417, 4.779945862664137, 5.729081641938784, 6.963541699451508, 5.695111064764234, 4.67133360080395, 1.4008469188316048, 2.3961199030933322, 2.7736720714605037, 2.4112455080310675, 1.3942914257786998, 0.0, 1.3405031331556074, 3.79492270540521, 3.022322687933901, 4.152569230006889, 3.7537328341265845, 5.477159596907872, 2.955649421024084, 5.249518288376564, 6.673709097645776, 5.091913739450031, 3.3938134038276178, 3.861271673943702, 3.398504691772545, 2.1493072628174876], [4.2158109729920294, 2.90825427533426, 2.7672381213043447, 3.054530068603025, 3.1172658468600334, 4.172194892379789, 4.617957334146776, 4.127471326369209, 3.590016937285951, 3.3565368015262393, 4.624517888385772, 5.754865484961399, 6.950327748387122, 5.914389328578226, 4.986731677160904, 2.3787925886886394, 3.634126764437366, 4.113100914152241, 3.6151569274375905, 2.3395519165002514, 1.3405031331556074, 0.0, 4.292905995942609, 2.2735848917513506, 3.8133767424685434, 2.839059981754524, 5.600621740485605, 2.5252026037528155, 4.935605082459496, 6.960232180753743, 5.546485865843345, 4.537920009211268, 5.200623182850301, 4.491215892161053, 2.564020331432651], [0.9830943037165866, 1.966049063477308, 2.4443625365317643, 2.464464264297618, 3.7452401965695072, 4.117874542770821, 3.191691383890366, 1.934025496212498, 3.2455027253108257, 4.482061056032147, 5.681247555775052, 5.912250168928916, 7.221111403378291, 5.072242192561393, 3.6786517761266833, 2.674030188685236, 3.0546461742728894, 4.297629865402557, 5.05882106226342, 4.852733887202141, 3.79492270540521, 4.292905995942609, 0.0, 3.504218687525081, 2.667402472443932, 4.577639209243123, 3.722396460615124, 4.742080073132464, 6.623439040256957, 5.676260756871551, 3.264304540020738, 2.8578727613384047, 4.922344116373824, 6.07579049177965, 5.7662133163801705], [3.3859923951479867, 2.224119198694171, 1.0949690680562625, 2.0618781583789088, 2.6173546454387875, 3.8811858213695465, 4.120685476956473, 3.3096507323281106, 2.7630756395726843, 2.8284266262358653, 4.068735545596445, 4.972659132697515, 6.198412457234514, 4.956680569695812, 4.002412994682083, 3.0067595347815894, 4.386410350161052, 5.406916351304133, 5.401490099037487, 4.368168692942159, 3.022322687933901, 2.2735848917513506, 3.504218687525081, 0.0, 1.7618362069159552, 2.515627134533256, 5.179243491090181, 2.4380487710462235, 4.591714012218096, 5.9385718375717245, 4.50471305856433, 4.875996235642518, 6.425217656235469, 6.41576926720405, 4.804430147270329], [2.5988239301653353, 2.191081018584206, 1.0986069633859055, 2.0366608750599595, 3.117210069918291, 4.073087624886064, 3.8237654975168125, 2.7282141063340317, 2.777137160818673, 3.478634295237141, 4.568870713863547, 5.02580167237029, 6.258504090435668, 4.593003367079105, 3.5102766757052075, 3.552015453232151, 4.671522974362858, 5.930660132733961, 6.289619887560774, 5.5277254282389965, 4.152569230006889, 3.8133767424685434, 2.667402472443932, 1.7618362069159552, 0.0, 3.4907085613095803, 4.7354340856990085, 3.617415570542041, 5.339673940419958, 5.372982353404858, 3.6633649586138697, 4.787510086673448, 6.808096446878525, 7.358968920303985, 6.166320697141854], [4.956029336071368, 4.0974859035755085, 2.86810730273468, 2.157813379326396, 1.0812364126313914, 2.1415107611216904, 3.1575948631830526, 3.262559064599444, 5.126056608154069, 5.200942766460711, 6.45978747483228, 7.462450898330923, 8.674327839665734, 7.437291724142599, 6.375356550029182, 4.281047902091262, 5.541161600242317, 6.203689582014884, 5.833616933772734, 4.669209827154911, 3.7537328341265845, 2.839059981754524, 4.577639209243123, 2.515627134533256, 3.4907085613095803, 0.0, 4.1703149976950185, 4.533996282530457, 6.822564539086457, 8.401862090632052, 6.699499621613543, 6.222979174800443, 7.229763695308444, 6.6553944864297865, 4.7352023441453905], [4.683336421825792, 5.038150792701624, 4.465239149250576, 3.1203710901109183, 3.1406469015156735, 2.158066750589518, 1.082755161613188, 2.115299475251673, 6.5320705055900925, 7.41902399915245, 8.763693631112398, 9.292549821765823, 10.616451072274577, 8.63785838561851, 7.269852940740961, 5.191127486394454, 5.667930174234683, 6.313379073839936, 6.528865363139296, 6.140913268399091, 5.477159596907872, 5.600621740485605, 3.722396460615124, 5.179243491090181, 4.7354340856990085, 4.1703149976950185, 0.0, 7.228251408881681, 9.514931697600357, 9.30505456459015, 6.942172185994814, 5.870970816653751, 6.925092413101792, 7.270033603086026, 6.639701838185205], [4.17306483414768, 2.7930667768601594, 3.0313812841673347, 4.22439458029195, 4.8006415185889475, 6.032447815770975, 6.218144421770855, 5.291827268533998, 2.1810241034890008, 1.0878080575175015, 2.13550680869905, 3.379718544494497, 4.489180386217511, 3.876470366196548, 3.413877550528138, 3.0512379799025835, 4.177862727519898, 5.001457189659829, 4.9460047169407355, 4.03303968986173, 2.955649421024084, 2.5252026037528155, 4.742080073132464, 2.4380487710462235, 3.617415570542041, 4.533996282530457, 7.228251408881681, 0.0, 2.462387138530415, 4.961612485875938, 4.3353634553518114, 4.718873121837459, 5.961855581947621, 5.878661919178548, 4.456177946402051], [5.84102939300942, 4.737163172194938, 5.123649778234262, 6.481940699358488, 7.140643394680903, 8.399741907344534, 8.521058768134392, 7.478058840367599, 3.4313594769420477, 2.1641097453687514, 1.0854935974016615, 2.1423549519162317, 2.593323500838258, 3.3901846763856387, 3.873260803250925, 5.15646639958024, 5.95637201407031, 6.736266359044898, 6.813221330618873, 6.117785898509362, 5.249518288376564, 4.935605082459496, 6.623439040256957, 4.591714012218096, 5.339673940419958, 6.822564539086457, 9.514931697600357, 2.462387138530415, 0.0, 4.278290735796248, 4.9617977881006, 6.247293807721868, 7.514295043448853, 7.637761330389947, 6.495032028404479], [4.727212685081982, 4.742237157713646, 5.641302910675866, 6.951525450575579, 8.16142189143534, 9.124929326301658, 8.59762988910316, 7.272013562968651, 3.4294961029282423, 3.8745789203473455, 3.3915845338130675, 2.1439410579584504, 2.597782785376791, 1.085330161748028, 2.1621513938667665, 5.6483999725586, 5.828641319381387, 6.964940760695671, 7.819617746411906, 7.687744341482747, 6.673709097645776, 6.960232180753743, 5.676260756871551, 5.9385718375717245, 5.372982353404858, 8.401862090632052, 9.30505456459015, 4.961612485875938, 4.278290735796248, 0.0, 2.465321011552045, 5.332800470672047, 7.356709436969765, 8.756195739018173, 8.54044383097272], [2.338120813816087, 2.798764064725714, 3.8484762750990162, 4.9197000091469, 6.231728