{"total energy": -10.57541951, "HOMO-LUMO gap/eV": 4.55067488, "electronic energy": -10.68772026, "dipole": [-0.21770512, 0.88449272, -0.1288186], "partial charges": [-0.09742373, 0.01177835, -0.28473215, 0.04804997, 0.04804325, 0.0394472, 0.04050564, 0.04050366, 0.15382781], "atomic dipole moments": [[0.10964038, 0.04451593, 0.00186666], [0.012398, -0.14536585, 0.01953255], [-0.1661002, 0.29388831, -0.04927238], [-0.01888834, -0.08377623, -0.09689998], [-0.03331313, -0.05703169, 0.11139114], [-0.08230849, 0.09375341, -0.0177548], [0.02977437, 0.05464746, -0.10767747], [0.01588174, 0.0804881, 0.09346687], [0.0509962, 0.04062508, -0.00169674]], "atomic quadrupole moments": [[0.21437723, 0.10386346, -0.07043383, 0.01152685, -0.0023817, -0.14394341], [0.19936009, -0.18209682, 0.1031741, 0.05899296, -0.06635929, -0.30253419], [0.38278061, -0.17497384, 0.19779389, 0.09059246, -0.1148888, -0.5805745], [-0.02607615, 0.00696055, 0.00319139, -0.00375202, 0.06077249, 0.02288475], [-0.0256396, 0.01411314, -0.02490622, -0.00778854, -0.04672879, 0.05054582], [0.00772204, -0.05355268, 0.04321934, 0.01112974, -0.01616491, -0.05094138], [-0.01035133, -0.01459686, -0.01436325, -0.01175311, -0.03434345, 0.02471457], [-0.01353803, -0.01672983, 0.00447636, 0.01175287, 0.03785287, 0.00906167], [0.10885947, 0.13426279, 0.0122099, -0.00129548, -0.00797085, -0.12106936]], "number of molecular orbitals": 23, "number of electrons": 20, "number of unpaired electrons": 0, "orbital energies/eV": [-19.34346549, -17.07061195, -15.83959976, -14.23086729, -14.1637939, -13.36293319, -12.73246589, -12.49296868, -12.20467044, -10.00612331, -5.45544843, -3.28457745, -0.50482608, -0.23318699, 0.3005148, 2.92338464, 3.85544297, 4.12109604, 4.81037421, 5.90256852, 6.50534111, 7.39152463, 14.19143042], "fractional occupation": [2.0, 2.0, 2.0, 2.0, 2.0, 2.0, 2.0, 2.0, 2.0, 2.0, 0.0, 0.0, 0.0, 0.0, 0.0, 0.0, 0.0, 0.0, 0.0, 0.0, 0.0, 0.0, 0.0], "program call": "xtb /home/svss/Project-DBcg-Debug/aqme2_20220329/End-to-End-workflows-final/example-3/QDESCP/mol_278_rdkit_conf_2/mol_278_rdkit_conf_2.xyz --pop --wbo --acc 0.2 --gfn 2 --chrg 0 --uhf 0 --etemp 300 --input /home/svss/Project-DBcg-Debug/aqme2_20220329/End-to-End-workflows-final/example-3/QDESCP/mol_278_rdkit_conf_2/mol_278_rdkit_conf_2_xtb.inp", "method": "GFN2-xTB", "xtb version": "6.3.3 (7355c4f)", "Dipole module/D": 2.338, "Total charge": 0, "Transition dipole module/D": NaN, "HOMO": -10.0061, "LUMO": -5.4554, "HOMO occupancy": 2.0, "LUMO occupancy": 0, "mulliken charges": [-0.08184, 0.02604, -0.19353, 0.03257, 0.03257, 0.02821, 0.01846, 0.01846, 0.11907], "cm5 charges": [-0.22912, -0.06932, -0.28297, 0.08419, 0.08418, 0.07903, 0.0739, 0.0739, 0.18622], "FUKUI+": [0.047, 0.028, -0.572, -0.047, -0.047, -0.077, -0.11, -0.11, -0.11], "FUKUI-": [0.041, 0.075, -0.603, -0.07, -0.07, -0.074, -0.123, -0.123, -0.051], "FUKUIrad": [0.044, 0.051, -0.588, -0.059, -0.059, -0.076, -0.117, -0.117, -0.081], "s proportion": [1.007, 1.029, 1.918, 0.967, 0.967, 0.972, 0.982, 0.982, 0.881], "p proportion": [3.075, 2.945, 4.283, 0.0, 0.0, 0.0, 0.0, 0.0, 0.0], "d proportion": [0.0, 0.0, -0.007, 0.0, 0.0, 0.0, 0.0, 0.0, 0.0], "Fermi-level/eV": -7.7308, "Coordination numbers": [3.789, 3.793, 1.934, 0.924, 0.924, 0.924, 0.924, 0.924, 0.922], "Dispersion coefficient C6": [22.371, 20.386, 153.358, 2.345, 2.345, 2.456, 2.442, 2.442, 1.366], "Total dispersion C6": 929.081427, "Total dispersion C8": 27890.364458, "Polarizability alpha": [6.736, 6.43, 20.843, 2.395, 2.395, 2.451, 2.444, 2.444, 1.828], "Total polarizability alpha": 47.964673, "Wiberg matrix": [[0.0, 1.0271659312006152, 0.0, 0.9861055920821278, 0.9861051260302127, 0.9811052103722088, 0.0, 0.0, 0.0], [1.0271659312006152, 0.0, 0.9914126881399705, 0.0, 0.0, 0.0, 0.9778763554494092, 0.9778781702084194, 0.0], [0.0, 0.9914126881399705, 0.0, 0.0, 0.0, 0.0, 0.0, 0.0, 0.9651585076867053], [0.9861055920821278, 0.0, 0.0, 0.0, 0.0, 0.0, 0.0, 0.0, 0.0], [0.9861051260302127, 0.0, 0.0, 0.0, 0.0, 0.0, 0.0, 0.0, 0.0], [0.9811052103722088, 0.0, 0.0, 0.0, 0.0, 0.0, 0.0, 0.0, 0.0], [0.0, 0.9778763554494092, 0.0, 0.0, 0.0, 0.0, 0.0, 0.0, 0.0], [0.0, 0.9778781702084194, 0.0, 0.0, 0.0, 0.0, 0.0, 0.0, 0.0], [0.0, 0.0, 0.9651585076867053, 0.0, 0.0, 0.0, 0.0, 0.0, 0.0]], "Born radii": [], "Atomic SASAs": [], "Solvent H bonds": [], "Total SASA": NaN, "Total FOD": 0.0, "FOD": [0.0, 0.0, 0.0, 0.0, 0.0, 0.0, 0.0, 0.0, 0.0], "FOD s proportion": [0.0, 0.0, 0.0, 0.0, 0.0, 0.0, 0.0, 0.0, 0.0], "FOD p proportion": [0.0, 0.0, 0.0, 0.0, 0.0, 0.0, 0.0, 0.0, 0.0], "FOD d proportion": [0.0, 0.0, 0.0, 0.0, 0.0, 0.0, 0.0, 0.0, 0.0], "coordinates": [["-1.08970", "-0.17340", "-0.05310"], ["0.33050", "0.35830", "-0.02320"], ["1.51170", "-0.99400", "0.23240"], ["-1.23430", "-0.88880", "-0.86980"], ["-1.35610", "-0.66270", "0.89000"], ["-1.79300", "0.65150", "-0.20780"], ["0.56730", "0.85980", "-0.96640"], ["0.44610", "1.08510", "0.78650"], ["2.61760", "-0.23580", "0.21140"]], "bond_dist": [[0.0, 1.516761991876115, 2.7426586681539504, 1.0953105541352188, 1.0953634374033123, 1.0949990821913962, 2.155752335032946, 2.155790353907355, 3.717247274529904], [1.516761991876115, 0.0, 1.8136372542490409, 2.172691650925184, 2.1727850330854177, 2.1515798033073277, 1.0941675968515976, 1.0941735191458435, 2.3746196284878973], [2.7426586681539504, 1.8136372542490409, 0.0, 2.960815407957747, 2.960823245315397, 3.7178607262779493, 2.4011637261961125, 2.401080377663355, 1.3410156785064071], [1.0953105541352188, 2.172691650925184, 2.960815407957747, 0.0, 1.7784410279792806, 1.7671767823282425, 2.5125079263556565, 3.076256663544185, 4.053706458292213], [1.0953634374033123, 2.1727850330854177, 2.960823245315397, 1.7784410279792806, 0.0, 1.7672487346154757, 3.076311877882345, 2.5126563493641543, 4.0537677856532435], [1.0949990821913962, 2.1515798033073277, 3.7178607262779493, 1.7671767823282425, 1.7672487346154757, 0.0, 2.487946731744874, 2.488013315880765, 4.5184535285869645], [2.155752335032946, 1.0941675968515976, 2.4011637261961125, 2.5125079263556565, 3.076311877882345, 2.487946731744874, 0.0, 1.7714705586037833, 2.606008881412341], [2.155790353907355, 1.0941735191458435, 2.401080377663355, 3.076256663544185, 2.5126563493641543, 2.488013315880765, 1.7714705586037833, 0.0, 2.605941110232539], [3.717247274529904, 2.3746196284878973, 1.3410156785064071, 4.053706458292213, 4.0537677856532435, 4.5184535285869645, 2.606008881412341, 2.605941110232539, 0.0]]}