{"total energy": -26.73297061, "HOMO-LUMO gap/eV": 5.19829265, "electronic energy": -27.0617269, "dipole": [-1.62368147, 0.2482575, 0.33788072], "partial charges": [-0.10082686, -0.05205782, -0.05858184, -0.05714801, -0.05826707, -0.05388996, 0.0279026, -0.19488511, 0.03308399, 0.03274046, 0.03270014, 0.03037215, 0.02892241, 0.03334612, 0.0313355, 0.03180423, 0.03292223, 0.03161842, 0.03285025, 0.04541494, 0.04510703, 0.05268722, 0.05284899], "atomic dipole moments": [[0.09853961, -0.01983936, -0.0142972], [-0.05599343, 0.07596676, -0.06218539], [0.06213383, -0.07779514, 0.05308496], [-0.02187975, 0.04652054, 0.10352201], [0.04251001, -0.04007514, -0.0990165], [-0.00826312, 0.04402635, 0.11874935], [0.08822988, -0.04484063, -0.10248729], [-0.75487009, 0.14046471, 0.21588247], [-0.06838268, -0.02693384, -0.1025462], [-0.04483718, -0.06881165, 0.09425336], [-0.01825353, 0.12137805, 0.0292577], [0.01056529, -0.12157131, -0.02120073], [0.0567213, 0.02195561, 0.10741676], [-0.06542055, -0.01542842, -0.10264528], [-0.01014247, 0.12191957, 0.02392702], [0.02916613, 0.05949585, -0.10261428], [0.00847092, -0.12062483, -0.03148621], [-0.01279273, 0.11951407, 0.03313413], [-0.02537253, -0.0670412, 0.1020634], [0.01572928, -0.12112478, -0.0355525], [0.03079305, 0.06577109, -0.10419367], [-0.00665516, -0.07707086, 0.10414962], [0.00960911, 0.12605365, 0.02928665]], "atomic quadrupole moments": [[0.214715, -0.06907628, -0.10705316, -0.0523526, -0.00049412, -0.10766183], [0.15192464, -0.01337494, -0.11238017, -0.12489608, -0.13287903, -0.03954447], [0.1348594, -0.02015258, -0.10989789, -0.1513237, -0.11707809, -0.02496151], [0.2010195, -0.02783525, -0.19239687, 0.07996968, 0.07376909, -0.00862263], [0.21943522, -0.01768614, -0.21057608, 0.04125094, 0.08320647, -0.00885914], [0.24158954, -0.01142, -0.23250924, 0.07901142, 0.08597876, -0.0090803], [0.37970761, -0.08245894, -0.29477503, -0.06782228, 0.09825763, -0.08493259], [0.7759856, -0.2329717, -0.43896554, -0.35656587, 0.08458146, -0.33702006], [-0.00751655, 0.00505644, -0.04196512, 0.04392607, 0.02997915, 0.04948167], [-0.01834591, 0.01474881, -0.00619013, -0.02996999, -0.06037581, 0.02453604], [-0.02744875, -0.00407097, 0.0743544, 1.524e-05, 0.02738986, -0.04690565], [-0.02357501, -0.00365584, 0.04849903, -0.01194822, 0.02635913, -0.02492402], [0.00350754, 0.01892149, -0.03083093, 0.0302037, 0.02067515, 0.02732339], [0.00714104, 0.02005642, -0.03855616, 0.02942621, 0.01705104, 0.03141512], [-0.02953996, 0.00564509, 0.04846746, -0.01233075, 0.02832541, -0.01892749], [-0.00534359, 0.017603, -0.0112322, -0.012239, -0.04645545, 0.01657578], [-0.02021052, -0.00409992, 0.05728688, 0.01040577, 0.00734995, -0.03707636], [-0.02136047, -0.00615582, 0.05532881, 0.00311069, 0.01303662, -0.03396834], [-0.01579777, 0.01383693, 0.00081285, -0.01119962, -0.04306106, 0.01498492], [-0.00802244, -0.00289077, 0.04654764, 0.00697688, 0.0099477, -0.0385252], [-0.00523856, 0.00994128, -0.001795, -0.00355163, -0.0432229, 0.00703357], [0.01416391, 0.00686144, -0.01747335, -0.02448655, -0.03363032, 0.00330945], [0.009557, -0.01973617, 0.03028172, -0.00927169, 0.01608646, -0.03983872]], "number of molecular orbitals": 52, "number of electrons": 50, "number of unpaired electrons": 0, "orbital energies/eV": [-22.68318889, -17.64002602, -17.21313942, -16.85221912, -16.40173557, -15.91146211, -15.64649079, -15.26611232, -14.83189536, -14.28638067, -14.10369458, -13.96403036, -13.77196121, -13.40858888, -13.28779393, -13.00009142, -12.66260978, -12.54402526, -12.3412454, -12.10635515, -11.9726202, -11.73523622, -11.62871261, -11.00904954, -10.98485189, -5.78655924, 0.54521715, 1.12333341, 1.26604426, 1.60880865, 1.87463079, 2.19109062, 2.29315614, 2.50813121, 3.00372768, 3.26286172, 3.56009424, 3.79753078, 4.11463277, 4.3314205, 4.52518676, 4.80260906, 5.16023854, 5.52288575, 5.72718597, 6.28948348, 6.64496958, 6.91560715, 7.19640632, 7.95096988, 8.06757793, 10.64308416], "fractional occupation": [2.0, 2.0, 2.0, 2.0, 2.0, 2.0, 2.0, 2.0, 2.0, 2.0, 2.0, 2.0, 2.0, 2.0, 2.0, 2.0, 2.0, 2.0, 2.0, 2.0, 2.0, 2.0, 2.0, 2.0, 2.0, 0.0, 0.0, 0.0, 0.0, 0.0, 0.0, 0.0, 0.0, 0.0, 0.0, 0.0, 0.0, 0.0, 0.0, 0.0, 0.0, 0.0, 0.0, 0.0, 0.0, 0.0, 0.0, 0.0, 0.0, 0.0, 0.0, 0.0], "program call": "xtb /home/svss/Project-DBcg-Debug/aqme2_20220329/End-to-End-workflows-final/example-3/QDESCP/mol_130_rdkit_conf_6/mol_130_rdkit_conf_6.xyz --pop --wbo --acc 0.2 --gfn 2 --chrg 0 --uhf 0 --etemp 300 --input /home/svss/Project-DBcg-Debug/aqme2_20220329/End-to-End-workflows-final/example-3/QDESCP/mol_130_rdkit_conf_6/mol_130_rdkit_conf_6_xtb.inp", "method": "GFN2-xTB", "xtb version": "6.3.3 (7355c4f)", "Dipole module/D": 4.262, "Total charge": 0, "Transition dipole module/D": NaN, "HOMO": -10.9849, "LUMO": -5.7866, "HOMO occupancy": 2.0, "LUMO occupancy": 0, "mulliken charges": [-0.08328, -0.0401, -0.04697, -0.045, -0.04692, -0.04835, 0.02519, -0.09338, 0.02684, 0.02847, 0.02682, 0.02262, 0.02201, 0.02512, 0.02334, 0.02511, 0.02417, 0.02365, 0.02365, 0.0273, 0.02714, 0.02626, 0.0263], "cm5 charges": [-0.2337, -0.15277, -0.15747, -0.15557, -0.1576, -0.15847, -0.09051, -0.08758, 0.07813, 0.07924, 0.07811, 0.07745, 0.0773, 0.08002, 0.07853, 0.08004, 0.07938, 0.07913, 0.07963, 0.08272, 0.08256, 0.08069, 0.08073], "FUKUI+": [0.007, 0.005, 0.008, 0.007, 0.013, 0.034, -0.05, -0.454, -0.01, -0.011, -0.007, -0.006, 0.003, -0.023, -0.012, -0.017, -0.019, -0.033, -0.032, -0.06, -0.059, -0.141, -0.141], "FUKUI-": [0.019, 0.004, 0.009, 0.01, 0.006, 0.015, 0.02, -0.265, -0.071, -0.054, -0.054, -0.066, -0.083, -0.073, -0.053, -0.057, -0.037, -0.035, -0.042, -0.035, -0.04, -0.059, -0.059], "FUKUIrad": [0.013, 0.004, 0.009, 0.008, 0.009, 0.024, -0.015, -0.359, -0.04, -0.033, -0.03, -0.036, -0.04, -0.048, -0.033, -0.037, -0.028, -0.034, -0.037, -0.047, -0.05, -0.1, -0.1], "s proportion": [1.008, 1.027, 1.032, 1.032, 1.032, 1.036, 1.059, 1.954, 0.973, 0.972, 0.973, 0.977, 0.978, 0.975, 0.977, 0.975, 0.976, 0.976, 0.976, 0.973, 0.973, 0.974, 0.974], "p proportion": [3.076, 3.014, 3.015, 3.013, 3.014, 3.012, 2.916, 5.151, 0.0, 0.0, 0.0, 0.0, 0.0, 0.0, 0.0, 0.0, 0.0, 0.0, 0.0, 0.0, 0.0, 0.0, 0.0], "d proportion": [0.0, 0.0, 0.0, 0.0, 0.0, 0.0, 0.0, -0.012, 0.0, 0.0, 0.0, 0.0, 0.0, 0.0, 0.0, 0.0, 0.0, 0.0, 0.0, 0.0, 0.0, 0.0, 0.0], "Fermi-level/eV": -8.3857, "Coordination numbers": [3.75, 3.799, 3.801, 3.8, 3.801, 3.878, 3.741, 0.995, 0.924, 0.924, 0.924, 0.924, 0.924, 0.924, 0.924, 0.924, 0.924, 0.924, 0.924, 0.924, 0.924, 0.925, 0.925], "Dispersion coefficient C6": [22.489, 21.51, 21.628, 21.602, 21.622, 21.491, 20.177, 190.435, 2.543, 2.548, 2.549, 2.581, 2.602, 2.54, 2.568, 2.561, 2.545, 2.564, 2.546, 2.378, 2.382, 2.287, 2.285], "Total dispersion C6": 4877.914638, "Total dispersion C8": 133993.043119, "Polarizability alpha": [6.763, 6.604, 6.621, 6.617, 6.62, 6.591, 6.409, 22.25, 2.494, 2.496, 2.497, 2.513, 2.523, 2.492, 2.506, 2.503, 2.495, 2.504, 2.496, 2.412, 2.414, 2.365, 2.364], "Total polarizability alpha": 105.546695, "Wiberg matrix": [[0.0, 1.0198440725875249, 0.0, 0.0, 0.0, 0.0, 0.0, 0.0, 0.9875643279669726, 0.9873414626635626, 0.987771764745056, 0.0, 0.0, 0.0, 0.0, 0.0, 0.0, 0.0, 0.0, 0.0, 0.0, 0.0, 0.0], [1.0198440725875249, 0.0, 1.0088430181949406, 0.0, 0.0, 0.0, 0.0, 0.0, 0.0, 0.0, 0.0, 0.9778863630517972, 0.9764291061877872, 0.0, 0.0, 0.0, 0.0, 0.0, 0.0, 0.0, 0.0, 0.0, 0.0], [0.0, 1.0088430181949406, 0.0, 1.0061560960913989, 0.0, 0.0, 0.0, 0.0, 0.0, 0.0, 0.0, 0.0, 0.0, 0.9762465944048224, 0.977030496915596, 0.0, 0.0, 0.0, 0.0, 0.0, 0.0, 0.0, 0.0], [0.0, 0.0, 1.0061560960913989, 0.0, 1.0061528241472704, 0.0, 0.0, 0.0, 0.0, 0.0, 0.0, 0.0, 0.0, 0.0, 0.0, 0.9768653379319215, 0.9770474120877044, 0.0, 0.0, 0.0, 0.0, 0.0, 0.0], [0.0, 0.0, 0.0, 1.0061528241472704, 0.0, 0.9995871214104126, 0.0, 0.0, 0.0, 0.0, 0.0, 0.0, 0.0, 0.0, 0.0, 0.0, 0.0, 0.9769021494779114, 0.975211408001829, 0.0, 0.0, 0.0, 0.0], [0.0, 0.0, 0.0, 0.0, 0.9995871214104126, 0.0, 1.0169194353512245, 0.0, 0.0, 0.0, 0.0, 0.0, 0.0, 0.0, 0.0, 0.0, 0.0, 0.0, 0.0, 0.9760452983635916, 0.9758730134062884, 0.0, 0.0], [0.0, 0.0, 0.0, 0.0, 0.0, 1.0169194353512245, 0.0, 0.9614957819705662, 0.0, 0.0, 0.0, 0.0, 0.0, 0.0, 0.0, 0.0, 0.0, 0.0, 0.0, 0.0, 0.0, 0.9787497403904817, 0.9787539248741778], [0.0, 0.0, 0.0, 0.0, 0.0, 0.0, 0.9614957819705662, 0.0, 0.0, 0.0, 0.0, 0.0, 0.0, 0.0, 0.0, 0.0, 0.0, 0.0, 0.0, 0.0, 0.0, 0.0, 0.0], [0.9875643279669726, 0.0, 0.0, 0.0, 0.0, 0.0, 0.0, 0.0, 0.0, 0.0, 0.0, 0.0, 0.0, 0.0, 0.0, 0.0, 0.0, 0.0, 0.0, 0.0, 0.0, 0.0, 0.0], [0.9873414626635626, 0.0, 0.0, 0.0, 0.0, 0.0, 0.0, 0.0, 0.0, 0.0, 0.0, 0.0, 0.0, 0.0, 0.0, 0.0, 0.0, 0.0, 0.0, 0.0, 0.0, 0.0, 0.0], [0.987771764745056, 0.0, 0.0, 0.0, 0.0, 0.0, 0.0, 0.0, 0.0, 0.0, 0.0, 0.0, 0.0, 0.0, 0.0, 0.0, 0.0, 0.0, 0.0, 0.0, 0.0, 0.0, 0.0], [0.0, 0.9778863630517972, 0.0, 0.0, 0.0, 0.0, 0.0, 0.0, 0.0, 0.0, 0.0, 0.0, 0.0, 0.0, 0.0, 0.0, 0.0, 0.0, 0.0, 0.0, 0.0, 0.0, 0.0], [0.0, 0.9764291061877872, 0.0, 0.0, 0.0, 0.0, 0.0, 0.0, 0.0, 0.0, 0.0, 0.0, 0.0, 0.0, 0.0, 0.0, 0.0, 0.0, 0.0, 0.0, 0.0, 0.0, 0.0], [0.0, 0.0, 0.9762465944048224, 0.0, 0.0, 0.0, 0.0, 0.0, 0.0, 0.0, 0.0, 0.0, 0.0, 0.0, 0.0, 0.0, 0.0, 0.0, 0.0, 0.0, 0.0, 0.0, 0.0], [0.0, 0.0, 0.977030496915596, 0.0, 0.0, 0.0, 0.0, 0.0, 0.0, 0.0, 0.0, 0.0, 0.0, 0.0, 0.0, 0.0, 0.0, 0.0, 0.0, 0.0, 0.0, 0.0, 0.0], [0.0, 0.0, 0.0, 0.9768653379319215, 0.0, 0.0, 0.0, 0.0, 0.0, 0.0, 0.0, 0.0, 0.0, 0.0, 0.0, 0.0, 0.0, 0.0, 0.0, 0.0, 0.0, 0.0, 0.0], [0.0, 0.0, 0.0, 0.9770474120877044, 0.0, 0.0, 0.0, 0.0, 0.0, 0.0, 0.0, 0.0, 0.0, 0.0, 0.0, 0.0, 0.0, 0.0, 0.0, 0.0, 0.0, 0.0, 0.0], [0.0, 0.0, 0.0, 0.0, 0.9769021494779114, 0.0, 0.0, 0.0, 0.0, 0.0, 0.0, 0.0, 0.0, 0.0, 0.0, 0.0, 0.0, 0.0, 0.0, 0.0, 0.0, 0.0, 0.0], [0.0, 0.0, 0.0, 0.0, 0.975211408001829, 0.0, 0.0, 0.0, 0.0, 0.0, 0.0, 0.0, 0.0, 0.0, 0.0, 0.0, 0.0, 0.0, 0.0, 0.0, 0.0, 0.0, 0.0], [0.0, 0.0, 0.0, 0.0, 0.0, 0.9760452983635916, 0.0, 0.0, 0.0, 0.0, 0.0, 0.0, 0.0, 0.0, 0.0, 0.0, 0.0, 0.0, 0.0, 0.0, 0.0, 0.0, 0.0], [0.0, 0.0, 0.0, 0.0, 0.0, 0.9758730134062884, 0.0, 0.0, 0.0, 0.0, 0.0, 0.0, 0.0, 0.0, 0.0, 0.0, 0.0, 0.0, 0.0, 0.0, 0.0, 0.0, 0.0], [0.0, 0.0, 0.0, 0.0, 0.0, 0.0, 0.9787497403904817, 0.0, 0.0, 0.0, 0.0, 0.0, 0.0, 0.0, 0.0, 0.0, 0.0, 0.0, 0.0, 0.0, 0.0, 0.0, 0.0], [0.0, 0.0, 0.0, 0.0, 0.0, 0.0, 0.9787539248741778, 0.0, 0.0, 0.0, 0.0, 0.0, 0.0, 0.0, 0.0, 0.0, 0.0, 0.0, 0.0, 0.0, 0.0, 0.0, 0.0]], "Born radii": [], "Atomic SASAs": [], "Solvent H bonds": [], "Total SASA": NaN, "Total FOD": 0.0, "FOD": [0.0, 0.0, 0.0, 0.0, 0.0, 0.0, 0.0, 0.0, 0.0, 0.0, 0.0, 0.0, 0.0, 0.0, 0.0, 0.0, 0.0, 0.0, 0.0, 0.0, 0.0, 0.0, 0.0], "FOD s proportion": [0.0, 0.0, 0.0, 0.0, 0.0, 0.0, 0.0, 0.0, 0.0, 0.0, 0.0, 0.0, 0.0, 0.0, 0.0, 0.0, 0.0, 0.0, 0.0, 0.0, 0.0, 0.0, 0.0], "FOD p proportion": [0.0, 0.0, 0.0, 0.0, 0.0, 0.0, 0.0, 0.0, 0.0, 0.0, 0.0, 0.0, 0.0, 0.0, 0.0, 0.0, 0.0, 0.0, 0.0, 0.0, 0.0, 0.0, 0.0], "FOD d proportion": [0.0, 0.0, 0.0, 0.0, 0.0, 0.0, 0.0, 0.0, 0.0, 0.0, 0.0, 0.0, 0.0, 0.0, 0.0, 0.0, 0.0, 0.0, 0.0, 0.0, 0.0, 0.0, 0.0], "coordinates": [["-3.51760", "-0.23180", "0.38100"], ["-2.04350", "-0.54410", "0.17220"], ["-1.45550", "0.28290", "-0.97170"], ["-0.00300", "-0.07570", "-1.29830"], ["0.97570", "0.26520", "-0.17240"], ["2.42150", "-0.00620", "-0.59390"], ["3.38900", "0.33000", "0.52830"], ["5.21440", "-0.02810", "-0.04590"], ["-4.09870", "-0.46030", "-0.51810"], ["-3.91860", "-0.83010", "1.20520"], ["-3.66360", "0.82510", "0.62580"], ["-1.92980", "-1.61270", "-0.04320"], ["-1.50760", "-0.33980", "1.10510"], ["-2.05770", "0.12310", "-1.87490"], ["-1.52570", "1.35080", "-0.73140"], ["0.28810", "0.47200", "-2.20330"], ["0.06680", "-1.14330", "-1.53960"], ["0.86620", "1.32110", "0.10310"], ["0.74570", "-0.32960", "0.71860"], ["2.52840", "-1.06070", "-0.87800"], ["2.66160", "0.58690", "-1.48530"], ["3.21510", "-0.28310", "1.41680"], ["3.34900", "1.38820", "0.80050"]], "bond_dist": [[0.0, 1.5212164671735577, 2.5193193108456895, 3.898311026585744, 4.554448973256808, 6.022809492255254, 6.93097684962228, 8.744801958878199, 1.094655320180741, 1.094563625377712, 1.0946600613889228, 2.1466111175525016, 2.139178536261057, 2.7104145125792107, 2.7766386387140836, 4.653739724135848, 4.167428460093826, 4.659015911112561, 4.277764076009802, 6.231073118652998, 6.5066011111793225, 6.8121041257455826, 7.0675721298052565], [1.5212164671735577, 0.0, 1.5291109214180638, 2.558399706848013, 3.144723245374702, 4.562068677694364, 5.513883773711592, 7.2794873459605665, 2.169650564030992, 2.159834486714202, 2.1691439809288826, 1.096006756366036, 1.0950934708964344, 2.1531316471595505, 2.1622339859506416, 3.480203732542105, 2.78256463896169, 3.456891658701499, 2.85029820369729, 4.7193288940272, 5.115118108118326, 5.410177827021954, 5.762603615554344], [2.5193193108456895, 1.5291109214180638, 0.0, 1.5313450852110377, 2.559282559624865, 3.9060773993867555, 5.071626825782828, 6.741023115966893, 2.7829131211735665, 3.4705221826117176, 2.778793389224899, 2.163416765211918, 2.1687710667564706, 1.0972470642476106, 1.0968511931889393, 2.14306750476974, 2.1619329638080824, 2.761040595500182, 2.8421034076894527, 4.205413161628712, 4.160133816357353, 5.276342730528411, 5.2388549493186005], [3.898311026585744, 2.558399706848013, 1.5313450852110377, 0.0, 1.5302670714617106, 2.525709773509221, 3.873851320068957, 5.365820932532133, 4.187049998507302, 4.708349495311494, 4.232445369995932, 2.7659000795401125, 2.847788884380301, 2.143310777745495, 2.1621501219850576, 1.0971506277626604, 1.0967531581901189, 2.161129528741857, 2.166310806417214, 2.7486111129077537, 2.752108449898005, 4.215560506030011, 4.217092440295802], [4.554448973256808, 3.144723245374702, 2.559282559624865, 1.5302670714617106, 0.0, 1.5302476433571135, 2.5138011894340404, 4.250718154618112, 5.137644800879095, 5.201118758498022, 4.74064507635828, 3.461954837949219, 2.8574131902824274, 3.4814098035135137, 2.7835248013983995, 2.154092572291172, 2.163147544667261, 1.0967293695347087, 1.0957043579360264, 2.160268376845803, 2.1608924336949307, 2.8001967591581844, 2.800038624733595], [6.022809492255254, 4.562068677694364, 3.9060773993867555, 2.525709773509221, 1.5302476433571135, 0.0, 1.5193483899356326, 2.8462385739779443, 6.536433315654647, 6.6417196590943215, 6.261562887171222, 4.670966113129061, 4.29368335697918, 4.6605699361773345, 4.176211571508321, 2.7148184396014403, 2.780639672809118, 2.1602065595678575, 2.1530326170311493, 1.097319766522047, 1.0972737033210995, 2.1793093080148123, 2.1792106300217977], [6.93097684962228, 5.513883773711592, 5.071626825782828, 3.873851320068957, 2.5138011894340404, 1.5193483899356326, 0.0, 1.9467990163342497, 7.601656289256968, 7.430009648715135, 7.0706291813388145, 5.691250212387432, 4.975743345471106, 5.9569051310223164, 5.175244228053397, 4.134898229702879, 4.181367735562132, 2.7436461306079543, 2.730992702297097, 2.156932669324659, 2.15631475670877, 1.0934189819094966, 1.0933801168852486], [8.744801958878199, 7.2794873459605665, 6.741023115966893, 5.365820932532133, 4.250718154618112, 2.8462385739779443, 1.9467990163342497, 0.0, 9.33507371636668, 9.253115378617085, 8.944160951704749, 7.317824682923199, 6.826949676832253, 7.500102722629871, 6.913770568221078, 5.401194910387886, 5.474723416758147, 4.555149270880155, 4.543637550465486, 2.9955382104056025, 2.9944757804998194, 2.4903246334564497, 2.490384671089991], [1.094655320180741, 2.169650564030992, 2.7829131211735665, 4.187049998507302, 5.137644800879095, 6.536433315654647, 7.601656289256968, 9.33507371636668, 0.0, 1.771708480535102, 1.7748443255677382, 2.5015361240645717, 3.059917923735864, 2.5193139542343665, 3.1537135412082056, 4.790939007125847, 4.342964598059717, 5.311262317942883, 5.00147185736359, 6.663967480412851, 6.908962278808591, 7.567490223977829, 7.786134695726757], [1.094563625377712, 2.159834486714202, 3.4705221826117176, 4.708349495311494, 5.201118758498022, 6.6417196590943215, 7.430009648715135, 9.253115378617085, 1.771708480535102, 0.0, 1.7721220048292385, 2.475134493315464, 2.462384027725976, 3.722708027766884, 3.7726270396104624, 5.568631928041213, 4.849271537045539, 5.360652655227719, 4.7162457845197165, 6.779137673775331, 7.248842065461213, 7.157769153164972, 7.6093788668984015], [1.0946600613889228, 2.1691439809288826, 2.778793389224899, 4.232445369995932, 4.74064507635828, 6.261562887171222, 7.0706291813388145, 8.944160951704749, 1.7748443255677382, 1.7721220048292385, 0.0, 3.065369843917696, 2.4970095113955817, 3.053722204130559, 2.5863040695169626, 4.87282457205264, 4.741248767993513, 4.586754771077259, 4.55893303526165, 6.645187738506716, 6.6724536334095275, 7.012153872384719, 7.037340439398965], [2.1466111175525016, 1.096006756366036, 2.163416765211918, 2.7659000795401125, 3.461954837949219, 4.670966113129061, 5.691250212387432, 7.317824682923199, 2.5015361240645717, 2.475134493315464, 3.065369843917696, 0.0, 1.7655367852299195, 2.526753834468249, 3.069079389654168, 3.7324370738165165, 2.5388896943349075, 4.055391735701989, 3.06349230454395, 4.569151155302262, 5.29139362833649, 5.510846774316993, 6.130494265554777], [2.139178536261057, 1.0950934708964344, 2.1687710667564706, 2.847788884380301, 2.8574131902824274, 4.29368335697918, 4.975743345471106, 6.826949676832253, 3.059917923735864, 2.462384027725976, 2.4970095113955817, 1.7655367852299195, 0.0, 3.0654993753057593, 2.496234808666845, 3.850852930196114, 3.181003882424541, 3.065537350938657, 2.286229905324485, 4.5543032859044414, 4.995114982660559, 4.733314596559159, 5.1638482471893], [2.7104145125792107, 2.1531316471595505, 1.0972470642476106, 2.143310777745495, 3.4814098035135137, 4.6605699361773345, 5.9569051310223164, 7.500102722629871, 2.5193139542343665, 3.722708027766884, 3.053722204130559, 2.526753834468249, 3.0654993753057593, 0.0, 1.7600748677258022, 2.394233783488989, 2.4959357563847675, 3.727851822430715, 3.84580695043316, 4.840196820378279, 4.758013355382686, 6.229181902144133, 6.163655413794642], [2.7766386387140836, 2.1622339859506416, 1.0968511931889393, 2.1621501219850576, 2.7835248013983995, 4.176211571508321, 5.175244228053397, 6.913770568221078, 3.1537135412082056, 3.7726270396104624, 2.5863040695169626, 3.069079389654168, 2.496234808666845, 1.7600748677258022, 0.0, 2.495726245003646, 3.0675361937555032, 2.533467574294173, 3.1757679575183073, 4.719380321610031, 4.322660027112935, 5.455233917074501, 5.109874407458563], [4.653739724135848, 3.480203732542105, 2.14306750476974, 1.0971506277626604, 2.154092572291172, 2.7148184396014403, 4.134898229702879, 5.401194910387886, 4.790939007125847, 5.568631928041213, 4.87282457205264, 3.7324370738165165, 3.850852930196114, 2.394233783488989, 2.495726245003646, 0.0, 1.7603026643165658, 2.524807196599376, 3.064222565349978, 3.0206842718165694, 2.4823835843801416, 4.71620917899111, 4.385355822507451], [4.167428460093826, 2.78256463896169, 2.1619329638080824, 1.0967531581901189, 2.163147544667261, 2.780639672809118, 4.181367735562132, 5.474723416758147, 4.342964598059717, 4.849271537045539, 4.741248767993513, 2.5388896943349075, 3.181003882424541, 2.4959357563847675, 3.0675361937555032, 1.7603026643165658, 0.0, 3.0676979984998525, 2.494489955882765, 2.5502964298292854, 3.119219064124865, 4.40363916437303, 4.7599786869270755], [4.659015911112561, 3.456891658701499, 2.761040595500182, 2.161129528741857, 1.0967293695347087, 2.1602065595678575, 2.7436461306079543, 4.555149270880155, 5.311262317942883, 5.360652655227719, 4.586754771077259, 4.055391735701989, 3.065537350938657, 3.727851822430715, 2.533467574294173, 2.524807196599376, 3.0676979984998525, 0.0, 1.765834360861743, 3.0656870828576097, 2.507095004183128, 3.133144832273159, 2.5797606497502827], [4.277764076009802, 2.85029820369729, 2.8421034076894527, 2.166310806417214, 1.0957043579360264, 2.1530326170311493, 2.730992702297097, 4.543637550465486, 5.00147185736359, 4.7162457845197165, 4.55893303526165, 3.06349230454395, 2.286229905324485, 3.84580695043316, 3.1757679575183073, 3.064222565349978, 2.494489955882765, 1.765834360861743, 0.0, 2.5023305257299646, 3.0606895089178843, 2.5666284986339574, 3.120050534847152], [6.231073118652998, 4.7193288940272, 4.205413161628712, 2.7486111129077537, 2.160268376845803, 1.097319766522047, 2.156932669324659, 2.9955382104056025, 6.663967480412851, 6.779137673775331, 6.645187738506716, 4.569151155302262, 4.5543032859044414, 4.840196820378279, 4.719380321610031, 3.0206842718165694, 2.5502964298292854, 3.0656870828576097, 2.5023305257299646, 0.0, 1.761005760921866, 2.5183974448049296, 3.080236649999477], [6.5066011111793225, 5.115118108118326, 4.160133816357353, 2.752108449898005, 2.1608924336949307, 1.0972737033210995, 2.15631475670877, 2.9944757804998194, 6.908962278808591, 7.248842065461213, 6.6724536334095275, 5.29139362833649, 4.995114982660559, 4.758013355382686, 4.322660027112935, 2.4823835843801416, 3.119219064124865, 2.507095004183128, 3.0606895089178843, 1.761005760921866, 0.0, 3.079845233124548, 2.517832816133748], [6.8121041257455826, 5.410177827021954, 5.276342730528411, 4.215560506030011, 2.8001967591581844, 2.1793093080148123, 1.0934189819094966, 2.4903246334564497, 7.567490223977829, 7.157769153164972, 7.012153872384719, 5.510846774316993, 4.733314596559159, 6.229181902144133, 5.455233917074501, 4.71620917899111, 4.40363916437303, 3.133144832273159, 2.5666284986339574, 2.5183974448049296, 3.079845233124548, 0.0, 1.7863366396063203], [7.0675721298052565, 5.762603615554344, 5.2388549493186005, 4.217092440295802, 2.800038624733595, 2.1792106300217977, 1.0933801168852486, 2.490384671089991, 7.786134695726757, 7.6093788668984015, 7.037340439398965, 6.130494265554777, 5.1638482471893, 6.163655413794642, 5.109874407458563, 4.385355822507451, 4.7599786869270755, 2.5797606497502827, 3.120050534847152, 3.080236649999477, 2.517832816133748, 1.7863366396063203, 0.0]]}