{"total energy": -49.8603462, "HOMO-LUMO gap/eV": 3.64551921, "electronic energy": -50.47084689, "dipole": [0.62042381, -0.61221268, 0.39293445], "partial charges": [0.0354013, -0.25950842, 0.32859928, -0.3681207, 0.26034568, -0.19838662, 0.05234146, -0.11584111, -0.11092455, -0.34869578, 0.25970359, -0.19769591, 0.05251357, -0.11603637, -0.11107986, -0.34493953, 0.06252598, 0.05526595, 0.0559297, 0.18248701, 0.06531489, 0.04811586, 0.04527624, 0.0414913, 0.03908971, 0.04365055, 0.03691197, 0.18668657, 0.06420283, 0.04481635, 0.04253121, 0.04829695, 0.03797874, 0.04322566, 0.03852654], "atomic dipole moments": [[-0.21085003, -0.16255336, -0.02854108], [0.20264088, -0.06906487, 0.08780115], [0.00931604, 0.13565818, -0.03360022], [-0.22917271, -0.169769, -0.01610182], [0.01934213, 0.004592, 0.00707279], [-0.01429764, -0.06265967, -0.1428936], [0.04134669, 0.14957049, -0.02514804], [-0.09222518, 0.03109234, -0.08007737], [-0.03070174, 0.02152816, 0.10511765], [-0.01051136, 0.28221468, -0.08186975], [-0.01881241, 0.00423159, -0.00942297], [0.01598965, 0.02724068, 0.15522017], [-0.04697839, 0.13761524, -0.06199382], [0.08983779, 0.07438678, 0.04980413], [0.0331414, -0.03872414, -0.09955778], [0.24268837, -0.11120694, 0.09743807], [-0.01790707, 0.11575551, -0.03627623], [0.0935988, -0.04444437, -0.0747697], [0.02630011, 0.00772188, 0.1252607], [0.07897314, 0.0924657, -0.05018954], [-0.09847552, -0.08584269, 0.03219969], [-0.03113865, 0.01961296, 0.12258296], [0.03058387, -0.12329524, -0.01144713], [0.10705885, 0.06595233, -0.0178188], [-0.09373667, 0.02644116, -0.0851837], [0.03115211, -0.12122378, -0.02029472], [0.09903056, 0.06915469, -0.0386988], [-0.08234979, 0.1029383, -0.00812487], [0.1018432, -0.08464876, 0.02043062], [-0.02625828, -0.09747072, 0.07748692], [-0.11000613, 0.06025537, -0.02155812], [0.03324966, -0.05007223, -0.11302305], [0.09066723, 0.07279099, 0.0563636], [-0.0271432, -0.09086527, 0.0836594], [-0.10264242, 0.07497399, -0.00582203]], "atomic quadrupole moments": [[0.25521726, 0.35165364, 0.02173186, 0.09473627, 0.03453475, -0.27694912], [0.05005711, 0.0705138, 0.03022356, 0.02901031, -0.00987276, -0.08028067], [-0.38115444, -0.05061813, 0.09364624, -0.2290409, 0.06149646, 0.2875082], [-0.08837852, -0.05666301, -0.04243315, -0.0630817, 0.04363664, 0.13081167], [-0.12472754, -0.14776434, -0.21604652, -0.14459513, 0.14878322, 0.34077406], [-0.01464944, -0.09029549, 0.0564233, 0.03490258, 0.02074967, -0.04177386], [-0.11865418, -0.19210052, 0.10559594, 0.06891063, 0.03768014, 0.01305824], [0.07907366, -0.08187498, -0.0953541, 0.17302974, -0.05596749, 0.01628044], [-0.09704714, -0.0279355, -0.09751418, -0.08644666, 0.05533381, 0.19456132], [-0.04110319, -0.01961013, -0.09767672, -0.07055681, 0.07204767, 0.13877991], [-0.13218453, 0.04982763, -0.18946353, -0.20362263, 0.17248743, 0.32164806], [-0.02213612, 0.09536033, 0.01428193, -0.01798744, -0.05288577, 0.00785419], [-0.13555509, 0.18936208, 0.06027821, -0.04612121, -0.05985654, 0.07527688], [0.06445281, 0.16821583, 0.00468297, 0.0955397, 0.07688833, -0.06913577], [-0.09583817, -0.0240796, -0.0611294, -0.09207691, 0.10908234, 0.15696757], [-0.09508266, 0.02173709, -0.03678103, -0.09122794, 0.06126397, 0.13186369], [-0.0228214, -0.02274332, 0.06475661, 0.01772113, -0.03979988, -0.04193521], [0.02587146, -0.01688592, -0.00612343, -0.03486913, 0.03678702, -0.01974804], [-0.01931262, 0.02096119, -0.0367165, 0.01917599, -0.01197537, 0.05602913], [0.06260888, 0.02262609, 0.00408151, 0.00471163, -0.00194495, -0.06669039], [0.0240341, 0.00881681, -0.01660935, -0.0016721, -0.00258196, -0.00742475], [-0.01616576, -0.01107733, -0.04695362, -0.03558321, 0.02064593, 0.06311937], [-0.03731016, -0.02191646, 0.07632364, 0.00649391, 0.02311353, -0.03901348], [0.03191127, 0.05676017, -0.00317847, -0.02120247, -0.02723042, -0.0287328], [0.0421102, -0.02671692, -0.04172567, 0.04645875, -0.01678795, -0.00038453], [-0.0452465, -0.03179582, 0.07816484, -0.00416572, 0.00456227, -0.03291834], [0.03356343, 0.06538388, -0.00198942, -0.01311511, -0.00667106, -0.03157401], [0.06503293, -0.0124869, -0.01852888, 0.01750722, -0.03036436, -0.04650405], [0.02499927, -0.00714512, -0.01206596, 0.00332136, 0.00533647, -0.01293331], [-0.03927059, 0.01945554, 0.02169916, -0.00411005, -0.06263317, 0.01757142], [0.03667172, -0.05787401, 0.00917305, 0.01359608, -0.00057542, -0.04584477], [-0.01542023, -0.009564, -0.03325354, -0.03755783, 0.04095473, 0.04867377], [0.0380153, 0.05039882, -0.00944242, 0.02282169, 0.0265761, -0.02857288], [-0.04737982, 0.02078025, 0.04217198, -0.01885656, -0.05402752, 0.00520784], [0.03848258, -0.05948237, -0.00995785, 0.02552076, -0.00989908, -0.02852473]], "number of molecular orbitals": 83, "number of electrons": 90, "number of unpaired electrons": 0, "orbital energies/eV": [-19.3726684, -18.55953665, -18.01203956, -17.91417456, -17.67168465, -17.55449018, -17.23257662, -17.06866546, -16.83320337, -16.35316221, -16.2807088, -16.2240598, -16.03862092, -15.82190927, -15.68145041, -15.27475526, -15.2223242, -15.07798857, -14.54700823, -14.537552, -14.34961214, -14.02247074, -13.9606362, -13.84546598, -13.6434921, -13.53839201, -13.5126475, -13.1824925, -12.89573438, -12.81508146, -12.75253085, -12.70622948, -12.67719864, -12.53971099, -12.4870671, -12.27055545, -12.20280206, -12.0580334, -11.96192676, -11.90190511, -11.28958438, -10.56578019, -10.49075105, -10.1084198, -9.95658697, -6.31106776, -6.20270003, -2.95768496, 0.2939187, 0.76191096, 1.19802318, 2.11907506, 2.28926519, 2.81661855, 2.96760438, 3.10214933, 3.18526902, 3.23620693, 3.61712093, 3.94737793, 4.16298142, 4.29472263, 4.82961888, 5.04088282, 5.05758417, 5.11138367, 5.39909338, 5.62470238, 5.66008078, 5.73940555, 6.02906145, 6.43188815, 6.5125475, 6.71503225, 6.82557807, 7.18847102, 7.33056193, 7.75160581, 8.45905816, 11.84419643, 12.39760003, 13.10697198, 17.74753652], "fractional occupation": [2.0, 2.0, 2.0, 2.0, 2.0, 2.0, 2.0, 2.0, 2.0, 2.0, 2.0, 2.0, 2.0, 2.0, 2.0, 2.0, 2.0, 2.0, 2.0, 2.0, 2.0, 2.0, 2.0, 2.0, 2.0, 2.0, 2.0, 2.0, 2.0, 2.0, 2.0, 2.0, 2.0, 2.0, 2.0, 2.0, 2.0, 2.0, 2.0, 2.0, 2.0, 2.0, 2.0, 2.0, 2.0, 0.0, 0.0, 0.0, 0.0, 0.0, 0.0, 0.0, 0.0, 0.0, 0.0, 0.0, 0.0, 0.0, 0.0, 0.0, 0.0, 0.0, 0.0, 0.0, 0.0, 0.0, 0.0, 0.0, 0.0, 0.0, 0.0, 0.0, 0.0, 0.0, 0.0, 0.0, 0.0, 0.0, 0.0, 0.0, 0.0, 0.0, 0.0], "program call": "xtb /home/svss/Project-DBcg-Debug/aqme2_20220329/End-to-End-workflows-final/example-3/QDESCP/mol_384_rdkit_conf_2/mol_384_rdkit_conf_2.xyz --pop --wbo --acc 0.2 --gfn 2 --chrg 0 --uhf 0 --etemp 300 --input /home/svss/Project-DBcg-Debug/aqme2_20220329/End-to-End-workflows-final/example-3/QDESCP/mol_384_rdkit_conf_2/mol_384_rdkit_conf_2_xtb.inp", "method": "GFN2-xTB", "xtb version": "6.3.3 (7355c4f)", "Dipole module/D": 2.43, "Total charge": 0, "Transition dipole module/D": NaN, "HOMO": -9.9566, "LUMO": -6.3111, "HOMO occupancy": 2.0, "LUMO occupancy": 0, "mulliken charges": [0.1747, -0.40898, 0.53181, -0.45312, 0.44231, -0.35965, 0.13534, -0.1001, -0.10476, -0.4412, 0.43929, -0.35872, 0.13535, -0.09994, -0.1048, -0.42316, 0.03281, 0.02772, 0.02875, 0.21748, 0.03399, 0.0372, 0.0309, 0.02941, 0.04193, 0.03242, 0.02905, 0.22054, 0.03266, 0.03008, 0.03034, 0.03712, 0.04104, 0.03163, 0.03055], "cm5 charges": [0.0585, -0.48049, 0.71192, -0.63374, 0.66019, -0.69895, 0.12337, -0.24231, -0.24686, -0.61814, 0.65728, -0.69754, 0.12342, -0.24213, -0.24691, -0.59531, 0.09212, 0.09009, 0.09108, 0.41941, 0.1056, 0.09086, 0.08267, 0.08336, 0.09724, 0.08427, 0.0831, 0.42234, 0.10424, 0.08185, 0.0843, 0.09077, 0.09631, 0.08347, 0.08461], "FUKUI+": [0.028, -0.074, -0.062, -0.096, -0.053, -0.055, 0.008, 0.013, 0.013, -0.102, -0.05, -0.055, 0.008, 0.013, 0.013, -0.099, -0.049, -0.029, -0.028, -0.043, -0.015, -0.016, -0.028, -0.019, 0.003, -0.034, -0.019, -0.043, -0.015, -0.028, -0.019, -0.016, 0.003, -0.034, -0.019], "FUKUI-": [0.021, -0.06, -0.003, -0.093, 0.001, -0.067, 0.002, 0.012, 0.007, -0.1, 0.002, -0.071, 0.002, 0.012, 0.006, -0.108, -0.04, -0.023, -0.023, -0.041, -0.024, -0.027, -0.034, -0.029, -0.013, -0.038, -0.027, -0.042, -0.026, -0.035, -0.03, -0.029, -0.015, -0.04, -0.028], "FUKUIrad": [0.025, -0.067, -0.033, -0.094, -0.026, -0.061, 0.005, 0.012, 0.01, -0.101, -0.024, -0.063, 0.005, 0.013, 0.01, -0.104, -0.045, -0.026, -0.026, -0.042, -0.02, -0.021, -0.031, -0.024, -0.005, -0.036, -0.023, -0.043, -0.021, -0.031, -0.025, -0.022, -0.006, -0.037, -0.024], "s proportion": [0.97, 1.691, 0.959, 1.534, 0.976, 1.451, 1.028, 1.016, 1.018, 1.526, 0.978, 1.453, 1.028, 1.016, 1.018, 1.528, 0.967, 0.972, 0.971, 0.783, 0.966, 0.963, 0.969, 0.971, 0.958, 0.968, 0.971, 0.779, 0.967, 0.97, 0.97, 0.963, 0.959, 0.968, 0.969], "p proportion": [2.856, 4.718, 2.509, 3.919, 2.582, 3.908, 2.836, 3.084, 3.087, 3.915, 2.583, 3.906, 2.836, 3.084, 3.087, 3.895, 0.0, 0.0, 0.0, 0.0, 0.0, 0.0, 0.0, 0.0, 0.0, 0.0, 0.0, 0.0, 0.0, 0.0, 0.0, 0.0, 0.0, 0.0, 0.0], "d proportion": [0.0, 0.0, 0.0, 0.0, 0.0, 0.0, 0.0, 0.0, 0.0, 0.0, 0.0, 0.0, 0.0, 0.0, 0.0, 0.0, 0.0, 0.0, 0.0, 0.0, 0.0, 0.0, 0.0, 0.0, 0.0, 0.0, 0.0, 0.0, 0.0, 0.0, 0.0, 0.0, 0.0, 0.0, 0.0], "Fermi-level/eV": -8.1338, "Coordination numbers": [3.656, 1.703, 2.93, 1.844, 2.938, 2.701, 3.791, 3.755, 3.752, 1.842, 2.94, 2.701, 3.791, 3.755, 3.752, 1.845, 0.924, 0.924, 0.924, 0.86, 0.924, 0.924, 0.924, 0.924, 0.924, 0.924, 0.924, 0.86, 0.924, 0.924, 0.924, 0.924, 0.924, 0.924, 0.924], "Dispersion coefficient C6": [20.27, 18.301, 21.433, 30.449, 22.63, 25.307, 19.708, 22.774, 22.682, 29.915, 22.641, 25.292, 19.705, 22.778, 22.685, 29.814, 2.17, 2.255, 2.247, 1.2, 2.138, 2.344, 2.38, 2.429, 2.461, 2.401, 2.491, 1.177, 2.151, 2.386, 2.416, 2.341, 2.476, 2.406, 2.469], "Total dispersion C6": 11116.831539, "Total dispersion C8": 241767.879795, "Polarizability alpha": [6.463, 5.776, 7.592, 8.178, 7.802, 7.472, 6.322, 6.805, 6.792, 8.106, 7.804, 7.469, 6.322, 6.805, 6.792, 8.092, 2.304, 2.349, 2.344, 1.716, 2.287, 2.394, 2.413, 2.437, 2.453, 2.423, 2.468, 1.699, 2.293, 2.416, 2.431, 2.393, 2.461, 2.426, 2.457], "Total polarizability alpha": 158.754232, "Wiberg matrix": [[0.0, 0.9736489013833691, 0.0, 0.0, 0.0, 0.0, 0.0, 0.0, 0.0, 0.0, 0.0, 0.0, 0.0, 0.0, 0.0, 0.0, 0.9805124092782627, 0.9777858868202797, 0.9777859235363372, 0.0, 0.0, 0.0, 0.0, 0.0, 0.0, 0.0, 0.0, 0.0, 0.0, 0.0, 0.0, 0.0, 0.0, 0.0, 0.0], [0.9736489013833691, 0.0, 1.0877266979974602, 0.0, 0.0, 0.0, 0.0, 0.0, 0.0, 0.0, 0.0, 0.0, 0.0, 0.0, 0.0, 0.0, 0.0, 0.0, 0.0, 0.0, 0.0, 0.0, 0.0, 0.0, 0.0, 0.0, 0.0, 0.0, 0.0, 0.0, 0.0, 0.0, 0.0, 0.0, 0.0], [0.0, 1.0877266979974602, 0.0, 1.3522259790519224, 0.0, 0.0, 0.0, 0.0, 0.0, 0.0, 0.0, 0.0, 0.0, 0.0, 0.0, 1.3574906705333831, 0.0, 0.0, 0.0, 0.0, 0.0, 0.0, 0.0, 0.0, 0.0, 0.0, 0.0, 0.0, 0.0, 0.0, 0.0, 0.0, 0.0, 0.0, 0.0], [0.0, 0.0, 1.3522259790519224, 0.0, 1.3079691600407688, 0.0, 0.0, 0.0, 0.0, 0.0, 0.0, 0.0, 0.0, 0.0, 0.0, 0.0, 0.0, 0.0, 0.0, 0.0, 0.0, 0.0, 0.0, 0.0, 0.0, 0.0, 0.0, 0.0, 0.0, 0.0, 0.0, 0.0, 0.0, 0.0, 0.0], [0.0, 0.0, 0.0, 1.3079691600407688, 0.0, 1.1880982386949017, 0.0, 0.0, 0.0, 1.340358579924144, 0.0, 0.0, 0.0, 0.0, 0.0, 0.0, 0.0, 0.0, 0.0, 0.0, 0.0, 0.0, 0.0, 0.0, 0.0, 0.0, 0.0, 0.0, 0.0, 0.0, 0.0, 0.0, 0.0, 0.0, 0.0], [0.0, 0.0, 0.0, 0.0, 1.1880982386949017, 0.0, 0.9786214063384724, 0.0, 0.0, 0.0, 0.0, 0.0, 0.0, 0.0, 0.0, 0.0, 0.0, 0.0, 0.0, 0.9329816879570728, 0.0, 0.0, 0.0, 0.0, 0.0, 0.0, 0.0, 0.0, 0.0, 0.0, 0.0, 0.0, 0.0, 0.0, 0.0], [0.0, 0.0, 0.0, 0.0, 0.0, 0.9786214063384724, 0.0, 1.005392062754492, 0.9994804186202235, 0.0, 0.0, 0.0, 0.0, 0.0, 0.0, 0.0, 0.0, 0.0, 0.0, 0.0, 0.9610184670098848, 0.0, 0.0, 0.0, 0.0, 0.0, 0.0, 0.0, 0.0, 0.0, 0.0, 0.0, 0.0, 0.0, 0.0], [0.0, 0.0, 0.0, 0.0, 0.0, 0.0, 1.005392062754492, 0.0, 0.0, 0.0, 0.0, 0.0, 0.0, 0.0, 0.0, 0.0, 0.0, 0.0, 0.0, 0.0, 0.0, 0.9858194235021482, 0.9851919782219659, 0.9858274903093346, 0.0, 0.0, 0.0, 0.0, 0.0, 0.0, 0.0, 0.0, 0.0, 0.0, 0.0], [0.0, 0.0, 0.0, 0.0, 0.0, 0.0, 0.9994804186202235, 0.0, 0.0, 0.0, 0.0, 0.0, 0.0, 0.0, 0.0, 0.0, 0.0, 0.0, 0.0, 0.0, 0.0, 0.0, 0.0, 0.0, 0.9856085280078097, 0.9842284784646875, 0.9855584678591073, 0.0, 0.0, 0.0, 0.0, 0.0, 0.0, 0.0, 0.0], [0.0, 0.0, 0.0, 0.0, 1.340358579924144, 0.0, 0.0, 0.0, 0.0, 0.0, 1.3304532388597317, 0.0, 0.0, 0.0, 0.0, 0.0, 0.0, 0.0, 0.0, 0.0, 0.0, 0.0, 0.0, 0.0, 0.0, 0.0, 0.0, 0.0, 0.0, 0.0, 0.0, 0.0, 0.0, 0.0, 0.0], [0.0, 0.0, 0.0, 0.0, 0.0, 0.0, 0.0, 0.0, 0.0, 1.3304532388597317, 0.0, 1.1887711159585137, 0.0, 0.0, 0.0, 1.3177198150636003, 0.0, 0.0, 0.0, 0.0, 0.0, 0.0, 0.0, 0.0, 0.0, 0.0, 0.0, 0.0, 0.0, 0.0, 0.0, 0.0, 0.0, 0.0, 0.0], [0.0, 0.0, 0.0, 0.0, 0.0, 0.0, 0.0, 0.0, 0.0, 0.0, 1.1887711159585137, 0.0, 0.9785118366884615, 0.0, 0.0, 0.0, 0.0, 0.0, 0.0, 0.0, 0.0, 0.0, 0.0, 0.0, 0.0, 0.0, 0.0, 0.9312962469050335, 0.0, 0.0, 0.0, 0.0, 0.0, 0.0, 0.0], [0.0, 0.0, 0.0, 0.0, 0.0, 0.0, 0.0, 0.0, 0.0, 0.0, 0.0, 0.9785118366884615, 0.0, 1.0053225182681333, 0.9993285300561467, 0.0, 0.0, 0.0, 0.0, 0.0, 0.0, 0.0, 0.0, 0.0, 0.0, 0.0, 0.0, 0.0, 0.9611386125892873, 0.0, 0.0, 0.0, 0.0, 0.0, 0.0], [0.0, 0.0, 0.0, 0.0, 0.0, 0.0, 0.0, 0.0, 0.0, 0.0, 0.0, 0.0, 1.0053225182681333, 0.0, 0.0, 0.0, 0.0, 0.0, 0.0, 0.0, 0.0, 0.0, 0.0, 0.0, 0.0, 0.0, 0.0, 0.0, 0.0, 0.9852582972834654, 0.985781783506278, 0.9858077040085855, 0.0, 0.0, 0.0], [0.0, 0.0, 0.0, 0.0, 0.0, 0.0, 0.0, 0.0, 0.0, 0.0, 0.0, 0.0, 0.9993285300561467, 0.0, 0.0, 0.0, 0.0, 0.0, 0.0, 0.0, 0.0, 0.0, 0.0, 0.0, 0.0, 0.0, 0.0, 0.0, 0.0, 0.0, 0.0, 0.0, 0.9857055618818135, 0.9842796568366114, 0.9854383698583327], [0.0, 0.0, 1.3574906705333831, 0.0, 0.0, 0.0, 0.0, 0.0, 0.0, 0.0, 1.3177198150636003, 0.0, 0.0, 0.0, 0.0, 0.0, 0.0, 0.0, 0.0, 0.0, 0.0, 0.0, 0.0, 0.0, 0.0, 0.0, 0.0, 0.0, 0.0, 0.0, 0.0, 0.0, 0.0, 0.0, 0.0], [0.9805124092782627, 0.0, 0.0, 0.0, 0.0, 0.0, 0.0, 0.0, 0.0, 0.0, 0.0, 0.0, 0.0, 0.0, 0.0, 0.0, 0.0, 0.0, 0.0, 0.0, 0.0, 0.0, 0.0, 0.0, 0.0, 0.0, 0.0, 0.0, 0.0, 0.0, 0.0, 0.0, 0.0, 0.0, 0.0], [0.9777858868202797, 0.0, 0.0, 0.0, 0.0, 0.0, 0.0, 0.0, 0.0, 0.0, 0.0, 0.0, 0.0, 0.0, 0.0, 0.0, 0.0, 0.0, 0.0, 0.0, 0.0, 0.0, 0.0, 0.0, 0.0, 0.0, 0.0, 0.0, 0.0, 0.0, 0.0, 0.0, 0.0, 0.0, 0.0], [0.9777859235363372, 0.0, 0.0, 0.0, 0.0, 0.0, 0.0, 0.0, 0.0, 0.0, 0.0, 0.0, 0.0, 0.0, 0.0, 0.0, 0.0, 0.0, 0.0, 0.0, 0.0, 0.0, 0.0, 0.0, 0.0, 0.0, 0.0, 0.0, 0.0, 0.0, 0.0, 0.0, 0.0, 0.0, 0.0], [0.0, 0.0, 0.0, 0.0, 0.0, 0.9329816879570728, 0.0, 0.0, 0.0, 0.0, 0.0, 0.0, 0.0, 0.0, 0.0, 0.0, 0.0, 0.0, 0.0, 0.0, 0.0, 0.0, 0.0, 0.0, 0.0, 0.0, 0.0, 0.0, 0.0, 0.0, 0.0, 0.0, 0.0, 0.0, 0.0], [0.0, 0.0, 0.0, 0.0, 0.0, 0.0, 0.9610184670098848, 0.0, 0.0, 0.0, 0.0, 0.0, 0.0, 0.0, 0.0, 0.0, 0.0, 0.0, 0.0, 0.0, 0.0, 0.0, 0.0, 0.0, 0.0, 0.0, 0.0, 0.0, 0.0, 0.0, 0.0, 0.0, 0.0, 0.0, 0.0], [0.0, 0.0, 0.0, 0.0, 0.0, 0.0, 0.0, 0.9858194235021482, 0.0, 0.0, 0.0, 0.0, 0.0, 0.0, 0.0, 0.0, 0.0, 0.0, 0.0, 0.0, 0.0, 0.0, 0.0, 0.0, 0.0, 0.0, 0.0, 0.0, 0.0, 0.0, 0.0, 0.0, 0.0, 0.0, 0.0], [0.0, 0.0, 0.0, 0.0, 0.0, 0.0, 0.0, 0.9851919782219659, 0.0, 0.0, 0.0, 0.0, 0.0, 0.0, 0.0, 0.0, 0.0, 0.0, 0.0, 0.0, 0.0, 0.0, 0.0, 0.0, 0.0, 0.0, 0.0, 0.0, 0.0, 0.0, 0.0, 0.0, 0.0, 0.0, 0.0], [0.0, 0.0, 0.0, 0.0, 0.0, 0.0, 0.0, 0.9858274903093346, 0.0, 0.0, 0.0, 0.0, 0.0, 0.0, 0.0, 0.0, 0.0, 0.0, 0.0, 0.0, 0.0, 0.0, 0.0, 0.0, 0.0, 0.0, 0.0, 0.0, 0.0, 0.0, 0.0, 0.0, 0.0, 0.0, 0.0], [0.0, 0.0, 0.0, 0.0, 0.0, 0.0, 0.0, 0.0, 0.9856085280078097, 0.0, 0.0, 0.0, 0.0, 0.0, 0.0, 0.0, 0.0, 0.0, 0.0, 0.0, 0.0, 0.0, 0.0, 0.0, 0.0, 0.0, 0.0, 0.0, 0.0, 0.0, 0.0, 0.0, 0.0, 0.0, 0.0], [0.0, 0.0, 0.0, 0.0, 0.0, 0.0, 0.0, 0.0, 0.9842284784646875, 0.0, 0.0, 0.0, 0.0, 0.0, 0.0, 0.0, 0.0, 0.0, 0.0, 0.0, 0.0, 0.0, 0.0, 0.0, 0.0, 0.0, 0.0, 0.0, 0.0, 0.0, 0.0, 0.0, 0.0, 0.0, 0.0], [0.0, 0.0, 0.0, 0.0, 0.0, 0.0, 0.0, 0.0, 0.9855584678591073, 0.0, 0.0, 0.0, 0.0, 0.0, 0.0, 0.0, 0.0, 0.0, 0.0, 0.0, 0.0, 0.0, 0.0, 0.0, 0.0, 0.0, 0.0, 0.0, 0.0, 0.0, 0.0, 0.0, 0.0, 0.0, 0.0], [0.0, 0.0, 0.0, 0.0, 0.0, 0.0, 0.0, 0.0, 0.0, 0.0, 0.0, 0.9312962469050335, 0.0, 0.0, 0.0, 0.0, 0.0, 0.0, 0.0, 0.0, 0.0, 0.0, 0.0, 0.0, 0.0, 0.0, 0.0, 0.0, 0.0, 0.0, 0.0, 0.0, 0.0, 0.0, 0.0], [0.0, 0.0, 0.0, 0.0, 0.0, 0.0, 0.0, 0.0, 0.0, 0.0, 0.0, 0.0, 0.9611386125892873, 0.0, 0.0, 0.0, 0.0, 0.0, 0.0, 0.0, 0.0, 0.0, 0.0, 0.0, 0.0, 0.0, 0.0, 0.0, 0.0, 0.0, 0.0, 0.0, 0.0, 0.0, 0.0], [0.0, 0.0, 0.0, 0.0, 0.0, 0.0, 0.0, 0.0, 0.0, 0.0, 0.0, 0.0, 0.0, 0.9852582972834654, 0.0, 0.0, 0.0, 0.0, 0.0, 0.0, 0.0, 0.0, 0.0, 0.0, 0.0, 0.0, 0.0, 0.0, 0.0, 0.0, 0.0, 0.0, 0.0, 0.0, 0.0], [0.0, 0.0, 0.0, 0.0, 0.0, 0.0, 0.0, 0.0, 0.0, 0.0, 0.0, 0.0, 0.0, 0.985781783506278, 0.0, 0.0, 0.0, 0.0, 0.0, 0.0, 0.0, 0.0, 0.0, 0.0, 0.0, 0.0, 0.0, 0.0, 0.0, 0.0, 0.0, 0.0, 0.0, 0.0, 0.0], [0.0, 0.0, 0.0, 0.0, 0.0, 0.0, 0.0, 0.0, 0.0, 0.0, 0.0, 0.0, 0.0, 0.9858077040085855, 0.0, 0.0, 0.0, 0.0, 0.0, 0.0, 0.0, 0.0, 0.0, 0.0, 0.0, 0.0, 0.0, 0.0, 0.0, 0.0, 0.0, 0.0, 0.0, 0.0, 0.0], [0.0, 0.0, 0.0, 0.0, 0.0, 0.0, 0.0, 0.0, 0.0, 0.0, 0.0, 0.0, 0.0, 0.0, 0.9857055618818135, 0.0, 0.0, 0.0, 0.0, 0.0, 0.0, 0.0, 0.0, 0.0, 0.0, 0.0, 0.0, 0.0, 0.0, 0.0, 0.0, 0.0, 0.0, 0.0, 0.0], [0.0, 0.0, 0.0, 0.0, 0.0, 0.0, 0.0, 0.0, 0.0, 0.0, 0.0, 0.0, 0.0, 0.0, 0.9842796568366114, 0.0, 0.0, 0.0, 0.0, 0.0, 0.0, 0.0, 0.0, 0.0, 0.0, 0.0, 0.0, 0.0, 0.0, 0.0, 0.0, 0.0, 0.0, 0.0, 0.0], [0.0, 0.0, 0.0, 0.0, 0.0, 0.0, 0.0, 0.0, 0.0, 0.0, 0.0, 0.0, 0.0, 0.0, 0.9854383698583327, 0.0, 0.0, 0.0, 0.0, 0.0, 0.0, 0.0, 0.0, 0.0, 0.0, 0.0, 0.0, 0.0, 0.0, 0.0, 0.0, 0.0, 0.0, 0.0, 0.0]], "Born radii": [], "Atomic SASAs": [], "Solvent H bonds": [], "Total SASA": NaN, "Total FOD": 0.0, "FOD": [0.0, 0.0, 0.0, 0.0, 0.0, 0.0, 0.0, 0.0, 0.0, 0.0, 0.0, 0.0, 0.0, 0.0, 0.0, 0.0, 0.0, 0.0, 0.0, 0.0, 0.0, 0.0, 0.0, 0.0, 0.0, 0.0, 0.0, 0.0, 0.0, 0.0, 0.0, 0.0, 0.0, 0.0, 0.0], "FOD s proportion": [0.0, 0.0, 0.0, 0.0, 0.0, 0.0, 0.0, 0.0, 0.0, 0.0, 0.0, 0.0, 0.0, 0.0, 0.0, 0.0, 0.0, 0.0, 0.0, 0.0, 0.0, 0.0, 0.0, 0.0, 0.0, 0.0, 0.0, 0.0, 0.0, 0.0, 0.0, 0.0, 0.0, 0.0, 0.0], "FOD p proportion": [0.0, 0.0, 0.0, 0.0, 0.0, 0.0, 0.0, 0.0, 0.0, 0.0, 0.0, 0.0, 0.0, 0.0, 0.0, 0.0, 0.0, 0.0, 0.0, 0.0, 0.0, 0.0, 0.0, 0.0, 0.0, 0.0, 0.0, 0.0, 0.0, 0.0, 0.0, 0.0, 0.0, 0.0, 0.0], "FOD d proportion": [0.0, 0.0, 0.0, 0.0, 0.0, 0.0, 0.0, 0.0, 0.0, 0.0, 0.0, 0.0, 0.0, 0.0, 0.0, 0.0, 0.0, 0.0, 0.0, 0.0, 0.0, 0.0, 0.0, 0.0, 0.0, 0.0, 0.0, 0.0, 0.0, 0.0, 0.0, 0.0, 0.0, 0.0, 0.0], "coordinates": [["0.87520", "4.51210", "-0.94850"], ["-0.31760", "3.76860", "-1.15800"], ["-0.21570", "2.44990", "-0.76360"], ["0.93500", "1.99340", "-0.28240"], ["0.91490", "0.71870", "0.06870"], ["2.10330", "0.22540", "0.58500"], ["2.39820", "-1.18480", "0.36520"], ["3.53480", "-1.58270", "1.30790"], ["2.80960", "-1.43530", "-1.08570"], ["-0.14660", "-0.06810", "-0.04190"], ["-1.24310", "0.48680", "-0.54110"], ["-2.39750", "-0.26390", "-0.70470"], ["-2.64650", "-1.32890", "0.25770"], ["-3.74590", "-2.22930", "-0.30740"], ["-3.08170", "-0.75470", "1.60600"], ["-1.33030", "1.75020", "-0.91720"], ["0.69070", "5.53900", "-1.27890"], ["1.70220", "4.11500", "-1.54760"], ["1.14100", "4.54860", "0.11380"], ["2.83930", "0.87660", "0.33660"], ["1.53350", "-1.81230", "0.61490"], ["3.24950", "-1.41330", "2.35210"], ["3.78420", "-2.64270", "1.19340"], ["4.44010", "-0.99620", "1.11370"], ["1.99470", "-1.19740", "-1.77750"], ["3.07780", "-2.48620", "-1.23740"], ["3.67160", "-0.82010", "-1.36750"], ["-3.15940", "0.39020", "-0.85020"], ["-1.75410", "-1.95200", "0.39570"], ["-3.95940", "-3.05960", "0.37380"], ["-4.67600", "-1.67260", "-0.46900"], ["-3.44280", "-2.65250", "-1.27160"], ["-2.29170", "-0.14060", "2.05110"], ["-3.31570", "-1.55790", "2.31280"], ["-3.97130", "-0.12330", "1.50210"]], "bond_dist": [[0.0, 1.4210750648716626, 2.340281961644793, 2.605976772728414, 3.927614478280678, 4.715469091193367, 6.041523508188974, 7.02220764147572, 6.2555810249728205, 4.779563875501614, 4.566859943111898, 5.794840785560893, 6.9263677587895955, 8.198295455763962, 7.065529711210618, 3.5345864751056806, 1.0944076114501393, 1.095690750166305, 1.0956565063924004, 4.327358440203446, 6.547947297436045, 7.186210824210489, 8.015059553740072, 6.8776849113637075, 5.87698149563192, 7.342418733632671, 6.035542295436261, 5.768684395943325, 7.106664543933392, 9.08033453899139, 8.324437265064828, 8.371440184938312, 6.377654197273477, 8.065024519491557, 7.140093540703791], [1.4210750648716626, 0.0, 1.3801828357141674, 2.3424382937443626, 3.5108032058205714, 4.631746112428876, 5.8508016066176785, 7.039748593522357, 6.071670473601149, 3.9993983422509944, 3.4651590295396257, 4.559881703509424, 5.780353618075628, 6.960715887033459, 5.978309769491708, 2.2710095750568735, 2.040980612352797, 2.0859945254002947, 2.086477701773973, 4.5347007365426, 6.141350863612988, 7.20396363330632, 7.966091443738266, 7.106310520938414, 5.512863823821518, 7.11741305250721, 6.083894688437662, 4.425398811406719, 6.099408192603607, 7.88881700383524, 7.005499910784384, 7.14214990111521, 5.429294453241599, 7.028987018056015, 5.964272068744013], [2.340281961644793, 1.3801828357141674, 0.0, 1.328177766716489, 2.2289084974489195, 3.484950962352268, 4.617110215275352, 5.883810437123208, 4.934669952489225, 2.6202957275849608, 2.226840501697416, 3.482589681544468, 4.607729567802346, 5.879229806700874, 4.909014292095716, 1.3249551728266131, 3.260311926794735, 2.6581110623899824, 2.6485859132752334, 3.608148823150176, 4.808982400674804, 6.053058051101113, 6.764881652327703, 6.0890339250163485, 4.383680948700532, 5.9528742553492595, 5.115534820524634, 3.593777029811393, 4.8049323262664165, 6.7574816832900115, 6.080795301603238, 6.05860744478465, 4.352355952814522, 5.927621597234426, 5.085202659678373], [2.605976772728414, 2.3424382937443626, 1.328177766716489, 0.0, 1.3223219388636038, 2.2897885601076795, 3.5582713836918067, 4.698564178554976, 3.9894109515065006, 2.3404019013836064, 2.660993960910096, 4.047134397323617, 4.914929048317992, 6.30417679796498, 5.22034357681561, 2.365100710329266, 3.6910667970114, 2.5866026830574502, 2.5939270382954107, 2.2927629031367376, 3.9555912364651635, 4.889080219223243, 5.638204456207667, 4.8137853483511295, 3.679604970645627, 5.05672156639062, 4.072125221552009, 4.433594302594679, 4.822578105121782, 7.0653067024722995, 6.7050500788584735, 6.459724165163712, 4.517828144141829, 6.116800243591416, 5.633528097915196], [3.927614478280678, 3.5108032058205714, 2.2289084974489195, 1.3223219388636038, 0.0, 1.3864361290733878, 2.4313377778498815, 3.700801887429264, 3.0922877372586144, 1.3259218868394926, 2.254461720677466, 3.5405711516646576, 4.1124149498804226, 5.52767689450098, 4.528466673168745, 2.6602469998103557, 5.010148050706685, 3.8428011489016707, 3.836833229370284, 1.9493635320278258, 2.6621347448992885, 3.8999611177548936, 4.560355527807015, 4.057085413199974, 2.8715608456029624, 4.081104952093244, 3.46842482547914, 4.189535767838723, 3.7898718302866126, 6.17474188853267, 6.1045556586863885, 5.670180139995554, 3.8665992564526257, 5.302534179993562, 5.161254692417338], [4.715469091193367, 4.631746112428876, 3.484950962352268, 2.2897885601076795, 1.3864361290733878, 0.0, 1.4573750684020914, 2.41681655696083, 2.459272792920704, 2.3539744837189716, 3.5404553563065866, 4.707434675064541, 5.008350409066842, 6.405862197237776, 5.374687154616537, 4.04613752114285, 5.805506604078579, 4.453970378213129, 4.453999210821665, 1.0136370158986896, 2.1160782925024297, 2.668661563405896, 3.379581775900681, 2.689324169749716, 2.7599927626716703, 3.409335209392001, 2.7138333386558577, 5.457377517636104, 4.433558391405261, 6.898707250637614, 7.11844284166137, 6.518320119478637, 4.647518715400724, 5.9607896062518435, 6.1533266823727155], [6.041523508188974, 5.8508016066176785, 4.617110215275352, 3.5582713836918067, 2.4313377778498815, 1.4573750684020914, 0.0, 1.5293355616083737, 1.5287612697867512, 2.8086929949711488, 4.107881685248493, 4.9991480584195545, 5.047902450523386, 6.26843966390361, 5.635057644780575, 4.915331831117814, 7.129383388484589, 5.6772440391443455, 5.875000371063819, 2.1082592653656236, 1.0971838633519908, 2.1736364806471205, 2.1754042497889903, 2.18292872535958, 2.18039773894581, 2.173436191840009, 2.1810096148343776, 5.902943326849752, 4.222691248481234, 6.628274795148433, 7.139898046891146, 6.241036655075822, 5.091932291380159, 6.04822309277692, 6.556664861802836], [7.02220764147572, 7.039748593522357, 5.883810437123208, 4.698564178554976, 3.700801887429264, 2.41681655696083, 1.5293355616083737, 0.0, 2.5053867485879304, 4.203412799143096, 5.525392262998167, 6.401716604942771, 6.275014276477783, 7.485711598772691, 6.674767401190846, 6.303054055773281, 8.093148333003665, 6.631446923560499, 6.689468808507893, 2.734099564756192, 2.130297361872281, 1.0956487073875458, 1.0949477658774414, 1.0960218884675617, 3.469878565598514, 2.739290663657291, 2.7853255034196627, 7.304932830628904, 5.379679780433032, 7.695245938889802, 8.401350621179906, 7.515663247511826, 6.048148551416376, 6.923856533753426, 7.649124081226556], [6.2555810249728205, 6.071670473601149, 4.934669952489225, 3.9894109515065006, 3.0922877372586144, 2.459272792920704, 1.5287612697867512, 2.5053867485879304, 0.0, 3.4202153031644076, 4.518344260899118, 5.350815766777997, 5.620059762137766, 6.6491177715543595, 6.512747572261649, 5.226334710865733, 7.291633832002262, 5.678513578393557, 6.326933334562646, 2.7145351333147265, 2.1593055758738733, 3.4659002942958415, 2.757164617863794, 2.7728504142849104, 1.095100753355599, 1.0951415159695117, 1.0958678204966146, 6.246348653413449, 4.825855627761776, 7.112513742693226, 7.514708080823898, 6.3724909109389865, 6.126909826331705, 7.006006929771052, 7.3755445663354235], [4.779563875501614, 3.9993983422509944, 2.6202957275849608, 2.3404019013836064, 1.3259218868394926, 2.3539744837189716, 2.8086929949711488, 4.203412799143096, 3.4202153031644076, 0.0, 1.3264339033664663, 2.3546108574454507, 2.8158261327716954, 4.206689456092522, 3.4353756679583096, 2.3395535193707366, 5.8026554869301, 4.814926742952586, 4.795422310912773, 3.154571151519648, 2.5092540505098326, 4.367412763868329, 4.858571795291287, 4.8202279883839525, 2.9787231391990763, 4.203948527277659, 4.111127655522266, 3.1528323171396226, 2.5148815518827123, 4.864084968419035, 4.824137126989655, 4.365343043793924, 2.997892469719353, 4.219870962482147, 4.124962197402541], [4.566859943111898, 3.4651590295396257, 2.226840501697416, 2.660993960910096, 2.254461720677466, 3.5404553563065866, 4.107881685248493, 5.525392262998167, 4.518344260899118, 1.3264339033664663, 0.0, 1.3867064613680864, 2.4298928968166478, 3.700786773106497, 3.0873630528332754, 1.321073279572333, 5.459730407263714, 4.780341994041849, 4.755107365769989, 4.193839659548276, 3.785723757750954, 5.671370293853153, 6.170575807005372, 6.102164720818343, 3.853383375684283, 5.290911027412954, 5.152203476183758, 1.9434711369094217, 2.662040698411653, 4.5598553332315275, 4.05623090812148, 3.9022448449578353, 2.8657797472939195, 4.076912319390742, 3.462652666670453], [5.794840785560893, 4.559881703509424, 3.482589681544468, 4.047134397323617, 3.5405711516646576, 4.707434675064541, 4.9991480584195545, 6.401716604942771, 5.350815766777997, 2.3546108574454507, 1.3867064613680864, 0.0, 1.4568595539721734, 2.416366489173362, 2.459339092113977, 2.28925116577452, 6.598509929521967, 6.057457033277248, 6.029185745189809, 5.459772905533709, 4.426245329847861, 6.523323968652791, 6.890202314881616, 7.1130595112089425, 4.616680943058552, 5.933068065512143, 6.1304679340161305, 1.0146470667182752, 2.1153073842824828, 3.3791466896244677, 2.689154593919807, 2.66822743783209, 2.7605851137032524, 3.4092276970011843, 2.714144624002192], [6.9263677587895955, 5.780353618075628, 4.607729567802346, 4.914929048317992, 4.1124149498804226, 5.008350409066842, 5.047902450523386, 6.275014276477783, 5.620059762137766, 2.8158261327716954, 2.4298928968166478, 1.4568595539721734, 0.0, 1.5292934741245707, 1.5287307055201056, 3.548750380063382, 7.788844189608622, 7.197662606013149, 6.993630652958448, 5.9130750967664865, 4.22299270660038, 6.257511543736856, 6.629894978052065, 7.145860679442332, 5.069523521002738, 6.028455672060631, 6.543587707825119, 2.108509812640197, 1.0971214016689312, 2.175432855778362, 2.1829092583064464, 2.1736534084347485, 2.180418191540329, 2.1734087627503484, 2.1810772017514646], [8.198295455763962, 6.960715887033459, 5.879229806700874, 6.30417679796498, 5.52767689450098, 6.405862197237776, 6.26843966390361, 7.485711598772691, 6.6491177715543595, 4.206689456092522, 3.700786773106497, 2.416366489173362, 1.5292934741245707, 0.0, 2.5053355783207962, 4.695039898659009, 8.99853969819548, 8.453995040216194, 8.366548240463327, 7.309323487847559, 5.3755549155412785, 7.528241322513513, 7.689324171212967, 8.399443839921783, 6.01502285781193, 6.8915730642575355, 7.624235233779189, 2.7386847828839302, 2.1303784030073154, 1.0949948767003435, 1.0959541322518933, 1.0957415251782694, 3.46985411508899, 2.7388497658688764, 2.7857371394300645], [7.065529711210618, 5.978309769491708, 4.909014292095716, 5.22034357681561, 4.528466673168745, 5.374687154616537, 5.635057644780575, 6.674767401190846, 6.512747572261649, 3.4353756679583096, 3.0873630528332754, 2.459339092113977, 1.5287307055201056, 2.5053355783207962, 0.0, 3.963390494261195, 7.8844346316016845, 7.519632322128523, 6.941386534403628, 6.271423845507494, 4.8374443676387635, 6.408940053550197, 7.132696935241255, 7.541760854071151, 6.116689668439948, 7.001603820554259, 7.379230332494034, 2.7110425559182945, 2.158906005364754, 2.7570343015639107, 2.7730773339378767, 3.465922649165731, 1.0951405480576455, 1.0951951789521355, 1.0958327107729535], [3.5345864751056806, 2.2710095750568735, 1.3249551728266131, 2.365100710329266, 2.6602469998103557, 4.04613752114285, 4.915331831117814, 6.303054055773281, 5.226334710865733, 2.3395535193707366, 1.321073279572333, 2.28925116577452, 3.548750380063382, 4.695039898659009, 3.963390494261195, 0.0, 4.3093239991905925, 3.896888431813259, 3.87315468965545, 4.440805733197524, 4.820797351061337, 6.455278675626638, 7.064723138241158, 6.705578567879136, 4.52593491446795, 6.122169436564134, 5.641650094608846, 2.280284151153097, 3.9508983396184725, 5.6314317762004364, 4.807301901274768, 4.896123252125093, 3.6483173505055726, 5.03172324060058, 4.042016296355075], [1.0944076114501393, 2.040980612352797, 3.260311926794735, 3.6910667970114, 5.010148050706685, 5.805506604078579, 7.129383388484589, 8.093148333003665, 7.291633832002262, 5.8026554869301, 5.459730407263714, 6.598509929521967, 7.788844189608622, 8.99853969819548, 7.8844346316016845, 4.3093239991905925, 0.0, 1.7672317165555846, 1.7672791347152825, 5.381848750197278, 7.637957971211939, 8.250217798943249, 9.089676805585553, 7.905148585573834, 6.879542348150784, 8.37280142485178, 7.023657706636906, 6.4433838268412975, 8.055831006171864, 9.914170124624652, 9.025773177960987, 9.175322762170275, 7.227825808637062, 8.906039493512255, 7.844096269806994], [1.095690750166305, 2.0859945254002947, 2.6581110623899824, 2.5866026830574502, 3.8428011489016707, 4.453970378213129, 5.6772440391443455, 6.631446923560499, 5.678513578393557, 4.814926742952586, 4.780341994041849, 6.057457033277248, 7.197662606013149, 8.453995040216194, 7.519632322128523, 3.896888431813259, 1.7672317165555846, 0.0, 1.8064341560101216, 3.9154106566233895, 6.311715395199629, 6.940021489159814, 7.58381924164863, 6.379888677712175, 5.325411159713398, 6.75013635714124, 5.316595186771323, 6.164061677173583, 7.247821298845605, 9.339185065089994, 8.679926667892996, 8.505660306525296, 6.856530482685832, 8.500811901224495, 7.7105420840560885], [1.0956565063924004, 2.086477701773973, 2.6485859132752334, 2.5939270382954107, 3.836833229370284, 4.453999210821665, 5.875000371063819, 6.689468808507893, 6.326933334562646, 4.795422310912773, 4.755107365769989, 6.029185745189809, 6.993630652958448, 8.366548240463327, 6.941386534403628, 3.87315468965545, 1.7672791347152825, 1.8064341560101216, 0.0, 4.051844855124639, 6.392668165171724, 6.708204733757013, 7.737366353611544, 6.52906332179433, 6.109200879002098, 7.420602854216092, 6.1172809106661115, 6.05929259237413, 7.121718330571634, 9.163317488770101, 8.537006166098278, 8.647912858603513, 6.125778090985667, 7.873189832590092, 7.063259714182964], [4.327358440203446, 4.5347007365426, 3.608148823150176, 2.2927629031367376, 1.9493635320278258, 1.0136370158986896, 2.1082592653656236, 2.734099564756192, 2.7145351333147265, 3.154571151519648, 4.193839659548276, 5.459772905533709, 5.9130750967664865, 7.309323487847559, 6.271423845507494, 4.440805733197524, 5.381848750197278, 3.9154106566233895, 4.051844855124639, 0.0, 3.0021238715282887, 3.07801012019129, 3.7433160085678048, 2.5833747095611197, 3.079649975240693, 3.720588943971102, 2.5446946752017223, 6.134287317203198, 5.394793261099076, 7.856040731182598, 7.976662590958703, 7.382793134038092, 5.5046677547332505, 6.907690040092998, 6.981580238026345], [6.547947297436045, 6.141350863612988, 4.808982400674804, 3.9555912364651635, 2.6621347448992885, 2.1160782925024297, 1.0971838633519908, 2.130297361872281, 2.1593055758738733, 2.5092540505098326, 3.785723757750954, 4.426245329847861, 4.22299270660038, 5.3755549155412785, 4.8374443676387635, 4.820797351061337, 7.637957971211939, 6.311715395199629, 6.392668165171724, 3.0021238715282887, 0.0, 2.4742111550957, 2.4677675944059234, 3.059925523603475, 2.5128440480857543, 2.5040005970446573, 3.07990944834422, 5.387098910359824, 3.2978596831884768, 5.637892949498066, 6.30493818764308, 5.387799177771941, 4.414680777813952, 5.14415439212316, 5.826033631897433], [7.186210824210489, 7.20396363330632, 6.053058051101113, 4.889080219223243, 3.8999611177548936, 2.668661563405896, 2.1736364806471205, 1.0956487073875458, 3.4659002942958415, 4.367412763868329, 5.671370293853153, 6.523323968652791, 6.257511543736856, 7.528241322513513, 6.408940053550197, 6.455278675626638, 8.250217798943249, 6.940021489159814, 6.708204733757013, 3.07801012019129, 2.4742111550957, 0.0, 1.771980287700741, 1.767805229656254, 4.3214270802594825, 3.750347390575972, 3.7901818966904477, 7.387918296110211, 5.3994177102720995, 7.654555100722707, 8.416614043069814, 7.710622388627263, 5.693440412439565, 6.566909828069821, 7.384209682829977], [8.015059553740072, 7.966091443738266, 6.764881652327703, 5.638204456207667, 4.560355527807015, 3.379581775900681, 2.1754042497889903, 1.0949477658774414, 2.757164617863794, 4.858571795291287, 6.170575807005372, 6.890202314881616, 6.629894978052065, 7.689324171212967, 7.132696935241255, 7.064723138241158, 9.089676805585553, 7.58381924164863, 7.737366353611544, 3.7433160085678048, 2.4677675944059234, 1.771980287700741, 0.0, 1.7741248969562433, 3.7573194101646457, 2.536194363608594, 3.1452755570855793, 7.8478254523148, 5.637921484909132, 7.79800556103931, 8.676384720031725, 7.63582674240321, 6.626666923122061, 7.26900456802718, 8.160297316887418], [6.8776849113637075, 7.106310520938414, 6.0890339250163485, 4.8137853483511295, 4.057085413199974, 2.689324169749716, 2.18292872535958, 1.0960218884675617, 2.7728504142849104, 4.8202279883839525, 6.102164720818343, 7.1130595112089425, 7.145860679442332, 8.399443839921783, 7.541760854071151, 6.705578567879136, 7.905148585573834, 6.379888677712175, 6.52906332179433, 2.5833747095611197, 3.059925523603475, 1.767805229656254, 1.7741248969562433, 0.0, 3.7920311232899975, 3.0989728136916592, 2.6034509597839555, 7.9706592211685985, 6.308501508282296, 8.680822070518436, 9.277162036959362, 8.400779617987844, 6.850394248508621, 7.868022708406478, 8.465486337476424], [5.87698149563192, 5.512863823821518, 4.383680948700532, 3.679604970645627, 2.8715608456029624, 2.7599927626716703, 2.18039773894581, 3.469878565598514, 1.095100753355599, 2.9787231391990763, 3.853383375684283, 4.616680943058552, 5.069523521002738, 6.01502285781193, 6.116689668439948, 4.52593491446795, 6.879542348150784, 5.325411159713398, 6.109200879002098, 3.079649975240693, 2.5128440480857543, 4.3214270802594825, 3.7573194101646457, 3.7920311232899975, 0.0, 1.7679986029406247, 1.7670452456006893, 5.472212154147535, 4.398377068874383, 6.599029272552138, 6.814413091382119, 5.65151812082382, 5.843648617088471, 6.712738822567134, 6.892214663662181], [7.342418733632671, 7.11741305250721, 5.9528742553492595, 5.05672156639062, 4.081104952093244, 3.409335209392001, 2.173436191840009, 2.739290663657291, 1.0951415159695117, 4.203948527277659, 5.290911027412954, 5.933068065512143, 6.028455672060631, 6.8915730642575355, 7.001603820554259, 6.122169436564134, 8.37280142485178, 6.75013635714124, 7.420602854216092, 3.720588943971102, 2.5040005970446573, 3.750347390575972, 2.536194363608594, 3.0989728136916592, 1.7679986029406247, 0.0, 1.7735314093638153, 6.879408742035903, 5.128317741716089, 7.242025741462123, 7.8341430903449805, 6.522809953539962, 6.719196518929924, 7.371736781790299, 7.923254853278417], [6.035542295436261, 6.083894688437662, 5.115534820524634, 4.072125221552009, 3.46842482547914, 2.7138333386558577, 2.1810096148343776, 2.7853255034196627, 1.0958678204966146, 4.111127655522266, 5.152203476183758, 6.1304679340161305, 6.543587707825119, 7.624235233779189, 7.379230332494034, 5.641650094608846, 7.023657706636906, 5.316595186771323, 6.1172809106661115, 2.5446946752017223, 3.07990944834422, 3.7901818966904477, 3.1452755570855793, 2.6034509597839555, 1.7670452456006893, 1.7735314093638153, 0.0, 6.956650514435809, 5.816209447741716, 8.14123129139567, 8.438985973444915, 7.347215386117383, 6.907205882265274, 7.931665538838612, 8.193537380765404], [5.768684395943325, 4.425398811406719, 3.593777029811393, 4.433594302594679, 4.189535767838723, 5.457377517636104, 5.902943326849752, 7.304932830628904, 6.246348653413449, 3.1528323171396226, 1.9434711369094217, 1.0146470667182752, 2.108509812640197, 2.7386847828839302, 2.7110425559182945, 2.280284151153097, 6.4433838268412975, 6.164061677173583, 6.05929259237413, 6.134287317203198, 5.387098910359824, 7.387918296110211, 7.8478254523148, 7.9706592211685985, 5.472212154147535, 6.879408742035903, 6.956650514435809, 0.0, 3.0021718371872055, 3.7469048613488978, 2.588538746088225, 3.0847879684023667, 3.0744420014044826, 3.718076424712112, 2.5409012475891304], [7.106664543933392, 6.099408192603607, 4.8049323262664165, 4.822578105121782, 3.7898718302866126, 4.433558391405261, 4.222691248481234, 5.379679780433032, 4.825855627761776, 2.5148815518827123, 2.662040698411653, 2.1153073842824828, 1.0971214016689312, 2.1303784030073154, 2.158906005364754, 3.9508983396184725, 8.055831006171864, 7.247821298845605, 7.121718330571634, 5.394793261099076, 3.2978596831884768, 5.3994177102720995, 5.637921484909132, 6.308501508282296, 4.398377068874383, 5.128317741716089, 5.816209447741716, 3.0021718371872055, 0.0, 2.4679152051883797, 3.0599460877603706, 2.474327631903261, 2.51207740326607, 2.5038334169828476, 3.0796494102413674], [9.08033453899139, 7.88881700383524, 6.7574816832900115, 7.0653067024722995, 6.17474188853267, 6.898707250637614, 6.628274795148433, 7.695245938889802, 7.112513742693226, 4.864084968419035, 4.5598553332315275, 3.3791466896244677, 2.175432855778362, 1.0949948767003435, 2.7570343015639107, 5.6314317762004364, 9.914170124624652, 9.339185065089994, 9.163317488770101, 7.856040731182598, 5.637892949498066, 7.654555100722707, 7.79800556103931, 8.680822070518436, 6.599029272552138, 7.242025741462123, 8.14123129139567, 3.7469048613488978, 2.4679152051883797, 0.0, 1.7741466681196345, 1.7719895964705887, 3.7570093931210766, 2.535581507268106, 3.145641459225765], [8.324437265064828, 7.005499910784384, 6.080795301603238, 6.7050500788584735, 6.1045556586863885, 7.11844284166137, 7.139898046891146, 8.401350621179906, 7.514708080823898, 4.824137126989655, 4.05623090812148, 2.689154593919807, 2.1829092583064464, 1.0959541322518933, 2.7730773339378767, 4.807301901274768, 9.025773177960987, 8.679926667892996, 8.537006166098278, 7.976662590958703, 6.30493818764308, 8.416614043069814, 8.676384720031725, 9.277162036959362, 6.814413091382119, 7.8341430903449805, 8.438985973444915, 2.588538746088225, 3.0599460877603706, 1.7741466681196345, 0.0, 1.7678102302000631, 3.792468127750054, 3.098706733461558, 2.60425954735