{"total energy": -42.39464238, "HOMO-LUMO gap/eV": 4.15722129, "electronic energy": -42.90564254, "dipole": [-0.56566335, -0.37055135, -0.65078372], "partial charges": [-0.10209006, -0.05339405, -0.06420846, -0.001666, -0.11782632, 0.01071035, -0.10630999, 0.29525335, -0.44444417, -0.17965834, 0.00518198, -0.0479419, -0.09977909, 0.03783067, 0.03600014, 0.03488408, 0.03530367, 0.03064378, 0.03787219, 0.04663665, 0.05732102, 0.04962705, 0.06372897, 0.04280252, 0.05160296, 0.03723788, 0.04398788, 0.05976657, 0.0491911, 0.04546017, 0.03602626, 0.03549768, 0.03449095, 0.04026052], "atomic dipole moments": [[0.07288733, 0.03199815, -0.07462819], [-0.01024018, 0.06542462, 0.09728529], [0.03430311, -0.04417449, -0.11295299], [0.0224272, 0.10674156, 0.11184156], [-0.04228778, 0.00493395, -0.02351108], [0.10130508, -0.13091942, -0.04284719], [-0.04432668, -0.03583391, 0.10854962], [0.00480238, -0.04736609, 0.01027428], [-0.09159308, -0.15642486, -0.0415443], [0.24273125, 0.46297611, 0.02301794], [-0.1038745, -0.02239509, -0.10837261], [-0.05094655, -0.10028291, 0.04030602], [-0.01378032, 0.08839847, 0.06488888], [0.05499422, -0.02673911, 0.11123351], [-0.05904837, -0.10341006, -0.03880751], [-0.08749774, 0.08855067, 0.01942416], [0.078563, -0.09480255, -0.01897566], [-0.05926798, 0.01716538, -0.106224], [-0.08151938, 0.09045437, 0.02369298], [0.05431493, -0.01942285, 0.11445536], [0.0797893, -0.09607248, -0.03031127], [-0.0557686, 0.02211527, -0.10924022], [0.02721393, 0.09064085, 0.08703479], [-0.12376153, -0.00772689, -0.00048147], [0.12978861, 0.01486485, -0.00256397], [-0.02638467, -0.08049174, -0.09213468], [-0.05141086, 0.11209243, -0.03155097], [0.0045052, 0.10058006, 0.0842225], [0.05114141, -0.0906363, 0.06686224], [-0.04466802, 0.09722381, -0.07091427], [0.11206398, 0.03882772, 0.03372388], [0.04917341, -0.0982189, 0.06298885], [0.08085533, 0.02881353, -0.09130974], [-0.10680161, -0.03865126, -0.05877997]], "atomic quadrupole moments": [[0.03941051, 0.0786242, -0.08471146, -0.16860913, -0.06474648, 0.04530095], [-0.00198521, 0.20401653, 0.02945982, -0.11198897, 0.02419848, -0.02747461], [0.00271449, 0.20945961, 0.02616753, -0.13343154, 0.01975005, -0.02888203], [-0.00456063, 0.22654822, 0.0856691, -0.04659287, 0.05547669, -0.08110847], [-0.04720771, 0.01500104, 0.09377444, -0.00477997, -0.0055666, -0.04656673], [-0.11648882, -0.1419537, 0.11798284, -0.02035449, -0.17578369, -0.00149402], [-0.10212296, 0.02772155, -0.07615777, -0.10823547, -0.10513541, 0.17828072], [-0.11042101, -0.10597102, -0.1128686, -0.30591255, -0.02186816, 0.22328961], [-0.01989316, -0.01687092, -0.05739944, -0.09509497, 0.00745711, 0.07729259], [0.25336953, -0.03672382, 0.17433187, 0.23322624, -0.15898758, -0.42770139], [0.29707199, 0.16155315, -0.22074, 0.02566631, -0.02064998, -0.07633198], [-0.08728966, 0.02337615, -0.00419228, -0.16587984, 0.10084862, 0.09148194], [-0.11420051, -0.03495933, 0.11044867, -0.0436359, 0.16316362, 0.00375184], [0.00290625, -0.00921069, -0.04811714, 0.04690086, -0.02030236, 0.04521089], [-0.01934007, 0.05036287, 0.03867655, 0.00873794, 0.03896209, -0.01933648], [0.00533494, -0.05980943, 0.03161131, -0.01629262, 0.00026205, -0.03694625], [0.01886912, -0.0365446, 0.01791783, -0.00755206, -0.0005115, -0.03678695], [-0.00468779, -0.00257974, -0.02346804, 0.03583378, -0.02526546, 0.02815584], [0.01260225, -0.04188093, 0.02187696, -0.00241606, -0.00070734, -0.03447921], [0.00141102, -0.00756723, -0.02189234, 0.03881168, -0.01891834, 0.02048132], [0.02249006, -0.02875126, 0.01668237, -0.00131948, -0.00601485, -0.03917243], [-0.00192322, -0.00364836, -0.01075388, 0.03623288, -0.02511757, 0.0126771], [-0.02914532, 0.01615231, 0.01367451, 0.02149972, 0.01704164, 0.01547081], [0.04554869, 0.01737554, -0.01502094, 0.01392962, -0.01270286, -0.03052775], [0.07373672, 0.01041602, -0.04929037, 0.01447663, 0.00069987, -0.02444635], [-0.03376603, 0.03347207, 0.02009831, 0.01519438, 0.05659721, 0.01366772], [-0.02217602, -0.05362223, 0.05361765, 0.00333901, -0.02335696, -0.03144163], [-0.0020168, 0.00959934, 0.02557802, -0.01637555, 0.0384589, -0.02356122], [0.00848273, -0.0318582, 0.02094037, 0.01032704, -0.0442535, -0.0294231], [-0.00813989, -0.037924, 0.00437343, 0.01708712, -0.02119637, 0.00376646], [0.04352377, 0.01543899, -0.03511323, 0.02471929, 0.02317184, -0.00841055], [-0.03535064, -0.03343424, 0.02621462, 0.03082076, -0.0445859, 0.00913603], [0.00353252, 0.02958146, -0.02196518, -0.06119618, -0.01663921, 0.01843267], [0.06176299, 0.01779648, -0.02862517, 0.03689244, 0.01778894, -0.03313782]], "number of molecular orbitals": 78, "number of electrons": 78, "number of unpaired electrons": 0, "orbital energies/eV": [-19.51080951, -18.86533698, -17.95430293, -17.39689108, -17.17514364, -16.99729379, -16.87797521, -16.25654094, -16.13880742, -16.11286374, -15.44576037, -15.3579401, -15.15346396, -14.93512473, -14.80252633, -14.48392631, -14.19701722, -14.00935039, -13.94839636, -13.7268674, -13.64855506, -13.56481947, -13.35913762, -13.22412488, -13.08340631, -12.92644165, -12.7005557, -12.6525757, -12.40914835, -12.27418054, -12.25917757, -12.11338731, -12.05951452, -11.9871337, -11.73600994, -11.7059957, -10.79253532, -10.6100277, -10.15581353, -5.99859224, -5.24553876, -3.70847068, -0.90091524, -0.28656037, 0.21448744, 1.04855847, 1.98762064, 2.44257114, 2.4843452, 2.63198031, 3.2052779, 3.29374559, 3.39149118, 3.61417103, 3.83936235, 3.94050073, 3.99518545, 4.17445583, 4.37195302, 4.60080822, 4.72402815, 4.82687507, 5.03007743, 5.21822296, 5.53084359, 5.70197311, 6.20079352, 6.3605051, 6.58202349, 6.69945158, 6.92430519, 7.11645379, 7.21821917, 7.80620026, 7.99289544, 9.45551571, 13.2737181, 16.17048153], "fractional occupation": [2.0, 2.0, 2.0, 2.0, 2.0, 2.0, 2.0, 2.0, 2.0, 2.0, 2.0, 2.0, 2.0, 2.0, 2.0, 2.0, 2.0, 2.0, 2.0, 2.0, 2.0, 2.0, 2.0, 2.0, 2.0, 2.0, 2.0, 2.0, 2.0, 2.0, 2.0, 2.0, 2.0, 2.0, 2.0, 2.0, 2.0, 2.0, 2.0, 0.0, 0.0, 0.0, 0.0, 0.0, 0.0, 0.0, 0.0, 0.0, 0.0, 0.0, 0.0, 0.0, 0.0, 0.0, 0.0, 0.0, 0.0, 0.0, 0.0, 0.0, 0.0, 0.0, 0.0, 0.0, 0.0, 0.0, 0.0, 0.0, 0.0, 0.0, 0.0, 0.0, 0.0, 0.0, 0.0, 0.0, 0.0, 0.0], "program call": "xtb /home/svss/Project-DBcg-Debug/aqme2_20220329/End-to-End-workflows-final/example-3/QDESCP/mol_575_rdkit_conf_29/mol_575_rdkit_conf_29.xyz --pop --wbo --acc 0.2 --gfn 2 --chrg 0 --uhf 0 --etemp 300 --input /home/svss/Project-DBcg-Debug/aqme2_20220329/End-to-End-workflows-final/example-3/QDESCP/mol_575_rdkit_conf_29/mol_575_rdkit_conf_29_xtb.inp", "method": "GFN2-xTB", "xtb version": "6.3.3 (7355c4f)", "Dipole module/D": 2.385, "Total charge": 0, "Transition dipole module/D": NaN, "HOMO": -10.1558, "LUMO": -5.9986, "HOMO occupancy": 2.0, "LUMO occupancy": 0, "mulliken charges": [-0.08236, -0.03981, -0.05869, 0.08821, -0.29395, 0.10311, -0.09395, 0.49747, -0.56067, -0.12719, 0.03217, -0.04311, -0.08588, 0.03024, 0.03109, 0.02889, 0.02469, 0.02251, 0.02979, 0.03334, 0.03091, 0.0312, 0.05242, 0.02174, 0.04786, 0.02607, 0.03204, 0.04864, 0.02824, 0.04019, 0.02774, 0.0249, 0.02862, 0.02352], "cm5 charges": [-0.23269, -0.1521, -0.16354, 0.03895, -0.54772, 0.05333, -0.23824, 0.60632, -0.60912, -0.16107, -0.05848, -0.15263, -0.23527, 0.08155, 0.08187, 0.08018, 0.0795, 0.07729, 0.08739, 0.09165, 0.09794, 0.09696, 0.12143, 0.08687, 0.10258, 0.07958, 0.08329, 0.10798, 0.08466, 0.09779, 0.08214, 0.07636, 0.07939, 0.07586], "FUKUI+": [0.008, 0.003, 0.003, 0.019, -0.063, 0.021, 0.014, -0.041, -0.143, -0.37, 0.021, 0.018, 0.022, -0.005, -0.019, -0.012, -0.005, -0.016, -0.02, 0.005, -0.008, -0.043, -0.022, -0.043, -0.006, -0.02, -0.036, -0.058, -0.066, -0.018, -0.054, -0.023, -0.038, -0.004], "FUKUI-": [0.009, 0.003, -0.001, 0.018, -0.085, 0.014, 0.007, 0.026, -0.07, -0.301, 0.033, 0.006, 0.014, -0.027, -0.044, -0.032, -0.028, -0.034, -0.029, -0.017, -0.023, -0.047, -0.037, -0.043, -0.02, -0.024, -0.041, -0.051, -0.043, -0.019, -0.043, -0.027, -0.041, -0.004], "FUKUIrad": [0.009, 0.003, 0.001, 0.018, -0.074, 0.017, 0.01, -0.008, -0.107, -0.336, 0.027, 0.012, 0.018, -0.016, -0.032, -0.022, -0.016, -0.025, -0.025, -0.006, -0.016, -0.045, -0.029, -0.043, -0.013, -0.022, -0.039, -0.055, -0.055, -0.018, -0.049, -0.025, -0.039, -0.004], "s proportion": [1.008, 1.027, 1.036, 1.011, 1.446, 1.004, 1.011, 0.996, 1.73, 1.924, 1.037, 1.03, 1.007, 0.97, 0.969, 0.971, 0.975, 0.977, 0.97, 0.967, 0.969, 0.969, 0.948, 0.978, 0.952, 0.974, 0.968, 0.951, 0.972, 0.96, 0.972, 0.975, 0.971, 0.976], "p proportion": [3.075, 3.013, 3.022, 2.901, 3.848, 2.893, 3.083, 2.507, 4.831, 4.202, 2.931, 3.013, 3.078, 0.0, 0.0, 0.0, 0.0, 0.0, 0.0, 0.0, 0.0, 0.0, 0.0, 0.0, 0.0, 0.0, 0.0, 0.0, 0.0, 0.0, 0.0, 0.0, 0.0, 0.0], "d proportion": [0.0, 0.0, 0.0, 0.0, 0.0, 0.0, 0.0, 0.0, 0.0, 0.001, 0.0, 0.0, 0.0, 0.0, 0.0, 0.0, 0.0, 0.0, 0.0, 0.0, 0.0, 0.0, 0.0, 0.0, 0.0, 0.0, 0.0, 0.0, 0.0, 0.0, 0.0, 0.0, 0.0, 0.0], "Fermi-level/eV": -8.0772, "Coordination numbers": [3.75, 3.8, 3.801, 3.738, 2.763, 3.744, 3.749, 2.749, 0.879, 2.022, 3.793, 3.818, 3.749, 0.924, 0.924, 0.924, 0.924, 0.924, 0.924, 0.924, 0.924, 0.924, 0.924, 0.924, 0.924, 0.924, 0.924, 0.924, 0.924, 0.924, 0.924, 0.924, 0.924, 0.924], "Dispersion coefficient C6": [22.513, 21.533, 21.732, 20.69, 23.563, 20.467, 22.597, 21.991, 22.579, 148.668, 20.5, 21.419, 22.471, 2.478, 2.503, 2.518, 2.512, 2.577, 2.478, 2.362, 2.231, 2.325, 2.156, 2.412, 2.3, 2.486, 2.397, 2.202, 2.33, 2.378, 2.503, 2.51, 2.524, 2.445], "Total dispersion C6": 10121.858392, "Total dispersion C8": 241459.886797, "Polarizability alpha": [6.767, 6.607, 6.637, 6.491, 7.209, 6.454, 6.78, 7.679, 6.371, 20.522, 6.448, 6.587, 6.761, 2.462, 2.474, 2.482, 2.479, 2.511, 2.462, 2.404, 2.336, 2.384, 2.296, 2.429, 2.372, 2.466, 2.421, 2.321, 2.387, 2.411, 2.474, 2.477, 2.484, 2.446], "Total polarizability alpha": 152.287086, "Wiberg matrix": [[0.0, 1.0202211193266018, 0.0, 0.0, 0.0, 0.0, 0.0, 0.0, 0.0, 0.0, 0.0, 0.0, 0.0, 0.9873225030567421, 0.9868803601248546, 0.987507592254563, 0.0, 0.0, 0.0, 0.0, 0.0, 0.0, 0.0, 0.0, 0.0, 0.0, 0.0, 0.0, 0.0, 0.0, 0.0, 0.0, 0.0, 0.0], [1.0202211193266018, 0.0, 1.0059475944653204, 0.0, 0.0, 0.0, 0.0, 0.0, 0.0, 0.0, 0.0, 0.0, 0.0, 0.0, 0.0, 0.0, 0.9774936475009101, 0.9777683140574867, 0.0, 0.0, 0.0, 0.0, 0.0, 0.0, 0.0, 0.0, 0.0, 0.0, 0.0, 0.0, 0.0, 0.0, 0.0, 0.0], [0.0, 1.0059475944653204, 0.0, 0.996457764376438, 0.0, 0.0, 0.0, 0.0, 0.0, 0.0, 0.0, 0.0, 0.0, 0.0, 0.0, 0.0, 0.0, 0.0, 0.9750985922370758, 0.9748885480630458, 0.0, 0.0, 0.0, 0.0, 0.0, 0.0, 0.0, 0.0, 0.0, 0.0, 0.0, 0.0, 0.0, 0.0], [0.0, 0.0, 0.996457764376438, 0.0, 0.9852861064769959, 0.0, 0.0, 0.0, 0.0, 0.0, 0.0, 0.0, 0.0, 0.0, 0.0, 0.0, 0.0, 0.0, 0.0, 0.0, 0.9643017661414249, 0.9686823471242719, 0.0, 0.0, 0.0, 0.0, 0.0, 0.0, 0.0, 0.0, 0.0, 0.0, 0.0, 0.0], [0.0, 0.0, 0.0, 0.9852861064769959, 0.0, 0.980444016224447, 0.0, 1.214311439526093, 0.17255176005604736, 0.0, 0.0, 0.0, 0.0, 0.0, 0.0, 0.0, 0.0, 0.0, 0.0, 0.0, 0.0, 0.0, 0.0, 0.0, 0.0, 0.0, 0.0, 0.0, 0.0, 0.0, 0.0, 0.0, 0.0, 0.0], [0.0, 0.0, 0.0, 0.0, 0.980444016224447, 0.0, 1.0110161384245184, 0.0, 0.0, 0.0, 0.0, 0.0, 0.0, 0.0, 0.0, 0.0, 0.0, 0.0, 0.0, 0.0, 0.0, 0.0, 0.9684862209550404, 0.9707468812780936, 0.0, 0.0, 0.0, 0.0, 0.0, 0.0, 0.0, 0.0, 0.0, 0.0], [0.0, 0.0, 0.0, 0.0, 0.0, 1.0110161384245184, 0.0, 0.0, 0.0, 0.0, 0.0, 0.0, 0.0, 0.0, 0.0, 0.0, 0.0, 0.0, 0.0, 0.0, 0.0, 0.0, 0.0, 0.0, 0.9858625819649801, 0.9860137030492286, 0.9839099447397945, 0.0, 0.0, 0.0, 0.0, 0.0, 0.0, 0.0], [0.0, 0.0, 0.0, 0.0, 1.214311439526093, 0.0, 0.0, 0.0, 1.6592577940560478, 1.0171472298682775, 0.0, 0.0, 0.0, 0.0, 0.0, 0.0, 0.0, 0.0, 0.0, 0.0, 0.0, 0.0, 0.0, 0.0, 0.0, 0.0, 0.0, 0.0, 0.0, 0.0, 0.0, 0.0, 0.0, 0.0], [0.0, 0.0, 0.0, 0.0, 0.17255176005604736, 0.0, 0.0, 1.6592577940560478, 0.0, 0.15631332065659578, 0.0, 0.0, 0.0, 0.0, 0.0, 0.0, 0.0, 0.0, 0.0, 0.0, 0.0, 0.0, 0.0, 0.0, 0.0, 0.0, 0.0, 0.0, 0.0, 0.0, 0.0, 0.0, 0.0, 0.0], [0.0, 0.0, 0.0, 0.0, 0.0, 0.0, 0.0, 1.0171472298682775, 0.15631332065659578, 0.0, 0.9832496384153651, 0.0, 0.0, 0.0, 0.0, 0.0, 0.0, 0.0, 0.0, 0.0, 0.0, 0.0, 0.0, 0.0, 0.0, 0.0, 0.0, 0.0, 0.0, 0.0, 0.0, 0.0, 0.0, 0.0], [0.0, 0.0, 0.0, 0.0, 0.0, 0.0, 0.0, 0.0, 0.0, 0.9832496384153651, 0.0, 1.0106652773800662, 0.0, 0.0, 0.0, 0.0, 0.0, 0.0, 0.0, 0.0, 0.0, 0.0, 0.0, 0.0, 0.0, 0.0, 0.0, 0.9696741642687017, 0.9705319069816994, 0.0, 0.0, 0.0, 0.0, 0.0], [0.0, 0.0, 0.0, 0.0, 0.0, 0.0, 0.0, 0.0, 0.0, 0.0, 1.0106652773800662, 0.0, 1.0212805789376918, 0.0, 0.0, 0.0, 0.0, 0.0, 0.0, 0.0, 0.0, 0.0, 0.0, 0.0, 0.0, 0.0, 0.0, 0.0, 0.0, 0.9758539492563829, 0.9695709625919946, 0.0, 0.0, 0.0], [0.0, 0.0, 0.0, 0.0, 0.0, 0.0, 0.0, 0.0, 0.0, 0.0, 0.0, 1.0212805789376918, 0.0, 0.0, 0.0, 0.0, 0.0, 0.0, 0.0, 0.0, 0.0, 0.0, 0.0, 0.0, 0.0, 0.0, 0.0, 0.0, 0.0, 0.0, 0.0, 0.9871434426980246, 0.9865417376437797, 0.9866982453764377], [0.9873225030567421, 0.0, 0.0, 0.0, 0.0, 0.0, 0.0, 0.0, 0.0, 0.0, 0.0, 0.0, 0.0, 0.0, 0.0, 0.0, 0.0, 0.0, 0.0, 0.0, 0.0, 0.0, 0.0, 0.0, 0.0, 0.0, 0.0, 0.0, 0.0, 0.0, 0.0, 0.0, 0.0, 0.0], [0.9868803601248546, 0.0, 0.0, 0.0, 0.0, 0.0, 0.0, 0.0, 0.0, 0.0, 0.0, 0.0, 0.0, 0.0, 0.0, 0.0, 0.0, 0.0, 0.0, 0.0, 0.0, 0.0, 0.0, 0.0, 0.0, 0.0, 0.0, 0.0, 0.0, 0.0, 0.0, 0.0, 0.0, 0.0], [0.987507592254563, 0.0, 0.0, 0.0, 0.0, 0.0, 0.0, 0.0, 0.0, 0.0, 0.0, 0.0, 0.0, 0.0, 0.0, 0.0, 0.0, 0.0, 0.0, 0.0, 0.0, 0.0, 0.0, 0.0, 0.0, 0.0, 0.0, 0.0, 0.0, 0.0, 0.0, 0.0, 0.0, 0.0], [0.0, 0.9774936475009101, 0.0, 0.0, 0.0, 0.0, 0.0, 0.0, 0.0, 0.0, 0.0, 0.0, 0.0, 0.0, 0.0, 0.0, 0.0, 0.0, 0.0, 0.0, 0.0, 0.0, 0.0, 0.0, 0.0, 0.0, 0.0, 0.0, 0.0, 0.0, 0.0, 0.0, 0.0, 0.0], [0.0, 0.9777683140574867, 0.0, 0.0, 0.0, 0.0, 0.0, 0.0, 0.0, 0.0, 0.0, 0.0, 0.0, 0.0, 0.0, 0.0, 0.0, 0.0, 0.0, 0.0, 0.0, 0.0, 0.0, 0.0, 0.0, 0.0, 0.0, 0.0, 0.0, 0.0, 0.0, 0.0, 0.0, 0.0], [0.0, 0.0, 0.9750985922370758, 0.0, 0.0, 0.0, 0.0, 0.0, 0.0, 0.0, 0.0, 0.0, 0.0, 0.0, 0.0, 0.0, 0.0, 0.0, 0.0, 0.0, 0.0, 0.0, 0.0, 0.0, 0.0, 0.0, 0.0, 0.0, 0.0, 0.0, 0.0, 0.0, 0.0, 0.0], [0.0, 0.0, 0.9748885480630458, 0.0, 0.0, 0.0, 0.0, 0.0, 0.0, 0.0, 0.0, 0.0, 0.0, 0.0, 0.0, 0.0, 0.0, 0.0, 0.0, 0.0, 0.0, 0.0, 0.0, 0.0, 0.0, 0.0, 0.0, 0.0, 0.0, 0.0, 0.0, 0.0, 0.0, 0.0], [0.0, 0.0, 0.0, 0.9643017661414249, 0.0, 0.0, 0.0, 0.0, 0.0, 0.0, 0.0, 0.0, 0.0, 0.0, 0.0, 0.0, 0.0, 0.0, 0.0, 0.0, 0.0, 0.0, 0.0, 0.0, 0.0, 0.0, 0.0, 0.0, 0.0, 0.0, 0.0, 0.0, 0.0, 0.0], [0.0, 0.0, 0.0, 0.9686823471242719, 0.0, 0.0, 0.0, 0.0, 0.0, 0.0, 0.0, 0.0, 0.0, 0.0, 0.0, 0.0, 0.0, 0.0, 0.0, 0.0, 0.0, 0.0, 0.0, 0.0, 0.0, 0.0, 0.0, 0.0, 0.0, 0.0, 0.0, 0.0, 0.0, 0.0], [0.0, 0.0, 0.0, 0.0, 0.0, 0.9684862209550404, 0.0, 0.0, 0.0, 0.0, 0.0, 0.0, 0.0, 0.0, 0.0, 0.0, 0.0, 0.0, 0.0, 0.0, 0.0, 0.0, 0.0, 0.0, 0.0, 0.0, 0.0, 0.0, 0.0, 0.0, 0.0, 0.0, 0.0, 0.0], [0.0, 0.0, 0.0, 0.0, 0.0, 0.9707468812780936, 0.0, 0.0, 0.0, 0.0, 0.0, 0.0, 0.0, 0.0, 0.0, 0.0, 0.0, 0.0, 0.0, 0.0, 0.0, 0.0, 0.0, 0.0, 0.0, 0.0, 0.0, 0.0, 0.0, 0.0, 0.0, 0.0, 0.0, 0.0], [0.0, 0.0, 0.0, 0.0, 0.0, 0.0, 0.9858625819649801, 0.0, 0.0, 0.0, 0.0, 0.0, 0.0, 0.0, 0.0, 0.0, 0.0, 0.0, 0.0, 0.0, 0.0, 0.0, 0.0, 0.0, 0.0, 0.0, 0.0, 0.0, 0.0, 0.0, 0.0, 0.0, 0.0, 0.0], [0.0, 0.0, 0.0, 0.0, 0.0, 0.0, 0.9860137030492286, 0.0, 0.0, 0.0, 0.0, 0.0, 0.0, 0.0, 0.0, 0.0, 0.0, 0.0, 0.0, 0.0, 0.0, 0.0, 0.0, 0.0, 0.0, 0.0, 0.0, 0.0, 0.0, 0.0, 0.0, 0.0, 0.0, 0.0], [0.0, 0.0, 0.0, 0.0, 0.0, 0.0, 0.9839099447397945, 0.0, 0.0, 0.0, 0.0, 0.0, 0.0, 0.0, 0.0, 0.0, 0.0, 0.0, 0.0, 0.0, 0.0, 0.0, 0.0, 0.0, 0.0, 0.0, 0.0, 0.0, 0.0, 0.0, 0.0, 0.0, 0.0, 0.0], [0.0, 0.0, 0.0, 0.0, 0.0, 0.0, 0.0, 0.0, 0.0, 0.0, 0.9696741642687017, 0.0, 0.0, 0.0, 0.0, 0.0, 0.0, 0.0, 0.0, 0.0, 0.0, 0.0, 0.0, 0.0, 0.0, 0.0, 0.0, 0.0, 0.0, 0.0, 0.0, 0.0, 0.0, 0.0], [0.0, 0.0, 0.0, 0.0, 0.0, 0.0, 0.0, 0.0, 0.0, 0.0, 0.9705319069816994, 0.0, 0.0, 0.0, 0.0, 0.0, 0.0, 0.0, 0.0, 0.0, 0.0, 0.0, 0.0, 0.0, 0.0, 0.0, 0.0, 0.0, 0.0, 0.0, 0.0, 0.0, 0.0, 0.0], [0.0, 0.0, 0.0, 0.0, 0.0, 0.0, 0.0, 0.0, 0.0, 0.0, 0.0, 0.9758539492563829, 0.0, 0.0, 0.0, 0.0, 0.0, 0.0, 0.0, 0.0, 0.0, 0.0, 0.0, 0.0, 0.0, 0.0, 0.0, 0.0, 0.0, 0.0, 0.0, 0.0, 0.0, 0.0], [0.0, 0.0, 0.0, 0.0, 0.0, 0.0, 0.0, 0.0, 0.0, 0.0, 0.0, 0.9695709625919946, 0.0, 0.0, 0.0, 0.0, 0.0, 0.0, 0.0, 0.0, 0.0, 0.0, 0.0, 0.0, 0.0, 0.0, 0.0, 0.0, 0.0, 0.0, 0.0, 0.0, 0.0, 0.0], [0.0, 0.0, 0.0, 0.0, 0.0, 0.0, 0.0, 0.0, 0.0, 0.0, 0.0, 0.0, 0.9871434426980246, 0.0, 0.0, 0.0, 0.0, 0.0, 0.0, 0.0, 0.0, 0.0, 0.0, 0.0, 0.0, 0.0, 0.0, 0.0, 0.0, 0.0, 0.0, 0.0, 0.0, 0.0], [0.0, 0.0, 0.0, 0.0, 0.0, 0.0, 0.0, 0.0, 0.0, 0.0, 0.0, 0.0, 0.9865417376437797, 0.0, 0.0, 0.0, 0.0, 0.0, 0.0, 0.0, 0.0, 0.0, 0.0, 0.0, 0.0, 0.0, 0.0, 0.0, 0.0, 0.0, 0.0, 0.0, 0.0, 0.0], [0.0, 0.0, 0.0, 0.0, 0.0, 0.0, 0.0, 0.0, 0.0, 0.0, 0.0, 0.0, 0.9866982453764377, 0.0, 0.0, 0.0, 0.0, 0.0, 0.0, 0.0, 0.0, 0.0, 0.0, 0.0, 0.0, 0.0, 0.0, 0.0, 0.0, 0.0, 0.0, 0.0, 0.0, 0.0]], "Born radii": [], "Atomic SASAs": [], "Solvent H bonds": [], "Total SASA": NaN, "Total FOD": 0.0, "FOD": [0.0, 0.0, 0.0, 0.0, 0.0, 0.0, 0.0, 0.0, 0.0, 0.0, 0.0, 0.0, 0.0, 0.0, 0.0, 0.0, 0.0, 0.0, 0.0, 0.0, 0.0, 0.0, 0.0, 0.0, 0.0, 0.0, 0.0, 0.0, 0.0, 0.0, 0.0, 0.0, 0.0, 0.0], "FOD s proportion": [0.0, 0.0, 0.0, 0.0, 0.0, 0.0, 0.0, 0.0, 0.0, 0.0, 0.0, 0.0, 0.0, 0.0, 0.0, 0.0, 0.0, 0.0, 0.0, 0.0, 0.0, 0.0, 0.0, 0.0, 0.0, 0.0, 0.0, 0.0, 0.0, 0.0, 0.0, 0.0, 0.0, 0.0], "FOD p proportion": [0.0, 0.0, 0.0, 0.0, 0.0, 0.0, 0.0, 0.0, 0.0, 0.0, 0.0, 0.0, 0.0, 0.0, 0.0, 0.0, 0.0, 0.0, 0.0, 0.0, 0.0, 0.0, 0.0, 0.0, 0.0, 0.0, 0.0, 0.0, 0.0, 0.0, 0.0, 0.0, 0.0, 0.0], "FOD d proportion": [0.0, 0.0, 0.0, 0.0, 0.0, 0.0, 0.0, 0.0, 0.0, 0.0, 0.0, 0.0, 0.0, 0.0, 0.0, 0.0, 0.0, 0.0, 0.0, 0.0, 0.0, 0.0, 0.0, 0.0, 0.0, 0.0, 0.0, 0.0, 0.0, 0.0, 0.0, 0.0, 0.0, 0.0], "coordinates": [["-3.99700", "-2.36200", "1.14190"], ["-2.97830", "-1.92770", "0.10030"], ["-2.23490", "-0.66600", "0.53620"], ["-1.21420", "-0.23170", "-0.51790"], ["-0.48540", "0.97400", "-0.10570"], ["-1.06870", "2.25760", "-0.49030"], ["-0.55970", "2.72490", "-1.84510"], ["0.71620", "1.00110", "0.60040"], ["1.30520", "2.04010", "0.87930"], ["1.36760", "-0.55220", "1.10820"], ["3.07950", "-0.07890", "1.49760"], ["3.94050", "0.21250", "0.26690"], ["4.15590", "-0.99470", "-0.63600"], ["-3.51130", "-2.58140", "2.09800"], ["-4.51690", "-3.26600", "0.80970"], ["-4.74590", "-1.58090", "1.30780"], ["-2.26370", "-2.74240", "-0.06500"], ["-3.49150", "-1.74750", "-0.85150"], ["-2.95400", "0.14410", "0.70920"], ["-1.73420", "-0.84580", "1.49480"], ["-0.51230", "-1.04450", "-0.72690"], ["-1.71990", "-0.01840", "-1.46750"], ["-0.82440", "3.01290", "0.26530"], ["-2.16020", "2.16380", "-0.50450"], ["0.52850", "2.84560", "-1.83790"], ["-0.80950", "2.00450", "-2.63070"], ["-1.00900", "3.68730", "-2.10860"], ["3.07720", "0.78540", "2.17010"], ["3.52430", "-0.90710", "2.06050"], ["3.51750", "1.03560", "-0.32000"], ["4.92270", "0.55620", "0.61450"], ["4.57050", "-1.83700", "-0.07310"], ["4.86140", "-0.74310", "-1.43470"], ["3.22430", "-1.31860", "-1.10910"]], "bond_dist": [[0.0, 1.5202949516458968, 2.519580302351961, 3.8777686844369663, 5.001673351989313, 5.707864915185012, 6.82742644779129, 5.815317540771097, 6.896431541746789, 5.6617528107468615, 7.444187017398205, 8.390326662293907, 8.455780041486413, 1.0946086332566538, 1.0944719503029758, 1.0947562422749642, 2.1460756417237485, 2.1463420184117905, 2.748747987720955, 2.746573263177227, 4.167895605698396, 4.181699861300426, 6.30264772377451, 5.154350865045957, 7.515214970311894, 6.592343229838689, 7.489187188206742, 7.810737970256075, 7.715601963554108, 8.375472978883044, 9.399738830946315, 8.669135265411423, 9.36648041315413, 7.635630835104588], [1.5202949516458968, 0.0, 1.5279199128226584, 2.524011895772284, 3.8310376270665887, 4.638115631374449, 5.592932493781773, 4.741023064698167, 5.890556008561501, 4.668480424078053, 6.485942458116631, 7.244170417653081, 7.2325262757905, 2.1684598174741443, 2.1590704504485254, 2.168579316050026, 1.0962268652062856, 1.096252489164791, 2.1595612841500933, 2.1593801587492645, 2.7468997215042275, 2.772542856296364, 5.39222018930978, 4.216093322022178, 6.23206694203456, 5.255877783967203, 6.347094350960918, 6.950831885465222, 6.867882873200445, 7.152147692826261, 8.298190275596241, 7.551336006959298, 8.075914700515353, 6.348692615806817], [2.519580302351961, 1.5279199128226584, 0.0, 1.5302195234671399, 2.482415327861154, 3.3107645114082036, 4.4693497893989, 3.3900346989374612, 4.469116560350602, 3.649402785388316, 5.432478599129499, 6.243384490803045, 6.5057221866599875, 2.7815774948758842, 3.4702055054420047, 2.781641524352122, 2.161876000144319, 2.162035406740602, 1.0969484126430011, 1.0963313778233295, 2.169339673725625, 2.167815594094664, 3.9493293443317694, 3.0160246384935254, 5.060045941491046, 4.380934948158897, 5.239181113494742, 5.744092406986503, 5.962382438254023, 6.059589652773528, 7.261621133741419, 6.932240377396041, 7.365314990548605, 5.738968852503035], [3.8777686844369663, 2.524011895772284, 1.5302195234671399, 0.0, 1.4679137474661104, 2.493701365440537, 3.306253718334393, 2.5488889520730402, 3.668871684864435, 3.0679981584088347, 4.745676746260748, 5.232987365740529, 5.425319402578985, 4.200082298003219, 4.677320337543709, 4.1983837390119545, 2.7586560405385807, 2.755908904517709, 2.1619213884875648, 2.167597771727956, 1.0940696732841104, 1.096799680889815, 3.360472502491279, 2.575561261162312, 3.774808416330556, 3.1029496241479655, 4.234500505372505, 5.1648766074321655, 5.436698811779075, 4.90246862203115, 6.290044338476479, 6.01976654198483, 6.1656279128731075, 4.607727346534297], [5.001673351989313, 3.8310376270665887, 2.482415327861154, 1.4679137474661104, 0.0, 1.461432519824299, 2.4691463423620723, 1.3939706524887818, 2.3050038112766753, 2.6900648040521253, 4.048170118707957, 4.506362593045527, 5.0693849202837225, 5.162676985828186, 5.921870431713278, 5.165012730865239, 4.12015003853015, 4.1230349380038, 2.728879253466522, 2.7263113780344312, 2.1120973699145593, 2.0888626690139303, 2.099922667623739, 2.092754290402961, 2.7443390114925674, 2.7463787175114796, 3.4128818116073107, 4.231660945775311, 4.930380689155758, 4.00910556857761, 5.471817841449037, 5.784886219278648, 5.770870267992515, 4.474896692662301], [5.707864915185012, 4.638115631374449, 3.3107645114082036, 2.493701365440537, 1.461432519824299, 0.0, 1.5208331039269234, 2.440140723401009, 2.749274744364411, 4.04792983881885, 5.159316030250522, 5.463320463783907, 6.155901959908068, 6.006788880092258, 6.640048207656327, 5.6115101086962325, 5.158382022495038, 4.694811102696252, 3.0757175731851585, 3.7436083956525157, 3.356996414951914, 2.5610851762485374, 1.0959434018232879, 1.0956150464465155, 2.170902485142988, 2.1708423273006265, 2.1602085709486483, 5.141360501851626, 6.133315231585606, 4.749264841004342, 6.325521240182503, 6.981431202840861, 6.7128367967648375, 5.621562850311291], [6.82742644779129, 5.592932493781773, 4.4693497893989, 3.306253718334393, 2.4691463423620723, 1.5208331039269234, 0.0, 3.25267236284259, 3.371818264675604, 4.814130304634473, 5.681435942611691, 5.569963895753724, 6.126518614188648, 7.23994474150183, 7.65495118795672, 6.782695812875585, 5.9969776804653865, 5.439214461666317, 4.34944244932612, 5.028347715701451, 3.9320470953435946, 3.0023891636495095, 2.1463453240333905, 2.161860730944526, 1.094897059088205, 1.0947801423116879, 1.0943109704284246, 5.754175258019171, 6.717454232073338, 4.6693922880820375, 6.388239320031772, 7.090124656873107, 6.448548470004703, 5.586612949721862], [5.815317540771097, 4.741023064698167, 3.3900346989374612, 2.5488889520730402, 1.3939706524887818, 2.440140723401009, 3.25267236284259, 0.0, 1.2264694085055687, 1.7592395203609996, 2.7489188292854334, 3.3360489654679837, 4.16454543617908, 5.740110474546635, 6.755537322078829, 6.082900226865471, 4.830771513950955, 5.231400850632649, 3.770497908764836, 3.196161937386778, 2.730460931784229, 3.3541278851588228, 2.5559889690685287, 3.2933800661326655, 3.063122333502206, 3.7114120304811213, 4.186963873739538, 2.84337925363466, 3.695746860919996, 2.948831649992926, 4.229985469242182, 4.833636555431118, 4.93624844289669, 3.8202047000128148], [6.896431541746789, 5.890556008561501, 4.469116560350602, 3.668871684864435, 2.3050038112766753, 2.749274744364411, 3.371818264675604, 1.2264694085055687, 0.0, 2.603134314629193, 2.8320657442933768, 3.2649596643756564, 4.430873008787319, 6.785437656481708, 7.877587814807271, 7.064776320592181, 6.041610377209044, 6.352158160027188, 4.665247544343172, 4.236178870161173, 3.924021132715776, 4.3469670461138765, 2.420440455784856, 3.7335239774240097, 2.9385828182986438, 4.097965769744789, 4.122661263067825, 2.525949470991057, 3.8737096032098224, 2.709540926061092, 3.918977481435687, 5.157630682784489, 5.0741853218029, 4.349430429378081], [5.6617528107468615, 4.668480424078053, 3.649402785388316, 3.0679981584088347, 2.6900648040521253, 4.04792983881885, 4.814130304634473, 1.7592395203609996, 2.603134314629193, 0.0, 1.8183087911573215, 2.8128928507854685, 3.318532323181439, 5.37596706556132, 6.486998762139545, 6.202656374489885, 4.399967496470855, 5.37401330385402, 4.39548191328323, 3.1395578924428196, 2.672821600855545, 4.056085450283315, 4.269107918523495, 4.735275084934348, 4.574782930369484, 5.025520123330519, 5.828326522253192, 2.416513507100674, 2.3841527195211305, 3.0303356398260575, 3.756464595866704, 3.6475675648300196, 4.325438897961686, 2.9918427665905174], [7.444187017398205, 6.485942458116631, 5.432478599129499, 4.745676746260748, 4.048170118707957, 5.159316030250522, 5.681435942611691, 2.7489188292854334, 2.8320657442933768, 1.8183087911573215, 0.0, 1.5299860947080535, 2.5592138558549578, 7.075424443098803, 8.266565537150237, 7.970502694309814, 6.171364294060107, 7.1749939212517795, 6.088877220801878, 4.874407773258203, 4.333798662836103, 5.641783283679018, 5.130129212797666, 6.04090753033019, 5.117212278184285, 6.042163308782708, 6.626067697360177, 1.095114619571851, 1.095727470678727, 2.176608373134681, 2.14023453387707, 2.789461435474597, 3.494955298712703, 2.8901051918572103], [8.390326662293907, 7.244170417653081, 6.243384490803045, 5.232987365740529, 4.506362593045527, 5.463320463783907, 5.569963895753724, 3.3360489654679837, 3.2649596643756564, 2.8128928507854685, 1.5299860947080535, 0.0, 1.5228123357787724, 8.166279915604168, 9.160906551755671, 8.930470386827336, 6.879948347189825, 7.767048510212873, 6.909011369219189, 5.90169106189065, 4.7323477556071465, 5.924659174163524, 5.52689014998489, 6.4514471353332805, 4.796367651671419, 5.845498247369509, 6.497290630716776, 2.166949824061462, 2.1549309872940245, 1.0958440673745513, 1.0971199979947497, 2.1709330367378907, 2.157932049439926, 2.1795838249537454], [8.455780041486413, 7.2325262757905, 6.5057221866599875, 5.425319402578985, 5.0693849202837225, 6.155901959908068, 6.126518614188648, 4.16454543617908, 4.430873008787319, 3.318532323181439, 2.5592138558549578, 1.5228123357787724, 0.0, 8.293270086642542, 9.08109641067641, 9.130390578721153, 6.6777062266919165, 7.687384135712225, 7.325101124899232, 6.265441553474106, 4.6693504998018724, 6.014115028830093, 6.455740665485255, 7.0630399765256895, 5.417610032108254, 6.134266532357393, 7.125016966295589, 3.4937869010573612, 2.770867115182538, 2.1516339488862877, 2.134718552877639, 1.094631837651363, 1.0949678077459628, 1.0938982493815408], [1.0946086332566538, 2.1684598174741443, 2.7815774948758842, 4.200082298003219, 5.162676985828186, 6.006788880092258, 7.23994474150183, 5.740110474546635, 6.785437656481708, 5.37596706556132, 7.075424443098803, 8.166279915604168, 8.293270086642542, 0.0, 1.7718988148311403, 1.7747263028422156, 2.502198185596017, 3.0651805003947157, 3.109292360007337, 2.5562163464777385, 4.397285824232943, 4.742454344535116, 6.471044227170759, 5.578118006998419, 7.827108140941966, 7.119747589627037, 7.9532124666703075, 7.399248130722472, 7.232174921833681, 8.266404444497015, 9.120178836514118, 8.401386659950843, 9.271538247238157, 7.5662713148551575], [1.0944719503029758, 2.1590704504485254, 3.4702055054420047, 4.677320337543709, 5.921870431713278, 6.640048207656327, 7.65495118795672, 6.755537322078829, 7.877587814807271, 6.486998762139545, 8.266565537150237, 9.160906551755671, 9.08109641067641, 1.7718988148311403, 0.0, 1.77203459898502, 2.473088613454843, 2.4732312568783374, 3.752537630724041, 3.751019773341644, 4.830426789632567, 4.853427098453215, 7.304485801204628, 6.063322898378413, 8.355686774885713, 7.3047475774320905, 8.31686348270789, 8.714062481414738, 8.47288659725834, 9.183222093034667, 10.185939526621977, 9.241331916991186, 9.96769113987788, 8.209770864037559], [1.0947562422749642, 2.168579316050026, 2.781641524352122, 4.1983837390119545, 5.165012730865239, 5.6115101086962325, 6.782695812875585, 6.082900226865471, 7.064776320592181, 6.202656374489885, 7.970502694309814, 8.930470386827336, 9.130390578721153, 1.7747263028422156, 1.77203459898502, 0.0, 3.0651229877445374, 2.5027687488060097, 2.5582909470972997, 3.1057491688801915, 4.7276947881605045, 4.393218904174933, 6.129271322106732, 4.8982704978390075, 7.570246105642801, 6.622848357768732, 7.306855808759333, 8.218505374458303, 8.331672807425889, 8.819273476313116, 9.926212130515848, 9.421665509876691, 10.026137261178901, 8.332724340814353], [2.1460756417237485, 1.0962268652062856, 2.161876000144319, 2.7586560405385807, 4.12015003853015, 5.158382022495038, 5.9969776804653865, 4.830771513950955, 6.041610377209044, 4.399967496470855, 6.171364294060107, 6.879948347189825, 6.6777062266919165, 2.502198185596017, 2.473088613454843, 3.0651229877445374, 0.0, 1.765191519354203, 3.067210781801603, 2.5120584885706783, 2.527524080993097, 3.111735960842436, 5.941730444070987, 4.926933218544778, 6.493481288954332, 5.588432136118323, 6.86233306827933, 6.779842008483678, 6.433274464842923, 6.910903156606957, 7.936424079520952, 6.893917928870346, 7.5259769193108745, 5.765023438807512], [2.1463420184117905, 1.096252489164791, 2.162035406740602, 2.755908904517709, 4.1230349380038, 4.694811102696252, 5.439214461666317, 5.231400850632649, 6.352158160027188, 5.37401330385402, 7.1749939212517795, 7.767048510212873, 7.687384135712225, 3.0651805003947157, 2.4732312568783374, 2.5027687488060097, 1.765191519354203, 0.0, 2.5105460163080062, 3.066967536508986, 3.0635546020921507, 2.551040840519806, 5.56974620696491, 4.146207469483407, 6.183037487351988, 4.943296535713794, 6.105747923063972, 7.661166272833399, 7.6424777264968204, 7.5600409297833835, 8.846182867768446, 8.099985235171728, 8.433260342833014, 6.734410338700783], [2.748747987720955, 2.1595612841500933, 1.0969484126430011, 2.1619213884875648, 2.728879253466522, 3.0757175731851585, 4.34944244932612, 3.770497908764836, 4.665247544343172, 4.39548191328323, 6.088877220801878, 6.909011369219189, 7.325101124899232, 3.109292360007337, 3.752537630724041, 2.5582909470972997, 3.067210781801603, 2.5105460163080062, 0.0, 1.7564115149929984, 3.0719785253155663, 2.50747521423443, 3.600313432188926, 2.486438058749906, 5.090542889515813, 4.383480400321188, 4.9271988066243075, 6.238659146002449, 6.70070175578648, 6.613194170746842, 7.888041416600194, 7.8201566960004065, 8.152539985182534, 6.604324119090462], [2.746573263177227, 2.1593801587492645, 1.0963313778233295, 2.167597771727956, 2.7263113780344312, 3.7436083956525157, 5.028347715701451, 3.196161937386778, 4.236178870161173, 3.1395578924428196, 4.874407773258203, 5.90169106189065, 6.265441553474106, 2.5562163464777385, 3.751019773341644, 3.1057491688801915, 2.5120584885706783, 3.066967536508986, 1.7564115149929984, 0.0, 2.5433191286191357, 3.0757139886536913, 4.150779683384798, 3.6381820528940003, 5.463802205424351, 5.098924438545839, 5.83604336944132, 5.125076925276342, 5.2891961988566845, 5.866303596814607, 6.859653759483783, 6.571912198135334, 7.217648987031718, 5.620547775795522], [4.167895605698396, 2.7468997215042275, 2.169339673725625, 1.0940696732841104, 2.1120973699145593, 3.356996414951914, 3.9320470953435946, 2.730460931784229, 3.924021132715776, 2.672821600855545, 4.333798662836103, 4.7323477556071465, 4.6693504998018724, 4.397285824232943, 4.830426789632567, 4.7276947881605045, 2.527524080993097, 3.0635546020921507, 3.0719785253155663, 2.5433191286191357, 0.0, 1.7491904784785446, 4.188599050995452, 3.6136166177390767, 4.1773752105837945, 3.606824542447276, 4.954365450791856, 4.96242413140997, 4.907404311853671, 4.5532045484471695, 5.822441021599102, 5.18559220629621, 5.428487311397163, 3.7660838028381685], [4.181699861300426, 2.772542856296364, 2.167815594094664, 1.096799680889815, 2.0888626690139303, 2.5610851762485374, 3.0023891636495095, 3.3541278851588228, 4.3469670461138765, 4.056085450283315, 5.641783283679018, 5.924659174163524, 6.014115028830093, 4.742454344535116, 4.853427098453215, 4.393218904174933, 3.111735960842436, 2.551040840519806, 2.50747521423443, 3.0757139886536913, 1.7491904784785446, 0.0, 3.604621447530934, 2.425537039502799, 3.6599173105413194, 2.504792767875219, 3.8273490185766965, 6.073746505246988, 6.382648770690739, 5.464250269707638, 6.98491402380874, 6.694833043474647, 6.621161198762646, 5.124849679746714], [6.30264772377451, 5.39222018930978, 3.9493293443317694, 3.360472502491279, 2.099922667623739, 1.0959434018232879, 2.1463453240333905, 2.5559889690685287, 2.420440455784856, 4.269107918523495, 5.130129212797666, 5.52689014998489, 6.455740665485255, 6.471044227170759, 7.304485801204628, 6.129271322106732, 5.941730444070987, 5.56974620696491, 3.600313432188926, 4.150779683384798, 4.188599050995452, 3.604621447530934, 0.0, 1.7600921822450095, 2.506347529773156, 3.0665792945886787, 2.4747310419518316, 4.8798055135425225, 6.12375168748701, 4.8067022988739385, 6.259910058459306, 7.2622992626302585, 7.023236977348835, 6.086282880379453], [5.154350865045957, 4.216093322022178, 3.0160246384935254, 2.575561261162312, 2.092754290402961, 1.0956150464465155, 2.161860730944526, 3.2933800661326655, 3.7335239774240097, 4.735275084934348, 6.04090753033019, 6.4514471353332805, 7.0630399765256895, 5.578118006998419, 6.063322898378413, 4.8982704978390075, 4.926933218544778, 4.146207469483407, 2.486438058749906, 3.6381820528940003, 3.6136166177390767, 2.425537039502799, 1.7600921822450095, 0.0, 3.0776475577947515, 2.5239836409929444, 2.493882615521428, 6.040184639561939, 6.951488478016777, 5.791645084084486, 7.348742148830643, 7.841863878568666, 7.6562527524893005, 6.4409231613177935], [7.515214970311894, 6.23206694203456, 5.060045941491046, 3.774808416330556, 2.7443390114925674, 2.170902485142988, 1.094897059088205, 3.063122333502206, 2.9385828182986438, 4.574782930369484, 5.117212278184285, 4.796367651671419, 5.417610032108254, 7.827108140941966, 8.355686774885713, 7.570246105642801, 6.493481288954332, 6.183037487351988, 5.090542889515813, 5.463802205424351, 4.1773752105837945, 3.6599173105413194, 2.506347529773156, 3.0776475577947515, 0.0, 1.7681134154799008, 1.7735962421024687, 5.1772927027549835, 6.185070532338334, 3.809756082743356, 5.5285270877513115, 6.43265309184321, 5.640510645322815, 5.013885591036158], [6.592343229838689, 5.255877783967203, 4.380934948158897, 3.1029496241479655, 2.7463787175114796, 2.1708423273006265, 1.0947801423116879, 3.7114120304811213, 4.097965769744789, 5.025520123330519, 6.042163308782708, 5.845498247369509, 6.134266532357393, 7.119747589627037, 7.3047475774320905, 6.622848357768732, 5.588432136118323, 4.943296535713794, 4.383480400321188, 5.098924438545839, 3.606824542447276, 2.504792767875219, 3.0665792945886787, 2.5239836409929444, 1.7681134154799008, 0.0, 1.7731904861012535, 6.296056094095732, 7.019016629129753, 5.00010306893768, 6.744406035374797, 7.0882183946320385, 6.413955766139956, 5.443326428756593], [7.489187188206742, 6.347094350960918, 5.239181113494742, 4.234500505372505, 3.4128818116073107, 2.1602085709486483, 1.0943109704284246, 4.186963873739538, 4.122661263067825, 5.828326522253192, 6.626067697360177, 6.497290630716776, 7.125016966295589, 7.9532124666703075, 8.31686348270789, 7.306855808759333, 6.86233306827933, 6.105747923063972, 4.9271988066243075, 5.83604336944132, 4.954365450791856, 3.8273490185766965, 2.4747310419518316, 2.493882615521428, 1.7735962421024687, 1.7731904861012535, 0.0, 6.58978965825162, 7.683795615449438, 5.542545002072604, 7.239069395302133, 8.111224999345044, 7.38540327470342, 6.631656199623138], [7.810737970256075, 6.950831885465222, 5.744092406986503, 5.1648766074321655, 4.231660945775311, 5.141360501851626, 5.754175258019171, 2.84337925363466, 2.525949470991057, 2.416513507100674, 1.095114619571851, 2.166949824061462, 3.4937869010573612, 7.399248130722472, 8.714062481414738, 8.218505374458303, 6.779842008483678, 7.661166272833399, 6.238659146002449, 5.125076925276342, 4.96242413140997, 6.073746505246988, 4.8798055135425225, 6.040184639561939, 5.1772927027549835, 6.296056094095732, 6.58978965825162, 0.0, 1.7539859805597078, 2.5410749969255138, 2.4245193853627978, 3.760169263477377, 4.302820578411328, 3.8989238322901363], [7.715601963554108, 6.867882873200445, 5.962382438254023, 5.436698811779075, 4.930380689155758, 6.133315231585606, 6.717454232073338, 3.695746860919996, 3.8737096032098224, 2.3841527195211305, 1.095727470678727, 2.1549309872940245, 2.770867115182538, 7.232174921833681, 8.47288659725834, 8.331672807425889, 6.433274464842923, 7.6424777264968204, 6.70070175578648, 5.2891961988566845, 4.907404311853671, 6.382648770690739, 6.12375168748701, 6.951488478016777, 6.185070532338334, 7.019016629129753, 7.683795615449438, 1.7539859805597078, 0.0, 3.0726063496647273, 2.487505869339809, 2.5517635881875895, 3.7458183952242003, 3.2102486523632403], [8.375472978883044, 7.152147692826261, 6.059589652773528, 4.90246862203115, 4.00910556857761, 4.749264841004342, 4.6693922880820375, 2.948831649992926, 2.709540926061092, 3.0303356398260575, 2.176608373134681, 1.0958440673745513, 2.1516339488862877, 8.266404444497015, 9.183222093034667, 8.819273476313116, 6.910903156606957, 7.5600409297833835, 6.613194170746842, 5.866303596814607, 4.5532045484471695, 5.464250269707638, 4.8067022988739385, 5.791645084084486, 3.809756082743356, 5.00010306893768, 5.542545002072604, 2.5410749969255138, 3.0726063496647273, 0.0, 1.7543379520491482, 3.069462391038535, 2.4924680519517195, 2.500180531481677], [9.399738830946315, 8.298190275596241, 7.261621133741419, 6.290044338476479, 5.471817841449037, 6.325521240182503, 6.388239320031772, 4.229985469242182, 3.918977481435687, 3.756464595866704, 2.14023453387707, 1.0971199979947497, 2.134718552877639, 9.120178836514118, 10.185939526621977, 9.926212130515848, 7.936424079520952, 8.846182867768446, 7.888041416600194, 6.859653759483783, 5.822441021599102, 6.98491402380874, 6.259910058459306, 7.348742148830643, 5.5285270877513115, 6.744406035374797, 7.239069395302133, 2.4245193853627978, 2.487505869339809, 1.7543379520491482, 0.0, 2.514805129627344, 2.4271709498920755, 3.0610838864689742], [8.669135265411423, 7.551336006959298, 6.932240377396041, 6.01976654198483, 5.784886219278648, 6.981431202840861, 7.090124656873107, 4.833636555431118, 5.157630682784489, 3.6475675648300196, 2.789461435474597, 2.1709330367378907, 1.094631837651363, 8.401386659950843, 9.241331916991186, 9.421665509876691, 6.893917928870346, 8.099985235171728, 7.8201566960004065, 6.571912198135334, 5.18559220629621, 6.694833043474647, 7.2622992626302585, 7.841863878568666, 6.43265309184321, 7.0882183946320385, 8.111224999345044, 3.760169263477377, 2.5517635881875895, 3.069462391038535, 2.514805129627344, 0.0, 1.7706480677989063, 1.7760318127781383], [9.36648041315413, 8.075914700515353, 7.365314990548605, 6.1656279128731075, 5.770870267992515, 6.7128367967648375, 6.448548470004703, 4.93624844289669, 5.0741853218029, 4.325438897961686, 3.494955298712703, 2.157932049439926, 1.0949678077459628, 9.271538247238157, 9.96769113987788, 10.026137261178901, 7.5259769193108745, 8.433260342833014, 8.152539985182534, 7.217648987031718, 5.428487311397163, 6.621161198762646, 7.023236977348835, 7.6562527524893005, 5.640510645322815, 6.413955766139956, 7.38540327470342, 4.302820578411328, 3.7458183952242003, 2.4924680519517195, 2.4271709498920755, 1.7706480677989063, 0.0, 1.7655911248077794], [7.63563