{"total energy": -63.11662356, "HOMO-LUMO gap/eV": 3.57877799, "electronic energy": -63.61836376, "dipole": [-1.86133733, -0.70517044, -0.24310336], "partial charges": [0.03629318, -0.30515666, 0.68328013, -0.47737671, -0.27103672, 0.02926308, -0.26358535, 0.14563426, 0.01507052, -0.12116601, -0.00064272, -0.035815, 0.08575305, -0.12098709, 0.0924371, -0.11240115, -0.04419514, 0.10306384, -0.11513365, 0.07239157, 0.06725813, 0.05608321, 0.06162902, 0.07736671, 0.06392059, 0.08896493, 0.08716187, 0.10192499], "atomic dipole moments": [[0.06304334, -0.21191728, 0.2033249], [0.01044577, 0.2029798, 0.03960253], [-0.21826386, -0.27029453, -0.02268137], [-0.08468132, -0.09217151, -0.00555477], [-0.00921263, -0.18418475, -0.0720126], [0.23737422, 0.19803507, -0.03192627], [0.09598175, 0.05187081, -0.10810097], [-0.20631573, 0.25527328, -0.00501772], [0.19330819, -0.12815897, -0.04969848], [-0.00544638, 0.09375768, -0.0015855], [-0.05002548, -0.01652285, 0.06361114], [0.0336352, 0.02679806, 0.01417493], [-0.01224678, -0.00993272, -0.19648115], [0.01582033, 0.00932875, 0.00979125], [0.12201221, 0.07564014, -0.13709904], [0.00079681, 0.01622958, -0.00570444], [-0.04996717, -0.0271025, -0.02276162], [0.00931648, 0.0205335, 0.20284214], [-0.10711902, 0.07346836, -0.01072454], [-0.04980955, -0.04272492, -0.10490621], [0.11254136, 0.05366043, -0.02182047], [-0.08067186, 0.07038169, 0.06334749], [-0.02445904, -0.03329222, -0.11636712], [-0.1020755, 0.04928752, 0.05314673], [0.04917947, -0.09009211, 0.07243019], [-0.09947379, -0.0687377, 0.09628187], [-0.12467554, -0.0787997, -0.0577234], [0.1244826, 0.08010614, 0.05692833]], "atomic quadrupole moments": [[-0.2659765, -0.13591697, 0.17518058, 0.13770825, -0.40166998, 0.09079593], [-0.10771435, -0.01962051, 0.03845946, 0.05244863, -0.05492305, 0.06925488], [-0.16205411, -0.91870218, -0.33928711, 0.04332186, -0.35562593, 0.50134122], [0.01741388, 0.05892753, 0.02576848, 0.00339363, 0.00703996, -0.04318236], [0.05506534, 0.07817489, 0.01683407, -0.06114072, 0.02299824, -0.07189941], [0.20106437, 0.42642148, 0.09006765, -0.07135095, -0.04014329, -0.29113202], [0.01001003, -0.06432363, 0.03446301, -0.0199543, -0.02730782, -0.04447304], [0.18150771, -0.06679296, -0.29148424, 0.10788896, 0.3275988, 0.10997653], [0.13446009, -0.15361815, -0.17511336, 0.18750515, 0.33207693, 0.04065327], [0.16198203, -0.34089413, 0.04600375, -0.06546373, 0.09637092, -0.20798578], [-0.01598913, -0.29249799, 0.25711068, -0.11801167, -0.09517058, -0.24112155], [-0.05986854, -0.36441105, 0.27852073, -0.01073471, -0.03248211, -0.21865218], [-0.2299784, -0.31310532, 0.07737412, 0.0851962, 0.05212046, 0.15260429], [-0.22564938, -0.00651093, -0.21330042, 0.11033229, 0.08136298, 0.4389498], [0.02638879, -0.17156669, 0.18047749, -0.24548923, -0.16405698, -0.20686628], [0.08796653, 0.17538165, -0.10022636, -0.29880273, -0.18068887, 0.01225982], [-0.06679956, -0.35004172, 0.27694406, -0.01860091, -0.02768934, -0.2101445], [-0.22831739, -0.33586333, 0.10834295, 0.08839603, 0.05237388, 0.11997444], [-0.21837146, -0.01359075, -0.20604429, 0.11602799, 0.07470273, 0.42441575], [-0.03659279, 0.02178214, -0.00048253, 0.04468727, 0.03627757, 0.03707532], [0.03145702, 0.03083454, -0.00885895, -0.00279745, -0.0405005, -0.02259807], [-0.01004253, -0.05311791, 0.00561081, -0.02440508, 0.00049452, 0.00443172], [-0.01718697, 0.03740577, -0.02887602, 0.00788139, 0.02370225, 0.04606299], [0.03027361, -0.0334184, 0.00165271, -0.04301033, 0.02973318, -0.03192632], [0.00643007, -0.00136984, 0.01975995, 0.01958108, -0.05021972, -0.02619001], [0.01801857, -0.03178072, 0.01712292, -0.03331979, -0.01766445, -0.03514149], [0.00092439, 0.03637047, -0.03320463, -0.00572071, -0.00025626, 0.03228024], [0.00291173, 0.03567999, -0.03377782, -0.004546, -0.00125242, 0.03086609]], "number of molecular orbitals": 110, "number of electrons": 106, "number of unpaired electrons": 0, "orbital energies/eV": [-29.1495985, -29.13907841, -29.09954718, -28.98793505, -20.755444, -20.37083115, -20.0508439, -19.32795113, -19.03783, -18.6631035, -18.23618602, -18.0404378, -18.00410482, -17.91102322, -17.40772386, -17.23790894, -16.93495238, -16.75635957, -16.35995618, -16.1845483, -15.86344189, -15.67510087, -15.59030171, -15.46743196, -15.33472947, -15.22353053, -15.12985928, -14.98175857, -14.65492016, -14.59088378, -14.38558039, -14.1932418, -14.03515244, -13.82792404, -13.48906016, -13.40562934, -13.37064809, -13.16378071, -13.12242279, -13.01317158, -12.89300792, -12.68954969, -12.53754905, -12.21188802, -12.10452383, -12.0417648, -11.91844835, -11.9081423, -11.81490376, -11.73030726, -11.56319671, -11.22569023, -11.09263137, -7.51385338, -7.38605607, -6.8468587, -4.73583694, -4.70926782, -4.47114253, -4.2634039, -3.91186973, -2.59679037, -2.33477005, -1.65413022, -0.21926329, -0.16105441, -0.08362268, 0.0016471, 0.05571239, 0.06061641, 0.0626115, 0.06281136, 0.08694776, 0.08894846, 0.10032364, 0.20616026, 0.20680342, 0.27223438, 0.37327853, 0.48335352, 0.601155, 1.37040924, 1.64687779, 2.70880692, 2.79285488, 3.07559234, 3.16046702, 3.25505063, 3.68430508, 3.765004, 4.13081215, 4.24983148, 4.49079006, 4.77246545, 4.93040255, 5.05853088, 5.12274964, 7.56411426, 8.63546192, 9.50060334, 10.1289672, 10.52460689, 10.92326946, 11.54918591, 14.42151485, 15.08441646, 15.33519719, 25.65415078, 27.36194047, 32.04815878], "fractional occupation": [2.0, 2.0, 2.0, 2.0, 2.0, 2.0, 2.0, 2.0, 2.0, 2.0, 2.0, 2.0, 2.0, 2.0, 2.0, 2.0, 2.0, 2.0, 2.0, 2.0, 2.0, 2.0, 2.0, 2.0, 2.0, 2.0, 2.0, 2.0, 2.0, 2.0, 2.0, 2.0, 2.0, 2.0, 2.0, 2.0, 2.0, 2.0, 2.0, 2.0, 2.0, 2.0, 2.0, 2.0, 2.0, 2.0, 2.0, 2.0, 2.0, 2.0, 2.0, 2.0, 2.0, 0.0, 0.0, 0.0, 0.0, 0.0, 0.0, 0.0, 0.0, 0.0, 0.0, 0.0, 0.0, 0.0, 0.0, 0.0, 0.0, 0.0, 0.0, 0.0, 0.0, 0.0, 0.0, 0.0, 0.0, 0.0, 0.0, 0.0, 0.0, 0.0, 0.0, 0.0, 0.0, 0.0, 0.0, 0.0, 0.0, 0.0, 0.0, 0.0, 0.0, 0.0, 0.0, 0.0, 0.0, 0.0, 0.0, 0.0, 0.0, 0.0, 0.0, 0.0, 0.0, 0.0, 0.0, 0.0, 0.0, 0.0], "program call": "xtb /home/svss/Project-DBcg-Debug/aqme2_20220329/End-to-End-workflows-final/example-3/QDESCP/mol_1128_rdkit_conf_13/mol_1128_rdkit_conf_13.xyz --pop --wbo --acc 0.2 --gfn 2 --chrg 0 --uhf 0 --etemp 300 --input /home/svss/Project-DBcg-Debug/aqme2_20220329/End-to-End-workflows-final/example-3/QDESCP/mol_1128_rdkit_conf_13/mol_1128_rdkit_conf_13_xtb.inp", "method": "GFN2-xTB", "xtb version": "6.3.3 (7355c4f)", "Dipole module/D": 5.097, "Total charge": 0, "Transition dipole module/D": NaN, "HOMO": -11.0926, "LUMO": -7.5139, "HOMO occupancy": 2.0, "LUMO occupancy": 0, "mulliken charges": [0.18064, -0.35775, 0.53019, -0.39782, -0.32206, 0.17871, -0.31289, 0.23827, 0.02179, -0.094, -0.02338, -0.03379, 0.08618, -0.09491, 0.09758, -0.08574, -0.05898, 0.11807, -0.08279, 0.03508, 0.04656, 0.04245, 0.03915, 0.03981, 0.04312, 0.05412, 0.05453, 0.05787], "cm5 charges": [0.06596, -0.42488, 0.53, -0.41028, -0.38569, 0.06408, -0.35473, 0.26149, -0.02485, -0.09774, -0.02335, -0.08083, 0.08242, -0.09598, 0.09381, -0.08676, -0.10707, 0.11492, -0.08331, 0.0946, 0.10926, 0.10586, 0.10344, 0.09938, 0.1066, 0.11349, 0.11446, 0.11569], "FUKUI+": [0.009, 0.006, -0.032, 0.006, -0.014, 0.01, -0.023, -0.026, -0.024, -0.077, -0.057, -0.033, -0.032, -0.111, -0.05, -0.124, -0.032, -0.034, -0.109, -0.014, 0.001, -0.017, -0.008, -0.02, -0.004, -0.061, -0.065, -0.066], "FUKUI-": [0.011, 0.0, -0.044, -0.017, -0.014, 0.011, -0.03, -0.02, -0.01, -0.146, -0.02, -0.008, -0.019, -0.164, -0.014, -0.14, -0.009, -0.014, -0.144, -0.019, -0.003, -0.019, -0.011, -0.025, -0.007, -0.05, -0.035, -0.038], "FUKUIrad": [0.01, 0.003, -0.038, -0.005, -0.014, 0.011, -0.027, -0.023, -0.017, -0.111, -0.039, -0.021, -0.026, -0.137, -0.032, -0.132, -0.02, -0.024, -0.127, -0.016, -0.001, -0.018, -0.01, -0.023, -0.005, -0.055, -0.05, -0.052], "s proportion": [0.974, 1.641, 1.304, 1.673, 1.637, 0.973, 1.629, 1.015, 1.049, 1.941, 1.076, 1.066, 1.078, 1.945, 1.081, 1.945, 1.065, 1.081, 1.945, 0.965, 0.953, 0.958, 0.961, 0.96, 0.957, 0.946, 0.945, 0.942], "p proportion": [2.846, 4.717, 1.85, 4.725, 4.686, 2.848, 4.684, 2.747, 2.929, 5.16, 2.947, 2.968, 2.836, 5.16, 2.821, 5.151, 2.994, 2.801, 5.149, 0.0, 0.0, 0.0, 0.0, 0.0, 0.0, 0.0, 0.0, 0.0], "d proportion": [0.0, 0.0, 1.316, 0.0, 0.0, 0.0, 0.0, 0.0, 0.0, -0.007, 0.0, 0.0, 0.0, -0.009, 0.0, -0.01, 0.0, 0.0, -0.011, 0.0, 0.0, 0.0, 0.0, 0.0, 0.0, 0.0, 0.0, 0.0], "Fermi-level/eV": -9.3032, "Coordination numbers": [3.921, 1.657, 3.946, 0.808, 1.657, 3.879, 1.661, 3.004, 2.805, 0.921, 2.995, 2.961, 2.898, 0.966, 2.899, 0.966, 2.997, 2.879, 0.958, 0.924, 0.924, 0.924, 0.924, 0.924, 0.924, 0.925, 0.925, 0.925], "Dispersion coefficient C6": [19.904, 19.099, 133.302, 23.315, 18.511, 20.035, 18.383, 24.821, 27.662, 102.919, 28.033, 28.889, 26.09, 102.929, 25.946, 102.659, 29.085, 25.717, 102.743, 2.06, 2.116, 2.246, 2.18, 2.007, 2.154, 1.889, 1.907, 1.767], "Total dispersion C6": 17647.62975, "Total dispersion C8": 550438.817073, "Polarizability alpha": [6.341, 5.9, 20.74, 6.473, 5.808, 6.364, 5.788, 8.173, 8.617, 15.52, 8.685, 8.816, 8.375, 15.521, 8.352, 15.501, 8.847, 8.314, 15.507, 2.244, 2.275, 2.343, 2.309, 2.215, 2.295, 2.149, 2.159, 2.079], "Total polarizability alpha": 207.709128, "Wiberg matrix": [[0.0, 0.9449229160912566, 0.0, 0.0, 0.0, 0.0, 0.0, 0.0, 0.0, 0.0, 0.0, 0.0, 0.0, 0.0, 0.0, 0.0, 0.0, 0.0, 0.0, 0.9780321217034266, 0.9797035926702585, 0.9801366260552454, 0.0, 0.0, 0.0, 0.0, 0.0, 0.0], [0.9449229160912566, 0.0, 1.1434462448317235, 0.0, 0.0, 0.0, 0.0, 0.0, 0.0, 0.0, 0.0, 0.0, 0.0, 0.0, 0.0, 0.0, 0.0, 0.0, 0.0, 0.0, 0.0, 0.0, 0.0, 0.0, 0.0, 0.0, 0.0, 0.0], [0.0, 1.1434462448317235, 0.0, 1.8555035760186522, 1.2058659172301736, 0.0, 1.1452375944974227, 0.0, 0.0, 0.0, 0.0, 0.0, 0.0, 0.0, 0.0, 0.0, 0.0, 0.0, 0.0, 0.0, 0.0, 0.0, 0.0, 0.0, 0.0, 0.0, 0.0, 0.0], [0.0, 0.0, 1.8555035760186522, 0.0, 0.0, 0.0, 0.0, 0.0, 0.0, 0.0, 0.0, 0.0, 0.0, 0.0, 0.0, 0.0, 0.0, 0.0, 0.0, 0.0, 0.0, 0.0, 0.0, 0.0, 0.0, 0.0, 0.0, 0.0], [0.0, 0.0, 1.2058659172301736, 0.0, 0.0, 0.94437594961734, 0.0, 0.0, 0.0, 0.0, 0.0, 0.0, 0.0, 0.0, 0.0, 0.0, 0.0, 0.0, 0.0, 0.0, 0.0, 0.0, 0.0, 0.0, 0.0, 0.0, 0.0, 0.0], [0.0, 0.0, 0.0, 0.0, 0.94437594961734, 0.0, 0.0, 0.0, 0.0, 0.0, 0.0, 0.0, 0.0, 0.0, 0.0, 0.0, 0.0, 0.0, 0.0, 0.0, 0.0, 0.0, 0.978236000956199, 0.9769587905377044, 0.9804423511057663, 0.0, 0.0, 0.0], [0.0, 0.0, 1.1452375944974227, 0.0, 0.0, 0.0, 0.0, 0.9763483158913954, 0.0, 0.0, 0.0, 0.0, 0.0, 0.0, 0.0, 0.0, 0.0, 0.0, 0.0, 0.0, 0.0, 0.0, 0.0, 0.0, 0.0, 0.0, 0.0, 0.0], [0.0, 0.0, 0.0, 0.0, 0.0, 0.0, 0.9763483158913954, 0.0, 1.783868859726594, 0.0, 1.0036219581250247, 0.0, 0.0, 0.0, 0.0, 0.0, 0.0, 0.0, 0.0, 0.0, 0.0, 0.0, 0.0, 0.0, 0.0, 0.0, 0.0, 0.0], [0.0, 0.0, 0.0, 0.0, 0.0, 0.0, 0.0, 1.783868859726594, 0.0, 1.0167509613632058, 0.0, 0.0, 0.0, 0.0, 0.0, 0.0, 0.0, 0.0, 0.0, 0.0, 0.0, 0.0, 0.0, 0.0, 0.0, 0.9597960032412883, 0.0, 0.0], [0.0, 0.0, 0.0, 0.0, 0.0, 0.0, 0.0, 0.0, 1.0167509613632058, 0.0, 0.0, 0.0, 0.0, 0.0, 0.0, 0.0, 0.0, 0.0, 0.0, 0.0, 0.0, 0.0, 0.0, 0.0, 0.0, 0.0, 0.0, 0.0], [0.0, 0.0, 0.0, 0.0, 0.0, 0.0, 0.0, 1.0036219581250247, 0.0, 0.0, 0.0, 1.400980013134275, 0.0, 0.0, 0.0, 0.0, 0.0, 1.3529967431313756, 0.0, 0.0, 0.0, 0.0, 0.0, 0.0, 0.0, 0.0, 0.0, 0.0], [0.0, 0.0, 0.0, 0.0, 0.0, 0.0, 0.0, 0.0, 0.0, 0.0, 1.400980013134275, 0.0, 1.3976212696251564, 0.0, 0.0, 0.0, 0.10222121981907756, 0.0, 0.0, 0.0, 0.0, 0.0, 0.0, 0.0, 0.0, 0.0, 0.9602699961232399, 0.0], [0.0, 0.0, 0.0, 0.0, 0.0, 0.0, 0.0, 0.0, 0.0, 0.0, 0.0, 1.3976212696251564, 0.0, 1.0027885634363036, 1.3531797828472714, 0.0, 0.0, 0.0, 0.0, 0.0, 0.0, 0.0, 0.0, 0.0, 0.0, 0.0, 0.0, 0.0], [0.0, 0.0, 0.0, 0.0, 0.0, 0.0, 0.0, 0.0, 0.0, 0.0, 0.0, 0.0, 1.0027885634363036, 0.0, 0.0, 0.0, 0.0, 0.0, 0.0, 0.0, 0.0, 0.0, 0.0, 0.0, 0.0, 0.0, 0.0, 0.0], [0.0, 0.0, 0.0, 0.0, 0.0, 0.0, 0.0, 0.0, 0.0, 0.0, 0.0, 0.0, 1.3531797828472714, 0.0, 0.0, 1.0097274626675627, 1.399329040868131, 0.0, 0.0, 0.0, 0.0, 0.0, 0.0, 0.0, 0.0, 0.0, 0.0, 0.0], [0.0, 0.0, 0.0, 0.0, 0.0, 0.0, 0.0, 0.0, 0.0, 0.0, 0.0, 0.0, 0.0, 0.0, 1.0097274626675627, 0.0, 0.0, 0.0, 0.0, 0.0, 0.0, 0.0, 0.0, 0.0, 0.0, 0.0, 0.0, 0.0], [0.0, 0.0, 0.0, 0.0, 0.0, 0.0, 0.0, 0.0, 0.0, 0.0, 0.0, 0.10222121981907756, 0.0, 0.0, 1.399329040868131, 0.0, 0.0, 1.4001983300711738, 0.0, 0.0, 0.0, 0.0, 0.0, 0.0, 0.0, 0.0, 0.0, 0.9580078724291524], [0.0, 0.0, 0.0, 0.0, 0.0, 0.0, 0.0, 0.0, 0.0, 0.0, 1.3529967431313756, 0.0, 0.0, 0.0, 0.0, 0.0, 1.4001983300711738, 0.0, 1.010434937901192, 0.0, 0.0, 0.0, 0.0, 0.0, 0.0, 0.0, 0.0, 0.0], [0.0, 0.0, 0.0, 0.0, 0.0, 0.0, 0.0, 0.0, 0.0, 0.0, 0.0, 0.0, 0.0, 0.0, 0.0, 0.0, 0.0, 1.010434937901192, 0.0, 0.0, 0.0, 0.0, 0.0, 0.0, 0.0, 0.0, 0.0, 0.0], [0.9780321217034266, 0.0, 0.0, 0.0, 0.0, 0.0, 0.0, 0.0, 0.0, 0.0, 0.0, 0.0, 0.0, 0.0, 0.0, 0.0, 0.0, 0.0, 0.0, 0.0, 0.0, 0.0, 0.0, 0.0, 0.0, 0.0, 0.0, 0.0], [0.9797035926702585, 0.0, 0.0, 0.0, 0.0, 0.0, 0.0, 0.0, 0.0, 0.0, 0.0, 0.0, 0.0, 0.0, 0.0, 0.0, 0.0, 0.0, 0.0, 0.0, 0.0, 0.0, 0.0, 0.0, 0.0, 0.0, 0.0, 0.0], [0.9801366260552454, 0.0, 0.0, 0.0, 0.0, 0.0, 0.0, 0.0, 0.0, 0.0, 0.0, 0.0, 0.0, 0.0, 0.0, 0.0, 0.0, 0.0, 0.0, 0.0, 0.0, 0.0, 0.0, 0.0, 0.0, 0.0, 0.0, 0.0], [0.0, 0.0, 0.0, 0.0, 0.0, 0.978236000956199, 0.0, 0.0, 0.0, 0.0, 0.0, 0.0, 0.0, 0.0, 0.0, 0.0, 0.0, 0.0, 0.0, 0.0, 0.0, 0.0, 0.0, 0.0, 0.0, 0.0, 0.0, 0.0], [0.0, 0.0, 0.0, 0.0, 0.0, 0.9769587905377044, 0.0, 0.0, 0.0, 0.0, 0.0, 0.0, 0.0, 0.0, 0.0, 0.0, 0.0, 0.0, 0.0, 0.0, 0.0, 0.0, 0.0, 0.0, 0.0, 0.0, 0.0, 0.0], [0.0, 0.0, 0.0, 0.0, 0.0, 0.9804423511057663, 0.0, 0.0, 0.0, 0.0, 0.0, 0.0, 0.0, 0.0, 0.0, 0.0, 0.0, 0.0, 0.0, 0.0, 0.0, 0.0, 0.0, 0.0, 0.0, 0.0, 0.0, 0.0], [0.0, 0.0, 0.0, 0.0, 0.0, 0.0, 0.0, 0.0, 0.9597960032412883, 0.0, 0.0, 0.0, 0.0, 0.0, 0.0, 0.0, 0.0, 0.0, 0.0, 0.0, 0.0, 0.0, 0.0, 0.0, 0.0, 0.0, 0.0, 0.0], [0.0, 0.0, 0.0, 0.0, 0.0, 0.0, 0.0, 0.0, 0.0, 0.0, 0.0, 0.9602699961232399, 0.0, 0.0, 0.0, 0.0, 0.0, 0.0, 0.0, 0.0, 0.0, 0.0, 0.0, 0.0, 0.0, 0.0, 0.0, 0.0], [0.0, 0.0, 0.0, 0.0, 0.0, 0.0, 0.0, 0.0, 0.0, 0.0, 0.0, 0.0, 0.0, 0.0, 0.0, 0.0, 0.9580078724291524, 0.0, 0.0, 0.0, 0.0, 0.0, 0.0, 0.0, 0.0, 0.0, 0.0, 0.0]], "Born radii": [], "Atomic SASAs": [], "Solvent H bonds": [], "Total SASA": NaN, "Total FOD": 0.0, "FOD": [0.0, 0.0, 0.0, 0.0, 0.0, 0.0, 0.0, 0.0, 0.0, 0.0, 0.0, 0.0, 0.0, 0.0, 0.0, 0.0, 0.0, 0.0, 0.0, 0.0, 0.0, 0.0, 0.0, 0.0, 0.0, 0.0, 0.0, 0.0], "FOD s proportion": [0.0, 0.0, 0.0, 0.0, 0.0, 0.0, 0.0, 0.0, 0.0, 0.0, 0.0, 0.0, 0.0, 0.0, 0.0, 0.0, 0.0, 0.0, 0.0, 0.0, 0.0, 0.0, 0.0, 0.0, 0.0, 0.0, 0.0, 0.0], "FOD p proportion": [0.0, 0.0, 0.0, 0.0, 0.0, 0.0, 0.0, 0.0, 0.0, 0.0, 0.0, 0.0, 0.0, 0.0, 0.0, 0.0, 0.0, 0.0, 0.0, 0.0, 0.0, 0.0, 0.0, 0.0, 0.0, 0.0, 0.0, 0.0], "FOD d proportion": [0.0, 0.0, 0.0, 0.0, 0.0, 0.0, 0.0, 0.0, 0.0, 0.0, 0.0, 0.0, 0.0, 0.0, 0.0, 0.0, 0.0, 0.0, 0.0, 0.0, 0.0, 0.0, 0.0, 0.0, 0.0, 0.0, 0.0, 0.0], "coordinates": [["-1.99400", "1.52610", "-1.80490"], ["-1.69940", "0.45270", "-0.93270"], ["-1.19680", "0.85480", "0.54870"], ["-0.16460", "1.93890", "0.57530"], ["-2.56680", "1.22590", "1.31490"], ["-3.58270", "0.24880", "1.40040"], ["-0.75880", "-0.55770", "1.19480"], ["0.35340", "-1.32090", "0.88170"], ["0.47450", "-2.54810", "1.40110"], ["1.77170", "-3.63250", "1.11690"], ["1.36210", "-0.72620", "-0.01070"], ["1.19990", "-0.87360", "-1.39720"], ["2.12420", "-0.31460", "-2.28520"], ["1.83750", "-0.52500", "-3.97560"], ["3.22890", "0.38790", "-1.79220"], ["4.40910", "1.10200", "-2.83240"], ["3.40750", "0.52850", "-0.41410"], ["2.48100", "-0.02610", "0.47280"], ["2.76010", "0.18610", "2.16620"], ["-2.43280", "1.12260", "-2.72080"], ["-1.07590", "2.06230", "-2.05940"], ["-2.70970", "2.20980", "-1.34040"], ["-3.85950", "-0.11040", "0.40600"], ["-4.46250", "0.70070", "1.86560"], ["-3.25130", "-0.58810", "2.02040"], ["-0.26370", "-2.97840", "2.06620"], ["0.34300", "-1.42040", "-1.78810"], ["4.26530", "1.07520", "-0.02950"]], "bond_dist": [[0.0, 1.4141108725980434, 2.57402495908645, 3.0302574544087832, 3.186121767917855, 3.798606464218161, 3.855663570645136, 4.564374581473348, 5.742040916782115, 7.023429766858924, 4.422150623848084, 4.015691296651176, 4.536346086885347, 4.857915391399896, 5.345497632587635, 6.498869645561449, 5.666192076694895, 5.255746105930156, 6.337720569731676, 1.0928085376679668, 1.0932466784765458, 1.0933583264419768, 3.3235976456243916, 4.499705285904844, 4.547918756970049, 6.186264911075179, 3.760812876227692, 6.521824319927668], [1.4141108725980434, 0.0, 1.6151895028138337, 2.615045980475296, 2.5302029088592874, 3.0052869596762304, 2.536117656970985, 3.2636930247803635, 4.379185345472375, 5.739185866479669, 3.4077369998284786, 3.2219206119952744, 4.127701842429998, 4.767053524977458, 5.0031070526224, 6.42994734270818, 5.133723717731605, 4.4362623738908855, 5.437039361637913, 2.045468938898853, 2.061314459271074, 2.0674442652705296, 2.6029274500070105, 3.94039445994941, 3.4946327217606146, 4.777769658533153, 2.9002776642935415, 6.064727741622042], [2.57402495908645, 1.6151895028138337, 0.0, 1.497136336477076, 1.612971682950448, 2.6048316068414095, 1.61382943956293, 2.692151468621333, 3.8858149544207583, 5.410240732167099, 3.05948665138451, 3.538087655782429, 4.519682131522083, 5.619618761090471, 5.028382335304268, 6.5512639894908835, 4.715191832788991, 3.7825862131615717, 4.326722032902045, 3.5055731471472678, 2.8766054074203504, 2.7737321824574197, 2.8358324386324383, 3.524594857568739, 2.910125693161723, 4.22692608168158, 3.6066817602888115, 5.497038094283138], [3.0302574544087832, 2.615045980475296, 1.497136336477076, 0.0, 2.6126503784471433, 3.9013633040259146, 2.6400502741425207, 3.3148907975980144, 4.606903889815806, 5.923097687021547, 3.126814177401657, 3.6963188106547302, 4.30108450742368, 5.548864607286792, 4.4188798920088335, 5.764681482094218, 3.965859166687592, 3.297109432518126, 3.762597605378497, 4.083546514979351, 2.790580466497965, 3.197002863620863, 4.228543365037185, 4.655100185817702, 4.242848088253927, 5.139303737861773, 4.138624627820214, 4.553655096732734], [3.186121767917855, 2.5302029088592874, 1.612971682950448, 2.6126503784471433, 0.0, 1.412121620116341, 2.5425414391903236, 3.898899911513503, 4.847681108530139, 6.516581681372528, 4.58303010899994, 5.094253188643062, 6.110592545735644, 7.103020452596205, 6.629212087420345, 8.116565117708351, 6.258439761633886, 5.268483771446962, 5.493792800970929, 4.039245149777369, 3.782624520091837, 2.8353302647134426, 2.069509649651337, 2.0427393421579763, 2.0632175115581, 4.852304585452154, 5.009835199884324, 6.964747824580587], [3.798606464218161, 3.0052869596762304, 2.6048316068414095, 3.9013633040259146, 1.412121620116341, 0.0, 2.943998101222214, 4.269179193943492, 4.927831362780183, 6.619249300336104, 5.233820330313221, 5.653283141679709, 6.816874249243564, 7.673246410744281, 7.523957610858796, 9.083689411246953, 7.227277383634863, 6.140396523026832, 6.3891699593922215, 4.366930946328325, 4.641448537902796, 3.4813265632514283, 1.092920051970866, 1.0930108370917464, 1.0929901966623488, 4.676950981141453, 5.3257751905239115, 8.019891206868083], [3.855663570645136, 2.536117656970985, 1.61382943956293, 2.6400502741425207, 2.5425414391903236, 2.943998101222214, 0.0, 1.3847363250814215, 2.3505915723493946, 3.982950376291424, 2.445370996392981, 3.2641633690733065, 4.525614500816436, 5.785747932635849, 5.071299601680027, 6.758708037783553, 4.596351307287119, 3.3615750177558135, 3.7255219245093696, 4.577947951866644, 4.1898412917436385, 4.229929798471838, 3.2305762984334545, 3.968745001886617, 2.6258514371532904, 2.6199714616766343, 3.2948303355408153, 5.422808655115907], [4.564374581473348, 3.2636930247803635, 2.692151468621333, 3.3148907975980144, 3.898899911513503, 4.269179193943492, 1.3847363250814215, 0.0, 1.3380812419281571, 2.7222028745117433, 1.4722505017829, 2.4718464252457113, 3.765319102015127, 5.140950584279137, 4.2823170013440155, 6.009466341531501, 3.798276557861473, 2.5239627592339784, 3.116599772187632, 5.168327479949389, 4.705210934697827, 5.175534031382655, 4.409095956088958, 5.31486769167399, 3.8506487271627363, 2.1286518996773522, 2.6716737169796763, 4.677022798747083], [5.742040916782115, 4.379185345472375, 3.8858149544207583, 4.606903889815806, 4.847681108530139, 4.927831362780183, 2.3505915723493946, 1.3380812419281571, 0.0, 1.714473925144387, 2.4698851410541343, 3.340754151385582, 4.615066633321777, 5.904202359336949, 5.138480344420906, 6.835702554968289, 4.622002553006651, 3.3538436367845175, 3.644886144998222, 6.238308375673649, 5.969471381119102, 6.3476424206157045, 5.071110460244384, 5.928273837298679, 4.255198953045556, 1.0827997691170792, 3.3852616117517416, 5.4355389695962995], [7.023429766858924, 5.739185866479669, 5.410240732167099, 5.923097687021547, 6.516581681372528, 6.619249300336104, 3.982950376291424, 2.7222028745117433, 1.714473925144387, 0.0, 3.1441745514522568, 3.7761333742334893, 4.765186362567575, 5.966107788164742, 5.172031594064367, 6.705843682938038, 4.725856921236613, 3.7315000013399433, 4.081626025250231, 7.417326846647652, 7.115367488050073, 7.762328164925779, 6.679893761131235, 7.629051288987379, 5.942660398340124, 2.3392029539995027, 3.920917634942106, 5.449285568769543], [4.422150623848084, 3.4077369998284786, 3.05948665138451, 3.126814177401657, 4.58303010899994, 5.233820330313221, 2.445370996392981, 1.4722505017829, 2.4698851410541343, 3.1441745514522568, 0.0, 1.4037157297686738, 2.433836728295471, 3.9983644918891525, 2.810676662300379, 4.537456901172726, 2.4332416258974363, 1.405649127627517, 2.74328068195728, 5.016370147826016, 4.232817966792336, 5.193048558409598, 5.2742729442075715, 6.2835109978418915, 5.042608291350817, 3.468305651178973, 2.1632450647118096, 3.416718548549178], [4.015691296651176, 3.2219206119952744, 3.538087655782429, 3.6963188106547302, 5.094253188643062, 5.653283141679709, 3.2641633690733065, 2.4718464252457113, 3.340754151385582, 3.7761333742334893, 1.4037157297686738, 0.0, 1.398340262597055, 2.67884345940557, 2.4216209963576047, 4.032587139790038, 2.793898312394351, 2.419994516522713, 4.031749953804179, 4.351234386929759, 3.7732324722974604, 4.979513426028692, 5.425083671244159, 6.722131960174539, 5.619135293797436, 4.308996119747614, 1.08906871224914, 3.8813788645273988], [4.536346086885347, 4.127701842429998, 4.519682131522083, 4.30108450742368, 6.110592545735644, 6.816874249243564, 4.525614500816436, 3.765319102015127, 4.615066633321777, 4.765186362567575, 2.433836728295471, 1.398340262597055, 0.0, 1.7274018669666882, 1.3988986167696356, 2.7435290065898696, 2.420473447489148, 2.7959081690928262, 4.524381864962328, 4.798076718853086, 3.9926531604936586, 5.534603112238492, 6.564215167862797, 7.851406983464811, 6.892676828344705, 5.633167742043548, 2.1546636605280187, 3.406469688695321], [4.857915391399896, 4.767053524977458, 5.619618761090471, 5.548864607286792, 7.103020452596205, 7.673246410744281, 5.785747932635849, 5.140950584279137, 5.904202359336949, 5.966107788164742, 3.9983644918891525, 2.67884345940557, 1.7274018669666882, 0.0, 2.7452897715906057, 3.2507171208827135, 4.032250550251063, 4.522306493372603, 6.2512847647503635, 4.746005782760911, 4.342101252849822, 5.9245622555594775, 7.199036096589599, 8.67824624737049, 7.864596814204782, 6.851099199398591, 2.7965027552283943, 4.901689309819626], [5.345497632587635, 5.0031070526224, 5.028382335304268, 4.4188798920088335, 6.629212087420345, 7.523957610858796, 5.071299601680027, 4.2823170013440155, 5.138480344420906, 5.172031594064367, 2.810676662300379, 2.4216209963576047, 1.3988986167696356, 2.7452897715906057, 0.0, 1.7276651556363574, 1.3967197034480467, 2.4209451480775024, 3.991168655920218, 5.784196481794165, 4.626695823155008, 6.228194988116542, 7.438131532179301, 8.522615715846866, 7.581654621518973, 6.198183686371355, 3.4056401028294223, 2.1572244992118925], [6.498869645561449, 6.42994734270818, 6.5512639894908835, 5.764681482094218, 8.116565117708351, 9.083689411246953, 6.758708037783553, 6.009466341531501, 6.835702554968289, 6.705843682938038, 4.537456901172726, 4.032587139790038, 2.7435290065898696, 3.2507171208827135, 1.7276651556363574, 0.0, 2.6796043924430335, 3.989301475195876, 5.342665605294795, 6.842841115355521, 5.621826223746159, 7.357349949540256, 8.962527226179008, 10.046767253699073, 9.224306695356567, 7.904492770570418, 4.897574242418383, 2.8067142872048803], [5.666192076694895, 5.133723717731605, 4.715191832788991, 3.965859166687592, 6.258439761633886, 7.227277383634863, 4.596351307287119, 3.798276557861473, 4.622002553006651, 4.725856921236613, 2.4332416258974363, 2.793898312394351, 2.420473447489148, 4.032250550251063, 1.3967197034480467, 2.6796043924430335, 0.0, 1.397345705256935, 2.6822215810778944, 6.3073705924101215, 5.016017353438882, 6.411313221173959, 7.340984008973185, 8.19533921994691, 7.177269902267853, 5.650481850249587, 3.882943144059671, 1.0874828228528484], [5.255746105930156, 4.4362623738908855, 3.7825862131615717, 3.297109432518126, 5.268483771446962, 6.140396523026832, 3.3615750177558135, 2.5239627592339784, 3.3538436367845175, 3.7315000013399433, 1.405649127627517, 2.419994516522713, 2.7959081690928262, 4.522306493372603, 2.4209451480775024, 3.989301475195876, 1.397345705256935, 0.0, 1.729314664831129, 5.971936293196705, 4.839936880786773, 5.935512576012285, 6.341412222841218, 7.11901133093634, 5.96407352821878, 4.334556141059889, 3.4098072232899033, 2.1561292795192037], [6.337720569731676, 5.437039361637913, 4.326722032902045, 3.762597605378497, 5.493792800970929, 6.3891699593922215, 3.7255219245093696, 3.116599772187632, 3.644886144998222, 4.081626025250231, 2.74328068195728, 4.031749953804179, 4.524381864962328, 6.2512847647503635, 3.991168655920218, 5.342665605294795, 2.6822215810778944, 1.729314664831129, 0.0, 7.192079786821055, 6.007555060088921, 6.8051684248077215, 6.856042623117217, 7.247145940299533, 6.062802424621802, 4.37806197877554, 4.905069127953245, 2.806639332012576], [1.0928085376679668, 2.045468938898853, 3.5055731471472678, 4.083546514979351, 4.039245149777369, 4.366930946328325, 4.577947951866644, 5.168327479949389, 6.238308375673649, 7.417326846647652, 5.016370147826016, 4.351234386929759, 4.798076718853086, 4.746005782760911, 5.784196481794165, 6.842841115355521, 6.3073705924101215, 5.971936293196705, 7.192079786821055, 0.0, 1.778106762823875, 1.7788146643200355, 3.651388794691686, 5.033164676423771, 5.106409127753083, 6.6662256794981065, 3.8783816122192, 7.218717757330592], [1.0932466784765458, 2.061314459271074, 2.8766054074203504, 2.790580466497965, 3.782624520091837, 4.641448537902796, 4.1898412917436385, 4.705210934697827, 5.969471381119102, 7.115367488050073, 4.232817966792336, 3.7732324722974604, 3.9926531604936586, 4.342101252849822, 4.626695823155008, 5.621826223746159, 5.016017353438882, 4.839936880786773, 6.007555060088921, 1.778106762823875, 0.0, 1.7910945508263936, 4.306651995460046, 5.35991036492216, 5.32932954132131, 6.564213638357606, 3.7704217522712233, 5.798558257015273], [1.0933583264419768, 2.0674442652705296, 2.7737321824574197, 3.197002863620863, 2.8353302647134426, 3.4813265632514283, 4.229929798471838, 5.175534031382655, 6.3476424206157045, 7.762328164925779, 5.193048558409598, 4.979513426028692, 5.534603112238492, 5.9245622555594775, 6.228194988116542, 7.357349949540256, 6.411313221173959, 5.935512576012285, 6.8051684248077215, 1.7788146643200355, 1.7910945508263936, 0.0, 3.1233445279059433, 3.9532425488451883, 4.406421633252996, 6.671226184143363, 4.764217104624851, 7.187238758382804], [3.3235976456243916, 2.6029274500070105, 2.8358324386324383, 4.228543365037185, 2.069509649651337, 1.092920051970866, 3.2305762984334545, 4.409095956088958, 5.071110460244384, 6.679893761131235, 5.2742729442075715, 5.425083671244159, 6.564215167862797, 7.199036096589599, 7.438131532179301, 8.962527226179008, 7.340984008973185, 6.341412222841218, 6.856042623117217, 3.651388794691686, 4.306651995460046, 3.1233445279059433, 0.0, 1.7753659819879395, 1.790081531662734, 4.889935140674158, 4.918453116580457, 8.222389108403958], [4.499705285904844, 3.94039445994941, 3.524594857568739, 4.655100185817702, 2.0427393421579763, 1.0930108370917464, 3.968745001886617, 5.31486769167399, 5.928273837298679, 7.629051288987379, 6.2835109978418915, 6.722131960174539, 7.851406983464811, 8.67824624737049, 8.522615715846866, 10.046767253699073, 8.19533921994691, 7.11901133093634, 7.247145940299533, 5.033164676423771, 5.35991036492216, 3.9532425488451883, 1.7753659819879395, 0.0, 1.7753799368022611, 5.586227583083239, 6.39854820642933, 8.939023833730392], [4.547918756970049, 3.4946327217606146, 2.910125693161723, 4.242848088253927, 2.0632175115581, 1.0929901966623488, 2.6258514371532904, 3.8506487271627363, 4.255198953045556, 5.942660398340124, 5.042608291350817, 5.619135293797436, 6.892676828344705, 7.864596814204782, 7.581654621518973, 9.224306695356567, 7.177269902267853, 5.96407352821878, 6.062802424621802, 5.106409127753083, 5.32932954132131, 4.406421633252996, 1.790081531662734, 1.7753799368022611, 0.0, 3.8264063414645344, 5.302488852416382, 7.966676374750013], [6.186264911075179, 4.777769658533153, 4.22692608168158, 5.139303737861773, 4.852304585452154, 4.676950981141453, 2.6199714616766343, 2.1286518996773522, 1.0827997691170792, 2.3392029539995027, 3.468305651178973, 4.308996119747614, 5.633167742043548, 6.851099199398591, 6.198183686371355, 7.904492770570418, 5.650481850249587, 4.334556141059889, 4.37806197877554, 6.6662256794981065, 6.564213638357606, 6.671226184143363, 4.889935140674158, 5.586227583083239, 3.8264063414645344, 0.0, 4.2013185287478505, 6.429266867225221], [3.760812876227692, 2.9002776642935415, 3.6066817602888115, 4.138624627820214, 5.009835199884324, 5.3257751905239115, 3.2948303355408153, 2.6716737169796763, 3.3852616117517416, 3.920917634942106, 2.1632450647118096, 1.08906871224914, 2.1546636605280187, 2.7965027552283943, 3.4056401028294223, 4.897574242418383, 3.882943144059671, 3.4098072232899033, 4.905069127953245, 3.8783816122192, 3.7704217522712233, 4.764217104624851, 4.918453116580457, 6.39854820642933, 5.302488852416382, 4.2013185287478505, 0.0, 4.970425596465558], [6.521824319927668, 6.064727741622042, 5.497038094283138, 4.553655096732734, 6.964747824580587, 8.019891206868083, 5.422808655115907, 4.677022798747083, 5.4355389695962995, 5.449285568769543, 3.416718548549178, 3.8813788645273988, 3.406469688695321, 4.901689309819626, 2.1572244992118925, 2.8067142872048803, 1.0874828228528484, 2.1561292795192037, 2.806639332012576, 7.218717757330592, 5.798558257015273, 7.187238758382804, 8.222389108403958, 8.939023833730392, 7.966676374750013, 6.429266867225221, 4.970425596465558, 0.0]]}