{"total energy": -27.11036677, "HOMO-LUMO gap/eV": 4.84495835, "electronic energy": -27.41111606, "dipole": [0.11836529, -0.68988798, 0.38884453], "partial charges": [-0.10230852, -0.05365561, -0.05843583, -0.08905354, 0.35013815, -0.40172625, -0.27003093, 0.03414598, 0.03616515, 0.03617113, 0.03444357, 0.03092423, 0.03093332, 0.04809192, 0.04811143, 0.06905686, 0.06904413, 0.06410249, 0.06194482, 0.06193749], "atomic dipole moments": [[0.08742336, -0.05518846, 0.02966722], [0.01404647, 0.10068302, -0.05732706], [0.02706174, -0.11720243, 0.06595392], [0.02373706, 0.08337004, -0.04766866], [0.14826472, -0.05995647, 0.03118492], [-0.01301229, -0.15262162, 0.08675902], [0.04819727, 0.1950306, -0.11145125], [-0.2422497, -0.08745555, 0.05405862], [-0.00594484, 0.0138211, -0.12574038], [-0.00262949, 0.11504431, 0.0528428], [-0.10312033, -0.06028349, 0.03607835], [-0.00804294, -0.11265988, -0.04910853], [-0.00485007, -0.01562245, 0.12206072], [0.00098128, 0.01916969, -0.12590727], [0.00421847, 0.11781834, 0.04813567], [-0.0019749, -0.00989561, 0.1323714], [-0.00552892, -0.11859438, -0.05940785], [0.09113207, -0.07649751, 0.04167503], [0.01070069, 0.00514816, -0.12977831], [0.01426434, 0.11380393, 0.06189671]], "atomic quadrupole moments": [[0.1262653, -0.14469765, -0.02519101, 0.07721053, -0.05821784, -0.10107429], [0.23072596, -0.01084956, -0.05240378, -0.00256709, -0.10493125, -0.17832218], [0.25653705, -0.03132323, -0.0587607, 0.00809779, -0.11511318, -0.19777635], [0.22828655, -0.00818319, -0.03473474, -0.00457126, -0.13246056, -0.19355181], [-0.13351731, -0.11988608, -0.14271196, 0.07934296, 0.35442245, 0.27622927], [-0.11291052, -0.00104236, -0.02386859, 0.00663957, 0.13427859, 0.13677912], [0.08130892, 0.0366855, -0.02194543, -0.02376303, -0.0326201, -0.05936349], [0.40989007, 0.24745637, -0.15872025, -0.15351028, -0.08637217, -0.25116983], [-0.03660446, -0.01179846, -0.04225832, -0.00762931, -0.00856899, 0.07886277], [-0.03572776, 0.00329578, 0.05441563, 0.01532407, 0.04904938, -0.01868787], [0.04223037, 0.04566146, -0.00449999, -0.02768423, -0.02943051, -0.03773039], [-0.01772091, -0.00153683, 0.03230424, 0.0004063, 0.0421521, -0.01458333], [-0.0176495, -0.00149525, -0.0393312, 0.00317694, -0.00074775, 0.0569807], [-0.01756763, -0.00054866, -0.03672441, -0.00096699, 0.00302154, 0.05429203], [-0.01745963, 0.00241849, 0.02760103, 0.00183276, 0.04149036, -0.0101414], [-0.01409555, -0.01812812, -0.04425045, 0.00115665, -0.01271839, 0.05834601], [-0.01354067, -0.00829858, 0.04279208, 0.01516928, 0.03921375, -0.02925141], [0.02136008, -0.04700102, 0.01335166, 0.02520661, -0.038465, -0.03471175], [-0.0113775, 0.01601779, -0.04794409, -0.0004255, -0.0108878, 0.05932159], [-0.01182217, 0.01059736, 0.04030362, -0.01334116, 0.04206487, -0.02848146]], "number of molecular orbitals": 44, "number of electrons": 48, "number of unpaired electrons": 0, "orbital energies/eV": [-20.1430461, -19.35971094, -18.31694931, -17.29368159, -16.78870433, -16.54492834, -15.96280441, -15.89731528, -15.3945813, -15.11539769, -15.09838217, -14.38018561, -13.8909548, -13.81292433, -13.5256545, -13.20221187, -13.04543922, -12.79063206, -12.28139004, -12.18697467, -12.14452086, -11.95661383, -11.60064453, -11.31682337, -6.47186502, 0.06113015, 2.30466725, 2.76742883, 3.07665195, 3.39653768, 3.49473348, 3.84650119, 3.981358, 4.44627955, 4.71448371, 4.94390968, 5.34039474, 5.43198547, 6.3182321, 6.48417155, 6.8186723, 7.10309716, 8.10205251, 16.14534661], "fractional occupation": [2.0, 2.0, 2.0, 2.0, 2.0, 2.0, 2.0, 2.0, 2.0, 2.0, 2.0, 2.0, 2.0, 2.0, 2.0, 2.0, 2.0, 2.0, 2.0, 2.0, 2.0, 2.0, 2.0, 2.0, 0.0, 0.0, 0.0, 0.0, 0.0, 0.0, 0.0, 0.0, 0.0, 0.0, 0.0, 0.0, 0.0, 0.0, 0.0, 0.0, 0.0, 0.0, 0.0, 0.0], "program call": "xtb /home/svss/Project-DBcg-Debug/aqme2_20220329/End-to-End-workflows-final/example-3/QDESCP/mol_631_rdkit_conf_1/mol_631_rdkit_conf_1.xyz --pop --wbo --acc 0.2 --gfn 2 --chrg 0 --uhf 0 --etemp 300 --input /home/svss/Project-DBcg-Debug/aqme2_20220329/End-to-End-workflows-final/example-3/QDESCP/mol_631_rdkit_conf_1/mol_631_rdkit_conf_1_xtb.inp", "method": "GFN2-xTB", "xtb version": "6.3.3 (7355c4f)", "Dipole module/D": 2.035, "Total charge": 0, "Transition dipole module/D": NaN, "HOMO": -11.3168, "LUMO": -6.4719, "HOMO occupancy": 2.0, "LUMO occupancy": 0, "mulliken charges": [-0.08268, -0.04105, -0.04191, -0.07815, 0.57366, -0.52761, -0.41896, 0.17547, 0.02956, 0.02956, 0.0294, 0.02227, 0.02228, 0.03734, 0.03735, 0.05522, 0.05521, 0.03588, 0.04358, 0.04358], "cm5 charges": [-0.23299, -0.15343, -0.15011, -0.17685, 0.62275, -0.57715, -0.50584, 0.05583, 0.08085, 0.08086, 0.08018, 0.077, 0.07701, 0.09463, 0.09465, 0.11406, 0.11404, 0.09492, 0.1048, 0.10479], "FUKUI+": [0.012, 0.006, 0.015, 0.029, -0.188, -0.284, -0.126, 0.047, -0.014, -0.014, -0.028, -0.019, -0.019, -0.024, -0.024, -0.098, -0.098, -0.076, -0.049, -0.049], "FUKUI-": [0.02, 0.006, 0.01, -0.001, -0.012, -0.126, -0.075, 0.022, -0.081, -0.081, -0.072, -0.098, -0.098, -0.073, -0.073, -0.057, -0.057, -0.06, -0.047, -0.047], "FUKUIrad": [0.016, 0.006, 0.013, 0.014, -0.1, -0.205, -0.101, 0.035, -0.048, -0.048, -0.05, -0.058, -0.058, -0.048, -0.048, -0.078, -0.078, -0.068, -0.048, -0.048], "s proportion": [1.007, 1.028, 1.031, 1.039, 0.991, 1.731, 1.698, 0.973, 0.97, 0.97, 0.971, 0.978, 0.978, 0.963, 0.963, 0.945, 0.945, 0.964, 0.956, 0.956], "p proportion": [3.075, 3.013, 3.011, 3.039, 2.435, 4.797, 4.721, 2.852, 0.0, 0.0, 0.0, 0.0, 0.0, 0.0, 0.0, 0.0, 0.0, 0.0, 0.0, 0.0], "d proportion": [0.0, 0.0, 0.0, 0.0, 0.0, 0.0, 0.0, 0.0, 0.0, 0.0, 0.0, 0.0, 0.0, 0.0, 0.0, 0.0, 0.0, 0.0, 0.0, 0.0], "Fermi-level/eV": -8.8943, "Coordination numbers": [3.75, 3.8, 3.803, 3.803, 2.722, 0.856, 1.703, 3.655, 0.924, 0.924, 0.924, 0.924, 0.924, 0.924, 0.924, 0.924, 0.924, 0.924, 0.924, 0.924], "Dispersion coefficient C6": [22.518, 21.538, 21.624, 22.196, 21.054, 21.716, 18.478, 20.294, 2.501, 2.501, 2.524, 2.573, 2.573, 2.344, 2.344, 2.096, 2.096, 2.152, 2.176, 2.177], "Total dispersion C6": 3024.506894, "Total dispersion C8": 64079.526405, "Polarizability alpha": [6.768, 6.608, 6.62, 6.707, 7.512, 6.248, 5.804, 6.468, 2.473, 2.473, 2.485, 2.509, 2.509, 2.394, 2.394, 2.264, 2.264, 2.294, 2.307, 2.307], "Total polarizability alpha": 81.406451, "Wiberg matrix": [[0.0, 1.0204112885164527, 0.0, 0.0, 0.0, 0.0, 0.0, 0.0, 0.9874293200948818, 0.9874304884844667, 0.9871245080540366, 0.0, 0.0, 0.0, 0.0, 0.0, 0.0, 0.0, 0.0, 0.0], [1.0204112885164527, 0.0, 1.008000217645408, 0.0, 0.0, 0.0, 0.0, 0.0, 0.0, 0.0, 0.0, 0.9777534169332861, 0.9777530816885879, 0.0, 0.0, 0.0, 0.0, 0.0, 0.0, 0.0], [0.0, 1.008000217645408, 0.0, 1.006639136415967, 0.0, 0.0, 0.0, 0.0, 0.0, 0.0, 0.0, 0.0, 0.0, 0.9758170500479598, 0.9758178599441004, 0.0, 0.0, 0.0, 0.0, 0.0], [0.0, 0.0, 1.006639136415967, 0.0, 0.9792107857038734, 0.0, 0.0, 0.0, 0.0, 0.0, 0.0, 0.0, 0.0, 0.0, 0.0, 0.9527254581522212, 0.9527225572026581, 0.0, 0.0, 0.0], [0.0, 0.0, 0.0, 0.9792107857038734, 0.0, 1.7651460177323686, 1.1106149422330025, 0.0, 0.0, 0.0, 0.0, 0.0, 0.0, 0.0, 0.0, 0.0, 0.0, 0.0, 0.0, 0.0], [0.0, 0.0, 0.0, 0.0, 1.7651460177323686, 0.0, 0.16857342579693635, 0.0, 0.0, 0.0, 0.0, 0.0, 0.0, 0.0, 0.0, 0.0, 0.0, 0.0, 0.0, 0.0], [0.0, 0.0, 0.0, 0.0, 1.1106149422330025, 0.16857342579693635, 0.0, 0.9605645927798363, 0.0, 0.0, 0.0, 0.0, 0.0, 0.0, 0.0, 0.0, 0.0, 0.0, 0.0, 0.0], [0.0, 0.0, 0.0, 0.0, 0.0, 0.0, 0.9605645927798363, 0.0, 0.0, 0.0, 0.0, 0.0, 0.0, 0.0, 0.0, 0.0, 0.0, 0.9818448682750321, 0.9781718698002028, 0.9781690354881869], [0.9874293200948818, 0.0, 0.0, 0.0, 0.0, 0.0, 0.0, 0.0, 0.0, 0.0, 0.0, 0.0, 0.0, 0.0, 0.0, 0.0, 0.0, 0.0, 0.0, 0.0], [0.9874304884844667, 0.0, 0.0, 0.0, 0.0, 0.0, 0.0, 0.0, 0.0, 0.0, 0.0, 0.0, 0.0, 0.0, 0.0, 0.0, 0.0, 0.0, 0.0, 0.0], [0.9871245080540366, 0.0, 0.0, 0.0, 0.0, 0.0, 0.0, 0.0, 0.0, 0.0, 0.0, 0.0, 0.0, 0.0, 0.0, 0.0, 0.0, 0.0, 0.0, 0.0], [0.0, 0.9777534169332861, 0.0, 0.0, 0.0, 0.0, 0.0, 0.0, 0.0, 0.0, 0.0, 0.0, 0.0, 0.0, 0.0, 0.0, 0.0, 0.0, 0.0, 0.0], [0.0, 0.9777530816885879, 0.0, 0.0, 0.0, 0.0, 0.0, 0.0, 0.0, 0.0, 0.0, 0.0, 0.0, 0.0, 0.0, 0.0, 0.0, 0.0, 0.0, 0.0], [0.0, 0.0, 0.9758170500479598, 0.0, 0.0, 0.0, 0.0, 0.0, 0.0, 0.0, 0.0, 0.0, 0.0, 0.0, 0.0, 0.0, 0.0, 0.0, 0.0, 0.0], [0.0, 0.0, 0.9758178599441004, 0.0, 0.0, 0.0, 0.0, 0.0, 0.0, 0.0, 0.0, 0.0, 0.0, 0.0, 0.0, 0.0, 0.0, 0.0, 0.0, 0.0], [0.0, 0.0, 0.0, 0.9527254581522212, 0.0, 0.0, 0.0, 0.0, 0.0, 0.0, 0.0, 0.0, 0.0, 0.0, 0.0, 0.0, 0.0, 0.0, 0.0, 0.0], [0.0, 0.0, 0.0, 0.9527225572026581, 0.0, 0.0, 0.0, 0.0, 0.0, 0.0, 0.0, 0.0, 0.0, 0.0, 0.0, 0.0, 0.0, 0.0, 0.0, 0.0], [0.0, 0.0, 0.0, 0.0, 0.0, 0.0, 0.0, 0.9818448682750321, 0.0, 0.0, 0.0, 0.0, 0.0, 0.0, 0.0, 0.0, 0.0, 0.0, 0.0, 0.0], [0.0, 0.0, 0.0, 0.0, 0.0, 0.0, 0.0, 0.9781718698002028, 0.0, 0.0, 0.0, 0.0, 0.0, 0.0, 0.0, 0.0, 0.0, 0.0, 0.0, 0.0], [0.0, 0.0, 0.0, 0.0, 0.0, 0.0, 0.0, 0.9781690354881869, 0.0, 0.0, 0.0, 0.0, 0.0, 0.0, 0.0, 0.0, 0.0, 0.0, 0.0, 0.0]], "Born radii": [], "Atomic SASAs": [], "Solvent H bonds": [], "Total SASA": NaN, "Total FOD": 0.0, "FOD": [0.0, 0.0, 0.0, 0.0, 0.0, 0.0, 0.0, 0.0, 0.0, 0.0, 0.0, 0.0, 0.0, 0.0, 0.0, 0.0, 0.0, 0.0, 0.0, 0.0], "FOD s proportion": [0.0, 0.0, 0.0, 0.0, 0.0, 0.0, 0.0, 0.0, 0.0, 0.0, 0.0, 0.0, 0.0, 0.0, 0.0, 0.0, 0.0, 0.0, 0.0, 0.0], "FOD p proportion": [0.0, 0.0, 0.0, 0.0, 0.0, 0.0, 0.0, 0.0, 0.0, 0.0, 0.0, 0.0, 0.0, 0.0, 0.0, 0.0, 0.0, 0.0, 0.0, 0.0], "FOD d proportion": [0.0, 0.0, 0.0, 0.0, 0.0, 0.0, 0.0, 0.0, 0.0, 0.0, 0.0, 0.0, 0.0, 0.0, 0.0, 0.0, 0.0, 0.0, 0.0, 0.0], "coordinates": [["-3.41270", "0.35560", "0.02260"], ["-2.18210", "-0.43060", "0.44550"], ["-0.89430", "0.27440", "0.02200"], ["0.33990", "-0.51830", "0.44850"], ["1.62170", "0.16710", "0.03610"], ["1.69960", "1.22790", "-0.56660"], ["2.68580", "-0.58350", "0.44190"], ["3.95420", "-0.02310", "0.10070"], ["-3.44700", "0.47560", "-1.06500"], ["-3.41840", "1.35070", "0.47880"], ["-4.32220", "-0.16670", "0.33550"], ["-2.22340", "-1.43080", "-0.00130"], ["-2.19490", "-0.56050", "1.53390"], ["-0.88790", "0.41010", "-1.06690"], ["-0.85950", "1.27800", "0.46420"], ["0.34850", "-0.63140", "1.53830"], ["0.31970", "-1.51140", "-0.01410"], ["4.73250", "-0.69740", "0.46850"], ["4.05570", "0.06290", "-0.98570"], ["4.08480", "0.95140", "0.58170"]], "bond_dist": [[0.0, 1.520306288219581, 2.5197087847606516, 3.8764802050313634, 5.037945797644115, 5.219547415245885, 6.1846118350305535, 7.377040660725682, 1.0947375256197258, 1.0947031287065914, 1.0944834169598, 2.1462130975278297, 2.1462301227967147, 2.7503809808824666, 2.750393164622105, 4.173504633997667, 4.173469258302977, 8.225078653119372, 7.541839347268012, 7.541888138921181], [1.520306288219581, 0.0, 1.5280072283860442, 2.523526161940867, 3.8721761439789897, 4.340802178169376, 4.870302021435632, 6.159474083069106, 2.16858956467101, 2.1685424298362252, 2.1591135264269914, 1.09623718692626, 1.0961990740736829, 2.160806305525787, 2.160771716308782, 2.763778001215004, 2.7637590415953417, 6.919783551528184, 6.418880317469706, 6.41891813703836], [2.5197087847606516, 1.5280072283860442, 0.0, 1.5275880269234894, 2.518326448258843, 2.8255847925694955, 3.7053237955676694, 4.858256085263518, 2.7817849898940787, 2.7817564127723338, 3.4703529892505167, 2.1621185767667788, 2.162049948544205, 1.09734163322094, 1.097253316240147, 2.1596738573219803, 2.159671468071012, 5.727533127795945, 5.055956046090591, 5.055989507504936], [3.8764802050313634, 2.523526161940867, 1.5275880269234894, 0.0, 1.5109130219837277, 2.434836039654416, 2.3468151631519683, 3.664608078635422, 4.1975148683476995, 4.197487103017709, 4.676704819635295, 2.7578040503269987, 2.7577318651384513, 2.160059388072467, 2.1599769767291503, 1.0956868211309287, 1.095743770230979, 4.396295209605469, 4.025157477664694, 4.025175317920948], [5.037945797644115, 3.8721761439789897, 2.518326448258843, 1.5109130219837277, 0.0, 1.222543389823036, 1.363958507433419, 2.3411333686913274, 5.196086330114233, 5.196104334980197, 5.960789378094145, 4.1640697856784294, 4.164041565594657, 2.752044723473803, 2.7520395818374412, 2.124910664004489, 2.124873240925209, 3.257515410554492, 2.6418343778518745, 2.641906027851862], [5.219547415245885, 4.340802178169376, 2.8255847925694955, 2.434836039654416, 1.222543389823036, 0.0, 2.2958294035054085, 2.6633646858813758, 5.225117167107356, 5.225118658939718, 6.246660612679385, 4.77264903172232, 4.772588926358523, 2.7593936254184537, 2.759357073667705, 3.116580130527691, 3.1165918484780772, 3.7385417625058035, 2.661592947841574, 2.661620592796802], [6.1846118350305535, 4.870302021435632, 3.7053237955676694, 2.3468151631519683, 1.363958507433419, 2.2958294035054085, 0.0, 1.4280420722093592, 6.403411298675104, 6.40341696986851, 7.02118987067007, 5.001458604247365, 5.001422346692989, 4.004378864443273, 4.004351586711636, 2.5821228979272073, 2.582123858377053, 2.050039428889113, 2.081466005007048, 2.081504996390833], [7.377040660725682, 6.159474083069106, 4.858256085263518, 3.664608078635422, 2.3411333686913274, 2.6633646858813758, 1.4280420722093592, 0.0, 7.50901588891647, 7.509029019120915, 8.280975121324781, 6.336778759748521, 6.3367414188997815, 4.999688431292495, 4.999670104116871, 3.9290959698129035, 3.929097374715979, 1.0934844397612613, 1.094515057000131, 1.094562748315509], [1.0947375256197258, 2.16858956467101, 2.7817849898940787, 4.1975148683476995, 5.196086330114233, 5.225117167107356, 6.403411298675104, 7.50901588891647, 0.0, 1.7748060203864533, 1.7719832335549903, 2.502601768160488, 3.0652143204024087, 2.5599388020028915, 3.110860757089587, 4.733755395032574, 4.386409545402709, 8.404271027281307, 7.514460530869798, 7.724378147786396], [1.0947031287065914, 2.1685424298362252, 2.7817564127723338, 4.197487103017709, 5.196104334980197, 5.225118658939718, 6.40341696986851, 7.509029019120915, 1.7748060203864533, 0.0, 1.7719740658373078, 3.065169368893015, 2.502573415506526, 3.1108434708290935, 2.55997415221326, 4.386433205920272, 4.7337045144368695, 8.404284056955714, 7.724335563658534, 7.514521883659666], [1.0944834169598, 2.1591135264269914, 3.4703529892505167, 4.676704819635295, 5.960789378094145, 6.246660612679385, 7.02118987067007, 8.280975121324781, 1.7719832335549903, 1.7719740658373078, 0.0, 2.4731244388424938, 2.473185454024829, 3.7541764063506653, 3.754199391348307, 4.8454218000087454, 4.845376544707336, 9.071214008058679, 8.484544419708108, 8.4845984613298], [2.1462130975278297, 1.09623718692626, 2.1621185767667788, 2.7578040503269987, 4.1640697856784294, 4.77264903172232, 5.001458604247365, 6.336778759748521, 2.502601768160488, 3.065169368893015, 2.4731244388424938, 0.0, 1.7649570476360041, 2.511568517878817, 3.0683074976279676, 3.102269835136847, 2.5444091278723238, 7.010216288389396, 6.528957026968396, 6.768172063415646], [2.1462301227967147, 1.0961990740736829, 2.162049948544205, 2.7577318651384513, 4.164041565594657, 4.772588926358523, 5.001422346692989, 6.3367414188997815, 3.0652143204024087, 2.502573415506526, 2.473185454024829, 1.7649570476360041, 0.0, 3.0683014845350516, 2.5115002488552536, 2.5443918192762687, 3.102213398526929, 7.010184700134513, 6.768087771298479, 6.528947736044453], [2.7503809808824666, 2.160806305525787, 1.09734163322094, 2.160059388072467, 2.752044723473803, 2.7593936254184537, 4.004378864443273, 4.999688431292495, 2.5599388020028915, 3.1108434708290935, 3.7541764063506653, 2.511568517878817, 3.0683014845350516, 0.0, 1.7602057209315052, 3.0660192840228517, 2.5017689441673063, 5.930674967488945, 4.956442498405485, 5.266747852327849], [2.750393164622105, 2.160771716308782, 1.097253316240147, 2.1599769767291503, 2.7520395818374412, 2.759357073667705, 4.004351586711636, 4.999670104116871, 3.110860757089587, 2.55997415221326, 3.754199391348307, 3.0683074976279676, 2.5115002488552536, 1.7602057209315052, 0.0, 2.5017520200851244, 3.065947796359227, 5.930656595184044, 5.266675332693292, 4.95646812760861], [4.173504633997667, 2.763778001215004, 2.1596738573219803, 1.0956868211309287, 2.124910664004489, 3.116580130527691, 2.5821228979272073, 3.9290959698129035, 4.733755395032574, 4.386433205920272, 4.8454218000087454, 3.102269835136847, 2.5443918192762687, 3.0660192840228517, 2.5017520200851244, 0.0, 1.7847059141494432, 4.513123534759491, 4.538277242522761, 4.168965949729022], [4.173469258302977, 2.7637590415953417, 2.159671468071012, 1.095743770230979, 2.124873240925209, 3.1165918484780772, 2.582123858377053, 3.929097374715979, 4.386409545402709, 4.7337045144368695, 4.845376544707336, 2.5444091278723238, 3.102213398526929, 2.5017689441673063, 3.065947796359227, 1.7847059141494432, 0.0, 4.51312559098459, 4.16894747508289, 4.538319015891237], [8.225078653119372, 6.919783551528184, 5.727533127795945, 4.396295209605469, 3.257515410554492, 3.7385417625058035, 2.050039428889113, 1.0934844397612613, 8.404271027281307, 8.404284056955714, 9.071214008058679, 7.010216288389396, 7.010184700134513, 5.930674967488945, 5.930656595184044, 4.513123534759491, 4.51312559098459, 0.0, 1.7750526668242834, 1.775069285971677], [7.541839347268012, 6.418880317469706, 5.055956046090591, 4.025157477664694, 2.6418343778518745, 2.661592947841574, 2.081466005007048, 1.094515057000131, 7.514460530869798, 7.724335563658534, 8.484544419708108, 6.528957026968396, 6.768087771298479, 4.956442498405485, 5.266675332693292, 4.538277242522761, 4.16894747508289, 1.7750526668242834, 0.0, 1.8019494499014117], [7.541888138921181, 6.41891813703836, 5.055989507504936, 4.025175317920948, 2.641906027851862, 2.661620592796802, 2.081504996390833, 1.094562748315509, 7.724378147786396, 7.514521883659666, 8.4845984613298, 6.768172063415646, 6.528947736044453, 5.266747852327849, 4.95646812760861, 4.168965949729022, 4.538319015891237, 1.775069285971677, 1.8019494499014117, 0.0]]}