{"total energy": -35.56947129, "HOMO-LUMO gap/eV": 3.53104627, "electronic energy": -35.93067287, "dipole": [0.92933443, 1.2193761, 0.02754557], "partial charges": [-0.30297775, 0.34100938, -0.45772128, -0.203682, 0.09708124, -0.21556354, 0.33371869, -0.42820949, -0.16438258, 0.26681355, -0.368231, 0.17815785, 0.20395188, 0.18209035, 0.10602892, 0.20409846, 0.22781732], "atomic dipole moments": [[-0.09742717, -0.04343388, -0.09240705], [-0.01598363, 0.06957994, 0.00716912], [0.03583257, 0.21646174, 0.0081698], [-0.0790617, -0.05510193, -0.0786847], [0.05131006, 0.13801479, 0.01217975], [-0.01221774, -0.0822853, -0.06145423], [0.05240444, -0.05805127, -0.0864375], [0.15413085, -0.11579425, -0.09996055], [0.02591667, 0.00620948, 0.03256301], [-0.04907556, 0.03523385, 0.05075201], [-0.05211165, 0.05279455, 0.1690967], [-0.00131899, 0.10852473, -0.07216534], [0.07618448, -0.09575282, -0.04714874], [0.02920335, 0.12797503, -0.03564759], [-0.02635374, -0.1268911, 0.05157414], [0.01329059, 0.00667136, 0.15036654], [-0.10622236, 0.04409045, -0.09899782]], "atomic quadrupole moments": [[0.07273491, 0.073395, -0.03081548, -0.01960227, 0.00112498, -0.04191943], [-0.10418822, -0.02706853, -0.27633703, 0.14071298, -0.05908519, 0.38052524], [-0.08762453, 0.01857832, -0.02914987, 0.06379697, -0.01198917, 0.1167744], [0.15356953, -0.00837472, -0.0678726, -0.02913101, 0.03240094, -0.08569693], [0.19351939, -0.12838931, -0.21792324, -0.08151262, 0.17832489, 0.02440385], [0.05549017, -0.09428273, 0.01343745, -0.05157259, 0.06725658, -0.06892762], [-0.102792, 0.24404814, 0.23642879, -0.10338253, -0.10262138, -0.13363678], [-0.00979765, 0.07478709, 0.098927, -0.05986933, -0.03842011, -0.08912934], [-0.03962743, 0.00972973, 0.00656664, -0.09632407, 0.06490904, 0.03306078], [-0.04238931, 0.30756828, 0.28737036, -0.07934933, -0.05756946, -0.24498105], [-0.03357045, 0.14358404, 0.1369136, -0.04069909, -0.02598571, -0.10334315], [-0.01545465, 0.00100968, 0.06527491, -0.01767334, -0.04120882, -0.04982026], [0.03820202, -0.04048235, 0.01078329, -0.03514236, 0.00585418, -0.04898531], [0.00763121, -0.00446706, 0.047849, -0.00888839, -0.00709667, -0.05548021], [0.00236311, -0.02039377, 0.02389244, -0.0151997, 0.00180564, -0.02625555], [-0.00681955, -0.02154803, -0.0174125, 0.0191938, 0.00363535, 0.02423205], [0.00403019, -0.0184316, -0.01898615, 0.0157229, 0.00306221, 0.01495596]], "number of molecular orbitals": 50, "number of electrons": 60, "number of unpaired electrons": 0, "orbital energies/eV": [-20.48988594, -20.26749939, -19.85015695, -19.53707104, -19.30652297, -18.7562568, -18.56497574, -17.97814072, -17.78794113, -17.6675321, -17.17000873, -16.53286614, -16.35192251, -16.11561224, -15.90293862, -15.61625474, -15.35156751, -15.11160544, -14.99473287, -14.92303102, -14.6613463, -14.36853084, -13.88696205, -12.73068207, -12.69763249, -12.09649028, -11.96426223, -11.81258165, -11.48427385, -11.19993897, -7.6688927, -5.63015195, -5.53809646, -1.15328848, -0.61304446, 0.04806054, 1.37330494, 1.5600104, 3.2931626, 3.59311411, 4.03496454, 4.78696106, 5.85323749, 6.68581745, 7.26883164, 9.06234706, 10.4769298, 15.61981287, 16.92255977, 17.55366406], "fractional occupation": [2.0, 2.0, 2.0, 2.0, 2.0, 2.0, 2.0, 2.0, 2.0, 2.0, 2.0, 2.0, 2.0, 2.0, 2.0, 2.0, 2.0, 2.0, 2.0, 2.0, 2.0, 2.0, 2.0, 2.0, 2.0, 2.0, 2.0, 2.0, 2.0, 2.0, 0.0, 0.0, 0.0, 0.0, 0.0, 0.0, 0.0, 0.0, 0.0, 0.0, 0.0, 0.0, 0.0, 0.0, 0.0, 0.0, 0.0, 0.0, 0.0, 0.0], "program call": "xtb /home/svss/Project-DBcg-Debug/aqme2_20220329/End-to-End-workflows-final/example-3/QDESCP/mol_449_rdkit_conf_2/mol_449_rdkit_conf_2.xyz --pop --wbo --acc 0.2 --gfn 2 --chrg 0 --uhf 0 --etemp 300 --input /home/svss/Project-DBcg-Debug/aqme2_20220329/End-to-End-workflows-final/example-3/QDESCP/mol_449_rdkit_conf_2/mol_449_rdkit_conf_2_xtb.inp", "method": "GFN2-xTB", "xtb version": "6.3.3 (7355c4f)", "Dipole module/D": 3.897, "Total charge": 0, "Transition dipole module/D": NaN, "HOMO": -11.1999, "LUMO": -7.6689, "HOMO occupancy": 2.0, "LUMO occupancy": 0, "mulliken charges": [-0.44874, 0.57938, -0.57315, -0.36999, 0.22029, -0.39238, 0.5692, -0.55152, -0.32528, 0.46388, -0.50385, 0.22275, 0.24251, 0.2321, 0.08909, 0.26337, 0.28235], "cm5 charges": [-0.89696, 0.74325, -0.6127, -0.7156, 0.2946, -0.73408, 0.73856, -0.58659, -0.66981, 0.57416, -0.54154, 0.41721, 0.43548, 0.43778, 0.17344, 0.46061, 0.48221], "FUKUI+": [-0.028, -0.019, -0.064, -0.022, 0.005, -0.044, -0.049, -0.147, -0.051, -0.093, -0.19, -0.031, -0.039, -0.031, -0.076, -0.06, -0.061], "FUKUI-": [-0.075, -0.005, -0.153, -0.07, 0.002, -0.054, -0.006, -0.135, -0.046, -0.015, -0.123, -0.054, -0.055, -0.051, -0.062, -0.05, -0.048], "FUKUIrad": [-0.051, -0.012, -0.109, -0.046, 0.004, -0.049, -0.028, -0.141, -0.048, -0.054, -0.157, -0.042, -0.047, -0.041, -0.069, -0.055, -0.055], "s proportion": [1.426, 0.933, 1.72, 1.417, 1.008, 1.422, 0.936, 1.717, 1.419, 1.011, 1.726, 0.777, 0.757, 0.768, 0.911, 0.737, 0.718], "p proportion": [4.023, 2.488, 4.854, 3.953, 2.772, 3.97, 2.495, 4.835, 3.906, 2.525, 4.778, 0.0, 0.0, 0.0, 0.0, 0.0, 0.0], "d proportion": [0.0, 0.0, 0.0, 0.0, 0.0, 0.0, 0.0, 0.0, 0.0, 0.0, 0.0, 0.0, 0.0, 0.0, 0.0, 0.0, 0.0], "Fermi-level/eV": -9.4344, "Coordination numbers": [2.651, 2.691, 0.859, 2.705, 3.785, 2.751, 2.826, 0.858, 2.729, 2.88, 0.857, 0.86, 0.86, 0.86, 0.924, 0.86, 0.86], "Dispersion coefficient C6": [27.803, 21.206, 22.868, 25.427, 18.996, 25.694, 21.338, 22.252, 24.553, 22.511, 21.057, 1.225, 1.086, 1.202, 1.731, 1.085, 0.975], "Total dispersion C6": 3504.248884, "Total dispersion C8": 78188.915065, "Polarizability alpha": [7.831, 7.536, 6.411, 7.489, 6.208, 7.528, 7.569, 6.325, 7.359, 7.778, 6.152, 1.733, 1.633, 1.717, 2.058, 1.632, 1.546], "Total polarizability alpha": 88.507355, "Wiberg matrix": [[0.0, 1.168681681370797, 0.14488545817055956, 0.0, 0.0, 0.0, 0.0, 0.0, 0.0, 0.0, 0.0, 0.9436832838594784, 0.9401258331985732, 0.0, 0.0, 0.0, 0.0], [1.168681681370797, 0.0, 1.629641749831915, 1.1365692878270797, 0.0, 0.0, 0.0, 0.0, 0.0, 0.0, 0.0, 0.0, 0.0, 0.0, 0.0, 0.0, 0.0], [0.14488545817055956, 1.629641749831915, 0.0, 0.14022164650090296, 0.0, 0.0, 0.0, 0.0, 0.0, 0.0, 0.0, 0.0, 0.0, 0.0, 0.0, 0.0, 0.0], [0.0, 1.1365692878270797, 0.14022164650090296, 0.0, 1.0034276830831081, 0.0, 0.0, 0.0, 0.0, 0.0, 0.0, 0.0, 0.0, 0.9341244857553289, 0.0, 0.0, 0.0], [0.0, 0.0, 0.0, 1.0034276830831081, 0.0, 0.9974735848597164, 0.0, 0.0, 0.0, 0.9156047565390079, 0.0, 0.0, 0.0, 0.0, 0.9256268220996967, 0.0, 0.0], [0.0, 0.0, 0.0, 0.0, 0.9974735848597164, 0.0, 1.1678594377732738, 0.16922934804918804, 0.0, 0.0, 0.0, 0.0, 0.0, 0.0, 0.0, 0.9299264688960878, 0.0], [0.0, 0.0, 0.0, 0.0, 0.0, 1.1678594377732738, 0.0, 1.651427450020666, 1.097341088597799, 0.0, 0.0, 0.0, 0.0, 0.0, 0.0, 0.0, 0.0], [0.0, 0.0, 0.0, 0.0, 0.0, 0.16922934804918804, 1.651427450020666, 0.0, 0.10526305968086373, 0.0, 0.0, 0.0, 0.0, 0.0, 0.0, 0.0, 0.0], [0.0, 0.0, 0.0, 0.0, 0.0, 0.0, 1.097341088597799, 0.10526305968086373, 0.0, 1.1795591773955565, 0.1610466143367732, 0.0, 0.0, 0.0, 0.0, 0.0, 0.9143889801465177], [0.0, 0.0, 0.0, 0.0, 0.9156047565390079, 0.0, 0.0, 0.0, 1.1795591773955565, 0.0, 1.762136915129859, 0.0, 0.0, 0.0, 0.0, 0.0, 0.0], [0.0, 0.0, 0.0, 0.0, 0.0, 0.0, 0.0, 0.0, 0.1610466143367732, 1.762136915129859, 0.0, 0.0, 0.0, 0.0, 0.0, 0.0, 0.0], [0.9436832838594784, 0.0, 0.0, 0.0, 0.0, 0.0, 0.0, 0.0, 0.0, 0.0, 0.0, 0.0, 0.0, 0.0, 0.0, 0.0, 0.0], [0.9401258331985732, 0.0, 0.0, 0.0, 0.0, 0.0, 0.0, 0.0, 0.0, 0.0, 0.0, 0.0, 0.0, 0.0, 0.0, 0.0, 0.0], [0.0, 0.0, 0.0, 0.9341244857553289, 0.0, 0.0, 0.0, 0.0, 0.0, 0.0, 0.0, 0.0, 0.0, 0.0, 0.0, 0.0, 0.0], [0.0, 0.0, 0.0, 0.0, 0.9256268220996967, 0.0, 0.0, 0.0, 0.0, 0.0, 0.0, 0.0, 0.0, 0.0, 0.0, 0.0, 0.0], [0.0, 0.0, 0.0, 0.0, 0.0, 0.9299264688960878, 0.0, 0.0, 0.0, 0.0, 0.0, 0.0, 0.0, 0.0, 0.0, 0.0, 0.0], [0.0, 0.0, 0.0, 0.0, 0.0, 0.0, 0.0, 0.0, 0.9143889801465177, 0.0, 0.0, 0.0, 0.0, 0.0, 0.0, 0.0, 0.0]], "Born radii": [], "Atomic SASAs": [], "Solvent H bonds": [], "Total SASA": NaN, "Total FOD": 0.0, "FOD": [0.0, 0.0, 0.0, 0.0, 0.0, 0.0, 0.0, 0.0, 0.0, 0.0, 0.0, 0.0, 0.0, 0.0, 0.0, 0.0, 0.0], "FOD s proportion": [0.0, 0.0, 0.0, 0.0, 0.0, 0.0, 0.0, 0.0, 0.0, 0.0, 0.0, 0.0, 0.0, 0.0, 0.0, 0.0, 0.0], "FOD p proportion": [0.0, 0.0, 0.0, 0.0, 0.0, 0.0, 0.0, 0.0, 0.0, 0.0, 0.0, 0.0, 0.0, 0.0, 0.0, 0.0, 0.0], "FOD d proportion": [0.0, 0.0, 0.0, 0.0, 0.0, 0.0, 0.0, 0.0, 0.0, 0.0, 0.0, 0.0, 0.0, 0.0, 0.0, 0.0, 0.0], "coordinates": [["3.12570", "-0.31750", "-0.17680"], ["1.91120", "-0.87030", "0.05940"], ["1.73730", "-2.07830", "0.01800"], ["0.96560", "0.04350", "0.40000"], ["-0.39980", "-0.36570", "0.48720"], ["-1.13370", "0.48740", "1.36690"], ["-2.28530", "0.95620", "0.78560"], ["-3.14090", "1.60630", "1.35770"], ["-2.30280", "0.58650", "-0.51510"], ["-1.18920", "-0.13560", "-0.82290"], ["-0.88350", "-0.49810", "-1.94870"], ["3.16190", "0.57140", "-0.65210"], ["3.80580", "-0.99150", "-0.50900"], ["1.14890", "1.00940", "0.18710"], ["-0.51560", "-1.40480", "0.81100"], ["-1.00060", "0.52830", "2.36710"], ["-3.00490", "0.87290", "-1.17530"]], "bond_dist": [[0.0, 1.3551341372720267, 2.2507816953227606, 2.2647408792177526, 3.587808452244908, 4.601452168609384, 5.641581910244678, 6.732456628155877, 5.513644451721564, 4.366794571536426, 4.387018419154403, 1.008644506255797, 1.0134933892236297, 2.408490203426205, 3.926453338574139, 4.920686592336481, 6.324421773569502], [1.3551341372720267, 0.0, 1.2211548509505257, 1.3583807124661333, 2.4038209167906, 3.581106190829867, 4.634013480774522, 5.77432635551542, 4.495565869832184, 3.306163568246435, 3.4614081729839374, 2.0369049143246722, 1.981735895622825, 2.03240760429595, 2.596141569714564, 3.9699043426762817, 5.3601557384091], [2.2507816953227606, 1.2211548509505257, 0.0, 2.289864653205512, 2.778550667164448, 4.079827042902677, 5.096931505327494, 6.258426998056301, 4.869061784368729, 3.611869093696503, 3.637792403367735, 3.0821144138399537, 2.3953194964346616, 3.147808866497456, 2.4815337313846855, 4.450700032579145, 5.711567838168431], [2.2647408792177526, 1.3583807124661333, 2.289864653205512, 0.0, 1.4280635980235614, 2.3535087231620793, 3.3985378414841874, 4.4969851434044115, 3.4372511648117885, 2.4840942534453077, 3.037909323860737, 2.491852024097739, 3.156618766972027, 1.0059264933383554, 2.11197711398585, 2.82319958380558, 4.351361246782437], [3.587808452244908, 2.4038209167906, 2.778550667164448, 1.4280635980235614, 0.0, 1.4283770195575116, 2.3219759731745717, 3.487145460114906, 2.352169026664538, 1.5467580224456572, 2.4869869842843975, 3.855109309734291, 4.3670483670323605, 2.092709179508706, 1.094524960884858, 2.1666150211793513, 3.3293516215623726], [4.601452168609384, 3.581106190829867, 4.079827042902677, 2.3535087231620793, 1.4283770195575116, 0.0, 1.3725398682734138, 2.2980151631353527, 2.2177780817746395, 2.277374209478978, 3.467998507785146, 4.7471671931795285, 5.486784693242482, 2.6219601064852225, 2.0667591199750395, 1.0098457605000877, 3.1800598311981494], [5.641581910244678, 4.634013480774522, 5.096931505327494, 3.3985378414841874, 2.3219759731745717, 1.3725398682734138, 0.0, 1.21736591869495, 1.3523331061539536, 2.2317559678423624, 3.399474697655507, 5.6468610900216065, 6.5246473973694545, 3.4863680428204935, 2.950729443713876, 2.0819929754924726, 2.090428630687975], [6.732456628155877, 5.77432635551542, 6.258426998056301, 4.4969851434044115, 3.487145460114906, 2.2980151631353527, 1.21736591869495, 0.0, 2.2912406006353847, 3.4056372179079792, 4.522901179552788, 6.695939208953438, 7.647860787174411, 4.486532960984461, 4.032096748591234, 2.6003569851080064, 2.6405417171482064], [5.513644451721564, 4.495565869832184, 4.869061784368729, 3.4372511648117885, 2.352169026664538, 2.2177780817746395, 1.3523331061539536, 2.2912406006353847, 0.0, 1.3624515440924863, 2.290410140127746, 5.466437880375117, 6.309129509686737, 3.5476981466861015, 2.986285441815635, 3.163256062983204, 1.0054021135844107], [4.366794571536426, 3.306163568246435, 3.611869093696503, 2.4840942534453077, 1.5467580224456572, 2.277374209478978, 2.2317559678423624, 3.4056372179079792, 1.3624515440924863, 0.0, 1.2215909217082455, 4.411472866288538, 5.077511498756059, 2.7924606729549475, 2.175829683132391, 3.2638065460440515, 2.1066619330115595], [4.387018419154403, 3.4614081729839374, 3.637792403367735, 3.037909323860737, 2.4869869842843975, 3.467998507785146, 3.399474697655507, 4.522901179552788, 2.290410140127746, 1.2215909217082455, 0.0, 4.380669237685036, 4.930082569288268, 3.311321133626275, 2.928036780848219, 4.437717770431103, 2.6416143776107823], [1.008644506255797, 2.0369049143246722, 3.0821144138399537, 2.491852024097739, 3.855109309734291, 4.7471671931795285, 5.6468610900216065, 6.695939208953438, 5.466437880375117, 4.411472866288538, 4.380669237685036, 0.0, 1.6963906478167108, 2.224470642647369, 4.423803148875411, 5.1423567068028255, 6.196294273999581], [1.0134933892236297, 1.981735895622825, 2.3953194964346616, 3.156618766972027, 4.3670483670323605, 5.486784693242482, 6.5246473973694545, 7.647860787174411, 6.309129509686737, 5.077511498756059, 4.930082569288268, 1.6963906478167108, 0.0, 3.398127959627183, 4.5373687143541686, 5.80372502880693, 7.09264249345757], [2.408490203426205, 2.03240760429595, 3.147808866497456, 1.0059264933383554, 2.092709179508706, 2.6219601064852225, 3.4863680428204935, 4.486532960984461, 3.5476981466861015, 2.7924606729549475, 3.311321133626275, 2.224470642647369, 3.398127959627183, 0.0, 2.998028202002109, 3.0990655785252432, 4.3736507005018135], [3.926453338574139, 2.596141569714564, 2.4815337313846855, 2.11197711398585, 1.094524960884858, 2.0667591199750395, 2.950729443713876, 4.032096748591234, 2.986285441815635, 2.175829683132391, 2.928036780848219, 4.423803148875411, 4.5373687143541686, 2.998028202002109, 0.0, 2.5285465825252262, 3.9153441062057373], [4.920686592336481, 3.9699043426762817, 4.450700032579145, 2.82319958380558, 2.1666150211793513, 1.0098457605000877, 2.0819929754924726, 2.6003569851080064, 3.163256062983204, 3.2638065460440515, 4.437717770431103, 5.1423567068028255, 5.80372502880693, 3.0990655785252432, 2.5285465825252262, 0.0, 4.084674455816523], [6.324421773569502, 5.3601557384091, 5.711567838168431, 4.351361246782437, 3.3293516215623726, 3.1800598311981494, 2.090428630687975, 2.6405417171482064, 1.0054021135844107, 2.1066619330115595, 2.6416143776107823, 6.196294273999581, 7.09264249345757, 4.3736507005018135, 3.9153441062057373, 4.084674455816523, 0.0]]}