{"total energy": -62.12298604, "HOMO-LUMO gap/eV": 2.88327585, "electronic energy": -62.93343435, "dipole": [0.55492273, -0.04689577, 1.09057236], "partial charges": [-0.09815907, -0.00076056, -0.0496134, -0.05880259, -0.02526587, -0.02151244, -0.05617426, -0.06195117, 0.02689313, -0.07688282, 0.22883953, -0.38593025, -0.08059509, -0.06138655, 0.01458707, -0.09940321, -0.02994694, -0.06331803, -0.08619877, 0.2318428, -0.36653313, 0.03517469, 0.0515056, 0.03973286, 0.04640733, 0.031883, 0.03491945, 0.03934607, 0.03272804, 0.03481183, 0.03576954, 0.03287121, 0.04269449, 0.05028079, 0.05764774, 0.06122721, 0.06093498, 0.03541032, 0.03912159, 0.0418523, 0.03716993, 0.03797033, 0.03375478, 0.03543077, 0.03699062, 0.06586567, 0.06877051], "atomic dipole moments": [[-0.03565356, -0.06107654, -0.09349087], [-0.00510001, 0.0126139, -0.00931673], [-0.02826572, -0.06246705, 0.09864103], [0.0525983, -0.10318529, -0.03607353], [-0.01417827, 0.04724796, 0.08853485], [0.01263177, -0.04822679, -0.09288323], [-0.05953647, 0.0944085, 0.03048369], [0.04945269, 0.04002111, -0.07576083], [0.11759442, 0.04469703, 0.05154573], [-0.0730881, 0.00825881, -0.0476092], [-0.02738526, 0.02677112, -0.03767499], [0.14882757, 0.06004486, 0.07316818], [0.06961527, -0.05433406, 0.01686858], [-0.0634459, -0.05440475, 0.08306156], [-0.00095682, 0.01182625, -0.00432211], [0.01173415, -0.06304663, -0.09071523], [-0.019073, 0.04163317, -0.0730931], [0.08752421, 0.08200415, 0.05661145], [-0.05555828, 0.04012944, 0.03694786], [-0.00421967, -0.00210847, -0.00048793], [-0.13086895, -0.09279427, 0.02900229], [0.08128077, -0.06984967, 0.07077048], [0.06600834, 0.10967049, -0.02018359], [-0.0948291, 0.03015707, 0.07727563], [0.05176275, 0.11579434, -0.01209579], [-0.00120767, -0.03396213, -0.11993677], [-0.05328962, 0.0766449, -0.08201139], [-0.00020528, 0.06573222, 0.10675838], [0.00723016, -0.05162783, -0.11280375], [0.00034154, 0.0466793, 0.1115997], [0.00211623, -0.06401735, -0.1097291], [0.0587205, -0.07332482, 0.07987765], [-0.04657019, -0.11744125, 0.0076505], [-0.002705, 0.03786657, 0.12104712], [-0.0622813, -0.14192038, 0.02620777], [-0.05332295, 0.07241482, 0.09888642], [-0.04639942, 0.04497543, -0.11379078], [0.03741594, -0.04664628, -0.11025092], [0.02294889, 0.12171143, -0.01275917], [0.02709338, 0.12472098, -0.01521985], [-0.12113096, 0.00154323, 0.04462072], [0.06601085, -0.03354993, 0.10280502], [0.05498986, -0.05971742, 0.09556035], [-0.01404047, -0.1248457, 0.0199113], [-0.06789228, 0.03001709, -0.10373254], [0.01966329, -0.00892833, -0.13789339], [0.07867968, -0.08364113, 0.07761278]], "atomic quadrupole moments": [[-0.09772699, 0.03704862, -0.0287395, 0.07867069, 0.12671919, 0.12646648], [-0.00110281, 0.02963954, 0.03059741, -0.01978993, 0.0088905, -0.0294946], [0.1660639, -0.14372331, -0.08393036, 0.00830931, -0.08812554, -0.08213354], [0.15704418, 0.06267481, 0.03040171, -0.10554894, -0.00200018, -0.18744589], [0.07477656, 0.01312332, 0.0426276, 0.02324236, -0.1206731, -0.11740417], [0.09130956, 0.02605121, 0.05089759, 0.00940683, -0.11816661, -0.14220716], [0.16999682, 0.08568737, 0.03481734, -0.11297791, -0.00939144, -0.20481416], [0.20321859, -0.09100948, -0.11529996, 0.00685245, -0.07454464, -0.08791864], [-0.20389735, -0.23538766, -0.05241176, -0.34169786, 0.14856182, 0.25630911], [-0.10210331, -0.23771988, -0.1873561, -0.21086138, 0.13317914, 0.28945941], [-0.06951143, -0.0495256, -0.25586464, -0.3842777, 0.17482374, 0.32537607], [-0.02904125, -0.04033386, -0.12361978, -0.1510816, 0.08118176, 0.15266103], [0.16679184, 0.12761037, 0.06309797, 0.00057625, -0.0284874, -0.22988981], [0.20443859, -0.00591726, -0.16218635, 0.086293, -0.09761103, -0.04225225], [-0.01690248, -0.01530394, -0.01741502, 0.00708091, 0.00050771, 0.0343175], [-0.09188176, -0.02071434, -0.01128784, -0.01975154, 0.13415583, 0.1031696], [0.05530986, 0.09394355, 0.0140007, -0.1500614, 0.11995585, -0.06931056], [0.13347844, 0.07761267, -0.11261273, -0.12834495, 0.13535885, -0.02086571], [0.14325746, 0.14316645, 0.08238422, -0.08417254, 0.08875676, -0.22564168], [-0.13562997, -0.08395814, -0.2172595, 0.340982, -0.27619775, 0.35288948], [-0.06624897, -0.05476672, -0.08882535, 0.14731037, -0.11539201, 0.15507432], [-0.00799584, -0.05196783, 0.01922014, 0.0356852, -0.02797668, -0.01122431], [-0.02350788, 0.04961122, 0.04198933, -0.01403749, -0.02979623, -0.01848145], [0.05689175, -0.01604312, -0.04494207, -0.0481078, 0.01795412, -0.01194968], [-0.00211059, 0.03024975, 0.03779949, 0.00966214, 0.01060729, -0.0356889], [-0.01476389, -0.01609418, -0.01401911, 0.00811422, 0.04719608, 0.028783], [0.00563448, -0.01693572, -0.01604513, 0.03044286, -0.0343362, 0.01041065], [-0.01753446, 0.01263574, -0.03131637, -0.00932383, 0.02850746, 0.04885082], [-0.01392243, -0.00292345, -0.00711702, 0.0054265, 0.01880007, 0.02103945], [-0.01345778, -0.00957453, -0.00735606, -0.00112204, 0.02146821, 0.02081384], [-0.01538419, 0.01242874, -0.02934997, -0.00732726, 0.02724696, 0.04473416], [0.00068213, -0.01763931, -0.01219861, 0.0289333, -0.03586612, 0.01151648], [0.00394168, 0.03083448, 0.03801732, 0.00854177, 0.00715754, -0.041959], [-0.02107424, -0.00366931, -0.01402726, 0.0035823, 0.04554708, 0.03510149], [0.00906041, 0.0087769, 0.0186574, 0.03557507, -0.02442697, -0.02771781], [-0.00885526, -0.00415053, -0.02046096, -0.02303371, 0.04386377, 0.02931622], [-0.00164105, -0.00120692, -0.0271044, 0.0272945, -0.035114, 0.02874545], [-1.791e-05, -0.02540092, -0.01890183, -0.00680283, 0.04200168, 0.01891973], [-0.01176441, 0.02250642, 0.04926367, 0.01096966, 0.01139204, -0.03749926], [-0.03825384, 0.03436627, 0.05536349, -0.016505, -0.03266275, -0.01710964], [0.07713461, 0.01867787, -0.0404505, -0.01770323, 0.0075985, -0.03668411], [0.00075171, -0.04012172, -0.01691227, 0.04972978, -0.03053098, 0.01616056], [-0.0073967, -0.01283941, -0.01069591, 0.01090242, -0.00624544, 0.01809262], [-0.01894543, 0.01251331, 0.04527413, 0.00183375, -0.02281485, -0.0263287], [0.00444851, -0.02128961, -0.02331307, 0.02308507, -0.02693476, 0.01886456], [-0.00051425, 0.00642314, -0.04511906, -0.01868183, 0.01006259, 0.04563331], [0.01997283, -0.01408385, 0.00045772, 0.02303186, -0.04356257, -0.02043054]], "number of molecular orbitals": 110, "number of electrons": 114, "number of unpaired electrons": 0, "orbital energies/eV": [-19.2410883, -18.84383405, -18.15708704, -17.9652398, -17.65779436, -17.54911091, -17.40089766, -17.2370672, -17.06806715, -16.96968696, -16.60201815, -16.48445675, -16.34623757, -16.29031347, -16.17961394, -16.09539225, -15.73878194, -15.60435012, -15.2600403, -15.16239414, -14.94424881, -14.82598222, -14.70770447, -14.63458925, -14.54637789, -14.39837232, -14.29043372, -14.10029441, -14.09036758, -13.97756205, -13.89888418, -13.70681495, -13.56316565, -13.47828466, -13.42535575, -13.31411319, -13.22126164, -13.1293549, -13.07318641, -12.95214462, -12.92027199, -12.78210242, -12.6523649, -12.55000652, -12.49828088, -12.47709414, -12.34977731, -12.25709038, -12.15728707, -12.06469726, -11.87279367, -11.76630048, -11.45883946, -11.39008909, -11.147701, -10.6280164, -10.4193148, -7.53603895, -7.02204516, -4.73711267, -0.24383998, 0.44477883, 0.54166491, 0.73327689, 1.04726247, 1.10899096, 1.59562895, 1.68555347, 1.9125311, 2.18005049, 2.31319541, 2.49567889, 2.71435069, 2.94790818, 2.96503838, 3.14434404, 3.17372439, 3.42630002, 3.67997573, 3.74693924, 3.85167102, 4.05837284, 4.14535013, 4.23089402, 4.64163096, 4.87615046, 4.97035227, 5.22138224, 5.24921662, 5.34349481, 5.43772749, 5.70450279, 6.04107989, 6.13412006, 6.16039658, 6.48707199, 6.62908259, 6.80007128, 6.99728826, 7.08708332, 7.24856558, 7.36905853, 7.66285712, 7.81742696, 8.17434249, 8.35045058, 9.83033008, 13.38615731, 15.55103278, 17.68093352], "fractional occupation": [2.0, 2.0, 2.0, 2.0, 2.0, 2.0, 2.0, 2.0, 2.0, 2.0, 2.0, 2.0, 2.0, 2.0, 2.0, 2.0, 2.0, 2.0, 2.0, 2.0, 2.0, 2.0, 2.0, 2.0, 2.0, 2.0, 2.0, 2.0, 2.0, 2.0, 2.0, 2.0, 2.0, 2.0, 2.0, 2.0, 2.0, 2.0, 2.0, 2.0, 2.0, 2.0, 2.0, 2.0, 2.0, 2.0, 2.0, 2.0, 2.0, 2.0, 2.0, 2.0, 2.0, 2.0, 2.0, 2.0, 2.0, 0.0, 0.0, 0.0, 0.0, 0.0, 0.0, 0.0, 0.0, 0.0, 0.0, 0.0, 0.0, 0.0, 0.0, 0.0, 0.0, 0.0, 0.0, 0.0, 0.0, 0.0, 0.0, 0.0, 0.0, 0.0, 0.0, 0.0, 0.0, 0.0, 0.0, 0.0, 0.0, 0.0, 0.0, 0.0, 0.0, 0.0, 0.0, 0.0, 0.0, 0.0, 0.0, 0.0, 0.0, 0.0, 0.0, 0.0, 0.0, 0.0, 0.0, 0.0, 0.0, 0.0], "program call": "xtb /home/svss/Project-DBcg-Debug/aqme2_20220329/End-to-End-workflows-final/example-3/QDESCP/mol_945_rdkit_conf_1/mol_945_rdkit_conf_1.xyz --pop --wbo --acc 0.2 --gfn 2 --chrg 0 --uhf 0 --etemp 300 --input /home/svss/Project-DBcg-Debug/aqme2_20220329/End-to-End-workflows-final/example-3/QDESCP/mol_945_rdkit_conf_1/mol_945_rdkit_conf_1_xtb.inp", "method": "GFN2-xTB", "xtb version": "6.3.3 (7355c4f)", "Dipole module/D": 3.112, "Total charge": 0, "Transition dipole module/D": NaN, "HOMO": -10.4193, "LUMO": -7.536, "HOMO occupancy": 2.0, "LUMO occupancy": 0, "mulliken charges": [-0.08234, -0.01693, -0.04138, -0.05048, -0.02837, -0.02146, -0.04666, -0.04682, 0.02664, -0.09901, 0.38689, -0.50555, -0.08366, -0.05807, 0.012, -0.09194, -0.03373, -0.05967, -0.08742, 0.38981, -0.49227, 0.03743, 0.04962, 0.02991, 0.04659, 0.03201, 0.0328, 0.02853, 0.02659, 0.02624, 0.03011, 0.0323, 0.03975, 0.04184, 0.06181, 0.05467, 0.05995, 0.03428, 0.03414, 0.03696, 0.03703, 0.03446, 0.03077, 0.03394, 0.03153, 0.06358, 0.06356], "cm5 charges": [-0.22639, -0.03755, -0.14505, -0.15854, -0.09025, -0.08581, -0.15367, -0.15032, 0.01181, -0.1481, 0.41001, -0.5529, -0.18413, -0.16208, -0.0102, -0.23717, -0.09522, -0.1663, -0.18844, 0.41279, -0.54052, 0.09046, 0.10331, 0.08277, 0.10297, 0.08975, 0.08889, 0.08588, 0.08868, 0.08789, 0.08704, 0.08751, 0.09516, 0.09807, 0.12153, 0.11187, 0.11774, 0.09111, 0.09025, 0.08967, 0.0899, 0.08759, 0.09159, 0.08905, 0.08856, 0.12034, 0.12045], "FUKUI+": [0.012, -0.004, 0.003, 0.006, 0.001, 0.004, 0.007, 0.012, -0.075, -0.027, -0.056, -0.132, 0.013, 0.011, -0.001, 0.012, 0.004, 0.009, 0.01, -0.062, -0.113, -0.015, -0.017, -0.019, -0.021, -0.011, -0.017, -0.016, -0.009, -0.015, -0.014, -0.028, -0.029, -0.041, -0.052, -0.045, -0.041, -0.018, -0.032, -0.027, -0.012, -0.019, -0.019, -0.022, -0.012, -0.038, -0.043], "FUKUI-": [0.015, -0.02, 0.005, 0.004, 0.001, -0.001, 0.007, 0.002, -0.022, -0.017, -0.022, -0.129, -0.007, 0.007, -0.005, 0.014, 0.001, 0.009, -0.006, -0.02, -0.115, -0.024, -0.022, -0.03, -0.024, -0.019, -0.026, -0.019, -0.014, -0.018, -0.019, -0.034, -0.028, -0.033, -0.041, -0.042, -0.041, -0.023, -0.04, -0.02, -0.016, -0.017, -0.024, -0.03, -0.017, -0.037, -0.041], "FUKUIrad": [0.014, -0.012, 0.004, 0.005, 0.001, 0.002, 0.007, 0.007, -0.048, -0.022, -0.039, -0.13, 0.003, 0.009, -0.003, 0.013, 0.002, 0.009, 0.002, -0.041, -0.114, -0.019, -0.02, -0.025, -0.023, -0.015, -0.021, -0.018, -0.012, -0.017, -0.016, -0.031, -0.029, -0.037, -0.047, -0.043, -0.041, -0.02, -0.036, -0.023, -0.014, -0.018, -0.021, -0.026, -0.015, -0.037, -0.042], "s proportion": [1.013, 1.093, 1.035, 1.034, 1.073, 1.063, 1.034, 1.031, 1.121, 1.077, 1.06, 1.738, 1.038, 1.041, 1.098, 1.018, 1.072, 1.036, 1.04, 1.084, 1.738, 0.963, 0.95, 0.97, 0.953, 0.968, 0.967, 0.971, 0.973, 0.974, 0.97, 0.968, 0.96, 0.958, 0.938, 0.945, 0.94, 0.966, 0.966, 0.963, 0.963, 0.966, 0.969, 0.966, 0.968, 0.936, 0.936], "p proportion": [3.069, 2.924, 3.007, 3.017, 2.956, 2.959, 3.013, 3.016, 2.853, 3.022, 2.553, 4.768, 3.045, 3.017, 2.89, 3.074, 2.962, 3.023, 3.048, 2.526, 4.755, 0.0, 0.0, 0.0, 0.0, 0.0, 0.0, 0.0, 0.0, 0.0, 0.0, 0.0, 0.0, 0.0, 0.0, 0.0, 0.0, 0.0, 0.0, 0.0, 0.0, 0.0, 0.0, 0.0, 0.0, 0.0, 0.0], "d proportion": [0.0, 0.0, 0.0, 0.0, 0.0, 0.0, 0.0, 0.0, 0.0, 0.0, 0.0, 0.0, 0.0, 0.0, 0.0, 0.0, 0.0, 0.0, 0.0, 0.0, 0.0, 0.0, 0.0, 0.0, 0.0, 0.0, 0.0, 0.0, 0.0, 0.0, 0.0, 0.0, 0.0, 0.0, 0.0, 0.0, 0.0, 0.0, 0.0, 0.0, 0.0, 0.0, 0.0, 0.0, 0.0, 0.0, 0.0], "Fermi-level/eV": -8.9777, "Coordination numbers": [3.753, 3.914, 3.807, 3.801, 3.846, 3.85, 3.805, 3.809, 2.95, 2.895, 2.821, 0.858, 3.803, 3.806, 3.892, 3.752, 3.888, 3.836, 3.817, 2.868, 0.856, 0.924, 0.924, 0.924, 0.924, 0.923, 0.924, 0.924, 0.923, 0.923, 0.924, 0.924, 0.924, 0.924, 0.925, 0.924, 0.924, 0.923, 0.924, 0.924, 0.924, 0.924, 0.923, 0.924, 0.924, 0.924, 0.924], "Dispersion coefficient C6": [22.432, 20.534, 21.458, 21.632, 20.992, 20.923, 21.581, 21.683, 27.402, 29.919, 23.201, 21.402, 22.037, 21.676, 20.278, 22.458, 21.055, 21.687, 22.13, 23.151, 21.024, 2.514, 2.301, 2.453, 2.365, 2.56, 2.518, 2.458, 2.548, 2.519, 2.506, 2.546, 2.413, 2.317, 2.227, 2.185, 2.188, 2.511, 2.461, 2.424, 2.487, 2.476, 2.534, 2.511, 2.489, 2.132, 2.099], "Total dispersion C6": 19373.796673, "Total dispersion C8": 440786.874737, "Polarizability alpha": [6.754, 6.441, 6.594, 6.622, 6.517, 6.506, 6.613, 6.628, 8.586, 8.968, 7.892, 6.202, 6.683, 6.628, 6.402, 6.758, 6.523, 6.625, 6.695, 7.887, 6.147, 2.48, 2.372, 2.449, 2.405, 2.502, 2.481, 2.452, 2.496, 2.482, 2.476, 2.495, 2.429, 2.38, 2.334, 2.312, 2.313, 2.478, 2.453, 2.435, 2.466, 2.461, 2.489, 2.478, 2.467, 2.283, 2.266], "Total polarizability alpha": 207.810142, "Wiberg matrix": [[0.0, 0.992110254241489, 0.0, 0.0, 0.0, 0.0, 0.0, 0.0, 0.0, 0.0, 0.0, 0.0, 0.0, 0.0, 0.0, 0.0, 0.0, 0.0, 0.0, 0.0, 0.0, 0.9854991702923941, 0.9829667240739961, 0.9812902121593192, 0.0, 0.0, 0.0, 0.0, 0.0, 0.0, 0.0, 0.0, 0.0, 0.0, 0.0, 0.0, 0.0, 0.0, 0.0, 0.0, 0.0, 0.0, 0.0, 0.0, 0.0, 0.0, 0.0], [0.992110254241489, 0.0, 0.9636072119122762, 0.0, 0.0, 0.0, 0.0, 0.0, 0.0, 0.0, 0.0, 0.0, 0.0, 0.0, 0.0, 0.0, 0.9686320475444162, 0.0, 0.0, 0.9560549583425596, 0.0, 0.0, 0.0, 0.0, 0.0, 0.0, 0.0, 0.0, 0.0, 0.0, 0.0, 0.0, 0.0, 0.0, 0.0, 0.0, 0.0, 0.0, 0.0, 0.0, 0.0, 0.0, 0.0, 0.0, 0.0, 0.0, 0.0], [0.0, 0.9636072119122762, 0.0, 1.0036883722901495, 0.0, 0.0, 0.0, 0.0, 0.0, 0.0, 0.0, 0.0, 0.0, 0.0, 0.0, 0.0, 0.0, 0.0, 0.0, 0.0, 0.0, 0.0, 0.0, 0.0, 0.9724122666916314, 0.974042378691641, 0.0, 0.0, 0.0, 0.0, 0.0, 0.0, 0.0, 0.0, 0.0, 0.0, 0.0, 0.0, 0.0, 0.0, 0.0, 0.0, 0.0, 0.0, 0.0, 0.0, 0.0], [0.0, 0.0, 1.0036883722901495, 0.0, 0.9966228135294727, 0.0, 0.0, 0.0, 0.0, 0.0, 0.0, 0.0, 0.0, 0.0, 0.0, 0.0, 0.0, 0.0, 0.0, 0.0, 0.0, 0.0, 0.0, 0.0, 0.0, 0.0, 0.9712584832340627, 0.9731588003873116, 0.0, 0.0, 0.0, 0.0, 0.0, 0.0, 0.0, 0.0, 0.0, 0.0, 0.0, 0.0, 0.0, 0.0, 0.0, 0.0, 0.0, 0.0, 0.0], [0.0, 0.0, 0.0, 0.9966228135294727, 0.0, 0.9860647731273575, 0.0, 0.0, 0.0, 0.0, 0.0, 0.0, 0.0, 0.0, 0.9557800714746569, 0.0, 0.0, 0.0, 0.0, 0.0, 0.0, 0.0, 0.0, 0.0, 0.0, 0.0, 0.0, 0.0, 0.9635637292128519, 0.0, 0.0, 0.0, 0.0, 0.0, 0.0, 0.0, 0.0, 0.0, 0.0, 0.0, 0.0, 0.0, 0.0, 0.0, 0.0, 0.0, 0.0], [0.0, 0.0, 0.0, 0.0, 0.9860647731273575, 0.0, 0.9959882258337218, 0.0, 0.0, 0.0, 0.0, 0.0, 0.0, 0.0, 0.0, 0.0, 0.9831288093272834, 0.0, 0.0, 0.0, 0.0, 0.0, 0.0, 0.0, 0.0, 0.0, 0.0, 0.0, 0.0, 0.962178023178664, 0.0, 0.0, 0.0, 0.0, 0.0, 0.0, 0.0, 0.0, 0.0, 0.0, 0.0, 0.0, 0.0, 0.0, 0.0, 0.0, 0.0], [0.0, 0.0, 0.0, 0.0, 0.0, 0.9959882258337218, 0.0, 0.9949830069658644, 0.0, 0.0, 0.0, 0.0, 0.0, 0.0, 0.0, 0.0, 0.0, 0.0, 0.0, 0.0, 0.0, 0.0, 0.0, 0.0, 0.0, 0.0, 0.0, 0.0, 0.0, 0.0, 0.9753699143155893, 0.9746979158283484, 0.0, 0.0, 0.0, 0.0, 0.0, 0.0, 0.0, 0.0, 0.0, 0.0, 0.0, 0.0, 0.0, 0.0, 0.0], [0.0, 0.0, 0.0, 0.0, 0.0, 0.0, 0.9949830069658644, 0.0, 1.0189904984847065, 0.0, 0.0, 0.0, 0.0, 0.0, 0.0, 0.0, 0.0, 0.0, 0.0, 0.0, 0.0, 0.0, 0.0, 0.0, 0.0, 0.0, 0.0, 0.0, 0.0, 0.0, 0.0, 0.0, 0.9722674970187055, 0.9525678336041947, 0.0, 0.0, 0.0, 0.0, 0.0, 0.0, 0.0, 0.0, 0.0, 0.0, 0.0, 0.0, 0.0], [0.0, 0.0, 0.0, 0.0, 0.0, 0.0, 0.0, 1.0189904984847065, 0.0, 1.7928971840727002, 0.0, 0.0, 0.0, 0.0, 0.9889362103748502, 0.0, 0.0, 0.0, 0.0, 0.0, 0.0, 0.0, 0.0, 0.0, 0.0, 0.0, 0.0, 0.0, 0.0, 0.0, 0.0, 0.0, 0.0, 0.0, 0.0, 0.0, 0.0, 0.0, 0.0, 0.0, 0.0, 0.0, 0.0, 0.0, 0.0, 0.0, 0.0], [0.0, 0.0, 0.0, 0.0, 0.0, 0.0, 0.0, 0.0, 1.7928971840727002, 0.0, 1.0668269695795318, 0.0, 0.0, 0.0, 0.0, 0.0, 0.0, 0.0, 0.0, 0.0, 0.0, 0.0, 0.0, 0.0, 0.0, 0.0, 0.0, 0.0, 0.0, 0.0, 0.0, 0.0, 0.0, 0.0, 0.960490867910891, 0.0, 0.0, 0.0, 0.0, 0.0, 0.0, 0.0, 0.0, 0.0, 0.0, 0.0, 0.0], [0.0, 0.0, 0.0, 0.0, 0.0, 0.0, 0.0, 0.0, 0.0, 1.0668269695795318, 0.0, 1.7909920915924344, 0.9922111804949943, 0.0, 0.0, 0.0, 0.0, 0.0, 0.0, 0.0, 0.0, 0.0, 0.0, 0.0, 0.0, 0.0, 0.0, 0.0, 0.0, 0.0, 0.0, 0.0, 0.0, 0.0, 0.0, 0.0, 0.0, 0.0, 0.0, 0.0, 0.0, 0.0, 0.0, 0.0, 0.0, 0.0, 0.0], [0.0, 0.0, 0.0, 0.0, 0.0, 0.0, 0.0, 0.0, 0.0, 0.0, 1.7909920915924344, 0.0, 0.0, 0.0, 0.0, 0.0, 0.0, 0.0, 0.0, 0.0, 0.0, 0.0, 0.0, 0.0, 0.0, 0.0, 0.0, 0.0, 0.0, 0.0, 0.0, 0.0, 0.0, 0.0, 0.0, 0.0, 0.0, 0.0, 0.0, 0.0, 0.0, 0.0, 0.0, 0.0, 0.0, 0.0, 0.0], [0.0, 0.0, 0.0, 0.0, 0.0, 0.0, 0.0, 0.0, 0.0, 0.0, 0.9922111804949943, 0.0, 0.0, 1.0041790091800142, 0.0, 0.0, 0.0, 0.0, 0.0, 0.0, 0.0, 0.0, 0.0, 0.0, 0.0, 0.0, 0.0, 0.0, 0.0, 0.0, 0.0, 0.0, 0.0, 0.0, 0.0, 0.94573653664266, 0.9661780270566638, 0.0, 0.0, 0.0, 0.0, 0.0, 0.0, 0.0, 0.0, 0.0, 0.0], [0.0, 0.0, 0.0, 0.0, 0.0, 0.0, 0.0, 0.0, 0.0, 0.0, 0.0, 0.0, 1.0041790091800142, 0.0, 0.9815633451264234, 0.0, 0.0, 0.0, 0.0, 0.0, 0.0, 0.0, 0.0, 0.0, 0.0, 0.0, 0.0, 0.0, 0.0, 0.0, 0.0, 0.0, 0.0, 0.0, 0.0, 0.0, 0.0, 0.9758042542459459, 0.9724564546636085, 0.0, 0.0, 0.0, 0.0, 0.0, 0.0, 0.0, 0.0], [0.0, 0.0, 0.0, 0.0, 0.9557800714746569, 0.0, 0.0, 0.0, 0.9889362103748502, 0.0, 0.0, 0.0, 0.0, 0.9815633451264234, 0.0, 0.9822233265844691, 0.0, 0.0, 0.0, 0.0, 0.0, 0.0, 0.0, 0.0, 0.0, 0.0, 0.0, 0.0, 0.0, 0.0, 0.0, 0.0, 0.0, 0.0, 0.0, 0.0, 0.0, 0.0, 0.0, 0.0, 0.0, 0.0, 0.0, 0.0, 0.0, 0.0, 0.0], [0.0, 0.0, 0.0, 0.0, 0.0, 0.0, 0.0, 0.0, 0.0, 0.0, 0.0, 0.0, 0.0, 0.0, 0.9822233265844691, 0.0, 0.0, 0.0, 0.0, 0.0, 0.0, 0.0, 0.0, 0.0, 0.0, 0.0, 0.0, 0.0, 0.0, 0.0, 0.0, 0.0, 0.0, 0.0, 0.0, 0.0, 0.0, 0.0, 0.0, 0.9809617258749009, 0.9833933050266139, 0.9811863996965317, 0.0, 0.0, 0.0, 0.0, 0.0], [0.0, 0.9686320475444162, 0.0, 0.0, 0.0, 0.9831288093272834, 0.0, 0.0, 0.0, 0.0, 0.0, 0.0, 0.0, 0.0, 0.0, 0.0, 0.0, 0.9941758385677137, 0.0, 0.0, 0.0, 0.0, 0.0, 0.0, 0.0, 0.0, 0.0, 0.0, 0.0, 0.0, 0.0, 0.0, 0.0, 0.0, 0.0, 0.0, 0.0, 0.0, 0.0, 0.0, 0.0, 0.0, 0.9663350820345573, 0.0, 0.0, 0.0, 0.0], [0.0, 0.0, 0.0, 0.0, 0.0, 0.0, 0.0, 0.0, 0.0, 0.0, 0.0, 0.0, 0.0, 0.0, 0.0, 0.0, 0.9941758385677137, 0.0, 1.0054304417625635, 0.0, 0.0, 0.0, 0.0, 0.0, 0.0, 0.0, 0.0, 0.0, 0.0, 0.0, 0.0, 0.0, 0.0, 0.0, 0.0, 0.0, 0.0, 0.0, 0.0, 0.0, 0.0, 0.0, 0.0, 0.9785708322581765, 0.9752711138371614, 0.0, 0.0], [0.0, 0.0, 0.0, 0.0, 0.0, 0.0, 0.0, 0.0, 0.0, 0.0, 0.0, 0.0, 0.0, 0.0, 0.0, 0.0, 0.0, 1.0054304417625635, 0.0, 0.9938811675057558, 0.0, 0.0, 0.0, 0.0, 0.0, 0.0, 0.0, 0.0, 0.0, 0.0, 0.0, 0.0, 0.0, 0.0, 0.0, 0.0, 0.0, 0.0, 0.0, 0.0, 0.0, 0.0, 0.0, 0.0, 0.0, 0.9594930226903836, 0.9467988383316476], [0.0, 0.9560549583425596, 0.0, 0.0, 0.0, 0.0, 0.0, 0.0, 0.0, 0.0, 0.0, 0.0, 0.0, 0.0, 0.0, 0.0, 0.0, 0.0, 0.9938811675057558, 0.0, 1.8629587920585629, 0.0, 0.0, 0.0, 0.0, 0.0, 0.0, 0.0, 0.0, 0.0, 0.0, 0.0, 0.0, 0.0, 0.0, 0.0, 0.0, 0.0, 0.0, 0.0, 0.0, 0.0, 0.0, 0.0, 0.0, 0.0, 0.0], [0.0, 0.0, 0.0, 0.0, 0.0, 0.0, 0.0, 0.0, 0.0, 0.0, 0.0, 0.0, 0.0, 0.0, 0.0, 0.0, 0.0, 0.0, 0.0, 1.8629587920585629, 0.0, 0.0, 0.0, 0.0, 0.0, 0.0, 0.0, 0.0, 0.0, 0.0, 0.0, 0.0, 0.0, 0.0, 0.0, 0.0, 0.0, 0.0, 0.0, 0.0, 0.0, 0.0, 0.0, 0.0, 0.0, 0.0, 0.0], [0.9854991702923941, 0.0, 0.0, 0.0, 0.0, 0.0, 0.0, 0.0, 0.0, 0.0, 0.0, 0.0, 0.0, 0.0, 0.0, 0.0, 0.0, 0.0, 0.0, 0.0, 0.0, 0.0, 0.0, 0.0, 0.0, 0.0, 0.0, 0.0, 0.0, 0.0, 0.0, 0.0, 0.0, 0.0, 0.0, 0.0, 0.0, 0.0, 0.0, 0.0, 0.0, 0.0, 0.0, 0.0, 0.0, 0.0, 0.0], [0.9829667240739961, 0.0, 0.0, 0.0, 0.0, 0.0, 0.0, 0.0, 0.0, 0.0, 0.0, 0.0, 0.0, 0.0, 0.0, 0.0, 0.0, 0.0, 0.0, 0.0, 0.0, 0.0, 0.0, 0.0, 0.0, 0.0, 0.0, 0.0, 0.0, 0.0, 0.0, 0.0, 0.0, 0.0, 0.0, 0.0, 0.0, 0.0, 0.0, 0.0, 0.0, 0.0, 0.0, 0.0, 0.0, 0.0, 0.0], [0.9812902121593192, 0.0, 0.0, 0.0, 0.0, 0.0, 0.0, 0.0, 0.0, 0.0, 0.0, 0.0, 0.0, 0.0, 0.0, 0.0, 0.0, 0.0, 0.0, 0.0, 0.0, 0.0, 0.0, 0.0, 0.0, 0.0, 0.0, 0.0, 0.0, 0.0, 0.0, 0.0, 0.0, 0.0, 0.0, 0.0, 0.0, 0.0, 0.0, 0.0, 0.0, 0.0, 0.0, 0.0, 0.0, 0.0, 0.0], [0.0, 0.0, 0.9724122666916314, 0.0, 0.0, 0.0, 0.0, 0.0, 0.0, 0.0, 0.0, 0.0, 0.0, 0.0, 0.0, 0.0, 0.0, 0.0, 0.0, 0.0, 0.0, 0.0, 0.0, 0.0, 0.0, 0.0, 0.0, 0.0, 0.0, 0.0, 0.0, 0.0, 0.0, 0.0, 0.0, 0.0, 0.0, 0.0, 0.0, 0.0, 0.0, 0.0, 0.0, 0.0, 0.0, 0.0, 0.0], [0.0, 0.0, 0.974042378691641, 0.0, 0.0, 0.0, 0.0, 0.0, 0.0, 0.0, 0.0, 0.0, 0.0, 0.0, 0.0, 0.0, 0.0, 0.0, 0.0, 0.0, 0.0, 0.0, 0.0, 0.0, 0.0, 0.0, 0.0, 0.0, 0.0, 0.0, 0.0, 0.0, 0.0, 0.0, 0.0, 0.0, 0.0, 0.0, 0.0, 0.0, 0.0, 0.0, 0.0, 0.0, 0.0, 0.0, 0.0], [0.0, 0.0, 0.0, 0.9712584832340627, 0.0, 0.0, 0.0, 0.0, 0.0, 0.0, 0.0, 0.0, 0.0, 0.0, 0.0, 0.0, 0.0, 0.0, 0.0, 0.0, 0.0, 0.0, 0.0, 0.0, 0.0, 0.0, 0.0, 0.0, 0.0, 0.0, 0.0, 0.0, 0.0, 0.0, 0.0, 0.0, 0.0, 0.0, 0.0, 0.0, 0.0, 0.0, 0.0, 0.0, 0.0, 0.0, 0.0], [0.0, 0.0, 0.0, 0.9731588003873116, 0.0, 0.0, 0.0, 0.0, 0.0, 0.0, 0.0, 0.0, 0.0, 0.0, 0.0, 0.0, 0.0, 0.0, 0.0, 0.0, 0.0, 0.0, 0.0, 0.0, 0.0, 0.0, 0.0, 0.0, 0.0, 0.0, 0.0, 0.0, 0.0, 0.0, 0.0, 0.0, 0.0, 0.0, 0.0, 0.0, 0.0, 0.0, 0.0, 0.0, 0.0, 0.0, 0.0], [0.0, 0.0, 0.0, 0.0, 0.9635637292128519, 0.0, 0.0, 0.0, 0.0, 0.0, 0.0, 0.0, 0.0, 0.0, 0.0, 0.0, 0.0, 0.0, 0.0, 0.0, 0.0, 0.0, 0.0, 0.0, 0.0, 0.0, 0.0, 0.0, 0.0, 0.0, 0.0, 0.0, 0.0, 0.0, 0.0, 0.0, 0.0, 0.0, 0.0, 0.0, 0.0, 0.0, 0.0, 0.0, 0.0, 0.0, 0.0], [0.0, 0.0, 0.0, 0.0, 0.0, 0.962178023178664, 0.0, 0.0, 0.0, 0.0, 0.0, 0.0, 0.0, 0.0, 0.0, 0.0, 0.0, 0.0, 0.0, 0.0, 0.0, 0.0, 0.0, 0.0, 0.0, 0.0, 0.0, 0.0, 0.0, 0.0, 0.0, 0.0, 0.0, 0.0, 0.0, 0.0, 0.0, 0.0, 0.0, 0.0, 0.0, 0.0, 0.0, 0.0, 0.0, 0.0, 0.0], [0.0, 0.0, 0.0, 0.0, 0.0, 0.0, 0.9753699143155893, 0.0, 0.0, 0.0, 0.0, 0.0, 0.0, 0.0, 0.0, 0.0, 0.0, 0.0, 0.0, 0.0, 0.0, 0.0, 0.0, 0.0, 0.0, 0.0, 0.0, 0.0, 0.0, 0.0, 0.0, 0.0, 0.0, 0.0, 0.0, 0.0, 0.0, 0.0, 0.0, 0.0, 0.0, 0.0, 0.0, 0.0, 0.0, 0.0, 0.0], [0.0, 0.0, 0.0, 0.0, 0.0, 0.0, 0.9746979158283484, 0.0, 0.0, 0.0, 0.0, 0.0, 0.0, 0.0, 0.0, 0.0, 0.0, 0.0, 0.0, 0.0, 0.0, 0.0, 0.0, 0.0, 0.0, 0.0, 0.0, 0.0, 0.0, 0.0, 0.0, 0.0, 0.0, 0.0, 0.0, 0.0, 0.0, 0.0, 0.0, 0.0, 0.0, 0.0, 0.0, 0.0, 0.0, 0.0, 0.0], [0.0, 0.0, 0.0, 0.0, 0.0, 0.0, 0.0, 0.9722674970187055, 0.0, 0.0, 0.0, 0.0, 0.0, 0.0, 0.0, 0.0, 0.0, 0.0, 0.0, 0.0, 0.0, 0.0, 0.0, 0.0, 0.0, 0.0, 0.0, 0.0, 0.0, 0.0, 0.0, 0.0, 0.0, 0.0, 0.0, 0.0, 0.0, 0.0, 0.0, 0.0, 0.0, 0.0, 0.0, 0.0, 0.0, 0.0, 0.0], [0.0, 0.0, 0.0, 0.0, 0.0, 0.0, 0.0, 0.9525678336041947, 0.0, 0.0, 0.0, 0.0, 0.0, 0.0, 0.0, 0.0, 0.0, 0.0, 0.0, 0.0, 0.0, 0.0, 0.0, 0.0, 0.0, 0.0, 0.0, 0.0, 0.0, 0.0, 0.0, 0.0, 0.0, 0.0, 0.0, 0.0, 0.0, 0.0, 0.0, 0.0, 0.0, 0.0, 0.0, 0.0, 0.0, 0.0, 0.0], [0.0, 0.0, 0.0, 0.0, 0.0, 0.0, 0.0, 0.0, 0.0, 0.960490867910891, 0.0, 0.0, 0.0, 0.0, 0.0, 0.0, 0.0, 0.0, 0.0, 0.0, 0.0, 0.0, 0.0, 0.0, 0.0, 0.0, 0.0, 0.0, 0.0, 0.0, 0.0, 0.0, 0.0, 0.0, 0.0, 0.0, 0.0, 0.0, 0.0, 0.0, 0.0, 0.0, 0.0, 0.0, 0.0, 0.0, 0.0], [0.0, 0.0, 0.0, 0.0, 0.0, 0.0, 0.0, 0.0, 0.0, 0.0, 0.0, 0.0, 0.94573653664266, 0.0, 0.0, 0.0, 0.0, 0.0, 0.0, 0.0, 0.0, 0.0, 0.0, 0.0, 0.0, 0.0, 0.0, 0.0, 0.0, 0.0, 0.0, 0.0, 0.0, 0.0, 0.0, 0.0, 0.0, 0.0, 0.0, 0.0, 0.0, 0.0, 0.0, 0.0, 0.0, 0.0, 0.0], [0.0, 0.0, 0.0, 0.0, 0.0, 0.0, 0.0, 0.0, 0.0, 0.0, 0.0, 0.0, 0.9661780270566638, 0.0, 0.0, 0.0, 0.0, 0.0, 0.0, 0.0, 0.0, 0.0, 0.0, 0.0, 0.0, 0.0, 0.0, 0.0, 0.0, 0.0, 0.0, 0.0, 0.0, 0.0, 0.0, 0.0, 0.0, 0.0, 0.0, 0.0, 0.0, 0.0, 0.0, 0.0, 0.0, 0.0, 0.0], [0.0, 0.0, 0.0, 0.0, 0.0, 0.0, 0.0, 0.0, 0.0, 0.0, 0.0, 0.0, 0.0, 0.9758042542459459, 0.0, 0.0, 0.0, 0.0, 0.0, 0.0, 0.0, 0.0, 0.0, 0.0, 0.0, 0.0, 0.0, 0.0, 0.0, 0.0, 0.0, 0.0, 0.0, 0.0, 0.0, 0.0, 0.0, 0.0, 0.0, 0.0, 0.0, 0.0, 0.0, 0.0, 0.0, 0.0, 0.0], [0.0, 0.0, 0.0, 0.0, 0.0, 0.0, 0.0, 0.0, 0.0, 0.0, 0.0, 0.0, 0.0, 0.9724564546636085, 0.0, 0.0, 0.0, 0.0, 0.0, 0.0, 0.0, 0.0, 0.0, 0.0, 0.0, 0.0, 0.0, 0.0, 0.0, 0.0, 0.0, 0.0, 0.0, 0.0, 0.0, 0.0, 0.0, 0.0, 0.0, 0.0, 0.0, 0.0, 0.0, 0.0, 0.0, 0.0, 0.0], [0.0, 0.0, 0.0, 0.0, 0.0, 0.0, 0.0, 0.0, 0.0, 0.0, 0.0, 0.0, 0.0, 0.0, 0.0, 0.9809617258749009, 0.0, 0.0, 0.0, 0.0, 0.0, 0.0, 0.0, 0.0, 0.0, 0.0, 0.0, 0.0, 0.0, 0.0, 0.0, 0.0, 0.0, 0.0, 0.0, 0.0, 0.0, 0.0, 0.0, 0.0, 0.0, 0.0, 0.0, 0.0, 0.0, 0.0, 0.0], [0.0, 0.0, 0.0, 0.0, 0.0, 0.0, 0.0, 0.0, 0.0, 0.0, 0.0, 0.0, 0.0, 0.0, 0.0, 0.9833933050266139, 0.0, 0.0, 0.0, 0.0, 0.0, 0.0, 0.0, 0.0, 0.0, 0.0, 0.0, 0.0, 0.0, 0.0, 0.0, 0.0, 0.0, 0.0, 0.0, 0.0, 0.0, 0.0, 0.0, 0.0, 0.0, 0.0, 0.0, 0.0, 0.0, 0.0, 0.0], [0.0, 0.0, 0.0, 0.0, 0.0, 0.0, 0.0, 0.0, 0.0, 0.0, 0.0, 0.0, 0.0, 0.0, 0.0, 0.9811863996965317, 0.0, 0.0, 0.0, 0.0, 0.0, 0.0, 0.0, 0.0, 0.0, 0.0, 0.0, 0.0, 0.0, 0.0, 0.0, 0.0, 0.0, 0.0, 0.0, 0.0, 0.0, 0.0, 0.0, 0.0, 0.0, 0.0, 0.0, 0.0, 0.0, 0.0, 0.0], [0.0, 0.0, 0.0, 0.0, 0.0, 0.0, 0.0, 0.0, 0.0, 0.0, 0.0, 0.0, 0.0, 0.0, 0.0, 0.0, 0.9663350820345573, 0.0, 0.0, 0.0, 0.0, 0.0, 0.0, 0.0, 0.0, 0.0, 0.0, 0.0, 0.0, 0.0, 0.0, 0.0, 0.0, 0.0, 0.0, 0.0, 0.0, 0.0, 0.0, 0.0, 0.0, 0.0, 0.0, 0.0, 0.0, 0.0, 0.0], [0.0, 0.0, 0.0, 0.0, 0.0, 0.0, 0.0, 0.0, 0.0, 0.0, 0.0, 0.0, 0.0, 0.0, 0.0, 0.0, 0.0, 0.9785708322581765, 0.0, 0.0, 0.0, 0.0, 0.0, 0.0, 0.0, 0.0, 0.0, 0.0, 0.0, 0.0, 0.0, 0.0, 0.0, 0.0, 0.0, 0.0, 0.0, 0.0, 0.0, 0.0, 0.0, 0.0, 0.0, 0.0, 0.0, 0.0, 0.0], [0.0, 0.0, 0.0, 0.0, 0.0, 0.0, 0.0, 0.0, 0.0, 0.0, 0.0, 0.0, 0.0, 0.0, 0.0, 0.0, 0.0, 0.9752711138371614, 0.0, 0.0, 0.0, 0.0, 0.0, 0.0, 0.0, 0.0, 0.0, 0.0, 0.0, 0.0, 0.0, 0.0, 0.0, 0.0, 0.0, 0.0, 0.0, 0.0, 0.0, 0.0, 0.0, 0.0, 0.0, 0.0, 0.0, 0.0, 0.0], [0.0, 0.0, 0.0, 0.0, 0.0, 0.0, 0.0, 0.0, 0.0, 0.0, 0.0, 0.0, 0.0, 0.0, 0.0, 0.0, 0.0, 0.0, 0.9594930226903836, 0.0, 0.0, 0.0, 0.0, 0.0, 0.0, 0.0, 0.0, 0.0, 0.0, 0.0, 0.0, 0.0, 0.0, 0.0, 0.0, 0.0, 0.0, 0.0, 0.0, 0.0, 0.0, 0.0, 0.0, 0.0, 0.0, 0.0, 0.0], [0.0, 0.0, 0.0, 0.0, 0.0, 0.0, 0.0, 0.0, 0.0, 0.0, 0.0, 0.0, 0.0, 0.0, 0.0, 0.0, 0.0, 0.0, 0.9467988383316476, 0.0, 0.0, 0.0, 0.0, 0.0, 0.0, 0.0, 0.0, 0.0, 0.0, 0.0, 0.0, 0.0, 0.0, 0.0, 0.0, 0.0, 0.0, 0.0, 0.0, 0.0, 0.0, 0.0, 0.0, 0.0, 0.0, 0.0, 0.0]], "Born radii": [], "Atomic SASAs": [], "Solvent H bonds": [], "Total SASA": NaN, "Total FOD": 0.0, "FOD": [0.0, 0.0, 0.0, 0.0, 0.0, 0.0, 0.0, 0.0, 0.0, 0.0, 0.0, 0.0, 0.0, 0.0, 0.0, 0.0, 0.0, 0.0, 0.0, 0.0, 0.0, 0.0, 0.0, 0.0, 0.0, 0.0, 0.0, 0.0, 0.0, 0.0, 0.0, 0.0, 0.0, 0.0, 0.0, 0.0, 0.0, 0.0, 0.0, 0.0, 0.0, 0.0, 0.0, 0.0, 0.0, 0.0, 0.0], "FOD s proportion": [0.0, 0.0, 0.0, 0.0, 0.0, 0.0, 0.0, 0.0, 0.0, 0.0, 0.0, 0.0, 0.0, 0.0, 0.0, 0.0, 0.0, 0.0, 0.0, 0.0, 0.0, 0.0, 0.0, 0.0, 0.0, 0.0, 0.0, 0.0, 0.0, 0.0, 0.0, 0.0, 0.0, 0.0, 0.0, 0.0, 0.0, 0.0, 0.0, 0.0, 0.0, 0.0, 0.0, 0.0, 0.0, 0.0, 0.0], "FOD p proportion": [0.0, 0.0, 0.0, 0.0, 0.0, 0.0, 0.0, 0.0, 0.0, 0.0, 0.0, 0.0, 0.0, 0.0, 0.0, 0.0, 0.0, 0.0, 0.0, 0.0, 0.0, 0.0, 0.0, 0.0, 0.0, 0.0, 0.0, 0.0, 0.0, 0.0, 0.0, 0.0, 0.0, 0.0, 0.0, 0.0, 0.0, 0.0, 0.0, 0.0, 0.0, 0.0, 0.0, 0.0, 0.0, 0.0, 0.0], "FOD d proportion": [0.0, 0.0, 0.0, 0.0, 0.0, 0.0, 0.0, 0.0, 0.0, 0.0, 0.0, 0.0, 0.0, 0.0, 0.0, 0.0, 0.0, 0.0, 0.0, 0.0, 0.0, 0.0, 0.0, 0.0, 0.0, 0.0, 0.0, 0.0, 0.0, 0.0, 0.0, 0.0, 0.0, 0.0, 0.0, 0.0, 0.0, 0.0, 0.0, 0.0, 0.0, 0.0, 0.0, 0.0, 0.0, 0.0, 0.0], "coordinates": [["3.14680", "1.26130", "1.38380"], ["2.72520", "0.56830", "0.08770"], ["1.90710", "1.49550", "-0.82240"], ["0.46140", "1.65720", "-0.36280"], ["-0.26270", "0.30030", "-0.25070"], ["0.51410", "-0.62790", "0.71880"], ["-0.17060", "-1.99870", "0.82150"], ["-1.61570", "-1.86490", "1.27890"], ["-2.39820", "-0.94770", "0.37080"], ["-3.57180", "-1.36100", "-0.14010"], ["-4.43760", "-0.46060", "-0.93500"], ["-5.48350", "-0.89360", "-1.41200"], ["-4.03530", "0.98510", "-1.05150"], ["-2.51920", "1.11320", "-1.09380"], ["-1.79580", "0.43870", "0.11110"], ["-2.01970", "1.30090", "1.37460"], ["2.01120", "-0.77520", "0.36550"], ["2.32890", "-1.62300", "-0.87530"], ["3.79780", "-1.33410", "-1.16340"], ["3.94490", "0.08930", "-0.69010"], ["4.93600", "0.77410", "-0.91280"], ["3.82120", "0.62710", "1.97070"], ["3.68670", "2.19210", "1.17610"], ["2.28510", "1.50560", "2.01260"], ["2.38210", "2.48360", "-0.87700"], ["1.90490", "1.11800", "-1.85390"], ["-0.04890", "2.30700", "-1.08100"], ["0.45020", "2.17960", "0.60020"], ["-0.21630", "-0.17080", "-1.24390"], ["0.48090", "-0.16980", "1.71690"], ["-0.15050", "-2.51140", "-0.14820"], ["0.37270", "-2.63420", "1.53110"], ["-2.06680", "-2.86400", "1.32020"], ["-1.64620", "-1.47090", "2.30200"], ["-3.97950", "-2.34920", "0.04370"], ["-4.46670", "1.53940", "-0.21210"], ["-4.45570", "1.38890", "-1.97930"], ["-2.16860", "0.65840", "-2.03100"], ["-2.26460", "2.17790", "-1.15310"], ["-1.76610", "2.35130", "1.19560"], ["-3.06680", "1.27740", "1.69850"], ["-1.41760", "0.95720", "2.22160"], ["2.50130", "-1.27040", "1.21820"], ["2.17010", "-2.69200", "-0.70220"], ["1.71400", "-1.32920", "-1.73310"], ["4.02740", "-1.42370", "-2.22730"], ["4.45430", "-1.97500", "-0.56800"]], "bond_dist": [[0.0, 1.5290097350900025, 2.5414610305885077, 3.2278044442004226, 3.9012564001869965, 3.3079315183358924, 4.684967881426723, 5.697853692400323, 6.054161791693381, 7.371452669589624, 8.11571909383266, 9.324278510426423, 7.588776774948648, 6.1857894702293255, 5.169693492848488, 5.166659951070904, 2.5443770357397897, 3.7538886118264085, 3.694337559021915, 2.512291547571659, 2.9517743883975953, 1.0961188849755306, 1.0959105529193522, 1.094348582490972, 2.681417539287755, 3.470670222017644, 4.169079756972755, 2.9544805651755435, 4.501795120837908, 3.044014722369128, 5.239511101238359, 4.784584449040481, 6.6485915809290015, 5.592929203914529, 8.100353692895144, 7.783933367520563, 8.314128313900381, 6.346481277842077, 6.0464259798661235, 5.035881814538541, 6.221585027949067, 4.650605660556483, 2.6179378334865016, 4.575360071076374, 4.29868255399256, 4.5852725731411, 3.9990895438837075], [1.5290097350900025, 0.0, 1.5353401772897106, 2.5521449606164617, 3.018921159951018, 2.5919384367688982, 3.938731912684589, 5.116916306722243, 5.350479340208688, 6.589863453061832, 7.308231957183625, 8.47165906950935, 6.868468470481611, 5.403386865661203, 4.522917722002026, 4.970602617389565, 1.5465966151521218, 2.426153000121798, 2.516912340547442, 1.5238378949218976, 2.435362504843991, 2.17953261962284, 2.1784910488684592, 2.185739991398794, 2.1718051915399776, 2.1782728800588784, 3.4762865517675614, 2.834531520375104, 3.312378242290575, 2.869837406544141, 4.22017196213614, 4.227725873327172, 6.02187707778895, 5.307598241201005, 7.312095755664036, 7.263356032854234, 7.517393043469259, 5.333505989496966, 5.387810393842753, 4.957651369348191, 6.053491839426233, 4.676276751861463, 2.1700182372505536, 3.4002403018022123, 2.8175067577558712, 3.320092444496087, 3.1445356080031917], [2.5414610305885077, 1.5353401772897106, 0.0, 1.52559088224858, 2.542317047498207, 2.9706184541270195, 4.385051669022841, 5.302628564212282, 5.092009482512774, 6.216387274776243, 6.640348188160015, 7.789505461195851, 5.9686776366294065, 4.451060878037954, 3.962286827073477, 4.503824641346508, 2.564765429820045, 3.147341084153416, 3.420184739162492, 2.479421418395832, 3.1149358468514246, 3.4956122468031263, 2.7651817245888197, 2.860106817935302, 1.0977011296341095, 1.0984094591726712, 2.133387496447844, 2.1481017620215295, 2.731857518246514, 3.354894189091513, 4.554504474693158, 4.994774038933093, 6.2759745235301905, 5.584563117200844, 7.0840600547990835, 6.403102352766196, 6.467998532003544, 4.332756727535023, 4.2400605113606575, 4.277512814709033, 5.580518401546581, 4.539750321328255, 3.4881692633815806, 4.19747225005717, 2.9741540292997604, 3.8718399682838136, 4.312460718661678], [3.2278044442004226, 2.5521449606164617, 1.52559088224858, 0.0, 1.5420975423104726, 2.5286988472334935, 3.89455970553797, 4.406212853460441, 3.937129046653157, 5.042403074923702, 5.367745400072549, 6.553566760932554, 4.598514650406151, 3.1167729079931377, 2.608500584627115, 3.0498140369537285, 2.9747051433713563, 3.809189485966798, 4.551966718902941, 3.8340850212273594, 4.593953718748154, 4.2183627511156505, 3.613432067992977, 2.9985645582511644, 2.153236422225855, 2.1442500087443164, 1.0947407775359426, 1.0956259398170527, 2.139438828291195, 2.7682957464837457, 4.21873212351768, 4.691571043904163, 5.446607538642747, 4.618240618460671, 5.994837447337501, 4.931810716156897, 5.182946030010346, 3.2706868819867183, 2.8856158060282384, 2.8057337043989046, 4.10382759993643, 3.271049427935934, 3.9027675782705793, 4.685124191523635, 3.516434815263892, 5.068003656273346, 5.401688096326925], [3.9012564001869965, 3.018921159951018, 2.542317047498207, 1.5420975423104726, 0.0, 1.5507752029227189, 2.5384042723727043, 2.976302437589298, 2.550318901627794, 3.7043613295681617, 4.29849105035709, 5.480033534568927, 3.916981291760276, 2.542324973326581, 1.5812809396182579, 2.594195337672165, 2.589792250355229, 3.287187036053775, 4.471235276744001, 4.235739737047119, 5.262066565523472, 4.6604351095149905, 4.605694935620465, 3.614769677310022, 3.4862612667440747, 2.817334429917755, 2.1821900513016734, 2.1826648185188677, 1.1002428868209055, 2.15531545950935, 2.815803966898264, 3.4913943704485746, 3.9667742701091524, 3.401102612389106, 4.5739615050850615, 4.382975561191279, 4.664156614008582, 2.6325194225304402, 2.889171356981098, 2.9255078618933843, 3.5520531893540106, 2.806702497593929, 3.50206534776266, 3.8828117878671384, 2.9597504793478793, 5.028327909951776, 5.2466902309932495], [3.3079315183358924, 2.5919384367688982, 2.9706184541270195, 2.5286988472334935, 1.5507752029227189, 0.0, 1.5357258935109481, 2.525852143336977, 2.95040121508923, 4.239071081027069, 5.223253451633378, 6.370409004922682, 5.141281109801331, 3.939271107705079, 2.6158311986823612, 3.2512283094239933, 1.5452593924645792, 2.612446719073903, 3.8502053153046267, 3.777534075293034, 4.917410107973505, 3.7522245428545453, 4.269299011547446, 3.059768241223508, 3.9645218992963076, 3.4060646999139643, 3.4885365198031106, 2.8107304068515715, 2.1435055073407203, 1.0987089969596135, 2.1773732821911818, 2.1691161656306006, 3.4674010411257594, 2.807858139222849, 4.859122828247913, 5.51109179201363, 6.003843593066029, 4.0512772084862325, 4.3700911821150825, 3.7818359192328797, 4.172867717769161, 2.915890042508462, 2.1473636045160123, 3.0036787128453004, 2.818402971542572, 4.653609323954902, 4.358406668726543], [4.684967881426723, 3.938731912684589, 4.385051669022841, 3.89455970553797, 2.5384042723727043, 1.5357258935109481, 0.0, 1.5216541032705164, 2.503983476383181, 3.5915870155127805, 4.863983229823063, 5.868276976251207, 5.22944524113218, 4.343756169492021, 3.014442230330513, 3.82262352056804, 2.54266385706015, 3.0443030368214004, 4.486615620932999, 4.85613208325309, 6.064122351173333, 4.914260221030221, 5.706777469816043, 4.4417676875316205, 5.430671489788349, 4.602095642204755, 4.708860757125867, 4.229959482075449, 2.7584749518529255, 2.13800575770974, 1.0970794820795804, 1.0966162957023755, 2.1431332716375806, 2.155886928853181, 3.903273280209829, 5.660649766590405, 6.1385988963280536, 4.380518309515439, 5.072264653978537, 4.648448242155655, 4.459813297661686, 3.500376239777661, 2.7976492614336057, 2.877707954258041, 3.244368747537801, 5.220058470936892, 4.829179221151355], [5.697853692400323, 5.116916306722243, 5.302628564212282, 4.406212853460441, 2.976302437589298, 2.525852143336977, 1.5216541032705164, 0.0, 1.5093732805373228, 2.4685630273501222, 3.8518218170107503, 4.810846426565704, 4.4054203340884515, 3.9134507982086606, 2.588970028795235, 3.192908412403964, 3.8956577442070035, 4.500995713172808, 5.962596764833255, 6.214187879361228, 7.395447436092018, 6.020675447987543, 6.6772196758830695, 5.207189892830873, 6.288065036241275, 5.577342791150639, 5.042691727639118, 4.592010099074261, 3.3455664707191217, 2.731472051843108, 2.1450845437884256, 2.146895873115415, 1.0969948541356063, 1.096767915285636, 2.7106855166175214, 4.684073066253344, 5.4100537594371465, 4.198592539173098, 4.7623447008800195, 4.219703957625464, 3.4865175548102436, 2.9819750686415873, 4.160144677772637, 4.352141227028369, 4.521727610106562, 6.658278568068477, 6.345712065639285], [6.054161791693381, 5.350479340208688, 5.092009482512774, 3.937129046653157, 2.550318901627794, 2.95040121508923, 2.503983476383181, 1.5093732805373228, 0.0, 1.3450548910732232, 2.4701280149012517, 3.5637590743483205, 2.904952588253378, 2.5312058331949223, 1.5337649135379254, 2.4914009412376803, 4.412776076349218, 4.935004529886473, 6.394801842121459, 6.514276277530759, 7.642166828851619, 6.6121563358710755, 6.8944078890068585, 5.536017252502019, 6.015155244879388, 5.2662202944806635, 4.2684898758225955, 4.236273387070292, 2.823387559298227, 3.2720529381414356, 2.786875307580158, 3.4450638818460244, 2.1641146018637736, 2.1374694570917265, 2.1381548938278536, 3.286963807223925, 3.900766055533195, 2.898433475172408, 3.4798700449873126, 3.4587926289386015, 2.675982671842253, 2.8311978048168944, 4.982702308988567, 5.00632363915878, 4.634881476370242, 6.947304151251765, 6.9923849279054995], [7.371452669589624, 6.589863453061832, 6.216387274776243, 5.042403074923702, 3.7043613295681617, 4.239071081027069, 3.5915870155127805, 2.4685630273501222, 1.3450548910732232, 0.0, 1.4806065682685592, 2.3432433206988983, 2.5592318027095553, 2.8529241297307575, 2.5409048644134633, 3.433517454448135, 5.6363713504346045, 5.952094045795984, 7.440354202590089, 7.675066708504884, 8.805587892923448, 7.941313949844824, 8.187962157948704, 6.866934575194378, 7.125510225941718, 6.251143441803268, 5.1720732032715855, 5.409286131274626, 3.7275099905969404, 4.614302084822795, 3.6095400621131772, 4.469119368510982, 2.5800213351831025, 3.1118910295831377, 1.0846847329984874, 3.036173606696429, 3.4243080848545158, 3.1020073194626736, 3.906245518397429, 4.338872926233263, 3.2552464607153784, 3.9487030491035915, 6.2238035685583775, 5.920889546343522, 5.520719326319714, 7.880874048606537, 8.06091654962387], [8.11571909383266, 7.308231957183625, 6.640348188160015, 5.367745400072549, 4.29849105035709, 5.223253451633378, 4.863983229823063, 3.8518218170107503, 2.4701280149012517, 1.4806065682685592, 0.0, 1.2283830062321772, 1.5051465144629608, 2.4864276462426966, 2.9802974583084825, 3.7793352351967933, 6.5861441564848855, 6.865876499034919, 8.284743929054175, 8.404086641033635, 9.454594327098334, 8.822355763626856, 8.803284102538099, 7.599275195043274, 7.428323211196453, 6.6002773744745, 5.190531133708765, 5.763513157788399, 4.242496545667421, 5.595424961519902, 4.817059402789216, 5.826248558034578, 4.05992010266212, 4.392128077595188, 2.1758950480204695, 2.1268359645257084, 2.124038688442374, 2.7571249518293506, 3.4250808545200795, 4.42528532639422, 3.440212041430004, 4.592894555724092, 7.310292708913919, 6.978183222730684, 6.263674012111422, 8.617065968181977, 9.027401728626016], [9.324278510426423, 8.47165906950935, 7.789505461195851, 6.553566760932554, 5.480033534568927, 6.370409004922682, 5.868276976251207, 4.810846426565704, 3.5637590743483205, 2.3432433206988983, 1.2283830062321772, 0.0, 2.399324317386043, 3.5938241428873505, 4.206422255313891, 4.957709173600243, 7.703509128961943, 7.864710103366812, 9.295072452649308, 9.506942651557335, 10.563919924914234, 10.016617686125391, 10.01560652881292, 8.822425503227556, 8.576675824583788, 7.670088964933849, 6.3157167859238275, 6.978703516413346, 5.31921923688054, 6.774065914205441, 5.714486528114315, 6.78134237522336, 4.798044590247156, 5.371400430055462, 2.5494803097886445, 2.8970901349457527, 2.5667115887843726, 3.7121997535154274, 4.456731837344491, 5.581040810637385, 4.497653848396962, 5.758476570239737, 8.415281416565938, 7.8940263212127695, 7.2178153772453895, 9.560488424238585, 10.032030243176102], [7.588776774948648, 6.868468470481611, 5.9686776366294065, 4.598514650406151, 3.916981291760276, 5.141281109801331, 5.22944524113218, 4.4054203340884515, 2.904952588253378, 2.5592318027095553, 1.5051465144629608, 2.399324317386043, 0.0, 1.5220900466135374, 2.5817730283663596, 3.16991075741889, 6.454975394221112, 6.8801361679838875, 8.169985670734068, 8.038448832952785, 8.974852777622594, 8.425345636233567, 8.127012659027915, 7.043229743519659, 6.5923421680006875, 5.9956220869898065, 4.19996128791683, 4.926931437517677, 3.994731977242028, 5.421613690590654, 5.304067701302464, 6.260959930394061, 4.931077361997072, 4.794340106834308, 3.510004725068045, 1.094507565072074, 1