{"total energy": -46.68930296, "HOMO-LUMO gap/eV": 3.64406723, "electronic energy": -47.25468512, "dipole": [0.72426756, -0.8923127, 0.51591266], "partial charges": [-0.11257657, 0.01679762, -0.19891975, 0.25757567, -0.3470628, 0.26035359, -0.19439769, 0.05180883, -0.11615871, -0.11075998, -0.36587837, 0.32872794, -0.25907618, 0.03507772, -0.34344909, 0.04148428, 0.04545042, 0.05183635, 0.0658963, 0.02725882, 0.18671712, 0.18303902, 0.0663316, 0.04912958, 0.04573342, 0.04177273, 0.03695344, 0.04387823, 0.03763916, 0.05617689, 0.05554182, 0.06309859], "atomic dipole moments": [[0.12147837, 0.04197861, 0.01329876], [-0.05879141, 0.15946467, -0.03074464], [0.07343226, -0.06206339, 0.14597794], [-0.025105, 0.00222053, 0.00209639], [0.00721259, 0.2849604, 0.07240776], [0.0176465, 0.00222276, -0.0048497], [-0.05233366, -0.06189566, 0.12841369], [0.05208161, 0.14292644, 0.04113073], [-0.10474162, 0.04125527, 0.0586173], [-0.00338199, 0.02785278, -0.1084326], [-0.2453283, -0.14040788, -0.04047101], [0.01643924, 0.13265998, 0.03542034], [0.20523308, -0.09048134, -0.05777049], [-0.22847845, -0.14099457, -0.00323875], [0.24180703, -0.13486944, -0.0604839], [-0.07858581, 0.06132947, 0.07759131], [-0.0062189, -0.12311824, 0.02941331], [-0.04745821, 0.01460658, -0.11860385], [0.07038912, -0.07691601, -0.07798338], [0.03766293, -0.01561169, 0.11422911], [-0.0609719, 0.08683724, 0.07691565], [0.07797881, 0.08209814, 0.06814954], [-0.09782011, -0.07180021, -0.05821993], [0.00114997, 0.02601716, -0.12561956], [0.01217473, -0.12648954, 0.01199049], [0.10692408, 0.05128222, 0.04524244], [-0.10684984, 0.0362703, 0.06214704], [0.01083267, -0.12451383, 0.02083619], [0.09469781, 0.05527033, 0.06392819], [0.07637504, -0.05084596, 0.08831849], [0.04550265, 0.00156917, -0.12039545], [-0.0117463, 0.11798631, 0.03141984]], "atomic quadrupole moments": [[0.21509058, 0.12810402, -0.06989162, 0.02276598, 0.00688641, -0.14519896], [0.04539006, 0.14666873, 0.23624157, 0.02016592, -0.10333322, -0.28163163], [0.00029764, 0.07063626, 0.07855924, 0.0200762, -0.05718396, -0.07885688], [-0.18054708, 0.10277325, -0.18416043, 0.03932138, -0.21534415, 0.3647075], [-0.06641472, -0.00427738, -0.09754934, 0.00995477, -0.07494677, 0.16396406], [-0.19376714, -0.10921329, -0.18067845, 0.00171921, -0.19000463, 0.37444559], [-0.02304635, -0.07220042, 0.07746387, -0.03335584, -0.03206712, -0.05441751], [-0.12033529, -0.14506896, 0.15062874, -0.10818524, -0.06328254, -0.03029345], [0.13044523, -0.11293568, -0.07499199, -0.14027173, 0.05102942, -0.05545324], [-0.12249793, -0.0122045, -0.08842105, 0.00061479, -0.07638895, 0.21091898], [-0.11691239, -0.03496729, -0.02904699, -0.00441127, -0.06135239, 0.14595938], [-0.44983434, 0.03449513, 0.10026972, 0.03909966, -0.08975005, 0.34956462], [0.06868657, 0.06385675, 0.01671755, -0.00428582, 0.02297093, -0.08540411], [0.33860794, 0.32210097, -0.04491495, -0.01302435, 0.01725513, -0.29369299], [-0.11333009, 0.04192717, -0.03875074, 0.03136243, -0.07335678, 0.15208083], [0.00047043, -0.03127801, -0.01013696, -0.03672749, 0.05228363, 0.00966652], [-0.03199347, -0.00016142, 0.07737725, 0.00274779, -0.03219872, -0.04538378], [-0.02160443, -0.00166026, -0.04788057, 0.02536617, -0.01971347, 0.06948499], [0.00340464, -0.00710066, -0.01047048, -0.03413636, 0.02110871, 0.00706584], [-0.02733421, 0.01777831, -0.00391625, 0.02332627, -0.00286703, 0.03125045], [0.0546745, -0.01694455, -0.00124332, -0.03942585, 0.00321478, -0.05343118], [0.06199512, 0.01240849, -0.00072033, 0.02478611, 0.00641214, -0.06127479], [0.02231807, 0.00291403, -0.01807904, 0.00936201, 0.00252602, -0.00423904], [-0.02955661, -0.00846872, -0.04234155, 0.01024618, -0.02995209, 0.07189816], [-0.03649626, -0.00179172, 0.08081936, -0.00871697, -0.0205207, -0.0443231], [0.03003138, 0.04289323, -0.0179752, 0.03954944, 0.03565352, -0.01205618], [0.05281756, -0.03996124, -0.03475254, -0.03254806, 0.01302112, -0.01806502], [-0.05173066, -0.01431141, 0.0843927, -0.00131564, -0.00619888, -0.03266203], [0.03814826, 0.05549992, -0.0180687, 0.03171394, 0.01876011, -0.02007957], [0.01231204, -0.01348496, -0.00552737, 0.03672603, -0.04202502, -0.00678467], [-0.00836895, 0.01674368, -0.03957278, -0.02708406, 0.01984456, 0.04794173], [-0.02263471, -0.02002238, 0.07044493, -0.00998264, 0.03553808, -0.04781022]], "number of molecular orbitals": 77, "number of electrons": 84, "number of unpaired electrons": 0, "orbital energies/eV": [-19.39780013, -18.60225082, -18.05905268, -17.9564893, -17.71641337, -17.52988875, -17.26854887, -17.10404127, -16.84141379, -16.39741212, -16.33092396, -16.06112144, -15.93299781, -15.7333353, -15.33135148, -15.27348758, -15.1585294, -14.70518002, -14.47896105, -14.42807181, -14.25803333, -14.00835417, -13.84468972, -13.71902606, -13.64075275, -13.35920599, -13.06040997, -12.92044223, -12.79859922, -12.75347258, -12.63409053, -12.54632714, -12.44046344, -12.32536136, -12.20309883, -12.1045036, -12.01106337, -11.31934105, -10.59595508, -10.52928057, -10.1533161, -10.00636746, -6.36230023, -6.26444816, -3.01366656, 0.33228111, 0.74799104, 1.31744304, 2.08591559, 2.68597429, 2.8977243, 2.95905776, 3.1803958, 3.44952472, 3.59857045, 3.93986777, 4.09618137, 4.17180198, 4.44422664, 4.86038332, 4.99718493, 5.26108979, 5.6065231, 5.61972677, 5.75790223, 6.02962844, 6.40323149, 6.62835696, 6.78002498, 7.14522974, 7.24905127, 7.47974256, 8.2447822, 11.76693405, 12.3327765, 13.02601538, 17.67563075], "fractional occupation": [2.0, 2.0, 2.0, 2.0, 2.0, 2.0, 2.0, 2.0, 2.0, 2.0, 2.0, 2.0, 2.0, 2.0, 2.0, 2.0, 2.0, 2.0, 2.0, 2.0, 2.0, 2.0, 2.0, 2.0, 2.0, 2.0, 2.0, 2.0, 2.0, 2.0, 2.0, 2.0, 2.0, 2.0, 2.0, 2.0, 2.0, 2.0, 2.0, 2.0, 2.0, 2.0, 0.0, 0.0, 0.0, 0.0, 0.0, 0.0, 0.0, 0.0, 0.0, 0.0, 0.0, 0.0, 0.0, 0.0, 0.0, 0.0, 0.0, 0.0, 0.0, 0.0, 0.0, 0.0, 0.0, 0.0, 0.0, 0.0, 0.0, 0.0, 0.0, 0.0, 0.0, 0.0, 0.0, 0.0, 0.0], "program call": "xtb /home/svss/Project-DBcg-Debug/aqme2_20220329/End-to-End-workflows-final/example-3/QDESCP/mol_637_rdkit_conf_11/mol_637_rdkit_conf_11.xyz --pop --wbo --acc 0.2 --gfn 2 --chrg 0 --uhf 0 --etemp 300 --input /home/svss/Project-DBcg-Debug/aqme2_20220329/End-to-End-workflows-final/example-3/QDESCP/mol_637_rdkit_conf_11/mol_637_rdkit_conf_11_xtb.inp", "method": "GFN2-xTB", "xtb version": "6.3.3 (7355c4f)", "Dipole module/D": 3.202, "Total charge": 0, "Transition dipole module/D": NaN, "HOMO": -10.0064, "LUMO": -6.3623, "HOMO occupancy": 2.0, "LUMO occupancy": 0, "mulliken charges": [-0.0953, 0.10454, -0.3585, 0.43768, -0.44066, 0.44262, -0.35772, 0.13555, -0.1001, -0.10471, -0.45215, 0.53182, -0.4094, 0.17472, -0.42171, 0.03034, 0.0311, 0.03709, 0.03266, 0.02074, 0.21921, 0.21826, 0.03462, 0.03826, 0.03107, 0.0295, 0.03953, 0.03203, 0.02958, 0.02718, 0.02926, 0.03288], "cm5 charges": [-0.23978, 0.05603, -0.69922, 0.65466, -0.61648, 0.66076, -0.69774, 0.12379, -0.24231, -0.24676, -0.63249, 0.71195, -0.4809, 0.05849, -0.59387, 0.08372, 0.0823, 0.09052, 0.10005, 0.08641, 0.42056, 0.42015, 0.1062, 0.0919, 0.08284, 0.08347, 0.09492, 0.08388, 0.08364, 0.08963, 0.09149, 0.09218], "FUKUI+": [0.013, 0.015, -0.058, -0.053, -0.103, -0.05, -0.056, 0.008, 0.013, 0.013, -0.099, -0.062, -0.074, 0.028, -0.098, -0.018, -0.03, -0.019, -0.022, -0.025, -0.045, -0.044, -0.015, -0.016, -0.029, -0.019, 0.003, -0.034, -0.019, -0.029, -0.028, -0.05], "FUKUI-": [0.016, 0.016, -0.075, 0.003, -0.098, 0.001, -0.067, 0.002, 0.012, 0.007, -0.092, -0.003, -0.063, 0.021, -0.107, -0.034, -0.035, -0.035, -0.042, -0.059, -0.043, -0.04, -0.025, -0.029, -0.034, -0.03, -0.011, -0.037, -0.027, -0.026, -0.026, -0.041], "FUKUIrad": [0.014, 0.016, -0.067, -0.025, -0.1, -0.025, -0.061, 0.005, 0.013, 0.01, -0.095, -0.032, -0.069, 0.025, -0.102, -0.026, -0.032, -0.027, -0.032, -0.042, -0.044, -0.042, -0.02, -0.022, -0.031, -0.024, -0.004, -0.036, -0.023, -0.028, -0.027, -0.045], "s proportion": [1.012, 1.001, 1.456, 0.98, 1.527, 0.975, 1.448, 1.028, 1.016, 1.018, 1.534, 0.959, 1.691, 0.97, 1.529, 0.97, 0.969, 0.963, 0.967, 0.979, 0.781, 0.782, 0.965, 0.962, 0.969, 0.97, 0.96, 0.968, 0.97, 0.973, 0.971, 0.967], "p proportion": [3.084, 2.895, 3.902, 2.583, 3.914, 2.582, 3.909, 2.837, 3.084, 3.087, 3.918, 2.509, 4.718, 2.856, 3.893, 0.0, 0.0, 0.0, 0.0, 0.0, 0.0, 0.0, 0.0, 0.0, 0.0, 0.0, 0.0, 0.0, 0.0, 0.0, 0.0, 0.0], "d proportion": [0.0, 0.0, 0.0, 0.0, 0.0, 0.0, 0.0, 0.0, 0.0, 0.0, 0.0, 0.0, 0.0, 0.0, 0.0, 0.0, 0.0, 0.0, 0.0, 0.0, 0.0, 0.0, 0.0, 0.0, 0.0, 0.0, 0.0, 0.0, 0.0, 0.0, 0.0, 0.0], "Fermi-level/eV": -8.1843, "Coordination numbers": [3.751, 3.748, 2.698, 2.947, 1.842, 2.936, 2.702, 3.79, 3.755, 3.752, 1.844, 2.93, 1.703, 3.656, 1.845, 0.924, 0.924, 0.924, 0.924, 0.924, 0.86, 0.86, 0.924, 0.924, 0.924, 0.924, 0.924, 0.924, 0.924, 0.924, 0.924, 0.924], "Dispersion coefficient C6": [22.715, 20.356, 25.32, 22.679, 29.871, 22.63, 25.218, 19.717, 22.78, 22.678, 30.387, 21.431, 18.294, 20.273, 29.773, 2.429, 2.378, 2.297, 2.131, 2.626, 1.176, 1.197, 2.126, 2.331, 2.374, 2.426, 2.49, 2.398, 2.481, 2.244, 2.252, 2.163], "Total dispersion C6": 9531.784892, "Total dispersion C8": 207594.822347, "Polarizability alpha": [6.797, 6.435, 7.473, 7.811, 8.1, 7.802, 7.458, 6.324, 6.806, 6.791, 8.17, 7.592, 5.775, 6.463, 8.087, 2.437, 2.411, 2.37, 2.283, 2.534, 1.699, 1.714, 2.28, 2.388, 2.41, 2.436, 2.468, 2.422, 2.463, 2.343, 2.347, 2.3], "Total polarizability alpha": 147.186976, "Wiberg matrix": [[0.0, 1.0191369920628286, 0.0, 0.0, 0.0, 0.0, 0.0, 0.0, 0.0, 0.0, 0.0, 0.0, 0.0, 0.0, 0.0, 0.9862589016785497, 0.9852204573499175, 0.9862867577906784, 0.0, 0.0, 0.0, 0.0, 0.0, 0.0, 0.0, 0.0, 0.0, 0.0, 0.0, 0.0, 0.0, 0.0], [1.0191369920628286, 0.0, 0.9884481481048492, 0.0, 0.0, 0.0, 0.0, 0.0, 0.0, 0.0, 0.0, 0.0, 0.0, 0.0, 0.0, 0.0, 0.0, 0.0, 0.9699844819990173, 0.9699847225726691, 0.0, 0.0, 0.0, 0.0, 0.0, 0.0, 0.0, 0.0, 0.0, 0.0, 0.0, 0.0], [0.0, 0.9884481481048492, 0.0, 1.1777383264719128, 0.0, 0.0, 0.0, 0.0, 0.0, 0.0, 0.0, 0.0, 0.0, 0.0, 0.0, 0.0, 0.0, 0.0, 0.0, 0.0, 0.9314447068731753, 0.0, 0.0, 0.0, 0.0, 0.0, 0.0, 0.0, 0.0, 0.0, 0.0, 0.0], [0.0, 0.0, 1.1777383264719128, 0.0, 1.3365797119108773, 0.0, 0.0, 0.0, 0.0, 0.0, 0.0, 0.0, 0.0, 0.0, 1.3228004516309575, 0.0, 0.0, 0.0, 0.0, 0.0, 0.0, 0.0, 0.0, 0.0, 0.0, 0.0, 0.0, 0.0, 0.0, 0.0, 0.0, 0.0], [0.0, 0.0, 0.0, 1.3365797119108773, 0.0, 1.335873062054007, 0.0, 0.0, 0.0, 0.0, 0.0, 0.0, 0.0, 0.0, 0.0, 0.0, 0.0, 0.0, 0.0, 0.0, 0.0, 0.0, 0.0, 0.0, 0.0, 0.0, 0.0, 0.0, 0.0, 0.0, 0.0, 0.0], [0.0, 0.0, 0.0, 0.0, 1.335873062054007, 0.0, 1.1939316464943808, 0.0, 0.0, 0.0, 1.3075558804921155, 0.0, 0.0, 0.0, 0.0, 0.0, 0.0, 0.0, 0.0, 0.0, 0.0, 0.0, 0.0, 0.0, 0.0, 0.0, 0.0, 0.0, 0.0, 0.0, 0.0, 0.0], [0.0, 0.0, 0.0, 0.0, 0.0, 1.1939316464943808, 0.0, 0.9796833574146427, 0.0, 0.0, 0.0, 0.0, 0.0, 0.0, 0.0, 0.0, 0.0, 0.0, 0.0, 0.0, 0.0, 0.9327995882182021, 0.0, 0.0, 0.0, 0.0, 0.0, 0.0, 0.0, 0.0, 0.0, 0.0], [0.0, 0.0, 0.0, 0.0, 0.0, 0.0, 0.9796833574146427, 0.0, 1.005326343435683, 0.9990585202257437, 0.0, 0.0, 0.0, 0.0, 0.0, 0.0, 0.0, 0.0, 0.0, 0.0, 0.0, 0.0, 0.9607622008492237, 0.0, 0.0, 0.0, 0.0, 0.0, 0.0, 0.0, 0.0, 0.0], [0.0, 0.0, 0.0, 0.0, 0.0, 0.0, 0.0, 1.005326343435683, 0.0, 0.0, 0.0, 0.0, 0.0, 0.0, 0.0, 0.0, 0.0, 0.0, 0.0, 0.0, 0.0, 0.0, 0.0, 0.9857052631977392, 0.9851454474985872, 0.985769670914794, 0.0, 0.0, 0.0, 0.0, 0.0, 0.0], [0.0, 0.0, 0.0, 0.0, 0.0, 0.0, 0.0, 0.9990585202257437, 0.0, 0.0, 0.0, 0.0, 0.0, 0.0, 0.0, 0.0, 0.0, 0.0, 0.0, 0.0, 0.0, 0.0, 0.0, 0.0, 0.0, 0.0, 0.9857879675278176, 0.984261954770345, 0.9855885220131283, 0.0, 0.0, 0.0], [0.0, 0.0, 0.0, 0.0, 0.0, 1.3075558804921155, 0.0, 0.0, 0.0, 0.0, 0.0, 1.3542087274027197, 0.0, 0.0, 0.0, 0.0, 0.0, 0.0, 0.0, 0.0, 0.0, 0.0, 0.0, 0.0, 0.0, 0.0, 0.0, 0.0, 0.0, 0.0, 0.0, 0.0], [0.0, 0.0, 0.0, 0.0, 0.0, 0.0, 0.0, 0.0, 0.0, 0.0, 1.3542087274027197, 0.0, 1.088059826316689, 0.0, 1.3553423575261383, 0.0, 0.0, 0.0, 0.0, 0.0, 0.0, 0.0, 0.0, 0.0, 0.0, 0.0, 0.0, 0.0, 0.0, 0.0, 0.0, 0.0], [0.0, 0.0, 0.0, 0.0, 0.0, 0.0, 0.0, 0.0, 0.0, 0.0, 0.0, 1.088059826316689, 0.0, 0.9730281030654064, 0.0, 0.0, 0.0, 0.0, 0.0, 0.0, 0.0, 0.0, 0.0, 0.0, 0.0, 0.0, 0.0, 0.0, 0.0, 0.0, 0.0, 0.0], [0.0, 0.0, 0.0, 0.0, 0.0, 0.0, 0.0, 0.0, 0.0, 0.0, 0.0, 0.0, 0.9730281030654064, 0.0, 0.0, 0.0, 0.0, 0.0, 0.0, 0.0, 0.0, 0.0, 0.0, 0.0, 0.0, 0.0, 0.0, 0.0, 0.0, 0.9776014251720502, 0.9781001544463092, 0.9804085158754915], [0.0, 0.0, 0.0, 1.3228004516309575, 0.0, 0.0, 0.0, 0.0, 0.0, 0.0, 0.0, 1.3553423575261383, 0.0, 0.0, 0.0, 0.0, 0.0, 0.0, 0.0, 0.0, 0.0, 0.0, 0.0, 0.0, 0.0, 0.0, 0.0, 0.0, 0.0, 0.0, 0.0, 0.0], [0.9862589016785497, 0.0, 0.0, 0.0, 0.0, 0.0, 0.0, 0.0, 0.0, 0.0, 0.0, 0.0, 0.0, 0.0, 0.0, 0.0, 0.0, 0.0, 0.0, 0.0, 0.0, 0.0, 0.0, 0.0, 0.0, 0.0, 0.0, 0.0, 0.0, 0.0, 0.0, 0.0], [0.9852204573499175, 0.0, 0.0, 0.0, 0.0, 0.0, 0.0, 0.0, 0.0, 0.0, 0.0, 0.0, 0.0, 0.0, 0.0, 0.0, 0.0, 0.0, 0.0, 0.0, 0.0, 0.0, 0.0, 0.0, 0.0, 0.0, 0.0, 0.0, 0.0, 0.0, 0.0, 0.0], [0.9862867577906784, 0.0, 0.0, 0.0, 0.0, 0.0, 0.0, 0.0, 0.0, 0.0, 0.0, 0.0, 0.0, 0.0, 0.0, 0.0, 0.0, 0.0, 0.0, 0.0, 0.0, 0.0, 0.0, 0.0, 0.0, 0.0, 0.0, 0.0, 0.0, 0.0, 0.0, 0.0], [0.0, 0.9699844819990173, 0.0, 0.0, 0.0, 0.0, 0.0, 0.0, 0.0, 0.0, 0.0, 0.0, 0.0, 0.0, 0.0, 0.0, 0.0, 0.0, 0.0, 0.0, 0.0, 0.0, 0.0, 0.0, 0.0, 0.0, 0.0, 0.0, 0.0, 0.0, 0.0, 0.0], [0.0, 0.9699847225726691, 0.0, 0.0, 0.0, 0.0, 0.0, 0.0, 0.0, 0.0, 0.0, 0.0, 0.0, 0.0, 0.0, 0.0, 0.0, 0.0, 0.0, 0.0, 0.0, 0.0, 0.0, 0.0, 0.0, 0.0, 0.0, 0.0, 0.0, 0.0, 0.0, 0.0], [0.0, 0.0, 0.9314447068731753, 0.0, 0.0, 0.0, 0.0, 0.0, 0.0, 0.0, 0.0, 0.0, 0.0, 0.0, 0.0, 0.0, 0.0, 0.0, 0.0, 0.0, 0.0, 0.0, 0.0, 0.0, 0.0, 0.0, 0.0, 0.0, 0.0, 0.0, 0.0, 0.0], [0.0, 0.0, 0.0, 0.0, 0.0, 0.0, 0.9327995882182021, 0.0, 0.0, 0.0, 0.0, 0.0, 0.0, 0.0, 0.0, 0.0, 0.0, 0.0, 0.0, 0.0, 0.0, 0.0, 0.0, 0.0, 0.0, 0.0, 0.0, 0.0, 0.0, 0.0, 0.0, 0.0], [0.0, 0.0, 0.0, 0.0, 0.0, 0.0, 0.0, 0.9607622008492237, 0.0, 0.0, 0.0, 0.0, 0.0, 0.0, 0.0, 0.0, 0.0, 0.0, 0.0, 0.0, 0.0, 0.0, 0.0, 0.0, 0.0, 0.0, 0.0, 0.0, 0.0, 0.0, 0.0, 0.0], [0.0, 0.0, 0.0, 0.0, 0.0, 0.0, 0.0, 0.0, 0.9857052631977392, 0.0, 0.0, 0.0, 0.0, 0.0, 0.0, 0.0, 0.0, 0.0, 0.0, 0.0, 0.0, 0.0, 0.0, 0.0, 0.0, 0.0, 0.0, 0.0, 0.0, 0.0, 0.0, 0.0], [0.0, 0.0, 0.0, 0.0, 0.0, 0.0, 0.0, 0.0, 0.9851454474985872, 0.0, 0.0, 0.0, 0.0, 0.0, 0.0, 0.0, 0.0, 0.0, 0.0, 0.0, 0.0, 0.0, 0.0, 0.0, 0.0, 0.0, 0.0, 0.0, 0.0, 0.0, 0.0, 0.0], [0.0, 0.0, 0.0, 0.0, 0.0, 0.0, 0.0, 0.0, 0.985769670914794, 0.0, 0.0, 0.0, 0.0, 0.0, 0.0, 0.0, 0.0, 0.0, 0.0, 0.0, 0.0, 0.0, 0.0, 0.0, 0.0, 0.0, 0.0, 0.0, 0.0, 0.0, 0.0, 0.0], [0.0, 0.0, 0.0, 0.0, 0.0, 0.0, 0.0, 0.0, 0.0, 0.9857879675278176, 0.0, 0.0, 0.0, 0.0, 0.0, 0.0, 0.0, 0.0, 0.0, 0.0, 0.0, 0.0, 0.0, 0.0, 0.0, 0.0, 0.0, 0.0, 0.0, 0.0, 0.0, 0.0], [0.0, 0.0, 0.0, 0.0, 0.0, 0.0, 0.0, 0.0, 0.0, 0.984261954770345, 0.0, 0.0, 0.0, 0.0, 0.0, 0.0, 0.0, 0.0, 0.0, 0.0, 0.0, 0.0, 0.0, 0.0, 0.0, 0.0, 0.0, 0.0, 0.0, 0.0, 0.0, 0.0], [0.0, 0.0, 0.0, 0.0, 0.0, 0.0, 0.0, 0.0, 0.0, 0.9855885220131283, 0.0, 0.0, 0.0, 0.0, 0.0, 0.0, 0.0, 0.0, 0.0, 0.0, 0.0, 0.0, 0.0, 0.0, 0.0, 0.0, 0.0, 0.0, 0.0, 0.0, 0.0, 0.0], [0.0, 0.0, 0.0, 0.0, 0.0, 0.0, 0.0, 0.0, 0.0, 0.0, 0.0, 0.0, 0.0, 0.9776014251720502, 0.0, 0.0, 0.0, 0.0, 0.0, 0.0, 0.0, 0.0, 0.0, 0.0, 0.0, 0.0, 0.0, 0.0, 0.0, 0.0, 0.0, 0.0], [0.0, 0.0, 0.0, 0.0, 0.0, 0.0, 0.0, 0.0, 0.0, 0.0, 0.0, 0.0, 0.0, 0.9781001544463092, 0.0, 0.0, 0.0, 0.0, 0.0, 0.0, 0.0, 0.0, 0.0, 0.0, 0.0, 0.0, 0.0, 0.0, 0.0, 0.0, 0.0, 0.0], [0.0, 0.0, 0.0, 0.0, 0.0, 0.0, 0.0, 0.0, 0.0, 0.0, 0.0, 0.0, 0.0, 0.9804085158754915, 0.0, 0.0, 0.0, 0.0, 0.0, 0.0, 0.0, 0.0, 0.0, 0.0, 0.0, 0.0, 0.0, 0.0, 0.0, 0.0, 0.0, 0.0]], "Born radii": [], "Atomic SASAs": [], "Solvent H bonds": [], "Total SASA": NaN, "Total FOD": 0.0, "FOD": [0.0, 0.0, 0.0, 0.0, 0.0, 0.0, 0.0, 0.0, 0.0, 0.0, 0.0, 0.0, 0.0, 0.0, 0.0, 0.0, 0.0, 0.0, 0.0, 0.0, 0.0, 0.0, 0.0, 0.0, 0.0, 0.0, 0.0, 0.0, 0.0, 0.0, 0.0, 0.0], "FOD s proportion": [0.0, 0.0, 0.0, 0.0, 0.0, 0.0, 0.0, 0.0, 0.0, 0.0, 0.0, 0.0, 0.0, 0.0, 0.0, 0.0, 0.0, 0.0, 0.0, 0.0, 0.0, 0.0, 0.0, 0.0, 0.0, 0.0, 0.0, 0.0, 0.0, 0.0, 0.0, 0.0], "FOD p proportion": [0.0, 0.0, 0.0, 0.0, 0.0, 0.0, 0.0, 0.0, 0.0, 0.0, 0.0, 0.0, 0.0, 0.0, 0.0, 0.0, 0.0, 0.0, 0.0, 0.0, 0.0, 0.0, 0.0, 0.0, 0.0, 0.0, 0.0, 0.0, 0.0, 0.0, 0.0, 0.0], "FOD d proportion": [0.0, 0.0, 0.0, 0.0, 0.0, 0.0, 0.0, 0.0, 0.0, 0.0, 0.0, 0.0, 0.0, 0.0, 0.0, 0.0, 0.0, 0.0, 0.0, 0.0, 0.0, 0.0, 0.0, 0.0, 0.0, 0.0, 0.0, 0.0, 0.0, 0.0, 0.0, 0.0], "coordinates": [["-4.25110", "-1.82150", "-0.15040"], ["-2.82010", "-1.31840", "-0.04240"], ["-2.77780", "0.08860", "-0.39320"], ["-1.52920", "0.68690", "-0.26320"], ["-0.42380", "-0.00630", "-0.50590"], ["0.72290", "0.64590", "-0.36950"], ["1.92770", "0.00690", "-0.61130"], ["1.99390", "-1.43230", "-0.40120"], ["3.26440", "-1.95190", "-1.07530"], ["2.01970", "-1.76270", "1.09100"], ["0.81790", "1.91140", "0.00260"], ["-0.34730", "2.51110", "0.21880"], ["-0.37200", "3.83110", "0.62130"], ["0.90520", "4.45300", "0.58120"], ["-1.54410", "1.95230", "0.11620"], ["-4.91260", "-1.27470", "0.52990"], ["-4.30180", "-2.88460", "0.10400"], ["-4.63650", "-1.69300", "-1.16750"], ["-2.19110", "-1.90830", "-0.71970"], ["-2.46270", "-1.47270", "0.98300"], ["-3.42920", "0.68730", "0.10440"], ["2.66650", "0.55870", "-0.19150"], ["1.14340", "-1.93900", "-0.87410"], ["3.25460", "-1.72570", "-2.14740"], ["3.35190", "-3.03730", "-0.95980"], ["4.16190", "-1.48990", "-0.64870"], ["1.09920", "-1.43720", "1.58690"], ["2.11780", "-2.84210", "1.24810"], ["2.85810", "-1.26810", "1.59440"], ["1.59130", "3.99750", "1.30370"], ["1.32820", "4.43310", "-0.42940"], ["0.77470", "5.50190", "0.86500"]], "bond_dist": [[0.0, 1.520702012229878, 2.424468341719479, 3.70317890602115, 4.250830104814823, 5.556684584354235, 6.46011182643149, 6.2621403912719815, 7.573320567624218, 6.392766540395479, 6.297039972082121, 5.8435764596691975, 6.898900235544793, 8.154263823301278, 4.651934113892843, 1.0951623532609218, 1.094290391075422, 1.0952341393510336, 2.1389803014520727, 2.1458405252953914, 2.6522669718563403, 7.315752251819358, 5.444095718298862, 7.767413928071556, 7.742022151867043, 8.434265258456128, 5.638404727402955, 6.600023774199605, 7.3410696250614595, 8.373100117041478, 8.386086730412464, 8.939904382038993], [1.520702012229878, 0.0, 1.450689122451809, 2.3950790258361, 2.771045353291786, 4.0642733544878595, 4.9620229886609755, 4.828696164597644, 6.20397815196024, 4.990557292527559, 4.865046458154331, 4.565964906785859, 5.740299778757204, 6.897520932190057, 3.5143717006031103, 2.1697910567609964, 2.1609836394568096, 2.169212790391943, 1.0965209984309467, 1.0968082831561767, 2.101281880186473, 5.80073398631587, 4.097096715968516, 6.441963860500927, 6.472234851270464, 7.010373452249174, 4.246132878278775, 5.32634099077406, 5.909619240695631, 7.037842565729927, 7.101965512447944, 7.76288953225537], [2.424468341719479, 1.450689122451809, 0.0, 1.390634693224644, 2.358606219783201, 3.544861840749227, 4.7112602082669985, 5.008225404272455, 6.413819571830814, 5.352211466300635, 4.050717957350277, 3.485739591535776, 4.563265293624731, 5.793266066736448, 2.292352882956723, 2.6959361157119432, 3.3778250517159707, 2.688569273796009, 2.1067578764537704, 2.104963690898254, 1.0150711354383, 5.468279381121634, 4.440522042508065, 6.539017654816356, 6.904021180442598, 7.121543273055356, 4.61302402443343, 5.937151466823126, 6.1281773358805465, 6.103114256672572, 5.977894837649789, 6.5959942677355325], [3.70317890602115, 2.3950790258361, 1.390634693224644, 0.0, 1.3271543580156755, 2.2549800664307433, 3.5403010069766667, 4.113670654050954, 5.531850758109802, 4.519854976655777, 2.6606255467464788, 2.2264135397540143, 3.465176147037839, 4.56320325319835, 1.321137210890678, 3.990523490721487, 4.5362714700511475, 4.017087973893527, 2.7169039180655616, 2.662387809842886, 1.9352338153308504, 4.19827043197553, 3.79622712439601, 5.679400570482768, 6.179001085126949, 6.105381863569224, 3.852681842561101, 5.29513717386056, 5.149864469090424, 4.811732351243157, 4.714485299584674, 5.455732347723814], [4.250830104814823, 2.771045353291786, 2.358606219783201, 1.3271543580156755, 0.0, 1.3262317633053433, 2.3538979693266233, 2.808863004847335, 4.208609623141591, 3.4067173084950855, 2.3405051655572136, 2.6207527735366414, 3.9998627276445378, 4.778429020085996, 2.34055430614203, 4.778184345543817, 4.867799595299708, 4.585794668320857, 2.60512259404428, 2.919634459996662, 3.1441972282285344, 3.157218150524287, 2.515356111965063, 4.379667244209314, 4.8630131297375705, 4.821836298548511, 2.957501589179624, 4.192613528576179, 4.095639991503159, 4.833807465135532, 4.773219941506991, 5.801382274941034], [5.556684584354235, 4.0642733544878595, 3.544861840749227, 2.2549800664307433, 1.3262317633053433, 0.0, 1.38503836769961, 2.4362596598064004, 3.7021535259899743, 3.1009844324020714, 1.3224876785815434, 2.2294384876017546, 3.510838886932865, 3.928240597264888, 2.6611791465438777, 6.021335812757831, 6.159240423136606, 5.901730726659765, 3.890754898474074, 4.057803540094074, 4.179261846307312, 1.9536808337085154, 2.667048822200299, 3.8980661692690646, 4.563557530041667, 4.057870781579916, 2.8824309636138725, 4.09005131630399, 3.4755399940153184, 3.845378961818978, 3.835734602393653, 5.010729436918341], [6.46011182643149, 4.9620229886609755, 4.7112602082669985, 3.5403010069766667, 2.3538979693266233, 1.38503836769961, 0.0, 1.4559605386135983, 2.4163940758907683, 2.4571881185615396, 2.288154168756992, 3.483634402459592, 4.629517090366986, 4.715439291306803, 4.045643663250633, 7.0522719807165695, 6.9050051839227455, 6.803509395157766, 4.5435949467354595, 4.899655172560616, 5.447159650680343, 1.01318345821475, 2.1144070421751815, 2.6687393241004265, 3.37889797567195, 2.6895089960808836, 2.7575206798861904, 3.4073901112141534, 2.712265040515031, 4.4390627749559926, 4.470317024552061, 5.805505636032058], [6.2621403912719815, 4.828696164597644, 5.008225404272455, 4.113670654050954, 2.808863004847335, 2.4362596598064004, 1.4559605386135983, 0.0, 1.5292368096537567, 1.5285583534821299, 3.5674024345453375, 4.627744699094797, 5.860577498847703, 6.06523977596929, 4.923480874340836, 6.9707623126886205, 6.4807592780475956, 6.679624565797093, 4.224007960456515, 4.666789620285019, 5.844514447753551, 2.1119767636032365, 1.0971460932801977, 2.1736288758663473, 2.1753673161100866, 2.182841728114982, 2.1801499283306183, 2.1732643051410014, 2.1808765760583517, 5.705392082057114, 5.903123655320122, 7.153519463872311], [7.573320567624218, 6.20397815196024, 6.413819571830814, 5.531850758109802, 4.208609623141591, 3.7021535259899743, 2.4163940758907683, 1.5292368096537567, 0.0, 2.5055798570390846, 4.698118511702317, 5.885358162423083, 7.038817054022644, 7.023714181257663, 6.307465587698438, 8.360538013788346, 7.714146759039525, 7.905678393408121, 5.467250915222385, 6.104580734170038, 7.291183010321439, 2.7279478019199708, 2.130560689114488, 1.0957467271226506, 1.0950295247161148, 1.09587308115493, 3.469915844800851, 2.7395866768547403, 2.7856705153337855, 6.6222552782265955, 6.70330383094784, 8.094597248782671], [6.392766540395479, 4.990557292527559, 5.352211466300635, 4.519854976655777, 3.4067173084950855, 3.1009844324020714, 2.4571881185615396, 1.5285583534821299, 2.5055798570390846, 0.0, 4.015961729150317, 4.962739997219278, 6.101757568111011, 6.335371558164525, 5.239478073243555, 6.972070029768777, 6.495705570605861, 7.0292729908575895, 4.585920898794483, 4.4930695253913, 6.05527792673466, 2.7298451329700004, 2.1588426042673885, 3.466061391550935, 2.7577423084835173, 2.7730843423884535, 1.0950741116472436, 1.0951750453694604, 1.0958810519394886, 5.78002351984834, 6.416987303244412, 7.373975465107], [6.297039972082121, 4.865046458154331, 4.050717957350277, 2.6606255467464788, 2.3405051655572136, 1.3224876785815434, 2.288154168756992, 3.5674024345453375, 4.698118511702317, 4.015961729150317, 0.0, 1.3281843132637878, 2.3417727878681998, 2.608089302535479, 2.3650838822333555, 6.577834655112577, 7.015926599530528, 6.641634793482701, 4.915883072246532, 4.814109816985899, 4.421158497498139, 2.2988679953403155, 3.962339372138636, 4.877345927858717, 5.642428683643241, 4.814080325461967, 3.715139047195946, 5.0829885412029014, 4.099446734621637, 2.5773672574935844, 2.6088313437246184, 3.692870191328149], [5.8435764596691975, 4.565964906785859, 3.485739591535776, 2.2264135397540143, 2.6207527735366414, 2.2294384876017546, 3.483634402459592, 4.627744699094797, 5.885358162423083, 4.962739997219278, 1.3281843132637878, 0.0, 1.3802232935289858, 2.3390309147166057, 1.3248073218396705, 5.938941735696689, 6.690652268650642, 6.1638884756296495, 4.879700508227938, 4.57488592644669, 3.5829375392267164, 3.61430522922456, 4.818714238258998, 6.043431168632601, 6.771847691730818, 6.090438563026475, 4.421892439894937, 5.982719008945681, 5.14288023971004, 2.6729315236271955, 2.6308834048661294, 3.2590402084049224], [6.898900235544793, 5.740299778757204, 4.563265293624731, 3.465176147037839, 3.9998627276445378, 3.510838886932865, 4.629517090366986, 5.860577498847703, 7.038817054022644, 6.101757568111011, 2.3417727878681998, 1.3802232935289858, 0.0, 1.4211289385555417, 2.271306641561196, 6.833344419828405, 7.798176313728743, 7.204265854339359, 6.168315667181763, 5.712455498294932, 4.415556124657459, 4.538912628592888, 6.150342456318998, 7.1899898115365914, 7.971337841291135, 7.105081998823096, 5.554439457767093, 7.1500755604399036, 6.114107478610431, 2.085163209439491, 2.087355870473456, 2.0410495388402508], [8.154263823301278, 6.897520932190057, 5.793266066736448, 4.56320325319835, 4.778429020085996, 3.928240597264888, 4.715439291306803, 6.06523977596929, 7.023714181257663, 6.335371558164525, 2.608089302535479, 2.3390309147166057, 1.4211289385555417, 0.0, 3.5311182336478057, 8.164311105047382, 9.010046759035161, 8.45823306489009, 7.193438134160883, 6.827745904762419, 5.761497903323406, 4.3433645334003455, 6.5599010152593005, 7.151312607486824, 8.029048261157733, 6.887438515878018, 5.978588841022603, 7.425202918439334, 6.129549564201271, 1.0955453938564117, 1.0957359946629481, 1.094424003757227], [4.651934113892843, 3.5143717006031103, 2.292352882956723, 1.321137210890678, 2.34055430614203, 2.6611791465438777, 4.045643663250633, 4.923480874340836, 6.307465587698438, 5.239478073243555, 2.3650838822333555, 1.3248073218396705, 2.271306641561196, 3.5311182336478057, 0.0, 4.68310462620685, 5.567823608915785, 4.9496500421746985, 4.002695363127201, 3.6504510954127296, 2.2702348446801706, 4.44589165522508, 4.831724953885517, 6.455934529562704, 7.072814161279794, 6.707626171008638, 4.542984000632184, 6.1381577513126855, 5.651142914490837, 3.9273060041203816, 3.8343389638893424, 4.305484297962309], [1.0951623532609218, 2.1697910567609964, 2.6959361157119432, 3.990523490721487, 4.778184345543817, 6.021335812757831, 7.0522719807165695, 6.9707623126886205, 8.360538013788346, 6.972070029768777, 6.577834655112577, 5.938941735696689, 6.833344419828405, 8.164311105047382, 4.68310462620685, 0.0, 1.7737658977441189, 1.7698510841310917, 3.06096575773072, 2.499302626734106, 2.4961910603958186, 7.8309980417568745, 6.252011395543037, 8.606653945059023, 8.580671599589394, 9.153248562668885, 6.10617674899769, 7.238720754387477, 7.843276247844392, 8.408066037442856, 8.511569888686811, 8.853246910597266], [1.094290391075422, 2.1609836394568096, 3.3778250517159707, 4.5362714700511475, 4.867799595299708, 6.159240423136606, 6.9050051839227455, 6.4807592780475956, 7.714146759039525, 6.495705570605861, 7.015926599530528, 6.690652268650642, 7.798176313728743, 9.010046759035161, 5.567823608915785, 1.7737658977441189, 0.0, 1.7744427012445343, 2.4671233998322823, 2.4795950112871257, 3.6769417360083363, 7.778228592038164, 5.612578909022126, 7.969380912592897, 7.728784601733963, 8.610805018695986, 5.784873392737303, 6.520892210426423, 7.489895354409166, 9.139540913525142, 9.248251123861204, 9.832769472534176], [1.0952341393510336, 2.169212790391943, 2.688569273796009, 4.017087973893527, 4.585794668320857, 5.901730726659765, 6.803509395157766, 6.679624565797093, 7.905678393408121, 7.0292729908575895, 6.641634793482701, 6.1638884756296495, 7.204265854339359, 8.45823306489009, 4.9496500421746985, 1.7698510841310917, 1.7744427012445343, 0.0, 2.495367726408274, 3.065711790106826, 2.956540375168247, 7.704319430683024, 5.792567959894816, 7.951775431310922, 8.103383018221464, 8.816022096728206, 6.3679201855865, 7.264717658656804, 7.998603676892611, 8.790569522505354, 8.58204747772931, 9.229232237840806], [2.1389803014520727, 1.0965209984309467, 2.1067578764537704, 2.7169039180655616, 2.60512259404428, 3.890754898474074, 4.5435949467354595, 4.224007960456515, 5.467250915222385, 4.585920898794483, 4.915883072246532, 4.879700508227938, 6.168315667181763, 7.193438134160883, 4.002695363127201, 3.06096575773072, 2.4671233998322823, 2.495367726408274, 0.0, 1.7783984958383205, 2.9915166354209033, 5.473697287939843, 3.3382139086643328, 5.632700821098171, 5.661902331372381, 6.367158593909845, 4.045789522454178, 4.828129916437626, 5.591004873008071, 7.2992582472467715, 7.258312513249895, 8.137463226952242], [2.1458405252953914, 1.0968082831561767, 2.104963690898254, 2.662387809842886, 2.919634459996662, 4.057803540094074, 4.899655172560616, 4.666789620285019, 6.104580734170038, 4.4930695253913, 4.814109816985899, 4.57488592644669, 5.712455498294932, 6.827745904762419, 3.6504510954127296, 2.499302626734106, 2.4795950112871257, 3.065711790106826, 1.7783984958383205, 0.0, 2.524214770973342, 5.6404546669572655, 4.082917254855895, 6.5231075761480435, 6.327086071802722, 6.822614300251774, 3.6129056270542135, 4.788164013481576, 5.359718626943023, 6.816219812329999, 7.158510334559836, 7.690235881947965], [2.6522669718563403, 2.101281880186473, 1.0150711354383, 1.9352338153308504, 3.1441972282285344, 4.179261846307312, 5.447159650680343, 5.844514447753551, 7.291183010321439, 6.05527792673466, 4.421158497498139, 3.5829375392267164, 4.415556124657459, 5.761497903323406, 2.2702348446801706, 2.4961910603958186, 3.6769417360083363, 2.956540375168247, 2.9915166354209033, 2.524214770973342, 0.0, 6.104232405470814, 5.3631692775820525, 7.454284317089066, 7.809512405393822, 7.932979179349962, 5.217059809892924, 6.6733741877703805, 6.750839240420409, 6.131978863303428, 6.078553679947229, 6.436743021901682], [7.315752251819358, 5.80073398631587, 5.468279381121634, 4.19827043197553, 3.157218150524287, 1.9536808337085154, 1.01318345821475, 2.1119767636032365, 2.7279478019199708, 2.7298451329700004, 2.2988679953403155, 3.61430522922456, 4.538912628592888, 4.3433645334003455, 4.44589165522508, 7.8309980417568745, 7.778228592038164, 7.704319430683024, 5.473697287939843, 5.6404546669572655, 6.104232405470814, 0.0, 3.004044217384292, 3.064292704687331, 3.7404911509051857, 2.577210693754005, 3.0988308537253206, 3.7334917289315106, 2.561903122680481, 3.9009003473557233, 4.105924823958666, 5.3972516830327635], [5.444095718298862, 4.097096715968516, 4.440522042508065, 3.79622712439601, 2.515356111965063, 2.667048822200299, 2.1144070421751815, 1.0971460932801977, 2.130560689114488, 2.1588426042673885, 3.962339372138636, 4.818714238258998, 6.150342456318998, 6.5599010152593005, 4.831724953885517, 6.252011395543037, 5.612578909022126, 5.792567959894816, 3.3382139086643328, 4.082917254855895, 5.3631692775820525, 3.004044217384292, 0.0, 2.4746626477158458, 2.4680112702335864, 3.0600389245890325, 2.5120266479478275, 2.503752745380422, 3.0795771057078603, 6.3392002255805115, 6.390271319748481, 7.650320340351769], [7.767413928071556, 6.441963860500927, 6.539017654816356, 5.679400570482768, 4.379667244209314, 3.8980661692690646, 2.6687393241004265, 2.1736288758663473, 1.0957467271226506, 3.466061391550935, 4.877345927858717, 6.043431168632601, 7.1899898115365914, 7.151312607486824, 6.455934529562704, 8.606653945059023, 7.969380912592897, 7.951775431310922, 5.632700821098171, 6.5231075761480435, 7.454284317089066, 3.064292704687331, 2.4746626477158458, 0.0, 1.7720484220246355, 1.7677377124449207, 4.321339826951822, 3.7507443861185745, 3.790471903338686, 6.887065873069606, 6.677825873740644, 8.213565579576265], [7.742022151867043, 6.472234851270464, 6.904021180442598, 6.179001085126949, 4.8630131297375705, 4.563557530041667, 3.37889797567195, 2.1753673161100866, 1.0950295247161148, 2.7577423084835173, 5.642428683643241, 6.771847691730818, 7.971337841291135, 8.029048261157733, 7.072814161279794, 8.580671599589394, 7.728784601733963, 8.103383018221464, 5.661902331372381, 6.327086071802722, 7.809512405393822, 3.7404911509051857, 2.4680112702335864, 1.7720484220246355, 0.0, 1.7740715797283944, 3.7577464243878937, 2.5369131360769925, 3.1460840293927306, 7.596812203154689, 7.757806520531431, 9.104383093872974], [8.434265258456128, 7.010373452249174, 7.121543273055356, 6.105381863569224, 4.821836298548511, 4.057870781579916, 2.6895089960808836, 2.182841728114982, 1.09587308115493, 2.7730843423884535, 4.814080325461967, 6.090438563026475, 7.105081998823096, 6.887438515878018, 6.707626171008638, 9.153248562668885, 8.610805018695986, 8.816022096728206, 6.367158593909845, 6.822614300251774, 7.932979179349962, 2.577210693754005, 3.0600389245890325, 1.7677377124449207, 1.7740715797283944, 0.0, 3.7922046279176445, 3.0991353455439796, 2.6039560844991225, 6.366428267089798, 6.56961773469355, 7.9151550060627365], [5.638404727402955, 4.246132878278775, 4.61302402443343, 3.852681842561101, 2.957501589179624, 2.8824309636138725, 2.7575206798861904, 2.1801499283306183, 3.469915844800851, 1.0950741116472436, 3.715139047195946, 4.421892439894937, 5.554439457767093, 5.978588841022603, 4.542984000632184, 6.10617674899769, 5.784873392737303, 6.3679201855865, 4.045789522454178, 3.6129056270542135, 5.217059809892924, 3.0988308537253206, 2.5120266479478275, 4.321339826951822, 3.7577464243878937, 3.7922046279176445, 0.0, 1.768071098683534, 1.7670258260704623, 5.464277513084415, 6.211145528805456, 6.984092544489942], [6.600023774199605, 5.32634099077406, 5.937151466823126, 5.29513717386056, 4.192613528576179, 4.09005131630399, 3.4073901112141534, 2.1732643051410014, 2.7395866768547403, 1.0951750453694604, 5.0829885412029014, 5.982719008945681, 7.1500755604399036, 7.425202918439334, 6.1381577513126855, 7.238720754387477, 6.520892210426423, 7.264717658656804, 4.828129916437626, 4.788164013481576, 6.6733741877703805, 3.7334917289315106, 2.503752745380422, 3.7507443861185745, 2.5369131360769925, 3.0991353455439796, 1.768071098683534, 0.0, 1.7735399008762107, 6.860059895511117, 7.507729979827458, 8.460083877834782], [7.3410696250614595, 5.909619240695631, 6.1281773358805465, 5.149864469090424, 4.095639991503159, 3.4755399940153184, 2.712265040515031, 2.1808765760583517, 2.7856705153337855, 1.0958810519394886, 4.099446734621637, 5.14288023971004, 6.114107478610431, 6.129549564201271, 5.651142914490837, 7.843276247844392, 7.489895354409166, 7.998603676892611, 5.591004873008071, 5.359718626943023, 6.750839240420409, 2.561903122680481, 3.0795771057078603, 3.790471903338686, 3.1460840293927306, 2.6039560844991225, 1.7670258260704623, 1.7735399008762107, 0.0, 5.423636426789686, 6.240195661195248, 7.1207780417592], [8.373100117041478, 7.037842565729927, 6.103114256672572, 4.811732351243157, 4.833807465135532, 3.845378961818978, 4.4390627749559926, 5.705392082057114, 6.6222552782265955, 5.78002351984834, 2.5773672574935844, 2.6729315236271955, 2.085163209439491, 1.0955453938564117, 3.9273060041203816, 8.408066037442856, 9.139540913525142, 8.790569522505354, 7.2992582472467715, 6.816219812329999, 6.131978863303428, 3.9009003473557233, 6.3392002255805115, 6.887065873069606, 7.596812203154689, 6.366428267089798, 5.464277513084415, 6.860059895511117, 5.423636426789686, 0.0, 1.8062681362411286, 1.7670632727777462], [8.386086730412464, 7.101965512447944, 5.977894837649789, 4.714485299584674, 4.773219941506991, 3.835734602393653, 4.470317024552061, 5.903123655320122, 6.70330383094784, 6.416987303244412, 2.6088313437246184, 2.6308834048661294, 2.087355870473456, 1.0957359946629481, 3.8343389638893424, 8.511569888686811, 9.248251123861204, 8.58204747772931, 7.258312513249895, 7.158510334559836, 6.078553679947229, 4.105924823958666, 6.390271319748481, 6.677825873740644, 7.757806520531431, 6.56961773469355, 6.211145528805456, 7.507729979827458, 6.240195661195248, 1.8062681362411286, 0.0, 1.7675313434278899], [8.939904382038993, 7.76288953225537, 6.5959942677355325, 5.455732347723814, 5.801382274941034, 5.010729436918341, 5.805505636032058, 7.153519463872311, 8.094597248782671, 7.373975465107, 3.692870191328149, 3.2590402084049224, 2.0410495388402508, 1.094424003757227, 4.305484297962309, 8.853246910597266, 9.832769472534176, 9.229232237840806, 8.137463226952242, 7.690235881947965, 6.436743021901682, 5.3972516830327635, 7.650320340351769, 8.213565579576265, 9.104383093872974, 7.9151550060627365, 6.984092544489942, 8.460083877834782, 7.1207780417592, 1.7670632727777462, 1.7675313434278899, 0.0]]}