{"total energy": -76.02459811, "HOMO-LUMO gap/eV": 2.15831097, "electronic energy": -76.9677966, "dipole": [1.12656288, -1.05887041, -1.14749904], "partial charges": [-0.44270617, 0.06567092, 0.10045891, -0.45105787, 0.06567082, -0.27688216, 0.34618231, -0.43646632, -0.04777984, -0.02318831, -0.03728079, -0.02110303, -0.0458305, 0.08374668, -0.19089696, 0.08479369, -0.05902955, 0.05809247, -0.24333801, 0.10034221, -0.05089673, 0.10114689, -0.16568039, -0.04004806, -0.03383782, -0.01227601, 0.31030686, 0.05612853, 0.0488927, 0.03931715, 0.29968158, 0.06322425, 0.0802138, 0.05444402, 0.04119076, 0.04502477, 0.04560399, 0.21808757, 0.03823898, 0.04507627, 0.07406507, 0.05874237, 0.05395495], "atomic dipole moments": [[-0.17445973, -0.16336212, 0.04356933], [0.13750654, -0.02609706, -0.13472515], [0.15557953, -0.06573953, -0.05287444], [-0.18498462, 0.11173116, -0.09366238], [-0.12948647, -0.19873392, -0.07140366], [-0.10790363, 0.13738523, 0.13850816], [0.16777328, 0.0725952, 0.0687597], [0.10681353, -0.10698535, -0.12083747], [0.00272783, 0.0405768, 0.06022572], [-0.0179327, 0.0223714, 0.02594519], [-0.01202053, 0.00495372, 0.00756944], [0.00567113, 0.00159094, -0.00234183], [0.01949246, 0.02896333, 0.02899177], [-0.04141395, 0.06420376, 0.08198741], [-0.01531266, 0.05486079, -0.11827775], [0.11412797, -0.04708561, 0.05344775], [0.00516906, -0.01024292, 0.00774241], [0.01485533, -0.01204771, 0.04133828], [0.25942004, -0.09515149, 0.07231829], [0.01645246, 0.00192887, -0.03588546], [0.04919341, -0.01212176, -0.00967515], [-0.15238538, 0.00482274, 0.1957808], [-0.03380382, 0.01470633, -0.01034622], [-0.05774728, 0.01876133, -0.00327473], [-0.01704371, 0.01324819, -0.02860413], [0.00535478, 0.00801699, -0.01697753], [0.02583214, -0.07674426, -0.00553676], [-0.06781891, 0.11156927, 0.01070741], [0.01417183, -0.04826051, 0.11073871], [-0.10877703, -0.05063945, 0.04142188], [-0.03481626, -0.03953625, -0.06416967], [-0.06187588, 0.11894794, -0.00529582], [0.11877561, 0.02358265, -0.04952192], [0.15376145, 0.02581329, -0.00354175], [0.09578462, -0.06669176, -0.09786102], [-0.05148385, -0.10017544, -0.10262251], [-0.14667062, -0.04612702, -0.00927499], [0.05238783, 0.10119257, 0.06260118], [0.090643, 0.00786657, -0.12550501], [-0.05506917, 0.0468806, -0.12989443], [-0.14258056, 0.05081744, -0.03294788], [0.04188804, -0.04412877, 0.14284293], [0.13899074, -0.05373919, 0.03745325]], "atomic quadrupole moments": [[0.14875163, 0.07160789, -0.0505146, -0.07138728, -0.01129962, -0.09823704], [0.32962741, 0.21759328, -0.1809643, -0.0835845, 0.1224365, -0.14866311], [-0.11675516, -0.25118838, 0.15232822, 0.08232284, 0.05020614, -0.03557306], [0.00961455, -0.14011691, 0.06783287, 0.02101291, 0.01255227, -0.07744742], [-0.18968911, 0.22272413, 0.00774774, 0.24335077, 0.19394276, 0.18194137], [0.0061788, 0.03887083, -0.0120012, 0.03327884, 0.06940016, 0.0058224], [-0.03547273, 0.00071414, 0.07209824, -0.01446777, -0.43726804, -0.03662551], [-0.08839272, -0.00396196, 0.06270552, -0.00402644, -0.12205303, 0.0256872], [-0.23105872, -0.00684232, 0.16665438, 0.09747219, -0.16636356, 0.06440435], [-0.27160011, -0.08902767, 0.211221, 0.08280121, -0.39542251, 0.06037912], [-0.22222259, -0.06757407, 0.17643463, 0.07982818, -0.37400468, 0.04578797], [-0.2361196, -0.09241516, 0.17815472, 0.07716257, -0.42341782, 0.05796488], [-0.22846982, -0.09954268, 0.1528338, 0.08275504, -0.34575781, 0.07563602], [-0.2451594, -0.1435914, 0.13576931, -0.02994575, -0.30524488, 0.10939009], [0.03502031, -0.00965165, -0.04059442, 0.00648291, -0.04018778, 0.00557411], [-0.00645246, 0.13182539, 0.35152119, 0.0909056, 0.15542868, -0.34506873], [-0.14826896, 0.16232484, 0.379696, 0.06658864, 0.16364795, -0.23142704], [-0.24818, 0.25602746, 0.45018449, -0.00378003, 0.18161705, -0.20200449], [-0.15499746, 0.12796061, 0.23322982, 0.02763815, 0.07231881, -0.07823236], [-0.22196811, 0.17995691, 0.32624427, 0.03753518, 0.09443113, -0.10427616], [-0.20159886, 0.21061761, 0.38509052, -0.00198509, 0.1414625, -0.18349166], [-0.07876161, 0.17435134, 0.20247275, -0.28092827, 0.17548303, -0.12371114], [0.07220626, -0.01175294, -0.20481155, -0.33719879, 0.03168954, 0.13260529], [-0.15362576, 0.19220525, 0.41806213, 0.0581646, 0.15107096, -0.26443637], [-0.20440064, 0.22467767, 0.42604203, 0.05466862, 0.14871951, -0.22164139], [-0.13162037, 0.15389083, 0.29411504, 0.02391546, 0.10288017, -0.16249468], [0.00699781, -0.07646211, 0.07376393, -0.02568821, 0.01633086, -0.08076174], [0.00173738, -0.03432501, 0.0351409, 0.00252628, -0.00658245, -0.03687827], [0.0036424, 0.01643234, -0.02276418, -0.00662504, -0.04206156, 0.01912178], [0.03414401, -0.0058573, -0.00404332, -0.00278334, 0.00134046, -0.03010069], [-0.04704767, 0.01806808, 0.01293532, 0.04991186, 0.09315564, 0.03411236], [-0.00027858, -0.03190301, 0.01458461, 0.014958, 0.01630175, -0.01430602], [0.05077229, 0.01118693, -0.03773717, -0.01468251, 0.00899079, -0.01303511], [0.0165543, 0.01503525, -0.01813791, 0.00199952, 0.0550798, 0.00158361], [0.03470843, 0.01635024, -0.02510916, -0.00457427, 0.047604, -0.00959927], [0.03834642, 0.0094552, -0.02660256, -0.01368498, 0.04584895, -0.01174386], [0.03031725, -0.00010621, -0.02101352, -0.01503017, 0.045311, -0.00930373], [0.03232336, -0.01744566, -0.04253048, -0.00225982, 0.04288304, 0.01020712], [0.03221214, -0.02872156, -0.04626299, -0.00758316, -0.01376764, 0.01405084], [0.02550608, -0.02587214, -0.05950463, -0.02169648, -0.01839607, 0.03399856], [0.02566129, -0.02350449, -0.0475908, -0.0101101, -0.01404229, 0.0219295], [0.02476985, -0.02412264, -0.05051324, -0.01241696, -0.0150393, 0.02574339], [0.02462902, -0.02291814, -0.05487121, -0.01502252, -0.01664634, 0.03024219]], "number of molecular orbitals": 126, "number of electrons": 134, "number of unpaired electrons": 0, "orbital energies/eV": [-28.76318379, -20.63590066, -19.99039498, -19.35949224, -18.85952682, -18.8157424, -18.41282276, -18.35388235, -18.13274431, -17.92006139, -17.87908339, -17.68252685, -17.49633758, -17.3622242, -17.21846607, -17.1043468, -16.92538613, -16.76682257, -16.70035438, -16.52536834, -16.48633625, -16.36294353, -16.26679151, -16.00419343, -15.83866407, -15.66351994, -15.59307138, -15.38059208, -15.15415202, -15.07935082, -14.86384182, -14.79967595, -14.77486407, -14.68077442, -14.48230098, -14.26351806, -14.17850822, -14.09894108, -14.06262023, -13.94118145, -13.82451014, -13.6922082, -13.59985407, -13.56970018, -13.51706015, -13.40745949, -13.28922583, -13.20422642, -13.14801218, -12.99657538, -12.80711428, -12.70054736, -12.65139631, -12.38252125, -12.29715271, -12.28628172, -12.07551609, -11.9864214, -11.8684966, -11.6710978, -11.5367574, -11.43828607, -11.42260579, -11.21379801, -10.84322538, -10.37110097, -10.15659958, -7.99828861, -7.78525405, -6.68115625, -6.5926417, -5.8308895, -5.70973352, -4.64585112, -3.73252129, -3.04645251, -2.19141539, -1.06325236, -0.70409759, -0.32777381, 0.35251172, 0.50413334, 0.50639855, 0.87977653, 1.26054135, 1.86928097, 1.96506823, 2.53871893, 2.55241426, 2.81755067, 2.98881733, 3.08502413, 3.34658766, 3.52324647, 3.60493725, 3.66188247, 3.84082463, 3.99179464, 4.30481695, 4.33490195, 4.40678145, 4.74588591, 4.79065851, 4.91441455, 5.05929439, 5.77101066, 5.85760986, 6.3806032, 6.57481448, 6.70130934, 8.51060656, 9.41041378, 9.69232106, 9.92654016, 10.2836627, 10.36575239, 10.99042544, 11.2404096, 12.74926459, 13.87623551, 14.37279027, 14.62640257, 16.23929254, 17.11430051, 17.25031085, 17.8415492], "fractional occupation": [2.0, 2.0, 2.0, 2.0, 2.0, 2.0, 2.0, 2.0, 2.0, 2.0, 2.0, 2.0, 2.0, 2.0, 2.0, 2.0, 2.0, 2.0, 2.0, 2.0, 2.0, 2.0, 2.0, 2.0, 2.0, 2.0, 2.0, 2.0, 2.0, 2.0, 2.0, 2.0, 2.0, 2.0, 2.0, 2.0, 2.0, 2.0, 2.0, 2.0, 2.0, 2.0, 2.0, 2.0, 2.0, 2.0, 2.0, 2.0, 2.0, 2.0, 2.0, 2.0, 2.0, 2.0, 2.0, 2.0, 2.0, 2.0, 2.0, 2.0, 2.0, 2.0, 2.0, 2.0, 2.0, 2.0, 2.0, 0.0, 0.0, 0.0, 0.0, 0.0, 0.0, 0.0, 0.0, 0.0, 0.0, 0.0, 0.0, 0.0, 0.0, 0.0, 0.0, 0.0, 0.0, 0.0, 0.0, 0.0, 0.0, 0.0, 0.0, 0.0, 0.0, 0.0, 0.0, 0.0, 0.0, 0.0, 0.0, 0.0, 0.0, 0.0, 0.0, 0.0, 0.0, 0.0, 0.0, 0.0, 0.0, 0.0, 0.0, 0.0, 0.0, 0.0, 0.0, 0.0, 0.0, 0.0, 0.0, 0.0, 0.0, 0.0, 0.0, 0.0, 0.0, 0.0], "program call": "xtb /home/svss/Project-DBcg-Debug/aqme2_20220329/End-to-End-workflows-final/example-3/QDESCP/mol_450_rdkit_conf_6/mol_450_rdkit_conf_6.xyz --pop --wbo --acc 0.2 --gfn 2 --chrg 0 --uhf 0 --etemp 300 --input /home/svss/Project-DBcg-Debug/aqme2_20220329/End-to-End-workflows-final/example-3/QDESCP/mol_450_rdkit_conf_6/mol_450_rdkit_conf_6_xtb.inp", "method": "GFN2-xTB", "xtb version": "6.3.3 (7355c4f)", "Dipole module/D": 4.894, "Total charge": 0, "Transition dipole module/D": NaN, "HOMO": -10.1566, "LUMO": -7.9983, "HOMO occupancy": 2.0, "LUMO occupancy": 0, "mulliken charges": [-0.56886, 0.184, 0.18667, -0.57603, 0.17756, -0.4237, 0.56776, -0.55189, -0.08197, -0.00705, -0.04551, -0.00902, -0.06304, 0.16372, -0.35575, 0.16358, -0.08687, 0.14755, -0.35273, 0.17141, -0.06763, 0.11525, -0.1098, -0.05134, -0.02355, -0.04063, 0.35037, 0.03236, 0.0337, 0.03504, 0.34878, 0.0498, 0.05482, 0.04788, 0.03677, 0.03787, 0.04197, 0.26182, 0.04072, 0.02895, 0.05306, 0.04344, 0.04055], "cm5 charges": [-0.77824, 0.1018, 0.14388, -0.785, 0.10109, -0.50865, 0.62514, -0.61759, -0.07844, -0.05762, -0.10068, -0.06411, -0.11058, 0.2166, -0.68607, 0.21663, -0.12976, 0.16925, -0.53838, 0.242, -0.10969, 0.10827, -0.11181, -0.10317, -0.07376, -0.03534, 0.52421, 0.09525, 0.09837, 0.1061, 0.52222, 0.11694, 0.12287, 0.10931, 0.09207, 0.09319, 0.10148, 0.47221, 0.10093, 0.09479, 0.11385, 0.09999, 0.10045], "FUKUI+": [-0.007, 0.004, 0.0, -0.011, 0.01, -0.039, -0.034, -0.068, -0.023, -0.02, -0.016, -0.029, -0.009, -0.016, -0.011, -0.03, -0.014, -0.017, -0.067, -0.008, -0.027, -0.021, -0.076, -0.019, -0.026, -0.009, -0.005, -0.006, -0.013, 0.004, 0.003, -0.012, -0.025, -0.039, -0.044, -0.045, -0.027, -0.015, -0.032, -0.047, -0.043, -0.042, -0.031], "FUKUI-": [-0.053, 0.007, -0.0, -0.01, 0.006, -0.021, -0.002, -0.018, -0.019, -0.012, -0.026, -0.011, -0.015, -0.005, -0.051, -0.009, -0.023, -0.005, -0.097, -0.006, -0.021, -0.014, -0.103, -0.014, -0.013, -0.012, -0.021, -0.02, -0.036, -0.007, -0.004, -0.012, -0.017, -0.032, -0.039, -0.034, -0.022, -0.026, -0.036, -0.05, -0.035, -0.036, -0.027], "FUKUIrad": [-0.03, 0.005, -0.0, -0.011, 0.008, -0.03, -0.018, -0.043, -0.021, -0.016, -0.021, -0.02, -0.012, -0.01, -0.031, -0.02, -0.018, -0.011, -0.082, -0.007, -0.024, -0.017, -0.09, -0.017, -0.02, -0.01, -0.013, -0.013, -0.024, -0.002, -0.001, -0.012, -0.021, -0.036, -0.041, -0.039, -0.025, -0.02, -0.034, -0.049, -0.039, -0.039, -0.029], "s proportion": [1.704, 0.997, 1.031, 1.706, 1.01, 1.7, 0.981, 1.728, 1.081, 1.068, 1.056, 1.065, 1.06, 1.054, 1.45, 1.058, 1.06, 1.031, 1.549, 1.034, 1.065, 1.08, 1.944, 1.061, 1.065, 1.078, 0.65, 0.968, 0.966, 0.965, 0.651, 0.95, 0.945, 0.952, 0.963, 0.962, 0.958, 0.738, 0.959, 0.971, 0.947, 0.957, 0.959], "p proportion": [4.865, 2.819, 2.782, 4.87, 2.812, 4.724, 2.451, 4.824, 3.001, 2.939, 2.989, 2.944, 3.003, 2.782, 3.906, 2.779, 3.027, 2.822, 3.804, 2.795, 3.002, 2.805, 5.177, 2.99, 2.959, 2.963, 0.0, 0.0, 0.0, 0.0, 0.0, 0.0, 0.0, 0.0, 0.0, 0.0, 0.0, 0.0, 0.0, 0.0, 0.0, 0.0, 0.0], "d proportion": [0.0, 0.0, 0.0, 0.0, 0.0, 0.0, 0.0, 0.0, 0.0, 0.0, 0.0, 0.0, 0.0, 0.0, 0.0, 0.0, 0.0, 0.0, 0.0, 0.0, 0.0, 0.0, -0.011, 0.0, 0.0, 0.0, 0.0, 0.0, 0.0, 0.0, 0.0, 0.0, 0.0, 0.0, 0.0, 0.0, 0.0, 0.0, 0.0, 0.0, 0.0, 0.0, 0.0], "Fermi-level/eV": -9.0774, "Coordination numbers": [1.652, 3.674, 3.72, 1.651, 3.695, 1.701, 2.717, 0.856, 2.964, 2.912, 2.91, 2.909, 2.915, 2.891, 2.686, 2.906, 2.906, 2.886, 1.845, 2.956, 2.964, 2.881, 0.967, 2.948, 2.916, 2.982, 0.803, 0.924, 0.924, 0.924, 0.804, 0.924, 0.924, 0.925, 0.925, 0.925, 0.925, 0.859, 0.925, 0.925, 0.925, 0.925, 0.925], "Dispersion coefficient C6": [21.697, 19.703, 19.032, 21.868, 19.645, 18.595, 21.119, 22.424, 29.184, 28.583, 28.927, 28.533, 29.138, 26.133, 25.141, 26.111, 29.467, 26.695, 27.202, 25.776, 29.261, 25.758, 104.349, 28.994, 28.843, 28.314, 0.691, 2.245, 2.334, 2.458, 0.722, 2.162, 1.977, 2.265, 2.433, 2.383, 2.376, 1.018, 2.472, 2.382, 2.041, 2.214, 2.271], "Total dispersion C6": 25442.225755, "Total dispersion C8": 640822.85278, "Polarizability alpha": [6.288, 6.361, 6.231, 6.313, 6.341, 5.822, 7.523, 6.349, 8.861, 8.767, 8.819, 8.759, 8.852, 8.381, 7.447, 8.379, 8.901, 8.471, 7.73, 8.327, 8.873, 8.32, 15.628, 8.832, 8.807, 8.728, 1.306, 2.343, 2.389, 2.452, 1.335, 2.299, 2.199, 2.354, 2.439, 2.414, 2.41, 1.581, 2.459, 2.414, 2.234, 2.327, 2.357], "Total polarizability alpha": 249.418843, "Wiberg matrix": [[0.0, 1.0056696928120588, 0.0, 0.0, 0.0, 0.0, 0.0, 0.0, 0.0, 0.0, 0.0, 0.0, 0.0, 0.0, 0.0, 0.0, 0.0, 0.0, 0.0, 0.0, 0.0, 0.0, 0.0, 0.0, 0.0, 0.0, 0.8864261474027708, 0.0, 0.0, 0.0, 0.0, 0.0, 0.0, 0.0, 0.0, 0.0, 0.0, 0.0, 0.0, 0.0, 0.0, 0.0, 0.0], [1.0056696928120588, 0.0, 0.9858131104761565, 0.0, 0.0, 0.0, 0.0, 0.0, 0.0, 0.0, 0.0, 0.0, 0.0, 0.0, 0.0, 0.0, 0.0, 0.0, 0.0, 0.0, 0.0, 0.0, 0.0, 0.0, 0.0, 0.0, 0.0, 0.9717839965818509, 0.9693469784689552, 0.0, 0.0, 0.0, 0.0, 0.0, 0.0, 0.0, 0.0, 0.0, 0.0, 0.0, 0.0, 0.0, 0.0], [0.0, 0.9858131104761565, 0.0, 0.9816245799022065, 0.9829406561513645, 0.0, 0.0, 0.0, 0.0, 0.0, 0.0, 0.0, 0.0, 0.0, 0.0, 0.0, 0.0, 0.0, 0.0, 0.0, 0.0, 0.0, 0.0, 0.0, 0.0, 0.0, 0.0, 0.0, 0.0, 0.961195820486919, 0.0, 0.0, 0.0, 0.0, 0.0, 0.0, 0.0, 0.0, 0.0, 0.0, 0.0, 0.0, 0.0], [0.0, 0.0, 0.9816245799022065, 0.0, 0.0, 0.0, 0.0, 0.0, 0.0, 0.0, 0.0, 0.0, 0.0, 0.0, 0.0, 0.0, 0.0, 0.0, 0.0, 0.0, 0.0, 0.0, 0.0, 0.0, 0.0, 0.0, 0.0, 0.0, 0.0, 0.0, 0.8928515229279512, 0.0, 0.0, 0.0, 0.0, 0.0, 0.0, 0.0, 0.0, 0.0, 0.0, 0.0, 0.0], [0.0, 0.0, 0.9829406561513645, 0.0, 0.0, 0.9388161641900501, 0.0, 0.0, 0.0, 0.0, 0.0, 0.0, 0.0, 0.0, 0.0, 0.0, 0.0, 0.0, 0.0, 0.0, 0.0, 0.0, 0.0, 0.0, 0.0, 0.0, 0.0, 0.0, 0.0, 0.0, 0.0, 0.9668693960430336, 0.9663506050861878, 0.0, 0.0, 0.0, 0.0, 0.0, 0.0, 0.0, 0.0, 0.0, 0.0], [0.0, 0.0, 0.0, 0.0, 0.9388161641900501, 0.0, 1.1131153727826015, 0.15286558829522287, 0.0, 0.0, 0.0, 0.0, 0.0, 0.0, 0.0, 0.0, 0.0, 0.0, 0.0, 0.0, 0.0, 0.0, 0.0, 0.0, 0.0, 0.0, 0.0, 0.0, 0.0, 0.0, 0.0, 0.0, 0.0, 0.0, 0.0, 0.0, 0.0, 0.0, 0.0, 0.0, 0.0, 0.0, 0.0], [0.0, 0.0, 0.0, 0.0, 0.0, 1.1131153727826015, 0.0, 1.6685783158264391, 1.037181810386996, 0.0, 0.0, 0.0, 0.0, 0.0, 0.0, 0.0, 0.0, 0.0, 0.0, 0.0, 0.0, 0.0, 0.0, 0.0, 0.0, 0.0, 0.0, 0.0, 0.0, 0.0, 0.0, 0.0, 0.0, 0.0, 0.0, 0.0, 0.0, 0.0, 0.0, 0.0, 0.0, 0.0, 0.0], [0.0, 0.0, 0.0, 0.0, 0.0, 0.15286558829522287, 1.6685783158264391, 0.0, 0.0, 0.0, 0.0, 0.0, 0.0, 0.0, 0.0, 0.0, 0.0, 0.0, 0.0, 0.0, 0.0, 0.0, 0.0, 0.0, 0.0, 0.0, 0.0, 0.0, 0.0, 0.0, 0.0, 0.0, 0.0, 0.0, 0.0, 0.0, 0.0, 0.0, 0.0, 0.0, 0.0, 0.0, 0.0], [0.0, 0.0, 0.0, 0.0, 0.0, 0.0, 1.037181810386996, 0.0, 0.0, 1.3727990582186265, 0.0, 0.0, 0.0, 1.295229394565664, 0.0, 0.0, 0.0, 0.0, 0.0, 0.0, 0.0, 0.0, 0.0, 0.0, 0.0, 0.0, 0.0, 0.0, 0.0, 0.0, 0.0, 0.0, 0.0, 0.0, 0.0, 0.0, 0.0, 0.0, 0.0, 0.0, 0.0, 0.0, 0.0], [0.0, 0.0, 0.0, 0.0, 0.0, 0.0, 0.0, 0.0, 1.3727990582186265, 0.0, 1.4615781312796938, 0.0, 0.11013782964104372, 0.0, 0.0, 0.0, 0.0, 0.0, 0.0, 0.0, 0.0, 0.0, 0.0, 0.0, 0.0, 0.0, 0.0, 0.0, 0.0, 0.0, 0.0, 0.0, 0.0, 0.966736721270929, 0.0, 0.0, 0.0, 0.0, 0.0, 0.0, 0.0, 0.0, 0.0], [0.0, 0.0, 0.0, 0.0, 0.0, 0.0, 0.0, 0.0, 0.0, 1.4615781312796938, 0.0, 1.406952581048369, 0.0, 0.0, 0.0, 0.0, 0.0, 0.0, 0.0, 0.0, 0.0, 0.0, 0.0, 0.0, 0.0, 0.0, 0.0, 0.0, 0.0, 0.0, 0.0, 0.0, 0.0, 0.0, 0.9700851716668543, 0.0, 0.0, 0.0, 0.0, 0.0, 0.0, 0.0, 0.0], [0.0, 0.0, 0.0, 0.0, 0.0, 0.0, 0.0, 0.0, 0.0, 0.0, 1.406952581048369, 0.0, 1.4653731485860875, 0.0, 0.0, 0.0, 0.0, 0.0, 0.0, 0.0, 0.0, 0.0, 0.0, 0.0, 0.0, 0.0, 0.0, 0.0, 0.0, 0.0, 0.0, 0.0, 0.0, 0.0, 0.0, 0.9699356756798014, 0.0, 0.0, 0.0, 0.0, 0.0, 0.0, 0.0], [0.0, 0.0, 0.0, 0.0, 0.0, 0.0, 0.0, 0.0, 0.0, 0.11013782964104372, 0.0, 1.4653731485860875, 0.0, 1.3495899345580367, 0.0, 0.0, 0.0, 0.0, 0.0, 0.0, 0.0, 0.0, 0.0, 0.0, 0.0, 0.0, 0.0, 0.0, 0.0, 0.0, 0.0, 0.0, 0.0, 0.0, 0.0, 0.0, 0.9680022495895023, 0.0, 0.0, 0.0, 0.0, 0.0, 0.0], [0.0, 0.0, 0.0, 0.0, 0.0, 0.0, 0.0, 0.0, 1.295229394565664, 0.0, 0.0, 0.0, 1.3495899345580367, 0.0, 1.146459748196057, 0.0, 0.0, 0.0, 0.0, 0.0, 0.0, 0.0, 0.0, 0.0, 0.0, 0.0, 0.0, 0.0, 0.0, 0.0, 0.0, 0.0, 0.0, 0.0, 0.0, 0.0, 0.0, 0.0, 0.0, 0.0, 0.0, 0.0, 0.0], [0.0, 0.0, 0.0, 0.0, 0.0, 0.0, 0.0, 0.0, 0.0, 0.0, 0.0, 0.0, 0.0, 1.146459748196057, 0.0, 1.0703358446775706, 0.0, 0.0, 0.0, 0.0, 0.0, 0.0, 0.0, 0.0, 0.0, 0.0, 0.0, 0.0, 0.0, 0.0, 0.0, 0.0, 0.0, 0.0, 0.0, 0.0, 0.0, 0.8678759094014223, 0.0, 0.0, 0.0, 0.0, 0.0], [0.0, 0.0, 0.0, 0.0, 0.0, 0.0, 0.0, 0.0, 0.0, 0.0, 0.0, 0.0, 0.0, 0.0, 1.0703358446775706, 0.0, 1.4317824999046556, 0.0, 0.10458382461599361, 0.0, 0.0, 0.0, 0.0, 0.0, 0.0, 1.2472624125958793, 0.0, 0.0, 0.0, 0.0, 0.0, 0.0, 0.0, 0.0, 0.0, 0.0, 0.0, 0.0, 0.0, 0.0, 0.0, 0.0, 0.0], [0.0, 0.0, 0.0, 0.0, 0.0, 0.0, 0.0, 0.0, 0.0, 0.0, 0.0, 0.0, 0.0, 0.0, 0.0, 1.4317824999046556, 0.0, 1.382128416084079, 0.0, 0.0, 0.0, 0.0, 0.0, 0.0, 0.0, 0.0, 0.0, 0.0, 0.0, 0.0, 0.0, 0.0, 0.0, 0.0, 0.0, 0.0, 0.0, 0.0, 0.9663074400472624, 0.0, 0.0, 0.0, 0.0], [0.0, 0.0, 0.0, 0.0, 0.0, 0.0, 0.0, 0.0, 0.0, 0.0, 0.0, 0.0, 0.0, 0.0, 0.0, 0.0, 1.382128416084079, 0.0, 1.4777359595564956, 0.0, 0.0, 0.0, 0.0, 0.0, 0.0, 0.0, 0.0, 0.0, 0.0, 0.0, 0.0, 0.0, 0.0, 0.0, 0.0, 0.0, 0.0, 0.0, 0.0, 0.9638795669138254, 0.0, 0.0, 0.0], [0.0, 0.0, 0.0, 0.0, 0.0, 0.0, 0.0, 0.0, 0.0, 0.0, 0.0, 0.0, 0.0, 0.0, 0.0, 0.10458382461599361, 0.0, 1.4777359595564956, 0.0, 1.302891254659568, 0.0, 0.0, 0.0, 0.0, 0.0, 0.0, 0.0, 0.0, 0.0, 0.0, 0.0, 0.0, 0.0, 0.0, 0.0, 0.0, 0.0, 0.0, 0.0, 0.0, 0.0, 0.0, 0.0], [0.0, 0.0, 0.0, 0.0, 0.0, 0.0, 0.0, 0.0, 0.0, 0.0, 0.0, 0.0, 0.0, 0.0, 0.0, 0.0, 0.0, 0.0, 1.302891254659568, 0.0, 1.2945460774947057, 0.0, 0.0, 0.0, 0.0, 1.2166389174365135, 0.0, 0.0, 0.0, 0.0, 0.0, 0.0, 0.0, 0.0, 0.0, 0.0, 0.0, 0.0, 0.0, 0.0, 0.0, 0.0, 0.0], [0.0, 0.0, 0.0, 0.0, 0.0, 0.0, 0.0, 0.0, 0.0, 0.0, 0.0, 0.0, 0.0, 0.0, 0.0, 0.0, 0.0, 0.0, 0.0, 1.2945460774947057, 0.0, 1.468938219767786, 0.0, 0.0, 0.12487245471341876, 0.0, 0.0, 0.0, 0.0, 0.0, 0.0, 0.0, 0.0, 0.0, 0.0, 0.0, 0.0, 0.0, 0.0, 0.0, 0.9629140985860205, 0.0, 0.0], [0.0, 0.0, 0.0, 0.0, 0.0, 0.0, 0.0, 0.0, 0.0, 0.0, 0.0, 0.0, 0.0, 0.0, 0.0, 0.0, 0.0, 0.0, 0.0, 0.0, 1.468938219767786, 0.0, 0.9833194562556445, 1.332071948635502, 0.0, 0.0, 0.0, 0.0, 0.0, 0.0, 0.0, 0.0, 0.0, 0.0, 0.0, 0.0, 0.0, 0.0, 0.0, 0.0, 0.0, 0.0, 0.0], [0.0, 0.0, 0.0, 0.0, 0.0, 0.0, 0.0, 0.0, 0.0, 0.0, 0.0, 0.0, 0.0, 0.0, 0.0, 0.0, 0.0, 0.0, 0.0, 0.0, 0.0, 0.9833194562556445, 0.0, 0.0, 0.0, 0.0, 0.0, 0.0, 0.0, 0.0, 0.0, 0.0, 0.0, 0.0, 0.0, 0.0, 0.0, 0.0, 0.0, 0.0, 0.0, 0.0, 0.0], [0.0, 0.0, 0.0, 0.0, 0.0, 0.0, 0.0, 0.0, 0.0, 0.0, 0.0, 0.0, 0.0, 0.0, 0.0, 0.0, 0.0, 0.0, 0.0, 0.0, 0.0, 1.332071948635502, 0.0, 0.0, 1.5179806151773387, 0.0, 0.0, 0.0, 0.0, 0.0, 0.0, 0.0, 0.0, 0.0, 0.0, 0.0, 0.0, 0.0, 0.0, 0.0, 0.0, 0.9667802150770667, 0.0], [0.0, 0.0, 0.0, 0.0, 0.0, 0.0, 0.0, 0.0, 0.0, 0.0, 0.0, 0.0, 0.0, 0.0, 0.0, 0.0, 0.0, 0.0, 0.0, 0.0, 0.12487245471341876, 0.0, 0.0, 1.5179806151773387, 0.0, 1.2985518442629802, 0.0, 0.0, 0.0, 0.0, 0.0, 0.0, 0.0, 0.0, 0.0, 0.0, 0.0, 0.0, 0.0, 0.0, 0.0, 0.0, 0.9662194039463872], [0.0, 0.0, 0.0, 0.0, 0.0, 0.0, 0.0, 0.0, 0.0, 0.0, 0.0, 0.0, 0.0, 0.0, 0.0, 1.2472624125958793, 0.0, 0.0, 0.0, 1.2166389174365135, 0.0, 0.0, 0.0, 0.0, 1.2985518442629802, 0.0, 0.0, 0.0, 0.0, 0.0, 0.0, 0.0, 0.0, 0.0, 0.0, 0.0, 0.0, 0.0, 0.0, 0.0, 0.0, 0.0, 0.0], [0.8864261474027708, 0.0, 0.0, 0.0, 0.0, 0.0, 0.0, 0.0, 0.0, 0.0, 0.0, 0.0, 0.0, 0.0, 0.0, 0.0, 0.0, 0.0, 0.0, 0.0, 0.0, 0.0, 0.0, 0.0, 0.0, 0.0, 0.0, 0.0, 0.0, 0.0, 0.0, 0.0, 0.0, 0.0, 0.0, 0.0, 0.0, 0.0, 0.0, 0.0, 0.0, 0.0, 0.0], [0.0, 0.9717839965818509, 0.0, 0.0, 0.0, 0.0, 0.0, 0.0, 0.0, 0.0, 0.0, 0.0, 0.0, 0.0, 0.0, 0.0, 0.0, 0.0, 0.0, 0.0, 0.0, 0.0, 0.0, 0.0, 0.0, 0.0, 0.0, 0.0, 0.0, 0.0, 0.0, 0.0, 0.0, 0.0, 0.0, 0.0, 0.0, 0.0, 0.0, 0.0, 0.0, 0.0, 0.0], [0.0, 0.9693469784689552, 0.0, 0.0, 0.0, 0.0, 0.0, 0.0, 0.0, 0.0, 0.0, 0.0, 0.0, 0.0, 0.0, 0.0, 0.0, 0.0, 0.0, 0.0, 0.0, 0.0, 0.0, 0.0, 0.0, 0.0, 0.0, 0.0, 0.0, 0.0, 0.0, 0.0, 0.0, 0.0, 0.0, 0.0, 0.0, 0.0, 0.0, 0.0, 0.0, 0.0, 0.0], [0.0, 0.0, 0.961195820486919, 0.0, 0.0, 0.0, 0.0, 0.0, 0.0, 0.0, 0.0, 0.0, 0.0, 0.0, 0.0, 0.0, 0.0, 0.0, 0.0, 0.0, 0.0, 0.0, 0.0, 0.0, 0.0, 0.0, 0.0, 0.0, 0.0, 0.0, 0.0, 0.0, 0.0, 0.0, 0.0, 0.0, 0.0, 0.0, 0.0, 0.0, 0.0, 0.0, 0.0], [0.0, 0.0, 0.0, 0.8928515229279512, 0.0, 0.0, 0.0, 0.0, 0.0, 0.0, 0.0, 0.0, 0.0, 0.0, 0.0, 0.0, 0.0, 0.0, 0.0, 0.0, 0.0, 0.0, 0.0, 0.0, 0.0, 0.0, 0.0, 0.0, 0.0, 0.0, 0.0, 0.0, 0.0, 0.0, 0.0, 0.0, 0.0, 0.0, 0.0, 0.0, 0.0, 0.0, 0.0], [0.0, 0.0, 0.0, 0.0, 0.9668693960430336, 0.0, 0.0, 0.0, 0.0, 0.0, 0.0, 0.0, 0.0, 0.0, 0.0, 0.0, 0.0, 0.0, 0.0, 0.0, 0.0, 0.0, 0.0, 0.0, 0.0, 0.0, 0.0, 0.0, 0.0, 0.0, 0.0, 0.0, 0.0, 0.0, 0.0, 0.0, 0.0, 0.0, 0.0, 0.0, 0.0, 0.0, 0.0], [0.0, 0.0, 0.0, 0.0, 0.9663506050861878, 0.0, 0.0, 0.0, 0.0, 0.0, 0.0, 0.0, 0.0, 0.0, 0.0, 0.0, 0.0, 0.0, 0.0, 0.0, 0.0, 0.0, 0.0, 0.0, 0.0, 0.0, 0.0, 0.0, 0.0, 0.0, 0.0, 0.0, 0.0, 0.0, 0.0, 0.0, 0.0, 0.0, 0.0, 0.0, 0.0, 0.0, 0.0], [0.0, 0.0, 0.0, 0.0, 0.0, 0.0, 0.0, 0.0, 0.0, 0.966736721270929, 0.0, 0.0, 0.0, 0.0, 0.0, 0.0, 0.0, 0.0, 0.0, 0.0, 0.0, 0.0, 0.0, 0.0, 0.0, 0.0, 0.0, 0.0, 0.0, 0.0, 0.0, 0.0, 0.0, 0.0, 0.0, 0.0, 0.0, 0.0, 0.0, 0.0, 0.0, 0.0, 0.0], [0.0, 0.0, 0.0, 0.0, 0.0, 0.0, 0.0, 0.0, 0.0, 0.0, 0.9700851716668543, 0.0, 0.0, 0.0, 0.0, 0.0, 0.0, 0.0, 0.0, 0.0, 0.0, 0.0, 0.0, 0.0, 0.0, 0.0, 0.0, 0.0, 0.0, 0.0, 0.0, 0.0, 0.0, 0.0, 0.0, 0.0, 0.0, 0.0, 0.0, 0.0, 0.0, 0.0, 0.0], [0.0, 0.0, 0.0, 0.0, 0.0, 0.0, 0.0, 0.0, 0.0, 0.0, 0.0, 0.9699356756798014, 0.0, 0.0, 0.0, 0.0, 0.0, 0.0, 0.0, 0.0, 0.0, 0.0, 0.0, 0.0, 0.0, 0.0, 0.0, 0.0, 0.0, 0.0, 0.0, 0.0, 0.0, 0.0, 0.0, 0.0, 0.0, 0.0, 0.0, 0.0, 0.0, 0.0, 0.0], [0.0, 0.0, 0.0, 0.0, 0.0, 0.0, 0.0, 0.0, 0.0, 0.0, 0.0, 0.0, 0.9680022495895023, 0.0, 0.0, 0.0, 0.0, 0.0, 0.0, 0.0, 0.0, 0.0, 0.0, 0.0, 0.0, 0.0, 0.0, 0.0, 0.0, 0.0, 0.0, 0.0, 0.0, 0.0, 0.0, 0.0, 0.0, 0.0, 0.0, 0.0, 0.0, 0.0, 0.0], [0.0, 0.0, 0.0, 0.0, 0.0, 0.0, 0.0, 0.0, 0.0, 0.0, 0.0, 0.0, 0.0, 0.0, 0.8678759094014223, 0.0, 0.0, 0.0, 0.0, 0.0, 0.0, 0.0, 0.0, 0.0, 0.0, 0.0, 0.0, 0.0, 0.0, 0.0, 0.0, 0.0, 0.0, 0.0, 0.0, 0.0, 0.0, 0.0, 0.0, 0.0, 0.0, 0.0, 0.0], [0.0, 0.0, 0.0, 0.0, 0.0, 0.0, 0.0, 0.0, 0.0, 0.0, 0.0, 0.0, 0.0, 0.0, 0.0, 0.0, 0.9663074400472624, 0.0, 0.0, 0.0, 0.0, 0.0, 0.0, 0.0, 0.0, 0.0, 0.0, 0.0, 0.0, 0.0, 0.0, 0.0, 0.0, 0.0, 0.0, 0.0, 0.0, 0.0, 0.0, 0.0, 0.0, 0.0, 0.0], [0.0, 0.0, 0.0, 0.0, 0.0, 0.0, 0.0, 0.0, 0.0, 0.0, 0.0, 0.0, 0.0, 0.0, 0.0, 0.0, 0.0, 0.9638795669138254, 0.0, 0.0, 0.0, 0.0, 0.0, 0.0, 0.0, 0.0, 0.0, 0.0, 0.0, 0.0, 0.0, 0.0, 0.0, 0.0, 0.0, 0.0, 0.0, 0.0, 0.0, 0.0, 0.0, 0.0, 0.0], [0.0, 0.0, 0.0, 0.0, 0.0, 0.0, 0.0, 0.0, 0.0, 0.0, 0.0, 0.0, 0.0, 0.0, 0.0, 0.0, 0.0, 0.0, 0.0, 0.0, 0.9629140985860205, 0.0, 0.0, 0.0, 0.0, 0.0, 0.0, 0.0, 0.0, 0.0, 0.0, 0.0, 0.0, 0.0, 0.0, 0.0, 0.0, 0.0, 0.0, 0.0, 0.0, 0.0, 0.0], [0.0, 0.0, 0.0, 0.0, 0.0, 0.0, 0.0, 0.0, 0.0, 0.0, 0.0, 0.0, 0.0, 0.0, 0.0, 0.0, 0.0, 0.0, 0.0, 0.0, 0.0, 0.0, 0.0, 0.9667802150770667, 0.0, 0.0, 0.0, 0.0, 0.0, 0.0, 0.0, 0.0, 0.0, 0.0, 0.0, 0.0, 0.0, 0.0, 0.0, 0.0, 0.0, 0.0, 0.0], [0.0, 0.0, 0.0, 0.0, 0.0, 0.0, 0.0, 0.0, 0.0, 0.0, 0.0, 0.0, 0.0, 0.0, 0.0, 0.0, 0.0, 0.0, 0.0, 0.0, 0.0, 0.0, 0.0, 0.0, 0.9662194039463872, 0.0, 0.0, 0.0, 0.0, 0.0, 0.0, 0.0, 0.0, 0.0, 0.0, 0.0, 0.0, 0.0, 0.0, 0.0, 0.0, 0.0, 0.0]], "Born radii": [], "Atomic SASAs": [], "Solvent H bonds": [], "Total SASA": NaN, "Total FOD": 0.0, "FOD": [0.0, 0.0, 0.0, 0.0, 0.0, 0.0, 0.0, 0.0, 0.0, 0.0, 0.0, 0.0, 0.0, 0.0, 0.0, 0.0, 0.0, 0.0, 0.0, 0.0, 0.0, 0.0, 0.0, 0.0, 0.0, 0.0, 0.0, 0.0, 0.0, 0.0, 0.0, 0.0, 0.0, 0.0, 0.0, 0.0, 0.0, 0.0, 0.0, 0.0, 0.0, 0.0, 0.0], "FOD s proportion": [0.0, 0.0, 0.0, 0.0, 0.0, 0.0, 0.0, 0.0, 0.0, 0.0, 0.0, 0.0, 0.0, 0.0, 0.0, 0.0, 0.0, 0.0, 0.0, 0.0, 0.0, 0.0, 0.0, 0.0, 0.0, 0.0, 0.0, 0.0, 0.0, 0.0, 0.0, 0.0, 0.0, 0.0, 0.0, 0.0, 0.0, 0.0, 0.0, 0.0, 0.0, 0.0, 0.0], "FOD p proportion": [0.0, 0.0, 0.0, 0.0, 0.0, 0.0, 0.0, 0.0, 0.0, 0.0, 0.0, 0.0, 0.0, 0.0, 0.0, 0.0, 0.0, 0.0, 0.0, 0.0, 0.0, 0.0, 0.0, 0.0, 0.0, 0.0, 0.0, 0.0, 0.0, 0.0, 0.0, 0.0, 0.0, 0.0, 0.0, 0.0, 0.0, 0.0, 0.0, 0.0, 0.0, 0.0, 0.0], "FOD d proportion": [0.0, 0.0, 0.0, 0.0, 0.0, 0.0, 0.0, 0.0, 0.0, 0.0, 0.0, 0.0, 0.0, 0.0, 0.0, 0.0, 0.0, 0.0, 0.0, 0.0, 0.0, 0.0, 0.0, 0.0, 0.0, 0.0, 0.0, 0.0, 0.0, 0.0, 0.0, 0.0, 0.0, 0.0, 0.0, 0.0, 0.0, 0.0, 0.0, 0.0, 0.0, 0.0, 0.0], "coordinates": [["5.72270", "1.86070", "2.58590"], ["4.37160", "1.53270", "2.90730"], ["3.80250", "0.57220", "1.86350"], ["4.65080", "-0.59010", "1.82220"], ["3.75960", "1.20960", "0.46970"], ["3.15550", "0.29540", "-0.47220"], ["1.79850", "0.28850", "-0.49110"], ["1.08230", "0.94290", "0.25300"], ["1.27520", "-0.65340", "-1.52390"], ["2.15710", "-1.26170", "-2.43760"], ["1.68180", "-2.15550", "-3.39710"], ["0.32660", "-2.45850", "-3.44810"], ["-0.55750", "-1.85630", "-2.55090"], ["-0.11230", "-0.92430", "-1.59530"], ["-1.03850", "-0.36480", "-0.67390"], ["-2.38620", "0.03360", "-0.90340"], ["-2.80900", "0.45980", "-2.16280"], ["-4.11260", "0.88740", "-2.31220"], ["-5.00920", "0.93250", "-1.30700"], ["-4.60970", "0.54720", "-0.08550"], ["-5.52780", "0.60680", "0.95220"], ["-5.18310", "0.22400", "2.24630"], ["-6.35220", "0.31300", "3.50580"], ["-3.90260", "-0.23130", "2.52730"], ["-2.96440", "-0.30000", "1.49910"], ["-3.29870", "0.08950", "0.18100"], ["6.16840", "0.99790", "2.46690"], ["3.79000", "2.45770", "2.96080"], ["4.37810", "1.06430", "3.89690"], ["2.80830", "0.23450", "2.17270"], ["4.32960", "-1.13680", "1.08120"], ["3.22610", "2.16730", "0.46970"], ["4.77360", "1.39230", "0.09790"], ["3.22360", "-1.04930", "-2.41580"], ["2.37120", "-2.62320", "-4.09640"], ["-0.04660", "-3.17140", "-4.17980"], ["-1.60820", "-2.13710", "-2.59010"], ["-0.58490", "0.34000", "-0.07550"], ["-2.13860", "0.48210", "-3.01380"], ["-4.48230", "1.22590", "-3.27610"], ["-6.53350", "0.96100", "0.74010"], ["-3.62870", "-0.53560", "3.53370"], ["-1.96670", "-0.66970", "1.72740"]], "bond_dist": [[0.0, 1.4270084687905673, 2.4226559908497114, 2.7818389493283036, 2.959053101922978, 4.288665939426852, 5.228679324647859, 5.274285867299951, 6.556783594110758, 6.906405531823337, 8.261659896776191, 9.175104350905226, 8.924332763854114, 7.6997326862690505, 7.828982803021092, 9.014863732192518, 9.86420688094081, 11.030495119893757, 11.453816100322198, 10.752681059624154, 11.437438137537617, 11.033158599875195, 12.208390610969163, 9.850192792529493, 9.017508810087184, 9.502965400863038, 0.9783830180455917, 2.0572526096714516, 2.039834091292721, 3.3628838873799967, 3.631784127670586, 3.2871442864589926, 2.7037628168905643, 6.303221692119038, 8.717284253137555, 10.216728898722918, 9.824229010461838, 7.012944902820783, 9.749729008541724, 11.785925506297755, 12.427022015350257, 9.699961880852934, 8.140443401314204], [1.4270084687905673, 0.0, 1.5283826418799713, 2.400348826733315, 2.5339359443363993, 3.7987933281504014, 4.4404954464563975, 4.267630140956453, 5.831145651585116, 6.425000982101093, 7.783527647538744, 8.525421491046645, 8.097733945370148, 6.812900628219966, 6.759784145962059, 7.901683120702828, 8.855396364929128, 9.982045981661274, 10.301454905497573, 9.517973091998108, 10.133006818314097, 9.666535510719443, 10.809521579607491, 8.468676498721628, 7.691470115004023, 8.267347822609135, 1.9257345196054416, 1.0939587789309064, 1.0948739516492296, 2.160756184764954, 3.234599737216338, 2.767088934241182, 2.8414863223320292, 6.026609462210074, 8.385995388741875, 9.58519871781488, 8.913296070478081, 5.906481302772405, 8.862611895485438, 10.803708021323049, 11.133050019648705, 8.287040602048478, 6.812985884324142], [2.4226559908497114, 1.5283826418799713, 0.0, 1.4395346018765927, 1.5332311013020836, 2.4394101192706406, 3.1049384615479907, 3.1828629847984344, 4.400434002459303, 4.956812643221448, 6.2937769375788974, 7.034210535660701, 6.662892735891821, 5.434010372643762, 5.545416914894678, 6.800428902650186, 7.741812300747158, 8.954587066972994, 9.371656376009526, 8.635064263802558, 9.374762020446175, 9.0004881223187, 10.289910884939674, 7.775269043576563, 6.832602418551807, 7.313743704834072, 2.478466231361646, 2.181589739158121, 2.169837166701686, 1.0945682116707027, 1.9520524326974418, 2.195281168779981, 2.1755327117742906, 4.612677741832829, 6.912279570445629, 8.084032821556331, 7.513357035307187, 4.802386552538228, 7.68718690484367, 9.771423790318378, 10.40413807097926, 7.696721530625881, 5.902923636639728], [2.7818389493283036, 2.400348826733315, 1.4395346018765927, 0.0, 2.421242197715875, 2.8782466364090484, 3.7760972100834485, 4.188874537390682, 4.753426917498575, 4.981514055987397, 6.205363055454533, 7.068641049735091, 6.917633622851097, 5.871807004662195, 6.216864948669868, 7.572137482243703, 8.522389984622858, 9.801706441737583, 10.267706822849979, 9.523110354815804, 10.285590287873612, 9.876649676383181, 11.1676366152378, 8.589910069959988, 7.627569905284382, 8.145547486203736, 2.2892120587660725, 3.365482348787466, 2.667542828147282, 2.0488098154782453, 0.9752596218443581, 3.3855990754960934, 2.6302471537861227, 4.495376344645685, 6.660322644587122, 8.046905023050789, 7.812597601950327, 5.646140787298879, 8.404312059889257, 10.616215639294447, 11.343077982188081, 8.454721920323578, 6.618657677354223], [2.959053101922978, 2.5339359443363993, 1.5332311013020836, 2.421242197715875, 0.0, 1.444947770682387, 2.370121317570052, 2.699263431012245, 3.6901833721374877, 4.138565358913642, 5.531120419047121, 6.370997053052214, 6.095992091530303, 4.87948397066739, 5.177675147206514, 6.406187419206527, 7.116091782010685, 8.355495993057502, 8.951273693726495, 8.41381027180908, 9.319440586751975, 9.170583308056253, 10.59576774047072, 8.063449597411768, 6.967835569242431, 7.152452068346911, 3.1362305670980253, 2.7864416340558793, 3.485592371462848, 2.1808256922551146, 2.4908683646471568, 1.0962716542901214, 1.0953586307689371, 3.703516634227528, 6.121052165273549, 7.436273911711429, 7.02680964378572, 4.46409312738881, 6.888598677525058, 9.05318722550241, 10.29965172857801, 8.186622986922018, 6.1566297168174735], [4.288665939426852, 3.7987933281504014, 2.4394101192706406, 2.8782466364090484, 1.444947770682387, 0.0, 1.3571491517147258, 2.289831768929761, 2.3541075633878754, 2.6989183259224427, 4.0906897352402565, 4.9439479396530865, 4.768351453070547, 3.664360590880761, 4.250433263797938, 5.564612436639232, 6.201646230639088, 7.5207274654783225, 8.231956847554533, 7.778899097558728, 8.804861396410507, 8.770837483957845, 10.306364686444972, 7.687079338084133, 6.457065963733063, 6.490436248049895, 4.267245185128223, 4.106533883946412, 4.601629361432753, 2.6682864651307585, 2.41718001191471, 2.096704456999126, 2.0362836811210765, 2.364410425454938, 4.718917046314758, 6.001536837344248, 5.752859667156849, 3.7616422224874073, 5.875549528342009, 8.189241375121386, 9.787206733792845, 7.922320711130041, 5.657436787980931], [5.228679324647859, 4.4404954464563975, 3.1049384615479907, 3.7760972100834485, 2.370121317570052, 1.3571491517147258, 0.0, 1.2226473776195652, 1.4925462605896005, 2.5140756253541783, 3.7988933770244198, 4.29608514929581, 3.793900246448238, 2.5181934238656094, 2.9169822985407365, 4.212680784251282, 4.9043838379555895, 6.214192596790028, 6.88659626375759, 6.426232511355312, 7.473894665433812, 7.499350476541284, 9.077979970786453, 6.471744108816417, 5.19542536275905, 5.145169312082937, 5.324381501169878, 4.537302557687772, 5.148858689068869, 2.849288065464775, 3.303040204114991, 2.5477574138838257, 3.227462695369228, 2.743189555973119, 4.669493577466405, 5.38347561617957, 4.679203057145522, 2.4199113971383333, 4.679984258520535, 6.934218946644243, 8.449280069331353, 6.806809508866837, 4.473993800845057], [5.274285867299951, 4.267630140956453, 3.1828629847984344, 4.188874537390682, 2.699263431012245, 2.289831768929761, 1.2226473776195652, 0.0, 2.39640516399043, 3.640712095181381, 4.825216349553665, 5.083182630990156, 4.287927225361923, 2.886125064857724, 2.658385889971582, 3.767569468503534, 4.605615153266717, 5.793989756635749, 6.288090362741299, 5.715769829165622, 6.655468868532103, 6.614022925572605, 8.139365583385477, 5.60360724355303, 4.412861487742392, 4.463926137381756, 5.547322905690636, 4.118062550520572, 4.914778002107521, 2.6769674353641286, 3.9441126530564516, 2.4783043981722668, 3.72178882528281, 3.9593585301157055, 5.7702350714680595, 6.152365036309209, 4.980803937116979, 1.80304090358483, 4.610695792394028, 6.5954081731155965, 7.631382814405264, 5.928108951427935, 3.751097855295167], [6.556783594110758, 5.831145651585116, 4.400434002459303, 4.753426917498575, 3.6901833721374877, 2.3541075633878754, 1.4925462605896005, 2.39640516399043, 0.0, 1.408056884504316, 2.435263067925106, 2.8037071191549234, 2.420844212253238, 1.4155002719886705, 2.4817327918210697, 3.77661742965845, 4.281132687735806, 5.658963718738617, 6.485044932766464, 6.175960081639129, 7.3484681566976935, 7.5295336967172135, 9.187439350003896, 6.587867840963417, 5.218968166218299, 4.937524240953152, 6.52661340742655, 6.009633627768002, 6.477928244431239, 4.0992210943056, 4.043461503464575, 3.9669636070929615, 4.365080330303212, 2.1791018746263333, 3.420392417545098, 3.8911802900919406, 3.413523647200939, 2.558256853797132, 3.8939944401603857, 6.304821930871641, 8.289015565795495, 7.045667449574951, 4.591419496190693], [6.906405531823337, 6.425000982101093, 4.956812643221448, 4.981514055987397, 4.138565358913642, 2.6989183259224427, 2.5140756253541783, 3.640712095181381, 1.408056884504316, 0.0, 1.3947862847045778, 2.4091846629098397, 2.781265756809298, 2.44407127760219, 3.75858040488693, 4.967207124733174, 5.263195464734328, 6.6289889168711085, 7.579487165369436, 7.388780404099178, 8.604633885296922, 8.83316249935435, 10.498184135363601, 7.9013872364288025, 6.530867938490259, 6.200690368015485, 6.726844735832692, 6.7559619100465635, 7.10415422481804, 4.8905564069950165, 4.137307058945468, 4.620951773174007, 4.507610065211941, 1.087663206144255, 2.156649832494835, 3.396838032641533, 3.8687291841120124, 3.9577169302515816, 4.671817994100369, 7.139528581776251, 9.516548793549056, 8.346204319329836, 5.890960485353809], [8.261659896776191, 7.783527647538744, 6.2937769375788974, 6.205363055454533, 5.531120419047121, 4.0906897352402565, 3.7988933770244198, 4.825216349553665, 2.435263067925106, 1.3947862847045778, 0.0, 1.389595998842829, 2.4124758174953795, 2.8250896428255157, 4.245286423788152, 5.249697372230136, 5.341401990114581, 6.63410278636079, 7.659878785594456, 7.606198399989315, 8.861435771927708, 9.199828032088424, 10.87605979479701, 8.365798489086384, 7.000202077797469, 6.530559306828168, 8.028698968076958, 8.13320440478413, 8.416625317192159, 6.164720130711531, 5.301298465470512, 6.00196672516601, 5.861837346771062, 2.136299457005033, 1.0876746480450854, 2.1522171498248035, 3.3875784212324884, 4.732702790161241, 4.658251690280378, 7.031687974448241, 9.711856165532929, 8.880398352551534, 6.463718290581668], [9.175104350905226, 8.525421491046645, 7.034210535660701, 7.068641049735091, 6.370997053052214, 4.9439479396530865, 4.29608514929581, 5.083182630990156, 2.8037071191549234, 2.4091846629098397, 1.389595998842829, 0.0, 1.396153820322102, 2.445254729061985, 3.7340679345721606, 4.477202736084217, 4.472187198675834, 5.673782887985757, 6.674874669235371, 6.686431704579057, 7.939313795284829, 8.365332730979683, 10.032163620077176, 7.651925093726415, 6.321755380430345, 5.72760603568367, 9.003363438182422, 8.78852440458579, 9.098010611666707, 6.7085375850478774, 6.187524414497288, 6.719693648522974, 6.868666947814547, 3.38291249221732, 2.1512340969778254, 1.0876072544811388, 2.1407739254764855, 4.47625571878998, 3.861729650040251, 6.06052032172156, 8.734699279311224, 8.251513421185232, 5.936735683858597], [8.924332763854114, 8.097733945370148, 6.662892735891821, 6.917633622851097, 6.095992091530303, 4.768351453070547, 3.793900246448238, 4.287927225361923, 2.420844212253238, 2.781265756809298, 2.4124758174953795, 1.396153820322102, 0.0, 1.4071241594116703, 2.4452121073641035, 3.1032437786935145, 3.2533356835715552, 4.497066086905995, 5.39836322786824, 5.31745561805644, 6.56067476026666, 6.9811855218150445, 8.658407790696854, 6.294317615913579, 4.96162647727537, 4.331696283212848, 8.863549249031111, 8.23955029962194, 8.629262805129995, 6.165423849176956, 6.1313601321403395, 6.29515768507827, 6.781605312166139, 3.868619678903575, 3.399115995372915, 2.1549529066780093, 1.0882811079863512, 3.309394145459256, 2.860466427001023, 5.042809427293481, 7.381086389549983, 6.94254096783015, 4.658080622960491], [7.6997326862690505, 6.812900628219966, 5.434010372643762, 5.871807004662195, 4.87948397066739, 3.664360590880761, 2.5181934238656094, 2.886125064857724, 1.4155002719886705, 2.44407127760219, 2.8250896428255157, 2.445254729061985, 1.4071241594116703, 0.0, 1.4212194235936968, 2.562600091703737, 3.0838255381911606, 4.449562067215154, 5.24504077581862, 4.967032821514269, 6.177512744624652, 6.464479568379808, 8.154047124587887, 5.6429118236952815, 4.254354975786577, 3.7863144467938743, 7.722921349463556, 6.886502486748988, 7.367664688352749, 4.906174252918459, 5.1903067452704565, 4.996711930860133, 5.666178660261252, 3.4375971346276164, 3.912740046310258, 3.425407296950248, 2.1675395475054198, 2.032633092813359, 2.8453461828044757, 5.152217840891435, 7.088036307045837, 6.230794303297133, 3.8136538660450037], [7.828982803021092, 6.759784145962059, 5.545416914894678, 6.216864948669868, 5.177675147206514, 4.250433263797938, 2.9169822985407365, 2.658385889971582, 2.4817327918210697, 3.75858040488693, 4.245286423788152, 3.7340679345721606, 2.4452121073641035, 1.4212194235936968, 0.0, 1.4239691359014774, 2.455902811594954, 3.701637818587874, 4.224956969011637, 3.732482819786315, 4.872578604804647, 5.104112326350195, 6.7944619080542346, 4.297507707962837, 2.9043448228473148, 2.4588099845250344, 7.978783337075898, 6.670229575509377, 7.230082641989648, 4.822879045756798, 5.700250662909483, 5.089809871694619, 6.120750122329778, 4.65491699926003, 5.332910171754255, 4.599152528455651, 2.671596492736132, 1.029843949343783, 2.7207704111152045, 4.6001662763426285, 5.8268487744234445, 4.943905990206529, 2.5924430446974145], [9.014863732192518, 7.901683120702828, 6.800428902650186, 7.572137482243703, 6.406187419206527, 5.564612436639232, 4.212680784251282, 3.767569468503534, 3.77661742965845, 4.967207124733174, 5.249697372230136, 4.477202736084217, 3.1032437786935145, 2.562600091703737, 1.4239691359014774, 0.0, 1.3951683195944493, 2.3862415720123553, 2.8019713007095555, 2.424190095681442, 3.693434737476757, 4.2165758453987285, 5.93702492836269, 3.7602318359377787, 2.4935136755189453, 1.4183456630878102, 9.244997444023443, 7.6781344667829305, 8.358287926962076, 6.040329649116842, 7.10003119429767, 6.1592199660346605, 7.3560453655479865, 5.9101507772644855, 6.315591025391052, 5.14592558438227, 2.8569528137510427, 2.005986306035014, 2.171692006247663, 3.3830341100852057, 4.556452600433806, 4.642806403459011, 2.755307565408987], [9.86420688094081, 8.855396364929128, 7.741812300747158, 8.522389984622858, 7.116091782010685, 6.201646230639088, 4.9043838379555895, 4.605615153266717, 4.281132687735806, 5.263195464734328, 5.341401990114581, 4.472187198675834, 3.2533356835715552, 3.0838255381911606, 2.455902811594954, 1.3951683195944493, 0.0, 1.3800489411611454, 2.4076376326183304, 2.7505153226259256, 4.137234274246504, 5.01319411752627, 6.6864671120106465, 4.865245952672896, 3.743121265735322, 2.422875692230206, 10.115205606412555, 8.590092104861276, 9.420179974395394, 7.099392905734969, 8.002017090709067, 6.802061783753511, 7.967191694693934, 6.223636763982937, 6.330732185142568, 4.988462308166716, 2.892817923755313, 3.052506206381897, 1.0835748474378686, 2.15087865534065, 4.748676668294021, 5.8406199585318, 4.1374987105738175], [11.030495119893757, 9.982045981661274, 8.954587066972994, 9.801706441737583, 8.355495993057502, 7.5207274654783225, 6.214192596790028, 5.7939897566