{"total energy": -59.38532879, "HOMO-LUMO gap/eV": 2.76077551, "electronic energy": -59.92304345, "dipole": [1.74064577, -0.27947254, 1.58505251], "partial charges": [-0.11412501, 0.09077194, -0.25935732, 0.51705178, -0.40940337, -0.27421984, 0.09000376, -0.11394027, -0.21804241, 0.30771022, -0.30605786, 0.20908859, -0.0947237, 0.05368702, -0.2565374, 0.04040219, -0.11535391, -0.11552653, 0.06150719, 0.0572899, 0.05891046, 0.04727818, 0.05652242, 0.05457496, 0.04546292, 0.0567409, 0.05943049, 0.05981554, 0.06478128, 0.04826208, 0.05828584, 0.06564725, 0.04997432, 0.0582121, 0.0658763], "atomic dipole moments": [[-0.04263264, -0.10617035, -0.10332234], [0.26777563, -0.1205153, -0.01569898], [-0.17668364, -0.03949805, -0.03671034], [0.19939823, -0.03843123, 0.20951642], [0.29379357, 0.02751122, 0.44080501], [0.05663236, -0.10611179, -0.13962226], [0.02091038, 0.26858611, 0.09719614], [0.04046331, 0.05705681, -0.13575804], [0.00248514, 0.12243473, -0.07595842], [-0.19227233, -0.02465055, 0.05987307], [0.22304198, -0.15995394, 0.03798183], [0.07663887, 0.07666635, -0.06355271], [-0.19763376, 0.0395138, 0.00179089], [-0.04017999, -0.03811188, 0.03148192], [-0.04656603, 0.28818386, -0.15495154], [-0.164027, -0.04183336, 0.06470495], [-0.06408229, 0.01068533, -0.1293943], [-0.01651857, 0.12759105, 0.06780258], [0.09248395, 0.07896407, -0.04213675], [-0.10376406, 0.06919682, 0.03013938], [0.04956351, -0.04977523, 0.10702909], [-0.07812863, -0.08343508, 0.04377243], [-0.03569874, 0.04905357, -0.10565038], [-0.08617203, -0.01432931, -0.08456386], [0.11145649, -0.03624524, -0.03742727], [-0.01213611, -0.12741344, -0.01355628], [0.08428011, 0.02448006, 0.09351467], [-0.10980824, 0.04812595, 0.04532936], [0.05519011, 0.08961057, -0.06670045], [-0.01635147, 0.10916019, 0.0679268], [0.12742665, -0.01474315, -0.01342697], [-0.03849261, -0.09713331, 0.08047033], [-0.06073647, 0.00075031, -0.1150272], [0.12444754, -0.02182602, -0.02573732], [-0.04280741, -0.10876721, 0.06130333]], "atomic quadrupole moments": [[-0.12143137, 0.05453416, 0.07463124, 0.05896248, 0.21086612, 0.04680012], [0.21191128, -0.31326035, 0.00404967, -0.08848268, 0.25459577, -0.21596095], [0.051567, -0.0656254, 0.02427945, -0.00913776, 0.0767094, -0.07584645], [0.53129978, -0.17751649, 0.60624407, -0.77302985, 0.0541919, -1.13754385], [-0.10632267, -0.00242452, -0.36245325, 0.45589156, -0.01064286, 0.46877592], [-0.10493221, 0.04644149, 0.12744876, -0.03866787, -0.00315107, -0.02251656], [-0.368092, 0.11845872, 0.48910314, -0.07192104, -0.00090752, -0.12101115], [-0.12022453, 0.0541285, -0.04852339, -0.09908791, -0.16336993, 0.16874793], [0.10931661, -0.0018392, -0.0566119, -0.03549191, -0.02366993, -0.0527047], [0.06433439, 0.31485823, -0.21420252, -0.14348978, 0.16940435, 0.14986812], [-0.09188942, 0.01895056, -0.01935009, 0.05671715, 0.11635184, 0.1112395], [-0.2780021, 0.22100126, 0.0843932, -0.01383982, 0.01149347, 0.19360889], [-0.1274242, 0.22069176, 0.14984939, -0.14156034, -0.24895025, -0.02242519], [0.09337125, 0.07545241, -0.10041331, -0.05901599, 0.05446408, 0.00704206], [-0.07809266, 0.14337349, -0.01496578, -0.04040763, 0.03624511, 0.09305845], [0.18338826, -0.10329437, -0.12614333, 0.02047305, 0.10572954, -0.05724493], [-0.04384512, -0.01744759, -0.13627437, 0.16256557, 0.00512642, 0.18011948], [-0.11594828, -0.04899687, 0.14696181, -0.01407889, 0.18160338, -0.03101354], [0.00814751, 0.05465994, -0.0030391, -0.03457152, -0.02755329, -0.00510841], [0.05204561, -0.054493, -0.01161064, -0.01685303, 0.02001261, -0.04043497], [-0.03632974, -0.01213119, -0.00158721, 0.03685369, -0.0468957, 0.03791695], [0.00662335, 0.00551381, 0.01595822, -0.03454135, -0.00169833, -0.02258157], [-0.01848885, -0.03053313, -0.00402064, 0.00655448, -0.01529543, 0.02250949], [0.00150147, 0.01597942, 0.00395152, 0.03680934, -0.00274123, -0.00545299], [0.01742051, -0.01043195, 0.01993899, -0.01976274, -0.00569153, -0.0373595], [-0.05054274, 0.01136522, 0.08277119, -0.00257851, 0.0210202, -0.03222845], [0.03216388, 0.02292545, -0.04656952, 0.05176605, 0.01151017, 0.01440564], [0.0542423, -0.04793004, -0.0300615, -0.02377255, 0.00424047, -0.0241808], [-0.01035915, 0.00785395, 0.01316155, -0.00576001, -0.01838651, -0.0028024], [-0.04247208, -0.02724623, 0.05476437, -0.00450489, 0.04183404, -0.01229228], [0.07427172, -0.01669458, -0.05026748, -0.02774787, 0.00279819, -0.02400424], [-0.02267554, 0.04309292, 0.03138671, -0.01725382, -0.04171667, -0.00871117], [-0.01578325, -0.01171939, -0.02774651, 0.0565733, -0.01108679, 0.04352976], [0.08173383, -0.00417424, -0.03494519, -0.01544222, 0.00889631, -0.04678864], [-0.02985487, 0.03210069, 0.021344, -0.02992601, -0.045076, 0.00851087]], "number of molecular orbitals": 104, "number of electrons": 104, "number of unpaired electrons": 0, "orbital energies/eV": [-29.54173529, -20.8554658, -20.24432374, -20.16555155, -19.80164666, -19.1218897, -18.90498853, -18.51045904, -18.3701984, -18.10520147, -17.86691983, -17.75694744, -17.2009074, -16.98631056, -16.8403247, -16.64655742, -16.56822769, -16.37185366, -16.32315084, -16.1668345, -15.83982364, -15.66507156, -15.39783817, -15.27356009, -15.21882985, -14.94952002, -14.7572276, -14.70082425, -14.47995426, -14.26475454, -14.0724991, -13.59912029, -13.45207823, -13.34766617, -13.33728526, -13.22519603, -13.14947501, -13.09273678, -13.01063136, -12.8529242, -12.8239246, -12.81818615, -12.5219335, -12.44436064, -12.32427761, -12.14185733, -12.0161805, -11.92692354, -11.632172, -11.35866963, -9.81541088, -9.77153341, -7.01075791, -5.87557754, -4.68870523, -4.56945633, -3.67329831, -3.49964596, -1.61773837, -1.08638531, -0.40598198, -0.37811545, -0.34150329, 0.02438929, 0.48991322, 0.74163584, 0.96097109, 1.01775808, 1.35615348, 2.15890789, 2.71884031, 2.71991142, 2.76878644, 3.03691782, 3.32379545, 3.43711313, 3.45849505, 3.54399394, 3.77489267, 3.83189121, 3.89917496, 4.30444087, 4.49782882, 4.56988786, 4.57228412, 4.82704481, 5.24144368, 5.62744852, 5.78640707, 6.02033839, 6.05996765, 6.31662729, 6.430111, 6.63299845, 6.7756511, 7.60069543, 9.56925851, 10.77409769, 11.33299934, 11.50442262, 13.37077773, 27.4295452, 28.60451998, 33.10824317], "fractional occupation": [2.0, 2.0, 2.0, 2.0, 2.0, 2.0, 2.0, 2.0, 2.0, 2.0, 2.0, 2.0, 2.0, 2.0, 2.0, 2.0, 2.0, 2.0, 2.0, 2.0, 2.0, 2.0, 2.0, 2.0, 2.0, 2.0, 2.0, 2.0, 2.0, 2.0, 2.0, 2.0, 2.0, 2.0, 2.0, 2.0, 2.0, 2.0, 2.0, 2.0, 2.0, 2.0, 2.0, 2.0, 2.0, 2.0, 2.0, 2.0, 2.0, 2.0, 2.0, 2.0, 0.0, 0.0, 0.0, 0.0, 0.0, 0.0, 0.0, 0.0, 0.0, 0.0, 0.0, 0.0, 0.0, 0.0, 0.0, 0.0, 0.0, 0.0, 0.0, 0.0, 0.0, 0.0, 0.0, 0.0, 0.0, 0.0, 0.0, 0.0, 0.0, 0.0, 0.0, 0.0, 0.0, 0.0, 0.0, 0.0, 0.0, 0.0, 0.0, 0.0, 0.0, 0.0, 0.0, 0.0, 0.0, 0.0, 0.0, 0.0, 0.0, 0.0, 0.0, 0.0], "program call": "xtb /home/svss/Project-DBcg-Debug/aqme2_20220329/End-to-End-workflows-final/example-3/QDESCP/mol_227_rdkit_conf_1/mol_227_rdkit_conf_1.xyz --pop --wbo --acc 0.2 --gfn 2 --chrg 0 --uhf 0 --etemp 300 --input /home/svss/Project-DBcg-Debug/aqme2_20220329/End-to-End-workflows-final/example-3/QDESCP/mol_227_rdkit_conf_1/mol_227_rdkit_conf_1_xtb.inp", "method": "GFN2-xTB", "xtb version": "6.3.3 (7355c4f)", "Dipole module/D": 6.026, "Total charge": 0, "Transition dipole module/D": NaN, "HOMO": -9.7715, "LUMO": -7.0108, "HOMO occupancy": 2.0, "LUMO occupancy": 0, "mulliken charges": [-0.0956, 0.21078, -0.35037, 0.44699, -0.20408, -0.36554, 0.20883, -0.09585, -0.31142, 0.49458, -0.39468, 0.33066, -0.06941, -0.0739, -0.2947, 0.12363, -0.0937, -0.09358, 0.04262, 0.03009, 0.04336, 0.03328, 0.02643, 0.024, 0.03465, 0.03071, 0.04394, 0.04021, 0.02742, 0.04157, 0.03599, 0.04812, 0.04128, 0.03613, 0.04757], "cm5 charges": [-0.24202, 0.1332, -0.40881, 0.41263, -0.17304, -0.42712, 0.13104, -0.24228, -0.34319, 0.6862, -0.55828, 0.48944, -0.05945, -0.25241, -0.39667, 0.11842, -0.23448, -0.23433, 0.09595, 0.08131, 0.09673, 0.10065, 0.09096, 0.08849, 0.10218, 0.08192, 0.09729, 0.09352, 0.09867, 0.09571, 0.0878, 0.10358, 0.09541, 0.08793, 0.10306], "FUKUI+": [0.006, 0.008, 0.008, -0.071, -0.104, -0.014, 0.008, 0.007, -0.03, -0.031, -0.089, -0.057, -0.166, -0.096, -0.138, 0.014, 0.015, 0.016, -0.003, -0.019, -0.009, -0.013, -0.007, -0.011, -0.0, -0.016, -0.007, -0.013, -0.032, -0.017, -0.04, -0.02, -0.016, -0.041, -0.02], "FUKUI-": [0.009, 0.014, -0.003, -0.134, -0.388, -0.011, 0.014, 0.009, -0.013, 0.002, -0.016, -0.006, -0.111, -0.036, -0.056, 0.005, 0.007, 0.007, -0.014, -0.025, -0.017, -0.014, -0.008, -0.012, -0.015, -0.026, -0.02, -0.019, -0.018, -0.014, -0.026, -0.013, -0.012, -0.026, -0.012], "FUKUIrad": [0.008, 0.011, 0.002, -0.103, -0.246, -0.012, 0.011, 0.008, -0.021, -0.014, -0.053, -0.032, -0.139, -0.066, -0.097, 0.009, 0.011, 0.011, -0.009, -0.022, -0.013, -0.014, -0.008, -0.012, -0.008, -0.021, -0.013, -0.016, -0.025, -0.015, -0.033, -0.017, -0.014, -0.033, -0.016], "s proportion": [1.012, 0.992, 1.645, 1.435, 1.889, 1.649, 0.992, 1.012, 1.631, 0.943, 1.551, 1.001, 1.939, 1.429, 1.576, 1.029, 1.015, 1.015, 0.957, 0.97, 0.957, 0.967, 0.974, 0.976, 0.965, 0.969, 0.956, 0.96, 0.973, 0.958, 0.964, 0.952, 0.959, 0.964, 0.952], "p proportion": [3.084, 2.797, 4.706, 1.927, 4.33, 4.716, 2.799, 3.084, 4.68, 2.563, 3.843, 2.668, 5.136, 3.645, 3.718, 2.847, 3.079, 3.079, 0.0, 0.0, 0.0, 0.0, 0.0, 0.0, 0.0, 0.0, 0.0, 0.0, 0.0, 0.0, 0.0, 0.0, 0.0, 0.0, 0.0], "d proportion": [0.0, 0.0, 0.0, 1.191, -0.015, 0.0, 0.0, 0.0, 0.0, 0.0, 0.0, 0.0, -0.005, 0.0, 0.0, 0.0, 0.0, 0.0, 0.0, 0.0, 0.0, 0.0, 0.0, 0.0, 0.0, 0.0, 0.0, 0.0, 0.0, 0.0, 0.0, 0.0, 0.0, 0.0, 0.0], "Fermi-level/eV": -8.3911, "Coordination numbers": [3.749, 3.92, 1.658, 4.13, 0.924, 1.658, 3.914, 3.749, 1.664, 3.524, 1.903, 3.115, 0.938, 3.08, 1.97, 3.786, 3.751, 3.751, 0.924, 0.924, 0.924, 0.924, 0.924, 0.924, 0.924, 0.924, 0.924, 0.924, 0.924, 0.924, 0.924, 0.924, 0.924, 0.924, 0.924], "Dispersion coefficient C6": [22.75, 19.023, 18.314, 139.264, 157.066, 18.565, 19.037, 22.747, 17.634, 17.015, 28.78, 23.446, 102.097, 20.3, 27.495, 19.911, 22.77, 22.774, 2.182, 2.231, 2.212, 2.354, 2.24, 2.264, 2.377, 2.238, 2.206, 2.201, 2.144, 2.342, 2.219, 2.134, 2.32, 2.22, 2.132], "Total dispersion C6": 16515.427161, "Total dispersion C8": 457776.636455, "Polarizability alpha": [6.803, 6.199, 5.777, 21.199, 21.198, 5.816, 6.201, 6.802, 5.669, 6.075, 7.954, 7.932, 15.458, 6.692, 7.776, 6.356, 6.805, 6.806, 2.31, 2.336, 2.326, 2.399, 2.341, 2.353, 2.411, 2.339, 2.323, 2.32, 2.29, 2.393, 2.33, 2.285, 2.382, 2.33, 2.283], "Total polarizability alpha": 197.267025, "Wiberg matrix": [[0.0, 1.015638839997068, 0.0, 0.0, 0.0, 0.0, 0.0, 0.0, 0.0, 0.0, 0.0, 0.0, 0.0, 0.0, 0.0, 0.0, 0.0, 0.0, 0.9841640702726773, 0.9818091098822413, 0.9847444336545857, 0.0, 0.0, 0.0, 0.0, 0.0, 0.0, 0.0, 0.0, 0.0, 0.0, 0.0, 0.0, 0.0, 0.0], [1.015638839997068, 0.0, 0.9194696228286576, 0.0, 0.0, 0.0, 0.0, 0.0, 0.0, 0.0, 0.0, 0.0, 0.0, 0.0, 0.0, 0.0, 0.0, 0.0, 0.0, 0.0, 0.0, 0.9709517064627037, 0.9698359548892633, 0.0, 0.0, 0.0, 0.0, 0.0, 0.0, 0.0, 0.0, 0.0, 0.0, 0.0, 0.0], [0.0, 0.9194696228286576, 0.0, 1.2401445439200967, 0.0, 0.0, 0.0, 0.0, 0.0, 0.0, 0.0, 0.0, 0.0, 0.0, 0.0, 0.0, 0.0, 0.0, 0.0, 0.0, 0.0, 0.0, 0.0, 0.0, 0.0, 0.0, 0.0, 0.0, 0.0, 0.0, 0.0, 0.0, 0.0, 0.0, 0.0], [0.0, 0.0, 1.2401445439200967, 0.0, 1.5672456162797062, 1.2219234815030129, 0.0, 0.0, 1.1541505449405909, 0.0, 0.0, 0.0, 0.0, 0.0, 0.0, 0.0, 0.0, 0.0, 0.0, 0.0, 0.0, 0.0, 0.0, 0.0, 0.0, 0.0, 0.0, 0.0, 0.0, 0.0, 0.0, 0.0, 0.0, 0.0, 0.0], [0.0, 0.0, 0.0, 1.5672456162797062, 0.0, 0.0, 0.0, 0.0, 0.0, 0.0, 0.0, 0.0, 0.0, 0.0, 0.0, 0.0, 0.0, 0.0, 0.0, 0.0, 0.0, 0.0, 0.0, 0.0, 0.0, 0.0, 0.0, 0.0, 0.0, 0.0, 0.0, 0.0, 0.0, 0.0, 0.0], [0.0, 0.0, 0.0, 1.2219234815030129, 0.0, 0.0, 0.9216639005738807, 0.0, 0.0, 0.0, 0.0, 0.0, 0.0, 0.0, 0.0, 0.0, 0.0, 0.0, 0.0, 0.0, 0.0, 0.0, 0.0, 0.0, 0.0, 0.0, 0.0, 0.0, 0.0, 0.0, 0.0, 0.0, 0.0, 0.0, 0.0], [0.0, 0.0, 0.0, 0.0, 0.0, 0.9216639005738807, 0.0, 1.0161911695413144, 0.0, 0.0, 0.0, 0.0, 0.0, 0.0, 0.0, 0.0, 0.0, 0.0, 0.0, 0.0, 0.0, 0.0, 0.0, 0.9699782697409305, 0.9701194716414475, 0.0, 0.0, 0.0, 0.0, 0.0, 0.0, 0.0, 0.0, 0.0, 0.0], [0.0, 0.0, 0.0, 0.0, 0.0, 0.0, 1.0161911695413144, 0.0, 0.0, 0.0, 0.0, 0.0, 0.0, 0.0, 0.0, 0.0, 0.0, 0.0, 0.0, 0.0, 0.0, 0.0, 0.0, 0.0, 0.0, 0.982025066575322, 0.9846896666412199, 0.9843587049857798, 0.0, 0.0, 0.0, 0.0, 0.0, 0.0, 0.0], [0.0, 0.0, 0.0, 1.1541505449405909, 0.0, 0.0, 0.0, 0.0, 0.0, 1.0367584978576434, 0.0, 0.0, 0.0, 0.0, 0.0, 0.0, 0.0, 0.0, 0.0, 0.0, 0.0, 0.0, 0.0, 0.0, 0.0, 0.0, 0.0, 0.0, 0.0, 0.0, 0.0, 0.0, 0.0, 0.0, 0.0], [0.0, 0.0, 0.0, 0.0, 0.0, 0.0, 0.0, 0.0, 1.0367584978576434, 0.0, 1.2735379650205472, 0.0, 0.0, 0.0, 1.4633424604843572, 0.0, 0.0, 0.0, 0.0, 0.0, 0.0, 0.0, 0.0, 0.0, 0.0, 0.0, 0.0, 0.0, 0.0, 0.0, 0.0, 0.0, 0.0, 0.0, 0.0], [0.0, 0.0, 0.0, 0.0, 0.0, 0.0, 0.0, 0.0, 0.0, 1.2735379650205472, 0.0, 1.4358841913250338, 0.0, 0.0, 0.0, 0.0, 0.0, 0.0, 0.0, 0.0, 0.0, 0.0, 0.0, 0.0, 0.0, 0.0, 0.0, 0.0, 0.0, 0.0, 0.0, 0.0, 0.0, 0.0, 0.0], [0.0, 0.0, 0.0, 0.0, 0.0, 0.0, 0.0, 0.0, 0.0, 0.0, 1.4358841913250338, 0.0, 1.019388877851483, 1.2785284790398777, 0.12413344431046508, 0.0, 0.0, 0.0, 0.0, 0.0, 0.0, 0.0, 0.0, 0.0, 0.0, 0.0, 0.0, 0.0, 0.0, 0.0, 0.0, 0.0, 0.0, 0.0, 0.0], [0.0, 0.0, 0.0, 0.0, 0.0, 0.0, 0.0, 0.0, 0.0, 0.0, 0.0, 1.019388877851483, 0.0, 0.0, 0.0, 0.0, 0.0, 0.0, 0.0, 0.0, 0.0, 0.0, 0.0, 0.0, 0.0, 0.0, 0.0, 0.0, 0.0, 0.0, 0.0, 0.0, 0.0, 0.0, 0.0], [0.0, 0.0, 0.0, 0.0, 0.0, 0.0, 0.0, 0.0, 0.0, 0.0, 0.0, 1.2785284790398777, 0.0, 0.0, 1.1559861902286688, 0.9539676223379118, 0.0, 0.0, 0.0, 0.0, 0.0, 0.0, 0.0, 0.0, 0.0, 0.0, 0.0, 0.0, 0.0, 0.0, 0.0, 0.0, 0.0, 0.0, 0.0], [0.0, 0.0, 0.0, 0.0, 0.0, 0.0, 0.0, 0.0, 0.0, 1.4633424604843572, 0.0, 0.12413344431046508, 0.0, 1.1559861902286688, 0.0, 0.0, 0.0, 0.0, 0.0, 0.0, 0.0, 0.0, 0.0, 0.0, 0.0, 0.0, 0.0, 0.0, 0.0, 0.0, 0.0, 0.0, 0.0, 0.0, 0.0], [0.0, 0.0, 0.0, 0.0, 0.0, 0.0, 0.0, 0.0, 0.0, 0.0, 0.0, 0.0, 0.0, 0.9539676223379118, 0.0, 0.0, 0.9974438282341003, 0.9976523053227608, 0.0, 0.0, 0.0, 0.0, 0.0, 0.0, 0.0, 0.0, 0.0, 0.0, 0.9590967698463935, 0.0, 0.0, 0.0, 0.0, 0.0, 0.0], [0.0, 0.0, 0.0, 0.0, 0.0, 0.0, 0.0, 0.0, 0.0, 0.0, 0.0, 0.0, 0.0, 0.0, 0.0, 0.9974438282341003, 0.0, 0.0, 0.0, 0.0, 0.0, 0.0, 0.0, 0.0, 0.0, 0.0, 0.0, 0.0, 0.0, 0.9854634572129563, 0.9822617416451258, 0.9834361522026764, 0.0, 0.0, 0.0], [0.0, 0.0, 0.0, 0.0, 0.0, 0.0, 0.0, 0.0, 0.0, 0.0, 0.0, 0.0, 0.0, 0.0, 0.0, 0.9976523053227608, 0.0, 0.0, 0.0, 0.0, 0.0, 0.0, 0.0, 0.0, 0.0, 0.0, 0.0, 0.0, 0.0, 0.0, 0.0, 0.0, 0.9852609769744629, 0.9822127771803041, 0.9834005503113823], [0.9841640702726773, 0.0, 0.0, 0.0, 0.0, 0.0, 0.0, 0.0, 0.0, 0.0, 0.0, 0.0, 0.0, 0.0, 0.0, 0.0, 0.0, 0.0, 0.0, 0.0, 0.0, 0.0, 0.0, 0.0, 0.0, 0.0, 0.0, 0.0, 0.0, 0.0, 0.0, 0.0, 0.0, 0.0, 0.0], [0.9818091098822413, 0.0, 0.0, 0.0, 0.0, 0.0, 0.0, 0.0, 0.0, 0.0, 0.0, 0.0, 0.0, 0.0, 0.0, 0.0, 0.0, 0.0, 0.0, 0.0, 0.0, 0.0, 0.0, 0.0, 0.0, 0.0, 0.0, 0.0, 0.0, 0.0, 0.0, 0.0, 0.0, 0.0, 0.0], [0.9847444336545857, 0.0, 0.0, 0.0, 0.0, 0.0, 0.0, 0.0, 0.0, 0.0, 0.0, 0.0, 0.0, 0.0, 0.0, 0.0, 0.0, 0.0, 0.0, 0.0, 0.0, 0.0, 0.0, 0.0, 0.0, 0.0, 0.0, 0.0, 0.0, 0.0, 0.0, 0.0, 0.0, 0.0, 0.0], [0.0, 0.9709517064627037, 0.0, 0.0, 0.0, 0.0, 0.0, 0.0, 0.0, 0.0, 0.0, 0.0, 0.0, 0.0, 0.0, 0.0, 0.0, 0.0, 0.0, 0.0, 0.0, 0.0, 0.0, 0.0, 0.0, 0.0, 0.0, 0.0, 0.0, 0.0, 0.0, 0.0, 0.0, 0.0, 0.0], [0.0, 0.9698359548892633, 0.0, 0.0, 0.0, 0.0, 0.0, 0.0, 0.0, 0.0, 0.0, 0.0, 0.0, 0.0, 0.0, 0.0, 0.0, 0.0, 0.0, 0.0, 0.0, 0.0, 0.0, 0.0, 0.0, 0.0, 0.0, 0.0, 0.0, 0.0, 0.0, 0.0, 0.0, 0.0, 0.0], [0.0, 0.0, 0.0, 0.0, 0.0, 0.0, 0.9699782697409305, 0.0, 0.0, 0.0, 0.0, 0.0, 0.0, 0.0, 0.0, 0.0, 0.0, 0.0, 0.0, 0.0, 0.0, 0.0, 0.0, 0.0, 0.0, 0.0, 0.0, 0.0, 0.0, 0.0, 0.0, 0.0, 0.0, 0.0, 0.0], [0.0, 0.0, 0.0, 0.0, 0.0, 0.0, 0.9701194716414475, 0.0, 0.0, 0.0, 0.0, 0.0, 0.0, 0.0, 0.0, 0.0, 0.0, 0.0, 0.0, 0.0, 0.0, 0.0, 0.0, 0.0, 0.0, 0.0, 0.0, 0.0, 0.0, 0.0, 0.0, 0.0, 0.0, 0.0, 0.0], [0.0, 0.0, 0.0, 0.0, 0.0, 0.0, 0.0, 0.982025066575322, 0.0, 0.0, 0.0, 0.0, 0.0, 0.0, 0.0, 0.0, 0.0, 0.0, 0.0, 0.0, 0.0, 0.0, 0.0, 0.0, 0.0, 0.0, 0.0, 0.0, 0.0, 0.0, 0.0, 0.0, 0.0, 0.0, 0.0], [0.0, 0.0, 0.0, 0.0, 0.0, 0.0, 0.0, 0.9846896666412199, 0.0, 0.0, 0.0, 0.0, 0.0, 0.0, 0.0, 0.0, 0.0, 0.0, 0.0, 0.0, 0.0, 0.0, 0.0, 0.0, 0.0, 0.0, 0.0, 0.0, 0.0, 0.0, 0.0, 0.0, 0.0, 0.0, 0.0], [0.0, 0.0, 0.0, 0.0, 0.0, 0.0, 0.0, 0.9843587049857798, 0.0, 0.0, 0.0, 0.0, 0.0, 0.0, 0.0, 0.0, 0.0, 0.0, 0.0, 0.0, 0.0, 0.0, 0.0, 0.0, 0.0, 0.0, 0.0, 0.0, 0.0, 0.0, 0.0, 0.0, 0.0, 0.0, 0.0], [0.0, 0.0, 0.0, 0.0, 0.0, 0.0, 0.0, 0.0, 0.0, 0.0, 0.0, 0.0, 0.0, 0.0, 0.0, 0.9590967698463935, 0.0, 0.0, 0.0, 0.0, 0.0, 0.0, 0.0, 0.0, 0.0, 0.0, 0.0, 0.0, 0.0, 0.0, 0.0, 0.0, 0.0, 0.0, 0.0], [0.0, 0.0, 0.0, 0.0, 0.0, 0.0, 0.0, 0.0, 0.0, 0.0, 0.0, 0.0, 0.0, 0.0, 0.0, 0.0, 0.9854634572129563, 0.0, 0.0, 0.0, 0.0, 0.0, 0.0, 0.0, 0.0, 0.0, 0.0, 0.0, 0.0, 0.0, 0.0, 0.0, 0.0, 0.0, 0.0], [0.0, 0.0, 0.0, 0.0, 0.0, 0.0, 0.0, 0.0, 0.0, 0.0, 0.0, 0.0, 0.0, 0.0, 0.0, 0.0, 0.9822617416451258, 0.0, 0.0, 0.0, 0.0, 0.0, 0.0, 0.0, 0.0, 0.0, 0.0, 0.0, 0.0, 0.0, 0.0, 0.0, 0.0, 0.0, 0.0], [0.0, 0.0, 0.0, 0.0, 0.0, 0.0, 0.0, 0.0, 0.0, 0.0, 0.0, 0.0, 0.0, 0.0, 0.0, 0.0, 0.9834361522026764, 0.0, 0.0, 0.0, 0.0, 0.0, 0.0, 0.0, 0.0, 0.0, 0.0, 0.0, 0.0, 0.0, 0.0, 0.0, 0.0, 0.0, 0.0], [0.0, 0.0, 0.0, 0.0, 0.0, 0.0, 0.0, 0.0, 0.0, 0.0, 0.0, 0.0, 0.0, 0.0, 0.0, 0.0, 0.0, 0.9852609769744629, 0.0, 0.0, 0.0, 0.0, 0.0, 0.0, 0.0, 0.0, 0.0, 0.0, 0.0, 0.0, 0.0, 0.0, 0.0, 0.0, 0.0], [0.0, 0.0, 0.0, 0.0, 0.0, 0.0, 0.0, 0.0, 0.0, 0.0, 0.0, 0.0, 0.0, 0.0, 0.0, 0.0, 0.0, 0.9822127771803041, 0.0, 0.0, 0.0, 0.0, 0.0, 0.0, 0.0, 0.0, 0.0, 0.0, 0.0, 0.0, 0.0, 0.0, 0.0, 0.0, 0.0], [0.0, 0.0, 0.0, 0.0, 0.0, 0.0, 0.0, 0.0, 0.0, 0.0, 0.0, 0.0, 0.0, 0.0, 0.0, 0.0, 0.0, 0.9834005503113823, 0.0, 0.0, 0.0, 0.0, 0.0, 0.0, 0.0, 0.0, 0.0, 0.0, 0.0, 0.0, 0.0, 0.0, 0.0, 0.0, 0.0]], "Born radii": [], "Atomic SASAs": [], "Solvent H bonds": [], "Total SASA": NaN, "Total FOD": 0.0, "FOD": [0.0, 0.0, 0.0, 0.0, 0.0, 0.0, 0.0, 0.0, 0.0, 0.0, 0.0, 0.0, 0.0, 0.0, 0.0, 0.0, 0.0, 0.0, 0.0, 0.0, 0.0, 0.0, 0.0, 0.0, 0.0, 0.0, 0.0, 0.0, 0.0, 0.0, 0.0, 0.0, 0.0, 0.0, 0.0], "FOD s proportion": [0.0, 0.0, 0.0, 0.0, 0.0, 0.0, 0.0, 0.0, 0.0, 0.0, 0.0, 0.0, 0.0, 0.0, 0.0, 0.0, 0.0, 0.0, 0.0, 0.0, 0.0, 0.0, 0.0, 0.0, 0.0, 0.0, 0.0, 0.0, 0.0, 0.0, 0.0, 0.0, 0.0, 0.0, 0.0], "FOD p proportion": [0.0, 0.0, 0.0, 0.0, 0.0, 0.0, 0.0, 0.0, 0.0, 0.0, 0.0, 0.0, 0.0, 0.0, 0.0, 0.0, 0.0, 0.0, 0.0, 0.0, 0.0, 0.0, 0.0, 0.0, 0.0, 0.0, 0.0, 0.0, 0.0, 0.0, 0.0, 0.0, 0.0, 0.0, 0.0], "FOD d proportion": [0.0, 0.0, 0.0, 0.0, 0.0, 0.0, 0.0, 0.0, 0.0, 0.0, 0.0, 0.0, 0.0, 0.0, 0.0, 0.0, 0.0, 0.0, 0.0, 0.0, 0.0, 0.0, 0.0, 0.0, 0.0, 0.0, 0.0, 0.0, 0.0, 0.0, 0.0, 0.0, 0.0, 0.0, 0.0], "coordinates": [["-2.78590", "3.20130", "2.01880"], ["-3.10110", "2.12380", "1.00170"], ["-1.91000", "1.41210", "0.71590"], ["-2.02100", "0.00840", "-0.08590"], ["-2.92290", "0.02790", "-1.80820"], ["-2.74240", "-0.90700", "1.04730"], ["-2.84820", "-2.30300", "0.82090"], ["-3.25240", "-2.97140", "2.11890"], ["-0.51500", "-0.55550", "-0.02320"], ["0.50090", "0.06480", "-0.61750"], ["0.47350", "1.24540", "-1.28940"], ["1.72120", "1.37760", "-1.66080"], ["2.36760", "2.66910", "-2.55120"], ["2.46980", "0.32250", "-1.23240"], ["1.68720", "-0.54400", "-0.54580"], ["3.88760", "0.04720", "-1.41160"], ["4.62130", "0.01410", "-0.07070"], ["4.10970", "-1.24600", "-2.19640"], ["-2.01780", "3.88110", "1.63540"], ["-3.68030", "3.78110", "2.26340"], ["-2.38910", "2.75870", "2.93850"], ["-3.86130", "1.44500", "1.40060"], ["-3.47910", "2.58010", "0.08200"], ["-3.60660", "-2.48940", "0.05480"], ["-1.88980", "-2.70430", "0.47750"], ["-3.35170", "-4.05250", "1.98700"], ["-2.50960", "-2.77730", "2.89980"], ["-4.20550", "-2.57020", "2.47920"], ["4.31130", "0.86700", "-2.00040"], ["4.46620", "0.94750", "0.48170"], ["5.69830", "-0.11350", "-0.22210"], ["4.27070", "-0.80870", "0.56210"], ["3.58770", "-1.21230", "-3.15920"], ["5.17560", "-1.39930", "-2.39560"], ["3.74100", "-2.12040", "-1.64880"]], "bond_dist": [[0.0, 1.5148761335501988, 2.3803331405498684, 3.899928782683089, 4.973446044746037, 4.22182820469995, 5.633485971403497, 6.191111980088875, 4.8415180522228765, 5.25269113693162, 5.039188467402266, 6.097482124615044, 6.908451280135078, 6.817636934451702, 6.372838367634943, 8.13950816818805, 8.330118002165396, 9.22473239124041, 1.0950347985338185, 1.0935943306363654, 1.0950767507348511, 2.1501735023016164, 2.1488624711693394, 6.075764230119533, 6.1688501570389915, 7.2759023715275335, 6.049476064090179, 5.961329094254065, 8.483700429058064, 7.748241430156909, 9.38036147970855, 8.246070485388783, 9.32278530912302, 10.199898527436437, 9.185434353366203], [1.5148761335501988, 0.0, 1.416657241537275, 2.612356585537281, 3.5099985840452983, 3.0522931854590905, 4.437702704102653, 5.218437560228157, 3.862250860573404, 4.453728060849697, 4.335722653722215, 5.558803646469266, 6.544244050308638, 6.2666427463195955, 5.695588642098374, 7.679727348024798, 8.076901485718393, 8.577822118113666, 2.1594485106156154, 2.1619442222222105, 2.15898963638087, 1.0944380704270114, 1.0940483444528397, 4.736429467436414, 5.0052555319384044, 6.259416757174745, 5.288992065601914, 5.0434454106295235, 8.095419965017255, 7.6758133757928215, 9.161475759395971, 7.94583158958205, 8.554688624374355, 9.615489784197162, 8.476598156100122], [2.3803331405498684, 1.416657241537275, 0.0, 1.62036351785641, 3.051730142066955, 2.4861497400599184, 3.8331726089494063, 4.794321538028087, 2.5226461444285047, 3.0668569676461925, 3.119309094976001, 4.339989237313844, 5.527373080406279, 4.915867074077573, 4.284630898922333, 6.324663945222703, 6.725401344901284, 7.196094426145338, 2.6368659598091067, 3.3377955809186393, 2.642502437084969, 2.068204097762114, 2.056241235847584, 4.305485689210916, 4.123347130669451, 5.792758173789063, 4.762353591450345, 4.923135223615129, 6.810285852297245, 6.3973923781490845, 7.816234915226128, 6.569372844495888, 7.220012511069492, 8.233536880952196, 7.0713621983320865], [3.899928782683089, 2.612356585537281, 1.62036351785641, 0.0, 1.944253365690799, 1.625582160335183, 2.617081588334609, 3.905982211941063, 1.6093323149679184, 2.5779369910841496, 3.033333397435897, 4.28474964146098, 5.693578711144688, 4.645471526120895, 3.7772213345262147, 6.055620520640309, 6.642319837225545, 6.604029989332272, 4.238005335060351, 4.744022794000888, 4.104466233263468, 2.7677076977166504, 2.9610617876025485, 2.961913011889444, 2.7736932580947014, 4.749587951601697, 4.112573274727151, 4.242753377230404, 6.670871569742593, 6.579349695068655, 7.721463756309421, 6.377542261718067, 6.510975124357334, 7.688132734286005, 6.338382273892921], [4.973446044746037, 3.5099985840452983, 3.051730142066955, 1.944253365690799, 0.0, 3.010066196946506, 3.5143764325979654, 4.952422149817198, 3.0536147383060617, 3.62512545162233, 3.6451327342087283, 4.838499939030691, 5.959645684937989, 5.431348643753225, 4.813911650622599, 6.822065251813411, 7.741708489086888, 7.157582218179544, 5.246402311108061, 5.589104719004646, 5.502124314298978, 3.6311381700508174, 3.2242734561448105, 3.2054662656156587, 3.708994060388881, 5.589013923761508, 5.495928304663371, 5.174648309788791, 7.285237078503347, 7.79025705480891, 8.767028949992124, 7.620111718997301, 6.763964030064027, 8.244248956090543, 7.003439473572967], [4.22182820469995, 3.0522931854590905, 2.4861497400599184, 1.625582160335183, 3.010066196946506, 0.0, 1.4181913129052792, 2.3812126994453897, 2.496163708573618, 3.7729231598324398, 4.52050942483256, 5.698853194283917, 7.200680069271235, 5.820286176812958, 4.721344381635383, 7.135375732923951, 7.504826906731427, 7.588661614540472, 4.878197246934568, 4.933238006624047, 4.139905170411516, 2.62843339272655, 3.692478488766048, 2.058127219099927, 2.0692718743558083, 3.3389298929447446, 2.6427209803533933, 2.6376568123999755, 7.886078555277014, 7.464783156261137, 8.572422942202513, 7.030551439254249, 7.60644571071141, 8.648158399335665, 7.125711917415691], [5.633485971403497, 4.437702704102653, 3.8331726089494063, 2.617081588334609, 3.5143764325979654, 1.4181913129052792, 0.0, 1.5149060036847173, 3.034811905209283, 4.3464861911663775, 5.298886632114335, 6.370641067427987, 7.955966720644324, 6.276178386566143, 5.052900459142254, 7.475192166760664, 7.8712980644872035, 7.6572658762772505, 6.292540601378747, 6.307889462411338, 5.505979427858407, 3.92554807638373, 4.9788225144104095, 1.0939948491652052, 1.0943015169504242, 2.161955529144853, 2.159035817211007, 2.159541159598492, 8.32268429895067, 8.011320381185612, 8.883941777161757, 7.278643221095536, 7.645366656348144, 8.69160010469879, 7.039198639760069], [6.191111980088875, 5.218437560228157, 4.794321538028087, 3.905982211941063, 4.952422149817198, 2.3812126994453897, 1.5149060036847173, 0.0, 4.233027755637802, 5.549203212173798, 6.578772069315064, 7.611611527790946, 9.230897803572521, 7.404360994711158, 6.114944399583695, 8.517979584972014, 8.700730434854306, 8.706281391041758, 6.979596382313235, 6.767587081818748, 5.852441974082272, 4.515673046180381, 5.91772817473057, 2.1490208119048075, 2.149933750142083, 1.093633992705055, 1.0950942699146957, 1.0950694681160642, 9.429289726167077, 8.809936833485244, 9.683124697121276, 7.981098366766318, 8.817014258239578, 9.68934428431563, 7.989205708329209], [4.8415180522228765, 3.862250860573404, 2.5226461444285047, 1.6093323149679184, 3.0536147383060617, 2.496163708573618, 3.034811905209283, 4.233027755637802, 0.0, 1.330420005111168, 2.4132209803497067, 3.379230653565986, 5.0098115653186, 3.33797538636821, 2.263388576890853, 4.655511637833161, 5.168005234130476, 5.156300862052174, 4.969183168288326, 5.835560231031807, 4.8236748791766635, 4.150533746399371, 4.316125949274418, 3.6474708730845267, 2.599637853625001, 4.931204713860499, 4.178367312719168, 4.8929349167958485, 5.4061074517623116, 5.227455064369276, 6.232176353409778, 4.828002777546839, 5.2055767720781905, 6.222797486661445, 4.817159263507903], [5.25269113693162, 4.453728060849697, 3.0668569676461925, 2.5779369910841496, 3.62512545162233, 3.7729231598324398, 4.3464861911663775, 5.549203212173798, 1.330420005111168, 0.0, 1.3586819826581937, 2.073897495056108, 3.742478199001298, 2.078720402074315, 1.3353224404614792, 3.4785976283554265, 4.156832554962973, 4.15145267225823, 5.097406574916307, 6.292289244782061, 5.315480524844391, 5.000646807164049, 4.759877555147821, 4.8833882888830376, 3.8186890813471575, 6.211127619039879, 5.432498683847056, 6.2195640401880254, 4.132201036977751, 4.208444370548338, 5.2154672666981625, 4.045472833921888, 4.197565668336828, 5.211338456673103, 4.041896428658211], [5.039188467402266, 4.335722653722215, 3.119309094976001, 3.033333397435897, 3.6451327342087283, 4.52050942483256, 5.298886632114335, 6.578772069315064, 2.4132209803497067, 1.3586819826581937, 0.0, 1.3084991746271757, 2.684525235493233, 2.200047067678326, 2.28647348770984, 3.6203169598807228, 4.495061091909653, 4.500185929492247, 4.659178599281208, 6.02546402943375, 5.325382057655582, 5.105529473032155, 4.391492776949542, 5.692347555271024, 4.93023859361796, 7.309903994581598, 6.529195780492418, 7.1171757263678685, 3.9214049013076937, 4.3780352796659825, 5.503114894312129, 4.697457493155206, 4.38573630876276, 5.507073718409806, 4.7047140455079735], [6.097482124615044, 5.558803646469266, 4.339989237313844, 4.28474964146098, 4.838499939030691, 5.698853194283917, 6.370641067427987, 7.611611527790946, 3.379230653565986, 2.073897495056108, 1.3084991746271757, 0.0, 1.6966488646741256, 1.3627782394799237, 2.2219197915316387, 2.5544771989587223, 3.577447451745448, 3.588185693355348, 5.577864079555901, 7.095939693937654, 6.32104135328982, 6.367182969728449, 5.614844448424195, 6.803118784792751, 5.854362091637312, 8.278088261186879, 7.48077101708106, 8.237141356684369, 2.6617021865715933, 3.5086061705469307, 4.484480049013486, 4.027547932675662, 3.526557360939986, 4.492658902031179, 4.039274692317917], [6.908451280135078, 6.544244050308638, 5.527373080406279, 5.693578711144688, 5.959645684937989, 7.200680069271235, 7.955966720644324, 9.230897803572521, 5.0098115653186, 3.742478199001298, 2.684525235493233, 1.6966488646741256, 0.0, 2.693735295087474, 3.8481924237231175, 3.237815277312775, 4.2756366707193445, 4.2998608651908725, 6.182903583268948, 7.809866296550794, 7.264367084612396, 7.4775891342062915, 6.412921653193653, 8.312185265620586, 7.494791925730827, 9.923989031130576, 9.119416308075863, 9.795959996855848, 2.707196841753477, 4.070197898137141, 4.925559060654942, 5.040785587584538, 4.113827168221825, 4.945801645840641, 5.0635820887984035], [6.817636934451702, 6.2666427463195955, 4.915867074077573, 4.645471526120895, 5.431348643753225, 5.820286176812958, 6.276178386566143, 7.404360994711158, 3.33797538636821, 2.078720402074315, 2.200047067678326, 1.3627782394799237, 2.693735295087474, 0.0, 1.3545126688222597, 1.4553554789122825, 2.46446945608989, 2.465514197890574, 6.405190439011163, 7.874405476605837, 6.851305456626496, 6.948058898714087, 6.497216044584019, 6.818086418490161, 5.575965244690824, 7.96209919619192, 7.174835276157913, 8.167209923835678, 2.068194018945031, 2.704510449231061, 3.410867095036099, 2.7826398437455033, 2.7051561304294434, 3.4115953921882354, 2.7851568734992287], [6.372838367634943, 5.695588642098374, 4.284630898922333, 3.7772213345262147, 4.813911650622599, 4.721344381635383, 5.052900459142254, 6.114944399583695, 2.263388576890853, 1.3353224404614792, 2.28647348770984, 2.2219197915316387, 3.8481924237231175, 1.3545126688222597, 0.0, 2.4373935340851305, 3.02425832725976, 3.0142645222342384, 6.169778638654713, 7.443665152329194, 6.297967566604325, 6.207289763656922, 6.069990884671903, 5.671826862660742, 4.302205013710992, 6.6419245177885, 5.87136427842797, 6.926761489325297, 3.3155215230789863, 3.3171025760443404, 4.047102068147034, 2.823469629728643, 3.2997552484995003, 4.040078302459, 2.814203333094466], [8.13950816818805, 7.679727348024798, 6.324663945222703, 6.055620520640309, 6.822065251813411, 7.135375732923951, 7.475192166760664, 8.517979584972014, 4.655511637833161, 3.4785976283554265, 3.6203169598807228, 2.5544771989587223, 3.237815277312775, 1.4553554789122825, 2.4373935340851305, 0.0, 1.5288636662567399, 1.5289230490773564, 7.6718151287684195, 9.20438724848102, 8.10386112603122, 8.361086346282999, 7.931878230280644, 8.04659568761846, 6.672166201467107, 8.986962030630819, 8.215238161489903, 9.35346860848958, 1.0946593853797628, 2.174834002860908, 2.172410925676816, 2.185136634171877, 2.174945061375114, 2.172455350519315, 2.185462230284477], [8.330118002165396, 8.076901485718393, 6.725401344901284, 6.642319837225545, 7.741708489086888, 7.504826906731427, 7.8712980644872035, 8.700730434854306, 5.168005234130476, 4.156832554962973, 4.495061091909653, 3.577447451745448, 4.2756366707193445, 2.46446945608989, 3.02425832725976, 1.5288636662567399, 0.0, 2.5235267107760126, 7.870331315770638, 9.410359949013639, 8.107639728058961, 8.727353622948941, 8.498479478706765, 8.601255775176087, 7.077050586932383, 9.183686288740486, 8.213739648905362, 9.544265018323829, 2.1324353448580804, 1.095644709748557, 1.0950491861099207, 1.0956076122408058, 3.4801175511755345, 2.776708133743984, 2.7966798082726596], [9.22473239124041, 8.577822118113666, 7.196094426145338, 6.604029989332272, 7.157582218179544, 7.588661614540472, 7.6572658762772505, 8.706281391041758, 5.156300862052174, 4.15145267225823, 4.500185929492247, 3.588185693355348, 4.2998608651908725, 2.465514197890574, 3.0142645222342384, 1.5289230490773564, 2.5235267107760126, 0.0, 8.860931209528713, 10.288131533470983, 9.199957692294024, 9.149684748667575, 8.798865450158901, 8.133586582191157, 6.728326712489518, 9.00276445154487, 8.49301281171764, 9.6310587185418, 2.1316255674953797, 3.48005087750165, 2.775620056852162, 2.7975836966925582, 1.095720552878333, 1.0951366764016262, 1.095618916412089], [1.0950347985338185, 2.1594485106156154, 2.6368659598091067, 4.238005335060351, 5.246402311108061, 4.878197246934568, 6.292540601378747, 6.979596382313235, 4.969183168288326, 5.097406574916307, 4.659178599281208, 5.577864079555901, 6.182903583268948, 6.405190439011163, 6.169778638654713, 7.6718151287684195, 7.870331315770638, 8.860931209528713, 0.0, 1.7799691710813421, 1.7594644241927713, 3.0640180319312744, 2.4982094087566, 6.753210499458757, 6.687646041022208, 8.052634396891492, 6.795208985748709, 6.864204354475469, 7.896920112296946, 7.209666334165542, 8.885118717271029, 7.917791938413132, 8.963957996889544, 9.791659140309164, 8.942468861002537], [1.0935943306363654, 2.1619442222222105, 3.3377955809186393, 4.744022794000888, 5.589104719004646, 4.933238006624047, 6.307889462411338, 6.767587081818748, 5.835560231031807, 6.292289244782061, 6.02546402943375, 7.095939693937654, 7.809866296550794, 7.874405476605837, 7.443665152329194, 9.20438724848102, 9.410359949013639, 10.288131533470983, 1.7799691710813421, 0.0, 1.7799604518078482, 2.4969076975330906, 2.498277086313686, 6.648497266300107, 6.961015889940204, 7.845359385012264, 6.692395237132965, 6.376630487177377, 9.51512689405664, 8.807338196072635, 10.454843727669964, 9.336974174217255, 10.351930173643947, 11.268087236527768, 10.257129461013934], [1.0950767507348511, 2.15898963638087, 2.642502437084969, 4.104466233263468, 5.502124314298978, 4.139905170411516, 5.505979427858407, 5.852441974082272, 4.8236748791766635, 5.315480524844391, 5.325382057655582, 6.32104135328982, 7.264367084612396, 6.851305456626496, 6.297967566604325, 8.10386112603122, 8.107639728058961, 9.199957692294024, 1.7594644241927713, 1.7799604518078482, 0.0, 2.501662834995955, 3.062611664903012, 6.110694359072461, 6.012502847400573, 6.944378766311642, 5.537446518026156, 5.648667157834669, 8.536194834936701, 7.504095533107238, 9.145762076502974, 7.920009833327229, 9.41663021096188, 10.147229814092121, 9.078935185912497], [2.1501735023016164, 1.0944380704270114, 2.068204097762114, 2.7677076977166504, 3.6311381700508174, 2.62843339272655, 3.92554807638373, 4.515673046180381, 4.150533746399371, 5.000646807164049, 5.105529473032155, 6.367182969728449, 7.4775891342062915, 6.948058898714087, 6.207289763656922, 8.361086346282999, 8.727353622948941, 9.149684748667575, 3.0640180319312744, 2.4969076975330906, 2.501662834995955, 0.0, 1.7813575749972266, 4.165999650744104, 4.685682058142657, 5.552122420300187, 4.680011839728613, 4.171772122252125, 8.870866685955775, 8.392802851848721, 9.820795777328842, 8.48007487820715, 9.129108408272957, 10.206210782655823, 8.933413838505412], [2.1488624711693394, 1.0940483444528397, 2.056241235847584, 2.9610617876025485, 3.2242734561448105, 3.692478488766048, 4.9788225144104095, 5.91772817473057, 4.316125949274418, 4.759877555147821, 4.391492776949542, 5.614844448424195, 6.412921653193653, 6.497216044584019, 6.069990884671903, 7.931878230280644, 8.498479478706765, 8.798865450158901, 2.4982094087566, 2.498277086313686, 3.062611664903012, 1.7813575749972266, 0.0, 5.071176031257444, 5.532375448213904, 6.901930057599831, 6.130388393079186, 5.727112264483734, 8.243872483851263, 8.12114123384146, 9.56935883588864, 8.471945555183884, 8.650279616289868, 9.842660118585828, 8.787503223328], [6.075764230119533, 4.736429467436414, 4.305485689210916, 2.961913011889444, 3.2054662656156587, 2.058127219099927, 1.0939948491652052, 2.1490208119048075, 3.6474708730845267, 4.8833882888830376, 5.692347555271024, 6.803118784792751, 8.312185265620586, 6.818086418490161, 5.671826862660742, 8.04659568761846, 8.601255775176087, 8.133586582191157, 6.753210499458757, 6.648497266300107, 6.110694359072461, 4.165999650744104, 5.071176031257444, 0.0, 1.7810838104929256, 2.498329934176029, 3.0627308745627646, 2.4985846413519797, 8.84208167854154, 8.784339762327047, 9.60743141687725, 8.070561385058662, 7.982401449438633, 9.182582153729962, 7.551532276299956], [6.1688501570389915, 5.0052555319384044, 4.123347130669451, 2.7736932580947014, 3.708994060388881, 2.0692718743558083, 1.0943015169504242, 2.149933750142083, 2.599637853625001, 3.8186890813471575, 4.93023859361796, 5.854362091637312, 7.494791925730827, 5.575965244690824, 4.302205013710992, 6.672166201467107, 7.077050586932383, 6.728326712489518, 6.687646041022208, 6.961015889940204, 6.012502847400573, 4.685682058142657, 5.532375448213904, 1.7810838104929256, 0.0, 2.496674808620458, 2.501403272165446, 3.0638622994514617, 7.572833902179553, 7.3303749481182745, 8.048661156366318, 6.446100896666138, 6.742006907442323, 7.738062145653782, 6.0471480501142025], [7.2759023715275335, 6.259416757174745, 5.792758173789063, 4.749587951601697, 5.589013923761508, 3.3389298929447446, 2.161955529144853, 1.093633992705055, 4.931204713860499, 6.211127619039879, 7.309903994581598, 8.278088261186879, 9.923989031130576, 7.96209919619192, 6.6419245177885, 8.986962030630819, 9.183686288740486, 9.00276445154487, 8.052634396891492, 7.845359385012264, 6.944378766311642, 5.552122420300187, 6.901930057599831, 2.498329934176029, 2.496674808620458, 0.0, 1.7800200251682567, 1.7800136432061415, 9.940946031942836, 9.40135567351858, 10.114264373151416, 8.405567215244906, 9.094249987766995, 9.947939399192176, 8.20112463873096], [6.049476064090179, 5.288992065601914, 4.762353591450345, 4.112573274727151, 5.495928304663371, 2.6427209803533933, 2.159035817211007, 1.0950942699146957, 4.178367312719168, 5.432498683847056, 6.529195780492418, 7.48077101708106, 9.119416308075863, 7.174835276157913, 5.87136427842797, 8.215238161489903, 8.213739648905362, 8.49301281171764, 6.795208985748709, 6.692395237132965, 5.537446518026156, 4.680011839728613, 6.130388393079186, 3.0627308745627646, 2.501403272165446, 1.7800200251682567, 0.0, 1.759508903074946, 9.155193025818734, 8.269409186272014, 9.176693983129217, 7.4372505228747, 8.73714903672817, 9.434110673508128, 7.758303933850491], [5.961329094254065, 5.0434454106295235, 4.923135223615129, 4.242753377230404, 5.174648309788791, 2.6376568123999755, 2.159541159598492, 1.0950694681160642, 4.8929349167958485, 6.2195640401880254, 7.1171757263678685, 8.237141356684369, 9.795959996855848, 8.167209923835678, 6.926761489325297, 9.35346860848958, 9.544265018323829, 9.6310587185418, 6.864204354475469, 6.376630487177377, 5.648667157834669, 4.171772122252125, 5.727112264483734, 2.4985846413519797, 3.0638622994514617, 1.7800136432061415, 1.759508903074946, 0.0, 10.2184657478508, 9.56883485226911, 10.555455983518666, 8.867024365591874, 9.714392065898926, 10.636715614323812, 8.966022880296482], [8.483700429058064, 8.095419965017255, 6.810285852297245, 6.670871569742593, 7.285237078503347, 7.886078555277014, 8.32268429895067, 9.429289726167077, 5.4061074517623116, 4.132201036977751, 3.9214049013076937, 2.6617021865715933, 2.707196841753477, 2.068194018945031, 3.3155215230789863, 1.0946593853797628, 2.1324353448580804, 2.1316255674953797, 7.896920112296946, 9.51512689405664, 8.536194834936701, 8.870866685955775, 8.243872483851263, 8.84208167854154, 7.572833902179553, 9.940946031942836, 9.155193025818734, 10.2184657478508, 0.0, 2.4882312332257226, 2.459166553936516, 3.0620295720322495, 2.487951544946163, 2.4575014181074244, 3.0616047115850864], [7.748241430156909, 7.6758133757928215, 6.3973923781490845, 6.579349695068655, 7.79025705480891, 7.464783156261137, 8.011320381185612, 8.809936833485244, 5.227455064369276, 4.208444370548338, 4.3780352796659825, 3.5086061705469307, 4.070197898137141, 2.704510449231061, 3.3171025760443404, 2.174834002860908, 1.095644709748557, 3.48005087750165, 7.209666334165542, 8.807338196072635, 7.504095533107238, 8.392802851848721, 8.12114123384146, 8.784339762327047, 7.3303749481182745, 9.40135567351858, 8.269409186272014, 9.56883485226911, 2.4882312332257226, 0.0, 1.7717578418057023, 1.768876154511672, 4.3234998670058955, 3.780155273265901, 3.8048594849218804], [9.38036147970855, 9.161475759395971, 7.816234915226128, 7.721463756309421, 8.767028949992124, 8.572422942202513, 8.883941777161757, 9.683124697121276, 6.232176353409778, 5.2154672666981625, 5.503114894312129, 4.484480049013486, 4.925559060654942, 3.410867095036099, 4.047102068147034, 2.172410925676816, 