{"total energy": -53.27673714, "HOMO-LUMO gap/eV": 3.87626578, "electronic energy": -53.88420883, "dipole": [-0.0154445, 0.21054258, -0.10270601], "partial charges": [-0.15958761, 0.13630842, -0.16045427, -0.03391663, 0.01251044, -0.03029605, -0.03743823, 0.10101764, -0.16613188, -0.03767725, -0.03230137, 0.01323697, -0.031474, -0.03776903, 0.10074761, -0.16676341, -0.03749118, -0.03143766, 0.08354711, 0.0755361, 0.05132838, 0.06205656, 0.06107567, 0.04684669, 0.04562301, 0.06105793, 0.06168694, 0.05015912], "atomic dipole moments": [[-0.04227027, -0.01692542, 0.00420317], [-0.02092412, -0.08812828, 0.18920373], [0.03523161, -0.02132825, -0.00034031], [0.0123022, -0.08180471, -0.1057174], [0.08308742, -0.04283698, 0.05081368], [-0.00057524, -0.00270319, -0.02002328], [0.00060137, -0.01204363, -0.03715457], [-0.19341463, 0.10623471, -0.11036554], [-0.02218049, 0.00890704, -0.01083367], [-0.01754588, 0.01855118, 0.02850456], [-0.00924555, 0.0071372, 0.01031211], [-0.08887384, -0.04818458, 0.03283464], [0.0046579, 0.009018, 0.01187949], [0.00339912, 0.02570351, 0.02790146], [0.20636625, 0.12182919, -0.05973568], [0.02250157, 0.01077944, -0.00358233], [0.01498917, -0.01773199, -0.03073647], [0.00632598, -0.00578932, -0.01855785], [0.01287418, -0.04658768, -0.12973932], [-0.01277373, 0.02038723, 0.12501507], [0.01723799, 0.02712129, 0.14911132], [-0.09460423, 0.08861878, 0.08519217], [-0.02237814, -0.02288693, -0.15164292], [0.08894309, -0.08307156, -0.09115774], [-0.03614122, -0.11425841, -0.0933984], [0.08000639, -0.04486187, -0.12493666], [0.04428028, 0.11992193, 0.08792995], [-0.07599162, 0.05033333, 0.12231301]], "atomic quadrupole moments": [[0.23162202, -0.24210161, -0.15136468, 0.32064979, -0.18067959, -0.08025734], [0.32405583, 0.01718261, -0.10353483, 0.05529093, -0.18108566, -0.220521], [0.33821097, 0.28177515, -0.14276063, -0.22819124, -0.13018535, -0.19545034], [0.04238002, -0.01519913, 0.12624177, 0.01322274, 0.03729924, -0.16862179], [0.07216091, 0.26717544, 0.18298645, 0.02849747, -0.19182764, -0.25514736], [-0.00540169, 0.35295558, 0.23656517, -0.07674293, -0.14945722, -0.23116347], [-0.02106454, 0.35487452, 0.23131667, -0.07730481, -0.13810563, -0.21025213], [0.17093621, 0.11986717, 0.13937251, 0.13932002, -0.25539682, -0.31030872], [0.1917122, -0.21746691, -0.08850063, 0.23531009, -0.13901087, -0.10321157], [-0.00401242, 0.33736805, 0.24547921, -0.09784103, -0.12576937, -0.24146679], [-0.00297973, 0.34709697, 0.25722676, -0.08893492, -0.13699106, -0.25424703], [0.08357708, -0.15619269, -0.00753888, 0.16433462, -0.32209498, -0.0760382], [-0.03013098, -0.24942461, 0.06115971, 0.24998491, -0.28807283, -0.03102873], [-0.03610507, -0.24744629, 0.05477818, 0.24834542, -0.27015244, -0.01867311], [0.20312626, 0.01666759, -0.01873858, 0.09793325, -0.35081174, -0.18438768], [0.24628482, 0.27172564, -0.05878048, -0.13020057, -0.09649663, -0.18750433], [-0.02952166, -0.26389576, 0.02652784, 0.22217643, -0.28305617, 0.00299382], [-0.02269394, -0.25269498, 0.02812246, 0.23402863, -0.29622988, -0.00542852], [0.00585876, 0.00073141, -0.01210183, -0.00110632, -0.00232429, 0.00624307], [-0.01375763, 0.00262673, -0.01429491, -0.00641295, 0.00955564, 0.02805253], [0.00653704, -0.04725993, -0.02970552, 0.01638476, 0.01231882, 0.02316849], [0.00424397, -0.0420252, -0.02902557, 0.01615526, 0.01177183, 0.0247816], [0.00641055, -0.04450515, -0.02765829, 0.01302031, 0.01268545, 0.02124774], [0.00675574, -0.04874926, -0.02850479, 0.01743706, 0.01032633, 0.02174906], [0.01125766, 0.0418267, -0.00520282, -0.03115141, 0.02728661, -0.00605484], [0.00772828, 0.03569801, -0.00420972, -0.02699476, 0.03001592, -0.00351857], [0.00926822, 0.03279257, -0.00699704, -0.030707, 0.02850746, -0.00227118], [0.00932402, 0.03845395, -0.00550595, -0.03096382, 0.0302691, -0.00381807]], "number of molecular orbitals": 102, "number of electrons": 94, "number of unpaired electrons": 0, "orbital energies/eV": [-29.19971754, -29.1025889, -28.92846804, -28.91937747, -18.43706237, -18.32138794, -18.2179593, -17.5181228, -17.50579492, -17.4207319, -17.40210949, -16.86236914, -16.43515872, -16.31175339, -16.26732318, -15.98009722, -15.37377037, -15.20776577, -14.93400397, -14.62703091, -14.59518243, -14.41271003, -14.29138649, -14.10608167, -14.02182639, -13.8852701, -13.84047077, -13.71706891, -13.65874779, -13.62199066, -13.2840605, -12.84824339, -12.60021626, -12.48667559, -12.38315949, -12.28791425, -12.21529832, -12.05695709, -12.02333989, -11.74912033, -11.71746606, -11.687974, -11.68242878, -11.57939279, -11.5646142, -11.11075177, -10.97651951, -7.10025373, -6.93408813, -6.88950818, -6.72408721, -5.60222205, -4.75966393, -3.8939467, -3.87409594, -3.69578638, -3.45995553, -0.75537256, -0.15698653, 0.00080605, 0.06472837, 0.08913529, 0.09957448, 0.10565741, 0.12326941, 0.1835202, 0.19607745, 0.34095364, 0.34543304, 0.35102524, 0.35556277, 0.71102172, 0.72172844, 0.88658272, 1.40928656, 1.99936727, 2.30517461, 2.40670432, 2.87247983, 3.01187263, 3.2452266, 3.60417884, 3.67950222, 3.94922701, 4.35302673, 4.45184342, 4.55902351, 4.6399334, 4.91454853, 5.69459507, 8.949828, 9.06380165, 9.89609618, 9.93038723, 10.66566277, 10.71725652, 10.90324786, 11.37292165, 15.4312911, 15.69770043, 16.00755671, 16.04008177], "fractional occupation": [2.0, 2.0, 2.0, 2.0, 2.0, 2.0, 2.0, 2.0, 2.0, 2.0, 2.0, 2.0, 2.0, 2.0, 2.0, 2.0, 2.0, 2.0, 2.0, 2.0, 2.0, 2.0, 2.0, 2.0, 2.0, 2.0, 2.0, 2.0, 2.0, 2.0, 2.0, 2.0, 2.0, 2.0, 2.0, 2.0, 2.0, 2.0, 2.0, 2.0, 2.0, 2.0, 2.0, 2.0, 2.0, 2.0, 2.0, 0.0, 0.0, 0.0, 0.0, 0.0, 0.0, 0.0, 0.0, 0.0, 0.0, 0.0, 0.0, 0.0, 0.0, 0.0, 0.0, 0.0, 0.0, 0.0, 0.0, 0.0, 0.0, 0.0, 0.0, 0.0, 0.0, 0.0, 0.0, 0.0, 0.0, 0.0, 0.0, 0.0, 0.0, 0.0, 0.0, 0.0, 0.0, 0.0, 0.0, 0.0, 0.0, 0.0, 0.0, 0.0, 0.0, 0.0, 0.0, 0.0, 0.0, 0.0, 0.0, 0.0, 0.0, 0.0], "program call": "xtb /home/svss/Project-DBcg-Debug/aqme2_20220329/End-to-End-workflows-final/example-3/QDESCP/mol_451_rdkit_conf_1/mol_451_rdkit_conf_1.xyz --pop --wbo --acc 0.2 --gfn 2 --chrg 0 --uhf 0 --etemp 300 --input /home/svss/Project-DBcg-Debug/aqme2_20220329/End-to-End-workflows-final/example-3/QDESCP/mol_451_rdkit_conf_1/mol_451_rdkit_conf_1_xtb.inp", "method": "GFN2-xTB", "xtb version": "6.3.3 (7355c4f)", "Dipole module/D": 0.597, "Total charge": 0, "Transition dipole module/D": NaN, "HOMO": -10.9765, "LUMO": -7.1003, "HOMO occupancy": 2.0, "LUMO occupancy": 0, "mulliken charges": [-0.133, 0.18084, -0.133, -0.02844, -0.00201, -0.02734, -0.04447, 0.1137, -0.10848, -0.04424, -0.03169, -0.00101, -0.03219, -0.04414, 0.11345, -0.10898, -0.04457, -0.02803, 0.03904, 0.04344, 0.03815, 0.04464, 0.04417, 0.03396, 0.03401, 0.04419, 0.04445, 0.03755], "cm5 charges": [-0.1379, 0.12834, -0.13784, -0.08087, -0.0133, -0.08032, -0.09642, 0.10631, -0.11051, -0.09622, -0.08428, -0.01239, -0.08498, -0.09613, 0.10605, -0.11101, -0.09653, -0.0809, 0.09917, 0.10578, 0.09435, 0.10114, 0.10066, 0.09111, 0.09124, 0.10066, 0.10095, 0.09381], "FUKUI+": [-0.06, 0.003, -0.057, 0.013, -0.039, -0.02, -0.017, -0.04, -0.093, -0.02, -0.015, -0.037, -0.017, -0.018, -0.038, -0.091, -0.019, -0.018, -0.028, -0.034, -0.043, -0.048, -0.048, -0.039, -0.041, -0.047, -0.048, -0.04], "FUKUI-": [-0.082, 0.017, -0.079, 0.007, -0.027, -0.011, -0.016, -0.015, -0.174, -0.015, -0.01, -0.027, -0.009, -0.015, -0.015, -0.176, -0.015, -0.011, -0.028, -0.028, -0.033, -0.037, -0.036, -0.03, -0.031, -0.036, -0.037, -0.032], "FUKUIrad": [-0.071, 0.01, -0.068, 0.01, -0.033, -0.015, -0.016, -0.028, -0.134, -0.017, -0.013, -0.032, -0.013, -0.017, -0.027, -0.133, -0.017, -0.014, -0.028, -0.031, -0.038, -0.043, -0.042, -0.034, -0.036, -0.042, -0.042, -0.036], "s proportion": [1.953, 1.095, 1.954, 1.069, 1.09, 1.065, 1.062, 1.078, 1.943, 1.062, 1.062, 1.09, 1.062, 1.062, 1.078, 1.943, 1.062, 1.064, 0.961, 0.957, 0.962, 0.955, 0.956, 0.966, 0.966, 0.956, 0.956, 0.962], "p proportion": [5.192, 2.724, 5.192, 2.959, 2.912, 2.963, 2.982, 2.808, 5.176, 2.982, 2.969, 2.911, 2.97, 2.982, 2.808, 5.176, 2.982, 2.964, 0.0, 0.0, 0.0, 0.0, 0.0, 0.0, 0.0, 0.0, 0.0, 0.0], "d proportion": [-0.013, 0.0, -0.013, 0.0, 0.0, 0.0, 0.0, 0.0, -0.011, 0.0, 0.0, 0.0, 0.0, 0.0, 0.0, -0.011, 0.0, 0.0, 0.0, 0.0, 0.0, 0.0, 0.0, 0.0, 0.0, 0.0, 0.0, 0.0], "Fermi-level/eV": -9.0384, "Coordination numbers": [1.057, 3.67, 1.057, 3.882, 2.959, 2.914, 2.947, 2.879, 0.966, 2.947, 2.913, 2.958, 2.913, 2.947, 2.879, 0.966, 2.946, 2.915, 0.924, 0.923, 0.925, 0.925, 0.925, 0.925, 0.925, 0.925, 0.925, 0.925], "Dispersion coefficient C6": [104.171, 18.597, 104.198, 21.128, 27.734, 28.756, 28.93, 25.761, 104.363, 28.936, 28.805, 27.717, 28.785, 28.938, 25.766, 104.383, 28.932, 28.784, 1.943, 2.026, 2.303, 2.175, 2.186, 2.36, 2.375, 2.187, 2.179, 2.318], "Total dispersion C6": 16431.680246, "Total dispersion C8": 497506.351591, "Polarizability alpha": [15.615, 6.182, 15.617, 6.535, 8.638, 8.793, 8.822, 8.321, 15.629, 8.823, 8.801, 8.635, 8.798, 8.823, 8.321, 15.631, 8.822, 8.798, 2.18, 2.226, 2.373, 2.306, 2.312, 2.402, 2.41, 2.312, 2.309, 2.381], "Total polarizability alpha": 202.814411, "Wiberg matrix": [[0.0, 0.9607121384614424, 0.0, 0.0, 0.0, 0.0, 0.0, 0.0, 0.0, 0.0, 0.0, 0.0, 0.0, 0.0, 0.0, 0.0, 0.0, 0.0, 0.0, 0.0, 0.0, 0.0, 0.0, 0.0, 0.0, 0.0, 0.0, 0.0], [0.9607121384614424, 0.0, 0.9602351969852584, 0.9782047028603513, 0.0, 0.0, 0.0, 0.0, 0.0, 0.0, 0.0, 0.0, 0.0, 0.0, 0.0, 0.0, 0.0, 0.0, 0.9670494274833848, 0.0, 0.0, 0.0, 0.0, 0.0, 0.0, 0.0, 0.0, 0.0], [0.0, 0.9602351969852584, 0.0, 0.0, 0.0, 0.0, 0.0, 0.0, 0.0, 0.0, 0.0, 0.0, 0.0, 0.0, 0.0, 0.0, 0.0, 0.0, 0.0, 0.0, 0.0, 0.0, 0.0, 0.0, 0.0, 0.0, 0.0, 0.0], [0.0, 0.9782047028603513, 0.0, 0.0, 0.9732369069435817, 0.0, 0.0, 0.0, 0.0, 0.0, 0.0, 0.976132553205713, 0.0, 0.0, 0.0, 0.0, 0.0, 0.0, 0.0, 0.9574444930313204, 0.0, 0.0, 0.0, 0.0, 0.0, 0.0, 0.0, 0.0], [0.0, 0.0, 0.0, 0.9732369069435817, 0.0, 1.4084361321045746, 0.0, 0.0, 0.0, 0.0, 1.4087682037112152, 0.0, 0.0, 0.0, 0.0, 0.0, 0.0, 0.0, 0.0, 0.0, 0.0, 0.0, 0.0, 0.0, 0.0, 0.0, 0.0, 0.0], [0.0, 0.0, 0.0, 0.0, 1.4084361321045746, 0.0, 1.4431900190501101, 0.0, 0.0, 0.10839775956213854, 0.0, 0.0, 0.0, 0.0, 0.0, 0.0, 0.0, 0.0, 0.0, 0.0, 0.9665984142478838, 0.0, 0.0, 0.0, 0.0, 0.0, 0.0, 0.0], [0.0, 0.0, 0.0, 0.0, 0.0, 1.4431900190501101, 0.0, 1.4008248213866001, 0.0, 0.0, 0.10856083999281156, 0.0, 0.0, 0.0, 0.0, 0.0, 0.0, 0.0, 0.0, 0.0, 0.0, 0.9667092110124329, 0.0, 0.0, 0.0, 0.0, 0.0, 0.0], [0.0, 0.0, 0.0, 0.0, 0.0, 0.0, 1.4008248213866001, 0.0, 0.9838054965620059, 1.3993963252958959, 0.0, 0.0, 0.0, 0.0, 0.0, 0.0, 0.0, 0.0, 0.0, 0.0, 0.0, 0.0, 0.0, 0.0, 0.0, 0.0, 0.0, 0.0], [0.0, 0.0, 0.0, 0.0, 0.0, 0.0, 0.0, 0.9838054965620059, 0.0, 0.0, 0.0, 0.0, 0.0, 0.0, 0.0, 0.0, 0.0, 0.0, 0.0, 0.0, 0.0, 0.0, 0.0, 0.0, 0.0, 0.0, 0.0, 0.0], [0.0, 0.0, 0.0, 0.0, 0.0, 0.10839775956213854, 0.0, 1.3993963252958959, 0.0, 0.0, 1.444707364944078, 0.0, 0.0, 0.0, 0.0, 0.0, 0.0, 0.0, 0.0, 0.0, 0.0, 0.0, 0.9670541861901718, 0.0, 0.0, 0.0, 0.0, 0.0], [0.0, 0.0, 0.0, 0.0, 1.4087682037112152, 0.0, 0.10856083999281156, 0.0, 0.0, 1.444707364944078, 0.0, 0.0, 0.0, 0.0, 0.0, 0.0, 0.0, 0.0, 0.0, 0.0, 0.0, 0.0, 0.0, 0.966546883531397, 0.0, 0.0, 0.0, 0.0], [0.0, 0.0, 0.0, 0.976132553205713, 0.0, 0.0, 0.0, 0.0, 0.0, 0.0, 0.0, 0.0, 1.4105183127729033, 0.0, 0.0, 0.0, 0.0, 1.4060378203446313, 0.0, 0.0, 0.0, 0.0, 0.0, 0.0, 0.0, 0.0, 0.0, 0.0], [0.0, 0.0, 0.0, 0.0, 0.0, 0.0, 0.0, 0.0, 0.0, 0.0, 0.0, 1.4105183127729033, 0.0, 1.442190656579195, 0.0, 0.0, 0.10777457917878619, 0.0, 0.0, 0.0, 0.0, 0.0, 0.0, 0.0, 0.9661343743098767, 0.0, 0.0, 0.0], [0.0, 0.0, 0.0, 0.0, 0.0, 0.0, 0.0, 0.0, 0.0, 0.0, 0.0, 0.0, 1.442190656579195, 0.0, 1.4008422478835314, 0.0, 0.0, 0.10912761564345119, 0.0, 0.0, 0.0, 0.0, 0.0, 0.0, 0.0, 0.967084481365915, 0.0, 0.0], [0.0, 0.0, 0.0, 0.0, 0.0, 0.0, 0.0, 0.0, 0.0, 0.0, 0.0, 0.0, 0.0, 1.4008422478835314, 0.0, 0.9833043613246076, 1.3995581115915656, 0.0, 0.0, 0.0, 0.0, 0.0, 0.0, 0.0, 0.0, 0.0, 0.0, 0.0], [0.0, 0.0, 0.0, 0.0, 0.0, 0.0, 0.0, 0.0, 0.0, 0.0, 0.0, 0.0, 0.0, 0.0, 0.9833043613246076, 0.0, 0.0, 0.0, 0.0, 0.0, 0.0, 0.0, 0.0, 0.0, 0.0, 0.0, 0.0, 0.0], [0.0, 0.0, 0.0, 0.0, 0.0, 0.0, 0.0, 0.0, 0.0, 0.0, 0.0, 0.0, 0.10777457917878619, 0.0, 1.3995581115915656, 0.0, 0.0, 1.445579157852699, 0.0, 0.0, 0.0, 0.0, 0.0, 0.0, 0.0, 0.0, 0.9667377709712489, 0.0], [0.0, 0.0, 0.0, 0.0, 0.0, 0.0, 0.0, 0.0, 0.0, 0.0, 0.0, 1.4060378203446313, 0.0, 0.10912761564345119, 0.0, 0.0, 1.445579157852699, 0.0, 0.0, 0.0, 0.0, 0.0, 0.0, 0.0, 0.0, 0.0, 0.0, 0.9670809231994795], [0.0, 0.9670494274833848, 0.0, 0.0, 0.0, 0.0, 0.0, 0.0, 0.0, 0.0, 0.0, 0.0, 0.0, 0.0, 0.0, 0.0, 0.0, 0.0, 0.0, 0.0, 0.0, 0.0, 0.0, 0.0, 0.0, 0.0, 0.0, 0.0], [0.0, 0.0, 0.0, 0.9574444930313204, 0.0, 0.0, 0.0, 0.0, 0.0, 0.0, 0.0, 0.0, 0.0, 0.0, 0.0, 0.0, 0.0, 0.0, 0.0, 0.0, 0.0, 0.0, 0.0, 0.0, 0.0, 0.0, 0.0, 0.0], [0.0, 0.0, 0.0, 0.0, 0.0, 0.9665984142478838, 0.0, 0.0, 0.0, 0.0, 0.0, 0.0, 0.0, 0.0, 0.0, 0.0, 0.0, 0.0, 0.0, 0.0, 0.0, 0.0, 0.0, 0.0, 0.0, 0.0, 0.0, 0.0], [0.0, 0.0, 0.0, 0.0, 0.0, 0.0, 0.9667092110124329, 0.0, 0.0, 0.0, 0.0, 0.0, 0.0, 0.0, 0.0, 0.0, 0.0, 0.0, 0.0, 0.0, 0.0, 0.0, 0.0, 0.0, 0.0, 0.0, 0.0, 0.0], [0.0, 0.0, 0.0, 0.0, 0.0, 0.0, 0.0, 0.0, 0.0, 0.9670541861901718, 0.0, 0.0, 0.0, 0.0, 0.0, 0.0, 0.0, 0.0, 0.0, 0.0, 0.0, 0.0, 0.0, 0.0, 0.0, 0.0, 0.0, 0.0], [0.0, 0.0, 0.0, 0.0, 0.0, 0.0, 0.0, 0.0, 0.0, 0.0, 0.966546883531397, 0.0, 0.0, 0.0, 0.0, 0.0, 0.0, 0.0, 0.0, 0.0, 0.0, 0.0, 0.0, 0.0, 0.0, 0.0, 0.0, 0.0], [0.0, 0.0, 0.0, 0.0, 0.0, 0.0, 0.0, 0.0, 0.0, 0.0, 0.0, 0.0, 0.9661343743098767, 0.0, 0.0, 0.0, 0.0, 0.0, 0.0, 0.0, 0.0, 0.0, 0.0, 0.0, 0.0, 0.0, 0.0, 0.0], [0.0, 0.0, 0.0, 0.0, 0.0, 0.0, 0.0, 0.0, 0.0, 0.0, 0.0, 0.0, 0.0, 0.967084481365915, 0.0, 0.0, 0.0, 0.0, 0.0, 0.0, 0.0, 0.0, 0.0, 0.0, 0.0, 0.0, 0.0, 0.0], [0.0, 0.0, 0.0, 0.0, 0.0, 0.0, 0.0, 0.0, 0.0, 0.0, 0.0, 0.0, 0.0, 0.0, 0.0, 0.0, 0.9667377709712489, 0.0, 0.0, 0.0, 0.0, 0.0, 0.0, 0.0, 0.0, 0.0, 0.0, 0.0], [0.0, 0.0, 0.0, 0.0, 0.0, 0.0, 0.0, 0.0, 0.0, 0.0, 0.0, 0.0, 0.0, 0.0, 0.0, 0.0, 0.0, 0.9670809231994795, 0.0, 0.0, 0.0, 0.0, 0.0, 0.0, 0.0, 0.0, 0.0, 0.0]], "Born radii": [], "Atomic SASAs": [], "Solvent H bonds": [], "Total SASA": NaN, "Total FOD": 0.0, "FOD": [0.0, 0.0, 0.0, 0.0, 0.0, 0.0, 0.0, 0.0, 0.0, 0.0, 0.0, 0.0, 0.0, 0.0, 0.0, 0.0, 0.0, 0.0, 0.0, 0.0, 0.0, 0.0, 0.0, 0.0, 0.0, 0.0, 0.0, 0.0], "FOD s proportion": [0.0, 0.0, 0.0, 0.0, 0.0, 0.0, 0.0, 0.0, 0.0, 0.0, 0.0, 0.0, 0.0, 0.0, 0.0, 0.0, 0.0, 0.0, 0.0, 0.0, 0.0, 0.0, 0.0, 0.0, 0.0, 0.0, 0.0, 0.0], "FOD p proportion": [0.0, 0.0, 0.0, 0.0, 0.0, 0.0, 0.0, 0.0, 0.0, 0.0, 0.0, 0.0, 0.0, 0.0, 0.0, 0.0, 0.0, 0.0, 0.0, 0.0, 0.0, 0.0, 0.0, 0.0, 0.0, 0.0, 0.0, 0.0], "FOD d proportion": [0.0, 0.0, 0.0, 0.0, 0.0, 0.0, 0.0, 0.0, 0.0, 0.0, 0.0, 0.0, 0.0, 0.0, 0.0, 0.0, 0.0, 0.0, 0.0, 0.0, 0.0, 0.0, 0.0, 0.0, 0.0, 0.0, 0.0, 0.0], "coordinates": [["1.32220", "-3.16060", "1.63360"], ["-0.04050", "-2.43010", "0.71930"], ["-1.55220", "-3.18670", "1.33020"], ["-0.07060", "-0.88240", "0.86590"], ["-1.26700", "-0.23560", "0.15740"], ["-2.14780", "0.58050", "0.88920"], ["-3.24310", "1.18590", "0.26830"], ["-3.46620", "0.98570", "-1.09060"], ["-4.81380", "1.73190", "-1.85620"], ["-2.60240", "0.18650", "-1.83440"], ["-1.50640", "-0.42060", "-1.21490"], ["1.22500", "-0.16620", "0.46210"], ["1.97600", "-0.53740", "-0.66610"], ["3.14170", "0.15570", "-1.00630"], ["3.56430", "1.23060", "-0.22920"], ["4.99780", "2.08160", "-0.65270"], ["2.82960", "1.62210", "0.88530"], ["1.66510", "0.93010", "1.22690"], ["0.06810", "-2.74770", "-0.32130"], ["-0.19540", "-0.69950", "1.94470"], ["-1.99170", "0.75080", "1.95290"], ["-3.91570", "1.81080", "0.85000"], ["-2.77420", "0.03470", "-2.89690"], ["-0.84440", "-1.03030", "-1.82460"], ["1.67280", "-1.36480", "-1.30210"], ["3.71360", "-0.14670", "-1.88000"], ["3.15420", "2.46430", "1.49070"], ["1.10100", "1.25740", "2.09870"]], "bond_dist": [[0.0, 1.7962533312425617, 2.890485794810277, 2.7783898880466724, 4.175972710638804, 5.156632677435926, 6.449656613339969, 6.895059382630436, 8.588699336337253, 6.215511851006319, 4.860301452585015, 3.216876038954563, 3.549260876576981, 4.612753835833861, 5.270642625904358, 6.798372150007677, 5.070150583562583, 4.125143850825084, 2.359001320474408, 2.908076027204241, 5.1364321917066125, 7.263913774956308, 6.893175269786776, 4.603420564102307, 3.4592126979993583, 5.210352399790248, 5.917444078316246, 4.447917653239547], [1.7962533312425617, 0.0, 1.797464675591707, 1.5549189239314054, 2.5760171020395033, 3.6787622456473046, 4.8513404085881255, 5.165157126361211, 6.836653943267861, 4.464449670452114, 3.1508860182494702, 2.606316423613986, 3.093205246988955, 4.448646292974976, 5.2244578455568, 6.900890361395405, 4.968435855478059, 3.8023247047036897, 1.0933947503074999, 2.1261645115089283, 3.930276734531552, 5.746258812479646, 5.159966779931825, 3.0128263242344384, 2.8559269843607695, 5.105246601291656, 5.895448872647442, 4.099197831283579], [2.890485794810277, 1.797464675591707, 0.0, 2.778580850002389, 3.188383617132669, 3.839403104650513, 4.806912229279832, 5.189661877232465, 6.706996755627663, 4.743004473959518, 3.7591143717636473, 4.194026430531882, 4.842747094366998, 6.218003475393046, 6.9370627718076765, 8.636514186869608, 6.520940475882293, 5.225871450772589, 2.354898159156782, 2.8990826704321493, 4.010588708656124, 5.549029693559047, 5.453354597859926, 3.8863613882396475, 4.54411134326614, 6.875727865469954, 7.35593380951732, 5.232598522722721], [2.7783898880466724, 1.5549189239314054, 2.778580850002389, 0.0, 1.5335238667852549, 2.5407438162868767, 3.8340248955894904, 4.341404060900114, 6.061545936475282, 3.852814366148465, 2.5699240300055566, 1.5344628506418785, 2.579655124236571, 3.860266278380288, 4.344710694626284, 6.064661616281653, 3.8319781640818364, 2.5353760549472737, 2.2154064232099717, 1.1012887405217582, 2.745821634775282, 4.694504559588797, 4.723260442745032, 2.80346769198434, 2.823539856279702, 4.733010769055992, 4.689361467193588, 2.7333471129733966], [4.175972710638804, 2.5760171020395033, 3.188383617132669, 1.5335238667852549, 0.0, 1.4061860083218012, 2.4367872845203373, 2.808123631537615, 4.528292332656981, 2.434898110804639, 1.4052560798658729, 2.5115179573317805, 3.3595065843066894, 4.57645595084231, 5.063660898006501, 6.728550875931607, 4.556645614923329, 3.3316508145362413, 2.8848383160932958, 2.134940528445699, 2.1730152553537216, 3.4180490648906723, 3.416644906922579, 2.1768010588935316, 3.4709734844852966, 5.381940015459109, 5.349220348798505, 3.4066286398725647], [5.156632677435926, 3.6787622456473046, 3.839403104650513, 2.5407438162868767, 1.4061860083218012, 0.0, 1.3970354540955643, 2.4128766317406285, 3.9963106886226947, 2.7892461562221436, 2.41678132647536, 3.480769331627708, 4.546909383306423, 5.634907766769568, 5.856751230844622, 7.462597147106361, 5.085219418078241, 3.84375699804241, 4.177611554465063, 2.5620979704140905, 1.0884975838282784, 2.1542156670120103, 3.8761872774673827, 3.4144162956499606, 4.814869898553854, 6.523288928140466, 5.658772719415403, 3.5321077701565113], [6.449656613339969, 4.8513404085881255, 4.806912229279832, 3.8340248955894904, 2.4367872845203373, 1.3970354540955643, 0.0, 1.3915684891517197, 2.6979093276090653, 2.414672677610777, 2.792284258452209, 4.672221148447492, 5.575111753140021, 6.591781871391073, 6.825701363230008, 8.340440773724133, 6.11952978013834, 5.007471901069441, 5.175411342106055, 3.9564536405725774, 2.143173145128503, 1.0868604602247707, 3.400532265690182, 3.8788573755682227, 5.756587483917881, 7.4018031951680525, 6.63731991168122, 4.714518132322751], [6.895059382630436, 5.165157126361211, 5.189661877232465, 4.341404060900114, 2.808123631537615, 2.4128766317406285, 1.3915684891517197, 0.0, 1.720169631170135, 1.3921600195379842, 2.415356333959857, 5.073963770071678, 5.667236954636713, 6.660356514481789, 7.087306697187586, 8.545879078245843, 6.629199303837531, 5.630642707542363, 5.19820878187862, 4.769808986741503, 3.3900177742896864, 2.156100326979243, 2.155454636497832, 3.387749583425552, 5.6549892572842255, 7.311293330184476, 7.258034431579944, 5.5771651598280645], [8.588699336337253, 6.836653943267861, 6.706996755627663, 6.061545936475282, 4.528292332656981, 3.9963106886226947, 2.6979093276090653, 1.720169631170135, 0.0, 2.6979670791171637, 3.9979265501006886, 6.741246467827741, 7.257233945519463, 8.154551900625808, 8.549326891633049, 9.891319269945743, 8.120926169471065, 7.219732270659349, 6.801152974312517, 6.456637308227867, 4.841079262933008, 2.8524248035662567, 2.8501776242894055, 4.835998734491149, 7.209199488154007, 8.731910166739006, 8.673359981575768, 7.131005770576826], [6.215511851006319, 4.464449670452114, 4.743004473959518, 3.852814366148465, 2.434898110804639, 2.7892461562221436, 2.414672677610777, 1.3921600195379842, 2.6979670791171637, 0.0, 1.3977004900907775, 4.477421166251841, 4.7802408579484785, 5.803566408683543, 6.457166618571956, 7.921543974503959, 6.2421422164189755, 5.304343022467533, 4.246242044443534, 4.567301370612629, 3.8775030973553073, 3.4013395508240576, 1.0869520366603118, 2.1380510470987355, 4.57899661716407, 6.324947240886678, 7.027311463853015, 5.507383587512313], [4.860301452585015, 3.1508860182494702, 3.7591143717636473, 2.5699240300055566, 1.4052560798658729, 2.41678132647536, 2.792284258452209, 2.415356333959857, 3.9979265501006886, 1.3977004900907775, 0.0, 3.2152129509567478, 3.527312495370945, 4.688333313662756, 5.423104684587971, 6.9915442729056645, 5.2330067198504535, 4.224356753400452, 2.948383560529397, 3.4321390371020812, 3.4121328945397194, 3.8791344988283147, 2.1549336254279385, 1.0870658581705157, 3.317594025796405, 5.269324360864493, 6.112619056509247, 4.538079298557927], [3.216876038954563, 2.606316423613986, 4.194026430531882, 1.5344628506418785, 2.5115179573317805, 3.480769331627708, 4.672221148447492, 5.073963770071678, 6.741246467827741, 4.477421166251841, 3.2152129509567478, 0.0, 1.405213748865275, 2.4358893776195996, 2.81091985300186, 4.530938503224249, 2.4396426562101263, 1.4072955411000208, 2.9353492841568274, 2.1213316124547807, 3.662039394927368, 5.521394017818327, 5.226551678688349, 3.202824075718178, 2.1793504628673195, 3.4174467984154484, 3.4204328454159127, 2.1726648429981092], [3.549260876576981, 3.093205246988955, 4.842747094366998, 2.579655124236571, 3.3595065843066894, 4.546909383306423, 5.575111753140021, 5.667236954636713, 7.257233945519463, 4.7802408579484785, 3.527312495370945, 1.405213748865275, 0.0, 1.3982060434714194, 2.4164855679271082, 3.9988268029510854, 2.7926537862756997, 2.415297923652484, 2.940135292805418, 3.3996368938461647, 4.9255724063300494, 6.521098936529027, 5.27903088549404, 3.0886451431007744, 1.0867460604943548, 2.1553314037521005, 3.879451555310364, 3.4104326822266997], [4.612753835833861, 4.448646292974976, 6.218003475393046, 3.860266278380288, 4.57645595084231, 5.634907766769568, 6.591781871391073, 6.660356514481789, 8.154551900625808, 5.803566408683543, 4.688333313662756, 2.4358893776195996, 1.3982060434714194, 0.0, 1.3920794445720401, 2.698004999995367, 2.413687206329768, 2.7869741943548743, 4.283219994350046, 4.536078091259012, 5.9550654244936725, 7.482786944715185, 6.2118340423742815, 4.238537967271262, 2.134733027804648, 1.0871370934707358, 3.400705692940805, 3.875464408299991], [5.270642625904358, 5.2244578455568, 6.9370627718076765, 4.344710694626284, 5.063660898006501, 5.856751230844622, 6.825701363230008, 7.087306697187586, 8.549326891633049, 6.457166618571956, 5.423104684587971, 2.81091985300186, 2.4164855679271082, 1.3920794445720401, 0.0, 1.7200219475343912, 1.3911026525745682, 2.4119469521529697, 5.297052740911686, 4.752522625932463, 5.988397485972353, 7.579690275994133, 6.9802136321175725, 5.205151838323258, 3.3859987920848402, 2.1550838545170348, 2.1559809159637755, 3.3893485421242824], [6.798372150007677, 6.900890361395405, 8.636514186869608, 6.064661616281653, 6.728550875931607, 7.462597147106361, 8.340440773724133, 8.545879078245843, 9.891319269945743, 7.921543974503959, 6.9915442729056645, 4.530938503224249, 3.9988268029510854, 2.698004999995367, 1.7200219475343912, 0.0, 2.6977167178931145, 3.995714917258237, 6.908972900511334, 6.438193085796667, 7.577155815343907, 9.043335788302898, 8.344472257129267, 6.722244570082228, 4.832703003496077, 2.849693987080016, 2.8529780598525463, 4.840925308244282], [5.070150583562583, 4.968435855478059, 6.520940475882293, 3.8319781640818364, 4.556645614923329, 5.085219418078241, 6.11952978013834, 6.629199303837531, 8.120926169471065, 6.2421422164189755, 5.2330067198504535, 2.4396426562101263, 2.7926537862756997, 2.413687206329768, 1.3911026525745682, 2.6977167178931145, 0.0, 1.3970020794544296, 5.308193463882039, 3.957623013880933, 5.014366075587223, 6.748031258819124, 6.944598623390699, 5.279873082754926, 3.8787210018252156, 3.39955784330845, 1.0868188257478797, 2.143222715911718], [4.125143850825084, 3.8023247047036897, 5.225871450772589, 2.5353760549472737, 3.3316508145362413, 3.84375699804241, 5.007471901069441, 5.630642707542363, 7.219732270659349, 5.304343022467533, 4.224356753400452, 1.4072955411000208, 2.415297923652484, 2.7869741943548743, 2.4119469521529697, 3.995714917258237, 1.3970020794544296, 0.0, 4.298086211327083, 2.5753239116662585, 3.7324805063121227, 5.662421278923001, 6.124936904981145, 4.410488709882387, 3.415035329246244, 3.8741035221067595, 2.1542467105696135, 1.0887466831177948], [2.359001320474408, 1.0933947503074999, 2.354898159156782, 2.2154064232099717, 2.8848383160932958, 4.177611554465063, 5.175411342106055, 5.19820878187862, 6.801152974312517, 4.246242044443534, 2.948383560529397, 2.9353492841568274, 2.940135292805418, 4.283219994350046, 5.297052740911686, 6.908972900511334, 5.308193463882039, 4.298086211327083, 0.0, 3.0658296576946347, 4.6534142229120325, 6.166241025130303, 4.738579366223594, 2.45805408809489, 2.334404236630837, 4.741773606995594, 6.322365159495297, 4.792088106452134], [2.908076027204241, 2.1261645115089283, 2.8990826704321493, 1.1012887405217582, 2.134940528445699, 2.5620979704140905, 3.9564536405725774, 4.769808986741503, 6.456637308227867, 4.567301370612629, 3.4321390371020812, 2.1213316124547807, 3.3996368938461647, 4.536078091259012, 4.752522625932463, 6.438193085796667, 3.957623013880933, 2.5753239116662585, 3.0658296576946347, 0.0, 2.3087076514795024, 4.6195894049146835, 5.534469228390379, 3.839043126874196, 3.8045374975153026, 5.496744393729801, 4.629856002080411, 2.3524086741040553], [5.1364321917066125, 3.930276734531552, 4.010588708656124, 2.745821634775282, 2.1730152553537216, 1.0884975838282784, 2.143173145128503, 3.3900177742896864, 4.841079262933008, 3.8775030973553073, 3.4121328945397194, 3.662039394927368, 4.9255724063300494, 5.9550654244936725, 5.988397485972353, 7.577155815343907, 5.014366075587223, 3.7324805063121227, 4.6534142229120325, 2.3087076514795024, 0.0, 2.4580000834011377, 4.964440099346552, 4.331064620852476, 5.338478117403874, 6.931599869438513, 5.443344367206617, 3.137306884893475], [7.263913774956308, 5.746258812479646, 5.549029693559047, 4.694504559588797, 3.4180490648906723, 2.1542156670120103, 1.0868604602247707, 2.156100326979243, 2.8524248035662567, 3.4013395508240576, 3.8791344988283147, 5.521394017818327, 6.521098936529027, 7.482786944715185, 7.579690275994133, 9.043335788302898, 6.748031258819124, 5.662421278923001, 6.166241025130303, 4.6195894049146835, 2.4580000834011377, 0.0, 4.300792144477573, 4.965704185712234, 6.778443923202433, 8.33612168457251, 7.128888044428809, 5.199305928679327], [6.893175269786776, 5.159966779931825, 5.453354597859926, 4.723260442745032, 3.416644906922579, 3.8761872774673827, 3.400532265690182, 2.155454636497832, 2.8501776242894055, 1.0869520366603118, 2.1549336254279385, 5.226551678688349, 5.27903088549404, 6.2118340423742815, 6.9802136321175725, 8.344472257129267, 6.944598623390699, 6.124936904981145, 4.738579366223594, 5.534469228390379, 4.964440099346552, 4.300792144477573, 0.0, 2.45115897689236, 4.927250378253575, 6.569515995109533, 7.76530208555984, 6.4395799311756345], [4.603420564102307, 3.0128263242344384, 3.8863613882396475, 2.80346769198434, 2.1768010588935316, 3.4144162956499606, 3.8788573755682227, 3.387749583425552, 4.835998734491149, 2.1380510470987355, 1.0870658581705157, 3.202824075718178, 3.0886451431007744, 4.238537967271262, 5.205151838323258, 6.722244570082228, 5.279873082754926, 4.410488709882387, 2.45805408809489, 3.839043126874196, 4.331064620852476, 4.965704185712234, 2.45115897689236, 0.0, 2.592526246733097, 4.6431866341985435, 6.260371012168528, 4.9406917875941225], [3.4592126979993583, 2.8559269843607695, 4.54411134326614, 2.823539856279702, 3.4709734844852966, 4.814869898553854, 5.756587483917881, 5.6549892572842255, 7.209199488154007, 4.57899661716407, 3.317594025796405, 2.1793504628673195, 1.0867460604943548, 2.134733027804648, 3.3859987920848402, 4.832703003496077, 3.8787210018252156, 3.415035329246244, 2.334404236630837, 3.8045374975153026, 5.338478117403874, 6.778443923202433, 4.927250378253575, 2.592526246733097, 0.0, 2.445935538807186, 4.965509501551679, 4.332242920243509], [5.210352399790248, 5.105246601291656, 6.875727865469954, 4.733010769055992, 5.381940015459109, 6.523288928140466, 7.4018031951680525, 7.311293330184476, 8.731910166739006, 6.324947240886678, 5.269324360864493, 3.4174467984154484, 2.1553314037521005, 1.0871370934707358, 2.1550838545170348, 2.849693987080016, 3.39955784330845, 3.8741035221067595, 4.741773606995594, 5.496744393729801, 6.931599869438513, 8.33612168457251, 6.569515995109533, 4.6431866341985435, 2.445935538807186, 0.0, 4.3002171863755905, 4.9625829222291085], [5.917444078316246, 5.895448872647442, 7.35593380951732, 4.689361467193588, 5.349220348798505, 5.658772719415403, 6.63731991168122, 7.258034431579944, 8.673359981575768, 7.027311463853015, 6.112619056509247, 3.4204328454159127, 3.879451555310364, 3.400705692940805, 2.1559809159637755, 2.8529780598525463, 1.0868188257478797, 2.1542467105696135, 6.322365159495297, 4.629856002080411, 5.443344367206617, 7.128888044428809, 7.76530208555984, 6.260371012168528, 4.965509501551679, 4.3002171863755905, 0.0, 2.4580280409303716], [4.447917653239547, 4.099197831283579, 5.232598522722721, 2.7333471129733966, 3.4066286398725647, 3.5321077701565113, 4.714518132322751, 5.5771651598280645, 7.131005770576826, 5.507383587512313, 4.538079298557927, 2.1726648429981092, 3.4104326822266997, 3.875464408299991, 3.3893485421242824, 4.840925308244282, 2.143222715911718, 1.0887466831177948, 4.792088106452134, 2.3524086741040553, 3.137306884893475, 5.199305928679327, 6.4395799311756345, 4.9406917875941225, 4.332242920243509, 4.9625829222291085, 2.4580280409303716, 0.0]]}