{"total energy": -36.70680699, "HOMO-LUMO gap/eV": 11.76978825, "electronic energy": -37.18805216, "dipole": [-0.61361335, -0.50705976, 0.2463032], "partial charges": [-0.09954556, -0.05147028, -0.05717889, -0.05793142, -0.05811847, -0.0582328, -0.05792142, -0.06064355, -0.06887136, 0.07848107, -0.44600207, 0.03288771, 0.02989143, 0.0332347, 0.02728676, 0.02882626, 0.02965063, 0.02678632, 0.02934488, 0.03253709, 0.02878897, 0.0288045, 0.02937769, 0.03018638, 0.0320839, 0.03027369, 0.03256961, 0.03017931, 0.02931316, 0.0444336, 0.01849384, 0.04730051, 0.28518382], "atomic dipole moments": [[0.01957039, 0.03101698, -0.09450651], [0.07056899, -0.06214636, 0.0597165], [-0.00773871, 0.06995724, 0.08379882], [0.01058261, -0.06508023, -0.0910089], [-0.00380638, 0.06397075, 0.08804356], [0.01165951, -0.06460742, -0.08842223], [-0.00144974, 0.06607223, 0.09112157], [0.01712818, -0.06367939, -0.08737006], [-0.00044762, 0.06347329, 0.09679329], [0.1059596, -0.10150137, -0.13229673], [-0.20256732, -0.06672829, 0.11244606], [0.00584109, -0.12559435, 0.01113692], [-0.1154065, 0.03437883, 0.03143889], [0.07687359, 0.05219045, 0.08519819], [-0.08755009, -0.04022696, -0.07293181], [-0.00877083, 0.12350228, -0.0054855], [0.00388878, -0.12421, 0.00040844], [0.00516639, 0.02924913, -0.11802609], [-0.00646806, 0.12417911, 0.00202503], [-0.00118014, -0.03605999, 0.11900586], [0.00678848, -0.12376811, -0.00227164], [0.00375321, 0.03550966, -0.11875935], [-0.0039345, -0.03538161, 0.1186785], [-0.00713712, 0.12396187, 0.00229738], [0.00365176, 0.03547434, -0.11915765], [0.00675653, -0.12367119, -0.00227549], [-0.00732309, 0.12457713, 0.00230816], [-0.00407324, -0.0355107, 0.11868123], [0.00705318, -0.1219638, -0.00736615], [0.00625891, 0.03134137, -0.12204832], [0.01262201, -0.0386254, 0.11098655], [-0.00246075, 0.12845896, 0.00197997], [-0.00510237, -0.07805559, 0.00762387]], "atomic quadrupole moments": [[-0.08794503, 0.01229901, -0.09126989, -0.0631145, -0.10216095, 0.17921491], [0.04782987, -0.07494659, -0.15448548, -0.1434419, -0.05698693, 0.10665561], [0.22557056, -0.00254115, -0.14112948, 0.01883074, 0.1040592, -0.08444108], [0.22587844, 0.01420666, -0.15146035, 0.0006721, 0.12363168, -0.07441808], [0.23280837, 0.01719482, -0.1554797, 0.01136653, 0.11977345, -0.07732867], [0.23579595, 0.01382977, -0.15628857, 0.00592241, 0.11938826, -0.07950738], [0.2367152, 0.01913385, -0.15543455, 0.01345622, 0.12143347, -0.08128065], [0.24092356, 0.01149101, -0.15889885, 0.00160305, 0.11628166, -0.08202471], [0.26284961, 0.02220204, -0.15839691, 0.018607, 0.11757182, -0.1044527], [0.35368622, -0.09961241, -0.23589915, -0.16661619, 0.17208546, -0.11778707], [0.10466021, -0.04489908, -0.04553972, -0.11556104, 0.02793338, -0.0591205], [-0.05166211, -0.01287518, 0.08045395, -0.00322808, 0.00239964, -0.02879183], [0.06518349, -0.03948323, -0.04105584, -0.02259331, -0.00016853, -0.02412765], [0.01570663, 0.04575502, -0.02043282, 0.04626587, 0.02158005, 0.00472618], [0.01946987, 0.03194914, -0.03115641, 0.0221886, 0.02624842, 0.01168654], [-0.03533621, 0.00823227, 0.05761918, -0.01412218, 0.00390232, -0.02228297], [-0.01713914, -0.00145102, 0.05571373, 0.00666001, -0.01800667, -0.03857459], [-0.01101514, 0.00537268, -0.03370061, -0.00699714, -0.03443042, 0.04471574], [-0.02011103, -0.00450908, 0.05637531, 0.00133482, -0.01128637, -0.03626428], [-0.01869483, 0.00314672, -0.0218437, -0.00443207, -0.03486837, 0.04053853], [-0.02001404, -0.00376713, 0.05589857, 0.00138869, -0.01122255, -0.03588453], [-0.01971636, 0.00175469, -0.02105994, -0.00140065, -0.03555331, 0.0407763], [-0.02002413, 0.00175773, -0.02113634, -0.00081476, -0.03573949, 0.04116047], [-0.01977648, -0.00342073, 0.05559319, 0.00142801, -0.0112263, -0.03581671], [-0.01965219, 0.00177322, -0.02082959, -0.00127312, -0.03554823, 0.04048177], [-0.01960731, -0.00397614, 0.05584448, 0.00129736, -0.01115311, -0.03623717], [-0.0196207, -0.0030832, 0.05505248, 0.00154434, -0.01104649, -0.03543179], [-0.02018326, 0.00165744, -0.02107323, -0.0006552, -0.03550884, 0.04125649], [-0.02775337, -0.00321581, 0.06147976, 0.00158586, -0.01548157, -0.0337264], [-0.02433744, 0.0009911, -0.01448425, -0.00013281, -0.03807986, 0.03882169], [-0.00898856, -0.00769158, -0.02443917, -0.01551649, -0.02828616, 0.03342773], [-0.01820046, -0.00265855, 0.05008173, 0.00039255, -0.01120926, -0.03188127], [-0.06006573, -0.01223822, 0.1356137, -0.02401464, -0.00243677, -0.07554797]], "number of molecular orbitals": 66, "number of electrons": 68, "number of unpaired electrons": 0, "orbital energies/eV": [-18.5843606, -17.20191594, -16.9973643, -16.87754607, -16.65320297, -16.33957021, -16.0017048, -15.65209587, -15.30278997, -15.19784548, -15.08012341, -14.91053078, -14.3660864, -14.1859046, -14.01613045, -13.89039033, -13.70045973, -13.53878335, -13.29576342, -13.07516757, -12.96453401, -12.74881471, -12.56034843, -12.34917665, -12.16060224, -12.14265152, -11.91079628, -11.84010807, -11.70057997, -11.56852025, -11.52716477, -11.41460151, -11.334775, -11.03389308, 0.73589517, 1.49990495, 2.42383984, 2.55666567, 2.72735226, 2.81891065, 3.07735633, 3.21214716, 3.45897413, 3.68268336, 3.85092594, 3.91761832, 3.94216369, 4.38024766, 4.51791394, 4.61585049, 4.85107804, 5.01599998, 5.10487686, 5.50015852, 5.74386582, 5.91222445, 6.18270375, 6.57766128, 6.7552688, 6.90223532, 7.14018538, 7.34623434, 7.50169416, 7.93249829, 8.07967818, 8.4948919], "fractional occupation": [2.0, 2.0, 2.0, 2.0, 2.0, 2.0, 2.0, 2.0, 2.0, 2.0, 2.0, 2.0, 2.0, 2.0, 2.0, 2.0, 2.0, 2.0, 2.0, 2.0, 2.0, 2.0, 2.0, 2.0, 2.0, 2.0, 2.0, 2.0, 2.0, 2.0, 2.0, 2.0, 2.0, 2.0, 0.0, 0.0, 0.0, 0.0, 0.0, 0.0, 0.0, 0.0, 0.0, 0.0, 0.0, 0.0, 0.0, 0.0, 0.0, 0.0, 0.0, 0.0, 0.0, 0.0, 0.0, 0.0, 0.0, 0.0, 0.0, 0.0, 0.0, 0.0, 0.0, 0.0, 0.0, 0.0], "program call": "xtb /home/svss/Project-DBcg-Debug/aqme2_20220329/End-to-End-workflows-final/example-3/QDESCP/mol_1063_rdkit_conf_7/mol_1063_rdkit_conf_7.xyz --pop --wbo --acc 0.2 --gfn 2 --chrg 0 --uhf 0 --etemp 300 --input /home/svss/Project-DBcg-Debug/aqme2_20220329/End-to-End-workflows-final/example-3/QDESCP/mol_1063_rdkit_conf_7/mol_1063_rdkit_conf_7_xtb.inp", "method": "GFN2-xTB", "xtb version": "6.3.3 (7355c4f)", "Dipole module/D": 2.118, "Total charge": 0, "Transition dipole module/D": NaN, "HOMO": -11.0339, "LUMO": 0.7359, "HOMO occupancy": 2.0, "LUMO occupancy": 0, "mulliken charges": [-0.08495, -0.03875, -0.0468, -0.04646, -0.0452, -0.04556, -0.04438, -0.04743, -0.06984, 0.19627, -0.56453, 0.0269, 0.02813, 0.02661, 0.02339, 0.02249, 0.02289, 0.02344, 0.02294, 0.02321, 0.02269, 0.02297, 0.02267, 0.02338, 0.02474, 0.02305, 0.02446, 0.0218, 0.02235, 0.03636, 0.00957, 0.0301, 0.33346], "cm5 charges": [-0.23541, -0.15113, -0.15731, -0.15727, -0.15599, -0.15629, -0.15505, -0.15783, -0.17809, 0.10923, -0.77824, 0.07832, 0.0789, 0.07835, 0.07761, 0.0771, 0.07809, 0.07835, 0.0784, 0.07916, 0.07805, 0.07831, 0.07802, 0.07873, 0.08009, 0.07841, 0.07989, 0.07723, 0.07941, 0.09352, 0.07203, 0.09287, 0.50252], "FUKUI+": [0.013, -0.005, -0.014, -0.013, -0.015, -0.013, -0.01, -0.018, -0.004, -0.016, -0.094, -0.017, -0.029, -0.009, -0.042, -0.026, -0.031, -0.031, -0.035, -0.034, -0.037, -0.037, -0.038, -0.038, -0.039, -0.038, -0.041, -0.041, -0.037, -0.042, -0.054, -0.056, -0.057], "FUKUI-": [0.015, 0.002, -0.0, -0.006, -0.002, -0.005, -0.004, -0.001, -0.005, 0.007, -0.107, -0.036, -0.051, -0.056, -0.088, -0.045, -0.036, -0.038, -0.035, -0.039, -0.035, -0.039, -0.03, -0.03, -0.027, -0.027, -0.028, -0.028, -0.032, -0.038, -0.069, -0.045, -0.042], "FUKUIrad": [0.014, -0.001, -0.007, -0.009, -0.008, -0.009, -0.007, -0.01, -0.005, -0.004, -0.101, -0.027, -0.04, -0.032, -0.065, -0.036, -0.034, -0.034, -0.035, -0.037, -0.036, -0.038, -0.034, -0.034, -0.033, -0.033, -0.034, -0.034, -0.034, -0.04, -0.061, -0.051, -0.05], "s proportion": [1.007, 1.027, 1.032, 1.032, 1.033, 1.033, 1.032, 1.032, 1.04, 0.992, 1.695, 0.973, 0.972, 0.973, 0.977, 0.978, 0.977, 0.977, 0.977, 0.977, 0.977, 0.977, 0.977, 0.977, 0.975, 0.977, 0.976, 0.978, 0.978, 0.964, 0.99, 0.97, 0.667], "p proportion": [3.078, 3.012, 3.015, 3.015, 3.013, 3.013, 3.012, 3.016, 3.03, 2.811, 4.869, 0.0, 0.0, 0.0, 0.0, 0.0, 0.0, 0.0, 0.0, 0.0, 0.0, 0.0, 0.0, 0.0, 0.0, 0.0, 0.0, 0.0, 0.0, 0.0, 0.0, 0.0, 0.0], "d proportion": [0.0, 0.0, 0.0, 0.0, 0.0, 0.0, 0.0, 0.0, 0.0, 0.0, 0.0, 0.0, 0.0, 0.0, 0.0, 0.0, 0.0, 0.0, 0.0, 0.0, 0.0, 0.0, 0.0, 0.0, 0.0, 0.0, 0.0, 0.0, 0.0, 0.0, 0.0, 0.0, 0.0], "Fermi-level/eV": -5.149, "Coordination numbers": [3.749, 3.799, 3.801, 3.801, 3.802, 3.802, 3.802, 3.802, 3.8, 3.675, 1.653, 0.924, 0.924, 0.924, 0.924, 0.924, 0.924, 0.924, 0.924, 0.924, 0.924, 0.924, 0.924, 0.924, 0.924, 0.924, 0.924, 0.924, 0.924, 0.924, 0.924, 0.924, 0.804], "Dispersion coefficient C6": [22.466, 21.5, 21.603, 21.616, 21.619, 21.621, 21.615, 21.665, 21.819, 19.492, 21.764, 2.546, 2.588, 2.541, 2.625, 2.603, 2.592, 2.633, 2.596, 2.551, 2.604, 2.604, 2.595, 2.584, 2.557, 2.583, 2.55, 2.584, 2.596, 2.391, 2.756, 2.354, 0.767], "Total dispersion C6": 7297.474258, "Total dispersion C8": 151943.183743, "Polarizability alpha": [6.76, 6.602, 6.617, 6.62, 6.62, 6.62, 6.619, 6.627, 6.651, 6.326, 6.298, 2.495, 2.516, 2.493, 2.534, 2.523, 2.518, 2.537, 2.52, 2.498, 2.524, 2.523, 2.519, 2.514, 2.501, 2.513, 2.497, 2.514, 2.52, 2.418, 2.596, 2.399, 1.376], "Total polarizability alpha": 126.407795, "Wiberg matrix": [[0.0, 1.0209789583853879, 0.0, 0.0, 0.0, 0.0, 0.0, 0.0, 0.0, 0.0, 0.0, 0.9874259861387725, 0.9873611344080272, 0.9861362965343357, 0.0, 0.0, 0.0, 0.0, 0.0, 0.0, 0.0, 0.0, 0.0, 0.0, 0.0, 0.0, 0.0, 0.0, 0.0, 0.0, 0.0, 0.0, 0.0], [1.0209789583853879, 0.0, 1.006893005682145, 0.0, 0.0, 0.0, 0.0, 0.0, 0.0, 0.0, 0.0, 0.0, 0.0, 0.0, 0.9781402295453299, 0.9778654202760163, 0.0, 0.0, 0.0, 0.0, 0.0, 0.0, 0.0, 0.0, 0.0, 0.0, 0.0, 0.0, 0.0, 0.0, 0.0, 0.0, 0.0], [0.0, 1.006893005682145, 0.0, 1.0078900214244624, 0.0, 0.0, 0.0, 0.0, 0.0, 0.0, 0.0, 0.0, 0.0, 0.0, 0.0, 0.0, 0.9771989064446612, 0.9772216836910317, 0.0, 0.0, 0.0, 0.0, 0.0, 0.0, 0.0, 0.0, 0.0, 0.0, 0.0, 0.0, 0.0, 0.0, 0.0], [0.0, 0.0, 1.0078900214244624, 0.0, 1.0066419546928127, 0.0, 0.0, 0.0, 0.0, 0.0, 0.0, 0.0, 0.0, 0.0, 0.0, 0.0, 0.0, 0.0, 0.9772404163558059, 0.9756246168899392, 0.0, 0.0, 0.0, 0.0, 0.0, 0.0, 0.0, 0.0, 0.0, 0.0, 0.0, 0.0, 0.0], [0.0, 0.0, 0.0, 1.0066419546928127, 0.0, 1.0069592636244908, 0.0, 0.0, 0.0, 0.0, 0.0, 0.0, 0.0, 0.0, 0.0, 0.0, 0.0, 0.0, 0.0, 0.0, 0.9774161165307992, 0.977211387825814, 0.0, 0.0, 0.0, 0.0, 0.0, 0.0, 0.0, 0.0, 0.0, 0.0, 0.0], [0.0, 0.0, 0.0, 0.0, 1.0069592636244908, 0.0, 1.0068467877337919, 0.0, 0.0, 0.0, 0.0, 0.0, 0.0, 0.0, 0.0, 0.0, 0.0, 0.0, 0.0, 0.0, 0.0, 0.0, 0.9772345300262104, 0.9772262404378141, 0.0, 0.0, 0.0, 0.0, 0.0, 0.0, 0.0, 0.0, 0.0], [0.0, 0.0, 0.0, 0.0, 0.0, 1.0068467877337919, 0.0, 1.0070483220673059, 0.0, 0.0, 0.0, 0.0, 0.0, 0.0, 0.0, 0.0, 0.0, 0.0, 0.0, 0.0, 0.0, 0.0, 0.0, 0.0, 0.9771481374543319, 0.9772234511217386, 0.0, 0.0, 0.0, 0.0, 0.0, 0.0, 0.0], [0.0, 0.0, 0.0, 0.0, 0.0, 0.0, 1.0070483220673059, 0.0, 1.0064461826829332, 0.0, 0.0, 0.0, 0.0, 0.0, 0.0, 0.0, 0.0, 0.0, 0.0, 0.0, 0.0, 0.0, 0.0, 0.0, 0.0, 0.0, 0.9769829811030017, 0.9770026761971372, 0.0, 0.0, 0.0, 0.0, 0.0], [0.0, 0.0, 0.0, 0.0, 0.0, 0.0, 0.0, 1.0064461826829332, 0.0, 1.0015821221663075, 0.0, 0.0, 0.0, 0.0, 0.0, 0.0, 0.0, 0.0, 0.0, 0.0, 0.0, 0.0, 0.0, 0.0, 0.0, 0.0, 0.0, 0.0, 0.9749552743564015, 0.9756290407591824, 0.0, 0.0, 0.0], [0.0, 0.0, 0.0, 0.0, 0.0, 0.0, 0.0, 0.0, 1.0015821221663075, 0.0, 0.9931560340168926, 0.0, 0.0, 0.0, 0.0, 0.0, 0.0, 0.0, 0.0, 0.0, 0.0, 0.0, 0.0, 0.0, 0.0, 0.0, 0.0, 0.0, 0.0, 0.0, 0.9729483962713728, 0.9732829226916919, 0.0], [0.0, 0.0, 0.0, 0.0, 0.0, 0.0, 0.0, 0.0, 0.0, 0.9931560340168926, 0.0, 0.0, 0.0, 0.0, 0.0, 0.0, 0.0, 0.0, 0.0, 0.0, 0.0, 0.0, 0.0, 0.0, 0.0, 0.0, 0.0, 0.0, 0.0, 0.0, 0.0, 0.0, 0.904098857171314], [0.9874259861387725, 0.0, 0.0, 0.0, 0.0, 0.0, 0.0, 0.0, 0.0, 0.0, 0.0, 0.0, 0.0, 0.0, 0.0, 0.0, 0.0, 0.0, 0.0, 0.0, 0.0, 0.0, 0.0, 0.0, 0.0, 0.0, 0.0, 0.0, 0.0, 0.0, 0.0, 0.0, 0.0], [0.9873611344080272, 0.0, 0.0, 0.0, 0.0, 0.0, 0.0, 0.0, 0.0, 0.0, 0.0, 0.0, 0.0, 0.0, 0.0, 0.0, 0.0, 0.0, 0.0, 0.0, 0.0, 0.0, 0.0, 0.0, 0.0, 0.0, 0.0, 0.0, 0.0, 0.0, 0.0, 0.0, 0.0], [0.9861362965343357, 0.0, 0.0, 0.0, 0.0, 0.0, 0.0, 0.0, 0.0, 0.0, 0.0, 0.0, 0.0, 0.0, 0.0, 0.0, 0.0, 0.0, 0.0, 0.0, 0.0, 0.0, 0.0, 0.0, 0.0, 0.0, 0.0, 0.0, 0.0, 0.0, 0.0, 0.0, 0.0], [0.0, 0.9781402295453299, 0.0, 0.0, 0.0, 0.0, 0.0, 0.0, 0.0, 0.0, 0.0, 0.0, 0.0, 0.0, 0.0, 0.0, 0.0, 0.0, 0.0, 0.0, 0.0, 0.0, 0.0, 0.0, 0.0, 0.0, 0.0, 0.0, 0.0, 0.0, 0.0, 0.0, 0.0], [0.0, 0.9778654202760163, 0.0, 0.0, 0.0, 0.0, 0.0, 0.0, 0.0, 0.0, 0.0, 0.0, 0.0, 0.0, 0.0, 0.0, 0.0, 0.0, 0.0, 0.0, 0.0, 0.0, 0.0, 0.0, 0.0, 0.0, 0.0, 0.0, 0.0, 0.0, 0.0, 0.0, 0.0], [0.0, 0.0, 0.9771989064446612, 0.0, 0.0, 0.0, 0.0, 0.0, 0.0, 0.0, 0.0, 0.0, 0.0, 0.0, 0.0, 0.0, 0.0, 0.0, 0.0, 0.0, 0.0, 0.0, 0.0, 0.0, 0.0, 0.0, 0.0, 0.0, 0.0, 0.0, 0.0, 0.0, 0.0], [0.0, 0.0, 0.9772216836910317, 0.0, 0.0, 0.0, 0.0, 0.0, 0.0, 0.0, 0.0, 0.0, 0.0, 0.0, 0.0, 0.0, 0.0, 0.0, 0.0, 0.0, 0.0, 0.0, 0.0, 0.0, 0.0, 0.0, 0.0, 0.0, 0.0, 0.0, 0.0, 0.0, 0.0], [0.0, 0.0, 0.0, 0.9772404163558059, 0.0, 0.0, 0.0, 0.0, 0.0, 0.0, 0.0, 0.0, 0.0, 0.0, 0.0, 0.0, 0.0, 0.0, 0.0, 0.0, 0.0, 0.0, 0.0, 0.0, 0.0, 0.0, 0.0, 0.0, 0.0, 0.0, 0.0, 0.0, 0.0], [0.0, 0.0, 0.0, 0.9756246168899392, 0.0, 0.0, 0.0, 0.0, 0.0, 0.0, 0.0, 0.0, 0.0, 0.0, 0.0, 0.0, 0.0, 0.0, 0.0, 0.0, 0.0, 0.0, 0.0, 0.0, 0.0, 0.0, 0.0, 0.0, 0.0, 0.0, 0.0, 0.0, 0.0], [0.0, 0.0, 0.0, 0.0, 0.9774161165307992, 0.0, 0.0, 0.0, 0.0, 0.0, 0.0, 0.0, 0.0, 0.0, 0.0, 0.0, 0.0, 0.0, 0.0, 0.0, 0.0, 0.0, 0.0, 0.0, 0.0, 0.0, 0.0, 0.0, 0.0, 0.0, 0.0, 0.0, 0.0], [0.0, 0.0, 0.0, 0.0, 0.977211387825814, 0.0, 0.0, 0.0, 0.0, 0.0, 0.0, 0.0, 0.0, 0.0, 0.0, 0.0, 0.0, 0.0, 0.0, 0.0, 0.0, 0.0, 0.0, 0.0, 0.0, 0.0, 0.0, 0.0, 0.0, 0.0, 0.0, 0.0, 0.0], [0.0, 0.0, 0.0, 0.0, 0.0, 0.9772345300262104, 0.0, 0.0, 0.0, 0.0, 0.0, 0.0, 0.0, 0.0, 0.0, 0.0, 0.0, 0.0, 0.0, 0.0, 0.0, 0.0, 0.0, 0.0, 0.0, 0.0, 0.0, 0.0, 0.0, 0.0, 0.0, 0.0, 0.0], [0.0, 0.0, 0.0, 0.0, 0.0, 0.9772262404378141, 0.0, 0.0, 0.0, 0.0, 0.0, 0.0, 0.0, 0.0, 0.0, 0.0, 0.0, 0.0, 0.0, 0.0, 0.0, 0.0, 0.0, 0.0, 0.0, 0.0, 0.0, 0.0, 0.0, 0.0, 0.0, 0.0, 0.0], [0.0, 0.0, 0.0, 0.0, 0.0, 0.0, 0.9771481374543319, 0.0, 0.0, 0.0, 0.0, 0.0, 0.0, 0.0, 0.0, 0.0, 0.0, 0.0, 0.0, 0.0, 0.0, 0.0, 0.0, 0.0, 0.0, 0.0, 0.0, 0.0, 0.0, 0.0, 0.0, 0.0, 0.0], [0.0, 0.0, 0.0, 0.0, 0.0, 0.0, 0.9772234511217386, 0.0, 0.0, 0.0, 0.0, 0.0, 0.0, 0.0, 0.0, 0.0, 0.0, 0.0, 0.0, 0.0, 0.0, 0.0, 0.0, 0.0, 0.0, 0.0, 0.0, 0.0, 0.0, 0.0, 0.0, 0.0, 0.0], [0.0, 0.0, 0.0, 0.0, 0.0, 0.0, 0.0, 0.9769829811030017, 0.0, 0.0, 0.0, 0.0, 0.0, 0.0, 0.0, 0.0, 0.0, 0.0, 0.0, 0.0, 0.0, 0.0, 0.0, 0.0, 0.0, 0.0, 0.0, 0.0, 0.0, 0.0, 0.0, 0.0, 0.0], [0.0, 0.0, 0.0, 0.0, 0.0, 0.0, 0.0, 0.9770026761971372, 0.0, 0.0, 0.0, 0.0, 0.0, 0.0, 0.0, 0.0, 0.0, 0.0, 0.0, 0.0, 0.0, 0.0, 0.0, 0.0, 0.0, 0.0, 0.0, 0.0, 0.0, 0.0, 0.0, 0.0, 0.0], [0.0, 0.0, 0.0, 0.0, 0.0, 0.0, 0.0, 0.0, 0.9749552743564015, 0.0, 0.0, 0.0, 0.0, 0.0, 0.0, 0.0, 0.0, 0.0, 0.0, 0.0, 0.0, 0.0, 0.0, 0.0, 0.0, 0.0, 0.0, 0.0, 0.0, 0.0, 0.0, 0.0, 0.0], [0.0, 0.0, 0.0, 0.0, 0.0, 0.0, 0.0, 0.0, 0.9756290407591824, 0.0, 0.0, 0.0, 0.0, 0.0, 0.0, 0.0, 0.0, 0.0, 0.0, 0.0, 0.0, 0.0, 0.0, 0.0, 0.0, 0.0, 0.0, 0.0, 0.0, 0.0, 0.0, 0.0, 0.0], [0.0, 0.0, 0.0, 0.0, 0.0, 0.0, 0.0, 0.0, 0.0, 0.9729483962713728, 0.0, 0.0, 0.0, 0.0, 0.0, 0.0, 0.0, 0.0, 0.0, 0.0, 0.0, 0.0, 0.0, 0.0, 0.0, 0.0, 0.0, 0.0, 0.0, 0.0, 0.0, 0.0, 0.0], [0.0, 0.0, 0.0, 0.0, 0.0, 0.0, 0.0, 0.0, 0.0, 0.9732829226916919, 0.0, 0.0, 0.0, 0.0, 0.0, 0.0, 0.0, 0.0, 0.0, 0.0, 0.0, 0.0, 0.0, 0.0, 0.0, 0.0, 0.0, 0.0, 0.0, 0.0, 0.0, 0.0, 0.0], [0.0, 0.0, 0.0, 0.0, 0.0, 0.0, 0.0, 0.0, 0.0, 0.0, 0.904098857171314, 0.0, 0.0, 0.0, 0.0, 0.0, 0.0, 0.0, 0.0, 0.0, 0.0, 0.0, 0.0, 0.0, 0.0, 0.0, 0.0, 0.0, 0.0, 0.0, 0.0, 0.0, 0.0]], "Born radii": [], "Atomic SASAs": [], "Solvent H bonds": [], "Total SASA": NaN, "Total FOD": 0.0, "FOD": [0.0, 0.0, 0.0, 0.0, 0.0, 0.0, 0.0, 0.0, 0.0, 0.0, 0.0, 0.0, 0.0, 0.0, 0.0, 0.0, 0.0, 0.0, 0.0, 0.0, 0.0, 0.0, 0.0, 0.0, 0.0, 0.0, 0.0, 0.0, 0.0, 0.0, 0.0, 0.0, 0.0], "FOD s proportion": [0.0, 0.0, 0.0, 0.0, 0.0, 0.0, 0.0, 0.0, 0.0, 0.0, 0.0, 0.0, 0.0, 0.0, 0.0, 0.0, 0.0, 0.0, 0.0, 0.0, 0.0, 0.0, 0.0, 0.0, 0.0, 0.0, 0.0, 0.0, 0.0, 0.0, 0.0, 0.0, 0.0], "FOD p proportion": [0.0, 0.0, 0.0, 0.0, 0.0, 0.0, 0.0, 0.0, 0.0, 0.0, 0.0, 0.0, 0.0, 0.0, 0.0, 0.0, 0.0, 0.0, 0.0, 0.0, 0.0, 0.0, 0.0, 0.0, 0.0, 0.0, 0.0, 0.0, 0.0, 0.0, 0.0, 0.0, 0.0], "FOD d proportion": [0.0, 0.0, 0.0, 0.0, 0.0, 0.0, 0.0, 0.0, 0.0, 0.0, 0.0, 0.0, 0.0, 0.0, 0.0, 0.0, 0.0, 0.0, 0.0, 0.0, 0.0, 0.0, 0.0, 0.0, 0.0, 0.0, 0.0, 0.0, 0.0, 0.0, 0.0, 0.0, 0.0], "coordinates": [["-5.08730", "-0.39770", "1.07000"], ["-4.78430", "0.06560", "-0.34660"], ["-3.43540", "-0.42670", "-0.87520"], ["-2.23890", "0.15470", "-0.11880"], ["-0.91670", "-0.28380", "-0.75270"], ["0.28130", "0.29320", "0.00340"], ["1.60260", "-0.14460", "-0.63050"], ["2.80060", "0.43220", "0.12560"], ["4.11990", "-0.00480", "-0.50730"], ["5.31760", "0.56590", "0.24060"], ["6.52200", "0.15090", "-0.38970"], ["-5.02160", "-1.48730", "1.14990"], ["-6.10120", "-0.09780", "1.35400"], ["-4.39700", "0.04550", "1.79360"], ["-5.57370", "-0.30670", "-1.01050"], ["-4.82510", "1.16020", "-0.38910"], ["-3.40230", "-1.52230", "-0.83460"], ["-3.36040", "-0.14760", "-1.93360"], ["-2.30050", "1.24960", "-0.11890"], ["-2.26070", "-0.17250", "0.92680"], ["-0.85660", "-1.37890", "-0.75590"], ["-0.88350", "0.04520", "-1.79850"], ["0.24880", "-0.03580", "1.04920"], ["0.22050", "1.38830", "0.00690"], ["1.63520", "0.18450", "-1.67630"], ["1.66320", "-1.23980", "-0.63410"], ["2.73990", "1.52730", "0.12930"], ["2.76820", "0.10300", "1.17130"], ["4.18790", "-1.09970", "-0.52290"], ["4.16250", "0.31330", "-1.55640"], ["5.33620", "0.22740", "1.28150"], ["5.29470", "1.66010", "0.23600"], ["6.54420", "-0.82100", "-0.36790"]], "bond_dist": [[0.0, 1.5209245379044944, 2.552139817878323, 3.135565939348111, 4.552923550862677, 5.5169596998709345, 6.90728035264242, 7.987464665336555, 9.349587025104372, 10.482288554032463, 11.713561906610645, 1.0944992736406909, 1.0948009956151854, 1.0938634695427027, 2.1385383349381413, 2.150528786136098, 2.7805487444028025, 3.4736647189963517, 3.44867144564396, 2.8391704492685883, 4.711208628367035, 5.1084623028852825, 5.348398588362689, 5.700238455538505, 7.285130525941179, 7.01301215384659, 8.115146414575648, 7.872092633474279, 9.437132480261152, 9.641695805199415, 10.444368554872046, 10.616780154076846, 11.727682275283552], [1.5209245379044944, 0.0, 1.5301334778377995, 2.5571258885709947, 3.904526518030067, 5.082775336368901, 6.396661227546758, 7.608421413801946, 8.905928266609832, 10.131312231887833, 11.306703913608068, 2.169636363541135, 2.157073371492032, 2.175054330355911, 1.0965960331863323, 1.096184313881566, 2.1609012957560094, 2.142781941775691, 2.760971881421468, 2.8366875277337122, 4.204870275050111, 4.162291485468071, 5.2240439517676345, 5.1886916057904235, 6.556845243712863, 6.58460186040128, 7.679624557229344, 7.703614438690452, 9.04927503284103, 9.031622311080108, 10.251897829182655, 10.220963458011187, 11.363160893871036], [2.552139817878323, 1.5301334778377995, 0.0, 1.5302872834863392, 2.52572293611156, 3.88639329713296, 5.0518217011292075, 6.373931741868594, 7.576008718975976, 8.879486099994752, 9.98594746481274, 2.782432894069505, 3.490558334994561, 2.87578525623872, 2.145934057700748, 2.1646733956881348, 1.0968515533106564, 1.0971473784319044, 2.1610111961764567, 2.1660428735369024, 2.751568056581556, 2.754517400562211, 4.174859016781285, 4.175874785000144, 5.169749608056467, 5.168653865369589, 6.554499701731628, 6.55388413843272, 7.661053920969359, 7.664184095518582, 9.05649867553681, 9.044564427876006, 10.000262093565347], [3.135565939348111, 2.5571258885709947, 1.5302872834863392, 0.0, 1.5304653867369886, 2.5269592655996655, 3.8869704951285646, 5.053048373012078, 6.372653288858575, 7.576209213716316, 8.765088137605918, 3.4711933077833623, 4.141286923167725, 2.885583824809115, 3.4826584515280845, 2.7879244573696753, 2.162914284015897, 2.15468015723912, 1.0966314695466295, 1.0958167912566406, 2.160689394614599, 2.1611319950433385, 2.7548440137329013, 2.754308953258512, 4.175565243173671, 4.175709370873409, 5.170496476161646, 5.17088786476752, 6.560531564591393, 6.562756256330109, 7.703782537818679, 7.690724358602381, 8.840638376836823], [4.552923550862677, 3.904526518030067, 2.52572293611156, 1.5304653867369886, 0.0, 1.5296470867490972, 2.526100150429511, 3.8861788661871963, 5.050287290838018, 6.369861181375932, 7.460227260613446, 4.681720092017463, 5.599269697022997, 4.32487806417707, 4.664186343833188, 4.1824552023900985, 2.778272344461572, 2.71748871938781, 2.160537072118875, 2.153936846799367, 1.0967525974439267, 1.0968322022989658, 2.1602633774611832, 2.160123702476319, 2.7540035330405805, 2.7538856130928893, 4.174773139944253, 4.174910567904419, 5.174499203787744, 5.176942605438078, 6.595305412943361, 6.583142476051995, 7.490105719547621], [5.5169596998709345, 5.082775336368901, 3.88639329713296, 2.5269592655996655, 1.5296470867490972, 0.0, 1.5294874108667909, 2.5260891373821317, 3.8838728673837926, 5.0492521050151575, 6.254687313527353, 5.7101130382856695, 6.535541875774342, 5.0152429871343225, 5.972344449209204, 5.19433019839902, 4.191323563028748, 4.1482830821919565, 2.7559661627095497, 2.7443228764123213, 2.1603868426742463, 2.15988579559198, 1.0968112371780294, 1.0967920951575096, 2.1601511498041055, 2.1601256583819377, 2.753827805074239, 2.7540584706937508, 4.180751805596692, 4.182952723854287, 5.214391935786953, 5.201605322398077, 6.3720657356935675], [6.90728035264242, 6.396661227546758, 5.0518217011292075, 3.8869704951285646, 2.526100150429511, 1.5294874108667909, 0.0, 1.529571655725877, 2.524187308818425, 3.8813464751294746, 4.934146456075256, 6.989470158030578, 7.955436187287281, 6.473607879691201, 7.188181835485242, 6.563238856692631, 5.195068633810337, 5.131222818198407, 4.17608881730262, 4.165458989115125, 2.754430302258527, 2.7533509129785836, 2.160093509549992, 2.160153138089983, 1.0968442049808165, 1.096881196848592, 2.16009188230501, 2.1601880381114977, 2.7581823471264553, 2.7604440276882993, 4.211163373700907, 4.199924612418656, 4.994585696531796], [7.987464665336555, 7.608421413801946, 6.373931741868594, 5.053048373012078, 3.8861788661871963, 2.5260891373821317, 1.529571655725877, 0.0, 1.527116203829951, 2.5231705630020334, 3.7674237537075648, 8.119143032364931, 9.001772592106514, 7.398459748488195, 8.4832539104992, 7.677642905215116, 6.574041580337014, 6.521839746574581, 5.17195748435735, 5.159878023752112, 4.175193085355455, 4.174269112072196, 2.7538598729782895, 2.7541120002643322, 2.160175006799218, 2.1601867627591833, 1.0967872127263338, 1.096772943685246, 2.166072748085807, 2.16749459514897, 2.7941573345107105, 2.7821684672212066, 3.9785164885921986], [9.349587025104372, 8.905928266609832, 7.576008718975976, 6.372653288858575, 5.050287290838018, 3.8838728673837926, 2.524187308818425, 1.527116203829951, 0.0, 1.5230030170685804, 2.4100117551580533, 9.40803594487181, 10.38960884249258, 8.822372498937005, 9.711345674519057, 9.021320371209526, 7.68071769953824, 7.616404113490828, 6.55331290875081, 6.541928038430261, 5.168704385046605, 5.167563158781903, 4.172417579773146, 4.172583086051134, 2.7524769899129042, 2.752576634718823, 2.1580060171371165, 2.1578720281796135, 1.0971204901923945, 1.097093058951701, 2.1755707228219445, 2.16899560626572, 2.56180508431067], [10.482288554032463, 10.131312231887833, 8.879486099994752, 7.576209213716316, 6.369861181375932, 5.0492521050151575, 3.8813464751294746, 2.5231705630020334, 1.5230030170685804, 0.0, 1.4212960458679962, 10.58024164988683, 11.49213429655258, 9.85170433579896, 10.997595085290238, 10.17959124277591, 9.030686036509076, 8.974626002792538, 7.65716223871481, 7.645046493645411, 6.549504174363125, 6.548488261423395, 5.168037373123379, 5.16830589845454, 4.168937674036396, 4.168967730745826, 2.753400613786522, 2.7531653165038956, 2.152528211197242, 2.1511094277139877, 1.0947150405470825, 1.09444927246538, 1.9489257092049457], [11.713561906610645, 11.306703913608068, 9.98594746481274, 8.765088137605918, 7.460227260613446, 6.254687313527353, 4.934146456075256, 3.7674237537075648, 2.4100117551580533, 1.4212960458679962, 0.0, 11.760474835651834, 12.745490167898605, 11.135639588725923, 12.120261915074279, 11.39189910682148, 10.074188043708535, 10.00672569924848, 8.894772654767518, 8.886708001279214, 7.544410410363423, 7.539053002864485, 6.438814202941408, 6.434077445135394, 5.053442664164698, 5.059813760406603, 4.058092947432328, 4.065713940994865, 2.651370477696393, 2.637196029877188, 2.0505812176063647, 2.0433918909499473, 0.9723979072375669], [1.0944992736406909, 2.169636363541135, 2.782432894069505, 3.4711933077833623, 4.681720092017463, 5.7101130382856695, 6.989470158030578, 8.119143032364931, 9.40803594487181, 10.58024164988683, 11.760474835651834, 0.0, 1.771412775159985, 1.7759365669978195, 2.523085200701712, 3.06861361204046, 2.561561582316537, 3.749980503949321, 4.062617414918614, 3.066111782045789, 4.581598978522673, 5.307116959329237, 5.4675505393183155, 6.087293057673502, 7.422621364450703, 6.923183031669754, 8.388701912095815, 7.950502882837035, 9.368211347423799, 9.742377166790455, 10.499596920358421, 10.824388465867253, 11.683980578980778], [1.0948009956151854, 2.157073371492032, 3.490558334994561, 4.141286923167725, 5.599269697022997, 6.535541875774342, 7.955436187287281, 9.001772592106514, 10.38960884249258, 11.49213429655258, 12.745490167898605, 1.771412775159985, 0.0, 1.7658087920270418, 2.431615863988389, 2.4998785610505165, 3.7554269291253695, 4.280511469439138, 4.293045732344346, 3.864908819105569, 5.796440664752811, 6.097794563610683, 6.357613313186011, 6.632274309013463, 8.31350084741681, 8.095839238151905, 9.072259327752928, 8.873553757655385, 10.506766202309825, 10.67628067540377, 11.44225196585008, 11.584760386818537, 12.782570125369936], [1.0938634695427027, 2.175054330355911, 2.87578525623872, 2.885583824809115, 4.32487806417707, 5.0152429871343225, 6.473607879691201, 7.398459748488195, 8.822372498937005, 9.85170433579896, 11.135639588725923, 1.7759365669978195, 1.7658087920270418, 0.0, 3.0613141851172347, 2.487972063749913, 3.2178968550902938, 3.873479961223499, 3.082665293216246, 2.315738312072416, 4.589476851450501, 5.024725340752468, 4.705762285751375, 5.129981966829904, 6.960385323385481, 6.6537017832181204, 7.47669494763562, 7.1924025596458385, 8.965386957627652, 9.19561075133131, 9.748359670221447, 9.947969632543115, 11.186275606295421], [2.1385383349381413, 1.0965960331863323, 2.145934057700748, 3.4826584515280845, 4.664186343833188, 5.972344449209204, 7.188181835485242, 8.4832539104992, 9.711345674519057, 10.997595085290238, 12.120261915074279, 2.523085200701712, 2.431615863988389, 3.0613141851172347, 0.0, 1.7602089449835208, 2.494714839415519, 2.403356675568568, 3.7324065279655696, 3.840196600435972, 4.844116680056334, 4.768936322703418, 6.182010769159174, 6.122163130789639, 7.256225347244944, 7.306509028256928, 8.589449633125513, 8.632230357213597, 9.805887890446229, 9.771181978143689, 11.160844270036206, 11.11504309708244, 12.145819843057115], [2.150528786136098, 1.096184313881566, 2.1646733956881348, 2.7879244573696753, 4.1824552023900985, 5.19433019839902, 6.563238856692631, 7.677642905215116, 9.021320371209526, 10.17959124277591, 11.39189910682148, 3.06861361204046, 2.4998785610505165, 2.487972063749913, 1.7602089449835208, 0.0, 3.0689796903857154, 2.4982328114088967, 2.5405915767789202, 3.175504599272374, 4.725522542534317, 4.331956130895141, 5.40773373050116, 5.066253543793481, 6.659155383380087, 6.922287330788863, 7.591622090831445, 7.823728324143164, 9.29296612766882, 9.1025701128857, 10.33987610612429, 10.151403945267866, 11.540649261198435], [2.7805487444028025, 2.1609012957560094, 1.0968515533106564, 2.162914284015897, 2.778272344461572, 4.191323563028748, 5.195068633810337, 6.574041580337014, 7.68071769953824, 9.030686036509076, 10.074188043708535, 2.561561582316537, 3.7554269291253695, 3.2178968550902938, 2.494714839415519, 3.0689796903857154, 0.0, 1.7604989917634148, 3.067510283601344, 2.495544141064229, 2.550949968149121, 3.119377005108552, 4.369086391913074, 4.722752846592758, 5.384982022254113, 5.077331656490445, 6.925011495297318, 6.688819413768023, 7.6083430318302545, 7.817712046372647, 9.15973315932293, 9.322642496631522, 9.982108636455527], [3.4736647189963517, 2.142781941775691, 1.0971473784319044, 2.15468015723912, 2.71748871938781, 4.1482830821919565, 5.131222818198407, 6.521839746574581, 7.616404113490828, 8.974626002792538, 10.00672569924848, 3.749980503949321, 4.280511469439138, 3.873479961223499, 2.403356675568568, 2.4982328114088967, 1.7604989917634148, 0.0, 2.523626743399269, 3.0646122527980597, 3.028546090123114, 2.4880629935755243, 4.683579797548025, 4.3528581265646595, 5.013233792673148, 5.302655754430981, 6.653909114948895, 6.874804893958809, 7.737790497939318, 7.546438435447545, 9.279458204550522, 9.104158360881032, 10.050173392036577], [3.44867144564396, 2.760971881421468, 2.1610111961764567, 1.0966314695466295, 2.160537072118875, 2.7559661627095497, 4.17608881730262, 5.17195748435735, 6.55331290875081, 7.65716223871481, 8.894772654767518, 4.062617414918614, 4.293045732344346, 3.082665293216246, 3.7324065279655696, 2.5405915767789202, 3.067510283601344, 2.523626743399269, 0.0, 1.7656276334493635, 3.0658813512593728, 2.5058979468446037, 3.0847433053659423, 2.527944684916978, 4.364592450618958, 4.708870468594353, 5.054142131954739, 5.354533340077359, 6.912435247436319, 6.686810371170996, 7.831040792257437, 7.614560217110375, 9.087249498610676], [2.8391704492685883, 2.8366875277337122, 2.1660428735369024, 1.0958167912566406, 2.153936846799367, 2.7443228764123213, 4.165458989115125, 5.159878023752112, 6.541928038430261, 7.645046493645411, 8.886708001279214, 3.066111782045789, 3.864908819105569, 2.315738312072416, 3.840196600435972, 3.175504599272374, 2.495544141064229, 3.0646122527980597, 1.7656276334493635, 0.0, 2.501674850974842, 3.0612633372514684, 2.516199296558204, 3.0722412161156876, 4.699107938747524, 4.355746699476451, 5.3414723297982185, 5.042372032089659, 6.674261898517318, 6.903606457497414, 7.615682616154641, 7.80510708190477, 8.9231756875005], [4.711208628367035, 4.204870275050111, 2.751568056581556, 2.160689394614599, 1.0967525974439267, 2.1603868426742463, 2.754430302258527, 4.175193085355455, 5.168704385046605, 6.549504174363125, 7.544410410363423, 4.581598978522673, 5.796440664752811, 4.589476851450501, 4.844116680056334, 4.725522542534317, 2.550949968149121, 3.028546090123114, 3.0658813512593728, 2.501674850974842, 0.0, 1.7651626497294803, 2.5068332174279164, 3.0658447596054175, 3.082275613893086, 2.526573982688811, 4.707907149679143, 4.3645506630121735, 5.057590522175555, 5.356837303857566, 6.7143108574149295, 6.932378978388299, 7.431933601022012], [5.1084623028852825, 4.162291485468071, 2.754517400562211, 2.1611319950433385, 1.0968322022989658, 2.15988579559198, 2.7533509129785836, 4.174269112072196, 5.167563158781903, 6.548488261423395, 7.539053002864485, 5.307116959329237, 6.097794563610683, 5.024725340752468, 4.768936322703418, 4.331956130895141, 3.119377005108552, 2.4880629935755243, 2.5058979468446037, 3.0612633372514684, 1.7651626497294803, 0.0, 3.065625479408729, 2.5064322791569693, 2.525507279736093, 3.081027953459689, 4.363720982143565, 4.707224848039448, 5.353227935554397, 5.058913521696136, 6.942929131857821, 6.702033087056493, 7.613648671300771], [5.348398588362689, 5.2240439517676345, 4.174859016781285, 2.7548440137329013, 2.1602633774611832, 1.0968112371780294, 2.160093509549992, 2.7538598729782895, 4.172417579773146, 5.168037373123379, 6.438814202941408, 5.4675505393183155, 6.357613313186011, 4.705762285751375, 6.182010769159174, 5.40773373050116, 4.369086391913074, 4.683579797548025, 3.0847433053659423, 2.516199296558204, 2.5068332174279164, 3.065625479408729, 0.0, 1.765007362590876, 3.065776785742889, 2.506719419879297, 3.081408254353843, 2.5261730364327777, 4.372629692759267, 4.714665402761897, 5.099497650749532, 5.385023478128948, 6.500520949124001], [5.700238455538505, 5.1886916057904235, 4.175874785000144, 2.754308953258512, 2.160123702476319, 1.0967920951575096, 2.160153138089983, 2.7541120002643322, 4.172583086051134, 5.16830589845454, 6.434077445135394, 6.087293057673502, 6.632274309013463, 5.129981966829904, 6.122163130789639, 5.066253543793481, 4.722752846592758, 4.3528581265646595, 2.527944684916978, 3.0722412161156876, 3.0658447596054175, 2.5064322791569693, 1.765007362590876, 0.0, 2.5067255075097474, 3.065807218335817, 2.5261985511831804, 3.0819796787130187, 4.712864818770002, 4.374802382965429, 5.398396100695094, 5.086636186125364, 6.708998674914163], [7.285130525941179, 6.556845243712863, 5.169749608056467, 4.175565243173671, 2.7540035330405805, 2.1601511498041055, 1.0968442049808165, 2.160175006799218, 2.7524769899129042, 4.168937674036396, 5.053442664164698, 7.422621364450703, 8.31350084741681, 6.960385323385481, 7.256225347244944, 6.659155383380087, 5.384982022254113, 5.013233792673148, 4.364592450618958, 4.699107938747524, 3.082275613893086, 2.525507279736093, 3.065776785742889, 2.5067255075097474, 0.0, 1.7651049062307882, 2.506724015523049, 3.0658044637582487, 3.081522106037858, 2.5334187849623278, 4.7379132801266, 4.38477216055749, 5.178920911734412], [7.01301215384659, 6.58460186040128, 5.168653865369589, 4.175709370873409, 2.7538856130928893, 2.1601256583819377, 1.096881196848592, 2.1601867627591833, 2.752576634718823, 4.168967730745826, 5.059813760406603, 6.923183031669754, 8.095839238151905, 6.6537017832181204, 7.306509028256928, 6.922287330788863, 5.077331656490445, 5.302655754430981, 4.708870468594353, 4.355746699476451, 2.526573982688811, 3.081027953459689, 2.506719419879297, 3.065807218335817, 1.7651049062307882, 0.0, 3.065763340507548, 2.5067121893029523, 2.531028158673862, 3.083708382775518, 4.394670431329294, 4.728031965839486, 4.906161114354074], [8.115146414575648, 7.679624557229344, 6.554499701731628, 5.170496476161646, 4.174773139944253, 2.753827805074239, 2.16009188230501, 1.0967872127263338, 2.1580060171371165, 2.753400613786522, 4.058092947432328, 8.388701912095815, 9.072259327752928, 7.47669494763562, 8.589449633125513, 7.591622090831445, 6.925011495297318, 6.653909114948895, 5.054142131954739, 5.3414723297982185, 4.707907149679143, 4.363720982143565, 3.081408254353843, 2.5261985511831804, 2.506724015523049, 3.065763340507548, 0.0, 1.7649916090452102, 3.069722762726302, 2.5177710876884736, 3.1237923330464845, 2.5604733488165814, 4.498268469088967], [7.872092633474279, 7.703614438690452, 6.55388413843272, 5.17088786476752, 4.174910567904419, 2.7540584706937508, 2.1601880381114977, 1.096772943685246, 2.1578720281796135, 2.7531653165038956, 4.065713940994865, 7.950502882837035, 8.873553757655385, 7.1924025596458385, 8.632230357213597, 7.823728324143164, 6.688819413768023, 6.874804893958809, 5.354533340077359, 5.042372032089659, 4.3645506630121735, 4.707224848039448, 2.5261730364327777, 3.0819796787130187, 3.0658044637582487, 2.5067121893029523, 1.7649916090452102, 0.0, 2.5164159075955626, 3.0706100159414578, 2.5733719902105094, 3.111679409900705, 4.181039181830278], [9.437132480261152, 9.04927503284103, 7.661053920969359, 6.560531564591393, 5.174499203787744, 4.180751805596692, 2.7581823471264553, 2.166072748085807, 1.0971204901923945, 2.152528211197242, 2.651370477696393, 9.368211347423799, 10.506766202309825, 8.965386957627652, 9.805887890446229, 9.29296612766882, 7.6083430318302545, 7.737790497939318, 6.912435247436319, 6.674261898517318, 5.057590522175555, 5.353227935554397, 4.372629692759267, 4.712864818770002, 3.081522106037858, 2.531028158673862, 3.069722762726302, 2.5164159075955626, 0.0, 1.7508102153003333, 2.5170710478649583, 3.068783389227724, 2.3777822398192816], [9.641695805199415, 9.031622311080108, 7.664184095518582, 6.562756256330109, 5.176942605438078, 4.182952723854287, 2.7604440276882993, 2.16749459514897, 1.097093058951701, 2.1511094277139877, 2.637196029877188, 9.742377166790455, 10.67628067540377, 9.19561075133131, 9.771181978143689, 9.1025701128857, 7.817712046372647, 7.546438435447545, 6.686810371170996, 6.903606457497414, 5.356837303857566, 5.058913521696136, 4.714665402761897, 4.374802382965429, 2.5334187849623278, 3.083708382775518, 2.5177710876884736, 3.0706100159414578, 1.7508102153003333, 0.0, 3.0722348396566304, 2.5116617686304816, 2.893382731337146], [10.444368554872046, 10.251897829182655, 9.05649867553681, 7.703782537818679, 6.595305412943361, 5.214391935786953, 4.211163373700907, 2.7941573345107105, 2.1755707228219445, 1.0947150405470825, 2.0505812176063647, 10.499596920358421, 11.44225196585008, 9.748359670221447, 11.160844270036206, 10.33987610612429, 9.15973315932293, 9.279458204550522, 7.831040792257437, 7.615682616154641, 6.7143108574149295, 6.942929131857821, 5.099497650749532, 5.398396100695094, 4.7379132801266, 4.394670431329294, 3.1237923330464845, 2.5733719902105094, 2.5170710478649583, 3.0722348396566304, 0.0, 1.7740974578641389, 2.297591547686403], [10.616780154076846, 10.220963458011187, 9.044564427876006, 7.690724358602381, 6.583142476051995, 5.201605322398077, 4.199924612418656, 2.7821684672212066, 2.16899560626572, 1.09444927246538, 2.0433918909499473, 10.824388465867253, 11.584760386818537, 9.947969632543115, 11.11504309708244, 10.151403945267866, 9.322642496631522, 9.104158360881032, 7.614560217110375, 7.80510708190477, 6.932378978388299, 6.702033087056493, 5.385023478128948, 5.086636186125364, 4.38477216055749, 4.728031965839486, 2.5604733488165814, 3.111679409900705, 3.068783389227724, 2.5116617686304816, 1.7740974578641389, 0.0, 2.8428511515730115], [11.727682275283552, 11.363160893871036, 10.000262093565347, 8.840638376836823, 7.490105719547621, 6.3720657356935675, 4.994585696531796, 3.9785164885921986, 2.56180508431067, 1.9489257092049457, 0.9723979072375669, 11.683980578980778, 12.782570125369936, 11.186275606295421, 12.145819843057115, 11.540649261198435, 9.982108636455527, 10.050173392036577, 9.087249498610676, 8.9231756875005, 7.431933601022012, 7.613648671300771, 6.500520949124001, 6.708998674914163, 5.178920911734412, 4.906161114354074, 4.498268469088967, 4.181039181830278, 2.3777822398192816, 2.893382731337146, 2.297591547686403, 2.8428511515730115, 0.0]]}