{"total energy": -30.27982539, "HOMO-LUMO gap/eV": 4.90701759, "electronic energy": -30.62610725, "dipole": [-0.39899828, -0.34954616, 0.75117201], "partial charges": [-0.10632983, -0.0065666, -0.10657929, -0.06766583, 0.07686967, -0.26893965, 0.35773824, -0.40954231, -0.14253299, 0.03648608, 0.03558766, 0.03335541, 0.03476123, 0.03405738, 0.03611114, 0.03629792, 0.05123401, 0.04179332, 0.05182878, 0.05354817, 0.07730157, 0.07356592, 0.07762001], "atomic dipole moments": [[0.07178075, -0.07397517, 0.01960477], [-0.05600795, -0.03669314, -0.07558853], [0.04714586, 0.08185468, -0.04656709], [0.04874999, -0.07327786, 0.0953193], [0.12870907, 0.14912143, 0.15940779], [-0.00657542, 0.05453187, -0.21842843], [-0.12049803, -0.0964448, 0.01853375], [-0.01641163, -0.05729452, 0.16933454], [-0.07348531, -0.03526138, -0.06628051], [-0.05644999, 0.03993903, 0.10557074], [-0.09209104, -0.03790408, -0.07873283], [0.05325931, 0.1019025, -0.05168183], [0.08134132, 0.05064401, 0.08169319], [-0.08308304, -0.06005204, -0.07436435], [-0.06347429, 0.0350983, 0.10332395], [0.08347805, -0.08568919, 0.04089439], [0.04697647, 0.10459079, -0.05354539], [-0.08203789, -0.04185203, -0.08560054], [0.05573057, -0.02952007, -0.11181231], [-0.04481688, -0.1108369, 0.03202058], [0.06295606, -0.11217254, 0.04635867], [0.09282184, 0.07877133, -0.04783434], [-0.06870639, 0.07137293, 0.09393113]], "atomic quadrupole moments": [[0.04187148, -0.16596853, 0.05553871, 0.03303271, -0.05788635, -0.09741019], [-0.04210261, -0.08179542, 0.04977456, -0.13553235, -0.08684629, -0.00767196], [-0.04308165, 0.10663362, 0.10186368, -0.07343727, -0.10863083, -0.05878202], [0.02528107, -0.21714656, -0.03391215, -0.06008247, 0.02656181, 0.00863108], [0.14449226, 0.05489425, -0.12747907, 0.35328417, 0.12508342, -0.01701319], [0.02014615, 0.04608604, -0.03358403, 0.05494135, 0.01656976, 0.01343788], [0.08247381, -0.24812345, 0.27046153, -0.13920496, 0.13036509, -0.35293535], [-0.00723649, -0.14386998, 0.09141085, -0.04253563, 0.04963072, -0.08417435], [0.00902621, 0.07971864, -0.11571545, 0.16177984, 0.04592379, 0.10668924], [-0.02306326, -0.02166807, -0.03628816, -0.04005412, 0.02000391, 0.05935142], [0.01121646, 0.02840243, -0.01162541, 0.05429911, 0.03546435, 0.00040895], [-3.224e-05, 0.04124861, 0.02869584, -0.02626851, -0.04411262, -0.0286636], [0.01070497, 0.01213873, -0.00934404, 0.0213272, 0.0035036, -0.00136093], [0.00069664, 0.03551687, -0.02317127, 0.05374608, 0.02574534, 0.02247463], [-0.02076051, -0.01982161, -0.01076545, -0.05252188, 0.03605772, 0.03152597], [0.03469747, -0.05159127, 0.00897721, 0.01666507, -0.02382019, -0.04367467], [-0.00875874, 0.02440978, 0.03469104, -0.0321711, -0.01402999, -0.0259323], [0.02474165, 0.02408597, -0.01746809, 0.03789127, 0.03242872, -0.00727356], [0.00824449, 9.651e-05, -0.03602009, -0.01916362, -0.00200042, 0.02777559], [-0.00080788, 0.03097371, 0.01744671, -0.00445274, -0.04058114, -0.01663883], [-0.020046, -0.02945246, 0.04876653, 0.02275849, -0.04580719, -0.02872052], [0.02198055, 0.06079047, -0.00238673, -0.02624441, -0.02774698, -0.01959382], [0.00137378, -0.01890717, -0.02326933, -0.05142379, 0.042544, 0.02189555]], "number of molecular orbitals": 50, "number of electrons": 54, "number of unpaired electrons": 0, "orbital energies/eV": [-20.03483009, -19.31550662, -18.27181896, -17.23185271, -16.93006412, -16.65619353, -16.13243862, -16.03015638, -15.63877371, -15.28879444, -15.21735409, -14.81952378, -14.19343025, -13.97042297, -13.70116388, -13.57161124, -13.19143035, -13.13942592, -12.92044836, -12.76978169, -12.60342653, -12.49379867, -12.17630811, -11.75310695, -11.72644107, -11.63065385, -11.33024938, -6.42323179, 0.08306636, 1.55557055, 2.41652622, 2.54244119, 2.97631913, 3.64736944, 3.74875272, 3.81600325, 4.04386278, 4.30956708, 4.7754908, 5.02013571, 5.60642322, 5.71966586, 5.89382972, 6.04732699, 6.38594727, 6.6356128, 7.16617446, 7.30851618, 7.90890603, 16.2162661], "fractional occupation": [2.0, 2.0, 2.0, 2.0, 2.0, 2.0, 2.0, 2.0, 2.0, 2.0, 2.0, 2.0, 2.0, 2.0, 2.0, 2.0, 2.0, 2.0, 2.0, 2.0, 2.0, 2.0, 2.0, 2.0, 2.0, 2.0, 2.0, 0.0, 0.0, 0.0, 0.0, 0.0, 0.0, 0.0, 0.0, 0.0, 0.0, 0.0, 0.0, 0.0, 0.0, 0.0, 0.0, 0.0, 0.0, 0.0, 0.0, 0.0, 0.0, 0.0], "program call": "xtb /home/svss/Project-DBcg-Debug/aqme2_20220329/End-to-End-workflows-final/example-3/QDESCP/mol_76_rdkit_conf_6/mol_76_rdkit_conf_6.xyz --pop --wbo --acc 0.2 --gfn 2 --chrg 0 --uhf 0 --etemp 300 --input /home/svss/Project-DBcg-Debug/aqme2_20220329/End-to-End-workflows-final/example-3/QDESCP/mol_76_rdkit_conf_6/mol_76_rdkit_conf_6_xtb.inp", "method": "GFN2-xTB", "xtb version": "6.3.3 (7355c4f)", "Dipole module/D": 2.337, "Total charge": 0, "Transition dipole module/D": NaN, "HOMO": -11.3302, "LUMO": -6.4232, "HOMO occupancy": 2.0, "LUMO occupancy": 0, "mulliken charges": [-0.09161, 0.00333, -0.09422, -0.06813, 0.19809, -0.42154, 0.58028, -0.529, -0.11817, 0.03025, 0.02748, 0.03124, 0.02721, 0.02559, 0.0313, 0.03206, 0.04718, 0.02943, 0.04487, 0.03135, 0.06276, 0.05797, 0.06226], "cm5 charges": [-0.24008, -0.06994, -0.24239, -0.1731, 0.11711, -0.5058, 0.62765, -0.57871, -0.25639, 0.08162, 0.07932, 0.08265, 0.08827, 0.07758, 0.08278, 0.0848, 0.10652, 0.08508, 0.11086, 0.09492, 0.11748, 0.11278, 0.11697], "FUKUI+": [0.011, 0.001, 0.013, 0.011, 0.032, -0.125, -0.193, -0.283, 0.052, -0.022, -0.019, -0.006, 0.013, -0.018, -0.024, 0.002, 0.001, -0.045, -0.03, -0.067, -0.11, -0.083, -0.111], "FUKUI-": [0.021, -0.01, 0.016, 0.007, 0.018, -0.051, -0.015, -0.139, 0.001, -0.064, -0.078, -0.054, -0.09, -0.073, -0.059, -0.049, -0.056, -0.063, -0.048, -0.063, -0.057, -0.045, -0.046], "FUKUIrad": [0.016, -0.005, 0.014, 0.009, 0.025, -0.088, -0.104, -0.211, 0.026, -0.043, -0.048, -0.03, -0.039, -0.046, -0.042, -0.024, -0.027, -0.054, -0.039, -0.065, -0.084, -0.064, -0.079], "s proportion": [1.014, 1.051, 1.013, 1.04, 0.997, 1.698, 0.985, 1.73, 1.018, 0.97, 0.973, 0.969, 0.973, 0.974, 0.969, 0.968, 0.953, 0.971, 0.955, 0.969, 0.937, 0.942, 0.938], "p proportion": [3.078, 2.945, 3.082, 3.028, 2.805, 4.724, 2.435, 4.799, 3.1, 0.0, 0.0, 0.0, 0.0, 0.0, 0.0, 0.0, 0.0, 0.0, 0.0, 0.0, 0.0, 0.0, 0.0], "d proportion": [0.0, 0.0, 0.0, 0.0, 0.0, 0.0, 0.0, 0.0, 0.0, 0.0, 0.0, 0.0, 0.0, 0.0, 0.0, 0.0, 0.0, 0.0, 0.0, 0.0, 0.0, 0.0, 0.0], "Fermi-level/eV": -8.8767, "Coordination numbers": [3.753, 3.847, 3.752, 3.801, 3.695, 1.702, 2.71, 0.856, 3.752, 0.924, 0.924, 0.924, 0.924, 0.924, 0.924, 0.924, 0.924, 0.924, 0.924, 0.924, 0.924, 0.924, 0.924], "Dispersion coefficient C6": [22.591, 20.662, 22.598, 21.797, 19.462, 18.46, 20.928, 21.873, 23.31, 2.496, 2.509, 2.539, 2.52, 2.53, 2.501, 2.499, 2.305, 2.425, 2.297, 2.276, 2.007, 2.047, 2.004], "Total dispersion C6": 3946.013602, "Total dispersion C8": 83675.265983, "Polarizability alpha": [6.778, 6.466, 6.779, 6.647, 6.311, 5.801, 7.488, 6.27, 6.885, 2.471, 2.477, 2.492, 2.483, 2.487, 2.473, 2.472, 2.374, 2.435, 2.37, 2.359, 2.216, 2.237, 2.214], "Total polarizability alpha": 92.98595, "Wiberg matrix": [[0.0, 1.008146033233906, 0.0, 0.0, 0.0, 0.0, 0.0, 0.0, 0.0, 0.9862221686282255, 0.9868384089894919, 0.9866122758774838, 0.0, 0.0, 0.0, 0.0, 0.0, 0.0, 0.0, 0.0, 0.0, 0.0, 0.0], [1.008146033233906, 0.0, 1.0101358611631892, 0.9948946361994754, 0.0, 0.0, 0.0, 0.0, 0.0, 0.0, 0.0, 0.0, 0.96869287643199, 0.0, 0.0, 0.0, 0.0, 0.0, 0.0, 0.0, 0.0, 0.0, 0.0], [0.0, 1.0101358611631892, 0.0, 0.0, 0.0, 0.0, 0.0, 0.0, 0.0, 0.0, 0.0, 0.0, 0.0, 0.9868396096983034, 0.9857991318990874, 0.9847751452802153, 0.0, 0.0, 0.0, 0.0, 0.0, 0.0, 0.0], [0.0, 0.9948946361994754, 0.0, 0.0, 0.999238650649963, 0.0, 0.0, 0.0, 0.0, 0.0, 0.0, 0.0, 0.0, 0.0, 0.0, 0.0, 0.9740024569285815, 0.973019469119029, 0.0, 0.0, 0.0, 0.0, 0.0], [0.0, 0.0, 0.0, 0.999238650649963, 0.0, 0.9429806080883472, 0.0, 0.0, 0.0, 0.0, 0.0, 0.0, 0.0, 0.0, 0.0, 0.0, 0.0, 0.0, 0.9685475766337139, 0.9689948011142427, 0.0, 0.0, 0.0], [0.0, 0.0, 0.0, 0.0, 0.9429806080883472, 0.0, 1.122792295471566, 0.17168382591893455, 0.0, 0.0, 0.0, 0.0, 0.0, 0.0, 0.0, 0.0, 0.0, 0.0, 0.0, 0.0, 0.0, 0.0, 0.0], [0.0, 0.0, 0.0, 0.0, 0.0, 1.122792295471566, 0.0, 1.7551637198568786, 0.99549563059078, 0.0, 0.0, 0.0, 0.0, 0.0, 0.0, 0.0, 0.0, 0.0, 0.0, 0.0, 0.0, 0.0, 0.0], [0.0, 0.0, 0.0, 0.0, 0.0, 0.17168382591893455, 1.7551637198568786, 0.0, 0.0, 0.0, 0.0, 0.0, 0.0, 0.0, 0.0, 0.0, 0.0, 0.0, 0.0, 0.0, 0.0, 0.0, 0.0], [0.0, 0.0, 0.0, 0.0, 0.0, 0.0, 0.99549563059078, 0.0, 0.0, 0.0, 0.0, 0.0, 0.0, 0.0, 0.0, 0.0, 0.0, 0.0, 0.0, 0.0, 0.9634725981654112, 0.9825850408366977, 0.9629184450130005], [0.9862221686282255, 0.0, 0.0, 0.0, 0.0, 0.0, 0.0, 0.0, 0.0, 0.0, 0.0, 0.0, 0.0, 0.0, 0.0, 0.0, 0.0, 0.0, 0.0, 0.0, 0.0, 0.0, 0.0], [0.9868384089894919, 0.0, 0.0, 0.0, 0.0, 0.0, 0.0, 0.0, 0.0, 0.0, 0.0, 0.0, 0.0, 0.0, 0.0, 0.0, 0.0, 0.0, 0.0, 0.0, 0.0, 0.0, 0.0], [0.9866122758774838, 0.0, 0.0, 0.0, 0.0, 0.0, 0.0, 0.0, 0.0, 0.0, 0.0, 0.0, 0.0, 0.0, 0.0, 0.0, 0.0, 0.0, 0.0, 0.0, 0.0, 0.0, 0.0], [0.0, 0.96869287643199, 0.0, 0.0, 0.0, 0.0, 0.0, 0.0, 0.0, 0.0, 0.0, 0.0, 0.0, 0.0, 0.0, 0.0, 0.0, 0.0, 0.0, 0.0, 0.0, 0.0, 0.0], [0.0, 0.0, 0.9868396096983034, 0.0, 0.0, 0.0, 0.0, 0.0, 0.0, 0.0, 0.0, 0.0, 0.0, 0.0, 0.0, 0.0, 0.0, 0.0, 0.0, 0.0, 0.0, 0.0, 0.0], [0.0, 0.0, 0.9857991318990874, 0.0, 0.0, 0.0, 0.0, 0.0, 0.0, 0.0, 0.0, 0.0, 0.0, 0.0, 0.0, 0.0, 0.0, 0.0, 0.0, 0.0, 0.0, 0.0, 0.0], [0.0, 0.0, 0.9847751452802153, 0.0, 0.0, 0.0, 0.0, 0.0, 0.0, 0.0, 0.0, 0.0, 0.0, 0.0, 0.0, 0.0, 0.0, 0.0, 0.0, 0.0, 0.0, 0.0, 0.0], [0.0, 0.0, 0.0, 0.9740024569285815, 0.0, 0.0, 0.0, 0.0, 0.0, 0.0, 0.0, 0.0, 0.0, 0.0, 0.0, 0.0, 0.0, 0.0, 0.0, 0.0, 0.0, 0.0, 0.0], [0.0, 0.0, 0.0, 0.973019469119029, 0.0, 0.0, 0.0, 0.0, 0.0, 0.0, 0.0, 0.0, 0.0, 0.0, 0.0, 0.0, 0.0, 0.0, 0.0, 0.0, 0.0, 0.0, 0.0], [0.0, 0.0, 0.0, 0.0, 0.9685475766337139, 0.0, 0.0, 0.0, 0.0, 0.0, 0.0, 0.0, 0.0, 0.0, 0.0, 0.0, 0.0, 0.0, 0.0, 0.0, 0.0, 0.0, 0.0], [0.0, 0.0, 0.0, 0.0, 0.9689948011142427, 0.0, 0.0, 0.0, 0.0, 0.0, 0.0, 0.0, 0.0, 0.0, 0.0, 0.0, 0.0, 0.0, 0.0, 0.0, 0.0, 0.0, 0.0], [0.0, 0.0, 0.0, 0.0, 0.0, 0.0, 0.0, 0.0, 0.9634725981654112, 0.0, 0.0, 0.0, 0.0, 0.0, 0.0, 0.0, 0.0, 0.0, 0.0, 0.0, 0.0, 0.0, 0.0], [0.0, 0.0, 0.0, 0.0, 0.0, 0.0, 0.0, 0.0, 0.9825850408366977, 0.0, 0.0, 0.0, 0.0, 0.0, 0.0, 0.0, 0.0, 0.0, 0.0, 0.0, 0.0, 0.0, 0.0], [0.0, 0.0, 0.0, 0.0, 0.0, 0.0, 0.0, 0.0, 0.9629184450130005, 0.0, 0.0, 0.0, 0.0, 0.0, 0.0, 0.0, 0.0, 0.0, 0.0, 0.0, 0.0, 0.0, 0.0]], "Born radii": [], "Atomic SASAs": [], "Solvent H bonds": [], "Total SASA": NaN, "Total FOD": 0.0, "FOD": [0.0, 0.0, 0.0, 0.0, 0.0, 0.0, 0.0, 0.0, 0.0, 0.0, 0.0, 0.0, 0.0, 0.0, 0.0, 0.0, 0.0, 0.0, 0.0, 0.0, 0.0, 0.0, 0.0], "FOD s proportion": [0.0, 0.0, 0.0, 0.0, 0.0, 0.0, 0.0, 0.0, 0.0, 0.0, 0.0, 0.0, 0.0, 0.0, 0.0, 0.0, 0.0, 0.0, 0.0, 0.0, 0.0, 0.0, 0.0], "FOD p proportion": [0.0, 0.0, 0.0, 0.0, 0.0, 0.0, 0.0, 0.0, 0.0, 0.0, 0.0, 0.0, 0.0, 0.0, 0.0, 0.0, 0.0, 0.0, 0.0, 0.0, 0.0, 0.0, 0.0], "FOD d proportion": [0.0, 0.0, 0.0, 0.0, 0.0, 0.0, 0.0, 0.0, 0.0, 0.0, 0.0, 0.0, 0.0, 0.0, 0.0, 0.0, 0.0, 0.0, 0.0, 0.0, 0.0, 0.0, 0.0], "coordinates": [["-2.33000", "1.35590", "-0.01640"], ["-1.29490", "0.26460", "0.26890"], ["-1.97120", "-0.92180", "0.95680"], ["-0.59060", "-0.14070", "-1.04070"], ["0.52940", "-1.16850", "-0.87100"], ["1.48820", "-0.74060", "0.10720"], ["2.46640", "0.08990", "-0.34610"], ["2.58950", "0.48990", "-1.49470"], ["3.38440", "0.45640", "0.77960"], ["-2.81430", "1.68470", "0.90920"], ["-3.10910", "0.99700", "-0.69760"], ["-1.85660", "2.23160", "-0.47310"], ["-0.55310", "0.68440", "0.95970"], ["-2.68110", "-1.41760", "0.28630"], ["-2.51970", "-0.59360", "1.84640"], ["-1.23650", "-1.66300", "1.28540"], ["-0.16550", "0.76460", "-1.49220"], ["-1.32460", "-0.53390", "-1.75490"], ["1.01760", "-1.37170", "-1.83190"], ["0.12360", "-2.12550", "-0.52770"], ["3.85120", "-0.44430", "1.18590"], ["4.17130", "1.11740", "0.40500"], ["2.82550", "0.98480", "1.55600"]], "bond_dist": [[0.0, 1.5309355930280022, 2.502753078112182, 2.512869755876735, 3.90884955965307, 4.357664563731357, 4.97161050867825, 5.2093000623884205, 5.839270811496928, 1.0951672429359818, 1.0953718364099017, 1.095231911514634, 2.1356631452548878, 2.8119745286897606, 2.7030649603736867, 3.4647052832816825, 2.6856436062888167, 2.7576358443420337, 4.684257440619591, 4.2897233722001245, 6.549311320283989, 6.519306857327702, 5.402715726373173], [1.5309355930280022, 0.0, 1.5290955038845677, 1.5412198869726537, 2.584805236376621, 2.963480983573203, 3.8152487179737054, 4.271956040270077, 4.710992487788533, 2.176061685706543, 2.182167191119874, 2.1760422537257864, 1.0971344129139329, 2.1798279840391075, 2.1737406768057683, 2.1799826994726357, 2.1510503411124526, 2.1758333529937444, 3.5268249999113936, 2.891243991779317, 5.275014068227685, 5.533997966208517, 4.3764152693728695], [2.502753078112182, 1.5290955038845677, 0.0, 2.5507214312817466, 3.107203580391861, 3.566805568011803, 4.734277036676244, 5.366817830893835, 5.532927474673782, 2.739876935192528, 2.777345713086507, 3.464343910468474, 2.1426372674813625, 1.0951465198775914, 1.095424871910438, 1.0941386977892704, 3.4788070440885335, 2.8145825374289526, 4.112442478625081, 2.8356341407170285, 5.846437788944649, 6.495623613634029, 5.196392507307353], [2.512869755876735, 1.5412198869726537, 2.5507214312817466, 0.0, 1.5295656017314199, 2.449278232459514, 3.1433890182412996, 3.2736536728860006, 4.412555438745217, 3.4754908804368916, 2.7847659057809513, 2.748223617175283, 2.164208035286811, 2.7859635424750264, 3.5016983922091294, 2.8540016310436824, 1.0973287337894693, 1.097015897788177, 2.17431959012469, 2.170871179964394, 4.9779019435902905, 5.133084424593073, 4.436140253643927], [3.90884955965307, 2.584805236376621, 3.107203580391861, 1.5295656017314199, 0.0, 1.4350160591435903, 2.368767521307231, 2.717223630840863, 3.6763848234372856, 4.7423825204215655, 4.237704574412898, 4.172768915240814, 2.820728124084276, 3.4217984087318762, 4.124534347050585, 2.8307232326739395, 2.1460780647497426, 2.1497237892343284, 1.0967945523205338, 1.0947043116750752, 3.9736203253456415, 4.485192350390338, 3.974808813012269], [4.357664563731357, 2.963480983573203, 3.566805568011803, 2.449278232459514, 1.4350160591435903, 0.0, 1.3609138032954182, 2.300668500675402, 2.341047885029266, 5.003677681465904, 4.980173098397285, 4.512029251899859, 2.6314039864680607, 4.22770248480188, 4.371462918749283, 3.1085313397165546, 2.7492600986447244, 3.379642753309882, 2.0928115968715386, 2.0452821761312054, 2.6144131999360773, 3.2771747664718767, 2.6199995973282135], [4.97161050867825, 3.8152487179737054, 4.734277036676244, 3.1433890182412996, 2.368767521307231, 1.3609138032954182, 0.0, 1.222471091682744, 1.498081019170859, 5.657292428361822, 5.659733466339206, 4.826109912755821, 3.3430411514069047, 5.400855697016909, 5.489573909694632, 4.409752722092249, 2.9488409434894924, 4.092129626490344, 2.5382863589437656, 3.2295026799803095, 2.1330880619421224, 2.1275787811500653, 2.1325532185622005], [5.2093000623884205, 4.271956040270077, 5.366817830893835, 3.2736536728860006, 2.717223630840863, 2.300668500675402, 1.222471091682744, 0.0, 2.4094457350187404, 6.033849243227743, 5.776379556434983, 4.88313328304686, 3.9922229860066687, 5.881304413988448, 6.200068233495498, 5.196365116117227, 2.7686623737826905, 4.054139771887496, 2.4597007968450146, 3.7223741039825646, 3.106482398147461, 2.5504328220911834, 3.099579406951853], [5.839270811496928, 4.710992487788533, 5.532927474673782, 4.412555438745217, 3.6763848234372856, 2.341047885029266, 1.498081019170859, 2.4094457350187404, 0.0, 6.32055367353209, 6.6813105338698335, 5.673506264207346, 3.948205448048518, 6.367535719570013, 6.090891482369391, 5.108855724132361, 4.2258552377004115, 5.438663929679788, 3.9703430708189433, 4.359823108796961, 1.0928139914916901, 1.0938271207096666, 1.0928736111737716], [1.0951672429359818, 2.176061685706543, 2.739876935192528, 3.4754908804368916, 4.7423825204215655, 5.003677681465904, 5.657292428361822, 6.033849243227743, 6.32055367353209, 0.0, 1.772468496193938, 1.768344477187632, 2.473090329931359, 3.1670194094763615, 2.4810852242516783, 3.7199562591514437, 3.691808149132346, 3.7734362138507125, 5.615929823279489, 5.0213107910186165, 7.002720481355799, 7.026710061614895, 5.71975124371681], [1.0953718364099017, 2.182167191119874, 2.777345713086507, 2.7847659057809513, 4.237704574412898, 4.980173098397285, 5.659733466339206, 5.776379556434983, 6.6813105338698335, 1.772468496193938, 0.0, 1.7729618326405112, 3.0622700811652783, 2.642259709036945, 3.05766851048311, 3.809792613778341, 3.0578063836678737, 2.5779795092281086, 4.8915262515906015, 4.497690690787885, 7.353277774571011, 7.364404054640131, 6.348097270836356], [1.095231911514634, 2.1760422537257864, 3.464343910468474, 2.748223617175283, 4.172768915240814, 4.512029251899859, 4.826109912755821, 4.88313328304686, 5.673506264207346, 1.768344477187632, 1.7729618326405112, 0.0, 2.479083687574907, 3.817479436748808, 3.7150419782285096, 4.3179573203078325, 2.45977092835898, 3.0941922193037716, 4.805323503157721, 4.786281814728422, 6.51856599644431, 6.192582632472496, 5.252981768481592], [2.1356631452548878, 1.0971344129139329, 2.1426372674813625, 2.164208035286811, 2.820728124084276, 2.6314039864680607, 3.3430411514069047, 3.9922229860066687, 3.948205448048518, 2.473090329931359, 3.0622700811652783, 2.479083687574907, 0.0, 3.065983620308497, 2.507396348804871, 2.466455515512088, 2.483642367572272, 3.073844547142877, 3.8062680226174295, 3.2505106768014165, 4.552250939919722, 4.776519281862054, 3.4439442228352073], [2.8119745286897606, 2.1798279840391075, 1.0951465198775914, 2.7859635424750264, 3.4217984087318762, 4.22770248480188, 5.400855697016909, 5.881304413988448, 6.367535719570013, 3.1670194094763615, 2.642259709036945, 3.817479436748808, 3.065983620308497, 0.0, 1.7717048202226013, 1.77349686495353, 3.7753546124834414, 2.6052860457155176, 4.262541464900957, 3.0050059068161583, 6.665398438203074, 7.307236170399858, 6.140546181733348], [2.7030649603736867, 2.1737406768057683, 1.095424871910438, 3.5016983922091294, 4.124534347050585, 4.371462918749283, 5.489573909694632, 6.200068233495498, 6.090891482369391, 2.4810852242516783, 3.05766851048311, 3.7150419782285096, 2.507396348804871, 1.7717048202226013, 0.0, 1.7620838799557754, 4.305022048724025, 3.794889957561352, 5.162152825130229, 3.8691217750285403, 6.40678683506795, 7.055114170585759, 5.580935563147096], [3.4647052832816825, 2.1799826994726357, 1.0941386977892704, 2.8540016310436824, 2.8307232326739395, 3.1085313397165546, 4.409752722092249, 5.196365116117227, 5.108855724132361, 3.7199562591514437, 3.809792613778341, 4.3179573203078325, 2.466455515512088, 1.77349686495353, 1.7620838799557754, 0.0, 3.8412686081553837, 3.2443878482696857, 3.8578986236032695, 2.313246608124607, 5.232573098390504, 6.144105236728941, 4.856327130661607], [2.6856436062888167, 2.1510503411124526, 3.4788070440885335, 1.0973287337894693, 2.1460780647497426, 2.7492600986447244, 2.9488409434894924, 2.7686623737826905, 4.2258552377004115, 3.691808149132346, 3.0578063836678737, 2.45977092835898, 2.483642367572272, 3.7753546124834414, 4.305022048724025, 3.8412686081553837, 0.0, 1.7602915525559963, 2.4655424129387837, 3.0604766083079284, 4.976699479574791, 4.746753619053763, 4.276224068030112], [2.7576358443420337, 2.1758333529937444, 2.8145825374289526, 1.097015897788177, 2.1497237892343284, 3.379642753309882, 4.092129626490344, 4.054139771887496, 5.438663929679788, 3.7734362138507125, 2.5779795092281086, 3.0941922193037716, 3.073844547142877, 2.6052860457155176, 3.794889957561352, 3.2443878482696857, 1.7602915525559963, 0.0, 2.4887222986906354, 2.4771947117657103, 5.953590382281939, 6.131629188886099, 5.521941552570074], [4.684257440619591, 3.5268249999113936, 4.112442478625081, 2.17431959012469, 1.0967945523205338, 2.0928115968715386, 2.5382863589437656, 2.4597007968450146, 3.9703430708189433, 5.615929823279489, 4.8915262515906015, 4.805323503157721, 3.8062680226174295, 4.262541464900957, 5.162152825130229, 3.8578986236032695, 2.4655424129387837, 2.4887222986906354, 0.0, 1.7516815007300846, 4.242225425410583, 4.598387120502144, 4.505492322710139], [4.2897233722001245, 2.891243991779317, 2.8356341407170285, 2.170871179964394, 1.0947043116750752, 2.0452821761312054, 3.2295026799803095, 3.7223741039825646, 4.359823108796961, 5.0213107910186165, 4.497690690787885, 4.786281814728422, 3.2505106768014165, 3.0050059068161583, 3.8691217750285403, 2.313246608124607, 3.0604766083079284, 2.4771947117657103, 1.7516815007300846, 0.0, 4.433718547675303, 5.269744300248353, 4.616929216481448], [6.549311320283989, 5.275014068227685, 5.846437788944649, 4.9779019435902905, 3.9736203253456415, 2.6144131999360773, 2.1330880619421224, 3.106482398147461, 1.0928139914916901, 7.002720481355799, 7.353277774571011, 6.51856599644431, 4.552250939919722, 6.665398438203074, 6.40678683506795, 5.232573098390504, 4.976699479574791, 5.953590382281939, 4.242225425410583, 4.433718547675303, 0.0, 1.7751551227991316, 1.7975987622381142], [6.519306857327702, 5.533997966208517, 6.495623613634029, 5.133084424593073, 4.485192350390338, 3.2771747664718767, 2.1275787811500653, 2.5504328220911834, 1.0938271207096666, 7.026710061614895, 7.364404054640131, 6.192582632472496, 4.776519281862054, 7.307236170399858, 7.055114170585759, 6.144105236728941, 4.746753619053763, 6.131629188886099, 4.598387120502144, 5.269744300248353, 1.7751551227991316, 0.0, 1.7758269622910896], [5.402715726373173, 4.3764152693728695, 5.196392507307353, 4.436140253643927, 3.974808813012269, 2.6199995973282135, 2.1325532185622005, 3.099579406951853, 1.0928736111737716, 5.71975124371681, 6.348097270836356, 5.252981768481592, 3.4439442228352073, 6.140546181733348, 5.580935563147096, 4.856327130661607, 4.276224068030112, 5.521941552570074, 4.505492322710139, 4.616929216481448, 1.7975987622381142, 1.7758269622910896, 0.0]]}