{"total energy": -32.51726074, "HOMO-LUMO gap/eV": 3.76316055, "electronic energy": -32.95164515, "dipole": [-0.72409302, -0.61680784, 1.02013978], "partial charges": [-0.10053465, -0.05212241, -0.05864279, -0.05847308, -0.05841603, -0.04830957, -0.08267125, 0.23514632, -0.36789426, -0.1346078, 0.03255538, 0.03224874, 0.03313223, 0.0287757, 0.02963514, 0.03063851, 0.03177012, 0.02928365, 0.03174741, 0.03576539, 0.03244946, 0.04107347, 0.03257924, 0.0602491, 0.04576549, 0.06936121, 0.06779562, 0.06169966], "atomic dipole moments": [[0.09430769, -0.03000523, -0.02532077], [-0.01888969, 0.09277421, 0.05855455], [0.02594204, -0.09195425, -0.05796791], [-0.01621793, 0.09268337, 0.05862973], [0.03227098, -0.09452573, -0.05986426], [-0.00239293, 0.10387764, 0.06443729], [0.00028456, -0.09980208, -0.05871895], [0.00816059, 0.00952631, -0.01017029], [-0.07292495, -0.06834292, 0.12989239], [-0.05092921, 0.05034562, -0.03589849], [-0.01410509, 0.00643488, 0.1249791], [-0.08426374, -0.0812294, -0.04343157], [-0.02712078, 0.11304956, -0.04881642], [0.01711419, -0.11369313, 0.04493796], [0.00458273, -0.01089971, -0.12313736], [-0.00835389, 0.01098157, 0.12327468], [-0.02097154, 0.11422031, -0.04472865], [0.02067987, -0.11371998, 0.04463845], [0.00821078, -0.01103529, -0.12389028], [-0.02158268, 0.11463262, -0.04511584], [-0.00877966, 0.01073079, 0.1231271], [0.00913534, -0.01330237, -0.12599349], [0.01961677, -0.11416157, 0.04222343], [-0.01748108, 0.12147033, -0.04149469], [0.00142094, 0.01322233, 0.12590562], [-0.06257613, -0.1191716, -0.0209767], [0.12554817, -0.01243361, -0.04236404], [0.00831797, 0.03613685, 0.12831829]], "atomic quadrupole moments": [[0.18775442, -0.09021922, -0.08546632, -0.07900572, 0.03391694, -0.1022881], [0.22568647, 0.04463508, -0.05517055, -0.00706414, 0.10723761, -0.17051592], [0.22881216, 0.04983426, -0.05431275, -0.00501432, 0.11378148, -0.17449941], [0.22358459, 0.05759302, -0.04851116, 0.00068391, 0.11389311, -0.17507343], [0.23264666, 0.04704109, -0.05642281, -0.00866737, 0.1161776, -0.17622384], [0.21991004, 0.07478303, -0.03739421, 0.01212635, 0.10671581, -0.18251583], [0.20509817, 0.05473616, -0.07330183, -0.03436217, 0.07860541, -0.13179634], [-0.14015917, 0.26202351, 0.13051707, 0.24848199, 0.40271438, 0.0096421], [-0.06423091, 0.11831609, 0.05620926, 0.1023133, 0.16606687, 0.00802165], [-0.05540343, -0.09843692, 0.05467036, 0.05000233, -0.14861406, 0.00073307], [-0.03203069, -0.00970959, -0.04847109, -5.64e-05, 0.00400536, 0.08050178], [0.0170922, 0.0484243, 0.0153382, 0.02431393, 0.03940423, -0.03243039], [-0.03205066, -0.01569798, 0.05561599, -0.0044828, -0.04908881, -0.02356533], [-0.01461767, -0.01087086, 0.03252999, 0.00904004, -0.03956293, -0.01791232], [-0.01713739, 0.00426975, -0.03880741, -0.0057997, -0.00397656, 0.0559448], [-0.02094674, 0.00350444, -0.03640891, -0.00286005, -0.00423721, 0.05735566], [-0.0188093, -0.00880093, 0.03350735, 0.00767073, -0.03924149, -0.01469805], [-0.01838527, -0.009266, 0.03352592, 0.00787288, -0.03938677, -0.01514065], [-0.02020543, 0.00344886, -0.03592637, -0.00323366, -0.00455795, 0.0561318], [-0.0183142, -0.00818584, 0.03288878, 0.00758267, -0.03851022, -0.01457458], [-0.02076074, 0.00360662, -0.03640883, -0.00253576, -0.00404496, 0.05716957], [-0.01776327, 0.0032277, -0.03551525, -0.00332326, -0.00704551, 0.05327852], [-0.0175127, -0.0095032, 0.03156077, 0.00857619, -0.04066648, -0.01404808], [-0.01999717, -0.01366868, 0.03316767, 0.00887867, -0.03866173, -0.0131705], [-0.03328143, -0.00198091, -0.03174961, -0.00476002, -0.01223959, 0.06503105], [0.0029189, 0.05731968, 0.04603799, 0.00448147, 0.01176675, -0.04895689], [0.06118765, -0.01572932, -0.03950832, -0.0403314, -0.00500931, -0.02167933], [-0.03242514, -0.01430634, -0.04707443, -0.00677787, 0.02995441, 0.07949957]], "number of molecular orbitals": 58, "number of electrons": 60, "number of unpaired electrons": 0, "orbital energies/eV": [-19.09103933, -17.50022512, -17.1726183, -17.00717588, -16.78654813, -16.37426732, -15.78931598, -15.44861098, -15.27912477, -15.17835684, -14.63740996, -14.49400322, -14.42128374, -14.18911085, -13.82442433, -13.63340682, -13.39369111, -13.24532301, -13.06018201, -12.95650732, -12.72173156, -12.63238032, -12.52166707, -12.20718043, -11.98979617, -11.90837648, -11.70180358, -11.65512093, -11.53431595, -10.71002617, -6.94686562, 1.16871237, 2.21518339, 2.46441013, 2.58959725, 2.97981997, 3.23358464, 3.44614507, 3.64410055, 3.78880953, 4.14108308, 4.36794036, 4.48597982, 4.67582829, 4.750942, 4.83237804, 5.37060455, 5.53111457, 5.89158539, 5.93861998, 6.30990733, 6.70501437, 6.8985766, 7.21323826, 7.38317346, 7.94395641, 8.34611386, 15.00262233], "fractional occupation": [2.0, 2.0, 2.0, 2.0, 2.0, 2.0, 2.0, 2.0, 2.0, 2.0, 2.0, 2.0, 2.0, 2.0, 2.0, 2.0, 2.0, 2.0, 2.0, 2.0, 2.0, 2.0, 2.0, 2.0, 2.0, 2.0, 2.0, 2.0, 2.0, 2.0, 0.0, 0.0, 0.0, 0.0, 0.0, 0.0, 0.0, 0.0, 0.0, 0.0, 0.0, 0.0, 0.0, 0.0, 0.0, 0.0, 0.0, 0.0, 0.0, 0.0, 0.0, 0.0, 0.0, 0.0, 0.0, 0.0, 0.0, 0.0], "program call": "xtb /home/svss/Project-DBcg-Debug/aqme2_20220329/End-to-End-workflows-final/example-3/QDESCP/mol_949_rdkit_conf_4/mol_949_rdkit_conf_4.xyz --pop --wbo --acc 0.2 --gfn 2 --chrg 0 --uhf 0 --etemp 300 --input /home/svss/Project-DBcg-Debug/aqme2_20220329/End-to-End-workflows-final/example-3/QDESCP/mol_949_rdkit_conf_4/mol_949_rdkit_conf_4_xtb.inp", "method": "GFN2-xTB", "xtb version": "6.3.3 (7355c4f)", "Dipole module/D": 3.545, "Total charge": 0, "Transition dipole module/D": NaN, "HOMO": -10.71, "LUMO": -6.9469, "HOMO occupancy": 2.0, "LUMO occupancy": 0, "mulliken charges": [-0.08341, -0.0384, -0.04631, -0.04538, -0.04542, -0.03408, -0.08484, 0.39839, -0.49474, -0.12652, 0.02697, 0.02932, 0.02763, 0.02231, 0.02332, 0.02304, 0.02445, 0.02298, 0.0259, 0.0285, 0.02371, 0.0391, 0.02197, 0.05647, 0.03484, 0.05666, 0.06393, 0.04962], "cm5 charges": [-0.23372, -0.1509, -0.15695, -0.15607, -0.156, -0.14321, -0.18685, 0.41339, -0.54396, -0.26839, 0.07825, 0.08009, 0.07892, 0.07702, 0.07802, 0.07839, 0.07978, 0.07833, 0.08126, 0.08389, 0.07909, 0.09533, 0.07794, 0.1149, 0.09109, 0.10961, 0.11854, 0.1022], "FUKUI+": [0.005, 0.002, 0.003, 0.004, 0.006, 0.0, 0.022, -0.19, -0.291, 0.048, -0.006, -0.012, -0.006, -0.005, -0.005, -0.009, -0.008, -0.011, -0.011, -0.021, -0.022, -0.024, -0.03, -0.068, -0.085, -0.108, -0.076, -0.103], "FUKUI-": [0.015, 0.003, 0.003, 0.004, -0.001, 0.002, -0.011, -0.029, -0.156, 0.002, -0.054, -0.057, -0.054, -0.067, -0.067, -0.055, -0.055, -0.036, -0.036, -0.027, -0.028, -0.029, -0.029, -0.041, -0.049, -0.05, -0.047, -0.052], "FUKUIrad": [0.01, 0.002, 0.003, 0.004, 0.003, 0.001, 0.005, -0.109, -0.224, 0.025, -0.03, -0.034, -0.03, -0.036, -0.036, -0.032, -0.032, -0.023, -0.023, -0.024, -0.025, -0.026, -0.029, -0.055, -0.067, -0.079, -0.062, -0.078], "s proportion": [1.008, 1.027, 1.032, 1.033, 1.033, 1.032, 1.042, 1.075, 1.74, 1.022, 0.973, 0.971, 0.972, 0.978, 0.977, 0.977, 0.976, 0.977, 0.974, 0.971, 0.976, 0.961, 0.978, 0.944, 0.965, 0.943, 0.936, 0.95], "p proportion": [3.076, 3.011, 3.014, 3.013, 3.012, 3.002, 3.043, 2.527, 4.755, 3.105, 0.0, 0.0, 0.0, 0.0, 0.0, 0.0, 0.0, 0.0, 0.0, 0.0, 0.0, 0.0, 0.0, 0.0, 0.0, 0.0, 0.0, 0.0], "d proportion": [0.0, 0.0, 0.0, 0.0, 0.0, 0.0, 0.0, 0.0, 0.0, 0.0, 0.0, 0.0, 0.0, 0.0, 0.0, 0.0, 0.0, 0.0, 0.0, 0.0, 0.0, 0.0, 0.0, 0.0, 0.0, 0.0, 0.0, 0.0], "Fermi-level/eV": -8.8284, "Coordination numbers": [3.75, 3.8, 3.802, 3.802, 3.802, 3.803, 3.803, 2.812, 0.857, 3.751, 0.924, 0.924, 0.924, 0.924, 0.924, 0.924, 0.924, 0.924, 0.924, 0.924, 0.924, 0.924, 0.924, 0.924, 0.924, 0.924, 0.924, 0.924], "Dispersion coefficient C6": [22.483, 21.51, 21.628, 21.625, 21.624, 21.438, 22.075, 23.082, 21.05, 23.152, 2.551, 2.555, 2.542, 2.604, 2.592, 2.578, 2.562, 2.597, 2.562, 2.506, 2.552, 2.435, 2.55, 2.196, 2.374, 2.093, 2.11, 2.179], "Total dispersion C6": 5607.228286, "Total dispersion C8": 119210.657616, "Polarizability alpha": [6.762, 6.603, 6.621, 6.621, 6.62, 6.592, 6.689, 7.871, 6.151, 6.862, 2.498, 2.5, 2.494, 2.524, 2.518, 2.511, 2.503, 2.52, 2.503, 2.476, 2.498, 2.44, 2.497, 2.318, 2.409, 2.262, 2.272, 2.309], "Total polarizability alpha": 111.443157, "Wiberg matrix": [[0.0, 1.02011968330926, 0.0, 0.0, 0.0, 0.0, 0.0, 0.0, 0.0, 0.0, 0.9876865451777646, 0.9873031558058355, 0.987658918882469, 0.0, 0.0, 0.0, 0.0, 0.0, 0.0, 0.0, 0.0, 0.0, 0.0, 0.0, 0.0, 0.0, 0.0, 0.0], [1.02011968330926, 0.0, 1.007636597032224, 0.0, 0.0, 0.0, 0.0, 0.0, 0.0, 0.0, 0.0, 0.0, 0.0, 0.9780700803079513, 0.9780266399620883, 0.0, 0.0, 0.0, 0.0, 0.0, 0.0, 0.0, 0.0, 0.0, 0.0, 0.0, 0.0, 0.0], [0.0, 1.007636597032224, 0.0, 1.0067569587551866, 0.0, 0.0, 0.0, 0.0, 0.0, 0.0, 0.0, 0.0, 0.0, 0.0, 0.0, 0.9771576779674657, 0.9771041830027049, 0.0, 0.0, 0.0, 0.0, 0.0, 0.0, 0.0, 0.0, 0.0, 0.0, 0.0], [0.0, 0.0, 1.0067569587551866, 0.0, 1.0060172140804682, 0.0, 0.0, 0.0, 0.0, 0.0, 0.0, 0.0, 0.0, 0.0, 0.0, 0.0, 0.0, 0.9772189830552652, 0.9771233681683434, 0.0, 0.0, 0.0, 0.0, 0.0, 0.0, 0.0, 0.0, 0.0], [0.0, 0.0, 0.0, 1.0060172140804682, 0.0, 1.0040146952849978, 0.0, 0.0, 0.0, 0.0, 0.0, 0.0, 0.0, 0.0, 0.0, 0.0, 0.0, 0.0, 0.0, 0.9767953720486705, 0.9769883478271447, 0.0, 0.0, 0.0, 0.0, 0.0, 0.0, 0.0], [0.0, 0.0, 0.0, 0.0, 1.0040146952849978, 0.0, 0.9818257302464523, 0.0, 0.0, 0.0, 0.0, 0.0, 0.0, 0.0, 0.0, 0.0, 0.0, 0.0, 0.0, 0.0, 0.0, 0.9764172101803655, 0.9754732620163891, 0.0, 0.0, 0.0, 0.0, 0.0], [0.0, 0.0, 0.0, 0.0, 0.0, 0.9818257302464523, 0.0, 0.9905195652404478, 0.0, 0.0, 0.0, 0.0, 0.0, 0.0, 0.0, 0.0, 0.0, 0.0, 0.0, 0.0, 0.0, 0.0, 0.0, 0.9701255686232428, 0.966090080460772, 0.0, 0.0, 0.0], [0.0, 0.0, 0.0, 0.0, 0.0, 0.0, 0.9905195652404478, 0.0, 1.856048871510406, 1.01138431418957, 0.0, 0.0, 0.0, 0.0, 0.0, 0.0, 0.0, 0.0, 0.0, 0.0, 0.0, 0.0, 0.0, 0.0, 0.0, 0.0, 0.0, 0.0], [0.0, 0.0, 0.0, 0.0, 0.0, 0.0, 0.0, 1.856048871510406, 0.0, 0.0, 0.0, 0.0, 0.0, 0.0, 0.0, 0.0, 0.0, 0.0, 0.0, 0.0, 0.0, 0.0, 0.0, 0.0, 0.0, 0.0, 0.0, 0.0], [0.0, 0.0, 0.0, 0.0, 0.0, 0.0, 0.0, 1.01138431418957, 0.0, 0.0, 0.0, 0.0, 0.0, 0.0, 0.0, 0.0, 0.0, 0.0, 0.0, 0.0, 0.0, 0.0, 0.0, 0.0, 0.0, 0.9559209118742193, 0.9823978956397623, 0.9664696623943105], [0.9876865451777646, 0.0, 0.0, 0.0, 0.0, 0.0, 0.0, 0.0, 0.0, 0.0, 0.0, 0.0, 0.0, 0.0, 0.0, 0.0, 0.0, 0.0, 0.0, 0.0, 0.0, 0.0, 0.0, 0.0, 0.0, 0.0, 0.0, 0.0], [0.9873031558058355, 0.0, 0.0, 0.0, 0.0, 0.0, 0.0, 0.0, 0.0, 0.0, 0.0, 0.0, 0.0, 0.0, 0.0, 0.0, 0.0, 0.0, 0.0, 0.0, 0.0, 0.0, 0.0, 0.0, 0.0, 0.0, 0.0, 0.0], [0.987658918882469, 0.0, 0.0, 0.0, 0.0, 0.0, 0.0, 0.0, 0.0, 0.0, 0.0, 0.0, 0.0, 0.0, 0.0, 0.0, 0.0, 0.0, 0.0, 0.0, 0.0, 0.0, 0.0, 0.0, 0.0, 0.0, 0.0, 0.0], [0.0, 0.9780700803079513, 0.0, 0.0, 0.0, 0.0, 0.0, 0.0, 0.0, 0.0, 0.0, 0.0, 0.0, 0.0, 0.0, 0.0, 0.0, 0.0, 0.0, 0.0, 0.0, 0.0, 0.0, 0.0, 0.0, 0.0, 0.0, 0.0], [0.0, 0.9780266399620883, 0.0, 0.0, 0.0, 0.0, 0.0, 0.0, 0.0, 0.0, 0.0, 0.0, 0.0, 0.0, 0.0, 0.0, 0.0, 0.0, 0.0, 0.0, 0.0, 0.0, 0.0, 0.0, 0.0, 0.0, 0.0, 0.0], [0.0, 0.0, 0.9771576779674657, 0.0, 0.0, 0.0, 0.0, 0.0, 0.0, 0.0, 0.0, 0.0, 0.0, 0.0, 0.0, 0.0, 0.0, 0.0, 0.0, 0.0, 0.0, 0.0, 0.0, 0.0, 0.0, 0.0, 0.0, 0.0], [0.0, 0.0, 0.9771041830027049, 0.0, 0.0, 0.0, 0.0, 0.0, 0.0, 0.0, 0.0, 0.0, 0.0, 0.0, 0.0, 0.0, 0.0, 0.0, 0.0, 0.0, 0.0, 0.0, 0.0, 0.0, 0.0, 0.0, 0.0, 0.0], [0.0, 0.0, 0.0, 0.9772189830552652, 0.0, 0.0, 0.0, 0.0, 0.0, 0.0, 0.0, 0.0, 0.0, 0.0, 0.0, 0.0, 0.0, 0.0, 0.0, 0.0, 0.0, 0.0, 0.0, 0.0, 0.0, 0.0, 0.0, 0.0], [0.0, 0.0, 0.0, 0.9771233681683434, 0.0, 0.0, 0.0, 0.0, 0.0, 0.0, 0.0, 0.0, 0.0, 0.0, 0.0, 0.0, 0.0, 0.0, 0.0, 0.0, 0.0, 0.0, 0.0, 0.0, 0.0, 0.0, 0.0, 0.0], [0.0, 0.0, 0.0, 0.0, 0.9767953720486705, 0.0, 0.0, 0.0, 0.0, 0.0, 0.0, 0.0, 0.0, 0.0, 0.0, 0.0, 0.0, 0.0, 0.0, 0.0, 0.0, 0.0, 0.0, 0.0, 0.0, 0.0, 0.0, 0.0], [0.0, 0.0, 0.0, 0.0, 0.9769883478271447, 0.0, 0.0, 0.0, 0.0, 0.0, 0.0, 0.0, 0.0, 0.0, 0.0, 0.0, 0.0, 0.0, 0.0, 0.0, 0.0, 0.0, 0.0, 0.0, 0.0, 0.0, 0.0, 0.0], [0.0, 0.0, 0.0, 0.0, 0.0, 0.9764172101803655, 0.0, 0.0, 0.0, 0.0, 0.0, 0.0, 0.0, 0.0, 0.0, 0.0, 0.0, 0.0, 0.0, 0.0, 0.0, 0.0, 0.0, 0.0, 0.0, 0.0, 0.0, 0.0], [0.0, 0.0, 0.0, 0.0, 0.0, 0.9754732620163891, 0.0, 0.0, 0.0, 0.0, 0.0, 0.0, 0.0, 0.0, 0.0, 0.0, 0.0, 0.0, 0.0, 0.0, 0.0, 0.0, 0.0, 0.0, 0.0, 0.0, 0.0, 0.0], [0.0, 0.0, 0.0, 0.0, 0.0, 0.0, 0.9701255686232428, 0.0, 0.0, 0.0, 0.0, 0.0, 0.0, 0.0, 0.0, 0.0, 0.0, 0.0, 0.0, 0.0, 0.0, 0.0, 0.0, 0.0, 0.0, 0.0, 0.0, 0.0], [0.0, 0.0, 0.0, 0.0, 0.0, 0.0, 0.966090080460772, 0.0, 0.0, 0.0, 0.0, 0.0, 0.0, 0.0, 0.0, 0.0, 0.0, 0.0, 0.0, 0.0, 0.0, 0.0, 0.0, 0.0, 0.0, 0.0, 0.0, 0.0], [0.0, 0.0, 0.0, 0.0, 0.0, 0.0, 0.0, 0.0, 0.0, 0.9559209118742193, 0.0, 0.0, 0.0, 0.0, 0.0, 0.0, 0.0, 0.0, 0.0, 0.0, 0.0, 0.0, 0.0, 0.0, 0.0, 0.0, 0.0, 0.0], [0.0, 0.0, 0.0, 0.0, 0.0, 0.0, 0.0, 0.0, 0.0, 0.9823978956397623, 0.0, 0.0, 0.0, 0.0, 0.0, 0.0, 0.0, 0.0, 0.0, 0.0, 0.0, 0.0, 0.0, 0.0, 0.0, 0.0, 0.0, 0.0], [0.0, 0.0, 0.0, 0.0, 0.0, 0.0, 0.0, 0.0, 0.0, 0.9664696623943105, 0.0, 0.0, 0.0, 0.0, 0.0, 0.0, 0.0, 0.0, 0.0, 0.0, 0.0, 0.0, 0.0, 0.0, 0.0, 0.0, 0.0, 0.0]], "Born radii": [], "Atomic SASAs": [], "Solvent H bonds": [], "Total SASA": NaN, "Total FOD": 0.0, "FOD": [0.0, 0.0, 0.0, 0.0, 0.0, 0.0, 0.0, 0.0, 0.0, 0.0, 0.0, 0.0, 0.0, 0.0, 0.0, 0.0, 0.0, 0.0, 0.0, 0.0, 0.0, 0.0, 0.0, 0.0, 0.0, 0.0, 0.0, 0.0], "FOD s proportion": [0.0, 0.0, 0.0, 0.0, 0.0, 0.0, 0.0, 0.0, 0.0, 0.0, 0.0, 0.0, 0.0, 0.0, 0.0, 0.0, 0.0, 0.0, 0.0, 0.0, 0.0, 0.0, 0.0, 0.0, 0.0, 0.0, 0.0, 0.0], "FOD p proportion": [0.0, 0.0, 0.0, 0.0, 0.0, 0.0, 0.0, 0.0, 0.0, 0.0, 0.0, 0.0, 0.0, 0.0, 0.0, 0.0, 0.0, 0.0, 0.0, 0.0, 0.0, 0.0, 0.0, 0.0, 0.0, 0.0, 0.0, 0.0], "FOD d proportion": [0.0, 0.0, 0.0, 0.0, 0.0, 0.0, 0.0, 0.0, 0.0, 0.0, 0.0, 0.0, 0.0, 0.0, 0.0, 0.0, 0.0, 0.0, 0.0, 0.0, 0.0, 0.0, 0.0, 0.0, 0.0, 0.0, 0.0, 0.0], "coordinates": [["-4.80880", "-0.41590", "-0.02290"], ["-3.41090", "-0.87350", "-0.40760"], ["-2.34410", "0.09360", "0.10520"], ["-0.93950", "-0.37020", "-0.28400"], ["0.12820", "0.59750", "0.22920"], ["1.53230", "0.13410", "-0.15980"], ["2.59580", "1.09760", "0.35360"], ["3.97750", "0.66650", "-0.08920"], ["4.52330", "1.17510", "-1.06830"], ["4.64160", "-0.43560", "0.69370"], ["-4.91640", "-0.35570", "1.06490"], ["-5.55570", "-1.12180", "-0.39950"], ["-5.02920", "0.56960", "-0.44540"], ["-3.23450", "-1.87450", "0.00290"], ["-3.34670", "-0.95430", "-1.49900"], ["-2.41530", "0.17400", "1.19670"], ["-2.52750", "1.09420", "-0.30510"], ["-0.75620", "-1.37070", "0.12640"], ["-0.86830", "-0.45040", "-1.37550"], ["-0.05540", "1.59790", "-0.18110"], ["0.05750", "0.67750", "1.32080"], ["1.60690", "0.05050", "-1.25130"], ["1.71300", "-0.86970", "0.24330"], ["2.41760", "2.10950", "-0.02870"], ["2.58000", "1.16250", "1.44710"], ["4.09840", "-1.37230", "0.55100"], ["5.67000", "-0.56460", "0.34450"], ["4.66620", "-0.17080", "1.75360"]], "bond_dist": [[0.0, 1.520367146448515, 2.5200686399382057, 3.878368753741707, 5.046236515463776, 6.366379726343693, 7.567069159192349, 8.852968606066556, 9.524296959356109, 9.477550517406911, 1.094765107226203, 1.094523631540224, 1.0946655470964637, 2.146299161347271, 2.1462716929596777, 2.7503178761735887, 2.750339713562672, 4.166233345601276, 4.166324190458539, 5.1648067959992465, 5.165455346820839, 6.54887028501863, 6.542986483250596, 7.654968044348715, 7.6971820817751215, 8.976763002886953, 10.486293143432526, 9.643217889273268], [1.520367146448515, 0.0, 1.528498770035488, 2.525154611108001, 3.8851749059727028, 5.050929502576729, 6.36750387043463, 7.553901847389864, 8.220998484977356, 8.139249004054367, 2.1686178409300245, 2.1591400000926293, 2.168608157321189, 1.0961880358770568, 1.0962683248183358, 2.1592253472020935, 2.1593390423923706, 2.753142918556899, 2.7532996168234214, 4.17354770668792, 4.174058710655613, 5.171452651818442, 5.1650785531296615, 6.5584500043836576, 6.59364018581542, 7.586652877916585, 9.117226465872173, 8.39071612795952], [2.5200686399382057, 1.528498770035488, 0.0, 1.5295385709422302, 2.5261746772541285, 3.8856585297732997, 5.047012043774019, 6.350482842272704, 7.050384901549703, 7.030390414479128, 2.7820175898078, 3.470777119032566, 2.781995393597912, 2.162566775847627, 2.1625815152266514, 1.0967706460331623, 1.0968965356860236, 2.1601042428549597, 2.1601838185672997, 2.75373090006994, 2.754324804738904, 4.17760108914195, 4.172179156028657, 5.172578555227557, 5.214403477867819, 6.622190475967902, 8.044643593099694, 7.206346925453978], [3.878368753741707, 2.525154611108001, 1.5295385709422302, 0.0, 1.5296407486727073, 2.5257750038354567, 3.8806335423484657, 5.028874916917301, 5.731078643676075, 5.666467299826234, 4.1994612833076586, 4.678412684875074, 4.199395205264683, 2.7590315511062933, 2.758987069560131, 2.1602341933225664, 2.160244562543787, 1.0968260117265638, 1.0967560029468724, 2.1600089884072244, 2.160339633020697, 2.7562312566256124, 2.7501457761362396, 4.181412511341113, 4.211027992070345, 5.204024002634884, 6.642160330795997, 5.967867844548838], [5.046236515463776, 3.8851749059727028, 2.5261746772541285, 1.5296407486727073, 0.0, 1.5289072470231801, 2.520838180050437, 3.863062263282848, 4.6188777879480645, 4.653368180146506, 5.20143959784212, 5.97142992841748, 5.201407341287548, 4.1796826410625965, 4.179675644114027, 2.7540516970456452, 2.754075138771635, 2.160218146391702, 2.1601316510805537, 1.0967475598331642, 1.0968085749117755, 2.162785920982472, 2.1597374122795574, 2.7557229124133653, 2.795322637907832, 4.443664627309311, 5.66350754744796, 4.84845586243703], [6.366379726343693, 5.050929502576729, 3.8856585297732997, 2.5257750038354567, 1.5289072470231801, 0.0, 1.524120749809542, 2.503485002950886, 3.2947130755196268, 3.274258210648635, 6.5822128361213, 7.202394386591171, 6.582135661014593, 5.175261103557964, 5.175201657906675, 4.174353844608768, 4.174311936115939, 2.7538274691781255, 2.7536243570973875, 2.159619276631879, 2.1592811211141547, 1.0972357859639834, 1.0967025759065216, 2.168674355453119, 2.176559087183254, 3.0593049553779363, 4.226471515342319, 3.6844799877323258], [7.567069159192349, 6.36750387043463, 5.047012043774019, 3.8806335423484657, 2.520838180050437, 1.524120749809542, 0.0, 1.5136095731726857, 2.3964686749465343, 2.579082761370794, 7.684476392051706, 8.481736156000139, 7.684907936989226, 6.553530879609862, 6.554061841331679, 5.164782452340079, 5.165471918421395, 4.168936162859778, 4.169661811226422, 2.750466436806674, 2.748622698734768, 2.156396445461734, 2.159113526426992, 1.0962892592742122, 1.095538178248481, 2.897788731084445, 3.4948100506322226, 2.802747708945634], [8.852968606066556, 7.553901847389864, 6.350482842272704, 5.028874916917301, 3.863062263282848, 2.503485002950886, 1.5136095731726857, 0.0, 1.230938020373081, 1.5061824690255827, 9.026532936847902, 9.704442550708414, 9.014261641421331, 7.647097973087568, 7.632721291911555, 6.539417932813286, 6.5226194967972795, 5.157963056284913, 5.136517394110527, 4.140076566924819, 4.1658877805337005, 2.7110287290989747, 2.7565244312358272, 2.1258403655966265, 2.135237677636848, 2.1403687275794328, 2.1373486262189423, 2.138057721391076], [9.524296959356109, 8.220998484977356, 7.050384901549703, 5.731078643676075, 4.6188777879480645, 3.2947130755196268, 2.3964686749465343, 1.230938020373081, 0.0, 2.390186892274326, 9.798052202861546, 10.35901945407962, 9.591917999545242, 8.404224559113112, 8.164358324449019, 7.367265175762306, 7.092446664586206, 5.981766125485014, 5.639678417250401, 4.682988081342937, 5.089083828156105, 3.1310706028449755, 3.7147392492609757, 2.5274184477446546, 3.178649211536246, 3.04826495895616, 2.5174353656052424, 3.129694366867155], [9.477550517406911, 8.139249004054367, 7.030390414479128, 5.666467299826234, 4.653368180146506, 3.274258210648635, 2.579082761370794, 1.5061824690255827, 2.390186892274326, 0.0, 9.565539056948124, 10.278661584564402, 9.789399802337218, 8.036204891613952, 8.299995172890162, 7.101018150237331, 7.398235214562997, 5.507493635039445, 5.885644033578654, 5.192514447741094, 4.758804348783421, 3.637131053454082, 2.994662072755456, 3.456236648437141, 2.7150929505267407, 1.092170508666115, 1.093703890456644, 1.0927544143127494], [1.094765107226203, 2.1686178409300245, 2.7820175898078, 4.1994612833076586, 5.20143959784212, 6.5822128361213, 7.684476392051706, 9.026532936847902, 9.798052202861546, 9.565539056948124, 0.0, 1.772027386921545, 1.7747985857555781, 2.502675578256199, 3.0652672412042645, 2.559971589686105, 3.1122264088590987, 4.383864880445108, 4.7277514592034136, 5.38501531659846, 5.086518284642256, 6.934206787369411, 6.699863201588522, 7.814136420616165, 7.65813430542975, 9.086483797927558, 10.612939287963538, 9.609095610930302], [1.094523631540224, 2.1591400000926293, 3.470777119032566, 4.678412684875074, 5.97142992841748, 7.202394386591171, 8.481736156000139, 9.704442550708414, 10.35901945407962, 10.278661584564402, 1.772027386921545, 0.0, 1.7720448696350775, 2.473146273474337, 2.4731836769637634, 3.753540227571832, 3.7536066123130167, 4.834637759956789, 4.834777421970943, 6.139850709911439, 6.140433764808477, 7.307714368391802, 7.301420816526055, 8.611173277782768, 8.64971517103309, 9.704011918273801, 11.264117734203598, 10.489398467977084], [1.0946655470964637, 2.168608157321189, 2.781995393597912, 4.199395205264683, 5.201407341287548, 6.582135661014593, 7.684907936989226, 9.014261641421331, 9.591917999545242, 9.789399802337218, 1.7747985857555781, 1.7720448696350775, 0.0, 3.065215455722485, 2.502628701985175, 3.11214796884724, 2.5599594020218372, 4.727604925329527, 4.383899499304245, 5.08585703888735, 5.385686747296022, 6.704980449635928, 6.928430776157037, 7.615757423920487, 7.863396931352252, 9.38492782763938, 10.788106056671857, 9.969181226158947], [2.146299161347271, 1.0961880358770568, 2.162566775847627, 2.7590315511062933, 4.1796826410625965, 5.175261103557964, 6.553530879609862, 7.647097973087568, 8.404224559113112, 8.036204891613952, 2.502675578256199, 2.473146273474337, 3.065215455722485, 0.0, 1.7649533959852877, 2.5085053976421903, 3.0672288290898675, 2.5320026816731454, 3.0865757418213473, 4.711485388919296, 4.3688474921883005, 5.358898823452446, 5.054223130214969, 6.915163697990092, 6.716955626621335, 7.370484438624099, 9.006811245940487, 8.269740302452067], [2.1462716929596777, 1.0962683248183358, 2.1625815152266514, 2.758987069560131, 4.179675644114027, 5.175201657906675, 6.554061841331679, 7.632721291911555, 8.164358324449019, 8.299995172890162, 3.0652672412042645, 2.4731836769637634, 2.502628701985175, 1.7649533959852877, 0.0, 3.0671428626655137, 2.508552989274893, 3.086422584481911, 2.5321204592199003, 4.3684368989376505, 4.711965717192772, 5.060546540641633, 5.351946425367129, 6.691472709351807, 6.948821507277331, 7.733481622788018, 9.211473130287034, 8.683308437456313], [2.7503178761735887, 2.1592253472020935, 1.0967706460331623, 2.1602341933225664, 2.7540516970456452, 4.174353844608768, 5.164782452340079, 6.539417932813286, 7.367265175762306, 7.101018150237331, 2.559971589686105, 3.753540227571832, 3.11214796884724, 2.5085053976421903, 3.0671428626655137, 0.0, 1.7648683010355193, 2.5068412374939104, 3.0658273271663554, 3.081388008674013, 2.5265891830687472, 4.7102069052218924, 4.363615718644344, 5.348335051209863, 5.098318791523339, 6.7257906501763784, 8.163568514442689, 7.111727420254519], [2.750339713562672, 2.1593390423923706, 1.0968965356860236, 2.160244562543787, 2.754075138771635, 4.174311936115939, 5.165471918421395, 6.5226194967972795, 7.092446664586206, 7.398235214562997, 3.1122264088590987, 3.7536066123130167, 2.5599594020218372, 3.0672288290898675, 2.508552989274893, 1.7648683010355193, 0.0, 3.065848650863248, 2.506888501708841, 2.5259390531048047, 3.082112051824203, 4.367821824433776, 4.705261525143953, 5.055812996937288, 5.400132033571031, 7.121732954134126, 8.388838051244045, 7.588661962427896], [4.166233345601276, 2.753142918556899, 2.1601042428549597, 1.0968260117265638, 2.160218146391702, 2.7538274691781255, 4.168936162859778, 5.157963056284913, 5.981766125485014, 5.507493635039445, 4.383864880445108, 4.834637759956789, 4.727604925329527, 2.5320026816731454, 3.086422584481911, 2.5068412374939104, 3.065848650863248, 0.0, 1.7649991813029262, 3.065658632333353, 2.506755331100345, 3.082549000421567, 2.522224266396626, 4.712627132502634, 4.392218251635499, 4.873133373918673, 6.480232346143153, 5.787051201605183], [4.166324190458539, 2.7532996168234214, 2.1601838185672997, 1.0967560029468724, 2.1601316510805537, 2.7536243570973875, 4.169661811226422, 5.136517394110527, 5.639678417250401, 5.885644033578654, 4.7277514592034136, 4.834777421970943, 4.383899499304245, 3.0865757418213473, 2.5321204592199003, 3.0658273271663554, 2.506888501708841, 1.7649991813029262, 0.0, 2.506577479353072, 3.0658274152339366, 2.528426682741661, 3.075619550594644, 4.377681699255898, 4.739123342982328, 5.406423101275001, 6.761716389349674, 6.36397149742203], [5.1648067959992465, 4.17354770668792, 2.75373090006994, 2.1600089884072244, 1.0967475598331642, 2.159619276631879, 2.750466436806674, 4.140076566924819, 4.682988081342937, 5.192514447741094, 5.38501531659846, 6.139850709911439, 5.08585703888735, 4.711485388919296, 4.3684368989376505, 3.081388008674013, 2.5259390531048047, 3.065658632333353, 2.506577479353072, 0.0, 1.7651023143149522, 2.510580827219072, 3.065355392120137, 2.529958363293752, 3.1282489606807196, 5.158692943953923, 6.1427084230003945, 5.400450938579111], [5.165455346820839, 4.174058710655613, 2.754324804738904, 2.160339633020697, 1.0968085749117755, 2.1592811211141547, 2.748622698734768, 4.1658877805337005, 5.089083828156105, 4.758804348783421, 5.086518284642256, 6.140433764808477, 5.385686747296022, 4.3688474921883005, 4.711965717192772, 2.5265891830687472, 3.082112051824203, 2.506755331100345, 3.0658274152339366, 1.7651023143149522, 0.0, 3.067485577798207, 2.509086355628279, 3.072758737681825, 2.571805385327591, 4.5959922639186415, 5.830620065653395, 4.706064642564953], [6.54887028501863, 5.171452651818442, 4.17760108914195, 2.7562312566256124, 2.162785920982472, 1.0972357859639834, 2.156396445461734, 2.7110287290989747, 3.1310706028449755, 3.637131053454082, 6.934206787369411, 7.307714368391802, 6.704980449635928, 5.358898823452446, 5.060546540641633, 4.7102069052218924, 4.367821824433776, 3.082549000421567, 2.528426682741661, 2.510580827219072, 3.067485577798207, 0.0, 1.758366972506024, 2.528134935085547, 3.0764964115044897, 3.3882469479068376, 4.408367868043682, 4.293915950504854], [6.542986483250596, 5.1650785531296615, 4.172179156028657, 2.7501457761362396, 2.1597374122795574, 1.0967025759065216, 2.159113526426992, 2.7565244312358272, 3.7147392492609757, 2.994662072755456, 6.699863201588522, 7.301420816526055, 6.928430776157037, 5.054223130214969, 5.351946425367129, 4.363615718644344, 4.705261525143953, 2.522224266396626, 3.075619550594644, 3.065355392120137, 2.509086355628279, 1.758366972506024, 0.0, 3.073447217701973, 2.51608034052969, 2.457116035111081, 3.9700348172276776, 3.389816741359332], [7.654968044348715, 6.5584500043836576, 5.172578555227557, 4.181412511341113, 2.7557229124133653, 2.168674355453119, 1.0962892592742122, 2.1258403655966265, 2.5274184477446546, 3.456236648437141, 7.814136420616165, 8.611173277782768, 7.615757423920487, 6.915163697990092, 6.691472709351807, 5.348335051209863, 5.055812996937288, 4.712627132502634, 4.377681699255898, 2.529958363293752, 3.072758737681825, 2.528134935085547, 3.073447217701973, 0.0, 1.7610134582109247, 3.909484872716609, 4.227078756067836, 3.6650461579630886], [7.6971820817751215, 6.59364018581542, 5.214403477867819, 4.211027992070345, 2.795322637907832, 2.176559087183254, 1.095538178248481, 2.135237677636848, 3.178649211536246, 2.7150929505267407, 7.65813430542975, 8.64971517103309, 7.863396931352252, 6.716955626621335, 6.948821507277331, 5.098318791523339, 5.400132033571031, 4.392218251635499, 4.739123342982328, 3.1282489606807196, 2.571805385327591, 3.0764964115044897, 2.51608034052969, 1.7610134582109247, 0.0, 3.0876762799879134, 3.7076544027187865, 2.494766838804781], [8.976763002886953, 7.586652877916585, 6.622190475967902, 5.204024002634884, 4.443664627309311, 3.0593049553779363, 2.897788731084445, 2.1403687275794328, 3.04826495895616, 1.092170508666115, 9.086483797927558, 9.704011918273801, 9.38492782763938, 7.370484438624099, 7.733481622788018, 6.7257906501763784, 7.121732954134126, 4.873133373918673, 5.406423101275001, 5.158692943953923, 4.5959922639186415, 3.3882469479068376, 2.457116035111081, 3.909484872716609, 3.0876762799879134, 0.0, 1.7790301009257827, 1.792273932745773], [10.486293143432526, 9.117226465872173, 8.044643593099694, 6.642160330795997, 5.66350754744796, 4.226471515342319, 3.4948100506322226, 2.1373486262189423, 2.5174353656052424, 1.093703890456644, 10.612939287963538, 11.264117734203598, 10.788106056671857, 9.006811245940487, 9.211473130287034, 8.163568514442689, 8.388838051244045, 6.480232346143153, 6.761716389349674, 6.1427084230003945, 5.830620065653395, 4.408367868043682, 3.9700348172276776, 4.227078756067836, 3.7076544027187865, 1.7790301009257827, 0.0, 1.774332463209756], [9.643217889273268, 8.39071612795952, 7.206346925453978, 5.967867844548838, 4.84845586243703, 3.6844799877323258, 2.802747708945634, 2.138057721391076, 3.129694366867155, 1.0927544143127494, 9.609095610930302, 10.489398467977084, 9.969181226158947, 8.269740302452067, 8.683308437456313, 7.111727420254519, 7.588661962427896, 5.787051201605183, 6.36397149742203, 5.400450938579111, 4.706064642564953, 4.293915950504854, 3.389816741359332, 3.6650461579630886, 2.494766838804781, 1.792273932745773, 1.774332463209756, 0.0]]}