{"total energy": -56.25377435, "HOMO-LUMO gap/eV": 2.67687595, "electronic energy": -56.99513644, "dipole": [0.37520477, -1.49610628, -1.07333749], "partial charges": [-0.4199835, 0.17039965, -0.26165662, 0.10173809, 0.01183915, -0.02785871, -0.02709652, -0.02459577, -0.02586067, -0.02203109, -0.01474587, -0.03785163, 0.09554975, -0.16097324, -0.03655069, -0.04939928, 0.0687047, -0.15626254, 0.25258723, -0.40101034, 0.31799054, 0.04470917, 0.03162959, 0.03885994, 0.03948405, 0.04228591, 0.05618801, 0.06644982, 0.06705019, 0.05543852, 0.20497215], "atomic dipole moments": [[0.06241195, -0.1036447, -0.18901786], [0.05999123, 0.14481841, 0.01417238], [-0.24567875, -0.12436956, -0.03120588], [-0.03126437, -0.05771695, -0.02689659], [-0.07114949, 0.02449156, 0.01123595], [-0.01335057, 0.01383458, 0.00980009], [-0.00731952, 0.00255651, 0.00359135], [-0.0073742, 0.00060822, 0.00078775], [-0.00787704, -0.00036436, -0.00307015], [-0.01824527, -0.00425468, -0.02281517], [-0.01522793, 0.01897856, 0.0007254], [-0.02813883, 0.00141266, -0.00501074], [0.03797048, -0.23611089, 0.03854538], [0.01500801, -0.03913525, 0.01508696], [0.03627716, -4.143e-05, 0.02373927], [0.03550191, 0.02422137, 0.00825531], [-0.02271825, 0.15608376, -0.01217454], [0.00073234, -0.01696067, 0.03247306], [0.00712871, -0.03469565, -0.03350881], [0.04878325, -0.17428436, 0.04780604], [0.04395971, 0.0446549, -0.05452934], [-0.06341148, -0.09064822, 0.07329325], [-0.09868175, -0.034313, -0.11239057], [0.04224504, -0.06781551, -0.1295253], [0.1457876, -0.03218635, -0.02566175], [0.10600194, 0.0375515, 0.10266739], [-0.0365691, 0.07472227, 0.13172705], [0.12623481, -0.05017486, 0.08162995], [-0.09883582, -0.10472579, -0.059048], [-0.12828249, 0.03196304, -0.0791656], [-0.09389956, 0.04222935, -0.09424753]], "atomic quadrupole moments": [[-0.09433598, 0.00504409, 0.09247274, -0.01843795, 0.12268059, 0.00186324], [-0.06140019, -0.1251947, 0.13318038, 0.06479667, 0.25480858, -0.07178018], [-0.02990433, -0.07910757, -0.15871762, 0.00251196, -0.19697342, 0.18862195], [-0.22944825, -0.05274754, -0.16647361, 0.06867208, -0.33451093, 0.39592186], [-0.10447368, 0.00883825, 0.31334664, -0.08411647, -0.26766303, -0.20887296], [-0.2463485, 0.10241368, 0.38647493, -0.04463925, -0.29099948, -0.14012644], [-0.24637371, 0.09513683, 0.37040948, -0.0412471, -0.31113121, -0.12403577], [-0.26550604, 0.0951025, 0.37341275, -0.04365602, -0.31910156, -0.10790671], [-0.25550523, 0.08657493, 0.36587696, -0.05560411, -0.31980315, -0.11037174], [-0.24572639, 0.09810162, 0.37684362, -0.03608656, -0.32738932, -0.13111723], [-0.06769934, 0.04531755, -0.18915599, -0.26284682, 0.12774852, 0.25685534], [-0.04489161, 0.00103566, -0.23261613, -0.36206005, 0.05069863, 0.27750774], [-0.21515223, -0.13083258, 0.14706775, -0.32070153, -0.080466, 0.06808448], [-0.21235158, -0.11964288, 0.41396203, 0.00339566, -0.10284228, -0.20161045], [-0.01643404, -0.03596157, -0.26503347, -0.35843921, 0.00919106, 0.28146752], [-0.04297535, 0.00552434, -0.20469605, -0.34650112, 0.01250468, 0.2476714], [-0.15545206, -0.05047598, -0.01027795, -0.33051777, -0.04701206, 0.16573001], [-0.03000267, 0.02884007, 0.07669209, -0.06594327, 0.0146435, -0.04668942], [0.34322452, 0.10132726, -0.24860836, -0.3034331, -0.00339738, -0.09461617], [0.12672905, 0.03961413, -0.06518368, -0.12726735, -0.01651553, -0.06154537], [-0.03607242, 0.08059947, 0.05520531, -0.05408958, -0.0500798, -0.01913289], [-0.0148141, 0.00697984, 0.02847996, -0.02119755, 0.00344395, -0.01366586], [0.04086447, -0.01391165, -0.04623366, 0.00123135, 0.03439271, 0.00536919], [0.03752597, -0.01112067, -0.04883506, 0.01123585, 0.03640549, 0.01130909], [0.02662672, -0.01083263, -0.045705, 0.00822634, 0.04224701, 0.01907829], [0.0320476, -0.0147291, -0.04590219, -0.00092391, 0.04021244, 0.01385459], [0.03899061, -0.00821928, -0.04668322, 0.00513226, 0.03176085, 0.0076926], [0.00310415, 0.00766921, 0.03116614, 0.03631016, -0.00076993, -0.03427029], [-0.00278909, -0.00336003, 0.0355223, 0.04079379, -0.00470706, -0.03273322], [-0.00472851, -0.00530587, 0.03978645, 0.04038081, -0.00429994, -0.03505794], [-0.02189581, -0.00462849, 0.01472581, 0.0450153, 0.01618697, 0.00717]], "number of molecular orbitals": 96, "number of electrons": 100, "number of unpaired electrons": 0, "orbital energies/eV": [-29.1066725, -19.58544279, -19.06404863, -18.92179796, -18.64982188, -18.35082298, -18.02269357, -17.9429225, -17.82804404, -17.58384072, -17.18837722, -17.06404213, -17.03797561, -16.85669662, -16.47746143, -16.36866294, -16.10486368, -15.8667499, -15.78429303, -15.62336699, -15.28686339, -15.09936178, -14.86588483, -14.71430421, -14.58148186, -14.39487674, -14.25570406, -14.23971233, -14.09902017, -13.95123793, -13.84625108, -13.5218284, -13.42562527, -13.33932227, -13.31105063, -13.2841638, -13.23353092, -12.85301392, -12.57333624, -12.23202437, -12.07265819, -12.02278622, -11.93459148, -11.88267115, -11.81666337, -11.39918635, -11.36401752, -11.09815061, -11.0184411, -10.64803671, -7.97116076, -7.37643248, -7.00135604, -6.55140903, -6.29352049, -5.74072845, -4.080079, -3.6838137, -2.91689547, -0.73709012, -0.01645893, 0.1543483, 0.15557661, 0.51188823, 0.60483634, 1.30390112, 1.76446203, 1.99746314, 2.68684387, 2.78510604, 3.1507944, 3.31796989, 3.71150183, 3.89337363, 4.10813098, 4.16323697, 4.33085871, 4.5842744, 4.79204071, 5.33848473, 5.73358486, 7.19243252, 9.16243608, 9.55605921, 9.63472504, 10.07699933, 10.39994929, 10.92150984, 11.19878932, 11.69695547, 13.65270853, 14.44569445, 15.636533, 15.8360241, 16.59725813, 16.84221528], "fractional occupation": [2.0, 2.0, 2.0, 2.0, 2.0, 2.0, 2.0, 2.0, 2.0, 2.0, 2.0, 2.0, 2.0, 2.0, 2.0, 2.0, 2.0, 2.0, 2.0, 2.0, 2.0, 2.0, 2.0, 2.0, 2.0, 2.0, 2.0, 2.0, 2.0, 2.0, 2.0, 2.0, 2.0, 2.0, 2.0, 2.0, 2.0, 2.0, 2.0, 2.0, 2.0, 2.0, 2.0, 2.0, 2.0, 2.0, 2.0, 2.0, 2.0, 2.0, 0.0, 0.0, 0.0, 0.0, 0.0, 0.0, 0.0, 0.0, 0.0, 0.0, 0.0, 0.0, 0.0, 0.0, 0.0, 0.0, 0.0, 0.0, 0.0, 0.0, 0.0, 0.0, 0.0, 0.0, 0.0, 0.0, 0.0, 0.0, 0.0, 0.0, 0.0, 0.0, 0.0, 0.0, 0.0, 0.0, 0.0, 0.0, 0.0, 0.0, 0.0, 0.0, 0.0, 0.0, 0.0, 0.0], "program call": "xtb /home/svss/Project-DBcg-Debug/aqme2_20220329/End-to-End-workflows-final/example-3/QDESCP/mol_425_rdkit_conf_1/mol_425_rdkit_conf_1.xyz --pop --wbo --acc 0.2 --gfn 2 --chrg 0 --uhf 0 --etemp 300 --input /home/svss/Project-DBcg-Debug/aqme2_20220329/End-to-End-workflows-final/example-3/QDESCP/mol_425_rdkit_conf_1/mol_425_rdkit_conf_1_xtb.inp", "method": "GFN2-xTB", "xtb version": "6.3.3 (7355c4f)", "Dipole module/D": 4.776, "Total charge": 0, "Transition dipole module/D": NaN, "HOMO": -10.648, "LUMO": -7.9712, "HOMO occupancy": 2.0, "LUMO occupancy": 0, "mulliken charges": [-0.54679, 0.30903, -0.35291, 0.17432, -0.00283, -0.03348, -0.02416, -0.02299, -0.02468, -0.01764, -0.04668, -0.045, 0.10534, -0.10105, -0.04004, -0.05475, 0.13259, -0.31851, 0.45487, -0.52671, 0.35579, 0.04812, 0.02996, 0.03452, 0.03457, 0.03628, 0.0451, 0.04891, 0.04877, 0.04543, 0.25461], "cm5 charges": [-0.74197, 0.33955, -0.53611, 0.2567, -0.00475, -0.0855, -0.07942, -0.07825, -0.07984, -0.06782, -0.04292, -0.09325, 0.09806, -0.10313, -0.09163, -0.10176, 0.18949, -0.66014, 0.55521, -0.56786, 0.53339, 0.12872, 0.08758, 0.08984, 0.08988, 0.09163, 0.10461, 0.10761, 0.10519, 0.10426, 0.45265], "FUKUI+": [-0.026, 0.01, -0.102, -0.042, -0.012, -0.013, -0.014, -0.03, -0.016, -0.015, -0.028, -0.024, -0.017, -0.081, -0.04, -0.023, -0.019, -0.012, -0.01, -0.069, -0.017, -0.034, -0.023, -0.041, -0.048, -0.044, -0.029, -0.041, -0.057, -0.052, -0.031], "FUKUI-": [-0.054, 0.002, -0.081, -0.01, -0.013, -0.011, -0.015, -0.025, -0.018, -0.011, -0.018, -0.013, -0.017, -0.153, -0.015, -0.018, -0.013, -0.035, -0.01, -0.09, -0.024, -0.038, -0.023, -0.037, -0.042, -0.04, -0.024, -0.032, -0.042, -0.041, -0.036], "FUKUIrad": [-0.04, 0.006, -0.092, -0.026, -0.012, -0.012, -0.015, -0.027, -0.017, -0.013, -0.023, -0.019, -0.017, -0.117, -0.027, -0.021, -0.016, -0.023, -0.01, -0.079, -0.02, -0.036, -0.023, -0.039, -0.045, -0.042, -0.026, -0.036, -0.05, -0.047, -0.034], "s proportion": [1.702, 0.998, 1.562, 1.066, 1.085, 1.063, 1.061, 1.063, 1.062, 1.065, 1.089, 1.066, 1.076, 1.943, 1.063, 1.062, 1.042, 1.428, 1.02, 1.732, 0.644, 0.952, 0.97, 0.965, 0.965, 0.964, 0.955, 0.951, 0.951, 0.955, 0.745], "p proportion": [4.844, 2.693, 3.791, 2.76, 2.918, 2.97, 2.963, 2.96, 2.962, 2.952, 2.958, 2.979, 2.818, 5.169, 2.977, 2.993, 2.826, 3.891, 2.525, 4.794, 0.0, 0.0, 0.0, 0.0, 0.0, 0.0, 0.0, 0.0, 0.0, 0.0, 0.0], "d proportion": [0.0, 0.0, 0.0, 0.0, 0.0, 0.0, 0.0, 0.0, 0.0, 0.0, 0.0, 0.0, 0.0, -0.011, 0.0, 0.0, 0.0, 0.0, 0.0, 0.0, 0.0, 0.0, 0.0, 0.0, 0.0, 0.0, 0.0, 0.0, 0.0, 0.0, 0.0], "Fermi-level/eV": -9.3096, "Coordination numbers": [1.653, 3.679, 1.832, 2.903, 2.973, 2.913, 2.911, 2.912, 2.911, 2.915, 2.966, 2.952, 2.878, 0.967, 2.948, 2.92, 2.899, 2.692, 2.746, 0.858, 0.804, 0.924, 0.925, 0.925, 0.925, 0.925, 0.925, 0.925, 0.925, 0.925, 0.86], "Dispersion coefficient C6": [21.242, 18.063, 27.65, 25.747, 27.747, 28.697, 28.678, 28.618, 28.648, 28.556, 28.377, 28.94, 25.877, 104.198, 28.908, 29.227, 26.462, 24.38, 22.754, 21.7, 0.669, 2.387, 2.563, 2.464, 2.456, 2.419, 2.244, 2.125, 2.118, 2.253, 1.081], "Total dispersion C6": 15111.860619, "Total dispersion C8": 393716.665608, "Polarizability alpha": [6.222, 6.088, 7.792, 8.32, 8.64, 8.784, 8.781, 8.772, 8.777, 8.763, 8.738, 8.823, 8.339, 15.617, 8.818, 8.865, 8.434, 7.333, 7.811, 6.246, 1.285, 2.416, 2.504, 2.455, 2.451, 2.432, 2.343, 2.28, 2.276, 2.347, 1.629], "Total polarizability alpha": 194.380938, "Wiberg matrix": [[0.0, 1.0147179152322112, 0.0, 0.0, 0.0, 0.0, 0.0, 0.0, 0.0, 0.0, 0.0, 0.0, 0.0, 0.0, 0.0, 0.0, 0.0, 0.0, 0.0, 0.0, 0.882487507924657, 0.0, 0.0, 0.0, 0.0, 0.0, 0.0, 0.0, 0.0, 0.0, 0.0], [1.0147179152322112, 0.0, 0.9983784444159706, 0.0, 0.0, 0.0, 0.0, 0.0, 0.0, 0.0, 0.0, 0.0, 0.0, 0.0, 0.0, 0.0, 0.0, 0.0, 0.9061059924541627, 0.0, 0.0, 0.9377421010677918, 0.0, 0.0, 0.0, 0.0, 0.0, 0.0, 0.0, 0.0, 0.0], [0.0, 0.9983784444159706, 0.0, 1.7702406656552805, 0.0, 0.0, 0.0, 0.0, 0.0, 0.0, 0.0, 0.0, 0.0, 0.0, 0.0, 0.0, 0.0, 0.0, 0.0, 0.0, 0.0, 0.0, 0.0, 0.0, 0.0, 0.0, 0.0, 0.0, 0.0, 0.0, 0.0], [0.0, 0.0, 1.7702406656552805, 0.0, 1.0248625448461033, 0.0, 0.0, 0.0, 0.0, 0.0, 1.025081749945325, 0.0, 0.0, 0.0, 0.0, 0.0, 0.0, 0.0, 0.0, 0.0, 0.0, 0.0, 0.0, 0.0, 0.0, 0.0, 0.0, 0.0, 0.0, 0.0, 0.0], [0.0, 0.0, 0.0, 1.0248625448461033, 0.0, 1.3901383975083668, 0.0, 0.10252188426017907, 0.0, 1.3870186166325151, 0.0, 0.0, 0.0, 0.0, 0.0, 0.0, 0.0, 0.0, 0.0, 0.0, 0.0, 0.0, 0.0, 0.0, 0.0, 0.0, 0.0, 0.0, 0.0, 0.0, 0.0], [0.0, 0.0, 0.0, 0.0, 1.3901383975083668, 0.0, 1.447011921840254, 0.0, 0.10906294624454825, 0.0, 0.0, 0.0, 0.0, 0.0, 0.0, 0.0, 0.0, 0.0, 0.0, 0.0, 0.0, 0.0, 0.9699868530265832, 0.0, 0.0, 0.0, 0.0, 0.0, 0.0, 0.0, 0.0], [0.0, 0.0, 0.0, 0.0, 0.0, 1.447011921840254, 0.0, 1.4352541538570116, 0.0, 0.10967010510932176, 0.0, 0.0, 0.0, 0.0, 0.0, 0.0, 0.0, 0.0, 0.0, 0.0, 0.0, 0.0, 0.0, 0.9704509508421777, 0.0, 0.0, 0.0, 0.0, 0.0, 0.0, 0.0], [0.0, 0.0, 0.0, 0.0, 0.10252188426017907, 0.0, 1.4352541538570116, 0.0, 1.4349356912138895, 0.0, 0.0, 0.0, 0.0, 0.0, 0.0, 0.0, 0.0, 0.0, 0.0, 0.0, 0.0, 0.0, 0.0, 0.0, 0.9708022414920273, 0.0, 0.0, 0.0, 0.0, 0.0, 0.0], [0.0, 0.0, 0.0, 0.0, 0.0, 0.10906294624454825, 0.0, 1.4349356912138895, 0.0, 1.4484719488553968, 0.0, 0.0, 0.0, 0.0, 0.0, 0.0, 0.0, 0.0, 0.0, 0.0, 0.0, 0.0, 0.0, 0.0, 0.0, 0.9698878793043693, 0.0, 0.0, 0.0, 0.0, 0.0], [0.0, 0.0, 0.0, 0.0, 1.3870186166325151, 0.0, 0.10967010510932176, 0.0, 1.4484719488553968, 0.0, 0.0, 0.0, 0.0, 0.0, 0.0, 0.0, 0.0, 0.0, 0.0, 0.0, 0.0, 0.0, 0.0, 0.0, 0.0, 0.0, 0.9673282018615872, 0.0, 0.0, 0.0, 0.0], [0.0, 0.0, 0.0, 1.025081749945325, 0.0, 0.0, 0.0, 0.0, 0.0, 0.0, 0.0, 1.3844926267544644, 0.0, 0.0, 0.0, 0.0, 1.322341642019586, 0.0, 0.0, 0.0, 0.0, 0.0, 0.0, 0.0, 0.0, 0.0, 0.0, 0.0, 0.0, 0.0, 0.0], [0.0, 0.0, 0.0, 0.0, 0.0, 0.0, 0.0, 0.0, 0.0, 0.0, 1.3844926267544644, 0.0, 1.4142158466906678, 0.0, 0.0, 0.10752433476429611, 0.0, 0.0, 0.0, 0.0, 0.0, 0.0, 0.0, 0.0, 0.0, 0.0, 0.0, 0.9648265465937825, 0.0, 0.0, 0.0], [0.0, 0.0, 0.0, 0.0, 0.0, 0.0, 0.0, 0.0, 0.0, 0.0, 0.0, 1.4142158466906678, 0.0, 0.9854421920301628, 1.3809963390942244, 0.0, 0.0, 0.0, 0.0, 0.0, 0.0, 0.0, 0.0, 0.0, 0.0, 0.0, 0.0, 0.0, 0.0, 0.0, 0.0], [0.0, 0.0, 0.0, 0.0, 0.0, 0.0, 0.0, 0.0, 0.0, 0.0, 0.0, 0.0, 0.9854421920301628, 0.0, 0.0, 0.0, 0.0, 0.0, 0.0, 0.0, 0.0, 0.0, 0.0, 0.0, 0.0, 0.0, 0.0, 0.0, 0.0, 0.0, 0.0], [0.0, 0.0, 0.0, 0.0, 0.0, 0.0, 0.0, 0.0, 0.0, 0.0, 0.0, 0.0, 1.3809963390942244, 0.0, 0.0, 1.4591166494626346, 0.0, 0.0, 0.0, 0.0, 0.0, 0.0, 0.0, 0.0, 0.0, 0.0, 0.0, 0.0, 0.9663391972898786, 0.0, 0.0], [0.0, 0.0, 0.0, 0.0, 0.0, 0.0, 0.0, 0.0, 0.0, 0.0, 0.0, 0.10752433476429611, 0.0, 0.0, 1.4591166494626346, 0.0, 1.3589291457194657, 0.0, 0.0, 0.0, 0.0, 0.0, 0.0, 0.0, 0.0, 0.0, 0.0, 0.0, 0.0, 0.965093694880097, 0.0], [0.0, 0.0, 0.0, 0.0, 0.0, 0.0, 0.0, 0.0, 0.0, 0.0, 1.322341642019586, 0.0, 0.0, 0.0, 0.0, 1.3589291457194657, 0.0, 1.092126232830923, 0.0, 0.0, 0.0, 0.0, 0.0, 0.0, 0.0, 0.0, 0.0, 0.0, 0.0, 0.0, 0.0], [0.0, 0.0, 0.0, 0.0, 0.0, 0.0, 0.0, 0.0, 0.0, 0.0, 0.0, 0.0, 0.0, 0.0, 0.0, 0.0, 1.092126232830923, 0.0, 1.1915175600860934, 0.16055731768766662, 0.0, 0.0, 0.0, 0.0, 0.0, 0.0, 0.0, 0.0, 0.0, 0.0, 0.9204334631139857], [0.0, 0.9061059924541627, 0.0, 0.0, 0.0, 0.0, 0.0, 0.0, 0.0, 0.0, 0.0, 0.0, 0.0, 0.0, 0.0, 0.0, 0.0, 1.1915175600860934, 0.0, 1.720434665384279, 0.0, 0.0, 0.0, 0.0, 0.0, 0.0, 0.0, 0.0, 0.0, 0.0, 0.0], [0.0, 0.0, 0.0, 0.0, 0.0, 0.0, 0.0, 0.0, 0.0, 0.0, 0.0, 0.0, 0.0, 0.0, 0.0, 0.0, 0.0, 0.16055731768766662, 1.720434665384279, 0.0, 0.0, 0.0, 0.0, 0.0, 0.0, 0.0, 0.0, 0.0, 0.0, 0.0, 0.0], [0.882487507924657, 0.0, 0.0, 0.0, 0.0, 0.0, 0.0, 0.0, 0.0, 0.0, 0.0, 0.0, 0.0, 0.0, 0.0, 0.0, 0.0, 0.0, 0.0, 0.0, 0.0, 0.0, 0.0, 0.0, 0.0, 0.0, 0.0, 0.0, 0.0, 0.0, 0.0], [0.0, 0.9377421010677918, 0.0, 0.0, 0.0, 0.0, 0.0, 0.0, 0.0, 0.0, 0.0, 0.0, 0.0, 0.0, 0.0, 0.0, 0.0, 0.0, 0.0, 0.0, 0.0, 0.0, 0.0, 0.0, 0.0, 0.0, 0.0, 0.0, 0.0, 0.0, 0.0], [0.0, 0.0, 0.0, 0.0, 0.0, 0.9699868530265832, 0.0, 0.0, 0.0, 0.0, 0.0, 0.0, 0.0, 0.0, 0.0, 0.0, 0.0, 0.0, 0.0, 0.0, 0.0, 0.0, 0.0, 0.0, 0.0, 0.0, 0.0, 0.0, 0.0, 0.0, 0.0], [0.0, 0.0, 0.0, 0.0, 0.0, 0.0, 0.9704509508421777, 0.0, 0.0, 0.0, 0.0, 0.0, 0.0, 0.0, 0.0, 0.0, 0.0, 0.0, 0.0, 0.0, 0.0, 0.0, 0.0, 0.0, 0.0, 0.0, 0.0, 0.0, 0.0, 0.0, 0.0], [0.0, 0.0, 0.0, 0.0, 0.0, 0.0, 0.0, 0.9708022414920273, 0.0, 0.0, 0.0, 0.0, 0.0, 0.0, 0.0, 0.0, 0.0, 0.0, 0.0, 0.0, 0.0, 0.0, 0.0, 0.0, 0.0, 0.0, 0.0, 0.0, 0.0, 0.0, 0.0], [0.0, 0.0, 0.0, 0.0, 0.0, 0.0, 0.0, 0.0, 0.9698878793043693, 0.0, 0.0, 0.0, 0.0, 0.0, 0.0, 0.0, 0.0, 0.0, 0.0, 0.0, 0.0, 0.0, 0.0, 0.0, 0.0, 0.0, 0.0, 0.0, 0.0, 0.0, 0.0], [0.0, 0.0, 0.0, 0.0, 0.0, 0.0, 0.0, 0.0, 0.0, 0.9673282018615872, 0.0, 0.0, 0.0, 0.0, 0.0, 0.0, 0.0, 0.0, 0.0, 0.0, 0.0, 0.0, 0.0, 0.0, 0.0, 0.0, 0.0, 0.0, 0.0, 0.0, 0.0], [0.0, 0.0, 0.0, 0.0, 0.0, 0.0, 0.0, 0.0, 0.0, 0.0, 0.0, 0.9648265465937825, 0.0, 0.0, 0.0, 0.0, 0.0, 0.0, 0.0, 0.0, 0.0, 0.0, 0.0, 0.0, 0.0, 0.0, 0.0, 0.0, 0.0, 0.0, 0.0], [0.0, 0.0, 0.0, 0.0, 0.0, 0.0, 0.0, 0.0, 0.0, 0.0, 0.0, 0.0, 0.0, 0.0, 0.9663391972898786, 0.0, 0.0, 0.0, 0.0, 0.0, 0.0, 0.0, 0.0, 0.0, 0.0, 0.0, 0.0, 0.0, 0.0, 0.0, 0.0], [0.0, 0.0, 0.0, 0.0, 0.0, 0.0, 0.0, 0.0, 0.0, 0.0, 0.0, 0.0, 0.0, 0.0, 0.0, 0.965093694880097, 0.0, 0.0, 0.0, 0.0, 0.0, 0.0, 0.0, 0.0, 0.0, 0.0, 0.0, 0.0, 0.0, 0.0, 0.0], [0.0, 0.0, 0.0, 0.0, 0.0, 0.0, 0.0, 0.0, 0.0, 0.0, 0.0, 0.0, 0.0, 0.0, 0.0, 0.0, 0.0, 0.9204334631139857, 0.0, 0.0, 0.0, 0.0, 0.0, 0.0, 0.0, 0.0, 0.0, 0.0, 0.0, 0.0, 0.0]], "Born radii": [], "Atomic SASAs": [], "Solvent H bonds": [], "Total SASA": NaN, "Total FOD": 0.0, "FOD": [0.0, 0.0, 0.0, 0.0, 0.0, 0.0, 0.0, 0.0, 0.0, 0.0, 0.0, 0.0, 0.0, 0.0, 0.0, 0.0, 0.0, 0.0, 0.0, 0.0, 0.0, 0.0, 0.0, 0.0, 0.0, 0.0, 0.0, 0.0, 0.0, 0.0, 0.0], "FOD s proportion": [0.0, 0.0, 0.0, 0.0, 0.0, 0.0, 0.0, 0.0, 0.0, 0.0, 0.0, 0.0, 0.0, 0.0, 0.0, 0.0, 0.0, 0.0, 0.0, 0.0, 0.0, 0.0, 0.0, 0.0, 0.0, 0.0, 0.0, 0.0, 0.0, 0.0, 0.0], "FOD p proportion": [0.0, 0.0, 0.0, 0.0, 0.0, 0.0, 0.0, 0.0, 0.0, 0.0, 0.0, 0.0, 0.0, 0.0, 0.0, 0.0, 0.0, 0.0, 0.0, 0.0, 0.0, 0.0, 0.0, 0.0, 0.0, 0.0, 0.0, 0.0, 0.0, 0.0, 0.0], "FOD d proportion": [0.0, 0.0, 0.0, 0.0, 0.0, 0.0, 0.0, 0.0, 0.0, 0.0, 0.0, 0.0, 0.0, 0.0, 0.0, 0.0, 0.0, 0.0, 0.0, 0.0, 0.0, 0.0, 0.0, 0.0, 0.0, 0.0, 0.0, 0.0, 0.0, 0.0, 0.0], "coordinates": [["-1.47380", "3.18830", "2.17450"], ["-1.42120", "2.04990", "1.33060"], ["-0.05580", "1.64940", "1.03670"], ["0.16130", "0.51010", "0.47220"], ["1.59210", "0.16300", "0.19380"], ["1.96820", "-0.46410", "-1.00090"], ["3.31020", "-0.77340", "-1.23190"], ["4.27690", "-0.44860", "-0.28000"], ["3.90770", "0.19360", "0.90170"], ["2.56800", "0.50480", "1.13750"], ["-0.89850", "-0.46580", "0.06760"], ["-0.66160", "-1.83170", "0.29580"], ["-1.53480", "-2.78660", "-0.21860"], ["-1.22800", "-4.45710", "0.04820"], ["-2.64090", "-2.39820", "-0.96770"], ["-2.89620", "-1.04080", "-1.17530"], ["-2.05450", "-0.06480", "-0.62490"], ["-2.43340", "1.27010", "-0.82490"], ["-2.14170", "2.33990", "-0.01400"], ["-2.51530", "3.46580", "-0.35170"], ["-0.98470", "3.86600", "1.67610"], ["-1.96780", "1.26390", "1.86410"], ["1.23510", "-0.70140", "-1.76670"], ["3.60490", "-1.25950", "-2.15880"], ["5.32200", "-0.68610", "-0.46390"], ["4.66320", "0.45850", "1.63720"], ["2.28770", "1.01430", "2.05710"], ["0.21230", "-2.15590", "0.85730"], ["-3.31580", "-3.14400", "-1.38150"], ["-3.78250", "-0.75750", "-1.73990"], ["-3.10310", "1.49800", "-1.54990"]], "bond_dist": [[0.0, 1.418058013622856, 2.38191646578968, 3.5698925109868505, 4.740818008529752, 5.938901827779274, 7.084157243455286, 7.233405999250976, 6.288782885423855, 4.9611176654056495, 4.25704645382218, 5.421215964154166, 6.436620123947039, 7.939377210461787, 6.51494631597222, 5.579396796249573, 4.330878947742595, 3.6873735585101763, 2.440369894093926, 2.746527797055766, 0.9730871800614785, 2.010895203634441, 6.164492090999874, 8.022070020886131, 8.25560582634612, 6.738194738206963, 4.34614093305774, 5.756598187297772, 7.492404373096797, 6.018468300988218, 4.402600134011719], [1.418058013622856, 0.0, 1.4529606395219383, 2.368995747146879, 3.732650899829771, 4.821215677606635, 6.076477194888499, 6.426887132975031, 5.659238474388581, 4.282328602524566, 2.8630631812797986, 4.088351961365362, 5.079828525649266, 6.634977392576405, 5.153197511254542, 4.243534646965899, 2.9490685359957305, 2.5057567978556894, 1.5527940655476502, 2.456005071248836, 1.8995056488465623, 1.0959880519421734, 4.921264946129196, 6.956272128805773, 7.4951099051314785, 6.296545154288976, 3.9186998889937974, 4.536638489013645, 6.158051053701975, 4.783848105866239, 3.3809261260784744], [2.38191646578968, 1.4529606395219383, 0.0, 1.28988261093791, 2.3739081237486843, 3.5658480071365912, 4.7272044381431195, 4.990750662976462, 4.224560437489326, 2.8643666385433275, 2.4745442287419315, 3.610260885310091, 4.841623187527092, 6.296072374107527, 5.204174010349769, 4.494217640479819, 3.1135506885226714, 3.0434199200898973, 2.4355162799702246, 3.357991031852229, 2.4869666523699108, 2.1187130551351214, 3.8796565582535782, 5.663359775786808, 6.052032175228416, 4.903856039893504, 2.6337350701997346, 3.8189488161011007, 6.281080703191131, 5.233638128491499, 3.999932350677946], [3.5698925109868505, 2.368995747146879, 1.28988261093791, 0.0, 1.4983903396645348, 2.5266532924008387, 3.8035378623066185, 4.292210839415977, 3.7841981264199163, 2.496969577307661, 1.496415052717661, 2.4884349720255905, 3.7712319923335396, 5.1752300750787885, 4.287638713791076, 3.8036631436024932, 2.5384853869975297, 2.9987558253382347, 2.981336525788392, 4.071751620617348, 3.7449640879453034, 2.6530485973686955, 2.7628702285847595, 4.681028318649654, 5.37959126142498, 4.650482896431294, 2.6995745238833475, 2.6941527443706677, 5.373906857212916, 4.696142524455578, 3.9649895561022603], [4.740818008529752, 3.732650899829771, 2.3739081237486843, 1.4983903396645348, 0.0, 1.4007189975152046, 2.42101901272997, 2.794045819237759, 2.421582567248121, 1.3999206191781017, 2.571848409218553, 3.011377721243219, 4.318300305675834, 5.4147472129361685, 5.082038635232911, 4.84442010358309, 3.744309561187483, 4.297449284168459, 4.3270471328609315, 5.298753895964598, 4.74861248471593, 4.083475347054271, 2.172141019823529, 3.4072858480027763, 3.88145515367626, 3.4062265074419225, 2.1634366041093047, 2.7787366733823484, 6.124157207322489, 5.785571804065697, 5.183398280086144], [5.938901827779274, 4.821215677606635, 3.5658480071365912, 2.5266532924008387, 1.4007189975152046, 0.0, 1.3964209573047808, 2.418684094709353, 2.7953740894556494, 2.423072803280991, 3.05935680004801, 3.2353684009707453, 4.275161814481412, 5.221144917544427, 4.99856457995693, 4.901569708776975, 4.059917706062526, 4.734185061866509, 5.072244633295992, 5.997278291025021, 5.885211416763207, 5.1658789184416625, 1.0863685102210943, 2.156891388086104, 3.4037666547517618, 3.8824975685761864, 3.411614106255278, 3.065661313648329, 5.936950089903064, 5.805407397418376, 5.465283258898847], [7.084157243455286, 6.076477194888499, 4.7272044381431195, 3.8035378623066185, 2.42101901272997, 1.3964209573047808, 0.0, 1.395033168064473, 2.417507851073084, 2.7926174890235145, 4.415481140260934, 4.385095371824882, 5.34357334842519, 5.983607686003486, 6.174574308403779, 6.212415575281487, 5.445233608395511, 6.109867609858662, 6.395242834326153, 7.258238004502195, 6.958926811657096, 6.449270601393619, 2.144116379770464, 1.0873292555615341, 2.1551762178531946, 3.4029283595162565, 3.880579665462365, 3.9840993085012326, 7.038891995193561, 7.11088673092182, 6.811079125219439], [7.233405999250976, 6.426887132975031, 4.990750662976462, 4.292210839415977, 2.794045819237759, 2.418684094709353, 1.395033168064473, 0.0, 1.3946843262903617, 2.4163230371785973, 5.187088466567734, 5.16074544034096, 6.264652492357418, 6.817603061193868, 7.220098911372337, 7.252973634310274, 6.352392022695073, 6.948307116845081, 7.003207423031251, 7.839748024649772, 7.08000952894839, 6.821004262570138, 3.39510411769654, 2.1538412778104146, 1.0874095226730356, 2.1558557326500307, 3.399857270533574, 4.552943854255179, 8.131886417062157, 8.196380639038185, 7.737331424334879], [6.288782885423855, 5.659238474388581, 4.224560437489326, 3.7841981264199163, 2.421582567248121, 2.7953740894556494, 2.417507851073084, 1.3946843262903617, 0.0, 1.3954365517643577, 4.922406891958446, 5.0346258440920915, 6.30535251829745, 6.980894443407664, 7.286717063259696, 7.220161187258911, 6.159959980389483, 6.65954570672805, 6.483853062801471, 7.316640854927895, 6.166181547765197, 6.049235993082102, 3.8812593729355425, 3.401447882887521, 2.1538291343558336, 1.0871579967971534, 2.1524166998980476, 4.379281079127029, 8.278377150746394, 8.186685398254902, 7.540763791553213], [4.9611176654056495, 4.282328602524566, 2.8643666385433275, 2.496969577307661, 1.3999206191781017, 2.423072803280991, 2.7926174890235145, 2.4163230371785973, 1.3954365517643577, 0.0, 3.7554457285387577, 4.074065205663748, 5.431877116614476, 6.341659254485375, 6.323916132429335, 6.131509181270138, 4.979759449009561, 5.426849897500391, 5.184092818420596, 6.068375114476692, 4.92030819055067, 4.655927620786217, 3.4155407317143793, 3.879885280520546, 3.401064652428707, 2.154462072072748, 1.0880360747695823, 3.5647102294576483, 7.367374354544501, 7.085314551944748, 6.353734351544767], [4.25704645382218, 2.8630631812797986, 2.4745442287419315, 1.496415052717661, 2.571848409218553, 3.05935680004801, 4.415481140260934, 5.187088466567734, 4.922406891958446, 3.7554457285387577, 0.0, 1.4049482766280046, 2.423406851933864, 4.0049247558474805, 2.8003524081800846, 2.422030284699182, 1.4059492345031523, 2.48310754297916, 3.069879035076138, 4.271689746458654, 4.621600797342842, 2.71342529471515, 2.82354614093696, 5.086003166534602, 6.247050871411246, 5.852391095953858, 4.037409652239911, 2.1711611501682686, 3.887928155200402, 3.416079791222682, 3.36646370097763], [5.421215964154166, 4.088351961365362, 3.610260885310091, 2.4884349720255905, 3.011377721243219, 3.2353684009707453, 4.385095371824882, 5.16074544034096, 5.0346258440920915, 4.074065205663748, 1.4049482766280046, 0.0, 1.3924509362990136, 2.697191109283878, 2.415570944932067, 2.789819918919499, 2.4310068922156516, 3.743849218384736, 4.43721969368207, 5.649687264796167, 5.871405878492817, 3.7078919469153897, 3.0214160967996446, 4.9553502651174925, 6.139463527866258, 5.949610494813925, 4.460971214881352, 1.0881585821928712, 3.402975788923571, 3.8778856275037303, 4.522657717537333], [6.436620123947039, 5.079828525649266, 4.841623187527092, 3.7712319923335396, 4.318300305675834, 4.275161814481412, 5.34357334842519, 6.264652492357418, 6.30535251829745, 5.431877116614476, 2.423406851933864, 1.3924509362990136, 0.0, 1.7192669164501477, 1.3912090353358118, 2.4117426251571703, 2.8006004748981956, 4.199035191564843, 5.166351809546075, 6.330213394507329, 6.9389901902222055, 4.575115139534741, 3.7969749353926474, 5.702010745342383, 7.175512426300996, 7.238084805388785, 5.851252647937875, 2.146555778450679, 2.156857011950491, 3.3887690670802577, 4.752864582543879], [7.939377210461787, 6.634977392576405, 6.296072374107527, 5.1752300750787885, 5.4147472129361685, 5.221144917544427, 5.983607686003486, 6.817603061193868, 6.980894443407664, 6.341659254485375, 4.0049247558474805, 2.697191109283878, 1.7192669164501477, 0.0, 2.695813129651237, 3.993863941097643, 4.519785962852666, 5.917441390499782, 6.858420046191397, 8.036753430957054, 8.484294131511472, 6.047696904607571, 4.844172386486673, 6.201001303821827, 7.575301143188962, 7.835450325284437, 6.80676455153254, 2.832777495674519, 2.850821379883348, 4.838368735431396, 6.444620984200699], [6.51494631597222, 5.153197511254542, 5.204174010349769, 4.287638713791076, 5.082038635232911, 4.99856457995693, 6.174574308403779, 7.220098911372337, 7.286717063259696, 6.323916132429335, 2.8003524081800846, 2.415570944932067, 1.3912090353358118, 2.695813129651237, 0.0, 1.3967142191586654, 2.4302535587876424, 3.6769379896865275, 4.858841007894784, 5.897603526857329, 6.998062483287786, 4.677940920960846, 4.305915377710064, 6.459518135279132, 8.16044589835629, 8.264146399356681, 6.714586305201535, 3.395597816290969, 1.0876295738899344, 2.142764543761167, 3.9664795625340115], [5.579396796249573, 4.243534646965899, 4.494217640479819, 3.8036631436024932, 4.84442010358309, 4.901569708776975, 6.212415575281487, 7.252973634310274, 7.220161187258911, 6.131509181270138, 2.422030284699182, 2.789819918919499, 2.4117426251571703, 3.993863941097643, 1.3967142191586654, 0.0, 1.4014189416445033, 2.382692344806606, 3.6533574188682936, 4.597047457879895, 5.98840550146698, 3.925751012226833, 4.187193094424951, 6.578708319267545, 8.256555776472414, 8.2038152770525, 6.445515105870127, 3.877845151627383, 2.15453773232218, 1.0883748159526665, 2.574614186630688], [4.330878947742595, 2.9490685359957305, 3.1135506885226714, 2.5384853869975297, 3.744309561187483, 4.059917706062526, 5.445233608395511, 6.352392022695073, 6.159959980389483, 4.979759449009561, 1.4059492345031523, 2.4310068922156516, 2.8006004748981956, 4.519785962852666, 2.4302535587876424, 1.4014189416445033, 0.0, 1.4019711908594983, 2.4826165108610714, 3.571009834766631, 4.678702991214553, 2.822779052635895, 3.539835442502942, 5.984059296163433, 7.404369449183367, 7.107631995960398, 5.216539240722723, 3.4216952362827406, 3.412446906546679, 2.170032785466616, 2.097029041286744], [3.6873735585101763, 2.5057567978556894, 3.0434199200898973, 2.9987558253382347, 4.297449284168459, 4.734185061866509, 6.109867609858662, 6.948307116845081, 6.65954570672805, 5.426849897500391, 2.48310754297916, 3.743849218384736, 4.199035191564843, 5.917441390499782, 3.6769379896865275, 2.382692344806606, 1.4019711908594983, 0.0, 1.3737247686490914, 2.24760413329394, 3.8848976176985666, 2.7290186514569665, 4.269858515220381, 6.681259780909586, 8.006451685984247, 7.555287058080586, 5.537160179189329, 4.6440285668802685, 4.535715172935797, 2.6016259473644556, 1.0129469383931224], [2.440369894093926, 1.5527940655476502, 2.4355162799702246, 2.981336525788392, 4.3270471328609315, 5.072244633295992, 6.395242834326153, 7.003207423031251, 6.483853062801471, 5.184092818420596, 3.069879035076138, 4.43721969368207, 5.166351809546075, 6.858420046191397, 4.858841007894784, 3.6533574188682936, 2.4826165108610714, 1.3737247686490914, 0.0, 1.2333973650044823, 2.554225561691841, 2.1714688162623936, 4.870753660369204, 7.111909656344069, 8.066343886792826, 7.250709717675918, 5.066187415601598, 5.149048196511663, 5.772497403204267, 3.907024726054341, 1.9980176125349847], [2.746527797055766, 2.456005071248836, 3.357991031852229, 4.071751620617348, 5.298753895964598, 5.997278291025021, 7.258238004502195, 7.839748024649772, 7.316640854927895, 6.068375114476692, 4.271689746458654, 5.649687264796167, 6.330213394507329, 8.036753430957054, 5.897603526857329, 4.597047457879895, 3.571009834766631, 2.24760413329394, 1.2333973650044823, 0.0, 2.571938809536494, 3.1714175852448068, 5.782151935049788, 7.940460851864961, 8.869844065145678, 8.03308401238279, 5.9060120800756915, 6.36435335678339, 6.737265345078818, 4.622678657445269, 2.3776940341431656], [0.9730871800614785, 1.8995056488465623, 2.4869666523699108, 3.7449640879453034, 4.74861248471593, 5.885211416763207, 6.958926811657096, 7.08000952894839, 6.166181547765197, 4.92030819055067, 4.621600797342842, 5.871405878492817, 6.9389901902222055, 8.484294131511472, 6.998062483287786, 5.98840550146698, 4.678702991214553, 3.8848976176985666, 2.554225561691841, 2.571938809536494, 0.0, 2.787965928773162, 6.135269076413846, 7.876651345590968, 8.066949813901163, 6.596312899643254, 4.357287648296817, 6.194071524449811, 7.99518886393561, 6.393238075498205, 4.527926518838396], [2.010895203634441, 1.0959880519421734, 2.1187130551351214, 2.6530485973686955, 4.083475347054271, 5.1658789184416625, 6.449270601393619, 6.821004262570138, 6.049235993082102, 4.655927620786217, 2.71342529471515, 3.7078919469153897, 4.575115139534741, 6.047696904607571, 4.677940920960846, 3.925751012226833, 2.822779052635895, 2.7290186514569665, 2.1714688162623936, 3.1714175852448068, 2.787965928773162, 0.0, 5.225292445404372, 7.321629412910763, 7.89704172712795, 6.683585397823537, 4.267180498877449, 4.178697678703258, 5.637429003544081, 4.513093179849049, 3.6054271452908324], [6.164492090999874, 4.921264946129196, 3.8796565582535782, 2.7628702285847595, 2.172141019823529, 1.0863685102210943, 2.144116379770464, 3.39510411769654, 3.8812593729355425, 3.4155407317143793, 2.82354614093696, 3.0214160967996446, 3.7969749353926474, 4.844172386486673, 4.305915377710064, 4.187193094424951, 3.539835442502942, 4.269858515220381, 4.870753660369204, 5.782151935049788, 6.135269076413846, 5.225292445404372, 0.0, 2.466002850768831, 4.289554002457598, 4.96827664588034, 4.321231270135863, 3.1697107265490327, 5.179320863781274, 5.0179851743503585, 4.868710490468704], [8.022070020886131, 6.956272128805773, 5.663359775786808, 4.681028318649654, 3.4072858480027763, 2.156891388086104, 1.0873292555615341, 2.1538412778104146, 3.401447882887521, 3.879885280520546, 5.086003166534602, 4.9553502651174925, 5.702010745342383, 6.201001303821827, 6.459518135279132, 6.578708319267545, 5.984059296163433, 6.681259780909586, 7.111909656344069, 7.940460851864961, 7.876651345590968, 7.321629412910763, 2.466002850768831, 0.0, 2.4799003971934033, 4.298969514895401, 4.967795797936947, 4.627107836435196, 7.214681145414536, 7.41627669184477, 7.278174871490792], [8.25560582634612, 7.4951099051314785, 6.052032175228416, 5.37959126142498, 3.88145515367626, 3.4037666547517618, 2.1551762178531946, 1.0874095226730356, 2.1538291343558336, 3.401064652428707, 6.247050871411246, 6.139463527866258, 7.175512426300996, 7.575301143188962, 8.16044589835629, 8.256555776472414, 7.404369449183367, 8.006451685984247, 8.066343886792826, 8.869844065145678, 8.066949813901163, 7.89704172712795, 4.289554002457598, 2.4799003971934033, 0.0, 2.4816824555127917, 4.29578603401054, 5.478587004876349, 9.027449861948833, 9.193758437657582, 8.771088804703782], [6.738194738206963, 6.296545154288976, 4.903856039893504, 4.650482896431294, 3.4062265074419225, 3.8824975685761864, 3.4029283595162565, 2.1558557326500307, 1.0871579967971534, 2.154462072072748, 5.852391095953858, 5.949610494813925, 7.238084805388785, 7.835450325284437, 8.264146399356681, 8.2038152770525, 7.107631995960398, 7.555287058080586, 7.250709717675918, 8.03308401238279, 6.596312899643254, 6.683585397823537, 4.96827664588034, 4.298969514895401, 2.4816824555127917, 0.0, 2.47552618649046, 5.220521255583584, 9.260399394194614, 9.176780966112245, 8.45893506004154], [4.34614093305774, 3.9186998889937974, 2.6337350701997346, 2.6995745238833475, 2.1634366041093047, 3.411614106255278, 3.880579665462365, 3.399857270533574, 2.1524166998980476, 1.0880360747695823, 4.037409652239911, 4.460971214881352, 5.851252647937875, 6.80676455153254, 6.714586305201535, 6.445515105870127, 5.216539240722723, 5.537160179189329, 5.066187415601598, 5.9060120800756915, 4.357287648296817, 4.267180498877449, 4.321231270135863, 4.967795797936947, 4.29578603401054, 2.47552618649046, 0.0, 3.974540632576298, 7.779115701672009, 7.375893998696022, 6.504240103962953], [5.756598187297772, 4.536638489013645, 3.8189488161011007, 2.6941527443706677, 2.7787366733823484, 3.065661313648329, 3.9840993085012326, 4.552943854255179, 4.379281079127029, 3.5647102294576483, 2.1711611501682686, 1.0881585821928712, 2.146555778450679, 2.832777495674519, 3.395597816290969, 3.877845151627383, 3.4216952362827406, 4.6440285668802685, 5.149048196511663, 6.36435335678339, 6.194071524449811, 4.178697678703258, 3.1697107265490327, 4.627107836435196, 5.478587004876349, 5.220521255583584, 3.974540632576298, 0.0, 4.293722937032617, 4.965822936835345, 5.48976085180402], [7.492404373096797, 6.158051053701975, 6.281080703191131, 5.373906857212916, 6.124157207322489, 5.936950089903064, 7.038891995193561, 8.131886417062157, 8.278377150746394, 7.367374354544501, 3.887928155200402, 3.402975788923571, 2.156857011950491, 2.850821379883348, 1.0876295738899344, 2.15453773232218, 3.412446906546679, 4.535715172935797, 5.772497403204267, 6.737265345078818, 7.99518886393561, 5.637429003544081, 5.179320863781274, 7.214681145414536, 9.027449861948833, 9.260399394194614, 7.779115701672009, 4.293722937032617, 0.0, 2.457975121924549, 4.649920843412284], [6.018468300988218, 4.783848105866239, 5.233638128491499, 4.696142524455578, 5.785571804065697, 5.805407397418376, 7.11088673092182, 8.196380639038185, 8.186685398254902, 7.085314551944748, 3.416079791222682, 3.8778856275037303, 3.3887690670802577, 4.838368735431396, 2.142764543761167, 1.0883748159526665, 2.170032785466616, 2.6016259473644556, 3.907024726054341, 4.622678657445269, 6.393238075498205, 4.513093179849049, 5.0179851743503585, 7.41627669184477, 9.193758437657582, 9.176780966112245, 7.375893998696022, 4.965822936835345, 2.457975121924549, 0.0, 2.363252972070489], [4.402600134011719, 3.3809261260784744, 3.999932350677946, 3.9649895561022603, 5.183398280086144, 5.465283258898847, 6.811079125219439, 7.737331424334879, 7.540763791553213, 6.353734351544767, 3.36646370097763, 4.522657717537333, 4.752864582543879, 6.444620984200699, 3.9664795625340115, 2.574614186630688, 2.097029041286744, 1.0129469383931224, 1.9980176125349847, 2.3776940341431656, 4.527926518838396, 3.6054271452908324, 4.868710490468704, 7.278174871490792, 8.771088804703782, 8.45893506004154, 6.504240103962953, 5.48976085180402, 4.649920843412284, 2.363252972070489, 0.0]]}