{"total energy": -30.38100275, "HOMO-LUMO gap/eV": 11.99116391, "electronic energy": -30.77108773, "dipole": [0.43488878, 0.41734447, 0.329325], "partial charges": [-0.10001925, -0.05213228, -0.05812878, -0.0583967, -0.05813625, -0.06339973, 0.1208457, -0.11604165, -0.4493113, 0.03095912, 0.03211399, 0.03030043, 0.03091297, 0.02821058, 0.03161363, 0.02882228, 0.02898412, 0.02686503, 0.04829082, 0.02998444, 0.03137054, 0.04687925, 0.01135079, 0.03197121, 0.03630476, 0.047598, 0.28218825], "atomic dipole moments": [[0.09675849, -0.00440493, 0.02230652], [-0.05587547, -0.08305844, -0.05156278], [0.0564143, 0.07706897, 0.05764612], [-0.03133905, 0.07797295, -0.07146497], [0.04513441, -0.08460739, 0.07730935], [-0.01335717, 0.1005338, -0.05716304], [0.02151508, -0.082087, -0.15728005], [-0.0990512, 0.02264196, -0.02588349], [0.09755485, 0.11622475, 0.18420388], [-0.06470977, -0.09136067, 0.05707336], [-0.01898983, -0.00941565, -0.12429741], [-0.04764151, 0.10860735, 0.03743225], [0.05345419, 0.09780645, -0.05404788], [0.01117973, 0.01668549, 0.12184428], [-0.01068269, -0.01456477, -0.12348706], [-0.06103314, -0.09449858, 0.04595777], [0.03285603, -0.11419481, -0.0258914], [0.00961172, 0.00677018, 0.12285636], [-0.01513686, -0.00491935, -0.1269788], [-0.02812763, 0.11592769, 0.03336499], [0.01095612, -0.00039756, 0.12394589], [0.02639172, -0.11827601, -0.03824268], [-0.03159106, 0.11280452, 0.02096004], [0.07908018, 0.07907494, -0.05337972], [0.01248431, 0.00890868, 0.12751697], [0.04546251, -0.11425569, -0.03894968], [0.04943614, 0.05711217, -0.02097126]], "atomic quadrupole moments": [[0.2145885, -0.01902901, -0.10589383, 0.07724427, 0.00329411, -0.10869468], [0.16284057, -0.10982753, 0.01891364, 0.04680585, 0.09004991, -0.18175421], [0.14079513, -0.13202966, 0.03047038, 0.05646112, 0.07365847, -0.17126551], [0.19655165, 0.08697448, -0.06717495, 0.00772695, -0.10936299, -0.1293767], [0.21460272, 0.05551018, -0.05534141, -0.00703211, -0.13268897, -0.15926131], [0.20008223, 0.08881314, -0.05469011, -0.00637157, -0.13058272, -0.14539212], [-0.04226057, 0.07389946, -0.28331803, 0.03603422, -0.02630098, 0.3255786], [0.1941697, -0.04138532, -0.12314148, 0.10551615, -0.03237772, -0.07102822], [-0.08144015, 0.03755557, -0.08526736, 0.02008953, 0.03070326, 0.16670751], [-0.01039043, 0.03908097, 0.0266564, -0.01671325, -0.05196756, -0.01626597], [-0.02754183, 0.00212519, -0.05147077, 0.00440361, 0.01263032, 0.0790126], [-0.0164162, -0.03533239, 0.05491851, -0.00658404, 0.04079218, -0.03850232], [0.00115757, 0.02238056, 0.0116025, -0.02595251, -0.03448936, -0.01276006], [-0.02304739, -0.01002317, -0.0343052, 0.00783197, 0.00024986, 0.05735259], [-0.02870569, -0.01328452, -0.0298663, -0.00074592, -0.00400304, 0.05857199], [0.00566743, 0.0222044, 0.01668863, -0.02745534, -0.03570826, -0.02235606], [-0.00558792, -0.01832083, 0.04041405, -0.01414263, 0.03018639, -0.03482613], [-0.02226693, 0.01178613, -0.03233694, 0.00014871, 0.02097497, 0.05460388], [-0.01958959, 0.00538769, -0.03104577, 0.00338078, 0.01416993, 0.05063536], [-0.01439406, -0.01708683, 0.03870205, -0.01141936, 0.03191113, -0.024308], [-0.01703077, 0.00438969, -0.04484374, 0.00591124, 0.01182342, 0.06187451], [-0.00864753, -0.0195073, 0.03594998, -0.00564007, 0.03644518, -0.02730245], [-0.01915585, -0.00991617, 0.01064358, -0.00517776, 0.01241592, 0.00851226], [0.00282018, 0.04634799, 0.025801, -0.02816549, -0.04682663, -0.02862118], [-0.03341484, -0.00204452, -0.05114613, 0.00356378, 0.01061104, 0.08456097], [-0.02914682, -0.01964202, 0.06781516, -0.00307756, 0.03611965, -0.03866834], [-0.00707439, 0.09758055, 0.01866707, -0.05292014, -0.050368, -0.01159267]], "number of molecular orbitals": 54, "number of electrons": 56, "number of unpaired electrons": 0, "orbital energies/eV": [-18.49127383, -17.12403806, -16.81089203, -16.57559094, -16.28634974, -15.86727291, -15.39118631, -15.21876202, -15.10915346, -14.82570119, -14.13926848, -13.95263345, -13.76645799, -13.56426426, -13.25455694, -13.04406744, -12.93954032, -12.80098455, -12.59270605, -12.20506156, -12.16482625, -12.08548567, -11.85325808, -11.57446593, -11.43309467, -11.2638397, -11.17646908, -10.99884483, 0.99231908, 1.42341626, 2.41381525, 2.82413488, 3.09302174, 3.32067896, 3.39205615, 3.72635062, 4.006527, 4.06247396, 4.4500635, 4.57593303, 4.79121517, 4.94576367, 5.28838697, 5.36818391, 5.81790086, 6.18840428, 6.32762997, 6.5940777, 6.84601553, 7.11239943, 7.4242905, 7.65360154, 8.35501081, 8.51853274], "fractional occupation": [2.0, 2.0, 2.0, 2.0, 2.0, 2.0, 2.0, 2.0, 2.0, 2.0, 2.0, 2.0, 2.0, 2.0, 2.0, 2.0, 2.0, 2.0, 2.0, 2.0, 2.0, 2.0, 2.0, 2.0, 2.0, 2.0, 2.0, 2.0, 0.0, 0.0, 0.0, 0.0, 0.0, 0.0, 0.0, 0.0, 0.0, 0.0, 0.0, 0.0, 0.0, 0.0, 0.0, 0.0, 0.0, 0.0, 0.0, 0.0, 0.0, 0.0, 0.0, 0.0, 0.0, 0.0], "program call": "xtb /home/svss/Project-DBcg-Debug/aqme2_20220329/End-to-End-workflows-final/example-3/QDESCP/mol_1113_rdkit_conf_13/mol_1113_rdkit_conf_13.xyz --pop --wbo --acc 0.2 --gfn 2 --chrg 0 --uhf 0 --etemp 300 --input /home/svss/Project-DBcg-Debug/aqme2_20220329/End-to-End-workflows-final/example-3/QDESCP/mol_1113_rdkit_conf_13/mol_1113_rdkit_conf_13_xtb.inp", "method": "GFN2-xTB", "xtb version": "6.3.3 (7355c4f)", "Dipole module/D": 1.746, "Total charge": 0, "Transition dipole module/D": NaN, "HOMO": -10.9988, "LUMO": 0.9923, "HOMO occupancy": 2.0, "LUMO occupancy": 0, "mulliken charges": [-0.08332, -0.04, -0.04651, -0.04722, -0.04173, -0.05438, 0.22648, -0.11156, -0.57004, 0.02584, 0.02682, 0.02712, 0.02253, 0.02089, 0.02438, 0.02303, 0.02448, 0.0198, 0.03826, 0.01907, 0.0195, 0.0362, 0.00751, 0.02807, 0.03004, 0.04017, 0.33455], "cm5 charges": [-0.23374, -0.15266, -0.157, -0.15779, -0.1515, -0.15992, 0.17701, -0.25755, -0.78086, 0.07712, 0.07812, 0.0779, 0.07783, 0.07571, 0.07957, 0.07793, 0.07944, 0.07501, 0.09631, 0.07552, 0.07537, 0.09406, 0.07348, 0.08123, 0.08179, 0.0938, 0.50384], "FUKUI+": [0.005, -0.003, -0.013, -0.016, -0.002, 0.0, -0.034, 0.025, -0.095, -0.031, -0.028, -0.048, -0.019, -0.031, -0.039, -0.047, -0.042, -0.042, -0.037, -0.036, -0.076, -0.053, -0.065, -0.055, -0.072, -0.051, -0.094], "FUKUI-": [0.019, 0.003, 0.01, 0.011, 0.004, 0.012, 0.0, 0.009, -0.093, -0.069, -0.05, -0.053, -0.078, -0.061, -0.049, -0.073, -0.065, -0.045, -0.041, -0.052, -0.041, -0.049, -0.076, -0.041, -0.043, -0.043, -0.048], "FUKUIrad": [0.012, -0.0, -0.001, -0.003, 0.001, 0.006, -0.017, 0.017, -0.094, -0.05, -0.039, -0.051, -0.049, -0.046, -0.044, -0.06, -0.054, -0.044, -0.039, -0.044, -0.059, -0.051, -0.07, -0.048, -0.057, -0.047, -0.071], "s proportion": [1.008, 1.027, 1.032, 1.032, 1.031, 1.036, 1.014, 1.02, 1.697, 0.974, 0.973, 0.973, 0.977, 0.979, 0.976, 0.977, 0.976, 0.98, 0.962, 0.981, 0.98, 0.964, 0.992, 0.972, 0.97, 0.96, 0.665], "p proportion": [3.076, 3.013, 3.015, 3.015, 3.011, 3.019, 2.759, 3.092, 4.873, 0.0, 0.0, 0.0, 0.0, 0.0, 0.0, 0.0, 0.0, 0.0, 0.0, 0.0, 0.0, 0.0, 0.0, 0.0, 0.0, 0.0, 0.0], "d proportion": [0.0, 0.0, 0.0, 0.0, 0.0, 0.0, 0.0, 0.0, 0.0, 0.0, 0.0, 0.0, 0.0, 0.0, 0.0, 0.0, 0.0, 0.0, 0.0, 0.0, 0.0, 0.0, 0.0, 0.0, 0.0, 0.0, 0.0], "Fermi-level/eV": -5.0033, "Coordination numbers": [3.75, 3.799, 3.801, 3.8, 3.8, 3.802, 3.724, 3.75, 1.653, 0.924, 0.924, 0.924, 0.924, 0.924, 0.924, 0.924, 0.924, 0.924, 0.924, 0.924, 0.924, 0.924, 0.924, 0.924, 0.924, 0.924, 0.804], "Dispersion coefficient C6": [22.474, 21.511, 21.62, 21.625, 21.621, 21.716, 18.708, 22.785, 21.831, 2.573, 2.557, 2.582, 2.574, 2.612, 2.564, 2.603, 2.601, 2.632, 2.342, 2.587, 2.567, 2.359, 2.869, 2.559, 2.499, 2.35, 0.777], "Total dispersion C6": 4853.808835, "Total dispersion C8": 100746.559715, "Polarizability alpha": [6.761, 6.604, 6.62, 6.621, 6.62, 6.635, 6.176, 6.808, 6.307, 2.508, 2.501, 2.513, 2.509, 2.528, 2.504, 2.523, 2.522, 2.537, 2.393, 2.515, 2.506, 2.402, 2.649, 2.502, 2.472, 2.397, 1.385], "Total polarizability alpha": 103.017176, "Wiberg matrix": [[0.0, 1.0198080275448513, 0.0, 0.0, 0.0, 0.0, 0.0, 0.0, 0.0, 0.9876817803831712, 0.987815948077871, 0.9875492611267112, 0.0, 0.0, 0.0, 0.0, 0.0, 0.0, 0.0, 0.0, 0.0, 0.0, 0.0, 0.0, 0.0, 0.0, 0.0], [1.0198080275448513, 0.0, 1.0087942791265452, 0.0, 0.0, 0.0, 0.0, 0.0, 0.0, 0.0, 0.0, 0.0, 0.9763049528505396, 0.9780030063113423, 0.0, 0.0, 0.0, 0.0, 0.0, 0.0, 0.0, 0.0, 0.0, 0.0, 0.0, 0.0, 0.0], [0.0, 1.0087942791265452, 0.0, 1.0064619168762685, 0.0, 0.0, 0.0, 0.0, 0.0, 0.0, 0.0, 0.0, 0.0, 0.0, 0.9770917720225081, 0.9768165193867844, 0.0, 0.0, 0.0, 0.0, 0.0, 0.0, 0.0, 0.0, 0.0, 0.0, 0.0], [0.0, 0.0, 1.0064619168762685, 0.0, 1.0079609607890283, 0.0, 0.0, 0.0, 0.0, 0.0, 0.0, 0.0, 0.0, 0.0, 0.0, 0.0, 0.9770227975526984, 0.9772629291348909, 0.0, 0.0, 0.0, 0.0, 0.0, 0.0, 0.0, 0.0, 0.0], [0.0, 0.0, 0.0, 1.0079609607890283, 0.0, 1.0061751601265732, 0.0, 0.0, 0.0, 0.0, 0.0, 0.0, 0.0, 0.0, 0.0, 0.0, 0.0, 0.0, 0.9760401518865401, 0.9755974784176185, 0.0, 0.0, 0.0, 0.0, 0.0, 0.0, 0.0], [0.0, 0.0, 0.0, 0.0, 1.0061751601265732, 0.0, 0.9938352975029097, 0.0, 0.0, 0.0, 0.0, 0.0, 0.0, 0.0, 0.0, 0.0, 0.0, 0.0, 0.0, 0.0, 0.975674492354678, 0.9750087099568668, 0.0, 0.0, 0.0, 0.0, 0.0], [0.0, 0.0, 0.0, 0.0, 0.0, 0.9938352975029097, 0.0, 1.0025335191640403, 0.9796162206589674, 0.0, 0.0, 0.0, 0.0, 0.0, 0.0, 0.0, 0.0, 0.0, 0.0, 0.0, 0.0, 0.0, 0.963747928260233, 0.0, 0.0, 0.0, 0.0], [0.0, 0.0, 0.0, 0.0, 0.0, 0.0, 1.0025335191640403, 0.0, 0.0, 0.0, 0.0, 0.0, 0.0, 0.0, 0.0, 0.0, 0.0, 0.0, 0.0, 0.0, 0.0, 0.0, 0.0, 0.984684574215212, 0.9855996226912103, 0.98550682244059, 0.0], [0.0, 0.0, 0.0, 0.0, 0.0, 0.0, 0.9796162206589674, 0.0, 0.0, 0.0, 0.0, 0.0, 0.0, 0.0, 0.0, 0.0, 0.0, 0.0, 0.0, 0.0, 0.0, 0.0, 0.0, 0.0, 0.0, 0.0, 0.9043228957937728], [0.9876817803831712, 0.0, 0.0, 0.0, 0.0, 0.0, 0.0, 0.0, 0.0, 0.0, 0.0, 0.0, 0.0, 0.0, 0.0, 0.0, 0.0, 0.0, 0.0, 0.0, 0.0, 0.0, 0.0, 0.0, 0.0, 0.0, 0.0], [0.987815948077871, 0.0, 0.0, 0.0, 0.0, 0.0, 0.0, 0.0, 0.0, 0.0, 0.0, 0.0, 0.0, 0.0, 0.0, 0.0, 0.0, 0.0, 0.0, 0.0, 0.0, 0.0, 0.0, 0.0, 0.0, 0.0, 0.0], [0.9875492611267112, 0.0, 0.0, 0.0, 0.0, 0.0, 0.0, 0.0, 0.0, 0.0, 0.0, 0.0, 0.0, 0.0, 0.0, 0.0, 0.0, 0.0, 0.0, 0.0, 0.0, 0.0, 0.0, 0.0, 0.0, 0.0, 0.0], [0.0, 0.9763049528505396, 0.0, 0.0, 0.0, 0.0, 0.0, 0.0, 0.0, 0.0, 0.0, 0.0, 0.0, 0.0, 0.0, 0.0, 0.0, 0.0, 0.0, 0.0, 0.0, 0.0, 0.0, 0.0, 0.0, 0.0, 0.0], [0.0, 0.9780030063113423, 0.0, 0.0, 0.0, 0.0, 0.0, 0.0, 0.0, 0.0, 0.0, 0.0, 0.0, 0.0, 0.0, 0.0, 0.0, 0.0, 0.0, 0.0, 0.0, 0.0, 0.0, 0.0, 0.0, 0.0, 0.0], [0.0, 0.0, 0.9770917720225081, 0.0, 0.0, 0.0, 0.0, 0.0, 0.0, 0.0, 0.0, 0.0, 0.0, 0.0, 0.0, 0.0, 0.0, 0.0, 0.0, 0.0, 0.0, 0.0, 0.0, 0.0, 0.0, 0.0, 0.0], [0.0, 0.0, 0.9768165193867844, 0.0, 0.0, 0.0, 0.0, 0.0, 0.0, 0.0, 0.0, 0.0, 0.0, 0.0, 0.0, 0.0, 0.0, 0.0, 0.0, 0.0, 0.0, 0.0, 0.0, 0.0, 0.0, 0.0, 0.0], [0.0, 0.0, 0.0, 0.9770227975526984, 0.0, 0.0, 0.0, 0.0, 0.0, 0.0, 0.0, 0.0, 0.0, 0.0, 0.0, 0.0, 0.0, 0.0, 0.0, 0.0, 0.0, 0.0, 0.0, 0.0, 0.0, 0.0, 0.0], [0.0, 0.0, 0.0, 0.9772629291348909, 0.0, 0.0, 0.0, 0.0, 0.0, 0.0, 0.0, 0.0, 0.0, 0.0, 0.0, 0.0, 0.0, 0.0, 0.0, 0.0, 0.0, 0.0, 0.0, 0.0, 0.0, 0.0, 0.0], [0.0, 0.0, 0.0, 0.0, 0.9760401518865401, 0.0, 0.0, 0.0, 0.0, 0.0, 0.0, 0.0, 0.0, 0.0, 0.0, 0.0, 0.0, 0.0, 0.0, 0.0, 0.0, 0.0, 0.0, 0.0, 0.0, 0.0, 0.0], [0.0, 0.0, 0.0, 0.0, 0.9755974784176185, 0.0, 0.0, 0.0, 0.0, 0.0, 0.0, 0.0, 0.0, 0.0, 0.0, 0.0, 0.0, 0.0, 0.0, 0.0, 0.0, 0.0, 0.0, 0.0, 0.0, 0.0, 0.0], [0.0, 0.0, 0.0, 0.0, 0.0, 0.975674492354678, 0.0, 0.0, 0.0, 0.0, 0.0, 0.0, 0.0, 0.0, 0.0, 0.0, 0.0, 0.0, 0.0, 0.0, 0.0, 0.0, 0.0, 0.0, 0.0, 0.0, 0.0], [0.0, 0.0, 0.0, 0.0, 0.0, 0.9750087099568668, 0.0, 0.0, 0.0, 0.0, 0.0, 0.0, 0.0, 0.0, 0.0, 0.0, 0.0, 0.0, 0.0, 0.0, 0.0, 0.0, 0.0, 0.0, 0.0, 0.0, 0.0], [0.0, 0.0, 0.0, 0.0, 0.0, 0.0, 0.963747928260233, 0.0, 0.0, 0.0, 0.0, 0.0, 0.0, 0.0, 0.0, 0.0, 0.0, 0.0, 0.0, 0.0, 0.0, 0.0, 0.0, 0.0, 0.0, 0.0, 0.0], [0.0, 0.0, 0.0, 0.0, 0.0, 0.0, 0.0, 0.984684574215212, 0.0, 0.0, 0.0, 0.0, 0.0, 0.0, 0.0, 0.0, 0.0, 0.0, 0.0, 0.0, 0.0, 0.0, 0.0, 0.0, 0.0, 0.0, 0.0], [0.0, 0.0, 0.0, 0.0, 0.0, 0.0, 0.0, 0.9855996226912103, 0.0, 0.0, 0.0, 0.0, 0.0, 0.0, 0.0, 0.0, 0.0, 0.0, 0.0, 0.0, 0.0, 0.0, 0.0, 0.0, 0.0, 0.0, 0.0], [0.0, 0.0, 0.0, 0.0, 0.0, 0.0, 0.0, 0.98550682244059, 0.0, 0.0, 0.0, 0.0, 0.0, 0.0, 0.0, 0.0, 0.0, 0.0, 0.0, 0.0, 0.0, 0.0, 0.0, 0.0, 0.0, 0.0, 0.0], [0.0, 0.0, 0.0, 0.0, 0.0, 0.0, 0.0, 0.0, 0.9043228957937728, 0.0, 0.0, 0.0, 0.0, 0.0, 0.0, 0.0, 0.0, 0.0, 0.0, 0.0, 0.0, 0.0, 0.0, 0.0, 0.0, 0.0, 0.0]], "Born radii": [], "Atomic SASAs": [], "Solvent H bonds": [], "Total SASA": NaN, "Total FOD": 0.0, "FOD": [0.0, 0.0, 0.0, 0.0, 0.0, 0.0, 0.0, 0.0, 0.0, 0.0, 0.0, 0.0, 0.0, 0.0, 0.0, 0.0, 0.0, 0.0, 0.0, 0.0, 0.0, 0.0, 0.0, 0.0, 0.0, 0.0, 0.0], "FOD s proportion": [0.0, 0.0, 0.0, 0.0, 0.0, 0.0, 0.0, 0.0, 0.0, 0.0, 0.0, 0.0, 0.0, 0.0, 0.0, 0.0, 0.0, 0.0, 0.0, 0.0, 0.0, 0.0, 0.0, 0.0, 0.0, 0.0, 0.0], "FOD p proportion": [0.0, 0.0, 0.0, 0.0, 0.0, 0.0, 0.0, 0.0, 0.0, 0.0, 0.0, 0.0, 0.0, 0.0, 0.0, 0.0, 0.0, 0.0, 0.0, 0.0, 0.0, 0.0, 0.0, 0.0, 0.0, 0.0, 0.0], "FOD d proportion": [0.0, 0.0, 0.0, 0.0, 0.0, 0.0, 0.0, 0.0, 0.0, 0.0, 0.0, 0.0, 0.0, 0.0, 0.0, 0.0, 0.0, 0.0, 0.0, 0.0, 0.0, 0.0, 0.0, 0.0, 0.0, 0.0, 0.0], "coordinates": [["-4.24420", "0.43980", "0.13880"], ["-2.76450", "0.38200", "0.48670"], ["-2.13810", "-0.93920", "0.03880"], ["-0.67610", "-1.09590", "0.46660"], ["0.26560", "-0.09370", "-0.20570"], ["1.72650", "-0.36940", "0.17040"], ["2.68560", "0.64570", "-0.45840"], ["4.12060", "0.39700", "-0.01320"], ["2.61870", "0.53560", "-1.87730"], ["-4.79580", "-0.36620", "0.63320"], ["-4.39680", "0.34890", "-0.94140"], ["-4.67280", "1.39300", "0.46370"], ["-2.25920", "1.22600", "0.00540"], ["-2.64510", "0.50330", "1.56950"], ["-2.21480", "-1.03510", "-1.05120"], ["-2.71050", "-1.77050", "0.46920"], ["-0.35420", "-2.11390", "0.21430"], ["-0.60010", "-1.00220", "1.55680"], ["0.14260", "-0.15190", "-1.29350"], ["0.00620", "0.92660", "0.09790"], ["1.83130", "-0.34700", "1.26180"], ["1.98950", "-1.38010", "-0.16690"], ["2.38600", "1.66310", "-0.18280"], ["4.79680", "1.12350", "-0.47650"], ["4.21930", "0.47500", "1.07370"], ["4.46230", "-0.59530", "-0.32780"], ["3.22110", "1.20070", "-2.25200"]], "bond_dist": [[0.0, 1.521146718761869, 2.5193844903071065, 3.8983541321947657, 4.55429451616823, 6.025368178792065, 6.958532222387133, 8.366290389413935, 7.1535469006640335, 1.0946825658609896, 1.0947061751904024, 1.0944625210577106, 2.1391893324341353, 2.1466381972749855, 2.7766696544601777, 2.7105028942983997, 4.6539428380675245, 4.1676795474220425, 4.652483897876489, 4.278381377343539, 6.228313053307452, 6.501115611185514, 6.749773439901521, 9.087668610815427, 8.515051925854593, 8.780221513151021, 7.875633151690091], [1.521146718761869, 0.0, 1.529235367757364, 2.558516558476806, 3.1443941006177965, 4.564397950442095, 5.537719901728509, 6.903240327556327, 5.881405546295885, 2.169664762123402, 2.1690939375693254, 2.159689535558294, 1.095131855074995, 1.0960957485548422, 2.1622855754964467, 2.1532483600365286, 3.480411564743457, 2.7831189356547448, 3.450419055709031, 2.8503566601392185, 4.717372006742737, 5.1120157834263384, 5.349495089258425, 7.658383261498473, 7.009042762032487, 7.337926395106454, 6.6331104875465465], [2.5193844903071065, 1.529235367757364, 0.0, 1.5313431130873316, 2.559770339307806, 3.9085961367222377, 5.101685754728529, 6.399957822517269, 5.336067886562164, 2.782985743765138, 2.7787981826681833, 3.4705044215502734, 2.1688411214286765, 2.163538245559805, 1.0968954827147388, 1.097244553415509, 2.1431331153243844, 2.1618827442763866, 2.756167097619446, 2.8430133555789006, 4.195541228494842, 4.156174570443355, 5.223844624412178, 7.25348904941615, 6.594506381072052, 6.619512287925751, 6.20870045098006], [3.8983541321947657, 2.558516558476806, 1.5313431130873316, 0.0, 1.5307485162494852, 2.5274539461679617, 3.8974122761134726, 5.046512591879663, 4.360202575569168, 4.187140520689507, 4.232436594917873, 4.708316313715551, 2.8478291135529887, 2.7660061550907655, 2.162177414089787, 2.1433327506479247, 1.097086550824501, 1.096855382445653, 2.1585545395009134, 2.1660976963193512, 2.735004389393187, 2.754544472322057, 4.172560097829629, 5.9806193976878355, 5.176991247819528, 5.223487941978999, 5.277624973413704], [4.55429451616823, 3.1443941006177965, 2.559770339307806, 1.5307485162494852, 0.0, 1.533522256114987, 2.543023721871269, 3.8908697922187008, 2.9542079581505427, 5.1376823004152365, 4.740793500037731, 5.200593024838609, 2.856709005131604, 3.461201890962155, 2.7845086406761244, 3.4819993480757576, 2.15447443243126, 2.1636115617180454, 1.0962778297493754, 1.0956611748163754, 2.160817815087612, 2.1513162505777714, 2.753718723835098, 4.699646999509644, 4.194285128600582, 4.2283332248062, 3.8207061258359034], [6.025368178792065, 4.564397950442095, 3.9085961367222377, 2.5274539461679617, 1.533522256114987, 0.0, 1.531564644407803, 2.5204747033049153, 2.4100043838134404, 6.538699516723489, 6.264731200937515, 6.64402883347145, 4.2963159392670365, 4.672255628708686, 4.1796302157009055, 4.662545619079775, 2.715606736992674, 2.7812961654595507, 2.167728919860599, 2.1550648110903765, 1.0966488772619978, 1.0974765510023439, 2.165813182155839, 3.4747621659618666, 2.782627192061488, 2.7899526322143897, 3.25070222105932], [6.958532222387133, 5.537719901728509, 5.101685754728529, 3.8974122761134726, 2.543023721871269, 1.531564644407803, 0.0, 1.522918162607564, 1.4247367581416577, 7.628032389155148, 7.105052357301809, 7.453507648080868, 5.000290548558153, 5.705174726509259, 5.214443464071693, 5.984677051437279, 4.160324685646542, 4.1919482272566295, 2.792920831316205, 2.750919638957125, 2.1620290978615437, 2.161803205659572, 1.0958185433729435, 2.1646676165176033, 2.1745584816233383, 2.171128796271654, 1.95237962753149], [8.366290389413935, 6.903240327556327, 6.399957822517269, 5.046512591879663, 3.8908697922187008, 2.5204747033049153, 1.522918162607564, 0.0, 2.3978703843202194, 8.972318326943153, 8.567961928603557, 8.862467668206186, 6.433462131698607, 6.949167969620535, 6.5776627741166545, 7.182944606496697, 5.136166868395145, 5.167946316478142, 4.214847956925611, 4.149832132749468, 2.7239778798661343, 2.7790817386323847, 2.1542076339109, 1.0953061581128816, 1.094155976083849, 1.09562372190456, 2.5430806868835285], [7.1535469006640335, 5.881405546295885, 5.336067886562164, 4.360202575569168, 2.9542079581505427, 2.4100043838134404, 1.4247367581416577, 2.3978703843202194, 0.0, 7.879762924098669, 7.080113413639642, 7.705932001386983, 5.2740041581326045, 6.29198410439823, 5.149005918621574, 6.262949153553779, 4.498085728396025, 4.951620450923111, 2.6352513921825373, 3.2984014749572252, 3.3545387656129417, 2.6441004689686056, 2.048593612701162, 2.6555576928396794, 3.3576768337646787, 2.6605912914237693, 0.9724422142214928], [1.0946825658609896, 2.169664762123402, 2.782985743765138, 4.187140520689507, 5.1376823004152365, 6.538699516723489, 7.628032389155148, 8.972318326943153, 7.879762924098669, 0.0, 1.7748053893314613, 1.7716218247696094, 3.059995627447856, 2.5016391486383482, 3.1537583246025687, 2.519410760475552, 4.791423907357812, 4.342974953876662, 5.3052702042403075, 5.001707901307312, 6.656873215707206, 6.907130323803076, 7.50747399129694, 9.77080421152732, 9.064970253674305, 9.310661814285812, 8.663154175010392], [1.0947061751904024, 2.1690939375693254, 2.7787981826681833, 4.232436594917873, 4.740793500037731, 6.264731200937515, 7.105052357301809, 8.567961928603557, 7.080113413639642, 1.7748053893314613, 0.0, 1.772181373336262, 2.4970118962471926, 3.0654381513904334, 2.5862397491338656, 3.053728280315719, 4.872744718328676, 4.741456035860714, 4.580494232067102, 4.560733579151494, 6.642860578094349, 6.661390165723669, 6.9504655556300685, 9.23787952562708, 8.849503287190755, 8.930379130249735, 7.776608258746225], [1.0944625210577106, 2.159689535558294, 3.4705044215502734, 4.708316313715551, 5.200593024838609, 6.64402883347145, 7.453507648080868, 8.862467668206186, 7.705932001386983, 1.7716218247696094, 1.772181373336262, 0.0, 2.4623957541386394, 2.4750610133893667, 3.7725794385274374, 3.7226850242801897, 5.568738989214704, 4.849611937052283, 5.353741216196389, 4.716394767192415, 6.77996168278258, 7.243892686946708, 7.09348811939514, 9.519975338728562, 8.960148793965422, 9.382422989292264, 8.350189398450791], [2.1391893324341353, 1.095131855074995, 2.1688411214286765, 2.8478291135529887, 2.856709005131604, 4.2963159392670365, 5.000290548558153, 6.433462131698607, 5.2740041581326045, 3.059995627447856, 2.4970118962471926, 2.4623957541386394, 0.0, 1.7656791639479692, 2.4961867177757355, 3.0655822252877187, 3.8506617898745663, 3.181875234826155, 3.0584951953534274, 2.286970434876673, 4.5590635233565235, 4.987273422422316, 4.669513753058235, 7.073179614572219, 6.60879929639265, 6.971851847249767, 5.92707203769281], [2.1466381972749855, 1.0960957485548422, 2.163538245559805, 2.7660061550907655, 3.461201890962155, 4.672255628708686, 5.705174726509259, 6.949167969620535, 6.29198410439823, 2.5016391486383482, 3.0654381513904334, 2.4750610133893667, 1.7656791639479692, 0.0, 3.0691857454380305, 2.526876271209178, 3.7328977604536666, 2.5394323263280714, 4.049361348410388, 3.0617284562808633, 4.566820156301318, 5.2954506588202666, 5.452307634387481, 7.742908991457927, 6.882340146345572, 7.437862865769979, 7.03580353975294], [2.7766696544601777, 2.1622855754964467, 1.0968954827147388, 2.162177414089787, 2.7845086406761244, 4.1796302157009055, 5.214443464071693, 6.5776627741166545, 5.149005918621574, 3.1537583246025687, 2.5862397491338656, 3.7725794385274374, 2.4961867177757355, 3.0691857454380305, 0.0, 1.7601556209608287, 2.4954222187838275, 3.0675727375239203, 2.5290484949877885, 3.1782917896253644, 4.71109072508692, 4.310121805703408, 5.403865509059232, 7.358829296158459, 6.942135466122798, 6.7305568870636545, 5.999144196466693], [2.7105028942983997, 2.1532483600365286, 1.097244553415509, 2.1433327506479247, 3.4819993480757576, 4.662545619079775, 5.984677051437279, 7.182944606496697, 6.262949153553779, 2.519410760475552, 3.053728280315719, 3.7226850242801897, 3.0655822252877187, 2.526876271209178, 1.7601556209608287, 0.0, 2.3947958702152468, 2.495385102544295, 3.7238631634365946, 3.846124151662294, 4.825195773230346, 4.758890140568492, 6.179726952705921, 8.10118125831042, 7.30957033894606, 7.312001359409065, 7.170553496069881], [4.6539428380675245, 3.480411564743457, 2.1431331153243844, 1.097086550824501, 2.15447443243126, 2.715606736992674, 4.160324685646542, 5.136166868395145, 4.498085728396025, 4.791423907357812, 4.872744718328676, 5.568738989214704, 3.8506617898745663, 3.7328977604536666, 2.4954222187838275, 2.3947958702152468, 0.0, 1.7602982559782308, 2.5238294474864977, 3.063996959854889, 2.9992669287677614, 2.485297883554404, 4.683173437958496, 6.122970226940516, 5.325211152621086, 5.079241146076843, 5.463696453867107], [4.1676795474220425, 2.7831189356547448, 2.1618827442763866, 1.096855382445653, 2.1636115617180454, 2.7812961654595507, 4.1919482272566295, 5.167946316478142, 4.951620450923111, 4.342974953876662, 4.741456035860714, 4.849611937052283, 3.181875234826155, 2.5394323263280714, 3.0675727375239203, 2.495385102544295, 1.7602982559782308, 0.0, 3.0657500664600823, 2.493242535334258, 2.535353624250471, 3.1336844544401723, 4.364266886889481, 6.146498107865974, 5.063805072275195, 5.417119024906135, 5.827632048267975], [4.652483897876489, 3.450419055709031, 2.756167097619446, 2.1585545395009134, 1.0962778297493754, 2.167728919860599, 2.792920831316205, 4.214847956925611, 2.6352513921825373, 5.3052702042403075, 4.580494232067102, 5.353741216196389, 3.0584951953534274, 4.049361348410388, 2.5290484949877885, 3.7238631634365946, 2.5238294474864977, 3.0657500664600823, 0.0, 1.765718315587172, 3.06909266559353, 2.4877183140379864, 3.092041890078464, 4.8944572528524555, 4.755641107148436, 4.448481554418317, 3.4964855583857344], [4.278381377343539, 2.8503566601392185, 2.8430133555789006, 2.1660976963193512, 1.0956611748163754, 2.1550648110903765, 2.750919638957125, 4.149832132749468, 3.2984014749572252, 5.001707901307312, 4.560733579151494, 4.716394767192415, 2.286970434876673, 3.0617284562808633, 3.1782917896253644, 3.846124151662294, 3.063996959854889, 2.493242535334258, 1.765718315587172, 0.0, 2.5115155145847696, 3.053598339664207, 2.506924964972027, 4.828928797362828, 4.348142110143136, 4.728025730682946, 3.991584000118248], [6.228313053307452, 4.717372006742737, 4.195541228494842, 2.735004389393187, 2.160817815087612, 1.0966488772619978, 2.1620290978615437, 2.7239778798661343, 3.3545387656129417, 6.656873215707206, 6.642860578094349, 6.77996168278258, 4.5590635233565235, 4.566820156301318, 4.71109072508692, 4.825195773230346, 2.9992669287677614, 2.535353624250471, 3.06909266559353, 2.5115155145847696, 0.0, 1.7701713306909026, 2.536742647569911, 3.7387494419926033, 2.53251053502251, 3.0839328867535367, 4.083345413995735], [6.501115611185514, 5.1120157834263384, 4.156174570443355, 2.754544472322057, 2.1513162505777714, 1.0974765510023439, 2.161803205659572, 2.7790817386323847, 2.6441004689686056, 6.907130323803076, 6.661390165723669, 7.243892686946708, 4.987273422422316, 5.2954506588202666, 4.310121805703408, 4.758890140568492, 2.485297883554404, 3.1336844544401723, 2.4877183140379864, 3.053598339664207, 1.7701713306909026, 0.0, 3.068962577158607, 3.7742281873251917, 3.154757107924475, 2.599334470590501, 3.5390689750271886], [6.749773439901521, 5.349495089258425, 5.223844624412178, 4.172560097829629, 2.753718723835098, 2.165813182155839, 1.0958185433729435, 2.1542076339109, 2.048593612701162, 7.50747399129694, 6.9504655556300685, 7.09348811939514, 4.669513753058235, 5.452307634387481, 5.403865509059232, 6.179726952705921, 4.683173437958496, 4.364266886889481, 3.092041890078464, 2.506924964972027, 2.536742647569911, 3.068962577158607, 0.0, 2.48784736067147, 2.5201910145859974, 3.07122406378955, 2.278770372371907], [9.087668610815427, 7.658383261498473, 7.25348904941615, 5.9806193976878355, 4.699646999509644, 3.4747621659618666, 2.1646676165176033, 1.0953061581128816, 2.6555576928396794, 9.77080421152732, 9.23787952562708, 9.519975338728562, 7.073179614572219, 7.742908991457927, 7.358829296158459, 8.10118125831042, 6.122970226940516, 6.146498107865974, 4.8944572528524555, 4.828928797362828, 3.7387494419926033, 3.7742281873251917, 2.48784736067147, 0.0, 1.7768451086124533, 1.7573489636381272, 2.3751190664890887], [8.515051925854593, 7.009042762032487, 6.594506381072052, 5.176991247819528, 4.194285128600582, 2.782627192061488, 2.1745584816233383, 1.094155976083849, 3.3576768337646787, 9.064970253674305, 8.849503287190755, 8.960148793965422, 6.60879929639265, 6.882340146345572, 6.942135466122798, 7.30957033894606, 5.325211152621086, 5.063805072275195, 4.755641107148436, 4.348142110143136, 2.53251053502251, 3.154757107924475, 2.5201910145859974, 1.7768451086124533, 0.0, 1.7801104853351097, 3.547298157753306], [8.780221513151021, 7.337926395106454, 6.619512287925751, 5.223487941978999, 4.2283332248062, 2.7899526322143897, 2.171128796271654, 1.09562372190456, 2.6605912914237693, 9.310661814285812, 8.930379130249735, 9.382422989292264, 6.971851847249767, 7.437862865769979, 6.7305568870636545, 7.312001359409065, 5.079241146076843, 5.417119024906135, 4.448481554418317, 4.728025730682946, 3.0839328867535367, 2.599334470590501, 3.07122406378955, 1.7573489636381272, 1.7801104853351097, 0.0, 2.910109805488446], [7.875633151690091, 6.6331104875465465, 6.20870045098006, 5.277624973413704, 3.8207061258359034, 3.25070222105932, 1.95237962753149, 2.5430806868835285, 0.9724422142214928, 8.663154175010392, 7.776608258746225, 8.350189398450791, 5.92707203769281, 7.03580353975294, 5.999144196466693, 7.170553496069881, 5.463696453867107, 5.827632048267975, 3.4964855583857344, 3.991584000118248, 4.083345413995735, 3.5390689750271886, 2.278770372371907, 2.3751190664890887, 3.547298157753306, 2.910109805488446, 0.0]]}