{"total energy": -19.8590976, "HOMO-LUMO gap/eV": 3.8328455, "electronic energy": -20.11063336, "dipole": [-0.16847219, 1.16770236, 0.48631495], "partial charges": [-0.09729688, -0.07819079, 0.22742154, -0.35832361, -0.07818451, -0.09729086, 0.0486317, 0.04861505, 0.0347201, 0.05449047, 0.05448889, 0.05447501, 0.05449329, 0.04861911, 0.04861467, 0.03471683], "atomic dipole moments": [[-0.10926813, 0.06021192, 0.02043384], [0.013434, -0.0784965, -0.03258668], [0.00228425, -0.01575133, -0.00654139], [-0.0210797, 0.14608765, 0.06084565], [0.00927537, -0.07894277, -0.03300315], [0.08887703, 0.08131022, 0.03850037], [0.0194394, -0.02989895, -0.12452588], [0.01067054, -0.11071911, 0.0664166], [0.09236318, 0.07522649, 0.03608405], [0.00014498, 0.10966952, -0.07109566], [-0.00902184, 0.02549562, 0.12787466], [-0.01947572, 0.02437707, 0.12692793], [-0.01034615, 0.10856002, -0.07203242], [0.00097753, -0.11174375, 0.06551594], [0.00974997, -0.03094005, -0.1254063], [-0.11095917, 0.05357187, 0.01756642]], "atomic quadrupole moments": [[0.18508893, -0.13989639, -0.05259902, -0.04406969, 0.03230919, -0.13248991], [0.19069159, -0.0090835, 0.0048457, 0.01597127, 0.10313969, -0.1955373], [-0.28850225, 0.02032702, -0.18784919, -0.03331208, -0.34199861, 0.47635143], [-0.13371436, 0.00757817, -0.07794417, -0.01561375, -0.14922582, 0.21165853], [0.1797945, 0.0280642, 0.0128683, 0.0311484, 0.10825063, -0.19266279], [0.09571459, 0.16487414, 0.01328429, 0.08078345, 0.07418479, -0.10899887], [-0.03137146, -0.01142268, -0.04216684, -0.00214885, 0.01938832, 0.0735383], [-0.03041481, -0.00277714, 0.03722095, -0.01053245, -0.05740678, -0.00680614], [0.02563093, 0.05103549, 0.01545559, 0.02535292, 0.03260795, -0.04108652], [-0.0046338, -0.01411393, 0.02872964, -0.00629209, -0.05357809, -0.02409584], [-0.00449108, -0.01776835, -0.05098257, -0.00966129, 0.0237682, 0.05547365], [-0.01327958, 0.02104085, -0.04261835, -0.00765346, 0.02759789, 0.05589793], [-0.01561974, 0.01456938, 0.03495133, 0.01933417, -0.0481463, -0.01933159], [-0.03573356, -0.00204342, 0.03743672, 0.01720154, -0.05435992, -0.00170316], [-0.03237429, 0.00937295, -0.03772872, -0.02105804, 0.01927573, 0.07010301], [0.05466489, -0.04807853, -0.00594679, -0.01526425, 0.01899785, -0.04871809]], "number of molecular orbitals": 34, "number of electrons": 36, "number of unpaired electrons": 0, "orbital energies/eV": [-19.04777367, -17.4373695, -17.1677419, -16.26280991, -15.58630539, -15.29666378, -14.82975188, -14.74724625, -13.80279077, -13.78546571, -13.21311785, -13.1848536, -12.63604444, -12.48076151, -12.27105959, -12.19162485, -12.02458429, -10.67164032, -6.83879482, 1.22348617, 3.25384635, 3.50839577, 3.74125497, 4.02098466, 4.17919519, 4.22078118, 4.77937834, 4.89139367, 5.24740538, 6.54814305, 7.21514155, 7.32717384, 7.35136874, 15.19919682], "fractional occupation": [2.0, 2.0, 2.0, 2.0, 2.0, 2.0, 2.0, 2.0, 2.0, 2.0, 2.0, 2.0, 2.0, 2.0, 2.0, 2.0, 2.0, 2.0, 0.0, 0.0, 0.0, 0.0, 0.0, 0.0, 0.0, 0.0, 0.0, 0.0, 0.0, 0.0, 0.0, 0.0, 0.0, 0.0], "program call": "xtb /home/svss/Project-DBcg-Debug/aqme2_20220329/End-to-End-workflows-final/example-3/QDESCP/mol_1007_rdkit_conf_1/mol_1007_rdkit_conf_1.xyz --pop --wbo --acc 0.2 --gfn 2 --chrg 0 --uhf 0 --etemp 300 --input /home/svss/Project-DBcg-Debug/aqme2_20220329/End-to-End-workflows-final/example-3/QDESCP/mol_1007_rdkit_conf_1/mol_1007_rdkit_conf_1_xtb.inp", "method": "GFN2-xTB", "xtb version": "6.3.3 (7355c4f)", "Dipole module/D": 3.243, "Total charge": 0, "Transition dipole module/D": NaN, "HOMO": -10.6716, "LUMO": -6.8388, "HOMO occupancy": 2.0, "LUMO occupancy": 0, "mulliken charges": [-0.06991, -0.07785, 0.39004, -0.49306, -0.07785, -0.06991, 0.04239, 0.04239, 0.0264, 0.04405, 0.04405, 0.04404, 0.04405, 0.04239, 0.04238, 0.0264], "cm5 charges": [-0.21784, -0.18187, 0.40724, -0.54447, -0.18186, -0.21784, 0.0956, 0.09558, 0.07733, 0.09991, 0.09991, 0.0999, 0.09992, 0.09558, 0.09558, 0.07733], "FUKUI+": [0.033, 0.029, -0.192, -0.296, 0.029, 0.033, -0.031, -0.031, -0.062, -0.097, -0.097, -0.097, -0.097, -0.031, -0.031, -0.062], "FUKUI-": [0.022, -0.014, -0.045, -0.199, -0.014, 0.022, -0.056, -0.056, -0.114, -0.08, -0.08, -0.08, -0.08, -0.056, -0.056, -0.114], "FUKUIrad": [0.027, 0.008, -0.118, -0.248, 0.008, 0.027, -0.044, -0.044, -0.088, -0.088, -0.088, -0.088, -0.088, -0.044, -0.044, -0.088], "s proportion": [1.003, 1.037, 1.08, 1.74, 1.037, 1.003, 0.958, 0.958, 0.974, 0.956, 0.956, 0.956, 0.956, 0.958, 0.958, 0.974], "p proportion": [3.067, 3.041, 2.53, 4.753, 3.041, 3.067, 0.0, 0.0, 0.0, 0.0, 0.0, 0.0, 0.0, 0.0, 0.0, 0.0], "d proportion": [0.0, 0.0, 0.0, 0.0, 0.0, 0.0, 0.0, 0.0, 0.0, 0.0, 0.0, 0.0, 0.0, 0.0, 0.0, 0.0], "Fermi-level/eV": -8.7552, "Coordination numbers": [3.75, 3.801, 2.811, 0.856, 3.801, 3.75, 0.924, 0.924, 0.924, 0.924, 0.924, 0.924, 0.924, 0.924, 0.924, 0.924], "Dispersion coefficient C6": [22.421, 21.993, 23.226, 20.866, 21.993, 22.421, 2.337, 2.337, 2.52, 2.265, 2.265, 2.265, 2.265, 2.337, 2.337, 2.521], "Total dispersion C6": 1887.657813, "Total dispersion C8": 40246.158611, "Polarizability alpha": [6.753, 6.677, 7.896, 6.124, 6.677, 6.753, 2.391, 2.391, 2.483, 2.353, 2.353, 2.354, 2.353, 2.391, 2.391, 2.483], "Total polarizability alpha": 64.823438, "Wiberg matrix": [[0.0, 1.0212450586263877, 0.0, 0.0, 0.0, 0.0, 0.9863622822122915, 0.9863612756525786, 0.9867864668780191, 0.0, 0.0, 0.0, 0.0, 0.0, 0.0, 0.0], [1.0212450586263877, 0.0, 0.9895457448620975, 0.0, 0.0, 0.0, 0.0, 0.0, 0.0, 0.9543903146080193, 0.9543953949905368, 0.0, 0.0, 0.0, 0.0, 0.0], [0.0, 0.9895457448620975, 0.0, 1.863722990323295, 0.9895249698312862, 0.0, 0.0, 0.0, 0.0, 0.0, 0.0, 0.0, 0.0, 0.0, 0.0, 0.0], [0.0, 0.0, 1.863722990323295, 0.0, 0.0, 0.0, 0.0, 0.0, 0.0, 0.0, 0.0, 0.0, 0.0, 0.0, 0.0, 0.0], [0.0, 0.0, 0.9895249698312862, 0.0, 0.0, 1.0212585601259319, 0.0, 0.0, 0.0, 0.0, 0.0, 0.9543895244682362, 0.9543968807977529, 0.0, 0.0, 0.0], [0.0, 0.0, 0.0, 0.0, 1.0212585601259319, 0.0, 0.0, 0.0, 0.0, 0.0, 0.0, 0.0, 0.0, 0.9863593726925927, 0.9863581135194165, 0.9867827664366361], [0.9863622822122915, 0.0, 0.0, 0.0, 0.0, 0.0, 0.0, 0.0, 0.0, 0.0, 0.0, 0.0, 0.0, 0.0, 0.0, 0.0], [0.9863612756525786, 0.0, 0.0, 0.0, 0.0, 0.0, 0.0, 0.0, 0.0, 0.0, 0.0, 0.0, 0.0, 0.0, 0.0, 0.0], [0.9867864668780191, 0.0, 0.0, 0.0, 0.0, 0.0, 0.0, 0.0, 0.0, 0.0, 0.0, 0.0, 0.0, 0.0, 0.0, 0.0], [0.0, 0.9543903146080193, 0.0, 0.0, 0.0, 0.0, 0.0, 0.0, 0.0, 0.0, 0.0, 0.0, 0.0, 0.0, 0.0, 0.0], [0.0, 0.9543953949905368, 0.0, 0.0, 0.0, 0.0, 0.0, 0.0, 0.0, 0.0, 0.0, 0.0, 0.0, 0.0, 0.0, 0.0], [0.0, 0.0, 0.0, 0.0, 0.9543895244682362, 0.0, 0.0, 0.0, 0.0, 0.0, 0.0, 0.0, 0.0, 0.0, 0.0, 0.0], [0.0, 0.0, 0.0, 0.0, 0.9543968807977529, 0.0, 0.0, 0.0, 0.0, 0.0, 0.0, 0.0, 0.0, 0.0, 0.0, 0.0], [0.0, 0.0, 0.0, 0.0, 0.0, 0.9863593726925927, 0.0, 0.0, 0.0, 0.0, 0.0, 0.0, 0.0, 0.0, 0.0, 0.0], [0.0, 0.0, 0.0, 0.0, 0.0, 0.9863581135194165, 0.0, 0.0, 0.0, 0.0, 0.0, 0.0, 0.0, 0.0, 0.0, 0.0], [0.0, 0.0, 0.0, 0.0, 0.0, 0.9867827664366361, 0.0, 0.0, 0.0, 0.0, 0.0, 0.0, 0.0, 0.0, 0.0, 0.0]], "Born radii": [], "Atomic SASAs": [], "Solvent H bonds": [], "Total SASA": NaN, "Total FOD": 0.0, "FOD": [0.0, 0.0, 0.0, 0.0, 0.0, 0.0, 0.0, 0.0, 0.0, 0.0, 0.0, 0.0, 0.0, 0.0, 0.0, 0.0], "FOD s proportion": [0.0, 0.0, 0.0, 0.0, 0.0, 0.0, 0.0, 0.0, 0.0, 0.0, 0.0, 0.0, 0.0, 0.0, 0.0, 0.0], "FOD p proportion": [0.0, 0.0, 0.0, 0.0, 0.0, 0.0, 0.0, 0.0, 0.0, 0.0, 0.0, 0.0, 0.0, 0.0, 0.0, 0.0], "FOD d proportion": [0.0, 0.0, 0.0, 0.0, 0.0, 0.0, 0.0, 0.0, 0.0, 0.0, 0.0, 0.0, 0.0, 0.0, 0.0, 0.0], "coordinates": [["2.54820", "-0.03870", "0.10070"], ["1.20200", "0.62750", "0.32080"], ["0.03610", "-0.25000", "-0.10410"], ["0.19850", "-1.37550", "-0.57290"], ["-1.34400", "0.35660", "0.08910"], ["-2.46010", "-0.57160", "-0.35490"], ["2.69900", "-0.28070", "-0.95650"], ["2.62420", "-0.96990", "0.67190"], ["3.35830", "0.62470", "0.41870"], ["1.15630", "1.55800", "-0.25460"], ["1.08100", "0.86520", "1.38280"], ["-1.46680", "0.59410", "1.15100"], ["-1.39160", "1.28690", "-0.48640"], ["-2.44080", "-1.50880", "0.21110"], ["-2.36600", "-0.81970", "-1.41730"], ["-3.43430", "-0.09810", "-0.19930"]], "bond_dist": [[0.0, 1.518064850393421, 2.529276011035569, 2.786011717491511, 3.912239446915283, 5.057135815854663, 1.0949778445247191, 1.0950702625859219, 1.0942968381568137, 2.1478069256802392, 2.147903968989303, 4.198069905325542, 4.198085969820056, 5.202259429324916, 5.202273218507464, 5.990311728950339], [1.518064850393421, 0.0, 1.5198253419390007, 2.4119952197299233, 2.57083404754177, 3.9122100799931494, 2.1673328147748787, 2.1673972432389963, 2.158523092301771, 1.0949903652544164, 1.094982324058247, 2.795145978298808, 2.7951996637091954, 4.224429383952346, 4.224453035601178, 4.721469798696164], [2.529276011035569, 1.5198253419390007, 0.0, 1.2299989634141972, 1.519857167631222, 2.529296669036671, 2.796169640776468, 2.796192700798713, 3.4749723408971187, 2.132220037894776, 2.132219186669138, 2.13224980478367, 2.1322622235550672, 2.796240706734668, 2.7962719359890587, 3.475027022916512], [2.786011717491511, 2.4119952197299233, 1.2299989634141972, 0.0, 2.4119951616866895, 2.786024617622752, 2.756489842172468, 2.756457670634541, 3.8689025110488373, 3.1022762578468086, 3.102306437152848, 3.1023184008093043, 3.1023014070202786, 2.7565067349817958, 2.7565531465944932, 3.8689227906485804], [3.912239446915283, 2.57083404754177, 1.519857167631222, 2.4119951616866895, 0.0, 1.518015299659394, 4.224367366837312, 4.2244371613269385, 4.72145518458028, 2.7951729356159705, 2.795167016476833, 1.095042327949016, 1.0949539259713168, 2.1673881516701154, 2.1673501447620316, 2.158536712682923], [5.057135815854663, 3.9122100799931494, 2.529296669036671, 2.786024617622752, 1.518015299659394, 0.0, 5.202197437621914, 5.2022175675379065, 5.99027288276586, 4.198047785578435, 4.198021526862386, 2.147844545119595, 2.1477911327687336, 1.095021611658875, 1.0950352414420277, 1.0942939504538987], [1.0949778445247191, 2.1673328147748787, 2.796169640776468, 2.756489842172468, 4.224367366837312, 5.202197437621914, 0.0, 1.7698243528666906, 1.7735841367130007, 2.500680825295383, 3.066485822566281, 4.749812725781933, 4.40583387453499, 5.411937121770724, 5.114399538557777, 6.182561240295158], [1.0950702625859219, 2.1673972432389963, 2.796192700798713, 2.756457670634541, 4.2244371613269385, 5.2022175675379065, 1.7698243528666906, 0.0, 1.773629671041844, 3.0664981770742994, 2.5008872545558707, 4.405895347145686, 4.7498899745152, 5.114389000652961, 5.411969393852851, 6.182592250019405], [1.0942968381568137, 2.158523092301771, 3.4749723408971187, 3.8689025110488373, 4.72145518458028, 5.99027288276586, 1.7735841367130007, 1.773629671041844, 0.0, 2.4845896602859794, 2.484637669761931, 4.880449739521963, 4.880498423317029, 6.182594990778548, 6.182620629635947, 6.858846739795255], [2.1478069256802392, 1.0949903652544164, 2.132220037894776, 3.1022762578468086, 2.7951729356159705, 4.198047785578435, 2.500680825295383, 3.0664981770742994, 2.4845896602859794, 0.0, 1.7795282211867278, 3.1281732976291448, 2.572745782233449, 4.749870223490322, 4.40589671576627, 4.8805054717723655], [2.147903968989303, 1.094982324058247, 2.132219186669138, 3.102306437152848, 2.795167016476833, 4.198021526862386, 3.066485822566281, 2.5008872545558707, 2.484637669761931, 1.7795282211867278, 0.0, 2.5726467480009765, 3.1281768316385183, 4.405886077737371, 4.7498691581979395, 4.880463235185775], [4.198069905325542, 2.795145978298808, 2.13224980478367, 3.1023184008093043, 1.095042327949016, 2.147844545119595, 4.749812725781933, 4.405895347145686, 4.880449739521963, 3.1281732976291448, 2.5726467480009765, 0.0, 1.7795239925328346, 2.5008551377478865, 3.0665218032813657, 2.4846543381323687], [4.198085969820056, 2.7951996637091954, 2.1322622235550672, 3.1023014070202786, 1.0949539259713168, 2.1477911327687336, 4.40583387453499, 4.7498899745152, 4.880498423317029, 2.572745782233449, 3.1281768316385183, 1.7795239925328346, 0.0, 3.06647442187278, 2.5007586308958327, 2.4846075545244566], [5.202259429324916, 4.224429383952346, 2.796240706734668, 2.7565067349817958, 2.1673881516701154, 1.095021611658875, 5.411937121770724, 5.114389000652961, 6.182594990778548, 4.749870223490322, 4.405886077737371, 2.5008551377478865, 3.06647442187278, 0.0, 1.7697854135459474, 1.7735684086045285], [5.202273218507464, 4.224453035601178, 2.7962719359890587, 2.7565531465944932, 2.1673501447620316, 1.0950352414420277, 5.114399538557777, 5.411969393852851, 6.182620629635947, 4.40589671576627, 4.7498691581979395, 3.0665218032813657, 2.5007586308958327, 1.7697854135459474, 0.0, 1.773554467728578], [5.990311728950339, 4.721469798696164, 3.475027022916512, 3.8689227906485804, 2.158536712682923, 1.0942939504538987, 6.182561240295158, 6.182592250019405, 6.858846739795255, 4.8805054717723655, 4.880463235185775, 2.4846543381323687, 2.4846075545244566, 1.7735684086045285, 1.773554467728578, 0.0]]}