{"total energy": -71.53193225, "HOMO-LUMO gap/eV": 1.07638465, "electronic energy": -72.28507462, "dipole": [1.24525482, -0.07156914, -2.26816077], "partial charges": [-0.11402635, 0.09444177, -0.2724226, 0.38173116, -0.37398893, -0.26187354, 0.09400573, -0.11372559, -0.10398637, 0.09731069, 0.01619116, -0.1827973, -0.0948355, 0.28123193, -0.37950804, -0.02013145, -0.00894806, -0.01836545, -0.01774453, -0.00813531, -0.01870775, 0.28305332, -0.36743285, 0.05774964, 0.05875177, 0.05802912, 0.05058784, 0.05614021, 0.04423794, 0.05274195, 0.0558954, 0.06923616, 0.05861934, 0.09470494, 0.10104261, 0.09105477, 0.06951011, 0.0589819, 0.05955191, 0.07182823], "atomic dipole moments": [[-0.00502743, 0.13277259, 0.06285686], [0.28180123, 0.01129215, 0.02199855], [-0.15828569, 0.11269985, -0.02585162], [0.12971125, -0.09250011, -0.21048549], [0.2310124, -0.22029811, -0.28010661], [0.07030011, 0.13616918, 0.08947169], [-0.06646729, -0.27536048, 0.01921123], [0.03432007, -0.00674042, 0.15011614], [-0.33128851, -0.20324084, -0.25838523], [0.12306511, 0.05287684, 0.1092674], [0.02589426, 0.02625936, -0.20215243], [0.03073813, 0.00717346, 0.10329007], [-0.02661782, 0.00660669, 0.02370083], [-0.04837315, -0.08370338, 0.08171897], [0.15012798, -0.08174888, 0.08934685], [-0.0848532, -0.02363666, 0.01991676], [-0.00245284, -0.01649559, 0.0179874], [-0.02230524, -0.01258261, 0.01181159], [-0.0253719, -0.00970194, 0.00850998], [-0.02316811, 0.00578607, -0.00784562], [-0.0659461, -0.04541633, 0.04629263], [-0.12308898, 0.00044771, -0.01389943], [-0.04355028, 0.11868707, -0.1420745], [0.07059813, -0.00448201, -0.10656032], [-0.12246087, -0.03440662, -0.02844963], [0.05293949, -0.08999675, 0.07443122], [-0.04057022, 0.08921205, -0.0770713], [-0.05878518, -0.00036847, 0.10854275], [0.11962014, 0.01637669, 0.02057042], [-0.06971756, 0.07223437, 0.06947639], [-0.12254717, -0.02451355, -0.02375932], [0.06187779, -0.08451237, -0.0766691], [0.02749373, 0.12166121, -0.03890373], [-0.09325365, 0.02596829, -0.08505963], [0.09170549, -0.04528616, 0.09456318], [-0.11609999, -0.0502904, 0.04723476], [-0.08446339, 0.08575032, -0.10151395], [0.07362882, 0.09423239, -0.09684442], [0.15356757, 0.01080005, 0.00265198], [0.08072576, -0.08681581, 0.10432986]], "atomic quadrupole moments": [[-0.1346059, 0.02357993, 0.20324265, 0.00985543, 0.16859479, -0.06863675], [0.37783753, 0.18844769, -0.06349472, 0.15233181, 0.166729, -0.31434281], [0.08127712, 0.03815877, 0.02726177, 0.03267206, 0.02775491, -0.10853889], [0.40132471, 0.4551344, 0.17451876, 0.37993058, -0.57755943, -0.57584347], [8.322e-05, -0.25610295, -0.16001464, -0.39373381, 0.34266244, 0.15993142], [-0.09882998, 0.04298524, 0.08611591, 0.02270967, -0.06243695, 0.01271407], [-0.341543, 0.15830549, 0.3697586, 0.03147679, -0.24734211, -0.02821559], [-0.12409638, -0.00812455, -0.13337698, 0.09558858, -0.0687264, 0.25747337], [0.3443639, -0.13498618, -0.34989439, -0.09190182, 0.43506307, 0.00553049], [-0.0554765, 0.03968838, 0.01989033, -0.23327533, 0.13778293, 0.03558617], [-0.33508829, -0.07772164, 0.14906209, -0.12653979, 0.25564484, 0.1860262], [-0.27912423, -0.07405333, -0.03431412, -0.11473484, 0.3832898, 0.31343835], [0.04799046, 0.01562756, -0.02645094, -0.03224719, -0.01107927, -0.02153952], [-0.25823164, -0.04222054, 0.12805978, 0.01788634, 0.33764872, 0.13017185], [-0.10016585, -0.02211001, 0.0519801, 0.01173634, 0.1777594, 0.04818575], [-0.03440274, -0.04262939, 0.04329612, 0.01137926, 0.27803835, -0.00889339], [-0.30563221, -0.01649156, 0.19464818, -0.06317525, 0.4261144, 0.11098402], [-0.26374777, -0.02902064, 0.17482022, -0.04549592, 0.43397152, 0.08892755], [-0.28342981, -0.02429121, 0.18534902, -0.05356728, 0.42583829, 0.09808079], [-0.25164349, -0.03385075, 0.17310427, -0.04300473, 0.45587922, 0.07853923], [-0.24673663, 0.01980654, 0.14349426, -0.0731283, 0.17393586, 0.10324237], [-0.2566331, -0.08166303, 0.18948584, -0.00261155, 0.3346463, 0.06714727], [-0.14096006, -0.02160188, 0.09860202, -0.01893523, 0.16139096, 0.04235804], [-0.01798794, 0.00510276, -0.02667992, -0.05901347, -0.00985141, 0.04466786], [0.07623346, 0.02211597, -0.03204468, 0.02288303, 0.01061984, -0.04418878], [-0.03543266, -0.03297556, 0.01189341, 0.03065588, -0.04542366, 0.02353925], [0.00102127, 0.01080145, 0.00846071, 0.0282556, -0.02293093, -0.00948199], [0.00419827, 0.02110326, -0.02847279, -0.02006214, 0.00599828, 0.02427452], [0.03005304, 0.0109825, -0.00518105, 0.00655045, -0.02435675, -0.02487198], [-0.01361085, -0.02308018, 0.01577248, -0.0260563, 0.00220709, -0.00216163], [0.07958049, 0.01908867, -0.05143955, 0.00557865, 0.00421834, -0.02814095], [0.00260479, -0.05065789, 0.00209493, -0.02653062, 0.03885662, -0.00469973], [-0.04143215, 0.03136132, 0.0701633, -0.00169745, -0.02762498, -0.02873115], [0.00139343, -0.00285417, -0.01524294, 0.00160817, 0.01032086, 0.01384951], [0.01808115, -0.0139595, -0.0147187, 0.02933215, 0.0168855, -0.00336245], [0.03279008, 0.00864638, -0.01333588, -0.02194808, 0.01842043, -0.0194542], [0.02697101, 0.00650213, -0.01735707, 0.00078013, -0.04190915, -0.00961394], [0.03788671, 0.00056298, -0.02383466, 0.00901963, -0.04650979, -0.01405205], [0.02432761, 0.00460447, -0.01741784, 0.003393, -0.05324063, -0.00690977], [0.0312444, 0.00539619, -0.01919414, 0.00211559, -0.03925071, -0.01205026]], "number of molecular orbitals": 129, "number of electrons": 126, "number of unpaired electrons": 0, "orbital energies/eV": [-29.12480635, -20.65828513, -20.55075457, -20.35473422, -20.26673643, -20.13541255, -19.8012638, -19.32025792, -19.02208761, -18.70002731, -18.60486491, -18.15434, -18.10953357, -18.0862368, -18.00559374, -17.48787505, -17.22627258, -17.17416352, -16.76898313, -16.72911318, -16.6816164, -16.58932612, -16.41623537, -16.22279053, -16.02571511, -15.75962692, -15.71666659, -15.63255917, -15.47456259, -15.25824254, -15.15399743, -15.10065777, -14.96732903, -14.87810322, -14.64456151, -14.49162674, -14.45326164, -14.38604491, -14.22382109, -14.188393, -14.06961528, -13.77403853, -13.70635533, -13.53876859, -13.32598871, -13.17335917, -13.12136647, -13.08004929, -12.92288349, -12.85510676, -12.67105071, -12.57938747, -12.24532529, -12.20685363, -12.16847973, -12.07285619, -11.95550397, -11.90813257, -11.81020901, -11.66239074, -11.4134431, -10.16132689, -10.09041113, -9.01402647, -7.71541899, -6.92366476, -6.49705876, -6.3107585, -5.25272604, -4.8263994, -4.73930866, -3.89218663, -3.18279412, -3.11077017, -1.98737577, -1.19152462, -0.88600133, -0.41333994, -0.02378131, 0.07477898, 0.16507033, 0.17614961, 0.18037033, 0.4290254, 0.67361812, 0.7252901, 1.46373213, 1.61038205, 2.24532343, 2.37062551, 2.44444419, 2.70248449, 2.84357658, 3.14685695, 3.18492754, 3.3031708, 3.37318822, 3.50127356, 3.54217293, 3.72068158, 3.87002166, 4.06729047, 4.15853584, 4.25990146, 4.34899827, 4.51479722, 4.59855844, 4.92808408, 5.59494245, 6.19890369, 6.23319686, 6.43383455, 6.52156013, 6.73200661, 7.49687233, 8.83515208, 9.57220866, 10.07634383, 10.48077181, 10.49278181, 11.04495782, 11.48413, 13.67405931, 16.37606048, 18.34293912, 19.52728558, 25.86365284, 27.13529101, 36.30524702], "fractional occupation": [2.0, 2.0, 2.0, 2.0, 2.0, 2.0, 2.0, 2.0, 2.0, 2.0, 2.0, 2.0, 2.0, 2.0, 2.0, 2.0, 2.0, 2.0, 2.0, 2.0, 2.0, 2.0, 2.0, 2.0, 2.0, 2.0, 2.0, 2.0, 2.0, 2.0, 2.0, 2.0, 2.0, 2.0, 2.0, 2.0, 2.0, 2.0, 2.0, 2.0, 2.0, 2.0, 2.0, 2.0, 2.0, 2.0, 2.0, 2.0, 2.0, 2.0, 2.0, 2.0, 2.0, 2.0, 2.0, 2.0, 2.0, 2.0, 2.0, 2.0, 2.0, 2.0, 2.0, 0.0, 0.0, 0.0, 0.0, 0.0, 0.0, 0.0, 0.0, 0.0, 0.0, 0.0, 0.0, 0.0, 0.0, 0.0, 0.0, 0.0, 0.0, 0.0, 0.0, 0.0, 0.0, 0.0, 0.0, 0.0, 0.0, 0.0, 0.0, 0.0, 0.0, 0.0, 0.0, 0.0, 0.0, 0.0, 0.0, 0.0, 0.0, 0.0, 0.0, 0.0, 0.0, 0.0, 0.0, 0.0, 0.0, 0.0, 0.0, 0.0, 0.0, 0.0, 0.0, 0.0, 0.0, 0.0, 0.0, 0.0, 0.0, 0.0, 0.0, 0.0, 0.0, 0.0, 0.0, 0.0, 0.0], "program call": "xtb /home/svss/Project-DBcg-Debug/aqme2_20220329/End-to-End-workflows-final/example-3/QDESCP/mol_261_rdkit_conf_1/mol_261_rdkit_conf_1.xyz --pop --wbo --acc 0.2 --gfn 2 --chrg 0 --uhf 0 --etemp 300 --input /home/svss/Project-DBcg-Debug/aqme2_20220329/End-to-End-workflows-final/example-3/QDESCP/mol_261_rdkit_conf_1/mol_261_rdkit_conf_1_xtb.inp", "method": "GFN2-xTB", "xtb version": "6.3.3 (7355c4f)", "Dipole module/D": 6.579, "Total charge": 0, "Transition dipole module/D": NaN, "HOMO": -10.0904, "LUMO": -9.014, "HOMO occupancy": 2.0, "LUMO occupancy": 0, "mulliken charges": [-0.09702, 0.21264, -0.38279, 0.37576, -0.20497, -0.37535, 0.20635, -0.09256, -0.06803, 0.18057, 0.05278, -0.15265, -0.25894, 0.47964, -0.51087, -0.04197, 0.0058, -0.01514, -0.01458, 0.00686, -0.04007, 0.48082, -0.50481, 0.04251, 0.03353, 0.04055, 0.03667, 0.02763, 0.02729, 0.02323, 0.03625, 0.05214, 0.03322, 0.0777, 0.06115, 0.0562, 0.05915, 0.04489, 0.04528, 0.06115], "cm5 charges": [-0.24356, 0.13453, -0.44743, 0.31464, -0.17549, -0.44152, 0.12791, -0.239, -0.06109, 0.19674, -0.03989, -0.15945, -0.50287, 0.58351, -0.5554, -0.03616, -0.04551, -0.06977, -0.0692, -0.04441, -0.03419, 0.58559, -0.5477, 0.09602, 0.08476, 0.09392, 0.10478, 0.09172, 0.09427, 0.08789, 0.08955, 0.10714, 0.08458, 0.15892, 0.12348, 0.11731, 0.11654, 0.09995, 0.10034, 0.11856], "FUKUI+": [0.004, 0.005, 0.0, -0.024, -0.058, -0.0, 0.006, 0.005, -0.032, 0.024, 0.015, -0.019, -0.04, -0.044, -0.135, -0.037, -0.018, -0.034, -0.035, -0.018, -0.038, -0.043, -0.137, 0.001, -0.013, -0.005, -0.005, -0.01, 0.012, -0.013, -0.015, 0.007, -0.009, -0.024, -0.009, -0.027, -0.054, -0.065, -0.065, -0.054], "FUKUI-": [0.008, 0.013, 0.002, -0.108, -0.34, 0.0, 0.013, 0.009, -0.076, 0.016, 0.019, -0.106, -0.012, -0.001, -0.028, -0.006, -0.009, -0.011, -0.011, -0.009, -0.007, -0.004, -0.049, -0.009, -0.023, -0.013, -0.01, -0.01, -0.009, -0.008, -0.016, -0.011, -0.022, -0.019, -0.028, -0.021, -0.022, -0.031, -0.03, -0.022], "FUKUIrad": [0.006, 0.009, 0.001, -0.066, -0.199, -0.0, 0.009, 0.007, -0.054, 0.02, 0.017, -0.063, -0.026, -0.022, -0.081, -0.022, -0.013, -0.022, -0.023, -0.013, -0.023, -0.023, -0.093, -0.004, -0.018, -0.009, -0.008, -0.01, 0.002, -0.011, -0.015, -0.002, -0.015, -0.021, -0.018, -0.024, -0.038, -0.048, -0.047, -0.038], "s proportion": [1.013, 0.994, 1.654, 1.515, 1.891, 1.658, 0.993, 1.011, 1.914, 1.046, 1.056, 1.951, 1.44, 0.99, 1.726, 1.082, 1.063, 1.07, 1.07, 1.063, 1.083, 0.988, 1.725, 0.957, 0.966, 0.959, 0.963, 0.972, 0.973, 0.977, 0.964, 0.948, 0.967, 0.922, 0.939, 0.944, 0.941, 0.955, 0.955, 0.939], "p proportion": [3.084, 2.794, 4.729, 2.024, 4.328, 4.717, 2.801, 3.082, 4.161, 2.773, 2.891, 5.216, 3.819, 2.53, 4.785, 2.96, 2.931, 2.945, 2.944, 2.93, 2.957, 2.531, 4.779, 0.0, 0.0, 0.0, 0.0, 0.0, 0.0, 0.0, 0.0, 0.0, 0.0, 0.0, 0.0, 0.0, 0.0, 0.0, 0.0, 0.0], "d proportion": [0.0, 0.0, 0.0, 1.085, -0.014, 0.0, 0.0, 0.0, -0.007, 0.0, 0.0, -0.015, 0.0, 0.0, 0.0, 0.0, 0.0, 0.0, 0.0, 0.0, 0.0, 0.0, 0.0, 0.0, 0.0, 0.0, 0.0, 0.0, 0.0, 0.0, 0.0, 0.0, 0.0, 0.0, 0.0, 0.0, 0.0, 0.0, 0.0, 0.0], "Fermi-level/eV": -9.5514, "Coordination numbers": [3.749, 3.892, 1.658, 3.909, 0.926, 1.658, 3.898, 3.749, 1.961, 3.81, 3.74, 0.911, 2.837, 2.892, 0.857, 3.071, 2.909, 2.918, 2.918, 2.909, 3.073, 2.888, 0.857, 0.924, 0.924, 0.924, 0.924, 0.924, 0.924, 0.924, 0.924, 0.924, 0.924, 0.924, 0.924, 0.924, 0.925, 0.925, 0.925, 0.925], "Dispersion coefficient C6": [22.748, 18.973, 18.534, 144.381, 155.406, 18.356, 18.978, 22.742, 145.398, 18.97, 20.378, 104.877, 23.09, 22.254, 21.276, 28.435, 28.241, 28.467, 28.452, 28.222, 28.397, 22.221, 21.041, 2.226, 2.214, 2.222, 2.313, 2.245, 2.393, 2.286, 2.248, 2.094, 2.215, 1.834, 1.776, 1.869, 2.091, 2.211, 2.204, 2.065], "Total dispersion C6": 26310.0564, "Total dispersion C8": 777043.957047, "Polarizability alpha": [6.803, 6.192, 5.812, 21.585, 21.085, 5.784, 6.193, 6.802, 20.295, 6.2, 6.441, 15.667, 7.137, 7.734, 6.184, 8.743, 8.714, 8.749, 8.747, 8.711, 8.737, 7.728, 6.15, 2.333, 2.327, 2.331, 2.378, 2.343, 2.419, 2.364, 2.345, 2.263, 2.328, 2.118, 2.084, 2.138, 2.261, 2.325, 2.322, 2.247], "Total polarizability alpha": 255.119586, "Wiberg matrix": [[0.0, 1.015614125544908, 0.0, 0.0, 0.0, 0.0, 0.0, 0.0, 0.0, 0.0, 0.0, 0.0, 0.0, 0.0, 0.0, 0.0, 0.0, 0.0, 0.0, 0.0, 0.0, 0.0, 0.0, 0.9847081538043325, 0.9803873124662168, 0.9844882627862894, 0.0, 0.0, 0.0, 0.0, 0.0, 0.0, 0.0, 0.0, 0.0, 0.0, 0.0, 0.0, 0.0, 0.0], [1.015614125544908, 0.0, 0.9109018177507888, 0.0, 0.0, 0.0, 0.0, 0.0, 0.0, 0.0, 0.0, 0.0, 0.0, 0.0, 0.0, 0.0, 0.0, 0.0, 0.0, 0.0, 0.0, 0.0, 0.0, 0.0, 0.0, 0.0, 0.9694145938247029, 0.9705300177951799, 0.0, 0.0, 0.0, 0.0, 0.0, 0.0, 0.0, 0.0, 0.0, 0.0, 0.0, 0.0], [0.0, 0.9109018177507888, 0.0, 1.2361257469138867, 0.0, 0.0, 0.0, 0.0, 0.0, 0.0, 0.0, 0.0, 0.0, 0.0, 0.0, 0.0, 0.0, 0.0, 0.0, 0.0, 0.0, 0.0, 0.0, 0.0, 0.0, 0.0, 0.0, 0.0, 0.0, 0.0, 0.0, 0.0, 0.0, 0.0, 0.0, 0.0, 0.0, 0.0, 0.0, 0.0], [0.0, 0.0, 1.2361257469138867, 0.0, 1.5913927212112426, 1.2431525620643598, 0.0, 0.0, 1.022534015275554, 0.0, 0.0, 0.0, 0.0, 0.0, 0.0, 0.0, 0.0, 0.0, 0.0, 0.0, 0.0, 0.0, 0.0, 0.0, 0.0, 0.0, 0.0, 0.0, 0.0, 0.0, 0.0, 0.0, 0.0, 0.0, 0.0, 0.0, 0.0, 0.0, 0.0, 0.0], [0.0, 0.0, 0.0, 1.5913927212112426, 0.0, 0.0, 0.0, 0.0, 0.11645984971923175, 0.0, 0.0, 0.0, 0.0, 0.0, 0.0, 0.0, 0.0, 0.0, 0.0, 0.0, 0.0, 0.0, 0.0, 0.0, 0.0, 0.0, 0.0, 0.0, 0.0, 0.0, 0.0, 0.0, 0.0, 0.0, 0.0, 0.0, 0.0, 0.0, 0.0, 0.0], [0.0, 0.0, 0.0, 1.2431525620643598, 0.0, 0.0, 0.9177536957344303, 0.0, 0.0, 0.0, 0.0, 0.0, 0.0, 0.0, 0.0, 0.0, 0.0, 0.0, 0.0, 0.0, 0.0, 0.0, 0.0, 0.0, 0.0, 0.0, 0.0, 0.0, 0.0, 0.0, 0.0, 0.0, 0.0, 0.0, 0.0, 0.0, 0.0, 0.0, 0.0, 0.0], [0.0, 0.0, 0.0, 0.0, 0.0, 0.9177536957344303, 0.0, 1.0158465509689099, 0.0, 0.0, 0.0, 0.0, 0.0, 0.0, 0.0, 0.0, 0.0, 0.0, 0.0, 0.0, 0.0, 0.0, 0.0, 0.0, 0.0, 0.0, 0.0, 0.0, 0.9682379519356707, 0.9691773899144076, 0.0, 0.0, 0.0, 0.0, 0.0, 0.0, 0.0, 0.0, 0.0, 0.0], [0.0, 0.0, 0.0, 0.0, 0.0, 0.0, 1.0158465509689099, 0.0, 0.0, 0.0, 0.0, 0.0, 0.0, 0.0, 0.0, 0.0, 0.0, 0.0, 0.0, 0.0, 0.0, 0.0, 0.0, 0.0, 0.0, 0.0, 0.0, 0.0, 0.0, 0.0, 0.9849241169086572, 0.9826279685525714, 0.981022122797804, 0.0, 0.0, 0.0, 0.0, 0.0, 0.0, 0.0], [0.0, 0.0, 0.0, 1.022534015275554, 0.11645984971923175, 0.0, 0.0, 0.0, 0.0, 0.9298385532879517, 0.0, 0.0, 0.0, 0.0, 0.0, 0.0, 0.0, 0.0, 0.0, 0.0, 0.0, 0.0, 0.0, 0.0, 0.0, 0.0, 0.0, 0.0, 0.0, 0.0, 0.0, 0.0, 0.0, 0.0, 0.0, 0.0, 0.0, 0.0, 0.0, 0.0], [0.0, 0.0, 0.0, 0.0, 0.0, 0.0, 0.0, 0.0, 0.9298385532879517, 0.0, 1.0018328358988697, 0.0, 0.9880337555157107, 0.0, 0.0, 0.0, 0.0, 0.0, 0.0, 0.0, 0.0, 0.0, 0.0, 0.0, 0.0, 0.0, 0.0, 0.0, 0.0, 0.0, 0.0, 0.0, 0.0, 0.9488118572042596, 0.0, 0.0, 0.0, 0.0, 0.0, 0.0], [0.0, 0.0, 0.0, 0.0, 0.0, 0.0, 0.0, 0.0, 0.0, 1.0018328358988697, 0.0, 0.9531808077846674, 0.0, 0.0, 0.0, 0.0, 0.0, 0.0, 0.0, 0.0, 0.0, 0.0, 0.0, 0.0, 0.0, 0.0, 0.0, 0.0, 0.0, 0.0, 0.0, 0.0, 0.0, 0.0, 0.9697633491576233, 0.9690413024420653, 0.0, 0.0, 0.0, 0.0], [0.0, 0.0, 0.0, 0.0, 0.0, 0.0, 0.0, 0.0, 0.0, 0.0, 0.9531808077846674, 0.0, 0.0, 0.0, 0.0, 0.0, 0.0, 0.0, 0.0, 0.0, 0.0, 0.0, 0.0, 0.0, 0.0, 0.0, 0.0, 0.0, 0.0, 0.0, 0.0, 0.0, 0.0, 0.0, 0.0, 0.0, 0.0, 0.0, 0.0, 0.0], [0.0, 0.0, 0.0, 0.0, 0.0, 0.0, 0.0, 0.0, 0.0, 0.9880337555157107, 0.0, 0.0, 0.0, 1.1079585924901536, 0.12268056640633983, 0.0, 0.0, 0.0, 0.0, 0.0, 0.0, 1.103687260494493, 0.11942213012406683, 0.0, 0.0, 0.0, 0.0, 0.0, 0.0, 0.0, 0.0, 0.0, 0.0, 0.0, 0.0, 0.0, 0.0, 0.0, 0.0, 0.0], [0.0, 0.0, 0.0, 0.0, 0.0, 0.0, 0.0, 0.0, 0.0, 0.0, 0.0, 0.0, 1.1079585924901536, 0.0, 1.728984812439483, 1.009388194222596, 0.0, 0.0, 0.0, 0.0, 0.0, 0.0, 0.0, 0.0, 0.0, 0.0, 0.0, 0.0, 0.0, 0.0, 0.0, 0.0, 0.0, 0.0, 0.0, 0.0, 0.0, 0.0, 0.0, 0.0], [0.0, 0.0, 0.0, 0.0, 0.0, 0.0, 0.0, 0.0, 0.0, 0.0, 0.0, 0.0, 0.12268056640633983, 1.728984812439483, 0.0, 0.0, 0.0, 0.0, 0.0, 0.0, 0.0, 0.0, 0.0, 0.0, 0.0, 0.0, 0.0, 0.0, 0.0, 0.0, 0.0, 0.0, 0.0, 0.0, 0.0, 0.0, 0.0, 0.0, 0.0, 0.0], [0.0, 0.0, 0.0, 0.0, 0.0, 0.0, 0.0, 0.0, 0.0, 0.0, 0.0, 0.0, 0.0, 1.009388194222596, 0.0, 0.0, 1.4151344604944853, 0.0, 0.0, 0.0, 1.33003503639258, 0.0, 0.0, 0.0, 0.0, 0.0, 0.0, 0.0, 0.0, 0.0, 0.0, 0.0, 0.0, 0.0, 0.0, 0.0, 0.0, 0.0, 0.0, 0.0], [0.0, 0.0, 0.0, 0.0, 0.0, 0.0, 0.0, 0.0, 0.0, 0.0, 0.0, 0.0, 0.0, 0.0, 0.0, 1.4151344604944853, 0.0, 1.4254670900360809, 0.0, 0.0, 0.0, 0.0, 0.0, 0.0, 0.0, 0.0, 0.0, 0.0, 0.0, 0.0, 0.0, 0.0, 0.0, 0.0, 0.0, 0.0, 0.9649979241499687, 0.0, 0.0, 0.0], [0.0, 0.0, 0.0, 0.0, 0.0, 0.0, 0.0, 0.0, 0.0, 0.0, 0.0, 0.0, 0.0, 0.0, 0.0, 0.0, 1.4254670900360809, 0.0, 1.4383272068745674, 0.0, 0.10021747958274163, 0.0, 0.0, 0.0, 0.0, 0.0, 0.0, 0.0, 0.0, 0.0, 0.0, 0.0, 0.0, 0.0, 0.0, 0.0, 0.0, 0.9694907466640861, 0.0, 0.0], [0.0, 0.0, 0.0, 0.0, 0.0, 0.0, 0.0, 0.0, 0.0, 0.0, 0.0, 0.0, 0.0, 0.0, 0.0, 0.0, 0.0, 1.4383272068745674, 0.0, 1.4246584399466897, 0.0, 0.0, 0.0, 0.0, 0.0, 0.0, 0.0, 0.0, 0.0, 0.0, 0.0, 0.0, 0.0, 0.0, 0.0, 0.0, 0.0, 0.0, 0.9694169826042005, 0.0], [0.0, 0.0, 0.0, 0.0, 0.0, 0.0, 0.0, 0.0, 0.0, 0.0, 0.0, 0.0, 0.0, 0.0, 0.0, 0.0, 0.0, 0.0, 1.4246584399466897, 0.0, 1.4168184523521736, 0.0, 0.0, 0.0, 0.0, 0.0, 0.0, 0.0, 0.0, 0.0, 0.0, 0.0, 0.0, 0.0, 0.0, 0.0, 0.0, 0.0, 0.0, 0.9646083240381134], [0.0, 0.0, 0.0, 0.0, 0.0, 0.0, 0.0, 0.0, 0.0, 0.0, 0.0, 0.0, 0.0, 0.0, 0.0, 1.33003503639258, 0.0, 0.10021747958274163, 0.0, 1.4168184523521736, 0.0, 1.0064933867772161, 0.0, 0.0, 0.0, 0.0, 0.0, 0.0, 0.0, 0.0, 0.0, 0.0, 0.0, 0.0, 0.0, 0.0, 0.0, 0.0, 0.0, 0.0], [0.0, 0.0, 0.0, 0.0, 0.0, 0.0, 0.0, 0.0, 0.0, 0.0, 0.0, 0.0, 1.103687260494493, 0.0, 0.0, 0.0, 0.0, 0.0, 0.0, 0.0, 1.0064933867772161, 0.0, 1.739512330287805, 0.0, 0.0, 0.0, 0.0, 0.0, 0.0, 0.0, 0.0, 0.0, 0.0, 0.0, 0.0, 0.0, 0.0, 0.0, 0.0, 0.0], [0.0, 0.0, 0.0, 0.0, 0.0, 0.0, 0.0, 0.0, 0.0, 0.0, 0.0, 0.0, 0.11942213012406683, 0.0, 0.0, 0.0, 0.0, 0.0, 0.0, 0.0, 0.0, 1.739512330287805, 0.0, 0.0, 0.0, 0.0, 0.0, 0.0, 0.0, 0.0, 0.0, 0.0, 0.0, 0.0, 0.0, 0.0, 0.0, 0.0, 0.0, 0.0], [0.9847081538043325, 0.0, 0.0, 0.0, 0.0, 0.0, 0.0, 0.0, 0.0, 0.0, 0.0, 0.0, 0.0, 0.0, 0.0, 0.0, 0.0, 0.0, 0.0, 0.0, 0.0, 0.0, 0.0, 0.0, 0.0, 0.0, 0.0, 0.0, 0.0, 0.0, 0.0, 0.0, 0.0, 0.0, 0.0, 0.0, 0.0, 0.0, 0.0, 0.0], [0.9803873124662168, 0.0, 0.0, 0.0, 0.0, 0.0, 0.0, 0.0, 0.0, 0.0, 0.0, 0.0, 0.0, 0.0, 0.0, 0.0, 0.0, 0.0, 0.0, 0.0, 0.0, 0.0, 0.0, 0.0, 0.0, 0.0, 0.0, 0.0, 0.0, 0.0, 0.0, 0.0, 0.0, 0.0, 0.0, 0.0, 0.0, 0.0, 0.0, 0.0], [0.9844882627862894, 0.0, 0.0, 0.0, 0.0, 0.0, 0.0, 0.0, 0.0, 0.0, 0.0, 0.0, 0.0, 0.0, 0.0, 0.0, 0.0, 0.0, 0.0, 0.0, 0.0, 0.0, 0.0, 0.0, 0.0, 0.0, 0.0, 0.0, 0.0, 0.0, 0.0, 0.0, 0.0, 0.0, 0.0, 0.0, 0.0, 0.0, 0.0, 0.0], [0.0, 0.9694145938247029, 0.0, 0.0, 0.0, 0.0, 0.0, 0.0, 0.0, 0.0, 0.0, 0.0, 0.0, 0.0, 0.0, 0.0, 0.0, 0.0, 0.0, 0.0, 0.0, 0.0, 0.0, 0.0, 0.0, 0.0, 0.0, 0.0, 0.0, 0.0, 0.0, 0.0, 0.0, 0.0, 0.0, 0.0, 0.0, 0.0, 0.0, 0.0], [0.0, 0.9705300177951799, 0.0, 0.0, 0.0, 0.0, 0.0, 0.0, 0.0, 0.0, 0.0, 0.0, 0.0, 0.0, 0.0, 0.0, 0.0, 0.0, 0.0, 0.0, 0.0, 0.0, 0.0, 0.0, 0.0, 0.0, 0.0, 0.0, 0.0, 0.0, 0.0, 0.0, 0.0, 0.0, 0.0, 0.0, 0.0, 0.0, 0.0, 0.0], [0.0, 0.0, 0.0, 0.0, 0.0, 0.0, 0.9682379519356707, 0.0, 0.0, 0.0, 0.0, 0.0, 0.0, 0.0, 0.0, 0.0, 0.0, 0.0, 0.0, 0.0, 0.0, 0.0, 0.0, 0.0, 0.0, 0.0, 0.0, 0.0, 0.0, 0.0, 0.0, 0.0, 0.0, 0.0, 0.0, 0.0, 0.0, 0.0, 0.0, 0.0], [0.0, 0.0, 0.0, 0.0, 0.0, 0.0, 0.9691773899144076, 0.0, 0.0, 0.0, 0.0, 0.0, 0.0, 0.0, 0.0, 0.0, 0.0, 0.0, 0.0, 0.0, 0.0, 0.0, 0.0, 0.0, 0.0, 0.0, 0.0, 0.0, 0.0, 0.0, 0.0, 0.0, 0.0, 0.0, 0.0, 0.0, 0.0, 0.0, 0.0, 0.0], [0.0, 0.0, 0.0, 0.0, 0.0, 0.0, 0.0, 0.9849241169086572, 0.0, 0.0, 0.0, 0.0, 0.0, 0.0, 0.0, 0.0, 0.0, 0.0, 0.0, 0.0, 0.0, 0.0, 0.0, 0.0, 0.0, 0.0, 0.0, 0.0, 0.0, 0.0, 0.0, 0.0, 0.0, 0.0, 0.0, 0.0, 0.0, 0.0, 0.0, 0.0], [0.0, 0.0, 0.0, 0.0, 0.0, 0.0, 0.0, 0.9826279685525714, 0.0, 0.0, 0.0, 0.0, 0.0, 0.0, 0.0, 0.0, 0.0, 0.0, 0.0, 0.0, 0.0, 0.0, 0.0, 0.0, 0.0, 0.0, 0.0, 0.0, 0.0, 0.0, 0.0, 0.0, 0.0, 0.0, 0.0, 0.0, 0.0, 0.0, 0.0, 0.0], [0.0, 0.0, 0.0, 0.0, 0.0, 0.0, 0.0, 0.981022122797804, 0.0, 0.0, 0.0, 0.0, 0.0, 0.0, 0.0, 0.0, 0.0, 0.0, 0.0, 0.0, 0.0, 0.0, 0.0, 0.0, 0.0, 0.0, 0.0, 0.0, 0.0, 0.0, 0.0, 0.0, 0.0, 0.0, 0.0, 0.0, 0.0, 0.0, 0.0, 0.0], [0.0, 0.0, 0.0, 0.0, 0.0, 0.0, 0.0, 0.0, 0.0, 0.9488118572042596, 0.0, 0.0, 0.0, 0.0, 0.0, 0.0, 0.0, 0.0, 0.0, 0.0, 0.0, 0.0, 0.0, 0.0, 0.0, 0.0, 0.0, 0.0, 0.0, 0.0, 0.0, 0.0, 0.0, 0.0, 0.0, 0.0, 0.0, 0.0, 0.0, 0.0], [0.0, 0.0, 0.0, 0.0, 0.0, 0.0, 0.0, 0.0, 0.0, 0.0, 0.9697633491576233, 0.0, 0.0, 0.0, 0.0, 0.0, 0.0, 0.0, 0.0, 0.0, 0.0, 0.0, 0.0, 0.0, 0.0, 0.0, 0.0, 0.0, 0.0, 0.0, 0.0, 0.0, 0.0, 0.0, 0.0, 0.0, 0.0, 0.0, 0.0, 0.0], [0.0, 0.0, 0.0, 0.0, 0.0, 0.0, 0.0, 0.0, 0.0, 0.0, 0.9690413024420653, 0.0, 0.0, 0.0, 0.0, 0.0, 0.0, 0.0, 0.0, 0.0, 0.0, 0.0, 0.0, 0.0, 0.0, 0.0, 0.0, 0.0, 0.0, 0.0, 0.0, 0.0, 0.0, 0.0, 0.0, 0.0, 0.0, 0.0, 0.0, 0.0], [0.0, 0.0, 0.0, 0.0, 0.0, 0.0, 0.0, 0.0, 0.0, 0.0, 0.0, 0.0, 0.0, 0.0, 0.0, 0.0, 0.9649979241499687, 0.0, 0.0, 0.0, 0.0, 0.0, 0.0, 0.0, 0.0, 0.0, 0.0, 0.0, 0.0, 0.0, 0.0, 0.0, 0.0, 0.0, 0.0, 0.0, 0.0, 0.0, 0.0, 0.0], [0.0, 0.0, 0.0, 0.0, 0.0, 0.0, 0.0, 0.0, 0.0, 0.0, 0.0, 0.0, 0.0, 0.0, 0.0, 0.0, 0.0, 0.9694907466640861, 0.0, 0.0, 0.0, 0.0, 0.0, 0.0, 0.0, 0.0, 0.0, 0.0, 0.0, 0.0, 0.0, 0.0, 0.0, 0.0, 0.0, 0.0, 0.0, 0.0, 0.0, 0.0], [0.0, 0.0, 0.0, 0.0, 0.0, 0.0, 0.0, 0.0, 0.0, 0.0, 0.0, 0.0, 0.0, 0.0, 0.0, 0.0, 0.0, 0.0, 0.9694169826042005, 0.0, 0.0, 0.0, 0.0, 0.0, 0.0, 0.0, 0.0, 0.0, 0.0, 0.0, 0.0, 0.0, 0.0, 0.0, 0.0, 0.0, 0.0, 0.0, 0.0, 0.0], [0.0, 0.0, 0.0, 0.0, 0.0, 0.0, 0.0, 0.0, 0.0, 0.0, 0.0, 0.0, 0.0, 0.0, 0.0, 0.0, 0.0, 0.0, 0.0, 0.9646083240381134, 0.0, 0.0, 0.0, 0.0, 0.0, 0.0, 0.0, 0.0, 0.0, 0.0, 0.0, 0.0, 0.0, 0.0, 0.0, 0.0, 0.0, 0.0, 0.0, 0.0]], "Born radii": [], "Atomic SASAs": [], "Solvent H bonds": [], "Total SASA": NaN, "Total FOD": 0.0, "FOD": [0.0, 0.0, 0.0, 0.0, 0.0, 0.0, 0.0, 0.0, 0.0, 0.0, 0.0, 0.0, 0.0, 0.0, 0.0, 0.0, 0.0, 0.0, 0.0, 0.0, 0.0, 0.0, 0.0, 0.0, 0.0, 0.0, 0.0, 0.0, 0.0, 0.0, 0.0, 0.0, 0.0, 0.0, 0.0, 0.0, 0.0, 0.0, 0.0, 0.0], "FOD s proportion": [0.0, 0.0, 0.0, 0.0, 0.0, 0.0, 0.0, 0.0, 0.0, 0.0, 0.0, 0.0, 0.0, 0.0, 0.0, 0.0, 0.0, 0.0, 0.0, 0.0, 0.0, 0.0, 0.0, 0.0, 0.0, 0.0, 0.0, 0.0, 0.0, 0.0, 0.0, 0.0, 0.0, 0.0, 0.0, 0.0, 0.0, 0.0, 0.0, 0.0], "FOD p proportion": [0.0, 0.0, 0.0, 0.0, 0.0, 0.0, 0.0, 0.0, 0.0, 0.0, 0.0, 0.0, 0.0, 0.0, 0.0, 0.0, 0.0, 0.0, 0.0, 0.0, 0.0, 0.0, 0.0, 0.0, 0.0, 0.0, 0.0, 0.0, 0.0, 0.0, 0.0, 0.0, 0.0, 0.0, 0.0, 0.0, 0.0, 0.0, 0.0, 0.0], "FOD d proportion": [0.0, 0.0, 0.0, 0.0, 0.0, 0.0, 0.0, 0.0, 0.0, 0.0, 0.0, 0.0, 0.0, 0.0, 0.0, 0.0, 0.0, 0.0, 0.0, 0.0, 0.0, 0.0, 0.0, 0.0, 0.0, 0.0, 0.0, 0.0, 0.0, 0.0, 0.0, 0.0, 0.0, 0.0, 0.0, 0.0, 0.0, 0.0, 0.0, 0.0], "coordinates": [["-4.15900", "-2.94580", "0.73980"], ["-4.09000", "-1.57910", "1.39040"], ["-2.72960", "-1.29020", "1.67510"], ["-2.26160", "0.25600", "1.86550"], ["-3.24880", "1.16480", "3.27930"], ["-2.60970", "0.80480", "0.37690"], ["-2.29870", "2.14760", "0.03910"], ["-2.63250", "2.36230", "-1.42310"], ["-0.16730", "0.15090", "2.01790"], ["0.28330", "-0.82860", "0.54420"], ["0.27710", "-2.33220", "0.86030"], ["0.56610", "-3.29560", "-0.62180"], ["1.54590", "-0.33050", "0.01170"], ["1.60550", "0.62030", "-0.97170"], ["0.69360", "1.16500", "-1.56450"], ["3.01870", "0.91870", "-1.18580"], ["3.62890", "1.78060", "-2.07570"], ["5.02460", "1.85820", "-2.03300"], ["5.76440", "1.08620", "-1.11270"], ["5.12110", "0.22340", "-0.21950"], ["3.74300", "0.16250", "-0.28410"], ["2.79060", "-0.61820", "0.50240"], ["3.11250", "-1.35230", "1.41620"], ["-3.57500", "-2.96070", "-0.18650"], ["-5.19310", "-3.21740", "0.51010"], ["-3.73050", "-3.70880", "1.39810"], ["-4.51500", "-0.82660", "0.71940"], ["-4.65750", "-1.58230", "2.32570"], ["-1.23700", "2.34160", "0.21400"], ["-2.88990", "2.83010", "0.65620"], ["-3.69600", "2.17600", "-1.60600"], ["-2.07530", "1.66290", "-2.05460"], ["-2.39550", "3.38430", "-1.73170"], ["-0.48450", "-0.63250", "-0.21200"], ["1.03730", "-2.62220", "1.58980"], ["-0.69070", "-2.66040", "1.24600"], ["3.04770", "2.37110", "-2.77640"], ["5.54920", "2.52370", "-2.71680"], ["6.85030", "1.16580", "-1.09790"], ["5.67760", "-0.37360", "0.49590"]], "bond_dist": [[0.0, 1.5152261382381182, 2.3788614524599785, 3.888296605198734, 4.916762822223582, 4.074190380922325, 5.467579001715476, 5.931632513060801, 5.211214771049069, 4.924918729278687, 4.4799562966618325, 4.9297955951540215, 6.317895829308997, 6.991120204230507, 6.764333070599052, 8.376256496789003, 9.535055512161426, 10.728715897068017, 10.870264385469197, 9.853138644107268, 8.552865256742912, 7.332872607648384, 7.474722166074134, 1.095129992284021, 1.0935682237519528, 1.0950525740803496, 2.1489906467921167, 2.1500496064044663, 6.063921866251246, 5.9142729544720885, 5.652431501575229, 5.778459374262313, 7.020570525961547, 4.445135586233563, 5.275296261822648, 3.5166456304268134, 9.62131035462426, 11.666733092429945, 11.894834271228833, 10.170270380378293], [1.5152261382381182, 0.0, 1.4195793250114626, 2.6336967517161116, 3.435774710309161, 2.9835297132758707, 4.350064398373891, 5.057145683090413, 4.33292413273069, 4.517195765073725, 4.463152252612496, 5.354865852661484, 5.934912338021514, 6.546418640753125, 6.256544396070406, 7.963003639958982, 9.104001895320541, 10.325242467370924, 10.510876893009451, 9.522874958225588, 8.197134243746408, 7.003893857705155, 7.206116161289659, 2.1588555231881545, 2.1623562588065828, 2.159842964199018, 1.094130819417861, 1.0940075776702827, 4.989530483923311, 4.628210700692008, 4.820210054551565, 5.141751169591932, 6.103620091388389, 4.057507556370044, 5.236126742163524, 3.5700562376522864, 9.16040739104981, 11.252388027436664, 11.550596391096004, 9.882275560821], [2.3788614524599785, 1.4195793250114626, 0.0, 1.626656263627937, 2.9782631314240855, 2.4675340423183627, 3.8315322848698536, 4.790514366954763, 2.9596726744692563, 3.2510883992903055, 3.2847995266073697, 4.4898794259979855, 4.6869845209900145, 5.426661266377329, 5.314255680713904, 6.790209194862851, 7.995550983515769, 9.153690283705256, 9.250250904705233, 8.216689394762346, 6.916888945906245, 5.683257633611203, 5.848163645966142, 2.6402321810780207, 3.3376873864998204, 2.6321390103867994, 2.0774842021059987, 2.0555780646815625, 4.189586997545224, 4.247437508663312, 4.869711347708405, 4.8020381287532485, 5.79386393523355, 3.005692883512885, 3.9963778224787507, 2.4937297487899523, 8.160769891989359, 10.117961665276262, 10.271122091086252, 8.538833646347726], [3.888296605198734, 2.6336967517161116, 1.626656263627937, 0.0, 1.9491823208720114, 1.6242798434998817, 2.629688941681126, 3.922876044434746, 2.1024662327847268, 3.065731048216722, 3.7622073268229115, 5.176525006217974, 4.275232501279901, 4.810081157319489, 4.617833695576314, 6.1344250806412175, 7.249513973364007, 8.417485226004262, 8.600905956932676, 7.671541373804876, 6.378459341408394, 5.305373887861251, 5.627561655815066, 4.035205378911958, 4.742921986497353, 4.253912200551394, 2.7501599098961496, 3.0547451186637486, 2.8507866931778674, 2.9125861686823957, 4.2184375792466104, 4.169083749458626, 4.769070972422197, 2.87463439588411, 4.386660112203817, 3.3699994094954975, 7.362713501827977, 9.335337873906868, 9.624769982186589, 8.081033161669366], [4.916762822223582, 3.435774710309161, 2.9782631314240855, 1.9491823208720114, 0.0, 2.9936557200185865, 3.5167430798965116, 4.8914617140482655, 3.480627159004538, 4.891844844227994, 5.523815783496043, 7.047496816600913, 5.991851127990415, 6.47546984704585, 6.245391600212112, 7.699301232579486, 8.738306010320308, 9.856494428040834, 10.026645311369103, 9.120474845642633, 7.9112383411195495, 6.8821955050695856, 7.0903506055765675, 5.397955754727896, 5.536465295655704, 5.246229626121983, 3.4816697732553554, 3.23115259002109, 3.850748183145712, 3.1277287142589585, 5.0088590886548205, 5.484131204666788, 5.546568501334857, 4.802167996853089, 5.963759926422257, 5.030938236551906, 8.818876029857774, 10.733341903619767, 11.006893369611609, 9.47600163993232], [4.074190380922325, 2.9835297132758707, 2.4675340423183627, 1.6242798434998817, 2.9936557200185865, 0.0, 1.419134130376689, 2.3804046063642206, 3.0142634208044927, 3.326474688014325, 4.290461373791867, 5.2817030861266705, 4.323342282308908, 4.429522914490906, 3.848450193259619, 5.842421677694961, 6.7740358989305625, 8.074639686078878, 8.510208277709777, 7.775537766611388, 6.419210822211715, 5.586046843699039, 6.202966849822753, 3.9278765128247097, 4.78223699119983, 4.761473200596639, 2.531588493416732, 3.6999395522089276, 2.0670258682464526, 2.063579564736964, 2.644263515612618, 2.6332700621090885, 3.338546966870468, 2.632320181892773, 5.149375147530038, 4.055306011881225, 6.663540450841429, 8.893438373879924, 9.581072802144863, 8.371506964101505], [5.467579001715476, 4.350064398373891, 3.8315322848698536, 2.629688941681126, 3.5167430798965116, 1.419134130376689, 0.0, 1.5151063890037555, 3.527793402397595, 3.972356536113042, 5.232372609056048, 6.18646054622512, 4.574131560198067, 4.312440094656389, 3.5342460313339816, 5.593327987879846, 6.304245379107638, 7.616303149166268, 8.213817310483597, 7.66960570303324, 6.367669835976109, 5.810789190807045, 6.5899005956084045, 5.270158056453336, 6.114132592608701, 6.180158023869618, 3.7710289603767295, 4.970375338945742, 1.0933585413760667, 1.0936800720503226, 2.1586124849078403, 2.1606529892604227, 2.1620660882590985, 3.3291633873993027, 6.023666535425082, 5.211442757049146, 6.046568072882335, 8.326221858081851, 9.271510191980592, 8.377737007688891], [5.931632513060801, 5.057145683090413, 4.790514366954763, 3.922876044434746, 4.8914617140482655, 2.3804046063642206, 1.5151063890037555, 0.0, 4.775770304359287, 4.749105362065576, 5.976455301430773, 6.548660630999288, 5.173862139639981, 4.604233916733596, 3.537861283317931, 5.837495498071069, 6.322135051547064, 7.697874721635836, 8.498982820314442, 8.132764544114137, 6.839842197741114, 6.480813537666394, 7.4070846255460046, 5.545431886697375, 6.436379936734624, 6.784027465304073, 4.27822342918179, 5.806375427062911, 2.1512659412541257, 2.1467603708844636, 1.0950764128589385, 1.0947257419098173, 1.0935661662652152, 3.87936776421107, 6.884056848980839, 6.010174484987936, 5.839192612853252, 8.284921516828025, 9.56351729909033, 8.956867299452416], [5.211214771049069, 4.33292413273069, 2.9596726744692563, 2.1024662327847268, 3.480627159004538, 3.0142634208044927, 3.527793402397595, 4.775770304359287, 0.0, 1.8259935103937255, 2.77548459372413, 4.402755262332895, 2.681723072951419, 3.5072588099540076, 3.8214051577920913, 4.58299100260954, 5.815893524644343, 6.802976533106667, 6.77203863987795, 5.742681391997992, 4.53759679235606, 3.4113673900651627, 3.657696156052331, 5.114083809442313, 6.23518815834775, 5.289407374177187, 4.641562645273679, 4.822926406239265, 3.0327347048497337, 4.055229992244583, 5.44843141738978, 4.744666927193098, 5.4294798056535765, 2.384698180063884, 3.0535904080279006, 2.9619562555851497, 6.184725178211235, 7.792684786387809, 7.744994603613356, 6.062544041901882], [4.924918729278687, 4.517195765073725, 3.2510883992903055, 3.065731048216722, 4.891844844227994, 3.326474688014325, 3.972356536113042, 4.749105362065576, 1.8259935103937255, 0.0, 1.536479941294386, 2.743286503448008, 1.4580187310182264, 2.4790072327445922, 2.9307682849382686, 3.6780933171957453, 4.986465683226948, 6.028331425029649, 6.037734166059318, 5.009416186543099, 3.6929506075765484, 2.5164595546123922, 3.006496021949804, 4.468361197351888, 5.974820935392122, 5.01351051559683, 4.801497883994118, 5.305969334626802, 3.5313612347082257, 4.844360425278037, 5.430083764547284, 4.3039897362795845, 5.4867309629687515, 1.0953586125100765, 2.208799746468656, 2.1901348086362176, 5.376464619989608, 7.042850211384592, 7.056884069474289, 5.413670693716049], [4.4799562966618325, 4.463152252612496, 3.2847995266073697, 3.7622073268229115, 5.523815783496043, 4.290461373791867, 5.232372609056048, 5.976455301430773, 2.77548459372413, 1.536479941294386, 0.0, 1.7911674879809538, 2.5172958288608034, 3.7199632807327543, 4.275925061317142, 4.719242161618748, 6.06380928789816, 6.96199635880399, 6.759337900268044, 5.582239281865299, 4.421045380902576, 3.0632614416663824, 3.051019826222045, 4.0409747462710035, 5.552414530634398, 4.271429990061876, 5.025028017832338, 5.20192506001384, 4.955260733806043, 6.059776159232286, 6.4955389722485695, 5.476426917251795, 6.821995823071134, 2.1491491200007506, 1.0927828192280478, 1.0922987549200998, 6.559179989907276, 8.010645893434562, 7.699188884551411, 5.756240228656202], [4.9297955951540215, 5.354865852661484, 4.4898794259979855, 5.176525006217974, 7.047496816600913, 5.2817030861266705, 6.18646054622512, 6.548660630999288, 4.402755262332895, 2.743286503448008, 1.7911674879809538, 0.0, 3.186400524102392, 4.066577821707092, 4.560909108938699, 4.908530049821433, 6.104291563318384, 6.959264481969342, 6.816412321742281, 5.770028707900853, 4.7079921951931905, 3.6579634566244645, 3.7965789666487906, 4.177362003705209, 5.869897570656578, 4.7656585914225955, 5.806234205575934, 6.237719944018005, 5.977269869263057, 7.148525756406002, 7.0051804123805415, 5.797985171591938, 7.390806219892387, 2.8920231689943288, 2.3593794862209005, 2.3391669713810512, 6.550734967162082, 7.9425791214189365, 7.721523865792295, 5.992893252845406], [6.317895829308997, 5.934912338021514, 4.6869845209900145, 4.275232501279901, 5.991851127990415, 4.323342282308908, 4.574131560198067, 5.173862139639981, 2.681723072951419, 1.4580187310182264, 2.5172958288608034, 3.186400524102392, 0.0, 1.3691779869688236, 2.333954151220628, 2.2723658882319104, 3.6266887059685726, 4.590485755342239, 4.589886327568473, 3.6252329152759275, 2.2710779489044404, 1.368515937064673, 2.3390021483530106, 5.760282292561712, 7.348245720578484, 6.416807057252073, 6.12221065547405, 6.738232023312941, 3.8633633158169327, 5.484623437392945, 6.0313357683020765, 4.621290803444423, 5.6897993426833615, 2.06488979124795, 2.828597260127358, 3.457500550976095, 4.162637074019305, 5.6229512517894005, 5.621991213973924, 4.160198569780054], [6.991120204230507, 6.546418640753125, 5.426661266377329, 4.810081157319489, 6.47546984704585, 4.429522914490906, 4.312440094656389, 4.604233916733596, 3.5072588099540076, 2.4790072327445922, 3.7199632807327543, 4.066577821707092, 1.3691779869688236, 0.0, 1.2164175023403765, 1.4601423252546308, 2.580554136227333, 3.7880072478811337, 4.187289459781829, 3.617012276727852, 2.291567334816937, 2.2608217687380843, 3.4444544081755533, 6.346469907751867, 7.946359826360747, 7.268421757850875, 6.512592346370222, 7.412790467833284, 3.528252319491904, 5.267057585597485, 5.56133448283773, 3.97592452267394, 4.9219200521747615, 2.552401208666067, 4.171083760846813, 4.577523371868241, 2.8986520263736386, 4.713923552625774, 5.2746017603227635, 4.441135595768271], [6.764333070599052, 6.256544396070406, 5.314255680713904, 4.617833695576314, 6.245391600212112, 3.848450193259619, 3.5342460313339816, 3.537861283317931, 3.8214051577920913, 2.9307682849382686, 4.275925061317142, 4.560909108938699, 2.333954151220628, 1.2164175023403765, 0.0, 2.3685791922585153, 3.042412675821608, 4.411074641173055, 5.091497355395562, 4.722117301592581, 3.455903755893673, 3.4422793102826503, 4.5904737217415805, 6.094360544798773, 7.626442932979963, 7.218281375091996, 6.025959154358748, 7.163489690088205, 2.8765719476487983, 4.532718693014161, 4.504712133977042, 2.8556802394525898, 3.807333337127182, 2.539327097874553, 4.940710679649234, 4.94458106415498, 2.909495769029404, 5.17210908044291, 6.1743559251147815, 5.608279069375917], [8.376256496789003, 7.963003639958982, 6.790209194862851, 6.1344250806412175, 7.699301232579486, 5.842421677694961, 5.593327987879846, 5.837495498071069, 4.58299100260954, 3.6780933171957453, 4.719242161618748, 4.908530049821433, 2.2723658882319104, 1.4601423252546308, 2.3685791922585153, 0.0, 1.3809915495758833, 2.37150646214595, 2.751775490478829, 2.416042950777159, 1.3818508674961998, 2.294364936098876, 3.454944781034857, 7.715259201089747, 9.34970904680996, 8.581491484584717, 7.96445194724659, 8.803958183112865, 4.70053900526312, 6.477497041296121, 6.844309126566392, 5.220869954327535, 5.974173734500863, 3.953089692885807, 4.916083210239631, 5.699408426319349, 2.154139067005657, 3.36502841741344, 3.8405655026310903, 3.401162064647905], [9.535055512161426, 9.104001895320541, 7.995550983515769, 7.249513973364007, 8.738306010320308, 6.7740358989305625, 6.304245379107638, 6.322135051547064, 5.815893524644343, 4.986465683226948, 6.06380928789816, 6.104291563318384, 3.6266887059685726, 2.580554136227333, 3.042412675821608, 1.3809915495758833, 0.0, 1.3985076117061364, 2.443342098438121, 2.8455247530112966, 2.4168361508385297, 3.619887835278878, 4.7196500908436, 8.828656610153098, 10.463940445166916, 9.816392777390277, 8.996287181943448, 9.967238500708207, 5.406887265331134, 7.145591738967459, 7.350586320831828, 5.705453193217871, 6.243683612259673, 5.120203986170863, 6.287839744300103, 7.029588611718327, 1.0851102156002406, 2.156561826148279, 3.422205405874989, 3.930760217820467], [10.728715897068017, 10.325242467370924, 9.153690283705256, 8.417485226004262, 9.856494428040834, 8.074639686078878, 7.616303149166268, 7.697874721635836, 6.802976533106667, 6.028331425029649, 6.96199635880399, 6.959264481969342, 4.590485755342239, 3.7880072478811337, 4.411074641173055, 2.37150646214595, 1.3985076117061364, 0.0, 1.410758707221047, 2.443494534473118, 2.752553043993885, 4.189458929265211, 5.085313884117676, 10.029181403285117, 11.688903552515095, 10.927749641165834, 10.28532084866583, 11.161467929891659, 6.670106379961267, 8.415206266040068, 8.736829527923732, 7.102618436886498, 7.581401381670807, 6.314254532405231, 7.006941222102552, 7.989633348909073, 2.173440493779391, 1.088888355158599, 2.1649504058984808, 3.435502212195475], [10.870264385469197, 10.510876893009451, 9.250250904705233, 8.600905956932676, 10.026645311369103, 8.510208277709777, 8.213817310483597, 8.498982820314442, 6.77203863987795, 6.037734166059318, 6.759337900268044, 6.816412321742281, 4.589886327568473, 4.187289459781829, 5.091497355395562, 2.751775490478829, 2.443342098438121, 1.410758707221047, 0.0, 1.3985939260557367, 2.3718890382983773, 3.789065031112557, 4.401612326182305, 10.220549809574827, 11.883655121636608, 10.929284864527963, 10.61515231214324, 11.29422358641797, 7.235728298519784, 9.00372716767895, 9.535731596998733, 7.91711150546713, 8.499905447709404, 6.543236308586142, 6.587959564235348, 7.827438486503742, 3.4350144963304015, 2.1646833717659497, 1.088914142620987, 2.1739696962009383], [9.853138644107268, 9.522874958225588, 8.216689394762346, 7.671541373804876, 9.120474845642633, 7.775537766611388, 7.66960570303324, 8.132764544114137, 5.742681391997992, 5.009416186543099, 5.582239281865299, 5.770028707900853, 3.6252329152759275, 3.617012276727852, 4.722117301592581, 2.416042950777159, 2.8455247530112966, 2.443494534473118, 1.3985939260557367, 0.0, 1.3809567625382053, 2.5808255307168677, 3.0319661838483625, 9.260763306553084, 10.897437425376664, 9.819859935864667, 9.738503808080582, 10.264483108759057, 6.71566296801738, 8.469820327492194, 9.136535526117108, 7.564914092043612, 8.293208860869237, 5.670570731416724, 5.296076688455332, 6.65139172880383, 3.9305649034203727, 3.4221567746086676, 2.15634806095862, 1.0853102828223824], [8.552865256742912, 8.197134243746408, 6.916888945906245, 6.378459341408394, 7.9112383411195495, 6.419210822211715, 6.367669835976109, 6.839842197741114, 4.53759679235606, 3.6929506075765484, 4.421045380902576, 4.7079921951931905, 2.2710779489044404, 2.291567334816937, 3.455903755893673, 1.3818508674961998, 2.4168361508385297, 2.752553043993885, 2.3718890382983773, 1.3809567625382053, 0.0, 1.4612119969395267, 2.36287311974215, 7.95719975870909, 9.586884836066405, 8.583120806559814, 8.37734415313111, 8.967930827677028, 5.4586610464471965, 7.21079858684182, 7.81922776621835, 6.2640630025567265, 7.082141148692251, 4.302206371154224, 4.311248982603533, 5.4742731124780395, 3.401898784502561, 3.8413087834747155, 3.3651440712100276, 2.1537131587098592], [7.332872607648384, 7.003893857705155, 5.683257633611203, 5.305373887861251, 6.8821955050695856, 5.586046843699039, 5.810789190807045, 6.480813537666394, 3.4113673900651627, 2.5164595546123922, 3.06326