{"total energy": -66.8163172, "HOMO-LUMO gap/eV": 3.33257668, "electronic energy": -67.52709847, "dipole": [0.80571767, 0.99878331, 0.31280321], "partial charges": [-0.1039927, -0.05249897, -0.06788061, 0.11742575, 0.07952354, -0.33182816, 0.26838779, -0.01829405, 0.07054994, 0.09027173, -0.26930542, 0.11177155, -0.23222401, -0.33632598, -0.02380488, -0.02770364, -0.04360337, 0.10268161, -0.14534319, -0.05030499, 0.09476227, -0.14044724, 0.04049278, 0.03603548, 0.03563593, 0.03730193, 0.04816504, 0.04183996, 0.04853388, 0.03323387, 0.03697616, 0.05473937, 0.07075527, 0.08849789, 0.05391362, 0.04053724, 0.08345682, 0.07295258, 0.08511519], "atomic dipole moments": [[-0.10439939, -0.04003898, 0.01602504], [0.05266773, 0.03878296, 0.1133053], [-0.09599628, -0.06461021, -0.05610876], [-0.12389543, 0.15643736, -0.02152151], [-0.18592096, -0.01211185, -0.10563152], [0.17930331, 0.12385007, -0.1535341], [0.15067864, -0.09647858, 0.03533349], [0.12733721, -0.08334924, 0.04069275], [-0.00023689, 0.04466512, -0.04913362], [0.01116849, 0.07534215, -0.08704214], [-0.02900562, 0.26210614, -0.06954773], [-0.03181427, 0.04314236, 0.0966014], [-0.04875917, -0.11423845, 0.29646725], [-0.03113922, -0.13863326, 0.21707123], [0.01184262, -0.10883767, -0.00096495], [-0.02925564, -0.01985032, 0.0335608], [-0.02999595, -0.01261327, 0.03328742], [-0.076812, 0.21047362, 0.05347647], [-0.00666987, 0.00275561, -3.309e-05], [0.03584057, -0.01907187, -0.03409893], [-0.08704612, -0.17010751, 0.11242684], [0.10802779, -0.05125801, 0.02123614], [0.03293679, -0.00710824, -0.12126952], [0.00811403, 0.12089534, 0.03437608], [0.08472423, -0.06561987, 0.06604863], [-0.00192496, -0.11739926, -0.04267276], [-0.07783639, 0.06624742, -0.07594604], [0.08424426, -0.06043307, 0.07147374], [0.00567087, 0.12147826, 0.03372717], [-0.01396261, -0.11398881, -0.04706461], [0.01799069, 0.10669175, 0.05850361], [0.0459024, -0.09862127, 0.07143767], [-0.11705964, -0.02198895, 0.05358197], [-0.02646465, 0.05595481, -0.12064559], [-0.04428983, 0.00393605, 0.16826554], [0.0481754, -0.0925273, -0.12860581], [0.10774143, -0.01340824, -0.11323934], [0.06254466, 0.11660441, -0.08056605], [-0.10952647, 0.02948412, 0.10990188]], "atomic quadrupole moments": [[0.19184204, 0.12462763, -0.08320653, -0.04463277, -0.01473432, -0.10863552], [0.08887936, 0.1207169, -0.19572274, -0.13397663, 0.01779376, 0.10684338], [0.12963246, 0.13670886, -0.18636536, -0.12700057, 0.00656691, 0.0567329], [0.16836443, -0.17303352, -0.21574152, 0.06896569, -0.21391551, 0.04737709], [0.42903211, 0.03450319, -0.39158222, -0.03140135, -0.0180881, -0.03744988], [0.10002039, 0.00782499, -0.10335865, 0.02695944, -0.09960802, 0.00333825], [0.07257031, -0.00446411, -0.17920479, -0.07635616, -0.19224046, 0.10663449], [-0.06402399, -0.0510777, 0.22258279, 0.07663382, 0.17957269, -0.1585588], [0.03836818, -0.05059313, 0.04138455, 0.00013763, 0.14149961, -0.07975273], [0.3595611, 0.10956546, -0.18481094, 0.16834711, -0.0171841, -0.17475015], [0.21568293, 0.06466105, -0.10170493, 0.09004232, 0.00675044, -0.113978], [0.38321027, 0.1024753, -0.21457091, 0.13117657, 0.0757782, -0.16863936], [0.15940677, 0.05192368, -0.21910045, 0.0092581, 0.07644045, 0.05969367], [0.08690944, -0.08115064, -0.07002438, -0.03098407, -0.0935784, -0.01688506], [0.06913594, -0.04297494, -0.08202781, 0.3592123, 0.09997304, 0.01289187], [0.15238468, 0.03778904, -0.24495825, 0.42191402, 0.05664894, 0.09257357], [0.15385864, 0.02666332, -0.26201664, 0.36833747, 0.06855942, 0.108158], [-0.00981919, -0.12633546, 0.08750303, 0.33832443, 0.15718252, -0.07768383], [-0.16333835, -0.19462468, 0.36512617, -0.02031319, 0.13127638, -0.20178782], [0.11522778, 0.05970672, -0.20676119, 0.37290485, 0.02367475, 0.0915334], [0.0317617, 0.24901697, -0.09782596, 0.25411977, -0.21100389, 0.06606425], [-0.0747077, 0.22442365, 0.11646828, -0.14696168, -0.25459542, -0.04176058], [-0.0266065, 0.00724459, -0.04898991, -0.02364848, 0.01228504, 0.07559641], [-0.02784258, -0.00362455, 0.06771677, -0.00381082, 0.03925917, -0.03987419], [0.0081977, -0.03295422, 0.00089569, 0.04121917, -0.04647338, -0.00909339], [-0.02612673, 0.00224809, 0.05204426, -0.01152819, 0.01710958, -0.02591753], [0.0130476, -0.03095195, -0.00369199, 0.01622116, -0.02834178, -0.00935561], [0.0076683, -0.03927718, -0.00740718, 0.02279654, -0.03299291, -0.00026112], [-0.03671246, -0.00440373, 0.05237861, -0.01424343, 0.02099635, -0.01566615], [-0.00735253, -0.01205442, 0.01993455, 0.00883868, 0.00540237, -0.01258202], [0.00423908, 0.02126961, 0.02651045, 0.00643082, 0.0280185, -0.03074953], [-0.0256798, -0.01781724, 0.03068392, 0.02246936, -0.03241221, -0.00500412], [0.01174126, -0.00228045, -0.00154955, -0.05607879, 0.0158633, -0.01019171], [-0.04544002, -0.00125127, 0.01271772, 0.00554313, -0.03034344, 0.03272231], [-0.02995484, -0.01149002, 0.02862987, -0.00968697, 0.00280165, 0.00132496], [-0.03914137, -0.0118139, 0.02557531, -0.01308374, -0.00261594, 0.01356606], [-0.02438026, -0.01311129, 0.04604327, -0.03979927, -0.00137728, -0.021663], [-0.01878158, -0.01027588, 0.03324147, -0.04460699, -0.00194167, -0.01445989], [-0.01721576, -0.00163427, 0.03102767, -0.04022589, -0.00906273, -0.01381191]], "number of molecular orbitals": 115, "number of electrons": 118, "number of unpaired electrons": 0, "orbital energies/eV": [-29.11866067, -29.08930501, -20.13861306, -19.6230951, -19.28727368, -18.89721156, -18.73352843, -18.38755403, -17.92898598, -17.88132059, -17.74606304, -17.66737873, -17.48128419, -17.1680754, -16.9750629, -16.76053671, -16.60863385, -16.37693391, -16.28987343, -16.19492508, -15.93862871, -15.65464048, -15.53675487, -15.4587769, -15.17974707, -15.1231962, -14.91259486, -14.82828659, -14.51747864, -14.46256537, -14.39104231, -14.28323262, -14.19223224, -14.0469298, -13.96141374, -13.91160586, -13.80077042, -13.56481344, -13.50201501, -13.32232612, -13.14547312, -13.120484, -12.86554975, -12.8489456, -12.76721821, -12.46472647, -12.38347199, -12.15458739, -12.15285987, -11.91751583, -11.87230629, -11.79726633, -11.74928678, -11.56314336, -11.511834, -11.50298415, -11.31290094, -11.13955228, -10.63597292, -7.30339624, -7.2412975, -6.35838981, -5.27690078, -4.57535327, -4.03943204, -3.88645359, -1.47574679, -1.02630092, -0.23525147, -0.10993562, 0.06191805, 0.09328871, 0.11748769, 0.11973829, 0.13771026, 0.19231239, 0.41507748, 0.52725033, 1.1475977, 1.58726507, 2.13808206, 2.46061178, 2.56199441, 2.73362917, 2.96777971, 3.03740765, 3.1120626, 3.29859278, 3.56833382, 3.66568072, 3.80807555, 4.03167095, 4.20033306, 4.31436864, 4.41227401, 4.59772737, 4.67033424, 4.89923566, 5.04694542, 5.64989451, 5.83377135, 6.30807039, 6.56665123, 6.61019602, 7.05849822, 7.8779453, 8.52218061, 9.11762204, 9.98462132, 10.56203051, 10.79153874, 11.34488714, 13.19806761, 15.20815597, 15.36583482], "fractional occupation": [2.0, 2.0, 2.0, 2.0, 2.0, 2.0, 2.0, 2.0, 2.0, 2.0, 2.0, 2.0, 2.0, 2.0, 2.0, 2.0, 2.0, 2.0, 2.0, 2.0, 2.0, 2.0, 2.0, 2.0, 2.0, 2.0, 2.0, 2.0, 2.0, 2.0, 2.0, 2.0, 2.0, 2.0, 2.0, 2.0, 2.0, 2.0, 2.0, 2.0, 2.0, 2.0, 2.0, 2.0, 2.0, 2.0, 2.0, 2.0, 2.0, 2.0, 2.0, 2.0, 2.0, 2.0, 2.0, 2.0, 2.0, 2.0, 2.0, 0.0, 0.0, 0.0, 0.0, 0.0, 0.0, 0.0, 0.0, 0.0, 0.0, 0.0, 0.0, 0.0, 0.0, 0.0, 0.0, 0.0, 0.0, 0.0, 0.0, 0.0, 0.0, 0.0, 0.0, 0.0, 0.0, 0.0, 0.0, 0.0, 0.0, 0.0, 0.0, 0.0, 0.0, 0.0, 0.0, 0.0, 0.0, 0.0, 0.0, 0.0, 0.0, 0.0, 0.0, 0.0, 0.0, 0.0, 0.0, 0.0, 0.0, 0.0, 0.0, 0.0, 0.0, 0.0, 0.0], "program call": "xtb /home/svss/Project-DBcg-Debug/aqme2_20220329/End-to-End-workflows-final/example-3/QDESCP/mol_80_rdkit_conf_11/mol_80_rdkit_conf_11.xyz --pop --wbo --acc 0.2 --gfn 2 --chrg 0 --uhf 0 --etemp 300 --input /home/svss/Project-DBcg-Debug/aqme2_20220329/End-to-End-workflows-final/example-3/QDESCP/mol_80_rdkit_conf_11/mol_80_rdkit_conf_11_xtb.inp", "method": "GFN2-xTB", "xtb version": "6.3.3 (7355c4f)", "Dipole module/D": 3.357, "Total charge": 0, "Transition dipole module/D": NaN, "HOMO": -10.636, "LUMO": -7.3034, "HOMO occupancy": 2.0, "LUMO occupancy": 0, "mulliken charges": [-0.08545, -0.03272, -0.06226, 0.20775, 0.18142, -0.47171, 0.42809, 0.06349, -0.03239, 0.22115, -0.38613, 0.23514, -0.27429, -0.47477, -0.05103, -0.01258, -0.05794, 0.11865, -0.10109, -0.07286, 0.11113, -0.08784, 0.03275, 0.02777, 0.02658, 0.02661, 0.03868, 0.02587, 0.03419, 0.03615, 0.02754, 0.03804, 0.04543, 0.06303, 0.03812, 0.02072, 0.05624, 0.04662, 0.0519], "cm5 charges": [-0.23578, -0.14409, -0.16726, 0.16995, 0.10579, -0.54943, 0.46472, 0.03431, -0.22097, 0.3303, -0.55906, 0.34401, -0.38321, -0.55261, -0.05266, -0.0632, -0.10979, 0.11135, -0.10314, -0.12119, 0.10734, -0.08892, 0.08353, 0.07907, 0.07788, 0.08183, 0.09585, 0.08176, 0.09226, 0.10826, 0.09346, 0.10054, 0.11688, 0.13574, 0.11242, 0.09342, 0.11785, 0.10306, 0.10973], "FUKUI+": [0.005, 0.002, 0.004, 0.003, 0.009, -0.009, 0.001, 0.01, -0.031, -0.018, -0.052, -0.013, -0.056, -0.009, -0.06, -0.033, -0.032, -0.05, -0.117, -0.027, -0.034, -0.101, -0.011, -0.004, -0.009, -0.005, 0.003, -0.016, -0.002, -0.008, -0.008, -0.023, -0.018, -0.022, -0.037, -0.049, -0.061, -0.064, -0.06], "FUKUI-": [0.01, 0.003, 0.007, 0.003, 0.01, -0.011, 0.001, 0.009, -0.025, 0.0, -0.112, -0.002, -0.067, -0.019, -0.024, -0.007, -0.023, -0.012, -0.142, -0.007, -0.008, -0.108, -0.024, -0.032, -0.035, -0.032, -0.031, -0.026, -0.018, -0.01, -0.015, -0.021, -0.025, -0.023, -0.042, -0.053, -0.024, -0.036, -0.029], "FUKUIrad": [0.007, 0.002, 0.006, 0.003, 0.009, -0.01, 0.001, 0.009, -0.028, -0.009, -0.082, -0.008, -0.062, -0.014, -0.042, -0.02, -0.027, -0.031, -0.13, -0.017, -0.021, -0.105, -0.017, -0.018, -0.022, -0.018, -0.014, -0.021, -0.01, -0.009, -0.012, -0.022, -0.021, -0.023, -0.039, -0.051, -0.043, -0.05, -0.044], "s proportion": [1.008, 1.026, 1.036, 1.026, 1.004, 1.71, 1.018, 1.019, 1.424, 0.993, 1.567, 1.0, 1.584, 1.711, 1.096, 1.068, 1.062, 1.078, 1.943, 1.065, 1.085, 1.945, 0.967, 0.972, 0.973, 0.973, 0.961, 0.974, 0.966, 0.964, 0.972, 0.962, 0.955, 0.937, 0.962, 0.979, 0.944, 0.953, 0.948], "p proportion": [3.077, 3.006, 3.026, 2.766, 2.814, 4.762, 2.554, 2.918, 3.608, 2.786, 3.819, 2.765, 3.69, 4.763, 2.955, 2.945, 2.996, 2.803, 5.169, 3.008, 2.803, 5.153, 0.0, 0.0, 0.0, 0.0, 0.0, 0.0, 0.0, 0.0, 0.0, 0.0, 0.0, 0.0, 0.0, 0.0, 0.0, 0.0, 0.0], "d proportion": [0.0, 0.0, 0.0, 0.0, 0.0, 0.0, 0.0, 0.0, 0.0, 0.0, 0.0, 0.0, 0.0, 0.0, 0.0, 0.0, 0.0, 0.0, -0.011, 0.0, 0.0, -0.01, 0.0, 0.0, 0.0, 0.0, 0.0, 0.0, 0.0, 0.0, 0.0, 0.0, 0.0, 0.0, 0.0, 0.0, 0.0, 0.0, 0.0], "Fermi-level/eV": -8.9697, "Coordination numbers": [3.75, 3.8, 3.802, 3.785, 3.747, 1.699, 3.769, 3.738, 3.07, 3.103, 1.885, 3.266, 1.963, 1.698, 2.972, 2.915, 2.947, 2.879, 0.968, 3.0, 2.879, 0.963, 0.924, 0.924, 0.924, 0.924, 0.924, 0.924, 0.924, 0.924, 0.924, 0.924, 0.924, 0.924, 0.925, 0.925, 0.924, 0.925, 0.925], "Dispersion coefficient C6": [22.55, 21.517, 21.799, 18.68, 19.319, 19.559, 16.543, 20.982, 20.009, 25.87, 27.845, 24.401, 26.907, 19.641, 28.594, 28.693, 29.082, 25.725, 103.7, 29.235, 25.894, 103.543, 2.442, 2.502, 2.508, 2.485, 2.343, 2.425, 2.338, 2.541, 2.49, 2.262, 2.077, 1.894, 2.272, 2.442, 1.944, 2.053, 1.927], "Total dispersion C6": 20368.602061, "Total dispersion C8": 522494.138343, "Polarizability alpha": [6.772, 6.605, 6.647, 6.156, 6.269, 5.971, 5.796, 6.536, 6.644, 8.334, 7.823, 7.973, 7.692, 5.983, 8.771, 8.784, 8.845, 8.315, 15.579, 8.869, 8.342, 15.568, 2.444, 2.474, 2.477, 2.465, 2.394, 2.435, 2.391, 2.493, 2.468, 2.352, 2.254, 2.152, 2.357, 2.444, 2.18, 2.241, 2.171], "Total polarizability alpha": 218.466881, "Wiberg matrix": [[0.0, 1.0205497971159794, 0.0, 0.0, 0.0, 0.0, 0.0, 0.0, 0.0, 0.0, 0.0, 0.0, 0.0, 0.0, 0.0, 0.0, 0.0, 0.0, 0.0, 0.0, 0.0, 0.0, 0.9866565748375407, 0.987411040361506, 0.9872800253331202, 0.0, 0.0, 0.0, 0.0, 0.0, 0.0, 0.0, 0.0, 0.0, 0.0, 0.0, 0.0, 0.0, 0.0], [1.0205497971159794, 0.0, 1.0058796638762348, 0.0, 0.0, 0.0, 0.0, 0.0, 0.0, 0.0, 0.0, 0.0, 0.0, 0.0, 0.0, 0.0, 0.0, 0.0, 0.0, 0.0, 0.0, 0.0, 0.0, 0.0, 0.0, 0.9774143579996821, 0.9768000634752502, 0.0, 0.0, 0.0, 0.0, 0.0, 0.0, 0.0, 0.0, 0.0, 0.0, 0.0, 0.0], [0.0, 1.0058796638762348, 0.0, 0.9919623087981536, 0.0, 0.0, 0.0, 0.0, 0.0, 0.0, 0.0, 0.0, 0.0, 0.0, 0.0, 0.0, 0.0, 0.0, 0.0, 0.0, 0.0, 0.0, 0.0, 0.0, 0.0, 0.0, 0.0, 0.9733902704757785, 0.9742603831131751, 0.0, 0.0, 0.0, 0.0, 0.0, 0.0, 0.0, 0.0, 0.0, 0.0], [0.0, 0.0, 0.9919623087981536, 0.0, 0.9900742609040818, 0.0, 0.0, 0.0, 0.0, 0.0, 0.0, 0.0, 0.0, 0.9525285569480911, 0.0, 0.0, 0.0, 0.0, 0.0, 0.0, 0.0, 0.0, 0.0, 0.0, 0.0, 0.0, 0.0, 0.0, 0.0, 0.9602991404966831, 0.0, 0.0, 0.0, 0.0, 0.0, 0.0, 0.0, 0.0, 0.0], [0.0, 0.0, 0.0, 0.9900742609040818, 0.0, 0.9680433140173266, 0.0, 0.0, 0.0, 0.0, 0.0, 0.0, 0.0, 0.0, 0.0, 0.0, 0.0, 0.0, 0.0, 0.0, 0.0, 0.0, 0.0, 0.0, 0.0, 0.0, 0.0, 0.0, 0.0, 0.0, 0.9694830920892351, 0.970766063427817, 0.0, 0.0, 0.0, 0.0, 0.0, 0.0, 0.0], [0.0, 0.0, 0.0, 0.0, 0.9680433140173266, 0.0, 0.959474741637059, 0.0, 0.0, 0.0, 0.0, 0.0, 0.0, 0.0, 0.0, 0.0, 0.0, 0.0, 0.0, 0.0, 0.0, 0.0, 0.0, 0.0, 0.0, 0.0, 0.0, 0.0, 0.0, 0.0, 0.0, 0.0, 0.0, 0.0, 0.0, 0.0, 0.0, 0.0, 0.0], [0.0, 0.0, 0.0, 0.0, 0.0, 0.959474741637059, 0.0, 0.9516161503783052, 0.0, 0.0, 0.0, 0.0, 0.0, 0.9610364792954864, 0.9583136716716727, 0.0, 0.0, 0.0, 0.0, 0.0, 0.0, 0.0, 0.0, 0.0, 0.0, 0.0, 0.0, 0.0, 0.0, 0.0, 0.0, 0.0, 0.0, 0.0, 0.0, 0.0, 0.0, 0.0, 0.0], [0.0, 0.0, 0.0, 0.0, 0.0, 0.0, 0.9516161503783052, 0.0, 0.9908579494935641, 0.0, 0.0, 0.0, 0.0, 0.0, 0.0, 0.0, 0.0, 0.0, 0.0, 0.0, 0.0, 0.0, 0.0, 0.0, 0.0, 0.0, 0.0, 0.0, 0.0, 0.0, 0.0, 0.0, 0.9615069488040204, 0.9646986489828853, 0.0, 0.0, 0.0, 0.0, 0.0], [0.0, 0.0, 0.0, 0.0, 0.0, 0.0, 0.0, 0.9908579494935641, 0.0, 1.2908656512983538, 0.0, 0.0, 1.187676394618345, 0.0, 0.0, 0.0, 0.0, 0.0, 0.0, 0.0, 0.0, 0.0, 0.0, 0.0, 0.0, 0.0, 0.0, 0.0, 0.0, 0.0, 0.0, 0.0, 0.0, 0.0, 0.0, 0.0, 0.0, 0.0, 0.0], [0.0, 0.0, 0.0, 0.0, 0.0, 0.0, 0.0, 0.0, 1.2908656512983538, 0.0, 1.512821439535636, 0.0, 0.13641424850432662, 0.0, 0.0, 0.0, 0.0, 0.0, 0.0, 0.0, 0.0, 0.0, 0.0, 0.0, 0.0, 0.0, 0.0, 0.0, 0.0, 0.0, 0.0, 0.0, 0.0, 0.0, 0.9618205697324543, 0.0, 0.0, 0.0, 0.0], [0.0, 0.0, 0.0, 0.0, 0.0, 0.0, 0.0, 0.0, 0.0, 1.512821439535636, 0.0, 1.333498097498876, 0.0, 0.0, 0.0, 0.0, 0.0, 0.0, 0.0, 0.0, 0.0, 0.0, 0.0, 0.0, 0.0, 0.0, 0.0, 0.0, 0.0, 0.0, 0.0, 0.0, 0.0, 0.0, 0.0, 0.0, 0.0, 0.0, 0.0], [0.0, 0.0, 0.0, 0.0, 0.0, 0.0, 0.0, 0.0, 0.0, 0.0, 1.333498097498876, 0.0, 1.5402565722866501, 0.0, 0.0, 0.0, 0.0, 0.0, 0.0, 0.0, 0.0, 0.0, 0.0, 0.0, 0.0, 0.0, 0.0, 0.0, 0.0, 0.0, 0.0, 0.0, 0.0, 0.0, 0.0, 0.9661198329714091, 0.0, 0.0, 0.0], [0.0, 0.0, 0.0, 0.0, 0.0, 0.0, 0.0, 0.0, 1.187676394618345, 0.13641424850432662, 0.0, 1.5402565722866501, 0.0, 0.0, 0.0, 0.0, 0.0, 0.0, 0.0, 0.0, 0.0, 0.0, 0.0, 0.0, 0.0, 0.0, 0.0, 0.0, 0.0, 0.0, 0.0, 0.0, 0.0, 0.0, 0.0, 0.0, 0.0, 0.0, 0.0], [0.0, 0.0, 0.0, 0.9525285569480911, 0.0, 0.0, 0.9610364792954864, 0.0, 0.0, 0.0, 0.0, 0.0, 0.0, 0.0, 0.0, 0.0, 0.0, 0.0, 0.0, 0.0, 0.0, 0.0, 0.0, 0.0, 0.0, 0.0, 0.0, 0.0, 0.0, 0.0, 0.0, 0.0, 0.0, 0.0, 0.0, 0.0, 0.0, 0.0, 0.0], [0.0, 0.0, 0.0, 0.0, 0.0, 0.0, 0.9583136716716727, 0.0, 0.0, 0.0, 0.0, 0.0, 0.0, 0.0, 0.0, 1.403460499128738, 0.0, 0.0, 0.0, 0.0, 1.3760711265233847, 0.0, 0.0, 0.0, 0.0, 0.0, 0.0, 0.0, 0.0, 0.0, 0.0, 0.0, 0.0, 0.0, 0.0, 0.0, 0.0, 0.0, 0.0], [0.0, 0.0, 0.0, 0.0, 0.0, 0.0, 0.0, 0.0, 0.0, 0.0, 0.0, 0.0, 0.0, 0.0, 1.403460499128738, 0.0, 1.4443880100561772, 0.0, 0.0, 0.10656927807459368, 0.0, 0.0, 0.0, 0.0, 0.0, 0.0, 0.0, 0.0, 0.0, 0.0, 0.0, 0.0, 0.0, 0.0, 0.0, 0.0, 0.9607738523578107, 0.0, 0.0], [0.0, 0.0, 0.0, 0.0, 0.0, 0.0, 0.0, 0.0, 0.0, 0.0, 0.0, 0.0, 0.0, 0.0, 0.0, 1.4443880100561772, 0.0, 1.3930323978347614, 0.0, 0.0, 0.0, 0.0, 0.0, 0.0, 0.0, 0.0, 0.0, 0.0, 0.0, 0.0, 0.0, 0.0, 0.0, 0.0, 0.0, 0.0, 0.0, 0.9649771561318647, 0.0], [0.0, 0.0, 0.0, 0.0, 0.0, 0.0, 0.0, 0.0, 0.0, 0.0, 0.0, 0.0, 0.0, 0.0, 0.0, 0.0, 1.3930323978347614, 0.0, 0.9944562897176249, 1.40396430471391, 0.0, 0.0, 0.0, 0.0, 0.0, 0.0, 0.0, 0.0, 0.0, 0.0, 0.0, 0.0, 0.0, 0.0, 0.0, 0.0, 0.0, 0.0, 0.0], [0.0, 0.0, 0.0, 0.0, 0.0, 0.0, 0.0, 0.0, 0.0, 0.0, 0.0, 0.0, 0.0, 0.0, 0.0, 0.0, 0.0, 0.9944562897176249, 0.0, 0.0, 0.0, 0.0, 0.0, 0.0, 0.0, 0.0, 0.0, 0.0, 0.0, 0.0, 0.0, 0.0, 0.0, 0.0, 0.0, 0.0, 0.0, 0.0, 0.0], [0.0, 0.0, 0.0, 0.0, 0.0, 0.0, 0.0, 0.0, 0.0, 0.0, 0.0, 0.0, 0.0, 0.0, 0.0, 0.10656927807459368, 0.0, 1.40396430471391, 0.0, 0.0, 1.3994875582244775, 0.0, 0.0, 0.0, 0.0, 0.0, 0.0, 0.0, 0.0, 0.0, 0.0, 0.0, 0.0, 0.0, 0.0, 0.0, 0.0, 0.0, 0.9620375146608506], [0.0, 0.0, 0.0, 0.0, 0.0, 0.0, 0.0, 0.0, 0.0, 0.0, 0.0, 0.0, 0.0, 0.0, 1.3760711265233847, 0.0, 0.0, 0.0, 0.0, 1.3994875582244775, 0.0, 0.9943045874059959, 0.0, 0.0, 0.0, 0.0, 0.0, 0.0, 0.0, 0.0, 0.0, 0.0, 0.0, 0.0, 0.0, 0.0, 0.0, 0.0, 0.0], [0.0, 0.0, 0.0, 0.0, 0.0, 0.0, 0.0, 0.0, 0.0, 0.0, 0.0, 0.0, 0.0, 0.0, 0.0, 0.0, 0.0, 0.0, 0.0, 0.0, 0.9943045874059959, 0.0, 0.0, 0.0, 0.0, 0.0, 0.0, 0.0, 0.0, 0.0, 0.0, 0.0, 0.0, 0.0, 0.0, 0.0, 0.0, 0.0, 0.0], [0.9866565748375407, 0.0, 0.0, 0.0, 0.0, 0.0, 0.0, 0.0, 0.0, 0.0, 0.0, 0.0, 0.0, 0.0, 0.0, 0.0, 0.0, 0.0, 0.0, 0.0, 0.0, 0.0, 0.0, 0.0, 0.0, 0.0, 0.0, 0.0, 0.0, 0.0, 0.0, 0.0, 0.0, 0.0, 0.0, 0.0, 0.0, 0.0, 0.0], [0.987411040361506, 0.0, 0.0, 0.0, 0.0, 0.0, 0.0, 0.0, 0.0, 0.0, 0.0, 0.0, 0.0, 0.0, 0.0, 0.0, 0.0, 0.0, 0.0, 0.0, 0.0, 0.0, 0.0, 0.0, 0.0, 0.0, 0.0, 0.0, 0.0, 0.0, 0.0, 0.0, 0.0, 0.0, 0.0, 0.0, 0.0, 0.0, 0.0], [0.9872800253331202, 0.0, 0.0, 0.0, 0.0, 0.0, 0.0, 0.0, 0.0, 0.0, 0.0, 0.0, 0.0, 0.0, 0.0, 0.0, 0.0, 0.0, 0.0, 0.0, 0.0, 0.0, 0.0, 0.0, 0.0, 0.0, 0.0, 0.0, 0.0, 0.0, 0.0, 0.0, 0.0, 0.0, 0.0, 0.0, 0.0, 0.0, 0.0], [0.0, 0.9774143579996821, 0.0, 0.0, 0.0, 0.0, 0.0, 0.0, 0.0, 0.0, 0.0, 0.0, 0.0, 0.0, 0.0, 0.0, 0.0, 0.0, 0.0, 0.0, 0.0, 0.0, 0.0, 0.0, 0.0, 0.0, 0.0, 0.0, 0.0, 0.0, 0.0, 0.0, 0.0, 0.0, 0.0, 0.0, 0.0, 0.0, 0.0], [0.0, 0.9768000634752502, 0.0, 0.0, 0.0, 0.0, 0.0, 0.0, 0.0, 0.0, 0.0, 0.0, 0.0, 0.0, 0.0, 0.0, 0.0, 0.0, 0.0, 0.0, 0.0, 0.0, 0.0, 0.0, 0.0, 0.0, 0.0, 0.0, 0.0, 0.0, 0.0, 0.0, 0.0, 0.0, 0.0, 0.0, 0.0, 0.0, 0.0], [0.0, 0.0, 0.9733902704757785, 0.0, 0.0, 0.0, 0.0, 0.0, 0.0, 0.0, 0.0, 0.0, 0.0, 0.0, 0.0, 0.0, 0.0, 0.0, 0.0, 0.0, 0.0, 0.0, 0.0, 0.0, 0.0, 0.0, 0.0, 0.0, 0.0, 0.0, 0.0, 0.0, 0.0, 0.0, 0.0, 0.0, 0.0, 0.0, 0.0], [0.0, 0.0, 0.9742603831131751, 0.0, 0.0, 0.0, 0.0, 0.0, 0.0, 0.0, 0.0, 0.0, 0.0, 0.0, 0.0, 0.0, 0.0, 0.0, 0.0, 0.0, 0.0, 0.0, 0.0, 0.0, 0.0, 0.0, 0.0, 0.0, 0.0, 0.0, 0.0, 0.0, 0.0, 0.0, 0.0, 0.0, 0.0, 0.0, 0.0], [0.0, 0.0, 0.0, 0.9602991404966831, 0.0, 0.0, 0.0, 0.0, 0.0, 0.0, 0.0, 0.0, 0.0, 0.0, 0.0, 0.0, 0.0, 0.0, 0.0, 0.0, 0.0, 0.0, 0.0, 0.0, 0.0, 0.0, 0.0, 0.0, 0.0, 0.0, 0.0, 0.0, 0.0, 0.0, 0.0, 0.0, 0.0, 0.0, 0.0], [0.0, 0.0, 0.0, 0.0, 0.9694830920892351, 0.0, 0.0, 0.0, 0.0, 0.0, 0.0, 0.0, 0.0, 0.0, 0.0, 0.0, 0.0, 0.0, 0.0, 0.0, 0.0, 0.0, 0.0, 0.0, 0.0, 0.0, 0.0, 0.0, 0.0, 0.0, 0.0, 0.0, 0.0, 0.0, 0.0, 0.0, 0.0, 0.0, 0.0], [0.0, 0.0, 0.0, 0.0, 0.970766063427817, 0.0, 0.0, 0.0, 0.0, 0.0, 0.0, 0.0, 0.0, 0.0, 0.0, 0.0, 0.0, 0.0, 0.0, 0.0, 0.0, 0.0, 0.0, 0.0, 0.0, 0.0, 0.0, 0.0, 0.0, 0.0, 0.0, 0.0, 0.0, 0.0, 0.0, 0.0, 0.0, 0.0, 0.0], [0.0, 0.0, 0.0, 0.0, 0.0, 0.0, 0.0, 0.9615069488040204, 0.0, 0.0, 0.0, 0.0, 0.0, 0.0, 0.0, 0.0, 0.0, 0.0, 0.0, 0.0, 0.0, 0.0, 0.0, 0.0, 0.0, 0.0, 0.0, 0.0, 0.0, 0.0, 0.0, 0.0, 0.0, 0.0, 0.0, 0.0, 0.0, 0.0, 0.0], [0.0, 0.0, 0.0, 0.0, 0.0, 0.0, 0.0, 0.9646986489828853, 0.0, 0.0, 0.0, 0.0, 0.0, 0.0, 0.0, 0.0, 0.0, 0.0, 0.0, 0.0, 0.0, 0.0, 0.0, 0.0, 0.0, 0.0, 0.0, 0.0, 0.0, 0.0, 0.0, 0.0, 0.0, 0.0, 0.0, 0.0, 0.0, 0.0, 0.0], [0.0, 0.0, 0.0, 0.0, 0.0, 0.0, 0.0, 0.0, 0.0, 0.9618205697324543, 0.0, 0.0, 0.0, 0.0, 0.0, 0.0, 0.0, 0.0, 0.0, 0.0, 0.0, 0.0, 0.0, 0.0, 0.0, 0.0, 0.0, 0.0, 0.0, 0.0, 0.0, 0.0, 0.0, 0.0, 0.0, 0.0, 0.0, 0.0, 0.0], [0.0, 0.0, 0.0, 0.0, 0.0, 0.0, 0.0, 0.0, 0.0, 0.0, 0.0, 0.9661198329714091, 0.0, 0.0, 0.0, 0.0, 0.0, 0.0, 0.0, 0.0, 0.0, 0.0, 0.0, 0.0, 0.0, 0.0, 0.0, 0.0, 0.0, 0.0, 0.0, 0.0, 0.0, 0.0, 0.0, 0.0, 0.0, 0.0, 0.0], [0.0, 0.0, 0.0, 0.0, 0.0, 0.0, 0.0, 0.0, 0.0, 0.0, 0.0, 0.0, 0.0, 0.0, 0.0, 0.9607738523578107, 0.0, 0.0, 0.0, 0.0, 0.0, 0.0, 0.0, 0.0, 0.0, 0.0, 0.0, 0.0, 0.0, 0.0, 0.0, 0.0, 0.0, 0.0, 0.0, 0.0, 0.0, 0.0, 0.0], [0.0, 0.0, 0.0, 0.0, 0.0, 0.0, 0.0, 0.0, 0.0, 0.0, 0.0, 0.0, 0.0, 0.0, 0.0, 0.0, 0.9649771561318647, 0.0, 0.0, 0.0, 0.0, 0.0, 0.0, 0.0, 0.0, 0.0, 0.0, 0.0, 0.0, 0.0, 0.0, 0.0, 0.0, 0.0, 0.0, 0.0, 0.0, 0.0, 0.0], [0.0, 0.0, 0.0, 0.0, 0.0, 0.0, 0.0, 0.0, 0.0, 0.0, 0.0, 0.0, 0.0, 0.0, 0.0, 0.0, 0.0, 0.0, 0.0, 0.9620375146608506, 0.0, 0.0, 0.0, 0.0, 0.0, 0.0, 0.0, 0.0, 0.0, 0.0, 0.0, 0.0, 0.0, 0.0, 0.0, 0.0, 0.0, 0.0, 0.0]], "Born radii": [], "Atomic SASAs": [], "Solvent H bonds": [], "Total SASA": NaN, "Total FOD": 0.0, "FOD": [0.0, 0.0, 0.0, 0.0, 0.0, 0.0, 0.0, 0.0, 0.0, 0.0, 0.0, 0.0, 0.0, 0.0, 0.0, 0.0, 0.0, 0.0, 0.0, 0.0, 0.0, 0.0, 0.0, 0.0, 0.0, 0.0, 0.0, 0.0, 0.0, 0.0, 0.0, 0.0, 0.0, 0.0, 0.0, 0.0, 0.0, 0.0, 0.0], "FOD s proportion": [0.0, 0.0, 0.0, 0.0, 0.0, 0.0, 0.0, 0.0, 0.0, 0.0, 0.0, 0.0, 0.0, 0.0, 0.0, 0.0, 0.0, 0.0, 0.0, 0.0, 0.0, 0.0, 0.0, 0.0, 0.0, 0.0, 0.0, 0.0, 0.0, 0.0, 0.0, 0.0, 0.0, 0.0, 0.0, 0.0, 0.0, 0.0, 0.0], "FOD p proportion": [0.0, 0.0, 0.0, 0.0, 0.0, 0.0, 0.0, 0.0, 0.0, 0.0, 0.0, 0.0, 0.0, 0.0, 0.0, 0.0, 0.0, 0.0, 0.0, 0.0, 0.0, 0.0, 0.0, 0.0, 0.0, 0.0, 0.0, 0.0, 0.0, 0.0, 0.0, 0.0, 0.0, 0.0, 0.0, 0.0, 0.0, 0.0, 0.0], "FOD d proportion": [0.0, 0.0, 0.0, 0.0, 0.0, 0.0, 0.0, 0.0, 0.0, 0.0, 0.0, 0.0, 0.0, 0.0, 0.0, 0.0, 0.0, 0.0, 0.0, 0.0, 0.0, 0.0, 0.0, 0.0, 0.0, 0.0, 0.0, 0.0, 0.0, 0.0, 0.0, 0.0, 0.0, 0.0, 0.0, 0.0, 0.0, 0.0, 0.0], "coordinates": [["4.45150", "0.26640", "-1.49410"], ["3.04530", "-0.28020", "-1.30490"], ["2.61100", "-0.21150", "0.16130"], ["1.21200", "-0.78030", "0.36340"], ["0.74230", "-0.73200", "1.79540"], ["-0.67770", "-0.80590", "1.66820"], ["-0.98280", "-0.10360", "0.44810"], ["-2.05570", "-0.84540", "-0.37180"], ["-1.68810", "-2.21040", "-0.68530"], ["-1.71770", "-3.29120", "0.14210"], ["-1.35010", "-4.36250", "-0.52230"], ["-1.13190", "-3.88170", "-1.78180"], ["-1.33570", "-2.57080", "-1.93470"], ["0.23360", "0.00350", "-0.32630"], ["-1.47640", "1.31310", "0.78910"], ["-0.95110", "2.42060", "0.08450"], ["-1.36790", "3.72670", "0.35550"], ["-2.32600", "3.95450", "1.33410"], ["-2.84140", "5.56010", "1.67040"], ["-2.87450", "2.88870", "2.03770"], ["-2.45860", "1.57790", "1.76700"], ["-3.23820", "0.33420", "2.68390"], ["4.74260", "0.20700", "-2.54750"], ["4.50990", "1.31470", "-1.18410"], ["5.17730", "-0.30660", "-0.90830"], ["3.01380", "-1.31910", "-1.65330"], ["2.35240", "0.29340", "-1.93120"], ["3.32490", "-0.76310", "0.78430"], ["2.63230", "0.83780", "0.48160"], ["1.15250", "-1.80420", "-0.02400"], ["0.99310", "0.21310", "2.29000"], ["1.11520", "-1.56290", "2.40000"], ["-3.01190", "-0.91330", "0.15670"], ["-2.23750", "-0.33220", "-1.32450"], ["-1.99770", "-3.24030", "1.18560"], ["-0.81840", "-4.50460", "-2.60970"], ["-0.20090", "2.27790", "-0.69360"], ["-0.93940", "4.55580", "-0.20260"], ["-3.63000", "3.07640", "2.79710"]], "bond_dist": [[0.0, 1.5205152547738547, 2.52114613221844, 3.8781757812146687, 5.057249988877355, 6.120348128987436, 5.78278975322465, 6.696215973966193, 6.669586481934243, 7.307030644523122, 7.485297122359272, 6.961598987301697, 6.4603030919609346, 4.384467317702345, 6.438057279956432, 6.026660962755413, 7.018554880457942, 8.217986559979275, 9.551110424971538, 8.545194235943383, 7.752695497051332, 8.751672236207204, 1.0944949200430307, 1.0947344198480287, 1.0946580653336453, 2.146191086553106, 2.144296206217789, 2.7422991029426385, 2.74579261598541, 4.163169390020061, 5.126673800818616, 5.444377924979125, 7.734285506108499, 6.7178722167067155, 7.814724411007723, 7.195752244901154, 5.131447969140874, 7.009188784731083, 9.571893213466184], [1.5205152547738547, 0.0, 1.5307118017445347, 2.528698042471659, 3.8884177154724515, 4.793371788209214, 4.396565269616727, 5.216351948440596, 5.149237978575082, 5.817740025130034, 6.049560084006109, 5.535994553826801, 4.983638971675216, 2.9906187553748804, 5.231559211172134, 5.019558343121434, 6.1877710049742465, 7.331293799869161, 8.809923442913679, 7.500595577019201, 6.571302795488882, 7.467957220686257, 2.1592234460564756, 2.168721238425999, 2.168735235108241, 1.096215316441072, 1.0960743861618154, 2.1624350186768617, 2.1475742711254484, 2.7469933836833316, 4.168713919184189, 4.369998776887701, 6.263127174982158, 5.283092276309397, 6.355834426729507, 5.871646795405868, 4.177963348331337, 6.362373407777949, 8.523661047343447], [2.52114613221844, 1.5307118017445347, 0.0, 1.5236728159286694, 2.5363837939081697, 3.6660069094315686, 3.6068400421976023, 4.739632233623196, 4.816076575387895, 5.31249135716944, 5.778271642108909, 5.590644512039734, 5.053311130338207, 2.4363927269633687, 4.407422915945327, 4.429718395112719, 5.601676364268111, 6.565438663181615, 8.081919025206824, 6.574406988466716, 5.610799320061269, 6.3933121220537945, 3.4722410990597994, 2.783021525249131, 2.7819029206641983, 2.1637464638908135, 2.1680300320798143, 1.0963780233113027, 1.0973040918542134, 2.1675450698889747, 2.7072586245129964, 3.0125532841760654, 5.666528814891882, 5.072486804319947, 5.609183150869653, 6.1538551307290295, 3.851590318297106, 5.955242451823435, 7.5304587542858235], [3.8781757812146687, 2.528698042471659, 1.5236728159286694, 0.0, 1.5078378493724052, 2.296546208984265, 2.298313298921624, 3.3500179611458796, 3.399343717543138, 3.8648071866523948, 4.492324313760083, 4.440093716353293, 3.8701329628321557, 1.4308371989852653, 3.4338081789756396, 3.8733122298621883, 5.193168148635281, 5.989827504194089, 7.6379953338556055, 5.74145658696467, 4.5830671563921035, 5.141119580402696, 4.681157598286989, 4.2023714328935755, 4.191087766916842, 2.7575111187445827, 2.7782247947205425, 2.1544834787020295, 2.1562631889451715, 1.0963531456606488, 2.1786574604558653, 2.1839351089260868, 4.231045390917001, 3.866374305470177, 4.126716240547682, 5.179986318514751, 3.5307396746290993, 5.781249101189119, 6.651465596393023], [5.057249988877355, 3.8884177154724515, 2.5363837939081697, 1.5078378493724052, 0.0, 1.4275997513308833, 2.2772952948618674, 3.5409630610894545, 3.774438131695895, 3.9159297146399346, 4.7885698595718535, 5.121483727397755, 4.6489692889929914, 2.3024653808472344, 3.1808337570517575, 3.966568936751257, 5.138702340085482, 5.620546666472933, 7.242171849659465, 5.123418782414727, 3.9474302248424857, 4.2155183477242755, 5.97870399835951, 5.22122695350432, 5.211543327076922, 4.17108263523992, 4.1870532275097725, 2.7736461886837698, 2.786116020556215, 2.1513003602472622, 1.0957845636802883, 1.0931561553593336, 4.100271334924068, 4.33276171627289, 3.7644421804564887, 6.0060970072085915, 4.017990200336482, 5.89753742930047, 5.884243429702751], [6.120348128987436, 4.793371788209214, 3.6660069094315686, 2.296546208984265, 1.4275997513308833, 0.0, 1.4404705168798144, 2.4621218999066636, 2.9210427350519885, 3.0963361090165904, 4.2308173642926254, 4.6442807064173035, 4.065553396525496, 2.3374401168800025, 2.4291767123863175, 3.6046019891244576, 4.769069100988159, 5.048754684078045, 6.723656633856313, 4.3142241075308085, 2.9772249982156205, 2.9812136370947995, 6.941019016686239, 6.288382416011291, 6.4162822366227, 4.99228492175677, 4.831733318385857, 4.099258202406871, 3.881477714737004, 2.6851025622869606, 2.0534285670555965, 2.079199521450503, 2.782922321948638, 3.4078763211126075, 2.8109795659164796, 5.656907864726099, 3.913471594377554, 5.684734507433043, 5.006270447149255], [5.78278975322465, 4.396565269616727, 3.6068400421976023, 2.298313298921624, 2.2772952948618674, 1.4404705168798144, 0.0, 1.5406549451450833, 2.494123070339553, 3.2854996225840596, 4.383470618128973, 4.389615521887993, 3.4480936892723784, 1.4459580664735752, 1.5384930451581507, 2.5504500563626022, 3.8507239397287365, 4.365473382120202, 6.084891859351323, 3.8806206127370917, 2.5970993627506824, 3.2058227711462775, 6.469180541614216, 5.90299966288327, 6.310931941480592, 4.676123797548564, 4.116094815477409, 4.370840877908963, 3.73581372929647, 2.770275231813619, 2.7197564799077143, 3.2157540484309433, 2.2040360387253197, 2.1837217794398622, 3.3782858301215426, 5.361526760168227, 2.7543399844608873, 4.7048169369275135, 4.757926947736798], [6.696215973966193, 5.216351948440596, 4.739632233623196, 3.3500179611458796, 3.5409630610894545, 2.4621218999066636, 1.5406549451450833, 0.0, 1.4479768679091525, 2.521958534552065, 3.590336198742396, 3.472840930707884, 2.4368138152103453, 2.4420474913481924, 2.518412108849543, 3.477802014203799, 4.680398758652942, 5.101195635338837, 6.768924255744039, 4.518808083997372, 3.2571731209746897, 3.482393559033786, 7.215129876862925, 6.959379761156881, 7.272855470171258, 5.2503775283307, 4.8124774711160985, 5.504016429844663, 5.053592563711483, 3.366423847348993, 4.183393709657268, 4.272269689521016, 1.0946419962709268, 1.0972979403972287, 2.85734225636342, 4.46417431783303, 3.646757624246503, 5.517944886459087, 5.282126744030287], [6.669586481934243, 5.149237978575082, 4.816076575387895, 3.399343717543138, 3.774438131695895, 2.9210427350519885, 2.494123070339553, 1.4479768679091525, 0.0, 1.3614681634177128, 2.1845703032862094, 2.074828759199178, 1.347246926142346, 2.953500482478376, 3.8254051419424844, 4.752043985486667, 6.036136934331427, 6.51850326225277, 8.201225129820545, 5.9011096219270485, 4.578063174531343, 4.497700280143175, 7.117971206038979, 7.147750376866837, 7.127966091389604, 4.88255090091235, 4.913951719339537, 5.420753679148316, 5.414705440741906, 2.944711274471574, 4.681302786618272, 4.218628121795047, 2.035651947165821, 2.0586530159305623, 2.1579650089841587, 3.1181800926181285, 4.728284003737508, 6.824588882855874, 6.621807880783011], [7.307030644523122, 5.817740025130034, 5.31249135716944, 3.8648071866523948, 3.9159297146399346, 3.0963361090165904, 3.2854996225840596, 2.521958534552065, 1.3614681634177128, 0.0, 1.313103503155787, 2.096006464684687, 2.231142846166511, 3.857721910661783, 4.655793507018971, 5.763302227022282, 7.029852061743547, 7.368246832184709, 9.052287792044616, 6.566783810207246, 5.186267215445035, 4.681473341801702, 7.823479244556094, 7.858506410890048, 7.586316782207292, 5.431365557573896, 5.806345155086804, 5.677281498217258, 6.007195789218127, 3.236789497326016, 4.923619556789496, 4.013783216617459, 2.7073188231163314, 3.3431704413625103, 1.0816113257543118, 3.139025850482917, 5.832148106829935, 7.893033509367611, 7.159067400856063], [7.485297122359272, 6.049560084006109, 5.778271642108909, 4.492324313760083, 4.7885698595718535, 4.2308173642926254, 4.383470618128973, 3.590336198742396, 2.1845703032862094, 1.313103503155787, 0.0, 1.365694010384464, 2.2815060837087415, 4.648491980201752, 5.82650469921719, 6.82186578950363, 8.136707338967035, 8.577359195579954, 10.270827607354725, 7.839470441298953, 6.462044482979052, 5.9919638633756795, 7.88053034890419, 8.185852373455072, 7.694561168123885, 5.439215731150953, 6.113175138174924, 6.0430546017721865, 6.626495684749217, 3.6133375900958935, 5.8596700325188955, 4.7387025165123, 3.8883930974118344, 4.204083929942407, 2.1437446233168727, 2.158734828551205, 6.741284483687066, 8.933473986641479, 8.458935723836657], [6.961598987301697, 5.535994553826801, 5.590644512039734, 4.440093716353293, 5.121483727397755, 4.6442807064173035, 4.389615521887993, 3.472840930707884, 2.074828759199178, 2.096006464684687, 1.365694010384464, 0.0, 1.33542939161904, 4.367819769633358, 5.806389075837065, 6.575313651834413, 7.906421304863534, 8.517085068261323, 10.197434105205094, 7.966401393979593, 6.6454004010292715, 6.492517923733441, 7.198160489319476, 7.693485912770622, 7.304132179800692, 4.875475310162077, 5.440048424416826, 6.014449385438371, 6.447159176722722, 3.55307619535523, 6.1532566401865605, 5.283345823434237, 4.012926713758924, 3.7457208785492817, 3.1569710736717247, 1.0824532645800466, 6.323892187569297, 8.586171157157304, 8.696090180650152], [6.4603030919609346, 4.983638971675216, 5.053311130338207, 3.8701329628321557, 4.6489692889929914, 4.065553396525496, 3.4480936892723784, 2.4368138152103453, 1.347246926142346, 2.231142846166511, 2.2815060837087415, 1.33542939161904, 0.0, 3.4171147976033818, 4.74589950799635, 5.398070003251163, 6.701086414157036, 7.365140027182104, 9.020832185003776, 6.9248832084014245, 5.672318660829978, 5.7784078438614905, 6.710993039036771, 7.0591465468567804, 6.971317493845765, 4.5347645032570325, 4.669661176145438, 5.690512512067784, 5.762124924886652, 3.2294874655276185, 5.569694672062375, 5.080590252126223, 3.151334106374632, 2.4893608095252087, 3.259255488604721, 2.1125356162678064, 5.132055332905131, 7.3447703612842785, 7.716515507014808], [4.384467317702345, 2.9906187553748804, 2.4363927269633687, 1.4308371989852653, 2.3024653808472344, 2.3374401168800025, 1.4459580664735752, 2.4420474913481924, 2.953500482478376, 3.857721910661783, 4.648491980201752, 4.367819769633358, 3.4171147976033818, 0.0, 2.425545159340473, 2.7229842342547634, 4.10997222983319, 4.991881541062448, 6.657194563027282, 4.855219938375604, 3.756139120160487, 4.60695797354393, 5.030529066609198, 4.55431750869436, 4.987489919789312, 3.3525679411460105, 2.673772514631714, 3.3730169892842223, 2.6650554572090988, 2.050254079376505, 2.7323612682074088, 3.265507496546287, 3.4069167130999842, 2.686155792205657, 4.217437579858177, 5.161742454830539, 2.344481797754037, 4.702623308324833, 5.8417246537302665], [6.438057279956432, 5.231559211172134, 4.407422915945327, 3.4338081789756396, 3.1808337570517575, 2.4291767123863175, 1.5384930451581507, 2.518412108849543, 3.8254051419424844, 4.655793507018971, 5.82650469921719, 5.806389075837065, 4.74589950799635, 2.425545159340473, 0.0, 1.413844934920375, 2.4546376860954453, 2.8276914824640964, 4.547188547883186, 2.448714138073287, 1.4110720357231945, 2.7663064707295177, 7.143690766683563, 6.303118949377363, 7.055233414990605, 5.749407851248683, 4.80619700178842, 5.230976120190188, 4.147515163323697, 4.1581012625957054, 3.0921078668118938, 4.193180817708676, 2.77750733032336, 2.7845269364831076, 4.600262764234235, 6.76981821986381, 2.180857303905966, 3.433211496543724, 3.4320961306466926], [6.026660962755413, 5.019558343121434, 4.429718395112719, 3.8733122298621883, 3.966568936751257, 3.6046019891244576, 2.5504500563626022, 3.477802014203799, 4.752043985486667, 5.763302227022282, 6.82186578950363, 6.575313651834413, 5.398070003251163, 2.7229842342547634, 1.413844934920375, 0.0, 1.3975193916364812, 2.409294373877962, 3.993090676405935, 2.7809306733537964, 2.411121272354421, 4.042372042501778, 6.651741775655457, 5.714445009797539, 6.780896566089178, 5.720641304958737, 4.416009350080681, 5.376787305631495, 3.9374737853095603, 4.72078809628223, 3.6765745116888358, 5.049693870919306, 3.9200763627766233, 3.349330350980625, 5.861192846170479, 7.432006321983318, 1.0902306820118393, 2.15444710772857, 3.868433482690377], [7.018554880457942, 6.1877710049742465, 5.601676364268111, 5.193168148635281, 5.138702340085482, 4.769069100988159, 3.8507239397287365, 4.680398758652942, 6.036136934331427, 7.029852061743547, 8.136707338967035, 7.906421304863534, 6.701086414157036, 4.10997222983319, 2.4546376860954453, 1.3975193916364812, 0.0, 1.3883466461946745, 2.6947207313560346, 2.4087101112421148, 2.7927227180656518, 4.519792572674104, 7.625870923376556, 6.537327053161712, 7.791299145200369, 6.978156631231489, 5.554923750151752, 6.50880521447677, 4.935913741142565, 6.089933597339137, 4.6542449666943835, 6.19077006680106, 4.926647687829931, 4.478088137810599, 7.044487422800896, 8.766336805074285, 2.1357718159953323, 1.0874257078072043, 3.3913709705663284], [8.217986559979275, 7.331293799869161, 6.565438663181615, 5.989827504194089, 5.620546666472933, 5.048754684078045, 4.365473382120202, 5.101195635338837, 6.51850326225277, 7.368246832184709, 8.577359195579954, 8.517085068261323, 7.365140027182104, 4.991881541062448, 2.8276914824640964, 2.409294373877962, 1.3883466461946745, 0.0, 1.7195017330610636, 1.3899046190296653, 2.4193413835174233, 3.9699673764402648, 8.892450774111714, 7.74850979801923, 8.915427183259364, 8.077677869288921, 6.778883673585201, 7.381781669082336, 5.918218822416082, 6.863455656591656, 5.091978356199092, 6.589362868290075, 5.054919031003365, 5.044976025711123, 7.203817056255662, 9.454247141364561, 3.382100657875221, 2.1553812052627723, 2.1475205726604805], [9.551110424971538, 8.809923442913679, 8.081919025206824, 7.6379953338556055, 7.242171849659465, 6.723656633856313, 6.084891859351323, 6.768924255744039, 8.201225129820545, 9.052287792044616, 10.270827607354725, 10.197434105205094, 9.020832185003776, 6.657194563027282, 4.547188547883186, 3.993090676405935, 2.6947207313560346, 1.7195017330610636, 0.0, 2.696735593268276, 4.001722659055722, 5.338039274864882, 10.196245192226401, 8.956182395418264, 10.26486299324058, 9.625681345754181, 8.227102156288082, 8.87644563662731, 7.326305646094763, 8.547230139641732, 6.608910909522083, 8.180716883012149, 6.650207929080112, 6.637267548472037, 8.85403302964248, 11.12249841986952, 4.830483732505473, 2.852078450884548, 2.839033029043516], [8.545194235943383, 7.500595577019201, 6.574406988466716, 5.74145658696467, 5.123418782414727, 4.3142241075308085, 3.8806206127370917, 4.518808083997372, 5.9011096219270485, 6.566783810207246, 7.839470441298953, 7.966401393979593, 6.9248832084014245, 4.855219938375604, 2.448714138073287, 2.7809306733537964, 2.4087101112421148, 1.3899046190296653, 2.696735593268276, 0.0, 1.401587649774355, 2.6599478152775857, 9.286322541243118, 8.208948446664772, 9.14988203913034, 8.124108488320426, 7.057494804107191, 7.303370123443012, 6.078855505767513, 6.518484969684289, 4.709651835327109, 5.988798705917573, 4.244083382781257, 4.699399392475596, 6.249759487372294, 8.97144129223393, 3.8705572324924997, 3.3974664840142275, 1.087520068780342], [7.752695497051332, 6.571302795488882, 5.610799320061269, 4.5830671563921035, 3.9474302248424857, 2.9772249982156205, 2.5970993627506824, 3.2571731209746897, 4.578063174531343, 5.186267215445035, 6.462044482979052, 6.6454004010292715, 5.672318660829978, 3.756139120160487, 1.4110720357231945, 2.411121272354421, 2.7927227180656518, 2.4193413835174233, 4.001722659055722, 1.401587649774355, 0.0, 1.7306852573475051, 8.505971931531398, 7.572202962150447, 8.307559157177275, 7.073770059169298, 6.20260787814287, 6.316237213721473, 5.302571449777928, 5.261779605798784, 3.748391779150093, 4.799725000455756, 3.017496382765023, 3.640705902706232, 4.87498779588216, 7.670890768352786, 3.412002586458574, 3.8801006700857643, 2.163050212084777], [8.751672236207204, 7.467957220686257, 6.3933121220537945, 5.141119580402696, 4.2155183477242755, 2.9812136370947995, 3.2058227711462775, 3.482393559033786, 4.497700280143175, 4.681473341801702, 5.9919638633756795, 6.492517923733441, 5.7784078438614905, 4.60695797354393, 2.7663064707295177, 4.042372042501778, 4.519792572674104, 3.9699673764402648, 5.338039274864882, 2.6599478152775857, 1.7306852573475051, 0.0, 9.543421526894848, 8.715265793996187, 9.172522321041251, 7.786668654180682, 7.24952557137362, 6.920031001375644, 6.290191451776328, 5.5842388433877, 4.251320043233631, 4.757276445614654, 2.827403009830753, 4.184824967665912, 4.069495471185586, 7.569122699494308, 4.940715254899841, 5.6069840600807845, 2.7723604238987396], [1.0944949200430307, 2.1592234460564756, 3.4722410990597994, 4.681157598286989, 5.97870399835951, 6.941019016686239, 6.469180541614216, 7.215129876862925, 7.117971206038979, 7.823479244556094, 7.88053034890419, 7.198160489319476, 6.710993039036771, 5.030529066609198, 7.143690766683563, 6.651741775655457, 7.625870923376556, 8.892450774111714, 10.196245192226401, 9.286322541243118, 8.505971931531398, 9.543421526894848, 0.0, 1.7720068114993237, 1.7719271119320903, 2.473322520416616, 2.469887991387464, 3.748580870142727, 3.745226500493662, 4.827193356392511, 6.1204733240166975, 6.385008458882416, 8.288548725802364, 7.106916465669201, 8.441063735691136, 7.28887950236523, 5.671310630709625, 7.5296574590083445, 10.339179671521334], [1.0947344198480287, 2.168721238425999, 2.783021525249131, 4.2023714328935755, 5.22