{"total energy": -31.63706122, "HOMO-LUMO gap/eV": 12.58831162, "electronic energy": -32.09522511, "dipole": [0.02053118, -0.00122912, -0.00151635], "partial charges": [-0.09992637, -0.05175051, -0.05775732, -0.05730502, -0.06036, -0.01827556, -0.05805959, -0.05509315, -0.05580175, -0.05805774, 0.03060724, 0.03157163, 0.03116295, 0.03026551, 0.0287654, 0.02909355, 0.02851089, 0.03040491, 0.02702853, 0.03108834, 0.02921629, 0.02909832, 0.02453312, 0.03028033, 0.02632697, 0.02631734, 0.02661828, 0.0256231, 0.02560959, 0.03026472], "atomic dipole moments": [[-0.09834469, -0.0111746, 0.00147041], [0.05893875, 0.04477121, 0.08484059], [-0.05807929, -0.04986698, -0.07911199], [0.04252323, 0.06833008, -0.07645227], [-0.04272759, -0.0581348, 0.08268514], [0.01234467, -0.03183648, -0.08606923], [-0.03447602, -0.07862878, 0.07222926], [0.10174063, -0.05923246, 0.01432126], [0.08349218, 0.08465072, -0.01257088], [-0.06246044, 0.0975912, -0.0013993], [0.04652467, -0.04192395, -0.10761968], [0.03227573, 0.1212906, 0.01099164], [0.05521447, -0.06444134, 0.09283531], [-0.04421189, 0.06005813, -0.09874748], [-0.02413507, -0.11994064, -0.01812308], [0.02365999, 0.12091863, 0.01602], [0.05275093, -0.05296209, 0.09607484], [-0.02197649, -0.12284406, -0.00759355], [-0.03309988, 0.02929065, 0.11327714], [0.0295166, -0.03654561, -0.11536066], [0.02990303, 0.11928942, 0.00191851], [-0.03043638, 0.04134092, 0.11580614], [0.00075302, 0.12507722, 0.02362564], [0.03622489, -0.01845, -0.11963748], [-0.06135215, 0.05948953, 0.09097738], [-0.06680015, 0.00783286, -0.10823041], [-0.0388814, -0.07970537, -0.09054608], [-0.06558464, -0.02049755, 0.105544], [0.0196221, -0.07240371, 0.10344243], [0.04716274, -0.06061099, -0.10011101]], "atomic quadrupole moments": [[0.22847627, 0.03985544, -0.12126886, -0.00808936, 0.00661571, -0.1072074], [0.17466458, 0.00480435, -0.18930795, -0.09446281, 0.10052071, 0.01464337], [0.15557485, 0.01929867, -0.17807157, -0.11893822, 0.08694332, 0.02249672], [0.18823154, -0.01977353, -0.13073414, 0.07894309, -0.11840767, -0.0574974], [0.18549622, -0.05050042, -0.13139032, 0.055234, -0.12411244, -0.0541059], [0.12638343, 0.03126297, 0.05602057, 0.08870852, -0.1031884, -0.182404], [0.18697245, 0.02366096, -0.077548, 0.09476789, -0.14494718, -0.10942446], [0.09010962, 0.07894427, 0.12744432, -0.01156102, -0.11852635, -0.21755394], [0.12126151, -0.07072672, 0.10071585, 0.06919934, -0.10192978, -0.22197735], [0.15891232, 0.06810476, 0.08036769, 0.07694479, 0.01273483, -0.23928001], [-0.0161803, -0.00998126, -0.03710262, -0.03272866, 0.04366315, 0.05328291], [-0.02552199, 0.0157131, 0.0767125, 0.00437522, 0.01351916, -0.05119051], [-0.01603886, -0.01538233, -0.01187318, 0.03168448, -0.05660759, 0.02791204], [-0.00563099, -0.02594444, -0.00669149, 0.01783098, -0.03783034, 0.01232248], [-0.01968369, 0.01634088, 0.0544624, -0.00939426, 0.0022536, -0.03477871], [-0.02697127, 0.00941779, 0.05806633, -0.01360955, -0.00167441, -0.03109505], [-0.00192745, -0.02851114, -0.01508952, 0.01738236, -0.03892969, 0.01701698], [-0.01864041, 0.01031554, 0.05034032, 0.01476316, 0.02026277, -0.03169991], [-0.00776703, -0.01845515, -0.03206416, -0.01719174, 0.03134537, 0.03983119], [-0.01855067, -0.01642258, -0.0187239, -0.00979077, 0.03567407, 0.03727457], [-0.01749513, 0.01728583, 0.05439167, 0.01105285, 0.01353404, -0.03689654], [-0.01850263, -0.00101407, -0.00556116, -0.00758666, 0.01114367, 0.02406378], [-0.031579, 0.00131748, 0.05264589, -0.00926494, 0.01992031, -0.02106688], [-0.0019456, -0.00840126, -0.03621668, -0.02001246, 0.02367963, 0.03816228], [-0.02611829, -0.00258846, 0.00967039, -0.03830469, 0.01839306, 0.0164479], [-0.01278879, 0.00168098, -0.02323445, 0.03294781, 0.00245526, 0.03602324], [-0.01573306, -8.98e-06, -0.0022681, 0.01891499, 0.03634708, 0.01800116], [-0.0133221, -0.01553546, -0.01498781, -0.03287436, -0.01293619, 0.02830991], [-0.01951885, -0.00920221, -0.01188375, 0.00415661, -0.03668986, 0.0314026], [0.00353762, -0.0007614, -0.03092907, -0.02320143, 0.0324269, 0.02739145]], "number of molecular orbitals": 60, "number of electrons": 60, "number of unpaired electrons": 0, "orbital energies/eV": [-17.25428612, -16.87684821, -16.62426724, -16.293647, -16.22003392, -15.74034126, -15.31541102, -15.02357442, -14.96397413, -14.75700568, -14.20347072, -14.03596134, -13.79772982, -13.55316108, -13.34505599, -13.19280972, -13.10604832, -12.75138963, -12.64404431, -12.21209332, -12.09480218, -11.99681923, -11.9418672, -11.84002307, -11.54670662, -11.45325065, -11.36938592, -11.28041206, -11.22583812, -11.18733578, 1.40097584, 1.67911151, 2.07015254, 2.24530487, 2.85355637, 3.20398617, 3.32886489, 3.42655553, 3.63629083, 3.7436152, 4.19916409, 4.31334843, 4.53697846, 4.59834872, 4.78293274, 4.88310068, 5.16528574, 5.61406055, 5.7113942, 5.78697847, 5.89486214, 6.62576575, 6.84417088, 7.01850005, 7.57690749, 8.02077074, 8.08023931, 8.32058326, 8.75468105, 9.46294603], "fractional occupation": [2.0, 2.0, 2.0, 2.0, 2.0, 2.0, 2.0, 2.0, 2.0, 2.0, 2.0, 2.0, 2.0, 2.0, 2.0, 2.0, 2.0, 2.0, 2.0, 2.0, 2.0, 2.0, 2.0, 2.0, 2.0, 2.0, 2.0, 2.0, 2.0, 2.0, 0.0, 0.0, 0.0, 0.0, 0.0, 0.0, 0.0, 0.0, 0.0, 0.0, 0.0, 0.0, 0.0, 0.0, 0.0, 0.0, 0.0, 0.0, 0.0, 0.0, 0.0, 0.0, 0.0, 0.0, 0.0, 0.0, 0.0, 0.0, 0.0, 0.0], "program call": "xtb /home/svss/Project-DBcg-Debug/aqme2_20220329/End-to-End-workflows-final/example-3/QDESCP/mol_824_rdkit_conf_5/mol_824_rdkit_conf_5.xyz --pop --wbo --acc 0.2 --gfn 2 --chrg 0 --uhf 0 --etemp 300 --input /home/svss/Project-DBcg-Debug/aqme2_20220329/End-to-End-workflows-final/example-3/QDESCP/mol_824_rdkit_conf_5/mol_824_rdkit_conf_5_xtb.inp", "method": "GFN2-xTB", "xtb version": "6.3.3 (7355c4f)", "Dipole module/D": 0.052, "Total charge": 0, "Transition dipole module/D": NaN, "HOMO": -11.1873, "LUMO": 1.401, "HOMO occupancy": 2.0, "LUMO occupancy": 0, "mulliken charges": [-0.08337, -0.03988, -0.04681, -0.04571, -0.0524, -0.0108, -0.05045, -0.04587, -0.04671, -0.05214, 0.02779, 0.02645, 0.02626, 0.02225, 0.02209, 0.02265, 0.02377, 0.0229, 0.02359, 0.02341, 0.02453, 0.02098, 0.02383, 0.02363, 0.02254, 0.02382, 0.02341, 0.0228, 0.0237, 0.02373], "cm5 charges": [-0.2338, -0.15256, -0.15736, -0.15615, -0.1608, -0.0801, -0.15772, -0.15477, -0.15561, -0.15945, 0.07856, 0.07775, 0.07755, 0.07755, 0.07692, 0.07783, 0.07866, 0.07874, 0.07867, 0.07993, 0.08021, 0.08033, 0.07828, 0.07945, 0.07724, 0.07785, 0.07759, 0.07718, 0.07846, 0.07955], "FUKUI+": [0.006, 0.001, -0.013, -0.021, -0.015, -0.025, -0.006, 0.001, 0.006, 0.011, -0.047, -0.029, -0.031, -0.02, -0.032, -0.044, -0.056, -0.046, -0.047, -0.046, -0.053, -0.056, -0.048, -0.051, -0.056, -0.066, -0.054, -0.06, -0.054, -0.049], "FUKUI-": [0.018, 0.004, 0.01, 0.01, 0.006, 0.002, 0.009, 0.008, 0.008, 0.011, -0.045, -0.046, -0.061, -0.073, -0.056, -0.05, -0.069, -0.029, -0.049, -0.042, -0.035, -0.043, -0.042, -0.045, -0.081, -0.069, -0.076, -0.077, -0.045, -0.054], "FUKUIrad": [0.012, 0.002, -0.001, -0.006, -0.004, -0.011, 0.001, 0.005, 0.007, 0.011, -0.046, -0.037, -0.046, -0.046, -0.044, -0.047, -0.062, -0.038, -0.048, -0.044, -0.044, -0.05, -0.045, -0.048, -0.068, -0.067, -0.065, -0.068, -0.049, -0.052], "s proportion": [1.008, 1.027, 1.032, 1.032, 1.034, 1.057, 1.033, 1.029, 1.03, 1.033, 0.972, 0.974, 0.974, 0.978, 0.978, 0.977, 0.976, 0.977, 0.976, 0.977, 0.975, 0.979, 0.976, 0.976, 0.977, 0.976, 0.977, 0.977, 0.976, 0.976], "p proportion": [3.076, 3.013, 3.015, 3.014, 3.018, 2.954, 3.018, 3.017, 3.017, 3.019, 0.0, 0.0, 0.0, 0.0, 0.0, 0.0, 0.0, 0.0, 0.0, 0.0, 0.0, 0.0, 0.0, 0.0, 0.0, 0.0, 0.0, 0.0, 0.0, 0.0], "d proportion": [0.0, 0.0, 0.0, 0.0, 0.0, 0.0, 0.0, 0.0, 0.0, 0.0, 0.0, 0.0, 0.0, 0.0, 0.0, 0.0, 0.0, 0.0, 0.0, 0.0, 0.0, 0.0, 0.0, 0.0, 0.0, 0.0, 0.0, 0.0, 0.0, 0.0], "Fermi-level/eV": -4.8932, "Coordination numbers": [3.75, 3.799, 3.801, 3.8, 3.801, 3.88, 3.832, 3.824, 3.821, 3.829, 0.924, 0.924, 0.924, 0.924, 0.924, 0.924, 0.924, 0.924, 0.924, 0.924, 0.924, 0.923, 0.924, 0.924, 0.924, 0.924, 0.924, 0.924, 0.924, 0.924], "Dispersion coefficient C6": [22.472, 21.504, 21.613, 21.606, 21.661, 20.852, 21.593, 21.545, 21.56, 21.595, 2.578, 2.564, 2.57, 2.583, 2.604, 2.6, 2.608, 2.581, 2.629, 2.571, 2.598, 2.599, 2.666, 2.583, 2.639, 2.64, 2.635, 2.65, 2.65, 2.583], "Total dispersion C6": 6184.461577, "Total dispersion C8": 130827.910957, "Polarizability alpha": [6.761, 6.603, 6.619, 6.618, 6.626, 6.492, 6.611, 6.605, 6.608, 6.612, 2.511, 2.504, 2.507, 2.513, 2.524, 2.521, 2.525, 2.512, 2.536, 2.508, 2.521, 2.521, 2.553, 2.513, 2.541, 2.541, 2.539, 2.546, 2.546, 2.513], "Total polarizability alpha": 116.650101, "Wiberg matrix": [[0.0, 1.0197645254750018, 0.0, 0.0, 0.0, 0.0, 0.0, 0.0, 0.0, 0.0, 0.9875262050491087, 0.9878537589648644, 0.98768377980933, 0.0, 0.0, 0.0, 0.0, 0.0, 0.0, 0.0, 0.0, 0.0, 0.0, 0.0, 0.0, 0.0, 0.0, 0.0, 0.0, 0.0], [1.0197645254750018, 0.0, 1.0088421879516292, 0.0, 0.0, 0.0, 0.0, 0.0, 0.0, 0.0, 0.0, 0.0, 0.0, 0.9764346551531998, 0.9779731900625231, 0.0, 0.0, 0.0, 0.0, 0.0, 0.0, 0.0, 0.0, 0.0, 0.0, 0.0, 0.0, 0.0, 0.0, 0.0], [0.0, 1.0088421879516292, 0.0, 1.0062356071938752, 0.0, 0.0, 0.0, 0.0, 0.0, 0.0, 0.0, 0.0, 0.0, 0.0, 0.0, 0.9771587890574861, 0.9768603244345441, 0.0, 0.0, 0.0, 0.0, 0.0, 0.0, 0.0, 0.0, 0.0, 0.0, 0.0, 0.0, 0.0], [0.0, 0.0, 1.0062356071938752, 0.0, 1.0073010150639354, 0.0, 0.0, 0.0, 0.0, 0.0, 0.0, 0.0, 0.0, 0.0, 0.0, 0.0, 0.0, 0.9767965922585172, 0.9771090689313284, 0.0, 0.0, 0.0, 0.0, 0.0, 0.0, 0.0, 0.0, 0.0, 0.0, 0.0], [0.0, 0.0, 0.0, 1.0073010150639354, 0.0, 0.9985012778812434, 0.0, 0.0, 0.0, 0.0, 0.0, 0.0, 0.0, 0.0, 0.0, 0.0, 0.0, 0.0, 0.0, 0.9740940417439925, 0.9758104339920096, 0.0, 0.0, 0.0, 0.0, 0.0, 0.0, 0.0, 0.0, 0.0], [0.0, 0.0, 0.0, 0.0, 0.9985012778812434, 0.0, 0.9948785108922555, 0.0, 0.0, 0.9960966292478586, 0.0, 0.0, 0.0, 0.0, 0.0, 0.0, 0.0, 0.0, 0.0, 0.0, 0.0, 0.9683062022217793, 0.0, 0.0, 0.0, 0.0, 0.0, 0.0, 0.0, 0.0], [0.0, 0.0, 0.0, 0.0, 0.0, 0.9948785108922555, 0.0, 1.0070435634257346, 0.0, 0.0, 0.0, 0.0, 0.0, 0.0, 0.0, 0.0, 0.0, 0.0, 0.0, 0.0, 0.0, 0.0, 0.9800812360788805, 0.978355443549368, 0.0, 0.0, 0.0, 0.0, 0.0, 0.0], [0.0, 0.0, 0.0, 0.0, 0.0, 0.0, 1.0070435634257346, 0.0, 1.0021935832674325, 0.0, 0.0, 0.0, 0.0, 0.0, 0.0, 0.0, 0.0, 0.0, 0.0, 0.0, 0.0, 0.0, 0.0, 0.0, 0.9829604270939606, 0.9820678267411919, 0.0, 0.0, 0.0, 0.0], [0.0, 0.0, 0.0, 0.0, 0.0, 0.0, 0.0, 1.0021935832674325, 0.0, 1.004058955480459, 0.0, 0.0, 0.0, 0.0, 0.0, 0.0, 0.0, 0.0, 0.0, 0.0, 0.0, 0.0, 0.0, 0.0, 0.0, 0.0, 0.9834174513685039, 0.9838993460959817, 0.0, 0.0], [0.0, 0.0, 0.0, 0.0, 0.0, 0.9960966292478586, 0.0, 0.0, 1.004058955480459, 0.0, 0.0, 0.0, 0.0, 0.0, 0.0, 0.0, 0.0, 0.0, 0.0, 0.0, 0.0, 0.0, 0.0, 0.0, 0.0, 0.0, 0.0, 0.0, 0.9805879677436632, 0.9794037610636073], [0.9875262050491087, 0.0, 0.0, 0.0, 0.0, 0.0, 0.0, 0.0, 0.0, 0.0, 0.0, 0.0, 0.0, 0.0, 0.0, 0.0, 0.0, 0.0, 0.0, 0.0, 0.0, 0.0, 0.0, 0.0, 0.0, 0.0, 0.0, 0.0, 0.0, 0.0], [0.9878537589648644, 0.0, 0.0, 0.0, 0.0, 0.0, 0.0, 0.0, 0.0, 0.0, 0.0, 0.0, 0.0, 0.0, 0.0, 0.0, 0.0, 0.0, 0.0, 0.0, 0.0, 0.0, 0.0, 0.0, 0.0, 0.0, 0.0, 0.0, 0.0, 0.0], [0.98768377980933, 0.0, 0.0, 0.0, 0.0, 0.0, 0.0, 0.0, 0.0, 0.0, 0.0, 0.0, 0.0, 0.0, 0.0, 0.0, 0.0, 0.0, 0.0, 0.0, 0.0, 0.0, 0.0, 0.0, 0.0, 0.0, 0.0, 0.0, 0.0, 0.0], [0.0, 0.9764346551531998, 0.0, 0.0, 0.0, 0.0, 0.0, 0.0, 0.0, 0.0, 0.0, 0.0, 0.0, 0.0, 0.0, 0.0, 0.0, 0.0, 0.0, 0.0, 0.0, 0.0, 0.0, 0.0, 0.0, 0.0, 0.0, 0.0, 0.0, 0.0], [0.0, 0.9779731900625231, 0.0, 0.0, 0.0, 0.0, 0.0, 0.0, 0.0, 0.0, 0.0, 0.0, 0.0, 0.0, 0.0, 0.0, 0.0, 0.0, 0.0, 0.0, 0.0, 0.0, 0.0, 0.0, 0.0, 0.0, 0.0, 0.0, 0.0, 0.0], [0.0, 0.0, 0.9771587890574861, 0.0, 0.0, 0.0, 0.0, 0.0, 0.0, 0.0, 0.0, 0.0, 0.0, 0.0, 0.0, 0.0, 0.0, 0.0, 0.0, 0.0, 0.0, 0.0, 0.0, 0.0, 0.0, 0.0, 0.0, 0.0, 0.0, 0.0], [0.0, 0.0, 0.9768603244345441, 0.0, 0.0, 0.0, 0.0, 0.0, 0.0, 0.0, 0.0, 0.0, 0.0, 0.0, 0.0, 0.0, 0.0, 0.0, 0.0, 0.0, 0.0, 0.0, 0.0, 0.0, 0.0, 0.0, 0.0, 0.0, 0.0, 0.0], [0.0, 0.0, 0.0, 0.9767965922585172, 0.0, 0.0, 0.0, 0.0, 0.0, 0.0, 0.0, 0.0, 0.0, 0.0, 0.0, 0.0, 0.0, 0.0, 0.0, 0.0, 0.0, 0.0, 0.0, 0.0, 0.0, 0.0, 0.0, 0.0, 0.0, 0.0], [0.0, 0.0, 0.0, 0.9771090689313284, 0.0, 0.0, 0.0, 0.0, 0.0, 0.0, 0.0, 0.0, 0.0, 0.0, 0.0, 0.0, 0.0, 0.0, 0.0, 0.0, 0.0, 0.0, 0.0, 0.0, 0.0, 0.0, 0.0, 0.0, 0.0, 0.0], [0.0, 0.0, 0.0, 0.0, 0.9740940417439925, 0.0, 0.0, 0.0, 0.0, 0.0, 0.0, 0.0, 0.0, 0.0, 0.0, 0.0, 0.0, 0.0, 0.0, 0.0, 0.0, 0.0, 0.0, 0.0, 0.0, 0.0, 0.0, 0.0, 0.0, 0.0], [0.0, 0.0, 0.0, 0.0, 0.9758104339920096, 0.0, 0.0, 0.0, 0.0, 0.0, 0.0, 0.0, 0.0, 0.0, 0.0, 0.0, 0.0, 0.0, 0.0, 0.0, 0.0, 0.0, 0.0, 0.0, 0.0, 0.0, 0.0, 0.0, 0.0, 0.0], [0.0, 0.0, 0.0, 0.0, 0.0, 0.9683062022217793, 0.0, 0.0, 0.0, 0.0, 0.0, 0.0, 0.0, 0.0, 0.0, 0.0, 0.0, 0.0, 0.0, 0.0, 0.0, 0.0, 0.0, 0.0, 0.0, 0.0, 0.0, 0.0, 0.0, 0.0], [0.0, 0.0, 0.0, 0.0, 0.0, 0.0, 0.9800812360788805, 0.0, 0.0, 0.0, 0.0, 0.0, 0.0, 0.0, 0.0, 0.0, 0.0, 0.0, 0.0, 0.0, 0.0, 0.0, 0.0, 0.0, 0.0, 0.0, 0.0, 0.0, 0.0, 0.0], [0.0, 0.0, 0.0, 0.0, 0.0, 0.0, 0.978355443549368, 0.0, 0.0, 0.0, 0.0, 0.0, 0.0, 0.0, 0.0, 0.0, 0.0, 0.0, 0.0, 0.0, 0.0, 0.0, 0.0, 0.0, 0.0, 0.0, 0.0, 0.0, 0.0, 0.0], [0.0, 0.0, 0.0, 0.0, 0.0, 0.0, 0.0, 0.9829604270939606, 0.0, 0.0, 0.0, 0.0, 0.0, 0.0, 0.0, 0.0, 0.0, 0.0, 0.0, 0.0, 0.0, 0.0, 0.0, 0.0, 0.0, 0.0, 0.0, 0.0, 0.0, 0.0], [0.0, 0.0, 0.0, 0.0, 0.0, 0.0, 0.0, 0.9820678267411919, 0.0, 0.0, 0.0, 0.0, 0.0, 0.0, 0.0, 0.0, 0.0, 0.0, 0.0, 0.0, 0.0, 0.0, 0.0, 0.0, 0.0, 0.0, 0.0, 0.0, 0.0, 0.0], [0.0, 0.0, 0.0, 0.0, 0.0, 0.0, 0.0, 0.0, 0.9834174513685039, 0.0, 0.0, 0.0, 0.0, 0.0, 0.0, 0.0, 0.0, 0.0, 0.0, 0.0, 0.0, 0.0, 0.0, 0.0, 0.0, 0.0, 0.0, 0.0, 0.0, 0.0], [0.0, 0.0, 0.0, 0.0, 0.0, 0.0, 0.0, 0.0, 0.9838993460959817, 0.0, 0.0, 0.0, 0.0, 0.0, 0.0, 0.0, 0.0, 0.0, 0.0, 0.0, 0.0, 0.0, 0.0, 0.0, 0.0, 0.0, 0.0, 0.0, 0.0, 0.0], [0.0, 0.0, 0.0, 0.0, 0.0, 0.0, 0.0, 0.0, 0.0, 0.9805879677436632, 0.0, 0.0, 0.0, 0.0, 0.0, 0.0, 0.0, 0.0, 0.0, 0.0, 0.0, 0.0, 0.0, 0.0, 0.0, 0.0, 0.0, 0.0, 0.0, 0.0], [0.0, 0.0, 0.0, 0.0, 0.0, 0.0, 0.0, 0.0, 0.0, 0.9794037610636073, 0.0, 0.0, 0.0, 0.0, 0.0, 0.0, 0.0, 0.0, 0.0, 0.0, 0.0, 0.0, 0.0, 0.0, 0.0, 0.0, 0.0, 0.0, 0.0, 0.0]], "Born radii": [], "Atomic SASAs": [], "Solvent H bonds": [], "Total SASA": NaN, "Total FOD": 0.0, "FOD": [0.0, 0.0, 0.0, 0.0, 0.0, 0.0, 0.0, 0.0, 0.0, 0.0, 0.0, 0.0, 0.0, 0.0, 0.0, 0.0, 0.0, 0.0, 0.0, 0.0, 0.0, 0.0, 0.0, 0.0, 0.0, 0.0, 0.0, 0.0, 0.0, 0.0], "FOD s proportion": [0.0, 0.0, 0.0, 0.0, 0.0, 0.0, 0.0, 0.0, 0.0, 0.0, 0.0, 0.0, 0.0, 0.0, 0.0, 0.0, 0.0, 0.0, 0.0, 0.0, 0.0, 0.0, 0.0, 0.0, 0.0, 0.0, 0.0, 0.0, 0.0, 0.0], "FOD p proportion": [0.0, 0.0, 0.0, 0.0, 0.0, 0.0, 0.0, 0.0, 0.0, 0.0, 0.0, 0.0, 0.0, 0.0, 0.0, 0.0, 0.0, 0.0, 0.0, 0.0, 0.0, 0.0, 0.0, 0.0, 0.0, 0.0, 0.0, 0.0, 0.0, 0.0], "FOD d proportion": [0.0, 0.0, 0.0, 0.0, 0.0, 0.0, 0.0, 0.0, 0.0, 0.0, 0.0, 0.0, 0.0, 0.0, 0.0, 0.0, 0.0, 0.0, 0.0, 0.0, 0.0, 0.0, 0.0, 0.0, 0.0, 0.0, 0.0, 0.0, 0.0, 0.0], "coordinates": [["4.51870", "-0.26350", "-0.22530"], ["3.00840", "-0.44550", "-0.21410"], ["2.39580", "0.06210", "1.09170"], ["0.89080", "-0.20180", "1.20060"], ["0.06320", "0.57370", "0.17140"], ["-1.44220", "0.43600", "0.41040"], ["-2.27080", "1.22090", "-0.60450"], ["-3.67180", "0.64700", "-0.44190"], ["-3.47670", "-0.80670", "-0.01250"], ["-1.98050", "-0.98390", "0.23840"], ["4.93730", "-0.62890", "-1.16830"], ["4.78700", "0.79260", "-0.12080"], ["4.98740", "-0.82030", "0.59230"], ["2.58510", "0.09320", "-1.06850"], ["2.77370", "-1.50770", "-0.34820"], ["2.58990", "1.13630", "1.19950"], ["2.89110", "-0.43350", "1.93610"], ["0.70420", "-1.27740", "1.10040"], ["0.56670", "0.08360", "2.20910"], ["0.30640", "0.22680", "-0.83960"], ["0.33320", "1.63620", "0.21600"], ["-1.68530", "0.79340", "1.42040"], ["-2.24580", "2.29910", "-0.41930"], ["-1.91120", "1.04330", "-1.62550"], ["-4.21310", "1.19250", "0.34020"], ["-4.25490", "0.72920", "-1.36440"], ["-3.82670", "-1.50320", "-0.78160"], ["-4.05100", "-1.00990", "0.89830"], ["-1.79050", "-1.61100", "1.11500"], ["-1.51840", "-1.47270", "-0.62820"]], "bond_dist": [[0.0, 1.5212677377766217, 2.519366739877305, 3.898545383857933, 4.550797180714605, 6.03537435044422, 6.9602116526726405, 8.243798642616158, 8.016655863887385, 6.555424813846926, 1.0945282636825782, 1.0946471349252234, 1.0946121185150475, 2.1393994694773575, 2.146663236280903, 2.776646272033944, 2.7110204204321295, 4.163638306817728, 4.654576862615977, 4.2850005682613395, 4.6175768569672995, 6.504996702535674, 7.236229336470756, 6.70909086911185, 8.870403457002393, 8.902755700343574, 8.455295792578756, 8.675214580055068, 6.589246161739596, 6.1701758046266395], [1.5212677377766217, 0.0, 1.5290683961157525, 2.5583188894271953, 3.140315578090839, 4.579834370367557, 5.549707538240191, 6.772777947784793, 6.49827900370552, 5.03822925441072, 2.1598121237737318, 2.169104529523646, 2.169607568202139, 1.0951620610667627, 1.096054624551167, 2.1622900938588234, 2.153430595584636, 2.780162854942134, 3.480480417988298, 2.853776715161857, 3.4168927317081526, 5.122234195153517, 5.931404036145237, 5.330200705414384, 7.425655172441015, 7.447055597348525, 6.939695782237144, 7.168759270613012, 5.114131233161698, 4.6603151062991435], [2.519366739877305, 1.5290683961157525, 0.0, 1.5318379222359002, 2.559240006330004, 3.9158926057796837, 5.0987319443171355, 6.285682678118584, 6.038238760598988, 4.579764031039153, 3.4704903471987927, 2.7787810169209086, 2.7828799255447585, 2.1687013948443887, 2.1634214707264046, 1.0969053240822566, 1.0972478343564867, 2.157741064168729, 2.1435138954529775, 2.8500242349846783, 2.738422914744908, 4.159112957109965, 5.369519583724414, 5.186152550783674, 6.746859685809392, 7.121043470587721, 6.684229441753178, 6.538181536176554, 4.508316114692935, 4.542535491330805], [3.898545383857933, 2.5583188894271953, 1.5318379222359002, 0.0, 1.5315269014940611, 2.5444240762891708, 3.908730722370115, 4.922965209099085, 4.573026554700945, 3.1275985899728243, 4.708318582041789, 4.232647370145545, 4.187445844425931, 2.847190246541316, 2.765767282328721, 2.162742155227941, 2.143792254394068, 1.0962549703422102, 1.0970716567298602, 2.1650952311619, 2.158378771207686, 2.770383780273051, 4.3262959191437655, 4.169930361528835, 5.360424970093322, 5.824449715638379, 5.279920932173132, 5.0165524157532735, 3.030270893831111, 3.2808445391392747], [4.550797180714605, 3.140315578090839, 2.559240006330004, 1.5315269014940611, 0.0, 1.5304611886617705, 2.5433137144284816, 3.7857277741538686, 3.8039736302976657, 2.5704700834672245, 5.195949736092526, 4.7378881888453215, 5.134991572534467, 2.8510019063480123, 3.456735507671942, 2.785268615412165, 3.482188441196139, 2.168062086288121, 2.155442309596803, 1.0961782929797508, 1.097176107104051, 2.15998179158992, 2.9423481524116077, 2.7106510527915613, 4.32413558644962, 4.5857223531304205, 4.511434873740283, 4.46797652299114, 3.01653754161953, 2.7071334802702283], [6.03537435044422, 4.579834370367557, 3.9158926057796837, 2.5444240762891708, 1.5304611886617705, 0.0, 1.5273074281231005, 2.3962580098979327, 2.421226538347868, 1.528223445704194, 6.657651684340356, 6.261970108520161, 6.553711426359876, 4.303928709911446, 4.703961783433194, 4.167844684006351, 4.67560473414937, 2.8317613811901596, 2.719409248347883, 2.159598712724195, 2.1518170368318956, 1.0986047378379544, 2.1921032503055145, 2.175698301695343, 2.8731702177211846, 3.338736672755131, 3.29654377947571, 3.022335299069248, 2.192711346712102, 2.174311865855494], [6.9602116526726405, 5.549707538240191, 5.0987319443171355, 3.908730722370115, 2.5433137144284816, 1.5273074281231005, 0.0, 1.5226952978189696, 2.432245992904501, 2.378213098105382, 7.46299779512228, 7.087308898305477, 7.63415318945068, 5.00667235796392, 5.740899572366685, 5.1853618629754274, 5.986392847951093, 4.242500665880915, 4.154660335093592, 2.7722674221654735, 2.761613720272986, 2.1507641688479007, 1.0942756873841255, 1.0969480024139704, 2.1600448930519938, 2.1807956598452782, 3.1421187167260247, 3.2255214338150044, 3.34768964361991, 2.796810399365677], [8.243798642616158, 6.772777947784793, 6.285682678118584, 4.922965209099085, 3.7857277741538686, 2.3962580098979327, 1.5226952978189696, 0.0, 1.5282971111665427, 2.4460455003944634, 8.733394562253556, 8.46614445955182, 8.84331858354091, 6.312536701675484, 6.796762613921425, 6.49172514359627, 7.063569965675997, 5.023084774319463, 5.030914709076273, 4.020050816842991, 4.177484177109472, 2.726862024378938, 2.182526327447163, 2.1581647318960617, 1.0964745095076307, 1.0944261966893885, 2.1823725942194194, 2.164542974856355, 3.3259271338981558, 3.027369706527434], [8.016655863887385, 6.49827900370552, 6.038238760598988, 4.573026554700945, 3.8039736302976657, 2.421226538347868, 2.432245992904501, 1.5282971111665427, 0.0, 1.5274046909709296, 8.49487389429649, 8.417732893719068, 8.485691298297386, 6.218550896310169, 6.298539167934102, 6.484429701986135, 6.669722411015319, 4.352014442760962, 4.698640676834099, 4.007999784181631, 4.5315903025317725, 2.796897634880476, 3.3655006596344625, 2.9111955018514304, 2.15950987263314, 2.1891134415557363, 1.0950466017480718, 1.0957496840063428, 2.1820690135740435, 2.158143039745049], [6.555424813846926, 5.03822925441072, 4.579764031039153, 3.1275985899728243, 2.5704700834672245, 1.528223445704194, 2.378213098105382, 2.4460455003944634, 1.5274046909709296, 0.0, 7.068294471087067, 7.005999795889235, 6.978799365220353, 4.869582670003663, 4.818805208762853, 5.129085436020734, 5.188218577700828, 2.8349251030670986, 3.392851688476819, 2.8031750034559026, 3.4955161936400754, 2.1547766311151606, 3.3587263032286514, 2.754716961867407, 3.1195485186161154, 3.267502840090579, 2.1722170540717154, 2.1732727072321136, 1.0944322592102262, 1.097022064500072], [1.0945282636825782, 2.1598121237737318, 3.4704903471987927, 4.708318582041789, 5.195949736092526, 6.657651684340356, 7.46299779512228, 8.733394562253556, 8.49487389429649, 7.068294471087067, 0.0, 1.7721480158271203, 1.7716817801174114, 2.462566403165608, 2.475079475491645, 3.7726243703819757, 3.7232264180412127, 4.846306588526978, 5.569257703680087, 4.720752163585798, 5.314574424166059, 7.251423014829571, 7.793016784917121, 7.064505427133594, 9.451078793979024, 9.29405356451102, 8.815987374083518, 9.230684343535964, 7.172257116138544, 6.532975504316544], [1.0946471349252234, 2.169104529523646, 2.7787810169209086, 4.232647370145545, 4.7378881888453215, 6.261970108520161, 7.087308898305477, 8.46614445955182, 8.417732893719068, 7.005999795889235, 1.7721480158271203, 0.0, 1.774857228060894, 2.497130204855165, 3.0653658411354425, 2.586227018264251, 3.0542749761604635, 4.737666649311663, 4.872581153762346, 4.573027382380298, 4.545484533028355, 6.653267270296602, 7.198535985879351, 6.869705657449962, 9.020767207948555, 9.127240334843824, 8.938857979070928, 9.077324223580428, 7.111118115317731, 6.71915976964382], [1.0946121185150475, 2.169607568202139, 2.7828799255447585, 4.187445844425931, 5.134991572534467, 6.553711426359876, 7.63415318945068, 8.84331858354091, 8.485691298297386, 6.978799365220353, 1.7716817801174114, 1.774857228060894, 0.0, 3.060030094623254, 2.501504887062986, 3.1535664968413144, 2.5198980872249575, 4.33738495639942, 4.793085221441404, 5.005848281760046, 5.276132255734309, 6.914817610754459, 7.941862071328109, 7.482133636871236, 9.421471143085881, 9.573386779504942, 8.946636934066342, 9.045565693752934, 6.843854921752798, 6.651366750525789], [2.1393994694773575, 1.0951620610667627, 2.1687013948443887, 2.847190246541316, 2.8510019063480123, 4.303928709911446, 5.00667235796392, 6.312536701675484, 6.218550896310169, 4.869582670003663, 2.462566403165608, 2.497130204855165, 3.060030094623254, 0.0, 1.765582866930918, 2.496378306667481, 3.0657250447487945, 3.1812664742206054, 3.8492457027319, 2.294061433353519, 3.016926061407538, 4.99211572482049, 5.3502383367472515, 4.629217288052052, 7.029112278232579, 6.8758746941752795, 6.613772282895745, 7.008777001731472, 5.178594910784199, 4.414138551291747], [2.146663236280903, 1.096054624551167, 2.1634214707264046, 2.765767282328721, 3.456735507671942, 4.703961783433194, 5.740899572366685, 6.796762613921425, 6.298539167934102, 4.818805208762853, 2.475079475491645, 3.0653658411354425, 2.501504887062986, 1.765582866930918, 0.0, 3.0691845382772276, 2.5269972081504166, 2.5365942324305637, 3.7340149946137067, 3.055737799615667, 4.019759831134194, 5.32030902955834, 6.300171561156093, 5.485196833295958, 7.521991015681952, 7.445643156235732, 6.614615330463292, 6.955436519730448, 4.794115848621098, 4.301365761011263], [2.776646272033944, 2.1622900938588234, 1.0969053240822566, 2.162742155227941, 2.785268615412165, 4.167844684006351, 5.1853618629754274, 6.49172514359627, 6.484429701986135, 5.129085436020734, 3.7726243703819757, 2.586227018264251, 3.1535664968413144, 2.496378306667481, 3.0691845382772276, 0.0, 1.7599923408924256, 3.0645771306984595, 2.4941547045041133, 3.193664245032655, 2.5119448939019344, 4.294614331927839, 5.2303548416909535, 5.314995316084484, 6.85728546365105, 7.320560132940648, 7.215571565718132, 6.985588643056504, 5.171334614971265, 5.198605311042568], [2.7110204204321295, 2.153430595584636, 1.0972478343564867, 2.143792254394068, 3.482188441196139, 4.67560473414937, 5.986392847951093, 7.063569965675997, 6.669722411015319, 5.188218577700828, 3.7232264180412127, 3.0542749761604635, 2.5198980872249575, 3.0657250447487945, 2.5269972081504166, 1.7599923408924256, 0.0, 2.4885926364111906, 2.396822223278147, 3.849828654628671, 3.7128499175161926, 4.765990669315247, 6.277161263660509, 6.15857273156695, 7.460591829741123, 7.956788770603377, 7.325229567733697, 7.042870026487781, 4.896742797002922, 5.205695090955673], [4.163638306817728, 2.780162854942134, 2.157741064168729, 1.0962549703422102, 2.168062086288121, 2.8317613811901596, 4.242500665880915, 5.023084774319463, 4.352014442760962, 2.8349251030670986, 4.846306588526978, 4.737666649311663, 4.33738495639942, 3.1812664742206054, 2.5365942324305637, 3.0645771306984595, 2.4885926364111906, 0.0, 1.7608074681804367, 2.4868579533218216, 3.0673880289262394, 3.1781005160315496, 4.878866706521096, 4.433564757618862, 5.555011191707898, 5.890191457839041, 4.9114116555222695, 4.767004059154974, 2.5169485910522686, 2.8224370338414992], [4.654576862615977, 3.480480417988298, 2.1435138954529775, 1.0970716567298602, 2.155442309596803, 2.719409248347883, 4.154660335093592, 5.030914709076273, 4.698640676834099, 3.392851688476819, 5.569257703680087, 4.872581153762346, 4.793085221441404, 3.8492457027319, 3.7340149946137067, 2.4941547045041133, 2.396822223278147, 1.7608074681804367, 0.0, 3.063141201446645, 2.5372301078144255, 2.4894512909474646, 4.441518103081423, 4.6653156013285955, 5.250612769953618, 6.036102067559826, 5.546547060108658, 4.923118135897208, 3.1024370759130635, 3.8496731017061694], [4.2850005682613395, 2.853776715161857, 2.8500242349846783, 2.1650952311619, 1.0961782929797508, 2.159598712724195, 2.7722674221654735, 4.020050816842991, 4.007999784181631, 2.8031750034559026, 4.720752163585798, 4.573027382380298, 5.005848281760046, 2.294061433353519, 3.055737799615667, 3.193664245032655, 3.849828654628671, 2.4868579533218216, 3.063141201446645, 0.0, 1.7610843137113001, 3.0652087123065535, 3.31433314861376, 2.4903937078301492, 4.769736342818122, 4.618796216548203, 4.480935126734152, 4.851459374250186, 3.4051372380566396, 2.5025757231300716], [4.6175768569672995, 3.4168927317081526, 2.738422914744908, 2.158378771207686, 1.097176107104051, 2.1518170368318956, 2.761613720272986, 4.177484177109472, 4.5315903025317725, 3.4955161936400754, 5.314574424166059, 4.545484533028355, 5.276132255734309, 3.016926061407538, 4.019759831134194, 2.5119448939019344, 3.7128499175161926, 3.0673880289262394, 2.5372301078144255, 1.7610843137113001, 0.0, 2.49704494352825, 2.7375689032424373, 2.963103781510192, 4.569588495696302, 4.936696746813602, 5.306204493797804, 5.166099896440254, 3.9827892901834514, 3.71569043516814], [6.504996702535674, 5.122234195153517, 4.159112957109965, 2.770383780273051, 2.15998179158992, 1.0986047378379544, 2.1507641688479007, 2.726862024378938, 2.796897634880476, 2.1547766311151606, 7.251423014829571, 6.653267270296602, 6.914817610754459, 4.99211572482049, 5.32030902955834, 4.294614331927839, 4.765990669315247, 3.1781005160315496, 2.4894512909474646, 3.0652087123065535, 2.49704494352825, 0.0, 2.4424964339789734, 3.0644718354065517, 2.777748312932617, 3.789733082949247, 3.8352013662909537, 3.0201019502659183, 2.4259999093157445, 3.0593833986605863], [7.236229336470756, 5.931404036145237, 5.369519583724414, 4.3262959191437655, 2.9423481524116077, 2.1921032503055145, 1.0942756873841255, 2.182526327447163, 3.3655006596344625, 3.3587263032286514, 7.793016784917121, 7.198535985879351, 7.941862071328109, 5.3502383367472515, 6.300171561156093, 5.2303548416909535, 6.277161263660509, 4.878866706521096, 4.441518103081423, 3.31433314861376, 2.7375689032424373, 2.4424964339789734, 0.0, 1.7731072274400104, 2.3815274720229453, 2.7192430619567647, 4.133762377060394, 3.9930311543988735, 4.224956400958476, 3.8469761124810744], [6.70909086911185, 5.330200705414384, 5.186152550783674, 4.169930361528835, 2.7106510527915613, 2.175698301695343, 1.0969480024139704, 2.1581647318960617, 2.9111955018514304, 2.754716961867407, 7.064505427133594, 6.869705657449962, 7.482133636871236, 4.629217288052052, 5.485196833295958, 5.314995316084484, 6.15857273156695, 4.433564757618862, 4.6653156013285955, 2.4903937078301492, 2.963103781510192, 3.0644718354065517, 1.7731072274400104, 0.0, 3.0306733146282854, 2.3790253697680486, 3.2963570361840357, 3.8940904868788038, 3.817095391786797, 2.7348044043404642], [8.870403457002393, 7.425655172441015, 6.746859685809392, 5.360424970093322, 4.32413558644962, 2.8731702177211846, 2.1600448930519938, 1.0964745095076307, 2.15950987263314, 3.1195485186161154, 9.451078793979024, 9.020767207948555, 9.421471143085881, 7.029112278232579, 7.521991015681952, 6.85728546365105, 7.460591829741123, 5.555011191707898, 5.250612769953618, 4.769736342818122, 4.569588495696302, 2.777748312932617, 2.3815274720229453, 3.0306733146282854, 0.0, 1.766933866900513, 2.945256981996647, 2.2777879137443855, 3.7853557362551804, 3.911840703556319], [8.902755700343574, 7.447055597348525, 7.121043470587721, 5.824449715638379, 4.5857223531304205, 3.338736672755131, 2.1807956598452782, 1.0944261966893885, 2.1891134415557363, 3.267502840090579, 9.29405356451102, 9.127240334843824, 9.573386779504942, 6.8758746941752795, 7.445643156235732, 7.320560132940648, 7.956788770603377, 5.890191457839041, 6.036102067559826, 4.618796216548203, 4.936696746813602, 3.789733082949247, 2.7192430619567647, 2.3790253697680486, 1.766933866900513, 0.0, 2.346619023190599, 2.8610933766656412, 4.206807311964741, 3.5887025928599883], [8.455295792578756, 6.939695782237144, 6.684229441753178, 5.279920932173132, 4.511434873740283, 3.29654377947571, 3.1421187167260247, 2.1823725942194194, 1.0950466017480718, 2.1722170540717154, 8.815987374083518, 8.938857979070928, 8.946636934066342, 6.613772282895745, 6.614615330463292, 7.215571565718132, 7.325229567733697, 4.9114116555222695, 5.546547060108658, 4.480935126734152, 5.306204493797804, 3.8352013662909537, 4.133762377060394, 3.2963570361840357, 2.945256981996647, 2.346619023190599, 0.0, 1.7651400482681252, 2.78474825433108, 2.3135925959425094], [8.675214580055068, 7.168759270613012, 6.538181536176554, 5.0165524157532735, 4.46797652299114, 3.022335299069248, 3.2255214338150044, 2.164542974856355, 1.0957496840063428, 2.1732727072321136, 9.230684343535964, 9.077324223580428, 9.045565693752934, 7.008777001731472, 6.955436519730448, 6.985588643056504, 7.042870026487781, 4.767004059154974, 4.923118135897208, 4.851459374250186, 5.166099896440254, 3.0201019502659183, 3.9930311543988735, 3.8940904868788038, 2.2777879137443855, 2.8610933766656412, 1.7651400482681252, 0.0, 2.349072231754486, 2.9930667967821902], [6.589246161739596, 5.114131233161698, 4.508316114692935, 3.030270893831111, 3.01653754161953, 2.192711346712102, 3.34768964361991, 3.3259271338981558, 2.1820690135740435, 1.0944322592102262, 7.172257116138544, 7.111118115317731, 6.843854921752798, 5.178594910784199, 4.794115848621098, 5.171334614971265, 4.896742797002922, 2.5169485910522686, 3.1024370759130635, 3.4051372380566396, 3.9827892901834514, 2.4259999093157445, 4.224956400958476, 3.817095391786797, 3.7853557362551804, 4.206807311964741, 2.78474825433108, 2.349072231754486, 0.0, 1.7697207519832048], [6.1701758046266395, 4.6603151062991435, 4.542535491330805, 3.2808445391392747, 2.7071334802702283, 2.174311865855494, 2.796810399365677, 3.027369706527434, 2.158143039745049, 1.097022064500072, 6.532975504316544, 6.71915976964382, 6.651366750525789, 4.414138551291747, 4.301365761011263, 5.198605311042568, 5.205695090955673, 2.8224370338414992, 3.8496731017061694, 2.5025757231300716, 3.71569043516814, 3.0593833986605863, 3.8469761124810744, 2.7348044043404642, 3.911840703556319, 3.5887025928599883, 2.3135925959425094, 2.9930667967821902, 1.7697207519832048, 0.0]]}