{"total energy": -50.47590703, "HOMO-LUMO gap/eV": 3.22407305, "electronic energy": -50.96247719, "dipole": [0.10637119, -0.13288381, -0.75845728], "partial charges": [-0.11425226, 0.09403508, -0.25738455, 0.37933589, -0.41772663, -0.26849728, 0.09751598, -0.11267195, -0.12291584, 0.04565772, -0.16409108, 0.07734826, -0.10662239, -0.10804012, -0.11023965, 0.05903885, 0.059741, 0.0572856, 0.05489402, 0.04413903, 0.04898295, 0.04778674, 0.05775238, 0.05829163, 0.05598212, 0.06573826, 0.06420941, 0.04331543, 0.04552335, 0.04885481, 0.04670566, 0.03719367, 0.04736613, 0.05004876, 0.04880602, 0.046893], "atomic dipole moments": [[0.00077755, -0.03752132, 0.14398156], [0.01452845, -0.27599455, -0.05588691], [0.03981247, 0.12574407, 0.11755823], [0.08926677, -0.01977641, -0.22907029], [0.19326896, -0.09076011, -0.3725947], [-0.16892629, 0.09246017, -0.03527333], [0.25261367, 0.02137409, 0.11202547], [-0.01157864, 0.14508639, 0.01165221], [-0.35827272, -0.35970365, 0.14415325], [0.05800668, 0.14100784, -0.08421674], [-0.35493967, 0.17747014, 0.14700858], [-0.00756595, -0.0398769, -0.08047486], [0.05154821, -0.10016597, 0.00075863], [0.03586551, 0.0678541, -0.08184271], [-0.12089083, -0.01769858, -0.019991], [-0.10135718, -0.04575744, -0.06420281], [0.10047281, -0.04513817, -0.06647104], [-0.00039664, 0.1293993, -0.00636839], [-0.1016768, 0.03459315, 0.05864841], [0.10300593, 0.03494008, 0.05821761], [-0.08823413, 0.03432552, 0.07700872], [-0.00650192, 0.05797937, -0.10789508], [0.0979018, -0.0387147, -0.07284527], [0.02051474, -0.0596606, 0.11201073], [-0.11078538, -0.0431204, -0.05135339], [-0.07624892, 0.00466728, 0.10485596], [-0.02684237, -0.10759268, -0.05965641], [-0.12846367, -0.00613815, -0.00864978], [0.01668176, 0.06599589, 0.10885837], [0.04162942, 0.08137827, -0.0938176], [0.01392938, 0.04634738, 0.11900642], [-0.1244351, -0.02244775, -0.00687858], [0.05715383, -0.11627429, 0.00366578], [0.05740959, 0.07785295, -0.08639399], [0.06909853, -0.10938703, 0.00369212], [0.02379978, 0.05514513, 0.11249497]], "atomic quadrupole moments": [[-0.15093264, -0.00284334, -0.08713184, 0.00454906, -0.13596614, 0.23806448], [-0.39921392, -0.01535856, 0.48561176, 0.01092797, -0.1052308, -0.08639783], [-0.11504285, -0.01550009, 0.12474493, 0.03073893, -0.02979672, -0.00970207], [0.19102189, 0.24893579, 0.60398679, 0.65808493, -0.33901338, -0.79500868], [0.01552444, -0.1052852, -0.32548489, -0.47588736, 0.15416014, 0.30996046], [0.05264408, 0.02956792, 0.0201389, 0.06912263, 0.0589836, -0.07278298], [0.23555276, 0.1972539, 0.02102118, 0.29428371, 0.1362502, -0.25657395], [-0.13689259, 0.00540859, 0.27780265, 0.00641493, 0.05107334, -0.14091006], [0.42685052, -0.01701811, -0.13788422, 0.18023821, -0.40646059, -0.2889663], [0.12927487, -0.08199119, -0.01859672, 0.16556557, -0.28235844, -0.11067815], [0.3667107, -0.04026842, -0.46579974, 0.22006063, 0.34334716, 0.09908904], [-0.07231412, 0.00548152, -0.05173779, 0.01066965, 0.1168909, 0.12405191], [-0.03679284, -0.13302554, 0.13639965, 0.01585129, 0.0062024, -0.09960681], [-0.0604652, 0.07903981, 0.00152835, -0.07738133, -0.12571093, 0.05893685], [0.21033329, 0.04696568, -0.11197882, 0.05709493, 0.01473774, -0.09835446], [0.0486917, 0.04157469, -0.03613441, 0.03516694, 0.01404203, -0.01255728], [0.04731463, -0.04037769, -0.03647167, -0.03627932, 0.01419011, -0.01084296], [-0.05198596, -0.00065945, 0.0861902, 0.00058726, 0.00222419, -0.03420423], [0.01447204, -0.0192391, 0.00506906, -0.0298476, -0.00687007, -0.0195411], [0.00896575, 0.01486122, 0.01465674, 0.02747151, -0.01118919, -0.02362249], [0.02176835, 0.00855045, -0.01741356, -0.02223269, 0.02227661, -0.00435479], [-0.0185966, 0.02276971, -0.0065692, 0.01773166, -0.01616354, 0.02516579], [0.02161394, -0.01810323, -0.02530336, -0.06427638, 0.00872765, 0.00368941], [-0.05002101, -0.01051418, -0.01551138, 0.00799565, -0.03642392, 0.06553239], [0.05649088, 0.02661921, -0.02666246, 0.04857948, 0.01457894, -0.02982842], [-0.00699084, -0.02440394, -0.0251429, -0.01690567, -0.00415231, 0.03213373], [-0.02053824, -0.00455694, 0.03011418, 0.04117681, 0.01362906, -0.00957594], [0.06776999, 0.02669169, -0.02440285, 0.01998503, 0.00794, -0.04336714], [-0.03343198, 0.00175984, -0.02477367, 0.0331319, 0.03972435, 0.05820565], [-0.02337326, 0.01377389, -0.00527271, -0.04202624, -0.04186518, 0.02864597], [-0.04021158, 0.02056056, -0.00598581, 0.01621766, 0.0509943, 0.04619739], [0.07132964, 0.01211601, -0.0429418, 0.02814826, -0.00556466, -0.02838783], [-0.01097961, -0.05188451, 0.04349994, -0.01741796, 0.00482542, -0.03252032], [-0.01995385, 0.02374095, -0.00594824, -0.01900819, -0.05556431, 0.02590209], [-0.01207655, -0.03817724, 0.06108226, 0.00346719, 0.00581048, -0.04900571], [-0.03140844, -0.00093784, -0.02665823, -0.00348569, 0.05222332, 0.05806667]], "number of molecular orbitals": 101, "number of electrons": 92, "number of unpaired electrons": 0, "orbital energies/eV": [-20.46220969, -20.11998717, -20.00216601, -19.56247727, -18.92121642, -18.50995938, -18.03451912, -17.39667753, -17.15836643, -16.90985588, -16.76715274, -16.61115528, -16.3841734, -16.31322782, -16.12845296, -15.74293105, -15.59972298, -15.22453817, -15.16042166, -14.79524792, -14.70307509, -14.53449216, -14.11118723, -14.00802472, -13.89589283, -13.76628381, -13.67395625, -13.42141129, -13.40656302, -13.24484911, -13.22341115, -13.01373774, -12.94550743, -12.89816104, -12.76576873, -12.63440689, -12.58296612, -12.2439762, -12.19619193, -12.1463299, -11.85480494, -11.81866733, -10.91442235, -10.11376881, -10.02954397, -9.99341224, -6.76933919, -6.17819639, -5.44506468, -4.335354, -4.14487309, -3.81106113, -3.26769646, -0.84371434, -0.71318016, -0.64933149, -0.27656954, -0.06525091, 0.00973899, 0.06780843, 0.5977727, 0.70787313, 0.78851284, 1.67034692, 2.35277768, 2.55574413, 2.5938036, 2.78643922, 2.80314521, 3.0879968, 3.17205454, 3.37682362, 3.51394811, 3.64290272, 3.77949805, 4.07451709, 4.19206315, 4.39404943, 4.49159296, 4.79887579, 4.9081498, 5.07881832, 5.39104305, 5.45706536, 5.83798665, 5.98921744, 6.09635046, 6.16806885, 6.23340703, 6.34325494, 6.53194927, 6.98834749, 7.04444884, 7.64444399, 9.26977081, 10.42138762, 11.33218153, 12.56123658, 26.06812601, 27.68360374, 33.99935234], "fractional occupation": [2.0, 2.0, 2.0, 2.0, 2.0, 2.0, 2.0, 2.0, 2.0, 2.0, 2.0, 2.0, 2.0, 2.0, 2.0, 2.0, 2.0, 2.0, 2.0, 2.0, 2.0, 2.0, 2.0, 2.0, 2.0, 2.0, 2.0, 2.0, 2.0, 2.0, 2.0, 2.0, 2.0, 2.0, 2.0, 2.0, 2.0, 2.0, 2.0, 2.0, 2.0, 2.0, 2.0, 2.0, 2.0, 2.0, 0.0, 0.0, 0.0, 0.0, 0.0, 0.0, 0.0, 0.0, 0.0, 0.0, 0.0, 0.0, 0.0, 0.0, 0.0, 0.0, 0.0, 0.0, 0.0, 0.0, 0.0, 0.0, 0.0, 0.0, 0.0, 0.0, 0.0, 0.0, 0.0, 0.0, 0.0, 0.0, 0.0, 0.0, 0.0, 0.0, 0.0, 0.0, 0.0, 0.0, 0.0, 0.0, 0.0, 0.0, 0.0, 0.0, 0.0, 0.0, 0.0, 0.0, 0.0, 0.0, 0.0, 0.0, 0.0], "program call": "xtb /home/svss/Project-DBcg-Debug/aqme2_20220329/End-to-End-workflows-final/example-3/QDESCP/mol_32_rdkit_conf_8/mol_32_rdkit_conf_8.xyz --pop --wbo --acc 0.2 --gfn 2 --chrg 0 --uhf 0 --etemp 300 --input /home/svss/Project-DBcg-Debug/aqme2_20220329/End-to-End-workflows-final/example-3/QDESCP/mol_32_rdkit_conf_8/mol_32_rdkit_conf_8_xtb.inp", "method": "GFN2-xTB", "xtb version": "6.3.3 (7355c4f)", "Dipole module/D": 1.976, "Total charge": 0, "Transition dipole module/D": NaN, "HOMO": -9.9934, "LUMO": -6.7693, "HOMO occupancy": 2.0, "LUMO occupancy": 0, "mulliken charges": [-0.09611, 0.20688, -0.37275, 0.3767, -0.24424, -0.3806, 0.21392, -0.09737, -0.08273, 0.08312, -0.12697, 0.0892, -0.09977, -0.1006, -0.09281, 0.04199, 0.0427, 0.03176, 0.02777, 0.02488, 0.02591, 0.03267, 0.04029, 0.03988, 0.0303, 0.03831, 0.04603, 0.03471, 0.0331, 0.03352, 0.03322, 0.03283, 0.03256, 0.03471, 0.03508, 0.03192], "cm5 charges": [-0.24258, 0.12868, -0.43624, 0.31591, -0.21545, -0.44195, 0.13599, -0.24383, -0.08403, 0.01125, -0.16793, 0.07037, -0.24375, -0.24475, -0.23606, 0.09531, 0.09604, 0.08298, 0.09186, 0.09058, 0.09162, 0.09939, 0.09361, 0.09318, 0.08152, 0.09858, 0.10606, 0.08831, 0.08509, 0.08626, 0.08518, 0.08548, 0.08492, 0.08705, 0.08746, 0.08388], "FUKUI+": [0.01, 0.013, 0.012, -0.157, -0.148, -0.004, 0.012, 0.011, -0.283, 0.04, -0.14, 0.006, 0.017, 0.017, 0.012, -0.019, -0.008, -0.023, -0.019, 0.003, -0.017, -0.025, -0.014, -0.012, -0.028, -0.062, -0.057, 0.003, -0.033, -0.006, -0.029, -0.004, -0.017, -0.011, -0.014, -0.026], "FUKUI-": [0.008, 0.011, -0.005, -0.099, -0.281, 0.004, 0.011, 0.009, -0.102, 0.06, -0.301, 0.018, 0.017, 0.015, 0.019, -0.016, -0.01, -0.021, -0.01, -0.002, -0.005, -0.019, -0.013, -0.008, -0.023, -0.029, -0.041, -0.005, -0.037, -0.014, -0.036, -0.011, -0.019, -0.015, -0.018, -0.031], "FUKUIrad": [0.009, 0.012, 0.003, -0.128, -0.214, -0.0, 0.011, 0.01, -0.192, 0.05, -0.221, 0.012, 0.017, 0.016, 0.015, -0.017, -0.009, -0.022, -0.015, 0.0, -0.011, -0.022, -0.014, -0.01, -0.026, -0.046, -0.049, -0.001, -0.035, -0.01, -0.033, -0.008, -0.018, -0.013, -0.016, -0.029], "s proportion": [1.012, 0.992, 1.659, 1.52, 1.89, 1.653, 0.992, 1.012, 1.909, 1.043, 1.935, 1.098, 1.019, 1.02, 1.018, 0.958, 0.957, 0.968, 0.972, 0.975, 0.974, 0.967, 0.96, 0.96, 0.97, 0.962, 0.954, 0.965, 0.967, 0.966, 0.967, 0.967, 0.967, 0.965, 0.965, 0.968], "p proportion": [3.084, 2.801, 4.714, 2.025, 4.369, 4.727, 2.794, 3.085, 4.175, 2.874, 4.193, 2.813, 3.081, 3.081, 3.075, 0.0, 0.0, 0.0, 0.0, 0.0, 0.0, 0.0, 0.0, 0.0, 0.0, 0.0, 0.0, 0.0, 0.0, 0.0, 0.0, 0.0, 0.0, 0.0, 0.0, 0.0], "d proportion": [0.0, 0.0, 0.0, 1.078, -0.015, 0.0, 0.0, 0.0, -0.002, 0.0, -0.001, 0.0, 0.0, 0.0, 0.0, 0.0, 0.0, 0.0, 0.0, 0.0, 0.0, 0.0, 0.0, 0.0, 0.0, 0.0, 0.0, 0.0, 0.0, 0.0, 0.0, 0.0, 0.0, 0.0, 0.0, 0.0], "Fermi-level/eV": -8.3814, "Coordination numbers": [3.749, 3.903, 1.658, 3.92, 0.926, 1.658, 3.896, 3.749, 2.044, 3.795, 2.189, 3.888, 3.773, 3.781, 3.807, 0.924, 0.924, 0.924, 0.924, 0.924, 0.924, 0.924, 0.924, 0.924, 0.924, 0.925, 0.924, 0.924, 0.924, 0.924, 0.924, 0.924, 0.924, 0.924, 0.924, 0.924], "Dispersion coefficient C6": [22.753, 18.976, 18.281, 144.473, 157.46, 18.467, 18.924, 22.722, 146.209, 19.814, 147.989, 19.245, 22.567, 22.585, 22.6, 2.21, 2.202, 2.231, 2.26, 2.395, 2.333, 2.348, 2.226, 2.219, 2.247, 2.133, 2.15, 2.405, 2.377, 2.334, 2.362, 2.487, 2.353, 2.319, 2.335, 2.359], "Total dispersion C6": 16916.299753, "Total dispersion C8": 512112.203775, "Polarizability alpha": [6.803, 6.192, 5.772, 21.592, 21.224, 5.801, 6.184, 6.799, 20.351, 6.339, 20.475, 6.237, 6.769, 6.77, 6.768, 2.325, 2.321, 2.336, 2.351, 2.42, 2.388, 2.396, 2.333, 2.33, 2.344, 2.284, 2.293, 2.425, 2.411, 2.389, 2.403, 2.466, 2.399, 2.382, 2.39, 2.402], "Total polarizability alpha": 203.862584, "Wiberg matrix": [[0.0, 1.0164033877203953, 0.0, 0.0, 0.0, 0.0, 0.0, 0.0, 0.0, 0.0, 0.0, 0.0, 0.0, 0.0, 0.0, 0.9842600161296422, 0.984556723702403, 0.9816884111703285, 0.0, 0.0, 0.0, 0.0, 0.0, 0.0, 0.0, 0.0, 0.0, 0.0, 0.0, 0.0, 0.0, 0.0, 0.0, 0.0, 0.0, 0.0], [1.0164033877203953, 0.0, 0.9219485173074374, 0.0, 0.0, 0.0, 0.0, 0.0, 0.0, 0.0, 0.0, 0.0, 0.0, 0.0, 0.0, 0.0, 0.0, 0.0, 0.9701843700158131, 0.9694480985189692, 0.0, 0.0, 0.0, 0.0, 0.0, 0.0, 0.0, 0.0, 0.0, 0.0, 0.0, 0.0, 0.0, 0.0, 0.0, 0.0], [0.0, 0.9219485173074374, 0.0, 1.2573633880856083, 0.0, 0.0, 0.0, 0.0, 0.0, 0.0, 0.0, 0.0, 0.0, 0.0, 0.0, 0.0, 0.0, 0.0, 0.0, 0.0, 0.0, 0.0, 0.0, 0.0, 0.0, 0.0, 0.0, 0.0, 0.0, 0.0, 0.0, 0.0, 0.0, 0.0, 0.0, 0.0], [0.0, 0.0, 1.2573633880856083, 0.0, 1.5521528021495765, 1.2379595820488412, 0.0, 0.0, 1.0172638544546957, 0.0, 0.0, 0.0, 0.0, 0.0, 0.0, 0.0, 0.0, 0.0, 0.0, 0.0, 0.0, 0.0, 0.0, 0.0, 0.0, 0.0, 0.0, 0.0, 0.0, 0.0, 0.0, 0.0, 0.0, 0.0, 0.0, 0.0], [0.0, 0.0, 0.0, 1.5521528021495765, 0.0, 0.0, 0.0, 0.0, 0.14781392634601284, 0.0, 0.0, 0.0, 0.0, 0.0, 0.0, 0.0, 0.0, 0.0, 0.0, 0.0, 0.0, 0.0, 0.0, 0.0, 0.0, 0.0, 0.0, 0.0, 0.0, 0.0, 0.0, 0.0, 0.0, 0.0, 0.0, 0.0], [0.0, 0.0, 0.0, 1.2379595820488412, 0.0, 0.0, 0.9143200198613854, 0.0, 0.0, 0.0, 0.0, 0.0, 0.0, 0.0, 0.0, 0.0, 0.0, 0.0, 0.0, 0.0, 0.0, 0.0, 0.0, 0.0, 0.0, 0.0, 0.0, 0.0, 0.0, 0.0, 0.0, 0.0, 0.0, 0.0, 0.0, 0.0], [0.0, 0.0, 0.0, 0.0, 0.0, 0.9143200198613854, 0.0, 1.0157825582428957, 0.0, 0.0, 0.0, 0.0, 0.0, 0.0, 0.0, 0.0, 0.0, 0.0, 0.0, 0.0, 0.9679148693011894, 0.9719041950481053, 0.0, 0.0, 0.0, 0.0, 0.0, 0.0, 0.0, 0.0, 0.0, 0.0, 0.0, 0.0, 0.0, 0.0], [0.0, 0.0, 0.0, 0.0, 0.0, 0.0, 1.0157825582428957, 0.0, 0.0, 0.0, 0.0, 0.0, 0.0, 0.0, 0.0, 0.0, 0.0, 0.0, 0.0, 0.0, 0.0, 0.0, 0.9847693465793594, 0.9847077567079319, 0.9808903685867574, 0.0, 0.0, 0.0, 0.0, 0.0, 0.0, 0.0, 0.0, 0.0, 0.0, 0.0], [0.0, 0.0, 0.0, 1.0172638544546957, 0.14781392634601284, 0.0, 0.0, 0.0, 0.0, 0.9592512581063355, 0.0, 0.0, 0.0, 0.0, 0.0, 0.0, 0.0, 0.0, 0.0, 0.0, 0.0, 0.0, 0.0, 0.0, 0.0, 0.0, 0.0, 0.0, 0.0, 0.0, 0.0, 0.0, 0.0, 0.0, 0.0, 0.0], [0.0, 0.0, 0.0, 0.0, 0.0, 0.0, 0.0, 0.0, 0.9592512581063355, 0.0, 1.012884513536628, 0.0, 0.0, 0.0, 0.0, 0.0, 0.0, 0.0, 0.0, 0.0, 0.0, 0.0, 0.0, 0.0, 0.0, 0.9617051432579173, 0.9712424431919772, 0.0, 0.0, 0.0, 0.0, 0.0, 0.0, 0.0, 0.0, 0.0], [0.0, 0.0, 0.0, 0.0, 0.0, 0.0, 0.0, 0.0, 0.0, 1.012884513536628, 0.0, 0.938097766422072, 0.0, 0.0, 0.0, 0.0, 0.0, 0.0, 0.0, 0.0, 0.0, 0.0, 0.0, 0.0, 0.0, 0.0, 0.0, 0.0, 0.0, 0.0, 0.0, 0.0, 0.0, 0.0, 0.0, 0.0], [0.0, 0.0, 0.0, 0.0, 0.0, 0.0, 0.0, 0.0, 0.0, 0.0, 0.938097766422072, 0.0, 1.0056215912885749, 1.0051233014518175, 0.9979402686438702, 0.0, 0.0, 0.0, 0.0, 0.0, 0.0, 0.0, 0.0, 0.0, 0.0, 0.0, 0.0, 0.0, 0.0, 0.0, 0.0, 0.0, 0.0, 0.0, 0.0, 0.0], [0.0, 0.0, 0.0, 0.0, 0.0, 0.0, 0.0, 0.0, 0.0, 0.0, 0.0, 1.0056215912885749, 0.0, 0.0, 0.0, 0.0, 0.0, 0.0, 0.0, 0.0, 0.0, 0.0, 0.0, 0.0, 0.0, 0.0, 0.0, 0.9821742003216032, 0.9775191035545833, 0.9845478830983319, 0.0, 0.0, 0.0, 0.0, 0.0, 0.0], [0.0, 0.0, 0.0, 0.0, 0.0, 0.0, 0.0, 0.0, 0.0, 0.0, 0.0, 1.0051233014518175, 0.0, 0.0, 0.0, 0.0, 0.0, 0.0, 0.0, 0.0, 0.0, 0.0, 0.0, 0.0, 0.0, 0.0, 0.0, 0.0, 0.0, 0.0, 0.9782363679067554, 0.9809776438358252, 0.9850803833304747, 0.0, 0.0, 0.0], [0.0, 0.0, 0.0, 0.0, 0.0, 0.0, 0.0, 0.0, 0.0, 0.0, 0.0, 0.9979402686438702, 0.0, 0.0, 0.0, 0.0, 0.0, 0.0, 0.0, 0.0, 0.0, 0.0, 0.0, 0.0, 0.0, 0.0, 0.0, 0.0, 0.0, 0.0, 0.0, 0.0, 0.0, 0.9843810018279107, 0.9839471828786931, 0.9795078930401845], [0.9842600161296422, 0.0, 0.0, 0.0, 0.0, 0.0, 0.0, 0.0, 0.0, 0.0, 0.0, 0.0, 0.0, 0.0, 0.0, 0.0, 0.0, 0.0, 0.0, 0.0, 0.0, 0.0, 0.0, 0.0, 0.0, 0.0, 0.0, 0.0, 0.0, 0.0, 0.0, 0.0, 0.0, 0.0, 0.0, 0.0], [0.984556723702403, 0.0, 0.0, 0.0, 0.0, 0.0, 0.0, 0.0, 0.0, 0.0, 0.0, 0.0, 0.0, 0.0, 0.0, 0.0, 0.0, 0.0, 0.0, 0.0, 0.0, 0.0, 0.0, 0.0, 0.0, 0.0, 0.0, 0.0, 0.0, 0.0, 0.0, 0.0, 0.0, 0.0, 0.0, 0.0], [0.9816884111703285, 0.0, 0.0, 0.0, 0.0, 0.0, 0.0, 0.0, 0.0, 0.0, 0.0, 0.0, 0.0, 0.0, 0.0, 0.0, 0.0, 0.0, 0.0, 0.0, 0.0, 0.0, 0.0, 0.0, 0.0, 0.0, 0.0, 0.0, 0.0, 0.0, 0.0, 0.0, 0.0, 0.0, 0.0, 0.0], [0.0, 0.9701843700158131, 0.0, 0.0, 0.0, 0.0, 0.0, 0.0, 0.0, 0.0, 0.0, 0.0, 0.0, 0.0, 0.0, 0.0, 0.0, 0.0, 0.0, 0.0, 0.0, 0.0, 0.0, 0.0, 0.0, 0.0, 0.0, 0.0, 0.0, 0.0, 0.0, 0.0, 0.0, 0.0, 0.0, 0.0], [0.0, 0.9694480985189692, 0.0, 0.0, 0.0, 0.0, 0.0, 0.0, 0.0, 0.0, 0.0, 0.0, 0.0, 0.0, 0.0, 0.0, 0.0, 0.0, 0.0, 0.0, 0.0, 0.0, 0.0, 0.0, 0.0, 0.0, 0.0, 0.0, 0.0, 0.0, 0.0, 0.0, 0.0, 0.0, 0.0, 0.0], [0.0, 0.0, 0.0, 0.0, 0.0, 0.0, 0.9679148693011894, 0.0, 0.0, 0.0, 0.0, 0.0, 0.0, 0.0, 0.0, 0.0, 0.0, 0.0, 0.0, 0.0, 0.0, 0.0, 0.0, 0.0, 0.0, 0.0, 0.0, 0.0, 0.0, 0.0, 0.0, 0.0, 0.0, 0.0, 0.0, 0.0], [0.0, 0.0, 0.0, 0.0, 0.0, 0.0, 0.9719041950481053, 0.0, 0.0, 0.0, 0.0, 0.0, 0.0, 0.0, 0.0, 0.0, 0.0, 0.0, 0.0, 0.0, 0.0, 0.0, 0.0, 0.0, 0.0, 0.0, 0.0, 0.0, 0.0, 0.0, 0.0, 0.0, 0.0, 0.0, 0.0, 0.0], [0.0, 0.0, 0.0, 0.0, 0.0, 0.0, 0.0, 0.9847693465793594, 0.0, 0.0, 0.0, 0.0, 0.0, 0.0, 0.0, 0.0, 0.0, 0.0, 0.0, 0.0, 0.0, 0.0, 0.0, 0.0, 0.0, 0.0, 0.0, 0.0, 0.0, 0.0, 0.0, 0.0, 0.0, 0.0, 0.0, 0.0], [0.0, 0.0, 0.0, 0.0, 0.0, 0.0, 0.0, 0.9847077567079319, 0.0, 0.0, 0.0, 0.0, 0.0, 0.0, 0.0, 0.0, 0.0, 0.0, 0.0, 0.0, 0.0, 0.0, 0.0, 0.0, 0.0, 0.0, 0.0, 0.0, 0.0, 0.0, 0.0, 0.0, 0.0, 0.0, 0.0, 0.0], [0.0, 0.0, 0.0, 0.0, 0.0, 0.0, 0.0, 0.9808903685867574, 0.0, 0.0, 0.0, 0.0, 0.0, 0.0, 0.0, 0.0, 0.0, 0.0, 0.0, 0.0, 0.0, 0.0, 0.0, 0.0, 0.0, 0.0, 0.0, 0.0, 0.0, 0.0, 0.0, 0.0, 0.0, 0.0, 0.0, 0.0], [0.0, 0.0, 0.0, 0.0, 0.0, 0.0, 0.0, 0.0, 0.0, 0.9617051432579173, 0.0, 0.0, 0.0, 0.0, 0.0, 0.0, 0.0, 0.0, 0.0, 0.0, 0.0, 0.0, 0.0, 0.0, 0.0, 0.0, 0.0, 0.0, 0.0, 0.0, 0.0, 0.0, 0.0, 0.0, 0.0, 0.0], [0.0, 0.0, 0.0, 0.0, 0.0, 0.0, 0.0, 0.0, 0.0, 0.9712424431919772, 0.0, 0.0, 0.0, 0.0, 0.0, 0.0, 0.0, 0.0, 0.0, 0.0, 0.0, 0.0, 0.0, 0.0, 0.0, 0.0, 0.0, 0.0, 0.0, 0.0, 0.0, 0.0, 0.0, 0.0, 0.0, 0.0], [0.0, 0.0, 0.0, 0.0, 0.0, 0.0, 0.0, 0.0, 0.0, 0.0, 0.0, 0.0, 0.9821742003216032, 0.0, 0.0, 0.0, 0.0, 0.0, 0.0, 0.0, 0.0, 0.0, 0.0, 0.0, 0.0, 0.0, 0.0, 0.0, 0.0, 0.0, 0.0, 0.0, 0.0, 0.0, 0.0, 0.0], [0.0, 0.0, 0.0, 0.0, 0.0, 0.0, 0.0, 0.0, 0.0, 0.0, 0.0, 0.0, 0.9775191035545833, 0.0, 0.0, 0.0, 0.0, 0.0, 0.0, 0.0, 0.0, 0.0, 0.0, 0.0, 0.0, 0.0, 0.0, 0.0, 0.0, 0.0, 0.0, 0.0, 0.0, 0.0, 0.0, 0.0], [0.0, 0.0, 0.0, 0.0, 0.0, 0.0, 0.0, 0.0, 0.0, 0.0, 0.0, 0.0, 0.9845478830983319, 0.0, 0.0, 0.0, 0.0, 0.0, 0.0, 0.0, 0.0, 0.0, 0.0, 0.0, 0.0, 0.0, 0.0, 0.0, 0.0, 0.0, 0.0, 0.0, 0.0, 0.0, 0.0, 0.0], [0.0, 0.0, 0.0, 0.0, 0.0, 0.0, 0.0, 0.0, 0.0, 0.0, 0.0, 0.0, 0.0, 0.9782363679067554, 0.0, 0.0, 0.0, 0.0, 0.0, 0.0, 0.0, 0.0, 0.0, 0.0, 0.0, 0.0, 0.0, 0.0, 0.0, 0.0, 0.0, 0.0, 0.0, 0.0, 0.0, 0.0], [0.0, 0.0, 0.0, 0.0, 0.0, 0.0, 0.0, 0.0, 0.0, 0.0, 0.0, 0.0, 0.0, 0.9809776438358252, 0.0, 0.0, 0.0, 0.0, 0.0, 0.0, 0.0, 0.0, 0.0, 0.0, 0.0, 0.0, 0.0, 0.0, 0.0, 0.0, 0.0, 0.0, 0.0, 0.0, 0.0, 0.0], [0.0, 0.0, 0.0, 0.0, 0.0, 0.0, 0.0, 0.0, 0.0, 0.0, 0.0, 0.0, 0.0, 0.9850803833304747, 0.0, 0.0, 0.0, 0.0, 0.0, 0.0, 0.0, 0.0, 0.0, 0.0, 0.0, 0.0, 0.0, 0.0, 0.0, 0.0, 0.0, 0.0, 0.0, 0.0, 0.0, 0.0], [0.0, 0.0, 0.0, 0.0, 0.0, 0.0, 0.0, 0.0, 0.0, 0.0, 0.0, 0.0, 0.0, 0.0, 0.9843810018279107, 0.0, 0.0, 0.0, 0.0, 0.0, 0.0, 0.0, 0.0, 0.0, 0.0, 0.0, 0.0, 0.0, 0.0, 0.0, 0.0, 0.0, 0.0, 0.0, 0.0, 0.0], [0.0, 0.0, 0.0, 0.0, 0.0, 0.0, 0.0, 0.0, 0.0, 0.0, 0.0, 0.0, 0.0, 0.0, 0.9839471828786931, 0.0, 0.0, 0.0, 0.0, 0.0, 0.0, 0.0, 0.0, 0.0, 0.0, 0.0, 0.0, 0.0, 0.0, 0.0, 0.0, 0.0, 0.0, 0.0, 0.0, 0.0], [0.0, 0.0, 0.0, 0.0, 0.0, 0.0, 0.0, 0.0, 0.0, 0.0, 0.0, 0.0, 0.0, 0.0, 0.9795078930401845, 0.0, 0.0, 0.0, 0.0, 0.0, 0.0, 0.0, 0.0, 0.0, 0.0, 0.0, 0.0, 0.0, 0.0, 0.0, 0.0, 0.0, 0.0, 0.0, 0.0, 0.0]], "Born radii": [], "Atomic SASAs": [], "Solvent H bonds": [], "Total SASA": NaN, "Total FOD": 0.0, "FOD": [0.0, 0.0, 0.0, 0.0, 0.0, 0.0, 0.0, 0.0, 0.0, 0.0, 0.0, 0.0, 0.0, 0.0, 0.0, 0.0, 0.0, 0.0, 0.0, 0.0, 0.0, 0.0, 0.0, 0.0, 0.0, 0.0, 0.0, 0.0, 0.0, 0.0, 0.0, 0.0, 0.0, 0.0, 0.0, 0.0], "FOD s proportion": [0.0, 0.0, 0.0, 0.0, 0.0, 0.0, 0.0, 0.0, 0.0, 0.0, 0.0, 0.0, 0.0, 0.0, 0.0, 0.0, 0.0, 0.0, 0.0, 0.0, 0.0, 0.0, 0.0, 0.0, 0.0, 0.0, 0.0, 0.0, 0.0, 0.0, 0.0, 0.0, 0.0, 0.0, 0.0, 0.0], "FOD p proportion": [0.0, 0.0, 0.0, 0.0, 0.0, 0.0, 0.0, 0.0, 0.0, 0.0, 0.0, 0.0, 0.0, 0.0, 0.0, 0.0, 0.0, 0.0, 0.0, 0.0, 0.0, 0.0, 0.0, 0.0, 0.0, 0.0, 0.0, 0.0, 0.0, 0.0, 0.0, 0.0, 0.0, 0.0, 0.0, 0.0], "FOD d proportion": [0.0, 0.0, 0.0, 0.0, 0.0, 0.0, 0.0, 0.0, 0.0, 0.0, 0.0, 0.0, 0.0, 0.0, 0.0, 0.0, 0.0, 0.0, 0.0, 0.0, 0.0, 0.0, 0.0, 0.0, 0.0, 0.0, 0.0, 0.0, 0.0, 0.0, 0.0, 0.0, 0.0, 0.0, 0.0, 0.0], "coordinates": [["-2.05210", "2.89310", "-3.82810"], ["-2.03320", "2.40000", "-2.39570"], ["-2.04310", "0.98160", "-2.40800"], ["-1.54350", "0.17840", "-1.08570"], ["-2.61130", "0.55840", "0.50280"], ["-1.74140", "-1.35000", "-1.60780"], ["-2.98730", "-1.73870", "-2.16440"], ["-2.98620", "-3.24420", "-2.33600"], ["0.53810", "0.43110", "-0.96540"], ["1.00090", "-0.90220", "0.15740"], ["2.78750", "-0.88330", "0.48560"], ["2.88870", "-0.05980", "2.14060"], ["2.17530", "1.29660", "2.15380"], ["2.31580", "-0.98320", "3.22340"], ["4.38570", "0.16280", "2.41550"], ["-2.93630", "2.51790", "-4.35390"], ["-1.17700", "2.52460", "-4.37350"], ["-2.05660", "3.98600", "-3.86480"], ["-2.92150", "2.75820", "-1.86700"], ["-1.14240", "2.77560", "-1.88380"], ["-3.80970", "-1.44060", "-1.50840"], ["-3.11580", "-1.25470", "-3.13730"], ["-2.16170", "-3.55820", "-2.98460"], ["-2.83990", "-3.74160", "-1.37140"], ["-3.92860", "-3.58820", "-2.77130"], ["0.41510", "-0.85180", "1.07600"], ["0.76590", "-1.85290", "-0.32950"], ["1.09010", "1.19610", "2.05380"], ["2.35260", "1.81580", "3.10350"], ["2.53780", "1.95340", "1.35490"], ["2.45560", "-0.54340", "4.21830"], ["1.24150", "-1.15290", "3.10190"], ["2.81470", "-1.95940", "3.22930"], ["4.84360", "0.81850", "1.66520"], ["4.94360", "-0.78120", "2.42930"], ["4.53510", "0.63790", "3.39250"]], "bond_dist": [[0.0, 1.5150163629479385, 2.3813015894674074, 3.892175202891052, 4.95178993294344, 4.798975327088065, 5.009597585634998, 6.3847753687972455, 4.5788242300835265, 6.293593674523325, 7.502728357737603, 8.291954096592672, 7.496856049038156, 9.15575798882867, 9.374558543739541, 1.0950115615827993, 1.0950129770920523, 1.0935252854872632, 2.1494109844327123, 2.149805300486535, 5.220260677399167, 4.337384830747671, 6.507132709573395, 7.118654916485277, 6.829738514760284, 6.645415612284908, 6.534970693124798, 6.881131988997159, 8.283057161459167, 6.98668069257498, 9.842430822718542, 8.67426175302544, 9.85085748805656, 9.057096032393606, 10.079452055543497, 10.030662751782655], [1.5150163629479385, 0.0, 1.4184878779883878, 2.6251500242843266, 3.4823831523828623, 3.8429719814227115, 4.253544896906579, 5.724400993117096, 3.540326113509884, 5.160291392935092, 6.505466706547656, 7.131180360922027, 6.2949911882384715, 7.8698238893891395, 8.327964126363657, 2.1596382243329555, 2.1587719749894845, 2.161989447245291, 1.0940328240048378, 1.0939111526993406, 4.323593632616276, 3.883146328687602, 5.988611082713586, 6.27847162452774, 6.292229792370905, 5.349867009562013, 5.494661196106636, 5.567982430827167, 7.058167745243804, 5.9296283964511645, 8.518093976941087, 7.319177840440824, 8.610872648576333, 8.141402170388096, 9.05960245706179, 8.930331491047799], [2.3813015894674074, 1.4184878779883878, 0.0, 1.6257944796314199, 2.995781387217699, 2.4834857539353834, 2.8897900771509337, 4.33035878998496, 3.007779654495987, 4.404079427076673, 5.9317340913092185, 6.789471787996471, 6.221265369681637, 7.387361789570075, 8.078740937175793, 2.6352515515601165, 2.6446490239727463, 3.3389920410207634, 2.0544038356662013, 2.0747245913614654, 3.130049290346719, 2.585266228070138, 4.577807068892266, 4.900821159764964, 4.956830557927112, 4.641374667057164, 4.499448132826958, 5.456245204350699, 7.098922480207824, 6.007366849127827, 8.153022652979692, 6.76045009004578, 8.001678144614415, 8.002761819522059, 8.678762124865505, 8.777052191937791], [3.892175202891052, 2.6251500242843266, 1.6257944796314199, 0.0, 1.9513915778233748, 1.6271937131146985, 2.6312401144707414, 3.919033572196084, 2.100330435907645, 3.03100071428563, 4.727975420832896, 5.487271432141844, 5.057094514639805, 5.900157104687976, 6.885786624634835, 4.2537375718302135, 4.055688046435524, 4.741780908055538, 3.0273225348482447, 2.746505536131322, 2.817001727014025, 2.95549749788424, 4.236764332601, 4.1386806412188895, 4.766259007859309, 3.093601928173695, 3.1672300974195102, 4.222324300666637, 5.9506361517068065, 5.07584111748979, 6.681782101355895, 5.202362775701056, 6.4948688270048995, 6.983711422302615, 7.440330877723114, 7.564046103111747], [4.95178993294344, 3.4823831523828623, 2.995781387217699, 1.9513915778233748, 0.0, 2.975457768142576, 3.5400565320344812, 4.76015779255268, 3.4771449337063878, 3.911603553531467, 5.588008247130635, 5.771876651488665, 5.116862300277388, 5.835624159419452, 7.264497893867132, 5.2471706795186295, 5.449904643202484, 5.579611421057922, 3.248275868826415, 3.573444082394462, 3.078488102949238, 4.097826237165261, 5.4139167411403735, 4.696262726892523, 5.445117231061238, 3.3876716546914634, 4.232324517330873, 4.06357284295483, 5.743256781652724, 5.402344881623164, 6.379057853633246, 4.952568660806229, 6.573780882414625, 7.5494608933353655, 7.910906674964633, 7.708937624601719], [4.798975327088065, 3.8429719814227115, 2.4834857539353834, 1.6271937131146985, 2.975457768142576, 0.0, 1.4188580126284658, 2.3807133216748295, 2.9632946562905285, 3.29190904643491, 5.011094457301718, 6.095321534586999, 6.041081443748296, 6.319486333555917, 7.484441271063592, 4.891778984173345, 4.7937635538269925, 5.802266457169991, 4.282187278716334, 4.17798424602104, 2.0726682344263394, 2.058501323779026, 2.635977535943734, 2.642411355182989, 3.3387295982154646, 3.4787178571996895, 2.85893556940341, 5.282739064159804, 6.998533655702457, 6.164543412938221, 7.225569442611427, 5.578334420774717, 6.672851862584692, 7.666625479961833, 7.83012993825773, 8.267357422417396], [5.009597585634998, 4.253544896906579, 2.8897900771509337, 2.6312401144707414, 3.5400565320344812, 1.4188580126284658, 0.0, 1.5152485010716892, 4.30976544605388, 4.690013510641521, 6.41112503387666, 7.475232853229389, 7.383246988283677, 7.597502135570611, 8.885511536203191, 4.7869776278984215, 5.131572448090351, 6.043984839491244, 4.50720379060011, 4.884802642891522, 1.0934081442901364, 1.094213260749476, 2.1598434318255566, 2.1592091538338756, 2.1621802769426974, 4.781538406203594, 4.179283418242893, 6.55983635771503, 8.300588694183082, 7.519561483889869, 8.473060945726756, 6.77936772641815, 7.924891934909901, 9.084497939347006, 9.215099606081314, 9.649552680305963], [6.3847753687972455, 5.724400993117096, 4.33035878998496, 3.919033572196084, 4.76015779255268, 2.3807133216748295, 1.5152485010716892, 0.0, 5.273240459148435, 5.253472562981556, 6.846231595556785, 8.043307835088745, 8.210861765369089, 8.008136697134983, 9.409001586778482, 6.105424377551491, 6.37994234535078, 7.448300318864701, 6.021042505247741, 6.312057930659382, 2.1484987712353942, 2.148717780444887, 1.0950242965340997, 1.095108948917869, 1.0935903483480456, 5.379048563640228, 4.476607236512939, 7.456730504718539, 9.148472314545199, 8.435186101681456, 8.936797881232405, 7.198453958316327, 8.140867026306228, 9.686118973562115, 9.573723472609808, 10.220389735719476], [4.5788242300835265, 3.540326113509884, 3.007779654495987, 2.100330435907645, 3.4771449337063878, 2.9632946562905285, 4.30976544605388, 5.273240459148435, 0.0, 1.8034834543183367, 2.982087979922792, 3.926008045075812, 3.6275229468605708, 4.7651345437458525, 5.128985812029509, 5.282813819358013, 4.351948514171554, 5.2703228041553585, 4.265806972895047, 3.027246118174074, 4.764606461188583, 4.57275151959955, 5.223083683993584, 5.383971144982112, 6.274349065042524, 2.414182132731497, 2.3817887500783943, 3.1631467939379605, 4.665377964324006, 3.4205247360602433, 5.61223682590106, 4.4211714341337185, 5.33787466132355, 5.060381939142539, 5.6922833406287845, 5.916930593643971], [6.293593674523325, 5.160291392935092, 4.404079427076673, 3.03100071428563, 3.911603553531467, 3.29190904643491, 4.690013510641521, 5.253472562981556, 1.8034834543183367, 0.0, 1.8165935180991923, 2.864700479980412, 3.193673395950187, 3.3370464500812687, 4.2059614418108975, 6.895683834109565, 6.084016885249415, 7.029999881223327, 5.73427809580247, 4.72085216565823, 5.119241795422443, 5.284555159140644, 5.189271505712531, 5.015093861534398, 6.3318125319690255, 1.0906547391360844, 1.093675957493809, 2.829691235806479, 4.230144453798239, 3.456952302245433, 4.328486841842078, 2.964931550643286, 3.720767647945784, 4.472204447473304, 4.552038433493285, 5.0327278547523315], [7.502728357737603, 6.505466706547656, 5.9317340913092185, 4.727975420832896, 5.588008247130635, 5.011094457301718, 6.41112503387666, 6.846231595556785, 2.982087979922792, 1.8165935180991923, 0.0, 1.8513288983862377, 2.812408947859468, 2.7799334056771934, 2.715342052117928, 8.231087906832244, 7.137359138364833, 8.130274746895088, 7.168537508446196, 5.8690475871303, 6.914453494673313, 6.936302564046641, 6.609989310883945, 6.579206536505751, 7.9391360254123375, 2.4449634291743507, 2.3856610677126793, 3.1087493240851694, 3.7851920994845165, 2.9773981040499105, 3.762809975271141, 3.050872965234705, 2.9473073711440416, 2.9180689865046032, 2.9046792094825205, 3.717287022816506], [8.291954096592672, 7.131180360922027, 6.789471787996471, 5.487271432141844, 5.771876651488665, 6.095321534586999, 7.475232853229389, 8.043307835088745, 3.926008045075812, 2.864700479980412, 1.8513288983862377, 0.0, 1.5326234893149722, 1.534059258959705, 1.5382229259765958, 9.09690565742, 8.102008310289493, 8.768655477893974, 7.60002669732153, 6.362786789607208, 7.751797997884104, 8.083194583207806, 8.00081356863163, 7.662026703164118, 9.113284120447469, 2.807015162053814, 3.7179135896359936, 2.19539996583766, 2.17542064438122, 2.189390221043293, 2.176759486025041, 2.198234095814183, 2.190713091666729, 2.1952334864428433, 2.196902287312752, 2.182812832104484], [7.496856049038156, 6.2949911882384715, 6.221265369681637, 5.057094514639805, 5.116862300277388, 6.041081443748296, 7.383246988283677, 8.210861765369089, 3.6275229468605708, 3.193673395950187, 2.812408947859468, 1.5326234893149722, 0.0, 2.5221563095890787, 2.497970674367495, 8.36481844034884, 7.439861865653152, 7.833606827636934, 6.654357778178147, 5.431094553586781, 7.531546831826779, 7.9057327370712445, 8.293479764248538, 7.934905501642726, 9.239885078289664, 2.979191071415192, 4.25118071834167, 1.0944218976244946, 1.0967834882053977, 1.0959168307859863, 2.779627374307571, 2.7876381221385245, 3.488132539052953, 2.754475351133134, 3.4722669799426424, 2.745345045709191], [9.15575798882867, 7.8698238893891395, 7.387361789570075, 5.900157104687976, 5.835624159419452, 6.319486333555917, 7.597502135570611, 8.008136697134983, 4.7651345437458525, 3.3370464500812687, 2.7799334056771934, 1.534059258959705, 2.5221563095890787, 0.0, 2.5001008819645656, 9.861933426564995, 9.06737019703067, 9.698113715563455, 8.206068328377482, 7.22296452434871, 7.753766584699336, 8.368661499905466, 8.075759732062364, 7.436544902708515, 9.039634088280344, 2.8707582987775195, 3.9726145685178165, 2.76037192059331, 2.801808567693375, 3.487720718463564, 1.0967196952731362, 1.0943860516289485, 1.096313121329851, 3.473310088373913, 2.7525863565018263, 2.7535163900002484], [9.374558543739541, 8.327964126363657, 8.078740937175793, 6.885786624634835, 7.264497893867132, 7.484441271063592, 8.885511536203191, 9.409001586778482, 5.128985812029509, 4.2059614418108975, 2.715342052117928, 1.5382229259765958, 2.497970674367495, 2.5001008819645656, 0.0, 10.246119088220672, 9.089128205169073, 9.775594898521522, 8.85839033064134, 7.474663466671928, 9.226725525884033, 9.440095144647643, 9.26689633965979, 9.044017156662187, 10.492877571476757, 4.311535430678959, 4.970012427549855, 3.4726812609279305, 2.7091047617248027, 2.783137641224379, 2.7338786165446334, 3.4768096137119726, 2.7629774302371706, 1.0966152424620044, 1.0966215618890593, 1.0966172395143166], [1.0950115615827993, 2.1596382243329555, 2.6352515515601165, 4.2537375718302135, 5.2471706795186295, 4.891778984173345, 4.7869776278984215, 6.105424377551491, 5.282813819358013, 6.895683834109565, 8.231087906832244, 9.09690565742, 8.36481844034884, 9.861933426564995, 10.246119088220672, 0.0, 1.7594219334770156, 1.7800023904478335, 2.498526513767665, 3.0636384430934407, 4.952718451517308, 3.9679776423261255, 6.276462288582638, 6.9344026029644406, 6.385431799025027, 7.215994322337012, 7.000426618428337, 7.682295977766023, 9.169417777590898, 7.929364949351241, 10.579544231203913, 9.301491230980117, 10.517848569455637, 9.982202621666223, 10.908193574556698, 10.925334361931446], [1.0950129770920523, 2.1587719749894845, 2.6446490239727463, 4.055688046435524, 5.449904643202484, 4.7937635538269925, 5.131572448090351, 6.37994234535078, 4.351948514171554, 6.084016885249415, 7.137359138364833, 8.102008310289493, 7.439861865653152, 9.06737019703067, 9.089128205169073, 1.7594219334770156, 0.0, 1.7799330914391138, 3.0627424736663706, 2.5025595397512523, 5.555422426782684, 4.423826891956782, 6.316576061443414, 7.144445622999729, 6.892363255081671, 6.605445452049392, 6.268277487476124, 6.943690657712223, 8.29855424757831, 6.851319218953384, 9.819747145420802, 8.67494977852898, 9.687233492076054, 8.696223275652484, 9.729755692719113, 9.82336395029727], [1.0935252854872632, 2.161989447245291, 3.3389920410207634, 4.741780908055538, 5.579611421057922, 5.802266457169991, 6.043984839491244, 7.448300318864701, 5.2703228041553585, 7.029999881223327, 8.130274746895088, 8.768655477893974, 7.833606827636934, 9.698113715563455, 9.775594898521522, 1.7800023904478335, 1.7799330914391138, 0.0, 2.499349853461896, 2.495033226231667, 6.170410693786922, 5.395933411375645, 7.596101084767106, 8.157597943635125, 7.878364797976799, 7.34337213887462, 7.386312039847762, 7.260515743389033, 8.526899645826727, 7.2446699172564095, 10.305916689455625, 9.263944392643987, 10.459617567578654, 9.392907765436643, 10.551999369313855, 10.359955877801797], [2.1494109844327123, 1.0940328240048378, 2.0544038356662013, 3.0273225348482447, 3.248275868826415, 4.282187278716334, 4.50720379060011, 6.021042505247741, 4.265806972895047, 5.73427809580247, 7.168537508446196, 7.60002669732153, 6.654357778178147, 8.206068328377482, 8.85839033064134, 2.498526513767665, 3.0627424736663706, 2.499349853461896, 0.0, 1.7792644013749053, 4.306670946334303, 4.213642247509867, 6.459352503153857, 6.519177705815359, 6.489129514811675, 5.729419565715187, 6.101071071541456, 5.822865584057388, 7.308222685441378, 6.3900155821406255, 8.76610763452058, 7.570814977266318, 9.007331119149557, 8.748465633469678, 9.635628887623268, 9.367971813578434], [2.149805300486535, 1.0939111526993406, 2.0747245913614654, 2.746505536131322, 3.573444082394462, 4.17798424602104, 4.884802642891522, 6.312057930659382, 3.027246118174074, 4.72085216565823, 5.8690475871303, 6.362786789607208, 5.431094553586781, 7.22296452434871, 7.474663466671928, 3.0636384430934407, 2.5025595397512523, 2.495033226231667, 1.7792644013749053, 0.0, 5.003174681139965, 4.65927976193746, 6.50905181804539, 6.754106591548582, 7.003464651870528, 4.933989567277174, 5.242181762396264, 4.7941182984986925, 6.1651765854677665, 4.970821116274453, 7.822850465782917, 6.780361048646303, 8.013903981206662, 7.2289582520581765, 8.263961147657945, 8.040093857039231], [5.220260677399167, 4.323593632616276, 3.130049290346719, 2.817001727014025, 3.078488102949238, 2.0726682344263394, 1.0934081442901364, 2.1484987712353942, 4.764606461188583, 5.119241795422443, 6.914453494673313, 7.751797997884104, 7.531546831826779, 7.753766584699336, 9.226725525884033, 4.952718451517308, 5.555422426782684, 6.170410693786922, 4.306670946334303, 5.003174681139965, 0.0, 1.7802727965118155, 3.062564317691956, 2.500776287475551, 2.4942412433443564, 4.987458655467733, 4.7429855428833, 6.606776503711927, 8.357493874362099, 7.746513999212807, 8.53545809081153, 6.844870986366361, 8.160737104575787, 9.489724477559925, 9.6208393885357, 9.898215500785987], [4.337384830747671, 3.883146328687602, 2.585266228070138, 2.95549749788424, 4.097826237165261, 2.058501323779026, 1.094213260749476, 2.148717780444887, 4.57275151959955, 5.284555159140644, 6.936302564046641, 8.083194583207806, 7.9057327370712445, 8.368661499905466, 9.440095144647643, 3.9679776423261255, 4.423826891956782, 5.395933411375645, 4.213642247509867, 4.65927976193746, 1.7802727965118155, 0.0, 2.497946426567231, 3.062547180044742, 2.4979635886057268, 5.5119397774286325, 4.8279580538774365, 7.1164270993244925, 8.847539400872991, 7.901579551583342, 9.254798593702622, 7.610784661912332, 8.729320013609309, 9.52440091816803, 9.806383949754364, 10.235061973920823], [6.507132709573395, 5.988611082713586, 4.577807068892266, 4.236764332601, 5.4139167411403735, 2.635977535943734, 2.1598434318255566, 1.0950242965340997, 5.223083683993584, 5.189271505712531, 6.609989310883945, 8.00081356863163, 8.293479764248538, 8.075759732062364, 9.26689633965979, 6.276462288582638, 6.316576061443414, 7.596101084767106, 6.459352503153857, 6.50905181804539, 3.062564317691956, 2.497946426567231, 0.0, 1.7595468280213515, 1.7799810392248563, 5.518421111151269, 4.304468127422945, 7.652649625456531, 9.29105710347321, 8.443594913305589, 9.071397176841062, 7.376497853317657, 8.119930517559864, 9.478943560334137, 9.354535279745328, 10.15488994819737], [7.118654916485277, 6.27847162452774, 4.900821159764964, 4.1386806412188895, 4.696262726892523, 2.642411355182989, 2.1592091538338756, 1.095108948917869, 5.383971144982112, 5.015093861534398, 6.579206536505751, 7.662026703164118, 7.934905501642726, 7.436544902708515, 9.044017156662187, 6.9344026029644406, 7.144445622999729, 8.157597943635125, 6.519177705815359, 6.754106591548582, 2.500776287475551, 3.062547180044742, 1.7595468280213515, 0.0, 1.780033499684767, 4.993569444795977, 4.201730231702173, 7.180374386478744, 8.82448191227111, 8.293696038558442, 8.337598549942305, 6.585560457546496, 7.504477229627658, 9.436716792401901, 9.15380581506949, 9.811492672371518], [6.829738514760284, 6.292229792370905, 4.956830557927112, 4.766259007859309, 5.445117231061238, 3.3387295982154646, 2.1621802769426974, 1.0935903483480456, 6.274349065042524, 6.3318125319690255, 7.9391360254123375, 9.113284120447469, 9.239885078289664, 9.039634088280344, 10.492877571476757, 6.385431799025027, 6.892363255081671, 7.878364797976799, 6.489129514811675, 7.003464651870528, 2.4942412433443564, 2.4979635886057268, 1.7799810392248563, 1.780033499684767, 0.0, 6.415398034416882, 5.568840416101003, 8.447394047278722, 10.157261662475769, 9.463043165916554, 9.944009495168435, 8.194821434296173, 9.172365272382038, 10.772791187988377, 10.660273082806087, 11.290995055352738], [6.645415612284908, 5.349867009562013, 4.641374667057164, 3.093601928173695, 3.3876716546914634, 3.4787178571996895, 4.781538406203594, 5.379048563640228, 2.414182132731497, 1.0906547391360844, 2.4449634291743507, 2.807015162053814, 2.979191071415192, 2.8707582987775195, 4.311535430678959, 7.215994322337012, 6.605445452049392, 7.34337213887462, 5.729419565715187, 4.933989567277174, 4.987458655467733, 5.5119397774286325, 5.518421111151269, 4.993569444795977, 6.415398034416882, 0.0, 1.7608782183899032, 2.3676174205306055, 3.870497676010154, 3.5288507392634223, 3.759361661239844, 2.2085898170552176, 3.40904074630973, 4.769556685898597, 4.726914162537755, 4.95578231362113], [6.534970693124798, 5.494661196106636, 4.499448132826958, 3.1672300974195102, 4.232324517330873, 2.85893556940341, 4.179283418242893, 4.476607236512939, 2.3817887500783943, 1.093675957493809, 2.3856610677126793, 3.7179135896359936, 4.25118071834167, 3.9726145685178165, 4.970012427549855, 7.000426618428337, 6.268277487476124, 7.386312039847762, 6.101071071541456, 5.242181762396264, 4.7429855428833, 4.8279580538774365, 4.304468127422945, 4.201730231702173, 5.568840416101003, 1.7608782183899032, 0.0, 3.8835068597853666, 5.26900992407492, 4.523798476943906, 5.0251727512594035, 3.5342186293436915, 4.107795166509645, 5.267147552518346, 5.119833553935128, 5.853566201897779], [6.881131988997159, 5.567982430827167, 5.456245204350699, 4.222324300666637, 4.06357284295483, 5.282739064159804, 6.55983635771503, 7.456730504718539, 3.1631467939379605, 2.829691235806479, 3.1087493240851694, 2.19539996583766, 1.0944218976244946, 2.76037192059331, 3.4726812609279305, 7.682295977766023, 6.943690657712223, 7.260515743389033, 5.822865584057388, 4.7941182984986925, 6.606776503711927, 7.1164270993244925, 7.652649625456531, 7.180374386478744, 8.447394047278722, 2.3676174205306055, 3.8835068597853666, 0.0, 1.75493715841907, 1.777019918290169, 3.094432217709737, 2.576671606937912, 3.783282392314906, 3.7924074108671397, 4.347433471601377, 3.7378777307450815], [8.283057161459167, 7.058167745243804, 7.098922480207824, 5.9506361517068065, 5.743256781652724, 6.998533655702457, 8.300588694183082, 9.148472314545199, 4.665377964324006, 4.230144453798239, 3.7851920994845165, 2.17542064438122, 1.0967834882053977, 2.801808567693375, 2.7091047617248027, 9.169417777590898, 8.29855424757831, 8.526899645826727, 7.308222685441378, 6.1651765854677665, 8.357493874362099, 8.847539400872991, 9.29105710347321, 8.82448191227111, 10.157261662475769, 3.870497676010154, 5.26900992407492, 1.75493715841907, 0