{"total energy": -36.60237744, "HOMO-LUMO gap/eV": 4.72360375, "electronic energy": -37.03883994, "dipole": [-0.24132439, 0.6389554, 0.36155702], "partial charges": [-0.09999065, -0.05234256, -0.05943073, -0.05876456, -0.05789349, -0.05698158, -0.08890261, 0.35128365, -0.40133333, -0.27063184, 0.03454204, 0.03192421, 0.03133081, 0.03190727, 0.02931684, 0.02837221, 0.02999207, 0.03117645, 0.0305559, 0.0343596, 0.02828141, 0.03791155, 0.05306438, 0.03864166, 0.06932559, 0.06732603, 0.06156248, 0.06171059, 0.06368663], "atomic dipole moments": [[-0.07584157, -0.06545511, 0.01229145], [-0.01379971, 0.1096983, 0.0028603], [0.01095286, -0.11145877, -0.00306385], [-0.0181876, 0.11043946, 0.01265296], [0.04731699, 0.02476935, -0.10514911], [-0.08920195, -0.00764897, 0.10464856], [-0.00492202, -0.09738067, -0.02733145], [-0.1530781, 0.02239941, 0.06385186], [-0.01368788, 0.16010527, 0.07367747], [-0.01382541, -0.21166198, -0.08796102], [0.21293649, 0.15320908, -0.00499643], [0.01448229, 0.073013, 0.10134079], [0.10711381, -0.06122655, -0.01816854], [-0.01891755, 0.07417985, -0.09981544], [-0.00413606, -0.07286809, -0.10003793], [0.02844149, -0.07368984, 0.09486515], [0.0079956, 0.07385722, 0.09921218], [-0.02235531, 0.07489464, -0.09649023], [0.02622815, -0.07897596, 0.08929917], [-0.01164273, -0.07231159, -0.10182587], [0.01044177, 0.06411366, 0.10423961], [-0.07721805, -0.09330775, 0.03052512], [-0.00019127, -0.06572163, -0.11155622], [0.07161844, 0.09571852, -0.019452], [-0.02448472, 0.09342549, -0.08886899], [0.00423748, 0.05219637, 0.12209202], [-0.0342358, -0.02194853, -0.12375581], [0.03083823, -0.10601776, 0.06926098], [-0.09887488, 0.05383739, 0.05689009]], "atomic quadrupole moments": [[0.08884468, 0.16539333, 0.03366433, -0.03509513, -0.0267934, -0.12250901], [0.21250488, 0.03760842, 0.01145492, -0.07484231, -0.00699634, -0.2239598], [0.21125106, 0.02179727, 0.01941589, -0.07173685, -0.00213148, -0.23066695], [0.20931468, 0.02410199, -0.00491404, -0.09668607, 0.00209354, -0.20440064], [0.07158316, -0.1830663, -0.06021709, 0.00779061, -0.10520401, -0.01136607], [0.1351822, -0.17440621, -0.09102442, -0.01170986, -0.11135483, -0.04415778], [0.20090703, 0.04559918, 0.02070385, -0.07056234, 0.04588025, -0.22161089], [-0.05175657, -0.15969501, -0.27086418, 0.10905705, -0.27631385, 0.32262074], [-0.08375997, -0.04214822, -0.05615464, 0.08142359, -0.10478244, 0.1399146], [0.052533, 0.06416629, 0.01203709, -0.0161867, 0.01819961, -0.06457009], [0.25558417, 0.38023621, 0.03206647, -0.02238499, 0.01749351, -0.28765064], [-0.04124425, 0.01222188, -0.00542887, -0.00445308, 0.05424104, 0.04667311], [0.04824185, -0.04896159, 0.00364985, -0.01740225, 0.0084646, -0.0518917], [-0.02929471, -0.00624979, -0.00416183, 0.03023243, -0.05572017, 0.03345654], [-0.01692141, 0.00845138, -0.01562491, 0.0056191, 0.04033242, 0.03254632], [-0.01490973, -0.00548893, -0.01472736, 0.01064045, -0.04179619, 0.02963709], [-0.02108217, 0.00517186, -0.01520941, 0.00381277, 0.04031508, 0.03629158], [-0.01468768, -0.00913794, -0.01399315, 0.01600742, -0.03924142, 0.02868083], [-0.00485636, -0.0103399, -0.01523566, 0.01587544, -0.0467667, 0.02009202], [-0.01735107, 0.01194966, -0.02314869, 0.00395573, 0.03579531, 0.04049976], [-0.03078209, 0.00044656, 0.0115627, 0.02010323, 0.04279059, 0.01921939], [0.0233027, 0.03488114, 0.01892739, 0.00234423, -0.01098405, -0.04223008], [-0.02475734, -0.00118998, 0.00306088, 0.01584067, 0.03938062, 0.02169646], [0.01710998, 0.03793603, 0.02532455, 0.00684693, -0.01268368, -0.04243453], [-0.00335473, -0.02209439, 0.00326737, 0.00379061, -0.05585783, 8.736e-05], [-0.00499011, -0.00187695, -0.03664941, -0.00221979, 0.04041464, 0.04163952], [-0.02110708, 0.02638632, -0.03360826, 0.01082641, 0.01612298, 0.05471534], [-0.0041, -0.01033582, 0.03298388, 0.0213974, -0.04261343, -0.02888388], [0.02974748, -0.03559977, -0.00383581, -0.0443705, 0.03474171, -0.02591167]], "number of molecular orbitals": 62, "number of electrons": 66, "number of unpaired electrons": 0, "orbital energies/eV": [-20.12884244, -19.33684303, -18.30119707, -17.26137816, -16.88558577, -16.63240291, -16.53206384, -16.13922971, -15.87301621, -15.74645918, -15.31422687, -15.16144126, -15.07391773, -14.94131169, -14.17012582, -14.0295625, -13.95232513, -13.59290473, -13.49950288, -13.37958353, -13.04930649, -12.98239453, -12.84418028, -12.62330762, -12.39655989, -12.22721538, -12.09228669, -11.95296776, -11.64597151, -11.5644361, -11.44933706, -11.36663388, -11.17456384, -6.4509601, 0.13318186, 1.69564907, 2.20957973, 2.78297191, 2.88230626, 3.21045051, 3.36440914, 3.49014091, 3.64815708, 4.03175651, 4.10730956, 4.21653026, 4.59755555, 4.72160943, 4.84789035, 4.9374646, 5.2947081, 5.3759646, 5.65798304, 6.26147529, 6.48097875, 6.71722658, 7.09351173, 7.36193759, 7.4200151, 8.11722585, 8.45356141, 16.18663647], "fractional occupation": [2.0, 2.0, 2.0, 2.0, 2.0, 2.0, 2.0, 2.0, 2.0, 2.0, 2.0, 2.0, 2.0, 2.0, 2.0, 2.0, 2.0, 2.0, 2.0, 2.0, 2.0, 2.0, 2.0, 2.0, 2.0, 2.0, 2.0, 2.0, 2.0, 2.0, 2.0, 2.0, 2.0, 0.0, 0.0, 0.0, 0.0, 0.0, 0.0, 0.0, 0.0, 0.0, 0.0, 0.0, 0.0, 0.0, 0.0, 0.0, 0.0, 0.0, 0.0, 0.0, 0.0, 0.0, 0.0, 0.0, 0.0, 0.0, 0.0, 0.0, 0.0, 0.0], "program call": "xtb /home/svss/Project-DBcg-Debug/aqme2_20220329/End-to-End-workflows-final/example-3/QDESCP/mol_30_rdkit_conf_14/mol_30_rdkit_conf_14.xyz --pop --wbo --acc 0.2 --gfn 2 --chrg 0 --uhf 0 --etemp 300 --input /home/svss/Project-DBcg-Debug/aqme2_20220329/End-to-End-workflows-final/example-3/QDESCP/mol_30_rdkit_conf_14/mol_30_rdkit_conf_14_xtb.inp", "method": "GFN2-xTB", "xtb version": "6.3.3 (7355c4f)", "Dipole module/D": 1.964, "Total charge": 0, "Transition dipole module/D": NaN, "HOMO": -11.1746, "LUMO": -6.451, "HOMO occupancy": 2.0, "LUMO occupancy": 0, "mulliken charges": [-0.08355, -0.03814, -0.04906, -0.0451, -0.04749, -0.04065, -0.0784, 0.57313, -0.52799, -0.41863, 0.1754, 0.02622, 0.02825, 0.02635, 0.0229, 0.02212, 0.02176, 0.02186, 0.02537, 0.02786, 0.01963, 0.03627, 0.04144, 0.02522, 0.05902, 0.05315, 0.04365, 0.04346, 0.03595], "cm5 charges": [-0.2339, -0.15073, -0.15988, -0.15566, -0.15735, -0.14921, -0.17715, 0.62212, -0.57866, -0.50566, 0.05574, 0.07751, 0.07903, 0.07763, 0.0776, 0.07682, 0.07721, 0.07781, 0.08031, 0.08311, 0.07497, 0.09391, 0.09955, 0.08085, 0.11691, 0.11257, 0.10485, 0.10469, 0.09499], "FUKUI+": [0.005, 0.002, 0.005, 0.005, 0.007, 0.02, 0.028, -0.189, -0.283, -0.126, 0.047, -0.006, -0.013, -0.004, -0.005, -0.008, -0.008, -0.0, -0.021, -0.008, -0.02, 0.015, -0.023, -0.055, -0.1, -0.092, -0.048, -0.049, -0.076], "FUKUI-": [0.018, 0.008, 0.007, 0.012, 0.009, 0.008, -0.003, -0.012, -0.098, -0.053, 0.018, -0.057, -0.048, -0.053, -0.073, -0.08, -0.059, -0.068, -0.055, -0.038, -0.039, -0.064, -0.036, -0.067, -0.049, -0.04, -0.024, -0.021, -0.041], "FUKUIrad": [0.012, 0.005, 0.006, 0.009, 0.008, 0.014, 0.013, -0.101, -0.191, -0.089, 0.032, -0.031, -0.03, -0.028, -0.039, -0.044, -0.033, -0.034, -0.038, -0.023, -0.029, -0.025, -0.03, -0.061, -0.074, -0.066, -0.036, -0.035, -0.059], "s proportion": [1.007, 1.027, 1.032, 1.032, 1.032, 1.03, 1.039, 0.992, 1.731, 1.698, 0.973, 0.974, 0.972, 0.974, 0.977, 0.978, 0.978, 0.978, 0.975, 0.972, 0.98, 0.964, 0.959, 0.975, 0.941, 0.947, 0.956, 0.957, 0.964], "p proportion": [3.076, 3.011, 3.017, 3.013, 3.015, 3.011, 3.039, 2.435, 4.797, 4.72, 2.852, 0.0, 0.0, 0.0, 0.0, 0.0, 0.0, 0.0, 0.0, 0.0, 0.0, 0.0, 0.0, 0.0, 0.0, 0.0, 0.0, 0.0, 0.0], "d proportion": [0.0, 0.0, 0.0, 0.0, 0.0, 0.0, 0.0, 0.0, 0.0, 0.0, 0.0, 0.0, 0.0, 0.0, 0.0, 0.0, 0.0, 0.0, 0.0, 0.0, 0.0, 0.0, 0.0, 0.0, 0.0, 0.0, 0.0, 0.0, 0.0], "Fermi-level/eV": -8.8128, "Coordination numbers": [3.75, 3.8, 3.801, 3.8, 3.8, 3.8, 3.802, 2.721, 0.856, 1.703, 3.655, 0.924, 0.924, 0.924, 0.924, 0.924, 0.924, 0.924, 0.924, 0.924, 0.924, 0.924, 0.924, 0.924, 0.924, 0.924, 0.924, 0.924, 0.924], "Dispersion coefficient C6": [22.473, 21.514, 21.644, 21.632, 21.617, 21.6, 22.194, 21.035, 21.708, 18.488, 20.287, 2.559, 2.568, 2.56, 2.596, 2.61, 2.587, 2.57, 2.579, 2.526, 2.611, 2.477, 2.282, 2.467, 2.093, 2.115, 2.181, 2.179, 2.156], "Total dispersion C6": 6176.62314, "Total dispersion C8": 130796.896028, "Polarizability alpha": [6.761, 6.604, 6.624, 6.622, 6.62, 6.617, 6.707, 7.508, 6.247, 5.805, 6.467, 2.502, 2.506, 2.502, 2.52, 2.526, 2.515, 2.507, 2.511, 2.485, 2.527, 2.461, 2.362, 2.456, 2.262, 2.274, 2.309, 2.309, 2.296], "Total polarizability alpha": 116.414426, "Wiberg matrix": [[0.0, 1.0201899369191068, 0.0, 0.0, 0.0, 0.0, 0.0, 0.0, 0.0, 0.0, 0.0, 0.9877306480055282, 0.9873803438923623, 0.987704224188168, 0.0, 0.0, 0.0, 0.0, 0.0, 0.0, 0.0, 0.0, 0.0, 0.0, 0.0, 0.0, 0.0, 0.0, 0.0], [1.0201899369191068, 0.0, 1.0074395135288685, 0.0, 0.0, 0.0, 0.0, 0.0, 0.0, 0.0, 0.0, 0.0, 0.0, 0.0, 0.9781377142609213, 0.9779684412190439, 0.0, 0.0, 0.0, 0.0, 0.0, 0.0, 0.0, 0.0, 0.0, 0.0, 0.0, 0.0, 0.0], [0.0, 1.0074395135288685, 0.0, 1.0081783239278754, 0.0, 0.0, 0.0, 0.0, 0.0, 0.0, 0.0, 0.0, 0.0, 0.0, 0.0, 0.0, 0.9770795862317389, 0.9754359969034752, 0.0, 0.0, 0.0, 0.0, 0.0, 0.0, 0.0, 0.0, 0.0, 0.0, 0.0], [0.0, 0.0, 1.0081783239278754, 0.0, 1.006501255745465, 0.0, 0.0, 0.0, 0.0, 0.0, 0.0, 0.0, 0.0, 0.0, 0.0, 0.0, 0.0, 0.0, 0.9766733487711956, 0.9769369792358644, 0.0, 0.0, 0.0, 0.0, 0.0, 0.0, 0.0, 0.0, 0.0], [0.0, 0.0, 0.0, 1.006501255745465, 0.0, 1.0085981348399387, 0.0, 0.0, 0.0, 0.0, 0.0, 0.0, 0.0, 0.0, 0.0, 0.0, 0.0, 0.0, 0.0, 0.0, 0.9770493939896767, 0.9763629814823375, 0.0, 0.0, 0.0, 0.0, 0.0, 0.0, 0.0], [0.0, 0.0, 0.0, 0.0, 1.0085981348399387, 0.0, 1.004848004051364, 0.0, 0.0, 0.0, 0.0, 0.0, 0.0, 0.0, 0.0, 0.0, 0.0, 0.0, 0.0, 0.0, 0.0, 0.0, 0.9745392089120692, 0.9749725625449338, 0.0, 0.0, 0.0, 0.0, 0.0], [0.0, 0.0, 0.0, 0.0, 0.0, 1.004848004051364, 0.0, 0.9789520911560642, 0.0, 0.0, 0.0, 0.0, 0.0, 0.0, 0.0, 0.0, 0.0, 0.0, 0.0, 0.0, 0.0, 0.0, 0.0, 0.0, 0.9471985270491957, 0.9599683128806469, 0.0, 0.0, 0.0], [0.0, 0.0, 0.0, 0.0, 0.0, 0.0, 0.9789520911560642, 0.0, 1.764637234646401, 1.1105419720013856, 0.0, 0.0, 0.0, 0.0, 0.0, 0.0, 0.0, 0.0, 0.0, 0.0, 0.0, 0.0, 0.0, 0.0, 0.0, 0.0, 0.0, 0.0, 0.0], [0.0, 0.0, 0.0, 0.0, 0.0, 0.0, 0.0, 1.764637234646401, 0.0, 0.1683296066684427, 0.0, 0.0, 0.0, 0.0, 0.0, 0.0, 0.0, 0.0, 0.0, 0.0, 0.0, 0.0, 0.0, 0.0, 0.0, 0.0, 0.0, 0.0, 0.0], [0.0, 0.0, 0.0, 0.0, 0.0, 0.0, 0.0, 1.1105419720013856, 0.1683296066684427, 0.0, 0.960766171272429, 0.0, 0.0, 0.0, 0.0, 0.0, 0.0, 0.0, 0.0, 0.0, 0.0, 0.0, 0.0, 0.0, 0.0, 0.0, 0.0, 0.0, 0.0], [0.0, 0.0, 0.0, 0.0, 0.0, 0.0, 0.0, 0.0, 0.0, 0.960766171272429, 0.0, 0.0, 0.0, 0.0, 0.0, 0.0, 0.0, 0.0, 0.0, 0.0, 0.0, 0.0, 0.0, 0.0, 0.0, 0.0, 0.9782405014759644, 0.9781807847283679, 0.9819010722528956], [0.9877306480055282, 0.0, 0.0, 0.0, 0.0, 0.0, 0.0, 0.0, 0.0, 0.0, 0.0, 0.0, 0.0, 0.0, 0.0, 0.0, 0.0, 0.0, 0.0, 0.0, 0.0, 0.0, 0.0, 0.0, 0.0, 0.0, 0.0, 0.0, 0.0], [0.9873803438923623, 0.0, 0.0, 0.0, 0.0, 0.0, 0.0, 0.0, 0.0, 0.0, 0.0, 0.0, 0.0, 0.0, 0.0, 0.0, 0.0, 0.0, 0.0, 0.0, 0.0, 0.0, 0.0, 0.0, 0.0, 0.0, 0.0, 0.0, 0.0], [0.987704224188168, 0.0, 0.0, 0.0, 0.0, 0.0, 0.0, 0.0, 0.0, 0.0, 0.0, 0.0, 0.0, 0.0, 0.0, 0.0, 0.0, 0.0, 0.0, 0.0, 0.0, 0.0, 0.0, 0.0, 0.0, 0.0, 0.0, 0.0, 0.0], [0.0, 0.9781377142609213, 0.0, 0.0, 0.0, 0.0, 0.0, 0.0, 0.0, 0.0, 0.0, 0.0, 0.0, 0.0, 0.0, 0.0, 0.0, 0.0, 0.0, 0.0, 0.0, 0.0, 0.0, 0.0, 0.0, 0.0, 0.0, 0.0, 0.0], [0.0, 0.9779684412190439, 0.0, 0.0, 0.0, 0.0, 0.0, 0.0, 0.0, 0.0, 0.0, 0.0, 0.0, 0.0, 0.0, 0.0, 0.0, 0.0, 0.0, 0.0, 0.0, 0.0, 0.0, 0.0, 0.0, 0.0, 0.0, 0.0, 0.0], [0.0, 0.0, 0.9770795862317389, 0.0, 0.0, 0.0, 0.0, 0.0, 0.0, 0.0, 0.0, 0.0, 0.0, 0.0, 0.0, 0.0, 0.0, 0.0, 0.0, 0.0, 0.0, 0.0, 0.0, 0.0, 0.0, 0.0, 0.0, 0.0, 0.0], [0.0, 0.0, 0.9754359969034752, 0.0, 0.0, 0.0, 0.0, 0.0, 0.0, 0.0, 0.0, 0.0, 0.0, 0.0, 0.0, 0.0, 0.0, 0.0, 0.0, 0.0, 0.0, 0.0, 0.0, 0.0, 0.0, 0.0, 0.0, 0.0, 0.0], [0.0, 0.0, 0.0, 0.9766733487711956, 0.0, 0.0, 0.0, 0.0, 0.0, 0.0, 0.0, 0.0, 0.0, 0.0, 0.0, 0.0, 0.0, 0.0, 0.0, 0.0, 0.0, 0.0, 0.0, 0.0, 0.0, 0.0, 0.0, 0.0, 0.0], [0.0, 0.0, 0.0, 0.9769369792358644, 0.0, 0.0, 0.0, 0.0, 0.0, 0.0, 0.0, 0.0, 0.0, 0.0, 0.0, 0.0, 0.0, 0.0, 0.0, 0.0, 0.0, 0.0, 0.0, 0.0, 0.0, 0.0, 0.0, 0.0, 0.0], [0.0, 0.0, 0.0, 0.0, 0.9770493939896767, 0.0, 0.0, 0.0, 0.0, 0.0, 0.0, 0.0, 0.0, 0.0, 0.0, 0.0, 0.0, 0.0, 0.0, 0.0, 0.0, 0.0, 0.0, 0.0, 0.0, 0.0, 0.0, 0.0, 0.0], [0.0, 0.0, 0.0, 0.0, 0.9763629814823375, 0.0, 0.0, 0.0, 0.0, 0.0, 0.0, 0.0, 0.0, 0.0, 0.0, 0.0, 0.0, 0.0, 0.0, 0.0, 0.0, 0.0, 0.0, 0.0, 0.0, 0.0, 0.0, 0.0, 0.0], [0.0, 0.0, 0.0, 0.0, 0.0, 0.9745392089120692, 0.0, 0.0, 0.0, 0.0, 0.0, 0.0, 0.0, 0.0, 0.0, 0.0, 0.0, 0.0, 0.0, 0.0, 0.0, 0.0, 0.0, 0.0, 0.0, 0.0, 0.0, 0.0, 0.0], [0.0, 0.0, 0.0, 0.0, 0.0, 0.9749725625449338, 0.0, 0.0, 0.0, 0.0, 0.0, 0.0, 0.0, 0.0, 0.0, 0.0, 0.0, 0.0, 0.0, 0.0, 0.0, 0.0, 0.0, 0.0, 0.0, 0.0, 0.0, 0.0, 0.0], [0.0, 0.0, 0.0, 0.0, 0.0, 0.0, 0.9471985270491957, 0.0, 0.0, 0.0, 0.0, 0.0, 0.0, 0.0, 0.0, 0.0, 0.0, 0.0, 0.0, 0.0, 0.0, 0.0, 0.0, 0.0, 0.0, 0.0, 0.0, 0.0, 0.0], [0.0, 0.0, 0.0, 0.0, 0.0, 0.0, 0.9599683128806469, 0.0, 0.0, 0.0, 0.0, 0.0, 0.0, 0.0, 0.0, 0.0, 0.0, 0.0, 0.0, 0.0, 0.0, 0.0, 0.0, 0.0, 0.0, 0.0, 0.0, 0.0, 0.0], [0.0, 0.0, 0.0, 0.0, 0.0, 0.0, 0.0, 0.0, 0.0, 0.0, 0.9782405014759644, 0.0, 0.0, 0.0, 0.0, 0.0, 0.0, 0.0, 0.0, 0.0, 0.0, 0.0, 0.0, 0.0, 0.0, 0.0, 0.0, 0.0, 0.0], [0.0, 0.0, 0.0, 0.0, 0.0, 0.0, 0.0, 0.0, 0.0, 0.0, 0.9781807847283679, 0.0, 0.0, 0.0, 0.0, 0.0, 0.0, 0.0, 0.0, 0.0, 0.0, 0.0, 0.0, 0.0, 0.0, 0.0, 0.0, 0.0, 0.0], [0.0, 0.0, 0.0, 0.0, 0.0, 0.0, 0.0, 0.0, 0.0, 0.0, 0.9819010722528956, 0.0, 0.0, 0.0, 0.0, 0.0, 0.0, 0.0, 0.0, 0.0, 0.0, 0.0, 0.0, 0.0, 0.0, 0.0, 0.0, 0.0, 0.0]], "Born radii": [], "Atomic SASAs": [], "Solvent H bonds": [], "Total SASA": NaN, "Total FOD": 0.0, "FOD": [0.0, 0.0, 0.0, 0.0, 0.0, 0.0, 0.0, 0.0, 0.0, 0.0, 0.0, 0.0, 0.0, 0.0, 0.0, 0.0, 0.0, 0.0, 0.0, 0.0, 0.0, 0.0, 0.0, 0.0, 0.0, 0.0, 0.0, 0.0, 0.0], "FOD s proportion": [0.0, 0.0, 0.0, 0.0, 0.0, 0.0, 0.0, 0.0, 0.0, 0.0, 0.0, 0.0, 0.0, 0.0, 0.0, 0.0, 0.0, 0.0, 0.0, 0.0, 0.0, 0.0, 0.0, 0.0, 0.0, 0.0, 0.0, 0.0, 0.0], "FOD p proportion": [0.0, 0.0, 0.0, 0.0, 0.0, 0.0, 0.0, 0.0, 0.0, 0.0, 0.0, 0.0, 0.0, 0.0, 0.0, 0.0, 0.0, 0.0, 0.0, 0.0, 0.0, 0.0, 0.0, 0.0, 0.0, 0.0, 0.0, 0.0, 0.0], "FOD d proportion": [0.0, 0.0, 0.0, 0.0, 0.0, 0.0, 0.0, 0.0, 0.0, 0.0, 0.0, 0.0, 0.0, 0.0, 0.0, 0.0, 0.0, 0.0, 0.0, 0.0, 0.0, 0.0, 0.0, 0.0, 0.0, 0.0, 0.0, 0.0, 0.0], "coordinates": [["4.81620", "0.37120", "-0.38390"], ["3.68200", "-0.62470", "-0.20120"], ["2.34550", "0.08330", "0.02580"], ["1.20850", "-0.92490", "0.20490"], ["-0.13470", "-0.27530", "0.55200"], ["-0.69730", "0.59700", "-0.57550"], ["-2.08480", "1.14930", "-0.24550"], ["-3.17360", "0.10230", "-0.31340"], ["-3.06910", "-0.99960", "-0.83250"], ["-4.30630", "0.58820", "0.27050"], ["-5.40670", "-0.32180", "0.24700"], ["4.92700", "1.00620", "0.50080"], ["5.76170", "-0.15630", "-0.54410"], ["4.63630", "1.01630", "-1.24990"], ["3.61820", "-1.26430", "-1.08930"], ["3.90920", "-1.27490", "0.65160"], ["2.41490", "0.72170", "0.91480"], ["2.13770", "0.73680", "-0.82880"], ["1.47010", "-1.61890", "1.01340"], ["1.10070", "-1.52760", "-0.70520"], ["-0.02670", "0.32500", "1.46370"], ["-0.84540", "-1.07630", "0.78680"], ["-0.72960", "0.02380", "-1.50980"], ["-0.02790", "1.44820", "-0.74340"], ["-2.34210", "1.92940", "-0.97090"], ["-2.07690", "1.59420", "0.75590"], ["-5.69290", "-0.55040", "-0.78440"], ["-5.15960", "-1.23700", "0.79400"], ["-6.25450", "0.15910", "0.74280"]], "bond_dist": [[0.0, 1.5203965732663307, 2.520932166877959, 3.8784094600750967, 5.0798899466425445, 5.52144713367791, 6.946106475573203, 7.994634544492951, 8.016126913291732, 9.148515432025023, 10.265766811105733, 1.0946212724042959, 1.094481859146144, 1.094748382049501, 2.1465445278400352, 2.145822560231857, 2.7524014296610155, 2.739701009234402, 4.1363426490076955, 4.184927165435499, 5.183574115414961, 5.9598246031238205, 5.669588627934129, 4.975386825162441, 7.349409168769964, 7.09293314856414, 10.55703223543435, 10.17302026391376, 11.12990735765577], [1.5203965732663307, 0.0, 1.52938721388666, 2.524527579568106, 3.905968444572997, 4.56189871325526, 6.0336573261994255, 6.894952443635852, 6.790908695454534, 8.093612554971978, 9.104784420292443, 2.168562613806666, 2.1591968553144945, 2.168718787671652, 1.0963029736345695, 1.096196934861615, 2.159581295066245, 2.1523072503710985, 2.7122294169188566, 2.780711078123723, 4.17471888754201, 4.655903491267834, 4.647063671825467, 4.2841864175126645, 6.588296115840574, 6.245357221968972, 9.393316386665575, 8.918476601415737, 10.011968372403102], [2.520932166877959, 1.52938721388666, 0.0, 1.5301349777062152, 2.560639068670163, 3.143895866596093, 4.564813006027738, 5.529546315024407, 5.588134255724356, 6.675420985975341, 7.765928166677825, 2.782357212868254, 3.471687861833204, 2.7831033272230483, 2.1631548858091505, 2.163675245964606, 1.0966731144693935, 1.0957117549793831, 2.15387180677031, 2.1630734730933203, 2.7844762775071366, 3.479315445601333, 3.4377096474251574, 2.843879077949693, 5.135668394668799, 4.730062005936074, 8.103941898236931, 7.65897182002911, 8.630170023817607], [3.8784094600750967, 2.524527579568106, 1.5301349777062152, 0.0, 1.5318762384735916, 2.5607181434121173, 3.9180340337980732, 4.530626351841431, 4.402231321727653, 5.718985400401019, 6.642768478578792, 4.200469767775981, 4.677967208093704, 4.199346773011251, 2.7562293246390075, 2.7596777674214064, 2.161168787947855, 2.1663783649215116, 1.0971521362144814, 1.0968820082397195, 2.1616073857201727, 2.140101581701205, 2.756167518493751, 2.8389366777017058, 4.704922368116184, 4.1765199592483695, 6.981997328845092, 6.402901126052159, 7.560473623391593], [5.0798899466425445, 3.905968444572997, 2.560639068670163, 1.5318762384735916, 0.0, 1.5325411250599443, 2.5433012837648628, 3.1822024024250877, 3.324478019178349, 4.269323255505491, 5.281019906230235, 5.221654008070622, 5.998593932747907, 5.26094242222817, 4.213815978421459, 4.166803034701784, 2.761538158345816, 2.845128610449798, 2.143253125508044, 2.162179523073882, 1.0969142992959842, 1.096278491077883, 2.1666531932914412, 2.1586847037026966, 3.4716770097461542, 2.7034693081298333, 5.723218693183059, 5.12182105310211, 6.138164223935362], [5.52144713367791, 4.56189871325526, 3.143895866596093, 2.5607181434121173, 1.5325411250599443, 0.0, 1.52940888581177, 2.5387962088359908, 2.870647278925086, 3.7068415720124865, 4.868177076688974, 5.7409595731027405, 6.502855361300911, 5.392394348524596, 4.727786837411348, 5.121486724575199, 3.452873154345522, 2.849724535810435, 3.4831650520754827, 2.7863149947556183, 2.163798742951849, 2.162805536797056, 1.0965938263550457, 1.095823074223207, 2.1533689790651303, 2.161094620788271, 5.129930343581674, 5.015097959162912, 5.728188469315582], [6.946106475573203, 6.0336573261994255, 4.564813006027738, 3.9180340337980732, 2.5433012837648628, 1.52940888581177, 0.0, 1.512053190201985, 2.4354027798292424, 2.3486488583864555, 3.66629391484098, 7.052856197314672, 7.95998213377392, 6.79703564577971, 6.249933791649315, 6.527600634995986, 4.6665231104110045, 4.282511107983259, 4.678148614569657, 4.186230756898143, 2.7993947095756253, 2.748645304509114, 2.168356930950253, 2.137307472031107, 1.095885240342254, 1.0958103759318947, 4.024646432918052, 4.028570835916877, 4.398139495286616], [7.994634544492951, 6.894952443635852, 5.529546315024407, 4.530626351841431, 3.1822024024250877, 2.5387962088359908, 1.512053190201985, 0.0, 1.2225255293857875, 1.3638355142758236, 2.3410776535604283, 8.191439263645918, 8.942017811433837, 7.918773027432976, 6.971238312523823, 7.279695095263262, 5.7552987628793, 5.37383802323814, 5.127072982706605, 4.5912658102096415, 3.6208644423673193, 2.8319698515344403, 2.722254802548799, 3.4484453453694175, 2.112342990614924, 2.1382046183656045, 2.6447553346198207, 2.6389875426003817, 3.2574114707847395], [8.016126913291732, 6.790908695454534, 5.588134255724356, 4.402231321727653, 3.324478019178349, 2.870647278925086, 2.4354027798292424, 1.2225255293857875, 0.0, 2.2952955539537823, 2.662537671095002, 8.350960288493773, 8.87566099454007, 7.9756670398155425, 6.697461729640566, 7.139678829611315, 6.007510880556106, 5.488703388779539, 4.939151338033691, 4.205023344762785, 4.035256789846217, 2.7518824593357905, 2.641844639641022, 3.9049406000603906, 3.0210469311151065, 3.1992614522730083, 2.6624088134619743, 2.6593328599481487, 3.737770584185177], [9.148515432025023, 8.093612554971978, 6.675420985975341, 5.718985400401019, 4.269323255505491, 3.7068415720124865, 2.3486488583864555, 1.3638355142758236, 2.2952955539537823, 0.0, 1.4281219870865371, 9.24562550506995, 10.128300815536633, 9.08102309929889, 8.250970399898426, 8.432723111190123, 6.753330599045185, 6.538782642816629, 6.228160866580119, 5.887635274879041, 4.450615310268907, 3.874913515163919, 4.034947129765147, 4.480212022884631, 2.682903844717511, 2.493566425824666, 2.081317738837585, 2.081712799595564, 2.0500432532022344], [10.265766811105733, 9.104784420292443, 7.765928166677825, 6.642768478578792, 5.281019906230235, 4.868177076688974, 3.66629391484098, 2.3410776535604283, 2.662537671095002, 1.4281219870865371, 0.0, 10.421773079951414, 11.197606352252253, 10.241731797894337, 9.171849538124793, 9.373264830356602, 7.919108261035456, 7.693890495711516, 7.039901676159972, 6.686321353330245, 5.553657275165618, 4.6546870979690995, 5.00809844252287, 5.748502552839304, 3.992863009170237, 3.875255249657756, 1.0945110141062995, 1.094467199143035, 1.0935480282090955], [1.0946212724042959, 2.168562613806666, 2.782357212868254, 4.200469767775981, 5.221654008070622, 5.7409595731027405, 7.052856197314672, 8.191439263645918, 8.350960288493773, 9.24562550506995, 10.421773079951414, 0.0, 1.77198937637899, 1.7746996900884386, 3.0653785573726453, 2.5024137727402316, 2.561831895343642, 3.1017103362499854, 4.370819875034888, 4.745013185440057, 5.092185536682653, 6.143224235692524, 6.083152610283585, 5.127809634727092, 7.473821909839704, 7.0331667988182955, 10.810042488815665, 10.337185885916922, 11.216152845784512], [1.094481859146144, 2.1591968553144945, 3.471687861833204, 4.677967208093704, 5.998593932747907, 6.502855361300911, 7.95998213377392, 8.942017811433837, 8.87566099454007, 10.128300815536633, 11.197606352252253, 1.77198937637899, 0.0, 1.771911273173688, 2.4737621732899067, 2.472391696313511, 3.7550424032226326, 3.74326831792753, 4.794041673786327, 4.861207452886577, 6.145606974904919, 6.8023132256608125, 6.565210445218036, 6.011123763490485, 8.37877539799224, 8.136209203922919, 11.463896373397658, 11.055913249931008, 12.089030201385057], [1.094748382049501, 2.168718787671652, 2.7831033272230483, 4.199346773011251, 5.26094242222817, 5.392394348524596, 6.79703564577971, 7.918773027432976, 7.9756670398155425, 9.08102309929889, 10.241731797894337, 1.7746996900884386, 1.771911273173688, 0.0, 2.5026898189747766, 3.064959069873528, 3.115659353973088, 2.549205252622864, 4.700173227658743, 4.389600512575148, 5.4392177424699595, 6.210970660049845, 5.463102330178339, 4.7114585321320614, 7.043412466269458, 7.030238707896055, 10.457705856448632, 10.257414143437906, 11.104736366523971], [2.1465445278400352, 1.0963029736345695, 2.1631548858091505, 2.7562293246390075, 4.213815978421459, 4.727786837411348, 6.249933791649315, 6.971238312523823, 6.697461729640566, 8.250970399898426, 9.171849538124793, 3.0653785573726453, 2.4737621732899067, 2.5026898189747766, 0.0, 1.7650853152185022, 3.067334950734921, 2.5028267439037806, 3.0267841118916956, 2.560208184894346, 4.725354960211983, 4.84549483231589, 4.554051679548662, 4.557559464230828, 6.763055104019188, 6.6339994950256065, 9.343404113597998, 8.977601963776294, 10.141640067563037], [2.145822560231857, 1.096196934861615, 2.163675245964606, 2.7596777674214064, 4.166803034701784, 5.121486724575199, 6.527600634995986, 7.279695095263262, 7.139678829611315, 8.432723111190123, 9.373264830356602, 2.5024137727402316, 2.472391696313511, 3.064959069873528, 1.7650853152185022, 0.0, 2.5077117637400037, 3.0621452121021298, 2.4896674577139812, 3.1292867845565064, 4.325562995726683, 4.7606661466647715, 5.279842525113794, 4.986186420502145, 7.209632197969602, 6.6389763149148235, 9.735878011766582, 9.069997111906927, 10.264768440154898], [2.7524014296610155, 2.159581295066245, 1.0966731144693935, 2.161168787947855, 2.761538158345816, 3.452873154345522, 4.6665231104110045, 5.7552987628793, 6.007510880556106, 6.753330599045185, 7.919108261035456, 2.561831895343642, 3.7550424032226326, 3.115659353973088, 3.067334950734921, 2.5077117637400037, 0.0, 1.7655618963944593, 2.5260200632615732, 3.067714479869337, 2.533786230130711, 3.7254186462731944, 4.03157907277037, 3.0405100443840007, 5.257704135837238, 4.578512061794748, 8.38104646747648, 7.824586160302665, 8.689338244078199], [2.739701009234402, 2.1523072503710985, 1.0957117549793831, 2.1663783649215116, 2.845128610449798, 2.849724535810435, 4.282511107983259, 5.37383802323814, 5.488703388779539, 6.538782642816629, 7.693890495711516, 3.1017103362499854, 3.74326831792753, 2.549205252622864, 2.5028267439037806, 3.0621452121021298, 1.7655618963944593, 0.0, 3.064100698410547, 2.4936225295741936, 3.1795853267368055, 3.846606371855587, 3.032084974073121, 2.2810538090978913, 4.638005520695291, 4.583586151693891, 7.935814486238952, 7.731749709477151, 8.55760975331313], [4.1363426490076955, 2.7122294169188566, 2.15387180677031, 1.0971521362144814, 2.143253125508044, 3.4831650520754827, 4.678148614569657, 5.127072982706605, 4.939151338033691, 6.228160866580119, 7.039901676159972, 4.370819875034888, 4.794041673786327, 4.700173227658743, 3.0267841118916956, 2.4896674577139812, 2.5260200632615732, 3.064100698410547, 0.0, 1.7602210116914296, 2.494379189297409, 2.3889961427344333, 3.728764087469198, 3.838939000557316, 5.573217044041978, 4.792862073959567, 7.462060445346178, 6.644313814081932, 7.931201265886524], [4.184927165435499, 2.780711078123723, 2.1630734730933203, 1.0968820082397195, 2.162179523073882, 2.7863149947556183, 4.186230756898143, 4.5912658102096415, 4.205023344762785, 5.887635274879041, 6.686321353330245, 4.745013185440057, 4.861207452886577, 4.389600512575148, 2.560208184894346, 3.1292867845565064, 3.067714479869337, 2.4936225295741936, 1.7602210116914296, 0.0, 3.067129721743115, 2.4933994665917454, 2.5306562804932637, 3.1828576531161428, 4.886135214052104, 4.688026259525431, 6.863977960337576, 6.443865694596684, 7.683789945723399], [5.183574115414961, 4.17471888754201, 2.7844762775071366, 2.1616073857201727, 1.0969142992959842, 2.163798742951849, 2.7993947095756253, 3.6208644423673193, 4.035256789846217, 4.450615310268907, 5.553657275165618, 5.092185536682653, 6.145606974904919, 5.4392177424699595, 4.725354960211983, 4.325562995726683, 2.533786230130711, 3.1795853267368055, 2.494379189297409, 3.067129721743115, 0.0, 1.7584382246755215, 3.0702592887246514, 2.4764632220164304, 3.7232316178287914, 2.5130001034619958, 6.158417102632786, 5.4069404010031406, 6.27157974197889], [5.9598246031238205, 4.655903491267834, 3.479315445601333, 2.140101581701205, 1.096278491077883, 2.162805536797056, 2.748645304509114, 2.8319698515344403, 2.7518824593357905, 3.874913515163919, 4.6546870979690995, 6.143224235692524, 6.8023132256608125, 6.210970660049845, 4.84549483231589, 4.7606661466647715, 3.7254186462731944, 3.846606371855587, 2.3889961427344333, 2.4933994665917454, 1.7584382246755215, 0.0, 2.5491177316867892, 3.0631549977106936, 3.789967370571942, 2.940938168340164, 5.122840667051826, 4.317197930371042, 5.548559449983393], [5.669588627934129, 4.647063671825467, 3.4377096474251574, 2.756167518493751, 2.1666531932914412, 1.0965938263550457, 2.168356930950253, 2.722254802548799, 2.641844639641022, 4.034947129765147, 5.00809844252287, 6.083152610283585, 6.565210445218036, 5.463102330178339, 4.554051679548662, 5.279842525113794, 4.03157907277037, 3.032084974073121, 3.728764087469198, 2.5306562804932637, 3.0702592887246514, 2.5491177316867892, 0.0, 1.763141290424565, 2.553797333384151, 3.0683497095344263, 5.048787744597707, 5.149952531820074, 5.96800074229218], [4.975386825162441, 4.2841864175126645, 2.843879077949693, 2.8389366777017058, 2.1586847037026966, 1.095823074223207, 2.137307472031107, 3.4484453453694175, 3.9049406000603906, 4.480212022884631, 5.748502552839304, 5.127809634727092, 6.011123763490485, 4.7114585321320614, 4.557559464230828, 4.986186420502145, 3.0405100443840007, 2.2810538090978913, 3.838939000557316, 3.1828576531161428, 2.4764632220164304, 3.0631549977106936, 1.763141290424565, 0.0, 2.374622355238828, 2.5431510946068463, 6.007354489290606, 5.9923486789405045, 6.530016601050874], [7.349409168769964, 6.588296115840574, 5.135668394668799, 4.704922368116184, 3.4716770097461542, 2.1533689790651303, 1.095885240342254, 2.112342990614924, 3.0210469311151065, 2.682903844717511, 3.992863009170237, 7.473821909839704, 8.37877539799224, 7.043412466269458, 6.763055104019188, 7.209632197969602, 5.257704135837238, 4.638005520695291, 5.573217044041978, 4.886135214052104, 3.7232316178287914, 3.789967370571942, 2.553797333384151, 2.374622355238828, 0.0, 1.7789121169973516, 4.172774967572538, 4.591216311610683, 4.623592060292517], [7.09293314856414, 6.245357221968972, 4.730062005936074, 4.1765199592483695, 2.7034693081298333, 2.161094620788271, 1.0958103759318947, 2.1382046183656045, 3.1992614522730083, 2.493566425824666, 3.875255249657756, 7.0331667988182955, 8.136209203922919, 7.030238707896055, 6.6339994950256065, 6.6389763149148235, 4.578512061794748, 4.583586151693891, 4.792862073959567, 4.688026259525431, 2.5130001034619958, 2.940938168340164, 3.0683497095344263, 2.5431510946068463, 1.7789121169973516, 0.0, 4.47741993228243, 4.185711927498117, 4.4172418294677955], [10.55703223543435, 9.393316386665575, 8.103941898236931, 6.981997328845092, 5.723218693183059, 5.129930343581674, 4.024646432918052, 2.6447553346198207, 2.6624088134619743, 2.081317738837585, 1.0945110141062995, 10.810042488815665, 11.463896373397658, 10.457705856448632, 9.343404113597998, 9.735878011766582, 8.38104646747648, 7.935814486238952, 7.462060445346178, 6.863977960337576, 6.158417102632786, 5.122840667051826, 5.048787744597707, 6.007354489290606, 4.172774967572538, 4.47741993228243, 0.0, 1.8019919561418691, 1.7751407408991549], [10.17302026391376, 8.918476601415737, 7.65897182002911, 6.402901126052159, 5.12182105310211, 5.015097959162912, 4.028570835916877, 2.6389875426003817, 2.6593328599481487, 2.081712799595564, 1.094467199143035, 10.337185885916922, 11.055913249931008, 10.257414143437906, 8.977601963776294, 9.069997111906927, 7.824586160302665, 7.731749709477151, 6.644313814081932, 6.443865694596684, 5.4069404010031406, 4.317197930371042, 5.149952531820074, 5.9923486789405045, 4.591216311610683, 4.185711927498117, 1.8019919561418691, 0.0, 1.77497117159688], [11.12990735765577, 10.011968372403102, 8.630170023817607, 7.560473623391593, 6.138164223935362, 5.728188469315582, 4.398139495286616, 3.2574114707847395, 3.737770584185177, 2.0500432532022344, 1.0935480282090955, 11.216152845784512, 12.089030201385057, 11.104736366523971, 10.141640067563037, 10.264768440154898, 8.689338244078199, 8.55760975331313, 7.931201265886524, 7.683789945723399, 6.27157974197889, 5.548559449983393, 5.96800074229218, 6.530016601050874, 4.623592060292517, 4.4172418294677955, 1.7751407408991549, 1.77497117159688, 0.0]]}