{"total energy": -50.84349578, "HOMO-LUMO gap/eV": 3.26507023, "electronic energy": -51.43428278, "dipole": [-0.12915973, 0.56398448, 0.76783177], "partial charges": [-0.37790811, 0.27957133, -0.17730531, 0.33905412, -0.42230643, -0.17580078, 0.28021907, -0.38073841, -0.02677172, -0.04472413, -0.10552205, -0.01196242, -0.10936647, -0.05966099, -0.0504232, -0.101668, 0.23334957, 0.23299327, 0.05771033, 0.03613519, 0.04659641, 0.04728332, 0.05372717, 0.06596611, 0.04309071, 0.0357136, 0.05672288, 0.02707265, 0.03711357, 0.03174493, 0.03472301, 0.03323672, 0.04089287, 0.03124119], "atomic dipole moments": [[-0.09084371, 0.13857539, -0.08746302], [-0.07467725, -0.0256803, -0.04755938], [0.04113807, 0.02305982, -0.06314514], [0.0610942, 0.03650185, 0.05708265], [0.14251938, 0.08601609, 0.13660758], [0.04003402, -0.07139634, -0.00470216], [-0.0766215, -0.02802555, -0.04349159], [-0.10106251, -0.12763064, 0.09169999], [-0.04339746, -0.0029585, -0.0075953], [0.09517983, 0.01336707, -0.10787952], [-0.03672545, -0.12558902, -0.01371405], [-0.0910704, -0.10440902, 0.00447563], [-0.04104544, 0.04093786, -0.11141852], [0.04356322, 0.08496164, 0.07300618], [-0.08547383, 0.07732208, -0.01706927], [-0.02717774, -0.09979242, 0.02465287], [-0.03521969, -0.1312995, -0.00208971], [-0.02876133, 0.04934412, -0.12317558], [0.00588381, -0.05506177, 0.11540761], [-0.12545369, 0.00118099, -0.01127664], [-0.06966087, 0.05363401, 0.09089572], [-0.02333872, 0.07141066, -0.10626009], [0.12223935, 0.01940664, 0.03556343], [0.03738237, 0.11953561, -0.01642324], [0.12068231, 0.03121666, 0.01775099], [-0.05447663, 0.06223472, 0.09563712], [-0.00490666, -0.12756006, 0.03100797], [-0.04354461, 0.01701944, -0.11619536], [-0.01550606, -0.1229149, 0.01308328], [0.04599884, -0.07205964, -0.08681173], [0.05892775, -0.03941911, 0.10168744], [-0.02275882, 0.0793091, 0.09440894], [-0.05714443, 0.04379486, -0.10609797], [0.12271408, 0.00483976, -0.01975294]], "atomic quadrupole moments": [[-0.02225913, -0.05210551, -0.10377312, -0.12132665, 0.06497186, 0.12603225], [-0.02914933, -0.07438144, -0.29904491, -0.28946504, 0.19131915, 0.32819423], [0.03302394, -0.05516219, -0.09301237, 0.05047493, -0.01687901, 0.05998843], [0.14078897, -0.19072627, -0.10111499, -0.28086441, 0.09039898, -0.03967399], [0.07616224, -0.05829432, -0.06821581, -0.08107974, 0.07565939, -0.00794642], [0.04189606, 0.06664685, 0.04192018, -0.02601766, 0.04636489, -0.08381623], [-0.04994427, -0.23577081, 0.13950823, -0.14572246, 0.36014672, -0.08956396], [-0.03328445, -0.09402339, 0.06310258, -0.08679295, 0.12840421, -0.02981813], [-0.05223325, 0.03458902, 0.03472613, -0.00652822, -0.05031909, 0.01750711], [-0.09220197, 0.00107735, 0.1184563, -0.10891986, 0.15998794, -0.02625433], [-0.09674356, 0.09093501, 0.21719313, -0.00817862, 0.03834764, -0.12044957], [0.10682019, -0.05022637, -0.18288054, 0.03600182, 0.04657681, 0.07606035], [-0.05450546, -0.04034249, -0.11138071, 0.06988063, -0.07398053, 0.16588617], [0.14402064, -0.02263719, -0.08886607, -0.07395754, 0.11849725, -0.05515457], [0.11585828, 0.12367621, 0.08201193, -0.02451668, -0.05529761, -0.19787021], [-0.07720404, 0.08231334, 0.19294257, -0.02933623, -0.06699512, -0.11573854], [-0.00821918, 0.0254135, 0.02686724, 0.02490708, -0.02489535, -0.01864806], [-0.00875789, 0.01433191, 0.00524087, 0.03132162, -0.03539137, 0.00351702], [-0.0328976, -0.01931351, 0.00903194, 0.02999181, -0.02364635, 0.02386566], [0.03837751, 0.00366655, -0.01432266, 0.03822857, 0.01608252, -0.02405485], [-6.09e-05, -0.01459537, -0.01969878, -0.06120229, 0.03013882, 0.01975968], [-0.0416632, 0.00089768, -0.01447878, 0.02372487, -0.03817718, 0.05614198], [0.07346996, -0.00433306, -0.02748571, 0.0269602, -0.00205029, -0.04598425], [-0.01490683, 0.00286942, 0.02621481, 0.00704715, -0.01107543, -0.01130798], [0.073459, 0.03408354, -0.04125335, -0.00897784, -0.01299386, -0.03220566], [0.00736503, -0.05295359, -0.0125432, -0.04100085, 0.03750398, 0.00517817], [-0.04278724, 0.0234928, 0.07287431, 0.00461198, -0.00489207, -0.03008707], [2.086e-05, -0.02870844, -0.03189733, 0.0236244, -0.03013673, 0.03187648], [-0.01254479, 0.0142996, 0.04385729, -0.02034606, -0.03094563, -0.0313125], [-0.01662601, 0.0031205, -0.0002391, -0.02612063, 0.04156494, 0.0168651], [-0.02094419, 0.01169247, -0.02535355, 0.0281993, -0.01971837, 0.04629775], [-0.04094262, -0.01532402, 0.00297985, -0.03455651, 0.0461138, 0.03796277], [-0.01331323, -0.0084545, -0.02321303, 0.05587735, -0.02390093, 0.03652626], [0.07970989, -0.00280246, -0.02642838, -0.02105641, -0.00044607, -0.05328151]], "number of molecular orbitals": 82, "number of electrons": 90, "number of unpaired electrons": 0, "orbital energies/eV": [-20.6022801, -20.25644096, -20.17814885, -19.76380108, -19.37223575, -18.65024526, -18.21317246, -18.07418304, -17.51956285, -17.19501689, -16.94496963, -16.76118206, -16.74043503, -16.42178405, -16.168798, -16.01891124, -15.65921255, -15.61018299, -15.6060873, -15.39916819, -15.22948969, -15.01735809, -14.81133274, -14.61896618, -14.4824881, -14.11697792, -13.96075611, -13.82822883, -13.43204473, -13.26506716, -13.17905618, -13.1095968, -12.90838952, -12.88267315, -12.72952738, -12.58117985, -12.51809413, -12.43600157, -12.32412228, -12.15818126, -11.96388983, -11.73854326, -11.70517677, -11.49586211, -11.31460175, -8.04953153, -7.13586193, -5.88985909, -0.65616249, -0.12602325, 0.1068286, 1.21049063, 1.31788289, 2.16305927, 2.7459099, 2.89464768, 3.09325777, 3.26227908, 3.36867295, 3.51491998, 3.59960938, 3.73424377, 3.94684562, 4.23404138, 4.46928902, 4.50357855, 5.28716382, 5.40922253, 5.58676943, 5.82639568, 6.25376078, 6.64610344, 6.90720334, 7.1333722, 7.32825817, 7.6987022, 7.79604203, 7.96818093, 11.27331308, 14.11443032, 14.25737198, 16.2639545], "fractional occupation": [2.0, 2.0, 2.0, 2.0, 2.0, 2.0, 2.0, 2.0, 2.0, 2.0, 2.0, 2.0, 2.0, 2.0, 2.0, 2.0, 2.0, 2.0, 2.0, 2.0, 2.0, 2.0, 2.0, 2.0, 2.0, 2.0, 2.0, 2.0, 2.0, 2.0, 2.0, 2.0, 2.0, 2.0, 2.0, 2.0, 2.0, 2.0, 2.0, 2.0, 2.0, 2.0, 2.0, 2.0, 2.0, 0.0, 0.0, 0.0, 0.0, 0.0, 0.0, 0.0, 0.0, 0.0, 0.0, 0.0, 0.0, 0.0, 0.0, 0.0, 0.0, 0.0, 0.0, 0.0, 0.0, 0.0, 0.0, 0.0, 0.0, 0.0, 0.0, 0.0, 0.0, 0.0, 0.0, 0.0, 0.0, 0.0, 0.0, 0.0, 0.0, 0.0], "program call": "xtb /home/svss/Project-DBcg-Debug/aqme2_20220329/End-to-End-workflows-final/example-3/QDESCP/mol_572_rdkit_conf_7/mol_572_rdkit_conf_7.xyz --pop --wbo --acc 0.2 --gfn 2 --chrg 0 --uhf 0 --etemp 300 --input /home/svss/Project-DBcg-Debug/aqme2_20220329/End-to-End-workflows-final/example-3/QDESCP/mol_572_rdkit_conf_7/mol_572_rdkit_conf_7_xtb.inp", "method": "GFN2-xTB", "xtb version": "6.3.3 (7355c4f)", "Dipole module/D": 2.444, "Total charge": 0, "Transition dipole module/D": NaN, "HOMO": -11.3146, "LUMO": -8.0495, "HOMO occupancy": 2.0, "LUMO occupancy": 0, "mulliken charges": [-0.50558, 0.47563, -0.32668, 0.57496, -0.53658, -0.32632, 0.47474, -0.50761, -0.06266, -0.03177, -0.08429, 0.0034, -0.093, -0.05792, -0.03549, -0.08596, 0.27985, 0.27957, 0.04913, 0.02981, 0.04008, 0.04491, 0.04099, 0.0419, 0.03581, 0.02777, 0.04818, 0.03027, 0.03583, 0.02714, 0.02347, 0.02645, 0.03555, 0.02842], "cm5 charges": [-0.55399, 0.57422, -0.67015, 0.74281, -0.57367, -0.67043, 0.57303, -0.55578, -0.06353, -0.13465, -0.23421, -0.06044, -0.24126, -0.16458, -0.14832, -0.2366, 0.48286, 0.48261, 0.10653, 0.09055, 0.09092, 0.09915, 0.09359, 0.10692, 0.08808, 0.081, 0.1046, 0.09034, 0.0955, 0.08136, 0.07858, 0.0784, 0.08732, 0.07921], "FUKUI+": [-0.149, -0.058, -0.035, -0.056, -0.149, -0.035, -0.058, -0.148, -0.005, -0.003, 0.016, 0.008, 0.015, 0.004, 0.006, 0.009, -0.049, -0.049, -0.036, -0.019, -0.038, -0.01, -0.026, -0.023, -0.034, -0.015, -0.009, 0.007, -0.001, -0.019, -0.015, -0.003, -0.001, -0.022], "FUKUI-": [-0.072, -0.005, -0.026, -0.001, -0.08, -0.021, -0.001, -0.051, -0.013, 0.009, 0.011, -0.005, 0.016, 0.009, 0.008, 0.016, -0.029, -0.028, -0.03, -0.032, -0.035, -0.023, -0.012, -0.066, -0.041, -0.044, -0.058, -0.041, -0.047, -0.083, -0.064, -0.061, -0.054, -0.048], "FUKUIrad": [-0.11, -0.031, -0.031, -0.029, -0.115, -0.028, -0.029, -0.099, -0.009, 0.003, 0.013, 0.001, 0.016, 0.007, 0.007, 0.012, -0.039, -0.038, -0.033, -0.025, -0.036, -0.016, -0.019, -0.044, -0.038, -0.03, -0.033, -0.017, -0.024, -0.051, -0.04, -0.032, -0.027, -0.035], "s proportion": [1.729, 1.015, 1.431, 0.938, 1.721, 1.432, 1.015, 1.73, 1.115, 1.038, 1.01, 1.062, 1.013, 1.038, 1.027, 1.007, 0.72, 0.72, 0.951, 0.97, 0.96, 0.955, 0.959, 0.958, 0.964, 0.972, 0.952, 0.97, 0.964, 0.973, 0.977, 0.974, 0.964, 0.972], "p proportion": [4.776, 2.51, 3.895, 2.487, 4.816, 3.895, 2.51, 4.777, 2.948, 2.993, 3.075, 2.934, 3.08, 3.02, 3.009, 3.079, 0.0, 0.0, 0.0, 0.0, 0.0, 0.0, 0.0, 0.0, 0.0, 0.0, 0.0, 0.0, 0.0, 0.0, 0.0, 0.0, 0.0, 0.0], "d proportion": [0.0, 0.0, 0.0, 0.0, 0.0, 0.0, 0.0, 0.0, 0.0, 0.0, 0.0, 0.0, 0.0, 0.0, 0.0, 0.0, 0.0, 0.0, 0.0, 0.0, 0.0, 0.0, 0.0, 0.0, 0.0, 0.0, 0.0, 0.0, 0.0, 0.0, 0.0, 0.0, 0.0, 0.0], "Fermi-level/eV": -9.6821, "Coordination numbers": [0.859, 2.767, 2.697, 2.707, 0.86, 2.696, 2.768, 0.859, 3.895, 3.806, 3.748, 3.842, 3.749, 3.798, 3.798, 3.749, 0.86, 0.86, 0.924, 0.923, 0.924, 0.924, 0.924, 0.924, 0.924, 0.924, 0.924, 0.924, 0.924, 0.924, 0.924, 0.924, 0.924, 0.924], "Dispersion coefficient C6": [21.244, 22.269, 24.838, 21.238, 22.13, 24.805, 22.258, 21.299, 20.996, 21.371, 22.584, 20.76, 22.657, 21.651, 21.482, 22.507, 0.951, 0.952, 2.226, 2.501, 2.363, 2.354, 2.274, 2.131, 2.408, 2.507, 2.238, 2.629, 2.488, 2.562, 2.52, 2.541, 2.437, 2.569], "Total dispersion C6": 10371.91546, "Total dispersion C8": 228308.967444, "Polarizability alpha": [6.18, 7.728, 7.402, 7.543, 6.307, 7.397, 7.727, 6.188, 6.514, 6.581, 6.778, 6.482, 6.789, 6.625, 6.599, 6.766, 1.527, 1.529, 2.333, 2.473, 2.404, 2.399, 2.358, 2.283, 2.427, 2.476, 2.339, 2.535, 2.467, 2.503, 2.483, 2.493, 2.441, 2.507], "Total polarizability alpha": 151.584023, "Wiberg matrix": [[0.0, 1.7530135019309172, 0.1325593762662648, 0.0, 0.0, 0.0, 0.0, 0.0, 0.0, 0.0, 0.0, 0.0, 0.0, 0.0, 0.0, 0.0, 0.0, 0.0, 0.0, 0.0, 0.0, 0.0, 0.0, 0.0, 0.0, 0.0, 0.0, 0.0, 0.0, 0.0, 0.0, 0.0, 0.0, 0.0], [1.7530135019309172, 0.0, 1.1359873229298059, 0.0, 0.0, 0.0, 0.0, 0.0, 0.9495095210395268, 0.0, 0.0, 0.0, 0.0, 0.0, 0.0, 0.0, 0.0, 0.0, 0.0, 0.0, 0.0, 0.0, 0.0, 0.0, 0.0, 0.0, 0.0, 0.0, 0.0, 0.0, 0.0, 0.0, 0.0, 0.0], [0.1325593762662648, 1.1359873229298059, 0.0, 1.123457883787446, 0.11521407216636148, 0.0, 0.0, 0.0, 0.0, 0.0, 0.0, 0.0, 0.0, 0.0, 0.0, 0.0, 0.9086337951970032, 0.0, 0.0, 0.0, 0.0, 0.0, 0.0, 0.0, 0.0, 0.0, 0.0, 0.0, 0.0, 0.0, 0.0, 0.0, 0.0, 0.0], [0.0, 0.0, 1.123457883787446, 0.0, 1.6526268483603876, 1.1221675750182933, 0.0, 0.0, 0.0, 0.0, 0.0, 0.0, 0.0, 0.0, 0.0, 0.0, 0.0, 0.0, 0.0, 0.0, 0.0, 0.0, 0.0, 0.0, 0.0, 0.0, 0.0, 0.0, 0.0, 0.0, 0.0, 0.0, 0.0, 0.0], [0.0, 0.0, 0.11521407216636148, 1.6526268483603876, 0.0, 0.11511557027512179, 0.0, 0.0, 0.0, 0.0, 0.0, 0.0, 0.0, 0.0, 0.0, 0.0, 0.0, 0.0, 0.0, 0.0, 0.0, 0.0, 0.0, 0.0, 0.0, 0.0, 0.0, 0.0, 0.0, 0.0, 0.0, 0.0, 0.0, 0.0], [0.0, 0.0, 0.0, 1.1221675750182933, 0.11511557027512179, 0.0, 1.1369113076746646, 0.13156474440356836, 0.0, 0.0, 0.0, 0.0, 0.0, 0.0, 0.0, 0.0, 0.0, 0.9085831719797881, 0.0, 0.0, 0.0, 0.0, 0.0, 0.0, 0.0, 0.0, 0.0, 0.0, 0.0, 0.0, 0.0, 0.0, 0.0, 0.0], [0.0, 0.0, 0.0, 0.0, 0.0, 1.1369113076746646, 0.0, 1.7517957524877716, 0.949471147076253, 0.0, 0.0, 0.0, 0.0, 0.0, 0.0, 0.0, 0.0, 0.0, 0.0, 0.0, 0.0, 0.0, 0.0, 0.0, 0.0, 0.0, 0.0, 0.0, 0.0, 0.0, 0.0, 0.0, 0.0, 0.0], [0.0, 0.0, 0.0, 0.0, 0.0, 0.13156474440356836, 1.7517957524877716, 0.0, 0.0, 0.0, 0.0, 0.0, 0.0, 0.0, 0.0, 0.0, 0.0, 0.0, 0.0, 0.0, 0.0, 0.0, 0.0, 0.0, 0.0, 0.0, 0.0, 0.0, 0.0, 0.0, 0.0, 0.0, 0.0, 0.0], [0.0, 0.9495095210395268, 0.0, 0.0, 0.0, 0.0, 0.949471147076253, 0.0, 0.0, 0.9233448002734634, 0.0, 0.9563485211399524, 0.0, 0.0, 0.0, 0.0, 0.0, 0.0, 0.0, 0.0, 0.0, 0.0, 0.0, 0.0, 0.0, 0.0, 0.0, 0.0, 0.0, 0.0, 0.0, 0.0, 0.0, 0.0], [0.0, 0.0, 0.0, 0.0, 0.0, 0.0, 0.0, 0.0, 0.9233448002734634, 0.0, 1.018090364953645, 0.0, 0.0, 0.0, 0.0, 0.0, 0.0, 0.0, 0.9689540340254161, 0.97568036335701, 0.0, 0.0, 0.0, 0.0, 0.0, 0.0, 0.0, 0.0, 0.0, 0.0, 0.0, 0.0, 0.0, 0.0], [0.0, 0.0, 0.0, 0.0, 0.0, 0.0, 0.0, 0.0, 0.0, 1.018090364953645, 0.0, 0.0, 0.0, 0.0, 0.0, 0.0, 0.0, 0.0, 0.0, 0.0, 0.9821481024741381, 0.9860931042773791, 0.9827940706473338, 0.0, 0.0, 0.0, 0.0, 0.0, 0.0, 0.0, 0.0, 0.0, 0.0, 0.0], [0.0, 0.0, 0.0, 0.0, 0.0, 0.0, 0.0, 0.0, 0.9563485211399524, 0.0, 0.0, 0.0, 1.0107607963263336, 0.9932826803855044, 0.0, 0.0, 0.0, 0.0, 0.0, 0.0, 0.0, 0.0, 0.0, 0.959338207371159, 0.0, 0.0, 0.0, 0.0, 0.0, 0.0, 0.0, 0.0, 0.0, 0.0], [0.0, 0.0, 0.0, 0.0, 0.0, 0.0, 0.0, 0.0, 0.0, 0.0, 0.0, 1.0107607963263336, 0.0, 0.0, 0.0, 0.0, 0.0, 0.0, 0.0, 0.0, 0.0, 0.0, 0.0, 0.0, 0.9816133104976484, 0.9815046971642123, 0.9837087484238597, 0.0, 0.0, 0.0, 0.0, 0.0, 0.0, 0.0], [0.0, 0.0, 0.0, 0.0, 0.0, 0.0, 0.0, 0.0, 0.0, 0.0, 0.0, 0.9932826803855044, 0.0, 0.0, 1.0061350099787982, 0.0, 0.0, 0.0, 0.0, 0.0, 0.0, 0.0, 0.0, 0.0, 0.0, 0.0, 0.0, 0.9761627549482781, 0.9760930505959908, 0.0, 0.0, 0.0, 0.0, 0.0], [0.0, 0.0, 0.0, 0.0, 0.0, 0.0, 0.0, 0.0, 0.0, 0.0, 0.0, 0.0, 0.0, 1.0061350099787982, 0.0, 1.021532196786582, 0.0, 0.0, 0.0, 0.0, 0.0, 0.0, 0.0, 0.0, 0.0, 0.0, 0.0, 0.0, 0.0, 0.9768012358321255, 0.9757107056177815, 0.0, 0.0, 0.0], [0.0, 0.0, 0.0, 0.0, 0.0, 0.0, 0.0, 0.0, 0.0, 0.0, 0.0, 0.0, 0.0, 0.0, 1.021532196786582, 0.0, 0.0, 0.0, 0.0, 0.0, 0.0, 0.0, 0.0, 0.0, 0.0, 0.0, 0.0, 0.0, 0.0, 0.0, 0.0, 0.9853339315143923, 0.9867427355959995, 0.986910102077924], [0.0, 0.0, 0.9086337951970032, 0.0, 0.0, 0.0, 0.0, 0.0, 0.0, 0.0, 0.0, 0.0, 0.0, 0.0, 0.0, 0.0, 0.0, 0.0, 0.0, 0.0, 0.0, 0.0, 0.0, 0.0, 0.0, 0.0, 0.0, 0.0, 0.0, 0.0, 0.0, 0.0, 0.0, 0.0], [0.0, 0.0, 0.0, 0.0, 0.0, 0.9085831719797881, 0.0, 0.0, 0.0, 0.0, 0.0, 0.0, 0.0, 0.0, 0.0, 0.0, 0.0, 0.0, 0.0, 0.0, 0.0, 0.0, 0.0, 0.0, 0.0, 0.0, 0.0, 0.0, 0.0, 0.0, 0.0, 0.0, 0.0, 0.0], [0.0, 0.0, 0.0, 0.0, 0.0, 0.0, 0.0, 0.0, 0.0, 0.9689540340254161, 0.0, 0.0, 0.0, 0.0, 0.0, 0.0, 0.0, 0.0, 0.0, 0.0, 0.0, 0.0, 0.0, 0.0, 0.0, 0.0, 0.0, 0.0, 0.0, 0.0, 0.0, 0.0, 0.0, 0.0], [0.0, 0.0, 0.0, 0.0, 0.0, 0.0, 0.0, 0.0, 0.0, 0.97568036335701, 0.0, 0.0, 0.0, 0.0, 0.0, 0.0, 0.0, 0.0, 0.0, 0.0, 0.0, 0.0, 0.0, 0.0, 0.0, 0.0, 0.0, 0.0, 0.0, 0.0, 0.0, 0.0, 0.0, 0.0], [0.0, 0.0, 0.0, 0.0, 0.0, 0.0, 0.0, 0.0, 0.0, 0.0, 0.9821481024741381, 0.0, 0.0, 0.0, 0.0, 0.0, 0.0, 0.0, 0.0, 0.0, 0.0, 0.0, 0.0, 0.0, 0.0, 0.0, 0.0, 0.0, 0.0, 0.0, 0.0, 0.0, 0.0, 0.0], [0.0, 0.0, 0.0, 0.0, 0.0, 0.0, 0.0, 0.0, 0.0, 0.0, 0.9860931042773791, 0.0, 0.0, 0.0, 0.0, 0.0, 0.0, 0.0, 0.0, 0.0, 0.0, 0.0, 0.0, 0.0, 0.0, 0.0, 0.0, 0.0, 0.0, 0.0, 0.0, 0.0, 0.0, 0.0], [0.0, 0.0, 0.0, 0.0, 0.0, 0.0, 0.0, 0.0, 0.0, 0.0, 0.9827940706473338, 0.0, 0.0, 0.0, 0.0, 0.0, 0.0, 0.0, 0.0, 0.0, 0.0, 0.0, 0.0, 0.0, 0.0, 0.0, 0.0, 0.0, 0.0, 0.0, 0.0, 0.0, 0.0, 0.0], [0.0, 0.0, 0.0, 0.0, 0.0, 0.0, 0.0, 0.0, 0.0, 0.0, 0.0, 0.959338207371159, 0.0, 0.0, 0.0, 0.0, 0.0, 0.0, 0.0, 0.0, 0.0, 0.0, 0.0, 0.0, 0.0, 0.0, 0.0, 0.0, 0.0, 0.0, 0.0, 0.0, 0.0, 0.0], [0.0, 0.0, 0.0, 0.0, 0.0, 0.0, 0.0, 0.0, 0.0, 0.0, 0.0, 0.0, 0.9816133104976484, 0.0, 0.0, 0.0, 0.0, 0.0, 0.0, 0.0, 0.0, 0.0, 0.0, 0.0, 0.0, 0.0, 0.0, 0.0, 0.0, 0.0, 0.0, 0.0, 0.0, 0.0], [0.0, 0.0, 0.0, 0.0, 0.0, 0.0, 0.0, 0.0, 0.0, 0.0, 0.0, 0.0, 0.9815046971642123, 0.0, 0.0, 0.0, 0.0, 0.0, 0.0, 0.0, 0.0, 0.0, 0.0, 0.0, 0.0, 0.0, 0.0, 0.0, 0.0, 0.0, 0.0, 0.0, 0.0, 0.0], [0.0, 0.0, 0.0, 0.0, 0.0, 0.0, 0.0, 0.0, 0.0, 0.0, 0.0, 0.0, 0.9837087484238597, 0.0, 0.0, 0.0, 0.0, 0.0, 0.0, 0.0, 0.0, 0.0, 0.0, 0.0, 0.0, 0.0, 0.0, 0.0, 0.0, 0.0, 0.0, 0.0, 0.0, 0.0], [0.0, 0.0, 0.0, 0.0, 0.0, 0.0, 0.0, 0.0, 0.0, 0.0, 0.0, 0.0, 0.0, 0.9761627549482781, 0.0, 0.0, 0.0, 0.0, 0.0, 0.0, 0.0, 0.0, 0.0, 0.0, 0.0, 0.0, 0.0, 0.0, 0.0, 0.0, 0.0, 0.0, 0.0, 0.0], [0.0, 0.0, 0.0, 0.0, 0.0, 0.0, 0.0, 0.0, 0.0, 0.0, 0.0, 0.0, 0.0, 0.9760930505959908, 0.0, 0.0, 0.0, 0.0, 0.0, 0.0, 0.0, 0.0, 0.0, 0.0, 0.0, 0.0, 0.0, 0.0, 0.0, 0.0, 0.0, 0.0, 0.0, 0.0], [0.0, 0.0, 0.0, 0.0, 0.0, 0.0, 0.0, 0.0, 0.0, 0.0, 0.0, 0.0, 0.0, 0.0, 0.9768012358321255, 0.0, 0.0, 0.0, 0.0, 0.0, 0.0, 0.0, 0.0, 0.0, 0.0, 0.0, 0.0, 0.0, 0.0, 0.0, 0.0, 0.0, 0.0, 0.0], [0.0, 0.0, 0.0, 0.0, 0.0, 0.0, 0.0, 0.0, 0.0, 0.0, 0.0, 0.0, 0.0, 0.0, 0.9757107056177815, 0.0, 0.0, 0.0, 0.0, 0.0, 0.0, 0.0, 0.0, 0.0, 0.0, 0.0, 0.0, 0.0, 0.0, 0.0, 0.0, 0.0, 0.0, 0.0], [0.0, 0.0, 0.0, 0.0, 0.0, 0.0, 0.0, 0.0, 0.0, 0.0, 0.0, 0.0, 0.0, 0.0, 0.0, 0.9853339315143923, 0.0, 0.0, 0.0, 0.0, 0.0, 0.0, 0.0, 0.0, 0.0, 0.0, 0.0, 0.0, 0.0, 0.0, 0.0, 0.0, 0.0, 0.0], [0.0, 0.0, 0.0, 0.0, 0.0, 0.0, 0.0, 0.0, 0.0, 0.0, 0.0, 0.0, 0.0, 0.0, 0.0, 0.9867427355959995, 0.0, 0.0, 0.0, 0.0, 0.0, 0.0, 0.0, 0.0, 0.0, 0.0, 0.0, 0.0, 0.0, 0.0, 0.0, 0.0, 0.0, 0.0], [0.0, 0.0, 0.0, 0.0, 0.0, 0.0, 0.0, 0.0, 0.0, 0.0, 0.0, 0.0, 0.0, 0.0, 0.0, 0.986910102077924, 0.0, 0.0, 0.0, 0.0, 0.0, 0.0, 0.0, 0.0, 0.0, 0.0, 0.0, 0.0, 0.0, 0.0, 0.0, 0.0, 0.0, 0.0]], "Born radii": [], "Atomic SASAs": [], "Solvent H bonds": [], "Total SASA": NaN, "Total FOD": 0.0, "FOD": [0.0, 0.0, 0.0, 0.0, 0.0, 0.0, 0.0, 0.0, 0.0, 0.0, 0.0, 0.0, 0.0, 0.0, 0.0, 0.0, 0.0, 0.0, 0.0, 0.0, 0.0, 0.0, 0.0, 0.0, 0.0, 0.0, 0.0, 0.0, 0.0, 0.0, 0.0, 0.0, 0.0, 0.0], "FOD s proportion": [0.0, 0.0, 0.0, 0.0, 0.0, 0.0, 0.0, 0.0, 0.0, 0.0, 0.0, 0.0, 0.0, 0.0, 0.0, 0.0, 0.0, 0.0, 0.0, 0.0, 0.0, 0.0, 0.0, 0.0, 0.0, 0.0, 0.0, 0.0, 0.0, 0.0, 0.0, 0.0, 0.0, 0.0], "FOD p proportion": [0.0, 0.0, 0.0, 0.0, 0.0, 0.0, 0.0, 0.0, 0.0, 0.0, 0.0, 0.0, 0.0, 0.0, 0.0, 0.0, 0.0, 0.0, 0.0, 0.0, 0.0, 0.0, 0.0, 0.0, 0.0, 0.0, 0.0, 0.0, 0.0, 0.0, 0.0, 0.0, 0.0, 0.0], "FOD d proportion": [0.0, 0.0, 0.0, 0.0, 0.0, 0.0, 0.0, 0.0, 0.0, 0.0, 0.0, 0.0, 0.0, 0.0, 0.0, 0.0, 0.0, 0.0, 0.0, 0.0, 0.0, 0.0, 0.0, 0.0, 0.0, 0.0, 0.0, 0.0, 0.0, 0.0, 0.0, 0.0, 0.0, 0.0], "coordinates": [["-0.82210", "-2.44960", "0.77960"], ["-1.39510", "-1.53800", "0.18950"], ["-2.60190", "-1.78180", "-0.40780"], ["-3.07730", "-1.08150", "-1.47070"], ["-3.88600", "-1.57280", "-2.25090"], ["-2.54930", "0.15210", "-1.68020"], ["-1.32980", "0.53890", "-1.19930"], ["-0.67790", "1.38600", "-1.80580"], ["-0.89500", "-0.09230", "0.12840"], ["-1.67160", "0.66800", "1.25150"], ["-1.30340", "2.13850", "1.42550"], ["0.67180", "0.00490", "0.27580"], ["1.19980", "-0.34390", "1.67810"], ["1.41180", "-0.83510", "-0.80500"], ["2.93070", "-0.63290", "-0.88670"], ["3.34230", "0.79430", "-1.21160"], ["-2.91110", "-2.74410", "-0.36700"], ["-2.81210", "0.57310", "-2.56170"], ["-1.53720", "0.15420", "2.21190"], ["-2.75220", "0.62390", "1.05800"], ["-1.91560", "2.58060", "2.21870"], ["-1.48780", "2.70990", "0.51120"], ["-0.25630", "2.26940", "1.71020"], ["0.93940", "1.05500", "0.10430"], ["2.25660", "-0.07300", "1.77120"], ["0.67860", "0.20390", "2.46660"], ["1.11780", "-1.41210", "1.89540"], ["0.99470", "-0.62110", "-1.79570"], ["1.23480", "-1.90230", "-0.62770"], ["3.31800", "-1.29080", "-1.67470"], ["3.41430", "-0.95440", "0.04170"], ["3.11110", "1.47630", "-0.38840"], ["2.83790", "1.15390", "-2.11390"], ["4.42220", "0.84270", "-1.38520"]], "bond_dist": [[0.0, 1.2278279887671564, 2.2413307743392097, 3.467199841370555, 4.397748480756943, 3.9752583274549593, 3.620074135981196, 4.627841198658398, 2.446679206598201, 3.26554277571126, 4.658272009017937, 2.917211322479056, 3.05439917987155, 3.1792886971774053, 4.490040358393229, 5.641807512668258, 2.401112827419819, 4.92555590568212, 3.0565709119861757, 3.6399443429810847, 5.345059690966978, 5.209187585410993, 4.843047284510033, 3.9800921471744846, 4.0137129705548205, 3.484125677985799, 2.466703853323297, 3.643671854050526, 2.5516402940069747, 4.950437752360897, 4.552713960924846, 5.678642183656231, 5.895180616401842, 6.559594562166171], [1.2278279887671564, 0.0, 1.3684195153533876, 2.4071670340879963, 3.4873121469120028, 2.772073905941182, 2.499308532374505, 3.6118380265454872, 1.530974104941034, 2.4638856000228584, 3.879788285460948, 2.5807099236450424, 3.221072923732091, 3.0597036245362066, 4.548621559329815, 5.4631184556075665, 2.015595559629957, 3.7461625231695432, 2.640801963419446, 2.696261165020926, 4.620761717509355, 4.261072469461181, 4.25507798870949, 3.4901000401134636, 4.240626460795622, 3.5383091597541334, 3.039837500591109, 3.2392697772800587, 2.7779316658262134, 5.074412388641664, 4.846933273730927, 5.452138235591611, 5.5199878777040805, 6.4798450498449425], [2.2413307743392097, 1.3684195153533876, 0.0, 1.3587426761532149, 2.2560167153636077, 2.3155426426649974, 2.7623104731365733, 3.9612039634434377, 2.4607779867350894, 3.101653529973972, 4.518389450899512, 3.791664217728147, 4.568529096985156, 4.142921242312, 5.670888746924947, 6.5280854230011425, 1.011578256982622, 3.1982844245001103, 3.4270264340970584, 2.8210906082577356, 5.1380972840147745, 4.718172177867187, 5.138091552317845, 4.566233277001953, 5.592232174185904, 4.792375204426298, 4.39062369373646, 4.026043027589248, 3.844885323387422, 6.07382355851732, 6.0894419654020835, 6.576774359060831, 6.4125295897952785, 7.561831247786479], [3.467199841370555, 2.4071670340879963, 1.3587426761532149, 0.0, 1.226410787623788, 1.3581027980237725, 2.3985642309515085, 3.4580295863395962, 2.88063721075737, 3.528046992317421, 4.680074320991067, 4.276245785733089, 5.362143191859016, 4.544874944374158, 6.052963072743794, 6.693057792220234, 2.002502157302209, 1.9995782555329011, 4.178564976161074, 3.067311992608512, 5.3265557032664175, 4.563896561053943, 5.41338125574026, 4.814471532785296, 6.322774475655446, 5.591186748803871, 5.388765125703662, 4.11081222631246, 4.469739147869817, 6.4019750530597985, 6.666661738081512, 6.783067793410294, 6.356123853418844, 7.742890683717548], [4.397748480756943, 3.4873121469120028, 2.2560167153636077, 1.226410787623788, 0.0, 2.255603110035097, 3.4784045035044446, 4.386857310193711, 4.09866194507427, 4.710791627741563, 5.827476933459282, 5.444895868609427, 6.543133641459573, 5.540894597445434, 7.015116003317408, 7.676693805929737, 2.4231081094330067, 2.419657963432022, 5.330663587209382, 4.130352592697142, 6.4117495178773165, 5.632235696417543, 6.605114392650592, 5.978025178936603, 7.493879049597744, 6.800517796462267, 6.500434033201168, 4.993412903015331, 5.382001591415595, 7.232506235047434, 7.676771027587054, 7.856546663133874, 7.257030597978764, 8.695416262606408], [3.9752583274549593, 2.772073905941182, 2.3155426426649974, 1.3581027980237725, 2.255603110035097, 0.0, 1.3667696587208833, 2.245088535002573, 2.4632242711535626, 3.103445664096603, 3.8914552881923234, 3.7713510907896124, 5.057662078470645, 4.175027196318606, 5.592518864518921, 5.94499431118315, 3.2005261942374412, 1.0116061931403941, 4.021541151101155, 2.7859473954114784, 4.63687493361639, 3.5314808579404757, 4.608212283521669, 4.02128043662712, 5.921106888074223, 5.255280381673274, 5.355301990551046, 3.629203010304053, 4.432575822250534, 6.04211882951668, 6.305061999695165, 5.955029894131515, 5.496691984275634, 7.011830403682052], [3.620074135981196, 2.499308532374505, 2.7623104731365733, 2.3985642309515085, 3.4784045035044446, 1.3667696587208833, 0.0, 1.228980988461579, 1.533053087795723, 2.4778851244559346, 3.073921300228749, 2.5431237818871497, 3.931620882028174, 3.0918795335523668, 4.429751037022284, 4.679091670399289, 3.7378231606109993, 2.013583047703769, 3.439083350254832, 2.669428787212725, 4.024229681566399, 2.768395789983795, 3.5513691373891283, 2.667395885503313, 4.69686670238788, 4.193413689346664, 4.401626386916545, 2.6654442800403837, 3.586552266453119, 5.01755439332749, 5.126061909497387, 4.610625812186454, 4.31096757700635, 5.7630163326161075], [4.627841198658398, 3.6118380265454872, 3.9612039634434377, 3.4580295863395962, 4.386857310193711, 2.245088535002573, 1.228980988461579, 0.0, 2.444101663188338, 3.293940949683221, 3.3762118105948273, 2.8393988553917535, 4.319244205876764, 3.2096311221073357, 4.235881960111731, 4.106725041928179, 4.910708064016838, 2.405618602355743, 4.289247139067648, 3.6173011127082026, 4.3767077466972815, 2.7887520900933453, 3.6497120598754087, 2.524619238617974, 4.851278207854091, 4.635822949595897, 4.975216933963784, 2.6126888792965763, 3.982368364428384, 4.8114095917932405, 5.063282458050311, 4.0464426166696095, 3.5368977451998806, 5.146173263697988], [2.446679206598201, 1.530974104941034, 2.4607779867350894, 2.88063721075737, 4.09866194507427, 2.4632242711535626, 1.533053087795723, 2.444101663188338, 0.0, 1.5628554827622418, 2.612609348907716, 1.5767171084249703, 2.617834924131008, 2.596981640289357, 3.9948287647908014, 4.53170727761624, 3.367806943694962, 3.3696687641369145, 2.194118351411336, 2.1968819813544833, 3.5433561576561843, 2.88968380969268, 2.9133581688491375, 2.163770195746304, 3.5541168931254923, 2.8339249531347863, 2.985887620122365, 2.7482278544545755, 2.895485322014256, 4.736764809445367, 4.395543173488346, 4.333177288087807, 4.529400196494013, 5.606944426334186], [3.26554277571126, 2.4638856000228584, 3.101653529973972, 3.528046992317421, 4.710791627741563, 3.103445664096603, 2.4778851244559346, 3.293940949683221, 1.5628554827622418, 0.0, 1.525849759969834, 2.623588317552889, 3.07422626525765, 3.9994821439781427, 5.238836258177955, 5.587665568911582, 3.974711173154598, 3.981236051780904, 1.0974615984170015, 1.0986734819772435, 2.1570930902490044, 2.179720656414487, 2.1858549219927657, 2.8780475743114464, 4.031119488429982, 2.686130462207672, 3.5386686168670836, 4.249277861001796, 4.31103185907968, 6.107016623524125, 5.47377169874667, 5.1202382942593605, 5.647796580968546, 6.6420708683361696], [4.658272009017937, 3.879788285460948, 4.518389450899512, 4.680074320991067, 5.827476933459282, 3.8914552881923234, 3.073921300228749, 3.3762118105948273, 2.612609348907716, 1.525849759969834, 0.0, 3.1265754572695026, 3.5344202862704375, 4.6032312835659255, 5.563679502811066, 5.5085114631813195, 5.44403694880922, 4.541411310374783, 2.147215380440444, 2.1279311196558974, 1.0951746390416464, 1.0938216536529162, 1.092980928470392, 2.819520088596639, 4.205215896954638, 2.9588663994847755, 4.323167335415089, 4.824187518121574, 5.194819931431695, 6.536717562354977, 5.80840994937513, 4.818355767271654, 5.535987284125569, 6.508581065793066], [2.917211322479056, 2.5807099236450424, 3.791664217728147, 4.276245785733089, 5.444895868609427, 3.7713510907896124, 2.5431237818871497, 2.8393988553917535, 1.5767171084249703, 2.623588317552889, 3.1265754572695026, 0.0, 1.538470256456068, 1.5560619010823444, 2.6193175256161667, 3.1570684772427726, 4.561509097875395, 4.52899731728779, 2.9411655342737846, 3.566338996786481, 4.135665564331816, 3.4693385997910324, 2.836694065280921, 1.0971472189273417, 2.1803395630038915, 2.1998299661564755, 2.197705430670817, 2.1879791269571105, 2.1841916330761824, 3.533505791703192, 2.9148525777472862, 2.925126337442539, 3.4238656953800044, 4.186445986752964], [3.05439917987155, 3.221072923732091, 4.568529096985156, 5.362143191859016, 6.543133641459573, 5.057662078470645, 3.931620882028174, 4.319244205876764, 2.617834924131008, 3.07422626525765, 3.5344202862704375, 1.538470256456068, 0.0, 2.54008012668892, 3.107689632186586, 3.7730851540880974, 5.18101272532697, 5.908649139185707, 2.8327045468950693, 4.115758113640791, 4.307048382593351, 4.23208504286008, 2.9917544200685993, 2.121691733028151, 1.0949340893405413, 1.0924589374434173, 1.0931580535311443, 3.4908727118014484, 2.7832623304316826, 4.077334753242613, 2.8203768294325493, 3.3521064989048304, 4.393863954425535, 4.601704924264484], [3.1792886971774053, 3.0597036245362066, 4.142921242312, 4.544874944374158, 5.540894597445434, 4.175027196318606, 3.0918795335523668, 3.2096311221073357, 2.596981640289357, 3.9994821439781427, 4.6032312835659255, 1.5560619010823444, 2.54008012668892, 0.0, 1.5344761125543793, 2.5587297962074853, 4.745902381001952, 4.78647608789598, 4.333243715739977, 4.7893993360336955, 5.646358024426011, 4.765195441951987, 4.329746978750606, 2.149992153474054, 2.8162545854379006, 3.510052677667388, 2.7769632982810557, 1.0960177462066933, 1.0962117176896078, 2.144210582009146, 2.177415814675736, 2.8989215253262723, 2.7754461659344067, 3.4948752538538486], [4.490040358393229, 4.548621559329815, 5.670888746924947, 6.052963072743794, 7.015116003317408, 5.592518864518921, 4.429751037022284, 4.235881960111731, 3.9948287647908014, 5.238836258177955, 5.563679502811066, 2.6193175256161667, 3.107689632186586, 1.5344761125543793, 0.0, 1.5204849259364592, 6.233288118641717, 6.1024431861345505, 5.4939037832856155, 6.136510143395837, 6.592170742630988, 5.714155974420019, 5.0323159578865875, 2.792196823291653, 2.7986302417432714, 4.125143578107313, 3.410841459229672, 2.1388118757852457, 2.1341354619611193, 1.0971680363554164, 1.095060623892577, 2.1747578462900186, 2.169628060290519, 2.1564948087115816], [5.641807512668258, 5.4631184556075665, 6.5280854230011425, 6.693057792220234, 7.676693805929737, 5.94499431118315, 4.679091670399289, 4.106725041928179, 4.53170727761624, 5.587665568911582, 5.5085114631813195, 3.1570684772427726, 3.7730851540880974, 2.5587297962074853, 1.5204849259364592, 0.0, 7.234544579999489, 6.3046283641464544, 5.994964596225736, 6.505616847770855, 6.527123270630025, 5.474251474859371, 4.864438015845201, 2.7519966769602027, 3.2906001914544403, 4.579631545222825, 4.4124879841196165, 2.802812111077016, 3.4719082677974082, 2.136046373560274, 2.15264873586008, 1.0937255962991812, 1.0944755867537659, 1.0948349327638394], [2.401112827419819, 2.015595559629957, 1.011578256982622, 2.002502157302209, 2.4231081094330067, 3.2005261942374412, 3.7378231606109993, 4.910708064016838, 3.367806943694962, 3.974711173154598, 5.44403694880922, 4.561509097875395, 5.18101272532697, 4.745902381001952, 6.233288118641717, 7.234544579999489, 0.0, 3.978734086364657, 4.11563716938216, 3.6605051850803325, 6.002440739399265, 5.704658984549384, 6.041349611634804, 5.429699324087845, 6.197725206880343, 5.441133985668796, 4.80881617136692, 4.669431049924605, 4.2385231555342475, 6.528694125933608, 6.586406223427158, 7.353851165205888, 7.16219691226093, 8.226734125398728], [4.92555590568212, 3.7461625231695432, 3.1982844245001103, 1.9995782555329011, 2.419657963432022, 1.0116061931403941, 2.013583047703769, 2.405618602355743, 3.3696687641369145, 3.981236051780904, 4.541411310374783, 4.52899731728779, 5.908649139185707, 4.78647608789598, 6.1024431861345505, 6.3046283641464544, 3.978734086364657, 0.0, 4.958639347643666, 3.6205519938263553, 5.261748061243526, 3.970188804074688, 5.259151731981119, 4.6274761868647145, 6.69949157100746, 6.13229940723706, 6.265051752380024, 4.06258487665181, 5.123022620484903, 6.468308760410252, 6.919465641940858, 6.373641139097807, 5.697398834555995, 7.334298391802723], [3.0565709119861757, 2.640801963419446, 3.4270264340970584, 4.178564976161074, 5.330663587209382, 4.021541151101155, 3.439083350254832, 4.289247139067648, 2.194118351411336, 1.0974615984170015, 2.147215380440444, 2.9411655342737846, 2.8327045468950693, 4.333243715739977, 5.4939037832856155, 5.994964596225736, 4.11563716938216, 4.958639347643666, 0.0, 1.7402092690248494, 2.4557381293615164, 3.070248090952912, 2.523188209389066, 3.3744578764595654, 3.8260625674445006, 2.2309441543884505, 3.0987889473147403, 4.803380628265888, 4.469508296222303, 6.3848767881612245, 5.518705849200517, 5.487823010083324, 6.23325322283637, 6.994827304515817], [3.6399443429810847, 2.696261165020926, 2.8210906082577356, 3.067311992608512, 4.130352592697142, 2.7859473954114784, 2.669428787212725, 3.6173011127082026, 2.1968819813544833, 1.0986734819772435, 2.1279311196558974, 3.566338996786481, 4.115758113640791, 4.7893993360336955, 6.136510143395837, 6.505616847770855, 3.6605051850803325, 3.6205519938263553, 1.7402092690248494, 0.0, 2.4240047318435667, 2.499818713427036, 3.0598287370374186, 3.8370954457766624, 5.107093232945724, 3.7324177954778857, 4.452351598874465, 4.871641232685346, 5.011929761080058, 6.926835743685569, 6.445899381001848, 6.098929874166451, 6.449113708099741, 7.582157677073196], [5.345059690966978, 4.620761717509355, 5.1380972840147745, 5.3265557032664175, 6.4117495178773165, 4.63687493361639, 4.024229681566399, 4.3767077466972815, 3.5433561576561843, 2.1570930902490044, 1.0951746390416464, 4.135665564331816, 4.307048382593351, 5.646358024426011, 6.592170742630988, 6.527123270630025, 6.002440739399265, 5.261748061243526, 2.4557381293615164, 2.4240047318435667, 0.0, 1.7650177279562944, 1.7631489386889585, 3.866415357925219, 4.9647862038561135, 3.5270428038230555, 5.024708124856607, 5.902214528463024, 6.174415399857707, 7.58530622190034, 6.7559890475044435, 5.769242739736299, 6.588069360594195, 7.495071744820059], [5.209187585410993, 4.261072469461181, 4.718172177867187, 4.563896561053943, 5.632235696417543, 3.5314808579404757, 2.768395789983795, 2.7887520900933453, 2.88968380969268, 2.179720656414487, 1.0938216536529162, 3.4693385997910324, 4.23208504286008, 4.765195441951987, 5.714155974420019, 5.474251474859371, 5.704658984549384, 3.970188804074688, 3.070248090952912, 2.499818713427036, 1.7650177279562944, 0.0, 1.7743262101428812, 2.9657311847165113, 4.832459391448624, 3.8466757232706787, 5.0691266506174415, 4.7518580429133195, 5.475585156857667, 6.6241582816234095, 6.138249681301666, 4.845712571954717, 5.293766759123413, 6.481579190289971], [4.843047284510033, 4.25507798870949, 5.138091552317845, 5.41338125574026, 6.605114392650592, 4.608212283521669, 3.5513691373891283, 3.6497120598754087, 2.9133581688491375, 2.1858549219927657, 1.092980928470392, 2.836694065280921, 2.9917544200685993, 4.329746978750606, 5.0323159578865875, 4.864438015845201, 6.041349611634804, 5.259151731981119, 2.523188209389066, 3.0598287370374186, 1.7631489386889585, 1.7743262101428812, 0.0, 2.3416619440047275, 3.4358732761846733, 2.3900772414296574, 3.9339410392124585, 4.712889353676787, 5.009215159084305, 6.075211316489328, 5.162371843445608, 4.04629612485295, 5.04402167917625, 5.788379419146605], [3.9800921471744846, 3.4901000401134636, 4.566233277001953, 4.814471532785296, 5.978025178936603, 4.02128043662712, 2.667395885503313, 2.524619238617974, 2.163770195746304, 2.8780475743114464, 2.819520088596639, 1.0971472189273417, 2.121691733028151, 2.149992153474054, 2.792196823291653, 2.7519966769602027, 5.429699324087845, 4.6274761868647145, 3.3744578764595654, 3.8370954457766624, 3.866415357925219, 2.9657311847165113, 2.3416619440047275, 0.0, 2.405401307474493, 2.5244502649091745, 3.053923407683958, 2.5342393927961897, 3.0608346002356943, 3.7848852822773904, 3.1885321277979934, 2.266390934944808, 2.92138574994813, 3.7938868433309922], [4.0137129705548205, 4.240626460795622, 5.592232174185904, 6.322774475655446, 7.493879049597744, 5.921106888074223, 4.69686670238788, 4.851278207854091, 3.5541168931254923, 4.031119488429982, 4.205215896954638, 2.1803395630038915, 1.0949340893405413, 2.8162545854379006, 2.7986302417432714, 3.2906001914544403, 6.197725206880343, 6.69949157100746, 3.8260625674445006, 5.107093232945724, 4.9647862038561135, 4.832459391448624, 3.4358732761846733, 2.405401307474493, 0.0, 1.7465219065330961, 1.762237183241802, 3.823032936033903, 3.185142844520478, 3.805763209922551, 2.2601560786812933, 2.7918404144936364, 4.115482390923329, 3.935885009753207], [3.484125677985799, 3.5383091597541334, 4.792375204426298, 5.591186748803871, 6.800517796462267, 5.255280381673274, 4.193413689346664, 4.635822949595897, 2.8339249531347863, 2.686130462207672, 2.9588663994847755, 2.1998299661564755, 1.0924589374434173, 3.510052677667388, 4.125143578107313, 4.579631545222825, 5.441133985668796, 6.13229940723706, 2.2309441543884505, 3.7324177954778857, 3.5270428038230555, 3.8466757232706787, 2.3900772414296574, 2.5244502649091745, 1.7465219065330961, 0.0, 1.7693564027634454, 4.352900814399519, 3.784194679188691, 5.13331531663505, 3.8348211679294772, 3.9606922387380723, 5.152286554530911, 5.40915609314429], [2.466703853323297, 3.039837500591109, 4.39062369373646, 5.388765125703662, 6.500434033201168, 5.355301990551046, 4.401626386916545, 4.975216933963784, 2.985887620122365, 3.5386686168670836, 4.323167335415089, 2.197705430670817, 1.0931580535311443, 2.7769632982810557, 3.410841459229672, 4.4124879841196165, 4.80881617136692, 6.265051752380024, 3.0987889473147403, 4.452351598874465, 5.024708124856607, 5.0691266506174415, 3.9339410392124585, 3.053923407683958, 1.762237183241802, 1.7693564027634454, 0.0, 3.776910618481724, 2.5729396903153403, 4.1953793320747526, 2.9865708144961167, 4.1871042368204785, 5.061381876523446, 5.173540254023351], [3.643671854050526, 3.2392697772800587, 4.026043027589248, 4.11081222631246, 4.993412903015331, 3.629203010304053, 2.6654442800403837, 2.6126888792965763, 2.7482278544545755, 4.249277861001796, 4.824187518121574, 2.1879791269571105, 3.4908727118014484, 1.0960177462066933, 2.1388118757852457, 2.802812111077016, 4.669431049924605, 4.06258487665181, 4.803380628265888, 4.871641232685346, 5.902214528463024, 4.7518580429133195, 4.712889353676787, 2.5342393927961897, 3.823032936033903, 4.352900814399519, 3.776910618481724, 0.0, 1.7502415404737715, 2.4209217211632432, 3.056401774963495, 3.2952585649687642, 2.5786163886859943, 3.7495302292420583], [2.5516402940069747, 2.7779316658262134, 3.844885323387422, 4.469739147869817, 5.382001591415595, 4.432575822250534, 3.586552266453119, 3.982368364428384, 2.895485322014256, 4.31103185907968, 5.194819931431695, 2.1841916330761824, 2.7832623304316826, 1.0962117176896078, 2.1341354619611193, 3.4719082677974082, 4.2385231555342475, 5.123022620484903, 4.469508296222303, 5.011929761080058, 6.174415399857707, 5.475585156857667, 5.009215159084305, 3.0608346002356943, 3.185142844520478, 3.784194679188691, 2.5729396903153403, 1.7502415404737715, 0.0, 2.4103658415269664, 2.4691761824543828, 3.8720413401718736, 3.757536226039611, 4.274149039282556], [4.950437752360897, 5.074412388641664, 6.07382355851732, 6.4019750530597985, 7.232506235047434, 6.04211882951668, 5.01755439332749, 4.8114095917932405, 4.736764809445367, 6.107016623524125, 6.536717562354977, 3.533505791703192, 4.077334753242613, 2.144210582009146, 1.0971680363554164, 2.136046373560274, 6.528694125933608, 6.468308760410252, 6.3848767881612245, 6.926835743685569, 7.58530622190034, 6.6241582816234095, 6.075211316489328, 3.7848852822773904, 3.805763209922551, 5.13331531663505, 4.1953793320747526, 2.4209217211632432, 2.4103658415269664, 0.0, 1.7517042016276607, 3.0584665618574287, 2.529812392253623, 2.4196880253454163], [4.552713960924846, 4.846933273730927, 6.0894419654020835, 6.666661738081512, 7.676771027587054, 6.305061999695165, 5.126061909497387, 5.063282458050311, 4.395543173488346, 5.47377169874667, 5.80840994937513, 2.9148525777472862, 2.8203768294325493, 2.177415814675736, 1.095060623892577, 2.15264873586008, 6.586406223427158, 6.919465641940858, 5.518705849200517, 6.445899381001848, 6.7559890475044435, 6.138249681301666, 5.162371843445608, 3.1885321277979934, 2.2601560786812933, 3.8348211679294772, 2.9865708144961167, 3.056401774963495, 2.4691761824543828, 1.7517042016276607, 0.0, 2.4870099999798954, 3.069817129732649, 2.506286980774548], [5.678642183656231, 5.452138235591611, 6.576774359060831, 6.783067793410294, 7.856546663133874, 5.955029894131515, 4.610625812186454, 4.0464426166696095, 4.333177288087807, 5.1202382942593605, 4.818355767271654, 2.925126337442539, 3.3521064989048304, 2.8989215253262723, 2.1747578462900186, 1.0937255962991812, 7.353851165205888, 6.373641139097807, 5.487823010083324, 6.098929874166451, 5.769242739736299, 4.845712571954717, 4.04629612485295, 2.266390934944808, 2.7918404144936364, 3.9606922387380723, 4.1871042368204785, 3.2952585649687642, 3.8720413401718736, 3.0584665618574287, 2.4870099999798954, 0.0, 1.7764938080387447, 1.7646649568685837], [5.895180616401842, 5.5199878777040805, 6.4125295897952785, 6.356123853418844, 7.257030597978764, 5.496691984275634, 4.31096757700635, 3.5368977451998806, 4.529400196494013, 5.647796580968546, 5.535987284125569, 3.4238656953800044, 4.393863954425535, 2.7754461659344067, 2.169628060290519, 1.0944755867537659, 7.16219691226093, 5.697398834555995, 6.23325322283637, 6.4491137080997