{"total energy": -49.02618772, "HOMO-LUMO gap/eV": 3.29192337, "electronic energy": -49.63769133, "dipole": [0.38534074, -0.97003749, 0.68655808], "partial charges": [-0.05244359, -0.1160642, 0.23246026, -0.33753418, 0.26282882, -0.20121464, 0.05449483, -0.11564784, -0.1096731, -0.35661483, 0.26237105, -0.20545013, 0.06226045, -0.11393102, -0.11287801, -0.34030674, 0.06627831, 0.06346379, 0.06424601, 0.18289997, 0.06212158, 0.0420318, 0.04501554, 0.04819052, 0.03771969, 0.04308278, 0.03734383, 0.18617828, 0.03422217, 0.03669855, 0.04759802, 0.04672459, 0.04113521, 0.04766216, 0.05473008], "atomic dipole moments": [[-0.12756294, -0.02763354, -0.1018786], [0.14501786, -0.28362099, 0.22677801], [0.00987113, 0.03808577, -0.0042973], [-0.23196258, -0.12339207, -0.10200978], [0.0151658, -0.01077866, 0.01354367], [0.07879674, 0.01854846, -0.13580292], [-0.11714544, -0.09670312, -0.03355382], [-0.04759886, 0.06332753, -0.09709029], [-0.04740007, 0.03260786, 0.09438028], [0.06538517, 0.27979039, -0.04043069], [-0.02024748, -0.00182988, -0.01108065], [-0.02941457, 0.01509047, 0.16308815], [0.04448683, 0.07284584, -0.11678513], [0.11609343, -0.0112396, 0.02535645], [-0.04425854, 0.11677218, 0.03983384], [0.16186019, -0.17072414, 0.14457341], [0.10277145, -0.07434999, -0.03394701], [0.03779913, 0.12064373, -0.00551358], [-0.03821918, -0.02306694, 0.12434155], [-0.04893172, -0.11236118, -0.0477278], [0.03853513, 0.12591851, 0.02397603], [-0.01997705, -0.12556771, -0.00637941], [0.12634318, 0.01676424, 0.0076018], [-0.04929745, 0.0358351, 0.1126634], [-0.02250918, -0.12202606, -0.02882764], [0.12609327, 0.01440299, -0.0012531], [-0.04313345, 0.06606803, -0.10200315], [-0.0546052, 0.11859047, -0.01524999], [0.01064603, 0.01293498, 0.1266847], [-0.04259028, 0.11319279, 0.03591783], [-0.03032947, -0.00934864, -0.12445417], [-0.07039207, -0.08723789, 0.06276804], [-0.06338592, -0.09113244, 0.05886417], [-0.01380995, -0.02218737, -0.12570868], [0.12506055, -0.02385151, 0.02329525]], "atomic quadrupole moments": [[0.14237981, 0.08138431, -0.16728642, 0.30830974, 0.04966404, 0.02490661], [-0.01338967, 0.24819084, 0.20591887, 0.37134218, -0.06143764, -0.1925292], [-0.16247143, -0.01543921, 0.01976479, -0.34491137, 0.10629665, 0.14270663], [-0.04411868, -0.04015801, -0.04609782, -0.13794149, 0.05447643, 0.0902165], [-0.03509515, -0.18398635, -0.20129527, -0.25534012, 0.0899739, 0.23639042], [0.10532921, -0.03298867, -0.07625613, 0.02267111, -0.04332235, -0.02907307], [0.20226457, -0.04874121, -0.23413086, 0.02783309, -0.0560914, 0.03186628], [-0.0538676, -0.08161712, -0.03591055, 0.1132328, -0.14876921, 0.08977815], [-0.04415989, -0.04637388, -0.09952341, -0.11754165, 0.08652722, 0.14368331], [0.00932637, -0.05061308, -0.10547231, -0.09357312, 0.05877726, 0.09614593], [0.04349555, -0.01540403, -0.24678242, -0.27308996, 0.18253815, 0.20328687], [0.03521623, 0.09701126, -0.0149063, -0.01115808, -0.03300887, -0.02030993], [0.11091002, 0.07569705, 0.12767306, -0.06253476, -0.09703088, -0.23858308], [0.22813665, -0.03849059, -0.09707938, 0.06407454, -0.00966425, -0.13105727], [-0.08814327, -0.09066682, 0.18944824, -0.03872227, 0.09077349, -0.10130496], [-0.02876915, -0.00381892, -0.05439773, -0.14236006, 0.07207655, 0.08316688], [0.026162, -0.0516422, -0.00822067, -0.00247805, 0.0292742, -0.01794133], [-0.03099002, 0.03811114, 0.07614652, 0.01204894, -0.00981668, -0.0451565], [-0.00275782, 0.01526705, -0.05199851, -0.0191078, -0.02504511, 0.05475633], [-0.00764579, -0.00151815, 0.0686138, 0.01336713, -0.02079489, -0.06096801], [-0.01791077, -0.00706951, 0.02536909, 0.00098883, -0.00229556, -0.00745832], [-0.0421431, 0.02665963, 0.07201327, 0.01242547, 0.02259507, -0.02987017], [0.07939041, 0.02360558, -0.03996187, -0.00234252, -0.0108749, -0.03942855], [-0.02241286, -0.02792832, -0.02114786, -0.04323466, 0.03091015, 0.04356072], [-0.0412434, 0.03308153, 0.07555826, -0.00413907, 0.00734987, -0.03431486], [0.08220217, 0.01817546, -0.04935468, 0.01152203, 0.00713014, -0.03284749], [-0.02343389, -0.03771114, 0.00295392, 0.03347317, -0.04436966, 0.02047996], [0.04869433, -0.01437641, -0.00697802, 0.03735609, -0.04238865, -0.04171631], [-0.00899068, 0.01196275, 0.00278538, 0.01254699, 0.00566912, 0.0062053], [-0.02707988, -0.0261244, 0.06132165, -0.00078915, 0.04202965, -0.03424176], [-0.03182085, -0.00320334, -0.04667861, 0.00822408, 0.0170712, 0.07849946], [-0.00810047, 0.03775612, 0.02146326, -0.02569039, -0.05290011, -0.01336279], [-0.0024537, 0.0427308, 0.01580371, -0.04671603, -0.04144067, -0.01335001], [-0.04173013, -0.00836702, -0.0369929, 0.02457191, 0.00157321, 0.07872303], [0.07302232, -0.00548623, -0.03669702, 0.02927085, 0.00725328, -0.0363253]], "number of molecular orbitals": 88, "number of electrons": 90, "number of unpaired electrons": 0, "orbital energies/eV": [-19.39625045, -18.56783491, -18.05839219, -17.81755868, -17.62807302, -17.49198772, -17.0248969, -16.98434579, -16.41507583, -16.36788595, -16.29278016, -16.20076724, -16.10707247, -15.77841565, -15.32676921, -15.18465856, -14.97085774, -14.75270575, -14.40676162, -14.26478984, -13.92728215, -13.87572016, -13.79589655, -13.61948055, -13.52144657, -13.44871926, -13.07345919, -12.96448678, -12.91151048, -12.88896727, -12.74893754, -12.71584066, -12.64290611, -12.46506366, -12.3427988, -12.25778425, -12.1863951, -12.09842782, -11.94211266, -11.86505489, -10.65530793, -10.5681887, -10.11205389, -10.0697842, -10.01282114, -6.72089777, -6.30214617, -5.34505361, -3.61395402, -3.24289581, -0.09647458, 0.18787222, 0.48165464, 0.88919722, 1.19197911, 2.05564066, 2.21593325, 2.64992988, 2.91663009, 2.99337326, 3.59580849, 3.69512112, 3.94687762, 4.07754105, 4.36826403, 4.43118117, 4.86023022, 4.97902161, 5.12373401, 5.41546753, 5.5462361, 5.76655588, 5.80553238, 5.90872495, 6.02584041, 6.34285798, 6.40948446, 6.5300598, 6.68505597, 6.89507369, 7.33602561, 7.77123717, 8.23321044, 10.4974962, 11.9751038, 12.66872717, 14.04113467, 17.71506063], "fractional occupation": [2.0, 2.0, 2.0, 2.0, 2.0, 2.0, 2.0, 2.0, 2.0, 2.0, 2.0, 2.0, 2.0, 2.0, 2.0, 2.0, 2.0, 2.0, 2.0, 2.0, 2.0, 2.0, 2.0, 2.0, 2.0, 2.0, 2.0, 2.0, 2.0, 2.0, 2.0, 2.0, 2.0, 2.0, 2.0, 2.0, 2.0, 2.0, 2.0, 2.0, 2.0, 2.0, 2.0, 2.0, 2.0, 0.0, 0.0, 0.0, 0.0, 0.0, 0.0, 0.0, 0.0, 0.0, 0.0, 0.0, 0.0, 0.0, 0.0, 0.0, 0.0, 0.0, 0.0, 0.0, 0.0, 0.0, 0.0, 0.0, 0.0, 0.0, 0.0, 0.0, 0.0, 0.0, 0.0, 0.0, 0.0, 0.0, 0.0, 0.0, 0.0, 0.0, 0.0, 0.0, 0.0, 0.0, 0.0, 0.0], "program call": "xtb /home/svss/Project-DBcg-Debug/aqme2_20220329/End-to-End-workflows-final/example-3/QDESCP/mol_905_rdkit_conf_11/mol_905_rdkit_conf_11.xyz --pop --wbo --acc 0.2 --gfn 2 --chrg 0 --uhf 0 --etemp 300 --input /home/svss/Project-DBcg-Debug/aqme2_20220329/End-to-End-workflows-final/example-3/QDESCP/mol_905_rdkit_conf_11/mol_905_rdkit_conf_11_xtb.inp", "method": "GFN2-xTB", "xtb version": "6.3.3 (7355c4f)", "Dipole module/D": 3.175, "Total charge": 0, "Transition dipole module/D": NaN, "HOMO": -10.0128, "LUMO": -6.7209, "HOMO occupancy": 2.0, "LUMO occupancy": 0, "mulliken charges": [-0.00912, -0.09098, 0.37713, -0.4301, 0.44399, -0.36123, 0.13547, -0.09985, -0.1049, -0.44242, 0.44229, -0.36571, 0.13757, -0.10205, -0.09487, -0.42895, 0.03402, 0.0345, 0.03628, 0.21716, 0.03247, 0.02965, 0.0304, 0.03719, 0.02984, 0.03182, 0.04125, 0.21883, 0.02587, 0.03191, 0.03465, 0.03346, 0.02531, 0.03142, 0.03769], "cm5 charges": [-0.13786, -0.11769, 0.54627, -0.61009, 0.66215, -0.70013, 0.12343, -0.24205, -0.24703, -0.62004, 0.65956, -0.70296, 0.12555, -0.2451, -0.23603, -0.60242, 0.08925, 0.08684, 0.09113, 0.41893, 0.104, 0.08362, 0.08216, 0.09084, 0.08389, 0.08367, 0.09652, 0.42093, 0.09644, 0.08539, 0.08859, 0.08522, 0.0772, 0.08551, 0.09431], "FUKUI+": [0.038, -0.229, -0.05, -0.08, -0.029, -0.046, 0.008, 0.012, 0.012, -0.106, -0.03, -0.048, 0.008, 0.012, 0.011, -0.076, -0.034, -0.047, -0.035, -0.037, -0.01, -0.017, -0.025, -0.014, -0.018, -0.029, 0.004, -0.034, -0.012, -0.011, -0.018, -0.026, -0.027, -0.018, 0.001], "FUKUI-": [0.046, -0.283, 0.026, -0.066, 0.0, -0.055, 0.004, 0.011, 0.007, -0.078, 0.001, -0.061, 0.007, 0.014, 0.007, -0.075, -0.041, -0.044, -0.042, -0.032, -0.016, -0.021, -0.027, -0.019, -0.021, -0.031, -0.006, -0.032, -0.037, -0.018, -0.025, -0.028, -0.031, -0.025, -0.008], "FUKUIrad": [0.042, -0.256, -0.012, -0.073, -0.014, -0.051, 0.006, 0.011, 0.01, -0.092, -0.015, -0.055, 0.007, 0.013, 0.009, -0.076, -0.038, -0.046, -0.039, -0.034, -0.013, -0.019, -0.026, -0.016, -0.019, -0.03, -0.001, -0.033, -0.025, -0.014, -0.021, -0.027, -0.029, -0.022, -0.003], "s proportion": [1.009, 1.926, 1.019, 1.534, 0.976, 1.453, 1.028, 1.016, 1.018, 1.529, 0.978, 1.458, 1.028, 1.018, 1.014, 1.535, 0.966, 0.965, 0.964, 0.783, 0.968, 0.97, 0.97, 0.963, 0.97, 0.968, 0.959, 0.781, 0.974, 0.968, 0.965, 0.967, 0.975, 0.969, 0.962], "p proportion": [3.0, 4.163, 2.604, 3.896, 2.58, 3.908, 2.836, 3.084, 3.087, 3.913, 2.58, 3.908, 2.834, 3.084, 3.081, 3.894, 0.0, 0.0, 0.0, 0.0, 0.0, 0.0, 0.0, 0.0, 0.0, 0.0, 0.0, 0.0, 0.0, 0.0, 0.0, 0.0, 0.0, 0.0, 0.0], "d proportion": [0.0, 0.001, 0.0, 0.0, 0.0, 0.0, 0.0, 0.0, 0.0, 0.0, 0.0, 0.0, 0.0, 0.0, 0.0, 0.0, 0.0, 0.0, 0.0, 0.0, 0.0, 0.0, 0.0, 0.0, 0.0, 0.0, 0.0, 0.0, 0.0, 0.0, 0.0, 0.0, 0.0, 0.0, 0.0], "Fermi-level/eV": -8.3669, "Coordination numbers": [3.742, 2.035, 3.002, 1.874, 2.936, 2.701, 3.791, 3.755, 3.752, 1.85, 2.936, 2.7, 3.792, 3.754, 3.753, 1.899, 0.924, 0.924, 0.924, 0.86, 0.924, 0.924, 0.924, 0.924, 0.924, 0.924, 0.924, 0.86, 0.924, 0.924, 0.924, 0.924, 0.924, 0.924, 0.924], "Dispersion coefficient C6": [21.591, 145.916, 23.131, 29.616, 22.585, 25.371, 19.673, 22.77, 22.657, 30.133, 22.593, 25.467, 19.545, 22.738, 22.718, 29.688, 2.127, 2.159, 2.15, 1.198, 2.174, 2.422, 2.383, 2.343, 2.48, 2.408, 2.485, 1.179, 2.527, 2.493, 2.35, 2.361, 2.434, 2.349, 2.262], "Total dispersion C6": 12864.961936, "Total dispersion C8": 311273.237106, "Polarizability alpha": [6.629, 20.331, 7.889, 8.067, 7.794, 7.481, 6.317, 6.804, 6.788, 8.136, 7.795, 7.495, 6.296, 6.799, 6.797, 8.078, 2.281, 2.298, 2.293, 1.714, 2.306, 2.434, 2.414, 2.394, 2.463, 2.427, 2.465, 1.701, 2.486, 2.469, 2.397, 2.403, 2.44, 2.397, 2.352], "Total polarizability alpha": 173.630044, "Wiberg matrix": [[0.0, 1.0124958870231835, 0.0, 0.0, 0.0, 0.0, 0.0, 0.0, 0.0, 0.0, 0.0, 0.0, 0.0, 0.0, 0.0, 0.0, 0.9808672482866737, 0.9800078910909213, 0.9813173322234412, 0.0, 0.0, 0.0, 0.0, 0.0, 0.0, 0.0, 0.0, 0.0, 0.0, 0.0, 0.0, 0.0, 0.0, 0.0, 0.0], [1.0124958870231835, 0.0, 1.0666108875926725, 0.0, 0.0, 0.0, 0.0, 0.0, 0.0, 0.0, 0.0, 0.0, 0.0, 0.0, 0.0, 0.0, 0.0, 0.0, 0.0, 0.0, 0.0, 0.0, 0.0, 0.0, 0.0, 0.0, 0.0, 0.0, 0.0, 0.0, 0.0, 0.0, 0.0, 0.0, 0.0], [0.0, 1.0666108875926725, 0.0, 1.377443980806436, 0.0, 0.0, 0.0, 0.0, 0.0, 0.0, 0.0, 0.0, 0.0, 0.0, 0.0, 1.3808054880322824, 0.0, 0.0, 0.0, 0.0, 0.0, 0.0, 0.0, 0.0, 0.0, 0.0, 0.0, 0.0, 0.0, 0.0, 0.0, 0.0, 0.0, 0.0, 0.0], [0.0, 0.0, 1.377443980806436, 0.0, 1.3128179979206231, 0.0, 0.0, 0.0, 0.0, 0.0, 0.0, 0.0, 0.0, 0.0, 0.0, 0.0, 0.0, 0.0, 0.0, 0.0, 0.0, 0.0, 0.0, 0.0, 0.0, 0.0, 0.0, 0.0, 0.0, 0.0, 0.0, 0.0, 0.0, 0.0, 0.0], [0.0, 0.0, 0.0, 1.3128179979206231, 0.0, 1.1848532905556834, 0.0, 0.0, 0.0, 1.3309018825080952, 0.0, 0.0, 0.0, 0.0, 0.0, 0.0, 0.0, 0.0, 0.0, 0.0, 0.0, 0.0, 0.0, 0.0, 0.0, 0.0, 0.0, 0.0, 0.0, 0.0, 0.0, 0.0, 0.0, 0.0, 0.0], [0.0, 0.0, 0.0, 0.0, 1.1848532905556834, 0.0, 0.978376277436789, 0.0, 0.0, 0.0, 0.0, 0.0, 0.0, 0.0, 0.0, 0.0, 0.0, 0.0, 0.0, 0.9323724816256496, 0.0, 0.0, 0.0, 0.0, 0.0, 0.0, 0.0, 0.0, 0.0, 0.0, 0.0, 0.0, 0.0, 0.0, 0.0], [0.0, 0.0, 0.0, 0.0, 0.0, 0.978376277436789, 0.0, 1.0053508555983526, 0.999405237549361, 0.0, 0.0, 0.0, 0.0, 0.0, 0.0, 0.0, 0.0, 0.0, 0.0, 0.0, 0.961422741726242, 0.0, 0.0, 0.0, 0.0, 0.0, 0.0, 0.0, 0.0, 0.0, 0.0, 0.0, 0.0, 0.0, 0.0], [0.0, 0.0, 0.0, 0.0, 0.0, 0.0, 1.0053508555983526, 0.0, 0.0, 0.0, 0.0, 0.0, 0.0, 0.0, 0.0, 0.0, 0.0, 0.0, 0.0, 0.0, 0.0, 0.9858022743998145, 0.985168952760615, 0.9857893878725195, 0.0, 0.0, 0.0, 0.0, 0.0, 0.0, 0.0, 0.0, 0.0, 0.0, 0.0], [0.0, 0.0, 0.0, 0.0, 0.0, 0.0, 0.999405237549361, 0.0, 0.0, 0.0, 0.0, 0.0, 0.0, 0.0, 0.0, 0.0, 0.0, 0.0, 0.0, 0.0, 0.0, 0.0, 0.0, 0.0, 0.9854597141404416, 0.9842312805617827, 0.9857170623088247, 0.0, 0.0, 0.0, 0.0, 0.0, 0.0, 0.0, 0.0], [0.0, 0.0, 0.0, 0.0, 1.3309018825080952, 0.0, 0.0, 0.0, 0.0, 0.0, 1.334568313023813, 0.0, 0.0, 0.0, 0.0, 0.0, 0.0, 0.0, 0.0, 0.0, 0.0, 0.0, 0.0, 0.0, 0.0, 0.0, 0.0, 0.0, 0.0, 0.0, 0.0, 0.0, 0.0, 0.0, 0.0], [0.0, 0.0, 0.0, 0.0, 0.0, 0.0, 0.0, 0.0, 0.0, 1.334568313023813, 0.0, 1.1818410308171912, 0.0, 0.0, 0.0, 1.314750811781031, 0.0, 0.0, 0.0, 0.0, 0.0, 0.0, 0.0, 0.0, 0.0, 0.0, 0.0, 0.0, 0.0, 0.0, 0.0, 0.0, 0.0, 0.0, 0.0], [0.0, 0.0, 0.0, 0.0, 0.0, 0.0, 0.0, 0.0, 0.0, 0.0, 1.1818410308171912, 0.0, 0.9733245252798124, 0.0, 0.0, 0.0, 0.0, 0.0, 0.0, 0.0, 0.0, 0.0, 0.0, 0.0, 0.0, 0.0, 0.0, 0.9304734744073329, 0.0, 0.0, 0.0, 0.0, 0.0, 0.0, 0.0], [0.0, 0.0, 0.0, 0.0, 0.0, 0.0, 0.0, 0.0, 0.0, 0.0, 0.0, 0.9733245252798124, 0.0, 1.0068212326038994, 1.0036457782117252, 0.0, 0.0, 0.0, 0.0, 0.0, 0.0, 0.0, 0.0, 0.0, 0.0, 0.0, 0.0, 0.0, 0.96182816261172, 0.0, 0.0, 0.0, 0.0, 0.0, 0.0], [0.0, 0.0, 0.0, 0.0, 0.0, 0.0, 0.0, 0.0, 0.0, 0.0, 0.0, 0.0, 1.0068212326038994, 0.0, 0.0, 0.0, 0.0, 0.0, 0.0, 0.0, 0.0, 0.0, 0.0, 0.0, 0.0, 0.0, 0.0, 0.0, 0.0, 0.9854338990132157, 0.9857573756670359, 0.9843483851286201, 0.0, 0.0, 0.0], [0.0, 0.0, 0.0, 0.0, 0.0, 0.0, 0.0, 0.0, 0.0, 0.0, 0.0, 0.0, 1.0036457782117252, 0.0, 0.0, 0.0, 0.0, 0.0, 0.0, 0.0, 0.0, 0.0, 0.0, 0.0, 0.0, 0.0, 0.0, 0.0, 0.0, 0.0, 0.0, 0.0, 0.9850922631361205, 0.985714395424125, 0.9834779616624437], [0.0, 0.0, 1.3808054880322824, 0.0, 0.0, 0.0, 0.0, 0.0, 0.0, 0.0, 1.314750811781031, 0.0, 0.0, 0.0, 0.0, 0.0, 0.0, 0.0, 0.0, 0.0, 0.0, 0.0, 0.0, 0.0, 0.0, 0.0, 0.0, 0.0, 0.0, 0.0, 0.0, 0.0, 0.0, 0.0, 0.0], [0.9808672482866737, 0.0, 0.0, 0.0, 0.0, 0.0, 0.0, 0.0, 0.0, 0.0, 0.0, 0.0, 0.0, 0.0, 0.0, 0.0, 0.0, 0.0, 0.0, 0.0, 0.0, 0.0, 0.0, 0.0, 0.0, 0.0, 0.0, 0.0, 0.0, 0.0, 0.0, 0.0, 0.0, 0.0, 0.0], [0.9800078910909213, 0.0, 0.0, 0.0, 0.0, 0.0, 0.0, 0.0, 0.0, 0.0, 0.0, 0.0, 0.0, 0.0, 0.0, 0.0, 0.0, 0.0, 0.0, 0.0, 0.0, 0.0, 0.0, 0.0, 0.0, 0.0, 0.0, 0.0, 0.0, 0.0, 0.0, 0.0, 0.0, 0.0, 0.0], [0.9813173322234412, 0.0, 0.0, 0.0, 0.0, 0.0, 0.0, 0.0, 0.0, 0.0, 0.0, 0.0, 0.0, 0.0, 0.0, 0.0, 0.0, 0.0, 0.0, 0.0, 0.0, 0.0, 0.0, 0.0, 0.0, 0.0, 0.0, 0.0, 0.0, 0.0, 0.0, 0.0, 0.0, 0.0, 0.0], [0.0, 0.0, 0.0, 0.0, 0.0, 0.9323724816256496, 0.0, 0.0, 0.0, 0.0, 0.0, 0.0, 0.0, 0.0, 0.0, 0.0, 0.0, 0.0, 0.0, 0.0, 0.0, 0.0, 0.0, 0.0, 0.0, 0.0, 0.0, 0.0, 0.0, 0.0, 0.0, 0.0, 0.0, 0.0, 0.0], [0.0, 0.0, 0.0, 0.0, 0.0, 0.0, 0.961422741726242, 0.0, 0.0, 0.0, 0.0, 0.0, 0.0, 0.0, 0.0, 0.0, 0.0, 0.0, 0.0, 0.0, 0.0, 0.0, 0.0, 0.0, 0.0, 0.0, 0.0, 0.0, 0.0, 0.0, 0.0, 0.0, 0.0, 0.0, 0.0], [0.0, 0.0, 0.0, 0.0, 0.0, 0.0, 0.0, 0.9858022743998145, 0.0, 0.0, 0.0, 0.0, 0.0, 0.0, 0.0, 0.0, 0.0, 0.0, 0.0, 0.0, 0.0, 0.0, 0.0, 0.0, 0.0, 0.0, 0.0, 0.0, 0.0, 0.0, 0.0, 0.0, 0.0, 0.0, 0.0], [0.0, 0.0, 0.0, 0.0, 0.0, 0.0, 0.0, 0.985168952760615, 0.0, 0.0, 0.0, 0.0, 0.0, 0.0, 0.0, 0.0, 0.0, 0.0, 0.0, 0.0, 0.0, 0.0, 0.0, 0.0, 0.0, 0.0, 0.0, 0.0, 0.0, 0.0, 0.0, 0.0, 0.0, 0.0, 0.0], [0.0, 0.0, 0.0, 0.0, 0.0, 0.0, 0.0, 0.9857893878725195, 0.0, 0.0, 0.0, 0.0, 0.0, 0.0, 0.0, 0.0, 0.0, 0.0, 0.0, 0.0, 0.0, 0.0, 0.0, 0.0, 0.0, 0.0, 0.0, 0.0, 0.0, 0.0, 0.0, 0.0, 0.0, 0.0, 0.0], [0.0, 0.0, 0.0, 0.0, 0.0, 0.0, 0.0, 0.0, 0.9854597141404416, 0.0, 0.0, 0.0, 0.0, 0.0, 0.0, 0.0, 0.0, 0.0, 0.0, 0.0, 0.0, 0.0, 0.0, 0.0, 0.0, 0.0, 0.0, 0.0, 0.0, 0.0, 0.0, 0.0, 0.0, 0.0, 0.0], [0.0, 0.0, 0.0, 0.0, 0.0, 0.0, 0.0, 0.0, 0.9842312805617827, 0.0, 0.0, 0.0, 0.0, 0.0, 0.0, 0.0, 0.0, 0.0, 0.0, 0.0, 0.0, 0.0, 0.0, 0.0, 0.0, 0.0, 0.0, 0.0, 0.0, 0.0, 0.0, 0.0, 0.0, 0.0, 0.0], [0.0, 0.0, 0.0, 0.0, 0.0, 0.0, 0.0, 0.0, 0.9857170623088247, 0.0, 0.0, 0.0, 0.0, 0.0, 0.0, 0.0, 0.0, 0.0, 0.0, 0.0, 0.0, 0.0, 0.0, 0.0, 0.0, 0.0, 0.0, 0.0, 0.0, 0.0, 0.0, 0.0, 0.0, 0.0, 0.0], [0.0, 0.0, 0.0, 0.0, 0.0, 0.0, 0.0, 0.0, 0.0, 0.0, 0.0, 0.9304734744073329, 0.0, 0.0, 0.0, 0.0, 0.0, 0.0, 0.0, 0.0, 0.0, 0.0, 0.0, 0.0, 0.0, 0.0, 0.0, 0.0, 0.0, 0.0, 0.0, 0.0, 0.0, 0.0, 0.0], [0.0, 0.0, 0.0, 0.0, 0.0, 0.0, 0.0, 0.0, 0.0, 0.0, 0.0, 0.0, 0.96182816261172, 0.0, 0.0, 0.0, 0.0, 0.0, 0.0, 0.0, 0.0, 0.0, 0.0, 0.0, 0.0, 0.0, 0.0, 0.0, 0.0, 0.0, 0.0, 0.0, 0.0, 0.0, 0.0], [0.0, 0.0, 0.0, 0.0, 0.0, 0.0, 0.0, 0.0, 0.0, 0.0, 0.0, 0.0, 0.0, 0.9854338990132157, 0.0, 0.0, 0.0, 0.0, 0.0, 0.0, 0.0, 0.0, 0.0, 0.0, 0.0, 0.0, 0.0, 0.0, 0.0, 0.0, 0.0, 0.0, 0.0, 0.0, 0.0], [0.0, 0.0, 0.0, 0.0, 0.0, 0.0, 0.0, 0.0, 0.0, 0.0, 0.0, 0.0, 0.0, 0.9857573756670359, 0.0, 0.0, 0.0, 0.0, 0.0, 0.0, 0.0, 0.0, 0.0, 0.0, 0.0, 0.0, 0.0, 0.0, 0.0, 0.0, 0.0, 0.0, 0.0, 0.0, 0.0], [0.0, 0.0, 0.0, 0.0, 0.0, 0.0, 0.0, 0.0, 0.0, 0.0, 0.0, 0.0, 0.0, 0.9843483851286201, 0.0, 0.0, 0.0, 0.0, 0.0, 0.0, 0.0, 0.0, 0.0, 0.0, 0.0, 0.0, 0.0, 0.0, 0.0, 0.0, 0.0, 0.0, 0.0, 0.0, 0.0], [0.0, 0.0, 0.0, 0.0, 0.0, 0.0, 0.0, 0.0, 0.0, 0.0, 0.0, 0.0, 0.0, 0.0, 0.9850922631361205, 0.0, 0.0, 0.0, 0.0, 0.0, 0.0, 0.0, 0.0, 0.0, 0.0, 0.0, 0.0, 0.0, 0.0, 0.0, 0.0, 0.0, 0.0, 0.0, 0.0], [0.0, 0.0, 0.0, 0.0, 0.0, 0.0, 0.0, 0.0, 0.0, 0.0, 0.0, 0.0, 0.0, 0.0, 0.985714395424125, 0.0, 0.0, 0.0, 0.0, 0.0, 0.0, 0.0, 0.0, 0.0, 0.0, 0.0, 0.0, 0.0, 0.0, 0.0, 0.0, 0.0, 0.0, 0.0, 0.0], [0.0, 0.0, 0.0, 0.0, 0.0, 0.0, 0.0, 0.0, 0.0, 0.0, 0.0, 0.0, 0.0, 0.0, 0.9834779616624437, 0.0, 0.0, 0.0, 0.0, 0.0, 0.0, 0.0, 0.0, 0.0, 0.0, 0.0, 0.0, 0.0, 0.0, 0.0, 0.0, 0.0, 0.0, 0.0, 0.0]], "Born radii": [], "Atomic SASAs": [], "Solvent H bonds": [], "Total SASA": NaN, "Total FOD": 0.0, "FOD": [0.0, 0.0, 0.0, 0.0, 0.0, 0.0, 0.0, 0.0, 0.0, 0.0, 0.0, 0.0, 0.0, 0.0, 0.0, 0.0, 0.0, 0.0, 0.0, 0.0, 0.0, 0.0, 0.0, 0.0, 0.0, 0.0, 0.0, 0.0, 0.0, 0.0, 0.0, 0.0, 0.0, 0.0, 0.0], "FOD s proportion": [0.0, 0.0, 0.0, 0.0, 0.0, 0.0, 0.0, 0.0, 0.0, 0.0, 0.0, 0.0, 0.0, 0.0, 0.0, 0.0, 0.0, 0.0, 0.0, 0.0, 0.0, 0.0, 0.0, 0.0, 0.0, 0.0, 0.0, 0.0, 0.0, 0.0, 0.0, 0.0, 0.0, 0.0, 0.0], "FOD p proportion": [0.0, 0.0, 0.0, 0.0, 0.0, 0.0, 0.0, 0.0, 0.0, 0.0, 0.0, 0.0, 0.0, 0.0, 0.0, 0.0, 0.0, 0.0, 0.0, 0.0, 0.0, 0.0, 0.0, 0.0, 0.0, 0.0, 0.0, 0.0, 0.0, 0.0, 0.0, 0.0, 0.0, 0.0, 0.0], "FOD d proportion": [0.0, 0.0, 0.0, 0.0, 0.0, 0.0, 0.0, 0.0, 0.0, 0.0, 0.0, 0.0, 0.0, 0.0, 0.0, 0.0, 0.0, 0.0, 0.0, 0.0, 0.0, 0.0, 0.0, 0.0, 0.0, 0.0, 0.0, 0.0, 0.0, 0.0, 0.0, 0.0, 0.0, 0.0, 0.0], "coordinates": [["1.77190", "4.15720", "0.40390"], ["0.39830", "3.90420", "-0.74610"], ["0.02810", "2.19120", "-0.43030"], ["0.86570", "1.48400", "0.31680"], ["0.51860", "0.22150", "0.50230"], ["1.30790", "-0.61710", "1.27370"], ["2.74680", "-0.38710", "1.26330"], ["3.35980", "-1.17160", "2.42390"], ["3.36220", "-0.84250", "-0.05990"], ["-0.57220", "-0.33270", "-0.00400"], ["-1.34140", "0.45350", "-0.74490"], ["-2.49910", "-0.03930", "-1.33530"], ["-3.22810", "-1.05650", "-0.58570"], ["-4.72440", "-0.89370", "-0.86410"], ["-2.77410", "-2.45000", "-1.02060"], ["-1.08530", "1.72720", "-0.98540"], ["2.62440", "3.52560", "0.13820"], ["2.09190", "5.20150", "0.34960"], ["1.46290", "3.94740", "1.43170"], ["1.01200", "-1.56760", "1.07650"], ["2.97670", "0.67290", "1.42840"], ["3.17210", "-2.24670", "2.32400"], ["4.44290", "-1.01740", "2.47080"], ["2.93080", "-0.84910", "3.37920"], ["3.14660", "-1.89870", "-0.25730"], ["4.44970", "-0.71420", "-0.04690"], ["2.96970", "-0.26290", "-0.90210"], ["-3.03570", "0.78000", "-1.60460"], ["-3.08140", "-0.94000", "0.49610"], ["-5.07280", "0.09490", "-0.54480"], ["-4.94580", "-0.99280", "-1.93280"], ["-5.30670", "-1.64680", "-0.32300"], ["-3.34080", "-3.22500", "-0.49370"], ["-2.91810", "-2.59670", "-2.09710"], ["-1.71290", "-2.61280", "-0.80770"]], "bond_dist": [[0.0, 1.8092224738820817, 2.757151443065832, 2.823965844340189, 4.131607186071784, 4.87501677227884, 4.726485042819875, 5.9159053280119345, 5.266988192506226, 5.081376706169303, 4.972903781494268, 6.235131906383376, 7.291225949728893, 8.325943099733507, 8.14557598270374, 3.999830787670898, 1.0937418799698582, 1.0935771486273849, 1.0935583569247687, 5.81404969105012, 3.8264199691095064, 6.830613388269021, 6.179223395379067, 5.937886744457155, 6.245070883504846, 5.577129318923849, 4.762105085988758, 6.209071577136149, 7.038783244993413, 8.015748940055445, 8.781239102769039, 9.182667236157476, 9.02453676872115, 8.594548633290756, 7.710039273570531], [1.8092224738820817, 0.0, 1.7807713721867835, 2.684322486215097, 3.8904053696240966, 5.034790749375787, 5.288515510046274, 6.677059823754764, 5.6379725558040805, 4.4095242679908235, 3.8644389010566593, 4.928820918840529, 6.1469544987741696, 7.0196740451391335, 7.107413710344995, 2.6453095187520113, 2.425045496480427, 2.3982966330293674, 2.4244694759885097, 5.799921869301344, 4.670963123382586, 7.4130325279200004, 7.136482419932105, 6.784210877471306, 6.439388693036009, 6.18323064101607, 4.89909750566367, 4.721229065614165, 6.092425343818339, 6.66964942032188, 7.344948651964832, 7.9711755475588415, 8.054195627745827, 7.421954646183173, 6.850711568881002], [2.757151443065832, 1.7807713721867835, 0.0, 1.3265986619923902, 2.233842228090426, 3.525344370412627, 4.11184162389555, 5.527667353414096, 4.522914398924658, 2.629099273515551, 2.234749359547956, 3.4901139078832366, 4.601580477401216, 5.6825211570217675, 5.453578308780392, 1.3278145841946456, 2.973985423636101, 3.7322138925844004, 2.9342688152246725, 4.167383218519746, 3.80187355655077, 6.096380967426494, 6.1807729459995535, 5.672863618138551, 5.146091066042263, 5.3046103796603195, 3.859820282085683, 3.5717413638168143, 4.509059841031165, 5.516046115652044, 6.093852924053878, 6.572811295785085, 6.37877176343534, 5.863642476311119, 5.123663509638392], [2.823965844340189, 2.684322486215097, 1.3265986619923902, 0.0, 1.3224200958848138, 2.350706204526631, 2.8169868068558648, 4.208635952419739, 3.4332225954633357, 2.3389886575184584, 2.6571465051818275, 4.046202706241989, 4.901820574031652, 6.188473164682869, 5.523869911574674, 2.3582349501268953, 2.700565535216652, 3.9146453900704725, 2.7691134700477695, 3.148143951600689, 2.5198926108070556, 4.823531412772182, 4.86755357443552, 4.368785572673486, 4.120043071376803, 4.2201204876164375, 2.994026188930217, 4.405487024155218, 4.635463612196735, 6.159361624389333, 6.705875830195487, 6.950523321304663, 6.366021795438655, 6.065984515311591, 4.9696527494383345], [4.131607186071784, 3.8904053696240966, 2.233842228090426, 1.3224200958848138, 0.0, 1.3861105331105454, 2.4319519320907643, 3.7021198805549234, 3.0877541676759184, 1.3241306468774143, 2.2514288440899035, 3.5427819139766417, 4.10545842629054, 5.5317057947797625, 4.5053312808271935, 2.655725699314596, 3.9349763989127053, 5.224843555552645, 3.9544680628372766, 1.9426857723265492, 2.665272740265056, 4.056065135078578, 4.5617974472788685, 3.904029560595053, 3.461014908953731, 4.078075813419853, 2.8661601368381358, 4.169412230758671, 3.782739839058457, 5.690008781188304, 6.104416750189981, 6.172988341962101, 5.269283310849778, 5.148790002515153, 3.8378312547583433], [4.87501677227884, 5.034790749375787, 3.525344370412627, 2.350706204526631, 1.3861105331105454, 0.0, 1.4572032699661361, 2.416758966053503, 2.459561467009922, 2.290889927517252, 3.49853123610466, 4.651234550095276, 4.921964721531433, 6.405883209206987, 5.0285245251465165, 4.040628854522524, 4.492715859032262, 5.943460504621865, 4.569863154406267, 1.0148373761347187, 2.114929202124743, 2.689603667829147, 3.3795729759838, 2.668474968966357, 2.7142728768493414, 3.4094457042164494, 2.7606416862751315, 5.394753030491757, 4.469326645032784, 6.672871851009878, 7.037865900256981, 6.8820539187077, 5.615626132498495, 5.756751236591694, 4.1761557789431185], [4.726485042819875, 5.288515510046274, 4.11184162389555, 2.8169868068558648, 2.4319519320907643, 1.4572032699661361, 0.0, 1.5291179189323496, 1.528713367508769, 3.5531351860012306, 4.631722664409, 5.864567640500022, 6.290177053946892, 7.784683921650255, 6.320766759658198, 4.920559580982634, 4.073088884372645, 5.700543102196493, 4.523786911427195, 2.1066574306232138, 1.0971381043423842, 2.1826765083264172, 2.175336652106979, 2.1735530382302612, 2.181054552275114, 2.1733584287917167, 2.180382354083797, 6.559289524788489, 5.904422875269013, 8.040378956865155, 8.352126822552446, 8.304339469819379, 6.942593115688115, 6.947352900925646, 5.397379510466167], [5.9159053280119345, 6.677059823754764, 5.527667353414096, 4.208635952419739, 3.7021198805549234, 2.416758966053503, 1.5291179189323496, 0.0, 2.5055089323329103, 4.696709020154431, 5.897755919839342, 7.0526872282839825, 7.243712209910054, 8.731692965857194, 7.15007804293072, 6.307557525698835, 5.275312833377751, 6.8210479040980205, 5.548590041623187, 2.7357755024855384, 2.1307196225688636, 1.0959248651253426, 1.0950264197726007, 1.0957396314818586, 2.786209268881288, 2.7389686763451677, 3.4698976497873826, 7.806406027103638, 6.727489044212559, 9.029171872325835, 9.380607426494299, 9.103817710169727, 7.591237163993759, 7.866535414018042, 6.1848671198337], [5.266988192506226, 5.6379725558040805, 4.522914398924658, 3.4332225954633357, 3.0877541676759184, 2.459561467009922, 1.528713367508769, 2.5055089323329103, 0.0, 3.9676849937967607, 4.9267325845838235, 6.051992489255088, 6.614704508139423, 8.12665113315442, 6.415697813176678, 5.219211108012398, 4.434398500360563, 6.189611323823169, 5.36426631143533, 2.709356936617987, 2.158722840014438, 2.7732462674634575, 2.7573438287598444, 3.466058039040893, 1.0959053608774803, 1.095119235517302, 1.0951224817343492, 6.778770445294633, 6.468278226081497, 8.50076889287081, 8.517817120600794, 8.710106044704624, 7.127039896759384, 6.831512978103753, 5.426767632762619], [5.081376706169303, 4.4095242679908235, 2.629099273515551, 2.3389886575184584, 1.3241306468774143, 2.290889927517252, 3.5531351860012306, 4.696709020154431, 3.9676849937967607, 0.0, 1.3261643525596667, 2.3603785416750425, 2.813550450942723, 4.277295623405051, 3.219440706085453, 2.33871879027813, 5.012479555070524, 6.1522216645696375, 4.951981675046869, 2.2808217598050056, 3.9569802033874266, 4.806533313106235, 5.63424148754737, 4.8973176535732295, 4.043017478319875, 5.036552617614553, 3.6546561069408434, 3.1414732053608225, 2.629638366772131, 4.553098588873296, 4.8253889387281514, 4.923830831781287, 4.033652357355552, 3.874275470329904, 2.67319774614599], [4.972903781494268, 3.8644389010566593, 2.234749359547956, 2.6571465051818275, 2.2514288440899035, 3.49853123610466, 4.631722664409, 5.897755919839342, 4.9267325845838235, 1.3261643525596667, 0.0, 1.3898536937390207, 2.4217930402906025, 3.64332890088172, 3.2494541126164562, 1.3212642241429229, 5.093646401155071, 5.960619358757947, 4.980865713909582, 3.5973371721316307, 4.839148361023869, 6.0894096183456075, 6.77955749219667, 6.079198994110984, 5.09045603065187, 5.948744951668377, 4.373045164413465, 1.9277808044484726, 2.551376736195578, 3.753928599480816, 4.0613531562768586, 4.506979453026162, 4.194289457107128, 3.6902774651779233, 3.089361063391588], [6.235131906383376, 4.928820918840529, 3.4901139078832366, 4.046202706241989, 3.5427819139766417, 4.651234550095276, 5.864567640500022, 7.0526872282839825, 6.051992489255088, 2.3603785416750425, 1.3898536937390207, 0.0, 1.4587792841962077, 2.429812521574453, 2.4466580431274005, 2.289493983394584, 6.413264886935514, 7.168134600438248, 6.264783307505535, 4.525516914121524, 6.174921227837647, 7.101098555153279, 7.977119832370578, 7.2364425168725, 6.04097515720765, 7.099386312210373, 5.490485647007922, 1.0157334985122821, 2.122347695360023, 2.6957061375454114, 2.6930483452771514, 3.3899004852650174, 3.4007990149375193, 2.701146978600017, 2.74214778048157], [7.291225949728893, 6.1469544987741696, 4.601580477401216, 4.901820574031652, 4.10545842629054, 4.921964721531433, 6.290177053946892, 7.243712209910054, 6.614704508139423, 2.813550450942723, 2.4217930402906025, 1.4587792841962077, 0.0, 1.5306613243954392, 1.528756442341291, 3.5355816522886303, 7.46802703998854, 8.2667859588839, 7.149433471961257, 4.582857193934806, 6.7488492507982425, 7.1306023707678445, 8.257600260366203, 7.327721063195569, 6.438474003209145, 7.704290205463447, 6.256407496319273, 2.109006216207055, 1.0978999863375534, 2.1749282424944507, 2.183856540617996, 2.176704697472765, 2.173374689279324, 2.18005642128822, 2.1833883598663797], [8.325943099733507, 7.0196740451391335, 5.6825211570217675, 6.188473164682869, 5.5317057947797625, 6.405883209206987, 7.784683921650255, 8.731692965857194, 8.12665113315442, 4.277295623405051, 3.64332890088172, 2.429812521574453, 1.5306613243954392, 0.0, 2.500046405569305, 4.486299066045419, 8.63363650033982, 9.22423310741874, 8.18471918516451, 6.09313995654129, 8.186374839939837, 8.622604180872505, 9.755831537598423, 8.752695075803794, 7.95806963025582, 9.212173842258947, 7.720008254529266, 2.4902448935797463, 2.133479957721656, 1.0957486071175266, 1.095882502825919, 1.0949986803645015, 2.7361478048526546, 2.771861773249164, 3.4680856419644543], [8.14557598270374, 7.107413710344995, 5.453578308780392, 5.523869911574674, 4.5053312808271935, 5.0285245251465165, 6.320766759658198, 7.15007804293072, 6.415697813176678, 3.219440706085453, 3.2494541126164562, 2.4466580431274005, 1.528756442341291, 2.500046405569305, 0.0, 4.505805623859067, 8.135995025195136, 9.170651901037353, 8.055598739386166, 4.417127050470701, 6.9872602678016795, 6.825318636518004, 8.1441577661536, 7.380176478919728, 5.995101923237002, 7.492955342853712, 6.147250369067458, 3.2927785470632553, 2.1621545226925853, 3.4622136473649343, 2.7698053307046693, 2.7469690132944713, 1.0951700781157236, 1.0959512489157537, 1.0945207581402918], [3.999830787670898, 2.6453095187520113, 1.3278145841946456, 2.3582349501268953, 2.655725699314596, 4.040628854522524, 4.920559580982634, 6.307557525698835, 5.219211108012398, 2.33871879027813, 1.3212642241429229, 2.289493983394584, 3.5355816522886303, 4.486299066045419, 4.505805623859067, 0.0, 4.273007560255422, 4.893627011736796, 4.155115364222755, 4.416537777490418, 4.841262534711374, 6.698467312005038, 7.073835087136256, 6.4665380274146695, 5.620165302729093, 6.121882162374575, 4.517793919602797, 2.254918322245841, 3.6459859160452064, 4.331130095021391, 4.816578350862779, 5.4445263999727285, 5.463820456420581, 4.826089922494193, 4.388742308452389], [1.0937418799698582, 2.425045496480427, 2.973985423636101, 2.700565535216652, 3.9349763989127053, 4.492715859032262, 4.073088884372645, 5.275312833377751, 4.434398500360563, 5.012479555070524, 5.093646401155071, 6.413264886935514, 7.46802703998854, 8.63363650033982, 8.135995025195136, 4.273007560255422, 0.0, 1.7711259187307946, 1.788893440090829, 5.424106091329704, 3.150655268352918, 6.196542924889651, 5.420960616901769, 5.453069048710093, 5.463711520569145, 4.619727929218343, 3.9438798701278923, 6.527817645277785, 7.254366230760617, 8.45476666324979, 9.056097813076004, 9.479914261743088, 9.030698146322909, 8.555608080668492, 7.5754110555137535], [1.0935771486273849, 2.3982966330293674, 3.7322138925844004, 3.9146453900704725, 5.224843555552645, 5.943460504621865, 5.700543102196493, 6.8210479040980205, 6.189611323823169, 6.1522216645696375, 5.960619358757947, 7.168134600438248, 8.2667859588839, 9.22423310741874, 9.170651901037353, 4.893627011736796, 1.7711259187307946, 0.0, 1.7718205947555752, 6.893132990883028, 4.738659983581856, 7.780794987660323, 6.978639383862731, 6.818503481703298, 7.203718466181199, 6.380590848816433, 5.674235903626144, 7.0470448877525955, 8.031345926431012, 8.843655409953511, 9.649244713447784, 10.104003444674788, 10.061375971009136, 9.586363446583903, 8.76807452180922], [1.0935583569247687, 2.4244694759885097, 2.9342688152246725, 2.7691134700477695, 3.9544680628372766, 4.569863154406267, 4.523786911427195, 5.548590041623187, 5.36426631143533, 4.951981675046869, 4.980865713909582, 6.264783307505535, 7.149433471961257, 8.18471918516451, 8.055598739386166, 4.155115364222755, 1.788893440090829, 1.7718205947555752, 0.0, 5.544790604702761, 3.6074854926943223, 6.487252017611155, 5.882972705189104, 5.380882725910313, 6.3138302083600575, 5.730422912839853, 5.044174339770583, 6.28402278878745, 6.738893723008251, 7.83987774075591, 8.76338245085766, 8.955530687234566, 8.84454750736294, 8.629648616832554, 7.624751933013952], [5.81404969105012, 5.799921869301344, 4.167383218519746, 3.148143951600689, 1.9426857723265492, 1.0148373761347187, 2.1066574306232138, 2.7357755024855384, 2.709356936617987, 2.2808217598050056, 3.5973371721316307, 4.525516914121524, 4.582857193934806, 6.09313995654129, 4.417127050470701, 4.416537777490418, 5.424106091329704, 6.893132990883028, 5.544790604702761, 0.0, 3.000619927614959, 2.585239847673712, 3.744044249204328, 3.0822821058430065, 2.5387333081676777, 3.7159252427894724, 3.0740347005198236, 5.392902582098067, 4.181706527244589, 6.512857359101303, 6.699377759911737, 6.472313541539841, 4.915218269822817, 5.1552371216075015, 3.473864230219713], [3.8264199691095064, 4.670963123382586, 3.80187355655077, 2.5198926108070556, 2.665272740265056, 2.114929202124743, 1.0971381043423842, 2.1307196225688636, 2.158722840014438, 3.9569802033874266, 4.839148361023869, 6.174921227837647, 6.7488492507982425, 8.186374839939837, 6.9872602678016795, 4.841262534711374, 3.150655268352918, 4.738659983581856, 3.6074854926943223, 3.000619927614959, 0.0, 3.0601216773193842, 2.4684923111081387, 2.474714417867242, 3.0795416964217255, 2.5040538133195143, 2.511374303046043, 6.734947154209897, 6.338075836561124, 8.307951160785672, 8.76574173587153, 8.778560565947016, 7.668044018522585, 7.607108613001395, 6.147220173379184], [6.830613388269021, 7.4130325279200004, 6.096380967426494, 4.823531412772182, 4.056065135078578, 2.689603667829147, 2.1826765083264172, 1.0959248651253426, 2.7732462674634575, 4.806533313106235, 6.0894096183456075, 7.101098555153279, 7.1306023707678445, 8.622604180872505, 6.825318636518004, 6.698467312005038, 6.196542924889651, 7.780794987660323, 6.487252017611155, 2.585239847673712, 3.0601216773193842, 0.0, 1.7741649782362408, 1.767755212126385, 2.6047771382596245, 3.0987069593622434, 3.7926441185537034, 7.945539106316197, 6.644918776779742, 9.038333917819147, 9.251643738277, 8.90261413574687, 7.163404957839533, 7.5338676156407205, 5.814189461997261], [6.179223395379067, 7.136482419932105, 6.1807729459995535, 4.86755357443552, 4.5617974472788685, 3.3795729759838, 2.175336652106979, 1.0950264197726007, 2.7573438287598444, 5.63424148754737, 6.77955749219667, 7.977119832370578, 8.257600260366203, 9.755831537598423, 8.1441577661536, 7.073835087136256, 5.420960616901769, 6.978639383862731, 5.882972705189104, 3.744044249204328, 2.4684923111081387, 1.7741649782362408, 0.0, 1.771993752810658, 3.146365043983295, 2.5359001892819046, 3.7571322707618373, 8.704538464502296, 7.779493642905044, 10.043883767746419, 10.370148784371418, 10.16150397136172, 8.61671304500736, 8.805919594227511, 7.1545605770026155], [5.937886744457155, 6.784210877471306, 5.672863618138551, 4.368785572673486, 3.904029560595053, 2.668474968966357, 2.1735530382302612, 1.0957396314818586, 3.466058039040893, 4.8973176535732295, 6.079198994110984, 7.2364425168725, 7.327721063195569, 8.752695075803794, 7.380176478919728, 6.4665380274146695, 5.453069048710093, 6.818503481703298, 5.380882725910313, 3.0822821058430065, 2.474714417867242, 1.767755212126385, 1.771993752810658, 0.0, 3.7910898235204082, 3.7501221886759906, 4.321420291987346, 7.943006452219461, 6.668363911785258, 8.963622312435973, 9.501516786808304, 9.066367319935807, 7.744496225062028, 8.2008291446658, 6.496515911625246], [6.245070883504846, 6.439388693036009, 5.146091066042263, 4.120043071376803, 3.461014908953731, 2.7142728768493414, 2.181054552275114, 2.786209268881288, 1.0959053608774803, 4.043017478319875, 5.09045603065187, 6.04097515720765, 6.438474003209145, 7.95806963025582, 5.995101923237002, 5.620165302729093, 5.463711520569145, 7.203718466181199, 6.3138302083600575, 2.5387333081676777, 3.0795416964217255, 2.6047771382596245, 3.146365043983295, 3.7910898235204082, 0.0, 1.773521361585476, 1.767173531377154, 6.871061364156195, 6.346235202858463, 8.462602056696273, 8.3135367215163, 8.45730754968743, 6.625806774272851, 6.375943391373546, 4.94243049723514], [5.577129318923849, 6.18323064101607, 5.3046103796603195, 4.2201204876164375, 4.078075813419853, 3.4094457042164494, 2.1733584287917167, 2.7389686763451677, 1.095119235517302, 5.036552617614553, 5.948744951668377, 7.099386312210373, 7.704290205463447, 9.212173842258947, 7.492955342853712, 6.121882162374575, 4.619727929218343, 6.380590848816433, 5.730422912839853, 3.7159252427894724, 2.5040538133195143, 3.0987069593622434, 2.5359001892819046, 3.7501221886759906, 1.773521361585476, 0.0, 1.7678910401945023, 7.79039640133928, 7.554025539406125, 9.569772905873995, 9.586952436514954, 9.804759809908655, 8.19729450062641, 7.8760144191081825, 6.493160814272199], [4.762105085988758, 4.89909750566367, 3.859820282085683, 2.994026188930217, 2.8661601368381358, 2.7606416862751315, 2.180382354083797, 3.4698976497873826, 1.0951224817343492, 3.6546561069408434, 4.373045164413465, 5.490485647007922, 6.256407496319273, 7.720008254529266, 6.147250369067458, 4.517793919602797, 3.9438798701278923, 5.674235903626144, 5.044174339770583, 3.0740347005198236, 2.511374303046043, 3.7926441185537034, 3.7571322707618373, 4.321420291987346, 1.767173531377154, 1.7678910401945023, 0.0, 6.135631656154075, 6.24733854213136, 8.058380133748967, 8.01562453898634, 8.411262270313536, 6.983067894557521, 6.445218094060123, 5.240008027665606], [6.209071577136149, 4.721229065614165, 3.5717413638168143, 4.405487024155218, 4.169412230758671, 5.394753030491757, 6.559289524788489, 7.806406027103638, 6.778770445294633, 3.1414732053608225, 1.9277808044484726, 1.0157334985122821, 2.109006216207055, 2.4902448935797463, 3.2927785470632553, 2.254918322245841, 6.527817645277785, 7.0470448877525955, 6.28402278878745, 5.392902582098067, 6.734947154209897, 7.945539106316197, 8.704538464502296, 7.943006452219461, 6.871061364156195, 7.79039640133928, 6.135631656154075, 0.0, 2.715405859167281, 2.3963126799313983, 2.626598006928354, 3.562204064901392, 4.167398447472955, 3.4144529430056574, 3.727726021316481], [7.038783244993413, 6.092425343818339, 4.509059841031165, 4.635463612196735, 3.782739839058457, 4.469326645032784, 5.904422875269013, 6.727489044212559, 6.468278226081497, 2.629638366772131, 2.551376736195578, 2.122347695360023, 1.0978999863375534, 2.133479957721656, 2.1621545226925853, 3.6459859160452064, 7.254366230760617, 8.031345926431012, 6.738893723008251, 4.181706527244589, 6.338075836561124, 6.644918776779742, 7.779493642905044, 6.668363911785258, 6.346235202858463, 7.554025539406125, 6.24733854213136, 2.715405859167281, 0.0, 2.4738966793299997, 3.062405983863015, 2.4743587330862113, 2.5036408288730234, 3.081559348771333, 2.5240734002797938], [8.015748940055445, 6.66964942032188, 5.516046115652044, 6.159361624389333, 5.690008781188304, 6.672871851009878, 8.040378956865155, 9.029171872325835, 8.50076889287081, 4.553098588873296, 3.753928599480816, 2.6957061375454114, 2.1749282424944507, 1.0957486071175266, 3.4622136473649343, 4.331130095021391, 8.45476666324979, 8.843655409953511, 7.83987774075591, 6.512857359101303, 8.307951160785672, 9.038333917819147, 10.043883767746419, 8.963622312435973, 8.462602056696273, 9.569772905873995, 8.058380133748967, 2.3963126799313983, 2.4738966793299997, 0.0, 1.7679831136071409, 1.771277318773094, 3.7448860089460663, 3.7811477014261157, 4.323156683489508], [8.781239102769039, 7.344948651964832, 6.093852924053878, 6.705875830195487, 6.104416750189981, 7.037865900256981, 8.352126822552446, 9.380607426494299, 8.517817120600794, 4.8253889387281514, 4.0613531562768586, 2.6930483452771514, 2.183856540617996, 1.095882502825919, 2.7698053307046693, 4.816578350862779, 9.056097813076004, 9.649244713447784, 8.76338245085766, 6.699377759911737, 8.76574173587153, 9.251643738277, 10.370148784371418, 9.501516786808304, 8.3135367215163, 9.586952436514954, 8.01562453898634, 2.626598006928354, 3.062405983863015, 1.7679831136071409, 0.0,