{"total energy": -64.02484872, "HOMO-LUMO gap/eV": 1.99025711, "electronic energy": -64.59628455, "dipole": [3.34710257, 1.46655138, 0.45308332], "partial charges": [-0.11371201, 0.08114795, -0.27271025, 0.39799453, -0.43895381, -0.10262157, -0.03876428, 0.28611713, -0.37267982, -0.03509738, -0.07516777, 0.39197804, -0.39299882, -0.27970382, 0.09635331, -0.11136911, -0.26942286, 0.0941522, -0.1112408, 0.05479055, 0.05954276, 0.05403691, 0.06166139, 0.06210941, 0.07327579, 0.06810144, 0.08702521, 0.09283612, 0.11269483, 0.05634742, 0.04708274, 0.04854712, 0.05795453, 0.05704578, 0.04999737, 0.05234059, 0.05712475, 0.05340443, 0.06078001], "atomic dipole moments": [[-0.09369035, 0.08349629, -0.06128685], [-0.14816794, -0.01419037, 0.21891368], [-5.529e-05, -0.19470884, -0.14177288], [0.06138422, 0.10035053, 0.03740113], [0.00517098, 0.16366039, 0.11347478], [0.04306948, -0.01498795, 0.0407349], [-0.04374231, -0.16196587, -0.14126411], [0.05509446, 0.06589056, -0.02679188], [0.05769774, 0.01017619, -0.17386678], [-0.11953073, 0.03006655, 0.09936282], [0.23392799, 0.4602102, -0.0456922], [0.23246244, -0.02578616, 0.1081795], [0.41052978, -0.10576042, 0.09620192], [-0.1154753, 0.1442056, 0.07026533], [0.07055227, -0.26763763, 0.02494196], [-0.12434068, -0.03366656, 0.06034633], [-0.12677391, -0.11810072, 0.03858575], [0.1588454, 0.10844604, -0.20869371], [-0.06798694, -0.08004171, -0.10484446], [0.09720222, -0.01977669, -0.08378042], [-0.0461574, -0.11649011, 0.03786389], [0.04725912, 0.04901614, 0.10854982], [0.05204783, 0.10711504, -0.03445312], [-0.04801873, -0.04809712, -0.11242959], [0.03970062, 0.10756886, -0.06211267], [0.0953107, -0.04577539, 0.07330191], [-0.10470905, 0.03579811, 0.07516688], [0.00729299, 0.05480752, -0.12513801], [0.05651782, -0.12797284, 0.00436521], [-0.09358104, 0.02050118, -0.07766429], [-0.01708387, 0.05014898, 0.11192959], [0.09829598, -0.02964832, 0.07282136], [0.02411674, -0.06284861, -0.10964207], [0.00144238, 0.12724422, -0.02249218], [-0.11785219, 0.02661052, -0.0108663], [0.01971746, -0.12106567, 0.01387808], [-0.05461433, -0.03115366, 0.11362261], [-0.01053705, 0.12513459, -0.01857891], [0.12587023, -0.01797713, 0.00881729]], "atomic quadrupole moments": [[0.08015427, -0.17680786, -0.00378703, 0.10389848, -0.08985155, -0.07636723], [0.1965353, -0.18631505, -0.22668745, -0.30974296, -0.0022423, 0.03015216], [0.02083439, 0.01186654, -0.01103843, -0.06415965, 0.03671153, -0.00979595], [0.01206432, -0.05710283, -0.06771522, 0.23295346, -0.27568342, 0.05565089], [-0.01972343, -0.05709288, -0.00900323, 0.09210889, -0.07363713, 0.02872667], [-0.03717545, 0.02075001, 0.00115326, 0.01349027, 0.02990156, 0.03602219], [-0.16439332, 0.1290914, 0.11746326, 0.07125318, 0.28001363, 0.04693006], [0.15505033, -0.38270141, 0.15803853, 0.0808405, -0.08432046, -0.31308886], [0.03655335, -0.16642817, 0.06297526, 0.03491056, -0.04710965, -0.09952861], [0.34433626, 0.12704035, -0.21913169, -0.05272603, 0.12271009, -0.12520457], [0.33493174, -0.12581399, 0.28346255, -0.05124321, -0.03530072, -0.61839429], [-0.90276728, 0.11486215, 0.50442631, -0.54481588, -0.20527644, 0.39834096], [0.55694967, -0.22696249, -0.264867, 0.27451751, -0.07519209, -0.29208267], [-0.02721353, 0.00225765, 0.09467501, -0.06122702, -0.04554058, -0.06746148], [-0.12705813, 0.05301725, 0.44391445, -0.12978758, -0.16926806, -0.31685632], [0.17169274, 0.10754316, -0.09626616, -0.1440407, -0.0589478, -0.07542657], [-0.04694954, 0.05819998, -0.0630281, -0.04573335, -0.00275588, 0.10997764], [-0.17245937, 0.17433429, -0.24703036, -0.21579048, -0.05561257, 0.41948973], [-0.0793321, 0.08785971, -0.02915331, 0.1240047, 0.16438215, 0.10848541], [0.02385441, -0.01650357, -0.04358933, -0.06292144, 0.00385882, 0.01973491], [-0.00709298, 0.04838128, 0.04579079, -0.00017379, -0.02263772, -0.03869781], [-0.03374562, 0.01458528, 0.00079004, 0.03962494, 0.04723087, 0.03295558], [-0.00266757, 0.02358606, 0.04326, -0.00892245, -0.01034386, -0.04059243], [0.008063, 0.00906623, -0.0096948, 0.0143468, 0.0294411, 0.0016318], [-0.03974034, 0.02806584, 0.02972841, -0.02070578, -0.03659557, 0.01001192], [0.00839428, -0.02824381, -0.00959349, 0.05331217, -0.00038512, 0.00119921], [0.04362267, 0.00020914, -0.02741615, -0.038488, 0.021083, -0.01620653], [0.03344661, 0.02354668, -0.04152813, -0.01393528, -0.03214639, 0.00808153], [-0.00513063, -0.03040747, 0.04135762, -0.0003869, -0.00972328, -0.03622699], [0.00527187, 0.00398981, 0.00093809, 0.03313451, -0.02045677, -0.00620996], [-0.03843334, 0.01354757, 0.01759025, -0.01232782, 0.01119074, 0.02084309], [0.02495267, -0.01885899, -0.04709372, 0.05141995, -0.02179072, 0.02214104], [-0.02802533, 0.00164624, -0.02074208, -0.00627628, 0.05613263, 0.04876741], [-0.03624787, -0.00868188, 0.08283063, -0.00456489, -0.02067909, -0.04658275], [0.03147786, -0.01828761, -0.03668125, -0.00405438, -0.0015931, 0.00520339], [-0.03647136, -0.01488853, 0.02621002, -0.00856398, -0.01104578, 0.01026135], [-0.01678271, 0.02451084, -0.03351692, -0.04781675, -0.02706081, 0.05029963], [-0.03549255, -0.02192357, 0.07317777, 0.01776715, -0.0225196, -0.03768523], [0.07055292, -0.03118241, -0.02496075, 0.00672227, 0.01079042, -0.04559216]], "number of molecular orbitals": 111, "number of electrons": 112, "number of unpaired electrons": 0, "orbital energies/eV": [-20.89514193, -20.4086904, -20.24197319, -20.13695031, -20.09307919, -19.95739145, -19.57377852, -18.84659921, -18.83771076, -18.41599616, -18.35280628, -17.96739584, -17.70156622, -17.45834901, -17.29897724, -17.07254844, -16.96016839, -16.75231542, -16.59756631, -16.49295103, -16.08841561, -16.03135031, -15.93165831, -15.75978284, -15.58351505, -15.56212567, -15.35007712, -15.1350856, -15.06175984, -14.94285707, -14.61420083, -14.58075611, -14.4707227, -14.31753306, -14.04431385, -13.97463349, -13.76920682, -13.70209345, -13.5985047, -13.49683752, -13.32968897, -13.30840926, -13.10317609, -12.99961749, -12.80943123, -12.77855093, -12.71444056, -12.58665542, -12.35869076, -12.15789622, -12.12032212, -12.03499968, -11.83498379, -10.94273122, -9.94011018, -9.86983006, -7.87957295, -6.57498764, -6.34495663, -5.8761495, -4.42715481, -3.67623473, -2.91851322, -1.56775422, -0.81775367, -0.48849486, -0.43098331, 0.06587448, 0.33083154, 0.52966252, 0.84999192, 0.90059392, 2.03908413, 2.12422973, 2.2311222, 2.56053673, 2.63771656, 2.84239272, 2.9169585, 3.06762479, 3.36323786, 3.45925818, 3.53833874, 3.61572353, 3.65630362, 3.75163683, 4.09610102, 4.1671691, 4.24971224, 4.330287, 4.53096968, 4.74155265, 4.99131544, 5.30022312, 5.68263336, 5.93073978, 5.97103346, 6.1970316, 6.40385798, 6.73275395, 6.89619161, 6.97108623, 7.97449578, 9.31292571, 11.37870263, 11.7084085, 14.00338731, 15.40182171, 25.80010494, 26.87393427, 35.29290277], "fractional occupation": [2.0, 2.0, 2.0, 2.0, 2.0, 2.0, 2.0, 2.0, 2.0, 2.0, 2.0, 2.0, 2.0, 2.0, 2.0, 2.0, 2.0, 2.0, 2.0, 2.0, 2.0, 2.0, 2.0, 2.0, 2.0, 2.0, 2.0, 2.0, 2.0, 2.0, 2.0, 2.0, 2.0, 2.0, 2.0, 2.0, 2.0, 2.0, 2.0, 2.0, 2.0, 2.0, 2.0, 2.0, 2.0, 2.0, 2.0, 2.0, 2.0, 2.0, 2.0, 2.0, 2.0, 2.0, 2.0, 2.0, 0.0, 0.0, 0.0, 0.0, 0.0, 0.0, 0.0, 0.0, 0.0, 0.0, 0.0, 0.0, 0.0, 0.0, 0.0, 0.0, 0.0, 0.0, 0.0, 0.0, 0.0, 0.0, 0.0, 0.0, 0.0, 0.0, 0.0, 0.0, 0.0, 0.0, 0.0, 0.0, 0.0, 0.0, 0.0, 0.0, 0.0, 0.0, 0.0, 0.0, 0.0, 0.0, 0.0, 0.0, 0.0, 0.0, 0.0, 0.0, 0.0, 0.0, 0.0, 0.0, 0.0, 0.0, 0.0], "program call": "xtb /home/svss/Project-DBcg-Debug/aqme2_20220329/End-to-End-workflows-final/example-3/QDESCP/mol_957_rdkit_conf_3/mol_957_rdkit_conf_3.xyz --pop --wbo --acc 0.2 --gfn 2 --chrg 0 --uhf 0 --etemp 300 --input /home/svss/Project-DBcg-Debug/aqme2_20220329/End-to-End-workflows-final/example-3/QDESCP/mol_957_rdkit_conf_3/mol_957_rdkit_conf_3_xtb.inp", "method": "GFN2-xTB", "xtb version": "6.3.3 (7355c4f)", "Dipole module/D": 9.359, "Total charge": 0, "Transition dipole module/D": NaN, "HOMO": -9.8698, "LUMO": -7.8796, "HOMO occupancy": 2.0, "LUMO occupancy": 0, "mulliken charges": [-0.09912, 0.20659, -0.42344, 0.65482, -0.55382, -0.24896, 0.06978, 0.48807, -0.51751, 0.00274, -0.05411, 0.37681, -0.21611, -0.38749, 0.21314, -0.09714, -0.37391, 0.20925, -0.09252, 0.03731, 0.05246, 0.04023, 0.03438, 0.04692, 0.04484, 0.04723, 0.06393, 0.06796, 0.07447, 0.0271, 0.03361, 0.03527, 0.0419, 0.03119, 0.02057, 0.0327, 0.03088, 0.03391, 0.04608], "cm5 charges": [-0.24557, 0.12421, -0.50265, 0.77589, -0.60317, -0.49583, -0.01375, 0.58222, -0.5633, -0.07232, -0.05425, 0.31732, -0.18691, -0.44986, 0.13514, -0.24367, -0.43803, 0.13111, -0.23911, 0.08857, 0.10758, 0.09357, 0.09701, 0.11313, 0.1109, 0.11161, 0.13037, 0.13784, 0.1353, 0.09153, 0.10155, 0.09042, 0.09538, 0.08244, 0.08538, 0.09954, 0.08215, 0.08728, 0.10097], "FUKUI+": [0.01, 0.014, -0.053, -0.043, -0.092, -0.041, 0.029, -0.064, -0.139, 0.028, -0.158, -0.051, -0.105, 0.009, 0.01, 0.007, 0.008, 0.011, 0.008, -0.027, -0.002, -0.015, -0.033, -0.016, -0.038, -0.034, -0.024, -0.047, -0.053, -0.018, -0.011, 0.007, -0.009, -0.023, -0.018, 0.002, -0.021, -0.015, 0.004], "FUKUI-": [0.006, 0.006, -0.018, 0.002, -0.018, -0.013, 0.014, 0.005, -0.022, 0.024, -0.17, -0.119, -0.371, 0.002, 0.014, 0.009, 0.0, 0.015, 0.01, -0.022, -0.023, -0.026, -0.029, -0.019, -0.016, -0.021, -0.005, -0.03, -0.034, -0.009, -0.014, -0.011, -0.014, -0.026, -0.008, -0.011, -0.025, -0.017, -0.016], "FUKUIrad": [0.008, 0.01, -0.036, -0.02, -0.055, -0.027, 0.021, -0.029, -0.081, 0.026, -0.164, -0.085, -0.238, 0.006, 0.012, 0.008, 0.004, 0.013, 0.009, -0.024, -0.012, -0.02, -0.031, -0.018, -0.027, -0.027, -0.015, -0.038, -0.044, -0.013, -0.012, -0.002, -0.011, -0.024, -0.013, -0.004, -0.023, -0.016, -0.006], "s proportion": [1.013, 0.994, 1.692, 0.929, 1.724, 1.441, 0.983, 1.019, 1.735, 1.049, 1.913, 1.52, 1.892, 1.654, 0.993, 1.013, 1.657, 0.992, 1.011, 0.963, 0.948, 0.96, 0.966, 0.953, 0.955, 0.953, 0.936, 0.932, 0.926, 0.973, 0.966, 0.965, 0.958, 0.969, 0.979, 0.967, 0.969, 0.966, 0.954], "p proportion": [3.086, 2.799, 4.732, 2.417, 4.83, 3.808, 2.947, 2.493, 4.782, 2.948, 4.146, 2.027, 4.339, 4.733, 2.794, 3.085, 4.717, 2.799, 3.081, 0.0, 0.0, 0.0, 0.0, 0.0, 0.0, 0.0, 0.0, 0.0, 0.0, 0.0, 0.0, 0.0, 0.0, 0.0, 0.0, 0.0, 0.0, 0.0, 0.0], "d proportion": [0.0, 0.0, 0.0, 0.0, 0.0, 0.0, 0.0, 0.0, 0.0, 0.0, -0.005, 1.077, -0.014, 0.0, 0.0, 0.0, 0.0, 0.0, 0.0, 0.0, 0.0, 0.0, 0.0, 0.0, 0.0, 0.0, 0.0, 0.0, 0.0, 0.0, 0.0, 0.0, 0.0, 0.0, 0.0, 0.0, 0.0, 0.0, 0.0], "Fermi-level/eV": -8.8747, "Coordination numbers": [3.748, 3.692, 1.702, 2.659, 0.856, 2.73, 3.701, 2.799, 0.857, 3.798, 1.927, 3.914, 0.926, 1.658, 3.891, 3.749, 1.657, 3.905, 3.749, 0.924, 0.924, 0.924, 0.924, 0.924, 0.924, 0.924, 0.924, 0.925, 0.924, 0.924, 0.924, 0.924, 0.924, 0.924, 0.924, 0.924, 0.924, 0.924, 0.924], "Dispersion coefficient C6": [22.743, 19.402, 18.524, 20.281, 22.475, 23.253, 21.429, 22.157, 21.143, 21.204, 144.176, 143.985, 156.295, 18.658, 18.944, 22.696, 18.483, 18.974, 22.694, 2.261, 2.204, 2.27, 2.18, 2.175, 2.05, 2.107, 1.908, 1.852, 1.674, 2.242, 2.357, 2.338, 2.223, 2.234, 2.32, 2.291, 2.233, 2.278, 2.19], "Total dispersion C6": 19112.452486, "Total dispersion C8": 531267.952895, "Polarizability alpha": [6.802, 6.303, 5.811, 7.368, 6.356, 7.162, 6.62, 7.711, 6.165, 6.557, 20.209, 21.555, 21.146, 5.831, 6.187, 6.795, 5.804, 6.192, 6.794, 2.352, 2.322, 2.356, 2.309, 2.306, 2.239, 2.27, 2.16, 2.128, 2.023, 2.342, 2.401, 2.391, 2.332, 2.337, 2.382, 2.367, 2.337, 2.36, 2.314], "Total polarizability alpha": 213.395617, "Wiberg matrix": [[0.0, 1.0155015466181636, 0.0, 0.0, 0.0, 0.0, 0.0, 0.0, 0.0, 0.0, 0.0, 0.0, 0.0, 0.0, 0.0, 0.0, 0.0, 0.0, 0.0, 0.9824515184623175, 0.9842228475385287, 0.98523162431136, 0.0, 0.0, 0.0, 0.0, 0.0, 0.0, 0.0, 0.0, 0.0, 0.0, 0.0, 0.0, 0.0, 0.0, 0.0, 0.0, 0.0], [1.0155015466181636, 0.0, 0.9324624419045793, 0.0, 0.0, 0.0, 0.0, 0.0, 0.0, 0.0, 0.0, 0.0, 0.0, 0.0, 0.0, 0.0, 0.0, 0.0, 0.0, 0.0, 0.0, 0.0, 0.9698576137252926, 0.9685220324133808, 0.0, 0.0, 0.0, 0.0, 0.0, 0.0, 0.0, 0.0, 0.0, 0.0, 0.0, 0.0, 0.0, 0.0, 0.0], [0.0, 0.9324624419045793, 0.0, 1.1004149988687228, 0.14986824167061902, 0.0, 0.0, 0.0, 0.0, 0.0, 0.0, 0.0, 0.0, 0.0, 0.0, 0.0, 0.0, 0.0, 0.0, 0.0, 0.0, 0.0, 0.0, 0.0, 0.0, 0.0, 0.0, 0.0, 0.0, 0.0, 0.0, 0.0, 0.0, 0.0, 0.0, 0.0, 0.0, 0.0, 0.0], [0.0, 0.0, 1.1004149988687228, 0.0, 1.662661577694936, 1.1052995824571084, 0.0, 0.0, 0.0, 0.0, 0.0, 0.0, 0.0, 0.0, 0.0, 0.0, 0.0, 0.0, 0.0, 0.0, 0.0, 0.0, 0.0, 0.0, 0.0, 0.0, 0.0, 0.0, 0.0, 0.0, 0.0, 0.0, 0.0, 0.0, 0.0, 0.0, 0.0, 0.0, 0.0], [0.0, 0.0, 0.14986824167061902, 1.662661577694936, 0.0, 0.11953368317730691, 0.0, 0.0, 0.0, 0.0, 0.0, 0.0, 0.0, 0.0, 0.0, 0.0, 0.0, 0.0, 0.0, 0.0, 0.0, 0.0, 0.0, 0.0, 0.0, 0.0, 0.0, 0.0, 0.0, 0.0, 0.0, 0.0, 0.0, 0.0, 0.0, 0.0, 0.0, 0.0, 0.0], [0.0, 0.0, 0.0, 1.1052995824571084, 0.11953368317730691, 0.0, 0.9755775902003284, 1.112685529181783, 0.12652552220473962, 0.0, 0.0, 0.0, 0.0, 0.0, 0.0, 0.0, 0.0, 0.0, 0.0, 0.0, 0.0, 0.0, 0.0, 0.0, 0.0, 0.0, 0.0, 0.0, 0.0, 0.0, 0.0, 0.0, 0.0, 0.0, 0.0, 0.0, 0.0, 0.0, 0.0], [0.0, 0.0, 0.0, 0.0, 0.0, 0.9755775902003284, 0.0, 0.0, 0.0, 0.0, 0.0, 0.0, 0.0, 0.0, 0.0, 0.0, 0.0, 0.0, 0.0, 0.0, 0.0, 0.0, 0.0, 0.0, 0.9752467823912466, 0.9752740654841063, 0.975928142824511, 0.0, 0.0, 0.0, 0.0, 0.0, 0.0, 0.0, 0.0, 0.0, 0.0, 0.0, 0.0], [0.0, 0.0, 0.0, 0.0, 0.0, 1.112685529181783, 0.0, 0.0, 1.7610766933310384, 0.9830513169608962, 0.0, 0.0, 0.0, 0.0, 0.0, 0.0, 0.0, 0.0, 0.0, 0.0, 0.0, 0.0, 0.0, 0.0, 0.0, 0.0, 0.0, 0.0, 0.0, 0.0, 0.0, 0.0, 0.0, 0.0, 0.0, 0.0, 0.0, 0.0, 0.0], [0.0, 0.0, 0.0, 0.0, 0.0, 0.12652552220473962, 0.0, 1.7610766933310384, 0.0, 0.0, 0.0, 0.0, 0.0, 0.0, 0.0, 0.0, 0.0, 0.0, 0.0, 0.0, 0.0, 0.0, 0.0, 0.0, 0.0, 0.0, 0.0, 0.0, 0.0, 0.0, 0.0, 0.0, 0.0, 0.0, 0.0, 0.0, 0.0, 0.0, 0.0], [0.0, 0.0, 0.0, 0.0, 0.0, 0.0, 0.0, 0.9830513169608962, 0.0, 0.0, 0.9644066887729703, 0.0, 0.0, 0.0, 0.0, 0.0, 0.0, 0.0, 0.0, 0.0, 0.0, 0.0, 0.0, 0.0, 0.0, 0.0, 0.0, 0.9644334793326101, 0.9375313656984208, 0.0, 0.0, 0.0, 0.0, 0.0, 0.0, 0.0, 0.0, 0.0, 0.0], [0.0, 0.0, 0.0, 0.0, 0.0, 0.0, 0.0, 0.0, 0.0, 0.9644066887729703, 0.0, 1.0263592363606642, 0.11718059710214042, 0.0, 0.0, 0.0, 0.0, 0.0, 0.0, 0.0, 0.0, 0.0, 0.0, 0.0, 0.0, 0.0, 0.0, 0.0, 0.0, 0.0, 0.0, 0.0, 0.0, 0.0, 0.0, 0.0, 0.0, 0.0, 0.0], [0.0, 0.0, 0.0, 0.0, 0.0, 0.0, 0.0, 0.0, 0.0, 0.0, 1.0263592363606642, 0.0, 1.5779628784392865, 1.2245586178124725, 0.0, 0.0, 1.2307611111943022, 0.0, 0.0, 0.0, 0.0, 0.0, 0.0, 0.0, 0.0, 0.0, 0.0, 0.0, 0.0, 0.0, 0.0, 0.0, 0.0, 0.0, 0.0, 0.0, 0.0, 0.0, 0.0], [0.0, 0.0, 0.0, 0.0, 0.0, 0.0, 0.0, 0.0, 0.0, 0.0, 0.11718059710214042, 1.5779628784392865, 0.0, 0.0, 0.0, 0.0, 0.0, 0.0, 0.0, 0.0, 0.0, 0.0, 0.0, 0.0, 0.0, 0.0, 0.0, 0.0, 0.0, 0.0, 0.0, 0.0, 0.0, 0.0, 0.0, 0.0, 0.0, 0.0, 0.0], [0.0, 0.0, 0.0, 0.0, 0.0, 0.0, 0.0, 0.0, 0.0, 0.0, 0.0, 1.2245586178124725, 0.0, 0.0, 0.9166557600743459, 0.0, 0.0, 0.0, 0.0, 0.0, 0.0, 0.0, 0.0, 0.0, 0.0, 0.0, 0.0, 0.0, 0.0, 0.0, 0.0, 0.0, 0.0, 0.0, 0.0, 0.0, 0.0, 0.0, 0.0], [0.0, 0.0, 0.0, 0.0, 0.0, 0.0, 0.0, 0.0, 0.0, 0.0, 0.0, 0.0, 0.0, 0.9166557600743459, 0.0, 1.0155409283041108, 0.0, 0.0, 0.0, 0.0, 0.0, 0.0, 0.0, 0.0, 0.0, 0.0, 0.0, 0.0, 0.0, 0.9699528271419133, 0.9701802855613022, 0.0, 0.0, 0.0, 0.0, 0.0, 0.0, 0.0, 0.0], [0.0, 0.0, 0.0, 0.0, 0.0, 0.0, 0.0, 0.0, 0.0, 0.0, 0.0, 0.0, 0.0, 0.0, 1.0155409283041108, 0.0, 0.0, 0.0, 0.0, 0.0, 0.0, 0.0, 0.0, 0.0, 0.0, 0.0, 0.0, 0.0, 0.0, 0.0, 0.0, 0.9848473053380169, 0.9846182225079074, 0.9810802633603012, 0.0, 0.0, 0.0, 0.0, 0.0], [0.0, 0.0, 0.0, 0.0, 0.0, 0.0, 0.0, 0.0, 0.0, 0.0, 0.0, 1.2307611111943022, 0.0, 0.0, 0.0, 0.0, 0.0, 0.9204903548047497, 0.0, 0.0, 0.0, 0.0, 0.0, 0.0, 0.0, 0.0, 0.0, 0.0, 0.0, 0.0, 0.0, 0.0, 0.0, 0.0, 0.0, 0.0, 0.0, 0.0, 0.0], [0.0, 0.0, 0.0, 0.0, 0.0, 0.0, 0.0, 0.0, 0.0, 0.0, 0.0, 0.0, 0.0, 0.0, 0.0, 0.0, 0.9204903548047497, 0.0, 1.016287486388797, 0.0, 0.0, 0.0, 0.0, 0.0, 0.0, 0.0, 0.0, 0.0, 0.0, 0.0, 0.0, 0.0, 0.0, 0.0, 0.9692151782297155, 0.9674312326194329, 0.0, 0.0, 0.0], [0.0, 0.0, 0.0, 0.0, 0.0, 0.0, 0.0, 0.0, 0.0, 0.0, 0.0, 0.0, 0.0, 0.0, 0.0, 0.0, 0.0, 1.016287486388797, 0.0, 0.0, 0.0, 0.0, 0.0, 0.0, 0.0, 0.0, 0.0, 0.0, 0.0, 0.0, 0.0, 0.0, 0.0, 0.0, 0.0, 0.0, 0.9816822338094533, 0.985245661304371, 0.9829922416075846], [0.9824515184623175, 0.0, 0.0, 0.0, 0.0, 0.0, 0.0, 0.0, 0.0, 0.0, 0.0, 0.0, 0.0, 0.0, 0.0, 0.0, 0.0, 0.0, 0.0, 0.0, 0.0, 0.0, 0.0, 0.0, 0.0, 0.0, 0.0, 0.0, 0.0, 0.0, 0.0, 0.0, 0.0, 0.0, 0.0, 0.0, 0.0, 0.0, 0.0], [0.9842228475385287, 0.0, 0.0, 0.0, 0.0, 0.0, 0.0, 0.0, 0.0, 0.0, 0.0, 0.0, 0.0, 0.0, 0.0, 0.0, 0.0, 0.0, 0.0, 0.0, 0.0, 0.0, 0.0, 0.0, 0.0, 0.0, 0.0, 0.0, 0.0, 0.0, 0.0, 0.0, 0.0, 0.0, 0.0, 0.0, 0.0, 0.0, 0.0], [0.98523162431136, 0.0, 0.0, 0.0, 0.0, 0.0, 0.0, 0.0, 0.0, 0.0, 0.0, 0.0, 0.0, 0.0, 0.0, 0.0, 0.0, 0.0, 0.0, 0.0, 0.0, 0.0, 0.0, 0.0, 0.0, 0.0, 0.0, 0.0, 0.0, 0.0, 0.0, 0.0, 0.0, 0.0, 0.0, 0.0, 0.0, 0.0, 0.0], [0.0, 0.9698576137252926, 0.0, 0.0, 0.0, 0.0, 0.0, 0.0, 0.0, 0.0, 0.0, 0.0, 0.0, 0.0, 0.0, 0.0, 0.0, 0.0, 0.0, 0.0, 0.0, 0.0, 0.0, 0.0, 0.0, 0.0, 0.0, 0.0, 0.0, 0.0, 0.0, 0.0, 0.0, 0.0, 0.0, 0.0, 0.0, 0.0, 0.0], [0.0, 0.9685220324133808, 0.0, 0.0, 0.0, 0.0, 0.0, 0.0, 0.0, 0.0, 0.0, 0.0, 0.0, 0.0, 0.0, 0.0, 0.0, 0.0, 0.0, 0.0, 0.0, 0.0, 0.0, 0.0, 0.0, 0.0, 0.0, 0.0, 0.0, 0.0, 0.0, 0.0, 0.0, 0.0, 0.0, 0.0, 0.0, 0.0, 0.0], [0.0, 0.0, 0.0, 0.0, 0.0, 0.0, 0.9752467823912466, 0.0, 0.0, 0.0, 0.0, 0.0, 0.0, 0.0, 0.0, 0.0, 0.0, 0.0, 0.0, 0.0, 0.0, 0.0, 0.0, 0.0, 0.0, 0.0, 0.0, 0.0, 0.0, 0.0, 0.0, 0.0, 0.0, 0.0, 0.0, 0.0, 0.0, 0.0, 0.0], [0.0, 0.0, 0.0, 0.0, 0.0, 0.0, 0.9752740654841063, 0.0, 0.0, 0.0, 0.0, 0.0, 0.0, 0.0, 0.0, 0.0, 0.0, 0.0, 0.0, 0.0, 0.0, 0.0, 0.0, 0.0, 0.0, 0.0, 0.0, 0.0, 0.0, 0.0, 0.0, 0.0, 0.0, 0.0, 0.0, 0.0, 0.0, 0.0, 0.0], [0.0, 0.0, 0.0, 0.0, 0.0, 0.0, 0.975928142824511, 0.0, 0.0, 0.0, 0.0, 0.0, 0.0, 0.0, 0.0, 0.0, 0.0, 0.0, 0.0, 0.0, 0.0, 0.0, 0.0, 0.0, 0.0, 0.0, 0.0, 0.0, 0.0, 0.0, 0.0, 0.0, 0.0, 0.0, 0.0, 0.0, 0.0, 0.0, 0.0], [0.0, 0.0, 0.0, 0.0, 0.0, 0.0, 0.0, 0.0, 0.0, 0.9644334793326101, 0.0, 0.0, 0.0, 0.0, 0.0, 0.0, 0.0, 0.0, 0.0, 0.0, 0.0, 0.0, 0.0, 0.0, 0.0, 0.0, 0.0, 0.0, 0.0, 0.0, 0.0, 0.0, 0.0, 0.0, 0.0, 0.0, 0.0, 0.0, 0.0], [0.0, 0.0, 0.0, 0.0, 0.0, 0.0, 0.0, 0.0, 0.0, 0.9375313656984208, 0.0, 0.0, 0.0, 0.0, 0.0, 0.0, 0.0, 0.0, 0.0, 0.0, 0.0, 0.0, 0.0, 0.0, 0.0, 0.0, 0.0, 0.0, 0.0, 0.0, 0.0, 0.0, 0.0, 0.0, 0.0, 0.0, 0.0, 0.0, 0.0], [0.0, 0.0, 0.0, 0.0, 0.0, 0.0, 0.0, 0.0, 0.0, 0.0, 0.0, 0.0, 0.0, 0.0, 0.9699528271419133, 0.0, 0.0, 0.0, 0.0, 0.0, 0.0, 0.0, 0.0, 0.0, 0.0, 0.0, 0.0, 0.0, 0.0, 0.0, 0.0, 0.0, 0.0, 0.0, 0.0, 0.0, 0.0, 0.0, 0.0], [0.0, 0.0, 0.0, 0.0, 0.0, 0.0, 0.0, 0.0, 0.0, 0.0, 0.0, 0.0, 0.0, 0.0, 0.9701802855613022, 0.0, 0.0, 0.0, 0.0, 0.0, 0.0, 0.0, 0.0, 0.0, 0.0, 0.0, 0.0, 0.0, 0.0, 0.0, 0.0, 0.0, 0.0, 0.0, 0.0, 0.0, 0.0, 0.0, 0.0], [0.0, 0.0, 0.0, 0.0, 0.0, 0.0, 0.0, 0.0, 0.0, 0.0, 0.0, 0.0, 0.0, 0.0, 0.0, 0.9848473053380169, 0.0, 0.0, 0.0, 0.0, 0.0, 0.0, 0.0, 0.0, 0.0, 0.0, 0.0, 0.0, 0.0, 0.0, 0.0, 0.0, 0.0, 0.0, 0.0, 0.0, 0.0, 0.0, 0.0], [0.0, 0.0, 0.0, 0.0, 0.0, 0.0, 0.0, 0.0, 0.0, 0.0, 0.0, 0.0, 0.0, 0.0, 0.0, 0.9846182225079074, 0.0, 0.0, 0.0, 0.0, 0.0, 0.0, 0.0, 0.0, 0.0, 0.0, 0.0, 0.0, 0.0, 0.0, 0.0, 0.0, 0.0, 0.0, 0.0, 0.0, 0.0, 0.0, 0.0], [0.0, 0.0, 0.0, 0.0, 0.0, 0.0, 0.0, 0.0, 0.0, 0.0, 0.0, 0.0, 0.0, 0.0, 0.0, 0.9810802633603012, 0.0, 0.0, 0.0, 0.0, 0.0, 0.0, 0.0, 0.0, 0.0, 0.0, 0.0, 0.0, 0.0, 0.0, 0.0, 0.0, 0.0, 0.0, 0.0, 0.0, 0.0, 0.0, 0.0], [0.0, 0.0, 0.0, 0.0, 0.0, 0.0, 0.0, 0.0, 0.0, 0.0, 0.0, 0.0, 0.0, 0.0, 0.0, 0.0, 0.0, 0.9692151782297155, 0.0, 0.0, 0.0, 0.0, 0.0, 0.0, 0.0, 0.0, 0.0, 0.0, 0.0, 0.0, 0.0, 0.0, 0.0, 0.0, 0.0, 0.0, 0.0, 0.0, 0.0], [0.0, 0.0, 0.0, 0.0, 0.0, 0.0, 0.0, 0.0, 0.0, 0.0, 0.0, 0.0, 0.0, 0.0, 0.0, 0.0, 0.0, 0.9674312326194329, 0.0, 0.0, 0.0, 0.0, 0.0, 0.0, 0.0, 0.0, 0.0, 0.0, 0.0, 0.0, 0.0, 0.0, 0.0, 0.0, 0.0, 0.0, 0.0, 0.0, 0.0], [0.0, 0.0, 0.0, 0.0, 0.0, 0.0, 0.0, 0.0, 0.0, 0.0, 0.0, 0.0, 0.0, 0.0, 0.0, 0.0, 0.0, 0.0, 0.9816822338094533, 0.0, 0.0, 0.0, 0.0, 0.0, 0.0, 0.0, 0.0, 0.0, 0.0, 0.0, 0.0, 0.0, 0.0, 0.0, 0.0, 0.0, 0.0, 0.0, 0.0], [0.0, 0.0, 0.0, 0.0, 0.0, 0.0, 0.0, 0.0, 0.0, 0.0, 0.0, 0.0, 0.0, 0.0, 0.0, 0.0, 0.0, 0.0, 0.985245661304371, 0.0, 0.0, 0.0, 0.0, 0.0, 0.0, 0.0, 0.0, 0.0, 0.0, 0.0, 0.0, 0.0, 0.0, 0.0, 0.0, 0.0, 0.0, 0.0, 0.0], [0.0, 0.0, 0.0, 0.0, 0.0, 0.0, 0.0, 0.0, 0.0, 0.0, 0.0, 0.0, 0.0, 0.0, 0.0, 0.0, 0.0, 0.0, 0.9829922416075846, 0.0, 0.0, 0.0, 0.0, 0.0, 0.0, 0.0, 0.0, 0.0, 0.0, 0.0, 0.0, 0.0, 0.0, 0.0, 0.0, 0.0, 0.0, 0.0, 0.0]], "Born radii": [], "Atomic SASAs": [], "Solvent H bonds": [], "Total SASA": NaN, "Total FOD": 0.0, "FOD": [0.0, 0.0, 0.0, 0.0, 0.0, 0.0, 0.0, 0.0, 0.0, 0.0, 0.0, 0.0, 0.0, 0.0, 0.0, 0.0, 0.0, 0.0, 0.0, 0.0, 0.0, 0.0, 0.0, 0.0, 0.0, 0.0, 0.0, 0.0, 0.0, 0.0, 0.0, 0.0, 0.0, 0.0, 0.0, 0.0, 0.0, 0.0, 0.0], "FOD s proportion": [0.0, 0.0, 0.0, 0.0, 0.0, 0.0, 0.0, 0.0, 0.0, 0.0, 0.0, 0.0, 0.0, 0.0, 0.0, 0.0, 0.0, 0.0, 0.0, 0.0, 0.0, 0.0, 0.0, 0.0, 0.0, 0.0, 0.0, 0.0, 0.0, 0.0, 0.0, 0.0, 0.0, 0.0, 0.0, 0.0, 0.0, 0.0, 0.0], "FOD p proportion": [0.0, 0.0, 0.0, 0.0, 0.0, 0.0, 0.0, 0.0, 0.0, 0.0, 0.0, 0.0, 0.0, 0.0, 0.0, 0.0, 0.0, 0.0, 0.0, 0.0, 0.0, 0.0, 0.0, 0.0, 0.0, 0.0, 0.0, 0.0, 0.0, 0.0, 0.0, 0.0, 0.0, 0.0, 0.0, 0.0, 0.0, 0.0, 0.0], "FOD d proportion": [0.0, 0.0, 0.0, 0.0, 0.0, 0.0, 0.0, 0.0, 0.0, 0.0, 0.0, 0.0, 0.0, 0.0, 0.0, 0.0, 0.0, 0.0, 0.0, 0.0, 0.0, 0.0, 0.0, 0.0, 0.0, 0.0, 0.0, 0.0, 0.0, 0.0, 0.0, 0.0, 0.0, 0.0, 0.0, 0.0, 0.0, 0.0, 0.0], "coordinates": [["5.05240", "-1.08200", "-1.13400"], ["3.97610", "-0.19290", "-1.72750"], ["2.95520", "0.06780", "-0.75120"], ["1.95300", "-0.85420", "-0.65890"], ["1.90900", "-1.85830", "-1.35960"], ["1.00770", "-0.51550", "0.30320"], ["1.31680", "0.54950", "1.24280"], ["-0.00010", "-1.39940", "0.67910"], ["-0.37440", "-1.49020", "1.85300"], ["-0.61680", "-2.26900", "-0.41430"], ["-2.41970", "-2.39210", "-0.20470"], ["-3.04470", "-0.38130", "-0.29710"], ["-4.88650", "-0.01540", "-0.82830"], ["-1.96090", "0.33610", "-1.28200"], ["-2.02020", "1.74050", "-1.47690"], ["-0.71380", "2.19210", "-2.09830"], ["-2.62620", "0.34820", "1.09320"], ["-3.26240", "-0.05340", "2.29680"], ["-2.65820", "0.72940", "3.44510"], ["5.86480", "-1.23780", "-1.84940"], ["4.64490", "-2.05740", "-0.85020"], ["5.46380", "-0.63220", "-0.22440"], ["4.40860", "0.77480", "-2.00190"], ["3.55320", "-0.62600", "-2.64120"], ["1.64140", "1.44630", "0.70640"], ["2.12400", "0.21580", "1.90290"], ["0.44220", "0.81070", "1.84600"], ["-0.45240", "-1.84590", "-1.40710"], ["-0.17540", "-3.26810", "-0.36440"], ["-2.84920", "1.97790", "-2.14980"], ["-2.17530", "2.25420", "-0.52350"], ["0.12880", "1.95390", "-1.44170"], ["-0.53610", "1.67160", "-3.04520"], ["-0.72180", "3.26990", "-2.28330"], ["-4.33440", "0.15440", "2.23520"], ["-3.11910", "-1.12520", "2.45840"], ["-3.12850", "0.45560", "4.39360"], ["-2.78350", "1.80550", "3.28590"], ["-1.58220", "0.54210", "3.51840"]], "bond_dist": [[0.0, 1.5169583876955883, 2.4221527036914905, 3.143865965654388, 3.2456895430709323, 4.329672525722932, 4.718652122163701, 5.377344197649988, 6.207975070826234, 5.836674201118304, 7.642789995152293, 8.17033723355407, 10.000641042453228, 7.156765225994213, 7.622713258413961, 6.700646815047037, 8.121994203396108, 9.053414032286383, 9.1489168282371, 1.0936473654702417, 1.0945336221423256, 1.0949621728626064, 2.1483563694136034, 2.174209851877228, 4.6275581087653554, 4.413906774049492, 5.806604630074275, 5.564256451674383, 5.7184971985653705, 8.53405649207925, 7.983895539146287, 5.792512845044023, 6.516619572293598, 7.3212915349684025, 10.049487939193718, 8.926399960230327, 9.992282038153245, 9.448518458996627, 8.264408250443585], [1.5169583876955883, 0.0, 1.4364410847647042, 2.3816291189015977, 2.679889919381018, 3.610984880887761, 4.055331840922515, 4.801825928748356, 5.781852453150288, 5.208590582873644, 6.932651593726603, 7.167508029992014, 8.909867880614168, 5.977146497284469, 6.305271573056944, 5.274550184612902, 7.19996548533394, 8.283135456456089, 8.462881574262989, 2.161911957041729, 2.1664046205637577, 2.1599873587593055, 1.0948949264655488, 1.0960235900745934, 3.749889323700101, 4.095987580547578, 5.12499408975269, 4.737792461685084, 5.343205863524258, 7.1746379713543735, 6.728865905187887, 4.414991412222678, 5.056940021396339, 5.862607089853456, 9.213469424163733, 8.290525021975387, 9.400199924469693, 8.649854003392196, 7.678176261326644], [2.4221527036914905, 1.4364410847647042, 0.0, 1.3649205581278347, 2.2747628909405044, 2.2901428994715594, 2.6253429204582015, 3.5961412680816647, 4.5050480352600015, 4.281742618373973, 5.9362715798723364, 6.033796286750158, 7.842520356365037, 4.951946358756322, 5.298978292086127, 4.448470512434582, 5.884935129633971, 6.92557168759374, 7.039666739981375, 3.3728929363381814, 2.716866233365198, 2.657177487485546, 2.0436416148630365, 2.100252946670948, 2.3981097660449158, 2.78514707870159, 3.6895145005813434, 3.962851279066627, 4.591132693573559, 6.268622123720651, 5.581596769742508, 3.467376590449904, 4.474794534947946, 5.1108809240677875, 7.878093213462252, 6.9729406744930795, 7.976889216354957, 7.228447647316814, 6.248395266786505], [3.143865965654388, 2.3816291189015977, 1.3649205581278347, 0.0, 1.2252074518219354, 1.3906639385559691, 2.447771848028325, 2.4294210524320397, 3.482948229589409, 2.943698394876758, 4.657460610676166, 5.0330446987882, 6.892825403997986, 4.138076957960061, 4.815382677420352, 4.2969335915278, 5.048236604003422, 6.047961664065009, 6.372893408805768, 4.1068988848034715, 2.9547608261921976, 3.544543819731955, 3.238404137843206, 2.5577780533111154, 2.6932209155581726, 2.7815391854151543, 3.365847985278004, 2.7072534587659134, 3.2316760388380517, 5.771022271660368, 5.169462700320025, 3.4388816626921024, 4.2743083814811484, 5.177009871537816, 6.994604172503259, 5.959630751984555, 7.284570992172428, 6.71341071140445, 5.647754245715726], [3.2456895430709323, 2.679889919381018, 2.2747628909405044, 1.2252074518219354, 0.0, 2.3195597362430656, 3.5945357753123, 2.8304681079284397, 3.9585618512282967, 2.727990509514284, 4.511804532556791, 5.277270027201565, 7.060975878021394, 4.449442563962367, 5.329515303477418, 4.881649074851653, 5.608289322957581, 6.585613329827375, 7.116224365490453, 4.034015112762965, 2.7900318958750274, 3.9279260800071074, 3.686972343264864, 2.4216637854995477, 3.906449400670639, 3.8719532615980787, 4.421643879825693, 2.3619102374984533, 2.7060455354631414, 6.162898159145582, 5.8560418330131485, 4.208173153519232, 4.613020201559928, 5.837188156124488, 7.4802133585881085, 6.355812239202792, 7.9893585286930255, 7.5514009918689915, 6.461058860589338], [4.329672525722932, 3.610984880887761, 2.2901428994715594, 1.3906639385559691, 2.3195597362430656, 0.0, 1.4534840797201733, 1.392207190040333, 2.293931241340943, 2.4957100692989163, 3.9403883983688717, 4.09881879204241, 6.022622842250708, 3.47140714408437, 4.1745024158574875, 4.0077253224241804, 3.8177620276806143, 4.735159065966, 4.985993825708171, 5.361606518572582, 4.115459999805611, 4.488742347250509, 4.306330329874846, 3.8937477910106093, 2.100667791441569, 2.0832583781182783, 2.111593836418358, 2.6128494522264387, 3.0695638338369835, 5.206719713024699, 4.299553462860998, 3.1488216176849395, 4.287016142960042, 4.90004139370271, 5.720089371679432, 4.695433885169719, 5.897673932153252, 5.353198831539886, 4.261878788750333], [4.718652122163701, 4.055331840922515, 2.6253429204582015, 2.447771848028325, 3.5945357753123, 1.4534840797201733, 0.0, 2.4187175341490375, 2.718984657919202, 3.798517029052259, 4.97088513848389, 4.718088903359071, 6.5642591440314115, 4.142882075319065, 4.466633865675583, 4.240804207930378, 3.9509683433305307, 4.737454701630401, 4.547869204363731, 5.782771492113448, 4.717290135236542, 4.554854523472732, 4.487545589740566, 4.63343729967289, 1.094230487603046, 1.094833110569826, 1.094075335614509, 3.986223753127764, 4.402706263197671, 5.559282086744655, 4.268557155526912, 3.2542623757158853, 4.804091050344488, 4.897943173414734, 5.751262749170828, 4.894845478664266, 5.449499971557024, 4.75018459641307, 3.685459417765986], [5.377344197649988, 4.801825928748356, 3.5961412680816647, 2.4294210524320397, 2.8304681079284397, 1.392207190040333, 2.4187175341490375, 0.0, 1.235470088670705, 1.5271039944941536, 2.760619475769886, 3.355455738048112, 5.297604715340698, 3.271484387858209, 4.311393280599671, 4.595888456000646, 3.1815068411053273, 3.882173435074739, 4.3872589449450095, 6.388777568518097, 4.934343673681434, 5.590984823803406, 5.599244799970796, 4.92427462069288, 3.285312166294095, 2.9357040535449075, 2.538075434261165, 2.180864044364068, 2.147478062751748, 5.24654184296666, 4.418883881705877, 3.969764317941306, 4.856824836248472, 5.576650171922209, 4.860236428405515, 3.601285205312126, 5.198598061977863, 4.9813758952723095, 3.78603845067638], [6.207975070826234, 5.781852453150288, 4.5050480352600015, 3.482948229589409, 3.9585618512282967, 2.293931241340943, 2.718984657919202, 1.235470088670705, 0.0, 2.409551097196322, 3.0382239861471705, 3.603205699096292, 5.451921784105124, 3.959871076184173, 4.922835985486415, 5.411773954998489, 3.0045987818675557, 3.2560553865068083, 3.5604984215696542, 7.259413761454845, 5.7290818260869685, 6.255903931487439, 6.5473328928656125, 6.0308139616473, 3.7418141923403945, 3.025711250268274, 2.4415211180737306, 3.2803747499333062, 2.8491037485497084, 5.845918276028155, 4.786598418501389, 4.7927114601235905, 5.832279946127414, 6.315711872782038, 4.304925783332391, 2.834274554449516, 4.222067362086967, 4.3265001687276055, 2.8918128034158785], [5.836674201118304, 5.208590582873644, 4.281742618373973, 2.943698394876758, 2.727990509514284, 2.4957100692989163, 3.798517029052259, 1.5271039944941536, 2.409551097196322, 0.0, 1.8192125164477075, 3.077636356036886, 4.845662704935209, 3.0571316801865116, 4.378897186507124, 4.769347776163949, 3.6276687348764356, 4.388410410387798, 5.296478535782053, 6.718186065449513, 5.283963499116926, 6.299910523967781, 6.086036260161452, 5.004741013279308, 4.489865234057699, 4.365275652235492, 3.9642135638736717, 1.0916468339165375, 1.0934005578926689, 5.10212991014537, 4.785413788796117, 4.409575323089515, 4.738826401125072, 5.846674200774317, 5.1684879384593705, 3.977711530516008, 6.070254068817878, 5.915033320278086, 4.929544569227466], [7.642789995152293, 6.932651593726603, 5.9362715798723364, 4.657460610676166, 4.511804532556791, 3.9403883983688717, 4.97088513848389, 2.760619475769886, 3.0382239861471705, 1.8192125164477075, 0.0, 2.1077190040420475, 3.4817642209087043, 2.9688630770043942, 4.342404385821293, 5.2450648623253455, 3.0391496754849046, 3.5266362486085803, 4.808501277945135, 8.524692770417008, 7.101919986876789, 8.077574410056524, 7.738531148738758, 6.688136950601415, 5.661797504326696, 5.646975284167623, 4.75959766576966, 2.3694660769886537, 2.414490128370791, 4.802580999837484, 4.663632542342932, 5.187748765119607, 5.303776663850015, 6.265914647519547, 4.01296029758581, 3.0308905588951904, 5.454920312891839, 5.471424362997263, 4.813772896595767], [8.17033723355407, 7.167508029992014, 6.033796286750158, 5.0330446987882, 5.277270027201565, 4.09881879204241, 4.718088903359071, 3.355455738048112, 3.603205699096292, 3.077636356036886, 2.1077190040420475, 0.0, 1.951482382702954, 1.6307400804542704, 2.635064236408669, 3.911496364564334, 1.6248835619822117, 2.623590842719192, 3.922639109069301, 9.084185037195136, 7.889561393385566, 8.512508933916017, 7.732696239992879, 7.006209196848179, 5.129002556053174, 5.649069666768149, 4.262887896719781, 3.177604829112645, 4.070752512742577, 3.006084193764373, 2.7844161991340304, 4.102970929704474, 4.249650100890661, 4.76152457622556, 2.891858203646921, 2.8551187050628912, 4.765510522493892, 4.2057352127779035, 4.189225949981691], [10.000641042453228, 8.909867880614168, 7.842520356365037, 6.892825403997986, 7.060975878021394, 6.022622842250708, 6.5642591440314115, 5.297604715340698, 5.451921784105124, 4.845662704935209, 3.4817642209087043, 1.951482382702954, 0.0, 2.9813639999168164, 3.423381728642016, 4.888494813334673, 2.9888665577439215, 3.5221293019990054, 4.876678735574038, 10.868641067769238, 9.747708939540614, 10.38623355889901, 9.402161294617317, 8.653783846387661, 6.863333693621489, 7.527284844484099, 6.019083434377696, 4.8318715318187015, 5.743668140657153, 3.1416871948047276, 3.5488861125710978, 5.4228807971409445, 5.165906964899775, 5.500449725249745, 3.117479542835847, 3.8932962499660877, 5.529976908631717, 4.966379712627701, 5.488442914889432], [7.156765225994213, 5.977146497284469, 4.951946358756322, 4.138076957960061, 4.449442563962367, 3.47140714408437, 4.142882075319065, 3.271484387858209, 3.959871076184173, 3.0571316801865116, 2.9688630770043942, 1.6307400804542704, 2.9813639999168164, 0.0, 1.4190989606084559, 2.3804075491394325, 2.4666466183869953, 3.8279788322298756, 4.794412017129942, 8.002542374770657, 7.039310131681939, 7.5618974298782975, 6.425048167134625, 5.760065959691781, 4.261788813397492, 5.181164744533801, 3.972973542574881, 2.655625399035037, 4.125561495117967, 2.0585579831522844, 2.073739911367865, 2.6475700217369136, 2.631062433694799, 3.338435702540937, 4.247024014530645, 4.179403915631989, 5.795688515612274, 4.868420434802236, 4.819718855908506], [7.622713258413961, 6.305271573056944, 5.298978292086127, 4.815382677420352, 5.329515303477418, 4.1745024158574875, 4.466633865675583, 4.311393280599671, 4.922835985486415, 4.378897186507124, 4.342404385821293, 2.635064236408669, 3.423381728642016, 1.4190989606084559, 0.0, 1.5155070042728274, 2.9851548201056506, 4.35912258831981, 5.0651210459376, 8.43695751678293, 7.696775643735498, 7.950391030634909, 6.52209099369213, 6.165930935390048, 4.27325017872813, 5.5607689908860625, 4.239057231272067, 3.9147329206473334, 5.452248825026238, 1.0937980480874887, 1.094036224263164, 2.1598563841144625, 2.1602927833976575, 2.162218277602888, 4.653055045881146, 4.990631602312477, 6.110815587955506, 4.824014482772622, 5.155679261746216], [6.700646815047037, 5.274550184612902, 4.448470512434582, 4.2969335915278, 4.881649074851653, 4.0077253224241804, 4.240804207930378, 4.595888456000646, 5.411773954998489, 4.769347776163949, 5.2450648623253455, 3.911496364564334, 4.888494813334673, 2.3804075491394325, 1.5155070042728274, 0.0, 4.152458695760862, 5.554685969521589, 6.053880260626237, 7.423216498257341, 6.952098212050805, 7.0463404303226795, 5.315732687974443, 5.14234547847575, 3.737583011787163, 5.288522664222968, 4.336139348544971, 4.105061680413584, 5.754134844613915, 2.146734042679717, 2.1493798407912923, 1.0944576556450232, 1.095042076817142, 1.0935912581947607, 6.003348057542557, 6.128087978317544, 7.140796450676913, 5.781239252098117, 5.918102521078863], [8.121994203396108, 7.19996548533394, 5.884935129633971, 5.048236604003422, 5.608289322957581, 3.8177620276806143, 3.9509683433305307, 3.1815068411053273, 3.0045987818675557, 3.6276687348764356, 3.0391496754849046, 1.6248835619822117, 2.9888665577439215, 2.4666466183869953, 2.9851548201056506, 4.152458695760862, 0.0, 1.4193963364754751, 2.382807388355173, 9.125314885525867, 7.901430891300638, 8.25501992244719, 7.697404926986756, 7.285588058626428, 4.423555991507285, 4.820533569014948, 3.1930694715273575, 3.973786775860024, 4.605284365812821, 3.6363030800525964, 2.539658579415745, 4.073575272411202, 4.82143755844665, 4.8542581822560695, 2.063896722222311, 2.0682429765382984, 3.3401317653649536, 2.6374987905210494, 2.6474758261408167], [9.053414032286383, 8.283135456456089, 6.92557168759374, 6.047961664065009, 6.585613329827375, 4.735159065966, 4.737454701630401, 3.882173435074739, 3.2560553865068083, 4.388410410387798, 3.5266362486085803, 2.623590842719192, 3.5221293019990054, 3.8279788322298756, 4.35912258831981, 5.554685969521589, 1.4193963364754751, 0.0, 1.515396439879677, 10.094531075785541, 8.74328418215947, 9.10153972248652, 8.832269126900515, 8.435882770641138, 5.36895955376831, 5.407488401282059, 3.830659291819099, 4.98277347066872, 5.190939272424596, 4.906033580194901, 3.802748513904121, 5.431930870325947, 6.24061701196284, 6.202925701634673, 1.0936907241080538, 1.0933456406827624, 2.161846537106647, 2.1594381746185745, 2.161018012419147], [9.1489168282371, 8.462881574262989, 7.039666739981375, 6.372893408805768, 7.116224365490453, 4.985993825708171, 4.547869204363731, 4.3872589449450095, 3.5604984215696542, 5.296478535782053, 4.808501277945135, 3.922639109069301, 4.876678735574038, 4.794412017129942, 5.0651210459376, 6.053880260626237, 2.382807388355173, 1.515396439879677, 0.0, 10.2246337386725, 8.919143789624652, 9.015878704263939, 8.922529484400709, 8.801229846447598, 5.147910591686689, 5.050901171078285, 3.489442743476385, 5.919591925969222, 6.054468790901478, 5.735689955009772, 4.2787841041585635, 5.757393810570891, 6.893115648239191, 6.558837684376708, 2.1457235259930387, 2.1507084553699976, 1.0935267623611231, 1.0950049954223955, 1.094637008327418], [1.0936473654702417, 2.161911957041729, 3.3728929363381814, 4.1068988848034715, 4.034015112762965, 5.361606518572582, 5.782771492113448, 6.388777568518097, 7.259413761454845, 6.718186065449513, 8.524692770417008, 9.084185037195136, 10.868641067769238, 8.002542374770657, 8.43695751678293, 7.423216498257341, 9.125314885525867, 10.094531075785541, 10.2246337386725, 0.0, 1.7771608846697025, 1.779937459575476, 2.4888417888648524, 2.518876940225544, 5.619040310408887, 5.494205392047152, 6.874367183239487, 6.3617946163012835, 6.54303898276634, 9.293264369961719, 8.865398063256944, 6.576843025342782, 7.132045065056726, 7.993180096807527, 11.074559072035328, 9.963948956613539, 11.07800060705902, 10.508381125082968, 9.350889254504088], [1.0945336221423256, 2.1664046205637577, 2.716866233365198, 2.9547608261921976, 2.7900318958750274, 4.115459999805611, 4.717290135236542, 4.934343673681434, 5.7290818260869685, 5.283963499116926, 7.101919986876789, 7.889561393385566, 9.747708939540614, 7.039310131681939, 7.696775643735498, 6.952098212050805, 7.901430891300638, 8.74328418215947, 8.919143789624652, 1.7771608846697025, 0.0, 1.7588114992801247, 3.066530192253127, 2.5393691834784478, 4.870311027028972, 4.3705760100929485, 5.758313932046429, 5.131991538379618, 4.99370485912013, 8.610118527639441, 8.075379587982226, 6.069230523715507, 6.750276068428609, 7.696451766236178, 9.74882459017496, 8.490908479073367, 9.707644152934327, 9.338653338677906, 8.038584491065576], [1.0949621728626064, 2.1599873587593055, 2.657177487485546, 3.544543819731955, 3.9279260800071074, 4.488742347250509, 4.554854523472732, 5.590984823803406, 6.255903931487439, 6.299910523967781, 8.077574410056524, 8.512508933916017, 10.38623355889901, 7.5618974298782975, 7.950391030634909, 7.0463404303226795, 8.25501992244719, 9.10153972248652, 9.015878704263939, 1.779937459575476, 1.7588114992801247, 0.0, 2.5005204038359694, 3.0808039600078416, 4.4494148660245205, 4.049539891148129, 5.620051879653782, 6.1541262109254795, 6.226407106028323, 8.92332651929761, 8.171695942703693, 6.052434014510196, 7.018775326935605, 7.597835282499878, 10.132773310402241, 9.005922343102899, 9.815133831486966, 9.288839791384065, 8.064344259144695], [2.1483563694136034, 1.0948949264655488, 2.0436416148630365, 3.238404137843206, 3.686972343264864, 4.306330329874846, 4.487545589740566, 5.599244799970796, 6.5473328928656125, 6.086036260161452, 7.738531148738758, 7.732696239992879, 9.402161294617317, 6.425048167134625, 6.52209099369213, 5.315732687974443, 7.697404926986756, 8.832269126900515, 8.922529484400709, 2.4888417888648524, 3.066530192253127, 2.5005204038359694, 0.0, 1.7614352925952177, 3.9297833248157588, 4.5584362669669956, 5.526296425274345, 5.554383541852327, 6.327677509165587, 7.358327585803719, 6.90811335532358, 4.474459619887076, 5.132522111009362, 5.711892342297777, 9.735397350390993, 8.953800499229363, 9.890004312435865, 8.986071095868317, 8.149696069179512], [2.174209851877228, 1.0960235900745934, 2.100252946670948, 2.5577780533111154, 2.4216637854995477, 3.8937477910106093, 4.63343729967289, 4.92427462069288, 6.0308139616473, 5.004741013279308, 6.688136950601415, 7.006209196848179, 8.6537