{"total energy": -42.93107719, "HOMO-LUMO gap/eV": 4.75959259, "electronic energy": -43.45831373, "dipole": [0.18109335, -0.42748469, 0.61528226], "partial charges": [-0.10002291, -0.05196027, -0.05802659, -0.05780845, -0.05820161, -0.05856192, -0.05863037, -0.05678618, -0.0886442, 0.35148276, -0.40107133, -0.27042618, 0.03448404, 0.03050444, 0.03185219, 0.03125849, 0.03018436, 0.02867154, 0.03034231, 0.02898493, 0.02885322, 0.02819065, 0.03203246, 0.03043178, 0.02818762, 0.03329608, 0.04020085, 0.02804946, 0.03645409, 0.05225061, 0.06762176, 0.06963327, 0.06374872, 0.06185369, 0.06157073], "atomic dipole moments": [[0.07997931, -0.05602882, -0.01819748], [-0.0334583, 0.08420671, -0.0666572], [0.03123596, -0.08766583, 0.06026241], [0.00178477, 0.06112128, 0.09149281], [0.00436308, -0.05986403, -0.09543454], [0.00393338, 0.05483675, 0.09791798], [0.01022856, -0.06592644, -0.09659822], [0.02753417, 0.0553197, 0.11976248], [-0.00562911, 0.08677689, -0.05364028], [0.10622461, 0.04186446, 0.12181824], [0.012537, -0.12954504, 0.1198685], [0.00686431, 0.18339051, -0.13810916], [-0.14772894, -0.21368668, -0.03785732], [-0.05508512, -0.03675878, 0.10534937], [0.03126224, 0.12133668, 0.01346843], [-0.08487651, -0.00918299, -0.09238388], [0.07338232, 0.00945214, 0.09913271], [-0.03725582, -0.11777269, -0.00507511], [0.03834501, 0.11825945, 0.00736821], [-0.0772172, 5.772e-05, -0.09404066], [0.03675451, 0.03304175, -0.11124213], [-0.039561, -0.11664382, -0.01493529], [0.03643265, 0.11796803, 0.017437], [-0.03524216, -0.04162698, 0.11125016], [-0.03576067, -0.11671227, -0.01736499], [0.03785485, 0.0403973, -0.11185623], [0.03396317, 0.12125951, 0.01826168], [-0.03831516, -0.03949534, 0.10963644], [-0.03525908, -0.11466995, -0.0152744], [0.03623389, 0.03895694, -0.11765183], [-0.04765678, -0.02704807, 0.120725], [0.08192427, -0.09486264, -0.03895131], [0.07035128, -0.00594452, 0.1045325], [-0.08142367, 0.10072244, 0.01438845], [0.08191889, 0.0081981, -0.10096713]], "atomic quadrupole moments": [[0.10698685, -0.16199684, -0.00963357, -0.05824109, 0.02861288, -0.09735327], [0.06680871, -0.12838491, -0.07721193, -0.16579581, -0.0550927, 0.01040321], [0.04197681, -0.11991863, -0.07243229, -0.17757439, -0.03331534, 0.03045547], [0.14957625, -0.14345355, -0.10130184, 0.08989198, 0.06416559, -0.04827442], [0.16335052, -0.1386777, -0.12938924, 0.07723607, 0.08663243, -0.03396128], [0.16793467, -0.13763639, -0.12976609, 0.09182117, 0.08198139, -0.03816858], [0.16549065, -0.14409872, -0.13372094, 0.07844564, 0.08178975, -0.03176971], [0.17044515, -0.1261321, -0.12782617, 0.1194981, 0.07425608, -0.04261898], [0.02490933, 0.126213, 0.05051115, 0.18216596, -0.01528771, -0.07542049], [0.21991649, -0.23454848, -0.24044944, -0.18122926, 0.25030633, 0.02053295], [0.066653, -0.10535487, -0.05179082, -0.12294672, 0.06608867, -0.01486217], [-0.01474107, 0.07324344, 0.04899833, 0.03107276, 0.00100025, -0.03425726], [-0.03340479, 0.37525871, 0.27658431, 0.08011164, 0.06670812, -0.24317952], [-0.01802755, 0.0048781, -0.02713047, -0.04618067, -0.0402751, 0.04515802], [-0.0144435, 0.0353313, 0.06650768, 0.00268858, 0.00973339, -0.05206419], [0.00440578, -0.00089963, -0.03767919, 0.057938, 0.01997374, 0.03327342], [0.01999098, 0.0067086, -0.03666407, 0.0360206, 0.01338619, 0.01667308], [-0.01674993, 0.02527956, 0.04602161, -0.00500567, 0.01881228, -0.02927168], [-0.01532039, 0.03402023, 0.03893625, -0.00458334, 0.02136472, -0.02361586], [0.02342158, 0.00267558, -0.04483977, 0.0353391, 0.0119683, 0.02141819], [-0.00127484, 0.00370795, -0.02994619, -0.02687984, -0.03465337, 0.03122103], [-0.01007185, 0.02567565, 0.04920013, 0.0067982, -0.00868379, -0.03912828], [-0.01338507, 0.02299886, 0.05015122, 0.00314096, -0.00068947, -0.03676615], [-0.0092258, 0.00900063, -0.01923327, -0.02506862, -0.03415578, 0.02845907], [-0.013467, 0.02387622, 0.05015527, 0.00360395, -0.00027788, -0.03668827], [-0.0116425, 0.00859752, -0.01659123, -0.02278939, -0.0351339, 0.02823373], [-0.00961732, 0.02573343, 0.04420031, 0.00393266, -0.0012505, -0.03458299], [-0.01450821, 0.00836043, -0.01643446, -0.02311861, -0.03716252, 0.03094267], [-0.00393811, 0.02336902, 0.05160634, 0.00534746, 0.00206362, -0.04766822], [-0.00805418, 0.0070112, -0.01599173, -0.02424729, -0.03483778, 0.02404591], [-0.00600944, 0.02012655, -0.04531432, -0.0167406, -0.01321135, 0.05132376], [0.0197747, -0.04395297, 0.00743664, 0.00143993, 0.03304361, -0.02721134], [-0.01272644, 0.00252966, -0.029389, 0.05920068, -0.01781783, 0.04211544], [0.02168744, -0.03282307, 0.03249137, 0.00230849, 0.00625017, -0.05417881], [-0.00985578, 0.02235036, -0.01977369, -0.04610671, 0.00687453, 0.02962947]], "number of molecular orbitals": 74, "number of electrons": 78, "number of unpaired electrons": 0, "orbital energies/eV": [-20.13150811, -19.33887851, -18.30474499, -17.27319078, -16.90064091, -16.76042464, -16.54882688, -16.47385498, -16.13223073, -15.8783729, -15.67452682, -15.33177471, -15.28292957, -15.12209091, -15.01708552, -14.8408867, -14.17705243, -14.13226302, -13.89462154, -13.78263905, -13.570274, -13.41409555, -13.36084462, -13.13162995, -13.01605445, -12.91524516, -12.73779322, -12.40007636, -12.33932719, -12.21060024, -12.12382252, -11.96515704, -11.90008433, -11.70114568, -11.49113458, -11.44198883, -11.29034981, -11.25047776, -11.2151208, -6.45552822, 0.13024107, 1.31963614, 2.32270042, 2.65607811, 2.81910413, 2.99319746, 3.14231485, 3.3818207, 3.4316914, 3.50569437, 3.68193779, 3.78356415, 4.01022794, 4.14360291, 4.46817974, 4.62972757, 4.69434123, 4.9034144, 5.00825411, 5.32732097, 5.48425813, 5.58735568, 5.93394663, 6.14947105, 6.44280153, 6.59509278, 6.86718748, 7.04583803, 7.35864702, 7.41468199, 7.89013832, 8.32198045, 8.54498421, 16.17850565], "fractional occupation": [2.0, 2.0, 2.0, 2.0, 2.0, 2.0, 2.0, 2.0, 2.0, 2.0, 2.0, 2.0, 2.0, 2.0, 2.0, 2.0, 2.0, 2.0, 2.0, 2.0, 2.0, 2.0, 2.0, 2.0, 2.0, 2.0, 2.0, 2.0, 2.0, 2.0, 2.0, 2.0, 2.0, 2.0, 2.0, 2.0, 2.0, 2.0, 2.0, 0.0, 0.0, 0.0, 0.0, 0.0, 0.0, 0.0, 0.0, 0.0, 0.0, 0.0, 0.0, 0.0, 0.0, 0.0, 0.0, 0.0, 0.0, 0.0, 0.0, 0.0, 0.0, 0.0, 0.0, 0.0, 0.0, 0.0, 0.0, 0.0, 0.0, 0.0, 0.0, 0.0, 0.0, 0.0], "program call": "xtb /home/svss/Project-DBcg-Debug/aqme2_20220329/End-to-End-workflows-final/example-3/QDESCP/mol_473_rdkit_conf_15/mol_473_rdkit_conf_15.xyz --pop --wbo --acc 0.2 --gfn 2 --chrg 0 --uhf 0 --etemp 300 --input /home/svss/Project-DBcg-Debug/aqme2_20220329/End-to-End-workflows-final/example-3/QDESCP/mol_473_rdkit_conf_15/mol_473_rdkit_conf_15_xtb.inp", "method": "GFN2-xTB", "xtb version": "6.3.3 (7355c4f)", "Dipole module/D": 1.959, "Total charge": 0, "Transition dipole module/D": NaN, "HOMO": -11.2151, "LUMO": -6.4555, "HOMO occupancy": 2.0, "LUMO occupancy": 0, "mulliken charges": [-0.08333, -0.03996, -0.04687, -0.04575, -0.04653, -0.04429, -0.0474, -0.03924, -0.0784, 0.57321, -0.52788, -0.41855, 0.1754, 0.02755, 0.02669, 0.02625, 0.02207, 0.0217, 0.02355, 0.02386, 0.02462, 0.02198, 0.02547, 0.0219, 0.0205, 0.02672, 0.03583, 0.01942, 0.02495, 0.04112, 0.05311, 0.05917, 0.03599, 0.04351, 0.04365], "cm5 charges": [-0.23376, -0.15262, -0.15737, -0.1563, -0.15741, -0.1551, -0.15739, -0.14764, -0.17707, 0.62224, -0.57851, -0.50558, 0.05575, 0.07832, 0.07798, 0.07753, 0.07736, 0.07651, 0.07874, 0.07876, 0.07955, 0.07718, 0.08094, 0.07788, 0.07585, 0.08212, 0.09386, 0.07493, 0.07996, 0.09906, 0.11256, 0.11703, 0.09504, 0.10474, 0.10485], "FUKUI+": [0.003, 0.001, 0.003, 0.002, 0.002, 0.005, 0.007, 0.021, 0.028, -0.189, -0.283, -0.126, 0.047, -0.006, -0.002, -0.006, 0.005, -0.003, -0.002, -0.011, -0.004, -0.007, -0.002, -0.008, -0.017, -0.009, 0.013, -0.018, -0.055, -0.023, -0.092, -0.1, -0.076, -0.049, -0.048], "FUKUI-": [0.017, 0.003, 0.009, 0.01, 0.005, 0.01, 0.008, 0.01, -0.002, -0.011, -0.086, -0.045, 0.015, -0.044, -0.041, -0.059, -0.07, -0.053, -0.042, -0.066, -0.053, -0.033, -0.034, -0.048, -0.041, -0.044, -0.041, -0.036, -0.055, -0.033, -0.034, -0.043, -0.034, -0.016, -0.02], "FUKUIrad": [0.01, 0.002, 0.006, 0.006, 0.003, 0.008, 0.007, 0.015, 0.013, -0.1, -0.185, -0.085, 0.031, -0.025, -0.022, -0.033, -0.033, -0.028, -0.022, -0.038, -0.029, -0.02, -0.018, -0.028, -0.029, -0.027, -0.014, -0.027, -0.055, -0.028, -0.063, -0.071, -0.055, -0.032, -0.034], "s proportion": [1.008, 1.027, 1.032, 1.032, 1.032, 1.033, 1.033, 1.03, 1.039, 0.991, 1.731, 1.698, 0.973, 0.972, 0.973, 0.974, 0.978, 0.978, 0.976, 0.976, 0.975, 0.978, 0.975, 0.978, 0.98, 0.973, 0.964, 0.981, 0.975, 0.959, 0.947, 0.941, 0.964, 0.956, 0.956], "p proportion": [3.076, 3.013, 3.015, 3.014, 3.015, 3.012, 3.015, 3.009, 3.039, 2.435, 4.797, 4.72, 2.852, 0.0, 0.0, 0.0, 0.0, 0.0, 0.0, 0.0, 0.0, 0.0, 0.0, 0.0, 0.0, 0.0, 0.0, 0.0, 0.0, 0.0, 0.0, 0.0, 0.0, 0.0, 0.0], "d proportion": [0.0, 0.0, 0.0, 0.0, 0.0, 0.0, 0.0, 0.0, 0.0, 0.0, 0.0, 0.0, 0.0, 0.0, 0.0, 0.0, 0.0, 0.0, 0.0, 0.0, 0.0, 0.0, 0.0, 0.0, 0.0, 0.0, 0.0, 0.0, 0.0, 0.0, 0.0, 0.0, 0.0, 0.0, 0.0], "Fermi-level/eV": -8.8353, "Coordination numbers": [3.75, 3.799, 3.801, 3.8, 3.801, 3.802, 3.801, 3.801, 3.802, 2.721, 0.856, 1.703, 3.655, 0.924, 0.924, 0.924, 0.924, 0.924, 0.924, 0.924, 0.924, 0.924, 0.924, 0.924, 0.924, 0.924, 0.924, 0.924, 0.924, 0.924, 0.924, 0.924, 0.924, 0.924, 0.924], "Dispersion coefficient C6": [22.474, 21.508, 21.618, 21.614, 21.621, 21.627, 21.629, 21.595, 22.189, 21.032, 21.703, 18.485, 20.288, 2.579, 2.56, 2.569, 2.584, 2.606, 2.582, 2.601, 2.603, 2.612, 2.558, 2.58, 2.613, 2.54, 2.446, 2.615, 2.497, 2.292, 2.112, 2.09, 2.156, 2.178, 2.181], "Total dispersion C6": 8896.597823, "Total dispersion C8": 188361.010751, "Polarizability alpha": [6.761, 6.603, 6.62, 6.619, 6.62, 6.621, 6.621, 6.616, 6.707, 7.507, 6.246, 5.805, 6.467, 2.512, 2.502, 2.506, 2.514, 2.524, 2.513, 2.522, 2.523, 2.528, 2.501, 2.512, 2.528, 2.492, 2.446, 2.529, 2.471, 2.368, 2.273, 2.261, 2.296, 2.308, 2.309], "Total polarizability alpha": 139.750986, "Wiberg matrix": [[0.0, 1.0197913943745998, 0.0, 0.0, 0.0, 0.0, 0.0, 0.0, 0.0, 0.0, 0.0, 0.0, 0.0, 0.9875329681797869, 0.9878324127219249, 0.9876707687401192, 0.0, 0.0, 0.0, 0.0, 0.0, 0.0, 0.0, 0.0, 0.0, 0.0, 0.0, 0.0, 0.0, 0.0, 0.0, 0.0, 0.0, 0.0, 0.0], [1.0197913943745998, 0.0, 1.008796941655228, 0.0, 0.0, 0.0, 0.0, 0.0, 0.0, 0.0, 0.0, 0.0, 0.0, 0.0, 0.0, 0.0, 0.9763445162918096, 0.977983802091018, 0.0, 0.0, 0.0, 0.0, 0.0, 0.0, 0.0, 0.0, 0.0, 0.0, 0.0, 0.0, 0.0, 0.0, 0.0, 0.0, 0.0], [0.0, 1.008796941655228, 0.0, 1.0063460336957832, 0.0, 0.0, 0.0, 0.0, 0.0, 0.0, 0.0, 0.0, 0.0, 0.0, 0.0, 0.0, 0.0, 0.0, 0.9771593612622035, 0.9768333622725003, 0.0, 0.0, 0.0, 0.0, 0.0, 0.0, 0.0, 0.0, 0.0, 0.0, 0.0, 0.0, 0.0, 0.0, 0.0], [0.0, 0.0, 1.0063460336957832, 0.0, 1.0079355538733743, 0.0, 0.0, 0.0, 0.0, 0.0, 0.0, 0.0, 0.0, 0.0, 0.0, 0.0, 0.0, 0.0, 0.0, 0.0, 0.976973314472185, 0.977324395867735, 0.0, 0.0, 0.0, 0.0, 0.0, 0.0, 0.0, 0.0, 0.0, 0.0, 0.0, 0.0, 0.0], [0.0, 0.0, 0.0, 1.0079355538733743, 0.0, 1.0066782975885071, 0.0, 0.0, 0.0, 0.0, 0.0, 0.0, 0.0, 0.0, 0.0, 0.0, 0.0, 0.0, 0.0, 0.0, 0.0, 0.0, 0.9770440665480392, 0.9755197834196307, 0.0, 0.0, 0.0, 0.0, 0.0, 0.0, 0.0, 0.0, 0.0, 0.0, 0.0], [0.0, 0.0, 0.0, 0.0, 1.0066782975885071, 0.0, 1.0071347171065625, 0.0, 0.0, 0.0, 0.0, 0.0, 0.0, 0.0, 0.0, 0.0, 0.0, 0.0, 0.0, 0.0, 0.0, 0.0, 0.0, 0.0, 0.977342557280015, 0.9769744924708323, 0.0, 0.0, 0.0, 0.0, 0.0, 0.0, 0.0, 0.0, 0.0], [0.0, 0.0, 0.0, 0.0, 0.0, 1.0071347171065625, 0.0, 1.007730502581162, 0.0, 0.0, 0.0, 0.0, 0.0, 0.0, 0.0, 0.0, 0.0, 0.0, 0.0, 0.0, 0.0, 0.0, 0.0, 0.0, 0.0, 0.0, 0.9764806875937397, 0.977028832659762, 0.0, 0.0, 0.0, 0.0, 0.0, 0.0, 0.0], [0.0, 0.0, 0.0, 0.0, 0.0, 0.0, 1.007730502581162, 0.0, 1.0051101361845032, 0.0, 0.0, 0.0, 0.0, 0.0, 0.0, 0.0, 0.0, 0.0, 0.0, 0.0, 0.0, 0.0, 0.0, 0.0, 0.0, 0.0, 0.0, 0.0, 0.9767127052510546, 0.9747463981361153, 0.0, 0.0, 0.0, 0.0, 0.0], [0.0, 0.0, 0.0, 0.0, 0.0, 0.0, 0.0, 1.0051101361845032, 0.0, 0.9790875192820829, 0.0, 0.0, 0.0, 0.0, 0.0, 0.0, 0.0, 0.0, 0.0, 0.0, 0.0, 0.0, 0.0, 0.0, 0.0, 0.0, 0.0, 0.0, 0.0, 0.0, 0.9600592381911845, 0.94687433875201, 0.0, 0.0, 0.0], [0.0, 0.0, 0.0, 0.0, 0.0, 0.0, 0.0, 0.0, 0.9790875192820829, 0.0, 1.7646927076434817, 1.1107306739696217, 0.0, 0.0, 0.0, 0.0, 0.0, 0.0, 0.0, 0.0, 0.0, 0.0, 0.0, 0.0, 0.0, 0.0, 0.0, 0.0, 0.0, 0.0, 0.0, 0.0, 0.0, 0.0, 0.0], [0.0, 0.0, 0.0, 0.0, 0.0, 0.0, 0.0, 0.0, 0.0, 1.7646927076434817, 0.0, 0.16841781947296372, 0.0, 0.0, 0.0, 0.0, 0.0, 0.0, 0.0, 0.0, 0.0, 0.0, 0.0, 0.0, 0.0, 0.0, 0.0, 0.0, 0.0, 0.0, 0.0, 0.0, 0.0, 0.0, 0.0], [0.0, 0.0, 0.0, 0.0, 0.0, 0.0, 0.0, 0.0, 0.0, 1.1107306739696217, 0.16841781947296372, 0.0, 0.9607475259238275, 0.0, 0.0, 0.0, 0.0, 0.0, 0.0, 0.0, 0.0, 0.0, 0.0, 0.0, 0.0, 0.0, 0.0, 0.0, 0.0, 0.0, 0.0, 0.0, 0.0, 0.0, 0.0], [0.0, 0.0, 0.0, 0.0, 0.0, 0.0, 0.0, 0.0, 0.0, 0.0, 0.0, 0.9607475259238275, 0.0, 0.0, 0.0, 0.0, 0.0, 0.0, 0.0, 0.0, 0.0, 0.0, 0.0, 0.0, 0.0, 0.0, 0.0, 0.0, 0.0, 0.0, 0.0, 0.0, 0.9818942029498596, 0.9781532896517877, 0.9782326692062598], [0.9875329681797869, 0.0, 0.0, 0.0, 0.0, 0.0, 0.0, 0.0, 0.0, 0.0, 0.0, 0.0, 0.0, 0.0, 0.0, 0.0, 0.0, 0.0, 0.0, 0.0, 0.0, 0.0, 0.0, 0.0, 0.0, 0.0, 0.0, 0.0, 0.0, 0.0, 0.0, 0.0, 0.0, 0.0, 0.0], [0.9878324127219249, 0.0, 0.0, 0.0, 0.0, 0.0, 0.0, 0.0, 0.0, 0.0, 0.0, 0.0, 0.0, 0.0, 0.0, 0.0, 0.0, 0.0, 0.0, 0.0, 0.0, 0.0, 0.0, 0.0, 0.0, 0.0, 0.0, 0.0, 0.0, 0.0, 0.0, 0.0, 0.0, 0.0, 0.0], [0.9876707687401192, 0.0, 0.0, 0.0, 0.0, 0.0, 0.0, 0.0, 0.0, 0.0, 0.0, 0.0, 0.0, 0.0, 0.0, 0.0, 0.0, 0.0, 0.0, 0.0, 0.0, 0.0, 0.0, 0.0, 0.0, 0.0, 0.0, 0.0, 0.0, 0.0, 0.0, 0.0, 0.0, 0.0, 0.0], [0.0, 0.9763445162918096, 0.0, 0.0, 0.0, 0.0, 0.0, 0.0, 0.0, 0.0, 0.0, 0.0, 0.0, 0.0, 0.0, 0.0, 0.0, 0.0, 0.0, 0.0, 0.0, 0.0, 0.0, 0.0, 0.0, 0.0, 0.0, 0.0, 0.0, 0.0, 0.0, 0.0, 0.0, 0.0, 0.0], [0.0, 0.977983802091018, 0.0, 0.0, 0.0, 0.0, 0.0, 0.0, 0.0, 0.0, 0.0, 0.0, 0.0, 0.0, 0.0, 0.0, 0.0, 0.0, 0.0, 0.0, 0.0, 0.0, 0.0, 0.0, 0.0, 0.0, 0.0, 0.0, 0.0, 0.0, 0.0, 0.0, 0.0, 0.0, 0.0], [0.0, 0.0, 0.9771593612622035, 0.0, 0.0, 0.0, 0.0, 0.0, 0.0, 0.0, 0.0, 0.0, 0.0, 0.0, 0.0, 0.0, 0.0, 0.0, 0.0, 0.0, 0.0, 0.0, 0.0, 0.0, 0.0, 0.0, 0.0, 0.0, 0.0, 0.0, 0.0, 0.0, 0.0, 0.0, 0.0], [0.0, 0.0, 0.9768333622725003, 0.0, 0.0, 0.0, 0.0, 0.0, 0.0, 0.0, 0.0, 0.0, 0.0, 0.0, 0.0, 0.0, 0.0, 0.0, 0.0, 0.0, 0.0, 0.0, 0.0, 0.0, 0.0, 0.0, 0.0, 0.0, 0.0, 0.0, 0.0, 0.0, 0.0, 0.0, 0.0], [0.0, 0.0, 0.0, 0.976973314472185, 0.0, 0.0, 0.0, 0.0, 0.0, 0.0, 0.0, 0.0, 0.0, 0.0, 0.0, 0.0, 0.0, 0.0, 0.0, 0.0, 0.0, 0.0, 0.0, 0.0, 0.0, 0.0, 0.0, 0.0, 0.0, 0.0, 0.0, 0.0, 0.0, 0.0, 0.0], [0.0, 0.0, 0.0, 0.977324395867735, 0.0, 0.0, 0.0, 0.0, 0.0, 0.0, 0.0, 0.0, 0.0, 0.0, 0.0, 0.0, 0.0, 0.0, 0.0, 0.0, 0.0, 0.0, 0.0, 0.0, 0.0, 0.0, 0.0, 0.0, 0.0, 0.0, 0.0, 0.0, 0.0, 0.0, 0.0], [0.0, 0.0, 0.0, 0.0, 0.9770440665480392, 0.0, 0.0, 0.0, 0.0, 0.0, 0.0, 0.0, 0.0, 0.0, 0.0, 0.0, 0.0, 0.0, 0.0, 0.0, 0.0, 0.0, 0.0, 0.0, 0.0, 0.0, 0.0, 0.0, 0.0, 0.0, 0.0, 0.0, 0.0, 0.0, 0.0], [0.0, 0.0, 0.0, 0.0, 0.9755197834196307, 0.0, 0.0, 0.0, 0.0, 0.0, 0.0, 0.0, 0.0, 0.0, 0.0, 0.0, 0.0, 0.0, 0.0, 0.0, 0.0, 0.0, 0.0, 0.0, 0.0, 0.0, 0.0, 0.0, 0.0, 0.0, 0.0, 0.0, 0.0, 0.0, 0.0], [0.0, 0.0, 0.0, 0.0, 0.0, 0.977342557280015, 0.0, 0.0, 0.0, 0.0, 0.0, 0.0, 0.0, 0.0, 0.0, 0.0, 0.0, 0.0, 0.0, 0.0, 0.0, 0.0, 0.0, 0.0, 0.0, 0.0, 0.0, 0.0, 0.0, 0.0, 0.0, 0.0, 0.0, 0.0, 0.0], [0.0, 0.0, 0.0, 0.0, 0.0, 0.9769744924708323, 0.0, 0.0, 0.0, 0.0, 0.0, 0.0, 0.0, 0.0, 0.0, 0.0, 0.0, 0.0, 0.0, 0.0, 0.0, 0.0, 0.0, 0.0, 0.0, 0.0, 0.0, 0.0, 0.0, 0.0, 0.0, 0.0, 0.0, 0.0, 0.0], [0.0, 0.0, 0.0, 0.0, 0.0, 0.0, 0.9764806875937397, 0.0, 0.0, 0.0, 0.0, 0.0, 0.0, 0.0, 0.0, 0.0, 0.0, 0.0, 0.0, 0.0, 0.0, 0.0, 0.0, 0.0, 0.0, 0.0, 0.0, 0.0, 0.0, 0.0, 0.0, 0.0, 0.0, 0.0, 0.0], [0.0, 0.0, 0.0, 0.0, 0.0, 0.0, 0.977028832659762, 0.0, 0.0, 0.0, 0.0, 0.0, 0.0, 0.0, 0.0, 0.0, 0.0, 0.0, 0.0, 0.0, 0.0, 0.0, 0.0, 0.0, 0.0, 0.0, 0.0, 0.0, 0.0, 0.0, 0.0, 0.0, 0.0, 0.0, 0.0], [0.0, 0.0, 0.0, 0.0, 0.0, 0.0, 0.0, 0.9767127052510546, 0.0, 0.0, 0.0, 0.0, 0.0, 0.0, 0.0, 0.0, 0.0, 0.0, 0.0, 0.0, 0.0, 0.0, 0.0, 0.0, 0.0, 0.0, 0.0, 0.0, 0.0, 0.0, 0.0, 0.0, 0.0, 0.0, 0.0], [0.0, 0.0, 0.0, 0.0, 0.0, 0.0, 0.0, 0.9747463981361153, 0.0, 0.0, 0.0, 0.0, 0.0, 0.0, 0.0, 0.0, 0.0, 0.0, 0.0, 0.0, 0.0, 0.0, 0.0, 0.0, 0.0, 0.0, 0.0, 0.0, 0.0, 0.0, 0.0, 0.0, 0.0, 0.0, 0.0], [0.0, 0.0, 0.0, 0.0, 0.0, 0.0, 0.0, 0.0, 0.9600592381911845, 0.0, 0.0, 0.0, 0.0, 0.0, 0.0, 0.0, 0.0, 0.0, 0.0, 0.0, 0.0, 0.0, 0.0, 0.0, 0.0, 0.0, 0.0, 0.0, 0.0, 0.0, 0.0, 0.0, 0.0, 0.0, 0.0], [0.0, 0.0, 0.0, 0.0, 0.0, 0.0, 0.0, 0.0, 0.94687433875201, 0.0, 0.0, 0.0, 0.0, 0.0, 0.0, 0.0, 0.0, 0.0, 0.0, 0.0, 0.0, 0.0, 0.0, 0.0, 0.0, 0.0, 0.0, 0.0, 0.0, 0.0, 0.0, 0.0, 0.0, 0.0, 0.0], [0.0, 0.0, 0.0, 0.0, 0.0, 0.0, 0.0, 0.0, 0.0, 0.0, 0.0, 0.0, 0.9818942029498596, 0.0, 0.0, 0.0, 0.0, 0.0, 0.0, 0.0, 0.0, 0.0, 0.0, 0.0, 0.0, 0.0, 0.0, 0.0, 0.0, 0.0, 0.0, 0.0, 0.0, 0.0, 0.0], [0.0, 0.0, 0.0, 0.0, 0.0, 0.0, 0.0, 0.0, 0.0, 0.0, 0.0, 0.0, 0.9781532896517877, 0.0, 0.0, 0.0, 0.0, 0.0, 0.0, 0.0, 0.0, 0.0, 0.0, 0.0, 0.0, 0.0, 0.0, 0.0, 0.0, 0.0, 0.0, 0.0, 0.0, 0.0, 0.0], [0.0, 0.0, 0.0, 0.0, 0.0, 0.0, 0.0, 0.0, 0.0, 0.0, 0.0, 0.0, 0.9782326692062598, 0.0, 0.0, 0.0, 0.0, 0.0, 0.0, 0.0, 0.0, 0.0, 0.0, 0.0, 0.0, 0.0, 0.0, 0.0, 0.0, 0.0, 0.0, 0.0, 0.0, 0.0, 0.0]], "Born radii": [], "Atomic SASAs": [], "Solvent H bonds": [], "Total SASA": NaN, "Total FOD": 0.0, "FOD": [0.0, 0.0, 0.0, 0.0, 0.0, 0.0, 0.0, 0.0, 0.0, 0.0, 0.0, 0.0, 0.0, 0.0, 0.0, 0.0, 0.0, 0.0, 0.0, 0.0, 0.0, 0.0, 0.0, 0.0, 0.0, 0.0, 0.0, 0.0, 0.0, 0.0, 0.0, 0.0, 0.0, 0.0, 0.0], "FOD s proportion": [0.0, 0.0, 0.0, 0.0, 0.0, 0.0, 0.0, 0.0, 0.0, 0.0, 0.0, 0.0, 0.0, 0.0, 0.0, 0.0, 0.0, 0.0, 0.0, 0.0, 0.0, 0.0, 0.0, 0.0, 0.0, 0.0, 0.0, 0.0, 0.0, 0.0, 0.0, 0.0, 0.0, 0.0, 0.0], "FOD p proportion": [0.0, 0.0, 0.0, 0.0, 0.0, 0.0, 0.0, 0.0, 0.0, 0.0, 0.0, 0.0, 0.0, 0.0, 0.0, 0.0, 0.0, 0.0, 0.0, 0.0, 0.0, 0.0, 0.0, 0.0, 0.0, 0.0, 0.0, 0.0, 0.0, 0.0, 0.0, 0.0, 0.0, 0.0, 0.0], "FOD d proportion": [0.0, 0.0, 0.0, 0.0, 0.0, 0.0, 0.0, 0.0, 0.0, 0.0, 0.0, 0.0, 0.0, 0.0, 0.0, 0.0, 0.0, 0.0, 0.0, 0.0, 0.0, 0.0, 0.0, 0.0, 0.0, 0.0, 0.0, 0.0, 0.0, 0.0, 0.0, 0.0, 0.0, 0.0, 0.0], "coordinates": [["-5.51050", "1.36310", "0.55020"], ["-4.29030", "0.49580", "0.28020"], ["-3.58010", "0.91850", "-1.00640"], ["-2.41080", "0.00490", "-1.38480"], ["-1.24900", "0.06020", "-0.39040"], ["-0.06510", "-0.78020", "-0.87490"], ["1.09690", "-0.72990", "0.11930"], ["2.27970", "-1.57330", "-0.36670"], ["3.44780", "-1.56360", "0.61910"], ["4.18940", "-0.24630", "0.64860"], ["4.10200", "0.63780", "-0.19130"], ["4.99870", "-0.20630", "1.74570"], ["5.75950", "0.99670", "1.86130"], ["-6.00210", "1.04770", "1.47580"], ["-5.22770", "2.41520", "0.65690"], ["-6.23740", "1.28300", "-0.26440"], ["-3.60990", "0.57420", "1.13470"], ["-4.60360", "-0.55200", "0.20640"], ["-3.22390", "1.95150", "-0.91110"], ["-4.30170", "0.90910", "-1.83290"], ["-2.04860", "0.30730", "-2.37530"], ["-2.76730", "-1.02790", "-1.48140"], ["-0.92950", "1.10050", "-0.25550"], ["-1.57380", "-0.31050", "0.58810"], ["-0.38570", "-1.81990", "-1.01380"], ["0.27200", "-0.41200", "-1.85150"], ["1.40920", "0.31120", "0.26020"], ["0.75990", "-1.10010", "1.09530"], ["1.94560", "-2.61000", "-0.49750"], ["2.61050", "-1.21830", "-1.35020"], ["3.08280", "-1.79210", "1.62670"], ["4.17010", "-2.33460", "0.32800"], ["6.36310", "0.92960", "2.77060"], ["5.09650", "1.86310", "1.94900"], ["6.43320", "1.10760", "1.00580"]], "bond_dist": [[0.0, 1.5211828719782512, 2.519348503085669, 3.898342254086986, 4.554410941054836, 6.023041263348608, 6.944354438678948, 8.375581568464366, 9.424513726978173, 9.833001115122483, 9.668300708500952, 10.692778930193965, 11.351921959298345, 1.0944784511355168, 1.0946575446229752, 1.0947021421373029, 2.1392250512744098, 2.146689092532964, 2.7767160117664176, 2.71043890357263, 4.653817304106383, 4.167664309898291, 4.658720022710101, 4.277847620007052, 6.2322676482962445, 6.5081832449616845, 7.00520104636548, 6.758875972378839, 8.51332051023571, 8.730738062729863, 9.217317623907729, 10.365151927974814, 12.087202958914855, 10.710513080147, 11.955116950494462], [1.5211828719782512, 0.0, 1.5291824253502264, 2.558462049747856, 3.1446712721682055, 4.562318166239614, 5.527219295450471, 6.918421382078429, 8.014622460228555, 8.520078817710552, 8.40673394012205, 9.430066577707711, 10.185737973264382, 2.1597018798899073, 2.1690361937966824, 2.1696708068276163, 1.095107743557683, 1.0961241581134868, 2.1622828538375827, 2.153169398816545, 3.4802918541409715, 2.782880746636478, 3.4565319642670747, 2.850314780861931, 4.720466465297683, 5.116915772220606, 5.702523775487482, 5.358712985409836, 7.009797410767304, 7.295024579122403, 7.836462994872114, 8.921424614936786, 10.949210298464454, 9.631532431030902, 10.765419028073177], [2.519348503085669, 1.5291824253502264, 0.0, 1.531376508243482, 2.5593284470735673, 3.9061616633211687, 5.085150150192224, 6.399651503793, 7.628528630738695, 8.028755463333031, 7.730319586537157, 9.079374366662057, 9.77025827140716, 3.470460125113095, 2.778716167585311, 2.782924278524301, 2.1688106740792286, 2.1635171226500614, 1.096836145465675, 1.0972224797186763, 2.1431156991632534, 2.1621151218193724, 2.7609156397832946, 2.84220177679207, 4.207502903148137, 4.162102674129988, 5.183261843665628, 5.227570071266381, 6.575914533355798, 6.558021122259366, 7.659948066403584, 8.510516024895317, 10.63640345464575, 9.214664718805563, 10.215228070875364], [3.898342254086986, 2.558462049747856, 1.531376508243482, 0.0, 1.5302511852633867, 2.5256065627884325, 3.886670443966146, 5.052527397253774, 6.3874096017086615, 6.91089408398074, 6.651433567284575, 8.046448032517205, 8.847295323430773, 4.708279929018665, 4.232376470731308, 4.187087690746398, 2.847775193023494, 2.765940507313923, 2.1621227670971876, 2.1433324660444075, 1.0971439513573416, 1.096858992760692, 2.1609968856988204, 2.1661903355891883, 2.751102697101655, 2.7548194750291715, 4.17040102268355, 4.174357375692694, 5.157831352419348, 5.16825590407441, 6.517513499027064, 7.191327339233002, 9.752114666060896, 8.421798084138565, 9.227526843634758], [4.554410941054836, 3.1446712721682055, 2.5593284470735673, 1.5302511852633867, 0.0, 1.530565784277174, 2.5273106081366414, 3.8885225510468624, 5.071069604136784, 5.545237398885642, 5.385764901107364, 6.608154110642396, 7.420664214879959, 5.200943981624874, 4.74056072421818, 5.13763081585277, 2.857267019373583, 3.4618348083061385, 2.78359016200302, 3.481438603508613, 2.15412315803902, 2.1632099990523344, 1.0965866814803105, 1.0956166209034983, 2.160715265832127, 2.161302165362354, 2.7481463934805217, 2.7548647498561523, 4.164961897784901, 4.177501470975205, 5.124860870306628, 5.9680658851926225, 8.288054281313558, 6.999186454153082, 7.8779831200631545], [6.023041263348608, 4.562318166239614, 3.9061616633211687, 2.5256065627884325, 1.530565784277174, 0.0, 1.5301005620546644, 2.5269273614411634, 3.896949829032958, 4.5504803823332765, 4.454520778939077, 5.730530168317762, 6.676086369273544, 6.641910711534747, 6.261743460091607, 6.536573397430797, 4.29400728457696, 4.6711098445658505, 4.1763037209953975, 4.660501909665953, 2.7144297117442555, 2.780482400591667, 2.160526836213797, 2.153407248989378, 1.0968380281518326, 1.096793148228051, 2.1571199456682977, 2.159779861467367, 2.7447246291750287, 2.752576440355472, 4.146229441311708, 4.669052024769054, 7.585172478592692, 6.45008222118137, 7.023441052646488], [6.944354438678948, 5.527219295450471, 5.085150150192224, 3.886670443966146, 2.5273106081366414, 1.5301005620546644, 0.0, 1.5318405269478934, 2.543931315896717, 3.1745210189885342, 3.316278284462871, 4.2595043326659505, 5.26835366314753, 7.442832458815663, 7.083871323647826, 7.615178828497726, 4.988554922019001, 5.703940310872827, 5.188539559452159, 5.9701162300243364, 4.146442240041456, 4.193219065348244, 2.7562902895014525, 2.743776282789834, 2.161045665875666, 2.1599937638798865, 1.0960261447611548, 1.096901563496014, 2.1530234415816283, 2.165398293617135, 2.7100410347446773, 3.473208317967697, 6.125046479823643, 5.105707712942448, 5.713001504463307], [8.375581568464366, 6.918421382078429, 6.399651503793, 5.052527397253774, 3.8885225510468624, 2.5269273614411634, 1.5318405269478934, 0.0, 1.5285134412232035, 2.537462744554095, 2.870628095034256, 3.7045760567168817, 4.865993427862393, 8.879901941463093, 8.562531399650457, 8.983869288341188, 6.446188514928802, 6.982214275571898, 6.55821617210046, 7.185184629499788, 5.128870363930054, 5.197328761007909, 4.178580682480596, 4.166025579614221, 2.753889454934602, 2.7539259285608972, 2.1684358671632413, 2.1612853305382886, 1.0970316039203245, 1.0966886021109183, 2.160205224047012, 2.1530903232330965, 5.725496944370855, 5.010556225610087, 5.130550000730916], [9.424513726978173, 8.014622460228555, 7.628528630738695, 6.3874096017086615, 5.071069604136784, 3.896949829032958, 2.543931315896717, 1.5285134412232035, 0.0, 1.5119920965401905, 2.435341405224327, 2.3487830167982744, 3.666354295482094, 9.841414156004205, 9.544452762206957, 10.133449701360343, 7.392371844678811, 8.125189093799603, 7.69473982276204, 8.49595783534735, 6.532772086182098, 6.5822900840057175, 5.198375636677288, 5.17568229028792, 4.174658590831111, 4.185182500202351, 2.7927717790754043, 2.768827387180356, 2.144377149663743, 2.1675898758759695, 1.0957622963033542, 1.0958546892722592, 4.398178325170547, 4.028538021416702, 4.024606749733445], [9.833001115122483, 8.520078817710552, 8.028755463333031, 6.91089408398074, 5.545237398885642, 4.5504803823332765, 3.1745210189885342, 2.537462744554095, 1.5119920965401905, 0.0, 1.2225807049025434, 1.3638896216336573, 2.341133123083777, 10.306569171649702, 9.78598097024514, 10.577829915913755, 7.857391039651776, 8.80941782015134, 7.887965886082418, 8.921410797626123, 6.954357495124909, 7.317340599562111, 5.369767616945821, 5.763875096668907, 5.115792287612936, 4.6501590574947, 2.8620225103936545, 3.5623006021390164, 3.4547447575761656, 2.7263364887702326, 2.1379290937727564, 2.1128544057743306, 3.2573910572726756, 2.6388328726920167, 2.6448583118949873], [9.668300708500952, 8.40673394012205, 7.730319586537157, 6.651433567284575, 5.385764901107364, 4.454520778939077, 3.316278284462871, 2.870628095034256, 2.435341405224327, 1.2225807049025434, 0.0, 2.29533106544568, 2.662570603758706, 10.248906147975012, 9.535297378162886, 10.35976925466972, 7.825325716543689, 8.795525037767785, 7.477481564002683, 8.56683301693222, 6.535209760214283, 7.1851372283346135, 5.053138151683566, 5.807016694482633, 5.182301306369594, 4.304328528353755, 2.749853023345066, 3.98061155854223, 3.9105017887734053, 2.648155711056282, 3.201297650953438, 3.0181901629950354, 3.7377228441927044, 2.6591867986284825, 2.6623774882611966], [10.692778930193965, 9.430066577707711, 9.079374366662057, 8.046448032517205, 6.608154110642396, 5.730530168317762, 4.2595043326659505, 3.7045760567168817, 2.3487830167982744, 1.3638896216336573, 2.29533106544568, 0.0, 1.4280717769075895, 11.075331265926092, 10.613058213823196, 11.511231893676715, 8.66547720613239, 9.731038910106156, 8.90650536630389, 10.027359337333035, 8.179906066086579, 8.449849523512238, 6.391876322332903, 6.67447763124576, 6.261813520857996, 5.9433873523437795, 3.9190594215959527, 4.3805620689587315, 4.486773845426132, 4.038841424220565, 2.489898682677671, 2.6881428793871804, 2.0499454090292257, 2.081660896976258, 2.0812437315220915], [11.351921959298345, 10.185737973264382, 9.77025827140716, 8.847295323430773, 7.420664214879959, 6.676086369273544, 5.26835366314753, 4.865993427862393, 3.666354295482094, 2.341133123083777, 2.662570603758706, 1.4280717769075895, 0.0, 11.768026419497877, 11.143665709720477, 12.187131647356567, 9.407024512033548, 10.608063315704708, 9.449831763581825, 10.718326960864742, 8.910133418193018, 9.379710373460366, 7.0167184409807986, 7.5569239092371445, 7.345945726045081, 6.773623533973526, 4.685994190137244, 5.475338016962971, 5.754828888854994, 5.013597336244705, 3.8726173952509173, 3.996843872357288, 1.0934632412660246, 1.0944904065363024, 1.0945550465828568], [1.0944784511355168, 2.1597018798899073, 3.470460125113095, 4.708279929018665, 5.200943981624874, 6.641910711534747, 7.442832458815663, 8.879901941463093, 9.841414156004205, 10.306569171649702, 10.248906147975012, 11.075331265926092, 11.768026419497877, 0.0, 1.7721029371907269, 1.7717302898579117, 2.4623509701096635, 2.4751199364879275, 3.7726040462789094, 3.722642315614005, 5.568601765254901, 4.849441023458271, 5.360173345144727, 4.716201800177767, 6.779763040106934, 7.250240009130732, 7.546355630368875, 7.1051016241852585, 8.968757855466944, 9.343335098346843, 9.519592578466792, 10.781050550387008, 12.433367431633316, 11.138568909873477, 12.4443229667186], [1.0946575446229752, 2.1690361937966824, 2.778716167585311, 4.232376470731308, 4.74056072421818, 6.261743460091607, 7.083871323647826, 8.562531399650457, 9.544452762206957, 9.78598097024514, 9.535297378162886, 10.613058213823196, 11.143665709720477, 1.7721029371907269, 0.0, 1.774870310755127, 2.496968297756301, 3.0654081131229494, 2.58628229897666, 3.0536727476925223, 4.8727975599238675, 4.741395644744277, 4.586440132608295, 4.559074373159533, 6.646222573763234, 6.673217401673648, 6.973709808989761, 6.957074270841155, 8.834110441351749, 8.869506857768362, 9.365163937700183, 10.535056719828328, 11.875242300264867, 10.419378218492694, 11.739171085728328], [1.0947021421373029, 2.1696708068276163, 2.782924278524301, 4.187087690746398, 5.13763081585277, 6.536573397430797, 7.615178828497726, 8.983869288341188, 10.133449701360343, 10.577829915913755, 10.35976925466972, 11.511231893676715, 12.187131647356567, 1.7717302898579117, 1.774870310755127, 0.0, 3.0600056372497093, 2.501635481040353, 3.1537747842862847, 2.5193110070017157, 4.791026480828509, 4.343148836961497, 5.3110439529343, 5.001516116139185, 6.6657318922980995, 6.911164863465493, 7.725936316071988, 7.515993413381893, 9.064837208135621, 9.258552680629947, 9.994930077794441, 11.034220578273754, 12.965674560546399, 11.562566530835618, 12.735316154693608], [2.1392250512744098, 1.095107743557683, 2.1688106740792286, 2.847775193023494, 2.857267019373583, 4.29400728457696, 4.988554922019001, 6.446188514928802, 7.392371844678811, 7.857391039651776, 7.825325716543689, 8.66547720613239, 9.407024512033548, 2.4623509701096635, 2.496968297756301, 3.0600056372497093, 0.0, 1.7656463462426446, 2.49624696895159, 3.0655170868876267, 3.8508431933798604, 3.1813013657935647, 3.064994598690184, 2.2863002558719185, 4.554473921321759, 4.995911177152773, 5.10149821719071, 4.679741968314065, 6.608084951784443, 6.934058005237626, 7.115734184186478, 8.345075333991899, 10.112527229629595, 8.838877115335409, 10.058080750322102], [2.146689092532964, 1.0961241581134868, 2.1635171226500614, 2.765940507313923, 3.4618348083061385, 4.6711098445658505, 5.703940310872827, 6.982214275571898, 8.125189093799603, 8.80941782015134, 8.795525037767785, 9.731038910106156, 10.608063315704708, 2.4751199364879275, 3.0654081131229494, 2.501635481040353, 1.7656463462426446, 0.0, 3.069184026740658, 2.5267966499107124, 3.7325053757496454, 2.5391233408402987, 4.055011549921899, 3.063283398577415, 4.570244945295602, 5.2939614439472455, 6.074682915181664, 5.464218980787648, 6.900931810270262, 7.410141568148345, 7.914281082953777, 8.953784731050886, 11.359523277409135, 10.146984910799858, 11.18947124577386], [2.7767160117664176, 2.1622828538375827, 1.096836145465675, 2.1621227670971876, 2.78359016200302, 4.1763037209953975, 5.188539559452159, 6.55821617210046, 7.69473982276204, 7.887965886082418, 7.477481564002683, 8.90650536630389, 9.449831763581825, 3.7726040462789094, 2.58628229897666, 3.1537747842862847, 2.49624696895159, 3.069184026740658, 0.0, 1.7601039287496636, 2.4957174058775164, 3.0676619777935117, 2.5334331883829107, 3.17601553050359, 4.721163467832903, 4.323401579774888, 5.052538311581615, 5.404494977331369, 6.906669056788519, 6.654371811824165, 7.760762506996333, 8.635812528071693, 10.320356752554632, 8.798695512972364, 9.881611874082083], [2.71043890357263, 2.153169398816545, 1.0972224797186763, 2.1433324660444075, 3.481438603508613, 4.660501909665953, 5.9701162300243364, 7.185184629499788, 8.49595783534735, 8.921410797626123, 8.56683301693222, 10.027359337333035, 10.718326960864742, 3.722642315614005, 3.0536727476925223, 2.5193110070017157, 3.0655170868876267, 2.5267966499107124, 1.7601039287496636, 0.0, 2.3943309315965497, 2.4959776861983363, 3.7278086807131077, 3.845790370001984, 4.842873301047633, 4.760712431979063, 6.111704412845897, 6.18312497366825, 7.293566703609422, 7.248264543323457, 8.590468779408956, 9.325367217434389, 11.615962790057482, 10.175413841706881, 11.105660626455322], [4.653817304106383, 3.4802918541409715, 2.1431156991632534, 1.0971439513573416, 2.15412315803902, 2.7144297117442555, 4.146442240041456, 5.128870363930054, 6.532772086182098, 6.954357495124909, 6.535209760214283, 8.179906066086579, 8.910133418193018, 5.568601765254901, 4.8727975599238675, 4.791026480828509, 3.8508431933798604, 3.7325053757496454, 2.4957174058775164, 2.3943309315965497, 0.0, 1.7602119020163454, 2.5248966493700293, 3.0641232742825477, 3.0238879774224445, 2.4853457083472312, 4.347672515266071, 4.6811869616583355, 5.290595974935149, 5.008542520534292, 6.837744534566936, 7.277341285799368, 9.880498013258238, 8.495442198025952, 9.165874128526967], [4.167664309898291, 2.782880746636478, 2.1621151218193724, 1.096858992760692, 2.1632099990523344, 2.780482400591667, 4.193219065348244, 5.197328761007909, 6.5822900840057175, 7.317340599562111, 7.1851372283346135, 8.449849523512238, 9.379710373460366, 4.849441023458271, 4.741395644744277, 4.343148836961497, 3.1813013657935647, 2.5391233408402987, 3.0676619777935117, 2.4959776861983363, 1.7602119020163454, 0.0, 3.067641799493546, 2.494380736776164, 2.5530241518638244, 3.1230836219992573, 4.719058340389532, 4.368722418510931, 5.067793013728955, 5.382768659342514, 6.6684298946603615, 7.287586157981256, 10.26038568524595, 9.053445509859769, 9.767073478785752], [4.658720022710101, 3.4565319642670747, 2.7609156397832946, 2.1609968856988204, 1.0965866814803105, 2.160526836213797, 2.7562902895014525, 4.178580682480596, 5.198375636677288, 5.369767616945821, 5.053138151683566, 6.391876322332903, 7.0167184409807986, 5.360173345144727, 4.586440132608295, 5.3110439529343, 3.064994598690184, 4.055011549921899, 2.5334331883829107, 3.7278086807131077, 2.5248966493700293, 3.067641799493546, 0.0, 1.7657022540621055, 3.065856077835357, 2.5056884283565664, 2.5215984355166468, 3.085672270348878, 4.700273849468773, 4.371132751358622, 5.292292781961331, 6.176269458176189, 7.8973731569427565, 6.461737770135832, 7.4699584597238555], [4.277847620007052, 2.850314780861931, 2.84220177679207, 2.1661903355891883, 1.0956166209034983, 2.153407248989378, 2.743776282789834, 4.166025579614221, 5.17568229028792, 5.763875096668907, 5.807016694482633, 6.67447763124576, 7.5569239092371445, 4.716201800177767, 4.559074373159533, 5.001516116139185, 2.2863002558719185, 3.063283398577415, 3.17601553050359, 3.845790370001984, 3.0641232742825477, 2.494380736776164, 1.7657022540621055, 0.0, 2.5011904325740573, 3.060870472594357, 3.0646889401699484, 2.5153281475783635, 4.341935509654652, 4.699944065624612, 4.995773421603506, 6.095655832640159, 8.324394024191792, 7.146291895801626, 8.142329513106183], [6.2322676482962445, 4.720466465297683, 4.207502903148137, 2.751102697101655, 2.160715265832127, 1.0968380281518326, 2.161045665875666, 2.753889454934602, 4.174658590831111, 5.115792287612936, 5.182301306369594, 6.261813520857996, 7.345945726045081, 6.779763040106934, 6.646222573763234, 6.6657318922980995, 4.554473921321759, 4.570244945295602, 4.721163467832903, 4.842873301047633, 3.0238879774224445, 2.5530241518638244, 3.065856077835357, 2.5011904325740573, 0.0, 1.765359167421746, 3.0637116737708854, 2.5057562151973203, 2.515111009478508, 3.074459620811436, 4.359301015071109, 4.777097127963801, 8.211439280053161, 7.238590310274508, 7.690672117572039], [6.5081832449616845, 5.116915772220606, 4.162102674129988, 2.7548194750291715, 2.161302165362354, 1.096793148228051, 2.1599937638798865, 2.7539259285608972, 4.185182500202351, 4.6501590574947, 4.304328528353755, 5.9433873523437795, 6.773623533973526, 7.250240009130732, 6.673217401673648, 6.911164863465493, 4.995911177152773, 5.2939614439472455, 4.323401579774888, 4.760712431979063, 2.4853457083472312, 3.1230836219992573, 2.5056884283565664, 3.060870472594357, 1.765359167421746, 0.0, 2.5050985948660784, 3.0651522409172434, 3.076598277318636, 2.523886611953873, 4.68007990209569, 4.862282860961505, 7.763066287234703, 6.549479407555993, 6.959434811103557], [7.00520104636548, 5.702523775487482, 5.183261843665628, 4.17040102268355, 2.7481463934805217, 2.1571199456682977, 1.0960261447611548, 2.1684358671632413, 2.7927717790754043, 2.8620225103936545, 2.749853023345066, 3.9190594215959527, 4.685994190137244, 7.546355630368875, 6.973709808989761, 7.725936316071988, 5.10149821719071, 6.074682915181664, 5.052538311581615, 6.111704412845897, 4.347672515266071, 4.719058340389532, 2.5215984355166468, 3.0646889401699484, 3.0637116737708854, 2.5050985948660784, 0.0, 1.7637318928907535, 3.0651661765718345, 2.5250505143461983, 3.015315920430229, 3.8245814529174296, 5.587991761804951, 4.342421022885736, 5.14108435254665], [6.758875972378839, 5.358712985409836, 5.227570071266381, 4.174357375692694, 2.7548647498561523, 2.159779861467367, 1.096901563496014, 2.1612853305382886, 2.768827387180356, 3.5623006021390164, 3.98061155854223, 4.3805620689587315, 5.475338016962971, 7.1051016241852585, 6.957074270841155, 7.515993413381893, 4.679741968314065, 5.464218980787648, 5.404494977331369, 6.18312497366825, 4.6811869616583355, 4.368722418510931, 3.085672270348878, 2.5153281475783635, 2.5057562151973203, 3.0651522409172434, 1.7637318928907535, 0.0, 2.49453289014196, 3.069065305593871, 2.481353334372193, 3.7070478254265886, 6.190489675300331, 5.321227066194413, 6.088372724299983], [8.51332051023571, 7.009797410767304, 6.575914533355798, 5.157831352419348, 4.164961897784901, 2.7447246291750287, 2.1530234415816283, 1.0970316039203245, 2.144377149663743, 3.4547447575761656, 3.9105017887734053, 4.486773845426132, 5.754828888854994, 8.968757855466944, 8.834110441351749, 9.064837208135621, 6.608084951784443, 6.900931810270262, 6.906669056788519, 7.293566703609422, 5.290595974935149, 5.067793013728955, 4.700273849468773, 4.341935509654652, 2.515111009478508, 3.076598277318636, 3.0651661765718345, 2.49453289014196, 0.0, 1.7623899086184078, 2.5444861740634397, 2.388659804157972, 6.536325574816481, 5.993509545333185, 6.0182235260914005], [8.730738062729863, 7.295024579122403, 6.558021122259366, 5.16825590407441, 4.177501470975205, 2.752576440355472, 2.165398293617135, 1.0966886021109183, 2.1675898758759695, 2.7263364887702326, 2.648155711056282, 4.038841424220565, 5.013597336244705, 9.343335098346843, 8.869506857768362, 9.258552680629947, 6.934058005237626, 7.410141568148345, 6.654371811824165, 7.248264543323457, 5.008542520534292, 5.382768659342514, 4.371132751358622, 4.699944065624612, 3.074459620811436, 2.523886611953873, 2.5250505143461983, 3.069065305593871, 1.7623899086184078, 0.0, 3.068264548568132, 2.5484962409232628, 5.9729786379996375, 5.153633921807019, 5.057032934438928], [9.217317623907729, 7.836462994872114, 7.659948066403584, 6.517513499027064, 5.124860870306628, 4.146229441311708, 2.7100410347446773, 2.160205224047012, 1.0957622963033542, 2.1379290937727564, 3.201297650953438, 2.489898682677671, 3.8726173952509173, 9.519592578466792, 9.365163937700183, 9.994930077794441, 7.115734184186478, 7.914281082953777, 7.760762506996333, 8.590468779408956, 6.837744534566936, 6.6684298946603615, 5.292292781961331, 4.995773421603506, 4.359301015071109, 4.68007990209569, 3.015315920430229, 2.481353334372193, 2.5444861740634397, 3.068264548568132, 0.0, 1.7785244530227857, 4.413221747204642, 4.185612502370471, 4.474254916743122], [10.365151927974814, 8.921424614936786, 8.510516024895317, 7.191327339233002, 5.9680658851926225, 4.669052024769054, 3.473208317967697, 2.153090323233