{"total energy": -46.09902876, "HOMO-LUMO gap/eV": 4.79390211, "electronic energy": -46.67280935, "dipole": [0.59432937, -0.27501479, -0.41493836], "partial charges": [-0.09995345, -0.05170247, -0.05851355, -0.05799914, -0.0596756, -0.0572999, -0.05831892, -0.05655725, -0.08830554, 0.35344808, -0.40502791, -0.2771807, 0.08179993, -0.11084748, 0.03044958, 0.03249163, 0.03210726, 0.02799603, 0.02766684, 0.0312778, 0.03007437, 0.02754184, 0.02706712, 0.03231837, 0.03561053, 0.02986407, 0.02815629, 0.04061775, 0.02648666, 0.0537605, 0.03656196, 0.06873501, 0.06562836, 0.05520593, 0.05190868, 0.05012549, 0.04762386, 0.05685799], "atomic dipole moments": [[0.055536, -0.07935673, -0.02816254], [0.04229442, 0.09979788, 0.01785754], [-0.04076159, -0.10096203, -0.01877822], [0.04066084, 0.0981154, 0.01735873], [-0.04135083, -0.10423925, -0.02103693], [0.04910272, 0.09738194, 0.02394237], [-0.06842552, 0.05507012, -0.07879916], [0.11009135, -0.05283554, 0.06130442], [-0.0369277, 0.04846845, 0.08023924], [0.15752942, -0.00378727, 0.03165707], [0.08963724, -0.09779487, -0.11894298], [-0.08245407, 0.13094865, 0.16291475], [-0.13263038, -0.03730753, -0.2113728], [-0.0218852, -0.12367228, 0.0433655], [-0.11945946, -0.03293005, 0.01047356], [0.03714882, 0.04504323, 0.11160026], [0.00668227, 0.093046, -0.08451804], [-0.01664046, -0.08954732, 0.08324919], [-0.04598627, -0.04310181, -0.10595105], [0.0434543, 0.04538366, 0.1073879], [0.01391275, 0.09176087, -0.08247234], [-0.01372255, -0.09140653, 0.08228775], [-0.04287179, -0.04509602, -0.10685164], [0.01061017, 0.09248443, -0.08260262], [0.04295796, 0.04581282, 0.10865994], [-0.0177613, -0.09297954, 0.07651191], [-0.03923291, -0.04319899, -0.1087706], [0.03990483, 0.03614083, 0.11576166], [0.05367189, -0.10644194, -0.01700341], [-0.0553437, 0.11471687, 0.02012684], [-0.04162267, -0.03665486, -0.10766978], [0.02224125, 0.06642723, -0.11081413], [0.05367152, -0.1208691, -0.00770637], [-0.06100042, -0.00479656, 0.11464191], [0.10456504, -0.06087401, 0.02055475], [0.06203053, 0.00291248, -0.11186811], [0.07044788, 0.05999885, 0.08918901], [-0.10643075, 0.07122144, -0.02335013]], "atomic quadrupole moments": [[0.00113213, -0.14796777, 0.0999556, -0.05659964, 0.07892551, -0.10108773], [0.17997258, -0.07111813, 0.02413324, -0.0818013, 0.07475904, -0.20410582], [0.19364546, -0.06302217, 0.02024325, -0.08388627, 0.07393437, -0.21388871], [0.19090221, -0.06076362, 0.0199711, -0.08178708, 0.07197398, -0.21087331], [0.18957217, -0.05325671, 0.02546013, -0.08494886, 0.07292875, -0.21503231], [0.19652048, -0.06488892, 0.00197068, -0.05348762, 0.06609495, -0.19849116], [0.12653463, 0.09383675, -0.05981931, -0.05907772, -0.15876205, -0.06671532], [0.17409991, 0.08254483, -0.11173251, -0.06359947, -0.14929509, -0.06236739], [0.16229431, 0.07695158, -0.15668857, 0.05465587, 0.13648049, -0.00560574], [-0.07318363, 0.06283948, 0.15664679, -0.00676751, -0.42488932, -0.08346316], [-0.09951034, 0.02034378, 0.09446525, -0.02456692, -0.15111179, 0.0050451], [0.01503894, 0.0271557, -0.02571227, 0.05064438, 0.05627156, 0.01067333], [-0.09413558, 0.22800515, 0.05023301, 0.28630775, 0.16224993, 0.04390257], [-0.11572964, 0.09277156, 0.21896507, -0.01558739, -0.0924791, -0.10323543], [0.07121028, 0.03341623, -0.01877419, -0.01144818, 0.00369918, -0.05243609], [-0.02498793, 0.00248973, -0.02534354, 0.04482872, 0.03343202, 0.05033147], [-0.04439521, 0.00334971, 0.0202078, -0.01959312, -0.05627518, 0.02418741], [-0.02108847, -0.00512137, 0.00619447, -0.00732802, -0.04617983, 0.014894], [-0.01281275, -1.47e-05, -0.03044286, 0.02157412, 0.02507614, 0.04325561], [-0.01358925, 0.00198129, -0.02967793, 0.02385478, 0.02217648, 0.04326718], [-0.02276137, -0.00182525, 0.00504095, -0.00749736, -0.04552338, 0.01772042], [-0.02243964, -0.00179776, 0.00474898, -0.00759389, -0.0453912, 0.01769066], [-0.01372811, 0.00194486, -0.0298382, 0.02398289, 0.02232225, 0.04356631], [-0.02098527, 6.161e-05, 0.00372686, -0.01073532, -0.0443741, 0.01725841], [-0.01212012, 0.00205529, -0.03021, 0.02428252, 0.02146608, 0.04233013], [-0.01533341, -0.00150742, 0.00564921, -0.01784837, -0.04875738, 0.0096842], [-0.01534397, -0.00628402, -0.03337078, 0.02376271, 0.02002471, 0.04871476], [-0.02239595, 0.02177244, -0.01066062, 0.01227987, 0.03222539, 0.03305657], [-0.00668838, -0.02926604, 0.03814181, -0.02558519, 0.01702284, -0.03145343], [-0.01503289, -0.02140627, 0.03770388, -0.01840897, 0.01940758, -0.02267099], [-0.01937855, 0.0270975, -0.02125493, 0.01790482, 0.02909196, 0.04063349], [-0.00470275, 0.01855374, -0.02389748, -0.00897067, -0.04997218, 0.02860022], [0.00827916, -0.02743561, 0.04386635, 0.00664216, 0.00823472, -0.05214551], [0.00817326, 0.01056298, -0.01710428, -0.02868289, 0.01307596, 0.00893102], [0.03796424, -0.0304667, 0.00303537, 0.00723327, 0.00432174, -0.04099961], [-0.01350293, -0.01191836, -0.02808639, -0.05992376, 0.0071174, 0.04158932], [-0.01076514, 0.03235199, -0.01449662, 0.05582593, 0.03435595, 0.02526175], [0.05819879, -0.04288019, -0.01403428, 0.00363488, -0.01295815, -0.04416451]], "number of molecular orbitals": 80, "number of electrons": 84, "number of unpaired electrons": 0, "orbital energies/eV": [-20.00948807, -19.27046233, -18.26468016, -17.25985538, -16.88260207, -16.81201398, -16.70674471, -16.44203389, -16.17683386, -16.02138744, -15.73505484, -15.56963729, -15.29067901, -15.12956618, -15.00848118, -14.94088655, -14.82107611, -14.09859728, -14.04190543, -13.95888797, -13.69866769, -13.6266888, -13.46309666, -13.34651205, -13.24305285, -13.12018153, -12.87382328, -12.86243709, -12.65928803, -12.4196704, -12.23443338, -12.21480186, -12.18255067, -12.06473522, -11.94107988, -11.7248288, -11.69507815, -11.49797902, -11.35066863, -11.24721396, -11.1983789, -11.17454386, -6.38064175, -0.05427516, 1.43919713, 2.04636102, 2.64502175, 2.86340578, 2.97441244, 3.12981362, 3.19968784, 3.40872028, 3.53711182, 3.71219806, 3.80333367, 3.92366463, 4.09514777, 4.12477304, 4.20583801, 4.56749441, 4.65378483, 4.80466892, 4.94044225, 4.98749051, 5.22851855, 5.63583828, 5.82155411, 5.97288129, 6.26807073, 6.39081495, 6.70473509, 6.81757815, 7.15638212, 7.35854493, 7.43928718, 7.47760337, 8.04761994, 8.17319091, 8.64148298, 16.2914212], "fractional occupation": [2.0, 2.0, 2.0, 2.0, 2.0, 2.0, 2.0, 2.0, 2.0, 2.0, 2.0, 2.0, 2.0, 2.0, 2.0, 2.0, 2.0, 2.0, 2.0, 2.0, 2.0, 2.0, 2.0, 2.0, 2.0, 2.0, 2.0, 2.0, 2.0, 2.0, 2.0, 2.0, 2.0, 2.0, 2.0, 2.0, 2.0, 2.0, 2.0, 2.0, 2.0, 2.0, 0.0, 0.0, 0.0, 0.0, 0.0, 0.0, 0.0, 0.0, 0.0, 0.0, 0.0, 0.0, 0.0, 0.0, 0.0, 0.0, 0.0, 0.0, 0.0, 0.0, 0.0, 0.0, 0.0, 0.0, 0.0, 0.0, 0.0, 0.0, 0.0, 0.0, 0.0, 0.0, 0.0, 0.0, 0.0, 0.0, 0.0, 0.0], "program call": "xtb /home/svss/Project-DBcg-Debug/aqme2_20220329/End-to-End-workflows-final/example-3/QDESCP/mol_348_rdkit_conf_12/mol_348_rdkit_conf_12.xyz --pop --wbo --acc 0.2 --gfn 2 --chrg 0 --uhf 0 --etemp 300 --input /home/svss/Project-DBcg-Debug/aqme2_20220329/End-to-End-workflows-final/example-3/QDESCP/mol_348_rdkit_conf_12/mol_348_rdkit_conf_12_xtb.inp", "method": "GFN2-xTB", "xtb version": "6.3.3 (7355c4f)", "Dipole module/D": 1.971, "Total charge": 0, "Transition dipole module/D": NaN, "HOMO": -11.1745, "LUMO": -6.3806, "HOMO occupancy": 2.0, "LUMO occupancy": 0, "mulliken charges": [-0.08345, -0.03857, -0.04647, -0.04564, -0.04678, -0.04481, -0.04773, -0.04053, -0.07807, 0.57404, -0.5288, -0.42329, 0.20463, -0.09828, 0.02731, 0.02691, 0.02652, 0.02159, 0.0212, 0.02405, 0.02293, 0.02181, 0.02101, 0.02406, 0.02902, 0.02458, 0.02068, 0.03635, 0.02049, 0.04089, 0.02497, 0.05855, 0.05255, 0.04359, 0.03112, 0.03876, 0.03416, 0.05064], "cm5 charges": [-0.23379, -0.15107, -0.15712, -0.15641, -0.15765, -0.15541, -0.15754, -0.1491, -0.17682, 0.62319, -0.58085, -0.50624, 0.12202, -0.24479, 0.07809, 0.07821, 0.07781, 0.0763, 0.0759, 0.07939, 0.07827, 0.07715, 0.07636, 0.08007, 0.08456, 0.0795, 0.0759, 0.09422, 0.07561, 0.09946, 0.0801, 0.11643, 0.11201, 0.1095, 0.09369, 0.09206, 0.08541, 0.10557], "FUKUI+": [0.003, 0.002, 0.001, 0.003, 0.002, 0.008, 0.007, 0.02, 0.028, -0.19, -0.28, -0.121, 0.03, 0.019, -0.009, -0.002, -0.002, -0.005, -0.005, -0.0, -0.0, -0.009, -0.008, 0.003, 0.003, -0.023, -0.018, 0.011, -0.016, -0.023, -0.054, -0.099, -0.091, -0.032, -0.067, -0.032, -0.051, -0.005], "FUKUI-": [0.015, 0.005, 0.006, 0.009, 0.003, 0.007, 0.007, 0.008, -0.0, -0.009, -0.07, -0.041, 0.009, 0.009, -0.045, -0.045, -0.044, -0.059, -0.06, -0.05, -0.049, -0.044, -0.041, -0.035, -0.031, -0.037, -0.035, -0.037, -0.048, -0.03, -0.049, -0.038, -0.035, -0.021, -0.047, -0.026, -0.029, -0.026], "FUKUIrad": [0.009, 0.003, 0.003, 0.006, 0.003, 0.007, 0.007, 0.014, 0.014, -0.1, -0.175, -0.081, 0.02, 0.014, -0.027, -0.024, -0.023, -0.032, -0.032, -0.025, -0.025, -0.026, -0.025, -0.016, -0.014, -0.03, -0.026, -0.013, -0.032, -0.027, -0.051, -0.068, -0.063, -0.026, -0.057, -0.029, -0.04, -0.016], "s proportion": [1.007, 1.027, 1.032, 1.033, 1.032, 1.032, 1.033, 1.03, 1.04, 0.991, 1.731, 1.699, 0.993, 1.012, 0.973, 0.973, 0.973, 0.978, 0.979, 0.976, 0.977, 0.978, 0.979, 0.976, 0.971, 0.975, 0.979, 0.964, 0.98, 0.959, 0.975, 0.941, 0.947, 0.956, 0.969, 0.961, 0.966, 0.949], "p proportion": [3.076, 3.012, 3.014, 3.013, 3.015, 3.013, 3.015, 3.011, 3.038, 2.435, 4.798, 4.725, 2.803, 3.086, 0.0, 0.0, 0.0, 0.0, 0.0, 0.0, 0.0, 0.0, 0.0, 0.0, 0.0, 0.0, 0.0, 0.0, 0.0, 0.0, 0.0, 0.0, 0.0, 0.0, 0.0, 0.0, 0.0, 0.0], "d proportion": [0.0, 0.0, 0.0, 0.0, 0.0, 0.0, 0.0, 0.0, 0.0, 0.0, 0.0, 0.0, 0.0, 0.0, 0.0, 0.0, 0.0, 0.0, 0.0, 0.0, 0.0, 0.0, 0.0, 0.0, 0.0, 0.0, 0.0, 0.0, 0.0, 0.0, 0.0, 0.0, 0.0, 0.0, 0.0, 0.0, 0.0, 0.0], "Fermi-level/eV": -8.7776, "Coordination numbers": [3.75, 3.8, 3.802, 3.802, 3.801, 3.8, 3.8, 3.8, 3.802, 2.711, 0.856, 1.702, 3.695, 3.748, 0.924, 0.924, 0.924, 0.924, 0.924, 0.924, 0.924, 0.924, 0.924, 0.924, 0.924, 0.924, 0.924, 0.924, 0.924, 0.924, 0.924, 0.924, 0.924, 0.924, 0.924, 0.924, 0.924, 0.924], "Dispersion coefficient C6": [22.472, 21.503, 21.626, 21.617, 21.649, 21.605, 21.625, 21.592, 22.183, 20.999, 21.782, 18.6, 19.384, 22.687, 2.58, 2.551, 2.557, 2.615, 2.62, 2.569, 2.586, 2.622, 2.629, 2.554, 2.508, 2.589, 2.613, 2.441, 2.637, 2.274, 2.495, 2.1, 2.134, 2.256, 2.296, 2.318, 2.35, 2.236], "Total dispersion C6": 10434.01568, "Total dispersion C8": 220977.030329, "Polarizability alpha": [6.761, 6.602, 6.621, 6.619, 6.624, 6.618, 6.621, 6.616, 6.706, 7.501, 6.257, 5.823, 6.299, 6.794, 2.512, 2.498, 2.501, 2.529, 2.531, 2.506, 2.515, 2.532, 2.535, 2.499, 2.477, 2.516, 2.528, 2.443, 2.54, 2.358, 2.47, 2.266, 2.285, 2.349, 2.37, 2.381, 2.397, 2.339], "Total polarizability alpha": 151.337839, "Wiberg matrix": [[0.0, 1.0200587169064415, 0.0, 0.0, 0.0, 0.0, 0.0, 0.0, 0.0, 0.0, 0.0, 0.0, 0.0, 0.0, 0.9874617316133742, 0.9877090954866465, 0.9877294690751321, 0.0, 0.0, 0.0, 0.0, 0.0, 0.0, 0.0, 0.0, 0.0, 0.0, 0.0, 0.0, 0.0, 0.0, 0.0, 0.0, 0.0, 0.0, 0.0, 0.0, 0.0], [1.0200587169064415, 0.0, 1.0077577528916735, 0.0, 0.0, 0.0, 0.0, 0.0, 0.0, 0.0, 0.0, 0.0, 0.0, 0.0, 0.0, 0.0, 0.0, 0.9781175527343324, 0.978129544913637, 0.0, 0.0, 0.0, 0.0, 0.0, 0.0, 0.0, 0.0, 0.0, 0.0, 0.0, 0.0, 0.0, 0.0, 0.0, 0.0, 0.0, 0.0, 0.0], [0.0, 1.0077577528916735, 0.0, 1.0071569980180892, 0.0, 0.0, 0.0, 0.0, 0.0, 0.0, 0.0, 0.0, 0.0, 0.0, 0.0, 0.0, 0.0, 0.0, 0.0, 0.9771385869882867, 0.9771717641412623, 0.0, 0.0, 0.0, 0.0, 0.0, 0.0, 0.0, 0.0, 0.0, 0.0, 0.0, 0.0, 0.0, 0.0, 0.0, 0.0, 0.0], [0.0, 0.0, 1.0071569980180892, 0.0, 1.0067170417788371, 0.0, 0.0, 0.0, 0.0, 0.0, 0.0, 0.0, 0.0, 0.0, 0.0, 0.0, 0.0, 0.0, 0.0, 0.0, 0.0, 0.9772757009162042, 0.9775024563161375, 0.0, 0.0, 0.0, 0.0, 0.0, 0.0, 0.0, 0.0, 0.0, 0.0, 0.0, 0.0, 0.0, 0.0, 0.0], [0.0, 0.0, 0.0, 1.0067170417788371, 0.0, 1.008008453084174, 0.0, 0.0, 0.0, 0.0, 0.0, 0.0, 0.0, 0.0, 0.0, 0.0, 0.0, 0.0, 0.0, 0.0, 0.0, 0.0, 0.0, 0.9752746887910744, 0.9767779661530601, 0.0, 0.0, 0.0, 0.0, 0.0, 0.0, 0.0, 0.0, 0.0, 0.0, 0.0, 0.0, 0.0], [0.0, 0.0, 0.0, 0.0, 1.008008453084174, 0.0, 1.0064395323971491, 0.0, 0.0, 0.0, 0.0, 0.0, 0.0, 0.0, 0.0, 0.0, 0.0, 0.0, 0.0, 0.0, 0.0, 0.0, 0.0, 0.0, 0.0, 0.9768055102518423, 0.9772147967385122, 0.0, 0.0, 0.0, 0.0, 0.0, 0.0, 0.0, 0.0, 0.0, 0.0, 0.0], [0.0, 0.0, 0.0, 0.0, 0.0, 1.0064395323971491, 0.0, 1.0087595687731323, 0.0, 0.0, 0.0, 0.0, 0.0, 0.0, 0.0, 0.0, 0.0, 0.0, 0.0, 0.0, 0.0, 0.0, 0.0, 0.0, 0.0, 0.0, 0.0, 0.9763593952981271, 0.9767636685685587, 0.0, 0.0, 0.0, 0.0, 0.0, 0.0, 0.0, 0.0, 0.0], [0.0, 0.0, 0.0, 0.0, 0.0, 0.0, 1.0087595687731323, 0.0, 1.0048782290204488, 0.0, 0.0, 0.0, 0.0, 0.0, 0.0, 0.0, 0.0, 0.0, 0.0, 0.0, 0.0, 0.0, 0.0, 0.0, 0.0, 0.0, 0.0, 0.0, 0.0, 0.9727470794654336, 0.9765676128313919, 0.0, 0.0, 0.0, 0.0, 0.0, 0.0, 0.0], [0.0, 0.0, 0.0, 0.0, 0.0, 0.0, 0.0, 1.0048782290204488, 0.0, 0.9783454831917237, 0.0, 0.0, 0.0, 0.0, 0.0, 0.0, 0.0, 0.0, 0.0, 0.0, 0.0, 0.0, 0.0, 0.0, 0.0, 0.0, 0.0, 0.0, 0.0, 0.0, 0.0, 0.947346771515801, 0.960384917816494, 0.0, 0.0, 0.0, 0.0, 0.0], [0.0, 0.0, 0.0, 0.0, 0.0, 0.0, 0.0, 0.0, 0.9783454831917237, 0.0, 1.760355751252699, 1.1152931843178377, 0.0, 0.0, 0.0, 0.0, 0.0, 0.0, 0.0, 0.0, 0.0, 0.0, 0.0, 0.0, 0.0, 0.0, 0.0, 0.0, 0.0, 0.0, 0.0, 0.0, 0.0, 0.0, 0.0, 0.0, 0.0, 0.0], [0.0, 0.0, 0.0, 0.0, 0.0, 0.0, 0.0, 0.0, 0.0, 1.760355751252699, 0.0, 0.16951399850190307, 0.0, 0.0, 0.0, 0.0, 0.0, 0.0, 0.0, 0.0, 0.0, 0.0, 0.0, 0.0, 0.0, 0.0, 0.0, 0.0, 0.0, 0.0, 0.0, 0.0, 0.0, 0.0, 0.0, 0.0, 0.0, 0.0], [0.0, 0.0, 0.0, 0.0, 0.0, 0.0, 0.0, 0.0, 0.0, 1.1152931843178377, 0.16951399850190307, 0.0, 0.9424660671134695, 0.0, 0.0, 0.0, 0.0, 0.0, 0.0, 0.0, 0.0, 0.0, 0.0, 0.0, 0.0, 0.0, 0.0, 0.0, 0.0, 0.0, 0.0, 0.0, 0.0, 0.0, 0.0, 0.0, 0.0, 0.0], [0.0, 0.0, 0.0, 0.0, 0.0, 0.0, 0.0, 0.0, 0.0, 0.0, 0.0, 0.9424660671134695, 0.0, 1.0147860791969536, 0.0, 0.0, 0.0, 0.0, 0.0, 0.0, 0.0, 0.0, 0.0, 0.0, 0.0, 0.0, 0.0, 0.0, 0.0, 0.0, 0.0, 0.0, 0.0, 0.9690765811939466, 0.9716901769612633, 0.0, 0.0, 0.0], [0.0, 0.0, 0.0, 0.0, 0.0, 0.0, 0.0, 0.0, 0.0, 0.0, 0.0, 0.0, 1.0147860791969536, 0.0, 0.0, 0.0, 0.0, 0.0, 0.0, 0.0, 0.0, 0.0, 0.0, 0.0, 0.0, 0.0, 0.0, 0.0, 0.0, 0.0, 0.0, 0.0, 0.0, 0.0, 0.0, 0.9858110463633594, 0.9838040456138573, 0.984668217852138], [0.9874617316133742, 0.0, 0.0, 0.0, 0.0, 0.0, 0.0, 0.0, 0.0, 0.0, 0.0, 0.0, 0.0, 0.0, 0.0, 0.0, 0.0, 0.0, 0.0, 0.0, 0.0, 0.0, 0.0, 0.0, 0.0, 0.0, 0.0, 0.0, 0.0, 0.0, 0.0, 0.0, 0.0, 0.0, 0.0, 0.0, 0.0, 0.0], [0.9877090954866465, 0.0, 0.0, 0.0, 0.0, 0.0, 0.0, 0.0, 0.0, 0.0, 0.0, 0.0, 0.0, 0.0, 0.0, 0.0, 0.0, 0.0, 0.0, 0.0, 0.0, 0.0, 0.0, 0.0, 0.0, 0.0, 0.0, 0.0, 0.0, 0.0, 0.0, 0.0, 0.0, 0.0, 0.0, 0.0, 0.0, 0.0], [0.9877294690751321, 0.0, 0.0, 0.0, 0.0, 0.0, 0.0, 0.0, 0.0, 0.0, 0.0, 0.0, 0.0, 0.0, 0.0, 0.0, 0.0, 0.0, 0.0, 0.0, 0.0, 0.0, 0.0, 0.0, 0.0, 0.0, 0.0, 0.0, 0.0, 0.0, 0.0, 0.0, 0.0, 0.0, 0.0, 0.0, 0.0, 0.0], [0.0, 0.9781175527343324, 0.0, 0.0, 0.0, 0.0, 0.0, 0.0, 0.0, 0.0, 0.0, 0.0, 0.0, 0.0, 0.0, 0.0, 0.0, 0.0, 0.0, 0.0, 0.0, 0.0, 0.0, 0.0, 0.0, 0.0, 0.0, 0.0, 0.0, 0.0, 0.0, 0.0, 0.0, 0.0, 0.0, 0.0, 0.0, 0.0], [0.0, 0.978129544913637, 0.0, 0.0, 0.0, 0.0, 0.0, 0.0, 0.0, 0.0, 0.0, 0.0, 0.0, 0.0, 0.0, 0.0, 0.0, 0.0, 0.0, 0.0, 0.0, 0.0, 0.0, 0.0, 0.0, 0.0, 0.0, 0.0, 0.0, 0.0, 0.0, 0.0, 0.0, 0.0, 0.0, 0.0, 0.0, 0.0], [0.0, 0.0, 0.9771385869882867, 0.0, 0.0, 0.0, 0.0, 0.0, 0.0, 0.0, 0.0, 0.0, 0.0, 0.0, 0.0, 0.0, 0.0, 0.0, 0.0, 0.0, 0.0, 0.0, 0.0, 0.0, 0.0, 0.0, 0.0, 0.0, 0.0, 0.0, 0.0, 0.0, 0.0, 0.0, 0.0, 0.0, 0.0, 0.0], [0.0, 0.0, 0.9771717641412623, 0.0, 0.0, 0.0, 0.0, 0.0, 0.0, 0.0, 0.0, 0.0, 0.0, 0.0, 0.0, 0.0, 0.0, 0.0, 0.0, 0.0, 0.0, 0.0, 0.0, 0.0, 0.0, 0.0, 0.0, 0.0, 0.0, 0.0, 0.0, 0.0, 0.0, 0.0, 0.0, 0.0, 0.0, 0.0], [0.0, 0.0, 0.0, 0.9772757009162042, 0.0, 0.0, 0.0, 0.0, 0.0, 0.0, 0.0, 0.0, 0.0, 0.0, 0.0, 0.0, 0.0, 0.0, 0.0, 0.0, 0.0, 0.0, 0.0, 0.0, 0.0, 0.0, 0.0, 0.0, 0.0, 0.0, 0.0, 0.0, 0.0, 0.0, 0.0, 0.0, 0.0, 0.0], [0.0, 0.0, 0.0, 0.9775024563161375, 0.0, 0.0, 0.0, 0.0, 0.0, 0.0, 0.0, 0.0, 0.0, 0.0, 0.0, 0.0, 0.0, 0.0, 0.0, 0.0, 0.0, 0.0, 0.0, 0.0, 0.0, 0.0, 0.0, 0.0, 0.0, 0.0, 0.0, 0.0, 0.0, 0.0, 0.0, 0.0, 0.0, 0.0], [0.0, 0.0, 0.0, 0.0, 0.9752746887910744, 0.0, 0.0, 0.0, 0.0, 0.0, 0.0, 0.0, 0.0, 0.0, 0.0, 0.0, 0.0, 0.0, 0.0, 0.0, 0.0, 0.0, 0.0, 0.0, 0.0, 0.0, 0.0, 0.0, 0.0, 0.0, 0.0, 0.0, 0.0, 0.0, 0.0, 0.0, 0.0, 0.0], [0.0, 0.0, 0.0, 0.0, 0.9767779661530601, 0.0, 0.0, 0.0, 0.0, 0.0, 0.0, 0.0, 0.0, 0.0, 0.0, 0.0, 0.0, 0.0, 0.0, 0.0, 0.0, 0.0, 0.0, 0.0, 0.0, 0.0, 0.0, 0.0, 0.0, 0.0, 0.0, 0.0, 0.0, 0.0, 0.0, 0.0, 0.0, 0.0], [0.0, 0.0, 0.0, 0.0, 0.0, 0.9768055102518423, 0.0, 0.0, 0.0, 0.0, 0.0, 0.0, 0.0, 0.0, 0.0, 0.0, 0.0, 0.0, 0.0, 0.0, 0.0, 0.0, 0.0, 0.0, 0.0, 0.0, 0.0, 0.0, 0.0, 0.0, 0.0, 0.0, 0.0, 0.0, 0.0, 0.0, 0.0, 0.0], [0.0, 0.0, 0.0, 0.0, 0.0, 0.9772147967385122, 0.0, 0.0, 0.0, 0.0, 0.0, 0.0, 0.0, 0.0, 0.0, 0.0, 0.0, 0.0, 0.0, 0.0, 0.0, 0.0, 0.0, 0.0, 0.0, 0.0, 0.0, 0.0, 0.0, 0.0, 0.0, 0.0, 0.0, 0.0, 0.0, 0.0, 0.0, 0.0], [0.0, 0.0, 0.0, 0.0, 0.0, 0.0, 0.9763593952981271, 0.0, 0.0, 0.0, 0.0, 0.0, 0.0, 0.0, 0.0, 0.0, 0.0, 0.0, 0.0, 0.0, 0.0, 0.0, 0.0, 0.0, 0.0, 0.0, 0.0, 0.0, 0.0, 0.0, 0.0, 0.0, 0.0, 0.0, 0.0, 0.0, 0.0, 0.0], [0.0, 0.0, 0.0, 0.0, 0.0, 0.0, 0.9767636685685587, 0.0, 0.0, 0.0, 0.0, 0.0, 0.0, 0.0, 0.0, 0.0, 0.0, 0.0, 0.0, 0.0, 0.0, 0.0, 0.0, 0.0, 0.0, 0.0, 0.0, 0.0, 0.0, 0.0, 0.0, 0.0, 0.0, 0.0, 0.0, 0.0, 0.0, 0.0], [0.0, 0.0, 0.0, 0.0, 0.0, 0.0, 0.0, 0.9727470794654336, 0.0, 0.0, 0.0, 0.0, 0.0, 0.0, 0.0, 0.0, 0.0, 0.0, 0.0, 0.0, 0.0, 0.0, 0.0, 0.0, 0.0, 0.0, 0.0, 0.0, 0.0, 0.0, 0.0, 0.0, 0.0, 0.0, 0.0, 0.0, 0.0, 0.0], [0.0, 0.0, 0.0, 0.0, 0.0, 0.0, 0.0, 0.9765676128313919, 0.0, 0.0, 0.0, 0.0, 0.0, 0.0, 0.0, 0.0, 0.0, 0.0, 0.0, 0.0, 0.0, 0.0, 0.0, 0.0, 0.0, 0.0, 0.0, 0.0, 0.0, 0.0, 0.0, 0.0, 0.0, 0.0, 0.0, 0.0, 0.0, 0.0], [0.0, 0.0, 0.0, 0.0, 0.0, 0.0, 0.0, 0.0, 0.947346771515801, 0.0, 0.0, 0.0, 0.0, 0.0, 0.0, 0.0, 0.0, 0.0, 0.0, 0.0, 0.0, 0.0, 0.0, 0.0, 0.0, 0.0, 0.0, 0.0, 0.0, 0.0, 0.0, 0.0, 0.0, 0.0, 0.0, 0.0, 0.0, 0.0], [0.0, 0.0, 0.0, 0.0, 0.0, 0.0, 0.0, 0.0, 0.960384917816494, 0.0, 0.0, 0.0, 0.0, 0.0, 0.0, 0.0, 0.0, 0.0, 0.0, 0.0, 0.0, 0.0, 0.0, 0.0, 0.0, 0.0, 0.0, 0.0, 0.0, 0.0, 0.0, 0.0, 0.0, 0.0, 0.0, 0.0, 0.0, 0.0], [0.0, 0.0, 0.0, 0.0, 0.0, 0.0, 0.0, 0.0, 0.0, 0.0, 0.0, 0.0, 0.9690765811939466, 0.0, 0.0, 0.0, 0.0, 0.0, 0.0, 0.0, 0.0, 0.0, 0.0, 0.0, 0.0, 0.0, 0.0, 0.0, 0.0, 0.0, 0.0, 0.0, 0.0, 0.0, 0.0, 0.0, 0.0, 0.0], [0.0, 0.0, 0.0, 0.0, 0.0, 0.0, 0.0, 0.0, 0.0, 0.0, 0.0, 0.0, 0.9716901769612633, 0.0, 0.0, 0.0, 0.0, 0.0, 0.0, 0.0, 0.0, 0.0, 0.0, 0.0, 0.0, 0.0, 0.0, 0.0, 0.0, 0.0, 0.0, 0.0, 0.0, 0.0, 0.0, 0.0, 0.0, 0.0], [0.0, 0.0, 0.0, 0.0, 0.0, 0.0, 0.0, 0.0, 0.0, 0.0, 0.0, 0.0, 0.0, 0.9858110463633594, 0.0, 0.0, 0.0, 0.0, 0.0, 0.0, 0.0, 0.0, 0.0, 0.0, 0.0, 0.0, 0.0, 0.0, 0.0, 0.0, 0.0, 0.0, 0.0, 0.0, 0.0, 0.0, 0.0, 0.0], [0.0, 0.0, 0.0, 0.0, 0.0, 0.0, 0.0, 0.0, 0.0, 0.0, 0.0, 0.0, 0.0, 0.9838040456138573, 0.0, 0.0, 0.0, 0.0, 0.0, 0.0, 0.0, 0.0, 0.0, 0.0, 0.0, 0.0, 0.0, 0.0, 0.0, 0.0, 0.0, 0.0, 0.0, 0.0, 0.0, 0.0, 0.0, 0.0], [0.0, 0.0, 0.0, 0.0, 0.0, 0.0, 0.0, 0.0, 0.0, 0.0, 0.0, 0.0, 0.0, 0.984668217852138, 0.0, 0.0, 0.0, 0.0, 0.0, 0.0, 0.0, 0.0, 0.0, 0.0, 0.0, 0.0, 0.0, 0.0, 0.0, 0.0, 0.0, 0.0, 0.0, 0.0, 0.0, 0.0, 0.0, 0.0]], "Born radii": [], "Atomic SASAs": [], "Solvent H bonds": [], "Total SASA": NaN, "Total FOD": 0.0, "FOD": [0.0, 0.0, 0.0, 0.0, 0.0, 0.0, 0.0, 0.0, 0.0, 0.0, 0.0, 0.0, 0.0, 0.0, 0.0, 0.0, 0.0, 0.0, 0.0, 0.0, 0.0, 0.0, 0.0, 0.0, 0.0, 0.0, 0.0, 0.0, 0.0, 0.0, 0.0, 0.0, 0.0, 0.0, 0.0, 0.0, 0.0, 0.0], "FOD s proportion": [0.0, 0.0, 0.0, 0.0, 0.0, 0.0, 0.0, 0.0, 0.0, 0.0, 0.0, 0.0, 0.0, 0.0, 0.0, 0.0, 0.0, 0.0, 0.0, 0.0, 0.0, 0.0, 0.0, 0.0, 0.0, 0.0, 0.0, 0.0, 0.0, 0.0, 0.0, 0.0, 0.0, 0.0, 0.0, 0.0, 0.0, 0.0], "FOD p proportion": [0.0, 0.0, 0.0, 0.0, 0.0, 0.0, 0.0, 0.0, 0.0, 0.0, 0.0, 0.0, 0.0, 0.0, 0.0, 0.0, 0.0, 0.0, 0.0, 0.0, 0.0, 0.0, 0.0, 0.0, 0.0, 0.0, 0.0, 0.0, 0.0, 0.0, 0.0, 0.0, 0.0, 0.0, 0.0, 0.0, 0.0, 0.0], "FOD d proportion": [0.0, 0.0, 0.0, 0.0, 0.0, 0.0, 0.0, 0.0, 0.0, 0.0, 0.0, 0.0, 0.0, 0.0, 0.0, 0.0, 0.0, 0.0, 0.0, 0.0, 0.0, 0.0, 0.0, 0.0, 0.0, 0.0, 0.0, 0.0, 0.0, 0.0, 0.0, 0.0, 0.0, 0.0, 0.0, 0.0, 0.0, 0.0], "coordinates": [["-6.04990", "1.08420", "1.16130"], ["-5.22330", "-0.11950", "0.73790"], ["-3.74430", "0.23880", "0.59590"], ["-2.91630", "-0.97470", "0.16980"], ["-1.43510", "-0.61620", "0.02820"], ["-0.61000", "-1.83120", "-0.40180"], ["0.89650", "-1.55750", "-0.44680"], ["1.29890", "-0.55590", "-1.53480"], ["2.81600", "-0.39890", "-1.64780"], ["3.42320", "0.35490", "-0.48600"], ["2.80370", "1.03270", "0.32080"], ["4.77660", "0.18720", "-0.49820"], ["5.49800", "0.85690", "0.54610"], ["5.82760", "2.27720", "0.12700"], ["-7.10400", "0.80550", "1.25670"], ["-5.71220", "1.47170", "2.12770"], ["-5.97690", "1.88940", "0.42330"], ["-5.34380", "-0.91740", "1.47990"], ["-5.60710", "-0.50200", "-0.21510"], ["-3.36640", "0.62450", "1.55060"], ["-3.62980", "1.04010", "-0.14430"], ["-3.03160", "-1.77570", "0.91020"], ["-3.29350", "-1.36010", "-0.78530"], ["-1.33110", "0.18870", "-0.70780"], ["-1.05710", "-0.23440", "0.98420"], ["-0.78640", "-2.65140", "0.30530"], ["-0.95030", "-2.18260", "-1.38340"], ["1.23090", "-1.20640", "0.53620"], ["1.40950", "-2.50960", "-0.63180"], ["0.84080", "0.42050", "-1.34260"], ["0.91440", "-0.90690", "-2.50010"], ["3.05190", "0.16460", "-2.55760"], ["3.28590", "-1.38620", "-1.71960"], ["4.94340", "0.83540", "1.49130"], ["6.42470", "0.29580", "0.70490"], ["6.38300", "2.28050", "-0.81670"], ["6.42820", "2.77780", "0.89170"], ["4.91590", "2.86000", "-0.03820"]], "bond_dist": [[0.0, 1.5203383866758085, 2.51995430117294, 3.8783489296348774, 5.0469450967887495, 6.366737844453782, 7.603751538549902, 7.9977337202485055, 9.417792269422808, 9.642878169405646, 8.893555276715832, 10.989615621121605, 11.566509012662378, 11.981987804200104, 1.0944869391637344, 1.094589649137977, 1.0946780531279505, 2.146272519975038, 2.1462943041437725, 2.7502819546366513, 2.7501673003655616, 4.1655988897156195, 4.166724734128714, 5.153884796927459, 5.167022567204444, 6.510904361914712, 6.5691247887370805, 7.658175174935606, 8.471909726265974, 7.361505239419449, 8.116144630303232, 9.875152890462001, 10.077679425840058, 11.001065690650156, 12.507818382116042, 12.645972485340936, 12.595393790191714, 11.173228518651177], [1.5203383866758085, 0.0, 1.528392583729717, 2.5251442830064184, 3.885980470872184, 5.050878128602985, 6.397132961725901, 6.920599908244949, 8.390469196654024, 8.745567381250916, 8.119991764158387, 10.080674982857051, 10.767377484327369, 11.324299559354655, 2.159122722311078, 2.16852131416779, 2.1685399074031357, 1.0962338527887197, 1.0962744592482305, 2.159188481814406, 2.159210793322412, 2.7524960708418824, 2.7537891422547225, 4.163442874593094, 4.175055465499829, 5.126767205559464, 5.197578695892925, 6.548185408187524, 7.182109156786744, 6.433769428569849, 6.983981962319204, 8.911788153900428, 8.947084429019322, 10.239200870185133, 11.65544795750039, 11.953366925264197, 12.007308356996583, 10.59637334657476], [2.51995430117294, 1.528392583729717, 0.0, 1.529616768998039, 2.5269968203383235, 3.8864047370288133, 5.084382127653271, 5.532205420987185, 6.962642247739, 7.249623650231784, 6.6016862406509444, 8.59101007914669, 9.263079236409457, 9.797765632020393, 3.470646859016342, 2.7819209298612355, 2.7818651800545617, 2.1625574420116567, 2.1625284922978474, 1.0968249586875747, 1.0968536730120384, 2.1598462977721353, 2.1604201651530657, 2.743296910653311, 2.7560368230486323, 4.145705827721017, 4.193714636214533, 5.181195052302123, 5.9684674992832125, 4.981359166934261, 5.709757453692757, 7.492556461582388, 7.577986361164818, 8.754073566631709, 10.16974390041362, 10.427184804154955, 10.488745153258325, 9.070382367353648], [3.8783489296348774, 2.5251442830064184, 1.529616768998039, 0.0, 1.5305313619785776, 2.525735239489682, 3.906058786039965, 4.566066758162872, 6.041066022648652, 6.510542991947753, 6.0638977366047335, 7.808773656599351, 8.61955942841628, 9.329119607980166, 4.678385933203886, 4.1994406984740245, 4.19935750085653, 2.7590580910883333, 2.7589849474036643, 2.1602405629929278, 2.1603611040749646, 1.096853340241985, 1.0968267912482808, 2.153262724332542, 2.160536065424505, 2.7140665338196857, 2.7814759840775185, 4.169796360735138, 4.659509224156553, 4.283659324689581, 4.669820696771986, 6.660039526158984, 6.4966490939560515, 8.172986501273572, 9.442181064775236, 9.901842746681044, 10.095646393867012, 8.723046768761474], [5.0469450967887495, 3.885980470872184, 2.5269968203383235, 1.5305313619785776, 0.0, 1.530331666665759, 2.558911731576531, 3.1498192154471343, 4.574718188041751, 4.981015533001277, 4.557621244684556, 6.28552029747737, 7.10676576439663, 7.818461248225255, 5.972174675107887, 5.202000679546283, 5.202122894549877, 4.180441366650177, 4.180648338475744, 2.754443308547119, 2.7549580813507855, 2.16129047099181, 2.1607452464369787, 1.0956167258672167, 1.0966272110430235, 2.153981230187487, 2.1636207061312756, 2.7774009505291097, 3.480274805241678, 2.8519397504154957, 3.4636624590164673, 5.237287397116947, 5.092695341368851, 6.703213141471783, 7.9414181938744415, 8.380179861434955, 8.607923973874305, 7.2404127230427955], [6.366737844453782, 5.050878128602985, 3.8864047370288133, 2.525735239489682, 1.530331666665759, 0.0, 1.5318220980257466, 2.5600738856525216, 3.916819537584033, 4.58833576474085, 4.514135760032035, 5.753146189694818, 6.740330853897308, 7.655146880367483, 7.202419394897801, 6.58330946409175, 6.582345325186153, 5.175392523277823, 5.174228245835314, 4.17613088995065, 4.174908619359231, 2.7547360690273037, 2.75139595660094, 2.166475760307509, 2.161172054696247, 1.0971943355668585, 1.0967336094056752, 2.158502223765359, 2.1427801590457194, 2.839027680386368, 2.7533595370020243, 4.694699446183962, 4.1367449341239295, 6.4447524956355, 7.4320870541187825, 8.122823887048149, 8.511890653080549, 7.257763650739807], [7.603751538549902, 6.397132961725901, 5.084382127653271, 3.906058786039965, 2.558911731576531, 1.5318220980257466, 0.0, 1.5326031188797709, 2.543469128965398, 3.169072938573677, 3.3069257082674235, 4.254620554174014, 5.2904612294203615, 6.27295127830593, 8.514322139783062, 7.712264166896775, 7.738334522363322, 6.562259137675073, 6.592767104941596, 5.188742349548685, 5.227468192155739, 4.1616138516205465, 4.208283380429602, 2.842452673308739, 2.7595121978349724, 2.1434607600793627, 2.1630163684077846, 1.0960764435020032, 1.0972184878136166, 2.17210592052966, 2.1539827436634678, 3.473737786592419, 2.7126732000003244, 5.085233684895907, 5.9432422986110875, 6.705874459009801, 7.154447094639809, 5.986387606060937], [7.9977337202485055, 6.920599908244949, 5.532205420987185, 4.566066758162872, 3.1498192154471343, 2.5600738856525216, 1.5326031188797709, 0.0, 1.5293823622626226, 2.5381466801585755, 2.8690284697088666, 3.704204970030682, 4.8947512153326045, 5.594386341682169, 8.95849376960212, 8.165818466020415, 7.921547408177268, 7.303736141866024, 7.031169838654162, 5.716472811970682, 5.364027399258881, 5.120465534499768, 4.722142061607211, 2.8557412627897505, 3.4640235637189307, 3.4821781042904747, 2.7799236482320877, 2.17182302455794, 2.1551299380779803, 1.0955151345371728, 1.0967430601558419, 2.1536594647250986, 2.1614157698138508, 4.9371426098503575, 5.658221860266704, 5.865910447662835, 6.581122733242407, 5.19527413809897], [9.417792269422808, 8.390469196654024, 6.962642247739, 6.041066022648652, 4.574718188041751, 3.916819537584033, 2.543469128965398, 1.5293823622626226, 0.0, 1.51217906347099, 2.4341355364892894, 2.347135643715548, 3.6855603169667437, 4.4024039807814095, 10.406397052294325, 9.512294142319192, 9.318844483625638, 8.754066802349639, 8.544698503165574, 7.035565356103231, 6.773446012924293, 6.529423251712206, 6.244501736728079, 4.292704528615964, 4.68565767635665, 4.676071173538743, 4.175704580067896, 2.81681633409067, 2.7323163689441237, 2.1600876000755154, 2.1448920369100164, 1.09586363202727, 1.0957748582624078, 3.987891179558439, 4.363544553456513, 4.537995214849835, 5.439528654212606, 4.197716210036119], [9.642878169405646, 8.745567381250916, 7.249623650231784, 6.510542991947753, 4.981015533001277, 4.58833576474085, 3.169072938573677, 2.5381466801585755, 1.51217906347099, 0.0, 1.2223417402674261, 1.3638048577417519, 2.371081915497649, 3.138812777149985, 10.679980500450364, 9.567350891965864, 9.56783135041583, 9.07434841186958, 9.074909504231986, 7.0935951308204785, 7.0944391554230695, 6.939256000465757, 6.9386500401735205, 4.762371905888913, 4.752036470819642, 5.23304190122724, 5.135341786093696, 2.8790154254536393, 3.5045121743261216, 2.7215540927933066, 3.4558378853759906, 2.113197657579622, 2.138235127388941, 2.5400007047243114, 3.229665287611086, 3.54650728040984, 4.09860057824619, 2.9502888231493536], [8.893555276715832, 8.119991764158387, 6.6016862406509444, 6.0638977366047335, 4.557621244684556, 4.514135760032035, 3.3069257082674235, 2.8690284697088666, 2.4341355364892894, 1.2223417402674261, 0.0, 2.297382349544803, 2.709412892122572, 3.2757151738208257, 9.9543984218033, 8.716545268625639, 8.82288940767139, 8.457432179450215, 8.566449062476238, 6.30469422652677, 6.450294180888187, 6.502709359182525, 6.642649839484241, 4.3436073717591, 4.117210051721918, 5.144088944604283, 5.228285352771021, 2.7447524132424035, 3.92417248474121, 2.644742862737321, 3.9101124612982683, 3.0166848376984956, 3.2010664176177284, 2.446898778045385, 3.7151306060487292, 3.957562327999396, 4.063040864918786, 2.8159004119464166], [10.989615621121605, 10.080674982857051, 8.59101007914669, 7.808773656599351, 6.28552029747737, 5.753146189694818, 4.254620554174014, 3.704204970030682, 2.347135643715548, 1.3638048577417519, 2.297382349544803, 0.0, 1.4350883387443436, 2.421482198984746, 12.025415804037713, 10.88853601270621, 10.92631728168279, 10.370897595193966, 10.410397107699591, 8.408166371451031, 8.456964265030331, 8.173405300729923, 8.222109079184001, 6.1112955827713, 6.0338471980984085, 6.296842955799359, 6.260743940619197, 3.9476692883269746, 4.316009917736519, 4.03211630412616, 4.485671327683294, 2.6863040055064507, 2.487889067060668, 2.099070206067439, 2.0433984388757858, 2.6577938407634254, 3.37206360112024, 2.7156701438134934], [11.566509012662378, 10.767377484327369, 9.263079236409457, 8.61955942841628, 7.10676576439663, 6.740330853897308, 5.2904612294203615, 4.8947512153326045, 3.6855603169667437, 2.371081915497649, 2.709412892122572, 1.4350883387443436, 0.0, 1.5170804395285045, 12.622123368118377, 11.33790199463728, 11.521912432404614, 11.025640578669341, 11.21379867217171, 8.924159196809523, 9.155705720478352, 8.934048787084162, 9.163961327395482, 6.975339651945273, 6.659744988361042, 7.201377430047671, 7.385262580978418, 4.739772917556283, 5.425550931472305, 5.044516279089603, 5.779248553229045, 4.011936962366184, 3.8805000335008377, 1.096105127257418, 1.094908005268022, 2.160343907807273, 2.1620749778858275, 2.1662540271168567], [11.981987804200104, 11.324299559354655, 9.797765632020393, 9.329119607980166, 7.818461248225255, 7.655146880367483, 6.27295127830593, 5.594386341682169, 4.4024039807814095, 3.138812777149985, 3.2757151738208257, 2.421482198984746, 1.5170804395285045, 0.0, 13.064011693962923, 11.739617318294494, 11.814584325315895, 11.69769146156625, 11.772567652810494, 9.449216382854189, 9.54182555174847, 9.773680232645225, 9.861881554247141, 7.503713012902346, 7.378483617248195, 8.250326348090724, 8.252942057836103, 5.782089975951602, 6.5581124792122925, 5.520437780647474, 6.417139663432612, 4.401666321973986, 4.826040821418734, 2.1729959433924404, 2.1485908824157285, 1.0950112967453804, 1.0936575378060538, 1.0945975379106243], [1.0944869391637344, 2.159122722311078, 3.470646859016342, 4.678385933203886, 5.972174675107887, 7.202419394897801, 8.514322139783062, 8.95849376960212, 10.406397052294325, 10.679980500450364, 9.9543984218033, 12.025415804037713, 12.622123368118377, 13.064011693962923, 0.0, 1.7718833708796975, 1.7719337402961772, 2.473157231152116, 2.473148014171412, 3.7535039589695387, 3.753385644987736, 4.833952570102442, 4.8352350108345306, 6.129117138707662, 6.141713756762033, 7.264116555369965, 7.33259117297562, 8.604499977918532, 9.329308790580361, 8.368060260896787, 9.018902292407875, 10.867471744154663, 11.02778003906498, 12.049721072705376, 13.549538775176076, 13.72493284355155, 13.68004492426834, 12.262778325893361], [1.094589649137977, 2.16852131416779, 2.7819209298612355, 4.1994406984740245, 5.202000679546283, 6.58330946409175, 7.712264166896775, 8.165818466020415, 9.512294142319192, 9.567350891965864, 8.716545268625639, 10.88853601270621, 11.33790199463728, 11.739617318294494, 1.7718833708796975, 0.0, 1.7746883501054485, 2.5026310575072785, 3.0651671308429496, 2.5599941191338704, 3.112017403550308, 4.383324009242301, 4.728083113694175, 5.3740288852963936, 5.0880571409920305, 6.677170134870011, 6.953950194673528, 7.609975655020192, 8.613025068464623, 7.489313221517712, 8.425324822224956, 10.023472218248523, 10.194857199097985, 10.693535150267193, 12.276458864835577, 12.474674819008309, 12.272852373022335, 10.935035862309734], [1.0946780531279505, 2.1685399074031357, 2.7818651800545617, 4.19935750085653, 5.202122894549877, 6.582345325186153, 7.738334522363322, 7.921547408177268, 9.318844483625638, 9.56783135041583, 8.82288940767139, 10.92631728168279, 11.521912432404614, 11.814584325315895, 1.7719337402961772, 1.7746883501054485, 0.0, 3.0651827694282767, 2.502618740439702, 3.11215159495806, 2.559757539299376, 4.727030961396381, 4.384130446280083, 5.074960624477789, 5.38790936170979, 6.897396529850956, 6.716550934073231, 7.845323759412354, 8.661601582271029, 7.194240982202361, 7.9909684607061235, 9.663329099746113, 10.055895763680128, 11.022907605981281, 12.506739866168159, 12.428100708475128, 12.445688375096012, 10.945690405360457], [2.146272519975038, 1.0962338527887197, 2.1625574420116567, 2.7590580910883333, 4.180441366650177, 5.175392523277823, 6.562259137675073, 7.303736141866024, 8.754066802349639, 9.07434841186958, 8.457432179450215, 10.370897595193966, 11.025640578669341, 11.69769146156625, 2.473157231152116, 2.5026310575072785, 3.0651827694282767, 0.0, 1.764910493481185, 2.5084985270077396, 3.067185662786001, 2.531305161374266, 3.087206572291527, 4.702260072560853, 4.368982075953162, 5.015609227202614, 5.394632534288132, 6.648366023317308, 7.252684924908843, 6.928618897009707, 7.416574511861928, 9.378694404873206, 9.215654929520744, 10.43546461064384, 11.856225010094908, 12.370075756033188, 12.352346590020861, 11.03788124868174], [2.1462943041437725, 1.0962744592482305, 2.1625284922978474, 2.7589849474036643, 4.180648338475744, 5.174228245835314, 6.592767104941596, 7.031169838654162, 8.544698503165574, 9.074909504231986, 8.566449062476238, 10.410397107699591, 11.21379867217171, 11.772567652810494, 2.473148014171412, 3.0651671308429496, 2.502618740439702, 1.764910493481185, 0.0, 3.0671542559838754, 2.508545463012381, 3.0857433512850676, 2.532628794355778, 4.359357266845652, 4.713006497979819, 5.303761402061749, 5.086760018911842, 6.915119308442914, 7.310045978651571, 6.610421840548453, 6.922075646798437, 8.99499543134959, 9.06260331748003, 10.770955852198076, 12.093266559536344, 12.323421879494349, 12.523200085042161, 11.048432767139419], [2.7502819546366513, 2.159188481814406, 1.0968249586875747, 2.1602405629929278, 2.754443308547119, 4.17613088995065, 5.188742349548685, 5.716472811970682, 7.035565356103231, 7.0935951308204785, 6.30469422652677, 8.408166371451031, 8.924159196809523, 9.449216382854189, 3.7535039589695387, 2.5599941191338704, 3.11215159495806, 2.5084985270077396, 3.0671542559838754, 0.0, 1.7648764630987632, 2.5066238728616623, 3.0660039758617406, 3.0712763291504723, 2.528118798632691, 4.3518608548527835, 4.725008531209229, 5.051373027207554, 6.115118427307848, 5.110063999599223, 6.089220400839503, 7.634355908653984, 7.680508955791928, 8.312687371722816, 9.833050970578766, 10.168443619846647, 10.050126330549285, 8.724576722110935], [2.7501673003655616, 2.159210793322412, 1.0968536730120384, 2.1603611040749646, 2.7549580813507855, 4.174908619359231, 5.227468192155739, 5.364027399258881, 6.773446012924293, 7.0944391554230695, 6.450294180888187, 8.456964265030331, 9.155705720478352, 9.54182555174847, 3.753385644987736, 3.112017403550308, 2.559757539299376, 3.067185662786001, 2.508545463012381, 1.7648764630987632, 0.0, 3.065704344844754, 2.5069780074823154, 2.5152407240659893, 3.0849064475280286, 4.681264355919242, 4.370455851510228, 5.397800199155207, 6.183249212994734, 4.669699284750572, 5.476345157128064, 7.1579069587415, 7.496359667865463, 8.730226096155814, 10.117711864843749, 10.111719822067856, 10.259447416406012, 8.737979269258997], [4.1655988897156195, 2.7524960708418824, 2.1598462977721353, 1.096853340241985, 2.16129047099181, 2.7547360690273037, 4.1616138516205465, 5.120465534499768, 6.529423251712206, 6.939256000465757, 6.502709359182525, 8.173405300729923, 8.934048787084162, 9.773680232645225, 4.833952570102442, 4.383324009242301, 4.727030961396381, 2.531305161374266, 3.0857433512850676, 2.5066238728616623, 3.065704344844754, 0.0, 1.7652295091573786, 3.060799178319283, 2.505939332865024, 2.4846886203305236, 3.1237762820022823, 4.316582530196777, 4.758123834033747, 4.989377119440863, 5.2873316077204775, 7.266317718074266, 6.854076490673269, 8.41166721999866, 9.682709849520432, 10.395654631142765, 10.498691372737843, 9.249428809391421], [4.166724734128714, 2.7537891422547225, 2.1604201651530657, 1.0968267912482808, 2.1607452464369787, 2.75139595660094, 4.208283380429602, 4.722142061607211, 6.244501736728079, 6.9386500401735205, 6.642649839484241, 8.222109079184001, 9.163961327395482, 9.861881554247141, 4.8352350108345306, 4.728083113694175, 4.384130446280083, 3.087206572291527, 2.532628794355778, 3.0660039758617406, 2.5069780074823154, 1.7652295091573786, 0.0, 2.501160020870316, 3.0659118871878883, 3.0236425813908627, 2.554371958035869, 4.715949671063083, 4.843874637106125, 4.535808212435795, 4.56643752721966, 6.762385565760059, 6.645457249881305, 8.823244835093266, 9.970261385239606, 10.338742987907187, 10.69794355472116, 9.260758650348253], [5.153884796927459, 4.163442874593094, 2.743296910653311, 2.153262724332542, 1.0956167258672167, 2.166475760307509, 2.842452673308739, 2.8557412627897505, 4.292704528615964, 4.762371905888913, 4.3436073717591, 6.1112955827713, 6.975339651945273, 7.503713012902346, 6.129117138707662, 5.3740288852963936, 5.074960624477789, 4.702260072560853, 4.359357266845652, 3.0712763291504723, 2.5152407240659893, 3.060799178319283, 2.501160020870316, 0.0, 1.765489623305671, 3.0641863047145157, 2.4948963285074592, 3.1713851878950314, 3.8467502193409953, 2.274610272112566, 3.0748900630754266, 4.757418401822568, 4.98204157449534, 6.680090714204411, 7.8841375774399065, 7.993423875911999, 8.3347810739095, 6.82709431969414], [5.167022567204444, 4.175055465499829, 2.7560368230486323, 2.160536065424505, 1.0966272110430235, 2.161172054696247, 2.7595121978349724, 3.4640235637189307, 4.68565767635665, 4.752036470819642, 4.117210051721918, 6.0338471980984085, 6.659744988361042, 7.378483617248195, 6.141713756762033, 5.0880571409920305, 5.38790936170979, 4.368982075953162, 4.713006497979819, 2.528118798632691, 3.0849064475280286, 2.505939332865024, 3.0659118871878883, 1.765489623305671, 0.0, 2.525088651909077, 3.0679666295447214, 2.52595170183438, 3.724527701601909, 3.0732583132564697, 4.059484571962308, 5.439432804989873, 5.243932367984927, 6.116177131182517, 7.50576123854203, 8.05748415015506, 8.069177230672283, 6.804215025996753], [6.510904361914712, 5.126767205559464, 4.145705827721017, 2.7140665338196857, 2.153981230187487, 1.0971943355668585, 2.1434607600793627, 3.4821781042904747, 4.676071173538743, 5.23304190122724, 5.144088944604283, 6.296842955799359, 7.201377430047671, 8.250326348090724, 7.264116555369965, 6.677170134870011, 6.897396529850956, 5.015609227202614, 5.303761402061749, 4.3518608548527835, 4.681264355919242, 2.4846886203305236, 3.0236425813908627, 3.0641863047145157, 2.525088651909077, 0.0, 1.7602114475255521, 2.492155512804127, 2.3917024187803966, 3.8470669164962548, 3.71567894872