{"total energy": -56.7372015, "HOMO-LUMO gap/eV": 2.74408774, "electronic energy": -57.30999852, "dipole": [-1.04200095, 0.09259299, -1.18843884], "partial charges": [-0.11469263, 0.09268009, -0.25285594, 0.38072955, -0.41015702, -0.26709673, 0.09605259, -0.11311037, -0.0999401, 0.04657007, -0.14779025, 0.04666925, -0.03108558, -0.03744287, 0.1015807, -0.15859715, -0.0376568, -0.03000461, 0.06039905, 0.05841627, 0.05992564, 0.05625516, 0.04487541, 0.04884817, 0.05159018, 0.05921848, 0.05698255, 0.05716832, 0.06542926, 0.05963635, 0.05924441, 0.06664147, 0.06594844, 0.06556866], "atomic dipole moments": [[0.13287765, 0.05663121, 0.04244586], [0.05561763, 0.1072088, -0.25671206], [0.0730253, -0.06189306, 0.14806156], [-0.12284178, -0.14130551, -0.15351481], [-0.17771579, -0.22103905, -0.31300257], [-0.1153381, 0.10371451, 0.11908159], [0.14343485, -0.23879025, -0.02615463], [0.00849605, -0.01698746, 0.14572592], [0.11158667, 0.49918741, -0.06538609], [-0.08582153, -0.15127865, 0.02129642], [-0.03974732, 0.39166667, 0.03554277], [-0.12075792, -0.08137374, 0.05984703], [-0.00125777, -0.00241443, -0.02291328], [0.00061911, -0.01233816, -0.03912706], [0.19408652, 0.11690532, -0.08879762], [0.03344487, 0.01205795, -0.00930946], [0.012631, 0.02039417, 0.03249005], [0.01658072, 0.00552844, 0.024476], [0.00696825, -0.07972946, -0.10091535], [-0.04922326, -0.06417772, 0.10146534], [-0.08405303, 0.08925411, -0.03813034], [-0.01054836, 0.08358272, 0.08886929], [0.083564, -0.08734649, 0.02594674], [-0.11025818, -0.02168137, 0.0529179], [0.06295944, 0.08935549, 0.05479046], [-0.05550417, -0.0978409, -0.06160794], [-0.06797343, 0.10813987, -0.02224411], [0.11456591, 0.00999045, -0.05674713], [0.052495, 0.06413867, 0.09484942], [-0.02139891, 0.07226867, -0.10405846], [-0.03134504, 0.01554646, 0.14967006], [0.0839864, 0.0899874, 0.09557532], [0.03682919, -0.02025692, -0.14971461], [-0.08145402, -0.09212339, -0.09352185]], "atomic quadrupole moments": [[0.19893926, 0.1605173, -0.07709698, 0.07605226, 0.03104614, -0.12184228], [-0.01820238, 0.25847606, -0.15843748, -0.17158998, -0.29981317, 0.17663986], [0.02706087, 0.06011617, -0.06881921, -0.04406135, -0.08626853, 0.04175834], [0.13927664, -0.33988444, 0.31231501, -0.61157947, -0.75417618, -0.45159165], [-0.23927847, 0.19015841, 0.04976334, 0.25020089, 0.46832088, 0.18951513], [-0.06042128, -0.09136859, 0.04410544, -0.00270801, -0.04287216, 0.01631584], [-0.16995827, -0.37509744, 0.21431191, 0.07567484, -0.14582269, -0.04435364], [-0.14179787, -0.01511441, -0.12127019, 0.0409816, -0.08343136, 0.26306806], [0.28346954, -0.12602974, 0.24452839, -0.32689609, 0.07167134, -0.52799792], [0.26562659, -0.03629879, 0.05476972, -0.25243429, 0.03257373, -0.32039631], [0.26943308, -0.11972209, 0.20542968, -0.40642409, 0.06387706, -0.47486275], [0.14296943, -0.1350143, 0.17910496, -0.04871633, -0.24025108, -0.32207439], [0.0177227, -0.35658859, 0.22305001, 0.09623568, -0.15083385, -0.24077271], [-0.00230791, -0.35471767, 0.21037054, 0.08835687, -0.1529888, -0.20806263], [0.20069242, -0.09836078, 0.14187194, -0.08382443, -0.25986296, -0.34256436], [0.20749599, 0.24503824, -0.05908139, -0.1957377, -0.13006632, -0.1484146], [0.01749883, -0.33953828, 0.21367471, 0.11768615, -0.14544899, -0.23117354], [0.01593485, -0.35826027, 0.21035251, 0.10111069, -0.17029589, -0.22628736], [-0.02402919, -0.01549142, 0.00337941, -0.01271838, 0.06370281, 0.02064978], [-0.02484641, 0.02489984, -0.01954873, -0.0293424, -0.05154982, 0.04439514], [0.00354703, -0.05153864, 0.03863875, 0.02377653, -0.01495469, -0.04218578], [-0.02214438, 0.01007249, 0.00948486, -0.02330634, 0.0244052, 0.01265952], [0.01007214, -0.01510893, 0.01025618, -0.01430916, -0.02775479, -0.02032832], [0.02584385, -0.00799064, -0.00635472, -0.01267254, -0.02774455, -0.01948913], [-0.00971914, 0.01405128, 0.02683124, 0.02831403, 0.00763913, -0.0171121], [-0.01639552, 0.05499245, 0.0301033, 0.01781408, 0.03203079, -0.01370778], [-0.01276669, -0.06178355, 0.04614749, 0.00540299, -0.00979534, -0.0333808], [0.06680792, 0.01801041, -0.05028251, -0.03318735, -0.00230796, -0.01652541], [0.01047482, 0.01217723, -0.00894091, 0.01185476, 0.03042769, -0.00153391], [-0.00075696, -0.01449977, -0.00925656, -0.01177477, -0.02914592, 0.01001353], [0.00834046, 0.05031923, -0.0248368, -0.01402733, 0.01690279, 0.01649634], [0.00346191, 0.0420421, -0.02603453, -0.01770512, 0.01252115, 0.02257262], [0.00386392, 0.04475966, -0.02289471, -0.01444341, 0.01400383, 0.01903079], [0.00280035, 0.04319168, -0.03059907, -0.02294591, 0.01230589, 0.02779873]], "number of molecular orbitals": 113, "number of electrons": 102, "number of unpaired electrons": 0, "orbital energies/eV": [-29.02937589, -20.57927507, -20.32530423, -20.10995212, -19.94080142, -19.03548832, -18.62071095, -18.46337576, -18.11549893, -17.55596813, -17.55100651, -17.28469066, -17.11052032, -16.82241429, -16.72020632, -16.48399581, -16.25448334, -16.24144557, -15.87465742, -15.64830406, -15.25078088, -15.14454682, -15.025721, -14.76141199, -14.7288538, -14.4940586, -14.28026618, -14.18241797, -14.07907214, -13.92038438, -13.78163378, -13.72605413, -13.58068206, -13.46799247, -13.35159658, -13.25684597, -13.07527095, -13.03749989, -12.74105197, -12.65060398, -12.54402941, -12.3443063, -12.21996059, -12.02621905, -11.84438787, -11.68408738, -11.30333329, -11.1388986, -10.33113765, -10.14003366, -10.11845531, -7.37436757, -7.06341105, -6.89699517, -6.11150256, -5.75575676, -4.50501731, -4.1976214, -3.9977116, -3.85489672, -3.7027848, -3.36118632, -0.99603216, -0.85292835, -0.78575507, -0.38464668, -0.16882651, 0.02085023, 0.08396797, 0.23477537, 0.2365699, 0.36406569, 0.58199125, 0.59297453, 0.62031989, 0.82247723, 2.18879615, 2.53662137, 2.62300152, 2.69948009, 2.88736033, 3.19880068, 3.28586907, 3.30027388, 3.58821027, 3.66412387, 3.79009253, 3.94447387, 4.08987328, 4.14116086, 4.31996538, 4.38535864, 4.84916146, 4.9983781, 5.47421202, 5.90508391, 6.12870585, 6.22655389, 6.48433506, 6.60416971, 8.09498178, 9.13448398, 9.91095158, 9.97497994, 11.20314573, 11.29026422, 11.64587152, 13.11349473, 15.54232499, 16.09344871, 25.84110091, 27.20389849, 33.95612772], "fractional occupation": [2.0, 2.0, 2.0, 2.0, 2.0, 2.0, 2.0, 2.0, 2.0, 2.0, 2.0, 2.0, 2.0, 2.0, 2.0, 2.0, 2.0, 2.0, 2.0, 2.0, 2.0, 2.0, 2.0, 2.0, 2.0, 2.0, 2.0, 2.0, 2.0, 2.0, 2.0, 2.0, 2.0, 2.0, 2.0, 2.0, 2.0, 2.0, 2.0, 2.0, 2.0, 2.0, 2.0, 2.0, 2.0, 2.0, 2.0, 2.0, 2.0, 2.0, 2.0, 0.0, 0.0, 0.0, 0.0, 0.0, 0.0, 0.0, 0.0, 0.0, 0.0, 0.0, 0.0, 0.0, 0.0, 0.0, 0.0, 0.0, 0.0, 0.0, 0.0, 0.0, 0.0, 0.0, 0.0, 0.0, 0.0, 0.0, 0.0, 0.0, 0.0, 0.0, 0.0, 0.0, 0.0, 0.0, 0.0, 0.0, 0.0, 0.0, 0.0, 0.0, 0.0, 0.0, 0.0, 0.0, 0.0, 0.0, 0.0, 0.0, 0.0, 0.0, 0.0, 0.0, 0.0, 0.0, 0.0, 0.0, 0.0, 0.0, 0.0, 0.0, 0.0], "program call": "xtb /home/svss/Project-DBcg-Debug/aqme2_20220329/End-to-End-workflows-final/example-3/QDESCP/mol_219_rdkit_conf_2/mol_219_rdkit_conf_2.xyz --pop --wbo --acc 0.2 --gfn 2 --chrg 0 --uhf 0 --etemp 300 --input /home/svss/Project-DBcg-Debug/aqme2_20220329/End-to-End-workflows-final/example-3/QDESCP/mol_219_rdkit_conf_2/mol_219_rdkit_conf_2_xtb.inp", "method": "GFN2-xTB", "xtb version": "6.3.3 (7355c4f)", "Dipole module/D": 4.024, "Total charge": 0, "Transition dipole module/D": NaN, "HOMO": -10.1185, "LUMO": -7.3744, "HOMO occupancy": 2.0, "LUMO occupancy": 0, "mulliken charges": [-0.09599, 0.20642, -0.3687, 0.37757, -0.23923, -0.37867, 0.21278, -0.09642, -0.07026, 0.08828, -0.11406, 0.05483, -0.036, -0.04715, 0.11143, -0.11254, -0.04791, -0.0318, 0.04319, 0.03268, 0.04267, 0.02857, 0.02586, 0.03508, 0.0246, 0.04223, 0.03102, 0.03946, 0.03239, 0.04239, 0.0398, 0.04376, 0.0434, 0.0403], "cm5 charges": [-0.24244, 0.12822, -0.43215, 0.31687, -0.21038, -0.43992, 0.13477, -0.24288, -0.07027, 0.01769, -0.15133, 0.05895, -0.08725, -0.099, 0.1041, -0.11454, -0.09973, -0.08245, 0.09652, 0.0839, 0.09598, 0.09264, 0.09156, 0.10305, 0.08902, 0.09558, 0.08224, 0.09277, 0.09198, 0.10281, 0.09663, 0.10022, 0.09988, 0.09695], "FUKUI+": [0.007, 0.006, 0.002, -0.086, -0.079, 0.003, 0.008, 0.007, -0.16, 0.026, -0.143, -0.019, -0.017, -0.017, -0.042, -0.097, -0.019, -0.018, -0.005, -0.016, -0.013, -0.013, 0.003, -0.014, -0.011, -0.009, -0.019, -0.005, -0.041, -0.045, -0.039, -0.047, -0.049, -0.041], "FUKUI-": [0.007, 0.009, -0.005, -0.085, -0.244, 0.003, 0.01, 0.007, -0.082, 0.052, -0.237, 0.013, -0.006, -0.011, -0.013, -0.119, -0.013, -0.008, -0.009, -0.018, -0.014, -0.009, -0.003, -0.012, -0.006, -0.011, -0.02, -0.007, -0.03, -0.037, -0.017, -0.03, -0.033, -0.022], "FUKUIrad": [0.007, 0.008, -0.002, -0.085, -0.162, 0.003, 0.009, 0.007, -0.121, 0.039, -0.19, -0.003, -0.012, -0.014, -0.027, -0.108, -0.016, -0.013, -0.007, -0.017, -0.013, -0.011, -0.0, -0.013, -0.008, -0.01, -0.02, -0.006, -0.036, -0.041, -0.028, -0.039, -0.041, -0.032], "s proportion": [1.012, 0.993, 1.659, 1.52, 1.89, 1.653, 0.993, 1.012, 1.909, 1.042, 1.927, 1.088, 1.067, 1.063, 1.079, 1.943, 1.063, 1.067, 0.957, 0.967, 0.957, 0.971, 0.974, 0.965, 0.975, 0.958, 0.969, 0.961, 0.968, 0.958, 0.96, 0.956, 0.957, 0.96], "p proportion": [3.084, 2.801, 4.71, 2.023, 4.364, 4.726, 2.794, 3.084, 4.165, 2.869, 4.182, 2.857, 2.969, 2.984, 2.81, 5.18, 2.985, 2.965, 0.0, 0.0, 0.0, 0.0, 0.0, 0.0, 0.0, 0.0, 0.0, 0.0, 0.0, 0.0, 0.0, 0.0, 0.0, 0.0], "d proportion": [0.0, 0.0, 0.0, 1.08, -0.015, 0.0, 0.0, 0.0, -0.003, 0.0, 0.005, 0.0, 0.0, 0.0, 0.0, -0.011, 0.0, 0.0, 0.0, 0.0, 0.0, 0.0, 0.0, 0.0, 0.0, 0.0, 0.0, 0.0, 0.0, 0.0, 0.0, 0.0, 0.0, 0.0], "Fermi-level/eV": -8.7464, "Coordination numbers": [3.749, 3.903, 1.658, 3.919, 0.926, 1.658, 3.894, 3.749, 2.051, 3.795, 2.167, 2.956, 2.941, 2.947, 2.879, 0.966, 2.947, 2.951, 0.924, 0.924, 0.924, 0.924, 0.924, 0.924, 0.924, 0.924, 0.924, 0.924, 0.924, 0.924, 0.925, 0.925, 0.925, 0.925], "Dispersion coefficient C6": [22.761, 18.997, 18.205, 144.419, 157.102, 18.444, 18.947, 22.731, 145.228, 19.799, 147.282, 26.951, 28.775, 28.93, 25.749, 104.122, 28.936, 28.748, 2.194, 2.218, 2.2, 2.243, 2.385, 2.334, 2.3, 2.208, 2.235, 2.233, 2.137, 2.203, 2.208, 2.123, 2.131, 2.135], "Total dispersion C6": 21124.738442, "Total dispersion C8": 678996.468429, "Polarizability alpha": [6.805, 6.196, 5.76, 21.587, 21.2, 5.798, 6.188, 6.8, 20.283, 6.336, 20.426, 8.515, 8.798, 8.822, 8.319, 15.611, 8.823, 8.794, 2.317, 2.329, 2.32, 2.342, 2.415, 2.389, 2.372, 2.324, 2.338, 2.337, 2.286, 2.321, 2.324, 2.278, 2.283, 2.285], "Total polarizability alpha": 232.317265, "Wiberg matrix": [[0.0, 1.0163583488770669, 0.0, 0.0, 0.0, 0.0, 0.0, 0.0, 0.0, 0.0, 0.0, 0.0, 0.0, 0.0, 0.0, 0.0, 0.0, 0.0, 0.9844442842914172, 0.981444557951052, 0.984117975036672, 0.0, 0.0, 0.0, 0.0, 0.0, 0.0, 0.0, 0.0, 0.0, 0.0, 0.0, 0.0, 0.0], [1.0163583488770669, 0.0, 0.920304799481096, 0.0, 0.0, 0.0, 0.0, 0.0, 0.0, 0.0, 0.0, 0.0, 0.0, 0.0, 0.0, 0.0, 0.0, 0.0, 0.0, 0.0, 0.0, 0.9699203423854147, 0.9692953900223681, 0.0, 0.0, 0.0, 0.0, 0.0, 0.0, 0.0, 0.0, 0.0, 0.0, 0.0], [0.0, 0.920304799481096, 0.0, 1.2615934760231704, 0.0, 0.0, 0.0, 0.0, 0.0, 0.0, 0.0, 0.0, 0.0, 0.0, 0.0, 0.0, 0.0, 0.0, 0.0, 0.0, 0.0, 0.0, 0.0, 0.0, 0.0, 0.0, 0.0, 0.0, 0.0, 0.0, 0.0, 0.0, 0.0, 0.0], [0.0, 0.0, 1.2615934760231704, 0.0, 1.5548757256867798, 1.2409857958495354, 0.0, 0.0, 1.0139419033393393, 0.0, 0.0, 0.0, 0.0, 0.0, 0.0, 0.0, 0.0, 0.0, 0.0, 0.0, 0.0, 0.0, 0.0, 0.0, 0.0, 0.0, 0.0, 0.0, 0.0, 0.0, 0.0, 0.0, 0.0, 0.0], [0.0, 0.0, 0.0, 1.5548757256867798, 0.0, 0.0, 0.0, 0.0, 0.14806604436853626, 0.0, 0.0, 0.0, 0.0, 0.0, 0.0, 0.0, 0.0, 0.0, 0.0, 0.0, 0.0, 0.0, 0.0, 0.0, 0.0, 0.0, 0.0, 0.0, 0.0, 0.0, 0.0, 0.0, 0.0, 0.0], [0.0, 0.0, 0.0, 1.2409857958495354, 0.0, 0.0, 0.9134045058407744, 0.0, 0.0, 0.0, 0.0, 0.0, 0.0, 0.0, 0.0, 0.0, 0.0, 0.0, 0.0, 0.0, 0.0, 0.0, 0.0, 0.0, 0.0, 0.0, 0.0, 0.0, 0.0, 0.0, 0.0, 0.0, 0.0, 0.0], [0.0, 0.0, 0.0, 0.0, 0.0, 0.9134045058407744, 0.0, 1.0152537293301265, 0.0, 0.0, 0.0, 0.0, 0.0, 0.0, 0.0, 0.0, 0.0, 0.0, 0.0, 0.0, 0.0, 0.0, 0.0, 0.9702335537150366, 0.9703059260602154, 0.0, 0.0, 0.0, 0.0, 0.0, 0.0, 0.0, 0.0, 0.0], [0.0, 0.0, 0.0, 0.0, 0.0, 0.0, 1.0152537293301265, 0.0, 0.0, 0.0, 0.0, 0.0, 0.0, 0.0, 0.0, 0.0, 0.0, 0.0, 0.0, 0.0, 0.0, 0.0, 0.0, 0.0, 0.0, 0.9847227740131118, 0.9806943230140617, 0.9847363956181897, 0.0, 0.0, 0.0, 0.0, 0.0, 0.0], [0.0, 0.0, 0.0, 1.0139419033393393, 0.14806604436853626, 0.0, 0.0, 0.0, 0.0, 0.9763457411924559, 0.0, 0.0, 0.0, 0.0, 0.0, 0.0, 0.0, 0.0, 0.0, 0.0, 0.0, 0.0, 0.0, 0.0, 0.0, 0.0, 0.0, 0.0, 0.0, 0.0, 0.0, 0.0, 0.0, 0.0], [0.0, 0.0, 0.0, 0.0, 0.0, 0.0, 0.0, 0.0, 0.9763457411924559, 0.0, 0.97973344836051, 0.0, 0.0, 0.0, 0.0, 0.0, 0.0, 0.0, 0.0, 0.0, 0.0, 0.0, 0.0, 0.0, 0.0, 0.0, 0.0, 0.0, 0.9696586050340656, 0.9735186832733839, 0.0, 0.0, 0.0, 0.0], [0.0, 0.0, 0.0, 0.0, 0.0, 0.0, 0.0, 0.0, 0.0, 0.97973344836051, 0.0, 1.001497708026789, 0.0, 0.0, 0.0, 0.0, 0.0, 0.0, 0.0, 0.0, 0.0, 0.0, 0.0, 0.0, 0.0, 0.0, 0.0, 0.0, 0.0, 0.0, 0.0, 0.0, 0.0, 0.0], [0.0, 0.0, 0.0, 0.0, 0.0, 0.0, 0.0, 0.0, 0.0, 0.0, 1.001497708026789, 0.0, 1.4019630060954444, 0.0, 0.0, 0.0, 0.0, 1.402392645259662, 0.0, 0.0, 0.0, 0.0, 0.0, 0.0, 0.0, 0.0, 0.0, 0.0, 0.0, 0.0, 0.0, 0.0, 0.0, 0.0], [0.0, 0.0, 0.0, 0.0, 0.0, 0.0, 0.0, 0.0, 0.0, 0.0, 0.0, 1.4019630060954444, 0.0, 1.444271715050782, 0.0, 0.0, 0.10754848046788298, 0.0, 0.0, 0.0, 0.0, 0.0, 0.0, 0.0, 0.0, 0.0, 0.0, 0.0, 0.0, 0.0, 0.966286595463778, 0.0, 0.0, 0.0], [0.0, 0.0, 0.0, 0.0, 0.0, 0.0, 0.0, 0.0, 0.0, 0.0, 0.0, 0.0, 1.444271715050782, 0.0, 1.3956528489434536, 0.0, 0.0, 0.10668448516053626, 0.0, 0.0, 0.0, 0.0, 0.0, 0.0, 0.0, 0.0, 0.0, 0.0, 0.0, 0.0, 0.0, 0.9655310035244852, 0.0, 0.0], [0.0, 0.0, 0.0, 0.0, 0.0, 0.0, 0.0, 0.0, 0.0, 0.0, 0.0, 0.0, 0.0, 1.3956528489434536, 0.0, 0.9890007020017341, 1.3982311528368028, 0.0, 0.0, 0.0, 0.0, 0.0, 0.0, 0.0, 0.0, 0.0, 0.0, 0.0, 0.0, 0.0, 0.0, 0.0, 0.0, 0.0], [0.0, 0.0, 0.0, 0.0, 0.0, 0.0, 0.0, 0.0, 0.0, 0.0, 0.0, 0.0, 0.0, 0.0, 0.9890007020017341, 0.0, 0.0, 0.0, 0.0, 0.0, 0.0, 0.0, 0.0, 0.0, 0.0, 0.0, 0.0, 0.0, 0.0, 0.0, 0.0, 0.0, 0.0, 0.0], [0.0, 0.0, 0.0, 0.0, 0.0, 0.0, 0.0, 0.0, 0.0, 0.0, 0.0, 0.0, 0.10754848046788298, 0.0, 1.3982311528368028, 0.0, 0.0, 1.442063766578435, 0.0, 0.0, 0.0, 0.0, 0.0, 0.0, 0.0, 0.0, 0.0, 0.0, 0.0, 0.0, 0.0, 0.0, 0.9656959534323534, 0.0], [0.0, 0.0, 0.0, 0.0, 0.0, 0.0, 0.0, 0.0, 0.0, 0.0, 0.0, 1.402392645259662, 0.0, 0.10668448516053626, 0.0, 0.0, 1.442063766578435, 0.0, 0.0, 0.0, 0.0, 0.0, 0.0, 0.0, 0.0, 0.0, 0.0, 0.0, 0.0, 0.0, 0.0, 0.0, 0.0, 0.9663745093055514], [0.9844442842914172, 0.0, 0.0, 0.0, 0.0, 0.0, 0.0, 0.0, 0.0, 0.0, 0.0, 0.0, 0.0, 0.0, 0.0, 0.0, 0.0, 0.0, 0.0, 0.0, 0.0, 0.0, 0.0, 0.0, 0.0, 0.0, 0.0, 0.0, 0.0, 0.0, 0.0, 0.0, 0.0, 0.0], [0.981444557951052, 0.0, 0.0, 0.0, 0.0, 0.0, 0.0, 0.0, 0.0, 0.0, 0.0, 0.0, 0.0, 0.0, 0.0, 0.0, 0.0, 0.0, 0.0, 0.0, 0.0, 0.0, 0.0, 0.0, 0.0, 0.0, 0.0, 0.0, 0.0, 0.0, 0.0, 0.0, 0.0, 0.0], [0.984117975036672, 0.0, 0.0, 0.0, 0.0, 0.0, 0.0, 0.0, 0.0, 0.0, 0.0, 0.0, 0.0, 0.0, 0.0, 0.0, 0.0, 0.0, 0.0, 0.0, 0.0, 0.0, 0.0, 0.0, 0.0, 0.0, 0.0, 0.0, 0.0, 0.0, 0.0, 0.0, 0.0, 0.0], [0.0, 0.9699203423854147, 0.0, 0.0, 0.0, 0.0, 0.0, 0.0, 0.0, 0.0, 0.0, 0.0, 0.0, 0.0, 0.0, 0.0, 0.0, 0.0, 0.0, 0.0, 0.0, 0.0, 0.0, 0.0, 0.0, 0.0, 0.0, 0.0, 0.0, 0.0, 0.0, 0.0, 0.0, 0.0], [0.0, 0.9692953900223681, 0.0, 0.0, 0.0, 0.0, 0.0, 0.0, 0.0, 0.0, 0.0, 0.0, 0.0, 0.0, 0.0, 0.0, 0.0, 0.0, 0.0, 0.0, 0.0, 0.0, 0.0, 0.0, 0.0, 0.0, 0.0, 0.0, 0.0, 0.0, 0.0, 0.0, 0.0, 0.0], [0.0, 0.0, 0.0, 0.0, 0.0, 0.0, 0.9702335537150366, 0.0, 0.0, 0.0, 0.0, 0.0, 0.0, 0.0, 0.0, 0.0, 0.0, 0.0, 0.0, 0.0, 0.0, 0.0, 0.0, 0.0, 0.0, 0.0, 0.0, 0.0, 0.0, 0.0, 0.0, 0.0, 0.0, 0.0], [0.0, 0.0, 0.0, 0.0, 0.0, 0.0, 0.9703059260602154, 0.0, 0.0, 0.0, 0.0, 0.0, 0.0, 0.0, 0.0, 0.0, 0.0, 0.0, 0.0, 0.0, 0.0, 0.0, 0.0, 0.0, 0.0, 0.0, 0.0, 0.0, 0.0, 0.0, 0.0, 0.0, 0.0, 0.0], [0.0, 0.0, 0.0, 0.0, 0.0, 0.0, 0.0, 0.9847227740131118, 0.0, 0.0, 0.0, 0.0, 0.0, 0.0, 0.0, 0.0, 0.0, 0.0, 0.0, 0.0, 0.0, 0.0, 0.0, 0.0, 0.0, 0.0, 0.0, 0.0, 0.0, 0.0, 0.0, 0.0, 0.0, 0.0], [0.0, 0.0, 0.0, 0.0, 0.0, 0.0, 0.0, 0.9806943230140617, 0.0, 0.0, 0.0, 0.0, 0.0, 0.0, 0.0, 0.0, 0.0, 0.0, 0.0, 0.0, 0.0, 0.0, 0.0, 0.0, 0.0, 0.0, 0.0, 0.0, 0.0, 0.0, 0.0, 0.0, 0.0, 0.0], [0.0, 0.0, 0.0, 0.0, 0.0, 0.0, 0.0, 0.9847363956181897, 0.0, 0.0, 0.0, 0.0, 0.0, 0.0, 0.0, 0.0, 0.0, 0.0, 0.0, 0.0, 0.0, 0.0, 0.0, 0.0, 0.0, 0.0, 0.0, 0.0, 0.0, 0.0, 0.0, 0.0, 0.0, 0.0], [0.0, 0.0, 0.0, 0.0, 0.0, 0.0, 0.0, 0.0, 0.0, 0.9696586050340656, 0.0, 0.0, 0.0, 0.0, 0.0, 0.0, 0.0, 0.0, 0.0, 0.0, 0.0, 0.0, 0.0, 0.0, 0.0, 0.0, 0.0, 0.0, 0.0, 0.0, 0.0, 0.0, 0.0, 0.0], [0.0, 0.0, 0.0, 0.0, 0.0, 0.0, 0.0, 0.0, 0.0, 0.9735186832733839, 0.0, 0.0, 0.0, 0.0, 0.0, 0.0, 0.0, 0.0, 0.0, 0.0, 0.0, 0.0, 0.0, 0.0, 0.0, 0.0, 0.0, 0.0, 0.0, 0.0, 0.0, 0.0, 0.0, 0.0], [0.0, 0.0, 0.0, 0.0, 0.0, 0.0, 0.0, 0.0, 0.0, 0.0, 0.0, 0.0, 0.966286595463778, 0.0, 0.0, 0.0, 0.0, 0.0, 0.0, 0.0, 0.0, 0.0, 0.0, 0.0, 0.0, 0.0, 0.0, 0.0, 0.0, 0.0, 0.0, 0.0, 0.0, 0.0], [0.0, 0.0, 0.0, 0.0, 0.0, 0.0, 0.0, 0.0, 0.0, 0.0, 0.0, 0.0, 0.0, 0.9655310035244852, 0.0, 0.0, 0.0, 0.0, 0.0, 0.0, 0.0, 0.0, 0.0, 0.0, 0.0, 0.0, 0.0, 0.0, 0.0, 0.0, 0.0, 0.0, 0.0, 0.0], [0.0, 0.0, 0.0, 0.0, 0.0, 0.0, 0.0, 0.0, 0.0, 0.0, 0.0, 0.0, 0.0, 0.0, 0.0, 0.0, 0.9656959534323534, 0.0, 0.0, 0.0, 0.0, 0.0, 0.0, 0.0, 0.0, 0.0, 0.0, 0.0, 0.0, 0.0, 0.0, 0.0, 0.0, 0.0], [0.0, 0.0, 0.0, 0.0, 0.0, 0.0, 0.0, 0.0, 0.0, 0.0, 0.0, 0.0, 0.0, 0.0, 0.0, 0.0, 0.0, 0.9663745093055514, 0.0, 0.0, 0.0, 0.0, 0.0, 0.0, 0.0, 0.0, 0.0, 0.0, 0.0, 0.0, 0.0, 0.0, 0.0, 0.0]], "Born radii": [], "Atomic SASAs": [], "Solvent H bonds": [], "Total SASA": NaN, "Total FOD": 0.0, "FOD": [0.0, 0.0, 0.0, 0.0, 0.0, 0.0, 0.0, 0.0, 0.0, 0.0, 0.0, 0.0, 0.0, 0.0, 0.0, 0.0, 0.0, 0.0, 0.0, 0.0, 0.0, 0.0, 0.0, 0.0, 0.0, 0.0, 0.0, 0.0, 0.0, 0.0, 0.0, 0.0, 0.0, 0.0], "FOD s proportion": [0.0, 0.0, 0.0, 0.0, 0.0, 0.0, 0.0, 0.0, 0.0, 0.0, 0.0, 0.0, 0.0, 0.0, 0.0, 0.0, 0.0, 0.0, 0.0, 0.0, 0.0, 0.0, 0.0, 0.0, 0.0, 0.0, 0.0, 0.0, 0.0, 0.0, 0.0, 0.0, 0.0, 0.0], "FOD p proportion": [0.0, 0.0, 0.0, 0.0, 0.0, 0.0, 0.0, 0.0, 0.0, 0.0, 0.0, 0.0, 0.0, 0.0, 0.0, 0.0, 0.0, 0.0, 0.0, 0.0, 0.0, 0.0, 0.0, 0.0, 0.0, 0.0, 0.0, 0.0, 0.0, 0.0, 0.0, 0.0, 0.0, 0.0], "FOD d proportion": [0.0, 0.0, 0.0, 0.0, 0.0, 0.0, 0.0, 0.0, 0.0, 0.0, 0.0, 0.0, 0.0, 0.0, 0.0, 0.0, 0.0, 0.0, 0.0, 0.0, 0.0, 0.0, 0.0, 0.0, 0.0, 0.0, 0.0, 0.0, 0.0, 0.0, 0.0, 0.0, 0.0, 0.0], "coordinates": [["-5.03430", "-1.31060", "2.22260"], ["-3.68360", "-0.70300", "2.54120"], ["-3.21950", "-0.01080", "1.39330"], ["-1.63330", "0.31900", "1.25910"], ["-0.95020", "1.44960", "2.69540"], ["-1.64370", "1.08180", "-0.17840"], ["-2.40560", "2.26910", "-0.33230"], ["-2.54620", "2.55840", "-1.81310"], ["-0.66210", "-1.50370", "0.87650"], ["0.94770", "-0.93630", "0.29340"], ["2.00070", "-2.35200", "-0.14200"], ["3.42060", "-1.47770", "-0.76950"], ["4.19490", "-0.65960", "0.06060"], ["5.30870", "0.01160", "-0.45220"], ["5.65330", "-0.14220", "-1.79360"], ["7.02330", "0.68420", "-2.42470"], ["4.89690", "-0.96520", "-2.62510"], ["3.78350", "-1.63600", "-2.11120"], ["-4.95430", "-2.00710", "1.38140"], ["-5.43530", "-1.84630", "3.08750"], ["-5.74700", "-0.53380", "1.92630"], ["-3.78010", "0.00500", "3.36980"], ["-2.97950", "-1.48910", "2.82890"], ["-3.39560", "2.15190", "0.11830"], ["-1.88720", "3.09780", "0.15860"], ["-3.04780", "1.72830", "-2.32170"], ["-3.12140", "3.47350", "-1.97930"], ["-1.56190", "2.66980", "-2.27980"], ["1.42530", "-0.34910", "1.08170"], ["0.80690", "-0.30160", "-0.58610"], ["3.95060", "-0.54580", "1.11420"], ["5.90450", "0.64460", "0.20030"], ["5.16820", "-1.09290", "-3.66970"], ["3.20370", "-2.28180", "-2.76740"]], "bond_dist": [[0.0, 1.514950233506038, 2.381326850728392, 3.8923937891739575, 4.951981087403303, 4.794220178506615, 5.123653949087506, 6.119369011589349, 4.578799587228076, 6.29652579840661, 7.494469435523771, 8.97027975204787, 9.50137767063282, 10.764776675807074, 11.476925318220033, 13.0752568651633, 11.056592146317056, 9.830630927870295, 1.095047802609548, 1.0935389796436157, 1.0950585463800553, 2.1493926677087183, 2.1498058005317597, 4.37062037129742, 5.796406211610777, 5.8165073669686, 6.648515836636023, 6.940659311621626, 6.629673236291514, 6.559458371695029, 9.085257157064955, 11.294682366937108, 11.783785420228936, 9.680287880016792], [1.514950233506038, 0.0, 1.418521786931734, 2.6252608441829164, 3.482662768629774, 3.8396519646968006, 4.327085007253729, 5.557907628775419, 3.541441631595811, 5.153248821859857, 6.4984636438161285, 7.875947702975179, 8.259904489157243, 9.504344059954901, 10.309349605576484, 11.883694470155314, 10.019200805453497, 8.84719713638167, 2.1588171159225134, 2.161950848192437, 2.1597106773825048, 1.0941454245208908, 1.0938378810408793, 3.755508277184328, 4.832175116859902, 5.47387045334469, 6.1801408835074305, 6.254552880102621, 5.325058184658643, 5.486867731228811, 7.768014577741214, 9.961300124983687, 10.8204280904223, 8.837915177800701], [2.381326850728392, 1.418521786931734, 0.0, 1.6256715904511587, 2.9963235906690717, 2.4793469482910213, 2.972889601044748, 4.163546864153207, 3.006015204552366, 4.408161306032256, 5.923584351556075, 7.135855061588625, 7.56110825805318, 8.725627040505456, 9.428689061051912, 10.95331460517774, 9.1068307813421, 7.9977999656155445, 2.64478474360391, 3.3390333226848754, 2.635502656041158, 2.0545253101385734, 2.074588694175306, 2.516725551187495, 3.6004029413386496, 4.105505413466166, 4.850195960989618, 4.839929517048776, 4.667516308487845, 4.496052263931103, 7.19544688118813, 9.224975564195276, 9.856897113189323, 7.982879413469804], [3.8923937891739575, 2.6252608441829164, 1.6256715904511587, 0.0, 1.951368663272012, 1.6273838668242968, 2.63284850684577, 3.90982245249065, 2.1004398325112765, 3.028186846943233, 4.72263466827575, 5.73456659739862, 6.030089174299166, 7.156424138492632, 7.91367312251397, 9.414907171077152, 7.705821910737361, 6.672530953843526, 4.056444194118785, 4.742022211040348, 4.253816094990473, 3.026945775860545, 2.746953237679884, 2.7868707074423096, 2.9995491161172874, 4.099886020366908, 4.759469132161696, 4.249137772536918, 3.135739518837622, 3.1216155176446696, 5.6523282158770645, 7.618759849214306, 8.517448755349221, 6.809804100706569], [4.951981087403303, 3.482662768629774, 2.9963235906690717, 1.951368663272012, 0.0, 2.9790846798975013, 3.4578514571913, 4.909503609327525, 3.480428092921904, 3.8812558817990856, 5.586663774561702, 6.299088024468304, 6.153287713897344, 7.151857029471436, 8.141938374244797, 9.506732531211762, 8.266048493687899, 7.418372234526925, 5.450521782361759, 5.57967931246949, 5.247349865408252, 3.2480792062386654, 3.573770897805286, 3.6214155878606364, 3.166999602147117, 5.445079600887391, 5.537427267242433, 5.15903866723249, 3.388561587163497, 4.113677685478044, 5.522649295401619, 7.338968667326492, 9.18768865493384, 7.811556503668139], [4.794220178506615, 3.8396519646968006, 2.4793469482910213, 1.6273838668242968, 2.9790846798975013, 0.0, 1.419104686060898, 2.3805667182416874, 2.959926151105801, 3.31823398963967, 5.007390414177828, 5.705048111103007, 6.09744577015655, 7.039613642807395, 7.5731932525190455, 8.962189378159781, 7.277087209179233, 6.369980574538669, 4.788982314646819, 5.7979395460801415, 4.886409350433096, 4.2794189371922915, 4.1758522172126735, 2.0741982812643536, 2.058425915596673, 2.642573357543741, 3.3387223589271393, 2.6352072404272113, 3.6130441209594992, 2.8434934868924877, 5.9679216658733045, 7.570328973697246, 7.957416502232367, 6.443136869569046], [5.123653949087506, 4.327085007253729, 2.972889601044748, 2.63284850684577, 3.4578514571913, 1.419104686060898, 0.0, 1.5153321385095742, 4.328395722435739, 4.680887793998057, 6.387977691726858, 6.9407680064961115, 7.231753200296592, 8.038725443128408, 8.537894037173336, 9.787451199367485, 8.309280027776174, 7.531218362921102, 5.264838631905064, 6.14903498851649, 4.911463766536408, 4.552026303746498, 4.944351715847084, 1.0940183727890493, 1.0938304530410552, 2.1593049437261054, 2.1623038639377214, 2.1598950043925744, 4.850789837748075, 4.122265054554353, 7.100514256023996, 8.484127829069998, 8.933293300905328, 7.622640573318408], [6.119369011589349, 5.557907628775419, 4.163546864153207, 3.90982245249065, 4.909503609327525, 2.3805667182416874, 1.5153321385095742, 0.0, 5.223450715762522, 5.37192773127115, 6.8977462246736785, 7.2788671103407285, 7.701214508114937, 8.368852553367157, 8.632810716099364, 9.770466235037098, 8.27495248143456, 7.5991418633948395, 6.070219609701119, 7.1947314932525455, 5.812910960955794, 5.9080295513817465, 6.173991345960893, 2.1487271976684243, 2.1477509748571877, 1.0951449812696035, 1.0935654941520423, 1.095018419936395, 5.710186996938016, 4.574757765171834, 7.772615593865427, 8.895546104090517, 8.734467505807094, 7.5762506914700225], [4.578799587228076, 3.541441631595811, 3.006015204552366, 2.1004398325112765, 3.480428092921904, 2.959926151105801, 4.328395722435739, 5.223450715762522, 0.0, 1.8037196040404948, 2.974467848204112, 4.402093966511846, 4.996863678348649, 6.301748203474969, 6.990521684395236, 8.645819857595924, 6.5919394573979515, 5.357911341185108, 4.351013262448185, 5.271558972448283, 5.281949835051447, 4.26786182766031, 3.0302510919064116, 4.62712662999404, 4.8156051198162, 5.134770854673069, 6.243097786355745, 5.309422942279132, 2.3942529022640864, 2.396289667381638, 4.717104513364104, 6.942094416672823, 7.404666715659793, 5.369157891140844], [6.29652579840661, 5.153248821859857, 4.408161306032256, 3.028186846943233, 3.8812558817990856, 3.31823398963967, 4.680887793998057, 5.37192773127115, 1.8037196040404948, 0.0, 1.817302575247171, 2.745560922653147, 3.2672720379545988, 4.524682836398591, 5.208534839088627, 6.850328694303654, 4.910667785546075, 3.7833111014031084, 6.096225113953716, 7.026932745515642, 6.9027079287769375, 5.71859908456608, 4.707148598674149, 5.33215661247867, 4.93242251434323, 5.468350886693354, 6.416313282563437, 5.091503472452906, 1.092850625657505, 1.0937042470430478, 3.1374529956638395, 5.203631295547369, 5.791658261672558, 4.0334108258395895], [7.494469435523771, 6.4984636438161285, 5.923584351556075, 4.72263466827575, 5.586663774561702, 5.007390414177828, 6.387977691726858, 6.8977462246736785, 2.974467848204112, 1.817302575247171, 0.0, 1.7816488851622811, 2.77844887662163, 4.077461587801901, 4.57738848689949, 6.297280404269767, 4.059183943848812, 2.751141668471473, 7.1282346040236355, 8.12277654130655, 8.222564771408006, 7.162809286865036, 5.862869200314808, 7.033699239376105, 6.701227261479795, 6.847429622128292, 7.971701822697585, 6.51772834966294, 2.416637180049997, 2.413819257939583, 2.9398140910608617, 4.9331972685065, 4.905410925702351, 2.8887475140621066], [8.97027975204787, 7.875947702975179, 7.135855061588625, 5.73456659739862, 6.299088024468304, 5.705048111103007, 6.9407680064961115, 7.2788671103407285, 4.402093966511846, 2.745560922653147, 1.7816488851622811, 0.0, 1.3992476942986183, 2.4256164968931095, 2.7959417644149887, 4.515854951169269, 2.4259780089687544, 1.3988974908834462, 8.662885499647333, 9.666399524642047, 9.602248414303808, 8.43695942090514, 7.342335631800007, 7.773208310601229, 7.068897417560959, 7.384304936823777, 8.293115306083715, 6.656430619333458, 2.9465066587401427, 2.871980929602423, 2.167409352199072, 3.40799479753124, 3.4078346262692976, 2.164538479676441], [9.50137767063282, 8.259904489157243, 7.56110825805318, 6.030089174299166, 6.153287713897344, 6.09744577015655, 7.231753200296592, 7.701214508114937, 4.996863678348649, 3.2672720379545988, 2.77844887662163, 1.3992476942986183, 0.0, 1.397863984799666, 2.415096470122881, 3.997794528236788, 2.7927011744903893, 2.4164689445552576, 9.341741247219385, 10.164208406954275, 10.11622645752852, 8.659856973414746, 7.734569832899564, 8.094661931791839, 7.1497971418775235, 7.989625960581633, 8.64707773239029, 7.050044167237536, 2.9681205534816133, 3.4676979236951997, 1.0875228227490217, 2.1548053021096822, 3.879458708376724, 3.4075789469944784], [10.764776675807074, 9.504344059954901, 8.725627040505456, 7.156424138492632, 7.151857029471436, 7.039613642807395, 8.038725443128408, 8.368852553367157, 6.301748203474969, 4.524682836398591, 4.077461587801901, 2.4256164968931095, 1.397863984799666, 0.0, 1.393469612155213, 2.6987034238685808, 2.417687301947876, 2.791612759678534, 10.619152868755586, 11.463629638993051, 11.321803120528108, 9.859716679499467, 9.03946773543664, 8.981714359185556, 7.853577776402294, 8.73345185994633, 9.240312334006898, 7.590210363356209, 4.190912700116766, 4.514667949030139, 2.1467974590072534, 1.0869327900104953, 3.404697747231023, 3.879543736059693], [11.476925318220033, 10.309349605576484, 9.428689061051912, 7.91367312251397, 8.141938374244797, 7.5731932525190455, 8.537894037173336, 8.632810716099364, 6.990521684395236, 5.208534839088627, 4.57738848689949, 2.7959417644149887, 2.415096470122881, 1.393469612155213, 0.0, 1.719919814991385, 1.393148308687916, 2.4142204207569775, 11.228519705197119, 12.234628886075784, 11.998243482276896, 10.755064061176018, 9.884679139962005, 9.528947876339759, 8.436102482189273, 8.915537060099071, 9.492266908910642, 7.759049263924028, 5.117239656299088, 4.997104918850514, 3.3937267258870443, 2.1581920419647553, 2.1584493762884502, 3.3951015831636027], [13.0752568651633, 11.883694470155314, 10.95331460517774, 9.414907171077152, 9.506732531211762, 8.962189378159781, 9.787451199367485, 9.770466235037098, 8.645819857595924, 6.850328694303654, 6.297280404269767, 4.515854951169269, 3.997794528236788, 2.6987034238685808, 1.719919814991385, 0.0, 2.698565819097248, 3.9972383379028074, 12.852719348838205, 13.85656858857921, 13.54604322634473, 12.278069654876536, 11.505631390323611, 10.824715677559388, 9.586235658484512, 10.12560166212359, 10.530598925987068, 8.813016646415686, 6.685817365887285, 6.557124412423483, 4.8454306826122275, 2.8537530727096905, 2.8547338615009283, 4.8480865761659], [11.056592146317056, 10.019200805453497, 9.1068307813421, 7.705821910737361, 8.266048493687899, 7.277087209179233, 8.309280027776174, 8.27495248143456, 6.5919394573979515, 4.910667785546075, 4.059183943848812, 2.4259780089687544, 2.7927011744903893, 2.417687301947876, 1.393148308687916, 2.698565819097248, 0.0, 1.3977572786431838, 10.685679168868957, 11.839108615516626, 11.584211459136956, 10.591054860116627, 9.594699795720551, 9.27405586677156, 8.383374469746654, 8.394358337597936, 9.18761395684429, 7.419471310679757, 5.115853009029872, 4.618006708526959, 3.879915532585729, 3.404350005507659, 1.0867843116276568, 2.149560673719167], [9.830630927870295, 8.84719713638167, 7.9977999656155445, 6.672530953843526, 7.418372234526925, 6.369980574538669, 7.531218362921102, 7.5991418633948395, 5.357911341185108, 3.7833111014031084, 2.751141668471473, 1.3988974908834462, 2.4164689445552576, 2.791612759678534, 2.4142204207569775, 3.9972383379028074, 1.3977572786431838, 0.0, 9.417277675103351, 10.585697011534005, 10.408971195079753, 9.48379074842966, 8.376415499484251, 8.417739213708156, 7.72772236626032, 7.617708607580104, 8.590810897115592, 6.865977043363894, 4.172748406026896, 3.6009305644513616, 3.408762768219578, 3.8785061054483334, 2.154361610779397, 1.0880368192299377], [1.095047802609548, 2.1588171159225134, 2.64478474360391, 4.056444194118785, 5.450521782361759, 4.788982314646819, 5.264838631905064, 6.070219609701119, 4.351013262448185, 6.096225113953716, 7.1282346040236355, 8.662885499647333, 9.341741247219385, 10.619152868755586, 11.228519705197119, 12.852719348838205, 10.685679168868957, 9.417277675103351, 0.0, 1.779886190181833, 1.759517601503321, 3.062846161660752, 2.502681619783068, 4.617602007535946, 6.079666624083922, 5.594721174464372, 6.68511804383438, 6.840040702364277, 6.598339203920937, 6.32227901472246, 9.027958658522977, 11.240108875807207, 11.349642245463068, 9.156471237873244], [1.0935389796436157, 2.161950848192437, 3.3390333226848754, 4.742022211040348, 5.57967931246949, 5.7979395460801415, 6.14903498851649, 7.1947314932525455, 5.271558972448283, 7.026932745515642, 8.12277654130655, 9.666399524642047, 10.164208406954275, 11.463629638993051, 12.234628886075784, 13.85656858857921, 11.839108615516626, 10.585697011534005, 1.779886190181833, 0.0, 1.7799434204490883, 2.499338316434972, 2.495079044840063, 5.381647328653188, 6.75363558611212, 6.909223259527804, 7.702393620816843, 8.01288313030959, 7.302922280840732, 7.4058420108722265, 9.678860054262588, 11.96376072520677, 12.596093666291942, 10.44518239476937], [1.0950585463800553, 2.1597106773825048, 2.635502656041158, 4.253816094990473, 5.247349865408252, 4.886409350433096, 4.911463766536408, 5.812910960955794, 5.281949835051447, 6.9027079287769375, 8.222564771408006, 9.602248414303808, 10.11622645752852, 11.321803120528108, 11.998243482276896, 13.54604322634473, 11.584211459136956, 10.408971195079753, 1.759517601503321, 1.7799434204490883, 0.0, 2.4985382326472414, 3.0637136125950155, 4.001366072980576, 5.586710829280499, 5.517996108190001, 6.18109537299013, 6.743099597366184, 7.224219718419422, 7.022796865209757, 9.731551580811768, 11.837447140747871, 12.278819155358546, 10.25677113813114], [2.1493926677087183, 1.0941454245208908, 2.0545253101385734, 3.026945775860545, 3.2480792062386654, 4.2794189371922915, 4.552026303746498, 5.9080295513817465, 4.26786182766031, 5.71859908456608, 7.162809286865036, 8.43695942090514, 8.659856973414746, 9.859716679499467, 10.755064061176018, 12.278069654876536, 10.591054860116627, 9.48379074842966, 3.062846161660752, 2.499338316434972, 2.4985382326472414, 0.0, 1.779288616273369, 3.9152614357153723, 4.843582113477586, 5.991593980736678, 6.409153512750338, 6.628691457595534, 5.697102560073849, 6.06495815072124, 8.07185446412409, 10.210107520001932, 11.438182440842601, 9.574348046734045], [2.1498058005317597, 1.0938378810408793, 2.074588694175306, 2.746953237679884, 3.573770897805286, 4.1758522172126735, 4.944351715847084, 6.173991345960893, 3.0302510919064116, 4.707148598674149, 5.862869200314808, 7.342335631800007, 7.734569832899564, 9.03946773543664, 9.884679139962005, 11.505631390323611, 9.594699795720551, 8.376415499484251, 2.502681619783068, 2.495079044840063, 3.0637136125950155, 1.779288616273369, 0.0, 4.558220329251319, 5.418788885904303, 6.073302891343392, 6.911318369891522, 6.738312448974149, 4.873866112235747, 5.235380235474783, 7.20113164648446, 9.507243009937213, 10.429467469147214, 8.377285313274221], [4.37062037129742, 3.755508277184328, 2.516725551187495, 2.7868707074423096, 3.6214155878606364, 2.0741982812643536, 1.0940183727890493, 2.1487271976684243, 4.62712662999404, 5.33215661247867, 7.033699239376105, 7.773208310601229, 8.094661931791839, 8.981714359185556, 9.528947876339759, 10.824715677559388, 9.27405586677156, 8.417739213708156, 4.617602007535946, 5.381647328653188, 4.001366072980576, 3.9152614357153723, 4.558220329251319, 0.0, 1.780904674596594, 2.5008002319257727, 2.4943411875683728, 3.0629331873222436, 5.515815204482471, 4.91699581655303, 7.888983238668972, 9.421811784365044, 9.910415807623815, 8.457879206396838], [5.796406211610777, 4.832175116859902, 3.6004029413386496, 2.9995491161172874, 3.166999602147117, 2.058425915596673, 1.0938304530410552, 2.1477509748571877, 4.8156051198162, 4.93242251434323, 6.701227261479795, 7.068897417560959, 7.1497971418775235, 7.853577776402294, 8.436102482189273, 9.586235658484512, 8.383374469746654, 7.72772236626032, 6.079666624083922, 6.75363558611212, 5.586710829280499, 4.843582113477586, 5.418788885904303, 1.780904674596594, 0.0, 3.0617659446796384, 2.4970015098113176, 2.4969578791000857, 4.868869424209279, 4.400985487365301, 6.9475823967765935, 8.16887495436183, 9.055192794192733, 7.963594349915118], [5.8165073669686, 5.47387045334469, 4.105505413466166, 4.099886020366908, 5.445079600887391, 2.642573357543741, 2.1593049437261054, 1.0951449812696035, 5.134770854673069, 5.468350886693354, 6.847429622128292, 7.384304936823777, 7.989625960581633, 8.73345185994633, 8.915537060099071, 10.12560166212359, 8.394358337597936, 7.617708607580104, 5.594721174464372, 6.909223259527804, 5.517996108190001, 5.991593980736678, 6.073302891343392, 2.5008002319257727, 3.0617659446796384, 0.0, 1.779993752798026, 1.7595671825764425, 5.992273853054448, 4.689511004358557, 8.121240187311296, 9.363683301991797, 8.790843499915123, 7.4404840400339545], [6.648515836636023, 6.1801408835074305, 4.850195960989618, 4.759469132161696, 5.537427267242433, 3.3387223589271393, 2.1623038639377214, 1.0935654941520423, 6.243097786355745, 6.416313282563437, 7.971701822697585, 8.293115306083715, 8.64707773239029, 9.240312334006898, 9.492266908910642, 10.530598925987068, 9.18761395684429, 8.590810897115592, 6.68511804383438, 7.702393620816843, 6.18109537299013, 6.409153512750338, 6.911318369891522, 2.4943411875683728, 2.4970015098113176, 1.779993752798026, 0.0, 1.7799646597615357, 6.682400216239671, 5.623515549902925, 8.702740875149622, 9.706709132347585, 9.613892514481321, 8.587867588057003], [6.940659311621626, 6.254552880102621, 4.839929517048776, 4.249137772536918, 5.15903866723249, 2.6352072404272113, 2.1598950043925744, 1.095018419936395, 5.309422942279132, 5.091503472452906, 6.51772834966294, 6.656430619333458, 7.050044167237536, 7.590210363356209, 7.759049263924028, 8.813016646415686, 7.419471310679757, 6.865977043363894, 6.840040702364277, 8.01288313030959, 6.743099597366184, 6.628691457595534, 6.738312448974149, 3.0629331873222436, 2.4969578791000857, 1.7595671825764425, 1.7799646597615357, 0.0, 5.416345936145512, 4.160414773793594, 7.22820694294235, 8.124005170480876, 7.834792869629675, 6.889632768152451], [6.629673236291514, 5.325058184658643, 4.667516308487845, 3.135739518837622, 3.388561587163497, 3.6130441209594992, 4.850789837748075, 5.710186996938016, 2.3942529022640864, 1.092850625657505, 2.416637180049997, 2.9465066587401427, 2.9681205534816133, 4.190912700116766, 5.117239656299088, 6.685817365887285, 5.115853009029872, 4.172748406026896, 6.598339203920937, 7.302922280840732, 7.224219718419422, 5.697102560073849, 4.873866112235747, 5.515815204482471, 4.868869424209279, 5.992273853054448, 6.682400216239671, 5.416345936145512, 0.0, 1.7793908086758232, 2.5331575612266994, 4.671995108088192, 6.094123465273738, 4.6597861174092525], [6.559458371695029, 5.486867731228811, 4.496052263931103, 3.1216155176446696, 4.113677685478044, 2.8434934868924877, 4.122265054554353, 4.574757765171834, 2.396289667381638, 1.0937042470430478, 2.413819257939583, 2.871980929602423, 3.4676979236951997, 4.514667949030139, 4.997104918850514, 6.557124412423483, 4.618006708526959, 3.6009305644513616, 6.32227901472246, 7.4058420108722265, 7.022796865209757, 6.06495815072124, 5.235380235474783, 4.91699581655303, 4.400985487365301, 4.689511004358557, 5.623515549902925, 4.160414773793594, 1.7793908086758232, 0.0, 3.5823879493991155, 5.243972269186785, 5.399600201866801, 3.797882564008529], [9.085257157064955, 7.768014577741214, 7.19544688118813, 5.6523282158770645, 5.522649295401619, 5.9679216658733045, 7.100514256023996, 7.772615593865427, 4.717104513364104, 3.1374529956638395, 2.9398140910608617, 2.167409352199072, 1.0875228227490217, 2.1467974590072534, 3.3937267258870443, 4.8454306826122275, 3.879915532585729, 3.408762768219578, 9.027958658522977, 9.678860054262588, 9.731551580811768, 8.07185446412409, 7.20113164648446, 7.888983238668972, 6.9475823967765935, 8.121240187311296, 8.702740875149622, 7.22820694294235, 2.5331575612266994, 3.5823879493991155, 0.0, 2.4637350872202144, 4.966645485637162, 4.317218337077707], [11.294682366937108, 9.961300124983687, 9.224975564195276, 7.618759849214306, 7.338968667326492, 7.570328973697246, 8.484127829069998, 8.895546104090517, 6.942094416672823, 5.203631295547369, 4.9331972685065, 3.40799479753124, 2.1548053021096822, 1.0869327900104953, 2.1581920419647553, 2.8537530727096905, 3.404350005507659, 3.8785061054483334, 11.240108875807207, 11.96376072520677, 11.837447140747871, 10.210107520001932, 9.507243009937213, 9.421811784365044, 8.16887495436183, 9.363683301991797, 9.706709132347585, 8.124005170480876, 4.671995108088192, 5.243972269186785, 2.4637350872202144, 0.0, 4.30557126755556, 4.9