{"total energy": -20.89274159, "HOMO-LUMO gap/eV": 11.77932993, "electronic energy": -21.14519936, "dipole": [-0.41891798, 0.19063569, 0.53136133], "partial charges": [-0.09902323, -0.0584738, 0.1500012, -0.11566382, -0.11713009, -0.45285581, 0.04955715, 0.0327926, 0.03065679, 0.0442616, 0.03085917, 0.02955607, 0.04760578, 0.03587138, 0.03167492, 0.03511406, 0.0435175, 0.28167854], "atomic dipole moments": [[-0.03936145, 0.10520256, 0.0223745], [-0.08100925, -0.08274976, -0.00303584], [-0.05112372, -0.03929759, -0.12446892], [0.0388845, 0.06546437, -0.0663208], [0.02898486, -0.09505625, -0.0072649], [-0.06661581, 0.0773141, 0.20978784], [-0.0396186, -0.0515957, -0.11258538], [-0.0253564, -0.08011029, 0.09301676], [0.12326714, 0.00695435, -0.00624482], [0.04975482, 0.07151012, -0.08952426], [0.049816, 0.04202704, 0.1059998], [-0.12443673, 0.00535045, 0.00302705], [0.01553839, -0.12604277, -0.02376727], [0.04247268, 0.02679252, 0.11925083], [-0.12391007, 0.01416439, -0.00881343], [0.03755783, 0.04871439, 0.11329691], [0.04002477, 0.07821507, -0.09355046], [-0.07766058, 0.00568345, 0.00660579]], "atomic quadrupole moments": [[-0.05259087, -0.11300834, 0.18231609, -0.03166062, 0.04248763, -0.12972522], [0.14211399, -0.10791261, 0.06959488, -0.01271118, 0.05055698, -0.21170887], [-0.08799294, 0.04345296, -0.08319713, 0.10614997, 0.10574257, 0.17119006], [-0.05071838, 0.05932465, -0.0112289, -0.08699477, -0.13976706, 0.06194728], [-0.07101581, -0.08722738, 0.18084335, -0.01633779, 0.05800697, -0.10982754], [-0.03869051, 0.01431707, -0.08408351, 0.04811755, 0.08255047, 0.12277402], [-0.02471268, 0.0066573, -0.02015362, 0.04618897, 0.0289949, 0.0448663], [-0.03552087, 0.01563797, 0.00429144, -0.03884885, -0.04830845, 0.03122943], [0.08186393, 0.01508021, -0.02523301, -0.00615802, 0.00090424, -0.05663092], [-0.02009081, -0.00579296, 0.00755735, -0.0269639, -0.04381727, 0.01253346], [-0.02435198, -0.01015683, -0.02302768, 0.02500748, 0.02983007, 0.04737966], [0.08154152, -0.02715117, -0.03287319, 0.00390874, -0.01225436, -0.04866833], [-0.02877097, -0.03624085, 0.06215148, -0.01905917, 0.02710135, -0.03338051], [-0.02301645, 0.02225256, -0.03342994, 0.04288929, 0.0271397, 0.05644639], [0.08706786, 0.00831746, -0.03286239, 0.00136086, -0.00091779, -0.05420547], [-0.0322204, 0.00564502, -0.0265282, 0.04220651, 0.03290623, 0.0587486], [-0.01694162, 0.02218937, -0.00431001, -0.04719332, -0.04606231, 0.02125163], [0.1410934, -0.00618888, -0.08759511, 0.01086634, 0.01310916, -0.05349829]], "number of molecular orbitals": 36, "number of electrons": 38, "number of unpaired electrons": 0, "orbital energies/eV": [-18.40025691, -17.12608545, -16.47026369, -16.20598199, -15.80127942, -15.20343896, -14.56159905, -14.11661887, -13.7910298, -13.30561724, -13.15732797, -12.89333249, -12.64308967, -12.33761275, -12.29285556, -12.01180549, -11.59431936, -11.48672778, -10.9250407, 0.85428923, 1.77815658, 2.42075609, 2.5736034, 3.76862315, 4.00732631, 4.54707974, 5.05046583, 5.13581047, 5.33650024, 5.8068879, 5.91922527, 6.33027896, 6.62294459, 7.19162949, 7.42849949, 7.97540597], "fractional occupation": [2.0, 2.0, 2.0, 2.0, 2.0, 2.0, 2.0, 2.0, 2.0, 2.0, 2.0, 2.0, 2.0, 2.0, 2.0, 2.0, 2.0, 2.0, 2.0, 0.0, 0.0, 0.0, 0.0, 0.0, 0.0, 0.0, 0.0, 0.0, 0.0, 0.0, 0.0, 0.0, 0.0, 0.0, 0.0, 0.0], "program call": "xtb /home/svss/Project-DBcg-Debug/aqme2_20220329/End-to-End-workflows-final/example-3/QDESCP/mol_999_rdkit_conf_2/mol_999_rdkit_conf_2.xyz --pop --wbo --acc 0.2 --gfn 2 --chrg 0 --uhf 0 --etemp 300 --input /home/svss/Project-DBcg-Debug/aqme2_20220329/End-to-End-workflows-final/example-3/QDESCP/mol_999_rdkit_conf_2/mol_999_rdkit_conf_2_xtb.inp", "method": "GFN2-xTB", "xtb version": "6.3.3 (7355c4f)", "Dipole module/D": 1.787, "Total charge": 0, "Transition dipole module/D": NaN, "HOMO": -10.925, "LUMO": 0.8543, "HOMO occupancy": 2.0, "LUMO occupancy": 0, "mulliken charges": [-0.07717, -0.05015, 0.25103, -0.11561, -0.11477, -0.57027, 0.04147, 0.02193, 0.02477, 0.03604, 0.01889, 0.02776, 0.04216, 0.03081, 0.02848, 0.02961, 0.04072, 0.33429], "cm5 charges": [-0.2266, -0.15525, 0.23953, -0.25968, -0.25879, -0.77666, 0.09538, 0.07408, 0.07562, 0.09349, 0.07451, 0.08133, 0.09657, 0.08318, 0.08218, 0.08188, 0.09452, 0.50471], "FUKUI+": [0.021, 0.016, -0.064, 0.039, 0.035, -0.169, -0.033, -0.038, -0.059, -0.059, -0.111, -0.054, -0.065, -0.104, -0.057, -0.101, -0.066, -0.13], "FUKUI-": [0.018, 0.013, -0.023, 0.003, 0.011, -0.126, -0.069, -0.103, -0.08, -0.114, -0.077, -0.064, -0.067, -0.066, -0.06, -0.066, -0.066, -0.065], "FUKUIrad": [0.02, 0.014, -0.044, 0.021, 0.023, -0.148, -0.051, -0.07, -0.07, -0.086, -0.094, -0.059, -0.066, -0.085, -0.059, -0.084, -0.066, -0.097], "s proportion": [1.005, 1.033, 1.044, 1.022, 1.024, 1.7, 0.959, 0.978, 0.975, 0.964, 0.981, 0.972, 0.958, 0.969, 0.972, 0.97, 0.959, 0.666], "p proportion": [3.072, 3.017, 2.705, 3.093, 3.091, 4.87, 0.0, 0.0, 0.0, 0.0, 0.0, 0.0, 0.0, 0.0, 0.0, 0.0, 0.0, 0.0], "d proportion": [0.0, 0.0, 0.0, 0.0, 0.0, 0.0, 0.0, 0.0, 0.0, 0.0, 0.0, 0.0, 0.0, 0.0, 0.0, 0.0, 0.0, 0.0], "Fermi-level/eV": -5.0354, "Coordination numbers": [3.748, 3.801, 3.772, 3.752, 3.753, 1.653, 0.924, 0.924, 0.924, 0.924, 0.924, 0.924, 0.924, 0.924, 0.924, 0.924, 0.924, 0.804], "Dispersion coefficient C6": [22.458, 21.626, 18.201, 22.775, 22.802, 21.903, 2.326, 2.547, 2.577, 2.393, 2.574, 2.593, 2.35, 2.505, 2.563, 2.515, 2.403, 0.779], "Total dispersion C6": 2116.686565, "Total dispersion C8": 43586.064696, "Polarizability alpha": [6.759, 6.621, 6.079, 6.806, 6.809, 6.318, 2.385, 2.496, 2.511, 2.419, 2.509, 2.518, 2.397, 2.475, 2.504, 2.48, 2.424, 1.386], "Total polarizability alpha": 67.896222, "Wiberg matrix": [[0.0, 1.0199909213290197, 0.0, 0.0, 0.0, 0.0, 0.9864115288000426, 0.9864918884118006, 0.9869956267288141, 0.0, 0.0, 0.0, 0.0, 0.0, 0.0, 0.0, 0.0, 0.0], [1.0199909213290197, 0.0, 0.9809032835654892, 0.0, 0.0, 0.0, 0.0, 0.0, 0.0, 0.9756947737928219, 0.9770803714877282, 0.0, 0.0, 0.0, 0.0, 0.0, 0.0, 0.0], [0.0, 0.9809032835654892, 0.0, 0.9925658188588431, 0.9906703307434439, 0.9708982327224687, 0.0, 0.0, 0.0, 0.0, 0.0, 0.0, 0.0, 0.0, 0.0, 0.0, 0.0, 0.0], [0.0, 0.0, 0.9925658188588431, 0.0, 0.0, 0.0, 0.0, 0.0, 0.0, 0.0, 0.0, 0.9840724989887117, 0.9827968981877352, 0.9857339989420145, 0.0, 0.0, 0.0, 0.0], [0.0, 0.0, 0.9906703307434439, 0.0, 0.0, 0.0, 0.0, 0.0, 0.0, 0.0, 0.0, 0.0, 0.0, 0.0, 0.9840199289129089, 0.9858972677679936, 0.9850892805334994, 0.0], [0.0, 0.0, 0.9708982327224687, 0.0, 0.0, 0.0, 0.0, 0.0, 0.0, 0.0, 0.0, 0.0, 0.0, 0.0, 0.0, 0.0, 0.0, 0.9019441865332491], [0.9864115288000426, 0.0, 0.0, 0.0, 0.0, 0.0, 0.0, 0.0, 0.0, 0.0, 0.0, 0.0, 0.0, 0.0, 0.0, 0.0, 0.0, 0.0], [0.9864918884118006, 0.0, 0.0, 0.0, 0.0, 0.0, 0.0, 0.0, 0.0, 0.0, 0.0, 0.0, 0.0, 0.0, 0.0, 0.0, 0.0, 0.0], [0.9869956267288141, 0.0, 0.0, 0.0, 0.0, 0.0, 0.0, 0.0, 0.0, 0.0, 0.0, 0.0, 0.0, 0.0, 0.0, 0.0, 0.0, 0.0], [0.0, 0.9756947737928219, 0.0, 0.0, 0.0, 0.0, 0.0, 0.0, 0.0, 0.0, 0.0, 0.0, 0.0, 0.0, 0.0, 0.0, 0.0, 0.0], [0.0, 0.9770803714877282, 0.0, 0.0, 0.0, 0.0, 0.0, 0.0, 0.0, 0.0, 0.0, 0.0, 0.0, 0.0, 0.0, 0.0, 0.0, 0.0], [0.0, 0.0, 0.0, 0.9840724989887117, 0.0, 0.0, 0.0, 0.0, 0.0, 0.0, 0.0, 0.0, 0.0, 0.0, 0.0, 0.0, 0.0, 0.0], [0.0, 0.0, 0.0, 0.9827968981877352, 0.0, 0.0, 0.0, 0.0, 0.0, 0.0, 0.0, 0.0, 0.0, 0.0, 0.0, 0.0, 0.0, 0.0], [0.0, 0.0, 0.0, 0.9857339989420145, 0.0, 0.0, 0.0, 0.0, 0.0, 0.0, 0.0, 0.0, 0.0, 0.0, 0.0, 0.0, 0.0, 0.0], [0.0, 0.0, 0.0, 0.0, 0.9840199289129089, 0.0, 0.0, 0.0, 0.0, 0.0, 0.0, 0.0, 0.0, 0.0, 0.0, 0.0, 0.0, 0.0], [0.0, 0.0, 0.0, 0.0, 0.9858972677679936, 0.0, 0.0, 0.0, 0.0, 0.0, 0.0, 0.0, 0.0, 0.0, 0.0, 0.0, 0.0, 0.0], [0.0, 0.0, 0.0, 0.0, 0.9850892805334994, 0.0, 0.0, 0.0, 0.0, 0.0, 0.0, 0.0, 0.0, 0.0, 0.0, 0.0, 0.0, 0.0], [0.0, 0.0, 0.0, 0.0, 0.0, 0.9019441865332491, 0.0, 0.0, 0.0, 0.0, 0.0, 0.0, 0.0, 0.0, 0.0, 0.0, 0.0, 0.0]], "Born radii": [], "Atomic SASAs": [], "Solvent H bonds": [], "Total SASA": NaN, "Total FOD": 0.0, "FOD": [0.0, 0.0, 0.0, 0.0, 0.0, 0.0, 0.0, 0.0, 0.0, 0.0, 0.0, 0.0, 0.0, 0.0, 0.0, 0.0, 0.0, 0.0], "FOD s proportion": [0.0, 0.0, 0.0, 0.0, 0.0, 0.0, 0.0, 0.0, 0.0, 0.0, 0.0, 0.0, 0.0, 0.0, 0.0, 0.0, 0.0, 0.0], "FOD p proportion": [0.0, 0.0, 0.0, 0.0, 0.0, 0.0, 0.0, 0.0, 0.0, 0.0, 0.0, 0.0, 0.0, 0.0, 0.0, 0.0, 0.0, 0.0], "FOD d proportion": [0.0, 0.0, 0.0, 0.0, 0.0, 0.0, 0.0, 0.0, 0.0, 0.0, 0.0, 0.0, 0.0, 0.0, 0.0, 0.0, 0.0, 0.0], "coordinates": [["1.72500", "-1.20420", "-0.38170"], ["1.13680", "0.17930", "-0.12790"], ["-0.40300", "0.23210", "-0.13680"], ["-1.02330", "-0.67410", "0.92890"], ["-0.86970", "1.67700", "0.06770"], ["-0.86040", "-0.19990", "-1.42020"], ["1.36710", "-1.62510", "-1.32620"], ["1.47700", "-1.89930", "0.42560"], ["2.81680", "-1.14020", "-0.43630"], ["1.52110", "0.84390", "-0.91270"], ["1.51960", "0.55660", "0.82820"], ["-2.11470", "-0.57050", "0.93940"], ["-0.82580", "-1.73080", "0.72010"], ["-0.64710", "-0.43510", "1.92880"], ["-1.96230", "1.74750", "0.01580"], ["-0.54320", "2.07300", "1.03480"], ["-0.48170", "2.32770", "-0.72430"], ["-1.83200", "-0.15790", "-1.42300"]], "bond_dist": [[0.0, 1.524619929687396, 2.5790148700618225, 3.0906037047800226, 3.9032988471291814, 2.96165391293446, 1.0942255114920325, 1.0938013073680246, 1.095036255107565, 2.1256175149824106, 2.146267413441298, 4.109766050519178, 2.828047283904567, 3.3995269479737913, 4.7399072174463495, 4.229804171589981, 4.178662137574657, 3.851142477239709], [1.524619929687396, 0.0, 1.5407307000251538, 2.5516954775207794, 2.5114551359719726, 2.4088669058293775, 2.1782608521478783, 2.1777686401452288, 2.158376892481941, 1.0978573176875035, 1.0968219272060529, 3.5033671774451505, 2.866946942306397, 2.791021579995397, 3.476251104278861, 2.785744241670437, 2.755151133785586, 3.2564952464267467], [2.5790148700618225, 1.5407307000251538, 0.0, 1.5302571744644753, 1.5321113373381194, 1.42931953040599, 2.8279176455476915, 2.8971640823398324, 3.5128364009728665, 2.1629796254241507, 2.1755266052153903, 2.1753827456335126, 2.183120211990169, 2.1843635251486875, 2.1797110840659597, 2.1865990510379354, 2.177817554341961, 1.9617470377191857], [3.0906037047800226, 2.5516954775207794, 1.5302571744644753, 0.0, 2.5085712288073467, 2.402014333845658, 3.421094732684262, 2.8294745130500827, 4.102119971429408, 3.4885220251562123, 2.8268539739434724, 1.0963563152552185, 1.0950883891266494, 1.0947362467736237, 2.7531108168760663, 2.7907470738137485, 3.469467400048601, 2.54005742848464], [3.9032988471291814, 2.5114551359719726, 1.5321113373381194, 2.5085712288073467, 0.0, 2.3951380983150012, 4.224937379417594, 4.292436952361677, 4.66700268802151, 2.7149888415976964, 2.7463450074599147, 2.7131424842790697, 3.4699645257552705, 2.8238644407973976, 1.096101555513904, 1.0948518895266153, 1.0960011359483164, 2.552462691206279], [2.96165391293446, 2.4088669058293775, 1.42931953040599, 2.402014333845658, 2.3951380983150012, 0.0, 2.646089055568614, 3.4290489585306303, 3.9209722187233105, 2.6492672458625233, 3.360356351638915, 2.6978370984920494, 2.631679323169903, 3.3640179740899128, 2.6586926053983753, 3.360612332596546, 2.648858671201618, 0.9725113881081291], [1.0942255114920325, 2.1782608521478783, 2.8279176455476915, 3.421094732684262, 4.224937379417594, 2.646089055568614, 0.0, 1.7765322653979578, 1.7688075389934317, 2.5081186674477745, 3.069936562862497, 4.285796980725988, 3.0012208499209114, 4.00850678432755, 4.925474507090662, 4.785343321016789, 4.405107591194566, 3.5208361066655747], [1.0938013073680246, 2.1777686401452288, 2.8971640823398324, 2.8294745130500827, 4.292436952361677, 3.4290489585306303, 1.7765322653979578, 0.0, 1.7647006715021105, 3.052562520244262, 2.489045264755143, 3.863936952125384, 2.327661990066427, 2.9858487386336234, 5.029500051694999, 4.497943971416273, 4.798573194190123, 4.171244049441365], [1.095036255107565, 2.158376892481941, 3.5128364009728665, 4.102119971429408, 4.66700268802151, 3.9209722187233105, 1.7688075389934317, 1.7647006715021105, 0.0, 2.417115690239092, 2.4820995809999244, 5.151388242988486, 3.8671183173003643, 4.253171432002242, 5.6020534190598354, 4.876308998617704, 4.794723835634333, 4.852816874764594], [2.1256175149824106, 1.0978573176875035, 2.1629796254241507, 3.4885220251562123, 2.7149888415976964, 2.6492672458625233, 2.5081186674477745, 3.052562520244262, 2.417115690239092, 0.0, 1.7644478881508514, 4.318546446433105, 3.847473916740697, 3.7961894697182856, 3.71654150656225, 3.0926974552969124, 2.4996729466072156, 3.536564567486362], [2.146267413441298, 1.0968219272060529, 2.1755266052153903, 2.8268539739434724, 2.7463450074599147, 3.360356351638915, 3.069936562862497, 2.489045264755143, 2.4820995809999244, 1.7644478881508514, 0.0, 3.8066857422172373, 3.277923966476343, 2.6247624921123816, 3.7685360791692046, 2.568520266612666, 3.0906719576816952, 4.100199293936821], [4.109766050519178, 3.5033671774451505, 2.1753827456335126, 1.0963563152552185, 2.7131424842790697, 2.6978370984920494, 4.285796980725988, 3.863936952125384, 5.151388242988486, 4.318546446433105, 3.8066857422172373, 0.0, 1.74804227351629, 1.7751324682963805, 2.4998773409909534, 3.076817456398738, 3.719428710165044, 2.4147653736957553], [2.828047283904567, 2.866946942306397, 2.183120211990169, 1.0950883891266494, 3.4699645257552705, 2.631679323169903, 3.0012208499209114, 2.327661990066427, 3.8671183173003643, 3.847473916740697, 3.277923966476343, 1.74804227351629, 0.0, 1.7809345496115234, 3.7264247785243163, 3.827243562931421, 4.3215874884121, 2.8424163065954997], [3.3995269479737913, 2.791021579995397, 2.1843635251486875, 1.0947362467736237, 2.8238644407973976, 3.3640179740899128, 4.00850678432755, 2.9858487386336234, 4.253171432002242, 3.7961894697182856, 2.6247624921123816, 1.7751324682963805, 1.7809345496115234, 0.0, 3.1863871076816768, 2.6646945078188606, 3.8339745186946668, 3.5658647043879834], [4.7399072174463495, 3.476251104278861, 2.1797110840659597, 2.7531108168760663, 1.096101555513904, 2.6586926053983753, 4.925474507090662, 5.029500051694999, 5.6020534190598354, 3.71654150656225, 3.7685360791692046, 2.4998773409909534, 3.7264247785243163, 3.1863871076816768, 0.0, 1.7771201591338721, 1.754011519346438, 2.391165550521335], [4.229804171589981, 2.785744241670437, 2.1865990510379354, 2.7907470738137485, 1.0948518895266153, 3.360612332596546, 4.785343321016789, 4.497943971416273, 4.876308998617704, 3.0926974552969124, 2.568520266612666, 3.076817456398738, 3.827243562931421, 2.6646945078188606, 1.7771201591338721, 0.0, 1.7785070002673593, 3.560716373147404], [4.178662137574657, 2.755151133785586, 2.177817554341961, 3.469467400048601, 1.0960011359483164, 2.648858671201618, 4.405107591194566, 4.798573194190123, 4.794723835634333, 2.4996729466072156, 3.0906719576816952, 3.719428710165044, 4.3215874884121, 3.8339745186946668, 1.754011519346438, 1.7785070002673593, 0.0, 2.913708828966958], [3.851142477239709, 3.2564952464267467, 1.9617470377191857, 2.54005742848464, 2.552462691206279, 0.9725113881081291, 3.5208361066655747, 4.171244049441365, 4.852816874764594, 3.536564567486362, 4.100199293936821, 2.4147653736957553, 2.8424163065954997, 3.5658647043879834, 2.391165550521335, 3.560716373147404, 2.913708828966958, 0.0]]}