{"total energy": -73.98329335, "HOMO-LUMO gap/eV": 0.92381719, "electronic energy": -74.69230636, "dipole": [-0.09929785, -1.19611005, 0.39021221], "partial charges": [-0.10478492, -0.05860646, 0.0026536, -0.16559288, 0.00602001, -0.06032772, -0.10480408, 0.10215923, 0.0156387, -0.0179882, -0.07646063, -0.01868815, 0.00984359, 0.54197212, -0.35946709, -0.35179455, 1.14149896, -0.45432353, -0.55984074, -0.55949238, 0.5516204, -0.3475414, -0.35192006, 0.04300206, 0.04652246, 0.03560127, 0.03717906, 0.04165791, 0.05724278, 0.02444282, 0.04743725, 0.03813549, 0.05299134, 0.04185737, 0.03732714, 0.0431464, 0.04000522, 0.10529187, 0.10421385, 0.21214121, 0.21203069], "atomic dipole moments": [[0.07964251, -0.05930452, -0.06654585], [-0.04613123, 0.09253546, -0.06158062], [0.07019056, 0.11098315, 0.07114591], [0.0824463, -0.07638023, -0.20303969], [0.00940941, -0.08495359, 0.1240828], [0.06929489, 0.0209082, -0.11728839], [0.04571221, -0.08200689, 0.06431774], [-0.0682726, -0.01040292, -0.01375775], [-0.08826365, 0.06109162, 0.10604329], [0.00200967, -0.01403333, -0.04374364], [0.14247431, 0.00536607, 0.01736346], [-0.00872173, 0.02381737, 0.03909376], [-0.05065239, -0.05350965, -0.13989534], [-0.01557602, -0.01963646, -0.05846334], [-0.01169032, 0.24972111, 0.03148558], [0.07893845, -0.17571956, 0.15803283], [-0.09286447, -0.06357738, 0.02034182], [0.11639805, 0.14192291, -0.05123433], [-0.06838553, 0.01333279, 0.17692436], [-0.02807111, -0.13239771, -0.13282554], [-0.0334098, 0.01947633, 0.03890241], [0.0950981, -0.2258253, 0.04228071], [0.01627897, 0.145802, -0.20268561], [-0.01068169, -0.0555631, 0.11354398], [0.02857987, 0.12307641, 0.02124085], [-0.11360519, -0.00364776, -0.05269897], [0.10877016, -0.0054892, 0.06607435], [-0.03599195, -0.11776653, -0.00678097], [-0.11725561, -0.00447398, -0.05772732], [0.05885627, -0.08501373, -0.06727313], [0.07877122, 0.10286653, -0.02609135], [-0.0281044, -0.04943308, -0.11190172], [0.01953026, 0.04913209, 0.11464226], [-0.08814084, -0.08450409, 0.01916657], [-0.03201988, -0.04379365, -0.11400247], [-0.1049383, 0.04606901, 0.05352377], [0.08059469, 0.09747088, -0.01560815], [0.06875972, 0.06031854, 0.13590953], [0.10250434, -0.05179768, -0.11704922], [0.0727163, -0.05008753, -0.08100691], [0.0479792, 0.03663268, 0.10335534]], "atomic quadrupole moments": [[0.04979234, -0.12914218, -0.04562259, -0.13524466, 0.09209638, -0.00416974], [-0.08602537, -0.09036225, -0.07810364, -0.14345374, -0.04181397, 0.16412901], [-0.15694696, 0.16636558, 0.15445766, -0.02450301, -0.09519368, 0.0024893], [0.06206577, 0.00707083, 0.03896321, 0.07023718, -0.06745763, -0.10102899], [0.04341813, -0.22258933, 0.00339538, 0.01599243, -0.16578711, -0.04681351], [0.06204859, -0.21150133, -0.0087443, -0.05498316, -0.10100865, -0.05330429], [-0.06378284, -0.11006718, 0.06360727, 0.07922539, -0.15503042, 0.00017556], [-0.1595768, -0.00923277, 0.36737882, 0.04250202, -0.31289938, -0.20780202], [-0.26691266, -0.10562748, 0.27101315, -0.24451086, -0.18088378, -0.0041005], [-0.23650652, 0.000236, 0.40613172, -0.06281441, -0.33920075, -0.16962519], [0.11491414, 0.04657346, 0.20053662, 0.04855782, -0.28073581, -0.31545076], [-0.26828778, 0.04341377, 0.43668617, 0.05639294, -0.30264461, -0.16839839], [-0.38612754, 0.08136728, 0.32128293, 0.18700894, -0.10789403, 0.06484461], [0.23385979, 0.01681234, -0.09670392, -0.14457987, -0.03804021, -0.13715587], [0.10538395, 0.01793051, 0.06773003, -0.12431911, 0.02350475, -0.17311398], [0.13564109, -0.02832427, -0.0733225, -0.06714399, -0.14286559, -0.06231859], [0.16383516, -0.10244887, 0.06218339, 0.11208712, -0.20516253, -0.22601855], [-0.10556797, -0.07782478, 0.1603447, 0.03988042, -0.14658956, -0.05477673], [-0.04041843, -0.01315157, -0.08835199, -0.09281319, 0.00327949, 0.12877042], [-0.07371979, 0.02867209, 0.0467657, 0.04202215, 0.12284586, 0.02695409], [0.15153145, 0.14785988, -0.05383123, 0.15885307, 0.02772863, -0.09770022], [0.08682503, 0.03262318, 0.077467, 0.133549, 0.01070599, -0.16429204], [0.04426035, 0.14379165, -0.0570921, 0.09652579, -0.08046974, 0.01283175], [-0.04116456, -0.00996404, -0.0116867, -0.01014593, -0.05041882, 0.05285126], [-0.01765243, 0.03776895, 0.0641348, -0.00330671, 0.01128568, -0.04648237], [0.0490961, 0.0009399, -0.04238803, 0.05360325, 0.01672217, -0.00670807], [0.0455832, 0.01054586, -0.04183286, 0.02480982, 0.01357747, -0.00375034], [-0.02315797, 0.03181443, 0.04481236, -0.01354962, 0.01918025, -0.02165439], [0.03591248, -0.0156057, -0.01326261, 0.02288291, -0.03045817, -0.02264987], [0.01028729, -0.0220736, -0.0002208, -0.05166287, 0.00769981, -0.01006649], [0.03002068, 0.02879851, 0.01170057, 0.0009281, 0.00314254, -0.04172125], [-0.01645234, -0.00589943, 0.00239448, 0.01669113, 0.03123623, 0.01405786], [-0.01807135, 0.005304, -0.01098986, 0.02689508, 0.03057029, 0.02906121], [0.00838834, 0.03755822, 0.02923508, 0.00206478, -0.00355774, -0.03762341], [-0.0461185, 0.0068819, -0.00662721, 0.02572645, 0.04249912, 0.05274571], [0.03721973, -0.03835631, -0.02866267, -0.04906812, 0.00757607, -0.00855706], [0.02123297, 0.05815783, 0.01811762, 0.00320246, -0.01496665, -0.03935059], [0.03132347, -0.0119453, -0.03903718, -0.01466605, 0.02867765, 0.00771371], [0.02197044, 0.00474893, -0.0416272, 0.01955017, 0.0287807, 0.01965676], [-0.02435443, -0.07684969, 0.03430785, -0.03053301, 0.04465544, -0.00995343], [-0.04914432, -0.02275866, -0.04084218, 0.05529917, -0.01186737, 0.0899865]], "number of molecular orbitals": 115, "number of electrons": 128, "number of unpaired electrons": 0, "orbital energies/eV": [-22.04260979, -21.78670406, -21.60445359, -21.23902839, -21.05418311, -20.38862163, -20.17841628, -19.53375732, -19.29056775, -19.0226706, -18.7463718, -18.37309722, -18.19286457, -18.14960129, -18.09318932, -17.68957051, -17.64808578, -17.60078837, -17.50923417, -17.3235285, -16.91203549, -16.8419529, -16.74285043, -16.67801479, -16.63756175, -16.3972144, -15.92050583, -15.86332728, -15.72324861, -15.68758642, -15.65216185, -15.55447029, -15.31188015, -15.19504864, -14.81121796, -14.63478989, -14.62786154, -14.48794728, -14.31307401, -14.16515596, -13.83589403, -13.75970705, -13.65916922, -13.54987833, -13.52397173, -13.47860762, -13.34041172, -13.32201292, -13.17344051, -13.1122619, -13.07334652, -12.98089208, -12.94291836, -12.8216597, -12.69223933, -12.62303344, -12.56873109, -12.46130579, -12.40609273, -12.21932798, -12.18715473, -12.13648468, -11.89719154, -10.53596734, -9.61215015, -9.46952641, -8.654775, -8.5295045, -5.62868846, -4.19636993, -2.84537657, -2.71523743, -2.06861711, -2.03925922, -1.50091963, -0.90469197, 0.76769, 1.24264234, 1.75657372, 2.04616816, 2.1724173, 2.42798893, 2.72173685, 3.01897568, 3.10574827, 3.25983034, 3.33760084, 3.58553338, 3.62481834, 3.76695673, 3.85170655, 4.06818947, 4.3184248, 4.48909347, 4.90515678, 5.11142421, 5.5381957, 5.69722806, 5.8601325, 6.35564118, 6.61033526, 6.86512983, 7.2990686, 7.42066842, 7.64950231, 7.88204332, 8.5584255, 8.79593767, 9.28123718, 10.23778963, 12.9739355, 14.08496507, 14.730082, 26.48805525, 30.54189125], "fractional occupation": [2.0, 2.0, 2.0, 2.0, 2.0, 2.0, 2.0, 2.0, 2.0, 2.0, 2.0, 2.0, 2.0, 2.0, 2.0, 2.0, 2.0, 2.0, 2.0, 2.0, 2.0, 2.0, 2.0, 2.0, 2.0, 2.0, 2.0, 2.0, 2.0, 2.0, 2.0, 2.0, 2.0, 2.0, 2.0, 2.0, 2.0, 2.0, 2.0, 2.0, 2.0, 2.0, 2.0, 2.0, 2.0, 2.0, 2.0, 2.0, 2.0, 2.0, 2.0, 2.0, 2.0, 2.0, 2.0, 2.0, 2.0, 2.0, 2.0, 2.0, 2.0, 2.0, 2.0, 1.99999997, 3e-08, 0.0, 0.0, 0.0, 0.0, 0.0, 0.0, 0.0, 0.0, 0.0, 0.0, 0.0, 0.0, 0.0, 0.0, 0.0, 0.0, 0.0, 0.0, 0.0, 0.0, 0.0, 0.0, 0.0, 0.0, 0.0, 0.0, 0.0, 0.0, 0.0, 0.0, 0.0, 0.0, 0.0, 0.0, 0.0, 0.0, 0.0, 0.0, 0.0, 0.0, 0.0, 0.0, 0.0, 0.0, 0.0, 0.0, 0.0, 0.0, 0.0, 0.0], "program call": "xtb /home/svss/Project-DBcg-Debug/aqme2_20220329/End-to-End-workflows-final/example-3/QDESCP/mol_1034_rdkit_conf_1/mol_1034_rdkit_conf_1.xyz --pop --wbo --acc 0.2 --gfn 2 --chrg 0 --uhf 0 --etemp 300 --input /home/svss/Project-DBcg-Debug/aqme2_20220329/End-to-End-workflows-final/example-3/QDESCP/mol_1034_rdkit_conf_1/mol_1034_rdkit_conf_1_xtb.inp", "method": "GFN2-xTB", "xtb version": "6.3.3 (7355c4f)", "Dipole module/D": 3.208, "Total charge": 0, "Transition dipole module/D": NaN, "HOMO": -10.536, "LUMO": -9.6122, "HOMO occupancy": 2.0, "LUMO occupancy": 0, "mulliken charges": [-0.08222, -0.04912, 0.08518, -0.34753, 0.09369, -0.0473, -0.08437, 0.17593, 0.04024, -0.00366, 0.07419, -0.0036, 0.03165, 0.69027, -0.4495, -0.44412, 0.52252, -0.38763, -0.3863, -0.38553, 0.69369, -0.44213, -0.44896, 0.03761, 0.03841, 0.02566, 0.02625, 0.03139, 0.04137, 0.0288, 0.0333, 0.03608, 0.0409, 0.02609, 0.0298, 0.03647, 0.03298, 0.09843, 0.09847, 0.24638, 0.24624], "cm5 charges": [-0.23123, -0.15563, 0.03475, -0.59464, 0.04402, -0.15457, -0.23459, 0.24528, 0.10352, -0.04362, 0.08518, -0.04342, 0.09393, 0.52198, -0.41155, -0.40647, 0.63724, -0.81353, -0.43628, -0.43536, 0.5282, -0.40294, -0.41088, 0.08873, 0.09522, 0.07746, 0.0858, 0.08607, 0.10664, 0.09936, 0.1005, 0.10465, 0.10039, 0.08359, 0.08118, 0.08728, 0.08438, 0.16317, 0.16343, 0.43647, 0.43628], "FUKUI+": [0.008, 0.005, 0.007, 0.0, 0.007, 0.001, 0.007, -0.032, -0.004, -0.019, -0.022, -0.017, -0.002, -0.088, -0.117, -0.117, -0.038, 0.002, -0.021, -0.022, -0.081, -0.111, -0.112, -0.017, 0.01, -0.017, 0.006, -0.022, -0.024, 0.002, -0.003, -0.009, 0.001, -0.014, -0.011, -0.019, -0.007, -0.037, -0.036, -0.02, -0.02], "FUKUI-": [0.009, 0.002, 0.02, -0.135, 0.019, -0.002, 0.014, 0.02, -0.009, -0.007, -0.007, -0.007, -0.01, 0.005, -0.029, -0.018, -0.046, -0.03, -0.031, -0.032, 0.007, -0.017, -0.027, -0.047, -0.011, -0.032, -0.027, -0.038, -0.037, -0.074, -0.045, -0.079, -0.041, -0.026, -0.037, -0.052, -0.028, -0.027, -0.03, -0.029, -0.029], "FUKUIrad": [0.009, 0.003, 0.013, -0.067, 0.013, -0.0, 0.011, -0.006, -0.006, -0.013, -0.014, -0.012, -0.006, -0.041, -0.073, -0.067, -0.042, -0.014, -0.026, -0.027, -0.037, -0.064, -0.069, -0.032, -0.0, -0.024, -0.01, -0.03, -0.03, -0.036, -0.024, -0.044, -0.02, -0.02, -0.024, -0.035, -0.018, -0.032, -0.033, -0.024, -0.024], "s proportion": [1.008, 1.03, 1.014, 1.456, 1.017, 1.032, 1.008, 1.055, 1.074, 1.074, 1.081, 1.074, 1.075, 1.325, 1.747, 1.746, 1.701, 1.465, 1.72, 1.72, 1.324, 1.746, 1.747, 0.962, 0.962, 0.974, 0.974, 0.969, 0.959, 0.971, 0.967, 0.964, 0.959, 0.974, 0.97, 0.964, 0.967, 0.902, 0.902, 0.754, 0.754], "p proportion": [3.075, 3.019, 2.9, 3.891, 2.889, 3.015, 3.076, 2.769, 2.886, 2.93, 2.845, 2.93, 2.893, 2.984, 4.703, 4.698, 2.802, 3.923, 4.666, 4.665, 2.982, 4.696, 4.702, 0.0, 0.0, 0.0, 0.0, 0.0, 0.0, 0.0, 0.0, 0.0, 0.0, 0.0, 0.0, 0.0, 0.0, 0.0, 0.0, 0.0, 0.0], "d proportion": [0.0, 0.0, 0.0, 0.0, 0.0, 0.0, 0.0, 0.0, 0.0, 0.0, 0.0, 0.0, 0.0, 0.0, 0.0, 0.0, 0.974, 0.0, 0.0, 0.0, 0.0, 0.0, 0.0, 0.0, 0.0, 0.0, 0.0, 0.0, 0.0, 0.0, 0.0, 0.0, 0.0, 0.0, 0.0, 0.0, 0.0, 0.0, 0.0, 0.0, 0.0], "Fermi-level/eV": -10.0741, "Coordination numbers": [3.749, 3.799, 3.741, 2.728, 3.745, 3.8, 3.75, 2.901, 2.917, 2.95, 2.962, 2.95, 2.913, 2.759, 0.927, 0.927, 3.695, 2.632, 0.86, 0.86, 2.759, 0.927, 0.927, 0.924, 0.924, 0.924, 0.924, 0.924, 0.924, 0.924, 0.923, 0.924, 0.924, 0.924, 0.924, 0.924, 0.924, 0.925, 0.925, 0.863, 0.863], "Dispersion coefficient C6": [22.567, 21.631, 20.611, 24.579, 20.545, 21.662, 22.566, 25.738, 27.663, 28.457, 29.907, 28.474, 27.798, 13.566, 20.855, 20.709, 102.686, 31.932, 25.151, 25.143, 13.463, 20.629, 20.712, 2.409, 2.364, 2.508, 2.487, 2.427, 2.232, 2.667, 2.352, 2.474, 2.283, 2.424, 2.485, 2.407, 2.449, 1.737, 1.747, 1.046, 1.046], "Total dispersion C6": 20162.817814, "Total dispersion C8": 479824.321817, "Polarizability alpha": [6.775, 6.622, 6.477, 7.363, 6.466, 6.627, 6.775, 8.318, 8.625, 8.749, 8.97, 8.752, 8.646, 5.47, 6.124, 6.103, 17.055, 8.392, 6.724, 6.723, 5.449, 6.091, 6.103, 2.427, 2.404, 2.477, 2.466, 2.436, 2.336, 2.554, 2.399, 2.46, 2.363, 2.435, 2.465, 2.426, 2.447, 2.061, 2.067, 1.602, 1.602], "Total polarizability alpha": 214.829783, "Wiberg matrix": [[0.0, 1.0212217608686918, 0.0, 0.0, 0.0, 0.0, 0.0, 0.0, 0.0, 0.0, 0.0, 0.0, 0.0, 0.0, 0.0, 0.0, 0.0, 0.0, 0.0, 0.0, 0.0, 0.0, 0.0, 0.9861903424228403, 0.9855428770195561, 0.9868244852578489, 0.0, 0.0, 0.0, 0.0, 0.0, 0.0, 0.0, 0.0, 0.0, 0.0, 0.0, 0.0, 0.0, 0.0, 0.0], [1.0212217608686918, 0.0, 1.0018657589656912, 0.0, 0.0, 0.0, 0.0, 0.0, 0.0, 0.0, 0.0, 0.0, 0.0, 0.0, 0.0, 0.0, 0.0, 0.0, 0.0, 0.0, 0.0, 0.0, 0.0, 0.0, 0.0, 0.0, 0.9762233140071368, 0.973602490900777, 0.0, 0.0, 0.0, 0.0, 0.0, 0.0, 0.0, 0.0, 0.0, 0.0, 0.0, 0.0, 0.0], [0.0, 1.0018657589656912, 0.0, 0.9652474293992083, 0.0, 0.0, 0.0, 0.0, 0.0, 0.0, 0.0, 0.0, 0.0, 0.0, 0.0, 0.0, 0.0, 0.0, 0.0, 0.0, 0.0, 0.0, 0.0, 0.0, 0.0, 0.0, 0.0, 0.0, 0.9681824790177643, 0.9695211268292788, 0.0, 0.0, 0.0, 0.0, 0.0, 0.0, 0.0, 0.0, 0.0, 0.0, 0.0], [0.0, 0.0, 0.9652474293992083, 0.0, 0.9513858414570184, 0.0, 0.0, 1.0653482717003095, 0.0, 0.0, 0.0, 0.0, 0.0, 0.0, 0.0, 0.0, 0.0, 0.0, 0.0, 0.0, 0.0, 0.0, 0.0, 0.0, 0.0, 0.0, 0.0, 0.0, 0.0, 0.0, 0.0, 0.0, 0.0, 0.0, 0.0, 0.0, 0.0, 0.0, 0.0, 0.0, 0.0], [0.0, 0.0, 0.0, 0.9513858414570184, 0.0, 1.0014302970906175, 0.0, 0.0, 0.0, 0.0, 0.0, 0.0, 0.0, 0.0, 0.0, 0.0, 0.0, 0.0, 0.0, 0.0, 0.0, 0.0, 0.0, 0.0, 0.0, 0.0, 0.0, 0.0, 0.0, 0.0, 0.9726569479303822, 0.9684098217004953, 0.0, 0.0, 0.0, 0.0, 0.0, 0.0, 0.0, 0.0, 0.0], [0.0, 0.0, 0.0, 0.0, 1.0014302970906175, 0.0, 1.0171605539537245, 0.0, 0.0, 0.0, 0.0, 0.0, 0.0, 0.0, 0.0, 0.0, 0.0, 0.0, 0.0, 0.0, 0.0, 0.0, 0.0, 0.0, 0.0, 0.0, 0.0, 0.0, 0.0, 0.0, 0.0, 0.0, 0.9738915938752559, 0.9744485523658689, 0.0, 0.0, 0.0, 0.0, 0.0, 0.0, 0.0], [0.0, 0.0, 0.0, 0.0, 0.0, 1.0171605539537245, 0.0, 0.0, 0.0, 0.0, 0.0, 0.0, 0.0, 0.0, 0.0, 0.0, 0.0, 0.0, 0.0, 0.0, 0.0, 0.0, 0.0, 0.0, 0.0, 0.0, 0.0, 0.0, 0.0, 0.0, 0.0, 0.0, 0.0, 0.0, 0.9871725971115859, 0.9857178995351286, 0.9869271063000066, 0.0, 0.0, 0.0, 0.0], [0.0, 0.0, 0.0, 1.0653482717003095, 0.0, 0.0, 0.0, 0.0, 1.3391471020632237, 0.0, 0.0, 0.0, 1.3362566140462309, 0.0, 0.0, 0.0, 0.0, 0.0, 0.0, 0.0, 0.0, 0.0, 0.0, 0.0, 0.0, 0.0, 0.0, 0.0, 0.0, 0.0, 0.0, 0.0, 0.0, 0.0, 0.0, 0.0, 0.0, 0.0, 0.0, 0.0, 0.0], [0.0, 0.0, 0.0, 0.0, 0.0, 0.0, 0.0, 1.3391471020632237, 0.0, 1.406799881014066, 0.0, 0.10198329406263416, 0.0, 0.0, 0.0, 0.0, 0.0, 0.0, 0.0, 0.0, 0.9372008761234653, 0.0, 0.0, 0.0, 0.0, 0.0, 0.0, 0.0, 0.0, 0.0, 0.0, 0.0, 0.0, 0.0, 0.0, 0.0, 0.0, 0.0, 0.0, 0.0, 0.0], [0.0, 0.0, 0.0, 0.0, 0.0, 0.0, 0.0, 0.0, 1.406799881014066, 0.0, 1.4177386930397236, 0.0, 0.10152677080307865, 0.0, 0.0, 0.0, 0.0, 0.0, 0.0, 0.0, 0.0, 0.0, 0.0, 0.0, 0.0, 0.0, 0.0, 0.0, 0.0, 0.0, 0.0, 0.0, 0.0, 0.0, 0.0, 0.0, 0.0, 0.9560900093599412, 0.0, 0.0, 0.0], [0.0, 0.0, 0.0, 0.0, 0.0, 0.0, 0.0, 0.0, 0.0, 1.4177386930397236, 0.0, 1.4183360915707373, 0.0, 0.0, 0.0, 0.0, 0.7600545626403683, 0.0, 0.0, 0.0, 0.0, 0.0, 0.0, 0.0, 0.0, 0.0, 0.0, 0.0, 0.0, 0.0, 0.0, 0.0, 0.0, 0.0, 0.0, 0.0, 0.0, 0.0, 0.0, 0.0, 0.0], [0.0, 0.0, 0.0, 0.0, 0.0, 0.0, 0.0, 0.0, 0.10198329406263416, 0.0, 1.4183360915707373, 0.0, 1.4017753009233096, 0.0, 0.0, 0.0, 0.0, 0.0, 0.0, 0.0, 0.0, 0.0, 0.0, 0.0, 0.0, 0.0, 0.0, 0.0, 0.0, 0.0, 0.0, 0.0, 0.0, 0.0, 0.0, 0.0, 0.0, 0.0, 0.9563955801101545, 0.0, 0.0], [0.0, 0.0, 0.0, 0.0, 0.0, 0.0, 0.0, 1.3362566140462309, 0.0, 0.10152677080307865, 0.0, 1.4017753009233096, 0.0, 0.937932832350385, 0.0, 0.0, 0.0, 0.0, 0.0, 0.0, 0.0, 0.0, 0.0, 0.0, 0.0, 0.0, 0.0, 0.0, 0.0, 0.0, 0.0, 0.0, 0.0, 0.0, 0.0, 0.0, 0.0, 0.0, 0.0, 0.0, 0.0], [0.0, 0.0, 0.0, 0.0, 0.0, 0.0, 0.0, 0.0, 0.0, 0.0, 0.0, 0.0, 0.937932832350385, 0.0, 1.4595267453162077, 1.465716170808705, 0.0, 0.0, 0.0, 0.0, 0.0, 0.0, 0.0, 0.0, 0.0, 0.0, 0.0, 0.0, 0.0, 0.0, 0.0, 0.0, 0.0, 0.0, 0.0, 0.0, 0.0, 0.0, 0.0, 0.0, 0.0], [0.0, 0.0, 0.0, 0.0, 0.0, 0.0, 0.0, 0.0, 0.0, 0.0, 0.0, 0.0, 0.0, 1.4595267453162077, 0.0, 0.3948014534704531, 0.0, 0.0, 0.0, 0.0, 0.0, 0.0, 0.0, 0.0, 0.0, 0.0, 0.0, 0.0, 0.0, 0.0, 0.0, 0.0, 0.0, 0.0, 0.0, 0.0, 0.0, 0.0, 0.0, 0.0, 0.0], [0.0, 0.0, 0.0, 0.0, 0.0, 0.0, 0.0, 0.0, 0.0, 0.0, 0.0, 0.0, 0.0, 1.465716170808705, 0.3948014534704531, 0.0, 0.0, 0.0, 0.0, 0.0, 0.0, 0.0, 0.0, 0.0, 0.0, 0.0, 0.0, 0.0, 0.0, 0.0, 0.0, 0.0, 0.0, 0.0, 0.0, 0.0, 0.0, 0.0, 0.0, 0.0, 0.0], [0.0, 0.0, 0.0, 0.0, 0.0, 0.0, 0.0, 0.0, 0.0, 0.0, 0.7600545626403683, 0.0, 0.0, 0.0, 0.0, 0.0, 0.0, 0.954363074816077, 1.6127570589757496, 1.6125782789776435, 0.0, 0.0, 0.0, 0.0, 0.0, 0.0, 0.0, 0.0, 0.0, 0.0, 0.0, 0.0, 0.0, 0.0, 0.0, 0.0, 0.0, 0.0, 0.0, 0.0, 0.0], [0.0, 0.0, 0.0, 0.0, 0.0, 0.0, 0.0, 0.0, 0.0, 0.0, 0.0, 0.0, 0.0, 0.0, 0.0, 0.0, 0.954363074816077, 0.0, 0.0, 0.0, 0.0, 0.0, 0.0, 0.0, 0.0, 0.0, 0.0, 0.0, 0.0, 0.0, 0.0, 0.0, 0.0, 0.0, 0.0, 0.0, 0.0, 0.0, 0.0, 0.9367612370115082, 0.9368479944247202], [0.0, 0.0, 0.0, 0.0, 0.0, 0.0, 0.0, 0.0, 0.0, 0.0, 0.0, 0.0, 0.0, 0.0, 0.0, 0.0, 1.6127570589757496, 0.0, 0.0, 0.11791416323702492, 0.0, 0.0, 0.0, 0.0, 0.0, 0.0, 0.0, 0.0, 0.0, 0.0, 0.0, 0.0, 0.0, 0.0, 0.0, 0.0, 0.0, 0.0, 0.0, 0.0, 0.0], [0.0, 0.0, 0.0, 0.0, 0.0, 0.0, 0.0, 0.0, 0.0, 0.0, 0.0, 0.0, 0.0, 0.0, 0.0, 0.0, 1.6125782789776435, 0.0, 0.11791416323702492, 0.0, 0.0, 0.0, 0.0, 0.0, 0.0, 0.0, 0.0, 0.0, 0.0, 0.0, 0.0, 0.0, 0.0, 0.0, 0.0, 0.0, 0.0, 0.0, 0.0, 0.0, 0.0], [0.0, 0.0, 0.0, 0.0, 0.0, 0.0, 0.0, 0.0, 0.9372008761234653, 0.0, 0.0, 0.0, 0.0, 0.0, 0.0, 0.0, 0.0, 0.0, 0.0, 0.0, 0.0, 1.4702951100134474, 1.466924649182168, 0.0, 0.0, 0.0, 0.0, 0.0, 0.0, 0.0, 0.0, 0.0, 0.0, 0.0, 0.0, 0.0, 0.0, 0.0, 0.0, 0.0, 0.0], [0.0, 0.0, 0.0, 0.0, 0.0, 0.0, 0.0, 0.0, 0.0, 0.0, 0.0, 0.0, 0.0, 0.0, 0.0, 0.0, 0.0, 0.0, 0.0, 0.0, 1.4702951100134474, 0.0, 0.40065050654943707, 0.0, 0.0, 0.0, 0.0, 0.0, 0.0, 0.0, 0.0, 0.0, 0.0, 0.0, 0.0, 0.0, 0.0, 0.0, 0.0, 0.0, 0.0], [0.0, 0.0, 0.0, 0.0, 0.0, 0.0, 0.0, 0.0, 0.0, 0.0, 0.0, 0.0, 0.0, 0.0, 0.0, 0.0, 0.0, 0.0, 0.0, 0.0, 1.466924649182168, 0.40065050654943707, 0.0, 0.0, 0.0, 0.0, 0.0, 0.0, 0.0, 0.0, 0.0, 0.0, 0.0, 0.0, 0.0, 0.0, 0.0, 0.0, 0.0, 0.0, 0.0], [0.9861903424228403, 0.0, 0.0, 0.0, 0.0, 0.0, 0.0, 0.0, 0.0, 0.0, 0.0, 0.0, 0.0, 0.0, 0.0, 0.0, 0.0, 0.0, 0.0, 0.0, 0.0, 0.0, 0.0, 0.0, 0.0, 0.0, 0.0, 0.0, 0.0, 0.0, 0.0, 0.0, 0.0, 0.0, 0.0, 0.0, 0.0, 0.0, 0.0, 0.0, 0.0], [0.9855428770195561, 0.0, 0.0, 0.0, 0.0, 0.0, 0.0, 0.0, 0.0, 0.0, 0.0, 0.0, 0.0, 0.0, 0.0, 0.0, 0.0, 0.0, 0.0, 0.0, 0.0, 0.0, 0.0, 0.0, 0.0, 0.0, 0.0, 0.0, 0.0, 0.0, 0.0, 0.0, 0.0, 0.0, 0.0, 0.0, 0.0, 0.0, 0.0, 0.0, 0.0], [0.9868244852578489, 0.0, 0.0, 0.0, 0.0, 0.0, 0.0, 0.0, 0.0, 0.0, 0.0, 0.0, 0.0, 0.0, 0.0, 0.0, 0.0, 0.0, 0.0, 0.0, 0.0, 0.0, 0.0, 0.0, 0.0, 0.0, 0.0, 0.0, 0.0, 0.0, 0.0, 0.0, 0.0, 0.0, 0.0, 0.0, 0.0, 0.0, 0.0, 0.0, 0.0], [0.0, 0.9762233140071368, 0.0, 0.0, 0.0, 0.0, 0.0, 0.0, 0.0, 0.0, 0.0, 0.0, 0.0, 0.0, 0.0, 0.0, 0.0, 0.0, 0.0, 0.0, 0.0, 0.0, 0.0, 0.0, 0.0, 0.0, 0.0, 0.0, 0.0, 0.0, 0.0, 0.0, 0.0, 0.0, 0.0, 0.0, 0.0, 0.0, 0.0, 0.0, 0.0], [0.0, 0.973602490900777, 0.0, 0.0, 0.0, 0.0, 0.0, 0.0, 0.0, 0.0, 0.0, 0.0, 0.0, 0.0, 0.0, 0.0, 0.0, 0.0, 0.0, 0.0, 0.0, 0.0, 0.0, 0.0, 0.0, 0.0, 0.0, 0.0, 0.0, 0.0, 0.0, 0.0, 0.0, 0.0, 0.0, 0.0, 0.0, 0.0, 0.0, 0.0, 0.0], [0.0, 0.0, 0.9681824790177643, 0.0, 0.0, 0.0, 0.0, 0.0, 0.0, 0.0, 0.0, 0.0, 0.0, 0.0, 0.0, 0.0, 0.0, 0.0, 0.0, 0.0, 0.0, 0.0, 0.0, 0.0, 0.0, 0.0, 0.0, 0.0, 0.0, 0.0, 0.0, 0.0, 0.0, 0.0, 0.0, 0.0, 0.0, 0.0, 0.0, 0.0, 0.0], [0.0, 0.0, 0.9695211268292788, 0.0, 0.0, 0.0, 0.0, 0.0, 0.0, 0.0, 0.0, 0.0, 0.0, 0.0, 0.0, 0.0, 0.0, 0.0, 0.0, 0.0, 0.0, 0.0, 0.0, 0.0, 0.0, 0.0, 0.0, 0.0, 0.0, 0.0, 0.0, 0.0, 0.0, 0.0, 0.0, 0.0, 0.0, 0.0, 0.0, 0.0, 0.0], [0.0, 0.0, 0.0, 0.0, 0.9726569479303822, 0.0, 0.0, 0.0, 0.0, 0.0, 0.0, 0.0, 0.0, 0.0, 0.0, 0.0, 0.0, 0.0, 0.0, 0.0, 0.0, 0.0, 0.0, 0.0, 0.0, 0.0, 0.0, 0.0, 0.0, 0.0, 0.0, 0.0, 0.0, 0.0, 0.0, 0.0, 0.0, 0.0, 0.0, 0.0, 0.0], [0.0, 0.0, 0.0, 0.0, 0.9684098217004953, 0.0, 0.0, 0.0, 0.0, 0.0, 0.0, 0.0, 0.0, 0.0, 0.0, 0.0, 0.0, 0.0, 0.0, 0.0, 0.0, 0.0, 0.0, 0.0, 0.0, 0.0, 0.0, 0.0, 0.0, 0.0, 0.0, 0.0, 0.0, 0.0, 0.0, 0.0, 0.0, 0.0, 0.0, 0.0, 0.0], [0.0, 0.0, 0.0, 0.0, 0.0, 0.9738915938752559, 0.0, 0.0, 0.0, 0.0, 0.0, 0.0, 0.0, 0.0, 0.0, 0.0, 0.0, 0.0, 0.0, 0.0, 0.0, 0.0, 0.0, 0.0, 0.0, 0.0, 0.0, 0.0, 0.0, 0.0, 0.0, 0.0, 0.0, 0.0, 0.0, 0.0, 0.0, 0.0, 0.0, 0.0, 0.0], [0.0, 0.0, 0.0, 0.0, 0.0, 0.9744485523658689, 0.0, 0.0, 0.0, 0.0, 0.0, 0.0, 0.0, 0.0, 0.0, 0.0, 0.0, 0.0, 0.0, 0.0, 0.0, 0.0, 0.0, 0.0, 0.0, 0.0, 0.0, 0.0, 0.0, 0.0, 0.0, 0.0, 0.0, 0.0, 0.0, 0.0, 0.0, 0.0, 0.0, 0.0, 0.0], [0.0, 0.0, 0.0, 0.0, 0.0, 0.0, 0.9871725971115859, 0.0, 0.0, 0.0, 0.0, 0.0, 0.0, 0.0, 0.0, 0.0, 0.0, 0.0, 0.0, 0.0, 0.0, 0.0, 0.0, 0.0, 0.0, 0.0, 0.0, 0.0, 0.0, 0.0, 0.0, 0.0, 0.0, 0.0, 0.0, 0.0, 0.0, 0.0, 0.0, 0.0, 0.0], [0.0, 0.0, 0.0, 0.0, 0.0, 0.0, 0.9857178995351286, 0.0, 0.0, 0.0, 0.0, 0.0, 0.0, 0.0, 0.0, 0.0, 0.0, 0.0, 0.0, 0.0, 0.0, 0.0, 0.0, 0.0, 0.0, 0.0, 0.0, 0.0, 0.0, 0.0, 0.0, 0.0, 0.0, 0.0, 0.0, 0.0, 0.0, 0.0, 0.0, 0.0, 0.0], [0.0, 0.0, 0.0, 0.0, 0.0, 0.0, 0.9869271063000066, 0.0, 0.0, 0.0, 0.0, 0.0, 0.0, 0.0, 0.0, 0.0, 0.0, 0.0, 0.0, 0.0, 0.0, 0.0, 0.0, 0.0, 0.0, 0.0, 0.0, 0.0, 0.0, 0.0, 0.0, 0.0, 0.0, 0.0, 0.0, 0.0, 0.0, 0.0, 0.0, 0.0, 0.0], [0.0, 0.0, 0.0, 0.0, 0.0, 0.0, 0.0, 0.0, 0.0, 0.9560900093599412, 0.0, 0.0, 0.0, 0.0, 0.0, 0.0, 0.0, 0.0, 0.0, 0.0, 0.0, 0.0, 0.0, 0.0, 0.0, 0.0, 0.0, 0.0, 0.0, 0.0, 0.0, 0.0, 0.0, 0.0, 0.0, 0.0, 0.0, 0.0, 0.0, 0.0, 0.0], [0.0, 0.0, 0.0, 0.0, 0.0, 0.0, 0.0, 0.0, 0.0, 0.0, 0.0, 0.9563955801101545, 0.0, 0.0, 0.0, 0.0, 0.0, 0.0, 0.0, 0.0, 0.0, 0.0, 0.0, 0.0, 0.0, 0.0, 0.0, 0.0, 0.0, 0.0, 0.0, 0.0, 0.0, 0.0, 0.0, 0.0, 0.0, 0.0, 0.0, 0.0, 0.0], [0.0, 0.0, 0.0, 0.0, 0.0, 0.0, 0.0, 0.0, 0.0, 0.0, 0.0, 0.0, 0.0, 0.0, 0.0, 0.0, 0.0, 0.9367612370115082, 0.0, 0.0, 0.0, 0.0, 0.0, 0.0, 0.0, 0.0, 0.0, 0.0, 0.0, 0.0, 0.0, 0.0, 0.0, 0.0, 0.0, 0.0, 0.0, 0.0, 0.0, 0.0, 0.0], [0.0, 0.0, 0.0, 0.0, 0.0, 0.0, 0.0, 0.0, 0.0, 0.0, 0.0, 0.0, 0.0, 0.0, 0.0, 0.0, 0.0, 0.9368479944247202, 0.0, 0.0, 0.0, 0.0, 0.0, 0.0, 0.0, 0.0, 0.0, 0.0, 0.0, 0.0, 0.0, 0.0, 0.0, 0.0, 0.0, 0.0, 0.0, 0.0, 0.0, 0.0, 0.0]], "Born radii": [], "Atomic SASAs": [], "Solvent H bonds": [], "Total SASA": NaN, "Total FOD": 0.0, "FOD": [0.0, 0.0, 0.0, 0.0, 0.0, 0.0, 0.0, 0.0, 0.0, 0.0, 0.0, 0.0, 0.0, 0.0, 0.0, 0.0, 0.0, 0.0, 0.0, 0.0, 0.0, 0.0, 0.0, 0.0, 0.0, 0.0, 0.0, 0.0, 0.0, 0.0, 0.0, 0.0, 0.0, 0.0, 0.0, 0.0, 0.0, 0.0, 0.0, 0.0, 0.0], "FOD s proportion": [0.0, 0.0, 0.0, 0.0, 0.0, 0.0, 0.0, 0.0, 0.0, 0.0, 0.0, 0.0, 0.0, 0.0, 0.0, 0.0, 0.0, 0.0, 0.0, 0.0, 0.0, 0.0, 0.0, 0.0, 0.0, 0.0, 0.0, 0.0, 0.0, 0.0, 0.0, 0.0, 0.0, 0.0, 0.0, 0.0, 0.0, 0.0, 0.0, 0.0, 0.0], "FOD p proportion": [0.0, 0.0, 0.0, 0.0, 0.0, 0.0, 0.0, 0.0, 0.0, 0.0, 0.0, 0.0, 0.0, 0.0, 0.0, 0.0, 0.0, 0.0, 0.0, 0.0, 0.0, 0.0, 0.0, 0.0, 0.0, 0.0, 0.0, 0.0, 0.0, 0.0, 0.0, 0.0, 0.0, 0.0, 0.0, 0.0, 0.0, 0.0, 0.0, 0.0, 0.0], "FOD d proportion": [0.0, 0.0, 0.0, 0.0, 0.0, 0.0, 0.0, 0.0, 0.0, 0.0, 0.0, 0.0, 0.0, 0.0, 0.0, 0.0, 0.0, 0.0, 0.0, 0.0, 0.0, 0.0, 0.0, 0.0, 0.0, 0.0, 0.0, 0.0, 0.0, 0.0, 0.0, 0.0, 0.0, 0.0, 0.0, 0.0, 0.0, 0.0, 0.0, 0.0, 0.0], "coordinates": [["-2.85900", "-1.26410", "1.88400"], ["-1.81800", "-1.99160", "1.04560"], ["-1.66330", "-1.39780", "-0.35670"], ["-1.03970", "-0.05640", "-0.31200"], ["-1.63080", "0.96150", "-1.20890"], ["-2.90220", "1.54210", "-0.58460"], ["-3.50160", "2.63240", "-1.45840"], ["0.36350", "-0.01400", "-0.23400"], ["0.98760", "0.50350", "0.92360"], ["2.37960", "0.54220", "1.11370"], ["3.20710", "0.05320", "0.10710"], ["2.66030", "-0.43040", "-1.07990"], ["1.26060", "-0.45210", "-1.23240"], ["0.78490", "-0.93480", "-2.51210"], ["0.85210", "-2.15550", "-2.70720"], ["0.40150", "-0.08830", "-3.32890"], ["4.96430", "0.11280", "0.30780"], ["5.26550", "-1.36290", "1.04070"], ["5.57830", "0.05520", "-0.99620"], ["5.28280", "1.12830", "1.28120"], ["0.18210", "1.04480", "2.00020"], ["-0.28760", "2.17890", "1.83810"], ["0.10070", "0.36200", "3.03080"], ["-2.95140", "-1.74020", "2.86530"], ["-2.58960", "-0.21650", "2.04310"], ["-3.84060", "-1.29500", "1.40040"], ["-0.85810", "-1.99620", "1.57340"], ["-2.12840", "-3.03880", "0.94740"], ["-2.65270", "-1.34370", "-0.82730"], ["-1.08000", "-2.09110", "-0.96890"], ["-0.92340", "1.78310", "-1.38350"], ["-1.86670", "0.51830", "-2.18360"], ["-2.67990", "1.95540", "0.40550"], ["-3.64940", "0.75460", "-0.43630"], ["-3.76630", "2.24180", "-2.44610"], ["-4.40970", "3.03190", "-0.99620"], ["-2.79710", "3.45940", "-1.59250"], ["2.80040", "0.94940", "2.03240"], ["3.30770", "-0.78370", "-1.88250"], ["5.86090", "-1.93850", "0.44220"], ["5.65600", "-1.21910", "1.97400"]], "bond_dist": [[0.0, 1.5217923018598825, 2.543287374639366, 3.0969029335773506, 4.003473617997251, 3.7377280050854425, 5.173710928337608, 4.0537859168929975, 4.340865061252193, 5.594551969550377, 6.456796582671627, 6.320002483385587, 5.228995804167374, 5.719452850579328, 5.9704249940854295, 6.260007372200131, 8.098412371570122, 8.168746328537814, 9.012443387894319, 8.507399887157062, 3.82005377710838, 4.297493894120154, 3.5663953145998835, 1.0946043394761416, 1.0933228846045435, 1.0946973691390691, 2.1531473660667078, 2.135545834207264, 2.7203021045464784, 3.4623414635185825, 4.869140730149417, 4.550492150306383, 3.547283370411786, 3.175480111731138, 5.64484668613772, 5.399614664955268, 5.865265220772202, 6.0786851514122695, 7.2419262147580605, 8.863986609308476, 8.515594518294069], [1.5217923018598825, 0.0, 1.530678222226997, 2.4887401812965533, 3.7200287230073914, 4.039811551297907, 5.52140389393857, 3.2104859710018983, 3.7565674983953103, 4.9035319729762135, 5.505780535037698, 5.197140230934702, 4.127604899938946, 4.5331163607390454, 4.608666299484049, 5.2616519639748125, 7.139498686182384, 7.111347266868635, 7.941258790015598, 7.759551791824061, 3.759173596683186, 4.512565862123234, 3.627928016099548, 2.1584961454679505, 2.177464768945757, 2.168420014665055, 1.0954460324452318, 1.0966399773854683, 2.1504076148488687, 2.1477324088442677, 4.577029174038549, 4.0901958803949725, 4.090404456774415, 3.6182410104911473, 5.823187901828344, 6.01010884926388, 6.134460809231729, 5.563530695520606, 6.025412227391583, 7.702753817953681, 7.570954947032772], [2.543287374639366, 1.530678222226997, 0.0, 1.4799422319806943, 2.508704362813602, 3.1984095469467317, 4.564603139375865, 2.4572089797166217, 3.5044800741336797, 4.719186007141485, 5.103068449472337, 4.489142229869755, 3.195370117842376, 3.294510798282501, 3.525081091265845, 3.8486571853050253, 6.829974697610526, 7.068395448049014, 7.413564581899857, 7.570482338001984, 3.863518283896169, 4.416161276493421, 4.205204904639012, 3.4867927053382455, 2.8306432873112075, 2.7997506210375236, 2.1752507004940833, 2.147062136967629, 1.0969519269320784, 1.0934773065775072, 3.42343322703978, 2.6552541083670316, 3.5858575878023937, 2.929804623178822, 4.694133521748183, 5.2510870588859975, 5.138588903580437, 5.580480654925703, 5.236031459989522, 7.585788247769641, 7.683504972992469], [3.0969029335773506, 2.4887401812965533, 1.4799422319806943, 0.0, 1.4798477050021062, 2.469497774852207, 3.821626618339369, 1.4060056898889137, 2.4392910158486627, 3.752673039314776, 4.268836751387901, 3.7973077844704664, 2.5090027381411923, 2.990182557972005, 3.7043367948932504, 3.343614909046794, 6.038277625283555, 6.579687422666825, 6.654209810338114, 6.626900224086673, 2.837552734311734, 3.191418259959042, 3.5566673389565127, 4.072470333839155, 2.8238835014922263, 3.5087725104372325, 2.7111871495711983, 3.4155622977776297, 2.1270741359905627, 2.1384914753161866, 2.1319939469895313, 2.125346007124487, 2.693028319568883, 2.7356362294720404, 4.155773527275037, 4.621972147254892, 4.133882515263345, 4.610229171093342, 4.679243774372094, 7.192315232941337, 7.170081295215557], [4.003473617997251, 3.7200287230073914, 2.508704362813602, 1.4798477050021062, 0.0, 1.530785683889159, 2.5207240428099222, 2.424719107443169, 3.4078349153091323, 4.653341961429441, 5.0953058102531985, 4.513043963889561, 3.218541776954278, 3.336149040435694, 4.257391724988435, 3.1187695217825895, 6.82026499411863, 7.617249451737813, 7.268957544930359, 7.350257492768535, 3.6867150839195593, 3.545484170039404, 4.618717201778, 5.063819989889057, 3.5892179426721915, 4.09676149903799, 4.133551483893723, 4.57161191922499, 2.5502637530263415, 3.111164958660984, 1.0981468389974085, 1.0964101148749041, 2.166733804600833, 2.1712817251568253, 2.780322315847571, 3.4718989991069726, 2.783326976839049, 5.490146222096457, 5.280931949002941, 8.20132307009058, 8.245199998180759], [3.7377280050854425, 4.039811551297907, 3.1984095469467317, 2.469497774852207, 1.530785683889159, 0.0, 1.5203818237534936, 3.634441368353602, 4.299290783373462, 5.637502473613648, 6.326042885564404, 5.922624805776574, 4.661049486971791, 4.842003332299556, 5.680884175020646, 4.593889456658704, 8.04494241744464, 8.819974397922026, 8.619696422728586, 8.405157052667132, 4.054800219492941, 3.6209284292844015, 4.845736433195681, 4.762113390082181, 3.1772944481114744, 3.5874720863025535, 4.6211335946929735, 4.891874410693717, 2.906715531317091, 4.08267578556025, 2.1475501507531787, 2.1626899199839076, 1.0956879984740182, 1.0956536770348557, 2.1682783838797084, 2.159044893002459, 2.168628070924104, 6.302351073210695, 6.75697773120498, 9.484767588612806, 9.349515850566808], [5.173710928337608, 5.52140389393857, 4.564603139375865, 3.821626618339369, 2.5207240428099222, 1.5203818237534936, 0.0, 4.8416511987131, 5.509905248731597, 6.750788686516562, 7.35593084388373, 6.8915178081464745, 5.6783593660493175, 5.675322174114876, 6.590765626237971, 5.112256678806337, 9.007736086831141, 9.953389639213366, 9.449876861102474, 9.32380868154211, 5.2964170351285595, 4.626269609523423, 6.187422572444847, 6.173874997924724, 4.605266274603457, 4.869510160170117, 6.132197114411767, 6.311581522883152, 4.114400275860383, 5.3305918114220665, 2.715517582340427, 2.769157247250506, 2.1465421263045363, 2.143050650358036, 1.0946167091726677, 1.094474622821379, 1.094637867059239, 7.398200973209636, 7.629951933662492, 10.590647450463074, 10.510806808708834], [4.0537859168929975, 3.2104859710018983, 2.4572089797166217, 1.4060056898889137, 2.424719107443169, 3.634441368353602, 4.8416511987131, 0.0, 1.4132745027063922, 2.4880339507329876, 2.8647732912047332, 2.4827859372084413, 1.4119215913073926, 2.4930283211387714, 3.307789359980469, 3.0960249514498424, 4.634326932791859, 5.241564203556034, 5.270661867355939, 5.272588815752656, 2.4790346992327477, 3.0864769608730276, 3.296871074215672, 4.855305236542806, 3.734566945443608, 4.688995752823838, 2.94756139206633, 4.093248906431175, 3.349264011689732, 2.6340301194177718, 2.491391231822092, 3.0096636838690136, 3.6810026039110593, 4.090848036776727, 5.199737309710943, 5.71330848895804, 4.888703526498616, 3.464562040143025, 3.4609686476476496, 5.863646770568637, 5.85987083987352], [4.340865061252193, 3.7565674983953103, 3.5044800741336797, 2.4392910158486627, 3.4078349153091323, 4.299290783373462, 5.509905248731597, 1.4132745027063922, 0.0, 1.4054535566855277, 2.4074099339331467, 2.772022140964967, 2.3740337739804795, 3.73012448451791, 4.502371585064919, 4.333300901160684, 4.043018553012093, 4.668788898633135, 4.99611163005792, 4.355111461260205, 1.449449378212292, 2.2955196470516217, 2.2906125163370605, 4.931542312502246, 3.8168101983200575, 5.174307270543565, 3.174483992714406, 4.717829133192511, 4.441799493448573, 3.8194862442480404, 3.2576076451899483, 4.219234453073212, 3.97831590877346, 4.838816820256787, 6.080800127450334, 6.261731860276356, 5.421444282661217, 2.1712918021307037, 3.861857721356394, 5.472125989960392, 5.085729984967743], [5.594551969550377, 4.9035319729762135, 4.719186007141485, 3.752673039314776, 4.653341961429441, 5.637502473613648, 6.750788686516562, 2.4880339507329876, 1.4054535566855277, 0.0, 1.3918048749735001, 2.4159106378341066, 2.7829801831849252, 4.227413243343972, 4.920377866587078, 4.9037847240677275, 2.7412649014642856, 3.4587792384018963, 3.862710020180132, 2.966502941175013, 2.422291324345608, 3.2120862519552613, 2.983476103473933, 6.057805982366883, 5.111981874967868, 6.492179046360321, 4.139746361795612, 5.759625047691907, 5.7138553621876005, 4.820821901916726, 4.322690094142766, 5.376227505416786, 5.30068125149966, 6.228680017467585, 7.3029379711182, 7.532919659069782, 6.529302962032012, 1.0894467265543553, 3.405377344729949, 4.327150844377856, 3.8179956443139114], [6.456796582671627, 5.505780535037698, 5.103068449472337, 4.268836751387901, 5.0953058102531985, 6.326042885564404, 7.35593084388373, 2.8647732912047332, 2.4074099339331467, 1.3918048749735001, 0.0, 1.3934949587278744, 2.416288598243182, 3.7018111080929024, 4.283067263072108, 4.438187649255043, 1.7696283479872261, 2.667200541766592, 2.615313428635275, 2.6158901563330215, 3.703744479577391, 4.441608895434176, 4.277043381823477, 6.982196864168182, 6.117398546768062, 7.291114004046295, 4.782878535986462, 6.223674826017182, 6.096038796628513, 4.9127410780540846, 4.719689885998867, 5.586328932313242, 6.193882175178989, 6.913670354449944, 7.741905951379156, 8.252609697544164, 7.1092373880747575, 2.1622579448345194, 2.1607938656891825, 3.3349385811435863, 3.3318424497565906], [6.320002483385587, 5.197140230934702, 4.489142229869755, 3.7973077844704664, 4.513043963889561, 5.922624805776574, 6.8915178081464745, 2.4827859372084413, 2.772022140964967, 2.4159106378341066, 1.3934949587278744, 0.0, 1.4081502867236861, 2.413035714613441, 2.982224428174378, 3.205808922877344, 2.7439375958647454, 3.486196731396552, 2.9593136112957, 3.8576994634108033, 4.219562333939386, 4.900335182413546, 4.906862990750812, 6.9836491872086475, 6.112309892340211, 7.011499273336623, 4.676630099762007, 5.8176750974938445, 5.39684098802253, 4.093908838750565, 4.223110334812482, 4.75519866882552, 6.034582905222199, 6.452190329647754, 7.092837432226966, 7.872701377545067, 6.721347897557453, 3.4073284755068745, 1.0900066100717005, 3.8516223049515124, 4.350008205739387], [5.228995804167374, 4.127604899938946, 3.195370117842376, 2.5090027381411923, 3.218541776954278, 4.661049486971791, 5.6783593660493175, 1.4119215913073926, 2.3740337739804795, 2.7829801831849252, 2.416288598243182, 1.4081502867236861, 0.0, 1.448075229399357, 2.2898643737129936, 2.2947146881475264, 4.050768043223408, 4.6942266945685525, 4.353811780497636, 4.999394159295703, 3.722039040633507, 4.329786887365243, 4.492549505570306, 6.015919788361543, 5.06047899412694, 5.8020994208993, 3.8400062682240503, 4.788305120812582, 4.033977374750632, 2.869522888913765, 3.1287068015395754, 3.4097599460959125, 4.899623751881363, 5.118398196701777, 5.830942334648835, 6.659305408974723, 5.64751569718934, 3.8722222728040805, 2.1732940390108286, 5.116290669029663, 5.494436378738041], [5.719452850579328, 4.5331163607390454, 3.294510798282501, 2.990182557972005, 3.336149040435694, 4.842003332299556, 5.675322174114876, 2.4930283211387714, 3.73012448451791, 4.227413243343972, 3.7018111080929024, 2.413035714613441, 1.448075229399357, 0.0, 1.2380179077864744, 1.2372227164096201, 5.14943551566577, 5.734233498036159, 5.123937584514471, 6.235111138544364, 4.964175187279353, 5.456154688056416, 5.73354692053706, 6.597350802405463, 5.714284922892802, 6.068990899647156, 4.529605855921682, 4.988213421657097, 3.8500446763641585, 2.682600965481076, 3.4027940372582055, 3.0414461067064793, 5.373126170117356, 5.1793855320877595, 5.550546369502737, 6.70943595691918, 5.743290154606504, 5.316477230271941, 2.604562767529322, 5.9582781220752015, 6.628237692629919], [5.9704249940854295, 4.608666299484049, 3.525081091265845, 3.7043367948932504, 4.257391724988435, 5.680884175020646, 6.590765626237971, 3.307789359980469, 4.502371585064919, 4.920377866587078, 4.283067263072108, 2.982224428174378, 2.2898643737129936, 1.2380179077864744, 0.0, 2.2051909418460798, 5.580824198091174, 5.844062690457726, 5.491054719268421, 6.806010541425865, 5.731529887386089, 6.383235193849589, 6.310867785812027, 6.759574142651296, 6.178217378823764, 6.295575533658539, 4.612341801081095, 4.7978849819477745, 4.059146005011399, 2.5997778097368243, 4.518534264559692, 3.849056616886792, 6.250073927562777, 5.821440635272338, 6.382322387657959, 7.584403668054596, 6.788690502593266, 5.99166796977269, 2.931200554380406, 5.9206322973141985, 6.772586921553683], [6.260007372200131, 5.2616519639748125, 3.8486571853050253, 3.343614909046794, 3.1187695217825895, 4.593889456658704, 5.112256678806337, 3.0960249514498424, 4.333300901160684, 4.9037847240677275, 4.438187649255043, 3.205808922877344, 2.2947146881475264, 1.2372227164096201, 2.2051909418460798, 0.0, 5.838250760287708, 6.661569283584763, 5.679906670007879, 6.823505496443891, 5.452646951710701, 5.68444752372647, 6.382713750435625, 7.2345577376920565, 6.149918572631673, 6.466669605755346, 5.409179222395945, 5.778631840669554, 4.1427248713859814, 3.4315667107022705, 3.007005009972547, 2.612356577881358, 5.255233487676832, 5.048505321379785, 4.8558478857970835, 6.1907013148754, 5.082548790715147, 5.9644849056729115, 3.319887431826567, 6.888358557014872, 7.550445503412364], [8.098412371570122, 7.139498686182384, 6.829974697610526, 6.038277625283555, 6.82026499411863, 8.04494241744464, 9.007736086831141, 4.634326932791859, 4.043018553012093, 2.7412649014642856, 1.7696283479872261, 2.7439375958647454, 4.050768043223408, 5.14943551566577, 5.580824198091174, 5.838250760287708, 0.0, 1.6749789073298804, 1.4424734867580755, 1.4422864001300157, 5.157739679355676, 5.847481586974003, 5.5795550539447145, 8.522483308285208, 7.7576484703806985, 8.983425828157095, 6.320598557098846, 7.787686691823189, 7.837635693243211, 6.559016739573089, 6.34944163450614, 7.282449121689763, 7.863746797169909, 8.66956860172408, 9.398935182774695, 9.904213083834575, 8.663151944298335, 2.8907798134759415, 2.888849234556902, 2.2427185757468546, 2.242460465649283], [8.168746328537814, 7.111347266868635, 7.068395448049014, 6.579687422666825, 7.617249451737813, 8.819974397922026, 9.953389639213366, 5.241564203556034, 4.668788898633135, 3.4587792384018963, 2.667200541766592, 3.486196731396552, 4.6942266945685525, 5.734233498036159, 5.844062690457726, 6.661569283584763, 1.6749789073298804, 0.0, 2.5015621239537507, 2.502841780856313, 5.706015693984727, 6.6345394421919, 5.797494032769676, 8.425495003855858, 8.001352056371474, 9.113454433418756, 6.179264935249176, 7.5820249874291505, 8.135581348619164, 6.695829870150526, 7.353675601357461, 8.05004973711343, 8.633885283578882, 9.281205593025078, 10.330781556590964, 10.820014957937905, 9.756732972158252, 3.5223455523273124, 3.565606781460906, 1.0217723670172332, 1.0218696492214647], [9.012443387894319, 7.941258790015598, 7.413564581899857, 6.654209810338114, 7.268957544930359, 8.619696422728586, 9.449876861102474, 5.270661867355939, 4.99611163005792, 3.862710020180132, 2.615313428635275, 2.9593136112957, 4.353811780497636, 5.123937584514471, 5.491054719268421, 5.679906670007879, 1.4424734867580755, 2.5015621239537507, 0.0, 2.534840156696276, 6.251135541643613, 6.852163234337022, 6.805509312314546, 9.533647019897474, 8.71927495781616, 9.812360002058627, 7.227608946256016, 8.52898832511805, 8.350737058487711, 6.99573497711284, 6.738526737351421, 7.55330426833184, 8.589143739046401, 9.271089238056119, 9.70592492913478, 10.422134469003938, 9.06043467445133, 4.205798379618309, 2.577771374656798, 2.4746104764184604, 3.2329500181722577], [8.507399887157062, 7.759551791824061, 7.570482338001984, 6.626900224086673, 7.350257492768535, 8.405157052667132, 9.32380868154211, 5.272588815752656, 4.355111461260205, 2.966502941175013, 2.6158901563330215, 3.8576994634108033, 4.999394159295703, 6.235111138544364, 6.806010541425865, 6.823505496443891, 1.4422864001300157, 2.502841780856313, 2.534840156696276, 0.0, 5.151802960129589, 5.695898009093913, 5.522904694089878, 8.862263520117194, 8.022696579704357, 9.440498879296582, 6.8962695640469285, 8.508938258678342, 8.574888716479066, 7.477480204587639, 6.785742963743911, 7.968204897591427, 8.053293499556563, 9.103496843521174, 9.849815142935423, 10.136804228651156, 8.886898385263557, 2.5997339113840097, 4.191152788911423, 3.2316223247774483, 2.4757901445801096], [3.82005377710838, 3.759173596683186, 3.863518283896169, 2.837552734311734, 3.6867150839195593, 4.054800219492941, 5.2964170351