{"total energy": -49.02374506, "HOMO-LUMO gap/eV": 3.13180747, "electronic energy": -49.63526022, "dipole": [-1.16706033, -0.82356045, 0.04026239], "partial charges": [-0.1124076, 0.01963993, -0.20161811, 0.26024308, -0.34282514, 0.26569598, -0.19830109, 0.09728611, -0.11607153, -0.11692657, -0.11151148, -0.34782203, 0.23426902, -0.12752704, -0.05032469, -0.33777372, 0.04555154, 0.04171025, 0.05175155, 0.02613997, 0.06279991, 0.18615341, 0.18250961, 0.04265585, 0.05971029, 0.04783083, 0.0365419, 0.04717436, 0.04732233, 0.04339333, 0.04326171, 0.03341811, 0.06330439, 0.0584317, 0.06631383], "atomic dipole moments": [[-0.0970025, 0.08153791, 0.01988691], [0.11623981, 0.12138349, 0.02421356], [-0.11627872, -0.01452564, -0.12768813], [0.02362418, -0.01634848, -0.00668086], [0.0809963, 0.27693445, -0.04859684], [-0.01500541, 0.00534214, 0.00676838], [-0.00198522, -0.05830424, -0.12926399], [0.06029001, 0.08749303, -0.00396119], [-0.05795274, 0.09556883, -0.06691245], [0.10980452, -0.02057009, -0.04289895], [0.00422548, 0.03142842, 0.10573217], [0.1679063, -0.22256496, -0.02442885], [0.01271463, 0.03844804, -0.00984824], [-0.27120402, -0.17911239, 0.25293377], [0.09619295, -0.08765464, -0.09914984], [-0.24583556, -0.06915192, 0.10275497], [-0.04548187, -0.11249848, -0.03738579], [0.07730999, 0.04173832, -0.09113138], [0.07354662, -0.01978174, 0.10368062], [-0.06397472, 0.01472785, -0.10202593], [-0.07396296, -0.05891824, 0.08750561], [0.07211172, 0.0704957, -0.08425775], [-0.04944159, 0.11255575, -0.04127627], [-0.07163909, -0.10363372, 0.00074009], [0.11412622, -0.04680621, -0.03995293], [0.01832773, 0.030098, 0.12501408], [-0.05913254, 0.09378605, -0.06080973], [-0.00430746, 0.03501312, 0.1236961], [-0.07817692, -0.10285954, -0.01100811], [0.11265159, -0.03466206, -0.05502961], [-0.07535434, -0.09940633, -0.02298116], [-0.04401373, 0.09406902, -0.07445733], [0.02940709, 0.1232327, -0.00485196], [0.02244185, -0.04126865, 0.123545], [-0.12604741, -0.01156372, -0.03220352]], "atomic quadrupole moments": [[0.08433776, -0.18334547, 0.04601074, -0.05905808, 0.05442988, -0.1303485], [-0.01613239, -0.01975715, 0.26769904, -0.00484714, 0.17778486, -0.25156665], [-0.02445218, -0.01622832, 0.09815177, 0.02659476, 0.0771335, -0.07369959], [-0.17777457, -0.07501934, -0.16580451, 0.22273679, 0.12980084, 0.34357909], [-0.04997649, -0.00411424, -0.10760982, 0.08143336, 0.02748464, 0.15758631], [-0.07130556, 0.06875805, -0.29691027, 0.18073547, 0.06781367, 0.36821582], [0.03713226, 0.07961759, -0.00378957, -0.01952327, 0.02628388, -0.03334269], [0.00954418, 0.07264851, 0.05963803, -0.00897522, 0.00865014, -0.06918221], [-0.05181458, -0.08949009, 0.06949786, 0.07519997, -0.14031949, -0.01768327], [0.18042685, -0.05935752, -0.09586833, -0.10569531, 0.01308036, -0.08455852], [-0.10415016, 0.0104188, -0.08720382, 0.01392467, 0.06994699, 0.19135398], [-0.08213966, 0.05214729, -0.07215126, 0.08540507, 0.0160229, 0.15429093], [-0.30233244, 0.13094785, -0.02498843, 0.22159657, 0.01006634, 0.32732088], [-0.19286008, -0.04018969, 0.38616154, -0.35843025, 0.10365186, -0.19330146], [-0.01388907, -0.17291322, -0.01979995, -0.24077552, 0.20021444, 0.03368902], [-0.10317161, 0.01123713, -0.04586393, 0.11338857, 0.03089813, 0.14903554], [-0.01189756, 0.0413768, 0.05347849, 0.01360435, 0.03571303, -0.04158092], [-0.00208265, 0.01842147, -0.01763254, -0.04865093, -0.04543952, 0.01971519], [-0.00705082, -0.0128838, -0.0462022, 0.04610924, -0.004513, 0.05325302], [-0.02426048, -0.01075995, 0.00703314, 0.03340587, -0.00685622, 0.01722733], [-0.01134194, 0.00495522, -0.00960508, -0.03444005, -0.01240124, 0.02094702], [0.03840521, 0.003647, -0.00867456, -0.05667451, 0.01660325, -0.02973065], [0.05276467, -0.02861981, 0.02145658, -0.01163268, -0.00038614, -0.07422125], [0.02497574, 0.06065442, 0.0269306, 0.0153389, 0.00281035, -0.05190635], [0.05075665, -0.02038082, -0.03954864, -0.04596312, 0.00181427, -0.01120801], [-0.04547719, -0.00418331, -0.01689955, 0.01140369, 0.04364688, 0.06237673], [-0.02371187, -0.03362585, 0.02267732, 0.01649292, -0.05869466, 0.00103455], [-0.0302745, -0.00034188, -0.04197079, 0.01595654, 0.0290856, 0.07224528], [-0.00829742, 0.04588236, 0.05369517, 0.00332694, 0.01995751, -0.04539775], [0.07004478, -0.02459007, -0.04301434, -0.02351551, 0.00565148, -0.02703044], [0.00310192, 0.0679862, 0.03107197, -0.00403163, 0.00448165, -0.03417389], [-0.03330573, -0.04277808, 0.04546914, 0.01785646, -0.04051818, -0.01216341], [-0.03647569, 0.02872769, 0.08102627, -0.01544672, -0.00121661, -0.04455058], [-0.02977615, -0.03118615, -0.02270277, 0.00460478, -0.03169075, 0.05247892], [0.06429419, 0.00960601, -0.04596189, 0.0150089, 0.02243442, -0.0183323]], "number of molecular orbitals": 88, "number of electrons": 90, "number of unpaired electrons": 0, "orbital energies/eV": [-19.33969349, -18.58436543, -18.07974127, -17.84594178, -17.65115731, -17.44298438, -17.16999867, -16.93382956, -16.4074824, -16.37074862, -16.26649167, -16.2518145, -16.06676769, -15.85190572, -15.40209606, -15.13779117, -14.90400999, -14.7395779, -14.41418266, -14.24177082, -14.19673595, -13.88441147, -13.73072181, -13.63254395, -13.50248641, -13.37373622, -13.23019787, -13.07342448, -12.87082773, -12.7775586, -12.72135579, -12.57872238, -12.5542405, -12.52496431, -12.40530887, -12.31706045, -12.20738593, -12.12828763, -12.01219756, -11.83459298, -10.64952869, -10.59399654, -10.1931769, -9.99708618, -9.93347211, -6.80166464, -6.30364775, -5.27210533, -3.5455353, -3.22338854, -0.16175405, 0.18111653, 0.24690114, 1.02659091, 1.24238648, 1.58369702, 2.00560488, 2.4283681, 2.69093965, 3.17028606, 3.41508853, 3.86223172, 3.98421887, 4.0870358, 4.32019553, 4.60679657, 5.04988078, 5.08577478, 5.34377817, 5.38969396, 5.66565452, 5.74080068, 5.88279784, 6.02914931, 6.0643103, 6.10446339, 6.52012863, 6.66757754, 6.7572646, 7.06768737, 7.19350116, 7.61850798, 8.11644869, 10.40546413, 12.31138318, 12.43379456, 14.16384314, 17.73356231], "fractional occupation": [2.0, 2.0, 2.0, 2.0, 2.0, 2.0, 2.0, 2.0, 2.0, 2.0, 2.0, 2.0, 2.0, 2.0, 2.0, 2.0, 2.0, 2.0, 2.0, 2.0, 2.0, 2.0, 2.0, 2.0, 2.0, 2.0, 2.0, 2.0, 2.0, 2.0, 2.0, 2.0, 2.0, 2.0, 2.0, 2.0, 2.0, 2.0, 2.0, 2.0, 2.0, 2.0, 2.0, 2.0, 2.0, 0.0, 0.0, 0.0, 0.0, 0.0, 0.0, 0.0, 0.0, 0.0, 0.0, 0.0, 0.0, 0.0, 0.0, 0.0, 0.0, 0.0, 0.0, 0.0, 0.0, 0.0, 0.0, 0.0, 0.0, 0.0, 0.0, 0.0, 0.0, 0.0, 0.0, 0.0, 0.0, 0.0, 0.0, 0.0, 0.0, 0.0, 0.0, 0.0, 0.0, 0.0, 0.0, 0.0], "program call": "xtb /home/svss/Project-DBcg-Debug/aqme2_20220329/End-to-End-workflows-final/example-3/QDESCP/mol_550_rdkit_conf_14/mol_550_rdkit_conf_14.xyz --pop --wbo --acc 0.2 --gfn 2 --chrg 0 --uhf 0 --etemp 300 --input /home/svss/Project-DBcg-Debug/aqme2_20220329/End-to-End-workflows-final/example-3/QDESCP/mol_550_rdkit_conf_14/mol_550_rdkit_conf_14_xtb.inp", "method": "GFN2-xTB", "xtb version": "6.3.3 (7355c4f)", "Dipole module/D": 3.632, "Total charge": 0, "Transition dipole module/D": NaN, "HOMO": -9.9335, "LUMO": -6.8017, "HOMO occupancy": 2.0, "LUMO occupancy": 0, "mulliken charges": [-0.09525, 0.1047, -0.36016, 0.44114, -0.43289, 0.44669, -0.36214, 0.16852, -0.0984, -0.10516, -0.10668, -0.43682, 0.37732, -0.09811, -0.00947, -0.42688, 0.03124, 0.02999, 0.03688, 0.02084, 0.03216, 0.2175, 0.21897, 0.02592, 0.03855, 0.03716, 0.03027, 0.03669, 0.03278, 0.03979, 0.03045, 0.03215, 0.03439, 0.03525, 0.03262], "cm5 charges": [-0.23975, 0.05598, -0.70109, 0.65841, -0.613, 0.66608, -0.6983, 0.19307, -0.2378, -0.24583, -0.24655, -0.61562, 0.54645, -0.12482, -0.13839, -0.60034, 0.08243, 0.08336, 0.09032, 0.08653, 0.0996, 0.4188, 0.42187, 0.07835, 0.09725, 0.09184, 0.08441, 0.09092, 0.0851, 0.09713, 0.08285, 0.08664, 0.08673, 0.0895, 0.08788], "FUKUI+": [0.011, 0.014, -0.049, -0.031, -0.105, -0.019, -0.043, 0.005, 0.011, 0.012, 0.011, -0.077, -0.048, -0.245, 0.035, -0.066, -0.026, -0.015, -0.016, -0.021, -0.019, -0.034, -0.03, -0.026, 0.003, -0.012, -0.012, -0.014, -0.024, 0.004, -0.029, -0.01, -0.054, -0.042, -0.041], "FUKUI-": [0.012, 0.014, -0.058, 0.001, -0.093, 0.0, -0.047, 0.001, 0.009, 0.011, 0.006, -0.059, 0.026, -0.296, 0.047, -0.07, -0.027, -0.021, -0.023, -0.038, -0.027, -0.034, -0.029, -0.031, -0.006, -0.02, -0.017, -0.02, -0.026, -0.005, -0.03, -0.017, -0.045, -0.045, -0.044], "FUKUIrad": [0.012, 0.014, -0.054, -0.015, -0.099, -0.009, -0.045, 0.003, 0.01, 0.011, 0.008, -0.068, -0.011, -0.27, 0.041, -0.068, -0.026, -0.018, -0.019, -0.03, -0.023, -0.034, -0.029, -0.029, -0.002, -0.016, -0.014, -0.017, -0.025, -0.0, -0.03, -0.013, -0.05, -0.043, -0.042], "s proportion": [1.012, 1.001, 1.456, 0.978, 1.525, 0.972, 1.448, 1.061, 1.017, 1.022, 1.02, 1.537, 1.02, 1.926, 1.01, 1.535, 0.969, 0.97, 0.963, 0.979, 0.968, 0.783, 0.781, 0.974, 0.961, 0.963, 0.97, 0.963, 0.967, 0.96, 0.97, 0.968, 0.966, 0.965, 0.967], "p proportion": [3.084, 2.894, 3.904, 2.581, 3.908, 2.581, 3.914, 2.771, 3.081, 3.083, 3.087, 3.899, 2.603, 4.172, 3.0, 3.891, 0.0, 0.0, 0.0, 0.0, 0.0, 0.0, 0.0, 0.0, 0.0, 0.0, 0.0, 0.0, 0.0, 0.0, 0.0, 0.0, 0.0, 0.0, 0.0], "d proportion": [0.0, 0.0, 0.0, 0.0, 0.0, 0.0, 0.0, 0.0, 0.0, 0.0, 0.0, 0.0, 0.0, 0.001, 0.0, 0.0, 0.0, 0.0, 0.0, 0.0, 0.0, 0.0, 0.0, 0.0, 0.0, 0.0, 0.0, 0.0, 0.0, 0.0, 0.0, 0.0, 0.0, 0.0, 0.0], "Fermi-level/eV": -8.3676, "Coordination numbers": [3.751, 3.748, 2.698, 2.943, 1.842, 2.924, 2.705, 3.832, 3.754, 3.759, 3.754, 1.887, 3.005, 2.036, 3.742, 1.898, 0.924, 0.924, 0.924, 0.924, 0.924, 0.86, 0.86, 0.924, 0.924, 0.924, 0.924, 0.924, 0.924, 0.924, 0.924, 0.924, 0.924, 0.924, 0.924], "Dispersion coefficient C6": [22.712, 20.308, 25.381, 22.631, 29.756, 22.533, 25.305, 18.956, 22.779, 22.789, 22.691, 29.893, 23.096, 146.407, 21.552, 29.62, 2.376, 2.426, 2.298, 2.642, 2.167, 1.179, 1.2, 2.414, 2.202, 2.347, 2.496, 2.356, 2.354, 2.404, 2.406, 2.539, 2.161, 2.218, 2.127], "Total dispersion C6": 12865.12122, "Total dispersion C8": 311322.144504, "Polarizability alpha": [6.796, 6.427, 7.482, 7.802, 8.084, 7.785, 7.471, 6.195, 6.805, 6.806, 6.792, 8.105, 7.883, 20.365, 6.623, 8.069, 2.411, 2.436, 2.371, 2.542, 2.302, 1.701, 1.716, 2.43, 2.321, 2.396, 2.47, 2.4, 2.399, 2.425, 2.426, 2.492, 2.299, 2.329, 2.281], "Total polarizability alpha": 173.637114, "Wiberg matrix": [[0.0, 1.0191128874695792, 0.0, 0.0, 0.0, 0.0, 0.0, 0.0, 0.0, 0.0, 0.0, 0.0, 0.0, 0.0, 0.0, 0.0, 0.98513289651609, 0.986215510016694, 0.9862807889214324, 0.0, 0.0, 0.0, 0.0, 0.0, 0.0, 0.0, 0.0, 0.0, 0.0, 0.0, 0.0, 0.0, 0.0, 0.0, 0.0], [1.0191128874695792, 0.0, 0.9887549254093528, 0.0, 0.0, 0.0, 0.0, 0.0, 0.0, 0.0, 0.0, 0.0, 0.0, 0.0, 0.0, 0.0, 0.0, 0.0, 0.0, 0.96979742145666, 0.9693472971926376, 0.0, 0.0, 0.0, 0.0, 0.0, 0.0, 0.0, 0.0, 0.0, 0.0, 0.0, 0.0, 0.0, 0.0], [0.0, 0.9887549254093528, 0.0, 1.1758129606555516, 0.0, 0.0, 0.0, 0.0, 0.0, 0.0, 0.0, 0.0, 0.0, 0.0, 0.0, 0.0, 0.0, 0.0, 0.0, 0.0, 0.0, 0.9317221716120551, 0.0, 0.0, 0.0, 0.0, 0.0, 0.0, 0.0, 0.0, 0.0, 0.0, 0.0, 0.0, 0.0], [0.0, 0.0, 1.1758129606555516, 0.0, 1.3382389765148, 0.0, 0.0, 0.0, 0.0, 0.0, 0.0, 0.0, 0.0, 0.0, 0.0, 1.31579056625203, 0.0, 0.0, 0.0, 0.0, 0.0, 0.0, 0.0, 0.0, 0.0, 0.0, 0.0, 0.0, 0.0, 0.0, 0.0, 0.0, 0.0, 0.0, 0.0], [0.0, 0.0, 0.0, 1.3382389765148, 0.0, 1.3317558294222946, 0.0, 0.0, 0.0, 0.0, 0.0, 0.0, 0.0, 0.0, 0.0, 0.0, 0.0, 0.0, 0.0, 0.0, 0.0, 0.0, 0.0, 0.0, 0.0, 0.0, 0.0, 0.0, 0.0, 0.0, 0.0, 0.0, 0.0, 0.0, 0.0], [0.0, 0.0, 0.0, 0.0, 1.3317558294222946, 0.0, 1.2011599212689157, 0.0, 0.0, 0.0, 0.0, 1.2985026250754013, 0.0, 0.0, 0.0, 0.0, 0.0, 0.0, 0.0, 0.0, 0.0, 0.0, 0.0, 0.0, 0.0, 0.0, 0.0, 0.0, 0.0, 0.0, 0.0, 0.0, 0.0, 0.0, 0.0], [0.0, 0.0, 0.0, 0.0, 0.0, 1.2011599212689157, 0.0, 0.9641016716233386, 0.0, 0.0, 0.0, 0.0, 0.0, 0.0, 0.0, 0.0, 0.0, 0.0, 0.0, 0.0, 0.0, 0.0, 0.9319732160547277, 0.0, 0.0, 0.0, 0.0, 0.0, 0.0, 0.0, 0.0, 0.0, 0.0, 0.0, 0.0], [0.0, 0.0, 0.0, 0.0, 0.0, 0.0, 0.9641016716233386, 0.0, 0.9945508625452519, 0.9934088982079372, 0.9891123770063678, 0.0, 0.0, 0.0, 0.0, 0.0, 0.0, 0.0, 0.0, 0.0, 0.0, 0.0, 0.0, 0.0, 0.0, 0.0, 0.0, 0.0, 0.0, 0.0, 0.0, 0.0, 0.0, 0.0, 0.0], [0.0, 0.0, 0.0, 0.0, 0.0, 0.0, 0.0, 0.9945508625452519, 0.0, 0.0, 0.0, 0.0, 0.0, 0.0, 0.0, 0.0, 0.0, 0.0, 0.0, 0.0, 0.0, 0.0, 0.0, 0.9843135715668915, 0.9800018453022086, 0.984911058478813, 0.0, 0.0, 0.0, 0.0, 0.0, 0.0, 0.0, 0.0, 0.0], [0.0, 0.0, 0.0, 0.0, 0.0, 0.0, 0.0, 0.9934088982079372, 0.0, 0.0, 0.0, 0.0, 0.0, 0.0, 0.0, 0.0, 0.0, 0.0, 0.0, 0.0, 0.0, 0.0, 0.0, 0.0, 0.0, 0.0, 0.9848727895853595, 0.985561475370617, 0.9846833376711009, 0.0, 0.0, 0.0, 0.0, 0.0, 0.0], [0.0, 0.0, 0.0, 0.0, 0.0, 0.0, 0.0, 0.9891123770063678, 0.0, 0.0, 0.0, 0.0, 0.0, 0.0, 0.0, 0.0, 0.0, 0.0, 0.0, 0.0, 0.0, 0.0, 0.0, 0.0, 0.0, 0.0, 0.0, 0.0, 0.0, 0.9835148142038916, 0.9840617996638418, 0.9858513457181486, 0.0, 0.0, 0.0], [0.0, 0.0, 0.0, 0.0, 0.0, 1.2985026250754013, 0.0, 0.0, 0.0, 0.0, 0.0, 0.0, 1.38839197114757, 0.0, 0.0, 0.0, 0.0, 0.0, 0.0, 0.0, 0.0, 0.0, 0.0, 0.0, 0.0, 0.0, 0.0, 0.0, 0.0, 0.0, 0.0, 0.0, 0.0, 0.0, 0.0], [0.0, 0.0, 0.0, 0.0, 0.0, 0.0, 0.0, 0.0, 0.0, 0.0, 0.0, 1.38839197114757, 0.0, 1.0511910491160124, 0.0, 1.3834260067799464, 0.0, 0.0, 0.0, 0.0, 0.0, 0.0, 0.0, 0.0, 0.0, 0.0, 0.0, 0.0, 0.0, 0.0, 0.0, 0.0, 0.0, 0.0, 0.0], [0.0, 0.0, 0.0, 0.0, 0.0, 0.0, 0.0, 0.0, 0.0, 0.0, 0.0, 0.0, 1.0511910491160124, 0.0, 1.008843294873079, 0.0, 0.0, 0.0, 0.0, 0.0, 0.0, 0.0, 0.0, 0.0, 0.0, 0.0, 0.0, 0.0, 0.0, 0.0, 0.0, 0.0, 0.0, 0.0, 0.0], [0.0, 0.0, 0.0, 0.0, 0.0, 0.0, 0.0, 0.0, 0.0, 0.0, 0.0, 0.0, 0.0, 1.008843294873079, 0.0, 0.0, 0.0, 0.0, 0.0, 0.0, 0.0, 0.0, 0.0, 0.0, 0.0, 0.0, 0.0, 0.0, 0.0, 0.0, 0.0, 0.0, 0.9801258046790606, 0.9831006684177698, 0.9814582182369698], [0.0, 0.0, 0.0, 1.31579056625203, 0.0, 0.0, 0.0, 0.0, 0.0, 0.0, 0.0, 0.0, 1.3834260067799464, 0.0, 0.0, 0.0, 0.0, 0.0, 0.0, 0.0, 0.0, 0.0, 0.0, 0.0, 0.0, 0.0, 0.0, 0.0, 0.0, 0.0, 0.0, 0.0, 0.0, 0.0, 0.0], [0.98513289651609, 0.0, 0.0, 0.0, 0.0, 0.0, 0.0, 0.0, 0.0, 0.0, 0.0, 0.0, 0.0, 0.0, 0.0, 0.0, 0.0, 0.0, 0.0, 0.0, 0.0, 0.0, 0.0, 0.0, 0.0, 0.0, 0.0, 0.0, 0.0, 0.0, 0.0, 0.0, 0.0, 0.0, 0.0], [0.986215510016694, 0.0, 0.0, 0.0, 0.0, 0.0, 0.0, 0.0, 0.0, 0.0, 0.0, 0.0, 0.0, 0.0, 0.0, 0.0, 0.0, 0.0, 0.0, 0.0, 0.0, 0.0, 0.0, 0.0, 0.0, 0.0, 0.0, 0.0, 0.0, 0.0, 0.0, 0.0, 0.0, 0.0, 0.0], [0.9862807889214324, 0.0, 0.0, 0.0, 0.0, 0.0, 0.0, 0.0, 0.0, 0.0, 0.0, 0.0, 0.0, 0.0, 0.0, 0.0, 0.0, 0.0, 0.0, 0.0, 0.0, 0.0, 0.0, 0.0, 0.0, 0.0, 0.0, 0.0, 0.0, 0.0, 0.0, 0.0, 0.0, 0.0, 0.0], [0.0, 0.96979742145666, 0.0, 0.0, 0.0, 0.0, 0.0, 0.0, 0.0, 0.0, 0.0, 0.0, 0.0, 0.0, 0.0, 0.0, 0.0, 0.0, 0.0, 0.0, 0.0, 0.0, 0.0, 0.0, 0.0, 0.0, 0.0, 0.0, 0.0, 0.0, 0.0, 0.0, 0.0, 0.0, 0.0], [0.0, 0.9693472971926376, 0.0, 0.0, 0.0, 0.0, 0.0, 0.0, 0.0, 0.0, 0.0, 0.0, 0.0, 0.0, 0.0, 0.0, 0.0, 0.0, 0.0, 0.0, 0.0, 0.0, 0.0, 0.0, 0.0, 0.0, 0.0, 0.0, 0.0, 0.0, 0.0, 0.0, 0.0, 0.0, 0.0], [0.0, 0.0, 0.9317221716120551, 0.0, 0.0, 0.0, 0.0, 0.0, 0.0, 0.0, 0.0, 0.0, 0.0, 0.0, 0.0, 0.0, 0.0, 0.0, 0.0, 0.0, 0.0, 0.0, 0.0, 0.0, 0.0, 0.0, 0.0, 0.0, 0.0, 0.0, 0.0, 0.0, 0.0, 0.0, 0.0], [0.0, 0.0, 0.0, 0.0, 0.0, 0.0, 0.9319732160547277, 0.0, 0.0, 0.0, 0.0, 0.0, 0.0, 0.0, 0.0, 0.0, 0.0, 0.0, 0.0, 0.0, 0.0, 0.0, 0.0, 0.0, 0.0, 0.0, 0.0, 0.0, 0.0, 0.0, 0.0, 0.0, 0.0, 0.0, 0.0], [0.0, 0.0, 0.0, 0.0, 0.0, 0.0, 0.0, 0.0, 0.9843135715668915, 0.0, 0.0, 0.0, 0.0, 0.0, 0.0, 0.0, 0.0, 0.0, 0.0, 0.0, 0.0, 0.0, 0.0, 0.0, 0.0, 0.0, 0.0, 0.0, 0.0, 0.0, 0.0, 0.0, 0.0, 0.0, 0.0], [0.0, 0.0, 0.0, 0.0, 0.0, 0.0, 0.0, 0.0, 0.9800018453022086, 0.0, 0.0, 0.0, 0.0, 0.0, 0.0, 0.0, 0.0, 0.0, 0.0, 0.0, 0.0, 0.0, 0.0, 0.0, 0.0, 0.0, 0.0, 0.0, 0.0, 0.0, 0.0, 0.0, 0.0, 0.0, 0.0], [0.0, 0.0, 0.0, 0.0, 0.0, 0.0, 0.0, 0.0, 0.984911058478813, 0.0, 0.0, 0.0, 0.0, 0.0, 0.0, 0.0, 0.0, 0.0, 0.0, 0.0, 0.0, 0.0, 0.0, 0.0, 0.0, 0.0, 0.0, 0.0, 0.0, 0.0, 0.0, 0.0, 0.0, 0.0, 0.0], [0.0, 0.0, 0.0, 0.0, 0.0, 0.0, 0.0, 0.0, 0.0, 0.9848727895853595, 0.0, 0.0, 0.0, 0.0, 0.0, 0.0, 0.0, 0.0, 0.0, 0.0, 0.0, 0.0, 0.0, 0.0, 0.0, 0.0, 0.0, 0.0, 0.0, 0.0, 0.0, 0.0, 0.0, 0.0, 0.0], [0.0, 0.0, 0.0, 0.0, 0.0, 0.0, 0.0, 0.0, 0.0, 0.985561475370617, 0.0, 0.0, 0.0, 0.0, 0.0, 0.0, 0.0, 0.0, 0.0, 0.0, 0.0, 0.0, 0.0, 0.0, 0.0, 0.0, 0.0, 0.0, 0.0, 0.0, 0.0, 0.0, 0.0, 0.0, 0.0], [0.0, 0.0, 0.0, 0.0, 0.0, 0.0, 0.0, 0.0, 0.0, 0.9846833376711009, 0.0, 0.0, 0.0, 0.0, 0.0, 0.0, 0.0, 0.0, 0.0, 0.0, 0.0, 0.0, 0.0, 0.0, 0.0, 0.0, 0.0, 0.0, 0.0, 0.0, 0.0, 0.0, 0.0, 0.0, 0.0], [0.0, 0.0, 0.0, 0.0, 0.0, 0.0, 0.0, 0.0, 0.0, 0.0, 0.9835148142038916, 0.0, 0.0, 0.0, 0.0, 0.0, 0.0, 0.0, 0.0, 0.0, 0.0, 0.0, 0.0, 0.0, 0.0, 0.0, 0.0, 0.0, 0.0, 0.0, 0.0, 0.0, 0.0, 0.0, 0.0], [0.0, 0.0, 0.0, 0.0, 0.0, 0.0, 0.0, 0.0, 0.0, 0.0, 0.9840617996638418, 0.0, 0.0, 0.0, 0.0, 0.0, 0.0, 0.0, 0.0, 0.0, 0.0, 0.0, 0.0, 0.0, 0.0, 0.0, 0.0, 0.0, 0.0, 0.0, 0.0, 0.0, 0.0, 0.0, 0.0], [0.0, 0.0, 0.0, 0.0, 0.0, 0.0, 0.0, 0.0, 0.0, 0.0, 0.9858513457181486, 0.0, 0.0, 0.0, 0.0, 0.0, 0.0, 0.0, 0.0, 0.0, 0.0, 0.0, 0.0, 0.0, 0.0, 0.0, 0.0, 0.0, 0.0, 0.0, 0.0, 0.0, 0.0, 0.0, 0.0], [0.0, 0.0, 0.0, 0.0, 0.0, 0.0, 0.0, 0.0, 0.0, 0.0, 0.0, 0.0, 0.0, 0.0, 0.9801258046790606, 0.0, 0.0, 0.0, 0.0, 0.0, 0.0, 0.0, 0.0, 0.0, 0.0, 0.0, 0.0, 0.0, 0.0, 0.0, 0.0, 0.0, 0.0, 0.0, 0.0], [0.0, 0.0, 0.0, 0.0, 0.0, 0.0, 0.0, 0.0, 0.0, 0.0, 0.0, 0.0, 0.0, 0.0, 0.9831006684177698, 0.0, 0.0, 0.0, 0.0, 0.0, 0.0, 0.0, 0.0, 0.0, 0.0, 0.0, 0.0, 0.0, 0.0, 0.0, 0.0, 0.0, 0.0, 0.0, 0.0], [0.0, 0.0, 0.0, 0.0, 0.0, 0.0, 0.0, 0.0, 0.0, 0.0, 0.0, 0.0, 0.0, 0.0, 0.9814582182369698, 0.0, 0.0, 0.0, 0.0, 0.0, 0.0, 0.0, 0.0, 0.0, 0.0, 0.0, 0.0, 0.0, 0.0, 0.0, 0.0, 0.0, 0.0, 0.0, 0.0]], "Born radii": [], "Atomic SASAs": [], "Solvent H bonds": [], "Total SASA": NaN, "Total FOD": 0.0, "FOD": [0.0, 0.0, 0.0, 0.0, 0.0, 0.0, 0.0, 0.0, 0.0, 0.0, 0.0, 0.0, 0.0, 0.0, 0.0, 0.0, 0.0, 0.0, 0.0, 0.0, 0.0, 0.0, 0.0, 0.0, 0.0, 0.0, 0.0, 0.0, 0.0, 0.0, 0.0, 0.0, 0.0, 0.0, 0.0], "FOD s proportion": [0.0, 0.0, 0.0, 0.0, 0.0, 0.0, 0.0, 0.0, 0.0, 0.0, 0.0, 0.0, 0.0, 0.0, 0.0, 0.0, 0.0, 0.0, 0.0, 0.0, 0.0, 0.0, 0.0, 0.0, 0.0, 0.0, 0.0, 0.0, 0.0, 0.0, 0.0, 0.0, 0.0, 0.0, 0.0], "FOD p proportion": [0.0, 0.0, 0.0, 0.0, 0.0, 0.0, 0.0, 0.0, 0.0, 0.0, 0.0, 0.0, 0.0, 0.0, 0.0, 0.0, 0.0, 0.0, 0.0, 0.0, 0.0, 0.0, 0.0, 0.0, 0.0, 0.0, 0.0, 0.0, 0.0, 0.0, 0.0, 0.0, 0.0, 0.0, 0.0], "FOD d proportion": [0.0, 0.0, 0.0, 0.0, 0.0, 0.0, 0.0, 0.0, 0.0, 0.0, 0.0, 0.0, 0.0, 0.0, 0.0, 0.0, 0.0, 0.0, 0.0, 0.0, 0.0, 0.0, 0.0, 0.0, 0.0, 0.0, 0.0, 0.0, 0.0, 0.0, 0.0, 0.0, 0.0, 0.0, 0.0], "coordinates": [["3.38040", "-3.04360", "-1.21350"], ["2.24270", "-2.07540", "-0.93000"], ["2.79050", "-0.80410", "-0.49530"], ["1.84980", "0.19660", "-0.28010"], ["0.64140", "-0.10330", "0.17660"], ["-0.19050", "0.90860", "0.36230"], ["-1.46970", "0.71070", "0.84280"], ["-2.21490", "-0.53370", "0.63540"], ["-1.62840", "-1.68540", "1.46460"], ["-3.64950", "-0.27390", "1.14320"], ["-2.29340", "-0.90560", "-0.85240"], ["0.11680", "2.17020", "0.11060"], ["1.35010", "2.36920", "-0.34050"], ["1.84980", "4.03260", "-0.72850"], ["0.81800", "4.94240", "0.44560"], ["2.25080", "1.42170", "-0.56660"], ["2.98560", "-4.01210", "-1.53570"], ["4.03510", "-2.66070", "-2.00360"], ["3.99240", "-3.20270", "-0.31930"], ["1.64490", "-1.94860", "-1.84090"], ["1.60160", "-2.50910", "-0.15360"], ["3.50060", "-0.40120", "-1.09830"], ["-1.98510", "1.56370", "0.65250"], ["-2.29000", "-2.55930", "1.44540"], ["-0.65720", "-2.01930", "1.08900"], ["-1.49320", "-1.39040", "2.51160"], ["-4.12590", "0.54220", "0.58700"], ["-3.64850", "0.01150", "2.20190"], ["-4.27980", "-1.16380", "1.03520"], ["-1.31480", "-1.17590", "-1.26220"], ["-2.95590", "-1.76470", "-1.00830"], ["-2.67980", "-0.07120", "-1.44910"], ["1.07680", "6.00380", "0.39820"], ["0.99080", "4.59180", "1.46700"], ["-0.24160", "4.83880", "0.19590"]], "bond_dist": [[0.0, 1.5205738324724647, 2.424696578955808, 3.7030889754365885, 4.252042226977526, 5.554669863277205, 6.468895438171805, 6.405108220006904, 5.8399489972087935, 7.914844723050478, 6.073997337009624, 6.2919024316974275, 5.846593104535325, 7.256071099431152, 8.549543997781402, 4.65116973029366, 1.0943820767903687, 1.095218019391573, 1.0951942521762978, 2.145836902003505, 2.1385059504242676, 2.6476398622169146, 7.314216262867814, 6.281538972258311, 4.759507379971167, 6.3530636082129694, 8.511421830693154, 8.390710838778798, 8.201765893391496, 5.053273990196851, 6.467332521217692, 6.754013115178264, 9.474154136913754, 8.437689350171645, 8.788488045164538], [1.5205738324724647, 0.0, 1.4509488688441092, 2.3955634869483218, 2.7709030405266803, 4.061373847603789, 4.968610148723686, 4.969659325346155, 4.568547293177559, 6.500890810496666, 4.685152826749626, 4.860804308959578, 4.571511147312232, 6.12393963556141, 7.291883315714809, 3.5159399283833053, 2.160921051311223, 2.1697674552817863, 2.1691495729893777, 1.0968964809862414, 1.0963128476853679, 2.100852907749612, 5.798417706581684, 5.1402386773378534, 3.5339677729147447, 5.12550332845468, 7.050686826118431, 6.990721469204734, 6.872847433924312, 3.6844624221180493, 5.208464969643169, 5.340158115636652, 8.2702424807257, 7.19474936672571, 7.4327356296319325], [2.424696578955808, 1.4509488688441092, 0.0, 1.390189922276809, 2.3582198922068316, 3.5433289502951886, 4.715340357810876, 5.138640657800465, 4.913712945421213, 6.666287894323197, 5.097436794115254, 4.045027439956372, 3.488344605970001, 4.932845590528859, 6.148033125317398, 2.29140686478853, 3.378129685195641, 2.6964720673502254, 2.688646791603538, 2.1054498260466814, 2.1064821622790926, 1.014977546549676, 5.452547756783063, 5.714763667904387, 3.9841376507344726, 5.266429624517924, 7.1288488509716625, 7.028571135017415, 7.2429936096892975, 4.192834237124096, 5.848677997633311, 5.600987318321654, 7.076906976214962, 6.017082199039664, 6.443113242835329], [3.7030889754365885, 2.3955634869483218, 1.390189922276809, 0.0, 1.3261770093015488, 2.2544280538531276, 3.5417909975039463, 4.230043076612814, 4.32247351987262, 5.699952072605523, 4.325329856785491, 2.655378023935575, 2.23014327118237, 3.8621184031564857, 4.910587477074408, 1.320512498994235, 4.5364885858998925, 3.988753142273911, 4.018396681513661, 2.6608201160544467, 2.720003305145051, 1.936996830147122, 4.176740736507355, 5.2640553853469285, 3.6152035378384992, 4.635494244414505, 6.048164371112941, 6.035386391938797, 6.415036898568861, 3.5864982671123657, 5.241347672116399, 4.6856754048909535, 5.897558115864565, 4.807080449711655, 5.113760925189992], [4.252042226977526, 2.7709030405266803, 2.3582198922068316, 1.3261770093015488, 0.0, 1.3230584680957982, 2.3586355483626544, 2.92475491109939, 3.0518808053395534, 4.401731787603603, 3.2117872485580365, 2.3341729606008204, 2.6235289878329917, 4.402851959809687, 5.055950657393721, 2.338405354082136, 4.868876910541075, 4.776061818067266, 4.591448373879424, 2.9124646933482303, 2.611300388695257, 3.1447001542277446, 3.147041795083122, 4.029254943534847, 2.4879493001265116, 3.415460228139101, 4.828275851688675, 4.745340993016202, 5.106864365733634, 2.6546816456968996, 4.135795601815931, 3.6978778157207954, 6.126610003093064, 4.8817186041393255, 5.020399774918328], [5.554669863277205, 4.061373847603789, 3.5433289502951886, 2.2544280538531276, 1.3230584680957982, 0.0, 1.380723469779521, 2.500601579620392, 3.164088762977423, 3.7380198046559356, 3.0313373517310804, 1.3226566977110878, 2.2362308825342705, 3.887421347114306, 4.158792322297424, 2.661967789061318, 6.156565901539591, 6.016068538505857, 5.904576077924647, 4.048008799397551, 3.8933852249681125, 4.180089426076911, 1.9323460378513988, 4.196109658957925, 3.052621855061645, 3.406158948140853, 3.958801865463842, 4.018293240917093, 4.633574285581272, 2.8719663977839294, 4.083199041193069, 3.2307572626243526, 5.250561983254745, 4.022660067666668, 3.9340528987292482], [6.468895438171805, 4.968610148723686, 4.715340357810876, 3.5417909975039463, 2.3586355483626544, 1.380723469779521, 0.0, 1.4652198333355988, 2.4805475484255486, 2.410644179467389, 2.48286335105257, 2.276672866267791, 3.478806286644889, 4.95207870999644, 4.826864823050258, 4.041540499611503, 6.914607738693497, 7.054867394926711, 6.819069759138705, 4.896412496920577, 4.559913232727132, 5.450511252167085, 1.0146232059242486, 3.4247509179500923, 2.8589632194206347, 2.683294039049765, 2.673803345423892, 2.6614287309638787, 3.3834050925066594, 2.830950117893284, 3.4297181823001144, 2.7071230540926656, 5.8906059976881835, 4.637523379994973, 4.35521742626014], [6.405108220006904, 4.969659325346155, 5.138640657800465, 4.230043076612814, 2.92475491109939, 2.500601579620392, 1.4652198333355988, 0.0, 1.535567575849399, 1.543837439628927, 1.535584807166312, 3.608783055269463, 4.699833424707732, 6.263633529350197, 6.262761184972647, 5.021042685538533, 6.622548000581045, 7.109919127528808, 6.823898180658912, 4.799172818309422, 4.369256047658457, 5.974128571599376, 2.1100206657755747, 2.1828411233985854, 2.1998158127443306, 2.1851572529225445, 2.1935871010744017, 2.1923444642665078, 2.195604258512904, 2.1962437501333953, 2.183160940013356, 2.185218183614625, 7.32328198146159, 6.102361944362198, 5.740281298856354], [5.8399489972087935, 4.568547293177559, 4.913712945421213, 4.32247351987262, 3.0518808053395534, 3.164088762977423, 2.4805475484255486, 1.535567575849399, 0.0, 2.4860561980775895, 2.533535482285575, 4.443499791830759, 5.345056540393189, 7.042945892877497, 7.137994592320732, 5.369174656313575, 5.975309948446189, 6.712291231762817, 6.089161776468088, 4.659409552722319, 3.70539511118585, 5.875735447584412, 3.367995265733015, 1.0962592804624276, 1.0935236668678003, 1.0961355025725608, 3.45975284810924, 2.7393219799797173, 2.736123696034227, 2.7916614139254063, 2.807806822058811, 3.4929545216048834, 8.220651594612193, 6.801724357837505, 6.789550763489438], [7.914844723050478, 6.500890810496666, 6.666287894323197, 5.699952072605523, 4.401731787603603, 3.7380198046559356, 2.410644179467389, 1.543837439628927, 2.4860561980775895, 0.0, 2.494087299995732, 4.607049300799808, 5.846652329324876, 7.231286443641961, 6.903259208518829, 6.37275572182082, 8.073115660016274, 8.640152871332775, 8.31356790433566, 6.303978446980922, 5.852508905589124, 7.494295000198485, 2.5274072900899847, 2.6763068303167334, 3.464566075282733, 2.7872424544700087, 1.0965101960310262, 1.096494345630656, 1.095839449919558, 3.4713653293769013, 2.707862228770142, 2.775144080944267, 7.893190354983212, 6.731438703575931, 6.2169816623503085], [6.073997337009624, 4.685152826749626, 5.097436794115254, 4.325329856785491, 3.2117872485580365, 3.0313373517310804, 2.48286335105257, 1.535584807166312, 2.533535482285575, 2.494087299995732, 0.0, 4.024547015503733, 4.925591223396436, 6.447268932656679, 6.750164291333952, 5.11348810206888, 6.1632038859671034, 6.66749950881138, 6.713579198907241, 4.19227720218976, 4.269725833118563, 5.821110046202529, 2.90812919073414, 2.8310104362223747, 2.772455967188659, 3.491682557163523, 2.7433653511699823, 3.4649844025622976, 2.752360070920954, 1.0948315349860909, 1.096021838286081, 1.0961656854691264, 7.7885850293875585, 6.8107997151582715, 6.189260657784579], [6.2919024316974275, 4.860804308959578, 4.045027439956372, 2.655378023935575, 2.3341729606008204, 1.3226566977110878, 2.276672866267791, 3.608783055269463, 4.443499791830759, 4.607049300799808, 4.024547015503733, 0.0, 1.3282022059912415, 2.6787891984999495, 2.879062222321706, 2.3606795822389786, 7.011501295728326, 6.569665999120503, 6.6387607111568645, 4.807073465217689, 4.916328016924826, 4.418556281185066, 2.2537705007387068, 5.471978392683948, 4.371298755518776, 4.586368210250895, 4.569227970893988, 4.817780139234251, 5.594687901929829, 3.8897870905744956, 5.116332720806965, 3.908645495564928, 3.9624238440631263, 2.9099559309377865, 2.6939102824704464], [5.846593104535325, 4.571511147312232, 3.488344605970001, 2.23014327118237, 2.6235289878329917, 2.2362308825342705, 3.478806286644889, 4.699833424707732, 5.345056540393189, 5.846652329324876, 4.925591223396436, 1.3282022059912415, 0.0, 1.7796470577055443, 2.7427070313834103, 1.3267019069858912, 6.695099176263187, 5.939277786061197, 6.166706441853706, 4.580557175715636, 4.88835296904796, 3.5880394716335, 3.5718956157760267, 6.38199647994262, 5.03305630705638, 5.509393928555119, 5.846773576084506, 6.083465214004268, 6.7875189502497895, 4.529785525827907, 6.006390101383693, 4.839900838860235, 3.7189632614480073, 2.8872311130216093, 2.9866633573270356], [7.256071099431152, 6.12393963556141, 4.932845590528859, 3.8621184031564857, 4.402851959809687, 3.887421347114306, 4.95207870999644, 6.263633529350197, 7.042945892877497, 7.231286443641961, 6.447268932656679, 2.6787891984999495, 1.7796470577055443, 0.0, 1.8085513788665226, 2.646471503719623, 8.164484770639236, 7.155534989782386, 7.556966685780744, 6.087213747684569, 6.5716019462532875, 4.745574266619374, 4.76540514751894, 8.081889065063935, 6.79807685010989, 7.147225056621625, 7.044318483714376, 7.415375395757116, 8.227101969101879, 6.1178428469518575, 7.53536514178311, 6.154487384015017, 2.39846019979486, 2.422974595409535, 2.424546918498382], [8.549543997781402, 7.291883315714809, 6.148033125317398, 4.910587477074408, 5.055950657393721, 4.158792322297424, 4.826864823050258, 6.262761184972647, 7.137994592320732, 6.903259208518829, 6.750164291333952, 2.879062222321706, 2.7427070313834103, 1.8085513788665226, 0.0, 3.9335471485670537, 9.423752421408363, 8.611355448476157, 8.77522315271811, 7.307374826844453, 7.516509951433577, 6.175275777647506, 4.394973368519996, 8.181367057527734, 7.145309334801399, 7.050840891695118, 6.61996232693208, 6.880987338311269, 7.976269268273232, 6.700672471476277, 7.8320710434724745, 6.400052959937129, 1.0935237354534193, 1.0936352956996223, 1.093542504889499], [4.65116973029366, 3.5159399283833053, 2.29140686478853, 1.320512498994235, 2.338405354082136, 2.661967789061318, 4.041540499611503, 5.021042685538533, 5.369174656313575, 6.37275572182082, 5.11348810206888, 2.3606795822389786, 1.3267019069858912, 2.646471503719623, 3.9335471485670537, 0.0, 5.568237449139539, 4.68131234270904, 4.947666440858761, 3.6537484026681426, 4.0053986418332945, 2.2732508308587507, 4.410126712465301, 6.365168469098049, 4.7997871161125465, 5.603637894261191, 6.539618956789454, 6.667458044862375, 7.204117562200106, 4.465970049160652, 6.120291556780607, 5.226698099182695, 4.827499917141377, 3.971481206048947, 4.297678026562716], [1.0943820767903687, 2.160921051311223, 3.378129685195641, 4.5364885858998925, 4.868876910541075, 6.156565901539591, 6.914607738693497, 6.622548000581045, 5.975309948446189, 8.073115660016274, 6.1632038859671034, 7.011501295728326, 6.695099176263187, 8.164484770639236, 9.423752421408363, 5.568237449139539, 0.0, 1.7738834854634622, 1.7743741319124333, 2.479648317806378, 2.4667114565753328, 3.6735735422065527, 7.783676725686904, 6.231335363306969, 4.912259538135174, 6.581306680287737, 8.707521807609787, 8.612217689422394, 8.216348146226522, 5.158708447857855, 6.3741964019004, 6.901807700160879, 10.377944857244135, 9.32858668502362, 9.578710205972408], [1.095218019391573, 2.1697674552817863, 2.6964720673502254, 3.988753142273911, 4.776061818067266, 6.016068538505857, 7.054867394926711, 7.109919127528808, 6.712291231762817, 8.640152871332775, 6.66749950881138, 6.569665999120503, 5.939277786061197, 7.155534989782386, 8.611355448476157, 4.68131234270904, 1.7738834854634622, 0.0, 1.7698739446638567, 2.4993226562410866, 3.060621637837647, 2.492107258927673, 7.819413699888247, 7.205051906128088, 5.656257420768613, 7.250020277213023, 9.141755726883101, 9.157761301213306, 8.978450704882217, 5.601404735421285, 7.118112045338989, 7.218231259110503, 9.465397106302513, 8.597184603112812, 8.90901023627204], [1.0951942521762978, 2.1691495729893777, 2.688646791603538, 4.018396681513661, 4.591448373879424, 5.904576077924647, 6.819069759138705, 6.823898180658912, 6.089161776468088, 8.31356790433566, 6.713579198907241, 6.6387607111568645, 6.166706441853706, 7.556966685780744, 8.77522315271811, 4.947666440858761, 1.7743741319124333, 1.7698739446638567, 0.0, 3.0657445457832915, 2.4948871898344422, 2.9490863822546807, 7.706715931575524, 6.557185326799907, 5.000252454626666, 6.433524186633637, 8.98623673124629, 8.664345554627886, 8.626765112137921, 5.758762930525965, 7.128915618100694, 7.456607347178743, 9.683758147537556, 8.541352381209899, 9.10263199794433], [2.145836902003505, 1.0968964809862414, 2.1054498260466814, 2.6608201160544467, 2.9124646933482303, 4.048008799397551, 4.896412496920577, 4.799172818309422, 4.659409552722319, 6.303978446980922, 4.19227720218976, 4.807073465217689, 4.580557175715636, 6.087213747684569, 7.307374826844453, 3.6537484026681426, 2.479648317806378, 2.4993226562410866, 3.0657445457832915, 0.0, 1.7784871183115158, 2.527750780832636, 5.632956137766386, 5.162960409493762, 3.726791771752213, 5.394767381453995, 6.738020160996848, 6.943076220955665, 6.632490658870165, 3.113162872385574, 4.679145499981808, 4.730873924551362, 8.281121432511421, 7.358456453632106, 7.3332281602306635], [2.1385059504242676, 1.0963128476853679, 2.1064821622790926, 2.720003305145051, 2.611300388695257, 3.8933852249681125, 4.559913232727132, 4.369256047658457, 3.70539511118585, 5.852508905589124, 4.269725833118563, 4.916328016924826, 4.88835296904796, 6.5716019462532875, 7.516509951433577, 4.0053986418332945, 2.4667114565753328, 3.060621637837647, 2.4948871898344422, 1.7784871183115158, 0.0, 2.990301239005863, 5.486521114513276, 4.207596891338333, 2.624144858806388, 4.23468626582891, 6.531705466415336, 6.282145701907908, 6.149304309432083, 3.392905120984081, 4.696322997835647, 5.094316698046952, 8.546892107076115, 7.309049309588765, 7.583611995612645], [2.6476398622169146, 2.100852907749612, 1.014977546549676, 1.936996830147122, 3.1447001542277446, 4.180089426076911, 5.450511252167085, 5.974128571599376, 5.875735447584412, 7.494295000198485, 5.821110046202529, 4.418556281185066, 3.5880394716335, 4.745574266619374, 6.175275777647506, 2.2732508308587507, 3.6735735422065527, 2.492107258927673, 2.9490863822546807, 2.527750780832636, 2.990301239005863, 0.0, 6.084327172333848, 6.682728010326322, 4.968886166939226, 6.240827917031522, 7.8672575844445305, 7.884876165165817, 8.103579775013015, 4.880071767914894, 6.59951698990161, 6.1991374238679375, 7.009874727126014, 6.148976266826861, 6.567847020142902], [7.314216262867814, 5.798417706581684, 5.452547756783063, 4.176740736507355, 3.147041795083122, 1.9323460378513988, 1.0146232059242486, 2.1100206657755747, 3.367995265733015, 2.5274072900899847, 2.90812919073414, 2.2537705007387068, 3.5718956157760267, 4.76540514751894, 4.394973368519996, 4.410126712465301, 7.783676725686904, 7.819413699888247, 7.706715931575524, 5.632956137766386, 5.486521114513276, 6.084327172333848, 0.0, 4.20960608846006, 3.846003075921807, 3.5249007404464603, 2.372925860620175, 2.752610535473553, 3.58487986270112, 3.4089274471598836, 3.8443407549279502, 2.7517682787618583, 5.399480355552745, 4.3230522400267155, 3.738255718914906], [6.281538972258311, 5.1402386773378534, 5.714763667904387, 5.2640553853469285, 4.029254943534847, 4.196109658957925, 3.4247509179500923, 2.1828411233985854, 1.0962592804624276, 2.6763068303167334, 2.8310104362223747, 5.471978392683948, 6.38199647994262, 8.081889065063935, 8.181367057527734, 6.365168469098049, 6.231335363306969, 7.205051906128088, 6.557185326799907, 5.162960409493762, 4.207596891338333, 6.682728010326322, 4.20960608846006, 0.0, 1.7563191054019767, 1.7714400610802499, 3.7049536596292265, 3.004467863033319, 2.4647491413935008, 3.1931032491919207, 2.6637296521982106, 3.8367585146839773, 9.260596724293743, 7.867804421183841, 7.777472367035449], [4.759507379971167, 3.5339677729147447, 3.9841376507344726, 3.6152035378384992, 2.4879493001265116, 3.052621855061645, 2.8589632194206347, 2.1998158127443306, 1.0935236668678003, 3.464566075282733, 2.772455967188659, 4.371298755518776, 5.03305630705638, 6.79807685010989, 7.145309334801399, 4.7997871161125465, 4.912259538135174, 5.656257420768613, 5.000252454626666, 3.726791771752213, 2.624144858806388, 4.968886166939226, 3.846003075921807, 1.7563191054019767, 0.0, 1.765843132897144, 4.341101926930534, 3.782931500833712, 3.722634208460455, 2.5830026635681196, 3.1221002770570965, 3.785228656237295, 8.237359664965467, 6.823886811048379, 6.928483714349049], [6.3530636082129694, 5.12550332845468, 5.266429624517924, 4.635494244414505, 3.415460228139101, 3.406158948140853, 2.683294039049765, 2.1851572529225445, 1.0961355025725608, 2.7872424544700087, 3.491682557163523, 4.586368210250895, 5.509393928555119, 7.147225056621625, 7.050840891695118, 5.603637894261191, 6.581306680287737, 7.250020277213023, 6.433524186633637, 5.394767381453995, 4.23468626582891, 6.240827917031522, 3.5249007404464603, 1.7714400610802499, 1.765843132897144, 0.0, 3.790796382028452, 2.589701872803122, 3.161683741299879, 3.7840987368196406, 3.83005062499179, 4.339983028768661, 8.10836316404242, 6.5611098146578835, 6.762536631324078], [8.511421830693154, 7.050686826118431, 7.1288488509716625, 6.048164371112941, 4.828275851688675, 3.958801865463842, 2.673803345423892, 2.1935871010744017, 3.45975284810924, 1.0965101960310262, 2.7433653511699823, 4.569227970893988, 5.846773576084506, 7.044318483714376, 6.61996232693208, 6.539618956789454, 8.707521807609787, 9.141755726883101, 8.98623673124629, 6.738020160996848, 6.531705466415336, 7.8672575844445305, 2.372925860620175, 3.7049536596292265, 4.341101926930534, 3.790796382028452, 0.0, 1.7656316886598973, 1.770594377603182, 3.7780539249724847, 3.0390244651861553, 2.5716080533393884, 7.545383177148793, 6.584396635227862, 5.805300789795478], [8.390710838778798, 6.990721469204734, 7.028571135017415, 6.035386391938797, 4.745340993016202, 4.018293240917093, 2.6614287309638787, 2.1923444642665078, 2.7393219799797173, 1.096494345630656, 3.4649844025622976, 4.817780139234251, 6.083465214004268, 7.415375395757116, 6.880987338311269, 6.667458044862375, 8.612217689422394, 9.157761301213306, 8.664345554627886, 6.943076220955665, 6.282145701907908, 7.884876165165817, 2.752610535473553, 3.004467863033319, 3.782931500833712, 2.589701872803122, 1.7656316886598973, 0.0, 1.772303210514499, 4.3423568784704925, 3.7336262855299274, 3.7782297415588695, 7.841521094150037, 6.560665407563474, 6.239697821208972], [8.201765893391496, 6.872847433924312, 7.2429936096892975, 6.415036898568861, 5.106864365733634, 4.633574285581272, 3.3834050925066594, 2.195604258512904, 2.736123696034227, 1.095839449919558, 2.752360070920954, 5.594687901929829, 6.7875189502497895, 8.227101969101879, 7.976269268273232, 7.204117562200106, 8.216348146226522, 8.978450704882217, 8.626765112137921, 6.632490658870165, 6.149304309432083, 8.103579775013015, 3.58487986270112, 2.4647491413935008, 3.722634208460455, 3.161683741299879, 1.770594377603182, 1.772303210514499, 0.0, 3.750922309246087, 2.5079242951094036, 3.1504795269926764, 8.970697983992105, 7.816175980618655, 7.283041293992504], [5.053273990196851, 3.6844624221180493, 4.192834237124096, 3.5864982671123657, 2.6546816456968996, 2.8719663977839294, 2.830950117893284, 2.1962437501333953, 2.7916614139254063, 3.4713653293769013, 1.0948315349860909, 3.8897870905744956, 4.529785525827907, 6.1178428469518575, 6.700672471476277, 4.465970049160652, 5.158708447857855, 5.601404735421285, 5.758762930525965, 3.113162872385574, 3.392905120984081, 4.880071767914894, 3.4089274471598836, 3.1931032491919207, 2.5830026635681196, 3.7840987368196406, 3.7780539249724847, 4.3423568784704925, 3.750922309246087, 0.0, 1.761919368189135, 1.7659328129914798, 7.747565476328678, 6.784591902981343, 6.281276139448098], [6.467332521217692, 5.208464969643169, 5.848677997633311, 5.241347672116399, 4.135795601815931, 4.083199041193069, 3.4297181823001144, 2.183160940013356, 2.807806822058811, 2.707862228770142, 1.096021838286081, 5.116332720806965, 6.006390101383693, 7.53536514178311, 7.8320710434724745, 6.120291556780607, 6.3741964019004, 7.118112045338989, 7.128915618100694, 4.679145499981808, 4.696322997835647, 6.59951698990161, 3.8443407549279502, 2.6637296521982106, 3.1221002770570965, 3.83005062499179, 3.0390244651861553, 3.7336262855299274, 2.5079242951094036, 1.761919368189135, 0.0, 1.771575