{"total energy": -22.1393794, "HOMO-LUMO gap/eV": 13.242147, "electronic energy": -22.45900523, "dipole": [-0.00048122, -0.00777076, 0.00042477], "partial charges": [-0.05239264, -0.05264509, -0.05263737, -0.05240677, -0.05206084, -0.05240858, -0.05204667, 0.03477861, 0.0230089, 0.02755154, 0.02265135, 0.02265502, 0.02753996, 0.03479253, 0.02301786, 0.02981497, 0.02269746, 0.02279116, 0.02279368, 0.02982067, 0.02268426], "atomic dipole moments": [[-0.05500405, 0.01249484, 0.0926583], [-0.04974736, 0.08090509, -0.05054347], [0.05971904, 0.07868104, 0.04261638], [0.0555427, -0.00371208, -0.09306628], [0.07028276, -0.03025421, 0.07744003], [-0.00697752, -0.11187097, 0.00556901], [-0.0739954, -0.02882915, -0.0744944], [-0.03263736, 0.01318659, -0.12401243], [0.11506257, -0.03074029, -0.00418889], [0.03493051, -0.01599553, 0.11721229], [0.03404203, -0.10223668, -0.05062948], [-0.04616447, -0.09170757, 0.06030365], [-0.03736132, -0.02303271, -0.11529186], [0.0348232, 0.0212614, 0.12227271], [-0.11796834, -0.01562825, 0.00646563], [-0.01020487, -0.02556088, -0.12089369], [-0.08882642, 0.07871623, 0.01757973], [-0.01402077, 0.08040065, 0.08804785], [0.02333888, 0.06892739, -0.09548926], [0.00771164, -0.01454034, 0.12288587], [0.09781847, 0.06494271, -0.02473706]], "atomic quadrupole moments": [[-0.11804898, 0.09752228, 0.19658441, -0.07822814, 0.03665632, -0.07853543], [0.17296813, 0.09851167, -0.02043928, -0.04886374, -0.0867402, -0.15252885], [0.14525184, -0.12207861, 0.02356718, -0.02760514, 0.07544442, -0.16881902], [-0.1382715, -0.06374351, 0.20767404, -0.0759365, -0.05469652, -0.06940254], [0.02790246, 0.16970308, 0.07687164, 0.0024497, -0.11846171, -0.1047741], [0.2164329, -0.01081201, -0.03223715, 0.09480581, -0.01348424, -0.18419575], [-0.01296811, -0.15528706, 0.13906418, 0.03208635, 0.09394466, -0.12609607], [-0.01627228, -0.00820151, -0.01732668, 0.04307438, -0.01454075, 0.03359896], [0.05344929, -0.01182454, 0.00756745, 0.00301715, 0.00264695, -0.06101674], [-0.01278008, 0.02177849, -0.04076845, 0.01679563, 0.00552817, 0.05354853], [-0.00744875, -0.00693218, 0.02964786, -0.02022071, 0.0455372, -0.0221991], [-0.0054895, 0.00840862, 0.01847895, -0.02677125, -0.04674396, -0.01298945], [-0.01835622, -0.02284828, -0.03554635, 0.01877043, 0.0014468, 0.05390257], [-0.01374098, 0.01226249, -0.01704764, 0.04382003, 0.01401436, 0.03078862], [0.05568053, 0.00597203, 0.00411382, 0.00133107, -0.00952705, -0.05979435], [-0.03770404, 0.01887404, -0.00138651, -0.01463862, 0.03021624, 0.03909055], [0.0233802, -0.0240952, 0.02430813, -0.02108131, 0.01722563, -0.04768832], [-0.00301486, -0.0208731, -0.02385995, 0.00380999, 0.04607771, 0.02687481], [0.00178277, 0.01711781, -0.03726118, -0.00349807, -0.03991458, 0.03547841], [-0.04202034, -0.01568014, -0.00247239, -0.01630891, -0.0239151, 0.04449273], [0.02901522, 0.02092686, 0.01484984, -0.0257233, -0.02080751, -0.04386507]], "number of molecular orbitals": 42, "number of electrons": 42, "number of unpaired electrons": 0, "orbital energies/eV": [-17.0044845, -16.59775353, -16.5735776, -15.76685769, -15.75496879, -14.90574533, -14.60890446, -14.11068328, -13.74489601, -13.62145708, -13.3664163, -12.95289768, -12.95109045, -12.4500317, -12.44369924, -11.63083622, -11.61565585, -11.4272624, -11.283537, -11.19244011, -11.0997821, 2.1423649, 2.51996786, 2.68686752, 2.70623762, 2.80683084, 2.88946754, 3.25805855, 3.41365903, 4.32057454, 4.70636332, 5.11099116, 5.21618936, 5.61392729, 6.24103357, 6.60217256, 6.69491529, 7.21369528, 7.88681037, 8.20150582, 8.26425972, 9.11560517], "fractional occupation": [2.0, 2.0, 2.0, 2.0, 2.0, 2.0, 2.0, 2.0, 2.0, 2.0, 2.0, 2.0, 2.0, 2.0, 2.0, 2.0, 2.0, 2.0, 2.0, 2.0, 2.0, 0.0, 0.0, 0.0, 0.0, 0.0, 0.0, 0.0, 0.0, 0.0, 0.0, 0.0, 0.0, 0.0, 0.0, 0.0, 0.0, 0.0, 0.0, 0.0, 0.0, 0.0], "program call": "xtb /home/svss/Project-DBcg-Debug/aqme2_20220329/End-to-End-workflows-final/example-3/QDESCP/mol_332_rdkit_conf_1/mol_332_rdkit_conf_1.xyz --pop --wbo --acc 0.2 --gfn 2 --chrg 0 --uhf 0 --etemp 300 --input /home/svss/Project-DBcg-Debug/aqme2_20220329/End-to-End-workflows-final/example-3/QDESCP/mol_332_rdkit_conf_1/mol_332_rdkit_conf_1_xtb.inp", "method": "GFN2-xTB", "xtb version": "6.3.3 (7355c4f)", "Dipole module/D": 0.02, "Total charge": 0, "Transition dipole module/D": NaN, "HOMO": -11.0998, "LUMO": 2.1424, "HOMO occupancy": 2.0, "LUMO occupancy": 0, "mulliken charges": [-0.04583, -0.04614, -0.04613, -0.04584, -0.04598, -0.04703, -0.04597, 0.02506, 0.02325, 0.02198, 0.02328, 0.02328, 0.02197, 0.02506, 0.02325, 0.02271, 0.02331, 0.02189, 0.02189, 0.02271, 0.0233], "cm5 charges": [-0.15542, -0.1562, -0.15618, -0.15544, -0.15581, -0.15705, -0.15579, 0.08082, 0.07773, 0.07728, 0.07763, 0.07763, 0.07727, 0.08084, 0.07774, 0.0784, 0.07765, 0.07644, 0.07644, 0.0784, 0.07764], "FUKUI+": [0.003, 0.01, 0.01, 0.003, 0.007, 0.016, 0.007, -0.071, -0.063, -0.083, -0.08, -0.08, -0.083, -0.071, -0.063, -0.082, -0.062, -0.088, -0.088, -0.082, -0.062], "FUKUI-": [0.006, 0.004, 0.004, 0.006, 0.01, 0.011, 0.01, -0.046, -0.079, -0.05, -0.082, -0.082, -0.05, -0.046, -0.079, -0.082, -0.095, -0.091, -0.091, -0.082, -0.095], "FUKUIrad": [0.005, 0.007, 0.007, 0.005, 0.008, 0.013, 0.008, -0.058, -0.071, -0.067, -0.081, -0.081, -0.067, -0.058, -0.071, -0.082, -0.079, -0.089, -0.089, -0.082, -0.079], "s proportion": [1.028, 1.03, 1.03, 1.028, 1.03, 1.03, 1.03, 0.975, 0.977, 0.978, 0.977, 0.977, 0.978, 0.975, 0.977, 0.977, 0.977, 0.978, 0.978, 0.977, 0.977], "p proportion": [3.018, 3.016, 3.016, 3.018, 3.016, 3.017, 3.016, 0.0, 0.0, 0.0, 0.0, 0.0, 0.0, 0.0, 0.0, 0.0, 0.0, 0.0, 0.0, 0.0, 0.0], "d proportion": [0.0, 0.0, 0.0, 0.0, 0.0, 0.0, 0.0, 0.0, 0.0, 0.0, 0.0, 0.0, 0.0, 0.0, 0.0, 0.0, 0.0, 0.0, 0.0, 0.0, 0.0], "Fermi-level/eV": -4.4787, "Coordination numbers": [3.799, 3.8, 3.8, 3.799, 3.8, 3.799, 3.8, 0.924, 0.924, 0.924, 0.924, 0.924, 0.924, 0.924, 0.924, 0.924, 0.924, 0.924, 0.924, 0.924, 0.924], "Dispersion coefficient C6": [21.516, 21.52, 21.52, 21.516, 21.51, 21.516, 21.509, 2.52, 2.688, 2.622, 2.694, 2.694, 2.622, 2.52, 2.688, 2.589, 2.693, 2.692, 2.692, 2.589, 2.693], "Total dispersion C6": 3040.432726, "Total dispersion C8": 64205.701767, "Polarizability alpha": [6.604, 6.605, 6.605, 6.604, 6.603, 6.604, 6.603, 2.482, 2.564, 2.532, 2.567, 2.567, 2.532, 2.482, 2.564, 2.516, 2.566, 2.566, 2.566, 2.516, 2.566], "Total polarizability alpha": 81.816721, "Wiberg matrix": [[0.0, 1.0082260203532467, 0.0, 0.0, 0.0, 0.0, 1.007798699836501, 0.9759258232494229, 0.9781964780379584, 0.0, 0.0, 0.0, 0.0, 0.0, 0.0, 0.0, 0.0, 0.0, 0.0, 0.0, 0.0], [1.0082260203532467, 0.0, 1.008792162512147, 0.0, 0.0, 0.0, 0.0, 0.0, 0.0, 0.9765036659241257, 0.977182540644409, 0.0, 0.0, 0.0, 0.0, 0.0, 0.0, 0.0, 0.0, 0.0, 0.0], [0.0, 1.008792162512147, 0.0, 1.0082353193054512, 0.0, 0.0, 0.0, 0.0, 0.0, 0.0, 0.0, 0.9771805249090131, 0.9765020553529778, 0.0, 0.0, 0.0, 0.0, 0.0, 0.0, 0.0, 0.0], [0.0, 0.0, 1.0082353193054512, 0.0, 1.0077808810341915, 0.0, 0.0, 0.0, 0.0, 0.0, 0.0, 0.0, 0.0, 0.9759306989799972, 0.9782009257271245, 0.0, 0.0, 0.0, 0.0, 0.0, 0.0], [0.0, 0.0, 0.0, 1.0077808810341915, 0.0, 1.0061224564847513, 0.0, 0.0, 0.0, 0.0, 0.0, 0.0, 0.0, 0.0, 0.0, 0.9769921122246203, 0.9786133634212641, 0.0, 0.0, 0.0, 0.0], [0.0, 0.0, 0.0, 0.0, 1.0061224564847513, 0.0, 1.0061247764149797, 0.0, 0.0, 0.0, 0.0, 0.0, 0.0, 0.0, 0.0, 0.0, 0.0, 0.9798347740152373, 0.9798331142821024, 0.0, 0.0], [1.007798699836501, 0.0, 0.0, 0.0, 0.0, 1.0061247764149797, 0.0, 0.0, 0.0, 0.0, 0.0, 0.0, 0.0, 0.0, 0.0, 0.0, 0.0, 0.0, 0.0, 0.9769873712602198, 0.9786056331615299], [0.9759258232494229, 0.0, 0.0, 0.0, 0.0, 0.0, 0.0, 0.0, 0.0, 0.0, 0.0, 0.0, 0.0, 0.0, 0.0, 0.0, 0.0, 0.0, 0.0, 0.0, 0.0], [0.9781964780379584, 0.0, 0.0, 0.0, 0.0, 0.0, 0.0, 0.0, 0.0, 0.0, 0.0, 0.0, 0.0, 0.0, 0.0, 0.0, 0.0, 0.0, 0.0, 0.0, 0.0], [0.0, 0.9765036659241257, 0.0, 0.0, 0.0, 0.0, 0.0, 0.0, 0.0, 0.0, 0.0, 0.0, 0.0, 0.0, 0.0, 0.0, 0.0, 0.0, 0.0, 0.0, 0.0], [0.0, 0.977182540644409, 0.0, 0.0, 0.0, 0.0, 0.0, 0.0, 0.0, 0.0, 0.0, 0.0, 0.0, 0.0, 0.0, 0.0, 0.0, 0.0, 0.0, 0.0, 0.0], [0.0, 0.0, 0.9771805249090131, 0.0, 0.0, 0.0, 0.0, 0.0, 0.0, 0.0, 0.0, 0.0, 0.0, 0.0, 0.0, 0.0, 0.0, 0.0, 0.0, 0.0, 0.0], [0.0, 0.0, 0.9765020553529778, 0.0, 0.0, 0.0, 0.0, 0.0, 0.0, 0.0, 0.0, 0.0, 0.0, 0.0, 0.0, 0.0, 0.0, 0.0, 0.0, 0.0, 0.0], [0.0, 0.0, 0.0, 0.9759306989799972, 0.0, 0.0, 0.0, 0.0, 0.0, 0.0, 0.0, 0.0, 0.0, 0.0, 0.0, 0.0, 0.0, 0.0, 0.0, 0.0, 0.0], [0.0, 0.0, 0.0, 0.9782009257271245, 0.0, 0.0, 0.0, 0.0, 0.0, 0.0, 0.0, 0.0, 0.0, 0.0, 0.0, 0.0, 0.0, 0.0, 0.0, 0.0, 0.0], [0.0, 0.0, 0.0, 0.0, 0.9769921122246203, 0.0, 0.0, 0.0, 0.0, 0.0, 0.0, 0.0, 0.0, 0.0, 0.0, 0.0, 0.0, 0.0, 0.0, 0.0, 0.0], [0.0, 0.0, 0.0, 0.0, 0.9786133634212641, 0.0, 0.0, 0.0, 0.0, 0.0, 0.0, 0.0, 0.0, 0.0, 0.0, 0.0, 0.0, 0.0, 0.0, 0.0, 0.0], [0.0, 0.0, 0.0, 0.0, 0.0, 0.9798347740152373, 0.0, 0.0, 0.0, 0.0, 0.0, 0.0, 0.0, 0.0, 0.0, 0.0, 0.0, 0.0, 0.0, 0.0, 0.0], [0.0, 0.0, 0.0, 0.0, 0.0, 0.9798331142821024, 0.0, 0.0, 0.0, 0.0, 0.0, 0.0, 0.0, 0.0, 0.0, 0.0, 0.0, 0.0, 0.0, 0.0, 0.0], [0.0, 0.0, 0.0, 0.0, 0.0, 0.0, 0.9769873712602198, 0.0, 0.0, 0.0, 0.0, 0.0, 0.0, 0.0, 0.0, 0.0, 0.0, 0.0, 0.0, 0.0, 0.0], [0.0, 0.0, 0.0, 0.0, 0.0, 0.0, 0.9786056331615299, 0.0, 0.0, 0.0, 0.0, 0.0, 0.0, 0.0, 0.0, 0.0, 0.0, 0.0, 0.0, 0.0, 0.0]], "Born radii": [], "Atomic SASAs": [], "Solvent H bonds": [], "Total SASA": NaN, "Total FOD": 0.0, "FOD": [0.0, 0.0, 0.0, 0.0, 0.0, 0.0, 0.0, 0.0, 0.0, 0.0, 0.0, 0.0, 0.0, 0.0, 0.0, 0.0, 0.0, 0.0, 0.0, 0.0, 0.0], "FOD s proportion": [0.0, 0.0, 0.0, 0.0, 0.0, 0.0, 0.0, 0.0, 0.0, 0.0, 0.0, 0.0, 0.0, 0.0, 0.0, 0.0, 0.0, 0.0, 0.0, 0.0, 0.0], "FOD p proportion": [0.0, 0.0, 0.0, 0.0, 0.0, 0.0, 0.0, 0.0, 0.0, 0.0, 0.0, 0.0, 0.0, 0.0, 0.0, 0.0, 0.0, 0.0, 0.0, 0.0, 0.0], "FOD d proportion": [0.0, 0.0, 0.0, 0.0, 0.0, 0.0, 0.0, 0.0, 0.0, 0.0, 0.0, 0.0, 0.0, 0.0, 0.0, 0.0, 0.0, 0.0, 0.0, 0.0, 0.0], "coordinates": [["1.41970", "-0.42350", "-0.56460"], ["0.66520", "-1.56670", "0.11190"], ["-0.85520", "-1.47540", "0.03970"], ["-1.45780", "-0.18610", "0.59500"], ["-1.21490", "1.01690", "-0.31080"], ["0.10880", "1.74210", "-0.08680"], ["1.33360", "0.88400", "0.21610"], ["1.08750", "-0.29070", "-1.60050"], ["2.47680", "-0.71510", "-0.61200"], ["0.97520", "-1.64280", "1.16160"], ["0.96880", "-2.50840", "-0.36270"], ["-1.27040", "-2.32050", "0.60330"], ["-1.17870", "-1.61590", "-0.99930"], ["-1.10520", "0.00640", "1.61460"], ["-2.54260", "-0.33800", "0.66440"], ["-1.29270", "0.71370", "-1.36240"], ["-2.02120", "1.74480", "-0.15330"], ["-0.01260", "2.45730", "0.73700"], ["0.31290", "2.35160", "-0.97660"], ["1.37970", "0.67910", "1.29300"], ["2.22310", "1.48700", "-0.00770"]], "bond_dist": [[0.0, 1.5276873829419422, 2.5781470303301166, 3.1114365122881744, 3.0133509188277423, 2.576155082676507, 1.525274385151734, 1.09593863423095, 1.0976054527925778, 2.1596386688518057, 2.142634460191472, 3.4927406745992466, 2.8917925945682894, 3.3628628666658407, 4.149406287651282, 3.047428824435445, 4.087846057522225, 3.470540950630031, 3.0159459958692896, 2.1605565301560614, 2.146066033466818], [1.5276873829419422, 0.0, 1.524849071219837, 2.5780944455159127, 3.2231103394081932, 3.36113375068592, 2.542350622947197, 2.1768847121517485, 2.1286494145349533, 1.0971605625431495, 1.0973682198788153, 2.1345340849937253, 2.1534050455035163, 2.8048292390090346, 3.4792155408942405, 3.347709225724361, 4.272365650315993, 4.128285219070989, 4.081914064504543, 2.636119325827266, 3.430224520348486], [2.5781470303301166, 1.524849071219837, 0.0, 1.527671214627022, 2.542399187775201, 3.3611909347729716, 3.2231554042583794, 2.8049694151630247, 3.479223042577179, 2.1533802567126874, 2.134476694649065, 1.0973741431253061, 1.0972299212106822, 2.176819066895547, 2.1286727343581964, 2.636180849259018, 3.430232213713818, 4.081951903195333, 4.128347405439615, 3.3477468766321024, 4.272469006324095], [3.1114365122881744, 2.5780944455159127, 1.527671214627022, 0.0, 1.525346862192334, 2.5762457258576865, 3.0134022599049066, 3.362991748428771, 4.149429739132836, 2.8917986530877284, 3.4926571747023782, 2.142627128083652, 2.1596336124444813, 1.0958864767848904, 1.0975796144243934, 2.1606278740218086, 2.146100477610496, 3.0160123673486487, 3.4706233359441354, 3.047487701369769, 4.087974524137841], [3.0133509188277423, 3.2231103394081932, 2.542399187775201, 1.525346862192334, 0.0, 1.5258678612514258, 2.6057893756019497, 2.9451977200181316, 4.088911142345844, 3.7467991486067147, 4.147165223378495, 3.460765496245014, 2.7215764788078247, 2.1772251835765632, 2.132968902726901, 1.0971989974475915, 1.097617579123075, 2.148990993466469, 2.1351549288049334, 3.0689138860515457, 3.4832036431997486], [2.576155082676507, 3.36113375068592, 3.3611909347729716, 2.5762457258576865, 1.5258678612514258, 0.0, 1.5258502744371742, 2.716876371865308, 3.45269327916628, 3.7103503244302956, 4.345396536566024, 4.345474589731253, 3.7103202691951, 2.7168386867828573, 3.4526858255566784, 2.156145674577671, 2.1310395444477326, 1.0976772931968668, 1.097675316293484, 2.156154876162656, 2.131102369666929], [1.525274385151734, 2.542350622947197, 3.2231554042583794, 3.0134022599049066, 2.6057893756019497, 1.5258502744371742, 0.0, 2.177273721882483, 2.1330205484242293, 2.721605968908799, 3.4607031424264054, 4.147235234466451, 3.746778410848445, 2.9451195985901824, 4.0889097972442485, 3.068894919999705, 3.4831187232134364, 2.1351496762522295, 2.1490024523019975, 1.0971886027479505, 1.0976819621365748], [1.09593863423095, 2.1768847121517485, 2.8049694151630247, 3.362991748428771, 2.9451977200181316, 2.716876371865308, 2.177273721882483, 0.0, 1.7571004809059725, 3.0773336039500174, 2.5425246940787023, 3.8126781781314825, 2.693187501827528, 3.9029565344748587, 4.278975965111279, 2.5943906818364884, 3.987689027494496, 3.771687985504634, 2.8232969486045922, 3.065654111278701, 2.6432586876807953], [1.0976054527925778, 2.1286494145349533, 3.479223042577179, 4.149429739132836, 4.088911142345844, 3.45269327916628, 2.1330205484242293, 1.7571004809059725, 0.0, 2.5022163795323538, 2.356297812247, 4.25391244503222, 3.784722206450561, 4.278905679025888, 5.192858339103812, 4.100451176395105, 5.1471854153508, 4.252180043224887, 3.7709475281419658, 2.603160972740641, 2.2975610089832217], [2.1596386688518057, 1.0971605625431495, 2.1533802567126874, 2.8917986530877284, 3.7467991486067147, 3.7103503244302956, 2.721605968908799, 3.0773336039500174, 2.5022163795323538, 0.0, 1.752938906522415, 2.411160620945855, 3.051146936809173, 2.693164272746837, 3.784788992797353, 4.131227258333776, 4.709905384399988, 4.238732594774056, 4.578839578976315, 2.3605308343675584, 3.566534023390216], [2.142634460191472, 1.0973682198788153, 2.134476694649065, 3.4926571747023782, 4.147165223378495, 4.345396536566024, 3.4607031424264054, 2.5425246940787023, 2.356297812247, 1.752938906522415, 0.0, 2.445910679072316, 2.4111350148840693, 3.8125333218215944, 4.253880643600617, 4.061491197823774, 5.20323539732732, 5.179832288790825, 4.94233528000681, 3.6152921804468305, 4.2026794607726154], [3.4927406745992466, 2.1345340849937253, 1.0973741431253061, 2.142627128083652, 3.460765496245014, 4.345474589731253, 4.147235234466451, 3.8126781781314825, 4.25391244503222, 2.411160620945855, 2.445910679072316, 0.0, 1.7530535673504102, 2.542534629066043, 2.3563811873294185, 3.6153621423033133, 4.202714395482995, 4.942399151222006, 5.179907461528633, 4.0615657399579295, 5.20335656091335], [2.8917925945682894, 2.1534050455035163, 1.0972299212106822, 2.1596336124444813, 2.7215764788078247, 3.7103202691951, 3.746778410848445, 2.693187501827528, 3.784722206450561, 3.051146936809173, 2.4111350148840693, 1.7530535673504102, 0.0, 3.077293088088946, 2.502228868429105, 2.360481681775989, 3.5664866100968324, 4.578808266350536, 4.238684005679121, 4.131231638385821, 4.709936539912189], [3.3628628666658407, 2.8048292390090346, 2.176819066895547, 1.0958864767848904, 2.1772251835765632, 2.7168386867828573, 2.9451195985901824, 3.9029565344748587, 4.278905679025888, 2.693164272746837, 3.8125333218215944, 2.542534629066043, 3.077293088088946, 0.0, 1.7571596854014153, 3.0656089998563094, 2.6432103529609594, 2.8232724505438718, 3.771642624904963, 2.594355384291057, 3.9876828534877244], [4.149406287651282, 3.4792155408942405, 2.1286727343581964, 1.0975796144243934, 2.132968902726901, 3.4526858255566784, 4.0889097972442485, 4.278975965111279, 5.192858339103812, 3.784788992797353, 4.253880643600617, 2.3563811873294185, 2.502228868429105, 1.7571596854014153, 0.0, 2.6031214224465216, 2.2975088879044625, 3.7709246677704926, 4.252141743874492, 4.100496026092453, 5.147255569718683], [3.047428824435445, 3.347709225724361, 2.636180849259018, 2.1606278740218086, 1.0971989974475915, 2.156145674577671, 3.068894919999705, 2.5943906818364884, 4.100451176395105, 4.131227258333776, 4.061491197823774, 3.6153621423033133, 2.360481681775989, 3.0656089998563094, 2.6031214224465216, 0.0, 1.7480853154237066, 3.014345257265664, 2.325835206974045, 3.7675015700063086, 3.84630402074511], [4.087846057522225, 4.272365650315993, 3.430232213713818, 2.146100477610496, 1.097617579123075, 2.1310395444477326, 3.4831187232134364, 3.987689027494496, 5.1471854153508, 4.709905384399988, 5.20323539732732, 4.202714395482995, 3.5664866100968324, 2.6432103529609594, 2.2975088879044625, 1.7480853154237066, 0.0, 2.3097108693514, 2.5483429792710397, 3.8462476506330168, 4.254614282164718], [3.470540950630031, 4.128285219070989, 4.081951903195333, 3.0160123673486487, 2.148990993466469, 1.0976772931968668, 2.1351496762522295, 3.771687985504634, 4.252180043224887, 4.238732594774056, 5.179832288790825, 4.942399151222006, 4.578808266350536, 2.8232724505438718, 3.7709246677704926, 3.014345257265664, 2.3097108693514, 0.0, 1.7474403280226767, 2.3258612447865414, 2.5484141480536477], [3.0159459958692896, 4.081914064504543, 4.128347405439615, 3.4706233359441354, 2.1351549288049334, 1.097675316293484, 2.1490024523019975, 2.8232969486045922, 3.7709475281419658, 4.578839578976315, 4.94233528000681, 5.179907461528633, 4.238684005679121, 3.771642624904963, 4.252141743874492, 2.325835206974045, 2.5483429792710397, 1.7474403280226767, 0.0, 3.0143660444610902, 2.3097974824646426], [2.1605565301560614, 2.636119325827266, 3.3477468766321024, 3.047487701369769, 3.0689138860515457, 2.156154876162656, 1.0971886027479505, 3.065654111278701, 2.603160972740641, 2.3605308343675584, 3.6152921804468305, 4.0615657399579295, 4.131231638385821, 2.594355384291057, 4.100496026092453, 3.7675015700063086, 3.8462476506330168, 2.3258612447865414, 3.0143660444610902, 0.0, 1.7480979549212912], [2.146066033466818, 3.430224520348486, 4.272469006324095, 4.087974524137841, 3.4832036431997486, 2.131102369666929, 1.0976819621365748, 2.6432586876807953, 2.2975610089832217, 3.566534023390216, 4.2026794607726154, 5.20335656091335, 4.709936539912189, 3.9876828534877244, 5.147255569718683, 3.84630402074511, 4.254614282164718, 2.5484141480536477, 2.3097974824646426, 1.7480979549212912, 0.0]]}