{"total energy": -63.11592229, "HOMO-LUMO gap/eV": 3.43432821, "electronic energy": -63.61814459, "dipole": [-0.57429286, -0.3948391, -0.13515573], "partial charges": [0.03424502, -0.28711487, 0.68919553, -0.50114151, -0.27850325, 0.03310752, -0.24955818, 0.14581566, 0.01248748, -0.12444792, -0.01169196, -0.03266555, 0.0881852, -0.10819152, 0.09059193, -0.11040726, -0.0496467, 0.09222196, -0.12295646, 0.07454126, 0.06450797, 0.06091342, 0.07510346, 0.06745941, 0.05992251, 0.0883117, 0.09982239, 0.09989279], "atomic dipole moments": [[0.04507348, 0.01868804, 0.30309092], [-0.06240354, 0.14776116, -0.11971427], [-0.13073105, -0.22711652, 0.13324065], [-0.06104201, -0.111062, 0.05358753], [0.08931824, 0.1523764, 0.08610886], [0.13849575, -0.24259316, -0.13057192], [0.11468877, -0.00549284, -0.10021242], [-0.22544686, 0.07810341, -0.23089966], [-0.1597271, 0.0254303, 0.14093506], [0.02037141, -0.0135838, -0.12364219], [-0.06957662, -0.00822535, 0.04945917], [0.00845859, -0.04699273, -0.0228628], [0.09911461, 0.15199052, -0.0698375], [-0.05089684, 0.02807351, -0.01839411], [0.15278265, 0.00223079, -0.12576875], [0.01112864, 0.03070148, -0.00960392], [-0.01823331, 0.05658828, 0.01832437], [-0.11021002, -0.15841991, 0.06951823], [-0.07507086, 0.0622002, -0.01077258], [0.01685156, -0.11376093, -0.04711193], [0.08408213, 0.07984069, -0.04563083], [-0.11899467, 0.03707591, -0.00950094], [-0.12444922, -0.00601632, 1.727e-05], [0.04001134, 0.09627522, -0.06826605], [0.04647758, -0.00528457, 0.1158716], [0.13328352, -0.03678869, 0.07742903], [-0.04773735, 0.14561328, 0.04716723], [0.04549046, -0.1423655, -0.05131866]], "atomic quadrupole moments": [[-0.2861915, -0.00173919, -0.27200432, 0.14222603, 0.03867967, 0.55819583], [-0.11184444, -0.02595288, -0.00518092, 0.0314661, 0.03134112, 0.11702536], [0.1468977, -0.89915978, -0.73537487, 0.40964278, 0.72520565, 0.58847716], [-0.01529041, 0.04773446, 0.03813075, -0.02157024, -0.04237844, -0.02284034], [0.03815425, -0.05871053, 0.03804245, -0.03712057, 0.08826145, -0.07619669], [-0.11448674, -0.29196888, 0.24692722, -0.16462101, 0.31554522, -0.13244047], [0.02605829, -0.02362783, -0.06067978, 0.04632171, -0.032529, 0.03462149], [0.1532141, 0.03566286, 0.31081852, 0.07505014, 0.03467117, -0.46403262], [-0.03992169, 0.10717067, 0.27766721, -0.33173766, 0.12107731, -0.23774552], [0.10238264, -0.03976184, -0.19610059, -0.36378209, 0.05928228, 0.09371795], [0.12586567, -0.06026909, -0.36439355, 0.24110657, -0.04353484, 0.23852788], [0.07006984, -0.01201596, -0.28723322, 0.37304531, -0.08025389, 0.21716339], [-0.01784168, 0.19744106, -0.02885583, 0.26534885, -0.19281879, 0.04669751], [-0.07640995, 0.28234654, 0.24537991, -0.07142333, -0.17626962, -0.16896996], [0.20085217, -0.07248825, -0.43442045, 0.06631273, -0.01331892, 0.23356828], [0.18679976, -0.06412158, -0.24949542, -0.32424136, 0.0472651, 0.06269565], [0.06635683, -0.00672618, -0.26682283, 0.34035959, -0.06810308, 0.200466], [-0.02174984, 0.20029167, -0.02891879, 0.27915683, -0.1943165, 0.05066864], [-0.09155078, 0.26388984, 0.25566954, -0.07018225, -0.18038935, -0.16411876], [-0.05254449, -0.02240636, 0.06836247, 0.00131337, 0.02593574, -0.01581797], [-0.00960729, 0.05109101, -0.01137996, -0.01699773, -0.01837393, 0.02098725], [0.04114027, -0.03134506, -0.04971644, 0.01735137, 0.00858572, 0.00857617], [0.07584615, 0.01619154, -0.02691543, 0.00513119, 0.01582213, -0.04893073], [-0.03077726, 0.0031688, 0.04517935, -0.0359237, -0.02502747, -0.01440209], [-0.02481396, -0.03055124, -0.02228247, 0.02388692, 0.01774431, 0.04709643], [0.02899545, -0.01950825, -0.0596341, -0.02458277, -0.0026313, 0.03063865], [-0.00024454, 0.01077114, 0.01849357, -0.04175954, 0.00419245, -0.01824904], [-0.002859, 0.00628817, 0.02406713, -0.04285408, 0.00246279, -0.02120813]], "number of molecular orbitals": 110, "number of electrons": 106, "number of unpaired electrons": 0, "orbital energies/eV": [-29.2089972, -29.20070272, -29.08633885, -28.97496594, -20.64570031, -20.27283177, -19.95453624, -19.24405852, -19.14768804, -18.65895225, -18.21469086, -18.12707111, -18.07891033, -17.78983249, -17.44504655, -17.2235037, -17.02105855, -16.56302048, -16.30649172, -16.13703398, -15.8547411, -15.56902908, -15.46642984, -15.42541489, -15.24062811, -15.18180238, -15.10637873, -15.08122952, -14.76061302, -14.62848192, -14.44266727, -14.2782075, -14.01052735, -13.88315158, -13.55188537, -13.3695625, -13.31788222, -13.16738717, -13.09990418, -12.97448331, -12.90855947, -12.55314842, -12.47336333, -12.18865042, -12.09592695, -12.03313771, -11.98168881, -11.90087143, -11.85347877, -11.71929836, -11.66738093, -11.20197491, -11.08694638, -7.65261816, -7.5011293, -6.75386877, -4.84270145, -4.55527812, -4.50964038, -4.09738306, -3.91042958, -2.83296022, -2.16795287, -1.99911298, -0.29055933, -0.18089919, -0.03921698, -0.02042891, -0.015486, -0.0131288, -0.00472729, 0.08604212, 0.09890974, 0.09968362, 0.22067227, 0.25135693, 0.2530374, 0.30292758, 0.45537917, 0.53395901, 0.56385096, 1.57651569, 1.80226921, 2.35299193, 2.71022019, 3.13971489, 3.36690253, 3.4004427, 3.58083827, 3.78620388, 4.05406252, 4.20870501, 4.39628446, 4.79210638, 4.9572946, 5.02758945, 5.41606621, 7.67266673, 8.49833157, 9.48380492, 10.37627028, 10.54259749, 11.14553905, 11.95075755, 14.4032657, 14.9906965, 15.21744791, 26.33067034, 27.38992496, 30.53623365], "fractional occupation": [2.0, 2.0, 2.0, 2.0, 2.0, 2.0, 2.0, 2.0, 2.0, 2.0, 2.0, 2.0, 2.0, 2.0, 2.0, 2.0, 2.0, 2.0, 2.0, 2.0, 2.0, 2.0, 2.0, 2.0, 2.0, 2.0, 2.0, 2.0, 2.0, 2.0, 2.0, 2.0, 2.0, 2.0, 2.0, 2.0, 2.0, 2.0, 2.0, 2.0, 2.0, 2.0, 2.0, 2.0, 2.0, 2.0, 2.0, 2.0, 2.0, 2.0, 2.0, 2.0, 2.0, 0.0, 0.0, 0.0, 0.0, 0.0, 0.0, 0.0, 0.0, 0.0, 0.0, 0.0, 0.0, 0.0, 0.0, 0.0, 0.0, 0.0, 0.0, 0.0, 0.0, 0.0, 0.0, 0.0, 0.0, 0.0, 0.0, 0.0, 0.0, 0.0, 0.0, 0.0, 0.0, 0.0, 0.0, 0.0, 0.0, 0.0, 0.0, 0.0, 0.0, 0.0, 0.0, 0.0, 0.0, 0.0, 0.0, 0.0, 0.0, 0.0, 0.0, 0.0, 0.0, 0.0, 0.0, 0.0, 0.0, 0.0], "program call": "xtb /home/svss/Project-DBcg-Debug/aqme2_20220329/End-to-End-workflows-final/example-3/QDESCP/mol_1128_rdkit_conf_6/mol_1128_rdkit_conf_6.xyz --pop --wbo --acc 0.2 --gfn 2 --chrg 0 --uhf 0 --etemp 300 --input /home/svss/Project-DBcg-Debug/aqme2_20220329/End-to-End-workflows-final/example-3/QDESCP/mol_1128_rdkit_conf_6/mol_1128_rdkit_conf_6_xtb.inp", "method": "GFN2-xTB", "xtb version": "6.3.3 (7355c4f)", "Dipole module/D": 1.804, "Total charge": 0, "Transition dipole module/D": NaN, "HOMO": -11.0869, "LUMO": -7.6526, "HOMO occupancy": 2.0, "LUMO occupancy": 0, "mulliken charges": [0.18105, -0.33301, 0.53008, -0.42739, -0.32923, 0.18004, -0.30279, 0.23837, 0.02079, -0.08499, -0.0282, -0.02791, 0.08745, -0.08299, 0.0954, -0.08596, -0.0659, 0.10917, -0.0897, 0.03691, 0.04398, 0.04479, 0.03759, 0.04568, 0.04361, 0.04442, 0.06333, 0.05541], "cm5 charges": [0.06674, -0.39591, 0.52925, -0.44267, -0.39338, 0.06565, -0.34236, 0.26204, -0.02597, -0.08756, -0.02901, -0.07484, 0.08371, -0.08401, 0.09162, -0.08699, -0.11399, 0.10576, -0.09036, 0.09646, 0.10669, 0.10814, 0.09708, 0.10837, 0.10696, 0.10234, 0.12303, 0.11321], "FUKUI+": [0.009, 0.013, -0.027, -0.001, -0.013, 0.009, -0.021, -0.019, -0.023, -0.101, -0.066, -0.032, -0.03, -0.111, -0.055, -0.128, -0.029, -0.033, -0.109, -0.01, -0.002, -0.017, -0.019, -0.01, -0.002, -0.044, -0.065, -0.066], "FUKUI-": [0.011, 0.005, -0.044, -0.024, -0.017, 0.011, -0.029, -0.024, -0.01, -0.18, -0.018, -0.009, -0.017, -0.162, -0.014, -0.132, -0.009, -0.014, -0.123, -0.015, -0.007, -0.016, -0.024, -0.018, -0.007, -0.047, -0.031, -0.036], "FUKUIrad": [0.01, 0.009, -0.036, -0.013, -0.015, 0.01, -0.025, -0.021, -0.016, -0.14, -0.042, -0.021, -0.023, -0.137, -0.034, -0.13, -0.019, -0.023, -0.116, -0.013, -0.004, -0.017, -0.021, -0.014, -0.004, -0.045, -0.048, -0.051], "s proportion": [0.973, 1.638, 1.305, 1.672, 1.64, 0.973, 1.624, 1.01, 1.052, 1.94, 1.079, 1.068, 1.079, 1.944, 1.082, 1.945, 1.065, 1.082, 1.945, 0.963, 0.956, 0.955, 0.962, 0.954, 0.956, 0.956, 0.937, 0.945], "p proportion": [2.846, 4.695, 1.852, 4.755, 4.69, 2.847, 4.679, 2.752, 2.927, 5.153, 2.95, 2.96, 2.833, 5.148, 2.823, 5.151, 3.0, 2.809, 5.155, 0.0, 0.0, 0.0, 0.0, 0.0, 0.0, 0.0, 0.0, 0.0], "d proportion": [0.0, 0.0, 1.313, 0.0, 0.0, 0.0, 0.0, 0.0, 0.0, -0.008, 0.0, 0.0, 0.0, -0.01, 0.0, -0.01, 0.0, 0.0, -0.01, 0.0, 0.0, 0.0, 0.0, 0.0, 0.0, 0.0, 0.0, 0.0], "Fermi-level/eV": -9.3698, "Coordination numbers": [3.922, 1.657, 3.986, 0.808, 1.657, 3.92, 1.661, 3.011, 2.809, 0.928, 2.997, 2.96, 2.897, 0.965, 2.9, 0.966, 2.998, 2.879, 0.959, 0.924, 0.924, 0.924, 0.924, 0.924, 0.924, 0.925, 0.925, 0.925], "Dispersion coefficient C6": [19.938, 18.785, 133.096, 23.836, 18.638, 19.957, 18.149, 24.814, 27.723, 103.025, 28.295, 28.812, 26.037, 102.527, 25.985, 102.597, 29.22, 25.949, 102.989, 2.036, 2.147, 2.188, 2.03, 2.114, 2.2, 1.895, 1.787, 1.786], "Total dispersion C6": 17645.507583, "Total dispersion C8": 550473.934083, "Polarizability alpha": [6.346, 5.851, 20.724, 6.544, 5.828, 6.349, 5.751, 8.171, 8.626, 15.528, 8.726, 8.804, 8.366, 15.491, 8.358, 15.496, 8.867, 8.351, 15.526, 2.232, 2.291, 2.313, 2.228, 2.274, 2.32, 2.153, 2.09, 2.09], "Total polarizability alpha": 207.695995, "Wiberg matrix": [[0.0, 0.94469171435146, 0.0, 0.0, 0.0, 0.0, 0.0, 0.0, 0.0, 0.0, 0.0, 0.0, 0.0, 0.0, 0.0, 0.0, 0.0, 0.0, 0.0, 0.9776802332600201, 0.9795831714960537, 0.9809418681991158, 0.0, 0.0, 0.0, 0.0, 0.0, 0.0], [0.94469171435146, 0.0, 1.1789619676249123, 0.0, 0.0, 0.0, 0.0, 0.0, 0.0, 0.0, 0.0, 0.0, 0.0, 0.0, 0.0, 0.0, 0.0, 0.0, 0.0, 0.0, 0.0, 0.0, 0.0, 0.0, 0.0, 0.0, 0.0, 0.0], [0.0, 1.1789619676249123, 0.0, 1.814509033512788, 1.187971528286274, 0.0, 1.1464276406707141, 0.0, 0.0, 0.0, 0.0, 0.0, 0.0, 0.0, 0.0, 0.0, 0.0, 0.0, 0.0, 0.0, 0.0, 0.0, 0.0, 0.0, 0.0, 0.0, 0.0, 0.0], [0.0, 0.0, 1.814509033512788, 0.0, 0.0, 0.0, 0.0, 0.0, 0.0, 0.0, 0.0, 0.0, 0.0, 0.0, 0.0, 0.0, 0.0, 0.0, 0.0, 0.0, 0.0, 0.0, 0.0, 0.0, 0.0, 0.0, 0.0, 0.0], [0.0, 0.0, 1.187971528286274, 0.0, 0.0, 0.9436347224705623, 0.0, 0.0, 0.0, 0.0, 0.0, 0.0, 0.0, 0.0, 0.0, 0.0, 0.0, 0.0, 0.0, 0.0, 0.0, 0.0, 0.0, 0.0, 0.0, 0.0, 0.0, 0.0], [0.0, 0.0, 0.0, 0.0, 0.9436347224705623, 0.0, 0.0, 0.0, 0.0, 0.0, 0.0, 0.0, 0.0, 0.0, 0.0, 0.0, 0.0, 0.0, 0.0, 0.0, 0.0, 0.0, 0.9777418443594922, 0.9787466918571213, 0.9806018428681809, 0.0, 0.0, 0.0], [0.0, 0.0, 1.1464276406707141, 0.0, 0.0, 0.0, 0.0, 0.9890953395347709, 0.0, 0.0, 0.0, 0.0, 0.0, 0.0, 0.0, 0.0, 0.0, 0.0, 0.0, 0.0, 0.0, 0.0, 0.0, 0.0, 0.0, 0.0, 0.0, 0.0], [0.0, 0.0, 0.0, 0.0, 0.0, 0.0, 0.9890953395347709, 0.0, 1.778257617786871, 0.0, 0.9985928699737404, 0.0, 0.0, 0.0, 0.0, 0.0, 0.0, 0.0, 0.0, 0.0, 0.0, 0.0, 0.0, 0.0, 0.0, 0.0, 0.0, 0.0], [0.0, 0.0, 0.0, 0.0, 0.0, 0.0, 0.0, 1.778257617786871, 0.0, 1.011220505859844, 0.0, 0.0, 0.0, 0.0, 0.0, 0.0, 0.0, 0.0, 0.0, 0.0, 0.0, 0.0, 0.0, 0.0, 0.0, 0.9621980855729548, 0.0, 0.0], [0.0, 0.0, 0.0, 0.0, 0.0, 0.0, 0.0, 0.0, 1.011220505859844, 0.0, 0.0, 0.0, 0.0, 0.0, 0.0, 0.0, 0.0, 0.0, 0.0, 0.0, 0.0, 0.0, 0.0, 0.0, 0.0, 0.0, 0.0, 0.0], [0.0, 0.0, 0.0, 0.0, 0.0, 0.0, 0.0, 0.9985928699737404, 0.0, 0.0, 0.0, 1.3996807099953896, 0.0, 0.0, 0.0, 0.0, 0.0, 1.3537683558092322, 0.0, 0.0, 0.0, 0.0, 0.0, 0.0, 0.0, 0.0, 0.0, 0.0], [0.0, 0.0, 0.0, 0.0, 0.0, 0.0, 0.0, 0.0, 0.0, 0.0, 1.3996807099953896, 0.0, 1.3969456632078312, 0.0, 0.0, 0.0, 0.10250586190767098, 0.0, 0.0, 0.0, 0.0, 0.0, 0.0, 0.0, 0.0, 0.0, 0.958169954560307, 0.0], [0.0, 0.0, 0.0, 0.0, 0.0, 0.0, 0.0, 0.0, 0.0, 0.0, 0.0, 1.3969456632078312, 0.0, 1.0111876408666158, 1.3518765046816412, 0.0, 0.0, 0.0, 0.0, 0.0, 0.0, 0.0, 0.0, 0.0, 0.0, 0.0, 0.0, 0.0], [0.0, 0.0, 0.0, 0.0, 0.0, 0.0, 0.0, 0.0, 0.0, 0.0, 0.0, 0.0, 1.0111876408666158, 0.0, 0.0, 0.0, 0.0, 0.0, 0.0, 0.0, 0.0, 0.0, 0.0, 0.0, 0.0, 0.0, 0.0, 0.0], [0.0, 0.0, 0.0, 0.0, 0.0, 0.0, 0.0, 0.0, 0.0, 0.0, 0.0, 0.0, 1.3518765046816412, 0.0, 0.0, 1.0106897202109155, 1.3984385278610862, 0.0, 0.0, 0.0, 0.0, 0.0, 0.0, 0.0, 0.0, 0.0, 0.0, 0.0], [0.0, 0.0, 0.0, 0.0, 0.0, 0.0, 0.0, 0.0, 0.0, 0.0, 0.0, 0.0, 0.0, 0.0, 1.0106897202109155, 0.0, 0.0, 0.0, 0.0, 0.0, 0.0, 0.0, 0.0, 0.0, 0.0, 0.0, 0.0, 0.0], [0.0, 0.0, 0.0, 0.0, 0.0, 0.0, 0.0, 0.0, 0.0, 0.0, 0.0, 0.10250586190767098, 0.0, 0.0, 1.3984385278610862, 0.0, 0.0, 1.4002527243163772, 0.0, 0.0, 0.0, 0.0, 0.0, 0.0, 0.0, 0.0, 0.0, 0.9585203099080212], [0.0, 0.0, 0.0, 0.0, 0.0, 0.0, 0.0, 0.0, 0.0, 0.0, 1.3537683558092322, 0.0, 0.0, 0.0, 0.0, 0.0, 1.4002527243163772, 0.0, 1.0039554098612906, 0.0, 0.0, 0.0, 0.0, 0.0, 0.0, 0.0, 0.0, 0.0], [0.0, 0.0, 0.0, 0.0, 0.0, 0.0, 0.0, 0.0, 0.0, 0.0, 0.0, 0.0, 0.0, 0.0, 0.0, 0.0, 0.0, 1.0039554098612906, 0.0, 0.0, 0.0, 0.0, 0.0, 0.0, 0.0, 0.0, 0.0, 0.0], [0.9776802332600201, 0.0, 0.0, 0.0, 0.0, 0.0, 0.0, 0.0, 0.0, 0.0, 0.0, 0.0, 0.0, 0.0, 0.0, 0.0, 0.0, 0.0, 0.0, 0.0, 0.0, 0.0, 0.0, 0.0, 0.0, 0.0, 0.0, 0.0], [0.9795831714960537, 0.0, 0.0, 0.0, 0.0, 0.0, 0.0, 0.0, 0.0, 0.0, 0.0, 0.0, 0.0, 0.0, 0.0, 0.0, 0.0, 0.0, 0.0, 0.0, 0.0, 0.0, 0.0, 0.0, 0.0, 0.0, 0.0, 0.0], [0.9809418681991158, 0.0, 0.0, 0.0, 0.0, 0.0, 0.0, 0.0, 0.0, 0.0, 0.0, 0.0, 0.0, 0.0, 0.0, 0.0, 0.0, 0.0, 0.0, 0.0, 0.0, 0.0, 0.0, 0.0, 0.0, 0.0, 0.0, 0.0], [0.0, 0.0, 0.0, 0.0, 0.0, 0.9777418443594922, 0.0, 0.0, 0.0, 0.0, 0.0, 0.0, 0.0, 0.0, 0.0, 0.0, 0.0, 0.0, 0.0, 0.0, 0.0, 0.0, 0.0, 0.0, 0.0, 0.0, 0.0, 0.0], [0.0, 0.0, 0.0, 0.0, 0.0, 0.9787466918571213, 0.0, 0.0, 0.0, 0.0, 0.0, 0.0, 0.0, 0.0, 0.0, 0.0, 0.0, 0.0, 0.0, 0.0, 0.0, 0.0, 0.0, 0.0, 0.0, 0.0, 0.0, 0.0], [0.0, 0.0, 0.0, 0.0, 0.0, 0.9806018428681809, 0.0, 0.0, 0.0, 0.0, 0.0, 0.0, 0.0, 0.0, 0.0, 0.0, 0.0, 0.0, 0.0, 0.0, 0.0, 0.0, 0.0, 0.0, 0.0, 0.0, 0.0, 0.0], [0.0, 0.0, 0.0, 0.0, 0.0, 0.0, 0.0, 0.0, 0.9621980855729548, 0.0, 0.0, 0.0, 0.0, 0.0, 0.0, 0.0, 0.0, 0.0, 0.0, 0.0, 0.0, 0.0, 0.0, 0.0, 0.0, 0.0, 0.0, 0.0], [0.0, 0.0, 0.0, 0.0, 0.0, 0.0, 0.0, 0.0, 0.0, 0.0, 0.0, 0.958169954560307, 0.0, 0.0, 0.0, 0.0, 0.0, 0.0, 0.0, 0.0, 0.0, 0.0, 0.0, 0.0, 0.0, 0.0, 0.0, 0.0], [0.0, 0.0, 0.0, 0.0, 0.0, 0.0, 0.0, 0.0, 0.0, 0.0, 0.0, 0.0, 0.0, 0.0, 0.0, 0.0, 0.9585203099080212, 0.0, 0.0, 0.0, 0.0, 0.0, 0.0, 0.0, 0.0, 0.0, 0.0, 0.0]], "Born radii": [], "Atomic SASAs": [], "Solvent H bonds": [], "Total SASA": NaN, "Total FOD": 0.0, "FOD": [0.0, 0.0, 0.0, 0.0, 0.0, 0.0, 0.0, 0.0, 0.0, 0.0, 0.0, 0.0, 0.0, 0.0, 0.0, 0.0, 0.0, 0.0, 0.0, 0.0, 0.0, 0.0, 0.0, 0.0, 0.0, 0.0, 0.0, 0.0], "FOD s proportion": [0.0, 0.0, 0.0, 0.0, 0.0, 0.0, 0.0, 0.0, 0.0, 0.0, 0.0, 0.0, 0.0, 0.0, 0.0, 0.0, 0.0, 0.0, 0.0, 0.0, 0.0, 0.0, 0.0, 0.0, 0.0, 0.0, 0.0, 0.0], "FOD p proportion": [0.0, 0.0, 0.0, 0.0, 0.0, 0.0, 0.0, 0.0, 0.0, 0.0, 0.0, 0.0, 0.0, 0.0, 0.0, 0.0, 0.0, 0.0, 0.0, 0.0, 0.0, 0.0, 0.0, 0.0, 0.0, 0.0, 0.0, 0.0], "FOD d proportion": [0.0, 0.0, 0.0, 0.0, 0.0, 0.0, 0.0, 0.0, 0.0, 0.0, 0.0, 0.0, 0.0, 0.0, 0.0, 0.0, 0.0, 0.0, 0.0, 0.0, 0.0, 0.0, 0.0, 0.0, 0.0, 0.0, 0.0, 0.0], "coordinates": [["-1.50270", "-0.88330", "-2.37550"], ["-1.25310", "-0.89100", "-0.98570"], ["-1.50320", "0.49420", "-0.20120"], ["-0.82330", "1.68870", "-0.79760"], ["-3.11180", "0.59780", "-0.15700"], ["-3.65290", "1.73330", "0.48620"], ["-1.10870", "0.16270", "1.32400"], ["0.13180", "-0.15980", "1.83600"], ["0.32780", "-0.31640", "3.15060"], ["-0.90590", "-0.13480", "4.32840"], ["1.25510", "-0.32830", "0.90150"], ["1.94220", "0.81720", "0.46800"], ["3.01920", "0.71220", "-0.41880"], ["3.80750", "2.17070", "-0.90260"], ["3.42430", "-0.54560", "-0.87650"], ["4.74490", "-0.75210", "-1.97080"], ["2.75520", "-1.69310", "-0.44450"], ["1.67970", "-1.58680", "0.44160"], ["0.90320", "-3.04950", "0.93800"], ["-1.35000", "-1.89310", "-2.76470"], ["-0.80870", "-0.20350", "-2.87700"], ["-2.53320", "-0.57880", "-2.57670"], ["-4.74300", "1.65730", "0.47410"], ["-3.35630", "2.64250", "-0.04360"], ["-3.31350", "1.78010", "1.52440"], ["1.27760", "-0.57150", "3.60360"], ["1.62610", "1.80250", "0.81030"], ["3.07160", "-2.67170", "-0.79880"]], "bond_dist": [[0.0, 1.4120564754994753, 2.5739244336227123, 3.092981857366771, 3.115221062781902, 4.43387894399475, 3.864667159019002, 4.5751256540121386, 5.848921872447947, 6.771905027390742, 4.318821001152976, 4.779595015270645, 5.1789839495793, 6.300363041127075, 5.161043624113247, 6.262068451398468, 4.744918276430059, 4.307973354142293, 4.632500350782501, 1.092927248264952, 1.0932823468802555, 1.0932209017394425, 5.007435731988979, 4.615718385040405, 5.057856879153462, 6.601282007307368, 5.2107804329102185, 5.158350311872973], [1.4120564754994753, 0.0, 1.6114494407209927, 2.6220148245194954, 2.52151439020284, 3.8486984994930427, 2.542803401759562, 3.2271647525343354, 4.465242172603856, 5.378851651607432, 3.1889218193615223, 3.9039893724240593, 4.59827936732861, 5.915284005016158, 4.691406671777667, 6.079944014544871, 4.1234367631867475, 3.3350620339058166, 3.6068509298278464, 2.044122065826794, 2.060864697159908, 2.065770038024562, 4.561167716714658, 4.218604615272685, 4.204833573400974, 5.250542565297419, 4.33247629999288, 4.680689499422067], [2.5739244336227123, 1.6114494407209927, 0.0, 1.4982613990889575, 1.61253854527574, 2.5747034120457446, 1.6098936424497117, 2.6927912730102195, 3.9043817180188722, 4.611906812805307, 3.082316082104495, 3.5246189581286655, 4.532877179011141, 5.613033823165509, 5.081089487501671, 6.612374872918202, 4.793479606715772, 3.8567609791118764, 4.432420026351293, 3.5063091392517003, 2.8511438371292317, 2.802718189543858, 3.5078676913475517, 2.8414802937905446, 2.8121913626209722, 4.831673433708036, 3.5393925509895054, 5.595430600945739], [3.092981857366771, 2.6220148245194954, 1.4982613990889575, 0.0, 2.614892621122328, 3.107534031993857, 2.6289381354455643, 3.356339854663112, 4.575340474762506, 5.441309677825735, 3.3578231594293353, 3.163739221238059, 3.9826935533631005, 4.657000927635725, 4.800044526876809, 6.191829626209042, 4.936285354393524, 4.3045935801188016, 5.333258745832608, 4.120216807402251, 2.8115010866083616, 3.351195468784237, 4.120953159161118, 2.809686715632189, 3.4060437460490722, 5.37520662765628, 2.932209612220791, 5.846651658000501], [3.115221062781902, 2.52151439020284, 1.61253854527574, 2.614892621122328, 0.0, 1.4127475712242437, 2.528850058821203, 3.8816166374334293, 4.858685785271569, 5.051881899846829, 4.5877989352193715, 5.097222514271866, 6.1376532648887885, 7.134889365645412, 6.674252543918307, 8.175563304139965, 6.30496376357549, 5.2999312608749936, 5.5337191191819635, 4.013554701259221, 3.6530468516020975, 2.752110755402115, 2.0449060858631136, 2.0623864574807507, 2.0653382628518746, 5.897135508872083, 4.983439353498746, 7.023957079168409], [4.43387894399475, 3.8486984994930427, 2.5747034120457446, 3.107534031993857, 1.4127475712242437, 0.0, 3.1051001336510873, 4.441817391563953, 5.210208243439028, 5.079203426719587, 5.339581692417487, 5.66963089274778, 6.8101827156105, 7.601161250756361, 7.558908409287679, 9.095994008353347, 7.325992428333516, 6.2818529057914105, 6.620977744261039, 5.387251263863604, 4.811629881859161, 3.997610650125898, 1.0928130764224964, 1.093299702734799, 1.0932711648991753, 6.272169963417765, 5.289392257150154, 8.140893700939719], [3.864667159019002, 2.542803401759562, 1.6098936424497117, 2.6289381354455643, 2.528850058821203, 3.1051001336510873, 0.0, 1.3802139326930445, 2.3726644558386254, 3.0258971314306113, 2.4509462846011134, 3.235598408331912, 4.514295127702663, 5.758370776530459, 5.088416073789564, 6.779173920176411, 4.636950409482508, 3.408013287826208, 3.8098512372532345, 4.58279467355892, 4.227588371636954, 4.218350742885186, 4.0204845056286445, 3.6154451399516496, 2.7417669412260404, 3.38083621164942, 3.229854914698182, 5.478595740698523], [4.5751256540121386, 3.2271647525343354, 2.6927912730102195, 3.356339854663112, 3.8816166374334293, 4.441817391563953, 1.3802139326930445, 0.0, 1.3383245944089943, 2.6999081558453057, 1.4708791214780366, 2.4705264944946452, 3.7658446330139537, 5.142171788262232, 4.283346138242858, 6.010260987677657, 3.799199481469748, 2.525207866691374, 3.1227917077512553, 5.134832092678397, 4.806123067504618, 5.172011918973118, 5.377759669230302, 4.853104476518098, 3.966156661051099, 2.1463374128966772, 2.6712570580159447, 4.6791277702153], [5.848921872447947, 4.465242172603856, 3.9043817180188722, 4.575340474762506, 4.858685785271569, 5.210208243439028, 2.3726644558386254, 1.3383245944089943, 0.0, 1.7152862997179221, 2.432792163338249, 3.3298166736323487, 4.587185224078051, 5.8925723364249, 5.085113499224969, 6.777119215418893, 4.551078735860323, 3.28332617478069, 3.563217581063497, 6.3475798395924095, 6.134846405575285, 6.407506539208524, 6.0640049950507136, 5.7035599111432145, 4.505430543244452, 1.082776546661406, 3.4135500860541073, 5.354777015898981], [6.771905027390742, 5.378851651607432, 4.611906812805307, 5.441309677825735, 5.051881899846829, 5.079203426719587, 3.0258971314306113, 2.6999081558453057, 1.7152862997179221, 0.0, 4.055984080343511, 4.8908757671811705, 6.217694657186055, 7.409104588950004, 6.783094624874402, 8.484840633152753, 6.213897851590416, 4.888849107918959, 4.823186815788914, 7.321264324554878, 7.20638305185063, 7.108139510448568, 5.726306602863665, 5.729942360094035, 4.16242666842312, 2.341733157300379, 4.74775556447465, 6.967391742969531], [4.318821001152976, 3.1889218193615223, 3.082316082104495, 3.3578231594293353, 4.5877989352193715, 5.339581692417487, 2.4509462846011134, 1.4708791214780366, 2.432792163338249, 4.055984080343511, 0.0, 1.4043499955495424, 2.4367767952769084, 4.00181503445624, 2.8131711519209066, 4.539649520612797, 2.4340696477299084, 1.4055658718110653, 2.7441019113728267, 4.761949967187812, 4.307192557803749, 5.14896517564452, 6.33265202975815, 5.566316251346127, 5.070055318238648, 2.713115718136623, 2.1647787600584034, 3.4179256720999653], [4.779595015270645, 3.9039893724240593, 3.5246189581286655, 3.163739221238059, 5.097222514271866, 5.66963089274778, 3.235598408331912, 2.4705264944946452, 3.3298166736323487, 4.8908757671811705, 1.4043499955495424, 0.0, 1.399059769988402, 2.6813896956615615, 2.4210585494778933, 4.033060279737956, 2.7919941511400057, 2.4184332138804248, 4.031350876567308, 5.351135974725367, 4.449528548059895, 5.590010666358339, 6.73778185013436, 5.627393437462854, 5.4466081059683376, 3.4931602038841563, 1.089910358699283, 3.8797873408216597], [5.1789839495793, 4.59827936732861, 4.532877179011141, 3.9826935533631005, 6.1376532648887885, 6.8101827156105, 4.514295127702663, 3.7658446330139537, 4.587185224078051, 6.217694657186055, 2.4367767952769084, 1.399059769988402, 0.0, 1.7270499645349, 1.3984477609120765, 2.74425198915843, 2.419881108649762, 2.79641724533375, 4.524240171564724, 5.601851795611876, 4.640481886614794, 6.095273510680223, 7.8703388275219766, 6.671868807163403, 6.709659152296784, 4.567357880657044, 2.154105036900476, 3.405572634668067], [6.300363041127075, 5.915284005016158, 5.613033823165509, 4.657000927635725, 7.134889365645412, 7.601161250756361, 5.758370776530459, 5.142171788262232, 5.8925723364249, 7.409104588950004, 4.00181503445624, 2.6813896956615615, 1.7270499645349, 0.0, 2.743320823381764, 3.2500045907659882, 4.030650237864854, 4.5225228280242, 6.25086033198631, 6.825078248635689, 5.5537720010817875, 7.111036320396627, 8.675824612104602, 7.2305260306564145, 7.533361690507101, 5.850290017597418, 2.797874838158419, 4.899097979220255], [5.161043624113247, 4.691406671777667, 5.081089487501671, 4.800044526876809, 6.674252543918307, 7.558908409287679, 5.088416073789564, 4.283346138242858, 5.085113499224969, 6.783094624874402, 2.8131711519209066, 2.4210585494778933, 1.3984477609120765, 2.743320823381764, 0.0, 1.7274603034512837, 1.3968088845651006, 2.421799787348244, 3.9897206255576347, 5.308012432163285, 4.694392576255208, 6.19544901762576, 8.566310644612416, 7.538848743674328, 7.521379537026435, 4.967925896186456, 3.404760063499336, 2.156556465757389], [6.262068451398468, 6.079944014544871, 6.612374872918202, 6.191829626209042, 8.175563304139965, 9.095994008353347, 6.779173920176411, 6.010260987677657, 6.777119215418893, 8.484840633152753, 4.539649520612797, 4.033060279737956, 2.74425198915843, 3.2500045907659882, 1.7274603034512837, 0.0, 2.6784284160679004, 3.9889658923084315, 5.338335235820246, 6.2513969814754216, 5.653727386423934, 7.305332799400722, 10.089746814464672, 8.992599759802502, 9.141458879194284, 6.5672460750302335, 4.897694540291381, 2.8032804087354517], [4.744918276430059, 4.1234367631867475, 4.793479606715772, 4.936285354393524, 6.30496376357549, 7.325992428333516, 4.636950409482508, 3.799199481469748, 4.551078735860323, 6.213897851590416, 2.4340696477299084, 2.7919941511400057, 2.419881108649762, 4.030650237864854, 1.3968088845651006, 2.6784284160679004, 0.0, 1.397559712498897, 2.679744616563302, 4.719745234649853, 4.564794367767292, 5.809915308332815, 8.263897951935274, 7.503904345072637, 7.264214007034759, 4.4529093781481786, 3.881830651896087, 1.0877938269727403], [4.307973354142293, 3.3350620339058166, 3.8567609791118764, 4.3045935801188016, 5.2999312608749936, 6.2818529057914105, 3.408013287826208, 2.525207866691374, 3.28332617478069, 4.888849107918959, 1.4055658718110653, 2.4184332138804248, 2.79641724533375, 4.5225228280242, 2.421799787348244, 3.9889658923084315, 1.397559712498897, 0.0, 1.7288309633969425, 4.421906994725239, 4.372500361349328, 5.27965200557764, 7.195576165255984, 6.594216672964272, 6.11886571923261, 3.345259705912233, 3.4097165776644838, 2.157078065346732], [4.632500350782501, 3.6068509298278464, 4.432420026351293, 5.333258745832608, 5.5337191191819635, 6.620977744261039, 3.8098512372532345, 3.1227917077512553, 3.563217581063497, 4.823186815788914, 2.7441019113728267, 4.031350876567308, 4.524240171564724, 6.25086033198631, 3.9897206255576347, 5.338335235820246, 2.679744616563302, 1.7288309633969425, 0.0, 4.485995819213389, 5.058116508148068, 5.501483394503704, 7.365374660531534, 7.176750156582017, 6.438125504368487, 3.658699594118107, 4.907218733661666, 2.803777031077899], [1.092927248264952, 2.044122065826794, 3.5063091392517003, 4.120216807402251, 4.013554701259221, 5.387251263863604, 4.58279467355892, 5.134832092678397, 6.3475798395924095, 7.321264324554878, 4.761949967187812, 5.351135974725367, 5.601851795611876, 6.825078248635689, 5.308012432163285, 6.2513969814754216, 4.719745234649853, 4.421906994725239, 4.485995819213389, 0.0, 1.7777415841454574, 1.7783955493646513, 5.882823692751637, 5.656968469065388, 5.978637746175963, 7.014709773754007, 5.9409810275744865, 4.901176117015179], [1.0932823468802555, 2.060864697159908, 2.8511438371292317, 2.8115010866083616, 3.6530468516020975, 4.811629881859161, 4.227588371636954, 4.806123067504618, 6.134846405575285, 7.20638305185063, 4.307192557803749, 4.449528548059895, 4.640481886614794, 5.5537720010817875, 4.694392576255208, 5.653727386423934, 4.564794367767292, 4.372500361349328, 5.058116508148068, 1.7777415841454574, 0.0, 1.7902319486591673, 5.492828446256082, 4.755852953992585, 5.438843071830625, 6.818082432033218, 4.852676408952074, 5.046548778125502], [1.0932209017394425, 2.065770038024562, 2.802718189543858, 3.351195468784237, 2.752110755402115, 3.997610650125898, 4.218350742885186, 5.172011918973118, 6.407506539208524, 7.108139510448568, 5.14896517564452, 5.590010666358339, 6.095273510680223, 7.111036320396627, 6.19544901762576, 7.305332799400722, 5.809915308332815, 5.27965200557764, 5.501483394503704, 1.7783955493646513, 1.7902319486591673, 0.0, 4.38072367195193, 4.179816133515923, 4.795028520248864, 7.26074087266582, 5.8687422144783294, 6.241389417429424], [5.007435731988979, 4.561167716714658, 3.5078676913475517, 4.120953159161118, 2.0449060858631136, 1.0928130764224964, 4.0204845056286445, 5.377759669230302, 6.0640049950507136, 5.726306602863665, 6.33265202975815, 6.73778185013436, 7.8703388275219766, 8.675824612104602, 8.566310644612416, 10.089746814464672, 8.263897951935274, 7.195576165255984, 7.365374660531534, 5.882823692751637, 5.492828446256082, 4.38072367195193, 0.0, 1.7780802062899188, 1.7781114082081586, 7.142054609844425, 6.379619760612697, 9.023773521648247], [4.615718385040405, 4.218604615272685, 2.8414802937905446, 2.809686715632189, 2.0623864574807507, 1.093299702734799, 3.6154451399516496, 4.853104476518098, 5.7035599111432145, 5.729942360094035, 5.566316251346127, 5.627393437462854, 6.671868807163403, 7.2305260306564145, 7.538848743674328, 8.992599759802502, 7.503904345072637, 6.594216672964272, 7.176750156582017, 5.656968469065388, 4.755852953992585, 4.179816133515923, 1.7780802062899188, 0.0, 1.790025027757992, 6.716017648130476, 5.124358981375134, 8.374302782321642], [5.057856879153462, 4.204833573400974, 2.8121913626209722, 3.4060437460490722, 2.0653382628518746, 1.0932711648991753, 2.7417669412260404, 3.966156661051099, 4.505430543244452, 4.16242666842312, 5.070055318238648, 5.4466081059683376, 6.709659152296784, 7.533361690507101, 7.521379537026435, 9.141458879194284, 7.264214007034759, 6.11886571923261, 6.438125504368487, 5.978637746175963, 5.438843071830625, 4.795028520248864, 1.7781114082081586, 1.790025027757992, 0.0, 5.561590996288742, 4.991000774393849, 8.12313261556156], [6.601282007307368, 5.250542565297419, 4.831673433708036, 5.37520662765628, 5.897135508872083, 6.272169963417765, 3.38083621164942, 2.1463374128966772, 1.082776546661406, 2.341733157300379, 2.713115718136623, 3.4931602038841563, 4.567357880657044, 5.850290017597418, 4.967925896186456, 6.5672460750302335, 4.4529093781481786, 3.345259705912233, 3.658699594118107, 7.014709773754007, 6.818082432033218, 7.26074087266582, 7.142054609844425, 6.716017648130476, 5.561590996288742, 0.0, 3.6823705869996304, 5.197153239995911], [5.2107804329102185, 4.33247629999288, 3.5393925509895054, 2.932209612220791, 4.983439353498746, 5.289392257150154, 3.229854914698182, 2.6712570580159447, 3.4135500860541073, 4.74775556447465, 2.1647787600584034, 1.089910358699283, 2.154105036900476, 2.797874838158419, 3.404760063499336, 4.897694540291381, 3.881830651896087, 3.4097165776644838, 4.907218733661666, 5.9409810275744865, 4.852676408952074, 5.8687422144783294, 6.379619760612697, 5.124358981375134, 4.991000774393849, 3.6823705869996304, 0.0, 4.969621585191372], [5.158350311872973, 4.680689499422067, 5.595430600945739, 5.846651658000501, 7.023957079168409, 8.140893700939719, 5.478595740698523, 4.6791277702153, 5.354777015898981, 6.967391742969531, 3.4179256720999653, 3.8797873408216597, 3.405572634668067, 4.899097979220255, 2.156556465757389, 2.8032804087354517, 1.0877938269727403, 2.157078065346732, 2.803777031077899, 4.901176117015179, 5.046548778125502, 6.241389417429424, 9.023773521648247, 8.374302782321642, 8.12313261556156, 5.197153239995911, 4.969621585191372, 0.0]]}