{"total energy": -22.9917665, "HOMO-LUMO gap/eV": 4.99054538, "electronic energy": -23.29597026, "dipole": [0.01714577, -0.29180786, 0.63000419], "partial charges": [-0.1009539, -0.05154555, -0.06902469, 0.11024344, -0.44389742, -0.04788457, -0.09372868, 0.03365192, 0.03178713, 0.03167157, 0.043009, 0.03102669, 0.03415235, 0.03325252, 0.04791686, 0.28564141, 0.04425772, 0.04002254, 0.04040167], "atomic dipole moments": [[0.08125465, 0.02791877, -0.05342589], [0.01203366, -0.04001114, 0.11383929], [0.00613298, 0.04679282, -0.10311962], [0.00545887, -0.15310501, -0.10185466], [0.01149522, 0.00371421, 0.23369672], [-0.11147741, 0.02673238, -0.12233152], [0.01538712, -0.02464308, 0.06940738], [-0.10446841, 0.01745297, -0.0673955], [0.00524541, -0.12161318, 0.03099448], [-0.01134206, 0.0672934, 0.10550337], [-0.00085135, -0.0664694, -0.10769076], [-0.01525456, 0.11930535, -0.03288434], [-0.00956241, 0.06215253, 0.10915694], [0.00491707, -0.12131797, 0.0294023], [-0.01529452, 0.12193247, -0.03644083], [0.01946609, -0.07070812, 0.03172304], [0.11993149, 0.05111301, -0.07101873], [0.14284432, 0.00342318, 0.04812745], [-0.11156665, -0.05532794, 0.08912673]], "atomic quadrupole moments": [[0.11442667, 0.07810246, -0.09866843, -0.14432541, -0.05614289, -0.01575824], [0.22823289, 0.03574281, -0.19979424, -0.00240043, -0.09555012, -0.02843866], [0.19417722, 0.04137076, -0.19335299, -0.00751794, -0.08672424, -0.00082423], [-0.06530219, 0.02424112, -0.15304595, -0.05773157, 0.25159937, 0.21834814], [-0.10889337, -0.01576119, -0.0046765, -0.00859298, 0.10605273, 0.11356987], [-0.13869675, -0.11061925, 0.38528571, 0.05157401, 0.37600606, -0.24658896], [-0.26518065, -0.11079616, 0.47766165, -0.06946604, 0.35459412, -0.212481], [0.04189585, -0.01183028, -0.04781407, 0.05130484, -0.01910839, 0.00591823], [-0.03440606, -0.01888727, 0.0727736, -0.0082108, -0.02644991, -0.03836754], [-0.03860469, 0.01085905, -0.00095646, -0.00699902, 0.05771882, 0.03956115], [-0.01535492, -0.00309934, -0.00256785, -0.00817636, 0.04374009, 0.01792277], [-0.01642542, -0.00384457, 0.05401643, 0.00054359, -0.01450799, -0.03759101], [-0.0188125, -0.00661222, -0.00838435, -0.00040991, 0.04945987, 0.02719685], [-0.01740444, -0.0120834, 0.05701969, 0.01272724, -0.01352982, -0.03961525], [-0.00877032, -0.01060628, 0.02820715, -0.00585074, -0.01376208, -0.01943683], [-0.08118799, -0.04917682, 0.11746608, 0.01450649, -0.03882939, -0.03627809], [0.02284805, 0.00357664, -0.05103513, 0.00980749, -0.04326516, 0.02818708], [0.03639243, 0.00670112, -0.05290388, 0.0162003, -0.03370336, 0.01651145], [0.0360315, 0.01792413, -0.04614412, -0.00845312, -0.03163344, 0.01011261]], "number of molecular orbitals": 40, "number of electrons": 42, "number of unpaired electrons": 0, "orbital energies/eV": [-18.5902274, -17.21643711, -16.86599806, -16.5117181, -16.06136327, -15.4648877, -15.14178722, -14.58912951, -14.43516276, -13.94043776, -13.69987088, -13.52967382, -13.14906632, -12.53876395, -12.46869336, -12.13834117, -12.0457512, -11.72279847, -11.56683569, -11.27751611, -10.93100552, -5.94046014, 1.12305774, 1.9634149, 2.85825636, 3.01455424, 3.12637281, 3.70459754, 4.25860996, 4.32854536, 4.5437749, 4.68523144, 5.58194645, 5.89335478, 6.45762497, 6.52947522, 7.1390447, 8.11450889, 10.8123862, 15.30967751], "fractional occupation": [2.0, 2.0, 2.0, 2.0, 2.0, 2.0, 2.0, 2.0, 2.0, 2.0, 2.0, 2.0, 2.0, 2.0, 2.0, 2.0, 2.0, 2.0, 2.0, 2.0, 2.0, 0.0, 0.0, 0.0, 0.0, 0.0, 0.0, 0.0, 0.0, 0.0, 0.0, 0.0, 0.0, 0.0, 0.0, 0.0, 0.0, 0.0, 0.0, 0.0], "program call": "xtb /home/svss/Project-DBcg-Debug/aqme2_20220329/End-to-End-workflows-final/example-3/QDESCP/mol_922_rdkit_conf_3/mol_922_rdkit_conf_3.xyz --pop --wbo --acc 0.2 --gfn 2 --chrg 0 --uhf 0 --etemp 300 --input /home/svss/Project-DBcg-Debug/aqme2_20220329/End-to-End-workflows-final/example-3/QDESCP/mol_922_rdkit_conf_3/mol_922_rdkit_conf_3_xtb.inp", "method": "GFN2-xTB", "xtb version": "6.3.3 (7355c4f)", "Dipole module/D": 1.765, "Total charge": 0, "Transition dipole module/D": NaN, "HOMO": -10.931, "LUMO": -5.9405, "HOMO occupancy": 2.0, "LUMO occupancy": 0, "mulliken charges": [-0.08515, -0.03278, -0.07085, 0.21784, -0.56209, -0.04665, -0.08206, 0.02984, 0.02616, 0.02537, 0.03339, 0.02308, 0.0257, 0.02494, 0.03528, 0.33361, 0.03951, 0.0355, 0.02934], "cm5 charges": [-0.23551, -0.14436, -0.17648, 0.1745, -0.7706, -0.10636, -0.18393, 0.08062, 0.07746, 0.07666, 0.09069, 0.07828, 0.08177, 0.08288, 0.10215, 0.50444, 0.09716, 0.08772, 0.08292], "FUKUI+": [0.012, 0.006, 0.015, 0.009, -0.059, -0.155, -0.127, -0.028, -0.014, -0.013, -0.02, -0.02, -0.021, -0.021, -0.084, -0.027, -0.14, -0.154, -0.158], "FUKUI-": [0.016, 0.005, 0.001, -0.005, -0.113, -0.028, -0.032, -0.076, -0.067, -0.079, -0.073, -0.078, -0.055, -0.053, -0.065, -0.05, -0.087, -0.09, -0.07], "FUKUIrad": [0.014, 0.005, 0.008, 0.002, -0.086, -0.091, -0.08, -0.052, -0.04, -0.046, -0.047, -0.049, -0.038, -0.037, -0.075, -0.038, -0.114, -0.122, -0.114], "s proportion": [1.008, 1.026, 1.04, 1.017, 1.701, 1.083, 1.05, 0.97, 0.974, 0.975, 0.967, 0.977, 0.974, 0.975, 0.965, 0.666, 0.96, 0.965, 0.971], "p proportion": [3.077, 3.007, 3.031, 2.766, 4.861, 2.964, 3.032, 0.0, 0.0, 0.0, 0.0, 0.0, 0.0, 0.0, 0.0, 0.0, 0.0, 0.0, 0.0], "d proportion": [0.0, 0.0, 0.0, 0.0, 0.0, 0.0, 0.0, 0.0, 0.0, 0.0, 0.0, 0.0, 0.0, 0.0, 0.0, 0.0, 0.0, 0.0, 0.0], "Fermi-level/eV": -8.4357, "Coordination numbers": [3.75, 3.799, 3.8, 3.726, 1.654, 2.884, 2.832, 0.924, 0.924, 0.924, 0.924, 0.924, 0.924, 0.924, 0.924, 0.804, 0.925, 0.925, 0.925], "Dispersion coefficient C6": [22.492, 21.501, 21.823, 18.868, 21.72, 29.187, 30.344, 2.535, 2.561, 2.563, 2.409, 2.572, 2.528, 2.541, 2.346, 0.766, 2.393, 2.448, 2.443], "Total dispersion C6": 2710.986033, "Total dispersion C8": 58255.278579, "Polarizability alpha": [6.764, 6.602, 6.651, 6.202, 6.291, 8.857, 9.027, 2.49, 2.503, 2.504, 2.427, 2.508, 2.487, 2.493, 2.395, 1.375, 2.419, 2.447, 2.444], "Total polarizability alpha": 78.886019, "Wiberg matrix": [[0.0, 1.020084018404032, 0.0, 0.0, 0.0, 0.0, 0.0, 0.9871271773601025, 0.9877085110153869, 0.9875885672122606, 0.0, 0.0, 0.0, 0.0, 0.0, 0.0, 0.0, 0.0, 0.0], [1.020084018404032, 0.0, 1.0067451861671555, 0.0, 0.0, 0.0, 0.0, 0.0, 0.0, 0.0, 0.97698338853379, 0.9779430522255186, 0.0, 0.0, 0.0, 0.0, 0.0, 0.0, 0.0], [0.0, 1.0067451861671555, 0.0, 0.9875881123009058, 0.0, 0.0, 0.0, 0.0, 0.0, 0.0, 0.0, 0.0, 0.9748521663828619, 0.9750421139761548, 0.0, 0.0, 0.0, 0.0, 0.0], [0.0, 0.0, 0.9875881123009058, 0.0, 0.972527399791321, 1.0017081363158493, 0.0, 0.0, 0.0, 0.0, 0.0, 0.0, 0.0, 0.0, 0.9514603717957137, 0.0, 0.0, 0.0, 0.0], [0.0, 0.0, 0.0, 0.972527399791321, 0.0, 0.0, 0.0, 0.0, 0.0, 0.0, 0.0, 0.0, 0.0, 0.0, 0.0, 0.9023091797424891, 0.0, 0.0, 0.0], [0.0, 0.0, 0.0, 1.0017081363158493, 0.0, 0.0, 1.9798295935044246, 0.0, 0.0, 0.0, 0.0, 0.0, 0.0, 0.0, 0.0, 0.0, 0.9652771039596469, 0.0, 0.0], [0.0, 0.0, 0.0, 0.0, 0.0, 1.9798295935044246, 0.0, 0.0, 0.0, 0.0, 0.0, 0.0, 0.0, 0.0, 0.0, 0.0, 0.0, 0.9772440482741189, 0.9753409842318577], [0.9871271773601025, 0.0, 0.0, 0.0, 0.0, 0.0, 0.0, 0.0, 0.0, 0.0, 0.0, 0.0, 0.0, 0.0, 0.0, 0.0, 0.0, 0.0, 0.0], [0.9877085110153869, 0.0, 0.0, 0.0, 0.0, 0.0, 0.0, 0.0, 0.0, 0.0, 0.0, 0.0, 0.0, 0.0, 0.0, 0.0, 0.0, 0.0, 0.0], [0.9875885672122606, 0.0, 0.0, 0.0, 0.0, 0.0, 0.0, 0.0, 0.0, 0.0, 0.0, 0.0, 0.0, 0.0, 0.0, 0.0, 0.0, 0.0, 0.0], [0.0, 0.97698338853379, 0.0, 0.0, 0.0, 0.0, 0.0, 0.0, 0.0, 0.0, 0.0, 0.0, 0.0, 0.0, 0.0, 0.0, 0.0, 0.0, 0.0], [0.0, 0.9779430522255186, 0.0, 0.0, 0.0, 0.0, 0.0, 0.0, 0.0, 0.0, 0.0, 0.0, 0.0, 0.0, 0.0, 0.0, 0.0, 0.0, 0.0], [0.0, 0.0, 0.9748521663828619, 0.0, 0.0, 0.0, 0.0, 0.0, 0.0, 0.0, 0.0, 0.0, 0.0, 0.0, 0.0, 0.0, 0.0, 0.0, 0.0], [0.0, 0.0, 0.9750421139761548, 0.0, 0.0, 0.0, 0.0, 0.0, 0.0, 0.0, 0.0, 0.0, 0.0, 0.0, 0.0, 0.0, 0.0, 0.0, 0.0], [0.0, 0.0, 0.0, 0.9514603717957137, 0.0, 0.0, 0.0, 0.0, 0.0, 0.0, 0.0, 0.0, 0.0, 0.0, 0.0, 0.0, 0.0, 0.0, 0.0], [0.0, 0.0, 0.0, 0.0, 0.9023091797424891, 0.0, 0.0, 0.0, 0.0, 0.0, 0.0, 0.0, 0.0, 0.0, 0.0, 0.0, 0.0, 0.0, 0.0], [0.0, 0.0, 0.0, 0.0, 0.0, 0.9652771039596469, 0.0, 0.0, 0.0, 0.0, 0.0, 0.0, 0.0, 0.0, 0.0, 0.0, 0.0, 0.0, 0.0], [0.0, 0.0, 0.0, 0.0, 0.0, 0.0, 0.9772440482741189, 0.0, 0.0, 0.0, 0.0, 0.0, 0.0, 0.0, 0.0, 0.0, 0.0, 0.0, 0.0], [0.0, 0.0, 0.0, 0.0, 0.0, 0.0, 0.9753409842318577, 0.0, 0.0, 0.0, 0.0, 0.0, 0.0, 0.0, 0.0, 0.0, 0.0, 0.0, 0.0]], "Born radii": [], "Atomic SASAs": [], "Solvent H bonds": [], "Total SASA": NaN, "Total FOD": 0.0, "FOD": [0.0, 0.0, 0.0, 0.0, 0.0, 0.0, 0.0, 0.0, 0.0, 0.0, 0.0, 0.0, 0.0, 0.0, 0.0, 0.0, 0.0, 0.0, 0.0], "FOD s proportion": [0.0, 0.0, 0.0, 0.0, 0.0, 0.0, 0.0, 0.0, 0.0, 0.0, 0.0, 0.0, 0.0, 0.0, 0.0, 0.0, 0.0, 0.0, 0.0], "FOD p proportion": [0.0, 0.0, 0.0, 0.0, 0.0, 0.0, 0.0, 0.0, 0.0, 0.0, 0.0, 0.0, 0.0, 0.0, 0.0, 0.0, 0.0, 0.0, 0.0], "FOD d proportion": [0.0, 0.0, 0.0, 0.0, 0.0, 0.0, 0.0, 0.0, 0.0, 0.0, 0.0, 0.0, 0.0, 0.0, 0.0, 0.0, 0.0, 0.0, 0.0], "coordinates": [["-2.77110", "-0.23520", "0.03630"], ["-1.55600", "0.19170", "-0.77250"], ["-0.25890", "-0.00540", "0.01970"], ["0.97410", "0.45710", "-0.77040"], ["1.09270", "-0.31870", "-1.95980"], ["2.29780", "0.35870", "-0.06270"], ["2.54340", "-0.12200", "1.16390"], ["-3.68560", "-0.08580", "-0.54630"], ["-2.70980", "-1.29410", "0.30710"], ["-2.85550", "0.35110", "0.95690"], ["-1.52510", "-0.38970", "-1.70100"], ["-1.66350", "1.24610", "-1.05220"], ["-0.32650", "0.55100", "0.96270"], ["-0.16560", "-1.07080", "0.26680"], ["0.83150", "1.50010", "-1.07590"], ["1.31570", "-1.22400", "-1.68290"], ["3.14300", "0.73520", "-0.63860"], ["3.55620", "-0.13110", "1.55710"], ["1.76300", "-0.51420", "1.80720"]], "bond_dist": [[0.0, 1.5208119739139352, 2.522743038836893, 3.893143616667641, 4.349751475659271, 5.104533810251432, 5.433986220998357, 1.0945562434155678, 1.0946960948135331, 1.0947033433766429, 2.1435012339627892, 2.1461266738009668, 2.7299077933146387, 2.7459038329846877, 4.150539927527502, 4.542610298055513, 6.031064995504525, 6.508332715834372, 4.875652840389685], [1.5208119739139352, 0.0, 1.5326113858379102, 2.54398262179599, 2.947168325698415, 3.922177900095813, 4.544571818114441, 2.1594834683321844, 2.1689610969309707, 2.169085745193122, 1.0959438945493516, 1.0961513125476792, 2.156776710742213, 2.146453563439004, 2.7393645923826937, 3.3286176620332952, 4.732221725574574, 5.627239539952071, 4.262500193548382], [2.522743038836893, 1.5326113858379102, 0.0, 1.535725646070938, 2.417312495313752, 2.5838098730363273, 3.0291375818869635, 3.4740600239489243, 2.7839283862915725, 2.7834812106425293, 2.170658291855261, 2.165207384986482, 1.0969957702744346, 1.0976522491208223, 2.1577399681147864, 2.619770577741494, 3.543271208925447, 4.115141219934014, 2.7462908258230776], [3.893143616667641, 2.54398262179599, 1.535725646070938, 0.0, 1.4249926175247365, 1.5042285531128574, 2.557259429545622, 4.696569525728327, 4.218865593971915, 4.2024561211272635, 2.7980506142670114, 2.767465627609492, 2.168873712321674, 2.1700641326928563, 1.096135945036016, 1.943050184632399, 2.190625038659058, 3.525688003780255, 2.865276367124121], [4.349751475659271, 2.947168325698415, 2.417312495313752, 1.4249926175247365, 0.0, 2.3473655829461246, 3.4497424643007775, 4.98842415498121, 4.533127730386604, 4.954195612811428, 2.631519576214473, 3.2968128912633183, 3.3632592793300966, 2.6658433674917963, 2.0390041907754872, 0.9726102508199262, 2.657066943078401, 4.297977619764905, 3.831163183681948], [5.104533810251432, 3.922177900095813, 2.5838098730363273, 1.5042285531128574, 2.3473655829461246, 0.0, 1.3401266395382192, 6.019345875591466, 5.286261215641921, 5.253203100014314, 4.2259547867907905, 4.178335398217812, 2.8240706329693666, 2.8671205171739818, 2.1164602264157955, 2.468705681121182, 1.08985141189063, 2.108844859158682, 2.131781288031209], [5.433986220998357, 4.544571818114441, 3.0291375818869635, 2.557259429545622, 3.4497424643007775, 1.3401266395382192, 0.0, 6.459607997394269, 5.4501408137772, 5.423540708799004, 4.98317243831678, 4.9478080429620555, 2.954612741121923, 3.0072729922639216, 3.252462768426412, 3.290276816621969, 2.084062918915837, 1.086486488641253, 1.0847487681486438], [1.0945562434155678, 2.1594834683321844, 3.4740600239489243, 4.696569525728327, 4.98842415498121, 6.019345875591466, 6.459607997394269, 0.0, 1.7721360246888498, 1.771879753256411, 2.4684909459019693, 2.473616952965839, 3.7371309918171183, 3.7445636074180926, 4.816611607759131, 5.253604523562847, 6.878396488281262, 7.541220782472822, 5.950607596708087], [1.0946960948135331, 2.1689610969309707, 2.7839283862915725, 4.218865593971915, 4.533127730386604, 5.286261215641921, 5.4501408137772, 1.7721360246888498, 0.0, 1.774866634426373, 2.5007836891662585, 3.065135595695564, 3.084529828028901, 2.554298459460053, 4.718161541320941, 4.491064936070286, 6.266392488505647, 6.494445703830313, 4.781682116159542], [1.0947033433766429, 2.169085745193122, 2.7834812106425293, 4.2024561211272635, 4.954195612811428, 5.253203100014314, 5.423540708799004, 1.771879753256411, 1.774866634426373, 0.0, 3.0631978731384626, 2.501673801677589, 2.536894686422753, 3.1198717329403145, 4.364223394832121, 5.181543543192512, 6.218935223171246, 6.457759191081687, 4.775175015640788], [2.1435012339627892, 1.0959438945493516, 2.170658291855261, 2.7980506142670114, 2.631519576214473, 4.2259547867907905, 4.98317243831678, 2.4684909459019693, 2.5007836891662585, 3.0631978731384626, 0.0, 1.7652018694755565, 3.0686896454350023, 2.486840224059439, 3.0847459555042773, 2.9608324403788875, 4.917850280356245, 6.04166361691877, 4.809840860153275], [2.1461266738009668, 1.0961513125476792, 2.165207384986482, 2.767465627609492, 3.2968128912633183, 4.178335398217812, 4.9478080429620555, 2.473616952965839, 3.065135595695564, 2.501673801677589, 1.7652018694755565, 0.0, 2.516059422986667, 3.0580207684056036, 2.508007713305523, 3.9210724476857095, 4.851239637453503, 5.99586477666066, 4.797470864945404], [2.7299077933146387, 2.156776710742213, 1.0969957702744346, 2.168873712321674, 3.3632592793300966, 2.8240706329693666, 2.954612741121923, 3.7371309918171183, 3.084529828028901, 2.536894686422753, 3.0686896454350023, 2.516059422986667, 0.0, 1.7721176202498523, 2.5293565921000543, 3.5842217007322525, 3.8256400222707834, 3.9867193354937838, 2.4927578181604404], [2.7459038329846877, 2.146453563439004, 1.0976522491208223, 2.1700641326928563, 2.6658433674917963, 2.8671205171739818, 3.0072729922639216, 3.7445636074180926, 2.554298459460053, 3.1198717329403145, 2.486840224059439, 3.0580207684056036, 1.7721176202498523, 0.0, 3.0670145924008905, 2.4533752301676155, 3.8766247071389306, 4.049654975426919, 2.530243798530094], [4.150539927527502, 2.7393645923826937, 2.1577399681147864, 1.096135945036016, 2.0390041907754872, 2.1164602264157955, 3.252462768426412, 4.816611607759131, 4.718161541320941, 4.364223394832121, 3.0847459555042773, 2.508007713305523, 2.5293565921000543, 3.0670145924008905, 0.0, 2.83259941573107, 2.473729077728602, 4.125226361061899, 3.6383186157894416], [4.542610298055513, 3.3286176620332952, 2.619770577741494, 1.943050184632399, 0.9726102508199262, 2.468705681121182, 3.290276816621969, 5.253604523562847, 4.491064936070286, 5.181543543192512, 2.9608324403788875, 3.9210724476857095, 3.5842217007322525, 2.4533752301676155, 2.83259941573107, 0.0, 2.87542212900993, 4.088015491653621, 3.589525224873061], [6.031064995504525, 4.732221725574574, 3.543271208925447, 2.190625038659058, 2.657066943078401, 1.08985141189063, 2.084062918915837, 6.878396488281262, 6.266392488505647, 6.218935223171246, 4.917850280356245, 4.851239637453503, 3.8256400222707834, 3.8766247071389306, 2.473729077728602, 2.87542212900993, 0.0, 2.396311419661476, 3.0736522249597464], [6.508332715834372, 5.627239539952071, 4.115141219934014, 3.525688003780255, 4.297977619764905, 2.108844859158682, 1.086486488641253, 7.541220782472822, 6.494445703830313, 6.457759191081687, 6.04166361691877, 5.99586477666066, 3.9867193354937838, 4.049654975426919, 4.125226361061899, 4.088015491653621, 2.396311419661476, 0.0, 1.8506436339825125], [4.875652840389685, 4.262500193548382, 2.7462908258230776, 2.865276367124121, 3.831163183681948, 2.131781288031209, 1.0847487681486438, 5.950607596708087, 4.781682116159542, 4.775175015640788, 4.809840860153275, 4.797470864945404, 2.4927578181604404, 2.530243798530094, 3.6383186157894416, 3.589525224873061, 3.0736522249597464, 1.8506436339825125, 0.0]]}