{"total energy": -43.01783879, "HOMO-LUMO gap/eV": 4.05853503, "electronic energy": -43.60667381, "dipole": [0.3133604, -0.30649853, 0.03068777], "partial charges": [0.13689595, -0.39074447, -0.09674009, 0.14065031, -0.39580019, -0.0847615, -0.04190177, -0.01494658, -0.0576838, -0.05242872, -0.05791268, -0.05724254, -0.05076352, -0.09966461, 0.29934593, 0.04405011, 0.29879134, 0.02688965, 0.03936237, 0.03325522, 0.05016596, 0.02863786, 0.02853483, 0.03132777, 0.04009226, 0.02442254, 0.02812192, 0.02577688, 0.02801608, 0.02854319, 0.03256314, 0.03514713], "atomic dipole moments": [[-0.14573472, 0.18372298, 0.05262543], [0.14931855, -0.10884407, 0.08635277], [0.00533937, -0.01365323, -0.01624612], [0.1560945, -0.0699845, 0.17165373], [-0.05598657, -0.04360445, -0.1897543], [0.00642656, 0.00855389, 0.02621473], [-0.00494566, 0.00678601, 0.00507141], [-0.04941271, 0.04443546, -0.02067276], [-0.02621257, -0.09828572, 0.05113282], [0.02431213, 0.06439086, 0.08613674], [-0.01711184, -0.06464268, -0.09745598], [0.01978956, 0.04886992, 0.09444409], [0.01927058, 0.09429681, -0.05408173], [0.04185369, -0.08936478, -0.02503306], [0.02073387, 0.01865441, 0.07662072], [0.01149633, 0.06338672, 0.14084959], [0.03885649, -0.06051501, -0.03704031], [0.08882587, -0.11522322, -0.04059354], [5.424e-05, -0.07259845, -0.13320304], [0.05913895, 0.00925489, -0.10567686], [-0.03727087, 0.12284835, 0.01153011], [-0.05979451, 0.03281098, -0.10027678], [0.03528368, -0.11757983, -0.02325897], [0.05853165, -0.04033758, 0.10395732], [-0.03417403, 0.11892894, 0.02249368], [0.03282826, -0.11316311, -0.02945367], [-0.06301408, 0.03983083, -0.09872427], [-0.0871501, -0.07980829, -0.02352005], [0.05928093, -0.0463182, 0.0984083], [-0.08153882, -0.01830284, 0.09178177], [-0.06330761, 0.05121501, -0.09639757], [0.08383692, 0.08409516, 0.04330178]], "atomic quadrupole moments": [[0.13716808, 0.02932218, 0.22697854, -0.26147839, -0.0884744, -0.36414662], [0.00851509, -0.08001966, 0.02710808, -0.00195031, 0.01959099, -0.03562317], [0.10092177, 0.21306739, 0.070846, -0.1368468, -0.14825931, -0.17176777], [0.16170017, 0.20829221, -0.08971403, 0.1130377, -0.32033318, -0.07198614], [0.00414861, -0.03882544, -0.03948349, 0.07197783, -0.0184591, 0.03533488], [0.07490892, 0.27797591, 0.03885442, -0.1318976, -0.14432085, -0.11376334], [0.09849323, 0.34496473, 0.05630892, -0.16833298, -0.18961252, -0.15480214], [0.0880584, 0.25795935, 0.00026114, -0.05141198, -0.20513947, -0.08831953], [0.09327674, 0.09035228, -0.06223458, 0.13018584, -0.02088436, -0.03104216], [0.10117175, 0.15943233, -0.09121175, -0.1168696, 0.03418, -0.00995999], [0.10907071, 0.15629311, -0.12328421, -0.11432374, 0.06108481, 0.0142135], [0.09617103, 0.15561567, -0.10604714, -0.11713746, 0.02436814, 0.00987612], [-0.0451847, -0.09616436, 0.04237407, -0.18397316, 0.04997367, 0.00281063], [-0.05307839, -0.12406356, 0.14621727, -0.05009414, 0.06620008, -0.09313888], [-0.06169879, -0.01294746, -0.03596159, 0.02453751, 0.07211297, 0.09766038], [-0.01665543, -0.03104643, -0.00542401, 0.01241812, 0.02733864, 0.02207945], [-0.00128151, -0.09920406, 0.0399023, -0.0168855, 0.04392378, -0.0386208], [-0.00521677, -0.04686972, -0.00553733, 0.0237483, 0.01440307, 0.01075411], [-0.01099685, -0.04523062, -0.01090816, 0.0279417, 0.01878911, 0.02190501], [0.00808518, -0.00794092, -0.04883444, -0.03407875, 0.0111184, 0.04074925], [-0.00962953, -0.03039955, 0.03021427, -0.00076902, 0.03624521, -0.02058474], [0.00843261, -0.01029805, -0.02861057, 0.03094, -0.03391047, 0.02017796], [-0.01125488, -0.02996267, 0.04548272, -0.01257094, -0.00284948, -0.03422783], [-0.00050699, -0.01496813, -0.0180165, 0.03174164, -0.0300339, 0.01852349], [-0.01131649, -0.02547132, 0.04498529, -0.00887503, 0.00500431, -0.0336688], [-0.00729354, -0.0250556, 0.0461383, -0.01737316, 0.01097137, -0.03884476], [0.00312421, -0.01422647, -0.01352342, 0.03181812, -0.03858852, 0.0103992], [0.02693969, 0.03586592, -0.00046552, 0.00557978, 0.03070565, -0.02647416], [0.00070417, -0.02572214, -0.02731583, 0.03673838, -0.00856766, 0.02661166], [0.0024804, 0.01352807, -0.02221967, -0.06671761, -0.0174579, 0.01973927], [-0.02503948, -0.024179, -0.02091531, 0.04787564, -0.02663457, 0.04595479], [0.03585812, 0.04674436, 0.00786843, 0.02636556, 0.02191003, -0.04372655]], "number of molecular orbitals": 74, "number of electrons": 78, "number of unpaired electrons": 0, "orbital energies/eV": [-19.25558913, -19.1715741, -17.71742219, -17.26211956, -16.91950389, -16.78562664, -16.66242716, -16.42517187, -16.31848447, -15.99053415, -15.59195679, -15.40569873, -15.00206726, -14.90286287, -14.79405542, -14.41367211, -14.29354658, -13.97618711, -13.87387672, -13.84733701, -13.62193555, -13.48922222, -13.31802919, -13.13467129, -13.00939479, -12.79607177, -12.6250386, -12.44495332, -12.22574038, -11.99292959, -11.91590612, -11.84780687, -11.59679976, -11.46851644, -11.32739684, -11.25680067, -11.17256758, -10.568895, -10.04797408, -5.98943905, -5.61683047, -2.43366565, 1.44197138, 1.86991529, 2.09025791, 2.47137187, 2.89642643, 3.11940621, 3.42608497, 3.72503772, 3.79587594, 4.04760131, 4.1304437, 4.35992194, 4.57308059, 4.77564315, 4.97546166, 5.15452946, 5.26711672, 5.33376411, 5.76831338, 6.04973939, 6.72399483, 6.99599494, 7.16037933, 7.49160337, 8.05058317, 8.48725707, 10.29883839, 10.90815595, 11.91999698, 12.58460132, 16.72812622, 17.39026355], "fractional occupation": [2.0, 2.0, 2.0, 2.0, 2.0, 2.0, 2.0, 2.0, 2.0, 2.0, 2.0, 2.0, 2.0, 2.0, 2.0, 2.0, 2.0, 2.0, 2.0, 2.0, 2.0, 2.0, 2.0, 2.0, 2.0, 2.0, 2.0, 2.0, 2.0, 2.0, 2.0, 2.0, 2.0, 2.0, 2.0, 2.0, 2.0, 2.0, 2.0, 0.0, 0.0, 0.0, 0.0, 0.0, 0.0, 0.0, 0.0, 0.0, 0.0, 0.0, 0.0, 0.0, 0.0, 0.0, 0.0, 0.0, 0.0, 0.0, 0.0, 0.0, 0.0, 0.0, 0.0, 0.0, 0.0, 0.0, 0.0, 0.0, 0.0, 0.0, 0.0, 0.0, 0.0, 0.0], "program call": "xtb /home/svss/Project-DBcg-Debug/aqme2_20220329/End-to-End-workflows-final/example-3/QDESCP/mol_848_rdkit_conf_18/mol_848_rdkit_conf_18.xyz --pop --wbo --acc 0.2 --gfn 2 --chrg 0 --uhf 0 --etemp 300 --input /home/svss/Project-DBcg-Debug/aqme2_20220329/End-to-End-workflows-final/example-3/QDESCP/mol_848_rdkit_conf_18/mol_848_rdkit_conf_18_xtb.inp", "method": "GFN2-xTB", "xtb version": "6.3.3 (7355c4f)", "Dipole module/D": 1.117, "Total charge": 0, "Transition dipole module/D": NaN, "HOMO": -10.048, "LUMO": -5.9894, "HOMO occupancy": 2.0, "LUMO occupancy": 0, "mulliken charges": [0.2528, -0.51833, -0.13895, 0.26367, -0.51977, -0.1172, -0.03021, -0.04674, -0.03603, -0.0411, -0.04621, -0.04768, -0.0382, -0.08494, 0.35255, 0.04999, 0.35111, 0.03182, 0.03299, 0.02546, 0.04118, 0.02306, 0.02, 0.02395, 0.02898, 0.02154, 0.02159, 0.0218, 0.0217, 0.02654, 0.02647, 0.02817], "cm5 charges": [0.26622, -0.7189, -0.18576, 0.27525, -0.71698, -0.16914, -0.0833, -0.05732, -0.13844, -0.15032, -0.15633, -0.15827, -0.15061, -0.23539, 0.52371, 0.11131, 0.52201, 0.08978, 0.08936, 0.08088, 0.10071, 0.07802, 0.07566, 0.08126, 0.08589, 0.07645, 0.07678, 0.07601, 0.07631, 0.07732, 0.07788, 0.07994], "FUKUI+": [-0.051, -0.06, -0.073, -0.056, -0.058, -0.039, -0.086, -0.065, 0.016, 0.009, 0.003, 0.004, 0.003, 0.005, -0.042, -0.093, -0.046, -0.088, -0.102, -0.041, -0.042, -0.038, -0.011, 0.013, -0.01, -0.006, -0.014, -0.015, 0.0, -0.013, -0.008, 0.006], "FUKUI-": [-0.027, -0.054, -0.014, -0.038, -0.077, -0.038, -0.015, -0.052, 0.005, 0.0, -0.003, 0.001, 0.002, 0.013, -0.036, -0.049, -0.04, -0.057, -0.05, -0.064, -0.038, -0.039, -0.028, -0.012, -0.027, -0.028, -0.03, -0.068, -0.029, -0.04, -0.029, -0.036], "FUKUIrad": [-0.039, -0.057, -0.044, -0.047, -0.068, -0.038, -0.051, -0.059, 0.01, 0.005, -0.0, 0.002, 0.003, 0.009, -0.039, -0.071, -0.043, -0.073, -0.076, -0.052, -0.04, -0.039, -0.019, 0.001, -0.019, -0.017, -0.022, -0.042, -0.015, -0.027, -0.019, -0.015], "s proportion": [1.021, 1.693, 1.054, 1.014, 1.692, 1.055, 1.063, 1.079, 1.027, 1.033, 1.031, 1.032, 1.027, 1.007, 0.647, 0.95, 0.649, 0.968, 0.967, 0.975, 0.959, 0.977, 0.98, 0.976, 0.971, 0.978, 0.978, 0.978, 0.978, 0.973, 0.974, 0.972], "p proportion": [2.727, 4.826, 3.085, 2.722, 4.828, 3.063, 2.967, 2.967, 3.009, 3.008, 3.015, 3.016, 3.012, 3.078, 0.0, 0.0, 0.0, 0.0, 0.0, 0.0, 0.0, 0.0, 0.0, 0.0, 0.0, 0.0, 0.0, 0.0, 0.0, 0.0, 0.0, 0.0], "d proportion": [0.0, 0.0, 0.0, 0.0, 0.0, 0.0, 0.0, 0.0, 0.0, 0.0, 0.0, 0.0, 0.0, 0.0, 0.0, 0.0, 0.0, 0.0, 0.0, 0.0, 0.0, 0.0, 0.0, 0.0, 0.0, 0.0, 0.0, 0.0, 0.0, 0.0, 0.0, 0.0], "Fermi-level/eV": -8.0187, "Coordination numbers": [2.846, 1.658, 2.911, 2.845, 1.659, 2.909, 2.918, 2.96, 3.804, 3.8, 3.8, 3.801, 3.799, 3.749, 0.804, 0.925, 0.804, 0.925, 0.925, 0.923, 0.924, 0.924, 0.924, 0.924, 0.924, 0.924, 0.924, 0.924, 0.924, 0.924, 0.924, 0.924], "Dispersion coefficient C6": [25.006, 20.67, 30.433, 24.929, 20.767, 30.122, 29.041, 28.383, 21.609, 21.516, 21.617, 21.604, 21.487, 22.469, 0.723, 2.396, 0.725, 2.631, 2.457, 2.541, 2.318, 2.606, 2.608, 2.568, 2.448, 2.667, 2.613, 2.647, 2.615, 2.607, 2.55, 2.515], "Total dispersion C6": 9179.850358, "Total dispersion C8": 207552.663907, "Polarizability alpha": [8.196, 6.137, 9.046, 8.183, 6.152, 9.0, 8.837, 8.738, 6.618, 6.604, 6.62, 6.618, 6.6, 6.76, 1.336, 2.42, 1.337, 2.537, 2.451, 2.493, 2.381, 2.525, 2.525, 2.506, 2.447, 2.554, 2.528, 2.545, 2.529, 2.525, 2.497, 2.48], "Total polarizability alpha": 146.724278, "Wiberg matrix": [[0.0, 1.0687129203622052, 1.3840726918477, 0.0, 0.0, 0.0, 0.0, 1.3406266138574607, 0.0, 0.0, 0.0, 0.0, 0.0, 0.0, 0.0, 0.0, 0.0, 0.0, 0.0, 0.0, 0.0, 0.0, 0.0, 0.0, 0.0, 0.0, 0.0, 0.0, 0.0, 0.0, 0.0, 0.0], [1.0687129203622052, 0.0, 0.0, 0.0, 0.0, 0.0, 0.0, 0.0, 0.0, 0.0, 0.0, 0.0, 0.0, 0.0, 0.8884110985273738, 0.0, 0.0, 0.0, 0.0, 0.0, 0.0, 0.0, 0.0, 0.0, 0.0, 0.0, 0.0, 0.0, 0.0, 0.0, 0.0, 0.0], [1.3840726918477, 0.0, 0.0, 1.3751146879275749, 0.0, 0.0, 0.10270472009550052, 0.0, 0.0, 0.0, 0.0, 0.0, 0.0, 0.0, 0.0, 0.9631696156706627, 0.0, 0.0, 0.0, 0.0, 0.0, 0.0, 0.0, 0.0, 0.0, 0.0, 0.0, 0.0, 0.0, 0.0, 0.0, 0.0], [0.0, 0.0, 1.3751146879275749, 0.0, 1.0656564607774057, 1.3710972816124978, 0.0, 0.0, 0.0, 0.0, 0.0, 0.0, 0.0, 0.0, 0.0, 0.0, 0.0, 0.0, 0.0, 0.0, 0.0, 0.0, 0.0, 0.0, 0.0, 0.0, 0.0, 0.0, 0.0, 0.0, 0.0, 0.0], [0.0, 0.0, 0.0, 1.0656564607774057, 0.0, 0.0, 0.0, 0.0, 0.0, 0.0, 0.0, 0.0, 0.0, 0.0, 0.0, 0.0, 0.8895662190490293, 0.0, 0.0, 0.0, 0.0, 0.0, 0.0, 0.0, 0.0, 0.0, 0.0, 0.0, 0.0, 0.0, 0.0, 0.0], [0.0, 0.0, 0.0, 1.3710972816124978, 0.0, 0.0, 1.4394118661190887, 0.0, 0.0, 0.0, 0.0, 0.0, 0.0, 0.0, 0.0, 0.0, 0.0, 0.9665010891707582, 0.0, 0.0, 0.0, 0.0, 0.0, 0.0, 0.0, 0.0, 0.0, 0.0, 0.0, 0.0, 0.0, 0.0], [0.0, 0.0, 0.10270472009550052, 0.0, 0.0, 1.4394118661190887, 0.0, 1.4186173644562738, 0.0, 0.0, 0.0, 0.0, 0.0, 0.0, 0.0, 0.0, 0.0, 0.0, 0.969865228689109, 0.0, 0.0, 0.0, 0.0, 0.0, 0.0, 0.0, 0.0, 0.0, 0.0, 0.0, 0.0, 0.0], [1.3406266138574607, 0.0, 0.0, 0.0, 0.0, 0.0, 1.4186173644562738, 0.0, 1.0114587606884797, 0.0, 0.0, 0.0, 0.0, 0.0, 0.0, 0.0, 0.0, 0.0, 0.0, 0.0, 0.0, 0.0, 0.0, 0.0, 0.0, 0.0, 0.0, 0.0, 0.0, 0.0, 0.0, 0.0], [0.0, 0.0, 0.0, 0.0, 0.0, 0.0, 0.0, 1.0114587606884797, 0.0, 0.9914715211030357, 0.0, 0.0, 0.0, 0.0, 0.0, 0.0, 0.0, 0.0, 0.0, 0.9692330185799058, 0.9728691142327115, 0.0, 0.0, 0.0, 0.0, 0.0, 0.0, 0.0, 0.0, 0.0, 0.0, 0.0], [0.0, 0.0, 0.0, 0.0, 0.0, 0.0, 0.0, 0.0, 0.9914715211030357, 0.0, 1.0075684863953334, 0.0, 0.0, 0.0, 0.0, 0.0, 0.0, 0.0, 0.0, 0.0, 0.0, 0.9765282651615326, 0.9770119271003331, 0.0, 0.0, 0.0, 0.0, 0.0, 0.0, 0.0, 0.0, 0.0], [0.0, 0.0, 0.0, 0.0, 0.0, 0.0, 0.0, 0.0, 0.0, 1.0075684863953334, 0.0, 1.007652971095474, 0.0, 0.0, 0.0, 0.0, 0.0, 0.0, 0.0, 0.0, 0.0, 0.0, 0.0, 0.9770419432312745, 0.975048649837865, 0.0, 0.0, 0.0, 0.0, 0.0, 0.0, 0.0], [0.0, 0.0, 0.0, 0.0, 0.0, 0.0, 0.0, 0.0, 0.0, 0.0, 1.007652971095474, 0.0, 1.0068551136680222, 0.0, 0.0, 0.0, 0.0, 0.0, 0.0, 0.0, 0.0, 0.0, 0.0, 0.0, 0.0, 0.9773796371633409, 0.9772548289922361, 0.0, 0.0, 0.0, 0.0, 0.0], [0.0, 0.0, 0.0, 0.0, 0.0, 0.0, 0.0, 0.0, 0.0, 0.0, 0.0, 1.0068551136680222, 0.0, 1.020994118777998, 0.0, 0.0, 0.0, 0.0, 0.0, 0.0, 0.0, 0.0, 0.0, 0.0, 0.0, 0.0, 0.0, 0.9782247569370043, 0.9779263700259148, 0.0, 0.0, 0.0], [0.0, 0.0, 0.0, 0.0, 0.0, 0.0, 0.0, 0.0, 0.0, 0.0, 0.0, 0.0, 1.020994118777998, 0.0, 0.0, 0.0, 0.0, 0.0, 0.0, 0.0, 0.0, 0.0, 0.0, 0.0, 0.0, 0.0, 0.0, 0.0, 0.0, 0.9874526415605656, 0.9874530599034425, 0.9860398215297758], [0.0, 0.8884110985273738, 0.0, 0.0, 0.0, 0.0, 0.0, 0.0, 0.0, 0.0, 0.0, 0.0, 0.0, 0.0, 0.0, 0.0, 0.0, 0.0, 0.0, 0.0, 0.0, 0.0, 0.0, 0.0, 0.0, 0.0, 0.0, 0.0, 0.0, 0.0, 0.0, 0.0], [0.0, 0.0, 0.9631696156706627, 0.0, 0.0, 0.0, 0.0, 0.0, 0.0, 0.0, 0.0, 0.0, 0.0, 0.0, 0.0, 0.0, 0.0, 0.0, 0.0, 0.0, 0.0, 0.0, 0.0, 0.0, 0.0, 0.0, 0.0, 0.0, 0.0, 0.0, 0.0, 0.0], [0.0, 0.0, 0.0, 0.0, 0.8895662190490293, 0.0, 0.0, 0.0, 0.0, 0.0, 0.0, 0.0, 0.0, 0.0, 0.0, 0.0, 0.0, 0.0, 0.0, 0.0, 0.0, 0.0, 0.0, 0.0, 0.0, 0.0, 0.0, 0.0, 0.0, 0.0, 0.0, 0.0], [0.0, 0.0, 0.0, 0.0, 0.0, 0.9665010891707582, 0.0, 0.0, 0.0, 0.0, 0.0, 0.0, 0.0, 0.0, 0.0, 0.0, 0.0, 0.0, 0.0, 0.0, 0.0, 0.0, 0.0, 0.0, 0.0, 0.0, 0.0, 0.0, 0.0, 0.0, 0.0, 0.0], [0.0, 0.0, 0.0, 0.0, 0.0, 0.0, 0.969865228689109, 0.0, 0.0, 0.0, 0.0, 0.0, 0.0, 0.0, 0.0, 0.0, 0.0, 0.0, 0.0, 0.0, 0.0, 0.0, 0.0, 0.0, 0.0, 0.0, 0.0, 0.0, 0.0, 0.0, 0.0, 0.0], [0.0, 0.0, 0.0, 0.0, 0.0, 0.0, 0.0, 0.0, 0.9692330185799058, 0.0, 0.0, 0.0, 0.0, 0.0, 0.0, 0.0, 0.0, 0.0, 0.0, 0.0, 0.0, 0.0, 0.0, 0.0, 0.0, 0.0, 0.0, 0.0, 0.0, 0.0, 0.0, 0.0], [0.0, 0.0, 0.0, 0.0, 0.0, 0.0, 0.0, 0.0, 0.9728691142327115, 0.0, 0.0, 0.0, 0.0, 0.0, 0.0, 0.0, 0.0, 0.0, 0.0, 0.0, 0.0, 0.0, 0.0, 0.0, 0.0, 0.0, 0.0, 0.0, 0.0, 0.0, 0.0, 0.0], [0.0, 0.0, 0.0, 0.0, 0.0, 0.0, 0.0, 0.0, 0.0, 0.9765282651615326, 0.0, 0.0, 0.0, 0.0, 0.0, 0.0, 0.0, 0.0, 0.0, 0.0, 0.0, 0.0, 0.0, 0.0, 0.0, 0.0, 0.0, 0.0, 0.0, 0.0, 0.0, 0.0], [0.0, 0.0, 0.0, 0.0, 0.0, 0.0, 0.0, 0.0, 0.0, 0.9770119271003331, 0.0, 0.0, 0.0, 0.0, 0.0, 0.0, 0.0, 0.0, 0.0, 0.0, 0.0, 0.0, 0.0, 0.0, 0.0, 0.0, 0.0, 0.0, 0.0, 0.0, 0.0, 0.0], [0.0, 0.0, 0.0, 0.0, 0.0, 0.0, 0.0, 0.0, 0.0, 0.0, 0.9770419432312745, 0.0, 0.0, 0.0, 0.0, 0.0, 0.0, 0.0, 0.0, 0.0, 0.0, 0.0, 0.0, 0.0, 0.0, 0.0, 0.0, 0.0, 0.0, 0.0, 0.0, 0.0], [0.0, 0.0, 0.0, 0.0, 0.0, 0.0, 0.0, 0.0, 0.0, 0.0, 0.975048649837865, 0.0, 0.0, 0.0, 0.0, 0.0, 0.0, 0.0, 0.0, 0.0, 0.0, 0.0, 0.0, 0.0, 0.0, 0.0, 0.0, 0.0, 0.0, 0.0, 0.0, 0.0], [0.0, 0.0, 0.0, 0.0, 0.0, 0.0, 0.0, 0.0, 0.0, 0.0, 0.0, 0.9773796371633409, 0.0, 0.0, 0.0, 0.0, 0.0, 0.0, 0.0, 0.0, 0.0, 0.0, 0.0, 0.0, 0.0, 0.0, 0.0, 0.0, 0.0, 0.0, 0.0, 0.0], [0.0, 0.0, 0.0, 0.0, 0.0, 0.0, 0.0, 0.0, 0.0, 0.0, 0.0, 0.9772548289922361, 0.0, 0.0, 0.0, 0.0, 0.0, 0.0, 0.0, 0.0, 0.0, 0.0, 0.0, 0.0, 0.0, 0.0, 0.0, 0.0, 0.0, 0.0, 0.0, 0.0], [0.0, 0.0, 0.0, 0.0, 0.0, 0.0, 0.0, 0.0, 0.0, 0.0, 0.0, 0.0, 0.9782247569370043, 0.0, 0.0, 0.0, 0.0, 0.0, 0.0, 0.0, 0.0, 0.0, 0.0, 0.0, 0.0, 0.0, 0.0, 0.0, 0.0, 0.0, 0.0, 0.0], [0.0, 0.0, 0.0, 0.0, 0.0, 0.0, 0.0, 0.0, 0.0, 0.0, 0.0, 0.0, 0.9779263700259148, 0.0, 0.0, 0.0, 0.0, 0.0, 0.0, 0.0, 0.0, 0.0, 0.0, 0.0, 0.0, 0.0, 0.0, 0.0, 0.0, 0.0, 0.0, 0.0], [0.0, 0.0, 0.0, 0.0, 0.0, 0.0, 0.0, 0.0, 0.0, 0.0, 0.0, 0.0, 0.0, 0.9874526415605656, 0.0, 0.0, 0.0, 0.0, 0.0, 0.0, 0.0, 0.0, 0.0, 0.0, 0.0, 0.0, 0.0, 0.0, 0.0, 0.0, 0.0, 0.0], [0.0, 0.0, 0.0, 0.0, 0.0, 0.0, 0.0, 0.0, 0.0, 0.0, 0.0, 0.0, 0.0, 0.9874530599034425, 0.0, 0.0, 0.0, 0.0, 0.0, 0.0, 0.0, 0.0, 0.0, 0.0, 0.0, 0.0, 0.0, 0.0, 0.0, 0.0, 0.0, 0.0], [0.0, 0.0, 0.0, 0.0, 0.0, 0.0, 0.0, 0.0, 0.0, 0.0, 0.0, 0.0, 0.0, 0.9860398215297758, 0.0, 0.0, 0.0, 0.0, 0.0, 0.0, 0.0, 0.0, 0.0, 0.0, 0.0, 0.0, 0.0, 0.0, 0.0, 0.0, 0.0, 0.0]], "Born radii": [], "Atomic SASAs": [], "Solvent H bonds": [], "Total SASA": NaN, "Total FOD": 0.0, "FOD": [0.0, 0.0, 0.0, 0.0, 0.0, 0.0, 0.0, 0.0, 0.0, 0.0, 0.0, 0.0, 0.0, 0.0, 0.0, 0.0, 0.0, 0.0, 0.0, 0.0, 0.0, 0.0, 0.0, 0.0, 0.0, 0.0, 0.0, 0.0, 0.0, 0.0, 0.0, 0.0], "FOD s proportion": [0.0, 0.0, 0.0, 0.0, 0.0, 0.0, 0.0, 0.0, 0.0, 0.0, 0.0, 0.0, 0.0, 0.0, 0.0, 0.0, 0.0, 0.0, 0.0, 0.0, 0.0, 0.0, 0.0, 0.0, 0.0, 0.0, 0.0, 0.0, 0.0, 0.0, 0.0, 0.0], "FOD p proportion": [0.0, 0.0, 0.0, 0.0, 0.0, 0.0, 0.0, 0.0, 0.0, 0.0, 0.0, 0.0, 0.0, 0.0, 0.0, 0.0, 0.0, 0.0, 0.0, 0.0, 0.0, 0.0, 0.0, 0.0, 0.0, 0.0, 0.0, 0.0, 0.0, 0.0, 0.0, 0.0], "FOD d proportion": [0.0, 0.0, 0.0, 0.0, 0.0, 0.0, 0.0, 0.0, 0.0, 0.0, 0.0, 0.0, 0.0, 0.0, 0.0, 0.0, 0.0, 0.0, 0.0, 0.0, 0.0, 0.0, 0.0, 0.0, 0.0, 0.0, 0.0, 0.0, 0.0, 0.0, 0.0, 0.0], "coordinates": [["1.86020", "1.15400", "0.70880"], ["0.99980", "2.18310", "0.97250"], ["2.76280", "0.73570", "1.68580"], ["3.62640", "-0.31720", "1.40860"], ["4.49540", "-0.69960", "2.38820"], ["3.60110", "-0.95660", "0.17420"], ["2.69390", "-0.53150", "-0.79910"], ["1.81190", "0.53210", "-0.54500"], ["0.83600", "0.96220", "-1.61480"], ["-0.36570", "0.02230", "-1.76680"], ["-1.31060", "0.05160", "-0.56070"], ["-2.54290", "-0.82370", "-0.80370"], ["-3.46580", "-0.92140", "0.41300"], ["-4.11300", "0.40150", "0.79240"], ["1.15960", "2.49490", "1.87830"], ["2.80600", "1.21230", "2.65920"], ["5.03070", "-1.43860", "2.05490"], ["4.27140", "-1.78030", "-0.04930"], ["2.67560", "-1.03440", "-1.76370"], ["1.37600", "1.00160", "-2.57020"], ["0.48900", "1.98760", "-1.44030"], ["-0.92410", "0.32600", "-2.66120"], ["-0.02410", "-1.00520", "-1.94220"], ["-0.78780", "-0.30510", "0.33380"], ["-1.61790", "1.08600", "-0.37120"], ["-2.21640", "-1.83730", "-1.06790"], ["-3.10670", "-0.43940", "-1.66240"], ["-4.25850", "-1.64550", "0.18990"], ["-2.91020", "-1.31500", "1.27210"], ["-4.83300", "0.24820", "1.60270"], ["-4.64780", "0.83590", "-0.05810"], ["-3.37130", "1.12550", "1.14230"]], "bond_dist": [[0.0, 1.3670671746479761, 1.394342371872848, 2.4028341432566664, 3.63324873357165, 2.787680456939066, 2.4103378082750146, 1.4003952799120682, 2.5465446864329713, 3.516243885170652, 3.588995493170756, 5.058284605476446, 5.723727701419767, 6.020993560036417, 1.9122195009987741, 2.1684087921791866, 4.311105452201327, 3.872817777794354, 3.401062770664488, 3.3180591314803296, 2.6821090973336634, 4.4491359262220795, 3.903912413208063, 3.0465557290159655, 3.6425545445469996, 5.359403524647122, 5.729887312155449, 6.748699663638915, 5.4009243699574245, 6.8131092087240175, 6.560745934724191, 5.249507286403173], [1.3670671746479761, 0.0, 2.389964989283316, 3.6524937864423537, 4.746934288569834, 4.154727508513645, 3.657539409220357, 2.3849766581667002, 2.8655799657311953, 3.7466533573310463, 3.4974194272348864, 4.974580984364412, 5.467407416682975, 5.417310994395652, 0.9711997322899137, 2.65513991533403, 5.525980045204652, 5.2398455473420205, 4.543941277129361, 3.7534240341320353, 2.474013082018767, 4.511539350376986, 4.439493686221437, 3.1296310788973196, 3.140304346715458, 5.538121591297902, 5.539273103034368, 6.551363187154258, 5.254956114945204, 6.17758414673568, 5.8968186304142, 4.500429425066013], [1.394342371872848, 2.389964989283316, 0.0, 1.389691767983102, 2.3569799765802, 2.418999946258784, 2.7902098594908593, 2.4335431802209713, 3.828553362563986, 4.713480515500197, 4.7018445976020935, 6.064634457244723, 6.5697380625105595, 6.941648135709559, 2.387905176090541, 1.0846756934678676, 3.1634136166489517, 3.408328324853696, 3.878132037463397, 4.484133478164985, 4.06324024148216, 5.714673630225963, 4.894887988503925, 3.93928026421071, 4.852266643538873, 6.244647734660459, 6.858741393287839, 7.563496806372037, 6.046440868808691, 7.611881469124437, 7.613686335146728, 6.170455339762212], [2.4028341432566664, 3.6524937864423537, 1.389691767983102, 0.0, 1.3641872745338155, 1.3904013125713024, 2.406121366431876, 2.7982626216994, 4.308612779074026, 5.112268363456676, 5.328050762708628, 6.5735132182114, 7.187181494855964, 7.797085640801953, 3.7700963833833216, 2.139258462645409, 1.9097906010869363, 2.1638297114144636, 3.3884928463846578, 4.757560618636403, 4.824066024631089, 6.13873183401914, 5.0027347411191005, 4.5431820445586375, 5.713085048377978, 6.525493705460148, 7.40139239940702, 8.088340904660237, 6.61372638154921, 8.48049528801237, 8.481935754295714, 7.149832464470759], [3.63324873357165, 4.746934288569834, 2.3569799765802, 1.3641872745338155, 0.0, 2.4015864527432695, 3.665043130714835, 4.161961001739444, 5.672459484209649, 6.435484272376089, 6.555146729860439, 7.72924920739395, 8.205566142564448, 8.824032491440633, 4.6467612269192395, 2.56571139647467, 0.9714710391977728, 2.675723218122532, 4.545551307597352, 6.100038390043131, 6.158709040862378, 7.477919227298461, 6.266708527608413, 5.682287554321762, 6.940827948451107, 7.634608551851234, 8.617829704165661, 9.075131674526821, 7.51447321706585, 9.409271047748598, 9.588547866074403, 8.171182638394518], [2.787680456939066, 4.154727508513645, 2.418999946258784, 1.3904013125713024, 2.4015864527432695, 0.0, 1.3967944515926458, 2.4361266325870665, 3.811573487419599, 4.523408941274269, 5.067676207099265, 6.2227555648603134, 7.071021149027912, 7.857095243154432, 4.55825967996559, 3.392865488049887, 2.411039744591532, 1.0852354721441793, 2.1489670774583773, 4.039473803603633, 4.578219118827756, 5.491993350323724, 4.19804549284545, 4.439861216299447, 5.630953464556424, 6.013464155542961, 6.973892474077874, 7.889749163313115, 6.612931472501435, 8.63864561722496, 8.444606015084423, 7.340757439120299], [2.4103378082750146, 3.657539409220357, 2.7902098594908593, 2.406121366431876, 3.665043130714835, 1.3967944515926458, 0.0, 1.4048970674038723, 2.5195830190727992, 3.256422867196458, 4.053746467158497, 5.244947687060377, 6.28992150268984, 7.052464027558028, 4.322226765221834, 3.874692728462478, 3.7985234828812104, 2.1471394295666966, 1.087978152354173, 2.687759518632573, 3.4086047380123143, 4.158442816728396, 2.986401396329703, 3.6683721539669336, 4.625043124123277, 5.088065759205556, 5.865213522114946, 7.110202722848344, 6.0257512809607405, 7.939193846984718, 7.50462674954591, 6.580374913331307], [1.4003952799120682, 2.3849766581667002, 2.4335431802209713, 2.7982626216994, 4.161961001739444, 2.4361266325870665, 1.4048970674038723, 0.0, 1.510575671722539, 2.5484569919855424, 3.1592931155560735, 4.56830410218059, 5.5573863947003, 6.075371192774973, 3.185978973565268, 3.423127881046806, 4.582991592835405, 3.4120452077896037, 2.164516026736693, 2.1241172519425566, 2.1610429773607005, 3.4650361686424, 2.7724276600120694, 2.869082321928041, 3.4785830003034284, 4.702624975479121, 5.136635179765057, 6.490899470027246, 5.386265796449336, 6.98912802214983, 6.485143802569069, 5.483125667901476], [2.5465446864329713, 2.8655799657311953, 3.828553362563986, 4.308612779074026, 5.672459484209649, 3.811573487419599, 2.5195830190727992, 1.510575671722539, 0.0, 1.533166298873022, 2.558947191717719, 3.9069537020548375, 5.115213098200309, 5.531871051461703, 3.828267736196098, 4.712804473983617, 6.068446821057263, 4.6662693514198255, 2.7189540139546313, 1.0981536868762949, 1.096496424982772, 2.1442144039251296, 2.172009560292035, 2.8354572276795147, 2.753814193078393, 4.17773211443721, 4.18469014504061, 6.000914232848191, 5.249175734341535, 6.55741284730495, 5.701870659704586, 5.03285610662574], [3.516243885170652, 3.7466533573310463, 4.713480515500197, 5.112268363456676, 6.435484272376089, 4.523408941274269, 3.256422867196458, 2.5484569919855424, 1.533166298873022, 0.0, 1.5324397900080773, 2.526554462108426, 3.9054727934015876, 4.553630921583347, 4.661227827514978, 5.573621523749169, 6.772056752567864, 5.263256541343962, 3.2196475257394246, 2.1536013883725094, 2.1678372701842727, 1.0972673375253637, 1.0969101923129352, 2.1674592337573504, 2.155727693842615, 2.7150808201598715, 2.7815728014919907, 4.665203486451582, 4.183032960663829, 5.600118779990296, 4.681664347216703, 4.325915441845806], [3.588995493170756, 3.4974194272348864, 4.7018445976020935, 5.328050762708628, 6.555146729860439, 5.067676207099265, 4.053746467158497, 3.1592931155560735, 2.558947191717719, 1.5324397900080773, 0.0, 1.5309351325252156, 2.5572852265635135, 3.131573946117192, 4.245035209512402, 5.353632043762439, 7.019554479452382, 5.897127399844775, 4.303068142616382, 3.4868911382490855, 2.7857408924736697, 2.1533178724935156, 2.163434940089487, 1.0957577195712562, 1.095594313603352, 2.155381332850408, 2.163515449447958, 3.4833408073285046, 2.7902457884566374, 4.138387715040726, 3.4647708567811524, 2.880964196237086], [5.058284605476446, 4.974580984364412, 6.064634457244723, 6.5735132182114, 7.72924920739395, 6.2227555648603134, 5.244947687060377, 4.56830410218059, 3.9069537020548375, 2.526554462108426, 1.5309351325252156, 0.0, 1.530244617700059, 2.552227313543996, 5.649312897158379, 6.689372438427988, 8.118442765087403, 6.922346958221611, 5.310248274798458, 4.670119864628744, 4.1834297962317955, 2.7189390908955646, 2.770104319335285, 2.1548151243204137, 2.1655565889627546, 1.0971731176072441, 1.096778291178304, 2.1461313007362803, 2.164539355151576, 3.490600031513207, 2.78222851865191, 2.8762029135650358], [5.723727701419767, 5.467407416682975, 6.5697380625105595, 7.187181494855964, 8.205566142564448, 7.071021149027912, 6.28992150268984, 5.5573863947003, 5.115213098200309, 3.9054727934015876, 2.5572852265635135, 1.530244617700059, 0.0, 1.5208144561385522, 5.9340150775002245, 6.995253059754165, 8.669131657784417, 7.798441789229435, 6.516715879183318, 6.003368927527276, 5.247613260330834, 4.179348189610432, 4.171245421933358, 2.749142108003877, 2.8389009862973387, 2.1431140846907804, 2.1606855324178946, 1.096570886901526, 1.0962048759242042, 2.1569854171968803, 2.169599617440969, 2.174996172410425], [6.020993560036417, 5.417310994395652, 6.941648135709559, 7.797085640801953, 8.824032491440633, 7.857095243154432, 7.052464027558028, 6.075371192774973, 5.531871051461703, 4.553630921583347, 3.131573946117192, 2.552227313543996, 1.5208144561385522, 0.0, 5.775968588037855, 7.212135597726932, 9.412073307725564, 8.704416895461751, 7.39462953635948, 6.465007329462203, 5.355283979398292, 4.70129093122304, 5.116243276076696, 3.4302408895003285, 2.8369048662230467, 3.4741953154651513, 2.783126935660679, 2.138781311868981, 2.1501656168769885, 1.0947543012018723, 1.0945613961765688, 1.0939492218562983], [1.9122195009987741, 0.9711997322899137, 2.387905176090541, 3.7700963833833216, 4.6467612269192395, 4.55825967996559, 4.322226765221834, 3.185978973565268, 3.828267736196098, 4.661227827514978, 4.245035209512402, 5.649312897158379, 5.9340150775002245, 5.775968588037855, 0.0, 2.2283403083909783, 5.521686791189808, 5.628168089174309, 5.293238941328835, 4.697438248662775, 3.423472449136987, 5.44545619301083, 5.314890963133674, 3.7440415342247473, 3.8418427492545812, 6.232609989402515, 6.272797515463097, 7.024913830788247, 5.607681204383858, 6.405846627105586, 6.34254055722153, 4.790199074151303], [2.1684087921791866, 2.65513991533403, 1.0846756934678676, 2.139258462645409, 2.56571139647467, 3.392865488049887, 3.874692728462478, 3.423127881046806, 4.712804473983617, 5.573621523749169, 5.353632043762439, 6.689372438427988, 6.995253059754165, 7.212135597726932, 2.2283403083909783, 0.0, 3.513081181811773, 4.294068486878149, 4.962530550031909, 5.425487890503489, 4.772366220230799, 6.557883031893752, 5.839490921304699, 4.541518067783062, 5.363782905748517, 6.958148915480324, 7.507620178192288, 8.010719292298289, 6.402049214118867, 7.771743823621569, 7.942577081149418, 6.361411410999921], [4.311105452201327, 5.525980045204652, 3.1634136166489517, 1.9097906010869363, 0.9714710391977728, 2.411039744591532, 3.7985234828812104, 4.582991592835405, 6.068446821057263, 6.772056752567864, 7.019554479452382, 8.118442765087403, 8.669131657784417, 9.412073307725564, 5.521686791189808, 3.513081181811773, 0.0, 2.262952279655937, 4.50461758754281, 6.379887000566703, 6.676998455144347, 7.798400823886908, 6.4587651304254745, 6.172677677475149, 7.514216414903154, 7.901347982464765, 9.001888617951236, 9.476828016272112, 7.980347461733731, 10.0171032125061, 10.164225573057694, 8.831820399555236], [3.872817777794354, 5.2398455473420205, 3.408328324853696, 2.1638297114144636, 2.675723218122532, 1.0852354721441793, 2.1471394295666966, 3.4120452077896037, 4.6662693514198255, 5.263256541343962, 5.897127399844775, 6.922346958221611, 7.798441789229435, 8.704416895461751, 5.628168089174309, 4.294068486878149, 2.262952279655937, 0.0, 2.4580707495920455, 4.7410173570658865, 5.517109856618771, 6.184799232796486, 4.757643394580977, 5.283794591957563, 6.55767868913993, 6.567521891855405, 7.670493076067536, 8.53431788076821, 7.316965259586791, 9.47280399934465, 9.294982975777847, 8.262835317855489], [3.401062770664488, 4.543941277129361, 3.878132037463397, 3.3884928463846578, 4.545551307597352, 2.1489670774583773, 1.087978152354173, 2.164516026736693, 2.7189540139546313, 3.2196475257394246, 4.303068142616382, 5.310248274798458, 6.516715879183318, 7.39462953635948, 5.293238941328835, 4.962530550031909, 4.50461758754281, 2.4580707495920455, 0.0, 2.546507099931198, 3.7441008426590225, 3.9514597935446596, 2.705752202253562, 4.11418573960875, 4.986912337308527, 5.006041355202732, 5.813714817567164, 7.229919707714602, 6.363645153526398, 8.328072146661555, 7.748501855842845, 7.048049632345108], [3.3180591314803296, 3.7534240341320353, 4.484133478164985, 4.757560618636403, 6.100038390043131, 4.039473803603633, 2.687759518632573, 2.1241172519425566, 1.0981536868762949, 2.1536013883725094, 3.4868911382490855, 4.670119864628744, 6.003368927527276, 6.465007329462203, 4.697438248662775, 5.425487890503489, 6.379887000566703, 4.7410173570658865, 2.546507099931198, 0.0, 1.7423085289351021, 2.398994866605596, 2.5262442973710995, 3.850027445356721, 3.7156643510952385, 4.818879149760865, 4.795329095067407, 6.80976362805641, 6.2049508692656055, 7.518802229743778, 6.528726471525667, 6.027840803305939], [2.6821090973336634, 2.474013082018767, 4.06324024148216, 4.824066024631089, 6.158709040862378, 4.578219118827756, 3.4086047380123143, 2.1610429773607005, 1.096496424982772, 2.1678372701842727, 2.7857408924736697, 4.1834297962317955, 5.247613260330834, 5.355283979398292, 3.423472449136987, 4.772366220230799, 6.676998455144347, 5.517109856618771, 3.7441008426590225, 1.7423085289351021, 0.0, 2.499672574558516, 3.0776658460593147, 3.167668281244108, 2.5288109814693547, 4.699758603375284, 4.343813520398867, 6.196428317990937, 5.460663069628083, 6.372522684149504, 5.442757019195327, 4.723870792051789], [4.4491359262220795, 4.511539350376986, 5.714673630225963, 6.13873183401914, 7.477919227298461, 5.491993350323724, 4.158442816728396, 3.4650361686424, 2.1442144039251296, 1.0972673375253637, 2.1533178724935156, 2.7189390908955646, 4.179348189610432, 4.70129093122304, 5.44545619301083, 6.557883031893752, 7.798400823886908, 6.184799232796486, 3.9514597935446596, 2.398994866605596, 2.499672574558516, 0.0, 1.7604131446907572, 3.063803175793119, 2.5105892615081427, 2.981360607172504, 2.519361300012366, 4.809761617793547, 4.701948861908219, 5.78501471562519, 4.571878094394032, 4.592885840079198], [3.903912413208063, 4.439493686221437, 4.894887988503925, 5.0027347411191005, 6.266708527608413, 4.19804549284545, 2.986401396329703, 2.7724276600120694, 2.172009560292035, 1.0969101923129352, 2.163434940089487, 2.770104319335285, 4.171245421933358, 5.116243276076696, 5.314890963133674, 5.839490921304699, 6.4587651304254745, 4.757643394580977, 2.705752202253562, 2.5262442973710995, 3.0776658460593147, 1.7604131446907572, 0.0, 2.500710638998443, 3.062900076724672, 2.5025926935879923, 3.1465600963591975, 4.783929123638853, 4.330966836631285, 6.1043301663655125, 5.321473828743312, 5.025710952691171], [3.0465557290159655, 3.1296310788973196, 3.93928026421071, 4.5431820445586375, 5.682287554321762, 4.439861216299447, 3.6683721539669336, 2.869082321928041, 2.8354572276795147, 2.1674592337573504, 1.0957577195712562, 2.1548151243204137, 2.749142108003877, 3.4302408895003285, 3.7440415342247473, 4.541518067783062, 6.172677677475149, 5.283794591957563, 4.11418573960875, 3.850027445356721, 3.167668281244108, 3.063803175793119, 2.500710638998443, 0.0, 1.7667060366682397, 2.520574872920858, 3.0627027508395264, 3.7233234965551945, 2.5307877548304996, 4.275498934627397, 4.044139786159723, 3.061823126831464], [3.6425545445469996, 3.140304346715458, 4.852266643538873, 5.713085048377978, 6.940827948451107, 5.630953464556424, 4.625043124123277, 3.4785830003034284, 2.753814193078393, 2.155727693842615, 1.095594313603352, 2.1655565889627546, 2.8389009862973387, 2.8369048662230467, 3.8418427492545812, 5.363782905748517, 7.514216414903154, 6.55767868913993, 4.986912337308527, 3.7156643510952385, 2.5288109814693547, 2.5105892615081427, 3.062900076724672, 1.7667060366682397, 0.0, 3.0641925575916407, 2.4921011295691837, 3.8404028200177125, 3.1835946946808416, 3.864590283587641, 3.056284612073948, 2.316603992917219], [5.359403524647122, 5.538121591297902, 6.244647734660459, 6.525493705460148, 7.634608551851234, 6.013464155542961, 5.088065759205556, 4.702624975479121, 4.17773211443721, 2.7150808201598715, 2.155381332850408, 1.0971731176072441, 2.1431140846907804, 3.4741953154651513, 6.232609989402515, 6.958148915480324, 7.901347982464765, 6.567521891855405, 5.006041355202732, 4.818879149760865, 4.699758603375284, 2.981360607172504, 2.5025926935879923, 2.520574872920858, 3.0641925575916407, 0.0, 1.7607352867481243, 2.4060383392622815, 2.4959478620355835, 4.281122536204728, 3.75198617268241, 3.872591108030901], [5.729887312155449, 5.539273103034368, 6.858741393287839, 7.40139239940702, 8.617829704165661, 6.973892474077874, 5.865213522114946, 5.136635179765057, 4.18469014504061, 2.7815728014919907, 2.163515449447958, 1.096778291178304, 2.1606855324178946, 2.783126935660679, 6.272797515463097, 7.507620178192288, 9.001888617951236, 7.670493076067536, 5.813714817567164, 4.795329095067407, 4.343813520398867, 2.519361300012366, 3.1465600963591975, 3.0627027508395264, 2.4921011295691837, 1.7607352867481243, 0.0, 2.492455764903361, 3.0686443032713973, 3.7568315719499594, 2.5642070489724498, 3.2226180754163227], [6.748699663638915, 6.551363187154258, 7.563496806372037, 8.088340904660237, 9.075131674526821, 7.889749163313115, 7.110202722848344, 6.490899470027246, 6.000914232848191, 4.665203486451582, 3.4833408073285046, 2.1461313007362803, 1.096570886901526, 2.138781311868981, 7.024913830788247, 8.010719292298289, 9.476828016272112, 8.53431788076821, 7.229919707714602, 6.80976362805641, 6.196428317990937, 4.809761617793547, 4.783929123638853, 3.7233234965551945, 3.8404028200177125, 2.4060383392622815, 2.492455764903361, 0.0, 1.7601988467215854, 2.4314920892324534, 2.523966016015271, 3.061475232628871], [5.4009243699574245, 5.254956114945204, 6.046440868808691, 6.61372638154921, 7.51447321706585, 6.612931472501435, 6.0257512809607405, 5.386265796449336, 5.249175734341535, 4.183032960663829, 2.7902457884566374, 2.164539355151576, 1.0962048759242042, 2.1501656168769885, 5.607681204383858, 6.402049214118867, 7.980347461733731, 7.316965259586791, 6.363645153526398, 6.2049508692656055, 5.460663069628083, 4.701948861908219, 4.330966836631285, 2.5307877548304996, 3.1835946946808416, 2.4959478620355835, 3.0686443032713973, 1.7601988467215854, 0.0, 2.5000100879796467, 3.068396423215227, 2.4870668467091916], [6.8131092087240175, 6.17758414673568, 7.611881469124437, 8.48049528801237, 9.409271047748598, 8.63864561722496, 7.939193846984718, 6.98912802214983, 6.55741284730495, 5.600118779990296, 4.138387715040726, 3.490600031513207, 2.1569854171968803, 1.0947543012018723, 6.405846627105586, 7.771743823621569, 10.0171032125061, 9.47280399934465, 8.328072146661555, 7.518802229743778, 6.372522684149504, 5.78501471562519, 6.1043301663655125, 4.275498934627397, 3.864590283587641, 4.281122536204728, 3.7568315719499594, 2.4314920892324534, 2.5000100879796467, 0.0, 1.7714251240173828, 1.765839839849583], [6.560745934724191, 5.8968186304142, 7.613686335146728, 8.481935754295714, 9.588547866074403, 8.444606015084423, 7.50462674954591, 6.485143802569069, 5.701870659704586, 4.681664347216703, 3.4647708567811524, 2.78222851865191, 2.169599617440969, 1.0945613961765688, 6.34254055722153, 7.942577081149418, 10.164225573057694, 9.294982975777847, 7.748501855842845, 6.528726471525667, 5.442757019195327, 4.571878094394032, 5.321473828743312, 4.044139786159723, 3.056284612073948, 3.75198617268241, 2.5642070489724498, 2.523966016015271, 3.068396423215227, 1.7714251240173828, 0.0, 1.7760294395082532], [5.249507286403173, 4.500429425066013, 6.170455339762212, 7.149832464470759, 8.171182638394518, 7.340757439120299, 6.580374913331307, 5.483125667901476, 5.03285610662574, 4.325915441845806, 2.880964196237086, 2.8762029135650358, 2.174996172410425, 1.0939492218562983, 4.790199074151303, 6.361411410999921, 8.831820399555236, 8.262835317855489, 7.048049632345108, 6.027840803305939, 4.723870792051789, 4.592885840079198, 5.025710952691171, 3.061823126831464, 2.316603992917219, 3.872591108030901, 3.2226180754163227, 3.061475232628871, 2.4870668467091916, 1.765839839849583, 1.7760294395082532, 0.0]]}