{"total energy": -30.37437267, "HOMO-LUMO gap/eV": 11.62083805, "electronic energy": -30.76261919, "dipole": [-0.04261487, 0.33678868, -0.55902183], "partial charges": [-0.10018546, -0.05270618, -0.05640308, -0.06244839, -0.02212052, -0.05359444, -0.09773673, 0.0853798, -0.44480426, 0.03152998, 0.03125206, 0.03183737, 0.02899056, 0.03242141, 0.03547589, 0.0294873, 0.03024922, 0.02609353, 0.04423092, 0.03180656, 0.04635945, 0.0290703, 0.03114118, 0.03287371, 0.01679745, 0.01233441, 0.28266798], "atomic dipole moments": [[-0.07269598, -0.0363361, -0.05855132], [0.0046891, 0.10847305, 0.03217044], [-0.00646319, -0.10508671, -0.04655431], [0.00710451, -0.05381951, 0.09666617], [-0.06753032, 0.07424387, -0.04154532], [-0.00580246, 0.06482456, -0.1000981], [0.06262746, -0.08035996, -3.94e-05], [-0.06283529, -0.14967816, 0.10955346], [0.04486181, 0.1659709, -0.17291188], [0.08092786, -0.09030503, 0.02937475], [0.06431949, 0.09128761, -0.05762407], [-0.04665325, 0.04594892, 0.10755928], [0.05380941, -0.0493369, -0.10005735], [-0.05206416, -0.09428179, 0.0618651], [-0.05250698, 0.05101717, 0.1010471], [0.0562826, 0.09488961, -0.05055141], [-0.06560921, 0.09724238, -0.03475761], [0.05585944, -0.02798777, -0.10450562], [0.06963897, -0.10040903, 0.01955486], [0.0779636, 0.01242184, 0.09274874], [-0.06472782, -0.10079807, 0.03943106], [-0.05160358, 0.01140235, 0.11218244], [0.05817855, 0.10851925, -0.02242016], [-0.09626027, -0.01301777, -0.08094321], [-0.08102964, 0.08131338, -0.02900316], [0.05194291, -0.0360952, -0.09725019], [-0.04322467, -0.00671307, -0.06615451]], "atomic quadrupole moments": [[0.06699456, 0.08651775, -0.06281397, 0.15504406, 0.07395998, -0.00418059], [0.090343, -0.05139643, 0.00365459, 0.20053534, 0.03227925, -0.09399759], [0.06931927, -0.07207262, -0.01626397, 0.20140328, 0.00947721, -0.05305529], [0.01678075, 0.18408573, 0.00907627, 0.09121944, -0.00426081, -0.02585702], [-0.01004842, 0.147496, -0.10580332, 0.00798611, 0.01611784, 0.11585175], [-0.01329847, -0.18519425, -0.0004117, -0.11111375, 0.05233585, 0.01371017], [0.00623664, -0.16210664, 0.08913666, -0.00522619, -0.00802713, -0.0953733], [-0.01307987, 0.3559796, 0.1341139, 0.01303018, -0.13218577, -0.12103403], [-0.02912916, 0.124868, 0.0680733, -0.01908195, -0.07840976, -0.03894414], [0.0068149, -0.05463954, 0.03414731, 0.02614172, -0.01248645, -0.0409622], [-0.0200344, 0.04599818, 0.01822849, -0.02031296, -0.04636998, 0.00180591], [-0.00487745, -0.01311989, -0.03269823, -0.04398233, 0.04098282, 0.03757568], [-0.00732273, -0.01420358, -0.03160756, -0.02536938, 0.02155351, 0.03893029], [0.0056366, 0.03179094, 0.00270636, -0.01559024, -0.03441995, -0.00834297], [-0.00033152, -0.01622874, -0.03745834, -0.03297597, 0.01010726, 0.03778985], [0.00394515, 0.03317338, 0.00563154, -0.01337983, -0.03798783, -0.00957669], [0.02017905, -0.03768722, 0.02619517, 0.01414668, -0.00063355, -0.04637422], [-0.00206513, -0.00146121, -0.01354569, -0.0375386, 0.03744585, 0.01561082], [0.00075335, -0.03177962, 0.00224392, -0.00255977, -0.00744024, -0.00299727], [0.02992179, 0.00552011, -0.02900712, 0.03935177, 0.02881028, -0.00091466], [0.00546015, 0.03217016, 0.03331946, -0.01693237, 0.00265177, -0.03877961], [-0.02797047, -0.01425402, -0.037088, -0.04465272, -0.00169346, 0.06505846], [0.00967033, 0.04950444, 0.03639752, -0.01911307, -0.02657779, -0.04606784], [0.00873653, 0.00970625, -0.02493296, 0.06278732, 0.02314687, 0.01619643], [0.0092604, -0.02116914, 0.03682888, 0.0021735, -0.00515824, -0.04608928], [0.005089, 0.01037891, -0.01477049, -0.04023442, 0.01568934, 0.00968149], [0.00420874, 0.04856997, -0.05012767, 0.0965707, 0.02034515, 0.04591893]], "number of molecular orbitals": 54, "number of electrons": 56, "number of unpaired electrons": 0, "orbital energies/eV": [-18.53295446, -17.13698644, -16.80967625, -16.42665191, -16.32692606, -15.79574265, -15.61334933, -15.22178148, -15.06389988, -14.60239149, -14.4029785, -14.04864498, -13.74906117, -13.52092196, -13.30881009, -13.14283314, -13.01439906, -12.76184695, -12.5683525, -12.33797616, -12.13676292, -11.8578292, -11.81080817, -11.58321332, -11.37407843, -11.29396877, -11.16733329, -10.96900163, 0.65183642, 1.94818478, 2.04339213, 2.72836927, 2.92710636, 3.14450348, 3.1992644, 3.4905934, 3.66190616, 3.88479717, 4.31479299, 4.50575754, 4.80488691, 4.84389243, 5.04286348, 5.62687195, 6.0047425, 6.16128541, 6.45679273, 6.9028175, 7.06184327, 7.49880738, 7.55507531, 7.96903403, 8.03478005, 8.33559444], "fractional occupation": [2.0, 2.0, 2.0, 2.0, 2.0, 2.0, 2.0, 2.0, 2.0, 2.0, 2.0, 2.0, 2.0, 2.0, 2.0, 2.0, 2.0, 2.0, 2.0, 2.0, 2.0, 2.0, 2.0, 2.0, 2.0, 2.0, 2.0, 2.0, 0.0, 0.0, 0.0, 0.0, 0.0, 0.0, 0.0, 0.0, 0.0, 0.0, 0.0, 0.0, 0.0, 0.0, 0.0, 0.0, 0.0, 0.0, 0.0, 0.0, 0.0, 0.0, 0.0, 0.0, 0.0, 0.0], "program call": "xtb /home/svss/Project-DBcg-Debug/aqme2_20220329/End-to-End-workflows-final/example-3/QDESCP/mol_1056_rdkit_conf_21/mol_1056_rdkit_conf_21.xyz --pop --wbo --acc 0.2 --gfn 2 --chrg 0 --uhf 0 --etemp 300 --input /home/svss/Project-DBcg-Debug/aqme2_20220329/End-to-End-workflows-final/example-3/QDESCP/mol_1056_rdkit_conf_21/mol_1056_rdkit_conf_21_xtb.inp", "method": "GFN2-xTB", "xtb version": "6.3.3 (7355c4f)", "Dipole module/D": 1.662, "Total charge": 0, "Transition dipole module/D": NaN, "HOMO": -10.969, "LUMO": 0.6518, "HOMO occupancy": 2.0, "LUMO occupancy": 0, "mulliken charges": [-0.08327, -0.04044, -0.04484, -0.05741, -0.02207, -0.04037, -0.08632, 0.19402, -0.5688, 0.02857, 0.02609, 0.02696, 0.02218, 0.0245, 0.02511, 0.02413, 0.0233, 0.02231, 0.03386, 0.0212, 0.04054, 0.02824, 0.02264, 0.02831, 0.00762, 0.00829, 0.33564], "cm5 charges": [-0.23373, -0.15325, -0.15568, -0.16575, -0.08962, -0.14979, -0.23683, 0.10852, -0.78438, 0.07934, 0.07738, 0.07826, 0.07704, 0.08004, 0.08107, 0.07905, 0.07913, 0.07785, 0.09544, 0.0769, 0.09835, 0.07907, 0.0748, 0.08079, 0.07104, 0.07117, 0.50379], "FUKUI+": [0.008, 0.002, -0.011, -0.033, -0.023, 0.01, 0.017, -0.02, -0.117, -0.045, -0.031, -0.028, -0.031, -0.019, -0.046, -0.062, -0.055, -0.055, -0.053, -0.033, -0.03, -0.042, -0.017, -0.014, -0.073, -0.074, -0.123], "FUKUI-": [0.019, 0.005, 0.012, 0.012, -0.003, 0.007, 0.016, 0.021, -0.086, -0.049, -0.067, -0.046, -0.059, -0.071, -0.044, -0.07, -0.048, -0.039, -0.054, -0.041, -0.07, -0.05, -0.054, -0.039, -0.078, -0.075, -0.048], "FUKUIrad": [0.013, 0.004, 0.0, -0.011, -0.013, 0.008, 0.016, 0.0, -0.101, -0.047, -0.049, -0.037, -0.045, -0.045, -0.045, -0.066, -0.052, -0.047, -0.054, -0.037, -0.05, -0.046, -0.035, -0.026, -0.075, -0.075, -0.086], "s proportion": [1.008, 1.027, 1.031, 1.036, 1.062, 1.029, 1.007, 0.995, 1.695, 0.971, 0.974, 0.973, 0.978, 0.976, 0.975, 0.976, 0.977, 0.978, 0.966, 0.979, 0.959, 0.972, 0.977, 0.972, 0.992, 0.992, 0.664], "p proportion": [3.076, 3.014, 3.013, 3.021, 2.961, 3.011, 3.08, 2.811, 4.874, 0.0, 0.0, 0.0, 0.0, 0.0, 0.0, 0.0, 0.0, 0.0, 0.0, 0.0, 0.0, 0.0, 0.0, 0.0, 0.0, 0.0, 0.0], "d proportion": [0.0, 0.0, 0.0, 0.0, 0.0, 0.0, 0.0, 0.0, 0.0, 0.0, 0.0, 0.0, 0.0, 0.0, 0.0, 0.0, 0.0, 0.0, 0.0, 0.0, 0.0, 0.0, 0.0, 0.0, 0.0, 0.0, 0.0], "Fermi-level/eV": -5.1586, "Coordination numbers": [3.75, 3.799, 3.8, 3.8, 3.845, 3.798, 3.748, 3.675, 1.653, 0.924, 0.924, 0.924, 0.924, 0.924, 0.924, 0.924, 0.924, 0.923, 0.923, 0.924, 0.924, 0.924, 0.924, 0.924, 0.924, 0.924, 0.804], "Dispersion coefficient C6": [22.477, 21.522, 21.589, 21.7, 20.936, 21.539, 22.433, 19.379, 21.739, 2.565, 2.569, 2.561, 2.601, 2.552, 2.51, 2.594, 2.583, 2.643, 2.393, 2.561, 2.366, 2.6, 2.57, 2.546, 2.783, 2.853, 0.776], "Total dispersion C6": 4864.219172, "Total dispersion C8": 100847.909543, "Polarizability alpha": [6.761, 6.605, 6.616, 6.632, 6.509, 6.608, 6.755, 6.308, 6.294, 2.505, 2.506, 2.502, 2.522, 2.498, 2.478, 2.519, 2.513, 2.542, 2.419, 2.503, 2.405, 2.522, 2.507, 2.495, 2.609, 2.641, 1.383], "Total polarizability alpha": 103.159605, "Wiberg matrix": [[0.0, 1.0197936793699178, 0.0, 0.0, 0.0, 0.0, 0.0, 0.0, 0.0, 0.987454830284273, 0.9876411927422917, 0.9878049315828137, 0.0, 0.0, 0.0, 0.0, 0.0, 0.0, 0.0, 0.0, 0.0, 0.0, 0.0, 0.0, 0.0, 0.0, 0.0], [1.0197936793699178, 0.0, 1.008880625023613, 0.0, 0.0, 0.0, 0.0, 0.0, 0.0, 0.0, 0.0, 0.0, 0.9779050452680236, 0.9758478591428491, 0.0, 0.0, 0.0, 0.0, 0.0, 0.0, 0.0, 0.0, 0.0, 0.0, 0.0, 0.0, 0.0], [0.0, 1.008880625023613, 0.0, 1.0067681222604437, 0.0, 0.0, 0.0, 0.0, 0.0, 0.0, 0.0, 0.0, 0.0, 0.0, 0.9748388471183357, 0.9760730060507247, 0.0, 0.0, 0.0, 0.0, 0.0, 0.0, 0.0, 0.0, 0.0, 0.0, 0.0], [0.0, 0.0, 1.0067681222604437, 0.0, 0.9942916660154728, 0.0, 0.0, 0.0, 0.0, 0.0, 0.0, 0.0, 0.0, 0.0, 0.0, 0.0, 0.9751257801450727, 0.9763828649148232, 0.0, 0.0, 0.0, 0.0, 0.0, 0.0, 0.0, 0.0, 0.0], [0.0, 0.0, 0.0, 0.9942916660154728, 0.0, 0.9949881938586287, 0.0, 0.9919465600269811, 0.0, 0.0, 0.0, 0.0, 0.0, 0.0, 0.0, 0.0, 0.0, 0.0, 0.9653020364565994, 0.0, 0.0, 0.0, 0.0, 0.0, 0.0, 0.0, 0.0], [0.0, 0.0, 0.0, 0.0, 0.9949881938586287, 0.0, 1.0214953193315768, 0.0, 0.0, 0.0, 0.0, 0.0, 0.0, 0.0, 0.0, 0.0, 0.0, 0.0, 0.0, 0.9747040492456263, 0.9752554470745117, 0.0, 0.0, 0.0, 0.0, 0.0, 0.0], [0.0, 0.0, 0.0, 0.0, 0.0, 1.0214953193315768, 0.0, 0.0, 0.0, 0.0, 0.0, 0.0, 0.0, 0.0, 0.0, 0.0, 0.0, 0.0, 0.0, 0.0, 0.0, 0.9869912504727361, 0.9857823859620896, 0.9859138688332323, 0.0, 0.0, 0.0], [0.0, 0.0, 0.0, 0.0, 0.9919465600269811, 0.0, 0.0, 0.0, 0.9892703579781481, 0.0, 0.0, 0.0, 0.0, 0.0, 0.0, 0.0, 0.0, 0.0, 0.0, 0.0, 0.0, 0.0, 0.0, 0.0, 0.9710685755231299, 0.9731241891863862, 0.0], [0.0, 0.0, 0.0, 0.0, 0.0, 0.0, 0.0, 0.9892703579781481, 0.0, 0.0, 0.0, 0.0, 0.0, 0.0, 0.0, 0.0, 0.0, 0.0, 0.0, 0.0, 0.0, 0.0, 0.0, 0.0, 0.0, 0.0, 0.9070952891742938], [0.987454830284273, 0.0, 0.0, 0.0, 0.0, 0.0, 0.0, 0.0, 0.0, 0.0, 0.0, 0.0, 0.0, 0.0, 0.0, 0.0, 0.0, 0.0, 0.0, 0.0, 0.0, 0.0, 0.0, 0.0, 0.0, 0.0, 0.0], [0.9876411927422917, 0.0, 0.0, 0.0, 0.0, 0.0, 0.0, 0.0, 0.0, 0.0, 0.0, 0.0, 0.0, 0.0, 0.0, 0.0, 0.0, 0.0, 0.0, 0.0, 0.0, 0.0, 0.0, 0.0, 0.0, 0.0, 0.0], [0.9878049315828137, 0.0, 0.0, 0.0, 0.0, 0.0, 0.0, 0.0, 0.0, 0.0, 0.0, 0.0, 0.0, 0.0, 0.0, 0.0, 0.0, 0.0, 0.0, 0.0, 0.0, 0.0, 0.0, 0.0, 0.0, 0.0, 0.0], [0.0, 0.9779050452680236, 0.0, 0.0, 0.0, 0.0, 0.0, 0.0, 0.0, 0.0, 0.0, 0.0, 0.0, 0.0, 0.0, 0.0, 0.0, 0.0, 0.0, 0.0, 0.0, 0.0, 0.0, 0.0, 0.0, 0.0, 0.0], [0.0, 0.9758478591428491, 0.0, 0.0, 0.0, 0.0, 0.0, 0.0, 0.0, 0.0, 0.0, 0.0, 0.0, 0.0, 0.0, 0.0, 0.0, 0.0, 0.0, 0.0, 0.0, 0.0, 0.0, 0.0, 0.0, 0.0, 0.0], [0.0, 0.0, 0.9748388471183357, 0.0, 0.0, 0.0, 0.0, 0.0, 0.0, 0.0, 0.0, 0.0, 0.0, 0.0, 0.0, 0.0, 0.0, 0.0, 0.0, 0.0, 0.0, 0.0, 0.0, 0.0, 0.0, 0.0, 0.0], [0.0, 0.0, 0.9760730060507247, 0.0, 0.0, 0.0, 0.0, 0.0, 0.0, 0.0, 0.0, 0.0, 0.0, 0.0, 0.0, 0.0, 0.0, 0.0, 0.0, 0.0, 0.0, 0.0, 0.0, 0.0, 0.0, 0.0, 0.0], [0.0, 0.0, 0.0, 0.9751257801450727, 0.0, 0.0, 0.0, 0.0, 0.0, 0.0, 0.0, 0.0, 0.0, 0.0, 0.0, 0.0, 0.0, 0.0, 0.0, 0.0, 0.0, 0.0, 0.0, 0.0, 0.0, 0.0, 0.0], [0.0, 0.0, 0.0, 0.9763828649148232, 0.0, 0.0, 0.0, 0.0, 0.0, 0.0, 0.0, 0.0, 0.0, 0.0, 0.0, 0.0, 0.0, 0.0, 0.0, 0.0, 0.0, 0.0, 0.0, 0.0, 0.0, 0.0, 0.0], [0.0, 0.0, 0.0, 0.0, 0.9653020364565994, 0.0, 0.0, 0.0, 0.0, 0.0, 0.0, 0.0, 0.0, 0.0, 0.0, 0.0, 0.0, 0.0, 0.0, 0.0, 0.0, 0.0, 0.0, 0.0, 0.0, 0.0, 0.0], [0.0, 0.0, 0.0, 0.0, 0.0, 0.9747040492456263, 0.0, 0.0, 0.0, 0.0, 0.0, 0.0, 0.0, 0.0, 0.0, 0.0, 0.0, 0.0, 0.0, 0.0, 0.0, 0.0, 0.0, 0.0, 0.0, 0.0, 0.0], [0.0, 0.0, 0.0, 0.0, 0.0, 0.9752554470745117, 0.0, 0.0, 0.0, 0.0, 0.0, 0.0, 0.0, 0.0, 0.0, 0.0, 0.0, 0.0, 0.0, 0.0, 0.0, 0.0, 0.0, 0.0, 0.0, 0.0, 0.0], [0.0, 0.0, 0.0, 0.0, 0.0, 0.0, 0.9869912504727361, 0.0, 0.0, 0.0, 0.0, 0.0, 0.0, 0.0, 0.0, 0.0, 0.0, 0.0, 0.0, 0.0, 0.0, 0.0, 0.0, 0.0, 0.0, 0.0, 0.0], [0.0, 0.0, 0.0, 0.0, 0.0, 0.0, 0.9857823859620896, 0.0, 0.0, 0.0, 0.0, 0.0, 0.0, 0.0, 0.0, 0.0, 0.0, 0.0, 0.0, 0.0, 0.0, 0.0, 0.0, 0.0, 0.0, 0.0, 0.0], [0.0, 0.0, 0.0, 0.0, 0.0, 0.0, 0.9859138688332323, 0.0, 0.0, 0.0, 0.0, 0.0, 0.0, 0.0, 0.0, 0.0, 0.0, 0.0, 0.0, 0.0, 0.0, 0.0, 0.0, 0.0, 0.0, 0.0, 0.0], [0.0, 0.0, 0.0, 0.0, 0.0, 0.0, 0.0, 0.9710685755231299, 0.0, 0.0, 0.0, 0.0, 0.0, 0.0, 0.0, 0.0, 0.0, 0.0, 0.0, 0.0, 0.0, 0.0, 0.0, 0.0, 0.0, 0.0, 0.0], [0.0, 0.0, 0.0, 0.0, 0.0, 0.0, 0.0, 0.9731241891863862, 0.0, 0.0, 0.0, 0.0, 0.0, 0.0, 0.0, 0.0, 0.0, 0.0, 0.0, 0.0, 0.0, 0.0, 0.0, 0.0, 0.0, 0.0, 0.0], [0.0, 0.0, 0.0, 0.0, 0.0, 0.0, 0.0, 0.0, 0.9070952891742938, 0.0, 0.0, 0.0, 0.0, 0.0, 0.0, 0.0, 0.0, 0.0, 0.0, 0.0, 0.0, 0.0, 0.0, 0.0, 0.0, 0.0, 0.0]], "Born radii": [], "Atomic SASAs": [], "Solvent H bonds": [], "Total SASA": NaN, "Total FOD": 0.0, "FOD": [0.0, 0.0, 0.0, 0.0, 0.0, 0.0, 0.0, 0.0, 0.0, 0.0, 0.0, 0.0, 0.0, 0.0, 0.0, 0.0, 0.0, 0.0, 0.0, 0.0, 0.0, 0.0, 0.0, 0.0, 0.0, 0.0, 0.0], "FOD s proportion": [0.0, 0.0, 0.0, 0.0, 0.0, 0.0, 0.0, 0.0, 0.0, 0.0, 0.0, 0.0, 0.0, 0.0, 0.0, 0.0, 0.0, 0.0, 0.0, 0.0, 0.0, 0.0, 0.0, 0.0, 0.0, 0.0, 0.0], "FOD p proportion": [0.0, 0.0, 0.0, 0.0, 0.0, 0.0, 0.0, 0.0, 0.0, 0.0, 0.0, 0.0, 0.0, 0.0, 0.0, 0.0, 0.0, 0.0, 0.0, 0.0, 0.0, 0.0, 0.0, 0.0, 0.0, 0.0, 0.0], "FOD d proportion": [0.0, 0.0, 0.0, 0.0, 0.0, 0.0, 0.0, 0.0, 0.0, 0.0, 0.0, 0.0, 0.0, 0.0, 0.0, 0.0, 0.0, 0.0, 0.0, 0.0, 0.0, 0.0, 0.0, 0.0, 0.0, 0.0, 0.0], "coordinates": [["3.37580", "0.48590", "1.32570"], ["2.27980", "-0.07760", "0.43400"], ["1.26290", "0.99890", "0.05350"], ["0.20070", "0.51210", "-0.93890"], ["-0.68410", "-0.65970", "-0.46480"], ["-1.40230", "-0.40410", "0.87890"], ["-2.34890", "0.78830", "0.89020"], ["-1.66320", "-1.04180", "-1.58800"], ["-2.42580", "-2.17980", "-1.20970"], ["4.09100", "-0.29960", "1.58920"], ["3.92280", "1.28640", "0.81760"], ["2.95740", "0.88970", "2.25320"], ["2.73350", "-0.49830", "-0.47070"], ["1.78620", "-0.89880", "0.96430"], ["0.78540", "1.39780", "0.95550"], ["1.79310", "1.84180", "-0.40810"], ["-0.43410", "1.36560", "-1.20830"], ["0.70940", "0.21520", "-1.86580"], ["-0.04120", "-1.53510", "-0.30200"], ["-0.65750", "-0.26710", "1.67140"], ["-1.96910", "-1.29900", "1.16370"], ["-2.80530", "0.89000", "1.88040"], ["-1.82410", "1.72260", "0.67220"], ["-3.15880", "0.66640", "0.16570"], ["-2.34930", "-0.22150", "-1.82120"], ["-1.11280", "-1.29520", "-2.50060"], ["-3.02170", "-2.38320", "-1.95070"]], "bond_dist": [[0.0, 1.5211433660243865, 2.519128470324608, 3.900046103573649, 4.582693271428932, 4.880775537760368, 5.7491996051624445, 6.01789298509038, 6.869699572033701, 1.094510639509731, 1.094611739385249, 1.0947005298253947, 2.146683928760823, 2.1388857402862826, 2.7710614951675105, 2.7109899557172836, 4.659438388904825, 4.167569999412128, 4.290656976501384, 4.117526730939339, 5.63738130872837, 6.219082417045138, 5.384742254741632, 6.639215120027366, 6.571161570072676, 6.161202712133402, 7.739156156842941], [1.5211433660243865, 0.0, 1.5289598130755433, 2.560323672897628, 3.151410011407592, 3.7232242304217995, 4.731042690570441, 4.534910654026163, 5.409590177638229, 2.1596797169950923, 2.1695838218423367, 2.1689397617269135, 1.0960448302875208, 1.0950929138662162, 2.163792681843619, 2.151768031178082, 3.485000536585324, 2.800172858949961, 2.837788443489049, 3.1929297361514237, 4.480784670121964, 5.3746222871937706, 4.487700356530056, 5.49580666053674, 5.151232965028857, 4.64802771936657, 6.253677933824223], [2.519128470324608, 1.5289598130755433, 0.0, 1.5330038617042032, 2.609673897252298, 3.1229769771805875, 3.7134240923977426, 3.9269631969245653, 5.030538303203744, 3.470248744686755, 2.7823682484531056, 2.7788369833439313, 2.1631129975107632, 2.16902393255584, 1.0957789284340158, 1.097573236736392, 2.146256538720383, 2.1457540469494636, 2.871970240096509, 2.8121686595935174, 4.118095731038801, 4.460905071843605, 3.230495376873336, 4.4356032261689045, 4.248748649896814, 4.174957737510645, 5.814913173040506], [3.900046103573649, 2.560323672897628, 1.5330038617042032, 0.0, 1.5429702168220876, 2.591028421303016, 3.1499767316600926, 2.511983126933778, 3.770697614500532, 4.710051017770402, 4.187942352755109, 4.234557717164805, 2.7668023492833744, 2.8507225926070046, 2.1714257850546033, 2.1413987227977884, 1.0972737352183364, 1.0982116872443126, 2.157587787321758, 2.8561032841968443, 3.5226470175139606, 4.138513851613886, 2.8567058826557554, 3.5398008277302835, 2.7962693450381346, 2.725898462892556, 4.448636093231273], [4.582693271428932, 3.151410011407592, 2.609673897252298, 1.5429702168220876, 0.0, 1.5448858501520428, 2.5892639958103927, 1.5382507792944558, 2.4288060667743734, 5.210582311028203, 5.1628851023434565, 4.8009047699366, 3.421414112614841, 2.8638920562758647, 2.8999980327579538, 3.5209710279978164, 2.171896024214787, 2.161039856180353, 1.098248337125989, 2.172140133600961, 2.1707007486063112, 3.5215085645217448, 2.875364722952551, 2.877535673106417, 2.1919697169441004, 2.1753449335680077, 3.262318932906469], [4.880775537760368, 3.7232242304217995, 3.1229769771805875, 2.591028421303016, 1.5448858501520428, 0.0, 1.5224969655142173, 2.561313278378887, 2.9262454955112704, 5.540017258998388, 5.587328337407781, 4.75074762747928, 4.351452107055758, 3.2277784155669673, 2.8352676169984377, 4.112300690611036, 2.9026975677807014, 3.5179805954552963, 2.127505351344621, 1.0961534062347296, 1.0969135289529435, 2.1554827904671376, 2.1779561565835066, 2.177134984331472, 2.8671748760757514, 3.506977289632769, 3.8139126012534685], [5.7491996051624445, 4.731042690570441, 3.7134240923977426, 3.1499767316600926, 2.5892639958103927, 1.5224969655142173, 0.0, 3.1560934301759827, 3.6366346022112257, 6.56844269366796, 6.291867390528824, 5.4794954740377335, 5.416472849558096, 4.466637351520716, 3.193679825843536, 4.466722415821247, 2.898868154987391, 4.156582550605726, 3.4849688219552264, 2.14125583711989, 2.139128696455639, 1.0950524599305733, 1.0935517957554637, 1.0934797071733886, 2.893334781873677, 4.1673060962689075, 4.31065945071053], [6.01789298509038, 4.534910654026163, 3.9269631969245653, 2.511983126933778, 1.5382507792944558, 2.561313278378887, 3.1560934301759827, 0.0, 1.4211662992063951, 6.614852857018061, 6.512359219207736, 6.311533415106031, 4.568886344613969, 4.293372176972316, 4.291466226128314, 4.6533130842443855, 2.729548252000686, 2.699342994137648, 2.127915620977486, 3.4978966451283267, 2.7805718009071443, 4.131106656817274, 3.574395083087487, 2.8688377942992878, 1.0945353077904796, 1.095440769736091, 1.943303244478329], [6.869699572033701, 5.409590177638229, 5.030538303203744, 3.770697614500532, 2.4288060667743734, 2.9262454955112704, 3.6366346022112257, 1.4211662992063951, 0.0, 7.337416131718304, 7.511937811909787, 7.098756855957246, 5.476489727918788, 4.9100082484655765, 5.272486912264458, 5.883446806932141, 4.066538086628477, 3.999496374545175, 2.6317056332348425, 3.8840756158962715, 2.572432912633486, 4.372231729906365, 4.374050326642345, 3.2449759012972654, 2.052979149918479, 2.0427699258604726, 0.9723936291440828], [1.094510639509731, 2.1596797169950923, 3.470248744686755, 4.710051017770402, 5.210582311028203, 5.540017258998388, 6.56844269366796, 6.614852857018061, 7.337416131718304, 0.0, 1.7717375087749312, 1.772111579444139, 2.4749698887057194, 2.4620405540932913, 3.7695800575130383, 3.7222500802605945, 5.574533819074022, 4.861816800332979, 4.709370927204609, 4.7493226190689555, 6.1566762640242825, 7.004205828643245, 6.318116004791302, 7.451114566962449, 7.287962119824718, 6.693072376719081, 8.213573050749595], [1.094611739385249, 2.1695838218423367, 2.7823682484531056, 4.187942352755109, 5.1628851023434565, 5.587328337407781, 6.291867390528824, 6.512359219207736, 7.511937811909787, 1.7717375087749312, 0.0, 1.7749127894068488, 2.501860401781043, 3.059686175083974, 3.142404354948612, 2.519212523785955, 4.805530257942405, 4.321347539830603, 4.992761000688897, 4.911362823086888, 6.44349004655086, 6.823049641472645, 5.765264192558742, 7.138517505056635, 6.969667586047415, 6.559906795069576, 8.327996715897527], [1.0947005298253947, 2.1689397617269135, 2.7788369833439313, 4.234557717164805, 4.8009047699366, 4.75074762747928, 5.4794954740377335, 6.311533415106031, 7.098756855957246, 1.772111579444139, 1.7749127894068488, 0.0, 3.065339527686941, 2.496338298388261, 2.580653967505136, 3.056894926228247, 4.869367033814559, 4.740739947518741, 4.626046264360096, 3.8398150333056407, 5.499801831884491, 5.7747459874872415, 5.104510325192809, 6.466484483859834, 6.782076797707321, 6.628644694807529, 8.008388503937606], [2.146683928760823, 1.0960448302875208, 2.1631129975107632, 2.7668023492833744, 3.421414112614841, 4.351452107055758, 5.416472849558096, 4.568886344613969, 5.476489727918788, 2.4749698887057194, 2.501860401781043, 3.065339527686941, 0.0, 1.7655034805969654, 3.0699080214234433, 2.5227641447428257, 3.748581962555974, 2.5597591820325594, 2.9668795088442668, 4.017577236345308, 5.042502415467939, 6.175220930460707, 5.197146811472618, 6.039928007849101, 5.266433739258474, 4.421489263811459, 6.23422609872308], [2.1388857402862826, 1.0950929138662162, 2.16902393255584, 2.8507225926070046, 2.8638920562758647, 3.2277784155669673, 4.466637351520716, 4.293372176972316, 4.9100082484655765, 2.4620405540932913, 3.059686175083974, 2.496338298388261, 1.7655034805969654, 0.0, 2.505204510613854, 3.0650314402955154, 3.8441423243683372, 3.226447000959414, 2.312527651726569, 2.621202966197009, 3.781824756648568, 5.01207710435504, 4.471166118586962, 5.247917491729457, 5.031908762090188, 4.535070668688637, 5.8152016964160405], [2.7710614951675105, 2.163792681843619, 1.0957789284340158, 2.1714257850546033, 2.8999980327579538, 2.8352676169984377, 3.193679825843536, 4.291466226128314, 5.272486912264458, 3.7695800575130383, 3.142404354948612, 2.580653967505136, 3.0699080214234433, 2.505204510613854, 0.0, 1.7527122553345713, 2.4839982950879818, 3.0600739288455108, 3.296433864041565, 2.316541652981875, 3.8604854267306847, 3.7425161776537452, 2.644852392856736, 4.088452474959199, 4.489826218240523, 4.774938685470213, 6.102128304944104], [2.7109899557172836, 2.151768031178082, 1.097573236736392, 2.1413987227977884, 3.5209710279978164, 4.112300690611036, 4.466722415821247, 4.6533130842443855, 5.883446806932141, 3.7222500802605945, 2.519212523785955, 3.056894926228247, 2.5227641447428257, 3.0650314402955154, 1.7527122553345713, 0.0, 2.4140228499332808, 2.4382621967294655, 3.8443942708832557, 3.844114959259153, 5.146778479787137, 5.223833654510832, 3.7769554630681044, 5.12173068503216, 4.838753585377127, 4.760628116120813, 6.588819226538242], [4.659438388904825, 3.485000536585324, 2.146256538720383, 1.0972737352183364, 2.171896024214787, 2.9026975677807014, 2.898868154987391, 2.729548252000686, 4.066538086628477, 5.574533819074022, 4.805530257942405, 4.869367033814559, 3.748581962555974, 3.8441423243683372, 2.4839982950879818, 2.4140228499332808, 0.0, 1.7502338872276468, 3.064279783244343, 3.3178741597595285, 3.883645473006, 3.9228627926553843, 2.365550517321497, 3.130614433302191, 2.5617423484808146, 3.0348854377060097, 4.615228375714468], [4.167569999412128, 2.800172858949961, 2.1457540469494636, 1.0982116872443126, 2.161039856180353, 3.5179805954552963, 4.156582550605726, 2.699342994137648, 3.999496374545175, 4.861816800332979, 4.321347539830603, 4.740739947518741, 2.5597591820325594, 3.226447000959414, 3.0600739288455108, 2.4382621967294655, 1.7502338872276468, 0.0, 2.4642282544439746, 3.822670890882447, 4.317989594707241, 5.180973419155903, 3.890028407351288, 4.392441795857971, 3.0900391162572682, 2.450447314267336, 4.547526556272102], [4.290656976501384, 2.837788443489049, 2.871970240096509, 2.157587787321758, 1.098248337125989, 2.127505351344621, 3.4849688219552264, 2.127915620977486, 2.6317056332348425, 4.709370927204609, 4.992761000688897, 4.626046264360096, 2.9668795088442668, 2.312527651726569, 3.296433864041565, 3.8443942708832557, 3.064279783244343, 2.4642282544439746, 0.0, 2.425274675165681, 2.4332731268807457, 4.27600614826499, 3.839323812860801, 3.8450975670325973, 3.059548857266378, 2.457584287466047, 3.510109051012518], [4.117526730939339, 3.1929297361514237, 2.8121686595935174, 2.8561032841968443, 2.172140133600961, 1.0961534062347296, 2.14125583711989, 3.4978966451283267, 3.8840756158962715, 4.7493226190689555, 4.911362823086888, 3.8398150333056407, 4.017577236345308, 2.621202966197009, 2.316541652981875, 3.844114959259153, 3.3178741597595285, 3.822670890882447, 2.425274675165681, 0.0, 1.7443828306882638, 2.448592708067228, 2.5136153822731115, 3.0651356299517967, 3.8810464259011384, 4.320864693553826, 4.815280808011097], [5.63738130872837, 4.480784670121964, 4.118095731038801, 3.5226470175139606, 2.1707007486063112, 1.0969135289529435, 2.139128696455639, 2.7805718009071443, 2.572432912633486, 6.1566762640242825, 6.44349004655086, 5.499801831884491, 5.042502415467939, 3.781824756648568, 3.8604854267306847, 5.146778479787137, 3.883645473006, 4.317989594707241, 2.4332731268807457, 1.7443828306882638, 0.0, 2.4504306417444264, 3.0647453091570265, 2.5048327788497176, 3.196120507740595, 3.763025195238533, 3.4616388835347918], [6.219082417045138, 5.3746222871937706, 4.460905071843605, 4.138513851613886, 3.5215085645217448, 2.1554827904671376, 1.0950524599305733, 4.131106656817274, 4.372231729906365, 7.004205828643245, 6.823049641472645, 5.7747459874872415, 6.175220930460707, 5.01207710435504, 3.7425161776537452, 5.223833654510832, 3.9228627926553843, 5.180973419155903, 4.27600614826499, 2.448592708067228, 2.4504306417444264, 0.0, 1.7651411954855056, 1.7649802548470621, 3.8916848292224278, 5.180040182276582, 5.043609264207528], [5.384742254741632, 4.487700356530056, 3.230495376873336, 2.8567058826557554, 2.875364722952551, 2.1779561565835066, 1.0935517957554637, 3.574395083087487, 4.374050326642345, 6.318116004791302, 5.765264192558742, 5.104510325192809, 5.197146811472618, 4.471166118586962, 2.644852392856736, 3.7769554630681044, 2.365550517321497, 3.890028407351288, 3.839323812860801, 2.5136153822731115, 3.0647453091570265, 1.7651411954855056, 0.0, 1.77581665157189, 3.205059033777693, 4.436183536554816, 5.017115088374991], [6.639215120027366, 5.49580666053674, 4.4356032261689045, 3.5398008277302835, 2.877535673106417, 2.177134984331472, 1.0934797071733886, 2.8688377942992878, 3.2449759012972654, 7.451114566962449, 7.138517505056635, 6.466484483859834, 6.039928007849101, 5.247917491729457, 4.088452474959199, 5.12173068503216, 3.130614433302191, 4.392441795857971, 3.8450975670325973, 3.0651356299517967, 2.5048327788497176, 1.7649802548470621, 1.77581665157189, 0.0, 2.3219449325942247, 3.8914195674586414, 3.7145666678631573], [6.571161570072676, 5.151232965028857, 4.248748649896814, 2.7962693450381346, 2.1919697169441004, 2.8671748760757514, 2.893334781873677, 1.0945353077904796, 2.052979149918479, 7.287962119824718, 6.969667586047415, 6.782076797707321, 5.266433739258474, 5.031908762090188, 4.489826218240523, 4.838753585377127, 2.5617423484808146, 3.0900391162572682, 3.059548857266378, 3.8810464259011384, 3.196120507740595, 3.8916848292224278, 3.205059033777693, 2.3219449325942247, 0.0, 1.772949040440813, 2.267562325494054], [6.161202712133402, 4.64802771936657, 4.174957737510645, 2.725898462892556, 2.1753449335680077, 3.506977289632769, 4.1673060962689075, 1.095440769736091, 2.0427699258604726, 6.693072376719081, 6.559906795069576, 6.628644694807529, 4.421489263811459, 4.535070668688637, 4.774938685470213, 4.760628116120813, 3.0348854377060097, 2.450447314267336, 2.457584287466047, 4.320864693553826, 3.763025195238533, 5.180040182276582, 4.436183536554816, 3.8914195674586414, 1.772949040440813, 0.0, 2.264957664063503], [7.739156156842941, 6.253677933824223, 5.814913173040506, 4.448636093231273, 3.262318932906469, 3.8139126012534685, 4.31065945071053, 1.943303244478329, 0.9723936291440828, 8.213573050749595, 8.327996715897527, 8.008388503937606, 6.23422609872308, 5.8152016964160405, 6.102128304944104, 6.588819226538242, 4.615228375714468, 4.547526556272102, 3.510109051012518, 4.815280808011097, 3.4616388835347918, 5.043609264207528, 5.017115088374991, 3.7145666678631573, 2.267562325494054, 2.264957664063503, 0.0]]}