{"total energy": -57.27385999, "HOMO-LUMO gap/eV": 2.81398135, "electronic energy": -57.96173583, "dipole": [1.14722373, -0.13081517, 0.01667865], "partial charges": [-0.10376213, -0.04728208, -0.02348877, 0.28016731, -0.38209321, -0.17156275, 0.33948478, -0.42474042, -0.17467011, 0.28293393, -0.3837392, -0.00401329, -0.03784529, -0.05712155, -0.01726102, -0.06197895, -0.05379711, -0.01920415, -0.06072421, 0.04670621, 0.03950492, 0.04002121, 0.05833881, 0.05838644, 0.23281311, 0.23246902, 0.03299216, 0.04835134, 0.04793183, 0.03062488, 0.03388083, 0.03286119, 0.03815666, 0.0238911, 0.04724536, 0.03615457, 0.04036861], "atomic dipole moments": [[0.11611762, 0.02368177, 0.00622609], [-0.06289475, 0.1415024, -0.00623601], [-0.03216999, 0.02004034, -0.00372714], [-0.03711848, 0.08039921, -0.00503433], [0.03682234, 0.08740692, -0.16020512], [-0.03257484, -0.01980339, -0.0557446], [0.04691009, -0.07863824, 0.00413688], [0.10513561, -0.18972902, 0.01088411], [-0.05190777, -0.02184881, 0.04958498], [-0.02934049, 0.08678171, -0.00390962], [0.0183975, 0.09173559, 0.16075133], [-0.15018093, -0.04881582, -0.11723947], [0.11249721, 0.02128886, 0.05230854], [-0.03872427, -0.02284297, -0.08115795], [-0.09568429, 0.0141092, -0.00868723], [-0.07470115, -0.09303898, 0.02138058], [0.03872756, -0.05283462, 0.09723699], [0.06019824, 0.0649021, 0.05722719], [-0.04150653, 0.10998498, 0.00414922], [-0.02052037, -0.12473941, -0.00030913], [-0.05499813, 0.04378153, -0.10731961], [-0.0672925, 0.04502422, 0.09995456], [0.04886904, -0.07063773, -0.09379498], [0.04203018, -0.06435572, 0.10351414], [-0.0651767, 0.05661573, 0.10607319], [-0.04822679, 0.05431781, -0.11510905], [-0.06832647, 0.0359509, 0.133627], [0.04321019, -0.08113761, 0.08668063], [0.03814414, 0.11738776, 0.03813133], [0.12787839, -0.02205742, 0.01381906], [0.09123879, -0.00138246, -0.08725193], [-0.00901405, 0.12163895, 0.04648868], [0.03028974, -0.02753498, -0.11998543], [-0.08027868, 0.10369513, -0.00305856], [-0.05853637, -0.08628409, -0.08600279], [-0.0144734, -0.09962827, 0.08519335], [0.06533484, -0.04483375, -0.10108071]], "atomic quadrupole moments": [[0.22450614, 0.05558972, -0.09937705, 0.01971576, 0.00398325, -0.12512909], [0.10078256, 0.11972938, 0.12735473, 0.00558211, 0.00071068, -0.2281373], [-0.11317823, -0.02367113, 0.00832372, -0.007033, 0.01620357, 0.10485451], [0.38932643, 0.16081168, -0.13672678, 0.2849464, 0.05752398, -0.25259965], [0.16284734, 0.08234123, -0.08280975, 0.10026895, 0.00747827, -0.08003759], [-0.00998971, 0.00964934, 0.03533498, 0.05498438, -0.09371188, -0.02534527], [0.2497937, 0.29568138, -0.08480142, 0.04222109, 0.03189785, -0.16499228], [0.10606894, 0.08614028, 0.01262745, 0.02247913, 0.0088585, -0.11869639], [0.0052615, -0.00631516, 0.04162752, -0.04701774, 0.0929216, -0.04688902], [0.46473095, 0.12448803, -0.15004704, -0.1897197, -0.02742562, -0.31468391], [0.18964173, 0.0681883, -0.08832334, -0.06462619, 0.00566168, -0.10131839], [-0.07029445, -0.06631821, 0.31908892, -0.14121373, -0.25202185, -0.24879447], [-0.10977591, -0.06836638, 0.42838291, -0.05609177, -0.29132932, -0.318607], [0.1092152, -0.01610807, -0.17585971, -0.08854648, 0.07488043, 0.06664451], [-0.16966799, 0.06766201, 0.06301842, 0.00163769, 0.01380188, 0.10664957], [0.02322739, 0.05130957, -0.02759044, 0.18490236, -0.12641888, 0.00436305], [0.06875532, 0.15986903, 0.02023653, 0.08570082, -0.11364994, -0.08899185], [0.06799155, -0.04374481, -0.04978891, -0.02125033, -0.12013674, -0.01820264], [0.11255419, 0.02046533, 0.02770747, 0.1758293, 0.04993259, -0.14026165], [-0.02666461, 0.00584545, 0.08152374, 0.00066705, -0.00042464, -0.05485913], [-0.01960373, -0.01210224, -0.02666328, 0.0238784, -0.05171704, 0.04626701], [-0.01356257, -0.01777767, -0.02446237, -0.02973183, 0.05112595, 0.03802494], [0.00081576, 0.0045226, -0.02795784, -0.0354447, 0.02764839, 0.02714208], [-0.0108078, 0.0072229, -0.02651257, 0.02936018, -0.02425469, 0.03732037], [-0.04154219, -0.02389411, 0.00887583, -0.01618488, 0.00676381, 0.03266635], [-0.04666693, -0.02164736, 0.00896905, 0.00182761, -0.01118845, 0.03769787], [0.04008241, 0.00306162, -0.04959497, -0.00208412, 0.02920905, 0.00951256], [-0.01718653, -0.02941143, 0.00209261, 0.00565056, -0.04563234, 0.01509392], [-0.02658182, 0.02446203, 0.04960349, -0.01188151, 0.02195017, -0.02302168], [0.03069234, -0.00811565, -0.03853297, 0.00615773, -0.00648619, 0.00784063], [0.02320169, -0.00476709, -0.04564524, -0.02495982, 0.00741962, 0.02244355], [-0.0195694, -0.01570347, 0.02762375, -0.00088424, 0.03583282, -0.00805434], [-0.00414183, 0.01139135, -0.02720011, -0.01878206, 0.02791305, 0.03134194], [0.01541619, -0.03749538, 0.01356314, -0.00237808, 0.01838547, -0.02897933], [0.02480088, 0.02165977, -0.01927399, 0.00771359, 0.01628174, -0.0055269], [-0.03222646, 0.00784714, 0.01351789, -0.01600975, -0.04010131, 0.01870857], [-0.0068081, -0.0094515, -0.02361674, -0.02922526, 0.02198732, 0.03042485]], "number of molecular orbitals": 94, "number of electrons": 102, "number of unpaired electrons": 0, "orbital energies/eV": [-20.53079156, -20.16948676, -20.09316836, -19.68368398, -19.3058279, -18.55804807, -18.14974833, -18.00944389, -17.93224905, -17.34927479, -17.15409839, -17.08964927, -16.85150236, -16.72533784, -16.62118577, -16.48115027, -16.19715343, -15.92409905, -15.73709045, -15.57241983, -15.46801533, -15.43700124, -15.3374974, -15.22255631, -14.84219069, -14.80716719, -14.63793389, -14.47101503, -14.17711802, -14.02878305, -13.898535, -13.70229521, -13.576149, -13.51293704, -13.34781583, -12.99845867, -12.88896906, -12.78933186, -12.65011217, -12.54709563, -12.49503893, -12.35318884, -12.26414386, -12.21545344, -12.08621984, -12.0535096, -11.90356996, -11.76715066, -11.64860486, -11.44953326, -10.84234891, -8.02836756, -7.11464915, -6.15998785, -5.68533013, -0.58982089, -0.1694434, 0.39117927, 1.13853911, 1.26262378, 1.45036204, 1.56383422, 1.88969595, 2.13336364, 2.31695844, 2.82216882, 3.1495116, 3.48771794, 3.59280838, 3.67273544, 3.7732374, 3.91951767, 4.21166089, 4.27354468, 4.37889084, 4.83342752, 4.88485838, 4.97615795, 5.48253669, 5.8493317, 6.14437069, 6.45529182, 6.83619506, 7.20253534, 7.59670462, 7.67549772, 7.75025471, 8.70653202, 9.30068458, 11.50679964, 14.09547321, 14.14356189, 14.80946639, 16.26196233], "fractional occupation": [2.0, 2.0, 2.0, 2.0, 2.0, 2.0, 2.0, 2.0, 2.0, 2.0, 2.0, 2.0, 2.0, 2.0, 2.0, 2.0, 2.0, 2.0, 2.0, 2.0, 2.0, 2.0, 2.0, 2.0, 2.0, 2.0, 2.0, 2.0, 2.0, 2.0, 2.0, 2.0, 2.0, 2.0, 2.0, 2.0, 2.0, 2.0, 2.0, 2.0, 2.0, 2.0, 2.0, 2.0, 2.0, 2.0, 2.0, 2.0, 2.0, 2.0, 2.0, 0.0, 0.0, 0.0, 0.0, 0.0, 0.0, 0.0, 0.0, 0.0, 0.0, 0.0, 0.0, 0.0, 0.0, 0.0, 0.0, 0.0, 0.0, 0.0, 0.0, 0.0, 0.0, 0.0, 0.0, 0.0, 0.0, 0.0, 0.0, 0.0, 0.0, 0.0, 0.0, 0.0, 0.0, 0.0, 0.0, 0.0, 0.0, 0.0, 0.0, 0.0, 0.0, 0.0], "program call": "xtb /home/svss/Project-DBcg-Debug/aqme2_20220329/End-to-End-workflows-final/example-3/QDESCP/mol_347_rdkit_conf_2/mol_347_rdkit_conf_2.xyz --pop --wbo --acc 0.2 --gfn 2 --chrg 0 --uhf 0 --etemp 300 --input /home/svss/Project-DBcg-Debug/aqme2_20220329/End-to-End-workflows-final/example-3/QDESCP/mol_347_rdkit_conf_2/mol_347_rdkit_conf_2_xtb.inp", "method": "GFN2-xTB", "xtb version": "6.3.3 (7355c4f)", "Dipole module/D": 2.935, "Total charge": 0, "Transition dipole module/D": NaN, "HOMO": -10.8423, "LUMO": -8.0284, "HOMO occupancy": 2.0, "LUMO occupancy": 0, "mulliken charges": [-0.08932, -0.02431, -0.05358, 0.47454, -0.50917, -0.32256, 0.57483, -0.53952, -0.32287, 0.47474, -0.5101, -0.01974, -0.04469, -0.04317, -0.01273, -0.05594, -0.04699, -0.0118, -0.05201, 0.03875, 0.03714, 0.03825, 0.04367, 0.04549, 0.27979, 0.2791, 0.04311, 0.04092, 0.03754, 0.02777, 0.02991, 0.02767, 0.03521, 0.0234, 0.04241, 0.0307, 0.03358], "cm5 charges": [-0.23782, -0.12692, -0.05056, 0.57332, -0.55537, -0.66507, 0.74357, -0.57633, -0.66627, 0.57393, -0.55732, -0.029, -0.10102, -0.14587, -0.08, -0.16199, -0.15198, -0.07299, -0.15492, 0.08968, 0.0919, 0.09333, 0.10224, 0.10361, 0.48273, 0.48226, 0.10342, 0.09611, 0.09277, 0.08507, 0.08455, 0.08287, 0.09024, 0.08141, 0.10479, 0.0865, 0.08914], "FUKUI+": [0.015, 0.012, -0.006, -0.05, -0.133, -0.031, -0.051, -0.14, -0.033, -0.053, -0.139, -0.013, -0.025, 0.009, 0.005, 0.008, 0.005, 0.004, 0.006, -0.035, -0.006, -0.006, -0.03, -0.029, -0.045, -0.046, -0.013, -0.03, -0.029, -0.027, -0.024, -0.01, -0.021, 0.008, -0.006, -0.013, -0.026], "FUKUI-": [0.011, 0.004, -0.012, 0.001, -0.053, -0.011, -0.0, -0.068, -0.014, -0.004, -0.064, -0.042, -0.041, 0.009, 0.001, 0.006, 0.002, -0.003, 0.009, -0.044, -0.029, -0.031, -0.027, -0.028, -0.025, -0.026, -0.05, -0.083, -0.067, -0.041, -0.061, -0.031, -0.064, -0.027, -0.033, -0.025, -0.038], "FUKUIrad": [0.013, 0.008, -0.009, -0.025, -0.093, -0.021, -0.026, -0.104, -0.023, -0.029, -0.101, -0.027, -0.033, 0.009, 0.003, 0.007, 0.004, 0.0, 0.008, -0.04, -0.018, -0.019, -0.029, -0.028, -0.035, -0.036, -0.032, -0.057, -0.048, -0.034, -0.042, -0.021, -0.043, -0.009, -0.019, -0.019, -0.032], "s proportion": [1.01, 1.032, 1.109, 1.016, 1.731, 1.427, 0.936, 1.72, 1.429, 1.015, 1.731, 1.105, 1.074, 1.032, 1.057, 1.036, 1.036, 1.059, 1.035, 0.961, 0.963, 0.962, 0.956, 0.955, 0.72, 0.721, 0.957, 0.959, 0.962, 0.972, 0.97, 0.972, 0.965, 0.977, 0.958, 0.969, 0.966], "p proportion": [3.08, 2.992, 2.945, 2.51, 4.778, 3.895, 2.489, 4.819, 3.894, 2.511, 4.779, 2.914, 2.97, 3.011, 2.956, 3.02, 3.011, 2.952, 3.017, 0.0, 0.0, 0.0, 0.0, 0.0, 0.0, 0.0, 0.0, 0.0, 0.0, 0.0, 0.0, 0.0, 0.0, 0.0, 0.0, 0.0, 0.0], "d proportion": [0.0, 0.0, 0.0, 0.0, 0.0, 0.0, 0.0, 0.0, 0.0, 0.0, 0.0, 0.0, 0.0, 0.0, 0.0, 0.0, 0.0, 0.0, 0.0, 0.0, 0.0, 0.0, 0.0, 0.0, 0.0, 0.0, 0.0, 0.0, 0.0, 0.0, 0.0, 0.0, 0.0, 0.0, 0.0, 0.0, 0.0], "Fermi-level/eV": -9.4354, "Coordination numbers": [3.748, 3.801, 3.898, 2.76, 0.859, 2.696, 2.703, 0.861, 2.696, 2.764, 0.859, 2.944, 2.89, 3.806, 3.887, 3.825, 3.829, 3.892, 3.844, 0.924, 0.924, 0.924, 0.924, 0.923, 0.86, 0.86, 0.925, 0.924, 0.924, 0.924, 0.924, 0.924, 0.924, 0.924, 0.924, 0.924, 0.924], "Dispersion coefficient C6": [22.55, 21.421, 20.937, 22.258, 21.326, 24.712, 21.231, 22.18, 24.78, 22.209, 21.358, 28.124, 28.939, 21.596, 20.831, 21.67, 21.517, 20.863, 21.635, 2.362, 2.456, 2.449, 2.219, 2.218, 0.953, 0.955, 2.544, 2.341, 2.346, 2.578, 2.532, 2.546, 2.474, 2.675, 2.355, 2.501, 2.444], "Total dispersion C6": 13680.606014, "Total dispersion C8": 312407.4198, "Polarizability alpha": [6.773, 6.589, 6.504, 7.726, 6.192, 7.383, 7.542, 6.314, 7.393, 7.718, 6.196, 8.698, 8.82, 6.616, 6.489, 6.624, 6.6, 6.493, 6.616, 2.403, 2.451, 2.447, 2.329, 2.329, 1.529, 1.53, 2.494, 2.393, 2.395, 2.511, 2.488, 2.495, 2.46, 2.558, 2.4, 2.473, 2.445], "Total polarizability alpha": 175.417973, "Wiberg matrix": [[0.0, 1.018617290408255, 0.0, 0.0, 0.0, 0.0, 0.0, 0.0, 0.0, 0.0, 0.0, 0.0, 0.0, 0.0, 0.0, 0.0, 0.0, 0.0, 0.0, 0.9845578700980067, 0.9868073709281135, 0.9866812561090115, 0.0, 0.0, 0.0, 0.0, 0.0, 0.0, 0.0, 0.0, 0.0, 0.0, 0.0, 0.0, 0.0, 0.0, 0.0], [1.018617290408255, 0.0, 0.9599804852444181, 0.0, 0.0, 0.0, 0.0, 0.0, 0.0, 0.0, 0.0, 0.0, 0.0, 0.0, 0.0, 0.0, 0.0, 0.0, 0.0, 0.0, 0.0, 0.0, 0.9708283693021215, 0.9741371733569147, 0.0, 0.0, 0.0, 0.0, 0.0, 0.0, 0.0, 0.0, 0.0, 0.0, 0.0, 0.0, 0.0], [0.0, 0.9599804852444181, 0.0, 0.9493170300608538, 0.0, 0.0, 0.0, 0.0, 0.0, 0.9475161335726094, 0.0, 0.917057885117562, 0.0, 0.0, 0.0, 0.0, 0.0, 0.0, 0.0, 0.0, 0.0, 0.0, 0.0, 0.0, 0.0, 0.0, 0.0, 0.0, 0.0, 0.0, 0.0, 0.0, 0.0, 0.0, 0.0, 0.0, 0.0], [0.0, 0.0, 0.9493170300608538, 0.0, 1.7486245703276657, 1.143653340943533, 0.0, 0.0, 0.0, 0.0, 0.0, 0.0, 0.0, 0.0, 0.0, 0.0, 0.0, 0.0, 0.0, 0.0, 0.0, 0.0, 0.0, 0.0, 0.0, 0.0, 0.0, 0.0, 0.0, 0.0, 0.0, 0.0, 0.0, 0.0, 0.0, 0.0, 0.0], [0.0, 0.0, 0.0, 1.7486245703276657, 0.0, 0.13419549285458413, 0.0, 0.0, 0.0, 0.0, 0.0, 0.0, 0.0, 0.0, 0.0, 0.0, 0.0, 0.0, 0.0, 0.0, 0.0, 0.0, 0.0, 0.0, 0.0, 0.0, 0.0, 0.0, 0.0, 0.0, 0.0, 0.0, 0.0, 0.0, 0.0, 0.0, 0.0], [0.0, 0.0, 0.0, 1.143653340943533, 0.13419549285458413, 0.0, 1.127494787240515, 0.115238345216086, 0.0, 0.0, 0.0, 0.0, 0.0, 0.0, 0.0, 0.0, 0.0, 0.0, 0.0, 0.0, 0.0, 0.0, 0.0, 0.0, 0.9091584131137154, 0.0, 0.0, 0.0, 0.0, 0.0, 0.0, 0.0, 0.0, 0.0, 0.0, 0.0, 0.0], [0.0, 0.0, 0.0, 0.0, 0.0, 1.127494787240515, 0.0, 1.6482500720154487, 1.125585655047749, 0.0, 0.0, 0.0, 0.0, 0.0, 0.0, 0.0, 0.0, 0.0, 0.0, 0.0, 0.0, 0.0, 0.0, 0.0, 0.0, 0.0, 0.0, 0.0, 0.0, 0.0, 0.0, 0.0, 0.0, 0.0, 0.0, 0.0, 0.0], [0.0, 0.0, 0.0, 0.0, 0.0, 0.115238345216086, 1.6482500720154487, 0.0, 0.11561394558466637, 0.0, 0.0, 0.0, 0.0, 0.0, 0.0, 0.0, 0.0, 0.0, 0.0, 0.0, 0.0, 0.0, 0.0, 0.0, 0.0, 0.0, 0.0, 0.0, 0.0, 0.0, 0.0, 0.0, 0.0, 0.0, 0.0, 0.0, 0.0], [0.0, 0.0, 0.0, 0.0, 0.0, 0.0, 1.125585655047749, 0.11561394558466637, 0.0, 1.1384061066569067, 0.1314868076872868, 0.0, 0.0, 0.0, 0.0, 0.0, 0.0, 0.0, 0.0, 0.0, 0.0, 0.0, 0.0, 0.0, 0.0, 0.9088698786725047, 0.0, 0.0, 0.0, 0.0, 0.0, 0.0, 0.0, 0.0, 0.0, 0.0, 0.0], [0.0, 0.0, 0.9475161335726094, 0.0, 0.0, 0.0, 0.0, 0.0, 1.1384061066569067, 0.0, 1.747573046529887, 0.0, 0.0, 0.0, 0.0, 0.0, 0.0, 0.0, 0.0, 0.0, 0.0, 0.0, 0.0, 0.0, 0.0, 0.0, 0.0, 0.0, 0.0, 0.0, 0.0, 0.0, 0.0, 0.0, 0.0, 0.0, 0.0], [0.0, 0.0, 0.0, 0.0, 0.0, 0.0, 0.0, 0.0, 0.1314868076872868, 1.747573046529887, 0.0, 0.0, 0.0, 0.0, 0.0, 0.0, 0.0, 0.0, 0.0, 0.0, 0.0, 0.0, 0.0, 0.0, 0.0, 0.0, 0.0, 0.0, 0.0, 0.0, 0.0, 0.0, 0.0, 0.0, 0.0, 0.0, 0.0], [0.0, 0.0, 0.917057885117562, 0.0, 0.0, 0.0, 0.0, 0.0, 0.0, 0.0, 0.0, 0.0, 1.878831357854382, 0.0, 0.0, 0.0, 0.0, 0.9911444147513746, 0.0, 0.0, 0.0, 0.0, 0.0, 0.0, 0.0, 0.0, 0.0, 0.0, 0.0, 0.0, 0.0, 0.0, 0.0, 0.0, 0.0, 0.0, 0.0], [0.0, 0.0, 0.0, 0.0, 0.0, 0.0, 0.0, 0.0, 0.0, 0.0, 0.0, 1.878831357854382, 0.0, 1.0243257716831555, 0.0, 0.0, 0.0, 0.0, 0.0, 0.0, 0.0, 0.0, 0.0, 0.0, 0.0, 0.0, 0.9647801262799747, 0.0, 0.0, 0.0, 0.0, 0.0, 0.0, 0.0, 0.0, 0.0, 0.0], [0.0, 0.0, 0.0, 0.0, 0.0, 0.0, 0.0, 0.0, 0.0, 0.0, 0.0, 0.0, 1.0243257716831555, 0.0, 0.9960458517157694, 0.0, 0.0, 0.0, 0.0, 0.0, 0.0, 0.0, 0.0, 0.0, 0.0, 0.0, 0.0, 0.9577379101167337, 0.9589269632519617, 0.0, 0.0, 0.0, 0.0, 0.0, 0.0, 0.0, 0.0], [0.0, 0.0, 0.0, 0.0, 0.0, 0.0, 0.0, 0.0, 0.0, 0.0, 0.0, 0.0, 0.0, 0.9960458517157694, 0.0, 0.9954308979747815, 0.0, 0.0, 0.9984351753580797, 0.0, 0.0, 0.0, 0.0, 0.0, 0.0, 0.0, 0.0, 0.0, 0.0, 0.9711426160219846, 0.0, 0.0, 0.0, 0.0, 0.0, 0.0, 0.0], [0.0, 0.0, 0.0, 0.0, 0.0, 0.0, 0.0, 0.0, 0.0, 0.0, 0.0, 0.0, 0.0, 0.0, 0.9954308979747815, 0.0, 1.0007188660418391, 0.0, 0.0, 0.0, 0.0, 0.0, 0.0, 0.0, 0.0, 0.0, 0.0, 0.0, 0.0, 0.0, 0.9821128060062363, 0.9801754129108349, 0.0, 0.0, 0.0, 0.0, 0.0], [0.0, 0.0, 0.0, 0.0, 0.0, 0.0, 0.0, 0.0, 0.0, 0.0, 0.0, 0.0, 0.0, 0.0, 0.0, 1.0007188660418391, 0.0, 0.9806612614879013, 0.0, 0.0, 0.0, 0.0, 0.0, 0.0, 0.0, 0.0, 0.0, 0.0, 0.0, 0.0, 0.0, 0.0, 0.9799593965432891, 0.9803123209732796, 0.0, 0.0, 0.0], [0.0, 0.0, 0.0, 0.0, 0.0, 0.0, 0.0, 0.0, 0.0, 0.0, 0.0, 0.9911444147513746, 0.0, 0.0, 0.0, 0.0, 0.9806612614879013, 0.0, 0.988569495176079, 0.0, 0.0, 0.0, 0.0, 0.0, 0.0, 0.0, 0.0, 0.0, 0.0, 0.0, 0.0, 0.0, 0.0, 0.0, 0.9644686788696298, 0.0, 0.0], [0.0, 0.0, 0.0, 0.0, 0.0, 0.0, 0.0, 0.0, 0.0, 0.0, 0.0, 0.0, 0.0, 0.0, 0.9984351753580797, 0.0, 0.0, 0.988569495176079, 0.0, 0.0, 0.0, 0.0, 0.0, 0.0, 0.0, 0.0, 0.0, 0.0, 0.0, 0.0, 0.0, 0.0, 0.0, 0.0, 0.0, 0.9772040827097456, 0.9756685011667399], [0.9845578700980067, 0.0, 0.0, 0.0, 0.0, 0.0, 0.0, 0.0, 0.0, 0.0, 0.0, 0.0, 0.0, 0.0, 0.0, 0.0, 0.0, 0.0, 0.0, 0.0, 0.0, 0.0, 0.0, 0.0, 0.0, 0.0, 0.0, 0.0, 0.0, 0.0, 0.0, 0.0, 0.0, 0.0, 0.0, 0.0, 0.0], [0.9868073709281135, 0.0, 0.0, 0.0, 0.0, 0.0, 0.0, 0.0, 0.0, 0.0, 0.0, 0.0, 0.0, 0.0, 0.0, 0.0, 0.0, 0.0, 0.0, 0.0, 0.0, 0.0, 0.0, 0.0, 0.0, 0.0, 0.0, 0.0, 0.0, 0.0, 0.0, 0.0, 0.0, 0.0, 0.0, 0.0, 0.0], [0.9866812561090115, 0.0, 0.0, 0.0, 0.0, 0.0, 0.0, 0.0, 0.0, 0.0, 0.0, 0.0, 0.0, 0.0, 0.0, 0.0, 0.0, 0.0, 0.0, 0.0, 0.0, 0.0, 0.0, 0.0, 0.0, 0.0, 0.0, 0.0, 0.0, 0.0, 0.0, 0.0, 0.0, 0.0, 0.0, 0.0, 0.0], [0.0, 0.9708283693021215, 0.0, 0.0, 0.0, 0.0, 0.0, 0.0, 0.0, 0.0, 0.0, 0.0, 0.0, 0.0, 0.0, 0.0, 0.0, 0.0, 0.0, 0.0, 0.0, 0.0, 0.0, 0.0, 0.0, 0.0, 0.0, 0.0, 0.0, 0.0, 0.0, 0.0, 0.0, 0.0, 0.0, 0.0, 0.0], [0.0, 0.9741371733569147, 0.0, 0.0, 0.0, 0.0, 0.0, 0.0, 0.0, 0.0, 0.0, 0.0, 0.0, 0.0, 0.0, 0.0, 0.0, 0.0, 0.0, 0.0, 0.0, 0.0, 0.0, 0.0, 0.0, 0.0, 0.0, 0.0, 0.0, 0.0, 0.0, 0.0, 0.0, 0.0, 0.0, 0.0, 0.0], [0.0, 0.0, 0.0, 0.0, 0.0, 0.9091584131137154, 0.0, 0.0, 0.0, 0.0, 0.0, 0.0, 0.0, 0.0, 0.0, 0.0, 0.0, 0.0, 0.0, 0.0, 0.0, 0.0, 0.0, 0.0, 0.0, 0.0, 0.0, 0.0, 0.0, 0.0, 0.0, 0.0, 0.0, 0.0, 0.0, 0.0, 0.0], [0.0, 0.0, 0.0, 0.0, 0.0, 0.0, 0.0, 0.0, 0.9088698786725047, 0.0, 0.0, 0.0, 0.0, 0.0, 0.0, 0.0, 0.0, 0.0, 0.0, 0.0, 0.0, 0.0, 0.0, 0.0, 0.0, 0.0, 0.0, 0.0, 0.0, 0.0, 0.0, 0.0, 0.0, 0.0, 0.0, 0.0, 0.0], [0.0, 0.0, 0.0, 0.0, 0.0, 0.0, 0.0, 0.0, 0.0, 0.0, 0.0, 0.0, 0.9647801262799747, 0.0, 0.0, 0.0, 0.0, 0.0, 0.0, 0.0, 0.0, 0.0, 0.0, 0.0, 0.0, 0.0, 0.0, 0.0, 0.0, 0.0, 0.0, 0.0, 0.0, 0.0, 0.0, 0.0, 0.0], [0.0, 0.0, 0.0, 0.0, 0.0, 0.0, 0.0, 0.0, 0.0, 0.0, 0.0, 0.0, 0.0, 0.9577379101167337, 0.0, 0.0, 0.0, 0.0, 0.0, 0.0, 0.0, 0.0, 0.0, 0.0, 0.0, 0.0, 0.0, 0.0, 0.0, 0.0, 0.0, 0.0, 0.0, 0.0, 0.0, 0.0, 0.0], [0.0, 0.0, 0.0, 0.0, 0.0, 0.0, 0.0, 0.0, 0.0, 0.0, 0.0, 0.0, 0.0, 0.9589269632519617, 0.0, 0.0, 0.0, 0.0, 0.0, 0.0, 0.0, 0.0, 0.0, 0.0, 0.0, 0.0, 0.0, 0.0, 0.0, 0.0, 0.0, 0.0, 0.0, 0.0, 0.0, 0.0, 0.0], [0.0, 0.0, 0.0, 0.0, 0.0, 0.0, 0.0, 0.0, 0.0, 0.0, 0.0, 0.0, 0.0, 0.0, 0.9711426160219846, 0.0, 0.0, 0.0, 0.0, 0.0, 0.0, 0.0, 0.0, 0.0, 0.0, 0.0, 0.0, 0.0, 0.0, 0.0, 0.0, 0.0, 0.0, 0.0, 0.0, 0.0, 0.0], [0.0, 0.0, 0.0, 0.0, 0.0, 0.0, 0.0, 0.0, 0.0, 0.0, 0.0, 0.0, 0.0, 0.0, 0.0, 0.9821128060062363, 0.0, 0.0, 0.0, 0.0, 0.0, 0.0, 0.0, 0.0, 0.0, 0.0, 0.0, 0.0, 0.0, 0.0, 0.0, 0.0, 0.0, 0.0, 0.0, 0.0, 0.0], [0.0, 0.0, 0.0, 0.0, 0.0, 0.0, 0.0, 0.0, 0.0, 0.0, 0.0, 0.0, 0.0, 0.0, 0.0, 0.9801754129108349, 0.0, 0.0, 0.0, 0.0, 0.0, 0.0, 0.0, 0.0, 0.0, 0.0, 0.0, 0.0, 0.0, 0.0, 0.0, 0.0, 0.0, 0.0, 0.0, 0.0, 0.0], [0.0, 0.0, 0.0, 0.0, 0.0, 0.0, 0.0, 0.0, 0.0, 0.0, 0.0, 0.0, 0.0, 0.0, 0.0, 0.0, 0.9799593965432891, 0.0, 0.0, 0.0, 0.0, 0.0, 0.0, 0.0, 0.0, 0.0, 0.0, 0.0, 0.0, 0.0, 0.0, 0.0, 0.0, 0.0, 0.0, 0.0, 0.0], [0.0, 0.0, 0.0, 0.0, 0.0, 0.0, 0.0, 0.0, 0.0, 0.0, 0.0, 0.0, 0.0, 0.0, 0.0, 0.0, 0.9803123209732796, 0.0, 0.0, 0.0, 0.0, 0.0, 0.0, 0.0, 0.0, 0.0, 0.0, 0.0, 0.0, 0.0, 0.0, 0.0, 0.0, 0.0, 0.0, 0.0, 0.0], [0.0, 0.0, 0.0, 0.0, 0.0, 0.0, 0.0, 0.0, 0.0, 0.0, 0.0, 0.0, 0.0, 0.0, 0.0, 0.0, 0.0, 0.9644686788696298, 0.0, 0.0, 0.0, 0.0, 0.0, 0.0, 0.0, 0.0, 0.0, 0.0, 0.0, 0.0, 0.0, 0.0, 0.0, 0.0, 0.0, 0.0, 0.0], [0.0, 0.0, 0.0, 0.0, 0.0, 0.0, 0.0, 0.0, 0.0, 0.0, 0.0, 0.0, 0.0, 0.0, 0.0, 0.0, 0.0, 0.0, 0.9772040827097456, 0.0, 0.0, 0.0, 0.0, 0.0, 0.0, 0.0, 0.0, 0.0, 0.0, 0.0, 0.0, 0.0, 0.0, 0.0, 0.0, 0.0, 0.0], [0.0, 0.0, 0.0, 0.0, 0.0, 0.0, 0.0, 0.0, 0.0, 0.0, 0.0, 0.0, 0.0, 0.0, 0.0, 0.0, 0.0, 0.0, 0.9756685011667399, 0.0, 0.0, 0.0, 0.0, 0.0, 0.0, 0.0, 0.0, 0.0, 0.0, 0.0, 0.0, 0.0, 0.0, 0.0, 0.0, 0.0, 0.0]], "Born radii": [], "Atomic SASAs": [], "Solvent H bonds": [], "Total SASA": NaN, "Total FOD": 0.0, "FOD": [0.0, 0.0, 0.0, 0.0, 0.0, 0.0, 0.0, 0.0, 0.0, 0.0, 0.0, 0.0, 0.0, 0.0, 0.0, 0.0, 0.0, 0.0, 0.0, 0.0, 0.0, 0.0, 0.0, 0.0, 0.0, 0.0, 0.0, 0.0, 0.0, 0.0, 0.0, 0.0, 0.0, 0.0, 0.0, 0.0, 0.0], "FOD s proportion": [0.0, 0.0, 0.0, 0.0, 0.0, 0.0, 0.0, 0.0, 0.0, 0.0, 0.0, 0.0, 0.0, 0.0, 0.0, 0.0, 0.0, 0.0, 0.0, 0.0, 0.0, 0.0, 0.0, 0.0, 0.0, 0.0, 0.0, 0.0, 0.0, 0.0, 0.0, 0.0, 0.0, 0.0, 0.0, 0.0, 0.0], "FOD p proportion": [0.0, 0.0, 0.0, 0.0, 0.0, 0.0, 0.0, 0.0, 0.0, 0.0, 0.0, 0.0, 0.0, 0.0, 0.0, 0.0, 0.0, 0.0, 0.0, 0.0, 0.0, 0.0, 0.0, 0.0, 0.0, 0.0, 0.0, 0.0, 0.0, 0.0, 0.0, 0.0, 0.0, 0.0, 0.0, 0.0, 0.0], "FOD d proportion": [0.0, 0.0, 0.0, 0.0, 0.0, 0.0, 0.0, 0.0, 0.0, 0.0, 0.0, 0.0, 0.0, 0.0, 0.0, 0.0, 0.0, 0.0, 0.0, 0.0, 0.0, 0.0, 0.0, 0.0, 0.0, 0.0, 0.0, 0.0, 0.0, 0.0, 0.0, 0.0, 0.0, 0.0, 0.0, 0.0, 0.0], "coordinates": [["-3.10380", "-2.11270", "0.17160"], ["-1.60620", "-1.81710", "0.25400"], ["-1.24160", "-0.30720", "0.24960"], ["-1.89970", "0.38010", "1.45710"], ["-2.11990", "-0.17630", "2.53290"], ["-2.19370", "1.70950", "1.31790"], ["-2.38490", "2.34440", "0.13370"], ["-2.98480", "3.41260", "0.07100"], ["-1.96490", "1.70310", "-0.98580"], ["-1.70250", "0.36260", "-1.05070"], ["-1.79980", "-0.22180", "-2.12940"], ["0.30670", "-0.17090", "0.32750"], ["0.99270", "0.25350", "1.41480"], ["2.50110", "0.33400", "1.45550"], ["3.16710", "-0.02670", "0.11390"], ["2.92510", "1.06020", "-0.94840"], ["1.62090", "0.66170", "-1.65530"], ["1.12350", "-0.58630", "-0.90680"], ["2.44800", "-1.23560", "-0.48160"], ["-3.26640", "-3.19570", "0.16980"], ["-3.54590", "-1.71150", "-0.74470"], ["-3.64970", "-1.70070", "1.02470"], ["-1.12750", "-2.33320", "-0.58710"], ["-1.21540", "-2.29130", "1.16440"], ["-2.62700", "2.14810", "2.11880"], ["-2.26030", "2.12900", "-1.85370"], ["0.49660", "0.52810", "2.34250"], ["2.85160", "-0.36360", "2.22620"], ["2.80410", "1.33930", "1.76970"], ["4.23690", "-0.20370", "0.26340"], ["3.74450", "1.06670", "-1.67690"], ["2.86410", "2.06430", "-0.51610"], ["1.83630", "0.40940", "-2.70080"], ["0.90150", "1.48630", "-1.66130"], ["0.56570", "-1.26000", "-1.56130"], ["2.31760", "-2.05500", "0.23380"], ["2.99000", "-1.62340", "-1.35280"]], "bond_dist": [[0.0, 1.5287167428925479, 2.594937974210559, 3.0522809339901857, 3.2083394240634826, 4.092859457640831, 4.514863677897705, 5.527496852102224, 4.146926284611291, 3.095927820541041, 3.2512335828112997, 3.927645897990296, 4.8913966236648605, 6.248971444165832, 6.6090023528517525, 6.904297909273613, 5.775608111705641, 4.622002683902292, 5.658485476697806, 1.0951397171137573, 1.0936267827737212, 1.093403136999341, 2.1283814578218823, 2.1409353937006133, 4.708857899745967, 4.775494867550377, 4.964827450173873, 6.538158848636212, 7.026628638258891, 7.585419219133509, 7.773335802601094, 7.316836112692425, 6.246299558938876, 5.688123724041171, 4.146717973289237, 5.42206382201464, 6.300603803604858], [1.5287167428925479, 0.0, 1.5533031030677817, 2.5221577468508984, 2.8547324813369115, 3.7301403485659894, 4.235437171060386, 5.4114498103558155, 3.749343645226455, 2.5421659800256946, 2.874553636653872, 2.524789714015803, 3.5198184910588783, 4.789649961114069, 5.099956182164706, 5.500663663595512, 4.494891582674715, 3.211477443482984, 4.161224248944054, 2.1596045100897525, 2.1842594030929567, 2.1871030382677445, 1.0967962937574143, 1.0983708117024962, 4.499146888022216, 4.521277619213401, 3.779360148226152, 5.08667041688372, 5.631247955826488, 6.061762576181947, 6.377669459920293, 5.970083924033229, 5.05360777464971, 4.568302194470064, 2.884930520827148, 3.931057222936344, 4.872820576421833], [2.594937974210559, 1.5533031030677817, 0.0, 1.5373786618787189, 2.4498988938321515, 2.4728198862836734, 2.889904887708244, 4.11187989124196, 2.4679307405192716, 1.5335713025484012, 2.4451015111851695, 1.5562387316861126, 2.581505766021064, 3.984110382506991, 4.419698002126389, 4.546028557983331, 3.572298625535105, 2.6474243671916295, 3.8742390427024507, 3.5284012427727096, 2.8758458703484093, 2.8881772573718534, 2.1949400219595985, 2.184993887863305, 3.3825640999100073, 3.37589855001598, 2.845926165591792, 4.545812882202697, 4.624862673636915, 5.4794949530043375, 5.519075707942409, 4.802820133005191, 4.323406542299717, 3.3854185369020473, 2.730113539763502, 3.9652186724063534, 4.71237803661803], [3.0522809339901857, 2.5221577468508984, 1.5373786618787189, 0.0, 1.2310217869721072, 1.3686186466653159, 2.4177016131028246, 3.5063900909624985, 2.7789099391667946, 2.5156022996491316, 3.6380277445341176, 2.5392514881358244, 2.895478304183956, 4.401041741451676, 5.257578788758186, 5.433936078019321, 4.707542530875318, 3.9574853644707266, 5.027080611050513, 4.03873195693896, 3.454372336619201, 2.7530343986227273, 3.4838259672377436, 2.7731422141678923, 2.0230264901874118, 3.761659236294537, 2.558923767914941, 4.870262435434049, 4.810771023443124, 6.278821680060679, 6.492331568858756, 5.4243744634750275, 5.58987360322217, 4.335299117708027, 4.228340540921462, 5.021134751229049, 5.9848739627497585], [3.2083394240634826, 2.8547324813369115, 2.4498988938321515, 1.2310217869721072, 0.0, 2.2445295899141096, 3.4900306775156, 4.4372521711076995, 3.9921697170836814, 3.6478520981531037, 4.673497143467619, 3.279055638442263, 3.335139338918241, 4.7722990109589745, 5.816039043885453, 6.253031819845474, 5.677750248117647, 4.745448308642715, 5.574498825006604, 4.0019345596848535, 3.890112697596305, 2.6341508385056467, 3.9206473151764114, 2.676590648567689, 2.414842558014911, 4.957456990231988, 2.7163401425447438, 4.984471730283962, 5.208194850425625, 6.749836090602497, 7.325206645549325, 6.257551067310597, 6.586818550711717, 5.429954913256647, 5.014910436887183, 5.339174163669884, 6.580565394401913], [4.092859457640831, 3.7301403485659894, 2.4728198862836734, 1.3686186466653159, 2.2445295899141096, 0.0, 1.3571975132603213, 2.254140286228876, 2.3150429996006556, 2.768696987754348, 3.9710142520519867, 3.2815844465745503, 3.504635583052823, 4.8940863345470325, 5.76213355277366, 5.635585117802765, 4.9486337750938905, 4.606929950628727, 5.78421932070353, 5.150709265722537, 4.217345681824055, 3.7195922195853677, 4.594478287031075, 4.121532940545301, 1.0107223456518606, 3.1999159942098476, 3.1117881049325966, 5.529720118595516, 5.031816383772365, 6.791533026497037, 6.681634389877974, 5.391732549005004, 5.837902851195795, 4.301826811948618, 4.972123414598636, 5.974827256917141, 6.716517445075238], [4.514863677897705, 4.235437171060386, 2.889904887708244, 2.4177016131028246, 3.4900306775156, 1.3571975132603213, 0.0, 1.2267283888457134, 1.3568146299329173, 2.4074892232365235, 3.471216798184752, 3.6890382337406047, 4.1738785056587355, 5.446270228330578, 6.037152577995689, 5.569219878043962, 4.698769405918958, 4.688338010425443, 6.045818100141618, 5.60990672560605, 4.309272835409704, 4.3308698952981715, 4.8969938901330075, 4.8907859521757855, 2.009419844134122, 2.0029181411131107, 4.059653357122994, 6.255617675337904, 5.53285125500406, 7.096327989883219, 6.517693918097106, 5.296479684658481, 5.440325788957863, 3.8417164874571363, 4.956890630223749, 6.440360752318149, 6.844170446445647], [5.527496852102224, 5.4114498103558155, 4.11187989124196, 3.5063900909624985, 4.4372521711076995, 2.254140286228876, 1.2267283888457134, 0.0, 2.253755199661223, 3.4935661121553143, 4.410765071957472, 4.872497998973421, 5.254161921753078, 6.441251199883451, 7.048155681453126, 6.442040059639493, 5.63560422581288, 5.815962769825817, 7.171223454892478, 6.615035063399135, 5.2188696582689245, 5.243803256225389, 6.074279919463706, 6.07130753050774, 2.433200758260608, 2.4242523177260242, 5.05966386828216, 7.2779212993821245, 6.37930386405915, 8.07883619960202, 7.337702617986095, 6.030939438429142, 6.320212867459449, 4.670634075797418, 6.091276081413484, 7.618175592620585, 7.942716001469522], [4.146926284611291, 3.749343645226455, 2.4679307405192716, 2.7789099391667946, 3.9921697170836814, 2.3150429996006556, 1.3568146299329173, 2.253755199661223, 0.0, 1.3674816342459595, 2.2450654734327906, 3.2244068369236536, 4.075735305438762, 5.270629611346258, 5.526207753061768, 4.932222538572241, 3.7935083827507223, 3.8452318421650467, 5.325773346660559, 5.19880323247572, 3.770568043412027, 4.297268403299938, 4.141487430863458, 4.597862726310998, 3.2054551268111675, 1.010891873545336, 4.303160250327658, 6.147102174195577, 5.519827143126857, 6.60747380774226, 5.786179441565912, 4.865215774248867, 4.366234777242287, 2.9528886619715276, 3.9389209461475616, 5.826709707888321, 5.979241194332271], [3.095927820541041, 2.5421659800256946, 1.5335713025484012, 2.5156022996491316, 3.6478520981531037, 2.768696987754348, 2.4074892232365235, 3.4935661121553143, 1.3674816342459595, 0.0, 1.2306845005930642, 2.4941816553731604, 3.654407763236062, 4.8940892268122775, 5.022036619739048, 4.681003397777019, 3.3911634478450017, 2.9845258283352143, 4.483834107100753, 4.073929595611588, 2.7917110111900914, 3.5151216038709103, 2.7951543070106166, 3.491005532794241, 3.75345717306059, 2.0189400189208198, 4.046879946329023, 5.657319759391368, 5.405371644022268, 6.109339314524935, 5.527901251831476, 4.9025927436408585, 3.9048848497747026, 2.901094629618276, 2.835185066269925, 4.863736631438837, 5.104411490074051], [3.2512335828112997, 2.874553636653872, 2.4451015111851695, 3.6380277445341176, 4.673497143467619, 3.9710142520519867, 3.471216798184752, 4.410765071957472, 2.2450654734327906, 1.2306845005930642, 0.0, 3.2367098526126807, 4.537104801522663, 5.626558669382201, 5.453490121931092, 5.036165705176906, 3.5646222170098194, 3.189560142088561, 4.667637530914328, 4.035011451037035, 2.6805718401117327, 3.9443151534835548, 2.6997567557096698, 3.933633441234707, 4.934358022073388, 2.411292470854583, 5.082685567689585, 6.37392191354742, 6.231846374069245, 6.493655853215506, 5.710013221525848, 5.4388374961934645, 3.7344523842191375, 3.2301307883737462, 2.645030642544619, 5.089039127379549, 5.050720162511482], [3.927645897990296, 2.524789714015803, 1.5562387316861126, 2.5392514881358244, 3.279055638442263, 3.2815844465745503, 3.6890382337406047, 4.872497998973421, 3.2244068369236536, 2.4941816553731604, 3.2367098526126807, 0.0, 1.3538584305605958, 2.5184716337493263, 2.871986552893311, 3.1622059673588625, 2.520285745704245, 1.5372754762891394, 2.5245582960193254, 4.684157121617506, 4.285509066610406, 4.298776202595339, 2.7511750380519233, 2.7410374276904723, 4.146457811192585, 4.078806498229599, 2.141235159901873, 3.18099213925467, 3.255403452722873, 3.930859535775859, 4.167462292570864, 3.499724954907171, 3.4419507753598104, 2.6562048716166453, 2.1956286685138724, 2.7572325455064544, 3.4832833978876883], [4.8913966236648605, 3.5198184910588783, 2.581505766021064, 2.895478304183956, 3.335139338918241, 3.504635583052823, 4.1738785056587355, 5.254161921753078, 4.075735305438762, 3.654407763236062, 4.537104801522663, 1.3538584305605958, 0.0, 1.511094735613886, 2.5492877848528597, 3.1574750814535335, 3.1601861479982474, 2.472286237473323, 2.816318494062772, 5.620225836209787, 5.396624427361978, 5.052024684223149, 3.8979313154543913, 3.3785222820043677, 4.145763289190544, 4.978212681274274, 1.0872661403722639, 2.1200687677525933, 2.1415147933180383, 3.4726916707361166, 4.218092740801226, 3.2418373509477614, 4.204061028339146, 3.3151929792999986, 3.36603363916643, 2.911922605427555, 3.8950700455832625], [6.248971444165832, 4.789649961114069, 3.984110382506991, 4.401041741451676, 4.7722990109589745, 4.8940863345470325, 5.446270228330578, 6.441251199883451, 5.270629611346258, 4.8940892268122775, 5.626558669382201, 2.5184716337493263, 1.511094735613886, 0.0, 1.5406333275637005, 2.5467386300914354, 3.2494947253380793, 2.8853414252043037, 2.4937562390899397, 6.883012627476431, 6.752122576642104, 6.4929140892206485, 4.94498822647739, 4.559529750972133, 5.479811612637792, 6.069906061876082, 2.200559942378303, 1.0970298537414558, 1.095973872863765, 2.173298263009475, 3.4488871553009672, 2.6481906370199253, 4.209806870867118, 3.687947625712708, 3.9227147997273524, 2.689524891128543, 3.457887629753171], [6.6090023528517525, 5.099956182164706, 4.419698002126389, 5.257578788758186, 5.816039043885453, 5.76213355277366, 6.037152577995689, 7.048155681453126, 5.526207753061768, 5.022036619739048, 5.453490121931092, 2.871986552893311, 2.5492877848528597, 1.5406333275637005, 0.0, 1.538959681083296, 2.4484071638516336, 2.3518676854789264, 1.52746989168363, 7.171862244912405, 6.974246482595808, 7.078177369916638, 4.9249296857924785, 5.043636551140457, 6.505457236812798, 6.162399127774831, 3.5222196481764163, 2.162140871913761, 2.177015994429072, 1.094600972957726, 2.176207471726903, 2.2047652936310476, 3.1438428618491736, 3.2516837792134705, 3.3308566300577995, 2.2022777186358673, 2.1753216290930406], [6.904297909273613, 5.500663663595512, 4.546028557983331, 5.433936078019321, 6.253031819845474, 5.635585117802765, 5.569219878043962, 6.442040059639493, 4.932222538572241, 4.681003397777019, 5.036165705176906, 3.1622059673588625, 3.1574750814535335, 2.5467386300914354, 1.538959681083296, 0.0, 1.5360493156145736, 2.4409947500967717, 2.390862666486722, 7.59590207282848, 7.042560300061335, 7.3988977192552134, 5.29804379087225, 5.7306383885218235, 6.43560849182111, 5.371245171280119, 4.124410923998723, 3.4800422195714806, 2.7350695457337095, 2.1878577855975925, 1.0964355247801851, 1.0949068910185924, 2.1633150117354614, 2.1874059019761285, 3.3653740965901546, 3.3869048008469327, 2.714674995280282], [5.775608111705641, 4.494891582674715, 3.572298625535105, 4.707542530875318, 5.677750248117647, 4.9486337750938905, 4.698769405918958, 5.63560422581288, 3.7935083827507223, 3.3911634478450017, 3.5646222170098194, 2.520285745704245, 3.1601861479982474, 3.2494947253380793, 2.4484071638516336, 1.5360493156145736, 0.0, 1.5379086481322615, 2.3793724781967196, 6.48816045270152, 5.758219589421716, 6.367303834434163, 4.202877563051296, 4.97147008238006, 5.873488757118719, 4.1540396351021975, 4.155033608769007, 4.199036178696249, 3.686424961938056, 3.357645432442205, 2.161982543870324, 2.1933102014990946, 1.0968694999862107, 1.0943205746032558, 2.1943595717201863, 3.381500937453663, 2.6809742762659994], [4.622002683902292, 3.211477443482984, 2.6474243671916295, 3.9574853644707266, 4.745448308642715, 4.606929950628727, 4.688338010425443, 5.815962769825817, 3.8452318421650467, 2.9845258283352143, 3.189560142088561, 1.5372754762891394, 2.472286237473323, 2.8853414252043037, 2.3518676854789264, 2.4409947500967717, 1.5379086481322615, 0.0, 1.5351500838680237, 5.219124249335323, 4.805793150979347, 5.268398034507264, 2.867205730323515, 3.559121752623813, 5.54052786023137, 4.440672937742657, 3.4918249469296136, 3.5849147688613185, 3.7008112583594426, 3.347986015502455, 3.192977295566005, 3.1949984679182557, 2.172081566148012, 2.216805135775357, 1.0924206058107837, 2.209959922713532, 2.1813561515717694], [5.658485476697806, 4.161224248944054, 3.8742390427024507, 5.027080611050513, 5.574498825006604, 5.78421932070353, 6.045818100141618, 7.171223454892478, 5.325773346660559, 4.483834107100753, 4.667637530914328, 2.5245582960193254, 2.816318494062772, 2.4937562390899397, 1.52746989168363, 2.390862666486722, 2.3793724781967196, 1.5351500838680237, 0.0, 6.076239077751961, 6.018516397751194, 6.298190453614434, 3.7416649048251234, 4.152627848724227, 6.630771512425985, 5.94737593061007, 3.859292740904737, 2.8732312472197568, 3.438788872553824, 2.1954511654782944, 2.90004131522294, 3.326209474762526, 2.8293197998812367, 3.3454587054692513, 2.1701153748130535, 1.0955444673768382, 1.096878425350777], [1.0951397171137573, 2.1596045100897525, 3.5284012427727096, 4.03873195693896, 4.0019345596848535, 5.150709265722537, 5.60990672560605, 6.615035063399135, 5.19880323247572, 4.073929595611588, 4.035011451037035, 4.684157121617506, 5.620225836209787, 6.883012627476431, 7.171862244912405, 7.59590207282848, 6.48816045270152, 5.219124249335323, 6.076239077751961, 0.0, 1.765582096646882, 1.7643123022866445, 2.4272818274769823, 2.4522988235531167, 5.723952463114975, 5.784394484299978, 5.72254145725481, 7.048368277126275, 7.74447385301287, 8.078386958421836, 8.410176779354877, 8.106854449168308, 6.875655434938549, 6.5303477411237445, 4.629107053201514, 5.699679683105007, 6.6281957582738915], [1.0936267827737212, 2.1842594030929567, 2.8758458703484093, 3.454372336619201, 3.890112697596305, 4.217345681824055, 4.309272835409704, 5.2188696582689245, 3.770568043412027, 2.7917110111900914, 2.6805718401117327, 4.285509066610406, 5.396624427361978, 6.752122576642104, 6.974246482595808, 7.042560300061335, 5.758219589421716, 4.805793150979347, 6.018516397751194, 1.765582096646882, 0.0, 1.7724749476367785, 2.5020006414867284, 3.0679082613402895, 4.89290523309005, 4.199058062232529, 5.557734992782582, 7.181301237937315, 7.480112833373571, 7.991351718576777, 7.85731024206121, 7.442917680587366, 6.106768446568119, 5.553867765800694, 4.216152555351858, 5.954501385506599, 6.564719036638202], [1.093403136999341, 2.1871030382677445, 2.8881772573718534, 2.7530343986227273, 2.6341508385056467, 3.7195922195853677, 4.3308698952981715, 5.243803256225389, 4.297268403299938, 3.5151216038709103, 3.9443151534835548, 4.298776202595339, 5.052024684223149, 6.4929140892206485, 7.078177369916638, 7.3988977192552134, 6.367303834434163, 5.268398034507264, 6.298190453614434, 1.7643123022866445, 1.7724749476367785, 0.0, 3.0593215473369257, 2.5088126554208867, 4.129919071846324, 4.988208196336636, 4.888348388770996, 6.7452457590513335, 7.172737234835806, 8.063438860064606, 8.344539469617242, 7.67977083512262, 6.959027824344433, 6.171303463612854, 4.964998454179014, 6.029902204016247, 7.052949569506364], [2.1283814578218823, 1.0967962937574143, 2.1949400219595985, 3.4838259672377436, 3.9206473151764114, 4.594478287031075, 4.8969938901330075, 6.074279919463706, 4.141487430863458, 2.7951543070106166, 2.6997567557096698, 2.7511750380519233, 3.8979313154543913, 4.94498822647739, 4.9249296857924785, 5.29804379087225, 4.202877563051296, 2.867205730323515, 3.7416649048251234, 2.4272818274769823, 2.5020006414867284, 3.0593215473369257, 0.0, 1.7542047400460417, 5.445405838870047, 4.774802638853255, 4.405371114900537, 5.2561599918571735, 5.87360545576565, 5.833944451226802, 6.0401463599816845, 5.939353315808043, 4.557816680166065, 4.456380469618814, 2.2288450192868954, 3.5524619716472685, 4.2478134116272095], [2.1409353937006133, 1.0983708117024962, 2.184993887863305, 2.7731422141678923, 2.676590648567689, 4.121532940545301, 4.8907859521757855, 6.07130753050774, 4.597862726310998, 3.491005532794241, 3.933633441234707, 2.7410374276904723, 3.3785222820043677, 4.559529750972133, 5.043636551140457, 5.7306383885218235, 4.97147008238006, 3.559121752623813, 4.152627848724227, 2.4522988235531167, 3.0679082613402895, 2.5088126554208867, 1.7542047400460417, 0.0, 4.755183096369686, 5.453420551360403, 3.5025533500576405, 4.624276757504896, 5.450139878938889, 5.907406372512391, 6.6294613431258504, 6.199810630978982, 5.61662037349864, 5.170697038117782, 3.415455663597465, 3.6611395835176785, 4.946491222068427], [4.708857899745967, 4.499146888022216, 3.3825640999100073, 2.0230264901874118, 2.414842558014911, 1.0107223456518606, 2.009419844134122, 2.433200758260608, 3.2054551268111675, 3.75345717306059, 4.934358022073388, 4.146457811192585, 4.145763289190544, 5.479811612637792, 6.505457236812798, 6.43560849182111, 5.873488757118719, 5.54052786023137, 6.630771512425985, 5.723952463114975, 4.89290523309005, 4.129919071846324, 5.445405838870047, 4.755183096369686, 0.0, 3.989434790794305, 3.5258075174348353, 6.027871067798315, 5.5020791942682905, 7.4890984510820795, 7.494850011841464, 6.091132871642187, 6.795047368488317, 5.21319935356399, 5.945722404384516, 6.7578357312086235, 7.604400555599369], [4.775494867550377, 4.521277619213401, 3.37589855001598, 3.761659236294537, 4.957456990231988, 3.1999159942098476, 2.0029181411131107, 2.4242523177260242, 1.010891873545336, 2.0189400189208198, 2.411292470854583, 4.078806498229599, 4.978212681274274, 6.069906061876082, 6.162399127774831, 5.371245171280119, 4.1540396351021975, 4.440672937742657, 5.94737593061007, 5.784394484299978, 4.199058062232529, 4.988208196336636, 4.774802638853255, 5.453420551360403, 3.989434790794305, 0.0, 5.269864595983467, 6.999297134712886, 6.277005736017771, 7.220610053174178, 6.100603459494806, 5.296492727267734, 4.522912129369749, 3.2321912520765226, 4.422340416566776, 6.543751268194719, 6.472793574647658], [4.964827450173873, 3.779360148226152, 2.845926165591792, 2.558923767914941, 2.7163401425447438, 3.1117881049325966, 4.059653357122994, 5.05966386828216, 4.303160250327658, 4.046879946329023, 5.082685567689585, 2.141235159901873, 1.0872661403722639, 2.200559942378303, 3.5222196481764163, 4.124410923998723, 4.155033608769007, 3.4918249469296136, 3.859292740904737, 5.72254145725481, 5.557734992782582, 4.888348388770996, 4.405371114900537, 3.5025533500576405, 3.5258075174348353, 5.269864595983467, 0.0, 2.52084898000