{"total energy": -52.96781811, "HOMO-LUMO gap/eV": 2.63284251, "electronic energy": -53.61356473, "dipole": [0.18828644, -0.51274977, 0.01375334], "partial charges": [-0.38959831, 0.28215239, -0.16780061, 0.33948054, -0.42527966, -0.17241017, 0.28467641, -0.3867335, -0.02312702, -0.00651323, -0.10690922, -0.11077333, -0.05411168, -0.07226376, 0.01111547, -0.10872956, -0.10868825, 0.23100882, 0.23105634, 0.06159798, 0.05145118, 0.03700323, 0.03038066, 0.04615718, 0.04637601, 0.05338234, 0.05650752, 0.06934442, 0.02791947, 0.0455234, 0.03714257, 0.04797608, 0.04544149, 0.04907571, 0.04816907], "atomic dipole moments": [[-0.11285232, 0.10435042, -0.11384708], [-0.00364183, 0.08404812, 0.01739752], [-0.04442883, -0.00648113, -0.02601517], [0.02031174, -0.08277238, -0.03283124], [0.0468705, -0.19860176, -0.07421943], [0.07354287, 0.01498047, 0.00685247], [-0.02949629, 0.07926481, 0.04006201], [0.04835133, 0.01743324, 0.18247246], [-0.00588835, 0.01414954, 0.014051], [-0.02997737, 0.11714916, -0.06001317], [0.0889786, -0.01931845, -0.05976376], [0.04187579, 0.06378161, 0.10284801], [-0.08784537, 0.0966879, 0.09075136], [-0.11590451, -0.10800078, 0.00779724], [0.14615588, 0.03942047, 0.04506542], [-0.03482515, -0.05814512, 0.02716338], [-0.03599977, 0.04416953, -0.05078172], [0.05553657, 0.04830484, 0.11703523], [-0.07232598, 0.09139444, -0.06996536], [0.06589711, -0.08406748, 0.06851776], [-0.05872896, -0.10592799, 0.04158421], [-0.09234472, 0.06696202, -0.05843021], [0.03042835, 0.06138932, 0.10773209], [0.09564521, -0.0491613, -0.06909961], [-0.06524131, -0.10358872, 0.03498194], [-0.08157038, 0.06270533, -0.08065338], [0.06833219, -0.1002869, 0.04222847], [-0.03249523, -0.0485249, -0.11373147], [-0.05474241, 0.08772691, -0.10646046], [0.0257544, 0.08345594, 0.09528418], [-0.06556347, 0.06862354, -0.08651584], [0.10967282, -0.03321232, -0.06014894], [0.1111569, -0.04278955, -0.04782311], [-0.05475741, -0.10778206, 0.04588564], [0.02397255, 0.07049074, 0.10727295]], "atomic quadrupole moments": [[0.11062156, 0.07175695, -0.06944674, -0.12720742, -0.06854227, -0.04117482], [0.22829411, 0.19624245, -0.11383939, -0.37362087, -0.10017334, -0.11445471], [0.0117227, -0.061412, 0.05688446, -0.03052317, -0.06228699, -0.06860716], [0.07288724, 0.16919992, -0.15170733, -0.24765497, -0.1774634, 0.07882009], [0.0053154, 0.05759779, -0.00837826, -0.12464132, -0.04342174, 0.00306286], [-0.04198323, 0.05492468, -0.00908286, -0.02442245, 0.085427, 0.05106609], [0.24303953, 0.3421826, 0.01235188, -0.21361017, -0.0437441, -0.25539141], [0.09249113, 0.1508309, -0.02674911, -0.07394523, -0.03533634, -0.06574201], [-0.05083105, -0.05918593, 0.00589861, 0.04591142, 0.01177775, 0.04493244], [-0.00771019, 0.13209212, 0.00940276, -0.10807825, 0.08604986, -0.00169257], [0.08781762, -0.06405808, -0.0822527, -0.14384372, 0.06819769, -0.00556492], [-0.07933489, 0.0733781, -0.04068702, 0.06520448, 0.14008424, 0.12002191], [0.09142491, 0.02051412, -0.02933791, -0.17319384, 0.01527325, -0.06208699], [-0.22662565, -0.07623491, 0.12818085, -0.3057493, 0.24145025, 0.09844479], [-0.28701009, -0.19243381, 0.09553258, -0.25579311, 0.16915886, 0.1914775], [0.00224228, 0.11721259, 0.06900485, -0.01716039, -0.08493855, -0.07124713], [0.0085371, -0.04770422, -0.02353371, 0.10005725, -0.09647694, 0.01499662], [-0.01124604, -0.0130695, 0.00565326, 0.03707444, 0.02159903, 0.00559278], [-0.00281904, -0.03362508, 0.00213369, 0.03550329, 0.0098297, 0.00068535], [0.01261827, -0.01157876, -0.00839446, 0.01890596, -0.00294271, -0.00422381], [-0.02254212, 0.0334423, 0.06194894, -0.01995598, -0.02105681, -0.03940682], [0.00063998, -0.04472974, -0.00802216, 0.03639779, -0.04173939, 0.00738218], [-0.01273848, 0.02344242, -0.01304231, 0.0342258, 0.05531099, 0.02578079], [0.05172599, -0.01953981, -0.04242215, -0.04437933, 0.0219965, -0.00930383], [-0.01926653, 0.0511798, 0.02447125, -0.02745649, -0.03693285, -0.00520472], [-0.00972844, -0.04350974, 0.015874, 0.03803632, -0.03265259, -0.00614556], [0.01111076, -0.02521224, -0.00724156, 0.0233327, -0.04248897, -0.0038692], [-0.00611232, 0.02705759, -0.0210583, 0.03603221, 0.01156871, 0.02717062], [0.02786564, 0.03019491, 0.00654927, 0.03918173, -0.03131319, -0.03441491], [-0.04530433, 0.01804454, -0.0010018, 0.02219972, 0.04972528, 0.04630614], [0.01226737, -0.02268373, -0.01672239, 0.05344442, -0.04109386, 0.00445502], [0.04789022, -0.03939535, -0.01977632, -0.04418732, 0.00930179, -0.0281139], [0.05077154, -0.02732679, -0.03579172, -0.05369524, 0.00124328, -0.01497982], [0.01195904, 0.05724919, 0.02726302, -0.00764765, -0.02621417, -0.03922206], [-0.04682063, 0.01321929, 0.01770138, 0.01954064, 0.05465237, 0.02911926]], "number of molecular orbitals": 86, "number of electrons": 94, "number of unpaired electrons": 0, "orbital energies/eV": [-20.48078936, -20.11847075, -20.03957264, -19.63553561, -19.2583182, -18.56876771, -18.1051454, -17.97365615, -17.50553042, -17.24827522, -17.00989972, -16.89415928, -16.64022215, -16.49129531, -16.37836518, -16.16028514, -15.87883907, -15.71079555, -15.56096957, -15.51571821, -15.28443142, -15.0811368, -14.79585376, -14.69464507, -14.47214172, -14.2008859, -14.12623089, -13.83004543, -13.78000835, -13.66344931, -13.49567673, -13.33178073, -12.99791344, -12.76763424, -12.72622239, -12.70731656, -12.68897813, -12.58429827, -12.46655985, -12.39828109, -12.32763965, -12.23629743, -12.07701645, -11.84285113, -11.68535146, -11.49913103, -10.56356217, -7.93071966, -7.10088153, -5.66502033, -5.46053949, -0.53077535, 0.01267458, 0.15666214, 1.2713387, 2.01982208, 2.14746273, 2.27595364, 2.53238691, 3.10946294, 3.30864316, 3.69170094, 3.71363172, 4.0130527, 4.09584919, 4.25808959, 4.46750407, 4.89593082, 5.00680149, 5.33814533, 5.56010912, 5.7810512, 5.82273978, 5.91656325, 6.06328417, 6.17867356, 6.8489974, 7.12224193, 7.16978123, 7.7597193, 9.86871206, 12.00901627, 14.21410786, 14.26793488, 16.22084198, 16.44509166], "fractional occupation": [2.0, 2.0, 2.0, 2.0, 2.0, 2.0, 2.0, 2.0, 2.0, 2.0, 2.0, 2.0, 2.0, 2.0, 2.0, 2.0, 2.0, 2.0, 2.0, 2.0, 2.0, 2.0, 2.0, 2.0, 2.0, 2.0, 2.0, 2.0, 2.0, 2.0, 2.0, 2.0, 2.0, 2.0, 2.0, 2.0, 2.0, 2.0, 2.0, 2.0, 2.0, 2.0, 2.0, 2.0, 2.0, 2.0, 2.0, 0.0, 0.0, 0.0, 0.0, 0.0, 0.0, 0.0, 0.0, 0.0, 0.0, 0.0, 0.0, 0.0, 0.0, 0.0, 0.0, 0.0, 0.0, 0.0, 0.0, 0.0, 0.0, 0.0, 0.0, 0.0, 0.0, 0.0, 0.0, 0.0, 0.0, 0.0, 0.0, 0.0, 0.0, 0.0, 0.0, 0.0, 0.0, 0.0], "program call": "xtb /home/svss/Project-DBcg-Debug/aqme2_20220329/End-to-End-workflows-final/example-3/QDESCP/mol_1037_rdkit_conf_4/mol_1037_rdkit_conf_4.xyz --pop --wbo --acc 0.2 --gfn 2 --chrg 0 --uhf 0 --etemp 300 --input /home/svss/Project-DBcg-Debug/aqme2_20220329/End-to-End-workflows-final/example-3/QDESCP/mol_1037_rdkit_conf_4/mol_1037_rdkit_conf_4_xtb.inp", "method": "GFN2-xTB", "xtb version": "6.3.3 (7355c4f)", "Dipole module/D": 1.389, "Total charge": 0, "Transition dipole module/D": NaN, "HOMO": -10.5636, "LUMO": -7.9307, "HOMO occupancy": 2.0, "LUMO occupancy": 0, "mulliken charges": [-0.51718, 0.47509, -0.31884, 0.57473, -0.5405, -0.32297, 0.47463, -0.51307, -0.06014, 0.00918, -0.09992, -0.09227, -0.02738, -0.0928, 0.01584, -0.08782, -0.09034, 0.28016, 0.27892, 0.04866, 0.04475, 0.03284, 0.03475, 0.0374, 0.03796, 0.04755, 0.04609, 0.05405, 0.03577, 0.03774, 0.0351, 0.03921, 0.03662, 0.04392, 0.04229], "cm5 charges": [-0.56442, 0.57424, -0.66289, 0.74346, -0.57714, -0.66784, 0.57422, -0.55995, -0.06013, -0.05635, -0.24609, -0.24021, -0.12546, -0.14995, -0.00943, -0.23201, -0.23452, 0.48265, 0.48191, 0.11112, 0.09625, 0.08774, 0.08995, 0.08989, 0.08946, 0.10306, 0.10542, 0.11359, 0.09438, 0.08946, 0.08683, 0.09088, 0.0884, 0.0988, 0.09468], "FUKUI+": [-0.139, -0.056, -0.033, -0.056, -0.146, -0.034, -0.054, -0.137, -0.003, -0.003, 0.015, 0.016, 0.009, 0.016, -0.018, 0.012, 0.013, -0.048, -0.047, -0.028, -0.036, -0.01, -0.001, -0.021, -0.036, -0.01, -0.03, -0.03, -0.006, -0.016, -0.012, -0.027, -0.03, 0.001, -0.013], "FUKUI-": [-0.043, 0.003, -0.01, 0.001, -0.065, -0.018, 0.002, -0.057, -0.014, -0.001, 0.009, 0.012, 0.009, -0.056, -0.058, 0.024, 0.023, -0.024, -0.027, -0.041, -0.032, -0.026, -0.021, -0.028, -0.037, -0.034, -0.037, -0.057, -0.058, -0.064, -0.041, -0.069, -0.069, -0.035, -0.064], "FUKUIrad": [-0.091, -0.027, -0.021, -0.028, -0.106, -0.026, -0.026, -0.097, -0.009, -0.002, 0.012, 0.014, 0.009, -0.02, -0.038, 0.018, 0.018, -0.036, -0.037, -0.035, -0.034, -0.018, -0.011, -0.025, -0.037, -0.022, -0.034, -0.044, -0.032, -0.04, -0.026, -0.048, -0.05, -0.017, -0.038], "s proportion": [1.731, 1.011, 1.423, 0.935, 1.72, 1.429, 1.011, 1.73, 1.109, 1.065, 1.016, 1.014, 1.034, 1.066, 1.095, 1.01, 1.008, 0.72, 0.721, 0.951, 0.955, 0.967, 0.965, 0.963, 0.962, 0.952, 0.954, 0.946, 0.964, 0.962, 0.965, 0.961, 0.963, 0.956, 0.958], "p proportion": [4.787, 2.514, 3.896, 2.49, 4.82, 3.894, 2.514, 4.783, 2.951, 2.926, 3.084, 3.078, 2.994, 3.026, 2.889, 3.078, 3.082, 0.0, 0.0, 0.0, 0.0, 0.0, 0.0, 0.0, 0.0, 0.0, 0.0, 0.0, 0.0, 0.0, 0.0, 0.0, 0.0, 0.0, 0.0], "d proportion": [0.0, 0.0, 0.0, 0.0, 0.0, 0.0, 0.0, 0.0, 0.0, 0.0, 0.0, 0.0, 0.0, 0.0, 0.0, 0.0, 0.0, 0.0, 0.0, 0.0, 0.0, 0.0, 0.0, 0.0, 0.0, 0.0, 0.0, 0.0, 0.0, 0.0, 0.0, 0.0, 0.0, 0.0, 0.0], "Fermi-level/eV": -9.2471, "Coordination numbers": [0.859, 2.764, 2.697, 2.703, 0.86, 2.697, 2.765, 0.859, 3.898, 3.848, 3.751, 3.751, 3.807, 2.889, 2.935, 3.756, 3.753, 0.86, 0.86, 0.923, 0.924, 0.924, 0.924, 0.924, 0.924, 0.924, 0.924, 0.924, 0.924, 0.924, 0.924, 0.924, 0.924, 0.924, 0.924], "Dispersion coefficient C6": [21.473, 22.223, 24.63, 21.231, 22.191, 24.731, 22.178, 21.417, 20.93, 20.661, 22.606, 22.681, 21.541, 29.8, 27.768, 22.633, 22.636, 0.961, 0.961, 2.181, 2.302, 2.489, 2.581, 2.369, 2.366, 2.278, 2.24, 2.093, 2.616, 2.377, 2.487, 2.345, 2.378, 2.332, 2.343], "Total dispersion C6": 11607.472574, "Total dispersion C8": 260161.872792, "Polarizability alpha": [6.213, 7.72, 7.371, 7.542, 6.316, 7.386, 7.713, 6.205, 6.503, 6.465, 6.781, 6.792, 6.607, 8.95, 8.642, 6.783, 6.784, 1.535, 1.535, 2.309, 2.373, 2.467, 2.512, 2.407, 2.405, 2.36, 2.341, 2.262, 2.529, 2.411, 2.466, 2.395, 2.411, 2.388, 2.394], "Total polarizability alpha": 162.275762, "Wiberg matrix": [[0.0, 1.742545606956279, 0.13446806512257195, 0.0, 0.0, 0.0, 0.0, 0.0, 0.0, 0.0, 0.0, 0.0, 0.0, 0.0, 0.0, 0.0, 0.0, 0.0, 0.0, 0.0, 0.0, 0.0, 0.0, 0.0, 0.0, 0.0, 0.0, 0.0, 0.0, 0.0, 0.0, 0.0, 0.0, 0.0, 0.0], [1.742545606956279, 0.0, 1.150828430009852, 0.0, 0.0, 0.0, 0.0, 0.0, 0.9563098016854303, 0.0, 0.0, 0.0, 0.0, 0.0, 0.0, 0.0, 0.0, 0.0, 0.0, 0.0, 0.0, 0.0, 0.0, 0.0, 0.0, 0.0, 0.0, 0.0, 0.0, 0.0, 0.0, 0.0, 0.0, 0.0, 0.0], [0.13446806512257195, 1.150828430009852, 0.0, 1.1299404523707477, 0.11658008351086263, 0.0, 0.0, 0.0, 0.0, 0.0, 0.0, 0.0, 0.0, 0.0, 0.0, 0.0, 0.0, 0.9099670988074486, 0.0, 0.0, 0.0, 0.0, 0.0, 0.0, 0.0, 0.0, 0.0, 0.0, 0.0, 0.0, 0.0, 0.0, 0.0, 0.0, 0.0], [0.0, 0.0, 1.1299404523707477, 0.0, 1.648662463018145, 1.1248894952665327, 0.0, 0.0, 0.0, 0.0, 0.0, 0.0, 0.0, 0.0, 0.0, 0.0, 0.0, 0.0, 0.0, 0.0, 0.0, 0.0, 0.0, 0.0, 0.0, 0.0, 0.0, 0.0, 0.0, 0.0, 0.0, 0.0, 0.0, 0.0, 0.0], [0.0, 0.0, 0.11658008351086263, 1.648662463018145, 0.0, 0.11688140831953041, 0.0, 0.0, 0.0, 0.0, 0.0, 0.0, 0.0, 0.0, 0.0, 0.0, 0.0, 0.0, 0.0, 0.0, 0.0, 0.0, 0.0, 0.0, 0.0, 0.0, 0.0, 0.0, 0.0, 0.0, 0.0, 0.0, 0.0, 0.0, 0.0], [0.0, 0.0, 0.0, 1.1248894952665327, 0.11688140831953041, 0.0, 1.1395276636390814, 0.13196206388414286, 0.0, 0.0, 0.0, 0.0, 0.0, 0.0, 0.0, 0.0, 0.0, 0.0, 0.9091059088398137, 0.0, 0.0, 0.0, 0.0, 0.0, 0.0, 0.0, 0.0, 0.0, 0.0, 0.0, 0.0, 0.0, 0.0, 0.0, 0.0], [0.0, 0.0, 0.0, 0.0, 0.0, 1.1395276636390814, 0.0, 1.7477234283099627, 0.9627901996223456, 0.0, 0.0, 0.0, 0.0, 0.0, 0.0, 0.0, 0.0, 0.0, 0.0, 0.0, 0.0, 0.0, 0.0, 0.0, 0.0, 0.0, 0.0, 0.0, 0.0, 0.0, 0.0, 0.0, 0.0, 0.0, 0.0], [0.0, 0.0, 0.0, 0.0, 0.0, 0.13196206388414286, 1.7477234283099627, 0.0, 0.0, 0.0, 0.0, 0.0, 0.0, 0.0, 0.0, 0.0, 0.0, 0.0, 0.0, 0.0, 0.0, 0.0, 0.0, 0.0, 0.0, 0.0, 0.0, 0.0, 0.0, 0.0, 0.0, 0.0, 0.0, 0.0, 0.0], [0.0, 0.9563098016854303, 0.0, 0.0, 0.0, 0.0, 0.9627901996223456, 0.0, 0.0, 0.9171991954647901, 0.0, 0.0, 0.9366140258198585, 0.0, 0.0, 0.0, 0.0, 0.0, 0.0, 0.0, 0.0, 0.0, 0.0, 0.0, 0.0, 0.0, 0.0, 0.0, 0.0, 0.0, 0.0, 0.0, 0.0, 0.0, 0.0], [0.0, 0.0, 0.0, 0.0, 0.0, 0.0, 0.0, 0.0, 0.9171991954647901, 0.0, 1.0085580836518653, 1.010481081871498, 0.0, 0.0, 0.0, 0.0, 0.0, 0.0, 0.0, 0.9623529000253873, 0.0, 0.0, 0.0, 0.0, 0.0, 0.0, 0.0, 0.0, 0.0, 0.0, 0.0, 0.0, 0.0, 0.0, 0.0], [0.0, 0.0, 0.0, 0.0, 0.0, 0.0, 0.0, 0.0, 0.0, 1.0085580836518653, 0.0, 0.0, 0.0, 0.0, 0.0, 0.0, 0.0, 0.0, 0.0, 0.0, 0.9836132171545016, 0.9862041847006169, 0.9854279996988797, 0.0, 0.0, 0.0, 0.0, 0.0, 0.0, 0.0, 0.0, 0.0, 0.0, 0.0, 0.0], [0.0, 0.0, 0.0, 0.0, 0.0, 0.0, 0.0, 0.0, 0.0, 1.010481081871498, 0.0, 0.0, 0.0, 0.0, 0.0, 0.0, 0.0, 0.0, 0.0, 0.0, 0.0, 0.0, 0.0, 0.9826786026157843, 0.9811298401779501, 0.9841480439998451, 0.0, 0.0, 0.0, 0.0, 0.0, 0.0, 0.0, 0.0, 0.0], [0.0, 0.0, 0.0, 0.0, 0.0, 0.0, 0.0, 0.0, 0.9366140258198585, 0.0, 0.0, 0.0, 0.0, 1.0186747653082469, 0.0, 0.0, 0.0, 0.0, 0.0, 0.0, 0.0, 0.0, 0.0, 0.0, 0.0, 0.0, 0.9664324497558168, 0.9584309425120362, 0.0, 0.0, 0.0, 0.0, 0.0, 0.0, 0.0], [0.0, 0.0, 0.0, 0.0, 0.0, 0.0, 0.0, 0.0, 0.0, 0.0, 0.0, 0.0, 1.0186747653082469, 0.0, 1.8769578024879416, 0.0, 0.0, 0.0, 0.0, 0.0, 0.0, 0.0, 0.0, 0.0, 0.0, 0.0, 0.0, 0.0, 0.9651795939779033, 0.0, 0.0, 0.0, 0.0, 0.0, 0.0], [0.0, 0.0, 0.0, 0.0, 0.0, 0.0, 0.0, 0.0, 0.0, 0.0, 0.0, 0.0, 0.0, 1.8769578024879416, 0.0, 1.0231229715751093, 1.0277050983851173, 0.0, 0.0, 0.0, 0.0, 0.0, 0.0, 0.0, 0.0, 0.0, 0.0, 0.0, 0.0, 0.0, 0.0, 0.0, 0.0, 0.0, 0.0], [0.0, 0.0, 0.0, 0.0, 0.0, 0.0, 0.0, 0.0, 0.0, 0.0, 0.0, 0.0, 0.0, 0.0, 1.0231229715751093, 0.0, 0.0, 0.0, 0.0, 0.0, 0.0, 0.0, 0.0, 0.0, 0.0, 0.0, 0.0, 0.0, 0.0, 0.9724383009338524, 0.984878565787445, 0.9723563710564698, 0.0, 0.0, 0.0], [0.0, 0.0, 0.0, 0.0, 0.0, 0.0, 0.0, 0.0, 0.0, 0.0, 0.0, 0.0, 0.0, 0.0, 1.0277050983851173, 0.0, 0.0, 0.0, 0.0, 0.0, 0.0, 0.0, 0.0, 0.0, 0.0, 0.0, 0.0, 0.0, 0.0, 0.0, 0.0, 0.0, 0.9716470727395471, 0.9787689029307567, 0.9697512975524031], [0.0, 0.0, 0.9099670988074486, 0.0, 0.0, 0.0, 0.0, 0.0, 0.0, 0.0, 0.0, 0.0, 0.0, 0.0, 0.0, 0.0, 0.0, 0.0, 0.0, 0.0, 0.0, 0.0, 0.0, 0.0, 0.0, 0.0, 0.0, 0.0, 0.0, 0.0, 0.0, 0.0, 0.0, 0.0, 0.0], [0.0, 0.0, 0.0, 0.0, 0.0, 0.9091059088398137, 0.0, 0.0, 0.0, 0.0, 0.0, 0.0, 0.0, 0.0, 0.0, 0.0, 0.0, 0.0, 0.0, 0.0, 0.0, 0.0, 0.0, 0.0, 0.0, 0.0, 0.0, 0.0, 0.0, 0.0, 0.0, 0.0, 0.0, 0.0, 0.0], [0.0, 0.0, 0.0, 0.0, 0.0, 0.0, 0.0, 0.0, 0.0, 0.9623529000253873, 0.0, 0.0, 0.0, 0.0, 0.0, 0.0, 0.0, 0.0, 0.0, 0.0, 0.0, 0.0, 0.0, 0.0, 0.0, 0.0, 0.0, 0.0, 0.0, 0.0, 0.0, 0.0, 0.0, 0.0, 0.0], [0.0, 0.0, 0.0, 0.0, 0.0, 0.0, 0.0, 0.0, 0.0, 0.0, 0.9836132171545016, 0.0, 0.0, 0.0, 0.0, 0.0, 0.0, 0.0, 0.0, 0.0, 0.0, 0.0, 0.0, 0.0, 0.0, 0.0, 0.0, 0.0, 0.0, 0.0, 0.0, 0.0, 0.0, 0.0, 0.0], [0.0, 0.0, 0.0, 0.0, 0.0, 0.0, 0.0, 0.0, 0.0, 0.0, 0.9862041847006169, 0.0, 0.0, 0.0, 0.0, 0.0, 0.0, 0.0, 0.0, 0.0, 0.0, 0.0, 0.0, 0.0, 0.0, 0.0, 0.0, 0.0, 0.0, 0.0, 0.0, 0.0, 0.0, 0.0, 0.0], [0.0, 0.0, 0.0, 0.0, 0.0, 0.0, 0.0, 0.0, 0.0, 0.0, 0.9854279996988797, 0.0, 0.0, 0.0, 0.0, 0.0, 0.0, 0.0, 0.0, 0.0, 0.0, 0.0, 0.0, 0.0, 0.0, 0.0, 0.0, 0.0, 0.0, 0.0, 0.0, 0.0, 0.0, 0.0, 0.0], [0.0, 0.0, 0.0, 0.0, 0.0, 0.0, 0.0, 0.0, 0.0, 0.0, 0.0, 0.9826786026157843, 0.0, 0.0, 0.0, 0.0, 0.0, 0.0, 0.0, 0.0, 0.0, 0.0, 0.0, 0.0, 0.0, 0.0, 0.0, 0.0, 0.0, 0.0, 0.0, 0.0, 0.0, 0.0, 0.0], [0.0, 0.0, 0.0, 0.0, 0.0, 0.0, 0.0, 0.0, 0.0, 0.0, 0.0, 0.9811298401779501, 0.0, 0.0, 0.0, 0.0, 0.0, 0.0, 0.0, 0.0, 0.0, 0.0, 0.0, 0.0, 0.0, 0.0, 0.0, 0.0, 0.0, 0.0, 0.0, 0.0, 0.0, 0.0, 0.0], [0.0, 0.0, 0.0, 0.0, 0.0, 0.0, 0.0, 0.0, 0.0, 0.0, 0.0, 0.9841480439998451, 0.0, 0.0, 0.0, 0.0, 0.0, 0.0, 0.0, 0.0, 0.0, 0.0, 0.0, 0.0, 0.0, 0.0, 0.0, 0.0, 0.0, 0.0, 0.0, 0.0, 0.0, 0.0, 0.0], [0.0, 0.0, 0.0, 0.0, 0.0, 0.0, 0.0, 0.0, 0.0, 0.0, 0.0, 0.0, 0.9664324497558168, 0.0, 0.0, 0.0, 0.0, 0.0, 0.0, 0.0, 0.0, 0.0, 0.0, 0.0, 0.0, 0.0, 0.0, 0.0, 0.0, 0.0, 0.0, 0.0, 0.0, 0.0, 0.0], [0.0, 0.0, 0.0, 0.0, 0.0, 0.0, 0.0, 0.0, 0.0, 0.0, 0.0, 0.0, 0.9584309425120362, 0.0, 0.0, 0.0, 0.0, 0.0, 0.0, 0.0, 0.0, 0.0, 0.0, 0.0, 0.0, 0.0, 0.0, 0.0, 0.0, 0.0, 0.0, 0.0, 0.0, 0.0, 0.0], [0.0, 0.0, 0.0, 0.0, 0.0, 0.0, 0.0, 0.0, 0.0, 0.0, 0.0, 0.0, 0.0, 0.9651795939779033, 0.0, 0.0, 0.0, 0.0, 0.0, 0.0, 0.0, 0.0, 0.0, 0.0, 0.0, 0.0, 0.0, 0.0, 0.0, 0.0, 0.0, 0.0, 0.0, 0.0, 0.0], [0.0, 0.0, 0.0, 0.0, 0.0, 0.0, 0.0, 0.0, 0.0, 0.0, 0.0, 0.0, 0.0, 0.0, 0.0, 0.9724383009338524, 0.0, 0.0, 0.0, 0.0, 0.0, 0.0, 0.0, 0.0, 0.0, 0.0, 0.0, 0.0, 0.0, 0.0, 0.0, 0.0, 0.0, 0.0, 0.0], [0.0, 0.0, 0.0, 0.0, 0.0, 0.0, 0.0, 0.0, 0.0, 0.0, 0.0, 0.0, 0.0, 0.0, 0.0, 0.984878565787445, 0.0, 0.0, 0.0, 0.0, 0.0, 0.0, 0.0, 0.0, 0.0, 0.0, 0.0, 0.0, 0.0, 0.0, 0.0, 0.0, 0.0, 0.0, 0.0], [0.0, 0.0, 0.0, 0.0, 0.0, 0.0, 0.0, 0.0, 0.0, 0.0, 0.0, 0.0, 0.0, 0.0, 0.0, 0.9723563710564698, 0.0, 0.0, 0.0, 0.0, 0.0, 0.0, 0.0, 0.0, 0.0, 0.0, 0.0, 0.0, 0.0, 0.0, 0.0, 0.0, 0.0, 0.0, 0.0], [0.0, 0.0, 0.0, 0.0, 0.0, 0.0, 0.0, 0.0, 0.0, 0.0, 0.0, 0.0, 0.0, 0.0, 0.0, 0.0, 0.9716470727395471, 0.0, 0.0, 0.0, 0.0, 0.0, 0.0, 0.0, 0.0, 0.0, 0.0, 0.0, 0.0, 0.0, 0.0, 0.0, 0.0, 0.0, 0.0], [0.0, 0.0, 0.0, 0.0, 0.0, 0.0, 0.0, 0.0, 0.0, 0.0, 0.0, 0.0, 0.0, 0.0, 0.0, 0.0, 0.9787689029307567, 0.0, 0.0, 0.0, 0.0, 0.0, 0.0, 0.0, 0.0, 0.0, 0.0, 0.0, 0.0, 0.0, 0.0, 0.0, 0.0, 0.0, 0.0], [0.0, 0.0, 0.0, 0.0, 0.0, 0.0, 0.0, 0.0, 0.0, 0.0, 0.0, 0.0, 0.0, 0.0, 0.0, 0.0, 0.9697512975524031, 0.0, 0.0, 0.0, 0.0, 0.0, 0.0, 0.0, 0.0, 0.0, 0.0, 0.0, 0.0, 0.0, 0.0, 0.0, 0.0, 0.0, 0.0]], "Born radii": [], "Atomic SASAs": [], "Solvent H bonds": [], "Total SASA": NaN, "Total FOD": 0.0, "FOD": [0.0, 0.0, 0.0, 0.0, 0.0, 0.0, 0.0, 0.0, 0.0, 0.0, 0.0, 0.0, 0.0, 0.0, 0.0, 0.0, 0.0, 0.0, 0.0, 0.0, 0.0, 0.0, 0.0, 0.0, 0.0, 0.0, 0.0, 0.0, 0.0, 0.0, 0.0, 0.0, 0.0, 0.0, 0.0], "FOD s proportion": [0.0, 0.0, 0.0, 0.0, 0.0, 0.0, 0.0, 0.0, 0.0, 0.0, 0.0, 0.0, 0.0, 0.0, 0.0, 0.0, 0.0, 0.0, 0.0, 0.0, 0.0, 0.0, 0.0, 0.0, 0.0, 0.0, 0.0, 0.0, 0.0, 0.0, 0.0, 0.0, 0.0, 0.0, 0.0], "FOD p proportion": [0.0, 0.0, 0.0, 0.0, 0.0, 0.0, 0.0, 0.0, 0.0, 0.0, 0.0, 0.0, 0.0, 0.0, 0.0, 0.0, 0.0, 0.0, 0.0, 0.0, 0.0, 0.0, 0.0, 0.0, 0.0, 0.0, 0.0, 0.0, 0.0, 0.0, 0.0, 0.0, 0.0, 0.0, 0.0], "FOD d proportion": [0.0, 0.0, 0.0, 0.0, 0.0, 0.0, 0.0, 0.0, 0.0, 0.0, 0.0, 0.0, 0.0, 0.0, 0.0, 0.0, 0.0, 0.0, 0.0, 0.0, 0.0, 0.0, 0.0, 0.0, 0.0, 0.0, 0.0, 0.0, 0.0, 0.0, 0.0, 0.0, 0.0, 0.0, 0.0], "coordinates": [["0.62110", "-0.49180", "2.03890"], ["-0.10050", "0.17240", "1.29490"], ["-0.42320", "1.45370", "1.63600"], ["-1.40240", "2.20850", "1.07650"], ["-1.66830", "3.33050", "1.49410"], ["-2.06130", "1.67050", "0.01950"], ["-1.58990", "0.62330", "-0.71600"], ["-1.91540", "0.51540", "-1.89730"], ["-0.69910", "-0.37970", "0.00520"], ["-1.53400", "-1.65670", "0.39480"], ["-2.74230", "-1.33860", "1.29170"], ["-2.01720", "-2.49390", "-0.79800"], ["0.49010", "-0.74650", "-0.92810"], ["1.36930", "0.42570", "-1.30810"], ["2.60410", "0.71970", "-0.85690"], ["3.33750", "1.93270", "-1.37030"], ["3.37600", "-0.07540", "0.16120"], ["0.00150", "1.81940", "2.47660"], ["-2.66120", "2.31690", "-0.47530"], ["-0.87970", "-2.31660", "0.98250"], ["-3.22370", "-2.26470", "1.62560"], ["-3.49760", "-0.75080", "0.76040"], ["-2.44640", "-0.78920", "2.19030"], ["-1.18060", "-2.87410", "-1.39070"], ["-2.57670", "-3.36920", "-0.44840"], ["-2.68040", "-1.92470", "-1.45550"], ["1.08310", "-1.54920", "-0.47680"], ["0.11950", "-1.15960", "-1.87480"], ["0.93190", "1.08020", "-2.06500"], ["3.57020", "2.61210", "-0.54380"], ["2.75120", "2.49370", "-2.10570"], ["4.27490", "1.63390", "-1.85080"], ["4.33110", "-0.40190", "-0.26370"], ["2.85410", "-0.96950", "0.50650"], ["3.58380", "0.54350", "1.04040"]], "bond_dist": [[0.0, 1.231017546584938, 2.244518021758792, 3.5089009817890275, 4.488667585152636, 3.9935932955172095, 3.704246619759543, 4.789776041737234, 2.427226841479799, 2.9503411379025306, 3.547934277858033, 4.360852314628414, 2.980792191683278, 3.5502138653889572, 3.712907067245287, 4.9879528716699, 3.359854202193899, 2.4325153421921106, 4.998348789350339, 2.5881029036728815, 4.253995573575506, 4.320339447311981, 3.0855996127171132, 4.547926158151647, 4.969106246600087, 5.016366814737535, 2.7677220326470646, 4.001825469707543, 4.405652715546244, 5.000172528023408, 5.534279123788391, 5.74444262048112, 4.36739610866704, 2.7500429178469195, 3.293393330593842], [1.231017546584938, 0.0, 1.3646296896960728, 2.426591308811601, 3.5314689705560203, 2.7777122619162697, 2.5427036752244647, 3.688041736477503, 1.525274552334759, 2.4921294248092334, 3.0433925938005437, 3.893985745993429, 2.4768759698458864, 3.0000136549689236, 3.4992344434175884, 4.692738127149223, 3.6650692735608694, 2.0296373789423567, 3.780168353393801, 2.626759867212837, 3.9753235264566835, 3.56065680738821, 2.6888031779957418, 4.202407122114658, 4.659784532572295, 4.31490585992325, 2.739294874598206, 3.4452317904605487, 3.6302725255826176, 4.775666683301924, 5.00846353086453, 5.583505699826946, 4.732666585551955, 3.264225992482751, 3.711677781004165], [2.244518021758792, 1.3646296896960728, 0.0, 1.3570541367241027, 2.256720598567753, 2.311589518058948, 2.753662479317318, 3.948579063410026, 2.4692073647225334, 3.5283200308362055, 3.6460535637864675, 4.903951239561829, 3.499943676689669, 3.596882686438355, 3.9897182481974833, 4.838403164268145, 4.3528269538312685, 1.0103043798776683, 3.1955196650936135, 3.8536497752131034, 4.655041027746157, 3.8830955396435973, 3.071023793460416, 5.33520575891877, 5.678261179269584, 5.10547849373592, 3.968661227668595, 4.410167436730719, 3.958939158411, 4.694748359603526, 5.015848308112996, 5.8534083993857795, 5.445684524465221, 4.229463769793991, 4.152017870867128], [3.5089009817890275, 2.426591308811601, 1.3570541367241027, 0.0, 1.2263672247740476, 1.3567764038337342, 2.4002232271186776, 3.460237426824928, 2.888095188874494, 3.9270605406588777, 3.797836418278176, 5.099440660503856, 4.041287221913335, 4.06780209572688, 4.6911196158273345, 5.341305822549389, 5.374670209417504, 2.0205479529078243, 2.001102506120064, 4.5561586122522115, 4.860880860502549, 3.6396756366467597, 3.3640290917291424, 5.654121845167469, 5.9004269159104075, 5.0127487708840945, 4.765580807204931, 4.7297408924802635, 4.07320999090398, 5.245475746774548, 5.240241295971016, 6.413344349089638, 6.440756667504216, 5.342506551236039, 5.256968579894691], [4.488667585152636, 3.5314689705560203, 2.256720598567753, 1.2263672247740476, 0.0, 2.2548822940455224, 3.495657364502419, 4.41445810717465, 4.113606190436805, 5.108684842501051, 4.795303595185606, 6.268898545996737, 5.210342829411515, 5.051455398199612, 5.531444603356341, 5.934363136849648, 6.230709406640628, 2.457022893666235, 2.4272972067713505, 5.724802435892438, 5.808857413467815, 4.5322912384355885, 4.249948486746634, 6.859809289623144, 7.034520374552909, 6.110778478230086, 5.938528509656242, 5.891240451721521, 4.9489476598565885, 5.666658382150807, 5.7611435088877965, 7.02769050328769, 7.281035019830628, 6.318026236096206, 5.963033380755134], [3.9935932955172095, 2.7777122619162697, 2.311589518058948, 1.3567764038337342, 2.2548822940455224, 0.0, 1.3637470623249754, 2.242691476775172, 2.461526634022066, 3.3895656388392896, 3.337204915794054, 4.244111028236656, 3.6399830658946755, 3.8834347116953056, 4.841286477786663, 5.580979691774554, 5.71248430982528, 3.2116437317984072, 1.0112072042860454, 4.268549398800487, 4.406419182283955, 2.911113908798486, 3.303149821004189, 4.839182336924287, 5.087547902477184, 3.935018786486286, 4.527696228768003, 4.043974176475413, 3.6949750445706666, 5.737395724542625, 5.324874602279381, 6.606571886387069, 6.725906761173545, 5.600707648145902, 5.8463253262198815], [3.704246619759543, 2.5427036752244647, 2.753662479317318, 2.4002232271186776, 3.495657364502419, 1.3637470623249754, 0.0, 1.2300659941645407, 1.5230440177486664, 2.536809305012894, 3.0344582152338164, 3.147418804353815, 2.4995476490757285, 3.0243169162639023, 4.197473260188801, 5.140224470779462, 5.090955150067617, 3.7624332459194543, 2.018390730260125, 3.4687603405251277, 4.061149714058815, 2.7761893055049396, 3.3429520173044662, 3.5853247189062247, 4.12133961837653, 2.8685108505982684, 3.4528107231645353, 2.728295843562424, 2.896210256524895, 5.532776002152988, 4.926947478916333, 6.058462052369396, 6.026097520784077, 4.876541201507478, 5.4642914170091625], [4.789776041737234, 3.688041736477503, 3.948579063410026, 3.460237426824928, 4.41445810717465, 2.242691476775172, 1.2300659941645407, 0.0, 2.4290113112128564, 3.180755693227633, 3.780317527668807, 3.2054188837030333, 2.8841238704327523, 3.3383314425023767, 4.642203237687897, 5.46620770735983, 5.708360609667192, 4.9503457273204665, 2.41323515016668, 4.16966983465118, 4.6745512415631945, 3.342153283438688, 4.323472669047418, 3.5050370682775953, 4.198421853506386, 2.5950915687119793, 3.9078633113250008, 2.6357065959624566, 2.907617516111773, 6.026601073573727, 5.072894342483391, 6.290708909971911, 6.521414762150925, 5.543583020033163, 6.23474711115054], [2.427226841479799, 1.525274552334759, 2.4692073647225334, 2.888095188874494, 4.113606190436805, 2.461526634022066, 1.5230440177486664, 2.4290113112128564, 0.0, 1.5746666853655094, 2.5979295025077183, 2.617701184245444, 1.555566703809258, 2.57908988017091, 3.5865062400614893, 4.851116734320048, 4.089422269709989, 3.3815231967265875, 3.369327561992155, 2.1769963849303933, 3.542954462027419, 2.922267013809655, 2.8276155237231246, 2.8986911563669557, 3.559247809579996, 2.906237977179433, 2.1854727383337456, 2.193798069558819, 3.012838702951089, 5.242059779323391, 4.961541742241014, 5.678027558932767, 5.037431100273234, 3.636536259959468, 4.501907339117499], [2.9503411379025306, 2.4921294248092334, 3.5283200308362055, 3.9270605406588777, 5.108684842501051, 3.3895656388392896, 2.536809305012894, 3.180755693227633, 1.5746666853655094, 0.0, 1.5380527006575555, 1.5353038526623972, 2.5837006908695903, 3.957955161443848, 4.933345868677768, 6.30324381727377, 5.1636400581372826, 4.333003888758928, 4.221036698490076, 1.0995307135319143, 2.1770665423913895, 2.1931810527177182, 2.192909086122815, 2.1897407540619964, 2.175055351019831, 2.193095312566237, 2.7605172015403197, 2.8517108584146467, 4.4296614385300375, 6.719857218721243, 6.468482005076615, 7.043726778488785, 6.033866364115135, 4.442987996832762, 5.607990392288489], [3.547934277858033, 3.0433925938005437, 3.6460535637864675, 3.797836418278176, 4.795303595185606, 3.337204915794054, 3.0344582152338164, 3.780317527668807, 2.5979295025077183, 1.5380527006575555, 0.0, 2.495462720619164, 3.9656656704770263, 5.174646759924777, 6.118584297858452, 7.399433473584312, 6.348802987965526, 4.348032940307605, 4.060978510162299, 2.1263507236577883, 1.095854178255483, 1.0946536529880122, 1.0940197118882273, 3.462937611335209, 2.6793110551035317, 2.809706863713722, 4.219671760931175, 4.271845326085672, 5.533332989257017, 7.669729264452559, 7.510485490299546, 8.243309914106106, 7.302716180298944, 5.663255848891166, 6.604921900370965], [4.360852314628414, 3.893985745993429, 4.903951239561829, 5.099440660503856, 6.268898545996737, 4.244111028236656, 3.147418804353815, 3.2054188837030333, 2.617701184245444, 1.5353038526623972, 2.495462720619164, 0.0, 3.0589027542568266, 4.5002942592679425, 5.629130293393465, 6.9710205092224475, 5.987972372180754, 5.779507915039134, 4.864428839031362, 2.1202645566060854, 2.7169858023184443, 2.7674161830125947, 3.4670090308506554, 1.0935012071323924, 1.0960887281602711, 1.0936768855562415, 3.2569138183255633, 2.7395878558644546, 4.803818337531093, 7.573301288077743, 7.023095585993402, 7.59852900830154, 6.705434615295268, 5.268308960188269, 6.6314941242528445], [2.980792191683278, 2.4768759698458864, 3.499943676689669, 4.041287221913335, 5.210342829411515, 3.6399830658946755, 2.4995476490757285, 2.8841238704327523, 1.555566703809258, 2.5837006908695903, 3.9656656704770263, 3.0589027542568266, 0.0, 1.5137521197342714, 2.573675946967683, 3.9346334314647406, 3.1567971917752335, 4.291218342149465, 4.418160147618011, 2.8270052016223812, 4.755904264175216, 4.330450557390074, 4.283605268929433, 2.7444341875876708, 4.063733458286849, 3.4232113942904547, 1.0952844288128996, 1.0973772642077109, 2.196488502132438, 4.573280710824561, 4.122888673005858, 4.565346699868478, 3.913241306129741, 2.774221000569349, 3.8871675986507195], [3.5502138653889572, 3.0000136549689236, 3.596882686438355, 4.06780209572688, 5.051455398199612, 3.8834347116953056, 3.0243169162639023, 3.3383314425023767, 2.57908988017091, 3.957955161443848, 5.174646759924777, 4.5002942592679425, 1.5137521197342714, 0.0, 1.3471260074692344, 2.4796630980840924, 2.5370826927792476, 4.258782762715186, 4.529362375655098, 4.221973312326832, 6.077869433444585, 5.417523429575547, 5.317363167962106, 4.171030185697533, 5.541774634537208, 4.684674696283617, 2.161758575789628, 2.0967415243658434, 1.092056143245392, 3.1950681150798648, 2.611979588358224, 3.1932400301261414, 3.247761130378896, 2.728367138051622, 3.2300680085719558], [3.712907067245287, 3.4992344434175884, 3.9897182481974833, 4.6911196158273345, 5.531444603356341, 4.841286477786663, 4.197473260188801, 4.642203237687897, 3.5865062400614893, 4.933345868677768, 6.118584297858452, 5.629130293393465, 2.573675946967683, 1.3471260074692344, 0.0, 1.5075888431531987, 1.504839270487051, 4.36979279829147, 5.515437470409759, 4.973868965905716, 7.002335499674377, 6.4814174707389425, 6.088493844950489, 5.246360163961296, 6.612614014139945, 5.939453979112894, 2.7578658814380366, 3.2773657195985924, 2.094210758257153, 2.147686797463727, 2.1744461018843397, 2.1482950193118264, 2.1429889873725436, 2.1851215526830536, 2.142569910177962], [4.9879528716699, 4.692738127149223, 4.838403164268145, 5.341305822549389, 5.934363136849648, 5.580979691774554, 5.140224470779462, 5.46620770735983, 4.851116734320048, 6.30324381727377, 7.399433473584312, 6.9710205092224475, 3.9346334314647406, 2.4796630980840924, 1.5075888431531987, 0.0, 2.525755354344518, 5.093169200016822, 6.0772556577784345, 6.43249517450266, 8.34523390984339, 7.645890840837318, 7.31711084923551, 6.596890935129973, 7.996111858897423, 7.148560289317003, 4.24314614643427, 4.491365442713385, 2.6450473908797925, 1.0949136495632885, 1.0951172768247244, 1.0949339934443536, 2.768060996437759, 3.4898164192404164, 2.79320869610561], [3.359854202193899, 3.6650692735608694, 4.3528269538312685, 5.374670209417504, 6.230709406640628, 5.71248430982528, 5.090955150067617, 5.708360609667192, 4.089422269709989, 5.1636400581372826, 6.348802987965526, 5.987972372180754, 3.1567971917752335, 2.5370826927792476, 1.504839270487051, 2.525755354344518, 0.0, 4.509833084494369, 6.525029914107675, 4.879394800587467, 7.105880799732008, 6.932646158574661, 6.207020139326116, 5.568098316301535, 6.830473474803924, 6.535565036016396, 2.7993786542731227, 3.990686393341376, 3.5021425741965446, 2.785210026191921, 3.482741084261074, 2.788883593841808, 1.0951521675091551, 1.0913416101294773, 1.09508478667179], [2.4325153421921106, 2.0296373789423567, 1.0103043798776683, 2.0205479529078243, 2.457022893666235, 3.2116437317984072, 3.7624332459194543, 4.9503457273204665, 3.3815231967265875, 4.333003888758928, 4.348032940307605, 5.779507915039134, 4.291218342149465, 4.258782762715186, 4.36979279829147, 5.093169200016822, 4.509833084494369, 0.0, 4.006393783691264, 4.485013294294678, 5.273138425074768, 4.668508465238121, 3.5887290312867033, 6.195345991145289, 6.4903243524495755, 6.0557644298635, 4.608676174347683, 5.274755630358624, 4.694485207134004, 4.742025847673123, 5.386372050833473, 6.084632163902761, 5.584698195963681, 4.449335228997698, 4.064906461408429], [4.998348789350339, 3.780168353393801, 3.1955196650936135, 2.001102506120064, 2.4272972067713505, 1.0112072042860454, 2.018390730260125, 2.41323515016668, 3.369327561992155, 4.221036698490076, 4.060978510162299, 4.864428839031362, 4.418160147618011, 4.529362375655098, 5.515437470409759, 6.0772556577784345, 6.525029914107675, 4.006393783691264, 0.0, 5.173803759324468, 5.071611737899501, 3.411349108490657, 4.098709505441926, 5.475090366377526, 5.686791456524496, 4.353427527822188, 5.382054807413243, 4.666577438551727, 4.119094632319097, 6.238764400905038, 5.655398850655893, 7.1040813945224475, 7.505258642445309, 6.494835663047988, 6.666507260177552], [2.5881029036728815, 2.626759867212837, 3.8536497752131034, 4.5561586122522115, 5.724802435892438, 4.268549398800487, 3.4687603405251277, 4.16966983465118, 2.1769963849303933, 1.0995307135319143, 2.1263507236577883, 2.1202645566060854, 2.8270052016223812, 4.221973312326832, 4.973868965905716, 6.43249517450266, 4.879394800587467, 4.485013294294678, 5.173803759324468, 0.0, 2.431174041486952, 3.058505919562687, 2.4992559872890174, 2.456303177541405, 2.4566746976349965, 3.056133194086933, 2.563404589603444, 3.2405575029614893, 4.909928823313022, 6.813463538465587, 6.771956891475314, 7.085473893819664, 5.689598155406056, 3.9978140089303804, 5.301542857508557], [4.253995573575506, 3.9753235264566835, 4.655041027746157, 4.860880860502549, 5.808857413467815, 4.406419182283955, 4.061149714058815, 4.6745512415631945, 3.542954462027419, 2.1770665423913895, 1.095854178255483, 2.7169858023184443, 4.755904264175216, 6.077869433444585, 7.002335499674377, 8.34523390984339, 7.105880799732008, 5.273138425074768, 5.071611737899501, 2.431174041486952, 0.0, 1.7650737831603527, 1.7607332648643859, 3.693736815204895, 2.437212598441096, 3.147054511761752, 4.845673559991428, 4.964980605198775, 6.486747700504467, 8.639823598314956, 8.500847031913938, 9.13856886388673, 8.00715188878043, 6.314236350501935, 7.387185020696314], [4.320339447311981, 3.56065680738821, 3.8830955396435973, 3.6396756366467597, 4.5322912384355885, 2.911113908798486, 2.7761893055049396, 3.342153283438688, 2.922267013809655, 2.1931810527177182, 1.0946536529880122, 2.7674161830125947, 4.330450557390074, 5.417523429575547, 6.4814174707389425, 7.645890840837318, 6.932646158574661, 4.668508465238121, 3.411349108490657, 3.058505919562687, 1.7650737831603527, 0.0, 1.7751366172776675, 3.8084279040044855, 3.0274201574938355, 2.637436228612931, 4.811540178570683, 4.493863470333739, 5.563804131167811, 7.934975166312747, 7.601895217641453, 8.539140224870415, 7.903104181902196, 6.360533608904208, 7.204154249459127], [3.0855996127171132, 2.6888031779957418, 3.071023793460416, 3.3640290917291424, 4.249948486746634, 3.303149821004189, 3.3429520173044662, 4.323472669047418, 2.8276155237231246, 2.192909086122815, 1.0940197118882273, 3.4670090308506554, 4.283605268929433, 5.317363167962106, 6.088493844950489, 7.31711084923551, 6.207020139326116, 3.5887290312867033, 4.098709505441926, 2.4992559872890174, 1.7607332648643859, 1.7751366172776675, 0.0, 4.332738008465317, 3.6927111693172, 3.825699137412664, 4.488696097977674, 4.82141856511131, 5.7458807279650355, 7.432605200062762, 7.499872943590445, 8.208396707640292, 7.218491777372888, 5.564439844225112, 6.281852540453334], [4.547926158151647, 4.202407122114658, 5.33520575891877, 5.654121845167469, 6.859809289623144, 4.839182336924287, 3.5853247189062247, 3.5050370682775953, 2.8986911563669557, 2.1897407540619964, 3.462937611335209, 1.0935012071323924, 2.7444341875876708, 4.171030185697533, 5.246360163961296, 6.596890935129973, 5.568098316301535, 6.195345991145289, 5.475090366377526, 2.456303177541405, 3.693736815204895, 3.8084279040044855, 4.332738008465317, 0.0, 1.7556048843632217, 1.7762205493687995, 2.7775728451293586, 2.205475701521103, 4.533632674798434, 7.30655395449866, 6.692051485157597, 7.091983943862253, 6.144976707034779, 4.848264956662332, 6.34742028937741], [4.969106246600087, 4.659784532572295, 5.678261179269584, 5.9004269159104075, 7.034520374552909, 5.087547902477184, 4.12133961837653, 4.198421853506386, 3.559247809579996, 2.175055351019831, 2.6793110551035317, 1.0960887281602711, 4.063733458286849, 5.541774634537208, 6.612614014139945, 7.996111858897423, 6.830473474803924, 6.4903243524495755, 5.686791456524496, 2.4566746976349965, 2.437212598441096, 3.0274201574938355, 3.6927111693172, 1.7556048843632217, 0.0, 1.7639683528907202, 4.087461632847457, 3.7664895539480794, 5.892438364548246, 8.577262410582994, 8.093624534780446, 8.59896260778008, 7.5204178221691915, 6.013649702135966, 7.448322427231517], [5.016366814737535, 4.31490585992325, 5.10547849373592, 5.0127487708840945, 6.110778478230086, 3.935018786486286, 2.8685108505982684, 2.5950915687119793, 2.906237977179433, 2.193095312566237, 2.809706863713722, 1.0936768855562415, 3.4232113942904547, 4.684674696283617, 5.939453979112894, 7.148560289317003, 6.535565036016396, 6.0557644298635, 4.353427527822188, 3.056133194086933, 3.147054511761752, 2.637436228612931, 3.825699137412664, 1.7762205493687995, 1.7639683528907202, 0.0, 3.906761598818131, 2.93268315881549, 4.738103581603087, 7.777130029130284, 7.031877214513916, 7.8227932441040515, 7.273268820138576, 5.949163074752616, 7.180649670468544], [2.7677220326470646, 2.739294874598206, 3.968661227668595, 4.765580807204931, 5.938528509656242, 4.527696228768003, 3.4528107231645353, 3.9078633113250008, 2.1854727383337456, 2.7605172015403197, 4.219671760931175, 3.2569138183255633, 1.0952844288128996, 2.161758575789628, 2.7578658814380366, 4.24314614643427, 2.7993786542731227, 4.608676174347683, 5.382054807413243, 2.563404589603444, 4.845673559991428, 4.811540178570683, 4.488696097977674, 2.7775728451293586, 4.087461632847457, 3.906761598818131, 0.0, 1.7420439489289588, 3.0755462994401497, 4.848357773514657, 4.667002595885286, 4.712492848800939, 3.4512625081265553, 2.106981722749393, 3.596496853884346], [4.001825469707543, 3.4452317904605487, 4.410167436730719, 4.7297408924802635, 5.891240451721521, 4.043974176475413, 2.728295843562424, 2.6357065959624566, 2.193798069558819, 2.8517108584146467, 4.271845326085672, 2.7395878558644546, 1.0973772642077109, 2.0967415243658434, 3.2773657195985924, 4.491365442713385, 3.990686393341376, 5.274755630358624, 4.666577438551727, 3.2405575029614893, 4.964980605198775, 4.493863470333739, 4.82141856511131, 2.205475701521103, 3.7664895539480794, 2.93268315881549, 1.7420439489289588, 0.0, 2.390161885730755, 5.28248164975516, 4.508409984684179, 5.007151626423949, 4.5724530681025035, 3.631083152449142, 4.837387222458008], [4.405652715546244, 3.6302725255826176, 3.958939158411, 4.07320999090398, 4.9489476598565885, 3.6949750445706666, 2.896210256524895, 2.907617516111773, 3.012838702951089, 4.4296614385300375, 5.533332989257017, 4.803818337531093, 2.196488502132438, 1.092056143245392, 2.094210758257153, 2.6450473908797925, 3.5021425741965446, 4.694485207134004, 4.119094632319097, 4.909928823313022, 6.486747700504467, 5.563804131167811, 5.7458807279650355, 4.533632674798434, 5.892438364548246, 4.738103581603087, 3.0755462994401497, 2.390161885730755, 0.0, 3.40901656493482, 2.3042333280290865, 3.3953076929786494, 4.122603878618464, 3.80903336556665, 4.118753410924232], [5.000172528023408, 4.775666683301924, 4.694748359603526, 5.245475746774548, 5.666658382150807, 5.737395724542625, 5.532776002152988, 6.026601073573727, 5.242059779323391, 6.719857218721243, 7.669729264452559, 7.573301288077743, 4.573280710824561, 3.1950681150798648, 2.147686797463727, 1.0949136495632885, 2.785210026191921, 4.742025847673123, 6.238764400905038, 6.813463538465587, 8.639823598314956, 7.934975166312747, 7.432605200062762, 7.30655395449866, 8.577262410582994, 7.777130029130284, 4.848357773514657, 5.28248164975516, 3.40901656493482, 0.0, 1.7675721116831415, 1.778124385412899, 3.1211569681770253, 3.8004983699509727, 2.6055672242335257], [5.534279123788391, 5.00846353086453, 5.015848308112996, 5.240241295971016, 5.7611435088877965, 5.324874602279381, 4.926947478916333, 5.072894342483391, 4.961541742241014, 6.468482005076615, 7.510485490299546, 7.023095585993402, 4.122888673005858, 2.611979588358224, 2.1744461018843397, 1.0951172768247244, 3.482741084261074, 5.386372050833473, 5.655398850655893, 6.771956891475314, 8.500847031913938, 7.60189521764