{"total energy": -44.02587412, "HOMO-LUMO gap/eV": 3.30938137, "electronic energy": -44.51321419, "dipole": [0.79428733, -0.76525972, 1.40635513], "partial charges": [-0.09884377, -0.06386854, 0.04884159, -0.11247733, -0.10043131, 0.32366175, -0.44498959, -0.15317335, 0.07644962, -0.12474114, 0.01132124, -0.10791295, 0.26354572, -0.40357957, 0.04002204, 0.02551426, 0.04163041, 0.05951927, 0.04561459, 0.07937809, 0.04951222, 0.06165306, 0.04130661, 0.21792984, 0.08508205, 0.06946089, 0.06957431], "atomic dipole moments": [[-0.00899277, -0.10846668, -0.010455], [0.07500891, 0.0519906, -0.10199713], [0.17819117, -0.03302226, 0.08659702], [0.02619158, 0.1297084, 0.00937977], [-0.0145415, -0.01240892, 0.00922687], [0.03668009, 0.0426755, -0.05479031], [0.08876381, 0.1218783, -0.1564849], [-0.03145861, 0.01652585, -0.03227324], [-0.01617509, -0.09168045, 0.13122114], [-0.11942923, -0.01045006, -0.01423736], [0.03411105, 0.10305291, -0.14522133], [-0.48510362, -0.30942502, 0.3327399], [-0.06717828, -0.04780546, 0.05548413], [0.09769338, -0.07902457, 0.14696492], [-0.0700362, 0.04327276, 0.094572], [0.12051247, 0.0264058, 0.02998124], [-0.03149885, 0.06686979, -0.1034917], [0.02445293, -0.05800199, 0.11358156], [-0.12416132, -0.01417559, -0.00973312], [-0.05677205, 0.0555998, -0.10069414], [-0.12560919, -0.01557919, -0.02371763], [0.02462235, -0.08090397, 0.1003321], [0.06182134, -0.0500985, -0.10083053], [0.05975208, -0.0646248, 0.10959723], [0.07558587, 0.07291207, -0.08918785], [0.0274155, 0.05699556, 0.11699189], [0.05707379, -0.12011997, -0.00256267]], "atomic quadrupole moments": [[-0.10525956, 0.0602783, 0.22123098, -0.00249174, 0.04489669, -0.11597141], [-0.13197124, 0.01010112, 0.14084216, -0.12442412, 0.14440146, -0.00887092], [0.2000629, 0.09135794, -0.0377439, -0.07401536, 0.09535148, -0.162319], [-0.0907222, 0.07359261, 0.21762656, 0.00574057, 0.06567187, -0.12690436], [-0.00785433, -0.00629469, 0.00400321, 0.0162628, 0.00536637, 0.00385112], [-0.14477749, -0.05776627, 0.19241981, -0.04881022, 0.31281643, -0.04764232], [-0.07664298, -0.00140682, 0.07864745, -0.04948483, 0.08836323, -0.00200448], [0.02657789, 0.04446079, 0.00777079, -0.06275652, 0.02470109, -0.03434868], [-0.14007694, 0.04112617, 0.21166253, -0.19431889, 0.28369501, -0.07158559], [0.19721492, 0.00216739, -0.11797119, 0.07897348, -0.0239357, -0.07924373], [-0.13832969, 0.05397758, 0.12547462, -0.15692775, 0.08447773, 0.01285507], [-0.14537785, 0.30711268, -0.03914186, -0.39061907, -0.46266134, 0.18451971], [-0.2696131, -0.07812184, 0.2683834, -0.07206726, 0.28953072, 0.0012297], [-0.09633578, -0.04443551, 0.10086547, -0.00682914, 0.12709818, -0.0045297], [-0.00299207, -0.01250078, -0.02127946, -0.06188649, 0.02818898, 0.02427153], [0.07510595, 0.0074446, -0.02747705, 0.02392102, -0.00037655, -0.0476289], [-0.04018092, -0.0058045, -0.01000943, 0.03275119, -0.04081124, 0.05019035], [-0.02287335, -0.02198695, 0.00442471, 0.03361771, -0.02323435, 0.01844864], [0.05028333, 0.00912206, -0.02022865, 0.02433485, 0.01677209, -0.03005467], [-0.00782501, 0.00581172, -4.55e-05, -0.00718194, -0.023192, 0.00787052], [0.07859415, -0.00378057, -0.02896072, 0.02297879, -0.00195283, -0.04963343], [-0.03625844, -0.01201298, -0.01121712, 0.03283132, -0.03959306, 0.04747556], [-0.0114069, -0.01461899, -0.02234011, -0.05960098, 0.02398176, 0.03374701], [0.03537733, 0.00415312, -0.03209054, 0.01544165, -0.03278569, -0.0032868], [-0.01960244, 0.01702296, -0.01072099, -0.01675327, -0.05948182, 0.03032343], [-0.0314518, 0.00861014, -0.03201795, 0.00254509, 0.0452396, 0.06346975], [-0.02168984, -0.02937503, 0.07330939, -0.00285049, -0.00438681, -0.05161954]], "number of molecular orbitals": 74, "number of electrons": 78, "number of unpaired electrons": 0, "orbital energies/eV": [-22.98302355, -20.06649778, -19.73210625, -19.55645331, -18.97759279, -18.60658025, -18.24504801, -17.65107487, -17.51058771, -17.15729229, -16.88665209, -16.62652552, -16.38276127, -16.23079826, -15.85334556, -15.61042638, -15.09160993, -14.97688394, -14.80374978, -14.7554808, -14.51554494, -14.09024444, -14.03732942, -13.93974771, -13.77256268, -13.61513469, -13.50283813, -13.41443077, -13.03726179, -12.64425808, -12.48986311, -12.30963707, -12.23789682, -12.12498909, -11.71701143, -11.61703469, -11.53642784, -11.30456953, -10.9515873, -7.64220593, -6.78917774, -5.88228213, -4.58361862, -1.37907484, -0.57147539, 0.58482636, 0.85811623, 1.16900273, 1.27784345, 1.52146848, 1.95423378, 2.44893298, 2.75127643, 2.9683854, 3.27371828, 3.81250991, 4.0932836, 4.3058274, 4.6762016, 4.70839005, 4.74698704, 4.98142859, 5.59047144, 5.75783044, 6.14878623, 6.72489228, 7.14488827, 7.5886584, 8.03042767, 10.17998886, 13.06125529, 14.01477617, 15.70406412, 17.57598476], "fractional occupation": [2.0, 2.0, 2.0, 2.0, 2.0, 2.0, 2.0, 2.0, 2.0, 2.0, 2.0, 2.0, 2.0, 2.0, 2.0, 2.0, 2.0, 2.0, 2.0, 2.0, 2.0, 2.0, 2.0, 2.0, 2.0, 2.0, 2.0, 2.0, 2.0, 2.0, 2.0, 2.0, 2.0, 2.0, 2.0, 2.0, 2.0, 2.0, 2.0, 0.0, 0.0, 0.0, 0.0, 0.0, 0.0, 0.0, 0.0, 0.0, 0.0, 0.0, 0.0, 0.0, 0.0, 0.0, 0.0, 0.0, 0.0, 0.0, 0.0, 0.0, 0.0, 0.0, 0.0, 0.0, 0.0, 0.0, 0.0, 0.0, 0.0, 0.0, 0.0, 0.0, 0.0, 0.0], "program call": "xtb /home/svss/Project-DBcg-Debug/aqme2_20220329/End-to-End-workflows-final/example-3/QDESCP/mol_54_rdkit_conf_1/mol_54_rdkit_conf_1.xyz --pop --wbo --acc 0.2 --gfn 2 --chrg 0 --uhf 0 --etemp 300 --input /home/svss/Project-DBcg-Debug/aqme2_20220329/End-to-End-workflows-final/example-3/QDESCP/mol_54_rdkit_conf_1/mol_54_rdkit_conf_1_xtb.inp", "method": "GFN2-xTB", "xtb version": "6.3.3 (7355c4f)", "Dipole module/D": 4.543, "Total charge": 0, "Transition dipole module/D": NaN, "HOMO": -10.9516, "LUMO": -7.6422, "HOMO occupancy": 2.0, "LUMO occupancy": 0, "mulliken charges": [-0.08316, -0.05359, 0.13005, -0.09789, -0.25455, 0.55838, -0.56433, -0.3028, 0.13892, -0.09775, -0.02456, -0.03202, 0.45616, -0.53478, 0.03123, 0.02643, 0.03466, 0.0465, 0.0299, 0.05745, 0.03536, 0.05024, 0.03785, 0.2565, 0.05182, 0.05194, 0.05205], "cm5 charges": [-0.23157, -0.1584, 0.12052, -0.24007, -0.48723, 0.72417, -0.60768, -0.64887, 0.19493, -0.23593, -0.02825, -0.01267, 0.5553, -0.57922, 0.08212, 0.08103, 0.08699, 0.10767, 0.08521, 0.1336, 0.08714, 0.10767, 0.09209, 0.45457, 0.10527, 0.10574, 0.10587], "FUKUI+": [0.011, 0.009, 0.014, 0.014, -0.066, -0.015, -0.1, -0.033, -0.111, 0.037, -0.043, -0.136, -0.049, -0.139, -0.027, 0.008, -0.009, -0.013, -0.033, -0.021, -0.035, -0.016, -0.011, -0.054, -0.048, -0.067, -0.067], "FUKUI-": [0.017, 0.005, 0.006, 0.018, -0.027, -0.001, -0.081, -0.044, -0.031, 0.023, -0.029, -0.208, -0.003, -0.07, -0.043, -0.027, -0.052, -0.069, -0.054, -0.053, -0.038, -0.041, -0.035, -0.04, -0.027, -0.048, -0.048], "FUKUIrad": [0.014, 0.007, 0.01, 0.016, -0.046, -0.008, -0.091, -0.038, -0.071, 0.03, -0.036, -0.172, -0.026, -0.105, -0.035, -0.009, -0.03, -0.041, -0.043, -0.037, -0.037, -0.028, -0.023, -0.047, -0.038, -0.057, -0.058], "s proportion": [1.007, 1.035, 1.035, 1.016, 1.45, 0.938, 1.722, 1.422, 1.053, 1.013, 1.098, 1.944, 1.001, 1.73, 0.969, 0.974, 0.965, 0.953, 0.97, 0.943, 0.965, 0.95, 0.962, 0.743, 0.948, 0.948, 0.948], "p proportion": [3.076, 3.019, 2.835, 3.082, 3.804, 2.504, 4.843, 3.88, 2.808, 3.085, 2.927, 5.071, 2.543, 4.805, 0.0, 0.0, 0.0, 0.0, 0.0, 0.0, 0.0, 0.0, 0.0, 0.0, 0.0, 0.0, 0.0], "d proportion": [0.0, 0.0, 0.0, 0.0, 0.0, 0.0, 0.0, 0.0, 0.0, 0.0, 0.0, 0.018, 0.0, 0.0, 0.0, 0.0, 0.0, 0.0, 0.0, 0.0, 0.0, 0.0, 0.0, 0.0, 0.0, 0.0, 0.0], "Fermi-level/eV": -9.2969, "Coordination numbers": [3.749, 3.799, 3.792, 3.75, 2.737, 2.702, 0.86, 2.708, 2.958, 3.756, 2.895, 1.05, 2.825, 0.859, 0.924, 0.924, 0.924, 0.924, 0.924, 0.924, 0.924, 0.924, 0.924, 0.86, 0.924, 0.924, 0.924], "Dispersion coefficient C6": [22.453, 21.728, 19.764, 22.716, 23.207, 21.498, 22.599, 24.312, 26.291, 22.948, 27.762, 187.996, 22.564, 21.752, 2.449, 2.651, 2.427, 2.205, 2.376, 1.986, 2.326, 2.18, 2.432, 1.019, 1.927, 2.092, 2.09], "Total dispersion C6": 9001.01926, "Total dispersion C8": 244447.972951, "Polarizability alpha": [6.758, 6.637, 6.331, 6.797, 7.155, 7.589, 6.374, 7.323, 8.41, 6.83, 8.639, 22.107, 7.783, 6.253, 2.447, 2.546, 2.436, 2.322, 2.41, 2.204, 2.385, 2.309, 2.439, 1.581, 2.171, 2.262, 2.261], "Total polarizability alpha": 144.761248, "Wiberg matrix": [[0.0, 1.0207260686136967, 0.0, 0.0, 0.0, 0.0, 0.0, 0.0, 0.0, 0.0, 0.0, 0.0, 0.0, 0.0, 0.9863009272300888, 0.9883721752845123, 0.9867158298383906, 0.0, 0.0, 0.0, 0.0, 0.0, 0.0, 0.0, 0.0, 0.0, 0.0], [1.0207260686136967, 0.0, 0.9869495532596966, 0.0, 0.0, 0.0, 0.0, 0.0, 0.0, 0.0, 0.0, 0.0, 0.0, 0.0, 0.0, 0.0, 0.0, 0.9734508576785398, 0.973419000132597, 0.0, 0.0, 0.0, 0.0, 0.0, 0.0, 0.0, 0.0], [0.0, 0.9869495532596966, 0.0, 1.0005099692884922, 0.9399089337289402, 0.0, 0.0, 0.0, 0.0, 0.0, 0.0, 0.0, 0.0, 0.0, 0.0, 0.0, 0.0, 0.0, 0.0, 0.9572293910174099, 0.0, 0.0, 0.0, 0.0, 0.0, 0.0, 0.0], [0.0, 0.0, 1.0005099692884922, 0.0, 0.0, 0.0, 0.0, 0.0, 0.0, 0.0, 0.0, 0.0, 0.0, 0.0, 0.0, 0.0, 0.0, 0.0, 0.0, 0.0, 0.9830481092772038, 0.9832175384295232, 0.9858716347362673, 0.0, 0.0, 0.0, 0.0], [0.0, 0.0, 0.9399089337289402, 0.0, 0.0, 1.1267989027362475, 0.13101838507881847, 0.0, 0.0, 0.0, 0.0, 0.0, 1.119677067264995, 0.14274331180398322, 0.0, 0.0, 0.0, 0.0, 0.0, 0.0, 0.0, 0.0, 0.0, 0.0, 0.0, 0.0, 0.0], [0.0, 0.0, 0.0, 0.0, 1.1267989027362475, 0.0, 1.6243153239022612, 1.1313420437360628, 0.0, 0.0, 0.0, 0.0, 0.0, 0.0, 0.0, 0.0, 0.0, 0.0, 0.0, 0.0, 0.0, 0.0, 0.0, 0.0, 0.0, 0.0, 0.0], [0.0, 0.0, 0.0, 0.0, 0.13101838507881847, 1.6243153239022612, 0.0, 0.1305048707224035, 0.0, 0.0, 0.0, 0.0, 0.0, 0.0, 0.0, 0.0, 0.0, 0.0, 0.0, 0.0, 0.0, 0.0, 0.0, 0.0, 0.0, 0.0, 0.0], [0.0, 0.0, 0.0, 0.0, 0.0, 1.1313420437360628, 0.1305048707224035, 0.0, 1.1542243695503063, 0.0, 0.0, 0.0, 0.0, 0.0, 0.0, 0.0, 0.0, 0.0, 0.0, 0.0, 0.0, 0.0, 0.0, 0.9191975328981091, 0.0, 0.0, 0.0], [0.0, 0.0, 0.0, 0.0, 0.0, 0.0, 0.0, 1.1542243695503063, 0.0, 1.0242367761313396, 1.6178473609330066, 0.0, 0.0, 0.0, 0.0, 0.0, 0.0, 0.0, 0.0, 0.0, 0.0, 0.0, 0.0, 0.0, 0.0, 0.0, 0.0], [0.0, 0.0, 0.0, 0.0, 0.0, 0.0, 0.0, 0.0, 1.0242367761313396, 0.0, 0.0, 0.0, 0.0, 0.0, 0.0, 0.0, 0.0, 0.0, 0.0, 0.0, 0.0, 0.0, 0.0, 0.0, 0.9758497719511448, 0.9646466084834975, 0.964615505841106], [0.0, 0.0, 0.0, 0.0, 0.0, 0.0, 0.0, 0.0, 1.6178473609330066, 0.0, 0.0, 1.0135863214478054, 1.0434634311450823, 0.0, 0.0, 0.0, 0.0, 0.0, 0.0, 0.0, 0.0, 0.0, 0.0, 0.0, 0.0, 0.0, 0.0], [0.0, 0.0, 0.0, 0.0, 0.0, 0.0, 0.0, 0.0, 0.0, 0.0, 1.0135863214478054, 0.0, 0.0, 0.0, 0.0, 0.0, 0.0, 0.0, 0.0, 0.0, 0.0, 0.0, 0.0, 0.0, 0.0, 0.0, 0.0], [0.0, 0.0, 0.0, 0.0, 1.119677067264995, 0.0, 0.0, 0.0, 0.0, 0.0, 1.0434634311450823, 0.0, 0.0, 1.6918977641998278, 0.0, 0.0, 0.0, 0.0, 0.0, 0.0, 0.0, 0.0, 0.0, 0.0, 0.0, 0.0, 0.0], [0.0, 0.0, 0.0, 0.0, 0.14274331180398322, 0.0, 0.0, 0.0, 0.0, 0.0, 0.0, 0.0, 1.6918977641998278, 0.0, 0.0, 0.0, 0.0, 0.0, 0.0, 0.0, 0.0, 0.0, 0.0, 0.0, 0.0, 0.0, 0.0], [0.9863009272300888, 0.0, 0.0, 0.0, 0.0, 0.0, 0.0, 0.0, 0.0, 0.0, 0.0, 0.0, 0.0, 0.0, 0.0, 0.0, 0.0, 0.0, 0.0, 0.0, 0.0, 0.0, 0.0, 0.0, 0.0, 0.0, 0.0], [0.9883721752845123, 0.0, 0.0, 0.0, 0.0, 0.0, 0.0, 0.0, 0.0, 0.0, 0.0, 0.0, 0.0, 0.0, 0.0, 0.0, 0.0, 0.0, 0.0, 0.0, 0.0, 0.0, 0.0, 0.0, 0.0, 0.0, 0.0], [0.9867158298383906, 0.0, 0.0, 0.0, 0.0, 0.0, 0.0, 0.0, 0.0, 0.0, 0.0, 0.0, 0.0, 0.0, 0.0, 0.0, 0.0, 0.0, 0.0, 0.0, 0.0, 0.0, 0.0, 0.0, 0.0, 0.0, 0.0], [0.0, 0.9734508576785398, 0.0, 0.0, 0.0, 0.0, 0.0, 0.0, 0.0, 0.0, 0.0, 0.0, 0.0, 0.0, 0.0, 0.0, 0.0, 0.0, 0.0, 0.0, 0.0, 0.0, 0.0, 0.0, 0.0, 0.0, 0.0], [0.0, 0.973419000132597, 0.0, 0.0, 0.0, 0.0, 0.0, 0.0, 0.0, 0.0, 0.0, 0.0, 0.0, 0.0, 0.0, 0.0, 0.0, 0.0, 0.0, 0.0, 0.0, 0.0, 0.0, 0.0, 0.0, 0.0, 0.0], [0.0, 0.0, 0.9572293910174099, 0.0, 0.0, 0.0, 0.0, 0.0, 0.0, 0.0, 0.0, 0.0, 0.0, 0.0, 0.0, 0.0, 0.0, 0.0, 0.0, 0.0, 0.0, 0.0, 0.0, 0.0, 0.0, 0.0, 0.0], [0.0, 0.0, 0.0, 0.9830481092772038, 0.0, 0.0, 0.0, 0.0, 0.0, 0.0, 0.0, 0.0, 0.0, 0.0, 0.0, 0.0, 0.0, 0.0, 0.0, 0.0, 0.0, 0.0, 0.0, 0.0, 0.0, 0.0, 0.0], [0.0, 0.0, 0.0, 0.9832175384295232, 0.0, 0.0, 0.0, 0.0, 0.0, 0.0, 0.0, 0.0, 0.0, 0.0, 0.0, 0.0, 0.0, 0.0, 0.0, 0.0, 0.0, 0.0, 0.0, 0.0, 0.0, 0.0, 0.0], [0.0, 0.0, 0.0, 0.9858716347362673, 0.0, 0.0, 0.0, 0.0, 0.0, 0.0, 0.0, 0.0, 0.0, 0.0, 0.0, 0.0, 0.0, 0.0, 0.0, 0.0, 0.0, 0.0, 0.0, 0.0, 0.0, 0.0, 0.0], [0.0, 0.0, 0.0, 0.0, 0.0, 0.0, 0.0, 0.9191975328981091, 0.0, 0.0, 0.0, 0.0, 0.0, 0.0, 0.0, 0.0, 0.0, 0.0, 0.0, 0.0, 0.0, 0.0, 0.0, 0.0, 0.0, 0.0, 0.0], [0.0, 0.0, 0.0, 0.0, 0.0, 0.0, 0.0, 0.0, 0.0, 0.9758497719511448, 0.0, 0.0, 0.0, 0.0, 0.0, 0.0, 0.0, 0.0, 0.0, 0.0, 0.0, 0.0, 0.0, 0.0, 0.0, 0.0, 0.0], [0.0, 0.0, 0.0, 0.0, 0.0, 0.0, 0.0, 0.0, 0.0, 0.9646466084834975, 0.0, 0.0, 0.0, 0.0, 0.0, 0.0, 0.0, 0.0, 0.0, 0.0, 0.0, 0.0, 0.0, 0.0, 0.0, 0.0, 0.0], [0.0, 0.0, 0.0, 0.0, 0.0, 0.0, 0.0, 0.0, 0.0, 0.964615505841106, 0.0, 0.0, 0.0, 0.0, 0.0, 0.0, 0.0, 0.0, 0.0, 0.0, 0.0, 0.0, 0.0, 0.0, 0.0, 0.0, 0.0]], "Born radii": [], "Atomic SASAs": [], "Solvent H bonds": [], "Total SASA": NaN, "Total FOD": 0.0, "FOD": [0.0, 0.0, 0.0, 0.0, 0.0, 0.0, 0.0, 0.0, 0.0, 0.0, 0.0, 0.0, 0.0, 0.0, 0.0, 0.0, 0.0, 0.0, 0.0, 0.0, 0.0, 0.0, 0.0, 0.0, 0.0, 0.0, 0.0], "FOD s proportion": [0.0, 0.0, 0.0, 0.0, 0.0, 0.0, 0.0, 0.0, 0.0, 0.0, 0.0, 0.0, 0.0, 0.0, 0.0, 0.0, 0.0, 0.0, 0.0, 0.0, 0.0, 0.0, 0.0, 0.0, 0.0, 0.0, 0.0], "FOD p proportion": [0.0, 0.0, 0.0, 0.0, 0.0, 0.0, 0.0, 0.0, 0.0, 0.0, 0.0, 0.0, 0.0, 0.0, 0.0, 0.0, 0.0, 0.0, 0.0, 0.0, 0.0, 0.0, 0.0, 0.0, 0.0, 0.0, 0.0], "FOD d proportion": [0.0, 0.0, 0.0, 0.0, 0.0, 0.0, 0.0, 0.0, 0.0, 0.0, 0.0, 0.0, 0.0, 0.0, 0.0, 0.0, 0.0, 0.0, 0.0, 0.0, 0.0, 0.0, 0.0, 0.0, 0.0, 0.0, 0.0], "coordinates": [["-2.19450", "1.67610", "0.96780"], ["-2.43740", "0.18460", "0.77640"], ["-1.68000", "-0.39120", "-0.43780"], ["-2.05350", "-1.85920", "-0.67580"], ["-0.21700", "-0.20600", "-0.35980"], ["0.49060", "-0.79760", "0.67060"], ["0.00470", "-1.48910", "1.56240"], ["1.83850", "-0.58370", "0.67830"], ["2.53790", "0.15450", "-0.24060"], ["4.01830", "0.22640", "0.01960"], ["1.88570", "0.73400", "-1.26200"], ["2.70290", "1.76840", "-2.59210"], ["0.39810", "0.54680", "-1.35860"], ["-0.22430", "1.05170", "-2.29440"], ["-2.80640", "2.05350", "1.79340"], ["-1.14710", "1.88350", "1.20710"], ["-2.46080", "2.23600", "0.06580"], ["-2.17250", "-0.34100", "1.69960"], ["-3.51360", "0.02710", "0.63130"], ["-2.05520", "0.15120", "-1.31410"], ["-3.12610", "-1.95430", "-0.87670"], ["-1.82370", "-2.49250", "0.18600"], ["-1.51240", "-2.26030", "-1.53970"], ["2.32310", "-1.02940", "1.45050"], ["4.57010", "0.81560", "-0.71610"], ["4.20550", "0.67580", "1.00130"], ["4.44930", "-0.78090", "0.01770"]], "bond_dist": [[0.0, 1.5232224460005832, 2.5522834677989823, 3.901236733396219, 3.035675941203211, 3.6629607614605977, 3.8998103594918563, 4.632018489816292, 5.115770409234567, 6.449774970493157, 4.74421674146534, 6.055240214888258, 3.6618342685053347, 3.8618016831525668, 1.0947455092394762, 1.0942239304639614, 1.0945353808808558, 2.145858254871463, 2.138330671341549, 2.748052421261283, 4.177303313143541, 4.257455794250834, 4.716785093684044, 5.287857723123798, 7.023944235256996, 6.477786839654421, 7.147000591157105], [1.5232224460005832, 0.0, 1.542556981119336, 2.5364113408514792, 2.5246177849329983, 3.090160914903947, 3.063155252350099, 4.345483783193765, 5.0782679232194905, 6.500042766782385, 4.811040275241935, 6.346487121234865, 3.567838854264581, 3.883231471339302, 2.159452988606142, 2.1763818116314058, 2.1711153539137436, 1.0948632837025818, 1.0972997311582646, 2.125413524470003, 2.7896129677788637, 2.809281805017076, 3.492489115229996, 4.958887683745217, 7.192410826697819, 6.664831420223619, 6.995316492482666], [2.5522834677989823, 1.542556981119336, 0.0, 1.5333526176323566, 1.4767369569425692, 2.4708735054631994, 2.836264892424542, 3.696292427554941, 4.257623367560828, 5.749892817261901, 3.8287853387203623, 5.339915079849117, 2.4589054983874434, 2.7654993147712044, 3.496224891221959, 2.8572606653926416, 2.78665416584118, 2.1939815518823305, 2.163339700555601, 1.0967563494231525, 2.17419411046944, 2.196642396932191, 2.176191209429907, 4.47188838635313, 6.371622017979409, 6.152122240333005, 6.158544051153649], [3.901236733396219, 2.5364113408514792, 1.5333526176323566, 0.0, 2.4911159125982074, 3.067936167849651, 3.063119405116294, 4.313716617952552, 5.032428905608106, 6.457558653237305, 4.75243235827718, 6.281323778472178, 3.5021985095079917, 3.7998917629322024, 4.687539689431973, 4.286569334561148, 4.18168947795027, 2.8216338174894346, 2.7200239171742586, 2.1092979732602974, 1.0953883238377156, 1.093881241268905, 1.0954422075125645, 4.936025454756083, 7.1434064766048415, 6.9580148325510205, 6.627977140877902], [3.035675941203211, 2.5246177849329983, 1.4767369569425692, 2.4911159125982074, 0.0, 1.3829000253091328, 2.321712587724846, 2.3335357614572785, 2.7809428077542337, 4.274187666680067, 2.4736434929067688, 4.1721978212927535, 1.3937924128075887, 2.3074964225324384, 4.0554411412323566, 2.7724126442504913, 3.3435217660425063, 2.843120400194125, 3.4502443942422394, 2.10172775829792, 3.4331619987993576, 2.847361020313371, 2.7000691954096285, 3.2260318752300017, 4.907845011815267, 4.7104851873241245, 4.716711985059083], [3.6629607614605977, 3.090160914903947, 2.4708735054631994, 3.067936167849651, 1.3829000253091328, 0.0, 1.2286489734663844, 1.364788228993788, 2.43479303843263, 3.7305554934888714, 2.833204074894712, 4.703598471383373, 2.4359023482069224, 3.566821764540527, 4.501073210913149, 3.18719167136211, 4.27542675764654, 2.8912672256296204, 4.088433956908195, 3.3645732522862395, 4.100318410806654, 2.9092108311361695, 3.3221869875128944, 2.005001620946976, 4.600833770089939, 4.010081303415181, 4.012214225337425], [3.8998103594918563, 3.063155252350099, 2.836264892424542, 3.063119405116294, 2.321712587724846, 1.2286489734663844, 0.0, 2.2280494630954673, 3.5170061415925904, 4.62948777404153, 4.056793064724894, 5.928866648863002, 3.5821632249242916, 4.62417688675509, 4.5283174546403, 3.581523710657239, 4.711143366530041, 2.4651890982235014, 3.942618995033631, 3.8997467033129216, 3.9959389997846566, 2.498866759153037, 3.5382716487008175, 2.3661834797834254, 5.598757138865732, 4.7590278271932815, 4.75837309277026], [4.632018489816292, 4.345483783193765, 3.696292427554941, 4.313716617952552, 2.3335357614572785, 1.364788228993788, 2.2280494630954673, 0.0, 1.370575357286129, 2.4169558829238076, 2.345916712076539, 4.120082272236806, 2.7389311820489395, 3.9707206260325094, 5.456497765050399, 3.909029628948852, 5.1778224023232005, 4.146091892372865, 5.387045577122956, 4.435159011805552, 5.379946330587322, 4.159036615611842, 4.354198246520248, 1.0147800204970534, 3.3710577583304624, 2.7006218265429167, 2.7002882883129353], [5.115770409234567, 5.0782679232194905, 4.257623367560828, 5.032428905608106, 2.7809428077542337, 2.43479303843263, 3.5170061415925904, 1.370575357286129, 0.0, 1.5048115529859543, 1.3432955929355237, 2.856825241417472, 2.44592872545379, 3.557079015147119, 6.025354719018625, 4.320243198015593, 5.423423724917683, 5.118375176752872, 6.1153162322156325, 4.716882524507049, 6.07721619246839, 5.1197803781021705, 4.89120127780487, 2.0754704189653004, 2.189289907709804, 2.143585561623328, 2.1436282350258407], [6.449774970493157, 6.500042766782385, 5.749892817261901, 6.457558653237305, 4.274187666680067, 3.7305554934888714, 4.62948777404153, 2.4169558829238076, 1.5048115529859543, 0.0, 2.539318625143367, 3.3059065398162724, 3.886893288990579, 4.902588178707243, 7.284311287966763, 5.553151701511494, 6.783757322457814, 6.439747463992668, 7.559326358214732, 6.218666495318751, 7.523380725445177, 6.445856822021414, 6.261288674865582, 2.5491589769961385, 1.092197038084246, 1.0957824099701547, 1.095635842787192], [4.74421674146534, 4.811040275241935, 3.8287853387203623, 4.75243235827718, 2.4736434929067688, 2.833204074894712, 4.056793064724894, 2.345916712076539, 1.3432955929355237, 2.539318625143367, 0.0, 1.8726892988427097, 1.5024410670638633, 2.3704183280594164, 5.752595224765948, 4.076233666020632, 4.786556078225764, 5.137673286615255, 5.765130786894605, 3.9841012863630865, 5.700311589729109, 5.125100448771712, 4.537624201054997, 3.2647441814022735, 2.740559930014303, 3.2415098596178913, 3.241079921877892], [6.055240214888258, 6.346487121234865, 5.339915079849117, 6.281323778472178, 4.1721978212927535, 4.703598471383373, 5.928866648863002, 4.120082272236806, 2.856825241417472, 3.3059065398162724, 1.8726892988427097, 0.0, 2.885469086647785, 3.028330236285336, 7.047430648825145, 5.41014497495215, 5.826395099888095, 6.829186072292949, 7.215767838560217, 5.1853770788632145, 7.125891765245947, 6.8090539710006714, 5.925092703072248, 4.930978365395655, 2.813119208281085, 4.0452571092577045, 4.04473725846315], [3.6618342685053347, 3.567838854264581, 2.4589054983874434, 3.5021985095079917, 1.3937924128075887, 2.4359023482069224, 3.5821632249242916, 2.7389311820489395, 2.44592872545379, 3.886893288990579, 1.5024410670638633, 2.885469086647785, 0.0, 1.2320825499941148, 4.740682349620148, 3.2798210957306804, 3.6132563166761367, 4.092524946777967, 4.419410253642447, 2.4853894061092316, 4.348300180530318, 4.069340104980168, 3.400384959089191, 3.7524757494219734, 4.229733288281898, 4.481301570972434, 4.479867232407674], [3.8618016831525668, 3.883231471339302, 2.7654993147712044, 3.7998917629322024, 2.3074964225324384, 3.566821764540527, 4.62417688675509, 3.9707206260325094, 3.557079015147119, 4.902588178707243, 2.3704183280594164, 3.028330236285336, 1.2320825499941148, 0.0, 4.9377072098292745, 3.715367186429896, 3.460497475797374, 4.656944548735791, 4.5198473580420835, 2.263643777187568, 4.412068962516339, 4.612138133230617, 3.632921372669659, 4.984425742249552, 5.053023397927226, 5.534082339466951, 5.526912893288621], [1.0947455092394762, 2.159452988606142, 3.496224891221959, 4.687539689431973, 4.0554411412323566, 4.501073210913149, 4.5283174546403, 5.456497765050399, 6.025354719018625, 7.284311287966763, 5.752595224765948, 7.047430648825145, 4.740682349620148, 4.9377072098292745, 0.0, 1.7680283312209677, 1.7712558736670432, 2.4787613640687565, 2.440677203154895, 3.720161687346398, 4.826396475632726, 4.920929795272435, 5.602933343347929, 5.994466037104557, 7.889406752728624, 7.189730266845898, 7.989500381125218], [1.0942239304639614, 2.1763818116314058, 2.8572606653926416, 4.286569334561148, 2.7724126442504913, 3.18719167136211, 3.581523710657239, 3.909029628948852, 4.320243198015593, 5.553151701511494, 4.076233666020632, 5.41014497495215, 3.2798210957306804, 3.715367186429896, 1.7680283312209677, 0.0, 1.7755645947134675, 2.4984798698408595, 3.0623665440309393, 3.190918102991677, 4.7945148117406, 4.544206065970161, 4.984920537982527, 4.537236825425801, 6.125804803452359, 5.491012628832682, 6.311370111156531], [1.0945353808808558, 2.1711153539137436, 2.78665416584118, 4.18168947795027, 3.3435217660425063, 4.27542675764654, 4.711143366530041, 5.1778224023232005, 5.423423724917683, 6.783757322457814, 4.786556078225764, 5.826395099888095, 3.6132563166761367, 3.460497475797374, 1.7712558736670432, 1.7755645947134675, 0.0, 3.0648569836127755, 2.511457206483917, 2.53279024200584, 4.346210352709589, 4.77274100491531, 4.867628426657072, 5.955327905329816, 7.215431974594452, 6.910060779761637, 7.540124748968017], [2.145858254871463, 1.0948632837025818, 2.1939815518823305, 2.8216338174894346, 2.843120400194125, 2.8912672256296204, 2.4651890982235014, 4.146091892372865, 5.118375176752872, 6.439747463992668, 5.137673286615255, 6.829186072292949, 4.092524946777967, 4.656944548735791, 2.4787613640687565, 2.4984798698408595, 3.0648569836127755, 0.0, 1.7536566682221466, 3.055880858279655, 3.185814109454599, 2.653601072128213, 3.8226311606012944, 4.554817749372635, 7.255066147872119, 6.496182658300181, 6.846205873328672], [2.138330671341549, 1.0972997311582646, 2.163339700555601, 2.7200239171742586, 3.4502443942422394, 4.088433956908195, 3.942618995033631, 5.387045577122956, 6.1153162322156325, 7.559326358214732, 5.765130786894605, 7.215767838560217, 4.419410253642447, 4.5198473580420835, 2.440677203154895, 3.0623665440309393, 2.511457206483917, 1.7536566682221466, 0.0, 2.4345251138569095, 2.5199536126682966, 3.0663395539307126, 3.735002168674069, 5.987850013151633, 8.233068972139126, 7.755141294650922, 8.027275089966707], [2.748052421261283, 2.125413524470003, 1.0967563494231525, 2.1092979732602974, 2.10172775829792, 3.3645732522862395, 3.8997467033129216, 4.435159011805552, 4.716882524507049, 6.218666495318751, 3.9841012863630865, 5.1853770788632145, 2.4853894061092316, 2.263643777187568, 3.720161687346398, 3.190918102991677, 2.53279024200584, 3.055880858279655, 2.4345251138569095, 0.0, 2.402347980622291, 3.0484491056929257, 2.48210786429599, 5.310964169527036, 6.685329569288264, 6.6957185432184945, 6.704552326591239], [4.177303313143541, 2.7896129677788637, 2.17419411046944, 1.0953883238377156, 3.4331619987993576, 4.100318410806654, 3.9959389997846566, 5.379946330587322, 6.07721619246839, 7.523380725445177, 5.700311589729109, 7.125891765245947, 4.348300180530318, 4.412068962516339, 4.826396475632726, 4.7945148117406, 4.346210352709589, 3.185814109454599, 2.5199536126682966, 2.402347980622291, 0.0, 1.7650031982973857, 1.7712235008603519, 5.997089334835692, 8.181053282432526, 8.012282357106495, 7.717739570625586], [4.257455794250834, 2.809281805017076, 2.196642396932191, 1.093881241268905, 2.847361020313371, 2.9092108311361695, 2.498866759153037, 4.159036615611842, 5.1197803781021705, 6.445856822021414, 5.125100448771712, 6.8090539710006714, 4.069340104980168, 4.612138133230617, 4.920929795272435, 4.544206065970161, 4.77274100491531, 2.653601072128213, 3.0663395539307126, 3.0484491056929257, 1.7650031982973857, 0.0, 1.7688598078988622, 4.575540634722852, 7.255204232824877, 6.859598502827989, 6.504492943343085], [4.716785093684044, 3.492489115229996, 2.176191209429907, 1.0954422075125645, 2.7000691954096285, 3.3221869875128944, 3.5382716487008175, 4.354198246520248, 4.89120127780487, 6.261288674865582, 4.537624201054997, 5.925092703072248, 3.400384959089191, 3.632921372669659, 5.602933343347929, 4.984920537982527, 4.867628426657072, 3.8226311606012944, 3.735002168674069, 2.48210786429599, 1.7712235008603519, 1.7688598078988622, 0.0, 5.016719156978991, 6.865586939220855, 6.9117106869428495, 6.336875098185225], [5.287857723123798, 4.958887683745217, 4.47188838635313, 4.936025454756083, 3.2260318752300017, 2.005001620946976, 2.3661834797834254, 1.0147800204970534, 2.0754704189653004, 2.5491589769961385, 3.2647441814022735, 4.930978365395655, 3.7524757494219734, 4.984425742249552, 5.994466037104557, 4.537236825425801, 5.955327905329816, 4.554817749372635, 5.987850013151633, 5.310964169527036, 5.997089334835692, 4.575540634722852, 5.016719156978991, 0.0, 3.625905343496987, 2.5793249969711067, 2.5759259558457805], [7.023944235256996, 7.192410826697819, 6.371622017979409, 7.1434064766048415, 4.907845011815267, 4.600833770089939, 5.598757138865732, 3.3710577583304624, 2.189289907709804, 1.092197038084246, 2.740559930014303, 2.813119208281085, 4.229733288281898, 5.053023397927226, 7.889406752728624, 6.125804803452359, 7.215431974594452, 7.255066147872119, 8.233068972139126, 6.685329569288264, 8.181053282432526, 7.255204232824877, 6.865586939220855, 3.625905343496987, 0.0, 1.7612325116236074, 1.761211892419535], [6.477786839654421, 6.664831420223619, 6.152122240333005, 6.9580148325510205, 4.7104851873241245, 4.010081303415181, 4.7590278271932815, 2.7006218265429167, 2.143585561623328, 1.0957824099701547, 3.2415098596178913, 4.0452571092577045, 4.481301570972434, 5.534082339466951, 7.189730266845898, 5.491012628832682, 6.910060779761637, 6.496182658300181, 7.755141294650922, 6.6957185432184945, 8.012282357106495, 6.859598502827989, 6.9117106869428495, 2.5793249969711067, 1.7612325116236074, 0.0, 1.7745090278722169], [7.147000591157105, 6.995316492482666, 6.158544051153649, 6.627977140877902, 4.716711985059083, 4.012214225337425, 4.75837309277026, 2.7002882883129353, 2.1436282350258407, 1.095635842787192, 3.241079921877892, 4.04473725846315, 4.479867232407674, 5.526912893288621, 7.989500381125218, 6.311370111156531, 7.540124748968017, 6.846205873328672, 8.027275089966707, 6.704552326591239, 7.717739570625586, 6.504492943343085, 6.336875098185225, 2.5759259558457805, 1.761211892419535, 1.7745090278722169, 0.0]]}