{"total energy": -56.23978085, "HOMO-LUMO gap/eV": 3.26862261, "electronic energy": -56.8967039, "dipole": [-1.028255, -0.36271422, -0.864076], "partial charges": [0.03834517, -0.3224086, 0.07976256, -0.0692794, 0.00860062, -0.20385228, 0.26101142, -0.36797353, 0.262635, -0.19988588, 0.05413728, -0.11007936, -0.11591163, -0.33566282, 0.23228258, -0.11093679, -0.05349034, -0.32782275, 0.03161322, 0.056325, 0.0310619, 0.03267354, 0.02861811, 0.05823424, 0.05264697, 0.0346824, 0.072817, 0.18424033, 0.18321079, 0.06253657, 0.03744088, 0.03809303, 0.04367944, 0.04554438, 0.04229471, 0.04840881, 0.06464062, 0.06456825, 0.06719855], "atomic dipole moments": [[-0.10364222, 0.19199082, -0.00013087], [-0.13024425, -0.22552927, 0.10916918], [0.16316259, 0.07339922, -0.0868125], [-0.07650932, -0.10406093, 0.06109863], [-0.05502403, -0.08997817, -0.13428207], [-0.02060375, 0.16790562, 0.0510859], [0.03227729, 0.00148075, -0.00107378], [-0.05709868, 0.02163563, 0.28089914], [-0.01605037, 0.00262083, -0.01155739], [-0.00616891, -0.13924317, 0.06947395], [0.12777926, -0.00484979, -0.09022683], [-0.00520744, 0.11085863, -0.00545873], [0.08256346, -0.03564015, 0.08805565], [0.26248065, -0.01311184, -0.10262948], [-0.00618947, 0.00290433, 0.03753989], [-0.20651899, 0.02740956, -0.33043129], [0.16295999, -0.03411287, -0.00310912], [-0.19989834, -0.01198617, -0.19326038], [0.01115386, -0.03260206, 0.11565597], [0.11558869, 0.00396865, -0.0507617], [-0.06714961, -0.07488695, -0.06640971], [-0.06729248, -0.07783951, -0.06363465], [0.00992119, -0.03359231, 0.11458312], [0.08154964, 0.07999908, 0.05179781], [0.00374737, 0.03773364, -0.12077643], [-0.02998965, 0.11680488, -0.00109331], [0.01103293, -0.0361254, 0.12758952], [-0.03155278, 0.04331514, -0.11861171], [0.07420345, -0.05313579, -0.09522228], [-0.05563355, 0.04416114, 0.11342872], [0.08035259, -0.04063838, 0.0922833], [0.04341268, -0.05430693, -0.1067851], [-0.11146346, -0.0551635, 0.02544194], [-0.11608766, -0.04724377, 0.02463083], [0.030943, -0.03837503, -0.11740875], [-0.01247315, 0.12721194, -0.00882946], [-0.02177181, 0.11227013, -0.06644832], [-0.04083437, 0.01838326, 0.1184963], [-0.06908652, -0.10002686, -0.04966885]], "atomic quadrupole moments": [[-0.09397981, -0.27986112, 0.35041795, -0.00818717, -0.02220752, -0.25643814], [0.06355474, -0.05478012, 0.06062828, -0.08843236, -0.0295874, -0.12418302], [0.29395234, -0.13086635, -0.03490414, -0.26639608, -0.03007484, -0.25904821], [0.11188268, -0.14625396, 0.07511865, -0.1310266, -0.00496178, -0.18700133], [0.27207289, 0.14155375, -0.16748725, 0.03569429, 0.15062754, -0.10458564], [0.09542337, 0.06047189, -0.03153349, 0.01099561, 0.06031848, -0.06388988], [-0.11559517, 0.0495936, 0.43266406, -0.07401715, -0.04395648, -0.31706889], [-0.03160126, 0.01456195, 0.16404471, 0.02159501, -0.02025666, -0.13244345], [-0.20493805, 0.04992441, 0.43117787, 0.10681458, -0.0499683, -0.22623982], [0.0848418, 0.06303579, -0.033795, 0.0437406, -0.03045425, -0.05104679], [0.17327632, 0.08957567, 0.0018749, 0.07734045, -0.10206698, -0.17515122], [-0.10057723, -0.01983676, 0.22763355, 0.00731608, -0.02130144, -0.12705632], [0.04767142, -0.05742237, -0.09904725, 0.17937967, -0.07134665, 0.05137583], [-0.13090744, 0.0119508, 0.19478052, -0.00217111, -0.01733601, -0.06387308], [-0.37070674, 0.01686179, 0.39252197, -0.08258262, -0.02898912, -0.02181523], [0.27997421, -0.17623317, -0.50047719, -0.13302868, 0.05762734, 0.22050298], [0.38339737, -0.13754607, -0.2034011, -0.00375658, 0.00403405, -0.17999627], [-0.12213871, 0.01087612, 0.20449529, -0.0261802, -0.02109357, -0.08235658], [-0.05137526, -0.0156841, -0.00919206, 0.00444235, -0.02626815, 0.06056732], [0.05692811, 0.00647188, -0.02596002, -0.04945942, -0.00938053, -0.03096808], [-0.00285946, 0.02705555, 0.02278648, 0.04369893, 0.03293783, -0.01992703], [0.0162243, 0.02311, -0.00966165, 0.01927843, 0.02440571, -0.00656265], [-0.01430052, -0.00490338, -0.0306786, -0.00427395, -0.01297165, 0.04497913], [0.00977779, 0.02528481, 0.00074823, 0.03609829, 0.03241332, -0.01052603], [-0.03381044, -0.0129097, -0.02310739, 0.01385643, -0.0117688, 0.05691782], [0.00912062, -0.01194429, 0.03562641, 0.01692217, -0.00170546, -0.04474703], [-0.01146321, 0.00673136, -0.0145581, -0.0026144, -0.03477437, 0.02602132], [-0.00178331, 0.02523636, -0.05704246, -0.03020181, -0.00414984, 0.05882577], [-0.00848757, 0.01672717, -0.05584241, -0.00088718, 0.02808528, 0.06432998], [-0.01581781, -0.0032874, -0.00566163, 0.00537578, 0.01245012, 0.02147944], [0.00510514, -0.01447398, -0.02923445, 0.06299325, -0.00952231, 0.0241293], [-0.03690002, -0.01409004, -0.02649352, -0.03954676, 0.02547829, 0.06339354], [0.06864932, 0.0357066, -0.0201996, -0.02312836, -0.0102322, -0.04844972], [0.05304564, 0.04636113, -0.02519348, -0.02523967, -0.02246495, -0.02785216], [-0.02273655, -0.02613353, -0.02628956, -0.03529915, 0.03956572, 0.04902611], [-0.0452001, -0.00353407, 0.0806222, 0.00986621, 0.00381092, -0.0354221], [-0.00606568, -0.00885478, 0.02660031, 0.0048719, -0.05812401, -0.02053463], [-0.01881126, -0.01134741, -0.05472092, -0.03516292, 0.01827414, 0.07353218], [0.00918809, 0.02589878, 0.02631018, 0.02667442, 0.04079374, -0.03549827]], "number of molecular orbitals": 98, "number of electrons": 102, "number of unpaired electrons": 0, "orbital energies/eV": [-19.4641233, -18.79687448, -18.65673318, -18.15045491, -17.9107334, -17.68325215, -17.65325987, -17.35146562, -17.13660978, -16.91951813, -16.49858926, -16.41119914, -16.3657895, -16.30108613, -16.1569527, -15.7963831, -15.72663138, -15.17129149, -15.10610647, -14.97782607, -14.82092901, -14.78350324, -14.56625249, -14.33649959, -14.11786252, -13.98957389, -13.87424019, -13.72996863, -13.67700156, -13.58007776, -13.5009528, -13.28507177, -12.99536268, -12.98299051, -12.86027867, -12.76206114, -12.73599846, -12.55029295, -12.43888484, -12.346832, -12.30599641, -12.22976554, -12.16966691, -12.12814552, -12.00325587, -10.84619764, -10.70014743, -10.64993175, -10.18719317, -10.1395653, -10.08991078, -6.82128817, -6.37982132, -5.40882389, -3.68300368, -3.33323574, -0.1478701, 0.13123657, 0.23234359, 0.40545624, 1.01997334, 1.14943595, 2.07104624, 2.46639507, 2.76508078, 2.90339203, 2.95472024, 3.10634803, 3.29074565, 3.63883591, 3.92824921, 3.99643051, 4.06819975, 4.36505718, 4.4482143, 4.76134394, 4.94195835, 5.02278577, 5.1419114, 5.43098838, 5.61674336, 5.67501553, 5.82334748, 5.9344543, 5.97829428, 6.35071798, 6.45932356, 6.50048573, 6.73436291, 7.0088537, 7.44643199, 7.57222176, 8.00084799, 10.48997728, 11.59051752, 12.87652072, 13.86718929, 17.60980953], "fractional occupation": [2.0, 2.0, 2.0, 2.0, 2.0, 2.0, 2.0, 2.0, 2.0, 2.0, 2.0, 2.0, 2.0, 2.0, 2.0, 2.0, 2.0, 2.0, 2.0, 2.0, 2.0, 2.0, 2.0, 2.0, 2.0, 2.0, 2.0, 2.0, 2.0, 2.0, 2.0, 2.0, 2.0, 2.0, 2.0, 2.0, 2.0, 2.0, 2.0, 2.0, 2.0, 2.0, 2.0, 2.0, 2.0, 2.0, 2.0, 2.0, 2.0, 2.0, 2.0, 0.0, 0.0, 0.0, 0.0, 0.0, 0.0, 0.0, 0.0, 0.0, 0.0, 0.0, 0.0, 0.0, 0.0, 0.0, 0.0, 0.0, 0.0, 0.0, 0.0, 0.0, 0.0, 0.0, 0.0, 0.0, 0.0, 0.0, 0.0, 0.0, 0.0, 0.0, 0.0, 0.0, 0.0, 0.0, 0.0, 0.0, 0.0, 0.0, 0.0, 0.0, 0.0, 0.0, 0.0, 0.0, 0.0, 0.0], "program call": "xtb /home/svss/Project-DBcg-Debug/aqme2_20220329/End-to-End-workflows-final/example-3/QDESCP/mol_708_rdkit_conf_1/mol_708_rdkit_conf_1.xyz --pop --wbo --acc 0.2 --gfn 2 --chrg 0 --uhf 0 --etemp 300 --input /home/svss/Project-DBcg-Debug/aqme2_20220329/End-to-End-workflows-final/example-3/QDESCP/mol_708_rdkit_conf_1/mol_708_rdkit_conf_1_xtb.inp", "method": "GFN2-xTB", "xtb version": "6.3.3 (7355c4f)", "Dipole module/D": 3.536, "Total charge": 0, "Transition dipole module/D": NaN, "HOMO": -10.0899, "LUMO": -6.8213, "HOMO occupancy": 2.0, "LUMO occupancy": 0, "mulliken charges": [0.17112, -0.47042, 0.19747, -0.06373, 0.09279, -0.36532, 0.44163, -0.45068, 0.44419, -0.36058, 0.13544, -0.10487, -0.09994, -0.42934, 0.37743, -0.0901, -0.00901, -0.4217, 0.01438, 0.03262, 0.01434, 0.01613, 0.01347, 0.04072, 0.03785, 0.02716, 0.03541, 0.21657, 0.21752, 0.0326, 0.04099, 0.02986, 0.03209, 0.03071, 0.02986, 0.03746, 0.03663, 0.03506, 0.03423], "cm5 charges": [0.04847, -0.57501, 0.11536, -0.16527, 0.0458, -0.70629, 0.65865, -0.62646, 0.66227, -0.6996, 0.12345, -0.247, -0.24215, -0.60927, 0.54671, -0.11683, -0.13778, -0.5947, 0.07334, 0.09154, 0.07328, 0.08164, 0.077, 0.09809, 0.09724, 0.09301, 0.10367, 0.4177, 0.41917, 0.10413, 0.09627, 0.08391, 0.08394, 0.08248, 0.08382, 0.0911, 0.09144, 0.08741, 0.08948], "FUKUI+": [0.005, -0.007, 0.003, 0.006, 0.013, -0.049, -0.032, -0.105, -0.027, -0.046, 0.008, 0.012, 0.012, -0.081, -0.05, -0.231, 0.038, -0.077, -0.005, -0.013, -0.003, 0.002, -0.005, -0.022, -0.014, -0.019, -0.015, -0.037, -0.036, -0.01, 0.004, -0.018, -0.029, -0.024, -0.017, -0.014, -0.036, -0.048, -0.035], "FUKUI-": [0.02, -0.081, 0.013, 0.008, 0.012, -0.037, 0.0, -0.059, -0.0, -0.049, 0.004, 0.006, 0.009, -0.058, 0.021, -0.229, 0.037, -0.064, -0.041, -0.034, -0.039, -0.035, -0.038, -0.025, -0.02, -0.031, -0.016, -0.027, -0.028, -0.013, -0.004, -0.017, -0.026, -0.023, -0.017, -0.015, -0.035, -0.037, -0.034], "FUKUIrad": [0.012, -0.044, 0.008, 0.007, 0.013, -0.043, -0.016, -0.082, -0.014, -0.047, 0.006, 0.009, 0.01, -0.07, -0.015, -0.23, 0.038, -0.07, -0.023, -0.023, -0.021, -0.017, -0.021, -0.024, -0.017, -0.025, -0.016, -0.032, -0.032, -0.011, 0.0, -0.017, -0.027, -0.024, -0.017, -0.014, -0.035, -0.042, -0.034], "s proportion": [0.971, 1.695, 0.996, 1.036, 1.006, 1.459, 0.978, 1.532, 0.976, 1.452, 1.028, 1.018, 1.016, 1.534, 1.019, 1.926, 1.01, 1.532, 0.986, 0.967, 0.986, 0.984, 0.987, 0.959, 0.962, 0.973, 0.965, 0.783, 0.782, 0.967, 0.959, 0.97, 0.968, 0.969, 0.97, 0.963, 0.963, 0.965, 0.966], "p proportion": [2.858, 4.775, 2.807, 3.028, 2.901, 3.907, 2.58, 3.918, 2.58, 3.909, 2.836, 3.087, 3.084, 3.896, 2.604, 4.162, 2.999, 3.89, 0.0, 0.0, 0.0, 0.0, 0.0, 0.0, 0.0, 0.0, 0.0, 0.0, 0.0, 0.0, 0.0, 0.0, 0.0, 0.0, 0.0, 0.0, 0.0, 0.0, 0.0], "d proportion": [0.0, 0.0, 0.0, 0.0, 0.0, 0.0, 0.0, 0.0, 0.0, 0.0, 0.0, 0.0, 0.0, 0.0, 0.0, 0.001, 0.0, 0.0, 0.0, 0.0, 0.0, 0.0, 0.0, 0.0, 0.0, 0.0, 0.0, 0.0, 0.0, 0.0, 0.0, 0.0, 0.0, 0.0, 0.0, 0.0, 0.0, 0.0, 0.0], "Fermi-level/eV": -8.4556, "Coordination numbers": [3.65, 1.697, 3.702, 3.801, 3.749, 2.696, 2.942, 1.857, 2.936, 2.701, 3.791, 3.752, 3.755, 1.874, 3.001, 2.035, 3.742, 1.891, 0.924, 0.924, 0.924, 0.924, 0.924, 0.924, 0.924, 0.924, 0.924, 0.86, 0.86, 0.924, 0.924, 0.924, 0.924, 0.924, 0.924, 0.924, 0.924, 0.924, 0.924], "Dispersion coefficient C6": [20.242, 19.39, 19.4, 21.826, 20.495, 25.431, 22.617, 30.447, 22.588, 25.341, 19.679, 22.665, 22.776, 29.566, 23.134, 145.696, 21.611, 29.355, 2.564, 2.243, 2.571, 2.549, 2.606, 2.22, 2.287, 2.521, 2.055, 1.19, 1.196, 2.17, 2.483, 2.475, 2.401, 2.376, 2.419, 2.34, 2.146, 2.146, 2.117], "Total dispersion C6": 15624.275572, "Total dispersion C8": 372625.343798, "Polarizability alpha": [6.463, 5.945, 6.298, 6.652, 6.457, 7.49, 7.8, 8.178, 7.795, 7.477, 6.318, 6.789, 6.805, 8.06, 7.89, 20.316, 6.632, 8.032, 2.504, 2.342, 2.508, 2.497, 2.525, 2.33, 2.365, 2.483, 2.242, 1.709, 1.713, 2.304, 2.464, 2.46, 2.423, 2.411, 2.432, 2.392, 2.291, 2.291, 2.275], "Total polarizability alpha": 190.355098, "Wiberg matrix": [[0.0, 0.995227905927549, 0.0, 0.0, 0.0, 0.0, 0.0, 0.0, 0.0, 0.0, 0.0, 0.0, 0.0, 0.0, 0.0, 0.0, 0.0, 0.0, 0.9787072132031664, 0.9807306266274972, 0.9786472479306975, 0.0, 0.0, 0.0, 0.0, 0.0, 0.0, 0.0, 0.0, 0.0, 0.0, 0.0, 0.0, 0.0, 0.0, 0.0, 0.0, 0.0, 0.0], [0.995227905927549, 0.0, 0.9779809528649479, 0.0, 0.0, 0.0, 0.0, 0.0, 0.0, 0.0, 0.0, 0.0, 0.0, 0.0, 0.0, 0.0, 0.0, 0.0, 0.0, 0.0, 0.0, 0.0, 0.0, 0.0, 0.0, 0.0, 0.0, 0.0, 0.0, 0.0, 0.0, 0.0, 0.0, 0.0, 0.0, 0.0, 0.0, 0.0, 0.0], [0.0, 0.9779809528649479, 0.0, 1.0049193509134529, 0.0, 0.0, 0.0, 0.0, 0.0, 0.0, 0.0, 0.0, 0.0, 0.0, 0.0, 0.0, 0.0, 0.0, 0.0, 0.0, 0.0, 0.9691284646056411, 0.968994342537918, 0.0, 0.0, 0.0, 0.0, 0.0, 0.0, 0.0, 0.0, 0.0, 0.0, 0.0, 0.0, 0.0, 0.0, 0.0, 0.0], [0.0, 0.0, 1.0049193509134529, 0.0, 1.006770732400646, 0.0, 0.0, 0.0, 0.0, 0.0, 0.0, 0.0, 0.0, 0.0, 0.0, 0.0, 0.0, 0.0, 0.0, 0.0, 0.0, 0.0, 0.0, 0.9725434150047757, 0.9737304143004792, 0.0, 0.0, 0.0, 0.0, 0.0, 0.0, 0.0, 0.0, 0.0, 0.0, 0.0, 0.0, 0.0, 0.0], [0.0, 0.0, 0.0, 1.006770732400646, 0.0, 0.9882050270058181, 0.0, 0.0, 0.0, 0.0, 0.0, 0.0, 0.0, 0.0, 0.0, 0.0, 0.0, 0.0, 0.0, 0.0, 0.0, 0.0, 0.0, 0.0, 0.0, 0.9689406116467512, 0.9677407406485511, 0.0, 0.0, 0.0, 0.0, 0.0, 0.0, 0.0, 0.0, 0.0, 0.0, 0.0, 0.0], [0.0, 0.0, 0.0, 0.0, 0.9882050270058181, 0.0, 1.1726395010079171, 0.0, 0.0, 0.0, 0.0, 0.0, 0.0, 0.0, 0.0, 0.0, 0.0, 0.0, 0.0, 0.0, 0.0, 0.0, 0.0, 0.0, 0.0, 0.0, 0.0, 0.9324098968804877, 0.0, 0.0, 0.0, 0.0, 0.0, 0.0, 0.0, 0.0, 0.0, 0.0, 0.0], [0.0, 0.0, 0.0, 0.0, 0.0, 1.1726395010079171, 0.0, 1.332683961135022, 0.0, 0.0, 0.0, 0.0, 0.0, 0.0, 0.0, 0.0, 0.0, 1.3240400562956627, 0.0, 0.0, 0.0, 0.0, 0.0, 0.0, 0.0, 0.0, 0.0, 0.0, 0.0, 0.0, 0.0, 0.0, 0.0, 0.0, 0.0, 0.0, 0.0, 0.0, 0.0], [0.0, 0.0, 0.0, 0.0, 0.0, 0.0, 1.332683961135022, 0.0, 1.3297545755334117, 0.0, 0.0, 0.0, 0.0, 0.0, 0.0, 0.0, 0.0, 0.0, 0.0, 0.0, 0.0, 0.0, 0.0, 0.0, 0.0, 0.0, 0.0, 0.0, 0.0, 0.0, 0.0, 0.0, 0.0, 0.0, 0.0, 0.0, 0.0, 0.0, 0.0], [0.0, 0.0, 0.0, 0.0, 0.0, 0.0, 0.0, 1.3297545755334117, 0.0, 1.18796586278404, 0.0, 0.0, 0.0, 1.3109995908762713, 0.0, 0.0, 0.0, 0.0, 0.0, 0.0, 0.0, 0.0, 0.0, 0.0, 0.0, 0.0, 0.0, 0.0, 0.0, 0.0, 0.0, 0.0, 0.0, 0.0, 0.0, 0.0, 0.0, 0.0, 0.0], [0.0, 0.0, 0.0, 0.0, 0.0, 0.0, 0.0, 0.0, 1.18796586278404, 0.0, 0.9782397862898476, 0.0, 0.0, 0.0, 0.0, 0.0, 0.0, 0.0, 0.0, 0.0, 0.0, 0.0, 0.0, 0.0, 0.0, 0.0, 0.0, 0.0, 0.9325265718647138, 0.0, 0.0, 0.0, 0.0, 0.0, 0.0, 0.0, 0.0, 0.0, 0.0], [0.0, 0.0, 0.0, 0.0, 0.0, 0.0, 0.0, 0.0, 0.0, 0.9782397862898476, 0.0, 0.9993221825875952, 1.0053578633120313, 0.0, 0.0, 0.0, 0.0, 0.0, 0.0, 0.0, 0.0, 0.0, 0.0, 0.0, 0.0, 0.0, 0.0, 0.0, 0.0, 0.9613456073789252, 0.0, 0.0, 0.0, 0.0, 0.0, 0.0, 0.0, 0.0, 0.0], [0.0, 0.0, 0.0, 0.0, 0.0, 0.0, 0.0, 0.0, 0.0, 0.0, 0.9993221825875952, 0.0, 0.0, 0.0, 0.0, 0.0, 0.0, 0.0, 0.0, 0.0, 0.0, 0.0, 0.0, 0.0, 0.0, 0.0, 0.0, 0.0, 0.0, 0.0, 0.9857164113520827, 0.985458034563263, 0.9841628159712058, 0.0, 0.0, 0.0, 0.0, 0.0, 0.0], [0.0, 0.0, 0.0, 0.0, 0.0, 0.0, 0.0, 0.0, 0.0, 0.0, 1.0053578633120313, 0.0, 0.0, 0.0, 0.0, 0.0, 0.0, 0.0, 0.0, 0.0, 0.0, 0.0, 0.0, 0.0, 0.0, 0.0, 0.0, 0.0, 0.0, 0.0, 0.0, 0.0, 0.0, 0.9851149134354703, 0.9857620238016509, 0.9857667922015644, 0.0, 0.0, 0.0], [0.0, 0.0, 0.0, 0.0, 0.0, 0.0, 0.0, 0.0, 1.3109995908762713, 0.0, 0.0, 0.0, 0.0, 0.0, 1.380181977726645, 0.0, 0.0, 0.0, 0.0, 0.0, 0.0, 0.0, 0.0, 0.0, 0.0, 0.0, 0.0, 0.0, 0.0, 0.0, 0.0, 0.0, 0.0, 0.0, 0.0, 0.0, 0.0, 0.0, 0.0], [0.0, 0.0, 0.0, 0.0, 0.0, 0.0, 0.0, 0.0, 0.0, 0.0, 0.0, 0.0, 0.0, 1.380181977726645, 0.0, 1.0693284176496152, 0.0, 1.3765304067385051, 0.0, 0.0, 0.0, 0.0, 0.0, 0.0, 0.0, 0.0, 0.0, 0.0, 0.0, 0.0, 0.0, 0.0, 0.0, 0.0, 0.0, 0.0, 0.0, 0.0, 0.0], [0.0, 0.0, 0.0, 0.0, 0.0, 0.0, 0.0, 0.0, 0.0, 0.0, 0.0, 0.0, 0.0, 0.0, 1.0693284176496152, 0.0, 1.0123044828156764, 0.0, 0.0, 0.0, 0.0, 0.0, 0.0, 0.0, 0.0, 0.0, 0.0, 0.0, 0.0, 0.0, 0.0, 0.0, 0.0, 0.0, 0.0, 0.0, 0.0, 0.0, 0.0], [0.0, 0.0, 0.0, 0.0, 0.0, 0.0, 0.0, 0.0, 0.0, 0.0, 0.0, 0.0, 0.0, 0.0, 0.0, 1.0123044828156764, 0.0, 0.0, 0.0, 0.0, 0.0, 0.0, 0.0, 0.0, 0.0, 0.0, 0.0, 0.0, 0.0, 0.0, 0.0, 0.0, 0.0, 0.0, 0.0, 0.0, 0.981282271710227, 0.9797800941227254, 0.980709794232475], [0.0, 0.0, 0.0, 0.0, 0.0, 0.0, 1.3240400562956627, 0.0, 0.0, 0.0, 0.0, 0.0, 0.0, 0.0, 1.3765304067385051, 0.0, 0.0, 0.0, 0.0, 0.0, 0.0, 0.0, 0.0, 0.0, 0.0, 0.0, 0.0, 0.0, 0.0, 0.0, 0.0, 0.0, 0.0, 0.0, 0.0, 0.0, 0.0, 0.0, 0.0], [0.9787072132031664, 0.0, 0.0, 0.0, 0.0, 0.0, 0.0, 0.0, 0.0, 0.0, 0.0, 0.0, 0.0, 0.0, 0.0, 0.0, 0.0, 0.0, 0.0, 0.0, 0.0, 0.0, 0.0, 0.0, 0.0, 0.0, 0.0, 0.0, 0.0, 0.0, 0.0, 0.0, 0.0, 0.0, 0.0, 0.0, 0.0, 0.0, 0.0], [0.9807306266274972, 0.0, 0.0, 0.0, 0.0, 0.0, 0.0, 0.0, 0.0, 0.0, 0.0, 0.0, 0.0, 0.0, 0.0, 0.0, 0.0, 0.0, 0.0, 0.0, 0.0, 0.0, 0.0, 0.0, 0.0, 0.0, 0.0, 0.0, 0.0, 0.0, 0.0, 0.0, 0.0, 0.0, 0.0, 0.0, 0.0, 0.0, 0.0], [0.9786472479306975, 0.0, 0.0, 0.0, 0.0, 0.0, 0.0, 0.0, 0.0, 0.0, 0.0, 0.0, 0.0, 0.0, 0.0, 0.0, 0.0, 0.0, 0.0, 0.0, 0.0, 0.0, 0.0, 0.0, 0.0, 0.0, 0.0, 0.0, 0.0, 0.0, 0.0, 0.0, 0.0, 0.0, 0.0, 0.0, 0.0, 0.0, 0.0], [0.0, 0.0, 0.9691284646056411, 0.0, 0.0, 0.0, 0.0, 0.0, 0.0, 0.0, 0.0, 0.0, 0.0, 0.0, 0.0, 0.0, 0.0, 0.0, 0.0, 0.0, 0.0, 0.0, 0.0, 0.0, 0.0, 0.0, 0.0, 0.0, 0.0, 0.0, 0.0, 0.0, 0.0, 0.0, 0.0, 0.0, 0.0, 0.0, 0.0], [0.0, 0.0, 0.968994342537918, 0.0, 0.0, 0.0, 0.0, 0.0, 0.0, 0.0, 0.0, 0.0, 0.0, 0.0, 0.0, 0.0, 0.0, 0.0, 0.0, 0.0, 0.0, 0.0, 0.0, 0.0, 0.0, 0.0, 0.0, 0.0, 0.0, 0.0, 0.0, 0.0, 0.0, 0.0, 0.0, 0.0, 0.0, 0.0, 0.0], [0.0, 0.0, 0.0, 0.9725434150047757, 0.0, 0.0, 0.0, 0.0, 0.0, 0.0, 0.0, 0.0, 0.0, 0.0, 0.0, 0.0, 0.0, 0.0, 0.0, 0.0, 0.0, 0.0, 0.0, 0.0, 0.0, 0.0, 0.0, 0.0, 0.0, 0.0, 0.0, 0.0, 0.0, 0.0, 0.0, 0.0, 0.0, 0.0, 0.0], [0.0, 0.0, 0.0, 0.9737304143004792, 0.0, 0.0, 0.0, 0.0, 0.0, 0.0, 0.0, 0.0, 0.0, 0.0, 0.0, 0.0, 0.0, 0.0, 0.0, 0.0, 0.0, 0.0, 0.0, 0.0, 0.0, 0.0, 0.0, 0.0, 0.0, 0.0, 0.0, 0.0, 0.0, 0.0, 0.0, 0.0, 0.0, 0.0, 0.0], [0.0, 0.0, 0.0, 0.0, 0.9689406116467512, 0.0, 0.0, 0.0, 0.0, 0.0, 0.0, 0.0, 0.0, 0.0, 0.0, 0.0, 0.0, 0.0, 0.0, 0.0, 0.0, 0.0, 0.0, 0.0, 0.0, 0.0, 0.0, 0.0, 0.0, 0.0, 0.0, 0.0, 0.0, 0.0, 0.0, 0.0, 0.0, 0.0, 0.0], [0.0, 0.0, 0.0, 0.0, 0.9677407406485511, 0.0, 0.0, 0.0, 0.0, 0.0, 0.0, 0.0, 0.0, 0.0, 0.0, 0.0, 0.0, 0.0, 0.0, 0.0, 0.0, 0.0, 0.0, 0.0, 0.0, 0.0, 0.0, 0.0, 0.0, 0.0, 0.0, 0.0, 0.0, 0.0, 0.0, 0.0, 0.0, 0.0, 0.0], [0.0, 0.0, 0.0, 0.0, 0.0, 0.9324098968804877, 0.0, 0.0, 0.0, 0.0, 0.0, 0.0, 0.0, 0.0, 0.0, 0.0, 0.0, 0.0, 0.0, 0.0, 0.0, 0.0, 0.0, 0.0, 0.0, 0.0, 0.0, 0.0, 0.0, 0.0, 0.0, 0.0, 0.0, 0.0, 0.0, 0.0, 0.0, 0.0, 0.0], [0.0, 0.0, 0.0, 0.0, 0.0, 0.0, 0.0, 0.0, 0.0, 0.9325265718647138, 0.0, 0.0, 0.0, 0.0, 0.0, 0.0, 0.0, 0.0, 0.0, 0.0, 0.0, 0.0, 0.0, 0.0, 0.0, 0.0, 0.0, 0.0, 0.0, 0.0, 0.0, 0.0, 0.0, 0.0, 0.0, 0.0, 0.0, 0.0, 0.0], [0.0, 0.0, 0.0, 0.0, 0.0, 0.0, 0.0, 0.0, 0.0, 0.0, 0.9613456073789252, 0.0, 0.0, 0.0, 0.0, 0.0, 0.0, 0.0, 0.0, 0.0, 0.0, 0.0, 0.0, 0.0, 0.0, 0.0, 0.0, 0.0, 0.0, 0.0, 0.0, 0.0, 0.0, 0.0, 0.0, 0.0, 0.0, 0.0, 0.0], [0.0, 0.0, 0.0, 0.0, 0.0, 0.0, 0.0, 0.0, 0.0, 0.0, 0.0, 0.9857164113520827, 0.0, 0.0, 0.0, 0.0, 0.0, 0.0, 0.0, 0.0, 0.0, 0.0, 0.0, 0.0, 0.0, 0.0, 0.0, 0.0, 0.0, 0.0, 0.0, 0.0, 0.0, 0.0, 0.0, 0.0, 0.0, 0.0, 0.0], [0.0, 0.0, 0.0, 0.0, 0.0, 0.0, 0.0, 0.0, 0.0, 0.0, 0.0, 0.985458034563263, 0.0, 0.0, 0.0, 0.0, 0.0, 0.0, 0.0, 0.0, 0.0, 0.0, 0.0, 0.0, 0.0, 0.0, 0.0, 0.0, 0.0, 0.0, 0.0, 0.0, 0.0, 0.0, 0.0, 0.0, 0.0, 0.0, 0.0], [0.0, 0.0, 0.0, 0.0, 0.0, 0.0, 0.0, 0.0, 0.0, 0.0, 0.0, 0.9841628159712058, 0.0, 0.0, 0.0, 0.0, 0.0, 0.0, 0.0, 0.0, 0.0, 0.0, 0.0, 0.0, 0.0, 0.0, 0.0, 0.0, 0.0, 0.0, 0.0, 0.0, 0.0, 0.0, 0.0, 0.0, 0.0, 0.0, 0.0], [0.0, 0.0, 0.0, 0.0, 0.0, 0.0, 0.0, 0.0, 0.0, 0.0, 0.0, 0.0, 0.9851149134354703, 0.0, 0.0, 0.0, 0.0, 0.0, 0.0, 0.0, 0.0, 0.0, 0.0, 0.0, 0.0, 0.0, 0.0, 0.0, 0.0, 0.0, 0.0, 0.0, 0.0, 0.0, 0.0, 0.0, 0.0, 0.0, 0.0], [0.0, 0.0, 0.0, 0.0, 0.0, 0.0, 0.0, 0.0, 0.0, 0.0, 0.0, 0.0, 0.9857620238016509, 0.0, 0.0, 0.0, 0.0, 0.0, 0.0, 0.0, 0.0, 0.0, 0.0, 0.0, 0.0, 0.0, 0.0, 0.0, 0.0, 0.0, 0.0, 0.0, 0.0, 0.0, 0.0, 0.0, 0.0, 0.0, 0.0], [0.0, 0.0, 0.0, 0.0, 0.0, 0.0, 0.0, 0.0, 0.0, 0.0, 0.0, 0.0, 0.9857667922015644, 0.0, 0.0, 0.0, 0.0, 0.0, 0.0, 0.0, 0.0, 0.0, 0.0, 0.0, 0.0, 0.0, 0.0, 0.0, 0.0, 0.0, 0.0, 0.0, 0.0, 0.0, 0.0, 0.0, 0.0, 0.0, 0.0], [0.0, 0.0, 0.0, 0.0, 0.0, 0.0, 0.0, 0.0, 0.0, 0.0, 0.0, 0.0, 0.0, 0.0, 0.0, 0.0, 0.981282271710227, 0.0, 0.0, 0.0, 0.0, 0.0, 0.0, 0.0, 0.0, 0.0, 0.0, 0.0, 0.0, 0.0, 0.0, 0.0, 0.0, 0.0, 0.0, 0.0, 0.0, 0.0, 0.0], [0.0, 0.0, 0.0, 0.0, 0.0, 0.0, 0.0, 0.0, 0.0, 0.0, 0.0, 0.0, 0.0, 0.0, 0.0, 0.0, 0.9797800941227254, 0.0, 0.0, 0.0, 0.0, 0.0, 0.0, 0.0, 0.0, 0.0, 0.0, 0.0, 0.0, 0.0, 0.0, 0.0, 0.0, 0.0, 0.0, 0.0, 0.0, 0.0, 0.0], [0.0, 0.0, 0.0, 0.0, 0.0, 0.0, 0.0, 0.0, 0.0, 0.0, 0.0, 0.0, 0.0, 0.0, 0.0, 0.0, 0.980709794232475, 0.0, 0.0, 0.0, 0.0, 0.0, 0.0, 0.0, 0.0, 0.0, 0.0, 0.0, 0.0, 0.0, 0.0, 0.0, 0.0, 0.0, 0.0, 0.0, 0.0, 0.0, 0.0]], "Born radii": [], "Atomic SASAs": [], "Solvent H bonds": [], "Total SASA": NaN, "Total FOD": 0.0, "FOD": [0.0, 0.0, 0.0, 0.0, 0.0, 0.0, 0.0, 0.0, 0.0, 0.0, 0.0, 0.0, 0.0, 0.0, 0.0, 0.0, 0.0, 0.0, 0.0, 0.0, 0.0, 0.0, 0.0, 0.0, 0.0, 0.0, 0.0, 0.0, 0.0, 0.0, 0.0, 0.0, 0.0, 0.0, 0.0, 0.0, 0.0, 0.0, 0.0], "FOD s proportion": [0.0, 0.0, 0.0, 0.0, 0.0, 0.0, 0.0, 0.0, 0.0, 0.0, 0.0, 0.0, 0.0, 0.0, 0.0, 0.0, 0.0, 0.0, 0.0, 0.0, 0.0, 0.0, 0.0, 0.0, 0.0, 0.0, 0.0, 0.0, 0.0, 0.0, 0.0, 0.0, 0.0, 0.0, 0.0, 0.0, 0.0, 0.0, 0.0], "FOD p proportion": [0.0, 0.0, 0.0, 0.0, 0.0, 0.0, 0.0, 0.0, 0.0, 0.0, 0.0, 0.0, 0.0, 0.0, 0.0, 0.0, 0.0, 0.0, 0.0, 0.0, 0.0, 0.0, 0.0, 0.0, 0.0, 0.0, 0.0, 0.0, 0.0, 0.0, 0.0, 0.0, 0.0, 0.0, 0.0, 0.0, 0.0, 0.0, 0.0], "FOD d proportion": [0.0, 0.0, 0.0, 0.0, 0.0, 0.0, 0.0, 0.0, 0.0, 0.0, 0.0, 0.0, 0.0, 0.0, 0.0, 0.0, 0.0, 0.0, 0.0, 0.0, 0.0, 0.0, 0.0, 0.0, 0.0, 0.0, 0.0, 0.0, 0.0, 0.0, 0.0, 0.0, 0.0, 0.0, 0.0, 0.0, 0.0, 0.0, 0.0], "coordinates": [["6.51270", "-1.81970", "-0.63710"], ["5.94430", "-0.51780", "-0.69520"], ["4.63100", "-0.49410", "-0.13190"], ["4.09560", "0.92880", "-0.24080"], ["2.72020", "1.08330", "0.40080"], ["1.72740", "0.33900", "-0.35770"], ["0.42820", "0.43500", "0.13050"], ["-0.52780", "0.40380", "-0.78720"], ["-1.77230", "0.47750", "-0.33740"], ["-2.75890", "0.44850", "-1.31000"], ["-4.03820", "-0.15490", "-0.96030"], ["-3.92040", "-1.67720", "-0.88590"], ["-5.05660", "0.24050", "-2.03030"], ["-2.09670", "0.58050", "0.94070"], ["-1.06960", "0.61010", "1.77990"], ["-1.39190", "0.74370", "3.52580"], ["-3.15660", "1.14220", "3.50000"], ["0.20820", "0.53860", "1.43000"], ["6.60150", "-2.15300", "0.40130"], ["7.51250", "-1.77880", "-1.07750"], ["5.90700", "-2.52810", "-1.21050"], ["3.98940", "-1.19280", "-0.68060"], ["4.68130", "-0.80280", "0.91860"], ["4.80130", "1.61280", "0.24730"], ["4.06760", "1.23020", "-1.29560"], ["2.45680", "2.14840", "0.41340"], ["2.76860", "0.73460", "1.43980"], ["1.67300", "0.57360", "-1.34440"], ["-2.33050", "0.11160", "-2.16580"], ["-4.40600", "0.23120", "-0.00140"], ["-3.22790", "-1.98470", "-0.09530"], ["-3.55090", "-2.09500", "-1.82920"], ["-4.89310", "-2.13190", "-0.67060"], ["-6.04360", "-0.17560", "-1.80300"], ["-4.75550", "-0.11720", "-3.02150"], ["-5.15430", "1.33030", "-2.08850"], ["-3.34020", "2.05990", "2.93420"], ["-3.49960", "1.29890", "4.52640"], ["-3.73570", "0.32060", "3.06910"]], "bond_dist": [[0.0, 1.4217586926057457, 2.3565307742526933, 3.681532065594431, 4.887504645522089, 5.257104349354309, 6.534066276064239, 7.3847899435258135, 8.60280029583391, 9.56870378943773, 10.68632341312951, 10.437039010179085, 11.833601851084902, 9.075912143691122, 8.320882785498183, 9.294270123576137, 10.926289878545232, 7.0413920179180485, 1.0941886903089428, 1.093263467788072, 1.0942991410030436, 2.6003728098101626, 2.609274623338831, 3.936128754245724, 3.964092111694682, 5.770588589563459, 4.9856039664217215, 5.445259798209815, 9.1798164262691, 11.12781717094597, 9.757051839567115, 10.137698824684032, 11.410121153169232, 12.717038071422136, 11.642860509771644, 12.171604288671235, 11.175201038907533, 11.689035439248185, 11.106147175776124], [1.4217586926057457, 0.0, 1.4292044885180006, 2.3909877895965925, 3.7629188165571685, 4.316278269528043, 5.658353783566382, 6.538034029431172, 7.788745630074203, 8.778234729716448, 9.992611303858466, 9.934429069654682, 11.107534006700138, 8.278895620793875, 7.5228366744200965, 8.557339171144264, 10.157838542229346, 6.207680662695207, 2.075597053861852, 2.0482982033873873, 2.07562797003702, 2.0682050599493276, 2.0689959980628285, 2.595035955434915, 2.6340058940708544, 4.527722678124181, 4.026388114675484, 4.456076557915045, 8.427996426197627, 10.400532175326415, 9.308110896417167, 9.691869730862049, 10.956968683445252, 12.043839424784773, 10.957092319132846, 11.33735773714493, 10.296553884674232, 10.943160085642537, 10.419945731624518], [2.3565307742526933, 1.4292044885180006, 0.0, 1.5241905327090834, 2.534386846951349, 3.02918045187143, 4.312262562738962, 5.277201904418667, 6.479852444307664, 7.542349526506976, 8.715292986469244, 8.665718872084417, 9.899149129091853, 6.896896636169053, 6.113188794728984, 7.154456131670666, 8.747278951765514, 4.802828410426507, 2.6304223425146005, 3.2935779480680276, 2.6322442819768836, 1.0958576276140988, 1.0960730039554847, 2.147515387604941, 2.1551862425321855, 3.4651556934717958, 2.7291900520117687, 3.3704455996203233, 7.2777815266741825, 9.06699836439822, 7.999096019551209, 8.508066508320207, 9.678898043682453, 10.809306296890657, 9.828439551627715, 10.144398208370962, 8.914253454440253, 9.540506498608972, 8.995098997787629], [3.681532065594431, 2.3909877895965925, 1.5241905327090834, 0.0, 1.5255313729976188, 2.4433380629785963, 3.719075811273548, 4.6850832991527485, 5.886021887489037, 6.9539950373867825, 8.237158999315238, 8.453617332834506, 9.350873327128328, 6.313622924280479, 5.555545807569226, 6.6583927354880466, 8.162936300131223, 4.2492008001505415, 4.023595215724365, 4.4391857654304125, 4.021398470681561, 2.169306119476917, 2.1646457931957364, 1.0973195067982708, 1.097373682935763, 2.145009846131248, 2.150129996070005, 2.685719784340876, 6.757825245594917, 8.533531547958324, 7.883102482525519, 8.374684665705331, 9.505226994659306, 10.31811731082759, 9.336400789383454, 9.441178292459051, 8.164014566988474, 8.974978155405172, 8.523767062748725], [4.887504645522089, 3.7629188165571685, 2.534386846951349, 1.5255313729976188, 0.0, 1.454289029044777, 2.3972106665873154, 3.5245663917707666, 4.5928737332959635, 5.774975713368845, 7.0044059712441, 7.3057186847017315, 8.191408748805056, 4.873071460588281, 4.0605934406192405, 5.175936588676488, 6.644192056977282, 2.7687713394211517, 5.053526256981357, 5.774350750517326, 5.078798272229366, 2.821511263489834, 2.769729817148236, 2.15288404471769, 2.171368077963752, 1.097258552028646, 1.097021080016241, 2.098128921205749, 5.748148131355001, 7.188224098482183, 6.71108283513175, 7.375715972026039, 8.333531417712422, 9.123911118045813, 8.308996812491866, 8.262286229609817, 6.64080652330724, 7.466791195687744, 7.0271033143109545], [5.257104349354309, 4.316278269528043, 3.02918045187143, 2.4433380629785963, 1.454289029044777, 0.0, 1.3912138153425588, 2.2966489348613996, 3.5024983126334264, 4.5875650654786355, 5.818007161391261, 6.020108181752219, 6.987842943999243, 4.045726834574969, 3.5307276827872185, 4.997538076893462, 6.275383297456818, 2.3545020896147024, 5.5265717954261655, 6.202464904374711, 5.1397068408616455, 2.750876160425983, 3.414406850391441, 3.3819303141844896, 2.6740287750882556, 2.0977482999635586, 2.1146165255194616, 1.0156640241733483, 4.44831302630559, 6.144686004182801, 5.479364337220149, 5.995841820795475, 7.073490897004109, 7.920994019060992, 7.023670072689918, 7.164924229885478, 6.28320556563288, 7.217850775681082, 6.448934672486612], [6.534066276064239, 5.658353783566382, 4.312262562738962, 3.719075811273548, 2.3972106665873154, 1.3912138153425588, 0.0, 1.3255499726528608, 2.2500970890163825, 3.497546126929565, 4.635359275180296, 4.940119407463751, 5.8982978841357285, 2.6556946925428, 2.2348568656627656, 3.8647279063344158, 4.970357444892671, 1.3220564322297288, 6.699306645467125, 7.51980591039423, 6.371459177456919, 3.998719981444062, 4.499123254590832, 4.530436920430523, 3.9889016796607053, 2.67039134397938, 2.6984252463242338, 1.9349591752799336, 3.603887753523963, 4.840291488123417, 4.3901026115570465, 5.106325577164072, 5.962128018585311, 6.781994533321299, 6.091861335421219, 6.073699806542962, 4.970097811914771, 5.958009135608974, 5.097697571453215], [7.3847899435258135, 6.538034029431172, 5.277201904418667, 4.6850832991527485, 3.5245663917707666, 2.2966489348613996, 1.3255499726528608, 0.0, 1.3253422124115717, 2.291969707478701, 3.5587943829336357, 3.981210550824962, 4.699148214304376, 2.3405786699019537, 2.6317502427092125, 4.411821598841004, 5.082903485213938, 2.3400518968604094, 7.666594875171114, 8.336332583336633, 7.083916398433849, 4.792242790176641, 5.612518152309176, 5.561580536142581, 4.696712539638763, 3.659632041612927, 3.9918931097913934, 2.2765817622040285, 2.2881534236147716, 3.96077109159315, 3.6707217096914335, 4.05818913433073, 5.049674656846716, 5.638404352296845, 4.810091972093673, 4.894515930099727, 4.949856455494442, 6.153628540137924, 5.016831105389138], [8.60280029583391, 7.788745630074203, 6.479852444307664, 5.886021887489037, 4.5928737332959635, 3.5024983126334264, 2.2500970890163825, 1.3253422124115717, 0.0, 1.3857024644562053, 2.4335646652595857, 3.0915882568673334, 3.702526961414326, 1.3226427975836863, 2.2347996196527333, 3.8909999794397327, 4.133249489203379, 2.6551490014686556, 8.808276470456635, 9.583639639510661, 8.292622230633686, 6.00873324586805, 6.698183115591869, 6.696491405206163, 5.965663126593724, 4.608784466646276, 4.883063900872075, 3.590734785527887, 1.946411212976333, 2.666446207970451, 2.870507378496004, 3.465060093273997, 4.081590773215757, 4.562732367781393, 4.056789757924362, 3.9027609521978155, 3.9579877122093245, 5.2263575930087285, 3.9349459233895456], [9.56870378943773, 8.778234729716448, 7.542349526506976, 6.9539950373867825, 5.774975713368845, 4.5875650654786355, 3.497546126929565, 2.291969707478701, 1.3857024644562053, 0.0, 1.4570484343356602, 2.4591753800817053, 2.416923949982705, 2.349804955735688, 3.5252419860202506, 5.033964012584914, 4.876011175130755, 4.039727765580251, 9.864757376641354, 10.512686597630504, 9.163398420891673, 6.973490011464848, 7.8669552998602965, 7.806241209442608, 6.871125417280635, 5.750069048281073, 6.180332474875441, 4.4337987076546455, 1.014604262754696, 2.1148502689315856, 2.7596955140014994, 2.71407901321977, 3.4091210245457697, 3.379615939718594, 2.6899182701338713, 2.6686278590316785, 4.576871561448934, 5.9443571233565695, 4.488542464987939], [10.68632341312951, 9.992611303858466, 8.715292986469244, 8.237158999315238, 7.0044059712441, 5.818007161391261, 4.635359275180296, 3.5587943829336357, 2.4335646652595857, 1.4570484343356602, 0.0, 1.5286626475452327, 1.529176157282084, 2.8149665024649937, 4.111752302850939, 5.285402431225081, 4.727997785532477, 4.922031013717812, 10.910984110519086, 11.664881377022228, 10.227496336836303, 8.099248746643111, 8.943138144409936, 9.095043776695086, 8.230122826543962, 7.026896013176799, 7.272153498104946, 5.770273000474067, 2.107247443941978, 1.0971960900404267, 2.1801328239352755, 2.1809256085433084, 2.17331753317365, 2.1753622548899756, 2.1827702627624372, 2.17355319465616, 4.53427759295789, 5.701534994192354, 4.068620264905537], [10.437039010179085, 9.934429069654682, 8.665718872084417, 8.453617332834506, 7.3057186847017315, 6.020108181752219, 4.940119407463751, 3.981210550824962, 3.0915882568673334, 2.4591753800817053, 1.5286626475452327, 0.0, 2.505628681588715, 3.4292212731172658, 4.523858040434072, 5.631799530345519, 5.269584956142182, 5.226710285638568, 10.61101545988884, 11.4349567349422, 9.869507927450082, 7.927277432384967, 8.832329166193933, 9.390223273703347, 8.510521303069513, 7.549309616779537, 7.481201823905034, 6.0466888831822665, 2.7139881097749856, 2.1587353172633277, 1.0950620347724596, 1.0958567333369813, 1.0951034060763392, 2.757508514946055, 2.773405734832176, 3.4660946640275134, 5.375473231260667, 6.190899380542378, 4.434787923903465], [11.833601851084902, 11.107534006700138, 9.899149129091853, 9.350873327128328, 8.191408748805056, 6.987842943999243, 5.8982978841357285, 4.699148214304376, 3.702526961414326, 2.416923949982705, 1.529176157282084, 2.505628681588715, 0.0, 4.207546673537919, 5.527241373415856, 6.674839589083771, 5.91669510622273, 6.307191034049945, 12.147132024473926, 12.765879332815269, 11.337448697127586, 9.25776187747341, 10.227960818755614, 10.210233173635165, 9.207079657524421, 8.127910657727483, 8.574350346236152, 6.772660524491096, 2.7325073961473563, 2.1306811258374636, 3.469853560310579, 2.7860606508114647, 2.7393061347720886, 1.0949764837657467, 1.0959415769100107, 1.0957173768814659, 5.559002209929404, 6.821640158349016, 5.268308379356698], [9.075912143691122, 8.278895620793875, 6.896896636169053, 6.313622924280479, 4.873071460588281, 4.045726834574969, 2.6556946925428, 2.3405786699019537, 1.3226427975836863, 2.349804955735688, 2.8149665024649937, 3.4292212731172658, 4.207546673537919, 0.0, 1.3266752466221714, 2.6844215931928423, 2.826466237194423, 2.356636185328571, 9.13354574357626, 10.098324235733372, 8.851568736105483, 6.543227016541609, 6.917751896389462, 7.009197589596115, 6.589517605257609, 4.844658703149273, 4.893259824493279, 4.408215932778248, 3.150376469566772, 2.5184180332105313, 2.9888393198698386, 4.116472263965834, 4.215833774000108, 4.8659630608955515, 4.822347101775234, 4.368886636203783, 2.7765011903473047, 3.916819048666915, 2.6988804289927333], [8.320882785498183, 7.5228366744200965, 6.113188794728984, 5.555545807569226, 4.0605934406192405, 3.5307276827872185, 2.2348568656627656, 2.6317502427092125, 2.2347996196527333, 3.5252419860202506, 4.111752302850939, 4.523858040434072, 5.527241373415856, 1.3266752466221714, 0.0, 1.7804193494792173, 2.7563460268986546, 1.3267686686080584, 8.26928260370874, 9.355427215258532, 8.213631289508923, 5.907452044663588, 5.984227177338775, 6.149937955784595, 6.019472410435984, 4.082791459283709, 3.855249343427738, 4.15745565219883, 4.172160058051464, 3.8010735141536, 3.861038845958429, 5.147816868343318, 5.304966211013977, 6.180224340588293, 6.0965782255294645, 5.671682350943148, 2.930862141077263, 3.7313010720122812, 2.975556435357932], [9.294270123576137, 8.557339171144264, 7.154456131670666, 6.6583927354880466, 5.175936588676488, 4.997538076893462, 3.8647279063344158, 4.411821598841004, 3.8909999794397327, 5.033964012584914, 5.285402431225081, 5.631799530345519, 6.674839589083771, 2.6844215931928423, 1.7804193494792173, 0.0, 1.8093186507633199, 2.6447615506884543, 9.058024878526222, 10.336426679467136, 9.295760008735165, 7.099452295776062, 6.787703023114668, 7.06113470343117, 7.299912359747889, 5.145163509549526, 4.654163626259825, 5.756856265358724, 5.803001889539585, 4.667825500166003, 4.891567005571936, 6.433935319071836, 6.175536394516674, 7.132989192477442, 7.410944005995457, 6.783812925634079, 2.424509412231678, 2.3983007922276975, 2.4250746256558786], [10.926289878545232, 10.157838542229346, 8.747278951765514, 8.162936300131223, 6.644192056977282, 6.275383297456818, 4.970357444892671, 5.082903485213938, 4.133249489203379, 4.876011175130755, 4.727997785532477, 5.269584956142182, 5.91669510622273, 2.826466237194423, 2.7563460268986546, 1.8093186507633199, 0.0, 3.996387368611807, 10.755500933940734, 11.971442772698703, 10.853974262914024, 8.602032164552746, 8.478167689424408, 8.60986028109632, 8.671481361336136, 6.484581525434004, 6.286378674562964, 6.864149873072411, 5.81772010413014, 3.8276263297244673, 4.765371904689077, 6.2478243389199095, 5.579342920093727, 6.180062689002434, 6.831729782419676, 5.937804236416017, 1.0936232852312533, 1.0934810697949917, 1.0936444486212142], [7.0413920179180485, 6.207680662695207, 4.802828410426507, 4.2492008001505415, 2.7687713394211517, 2.3545020896147024, 1.3220564322297288, 2.3400518968604094, 2.6551490014686556, 4.039727765580251, 4.922031013717812, 5.226710285638568, 6.307191034049945, 2.356636185328571, 1.3267686686080584, 2.6447615506884543, 3.996387368611807, 0.0, 7.012647085088483, 8.06292115179108, 6.989507177190679, 4.66367363352111, 4.697819444167688, 4.863049715970423, 4.775162225516532, 2.9463763439180672, 2.5679096946738604, 3.1375403423701185, 4.4223414985729, 4.840892723455044, 4.527733007808654, 5.62930425630024, 6.129221182173147, 7.074416857946667, 6.699570402645232, 6.462432776439535, 4.143442275451656, 4.890146203335847, 4.2765079235282615], [1.0941886903089428, 2.075597053861852, 2.6304223425146005, 4.023595215724365, 5.053526256981357, 5.5265717954261655, 6.699306645467125, 7.666594875171114, 8.808276470456635, 9.864757376641354, 10.910984110519086, 10.61101545988884, 12.147132024473926, 9.13354574357626, 8.26928260370874, 9.058024878526222, 10.755500933940734, 7.012647085088483, 0.0, 1.7767374820158437, 1.7946948208539522, 2.985893176253966, 2.4037070058557464, 4.176803284810047, 4.554795391672386, 5.973334618117422, 4.909973362453202, 5.896772702080351, 9.56551303224244, 11.269943796665537, 9.84337547846266, 10.3946967252537, 11.544489766984073, 12.987209217533994, 12.035011029492246, 12.511247602457559, 11.090604479017363, 11.443962811456526, 10.958720620583408], [1.093263467788072, 2.0482982033873873, 3.2935779480680276, 4.4391857654304125, 5.774350750517326, 6.202464904374711, 7.51980591039423, 8.336332583336633, 9.583639639510661, 10.512686597630504, 11.664881377022228, 11.4349567349422, 12.765879332815269, 10.098324235733372, 9.355427215258532, 10.336426679467136, 11.971442772698703, 8.06292115179108, 1.7767374820158437, 0.0, 1.7767300695378576, 3.5934884471777564, 3.5989838357514192, 4.53967521305214, 4.579190389140859, 6.5731107658398695, 5.9294659169270885, 6.30117303523717, 10.081798353964436, 12.134608912527836, 10.787182385127268, 11.093414933644194, 12.417292723456269, 13.669837149724938, 12.531714749386854, 13.081912935423473, 12.190588659699745, 12.733510078136351, 12.17061112516541], [1.0942991410030436, 2.07562797003702, 2.6322442819768836, 4.021398470681561, 5.078798272229366, 5.1397068408616455, 6.371459177456919, 7.083916398433849, 8.292622230633686, 9.163398420891673, 10.227496336836303, 9.869507927450082, 11.337448697127586, 8.851568736105483, 8.213631289508923, 9.295760008735165, 10.853974262914024, 6.989507177190679, 1.7946948208539522, 1.7767300695378576, 0.0, 2.396040454583353, 3.0020105579427927, 4.527118966848563, 4.185146742947014, 6.034118286875059, 5.245841776111819, 5.2502598126188005, 8.702701904006595, 10.74400429541984, 9.218750056813558, 9.488004938341884, 10.820842225076568, 12.194349218387998, 11.080661806047507, 11.74778669579934, 11.123802853790604, 11.66370756534988, 10.927567485035267], [2.6003728098101626, 2.0682050599493276, 1.0958576276140988, 2.169306119476917, 2.821511263489834, 2.750876160425983, 3.998719981444062, 4.792242790176641, 6.00873324586805, 6.973490011464848, 8.099248746643111, 7.927277432384967, 9.25776187747341, 6.543227016541609, 5.907452044663588, 7.099452295776062, 8.602032164552746, 4.66367363352111, 2.985893176253966, 3.5934884471777564, 2.396040454583353, 0.0, 1.785571687163526, 3.0645670787241714, 2.5010536259744613, 3.835272636984234, 3.1146941358663134, 2.9877262859907363, 6.621813528784996, 8.542355049984751, 7.284167830987971, 7.680453820575969, 8.93201069524662, 10.146702252456214, 9.116468843801309, 9.589341255268788, 8.796014579910608, 9.455503100840271, 8.719392161154353], [2.609274623338831, 2.0689959980628285, 1.0960730039554847, 2.1646457931957364, 2.769729817148236, 3.414406850391441, 4.499123254590832, 5.612518152309176, 6.698183115591869, 7.8669552998602965, 8.943138144409936, 8.832329166193933, 10.227960818755614, 6.917751896389462, 5.984227177338775, 6.787703023114668, 8.478167689424408, 4.697819444167688, 2.4037070058557464, 3.5989838357514192, 3.0020105579427927, 1.785571687163526, 0.0, 2.5100133565381677, 3.067963221748266, 3.730041384488918, 2.508718694871946, 4.00818099017497, 7.714595903869496, 9.192093194153331, 8.061037492779699, 8.774354820726138, 9.795978706081389, 11.082597457726235, 10.249274589452659, 10.503894200723844, 8.752265815204654, 9.184796597638949, 8.759712712754911], [3.936128754245724, 2.595035955434915, 2.147515387604941, 1.0973195067982708, 2.15288404471769, 3.3819303141844896, 4.530436920430523, 5.561580536142581, 6.696491405206163, 7.806241209442608, 9.095043776695086, 9.390223273703347, 10.210233173635165, 7.009197589596115, 6.149937955784595, 7.06113470343117, 8.60986028109632, 4.863049715970423, 4.176803284810047, 4.53967521305214, 4.527118966848563, 3.0645670787241714, 2.5100133565381677, 0.0, 1.7507823565480667, 2.410629963308347, 2.514987232571967, 3.660560943352808, 7