{"total energy": -55.05815465, "HOMO-LUMO gap/eV": 3.62513035, "electronic energy": -55.55581034, "dipole": [0.00032239, -0.01896626, 0.01605972], "partial charges": [-0.11863816, 0.09052047, -0.04884538, 0.09430168, -0.13632886, 0.01416676, -0.04019974, 0.08637752, -0.12250227, 0.01417147, -0.04020107, 0.08637814, -0.12248218, 0.09050154, -0.11862337, -0.04885517, 0.09430001, -0.13633205, 0.09615165, 0.08499789, 0.08498715, 0.09615397], "atomic dipole moments": [[0.04444318, -0.01387478, -0.0067878], [0.20612553, -0.02099042, -0.00787704], [-0.02063384, -0.05201016, -0.00427137], [-0.10181079, 0.19067987, 0.0165], [-0.03761098, 0.03825452, -0.00971871], [-0.05955569, 0.0199867, 0.00687423], [0.03965958, 0.03190097, 0.00108051], [0.1209675, -0.17137484, -0.01678055], [0.03473689, -0.03312226, -0.0109714], [0.05914182, -0.00167861, -0.02225938], [-0.04052643, 0.00326267, -0.03070274], [-0.11644462, -0.0161939, 0.17458399], [-0.03399441, 0.0041807, 0.03523529], [-0.20561368, -0.0016267, 0.02691556], [-0.04417659, 0.00304341, 0.01588445], [0.02198148, -0.00409909, 0.05140549], [0.0968008, 0.01920888, -0.19299435], [0.03619926, 0.01716098, -0.03682858], [0.0826066, 0.13568661, 0.00742422], [-0.08049561, -0.13569428, -0.00889887], [0.08403502, -0.01215986, 0.13326295], [-0.08621151, 0.01356261, -0.13294974]], "atomic quadrupole moments": [[0.46038806, 0.00432346, -0.25544387, -0.01680169, -0.00374982, -0.20494419], [0.1611128, -0.01421265, -0.44112247, 0.00272124, -0.05206511, 0.28000967], [-0.2290354, -0.04627844, -0.25580369, 0.01744693, -0.05333207, 0.48483909], [-0.31871817, -0.26099177, 0.03038811, -0.0022189, -0.01266714, 0.28833007], [-0.10910086, -0.28046034, 0.30885868, -0.02485893, 0.05005791, -0.19975782], [-0.0991902, -0.01199503, -0.34309871, 3.718e-05, -0.05809531, 0.44228891], [-0.23292995, -0.03645493, -0.26741553, 0.01703759, -0.05683616, 0.50034548], [-0.31307013, -0.25206708, 0.03695152, -0.00049828, -0.01028698, 0.2761186], [-0.10994012, -0.28644422, 0.3127001, -0.02265201, 0.0440606, -0.20275998], [-0.0997264, -0.01128543, 0.43857524, -0.01964764, 0.07759892, -0.33884884], [-0.23533345, 0.00418395, 0.49773415, -0.03575906, 0.07484194, -0.2624007], [-0.3265767, 0.0266416, 0.27450292, -0.24047867, 0.02300812, 0.05207378], [-0.12477509, 0.02796203, -0.20094791, -0.27433928, -0.05409096, 0.325723], [0.15984331, 0.00357966, 0.27666692, -0.02972079, 0.07205893, -0.43651023], [0.46044921, 0.00161691, -0.20556547, -0.0157182, 0.00498491, -0.25488373], [-0.23206228, 0.0068318, 0.482013, -0.04523825, 0.07323046, -0.24995073], [-0.33271178, 0.02596829, 0.28696321, -0.24968733, 0.02365483, 0.04574857], [-0.12349856, 0.02493826, -0.20036509, -0.26909046, -0.04706953, 0.32386365], [0.03069635, -0.00486781, 0.02398224, -0.00270813, 0.00621949, -0.05467859], [0.03185695, -0.00470595, 0.02572469, -0.00279019, 0.00554016, -0.05758164], [0.03167358, 0.00034599, -0.05705982, -0.00501232, -0.00898193, 0.02538624], [0.03046977, 0.00038605, -0.05450312, -0.00521381, -0.00755746, 0.02403336]], "number of molecular orbitals": 106, "number of electrons": 94, "number of unpaired electrons": 0, "orbital energies/eV": [-29.27910399, -29.27862559, -29.23668992, -29.23657901, -29.21304178, -29.21292519, -19.15169755, -19.1254507, -18.56975194, -18.12606726, -18.12193049, -17.99944626, -17.25559394, -17.02044277, -16.97967296, -16.59121755, -15.71510262, -15.41260488, -15.40498005, -15.30154179, -14.87540008, -14.74533153, -14.74325781, -14.61817886, -14.40829735, -14.29992736, -14.26053565, -13.72342507, -13.60788493, -13.58466062, -13.29323465, -13.27242787, -13.13682927, -12.93119766, -12.92761837, -12.19158582, -12.18236009, -12.07767055, -12.05394404, -11.9884535, -11.91573492, -11.90740002, -11.89867616, -11.69819812, -11.69174197, -11.21276021, -11.20113156, -7.57600121, -7.57259891, -7.4853977, -7.48124902, -4.80849322, -4.80246047, -4.54922385, -4.52125039, -4.36444356, -4.34894077, -4.01930199, -3.91654147, -0.31737485, -0.30055188, -0.27313021, -0.21075861, -0.07758163, -0.07136055, -0.0501011, -0.05005169, -0.04423841, -0.04390632, -0.01785718, -0.0170689, -0.01690418, -0.01678728, -0.0065978, -0.00644129, -0.00368513, -0.00351897, 0.1799352, 0.18002772, 0.26286472, 0.26732617, 0.47283586, 0.47379166, 1.3339968, 2.54896555, 2.67745711, 2.96592223, 3.13290379, 3.43123332, 3.59094781, 4.02420288, 4.04345601, 4.30581006, 4.37220293, 7.3603648, 8.26973574, 8.52077243, 9.09182615, 10.16611137, 10.36024304, 10.45938271, 10.73673494, 14.24495937, 14.9155463, 14.95214313, 15.6451142], "fractional occupation": [2.0, 2.0, 2.0, 2.0, 2.0, 2.0, 2.0, 2.0, 2.0, 2.0, 2.0, 2.0, 2.0, 2.0, 2.0, 2.0, 2.0, 2.0, 2.0, 2.0, 2.0, 2.0, 2.0, 2.0, 2.0, 2.0, 2.0, 2.0, 2.0, 2.0, 2.0, 2.0, 2.0, 2.0, 2.0, 2.0, 2.0, 2.0, 2.0, 2.0, 2.0, 2.0, 2.0, 2.0, 2.0, 2.0, 2.0, 0.0, 0.0, 0.0, 0.0, 0.0, 0.0, 0.0, 0.0, 0.0, 0.0, 0.0, 0.0, 0.0, 0.0, 0.0, 0.0, 0.0, 0.0, 0.0, 0.0, 0.0, 0.0, 0.0, 0.0, 0.0, 0.0, 0.0, 0.0, 0.0, 0.0, 0.0, 0.0, 0.0, 0.0, 0.0, 0.0, 0.0, 0.0, 0.0, 0.0, 0.0, 0.0, 0.0, 0.0, 0.0, 0.0, 0.0, 0.0, 0.0, 0.0, 0.0, 0.0, 0.0, 0.0, 0.0, 0.0, 0.0, 0.0, 0.0], "program call": "xtb /home/svss/Project-DBcg-Debug/aqme2_20220329/End-to-End-workflows-final/example-3/QDESCP/mol_1043_rdkit_conf_1/mol_1043_rdkit_conf_1.xyz --pop --wbo --acc 0.2 --gfn 2 --chrg 0 --uhf 0 --etemp 300 --input /home/svss/Project-DBcg-Debug/aqme2_20220329/End-to-End-workflows-final/example-3/QDESCP/mol_1043_rdkit_conf_1/mol_1043_rdkit_conf_1_xtb.inp", "method": "GFN2-xTB", "xtb version": "6.3.3 (7355c4f)", "Dipole module/D": 0.063, "Total charge": 0, "Transition dipole module/D": NaN, "HOMO": -11.2011, "LUMO": -7.576, "HOMO occupancy": 2.0, "LUMO occupancy": 0, "mulliken charges": [-0.08432, 0.09375, -0.06377, 0.10379, -0.10053, -0.00938, -0.04633, 0.08627, -0.08751, -0.00938, -0.04633, 0.08627, -0.08749, 0.09373, -0.0843, -0.06378, 0.10379, -0.10053, 0.05736, 0.05067, 0.05066, 0.05737], "cm5 charges": [-0.08535, 0.08994, -0.1119, 0.09987, -0.10164, -0.01383, -0.09442, 0.08244, -0.08857, -0.01383, -0.09442, 0.08243, -0.08855, 0.08993, -0.08533, -0.11192, 0.09987, -0.10164, 0.11513, 0.10833, 0.10832, 0.11514], "FUKUI+": [-0.09, -0.028, -0.027, -0.024, -0.075, -0.025, -0.025, -0.026, -0.086, -0.025, -0.025, -0.026, -0.086, -0.028, -0.09, -0.027, -0.024, -0.075, -0.05, -0.044, -0.044, -0.05], "FUKUI-": [-0.121, -0.013, -0.007, -0.012, -0.107, -0.016, -0.007, -0.015, -0.141, -0.016, -0.007, -0.015, -0.141, -0.013, -0.121, -0.007, -0.012, -0.107, -0.032, -0.029, -0.029, -0.032], "FUKUIrad": [-0.106, -0.02, -0.017, -0.018, -0.091, -0.021, -0.016, -0.021, -0.113, -0.021, -0.016, -0.021, -0.113, -0.02, -0.106, -0.017, -0.018, -0.091, -0.041, -0.036, -0.036, -0.041], "s proportion": [1.945, 1.08, 1.066, 1.082, 1.945, 1.078, 1.067, 1.079, 1.945, 1.078, 1.067, 1.079, 1.944, 1.08, 1.945, 1.066, 1.082, 1.945, 0.943, 0.949, 0.949, 0.943], "p proportion": [5.15, 2.826, 2.998, 2.814, 5.166, 2.931, 2.98, 2.835, 5.153, 2.931, 2.98, 2.835, 5.153, 2.826, 5.15, 2.998, 2.814, 5.166, 0.0, 0.0, 0.0, 0.0], "d proportion": [-0.01, 0.0, 0.0, 0.0, -0.01, 0.0, 0.0, 0.0, -0.01, 0.0, 0.0, 0.0, -0.01, 0.0, -0.01, 0.0, 0.0, -0.01, 0.0, 0.0, 0.0, 0.0], "Fermi-level/eV": -9.3886, "Coordination numbers": [0.967, 2.9, 2.997, 2.88, 0.959, 2.989, 2.96, 2.897, 0.966, 2.989, 2.96, 2.897, 0.966, 2.9, 0.967, 2.997, 2.88, 0.959, 0.925, 0.925, 0.925, 0.925], "Dispersion coefficient C6": [102.855, 25.987, 29.2, 25.904, 103.412, 27.688, 28.997, 26.076, 102.977, 27.688, 28.997, 26.076, 102.976, 25.987, 102.855, 29.201, 25.904, 103.412, 1.82, 1.928, 1.928, 1.82], "Total dispersion C6": 16652.944832, "Total dispersion C8": 561691.541416, "Polarizability alpha": [15.516, 8.358, 8.864, 8.344, 15.558, 8.632, 8.832, 8.373, 15.525, 8.632, 8.832, 8.373, 15.525, 8.358, 15.516, 8.864, 8.344, 15.558, 2.11, 2.172, 2.172, 2.11], "Total polarizability alpha": 204.565445, "Wiberg matrix": [[0.0, 1.0067243051700705, 0.0, 0.0, 0.0, 0.0, 0.0, 0.0, 0.0, 0.0, 0.0, 0.0, 0.0, 0.0, 0.0, 0.0, 0.0, 0.0, 0.0, 0.0, 0.0, 0.0], [1.0067243051700705, 0.0, 1.3982746967146953, 0.0, 0.0, 0.0, 0.0, 1.3539607068853432, 0.0, 0.0, 0.0, 0.0, 0.0, 0.0, 0.0, 0.0, 0.0, 0.0, 0.0, 0.0, 0.0, 0.0], [0.0, 1.3982746967146953, 0.0, 1.4018325260483513, 0.0, 0.0, 0.10258865704132648, 0.0, 0.0, 0.0, 0.0, 0.0, 0.0, 0.0, 0.0, 0.0, 0.0, 0.0, 0.9591248869571052, 0.0, 0.0, 0.0], [0.0, 0.0, 1.4018325260483513, 0.0, 0.9983139212191452, 1.353347862947543, 0.0, 0.0, 0.0, 0.0, 0.0, 0.0, 0.0, 0.0, 0.0, 0.0, 0.0, 0.0, 0.0, 0.0, 0.0, 0.0], [0.0, 0.0, 0.0, 0.9983139212191452, 0.0, 0.0, 0.0, 0.0, 0.0, 0.0, 0.0, 0.0, 0.0, 0.0, 0.0, 0.0, 0.0, 0.0, 0.0, 0.0, 0.0, 0.0], [0.0, 0.0, 0.0, 1.353347862947543, 0.0, 0.0, 1.4013919115983835, 0.0, 0.0, 1.0149995079040794, 0.0, 0.0, 0.0, 0.0, 0.0, 0.0, 0.0, 0.0, 0.0, 0.0, 0.0, 0.0], [0.0, 0.0, 0.10258865704132648, 0.0, 0.0, 1.4013919115983835, 0.0, 1.3965108323793913, 0.0, 0.0, 0.0, 0.0, 0.0, 0.0, 0.0, 0.0, 0.0, 0.0, 0.0, 0.961985392150624, 0.0, 0.0], [0.0, 1.3539607068853432, 0.0, 0.0, 0.0, 0.0, 1.3965108323793913, 0.0, 1.004187768889095, 0.0, 0.0, 0.0, 0.0, 0.0, 0.0, 0.0, 0.0, 0.0, 0.0, 0.0, 0.0, 0.0], [0.0, 0.0, 0.0, 0.0, 0.0, 0.0, 0.0, 1.004187768889095, 0.0, 0.0, 0.0, 0.0, 0.0, 0.0, 0.0, 0.0, 0.0, 0.0, 0.0, 0.0, 0.0, 0.0], [0.0, 0.0, 0.0, 0.0, 0.0, 1.0149995079040794, 0.0, 0.0, 0.0, 0.0, 1.4014443120730817, 0.0, 0.0, 0.0, 0.0, 0.0, 1.353297575354459, 0.0, 0.0, 0.0, 0.0, 0.0], [0.0, 0.0, 0.0, 0.0, 0.0, 0.0, 0.0, 0.0, 0.0, 1.4014443120730817, 0.0, 1.396471689616604, 0.0, 0.0, 0.0, 0.10258385769217353, 0.0, 0.0, 0.0, 0.0, 0.9619820750692205, 0.0], [0.0, 0.0, 0.0, 0.0, 0.0, 0.0, 0.0, 0.0, 0.0, 0.0, 1.396471689616604, 0.0, 1.0042187189982814, 1.3539636709904168, 0.0, 0.0, 0.0, 0.0, 0.0, 0.0, 0.0, 0.0], [0.0, 0.0, 0.0, 0.0, 0.0, 0.0, 0.0, 0.0, 0.0, 0.0, 0.0, 1.0042187189982814, 0.0, 0.0, 0.0, 0.0, 0.0, 0.0, 0.0, 0.0, 0.0, 0.0], [0.0, 0.0, 0.0, 0.0, 0.0, 0.0, 0.0, 0.0, 0.0, 0.0, 0.0, 1.3539636709904168, 0.0, 0.0, 1.0067587108859857, 1.3982000758122641, 0.0, 0.0, 0.0, 0.0, 0.0, 0.0], [0.0, 0.0, 0.0, 0.0, 0.0, 0.0, 0.0, 0.0, 0.0, 0.0, 0.0, 0.0, 0.0, 1.0067587108859857, 0.0, 0.0, 0.0, 0.0, 0.0, 0.0, 0.0, 0.0], [0.0, 0.0, 0.0, 0.0, 0.0, 0.0, 0.0, 0.0, 0.0, 0.0, 0.10258385769217353, 0.0, 0.0, 1.3982000758122641, 0.0, 0.0, 1.4018827459709402, 0.0, 0.0, 0.0, 0.0, 0.9591329744725174], [0.0, 0.0, 0.0, 0.0, 0.0, 0.0, 0.0, 0.0, 0.0, 1.353297575354459, 0.0, 0.0, 0.0, 0.0, 0.0, 1.4018827459709402, 0.0, 0.9983156675372536, 0.0, 0.0, 0.0, 0.0], [0.0, 0.0, 0.0, 0.0, 0.0, 0.0, 0.0, 0.0, 0.0, 0.0, 0.0, 0.0, 0.0, 0.0, 0.0, 0.0, 0.9983156675372536, 0.0, 0.0, 0.0, 0.0, 0.0], [0.0, 0.0, 0.9591248869571052, 0.0, 0.0, 0.0, 0.0, 0.0, 0.0, 0.0, 0.0, 0.0, 0.0, 0.0, 0.0, 0.0, 0.0, 0.0, 0.0, 0.0, 0.0, 0.0], [0.0, 0.0, 0.0, 0.0, 0.0, 0.0, 0.961985392150624, 0.0, 0.0, 0.0, 0.0, 0.0, 0.0, 0.0, 0.0, 0.0, 0.0, 0.0, 0.0, 0.0, 0.0, 0.0], [0.0, 0.0, 0.0, 0.0, 0.0, 0.0, 0.0, 0.0, 0.0, 0.0, 0.9619820750692205, 0.0, 0.0, 0.0, 0.0, 0.0, 0.0, 0.0, 0.0, 0.0, 0.0, 0.0], [0.0, 0.0, 0.0, 0.0, 0.0, 0.0, 0.0, 0.0, 0.0, 0.0, 0.0, 0.0, 0.0, 0.0, 0.0, 0.9591329744725174, 0.0, 0.0, 0.0, 0.0, 0.0, 0.0]], "Born radii": [], "Atomic SASAs": [], "Solvent H bonds": [], "Total SASA": NaN, "Total FOD": 0.0, "FOD": [0.0, 0.0, 0.0, 0.0, 0.0, 0.0, 0.0, 0.0, 0.0, 0.0, 0.0, 0.0, 0.0, 0.0, 0.0, 0.0, 0.0, 0.0, 0.0, 0.0, 0.0, 0.0], "FOD s proportion": [0.0, 0.0, 0.0, 0.0, 0.0, 0.0, 0.0, 0.0, 0.0, 0.0, 0.0, 0.0, 0.0, 0.0, 0.0, 0.0, 0.0, 0.0, 0.0, 0.0, 0.0, 0.0], "FOD p proportion": [0.0, 0.0, 0.0, 0.0, 0.0, 0.0, 0.0, 0.0, 0.0, 0.0, 0.0, 0.0, 0.0, 0.0, 0.0, 0.0, 0.0, 0.0, 0.0, 0.0, 0.0, 0.0], "FOD d proportion": [0.0, 0.0, 0.0, 0.0, 0.0, 0.0, 0.0, 0.0, 0.0, 0.0, 0.0, 0.0, 0.0, 0.0, 0.0, 0.0, 0.0, 0.0, 0.0, 0.0, 0.0, 0.0], "coordinates": [["5.28160", "-0.01160", "-0.15990"], ["3.55520", "-0.04240", "-0.11610"], ["2.88670", "1.17850", "-0.00800"], ["1.48980", "1.21220", "0.03310"], ["0.72890", "2.75940", "0.17560"], ["0.73560", "0.02530", "-0.03450"], ["1.42650", "-1.19590", "-0.14000"], ["2.82500", "-1.23260", "-0.18180"], ["3.58270", "-2.77910", "-0.31290"], ["-0.73660", "0.01760", "-0.00150"], ["-1.39520", "-0.10680", "1.23560"], ["-2.79270", "-0.11130", "1.31210"], ["-3.50940", "-0.26790", "2.87560"], ["-3.55440", "0.00700", "0.14590"], ["-5.28150", "0.00670", "0.16400"], ["-2.91810", "0.12810", "-1.09100"], ["-1.52210", "0.13270", "-1.16420"], ["-0.80200", "0.27830", "-2.73050"], ["3.45370", "2.10540", "0.04380"], ["0.86690", "-2.12890", "-0.19720"], ["-0.81110", "-0.19420", "2.15110"], ["-3.50960", "0.21960", "-1.99930"]], "bond_dist": [[0.0, 1.7272301641645793, 2.678611138258034, 3.9890704029886463, 5.340232067991053, 4.547878930886354, 4.032959026570937, 2.74339282094271, 3.2509577757946966, 6.0203550094658045, 6.821740359321806, 8.207986633761047, 9.303850328761744, 8.841309608875825, 10.568080606713785, 8.253577611557306, 6.878937030530226, 6.610765109274418, 2.804353954122054, 4.896317664326938, 6.518823287219864, 8.984544687406258], [1.7272301641645793, 0.0, 1.3961284575568256, 2.421189575394707, 3.990381412847649, 2.8215928143514972, 2.4212594140240324, 1.3978857499810202, 2.7439047687556504, 4.293748991266257, 5.132026929976108, 6.50694527870029, 7.675264966110291, 7.114597425012887, 8.841274439242342, 6.548519920562202, 5.187306517837557, 5.091475983445273, 2.1561342954463667, 3.4039706740804916, 4.9221758166485685, 7.316179691615016], [2.678611138258034, 1.3961284575568256, 0.0, 1.3979107661077654, 2.681241244274748, 2.440861261931943, 2.7905883609016935, 2.418143200887822, 4.029885577780094, 3.804738354998935, 4.6403884169323595, 5.97175287583135, 7.163610621048578, 6.548577453920813, 8.253616812040647, 5.9976605605852695, 4.676324787693856, 4.672138052326793, 1.0878032220948788, 3.879984979352369, 4.496636847689615, 6.767379004459555], [3.9890704029886463, 2.421189575394707, 1.3979107661077654, 0.0, 1.7300586406246465, 1.407877484016276, 2.4151430827178753, 2.7939198431594274, 4.520002444689604, 2.526880147533713, 3.3924905674150367, 4.661255142126421, 5.938223884294024, 5.187406338431567, 6.879016553985025, 4.6763721013195685, 3.416195127623713, 3.7097171603775947, 2.1575040996484804, 3.406463225986742, 3.4289977792352095, 5.487249299968063], [5.340232067991053, 3.990381412847649, 2.681241244274748, 1.7300586406246465, 0.0, 2.7421687967738233, 4.028727740863113, 4.522989494792133, 6.249623103835943, 3.113923875113199, 3.7216264253683495, 4.683398050561152, 5.866662780491136, 5.091487674540713, 6.610779077385661, 4.672111326798624, 3.7096654741364485, 4.116421896501864, 2.80528470569388, 4.904436841269341, 3.8727190977399846, 5.39867171626503], [4.547878930886354, 2.8215928143514972, 2.440861261931943, 1.407877484016276, 2.7421687967738233, 0.0, 1.407054547627774, 2.4432769102170964, 4.0060135209457295, 1.4725899395283129, 2.4841322549332996, 3.779006749133957, 5.155062875465245, 4.293830347137623, 6.020402031426141, 3.8047711862870277, 2.526849053663475, 3.1139426391634126, 3.4235967212859633, 2.164321745951835, 2.686504885534363, 4.681870840807123], [4.032959026570937, 2.4212594140240324, 2.7905883609016935, 2.4151430827178753, 4.028727740863113, 1.407054547627774, 0.0, 1.3996057945007232, 2.6805997631127254, 2.4841026770244423, 3.322710498975196, 4.592014831204272, 5.858168328923299, 5.132063135815849, 6.8217246177194815, 4.640358408571475, 3.3924040973917005, 3.721581403113467, 3.8783893525534534, 1.0894553685213544, 3.355502326031082, 5.461292882642351], [2.74339282094271, 1.3978857499810202, 2.418143200887822, 2.7939198431594274, 4.522989494792133, 2.4432769102170964, 1.3996057945007232, 0.0, 1.7271244164796005, 3.7789552378931406, 4.592007887623888, 5.920101704362857, 7.099504504541145, 6.506976241696292, 8.207970783330067, 5.971712211753007, 4.661162114752072, 4.683355581204571, 3.404174356580462, 2.1535427694847393, 4.443188064892144, 6.748284837645786], [3.2509577757946966, 2.7439047687556504, 4.029885577780094, 4.520002444689604, 6.249623103835943, 4.0060135209457295, 2.6805997631127254, 1.7271244164796005, 0.0, 5.155080342729878, 5.858201767607531, 7.099542731753926, 8.171324256202295, 7.675353220536499, 9.303878593898354, 7.163634000282259, 5.938204608297023, 5.866692305720491, 4.899205664186797, 2.7949447525845654, 5.662021057007824, 7.882694078803262], [6.0203550094658045, 4.293748991266257, 3.804738354998935, 2.526880147533713, 3.113923875113199, 1.4725899395283129, 2.4841026770244423, 3.7789552378931406, 5.155080342729878, 0.0, 1.406998837952612, 2.443298463143625, 4.005949887355057, 2.821672546558158, 4.547925358886181, 2.4409348106821693, 1.4078812272347407, 2.7422039767311257, 4.681834578453194, 2.686442441222219, 2.164277304321237, 3.4236731502875677], [6.821740359321806, 5.132026929976108, 4.6403884169323595, 3.3924905674150367, 3.7216264253683495, 2.4841322549332996, 3.322710498975196, 4.592007887623888, 5.858201767607531, 1.406998837952612, 0.0, 1.399599496284562, 2.680558682439166, 2.4212685043175197, 4.032931502021824, 2.790603873716225, 2.4150577425809097, 4.028664475977119, 5.461322851654168, 3.3554285359697356, 1.0894731846172259, 3.8783762491537614], [8.207986633761047, 6.50694527870029, 5.97175287583135, 4.661255142126421, 4.683398050561152, 3.779006749133957, 4.592014831204272, 5.920101704362857, 7.099542731753926, 2.443298463143625, 1.399599496284562, 0.0, 1.7270537629153295, 1.3979285460995494, 2.743388971691765, 2.418248773389537, 2.7939259206356923, 4.522973514182898, 6.748322513039814, 4.443125972780876, 2.1534929695729215, 3.40423418407136], [9.303850328761744, 7.675264966110291, 7.163610621048578, 5.938223884294024, 5.866662780491136, 5.155062875465245, 5.858168328923299, 7.099504504541145, 8.171324256202295, 4.005949887355057, 2.680558682439166, 1.7270537629153295, 0.0, 2.7438762909431613, 3.250925734310152, 4.02993390144305, 4.519936469686272, 6.249536495613094, 7.882664888221496, 5.661927457147433, 2.7948443301908603, 4.899214865669805], [8.841309608875825, 7.114597425012887, 6.548577453920813, 5.187406338431567, 5.091487674540713, 4.293830347137623, 5.132063135815849, 6.506976241696292, 7.675353220536499, 2.821672546558158, 2.4212685043175197, 1.3979285460995494, 2.7438762909431613, 0.0, 1.7271948674078446, 1.3962322550349564, 2.4212405477358088, 3.9903616891204234, 7.316226662699838, 4.92216213771956, 3.403968767483039, 2.156174584768126], [10.568080606713785, 8.841274439242342, 8.253616812040647, 6.879016553985025, 6.610779077385661, 6.020402031426141, 6.8217246177194815, 8.207970783330067, 9.303878593898354, 4.547925358886181, 4.032931502021824, 2.743388971691765, 3.250925734310152, 1.7271948674078446, 0.0, 2.6786979150326005, 3.989120153617838, 5.340207585852819, 8.984581724821698, 6.518747990220208, 4.896264226938739, 2.8044291593834214], [8.253577611557306, 6.548519920562202, 5.9976605605852695, 4.6763721013195685, 4.672111326798624, 3.8047711862870277, 4.640358408571475, 5.971712211753007, 7.163634000282259, 2.4409348106821693, 2.790603873716225, 2.418248773389537, 4.02993390144305, 1.3962322550349564, 2.6786979150326005, 0.0, 1.397925391428312, 2.6811190760576076, 6.767371836244851, 4.496571187026844, 3.8800178736701714, 1.0877745124794937], [6.878937030530226, 5.187306517837557, 4.676324787693856, 3.416195127623713, 3.7096654741364485, 2.526849053663475, 3.3924040973917005, 4.661162114752072, 5.938204608297023, 1.4078812272347407, 2.4150577425809097, 2.7939259206356923, 4.519936469686272, 2.4212405477358088, 3.989120153617838, 1.397925391428312, 0.0, 1.7300401902846074, 5.487202832955967, 3.4288838650499667, 3.406405539568065, 2.157568045276904], [6.610765109274418, 5.091475983445273, 4.672138052326793, 3.7097171603775947, 4.116421896501864, 3.1139426391634126, 3.721581403113467, 4.683355581204571, 5.866692305720491, 2.7422039767311257, 4.028664475977119, 4.522973514182898, 6.249536495613094, 3.9903616891204234, 5.340207585852819, 2.6811190760576076, 1.7300401902846074, 0.0, 5.39870515864684, 3.8726538626631735, 4.904422251397203, 2.8052088852704], [2.804353954122054, 2.1561342954463667, 1.0878032220948788, 2.1575040996484804, 2.80528470569388, 3.4235967212859633, 3.8783893525534534, 3.404174356580462, 4.899205664186797, 4.681834578453194, 5.461322851654168, 6.748322513039814, 7.882664888221496, 7.316226662699838, 8.984581724821698, 6.767371836244851, 5.487202832955967, 5.39870515864684, 0.0, 4.967787407890961, 5.283691180415449, 7.497869440047619], [4.896317664326938, 3.4039706740804916, 3.879984979352369, 3.406463225986742, 4.904436841269341, 2.164321745951835, 1.0894553685213544, 2.1535427694847393, 2.7949447525845654, 2.686442441222219, 3.3554285359697356, 4.443125972780876, 5.661927457147433, 4.92216213771956, 6.518747990220208, 4.496571187026844, 3.4288838650499667, 3.8726538626631735, 4.967787407890961, 0.0, 3.4746598365883243, 5.283632170202615], [6.518823287219864, 4.9221758166485685, 4.496636847689615, 3.4289977792352095, 3.8727190977399846, 2.686504885534363, 3.355502326031082, 4.443188064892144, 5.662021057007824, 2.164277304321237, 1.0894731846172259, 2.1534929695729215, 2.7948443301908603, 3.403968767483039, 4.896264226938739, 3.8800178736701714, 3.406405539568065, 4.904422251397203, 5.283691180415449, 3.4746598365883243, 0.0, 4.967791546552653], [8.984544687406258, 7.316179691615016, 6.767379004459555, 5.487249299968063, 5.39867171626503, 4.681870840807123, 5.461292882642351, 6.748284837645786, 7.882694078803262, 3.4236731502875677, 3.8783762491537614, 3.40423418407136, 4.899214865669805, 2.156174584768126, 2.8044291593834214, 1.0877745124794937, 2.157568045276904, 2.8052088852704, 7.497869440047619, 5.283632170202615, 4.967791546552653, 0.0]]}