{"total energy": -24.04966495, "HOMO-LUMO gap/eV": 12.04113214, "electronic energy": -24.34736746, "dipole": [0.28353896, -0.58028587, -0.38304953], "partial charges": [-0.09980045, -0.05331664, -0.05793938, -0.0242201, -0.10351464, 0.07854716, -0.44395325, 0.03062352, 0.03197111, 0.02960928, 0.03955945, 0.0287406, 0.03945071, 0.02921921, 0.03214312, 0.03165312, 0.03542604, 0.03024915, 0.04571689, 0.01389619, 0.28593889], "atomic dipole moments": [[0.05655063, 0.00891802, 0.08065178], [0.02773906, -0.0708268, -0.08760836], [-0.01166663, 0.07765119, -0.08640709], [0.05157321, 0.02663933, 0.0773581], [-0.07577175, 0.06467366, -0.0039088], [0.06477893, -0.03147932, 0.1843644], [0.02231648, -0.13818143, -0.19396722], [-0.10572426, 0.06408187, 0.0148498], [-0.03191003, -0.11908641, -0.02439037], [0.05719545, 0.04826037, -0.1011965], [0.02663989, 0.12121224, 0.02306059], [-0.0682846, -0.0320154, 0.09453871], [0.05221321, 0.00768262, 0.11308921], [-0.03459409, -0.11696925, -0.00188026], [-0.05227393, -0.02549426, -0.10911071], [0.06237038, 0.00465375, 0.10910673], [-0.03891893, -0.12013013, -0.01267191], [0.08330729, 0.01889931, -0.09177385], [-0.09221465, 0.08114747, -0.03132599], [0.08643595, 0.02457007, -0.0761385], [0.06577388, -0.04241605, 0.00161648]], "atomic quadrupole moments": [[-0.00289262, 0.00594548, -0.11622892, 0.15094095, 0.02886417, 0.11912154], [0.08916991, -0.13527867, -0.11330486, 0.14170258, 0.01928215, 0.02413496], [0.11512018, -0.12164256, -0.08013532, -0.14763674, -0.04506508, -0.03498486], [0.02413867, -0.02431611, 0.11252463, -0.09221981, -0.04893195, -0.13666331], [0.09425755, -0.15621178, 0.01851973, 0.00593541, -0.02087151, -0.11277728], [-0.18730796, 0.13573722, -0.04693872, 0.23669346, 0.15548748, 0.23424668], [-0.05203889, -0.00178645, -0.06066242, 0.08561273, 0.07674172, 0.11270131], [0.04192275, -0.05948449, -0.01677355, -0.01231651, 0.01677448, -0.0251492], [-0.04477841, 0.02122319, 0.07701451, 0.01179869, 0.01071787, -0.0322361], [0.00431314, 0.03311343, -0.03344632, -0.04449889, -0.03069608, 0.02913318], [-0.01168288, 0.02720459, 0.04525277, 0.01444478, -0.00565964, -0.03356989], [0.0105412, 0.01160276, -0.02979698, -0.0288086, -0.03476245, 0.01925578], [0.01040556, 0.00284279, -0.03915776, 0.0338078, 0.02529726, 0.0287522], [-0.01094179, 0.02473234, 0.04692927, -0.0109308, 0.02500619, -0.03598749], [-0.00365621, 0.00238402, -0.01360074, 0.02867446, 0.00684053, 0.01725695], [-0.01929812, -0.00085921, -0.03907686, 0.04463744, 0.02506701, 0.05837498], [-0.01037457, 0.03885425, 0.06139412, 0.00969446, 0.0079284, -0.05101955], [0.00747627, 0.00933933, -0.03383792, -0.05743551, -0.03164834, 0.02636165], [0.03078382, -0.03557982, 0.00092102, 0.01334708, 0.01068553, -0.03170484], [0.01509738, 0.00785591, -0.04021352, -0.02838661, 0.01560467, 0.02511614], [0.06842884, -0.09769387, -0.03084524, 0.03568679, -0.00291678, -0.0375836]], "number of molecular orbitals": 42, "number of electrons": 44, "number of unpaired electrons": 0, "orbital energies/eV": [-18.47116231, -17.17880044, -16.63715451, -16.50246917, -15.97098229, -15.49846482, -15.19594798, -14.74016829, -14.43390013, -13.95361243, -13.59290462, -13.54441497, -13.22477424, -12.92820675, -12.62043894, -12.41658374, -12.27228465, -11.98926415, -11.56083029, -11.50748985, -11.38143599, -10.95590271, 1.08522943, 2.01620077, 2.16890152, 2.49290539, 3.00763799, 3.29190517, 3.63232064, 4.03793371, 4.19977575, 4.64643481, 5.14477059, 5.38123277, 5.75605387, 6.22194446, 6.50824151, 6.95945588, 7.2638944, 7.32369643, 7.82123334, 8.04937792], "fractional occupation": [2.0, 2.0, 2.0, 2.0, 2.0, 2.0, 2.0, 2.0, 2.0, 2.0, 2.0, 2.0, 2.0, 2.0, 2.0, 2.0, 2.0, 2.0, 2.0, 2.0, 2.0, 2.0, 0.0, 0.0, 0.0, 0.0, 0.0, 0.0, 0.0, 0.0, 0.0, 0.0, 0.0, 0.0, 0.0, 0.0, 0.0, 0.0, 0.0, 0.0, 0.0, 0.0], "program call": "xtb /home/svss/Project-DBcg-Debug/aqme2_20220329/End-to-End-workflows-final/example-3/QDESCP/mol_896_rdkit_conf_24/mol_896_rdkit_conf_24.xyz --pop --wbo --acc 0.2 --gfn 2 --chrg 0 --uhf 0 --etemp 300 --input /home/svss/Project-DBcg-Debug/aqme2_20220329/End-to-End-workflows-final/example-3/QDESCP/mol_896_rdkit_conf_24/mol_896_rdkit_conf_24_xtb.inp", "method": "GFN2-xTB", "xtb version": "6.3.3 (7355c4f)", "Dipole module/D": 1.909, "Total charge": 0, "Transition dipole module/D": NaN, "HOMO": -10.9559, "LUMO": 1.0852, "HOMO occupancy": 2.0, "LUMO occupancy": 0, "mulliken charges": [-0.08652, -0.04004, -0.0465, -0.02897, -0.09143, 0.18942, -0.5649, 0.02889, 0.0259, 0.02335, 0.03201, 0.02423, 0.03223, 0.02133, 0.02129, 0.02673, 0.03246, 0.02571, 0.03069, 0.01036, 0.33376], "cm5 charges": [-0.23704, -0.15233, -0.15388, -0.09934, -0.23982, 0.1043, -0.78055, 0.07968, 0.07735, 0.07533, 0.08808, 0.07849, 0.0898, 0.07684, 0.08049, 0.08019, 0.08387, 0.07749, 0.09432, 0.07294, 0.5038], "FUKUI+": [0.022, 0.002, -0.022, -0.022, 0.018, -0.007, -0.111, -0.05, -0.031, -0.014, -0.034, -0.065, -0.049, -0.063, -0.099, -0.047, -0.073, -0.08, -0.083, -0.095, -0.098], "FUKUI-": [0.025, 0.009, 0.011, -0.016, 0.027, 0.01, -0.116, -0.059, -0.072, -0.07, -0.092, -0.108, -0.047, -0.093, -0.055, -0.038, -0.059, -0.057, -0.052, -0.094, -0.053], "FUKUIrad": [0.023, 0.005, -0.005, -0.019, 0.022, 0.001, -0.113, -0.054, -0.051, -0.042, -0.063, -0.087, -0.048, -0.078, -0.077, -0.043, -0.066, -0.068, -0.067, -0.095, -0.075], "s proportion": [1.007, 1.027, 1.034, 1.061, 1.014, 0.994, 1.695, 0.971, 0.974, 0.977, 0.968, 0.976, 0.968, 0.979, 0.979, 0.973, 0.968, 0.974, 0.969, 0.99, 0.666], "p proportion": [3.079, 3.013, 3.013, 2.968, 3.078, 2.816, 4.87, 0.0, 0.0, 0.0, 0.0, 0.0, 0.0, 0.0, 0.0, 0.0, 0.0, 0.0, 0.0, 0.0, 0.0], "d proportion": [0.0, 0.0, 0.0, 0.0, 0.0, 0.0, 0.0, 0.0, 0.0, 0.0, 0.0, 0.0, 0.0, 0.0, 0.0, 0.0, 0.0, 0.0, 0.0, 0.0, 0.0], "Fermi-level/eV": -4.9353, "Coordination numbers": [3.749, 3.798, 3.801, 3.846, 3.752, 3.675, 1.653, 0.924, 0.924, 0.924, 0.924, 0.924, 0.924, 0.923, 0.924, 0.924, 0.924, 0.924, 0.924, 0.924, 0.804], "Dispersion coefficient C6": [22.471, 21.534, 21.616, 20.973, 22.538, 19.491, 21.722, 2.578, 2.559, 2.592, 2.455, 2.605, 2.456, 2.598, 2.556, 2.563, 2.511, 2.583, 2.374, 2.828, 0.765], "Total dispersion C6": 2914.383548, "Total dispersion C8": 60107.406534, "Polarizability alpha": [6.761, 6.607, 6.619, 6.514, 6.77, 6.326, 6.292, 2.511, 2.502, 2.518, 2.45, 2.524, 2.451, 2.521, 2.5, 2.504, 2.478, 2.513, 2.41, 2.63, 1.374], "Total polarizability alpha": 79.774084, "Wiberg matrix": [[0.0, 1.0210002527641768, 0.0, 0.0, 0.0, 0.0, 0.0, 0.9872489292234008, 0.9873710897990938, 0.9861680998948333, 0.0, 0.0, 0.0, 0.0, 0.0, 0.0, 0.0, 0.0, 0.0, 0.0, 0.0], [1.0210002527641768, 0.0, 1.0074134364667233, 0.0, 0.0, 0.0, 0.0, 0.0, 0.0, 0.0, 0.975917302621401, 0.977457232290157, 0.0, 0.0, 0.0, 0.0, 0.0, 0.0, 0.0, 0.0, 0.0], [0.0, 1.0074134364667233, 0.0, 0.9952625474938314, 0.0, 0.0, 0.0, 0.0, 0.0, 0.0, 0.0, 0.0, 0.9757287398056774, 0.9764714685843997, 0.0, 0.0, 0.0, 0.0, 0.0, 0.0, 0.0], [0.0, 0.0, 0.9952625474938314, 0.0, 1.007502928234267, 0.9871225817426762, 0.0, 0.0, 0.0, 0.0, 0.0, 0.0, 0.0, 0.0, 0.9660426177921038, 0.0, 0.0, 0.0, 0.0, 0.0, 0.0], [0.0, 0.0, 0.0, 1.007502928234267, 0.0, 0.0, 0.0, 0.0, 0.0, 0.0, 0.0, 0.0, 0.0, 0.0, 0.0, 0.9839756506889115, 0.986384420423069, 0.9863702633479414, 0.0, 0.0, 0.0], [0.0, 0.0, 0.0, 0.9871225817426762, 0.0, 0.0, 0.996970984298611, 0.0, 0.0, 0.0, 0.0, 0.0, 0.0, 0.0, 0.0, 0.0, 0.0, 0.0, 0.9709179519924501, 0.9719585136535065, 0.0], [0.0, 0.0, 0.0, 0.0, 0.0, 0.996970984298611, 0.0, 0.0, 0.0, 0.0, 0.0, 0.0, 0.0, 0.0, 0.0, 0.0, 0.0, 0.0, 0.0, 0.0, 0.9017706081917237], [0.9872489292234008, 0.0, 0.0, 0.0, 0.0, 0.0, 0.0, 0.0, 0.0, 0.0, 0.0, 0.0, 0.0, 0.0, 0.0, 0.0, 0.0, 0.0, 0.0, 0.0, 0.0], [0.9873710897990938, 0.0, 0.0, 0.0, 0.0, 0.0, 0.0, 0.0, 0.0, 0.0, 0.0, 0.0, 0.0, 0.0, 0.0, 0.0, 0.0, 0.0, 0.0, 0.0, 0.0], [0.9861680998948333, 0.0, 0.0, 0.0, 0.0, 0.0, 0.0, 0.0, 0.0, 0.0, 0.0, 0.0, 0.0, 0.0, 0.0, 0.0, 0.0, 0.0, 0.0, 0.0, 0.0], [0.0, 0.975917302621401, 0.0, 0.0, 0.0, 0.0, 0.0, 0.0, 0.0, 0.0, 0.0, 0.0, 0.0, 0.0, 0.0, 0.0, 0.0, 0.0, 0.0, 0.0, 0.0], [0.0, 0.977457232290157, 0.0, 0.0, 0.0, 0.0, 0.0, 0.0, 0.0, 0.0, 0.0, 0.0, 0.0, 0.0, 0.0, 0.0, 0.0, 0.0, 0.0, 0.0, 0.0], [0.0, 0.0, 0.9757287398056774, 0.0, 0.0, 0.0, 0.0, 0.0, 0.0, 0.0, 0.0, 0.0, 0.0, 0.0, 0.0, 0.0, 0.0, 0.0, 0.0, 0.0, 0.0], [0.0, 0.0, 0.9764714685843997, 0.0, 0.0, 0.0, 0.0, 0.0, 0.0, 0.0, 0.0, 0.0, 0.0, 0.0, 0.0, 0.0, 0.0, 0.0, 0.0, 0.0, 0.0], [0.0, 0.0, 0.0, 0.9660426177921038, 0.0, 0.0, 0.0, 0.0, 0.0, 0.0, 0.0, 0.0, 0.0, 0.0, 0.0, 0.0, 0.0, 0.0, 0.0, 0.0, 0.0], [0.0, 0.0, 0.0, 0.0, 0.9839756506889115, 0.0, 0.0, 0.0, 0.0, 0.0, 0.0, 0.0, 0.0, 0.0, 0.0, 0.0, 0.0, 0.0, 0.0, 0.0, 0.0], [0.0, 0.0, 0.0, 0.0, 0.986384420423069, 0.0, 0.0, 0.0, 0.0, 0.0, 0.0, 0.0, 0.0, 0.0, 0.0, 0.0, 0.0, 0.0, 0.0, 0.0, 0.0], [0.0, 0.0, 0.0, 0.0, 0.9863702633479414, 0.0, 0.0, 0.0, 0.0, 0.0, 0.0, 0.0, 0.0, 0.0, 0.0, 0.0, 0.0, 0.0, 0.0, 0.0, 0.0], [0.0, 0.0, 0.0, 0.0, 0.0, 0.9709179519924501, 0.0, 0.0, 0.0, 0.0, 0.0, 0.0, 0.0, 0.0, 0.0, 0.0, 0.0, 0.0, 0.0, 0.0, 0.0], [0.0, 0.0, 0.0, 0.0, 0.0, 0.9719585136535065, 0.0, 0.0, 0.0, 0.0, 0.0, 0.0, 0.0, 0.0, 0.0, 0.0, 0.0, 0.0, 0.0, 0.0, 0.0], [0.0, 0.0, 0.0, 0.0, 0.0, 0.0, 0.9017706081917237, 0.0, 0.0, 0.0, 0.0, 0.0, 0.0, 0.0, 0.0, 0.0, 0.0, 0.0, 0.0, 0.0, 0.0]], "Born radii": [], "Atomic SASAs": [], "Solvent H bonds": [], "Total SASA": NaN, "Total FOD": 0.0, "FOD": [0.0, 0.0, 0.0, 0.0, 0.0, 0.0, 0.0, 0.0, 0.0, 0.0, 0.0, 0.0, 0.0, 0.0, 0.0, 0.0, 0.0, 0.0, 0.0, 0.0, 0.0], "FOD s proportion": [0.0, 0.0, 0.0, 0.0, 0.0, 0.0, 0.0, 0.0, 0.0, 0.0, 0.0, 0.0, 0.0, 0.0, 0.0, 0.0, 0.0, 0.0, 0.0, 0.0, 0.0], "FOD p proportion": [0.0, 0.0, 0.0, 0.0, 0.0, 0.0, 0.0, 0.0, 0.0, 0.0, 0.0, 0.0, 0.0, 0.0, 0.0, 0.0, 0.0, 0.0, 0.0, 0.0, 0.0], "FOD d proportion": [0.0, 0.0, 0.0, 0.0, 0.0, 0.0, 0.0, 0.0, 0.0, 0.0, 0.0, 0.0, 0.0, 0.0, 0.0, 0.0, 0.0, 0.0, 0.0, 0.0, 0.0], "coordinates": [["-2.45900", "0.17790", "-0.48370"], ["-1.60890", "0.29450", "0.77170"], ["-0.35080", "-0.57910", "0.74330"], ["0.64380", "-0.28090", "-0.39740"], ["1.82500", "-1.25460", "-0.30260"], ["1.13770", "1.17280", "-0.40940"], ["1.68730", "1.55920", "0.84230"], ["-3.39010", "0.74030", "-0.36010"], ["-2.71860", "-0.86580", "-0.68720"], ["-1.94170", "0.58350", "-1.35800"], ["-1.34370", "1.34380", "0.93980"], ["-2.21770", "-0.00990", "1.63190"], ["0.15820", "-0.47600", "1.71030"], ["-0.66130", "-1.63010", "0.67580"], ["0.15120", "-0.47270", "-1.35860"], ["2.34830", "-1.16720", "0.65520"], ["1.47960", "-2.28950", "-0.40080"], ["2.54760", "-1.06900", "-1.10420"], ["0.31500", "1.85760", "-0.63670"], ["1.89960", "1.32210", "-1.18250"], ["2.49870", "1.04300", "0.98200"]], "bond_dist": [[0.0, 1.5206231387164937, 2.5540331321265195, 3.137724170477705, 4.52078637628455, 3.732505511047506, 4.567063540175459, 1.0947684367024835, 1.0945839849001995, 1.0938515164317322, 2.151643360317876, 2.1375822533881585, 3.477205350565307, 2.8008979881459446, 2.828758457344847, 5.120207076867106, 4.648387368754889, 5.196712751345798, 3.2465176866913876, 4.560143532828764, 5.241704282959884], [1.5206231387164937, 0.0, 1.531926607249838, 2.6024098946937624, 3.9173333417007035, 3.116122536101557, 3.5312016212615216, 2.1569381817752684, 2.169359211841137, 2.1748330809512715, 1.0952712632037784, 1.0969233519257393, 2.1441274728896134, 2.147376941759411, 2.8678782993704597, 4.220138739425518, 4.194120229559472, 4.75968752230648, 2.8510109400000556, 4.1454109144932785, 4.180532992334829], [2.5540331321265195, 1.531926607249838, 0.0, 1.5425138216560654, 2.50685314687558, 2.571673219909559, 2.955669044395871, 3.492227428161001, 2.781187512556462, 2.8806359124332253, 2.173017963570481, 2.1445079179149698, 1.097633641066089, 1.0979833787448698, 2.1636331874881196, 2.7638314040476493, 2.7540510398320506, 3.4718843327507325, 2.878401731864404, 3.519597596316943, 3.2875273915208676], [3.137724170477705, 2.6024098946937624, 1.5425138216560654, 0.0, 1.5337249329654912, 1.5353582318143215, 2.451880166321348, 4.161320696605827, 3.425175296243975, 2.8904584359578673, 2.8944619845491144, 3.5184771904902266, 2.17169764470103, 2.1622638345030887, 1.0969719413002323, 2.190619706840966, 2.1755567471339377, 2.1783301609260244, 2.1768224962086364, 2.182435485873523, 2.663852394559428], [4.52078637628455, 3.9173333417007035, 2.50685314687558, 1.5337249329654912, 0.0, 2.525085798542299, 3.04092547425944, 5.583923376086029, 4.57639416571606, 4.322095517223098, 4.2820439056600055, 4.651342992083039, 2.726940888614933, 2.6981390809222567, 2.127935631075339, 1.0949257920060154, 1.0954279574668522, 1.0950619525853322, 3.4752714498294948, 2.723815716967651, 2.7171740117261534], [3.732505511047506, 3.116122536101557, 2.571673219909559, 1.5353582318143215, 2.525085798542299, 0.0, 1.420604804299915, 4.548676684487479, 4.3708251497857935, 3.275640519043565, 2.8296514979763847, 4.101755007310895, 2.8585118121148283, 3.502900005709555, 2.140521698091379, 2.8415709598741326, 3.4791508820400416, 2.737924814526506, 1.0942813258024646, 1.0956576609507187, 1.9506827010049583], [4.567063540175459, 3.5312016212615216, 2.955669044395871, 2.451880166321348, 3.04092547425944, 1.420604804299915, 0.0, 5.281699890186871, 5.256610130112371, 4.354647124624451, 3.0402079550583374, 4.281888364962356, 2.689537107013026, 3.964250080406129, 3.3663305883409604, 2.8116159712876865, 4.0498059941187305, 3.381776689848104, 2.03953201740007, 2.0496591765461885, 0.9717759463991685], [1.0947684367024835, 2.1569381817752684, 3.492227428161001, 4.161320696605827, 5.583923376086029, 4.548676684487479, 5.281699890186871, 0.0, 1.7712887596323759, 1.7658576414875577, 2.4983404932074413, 2.430099956791901, 4.284434004626515, 3.76008436208551, 3.8741679029179927, 6.131771758635509, 5.735444413469631, 6.251682380767596, 3.87977226909003, 5.384771034129492, 6.047381676395165], [1.0945839849001995, 2.169359211841137, 2.781187512556462, 3.425175296243975, 4.57639416571606, 4.3708251497857935, 5.256610130112371, 1.7712887596323759, 0.0, 1.7759551627223025, 3.0691710884211063, 2.5222391698647453, 3.7650934291196543, 2.583487329173495, 2.973391600512788, 5.250367161446903, 4.442277556614399, 5.28659074262421, 4.077031612582861, 5.134199035876969, 5.800859020007295], [1.0938515164317322, 2.1748330809512715, 2.8806359124332253, 2.8904584359578673, 4.322095517223098, 3.275640519043565, 4.354647124624451, 1.7658576414875577, 1.7759551627223025, 0.0, 2.4930994625164877, 3.0606864540491565, 3.8660813687763995, 3.267382983367576, 2.3443099645737977, 5.051932771722126, 4.568988348639116, 4.790509908141304, 2.690037061082988, 3.9155990474000273, 5.040227416496204], [2.151643360317876, 1.0952712632037784, 2.173017963570481, 2.8944619845491144, 4.2820439056600055, 2.8296514979763847, 3.0402079550583374, 2.4983404932074413, 3.0691710884211063, 2.4930994625164877, 0.0, 1.753676737600177, 2.482145422814707, 3.062588279543955, 3.288927001318211, 4.474034215336311, 4.792608907474091, 5.014155515139115, 2.3453418471514977, 3.8760318716439883, 3.8543870122238633], [2.1375822533881585, 1.0969233519257393, 2.1445079179149698, 3.5184771904902266, 4.651342992083039, 4.101755007310895, 4.281888364962356, 2.430099956791901, 2.5222391698647453, 3.0606864540491565, 1.753676737600177, 0.0, 2.42245672407166, 2.441629826570768, 3.843040632103699, 4.810576075689895, 4.795672292807339, 5.5960718463936825, 3.879261720997953, 5.162095567693415, 4.876002192370303], [3.477205350565307, 2.1441274728896134, 1.097633641066089, 2.17169764470103, 2.726940888614933, 2.8585118121148283, 2.689537107013026, 4.284434004626515, 3.7650934291196543, 3.8660813687763995, 2.482145422814707, 2.42245672407166, 0.0, 1.7532020163118682, 3.0689097575523463, 2.5273566151218154, 3.080847841098291, 3.7392902548478366, 3.3134097543165404, 3.8254319246328254, 2.883699384471273], [2.8008979881459446, 2.147376941759411, 1.0979833787448698, 2.1622638345030887, 2.6981390809222567, 3.502900005709555, 3.964250080406129, 3.76008436208551, 2.583487329173495, 3.267382983367576, 3.062588279543955, 2.441629826570768, 1.7532020163118682, 0.0, 2.4776025448001135, 3.045060414835804, 2.4854232496699633, 3.7121789315710525, 3.852255083713954, 4.327467219979835, 4.1502797556309385], [2.828758457344847, 2.8678782993704597, 2.1636331874881196, 1.0969719413002323, 2.127935631075339, 2.140521698091379, 3.3663305883409604, 3.8741679029179927, 2.973391600512788, 2.3443099645737977, 3.288927001318211, 3.843040632103699, 3.0689097575523463, 2.4776025448001135, 0.0, 3.0602237009735087, 2.445974169937205, 2.4825442614382527, 2.445049721375825, 2.5118162373071797, 3.6450666797741853], [5.120207076867106, 4.220138739425518, 2.7638314040476493, 2.190619706840966, 1.0949257920060154, 2.8415709598741326, 2.8116159712876865, 6.131771758635509, 5.250367161446903, 5.051932771722126, 4.474034215336311, 4.810576075689895, 2.5273566151218154, 3.045060414835804, 3.0602237009735087, 0.0, 1.7689920802536114, 1.7733730825745608, 3.866875940601146, 3.12651362862854, 2.2392861451810933], [4.648387368754889, 4.194120229559472, 2.7540510398320506, 2.1755567471339377, 1.0954279574668522, 3.4791508820400416, 4.0498059941187305, 5.735444413469631, 4.442277556614399, 4.568988348639116, 4.792608907474091, 4.795672292807339, 3.080847841098291, 2.4854232496699633, 2.445974169937205, 1.7689920802536114, 0.0, 1.767771424703997, 4.313975009199752, 3.719019958268576, 3.7491674942578914], [5.196712751345798, 4.75968752230648, 3.4718843327507325, 2.1783301609260244, 1.0950619525853322, 2.737924814526506, 3.381776689848104, 6.251682380767596, 5.28659074262421, 4.790509908141304, 5.014155515139115, 5.5960718463936825, 3.7392902548478366, 3.7121789315710525, 2.4825442614382527, 1.7733730825745608, 1.767771424703997, 0.0, 3.7105318446282065, 2.4785871176942718, 2.969034464266119], [3.2465176866913876, 2.8510109400000556, 2.878401731864404, 2.1768224962086364, 3.4752714498294948, 1.0942813258024646, 2.03953201740007, 3.87977226909003, 4.077031612582861, 2.690037061082988, 2.3453418471514977, 3.879261720997953, 3.3134097543165404, 3.852255083713954, 2.445049721375825, 3.866875940601146, 4.313975009199752, 3.7105318446282065, 0.0, 1.7594360033829022, 2.837658989378393], [4.560143532828764, 4.1454109144932785, 3.519597596316943, 2.182435485873523, 2.723815716967651, 1.0956576609507187, 2.0496591765461885, 5.384771034129492, 5.134199035876969, 3.9155990474000273, 3.8760318716439883, 5.162095567693415, 3.8254319246328254, 4.327467219979835, 2.5118162373071797, 3.12651362862854, 3.719019958268576, 2.4785871176942718, 1.7594360033829022, 0.0, 2.263156616321549], [5.241704282959884, 4.180532992334829, 3.2875273915208676, 2.663852394559428, 2.7171740117261534, 1.9506827010049583, 0.9717759463991685, 6.047381676395165, 5.800859020007295, 5.040227416496204, 3.8543870122238633, 4.876002192370303, 2.883699384471273, 4.1502797556309385, 3.6450666797741853, 2.2392861451810933, 3.7491674942578914, 2.969034464266119, 2.837658989378393, 2.263156616321549, 0.0]]}