{"total energy": -65.89959019, "HOMO-LUMO gap/eV": 3.54568243, "electronic energy": -66.82812409, "dipole": [-0.16493746, 1.91967888, 0.37219472], "partial charges": [-0.17815746, 0.09761917, -0.04181887, -0.03758956, 0.00555874, -0.001195, -0.14817964, 0.03467168, -0.06963966, -0.05647396, -0.05801688, -0.06482503, 0.31890515, -0.4749858, -0.18844312, 0.07955782, -0.04567932, -0.02986149, -0.03823397, -0.03090346, -0.05649842, -0.03110907, -0.03967589, 0.05355327, 0.04043732, 0.03970351, 0.08526372, 0.04980255, 0.04205751, 0.0377847, 0.02756079, 0.03743672, 0.03660181, 0.03687517, 0.03710947, 0.03652792, 0.18834126, 0.07141605, 0.03551469, 0.02852787, 0.02966264, 0.01933702, 0.06463811, 0.05682194], "atomic dipole moments": [[-0.00545361, -0.02035237, 0.00078087], [-0.17040511, -0.1134621, 0.14554845], [0.0145544, -0.03033021, 0.0163106], [-0.00256274, -0.01259561, 0.00238349], [0.06463063, 0.03719008, -0.05426511], [0.06905271, 0.04275657, 0.1487017], [-0.04752326, -0.00161329, 0.01068792], [0.11002209, -0.0697972, 0.01130975], [-0.04379333, -0.05698003, 0.10559474], [-0.08706505, -0.07902195, -0.03487501], [0.05935146, -0.06429802, -0.08555284], [0.01733838, 0.08752114, -0.07840642], [0.00284775, 0.03351005, 0.01927356], [-0.03531213, 0.18328177, 0.10144772], [0.00317223, -0.04414819, -0.02062712], [-0.1629136, 0.04073706, -0.03748617], [-0.00887045, 0.04275977, 0.03153428], [-0.00440609, -0.00251538, -0.00309069], [-0.00401007, 0.00273094, 0.00053767], [-0.00180612, 0.00350449, 0.00209999], [-0.02773904, -0.01281586, -0.02321068], [-0.0222103, 0.00724686, 0.00187804], [-0.03418973, 0.01561783, -0.00239708], [-0.14297348, 0.05778554, 0.00472395], [-0.04421626, 0.12143989, -0.07868364], [-0.04542105, 0.08326964, -0.07679229], [0.04383419, -0.09006488, -0.08977439], [-0.11320138, 0.03874287, -0.04229911], [0.11615309, -0.0164232, -0.0643849], [-0.06783745, 0.07966441, -0.071476], [0.11072914, -0.02973115, 0.04162023], [-0.00537567, 0.12939879, -0.00765975], [0.03355521, 0.00715492, 0.12457125], [-0.10827742, 0.06369376, -0.01785667], [0.08516749, -0.07429693, 0.06255625], [-0.11645867, -0.04639715, 0.03551236], [-0.04142631, 0.10323162, 0.06364681], [-0.06581178, -0.09617532, -0.10608426], [0.0657359, -0.11999886, -0.06584086], [0.14217387, -0.03645887, 0.03364144], [0.07801181, 0.08270167, 0.09931672], [-0.05260053, 0.11888496, 0.07082738], [0.14452692, -0.0600462, -0.00499774], [0.04357609, -0.12486836, 0.08093701]], "atomic quadrupole moments": [[0.08062538, 0.20984942, -0.09250474, -0.26460583, -0.16351903, 0.01187936], [-0.11021102, 0.32475853, -0.08048516, -0.11404864, 0.16603387, 0.19069618], [-0.20856804, 0.12438743, 0.01752585, 0.15424524, 0.33458446, 0.19104219], [-0.20856377, 0.13530793, 0.0094656, 0.14179914, 0.34056993, 0.19909816], [-0.16979792, 0.21404004, -0.0403122, 0.04420767, 0.28375722, 0.21011012], [0.15892265, 0.14920666, -0.11087596, 0.08833057, 0.02483555, -0.04804668], [0.00419671, 0.00786984, 0.01975639, 0.03957889, 0.07462739, -0.0239531], [-0.19539004, 0.04951217, 0.13597226, -0.0868505, 0.10730743, 0.05941778], [-0.10393231, 0.19798539, 0.04028472, 0.01687393, 0.09350769, 0.06364759], [-0.0507958, 0.13049111, -0.12281601, -0.10123285, 0.05522316, 0.17361181], [-0.06853913, 0.14901505, 0.1388873, -0.149632, 0.03880839, -0.07034817], [-0.23772119, 0.04315391, 0.09804365, -0.01466592, 0.09434055, 0.13967753], [-0.14475975, 0.15068247, -0.06306583, -0.15739142, -0.25983858, 0.20782559], [-0.05517442, 0.01784256, 0.00598724, -0.06241463, -0.06321825, 0.04918718], [0.0151026, 0.0160087, -0.01018709, 0.02621914, 0.00140358, -0.00491551], [0.03251976, 0.06559532, -0.09592303, -0.09955729, -0.34596883, 0.06340327], [-0.15143066, 0.14428858, -0.00386919, -0.17990638, -0.34593958, 0.15529985], [-0.17993136, 0.16315611, 0.00147517, -0.18467596, -0.34918511, 0.17845619], [-0.17651046, 0.14404941, 0.00933549, -0.18597712, -0.32727097, 0.16717497], [-0.18195155, 0.14452523, 0.01064636, -0.19639828, -0.34042838, 0.17130519], [-0.14677148, 0.12158307, 0.00238704, -0.16226984, -0.2924439, 0.14438444], [-0.22146676, 0.14962934, 0.00553506, 0.15284767, 0.36240886, 0.2159317], [-0.18758716, 0.12124947, -0.00037261, 0.15102235, 0.35362868, 0.18795977], [0.02345506, -0.00969705, -0.00245647, -0.02264853, -0.04322363, -0.02099859], [0.02747215, -0.01180992, -0.00312174, -0.02342069, -0.04523019, -0.02435041], [0.00540237, -0.0189828, 0.02298092, 0.03157554, -0.0298143, -0.02838329], [0.0059943, -0.024615, 0.02014534, -0.01933666, 0.02249231, -0.02613964], [0.00275923, 0.01196464, 0.00429821, 0.01144085, -0.00361607, -0.00705743], [0.03412939, -0.03471696, -0.0233862, -0.01474081, 0.01561658, -0.01074319], [0.00828382, -0.00975855, 0.01311329, 0.03540559, -0.01709941, -0.02139711], [0.0328306, -0.03336551, -0.03847031, 0.0133164, -0.00784245, 0.00563971], [-0.02399695, -0.00796244, 0.04963036, 0.00887672, -0.00914782, -0.02563341], [-0.01654838, -0.00663369, -0.03169637, 0.02422403, 0.00367242, 0.04824475], [0.03413295, -0.02116137, 0.00473449, 0.01422548, -0.01557891, -0.03886745], [0.02805453, -0.04302987, -0.00422586, 0.02102735, 0.00243673, -0.02382867], [0.04228584, 0.02111001, -0.01861672, -0.00778542, -0.0149032, -0.02366913], [0.02104419, -0.029534, 0.00648539, 0.02262666, 0.04352385, -0.02752959], [0.03979432, -0.02085294, -0.0131074, 0.02697525, 0.02855049, -0.02668692], [0.02729276, -0.0156615, -0.00549585, 0.03007291, 0.04359221, -0.02179691], [0.019606, -0.01801515, 0.00132926, 0.02470394, 0.04737271, -0.02093526], [0.024016, -0.02461646, 0.00115682, 0.02163427, 0.04460118, -0.02517281], [0.02935113, -0.02524125, -0.00282263, 0.02170675, 0.03994479, -0.0265285], [0.01941686, -0.0073383, -0.00023942, -0.02239, -0.04559533, -0.01917744], [0.02548488, -0.00855317, -0.00389405, -0.02389738, -0.04145795, -0.02159083]], "number of molecular orbitals": 118, "number of electrons": 120, "number of unpaired electrons": 0, "orbital energies/eV": [-28.7221745, -18.78751649, -18.25835077, -18.02488902, -17.96065844, -17.87517426, -17.64839162, -17.32889591, -17.17588324, -17.08954371, -17.06137516, -16.98928279, -16.64213784, -16.478122, -16.16978972, -16.09158311, -16.00477906, -15.89367846, -15.73554495, -15.59788941, -15.33701805, -15.12791724, -14.99037447, -14.8873936, -14.69195205, -14.57793492, -14.33061981, -14.25281715, -14.16107381, -13.97465837, -13.88907856, -13.84772859, -13.63225128, -13.57713132, -13.51415651, -13.37013034, -13.23977391, -13.14636065, -13.09194356, -13.03307254, -12.90691035, -12.79696313, -12.69540142, -12.63900098, -12.58186587, -12.29865716, -12.14019047, -12.09545509, -12.0512904, -11.94900306, -11.89514726, -11.76234925, -11.51973511, -11.37525616, -11.34139493, -10.84985196, -10.83237006, -10.61860452, -10.498977, -10.12335174, -6.5776693, -6.57090822, -6.10696686, -6.0394036, -4.73399474, -3.65421206, -3.29045853, -2.38854764, -1.28408018, 0.0290583, 0.41227629, 0.5630728, 0.56654347, 0.76785335, 0.93693327, 1.4343817, 1.59453355, 1.94544131, 2.1511082, 2.66111279, 2.97928283, 3.07186771, 3.35453241, 3.46489014, 3.74479018, 3.81815972, 3.91929492, 3.96736087, 4.20459929, 4.4509456, 4.47204868, 4.71648309, 4.72568534, 4.79364342, 4.94321089, 5.17794881, 5.30309032, 5.50251715, 5.5400688, 6.46113767, 7.02880648, 7.19511229, 8.26436747, 8.37030854, 9.40417054, 9.63950785, 10.39650846, 10.66914365, 10.90237898, 11.0558836, 11.60637895, 11.67518917, 12.54980696, 15.98259114, 16.31047382, 16.48298626, 16.60457581, 17.67601125], "fractional occupation": [2.0, 2.0, 2.0, 2.0, 2.0, 2.0, 2.0, 2.0, 2.0, 2.0, 2.0, 2.0, 2.0, 2.0, 2.0, 2.0, 2.0, 2.0, 2.0, 2.0, 2.0, 2.0, 2.0, 2.0, 2.0, 2.0, 2.0, 2.0, 2.0, 2.0, 2.0, 2.0, 2.0, 2.0, 2.0, 2.0, 2.0, 2.0, 2.0, 2.0, 2.0, 2.0, 2.0, 2.0, 2.0, 2.0, 2.0, 2.0, 2.0, 2.0, 2.0, 2.0, 2.0, 2.0, 2.0, 2.0, 2.0, 2.0, 2.0, 2.0, 0.0, 0.0, 0.0, 0.0, 0.0, 0.0, 0.0, 0.0, 0.0, 0.0, 0.0, 0.0, 0.0, 0.0, 0.0, 0.0, 0.0, 0.0, 0.0, 0.0, 0.0, 0.0, 0.0, 0.0, 0.0, 0.0, 0.0, 0.0, 0.0, 0.0, 0.0, 0.0, 0.0, 0.0, 0.0, 0.0, 0.0, 0.0, 0.0, 0.0, 0.0, 0.0, 0.0, 0.0, 0.0, 0.0, 0.0, 0.0, 0.0, 0.0, 0.0, 0.0, 0.0, 0.0, 0.0, 0.0, 0.0, 0.0], "program call": "xtb /home/svss/Project-DBcg-Debug/aqme2_20220329/End-to-End-workflows-final/example-3/QDESCP/mol_776_rdkit_conf_2/mol_776_rdkit_conf_2.xyz --pop --wbo --acc 0.2 --gfn 2 --chrg 0 --uhf 0 --etemp 300 --input /home/svss/Project-DBcg-Debug/aqme2_20220329/End-to-End-workflows-final/example-3/QDESCP/mol_776_rdkit_conf_2/mol_776_rdkit_conf_2_xtb.inp", "method": "GFN2-xTB", "xtb version": "6.3.3 (7355c4f)", "Dipole module/D": 4.988, "Total charge": 0, "Transition dipole module/D": NaN, "HOMO": -10.1234, "LUMO": -6.5777, "HOMO occupancy": 2.0, "LUMO occupancy": 0, "mulliken charges": [-0.11964, 0.11163, -0.05015, -0.03779, -0.01386, 0.09335, -0.31487, 0.11127, -0.07046, -0.05022, -0.04779, -0.0664, 0.55994, -0.57719, -0.33963, 0.15279, -0.05254, -0.02486, -0.04365, -0.02447, -0.0773, -0.02449, -0.04899, 0.03967, 0.03023, 0.02574, 0.06748, 0.03378, 0.03818, 0.03422, 0.02281, 0.03445, 0.03348, 0.02948, 0.03214, 0.03652, 0.22257, 0.06498, 0.03229, 0.0285, 0.02835, 0.02392, 0.05377, 0.04275], "cm5 charges": [-0.12166, 0.10426, -0.10213, -0.09091, -0.02399, 0.05141, -0.55717, 0.10323, -0.17342, -0.15945, -0.15669, -0.16925, 0.71954, -0.6243, -0.68928, 0.20456, -0.09987, -0.08004, -0.09898, -0.07966, -0.1254, -0.07602, -0.10088, 0.09619, 0.08659, 0.09181, 0.13868, 0.10504, 0.09872, 0.08958, 0.07891, 0.0885, 0.08757, 0.08471, 0.09344, 0.09258, 0.43244, 0.1306, 0.08767, 0.08391, 0.08376, 0.08295, 0.11318, 0.09927], "FUKUI+": [-0.094, -0.037, -0.028, -0.027, -0.043, 0.012, -0.018, 0.008, 0.004, 0.004, 0.004, 0.002, -0.013, -0.032, -0.012, -0.024, -0.015, -0.027, -0.027, -0.02, -0.025, -0.026, -0.027, -0.054, -0.052, -0.032, -0.027, -0.007, -0.003, -0.015, -0.001, -0.017, -0.012, -0.011, 0.002, 0.002, -0.019, -0.029, -0.044, -0.046, -0.044, -0.039, -0.041, -0.051], "FUKUI-": [-0.144, -0.013, -0.015, -0.009, -0.021, 0.012, -0.06, 0.009, 0.003, 0.005, 0.006, 0.0, -0.001, -0.043, -0.05, -0.022, -0.021, -0.016, -0.038, -0.018, -0.019, -0.007, -0.012, -0.034, -0.029, -0.036, -0.026, -0.02, -0.005, -0.022, -0.003, -0.022, -0.018, -0.016, -0.002, -0.011, -0.03, -0.032, -0.043, -0.05, -0.044, -0.036, -0.017, -0.03], "FUKUIrad": [-0.119, -0.025, -0.021, -0.018, -0.032, 0.012, -0.039, 0.008, 0.004, 0.004, 0.005, 0.001, -0.007, -0.037, -0.031, -0.023, -0.018, -0.021, -0.033, -0.019, -0.022, -0.017, -0.019, -0.044, -0.041, -0.034, -0.026, -0.013, -0.004, -0.019, -0.002, -0.02, -0.015, -0.014, 0.0, -0.004, -0.025, -0.031, -0.043, -0.048, -0.044, -0.038, -0.029, -0.04], "s proportion": [1.944, 1.078, 1.061, 1.064, 1.091, 1.007, 1.447, 1.04, 1.04, 1.032, 1.03, 1.038, 0.942, 1.724, 1.417, 1.039, 1.062, 1.062, 1.056, 1.058, 1.059, 1.067, 1.063, 0.96, 0.97, 0.974, 0.933, 0.966, 0.962, 0.966, 0.977, 0.966, 0.967, 0.971, 0.968, 0.963, 0.777, 0.935, 0.968, 0.972, 0.972, 0.976, 0.946, 0.957], "p proportion": [5.186, 2.81, 2.989, 2.974, 2.923, 2.899, 3.867, 2.848, 3.03, 3.018, 3.018, 3.028, 2.498, 4.854, 3.923, 2.808, 2.99, 2.962, 2.987, 2.966, 3.019, 2.957, 2.986, 0.0, 0.0, 0.0, 0.0, 0.0, 0.0, 0.0, 0.0, 0.0, 0.0, 0.0, 0.0, 0.0, 0.0, 0.0, 0.0, 0.0, 0.0, 0.0, 0.0, 0.0], "d proportion": [-0.01, 0.0, 0.0, 0.0, 0.0, 0.0, 0.0, 0.0, 0.0, 0.0, 0.0, 0.0, 0.0, 0.0, 0.0, 0.0, 0.0, 0.0, 0.0, 0.0, 0.0, 0.0, 0.0, 0.0, 0.0, 0.0, 0.0, 0.0, 0.0, 0.0, 0.0, 0.0, 0.0, 0.0, 0.0, 0.0, 0.0, 0.0, 0.0, 0.0, 0.0, 0.0, 0.0, 0.0], "Fermi-level/eV": -8.3505, "Coordination numbers": [0.966, 2.879, 2.947, 2.914, 2.96, 3.75, 2.731, 3.81, 3.816, 3.825, 3.829, 3.823, 2.689, 0.858, 2.694, 2.895, 2.915, 2.912, 2.911, 2.911, 2.92, 2.915, 2.947, 0.925, 0.925, 0.924, 0.924, 0.923, 0.924, 0.924, 0.924, 0.924, 0.924, 0.924, 0.924, 0.924, 0.861, 0.925, 0.925, 0.925, 0.925, 0.925, 0.925, 0.925], "Dispersion coefficient C6": [104.749, 25.833, 29.038, 28.935, 27.896, 20.663, 24.204, 19.984, 21.82, 21.569, 21.595, 21.724, 21.58, 23.238, 25.085, 26.224, 29.134, 28.745, 28.95, 28.771, 29.404, 28.776, 28.985, 2.276, 2.443, 2.453, 1.926, 2.323, 2.422, 2.479, 2.622, 2.483, 2.495, 2.491, 2.488, 2.496, 1.167, 2.07, 2.509, 2.607, 2.591, 2.743, 2.145, 2.237], "Total dispersion C6": 23439.243874, "Total dispersion C8": 581317.474673, "Polarizability alpha": [15.658, 8.332, 8.838, 8.821, 8.663, 6.483, 7.307, 6.363, 6.648, 6.609, 6.612, 6.633, 7.603, 6.463, 7.439, 8.396, 8.851, 8.792, 8.823, 8.795, 8.892, 8.796, 8.83, 2.359, 2.444, 2.449, 2.17, 2.383, 2.434, 2.462, 2.532, 2.464, 2.47, 2.468, 2.467, 2.471, 1.692, 2.25, 2.477, 2.525, 2.517, 2.59, 2.291, 2.339], "Total polarizability alpha": 238.902647, "Wiberg matrix": [[0.0, 0.9755418590108236, 0.0, 0.0, 0.0, 0.0, 0.0, 0.0, 0.0, 0.0, 0.0, 0.0, 0.0, 0.0, 0.0, 0.0, 0.0, 0.0, 0.0, 0.0, 0.0, 0.0, 0.0, 0.0, 0.0, 0.0, 0.0, 0.0, 0.0, 0.0, 0.0, 0.0, 0.0, 0.0, 0.0, 0.0, 0.0, 0.0, 0.0, 0.0, 0.0, 0.0, 0.0, 0.0], [0.9755418590108236, 0.0, 1.4028464544411903, 0.0, 0.0, 0.0, 0.0, 0.0, 0.0, 0.0, 0.0, 0.0, 0.0, 0.0, 0.0, 0.0, 0.0, 0.0, 0.0, 0.0, 0.0, 0.0, 1.399894206096565, 0.0, 0.0, 0.0, 0.0, 0.0, 0.0, 0.0, 0.0, 0.0, 0.0, 0.0, 0.0, 0.0, 0.0, 0.0, 0.0, 0.0, 0.0, 0.0, 0.0, 0.0], [0.0, 1.4028464544411903, 0.0, 1.439832611180752, 0.0, 0.0, 0.0, 0.0, 0.0, 0.0, 0.0, 0.0, 0.0, 0.0, 0.0, 0.0, 0.0, 0.0, 0.0, 0.0, 0.0, 0.11037736297624717, 0.0, 0.967961377873879, 0.0, 0.0, 0.0, 0.0, 0.0, 0.0, 0.0, 0.0, 0.0, 0.0, 0.0, 0.0, 0.0, 0.0, 0.0, 0.0, 0.0, 0.0, 0.0, 0.0], [0.0, 0.0, 1.439832611180752, 0.0, 1.4123445154234617, 0.0, 0.0, 0.0, 0.0, 0.0, 0.0, 0.0, 0.0, 0.0, 0.0, 0.0, 0.0, 0.0, 0.0, 0.0, 0.0, 0.0, 0.10709945039416734, 0.0, 0.9676329446656275, 0.0, 0.0, 0.0, 0.0, 0.0, 0.0, 0.0, 0.0, 0.0, 0.0, 0.0, 0.0, 0.0, 0.0, 0.0, 0.0, 0.0, 0.0, 0.0], [0.0, 0.0, 0.0, 1.4123445154234617, 0.0, 0.9987135489575965, 0.0, 0.0, 0.0, 0.0, 0.0, 0.0, 0.0, 0.0, 0.0, 0.0, 0.0, 0.0, 0.0, 0.0, 0.0, 1.4061388939022021, 0.0, 0.0, 0.0, 0.0, 0.0, 0.0, 0.0, 0.0, 0.0, 0.0, 0.0, 0.0, 0.0, 0.0, 0.0, 0.0, 0.0, 0.0, 0.0, 0.0, 0.0, 0.0], [0.0, 0.0, 0.0, 0.0, 0.9987135489575965, 0.0, 0.979668208920146, 0.0, 0.0, 0.0, 0.0, 0.0, 0.0, 0.0, 0.0, 0.0, 0.0, 0.0, 0.0, 0.0, 0.0, 0.0, 0.0, 0.0, 0.0, 0.9685856612175672, 0.9541605942600351, 0.0, 0.0, 0.0, 0.0, 0.0, 0.0, 0.0, 0.0, 0.0, 0.0, 0.0, 0.0, 0.0, 0.0, 0.0, 0.0, 0.0], [0.0, 0.0, 0.0, 0.0, 0.0, 0.979668208920146, 0.0, 0.9794413990018285, 0.0, 0.0, 0.0, 0.0, 1.1410169843971796, 0.1516751412109694, 0.0, 0.0, 0.0, 0.0, 0.0, 0.0, 0.0, 0.0, 0.0, 0.0, 0.0, 0.0, 0.0, 0.0, 0.0, 0.0, 0.0, 0.0, 0.0, 0.0, 0.0, 0.0, 0.0, 0.0, 0.0, 0.0, 0.0, 0.0, 0.0, 0.0], [0.0, 0.0, 0.0, 0.0, 0.0, 0.0, 0.9794413990018285, 0.0, 0.9802502080927207, 0.0, 0.0, 0.9839197003888811, 0.0, 0.0, 0.0, 0.0, 0.0, 0.0, 0.0, 0.0, 0.0, 0.0, 0.0, 0.0, 0.0, 0.0, 0.0, 0.9658430696601245, 0.0, 0.0, 0.0, 0.0, 0.0, 0.0, 0.0, 0.0, 0.0, 0.0, 0.0, 0.0, 0.0, 0.0, 0.0, 0.0], [0.0, 0.0, 0.0, 0.0, 0.0, 0.0, 0.0, 0.9802502080927207, 0.0, 1.0049615262667442, 0.0, 0.0, 0.0, 0.0, 0.0, 0.0, 0.0, 0.0, 0.0, 0.0, 0.0, 0.0, 0.0, 0.0, 0.0, 0.0, 0.0, 0.0, 0.976603336674512, 0.9814606054709489, 0.0, 0.0, 0.0, 0.0, 0.0, 0.0, 0.0, 0.0, 0.0, 0.0, 0.0, 0.0, 0.0, 0.0], [0.0, 0.0, 0.0, 0.0, 0.0, 0.0, 0.0, 0.0, 1.0049615262667442, 0.0, 1.0072782876197277, 0.0, 0.0, 0.0, 0.0, 0.0, 0.0, 0.0, 0.0, 0.0, 0.0, 0.0, 0.0, 0.0, 0.0, 0.0, 0.0, 0.0, 0.0, 0.0, 0.9762770062621672, 0.9794857895999767, 0.0, 0.0, 0.0, 0.0, 0.0, 0.0, 0.0, 0.0, 0.0, 0.0, 0.0, 0.0], [0.0, 0.0, 0.0, 0.0, 0.0, 0.0, 0.0, 0.0, 0.0, 1.0072782876197277, 0.0, 1.0070046870017237, 0.0, 0.0, 0.0, 0.0, 0.0, 0.0, 0.0, 0.0, 0.0, 0.0, 0.0, 0.0, 0.0, 0.0, 0.0, 0.0, 0.0, 0.0, 0.0, 0.0, 0.9786081423994746, 0.9791022329514857, 0.0, 0.0, 0.0, 0.0, 0.0, 0.0, 0.0, 0.0, 0.0, 0.0], [0.0, 0.0, 0.0, 0.0, 0.0, 0.0, 0.0, 0.9839197003888811, 0.0, 0.0, 1.0070046870017237, 0.0, 0.0, 0.0, 0.0, 0.0, 0.0, 0.0, 0.0, 0.0, 0.0, 0.0, 0.0, 0.0, 0.0, 0.0, 0.0, 0.0, 0.0, 0.0, 0.0, 0.0, 0.0, 0.0, 0.9719405728950763, 0.9782194906415098, 0.0, 0.0, 0.0, 0.0, 0.0, 0.0, 0.0, 0.0], [0.0, 0.0, 0.0, 0.0, 0.0, 0.0, 1.1410169843971796, 0.0, 0.0, 0.0, 0.0, 0.0, 0.0, 1.5978363028392129, 1.1474179231121113, 0.0, 0.0, 0.0, 0.0, 0.0, 0.0, 0.0, 0.0, 0.0, 0.0, 0.0, 0.0, 0.0, 0.0, 0.0, 0.0, 0.0, 0.0, 0.0, 0.0, 0.0, 0.0, 0.0, 0.0, 0.0, 0.0, 0.0, 0.0, 0.0], [0.0, 0.0, 0.0, 0.0, 0.0, 0.0, 0.1516751412109694, 0.0, 0.0, 0.0, 0.0, 0.0, 1.5978363028392129, 0.0, 0.12420108550070477, 0.0, 0.0, 0.0, 0.0, 0.0, 0.0, 0.0, 0.0, 0.0, 0.0, 0.0, 0.0, 0.0, 0.0, 0.0, 0.0, 0.0, 0.0, 0.0, 0.0, 0.0, 0.0, 0.0, 0.0, 0.0, 0.0, 0.0, 0.0, 0.0], [0.0, 0.0, 0.0, 0.0, 0.0, 0.0, 0.0, 0.0, 0.0, 0.0, 0.0, 0.0, 1.1474179231121113, 0.12420108550070477, 0.0, 1.0736616982373892, 0.0, 0.0, 0.0, 0.0, 0.0, 0.0, 0.0, 0.0, 0.0, 0.0, 0.0, 0.0, 0.0, 0.0, 0.0, 0.0, 0.0, 0.0, 0.0, 0.0, 0.9194726066203921, 0.0, 0.0, 0.0, 0.0, 0.0, 0.0, 0.0], [0.0, 0.0, 0.0, 0.0, 0.0, 0.0, 0.0, 0.0, 0.0, 0.0, 0.0, 0.0, 0.0, 0.0, 1.0736616982373892, 0.0, 1.3777194840210798, 0.0, 0.0, 0.0, 1.3649084332556527, 0.0, 0.0, 0.0, 0.0, 0.0, 0.0, 0.0, 0.0, 0.0, 0.0, 0.0, 0.0, 0.0, 0.0, 0.0, 0.0, 0.0, 0.0, 0.0, 0.0, 0.0, 0.0, 0.0], [0.0, 0.0, 0.0, 0.0, 0.0, 0.0, 0.0, 0.0, 0.0, 0.0, 0.0, 0.0, 0.0, 0.0, 0.0, 1.3777194840210798, 0.0, 1.4429314614683815, 0.0, 0.10825493686363738, 0.0, 0.0, 0.0, 0.0, 0.0, 0.0, 0.0, 0.0, 0.0, 0.0, 0.0, 0.0, 0.0, 0.0, 0.0, 0.0, 0.0, 0.9617889744641526, 0.0, 0.0, 0.0, 0.0, 0.0, 0.0], [0.0, 0.0, 0.0, 0.0, 0.0, 0.0, 0.0, 0.0, 0.0, 0.0, 0.0, 0.0, 0.0, 0.0, 0.0, 0.0, 1.4429314614683815, 0.0, 1.4377950359591258, 0.0, 0.10941649373958853, 0.0, 0.0, 0.0, 0.0, 0.0, 0.0, 0.0, 0.0, 0.0, 0.0, 0.0, 0.0, 0.0, 0.0, 0.0, 0.0, 0.0, 0.9713980556322431, 0.0, 0.0, 0.0, 0.0, 0.0], [0.0, 0.0, 0.0, 0.0, 0.0, 0.0, 0.0, 0.0, 0.0, 0.0, 0.0, 0.0, 0.0, 0.0, 0.0, 0.0, 0.0, 1.4377950359591258, 0.0, 1.4317977961918356, 0.0, 0.0, 0.0, 0.0, 0.0, 0.0, 0.0, 0.0, 0.0, 0.0, 0.0, 0.0, 0.0, 0.0, 0.0, 0.0, 0.0, 0.0, 0.0, 0.971281159557916, 0.0, 0.0, 0.0, 0.0], [0.0, 0.0, 0.0, 0.0, 0.0, 0.0, 0.0, 0.0, 0.0, 0.0, 0.0, 0.0, 0.0, 0.0, 0.0, 0.0, 0.10825493686363738, 0.0, 1.4317977961918356, 0.0, 1.4515314524952267, 0.0, 0.0, 0.0, 0.0, 0.0, 0.0, 0.0, 0.0, 0.0, 0.0, 0.0, 0.0, 0.0, 0.0, 0.0, 0.0, 0.0, 0.0, 0.0, 0.971636238985046, 0.0, 0.0, 0.0], [0.0, 0.0, 0.0, 0.0, 0.0, 0.0, 0.0, 0.0, 0.0, 0.0, 0.0, 0.0, 0.0, 0.0, 0.0, 1.3649084332556527, 0.0, 0.10941649373958853, 0.0, 1.4515314524952267, 0.0, 0.0, 0.0, 0.0, 0.0, 0.0, 0.0, 0.0, 0.0, 0.0, 0.0, 0.0, 0.0, 0.0, 0.0, 0.0, 0.0, 0.0, 0.0, 0.0, 0.0, 0.9674129360043062, 0.0, 0.0], [0.0, 0.0, 0.11037736297624717, 0.0, 1.4061388939022021, 0.0, 0.0, 0.0, 0.0, 0.0, 0.0, 0.0, 0.0, 0.0, 0.0, 0.0, 0.0, 0.0, 0.0, 0.0, 0.0, 0.0, 1.4471270054418799, 0.0, 0.0, 0.0, 0.0, 0.0, 0.0, 0.0, 0.0, 0.0, 0.0, 0.0, 0.0, 0.0, 0.0, 0.0, 0.0, 0.0, 0.0, 0.0, 0.9658636671347971, 0.0], [0.0, 1.399894206096565, 0.0, 0.10709945039416734, 0.0, 0.0, 0.0, 0.0, 0.0, 0.0, 0.0, 0.0, 0.0, 0.0, 0.0, 0.0, 0.0, 0.0, 0.0, 0.0, 0.0, 1.4471270054418799, 0.0, 0.0, 0.0, 0.0, 0.0, 0.0, 0.0, 0.0, 0.0, 0.0, 0.0, 0.0, 0.0, 0.0, 0.0, 0.0, 0.0, 0.0, 0.0, 0.0, 0.0, 0.9674474631615947], [0.0, 0.0, 0.967961377873879, 0.0, 0.0, 0.0, 0.0, 0.0, 0.0, 0.0, 0.0, 0.0, 0.0, 0.0, 0.0, 0.0, 0.0, 0.0, 0.0, 0.0, 0.0, 0.0, 0.0, 0.0, 0.0, 0.0, 0.0, 0.0, 0.0, 0.0, 0.0, 0.0, 0.0, 0.0, 0.0, 0.0, 0.0, 0.0, 0.0, 0.0, 0.0, 0.0, 0.0, 0.0], [0.0, 0.0, 0.0, 0.9676329446656275, 0.0, 0.0, 0.0, 0.0, 0.0, 0.0, 0.0, 0.0, 0.0, 0.0, 0.0, 0.0, 0.0, 0.0, 0.0, 0.0, 0.0, 0.0, 0.0, 0.0, 0.0, 0.0, 0.0, 0.0, 0.0, 0.0, 0.0, 0.0, 0.0, 0.0, 0.0, 0.0, 0.0, 0.0, 0.0, 0.0, 0.0, 0.0, 0.0, 0.0], [0.0, 0.0, 0.0, 0.0, 0.0, 0.9685856612175672, 0.0, 0.0, 0.0, 0.0, 0.0, 0.0, 0.0, 0.0, 0.0, 0.0, 0.0, 0.0, 0.0, 0.0, 0.0, 0.0, 0.0, 0.0, 0.0, 0.0, 0.0, 0.0, 0.0, 0.0, 0.0, 0.0, 0.0, 0.0, 0.0, 0.0, 0.0, 0.0, 0.0, 0.0, 0.0, 0.0, 0.0, 0.0], [0.0, 0.0, 0.0, 0.0, 0.0, 0.9541605942600351, 0.0, 0.0, 0.0, 0.0, 0.0, 0.0, 0.0, 0.0, 0.0, 0.0, 0.0, 0.0, 0.0, 0.0, 0.0, 0.0, 0.0, 0.0, 0.0, 0.0, 0.0, 0.0, 0.0, 0.0, 0.0, 0.0, 0.0, 0.0, 0.0, 0.0, 0.0, 0.0, 0.0, 0.0, 0.0, 0.0, 0.0, 0.0], [0.0, 0.0, 0.0, 0.0, 0.0, 0.0, 0.0, 0.9658430696601245, 0.0, 0.0, 0.0, 0.0, 0.0, 0.0, 0.0, 0.0, 0.0, 0.0, 0.0, 0.0, 0.0, 0.0, 0.0, 0.0, 0.0, 0.0, 0.0, 0.0, 0.0, 0.0, 0.0, 0.0, 0.0, 0.0, 0.0, 0.0, 0.0, 0.0, 0.0, 0.0, 0.0, 0.0, 0.0, 0.0], [0.0, 0.0, 0.0, 0.0, 0.0, 0.0, 0.0, 0.0, 0.976603336674512, 0.0, 0.0, 0.0, 0.0, 0.0, 0.0, 0.0, 0.0, 0.0, 0.0, 0.0, 0.0, 0.0, 0.0, 0.0, 0.0, 0.0, 0.0, 0.0, 0.0, 0.0, 0.0, 0.0, 0.0, 0.0, 0.0, 0.0, 0.0, 0.0, 0.0, 0.0, 0.0, 0.0, 0.0, 0.0], [0.0, 0.0, 0.0, 0.0, 0.0, 0.0, 0.0, 0.0, 0.9814606054709489, 0.0, 0.0, 0.0, 0.0, 0.0, 0.0, 0.0, 0.0, 0.0, 0.0, 0.0, 0.0, 0.0, 0.0, 0.0, 0.0, 0.0, 0.0, 0.0, 0.0, 0.0, 0.0, 0.0, 0.0, 0.0, 0.0, 0.0, 0.0, 0.0, 0.0, 0.0, 0.0, 0.0, 0.0, 0.0], [0.0, 0.0, 0.0, 0.0, 0.0, 0.0, 0.0, 0.0, 0.0, 0.9762770062621672, 0.0, 0.0, 0.0, 0.0, 0.0, 0.0, 0.0, 0.0, 0.0, 0.0, 0.0, 0.0, 0.0, 0.0, 0.0, 0.0, 0.0, 0.0, 0.0, 0.0, 0.0, 0.0, 0.0, 0.0, 0.0, 0.0, 0.0, 0.0, 0.0, 0.0, 0.0, 0.0, 0.0, 0.0], [0.0, 0.0, 0.0, 0.0, 0.0, 0.0, 0.0, 0.0, 0.0, 0.9794857895999767, 0.0, 0.0, 0.0, 0.0, 0.0, 0.0, 0.0, 0.0, 0.0, 0.0, 0.0, 0.0, 0.0, 0.0, 0.0, 0.0, 0.0, 0.0, 0.0, 0.0, 0.0, 0.0, 0.0, 0.0, 0.0, 0.0, 0.0, 0.0, 0.0, 0.0, 0.0, 0.0, 0.0, 0.0], [0.0, 0.0, 0.0, 0.0, 0.0, 0.0, 0.0, 0.0, 0.0, 0.0, 0.9786081423994746, 0.0, 0.0, 0.0, 0.0, 0.0, 0.0, 0.0, 0.0, 0.0, 0.0, 0.0, 0.0, 0.0, 0.0, 0.0, 0.0, 0.0, 0.0, 0.0, 0.0, 0.0, 0.0, 0.0, 0.0, 0.0, 0.0, 0.0, 0.0, 0.0, 0.0, 0.0, 0.0, 0.0], [0.0, 0.0, 0.0, 0.0, 0.0, 0.0, 0.0, 0.0, 0.0, 0.0, 0.9791022329514857, 0.0, 0.0, 0.0, 0.0, 0.0, 0.0, 0.0, 0.0, 0.0, 0.0, 0.0, 0.0, 0.0, 0.0, 0.0, 0.0, 0.0, 0.0, 0.0, 0.0, 0.0, 0.0, 0.0, 0.0, 0.0, 0.0, 0.0, 0.0, 0.0, 0.0, 0.0, 0.0, 0.0], [0.0, 0.0, 0.0, 0.0, 0.0, 0.0, 0.0, 0.0, 0.0, 0.0, 0.0, 0.9719405728950763, 0.0, 0.0, 0.0, 0.0, 0.0, 0.0, 0.0, 0.0, 0.0, 0.0, 0.0, 0.0, 0.0, 0.0, 0.0, 0.0, 0.0, 0.0, 0.0, 0.0, 0.0, 0.0, 0.0, 0.0, 0.0, 0.0, 0.0, 0.0, 0.0, 0.0, 0.0, 0.0], [0.0, 0.0, 0.0, 0.0, 0.0, 0.0, 0.0, 0.0, 0.0, 0.0, 0.0, 0.9782194906415098, 0.0, 0.0, 0.0, 0.0, 0.0, 0.0, 0.0, 0.0, 0.0, 0.0, 0.0, 0.0, 0.0, 0.0, 0.0, 0.0, 0.0, 0.0, 0.0, 0.0, 0.0, 0.0, 0.0, 0.0, 0.0, 0.0, 0.0, 0.0, 0.0, 0.0, 0.0, 0.0], [0.0, 0.0, 0.0, 0.0, 0.0, 0.0, 0.0, 0.0, 0.0, 0.0, 0.0, 0.0, 0.0, 0.0, 0.9194726066203921, 0.0, 0.0, 0.0, 0.0, 0.0, 0.0, 0.0, 0.0, 0.0, 0.0, 0.0, 0.0, 0.0, 0.0, 0.0, 0.0, 0.0, 0.0, 0.0, 0.0, 0.0, 0.0, 0.0, 0.0, 0.0, 0.0, 0.0, 0.0, 0.0], [0.0, 0.0, 0.0, 0.0, 0.0, 0.0, 0.0, 0.0, 0.0, 0.0, 0.0, 0.0, 0.0, 0.0, 0.0, 0.0, 0.9617889744641526, 0.0, 0.0, 0.0, 0.0, 0.0, 0.0, 0.0, 0.0, 0.0, 0.0, 0.0, 0.0, 0.0, 0.0, 0.0, 0.0, 0.0, 0.0, 0.0, 0.0, 0.0, 0.0, 0.0, 0.0, 0.0, 0.0, 0.0], [0.0, 0.0, 0.0, 0.0, 0.0, 0.0, 0.0, 0.0, 0.0, 0.0, 0.0, 0.0, 0.0, 0.0, 0.0, 0.0, 0.0, 0.9713980556322431, 0.0, 0.0, 0.0, 0.0, 0.0, 0.0, 0.0, 0.0, 0.0, 0.0, 0.0, 0.0, 0.0, 0.0, 0.0, 0.0, 0.0, 0.0, 0.0, 0.0, 0.0, 0.0, 0.0, 0.0, 0.0, 0.0], [0.0, 0.0, 0.0, 0.0, 0.0, 0.0, 0.0, 0.0, 0.0, 0.0, 0.0, 0.0, 0.0, 0.0, 0.0, 0.0, 0.0, 0.0, 0.971281159557916, 0.0, 0.0, 0.0, 0.0, 0.0, 0.0, 0.0, 0.0, 0.0, 0.0, 0.0, 0.0, 0.0, 0.0, 0.0, 0.0, 0.0, 0.0, 0.0, 0.0, 0.0, 0.0, 0.0, 0.0, 0.0], [0.0, 0.0, 0.0, 0.0, 0.0, 0.0, 0.0, 0.0, 0.0, 0.0, 0.0, 0.0, 0.0, 0.0, 0.0, 0.0, 0.0, 0.0, 0.0, 0.971636238985046, 0.0, 0.0, 0.0, 0.0, 0.0, 0.0, 0.0, 0.0, 0.0, 0.0, 0.0, 0.0, 0.0, 0.0, 0.0, 0.0, 0.0, 0.0, 0.0, 0.0, 0.0, 0.0, 0.0, 0.0], [0.0, 0.0, 0.0, 0.0, 0.0, 0.0, 0.0, 0.0, 0.0, 0.0, 0.0, 0.0, 0.0, 0.0, 0.0, 0.0, 0.0, 0.0, 0.0, 0.0, 0.9674129360043062, 0.0, 0.0, 0.0, 0.0, 0.0, 0.0, 0.0, 0.0, 0.0, 0.0, 0.0, 0.0, 0.0, 0.0, 0.0, 0.0, 0.0, 0.0, 0.0, 0.0, 0.0, 0.0, 0.0], [0.0, 0.0, 0.0, 0.0, 0.0, 0.0, 0.0, 0.0, 0.0, 0.0, 0.0, 0.0, 0.0, 0.0, 0.0, 0.0, 0.0, 0.0, 0.0, 0.0, 0.0, 0.9658636671347971, 0.0, 0.0, 0.0, 0.0, 0.0, 0.0, 0.0, 0.0, 0.0, 0.0, 0.0, 0.0, 0.0, 0.0, 0.0, 0.0, 0.0, 0.0, 0.0, 0.0, 0.0, 0.0], [0.0, 0.0, 0.0, 0.0, 0.0, 0.0, 0.0, 0.0, 0.0, 0.0, 0.0, 0.0, 0.0, 0.0, 0.0, 0.0, 0.0, 0.0, 0.0, 0.0, 0.0, 0.0, 0.9674474631615947, 0.0, 0.0, 0.0, 0.0, 0.0, 0.0, 0.0, 0.0, 0.0, 0.0, 0.0, 0.0, 0.0, 0.0, 0.0, 0.0, 0.0, 0.0, 0.0, 0.0, 0.0]], "Born radii": [], "Atomic SASAs": [], "Solvent H bonds": [], "Total SASA": NaN, "Total FOD": 0.0, "FOD": [0.0, 0.0, 0.0, 0.0, 0.0, 0.0, 0.0, 0.0, 0.0, 0.0, 0.0, 0.0, 0.0, 0.0, 0.0, 0.0, 0.0, 0.0, 0.0, 0.0, 0.0, 0.0, 0.0, 0.0, 0.0, 0.0, 0.0, 0.0, 0.0, 0.0, 0.0, 0.0, 0.0, 0.0, 0.0, 0.0, 0.0, 0.0, 0.0, 0.0, 0.0, 0.0, 0.0, 0.0], "FOD s proportion": [0.0, 0.0, 0.0, 0.0, 0.0, 0.0, 0.0, 0.0, 0.0, 0.0, 0.0, 0.0, 0.0, 0.0, 0.0, 0.0, 0.0, 0.0, 0.0, 0.0, 0.0, 0.0, 0.0, 0.0, 0.0, 0.0, 0.0, 0.0, 0.0, 0.0, 0.0, 0.0, 0.0, 0.0, 0.0, 0.0, 0.0, 0.0, 0.0, 0.0, 0.0, 0.0, 0.0, 0.0], "FOD p proportion": [0.0, 0.0, 0.0, 0.0, 0.0, 0.0, 0.0, 0.0, 0.0, 0.0, 0.0, 0.0, 0.0, 0.0, 0.0, 0.0, 0.0, 0.0, 0.0, 0.0, 0.0, 0.0, 0.0, 0.0, 0.0, 0.0, 0.0, 0.0, 0.0, 0.0, 0.0, 0.0, 0.0, 0.0, 0.0, 0.0, 0.0, 0.0, 0.0, 0.0, 0.0, 0.0, 0.0, 0.0], "FOD d proportion": [0.0, 0.0, 0.0, 0.0, 0.0, 0.0, 0.0, 0.0, 0.0, 0.0, 0.0, 0.0, 0.0, 0.0, 0.0, 0.0, 0.0, 0.0, 0.0, 0.0, 0.0, 0.0, 0.0, 0.0, 0.0, 0.0, 0.0, 0.0, 0.0, 0.0, 0.0, 0.0, 0.0, 0.0, 0.0, 0.0, 0.0, 0.0, 0.0, 0.0, 0.0, 0.0, 0.0, 0.0], "coordinates": [["-5.65800", "-3.26720", "1.59240"], ["-4.48810", "-2.50190", "0.58920"], ["-4.84410", "-1.37910", "-0.15510"], ["-3.89520", "-0.75440", "-0.96820"], ["-2.58430", "-1.24910", "-1.03970"], ["-1.54570", "-0.56910", "-1.90640"], ["-0.51280", "0.10760", "-1.11140"], ["-0.94150", "1.34730", "-0.44140"], ["-0.08410", "2.59370", "-0.72690"], ["0.16790", "3.24320", "0.63330"], ["-0.91980", "2.69070", "1.54260"], ["-1.07740", "1.24930", "1.08230"], ["0.71490", "-0.55700", "-1.00500"], ["0.91320", "-1.61370", "-1.60230"], ["1.65010", "0.04900", "-0.20200"], ["2.97530", "-0.35910", "0.06270"], ["3.59620", "-1.45790", "-0.53310"], ["4.91790", "-1.78720", "-0.21300"], ["5.63150", "-1.01980", "0.70400"], ["5.02450", "0.08010", "1.30240"], ["3.70430", "0.40860", "0.98230"], ["-2.24390", "-2.38370", "-0.28650"], ["-3.19240", "-3.00780", "0.52630"], ["-5.85630", "-0.98670", "-0.10730"], ["-4.18640", "0.12140", "-1.54380"], ["-2.01150", "0.17950", "-2.55970"], ["-1.11610", "-1.31580", "-2.58400"], ["-1.94040", "1.59120", "-0.82980"], ["0.85210", "2.38590", "-1.25350"], ["-0.65030", "3.28350", "-1.36520"], ["1.15450", "2.95270", "1.01170"], ["0.14400", "4.33570", "0.57810"], ["-0.65270", "2.76220", "2.60080"], ["-1.85560", "3.24090", "1.38790"], ["-0.30770", "0.61840", "1.53700"], ["-2.04580", "0.83340", "1.37870"], ["1.34930", "0.85860", "0.30490"], ["3.08260", "-2.08200", "-1.25710"], ["5.38650", "-2.64680", "-0.68580"], ["6.65770", "-1.27960", "0.94960"], ["5.57700", "0.68290", "2.01830"], ["3.25580", "1.27250", "1.46530"], ["-1.23240", "-2.78590", "-0.33230"], ["-2.91210", "-3.88470", "1.10350"]], "bond_dist": [[0.0, 1.7206860085442668, 2.698353399760676, 3.9972865846721573, 4.521980728618821, 6.035922161525942, 6.721078225999159, 6.904732068661318, 8.41413468575349, 8.788986959826486, 7.612462918793104, 6.452973781133781, 7.396318355100733, 7.491384370061384, 8.223465170474062, 9.23747241349061, 9.665998881646946, 10.830490753885533, 11.545253205105551, 11.198407187631641, 10.076526630739385, 3.995862393776843, 2.6987109756326264, 2.8511371818977773, 4.846025893451252, 6.512805658853948, 6.471409006545638, 6.579639287985323, 9.079542302891706, 8.75991595507628, 9.243079830337937, 9.61748911618828, 7.900858371721391, 7.540254081925887, 6.6126142039287314, 5.468873457120763, 8.232990658320949, 9.269435670524933, 11.2940724121107, 12.491605665005599, 11.9167909195387, 10.004042230018824, 4.849954137927492, 2.856623228569004], [1.7206860085442668, 0.0, 1.3933407085131764, 2.4147011036565167, 2.801299250347953, 4.315258156819821, 5.0502020454631324, 5.334496092415852, 6.862395687367496, 7.395029061470955, 6.3721920255121, 5.093871174264226, 5.778868284534612, 5.896237205201296, 6.694071069984244, 7.782745893963132, 8.228329100127194, 9.46716203146434, 10.228201386851943, 9.882557209548548, 8.702927991199283, 2.411898706413684, 1.3923827455121671, 2.15706154988679, 3.3944682617458657, 4.82068716367283, 4.779792406580018, 5.025714267643953, 7.470198670048877, 7.2124365758043245, 7.8593957891176345, 8.258888991868096, 6.816713029752683, 6.367709932149862, 5.301918623479618, 4.208606138616442, 6.741589241417784, 7.803886095401444, 9.9576275372199, 11.21841178999951, 10.653239688470359, 8.65919359871345, 3.3954971270787433, 2.158799742912714], [2.698353399760676, 1.3933407085131764, 0.0, 1.3970658216419154, 2.4302496168089402, 3.821334092957589, 4.67813491361675, 4.76922545178984, 6.2263709398011295, 6.863481321457792, 5.9030151465162275, 4.7568554960183524, 5.683366908796229, 5.941037644216707, 6.649534033298875, 7.8886534465648825, 8.449127619464628, 9.770698133705698, 10.516907561636168, 10.081807221426129, 8.807081957720163, 2.7906141187917757, 2.417660551028618, 1.0866514804664833, 2.1476864831720666, 4.0292626968218395, 4.449892818933956, 4.2082509276420295, 6.915808123422742, 6.386872412221807, 7.490601807598639, 7.620870218682379, 6.504858527285586, 5.7145762091339725, 5.237569438203183, 3.8830634272440108, 6.601295694785986, 8.033744164460304, 10.322493988373157, 11.55515753159601, 10.843193107659753, 8.675543713796849, 3.8800596606237896, 3.405103422805246], [3.9972865846721573, 2.4147011036565167, 1.3970658216419154, 0.0, 1.4029608512000613, 2.5366721467308304, 3.493448153329315, 3.663195984383036, 5.078629983568404, 5.920674760531945, 5.198637880252864, 4.019870741703022, 4.614471043359141, 4.925564928005721, 5.655339608723777, 6.958648370912271, 7.536928964770731, 8.905489009032575, 9.675985887236504, 9.241918778046038, 7.931545845546125, 2.4178761486064584, 2.7937912681515775, 2.1543039038167295, 1.0877216739589222, 2.6369238043599212, 3.26333823101437, 3.0565073139124013, 5.6990997069712686, 5.1953461309137055, 6.569784205740702, 6.679468417471558, 5.968085355455298, 5.066912024103043, 4.585930999262854, 3.3836856842797913, 5.632702092246669, 7.108845040511152, 9.476860366703733, 10.738598152924805, 10.035316954635764, 7.820936443930484, 3.4090856398747156, 3.8803613994059885], [4.521980728618821, 2.801299250347953, 2.4302496168089402, 1.4029608512000613, 0.0, 1.514020756132491, 2.477274314645029, 3.1301833316916117, 4.595210084424868, 5.527593792058168, 4.996084224670357, 3.6077186933019045, 3.371190759954114, 3.5611737067994866, 4.507432557454409, 5.737293605873766, 6.2047418358864865, 7.56676875158743, 8.401930600760757, 8.071309837318847, 6.8105024227291775, 1.403744834362713, 2.4321116956258404, 3.4123609891100326, 2.167743405018223, 2.163191577276502, 2.1318824123295355, 2.9199262507810024, 5.006773452034753, 4.938701146050447, 5.986818073066861, 6.422685479610535, 5.751073508485177, 5.1560009164079865, 3.9127799196990365, 3.236579530924584, 4.660853721154527, 5.731905510386577, 8.100152044252008, 9.453719307235646, 8.926970689433231, 6.836684837697288, 2.1655952091746045, 3.4127915904725277], [6.035922161525942, 4.315258156819821, 3.821334092957589, 2.5366721467308304, 1.514020756132491, 0.0, 1.4686150959322188, 2.4867391499713034, 3.67842339188952, 4.8908212336988965, 4.786820223279751, 3.5296191210950796, 2.433717471277223, 2.688839002246137, 3.6742570146901814, 4.935675820999593, 5.395836722881818, 6.79186985520188, 7.650458711083931, 7.340666599158417, 6.071489519055436, 2.5306782509833208, 3.8179716958091765, 4.689607971888482, 2.753464272511993, 1.097347934795523, 1.0960195299354845, 2.4457619957796384, 3.8610553285338973, 3.992137943508466, 5.31125812684716, 5.75194657311766, 5.675373162180616, 5.046241224911864, 3.847051313668691, 3.6067975088712703, 3.9126972768155728, 4.912394303188618, 7.339080220981373, 8.715349551796532, 8.228221519866855, 6.149329532558814, 2.736813829985518, 4.681853300777375], [6.721078225999159, 5.0502020454631324, 4.67813491361675, 3.493448153329315, 2.477274314645029, 1.4686150959322188, 0.0, 1.4729357691359117, 2.551924205379149, 3.6523031007844895, 3.7258248227741464, 2.536645765573112, 1.4000933576015564, 2.2885219028884123, 2.347036158647753, 3.7098734897567596, 4.4349861487946045, 5.821502562912776, 6.505315550378782, 6.040602451742707, 4.717850474527569, 3.143842061872702, 4.423577128297866, 5.546052790048072, 3.698985963747362, 2.085388258814171, 2.13508529337823, 2.0780782660910537, 2.659660750922944, 3.188990671043112, 3.92199399668077, 4.600285436796287, 4.565840777994783, 4.22695886187694, 2.7049963419568606, 3.012884440200122, 2.457096477552316, 4.212182072275604, 6.524537930765672, 7.588683356814935, 6.871073876767736, 4.711551852627752, 3.081746780642433, 5.157604268456431], [6.904732068661318, 5.334496092415852, 4.76922545178984, 3.663195984383036, 3.1301833316916117, 2.4867391499713034, 1.4729357691359117, 0.0, 1.5395317372499993, 2.4454417310580103, 2.3961323940884403, 1.5328843726778612, 2.5860518962310097, 3.681728113264205, 2.908485140068623, 4.302004185260632, 5.335567188219074, 6.649046936967735, 7.079507932759169, 6.343484080534923, 4.9488925043892396, 3.9548199415396903, 4.996988103848158, 5.451095105572824, 3.6397105077189864, 2.6449672455438837, 3.422473013772351, 1.0991555758854157, 2.2260272527532092, 2.164965200644112, 3.0136397876985894, 3.338895784537158, 3.3675403917399422, 2.7870483060040416, 2.2016049168731433, 2.190053814407308, 2.4583645010453594, 5.349658474145802, 7.487065524623115, 8.159860614618365, 6.998742294155428, 4.610686198387394, 4.144860415020028, 5.800327953659172], [8.41413468575349, 6.862395687367496, 6.2263709398011295, 5.078629983568404, 4.595210084424868, 3.67842339188952, 2.551924205379149, 1.5395317372499993, 0.0, 1.5282337157647057, 2.420420157741213, 2.463181050998891, 3.2623076341755386, 4.411705703013292, 3.1238546284998603, 4.3246299679857, 5.477009137293821, 6.669061554671693, 6.911797191758451, 6.044339286472923, 4.69552991791129, 5.44363839357465, 6.5275448202214585, 6.8206642755673, 4.858853588039055, 3.591989454327504, 4.449498248117421, 2.112213140286747, 1.094056141155471, 1.0971934059225839, 2.1646572292166724, 2.188519730320017, 3.3801309885860933, 2.8336300270148183, 3.012814342106065, 3.3734958633441363, 2.475847089381733, 5.671972445278627, 7.5757503799953705, 7.9539281100598345, 6.575358004702102, 4.207878597345698, 5.5149250411950295, 7.301891174209597], [8.788986959826486, 7.395029061470955, 6.863481321457792, 5.920674760531945, 5.527593792058168, 4.8908212336988965, 3.6523031007844895, 2.4454417310580103, 1.5282337157647057, 0.0, 1.5215695942019871, 2.39332620008222, 4.17429705818836, 5.3984124573804095, 3.6190546514248716, 4.602569327017247, 5.934144509531261, 6.970197117011828, 6.930302478968721, 5.834334579024415, 4.545644411961851, 6.190703909088207, 7.097750776830643, 7.39807596676325, 5.7831935935086936, 4.932675850894724, 5.7257450423503835, 3.0519984436431153, 2.182454391276024, 2.1598790660590237, 1.095881549256123, 1.0941546965580327, 2.185360750539828, 2.1596246664640595, 2.8164594955369058, 3.35607283740982, 2.6813932348687683, 6.358210698773673, 7.979092101862215, 7.916645095619735, 6.142615395741458, 3.756462285182695, 6.264444928323657, 7.779103190599801], [7.612462918793104, 6.3721920255121, 5.9030151465162275, 5.198637880252864, 4.996084224670357, 4.786820223279751, 3.7258248227741464, 2.3961323940884403, 2.420420157741213, 1.5215695942019871, 0.0, 1.5212980674410916, 4.439601912334033, 5.637210690580937, 4.077572079068621, 5.163640969316128, 6.474076648449569, 7.563891925457423, 7.575657852622437, 6.4967400201947445, 5.186927540461695, 5.554132063608139, 6.218559214158856, 6.37294853423437, 5.176663308541516, 4.932220556706684, 5.754946003221924, 2.806921154931146, 3.3242604982161073, 2.979822633983439, 2.157132193445733, 2.1835649040044585, 1.0937284397875005, 1.0965280525367327, 2.1608158320412225, 2.178141983434505, 3.168170846087692, 6.8290695662000696, 8.557107718148698, 8.57516398327169, 6.816594572805398, 4.410544398370795, 5.7970782580537925, 6.884617146944339], [6.452973781133781, 5.093871174264226, 4.7568554960183524, 4.019870741703022, 3.6077186933019045, 3.5296191210950796, 2.536645765573112, 1.5328843726778612, 2.463181050998891, 2.39332620008222, 1.5212980674410916, 0.0, 3.2911821994535644, 4.40071977294624, 3.244904132636279, 4.477824472888592, 5.637462723601816, 6.8441037711303006, 7.092338465555631, 6.216804344677416, 4.856071599554521, 4.053766728611798, 4.785944150321857, 5.408579237655672, 4.223084254428273, 3.9091148422628876, 4.474705732224187, 2.1255095906629076, 3.2358602333846247, 3.211018576713626, 2.8085465155485676, 3.3573651216392895, 2.185195357399425, 2.1599669349321067, 1.0941777689205716, 1.0948170303753957, 2.577958521776485, 5.820305150934958, 7.7516305400863885, 8.139085729367888, 6.743733707672627, 4.350155109878267, 4.278779872814211, 5.452020683196277], [7.396318355100733, 5.778868284534612, 5.683366908796229, 4.614471043359141, 3.371190759954114, 2.433717471277223, 1.4000933576015564, 2.5860518962310097, 3.2623076341755386, 4.17429705818836, 4.439601912334033, 3.2911821994535644, 0.0, 1.2299207576100175, 1.373551615338863, 2.507699316106299, 3.055519613748208, 4.450378078320987, 5.225688509660713, 4.929771123490419, 3.717291622942703, 3.550714376009425, 4.859865596906976, 6.646139994011562, 4.977275729754179, 3.223783693115901, 2.5340835503195236, 3.4199526853452227, 2.956558218604869, 4.091815652005843, 4.071648454864442, 5.174035727553493, 5.088144262891924, 5.172763774811295, 2.9814492985794674, 3.9034218757392853, 2.0303262619589, 2.8275754101349797, 5.127669962078292, 6.297577610478492, 5.858132066623284, 3.9881856965291873, 3.035209678094744, 5.354856537760839], [7.491384370061384, 5.896237205201296, 5.941037644216707, 4.925564928005721, 3.5611737067994866, 2.688839002246137, 2.2885219028884123, 3.681728113264205, 4.411705703013292, 5.3984124573804095, 5.637210690580937, 4.40071977294624, 1.2299207576100175, 0.0, 2.2953067311363857, 2.932320338912514, 2.892395422482894, 4.242390697472358, 5.285271212530158, 5.311217207006319, 4.308142715834748, 3.505924992067001, 4.830155704529616, 6.9609111652139335, 5.387013497291425, 3.5617483192948933, 2.2738816569909703, 4.360180411405014, 4.015245298857842, 5.1461943706004725, 5.267184318969671, 6.382881258491341, 6.266306187061082, 6.338350782340782, 4.040800874826672, 4.861104854865815, 3.152754722460978, 2.2460552731399996, 4.681632274111242, 6.294687972409752, 6.335151644593838, 4.819553398396993, 2.7550956789193366, 5.206891081057871], [8.223465170474062, 6.694071069984244, 6.649534033298875, 5.655339608723777, 4.507432557454409, 3.6742570146901814, 2.347036158647753, 2.908485140068623, 3.1238546284998603, 3.6190546514248716, 4.077572079068621, 3.244904132636279, 1.373551615338863, 2.2953067311363857, 0.0, 1.411653902342922, 2.48348143339144, 3.748368749202778, 4.2207482038141055, 3.6946937532087825, 2.398252757738433, 4.592211399750669, 5.772716291313822, 7.5781055376657305, 5.989190366819208, 4.356959272244807, 3.8972381862031478, 3.957802917023534, 2.683944459186889, 4.136044565765703, 3.1859316910442383, 4.610064002809505, 4.529903963661923, 5.000593975719284, 2.6797981640414634, 4.095555232199903, 1.0014391693957252, 2.776049938311629, 4.632718968381311, 5.307298585909785, 4.555447827601585, 2.618227268592243, 4.045051588051752, 6.163764659686481], [9.23747241349061, 7.782745893963132, 7.8886534465648825, 6.958648370912271, 5.737293605873766, 4.935675820999593, 3.7098734897567596, 4.302004185260632, 4.3246299679857, 4.602569327017247, 5.163640969316128, 4.477824472888592, 2.507699316106299, 2.932320338912514, 1.411653902342922, 0.0, 1.3956560786956076, 2.4267622174411736, 2.8112610373282663, 2.434948330047272, 1.4023082578377695, 5.60901011231037, 6.7283772144552065, 8.855503391676839, 7.355383701072297, 5.659968724295214, 4.965868477920051, 5.363239024134575, 3.7115206694830625, 5.334079914099525, 3.896656628444441, 5.506636349896368, 5.417273234755655, 6.1687721509227424, 3.7292299124618205, 5.325913767608334, 2.0458079406435004, 2.1729633545000246, 3.407008802454141, 3.897945820557285, 3.4174520113675335, 2.169812335203208, 4.873409743701016, 6.94