{"total energy": -42.93522, "HOMO-LUMO gap/eV": 4.70733859, "electronic energy": -43.46445708, "dipole": [0.04212787, 0.25784381, 0.83209041], "partial charges": [-0.10015561, -0.05211502, -0.0583873, -0.05831285, -0.05801611, -0.05909359, -0.05269504, -0.08694549, 0.35473416, -0.41002205, -0.26870264, 0.08147028, -0.11097752, 0.03218471, 0.03222634, 0.03156802, 0.02913677, 0.02911327, 0.02996709, 0.02991833, 0.03066439, 0.03071788, 0.02965879, 0.02990138, 0.03432481, 0.03736462, 0.04102498, 0.04363033, 0.06389115, 0.06177678, 0.05510564, 0.05193341, 0.05691597, 0.05031853, 0.0478756], "atomic dipole moments": [[0.0864715, -0.03589931, -0.03893002], [-0.01653029, 0.00951594, 0.1092972], [0.02110836, -0.01117575, -0.10780682], [-0.01450791, 0.00885247, 0.10907624], [0.02419606, -0.01165602, -0.10870362], [-0.00828479, 0.00938077, 0.11684206], [0.04809742, -0.02478999, -0.11985631], [-0.02665453, 0.11801098, -0.00968603], [0.07437784, 0.12349127, 0.07006925], [-0.0219355, -0.00034606, 0.17804111], [0.04667168, 0.02898179, -0.21934018], [-0.06766631, -0.22623756, 0.08693504], [-0.1222021, 0.04945499, 0.01279783], [0.02010341, 0.10375609, 0.06840054], [-0.05627259, -0.08546302, 0.07333031], [-0.07944104, 0.02970255, -0.09132772], [-0.0278692, -0.09708848, -0.07118093], [0.0460267, 0.08597186, -0.0759542], [-0.0493335, -0.08445393, 0.07623611], [0.02443529, 0.09837406, 0.07150467], [0.04950473, 0.0848877, -0.07645689], [-0.02451583, -0.09865751, -0.07158223], [0.02414167, 0.09853285, 0.07122674], [-0.04956019, -0.08410103, 0.07574282], [0.04777037, 0.08717155, -0.07838123], [-0.02530761, -0.09916761, -0.07193404], [-0.04886803, -0.08216132, 0.07551396], [0.02340927, 0.10172438, 0.07294149], [-0.02083875, -0.10002799, -0.07690738], [0.07285795, -0.05151317, 0.09180314], [-0.05098391, 0.04277251, -0.1117623], [-0.00213427, 0.09902215, 0.07226642], [0.01036605, -0.1052449, -0.07629922], [0.04942318, -0.03968273, 0.11110885], [0.07418849, 0.093148, -0.04866741]], "atomic quadrupole moments": [[0.14073883, -0.11158191, -0.08245766, -0.10972554, 0.04614568, -0.05828117], [0.16414593, -0.16091679, -0.1718776, 0.03203994, -0.00654324, 0.00773167], [0.16425585, -0.16353105, -0.17807492, 0.03977386, -0.00939056, 0.01381907], [0.16311265, -0.1631149, -0.17924754, 0.04510559, -0.0112591, 0.01613488], [0.1642753, -0.16274761, -0.17814946, 0.03511458, -0.00868282, 0.01387416], [0.15859933, -0.16280983, -0.18433321, 0.04655745, -0.01165104, 0.02573388], [0.16931602, -0.17209427, -0.16986193, 0.01573034, 0.00293931, 0.00054592], [0.07327713, 0.03005379, -0.02660817, -0.18048212, -0.06814989, -0.04666897], [0.24690923, -0.31174477, 0.08177231, 0.14040516, 0.0500885, -0.32868154], [0.09814449, -0.1512107, -0.00437376, 0.02725717, -0.01835608, -0.09377073], [-0.01195295, 0.06664234, 0.02586276, -0.02828989, -0.02620682, -0.01390982], [0.12913015, 0.22875164, 0.1095872, -0.1903405, -0.18688872, -0.23871736], [0.23174641, -0.10260362, -0.09706807, -0.04751578, 0.00580747, -0.13467835], [-0.0214476, 0.02711705, 0.03382467, 0.01038082, 0.05760749, -0.01237708], [-0.0231002, 0.02426842, 0.02983731, -0.03342432, -0.05099205, -0.00673711], [0.0087771, -0.02436323, -0.04555364, 0.05123357, -0.01828697, 0.03677655], [-0.01608785, 0.0102673, 0.03444704, 0.01316136, 0.03717994, -0.01835919], [-0.00259604, 0.02341715, 0.01703073, -0.01764736, -0.03787065, -0.01443468], [-0.00747613, 0.02395278, 0.02020343, -0.01651737, -0.03751732, -0.0127273], [-0.01755659, 0.01425837, 0.0341197, 0.01360937, 0.03607537, -0.01656311], [-0.00663704, 0.02346207, 0.01961658, -0.01640777, -0.03700002, -0.01297954], [-0.01709771, 0.01370426, 0.03385, 0.01343657, 0.03586742, -0.01675229], [-0.01728375, 0.01428411, 0.03376684, 0.01381946, 0.03578488, -0.01648309], [-0.00762164, 0.02394226, 0.02024373, -0.01668973, -0.03763554, -0.01262209], [-0.00455621, 0.02398684, 0.01765315, -0.01843889, -0.03405233, -0.01309694], [-0.01786244, 0.01308478, 0.03437181, 0.01287088, 0.03531764, -0.01650937], [0.00159814, 0.02173624, 0.01375325, -0.01671045, -0.04274426, -0.01535139], [-0.01427097, 0.01534434, 0.03318393, 0.01752381, 0.03151145, -0.01891296], [-0.01585173, 0.02780548, 0.00926524, 0.01200809, 0.04608431, 0.00658649], [0.00084323, -0.01135654, -0.03327401, 0.04111585, -0.020628, 0.03243078], [-0.0002075, 0.01096474, -0.02833368, 0.0177052, -0.00840405, 0.02854118], [-0.01733373, 0.00770525, 0.01147051, -0.00748726, 0.04726057, 0.00586321], [-0.0303805, 0.00123708, 0.02463487, 0.01188884, 0.06183261, 0.00574563], [-0.0265086, -0.01851543, -0.0408339, 0.02977258, -0.02155872, 0.0673425], [-0.00114287, 0.04765255, 0.03429969, -0.02859057, -0.0397244, -0.03315682]], "number of molecular orbitals": 74, "number of electrons": 78, "number of unpaired electrons": 0, "orbital energies/eV": [-20.0206079, -19.27450619, -18.28413405, -17.28621125, -16.9910927, -16.86311126, -16.73954176, -16.46404896, -16.18766892, -16.00658835, -15.62039365, -15.53219536, -15.17563902, -15.11850364, -14.99560213, -14.88169897, -14.29445894, -14.04804188, -13.89013273, -13.85293437, -13.61527902, -13.4518545, -13.41246757, -13.22617845, -13.08839867, -12.89622305, -12.80466983, -12.48035131, -12.38990988, -12.2985698, -12.20789093, -12.08457046, -11.96673158, -11.83034369, -11.75341331, -11.5332383, -11.40400887, -11.38613662, -11.14661717, -6.43927858, 0.05206215, 1.19442383, 2.55549185, 2.72301974, 2.85147946, 2.94064972, 3.06851892, 3.12903449, 3.27423543, 3.56574582, 3.78175584, 3.98701798, 4.07491694, 4.16182463, 4.42717199, 4.52979961, 4.78194289, 4.81135284, 4.85519412, 5.00258703, 5.27429091, 5.77062183, 5.82618835, 6.32509486, 6.40060818, 6.60918613, 6.75938374, 7.1486598, 7.25732729, 7.34347347, 7.54292439, 7.98255579, 8.49071409, 16.13158389], "fractional occupation": [2.0, 2.0, 2.0, 2.0, 2.0, 2.0, 2.0, 2.0, 2.0, 2.0, 2.0, 2.0, 2.0, 2.0, 2.0, 2.0, 2.0, 2.0, 2.0, 2.0, 2.0, 2.0, 2.0, 2.0, 2.0, 2.0, 2.0, 2.0, 2.0, 2.0, 2.0, 2.0, 2.0, 2.0, 2.0, 2.0, 2.0, 2.0, 2.0, 0.0, 0.0, 0.0, 0.0, 0.0, 0.0, 0.0, 0.0, 0.0, 0.0, 0.0, 0.0, 0.0, 0.0, 0.0, 0.0, 0.0, 0.0, 0.0, 0.0, 0.0, 0.0, 0.0, 0.0, 0.0, 0.0, 0.0, 0.0, 0.0, 0.0, 0.0, 0.0, 0.0, 0.0, 0.0], "program call": "xtb /home/svss/Project-DBcg-Debug/aqme2_20220329/End-to-End-workflows-final/example-3/QDESCP/mol_191_rdkit_conf_9/mol_191_rdkit_conf_9.xyz --pop --wbo --acc 0.2 --gfn 2 --chrg 0 --uhf 0 --etemp 300 --input /home/svss/Project-DBcg-Debug/aqme2_20220329/End-to-End-workflows-final/example-3/QDESCP/mol_191_rdkit_conf_9/mol_191_rdkit_conf_9_xtb.inp", "method": "GFN2-xTB", "xtb version": "6.3.3 (7355c4f)", "Dipole module/D": 2.217, "Total charge": 0, "Transition dipole module/D": NaN, "HOMO": -11.1466, "LUMO": -6.4393, "HOMO occupancy": 2.0, "LUMO occupancy": 0, "mulliken charges": [-0.0835, -0.03843, -0.04671, -0.04512, -0.04539, -0.04932, -0.03535, -0.07723, 0.57438, -0.53063, -0.42137, 0.20452, -0.09819, 0.02654, 0.02652, 0.02836, 0.02251, 0.02264, 0.0224, 0.02256, 0.02481, 0.02397, 0.02322, 0.02211, 0.03367, 0.02826, 0.02894, 0.03413, 0.05037, 0.05255, 0.04365, 0.03096, 0.05101, 0.03889, 0.03426], "cm5 charges": [-0.23381, -0.15095, -0.15734, -0.15581, -0.15613, -0.15926, -0.14369, -0.17583, 0.62346, -0.5809, -0.50514, 0.12187, -0.24471, 0.07782, 0.07781, 0.07913, 0.07723, 0.07734, 0.07773, 0.0779, 0.08016, 0.07933, 0.0786, 0.07746, 0.09108, 0.08393, 0.084, 0.092, 0.10904, 0.11094, 0.10955, 0.09354, 0.10592, 0.0922, 0.08552], "FUKUI+": [0.004, 0.001, 0.003, 0.002, 0.005, 0.007, 0.008, 0.021, -0.185, -0.275, -0.123, 0.03, 0.019, -0.004, -0.005, -0.009, -0.004, -0.002, -0.007, -0.005, -0.002, -0.008, -0.011, -0.018, 0.011, -0.019, -0.06, -0.03, -0.07, -0.089, -0.032, -0.066, -0.006, -0.031, -0.05], "FUKUI-": [0.017, 0.007, 0.01, 0.01, 0.01, 0.008, 0.008, -0.003, -0.011, -0.099, -0.041, 0.01, 0.009, -0.05, -0.051, -0.042, -0.068, -0.067, -0.059, -0.058, -0.038, -0.04, -0.03, -0.034, -0.036, -0.034, -0.06, -0.036, -0.032, -0.043, -0.02, -0.047, -0.031, -0.027, -0.032], "FUKUIrad": [0.01, 0.004, 0.006, 0.006, 0.008, 0.008, 0.008, 0.009, -0.098, -0.187, -0.082, 0.02, 0.014, -0.027, -0.028, -0.026, -0.036, -0.035, -0.033, -0.032, -0.02, -0.024, -0.021, -0.026, -0.013, -0.026, -0.06, -0.033, -0.051, -0.066, -0.026, -0.056, -0.018, -0.029, -0.041], "s proportion": [1.007, 1.027, 1.032, 1.032, 1.033, 1.034, 1.031, 1.039, 0.989, 1.731, 1.698, 0.993, 1.012, 0.973, 0.973, 0.972, 0.977, 0.977, 0.978, 0.977, 0.975, 0.976, 0.977, 0.978, 0.966, 0.972, 0.971, 0.966, 0.95, 0.947, 0.956, 0.969, 0.949, 0.961, 0.966], "p proportion": [3.076, 3.011, 3.014, 3.013, 3.013, 3.016, 3.004, 3.038, 2.436, 4.8, 4.723, 2.803, 3.086, 0.0, 0.0, 0.0, 0.0, 0.0, 0.0, 0.0, 0.0, 0.0, 0.0, 0.0, 0.0, 0.0, 0.0, 0.0, 0.0, 0.0, 0.0, 0.0, 0.0, 0.0, 0.0], "d proportion": [0.0, 0.0, 0.0, 0.0, 0.0, 0.0, 0.0, 0.0, 0.0, 0.0, 0.0, 0.0, 0.0, 0.0, 0.0, 0.0, 0.0, 0.0, 0.0, 0.0, 0.0, 0.0, 0.0, 0.0, 0.0, 0.0, 0.0, 0.0, 0.0, 0.0, 0.0, 0.0, 0.0, 0.0, 0.0], "Fermi-level/eV": -8.7929, "Coordination numbers": [3.75, 3.8, 3.802, 3.802, 3.802, 3.801, 3.802, 3.802, 2.713, 0.856, 1.702, 3.695, 3.748, 0.924, 0.924, 0.924, 0.924, 0.924, 0.924, 0.924, 0.924, 0.924, 0.924, 0.924, 0.924, 0.924, 0.924, 0.924, 0.924, 0.924, 0.924, 0.924, 0.924, 0.924, 0.924], "Dispersion coefficient C6": [22.476, 21.51, 21.623, 21.622, 21.617, 21.637, 21.519, 22.157, 20.978, 21.883, 18.456, 19.387, 22.69, 2.556, 2.555, 2.564, 2.599, 2.599, 2.587, 2.588, 2.577, 2.576, 2.591, 2.588, 2.526, 2.484, 2.435, 2.401, 2.154, 2.178, 2.257, 2.296, 2.236, 2.316, 2.347], "Total dispersion C6": 8892.236684, "Total dispersion C8": 188299.484193, "Polarizability alpha": [6.761, 6.603, 6.62, 6.62, 6.619, 6.623, 6.604, 6.702, 7.497, 6.272, 5.8, 6.299, 6.794, 2.5, 2.5, 2.504, 2.521, 2.521, 2.515, 2.516, 2.511, 2.51, 2.517, 2.516, 2.485, 2.465, 2.441, 2.423, 2.295, 2.308, 2.35, 2.37, 2.338, 2.38, 2.396], "Total polarizability alpha": 139.69735, "Wiberg matrix": [[0.0, 1.0200962239551645, 0.0, 0.0, 0.0, 0.0, 0.0, 0.0, 0.0, 0.0, 0.0, 0.0, 0.0, 0.9877199970780907, 0.987715086129634, 0.9873826768914407, 0.0, 0.0, 0.0, 0.0, 0.0, 0.0, 0.0, 0.0, 0.0, 0.0, 0.0, 0.0, 0.0, 0.0, 0.0, 0.0, 0.0, 0.0, 0.0], [1.0200962239551645, 0.0, 1.0077484669119967, 0.0, 0.0, 0.0, 0.0, 0.0, 0.0, 0.0, 0.0, 0.0, 0.0, 0.0, 0.0, 0.0, 0.9780575360230841, 0.9780545530047815, 0.0, 0.0, 0.0, 0.0, 0.0, 0.0, 0.0, 0.0, 0.0, 0.0, 0.0, 0.0, 0.0, 0.0, 0.0, 0.0, 0.0], [0.0, 1.0077484669119967, 0.0, 1.0070635308393312, 0.0, 0.0, 0.0, 0.0, 0.0, 0.0, 0.0, 0.0, 0.0, 0.0, 0.0, 0.0, 0.0, 0.0, 0.9772025506789775, 0.9772149056956941, 0.0, 0.0, 0.0, 0.0, 0.0, 0.0, 0.0, 0.0, 0.0, 0.0, 0.0, 0.0, 0.0, 0.0, 0.0], [0.0, 0.0, 1.0070635308393312, 0.0, 1.0069306030726737, 0.0, 0.0, 0.0, 0.0, 0.0, 0.0, 0.0, 0.0, 0.0, 0.0, 0.0, 0.0, 0.0, 0.0, 0.0, 0.9771893657696524, 0.9772031276868842, 0.0, 0.0, 0.0, 0.0, 0.0, 0.0, 0.0, 0.0, 0.0, 0.0, 0.0, 0.0, 0.0], [0.0, 0.0, 0.0, 1.0069306030726737, 0.0, 1.006788999386836, 0.0, 0.0, 0.0, 0.0, 0.0, 0.0, 0.0, 0.0, 0.0, 0.0, 0.0, 0.0, 0.0, 0.0, 0.0, 0.0, 0.9772783861537785, 0.9770765780450562, 0.0, 0.0, 0.0, 0.0, 0.0, 0.0, 0.0, 0.0, 0.0, 0.0, 0.0], [0.0, 0.0, 0.0, 0.0, 1.006788999386836, 0.0, 1.007293202001725, 0.0, 0.0, 0.0, 0.0, 0.0, 0.0, 0.0, 0.0, 0.0, 0.0, 0.0, 0.0, 0.0, 0.0, 0.0, 0.0, 0.0, 0.9766960253981403, 0.9764388534961644, 0.0, 0.0, 0.0, 0.0, 0.0, 0.0, 0.0, 0.0, 0.0], [0.0, 0.0, 0.0, 0.0, 0.0, 1.007293202001725, 0.0, 0.9872312601268717, 0.0, 0.0, 0.0, 0.0, 0.0, 0.0, 0.0, 0.0, 0.0, 0.0, 0.0, 0.0, 0.0, 0.0, 0.0, 0.0, 0.0, 0.0, 0.9749189102241937, 0.9759006432470999, 0.0, 0.0, 0.0, 0.0, 0.0, 0.0, 0.0], [0.0, 0.0, 0.0, 0.0, 0.0, 0.0, 0.9872312601268717, 0.0, 0.9780916000864123, 0.0, 0.0, 0.0, 0.0, 0.0, 0.0, 0.0, 0.0, 0.0, 0.0, 0.0, 0.0, 0.0, 0.0, 0.0, 0.0, 0.0, 0.0, 0.0, 0.9720986928583543, 0.9588500247136096, 0.0, 0.0, 0.0, 0.0, 0.0], [0.0, 0.0, 0.0, 0.0, 0.0, 0.0, 0.0, 0.9780916000864123, 0.0, 1.7561779328123777, 1.1229070863267838, 0.0, 0.0, 0.0, 0.0, 0.0, 0.0, 0.0, 0.0, 0.0, 0.0, 0.0, 0.0, 0.0, 0.0, 0.0, 0.0, 0.0, 0.0, 0.0, 0.0, 0.0, 0.0, 0.0, 0.0], [0.0, 0.0, 0.0, 0.0, 0.0, 0.0, 0.0, 0.0, 1.7561779328123777, 0.0, 0.17157175304352745, 0.0, 0.0, 0.0, 0.0, 0.0, 0.0, 0.0, 0.0, 0.0, 0.0, 0.0, 0.0, 0.0, 0.0, 0.0, 0.0, 0.0, 0.0, 0.0, 0.0, 0.0, 0.0, 0.0, 0.0], [0.0, 0.0, 0.0, 0.0, 0.0, 0.0, 0.0, 0.0, 1.1229070863267838, 0.17157175304352745, 0.0, 0.9429204278964726, 0.0, 0.0, 0.0, 0.0, 0.0, 0.0, 0.0, 0.0, 0.0, 0.0, 0.0, 0.0, 0.0, 0.0, 0.0, 0.0, 0.0, 0.0, 0.0, 0.0, 0.0, 0.0, 0.0], [0.0, 0.0, 0.0, 0.0, 0.0, 0.0, 0.0, 0.0, 0.0, 0.0, 0.9429204278964726, 0.0, 1.014637838833462, 0.0, 0.0, 0.0, 0.0, 0.0, 0.0, 0.0, 0.0, 0.0, 0.0, 0.0, 0.0, 0.0, 0.0, 0.0, 0.0, 0.0, 0.9692138107099277, 0.9717251455760099, 0.0, 0.0, 0.0], [0.0, 0.0, 0.0, 0.0, 0.0, 0.0, 0.0, 0.0, 0.0, 0.0, 0.0, 1.014637838833462, 0.0, 0.0, 0.0, 0.0, 0.0, 0.0, 0.0, 0.0, 0.0, 0.0, 0.0, 0.0, 0.0, 0.0, 0.0, 0.0, 0.0, 0.0, 0.0, 0.0, 0.9846525791740801, 0.985774473922441, 0.9837155736741907], [0.9877199970780907, 0.0, 0.0, 0.0, 0.0, 0.0, 0.0, 0.0, 0.0, 0.0, 0.0, 0.0, 0.0, 0.0, 0.0, 0.0, 0.0, 0.0, 0.0, 0.0, 0.0, 0.0, 0.0, 0.0, 0.0, 0.0, 0.0, 0.0, 0.0, 0.0, 0.0, 0.0, 0.0, 0.0, 0.0], [0.987715086129634, 0.0, 0.0, 0.0, 0.0, 0.0, 0.0, 0.0, 0.0, 0.0, 0.0, 0.0, 0.0, 0.0, 0.0, 0.0, 0.0, 0.0, 0.0, 0.0, 0.0, 0.0, 0.0, 0.0, 0.0, 0.0, 0.0, 0.0, 0.0, 0.0, 0.0, 0.0, 0.0, 0.0, 0.0], [0.9873826768914407, 0.0, 0.0, 0.0, 0.0, 0.0, 0.0, 0.0, 0.0, 0.0, 0.0, 0.0, 0.0, 0.0, 0.0, 0.0, 0.0, 0.0, 0.0, 0.0, 0.0, 0.0, 0.0, 0.0, 0.0, 0.0, 0.0, 0.0, 0.0, 0.0, 0.0, 0.0, 0.0, 0.0, 0.0], [0.0, 0.9780575360230841, 0.0, 0.0, 0.0, 0.0, 0.0, 0.0, 0.0, 0.0, 0.0, 0.0, 0.0, 0.0, 0.0, 0.0, 0.0, 0.0, 0.0, 0.0, 0.0, 0.0, 0.0, 0.0, 0.0, 0.0, 0.0, 0.0, 0.0, 0.0, 0.0, 0.0, 0.0, 0.0, 0.0], [0.0, 0.9780545530047815, 0.0, 0.0, 0.0, 0.0, 0.0, 0.0, 0.0, 0.0, 0.0, 0.0, 0.0, 0.0, 0.0, 0.0, 0.0, 0.0, 0.0, 0.0, 0.0, 0.0, 0.0, 0.0, 0.0, 0.0, 0.0, 0.0, 0.0, 0.0, 0.0, 0.0, 0.0, 0.0, 0.0], [0.0, 0.0, 0.9772025506789775, 0.0, 0.0, 0.0, 0.0, 0.0, 0.0, 0.0, 0.0, 0.0, 0.0, 0.0, 0.0, 0.0, 0.0, 0.0, 0.0, 0.0, 0.0, 0.0, 0.0, 0.0, 0.0, 0.0, 0.0, 0.0, 0.0, 0.0, 0.0, 0.0, 0.0, 0.0, 0.0], [0.0, 0.0, 0.9772149056956941, 0.0, 0.0, 0.0, 0.0, 0.0, 0.0, 0.0, 0.0, 0.0, 0.0, 0.0, 0.0, 0.0, 0.0, 0.0, 0.0, 0.0, 0.0, 0.0, 0.0, 0.0, 0.0, 0.0, 0.0, 0.0, 0.0, 0.0, 0.0, 0.0, 0.0, 0.0, 0.0], [0.0, 0.0, 0.0, 0.9771893657696524, 0.0, 0.0, 0.0, 0.0, 0.0, 0.0, 0.0, 0.0, 0.0, 0.0, 0.0, 0.0, 0.0, 0.0, 0.0, 0.0, 0.0, 0.0, 0.0, 0.0, 0.0, 0.0, 0.0, 0.0, 0.0, 0.0, 0.0, 0.0, 0.0, 0.0, 0.0], [0.0, 0.0, 0.0, 0.9772031276868842, 0.0, 0.0, 0.0, 0.0, 0.0, 0.0, 0.0, 0.0, 0.0, 0.0, 0.0, 0.0, 0.0, 0.0, 0.0, 0.0, 0.0, 0.0, 0.0, 0.0, 0.0, 0.0, 0.0, 0.0, 0.0, 0.0, 0.0, 0.0, 0.0, 0.0, 0.0], [0.0, 0.0, 0.0, 0.0, 0.9772783861537785, 0.0, 0.0, 0.0, 0.0, 0.0, 0.0, 0.0, 0.0, 0.0, 0.0, 0.0, 0.0, 0.0, 0.0, 0.0, 0.0, 0.0, 0.0, 0.0, 0.0, 0.0, 0.0, 0.0, 0.0, 0.0, 0.0, 0.0, 0.0, 0.0, 0.0], [0.0, 0.0, 0.0, 0.0, 0.9770765780450562, 0.0, 0.0, 0.0, 0.0, 0.0, 0.0, 0.0, 0.0, 0.0, 0.0, 0.0, 0.0, 0.0, 0.0, 0.0, 0.0, 0.0, 0.0, 0.0, 0.0, 0.0, 0.0, 0.0, 0.0, 0.0, 0.0, 0.0, 0.0, 0.0, 0.0], [0.0, 0.0, 0.0, 0.0, 0.0, 0.9766960253981403, 0.0, 0.0, 0.0, 0.0, 0.0, 0.0, 0.0, 0.0, 0.0, 0.0, 0.0, 0.0, 0.0, 0.0, 0.0, 0.0, 0.0, 0.0, 0.0, 0.0, 0.0, 0.0, 0.0, 0.0, 0.0, 0.0, 0.0, 0.0, 0.0], [0.0, 0.0, 0.0, 0.0, 0.0, 0.9764388534961644, 0.0, 0.0, 0.0, 0.0, 0.0, 0.0, 0.0, 0.0, 0.0, 0.0, 0.0, 0.0, 0.0, 0.0, 0.0, 0.0, 0.0, 0.0, 0.0, 0.0, 0.0, 0.0, 0.0, 0.0, 0.0, 0.0, 0.0, 0.0, 0.0], [0.0, 0.0, 0.0, 0.0, 0.0, 0.0, 0.9749189102241937, 0.0, 0.0, 0.0, 0.0, 0.0, 0.0, 0.0, 0.0, 0.0, 0.0, 0.0, 0.0, 0.0, 0.0, 0.0, 0.0, 0.0, 0.0, 0.0, 0.0, 0.0, 0.0, 0.0, 0.0, 0.0, 0.0, 0.0, 0.0], [0.0, 0.0, 0.0, 0.0, 0.0, 0.0, 0.9759006432470999, 0.0, 0.0, 0.0, 0.0, 0.0, 0.0, 0.0, 0.0, 0.0, 0.0, 0.0, 0.0, 0.0, 0.0, 0.0, 0.0, 0.0, 0.0, 0.0, 0.0, 0.0, 0.0, 0.0, 0.0, 0.0, 0.0, 0.0, 0.0], [0.0, 0.0, 0.0, 0.0, 0.0, 0.0, 0.0, 0.9720986928583543, 0.0, 0.0, 0.0, 0.0, 0.0, 0.0, 0.0, 0.0, 0.0, 0.0, 0.0, 0.0, 0.0, 0.0, 0.0, 0.0, 0.0, 0.0, 0.0, 0.0, 0.0, 0.0, 0.0, 0.0, 0.0, 0.0, 0.0], [0.0, 0.0, 0.0, 0.0, 0.0, 0.0, 0.0, 0.9588500247136096, 0.0, 0.0, 0.0, 0.0, 0.0, 0.0, 0.0, 0.0, 0.0, 0.0, 0.0, 0.0, 0.0, 0.0, 0.0, 0.0, 0.0, 0.0, 0.0, 0.0, 0.0, 0.0, 0.0, 0.0, 0.0, 0.0, 0.0], [0.0, 0.0, 0.0, 0.0, 0.0, 0.0, 0.0, 0.0, 0.0, 0.0, 0.0, 0.9692138107099277, 0.0, 0.0, 0.0, 0.0, 0.0, 0.0, 0.0, 0.0, 0.0, 0.0, 0.0, 0.0, 0.0, 0.0, 0.0, 0.0, 0.0, 0.0, 0.0, 0.0, 0.0, 0.0, 0.0], [0.0, 0.0, 0.0, 0.0, 0.0, 0.0, 0.0, 0.0, 0.0, 0.0, 0.0, 0.9717251455760099, 0.0, 0.0, 0.0, 0.0, 0.0, 0.0, 0.0, 0.0, 0.0, 0.0, 0.0, 0.0, 0.0, 0.0, 0.0, 0.0, 0.0, 0.0, 0.0, 0.0, 0.0, 0.0, 0.0], [0.0, 0.0, 0.0, 0.0, 0.0, 0.0, 0.0, 0.0, 0.0, 0.0, 0.0, 0.0, 0.9846525791740801, 0.0, 0.0, 0.0, 0.0, 0.0, 0.0, 0.0, 0.0, 0.0, 0.0, 0.0, 0.0, 0.0, 0.0, 0.0, 0.0, 0.0, 0.0, 0.0, 0.0, 0.0, 0.0], [0.0, 0.0, 0.0, 0.0, 0.0, 0.0, 0.0, 0.0, 0.0, 0.0, 0.0, 0.0, 0.985774473922441, 0.0, 0.0, 0.0, 0.0, 0.0, 0.0, 0.0, 0.0, 0.0, 0.0, 0.0, 0.0, 0.0, 0.0, 0.0, 0.0, 0.0, 0.0, 0.0, 0.0, 0.0, 0.0], [0.0, 0.0, 0.0, 0.0, 0.0, 0.0, 0.0, 0.0, 0.0, 0.0, 0.0, 0.0, 0.9837155736741907, 0.0, 0.0, 0.0, 0.0, 0.0, 0.0, 0.0, 0.0, 0.0, 0.0, 0.0, 0.0, 0.0, 0.0, 0.0, 0.0, 0.0, 0.0, 0.0, 0.0, 0.0, 0.0]], "Born radii": [], "Atomic SASAs": [], "Solvent H bonds": [], "Total SASA": NaN, "Total FOD": 0.0, "FOD": [0.0, 0.0, 0.0, 0.0, 0.0, 0.0, 0.0, 0.0, 0.0, 0.0, 0.0, 0.0, 0.0, 0.0, 0.0, 0.0, 0.0, 0.0, 0.0, 0.0, 0.0, 0.0, 0.0, 0.0, 0.0, 0.0, 0.0, 0.0, 0.0, 0.0, 0.0, 0.0, 0.0, 0.0, 0.0], "FOD s proportion": [0.0, 0.0, 0.0, 0.0, 0.0, 0.0, 0.0, 0.0, 0.0, 0.0, 0.0, 0.0, 0.0, 0.0, 0.0, 0.0, 0.0, 0.0, 0.0, 0.0, 0.0, 0.0, 0.0, 0.0, 0.0, 0.0, 0.0, 0.0, 0.0, 0.0, 0.0, 0.0, 0.0, 0.0, 0.0], "FOD p proportion": [0.0, 0.0, 0.0, 0.0, 0.0, 0.0, 0.0, 0.0, 0.0, 0.0, 0.0, 0.0, 0.0, 0.0, 0.0, 0.0, 0.0, 0.0, 0.0, 0.0, 0.0, 0.0, 0.0, 0.0, 0.0, 0.0, 0.0, 0.0, 0.0, 0.0, 0.0, 0.0, 0.0, 0.0, 0.0], "FOD d proportion": [0.0, 0.0, 0.0, 0.0, 0.0, 0.0, 0.0, 0.0, 0.0, 0.0, 0.0, 0.0, 0.0, 0.0, 0.0, 0.0, 0.0, 0.0, 0.0, 0.0, 0.0, 0.0, 0.0, 0.0, 0.0, 0.0, 0.0, 0.0, 0.0, 0.0, 0.0, 0.0, 0.0, 0.0, 0.0], "coordinates": [["-5.83100", "1.43170", "-0.27350"], ["-4.54060", "0.89530", "-0.87250"], ["-3.53380", "0.51730", "0.21360"], ["-2.23720", "-0.02180", "-0.39310"], ["-1.22950", "-0.40000", "0.69380"], ["0.06740", "-0.93910", "0.08670"], ["1.07530", "-1.31630", "1.17620"], ["2.36070", "-1.90550", "0.60270"], ["3.17020", "-0.89000", "-0.16380"], ["3.31520", "-0.90650", "-1.37830"], ["3.70970", "0.02670", "0.68580"], ["4.49720", "1.05780", "0.07280"], ["5.93280", "0.59440", "-0.08790"], ["-5.64240", "2.32840", "0.32550"], ["-6.30650", "0.68310", "0.36830"], ["-6.53640", "1.69580", "-1.06760"], ["-4.76820", "0.01920", "-1.49070"], ["-4.10780", "1.65540", "-1.53330"], ["-3.97310", "-0.24010", "0.87430"], ["-3.31280", "1.39600", "0.83170"], ["-1.79810", "0.73580", "-1.05360"], ["-2.45830", "-0.90060", "-1.01090"], ["-1.00820", "0.47890", "1.31140"], ["-1.66880", "-1.15750", "1.35430"], ["0.49980", "-0.18030", "-0.57600"], ["-0.15400", "-1.81910", "-0.52930"], ["0.62100", "-2.05820", "1.84410"], ["1.30280", "-0.43390", "1.78630"], ["2.13770", "-2.74670", "-0.06380"], ["2.99100", "-2.30410", "1.40620"], ["4.06690", "1.37210", "-0.88500"], ["4.46310", "1.92520", "0.74010"], ["5.99360", "-0.27350", "-0.75210"], ["6.34770", "0.28630", "0.87740"], ["6.55450", "1.39400", "-0.50040"]], "bond_dist": [[0.0, 1.5204137989376445, 2.5200241288527385, 3.878448768515578, 5.0462457758218635, 6.3672253957277185, 7.572985790294341, 8.888677020231977, 9.296446978281542, 9.504774417102176, 9.691193836674614, 10.340765935848273, 11.795020520965616, 1.094733689076937, 1.0947188908573742, 1.0945011557782842, 2.1462236439849414, 2.1462888831655444, 2.750300436316004, 2.750285943315713, 4.1661871333390685, 4.166351802236581, 5.16518496183825, 5.165036139273374, 6.539807251746797, 6.546866676510223, 7.634915570587536, 7.656000381400201, 9.000176683821268, 9.726524442471732, 9.916950580697677, 10.355646866323708, 11.95650158533005, 12.286465954862692, 12.387635575443765], [1.5204137989376445, 0.0, 1.5284447814690596, 2.52518283100452, 3.8851616427119224, 5.051608852632991, 6.373906106933173, 7.5926699763653644, 7.946445017742211, 8.075636849190285, 8.440984240004244, 9.088554735490126, 10.507056939504993, 2.168626950399722, 2.1686438827064247, 2.159185471422036, 1.0961405977337029, 1.0962319508206282, 2.159282207123469, 2.159280197195353, 2.7530971123445687, 2.753249836102783, 4.173806168235416, 4.17371073746133, 5.162408330420987, 5.169914231396881, 6.537980756319186, 6.556013547881061, 7.649696110303991, 8.494329438513674, 8.620704770492956, 9.204769766811118, 10.599526368663838, 11.04482267399527, 11.112533649442867], [2.5200241288527385, 1.5284447814690596, 0.0, 1.5296683496758372, 2.5262283784329553, 3.886623986186469, 5.052968486939138, 6.384864047103901, 6.860505815900166, 7.174270210272262, 7.275434932016092, 8.050399113708588, 9.47171379529597, 2.781869655465547, 2.7819574080132856, 3.4707265017572335, 2.1625183143733144, 2.1625002242774456, 1.0968882076127904, 1.0968146151469718, 2.1601371669410256, 2.160217792260771, 2.754141383444212, 2.753974678532829, 4.1689378599350695, 4.175369853078886, 5.1530664210739605, 5.174057043558758, 6.549546473611742, 7.208023845687527, 7.7271110701218735, 8.136940104855142, 9.60881324045795, 9.906464237557211, 10.151462740905863], [3.878448768515578, 2.52518283100452, 1.5296683496758372, 0.0, 1.529655562536874, 2.526426030977357, 3.887298417924716, 5.067605720653493, 5.481452771847988, 5.7081046670501765, 6.044170503054989, 6.836281323204891, 8.198887087891869, 4.199430085142507, 4.199501929991222, 4.678484866920059, 2.759051967614963, 2.7590216091940998, 2.1603949777760545, 2.160372014260507, 1.0968257929133507, 1.0967458639083165, 2.1601994676418195, 2.160161986981532, 2.7476796865719266, 2.7547341015059876, 4.16188611569322, 4.177464634200989, 5.164616976117397, 5.981676104571361, 6.475075260566475, 7.068873413069441, 8.242469443680093, 8.683870327797393, 8.90561574625809], [5.0462457758218635, 3.8851616427119224, 2.5262283784329553, 1.529655562536874, 0.0, 1.5300813148326464, 2.5267406851515255, 3.894145028115928, 4.509205900155813, 5.0204022498202265, 4.957603607591071, 5.941878047385355, 7.273130518559391, 5.2012977092260355, 5.201440652357768, 5.9714399611818925, 4.179732835959735, 4.179623722298456, 2.7541766864164687, 2.754046350372484, 2.160267196436589, 2.160220333669693, 1.0967536915825722, 1.0968368110161146, 2.156649860315763, 2.1602126446255236, 2.738095611917159, 2.7581241360750974, 4.173606892125803, 4.684627073738101, 5.803860853776563, 6.1493408988281, 7.367482790614444, 7.610432083002909, 8.076831410893755], [6.3672253957277185, 5.051608852632991, 3.886623986186469, 2.526426030977357, 1.5300813148326464, 0.0, 1.5313890753169161, 2.541536907070208, 3.1132826566182517, 3.563073476649057, 3.8154999331673434, 4.859108031316036, 6.065065916377167, 6.582962686359387, 6.583117241094829, 7.203143823359354, 5.17586292418955, 5.175724614969386, 4.175470633353801, 4.175340590897945, 2.7542084797632875, 2.7541547705239804, 2.1604465857780424, 2.1607634669255216, 1.096320432173003, 1.0967561078015475, 2.15576263303732, 2.1610368715040473, 2.7524916166993134, 3.485934911899532, 4.7203650896938045, 5.287090366165496, 6.022163667653013, 6.447401006607235, 6.918851669894361], [7.572985790294341, 6.373906106933173, 5.052968486939138, 3.887298417924716, 2.5267406851515255, 1.5313890753169161, 0.0, 1.5258807456678913, 2.523080993547373, 3.4220693008762986, 2.997366263905698, 4.308508092135838, 5.370663790445274, 7.689929900200652, 7.6903364042153575, 8.48795391952619, 6.5606713154981335, 6.560252796196195, 5.170656883801129, 5.170171481682208, 4.176068726685422, 4.176426925016167, 2.7535421424049424, 2.7544549115932173, 2.166079659200003, 2.1616467287695276, 1.0967654762983743, 1.0966348617475192, 2.1707920029334917, 2.167615124970298, 4.519481226866642, 4.709001412189213, 5.38474211267355, 5.518678280168178, 6.3386391512689855], [8.888677020231977, 7.5926699763653644, 6.384864047103901, 5.067605720653493, 3.894145028115928, 2.541536907070208, 1.5258807456678913, 0.0, 1.5079962698892857, 2.4152499353069032, 2.3579871606944764, 3.6914188532324537, 4.414331974376191, 9.058275700153976, 9.04854403536834, 9.74256907545438, 7.675155298754547, 7.686611546058511, 6.554719380721039, 6.568176725697932, 5.1976353104079935, 5.180375466122122, 4.187732830542082, 4.16668655048589, 2.7979631055466045, 2.7590949693694853, 2.1426496073786776, 2.164640369668828, 1.0961608869139603, 1.0962537571201296, 3.983344259538711, 4.371867679836617, 4.206764724821201, 4.558027679819419, 5.448989658643151], [9.296446978281542, 7.946445017742211, 6.860505815900166, 5.481452771847988, 4.509205900155813, 3.1132826566182517, 2.523080993547373, 1.5079962698892857, 0.0, 1.2232364857213835, 1.3613299746938654, 2.368719780809879, 3.1370627870669088, 9.394649105208773, 9.621102686802589, 10.08569777655468, 8.099722390921801, 7.83095622577473, 7.247534512508374, 6.945941638827669, 5.302732745481333, 5.691898015600771, 4.63779352817695, 5.078592803129624, 2.7936748361253496, 3.470896526835682, 3.448880150135693, 2.7382658709482537, 2.126826542057438, 2.120540367453541, 2.5379709888018818, 3.2270693608907757, 2.9491959412694166, 3.544613572732576, 4.096759945371464], [9.504774417102176, 8.075636849190285, 7.174270210272262, 5.7081046670501765, 5.0204022498202265, 3.563073476649057, 3.4220693008762986, 2.4152499353069032, 1.2232364857213835, 0.0, 2.299348016286356, 2.71316967770171, 3.281716430467447, 9.6750250754197, 9.90729784603249, 10.194239664634141, 8.137008652447163, 7.854189048526907, 7.657520003891599, 7.356357131760258, 5.38037324634639, 5.785181053346559, 5.276893670522459, 5.689495562877258, 3.0162110154960975, 3.686324510945828, 4.355340203703954, 3.779920327202678, 2.549657337761292, 3.132384339444954, 2.449574603885336, 3.718039518348346, 2.8225240477274944, 3.963207107886238, 4.0689154758977235], [9.691193836674614, 8.440984240004244, 7.275434932016092, 6.044170503054989, 4.957603607591071, 3.8154999331673434, 2.997366263905698, 2.3579871606944764, 1.3613299746938654, 2.299348016286356, 0.0, 1.4349538180722057, 2.4213774158523904, 9.637915406870928, 10.042705295387293, 10.528194127199594, 8.752827937872421, 8.287965658109353, 7.6897418896865455, 7.1562403222642, 5.819295147180628, 6.463969382662637, 4.780631821213594, 5.547745861158386, 3.455205674051836, 4.45102497633972, 3.902375506021941, 2.686339557837021, 3.274878886310149, 2.543252738128871, 2.0988343526824598, 2.0432479780976167, 2.715488107136542, 2.657658126998278, 3.3718639904361503], [10.340765935848273, 9.088554735490126, 8.050399113708588, 6.836281323204891, 5.941878047385355, 4.859108031316036, 4.308508092135838, 3.6914188532324537, 2.368719780809879, 2.71316967770171, 1.4349538180722057, 0.0, 1.5170733040957514, 10.222023762934619, 10.814233862368614, 11.110710378729166, 9.453616205981708, 8.773979027214507, 8.60656312066553, 7.854069547056481, 6.403379033760222, 7.306758275733502, 5.672625876082433, 6.676028185980044, 4.234742000405692, 5.502066835290171, 5.279383120213951, 3.9198778679953796, 4.478852538318269, 3.917775594645513, 1.0960490043789102, 1.094913174639889, 2.166110029522969, 2.1603110100168443, 2.1619602147125647], [11.795020520965616, 10.507056939504993, 9.47171379529597, 8.198887087891869, 7.273130518559391, 6.065065916377167, 5.370663790445274, 4.414331974376191, 3.1370627870669088, 3.281716430467447, 2.4213774158523904, 1.5170733040957514, 0.0, 11.711657039035938, 12.248120289252551, 12.556028141494428, 10.807872310496641, 10.199438735538344, 9.987445814621474, 9.325735685724746, 7.792264450081247, 8.573069065976314, 7.081586103409321, 7.933058490267168, 5.509618017612473, 6.562693840946719, 6.243727252210814, 5.0996986705098575, 5.056314273262689, 4.391790557392281, 2.1729630714763655, 2.1486346199389046, 1.0945815136388886, 1.0949300023289157, 1.0936303305962207], [1.094733689076937, 2.168626950399722, 2.781869655465547, 4.199430085142507, 5.2012977092260355, 6.582962686359387, 7.689929900200652, 9.058275700153976, 9.394649105208773, 9.6750250754197, 9.637915406870928, 10.222023762934619, 11.711657039035938, 0.0, 1.774788083124292, 1.7720458148704847, 3.0651611246392902, 2.5026113561637975, 3.112063010287549, 2.5598133447577776, 4.383712360545569, 4.727673716533323, 5.086104471990327, 5.385111438958344, 6.695737358947109, 6.932169490859265, 7.7960621521380915, 7.61577579567571, 9.297211975103075, 9.857158023487298, 9.83108978852294, 10.122035054770357, 11.971950608401288, 12.17527264704984, 12.260488725169155], [1.0947188908573742, 2.1686438827064247, 2.7819574080132856, 4.199501929991222, 5.201440652357768, 6.583117241094829, 7.6903364042153575, 9.04854403536834, 9.621102686802589, 9.90729784603249, 10.042705295387293, 10.814233862368614, 12.248120289252551, 1.774788083124292, 0.0, 1.7720677498335105, 2.5026008670980673, 3.065245755237253, 2.5599003496230077, 3.1121063060249075, 4.727604833316761, 4.383941328302649, 5.38545431138358, 5.086085493776132, 6.925523932526694, 6.702234466952048, 7.594930386777749, 7.820476934944568, 9.124404204659065, 9.820596035882954, 10.471528515455612, 10.847365201282752, 12.388011936142135, 12.670651549545507, 12.909893086311754], [1.0945011557782842, 2.159185471422036, 3.4707265017572335, 4.678484866920059, 5.9714399611818925, 7.203143823359354, 8.48795391952619, 9.74256907545438, 10.08569777655468, 10.194239664634141, 10.528194127199594, 11.110710378729166, 12.556028141494428, 1.7720458148704847, 1.7720677498335105, 0.0, 2.473162430977796, 2.473177431968843, 3.7535571542205135, 3.7535073584582195, 4.834592318903426, 4.83481203977983, 6.140153243201671, 6.140069239023287, 7.298597961937622, 7.306115155128613, 8.590627896143564, 8.610076883512713, 9.797113426923259, 10.624981751043151, 10.609811277303665, 11.149412715475199, 12.687733554106503, 13.106095835907809, 13.10665715924545], [2.1462236439849414, 1.0961405977337029, 2.1625183143733144, 2.759051967614963, 4.179732835959735, 5.17586292418955, 6.5606713154981335, 7.675155298754547, 8.099722390921801, 8.137008652447163, 8.752827937872421, 9.453616205981708, 10.807872310496641, 3.0651611246392902, 2.5026008670980673, 2.473162430977796, 0.0, 1.7649627078213295, 2.5085146003162904, 3.0671337042913533, 3.0864325652766174, 2.5321686535458103, 4.711760658182884, 4.368630019811703, 5.35054206038977, 5.059098584728312, 6.6693296844585515, 6.913831760319309, 7.5748070094227495, 8.602030989248991, 8.958582639569721, 9.686392740850435, 10.791086251624533, 11.368485951524065, 11.448768685758308], [2.1462888831655444, 1.0962319508206282, 2.1625002242774456, 2.7590216091940998, 4.179623722298456, 5.175724614969386, 6.560252796196195, 7.686611546058511, 7.83095622577473, 7.854189048526907, 8.287965658109353, 8.773979027214507, 10.199438735538344, 2.5026113561637975, 3.065245755237253, 2.473177431968843, 1.7649627078213295, 0.0, 3.0671814586033213, 2.5084932449580166, 2.5318946147104944, 3.0865657307110763, 4.368522690796055, 4.711619803209932, 5.051355812056799, 5.358423339938717, 6.896318232216375, 6.682777192904161, 7.781014388240135, 8.643567662718908, 8.20525879360304, 8.871384695187105, 10.313545006931419, 10.816810507261371, 10.715402636392158], [2.750300436316004, 2.159282207123469, 1.0968882076127904, 2.1603949777760545, 2.7541766864164687, 4.175470633353801, 5.170656883801129, 6.554719380721039, 7.247534512508374, 7.657520003891599, 7.6897418896865455, 8.60656312066553, 9.987445814621474, 3.112063010287549, 2.5599003496230077, 3.7535571542205135, 2.5085146003162904, 3.0671814586033213, 0.0, 1.764832586961154, 3.0659100149873937, 2.506961972188649, 3.0819879006900726, 2.526226682227864, 4.702529164183886, 4.36449983045022, 5.0350525776798, 5.357650907813984, 6.671203175589843, 7.282973460064234, 8.386651616109972, 8.710683335422084, 10.098584128975704, 10.33421594558581, 10.74199444516706], [2.750285943315713, 2.159280197195353, 1.0968146151469718, 2.160372014260507, 2.754046350372484, 4.175340590897945, 5.170171481682208, 6.568176725697932, 6.945941638827669, 7.356357131760258, 7.1562403222642, 7.854069547056481, 9.325735685724746, 2.5598133447577776, 3.1121063060249075, 3.7535073584582195, 3.0671337042913533, 2.5084932449580166, 1.764832586961154, 0.0, 2.5068977282689455, 3.065895720666311, 2.5263344315430607, 3.081591960334787, 4.359158145789162, 4.708206287961477, 5.332094695333158, 5.056041784835248, 6.904479255526806, 7.3320314170085235, 7.57678046336305, 7.794425187914758, 9.586695658567658, 9.72413404010866, 9.95681192450676], [4.1661871333390685, 2.7530971123445687, 2.1601371669410256, 1.0968257929133507, 2.160267196436589, 2.7542084797632875, 4.176068726685422, 5.1976353104079935, 5.302732745481333, 5.38037324634639, 5.819295147180628, 6.403379033760222, 7.792264450081247, 4.383712360545569, 4.727604833316761, 4.834592318903426, 3.0864325652766174, 2.5318946147104944, 3.0659100149873937, 2.5068977282689455, 0.0, 1.765075717922605, 2.5066241481323046, 3.0658254663303977, 2.5194613273475746, 3.083094113062396, 4.696290674564342, 4.364494347573382, 5.347712775570506, 6.182805743349859, 5.901824179861681, 6.6207746895661685, 7.862580850458709, 8.383607152652132, 8.39673652319757], [4.166351802236581, 2.753249836102783, 2.160217792260771, 1.0967458639083165, 2.160220333669693, 2.7541547705239804, 4.176426925016167, 5.180375466122122, 5.691898015600771, 5.785181053346559, 6.463969382662637, 7.306758275733502, 8.573069065976314, 4.727673716533323, 4.383941328302649, 4.83481203977983, 2.5321686535458103, 3.0865657307110763, 2.506961972188649, 3.065895720666311, 1.765075717922605, 0.0, 3.0657605173920546, 2.5066868372415407, 3.0754391084851607, 2.5269308063340397, 4.355818091931756, 4.710415049653268, 5.042648076159986, 6.124300380451632, 6.910806837121118, 7.6783412661850345, 8.479082819503533, 9.084054408687786, 9.31430959599261], [5.16518496183825, 4.173806168235416, 2.754141383444212, 2.1601994676418195, 1.0967536915825722, 2.1604465857780424, 2.7535421424049424, 4.187732830542082, 4.63779352817695, 5.276893670522459, 4.780631821213594, 5.672625876082433, 7.081586103409321, 5.086104471990327, 5.38545431138358, 6.140153243201671, 4.711760658182884, 4.368522690796055, 3.0819879006900726, 2.5263344315430607, 2.5066241481323046, 3.0657605173920546, 0.0, 1.7652302201129462, 2.5041739955522258, 3.0657198387980595, 3.0618521094265803, 2.5297143811110376, 4.710876480019403, 4.873158798972182, 5.601662182781108, 5.687995347220319, 7.338211038802304, 7.371208555589782, 7.830354943423701], [5.165036139273374, 4.17371073746133, 2.753974678532829, 2.160161986981532, 1.0968368110161146, 2.1607634669255216, 2.7544549115932173, 4.16668655048589, 5.078592803129624, 5.689495562877258, 5.547745861158386, 6.676028185980044, 7.933058490267168, 5.385111438958344, 5.086085493776132, 6.140069239023287, 4.368630019811703, 4.711619803209932, 2.526226682227864, 3.081591960334787, 3.0658254663303977, 2.5066868372415407, 1.7652302201129462, 0.0, 3.0632995103319556, 2.506049193451717, 2.5088540352120927, 3.0887906241763945, 4.361881073573648, 4.799075036921178, 6.656695512038988, 6.890607994945003, 7.9956707485988945, 8.159427939506545, 8.807538091317005], [6.539807251746797, 5.162408330420987, 4.1689378599350695, 2.7476796865719266, 2.156649860315763, 1.096320432173003, 2.166079659200003, 2.7979631055466045, 2.7936748361253496, 3.0162110154960975, 3.455205674051836, 4.234742000405692, 5.509618017612473, 6.695737358947109, 6.925523932526694, 7.298597961937622, 5.35054206038977, 5.051355812056799, 4.702529164183886, 4.359158145789162, 2.5194613273475746, 3.0754391084851607, 2.5041739955522258, 3.0632995103319556, 0.0, 1.7650214644587188, 3.0656291132490248, 2.507904154867167, 3.0873085705837697, 3.826972787987916, 3.902515748847146, 4.676857529367342, 5.4974117446303765, 6.04384162019489, 6.256478877132089], [6.546866676510223, 5.169914231396881, 4.175369853078886, 2.7547341015059876, 2.1602126446255236, 1.0967561078015475, 2.1616467287695276, 2.7590949693694853, 3.470896526835682, 3.686324510945828, 4.45102497633972, 5.502066835290171, 6.562693840946719, 6.932169490859265, 6.702234466952048, 7.306115155128613, 5.059098584728312, 5.358423339938717, 4.36449983045022, 4.708206287961477, 3.083094113062396, 2.5269308063340397, 3.0657198387980595, 2.506049193451717, 1.7650214644587188, 0.0, 2.508150986284518, 3.0664390814102274, 2.5157545389008047, 3.7245684649365756, 5.303421229734632, 6.078550095211851, 6.342830989392669, 6.977364612803318, 7.43833442848599], [7.634915570587536, 6.537980756319186, 5.1530664210739605, 4.16188611569322, 2.738095611917159, 2.15576263303732, 1.0967654762983743, 2.1426496073786776, 3.448880150135693, 4.355340203703954, 3.902375506021941, 5.279383120213951, 6.243727252210814, 7.7960621521380915, 7.594930386777749, 8.590627896143564, 6.6693296844585515, 6.896318232216375, 5.0350525776798, 5.332094695333158, 4.696290674564342, 4.355818091931756, 3.0618521094265803, 2.5088540352120927, 3.0656291132490248, 2.508150986284518, 0.0, 1.762538671916165, 2.5326850475335463, 2.4226273382425125, 5.575766468388001, 5.6434053522673695, 6.2281810579012555, 6.263088856945908, 7.254018702760559], [7.656000381400201, 6.556013547881061, 5.174057043558758, 4.177464634200989, 2.7581241360750974, 2.1610368715040473, 1.0966348617475192, 2.164640369668828, 2.7382658709482537, 3.779920327202678, 2.686339557837021, 3.9198778679953796, 5.0996986705098575, 7.61577579567571, 7.820476934944568, 8.610076883512713, 6.913831760319309, 6.682777192904161, 5.357650907813984, 5.056041784835248, 4.364494347573382, 4.710415049653268, 2.5297143811110376, 3.0887906241763945, 2.507904154867167, 3.0664390814102274, 1.762538671916165, 0.0, 3.0771694558473706, 2.5479684633056197, 4.247084706007169, 4.080120505573334, 5.335991694146459, 5.176466290820408, 6.012534256867065], [9.000176683821268, 7.649696110303991, 6.549546473611742, 5.164616976117397, 4.173606892125803, 2.7524916166993134, 2.1707920029334917, 1.0961608869139603, 2.126826542057438, 2.549657337761292, 3.274878886310149, 4.478852538318269, 5.056314273262689, 9.297211975103075, 9.124404204659065, 9.797113426923259, 7.5748070094227495, 7.781014388240135, 6.671203175589843, 6.904479255526806, 5.347712775570506, 5.042648076159986, 4.710876480019403, 4.361881073573648, 3.0873085705837697, 2.5157545389008047, 2.5326850475335463, 3.0771694558473706, 0.0, 1.7563927949066518, 4.621763247939038, 5.280188441713041, 4.632325543396103, 5.273428338377226, 6.069937255853639], [9.726524442471732, 8.494329438513674, 7.208023845687527, 5.981676104571361, 4.684627073738101, 3.485934911899532, 2.167615124970298, 1.0962537571201296, 2.120540367453541, 3.132384339444954, 2.543252738128871, 3.917775594645513, 4.391790557392281, 9.857158023487298, 9.820596035882954, 10.624981751043151, 8.602030989248991, 8.643567662718908, 7.282973460064234, 7.3320314170085235, 6.182805743349859, 6.124300380451632, 4.873158798972182, 4.799075036921178, 3.826972787987916, 3.7245684649365756, 2.4226273382425125, 2.5479684633056197, 1.7563927949066518, 0.0, 4.463362486959803, 4.527443661714632, 4.218673015297583, 4.272848755806833, 5.478101808108352], [9.916950580697677, 8.620704770492956, 7.7271110701218735, 6.475075260566475, 5.803860853776563, 4.7203650896938045, 4.519481226866642, 3.983344259538711, 2.5379709888018818, 2.449574603885336, 2.0988343526824598, 1.0960490043789102, 2.1729630714763655, 9.83108978852294, 10.471528515455612, 10.609811277303665, 8.958582639569721, 8.20525879360304, 8.386651616109972, 7.57678046336305, 5.901824179861681, 6.910806837121118, 5.601662182781108, 6.656695512038988, 3.902515748847146, 5.303421229734632, 5.575766468388001, 4.247084706007169, 4.621763247939038, 4.463362486959803, 0.0, 1.7617729876462518, 2.5372888404752025, 3.0801077968149095, 2.5172505894328436], [10.355646866323708, 9.204769766811118, 8.136940104855142, 7.068873413069441, 6.1493408988281, 5.287090366165496, 4.709001412189213, 4.3