{"total energy": -58.95556258, "HOMO-LUMO gap/eV": 3.89685502, "electronic energy": -59.66954188, "dipole": [-1.37617411, -0.02926994, -1.09305488], "partial charges": [-0.0949101, -0.05569122, -0.00420338, -0.04216473, -0.03512393, -0.04372679, 0.00837342, -0.11105634, 0.03617366, -0.10713482, 0.05000675, -0.11439325, 0.07471269, -0.32283563, 0.03886819, 0.26706256, -0.41587905, 0.00664153, -0.16917588, 0.03920096, 0.03731547, 0.0328333, 0.04174648, 0.03721999, 0.03941572, 0.036673, 0.03886837, 0.04290286, 0.06223003, 0.06105175, 0.05715976, 0.04204867, 0.04791681, 0.06171823, 0.0262281, 0.05553082, 0.05634506, 0.03727515, 0.02998667, 0.07182146, 0.07896767], "atomic dipole moments": [[0.05907984, -0.07859662, 0.05267376], [-0.0845759, -0.00692041, -0.06169303], [0.05088355, 0.06123977, 0.01373509], [0.02201947, 0.00247503, -0.00413523], [-0.00022284, -0.00158382, 3.2e-07], [0.01720227, 0.00419101, -0.00407607], [0.06138361, -0.02976549, -0.02698154], [-0.04769667, 0.06757723, 0.01757724], [0.1729297, 0.03250076, -0.02639784], [-0.00834169, 0.04747779, -0.03786808], [0.05197075, 0.0251558, 0.13279233], [-0.00339947, -0.13076852, 0.02356718], [-0.10056186, -0.17094892, 0.04153132], [0.24099543, 0.13891835, -0.06230708], [-0.18740046, 0.11208165, 0.01689266], [-0.01672189, -0.02200873, 0.01472474], [-0.1642055, -0.09218266, 0.01988444], [0.17415343, -0.01611477, 0.05636915], [-0.00602657, 0.08628929, -0.14512759], [0.05115515, 0.11376632, 0.02059992], [-0.12101825, 0.01098082, 0.0335868], [-0.00062075, -0.01937083, -0.12530813], [0.12155341, 0.0254251, -0.02358906], [-0.00974996, 0.02428304, 0.12263974], [-0.09791719, 0.10150254, 0.05493184], [-0.14642435, -0.02735182, 0.02390739], [-0.06556442, -0.13411725, -0.02631513], [-0.05574049, -0.11264365, 0.0163377], [0.02506946, 0.00870876, -0.13174165], [0.10834209, -0.01630109, 0.07700957], [-0.08318557, -0.05223612, -0.08056908], [0.03608812, 0.01723391, -0.12142174], [-0.11107186, 0.05551396, 0.00740094], [0.08215558, 0.07480484, 0.07213945], [0.03072307, 0.01250345, -0.11223235], [0.10080983, 0.04342652, 0.06525685], [-0.01342928, -0.12460752, 0.0155607], [0.07401495, 0.04050339, 0.08852904], [0.04061532, 0.01987055, -0.11171687], [-0.07328888, -0.11419471, 0.00099924], [-0.06447719, 0.10278258, 0.06408307]], "atomic quadrupole moments": [[-0.02014051, -0.11642468, 0.04962865, 0.09266575, -0.1284767, -0.02948814], [-0.04782516, -0.0467118, 0.15071563, 0.09707667, -0.04853222, -0.10289046], [-0.27145306, 0.05649347, -0.08389766, 0.19610132, -0.15014858, 0.35535072], [-0.23889667, -0.03734854, -0.15567899, 0.166797, -0.20488383, 0.39457565], [-0.24797399, -0.06069216, -0.17860417, 0.15747942, -0.21242412, 0.42657817], [-0.22302048, -0.07808616, -0.18188994, 0.13564481, -0.19377432, 0.40491042], [-0.21984888, -0.15466704, -0.16778793, 0.08025682, -0.13552502, 0.38763681], [0.04665372, -0.10390191, 0.06075573, -0.08185471, 0.07532921, -0.10740946], [0.05111915, 0.05573344, -0.35055639, 0.06983972, -0.21160868, 0.29943724], [0.01386248, 0.02931197, 0.00997953, -0.03762555, -0.01185832, -0.023842], [-0.04951045, -0.08307314, -0.01538484, -0.14468484, -0.08351081, 0.06489529], [-0.12685957, -0.00649011, 0.21779382, -0.02816596, -0.0847989, -0.09093425], [-0.09156791, -0.08915565, 0.40372129, -0.07303338, -0.10005689, -0.31215339], [0.06030191, -0.03251985, 0.09511523, -0.03782414, -0.0354441, -0.15541715], [0.3202931, -0.29543356, -0.0613731, -0.07052497, 0.02682888, -0.25892], [-0.08524049, -0.33562455, 0.32401391, -0.0747668, 0.06888449, -0.23877342], [-0.02361295, -0.10981394, 0.12974733, -0.01549117, 0.04512384, -0.10613438], [0.19996423, -0.07204051, -0.30405184, 0.2412074, -0.15086164, 0.10408761], [0.22511336, -0.1658921, -0.24628063, 0.3969866, -0.14051302, 0.02116727], [-0.00871629, 0.04357319, 0.05075799, 0.02451758, 0.01663615, -0.0420417], [0.06542504, 0.00321342, -0.04306298, -0.03789329, -0.01497552, -0.02236206], [-0.04398249, -0.01300724, -0.02744182, -0.00757237, 0.03074799, 0.07142431], [0.04870371, -0.01302114, -0.0152146, -0.03297475, -0.00816072, -0.03348912], [-0.03021442, -0.00415771, -0.02139268, -0.02448335, 0.00995835, 0.0516071], [0.0200561, 0.01569897, 0.03621662, -0.01736607, 0.02830356, -0.05627272], [0.02381913, 0.00419887, 0.03117535, -0.02056696, 0.03086269, -0.05499448], [0.02896251, -0.00437166, 0.02599823, -0.02209276, 0.02970901, -0.05496075], [0.01333032, 0.05282272, 0.04114986, -0.01965039, -0.00860422, -0.05448017], [-0.03748532, 0.00400447, -0.02659296, -0.02975778, -0.02205353, 0.06407828], [0.04604967, 0.0049208, -0.0286646, 0.05397238, 0.0126102, -0.01738507], [0.01252015, 0.02371914, -0.00930784, 0.00708731, 0.00599943, -0.00321231], [-0.03931348, -0.00351968, -0.03124083, -0.04125528, 0.00160076, 0.07055431], [0.06736125, -0.03191389, -0.01941934, -0.0193845, 0.00575757, -0.0479419], [0.00864822, 0.02705627, -0.01756467, 0.05517344, 0.02458025, 0.00891645], [-0.04590921, -0.00245141, -0.00213888, -0.00885114, -0.02103141, 0.04804809], [-0.01760607, 0.01174455, 0.00819331, 0.03383226, 0.02095759, 0.00941276], [-0.02333346, 0.01740716, 0.07508185, -0.00712471, -0.01632782, -0.05174839], [0.0211621, 0.00944706, -0.03002505, 0.04099754, 0.03925947, 0.00886295], [-0.00823811, -0.00812011, -0.04241296, -0.03521733, -0.02436129, 0.05065107], [-0.00057097, 0.03357481, 0.01874467, 0.0291031, -0.00633647, -0.0181737], [-0.00752334, -0.0340108, 0.01275474, 0.00371637, 0.02635782, -0.00523141]], "number of molecular orbitals": 103, "number of electrons": 106, "number of unpaired electrons": 0, "orbital energies/eV": [-28.43377369, -19.04281929, -18.89987903, -18.14852339, -17.87579914, -17.74392469, -17.35904859, -17.35044352, -17.09662597, -16.9441748, -16.8464002, -16.46206364, -16.34748376, -16.28353589, -16.05891687, -15.8864699, -15.4661191, -15.37355617, -15.17268069, -15.035449, -14.98122627, -14.79856638, -14.66004593, -14.30777242, -14.2030122, -14.17501844, -13.94980801, -13.84230602, -13.67755855, -13.58263776, -13.52613347, -13.42200131, -13.31129621, -13.2709201, -13.1381326, -13.10258445, -12.93036759, -12.75511337, -12.67105968, -12.55680217, -12.49586047, -12.42019543, -12.21053085, -12.11948399, -11.88572257, -11.76005516, -11.38441663, -11.22142757, -11.09872263, -10.96140453, -10.86843467, -10.70172991, -10.56459273, -6.66773771, -6.39409822, -6.13950023, -4.18602893, -3.15373507, -1.27959039, -0.00218052, 0.5163513, 0.69051643, 0.87481861, 0.88424616, 1.35786122, 1.68313915, 2.20332027, 2.52111887, 2.74616144, 2.86386672, 3.05807678, 3.15546305, 3.2528699, 3.5229655, 3.57980295, 3.80805713, 3.94544613, 4.06312062, 4.14298115, 4.46795914, 4.63120476, 4.81296274, 5.01078071, 5.24961034, 5.32576724, 5.45221238, 5.51947248, 5.56059712, 5.76225461, 6.06986883, 6.21434909, 6.55834282, 6.91346835, 7.10681681, 7.26552532, 8.07902674, 9.73485276, 10.20780257, 11.38535531, 11.55227326, 14.99850413, 15.95391191, 16.33628538], "fractional occupation": [2.0, 2.0, 2.0, 2.0, 2.0, 2.0, 2.0, 2.0, 2.0, 2.0, 2.0, 2.0, 2.0, 2.0, 2.0, 2.0, 2.0, 2.0, 2.0, 2.0, 2.0, 2.0, 2.0, 2.0, 2.0, 2.0, 2.0, 2.0, 2.0, 2.0, 2.0, 2.0, 2.0, 2.0, 2.0, 2.0, 2.0, 2.0, 2.0, 2.0, 2.0, 2.0, 2.0, 2.0, 2.0, 2.0, 2.0, 2.0, 2.0, 2.0, 2.0, 2.0, 2.0, 0.0, 0.0, 0.0, 0.0, 0.0, 0.0, 0.0, 0.0, 0.0, 0.0, 0.0, 0.0, 0.0, 0.0, 0.0, 0.0, 0.0, 0.0, 0.0, 0.0, 0.0, 0.0, 0.0, 0.0, 0.0, 0.0, 0.0, 0.0, 0.0, 0.0, 0.0, 0.0, 0.0, 0.0, 0.0, 0.0, 0.0, 0.0, 0.0, 0.0, 0.0, 0.0, 0.0, 0.0, 0.0, 0.0, 0.0, 0.0, 0.0, 0.0], "program call": "xtb /home/svss/Project-DBcg-Debug/aqme2_20220329/End-to-End-workflows-final/example-3/QDESCP/mol_481_rdkit_conf_6/mol_481_rdkit_conf_6.xyz --pop --wbo --acc 0.2 --gfn 2 --chrg 0 --uhf 0 --etemp 300 --input /home/svss/Project-DBcg-Debug/aqme2_20220329/End-to-End-workflows-final/example-3/QDESCP/mol_481_rdkit_conf_6/mol_481_rdkit_conf_6_xtb.inp", "method": "GFN2-xTB", "xtb version": "6.3.3 (7355c4f)", "Dipole module/D": 4.468, "Total charge": 0, "Transition dipole module/D": NaN, "HOMO": -10.5646, "LUMO": -6.6677, "HOMO occupancy": 2.0, "LUMO occupancy": 0, "mulliken charges": [-0.07806, -0.04413, -0.01809, -0.04516, -0.02703, -0.04577, -0.00048, -0.08134, 0.09898, -0.27951, 0.1288, -0.10349, 0.1849, -0.46979, 0.17157, 0.46271, -0.54034, 0.03148, -0.11897, 0.03434, 0.02907, 0.02858, 0.03802, 0.0331, 0.03372, 0.03323, 0.03438, 0.03084, 0.04935, 0.04922, 0.03608, 0.03275, 0.03477, 0.05445, 0.01414, 0.04466, 0.03234, 0.02387, 0.01401, 0.04106, 0.05173], "cm5 charges": [-0.22782, -0.14921, -0.02647, -0.09832, -0.08244, -0.099, -0.01063, -0.22294, 0.15279, -0.51613, 0.1189, -0.24677, 0.10825, -0.57669, 0.0488, 0.55195, -0.58843, -0.05823, -0.1251, 0.08513, 0.08076, 0.08032, 0.1007, 0.08862, 0.09045, 0.08863, 0.09055, 0.08296, 0.10503, 0.10699, 0.10841, 0.0847, 0.0896, 0.11143, 0.07808, 0.11556, 0.09133, 0.08297, 0.073, 0.10195, 0.11032], "FUKUI+": [0.012, 0.01, -0.036, -0.022, -0.049, -0.023, -0.037, 0.021, -0.042, -0.039, 0.007, 0.013, 0.009, 0.005, 0.008, -0.052, -0.12, 0.02, -0.09, -0.029, -0.017, -0.014, -0.012, -0.03, -0.058, -0.066, -0.059, -0.035, -0.037, -0.026, -0.019, -0.031, -0.008, -0.01, -0.029, -0.006, -0.013, -0.004, -0.015, -0.035, -0.045], "FUKUI-": [0.01, 0.008, -0.019, -0.021, -0.024, -0.017, -0.023, 0.014, -0.011, -0.039, 0.007, 0.013, 0.016, -0.063, 0.021, -0.006, -0.08, 0.017, -0.136, -0.024, -0.018, -0.013, -0.01, -0.03, -0.042, -0.044, -0.041, -0.033, -0.032, -0.018, -0.024, -0.03, -0.018, -0.015, -0.055, -0.039, -0.032, -0.035, -0.043, -0.031, -0.04], "FUKUIrad": [0.011, 0.009, -0.027, -0.022, -0.036, -0.02, -0.03, 0.017, -0.026, -0.039, 0.007, 0.013, 0.012, -0.029, 0.015, -0.029, -0.1, 0.019, -0.113, -0.027, -0.017, -0.014, -0.011, -0.03, -0.05, -0.055, -0.05, -0.034, -0.035, -0.022, -0.021, -0.03, -0.013, -0.012, -0.042, -0.022, -0.022, -0.02, -0.029, -0.033, -0.042], "s proportion": [1.009, 1.028, 1.099, 1.062, 1.06, 1.063, 1.095, 1.008, 1.055, 1.451, 1.04, 1.017, 1.004, 1.695, 0.972, 1.012, 1.733, 1.051, 1.949, 0.966, 0.971, 0.971, 0.962, 0.967, 0.966, 0.967, 0.966, 0.969, 0.951, 0.951, 0.964, 0.967, 0.965, 0.946, 0.986, 0.955, 0.968, 0.976, 0.986, 0.959, 0.948], "p proportion": [3.069, 3.017, 2.92, 2.984, 2.967, 2.983, 2.906, 3.073, 2.846, 3.828, 2.831, 3.087, 2.811, 4.775, 2.857, 2.525, 4.808, 2.917, 5.186, 0.0, 0.0, 0.0, 0.0, 0.0, 0.0, 0.0, 0.0, 0.0, 0.0, 0.0, 0.0, 0.0, 0.0, 0.0, 0.0, 0.0, 0.0, 0.0, 0.0, 0.0, 0.0], "d proportion": [0.0, 0.0, 0.0, 0.0, 0.0, 0.0, 0.0, 0.0, 0.0, 0.0, 0.0, 0.0, 0.0, 0.0, 0.0, 0.0, 0.0, 0.0, -0.015, 0.0, 0.0, 0.0, 0.0, 0.0, 0.0, 0.0, 0.0, 0.0, 0.0, 0.0, 0.0, 0.0, 0.0, 0.0, 0.0, 0.0, 0.0, 0.0, 0.0, 0.0, 0.0], "Fermi-level/eV": -8.6162, "Coordination numbers": [3.749, 3.803, 2.956, 2.915, 2.906, 2.915, 2.959, 3.754, 2.903, 2.73, 3.784, 3.751, 3.7, 1.697, 3.649, 2.778, 0.857, 3.713, 0.917, 0.924, 0.924, 0.924, 0.924, 0.924, 0.925, 0.925, 0.925, 0.924, 0.924, 0.924, 0.924, 0.924, 0.924, 0.924, 0.924, 0.924, 0.924, 0.924, 0.924, 0.925, 0.924], "Dispersion coefficient C6": [22.378, 21.573, 28.127, 29.047, 28.874, 29.086, 27.83, 22.681, 27.19, 23.345, 19.754, 22.752, 19.486, 19.398, 20.236, 22.494, 22.001, 20.595, 104.443, 2.46, 2.485, 2.547, 2.426, 2.486, 2.457, 2.494, 2.464, 2.411, 2.173, 2.187, 2.233, 2.422, 2.346, 2.179, 2.641, 2.252, 2.242, 2.486, 2.587, 2.066, 1.99], "Total dispersion C6": 17213.382904, "Total dispersion C8": 411139.855977, "Polarizability alpha": [6.747, 6.612, 8.699, 8.838, 8.811, 8.844, 8.653, 6.791, 8.55, 7.176, 6.331, 6.803, 6.313, 5.946, 6.462, 7.768, 6.289, 6.484, 15.635, 2.453, 2.465, 2.496, 2.436, 2.466, 2.451, 2.469, 2.455, 2.428, 2.305, 2.313, 2.337, 2.434, 2.395, 2.308, 2.541, 2.347, 2.342, 2.465, 2.515, 2.248, 2.206], "Total polarizability alpha": 200.626066, "Wiberg matrix": [[0.0, 1.0080172860574195, 0.0, 0.0, 0.0, 0.0, 0.0, 0.0, 0.0, 0.0, 0.0, 0.0, 0.0, 0.0, 0.0, 0.0, 0.0, 0.0, 0.0, 0.9860123595039358, 0.9856669012744008, 0.9855258736453564, 0.0, 0.0, 0.0, 0.0, 0.0, 0.0, 0.0, 0.0, 0.0, 0.0, 0.0, 0.0, 0.0, 0.0, 0.0, 0.0, 0.0, 0.0, 0.0], [1.0080172860574195, 0.0, 1.0105860633751764, 0.0, 0.0, 0.0, 0.0, 0.0, 0.0, 0.0, 0.0, 0.0, 0.0, 0.0, 0.0, 0.0, 0.0, 0.0, 0.0, 0.0, 0.0, 0.0, 0.9721761676632356, 0.9625217168931506, 0.0, 0.0, 0.0, 0.0, 0.0, 0.0, 0.0, 0.0, 0.0, 0.0, 0.0, 0.0, 0.0, 0.0, 0.0, 0.0, 0.0], [0.0, 1.0105860633751764, 0.0, 1.407090265479305, 0.0, 0.10547883142921236, 0.0, 0.0, 1.3734522319583218, 0.0, 0.0, 0.0, 0.0, 0.0, 0.0, 0.0, 0.0, 0.0, 0.0, 0.0, 0.0, 0.0, 0.0, 0.0, 0.0, 0.0, 0.0, 0.0, 0.0, 0.0, 0.0, 0.0, 0.0, 0.0, 0.0, 0.0, 0.0, 0.0, 0.0, 0.0, 0.0], [0.0, 0.0, 1.407090265479305, 0.0, 1.4440895746114342, 0.0, 0.10582805477964141, 0.0, 0.0, 0.0, 0.0, 0.0, 0.0, 0.0, 0.0, 0.0, 0.0, 0.0, 0.0, 0.0, 0.0, 0.0, 0.0, 0.0, 0.9673075799755014, 0.0, 0.0, 0.0, 0.0, 0.0, 0.0, 0.0, 0.0, 0.0, 0.0, 0.0, 0.0, 0.0, 0.0, 0.0, 0.0], [0.0, 0.0, 0.0, 1.4440895746114342, 0.0, 1.4388624755637511, 0.0, 0.0, 0.0, 0.0, 0.0, 0.0, 0.0, 0.0, 0.0, 0.0, 0.0, 0.0, 0.0, 0.0, 0.0, 0.0, 0.0, 0.0, 0.0, 0.9701014135432448, 0.0, 0.0, 0.0, 0.0, 0.0, 0.0, 0.0, 0.0, 0.0, 0.0, 0.0, 0.0, 0.0, 0.0, 0.0], [0.0, 0.0, 0.10547883142921236, 0.0, 1.4388624755637511, 0.0, 1.4113442649166483, 0.0, 0.0, 0.0, 0.0, 0.0, 0.0, 0.0, 0.0, 0.0, 0.0, 0.0, 0.0, 0.0, 0.0, 0.0, 0.0, 0.0, 0.0, 0.0, 0.9680701252488553, 0.0, 0.0, 0.0, 0.0, 0.0, 0.0, 0.0, 0.0, 0.0, 0.0, 0.0, 0.0, 0.0, 0.0], [0.0, 0.0, 0.0, 0.10582805477964141, 0.0, 1.4113442649166483, 0.0, 1.0296199996710655, 1.365230058698268, 0.0, 0.0, 0.0, 0.0, 0.0, 0.0, 0.0, 0.0, 0.0, 0.0, 0.0, 0.0, 0.0, 0.0, 0.0, 0.0, 0.0, 0.0, 0.0, 0.0, 0.0, 0.0, 0.0, 0.0, 0.0, 0.0, 0.0, 0.0, 0.0, 0.0, 0.0, 0.0], [0.0, 0.0, 0.0, 0.0, 0.0, 0.0, 1.0296199996710655, 0.0, 0.0, 0.0, 0.0, 0.0, 0.0, 0.0, 0.0, 0.0, 0.0, 0.0, 0.0, 0.0, 0.0, 0.0, 0.0, 0.0, 0.0, 0.0, 0.0, 0.9831346519233053, 0.9622270621626335, 0.9721689792878807, 0.0, 0.0, 0.0, 0.0, 0.0, 0.0, 0.0, 0.0, 0.0, 0.0, 0.0], [0.0, 0.0, 1.3734522319583218, 0.0, 0.0, 0.0, 1.365230058698268, 0.0, 0.0, 1.0000284468193477, 0.0, 0.0, 0.0, 0.0, 0.0, 0.0, 0.0, 0.0, 0.0, 0.0, 0.0, 0.0, 0.0, 0.0, 0.0, 0.0, 0.0, 0.0, 0.0, 0.0, 0.0, 0.0, 0.0, 0.0, 0.0, 0.0, 0.0, 0.0, 0.0, 0.0, 0.0], [0.0, 0.0, 0.0, 0.0, 0.0, 0.0, 0.0, 0.0, 1.0000284468193477, 0.0, 0.9540284976217458, 0.0, 0.0, 0.0, 0.0, 1.2044622598634513, 0.1892358963087575, 0.0, 0.0, 0.0, 0.0, 0.0, 0.0, 0.0, 0.0, 0.0, 0.0, 0.0, 0.0, 0.0, 0.0, 0.0, 0.0, 0.0, 0.0, 0.0, 0.0, 0.0, 0.0, 0.0, 0.0], [0.0, 0.0, 0.0, 0.0, 0.0, 0.0, 0.0, 0.0, 0.0, 0.9540284976217458, 0.0, 0.9998491727210854, 0.9859593682521575, 0.0, 0.0, 0.0, 0.0, 0.0, 0.0, 0.0, 0.0, 0.0, 0.0, 0.0, 0.0, 0.0, 0.0, 0.0, 0.0, 0.0, 0.9615762107125261, 0.0, 0.0, 0.0, 0.0, 0.0, 0.0, 0.0, 0.0, 0.0, 0.0], [0.0, 0.0, 0.0, 0.0, 0.0, 0.0, 0.0, 0.0, 0.0, 0.0, 0.9998491727210854, 0.0, 0.0, 0.0, 0.0, 0.0, 0.0, 0.0, 0.0, 0.0, 0.0, 0.0, 0.0, 0.0, 0.0, 0.0, 0.0, 0.0, 0.0, 0.0, 0.0, 0.9826652684135075, 0.9815494732429633, 0.9831941988451414, 0.0, 0.0, 0.0, 0.0, 0.0, 0.0, 0.0], [0.0, 0.0, 0.0, 0.0, 0.0, 0.0, 0.0, 0.0, 0.0, 0.0, 0.9859593682521575, 0.0, 0.0, 0.9790648516282577, 0.0, 0.0, 0.0, 0.0, 0.0, 0.0, 0.0, 0.0, 0.0, 0.0, 0.0, 0.0, 0.0, 0.0, 0.0, 0.0, 0.0, 0.0, 0.0, 0.0, 0.9663937125739577, 0.9649011823460774, 0.0, 0.0, 0.0, 0.0, 0.0], [0.0, 0.0, 0.0, 0.0, 0.0, 0.0, 0.0, 0.0, 0.0, 0.0, 0.0, 0.0, 0.9790648516282577, 0.0, 0.9931112734452475, 0.0, 0.0, 0.0, 0.0, 0.0, 0.0, 0.0, 0.0, 0.0, 0.0, 0.0, 0.0, 0.0, 0.0, 0.0, 0.0, 0.0, 0.0, 0.0, 0.0, 0.0, 0.0, 0.0, 0.0, 0.0, 0.0], [0.0, 0.0, 0.0, 0.0, 0.0, 0.0, 0.0, 0.0, 0.0, 0.0, 0.0, 0.0, 0.0, 0.9931112734452475, 0.0, 0.0, 0.0, 0.0, 0.0, 0.0, 0.0, 0.0, 0.0, 0.0, 0.0, 0.0, 0.0, 0.0, 0.0, 0.0, 0.0, 0.0, 0.0, 0.0, 0.0, 0.0, 0.9803929477910309, 0.9781396202099926, 0.978987771123508, 0.0, 0.0], [0.0, 0.0, 0.0, 0.0, 0.0, 0.0, 0.0, 0.0, 0.0, 1.2044622598634513, 0.0, 0.0, 0.0, 0.0, 0.0, 0.0, 1.7009920373037744, 0.9682733358228326, 0.0, 0.0, 0.0, 0.0, 0.0, 0.0, 0.0, 0.0, 0.0, 0.0, 0.0, 0.0, 0.0, 0.0, 0.0, 0.0, 0.0, 0.0, 0.0, 0.0, 0.0, 0.0, 0.0], [0.0, 0.0, 0.0, 0.0, 0.0, 0.0, 0.0, 0.0, 0.0, 0.1892358963087575, 0.0, 0.0, 0.0, 0.0, 0.0, 1.7009920373037744, 0.0, 0.0, 0.0, 0.0, 0.0, 0.0, 0.0, 0.0, 0.0, 0.0, 0.0, 0.0, 0.0, 0.0, 0.0, 0.0, 0.0, 0.0, 0.0, 0.0, 0.0, 0.0, 0.0, 0.0, 0.0], [0.0, 0.0, 0.0, 0.0, 0.0, 0.0, 0.0, 0.0, 0.0, 0.0, 0.0, 0.0, 0.0, 0.0, 0.0, 0.9682733358228326, 0.0, 0.0, 0.9637491334079062, 0.0, 0.0, 0.0, 0.0, 0.0, 0.0, 0.0, 0.0, 0.0, 0.0, 0.0, 0.0, 0.0, 0.0, 0.0, 0.0, 0.0, 0.0, 0.0, 0.0, 0.9729677622169137, 0.9597467960010553], [0.0, 0.0, 0.0, 0.0, 0.0, 0.0, 0.0, 0.0, 0.0, 0.0, 0.0, 0.0, 0.0, 0.0, 0.0, 0.0, 0.0, 0.9637491334079062, 0.0, 0.0, 0.0, 0.0, 0.0, 0.0, 0.0, 0.0, 0.0, 0.0, 0.0, 0.0, 0.0, 0.0, 0.0, 0.0, 0.0, 0.0, 0.0, 0.0, 0.0, 0.0, 0.0], [0.9860123595039358, 0.0, 0.0, 0.0, 0.0, 0.0, 0.0, 0.0, 0.0, 0.0, 0.0, 0.0, 0.0, 0.0, 0.0, 0.0, 0.0, 0.0, 0.0, 0.0, 0.0, 0.0, 0.0, 0.0, 0.0, 0.0, 0.0, 0.0, 0.0, 0.0, 0.0, 0.0, 0.0, 0.0, 0.0, 0.0, 0.0, 0.0, 0.0, 0.0, 0.0], [0.9856669012744008, 0.0, 0.0, 0.0, 0.0, 0.0, 0.0, 0.0, 0.0, 0.0, 0.0, 0.0, 0.0, 0.0, 0.0, 0.0, 0.0, 0.0, 0.0, 0.0, 0.0, 0.0, 0.0, 0.0, 0.0, 0.0, 0.0, 0.0, 0.0, 0.0, 0.0, 0.0, 0.0, 0.0, 0.0, 0.0, 0.0, 0.0, 0.0, 0.0, 0.0], [0.9855258736453564, 0.0, 0.0, 0.0, 0.0, 0.0, 0.0, 0.0, 0.0, 0.0, 0.0, 0.0, 0.0, 0.0, 0.0, 0.0, 0.0, 0.0, 0.0, 0.0, 0.0, 0.0, 0.0, 0.0, 0.0, 0.0, 0.0, 0.0, 0.0, 0.0, 0.0, 0.0, 0.0, 0.0, 0.0, 0.0, 0.0, 0.0, 0.0, 0.0, 0.0], [0.0, 0.9721761676632356, 0.0, 0.0, 0.0, 0.0, 0.0, 0.0, 0.0, 0.0, 0.0, 0.0, 0.0, 0.0, 0.0, 0.0, 0.0, 0.0, 0.0, 0.0, 0.0, 0.0, 0.0, 0.0, 0.0, 0.0, 0.0, 0.0, 0.0, 0.0, 0.0, 0.0, 0.0, 0.0, 0.0, 0.0, 0.0, 0.0, 0.0, 0.0, 0.0], [0.0, 0.9625217168931506, 0.0, 0.0, 0.0, 0.0, 0.0, 0.0, 0.0, 0.0, 0.0, 0.0, 0.0, 0.0, 0.0, 0.0, 0.0, 0.0, 0.0, 0.0, 0.0, 0.0, 0.0, 0.0, 0.0, 0.0, 0.0, 0.0, 0.0, 0.0, 0.0, 0.0, 0.0, 0.0, 0.0, 0.0, 0.0, 0.0, 0.0, 0.0, 0.0], [0.0, 0.0, 0.0, 0.9673075799755014, 0.0, 0.0, 0.0, 0.0, 0.0, 0.0, 0.0, 0.0, 0.0, 0.0, 0.0, 0.0, 0.0, 0.0, 0.0, 0.0, 0.0, 0.0, 0.0, 0.0, 0.0, 0.0, 0.0, 0.0, 0.0, 0.0, 0.0, 0.0, 0.0, 0.0, 0.0, 0.0, 0.0, 0.0, 0.0, 0.0, 0.0], [0.0, 0.0, 0.0, 0.0, 0.9701014135432448, 0.0, 0.0, 0.0, 0.0, 0.0, 0.0, 0.0, 0.0, 0.0, 0.0, 0.0, 0.0, 0.0, 0.0, 0.0, 0.0, 0.0, 0.0, 0.0, 0.0, 0.0, 0.0, 0.0, 0.0, 0.0, 0.0, 0.0, 0.0, 0.0, 0.0, 0.0, 0.0, 0.0, 0.0, 0.0, 0.0], [0.0, 0.0, 0.0, 0.0, 0.0, 0.9680701252488553, 0.0, 0.0, 0.0, 0.0, 0.0, 0.0, 0.0, 0.0, 0.0, 0.0, 0.0, 0.0, 0.0, 0.0, 0.0, 0.0, 0.0, 0.0, 0.0, 0.0, 0.0, 0.0, 0.0, 0.0, 0.0, 0.0, 0.0, 0.0, 0.0, 0.0, 0.0, 0.0, 0.0, 0.0, 0.0], [0.0, 0.0, 0.0, 0.0, 0.0, 0.0, 0.0, 0.9831346519233053, 0.0, 0.0, 0.0, 0.0, 0.0, 0.0, 0.0, 0.0, 0.0, 0.0, 0.0, 0.0, 0.0, 0.0, 0.0, 0.0, 0.0, 0.0, 0.0, 0.0, 0.0, 0.0, 0.0, 0.0, 0.0, 0.0, 0.0, 0.0, 0.0, 0.0, 0.0, 0.0, 0.0], [0.0, 0.0, 0.0, 0.0, 0.0, 0.0, 0.0, 0.9622270621626335, 0.0, 0.0, 0.0, 0.0, 0.0, 0.0, 0.0, 0.0, 0.0, 0.0, 0.0, 0.0, 0.0, 0.0, 0.0, 0.0, 0.0, 0.0, 0.0, 0.0, 0.0, 0.0, 0.0, 0.0, 0.0, 0.0, 0.0, 0.0, 0.0, 0.0, 0.0, 0.0, 0.0], [0.0, 0.0, 0.0, 0.0, 0.0, 0.0, 0.0, 0.9721689792878807, 0.0, 0.0, 0.0, 0.0, 0.0, 0.0, 0.0, 0.0, 0.0, 0.0, 0.0, 0.0, 0.0, 0.0, 0.0, 0.0, 0.0, 0.0, 0.0, 0.0, 0.0, 0.0, 0.0, 0.0, 0.0, 0.0, 0.0, 0.0, 0.0, 0.0, 0.0, 0.0, 0.0], [0.0, 0.0, 0.0, 0.0, 0.0, 0.0, 0.0, 0.0, 0.0, 0.0, 0.9615762107125261, 0.0, 0.0, 0.0, 0.0, 0.0, 0.0, 0.0, 0.0, 0.0, 0.0, 0.0, 0.0, 0.0, 0.0, 0.0, 0.0, 0.0, 0.0, 0.0, 0.0, 0.0, 0.0, 0.0, 0.0, 0.0, 0.0, 0.0, 0.0, 0.0, 0.0], [0.0, 0.0, 0.0, 0.0, 0.0, 0.0, 0.0, 0.0, 0.0, 0.0, 0.0, 0.9826652684135075, 0.0, 0.0, 0.0, 0.0, 0.0, 0.0, 0.0, 0.0, 0.0, 0.0, 0.0, 0.0, 0.0, 0.0, 0.0, 0.0, 0.0, 0.0, 0.0, 0.0, 0.0, 0.0, 0.0, 0.0, 0.0, 0.0, 0.0, 0.0, 0.0], [0.0, 0.0, 0.0, 0.0, 0.0, 0.0, 0.0, 0.0, 0.0, 0.0, 0.0, 0.9815494732429633, 0.0, 0.0, 0.0, 0.0, 0.0, 0.0, 0.0, 0.0, 0.0, 0.0, 0.0, 0.0, 0.0, 0.0, 0.0, 0.0, 0.0, 0.0, 0.0, 0.0, 0.0, 0.0, 0.0, 0.0, 0.0, 0.0, 0.0, 0.0, 0.0], [0.0, 0.0, 0.0, 0.0, 0.0, 0.0, 0.0, 0.0, 0.0, 0.0, 0.0, 0.9831941988451414, 0.0, 0.0, 0.0, 0.0, 0.0, 0.0, 0.0, 0.0, 0.0, 0.0, 0.0, 0.0, 0.0, 0.0, 0.0, 0.0, 0.0, 0.0, 0.0, 0.0, 0.0, 0.0, 0.0, 0.0, 0.0, 0.0, 0.0, 0.0, 0.0], [0.0, 0.0, 0.0, 0.0, 0.0, 0.0, 0.0, 0.0, 0.0, 0.0, 0.0, 0.0, 0.9663937125739577, 0.0, 0.0, 0.0, 0.0, 0.0, 0.0, 0.0, 0.0, 0.0, 0.0, 0.0, 0.0, 0.0, 0.0, 0.0, 0.0, 0.0, 0.0, 0.0, 0.0, 0.0, 0.0, 0.0, 0.0, 0.0, 0.0, 0.0, 0.0], [0.0, 0.0, 0.0, 0.0, 0.0, 0.0, 0.0, 0.0, 0.0, 0.0, 0.0, 0.0, 0.9649011823460774, 0.0, 0.0, 0.0, 0.0, 0.0, 0.0, 0.0, 0.0, 0.0, 0.0, 0.0, 0.0, 0.0, 0.0, 0.0, 0.0, 0.0, 0.0, 0.0, 0.0, 0.0, 0.0, 0.0, 0.0, 0.0, 0.0, 0.0, 0.0], [0.0, 0.0, 0.0, 0.0, 0.0, 0.0, 0.0, 0.0, 0.0, 0.0, 0.0, 0.0, 0.0, 0.0, 0.9803929477910309, 0.0, 0.0, 0.0, 0.0, 0.0, 0.0, 0.0, 0.0, 0.0, 0.0, 0.0, 0.0, 0.0, 0.0, 0.0, 0.0, 0.0, 0.0, 0.0, 0.0, 0.0, 0.0, 0.0, 0.0, 0.0, 0.0], [0.0, 0.0, 0.0, 0.0, 0.0, 0.0, 0.0, 0.0, 0.0, 0.0, 0.0, 0.0, 0.0, 0.0, 0.9781396202099926, 0.0, 0.0, 0.0, 0.0, 0.0, 0.0, 0.0, 0.0, 0.0, 0.0, 0.0, 0.0, 0.0, 0.0, 0.0, 0.0, 0.0, 0.0, 0.0, 0.0, 0.0, 0.0, 0.0, 0.0, 0.0, 0.0], [0.0, 0.0, 0.0, 0.0, 0.0, 0.0, 0.0, 0.0, 0.0, 0.0, 0.0, 0.0, 0.0, 0.0, 0.978987771123508, 0.0, 0.0, 0.0, 0.0, 0.0, 0.0, 0.0, 0.0, 0.0, 0.0, 0.0, 0.0, 0.0, 0.0, 0.0, 0.0, 0.0, 0.0, 0.0, 0.0, 0.0, 0.0, 0.0, 0.0, 0.0, 0.0], [0.0, 0.0, 0.0, 0.0, 0.0, 0.0, 0.0, 0.0, 0.0, 0.0, 0.0, 0.0, 0.0, 0.0, 0.0, 0.0, 0.0, 0.9729677622169137, 0.0, 0.0, 0.0, 0.0, 0.0, 0.0, 0.0, 0.0, 0.0, 0.0, 0.0, 0.0, 0.0, 0.0, 0.0, 0.0, 0.0, 0.0, 0.0, 0.0, 0.0, 0.0, 0.0], [0.0, 0.0, 0.0, 0.0, 0.0, 0.0, 0.0, 0.0, 0.0, 0.0, 0.0, 0.0, 0.0, 0.0, 0.0, 0.0, 0.0, 0.9597467960010553, 0.0, 0.0, 0.0, 0.0, 0.0, 0.0, 0.0, 0.0, 0.0, 0.0, 0.0, 0.0, 0.0, 0.0, 0.0, 0.0, 0.0, 0.0, 0.0, 0.0, 0.0, 0.0, 0.0]], "Born radii": [], "Atomic SASAs": [], "Solvent H bonds": [], "Total SASA": NaN, "Total FOD": 0.0, "FOD": [0.0, 0.0, 0.0, 0.0, 0.0, 0.0, 0.0, 0.0, 0.0, 0.0, 0.0, 0.0, 0.0, 0.0, 0.0, 0.0, 0.0, 0.0, 0.0, 0.0, 0.0, 0.0, 0.0, 0.0, 0.0, 0.0, 0.0, 0.0, 0.0, 0.0, 0.0, 0.0, 0.0, 0.0, 0.0, 0.0, 0.0, 0.0, 0.0, 0.0, 0.0], "FOD s proportion": [0.0, 0.0, 0.0, 0.0, 0.0, 0.0, 0.0, 0.0, 0.0, 0.0, 0.0, 0.0, 0.0, 0.0, 0.0, 0.0, 0.0, 0.0, 0.0, 0.0, 0.0, 0.0, 0.0, 0.0, 0.0, 0.0, 0.0, 0.0, 0.0, 0.0, 0.0, 0.0, 0.0, 0.0, 0.0, 0.0, 0.0, 0.0, 0.0, 0.0, 0.0], "FOD p proportion": [0.0, 0.0, 0.0, 0.0, 0.0, 0.0, 0.0, 0.0, 0.0, 0.0, 0.0, 0.0, 0.0, 0.0, 0.0, 0.0, 0.0, 0.0, 0.0, 0.0, 0.0, 0.0, 0.0, 0.0, 0.0, 0.0, 0.0, 0.0, 0.0, 0.0, 0.0, 0.0, 0.0, 0.0, 0.0, 0.0, 0.0, 0.0, 0.0, 0.0, 0.0], "FOD d proportion": [0.0, 0.0, 0.0, 0.0, 0.0, 0.0, 0.0, 0.0, 0.0, 0.0, 0.0, 0.0, 0.0, 0.0, 0.0, 0.0, 0.0, 0.0, 0.0, 0.0, 0.0, 0.0, 0.0, 0.0, 0.0, 0.0, 0.0, 0.0, 0.0, 0.0, 0.0, 0.0, 0.0, 0.0, 0.0, 0.0, 0.0, 0.0, 0.0, 0.0, 0.0], "coordinates": [["-2.01810", "3.32580", "0.32390"], ["-1.26130", "2.25670", "1.10710"], ["-1.73450", "0.84390", "0.81990"], ["-3.09300", "0.55700", "1.05530"], ["-3.62560", "-0.69840", "0.78120"], ["-2.80540", "-1.70400", "0.28600"], ["-1.43700", "-1.47500", "0.07520"], ["-0.59560", "-2.63160", "-0.39430"], ["-0.89630", "-0.19180", "0.33210"], ["0.50580", "0.01960", "0.13630"], ["0.95740", "0.21060", "-1.27160"], ["1.00750", "1.68900", "-1.66860"], ["2.32060", "-0.45620", "-1.58460"], ["2.24090", "-1.87120", "-1.38930"], ["3.51140", "-2.49120", "-1.53770"], ["1.35120", "0.33780", "1.20870"], ["2.42210", "0.92790", "1.04580"], ["0.87200", "-0.08830", "2.59530"], ["2.25900", "-0.51840", "3.62780"], ["-1.57040", "4.30860", "0.50380"], ["-3.06880", "3.38440", "0.62460"], ["-1.98770", "3.12870", "-0.75240"], ["-0.19960", "2.38040", "0.88480"], ["-1.37030", "2.44620", "2.18220"], ["-3.75690", "1.32320", "1.45160"], ["-4.68050", "-0.89330", "0.95750"], ["-3.23690", "-2.68250", "0.08390"], ["-1.12250", "-3.58390", "-0.26660"], ["-0.35960", "-2.52500", "-1.45630"], ["0.32260", "-2.70580", "0.19580"], ["0.21510", "-0.27590", "-1.91740"], ["1.32470", "1.80040", "-2.71110"], ["0.02020", "2.14920", "-1.58040"], ["1.70110", "2.26000", "-1.04410"], ["2.57570", "-0.27680", "-2.63660"], ["3.12970", "-0.04260", "-0.97590"], ["3.38550", "-3.56880", "-1.40350"], ["4.20720", "-2.12430", "-0.77700"], ["3.91370", "-2.30730", "-2.53850"], ["0.23650", "-0.97440", "2.55430"], ["0.34020", "0.73740", "3.07270"]], "bond_dist": [[0.0, 1.52614654931956, 2.5468161633694724, 3.0588575334591837, 4.357449389264321, 5.091185101722387, 4.842231875901856, 6.166841351129442, 3.6921555005172793, 4.163679071446309, 4.593875438015271, 3.9753522925647733, 6.063844814966821, 6.934186631465871, 8.238835707185816, 4.5894659308028425, 5.0976896786681705, 5.0167733434948, 6.632285673883477, 1.0948493686347909, 1.0944518902171991, 1.0946206009389738, 2.124931109471552, 2.155601978566544, 2.8819332903452155, 5.028978776053842, 6.135368149508227, 6.992477651018986, 6.336528618257791, 6.471127000762696, 4.794043264302065, 4.765750937680231, 3.027443300872867, 4.103632814957986, 6.545707406384738, 6.287721641421478, 8.928511235362814, 8.346851556724847, 8.666683368509547, 5.343184945329892, 4.451662036812768], [1.52614654931956, 0.0, 1.5173680898186832, 2.4993575614545427, 3.7985183045498148, 4.329618286870103, 3.875728704385796, 5.15682415251868, 2.5940320449061534, 3.0115961648268845, 3.842833406485376, 3.6296345849134735, 5.237850982034521, 5.9612898109385695, 7.232992931007192, 3.2430935879187945, 3.9162357806955392, 3.5021041003945044, 5.142725015981314, 2.160973694888487, 2.1843923159542564, 2.1784813999664996, 1.0917535756753904, 1.0971012988780937, 2.6866562601121857, 4.651430833625284, 5.417160717571521, 6.001576916944413, 5.499885211529419, 5.28825237200344, 4.212056501282954, 4.634032469674765, 2.9793379717648687, 3.661077176187358, 5.929290087354471, 5.376481236831391, 7.863352519758986, 7.255858740355962, 7.80391698828223, 3.8441904076151068, 2.955783838510523], [2.5468161633694724, 1.5173680898186832, 0.0, 1.4082780336283032, 2.4405831659666917, 2.8149014956122356, 2.453646582130361, 3.8536314172478927, 1.4188736976912355, 2.483087501478754, 3.46724195146517, 3.7980771793106047, 4.890369747779814, 5.296804490445158, 6.648355930604197, 3.151007321476737, 4.163581435495168, 3.288599131849305, 5.068353376590863, 3.482957666983623, 2.8762195378656337, 2.785058090956093, 2.1727775472882627, 2.1344479895279713, 2.1722972034231414, 3.4228224610692277, 3.9031267875896627, 4.600047726926319, 4.291960351634204, 4.149883288720299, 3.542273774004488, 4.768810951379809, 3.247186516047392, 4.157304724217362, 5.637480357393718, 5.260344240636728, 7.1154640642757805, 6.831112628261959, 7.287734575298417, 3.193618519798506, 3.0644461457170364], [3.0588575334591837, 2.4993575614545427, 1.4082780336283032, 0.0, 1.3909790544792542, 2.4055471830749857, 2.798563204574805, 4.301803909989389, 2.430886786750876, 3.7529616571449274, 4.684036371549649, 5.051252860429777, 6.107594551867372, 6.3500168196627635, 7.722258193041722, 4.4522459321111185, 5.527565926336836, 4.302236289419724, 6.034744850447283, 4.086192062299569, 2.8601186846003435, 3.332132690935341, 3.4242694651560353, 2.794042866528715, 1.0885216304695098, 2.152461655872179, 3.3850680081794513, 4.772561437006338, 4.824762597268387, 4.801138141107793, 4.524841799444484, 5.936992993932198, 4.378816000929932, 5.503733657254864, 6.816121165296286, 6.57322515132412, 8.064668953528098, 7.989969525598956, 8.379347099864047, 3.9595147695140627, 3.9861396312723416], [4.357449389264321, 3.7985183045498148, 2.4405831659666917, 1.3909790544792542, 0.0, 1.3889501214946487, 2.427244017399157, 3.781529120607165, 2.8120122439278243, 4.242627248533625, 5.10334770910233, 5.759063674765196, 6.4041365475761065, 6.364145845280418, 7.715451901865503, 5.101470859467884, 6.268136895441899, 4.8879020632578145, 6.539422659531956, 5.419487687964611, 4.123567101430507, 4.4363656048617095, 4.607300554554695, 4.115542278971266, 2.1339030929261993, 1.0871438313305193, 2.138683658234663, 3.9609979424382433, 4.360003418576642, 4.467732216684433, 4.71295286418186, 6.553291601935626, 5.194019441627072, 6.3606276058263305, 7.093322570558877, 7.010816795495373, 7.884645423860226, 8.112578744764209, 8.393450529430671, 4.258623723692902, 4.8000066177037715], [5.091185101722387, 4.329618286870103, 2.8149014956122356, 2.4055471830749857, 1.3889501214946487, 0.0, 1.4033517734338743, 2.491277963214864, 2.4358852312865644, 3.7359406432650935, 4.500052750801928, 5.465447517815901, 5.5975016927197085, 5.319749018515817, 6.621746580019505, 4.722038340589792, 5.901775148207529, 4.633208795208781, 6.182347609120665, 6.141988326266992, 5.106451221739027, 5.010179352079125, 4.881708557462233, 4.783225532002437, 3.3805199969827124, 2.150382931014846, 1.0883468702578236, 2.5829330575916987, 3.1131315311113985, 3.285745467926571, 4.002232054741453, 6.1904082078648095, 5.129777242727018, 6.14743883743466, 6.287664734223669, 6.291109089818742, 6.682748843103413, 7.10515164159077, 7.313554262463635, 3.8640207892815486, 4.86013685095389], [4.842231875901856, 3.875728704385796, 2.453646582130361, 2.798563204574805, 2.427244017399157, 1.4033517734338743, 0.0, 1.5053596812722203, 1.4159648088847407, 2.451944985108761, 3.223083765588478, 4.362031028087719, 4.232309917763585, 3.9785277553386504, 5.302902168624271, 3.513563053369044, 4.648510038711328, 3.6885392637194467, 5.215023137053181, 5.800993232197397, 5.1554223842474824, 4.709803174231382, 4.12925175788544, 4.451932988040139, 3.8866870481169435, 3.4113223872861975, 2.1674344165395176, 2.1594436088955877, 2.146807632276353, 2.1507220090006984, 2.8526706749991315, 5.110645726324611, 4.242554518211875, 5.005070339166075, 4.989118536374938, 4.900135698121022, 5.461415419101535, 5.744982939052126, 6.01283140209336, 3.0326785883109997, 4.127730593195249], [6.166841351129442, 5.15682415251868, 3.8536314172478927, 4.301803909989389, 3.781529120607165, 2.491277963214864, 1.5053596812722203, 0.0, 2.563337958600075, 2.9194999160815196, 3.3555275486873892, 4.781354877019693, 3.8279761872300098, 3.1006395162933726, 4.265504040556052, 3.8957638018750576, 4.883691385622151, 4.190457350934382, 5.365784547482316, 7.0656347690777235, 6.583853844823714, 5.936938108991873, 5.187779564515054, 5.74652635772255, 5.389026585571832, 4.640631222150711, 2.684721911111093, 1.0958130269347959, 1.0931164439344967, 1.0939903518770173, 2.9199983886981857, 5.357027004785397, 4.964080125259865, 5.442868865772902, 4.542040953139899, 4.573733666273103, 4.212598448701229, 4.844656893939963, 5.0036537270278805, 3.4832376045857107, 4.924019865922557], [3.6921555005172793, 2.5940320449061534, 1.4188736976912355, 2.430886786750876, 2.8120122439278243, 2.4358852312865644, 1.4159648088847407, 2.563337958600075, 0.0, 1.4314021133140749, 2.483945075882315, 3.341356546374541, 3.7539435078327967, 3.952926278088171, 5.3114227557218605, 2.469850191813261, 3.574195621395113, 2.8739644013104964, 4.574300398968131, 4.553843635875084, 4.194582093605989, 3.6596467671074486, 2.7215953079030686, 3.2567760147114817, 3.42513322514614, 3.8991533760548585, 3.426893358422465, 3.451948803212469, 2.9883513330932154, 2.797229146852292, 2.5104846185547522, 4.261779919235623, 3.1587829143516655, 3.827758670553827, 4.5689373698924785, 4.2357762736008615, 5.722783204001353, 5.568695656076026, 5.987635978414185, 2.6141674468174374, 3.146940299719714], [4.163679071446309, 3.0115961648268845, 2.483087501478754, 3.7529616571449274, 4.242627248533625, 3.7359406432650935, 2.451944985108761, 2.9194999160815196, 1.4314021133140749, 0.0, 1.4908406923611928, 2.509235592765255, 2.5458557480737203, 2.9854902461739847, 4.259110705299875, 1.4021391371757654, 2.307467189365864, 2.4884585288889185, 3.943821305536041, 4.779245096246896, 4.933364074341159, 4.083360472698926, 2.575115152765018, 3.6869832627773076, 4.647579836861331, 5.329677620644611, 4.616480635722412, 3.9747832079246788, 3.1241448557965423, 2.732198318204592, 2.095115851212052, 3.4568095999056703, 2.778140099059081, 2.800263989341005, 3.472940163607775, 2.8505629075675563, 4.8518316840137805, 4.373875405175599, 4.917601148934305, 2.6281709400265427, 3.0273924687757288], [4.593875438015271, 3.842833406485376, 3.46724195146517, 4.684036371549649, 5.10334770910233, 4.500052750801928, 3.223083765588478, 3.3555275486873892, 2.483945075882315, 1.4908406923611928, 0.0, 1.5315957593307707, 1.5494855533369778, 2.448492756779158, 3.7273916416175, 2.5145867195227134, 2.8337621883284423, 3.879374947075882, 5.121496257930879, 5.131804945630728, 5.466156540019687, 4.178335824224759, 3.270587409013861, 4.727031742013164, 5.556826566485587, 6.162255952976961, 5.2725288382331295, 4.442323632965072, 3.0417282012040454, 3.3259017965057236, 1.0976106686799285, 2.175898338617868, 2.175286473088085, 2.19200508667293, 2.172482140317844, 2.206906436621181, 4.494099640639935, 4.032069841905024, 4.084674492539154, 4.069574009647693, 4.419433964887359], [3.9753522925647733, 3.6296345849134735, 3.7980771793106047, 5.051252860429777, 5.759063674765196, 5.465447517815901, 4.362031028087719, 4.781354877019693, 3.341356546374541, 2.509235592765255, 1.5315957593307707, 0.0, 2.5165791563151756, 3.7781355309199802, 4.8744971084205195, 3.197299863947703, 3.154097926507673, 4.621471491851919, 5.872880040491207, 4.269331836482144, 4.974873776288199, 3.4472280995025555, 2.907744130765291, 4.588675769761903, 5.706922554231834, 6.776283531553267, 6.340047307394481, 5.857130561119497, 4.43529364304101, 4.822794045986206, 2.1332208535451738, 1.0953684539916237, 1.0928515772967526, 1.094130801138511, 2.6945583831121565, 2.825244182367252, 5.776644601323505, 5.057102682366653, 5.017283940539942, 5.051833822484663, 4.881675689760638], [6.063844814966821, 5.237850982034521, 4.890369747779814, 6.107594551867372, 6.4041365475761065, 5.5975016927197085, 4.232309917763585, 3.8279761872300098, 3.7539435078327967, 2.5458557480737203, 1.5494855533369778, 2.5165791563151756, 0.0, 1.4306359355195857, 2.3582682735431097, 3.0614861178845807, 2.9740610652775774, 4.439071567343784, 5.213135060594537, 6.49650787731378, 6.976847809720375, 5.666172759455892, 4.527211499366912, 6.019588923672447, 7.022875554215667, 7.46114803699806, 6.2149907634686, 4.834725317947236, 3.3881951493383613, 3.4960732715433758, 2.139250845506436, 2.7116531157211097, 3.4756246862974143, 2.8378976267652782, 1.0972531020689802, 1.0937200098745565, 3.2947060536563804, 2.6446237785363724, 2.6219199129645436, 4.6628850790042, 5.199721955066444], [6.934186631465871, 5.9612898109385695, 5.296804490445158, 6.3500168196627635, 6.364145845280418, 5.319749018515817, 3.9785277553386504, 3.1006395162933726, 3.952926278088171, 2.9854902461739847, 2.448492756779158, 3.7781355309199802, 1.4306359355195857, 0.0, 1.421475574886885, 3.5243227845928073, 3.7144994629155623, 4.574894182382801, 5.196314834572671, 7.503316822579199, 7.737573176390643, 6.579186847931894, 5.404042340692752, 6.666057339237339, 7.365358715636327, 7.37357014003393, 5.730167429491044, 3.93779838742412, 2.6822646569643345, 2.6246855164000125, 2.632059524402896, 4.008394222129355, 4.5969167775803825, 4.18059332152746, 2.0518186298988517, 2.0747633503607106, 2.0474756555329297, 2.074923273280244, 2.0758380693108025, 4.513740196333856, 5.506986331016266], [8.238835707185816, 7.232992931007192, 6.648355930604197, 7.722258193041722, 7.715451901865503, 6.621746580019505, 5.302902168624271, 4.265504040556052, 5.3114227557218605, 4.259110705299875, 3.7273916416175, 4.8744971084205195, 2.3582682735431097, 1.421475574886885, 0.0, 4.495822282964486, 4.421684243588635, 5.46095685480118, 5.669465217284607, 8.730961775772473, 9.082799606398899, 7.901903119502289, 6.585781184491328, 7.87696449528624, 8.735773963421902, 8.711287680934433, 6.943035009273682, 4.927749761300792, 3.8720032799572883, 3.6358659009924996, 3.9896515975708957, 4.95745448894894, 5.807203534404489, 5.108299960848032, 2.6432334478815904, 2.5410541296871263, 1.093198156785859, 1.0942658452131275, 1.0941961158768567, 5.456199799310872, 6.460352587901066], [4.5894659308028425, 3.2430935879187945, 3.151007321476737, 4.4522459321111185, 5.101470859467884, 4.722038340589792, 3.513563053369044, 3.8957638018750576, 2.469850191813261, 1.4021391371757654, 2.5145867195227134, 3.197299863947703, 3.0614861178845807, 3.5243227845928073, 4.495822282964486, 0.0, 1.233523907348374, 1.5276954572165224, 2.7219889952018543, 4.97994811318351, 5.399939293177285, 4.773184390949086, 2.5849771004788415, 3.5776549665947384, 5.207945773527217, 6.161177934453768, 5.606964307002498, 4.865740711340875, 4.269038004047282, 3.368602875080409, 3.3822850426893356, 4.183865802102166, 3.582151555978614, 2.9820111820715898, 4.082090824565275, 2.842576924200997, 5.120887509992775, 4.26165189803203, 5.253995441566352, 2.185192048768254, 2.1578454902981354], [5.0976896786681705, 3.9162357806955392, 4.163581435495168, 5.527565926336836, 6.268136895441899, 5.901775148207529, 4.648510038711328, 4.883691385622151, 3.574195621395113, 2.307467189365864, 2.8337621883284423, 3.154097926507673, 2.9740610652775774, 3.7144994629155623, 4.421684243588635, 1.233523907348374, 0.0, 2.4158689327030967, 2.9639685052307825, 5.25955822669547, 6.030073341179193, 5.246272955155879, 3.0014976495076584, 4.240157734094335, 6.204915529642608, 7.332904819374107, 6.781188743133463, 5.885823830187241, 5.091255023076333, 4.281842587017883, 3.885941028888627, 4.009967658223692, 3.7626617892125247, 2.5810876428358647, 3.87749465634706, 2.351560949667263, 5.2103282948390115, 3.978078265947014, 5.053572606582397, 3.266674899649489, 2.9118587654623638], [5.0167733434948, 3.5021041003945044, 3.288599131849305, 4.302236289419724, 4.8879020632578145, 4.633208795208781, 3.6885392637194467, 4.190457350934382, 2.8739644013104964, 2.4884585288889185, 3.879374947075882, 4.621471491851919, 4.439071567343784, 4.574894182382801, 5.46095685480118, 1.5276954572165224, 2.4158689327030967, 0.0, 1.7818000056123022, 5.447239633061869, 5.610098788791513, 5.452895412530851, 3.1888268218892035, 3.4091422894915957, 4.9726348297456955, 5.844713003219234, 5.469923473870544, 4.93839257451248, 4.885673751899527, 3.5931527743751728, 4.564117949834338, 5.6506642034366195, 4.813360570329217, 4.40989252249984, 5.505533902356791, 4.22525350955419, 5.867023431008266, 5.161517444511837, 6.36645916738653, 1.0911986345299374, 1.0920176234841636], [6.632285673883477, 5.142725015981314, 5.068353376590863, 6.034744850447283, 6.539422659531956, 6.182347609120665, 5.215023137053181, 5.365784547482316, 4.574300398968131, 3.943821305536041, 5.121496257930879, 5.872880040491207, 5.213135060594537, 5.196314834572671, 5.669465217284607, 2.7219889952018543, 2.9639685052307825, 1.7818000056123022, 0.0, 6.908227656931986, 7.255102405893386, 7.107879524865345, 4.687409135119314, 4.904123877921519, 6.657205856063038, 7.4449790026567575, 6.888212600522722, 5.999848653091176, 6.060658572300538, 4.506993201681139, 5.9148606492461, 6.814059226334917, 6.265274330785524, 5.464193314662284, 6.277051601667777, 4.709411621423636, 5.990652894301254, 5.077072098168392, 6.630343203032555, 2.3347043710071733, 2.359441266486623], [1.0948493686347909, 2.160973694888487, 3.482957666983623, 4.086192062299569, 5.419487687964611, 6.141988326266992, 5.800993232197397, 7.0656347690777235, 4.553843635875084, 4.779245096246896, 5.131804945630728, 4.269331836482144, 6.49650787731378, 7.503316822579199, 8.730961775772473, 4.97994811318351, 5.25955822669547, 5.447239633061869, 6.908227656931986, 0.0, 1.764636177799832, 1.7732291842849872, 2.39629065015077, 2.515074617183355, 3.819911026450747, 6.077691116698841, 7.199237283907234, 7.9426498613498, 7.211526718386336, 7.27187186080723, 5.483416812535776, 5.000825257894941, 3.396602178648539, 4.158782107781075, 6.933840965150556, 6.573689492210596, 9.500114149840517, 8.740898855952974, 9.115979097716274, 5.948069170747765, 4.796155649058942], [1.0944518902171991, 2.1843923159542564, 2.8762195378656337, 2.8601186846003435, 4.123567101430507, 5.106451221739027, 5.1554223842474824, 6.583853844823714, 4.194582093605989, 4.933364074341159, 5.466156540019687, 4.974873776288199, 6.976847809720375, 7.737573176390643, 9.082799606398899, 5.399939293177285, 6.030073341179193, 5.610098788791513, 7.255102405893386, 1.764636177799832, 0.0, 