{"total energy": -63.32281396, "HOMO-LUMO gap/eV": 2.09695797, "electronic energy": -64.15745741, "dipole": [1.01270565, 2.13224442, -0.04212489], "partial charges": [-0.11174852, 0.12837709, -0.19832344, -0.20242033, 0.12685338, 0.01388253, -0.23305175, 0.11145207, 0.00444063, -0.02249972, -0.0293208, -0.0247726, -0.03673863, 0.09839884, -0.17414634, -0.00389484, -0.03856733, 0.09931135, -0.1600431, -0.03681337, -0.04156032, 0.06581696, -0.04887769, 0.05778401, 0.05228264, 0.0740187, 0.03874794, 0.07403192, 0.06189869, 0.05167563, 0.05306907, 0.0607071, 0.0610978, 0.06562584, 0.06330656], "atomic dipole moments": [[0.03601087, -0.03334275, -0.06633114], [0.09164761, 0.09857627, -0.03890785], [0.22829899, 0.15431398, -0.15369502], [-0.01999631, 0.27925139, 0.14341306], [0.03898395, 0.12126547, 0.04308227], [0.03639844, 0.06515434, 0.10438448], [-0.23834378, 0.14820856, -0.0321845], [0.00391069, 0.08125667, 0.03173977], [-0.05605544, -0.00948262, 0.00755528], [-0.03216669, -0.00018357, 0.02455158], [-0.01550471, 0.00121781, 0.00807007], [-0.01905576, 0.00094084, 0.00337422], [-0.03999343, -0.00763553, -0.02292874], [-0.2103653, 0.02186101, 0.14285647], [-0.0103547, -0.02476836, 0.05826328], [-0.00330544, -0.02088017, -0.00929968], [-0.02498629, 0.0109554, -0.00051481], [0.08880931, 0.22728518, -0.03797464], [0.02850985, 0.05442527, -0.00135094], [0.04207779, -0.00385434, -0.00803234], [0.03060113, -0.01253791, 0.00660063], [-0.04277233, -0.12786664, 0.02501876], [0.01037861, 0.02962074, -0.01096948], [-0.10307213, 0.06741711, -0.04104488], [0.0839259, 0.07736762, 0.0668935], [-0.04565737, -0.0823572, 0.09479665], [-0.02326907, 0.07639312, -0.10249764], [0.00823841, -0.11377362, -0.05640304], [-0.01261428, -0.04866544, -0.14792232], [0.12238533, -0.02514022, -0.08740212], [0.14082297, 0.01784892, 0.05623262], [0.02546108, 0.04062409, 0.14793569], [0.14999284, 0.02663772, -0.0416444], [-0.09537947, 0.12263882, 0.01428872], [-0.15372536, -0.00153396, 0.02744449]], "atomic quadrupole moments": [[-0.04556469, -0.06321974, 0.01558568, -0.08740901, 0.11439218, 0.02997901], [0.11904656, -0.20655546, -0.21490393, 0.13608752, -0.07774496, 0.09585737], [0.07147483, -0.11057525, -0.18819225, 0.07039984, -0.07224078, 0.11671742], [0.01118928, -0.15287219, -0.12416728, 0.10577045, -0.01519822, 0.112978], [0.08034065, -0.19492343, -0.22013269, 0.1328517, -0.03404874, 0.13979205], [0.22515134, 0.10109581, -0.19114728, 0.03772585, 0.04977753, -0.03400405], [-0.00182663, 0.11772739, -0.19925495, -0.08946379, -0.17305552, 0.20108158], [-0.0777667, 0.12850634, -0.24644391, -0.26435188, -0.28604869, 0.3242106], [-0.1219712, 0.04548612, 0.39702147, 0.10410704, -0.16240987, -0.27505027], [-0.23962199, -0.02061589, 0.47477664, -0.00423922, -0.22870972, -0.23515465], [-0.27263285, -0.01193284, 0.46991982, 0.0192992, -0.22317939, -0.19728697], [-0.28397289, -0.02164602, 0.48183426, -0.01000399, -0.21980271, -0.19786137], [-0.24396773, -0.0215088, 0.45709739, -3.36e-06, -0.20253664, -0.21312965], [-0.05709227, -0.09792097, 0.25343867, -0.30496483, -0.13091021, -0.1963464], [0.17417057, -0.06390231, -0.19473845, -0.3178001, 0.04042417, 0.02056788], [-0.2241855, -0.06170732, -0.14976321, 0.16455785, 0.11210149, 0.37394871], [-0.22218855, -0.01037685, -0.2272271, 0.20612241, 0.0593653, 0.44941566], [-0.32505337, 0.23106489, 0.07604912, 0.15239891, -0.05183217, 0.24900424], [-0.15042642, 0.23138183, 0.34100879, -0.03018174, -0.09716001, -0.19058237], [-0.19641919, 0.03803027, -0.27245102, 0.18406403, 0.0463279, 0.46887021], [-0.24824749, 0.03411362, -0.22665516, 0.1563488, 0.03067082, 0.47490265], [-0.29004964, 0.13802391, -0.05355267, 0.16544409, -0.00729784, 0.34360231], [-0.00709885, 0.03222682, 0.04692709, 0.07627583, -0.02021484, -0.03982824], [0.02277795, -0.05355715, -0.00359783, 0.03538932, -0.02496358, -0.01918012], [0.02647981, 0.05591628, -0.00078892, 0.023812, 0.02861432, -0.02569089], [-0.03432455, 0.02497711, 0.02640041, -0.03432681, -0.04491586, 0.00792414], [-0.02201649, -0.0002937, 0.03070682, 0.01677744, -0.0407992, -0.00869034], [-0.01259593, -0.00533428, 0.04470625, 0.00229844, 0.03612985, -0.03211031], [0.0416695, 0.00017292, -0.05786916, 0.00403275, 0.02047478, 0.01619966], [0.03108701, 0.00376586, -0.05882914, 0.00473116, 0.02785122, 0.02774213], [0.02700294, 0.00223442, -0.05865353, -0.00459405, 0.0292998, 0.0316506], [0.03512359, 0.00080945, -0.055476, -0.01062613, 0.02285433, 0.02035241], [0.01941215, -0.00758852, 0.03318072, -0.01942959, -0.00439406, -0.05259287], [0.02241707, 0.00663248, 0.03241322, -0.02275223, -0.00650412, -0.05483029], [0.01137092, 0.01435968, 0.04013204, -0.02372977, -0.01346371, -0.05150296]], "number of molecular orbitals": 114, "number of electrons": 114, "number of unpaired electrons": 0, "orbital energies/eV": [-29.18718513, -29.15509694, -19.22960225, -18.94058362, -18.50653629, -18.47393446, -18.34560051, -17.99458561, -17.84603165, -17.59495221, -17.52925083, -17.4591633, -17.22451738, -16.92891823, -16.7813892, -16.61736564, -16.41037262, -16.24561264, -16.1347503, -15.98380385, -15.72453932, -15.46912919, -15.20635626, -15.1018457, -14.80080818, -14.72325846, -14.62897836, -14.42656563, -14.28727414, -14.25731462, -14.22851234, -14.05581558, -13.98954533, -13.87392664, -13.7716287, -13.64845796, -13.62048985, -13.33072494, -13.24404383, -13.13198067, -13.0770007, -12.85102172, -12.65971517, -12.61123021, -12.4085406, -12.28407353, -12.10748096, -12.00493658, -11.8859369, -11.71930945, -11.58816687, -11.28082058, -11.2242827, -11.11644065, -11.02534823, -10.49022126, -10.12480676, -8.02784879, -7.41086834, -7.16894553, -6.94160426, -6.15336487, -5.78970856, -5.54140954, -4.19097312, -4.13998142, -3.77049663, -3.39866525, -0.65448096, -0.09087331, -0.04884668, 0.07728732, 0.07870645, 0.11978389, 0.12136188, 0.43904284, 0.46497902, 0.65088057, 1.05251127, 1.61093609, 2.21018884, 2.79894503, 2.82552146, 3.06771563, 3.14967169, 3.38192327, 3.61109794, 3.80259872, 3.8745623, 4.13037955, 4.18181423, 4.52936014, 4.71301152, 4.8607655, 5.22630323, 5.42851574, 5.65890715, 7.96895499, 8.56602467, 8.81796479, 9.11017261, 9.5360511, 9.66605661, 9.86181409, 10.81373354, 10.8497886, 11.52946639, 12.84114533, 13.25169222, 13.5967715, 15.44362623, 15.65967889, 16.16882169, 16.28947066], "fractional occupation": [2.0, 2.0, 2.0, 2.0, 2.0, 2.0, 2.0, 2.0, 2.0, 2.0, 2.0, 2.0, 2.0, 2.0, 2.0, 2.0, 2.0, 2.0, 2.0, 2.0, 2.0, 2.0, 2.0, 2.0, 2.0, 2.0, 2.0, 2.0, 2.0, 2.0, 2.0, 2.0, 2.0, 2.0, 2.0, 2.0, 2.0, 2.0, 2.0, 2.0, 2.0, 2.0, 2.0, 2.0, 2.0, 2.0, 2.0, 2.0, 2.0, 2.0, 2.0, 2.0, 2.0, 2.0, 2.0, 2.0, 2.0, 0.0, 0.0, 0.0, 0.0, 0.0, 0.0, 0.0, 0.0, 0.0, 0.0, 0.0, 0.0, 0.0, 0.0, 0.0, 0.0, 0.0, 0.0, 0.0, 0.0, 0.0, 0.0, 0.0, 0.0, 0.0, 0.0, 0.0, 0.0, 0.0, 0.0, 0.0, 0.0, 0.0, 0.0, 0.0, 0.0, 0.0, 0.0, 0.0, 0.0, 0.0, 0.0, 0.0, 0.0, 0.0, 0.0, 0.0, 0.0, 0.0, 0.0, 0.0, 0.0, 0.0, 0.0, 0.0, 0.0, 0.0], "program call": "xtb /home/svss/Project-DBcg-Debug/aqme2_20220329/End-to-End-workflows-final/example-3/QDESCP/mol_249_rdkit_conf_1/mol_249_rdkit_conf_1.xyz --pop --wbo --acc 0.2 --gfn 2 --chrg 0 --uhf 0 --etemp 300 --input /home/svss/Project-DBcg-Debug/aqme2_20220329/End-to-End-workflows-final/example-3/QDESCP/mol_249_rdkit_conf_1/mol_249_rdkit_conf_1_xtb.inp", "method": "GFN2-xTB", "xtb version": "6.3.3 (7355c4f)", "Dipole module/D": 6.001, "Total charge": 0, "Transition dipole module/D": NaN, "HOMO": -10.1248, "LUMO": -8.0278, "HOMO occupancy": 2.0, "LUMO occupancy": 0, "mulliken charges": [-0.0979, 0.24414, -0.24427, -0.24176, 0.23695, 0.08187, -0.33093, 0.18097, -0.02146, -0.01624, -0.03136, -0.01934, -0.04601, 0.1077, -0.11505, -0.03063, -0.04956, 0.10966, -0.10158, -0.04193, -0.04628, 0.12996, -0.19192, 0.04431, 0.0407, 0.05757, 0.03736, 0.04684, 0.0449, 0.03835, 0.03856, 0.04387, 0.04576, 0.04832, 0.04844], "cm5 charges": [-0.23228, 0.38787, -0.34355, -0.34005, 0.39191, 0.05236, -0.51839, 0.2641, -0.02007, -0.06655, -0.08642, -0.07443, -0.0977, 0.10394, -0.11588, -0.02567, -0.09745, 0.10237, -0.10368, -0.09363, -0.09376, 0.18851, -0.41701, 0.09811, 0.09571, 0.11247, 0.10462, 0.11509, 0.1037, 0.09362, 0.0938, 0.10038, 0.10477, 0.10472, 0.10847], "FUKUI+": [0.013, -0.01, -0.043, -0.04, -0.001, 0.019, -0.107, -0.04, -0.013, -0.012, -0.016, -0.029, -0.012, -0.013, -0.044, -0.033, -0.016, -0.019, -0.079, -0.038, -0.015, -0.026, -0.005, -0.021, -0.007, -0.026, -0.033, -0.042, -0.028, -0.043, -0.046, -0.037, -0.038, -0.054, -0.046], "FUKUI-": [0.016, -0.014, -0.101, -0.096, -0.008, 0.015, -0.083, -0.007, -0.004, -0.007, -0.019, -0.014, -0.012, -0.006, -0.079, -0.011, -0.007, -0.012, -0.106, -0.013, -0.009, -0.005, -0.026, -0.035, -0.026, -0.031, -0.048, -0.044, -0.02, -0.035, -0.034, -0.028, -0.027, -0.035, -0.027], "FUKUIrad": [0.014, -0.012, -0.072, -0.068, -0.004, 0.017, -0.095, -0.024, -0.009, -0.01, -0.017, -0.021, -0.012, -0.009, -0.061, -0.022, -0.012, -0.016, -0.093, -0.025, -0.012, -0.015, -0.016, -0.028, -0.017, -0.029, -0.041, -0.043, -0.024, -0.039, -0.04, -0.032, -0.032, -0.045, -0.037], "s proportion": [1.008, 1.019, 1.568, 1.568, 1.021, 1.001, 1.564, 1.062, 1.084, 1.065, 1.061, 1.062, 1.064, 1.081, 1.945, 1.091, 1.066, 1.077, 1.943, 1.063, 1.064, 1.045, 1.447, 0.956, 0.959, 0.942, 0.963, 0.953, 0.955, 0.962, 0.961, 0.956, 0.954, 0.952, 0.952], "p proportion": [3.09, 2.737, 3.676, 3.674, 2.742, 2.917, 3.767, 2.757, 2.937, 2.951, 2.971, 2.957, 2.982, 2.811, 5.18, 2.94, 2.984, 2.813, 5.169, 2.979, 2.983, 2.825, 3.745, 0.0, 0.0, 0.0, 0.0, 0.0, 0.0, 0.0, 0.0, 0.0, 0.0, 0.0, 0.0], "d proportion": [0.0, 0.0, 0.0, 0.0, 0.0, 0.0, 0.0, 0.0, 0.0, 0.0, 0.0, 0.0, 0.0, 0.0, -0.01, 0.0, 0.0, 0.0, -0.011, 0.0, 0.0, 0.0, 0.0, 0.0, 0.0, 0.0, 0.0, 0.0, 0.0, 0.0, 0.0, 0.0, 0.0, 0.0, 0.0], "Fermi-level/eV": -9.0763, "Coordination numbers": [3.752, 3.055, 2.034, 2.026, 3.071, 3.756, 1.834, 2.901, 2.994, 2.916, 2.91, 2.911, 2.957, 2.876, 0.958, 2.965, 2.953, 2.877, 0.968, 2.948, 2.914, 2.899, 2.814, 0.924, 0.924, 0.924, 0.924, 0.924, 0.925, 0.925, 0.925, 0.925, 0.925, 0.925, 0.925], "Dispersion coefficient C6": [22.698, 25.14, 26.045, 26.149, 25.153, 20.394, 26.951, 25.541, 27.914, 28.567, 28.732, 28.622, 28.912, 25.816, 104.618, 28.119, 28.957, 25.797, 104.169, 28.915, 29.032, 26.525, 22.182, 2.225, 2.292, 2.042, 2.466, 2.042, 2.177, 2.299, 2.282, 2.191, 2.186, 2.134, 2.161], "Total dispersion C6": 21341.437593, "Total dispersion C8": 577933.278538, "Polarizability alpha": [6.794, 8.223, 7.57, 7.585, 8.223, 6.439, 7.693, 8.287, 8.667, 8.765, 8.789, 8.773, 8.819, 8.329, 15.648, 8.698, 8.826, 8.326, 15.615, 8.819, 8.836, 8.444, 6.995, 2.333, 2.367, 2.235, 2.456, 2.235, 2.307, 2.371, 2.362, 2.315, 2.312, 2.285, 2.299], "Total polarizability alpha": 231.03894, "Wiberg matrix": [[0.0, 1.0323940953218371, 0.0, 0.0, 0.0, 0.0, 0.0, 0.0, 0.0, 0.0, 0.0, 0.0, 0.0, 0.0, 0.0, 0.0, 0.0, 0.0, 0.0, 0.0, 0.0, 0.0, 0.0, 0.9615666487327568, 0.975279698117552, 0.9743200060762258, 0.0, 0.0, 0.0, 0.0, 0.0, 0.0, 0.0, 0.0, 0.0], [1.0323940953218371, 0.0, 1.590484352425077, 0.0, 0.0, 0.0, 0.0, 0.0, 0.0, 0.0, 0.0, 0.0, 0.0, 0.0, 0.0, 0.0, 0.0, 0.0, 0.0, 0.0, 0.0, 0.0, 1.1544360196735437, 0.0, 0.0, 0.0, 0.0, 0.0, 0.0, 0.0, 0.0, 0.0, 0.0, 0.0, 0.0], [0.0, 1.590484352425077, 0.0, 1.215776716861794, 0.0, 0.0, 0.0, 0.0, 0.0, 0.0, 0.0, 0.0, 0.0, 0.0, 0.0, 0.0, 0.0, 0.0, 0.0, 0.0, 0.0, 0.0, 0.0, 0.0, 0.0, 0.0, 0.0, 0.0, 0.0, 0.0, 0.0, 0.0, 0.0, 0.0, 0.0], [0.0, 0.0, 1.215776716861794, 0.0, 1.5870879396346995, 0.0, 0.0, 0.0, 0.0, 0.0, 0.0, 0.0, 0.0, 0.0, 0.0, 0.0, 0.0, 0.0, 0.0, 0.0, 0.0, 0.0, 0.0, 0.0, 0.0, 0.0, 0.0, 0.0, 0.0, 0.0, 0.0, 0.0, 0.0, 0.0, 0.0], [0.0, 0.0, 0.0, 1.5870879396346995, 0.0, 0.9997817476202462, 0.0, 0.0, 0.0, 0.0, 0.0, 0.0, 0.0, 0.0, 0.0, 0.0, 0.0, 0.0, 0.0, 0.0, 0.0, 0.0, 1.1581711927491083, 0.0, 0.0, 0.0, 0.0, 0.0, 0.0, 0.0, 0.0, 0.0, 0.0, 0.0, 0.0], [0.0, 0.0, 0.0, 0.0, 0.9997817476202462, 0.0, 1.003120985971944, 0.0, 0.0, 0.0, 0.0, 0.0, 0.0, 0.0, 0.0, 0.0, 0.0, 0.0, 0.0, 0.0, 0.0, 0.0, 0.0, 0.0, 0.0, 0.0, 0.9441826123478746, 0.9663580994953587, 0.0, 0.0, 0.0, 0.0, 0.0, 0.0, 0.0], [0.0, 0.0, 0.0, 0.0, 0.0, 1.003120985971944, 0.0, 1.816690547436615, 0.0, 0.0, 0.0, 0.0, 0.0, 0.0, 0.0, 0.0, 0.0, 0.0, 0.0, 0.0, 0.0, 0.0, 0.0, 0.0, 0.0, 0.0, 0.0, 0.0, 0.0, 0.0, 0.0, 0.0, 0.0, 0.0, 0.0], [0.0, 0.0, 0.0, 0.0, 0.0, 0.0, 1.816690547436615, 0.0, 1.0109305343040045, 0.0, 0.0, 0.0, 0.0, 0.0, 0.0, 1.0135266620971524, 0.0, 0.0, 0.0, 0.0, 0.0, 0.0, 0.0, 0.0, 0.0, 0.0, 0.0, 0.0, 0.0, 0.0, 0.0, 0.0, 0.0, 0.0, 0.0], [0.0, 0.0, 0.0, 0.0, 0.0, 0.0, 0.0, 1.0109305343040045, 0.0, 1.3875335968136169, 0.0, 0.10251251799797809, 0.0, 1.3662460179626108, 0.0, 0.0, 0.0, 0.0, 0.0, 0.0, 0.0, 0.0, 0.0, 0.0, 0.0, 0.0, 0.0, 0.0, 0.0, 0.0, 0.0, 0.0, 0.0, 0.0, 0.0], [0.0, 0.0, 0.0, 0.0, 0.0, 0.0, 0.0, 0.0, 1.3875335968136169, 0.0, 1.4451633661546186, 0.0, 0.1095702502549971, 0.0, 0.0, 0.0, 0.0, 0.0, 0.0, 0.0, 0.0, 0.0, 0.0, 0.0, 0.0, 0.0, 0.0, 0.0, 0.9666157684286565, 0.0, 0.0, 0.0, 0.0, 0.0, 0.0], [0.0, 0.0, 0.0, 0.0, 0.0, 0.0, 0.0, 0.0, 0.0, 1.4451633661546186, 0.0, 1.4321817082014865, 0.0, 0.0, 0.0, 0.0, 0.0, 0.0, 0.0, 0.0, 0.0, 0.0, 0.0, 0.0, 0.0, 0.0, 0.0, 0.0, 0.0, 0.9685441441377185, 0.0, 0.0, 0.0, 0.0, 0.0], [0.0, 0.0, 0.0, 0.0, 0.0, 0.0, 0.0, 0.0, 0.10251251799797809, 0.0, 1.4321817082014865, 0.0, 1.439147188777237, 0.0, 0.0, 0.0, 0.0, 0.0, 0.0, 0.0, 0.0, 0.0, 0.0, 0.0, 0.0, 0.0, 0.0, 0.0, 0.0, 0.0, 0.9688589441947748, 0.0, 0.0, 0.0, 0.0], [0.0, 0.0, 0.0, 0.0, 0.0, 0.0, 0.0, 0.0, 0.0, 0.1095702502549971, 0.0, 1.439147188777237, 0.0, 1.4041121344603464, 0.0, 0.0, 0.0, 0.0, 0.0, 0.0, 0.0, 0.0, 0.0, 0.0, 0.0, 0.0, 0.0, 0.0, 0.0, 0.0, 0.0, 0.9669633329439227, 0.0, 0.0, 0.0], [0.0, 0.0, 0.0, 0.0, 0.0, 0.0, 0.0, 0.0, 1.3662460179626108, 0.0, 0.0, 0.0, 1.4041121344603464, 0.0, 0.9765751438046416, 0.0, 0.0, 0.0, 0.0, 0.0, 0.0, 0.0, 0.0, 0.0, 0.0, 0.0, 0.0, 0.0, 0.0, 0.0, 0.0, 0.0, 0.0, 0.0, 0.0], [0.0, 0.0, 0.0, 0.0, 0.0, 0.0, 0.0, 0.0, 0.0, 0.0, 0.0, 0.0, 0.0, 0.9765751438046416, 0.0, 0.0, 0.0, 0.0, 0.0, 0.0, 0.0, 0.0, 0.0, 0.0, 0.0, 0.0, 0.0, 0.0, 0.0, 0.0, 0.0, 0.0, 0.0, 0.0, 0.0], [0.0, 0.0, 0.0, 0.0, 0.0, 0.0, 0.0, 1.0135266620971524, 0.0, 0.0, 0.0, 0.0, 0.0, 0.0, 0.0, 0.0, 1.3895086840881747, 0.0, 0.0, 0.0, 0.0, 1.3359384150005538, 0.0, 0.0, 0.0, 0.0, 0.0, 0.0, 0.0, 0.0, 0.0, 0.0, 0.0, 0.0, 0.0], [0.0, 0.0, 0.0, 0.0, 0.0, 0.0, 0.0, 0.0, 0.0, 0.0, 0.0, 0.0, 0.0, 0.0, 0.0, 1.3895086840881747, 0.0, 1.4089880754578168, 0.0, 0.0, 0.10553539041707262, 0.0, 0.0, 0.0, 0.0, 0.0, 0.0, 0.0, 0.0, 0.0, 0.0, 0.0, 0.9653491414370955, 0.0, 0.0], [0.0, 0.0, 0.0, 0.0, 0.0, 0.0, 0.0, 0.0, 0.0, 0.0, 0.0, 0.0, 0.0, 0.0, 0.0, 0.0, 1.4089880754578168, 0.0, 0.9869495173543733, 1.3886153993593964, 0.0, 0.0, 0.0, 0.0, 0.0, 0.0, 0.0, 0.0, 0.0, 0.0, 0.0, 0.0, 0.0, 0.0, 0.0], [0.0, 0.0, 0.0, 0.0, 0.0, 0.0, 0.0, 0.0, 0.0, 0.0, 0.0, 0.0, 0.0, 0.0, 0.0, 0.0, 0.0, 0.9869495173543733, 0.0, 0.0, 0.0, 0.0, 0.0, 0.0, 0.0, 0.0, 0.0, 0.0, 0.0, 0.0, 0.0, 0.0, 0.0, 0.0, 0.0], [0.0, 0.0, 0.0, 0.0, 0.0, 0.0, 0.0, 0.0, 0.0, 0.0, 0.0, 0.0, 0.0, 0.0, 0.0, 0.0, 0.0, 1.3886153993593964, 0.0, 0.0, 1.4484266505309618, 0.0, 0.0, 0.0, 0.0, 0.0, 0.0, 0.0, 0.0, 0.0, 0.0, 0.0, 0.0, 0.9663462436803701, 0.0], [0.0, 0.0, 0.0, 0.0, 0.0, 0.0, 0.0, 0.0, 0.0, 0.0, 0.0, 0.0, 0.0, 0.0, 0.0, 0.0, 0.10553539041707262, 0.0, 0.0, 1.4484266505309618, 0.0, 1.376409953941263, 0.0, 0.0, 0.0, 0.0, 0.0, 0.0, 0.0, 0.0, 0.0, 0.0, 0.0, 0.0, 0.9626930193967108], [0.0, 0.0, 0.0, 0.0, 0.0, 0.0, 0.0, 0.0, 0.0, 0.0, 0.0, 0.0, 0.0, 0.0, 0.0, 1.3359384150005538, 0.0, 0.0, 0.0, 0.0, 1.376409953941263, 0.0, 1.0443186592686362, 0.0, 0.0, 0.0, 0.0, 0.0, 0.0, 0.0, 0.0, 0.0, 0.0, 0.0, 0.0], [0.0, 1.1544360196735437, 0.0, 0.0, 1.1581711927491083, 0.0, 0.0, 0.0, 0.0, 0.0, 0.0, 0.0, 0.0, 0.0, 0.0, 0.0, 0.0, 0.0, 0.0, 0.0, 0.0, 1.0443186592686362, 0.0, 0.0, 0.0, 0.0, 0.0, 0.0, 0.0, 0.0, 0.0, 0.0, 0.0, 0.0, 0.0], [0.9615666487327568, 0.0, 0.0, 0.0, 0.0, 0.0, 0.0, 0.0, 0.0, 0.0, 0.0, 0.0, 0.0, 0.0, 0.0, 0.0, 0.0, 0.0, 0.0, 0.0, 0.0, 0.0, 0.0, 0.0, 0.0, 0.0, 0.0, 0.0, 0.0, 0.0, 0.0, 0.0, 0.0, 0.0, 0.0], [0.975279698117552, 0.0, 0.0, 0.0, 0.0, 0.0, 0.0, 0.0, 0.0, 0.0, 0.0, 0.0, 0.0, 0.0, 0.0, 0.0, 0.0, 0.0, 0.0, 0.0, 0.0, 0.0, 0.0, 0.0, 0.0, 0.0, 0.0, 0.0, 0.0, 0.0, 0.0, 0.0, 0.0, 0.0, 0.0], [0.9743200060762258, 0.0, 0.0, 0.0, 0.0, 0.0, 0.0, 0.0, 0.0, 0.0, 0.0, 0.0, 0.0, 0.0, 0.0, 0.0, 0.0, 0.0, 0.0, 0.0, 0.0, 0.0, 0.0, 0.0, 0.0, 0.0, 0.0, 0.0, 0.0, 0.0, 0.0, 0.0, 0.0, 0.0, 0.0], [0.0, 0.0, 0.0, 0.0, 0.0, 0.9441826123478746, 0.0, 0.0, 0.0, 0.0, 0.0, 0.0, 0.0, 0.0, 0.0, 0.0, 0.0, 0.0, 0.0, 0.0, 0.0, 0.0, 0.0, 0.0, 0.0, 0.0, 0.0, 0.0, 0.0, 0.0, 0.0, 0.0, 0.0, 0.0, 0.0], [0.0, 0.0, 0.0, 0.0, 0.0, 0.9663580994953587, 0.0, 0.0, 0.0, 0.0, 0.0, 0.0, 0.0, 0.0, 0.0, 0.0, 0.0, 0.0, 0.0, 0.0, 0.0, 0.0, 0.0, 0.0, 0.0, 0.0, 0.0, 0.0, 0.0, 0.0, 0.0, 0.0, 0.0, 0.0, 0.0], [0.0, 0.0, 0.0, 0.0, 0.0, 0.0, 0.0, 0.0, 0.0, 0.9666157684286565, 0.0, 0.0, 0.0, 0.0, 0.0, 0.0, 0.0, 0.0, 0.0, 0.0, 0.0, 0.0, 0.0, 0.0, 0.0, 0.0, 0.0, 0.0, 0.0, 0.0, 0.0, 0.0, 0.0, 0.0, 0.0], [0.0, 0.0, 0.0, 0.0, 0.0, 0.0, 0.0, 0.0, 0.0, 0.0, 0.9685441441377185, 0.0, 0.0, 0.0, 0.0, 0.0, 0.0, 0.0, 0.0, 0.0, 0.0, 0.0, 0.0, 0.0, 0.0, 0.0, 0.0, 0.0, 0.0, 0.0, 0.0, 0.0, 0.0, 0.0, 0.0], [0.0, 0.0, 0.0, 0.0, 0.0, 0.0, 0.0, 0.0, 0.0, 0.0, 0.0, 0.9688589441947748, 0.0, 0.0, 0.0, 0.0, 0.0, 0.0, 0.0, 0.0, 0.0, 0.0, 0.0, 0.0, 0.0, 0.0, 0.0, 0.0, 0.0, 0.0, 0.0, 0.0, 0.0, 0.0, 0.0], [0.0, 0.0, 0.0, 0.0, 0.0, 0.0, 0.0, 0.0, 0.0, 0.0, 0.0, 0.0, 0.9669633329439227, 0.0, 0.0, 0.0, 0.0, 0.0, 0.0, 0.0, 0.0, 0.0, 0.0, 0.0, 0.0, 0.0, 0.0, 0.0, 0.0, 0.0, 0.0, 0.0, 0.0, 0.0, 0.0], [0.0, 0.0, 0.0, 0.0, 0.0, 0.0, 0.0, 0.0, 0.0, 0.0, 0.0, 0.0, 0.0, 0.0, 0.0, 0.0, 0.9653491414370955, 0.0, 0.0, 0.0, 0.0, 0.0, 0.0, 0.0, 0.0, 0.0, 0.0, 0.0, 0.0, 0.0, 0.0, 0.0, 0.0, 0.0, 0.0], [0.0, 0.0, 0.0, 0.0, 0.0, 0.0, 0.0, 0.0, 0.0, 0.0, 0.0, 0.0, 0.0, 0.0, 0.0, 0.0, 0.0, 0.0, 0.0, 0.9663462436803701, 0.0, 0.0, 0.0, 0.0, 0.0, 0.0, 0.0, 0.0, 0.0, 0.0, 0.0, 0.0, 0.0, 0.0, 0.0], [0.0, 0.0, 0.0, 0.0, 0.0, 0.0, 0.0, 0.0, 0.0, 0.0, 0.0, 0.0, 0.0, 0.0, 0.0, 0.0, 0.0, 0.0, 0.0, 0.0, 0.9626930193967108, 0.0, 0.0, 0.0, 0.0, 0.0, 0.0, 0.0, 0.0, 0.0, 0.0, 0.0, 0.0, 0.0, 0.0]], "Born radii": [], "Atomic SASAs": [], "Solvent H bonds": [], "Total SASA": NaN, "Total FOD": 0.0, "FOD": [0.0, 0.0, 0.0, 0.0, 0.0, 0.0, 0.0, 0.0, 0.0, 0.0, 0.0, 0.0, 0.0, 0.0, 0.0, 0.0, 0.0, 0.0, 0.0, 0.0, 0.0, 0.0, 0.0, 0.0, 0.0, 0.0, 0.0, 0.0, 0.0, 0.0, 0.0, 0.0, 0.0, 0.0, 0.0], "FOD s proportion": [0.0, 0.0, 0.0, 0.0, 0.0, 0.0, 0.0, 0.0, 0.0, 0.0, 0.0, 0.0, 0.0, 0.0, 0.0, 0.0, 0.0, 0.0, 0.0, 0.0, 0.0, 0.0, 0.0, 0.0, 0.0, 0.0, 0.0, 0.0, 0.0, 0.0, 0.0, 0.0, 0.0, 0.0, 0.0], "FOD p proportion": [0.0, 0.0, 0.0, 0.0, 0.0, 0.0, 0.0, 0.0, 0.0, 0.0, 0.0, 0.0, 0.0, 0.0, 0.0, 0.0, 0.0, 0.0, 0.0, 0.0, 0.0, 0.0, 0.0, 0.0, 0.0, 0.0, 0.0, 0.0, 0.0, 0.0, 0.0, 0.0, 0.0, 0.0, 0.0], "FOD d proportion": [0.0, 0.0, 0.0, 0.0, 0.0, 0.0, 0.0, 0.0, 0.0, 0.0, 0.0, 0.0, 0.0, 0.0, 0.0, 0.0, 0.0, 0.0, 0.0, 0.0, 0.0, 0.0, 0.0, 0.0, 0.0, 0.0, 0.0, 0.0, 0.0, 0.0, 0.0, 0.0, 0.0, 0.0, 0.0], "coordinates": [["-3.75370", "-0.56280", "1.78710"], ["-3.13150", "-1.32530", "0.67920"], ["-3.42430", "-2.57590", "0.38420"], ["-2.55460", "-3.00540", "-0.57840"], ["-1.74320", "-2.00990", "-0.86330"], ["-0.66890", "-1.99380", "-1.87990"], ["0.61600", "-1.69930", "-1.25910"], ["0.81290", "-0.56050", "-0.68700"], ["2.15100", "-0.36120", "-0.05370"], ["3.27860", "-0.58630", "-0.85790"], ["4.56000", "-0.40250", "-0.33780"], ["4.72220", "-0.00520", "0.98800"], ["3.60390", "0.19690", "1.79980"], ["2.31550", "0.01370", "1.28670"], ["0.98970", "0.22110", "2.37530"], ["-0.17280", "0.56730", "-0.63300"], ["0.32650", "1.86300", "-0.85600"], ["-0.50360", "2.97090", "-0.70890"], ["0.12340", "4.54930", "-0.97710"], ["-1.83580", "2.80890", "-0.34670"], ["-2.35030", "1.52680", "-0.13870"], ["-1.52780", "0.39680", "-0.28350"], ["-2.09210", "-0.89560", "-0.13120"], ["-4.59800", "0.02980", "1.42370"], ["-3.03520", "0.09520", "2.28440"], ["-4.13880", "-1.25290", "2.54550"], ["-0.89100", "-1.28630", "-2.68790"], ["-0.60220", "-2.98180", "-2.34920"], ["3.15860", "-0.90920", "-1.89030"], ["5.43120", "-0.57780", "-0.96510"], ["5.72140", "0.13210", "1.39590"], ["3.74630", "0.48470", "2.83910"], ["1.36500", "2.01810", "-1.13980"], ["-2.48650", "3.67460", "-0.24290"], ["-3.41170", "1.44250", "0.07870"]], "bond_dist": [[0.0, 1.4818844421883912, 2.4757230014684595, 3.6055132533385588, 3.6277856634591847, 5.001063990792359, 5.446581017482435, 5.193747361972855, 6.188268682757723, 7.513309559708024, 8.58245325009114, 8.531726635330037, 7.39672786710448, 6.117020602384792, 4.843585656308764, 4.467309574005365, 5.433094448838525, 5.41111834097167, 6.986148614222288, 4.4271665588726155, 3.1693320053285676, 3.1879221022477946, 2.5595986579930847, 1.0936529659814398, 1.093852613472217, 1.0953130054920375, 5.361355102956714, 5.735197550215686, 7.837292581625366, 9.588389742287282, 9.508598396188578, 7.645518965380964, 6.436526867030076, 4.8664416774477015, 2.656468078106718], [1.4818844421883912, 0.0, 1.3178608424260887, 2.1764896921419132, 2.1852597786075685, 3.613901467942921, 4.2356391654625165, 4.243785201915856, 5.419542182694032, 6.633112347910293, 7.8131313242515, 7.969857284795005, 6.995602215678076, 5.6419665232966425, 4.717244705333825, 3.7493611842552594, 4.947712595735529, 5.223984538644807, 6.917270333014316, 4.452293671805578, 3.0681766996051585, 2.542493537848228, 1.3862693136616708, 2.1310088010142048, 2.1456376627939773, 2.1220204381673615, 4.044591902775854, 4.279317387154171, 6.807409747473704, 8.751131928499307, 9.000639536166306, 7.432724994912701, 5.89114562797424, 5.124967650629612, 2.846019875194128], [2.4757230014684595, 1.3178608424260887, 0.0, 1.3665456816367318, 2.168573139186225, 3.613477325236731, 4.4489197048272295, 4.81281315240889, 6.015033049784514, 7.101421616831379, 8.306262580125914, 8.563792102801187, 7.6868679213318085, 6.361276479606905, 5.592055454839481, 4.635369923749344, 5.942257979085055, 6.363359673945832, 8.075133932016236, 5.661591481200317, 4.273060694630957, 3.5887993577239725, 2.2054029314390604, 3.041020294243364, 3.3010504479634966, 2.632879970678496, 4.185507789981999, 3.9497441410805334, 7.1614112820030105, 9.177848023910615, 9.591695855269807, 8.173818613720274, 6.809170763756772, 6.351493800673979, 4.030015827512344], [3.6055132533385588, 2.1764896921419132, 1.3665456816367318, 0.0, 1.3155068300848916, 2.5046159985115484, 3.4959911412931244, 4.162857938964528, 5.4230780088433175, 6.321106493328521, 7.5796114629972955, 8.02537396262629, 7.337416628487168, 6.025897180503498, 5.629982986652801, 4.294198142843435, 5.663843000119265, 6.319793741887468, 8.025218861813054, 5.863142742591211, 4.5580600500651585, 3.5659850097834114, 2.2057085324221783, 4.1708904337083705, 4.247389852603596, 3.9165925368871344, 3.189492125715315, 2.6359353861580144, 6.225414868906329, 8.355583779126386, 9.068293264997555, 7.972543199632098, 6.396404175003327, 6.688766542494962, 4.577140508002786], [3.6277856634591847, 2.1852597786075685, 2.168573139186225, 1.3155068300848916, 0.0, 1.4791400406993247, 2.412250948802798, 2.943720309404411, 4.305630904989418, 5.219687860399317, 6.526117931052119, 7.017658508363028, 6.368166632556029, 5.01901411135693, 4.789011732080012, 3.0267398451138807, 4.391248773412866, 5.135057561507953, 6.8205755358327345, 4.847296541372313, 3.660855427355743, 2.4849084671271093, 1.3781749199575504, 4.1881533078434465, 4.001090513847444, 4.2346033816639785, 2.1398614347662797, 2.1105377087368042, 5.127759035875223, 7.316644655168105, 8.087793382622976, 7.075691144333534, 5.09530602515688, 5.766362050721407, 3.948458181366494], [5.001063990792359, 3.613901467942921, 3.613477325236731, 2.5046159985115484, 1.4791400406993247, 0.0, 1.4570830106757815, 2.381825043952641, 3.7352677561320817, 4.313733475772466, 5.679058311903479, 6.422097755406718, 6.049477532812235, 4.7920825504158415, 5.075772158992167, 2.891385140378224, 4.112675359179229, 5.103607663212367, 6.6524390068605666, 5.174773921631746, 4.272412405187495, 3.0001950819905026, 2.5078861955838425, 5.517839860851346, 5.22538909364652, 5.672151618213321, 1.096698983313106, 1.0958263457318407, 3.978218391441073, 6.328754620776507, 7.4890754128931025, 6.921409848434061, 4.558490850051144, 6.17366968018212, 4.81323420269573], [5.446581017482435, 4.2356391654625165, 4.4489197048272295, 3.4959911412931244, 2.412250948802798, 1.4570830106757815, 0.0, 1.28954777344618, 2.3663739708676648, 2.913617888467875, 4.252719121926582, 4.977982689805179, 4.677605162901204, 3.5076725745143316, 4.127523617134129, 2.4802584966087706, 3.596704206631399, 4.833941687691319, 6.274327112926134, 5.2122609527919845, 4.523489036131291, 3.152984143632822, 3.0416932307515827, 6.113345945552239, 5.395172280845164, 6.105929672048311, 2.117330262382324, 2.077771763211734, 2.736327138702534, 4.952812260726223, 6.038887324665033, 5.600346179478551, 3.7939815827175543, 6.2878430244400985, 5.2804340134121555], [5.193747361972855, 4.243785201915856, 4.81281315240889, 4.162857938964528, 2.943720309404411, 2.381825043952641, 1.28954777344618, 0.0, 1.4937539924632834, 2.4717501775058093, 3.766651437284846, 4.289126901829788, 3.8141198198273742, 2.546174402903305, 3.165412783508654, 1.4988173104151155, 2.4775992835807807, 3.768877527858924, 5.164264158619309, 4.299333918178489, 3.829267347678926, 2.560881104229558, 2.9766139571667667, 5.837923208641922, 4.905816350007408, 5.953806085186181, 2.7264742177398262, 3.260078302740595, 2.6592914601449764, 4.626697935893373, 5.376945175469061, 4.704323523100851, 2.6756345434307724, 5.386959920029107, 4.737673548272401], [6.188268682757723, 5.419542182694032, 6.015033049784514, 5.4230780088433175, 4.305630904989418, 3.7352677561320817, 2.3663739708676648, 1.4937539924632834, 0.0, 1.4031711976804542, 2.4260460630416723, 2.7969526864071192, 2.4203008635291607, 1.4015286012065542, 2.754583812484202, 2.5686080238136766, 2.986561765642894, 4.310345532553045, 5.392294462471425, 5.101956217961891, 4.881953573109846, 3.763102640109621, 4.277322435823607, 6.919869417843085, 5.707160678481025, 6.863858504514789, 4.128993055213341, 4.440380034411469, 2.165331688217766, 3.4113454178666807, 3.8848991248164992, 3.410105678714371, 2.731021365716497, 6.150600338991308, 5.849315749726629], [7.513309559708024, 6.633112347910293, 7.101421616831379, 6.321106493328521, 5.219687860399317, 4.313733475772466, 2.913617888467875, 2.4717501775058093, 1.4031711976804542, 0.0, 1.3950886746010087, 2.414333237148509, 2.7897296679069106, 2.426287445872809, 4.042838137991676, 3.6460300231896063, 3.8358791052378067, 5.194315130986952, 6.028588809995255, 6.160015896083386, 6.0553245544726995, 4.9394232385978025, 5.428459990641913, 8.22350930746722, 7.085376629368406, 8.188120045529375, 4.6070016453220415, 4.7982293171544015, 1.0883538808677993, 2.1552844011869983, 3.4004389187279926, 3.8773177958480525, 3.2441072624067164, 7.195128339369632, 7.053606388933253], [8.58245325009114, 7.8131313242515, 8.306262580125914, 7.5796114629972955, 6.526117931052119, 5.679058311903479, 4.252719121926582, 3.766651437284846, 2.4260460630416723, 1.3950886746010087, 0.0, 1.3935213561334467, 2.417176313387172, 2.8017856698898287, 4.527342560487333, 4.840149886108899, 4.829445489908753, 6.0957023984115235, 6.6792549951323155, 7.15677488887278, 7.177331355733829, 6.140288089332617, 6.673549698623663, 9.335883972072489, 8.050509373325392, 9.203571072686948, 6.001455944185544, 6.111205060378845, 2.151957968920397, 1.0877613800829664, 2.154150136364687, 3.397340892521679, 4.087851924911175, 8.141554683842639, 8.19301520442871], [8.531726635330037, 7.969857284795005, 8.563792102801187, 8.02537396262629, 7.017658508363028, 6.422097755406718, 4.977982689805179, 4.289126901829788, 2.7969526864071192, 2.414333237148509, 1.3935213561334467, 0.0, 1.3965881783833058, 2.4252389140041437, 3.9884043463520595, 5.188103916653945, 5.119832588083325, 6.248649970993734, 6.764173985047989, 7.260023891145262, 7.3237103397116945, 6.390681986298489, 6.9627656351481475, 9.330444122870036, 7.865620629041297, 9.08294459632998, 6.830920308421113, 6.953149413035794, 3.398039412661366, 2.155261322902631, 1.0879496036122263, 2.149175197604886, 4.460052417853404, 8.186659791392335, 8.311617832287528], [7.39672786710448, 6.995602215678076, 7.6868679213318085, 7.337416628487168, 6.368166632556029, 6.049477532812235, 4.677605162901204, 3.8141198198273742, 2.4203008635291607, 2.7897296679069106, 2.417176313387172, 1.3965881783833058, 0.0, 1.398859682026757, 2.676906335679304, 4.507679546063584, 4.535472809972517, 5.555196480773655, 6.226430728756243, 6.4047125103317475, 6.40147747789524, 5.542061330407668, 6.112833487835244, 8.212218776311309, 6.657539249602664, 7.912483290345705, 6.52253474808682, 6.708920322972989, 3.8779617468458865, 3.4035066314023834, 2.1566502961769207, 1.0877734552745806, 4.119549830988818, 7.304792450165849, 7.330235189269168], [6.117020602384792, 5.6419665232966425, 6.361276479606905, 6.025897180503498, 5.01901411135693, 4.7920825504158415, 3.5076725745143316, 2.546174402903305, 1.4015286012065542, 2.426287445872809, 2.8017856698898287, 2.4252389140041437, 1.398859682026757, 0.0, 1.7279497562139938, 3.1911374053775874, 3.459363348941536, 4.546952387039037, 5.522839868219972, 5.26444966639439, 5.107927799998743, 4.16932231183918, 4.718496016740928, 6.914876026365187, 5.443531760722996, 6.6967784411610936, 5.269638261778506, 5.541278043014986, 3.4140724977656816, 3.8894809396627714, 3.409706440443224, 2.1630939415568617, 3.2877000866867405, 6.229050406763457, 6.025077035192163], [4.843585656308764, 4.717244705333825, 5.592055454839481, 5.629982986652801, 4.789011732080012, 5.075772158992167, 4.127523617134129, 3.165412783508654, 2.754583812484202, 4.042838137991676, 4.527342560487333, 3.9884043463520595, 2.676906335679304, 1.7279497562139938, 0.0, 3.243629075588021, 3.6846939547267694, 4.3935901686434065, 5.542776983606683, 4.699940753881904, 4.379571724495444, 3.6657733399652526, 4.126384904489643, 5.671378098839822, 4.027894441268292, 5.33883473147465, 5.6076092490472265, 5.925674161646083, 4.917016235482652, 5.6145735029474855, 4.832818044371213, 2.8077462420952504, 3.965600471555349, 5.555681770044069, 5.112583640391618], [4.467309574005365, 3.7493611842552594, 4.635369923749344, 4.294198142843435, 3.0267398451138807, 2.891385140378224, 2.4802584966087706, 1.4988173104151155, 2.5686080238136766, 3.6460300231896063, 4.840149886108899, 5.188103916653945, 4.507679546063584, 3.1911374053775874, 3.243629075588021, 0.0, 1.4063669435819373, 2.427443595637188, 4.007800300663694, 2.8057632205872256, 2.4303248733451253, 1.4096969532491725, 2.464871627488945, 4.9093091346950235, 4.114296407649794, 5.398624481291508, 2.859065968109166, 3.9655816231670227, 3.854747916530989, 5.729429327603229, 6.248794114867283, 5.236568149083902, 2.174050532991356, 3.893674227513134, 3.429717938839869], [5.433094448838525, 4.947712595735529, 5.942257979085055, 5.663843000119265, 4.391248773412866, 4.112675359179229, 3.596704206631399, 2.4775992835807807, 2.986561765642894, 3.8358791052378067, 4.829445489908753, 5.119832588083325, 4.535472809972517, 3.459363348941536, 3.6846939547267694, 1.4063669435819373, 0.0, 1.3921734195135316, 2.6966873215113387, 2.414467765367763, 2.791560131897574, 2.432267908763342, 3.739630323975887, 5.727857765342991, 4.928311667295404, 6.420119870376253, 3.8413870346529784, 5.154048599887276, 4.095810022449771, 5.659272880856691, 6.096885633665765, 5.220010243284969, 1.0876951319188664, 3.401581274936702, 3.8761609331915], [5.41111834097167, 5.223984538644807, 6.363359673945832, 6.319793741887468, 5.135057561507953, 5.103607663212367, 4.833941687691319, 3.768877527858924, 4.310345532553045, 5.194315130986952, 6.0957023984115235, 6.248649970993734, 5.555196480773655, 4.546952387039037, 4.3935901686434065, 2.427443595637188, 1.3921734195135316, 0.0, 1.7194204837677138, 1.3900322586184826, 2.4126445531822545, 2.8028452704350273, 4.219821298349019, 5.473770485689001, 4.861943432414655, 6.453393281057648, 4.710655113675804, 6.17534965325851, 5.464667493086839, 6.919592558091841, 7.158183671854195, 6.0688668176192495, 2.141300681828687, 2.1550503706410202, 3.3783673468111783], [6.986148614222288, 6.917270333014316, 8.075133932016236, 8.025218861813054, 6.8205755358327345, 6.6524390068605666, 6.274327112926134, 5.164264158619309, 5.392294462471425, 6.028588809995255, 6.6792549951323155, 6.764173985047989, 6.226430728756243, 5.522839868219972, 5.542776983606683, 4.007800300663694, 2.6966873215113387, 1.7194204837677138, 0.0, 2.695340601853502, 3.994698048664004, 4.522255924867587, 5.938932822485871, 6.962854217201449, 6.36027853320906, 8.01502242292559, 6.165230844015493, 7.689383654103883, 6.312019924715067, 7.37970455031907, 7.515343561009037, 6.649042037015557, 2.824006956436191, 2.8488116364547516, 4.823261540700442], [4.4271665588726155, 4.452293671805578, 5.661591481200317, 5.863142742591211, 4.847296541372313, 5.174773921631746, 5.2122609527919845, 4.299333918178489, 5.101956217961891, 6.160015896083386, 7.15677488887278, 7.260023891145262, 6.4047125103317475, 5.26444966639439, 4.699940753881904, 2.8057632205872256, 2.414467765367763, 1.3900322586184826, 2.695340601853502, 0.0, 1.3970521321697338, 2.432505837608617, 3.719603499030508, 4.2997048514985305, 3.96552837084795, 5.492435623655502, 4.81087596181818, 6.250118534875958, 6.414904514488115, 8.04123401288633, 8.204461276646994, 6.834549560139279, 3.3910902214479637, 1.0879436658209833, 2.1287261284627483], [3.1693320053285676, 3.0681766996051585, 4.273060694630957, 4.5580600500651585, 3.660855427355743, 4.272412405187495, 4.523489036131291, 3.829267347678926, 4.881953573109846, 6.0553245544726995, 7.177331355733829, 7.3237103397116945, 6.40147747789524, 5.107927799998743, 4.379571724495444, 2.4303248733451253, 2.791560131897574, 2.4126445531822545, 3.994698048664004, 1.3970521321697338, 0.0, 1.4051239411525231, 2.4361332578494137, 3.1199772515196327, 2.8965462502780794, 4.257980035181001, 4.067125365660615, 5.31691995614002, 6.2729720045605175, 8.10333390463456, 8.333818220959706, 6.864531798309336, 3.879050269073604, 2.1546352173859966, 1.0867102695751065], [3.1879221022477946, 2.542493537848228, 3.5887993577239725, 3.5659850097834114, 2.4849084671271093, 3.0001950819905026, 3.152984143632822, 2.560881104229558, 3.763102640109621, 4.9394232385978025, 6.140288089332617, 6.390681986298489, 5.542061330407668, 4.16932231183918, 3.6657733399652526, 1.4096969532491725, 2.432267908763342, 2.8028452704350273, 4.522255924867587, 2.432505837608617, 1.4051239411525231, 0.0, 1.4184243159224252, 3.532045990640552, 2.992879504757918, 4.188325690535539, 3.003244780233539, 4.0667910949543495, 5.1234546157841585, 7.05989410118877, 7.44589491532079, 6.129803257854204, 3.424931418291467, 3.4153662892872854, 2.184892798285536], [2.5595986579930847, 1.3862693136616708, 2.2054029314390604, 2.2057085324221783, 1.3781749199575504, 2.5078861955838425, 3.0416932307515827, 2.9766139571667667, 4.277322435823607, 5.428459990641913, 6.673549698623663, 6.9627656351481475, 6.112833487835244, 4.718496016740928, 4.126384904489643, 2.464871627488945, 3.739630323975887, 4.219821298349019, 5.938932822485871, 3.719603499030508, 2.4361332578494137, 1.4184243159224252, 0.0, 3.0908921009960864, 2.776012537795894, 3.388416602190469, 2.8516666337424503, 3.389919829435499, 5.537550745591412, 7.576043092538478, 8.02738960995416, 6.694387555258509, 4.632327930965165, 4.588546206588749, 2.692974894053043], [1.0936529659814398, 2.1310088010142048, 3.041020294243364, 4.1708904337083705, 4.1881533078434465, 5.517839860851346, 6.113345945552239, 5.837923208641922, 6.919869417843085, 8.22350930746722, 9.335883972072489, 9.330444122870036, 8.212218776311309, 6.914876026365187, 5.671378098839822, 4.9093091346950235, 5.727857765342991, 5.473770485689001, 6.962854217201449, 4.2997048514985305, 3.1199772515196327, 3.532045990640552, 3.0908921009960864, 0.0, 1.7853362400399537, 1.7648283684256665, 5.690274401995039, 6.266651945816043, 8.486999502768926, 10.327652000333861, 10.31994450033526, 8.475708445905864, 6.7883899519694655, 4.52996190381332, 2.282992330254309], [1.093852613472217, 2.1456376627939773, 3.3010504479634966, 4.247389852603596, 4.001090513847444, 5.22538909364652, 5.395172280845164, 4.905816350007408, 5.707160678481025, 7.085376629368406, 8.050509373325392, 7.865620629041297, 6.657539249602664, 5.443531760722996, 4.027894441268292, 4.114296407649794, 4.928311667295404, 4.861943432414655, 6.36027853320906, 3.96552837084795, 2.8965462502780794, 2.992879504757918, 2.776012537795894, 1.7853362400399537, 0.0, 1.7616696001237004, 5.588372140435889, 6.071051553067228, 7.5365839668911, 9.093520122042948, 8.801638337264263, 6.815287564732688, 5.897834355930997, 4.415928140266777, 2.611911566267128], [1.0953130054920375, 2.1220204381673615, 2.632879970678496, 3.9165925368871344, 4.2346033816639785, 5.672151618213321, 6.105929672048311, 5.953806085186181, 6.863858504514789, 8.188120045529375, 9.203571072686948, 9.08294459632998, 7.912483290345705, 6.6967784411610936, 5.33883473147465, 5.398624481291508, 6.420119870376253, 6.453393281057648, 8.01502242292559, 5.492435623655502, 4.257980035181001, 4.188325690535539, 3.388416602190469, 1.7648283684256665, 1.7616696001237004, 0.0, 6.159366522622273, 6.281299456322713, 8.546724407046245, 10.215917598042772, 10.02314068543388, 8.07961983821021, 7.387333181196039, 5.897925575997039, 3.7254473301873428], [5.361355102956714, 4.044591902775854, 4.185507789981999, 3.189492125715315, 2.1398614347662797, 1.096698983313106, 2.117330262382324, 2.7264742177398262, 4.128993055213341, 4.6070016453220415, 6.001455944185544, 6.830920308421113, 6.52253474808682, 5.269638261778506, 5.6076092490472265, 2.859065968109166, 3.8413870346529784, 4.710655113675804, 6.165230844015493, 4.81087596181818, 4.067125365660615, 3.003244780233539, 2.8516666337424503, 5.690274401995039, 5.588372140435889, 6.159366522622273, 0.0, 1.7529527603446704, 4.144590490024316, 6.590919884962948, 7.900197134249246, 7.428911177958719, 4.290129248635757, 5.756229152839556, 4.631884442643188], [5.735197550215686, 4.279317387154171, 3.9497441410805334, 2.6359353861580144, 2.1105377087368042, 1.0958263457318407, 2.077771763211734, 3.260078302740595, 4.440380034411469, 4.7982293171544015, 6.111205060378845, 6.953149413035794, 6.708920322972989, 5.541278043014986, 5.925674161646083, 3.9655816231670227, 5.154048599887276, 6.17534965325851, 7.689383654103883, 6.250118534875958, 5.31691995614002, 4.0667910949543495, 3.389919829435499, 6.266651945816043, 6.071051553067228, 6.281299456322713, 1.7529527603446704, 0.0, 4.318550290317342, 6.6405469932830075, 7.981858441490929, 7.605559242422611, 5.507406305149457, 7.23151070938846, 5.776021048264973], [7.837292581625366, 6.807409747473704, 7.1614112820030105, 6.225414868906329, 5.127759035875223, 3.978218391441073, 2.736327138702534, 2.6592914601449764, 2.165331688217766, 1.0883538808677993, 2.151957968920397, 3.398039412661366, 3.8779617468458865, 3.4140724977656816, 4.917016235482652, 3.854747916530989, 4.095810022449771, 5.464667493086839, 6.312019924715067, 6.414904514488115, 6.2729720045605175, 5.1234546157841585, 5.537550745591412, 8.486999502768926, 7.5365839668911, 8.546724407046245, 4.144590490024316, 4.318550290317342, 0.0, 2.4759910662197466, 4.2955046234406495, 4.965437831651908, 3.5141622757066866, 7.4560246250934545, 7.250951384473626], [9.588389742287282, 8.751131928499307, 9.177848023910615, 8.355583779126386, 7.316644655168105, 6.328754620776507, 4.952812260726223, 4.626697935893373, 3.4113454178666807, 2.1552844011869983, 1.0877613800829664, 2.155261322902631, 3.4035066314023834, 3.8894809396627714, 5.6145735029474855, 5.729429327603229, 5.659272880856691, 6.919592558091841, 7.37970455031907, 8.04123401288633, 8.10333390463456, 7.05989410118877, 7.576043092538478, 10.327652000333861, 9.09352012