{"total energy": -22.0973165, "HOMO-LUMO gap/eV": 5.19961435, "electronic energy": -22.44293837, "dipole": [-0.14068957, -0.04575041, -0.06599717], "partial charges": [-0.09964366, -0.05190614, -0.05781681, -0.05287973, -0.05630814, -0.02803326, -0.09518249, 0.03226658, 0.0321967, 0.0311701, 0.02803409, 0.02747592, 0.03295856, 0.03021601, 0.02856507, 0.03042053, 0.03664618, 0.03454542, 0.03126831, 0.03413031, 0.03187645], "atomic dipole moments": [[0.07017198, 0.02380487, -0.06867292], [0.01491307, -0.07408464, 0.07893833], [-0.01475846, 0.0766858, -0.08241473], [0.02000137, -0.07869231, 0.0721981], [-0.05230875, 0.0661451, 0.05518458], [-0.1234501, -0.04737263, -0.08003477], [0.07356539, 0.03239114, 0.00251068], [0.03997042, 0.02384263, 0.11700879], [-0.03197531, -0.12152375, -0.00686912], [-0.10320148, 0.06742795, -0.0192086], [0.02153545, 0.12162694, 0.0076807], [-0.04825283, -0.01919296, -0.1118575], [0.04254023, 0.02005976, 0.11579678], [-0.02535642, -0.12147112, -0.00591406], [-0.04527775, -0.01424655, -0.11231565], [0.02667813, 0.12314649, 0.00680622], [-0.02492665, -0.12184337, -0.01074313], [0.06603127, 0.0209946, -0.10264029], [-0.05232697, -0.04385199, 0.13388271], [0.06648978, 0.04640261, -0.12872892], [0.06656201, 0.01621503, 0.1337603]], "atomic quadrupole moments": [[0.05930354, 0.04873158, -0.10013887, -0.1663944, -0.06187954, 0.04083533], [0.16455943, -0.08877877, -0.11438093, -0.12834088, -0.09191696, -0.0501785], [0.16573867, -0.09861829, -0.10807233, -0.1191013, -0.10106694, -0.05766634], [0.16191689, -0.10905765, -0.10050668, -0.12924156, -0.07586822, -0.0614102], [0.11020059, -0.10649662, -0.0916501, 0.11298642, 0.02534533, -0.01855049], [-0.2199502, -0.38669914, 0.37309841, 0.06544952, 0.12292744, -0.15314821], [-0.17955499, -0.37290197, 0.44106328, -0.03550806, 0.08467467, -0.26150829], [-0.0144002, 0.02008581, -0.0426168, 0.03995725, 0.02005027, 0.057017], [-0.04072782, 0.02256583, 0.07460364, -0.00904224, 0.01661469, -0.03387582], [0.04022131, -0.0565782, -0.00666113, 0.01119829, -0.02364879, -0.03356018], [-0.01376751, 0.02080564, 0.04806194, -0.00342065, 0.0156268, -0.03429443], [-0.00859598, 0.00603913, -0.03169295, 0.02289169, 0.0254679, 0.04028893], [-0.00674481, 0.00722562, -0.02898109, 0.02872418, 0.02324369, 0.03572589], [-0.01840603, 0.01852108, 0.05080104, -0.00113677, 0.01720105, -0.03239501], [0.00169039, 0.0038396, -0.03990766, 0.02592906, 0.02298967, 0.03821728], [-0.0146632, 0.02309083, 0.04464879, -0.00417295, 0.02252726, -0.02998559], [-0.01908226, 0.03016463, 0.05351824, 0.00469747, -0.0087923, -0.03443598], [0.01836607, 0.01332674, -0.03869218, -0.03174109, -0.02991968, 0.02032611], [0.02831522, 0.04685198, -0.04533574, 0.00166619, -0.00345965, 0.01702053], [0.0076708, 0.03375642, -0.04339177, -0.01054782, -0.01566991, 0.03572097], [0.01593039, 0.03744254, -0.04911326, 0.01861671, -0.00228281, 0.03318286]], "number of molecular orbitals": 42, "number of electrons": 42, "number of unpaired electrons": 0, "orbital energies/eV": [-16.9671554, -16.74643256, -16.40655135, -15.9216108, -15.27542898, -15.12227852, -14.63173136, -14.08634871, -13.74934838, -13.49801737, -13.36130841, -13.01102239, -12.79552675, -12.4116389, -12.258466, -12.01449104, -11.77792589, -11.56775916, -11.45870948, -11.29498941, -10.73017172, -5.53055737, 1.89577984, 2.65954186, 2.95815093, 3.11207265, 3.40688218, 4.01289705, 4.26809349, 4.43053952, 4.71912841, 4.8909983, 5.04332739, 5.16610986, 5.91552487, 6.51552981, 7.05188883, 7.23573714, 7.28840225, 8.34964552, 11.35924829, 15.50206303], "fractional occupation": [2.0, 2.0, 2.0, 2.0, 2.0, 2.0, 2.0, 2.0, 2.0, 2.0, 2.0, 2.0, 2.0, 2.0, 2.0, 2.0, 2.0, 2.0, 2.0, 2.0, 2.0, 0.0, 0.0, 0.0, 0.0, 0.0, 0.0, 0.0, 0.0, 0.0, 0.0, 0.0, 0.0, 0.0, 0.0, 0.0, 0.0, 0.0, 0.0, 0.0, 0.0, 0.0], "program call": "xtb /home/svss/Project-DBcg-Debug/aqme2_20220329/End-to-End-workflows-final/example-3/QDESCP/mol_570_rdkit_conf_4/mol_570_rdkit_conf_4.xyz --pop --wbo --acc 0.2 --gfn 2 --chrg 0 --uhf 0 --etemp 300 --input /home/svss/Project-DBcg-Debug/aqme2_20220329/End-to-End-workflows-final/example-3/QDESCP/mol_570_rdkit_conf_4/mol_570_rdkit_conf_4_xtb.inp", "method": "GFN2-xTB", "xtb version": "6.3.3 (7355c4f)", "Dipole module/D": 0.412, "Total charge": 0, "Transition dipole module/D": NaN, "HOMO": -10.7302, "LUMO": -5.5306, "HOMO occupancy": 2.0, "LUMO occupancy": 0, "mulliken charges": [-0.08337, -0.03832, -0.04839, -0.04141, -0.04296, -0.02244, -0.08645, 0.02694, 0.02667, 0.02823, 0.0224, 0.02173, 0.0239, 0.02276, 0.0241, 0.0247, 0.03039, 0.02794, 0.02472, 0.02828, 0.03057], "cm5 charges": [-0.23372, -0.15089, -0.15885, -0.15091, -0.14896, -0.08689, -0.18852, 0.07823, 0.07795, 0.07902, 0.07711, 0.07643, 0.07982, 0.07817, 0.079, 0.07999, 0.08544, 0.08309, 0.08057, 0.08112, 0.0828], "FUKUI+": [0.009, 0.005, 0.009, 0.008, 0.025, -0.161, -0.126, -0.007, -0.011, -0.022, -0.011, -0.017, 0.002, -0.02, -0.056, -0.025, -0.086, -0.06, -0.146, -0.157, -0.154], "FUKUI-": [0.02, 0.006, 0.012, 0.006, 0.007, -0.045, -0.057, -0.064, -0.067, -0.061, -0.082, -0.086, -0.065, -0.069, -0.062, -0.053, -0.071, -0.055, -0.061, -0.076, -0.081], "FUKUIrad": [0.014, 0.006, 0.011, 0.007, 0.016, -0.103, -0.091, -0.035, -0.039, -0.041, -0.046, -0.052, -0.031, -0.044, -0.059, -0.039, -0.079, -0.057, -0.104, -0.117, -0.118], "s proportion": [1.007, 1.027, 1.032, 1.032, 1.028, 1.071, 1.048, 0.973, 0.973, 0.972, 0.978, 0.978, 0.976, 0.977, 0.976, 0.975, 0.97, 0.972, 0.975, 0.972, 0.969], "p proportion": [3.076, 3.011, 3.016, 3.009, 3.015, 2.951, 3.039, 0.0, 0.0, 0.0, 0.0, 0.0, 0.0, 0.0, 0.0, 0.0, 0.0, 0.0, 0.0, 0.0, 0.0], "d proportion": [0.0, 0.0, 0.0, 0.0, 0.0, 0.0, 0.0, 0.0, 0.0, 0.0, 0.0, 0.0, 0.0, 0.0, 0.0, 0.0, 0.0, 0.0, 0.0, 0.0, 0.0], "Fermi-level/eV": -8.1304, "Coordination numbers": [3.75, 3.8, 3.801, 3.801, 3.803, 2.884, 2.834, 0.924, 0.924, 0.924, 0.924, 0.924, 0.924, 0.924, 0.924, 0.924, 0.924, 0.924, 0.925, 0.925, 0.925], "Dispersion coefficient C6": [22.466, 21.506, 21.614, 21.524, 21.584, 28.699, 30.383, 2.555, 2.556, 2.57, 2.615, 2.623, 2.545, 2.584, 2.607, 2.581, 2.494, 2.523, 2.568, 2.528, 2.56], "Total dispersion C6": 3193.753738, "Total dispersion C8": 68311.442524, "Polarizability alpha": [6.76, 6.603, 6.619, 6.605, 6.614, 8.783, 9.033, 2.499, 2.5, 2.507, 2.529, 2.533, 2.495, 2.514, 2.525, 2.512, 2.47, 2.484, 2.506, 2.487, 2.502], "Total polarizability alpha": 86.078792, "Wiberg matrix": [[0.0, 1.0201235122309489, 0.0, 0.0, 0.0, 0.0, 0.0, 0.987700655429566, 0.9877185662982119, 0.9873707648527429, 0.0, 0.0, 0.0, 0.0, 0.0, 0.0, 0.0, 0.0, 0.0, 0.0, 0.0], [1.0201235122309489, 0.0, 1.0074378682958747, 0.0, 0.0, 0.0, 0.0, 0.0, 0.0, 0.0, 0.978208037541386, 0.9780241742090046, 0.0, 0.0, 0.0, 0.0, 0.0, 0.0, 0.0, 0.0, 0.0], [0.0, 1.0074378682958747, 0.0, 1.0079953256052947, 0.0, 0.0, 0.0, 0.0, 0.0, 0.0, 0.0, 0.0, 0.9762692187669619, 0.9771714540868196, 0.0, 0.0, 0.0, 0.0, 0.0, 0.0, 0.0], [0.0, 0.0, 1.0079953256052947, 0.0, 0.9905350088078801, 0.0, 0.0, 0.0, 0.0, 0.0, 0.0, 0.0, 0.0, 0.0, 0.9763939239631256, 0.9779891171140962, 0.0, 0.0, 0.0, 0.0, 0.0], [0.0, 0.0, 0.0, 0.9905350088078801, 0.0, 1.0270904884875935, 0.0, 0.0, 0.0, 0.0, 0.0, 0.0, 0.0, 0.0, 0.0, 0.0, 0.9636585650265752, 0.9748566384902486, 0.0, 0.0, 0.0], [0.0, 0.0, 0.0, 0.0, 1.0270904884875935, 0.0, 1.9765763118560131, 0.0, 0.0, 0.0, 0.0, 0.0, 0.0, 0.0, 0.0, 0.0, 0.0, 0.0, 0.9668978452255157, 0.0, 0.0], [0.0, 0.0, 0.0, 0.0, 0.0, 1.9765763118560131, 0.0, 0.0, 0.0, 0.0, 0.0, 0.0, 0.0, 0.0, 0.0, 0.0, 0.0, 0.0, 0.0, 0.9766486481064856, 0.9783976424889509], [0.987700655429566, 0.0, 0.0, 0.0, 0.0, 0.0, 0.0, 0.0, 0.0, 0.0, 0.0, 0.0, 0.0, 0.0, 0.0, 0.0, 0.0, 0.0, 0.0, 0.0, 0.0], [0.9877185662982119, 0.0, 0.0, 0.0, 0.0, 0.0, 0.0, 0.0, 0.0, 0.0, 0.0, 0.0, 0.0, 0.0, 0.0, 0.0, 0.0, 0.0, 0.0, 0.0, 0.0], [0.9873707648527429, 0.0, 0.0, 0.0, 0.0, 0.0, 0.0, 0.0, 0.0, 0.0, 0.0, 0.0, 0.0, 0.0, 0.0, 0.0, 0.0, 0.0, 0.0, 0.0, 0.0], [0.0, 0.978208037541386, 0.0, 0.0, 0.0, 0.0, 0.0, 0.0, 0.0, 0.0, 0.0, 0.0, 0.0, 0.0, 0.0, 0.0, 0.0, 0.0, 0.0, 0.0, 0.0], [0.0, 0.9780241742090046, 0.0, 0.0, 0.0, 0.0, 0.0, 0.0, 0.0, 0.0, 0.0, 0.0, 0.0, 0.0, 0.0, 0.0, 0.0, 0.0, 0.0, 0.0, 0.0], [0.0, 0.0, 0.9762692187669619, 0.0, 0.0, 0.0, 0.0, 0.0, 0.0, 0.0, 0.0, 0.0, 0.0, 0.0, 0.0, 0.0, 0.0, 0.0, 0.0, 0.0, 0.0], [0.0, 0.0, 0.9771714540868196, 0.0, 0.0, 0.0, 0.0, 0.0, 0.0, 0.0, 0.0, 0.0, 0.0, 0.0, 0.0, 0.0, 0.0, 0.0, 0.0, 0.0, 0.0], [0.0, 0.0, 0.0, 0.9763939239631256, 0.0, 0.0, 0.0, 0.0, 0.0, 0.0, 0.0, 0.0, 0.0, 0.0, 0.0, 0.0, 0.0, 0.0, 0.0, 0.0, 0.0], [0.0, 0.0, 0.0, 0.9779891171140962, 0.0, 0.0, 0.0, 0.0, 0.0, 0.0, 0.0, 0.0, 0.0, 0.0, 0.0, 0.0, 0.0, 0.0, 0.0, 0.0, 0.0], [0.0, 0.0, 0.0, 0.0, 0.9636585650265752, 0.0, 0.0, 0.0, 0.0, 0.0, 0.0, 0.0, 0.0, 0.0, 0.0, 0.0, 0.0, 0.0, 0.0, 0.0, 0.0], [0.0, 0.0, 0.0, 0.0, 0.9748566384902486, 0.0, 0.0, 0.0, 0.0, 0.0, 0.0, 0.0, 0.0, 0.0, 0.0, 0.0, 0.0, 0.0, 0.0, 0.0, 0.0], [0.0, 0.0, 0.0, 0.0, 0.0, 0.9668978452255157, 0.0, 0.0, 0.0, 0.0, 0.0, 0.0, 0.0, 0.0, 0.0, 0.0, 0.0, 0.0, 0.0, 0.0, 0.0], [0.0, 0.0, 0.0, 0.0, 0.0, 0.0, 0.9766486481064856, 0.0, 0.0, 0.0, 0.0, 0.0, 0.0, 0.0, 0.0, 0.0, 0.0, 0.0, 0.0, 0.0, 0.0], [0.0, 0.0, 0.0, 0.0, 0.0, 0.0, 0.9783976424889509, 0.0, 0.0, 0.0, 0.0, 0.0, 0.0, 0.0, 0.0, 0.0, 0.0, 0.0, 0.0, 0.0, 0.0]], "Born radii": [], "Atomic SASAs": [], "Solvent H bonds": [], "Total SASA": NaN, "Total FOD": 0.0, "FOD": [0.0, 0.0, 0.0, 0.0, 0.0, 0.0, 0.0, 0.0, 0.0, 0.0, 0.0, 0.0, 0.0, 0.0, 0.0, 0.0, 0.0, 0.0, 0.0, 0.0, 0.0], "FOD s proportion": [0.0, 0.0, 0.0, 0.0, 0.0, 0.0, 0.0, 0.0, 0.0, 0.0, 0.0, 0.0, 0.0, 0.0, 0.0, 0.0, 0.0, 0.0, 0.0, 0.0, 0.0], "FOD p proportion": [0.0, 0.0, 0.0, 0.0, 0.0, 0.0, 0.0, 0.0, 0.0, 0.0, 0.0, 0.0, 0.0, 0.0, 0.0, 0.0, 0.0, 0.0, 0.0, 0.0, 0.0], "FOD d proportion": [0.0, 0.0, 0.0, 0.0, 0.0, 0.0, 0.0, 0.0, 0.0, 0.0, 0.0, 0.0, 0.0, 0.0, 0.0, 0.0, 0.0, 0.0, 0.0, 0.0, 0.0], "coordinates": [["-3.10220", "0.22950", "0.78280"], ["-2.05220", "0.59360", "-0.25480"], ["-0.76680", "-0.21140", "-0.05790"], ["0.28640", "0.16170", "-1.10560"], ["1.56290", "-0.68090", "-1.01380"], ["2.35110", "-0.43520", "0.24150"], ["3.56260", "0.13470", "0.26630"], ["-2.74020", "0.43320", "1.79560"], ["-3.36580", "-0.83110", "0.71870"], ["-4.01230", "0.81600", "0.62300"], ["-1.83430", "1.66570", "-0.18520"], ["-2.45800", "0.40900", "-1.25630"], ["-0.37840", "-0.02610", "0.95000"], ["-0.99100", "-1.28270", "-0.12790"], ["-0.14290", "0.02240", "-2.10580"], ["0.53660", "1.22620", "-1.01540"], ["1.31050", "-1.74660", "-1.06800"], ["2.18270", "-0.46540", "-1.89330"], ["1.90690", "-0.76160", "1.17940"], ["4.05480", "0.47080", "-0.64100"], ["4.08940", "0.27830", "1.20480"]], "bond_dist": [[0.0, 1.5204218394906064, 2.5209645891999357, 3.879853265266613, 5.08131456711745, 5.520263822499791, 6.685455730913189, 1.0946695985547417, 1.0947447784757869, 1.0944406333830994, 2.1464540176765956, 2.145959622173726, 2.740870963763161, 2.751960895434381, 4.140574460144389, 4.179449673102907, 5.177098911552686, 5.964441736659015, 5.121587017712381, 7.301238328530305, 7.204136034251436], [1.5204218394906064, 0.0, 1.5293945762948162, 2.525756957824723, 3.9076053101611987, 4.549043198300056, 5.6575713393646225, 2.1686890786832493, 2.168644115570833, 2.1591634051178246, 1.0962312620975556, 1.0962449771834764, 2.153410683079287, 2.159340348347152, 2.719907522324978, 2.7713860359033347, 4.176790821911005, 4.66267533289634, 4.423569767732843, 6.120431298527907, 6.320529788712336], [2.5209645891999357, 1.5293945762948162, 0.0, 1.5317013873467633, 2.5615770825801825, 3.140227254515189, 4.355295077259405, 2.783034130225499, 2.7824335841130154, 3.471663264200605, 2.1631611012589884, 2.1636118320992797, 1.09592566353745, 1.0967448791765566, 2.1535570714517873, 2.1638742038297885, 2.7735025401106093, 3.4832110774398957, 2.997049051984302, 4.904409139743543, 5.041517214093393], [3.879853265266613, 2.525756957824723, 1.5317013873467633, 0.0, 1.5322709453618182, 2.5365240211754356, 3.551946656412509, 4.201307088276219, 4.201462503700348, 4.679208067611441, 2.757992141033038, 2.7596375015570436, 2.168575394123986, 2.1619295571317765, 1.0973162807504497, 1.0972220969338886, 2.166057122977139, 2.1470163925783146, 2.94953015580448, 3.809492686697272, 4.45133156707069], [5.08131456711745, 3.9076053101611987, 2.5615770825801825, 1.5322709453618182, 0.0, 1.502466578663233, 2.5105098008173563, 5.258385377661094, 5.226490216196717, 6.000223236680448, 4.211184792905674, 4.173047455996636, 2.8379427707408054, 2.769365858820391, 2.144026242843123, 2.1657157385030934, 1.0965217234510223, 1.0973206185978646, 2.221480301510684, 2.7703715166020606, 3.4964915057811887], [5.520263822499791, 4.549043198300056, 3.140227254515189, 2.5365240211754356, 1.502466578663233, 0.0, 1.3390792732321712, 5.393577760633474, 5.750426267677902, 6.496453128438626, 4.702491558737773, 5.107202883183711, 2.84947456735448, 3.467613735697793, 3.4553221340419187, 2.7626903228556037, 2.125419622098187, 2.1416446110407765, 1.0878910837027758, 2.1218472942226545, 2.1115671976046606], [6.685455730913189, 5.6575713393646225, 4.355295077259405, 3.551946656412509, 2.5105098008173563, 1.3390792732321712, 0.0, 6.492545616320306, 7.010004419399462, 7.613837047770328, 5.627996345059226, 6.216202668028126, 4.003096717542558, 4.7853619883975345, 4.401158932599458, 3.46277390829953, 3.2236005630350673, 2.632131489876598, 2.0924740834715254, 1.0855493263781246, 1.0857814927507285], [1.0946695985547417, 2.1686890786832493, 2.783034130225499, 4.201307088276219, 5.258385377661094, 5.393577760633474, 6.492545616320306, 0.0, 1.7746953146948916, 1.7719382071618635, 2.5026545306933596, 3.065014859670341, 2.5503127435669533, 3.11510283939391, 4.704853439800224, 4.389531665223524, 5.418477968027553, 6.216945357649528, 4.837642803060184, 7.218757394455087, 6.856856044135681], [1.0947447784757869, 2.168644115570833, 2.7824335841130154, 4.201462503700348, 5.226490216196717, 5.750426267677902, 7.010004419399462, 1.7746953146948916, 0.0, 1.7720212047263992, 3.0653772524764387, 2.502513506457058, 3.102593020362162, 2.5613178561045484, 4.3695934490522115, 4.740075090122518, 5.089029262049886, 6.1434626018231775, 5.293244754401595, 7.655653601097689, 7.552950986865994], [1.0944406333830994, 2.1591634051178246, 3.471663264200605, 4.679208067611441, 6.000223236680448, 6.496453128438626, 7.613837047770328, 1.7719382071618635, 1.7720212047263992, 0.0, 2.4736332246313317, 2.4725019676433018, 3.7445013846973, 3.754550064921228, 4.800875624300216, 4.852330348399622, 6.144802649394039, 6.808213910417328, 6.151043111538074, 8.172818452039664, 8.140341234862333], [2.1464540176765956, 1.0962312620975556, 2.1631611012589884, 2.757992141033038, 4.211184792905674, 4.702491558737773, 5.627996345059226, 2.5026545306933596, 3.0653772524764387, 2.4736332246313317, 0.0, 1.7650925726431461, 2.5040988578728274, 3.067164935245576, 3.0413768608970506, 2.5502076582113857, 4.72365263011581, 4.857518072019907, 4.663742691229866, 6.026361958926795, 6.240769219415183], [2.145959622173726, 1.0962449771834764, 2.1636118320992797, 2.7596375015570436, 4.173047455996636, 5.107202883183711, 6.216202668028126, 3.065014859670341, 2.502513506457058, 2.4725019676433018, 1.7650925726431461, 0.0, 3.0629736956101987, 2.5074338376116727, 2.496156609670155, 3.113435049908702, 4.345533396488859, 4.765127579614212, 5.133740435588851, 6.542092720987681, 6.9958946861713125], [2.740870963763161, 2.153410683079287, 1.09592566353745, 2.168575394123986, 2.8379427707408054, 2.84947456735448, 4.003096717542558, 2.5503127435669533, 3.102593020362162, 3.7445013846973, 2.5040988578728274, 3.0629736956101987, 0.0, 1.765273556704456, 3.065244874394214, 2.503652821379194, 3.1440145451317494, 3.8518271755103446, 2.4116759110626784, 4.736185474619845, 4.485400677754441], [2.751960895434381, 2.159340348347152, 1.0967448791765566, 2.1619295571317765, 2.769365858820391, 3.467613735697793, 4.7853619883975345, 3.11510283939391, 2.5613178561045484, 3.754550064921228, 3.067164935245576, 2.5074338376116727, 1.765273556704456, 0.0, 2.51687266861079, 3.0685171044007555, 2.529010373644205, 3.7224975674941683, 3.221552872451421, 5.366389055966777, 5.4793498200060196], [4.140574460144389, 2.719907522324978, 2.1535570714517873, 1.0973162807504497, 2.144026242843123, 3.4553221340419187, 4.401158932599458, 4.704853439800224, 4.3695934490522115, 4.800875624300216, 3.0413768608970506, 2.496156609670155, 3.065244874394214, 2.51687266861079, 0.0, 1.760632514183468, 2.513714661611377, 2.3856907699867556, 3.9508068897378417, 4.468488210793445, 5.379397778562207], [4.179449673102907, 2.7713860359033347, 2.1638742038297885, 1.0972220969338886, 2.1657157385030934, 2.7626903228556037, 3.46277390829953, 4.389531665223524, 4.740075090122518, 4.852330348399622, 2.5502076582113857, 3.113435049908702, 2.503652821379194, 3.0685171044007555, 1.760632514183468, 0.0, 3.072332633358569, 2.51830581542433, 3.2628542673555003, 3.61780814306121, 4.295368469642622], [5.177098911552686, 4.176790821911005, 2.7735025401106093, 2.166057122977139, 1.0965217234510223, 2.125419622098187, 3.2236005630350673, 5.418477968027553, 5.089029262049886, 6.144802649394039, 4.72365263011581, 4.345533396488859, 3.1440145451317494, 2.529010373644205, 2.513714661611377, 3.072332633358569, 0.0, 1.7559403093499504, 2.525217756946913, 3.5539237822440706, 4.121665326054506], [5.964441736659015, 4.66267533289634, 3.4832110774398957, 2.1470163925783146, 1.0973206185978646, 2.1416446110407765, 2.632131489876598, 6.216945357649528, 6.1434626018231775, 6.808213910417328, 4.857518072019907, 4.765127579614212, 3.8518271755103446, 3.7224975674941683, 2.3856907699867556, 2.51830581542433, 1.7559403093499504, 0.0, 3.099239482518252, 2.4391564402473245, 3.7130604883303477], [5.121587017712381, 4.423569767732843, 2.997049051984302, 2.94953015580448, 2.221480301510684, 1.0878910837027758, 2.0924740834715254, 4.837642803060184, 5.293244754401595, 6.151043111538074, 4.663742691229866, 5.133740435588851, 2.4116759110626784, 3.221552872451421, 3.9508068897378417, 3.2628542673555003, 2.525217756946913, 3.099239482518252, 0.0, 3.073457390301678, 2.417714503410194], [7.301238328530305, 6.120431298527907, 4.904409139743543, 3.809492686697272, 2.7703715166020606, 2.1218472942226545, 1.0855493263781246, 7.218757394455087, 7.655653601097689, 8.172818452039664, 6.026361958926795, 6.542092720987681, 4.736185474619845, 5.366389055966777, 4.468488210793445, 3.61780814306121, 3.5539237822440706, 2.4391564402473245, 3.073457390301678, 0.0, 1.8561333599717451], [7.204136034251436, 6.320529788712336, 5.041517214093393, 4.45133156707069, 3.4964915057811887, 2.1115671976046606, 1.0857814927507285, 6.856856044135681, 7.552950986865994, 8.140341234862333, 6.240769219415183, 6.9958946861713125, 4.485400677754441, 5.4793498200060196, 5.379397778562207, 4.295368469642622, 4.121665326054506, 3.7130604883303477, 2.417714503410194, 1.8561333599717451, 0.0]]}