{"total energy": -42.93126196, "HOMO-LUMO gap/eV": 4.78479485, "electronic energy": -43.45879133, "dipole": [-0.2932852, 0.31822148, -0.65056062], "partial charges": [-0.10009159, -0.05176421, -0.05840826, -0.05766065, -0.05787447, -0.05844517, -0.05991652, -0.05564537, -0.08804439, 0.3530675, -0.40318446, -0.26977497, 0.03476869, 0.03235737, 0.03235739, 0.03112497, 0.02828894, 0.02821877, 0.03017076, 0.03021155, 0.02807501, 0.0284175, 0.0300657, 0.02968892, 0.02865118, 0.02947984, 0.03488816, 0.04018034, 0.05034588, 0.0371406, 0.06783539, 0.0691086, 0.06114628, 0.06186311, 0.06335762], "atomic dipole moments": [[0.07075909, -0.01992332, -0.06957255], [0.01469655, -0.01975643, 0.10755483], [-0.01162146, 0.01853379, -0.10775738], [0.01441296, -0.01922231, 0.10575069], [-0.01170889, 0.01905812, -0.1074581], [0.01643086, -0.01804965, 0.10875533], [-0.00783942, 0.00539961, -0.11754679], [-0.02084055, 0.13547745, -0.01161613], [0.03590591, 0.0018428, 0.09891605], [0.02402343, 0.15935327, -0.04970667], [-0.07862745, 0.02872788, -0.15595994], [0.11435432, -0.00652, 0.1992377], [-0.13354216, -0.19880944, -0.10592059], [0.04122363, 0.08333383, 0.084956], [-0.03532451, -0.10444744, 0.0609047], [-0.10123672, 0.04823327, -0.05413985], [-0.04922242, -0.07643397, -0.08345539], [0.02466626, 0.10485794, -0.06020698], [-0.02780956, -0.10400189, 0.06198854], [0.04624182, 0.07762759, 0.08525111], [0.02783822, 0.10367003, -0.06174192], [-0.04597513, -0.07748944, -0.08495811], [0.04615947, 0.07797509, 0.08538558], [-0.02814557, -0.1038426, 0.06180802], [0.02494113, 0.10522982, -0.0598335], [-0.04637697, -0.07745697, -0.08437248], [-0.02771928, -0.09758663, 0.0679803], [0.04942908, 0.08107993, 0.08534143], [0.0912207, -0.06069388, 0.06203085], [-0.04648658, -0.08602864, -0.07144504], [-0.09812121, 0.05925478, -0.06392852], [0.07766355, -0.05543171, -0.08957885], [0.12454565, -0.03765082, 0.00795087], [-0.05723716, 0.02847245, 0.11359864], [-0.00271733, 0.10485576, -0.07006554]], "atomic quadrupole moments": [[0.06057491, -0.05616498, -0.11179377, -0.16464225, 0.04403192, 0.05121885], [0.16046044, -0.15400956, -0.17183191, -0.05791869, -0.0080881, 0.01137148], [0.16631216, -0.16096148, -0.17705676, -0.04979948, -0.01241133, 0.01074459], [0.16568564, -0.15995231, -0.17488882, -0.04697937, -0.01342236, 0.00920318], [0.16433977, -0.1605675, -0.17603524, -0.04967867, -0.01463822, 0.01169547], [0.15687601, -0.15095987, -0.17815658, -0.04560857, -0.01670396, 0.02128057], [0.14678453, -0.17366382, -0.14604089, -0.0458957, 0.00646769, -0.00074364], [-0.0452893, 0.03506824, 0.01906627, -0.20337444, -0.08298757, 0.02622303], [-0.11320345, 0.187588, 0.11078072, 0.03872458, -0.02159018, 0.00242274], [0.20014681, -0.1760569, -0.03870892, -0.37259894, 0.0178538, -0.16143789], [0.10828675, -0.08364844, -0.08186879, -0.12600301, 0.04205029, -0.02641796], [-0.02735685, 0.06068119, 0.04166662, 0.04845047, 0.02924165, -0.01430977], [-0.07475651, 0.31576926, 0.18997009, 0.19403847, 0.23421865, -0.11521358], [-0.01286371, 0.03867791, 0.00403595, 0.02345008, 0.05347734, 0.00882776], [-0.03944084, 0.01668778, 0.05608479, -0.02127384, -0.04256164, -0.01664394], [0.03749757, -0.04289768, -0.03454997, 0.04051783, -0.02318276, -0.0029476], [-0.00807148, 0.01781483, 0.01280958, 0.01660326, 0.04295119, -0.0047381], [-0.01264021, 0.01711932, 0.03683808, -0.01512673, -0.0314806, -0.02419787], [-0.01609791, 0.01699972, 0.03939769, -0.01228034, -0.0305667, -0.02329978], [-0.00877903, 0.020678, 0.01343128, 0.01853584, 0.04049308, -0.00465226], [-0.01583248, 0.01694955, 0.03933069, -0.01250491, -0.03058263, -0.02349821], [-0.00864752, 0.0205942, 0.01345265, 0.01844132, 0.04064614, -0.00480513], [-0.00843853, 0.02042777, 0.01328816, 0.01842054, 0.04000201, -0.00484963], [-0.01566917, 0.01673614, 0.0390118, -0.01253679, -0.03054014, -0.02334263], [-0.01335416, 0.01912051, 0.03554734, -0.01404327, -0.03101239, -0.02219319], [-0.00986717, 0.02077466, 0.01405993, 0.01819892, 0.041683, -0.00419277], [-0.00886699, 0.01497838, 0.03226081, -0.02032673, -0.03779585, -0.02339382], [-0.00060763, 0.02028692, 0.02149366, 0.02029123, 0.03661623, -0.02088604], [0.03283867, -0.02146794, -0.03454562, 0.02243926, -0.02368566, 0.00170695], [-0.00972617, 0.04186841, -0.00737939, 0.01488465, 0.03459247, 0.01710556], [0.02816456, -0.01887475, 0.00360734, 0.03200451, -0.0311671, -0.0317719], [-0.003482, -0.02024463, -0.00093172, -0.05189921, 0.01829728, 0.00441372], [0.04903835, -0.02507832, -0.00423379, 0.01854673, 0.01266922, -0.04480455], [-0.01402169, 0.0170297, -0.02607875, -0.03683508, 0.02146665, 0.04010043], [-0.04576767, 0.00177972, 0.03836278, 0.01647807, -0.05607489, 0.00740489]], "number of molecular orbitals": 74, "number of electrons": 78, "number of unpaired electrons": 0, "orbital energies/eV": [-20.12770907, -19.32384543, -18.29807638, -17.26829088, -16.95605557, -16.8067708, -16.56840388, -16.51352577, -16.18459971, -15.86196968, -15.72341066, -15.41963696, -15.26594339, -15.11117697, -15.04835992, -14.79526441, -14.30056937, -14.16107966, -13.94581934, -13.77121571, -13.63863042, -13.44209788, -13.33283659, -13.24138929, -13.01099547, -12.84192491, -12.74821037, -12.66949099, -12.22114516, -12.21238406, -12.16322692, -12.07029683, -11.79521069, -11.72469469, -11.67905155, -11.43816481, -11.38664894, -11.27094641, -11.22710266, -6.44230781, 0.17783715, 1.23973417, 2.27810078, 2.70290525, 2.77136104, 2.90354285, 3.12226653, 3.25782745, 3.43671744, 3.51198198, 3.5696374, 3.81761557, 4.04272521, 4.07305272, 4.39768148, 4.6547558, 4.78332955, 4.8710808, 4.96919281, 5.29437091, 5.32852229, 5.5203704, 5.98244984, 6.11852767, 6.41583653, 6.56525492, 6.92767148, 7.08482902, 7.31896763, 7.42730969, 7.76223383, 8.08855659, 8.54502597, 16.1953982], "fractional occupation": [2.0, 2.0, 2.0, 2.0, 2.0, 2.0, 2.0, 2.0, 2.0, 2.0, 2.0, 2.0, 2.0, 2.0, 2.0, 2.0, 2.0, 2.0, 2.0, 2.0, 2.0, 2.0, 2.0, 2.0, 2.0, 2.0, 2.0, 2.0, 2.0, 2.0, 2.0, 2.0, 2.0, 2.0, 2.0, 2.0, 2.0, 2.0, 2.0, 0.0, 0.0, 0.0, 0.0, 0.0, 0.0, 0.0, 0.0, 0.0, 0.0, 0.0, 0.0, 0.0, 0.0, 0.0, 0.0, 0.0, 0.0, 0.0, 0.0, 0.0, 0.0, 0.0, 0.0, 0.0, 0.0, 0.0, 0.0, 0.0, 0.0, 0.0, 0.0, 0.0, 0.0, 0.0], "program call": "xtb /home/svss/Project-DBcg-Debug/aqme2_20220329/End-to-End-workflows-final/example-3/QDESCP/mol_473_rdkit_conf_16/mol_473_rdkit_conf_16.xyz --pop --wbo --acc 0.2 --gfn 2 --chrg 0 --uhf 0 --etemp 300 --input /home/svss/Project-DBcg-Debug/aqme2_20220329/End-to-End-workflows-final/example-3/QDESCP/mol_473_rdkit_conf_16/mol_473_rdkit_conf_16_xtb.inp", "method": "GFN2-xTB", "xtb version": "6.3.3 (7355c4f)", "Dipole module/D": 1.986, "Total charge": 0, "Transition dipole module/D": NaN, "HOMO": -11.2271, "LUMO": -6.4423, "HOMO occupancy": 2.0, "LUMO occupancy": 0, "mulliken charges": [-0.08346, -0.03849, -0.04655, -0.04562, -0.04447, -0.04899, -0.04904, -0.03862, -0.07962, 0.57348, -0.52902, -0.41789, 0.17532, 0.02677, 0.02672, 0.02794, 0.02178, 0.02182, 0.02286, 0.0231, 0.02238, 0.02205, 0.02471, 0.02316, 0.02213, 0.02142, 0.02757, 0.03694, 0.04171, 0.02556, 0.05139, 0.05989, 0.04367, 0.04346, 0.03592], "cm5 charges": [-0.23379, -0.15098, -0.15718, -0.15633, -0.15528, -0.15979, -0.1588, -0.1469, -0.17847, 0.6225, -0.57954, -0.50518, 0.05568, 0.07806, 0.07801, 0.07871, 0.07648, 0.07652, 0.0782, 0.07844, 0.07773, 0.0774, 0.08008, 0.07851, 0.07841, 0.0769, 0.08259, 0.09488, 0.09884, 0.08045, 0.11177, 0.11751, 0.10488, 0.1047, 0.09496], "FUKUI+": [0.003, 0.001, 0.002, 0.002, 0.003, 0.006, 0.012, 0.02, 0.027, -0.189, -0.282, -0.126, 0.047, -0.003, -0.005, -0.008, -0.004, -0.001, -0.006, -0.002, 0.0, -0.007, -0.002, -0.013, 0.011, -0.017, -0.038, 0.012, -0.024, -0.056, -0.089, -0.1, -0.048, -0.049, -0.076], "FUKUI-": [0.015, 0.004, 0.005, 0.006, 0.006, 0.005, 0.004, 0.008, -0.002, -0.009, -0.091, -0.043, 0.015, -0.048, -0.049, -0.051, -0.063, -0.062, -0.054, -0.053, -0.036, -0.038, -0.031, -0.034, -0.031, -0.04, -0.04, -0.046, -0.043, -0.057, -0.032, -0.044, -0.022, -0.015, -0.033], "FUKUIrad": [0.009, 0.002, 0.003, 0.004, 0.004, 0.006, 0.008, 0.014, 0.012, -0.099, -0.187, -0.084, 0.031, -0.026, -0.027, -0.029, -0.034, -0.031, -0.03, -0.027, -0.018, -0.023, -0.017, -0.024, -0.01, -0.029, -0.039, -0.017, -0.033, -0.056, -0.06, -0.072, -0.035, -0.032, -0.054], "s proportion": [1.007, 1.027, 1.032, 1.032, 1.033, 1.032, 1.033, 1.03, 1.039, 0.991, 1.731, 1.698, 0.973, 0.973, 0.973, 0.972, 0.978, 0.978, 0.977, 0.977, 0.978, 0.978, 0.975, 0.977, 0.978, 0.979, 0.972, 0.963, 0.958, 0.974, 0.949, 0.94, 0.956, 0.957, 0.964], "p proportion": [3.076, 3.011, 3.014, 3.013, 3.012, 3.017, 3.016, 3.009, 3.041, 2.435, 4.798, 4.72, 2.852, 0.0, 0.0, 0.0, 0.0, 0.0, 0.0, 0.0, 0.0, 0.0, 0.0, 0.0, 0.0, 0.0, 0.0, 0.0, 0.0, 0.0, 0.0, 0.0, 0.0, 0.0, 0.0], "d proportion": [0.0, 0.0, 0.0, 0.0, 0.0, 0.0, 0.0, 0.0, 0.0, 0.0, 0.0, 0.0, 0.0, 0.0, 0.0, 0.0, 0.0, 0.0, 0.0, 0.0, 0.0, 0.0, 0.0, 0.0, 0.0, 0.0, 0.0, 0.0, 0.0, 0.0, 0.0, 0.0, 0.0, 0.0, 0.0], "Fermi-level/eV": -8.8347, "Coordination numbers": [3.75, 3.8, 3.802, 3.802, 3.802, 3.801, 3.8, 3.8, 3.801, 2.722, 0.856, 1.703, 3.655, 0.924, 0.924, 0.924, 0.924, 0.924, 0.924, 0.924, 0.924, 0.924, 0.924, 0.924, 0.924, 0.924, 0.924, 0.924, 0.924, 0.924, 0.924, 0.924, 0.924, 0.924, 0.924], "Dispersion coefficient C6": [22.475, 21.504, 21.624, 21.61, 21.614, 21.626, 21.654, 21.575, 22.179, 21.005, 21.745, 18.474, 20.283, 2.553, 2.553, 2.571, 2.611, 2.612, 2.584, 2.584, 2.614, 2.609, 2.586, 2.591, 2.606, 2.594, 2.518, 2.447, 2.316, 2.487, 2.11, 2.095, 2.186, 2.177, 2.16], "Total dispersion C6": 8897.04406, "Total dispersion C8": 188362.566693, "Polarizability alpha": [6.761, 6.602, 6.62, 6.618, 6.619, 6.621, 6.625, 6.613, 6.705, 7.503, 6.252, 5.803, 6.466, 2.499, 2.499, 2.507, 2.527, 2.527, 2.514, 2.514, 2.528, 2.526, 2.515, 2.517, 2.524, 2.519, 2.482, 2.446, 2.38, 2.466, 2.271, 2.264, 2.312, 2.308, 2.298], "Total polarizability alpha": 139.75389, "Wiberg matrix": [[0.0, 1.0200821178997395, 0.0, 0.0, 0.0, 0.0, 0.0, 0.0, 0.0, 0.0, 0.0, 0.0, 0.0, 0.9877105515692981, 0.9877092077161354, 0.9874095788799443, 0.0, 0.0, 0.0, 0.0, 0.0, 0.0, 0.0, 0.0, 0.0, 0.0, 0.0, 0.0, 0.0, 0.0, 0.0, 0.0, 0.0, 0.0, 0.0], [1.0200821178997395, 0.0, 1.0077702752149944, 0.0, 0.0, 0.0, 0.0, 0.0, 0.0, 0.0, 0.0, 0.0, 0.0, 0.0, 0.0, 0.0, 0.9780999179020704, 0.9781024414379177, 0.0, 0.0, 0.0, 0.0, 0.0, 0.0, 0.0, 0.0, 0.0, 0.0, 0.0, 0.0, 0.0, 0.0, 0.0, 0.0, 0.0], [0.0, 1.0077702752149944, 0.0, 1.007040085126515, 0.0, 0.0, 0.0, 0.0, 0.0, 0.0, 0.0, 0.0, 0.0, 0.0, 0.0, 0.0, 0.0, 0.0, 0.9771915562137347, 0.9771930820422763, 0.0, 0.0, 0.0, 0.0, 0.0, 0.0, 0.0, 0.0, 0.0, 0.0, 0.0, 0.0, 0.0, 0.0, 0.0], [0.0, 0.0, 1.007040085126515, 0.0, 1.0070807724981046, 0.0, 0.0, 0.0, 0.0, 0.0, 0.0, 0.0, 0.0, 0.0, 0.0, 0.0, 0.0, 0.0, 0.0, 0.0, 0.97734070288752, 0.977348266509718, 0.0, 0.0, 0.0, 0.0, 0.0, 0.0, 0.0, 0.0, 0.0, 0.0, 0.0, 0.0, 0.0], [0.0, 0.0, 0.0, 1.0070807724981046, 0.0, 1.0064807453922653, 0.0, 0.0, 0.0, 0.0, 0.0, 0.0, 0.0, 0.0, 0.0, 0.0, 0.0, 0.0, 0.0, 0.0, 0.0, 0.0, 0.9773275291661176, 0.9771285111818788, 0.0, 0.0, 0.0, 0.0, 0.0, 0.0, 0.0, 0.0, 0.0, 0.0, 0.0], [0.0, 0.0, 0.0, 0.0, 1.0064807453922653, 0.0, 1.0080404577971107, 0.0, 0.0, 0.0, 0.0, 0.0, 0.0, 0.0, 0.0, 0.0, 0.0, 0.0, 0.0, 0.0, 0.0, 0.0, 0.0, 0.0, 0.9752168396510272, 0.9771409443374695, 0.0, 0.0, 0.0, 0.0, 0.0, 0.0, 0.0, 0.0, 0.0], [0.0, 0.0, 0.0, 0.0, 0.0, 1.0080404577971107, 0.0, 1.006918759410517, 0.0, 0.0, 0.0, 0.0, 0.0, 0.0, 0.0, 0.0, 0.0, 0.0, 0.0, 0.0, 0.0, 0.0, 0.0, 0.0, 0.0, 0.0, 0.9760773253172499, 0.9764451265954033, 0.0, 0.0, 0.0, 0.0, 0.0, 0.0, 0.0], [0.0, 0.0, 0.0, 0.0, 0.0, 0.0, 1.006918759410517, 0.0, 1.0036741840989993, 0.0, 0.0, 0.0, 0.0, 0.0, 0.0, 0.0, 0.0, 0.0, 0.0, 0.0, 0.0, 0.0, 0.0, 0.0, 0.0, 0.0, 0.0, 0.0, 0.9753108158471807, 0.97638928760071, 0.0, 0.0, 0.0, 0.0, 0.0], [0.0, 0.0, 0.0, 0.0, 0.0, 0.0, 0.0, 1.0036741840989993, 0.0, 0.9796339142660749, 0.0, 0.0, 0.0, 0.0, 0.0, 0.0, 0.0, 0.0, 0.0, 0.0, 0.0, 0.0, 0.0, 0.0, 0.0, 0.0, 0.0, 0.0, 0.0, 0.0, 0.9616188897418887, 0.9445437117086645, 0.0, 0.0, 0.0], [0.0, 0.0, 0.0, 0.0, 0.0, 0.0, 0.0, 0.0, 0.9796339142660749, 0.0, 1.7632630387827413, 1.1115133152993997, 0.0, 0.0, 0.0, 0.0, 0.0, 0.0, 0.0, 0.0, 0.0, 0.0, 0.0, 0.0, 0.0, 0.0, 0.0, 0.0, 0.0, 0.0, 0.0, 0.0, 0.0, 0.0, 0.0], [0.0, 0.0, 0.0, 0.0, 0.0, 0.0, 0.0, 0.0, 0.0, 1.7632630387827413, 0.0, 0.16867492753577762, 0.0, 0.0, 0.0, 0.0, 0.0, 0.0, 0.0, 0.0, 0.0, 0.0, 0.0, 0.0, 0.0, 0.0, 0.0, 0.0, 0.0, 0.0, 0.0, 0.0, 0.0, 0.0, 0.0], [0.0, 0.0, 0.0, 0.0, 0.0, 0.0, 0.0, 0.0, 0.0, 1.1115133152993997, 0.16867492753577762, 0.0, 0.9607931990854847, 0.0, 0.0, 0.0, 0.0, 0.0, 0.0, 0.0, 0.0, 0.0, 0.0, 0.0, 0.0, 0.0, 0.0, 0.0, 0.0, 0.0, 0.0, 0.0, 0.0, 0.0, 0.0], [0.0, 0.0, 0.0, 0.0, 0.0, 0.0, 0.0, 0.0, 0.0, 0.0, 0.0, 0.9607931990854847, 0.0, 0.0, 0.0, 0.0, 0.0, 0.0, 0.0, 0.0, 0.0, 0.0, 0.0, 0.0, 0.0, 0.0, 0.0, 0.0, 0.0, 0.0, 0.0, 0.0, 0.978279919425037, 0.9781286809599067, 0.9819511086516389], [0.9877105515692981, 0.0, 0.0, 0.0, 0.0, 0.0, 0.0, 0.0, 0.0, 0.0, 0.0, 0.0, 0.0, 0.0, 0.0, 0.0, 0.0, 0.0, 0.0, 0.0, 0.0, 0.0, 0.0, 0.0, 0.0, 0.0, 0.0, 0.0, 0.0, 0.0, 0.0, 0.0, 0.0, 0.0, 0.0], [0.9877092077161354, 0.0, 0.0, 0.0, 0.0, 0.0, 0.0, 0.0, 0.0, 0.0, 0.0, 0.0, 0.0, 0.0, 0.0, 0.0, 0.0, 0.0, 0.0, 0.0, 0.0, 0.0, 0.0, 0.0, 0.0, 0.0, 0.0, 0.0, 0.0, 0.0, 0.0, 0.0, 0.0, 0.0, 0.0], [0.9874095788799443, 0.0, 0.0, 0.0, 0.0, 0.0, 0.0, 0.0, 0.0, 0.0, 0.0, 0.0, 0.0, 0.0, 0.0, 0.0, 0.0, 0.0, 0.0, 0.0, 0.0, 0.0, 0.0, 0.0, 0.0, 0.0, 0.0, 0.0, 0.0, 0.0, 0.0, 0.0, 0.0, 0.0, 0.0], [0.0, 0.9780999179020704, 0.0, 0.0, 0.0, 0.0, 0.0, 0.0, 0.0, 0.0, 0.0, 0.0, 0.0, 0.0, 0.0, 0.0, 0.0, 0.0, 0.0, 0.0, 0.0, 0.0, 0.0, 0.0, 0.0, 0.0, 0.0, 0.0, 0.0, 0.0, 0.0, 0.0, 0.0, 0.0, 0.0], [0.0, 0.9781024414379177, 0.0, 0.0, 0.0, 0.0, 0.0, 0.0, 0.0, 0.0, 0.0, 0.0, 0.0, 0.0, 0.0, 0.0, 0.0, 0.0, 0.0, 0.0, 0.0, 0.0, 0.0, 0.0, 0.0, 0.0, 0.0, 0.0, 0.0, 0.0, 0.0, 0.0, 0.0, 0.0, 0.0], [0.0, 0.0, 0.9771915562137347, 0.0, 0.0, 0.0, 0.0, 0.0, 0.0, 0.0, 0.0, 0.0, 0.0, 0.0, 0.0, 0.0, 0.0, 0.0, 0.0, 0.0, 0.0, 0.0, 0.0, 0.0, 0.0, 0.0, 0.0, 0.0, 0.0, 0.0, 0.0, 0.0, 0.0, 0.0, 0.0], [0.0, 0.0, 0.9771930820422763, 0.0, 0.0, 0.0, 0.0, 0.0, 0.0, 0.0, 0.0, 0.0, 0.0, 0.0, 0.0, 0.0, 0.0, 0.0, 0.0, 0.0, 0.0, 0.0, 0.0, 0.0, 0.0, 0.0, 0.0, 0.0, 0.0, 0.0, 0.0, 0.0, 0.0, 0.0, 0.0], [0.0, 0.0, 0.0, 0.97734070288752, 0.0, 0.0, 0.0, 0.0, 0.0, 0.0, 0.0, 0.0, 0.0, 0.0, 0.0, 0.0, 0.0, 0.0, 0.0, 0.0, 0.0, 0.0, 0.0, 0.0, 0.0, 0.0, 0.0, 0.0, 0.0, 0.0, 0.0, 0.0, 0.0, 0.0, 0.0], [0.0, 0.0, 0.0, 0.977348266509718, 0.0, 0.0, 0.0, 0.0, 0.0, 0.0, 0.0, 0.0, 0.0, 0.0, 0.0, 0.0, 0.0, 0.0, 0.0, 0.0, 0.0, 0.0, 0.0, 0.0, 0.0, 0.0, 0.0, 0.0, 0.0, 0.0, 0.0, 0.0, 0.0, 0.0, 0.0], [0.0, 0.0, 0.0, 0.0, 0.9773275291661176, 0.0, 0.0, 0.0, 0.0, 0.0, 0.0, 0.0, 0.0, 0.0, 0.0, 0.0, 0.0, 0.0, 0.0, 0.0, 0.0, 0.0, 0.0, 0.0, 0.0, 0.0, 0.0, 0.0, 0.0, 0.0, 0.0, 0.0, 0.0, 0.0, 0.0], [0.0, 0.0, 0.0, 0.0, 0.9771285111818788, 0.0, 0.0, 0.0, 0.0, 0.0, 0.0, 0.0, 0.0, 0.0, 0.0, 0.0, 0.0, 0.0, 0.0, 0.0, 0.0, 0.0, 0.0, 0.0, 0.0, 0.0, 0.0, 0.0, 0.0, 0.0, 0.0, 0.0, 0.0, 0.0, 0.0], [0.0, 0.0, 0.0, 0.0, 0.0, 0.9752168396510272, 0.0, 0.0, 0.0, 0.0, 0.0, 0.0, 0.0, 0.0, 0.0, 0.0, 0.0, 0.0, 0.0, 0.0, 0.0, 0.0, 0.0, 0.0, 0.0, 0.0, 0.0, 0.0, 0.0, 0.0, 0.0, 0.0, 0.0, 0.0, 0.0], [0.0, 0.0, 0.0, 0.0, 0.0, 0.9771409443374695, 0.0, 0.0, 0.0, 0.0, 0.0, 0.0, 0.0, 0.0, 0.0, 0.0, 0.0, 0.0, 0.0, 0.0, 0.0, 0.0, 0.0, 0.0, 0.0, 0.0, 0.0, 0.0, 0.0, 0.0, 0.0, 0.0, 0.0, 0.0, 0.0], [0.0, 0.0, 0.0, 0.0, 0.0, 0.0, 0.9760773253172499, 0.0, 0.0, 0.0, 0.0, 0.0, 0.0, 0.0, 0.0, 0.0, 0.0, 0.0, 0.0, 0.0, 0.0, 0.0, 0.0, 0.0, 0.0, 0.0, 0.0, 0.0, 0.0, 0.0, 0.0, 0.0, 0.0, 0.0, 0.0], [0.0, 0.0, 0.0, 0.0, 0.0, 0.0, 0.9764451265954033, 0.0, 0.0, 0.0, 0.0, 0.0, 0.0, 0.0, 0.0, 0.0, 0.0, 0.0, 0.0, 0.0, 0.0, 0.0, 0.0, 0.0, 0.0, 0.0, 0.0, 0.0, 0.0, 0.0, 0.0, 0.0, 0.0, 0.0, 0.0], [0.0, 0.0, 0.0, 0.0, 0.0, 0.0, 0.0, 0.9753108158471807, 0.0, 0.0, 0.0, 0.0, 0.0, 0.0, 0.0, 0.0, 0.0, 0.0, 0.0, 0.0, 0.0, 0.0, 0.0, 0.0, 0.0, 0.0, 0.0, 0.0, 0.0, 0.0, 0.0, 0.0, 0.0, 0.0, 0.0], [0.0, 0.0, 0.0, 0.0, 0.0, 0.0, 0.0, 0.97638928760071, 0.0, 0.0, 0.0, 0.0, 0.0, 0.0, 0.0, 0.0, 0.0, 0.0, 0.0, 0.0, 0.0, 0.0, 0.0, 0.0, 0.0, 0.0, 0.0, 0.0, 0.0, 0.0, 0.0, 0.0, 0.0, 0.0, 0.0], [0.0, 0.0, 0.0, 0.0, 0.0, 0.0, 0.0, 0.0, 0.9616188897418887, 0.0, 0.0, 0.0, 0.0, 0.0, 0.0, 0.0, 0.0, 0.0, 0.0, 0.0, 0.0, 0.0, 0.0, 0.0, 0.0, 0.0, 0.0, 0.0, 0.0, 0.0, 0.0, 0.0, 0.0, 0.0, 0.0], [0.0, 0.0, 0.0, 0.0, 0.0, 0.0, 0.0, 0.0, 0.9445437117086645, 0.0, 0.0, 0.0, 0.0, 0.0, 0.0, 0.0, 0.0, 0.0, 0.0, 0.0, 0.0, 0.0, 0.0, 0.0, 0.0, 0.0, 0.0, 0.0, 0.0, 0.0, 0.0, 0.0, 0.0, 0.0, 0.0], [0.0, 0.0, 0.0, 0.0, 0.0, 0.0, 0.0, 0.0, 0.0, 0.0, 0.0, 0.0, 0.978279919425037, 0.0, 0.0, 0.0, 0.0, 0.0, 0.0, 0.0, 0.0, 0.0, 0.0, 0.0, 0.0, 0.0, 0.0, 0.0, 0.0, 0.0, 0.0, 0.0, 0.0, 0.0, 0.0], [0.0, 0.0, 0.0, 0.0, 0.0, 0.0, 0.0, 0.0, 0.0, 0.0, 0.0, 0.0, 0.9781286809599067, 0.0, 0.0, 0.0, 0.0, 0.0, 0.0, 0.0, 0.0, 0.0, 0.0, 0.0, 0.0, 0.0, 0.0, 0.0, 0.0, 0.0, 0.0, 0.0, 0.0, 0.0, 0.0], [0.0, 0.0, 0.0, 0.0, 0.0, 0.0, 0.0, 0.0, 0.0, 0.0, 0.0, 0.0, 0.9819511086516389, 0.0, 0.0, 0.0, 0.0, 0.0, 0.0, 0.0, 0.0, 0.0, 0.0, 0.0, 0.0, 0.0, 0.0, 0.0, 0.0, 0.0, 0.0, 0.0, 0.0, 0.0, 0.0]], "Born radii": [], "Atomic SASAs": [], "Solvent H bonds": [], "Total SASA": NaN, "Total FOD": 0.0, "FOD": [0.0, 0.0, 0.0, 0.0, 0.0, 0.0, 0.0, 0.0, 0.0, 0.0, 0.0, 0.0, 0.0, 0.0, 0.0, 0.0, 0.0, 0.0, 0.0, 0.0, 0.0, 0.0, 0.0, 0.0, 0.0, 0.0, 0.0, 0.0, 0.0, 0.0, 0.0, 0.0, 0.0, 0.0, 0.0], "FOD s proportion": [0.0, 0.0, 0.0, 0.0, 0.0, 0.0, 0.0, 0.0, 0.0, 0.0, 0.0, 0.0, 0.0, 0.0, 0.0, 0.0, 0.0, 0.0, 0.0, 0.0, 0.0, 0.0, 0.0, 0.0, 0.0, 0.0, 0.0, 0.0, 0.0, 0.0, 0.0, 0.0, 0.0, 0.0, 0.0], "FOD p proportion": [0.0, 0.0, 0.0, 0.0, 0.0, 0.0, 0.0, 0.0, 0.0, 0.0, 0.0, 0.0, 0.0, 0.0, 0.0, 0.0, 0.0, 0.0, 0.0, 0.0, 0.0, 0.0, 0.0, 0.0, 0.0, 0.0, 0.0, 0.0, 0.0, 0.0, 0.0, 0.0, 0.0, 0.0, 0.0], "FOD d proportion": [0.0, 0.0, 0.0, 0.0, 0.0, 0.0, 0.0, 0.0, 0.0, 0.0, 0.0, 0.0, 0.0, 0.0, 0.0, 0.0, 0.0, 0.0, 0.0, 0.0, 0.0, 0.0, 0.0, 0.0, 0.0, 0.0, 0.0, 0.0, 0.0, 0.0, 0.0, 0.0, 0.0, 0.0, 0.0], "coordinates": [["-5.46650", "1.11260", "1.64320"], ["-4.41280", "0.81820", "0.58750"], ["-3.14910", "0.22340", "1.20810"], ["-2.09170", "-0.07120", "0.14290"], ["-0.82690", "-0.66630", "0.76390"], ["0.23110", "-0.96130", "-0.30210"], ["1.49740", "-1.55060", "0.32300"], ["2.54360", "-1.98980", "-0.70880"], ["3.11100", "-0.86440", "-1.57380"], ["3.91120", "0.14410", "-0.78230"], ["4.46110", "-0.07320", "0.28800"], ["3.96000", "1.32490", "-1.46200"], ["4.71190", "2.34340", "-0.80130"], ["-5.09360", "1.83110", "2.38010"], ["-5.75900", "0.19920", "2.17100"], ["-6.36140", "1.53720", "1.17760"], ["-4.82820", "0.12250", "-0.15090"], ["-4.16650", "1.74550", "0.05710"], ["-3.40170", "-0.70150", "1.74090"], ["-2.74000", "0.92130", "1.94880"], ["-1.83930", "0.85380", "-0.38970"], ["-2.50080", "-0.76930", "-0.59760"], ["-0.41720", "0.03190", "1.50400"], ["-1.07990", "-1.59100", "1.29670"], ["0.47070", "-0.03280", "-0.83210"], ["-0.17680", "-1.66300", "-1.03960"], ["1.22420", "-2.42960", "0.92050"], ["1.93510", "-0.82650", "1.01980"], ["3.36410", "-2.48780", "-0.17730"], ["2.09690", "-2.74520", "-1.36700"], ["2.30280", "-0.35210", "-2.10520"], ["3.78460", "-1.29130", "-2.32570"], ["5.75690", "2.03730", "-0.69060"], ["4.26980", "2.57630", "0.17250"], ["4.67900", "3.24420", "-1.42040"]], "bond_dist": [[0.0, 1.5203478352008792, 2.519986390836268, 3.8783446945829865, 5.046141284189336, 6.367723224198739, 7.5717544525691, 8.906092957632993, 9.371826089402216, 9.734592944237576, 10.089595157388626, 9.927045914067287, 10.539937165372477, 1.0946772446707749, 1.094727660196818, 1.094492818615088, 2.146280436010169, 2.1462235717650664, 2.750255104531214, 2.750234408191418, 4.166082055120855, 4.166306366555393, 5.165531881616839, 5.164472361238851, 6.533712198283607, 6.548457626800375, 7.60492883727389, 7.67674533445001, 9.708583664469293, 9.008270890687069, 8.749735489716246, 10.349577461423245, 11.500713025286736, 9.954944192209217, 10.810205075298065], [1.5203478352008792, 0.0, 1.5283550274723474, 2.525115191431868, 3.8850400281078183, 5.052110016616819, 6.372726083082498, 7.612933642821274, 8.006867482979844, 8.462844607459125, 8.92358646621413, 8.634869714130028, 9.354953263913188, 2.1686101101857846, 2.1686142326379767, 2.1592176754556265, 1.0962619258188255, 1.096299749156224, 2.1591995878102606, 2.159172790677022, 2.7530146112943172, 2.753245768179804, 4.174093829803062, 4.173180045241278, 5.156358929516059, 5.1717988988358785, 6.514204697428536, 6.571739175439026, 8.484970751275457, 7.674248099976961, 7.329360049826997, 8.951764700325853, 10.321944705819732, 8.86852205105225, 9.621744418243502], [2.519986390836268, 1.5283550274723474, 0.0, 1.529553843445859, 2.5261616278456924, 3.8871545081203034, 5.051775951088884, 6.40153053105271, 6.9362185994964145, 7.335926440470896, 7.671355786951874, 7.6734633034895, 8.386143890966814, 2.781971160885749, 2.78196694085318, 3.4707163496892104, 2.1625074843801118, 2.1625661076600644, 1.0968694589603634, 1.0968426094932673, 2.1600798688937406, 2.1601617231124153, 2.7545429148953184, 2.753449828851072, 4.163052548311155, 4.176748441072313, 5.123170468567291, 5.194885613755129, 7.189694905905256, 6.554711433007559, 6.405651469600887, 7.928319760201401, 9.285048782855155, 7.8516675286209106, 8.792803563141849], [3.8783446945829865, 2.525115191431868, 1.529553843445859, 0.0, 1.5295437391588382, 2.5269948258751938, 3.8862191368989993, 5.088459977242623, 5.5357305227042986, 6.077594716662177, 6.554406597854606, 6.414660716670836, 7.2808502085951465, 4.199430049423374, 4.199451757074963, 4.678449822323629, 2.7590343201924834, 2.7590860026465287, 2.160319904551175, 2.1602370124595125, 1.096810612640122, 1.096834841715014, 2.1603641058858574, 2.1598115010342913, 2.7418959352973262, 2.7566239315510557, 4.142692980417448, 4.189815024556573, 5.9756369735786325, 5.193692710394022, 4.94413679725794, 6.489493944831138, 8.169517516965122, 6.890487258532592, 7.6992312953956645], [5.046141284189336, 3.8850400281078183, 2.5261616278456924, 1.5295437391588382, 0.0, 1.5306028224199772, 2.5256186944984393, 3.9090622647893443, 4.583791150347057, 5.049462764492873, 5.3423957565871145, 5.642155604022279, 6.495109742721827, 5.201330415384126, 5.201406643399456, 5.9713692056345, 4.1796490486642535, 4.179626016762744, 2.754153786555863, 2.753981368854917, 2.160196919264538, 2.1601463978165922, 1.096852469569176, 1.096793020583191, 2.1522787946732183, 2.160706632099786, 2.7093840001003917, 2.7784515201817, 4.665640437281896, 4.172668985194009, 4.257402792783412, 5.585891639657898, 7.2643957525729554, 6.0696424614634426, 7.097753979252874], [6.367723224198739, 5.052110016616819, 3.8871545081203034, 2.5269948258751938, 1.5306028224199772, 0.0, 1.5302091981163883, 2.5633714888794406, 3.1496721273808803, 3.872420071479849, 4.362320439857669, 4.525126921976885, 5.589974183303533, 6.58362549739883, 6.583637434579763, 7.2036845148854205, 5.176292144962454, 5.176357468336204, 4.175952691302908, 4.175903348977321, 2.754780922323951, 2.7545347810474277, 2.1607258826607323, 2.161343223553353, 1.0956369882401744, 1.0966638272506302, 2.1533469901527718, 2.1608347114020545, 3.487329392242723, 2.7924041362238383, 2.813225042544588, 4.102586892437502, 6.2989681575635865, 5.389893933093675, 6.222591064018269], [7.5717544525691, 6.372726083082498, 5.051775951088884, 3.8862191368989993, 2.5256186944984393, 1.5302091981163883, 0.0, 1.5336369583444447, 2.583103877121476, 3.1496232504856834, 3.311714578583125, 4.185585264930102, 5.173035544049548, 7.688227123336043, 7.689749345719925, 8.486788994666945, 6.5602637279304545, 6.55856243623555, 5.170357050533357, 5.1680822371552875, 4.174044506231336, 4.17654609575903, 2.750410952930489, 2.7553945525096766, 2.166122281866839, 2.1615406912663016, 1.097399421359425, 1.0960986908121002, 2.1478391047748433, 2.154662249634499, 2.825106484718762, 3.5091497574198796, 5.660720061970915, 4.97394768971287, 6.012664065121218], [8.906092957632993, 7.612933642821274, 6.40153053105271, 5.088459977242623, 3.9090622647893443, 2.5633714888794406, 1.5336369583444447, 0.0, 1.528624518971222, 2.5355987892409164, 2.888558818857598, 3.682490365228401, 4.8463082217291955, 9.081156526566426, 9.056386464810343, 9.76203149759311, 7.688725443140756, 7.717804798645791, 6.5579980992677935, 6.59194735491721, 5.234281056649519, 5.191142172008006, 4.213085730198236, 4.160627830027579, 2.8534130966265647, 2.759855619412001, 2.142162199741187, 2.1706213626517177, 1.0971401460159955, 1.0969946627035156, 2.165635908919133, 2.1546110693115823, 5.152005681285687, 4.9604158434550625, 5.697461164413497], [9.371826089402216, 8.006867482979844, 6.9362185994964145, 5.5357305227042986, 4.583791150347057, 3.1496721273808803, 2.583103877121476, 1.528624518971222, 0.0, 1.5112460223272715, 2.4320910118661265, 2.3508157584123857, 3.667372070025074, 9.49813174366412, 9.686674971320139, 10.152056258709365, 8.12585458028877, 7.901482080597285, 7.309516659123229, 7.059152658074481, 5.372129386007005, 5.696868410802553, 4.767011828179158, 5.131409223595406, 2.8658090550488535, 3.425311728879578, 3.497341528933084, 2.8479708881939088, 2.1563161688398114, 2.1467588802657835, 1.0945430507750713, 1.096053912907572, 4.025008315519361, 4.028746408003363, 4.400312434361905], [9.734592944237576, 8.462844607459125, 7.335926440470896, 6.077594716662177, 5.049462764492873, 3.872420071479849, 3.1496232504856834, 2.5355987892409164, 1.5112460223272715, 0.0, 1.2227638324713404, 1.3633276091974371, 2.340598637101201, 9.691912391267266, 10.111270194194201, 10.550272336769321, 8.7622054803571, 8.27757884951874, 7.7820359810270725, 7.2319712727582095, 5.807414149171729, 6.479363984991119, 4.896407161378637, 5.678370560292803, 3.4454047512592774, 4.47700320527024, 4.091873474339108, 2.8451010491720674, 2.7554021521367797, 3.461446672996711, 2.140847825045022, 2.1115123205892026, 2.6456045849673, 2.6373914840235604, 3.2568863136437542], [10.089595157388626, 8.92358646621413, 7.671355786951874, 6.554406597854606, 5.3423957565871145, 4.362320439857669, 3.311714578583125, 2.888558818857598, 2.4320910118661265, 1.2227638324713404, 0.0, 2.295274454177539, 2.6625984845635284, 9.964714395806837, 10.395688277839039, 10.977763095002551, 9.30172167880764, 8.820230510593248, 8.020555039397212, 7.45675050541454, 6.404189757494699, 7.052438881691922, 5.028669098280379, 5.832998673924074, 4.144821869513815, 5.079380100957203, 4.053418164956584, 2.735629384620658, 2.692620702958365, 3.93294427115361, 3.2347256977988104, 2.9618993146290435, 2.6628867512532333, 2.658906953994441, 3.737814030954456], [9.927045914067287, 8.634869714130028, 7.6734633034895, 6.414660716670836, 5.642155604022279, 4.525126921976885, 4.185585264930102, 3.682490365228401, 2.3508157584123857, 1.3633276091974371, 2.295274454177539, 0.0, 1.428012727534317, 9.848128949704101, 10.436706879566946, 10.655696007769741, 8.966449030134505, 8.277956959298592, 8.280065957466764, 7.529040416945575, 5.91638766393819, 6.846517190513729, 5.443242125792311, 6.4430963449260945, 3.7967535856307557, 5.120457246184173, 5.220840750300664, 3.858506603596785, 4.067214303426855, 4.477262625756948, 2.443838595324986, 2.760660299638476, 2.081206700450486, 2.081722423859627, 2.0499765974273956], [10.539937165372477, 9.354953263913188, 8.386143890966814, 7.2808502085951465, 6.495109742721827, 5.589974183303533, 5.173035544049548, 4.8463082217291955, 3.667372070025074, 2.340598637101201, 2.6625984845635284, 1.428012727534317, 0.0, 10.321414026188467, 11.093777884021295, 11.277587354571898, 9.816767542322674, 8.939816638499918, 9.031317833516878, 8.069462933182109, 6.731013605691196, 7.858335464333398, 6.07989367916907, 7.309312867841957, 4.861589505501262, 6.325141543080281, 6.157123965781426, 4.590783098775197, 5.054348056871429, 5.7490948374505, 3.843128708487396, 4.049039977574931, 1.0945212195293428, 1.0945233026299621, 1.0935299995884888], [1.0946772446707749, 2.1686101101857846, 2.781971160885749, 4.199430049423374, 5.201330415384126, 6.58362549739883, 7.688227123336043, 9.081156526566426, 9.49813174366412, 9.691912391267266, 9.964714395806837, 9.848128949704101, 10.321414026188467, 0.0, 1.7747049275865552, 1.7719199474016873, 3.065242587463511, 2.5026327677068405, 3.112099775071487, 2.559919664755127, 4.3837627467735985, 4.72772559377128, 5.086589113541608, 5.384636632122914, 6.6898270934307416, 6.933830481054466, 7.7587752570879385, 7.63648332283912, 9.834931685578708, 9.310562300419884, 8.921379449950551, 10.52218468950246, 11.278522384603402, 9.64894192955891, 10.580376298601106], [1.094727660196818, 2.1686142326379767, 2.78196694085318, 4.199451757074963, 5.201406643399456, 6.583637434579763, 7.689749345719925, 9.056386464810343, 9.686674971320139, 10.111270194194201, 10.395688277839039, 10.436706879566946, 11.093777884021295, 1.7747049275865552, 0.0, 1.771996986453419, 2.502696773482557, 3.0652362307006618, 2.5599042540688903, 3.1120993316409424, 4.727550501052316, 4.383948613978043, 5.385880200115855, 5.0855868235632355, 6.9196528597900056, 6.7034840225065055, 7.565673924377127, 7.8470693089840875, 9.796194950081384, 9.105059042642173, 9.142343100649855, 10.654679821561981, 12.007635861400862, 10.498639726174053, 11.450852499268342], [1.094492818615088, 2.1592176754556265, 3.4707163496892104, 4.678449822323629, 5.9713692056345, 7.2036845148854205, 8.486788994666945, 9.76203149759311, 10.152056258709365, 10.550272336769321, 10.977763095002551, 10.655696007769741, 11.277587354571898, 1.7719199474016873, 1.771996986453419, 0.0, 2.473255057611325, 2.473154898100804, 3.7535195044118255, 3.7534810789452497, 4.834547885790355, 4.834822607914379, 6.140519415326361, 6.139549030669923, 7.292556787574574, 7.3079773562867585, 8.564048692645319, 8.628087318751474, 10.612338538701072, 9.816148827824483, 9.455928932156798, 11.100217977139009, 12.271652950601235, 10.729043212700748, 11.469694205165192], [2.146280436010169, 1.0962619258188255, 2.1625074843801118, 2.7590343201924834, 4.1796490486642535, 5.176292144962454, 6.5602637279304545, 7.688725443140756, 8.12585458028877, 8.7622054803571, 9.30172167880764, 8.966449030134505, 9.816767542322674, 3.065242587463511, 2.502696773482557, 2.473255057611325, 0.0, 1.7650042181252712, 2.5085425031280613, 3.067148638393646, 3.086316305889596, 2.532121420864331, 4.712093310833307, 4.368223998377372, 5.344763113553303, 5.060960373288848, 6.655272956836557, 6.929167798516644, 8.598147610968306, 7.593392687725297, 7.40916288456395, 8.994937983110278, 10.770426042641025, 9.428643910976804, 10.08679795475254], [2.1462235717650664, 1.096299749156224, 2.1625661076600644, 2.7590860026465287, 4.179626016762744, 5.176357468336204, 6.55856243623555, 7.717804798645791, 7.901482080597285, 8.27757884951874, 8.820230510593248, 8.277956959298592, 8.939816638499918, 2.5026327677068405, 3.0652362307006618, 2.473154898100804, 1.7650042181252712, 0.0, 3.067231729100363, 2.5085327942843403, 2.531920016509211, 3.0866499024022795, 4.368889453854377, 4.711256729366379, 5.045458489572578, 5.3608142319987175, 6.872886297619073, 6.6911507119478335, 8.642089366004033, 7.8373864814745495, 7.136337263610795, 8.838545202124612, 9.955805848347989, 8.477894991682781, 9.092413221472066], [2.750255104531214, 2.1591995878102606, 1.0968694589603634, 2.160319904551175, 2.754153786555863, 4.175952691302908, 5.170357050533357, 6.5579980992677935, 7.309516659123229, 7.7820359810270725, 8.020555039397212, 8.280065957466764, 9.031317833516878, 3.112099775071487, 2.5599042540688903, 3.7535195044118255, 2.5085425031280613, 3.067231729100363, 0.0, 1.764808527857909, 3.0658617401963837, 2.506950318614232, 3.0824077309791442, 2.5257234864489813, 4.697123635800956, 4.36527691103325, 5.005830258808223, 5.386747112126204, 7.255784490322187, 6.638550599340189, 6.888823253647897, 8.278164487976788, 9.863730108331229, 8.488566642843772, 9.532055322437024], [2.750234408191418, 2.159172790677022, 1.0968426094932673, 2.1602370124595125, 2.753981368854917, 4.175903348977321, 5.1680822371552875, 6.59194735491721, 7.059152658074481, 7.2319712727582095, 7.45675050541454, 7.529040416945575, 8.069462933182109, 2.559919664755127, 3.1120993316409424, 3.7534810789452497, 3.067148638393646, 2.5085327942843403, 1.764808527857909, 0.0, 2.5068703576371876, 3.0658600685615123, 2.5267131297398997, 3.0810416598936143, 4.353424641589654, 4.709472931231264, 5.291579474977202, 5.076849992859746, 7.3076877895816, 6.916166098352468, 6.59441395424946, 8.107857557332887, 8.967117595414928, 7.418326140713955, 8.472835065667217], [4.166082055120855, 2.7530146112943172, 2.1600798688937406, 1.096810612640122, 2.160196919264538, 2.754780922323951, 4.174044506231336, 5.234281056649519, 5.372129386007005, 5.807414149171729, 6.404189757494699, 5.91638766393819, 6.731013605691196, 4.3837627467735985, 4.727550501052316, 4.834547885790355, 3.086316305889596, 2.531920016509211, 3.0658617401963837, 2.5068703576371876, 0.0, 1.7650094249040145, 2.5067883257267654, 3.0655636284376806, 2.513538804156403, 3.085540228225845, 4.677859750997245, 4.365340044028644, 6.187630877807758, 5.422323001260622, 4.642642293995952, 6.322800109128866, 7.693729102327427, 6.372140762726448, 7.018873808525126], [4.166306366555393, 2.753245768179804, 2.1601617231124153, 1.096834841715014, 2.1601463978165922, 2.7545347810474277, 4.17654609575903, 5.191142172008006, 5.696868410802553, 6.479363984991119, 7.052438881691922, 6.846517190513729, 7.858335464333398, 4.72772559377128, 4.383948613978043, 4.834822607914379, 2.532121420864331, 3.0866499024022795, 2.506950318614232, 3.0658600685615123, 1.7650094249040145, 0.0, 3.065947318529788, 2.506495599437589, 3.07038022889674, 2.5288415707592278, 4.351648963324132, 4.721913109111602, 6.125924122122311, 5.063102059014809, 5.051879507668408, 6.5395004985090415, 8.722113382088082, 7.591252711509478, 8.266481121372019], [5.165531881616839, 4.174093829803062, 2.7545429148953184, 2.1603641058858574, 1.096852469569176, 2.1607258826607323, 2.750410952930489, 4.213085730198236, 4.767011828179158, 4.896407161378637, 5.028669098280379, 5.443242125792311, 6.07989367916907, 5.086589113541608, 5.385880200115855, 6.140519415326361, 4.712093310833307, 4.368889453854377, 3.0824077309791442, 2.5267131297398997, 2.5067883257267654, 3.065947318529788, 0.0, 1.7652050844023761, 2.4999831419431615, 3.0660037720133353, 3.0155676845330466, 2.5504147682288854, 4.844985806996755, 4.7197059463487765, 4.535656583120023, 5.83717256640576, 6.852547637922702, 5.496802034819883, 6.696434953764578], [5.164472361238851, 4.173180045241278, 2.753449828851072, 2.1598115010342913, 1.096793020583191, 2.161343223553353, 2.7553945525096766, 4.160627830027579, 5.131409223595406, 5.678370560292803, 5.832998673924074, 6.4430963449260945, 7.309312867841957, 5.384636632122914, 5.0855868235632355, 6.139549030669923, 4.368223998377372, 4.711256729366379, 2.5257234864489813, 3.0810416598936143, 3.0655636284376806, 2.506495599437589, 1.7652050844023761, 0.0, 3.060087750375796, 2.505807514554939, 2.4806558024038723, 3.1227165833613526, 4.7671859875612155, 4.303432765827764, 4.954841683646411, 6.072475780108143, 7.990979690876458, 6.873827537842363, 7.995418729497537], [6.533712198283607, 5.156358929516059, 4.163052548311155, 2.7418959352973262, 2.1522787946732183, 1.0956369882401744, 2.166122281866839, 2.8534130966265647, 2.8658090550488535, 3.4454047512592774, 4.144821869513815, 3.7967535856307557, 4.861589505501262, 6.6898270934307416, 6.9196528597900056, 7.292556787574574, 5.344763113553303, 5.045458489572578, 4.697123635800956, 4.353424641589654, 2.513538804156403, 3.07038022889674, 2.4999831419431615, 3.060087750375796, 0.0, 1.766313828287601, 3.063334661769752, 2.490775112289345, 3.8506559960609312, 3.2074535398038115, 2.2537361225307633, 3.8466344276523086, 5.678842021046192, 4.716967752698761, 5.366061384292953], [6.548457626800375, 5.1717988988358785, 4.176748441072313, 2.7566239315510557, 2.160706632099786, 1.0966638272506302, 2.1615406912663016, 2.759855619412001, 3.425311728879578, 4.47700320527024, 5.079380100957203, 5.120457246184173, 6.325141543080281, 6.933830481054466, 6.7034840225065055, 7.3079773562867585, 5.060960373288848, 5.3608142319987175, 4.36527691103325, 4.709472931231264, 3.085540228225845, 2.5288415707592278, 3.0660037720133353, 2.505807514554939, 1.766313828287601, 0.0, 2.528333160404301, 3.0661021215869506, 3.7365531094847295, 2.5393029141872776, 3.0003963621495076, 4.1814954334544, 7.001629580319142, 6.262036606408493, 6.914073627030595], [7.60492883727389, 6.514204697428536, 5.123170468567291, 4.142692980417448, 2.7093840001003917, 2.1533469901527718, 1.097399421359425, 2.142162199741187, 3.497341528933084, 4.091873474339108, 4.053418164956584, 5.220840750300664, 6.157123965781426, 7.7587752570879385, 7.565673924377127, 8.564048692645319, 6.655272956836557, 6.872886297619073, 5.005830258808223, 5.291579474977202, 4.677859750997245, 4.351648963324132, 3.0155676845330466, 2.4806558024038723, 3.063334661769752, 2.528333160404301, 0.0, 1.7564648900561606, 2.4057689186619733, 2.46857547990739, 3.8254731341364825, 4.2882618261948515, 6.5646178952015175, 5.907132821428684, 7.04325651172808], [7.67674533445001, 6.571739175439026, 5.194885613755129, 4.189815024556573, 2.7784515201817, 2.1608347114020545, 1.0960986908121002, 2.1706213626517177, 2.8479708881939088, 2.8451010491720674, 2.735629384620658, 3.858506603596785, 4.590783098775197, 7.63648332283912, 7.8470693089840875, 8.628087318751474, 6.929167798516644, 6.6911507119478335, 5.386747112126204, 5.076849992859746, 4.365340044028644, 4.721913109111602, 2.5504147682288854, 3.1227165833613526, 2.490775112289345, 3.0661021215869506, 1.7564648900561606, 0.0, 2.4969996195434234, 3.0666599371302974, 3.182119364511646, 3.850851794084005, 5.072767867742422, 4.212812507102589, 5.4821676132712325], [9.708583664469293, 8.484970751275457, 7.189694905905256, 5.9756369735786325, 4.665640437281896, 3.487329392242723, 2.1478391047748433, 1.0971401460159955, 2.1563161688398114, 2.7554021521367797, 2.692620702958365, 4.067214303426855, 5.054348056871429, 9.834931685578708, 9.796194950081384, 10.612338538701072, 8.598147610968306, 8.642089366004033, 7.255784490322187, 7.3076877895816, 6.187630877807758, 6.125924122122311, 4.844985806996755, 4.7671859875612155, 3.8506559960609312, 3.7365531094847295, 2.4057689186619733, 2.4969996195434234, 0.0, 1.7571103237987078, 3.0666546251575184, 2.494805615674295, 5.144462920461183, 5.156332159587859, 6.010830526641057], [9.008270890687069, 7.674248099976961, 6.554711433007559, 5.193692710394022, 4.172668985194009, 2.7924041362238383, 2.154662249634499, 1.0969946627035156, 2.1467588802657835, 3.461446672996711, 3.93294427115361, 4.477262625756948, 5.7490948374505, 9.310562300419884, 9.105059042642173, 9.816148827824483, 7.593392687725297, 7.8373864814745495, 6.638550599340189, 6.916166098352468, 5.422323001260622, 5.063102059014809, 4.7197059463487765, 4.303432765827764, 3.2074535398038115, 2.5393029141872776, 2.46857547990739, 3.0666599371302974, 1.7571103237987078, 0.0, 2.5128194642671806, 2.4251313758227617, 6.060150428000942, 5.9506232371071865, 6.52249985281717], [8.749735489716246, 7.329360049826997, 6.405651469600887, 4.94413679725794, 4.257402792783412, 2.813225042544588, 2.825106484718762, 2.165635908919133, 1.0945430507750713, 2.140847825045022, 3.2347256977988104, 2.443838595324986, 3.843128708487396, 8.921379449950551, 9.142343100649855, 9.455928932156798, 7.40916288456395, 7.136337263610795, 6.888823253647897, 6.59441395424946, 4.642642293995952, 5.051879507668408, 4.535656583120023, 4.954841683646411, 2.2537361225307633, 3.0003963621495076, 3.8254731341364825, 3.182119364511646, 3.0666546251575184, 2.5128194642671806, 0.0, 1.7681764985430612, 4.431831712734589, 4.199110959477018, 4.364476047591509], [10.349577461423245, 8.951764700325853, 7.928319760201401, 6.489493944831138, 5.585891639657898, 4.102586892437502, 3.5091497574198796, 2.154