{"total energy": -20.88744211, "HOMO-LUMO gap/eV": 11.70588859, "electronic energy": -21.14138224, "dipole": [-0.17789683, -0.59839802, -0.3548064], "partial charges": [-0.1041296, -0.06093482, 0.11564849, -0.45477748, -0.06721225, -0.09942091, 0.03449882, 0.03862821, 0.03378908, 0.04472919, 0.04613016, 0.011185, 0.28572861, 0.03406356, 0.04396553, 0.02868312, 0.03498113, 0.03444414], "atomic dipole moments": [[-0.07035458, 0.08111453, 0.00479334], [-0.03965393, -0.11031431, -0.06095288], [-0.08533063, 0.13291744, 0.07937219], [0.01287946, -0.21658397, -0.09326951], [-0.02915979, 0.0564466, -0.0986229], [0.08949659, 0.01862559, 0.04425001], [-0.0374973, -0.09871041, 0.06803], [0.11145707, 0.03276526, 0.04584383], [0.0183639, -0.03666017, -0.11920043], [-0.01166349, 0.03641718, 0.12043272], [0.05536479, 0.10075866, -0.04729038], [0.01369975, -0.01615369, -0.11854282], [-0.05414651, -0.01438141, -0.053872], [0.05824844, -0.10971799, 0.00250376], [-0.02792059, 0.0290742, 0.1207848], [0.01390041, -0.03004915, -0.12100219], [-0.05746482, -0.09704999, 0.05643252], [-0.07856422, 0.09765339, 0.00956578]], "atomic quadrupole moments": [[0.02721162, -0.16455576, 0.09652225, -0.01154754, 0.02206382, -0.12373386], [0.16449391, -0.1111212, -0.00194243, 0.12618255, 0.04153236, -0.16255147], [0.06189341, -0.1691031, 0.23655145, 0.03835232, -0.03447144, -0.29844486], [-0.01385168, -0.10207964, 0.11321216, 0.0197866, 0.0303582, -0.09936048], [0.12691921, 0.15095769, -0.03970905, 0.07314061, -0.10082776, -0.08721016], [0.14384427, 0.05648129, -0.10314518, 0.14129789, 0.02077914, -0.04069909], [-0.01458215, 0.03039328, 0.02780942, -0.03760526, -0.04583501, -0.01322727], [0.0512207, 0.02923787, -0.01485169, 0.04436536, 0.01878043, -0.03636901], [-0.04552101, -0.01255447, -0.03048579, -0.00412443, 0.02446389, 0.0760068], [-0.02111739, -0.01016732, -0.03500157, -0.01967544, 0.0056834, 0.05611896], [-0.002799, 0.02014772, 0.01361883, -0.01777496, -0.04447465, -0.01081983], [-0.01452787, -0.01607951, 0.00224654, -0.0041007, 0.01537488, 0.01228134], [0.05398755, -0.01183962, -0.05498456, 0.10708304, 0.02377799, 0.00099701], [0.01385447, -0.03530524, 0.0357473, -0.00012881, 0.00885125, -0.04960177], [-0.01354739, 0.00355388, -0.02829657, -0.01090438, 0.03592341, 0.04184395], [-0.0232819, -0.00641496, -0.0483304, -0.0224243, 0.02724563, 0.07161231], [-0.01085033, 0.03980022, 0.02595099, -0.01344428, -0.05205416, -0.01510066], [-0.00565523, -0.05085929, 0.04762659, 0.00561361, 0.0179548, -0.04197135]], "number of molecular orbitals": 36, "number of electrons": 38, "number of unpaired electrons": 0, "orbital energies/eV": [-18.4401457, -17.13708153, -16.7471055, -16.25299161, -15.61085723, -15.28570544, -14.98410848, -14.25498741, -13.9542358, -13.59915633, -13.35846734, -12.79768281, -12.66620447, -12.55584972, -12.26201326, -11.94666789, -11.71304457, -11.58757434, -10.91504118, 0.79084741, 1.82538829, 2.94261458, 3.20478617, 3.32746392, 3.69499035, 3.92537452, 4.47695638, 4.88323091, 4.97473456, 5.41802093, 5.77840709, 6.769131, 6.83596631, 7.24132815, 7.8853897, 7.99317265], "fractional occupation": [2.0, 2.0, 2.0, 2.0, 2.0, 2.0, 2.0, 2.0, 2.0, 2.0, 2.0, 2.0, 2.0, 2.0, 2.0, 2.0, 2.0, 2.0, 2.0, 0.0, 0.0, 0.0, 0.0, 0.0, 0.0, 0.0, 0.0, 0.0, 0.0, 0.0, 0.0, 0.0, 0.0, 0.0, 0.0, 0.0], "program call": "xtb /home/svss/Project-DBcg-Debug/aqme2_20220329/End-to-End-workflows-final/example-3/QDESCP/mol_993_rdkit_conf_6/mol_993_rdkit_conf_6.xyz --pop --wbo --acc 0.2 --gfn 2 --chrg 0 --uhf 0 --etemp 300 --input /home/svss/Project-DBcg-Debug/aqme2_20220329/End-to-End-workflows-final/example-3/QDESCP/mol_993_rdkit_conf_6/mol_993_rdkit_conf_6_xtb.inp", "method": "GFN2-xTB", "xtb version": "6.3.3 (7355c4f)", "Dipole module/D": 1.825, "Total charge": 0, "Transition dipole module/D": NaN, "HOMO": -10.915, "LUMO": 0.7908, "HOMO occupancy": 2.0, "LUMO occupancy": 0, "mulliken charges": [-0.08957, -0.05006, 0.21814, -0.57153, -0.06502, -0.08299, 0.02607, 0.03265, 0.02583, 0.03515, 0.03809, 0.00693, 0.33396, 0.02394, 0.03615, 0.02245, 0.03139, 0.02842], "cm5 charges": [-0.23983, -0.15689, 0.17058, -0.78248, -0.17311, -0.23319, 0.07786, 0.08344, 0.07733, 0.09212, 0.09536, 0.07339, 0.50404, 0.07986, 0.09329, 0.07423, 0.08223, 0.08176], "FUKUI+": [0.001, -0.002, -0.042, -0.166, 0.02, 0.022, -0.049, -0.075, -0.05, -0.063, -0.067, -0.09, -0.144, -0.084, -0.059, -0.042, -0.077, -0.032], "FUKUI-": [0.024, 0.011, -0.005, -0.121, -0.011, 0.024, -0.086, -0.074, -0.06, -0.091, -0.118, -0.099, -0.057, -0.072, -0.058, -0.052, -0.101, -0.054], "FUKUIrad": [0.013, 0.005, -0.024, -0.144, 0.004, 0.023, -0.068, -0.075, -0.055, -0.077, -0.093, -0.095, -0.101, -0.078, -0.058, -0.047, -0.089, -0.043], "s proportion": [1.008, 1.032, 1.02, 1.698, 1.036, 1.008, 0.974, 0.967, 0.974, 0.965, 0.962, 0.993, 0.666, 0.976, 0.964, 0.978, 0.969, 0.972], "p proportion": [3.081, 3.018, 2.762, 4.873, 3.029, 3.075, 0.0, 0.0, 0.0, 0.0, 0.0, 0.0, 0.0, 0.0, 0.0, 0.0, 0.0, 0.0], "d proportion": [0.0, 0.0, 0.0, 0.0, 0.0, 0.0, 0.0, 0.0, 0.0, 0.0, 0.0, 0.0, 0.0, 0.0, 0.0, 0.0, 0.0, 0.0], "Fermi-level/eV": -5.0621, "Coordination numbers": [3.749, 3.799, 3.724, 1.653, 3.799, 3.749, 0.924, 0.924, 0.924, 0.924, 0.924, 0.924, 0.804, 0.924, 0.924, 0.924, 0.924, 0.924], "Dispersion coefficient C6": [22.555, 21.673, 18.789, 21.943, 21.79, 22.464, 2.524, 2.467, 2.533, 2.387, 2.369, 2.871, 0.766, 2.53, 2.397, 2.605, 2.517, 2.524], "Total dispersion C6": 2121.967658, "Total dispersion C8": 43626.436428, "Polarizability alpha": [6.773, 6.628, 6.19, 6.323, 6.646, 6.76, 2.484, 2.456, 2.489, 2.416, 2.407, 2.65, 1.375, 2.487, 2.421, 2.524, 2.481, 2.485], "Total polarizability alpha": 67.99681, "Wiberg matrix": [[0.0, 1.0206850492671717, 0.0, 0.0, 0.0, 0.0, 0.985467105952475, 0.9867107327810154, 0.987257746520975, 0.0, 0.0, 0.0, 0.0, 0.0, 0.0, 0.0, 0.0, 0.0], [1.0206850492671717, 0.0, 0.9930600801714096, 0.0, 0.0, 0.0, 0.0, 0.0, 0.0, 0.9757715909835528, 0.9750824687598675, 0.0, 0.0, 0.0, 0.0, 0.0, 0.0, 0.0], [0.0, 0.9930600801714096, 0.0, 0.9787948501465475, 0.9890532824447547, 0.0, 0.0, 0.0, 0.0, 0.0, 0.0, 0.9649364027955929, 0.0, 0.0, 0.0, 0.0, 0.0, 0.0], [0.0, 0.0, 0.9787948501465475, 0.0, 0.0, 0.0, 0.0, 0.0, 0.0, 0.0, 0.0, 0.0, 0.9008349676348752, 0.0, 0.0, 0.0, 0.0, 0.0], [0.0, 0.0, 0.9890532824447547, 0.0, 0.0, 1.0192544493075597, 0.0, 0.0, 0.0, 0.0, 0.0, 0.0, 0.0, 0.9739819572310939, 0.9761730839751019, 0.0, 0.0, 0.0], [0.0, 0.0, 0.0, 0.0, 1.0192544493075597, 0.0, 0.0, 0.0, 0.0, 0.0, 0.0, 0.0, 0.0, 0.0, 0.0, 0.9875508738185206, 0.9867164609167911, 0.9848121410919494], [0.985467105952475, 0.0, 0.0, 0.0, 0.0, 0.0, 0.0, 0.0, 0.0, 0.0, 0.0, 0.0, 0.0, 0.0, 0.0, 0.0, 0.0, 0.0], [0.9867107327810154, 0.0, 0.0, 0.0, 0.0, 0.0, 0.0, 0.0, 0.0, 0.0, 0.0, 0.0, 0.0, 0.0, 0.0, 0.0, 0.0, 0.0], [0.987257746520975, 0.0, 0.0, 0.0, 0.0, 0.0, 0.0, 0.0, 0.0, 0.0, 0.0, 0.0, 0.0, 0.0, 0.0, 0.0, 0.0, 0.0], [0.0, 0.9757715909835528, 0.0, 0.0, 0.0, 0.0, 0.0, 0.0, 0.0, 0.0, 0.0, 0.0, 0.0, 0.0, 0.0, 0.0, 0.0, 0.0], [0.0, 0.9750824687598675, 0.0, 0.0, 0.0, 0.0, 0.0, 0.0, 0.0, 0.0, 0.0, 0.0, 0.0, 0.0, 0.0, 0.0, 0.0, 0.0], [0.0, 0.0, 0.9649364027955929, 0.0, 0.0, 0.0, 0.0, 0.0, 0.0, 0.0, 0.0, 0.0, 0.0, 0.0, 0.0, 0.0, 0.0, 0.0], [0.0, 0.0, 0.0, 0.9008349676348752, 0.0, 0.0, 0.0, 0.0, 0.0, 0.0, 0.0, 0.0, 0.0, 0.0, 0.0, 0.0, 0.0, 0.0], [0.0, 0.0, 0.0, 0.0, 0.9739819572310939, 0.0, 0.0, 0.0, 0.0, 0.0, 0.0, 0.0, 0.0, 0.0, 0.0, 0.0, 0.0, 0.0], [0.0, 0.0, 0.0, 0.0, 0.9761730839751019, 0.0, 0.0, 0.0, 0.0, 0.0, 0.0, 0.0, 0.0, 0.0, 0.0, 0.0, 0.0, 0.0], [0.0, 0.0, 0.0, 0.0, 0.0, 0.9875508738185206, 0.0, 0.0, 0.0, 0.0, 0.0, 0.0, 0.0, 0.0, 0.0, 0.0, 0.0, 0.0], [0.0, 0.0, 0.0, 0.0, 0.0, 0.9867164609167911, 0.0, 0.0, 0.0, 0.0, 0.0, 0.0, 0.0, 0.0, 0.0, 0.0, 0.0, 0.0], [0.0, 0.0, 0.0, 0.0, 0.0, 0.9848121410919494, 0.0, 0.0, 0.0, 0.0, 0.0, 0.0, 0.0, 0.0, 0.0, 0.0, 0.0, 0.0]], "Born radii": [], "Atomic SASAs": [], "Solvent H bonds": [], "Total SASA": NaN, "Total FOD": 0.0, "FOD": [0.0, 0.0, 0.0, 0.0, 0.0, 0.0, 0.0, 0.0, 0.0, 0.0, 0.0, 0.0, 0.0, 0.0, 0.0, 0.0, 0.0, 0.0], "FOD s proportion": [0.0, 0.0, 0.0, 0.0, 0.0, 0.0, 0.0, 0.0, 0.0, 0.0, 0.0, 0.0, 0.0, 0.0, 0.0, 0.0, 0.0, 0.0], "FOD p proportion": [0.0, 0.0, 0.0, 0.0, 0.0, 0.0, 0.0, 0.0, 0.0, 0.0, 0.0, 0.0, 0.0, 0.0, 0.0, 0.0, 0.0, 0.0], "FOD d proportion": [0.0, 0.0, 0.0, 0.0, 0.0, 0.0, 0.0, 0.0, 0.0, 0.0, 0.0, 0.0, 0.0, 0.0, 0.0, 0.0, 0.0, 0.0], "coordinates": [["2.28130", "-0.35560", "0.24650"], ["1.31770", "0.81620", "0.33930"], ["-0.03620", "0.56210", "-0.33330"], ["-0.75700", "1.79430", "-0.29000"], ["-0.85050", "-0.53630", "0.36140"], ["-2.19150", "-0.79710", "-0.31370"], ["1.92720", "-1.21500", "0.82280"], ["3.25870", "-0.06980", "0.64870"], ["2.42170", "-0.66770", "-0.79310"], ["1.16740", "1.08880", "1.39150"], ["1.78360", "1.69440", "-0.12630"], ["0.12480", "0.30740", "-1.38760"], ["-1.51070", "1.71810", "-0.89870"], ["-0.28720", "-1.47510", "0.37270"], ["-1.04260", "-0.25270", "1.40320"], ["-2.05620", "-1.04760", "-1.37060"], ["-2.69880", "-1.63700", "0.17180"], ["-2.85160", "0.07280", "-0.24470"]], "bond_dist": [[0.0, 1.5199513281681094, 2.5591302389679194, 3.760474591058953, 3.1391122534882374, 4.52931409045564, 1.0936529888406104, 1.094877728333169, 1.0944801185951256, 2.1536224297680406, 2.142238345749604, 2.785739409923333, 4.471127232589115, 2.8047101347554615, 3.5209167144367393, 4.6805750351853135, 5.142855438372734, 5.174115036409607], [1.5199513281681094, 0.0, 1.5329718784113426, 2.3784613072320515, 2.5555500190761284, 3.917094654204823, 2.1750944669140235, 2.155969702941115, 2.1686643285672407, 1.0972810442179342, 1.09776200061762, 2.1596461423112814, 3.2165065163932125, 2.797655314723385, 2.8009724222134, 4.2167178776863885, 4.709407472283535, 4.275132986235632], [2.5591302389679194, 1.5329718784113426, 0.0, 1.4281961945055026, 1.5336802600281454, 2.5481614725130743, 2.8895659154966515, 3.495709887848246, 2.7865922719335887, 2.1681791646448407, 2.153282222561641, 1.0965133742914404, 1.9570803279375122, 2.170626831125056, 2.166142250638217, 2.7834376910575886, 3.4900724319131258, 2.8589756224913843], [3.760474591058953, 2.3784613072320515, 1.4281961945055026, 0.0, 2.421726774431831, 2.9620442096633197, 4.183197338161325, 4.525690332976837, 4.051997939288715, 2.6511295441754634, 2.547827713955557, 2.047722786414216, 0.9717951533116431, 3.368806864455129, 2.671835062274616, 3.306359419361422, 3.969592695730886, 2.711634838985515], [3.1391122534882374, 2.5555500190761284, 1.5336802600281454, 2.421726774431831, 0.0, 1.523829928174401, 2.8964013775718316, 4.145562468471559, 3.472380890685813, 2.7881851498779633, 3.4860230334867266, 2.1730257200502714, 2.6657148028249384, 1.0948881312718666, 1.0966670460992252, 2.171396826929615, 2.1595604969530258, 2.1777881508539805], [4.52931409045564, 3.917094654204823, 2.5481614725130743, 2.9620442096633197, 1.523829928174401, 0.0, 4.293013201703437, 5.582101673205174, 4.639847299211473, 4.212663653794355, 4.695115655657483, 2.7818028596577435, 2.670570103929122, 2.1347570002227423, 2.136372668801022, 1.0945747804512949, 1.0947582153151443, 1.0941750408412723], [1.0936529888406104, 2.1750944669140235, 2.8895659154966515, 4.183197338161325, 2.8964013775718316, 4.293013201703437, 0.0, 1.7648473305076562, 1.7762883634140036, 2.4916280159767026, 3.063661229640118, 3.2329886606667833, 4.835886089435937, 2.2746009276354386, 3.1753106131526723, 4.5504397457828185, 4.6906034792977325, 5.063093375595595], [1.094877728333169, 2.155969702941115, 3.495709887848246, 4.525690332976837, 4.145562468471559, 5.582101673205174, 1.7648473305076562, 0.0, 1.7711128281394162, 2.5035258117303285, 2.4267151975458514, 3.756344864359501, 5.323364493438337, 3.8241928429408474, 4.370801339571498, 5.76904041760846, 6.178620857440599, 6.1769138256899785], [1.0944801185951256, 2.1686643285672407, 2.7865922719335887, 4.051997939288715, 3.472380890685813, 4.639847299211473, 1.7762883634140036, 1.7711128281394162, 0.0, 3.0709994952783695, 2.536002811512637, 2.5651510423364936, 4.600756759490769, 3.0576336618372055, 4.122782213505826, 4.5309401529925335, 5.3000089386717075, 5.353202378016358], [2.1536224297680406, 1.0972810442179342, 2.1681791646448407, 2.6511295441754634, 2.7881851498779633, 4.212663653794355, 2.4916280159767026, 2.5035258117303285, 3.0709994952783695, 0.0, 1.7464737730638844, 3.0693643527610073, 3.5795606071136716, 3.118877652297378, 2.585316061915835, 4.7523676551798895, 4.885197659255969, 4.456654287691609], [2.142238345749604, 1.09776200061762, 2.153282222561641, 2.547827713955557, 3.4860230334867266, 4.695115655657483, 3.063661229640118, 2.4267151975458514, 2.536002811512637, 1.7464737730638844, 0.0, 2.5032507125735526, 3.383722201954528, 3.818762088687904, 3.757389399569866, 4.879642459238177, 5.592763121212984, 4.912095699393488], [2.785739409923333, 2.1596461423112814, 1.0965133742914404, 2.047722786414216, 2.1730257200502714, 2.7818028596577435, 3.2329886606667833, 3.756344864359501, 2.5651510423364936, 3.0693643527610073, 2.5032507125735526, 0.0, 2.214488191433858, 2.5388395656283604, 3.076540168761006, 2.5676983857143347, 3.766316062148794, 3.1969070255482874], [4.471127232589115, 3.2165065163932125, 1.9570803279375122, 0.9717951533116431, 2.6657148028249384, 2.670570103929122, 4.835886089435937, 5.323364493438337, 4.600756759490769, 3.5795606071136716, 3.383722201954528, 2.214488191433858, 0.0, 3.648278559814204, 3.0662540436173904, 2.8582085910583923, 3.7167523283102955, 2.2209774649914844], [2.8047101347554615, 2.797655314723385, 2.170626831125056, 3.368806864455129, 1.0948881312718666, 2.1347570002227423, 2.2746009276354386, 3.8241928429408474, 3.0576336618372055, 3.118877652297378, 3.818762088687904, 2.5388395656283604, 3.648278559814204, 0.0, 1.7682819826034535, 2.5201611337372856, 2.4253632676364174, 3.0583205407543534], [3.5209167144367393, 2.8009724222134, 2.166142250638217, 2.671835062274616, 1.0966670460992252, 2.136372668801022, 3.1753106131526723, 4.370801339571498, 4.122782213505826, 2.585316061915835, 3.757389399569866, 3.076540168761006, 3.0662540436173904, 1.7682819826034535, 0.0, 3.058303027824418, 2.4850816666661077, 2.4686039901126304], [4.6805750351853135, 4.2167178776863885, 2.7834376910575886, 3.306359419361422, 2.171396826929615, 1.0945747804512949, 4.5504397457828185, 5.76904041760846, 4.5309401529925335, 4.7523676551798895, 4.879642459238177, 2.5676983857143347, 2.8582085910583923, 2.5201611337372856, 3.058303027824418, 0.0, 1.7718140082977105, 1.776403143996317], [5.142855438372734, 4.709407472283535, 3.4900724319131258, 3.969592695730886, 2.1595604969530258, 1.0947582153151443, 4.6906034792977325, 6.178620857440599, 5.3000089386717075, 4.885197659255969, 5.592763121212984, 3.766316062148794, 3.7167523283102955, 2.4253632676364174, 2.4850816666661077, 1.7718140082977105, 0.0, 1.766419013144956], [5.174115036409607, 4.275132986235632, 2.8589756224913843, 2.711634838985515, 2.1777881508539805, 1.0941750408412723, 5.063093375595595, 6.1769138256899785, 5.353202378016358, 4.456654287691609, 4.912095699393488, 3.1969070255482874, 2.2209774649914844, 3.0583205407543534, 2.4686039901126304, 1.776403143996317, 1.766419013144956, 0.0]]}