{"total energy": -32.51770391, "HOMO-LUMO gap/eV": 3.84918976, "electronic energy": -32.95118192, "dipole": [-0.52812381, -0.68724507, 0.95330351], "partial charges": [-0.0999625, -0.05191278, -0.05817894, -0.0582278, -0.05729431, -0.05290802, -0.0833838, 0.23498366, -0.36436414, -0.13639858, 0.03282305, 0.03148661, 0.03091395, 0.02766275, 0.02956215, 0.03221513, 0.02840678, 0.032961, 0.0266963, 0.04152687, 0.0245303, 0.03000156, 0.05035152, 0.05909124, 0.05425672, 0.06283601, 0.06382072, 0.06850457], "atomic dipole moments": [[-0.08409579, -0.04295805, -0.03597899], [-0.00080472, 0.07355251, 0.08265726], [-0.00260993, -0.07480519, -0.08141539], [-0.00156981, 0.07255011, 0.08283838], [-0.00525239, -0.08159104, -0.08210938], [-0.02152291, 0.07804382, 0.09600048], [0.04400132, 0.04522679, -0.05987034], [0.00712872, 0.01225086, -0.00772293], [-0.06851671, -0.08373002, 0.12179725], [0.05460638, -0.04556193, -0.03520882], [-0.00239292, 0.1252732, -0.01375918], [0.01587212, -0.02605052, 0.1219451], [0.09964277, -0.04286231, -0.06103899], [0.01201573, -0.1221649, 0.0102703], [-0.0056465, 0.02369777, -0.12129996], [-0.00859481, 0.1240143, -0.00973725], [0.00899797, -0.02270113, 0.12118562], [-0.00923712, 0.02307084, -0.12248874], [0.00842338, -0.12243154, 0.00982993], [-0.00602286, 0.12692549, -0.00913523], [0.01005114, -0.02276376, 0.11974792], [0.00807127, -0.11995328, 0.01213576], [-0.00701059, 0.01932657, -0.12790737], [-0.09396219, -0.08310966, -0.03554655], [0.01876088, -0.00772851, 0.1292239], [0.04063916, 0.00911269, 0.12797176], [-0.1127198, -0.07279137, -0.01809513], [-0.0247996, 0.12395978, -0.04215679]], "atomic quadrupole moments": [[0.13331465, 0.1206345, -0.0600679, 0.0988703, 0.06101494, -0.07324675], [0.22858422, 0.03821355, -0.12479425, -0.0200246, 0.11746024, -0.10378997], [0.23323223, 0.03204365, -0.13190626, -0.02825865, 0.12263639, -0.10132598], [0.23171118, 0.02876199, -0.12520732, -0.03148129, 0.12300456, -0.10650387], [0.22745493, 0.03350066, -0.13629844, -0.02591524, 0.12410797, -0.09115648], [0.23303573, 0.01847673, -0.11629478, -0.05106093, 0.11365946, -0.11674096], [0.02811207, -0.12161565, 0.07859788, -0.13049057, -0.04376621, -0.10670995], [0.12963319, 0.230298, -0.18575153, 0.40007858, 0.23962944, 0.05611834], [0.05616846, 0.10467635, -0.08123339, 0.17202403, 0.10032096, 0.02506494], [0.059431, -0.08412454, -0.0680681, -0.16181184, 0.04549569, 0.0086371], [-0.03332141, -0.01238452, 0.07645673, 0.01348512, -0.01646018, -0.04313533], [-0.03755981, 0.01123538, -0.03513188, 0.00611947, -0.03070411, 0.07269169], [0.03780068, -0.02984538, -0.02758696, -0.04574281, 0.03465258, -0.01021372], [-0.01705042, -0.00287009, 0.05299715, -6.663e-05, -0.01963046, -0.03594673], [-0.01601956, -0.00132827, -0.03046789, 0.00865186, -0.02798719, 0.04648745], [-0.0196696, -0.00589895, 0.0519285, 0.00048791, -0.01996298, -0.0322589], [-0.02002629, -0.00135314, -0.02804223, 0.0062101, -0.02867339, 0.04806852], [-0.01916438, -0.00127877, -0.02691477, 0.00616315, -0.02808673, 0.04607915], [-0.02001999, -0.00606967, 0.05341864, 0.00024106, -0.01992498, -0.03339865], [-0.01756732, -0.00952583, 0.04839396, 0.00042275, -0.02020426, -0.03082664], [-0.02141634, -1.907e-05, -0.02808364, 0.00573481, -0.02929204, 0.04949998], [-0.01058055, -0.00735302, 0.05511185, 0.00270749, -0.0204936, -0.04453129], [-0.01558633, -0.00036961, -0.02723739, 0.00873427, -0.02857358, 0.04282372], [0.04015766, 0.0340942, 0.00219226, 0.00824085, 0.03374752, -0.04234991], [-0.01843869, -0.02576987, -0.04318295, 0.00892213, 0.00085569, 0.06162163], [-0.04198159, -0.01308587, -0.03401883, 0.03582798, -0.00441463, 0.07600042], [0.03981961, 0.05703963, 0.01517852, 0.00606117, 0.00463416, -0.05499813], [-0.03552317, -0.02208608, 0.05977616, -0.00232233, -0.03864364, -0.02425299]], "number of molecular orbitals": 58, "number of electrons": 60, "number of unpaired electrons": 0, "orbital energies/eV": [-19.08021443, -17.42466645, -17.09046648, -16.83704961, -16.58770681, -16.15278627, -15.67489341, -15.29171717, -15.12321778, -14.98181989, -14.68829327, -14.65677078, -14.05270801, -13.9773604, -13.61291691, -13.48755332, -13.3510507, -13.07911256, -12.96928994, -12.9280993, -12.60887916, -12.53722347, -12.32135821, -11.98748345, -11.90449401, -11.6780146, -11.47976144, -11.36084141, -11.31698007, -10.72166217, -6.87247241, 1.29303755, 1.73279296, 2.75089987, 2.99343064, 3.28983467, 3.41256509, 3.58145311, 3.85228289, 3.95352349, 4.1480479, 4.46917705, 4.56603877, 4.69771631, 4.93295332, 4.97409737, 5.61471989, 5.67023397, 5.80458991, 5.99924274, 6.5753301, 6.89173129, 7.07848004, 7.29688134, 7.45306946, 7.9932189, 8.56390018, 15.17342619], "fractional occupation": [2.0, 2.0, 2.0, 2.0, 2.0, 2.0, 2.0, 2.0, 2.0, 2.0, 2.0, 2.0, 2.0, 2.0, 2.0, 2.0, 2.0, 2.0, 2.0, 2.0, 2.0, 2.0, 2.0, 2.0, 2.0, 2.0, 2.0, 2.0, 2.0, 2.0, 0.0, 0.0, 0.0, 0.0, 0.0, 0.0, 0.0, 0.0, 0.0, 0.0, 0.0, 0.0, 0.0, 0.0, 0.0, 0.0, 0.0, 0.0, 0.0, 0.0, 0.0, 0.0, 0.0, 0.0, 0.0, 0.0, 0.0, 0.0], "program call": "xtb /home/svss/Project-DBcg-Debug/aqme2_20220329/End-to-End-workflows-final/example-3/QDESCP/mol_949_rdkit_conf_2/mol_949_rdkit_conf_2.xyz --pop --wbo --acc 0.2 --gfn 2 --chrg 0 --uhf 0 --etemp 300 --input /home/svss/Project-DBcg-Debug/aqme2_20220329/End-to-End-workflows-final/example-3/QDESCP/mol_949_rdkit_conf_2/mol_949_rdkit_conf_2_xtb.inp", "method": "GFN2-xTB", "xtb version": "6.3.3 (7355c4f)", "Dipole module/D": 3.275, "Total charge": 0, "Transition dipole module/D": NaN, "HOMO": -10.7217, "LUMO": -6.8725, "HOMO occupancy": 2.0, "LUMO occupancy": 0, "mulliken charges": [-0.08345, -0.03845, -0.04636, -0.04458, -0.04663, -0.0325, -0.0849, 0.39776, -0.49364, -0.12673, 0.02733, 0.02582, 0.02772, 0.02095, 0.02312, 0.02555, 0.02095, 0.0272, 0.0197, 0.03737, 0.01702, 0.0225, 0.04248, 0.05128, 0.0409, 0.05197, 0.05338, 0.06425], "cm5 charges": [-0.23378, -0.15096, -0.157, -0.15529, -0.15664, -0.14096, -0.18706, 0.41286, -0.54543, -0.2685, 0.07862, 0.07711, 0.0785, 0.07565, 0.07783, 0.08089, 0.07629, 0.08261, 0.07506, 0.09551, 0.07254, 0.07751, 0.10051, 0.10732, 0.09738, 0.10453, 0.10598, 0.11892], "FUKUI+": [0.005, 0.002, 0.002, 0.005, 0.007, 0.022, 0.029, -0.195, -0.297, 0.051, -0.004, -0.006, -0.012, -0.008, -0.005, -0.002, -0.008, -0.009, -0.017, 0.013, -0.018, -0.054, -0.021, -0.097, -0.092, -0.107, -0.108, -0.077], "FUKUI-": [0.018, 0.008, 0.012, 0.012, 0.01, 0.012, -0.004, -0.025, -0.126, 0.002, -0.055, -0.056, -0.042, -0.074, -0.074, -0.058, -0.06, -0.04, -0.046, -0.039, -0.037, -0.064, -0.032, -0.053, -0.045, -0.048, -0.052, -0.043], "FUKUIrad": [0.011, 0.005, 0.007, 0.009, 0.009, 0.017, 0.013, -0.11, -0.211, 0.026, -0.029, -0.031, -0.027, -0.041, -0.04, -0.03, -0.034, -0.024, -0.031, -0.013, -0.027, -0.059, -0.027, -0.075, -0.069, -0.077, -0.08, -0.06], "s proportion": [1.007, 1.027, 1.032, 1.032, 1.032, 1.028, 1.042, 1.076, 1.739, 1.022, 0.973, 0.974, 0.972, 0.979, 0.977, 0.974, 0.979, 0.973, 0.98, 0.963, 0.983, 0.978, 0.958, 0.949, 0.959, 0.948, 0.947, 0.936], "p proportion": [3.076, 3.011, 3.014, 3.012, 3.014, 3.004, 3.043, 2.527, 4.754, 3.105, 0.0, 0.0, 0.0, 0.0, 0.0, 0.0, 0.0, 0.0, 0.0, 0.0, 0.0, 0.0, 0.0, 0.0, 0.0, 0.0, 0.0, 0.0], "d proportion": [0.0, 0.0, 0.0, 0.0, 0.0, 0.0, 0.0, 0.0, 0.0, 0.0, 0.0, 0.0, 0.0, 0.0, 0.0, 0.0, 0.0, 0.0, 0.0, 0.0, 0.0, 0.0, 0.0, 0.0, 0.0, 0.0, 0.0, 0.0], "Fermi-level/eV": -8.7971, "Coordination numbers": [3.75, 3.8, 3.802, 3.802, 3.801, 3.801, 3.802, 2.809, 0.857, 3.751, 0.924, 0.924, 0.924, 0.924, 0.924, 0.924, 0.924, 0.924, 0.924, 0.924, 0.924, 0.924, 0.924, 0.924, 0.924, 0.924, 0.924, 0.924], "Dispersion coefficient C6": [22.472, 21.506, 21.62, 21.621, 21.604, 21.524, 22.09, 23.085, 20.982, 23.188, 2.547, 2.566, 2.574, 2.62, 2.593, 2.555, 2.609, 2.545, 2.634, 2.429, 2.666, 2.587, 2.316, 2.21, 2.268, 2.166, 2.155, 2.102], "Total dispersion C6": 5607.374321, "Total dispersion C8": 119220.708001, "Polarizability alpha": [6.761, 6.603, 6.62, 6.62, 6.618, 6.605, 6.692, 7.872, 6.141, 6.867, 2.496, 2.505, 2.509, 2.531, 2.518, 2.5, 2.526, 2.495, 2.538, 2.437, 2.553, 2.515, 2.38, 2.325, 2.355, 2.302, 2.296, 2.267], "Total polarizability alpha": 111.44557, "Wiberg matrix": [[0.0, 1.0201005222955535, 0.0, 0.0, 0.0, 0.0, 0.0, 0.0, 0.0, 0.0, 0.9876852847541033, 0.9877561354226768, 0.9874274019796039, 0.0, 0.0, 0.0, 0.0, 0.0, 0.0, 0.0, 0.0, 0.0, 0.0, 0.0, 0.0, 0.0, 0.0, 0.0], [1.0201005222955535, 0.0, 1.007743041964408, 0.0, 0.0, 0.0, 0.0, 0.0, 0.0, 0.0, 0.0, 0.0, 0.0, 0.9781241938184146, 0.9780419938127713, 0.0, 0.0, 0.0, 0.0, 0.0, 0.0, 0.0, 0.0, 0.0, 0.0, 0.0, 0.0, 0.0], [0.0, 1.007743041964408, 0.0, 1.0072202874200968, 0.0, 0.0, 0.0, 0.0, 0.0, 0.0, 0.0, 0.0, 0.0, 0.0, 0.0, 0.977089583840995, 0.97727840174114, 0.0, 0.0, 0.0, 0.0, 0.0, 0.0, 0.0, 0.0, 0.0, 0.0, 0.0], [0.0, 0.0, 1.0072202874200968, 0.0, 1.0071190524044542, 0.0, 0.0, 0.0, 0.0, 0.0, 0.0, 0.0, 0.0, 0.0, 0.0, 0.0, 0.0, 0.9771661186773515, 0.9773569798644226, 0.0, 0.0, 0.0, 0.0, 0.0, 0.0, 0.0, 0.0, 0.0], [0.0, 0.0, 0.0, 1.0071190524044542, 0.0, 1.0077290452334091, 0.0, 0.0, 0.0, 0.0, 0.0, 0.0, 0.0, 0.0, 0.0, 0.0, 0.0, 0.0, 0.0, 0.9764667430043531, 0.9773423031886022, 0.0, 0.0, 0.0, 0.0, 0.0, 0.0, 0.0], [0.0, 0.0, 0.0, 0.0, 1.0077290452334091, 0.0, 1.006566773223434, 0.0, 0.0, 0.0, 0.0, 0.0, 0.0, 0.0, 0.0, 0.0, 0.0, 0.0, 0.0, 0.0, 0.0, 0.9768639318388154, 0.9746521597844133, 0.0, 0.0, 0.0, 0.0, 0.0], [0.0, 0.0, 0.0, 0.0, 0.0, 1.006566773223434, 0.0, 0.9923879280797993, 0.0, 0.0, 0.0, 0.0, 0.0, 0.0, 0.0, 0.0, 0.0, 0.0, 0.0, 0.0, 0.0, 0.0, 0.0, 0.9467229426448844, 0.9582769010365068, 0.0, 0.0, 0.0], [0.0, 0.0, 0.0, 0.0, 0.0, 0.0, 0.9923879280797993, 0.0, 1.8575563517171985, 1.00801128187474, 0.0, 0.0, 0.0, 0.0, 0.0, 0.0, 0.0, 0.0, 0.0, 0.0, 0.0, 0.0, 0.0, 0.0, 0.0, 0.0, 0.0, 0.0], [0.0, 0.0, 0.0, 0.0, 0.0, 0.0, 0.0, 1.8575563517171985, 0.0, 0.0, 0.0, 0.0, 0.0, 0.0, 0.0, 0.0, 0.0, 0.0, 0.0, 0.0, 0.0, 0.0, 0.0, 0.0, 0.0, 0.0, 0.0, 0.0], [0.0, 0.0, 0.0, 0.0, 0.0, 0.0, 0.0, 1.00801128187474, 0.0, 0.0, 0.0, 0.0, 0.0, 0.0, 0.0, 0.0, 0.0, 0.0, 0.0, 0.0, 0.0, 0.0, 0.0, 0.0, 0.0, 0.9642234792386034, 0.9623027000530587, 0.9828551226638295], [0.9876852847541033, 0.0, 0.0, 0.0, 0.0, 0.0, 0.0, 0.0, 0.0, 0.0, 0.0, 0.0, 0.0, 0.0, 0.0, 0.0, 0.0, 0.0, 0.0, 0.0, 0.0, 0.0, 0.0, 0.0, 0.0, 0.0, 0.0, 0.0], [0.9877561354226768, 0.0, 0.0, 0.0, 0.0, 0.0, 0.0, 0.0, 0.0, 0.0, 0.0, 0.0, 0.0, 0.0, 0.0, 0.0, 0.0, 0.0, 0.0, 0.0, 0.0, 0.0, 0.0, 0.0, 0.0, 0.0, 0.0, 0.0], [0.9874274019796039, 0.0, 0.0, 0.0, 0.0, 0.0, 0.0, 0.0, 0.0, 0.0, 0.0, 0.0, 0.0, 0.0, 0.0, 0.0, 0.0, 0.0, 0.0, 0.0, 0.0, 0.0, 0.0, 0.0, 0.0, 0.0, 0.0, 0.0], [0.0, 0.9781241938184146, 0.0, 0.0, 0.0, 0.0, 0.0, 0.0, 0.0, 0.0, 0.0, 0.0, 0.0, 0.0, 0.0, 0.0, 0.0, 0.0, 0.0, 0.0, 0.0, 0.0, 0.0, 0.0, 0.0, 0.0, 0.0, 0.0], [0.0, 0.9780419938127713, 0.0, 0.0, 0.0, 0.0, 0.0, 0.0, 0.0, 0.0, 0.0, 0.0, 0.0, 0.0, 0.0, 0.0, 0.0, 0.0, 0.0, 0.0, 0.0, 0.0, 0.0, 0.0, 0.0, 0.0, 0.0, 0.0], [0.0, 0.0, 0.977089583840995, 0.0, 0.0, 0.0, 0.0, 0.0, 0.0, 0.0, 0.0, 0.0, 0.0, 0.0, 0.0, 0.0, 0.0, 0.0, 0.0, 0.0, 0.0, 0.0, 0.0, 0.0, 0.0, 0.0, 0.0, 0.0], [0.0, 0.0, 0.97727840174114, 0.0, 0.0, 0.0, 0.0, 0.0, 0.0, 0.0, 0.0, 0.0, 0.0, 0.0, 0.0, 0.0, 0.0, 0.0, 0.0, 0.0, 0.0, 0.0, 0.0, 0.0, 0.0, 0.0, 0.0, 0.0], [0.0, 0.0, 0.0, 0.9771661186773515, 0.0, 0.0, 0.0, 0.0, 0.0, 0.0, 0.0, 0.0, 0.0, 0.0, 0.0, 0.0, 0.0, 0.0, 0.0, 0.0, 0.0, 0.0, 0.0, 0.0, 0.0, 0.0, 0.0, 0.0], [0.0, 0.0, 0.0, 0.9773569798644226, 0.0, 0.0, 0.0, 0.0, 0.0, 0.0, 0.0, 0.0, 0.0, 0.0, 0.0, 0.0, 0.0, 0.0, 0.0, 0.0, 0.0, 0.0, 0.0, 0.0, 0.0, 0.0, 0.0, 0.0], [0.0, 0.0, 0.0, 0.0, 0.9764667430043531, 0.0, 0.0, 0.0, 0.0, 0.0, 0.0, 0.0, 0.0, 0.0, 0.0, 0.0, 0.0, 0.0, 0.0, 0.0, 0.0, 0.0, 0.0, 0.0, 0.0, 0.0, 0.0, 0.0], [0.0, 0.0, 0.0, 0.0, 0.9773423031886022, 0.0, 0.0, 0.0, 0.0, 0.0, 0.0, 0.0, 0.0, 0.0, 0.0, 0.0, 0.0, 0.0, 0.0, 0.0, 0.0, 0.0, 0.0, 0.0, 0.0, 0.0, 0.0, 0.0], [0.0, 0.0, 0.0, 0.0, 0.0, 0.9768639318388154, 0.0, 0.0, 0.0, 0.0, 0.0, 0.0, 0.0, 0.0, 0.0, 0.0, 0.0, 0.0, 0.0, 0.0, 0.0, 0.0, 0.0, 0.0, 0.0, 0.0, 0.0, 0.0], [0.0, 0.0, 0.0, 0.0, 0.0, 0.9746521597844133, 0.0, 0.0, 0.0, 0.0, 0.0, 0.0, 0.0, 0.0, 0.0, 0.0, 0.0, 0.0, 0.0, 0.0, 0.0, 0.0, 0.0, 0.0, 0.0, 0.0, 0.0, 0.0], [0.0, 0.0, 0.0, 0.0, 0.0, 0.0, 0.9467229426448844, 0.0, 0.0, 0.0, 0.0, 0.0, 0.0, 0.0, 0.0, 0.0, 0.0, 0.0, 0.0, 0.0, 0.0, 0.0, 0.0, 0.0, 0.0, 0.0, 0.0, 0.0], [0.0, 0.0, 0.0, 0.0, 0.0, 0.0, 0.9582769010365068, 0.0, 0.0, 0.0, 0.0, 0.0, 0.0, 0.0, 0.0, 0.0, 0.0, 0.0, 0.0, 0.0, 0.0, 0.0, 0.0, 0.0, 0.0, 0.0, 0.0, 0.0], [0.0, 0.0, 0.0, 0.0, 0.0, 0.0, 0.0, 0.0, 0.0, 0.9642234792386034, 0.0, 0.0, 0.0, 0.0, 0.0, 0.0, 0.0, 0.0, 0.0, 0.0, 0.0, 0.0, 0.0, 0.0, 0.0, 0.0, 0.0, 0.0], [0.0, 0.0, 0.0, 0.0, 0.0, 0.0, 0.0, 0.0, 0.0, 0.9623027000530587, 0.0, 0.0, 0.0, 0.0, 0.0, 0.0, 0.0, 0.0, 0.0, 0.0, 0.0, 0.0, 0.0, 0.0, 0.0, 0.0, 0.0, 0.0], [0.0, 0.0, 0.0, 0.0, 0.0, 0.0, 0.0, 0.0, 0.0, 0.9828551226638295, 0.0, 0.0, 0.0, 0.0, 0.0, 0.0, 0.0, 0.0, 0.0, 0.0, 0.0, 0.0, 0.0, 0.0, 0.0, 0.0, 0.0, 0.0]], "Born radii": [], "Atomic SASAs": [], "Solvent H bonds": [], "Total SASA": NaN, "Total FOD": 0.0, "FOD": [0.0, 0.0, 0.0, 0.0, 0.0, 0.0, 0.0, 0.0, 0.0, 0.0, 0.0, 0.0, 0.0, 0.0, 0.0, 0.0, 0.0, 0.0, 0.0, 0.0, 0.0, 0.0, 0.0, 0.0, 0.0, 0.0, 0.0, 0.0], "FOD s proportion": [0.0, 0.0, 0.0, 0.0, 0.0, 0.0, 0.0, 0.0, 0.0, 0.0, 0.0, 0.0, 0.0, 0.0, 0.0, 0.0, 0.0, 0.0, 0.0, 0.0, 0.0, 0.0, 0.0, 0.0, 0.0, 0.0, 0.0, 0.0], "FOD p proportion": [0.0, 0.0, 0.0, 0.0, 0.0, 0.0, 0.0, 0.0, 0.0, 0.0, 0.0, 0.0, 0.0, 0.0, 0.0, 0.0, 0.0, 0.0, 0.0, 0.0, 0.0, 0.0, 0.0, 0.0, 0.0, 0.0, 0.0, 0.0], "FOD d proportion": [0.0, 0.0, 0.0, 0.0, 0.0, 0.0, 0.0, 0.0, 0.0, 0.0, 0.0, 0.0, 0.0, 0.0, 0.0, 0.0, 0.0, 0.0, 0.0, 0.0, 0.0, 0.0, 0.0, 0.0, 0.0, 0.0, 0.0, 0.0], "coordinates": [["4.69890", "0.08930", "-0.28370"], ["3.44130", "-0.56090", "-0.83780"], ["2.18910", "-0.06360", "-0.11610"], ["0.92630", "-0.72000", "-0.67650"], ["-0.32730", "-0.22210", "0.04590"], ["-1.59010", "-0.88350", "-0.51490"], ["-2.85750", "-0.42230", "0.20310"], ["-3.28240", "0.99350", "-0.14970"], ["-2.78270", "1.63080", "-1.07540"], ["-4.39360", "1.57880", "0.68280"], ["4.66270", "1.17700", "-0.40140"], ["4.82170", "-0.13750", "0.78020"], ["5.58200", "-0.28060", "-0.81400"], ["3.52360", "-1.64910", "-0.73420"], ["3.36540", "-0.34170", "-1.90920"], ["2.11390", "1.02580", "-0.21930"], ["2.27180", "-0.28150", "0.95570"], ["0.84350", "-0.50140", "-1.74810"], ["1.00190", "-1.80930", "-0.57330"], ["-0.39550", "0.86710", "-0.05420"], ["-0.24400", "-0.44230", "1.11710"], ["-1.50160", "-1.97050", "-0.39680"], ["-1.66900", "-0.68540", "-1.59060"], ["-3.68700", "-1.08220", "-0.07570"], ["-2.71990", "-0.48740", "1.28790"], ["-4.08650", "1.61460", "1.73090"], ["-5.29330", "0.96840", "0.57320"], ["-4.61160", "2.59580", "0.34500"]], "bond_dist": [[0.0, 1.5203106952198948, 2.5200325811385857, 3.8783719638528744, 5.046611988255091, 6.367991385044423, 7.589327358863893, 8.033472681848119, 7.679671197388597, 9.264247878268371, 1.0946483544956345, 1.094715163866839, 1.094490616679741, 2.1462327227027362, 2.1462137591582064, 2.750164469627226, 2.7503489614956136, 4.166233672035211, 4.1660963887073, 5.158541891852774, 5.164987861553985, 6.534658973504279, 6.546624940379585, 8.469887547069321, 7.605333844743438, 9.141575707174338, 10.067331089221215, 9.662464291783955], [1.5203106952198948, 0.0, 1.528451183387942, 2.525184250703303, 3.885621840838349, 5.052061077421768, 6.385731297979895, 6.93525649561716, 6.602891688495276, 8.262941271726431, 2.168538523983376, 2.1685699712022206, 2.1591042170307575, 1.0962141624700896, 1.0962241604708411, 2.159201218043376, 2.159267667520634, 2.753316396638788, 2.753022914906449, 4.168242699267882, 4.173384245429601, 5.158848085571042, 5.166950181683582, 7.187851625485878, 6.518004923287494, 8.246138052446128, 8.979026486763473, 8.730003959907465], [2.5200325811385857, 1.528451183387942, 0.0, 1.5295662653183744, 2.5265856822993356, 3.887625250715403, 5.069391076845423, 5.5727822153750095, 5.339479664723895, 6.831373087454673, 2.781938426708974, 2.781977293221496, 3.4707238178800686, 2.1625790413300505, 2.1624589961430485, 1.096858076507622, 1.0968477287208103, 2.1600306016350785, 2.1600796675122886, 2.7477611359068312, 2.7539374611635608, 4.1636914619121335, 4.176807524892666, 5.963868654656975, 5.1233878869357525, 6.753585684656707, 7.584620507975334, 7.316730284765184], [3.8783719638528744, 2.525184250703303, 1.5295662653183744, 0.0, 1.5301238936765873, 2.5268786615110748, 3.896083147213365, 4.574577158601657, 4.409315462744756, 5.952605642909667, 4.199401620469279, 4.199455000354212, 4.678410103870758, 2.759080170999024, 2.7589615782029298, 2.1603803461427806, 2.1602614054785128, 1.0967991429610073, 1.0967862553843386, 2.157150653060653, 2.159564849686159, 2.74530157724065, 2.751791790815577, 4.666335432649478, 4.14822185520495, 6.0310940765337095, 6.564744382685437, 6.535007903591242], [5.046611988255091, 3.885621840838349, 2.5265856822993356, 1.5301238936765873, 0.0, 1.5318650201633304, 2.542971474476267, 3.201337022245549, 3.274071052985869, 4.492624857474748, 5.2016976171246245, 5.201783795007247, 5.971823569898896, 4.180229158790222, 4.180042279690483, 2.754458729042786, 2.7543756479463726, 2.160374303216922, 2.16087600754879, 1.095914180034185, 1.0967663242459627, 2.1521771163173353, 2.1663190046712884, 3.470179053017293, 2.708778848485051, 4.510463006166884, 5.13385737433365, 5.136657250586222], [6.367991385044423, 5.052061077421768, 3.887625250715403, 2.5268786615110748, 1.5318650201633304, 0.0, 1.527917602490396, 2.5535033444270248, 2.8386897505715556, 3.9188032395107566, 6.584531140483732, 6.583690397489845, 7.20360795921044, 5.175341876629987, 5.176350063510002, 4.177609585636264, 4.176043578556143, 2.7548487453942005, 2.7529947693375663, 2.168850850104728, 2.1610336994133155, 1.096972588536286, 1.0966308905005364, 2.1515966025256685, 2.1641236309416336, 4.1852280953372185, 4.281026215757152, 4.6876879962301246], [7.589327358863893, 6.385731297979895, 5.069391076845423, 3.896083147213365, 2.542971474476267, 1.527917602490396, 0.0, 1.5197030927125206, 2.419788606469582, 2.5679011877406808, 7.712106636970212, 7.706118873336954, 8.501748734819207, 6.565211857967722, 6.57212234061418, 5.195212539444368, 5.186130531523478, 4.184595470293395, 4.173911153822036, 2.7910929131793516, 2.768786421882338, 2.143657635911108, 2.1677438847797497, 1.0960235855126474, 1.0954281400438826, 2.8272911859233747, 2.8291592638096574, 3.493698617511247], [8.033472681848119, 6.93525649561716, 5.5727822153750095, 4.574577158601657, 3.201337022245549, 2.5535033444270248, 1.5197030927125206, 0.0, 1.2299479135313007, 1.5067839194788348, 7.951203629011145, 8.235308847881784, 8.980100927049762, 7.324384684736322, 7.00512984390725, 5.396845480463565, 5.804883444135636, 4.670402485867786, 5.137154006840753, 2.891243472971448, 3.5914034081400548, 3.4666414654532707, 2.7382398689669243, 2.1160594627750897, 2.1391972372831827, 2.137521550768553, 2.137038425017202, 2.139828502473972], [7.679671197388597, 6.602891688495276, 5.339479664723895, 4.409315462744756, 3.274071052985869, 2.8386897505715556, 2.419788606469582, 1.2299479135313007, 0.0, 2.385156189854241, 7.48960557038887, 8.02477635887755, 8.584287157941537, 7.116430365007445, 6.5103849578961155, 5.0075566666788704, 5.773233820832133, 4.2600620382806635, 5.139026131476664, 2.7064387984951734, 3.943323160736386, 3.88214848505309, 2.621171716999861, 3.0294434439348756, 3.1742561286071416, 3.0944266948822685, 3.0756735977668375, 2.5087120938840313], [9.264247878268371, 8.262941271726431, 6.831373087454673, 5.952605642909667, 4.492624857474748, 3.9188032395107566, 2.5679011877406808, 1.5067839194788348, 2.385156189854241, 0.0, 9.129813939506105, 9.37426938699758, 10.257210827510567, 8.666561212499454, 8.402908142423074, 6.592962130939324, 6.9255142523858835, 6.137077745963465, 6.4937222815577815, 4.1272859726459465, 4.636015731207133, 4.703905892978727, 4.209322316002898, 2.8557882992266777, 2.7270130436065023, 1.0927514172948944, 1.0927307124813508, 1.093582113972243], [1.0946483544956345, 2.168538523983376, 2.781938426708974, 4.199401620469279, 5.2016976171246245, 6.584531140483732, 7.712106636970212, 7.951203629011145, 7.48960557038887, 9.129813939506105, 0.0, 1.7746463901295944, 1.7719901269476643, 3.065150218178548, 2.50257823454133, 2.5597662569070634, 3.1121287682228065, 4.383710310912435, 4.727472256925471, 5.07956426182404, 5.385506441366494, 6.921370666277021, 6.706202747457013, 8.656070426007403, 7.754143705787248, 9.015913580442083, 10.005763095336606, 9.411840781164969], [1.094715163866839, 2.1685699712022206, 2.781977293221496, 4.199455000354212, 5.201783795007247, 6.583690397489845, 7.706118873336954, 8.235308847881784, 8.02477635887755, 9.37426938699758, 1.7746463901295944, 0.0, 1.7720065857665426, 2.5026796698738734, 3.0651883612593855, 3.111984572583868, 2.5599855976157366, 4.7276632007790065, 4.383805370907791, 5.378161429336237, 5.08603196411505, 6.687999767494015, 6.931816034777611, 8.603661929085776, 7.566764160458551, 9.128510948670655, 10.177381235366985, 9.830944858964472], [1.094490616679741, 2.1591042170307575, 3.4707238178800686, 4.678410103870758, 5.971823569898896, 7.20360795921044, 8.501748734819207, 8.980100927049762, 8.584287157941537, 10.257210827510567, 1.7719901269476643, 1.7720065857665426, 0.0, 2.4730893332025023, 2.4731582662660307, 3.7534073400045456, 3.7535666958241194, 4.834736569866036, 4.834477861155225, 6.1339235062071, 6.139834696471884, 7.2943270292741875, 7.303695749413443, 9.332845785182567, 8.566346564317836, 10.175863172232614, 11.034331648541292, 10.654878644076618], [2.1462327227027362, 1.0962141624700896, 2.1625790413300505, 2.759080170999024, 4.180229158790222, 5.175341876629987, 6.565211857967722, 7.324384684736322, 7.116430365007445, 8.666561212499454, 3.065150218178548, 2.5026796698738734, 2.4730893332025023, 0.0, 1.7649212447018705, 3.0671592899619675, 2.5086041955637404, 3.0867692673732514, 2.53190121055305, 4.706698126075221, 4.36789282034255, 5.046758539894691, 5.350255452779802, 7.262764640273013, 6.664812641777712, 8.63956467132459, 9.289689263909747, 9.239335890095134], [2.1462137591582064, 1.0962241604708411, 2.1624589961430485, 2.7589615782029298, 4.180042279690483, 5.176350063510002, 6.57212234061418, 7.00512984390725, 6.5103849578961155, 8.402908142423074, 2.50257823454133, 3.0651883612593855, 2.4731582662660307, 1.7649212447018705, 0.0, 2.5083999900334875, 3.0671219424731064, 2.5320815369967846, 3.086196821332042, 4.36424005412168, 4.711303472501002, 5.350517003056807, 5.0561664341672925, 7.32437084397015, 6.875576556915063, 8.521047547690365, 9.102294076769876, 8.79447854565579], [2.750164469627226, 2.159201218043376, 1.096858076507622, 2.1603803461427806, 2.754458729042786, 4.177609585636264, 5.195212539444368, 5.396845480463565, 5.0075566666788704, 6.592962130939324, 2.5597662569070634, 3.111984572583868, 3.7534073400045456, 3.0671592899619675, 2.5083999900334875, 0.0, 1.7648203024670812, 2.506688141751981, 3.0658851919144, 2.5198277837979326, 3.082365160067833, 4.69905950058094, 4.372528049080989, 6.173712478727853, 5.284604859400559, 6.5264788086685765, 7.4496954870652266, 6.929335086427846], [2.7503489614956136, 2.159267667520634, 1.0968477287208103, 2.1602614054785128, 2.7543756479463726, 4.176043578556143, 5.186130531523478, 5.804883444135636, 5.773233820832133, 6.9255142523858835, 3.1121287682228065, 2.5599855976157366, 3.7535666958241194, 2.5086041955637404, 3.0671219424731064, 1.7648203024670812, 0.0, 3.065767659167929, 2.5069223861140975, 3.0746819770506346, 2.5260950575938343, 4.349772960741744, 4.709212624208, 6.100180644046535, 5.006977185887709, 6.680127928415743, 7.677193124443335, 7.485519710748212], [4.166233672035211, 2.753316396638788, 2.1600306016350785, 1.0967991429610073, 2.160374303216922, 2.7548487453942005, 4.184595470293395, 4.670402485867786, 4.2600620382806635, 6.137077745963465, 4.383710310912435, 4.7276632007790065, 4.834736569866036, 3.0867692673732514, 2.5320815369967846, 2.506688141751981, 3.065767659167929, 0.0, 1.7651764812618596, 2.505436181585953, 3.065211265149598, 3.0795714815538866, 2.5241470836700466, 4.864121775819351, 4.6813792369343465, 6.394200262738101, 6.7237682864596096, 6.613004722514569], [4.1660963887073, 2.753022914906449, 2.1600796675122886, 1.0967862553843386, 2.16087600754879, 2.7529947693375663, 4.173911153822036, 5.137154006840753, 5.139026131476664, 6.4937222815577815, 4.727472256925471, 4.383805370907791, 4.834477861155225, 2.53190121055305, 3.086196821332042, 3.0658851919144, 2.5069223861140975, 1.7651764812618596, 0.0, 3.063545091882932, 2.505675152528755, 2.5148856713576464, 3.0711166226634896, 4.770960425323186, 4.366151656779686, 6.551659592042309, 6.975644957994923, 7.1944119391372086], [5.158541891852774, 4.168242699267882, 2.7477611359068312, 2.157150653060653, 1.095914180034185, 2.168850850104728, 2.7910929131793516, 2.891243472971448, 2.7064387984951734, 4.1272859726459465, 5.07956426182404, 5.378161429336237, 6.1339235062071, 4.706698126075221, 4.36424005412168, 2.5198277837979326, 3.0746819770506346, 2.505436181585953, 3.063545091882932, 0.0, 1.763355976540188, 3.064768462706441, 2.528355880804757, 3.8254679439252914, 3.006449404197583, 4.167591541886033, 4.938859918037766, 4.574195398100086], [5.164987861553985, 4.173384245429601, 2.7539374611635608, 2.159564849686159, 1.0967663242459627, 2.1610336994133155, 2.768786421882338, 3.5914034081400548, 3.943323160736386, 4.636015731207133, 5.385506441366494, 5.08603196411505, 6.139834696471884, 4.36789282034255, 4.711303472501002, 3.082365160067833, 2.5260950575938343, 3.065211265149598, 2.505675152528755, 1.763355976540188, 0.0, 2.491755648132457, 3.0694237081250284, 3.69952603045309, 2.4821940818558086, 4.401408217832106, 5.270799957311983, 5.376069175522206], [6.534658973504279, 5.158848085571042, 4.1636914619121335, 2.74530157724065, 2.1521771163173353, 1.096972588536286, 2.143657635911108, 3.4666414654532707, 3.88214848505309, 4.703905892978727, 6.921370666277021, 6.687999767494015, 7.2943270292741875, 5.046758539894691, 5.350517003056807, 4.69905950058094, 4.349772960741744, 3.0795714815538866, 2.5148856713576464, 3.064768462706441, 2.491755648132457, 0.0, 1.7620054511833951, 2.3807887894561324, 2.55383135504285, 4.9052785150284794, 4.894386795094968, 5.574357624874816], [6.546624940379585, 5.166950181683582, 4.176807524892666, 2.751791790815577, 2.1663190046712884, 1.0966308905005364, 2.1677438847797497, 2.7382398689669243, 2.621171716999861, 4.209322316002898, 6.706202747457013, 6.931816034777611, 7.303695749413443, 5.350255452779802, 5.0561664341672925, 4.372528049080989, 4.709212624208, 2.5241470836700466, 3.0711166226634896, 2.528355880804757, 3.0694237081250284, 1.7620054511833951, 0.0, 2.5543484981497726, 3.070725819737086, 4.70814915863973, 4.533501447005395, 4.813700817458435], [8.469887547069321, 7.187851625485878, 5.963868654656975, 4.666335432649478, 3.470179053017293, 2.1515966025256685, 1.0960235855126474, 2.1160594627750897, 3.0294434439348756, 2.8557882992266777, 8.656070426007403, 8.603661929085776, 9.332845785182567, 7.262764640273013, 7.32437084397015, 6.173712478727853, 6.100180644046535, 4.864121775819351, 4.770960425323186, 3.8254679439252914, 3.69952603045309, 2.3807887894561324, 2.5543484981497726, 0.0, 1.7743940965862122, 3.2704944656733486, 2.6844424486287655, 3.815698841627835], [7.605333844743438, 6.518004923287494, 5.1233878869357525, 4.14822185520495, 2.708778848485051, 2.1641236309416336, 1.0954281400438826, 2.1391972372831827, 3.1742561286071416, 2.7270130436065023, 7.754143705787248, 7.566764160458551, 8.566346564317836, 6.664812641777712, 6.875576556915063, 5.284604859400559, 5.006977185887709, 4.6813792369343465, 4.366151656779686, 3.006449404197583, 2.4821940818558086, 2.55383135504285, 3.070725819737086, 1.7743940965862122, 0.0, 2.546026032859837, 3.0417983644548174, 3.738142792885259], [9.141575707174338, 8.246138052446128, 6.753585684656707, 6.0310940765337095, 4.510463006166884, 4.1852280953372185, 2.8272911859233747, 2.137521550768553, 3.0944266948822685, 1.0927514172948944, 9.015913580442083, 9.128510948670655, 10.175863172232614, 8.63956467132459, 8.521047547690365, 6.5264788086685765, 6.680127928415743, 6.394200262738101, 6.551659592042309, 4.167591541886033, 4.401408217832106, 4.9052785150284794, 4.70814915863973, 3.2704944656733486, 2.546026032859837, 0.0, 1.792821789805111, 1.7774144873945414], [10.067331089221215, 8.979026486763473, 7.584620507975334, 6.564744382685437, 5.13385737433365, 4.281026215757152, 2.8291592638096574, 2.137038425017202, 3.0756735977668375, 1.0927307124813508, 10.005763095336606, 10.177381235366985, 11.034331648541292, 9.289689263909747, 9.102294076769876, 7.4496954870652266, 7.677193124443335, 6.7237682864596096, 6.975644957994923, 4.938859918037766, 5.270799957311983, 4.894386795094968, 4.533501447005395, 2.6844424486287655, 3.0417983644548174, 1.792821789805111, 0.0, 1.7791067674538257], [9.662464291783955, 8.730003959907465, 7.316730284765184, 6.535007903591242, 5.136657250586222, 4.6876879962301246, 3.493698617511247, 2.139828502473972, 2.5087120938840313, 1.093582113972243, 9.411840781164969, 9.830944858964472, 10.654878644076618, 9.239335890095134, 8.79447854565579, 6.929335086427846, 7.485519710748212, 6.613004722514569, 7.1944119391372086, 4.574195398100086, 5.376069175522206, 5.574357624874816, 4.813700817458435, 3.815698841627835, 3.738142792885259, 1.7774144873945414, 1.7791067674538257, 0.0]]}