{"total energy": -34.60196296, "HOMO-LUMO gap/eV": 4.24743474, "electronic energy": -35.09243497, "dipole": [0.16434727, -0.59762895, -0.09901865], "partial charges": [-0.10435721, 0.00490837, -0.10643116, -0.06174657, -0.053466, -0.06464249, 0.14677374, -0.44801223, -0.10564914, -0.0490742, -0.09455259, 0.04064295, 0.04004769, 0.03847414, 0.03364195, 0.03962336, 0.04123739, 0.0215245, 0.03523217, 0.04393829, 0.0298478, 0.03301214, 0.28168533, 0.03633203, 0.05400273, 0.04646142, 0.04388651, 0.03840281, 0.03825627], "atomic dipole moments": [[-0.00652703, -0.02413191, 0.06226447], [0.14637567, -0.02445455, -0.08701901], [-0.04735054, 0.03724859, -0.02424783], [-0.12857486, 0.06371443, 0.00530873], [-0.03657583, -0.10658417, -0.01975876], [-0.01037767, 0.10975523, -0.00088524], [0.05184507, 0.0944676, -0.10266355], [-0.02789357, -0.21807734, 0.06890485], [0.04013493, -0.08106366, -0.07788704], [0.08588247, 0.13056901, 0.03919804], [-0.00673677, -0.07815626, -0.00334378], [0.09568925, 0.08674964, 0.00349205], [-0.09836548, 0.05778009, -0.05773919], [0.02920022, -0.09116293, -0.0844278], [-0.02189163, -0.04842717, 0.11635454], [0.0192829, -0.10176686, -0.0750336], [0.10893957, 0.06690096, 0.01204803], [-0.00853146, -0.06405606, 0.13150923], [-0.02730456, 0.06495185, 0.10178492], [0.02950058, 0.09442409, -0.08167391], [0.04442314, -0.0720653, -0.09104697], [-0.02980016, -0.08111635, 0.09280662], [0.01770912, -0.05560532, -0.05427197], [-0.03280594, -0.06434983, 0.10740894], [0.07807862, 0.09816712, 0.0333335], [-0.10243567, 0.06875029, -0.03469239], [-0.1201886, 0.06786934, -0.05711902], [0.11142946, -0.09067199, 0.05343339], [-0.1250852, -0.05873813, -0.05937025]], "atomic quadrupole moments": [[-0.05153715, -0.00753858, -0.05395725, -0.0603402, -0.09158452, 0.1054944], [-0.21957755, 0.1989947, 0.26606718, 0.25193973, 0.11616355, -0.04648963], [0.07266216, -0.1237467, -0.02715935, 0.03738188, -0.05838253, -0.04550281], [-0.0985726, 0.15886558, 0.27947596, 0.28156306, 0.21676789, -0.18090336], [0.14458695, 0.01863157, -0.00417572, 0.10760247, 0.02815074, -0.14041123], [0.12804126, 0.00530308, 0.02282122, 0.14277398, 0.00187887, -0.15086248], [-0.1243719, 0.03670669, 0.03408624, -0.10405218, -0.18572103, 0.09028566], [-0.08739675, 0.04182571, 0.03566486, -0.06616962, -0.10412924, 0.05173189], [-0.06215866, -0.07227646, -0.02108528, -0.07876615, 0.1477867, 0.08324395], [-0.02655325, 0.10661356, -0.39106408, -0.30958978, 0.03138058, 0.41761733], [-0.09951858, -0.00734823, -0.36801849, -0.36160289, -0.01361647, 0.46753707], [0.03075295, 0.06343954, 0.00310982, 0.01623001, 0.00386353, -0.03386278], [0.05532936, -0.05129234, -0.02563433, 0.01784998, -0.02067383, -0.02969503], [-0.0424081, -0.03552599, 0.03850032, -0.01815518, 0.04867541, 0.00390778], [-0.02152185, 0.00071094, -0.03601702, -0.0366041, -0.03880041, 0.05753888], [-0.04453889, -0.01774632, 0.02360372, -0.00428919, 0.06016513, 0.02093516], [0.04174034, 0.05878379, 0.00349852, 0.00367059, -0.0085728, -0.04523886], [0.01871982, -0.04360207, -0.02793396, -0.0289579, -0.03138025, 0.00921414], [-0.01628722, -0.01833227, -0.01826925, -0.02438042, 0.02917207, 0.03455647], [-0.01053852, 0.0128271, -0.01780895, -0.01786935, -0.0422683, 0.02834747], [-0.00585487, -0.00745238, -0.02126262, -0.01622713, 0.04584575, 0.02711749], [-0.0170526, 0.02389027, -0.01229064, -0.01412358, -0.03922754, 0.02934324], [-0.0721722, -0.02676615, 0.00616931, -0.05761177, 0.08132361, 0.06600288], [-0.0440618, 0.00999956, 0.01078036, -0.02425513, -0.05940445, 0.03328144], [0.04093878, 0.05502628, -0.00011904, 0.01537818, 0.02187676, -0.04081974], [0.04182385, -0.04304629, -0.02469224, 0.04628566, -0.00921151, -0.01713161], [-0.00149377, 0.00103907, 0.05189204, 0.03593566, 0.00363728, -0.05039827], [0.02183451, -0.01078286, 0.02106048, 0.0406148, -0.00552455, -0.04289499], [0.01430174, 0.01088563, 0.03292415, 0.04197818, 0.00624961, -0.04722589]], "number of molecular orbitals": 62, "number of electrons": 64, "number of unpaired electrons": 0, "orbital energies/eV": [-18.51072822, -17.18452687, -16.8838023, -16.69038808, -16.54308128, -16.03785644, -15.95134845, -15.6634868, -15.38583752, -15.22860913, -14.45765306, -14.32697665, -14.09779382, -13.91159838, -13.6803839, -13.44565211, -13.40477263, -13.16126936, -12.94067723, -12.59933892, -12.55167721, -12.54668744, -12.35507651, -12.1962362, -12.06216172, -12.00020955, -11.81945776, -11.49071807, -11.33295967, -11.16215509, -10.85271395, -10.11253359, -5.86509885, -5.21459343, 0.84942389, 1.68225667, 2.29275879, 2.53382749, 2.68047318, 2.84817374, 3.36825239, 3.75491223, 4.04259535, 4.17550682, 4.33513928, 5.02204685, 5.21517445, 5.3213248, 5.44893346, 5.71713789, 5.95923049, 6.08786568, 6.12477397, 6.24586865, 6.65511174, 6.8577805, 7.52898219, 7.78489714, 10.39588856, 10.86564009, 15.31059414, 16.62557714], "fractional occupation": [2.0, 2.0, 2.0, 2.0, 2.0, 2.0, 2.0, 2.0, 2.0, 2.0, 2.0, 2.0, 2.0, 2.0, 2.0, 2.0, 2.0, 2.0, 2.0, 2.0, 2.0, 2.0, 2.0, 2.0, 2.0, 2.0, 2.0, 2.0, 2.0, 2.0, 2.0, 2.0, 0.0, 0.0, 0.0, 0.0, 0.0, 0.0, 0.0, 0.0, 0.0, 0.0, 0.0, 0.0, 0.0, 0.0, 0.0, 0.0, 0.0, 0.0, 0.0, 0.0, 0.0, 0.0, 0.0, 0.0, 0.0, 0.0, 0.0, 0.0, 0.0, 0.0], "program call": "xtb /home/svss/Project-DBcg-Debug/aqme2_20220329/End-to-End-workflows-final/example-3/QDESCP/mol_229_rdkit_conf_9/mol_229_rdkit_conf_9.xyz --pop --wbo --acc 0.2 --gfn 2 --chrg 0 --uhf 0 --etemp 300 --input /home/svss/Project-DBcg-Debug/aqme2_20220329/End-to-End-workflows-final/example-3/QDESCP/mol_229_rdkit_conf_9/mol_229_rdkit_conf_9_xtb.inp", "method": "GFN2-xTB", "xtb version": "6.3.3 (7355c4f)", "Dipole module/D": 1.595, "Total charge": 0, "Transition dipole module/D": NaN, "HOMO": -10.1125, "LUMO": -5.8651, "HOMO occupancy": 2.0, "LUMO occupancy": 0, "mulliken charges": [-0.08904, 0.00557, -0.08682, -0.07479, -0.03219, -0.06828, 0.24628, -0.56703, -0.09341, -0.04977, -0.08167, 0.03668, 0.03453, 0.03321, 0.0319, 0.03394, 0.03486, 0.02368, 0.02619, 0.03524, 0.02474, 0.02624, 0.33419, 0.02617, 0.0452, 0.04096, 0.03912, 0.02931, 0.03498], "cm5 charges": [-0.23343, -0.02015, -0.231, -0.13448, -0.13826, -0.17069, 0.24068, -0.77155, -0.23538, -0.10747, -0.18361, 0.08838, 0.08732, 0.08497, 0.08362, 0.08562, 0.08653, 0.08015, 0.08231, 0.09452, 0.08337, 0.08273, 0.50518, 0.07855, 0.0998, 0.09463, 0.09755, 0.08293, 0.08721], "FUKUI+": [0.024, -0.083, 0.025, -0.058, 0.012, 0.007, -0.004, -0.029, 0.018, -0.08, -0.067, -0.05, -0.025, -0.045, -0.033, -0.046, -0.049, -0.062, -0.041, -0.032, -0.012, -0.021, -0.014, -0.022, -0.033, -0.028, -0.084, -0.08, -0.09], "FUKUI-": [0.024, -0.065, 0.025, -0.054, 0.006, -0.007, -0.013, -0.066, 0.019, -0.016, -0.016, -0.069, -0.032, -0.06, -0.042, -0.068, -0.067, -0.062, -0.056, -0.035, -0.026, -0.038, -0.03, -0.029, -0.03, -0.041, -0.055, -0.036, -0.062], "FUKUIrad": [0.024, -0.074, 0.025, -0.056, 0.009, 0.0, -0.009, -0.047, 0.018, -0.048, -0.041, -0.059, -0.028, -0.053, -0.037, -0.057, -0.058, -0.062, -0.049, -0.033, -0.019, -0.029, -0.022, -0.026, -0.031, -0.035, -0.07, -0.058, -0.076], "s proportion": [1.007, 1.09, 1.009, 1.067, 1.025, 1.044, 1.046, 1.704, 1.016, 1.088, 1.05, 0.963, 0.965, 0.967, 0.968, 0.966, 0.965, 0.976, 0.974, 0.965, 0.975, 0.974, 0.666, 0.974, 0.955, 0.959, 0.961, 0.971, 0.965], "p proportion": [3.083, 2.904, 3.078, 3.008, 3.007, 3.025, 2.707, 4.863, 3.078, 2.962, 3.032, 0.0, 0.0, 0.0, 0.0, 0.0, 0.0, 0.0, 0.0, 0.0, 0.0, 0.0, 0.0, 0.0, 0.0, 0.0, 0.0, 0.0, 0.0], "d proportion": [0.0, 0.0, 0.0, 0.0, 0.0, 0.0, 0.0, 0.0, 0.0, 0.0, 0.0, 0.0, 0.0, 0.0, 0.0, 0.0, 0.0, 0.0, 0.0, 0.0, 0.0, 0.0, 0.0, 0.0, 0.0, 0.0, 0.0, 0.0, 0.0], "Fermi-level/eV": -7.9888, "Coordination numbers": [3.754, 2.935, 3.756, 2.893, 3.801, 3.801, 3.773, 1.654, 3.754, 2.889, 2.832, 0.924, 0.924, 0.924, 0.924, 0.924, 0.924, 0.925, 0.924, 0.924, 0.923, 0.923, 0.804, 0.924, 0.924, 0.924, 0.924, 0.925, 0.925], "Dispersion coefficient C6": [22.552, 27.914, 22.588, 29.534, 21.534, 21.74, 18.247, 21.804, 22.577, 29.217, 30.366, 2.44, 2.448, 2.469, 2.535, 2.454, 2.433, 2.71, 2.513, 2.397, 2.589, 2.544, 0.779, 2.498, 2.271, 2.365, 2.398, 2.47, 2.472], "Total dispersion C6": 6654.106697, "Total dispersion C8": 146084.794168, "Polarizability alpha": [6.772, 8.665, 6.777, 8.91, 6.607, 6.638, 6.087, 6.303, 6.775, 8.862, 9.03, 2.443, 2.447, 2.457, 2.49, 2.45, 2.439, 2.575, 2.479, 2.421, 2.516, 2.494, 1.386, 2.472, 2.357, 2.405, 2.422, 2.458, 2.459], "Total polarizability alpha": 124.595855, "Wiberg matrix": [[0.0, 1.0248427692945705, 0.0, 0.0, 0.0, 0.0, 0.0, 0.0, 0.0, 0.0, 0.0, 0.9716312926022368, 0.9808314620249087, 0.9744609725596457, 0.0, 0.0, 0.0, 0.0, 0.0, 0.0, 0.0, 0.0, 0.0, 0.0, 0.0, 0.0, 0.0, 0.0, 0.0], [1.0248427692945705, 0.0, 1.0218885643402718, 1.8812855588522945, 0.0, 0.0, 0.0, 0.0, 0.0, 0.0, 0.0, 0.0, 0.0, 0.0, 0.0, 0.0, 0.0, 0.0, 0.0, 0.0, 0.0, 0.0, 0.0, 0.0, 0.0, 0.0, 0.0, 0.0, 0.0], [0.0, 1.0218885643402718, 0.0, 0.0, 0.0, 0.0, 0.0, 0.0, 0.0, 0.0, 0.0, 0.0, 0.0, 0.0, 0.985284647647943, 0.9738961476416449, 0.9737728678401368, 0.0, 0.0, 0.0, 0.0, 0.0, 0.0, 0.0, 0.0, 0.0, 0.0, 0.0, 0.0], [0.0, 1.8812855588522945, 0.0, 0.0, 1.0204457303355214, 0.0, 0.0, 0.0, 0.0, 0.0, 0.0, 0.0, 0.0, 0.0, 0.0, 0.0, 0.0, 0.9665067649598432, 0.0, 0.0, 0.0, 0.0, 0.0, 0.0, 0.0, 0.0, 0.0, 0.0, 0.0], [0.0, 0.0, 0.0, 1.0204457303355214, 0.0, 0.9911539108113347, 0.0, 0.0, 0.0, 0.0, 0.0, 0.0, 0.0, 0.0, 0.0, 0.0, 0.0, 0.0, 0.9670349060179033, 0.9694745584153517, 0.0, 0.0, 0.0, 0.0, 0.0, 0.0, 0.0, 0.0, 0.0], [0.0, 0.0, 0.0, 0.0, 0.9911539108113347, 0.0, 0.9736054191578928, 0.0, 0.0, 0.0, 0.0, 0.0, 0.0, 0.0, 0.0, 0.0, 0.0, 0.0, 0.0, 0.0, 0.9748271769937931, 0.9755040187306796, 0.0, 0.0, 0.0, 0.0, 0.0, 0.0, 0.0], [0.0, 0.0, 0.0, 0.0, 0.0, 0.9736054191578928, 0.0, 0.9598918033370801, 0.9861758059694803, 0.9871954414392964, 0.0, 0.0, 0.0, 0.0, 0.0, 0.0, 0.0, 0.0, 0.0, 0.0, 0.0, 0.0, 0.0, 0.0, 0.0, 0.0, 0.0, 0.0, 0.0], [0.0, 0.0, 0.0, 0.0, 0.0, 0.0, 0.9598918033370801, 0.0, 0.0, 0.0, 0.0, 0.0, 0.0, 0.0, 0.0, 0.0, 0.0, 0.0, 0.0, 0.0, 0.0, 0.0, 0.9030983607740892, 0.0, 0.0, 0.0, 0.0, 0.0, 0.0], [0.0, 0.0, 0.0, 0.0, 0.0, 0.0, 0.9861758059694803, 0.0, 0.0, 0.0, 0.0, 0.0, 0.0, 0.0, 0.0, 0.0, 0.0, 0.0, 0.0, 0.0, 0.0, 0.0, 0.0, 0.9862250333649865, 0.9789106640484385, 0.9839024656362603, 0.0, 0.0, 0.0], [0.0, 0.0, 0.0, 0.0, 0.0, 0.0, 0.9871954414392964, 0.0, 0.0, 0.0, 1.9802424954630076, 0.0, 0.0, 0.0, 0.0, 0.0, 0.0, 0.0, 0.0, 0.0, 0.0, 0.0, 0.0, 0.0, 0.0, 0.0, 0.964435382671798, 0.0, 0.0], [0.0, 0.0, 0.0, 0.0, 0.0, 0.0, 0.0, 0.0, 0.0, 1.9802424954630076, 0.0, 0.0, 0.0, 0.0, 0.0, 0.0, 0.0, 0.0, 0.0, 0.0, 0.0, 0.0, 0.0, 0.0, 0.0, 0.0, 0.0, 0.9753124023497346, 0.9769428726733711], [0.9716312926022368, 0.0, 0.0, 0.0, 0.0, 0.0, 0.0, 0.0, 0.0, 0.0, 0.0, 0.0, 0.0, 0.0, 0.0, 0.0, 0.0, 0.0, 0.0, 0.0, 0.0, 0.0, 0.0, 0.0, 0.0, 0.0, 0.0, 0.0, 0.0], [0.9808314620249087, 0.0, 0.0, 0.0, 0.0, 0.0, 0.0, 0.0, 0.0, 0.0, 0.0, 0.0, 0.0, 0.0, 0.0, 0.0, 0.0, 0.0, 0.0, 0.0, 0.0, 0.0, 0.0, 0.0, 0.0, 0.0, 0.0, 0.0, 0.0], [0.9744609725596457, 0.0, 0.0, 0.0, 0.0, 0.0, 0.0, 0.0, 0.0, 0.0, 0.0, 0.0, 0.0, 0.0, 0.0, 0.0, 0.0, 0.0, 0.0, 0.0, 0.0, 0.0, 0.0, 0.0, 0.0, 0.0, 0.0, 0.0, 0.0], [0.0, 0.0, 0.985284647647943, 0.0, 0.0, 0.0, 0.0, 0.0, 0.0, 0.0, 0.0, 0.0, 0.0, 0.0, 0.0, 0.0, 0.0, 0.0, 0.0, 0.0, 0.0, 0.0, 0.0, 0.0, 0.0, 0.0, 0.0, 0.0, 0.0], [0.0, 0.0, 0.9738961476416449, 0.0, 0.0, 0.0, 0.0, 0.0, 0.0, 0.0, 0.0, 0.0, 0.0, 0.0, 0.0, 0.0, 0.0, 0.0, 0.0, 0.0, 0.0, 0.0, 0.0, 0.0, 0.0, 0.0, 0.0, 0.0, 0.0], [0.0, 0.0, 0.9737728678401368, 0.0, 0.0, 0.0, 0.0, 0.0, 0.0, 0.0, 0.0, 0.0, 0.0, 0.0, 0.0, 0.0, 0.0, 0.0, 0.0, 0.0, 0.0, 0.0, 0.0, 0.0, 0.0, 0.0, 0.0, 0.0, 0.0], [0.0, 0.0, 0.0, 0.9665067649598432, 0.0, 0.0, 0.0, 0.0, 0.0, 0.0, 0.0, 0.0, 0.0, 0.0, 0.0, 0.0, 0.0, 0.0, 0.0, 0.0, 0.0, 0.0, 0.0, 0.0, 0.0, 0.0, 0.0, 0.0, 0.0], [0.0, 0.0, 0.0, 0.0, 0.9670349060179033, 0.0, 0.0, 0.0, 0.0, 0.0, 0.0, 0.0, 0.0, 0.0, 0.0, 0.0, 0.0, 0.0, 0.0, 0.0, 0.0, 0.0, 0.0, 0.0, 0.0, 0.0, 0.0, 0.0, 0.0], [0.0, 0.0, 0.0, 0.0, 0.9694745584153517, 0.0, 0.0, 0.0, 0.0, 0.0, 0.0, 0.0, 0.0, 0.0, 0.0, 0.0, 0.0, 0.0, 0.0, 0.0, 0.0, 0.0, 0.0, 0.0, 0.0, 0.0, 0.0, 0.0, 0.0], [0.0, 0.0, 0.0, 0.0, 0.0, 0.9748271769937931, 0.0, 0.0, 0.0, 0.0, 0.0, 0.0, 0.0, 0.0, 0.0, 0.0, 0.0, 0.0, 0.0, 0.0, 0.0, 0.0, 0.0, 0.0, 0.0, 0.0, 0.0, 0.0, 0.0], [0.0, 0.0, 0.0, 0.0, 0.0, 0.9755040187306796, 0.0, 0.0, 0.0, 0.0, 0.0, 0.0, 0.0, 0.0, 0.0, 0.0, 0.0, 0.0, 0.0, 0.0, 0.0, 0.0, 0.0, 0.0, 0.0, 0.0, 0.0, 0.0, 0.0], [0.0, 0.0, 0.0, 0.0, 0.0, 0.0, 0.0, 0.9030983607740892, 0.0, 0.0, 0.0, 0.0, 0.0, 0.0, 0.0, 0.0, 0.0, 0.0, 0.0, 0.0, 0.0, 0.0, 0.0, 0.0, 0.0, 0.0, 0.0, 0.0, 0.0], [0.0, 0.0, 0.0, 0.0, 0.0, 0.0, 0.0, 0.0, 0.9862250333649865, 0.0, 0.0, 0.0, 0.0, 0.0, 0.0, 0.0, 0.0, 0.0, 0.0, 0.0, 0.0, 0.0, 0.0, 0.0, 0.0, 0.0, 0.0, 0.0, 0.0], [0.0, 0.0, 0.0, 0.0, 0.0, 0.0, 0.0, 0.0, 0.9789106640484385, 0.0, 0.0, 0.0, 0.0, 0.0, 0.0, 0.0, 0.0, 0.0, 0.0, 0.0, 0.0, 0.0, 0.0, 0.0, 0.0, 0.0, 0.0, 0.0, 0.0], [0.0, 0.0, 0.0, 0.0, 0.0, 0.0, 0.0, 0.0, 0.9839024656362603, 0.0, 0.0, 0.0, 0.0, 0.0, 0.0, 0.0, 0.0, 0.0, 0.0, 0.0, 0.0, 0.0, 0.0, 0.0, 0.0, 0.0, 0.0, 0.0, 0.0], [0.0, 0.0, 0.0, 0.0, 0.0, 0.0, 0.0, 0.0, 0.0, 0.964435382671798, 0.0, 0.0, 0.0, 0.0, 0.0, 0.0, 0.0, 0.0, 0.0, 0.0, 0.0, 0.0, 0.0, 0.0, 0.0, 0.0, 0.0, 0.0, 0.0], [0.0, 0.0, 0.0, 0.0, 0.0, 0.0, 0.0, 0.0, 0.0, 0.0, 0.9753124023497346, 0.0, 0.0, 0.0, 0.0, 0.0, 0.0, 0.0, 0.0, 0.0, 0.0, 0.0, 0.0, 0.0, 0.0, 0.0, 0.0, 0.0, 0.0], [0.0, 0.0, 0.0, 0.0, 0.0, 0.0, 0.0, 0.0, 0.0, 0.0, 0.9769428726733711, 0.0, 0.0, 0.0, 0.0, 0.0, 0.0, 0.0, 0.0, 0.0, 0.0, 0.0, 0.0, 0.0, 0.0, 0.0, 0.0, 0.0, 0.0]], "Born radii": [], "Atomic SASAs": [], "Solvent H bonds": [], "Total SASA": NaN, "Total FOD": 0.0, "FOD": [0.0, 0.0, 0.0, 0.0, 0.0, 0.0, 0.0, 0.0, 0.0, 0.0, 0.0, 0.0, 0.0, 0.0, 0.0, 0.0, 0.0, 0.0, 0.0, 0.0, 0.0, 0.0, 0.0, 0.0, 0.0, 0.0, 0.0, 0.0, 0.0], "FOD s proportion": [0.0, 0.0, 0.0, 0.0, 0.0, 0.0, 0.0, 0.0, 0.0, 0.0, 0.0, 0.0, 0.0, 0.0, 0.0, 0.0, 0.0, 0.0, 0.0, 0.0, 0.0, 0.0, 0.0, 0.0, 0.0, 0.0, 0.0, 0.0, 0.0], "FOD p proportion": [0.0, 0.0, 0.0, 0.0, 0.0, 0.0, 0.0, 0.0, 0.0, 0.0, 0.0, 0.0, 0.0, 0.0, 0.0, 0.0, 0.0, 0.0, 0.0, 0.0, 0.0, 0.0, 0.0, 0.0, 0.0, 0.0, 0.0, 0.0, 0.0], "FOD d proportion": [0.0, 0.0, 0.0, 0.0, 0.0, 0.0, 0.0, 0.0, 0.0, 0.0, 0.0, 0.0, 0.0, 0.0, 0.0, 0.0, 0.0, 0.0, 0.0, 0.0, 0.0, 0.0, 0.0, 0.0, 0.0, 0.0, 0.0, 0.0, 0.0], "coordinates": [["2.95310", "0.20770", "-1.07750"], ["2.69340", "-0.37090", "0.28610"], ["3.80870", "-1.23440", "0.81540"], ["1.57420", "-0.17420", "1.01000"], ["0.38670", "0.68010", "0.65110"], ["-0.79060", "-0.18580", "0.18420"], ["-2.02630", "0.61800", "-0.28270"], ["-1.63200", "1.47350", "-1.35820"], ["-2.57640", "1.51420", "0.83210"], ["-3.15720", "-0.22900", "-0.83080"], ["-3.24400", "-1.56590", "-0.88040"], ["3.77680", "0.92730", "-1.03040"], ["2.08580", "0.71490", "-1.50620"], ["3.23100", "-0.58850", "-1.77670"], ["3.58990", "-1.63210", "1.81200"], ["3.97930", "-2.08550", "0.14810"], ["4.73510", "-0.65490", "0.88530"], ["1.49310", "-0.66080", "1.98220"], ["0.10920", "1.24560", "1.54810"], ["0.64490", "1.42520", "-0.10680"], ["-0.43520", "-0.80630", "-0.65060"], ["-1.07560", "-0.86950", "0.99520"], ["-1.37300", "0.89560", "-2.09690"], ["-2.83620", "0.93480", "1.72450"], ["-1.85840", "2.29180", "1.11390"], ["-3.47360", "2.05260", "0.50180"], ["-3.99540", "0.34010", "-1.23510"], ["-2.46510", "-2.22070", "-0.50480"], ["-4.12230", "-2.04270", "-1.30670"]], "bond_dist": [[0.0, 1.5038706759558815, 2.5287890738454246, 2.530784279625587, 3.1301164003915254, 3.9701409080787045, 5.059098485896475, 4.764890779440805, 5.994070792041081, 6.130850990686367, 6.448918807055956, 1.0947713277209996, 1.0923574598088304, 1.0954649652088377, 3.484191230400536, 2.7953439931428834, 2.787864164553216, 3.4996651754132135, 4.007340636881272, 2.78430457744838, 3.5624452978256382, 4.656916235020767, 4.497501971094621, 6.472702132803579, 5.682978006292124, 6.8702487138385315, 6.951548012493332, 5.965065220934303, 7.42819749064334], [1.5038706759558815, 0.0, 1.5065473208631714, 1.3473421020661382, 2.560994121430192, 3.4904013551452793, 4.8556178535795, 4.981427406878474, 5.623389551684998, 5.957946087369371, 6.167776423477103, 2.142953814247988, 2.1818521237700783, 2.14278028738366, 2.173179352929712, 2.1476582526091064, 2.1466801182290762, 2.0979793397457467, 3.299061364994595, 2.7525802204477166, 3.294710610964186, 3.867400389150314, 4.880401644332155, 5.860914878242133, 5.33798720212029, 6.6296129404362665, 6.896348010360267, 5.536912957596498, 7.196227731944007], [2.5287890738454246, 1.5065473208631714, 0.0, 2.4809037566983525, 3.924587715926349, 4.75936297102879, 6.219681211284064, 6.454337755339427, 6.951588513426265, 7.228040288349256, 7.261281373146202, 2.8426997977275055, 3.486829714798244, 2.733112970588665, 1.0951028673142995, 1.0948812081682653, 1.0949535241278507, 2.6556435302954347, 4.513706851358426, 4.23480288089068, 4.510334003153203, 4.901210721852305, 6.314143344904359, 7.048871360721516, 6.6812581973757, 7.995911908594291, 8.221166420283682, 6.486623325737359, 8.249692012432948], [2.530784279625587, 1.3473421020661382, 2.4809037566983525, 0.0, 1.5062516224057652, 2.5048671102475675, 3.906693535459366, 4.313120096867232, 4.48439776670179, 5.077173784695575, 5.3596168043993595, 3.1981215064471833, 2.7172588779871525, 3.2683830283490334, 2.6137564729714207, 3.1906810103800725, 3.19967363804498, 1.090197050995828, 2.1098835631380233, 2.1607686340744583, 2.6823182380172566, 2.739543971174765, 4.413987708410616, 4.603479055019149, 4.2278474393005245, 5.540504518543415, 6.027057545768084, 4.774801124654303, 6.427169158346465], [3.1301164003915254, 2.560994121430192, 3.924587715926349, 1.5062516224057652, 0.0, 1.5342143624669926, 2.588128252231716, 2.9566737628625854, 3.0835767251683555, 3.947368443659649, 4.535635648947125, 3.79227215531797, 2.7462875195434293, 3.948873420356748, 4.117577915474096, 4.561614529966336, 4.554740080399759, 2.1895115848060724, 1.0960864473206482, 1.0937338158802625, 2.1399363214824874, 2.1582368405714885, 3.270242856425192, 3.4064855878162756, 2.802183923299825, 4.099751557106845, 4.7829019277003795, 4.22888977037709, 5.619404032457535], [3.9701409080787045, 3.4904013551452793, 4.75936297102879, 2.5048671102475675, 1.5342143624669926, 0.0, 1.5463002748496166, 2.4166564112426077, 2.5492853998718936, 2.575439147019397, 3.00952167794153, 4.855449261396931, 3.455776267352966, 4.492278114720858, 4.891860257611618, 5.134404474717589, 5.589718822087566, 2.945117092748606, 2.1722728212634803, 2.1773061911453793, 1.0991908160096682, 1.0983586345087837, 2.590759141641693, 2.795129301123653, 2.8536013544291707, 3.5085315047751813, 3.5442525784712355, 2.723873943485638, 4.0952515563759935], [5.059098485896475, 4.8556178535795, 6.219681211284064, 3.906693535459366, 2.588128252231716, 1.5463002748496166, 0.0, 1.4297038119834473, 1.5325023621515237, 1.5155056647865095, 2.5708865766501643, 5.8592398303875575, 4.291352731948284, 5.597042213526712, 6.402532353686313, 6.600131229755966, 6.978612209458268, 4.376217294650712, 2.882025442288808, 2.7960368541920184, 2.1669287274850553, 2.1793382367131544, 1.9481232738202172, 2.1874990491426507, 2.18638706774441, 2.1836196326283566, 2.204914733045249, 2.8809879451327105, 3.5385189684386322], [4.764890779440805, 4.981427406878474, 6.454337755339427, 4.313120096867232, 2.9566737628625854, 2.4166564112426077, 1.4297038119834473, 0.0, 2.3855737129671764, 2.345824386010172, 3.4734405421714074, 5.446182582323146, 3.7972904550481776, 5.29865598524758, 6.852967168314758, 6.813377164079499, 7.078371367765328, 5.047747879995592, 3.395628887260797, 2.5985781612258654, 2.6703026120647824, 3.3671533258822652, 0.9729990236377425, 3.3531082028470243, 2.6138382237621363, 2.680754999995337, 2.624006236654174, 3.8819403408604827, 4.309049637681144], [5.994070792041081, 5.623389551684998, 6.951588513426265, 4.48439776670179, 3.0835767251683555, 2.5492853998718936, 1.5325023621515237, 2.3855737129671764, 0.0, 2.4781669213352036, 3.586831752396535, 6.646541062838625, 5.276612191548665, 6.704705772067854, 6.991613790105972, 7.510186321257283, 7.626654397571717, 4.75543744149789, 2.7923555146148566, 3.3565202070001012, 3.488245544682885, 2.8215293618886905, 3.2264343352995737, 1.0952525553496781, 1.0952611560719203, 1.0972422202959562, 2.7686436480702965, 3.968522056131224, 4.428973905996737], [6.130850990686367, 5.957946087369371, 7.228040288349256, 5.077173784695575, 3.947368443659649, 2.575439147019397, 1.5155056647865095, 2.345824386010172, 2.4781669213352036, 0.0, 1.3406326901877337, 7.032583156280486, 5.369931225816584, 6.46784866087635, 7.380815663597079, 7.4387142511323825, 8.087940980867753, 5.452037264179326, 4.301508959655902, 4.209099434558419, 2.7883743166942274, 2.8421074592632842, 2.459899186958685, 2.8261333178036736, 3.438483992982954, 2.6611332698683094, 1.0908311235017087, 2.1335761762824403, 2.1088875052975204], [6.448918807055956, 6.167776423477103, 7.261281373146202, 5.3596168043993595, 4.535635648947125, 3.00952167794153, 2.5708865766501643, 3.4734405421714074, 3.586831752396535, 1.3406326901877337, 0.0, 7.45185741141093, 5.830989823349035, 6.609409160431816, 7.345446848898983, 7.314633230723192, 8.222752233893468, 5.608368851992529, 5.0046073512314635, 4.966757431161703, 2.9187596064081744, 2.9503909707020184, 3.3225736259712897, 3.633910474956696, 4.5583954567369425, 3.8803009226089666, 2.0792426626057865, 1.0846767306437435, 1.0864993419234084], [1.0947713277209996, 2.142953814247988, 2.8426997977275055, 3.1981215064471833, 3.79227215531797, 4.855449261396931, 5.8592398303875575, 5.446182582323146, 6.646541062838625, 7.032583156280486, 7.45185741141093, 0.0, 1.7694576570237563, 1.775531179675536, 3.8294513614877, 3.241424430709438, 2.6630062373190193, 4.100378770308909, 4.494581949414205, 3.302989400527952, 4.570619323461537, 5.556737474453873, 5.2591698185169875, 7.163888557201319, 6.18185747004895, 7.495481111309667, 7.79703782022378, 7.010526012361697, 8.443519556440906], [1.0923574598088304, 2.1818521237700783, 3.486829714798244, 2.7172588779871525, 2.7462875195434293, 3.455776267352966, 4.291352731948284, 3.7972904550481776, 5.276612191548665, 5.369931225816584, 5.830989823349035, 1.7694576570237563, 0.0, 1.7559911303876223, 4.333725539302184, 3.763547648163897, 3.822880429728348, 3.796416512976415, 3.6765933335086163, 2.130502114526057, 3.066193372897411, 4.331486497728003, 3.513527631882237, 5.89167739272951, 4.990816692686678, 6.06039880288418, 6.098767391038947, 5.507380514364338, 6.795929930480448], [1.0954649652088377, 2.14278028738366, 2.733112970588665, 3.2683830283490334, 3.948873420356748, 4.492278114720858, 5.597042213526712, 5.29865598524758, 6.704705772067854, 6.46784866087635, 6.609409160431816, 1.775531179675536, 1.7559911303876223, 0.0, 3.75455428246816, 2.550650295512891, 3.0582625410517, 4.141841729231092, 4.915674225373361, 3.678514225879791, 3.841426882032248, 5.129248889457402, 4.847875498607612, 7.168665159567714, 6.523318849328154, 7.557686988755223, 7.305921261552166, 6.060310360039327, 7.510433977474271], [3.484191230400536, 2.173179352929712, 1.0951028673142995, 2.6137564729714207, 4.117577915474096, 4.891860257611618, 6.402532353686313, 6.852967168314758, 6.991613790105972, 7.380815663597079, 7.345446848898983, 3.8294513614877, 4.333725539302184, 3.75455428246816, 0.0, 1.7679839167820504, 1.767816667530884, 2.317102062922564, 4.523944406157087, 4.658529996683503, 4.790383534749592, 4.797458832548748, 6.804347353714388, 6.920360761549935, 6.750430187032527, 8.073826254013644, 8.40899324176206, 6.509764757654457, 8.329040214214361], [2.7953439931428834, 2.1476582526091064, 1.0948812081682653, 3.1906810103800725, 4.561614529966336, 5.134404474717589, 6.600131229755966, 6.813377164079499, 7.510186321257283, 7.4387142511323825, 7.314633230723192, 3.241424430709438, 3.763547648163897, 2.550650295512891, 1.7679839167820504, 0.0, 1.7780083914312668, 3.402188022434974, 5.294705017279055, 4.848526772123672, 4.664984949600588, 5.2676606211866, 6.524882949141693, 7.619599024883134, 7.360181126847355, 8.531980644023989, 8.449415227694756, 6.4787999513798855, 8.231293788949584], [2.787864164553216, 2.1466801182290762, 1.0949535241278507, 3.19967363804498, 4.554740080399759, 5.589718822087566, 6.978612209458268, 7.078371367765328, 7.626654397571717, 8.087940980867753, 8.222752233893468, 2.6630062373190193, 3.822880429728348, 3.0582625410517, 1.767816667530884, 1.7780083914312668, 0.0, 3.422541222542104, 5.044814654672657, 4.694764579827193, 5.395730984769348, 5.815699928641436, 6.971832807805994, 7.781772704210782, 7.2256170047962005, 8.652189560452314, 9.039234005710881, 7.49846568905933, 9.229538861720016], [3.4996651754132135, 2.0979793397457467, 2.6556435302954347, 1.090197050995828, 2.1895115848060724, 2.945117092748606, 4.376217294650712, 5.047747879995592, 4.75543744149789, 5.452037264179326, 5.608368851992529, 4.100378770308909, 3.796416512976415, 4.141841729231092, 2.317102062922564, 3.402188022434974, 3.422541222542104, 0.0, 2.395408729215121, 3.071605482479806, 3.2666721567981076, 2.7597000525419424, 5.222639847816429, 4.621167291929606, 4.550202621862019, 5.849977146109205, 6.440221451937814, 4.9280629308076005, 6.652760929118076], [4.007340636881272, 3.299061364994595, 4.513706851358426, 2.1098835631380233, 1.0960864473206482, 2.1722728212634803, 2.882025442288808, 3.395628887260797, 2.7923555146148566, 4.301508959655902, 5.0046073512314635, 4.494581949414205, 3.6765933335086163, 4.915674225373361, 4.523944406157087, 5.294705017279055, 5.044814654672657, 2.395408729215121, 0.0, 1.7486922713845339, 3.0562962323701544, 2.4865834914597174, 3.9503723672585607, 2.967000970677293, 2.270355443537421, 3.8186972294226202, 5.041217476959311, 4.78086337286478, 6.071934797080747], [2.78430457744838, 2.7525802204477166, 4.23480288089068, 2.1607686340744583, 1.0937338158802625, 2.1773061911453793, 2.7960368541920184, 2.5985781612258654, 3.3565202070001012, 4.209099434558419, 4.966757431161703, 3.302989400527952, 2.130502114526057, 3.678514225879791, 4.658529996683503, 4.848526772123672, 4.694764579827193, 3.071605482479806, 1.7486922713845339, 0.0, 2.5380950927811985, 3.072486344965588, 2.883209076706023, 3.9638628962162654, 2.916781606497134, 4.210233600407465, 4.897232584838094, 4.808647503196715, 6.016002514959581], [3.5624452978256382, 3.294710610964186, 4.510334003153203, 2.6823182380172566, 2.1399363214824874, 1.0991908160096682, 2.1669287274850553, 2.6703026120647824, 3.488245544682885, 2.7883743166942274, 2.9187596064081744, 4.570619323461537, 3.066193372897411, 3.841426882032248, 4.790383534749592, 4.664984949600588, 5.395730984769348, 3.2666721567981076, 3.0562962323701544, 2.5380950927811985, 0.0, 1.7671344148083359, 2.422336917111243, 3.7996486969192294, 3.83890376279479, 4.328187788208825, 3.785617155762056, 2.4783621628002632, 3.943838051948888], [4.656916235020767, 3.867400389150314, 4.901210721852305, 2.739543971174765, 2.1582368405714885, 1.0983586345087837, 2.1793382367131544, 3.3671533258822652, 2.8215293618886905, 2.8421074592632842, 2.9503909707020184, 5.556737474453873, 4.331486497728003, 5.129248889457402, 4.797458832548748, 5.2676606211866, 5.815699928641436, 2.7597000525419424, 2.4865834914597174, 3.072486344965588, 1.7671344148083359, 0.0, 3.572829016339853, 2.624326454540288, 3.25893897150591, 3.8121537180444336, 3.8681523095658994, 2.450806334658045, 3.994686813756493], [4.497501971094621, 4.880401644332155, 6.314143344904359, 4.413987708410616, 3.270242856425192, 2.590759141641693, 1.9481232738202172, 0.9729990236377425, 3.2264343352995737, 2.459899186958685, 3.3225736259712897, 5.2591698185169875, 3.513527631882237, 4.847875498607612, 6.804347353714388, 6.524882949141693, 6.971832807805994, 5.222639847816429, 3.9503723672585607, 2.883209076706023, 2.422336917111243, 3.572829016339853, 0.0, 4.092137441484584, 3.534716995743789, 3.536157667582146, 2.815716827026468, 3.665895594530755, 4.100813750952364], [6.472702132803579, 5.860914878242133, 7.048871360721516, 4.603479055019149, 3.4064855878162756, 2.795129301123653, 2.1874990491426507, 3.3531082028470243, 1.0952525553496781, 2.8261333178036736, 3.633910474956696, 7.163888557201319, 5.89167739272951, 7.168665159567714, 6.920360761549935, 7.619599024883134, 7.781772704210782, 4.621167291929606, 2.967000970677293, 3.9638628962162654, 3.7996486969192294, 2.624326454540288, 4.092137441484584, 0.0, 1.7805544642049, 1.775035461617598, 3.233673590515901, 3.8813237368196947, 4.439339241373653], [5.682978006292124, 5.33798720212029, 6.6812581973757, 4.2278474393005245, 2.802183923299825, 2.8536013544291707, 2.18638706774441, 2.6138382237621363, 1.0952611560719203, 3.438483992982954, 4.5583954567369425, 6.18185747004895, 4.990816692686678, 6.523318849328154, 6.750430187032527, 7.360181126847355, 7.2256170047962005, 4.550202621862019, 2.270355443537421, 2.916781606497134, 3.83890376279479, 3.25893897150591, 3.534716995743789, 1.7805544642049, 0.0, 1.7437758141458433, 3.727425772567443, 4.832280086046337, 5.456412541221567], [6.8702487138385315, 6.6296129404362665, 7.995911908594291, 5.540504518543415, 4.099751557106845, 3.5085315047751813, 2.1836196326283566, 2.680754999995337, 1.0972422202959562, 2.6611332698683094, 3.8803009226089666, 7.495481111309667, 6.06039880288418, 7.557686988755223, 8.073826254013644, 8.531980644023989, 8.652189560452314, 5.849977146109205, 3.8186972294226202, 4.210233600407465, 4.328187788208825, 3.8121537180444336, 3.536157667582146, 1.775035461617598, 1.7437758141458433, 0.0, 2.4943442224360295, 4.5045986169691075, 4.523601002520006], [6.951548012493332, 6.896348010360267, 8.221166420283682, 6.027057545768084, 4.7829019277003795, 3.5442525784712355, 2.204914733045249, 2.624006236654174, 2.7686436480702965, 1.0908311235017087, 2.0792426626057865, 7.79703782022378, 6.098767391038947, 7.305921261552166, 8.40899324176206, 8.449415227694756, 9.039234005710881, 6.440221451937814, 5.041217476959311, 4.897232584838094, 3.785617155762056, 3.8681523095658994, 2.815716827026468, 3.233673590515901, 3.727425772567443, 2.4943442224360295, 0.0, 3.071294974436679, 2.3872507220650285], [5.965065220934303, 5.536912957596498, 6.486623325737359, 4.774801124654303, 4.22888977037709, 2.723873943485638, 2.8809879451327105, 3.8819403408604827, 3.968522056131224, 2.1335761762824403, 1.0846767306437435, 7.010526012361697, 5.507380514364338, 6.060310360039327, 6.509764757654457, 6.4787999513798855, 7.49846568905933, 4.9280629308076005, 4.78086337286478, 4.808647503196715, 2.4783621628002632, 2.450806334658045, 3.665895594530755, 3.8813237368196947, 4.832280086046337, 4.5045986169691075, 3.071294974436679, 0.0, 1.8496052146336526], [7.42819749064334, 7.196227731944007, 8.249692012432948, 6.427169158346465, 5.619404032457535, 4.0952515563759935, 3.5385189684386322, 4.309049637681144, 4.428973905996737, 2.1088875052975204, 1.0864993419234084, 8.443519556440906, 6.795929930480448, 7.510433977474271, 8.329040214214361, 8.231293788949584, 9.229538861720016, 6.652760929118076, 6.071934797080747, 6.016002514959581, 3.943838051948888, 3.994686813756493, 4.100813750952364, 4.439339241373653, 5.456412541221567, 4.523601002520006, 2.3872507220650285, 1.8496052146336526, 0.0]]}