{"total energy": -46.68922911, "HOMO-LUMO gap/eV": 3.62943223, "electronic energy": -47.25455104, "dipole": [-1.04920604, -0.68716501, -0.26954386], "partial charges": [-0.11210599, 0.01492625, -0.19731197, 0.25744489, -0.35885823, 0.26003375, -0.19599381, 0.05219241, -0.11608014, -0.11048195, -0.36604521, 0.32909232, -0.2578971, 0.03495934, -0.33207451, 0.05123753, 0.03939193, 0.04629604, 0.02958641, 0.07112715, 0.18278932, 0.18283535, 0.06545511, 0.04179854, 0.0491332, 0.0455372, 0.03660762, 0.04360784, 0.03766282, 0.05627808, 0.06327456, 0.05558125], "atomic dipole moments": [[-0.07211934, 0.09820481, -0.04159016], [-0.10983558, -0.03438499, 0.13070562], [-0.030379, -0.01216718, -0.16966047], [0.02651454, -0.00480993, -0.00406082], [0.09134941, 0.24351015, -0.13289731], [-0.01570847, 0.0101304, 0.00137393], [0.01667056, -0.10328075, -0.11171034], [-0.00183298, 0.13963455, -0.07185859], [0.1069906, -0.0127794, -0.06654852], [0.02188372, 0.04648673, 0.09907405], [0.18391664, -0.20557188, 0.07395003], [0.03008252, 0.11942417, -0.06510865], [-0.21858259, 0.00491586, 0.07734166], [0.16432219, -0.20915121, 0.03724965], [-0.27246553, -0.02136796, 0.08399074], [0.05169646, 0.01877725, 0.11600783], [-0.06747494, -0.10563077, 0.0080397], [0.09479766, -0.02164551, -0.08194193], [-0.04686934, -0.02540776, -0.10977624], [0.08442721, 0.10047647, -0.01213849], [-0.09264085, -0.09001605, 0.01477227], [-0.04870535, 0.08777018, -0.08521826], [0.07066864, -0.08846442, 0.07255021], [-0.08538044, 0.07600797, -0.05533476], [0.01874625, 0.05024593, 0.11658502], [-0.05696413, -0.11290267, 0.0167929], [0.1070264, -0.01857392, -0.06904457], [-0.05562623, -0.11355534, 0.00773628], [-0.07431575, 0.07126522, -0.07441443], [-0.09641315, -0.0383304, -0.07385229], [0.04958052, 0.09571964, -0.05855815], [-0.03190309, 0.04460446, 0.11646967]], "atomic quadrupole moments": [[-0.00281614, -0.17413203, 0.10729565, 0.05060877, -0.09168627, -0.10447951], [0.1100165, -0.2382581, -0.05265594, -0.19118204, -0.03931744, -0.05736057], [0.03329857, -0.09832937, -0.03448813, -0.05794805, 0.00870371, 0.00118956], [-0.21091223, -0.04091706, -0.03905346, 0.14994842, 0.27939842, 0.24996569], [-0.04438891, -0.00214455, -0.06040174, 0.04986191, 0.11616188, 0.10479065], [-0.10338029, 0.12100464, -0.14855029, 0.07916994, 0.28993547, 0.25193057], [0.03474565, 0.0821871, 0.02826402, -0.04557446, 0.0168802, -0.06300967], [-0.00424895, 0.18376699, 0.05192879, -0.12186078, 0.06525278, -0.04767984], [0.1526886, -0.01843924, -0.1195037, -0.16673769, 0.01996675, -0.0331849], [-0.10305264, 0.03719921, -0.05901379, 0.04714623, 0.12573294, 0.16206644], [-0.07851922, 0.06634649, -0.02879236, 0.02106291, 0.09370204, 0.10731158], [-0.38592616, 0.18502294, 0.091204, 0.08982392, 0.11395288, 0.29472216], [0.01809276, -0.06924127, 0.05053267, -0.00542386, -0.04470477, -0.06862543], [0.07421095, -0.37013236, 0.19693582, 0.03461186, -0.09214767, -0.27114677], [-0.11259285, 0.02178792, -0.00271241, 0.07167002, 0.09827537, 0.11530526], [-0.03332249, 0.00699762, -0.02033413, 0.04280289, 0.02764587, 0.05365662], [0.01287257, 0.05798386, 0.03412305, 0.00768026, -0.00862565, -0.04699562], [0.02214808, -0.01804223, -0.03712948, -0.06418742, 0.00274006, 0.0149814], [0.0121484, -0.00820366, -0.0322681, 0.02096783, 0.0202585, 0.02011969], [-0.00086535, 0.02254081, 0.03314719, 0.00121933, 0.00688852, -0.03228184], [-0.02141841, 0.0013703, 0.06189305, -0.02949648, -0.03329673, -0.04047463], [0.04867005, -0.02828185, 0.00657461, 0.0189817, -0.02780382, -0.05524466], [0.01670805, -0.01462987, -0.01259024, 0.00937194, -0.00299336, -0.00411781], [-0.00036848, -0.04576763, -0.00259053, 0.03363821, -0.0459838, 0.00295901], [-0.02145815, 0.00994854, -0.03145834, 0.02654728, 0.04535266, 0.05291649], [-0.02090465, 0.04050133, 0.06789337, -0.01159332, -0.00513667, -0.04698872], [0.06198969, -0.00787425, -0.04895323, -0.04121533, 0.00725658, -0.01303646], [-0.02515853, 0.0549262, 0.0546187, -0.01139063, -0.01713644, -0.02946016], [-0.00169168, -0.05648658, 0.01371696, 0.03398242, -0.03149751, -0.01202528], [0.02694024, 0.0166975, -0.00099602, 0.04366995, 0.02282955, -0.02594422], [-0.00193877, 0.03622253, 0.02670128, -0.03458988, -0.0496912, -0.02476251], [-0.02809171, -0.02878855, -0.0239878, -0.02000596, 0.01046477, 0.05207951]], "number of molecular orbitals": 77, "number of electrons": 84, "number of unpaired electrons": 0, "orbital energies/eV": [-19.39619311, -18.59725728, -18.05071105, -17.95396242, -17.71677715, -17.50522339, -17.27129506, -17.00904606, -16.92467899, -16.39913264, -16.3352458, -16.10647311, -15.82251718, -15.61159753, -15.51491754, -15.28407894, -15.07317031, -14.64845958, -14.5235592, -14.45624101, -14.12908331, -14.02802313, -13.89696015, -13.70875342, -13.51160223, -13.45592519, -13.04110169, -12.92242747, -12.80750902, -12.73610767, -12.60288392, -12.53927973, -12.42486009, -12.30322571, -12.15872537, -12.09698406, -12.01380087, -11.33075236, -10.56742425, -10.52832304, -10.15207535, -10.00119334, -6.37176111, -6.24285335, -3.00953369, 0.34085633, 0.78980707, 1.19691539, 2.08896521, 2.60611846, 2.91274052, 3.08584053, 3.10341332, 3.62970797, 3.84339712, 3.95437269, 4.07627575, 4.31516291, 4.49913425, 4.93103323, 4.97313552, 4.99303395, 5.55592033, 5.60871675, 5.64821143, 6.14885152, 6.38472015, 6.61526483, 6.74742233, 7.14637416, 7.33409278, 7.50618635, 8.19554314, 11.87211657, 12.65992172, 12.6785424, 17.67390822], "fractional occupation": [2.0, 2.0, 2.0, 2.0, 2.0, 2.0, 2.0, 2.0, 2.0, 2.0, 2.0, 2.0, 2.0, 2.0, 2.0, 2.0, 2.0, 2.0, 2.0, 2.0, 2.0, 2.0, 2.0, 2.0, 2.0, 2.0, 2.0, 2.0, 2.0, 2.0, 2.0, 2.0, 2.0, 2.0, 2.0, 2.0, 2.0, 2.0, 2.0, 2.0, 2.0, 2.0, 0.0, 0.0, 0.0, 0.0, 0.0, 0.0, 0.0, 0.0, 0.0, 0.0, 0.0, 0.0, 0.0, 0.0, 0.0, 0.0, 0.0, 0.0, 0.0, 0.0, 0.0, 0.0, 0.0, 0.0, 0.0, 0.0, 0.0, 0.0, 0.0, 0.0, 0.0, 0.0, 0.0, 0.0, 0.0], "program call": "xtb /home/svss/Project-DBcg-Debug/aqme2_20220329/End-to-End-workflows-final/example-3/QDESCP/mol_637_rdkit_conf_14/mol_637_rdkit_conf_14.xyz --pop --wbo --acc 0.2 --gfn 2 --chrg 0 --uhf 0 --etemp 300 --input /home/svss/Project-DBcg-Debug/aqme2_20220329/End-to-End-workflows-final/example-3/QDESCP/mol_637_rdkit_conf_14/mol_637_rdkit_conf_14_xtb.inp", "method": "GFN2-xTB", "xtb version": "6.3.3 (7355c4f)", "Dipole module/D": 3.261, "Total charge": 0, "Transition dipole module/D": NaN, "HOMO": -10.0012, "LUMO": -6.3718, "HOMO occupancy": 2.0, "LUMO occupancy": 0, "mulliken charges": [-0.09554, 0.10406, -0.35811, 0.43769, -0.44809, 0.44242, -0.35832, 0.13555, -0.10004, -0.10482, -0.4523, 0.53198, -0.40911, 0.17474, -0.41504, 0.03658, 0.02805, 0.03229, 0.02265, 0.03835, 0.21551, 0.21788, 0.03405, 0.02953, 0.03819, 0.03102, 0.03965, 0.03215, 0.02964, 0.02718, 0.0329, 0.0293], "cm5 charges": [-0.24002, 0.05556, -0.6992, 0.65471, -0.62406, 0.66037, -0.69819, 0.12377, -0.24224, -0.24687, -0.63275, 0.71225, -0.48064, 0.05851, -0.58674, 0.09001, 0.08143, 0.08348, 0.08832, 0.1057, 0.41706, 0.4198, 0.1056, 0.08349, 0.09183, 0.0828, 0.09495, 0.08401, 0.08369, 0.08963, 0.09222, 0.09152], "FUKUI+": [0.013, 0.015, -0.058, -0.052, -0.101, -0.05, -0.055, 0.008, 0.013, 0.013, -0.098, -0.063, -0.075, 0.028, -0.1, -0.019, -0.018, -0.03, -0.025, -0.023, -0.044, -0.043, -0.015, -0.019, -0.016, -0.029, 0.003, -0.034, -0.019, -0.029, -0.05, -0.028], "FUKUI-": [0.016, 0.016, -0.073, 0.003, -0.089, 0.0, -0.068, 0.002, 0.012, 0.006, -0.091, -0.003, -0.058, 0.021, -0.111, -0.037, -0.034, -0.037, -0.063, -0.048, -0.04, -0.04, -0.027, -0.03, -0.029, -0.035, -0.012, -0.038, -0.027, -0.024, -0.04, -0.024], "FUKUIrad": [0.014, 0.016, -0.066, -0.024, -0.095, -0.025, -0.062, 0.005, 0.013, 0.01, -0.095, -0.033, -0.067, 0.025, -0.105, -0.028, -0.026, -0.033, -0.044, -0.035, -0.042, -0.042, -0.021, -0.024, -0.022, -0.032, -0.004, -0.036, -0.023, -0.027, -0.045, -0.026], "s proportion": [1.012, 1.001, 1.455, 0.98, 1.53, 0.976, 1.449, 1.028, 1.016, 1.018, 1.534, 0.959, 1.691, 0.97, 1.526, 0.963, 0.972, 0.968, 0.977, 0.962, 0.784, 0.782, 0.966, 0.97, 0.962, 0.969, 0.96, 0.968, 0.97, 0.973, 0.967, 0.971], "p proportion": [3.084, 2.895, 3.903, 2.583, 3.918, 2.582, 3.909, 2.837, 3.084, 3.087, 3.918, 2.509, 4.718, 2.856, 3.889, 0.0, 0.0, 0.0, 0.0, 0.0, 0.0, 0.0, 0.0, 0.0, 0.0, 0.0, 0.0, 0.0, 0.0, 0.0, 0.0, 0.0], "d proportion": [0.0, 0.0, 0.0, 0.0, 0.0, 0.0, 0.0, 0.0, 0.0, 0.0, 0.0, 0.0, 0.0, 0.0, 0.0, 0.0, 0.0, 0.0, 0.0, 0.0, 0.0, 0.0, 0.0, 0.0, 0.0, 0.0, 0.0, 0.0, 0.0, 0.0, 0.0, 0.0], "Fermi-level/eV": -8.1865, "Coordination numbers": [3.751, 3.748, 2.697, 2.946, 1.849, 2.937, 2.702, 3.79, 3.755, 3.752, 1.844, 2.929, 1.703, 3.656, 1.837, 0.924, 0.924, 0.924, 0.924, 0.924, 0.86, 0.86, 0.924, 0.924, 0.924, 0.924, 0.924, 0.924, 0.924, 0.924, 0.924, 0.924], "Dispersion coefficient C6": [22.706, 20.388, 25.284, 22.682, 30.194, 22.635, 25.254, 19.711, 22.779, 22.673, 30.392, 21.424, 18.274, 20.275, 29.466, 2.305, 2.457, 2.367, 2.592, 2.073, 1.198, 1.198, 2.136, 2.425, 2.331, 2.377, 2.495, 2.401, 2.48, 2.243, 2.161, 2.252], "Total dispersion C6": 9530.675222, "Total dispersion C8": 207579.301835, "Polarizability alpha": [6.795, 6.44, 7.468, 7.811, 8.144, 7.803, 7.464, 6.323, 6.805, 6.79, 8.17, 7.591, 5.772, 6.464, 8.044, 2.374, 2.451, 2.406, 2.518, 2.252, 1.715, 1.715, 2.286, 2.435, 2.388, 2.411, 2.47, 2.423, 2.463, 2.342, 2.299, 2.347], "Total polarizability alpha": 147.178202, "Wiberg matrix": [[0.0, 1.0193197316878824, 0.0, 0.0, 0.0, 0.0, 0.0, 0.0, 0.0, 0.0, 0.0, 0.0, 0.0, 0.0, 0.0, 0.9863319925588359, 0.9863656337407068, 0.9851259789859306, 0.0, 0.0, 0.0, 0.0, 0.0, 0.0, 0.0, 0.0, 0.0, 0.0, 0.0, 0.0, 0.0, 0.0], [1.0193197316878824, 0.0, 0.9875837699532894, 0.0, 0.0, 0.0, 0.0, 0.0, 0.0, 0.0, 0.0, 0.0, 0.0, 0.0, 0.0, 0.0, 0.0, 0.0, 0.9698114036480436, 0.9693051020133546, 0.0, 0.0, 0.0, 0.0, 0.0, 0.0, 0.0, 0.0, 0.0, 0.0, 0.0, 0.0], [0.0, 0.9875837699532894, 0.0, 1.1799927206001, 0.0, 0.0, 0.0, 0.0, 0.0, 0.0, 0.0, 0.0, 0.0, 0.0, 0.0, 0.0, 0.0, 0.0, 0.0, 0.0, 0.9328796181697081, 0.0, 0.0, 0.0, 0.0, 0.0, 0.0, 0.0, 0.0, 0.0, 0.0, 0.0], [0.0, 0.0, 1.1799927206001, 0.0, 1.3301652774138697, 0.0, 0.0, 0.0, 0.0, 0.0, 0.0, 0.0, 0.0, 0.0, 1.3272926545027992, 0.0, 0.0, 0.0, 0.0, 0.0, 0.0, 0.0, 0.0, 0.0, 0.0, 0.0, 0.0, 0.0, 0.0, 0.0, 0.0, 0.0], [0.0, 0.0, 0.0, 1.3301652774138697, 0.0, 1.3379517013088236, 0.0, 0.0, 0.0, 0.0, 0.0, 0.0, 0.0, 0.0, 0.0, 0.0, 0.0, 0.0, 0.0, 0.0, 0.0, 0.0, 0.0, 0.0, 0.0, 0.0, 0.0, 0.0, 0.0, 0.0, 0.0, 0.0], [0.0, 0.0, 0.0, 0.0, 1.3379517013088236, 0.0, 1.192190021394423, 0.0, 0.0, 0.0, 1.3066035058429772, 0.0, 0.0, 0.0, 0.0, 0.0, 0.0, 0.0, 0.0, 0.0, 0.0, 0.0, 0.0, 0.0, 0.0, 0.0, 0.0, 0.0, 0.0, 0.0, 0.0, 0.0], [0.0, 0.0, 0.0, 0.0, 0.0, 1.192190021394423, 0.0, 0.9797494263251377, 0.0, 0.0, 0.0, 0.0, 0.0, 0.0, 0.0, 0.0, 0.0, 0.0, 0.0, 0.0, 0.0, 0.9329247568868888, 0.0, 0.0, 0.0, 0.0, 0.0, 0.0, 0.0, 0.0, 0.0, 0.0], [0.0, 0.0, 0.0, 0.0, 0.0, 0.0, 0.9797494263251377, 0.0, 1.0052719237525911, 0.9990466530017166, 0.0, 0.0, 0.0, 0.0, 0.0, 0.0, 0.0, 0.0, 0.0, 0.0, 0.0, 0.0, 0.9609513801772481, 0.0, 0.0, 0.0, 0.0, 0.0, 0.0, 0.0, 0.0, 0.0], [0.0, 0.0, 0.0, 0.0, 0.0, 0.0, 0.0, 1.0052719237525911, 0.0, 0.0, 0.0, 0.0, 0.0, 0.0, 0.0, 0.0, 0.0, 0.0, 0.0, 0.0, 0.0, 0.0, 0.0, 0.9857875259174088, 0.9857078928404757, 0.9851714160467019, 0.0, 0.0, 0.0, 0.0, 0.0, 0.0], [0.0, 0.0, 0.0, 0.0, 0.0, 0.0, 0.0, 0.9990466530017166, 0.0, 0.0, 0.0, 0.0, 0.0, 0.0, 0.0, 0.0, 0.0, 0.0, 0.0, 0.0, 0.0, 0.0, 0.0, 0.0, 0.0, 0.0, 0.9858544958537481, 0.9842983874176356, 0.9855699029280675, 0.0, 0.0, 0.0], [0.0, 0.0, 0.0, 0.0, 0.0, 1.3066035058429772, 0.0, 0.0, 0.0, 0.0, 0.0, 1.3550561550367555, 0.0, 0.0, 0.0, 0.0, 0.0, 0.0, 0.0, 0.0, 0.0, 0.0, 0.0, 0.0, 0.0, 0.0, 0.0, 0.0, 0.0, 0.0, 0.0, 0.0], [0.0, 0.0, 0.0, 0.0, 0.0, 0.0, 0.0, 0.0, 0.0, 0.0, 1.3550561550367555, 0.0, 1.0887750577245936, 0.0, 1.354531894740183, 0.0, 0.0, 0.0, 0.0, 0.0, 0.0, 0.0, 0.0, 0.0, 0.0, 0.0, 0.0, 0.0, 0.0, 0.0, 0.0, 0.0], [0.0, 0.0, 0.0, 0.0, 0.0, 0.0, 0.0, 0.0, 0.0, 0.0, 0.0, 1.0887750577245936, 0.0, 0.9730524407663305, 0.0, 0.0, 0.0, 0.0, 0.0, 0.0, 0.0, 0.0, 0.0, 0.0, 0.0, 0.0, 0.0, 0.0, 0.0, 0.0, 0.0, 0.0], [0.0, 0.0, 0.0, 0.0, 0.0, 0.0, 0.0, 0.0, 0.0, 0.0, 0.0, 0.0, 0.9730524407663305, 0.0, 0.0, 0.0, 0.0, 0.0, 0.0, 0.0, 0.0, 0.0, 0.0, 0.0, 0.0, 0.0, 0.0, 0.0, 0.0, 0.9775773185838003, 0.9803728848490076, 0.9780891529785142], [0.0, 0.0, 0.0, 1.3272926545027992, 0.0, 0.0, 0.0, 0.0, 0.0, 0.0, 0.0, 1.354531894740183, 0.0, 0.0, 0.0, 0.0, 0.0, 0.0, 0.0, 0.0, 0.0, 0.0, 0.0, 0.0, 0.0, 0.0, 0.0, 0.0, 0.0, 0.0, 0.0, 0.0], [0.9863319925588359, 0.0, 0.0, 0.0, 0.0, 0.0, 0.0, 0.0, 0.0, 0.0, 0.0, 0.0, 0.0, 0.0, 0.0, 0.0, 0.0, 0.0, 0.0, 0.0, 0.0, 0.0, 0.0, 0.0, 0.0, 0.0, 0.0, 0.0, 0.0, 0.0, 0.0, 0.0], [0.9863656337407068, 0.0, 0.0, 0.0, 0.0, 0.0, 0.0, 0.0, 0.0, 0.0, 0.0, 0.0, 0.0, 0.0, 0.0, 0.0, 0.0, 0.0, 0.0, 0.0, 0.0, 0.0, 0.0, 0.0, 0.0, 0.0, 0.0, 0.0, 0.0, 0.0, 0.0, 0.0], [0.9851259789859306, 0.0, 0.0, 0.0, 0.0, 0.0, 0.0, 0.0, 0.0, 0.0, 0.0, 0.0, 0.0, 0.0, 0.0, 0.0, 0.0, 0.0, 0.0, 0.0, 0.0, 0.0, 0.0, 0.0, 0.0, 0.0, 0.0, 0.0, 0.0, 0.0, 0.0, 0.0], [0.0, 0.9698114036480436, 0.0, 0.0, 0.0, 0.0, 0.0, 0.0, 0.0, 0.0, 0.0, 0.0, 0.0, 0.0, 0.0, 0.0, 0.0, 0.0, 0.0, 0.0, 0.0, 0.0, 0.0, 0.0, 0.0, 0.0, 0.0, 0.0, 0.0, 0.0, 0.0, 0.0], [0.0, 0.9693051020133546, 0.0, 0.0, 0.0, 0.0, 0.0, 0.0, 0.0, 0.0, 0.0, 0.0, 0.0, 0.0, 0.0, 0.0, 0.0, 0.0, 0.0, 0.0, 0.0, 0.0, 0.0, 0.0, 0.0, 0.0, 0.0, 0.0, 0.0, 0.0, 0.0, 0.0], [0.0, 0.0, 0.9328796181697081, 0.0, 0.0, 0.0, 0.0, 0.0, 0.0, 0.0, 0.0, 0.0, 0.0, 0.0, 0.0, 0.0, 0.0, 0.0, 0.0, 0.0, 0.0, 0.0, 0.0, 0.0, 0.0, 0.0, 0.0, 0.0, 0.0, 0.0, 0.0, 0.0], [0.0, 0.0, 0.0, 0.0, 0.0, 0.0, 0.9329247568868888, 0.0, 0.0, 0.0, 0.0, 0.0, 0.0, 0.0, 0.0, 0.0, 0.0, 0.0, 0.0, 0.0, 0.0, 0.0, 0.0, 0.0, 0.0, 0.0, 0.0, 0.0, 0.0, 0.0, 0.0, 0.0], [0.0, 0.0, 0.0, 0.0, 0.0, 0.0, 0.0, 0.9609513801772481, 0.0, 0.0, 0.0, 0.0, 0.0, 0.0, 0.0, 0.0, 0.0, 0.0, 0.0, 0.0, 0.0, 0.0, 0.0, 0.0, 0.0, 0.0, 0.0, 0.0, 0.0, 0.0, 0.0, 0.0], [0.0, 0.0, 0.0, 0.0, 0.0, 0.0, 0.0, 0.0, 0.9857875259174088, 0.0, 0.0, 0.0, 0.0, 0.0, 0.0, 0.0, 0.0, 0.0, 0.0, 0.0, 0.0, 0.0, 0.0, 0.0, 0.0, 0.0, 0.0, 0.0, 0.0, 0.0, 0.0, 0.0], [0.0, 0.0, 0.0, 0.0, 0.0, 0.0, 0.0, 0.0, 0.9857078928404757, 0.0, 0.0, 0.0, 0.0, 0.0, 0.0, 0.0, 0.0, 0.0, 0.0, 0.0, 0.0, 0.0, 0.0, 0.0, 0.0, 0.0, 0.0, 0.0, 0.0, 0.0, 0.0, 0.0], [0.0, 0.0, 0.0, 0.0, 0.0, 0.0, 0.0, 0.0, 0.9851714160467019, 0.0, 0.0, 0.0, 0.0, 0.0, 0.0, 0.0, 0.0, 0.0, 0.0, 0.0, 0.0, 0.0, 0.0, 0.0, 0.0, 0.0, 0.0, 0.0, 0.0, 0.0, 0.0, 0.0], [0.0, 0.0, 0.0, 0.0, 0.0, 0.0, 0.0, 0.0, 0.0, 0.9858544958537481, 0.0, 0.0, 0.0, 0.0, 0.0, 0.0, 0.0, 0.0, 0.0, 0.0, 0.0, 0.0, 0.0, 0.0, 0.0, 0.0, 0.0, 0.0, 0.0, 0.0, 0.0, 0.0], [0.0, 0.0, 0.0, 0.0, 0.0, 0.0, 0.0, 0.0, 0.0, 0.9842983874176356, 0.0, 0.0, 0.0, 0.0, 0.0, 0.0, 0.0, 0.0, 0.0, 0.0, 0.0, 0.0, 0.0, 0.0, 0.0, 0.0, 0.0, 0.0, 0.0, 0.0, 0.0, 0.0], [0.0, 0.0, 0.0, 0.0, 0.0, 0.0, 0.0, 0.0, 0.0, 0.9855699029280675, 0.0, 0.0, 0.0, 0.0, 0.0, 0.0, 0.0, 0.0, 0.0, 0.0, 0.0, 0.0, 0.0, 0.0, 0.0, 0.0, 0.0, 0.0, 0.0, 0.0, 0.0, 0.0], [0.0, 0.0, 0.0, 0.0, 0.0, 0.0, 0.0, 0.0, 0.0, 0.0, 0.0, 0.0, 0.0, 0.9775773185838003, 0.0, 0.0, 0.0, 0.0, 0.0, 0.0, 0.0, 0.0, 0.0, 0.0, 0.0, 0.0, 0.0, 0.0, 0.0, 0.0, 0.0, 0.0], [0.0, 0.0, 0.0, 0.0, 0.0, 0.0, 0.0, 0.0, 0.0, 0.0, 0.0, 0.0, 0.0, 0.9803728848490076, 0.0, 0.0, 0.0, 0.0, 0.0, 0.0, 0.0, 0.0, 0.0, 0.0, 0.0, 0.0, 0.0, 0.0, 0.0, 0.0, 0.0, 0.0], [0.0, 0.0, 0.0, 0.0, 0.0, 0.0, 0.0, 0.0, 0.0, 0.0, 0.0, 0.0, 0.0, 0.9780891529785142, 0.0, 0.0, 0.0, 0.0, 0.0, 0.0, 0.0, 0.0, 0.0, 0.0, 0.0, 0.0, 0.0, 0.0, 0.0, 0.0, 0.0, 0.0]], "Born radii": [], "Atomic SASAs": [], "Solvent H bonds": [], "Total SASA": NaN, "Total FOD": 0.0, "FOD": [0.0, 0.0, 0.0, 0.0, 0.0, 0.0, 0.0, 0.0, 0.0, 0.0, 0.0, 0.0, 0.0, 0.0, 0.0, 0.0, 0.0, 0.0, 0.0, 0.0, 0.0, 0.0, 0.0, 0.0, 0.0, 0.0, 0.0, 0.0, 0.0, 0.0, 0.0, 0.0], "FOD s proportion": [0.0, 0.0, 0.0, 0.0, 0.0, 0.0, 0.0, 0.0, 0.0, 0.0, 0.0, 0.0, 0.0, 0.0, 0.0, 0.0, 0.0, 0.0, 0.0, 0.0, 0.0, 0.0, 0.0, 0.0, 0.0, 0.0, 0.0, 0.0, 0.0, 0.0, 0.0, 0.0], "FOD p proportion": [0.0, 0.0, 0.0, 0.0, 0.0, 0.0, 0.0, 0.0, 0.0, 0.0, 0.0, 0.0, 0.0, 0.0, 0.0, 0.0, 0.0, 0.0, 0.0, 0.0, 0.0, 0.0, 0.0, 0.0, 0.0, 0.0, 0.0, 0.0, 0.0, 0.0, 0.0, 0.0], "FOD d proportion": [0.0, 0.0, 0.0, 0.0, 0.0, 0.0, 0.0, 0.0, 0.0, 0.0, 0.0, 0.0, 0.0, 0.0, 0.0, 0.0, 0.0, 0.0, 0.0, 0.0, 0.0, 0.0, 0.0, 0.0, 0.0, 0.0, 0.0, 0.0, 0.0, 0.0, 0.0, 0.0], "coordinates": [["4.20740", "-2.50380", "0.09750"], ["3.37170", "-1.31590", "-0.35310"], ["2.30540", "-1.08810", "0.60450"], ["1.42360", "-0.06660", "0.26920"], ["0.16970", "-0.24660", "0.66210"], ["-0.68460", "0.72500", "0.36640"], ["-2.01330", "0.63220", "0.74720"], ["-2.60050", "-0.69470", "0.86690"], ["-3.91090", "-0.56500", "1.64450"], ["-2.86730", "-1.29650", "-0.51280"], ["-0.36230", "1.82320", "-0.29610"], ["0.91740", "1.90200", "-0.64260"], ["1.36770", "2.99840", "-1.34960"], ["0.39670", "4.02990", "-1.46170"], ["1.84730", "0.99070", "-0.40230"], ["4.64410", "-2.32400", "1.08570"], ["3.59830", "-3.41180", "0.16080"], ["5.02230", "-2.68700", "-0.60960"], ["2.96010", "-1.52480", "-1.34810"], ["4.02460", "-0.43800", "-0.42600"], ["1.73500", "-1.89490", "0.83290"], ["-2.54080", "1.31010", "0.20950"], ["-1.94680", "-1.36490", "1.43890"], ["-4.62010", "0.09150", "1.12760"], ["-3.73140", "-0.13960", "2.63820"], ["-4.38530", "-1.54300", "1.77630"], ["-1.93650", "-1.43690", "-1.07250"], ["-3.35170", "-2.27450", "-0.42290"], ["-3.51750", "-0.64850", "-1.11140"], ["-0.46300", "3.70260", "-2.05670"], ["0.86150", "4.87020", "-1.98650"], ["0.07910", "4.38910", "-0.47640"]], "bond_dist": [[0.0, 1.5207041987184753, 2.4246359499933177, 3.7039124139212576, 4.6601229908662285, 5.867633309094902, 6.996693117466279, 7.086065310170377, 8.488754286112892, 7.202875777770987, 6.305553746499985, 5.5482359043213005, 6.358631876433798, 7.722808739053428, 4.246339870994784, 1.0952507338504733, 1.0952048666802023, 1.0943558196491674, 2.14568349250303, 2.138924432980277, 2.650346039671046, 7.752198426898011, 6.4008300094597095, 9.25858760016883, 8.664245124071687, 8.807723847283134, 6.34465781740828, 7.580460900235552, 8.036022480680352, 8.060559208888675, 8.361457935671266, 8.055078678076335], [1.5207041987184753, 0.0, 1.4511672164158065, 2.3964768703244355, 3.525171985875299, 4.597447416773791, 5.831293055575238, 6.127108802689895, 7.588841764722731, 6.241073741753097, 4.8785196330444345, 4.057373429942085, 4.86026879297843, 6.217491182140912, 2.7652521693328445, 2.1691963511863093, 2.1698473632954, 2.161061734425928, 1.0968494746317747, 1.0964949749086863, 2.1025279760326616, 6.493847165586821, 5.612495634742178, 8.248764422021033, 7.79651120630247, 8.047171414229972, 5.358093373579822, 6.791751877093273, 6.962867102709918, 6.541599139354229, 6.872912978497546, 6.588128918744684], [2.4246359499933177, 1.4511672164158065, 0.0, 1.3904889715492175, 2.2962261430442776, 3.5048713556990934, 4.650910133511505, 4.9286379589091345, 6.3243671066755764, 5.296094328842719, 4.050107571410913, 3.5245567692973823, 4.625718360427924, 5.840054976624792, 2.3547635316523827, 2.6885906977448237, 2.6959305981423185, 3.378174896301256, 2.105228191906996, 2.107180319763831, 1.0141247260569086, 5.421535085194967, 4.342124645838717, 7.044688780918571, 6.44038369819687, 6.807754089272025, 4.574680977948081, 5.870764526873821, 6.086355673143003, 6.139774465727548, 6.655784484191176, 6.01036407715872], [3.7039124139212576, 2.3964768703244355, 1.3904889715492175, 0.0, 1.3262864019509513, 2.254015448039343, 3.53964504576377, 4.116446976459189, 5.531432264793631, 4.531666450655873, 2.6608921323495998, 2.2277799801596205, 3.4666789943691065, 4.564192225355983, 1.322239475284262, 4.016733406637787, 3.9914200092197762, 4.537557414512791, 2.6651151532344715, 2.7178009492970605, 1.938403606063505, 4.197062584713266, 3.7964953760013986, 6.10640285765687, 5.673756691998697, 6.180163960608164, 3.8688697302959167, 5.306346663194932, 5.163248316709163, 4.814139488008215, 5.456751152471588, 4.713476646807535], [4.6601229908662285, 3.525171985875299, 2.2962261430442776, 1.3262864019509513, 0.0, 1.3271298127914994, 2.3547867100864996, 2.8136710344317084, 4.2092498951713475, 3.4214103846221082, 2.342059623493817, 2.622552066213367, 4.001520447280009, 4.780220464581105, 2.3405555772081126, 4.9512910518368844, 4.693089674191193, 5.578575069854309, 3.668927832487306, 4.010093462751212, 2.279523989783832, 3.158317890903321, 2.5166615545201942, 4.824229047215731, 4.374357257929443, 4.865194713472421, 2.97686574940826, 4.205931688698713, 4.111237003627983, 4.836151710813051, 5.803043291239519, 4.7743172391453], [5.867633309094902, 4.597447416773791, 3.5048713556990934, 2.254015448039343, 1.3271298127914994, 0.0, 1.385302916332742, 2.436538764313016, 3.702249491863021, 3.1021982818640077, 1.3224321457072947, 2.229307964369212, 3.5106892272031143, 3.928552317330138, 2.6593258149388164, 6.18132972587614, 5.958071668753239, 6.720344307399734, 4.6135613553956345, 4.91498030514874, 3.596659897738456, 1.9525465577035543, 2.666662164579533, 4.058190229646708, 3.897640137313859, 4.563641364086359, 2.882966949168859, 4.090649966692335, 3.4778898056148932, 3.8453376873819547, 5.010912757173088, 3.836558137184943], [6.996693117466279, 5.831293055575238, 4.650910133511505, 3.53964504576377, 2.3547867100864996, 1.385302916332742, 0.0, 1.4559517643108921, 2.4164686817751226, 2.4569899653844742, 2.287521997708437, 3.483236794993989, 4.628891193363698, 4.715050848082129, 4.044020877789826, 7.292096780076358, 6.941747295890279, 7.896686788774138, 5.811853288753941, 6.243233352198202, 4.52143028144856, 1.0133735490923375, 2.1145400327257935, 2.689324615958438, 2.6689743067328315, 3.3788941756142643, 2.756516123660444, 3.4072501317044512, 2.712416651254007, 4.437639176409006, 5.805018064571375, 4.470976663996358], [7.086065310170377, 6.127108802689895, 4.9286379589091345, 4.116446976459189, 2.8136710344317084, 2.436538764313016, 1.4559517643108921, 0.0, 1.5292586471882381, 1.528697998297898, 3.563976522088775, 4.625695790905407, 5.856489656782466, 6.0603160775655915, 4.922841317775742, 7.428776554049799, 6.804875535966842, 8.01600844435683, 6.0428108831900404, 6.754956351450392, 4.498688285489449, 2.110678064035347, 1.0971215657346272, 2.182855719006641, 2.173608637726672, 2.175346475851606, 2.1801443071503317, 2.173396770035329, 2.180984715673175, 5.69671751976522, 7.148107971344585, 5.901672092720842], [8.488754286112892, 7.588841764722731, 6.3243671066755764, 5.531432264793631, 4.2092498951713475, 3.702249491863021, 2.4164686817751226, 1.5292586471882381, 0.0, 2.505620980914711, 4.697019220739894, 5.884674697891124, 7.037476275626085, 7.0226065111182185, 6.306065331884851, 8.751820578599633, 8.166622347702873, 9.454412358787826, 7.555627823020401, 8.202149687734307, 5.856920298245487, 2.72990824387927, 2.1306806846639406, 1.0959664684651627, 1.09573039567222, 1.0949477613110135, 3.4699501394112278, 2.740298824945922, 2.78508897882994, 6.618104381920853, 8.093291159967, 6.705328002417183], [7.202875777770987, 6.241073741753097, 5.296094328842719, 4.531666450655873, 3.4214103846221082, 3.1021982818640077, 2.4569899653844742, 1.528697998297898, 2.505620980914711, 0.0, 4.00680820354556, 4.956934978391384, 6.089468388127161, 6.318595110465616, 5.24127343782024, 7.748037716738349, 6.836096430712487, 8.011781864853786, 5.891386741676361, 6.945706738698375, 4.832199948263731, 2.7244601483596713, 2.1589654235304465, 2.773042372557621, 3.4661055119543027, 2.7577282425938923, 1.0951551899160228, 1.0950841839785654, 1.095895067969557, 5.758062739324746, 7.355537371259832, 6.40379928479961], [6.305553746499985, 4.8785196330444345, 4.050107571410913, 2.6608921323495998, 2.342059623493817, 1.3224321457072947, 2.287521997708437, 3.563976522088775, 4.697019220739894, 4.00680820354556, 0.0, 1.3281203936390706, 2.341763713528758, 2.6084917577021396, 2.363613092280545, 6.646253082752717, 6.58029900308489, 7.030939016233891, 4.832613139906814, 4.937083254311194, 4.415605949357347, 2.2945076203839463, 3.9604099358526006, 4.81191930730348, 4.879911386490537, 5.640095141041505, 3.7025875560207893, 5.073828523905789, 4.09014694357061, 2.5772072501062078, 3.6931487378658336, 2.609824679935417], [5.5482359043213005, 4.057373429942085, 3.5245567692973823, 2.2277799801596205, 2.622552066213367, 2.229307964369212, 3.483236794993989, 4.625695790905407, 5.884674697891124, 4.956934978391384, 1.3281203936390706, 0.0, 1.3801130569630882, 2.3388056161211854, 1.3239810383838582, 5.8935888709681805, 6.005759469875562, 6.157127090616207, 4.051334567768996, 3.8957935520250557, 4.154758671692015, 3.6104801979792103, 4.817563647737308, 6.08895923290672, 6.045090622976631, 6.770356674503936, 4.413367470537662, 5.976339611334015, 5.137427537201863, 2.6734515761464617, 3.2587425887909585, 2.629835686882357], [6.358631876433798, 4.86026879297843, 4.625718360427924, 3.4666789943691065, 4.001520447280009, 3.5106892272031143, 4.628891193363698, 5.856489656782466, 7.037476275626085, 6.089468388127161, 2.341763713528758, 1.3801130569630882, 0.0, 1.4210558257858832, 2.2711787115944886, 6.707713828868969, 6.95324014830496, 6.799078931737739, 4.7953183679501405, 4.440833202226808, 5.370530740066572, 4.534040356018019, 6.148172849717223, 7.102136037136996, 7.193776035574086, 7.9682227485180155, 5.537725899681203, 7.136874922541378, 6.100966963523077, 2.0850301052982423, 2.04095940429985, 2.0873463272777713], [7.722808739053428, 6.217491182140912, 5.840054976624792, 4.564192225355983, 4.780220464581105, 3.928552317330138, 4.715050848082129, 6.0603160775655915, 7.0226065111182185, 6.318595110465616, 2.6084917577021396, 2.3388056161211854, 1.4210558257858832, 0.0, 3.5303406861094864, 8.05615905565425, 8.262060741727817, 8.199938742454115, 6.118710371475348, 5.847774218452692, 6.493034043496152, 4.3381018579558495, 6.558150627272905, 6.883585641945627, 7.157871182830828, 8.025545614473822, 5.956609868037355, 7.407770741592912, 6.109918026455019, 1.0955520891313202, 1.0943300096406021, 1.0957693598563525], [4.246339870994784, 2.7652521693328445, 2.3547635316523827, 1.322239475284262, 2.3405555772081126, 2.6593258149388164, 4.044020877789826, 4.922841317775742, 6.306065331884851, 5.24127343782024, 2.363613092280545, 1.3239810383838582, 2.2711787115944886, 3.5303406861094864, 0.0, 4.5851358027870885, 4.771277487214509, 4.8630315215922675, 2.908711352128292, 2.604300418538538, 3.1408625710145297, 4.442042009031431, 4.830534505621506, 6.7064459596719335, 6.453224932543417, 7.071862301402651, 4.5452780156993695, 6.139344948771, 5.654279661459981, 3.9279672936520234, 4.304882289912234, 3.831598179611218], [1.0952507338504733, 2.1691963511863093, 2.6885906977448237, 4.016733406637787, 4.9512910518368844, 6.18132972587614, 7.292096780076358, 7.428776554049799, 8.751820578599633, 7.748037716738349, 6.646253082752717, 5.8935888709681805, 6.707713828868969, 8.05615905565425, 4.5851358027870885, 0.0, 1.7698718851939539, 1.7744988954631673, 3.065609087930162, 2.4951980161902982, 2.951422955118429, 8.099209668850412, 6.669676593358931, 9.574016790250578, 8.793796669243608, 9.089386872611374, 6.98205342359968, 8.137022910745674, 8.616627137111132, 8.501591364562284, 8.689245608221693, 8.2671091089933], [1.0952048666802023, 2.1698473632954, 2.6959305981423185, 3.9914200092197762, 4.693089674191193, 5.958071668753239, 6.941747295890279, 6.804875535966842, 8.166622347702873, 6.836096430712487, 6.58029900308489, 6.005759469875562, 6.95324014830496, 8.262060741727817, 4.771277487214509, 1.7698718851939539, 0.0, 1.7738735016905804, 2.4989692775222347, 3.0609724549561044, 2.494913006499425, 7.745144292393783, 6.047435260505067, 8.986095464104528, 8.400553891857369, 8.357040304437929, 6.004604061884514, 7.066587364492142, 7.738793792962828, 8.486822214468734, 8.982900173663293, 8.581656791669078], [1.0943558196491674, 2.161061734425928, 3.378174896301256, 4.537557414512791, 5.578575069854309, 6.720344307399734, 7.896686788774138, 8.01600844435683, 9.454412358787826, 8.011781864853786, 7.030939016233891, 6.157127090616207, 6.799078931737739, 8.199938742454115, 4.8630315215922675, 1.7744988954631673, 1.7738735016905804, 0.0, 2.4796693186794085, 2.467207986773713, 3.676216798557996, 8.593498404607987, 7.383268616947376, 10.183997439610833, 9.678053279973199, 9.772624651034132, 7.085331598450421, 8.38623211818037, 8.794058763165049, 8.544565680009722, 8.736096501870845, 8.632737670634965], [2.14568349250303, 1.0968494746317747, 2.105228191906996, 2.6651151532344715, 3.668927832487306, 4.6135613553956345, 5.811853288753941, 6.0428108831900404, 7.555627823020401, 5.891386741676361, 4.832613139906814, 4.051334567768996, 4.7953183679501405, 6.118710371475348, 2.908711352128292, 3.065609087930162, 2.4989692775222347, 2.4796693186794085, 0.0, 1.7789218363941686, 2.528755626785633, 6.381432173109732, 5.645405620502392, 8.136396513199195, 7.911102260747234, 7.982299653608602, 4.9051374425188135, 6.423150657582306, 6.54088910928782, 6.288516385444185, 6.760747112560859, 6.635829646698294], [2.138924432980277, 1.0964949749086863, 2.107180319763831, 2.7178009492970605, 4.010093462751212, 4.91498030514874, 6.243233352198202, 6.754956351450392, 8.202149687734307, 6.945706738698375, 4.937083254311194, 3.8957935520250557, 4.440833202226808, 5.847774218452692, 2.604300418538538, 2.4951980161902982, 3.0609724549561044, 2.467207986773713, 1.7789218363941686, 0.0, 2.991597396041118, 6.823795939211547, 6.324129472109186, 8.799140941023731, 8.344692936231986, 8.763422179719518, 6.07869037457905, 7.601482983602608, 7.576104264066065, 6.319992453318279, 6.3731741777547555, 6.234613445916275], [2.650346039671046, 2.1025279760326616, 1.0141247260569086, 1.938403606063505, 2.279523989783832, 3.596659897738456, 4.52143028144856, 4.498688285489449, 5.856920298245487, 4.832199948263731, 4.415605949357347, 4.154758671692015, 5.370530740066572, 6.493034043496152, 3.1408625710145297, 2.951422955118429, 2.494913006499425, 3.676216798557996, 2.528755626785633, 2.991597396041118, 0.0, 5.3798808722870435, 3.768791217353384, 6.664827759214787, 6.018447901244971, 6.202572793607504, 4.161757490532095, 5.253155879088303, 5.737819420302455, 6.671806232947717, 7.3809617679540915, 6.62909701995679], [7.752198426898011, 6.493847165586821, 5.421535085194967, 4.197062584713266, 3.158317890903321, 1.9525465577035543, 1.0133735490923375, 2.110678064035347, 2.72990824387927, 2.7244601483596713, 2.2945076203839463, 3.6104801979792103, 4.534040356018019, 4.3381018579558495, 4.442042009031431, 8.099209668850412, 7.745144292393783, 8.593498404607987, 6.381432173109732, 6.823795939211547, 5.3798808722870435, 0.0, 3.0033123980032443, 2.5790273476642316, 3.068834003330907, 3.7412861558560317, 3.091069635255731, 3.729188347348522, 2.556332071543132, 3.895763279512758, 5.391880312098924, 4.100557988859565], [6.4008300094597095, 5.612495634742178, 4.342124645838717, 3.7964953760013986, 2.5166615545201942, 2.666662164579533, 2.1145400327257935, 1.0971215657346272, 2.1306806846639406, 2.1589654235304465, 3.9604099358526006, 4.817563647737308, 6.148172849717223, 6.558150627272905, 4.830534505621506, 6.669676593358931, 6.047435260505067, 7.383268616947376, 5.645405620502392, 6.324129472109186, 3.768791217353384, 3.0033123980032443, 0.0, 3.0601538425379857, 2.4747682194500555, 2.468165436108366, 2.512452994585172, 2.5034806590025815, 3.0796684139692703, 6.332490667186175, 7.648293016091891, 6.3938377286259], [9.25858760016883, 8.248764422021033, 7.044688780918571, 6.10640285765687, 4.824229047215731, 4.058190229646708, 2.689324615958438, 2.182855719006641, 1.0959664684651627, 2.773042372557621, 4.81191930730348, 6.08895923290672, 7.102136037136996, 6.883585641945627, 6.7064459596719335, 9.574016790250578, 8.986095464104528, 10.183997439610833, 8.136396513199195, 8.799140941023731, 6.664827759214787, 2.5790273476642316, 3.0601538425379857, 0.0, 1.7677972904153916, 1.7741287946482351, 3.791853838164124, 3.100136256682922, 2.6031611091133025, 6.360918967413435, 7.910848946857726, 6.56693706380684], [8.664245124071687, 7.79651120630247, 6.44038369819687, 5.673756691998697, 4.374357257929443, 3.897640137313859, 2.6689743067328315, 2.173608637726672, 1.09573039567222, 3.4661055119543027, 4.879911386490537, 6.045090622976631, 7.193776035574086, 7.157871182830828, 6.453224932543417, 8.793796669243608, 8.400553891857369, 9.678053279973199, 7.911102260747234, 8.344692936231986, 6.018447901244971, 3.068834003330907, 2.4747682194500555, 1.7677972904153916, 0.0, 1.772001235891217, 4.32133634307722, 3.7513068802751928, 3.790017490724812, 6.891083036069149, 8.220746714258992, 6.688031631205104], [8.807723847283134, 8.047171414229972, 6.807754089272025, 6.180163960608164, 4.865194713472421, 4.563641364086359, 3.3788941756142643, 2.175346475851606, 1.0949477613110135, 2.7577282425938923, 5.640095141041505, 6.770356674503936, 7.9682227485180155, 8.025545614473822, 7.071862301402651, 9.089386872611374, 8.357040304437929, 9.772624651034132, 7.982299653608602, 8.763422179719518, 6.202572793607504, 3.7412861558560317, 2.468165436108366, 1.7741287946482351, 1.772001235891217, 0.0, 3.7581298660370956, 2.5376961697571283, 3.1451579260825677, 7.588981858589465, 9.100368581546574, 7.75856527071855], [6.34465781740828, 5.358093373579822, 4.574680977948081, 3.8688697302959167, 2.97686574940826, 2.882966949168859, 2.756516123660444, 2.1801443071503317, 3.4699501394112278, 1.0951551899160228, 3.7025875560207893, 4.413367470537662, 5.537725899681203, 5.956609868037355, 4.5452780156993695, 6.98205342359968, 6.004604061884514, 7.085331598450421, 4.9051374425188135, 6.07869037457905, 4.161757490532095, 3.091069635255731, 2.512452994585172, 3.791853838164124, 4.32133634307722, 3.7581298660370956, 0.0, 1.768147324178616, 1.7671017995576825, 5.436387784181699, 6.960151608262567, 6.193565578081822], [7.580460900235552, 6.791751877093273, 5.870764526873821, 5.306346663194932, 4.205931688698713, 4.090649966692335, 3.4072501317044512, 2.173396770035329, 2.740298824945922, 1.0950841839785654, 5.073828523905789, 5.976339611334015, 7.136874922541378, 7.407770741592912, 6.139344948771, 8.137022910745674, 7.066587364492142, 8.38623211818037, 6.423150657582306, 7.601482983602608, 5.253155879088303, 3.729188347348522, 2.5034806590025815, 3.100136256682922, 3.7513068802751928, 2.5376961697571283, 1.768147324178616, 0.0, 1.7735269634262685, 6.836637663354699, 8.440535367498912, 7.495119468694279], [8.036022480680352, 6.962867102709918, 6.086355673143003, 5.163248316709163, 4.111237003627983, 3.4778898056148932, 2.712416651254007, 2.180984715673175, 2.78508897882994, 1.095895067969557, 4.09014694357061, 5.137427537201863, 6.100966963523077, 6.109918026455019, 5.654279661459981, 8.616627137111132, 7.738793792962828, 8.794058763165049, 6.54088910928782, 7.576104264066065, 5.737819420302455, 2.556332071543132, 3.0796684139692703, 2.6031611091133025, 3.790017490724812, 3.1451579260825677, 1.7671017995576825, 1.7735269634262685, 0.0, 5.399595683937826, 7.0991190087221385, 6.2222319403892365], [8.060559208888675, 6.541599139354229, 6.139774465727548, 4.814139488008215, 4.836151710813051, 3.8453376873819547, 4.437639176409006, 5.69671751976522, 6.618104381920853, 5.758062739324746, 2.5772072501062078, 2.6734515761464617, 2.0850301052982423, 1.0955520891313202, 3.9279672936520234, 8.501591364562284, 8.486822214468734, 8.544565680009722, 6.288516385444185, 6.319992453318279, 6.671806232947717, 3.895763279512758, 6.332490667186175, 6.360918967413435, 6.891083036069149, 7.588981858589465, 5.436387784181699, 6.836637663354699, 5.399595683937826, 0.0, 1.7670648120541588, 1.8062399480689162], [8.361457935671266, 6.872912978497546, 6.655784484191176, 5.456751152471588, 5.803043291239519, 5.010912757173088, 5.805018064571375, 7.148107971344585, 8.093291159967, 7.355537371259832, 3.6931487378658336, 3.2587425887909585, 2.04095940429985, 1.0943300096406021, 4.304882289912234, 8.689245608221693, 8.982900173663293, 8.736096501870845, 6.760747112560859, 6.3731741777547555, 7.3809617679540915, 5.391880312098924, 7.648293016091891, 7.910848946857726, 8.220746714258992, 9.100368581546574, 6.960151608262567, 8.440535367498912, 7.0991190087221385, 1.7670648120541588, 0.0, 1.7674866279550745], [8.055078678076335, 6.588128918744684, 6.01036407715872, 4.713476646807535, 4.7743172391453, 3.836558137184943, 4.470976663996358, 5.901672092720842, 6.705328002417183, 6.40379928479961, 2.609824679935417, 2.629835686882357, 2.0873463272777713, 1.0957693598563525, 3.831598179611218, 8.2671091089933, 8.581656791669078, 8.632737670634965, 6.635829646698294, 6.234613445916275, 6.62909701995679, 4.100557988859565, 6.3938377286259, 6.56693706380684, 6.688031631205104, 7.75856527071855, 6.193565578081822, 7.495119468694279, 6.2222319403892365, 1.8062399480689162, 1.7674866279550745, 0.0]]}