{"total energy": -68.94339819, "HOMO-LUMO gap/eV": 3.29644464, "electronic energy": -69.88597519, "dipole": [-1.13752762, -0.01301193, -0.96161838], "partial charges": [-0.10080954, -0.0526931, -0.05487674, -0.05077553, -0.06249778, 0.26190962, -0.3935108, -0.04489434, -0.0455363, 0.26139379, -0.39234354, 0.05647579, -0.04238142, -0.04987614, 0.14560449, -0.3888508, -0.06956387, -0.0453748, 0.06615216, -0.04190515, -0.02662113, -0.03260259, -0.02841156, -0.04430998, 0.03425585, 0.03537048, 0.03399758, 0.03418843, 0.03414145, 0.03204709, 0.03173617, 0.05742949, 0.05627825, 0.08631631, 0.07415969, 0.06378186, 0.30139818, 0.0361574, 0.04071573, 0.06751035, 0.0435212, 0.03670526, 0.03919964, 0.03738885], "atomic dipole moments": [[0.00033168, -0.05383832, 0.09153443], [-0.10501958, 0.02904287, -0.04801596], [0.08882924, -0.03794699, 0.06514567], [-0.14518138, 0.01819039, -0.03501889], [-0.00500193, 0.03477917, -0.05692815], [-0.05697702, 0.01447375, -0.02242121], [-0.05308116, 0.15506972, 0.07257658], [-0.00852761, 0.07595032, 0.1168308], [0.04275044, -0.0799082, -0.11264012], [-0.06051596, 0.00758626, -0.01748003], [-0.04971517, -0.13728102, -0.10317059], [0.09484947, -0.1408887, 0.07200893], [0.00562801, -0.02721598, -0.04940511], [-0.01216415, -0.00832921, -0.03533713], [-0.11452714, 0.1884552, -0.08876995], [0.04907675, -0.19008404, -0.05067407], [-0.00462395, 0.01881792, 0.00608026], [0.00408115, 0.00701609, 0.03444746], [0.1649212, 0.09177632, 0.02778954], [-0.01202122, 0.03504762, 0.04692333], [0.00833243, 0.00302093, 0.00184653], [0.00625865, 0.0045784, 0.00170563], [0.00535261, 0.00571344, 0.00217219], [0.03034027, -0.00965803, -0.02340123], [-0.05791032, 0.11156829, 0.01279524], [0.11699611, 0.0222824, -0.03842361], [-0.05837121, -0.06455836, -0.09112785], [0.06479604, 0.0662445, 0.08260798], [0.06401404, -0.104437, -0.018292], [-0.06140165, -0.06288383, -0.08898841], [-0.06125869, 0.10922259, 0.01249594], [0.06767734, -0.10578242, -0.01674264], [0.066348, 0.06589695, 0.08466672], [0.01296134, -0.06520573, 0.1186304], [0.05763781, 0.02037446, 0.1449469], [-0.00860209, 0.13135857, 0.08580221], [-0.02413507, -0.02520665, -0.07309731], [-0.05981937, -0.01742337, -0.13947763], [0.00483232, -0.12021548, -0.09526813], [0.12398795, -0.05947717, -0.07588181], [-0.0003941, -0.1272756, -0.08498201], [-0.12763439, -0.07883185, -0.01932734], [-0.12994008, 0.04631153, 0.06524904], [-0.01597674, 0.12221604, 0.0918464]], "atomic quadrupole moments": [[-0.1089835, -7.595e-05, -0.03464935, 0.00070837, -0.16118416, 0.14363285], [0.07395837, 0.05066311, -0.13564871, -0.08841182, -0.17823145, 0.06169035], [0.06983792, 0.04152675, -0.13485909, -0.07164906, -0.17810118, 0.06502117], [0.11657423, 0.07046186, -0.14833014, -0.10853189, -0.16658819, 0.03175591], [0.11600487, -0.00830277, 0.06629797, 0.03904894, 0.16670033, -0.18230284], [-0.13254638, 0.15861954, -0.09002506, -0.20796576, -0.27246429, 0.22257144], [-0.07286927, 0.05584245, -0.03077579, -0.09544077, -0.10827921, 0.10364506], [-0.06138613, -0.00277784, 0.06444748, 0.0191747, 0.09880736, -0.00306135], [-0.05007959, -0.02380761, 0.07528615, -0.00336684, 0.09845172, -0.02520657], [-0.13159449, 0.10686062, -0.07737738, -0.24089646, -0.28027563, 0.20897187], [-0.06576524, 0.05376405, -0.0371676, -0.10535882, -0.10298845, 0.10293283], [0.25954802, 0.04434058, -0.06763551, -0.16586541, -0.19842031, -0.1919125], [0.33250627, 0.20663646, -0.18161987, -0.2619123, -0.10755937, -0.1508864], [0.29600399, 0.2010793, -0.20539335, -0.22729998, -0.13237613, -0.09061063], [0.23916663, -0.03175467, 0.00975119, -0.15804549, -0.29385203, -0.24891782], [-0.02771443, -0.061879, 0.05496978, 0.03131523, -0.03271925, -0.02725535], [0.26097317, 0.16880493, -0.12087763, -0.24466296, -0.08617944, -0.14009554], [0.2865615, 0.2070937, -0.14480419, -0.2634064, -0.09594376, -0.14175731], [-0.05419243, 0.06295201, -0.06845976, 0.17284359, -0.30174325, 0.12265219], [-0.20752735, -0.09367997, -0.03238824, 0.14747179, -0.34376188, 0.2399156], [-0.21745806, -0.09424984, -0.04258156, 0.12373622, -0.36855373, 0.26003961], [-0.23414136, -0.09401828, -0.02954725, 0.1267569, -0.34294742, 0.26368861], [-0.24533583, -0.08504134, -0.01884225, 0.14417015, -0.34765329, 0.26417807], [-0.22773258, -0.07956129, -0.00544417, 0.12646378, -0.32465707, 0.23317675], [-0.02154801, -0.05464018, 0.04462582, -0.01335966, 0.01726675, -0.02307781], [0.07221488, 0.01588999, -0.04516041, -0.02759413, -0.01612904, -0.02705446], [-0.02088799, 0.03859213, 0.00681885, 0.04200121, 0.03776573, 0.01406914], [-0.01733141, 0.0278684, -0.00156663, 0.01844203, 0.03227142, 0.01889804], [-0.01772953, -0.02952501, 0.0419743, -0.01553392, 0.00888166, -0.02424477], [-0.01370921, 0.02864497, 0.00477125, 0.02098421, 0.03396092, 0.00893796], [-0.01330802, -0.03102059, 0.03566546, -0.01555625, 0.01601202, -0.02235743], [-0.02127902, -0.03023826, 0.03885229, -0.02037943, 0.00693387, -0.01757326], [-0.01987724, 0.03341438, 0.00144558, 0.01802292, 0.02768207, 0.01843165], [-0.02208631, -0.00640568, 0.00089283, 0.0094743, -0.02791278, 0.02119347], [-0.03043766, -0.03668709, 0.02522856, 0.0334248, -0.00155577, 0.0052091], [-0.03337263, -0.02603891, 0.02056332, 0.03110549, 0.00816242, 0.01280931], [-0.04919036, -0.0048906, -0.04713794, 0.07711436, 0.02267899, 0.0963283], [-0.03412075, -0.02697452, 0.01726592, 0.035312, 0.00536319, 0.01685483], [-0.03760965, -0.03305535, 0.03389861, 0.03099423, 0.00362857, 0.00371104], [0.03969958, 0.02479385, -0.00352187, -0.00680639, 0.03505937, -0.03617771], [0.03843258, 0.01067549, -0.0029325, -0.01958784, 0.04114272, -0.03550008], [0.02795813, 0.00710226, 0.00421395, -0.01854926, 0.04687719, -0.03217207], [0.02350982, 0.01561467, 0.00951572, -0.01276211, 0.04811318, -0.03302554], [0.02983658, 0.02569094, 0.00671547, -0.00805245, 0.03864358, -0.03655204]], "number of molecular orbitals": 116, "number of electrons": 124, "number of unpaired electrons": 0, "orbital energies/eV": [-19.69815171, -19.57987041, -19.57310102, -19.45981347, -18.52900211, -18.48256681, -18.07669737, -17.89512462, -17.64722795, -17.52989667, -17.34957983, -17.22597694, -17.09020406, -16.97223915, -16.81908975, -16.5909802, -16.49232843, -16.44452184, -16.115491, -15.87784558, -15.7710461, -15.69594462, -15.4664605, -15.32473988, -15.27044215, -15.07109765, -14.89305954, -14.81941343, -14.68834734, -14.52561292, -14.42227019, -14.29291667, -14.19155746, -14.05617089, -13.98183616, -13.7512225, -13.70722313, -13.56479984, -13.54364989, -13.47093355, -13.33137075, -13.25862362, -13.23996754, -13.13561571, -13.10172555, -12.83201332, -12.75959611, -12.74815008, -12.2509721, -12.15944924, -12.11501363, -12.03325967, -11.92643771, -11.89679812, -11.79650199, -11.62795123, -11.41392403, -11.35994293, -11.2874717, -11.060664, -10.74899404, -10.28677313, -6.99032849, -6.86855058, -6.62598254, -6.50389846, -6.21561839, -5.78789792, -3.31919714, -3.0131919, -2.91808898, 0.54154049, 0.73779568, 1.27871057, 1.73047527, 2.37946942, 2.88958115, 2.90687442, 2.99133572, 3.11827558, 3.30372608, 3.38189944, 3.61490783, 3.94471407, 4.08660409, 4.14722819, 4.20348509, 4.34760736, 4.45472161, 4.54818875, 4.6118678, 4.77254485, 4.88951731, 5.05983391, 5.27664002, 5.37985007, 6.0833414, 6.31175948, 6.52005893, 7.10437624, 7.24420524, 8.17723822, 9.73555096, 10.12197973, 10.14496842, 10.23537816, 11.10671217, 11.13131423, 11.21829927, 11.71973554, 15.80955909, 16.03691063, 16.18587426, 16.34235222, 16.87323186, 16.98800273], "fractional occupation": [2.0, 2.0, 2.0, 2.0, 2.0, 2.0, 2.0, 2.0, 2.0, 2.0, 2.0, 2.0, 2.0, 2.0, 2.0, 2.0, 2.0, 2.0, 2.0, 2.0, 2.0, 2.0, 2.0, 2.0, 2.0, 2.0, 2.0, 2.0, 2.0, 2.0, 2.0, 2.0, 2.0, 2.0, 2.0, 2.0, 2.0, 2.0, 2.0, 2.0, 2.0, 2.0, 2.0, 2.0, 2.0, 2.0, 2.0, 2.0, 2.0, 2.0, 2.0, 2.0, 2.0, 2.0, 2.0, 2.0, 2.0, 2.0, 2.0, 2.0, 2.0, 2.0, 0.0, 0.0, 0.0, 0.0, 0.0, 0.0, 0.0, 0.0, 0.0, 0.0, 0.0, 0.0, 0.0, 0.0, 0.0, 0.0, 0.0, 0.0, 0.0, 0.0, 0.0, 0.0, 0.0, 0.0, 0.0, 0.0, 0.0, 0.0, 0.0, 0.0, 0.0, 0.0, 0.0, 0.0, 0.0, 0.0, 0.0, 0.0, 0.0, 0.0, 0.0, 0.0, 0.0, 0.0, 0.0, 0.0, 0.0, 0.0, 0.0, 0.0, 0.0, 0.0, 0.0, 0.0], "program call": "xtb /home/svss/Project-DBcg-Debug/aqme2_20220329/End-to-End-workflows-final/example-3/QDESCP/mol_729_rdkit_conf_3/mol_729_rdkit_conf_3.xyz --pop --wbo --acc 0.2 --gfn 2 --chrg 0 --uhf 0 --etemp 300 --input /home/svss/Project-DBcg-Debug/aqme2_20220329/End-to-End-workflows-final/example-3/QDESCP/mol_729_rdkit_conf_3/mol_729_rdkit_conf_3_xtb.inp", "method": "GFN2-xTB", "xtb version": "6.3.3 (7355c4f)", "Dipole module/D": 3.786, "Total charge": 0, "Transition dipole module/D": NaN, "HOMO": -10.2868, "LUMO": -6.9903, "HOMO occupancy": 2.0, "LUMO occupancy": 0, "mulliken charges": [-0.08312, -0.03652, -0.05248, -0.02623, -0.08929, 0.46041, -0.51745, -0.15058, -0.15164, 0.46022, -0.51728, 0.12034, -0.04257, -0.06028, 0.25614, -0.51525, -0.09194, -0.05144, 0.13731, -0.04779, -0.02092, -0.03555, -0.02254, -0.05965, 0.02815, 0.03067, 0.02789, 0.02606, 0.02579, 0.02878, 0.02947, 0.04583, 0.04557, 0.08772, 0.06438, 0.05767, 0.35316, 0.03783, 0.04054, 0.06182, 0.03836, 0.03423, 0.03554, 0.03865], "cm5 charges": [-0.23347, -0.1491, -0.16121, -0.13003, -0.12804, 0.55999, -0.56396, -0.31744, -0.3181, 0.5596, -0.56366, 0.17687, -0.08903, -0.1102, 0.26781, -0.71259, -0.14373, -0.09759, 0.19395, -0.0945, -0.07607, -0.09087, -0.07771, -0.10587, 0.07945, 0.08145, 0.07919, 0.08079, 0.08052, 0.08686, 0.08783, 0.10325, 0.103, 0.15251, 0.12858, 0.11614, 0.52411, 0.09577, 0.10347, 0.12626, 0.09371, 0.08962, 0.0909, 0.10153], "FUKUI+": [0.005, 0.004, 0.002, 0.006, 0.003, -0.039, -0.088, -0.019, -0.018, -0.032, -0.079, -0.007, -0.018, -0.024, -0.024, -0.032, -0.02, -0.02, -0.017, -0.013, -0.019, -0.03, -0.017, -0.014, -0.003, -0.016, -0.004, -0.01, -0.011, 0.001, 0.002, -0.025, -0.025, -0.05, -0.03, -0.044, -0.023, -0.04, -0.025, -0.028, -0.044, -0.048, -0.041, -0.025], "FUKUI-": [0.008, 0.004, 0.004, 0.009, 0.001, -0.006, -0.066, -0.04, -0.047, -0.007, -0.066, -0.016, -0.015, -0.019, -0.03, -0.063, -0.018, -0.014, -0.006, -0.015, -0.013, -0.028, -0.014, -0.009, -0.017, -0.022, -0.019, -0.029, -0.03, -0.008, -0.005, -0.023, -0.021, -0.034, -0.032, -0.042, -0.031, -0.039, -0.026, -0.025, -0.037, -0.041, -0.035, -0.015], "FUKUIrad": [0.006, 0.004, 0.003, 0.008, 0.002, -0.023, -0.077, -0.029, -0.033, -0.02, -0.072, -0.012, -0.017, -0.021, -0.027, -0.048, -0.019, -0.017, -0.012, -0.014, -0.016, -0.029, -0.015, -0.011, -0.01, -0.019, -0.011, -0.02, -0.02, -0.003, -0.002, -0.024, -0.023, -0.042, -0.031, -0.043, -0.027, -0.04, -0.026, -0.027, -0.041, -0.045, -0.038, -0.02], "s proportion": [1.008, 1.027, 1.033, 1.033, 1.071, 1.005, 1.73, 1.445, 1.446, 1.005, 1.73, 1.041, 1.064, 1.057, 1.014, 1.69, 1.059, 1.059, 1.045, 1.063, 1.062, 1.059, 1.06, 1.06, 0.972, 0.969, 0.972, 0.974, 0.974, 0.971, 0.971, 0.954, 0.954, 0.912, 0.936, 0.942, 0.647, 0.962, 0.959, 0.938, 0.962, 0.966, 0.964, 0.961], "p proportion": [3.076, 3.009, 3.019, 2.994, 3.019, 2.534, 4.788, 3.706, 3.706, 2.534, 4.788, 2.839, 2.978, 3.003, 2.729, 4.825, 3.033, 2.992, 2.818, 2.985, 2.959, 2.977, 2.962, 3.0, 0.0, 0.0, 0.0, 0.0, 0.0, 0.0, 0.0, 0.0, 0.0, 0.0, 0.0, 0.0, 0.0, 0.0, 0.0, 0.0, 0.0, 0.0, 0.0, 0.0], "d proportion": [0.0, 0.0, 0.0, 0.0, 0.0, 0.0, 0.0, 0.0, 0.0, 0.0, 0.0, 0.0, 0.0, 0.0, 0.0, 0.0, 0.0, 0.0, 0.0, 0.0, 0.0, 0.0, 0.0, 0.0, 0.0, 0.0, 0.0, 0.0, 0.0, 0.0, 0.0, 0.0, 0.0, 0.0, 0.0, 0.0, 0.0, 0.0, 0.0, 0.0, 0.0, 0.0, 0.0, 0.0], "Fermi-level/eV": -8.6386, "Coordination numbers": [3.75, 3.8, 3.8, 3.803, 3.885, 2.787, 0.856, 2.835, 2.834, 2.787, 0.856, 2.895, 2.917, 2.911, 2.843, 1.659, 2.91, 2.917, 2.895, 2.916, 2.911, 2.912, 2.91, 2.916, 0.924, 0.924, 0.924, 0.924, 0.924, 0.924, 0.924, 0.924, 0.924, 0.924, 0.925, 0.925, 0.804, 0.925, 0.925, 0.925, 0.925, 0.925, 0.925, 0.925], "Dispersion coefficient C6": [22.489, 21.521, 21.561, 21.483, 21.647, 22.588, 21.552, 22.105, 22.117, 22.598, 21.529, 26.732, 29.053, 29.238, 24.828, 20.633, 29.733, 29.127, 26.518, 29.041, 28.667, 28.812, 28.71, 29.1, 2.527, 2.512, 2.53, 2.528, 2.529, 2.558, 2.562, 2.23, 2.243, 1.915, 2.04, 2.155, 0.717, 2.501, 2.439, 2.113, 2.402, 2.493, 2.459, 2.484], "Total dispersion C6": 22406.153082, "Total dispersion C8": 531878.168638, "Polarizability alpha": [6.763, 6.605, 6.611, 6.599, 6.615, 7.785, 6.224, 6.983, 6.985, 7.787, 6.221, 8.477, 8.839, 8.867, 8.166, 6.132, 8.941, 8.85, 8.443, 8.837, 8.779, 8.802, 8.786, 8.846, 2.486, 2.478, 2.488, 2.486, 2.487, 2.501, 2.503, 2.335, 2.342, 2.164, 2.234, 2.296, 1.33, 2.473, 2.442, 2.273, 2.424, 2.469, 2.452, 2.465], "Total polarizability alpha": 233.0713, "Wiberg matrix": [[0.0, 1.0202125991753008, 0.0, 0.0, 0.0, 0.0, 0.0, 0.0, 0.0, 0.0, 0.0, 0.0, 0.0, 0.0, 0.0, 0.0, 0.0, 0.0, 0.0, 0.0, 0.0, 0.0, 0.0, 0.0, 0.9875443255651424, 0.9869940443524052, 0.9875607920156706, 0.0, 0.0, 0.0, 0.0, 0.0, 0.0, 0.0, 0.0, 0.0, 0.0, 0.0, 0.0, 0.0, 0.0, 0.0, 0.0, 0.0], [1.0202125991753008, 0.0, 1.0072912547315271, 0.0, 0.0, 0.0, 0.0, 0.0, 0.0, 0.0, 0.0, 0.0, 0.0, 0.0, 0.0, 0.0, 0.0, 0.0, 0.0, 0.0, 0.0, 0.0, 0.0, 0.0, 0.0, 0.0, 0.0, 0.9776326479592774, 0.977624154902199, 0.0, 0.0, 0.0, 0.0, 0.0, 0.0, 0.0, 0.0, 0.0, 0.0, 0.0, 0.0, 0.0, 0.0, 0.0], [0.0, 1.0072912547315271, 0.0, 1.0070407247347666, 0.0, 0.0, 0.0, 0.0, 0.0, 0.0, 0.0, 0.0, 0.0, 0.0, 0.0, 0.0, 0.0, 0.0, 0.0, 0.0, 0.0, 0.0, 0.0, 0.0, 0.0, 0.0, 0.0, 0.0, 0.0, 0.9762196923017639, 0.9766694863009056, 0.0, 0.0, 0.0, 0.0, 0.0, 0.0, 0.0, 0.0, 0.0, 0.0, 0.0, 0.0, 0.0], [0.0, 0.0, 1.0070407247347666, 0.0, 0.9637669753900466, 0.0, 0.0, 0.0, 0.0, 0.0, 0.0, 0.0, 0.0, 0.0, 0.0, 0.0, 0.0, 0.0, 0.0, 0.0, 0.0, 0.0, 0.0, 0.0, 0.0, 0.0, 0.0, 0.0, 0.0, 0.0, 0.0, 0.9719240829260083, 0.9730286637562435, 0.0, 0.0, 0.0, 0.0, 0.0, 0.0, 0.0, 0.0, 0.0, 0.0, 0.0], [0.0, 0.0, 0.0, 0.9637669753900466, 0.0, 0.9694200753226314, 0.0, 0.0, 0.0, 0.9686174949994805, 0.0, 0.0, 0.0, 0.0, 0.0, 0.0, 0.0, 0.0, 0.0, 0.0, 0.0, 0.0, 0.0, 0.0, 0.0, 0.0, 0.0, 0.0, 0.0, 0.0, 0.0, 0.0, 0.0, 0.9168608340286041, 0.0, 0.0, 0.0, 0.0, 0.0, 0.0, 0.0, 0.0, 0.0, 0.0], [0.0, 0.0, 0.0, 0.0, 0.9694200753226314, 0.0, 1.7313684545745287, 1.1346526079390153, 0.0, 0.0, 0.0, 0.0, 0.0, 0.0, 0.0, 0.0, 0.0, 0.0, 0.0, 0.0, 0.0, 0.0, 0.0, 0.0, 0.0, 0.0, 0.0, 0.0, 0.0, 0.0, 0.0, 0.0, 0.0, 0.0, 0.0, 0.0, 0.0, 0.0, 0.0, 0.0, 0.0, 0.0, 0.0, 0.0], [0.0, 0.0, 0.0, 0.0, 0.0, 1.7313684545745287, 0.0, 0.1643164506988935, 0.0, 0.0, 0.0, 0.0, 0.0, 0.0, 0.0, 0.0, 0.0, 0.0, 0.0, 0.0, 0.0, 0.0, 0.0, 0.0, 0.0, 0.0, 0.0, 0.0, 0.0, 0.0, 0.0, 0.0, 0.0, 0.0, 0.0, 0.0, 0.0, 0.0, 0.0, 0.0, 0.0, 0.0, 0.0, 0.0], [0.0, 0.0, 0.0, 0.0, 0.0, 1.1346526079390153, 0.1643164506988935, 0.0, 0.9882726021558662, 0.0, 0.0, 0.0, 0.0, 0.0, 0.0, 0.0, 0.0, 0.0, 1.018089416047447, 0.0, 0.0, 0.0, 0.0, 0.0, 0.0, 0.0, 0.0, 0.0, 0.0, 0.0, 0.0, 0.0, 0.0, 0.0, 0.0, 0.0, 0.0, 0.0, 0.0, 0.0, 0.0, 0.0, 0.0, 0.0], [0.0, 0.0, 0.0, 0.0, 0.0, 0.0, 0.0, 0.9882726021558662, 0.0, 1.1338673249239688, 0.16547398841180785, 1.0123161494293544, 0.0, 0.0, 0.0, 0.0, 0.0, 0.0, 0.0, 0.0, 0.0, 0.0, 0.0, 0.0, 0.0, 0.0, 0.0, 0.0, 0.0, 0.0, 0.0, 0.0, 0.0, 0.0, 0.0, 0.0, 0.0, 0.0, 0.0, 0.0, 0.0, 0.0, 0.0, 0.0], [0.0, 0.0, 0.0, 0.0, 0.9686174949994805, 0.0, 0.0, 0.0, 1.1338673249239688, 0.0, 1.7331911945272847, 0.0, 0.0, 0.0, 0.0, 0.0, 0.0, 0.0, 0.0, 0.0, 0.0, 0.0, 0.0, 0.0, 0.0, 0.0, 0.0, 0.0, 0.0, 0.0, 0.0, 0.0, 0.0, 0.0, 0.0, 0.0, 0.0, 0.0, 0.0, 0.0, 0.0, 0.0, 0.0, 0.0], [0.0, 0.0, 0.0, 0.0, 0.0, 0.0, 0.0, 0.0, 0.16547398841180785, 1.7331911945272847, 0.0, 0.0, 0.0, 0.0, 0.0, 0.0, 0.0, 0.0, 0.0, 0.0, 0.0, 0.0, 0.0, 0.0, 0.0, 0.0, 0.0, 0.0, 0.0, 0.0, 0.0, 0.0, 0.0, 0.0, 0.0, 0.0, 0.0, 0.0, 0.0, 0.0, 0.0, 0.0, 0.0, 0.0], [0.0, 0.0, 0.0, 0.0, 0.0, 0.0, 0.0, 0.0, 1.0123161494293544, 0.0, 0.0, 0.0, 1.3731986426788905, 0.0, 0.0, 0.0, 0.0, 1.3800286465856904, 0.0, 0.0, 0.0, 0.0, 0.0, 0.0, 0.0, 0.0, 0.0, 0.0, 0.0, 0.0, 0.0, 0.0, 0.0, 0.0, 0.0, 0.0, 0.0, 0.0, 0.0, 0.0, 0.0, 0.0, 0.0, 0.0], [0.0, 0.0, 0.0, 0.0, 0.0, 0.0, 0.0, 0.0, 0.0, 0.0, 0.0, 1.3731986426788905, 0.0, 1.454991507533858, 0.0, 0.0, 0.10514675496615475, 0.0, 0.0, 0.0, 0.0, 0.0, 0.0, 0.0, 0.0, 0.0, 0.0, 0.0, 0.0, 0.0, 0.0, 0.0, 0.0, 0.0, 0.9635360601490007, 0.0, 0.0, 0.0, 0.0, 0.0, 0.0, 0.0, 0.0, 0.0], [0.0, 0.0, 0.0, 0.0, 0.0, 0.0, 0.0, 0.0, 0.0, 0.0, 0.0, 0.0, 1.454991507533858, 0.0, 1.3653725427065626, 0.0, 0.0, 0.10838434172994181, 0.0, 0.0, 0.0, 0.0, 0.0, 0.0, 0.0, 0.0, 0.0, 0.0, 0.0, 0.0, 0.0, 0.0, 0.0, 0.0, 0.0, 0.9663500471192175, 0.0, 0.0, 0.0, 0.0, 0.0, 0.0, 0.0, 0.0], [0.0, 0.0, 0.0, 0.0, 0.0, 0.0, 0.0, 0.0, 0.0, 0.0, 0.0, 0.0, 0.0, 1.3653725427065626, 0.0, 1.0726953453370447, 1.3733494843129077, 0.0, 0.0, 0.0, 0.0, 0.0, 0.0, 0.0, 0.0, 0.0, 0.0, 0.0, 0.0, 0.0, 0.0, 0.0, 0.0, 0.0, 0.0, 0.0, 0.0, 0.0, 0.0, 0.0, 0.0, 0.0, 0.0, 0.0], [0.0, 0.0, 0.0, 0.0, 0.0, 0.0, 0.0, 0.0, 0.0, 0.0, 0.0, 0.0, 0.0, 0.0, 1.0726953453370447, 0.0, 0.0, 0.0, 0.0, 0.0, 0.0, 0.0, 0.0, 0.0, 0.0, 0.0, 0.0, 0.0, 0.0, 0.0, 0.0, 0.0, 0.0, 0.0, 0.0, 0.0, 0.8880929427757798, 0.0, 0.0, 0.0, 0.0, 0.0, 0.0, 0.0], [0.0, 0.0, 0.0, 0.0, 0.0, 0.0, 0.0, 0.0, 0.0, 0.0, 0.0, 0.0, 0.10514675496615475, 0.0, 1.3733494843129077, 0.0, 0.0, 1.4436376371126363, 0.0, 0.0, 0.0, 0.0, 0.0, 0.0, 0.0, 0.0, 0.0, 0.0, 0.0, 0.0, 0.0, 0.0, 0.0, 0.0, 0.0, 0.0, 0.0, 0.9659831871860458, 0.0, 0.0, 0.0, 0.0, 0.0, 0.0], [0.0, 0.0, 0.0, 0.0, 0.0, 0.0, 0.0, 0.0, 0.0, 0.0, 0.0, 1.3800286465856904, 0.0, 0.10838434172994181, 0.0, 0.0, 1.4436376371126363, 0.0, 0.0, 0.0, 0.0, 0.0, 0.0, 0.0, 0.0, 0.0, 0.0, 0.0, 0.0, 0.0, 0.0, 0.0, 0.0, 0.0, 0.0, 0.0, 0.0, 0.0, 0.9686072671767378, 0.0, 0.0, 0.0, 0.0, 0.0], [0.0, 0.0, 0.0, 0.0, 0.0, 0.0, 0.0, 1.018089416047447, 0.0, 0.0, 0.0, 0.0, 0.0, 0.0, 0.0, 0.0, 0.0, 0.0, 0.0, 1.378752837813881, 0.0, 0.0, 0.0, 1.3790367202779148, 0.0, 0.0, 0.0, 0.0, 0.0, 0.0, 0.0, 0.0, 0.0, 0.0, 0.0, 0.0, 0.0, 0.0, 0.0, 0.0, 0.0, 0.0, 0.0, 0.0], [0.0, 0.0, 0.0, 0.0, 0.0, 0.0, 0.0, 0.0, 0.0, 0.0, 0.0, 0.0, 0.0, 0.0, 0.0, 0.0, 0.0, 0.0, 1.378752837813881, 0.0, 1.4437060145666343, 0.0, 0.11016848528524915, 0.0, 0.0, 0.0, 0.0, 0.0, 0.0, 0.0, 0.0, 0.0, 0.0, 0.0, 0.0, 0.0, 0.0, 0.0, 0.0, 0.9639546012723823, 0.0, 0.0, 0.0, 0.0], [0.0, 0.0, 0.0, 0.0, 0.0, 0.0, 0.0, 0.0, 0.0, 0.0, 0.0, 0.0, 0.0, 0.0, 0.0, 0.0, 0.0, 0.0, 0.0, 1.4437060145666343, 0.0, 1.4365619788125468, 0.0, 0.10975109193195925, 0.0, 0.0, 0.0, 0.0, 0.0, 0.0, 0.0, 0.0, 0.0, 0.0, 0.0, 0.0, 0.0, 0.0, 0.0, 0.0, 0.9702050672118532, 0.0, 0.0, 0.0], [0.0, 0.0, 0.0, 0.0, 0.0, 0.0, 0.0, 0.0, 0.0, 0.0, 0.0, 0.0, 0.0, 0.0, 0.0, 0.0, 0.0, 0.0, 0.0, 0.0, 1.4365619788125468, 0.0, 1.4368273423436622, 0.0, 0.0, 0.0, 0.0, 0.0, 0.0, 0.0, 0.0, 0.0, 0.0, 0.0, 0.0, 0.0, 0.0, 0.0, 0.0, 0.0, 0.0, 0.9704915948245478, 0.0, 0.0], [0.0, 0.0, 0.0, 0.0, 0.0, 0.0, 0.0, 0.0, 0.0, 0.0, 0.0, 0.0, 0.0, 0.0, 0.0, 0.0, 0.0, 0.0, 0.0, 0.11016848528524915, 0.0, 1.4368273423436622, 0.0, 1.4437607697573103, 0.0, 0.0, 0.0, 0.0, 0.0, 0.0, 0.0, 0.0, 0.0, 0.0, 0.0, 0.0, 0.0, 0.0, 0.0, 0.0, 0.0, 0.0, 0.9706174542283735, 0.0], [0.0, 0.0, 0.0, 0.0, 0.0, 0.0, 0.0, 0.0, 0.0, 0.0, 0.0, 0.0, 0.0, 0.0, 0.0, 0.0, 0.0, 0.0, 1.3790367202779148, 0.0, 0.10975109193195925, 0.0, 1.4437607697573103, 0.0, 0.0, 0.0, 0.0, 0.0, 0.0, 0.0, 0.0, 0.0, 0.0, 0.0, 0.0, 0.0, 0.0, 0.0, 0.0, 0.0, 0.0, 0.0, 0.0, 0.9684321816052723], [0.9875443255651424, 0.0, 0.0, 0.0, 0.0, 0.0, 0.0, 0.0, 0.0, 0.0, 0.0, 0.0, 0.0, 0.0, 0.0, 0.0, 0.0, 0.0, 0.0, 0.0, 0.0, 0.0, 0.0, 0.0, 0.0, 0.0, 0.0, 0.0, 0.0, 0.0, 0.0, 0.0, 0.0, 0.0, 0.0, 0.0, 0.0, 0.0, 0.0, 0.0, 0.0, 0.0, 0.0, 0.0], [0.9869940443524052, 0.0, 0.0, 0.0, 0.0, 0.0, 0.0, 0.0, 0.0, 0.0, 0.0, 0.0, 0.0, 0.0, 0.0, 0.0, 0.0, 0.0, 0.0, 0.0, 0.0, 0.0, 0.0, 0.0, 0.0, 0.0, 0.0, 0.0, 0.0, 0.0, 0.0, 0.0, 0.0, 0.0, 0.0, 0.0, 0.0, 0.0, 0.0, 0.0, 0.0, 0.0, 0.0, 0.0], [0.9875607920156706, 0.0, 0.0, 0.0, 0.0, 0.0, 0.0, 0.0, 0.0, 0.0, 0.0, 0.0, 0.0, 0.0, 0.0, 0.0, 0.0, 0.0, 0.0, 0.0, 0.0, 0.0, 0.0, 0.0, 0.0, 0.0, 0.0, 0.0, 0.0, 0.0, 0.0, 0.0, 0.0, 0.0, 0.0, 0.0, 0.0, 0.0, 0.0, 0.0, 0.0, 0.0, 0.0, 0.0], [0.0, 0.9776326479592774, 0.0, 0.0, 0.0, 0.0, 0.0, 0.0, 0.0, 0.0, 0.0, 0.0, 0.0, 0.0, 0.0, 0.0, 0.0, 0.0, 0.0, 0.0, 0.0, 0.0, 0.0, 0.0, 0.0, 0.0, 0.0, 0.0, 0.0, 0.0, 0.0, 0.0, 0.0, 0.0, 0.0, 0.0, 0.0, 0.0, 0.0, 0.0, 0.0, 0.0, 0.0, 0.0], [0.0, 0.977624154902199, 0.0, 0.0, 0.0, 0.0, 0.0, 0.0, 0.0, 0.0, 0.0, 0.0, 0.0, 0.0, 0.0, 0.0, 0.0, 0.0, 0.0, 0.0, 0.0, 0.0, 0.0, 0.0, 0.0, 0.0, 0.0, 0.0, 0.0, 0.0, 0.0, 0.0, 0.0, 0.0, 0.0, 0.0, 0.0, 0.0, 0.0, 0.0, 0.0, 0.0, 0.0, 0.0], [0.0, 0.0, 0.9762196923017639, 0.0, 0.0, 0.0, 0.0, 0.0, 0.0, 0.0, 0.0, 0.0, 0.0, 0.0, 0.0, 0.0, 0.0, 0.0, 0.0, 0.0, 0.0, 0.0, 0.0, 0.0, 0.0, 0.0, 0.0, 0.0, 0.0, 0.0, 0.0, 0.0, 0.0, 0.0, 0.0, 0.0, 0.0, 0.0, 0.0, 0.0, 0.0, 0.0, 0.0, 0.0], [0.0, 0.0, 0.9766694863009056, 0.0, 0.0, 0.0, 0.0, 0.0, 0.0, 0.0, 0.0, 0.0, 0.0, 0.0, 0.0, 0.0, 0.0, 0.0, 0.0, 0.0, 0.0, 0.0, 0.0, 0.0, 0.0, 0.0, 0.0, 0.0, 0.0, 0.0, 0.0, 0.0, 0.0, 0.0, 0.0, 0.0, 0.0, 0.0, 0.0, 0.0, 0.0, 0.0, 0.0, 0.0], [0.0, 0.0, 0.0, 0.9719240829260083, 0.0, 0.0, 0.0, 0.0, 0.0, 0.0, 0.0, 0.0, 0.0, 0.0, 0.0, 0.0, 0.0, 0.0, 0.0, 0.0, 0.0, 0.0, 0.0, 0.0, 0.0, 0.0, 0.0, 0.0, 0.0, 0.0, 0.0, 0.0, 0.0, 0.0, 0.0, 0.0, 0.0, 0.0, 0.0, 0.0, 0.0, 0.0, 0.0, 0.0], [0.0, 0.0, 0.0, 0.9730286637562435, 0.0, 0.0, 0.0, 0.0, 0.0, 0.0, 0.0, 0.0, 0.0, 0.0, 0.0, 0.0, 0.0, 0.0, 0.0, 0.0, 0.0, 0.0, 0.0, 0.0, 0.0, 0.0, 0.0, 0.0, 0.0, 0.0, 0.0, 0.0, 0.0, 0.0, 0.0, 0.0, 0.0, 0.0, 0.0, 0.0, 0.0, 0.0, 0.0, 0.0], [0.0, 0.0, 0.0, 0.0, 0.9168608340286041, 0.0, 0.0, 0.0, 0.0, 0.0, 0.0, 0.0, 0.0, 0.0, 0.0, 0.0, 0.0, 0.0, 0.0, 0.0, 0.0, 0.0, 0.0, 0.0, 0.0, 0.0, 0.0, 0.0, 0.0, 0.0, 0.0, 0.0, 0.0, 0.0, 0.0, 0.0, 0.0, 0.0, 0.0, 0.0, 0.0, 0.0, 0.0, 0.0], [0.0, 0.0, 0.0, 0.0, 0.0, 0.0, 0.0, 0.0, 0.0, 0.0, 0.0, 0.0, 0.9635360601490007, 0.0, 0.0, 0.0, 0.0, 0.0, 0.0, 0.0, 0.0, 0.0, 0.0, 0.0, 0.0, 0.0, 0.0, 0.0, 0.0, 0.0, 0.0, 0.0, 0.0, 0.0, 0.0, 0.0, 0.0, 0.0, 0.0, 0.0, 0.0, 0.0, 0.0, 0.0], [0.0, 0.0, 0.0, 0.0, 0.0, 0.0, 0.0, 0.0, 0.0, 0.0, 0.0, 0.0, 0.0, 0.9663500471192175, 0.0, 0.0, 0.0, 0.0, 0.0, 0.0, 0.0, 0.0, 0.0, 0.0, 0.0, 0.0, 0.0, 0.0, 0.0, 0.0, 0.0, 0.0, 0.0, 0.0, 0.0, 0.0, 0.0, 0.0, 0.0, 0.0, 0.0, 0.0, 0.0, 0.0], [0.0, 0.0, 0.0, 0.0, 0.0, 0.0, 0.0, 0.0, 0.0, 0.0, 0.0, 0.0, 0.0, 0.0, 0.0, 0.8880929427757798, 0.0, 0.0, 0.0, 0.0, 0.0, 0.0, 0.0, 0.0, 0.0, 0.0, 0.0, 0.0, 0.0, 0.0, 0.0, 0.0, 0.0, 0.0, 0.0, 0.0, 0.0, 0.0, 0.0, 0.0, 0.0, 0.0, 0.0, 0.0], [0.0, 0.0, 0.0, 0.0, 0.0, 0.0, 0.0, 0.0, 0.0, 0.0, 0.0, 0.0, 0.0, 0.0, 0.0, 0.0, 0.9659831871860458, 0.0, 0.0, 0.0, 0.0, 0.0, 0.0, 0.0, 0.0, 0.0, 0.0, 0.0, 0.0, 0.0, 0.0, 0.0, 0.0, 0.0, 0.0, 0.0, 0.0, 0.0, 0.0, 0.0, 0.0, 0.0, 0.0, 0.0], [0.0, 0.0, 0.0, 0.0, 0.0, 0.0, 0.0, 0.0, 0.0, 0.0, 0.0, 0.0, 0.0, 0.0, 0.0, 0.0, 0.0, 0.9686072671767378, 0.0, 0.0, 0.0, 0.0, 0.0, 0.0, 0.0, 0.0, 0.0, 0.0, 0.0, 0.0, 0.0, 0.0, 0.0, 0.0, 0.0, 0.0, 0.0, 0.0, 0.0, 0.0, 0.0, 0.0, 0.0, 0.0], [0.0, 0.0, 0.0, 0.0, 0.0, 0.0, 0.0, 0.0, 0.0, 0.0, 0.0, 0.0, 0.0, 0.0, 0.0, 0.0, 0.0, 0.0, 0.0, 0.9639546012723823, 0.0, 0.0, 0.0, 0.0, 0.0, 0.0, 0.0, 0.0, 0.0, 0.0, 0.0, 0.0, 0.0, 0.0, 0.0, 0.0, 0.0, 0.0, 0.0, 0.0, 0.0, 0.0, 0.0, 0.0], [0.0, 0.0, 0.0, 0.0, 0.0, 0.0, 0.0, 0.0, 0.0, 0.0, 0.0, 0.0, 0.0, 0.0, 0.0, 0.0, 0.0, 0.0, 0.0, 0.0, 0.9702050672118532, 0.0, 0.0, 0.0, 0.0, 0.0, 0.0, 0.0, 0.0, 0.0, 0.0, 0.0, 0.0, 0.0, 0.0, 0.0, 0.0, 0.0, 0.0, 0.0, 0.0, 0.0, 0.0, 0.0], [0.0, 0.0, 0.0, 0.0, 0.0, 0.0, 0.0, 0.0, 0.0, 0.0, 0.0, 0.0, 0.0, 0.0, 0.0, 0.0, 0.0, 0.0, 0.0, 0.0, 0.0, 0.9704915948245478, 0.0, 0.0, 0.0, 0.0, 0.0, 0.0, 0.0, 0.0, 0.0, 0.0, 0.0, 0.0, 0.0, 0.0, 0.0, 0.0, 0.0, 0.0, 0.0, 0.0, 0.0, 0.0], [0.0, 0.0, 0.0, 0.0, 0.0, 0.0, 0.0, 0.0, 0.0, 0.0, 0.0, 0.0, 0.0, 0.0, 0.0, 0.0, 0.0, 0.0, 0.0, 0.0, 0.0, 0.0, 0.9706174542283735, 0.0, 0.0, 0.0, 0.0, 0.0, 0.0, 0.0, 0.0, 0.0, 0.0, 0.0, 0.0, 0.0, 0.0, 0.0, 0.0, 0.0, 0.0, 0.0, 0.0, 0.0], [0.0, 0.0, 0.0, 0.0, 0.0, 0.0, 0.0, 0.0, 0.0, 0.0, 0.0, 0.0, 0.0, 0.0, 0.0, 0.0, 0.0, 0.0, 0.0, 0.0, 0.0, 0.0, 0.0, 0.9684321816052723, 0.0, 0.0, 0.0, 0.0, 0.0, 0.0, 0.0, 0.0, 0.0, 0.0, 0.0, 0.0, 0.0, 0.0, 0.0, 0.0, 0.0, 0.0, 0.0, 0.0]], "Born radii": [], "Atomic SASAs": [], "Solvent H bonds": [], "Total SASA": NaN, "Total FOD": 0.0, "FOD": [0.0, 0.0, 0.0, 0.0, 0.0, 0.0, 0.0, 0.0, 0.0, 0.0, 0.0, 0.0, 0.0, 0.0, 0.0, 0.0, 0.0, 0.0, 0.0, 0.0, 0.0, 0.0, 0.0, 0.0, 0.0, 0.0, 0.0, 0.0, 0.0, 0.0, 0.0, 0.0, 0.0, 0.0, 0.0, 0.0, 0.0, 0.0, 0.0, 0.0, 0.0, 0.0, 0.0, 0.0], "FOD s proportion": [0.0, 0.0, 0.0, 0.0, 0.0, 0.0, 0.0, 0.0, 0.0, 0.0, 0.0, 0.0, 0.0, 0.0, 0.0, 0.0, 0.0, 0.0, 0.0, 0.0, 0.0, 0.0, 0.0, 0.0, 0.0, 0.0, 0.0, 0.0, 0.0, 0.0, 0.0, 0.0, 0.0, 0.0, 0.0, 0.0, 0.0, 0.0, 0.0, 0.0, 0.0, 0.0, 0.0, 0.0], "FOD p proportion": [0.0, 0.0, 0.0, 0.0, 0.0, 0.0, 0.0, 0.0, 0.0, 0.0, 0.0, 0.0, 0.0, 0.0, 0.0, 0.0, 0.0, 0.0, 0.0, 0.0, 0.0, 0.0, 0.0, 0.0, 0.0, 0.0, 0.0, 0.0, 0.0, 0.0, 0.0, 0.0, 0.0, 0.0, 0.0, 0.0, 0.0, 0.0, 0.0, 0.0, 0.0, 0.0, 0.0, 0.0], "FOD d proportion": [0.0, 0.0, 0.0, 0.0, 0.0, 0.0, 0.0, 0.0, 0.0, 0.0, 0.0, 0.0, 0.0, 0.0, 0.0, 0.0, 0.0, 0.0, 0.0, 0.0, 0.0, 0.0, 0.0, 0.0, 0.0, 0.0, 0.0, 0.0, 0.0, 0.0, 0.0, 0.0, 0.0, 0.0, 0.0, 0.0, 0.0, 0.0, 0.0, 0.0, 0.0, 0.0, 0.0, 0.0], "coordinates": [["4.39810", "1.20320", "-2.27130"], ["4.42330", "0.43000", "-0.96240"], ["3.00940", "0.13750", "-0.45800"], ["3.04330", "-0.64150", "0.86390"], ["1.66240", "-0.97450", "1.42910"], ["0.83800", "-1.82460", "0.50120"], ["1.21210", "-2.90190", "0.05950"], ["-0.40190", "-1.18230", "0.35960"], ["-0.37100", "0.09110", "0.99250"], ["0.82660", "0.24380", "1.71130"], ["1.21000", "1.18450", "2.39220"], ["-1.05030", "1.23150", "0.45410"], ["-1.14590", "2.42410", "1.18640"], ["-1.81580", "3.53660", "0.66700"], ["-2.39620", "3.46790", "-0.59090"], ["-3.03950", "4.57420", "-1.05710"], ["-2.31740", "2.30290", "-1.34100"], ["-1.64680", "1.19100", "-0.81840"], ["-1.61240", "-1.92470", "0.17860"], ["-1.63460", "-3.09390", "-0.59550"], ["-2.81840", "-3.81660", "-0.77920"], ["-4.00160", "-3.38210", "-0.19070"], ["-4.00160", "-2.22570", "0.58200"], ["-2.81750", "-1.50400", "0.76500"], ["3.88740", "2.16380", "-2.14970"], ["5.41840", "1.40190", "-2.61390"], ["3.88180", "0.63580", "-3.05220"], ["4.97370", "1.01030", "-0.21270"], ["4.96800", "-0.50970", "-1.11030"], ["2.46700", "-0.43640", "-1.21830"], ["2.47280", "1.08370", "-0.32260"], ["3.60180", "-1.57390", "0.71190"], ["3.60130", "-0.05620", "1.60570"], ["1.76480", "-1.52410", "2.37290"], ["-0.72320", "2.50980", "2.18450"], ["-1.88350", "4.45180", "1.24900"], ["-3.38220", "4.38620", "-1.94620"], ["-2.76320", "2.23670", "-2.32870"], ["-1.58490", "0.30210", "-1.44070"], ["-0.73940", "-3.45920", "-1.09280"], ["-2.81100", "-4.71920", "-1.38560"], ["-4.92050", "-3.94520", "-0.33210"], ["-4.92170", "-1.88430", "1.05010"], ["-2.85990", "-0.62030", "1.39610"]], "bond_dist": [[0.0, 1.5204251017396417, 2.5203692328704546, 3.881736746612269, 5.091109107061055, 5.434026232914229, 5.695179597694879, 5.970950096927624, 5.885020956632185, 5.434810334317105, 5.649120599703993, 6.092098867385526, 6.64697089658139, 7.258850849824647, 7.356298168236521, 8.255653602229202, 6.868241290898275, 6.217063877748081, 7.204989845239201, 7.593868799235341, 8.91642454686855, 9.793305496102938, 9.51071165528637, 8.2832923943321, 1.0946932949461234, 1.0944718086821603, 1.0946749563226519, 2.14624316655872, 2.14633022156424, 2.7434001476270287, 2.741986876336209, 4.15281354505593, 4.153565648933456, 5.995083637448272, 6.912963972855638, 7.899646359806242, 8.412505399701091, 7.235719362993566, 6.107222492262748, 7.037097573573924, 9.371787932940011, 10.821405877241643, 10.364508008101495, 8.333878989402235], [1.5204251017396417, 0.0, 1.5294079965790688, 2.5274263470969833, 3.9133695595995026, 4.481040304438245, 4.738949531278003, 5.256400891294347, 5.1886221398363555, 4.485486932318497, 4.706156425364546, 5.710444068546684, 6.2936289126385585, 7.157672577730837, 7.474786211658498, 8.536787778198542, 7.006292090685344, 6.119311318277572, 6.578462402415933, 7.0178799669130845, 8.396987119794813, 9.27936244092233, 8.967544472150669, 7.691128096709871, 2.168624573318305, 2.1592280727148765, 2.1686032209696635, 1.0962382678961722, 1.096179086645973, 2.1548186605837625, 2.1543254118168873, 2.7374729131080002, 2.7399292052898008, 4.691519492659069, 6.3808314426883275, 7.8000571433804256, 8.805975876074157, 7.535033034433227, 6.028565048168595, 6.465009829072188, 8.889795012822287, 10.33664605033954, 9.835403689732313, 7.727266954104796], [2.5203692328704546, 1.5294079965790688, 0.0, 1.534734446085055, 2.571400281947562, 3.0797530761410075, 3.56875971452268, 3.747974051404305, 3.6787507893305302, 3.0792495871559358, 3.529545211496801, 4.302316410958171, 5.019871413691789, 6.008499051343855, 6.350569890175211, 7.5254514090518185, 5.8175118736449525, 4.7874783393765865, 5.100878712535715, 5.659292200443445, 7.049916956248492, 7.849404719467585, 7.471307465229897, 6.176003146048422, 2.7818383454111784, 3.4712956039496263, 2.7819522443780373, 2.1634293193908603, 2.163441029933564, 1.096182037802116, 1.096160189023484, 2.156036579003241, 2.1556258928673127, 3.510546756560864, 5.151981783741087, 6.7429595801843565, 7.817847625145939, 6.420986675737616, 4.701104651036817, 5.233805820815289, 7.637082742120842, 8.920067494699802, 8.322522938388335, 6.20166349780444], [3.881736746612269, 2.5274263470969833, 1.534734446085055, 0.0, 1.5287984988218688, 2.528759575364965, 3.018238055554929, 3.52366090451394, 3.494379087906749, 2.5329038157814048, 3.0051565316968096, 4.520356844321032, 5.201087025805279, 6.411407180175035, 6.970779845182316, 8.239795102428216, 6.501398300365852, 5.308976130102677, 4.877681910498059, 5.479677228633088, 6.865898667326805, 7.632410204516002, 7.226325017600579, 5.924750129752308, 4.202855917111601, 4.680990964528772, 4.2036194820654265, 2.7593395876549884, 2.7603092163741367, 2.170194585745711, 2.1701538056091785, 1.0974497756161783, 1.0973638093175846, 2.1657853102281397, 5.085390673291482, 7.096715095028122, 8.629106532544373, 7.224415010919569, 5.255644333476154, 5.106557301157014, 7.480689542415191, 8.704421872244014, 8.063525735061555, 5.927179474252488], [5.091109107061055, 3.9133695595995026, 2.571400281947562, 1.5287984988218688, 0.0, 1.5044280574357818, 2.406957625302116, 2.3341691412577625, 2.3368437003787825, 1.5041453952327881, 2.4069707871098065, 3.6298487971264035, 4.415420041173886, 5.747059670822985, 6.347247570404041, 7.6861645662840195, 5.852658610409461, 4.548785677518782, 3.6319341032017634, 4.411470335387058, 5.747320239903115, 6.364054195243783, 5.862079481719776, 4.559704274402014, 5.254270770525631, 6.008382640944234, 5.253651315037952, 4.1951931981733575, 4.194232082276803, 2.8188046278520265, 2.8215932183785815, 2.1528884225616522, 2.1526252948434847, 1.0969523052530588, 4.289762582008473, 6.484641432646836, 8.098008628051714, 6.634666656283494, 4.517788938186467, 4.278125400219119, 6.477393128412077, 7.433804970538304, 6.6574582124111, 4.53626982552846], [5.434026232914229, 4.481040304438245, 3.0797530761410075, 2.528759575364965, 1.5044280574357818, 0.0, 1.222957476775051, 1.40354973549212, 2.317965310353026, 2.396403665912736, 3.5733664533601925, 3.5927207670510657, 4.738861671329941, 5.98436375231319, 6.297879666999045, 7.64250918089079, 5.512395690623089, 4.124247635630043, 2.4735704821168936, 2.987913007435123, 4.356231068251545, 5.130912201548571, 4.856865039302615, 3.6790019094857778, 5.677450636509312, 6.4104769260952805, 5.286297206930386, 5.0646150603969895, 4.62415335602097, 2.745436302302423, 3.436484594756682, 2.783134100254603, 3.461644941353749, 2.1100993768066942, 4.904882026104195, 6.881784946509155, 7.897714317446535, 6.121366933945391, 3.7635452581309554, 2.7750574624681197, 5.025328287783794, 6.192871345345388, 5.786103990596782, 3.990695291550083], [5.695179597694879, 4.738949531278003, 3.56875971452268, 3.018238055554929, 2.406957625302116, 1.222957476775051, 0.0, 2.377410391581563, 3.5120853648509174, 3.5738609346195886, 4.705333002030781, 4.728547184918429, 5.9326506394696805, 7.14083446874383, 7.349639521092174, 8.672656417153858, 6.442725629731566, 5.069107222184199, 2.9911377266852823, 2.927386187369203, 4.2172294258197525, 5.241742054889767, 5.283267964054065, 4.323139000772471, 6.13996019693939, 6.5850377136353595, 5.4152835816788025, 5.434062590732646, 4.604110955439714, 3.047332784583922, 4.197662713939747, 2.8106717791303915, 4.024552095575357, 2.748750568894893, 6.127602139499594, 8.066880022660557, 8.845723632920034, 6.921829186710692, 4.509925170110918, 2.3338232216686845, 4.645021734071865, 6.233025606396945, 6.296054364441273, 4.8552427457337295], [5.970950096927624, 5.256400891294347, 3.747974051404305, 3.52366090451394, 2.3341691412577625, 1.40354973549212, 2.377410391581563, 0.0, 1.4223448175460125, 2.317340361276263, 3.5116131065366525, 2.501156382555877, 3.774023741313772, 4.935749707997762, 5.1483048452864555, 6.488548751454365, 4.325251397317849, 2.927458436938089, 1.4315128396210774, 2.4669778799170454, 3.751782800216452, 4.254384822744647, 3.754462066661481, 2.4704176590204336, 5.9909153048595165, 7.028206313135665, 5.770264512134604, 5.833703575774141, 5.607924997715287, 3.358083148166525, 3.7234463780213085, 4.03820251349533, 4.341252890583547, 2.9773802276498045, 4.130992145962033, 5.89315312290458, 6.723622087833313, 4.948965101917773, 2.6161063529604447, 2.721699031854919, 4.621595769861314, 5.341330476576037, 4.625817364531375, 2.7261585152004644], [5.885020956632185, 5.1886221398363555, 3.6787507893305302, 3.494379087906749, 2.3368437003787825, 2.317965310353026, 3.5120853648509174, 1.4223448175460125, 0.0, 1.4050752613294422, 2.3778655660066232, 1.432422846089799, 2.4659594927735533, 3.75031565871461, 4.243980306269105, 5.605349054251661, 3.758424463787985, 2.4732174307973818, 2.5033890648478914, 3.7765929036633006, 4.939514848646576, 5.161815265969909, 4.326352834663395, 2.9294133388786228, 5.683614755593486, 6.945607961870581, 5.894285709057544, 5.555470616428458, 5.7695449976579605, 3.635950617101393, 3.2866306774567784, 4.316723433346176, 4.022049082246511, 3.0126428331284143, 2.719378335208251, 4.6226781187965065, 6.012584065108778, 4.621319036811893, 2.727368044470713, 4.133863173836309, 5.894738815248729, 6.224486573204251, 4.9612894906465606, 2.619848493711039], [5.434810334317105, 4.485486932318497, 3.0792495871559358, 2.5329038157814048, 1.5041453952327881, 2.396403665912736, 3.5738609346195886, 2.317340361276263, 1.4050752613294422, 0.0, 1.2229214447379684, 2.465533763711217, 2.9866342846086797, 4.349180622830007, 5.106993782060049, 6.431417567690657, 4.841607594590871, 3.6625506808780135, 3.6055904564994616, 4.745426531935775, 5.997954935642648, 6.33058212568165, 5.539428127523634, 4.15087380439348, 5.287931319523732, 6.41351525218425, 5.672639887213007, 4.635486669164306, 5.067581550404492, 3.425805067425758, 2.748118567311098, 3.464760985984459, 2.7928679614331933, 2.1079383790803754, 2.7857771411223835, 5.026492544508546, 6.946278244498991, 5.760200903614387, 3.969110119409639, 4.901789653789725, 6.888707597946077, 7.399483966466851, 6.1651397340206335, 3.7995134030557125], [5.649120599703993, 4.706156425364546, 3.529545211496801, 3.0051565316968096, 2.4069707871098065, 3.5733664533601925, 4.705333002030781, 3.5116131065366525, 2.3778655660066232, 1.2229214447379684, 0.0, 2.977817438997898, 2.922469265877744, 4.202874622207996, 5.207444633407061, 6.437855763373392, 5.256439057004276, 4.297592448103938, 4.7469033442866735, 5.943299337068596, 7.162177443347797, 7.394997128464622, 6.485912629692139, 5.108480042047732, 5.3624952083894675, 6.543617541543822, 6.089423477637271, 4.580533521326965, 5.409286818980854, 4.152478303374986, 2.9958243473207835, 4.019065300539418, 2.8064629749918315, 2.7649031610528425, 2.3530451801867294, 4.642402156211803, 7.082435900874784, 6.259420092149112, 4.825061469038504, 6.1244865131699004, 8.080463323968496, 8.445037763681107, 6.986881331466851, 4.562192922268852], [6.092098867385526, 5.710444068546684, 4.302316410958171, 4.520356844321032, 3.6298487971264035, 3.5927207670510657, 4.728547184918429, 2.501156382555877, 1.432422846089799, 2.465533763711217, 2.977817438997898, 0.0, 1.4027463812108019, 2.438196601999109, 2.811575496051991, 4.17304269927831, 2.4445499340369388, 1.4059547467824132, 3.217678526515662, 4.489114813635312, 5.489127445232074, 5.514639035331324, 4.547390673782053, 3.271485121470064, 5.659491056623378, 7.161406276004734, 6.080675011049349, 6.064827093990397, 6.457480908992299, 4.236768988273965, 3.6107258743914636, 5.438636263807316, 4.962029464846012, 4.3817705108779945, 2.1760812163152363, 3.420002973682918, 4.599057489312348, 3.41883449292299, 2.1771193260820594, 4.948962003289174, 6.472664912537957, 6.511127503743111, 5.005113744961247, 2.755209502016135], [6.64697089658139, 6.2936289126385585, 5.019871413691789, 5.201087025805279, 4.415420041173886, 4.738861671329941, 5.9326506394696805, 3.774023741313772, 2.4659594927735533, 2.9866342846086797, 2.922469265877744, 1.4027463812108019, 0.0, 1.3986417053698919, 2.4107185277422993, 3.63894809251245, 2.788342240471926, 2.4063789103131703, 4.488356551122026, 5.81913389603642, 6.753308529898512, 6.615390036876133, 5.4900784957958475, 4.289731242164246, 6.04412344265072, 7.653574813118378, 6.8148011078827535, 6.4347350691384335, 7.159733691974863, 5.1978927220557365, 4.143518173002262, 6.22493450086023, 5.372486241955395, 5.046606778816831, 1.0873009656944115, 2.158596722410187, 4.32019176194761, 3.873848998089626, 3.4054749169535814, 6.322437329068593, 7.772675015720135, 7.557872048400925, 5.730406084214278, 3.5000202070845248], [7.258850849824647, 7.157672577730837, 6.008499051343855, 6.411407180175035, 5.747059670822985, 5.98436375231319, 7.14083446874383, 4.935749707997762, 3.75031565871461, 4.349180622830007, 4.202874622207996, 2.438196601999109, 1.3986417053698919, 0.0, 1.387045875232683, 2.3551170374314734, 2.4094983399039727, 2.781512811403176, 5.486866483704519, 6.75205671925229, 7.560836689150216, 7.3062836394435156, 6.163525608772952, 5.140102649753213, 6.507293521119206, 8.225259785563008, 7.396602939187692, 7.297490940727505, 8.096374584960852, 6.138522699314551, 5.038662176609978, 7.447792694483379, 6.567674012921166, 6.429733716103645, 2.1332836778075253, 1.0866914603510975, 3.162948523134703, 3.4002242955428694, 3.8675191466882235, 7.2936102610435665, 8.565151688090527, 8.161782534471254, 6.259355975657559, 4.347591198583418], [7.356298168236521, 7.474786211658498, 6.350569890175211, 6.970779845182316, 6.347247570404041, 6.297879666999045, 7.349639521092174, 5.1483048452864555, 4.243980306269105, 5.106993782060049, 5.207444633407061, 2.811575496051991, 2.4107185277422993, 1.387045875232683, 0.0, 1.3620121218256467, 1.38783444617865, 2.4078268666995144, 5.503326943767743, 6.605851569631277, 7.299154059204396, 7.046982985647119, 6.030761521565912, 5.170662250621287, 6.604101998758044, 8.332398103787408, 7.313827458998469, 7.778062677170967, 8.385852357393373, 6.268006340934891, 5.428034223363003, 7.943112682066143, 7.294815872933326, 7.142695250393929, 3.379309066954368, 2.148523332430905, 1.9111015096012036, 2.161131944144087, 3.3767821028310374, 7.140140352962258, 8.236031419318408, 7.835376158168796, 6.141422969475396, 4.569088085165355], [8.255653602229202, 8.536787778198542, 7.5254514090518185, 8.239795102428216, 7.6861645662840195, 7.64250918089079, 8.672656417153858, 6.488548751454365, 5.605349054251661, 6.431417567690657, 6.437855763373392, 4.17304269927831, 3.63894809251245, 2.3551170374314734, 1.3620121218256467, 0.0, 2.4001731833349025, 3.6664196731961822, 6.7675158004987335, 7.809390256607747, 8.39831163151261, 8.06095497196207, 7.060518764935052, 6.349318676047061, 7.4152374560765075, 9.166416199366031, 8.209495250013854, 8.810548723547246, 9.48519507970184, 7.4467200867227445, 6.5657087804745045, 9.221461939410691, 8.522401811696044, 8.487370698867817, 4.487199974371546, 2.582521049284981, 0.9712291696607965, 2.6752970863064913, 4.529221625180203, 8.356270104538268, 9.302010968602435, 8.754653754432555, 7.049481607182191, 5.747458277360524], [6.868241290