{"total energy": -36.70579246, "HOMO-LUMO gap/eV": 11.68468572, "electronic energy": -37.18721297, "dipole": [-0.08169887, -0.64831641, -0.2344677], "partial charges": [-0.10009624, -0.05186415, -0.05842732, -0.05808542, -0.05817189, -0.05822742, -0.05856426, -0.06049808, -0.06305375, 0.08628357, -0.44687355, 0.03230939, 0.03230098, 0.03110985, 0.02834723, 0.02835703, 0.03006576, 0.03006831, 0.02861472, 0.02862495, 0.02986458, 0.02988329, 0.02953116, 0.02956178, 0.03260577, 0.03260234, 0.03035404, 0.0303699, 0.04763245, 0.0476426, 0.01694424, 0.01695529, 0.28383287], "atomic dipole moments": [[0.08063452, -0.0580329, -0.01884434], [0.00829978, 0.10344016, 0.03726843], [-0.00495538, -0.10343524, -0.03721219], [0.00819287, 0.10164858, 0.03667651], [-0.00483222, -0.10348637, -0.03725374], [0.00980883, 0.10319808, 0.0372913], [-6.044e-05, -0.10727498, -0.03847688], [0.01599257, 0.10309106, 0.03737449], [0.00480784, -0.1255851, -0.04492951], [0.11088432, 0.1486551, 0.05598166], [-0.09606513, -0.20889277, -0.07724431], [0.00048009, 0.10383302, -0.07122724], [-0.00422223, 0.03494879, 0.12090406], [-0.10477612, -0.06250337, -0.02496259], [-0.01043789, -0.10268035, 0.06771433], [-0.00591985, -0.0361507, -0.11787781], [0.00254043, 0.03740929, 0.11836391], [0.00705844, 0.10402125, -0.06741863], [-0.00236025, -0.03726576, -0.11819738], [-0.00688554, -0.10382825, 0.06737028], [0.00224805, 0.03729303, 0.11830285], [0.00677122, 0.10389889, -0.06745505], [-0.00243921, -0.03724746, -0.11816961], [-0.00695842, -0.10377861, 0.06735457], [0.00215367, 0.03736013, 0.11857747], [0.00672538, 0.10414352, -0.06763102], [-0.00246267, -0.03715646, -0.11800379], [-0.00698206, -0.10359556, 0.06729727], [0.00468999, 0.04244661, 0.11874497], [0.00916664, 0.10812352, -0.06440873], [0.00764462, -0.09408382, 0.07012713], [0.01210954, -0.02826391, -0.11349648], [0.0517414, -0.05619194, -0.01888597]], "atomic quadrupole moments": [[0.11427672, -0.15541315, 0.00058865, -0.04976619, 0.04264248, -0.11486537], [0.22963968, -0.0278823, -0.02124327, 0.0013461, 0.07621368, -0.20839641], [0.23632846, -0.01846315, -0.02088107, 0.00506269, 0.0795903, -0.21544739], [0.2354266, -0.01571792, -0.02155258, 0.0060135, 0.07878186, -0.21387402], [0.23598368, -0.0184425, -0.0208672, 0.00508219, 0.07948317, -0.21511649], [0.23565758, -0.01444134, -0.02112124, 0.00650252, 0.07927222, -0.21453633], [0.23746104, -0.02178159, -0.01977641, 0.004044, 0.08088786, -0.21768463], [0.23677567, -0.00774433, -0.02371338, 0.00888683, 0.07778002, -0.21306229], [0.25488284, -0.03870496, -0.02832184, -0.00141291, 0.08046769, -0.226561], [0.35268945, 0.18320729, -0.03209325, 0.08323483, 0.12465747, -0.3205962], [0.10009385, 0.10433786, 0.00887514, 0.04298454, 0.0518332, -0.10896899], [-0.03609761, 0.00239941, 0.03609347, -0.01723962, -0.05859818, 4.13e-06], [-0.03749295, -0.01032224, -0.0356726, 0.01055606, 0.02836309, 0.07316556], [0.04559132, 0.04833497, 0.00126545, 0.01978916, 0.02135771, -0.04685677], [-0.01712387, -0.00019698, 0.01663965, -0.00171483, -0.04768473, 0.00048422], [-0.01716507, -0.00228726, -0.03662848, -0.00161113, 0.01703407, 0.05379355], [-0.02037648, -0.00095351, -0.0345521, 0.00092796, 0.01553248, 0.05492858], [-0.02014875, 0.00246963, 0.01677855, -0.00308489, -0.04681163, 0.0033702], [-0.02001751, -0.00103576, -0.03472447, 0.00088857, 0.01552091, 0.05474197], [-0.01979294, 0.0023532, 0.01657841, -0.00307455, -0.04681473, 0.00321454], [-0.01995179, -0.00093339, -0.03470627, 0.00104699, 0.01553884, 0.05465806], [-0.01972377, 0.00254131, 0.01656817, -0.00312747, -0.04675786, 0.0031556], [-0.02009469, -0.00103671, -0.03466796, 0.00078739, 0.01550652, 0.05476265], [-0.01989085, 0.00230067, 0.01661589, -0.0030049, -0.04681386, 0.00327496], [-0.0197676, -0.00076284, -0.0345728, 0.00121274, 0.01547839, 0.0543404], [-0.01951818, 0.00272828, 0.01644497, -0.00312317, -0.04649849, 0.00307321], [-0.02048344, -0.00101372, -0.03439946, 0.00064949, 0.01550194, 0.05488289], [-0.02028768, 0.00222863, 0.01682956, -0.00290502, -0.04673316, 0.00345812], [-0.02540548, -0.00164959, -0.0329355, -0.00023723, 0.01160134, 0.05834098], [-0.02524236, 0.00122914, 0.01530222, -0.00311909, -0.04700543, 0.00994014], [-0.00510322, 0.01491163, 0.01388575, 0.00057418, -0.03933531, -0.00878252], [-0.00547117, 0.01060776, -0.03422481, 0.00737818, 0.01905275, 0.03969598], [0.07294033, -0.08209403, 0.00833831, -0.02538816, 0.03432233, -0.08127864]], "number of molecular orbitals": 66, "number of electrons": 68, "number of unpaired electrons": 0, "orbital energies/eV": [-18.59781456, -17.13940189, -16.95997163, -16.84403718, -16.62565635, -16.28635493, -15.83478352, -15.5665558, -15.28317401, -15.13746005, -14.99328043, -14.87355449, -14.52921112, -14.21240335, -13.90520034, -13.90329009, -13.52649441, -13.44672663, -13.28126618, -12.96845805, -12.88278744, -12.7696197, -12.34392701, -12.30627656, -12.16315107, -11.94749202, -11.8495201, -11.84294988, -11.70316969, -11.55646296, -11.42416568, -11.37526557, -11.2391792, -11.06783645, 0.61684927, 1.57491677, 2.5482208, 2.68158573, 2.83387743, 3.0283191, 3.07467291, 3.40910703, 3.51569874, 3.71865935, 3.86486936, 3.87270407, 4.19888167, 4.30550633, 4.67679242, 4.80421007, 4.9104257, 4.97831502, 5.07541328, 5.54872874, 5.7254122, 6.12802206, 6.19509289, 6.54481685, 6.75394633, 6.96243295, 7.23032935, 7.26529761, 7.40808344, 7.80122204, 8.260218, 8.58042555], "fractional occupation": [2.0, 2.0, 2.0, 2.0, 2.0, 2.0, 2.0, 2.0, 2.0, 2.0, 2.0, 2.0, 2.0, 2.0, 2.0, 2.0, 2.0, 2.0, 2.0, 2.0, 2.0, 2.0, 2.0, 2.0, 2.0, 2.0, 2.0, 2.0, 2.0, 2.0, 2.0, 2.0, 2.0, 2.0, 0.0, 0.0, 0.0, 0.0, 0.0, 0.0, 0.0, 0.0, 0.0, 0.0, 0.0, 0.0, 0.0, 0.0, 0.0, 0.0, 0.0, 0.0, 0.0, 0.0, 0.0, 0.0, 0.0, 0.0, 0.0, 0.0, 0.0, 0.0, 0.0, 0.0, 0.0, 0.0], "program call": "xtb /home/svss/Project-DBcg-Debug/aqme2_20220329/End-to-End-workflows-final/example-3/QDESCP/mol_1063_rdkit_conf_1/mol_1063_rdkit_conf_1.xyz --pop --wbo --acc 0.2 --gfn 2 --chrg 0 --uhf 0 --etemp 300 --input /home/svss/Project-DBcg-Debug/aqme2_20220329/End-to-End-workflows-final/example-3/QDESCP/mol_1063_rdkit_conf_1/mol_1063_rdkit_conf_1_xtb.inp", "method": "GFN2-xTB", "xtb version": "6.3.3 (7355c4f)", "Dipole module/D": 1.765, "Total charge": 0, "Transition dipole module/D": NaN, "HOMO": -11.0678, "LUMO": 0.6168, "HOMO occupancy": 2.0, "LUMO occupancy": 0, "mulliken charges": [-0.08349, -0.03849, -0.04658, -0.04548, -0.04524, -0.04565, -0.04398, -0.05038, -0.0534, 0.19973, -0.56933, 0.02671, 0.02671, 0.02798, 0.02187, 0.02188, 0.0228, 0.02281, 0.02234, 0.02235, 0.02314, 0.02315, 0.02247, 0.02249, 0.02449, 0.02449, 0.02156, 0.02157, 0.03676, 0.03676, 0.00749, 0.00749, 0.33499], "cm5 charges": [-0.23382, -0.15099, -0.1572, -0.15617, -0.15595, -0.15637, -0.15465, -0.16074, -0.1606, 0.11262, -0.7832, 0.07801, 0.078, 0.07876, 0.07657, 0.07658, 0.07813, 0.07814, 0.0777, 0.07771, 0.07849, 0.07851, 0.07782, 0.07785, 0.07985, 0.07985, 0.07698, 0.07699, 0.09399, 0.094, 0.07, 0.07002, 0.50311], "FUKUI+": [0.005, -0.009, -0.011, -0.012, -0.012, -0.012, -0.009, -0.016, -0.007, -0.013, -0.085, -0.022, -0.022, -0.039, -0.025, -0.025, -0.029, -0.029, -0.032, -0.032, -0.034, -0.034, -0.035, -0.035, -0.037, -0.036, -0.039, -0.039, -0.041, -0.041, -0.052, -0.052, -0.087], "FUKUI-": [0.014, 0.004, 0.005, 0.006, 0.005, 0.004, 0.006, 0.009, 0.009, 0.016, -0.088, -0.045, -0.045, -0.048, -0.059, -0.059, -0.051, -0.051, -0.038, -0.038, -0.035, -0.035, -0.035, -0.035, -0.032, -0.032, -0.031, -0.031, -0.049, -0.049, -0.075, -0.075, -0.043], "FUKUIrad": [0.01, -0.002, -0.003, -0.003, -0.004, -0.004, -0.002, -0.004, 0.001, 0.002, -0.087, -0.033, -0.033, -0.043, -0.042, -0.042, -0.04, -0.04, -0.035, -0.035, -0.034, -0.034, -0.035, -0.035, -0.034, -0.034, -0.035, -0.035, -0.045, -0.045, -0.064, -0.064, -0.065], "s proportion": [1.007, 1.027, 1.032, 1.032, 1.032, 1.032, 1.032, 1.032, 1.033, 0.991, 1.695, 0.973, 0.973, 0.972, 0.978, 0.978, 0.977, 0.977, 0.978, 0.978, 0.977, 0.977, 0.978, 0.978, 0.976, 0.976, 0.978, 0.978, 0.963, 0.963, 0.993, 0.993, 0.665], "p proportion": [3.076, 3.011, 3.014, 3.013, 3.013, 3.013, 3.012, 3.018, 3.02, 2.809, 4.874, 0.0, 0.0, 0.0, 0.0, 0.0, 0.0, 0.0, 0.0, 0.0, 0.0, 0.0, 0.0, 0.0, 0.0, 0.0, 0.0, 0.0, 0.0, 0.0, 0.0, 0.0, 0.0], "d proportion": [0.0, 0.0, 0.0, 0.0, 0.0, 0.0, 0.0, 0.0, 0.0, 0.0, 0.0, 0.0, 0.0, 0.0, 0.0, 0.0, 0.0, 0.0, 0.0, 0.0, 0.0, 0.0, 0.0, 0.0, 0.0, 0.0, 0.0, 0.0, 0.0, 0.0, 0.0, 0.0, 0.0], "Fermi-level/eV": -5.2255, "Coordination numbers": [3.75, 3.8, 3.802, 3.802, 3.802, 3.802, 3.802, 3.802, 3.801, 3.675, 1.653, 0.924, 0.924, 0.924, 0.924, 0.924, 0.924, 0.924, 0.924, 0.924, 0.924, 0.924, 0.924, 0.924, 0.924, 0.924, 0.924, 0.924, 0.924, 0.924, 0.924, 0.924, 0.804], "Dispersion coefficient C6": [22.475, 21.505, 21.624, 21.618, 21.62, 21.621, 21.627, 21.662, 21.711, 19.366, 21.781, 2.554, 2.554, 2.571, 2.61, 2.61, 2.586, 2.586, 2.606, 2.606, 2.589, 2.588, 2.593, 2.593, 2.55, 2.55, 2.582, 2.581, 2.35, 2.35, 2.78, 2.78, 0.772], "Total dispersion C6": 7301.514508, "Total dispersion C8": 151977.935996, "Polarizability alpha": [6.761, 6.603, 6.621, 6.62, 6.62, 6.62, 6.621, 6.626, 6.634, 6.306, 6.3, 2.499, 2.499, 2.507, 2.527, 2.526, 2.515, 2.515, 2.525, 2.525, 2.516, 2.516, 2.518, 2.518, 2.497, 2.497, 2.513, 2.513, 2.397, 2.397, 2.608, 2.607, 1.38], "Total polarizability alpha": 126.446271, "Wiberg matrix": [[0.0, 1.020058954754979, 0.0, 0.0, 0.0, 0.0, 0.0, 0.0, 0.0, 0.0, 0.0, 0.98772140313627, 0.987721485187437, 0.9874195432432324, 0.0, 0.0, 0.0, 0.0, 0.0, 0.0, 0.0, 0.0, 0.0, 0.0, 0.0, 0.0, 0.0, 0.0, 0.0, 0.0, 0.0, 0.0, 0.0], [1.020058954754979, 0.0, 1.0077614477968986, 0.0, 0.0, 0.0, 0.0, 0.0, 0.0, 0.0, 0.0, 0.0, 0.0, 0.0, 0.9781055082870236, 0.9781052443183791, 0.0, 0.0, 0.0, 0.0, 0.0, 0.0, 0.0, 0.0, 0.0, 0.0, 0.0, 0.0, 0.0, 0.0, 0.0, 0.0, 0.0], [0.0, 1.0077614477968986, 0.0, 1.0070819133525397, 0.0, 0.0, 0.0, 0.0, 0.0, 0.0, 0.0, 0.0, 0.0, 0.0, 0.0, 0.0, 0.977199355032095, 0.977199865550017, 0.0, 0.0, 0.0, 0.0, 0.0, 0.0, 0.0, 0.0, 0.0, 0.0, 0.0, 0.0, 0.0, 0.0, 0.0], [0.0, 0.0, 1.0070819133525397, 0.0, 1.0069593490462616, 0.0, 0.0, 0.0, 0.0, 0.0, 0.0, 0.0, 0.0, 0.0, 0.0, 0.0, 0.0, 0.0, 0.9773342600229575, 0.9773361052724456, 0.0, 0.0, 0.0, 0.0, 0.0, 0.0, 0.0, 0.0, 0.0, 0.0, 0.0, 0.0, 0.0], [0.0, 0.0, 0.0, 1.0069593490462616, 0.0, 1.006851441184362, 0.0, 0.0, 0.0, 0.0, 0.0, 0.0, 0.0, 0.0, 0.0, 0.0, 0.0, 0.0, 0.0, 0.0, 0.9772565825446731, 0.9772614007875673, 0.0, 0.0, 0.0, 0.0, 0.0, 0.0, 0.0, 0.0, 0.0, 0.0, 0.0], [0.0, 0.0, 0.0, 0.0, 1.006851441184362, 0.0, 1.0069456173638955, 0.0, 0.0, 0.0, 0.0, 0.0, 0.0, 0.0, 0.0, 0.0, 0.0, 0.0, 0.0, 0.0, 0.0, 0.0, 0.977235222794433, 0.9772393855210302, 0.0, 0.0, 0.0, 0.0, 0.0, 0.0, 0.0, 0.0, 0.0], [0.0, 0.0, 0.0, 0.0, 0.0, 1.0069456173638955, 0.0, 1.0071243421691234, 0.0, 0.0, 0.0, 0.0, 0.0, 0.0, 0.0, 0.0, 0.0, 0.0, 0.0, 0.0, 0.0, 0.0, 0.0, 0.0, 0.9770738753762767, 0.9770754251315756, 0.0, 0.0, 0.0, 0.0, 0.0, 0.0, 0.0], [0.0, 0.0, 0.0, 0.0, 0.0, 0.0, 1.0071243421691234, 0.0, 1.0067205886518313, 0.0, 0.0, 0.0, 0.0, 0.0, 0.0, 0.0, 0.0, 0.0, 0.0, 0.0, 0.0, 0.0, 0.0, 0.0, 0.0, 0.0, 0.9770314574255979, 0.9770348619740328, 0.0, 0.0, 0.0, 0.0, 0.0], [0.0, 0.0, 0.0, 0.0, 0.0, 0.0, 0.0, 1.0067205886518313, 0.0, 1.0063097167511654, 0.0, 0.0, 0.0, 0.0, 0.0, 0.0, 0.0, 0.0, 0.0, 0.0, 0.0, 0.0, 0.0, 0.0, 0.0, 0.0, 0.0, 0.0, 0.9751318681267473, 0.9751326753679659, 0.0, 0.0, 0.0], [0.0, 0.0, 0.0, 0.0, 0.0, 0.0, 0.0, 0.0, 1.0063097167511654, 0.0, 0.9884584978402079, 0.0, 0.0, 0.0, 0.0, 0.0, 0.0, 0.0, 0.0, 0.0, 0.0, 0.0, 0.0, 0.0, 0.0, 0.0, 0.0, 0.0, 0.0, 0.0, 0.9734894396170952, 0.9734914195951692, 0.0], [0.0, 0.0, 0.0, 0.0, 0.0, 0.0, 0.0, 0.0, 0.0, 0.9884584978402079, 0.0, 0.0, 0.0, 0.0, 0.0, 0.0, 0.0, 0.0, 0.0, 0.0, 0.0, 0.0, 0.0, 0.0, 0.0, 0.0, 0.0, 0.0, 0.0, 0.0, 0.0, 0.0, 0.9066417611028488], [0.98772140313627, 0.0, 0.0, 0.0, 0.0, 0.0, 0.0, 0.0, 0.0, 0.0, 0.0, 0.0, 0.0, 0.0, 0.0, 0.0, 0.0, 0.0, 0.0, 0.0, 0.0, 0.0, 0.0, 0.0, 0.0, 0.0, 0.0, 0.0, 0.0, 0.0, 0.0, 0.0, 0.0], [0.987721485187437, 0.0, 0.0, 0.0, 0.0, 0.0, 0.0, 0.0, 0.0, 0.0, 0.0, 0.0, 0.0, 0.0, 0.0, 0.0, 0.0, 0.0, 0.0, 0.0, 0.0, 0.0, 0.0, 0.0, 0.0, 0.0, 0.0, 0.0, 0.0, 0.0, 0.0, 0.0, 0.0], [0.9874195432432324, 0.0, 0.0, 0.0, 0.0, 0.0, 0.0, 0.0, 0.0, 0.0, 0.0, 0.0, 0.0, 0.0, 0.0, 0.0, 0.0, 0.0, 0.0, 0.0, 0.0, 0.0, 0.0, 0.0, 0.0, 0.0, 0.0, 0.0, 0.0, 0.0, 0.0, 0.0, 0.0], [0.0, 0.9781055082870236, 0.0, 0.0, 0.0, 0.0, 0.0, 0.0, 0.0, 0.0, 0.0, 0.0, 0.0, 0.0, 0.0, 0.0, 0.0, 0.0, 0.0, 0.0, 0.0, 0.0, 0.0, 0.0, 0.0, 0.0, 0.0, 0.0, 0.0, 0.0, 0.0, 0.0, 0.0], [0.0, 0.9781052443183791, 0.0, 0.0, 0.0, 0.0, 0.0, 0.0, 0.0, 0.0, 0.0, 0.0, 0.0, 0.0, 0.0, 0.0, 0.0, 0.0, 0.0, 0.0, 0.0, 0.0, 0.0, 0.0, 0.0, 0.0, 0.0, 0.0, 0.0, 0.0, 0.0, 0.0, 0.0], [0.0, 0.0, 0.977199355032095, 0.0, 0.0, 0.0, 0.0, 0.0, 0.0, 0.0, 0.0, 0.0, 0.0, 0.0, 0.0, 0.0, 0.0, 0.0, 0.0, 0.0, 0.0, 0.0, 0.0, 0.0, 0.0, 0.0, 0.0, 0.0, 0.0, 0.0, 0.0, 0.0, 0.0], [0.0, 0.0, 0.977199865550017, 0.0, 0.0, 0.0, 0.0, 0.0, 0.0, 0.0, 0.0, 0.0, 0.0, 0.0, 0.0, 0.0, 0.0, 0.0, 0.0, 0.0, 0.0, 0.0, 0.0, 0.0, 0.0, 0.0, 0.0, 0.0, 0.0, 0.0, 0.0, 0.0, 0.0], [0.0, 0.0, 0.0, 0.9773342600229575, 0.0, 0.0, 0.0, 0.0, 0.0, 0.0, 0.0, 0.0, 0.0, 0.0, 0.0, 0.0, 0.0, 0.0, 0.0, 0.0, 0.0, 0.0, 0.0, 0.0, 0.0, 0.0, 0.0, 0.0, 0.0, 0.0, 0.0, 0.0, 0.0], [0.0, 0.0, 0.0, 0.9773361052724456, 0.0, 0.0, 0.0, 0.0, 0.0, 0.0, 0.0, 0.0, 0.0, 0.0, 0.0, 0.0, 0.0, 0.0, 0.0, 0.0, 0.0, 0.0, 0.0, 0.0, 0.0, 0.0, 0.0, 0.0, 0.0, 0.0, 0.0, 0.0, 0.0], [0.0, 0.0, 0.0, 0.0, 0.9772565825446731, 0.0, 0.0, 0.0, 0.0, 0.0, 0.0, 0.0, 0.0, 0.0, 0.0, 0.0, 0.0, 0.0, 0.0, 0.0, 0.0, 0.0, 0.0, 0.0, 0.0, 0.0, 0.0, 0.0, 0.0, 0.0, 0.0, 0.0, 0.0], [0.0, 0.0, 0.0, 0.0, 0.9772614007875673, 0.0, 0.0, 0.0, 0.0, 0.0, 0.0, 0.0, 0.0, 0.0, 0.0, 0.0, 0.0, 0.0, 0.0, 0.0, 0.0, 0.0, 0.0, 0.0, 0.0, 0.0, 0.0, 0.0, 0.0, 0.0, 0.0, 0.0, 0.0], [0.0, 0.0, 0.0, 0.0, 0.0, 0.977235222794433, 0.0, 0.0, 0.0, 0.0, 0.0, 0.0, 0.0, 0.0, 0.0, 0.0, 0.0, 0.0, 0.0, 0.0, 0.0, 0.0, 0.0, 0.0, 0.0, 0.0, 0.0, 0.0, 0.0, 0.0, 0.0, 0.0, 0.0], [0.0, 0.0, 0.0, 0.0, 0.0, 0.9772393855210302, 0.0, 0.0, 0.0, 0.0, 0.0, 0.0, 0.0, 0.0, 0.0, 0.0, 0.0, 0.0, 0.0, 0.0, 0.0, 0.0, 0.0, 0.0, 0.0, 0.0, 0.0, 0.0, 0.0, 0.0, 0.0, 0.0, 0.0], [0.0, 0.0, 0.0, 0.0, 0.0, 0.0, 0.9770738753762767, 0.0, 0.0, 0.0, 0.0, 0.0, 0.0, 0.0, 0.0, 0.0, 0.0, 0.0, 0.0, 0.0, 0.0, 0.0, 0.0, 0.0, 0.0, 0.0, 0.0, 0.0, 0.0, 0.0, 0.0, 0.0, 0.0], [0.0, 0.0, 0.0, 0.0, 0.0, 0.0, 0.9770754251315756, 0.0, 0.0, 0.0, 0.0, 0.0, 0.0, 0.0, 0.0, 0.0, 0.0, 0.0, 0.0, 0.0, 0.0, 0.0, 0.0, 0.0, 0.0, 0.0, 0.0, 0.0, 0.0, 0.0, 0.0, 0.0, 0.0], [0.0, 0.0, 0.0, 0.0, 0.0, 0.0, 0.0, 0.9770314574255979, 0.0, 0.0, 0.0, 0.0, 0.0, 0.0, 0.0, 0.0, 0.0, 0.0, 0.0, 0.0, 0.0, 0.0, 0.0, 0.0, 0.0, 0.0, 0.0, 0.0, 0.0, 0.0, 0.0, 0.0, 0.0], [0.0, 0.0, 0.0, 0.0, 0.0, 0.0, 0.0, 0.9770348619740328, 0.0, 0.0, 0.0, 0.0, 0.0, 0.0, 0.0, 0.0, 0.0, 0.0, 0.0, 0.0, 0.0, 0.0, 0.0, 0.0, 0.0, 0.0, 0.0, 0.0, 0.0, 0.0, 0.0, 0.0, 0.0], [0.0, 0.0, 0.0, 0.0, 0.0, 0.0, 0.0, 0.0, 0.9751318681267473, 0.0, 0.0, 0.0, 0.0, 0.0, 0.0, 0.0, 0.0, 0.0, 0.0, 0.0, 0.0, 0.0, 0.0, 0.0, 0.0, 0.0, 0.0, 0.0, 0.0, 0.0, 0.0, 0.0, 0.0], [0.0, 0.0, 0.0, 0.0, 0.0, 0.0, 0.0, 0.0, 0.9751326753679659, 0.0, 0.0, 0.0, 0.0, 0.0, 0.0, 0.0, 0.0, 0.0, 0.0, 0.0, 0.0, 0.0, 0.0, 0.0, 0.0, 0.0, 0.0, 0.0, 0.0, 0.0, 0.0, 0.0, 0.0], [0.0, 0.0, 0.0, 0.0, 0.0, 0.0, 0.0, 0.0, 0.0, 0.9734894396170952, 0.0, 0.0, 0.0, 0.0, 0.0, 0.0, 0.0, 0.0, 0.0, 0.0, 0.0, 0.0, 0.0, 0.0, 0.0, 0.0, 0.0, 0.0, 0.0, 0.0, 0.0, 0.0, 0.0], [0.0, 0.0, 0.0, 0.0, 0.0, 0.0, 0.0, 0.0, 0.0, 0.9734914195951692, 0.0, 0.0, 0.0, 0.0, 0.0, 0.0, 0.0, 0.0, 0.0, 0.0, 0.0, 0.0, 0.0, 0.0, 0.0, 0.0, 0.0, 0.0, 0.0, 0.0, 0.0, 0.0, 0.0], [0.0, 0.0, 0.0, 0.0, 0.0, 0.0, 0.0, 0.0, 0.0, 0.0, 0.9066417611028488, 0.0, 0.0, 0.0, 0.0, 0.0, 0.0, 0.0, 0.0, 0.0, 0.0, 0.0, 0.0, 0.0, 0.0, 0.0, 0.0, 0.0, 0.0, 0.0, 0.0, 0.0, 0.0]], "Born radii": [], "Atomic SASAs": [], "Solvent H bonds": [], "Total SASA": NaN, "Total FOD": 0.0, "FOD": [0.0, 0.0, 0.0, 0.0, 0.0, 0.0, 0.0, 0.0, 0.0, 0.0, 0.0, 0.0, 0.0, 0.0, 0.0, 0.0, 0.0, 0.0, 0.0, 0.0, 0.0, 0.0, 0.0, 0.0, 0.0, 0.0, 0.0, 0.0, 0.0, 0.0, 0.0, 0.0, 0.0], "FOD s proportion": [0.0, 0.0, 0.0, 0.0, 0.0, 0.0, 0.0, 0.0, 0.0, 0.0, 0.0, 0.0, 0.0, 0.0, 0.0, 0.0, 0.0, 0.0, 0.0, 0.0, 0.0, 0.0, 0.0, 0.0, 0.0, 0.0, 0.0, 0.0, 0.0, 0.0, 0.0, 0.0, 0.0], "FOD p proportion": [0.0, 0.0, 0.0, 0.0, 0.0, 0.0, 0.0, 0.0, 0.0, 0.0, 0.0, 0.0, 0.0, 0.0, 0.0, 0.0, 0.0, 0.0, 0.0, 0.0, 0.0, 0.0, 0.0, 0.0, 0.0, 0.0, 0.0, 0.0, 0.0, 0.0, 0.0, 0.0, 0.0], "FOD d proportion": [0.0, 0.0, 0.0, 0.0, 0.0, 0.0, 0.0, 0.0, 0.0, 0.0, 0.0, 0.0, 0.0, 0.0, 0.0, 0.0, 0.0, 0.0, 0.0, 0.0, 0.0, 0.0, 0.0, 0.0, 0.0, 0.0, 0.0, 0.0, 0.0, 0.0, 0.0, 0.0, 0.0], "coordinates": [["-5.87780", "0.77970", "0.32370"], ["-4.67460", "-0.10430", "0.03610"], ["-3.36260", "0.62300", "0.32890"], ["-2.15490", "-0.26950", "0.03840"], ["-0.84180", "0.45830", "0.33130"], ["0.36590", "-0.43440", "0.04080"], ["1.67890", "0.29340", "0.33370"], ["2.88660", "-0.59910", "0.04320"], ["4.19760", "0.12740", "0.33560"], ["5.40470", "-0.75440", "0.04890"], ["6.58750", "-0.02280", "0.34010"], ["-5.85810", "1.68250", "-0.29500"], ["-5.89890", "1.08370", "1.37510"], ["-6.80500", "0.23980", "0.10750"], ["-4.74150", "-1.01230", "0.64670"], ["-4.70100", "-0.41680", "-1.01430"], ["-3.34310", "0.93710", "1.37970"], ["-3.30260", "1.53260", "-0.28120"], ["-2.17440", "-0.58330", "-1.01240"], ["-2.21490", "-1.17890", "0.64860"], ["-0.82230", "0.77210", "1.38210"], ["-0.78180", "1.36760", "-0.27900"], ["0.34630", "-0.74820", "-1.01000"], ["0.30580", "-1.34370", "0.65100"], ["1.69840", "0.60720", "1.38450"], ["1.73900", "1.20280", "-0.27660"], ["2.86710", "-0.91300", "-1.00760"], ["2.82660", "-1.50850", "0.65340"], ["4.22620", "0.45270", "1.38310"], ["4.26640", "1.04340", "-0.26440"], ["5.38890", "-1.65340", "0.67330"], ["5.42980", "-1.05200", "-1.00420"], ["7.33950", "-0.60860", "0.14840"]], "bond_dist": [[0.0, 1.520480187309259, 2.52008193715998, 3.8784276633708146, 5.046251254148964, 6.366934969826533, 7.572337986381749, 8.876625318779656, 10.096500485811903, 11.389634941472005, 12.491116014992414, 1.094634925443182, 1.0946703476389594, 1.0945018455900384, 2.146338903808063, 2.146325811707067, 2.7503844913029885, 2.75034860699512, 4.166305770103773, 4.166354567244607, 5.165108766521765, 5.165083706969327, 6.546193925480668, 6.546209728537575, 7.6520493549114015, 7.6521249297172345, 9.006157282104283, 9.006172366216404, 10.164648216244377, 10.1646540983941, 11.531726872415945, 11.531706771332683, 13.291167227523697], [1.520480187309259, 0.0, 1.528411309170408, 2.525110773807755, 3.885102011530714, 5.0512996693920265, 6.37288735974519, 7.577375725803756, 8.880276908970801, 10.100251597856362, 11.266497000399015, 2.1686294519811358, 2.1686805873618185, 2.1591912675814524, 1.0962536066075221, 1.0962177566523905, 2.159320997443409, 2.1592834228048896, 2.7531424391048134, 2.7531882427469427, 4.173728339266943, 4.173687753054844, 5.168981449957042, 5.1690036302947195, 6.552827161615053, 6.5529044445955416, 7.656405440544539, 7.656424646661129, 9.019362429795136, 9.019367857006387, 10.201949171604415, 10.20192426652933, 12.025203889747566], [2.52008193715998, 1.528411309170408, 0.0, 1.529537770046886, 2.5261758628409066, 3.8862332173970207, 5.0522649821639405, 6.373982549395629, 7.576429785195662, 8.879255602245044, 9.971041725416658, 2.781961845532753, 2.782013051730707, 3.4707316173971154, 2.1625374308899254, 2.1625644129135204, 1.0969137158409497, 1.096902078583134, 2.160107548248466, 2.1601543903156553, 2.754012552622083, 2.7539971332592197, 4.17477925883513, 4.174783330904732, 5.169938297504139, 5.170021358756655, 6.553982784536438, 6.553990321933654, 7.663564782136314, 7.663575017575022, 9.049274035523512, 9.049258443099081, 10.77424536661385], [3.8784276633708146, 2.525110773807755, 1.529537770046886, 0.0, 1.5296126503137977, 2.5261889101965433, 3.8861395934783403, 5.0522649821639405, 6.371821850930863, 7.57514293066474, 8.75108230677783, 4.199422555542608, 4.199458671067022, 4.678417607482256, 2.7590361161101176, 2.7590758942080584, 2.1602750959079264, 2.160306427338492, 1.096827848844111, 1.09679186722003, 2.1601580983807644, 2.1601487865422606, 2.7539603646385324, 2.753947873508139, 4.1747465779373965, 4.174847242714397, 5.16997990808475, 5.169979521236037, 6.561114854961769, 6.5611346533964685, 7.6959207155479445, 7.695907685257146, 9.501090472677335], [5.046251254148964, 3.885102011530714, 2.5261758628409066, 1.5296126503137977, 0.0, 1.529654480593575, 2.5260891235267215, 3.8861372762680424, 5.050254019353878, 6.369391909750883, 7.444866227139344, 5.201363573141181, 5.201432880466689, 5.9713970668512735, 4.179689176242655, 4.179696640905892, 2.754068570315561, 2.7540539900299703, 2.160158098380764, 2.160209883321526, 1.0968278488441112, 1.0967645964380872, 2.160164241440914, 2.160184679604964, 2.753909491976815, 2.7539700978768815, 4.174812104753937, 4.174830440868228, 5.175996387170301, 5.1759934061009005, 6.587705471558364, 6.5876803884220125, 8.252599451687933], [6.366934969826533, 5.0512996693920265, 3.8862332173970207, 2.5261889101965433, 1.529654480593575, 0.0, 1.5295268059109002, 2.52607607565568, 3.883870642799526, 5.048957422082306, 6.242379483017674, 6.5827200494932185, 6.582758019249986, 7.202832869086995, 5.1755789994936805, 5.175617970832081, 4.174966641782902, 4.175004820356499, 2.754001732025599, 2.753948026016468, 2.160219243502844, 2.160252607914176, 1.0968296312554653, 1.0967144295576674, 2.1600964098854476, 2.160224573973734, 2.7539429841592584, 2.753908869225705, 4.182180267515976, 4.182217130900786, 5.207355014784377, 5.207354219754981, 6.97660521743921], [7.572337986381749, 6.37288735974519, 5.0522649821639405, 3.8861395934783403, 2.5260891235267215, 1.5295268059109002, 0.0, 1.5295377700468857, 2.5241650698795435, 3.8807965058735046, 4.918778035244119, 7.689683446020389, 7.689742576315543, 8.487084223100418, 6.559295514763762, 6.559314907061559, 5.170004805607051, 5.170015560905016, 4.174746577937396, 4.174746428227707, 2.7539603646385324, 2.7539701196636104, 2.1601580983807644, 2.1601340953746364, 1.096827848844111, 1.0968529801208549, 2.1601633942829417, 2.1601543903156553, 2.7595931113118835, 2.759597771415247, 4.203505489469474, 4.203490023777861, 5.735009367908653], [8.876625318779656, 7.577375725803756, 6.373982549395629, 5.0522649821639405, 3.8861372762680424, 2.52607607565568, 1.5295377700468857, 0.0, 1.5270956125927417, 2.5228908398898278, 3.7572506051633026, 9.04377442719576, 9.043825722557905, 9.72805213082249, 7.663083981009213, 7.663107287517251, 6.5540296596826595, 6.554050418634266, 5.169938297504139, 5.1699109711870275, 4.17477925883513, 4.174791047465729, 2.7540125526220827, 2.7539750616154826, 2.160107548248466, 2.160116064011376, 1.0968564628063235, 1.09679186722003, 2.1670587001740405, 2.1670883807542323, 2.787486285168054, 2.7874776070849427, 4.454152635462776], [10.096500485811903, 8.880276908970801, 7.576429785195662, 6.371821850930863, 5.050254019353878, 3.883870642799526, 2.5241650698795435, 1.5270956125927417, 0.0, 1.522123037076832, 2.3946194478455234, 10.194758205077747, 10.19482134174013, 11.005538157218847, 9.016829160519789, 9.01684343936391, 7.655580669681433, 7.655588110654858, 6.551685469404037, 6.551682603728603, 5.168190819813062, 5.168196354628953, 4.1725084074211285, 4.172495609344605, 2.7525260925193793, 2.7524512638737137, 2.15797327369919, 2.1579635423241053, 1.097221171870102, 1.0971733864800042, 2.1689826232591165, 2.1689548727440133, 3.232379224348529], [11.389634941472005, 10.100251597856362, 8.879255602245044, 7.57514293066474, 6.369391909750883, 5.048957422082306, 3.8807965058735046, 2.5228908398898278, 1.522123037076832, 0.0, 1.420933439679706, 11.52854772553768, 11.528607505245375, 12.2502506786596, 10.167067015122896, 10.167081217832381, 9.008673916287568, 9.00868515933374, 7.654958504786293, 7.654942488353521, 6.548523000646788, 6.548525380572332, 5.168047814213796, 5.168034453252029, 4.168266019581764, 4.168205678706366, 2.7533179928951177, 2.753304681650761, 2.1508236329369264, 2.1508065045466087, 1.0946807753861398, 1.0946302480746637, 1.9428352812320453], [12.491116014992414, 11.266497000399015, 9.971041725416658, 8.75108230677783, 7.444866227139344, 6.242379483017674, 4.918778035244119, 3.7572506051633026, 2.3946194478455234, 1.420933439679706, 0.0, 12.577931445989043, 12.57798681069431, 13.397093631456041, 11.376262778698461, 11.376285316833433, 10.030901880190036, 10.030920239938109, 8.883372563953401, 8.883354390093869, 7.524810034147042, 7.524830859228665, 6.42662840142481, 6.4266002295148255, 5.038945343025662, 5.038885442238195, 4.055875674869731, 4.055839024172434, 2.6248213158232314, 2.624825308472928, 2.050980389959885, 2.051015460692581, 0.972324292610238], [1.094634925443182, 2.1686294519811358, 2.781961845532753, 4.199422555542608, 5.201363573141181, 6.5827200494932185, 7.689683446020389, 9.04377442719576, 10.194758205077747, 11.52854772553768, 12.577931445989043, 0.0, 1.7746718260005143, 1.7720070964869186, 3.065214754303522, 2.502665257280726, 3.112148172886375, 2.5599298232568803, 4.383851969444224, 4.727673546259302, 5.385236690248628, 5.086082942697652, 6.7017987771940755, 6.931555788565797, 7.815221211840392, 7.612251904660013, 9.130910910199487, 9.300857898602686, 10.29667587816573, 10.144697404062875, 11.77118697073494, 11.636027728567855, 13.402327728047842], [1.0946703476389594, 2.1686805873618185, 2.782013051730707, 4.199458671067022, 5.201432880466689, 6.582758019249986, 7.689742576315543, 9.043825722557905, 10.19482134174013, 11.528607505245375, 12.57798681069431, 1.7746718260005143, 0.0, 1.7720028724581682, 2.5026700381792244, 3.065240124362201, 2.560005148432323, 3.1121720052079382, 4.727678658707675, 4.383949932423955, 5.0861587784889295, 5.385290932716635, 6.931600295747008, 6.701857478341359, 7.612234093878092, 7.815357580430981, 9.300904589339684, 9.130974864711874, 10.144746177702032, 10.296742612593558, 11.636093351722476, 11.77122451871512, 13.402384367716067], [1.0945018455900384, 2.1591912675814524, 3.4707316173971154, 4.678417607482256, 5.9713970668512735, 7.202832869086995, 8.487084223100418, 9.72805213082249, 11.005538157218847, 12.2502506786596, 13.397093631456041, 1.7720070964869186, 1.7720028724581682, 0.0, 2.4731605892056416, 2.473130566710945, 3.7535945092670833, 3.753561680590849, 4.8346795116119115, 4.834719941216864, 6.140085320254109, 6.1400532025382315, 7.305206495370271, 7.305226973886573, 8.606597662258878, 8.606674027172168, 9.804178408209431, 9.804196971705535, 11.106748183424346, 11.106753825038169, 12.352956451392515, 12.352933059399293, 14.169980085377679], [2.146338903808063, 1.0962536066075221, 2.1625374308899254, 2.7590361161101176, 4.179689176242655, 5.1755789994936805, 6.559295514763762, 7.663083981009213, 9.016829160519789, 10.167067015122896, 11.376262778698461, 3.065214754303522, 2.5026700381792244, 2.4731605892056416, 0.0, 1.7649876770108055, 2.5085796618804035, 3.067237785043736, 3.086528182278594, 2.5320874254259076, 4.3686411113754815, 4.711694874458659, 5.357248597927859, 5.058169801420272, 6.681275409680399, 6.9105738654615365, 7.786999610889936, 7.5843521107606815, 9.116367327504966, 9.284302241418038, 10.150700514250236, 10.304484004063474, 12.09800965365791], [2.146325811707067, 1.0962177566523905, 2.1625644129135204, 2.7590758942080584, 4.179696640905892, 5.175617970832081, 6.559314907061559, 7.663107287517251, 9.01684343936391, 10.167081217832381, 11.376285316833433, 2.502665257280726, 3.065240124362201, 2.473130566710945, 1.7649876770108055, 0.0, 3.067274624157413, 2.508608883425234, 2.5320808478403682, 3.0865394910805852, 4.711743823681418, 4.368624278877734, 5.058169801420272, 5.357276727965431, 6.910509228703772, 6.681384994894396, 7.584352110760681, 7.787027285171152, 9.284312405881224, 9.11640262439083, 10.304525963381334, 10.150698975440067, 12.098028714629503], [2.7503844913029885, 2.159320997443409, 1.0969137158409497, 2.1602750959079264, 2.754068570315561, 4.174966641782902, 5.170004805607051, 6.5540296596826595, 7.655580669681433, 9.008673916287568, 10.030901880190036, 3.112148172886375, 2.560005148432323, 3.7535945092670833, 2.5085796618804035, 3.067274624157413, 0.0, 1.764893569029022, 3.0658796877894607, 2.5069500294182174, 2.5261954397868744, 3.0816997955673746, 4.707714364742194, 4.364346862933789, 5.05228456245291, 5.351790970320123, 6.905697310192505, 6.676351484156598, 7.584784598787232, 7.785811117025638, 9.135508481195778, 9.306087922967416, 10.863849729262643], [2.75034860699512, 2.1592834228048896, 1.096902078583134, 2.160306427338492, 2.7540539900299703, 4.175004820356499, 5.170015560905016, 6.554050418634266, 7.655588110654858, 9.00868515933374, 10.030920239938109, 2.5599298232568803, 3.1121720052079382, 3.753561680590849, 3.067237785043736, 2.508608883425234, 1.764893569029022, 0.0, 2.506894790373142, 3.065917738622483, 3.0816903202625663, 2.5261952576948596, 4.3643635607038975, 4.707722282590595, 5.351721466033149, 5.052377634342073, 6.676362363592918, 6.905712056696253, 7.785814532853965, 7.58481113014688, 9.306118336879239, 9.135518371718158, 10.863866071063283], [4.166305770103773, 2.7531424391048134, 2.160107548248466, 1.096827848844111, 2.160158098380764, 2.754001732025599, 4.174746577937396, 5.169938297504139, 6.551685469404037, 7.654958504786293, 8.883372563953401, 4.383851969444224, 4.727678658707675, 4.8346795116119115, 3.086528182278594, 2.5320808478403682, 3.0658796877894607, 2.506894790373142, 0.0, 1.7650214191334903, 3.0657648018072097, 2.5066354202396486, 2.526089123526721, 3.0816391352655166, 4.707547100136121, 4.3642014630399455, 5.052271506956054, 5.351718012003248, 6.912264217316928, 6.6850251704836525, 7.822416850948305, 7.618635348275963, 9.584486941928608], [4.166354567244607, 2.7531882427469427, 2.1601543903156553, 1.09679186722003, 2.160209883321526, 2.753948026016468, 4.174746428227707, 5.1699109711870275, 6.551682603728603, 7.654942488353521, 8.883354390093869, 4.727673546259302, 4.383949932423955, 4.834719941216864, 2.5320874254259076, 3.0865394910805852, 2.5069500294182174, 3.065917738622483, 1.7650214191334903, 0.0, 2.5067425097125553, 3.0657592240748457, 3.081590805087528, 2.526082597620276, 4.364128654153083, 4.707633709200409, 5.351674994803029, 5.0522649821639405, 6.685011445016381, 6.912267065153082, 7.618630768057997, 7.8223583106375285, 9.584466677390038], [5.165108766521765, 4.173728339266943, 2.754012552622083, 2.1601580983807644, 1.0968278488441112, 2.160219243502844, 2.7539603646385324, 4.17477925883513, 5.168190819813062, 6.548523000646788, 7.524810034147042, 5.385236690248628, 5.0861587784889295, 6.140085320254109, 4.3686411113754815, 4.711743823681418, 2.5261954397868744, 3.0816903202625663, 3.0657648018072097, 2.5067425097125553, 0.0, 1.765081785640541, 3.0657919792445147, 2.5067362166769764, 2.526089123526721, 3.081727741056955, 4.707642771069191, 4.36424234661642, 5.058593639540541, 5.355318256649179, 6.705553901804086, 6.936174948053143, 8.369189173390694], [5.165083706969327, 4.173687753054844, 2.7539971332592197, 2.1601487865422606, 1.0967645964380872, 2.160252607914176, 2.7539701196636104, 4.174791047465729, 5.168196354628953, 6.548525380572332, 7.524830859228665, 5.086082942697652, 5.385290932716635, 6.1400532025382315, 4.711694874458659, 4.368624278877734, 3.0816997955673746, 2.5261952576948596, 2.5066354202396486, 3.0657592240748457, 1.765081785640541, 0.0, 2.5067070530877755, 3.0657660461946534, 3.0816931141825266, 2.5261823845478775, 4.364225650673897, 4.707639698405137, 5.355341484910183, 5.058620566913474, 6.936198871139726, 6.705546492270411, 8.369202524135735], [6.546193925480668, 5.168981449957042, 4.17477925883513, 2.7539603646385324, 2.160164241440914, 1.0968296312554653, 2.1601580983807644, 2.7540125526220827, 4.1725084074211285, 5.168047814213796, 6.42662840142481, 6.7017987771940755, 6.931600295747008, 7.305206495370271, 5.357248597927859, 5.058169801420272, 4.707714364742194, 4.3643635607038975, 2.526089123526721, 3.081590805087528, 3.0657919792445147, 2.5067070530877755, 0.0, 1.7649876770108055, 3.0657648018072097, 2.506768806651303, 2.5261823845478775, 3.0816949459672354, 4.714097202010159, 4.374120932255989, 5.39265247257785, 5.092573055931549, 7.089867767455187], [6.546209728537575, 5.1690036302947195, 4.174783330904732, 2.753947873508139, 2.160184679604964, 1.0967144295576674, 2.1601340953746364, 2.7539750616154826, 4.172495609344605, 5.168034453252029, 6.4266002295148255, 6.931555788565797, 6.701857478341359, 7.305226973886573, 5.058169801420272, 5.357276727965431, 4.364346862933789, 4.707722282590595, 3.0816391352655166, 2.526082597620276, 2.5067362166769764, 3.0657660461946534, 1.7649876770108055, 0.0, 2.5066646804070145, 3.0658059707032996, 3.08167391850598, 2.5261823845478775, 4.374078134875965, 4.714080602832327, 5.092574691646653, 5.392601591996205, 7.08984586997489], [7.6520493549114015, 6.552827161615053, 5.169938297504139, 4.1747465779373965, 2.753909491976815, 2.1600964098854476, 1.096827848844111, 2.160107548248466, 2.7525260925193793, 4.168266019581764, 5.038945343025662, 7.815221211840392, 7.612234093878092, 8.606597662258878, 6.681275409680399, 6.910509228703772, 5.05228456245291, 5.351721466033149, 4.707547100136121, 4.364128654153083, 2.526089123526721, 3.0816931141825266, 3.0657648018072097, 2.5066646804070145, 0.0, 1.7651178232627986, 3.0657805107345832, 2.5066968185243304, 2.532517532022237, 3.0828178100562478, 4.385875972938587, 4.730980690089529, 5.901535567968729], [7.6521249297172345, 6.5529044445955416, 5.170021358756655, 4.174847242714397, 2.7539700978768815, 2.160224573973734, 1.0968529801208549, 2.160116064011376, 2.7524512638737137, 4.168205678706366, 5.038885442238195, 7.612251904660013, 7.815357580430981, 8.606674027172168, 6.9105738654615365, 6.681384994894396, 5.351790970320123, 5.052377634342073, 4.3642014630399455, 4.707633709200409, 3.081727741056955, 2.5261823845478775, 2.506768806651303, 3.0658059707032996, 1.7651178232627986, 0.0, 2.5067070530877755, 3.065766046194654, 3.082761414705978, 2.532450978795049, 4.730957457005928, 4.385832810310945, 5.901473986217342], [9.006157282104283, 7.656405440544539, 6.553982784536438, 5.16997990808475, 4.174812104753937, 2.7539429841592584, 2.1601633942829417, 1.0968564628063235, 2.15797327369919, 2.7533179928951177, 4.055875674869731, 9.130910910199487, 9.300904589339684, 9.804178408209431, 7.786999610889936, 7.584352110760681, 6.905697310192505, 6.676362363592918, 5.052271506956054, 5.351674994803029, 4.707642771069191, 4.364225650673897, 2.5261823845478775, 3.08167391850598, 3.0657805107345832, 2.5067070530877755, 0.0, 1.7649876770108055, 3.070461820313029, 2.5175161747246033, 3.1197904112295745, 2.5664691406677775, 4.629401378148152], [9.006172366216404, 7.656424646661129, 6.553990321933654, 5.169979521236037, 4.174830440868228, 2.753908869225705, 2.1601543903156553, 1.09679186722003, 2.1579635423241053, 2.753304681650761, 4.055839024172434, 9.300857898602686, 9.130974864711874, 9.804196971705535, 7.5843521107606815, 7.787027285171152, 6.676351484156598, 6.905712056696253, 5.351718012003248, 5.0522649821639405, 4.36424234661642, 4.707639698405137, 3.0816949459672354, 2.5261823845478775, 2.5066968185243304, 3.065766046194654, 1.7649876770108055, 0.0, 2.5174685082439465, 3.0704355537936303, 2.566470983666092, 3.1197243868649682, 4.629374841163761], [10.164648216244377, 9.019362429795136, 7.663564782136314, 6.561114854961769, 5.175996387170301, 4.182180267515976, 2.7595931113118835, 2.1670587001740405, 1.097221171870102, 2.1508236329369264, 2.6248213158232314, 10.29667587816573, 10.144746177702032, 11.106748183424346, 9.116367327504966, 9.284312405881224, 7.584784598787232, 7.785814532853965, 6.912264217316928, 6.685011445016381, 5.058593639540541, 5.355341484910183, 4.714097202010159, 4.374078134875965, 2.532517532022237, 3.082761414705978, 3.070461820313029, 2.5174685082439465, 0.0, 1.7506566710808833, 2.5082552780767746, 3.067894447336805, 3.5133287164738793], [10.1646540983941, 9.019367857006387, 7.663575017575022, 6.5611346533964685, 5.1759934061009005, 4.182217130900786, 2.759597771415247, 2.1670883807542323, 1.0971733864800042, 2.1508065045466087, 2.624825308472928, 10.144697404062875, 10.296742612593558, 11.106753825038169, 9.284302241418038, 9.11640262439083, 7.785811117025638, 7.58481113014688, 6.6850251704836525, 6.912267065153082, 5.355318256649179, 5.058620566913474, 4.374120932255989, 4.714080602832327, 3.0828178100562478, 2.532450978795049, 2.5175161747246033, 3.0704355537936303, 1.7506566710808833, 0.0, 3.0679012011471296, 2.508287216408839, 3.513324842652612], [11.531726872415945, 10.201949171604415, 9.049274035523512, 7.6959207155479445, 6.587705471558364, 5.207355014784377, 4.203505489469474, 2.787486285168054, 2.1689826232591165, 1.0946807753861398, 2.050980389959885, 11.77118697073494, 11.636093351722476, 12.352956451392515, 10.150700514250236, 10.304525963381334, 9.135508481195778, 9.306118336879239, 7.822416850948305, 7.618630768057997, 6.705553901804086, 6.936198871139726, 5.39265247257785, 5.092574691646653, 4.385875972938587, 4.730957457005928, 3.1197904112295745, 2.566470983666092, 2.5082552780767746, 3.0679012011471296, 0.0, 1.78251536318765, 2.2741959919936545], [11.531706771332683, 10.20192426652933, 9.049258443099081, 7.695907685257146, 6.5876803884220125, 5.207354219754981, 4.203490023777861, 2.7874776070849427, 2.1689548727440133, 1.0946302480746637, 2.051015460692581, 11.636027728567855, 11.77122451871512, 12.352933059399293, 10.304484004063474, 10.150698975440067, 9.306087922967416, 9.135518371718158, 7.618635348275963, 7.8223583106375285, 6.936174948053143, 6.705546492270411, 5.092573055931549, 5.392601591996205, 4.730980690089529, 4.385832810310945, 2.5664691406677775, 3.1197243868649682, 3.067894447336805, 2.508287216408839, 1.78251536318765, 0.0, 2.2742129209904687], [13.291167227523697, 12.025203889747566, 10.77424536661385, 9.501090472677335, 8.252599451687933, 6.97660521743921, 5.735009367908653, 4.454152635462776, 3.232379224348529, 1.9428352812320453, 0.972324292610238, 13.402327728047842, 13.402384367716067, 14.169980085377679, 12.09800965365791, 12.098028714629503, 10.863849729262643, 10.863866071063283, 9.584486941928608, 9.584466677390038, 8.369189173390694, 8.369202524135735, 7.089867767455187, 7.08984586997489, 5.901535567968729, 5.901473986217342, 4.629401378148152, 4.629374841163761, 3.5133287164738793, 3.513324842652612, 2.2741959919936545, 2.2742129209904687, 0.0]]}