{"total energy": -27.21625555, "HOMO-LUMO gap/eV": 11.66859682, "electronic energy": -27.56094753, "dipole": [0.3860036, -0.53629999, 0.28889519], "partial charges": [-0.10047874, -0.05222254, -0.0563129, -0.07299588, 0.11583419, -0.45430884, -0.0607793, -0.10402177, 0.03277619, 0.0320997, 0.03275766, 0.03132016, 0.02912465, 0.03174281, 0.02478351, 0.04348418, 0.03414676, 0.01023515, 0.28456875, 0.04610237, 0.04505098, 0.03857552, 0.0347245, 0.03379288], "atomic dipole moments": [[-0.09099967, -0.00954683, -0.04409132], [0.01484581, 0.05818605, 0.09396378], [-0.01940667, -0.05594841, -0.09192878], [0.00821179, 0.0488397, 0.10329533], [0.03232354, 0.16341727, -0.05996179], [0.06448294, -0.21643256, 0.06916265], [0.07730145, -0.09548629, 0.04946513], [0.0371618, 0.10093038, 0.00675642], [0.08673316, -0.06210595, -0.06552642], [-0.00064864, -0.04710106, 0.11670816], [0.03587015, 0.12063058, 0.00619063], [0.00967958, 0.04182745, -0.1165073], [-0.02538655, -0.12066369, -0.00893944], [0.0322928, 0.11921606, 0.00832589], [-0.00590858, -0.04238285, 0.1157156], [0.01093201, 0.05171023, -0.11604357], [-0.0205802, -0.12167868, -0.01799618], [-0.0053374, -0.03400199, 0.11533594], [0.05542446, -0.0008489, 0.0547567], [-0.08665574, 0.06853468, 0.05692291], [-0.0035233, 0.05212466, -0.11500982], [-0.11650069, -0.00324799, -0.04480888], [0.06865571, -0.07046779, -0.07800594], [-0.00248572, -0.05465948, 0.11357315]], "atomic quadrupole moments": [[0.16892504, 0.02419621, -0.11902791, 0.13473656, 0.02226755, -0.04989713], [0.21551308, -0.08126573, -0.14669756, 0.02416337, 0.10877026, -0.06881552], [0.20062071, -0.09003654, -0.14654041, 0.02406247, 0.11151542, -0.0540803], [0.20602644, -0.06836051, -0.14762455, 0.01192201, 0.11982131, -0.05840188], [-0.02933673, 0.06723495, 0.3077645, 0.0277632, 0.116958, -0.27842778], [-0.06507182, 0.03099706, 0.16545772, 0.03318299, 0.01012953, -0.1003859], [0.07431748, 0.12205602, 0.0872801, 0.14517151, 0.03422847, -0.16159757], [-0.0725571, 0.10031596, 0.19803709, 0.00813643, 0.012125, -0.12547999], [0.01884721, -0.0405742, -0.01733905, -0.03733023, 0.04303476, -0.00150816], [-0.02997667, 0.01333383, -0.03044017, -0.00807066, -0.04544315, 0.06041684], [-0.03168552, 0.02089592, 0.07661581, 0.01193198, -0.00089404, -0.04493029], [-0.01767295, -0.00247426, -0.01820341, -0.00450801, -0.03883163, 0.03587636], [-0.01138624, 0.01889825, 0.05101363, -0.00160278, -0.00441302, -0.03962739], [-0.01646733, 0.01472599, 0.0528952, -0.00026526, -0.00506027, -0.03642787], [-0.02171095, -0.00012403, -0.01692767, -0.00767096, -0.03917162, 0.03863862], [-0.01501641, 0.00325046, -0.01711647, 0.0012262, -0.04400437, 0.03213288], [-0.01189803, 0.0169977, 0.05884343, 0.00398348, 0.00317067, -0.04694541], [-0.02270513, 0.00601827, 0.01441821, 0.00287425, -0.01532474, 0.00828692], [0.03075393, 0.03216207, -0.03590693, 0.11349292, 0.01084158, 0.00515301], [0.01162679, -0.01602604, -0.01014879, -0.03475117, 0.03569965, -0.001478], [-0.03001712, 0.01372753, -0.02250004, -0.01375153, -0.02184761, 0.05251715], [0.06377518, -0.00582594, -0.02565034, 0.04628499, -0.00045578, -0.03812485], [0.0091183, -0.03005709, -0.00477572, -0.05570248, 0.03099697, -0.00434258], [-0.05173978, 0.00332453, -0.01691994, 0.00708977, -0.03549941, 0.06865972]], "number of molecular orbitals": 48, "number of electrons": 50, "number of unpaired electrons": 0, "orbital energies/eV": [-18.44798883, -17.14956354, -16.97069773, -16.55114327, -16.22553537, -15.68507141, -15.31727622, -15.15744461, -14.98289507, -14.26794067, -14.03232048, -13.95551913, -13.40329571, -13.30682575, -13.1178668, -12.77312931, -12.6217939, -12.4184912, -12.20831723, -11.97342355, -11.94164826, -11.7427399, -11.55837131, -11.50448853, -10.9012908, 0.76730602, 1.32476575, 2.59553542, 2.81945342, 3.14352977, 3.22151884, 3.75499096, 3.90923401, 4.02572857, 4.12705039, 4.48536648, 4.71617022, 4.97933238, 5.17858273, 5.40323681, 6.01623514, 6.48999546, 6.83750374, 6.96653065, 7.31308945, 7.5612024, 7.92805084, 8.29033826], "fractional occupation": [2.0, 2.0, 2.0, 2.0, 2.0, 2.0, 2.0, 2.0, 2.0, 2.0, 2.0, 2.0, 2.0, 2.0, 2.0, 2.0, 2.0, 2.0, 2.0, 2.0, 2.0, 2.0, 2.0, 2.0, 2.0, 0.0, 0.0, 0.0, 0.0, 0.0, 0.0, 0.0, 0.0, 0.0, 0.0, 0.0, 0.0, 0.0, 0.0, 0.0, 0.0, 0.0, 0.0, 0.0, 0.0, 0.0, 0.0, 0.0], "program call": "xtb /home/svss/Project-DBcg-Debug/aqme2_20220329/End-to-End-workflows-final/example-3/QDESCP/mol_1052_rdkit_conf_14/mol_1052_rdkit_conf_14.xyz --pop --wbo --acc 0.2 --gfn 2 --chrg 0 --uhf 0 --etemp 300 --input /home/svss/Project-DBcg-Debug/aqme2_20220329/End-to-End-workflows-final/example-3/QDESCP/mol_1052_rdkit_conf_14/mol_1052_rdkit_conf_14_xtb.inp", "method": "GFN2-xTB", "xtb version": "6.3.3 (7355c4f)", "Dipole module/D": 1.833, "Total charge": 0, "Transition dipole module/D": NaN, "HOMO": -10.9013, "LUMO": 0.7673, "HOMO occupancy": 2.0, "LUMO occupancy": 0, "mulliken charges": [-0.08383, -0.03786, -0.04582, -0.07206, 0.21923, -0.57122, -0.04988, -0.08955, 0.02935, 0.02629, 0.02735, 0.02464, 0.02203, 0.02417, 0.01776, 0.03636, 0.02429, 0.00683, 0.33375, 0.0381, 0.03534, 0.03268, 0.0262, 0.02584], "cm5 charges": [-0.23418, -0.15048, -0.15634, -0.17831, 0.17163, -0.78233, -0.15674, -0.23982, 0.08013, 0.07759, 0.07865, 0.07936, 0.07675, 0.08185, 0.07362, 0.09413, 0.08097, 0.07328, 0.50375, 0.09539, 0.0923, 0.08348, 0.07798, 0.07734], "FUKUI+": [0.012, -0.013, -0.017, 0.003, -0.038, -0.122, 0.002, 0.006, -0.065, -0.033, -0.033, -0.04, -0.04, -0.035, -0.041, -0.055, -0.076, -0.071, -0.097, -0.067, -0.05, -0.057, -0.034, -0.039], "FUKUI-": [0.015, -0.0, 0.007, -0.007, -0.003, -0.095, 0.008, 0.02, -0.069, -0.06, -0.058, -0.064, -0.062, -0.044, -0.047, -0.044, -0.05, -0.073, -0.044, -0.096, -0.068, -0.061, -0.062, -0.044], "FUKUIrad": [0.013, -0.007, -0.005, -0.002, -0.02, -0.109, 0.005, 0.013, -0.067, -0.046, -0.045, -0.052, -0.051, -0.039, -0.044, -0.05, -0.063, -0.072, -0.07, -0.081, -0.059, -0.059, -0.048, -0.041], "s proportion": [1.008, 1.027, 1.032, 1.041, 1.02, 1.698, 1.032, 1.008, 0.971, 0.974, 0.973, 0.975, 0.978, 0.976, 0.982, 0.964, 0.976, 0.993, 0.666, 0.962, 0.965, 0.967, 0.974, 0.974], "p proportion": [3.076, 3.01, 3.013, 3.031, 2.761, 4.873, 3.018, 3.081, 0.0, 0.0, 0.0, 0.0, 0.0, 0.0, 0.0, 0.0, 0.0, 0.0, 0.0, 0.0, 0.0, 0.0, 0.0, 0.0], "d proportion": [0.0, 0.0, 0.0, 0.0, 0.0, 0.0, 0.0, 0.0, 0.0, 0.0, 0.0, 0.0, 0.0, 0.0, 0.0, 0.0, 0.0, 0.0, 0.0, 0.0, 0.0, 0.0, 0.0, 0.0], "Fermi-level/eV": -5.067, "Coordination numbers": [3.75, 3.8, 3.801, 3.8, 3.723, 1.653, 3.799, 3.749, 0.924, 0.924, 0.924, 0.924, 0.924, 0.924, 0.924, 0.924, 0.924, 0.924, 0.804, 0.924, 0.924, 0.924, 0.924, 0.924], "Dispersion coefficient C6": [22.482, 21.512, 21.587, 21.896, 18.787, 21.933, 21.67, 22.553, 2.547, 2.557, 2.548, 2.568, 2.599, 2.562, 2.662, 2.403, 2.528, 2.887, 0.769, 2.369, 2.383, 2.468, 2.52, 2.533], "Total dispersion C6": 3818.111887, "Total dispersion C8": 79076.036101, "Polarizability alpha": [6.762, 6.604, 6.615, 6.662, 6.19, 6.322, 6.628, 6.773, 2.496, 2.501, 2.496, 2.506, 2.521, 2.503, 2.552, 2.424, 2.487, 2.657, 1.378, 2.407, 2.414, 2.457, 2.483, 2.489], "Total polarizability alpha": 91.326159, "Wiberg matrix": [[0.0, 1.0201845970297956, 0.0, 0.0, 0.0, 0.0, 0.0, 0.0, 0.9872123576262368, 0.9876971785875206, 0.9876603460502957, 0.0, 0.0, 0.0, 0.0, 0.0, 0.0, 0.0, 0.0, 0.0, 0.0, 0.0, 0.0, 0.0], [1.0201845970297956, 0.0, 1.0070560350879805, 0.0, 0.0, 0.0, 0.0, 0.0, 0.0, 0.0, 0.0, 0.978035123804535, 0.9778671653286437, 0.0, 0.0, 0.0, 0.0, 0.0, 0.0, 0.0, 0.0, 0.0, 0.0, 0.0], [0.0, 1.0070560350879805, 0.0, 1.006382816486441, 0.0, 0.0, 0.0, 0.0, 0.0, 0.0, 0.0, 0.0, 0.0, 0.9742692659218412, 0.9773787289512708, 0.0, 0.0, 0.0, 0.0, 0.0, 0.0, 0.0, 0.0, 0.0], [0.0, 0.0, 1.006382816486441, 0.0, 0.9883786641688427, 0.0, 0.0, 0.0, 0.0, 0.0, 0.0, 0.0, 0.0, 0.0, 0.0, 0.9757017027520045, 0.9726228617876594, 0.0, 0.0, 0.0, 0.0, 0.0, 0.0, 0.0], [0.0, 0.0, 0.0, 0.9883786641688427, 0.0, 0.9784713632813129, 0.9927131506243791, 0.0, 0.0, 0.0, 0.0, 0.0, 0.0, 0.0, 0.0, 0.0, 0.0, 0.9651362642937407, 0.0, 0.0, 0.0, 0.0, 0.0, 0.0], [0.0, 0.0, 0.0, 0.0, 0.9784713632813129, 0.0, 0.0, 0.0, 0.0, 0.0, 0.0, 0.0, 0.0, 0.0, 0.0, 0.0, 0.0, 0.0, 0.9013339711616835, 0.0, 0.0, 0.0, 0.0, 0.0], [0.0, 0.0, 0.0, 0.0, 0.9927131506243791, 0.0, 0.0, 1.0206962958216583, 0.0, 0.0, 0.0, 0.0, 0.0, 0.0, 0.0, 0.0, 0.0, 0.0, 0.0, 0.9750026077815034, 0.9757330843088435, 0.0, 0.0, 0.0], [0.0, 0.0, 0.0, 0.0, 0.0, 0.0, 1.0206962958216583, 0.0, 0.0, 0.0, 0.0, 0.0, 0.0, 0.0, 0.0, 0.0, 0.0, 0.0, 0.0, 0.0, 0.0, 0.9867021285541189, 0.9853734897695192, 0.9872480112127975], [0.9872123576262368, 0.0, 0.0, 0.0, 0.0, 0.0, 0.0, 0.0, 0.0, 0.0, 0.0, 0.0, 0.0, 0.0, 0.0, 0.0, 0.0, 0.0, 0.0, 0.0, 0.0, 0.0, 0.0, 0.0], [0.9876971785875206, 0.0, 0.0, 0.0, 0.0, 0.0, 0.0, 0.0, 0.0, 0.0, 0.0, 0.0, 0.0, 0.0, 0.0, 0.0, 0.0, 0.0, 0.0, 0.0, 0.0, 0.0, 0.0, 0.0], [0.9876603460502957, 0.0, 0.0, 0.0, 0.0, 0.0, 0.0, 0.0, 0.0, 0.0, 0.0, 0.0, 0.0, 0.0, 0.0, 0.0, 0.0, 0.0, 0.0, 0.0, 0.0, 0.0, 0.0, 0.0], [0.0, 0.978035123804535, 0.0, 0.0, 0.0, 0.0, 0.0, 0.0, 0.0, 0.0, 0.0, 0.0, 0.0, 0.0, 0.0, 0.0, 0.0, 0.0, 0.0, 0.0, 0.0, 0.0, 0.0, 0.0], [0.0, 0.9778671653286437, 0.0, 0.0, 0.0, 0.0, 0.0, 0.0, 0.0, 0.0, 0.0, 0.0, 0.0, 0.0, 0.0, 0.0, 0.0, 0.0, 0.0, 0.0, 0.0, 0.0, 0.0, 0.0], [0.0, 0.0, 0.9742692659218412, 0.0, 0.0, 0.0, 0.0, 0.0, 0.0, 0.0, 0.0, 0.0, 0.0, 0.0, 0.0, 0.0, 0.0, 0.0, 0.0, 0.0, 0.0, 0.0, 0.0, 0.0], [0.0, 0.0, 0.9773787289512708, 0.0, 0.0, 0.0, 0.0, 0.0, 0.0, 0.0, 0.0, 0.0, 0.0, 0.0, 0.0, 0.0, 0.0, 0.0, 0.0, 0.0, 0.0, 0.0, 0.0, 0.0], [0.0, 0.0, 0.0, 0.9757017027520045, 0.0, 0.0, 0.0, 0.0, 0.0, 0.0, 0.0, 0.0, 0.0, 0.0, 0.0, 0.0, 0.0, 0.0, 0.0, 0.0, 0.0, 0.0, 0.0, 0.0], [0.0, 0.0, 0.0, 0.9726228617876594, 0.0, 0.0, 0.0, 0.0, 0.0, 0.0, 0.0, 0.0, 0.0, 0.0, 0.0, 0.0, 0.0, 0.0, 0.0, 0.0, 0.0, 0.0, 0.0, 0.0], [0.0, 0.0, 0.0, 0.0, 0.9651362642937407, 0.0, 0.0, 0.0, 0.0, 0.0, 0.0, 0.0, 0.0, 0.0, 0.0, 0.0, 0.0, 0.0, 0.0, 0.0, 0.0, 0.0, 0.0, 0.0], [0.0, 0.0, 0.0, 0.0, 0.0, 0.9013339711616835, 0.0, 0.0, 0.0, 0.0, 0.0, 0.0, 0.0, 0.0, 0.0, 0.0, 0.0, 0.0, 0.0, 0.0, 0.0, 0.0, 0.0, 0.0], [0.0, 0.0, 0.0, 0.0, 0.0, 0.0, 0.9750026077815034, 0.0, 0.0, 0.0, 0.0, 0.0, 0.0, 0.0, 0.0, 0.0, 0.0, 0.0, 0.0, 0.0, 0.0, 0.0, 0.0, 0.0], [0.0, 0.0, 0.0, 0.0, 0.0, 0.0, 0.9757330843088435, 0.0, 0.0, 0.0, 0.0, 0.0, 0.0, 0.0, 0.0, 0.0, 0.0, 0.0, 0.0, 0.0, 0.0, 0.0, 0.0, 0.0], [0.0, 0.0, 0.0, 0.0, 0.0, 0.0, 0.0, 0.9867021285541189, 0.0, 0.0, 0.0, 0.0, 0.0, 0.0, 0.0, 0.0, 0.0, 0.0, 0.0, 0.0, 0.0, 0.0, 0.0, 0.0], [0.0, 0.0, 0.0, 0.0, 0.0, 0.0, 0.0, 0.9853734897695192, 0.0, 0.0, 0.0, 0.0, 0.0, 0.0, 0.0, 0.0, 0.0, 0.0, 0.0, 0.0, 0.0, 0.0, 0.0, 0.0], [0.0, 0.0, 0.0, 0.0, 0.0, 0.0, 0.0, 0.9872480112127975, 0.0, 0.0, 0.0, 0.0, 0.0, 0.0, 0.0, 0.0, 0.0, 0.0, 0.0, 0.0, 0.0, 0.0, 0.0, 0.0]], "Born radii": [], "Atomic SASAs": [], "Solvent H bonds": [], "Total SASA": NaN, "Total FOD": 0.0, "FOD": [0.0, 0.0, 0.0, 0.0, 0.0, 0.0, 0.0, 0.0, 0.0, 0.0, 0.0, 0.0, 0.0, 0.0, 0.0, 0.0, 0.0, 0.0, 0.0, 0.0, 0.0, 0.0, 0.0, 0.0], "FOD s proportion": [0.0, 0.0, 0.0, 0.0, 0.0, 0.0, 0.0, 0.0, 0.0, 0.0, 0.0, 0.0, 0.0, 0.0, 0.0, 0.0, 0.0, 0.0, 0.0, 0.0, 0.0, 0.0, 0.0, 0.0], "FOD p proportion": [0.0, 0.0, 0.0, 0.0, 0.0, 0.0, 0.0, 0.0, 0.0, 0.0, 0.0, 0.0, 0.0, 0.0, 0.0, 0.0, 0.0, 0.0, 0.0, 0.0, 0.0, 0.0, 0.0, 0.0], "FOD d proportion": [0.0, 0.0, 0.0, 0.0, 0.0, 0.0, 0.0, 0.0, 0.0, 0.0, 0.0, 0.0, 0.0, 0.0, 0.0, 0.0, 0.0, 0.0, 0.0, 0.0, 0.0, 0.0, 0.0, 0.0], "coordinates": [["3.66070", "-0.40720", "0.27180"], ["2.30540", "-0.55620", "-0.40100"], ["1.21290", "0.18780", "0.36850"], ["-0.15040", "0.03630", "-0.31690"], ["-1.29100", "0.68820", "0.47700"], ["-1.05250", "2.09100", "0.59800"], ["-2.65670", "0.52800", "-0.20100"], ["-3.14480", "-0.90970", "-0.27210"], ["4.42620", "-0.94710", "-0.29430"], ["3.64060", "-0.81270", "1.28840"], ["3.95780", "0.64490", "0.32700"], ["2.36770", "-0.17040", "-1.42520"], ["2.05390", "-1.62090", "-0.46970"], ["1.48270", "1.24780", "0.43860"], ["1.15440", "-0.20230", "1.39180"], ["-0.09100", "0.49360", "-1.31260"], ["-0.35580", "-1.03070", "-0.45580"], ["-1.33780", "0.26930", "1.48930"], ["-0.32370", "2.21410", "1.22910"], ["-3.39560", "1.12500", "0.34900"], ["-2.62620", "0.95830", "-1.20990"], ["-4.16610", "-0.93960", "-0.66540"], ["-2.51980", "-1.51530", "-0.93450"], ["-3.15080", "-1.37230", "0.71980"]], "bond_dist": [[0.0, 1.5204272195669213, 2.5209325119883714, 3.8817190972557505, 5.075563130333421, 5.344311360689981, 6.40372404464777, 6.845667513836763, 1.0945096938812373, 1.0946733850788553, 1.0946368621602327, 2.14656288983109, 2.1458555822794785, 2.740534845609521, 2.7528028807017764, 4.170973134653351, 4.129216179857867, 5.188926743556898, 4.8644712292293395, 7.22114716440539, 6.601904024597752, 7.900670341179918, 6.393874064289975, 6.894102861141542], [1.5204272195669213, 0.0, 1.52945169913927, 2.5276634863050895, 3.9055740064681914, 4.391031911749219, 5.083102010583694, 5.463172841856645, 2.1591619531660884, 2.1685533541972166, 2.168651878471969, 1.096224689559581, 1.0961560244782673, 2.153178917322014, 2.1596708198241696, 2.770528390036818, 2.7037268223694495, 4.186596538956196, 4.152584124373641, 5.990854232912032, 5.221944850340723, 6.488236676478442, 4.94843915795678, 5.629594149670116], [2.5209325119883714, 1.52945169913927, 0.0, 1.5333989370023706, 2.5557166548739314, 2.9676383960988244, 3.9260502352873683, 4.539209611815696, 3.4716852881561713, 2.7822551195028824, 2.7830089238089055, 2.1631527847103174, 2.163621022730182, 1.0960410804344882, 1.0966964712262002, 2.1493641059625053, 2.1505888565692888, 2.787275619668783, 2.6847092226161102, 4.702871074141838, 4.221813072602813, 5.592282268448187, 4.304812179410386, 4.64749409789835], [3.8817190972557505, 2.5276634863050895, 1.5333989370023706, 0.0, 1.5349981042333571, 2.42334861503664, 2.556705182456515, 3.14059777749396, 4.681116734284673, 4.203506879975338, 4.202654923973654, 2.7589638254243205, 2.7619917034632815, 2.169222927686318, 2.1631201284256036, 1.097301298641353, 1.0954320471850365, 2.1740667423057647, 2.6763710000670686, 3.4871210962626464, 2.7887485795603735, 4.147249636807507, 2.8987840002318217, 3.4729383826955527], [5.075563130333421, 3.9055740064681914, 2.5557166548739314, 1.5349981042333571, 0.0, 1.4280655062006085, 1.5331289997909503, 2.559494024216505, 5.9962893209050545, 5.218404864515592, 5.251121435465, 4.212083153262766, 4.17331279800592, 2.829847771524115, 2.758592113742081, 2.163454949842959, 2.167794291440034, 1.0965485579763445, 1.9569605284726619, 2.1532578572943835, 2.168258439393238, 3.4958562055668136, 2.890967647691686, 2.7863000789577566], [5.344311360689981, 4.391031911749219, 2.9676383960988244, 2.42334861503664, 1.4280655062006085, 0.0, 2.377988149676108, 3.7601853398469602, 6.327906809522403, 5.561772510630043, 5.221853339572072, 4.572202558942463, 4.956602249525374, 2.6764965234425393, 3.280205929511134, 2.669562018384289, 3.3676247148398235, 2.0480240892137966, 0.9719003343964854, 2.546620232779124, 2.6510457163164878, 4.5249553456360205, 4.184127774100595, 4.05119056821572], [6.40372404464777, 5.083102010583694, 3.9260502352873683, 2.556705182456515, 1.5331289997909503, 2.377988149676108, 0.0, 1.51995990407642, 7.2354749194506915, 6.608462464143986, 6.636569886620647, 5.218335324603048, 5.184565869964428, 4.249921476921662, 4.1946195465143195, 2.7963644987733622, 2.7908080442767824, 2.159522398587243, 3.214188578786254, 1.0976712668189872, 1.097254551141165, 2.1558769630941375, 2.17527900509337, 2.168674143341964], [6.845667513836763, 5.463172841856645, 4.539209611815696, 3.14059777749396, 2.559494024216505, 3.7601853398469602, 1.51995990407642, 0.0, 7.571124923021677, 6.963204895017811, 7.2953840700815755, 5.6801285504819345, 5.250841160233282, 5.154964305405033, 4.663914515726033, 3.5181792990124876, 2.7976611106422453, 2.7852863335750597, 4.4688178627015, 2.142118096651069, 2.1535642084692994, 1.0948208026887325, 1.093686481584188, 1.0944863498463562], [1.0945096938812373, 2.1591619531660884, 3.4716852881561713, 4.681116734284673, 5.9962893209050545, 6.327906809522403, 7.2354749194506915, 7.571124923021677, 0.0, 1.7720524851143657, 1.7719695962402966, 2.4737865611244634, 2.4723630174389837, 3.7441849139699284, 3.7553076425241114, 4.84949968759665, 4.785456635473777, 6.155042966543775, 5.905546800254824, 8.117141648388305, 7.362419322478175, 8.600313409986871, 6.99854436865267, 7.656377919747692], [1.0946733850788553, 2.1685533541972166, 2.7822551195028824, 4.203506879975338, 5.218404864515592, 5.561772510630043, 6.608462464143986, 6.963204895017811, 1.7720524851143657, 0.0, 1.774684073293047, 3.0653627289441623, 2.502342850210578, 3.102314087902771, 2.562122198490931, 4.732489751705756, 4.36588714925157, 5.098583270870449, 4.988056657657369, 7.358346559520013, 6.9750072494585975, 8.048478299653917, 6.586763949770782, 6.83809710957661], [1.0946368621602327, 2.168651878471969, 2.7830089238089055, 4.202654923973654, 5.251121435465, 5.221853339572072, 6.636569886620647, 7.2953840700815755, 1.7719695962402966, 1.774684073293047, 0.0, 2.502665966524498, 3.0648679808435473, 2.549914308364107, 3.1161833129647554, 4.370807853246354, 4.693352337082738, 5.434647735594277, 4.648377706254086, 7.3690889240122495, 6.768259537724599, 8.336261105555655, 6.9438568569635715, 7.3997014561399705], [2.14656288983109, 1.096224689559581, 2.1631527847103174, 2.7589638254243205, 4.212083153262766, 4.572202558942463, 5.218335324603048, 5.6801285504819345, 2.4737865611244634, 3.0653627289441623, 2.502665966524498, 0.0, 1.7650498406560646, 2.5036506705209494, 3.0673446985951873, 2.5492705721441182, 3.0161738510901523, 4.734804810126813, 4.4693156858740695, 6.167777046067733, 5.124388255196907, 6.622651064339719, 5.092857621218171, 6.041475884252124], [2.1458555822794785, 1.0961560244782673, 2.163621022730182, 2.7619917034632815, 4.17331279800592, 4.956602249525374, 5.184565869964428, 5.250841160233282, 2.4723630174389837, 2.502342850210578, 3.0648679808435473, 1.7650498406560646, 0.0, 3.062795784899803, 2.5073309434536157, 3.127648744664273, 2.4809641956304005, 4.349041955419607, 4.821423876823111, 6.156889372889528, 5.394766416630103, 6.260261031298936, 4.598469537791895, 5.344680935285099], [2.740534845609521, 2.153178917322014, 1.0960410804344882, 2.169222927686318, 2.829847771524115, 2.6764965234425393, 4.249921476921662, 5.154964305405033, 3.7441849139699284, 3.102314087902771, 2.549914308364107, 2.5036506705209494, 3.062795784899803, 0.0, 1.766114701824318, 2.4722562104280374, 3.0613062342732063, 3.1649096337810345, 2.195838541423299, 4.880667873355038, 4.436712939778728, 6.157310792870536, 5.053724514652535, 5.330414589879477], [2.7528028807017764, 2.1596708198241696, 1.0966964712262002, 2.1631201284256036, 2.758592113742081, 3.280205929511134, 4.1946195465143195, 4.663914515726033, 3.7553076425241114, 2.562122198490931, 3.1161833129647554, 3.0673446985951873, 2.5073309434536157, 1.766114701824318, 0.0, 3.0576260938839463, 2.5259802770409747, 2.538301331599541, 2.837294461278209, 4.853004958785845, 4.7337904062178335, 5.751817398005608, 4.54261888452025, 4.511677187033665], [4.170973134653351, 2.770528390036818, 2.1493641059625053, 1.097301298641353, 2.163454949842959, 2.669562018384289, 2.7963644987733622, 3.5181792990124876, 4.84949968759665, 4.732489751705756, 4.370807853246354, 2.5492705721441182, 3.127648744664273, 2.4722562104280374, 3.0576260938839463, 0.0, 1.7685349219056998, 3.074973876311797, 3.078068944971831, 3.7523275016981126, 2.5794829753266444, 4.3679938289791576, 3.1745406376356247, 4.120025316669789], [4.129216179857867, 2.7037268223694495, 2.1505888565692888, 1.0954320471850365, 2.167794291440034, 3.3676247148398235, 2.7908080442767824, 2.7976611106422453, 4.785456635473777, 4.36588714925157, 4.693352337082738, 3.0161738510901523, 2.4809641956304005, 3.0613062342732063, 2.5259802770409747, 1.7685349219056998, 0.0, 2.537269794483827, 3.656315831544097, 3.8124965009820007, 3.1111901211594253, 3.8171478174155116, 2.2686751309960624, 3.0513523100422213], [5.188926743556898, 4.186596538956196, 2.787275619668783, 2.1740667423057647, 1.0965485579763445, 2.0480240892137966, 2.159522398587243, 2.7852863335750597, 6.155042966543775, 5.098583270870449, 5.434647735594277, 4.734804810126813, 4.349041955419607, 3.1649096337810345, 2.538301331599541, 3.074973876311797, 2.537269794483827, 0.0, 2.2086986870100684, 2.5034071622490814, 3.069263136324418, 3.7554563224726762, 3.2336863793509725, 2.563971491651184], [4.8644712292293395, 4.152584124373641, 2.6847092226161102, 2.6763710000670686, 1.9569605284726619, 0.9719003343964854, 3.214188578786254, 4.4688178627015, 5.905546800254824, 4.988056657657369, 4.648377706254086, 4.4693156858740695, 4.821423876823111, 2.195838541423299, 2.837294461278209, 3.078068944971831, 3.656315831544097, 2.2086986870100684, 0.0, 3.375986438065177, 3.5815165628543446, 5.319679661408195, 4.838640772985736, 4.59501315123254], [7.22114716440539, 5.990854232912032, 4.702871074141838, 3.4871210962626464, 2.1532578572943835, 2.546620232779124, 1.0976712668189872, 2.142118096651069, 8.117141648388305, 7.358346559520013, 7.3690889240122495, 6.167777046067733, 6.156889372889528, 4.880667873355038, 4.853004958785845, 3.7523275016981126, 3.8124965009820007, 2.5034071622490814, 3.375986438065177, 0.0, 1.7464061555090786, 2.425953579522906, 3.0635897212257386, 2.5365186713288748], [6.601904024597752, 5.221944850340723, 4.221813072602813, 2.7887485795603735, 2.168258439393238, 2.6510457163164878, 1.097254551141165, 2.1535642084692994, 7.362419322478175, 6.9750072494585975, 6.768259537724599, 5.124388255196907, 5.394766416630103, 4.436712939778728, 4.7337904062178335, 2.5794829753266444, 3.1111901211594253, 3.069263136324418, 3.5815165628543446, 1.7464061555090786, 0.0, 2.503956203690472, 2.491156976185965, 3.0709352988951104], [7.900670341179918, 6.488236676478442, 5.592282268448187, 4.147249636807507, 3.4958562055668136, 4.5249553456360205, 2.1558769630941375, 1.0948208026887325, 8.600313409986871, 8.048478299653917, 8.336261105555655, 6.622651064339719, 6.260261031298936, 6.157310792870536, 5.751817398005608, 4.3679938289791576, 3.8171478174155116, 3.7554563224726762, 5.319679661408195, 2.425953579522906, 2.503956203690472, 0.0, 1.7646951549771992, 1.771113327825185], [6.393874064289975, 4.94843915795678, 4.304812179410386, 2.8987840002318217, 2.890967647691686, 4.184127774100595, 2.17527900509337, 1.093686481584188, 6.99854436865267, 6.586763949770782, 6.9438568569635715, 5.092857621218171, 4.598469537791895, 5.053724514652535, 4.54261888452025, 3.1745406376356247, 2.2686751309960624, 3.2336863793509725, 4.838640772985736, 3.0635897212257386, 2.491156976185965, 1.7646951549771992, 0.0, 1.7763216178383914], [6.894102861141542, 5.629594149670116, 4.64749409789835, 3.4729383826955527, 2.7863000789577566, 4.05119056821572, 2.168674143341964, 1.0944863498463562, 7.656377919747692, 6.83809710957661, 7.3997014561399705, 6.041475884252124, 5.344680935285099, 5.330414589879477, 4.511677187033665, 4.120025316669789, 3.0513523100422213, 2.563971491651184, 4.59501315123254, 2.5365186713288748, 3.0709352988951104, 1.771113327825185, 1.7763216178383914, 0.0]]}