{"total energy": -39.76978324, "HOMO-LUMO gap/eV": 4.80205541, "electronic energy": -40.25309734, "dipole": [0.36809321, 0.56933704, 0.57681412], "partial charges": [-0.10024291, -0.05205488, -0.0601392, -0.0583468, -0.05894992, -0.05803457, -0.08833901, 0.34958111, -0.40632678, -0.27607887, 0.08526109, -0.11336388, 0.03342951, 0.03119856, 0.0320546, 0.02748491, 0.02899131, 0.03066659, 0.03541702, 0.02986718, 0.03163281, 0.03119369, 0.02944623, 0.04749328, 0.04898766, 0.06847619, 0.06818985, 0.05092461, 0.05092603, 0.05508448, 0.05048203, 0.05508806], "atomic dipole moments": [[0.03818844, 0.0919169, -0.02006726], [0.05632585, -0.07853138, 0.0536969], [-0.05472266, 0.08376282, -0.05428703], [0.05914211, -0.07301259, 0.06140651], [-0.01004283, -0.08145634, -0.08147909], [0.05239517, 0.0920073, 0.08864874], [0.0046404, -0.07502536, -0.06443837], [0.15455877, 0.01134456, 0.03749559], [0.02255824, 0.1294283, 0.11760021], [0.00012685, -0.17049652, -0.14983125], [-0.14941848, 0.16077625, 0.11468274], [-0.10800611, -0.05528994, -0.06782314], [0.06790756, -0.09168605, -0.05379759], [-0.11630946, -0.00829963, -0.04405711], [-0.00450346, -0.02160117, 0.12386401], [-0.0747576, 0.08437861, 0.04944882], [-0.00497763, 0.01729765, -0.12243031], [0.00199063, -0.02026123, 0.12253898], [0.07066889, -0.08977921, -0.05075605], [-0.07361954, 0.087026, 0.04219021], [0.00193507, 0.01942448, -0.12327169], [-0.0044128, -0.01188942, 0.12321966], [0.02573947, 0.11708806, -0.01730526], [8.564e-05, 0.00777581, -0.12719766], [-0.02287649, -0.12296324, 0.02369641], [-0.00303327, -0.01739966, 0.13141636], [0.02511896, 0.12570059, -0.03363025], [-0.01615235, -0.12205105, 0.03325583], [0.01212908, 0.01764798, -0.12571347], [0.01719242, 0.12514535, -0.02207808], [0.10470408, -0.06492628, -0.0384094], [-0.00947779, -0.00647248, 0.12770812]], "atomic quadrupole moments": [[-0.05721888, 0.12290625, 0.16731277, -0.01866797, -0.06710606, -0.1100939], [0.1069842, 0.13888118, 0.07128432, 0.08390796, -0.0616948, -0.17826852], [0.11815975, 0.13242622, 0.06070719, 0.09317228, -0.06991725, -0.17886694], [0.10389512, 0.14183229, 0.05332477, 0.10248092, -0.0410356, -0.15721989], [0.20285888, -0.08375804, -0.08400634, 0.02823521, 0.10637637, -0.11885254], [0.24146692, -0.04909616, -0.10055472, 0.03701343, 0.13130993, -0.1409122], [0.21367028, -0.06441884, -0.07978275, 0.02680699, 0.15161264, -0.13388753], [-0.07744061, 0.11683554, -0.02833262, 0.00321005, -0.42582335, 0.10577324], [-0.10419947, 0.0329034, 0.03152958, -0.02706231, -0.15159006, 0.07266988], [0.06193696, -0.05283656, -0.01776309, -0.02100527, 0.04627273, -0.04417387], [0.34955134, -0.22207772, -0.11971764, -0.06127615, 0.20911564, -0.22983371], [0.15573029, 0.11281486, -0.09459664, 0.15256228, 0.06386691, -0.06113365], [0.00280671, -0.04341943, 0.01766605, -0.0423912, 0.03082642, -0.02047277], [0.06404125, 0.00543043, -0.03089245, 0.04633294, -0.00728707, -0.0331488], [-0.05110597, 0.00657768, -0.02897347, 0.00322632, -0.00861886, 0.08007944], [0.00207013, -0.02384993, 0.01247618, -0.02527805, 0.03434191, -0.01454631], [-0.02539269, 0.01144869, -0.03009444, -0.00638332, -0.00635336, 0.05548713], [-0.02661826, 0.00829214, -0.03162926, -0.00388767, -0.00378756, 0.05824752], [0.00636121, -0.02580981, 0.00626665, -0.02655807, 0.03042486, -0.01262786], [0.01544258, -0.0247159, 0.01038001, -0.02718435, 0.03242677, -0.0258226], [-0.02930172, 0.01358775, -0.02768834, -0.01075454, 0.00120819, 0.05699005], [-0.02000888, -0.00763616, -0.03129826, -0.00625535, -0.026407, 0.05130714], [-0.00591432, 0.01877482, 0.04577947, -0.00749073, -0.02522736, -0.03986515], [-0.01836989, -0.00318054, -0.03143745, -0.00333655, -0.0210649, 0.04980734], [-0.0131125, 0.01388633, 0.03916537, -0.00727093, -0.02840631, -0.02605287], [-0.00763881, 0.00764484, -0.05134228, 0.00403821, -0.01072021, 0.05898108], [-0.00664864, 0.02021318, 0.04944118, 0.0103015, -0.02477271, -0.04279254], [0.00082197, 0.00448999, 0.03036457, -0.00654828, -0.01799551, -0.03118654], [-0.00230674, -0.00953243, -0.03201081, -0.00362862, -0.01125139, 0.03431754], [-0.0415713, 0.01235442, 0.06859941, 0.00901369, -0.03513706, -0.02702811], [0.03731151, -0.05172519, -0.00678235, -0.0294671, 0.03091886, -0.03052916], [-0.03599584, 0.01523681, -0.03901482, -0.01574834, -0.01871965, 0.07501066]], "number of molecular orbitals": 68, "number of electrons": 72, "number of unpaired electrons": 0, "orbital energies/eV": [-20.03484952, -19.29887443, -18.29921539, -17.30858082, -16.94860708, -16.72546525, -16.5494197, -16.34425747, -16.05636444, -15.84117363, -15.59364685, -15.32319495, -15.09342046, -14.96879261, -14.82885801, -14.43013404, -14.03694685, -13.87830644, -13.65213218, -13.52312883, -13.34078203, -13.17084108, -13.0617364, -12.88542827, -12.79944081, -12.72610915, -12.56672907, -12.3664267, -12.16530203, -11.95784022, -11.85797411, -11.69821026, -11.5939516, -11.46248284, -11.32491336, -11.21206794, -6.41001253, -0.07178615, 1.77165608, 2.19680132, 2.77722281, 2.92436376, 3.00079852, 3.27822824, 3.30785725, 3.47824, 3.79208148, 3.83075867, 4.11284642, 4.16307587, 4.42288531, 4.49212218, 4.70067799, 4.83569001, 4.98923292, 5.14593954, 5.82605818, 5.95508206, 6.35534899, 6.58408386, 6.66502984, 6.96037339, 7.07444489, 7.29377918, 7.36846092, 8.12796904, 8.45309484, 16.20353207], "fractional occupation": [2.0, 2.0, 2.0, 2.0, 2.0, 2.0, 2.0, 2.0, 2.0, 2.0, 2.0, 2.0, 2.0, 2.0, 2.0, 2.0, 2.0, 2.0, 2.0, 2.0, 2.0, 2.0, 2.0, 2.0, 2.0, 2.0, 2.0, 2.0, 2.0, 2.0, 2.0, 2.0, 2.0, 2.0, 2.0, 2.0, 0.0, 0.0, 0.0, 0.0, 0.0, 0.0, 0.0, 0.0, 0.0, 0.0, 0.0, 0.0, 0.0, 0.0, 0.0, 0.0, 0.0, 0.0, 0.0, 0.0, 0.0, 0.0, 0.0, 0.0, 0.0, 0.0, 0.0, 0.0, 0.0, 0.0, 0.0, 0.0], "program call": "xtb /home/svss/Project-DBcg-Debug/aqme2_20220329/End-to-End-workflows-final/example-3/QDESCP/mol_565_rdkit_conf_14/mol_565_rdkit_conf_14.xyz --pop --wbo --acc 0.2 --gfn 2 --chrg 0 --uhf 0 --etemp 300 --input /home/svss/Project-DBcg-Debug/aqme2_20220329/End-to-End-workflows-final/example-3/QDESCP/mol_565_rdkit_conf_14/mol_565_rdkit_conf_14_xtb.inp", "method": "GFN2-xTB", "xtb version": "6.3.3 (7355c4f)", "Dipole module/D": 2.263, "Total charge": 0, "Transition dipole module/D": NaN, "HOMO": -11.2121, "LUMO": -6.41, "HOMO occupancy": 2.0, "LUMO occupancy": 0, "mulliken charges": [-0.08342, -0.03812, -0.04868, -0.04492, -0.04811, -0.04203, -0.07778, 0.57402, -0.52839, -0.42503, 0.20621, -0.09543, 0.02808, 0.02815, 0.02646, 0.02123, 0.02276, 0.02256, 0.02638, 0.02445, 0.02489, 0.02302, 0.02347, 0.03737, 0.03743, 0.05479, 0.05476, 0.03876, 0.03877, 0.04201, 0.03432, 0.04201], "cm5 charges": [-0.23376, -0.1507, -0.15948, -0.15545, -0.15855, -0.15049, -0.17659, 0.62316, -0.57808, -0.50829, 0.12383, -0.24211, 0.07936, 0.07894, 0.07775, 0.07592, 0.07746, 0.07801, 0.08236, 0.07937, 0.0801, 0.07825, 0.07843, 0.0948, 0.09541, 0.11366, 0.11358, 0.10356, 0.10358, 0.09525, 0.08551, 0.09524], "FUKUI+": [0.004, 0.003, 0.003, 0.007, 0.006, 0.014, 0.029, -0.188, -0.281, -0.122, 0.027, 0.017, -0.001, -0.013, -0.005, -0.01, -0.006, -0.006, 0.007, -0.024, -0.011, -0.018, -0.016, -0.023, -0.023, -0.097, -0.097, -0.039, -0.039, -0.028, -0.044, -0.028], "FUKUI-": [0.017, 0.007, 0.007, 0.01, 0.006, 0.003, -0.002, -0.009, -0.081, -0.048, 0.009, 0.01, -0.048, -0.046, -0.051, -0.075, -0.067, -0.055, -0.065, -0.057, -0.038, -0.032, -0.047, -0.03, -0.034, -0.036, -0.041, -0.043, -0.044, -0.041, -0.039, -0.041], "FUKUIrad": [0.011, 0.005, 0.005, 0.009, 0.006, 0.009, 0.014, -0.098, -0.181, -0.085, 0.018, 0.013, -0.024, -0.029, -0.028, -0.042, -0.037, -0.03, -0.029, -0.041, -0.025, -0.025, -0.032, -0.026, -0.028, -0.066, -0.069, -0.041, -0.042, -0.034, -0.041, -0.034], "s proportion": [1.007, 1.027, 1.032, 1.032, 1.033, 1.03, 1.039, 0.991, 1.731, 1.7, 0.994, 1.011, 0.972, 0.972, 0.974, 0.979, 0.977, 0.977, 0.974, 0.976, 0.975, 0.977, 0.977, 0.963, 0.963, 0.945, 0.945, 0.961, 0.961, 0.958, 0.966, 0.958], "p proportion": [3.076, 3.011, 3.017, 3.013, 3.015, 3.012, 3.038, 2.435, 4.797, 4.725, 2.8, 3.085, 0.0, 0.0, 0.0, 0.0, 0.0, 0.0, 0.0, 0.0, 0.0, 0.0, 0.0, 0.0, 0.0, 0.0, 0.0, 0.0, 0.0, 0.0, 0.0, 0.0], "d proportion": [0.0, 0.0, 0.0, 0.0, 0.0, 0.0, 0.0, 0.0, 0.0, 0.0, 0.0, 0.0, 0.0, 0.0, 0.0, 0.0, 0.0, 0.0, 0.0, 0.0, 0.0, 0.0, 0.0, 0.0, 0.0, 0.0, 0.0, 0.0, 0.0, 0.0, 0.0, 0.0], "Fermi-level/eV": -8.811, "Coordination numbers": [3.75, 3.8, 3.801, 3.801, 3.801, 3.801, 3.803, 2.72, 0.856, 1.703, 3.703, 3.748, 0.924, 0.924, 0.924, 0.924, 0.924, 0.924, 0.924, 0.924, 0.924, 0.924, 0.924, 0.924, 0.924, 0.924, 0.924, 0.924, 0.924, 0.924, 0.924, 0.924], "Dispersion coefficient C6": [22.478, 21.509, 21.657, 21.624, 21.635, 21.618, 22.183, 21.063, 21.808, 18.581, 19.309, 22.736, 2.538, 2.57, 2.558, 2.623, 2.601, 2.577, 2.511, 2.588, 2.564, 2.57, 2.594, 2.352, 2.333, 2.102, 2.106, 2.309, 2.309, 2.258, 2.314, 2.258], "Total dispersion C6": 7465.64209, "Total dispersion C8": 158168.138202, "Polarizability alpha": [6.762, 6.603, 6.626, 6.621, 6.622, 6.62, 6.705, 7.513, 6.261, 5.82, 6.283, 6.801, 2.492, 2.507, 2.501, 2.533, 2.522, 2.511, 2.478, 2.516, 2.504, 2.507, 2.519, 2.398, 2.388, 2.268, 2.269, 2.376, 2.376, 2.35, 2.379, 2.35], "Total polarizability alpha": 127.978325, "Wiberg matrix": [[0.0, 1.0201990767412135, 0.0, 0.0, 0.0, 0.0, 0.0, 0.0, 0.0, 0.0, 0.0, 0.0, 0.9876199278341034, 0.9873865690842314, 0.987729120908855, 0.0, 0.0, 0.0, 0.0, 0.0, 0.0, 0.0, 0.0, 0.0, 0.0, 0.0, 0.0, 0.0, 0.0, 0.0, 0.0, 0.0], [1.0201990767412135, 0.0, 1.0075143898139909, 0.0, 0.0, 0.0, 0.0, 0.0, 0.0, 0.0, 0.0, 0.0, 0.0, 0.0, 0.0, 0.9780147766824379, 0.9781696910122779, 0.0, 0.0, 0.0, 0.0, 0.0, 0.0, 0.0, 0.0, 0.0, 0.0, 0.0, 0.0, 0.0, 0.0, 0.0], [0.0, 1.0075143898139909, 0.0, 1.0082235470390584, 0.0, 0.0, 0.0, 0.0, 0.0, 0.0, 0.0, 0.0, 0.0, 0.0, 0.0, 0.0, 0.0, 0.9770563633498792, 0.9751392220745514, 0.0, 0.0, 0.0, 0.0, 0.0, 0.0, 0.0, 0.0, 0.0, 0.0, 0.0, 0.0, 0.0], [0.0, 0.0, 1.0082235470390584, 0.0, 1.0064071794332443, 0.0, 0.0, 0.0, 0.0, 0.0, 0.0, 0.0, 0.0, 0.0, 0.0, 0.0, 0.0, 0.0, 0.0, 0.9767031489404736, 0.9771134227083031, 0.0, 0.0, 0.0, 0.0, 0.0, 0.0, 0.0, 0.0, 0.0, 0.0, 0.0], [0.0, 0.0, 0.0, 1.0064071794332443, 0.0, 1.0081457588244136, 0.0, 0.0, 0.0, 0.0, 0.0, 0.0, 0.0, 0.0, 0.0, 0.0, 0.0, 0.0, 0.0, 0.0, 0.0, 0.9769504940208258, 0.976765187478725, 0.0, 0.0, 0.0, 0.0, 0.0, 0.0, 0.0, 0.0, 0.0], [0.0, 0.0, 0.0, 0.0, 1.0081457588244136, 0.0, 1.0061268529587135, 0.0, 0.0, 0.0, 0.0, 0.0, 0.0, 0.0, 0.0, 0.0, 0.0, 0.0, 0.0, 0.0, 0.0, 0.0, 0.0, 0.9758403449571735, 0.9740482914567934, 0.0, 0.0, 0.0, 0.0, 0.0, 0.0, 0.0], [0.0, 0.0, 0.0, 0.0, 0.0, 1.0061268529587135, 0.0, 0.9788641452913623, 0.0, 0.0, 0.0, 0.0, 0.0, 0.0, 0.0, 0.0, 0.0, 0.0, 0.0, 0.0, 0.0, 0.0, 0.0, 0.0, 0.0, 0.953231680304161, 0.9526276258432235, 0.0, 0.0, 0.0, 0.0, 0.0], [0.0, 0.0, 0.0, 0.0, 0.0, 0.0, 0.9788641452913623, 0.0, 1.7608473019371973, 1.1151751785768478, 0.0, 0.0, 0.0, 0.0, 0.0, 0.0, 0.0, 0.0, 0.0, 0.0, 0.0, 0.0, 0.0, 0.0, 0.0, 0.0, 0.0, 0.0, 0.0, 0.0, 0.0, 0.0], [0.0, 0.0, 0.0, 0.0, 0.0, 0.0, 0.0, 1.7608473019371973, 0.0, 0.16952410431625387, 0.0, 0.0, 0.0, 0.0, 0.0, 0.0, 0.0, 0.0, 0.0, 0.0, 0.0, 0.0, 0.0, 0.0, 0.0, 0.0, 0.0, 0.0, 0.0, 0.0, 0.0, 0.0], [0.0, 0.0, 0.0, 0.0, 0.0, 0.0, 0.0, 1.1151751785768478, 0.16952410431625387, 0.0, 0.9412704830373857, 0.0, 0.0, 0.0, 0.0, 0.0, 0.0, 0.0, 0.0, 0.0, 0.0, 0.0, 0.0, 0.0, 0.0, 0.0, 0.0, 0.0, 0.0, 0.0, 0.0, 0.0], [0.0, 0.0, 0.0, 0.0, 0.0, 0.0, 0.0, 0.0, 0.0, 0.9412704830373857, 0.0, 1.0197080020667977, 0.0, 0.0, 0.0, 0.0, 0.0, 0.0, 0.0, 0.0, 0.0, 0.0, 0.0, 0.0, 0.0, 0.0, 0.0, 0.9698042439583355, 0.969810172252489, 0.0, 0.0, 0.0], [0.0, 0.0, 0.0, 0.0, 0.0, 0.0, 0.0, 0.0, 0.0, 0.0, 1.0197080020667977, 0.0, 0.0, 0.0, 0.0, 0.0, 0.0, 0.0, 0.0, 0.0, 0.0, 0.0, 0.0, 0.0, 0.0, 0.0, 0.0, 0.0, 0.0, 0.9855409067271713, 0.9839163678568543, 0.9855405472559498], [0.9876199278341034, 0.0, 0.0, 0.0, 0.0, 0.0, 0.0, 0.0, 0.0, 0.0, 0.0, 0.0, 0.0, 0.0, 0.0, 0.0, 0.0, 0.0, 0.0, 0.0, 0.0, 0.0, 0.0, 0.0, 0.0, 0.0, 0.0, 0.0, 0.0, 0.0, 0.0, 0.0], [0.9873865690842314, 0.0, 0.0, 0.0, 0.0, 0.0, 0.0, 0.0, 0.0, 0.0, 0.0, 0.0, 0.0, 0.0, 0.0, 0.0, 0.0, 0.0, 0.0, 0.0, 0.0, 0.0, 0.0, 0.0, 0.0, 0.0, 0.0, 0.0, 0.0, 0.0, 0.0, 0.0], [0.987729120908855, 0.0, 0.0, 0.0, 0.0, 0.0, 0.0, 0.0, 0.0, 0.0, 0.0, 0.0, 0.0, 0.0, 0.0, 0.0, 0.0, 0.0, 0.0, 0.0, 0.0, 0.0, 0.0, 0.0, 0.0, 0.0, 0.0, 0.0, 0.0, 0.0, 0.0, 0.0], [0.0, 0.9780147766824379, 0.0, 0.0, 0.0, 0.0, 0.0, 0.0, 0.0, 0.0, 0.0, 0.0, 0.0, 0.0, 0.0, 0.0, 0.0, 0.0, 0.0, 0.0, 0.0, 0.0, 0.0, 0.0, 0.0, 0.0, 0.0, 0.0, 0.0, 0.0, 0.0, 0.0], [0.0, 0.9781696910122779, 0.0, 0.0, 0.0, 0.0, 0.0, 0.0, 0.0, 0.0, 0.0, 0.0, 0.0, 0.0, 0.0, 0.0, 0.0, 0.0, 0.0, 0.0, 0.0, 0.0, 0.0, 0.0, 0.0, 0.0, 0.0, 0.0, 0.0, 0.0, 0.0, 0.0], [0.0, 0.0, 0.9770563633498792, 0.0, 0.0, 0.0, 0.0, 0.0, 0.0, 0.0, 0.0, 0.0, 0.0, 0.0, 0.0, 0.0, 0.0, 0.0, 0.0, 0.0, 0.0, 0.0, 0.0, 0.0, 0.0, 0.0, 0.0, 0.0, 0.0, 0.0, 0.0, 0.0], [0.0, 0.0, 0.9751392220745514, 0.0, 0.0, 0.0, 0.0, 0.0, 0.0, 0.0, 0.0, 0.0, 0.0, 0.0, 0.0, 0.0, 0.0, 0.0, 0.0, 0.0, 0.0, 0.0, 0.0, 0.0, 0.0, 0.0, 0.0, 0.0, 0.0, 0.0, 0.0, 0.0], [0.0, 0.0, 0.0, 0.9767031489404736, 0.0, 0.0, 0.0, 0.0, 0.0, 0.0, 0.0, 0.0, 0.0, 0.0, 0.0, 0.0, 0.0, 0.0, 0.0, 0.0, 0.0, 0.0, 0.0, 0.0, 0.0, 0.0, 0.0, 0.0, 0.0, 0.0, 0.0, 0.0], [0.0, 0.0, 0.0, 0.9771134227083031, 0.0, 0.0, 0.0, 0.0, 0.0, 0.0, 0.0, 0.0, 0.0, 0.0, 0.0, 0.0, 0.0, 0.0, 0.0, 0.0, 0.0, 0.0, 0.0, 0.0, 0.0, 0.0, 0.0, 0.0, 0.0, 0.0, 0.0, 0.0], [0.0, 0.0, 0.0, 0.0, 0.9769504940208258, 0.0, 0.0, 0.0, 0.0, 0.0, 0.0, 0.0, 0.0, 0.0, 0.0, 0.0, 0.0, 0.0, 0.0, 0.0, 0.0, 0.0, 0.0, 0.0, 0.0, 0.0, 0.0, 0.0, 0.0, 0.0, 0.0, 0.0], [0.0, 0.0, 0.0, 0.0, 0.976765187478725, 0.0, 0.0, 0.0, 0.0, 0.0, 0.0, 0.0, 0.0, 0.0, 0.0, 0.0, 0.0, 0.0, 0.0, 0.0, 0.0, 0.0, 0.0, 0.0, 0.0, 0.0, 0.0, 0.0, 0.0, 0.0, 0.0, 0.0], [0.0, 0.0, 0.0, 0.0, 0.0, 0.9758403449571735, 0.0, 0.0, 0.0, 0.0, 0.0, 0.0, 0.0, 0.0, 0.0, 0.0, 0.0, 0.0, 0.0, 0.0, 0.0, 0.0, 0.0, 0.0, 0.0, 0.0, 0.0, 0.0, 0.0, 0.0, 0.0, 0.0], [0.0, 0.0, 0.0, 0.0, 0.0, 0.9740482914567934, 0.0, 0.0, 0.0, 0.0, 0.0, 0.0, 0.0, 0.0, 0.0, 0.0, 0.0, 0.0, 0.0, 0.0, 0.0, 0.0, 0.0, 0.0, 0.0, 0.0, 0.0, 0.0, 0.0, 0.0, 0.0, 0.0], [0.0, 0.0, 0.0, 0.0, 0.0, 0.0, 0.953231680304161, 0.0, 0.0, 0.0, 0.0, 0.0, 0.0, 0.0, 0.0, 0.0, 0.0, 0.0, 0.0, 0.0, 0.0, 0.0, 0.0, 0.0, 0.0, 0.0, 0.0, 0.0, 0.0, 0.0, 0.0, 0.0], [0.0, 0.0, 0.0, 0.0, 0.0, 0.0, 0.9526276258432235, 0.0, 0.0, 0.0, 0.0, 0.0, 0.0, 0.0, 0.0, 0.0, 0.0, 0.0, 0.0, 0.0, 0.0, 0.0, 0.0, 0.0, 0.0, 0.0, 0.0, 0.0, 0.0, 0.0, 0.0, 0.0], [0.0, 0.0, 0.0, 0.0, 0.0, 0.0, 0.0, 0.0, 0.0, 0.0, 0.9698042439583355, 0.0, 0.0, 0.0, 0.0, 0.0, 0.0, 0.0, 0.0, 0.0, 0.0, 0.0, 0.0, 0.0, 0.0, 0.0, 0.0, 0.0, 0.0, 0.0, 0.0, 0.0], [0.0, 0.0, 0.0, 0.0, 0.0, 0.0, 0.0, 0.0, 0.0, 0.0, 0.969810172252489, 0.0, 0.0, 0.0, 0.0, 0.0, 0.0, 0.0, 0.0, 0.0, 0.0, 0.0, 0.0, 0.0, 0.0, 0.0, 0.0, 0.0, 0.0, 0.0, 0.0, 0.0], [0.0, 0.0, 0.0, 0.0, 0.0, 0.0, 0.0, 0.0, 0.0, 0.0, 0.0, 0.9855409067271713, 0.0, 0.0, 0.0, 0.0, 0.0, 0.0, 0.0, 0.0, 0.0, 0.0, 0.0, 0.0, 0.0, 0.0, 0.0, 0.0, 0.0, 0.0, 0.0, 0.0], [0.0, 0.0, 0.0, 0.0, 0.0, 0.0, 0.0, 0.0, 0.0, 0.0, 0.0, 0.9839163678568543, 0.0, 0.0, 0.0, 0.0, 0.0, 0.0, 0.0, 0.0, 0.0, 0.0, 0.0, 0.0, 0.0, 0.0, 0.0, 0.0, 0.0, 0.0, 0.0, 0.0], [0.0, 0.0, 0.0, 0.0, 0.0, 0.0, 0.0, 0.0, 0.0, 0.0, 0.0, 0.9855405472559498, 0.0, 0.0, 0.0, 0.0, 0.0, 0.0, 0.0, 0.0, 0.0, 0.0, 0.0, 0.0, 0.0, 0.0, 0.0, 0.0, 0.0, 0.0, 0.0, 0.0]], "Born radii": [], "Atomic SASAs": [], "Solvent H bonds": [], "Total SASA": NaN, "Total FOD": 0.0, "FOD": [0.0, 0.0, 0.0, 0.0, 0.0, 0.0, 0.0, 0.0, 0.0, 0.0, 0.0, 0.0, 0.0, 0.0, 0.0, 0.0, 0.0, 0.0, 0.0, 0.0, 0.0, 0.0, 0.0, 0.0, 0.0, 0.0, 0.0, 0.0, 0.0, 0.0, 0.0, 0.0], "FOD s proportion": [0.0, 0.0, 0.0, 0.0, 0.0, 0.0, 0.0, 0.0, 0.0, 0.0, 0.0, 0.0, 0.0, 0.0, 0.0, 0.0, 0.0, 0.0, 0.0, 0.0, 0.0, 0.0, 0.0, 0.0, 0.0, 0.0, 0.0, 0.0, 0.0, 0.0, 0.0, 0.0], "FOD p proportion": [0.0, 0.0, 0.0, 0.0, 0.0, 0.0, 0.0, 0.0, 0.0, 0.0, 0.0, 0.0, 0.0, 0.0, 0.0, 0.0, 0.0, 0.0, 0.0, 0.0, 0.0, 0.0, 0.0, 0.0, 0.0, 0.0, 0.0, 0.0, 0.0, 0.0, 0.0, 0.0], "FOD d proportion": [0.0, 0.0, 0.0, 0.0, 0.0, 0.0, 0.0, 0.0, 0.0, 0.0, 0.0, 0.0, 0.0, 0.0, 0.0, 0.0, 0.0, 0.0, 0.0, 0.0, 0.0, 0.0, 0.0, 0.0, 0.0, 0.0, 0.0, 0.0, 0.0, 0.0, 0.0, 0.0], "coordinates": [["-4.96700", "-1.80910", "-0.31770"], ["-4.39890", "-0.43330", "-0.62780"], ["-2.96990", "-0.28570", "-0.10330"], ["-2.40350", "1.09960", "-0.42230"], ["-1.01680", "1.34420", "0.17960"], ["0.07190", "0.45050", "-0.41740"], ["1.45050", "0.81520", "0.13290"], ["2.53810", "-0.06130", "-0.44290"], ["2.37370", "-0.95650", "-1.25900"], ["3.73980", "0.30220", "0.09000"], ["4.85010", "-0.46670", "-0.38790"], ["6.10710", "0.04680", "0.28700"], ["-4.36470", "-2.59620", "-0.78260"], ["-5.98880", "-1.89240", "-0.70080"], ["-4.99310", "-1.98850", "0.76190"], ["-5.04260", "0.33080", "-0.17660"], ["-4.41580", "-0.27310", "-1.71220"], ["-2.95870", "-0.44710", "0.98140"], ["-2.34180", "-1.06190", "-0.55430"], ["-3.08540", "1.86400", "-0.02910"], ["-2.36310", "1.24230", "-1.50910"], ["-1.05760", "1.20290", "1.26650"], ["-0.75110", "2.39470", "0.00780"], ["0.07350", "0.54840", "-1.51000"], ["-0.13730", "-0.60180", "-0.19330"], ["1.45660", "0.69630", "1.22210"], ["1.68500", "1.85640", "-0.11500"], ["4.70230", "-1.52360", "-0.13940"], ["4.93980", "-0.35110", "-1.47380"], ["6.25750", "1.10850", "0.06520"], ["6.98560", "-0.51200", "-0.04760"], ["6.02430", "-0.04250", "1.37520"]], "bond_dist": [[0.0, 1.5204358782928005, 2.5209369944526574, 3.8785318227391143, 5.078847134931312, 5.523245917031035, 6.947970718130581, 7.706945302128464, 7.449754958386215, 8.968398587261829, 9.908704164016605, 11.244808478137811, 1.0947254039255687, 1.0944312404166838, 1.0947153648323387, 2.145878976084159, 2.146566488604534, 2.752448673454239, 2.739701158885764, 4.1370728939674235, 4.184587330908508, 5.18316910779496, 5.962524423430062, 5.690872146692455, 4.97986453028594, 7.064746999008528, 7.597768194674011, 9.675157033867718, 10.08003062743363, 11.603809823501933, 12.025808462635682, 11.260349091391438], [1.5204358782928005, 0.0, 1.529355096110776, 2.5246056761403355, 3.9051250197656926, 4.562173083082229, 6.029336373101106, 6.949427387202489, 6.822042395060295, 8.203330712582542, 9.252171019279746, 10.556675189187171, 2.1687021671958555, 2.1591859160340965, 2.168637076599033, 1.0962572417092624, 1.0962996898658688, 2.1596043896973356, 2.1522547758107082, 2.7131736453828386, 2.780073144721196, 4.174902228795305, 4.659186216497469, 4.663086262337424, 4.28700560531474, 6.243797435855843, 6.520700049841274, 9.179277209562853, 9.377301879005495, 10.789636564778261, 11.39954674449822, 10.62110313856334], [2.5209369944526574, 1.529355096110776, 0.0, 1.5302372528467603, 2.5595323850266087, 3.145345209988881, 4.561546602853028, 5.52301978269135, 5.508146338833057, 6.738179679260564, 7.827270160151623, 9.091469591875672, 2.7830425400988754, 3.4716348238258012, 2.7823438177191546, 2.1636844571240053, 2.1631793222014672, 1.0966993617213425, 1.0956263277230973, 2.154078916845899, 2.1631606227924918, 2.783733695955847, 3.4813734085846058, 3.4549690678789005, 2.851603403350473, 4.723866150728659, 5.124141226586168, 7.771509020775824, 8.027820470090248, 9.333653981694413, 9.958227474304854, 9.118154535321278], [3.8785318227391143, 2.5246056761403355, 1.5302372528467603, 0.0, 1.5313554975902888, 2.559093585627536, 3.9041575787870038, 5.076172153306072, 5.267756063068981, 6.2159820575674125, 7.420861945219032, 8.604754888432325, 4.19941176475944, 4.6780340251007155, 4.200561796950498, 2.7597591815229094, 2.7563560346950826, 2.1612268784188298, 2.166405580679666, 1.0972243207293575, 1.0968726863223464, 2.1619812996416043, 2.1430575773879714, 2.76087698566959, 2.843038058134291, 4.215100741382108, 4.169293918638982, 7.579815584168259, 7.558719311497153, 8.674713624091577, 9.533774355416641, 8.692710250549021], [5.078847134931312, 3.9051250197656926, 2.5595323850266087, 1.5313554975902888, 0.0, 1.5298288727828353, 2.5238049013344908, 3.8730156867743255, 4.342612197744579, 4.870219268164422, 6.166192558621568, 7.241873564900177, 5.25937405115856, 5.997621838695735, 5.220816437110196, 4.166644170072602, 4.212809932812066, 2.760908281707308, 2.843158704680413, 2.14309441929188, 2.1620857961699858, 1.0968053336850618, 1.0971152993190825, 2.162591013113668, 2.167830865173757, 2.761211368222288, 2.7656574697528975, 6.405789775663888, 6.410059064470468, 7.279016577807747, 8.217998785592512, 7.275265318873258], [5.523245917031035, 4.562173083082229, 3.145345209988881, 2.559093585627536, 1.5298288727828353, 0.0, 1.5285202452044917, 2.518875131879308, 2.825990587387014, 3.705797897889198, 4.865523746730664, 6.089564195408403, 5.39436479022322, 6.5039665174414925, 5.74401379611853, 5.121564505109743, 4.7264738748881285, 3.456423521503116, 2.851673729584084, 3.4809915871774235, 2.7835195580415815, 2.1627286514956054, 2.1536103825901285, 1.0969784546653594, 1.0960477818051546, 2.160039809818328, 2.1610396063006343, 5.041325120442044, 5.045294236216556, 6.239191784197693, 6.99016494655169, 6.235986651685521], [6.947970718130581, 6.029336373101106, 4.561546602853028, 3.9041575787870038, 2.5238049013344908, 1.5285202452044917, 0.0, 1.5108512997644739, 2.434872633219241, 2.3464662580143787, 3.6703924054520387, 4.722087348832082, 6.803847532830229, 7.960486036668867, 7.0552360449527125, 6.518495318706611, 6.245179468197851, 4.664161037099812, 4.286873865650819, 4.658391809412342, 4.173981716538778, 2.779554975171385, 2.7124735611614725, 2.1601925029959714, 2.1529989038548067, 1.095687482816154, 1.095692520737456, 4.014764746532479, 4.014592765150657, 4.816415386986468, 5.694854879625995, 4.816493020860718], [7.706945302128464, 6.949427387202489, 5.52301978269135, 5.076172153306072, 3.8730156867743255, 2.518875131879308, 1.5108512997644739, 0.0, 1.222468653994858, 1.3638905931195504, 2.3479178350189347, 3.6444753559325926, 7.361369569584181, 8.725105342057484, 7.866677590952866, 7.595503313803503, 7.071966271129975, 5.691421823235386, 4.982673411934601, 5.958335571281631, 5.182462430158081, 4.177236944440667, 4.129637166870717, 2.754031528505075, 2.7408403036295277, 2.1250470606553638, 2.124351974132347, 2.6294857253843382, 2.6296200752199925, 3.931988556697489, 4.48772200899298, 3.931848355417589], [7.449754958386215, 6.822042395060295, 5.508146338833057, 5.267756063068981, 4.342612197744579, 2.825990587387014, 2.434872633219241, 1.222468653994858, 0.0, 2.295725571578624, 2.670444946071722, 4.1635324485345375, 6.951374512281726, 8.433202375136032, 7.708359296893211, 7.604619434264938, 6.838840256213038, 5.806321579106689, 4.769030457021637, 6.266549853787169, 5.228244991390515, 4.776502726891298, 4.753914042134124, 2.7601893141594473, 2.750754365624092, 3.1190827914629002, 3.1137517723800654, 2.6452758892032415, 2.64528210404864, 4.593651388601447, 4.789017834587798, 4.593613610220172], [8.968398587261829, 8.203330712582542, 6.738179679260564, 6.2159820575674125, 4.870219268164422, 3.705797897889198, 2.3464662580143787, 1.3638905931195504, 2.295725571578624, 0.0, 1.4326066138336795, 2.389172963600585, 8.651304732235479, 10.004363635934073, 9.053303182264472, 8.786492091841884, 8.372138692711676, 6.798966590593014, 6.265919713816959, 7.002625157039323, 6.3785811298438455, 5.021001842262159, 4.955148423609529, 4.007788683301554, 3.9911626501559665, 2.5787530824024234, 2.5845242657015235, 2.076674324490964, 2.076600907733597, 2.6437753346303845, 3.349189908022536, 2.64376575739985], [9.908704164016605, 9.252171019279746, 7.827270160151623, 7.420861945219032, 6.166192558621568, 4.865523746730664, 3.6703924054520387, 2.3479178350189347, 2.670444946071722, 1.4326066138336795, 0.0, 1.5163183240995273, 9.465891261788297, 10.936739921475686, 10.026290516437273, 9.927042219614059, 9.362059295902798, 7.927970994523126, 7.218405475588082, 8.278469676214318, 7.497201123085868, 6.358106857390807, 6.302192466911813, 5.010533302952891, 4.993023125321973, 3.9319856624865768, 3.9356226991417764, 1.095734776303098, 1.0957135848386659, 2.160400289298259, 2.1629184982333474, 2.160373321905267], [11.244808478137811, 10.556675189187171, 9.091469591875672, 8.604754888432325, 7.241873564900177, 6.089564195408403, 4.722087348832082, 3.6444753559325926, 4.1635324485345375, 2.389172963600585, 1.5163183240995273, 0.0, 10.853022086036681, 12.290119702020807, 11.295238649094584, 11.162947238520838, 10.71590225132723, 9.105759617406996, 8.562763139898243, 9.375723508081922, 8.740679807657983, 7.323176465851414, 7.254343132910105, 6.315468353178567, 6.296340318788367, 4.787840067295481, 4.794916534205783, 2.1497525811125335, 2.1497279688369875, 1.0949987625563786, 1.093607264972211, 1.0949929543152321], [1.0947254039255687, 2.1687021671958555, 2.7830425400988754, 4.19941176475944, 5.25937405115856, 5.39436479022322, 6.803847532830229, 7.361369569584181, 6.951374512281726, 8.651304732235479, 9.465891261788297, 10.853022086036681, 0.0, 1.7719273376749964, 1.7747298667684612, 3.0649817960307693, 2.5027107263924853, 3.1156320081164917, 2.5491806114906805, 4.7008249042056445, 4.389565702891346, 5.437727653165429, 6.212239526129043, 5.487735339828261, 4.711243637300028, 6.981898884257777, 7.541233759140477, 9.152850157191475, 9.59645516323606, 11.281608917614543, 11.5634521112858, 10.91369806848256], [1.0944312404166838, 2.1591859160340965, 3.4716348238258012, 4.6780340251007155, 5.997621838695735, 6.5039665174414925, 7.960486036668867, 8.725105342057484, 8.433202375136032, 10.004363635934073, 10.936739921475686, 12.290119702020807, 1.7719273376749964, 0.0, 1.77204542548999, 2.472387170327496, 2.473740376434035, 3.755022628427158, 3.7432340963396884, 4.794940396918402, 4.860595999463441, 6.145558137386709, 6.805500838292506, 6.585118872883011, 6.013589349132514, 8.113747177476016, 8.560599834123776, 10.712180105375378, 11.063789253687002, 12.631865281897209, 13.063966846253093, 12.330712778262253], [1.0947153648323387, 2.168637076599033, 2.7823438177191546, 4.200561796950498, 5.220816437110196, 5.74401379611853, 7.0552360449527125, 7.866677590952866, 7.708359296893211, 9.053303182264472, 10.026290516437273, 11.295238649094584, 1.7747298667684612, 1.77204542548999, 0.0, 2.5024757721104915, 3.0654597143006135, 2.5618113845480504, 3.1016707900742784, 4.3711276050923065, 4.744724400847746, 5.0919363085176155, 6.146191751808595, 6.104738059900687, 5.139468607745358, 7.001325957988244, 7.755593415722617, 9.748294971942528, 10.312222634330583, 11.68985886356204, 12.09647040214624, 11.204738089308469], [2.145878976084159, 1.0962572417092624, 2.1636844571240053, 2.7597591815229094, 4.166644170072602, 5.121564505109743, 6.518495318706611, 7.595503313803503, 7.604619434264938, 8.786492091841884, 9.927042219614059, 11.162947238520838, 3.0649817960307693, 2.472387170327496, 2.5024757721104915, 0.0, 1.765117789270733, 2.5077343599352786, 3.0621220125919217, 2.490600395487, 3.1282756831839484, 4.3270452990464525, 4.765570146372834, 5.2914822620887625, 4.99319434230233, 6.658044200814531, 6.898684778999546, 9.919841692789257, 10.08940162794603, 11.329410599850286, 12.058380823311229, 11.181400258464947], [2.146566488604534, 1.0962996898658688, 2.1631793222014672, 2.7563560346950826, 4.212809932812066, 4.7264738748881285, 6.245179468197851, 7.071966271129975, 6.838840256213038, 8.372138692711676, 9.362059295902798, 10.71590225132723, 2.5027107263924853, 2.473740376434035, 3.0654597143006135, 1.765117789270733, 0.0, 3.067392601216871, 2.5028811098412165, 3.0281985040614496, 2.559543721056548, 4.7253292932874, 4.848255658481718, 4.568321527651047, 4.551995512959124, 6.635882353538223, 6.656243590043862, 9.336873015094508, 9.358962010821498, 10.90813009685895, 11.524751117920072, 10.88948589833331], [2.752448673454239, 2.1596043896973356, 1.0966993617213425, 2.1612268784188298, 2.760908281707308, 3.456423521503116, 4.664161037099812, 5.691421823235386, 5.806321579106689, 6.798966590593014, 7.927970994523126, 9.105759617406996, 3.1156320081164917, 3.755022628427158, 2.5618113845480504, 2.5077343599352786, 3.067392601216871, 0.0, 1.7654798611142524, 2.5255388236968366, 3.0678008361039346, 2.5333699335075406, 3.72789779366334, 4.048744379434197, 3.060089890836542, 4.567293962512157, 5.298316232540297, 7.817030503330533, 8.271851382248112, 9.391360723558648, 9.997607488794507, 9.000726004051007], [2.739701158885764, 2.1522547758107082, 1.0956263277230973, 2.166405580679666, 2.843158704680413, 2.851673729584084, 4.286873865650819, 4.982673411934601, 4.769030457021637, 6.265919713816959, 7.218405475588082, 8.562763139898243, 2.5491806114906805, 3.7432340963396884, 3.1016707900742784, 3.0621220125919217, 2.5028811098412165, 1.7654798611142524, 0.0, 3.064256322503064, 2.494280331077483, 3.177074333408018, 3.8463445581486844, 3.0561581552661834, 2.280752783622109, 4.546944772041992, 4.992452064867524, 7.071396871198788, 7.373765350890955, 8.890577984585702, 9.357324706346361, 8.6460265914465], [4.1370728939674235, 2.7131736453828386, 2.154078916845899, 1.0972243207293575, 2.14309441929188, 3.4809915871774235, 4.658391809412342, 5.958335571281631, 6.266549853787169, 7.002625157039323, 8.278469676214318, 9.375723508081922, 4.7008249042056445, 4.794940396918402, 4.3711276050923065, 2.490600395487, 3.0281985040614496, 2.5255388236968366, 3.064256322503064, 0.0, 1.760292072356176, 2.4955170626545513, 2.3941513298035275, 3.728607968129661, 3.8468720917129544, 4.853739664423711, 4.7711793856446025, 8.49330743232576, 8.449713672071972, 9.37387076665771, 10.34750014496255, 9.412408556262312], [4.184587330908508, 2.780073144721196, 2.1631606227924918, 1.0968726863223464, 2.1620857961699858, 2.7835195580415815, 4.173981716538778, 5.182462430158081, 5.228244991390515, 6.3785811298438455, 7.497201123085868, 8.740679807657983, 4.389565702891346, 4.860595999463441, 4.744724400847746, 3.1282756831839484, 2.559543721056548, 3.0678008361039346, 2.494280331077483, 1.760292072356176, 0.0, 3.0675459197866948, 2.495507036656078, 2.5334793427221785, 3.1758809943069344, 4.727333025078728, 4.325245337550229, 7.710133465770875, 7.474792175037377, 8.764192335292512, 9.623499489790603, 8.962052013350513], [5.18316910779496, 4.174902228795305, 2.783733695955847, 2.1619812996416043, 1.0968053336850618, 2.1627286514956054, 2.779554975171385, 4.177236944440667, 4.776502726891298, 5.021001842262159, 6.358106857390807, 7.323176465851414, 5.437727653165429, 6.145558137386709, 5.0919363085176155, 4.3270452990464525, 4.7253292932874, 2.5333699335075406, 3.177074333408018, 2.4955170626545513, 3.0675459197866948, 0.0, 1.7602997415213124, 3.0686657866245386, 2.496980220185975, 2.5651153112482095, 3.139659099329098, 6.5258566541106315, 6.7744347993024485, 7.413684715443462, 8.328313578390285, 7.191393777286848], [5.962524423430062, 4.659186216497469, 3.4813734085846058, 2.1430575773879714, 1.0971152993190825, 2.1536103825901285, 2.7124735611614725, 4.129637166870717, 4.753914042134124, 4.955148423609529, 6.302192466911813, 7.254343132910105, 6.212239526129043, 6.805500838292506, 6.146191751808595, 4.765570146372834, 4.848255658481718, 3.72789779366334, 3.8463445581486844, 2.3941513298035275, 2.495507036656078, 1.7602997415213124, 0.0, 2.528340501198365, 3.0653228051870816, 3.0385895313450946, 2.4978850934340437, 6.716719012285686, 6.4900615567188575, 7.1258739225445185, 8.264895700491325, 7.329104430965628], [5.690872146692455, 4.663086262337424, 3.4549690678789005, 2.76087698566959, 2.162591013113668, 1.0969784546653594, 2.1601925029959714, 2.754031528505075, 2.7601893141594473, 4.007788683301554, 5.010533302952891, 6.315468353178567, 5.487735339828261, 6.585118872883011, 6.104738059900687, 5.2914822620887625, 4.568321527651047, 4.048744379434197, 3.0561581552661834, 3.728607968129661, 2.5334793427221785, 3.0686657866245386, 2.528340501198365, 0.0, 1.7609927796558393, 3.0658131759779494, 2.5007641332200845, 5.25333396996612, 4.948867181487093, 6.4059989892287685, 7.144241620354115, 6.639695963671831], [4.97986453028594, 4.28700560531474, 2.851603403350473, 2.843038058134291, 2.167830865173757, 1.0960477818051546, 2.1529989038548067, 2.7408403036295277, 2.750754365624092, 3.9911626501559665, 4.993023125321973, 6.296340318788367, 4.711243637300028, 6.013589349132514, 5.139468607745358, 4.99319434230233, 4.551995512959124, 3.060089890836542, 2.280752783622109, 3.8468720917129544, 3.1758809943069344, 2.496980220185975, 3.0653228051870816, 1.7609927796558393, 0.0, 2.495784041138175, 3.060989287795696, 4.926900507418432, 5.242086907902234, 6.624606809464241, 7.124955925477715, 6.3826580121450975], [7.064746999008528, 6.243797435855843, 4.723866150728659, 4.215100741382108, 2.761211368222288, 2.160039809818328, 1.095687482816154, 2.1250470606553638, 3.1190827914629002, 2.5787530824024234, 3.9319856624865768, 4.787840067295481, 6.981898884257777, 8.113747177476016, 7.001325957988244, 6.658044200814531, 6.635882353538223, 4.567293962512157, 4.546944772041992, 4.853739664423711, 4.727333025078728, 2.5651153112482095, 3.0385895313450946, 3.0658131759779494, 2.495784041138175, 0.0, 1.7848907473568236, 4.16127465447788, 4.527428167293215, 4.95549868933491, 5.800169650967117, 4.629594835404067], [7.597768194674011, 6.520700049841274, 5.124141226586168, 4.169293918638982, 2.7656574697528975, 2.1610396063006343, 1.095692520737456, 2.124351974132347, 3.1137517723800654, 2.5845242657015235, 3.9356226991417764, 4.794916534205783, 7.541233759140477, 8.560599834123776, 7.755593415722617, 6.898684778999546, 6.656243590043862, 5.298316232540297, 4.992452064867524, 4.7711793856446025, 4.325245337550229, 3.139659099329098, 2.4978850934340437, 2.5007641332200845, 3.060989287795696, 1.7848907473568236, 0.0, 4.530904396475388, 4.160903355042027, 4.636764248913244, 5.806050437259393, 4.965485045793613], [9.675157033867718, 9.179277209562853, 7.771509020775824, 7.579815584168259, 6.405789775663888, 5.041325120442044, 4.014764746532479, 2.6294857253843382, 2.6452758892032415, 2.076674324490964, 1.095734776303098, 2.1497525811125335, 9.152850157191475, 10.712180105375378, 9.748294971942528, 9.919841692789257, 9.336873015094508, 7.817030503330533, 7.071396871198788, 8.49330743232576, 7.710133465770875, 6.5258566541106315, 6.716719012285686, 5.25333396996612, 4.926900507418432, 4.16127465447788, 4.530904396475388, 0.0, 1.792145602343738, 3.0640591720787644, 2.499043955195666, 2.497069156030726], [10.08003062743363, 9.377301879005495, 8.027820470090248, 7.558719311497153, 6.410059064470468, 5.045294236216556, 4.014592765150657, 2.6296200752199925, 2.64528210404864, 2.076600907733597, 1.0957135848386659, 2.1497279688369875, 9.59645516323606, 11.063789253687002, 10.312222634330583, 10.08940162794603, 9.358962010821498, 8.271851382248112, 7.373765350890955, 8.449713672071972, 7.474792175037377, 6.7744347993024485, 6.4900615567188575, 4.948867181487093, 5.242086907902234, 4.527428167293215, 4.160903355042027, 1.792145602343738, 0.0, 2.497055556049965, 2.499046396127931, 3.0640129258865736], [11.603809823501933, 10.789636564778261, 9.333653981694413, 8.674713624091577, 7.279016577807747, 6.239191784197693, 4.816415386986468, 3.931988556697489, 4.593651388601447, 2.6437753346303845, 2.160400289298259, 1.0949987625563786, 11.281608917614543, 12.631865281897209, 11.68985886356204, 11.329410599850286, 10.90813009685895, 9.391360723558648, 8.890577984585702, 9.37387076665771, 8.764192335292512, 7.413684715443462, 7.1258739225445185, 6.4059989892287685, 6.624606809464241, 4.95549868933491, 4.636764248913244, 3.0640591720787644, 2.497055556049965, 0.0, 1.7801330568246858, 1.7593417064345405], [12.025808462635682, 11.39954674449822, 9.958227474304854, 9.533774355416641, 8.217998785592512, 6.99016494655169, 5.694854879625995, 4.48772200899298, 4.789017834587798, 3.349189908022536, 2.1629184982333474, 1.093607264972211, 11.5634521112858, 13.063966846253093, 12.09647040214624, 12.058380823311229, 11.524751117920072, 9.997607488794507, 9.357324706346361, 10.34750014496255, 9.623499489790603, 8.328313578390285, 8.264895700491325, 7.144241620354115, 7.124955925477715, 5.800169650967117, 5.806050437259393, 2.499043955195666, 2.499046396127931, 1.7801330568246858, 0.0, 1.7801370115808501], [11.260349091391438, 10.62110313856334, 9.118154535321278, 8.692710250549021, 7.275265318873258, 6.235986651685521, 4.816493020860718, 3.931848355417589, 4.593613610220172, 2.64376575739985, 2.160373321905267, 1.0949929543152321, 10.91369806848256, 12.330712778262253, 11.204738089308469, 11.181400258464947, 10.88948589833331, 9.000726004051007, 8.6460265914465, 9.412408556262312, 8.962052013350513, 7.191393777286848, 7.329104430965628, 6.639695963671831, 6.3826580121450975, 4.629594835404067, 4.965485045793613, 2.497069156030726, 3.0640129258865736, 1.7593417064345405, 1.7801370115808501, 0.0]]}