{"total energy": -75.91270309, "HOMO-LUMO gap/eV": 3.490579, "electronic energy": -76.66335671, "dipole": [-1.3561031, 0.28892585, 1.91704224], "partial charges": [-0.12008353, 0.0068496, -0.03426056, -0.0740488, -0.02734773, -0.04406082, 0.05963068, -0.33013017, 1.15623849, -0.52161126, -0.51171085, 0.36666086, -0.16037929, -0.17008011, -0.17602696, 0.95214878, -0.54427707, -0.54625518, -0.0702981, -0.02366693, -0.02365252, -0.02303651, -0.02360239, -0.02612946, 0.05725022, 0.06846435, 0.05819528, 0.08079874, 0.06765645, 0.08046351, 0.21739416, 0.06815154, 0.05374398, 0.05160286, 0.05160981, 0.05379895], "atomic dipole moments": [[-0.03488548, -0.08517222, -0.03863555], [0.03479344, 0.01395805, 0.0432879], [0.00193635, -0.03799332, -0.01657844], [-0.09841489, 0.02488407, -0.11189161], [0.0012869, 0.03147149, -0.00643539], [0.01970672, 0.05201698, -0.00113323], [0.16187557, -0.04376853, 0.12659657], [0.07944657, 0.03407978, -0.10600031], [0.050075, 0.17667108, -0.26070729], [-0.12506197, -0.03520692, -0.12682056], [0.05045246, 0.14821051, 0.08052963], [0.04884524, 0.07729004, -0.1087916], [-0.24180121, 0.08473643, 0.08646848], [0.16818044, 0.00648772, 0.20941307], [-0.02560735, -0.25974376, -0.07405336], [0.01848077, -0.04419159, 0.07106236], [-0.04403146, 0.10873238, 0.14762007], [0.02932975, -0.1896054, -0.00873938], [0.13483163, 0.0764982, -0.07754556], [0.01901716, 0.04580061, 0.01076157], [0.0211576, 0.01767966, -0.0051698], [0.01428256, 0.0085806, -0.00598908], [0.02093862, 0.00516119, -0.01710329], [0.02623287, -0.00738293, -0.03887363], [0.13071321, 0.00461803, -0.02132467], [-0.04210963, 0.11720122, -0.04374233], [-0.03030162, -0.00211522, 0.12717391], [-0.04692722, 0.14684916, -0.03191379], [-0.06645568, -0.11994838, -0.07466599], [0.03367951, -0.15252952, 0.02594462], [0.04069382, 0.08224335, 0.08174507], [0.06161069, -0.07009356, -0.12673562], [-0.06289245, -0.12468591, -0.06002793], [-0.12615576, -0.05883578, 0.05956457], [-0.06694546, 0.06585772, 0.11927285], [0.05725544, 0.13126198, 0.0612046]], "atomic quadrupole moments": [[-0.03567362, 0.09183816, 0.05747749, 0.09792149, 0.11248309, -0.02180387], [0.0626812, 0.12245687, -0.19034646, -0.31172702, 0.04105369, 0.12766526], [0.10765285, 0.06123276, -0.28781009, -0.37533158, -0.00770979, 0.18015724], [0.17724321, -0.06005476, -0.42098755, -0.09609068, -0.11578794, 0.24374434], [0.1002616, -0.00076387, -0.27394264, -0.3934565, -0.06844991, 0.17368104], [0.12588794, 0.01386724, -0.29070061, -0.37902384, -0.01687208, 0.16481267], [0.20745682, -0.04809128, -0.40464775, -0.14222359, -0.08954334, 0.19719094], [0.10756034, -0.14357024, -0.02992703, -0.02414517, 0.01419559, -0.07763331], [0.04990476, -0.10110043, -0.10841826, -0.24812317, -0.27028694, 0.0585135], [0.03797941, 0.01401723, -0.08846899, 0.11745336, 0.0242008, 0.05048957], [-0.0557647, 0.05818543, 0.10559635, 0.01838673, 0.08775363, -0.04983165], [0.02989011, -0.03792733, 0.01128371, 0.06033918, 0.08897349, -0.04117382], [0.05547773, -0.04069706, -0.02204749, -0.02310013, 0.01768046, -0.03343025], [0.01637576, 0.00331425, -0.03859163, 0.06028619, 0.01195077, 0.02221587], [-0.03546003, 0.00496461, 0.06523659, 0.00493988, 0.04351728, -0.02977656], [0.23069782, 0.1202021, -0.20307065, 0.10496617, -0.12546277, -0.02762717], [-0.06661733, -0.0300458, -0.02269652, -0.047022, 0.10978944, 0.08931385], [-0.0756604, -0.03287354, 0.16492662, 0.00261787, -0.00881635, -0.08926622], [0.17706637, -0.03295518, -0.10875452, 0.0383643, -0.37630737, -0.06831185], [-0.00581333, -0.2411513, 0.00603722, 0.28636785, -0.29757727, -0.00022388], [-0.00348633, -0.25637299, -0.02043768, 0.26504928, -0.29058479, 0.02392402], [-0.024038, -0.26529275, -0.0088435, 0.28763266, -0.28022807, 0.03288151], [-0.00723285, -0.24373197, -0.01989337, 0.27543826, -0.28812072, 0.02712622], [-0.00996961, -0.26257986, -0.04000668, 0.26118394, -0.28418851, 0.0499763], [0.07760993, -0.01428627, -0.02866524, -0.01653673, 0.00875886, -0.04894469], [-0.01924672, -0.03483303, 0.03959066, 0.03430406, -0.03300077, -0.02034393], [-0.04623803, 0.00904705, -0.0284216, -0.0247321, -0.01337011, 0.07465963], [-0.00671366, 0.00465873, 0.02131578, 0.05000913, 0.01312988, -0.01460212], [-0.00638992, -0.01209751, 0.02741598, 0.05047398, -0.00624923, -0.02102606], [0.00560357, -0.00697359, 0.01144697, 0.05133255, 0.0007441, -0.01705055], [-0.01870935, -0.01970836, 0.01857286, 0.01549989, 0.06470564, 0.00013649], [0.01219464, 0.03879104, 0.0026135, -0.02950159, 0.02429515, -0.01480814], [0.00353363, 0.02925046, -0.00310565, -0.03940614, 0.03311874, -0.00042798], [-0.00246904, 0.03056685, 0.00400731, -0.033543, 0.03845369, -0.00153827], [0.00284845, 0.03686165, 0.00493333, -0.03178686, 0.03329298, -0.00778178], [0.01140474, 0.02921192, -0.00971867, -0.04087657, 0.02705794, -0.00168607]], "number of molecular orbitals": 118, "number of electrons": 130, "number of unpaired electrons": 0, "orbital energies/eV": [-25.2239261, -24.87598709, -24.75881004, -22.92436901, -21.05126594, -19.60006451, -19.41386522, -19.1415395, -18.78077332, -18.50934615, -18.35165003, -18.22785974, -18.20719214, -18.14325584, -18.0554914, -17.89469477, -17.58896198, -17.49477529, -17.46057312, -17.27499946, -17.09201769, -16.68411739, -16.5723126, -16.28672142, -16.20795173, -16.17731209, -16.1561535, -16.07054959, -15.87370798, -15.86631924, -15.7954302, -15.73509582, -15.54813106, -15.38540094, -15.20697556, -14.95222913, -14.84382816, -14.61367002, -14.38342511, -14.30592675, -14.26697623, -14.02337514, -13.99225505, -13.94996037, -13.87359424, -13.80304927, -13.79062376, -13.71494396, -13.625261, -13.55219462, -13.49524213, -13.42212847, -13.27734596, -13.10212771, -12.71793867, -12.49714101, -12.32833744, -12.29353216, -12.0360317, -11.92650114, -11.89387368, -11.80333185, -11.72313737, -11.56220626, -11.19296926, -7.70239026, -7.2480397, -7.21195473, -6.95380428, -6.36508463, -5.1748228, -4.27043333, -3.88546171, -3.73262479, -3.54327827, -3.099591, -2.08173635, -1.862512, -1.24586017, -0.69574785, -0.48262422, 0.3225005, 0.42099816, 1.61915097, 2.1065324, 2.43266356, 2.58431901, 2.95770328, 2.99888779, 3.24205865, 3.37950495, 3.80849309, 3.89820741, 3.94118204, 4.29149912, 4.47942379, 4.71367097, 5.13410549, 5.31267208, 5.37985161, 8.0732474, 8.70115853, 9.35357739, 9.716917, 9.86453526, 10.01535817, 10.26258312, 11.20466592, 11.58390375, 13.34839432, 15.47452775, 15.55819732, 15.65420764, 16.58446224, 22.7138699, 25.58800472, 29.31647581, 30.6496559], "fractional occupation": [2.0, 2.0, 2.0, 2.0, 2.0, 2.0, 2.0, 2.0, 2.0, 2.0, 2.0, 2.0, 2.0, 2.0, 2.0, 2.0, 2.0, 2.0, 2.0, 2.0, 2.0, 2.0, 2.0, 2.0, 2.0, 2.0, 2.0, 2.0, 2.0, 2.0, 2.0, 2.0, 2.0, 2.0, 2.0, 2.0, 2.0, 2.0, 2.0, 2.0, 2.0, 2.0, 2.0, 2.0, 2.0, 2.0, 2.0, 2.0, 2.0, 2.0, 2.0, 2.0, 2.0, 2.0, 2.0, 2.0, 2.0, 2.0, 2.0, 2.0, 2.0, 2.0, 2.0, 2.0, 2.0, 0.0, 0.0, 0.0, 0.0, 0.0, 0.0, 0.0, 0.0, 0.0, 0.0, 0.0, 0.0, 0.0, 0.0, 0.0, 0.0, 0.0, 0.0, 0.0, 0.0, 0.0, 0.0, 0.0, 0.0, 0.0, 0.0, 0.0, 0.0, 0.0, 0.0, 0.0, 0.0, 0.0, 0.0, 0.0, 0.0, 0.0, 0.0, 0.0, 0.0, 0.0, 0.0, 0.0, 0.0, 0.0, 0.0, 0.0, 0.0, 0.0, 0.0, 0.0, 0.0, 0.0], "program call": "xtb /home/svss/Project-DBcg-Debug/aqme2_20220329/End-to-End-workflows-final/example-3/QDESCP/mol_583_rdkit_conf_2/mol_583_rdkit_conf_2.xyz --pop --wbo --acc 0.2 --gfn 2 --chrg 0 --uhf 0 --etemp 300 --input /home/svss/Project-DBcg-Debug/aqme2_20220329/End-to-End-workflows-final/example-3/QDESCP/mol_583_rdkit_conf_2/mol_583_rdkit_conf_2_xtb.inp", "method": "GFN2-xTB", "xtb version": "6.3.3 (7355c4f)", "Dipole module/D": 6.014, "Total charge": 0, "Transition dipole module/D": NaN, "HOMO": -11.193, "LUMO": -7.7024, "HOMO occupancy": 2.0, "LUMO occupancy": 0, "mulliken charges": [-0.09041, -0.00784, -0.0239, 0.05397, -0.02121, -0.03514, 0.1185, -0.26996, 0.50854, -0.35728, -0.34384, 0.66513, -0.19578, -0.20861, -0.21491, 0.46942, -0.41583, -0.4203, 0.05342, -0.01526, -0.02142, -0.01751, -0.02153, -0.02242, 0.04761, 0.05319, 0.04348, 0.06997, 0.05919, 0.06842, 0.24895, 0.06453, 0.04375, 0.04109, 0.04182, 0.05219], "cm5 charges": [-0.23266, -0.01773, -0.07181, 0.06136, -0.07123, -0.08111, 0.17178, -0.58995, 0.63058, -0.40148, -0.38998, 0.73122, -0.21374, -0.22704, -0.2344, 0.51817, -0.46601, -0.47115, 0.06073, -0.06556, -0.07652, -0.0727, -0.07662, -0.07273, 0.10314, 0.10522, 0.09655, 0.13106, 0.11784, 0.13153, 0.44511, 0.12457, 0.09903, 0.09635, 0.09711, 0.11109], "FUKUI+": [0.016, -0.024, -0.017, -0.024, -0.014, -0.016, -0.04, -0.009, -0.077, -0.036, -0.025, -0.011, -0.031, -0.012, -0.018, -0.095, -0.021, -0.021, -0.015, -0.015, -0.016, -0.034, -0.015, -0.013, -0.024, -0.027, -0.029, -0.04, -0.036, -0.04, -0.027, -0.034, -0.043, -0.049, -0.041, -0.028], "FUKUI-": [0.015, -0.028, -0.007, -0.012, -0.01, -0.014, -0.023, -0.025, -0.04, -0.025, -0.013, 0.001, -0.023, -0.003, -0.009, -0.15, -0.052, -0.052, -0.008, -0.011, -0.018, -0.016, -0.017, -0.009, -0.035, -0.028, -0.04, -0.029, -0.031, -0.04, -0.026, -0.033, -0.051, -0.057, -0.047, -0.031], "FUKUIrad": [0.016, -0.026, -0.012, -0.018, -0.012, -0.015, -0.031, -0.017, -0.058, -0.031, -0.019, -0.005, -0.027, -0.008, -0.014, -0.123, -0.037, -0.037, -0.011, -0.013, -0.017, -0.025, -0.016, -0.011, -0.029, -0.028, -0.034, -0.035, -0.033, -0.04, -0.027, -0.033, -0.047, -0.053, -0.044, -0.03], "s proportion": [1.01, 1.091, 1.072, 1.089, 1.065, 1.066, 1.052, 1.462, 1.723, 1.723, 1.723, 1.047, 1.822, 1.824, 1.825, 1.723, 1.724, 1.724, 1.088, 1.069, 1.064, 1.066, 1.062, 1.066, 0.952, 0.947, 0.957, 0.93, 0.941, 0.932, 0.751, 0.935, 0.956, 0.959, 0.958, 0.948], "p proportion": [3.08, 2.916, 2.952, 2.857, 2.956, 2.97, 2.83, 3.808, 2.804, 4.635, 4.621, 2.288, 5.374, 5.385, 5.39, 2.918, 4.692, 4.696, 2.859, 2.947, 2.958, 2.951, 2.959, 2.956, 0.0, 0.0, 0.0, 0.0, 0.0, 0.0, 0.0, 0.0, 0.0, 0.0, 0.0, 0.0], "d proportion": [0.0, 0.0, 0.0, 0.0, 0.0, 0.0, 0.0, 0.0, 0.964, 0.0, 0.0, 0.0, 0.0, 0.0, 0.0, 0.889, 0.0, 0.0, 0.0, 0.0, 0.0, 0.0, 0.0, 0.0, 0.0, 0.0, 0.0, 0.0, 0.0, 0.0, 0.0, 0.0, 0.0, 0.0, 0.0, 0.0], "Fermi-level/eV": -9.4477, "Coordination numbers": [3.754, 2.961, 2.947, 2.958, 2.949, 2.914, 2.952, 2.685, 3.681, 0.86, 0.86, 3.313, 0.794, 0.794, 0.795, 3.817, 0.86, 0.86, 2.962, 2.946, 2.912, 2.911, 2.912, 2.95, 0.924, 0.924, 0.924, 0.925, 0.925, 0.925, 0.861, 0.925, 0.925, 0.925, 0.925, 0.925], "Dispersion coefficient C6": [22.858, 27.866, 28.852, 29.846, 28.684, 29.094, 26.662, 28.49, 102.284, 24.268, 24.045, 19.3, 10.834, 10.93, 10.99, 108.035, 24.787, 24.833, 29.75, 28.595, 28.595, 28.58, 28.593, 28.654, 2.232, 2.103, 2.22, 1.971, 2.111, 1.974, 1.021, 2.106, 2.274, 2.3, 2.3, 2.273], "Total dispersion C6": 21163.203035, "Total dispersion C8": 562308.91171, "Polarizability alpha": [6.817, 8.658, 8.81, 8.961, 8.784, 8.845, 8.469, 7.927, 17.022, 6.605, 6.574, 7.008, 3.888, 3.905, 3.916, 17.494, 6.675, 6.681, 8.946, 8.77, 8.769, 8.766, 8.768, 8.78, 2.336, 2.268, 2.33, 2.195, 2.272, 2.197, 1.583, 2.269, 2.358, 2.372, 2.372, 2.358], "Total polarizability alpha": 226.751008, "Wiberg matrix": [[0.0, 1.0277155713805128, 0.0, 0.0, 0.0, 0.0, 0.0, 0.0, 0.0, 0.0, 0.0, 0.0, 0.0, 0.0, 0.0, 0.0, 0.0, 0.0, 0.0, 0.0, 0.0, 0.0, 0.0, 0.0, 0.969379430322791, 0.9807921866166871, 0.9660957599931791, 0.0, 0.0, 0.0, 0.0, 0.0, 0.0, 0.0, 0.0, 0.0], [1.0277155713805128, 0.0, 1.4108249233162582, 0.0, 0.10321121969621373, 0.0, 1.3550716926247044, 0.0, 0.0, 0.0, 0.0, 0.0, 0.0, 0.0, 0.0, 0.0, 0.0, 0.0, 0.0, 0.0, 0.0, 0.0, 0.0, 0.0, 0.0, 0.0, 0.0, 0.0, 0.0, 0.0, 0.0, 0.0, 0.0, 0.0, 0.0, 0.0], [0.0, 1.4108249233162582, 0.0, 1.419017768409012, 0.0, 0.10567029315323688, 0.0, 0.0, 0.0, 0.0, 0.0, 0.0, 0.0, 0.0, 0.0, 0.0, 0.0, 0.0, 0.0, 0.0, 0.0, 0.0, 0.0, 0.0, 0.0, 0.0, 0.0, 0.9594426736678293, 0.0, 0.0, 0.0, 0.0, 0.0, 0.0, 0.0, 0.0], [0.0, 0.0, 1.419017768409012, 0.0, 1.4118984604546592, 0.0, 0.0, 0.0, 0.0, 0.0, 0.0, 0.0, 0.0, 0.0, 0.0, 0.7767291926364376, 0.0, 0.0, 0.0, 0.0, 0.0, 0.0, 0.0, 0.0, 0.0, 0.0, 0.0, 0.0, 0.0, 0.0, 0.0, 0.0, 0.0, 0.0, 0.0, 0.0], [0.0, 0.10321121969621373, 0.0, 1.4118984604546592, 0.0, 1.4462506366261596, 0.0, 0.0, 0.0, 0.0, 0.0, 0.0, 0.0, 0.0, 0.0, 0.0, 0.0, 0.0, 0.0, 0.0, 0.0, 0.0, 0.0, 0.0, 0.0, 0.0, 0.0, 0.0, 0.9649556116055671, 0.0, 0.0, 0.0, 0.0, 0.0, 0.0, 0.0], [0.0, 0.0, 0.10567029315323688, 0.0, 1.4462506366261596, 0.0, 1.3871615192014637, 0.0, 0.0, 0.0, 0.0, 0.0, 0.0, 0.0, 0.0, 0.0, 0.0, 0.0, 0.0, 0.0, 0.0, 0.0, 0.0, 0.0, 0.0, 0.0, 0.0, 0.0, 0.0, 0.9620374415267778, 0.0, 0.0, 0.0, 0.0, 0.0, 0.0], [0.0, 1.3550716926247044, 0.0, 0.0, 0.0, 1.3871615192014637, 0.0, 1.030087959136119, 0.0, 0.0, 0.0, 0.0, 0.0, 0.0, 0.0, 0.0, 0.0, 0.0, 0.0, 0.0, 0.0, 0.0, 0.0, 0.0, 0.0, 0.0, 0.0, 0.0, 0.0, 0.0, 0.0, 0.0, 0.0, 0.0, 0.0, 0.0], [0.0, 0.0, 0.0, 0.0, 0.0, 0.0, 1.030087959136119, 0.0, 0.9471808050895683, 0.0, 0.0, 0.0, 0.0, 0.0, 0.0, 0.0, 0.0, 0.0, 0.0, 0.0, 0.0, 0.0, 0.0, 0.0, 0.0, 0.0, 0.0, 0.0, 0.0, 0.0, 0.9181449776829153, 0.0, 0.0, 0.0, 0.0, 0.0], [0.0, 0.0, 0.0, 0.0, 0.0, 0.0, 0.0, 0.9471808050895683, 0.0, 1.639985022975979, 1.641705973704513, 0.6493914702371412, 0.0, 0.0, 0.0, 0.0, 0.0, 0.0, 0.0, 0.0, 0.0, 0.0, 0.0, 0.0, 0.0, 0.0, 0.0, 0.0, 0.0, 0.0, 0.0, 0.0, 0.0, 0.0, 0.0, 0.0], [0.0, 0.0, 0.0, 0.0, 0.0, 0.0, 0.0, 0.0, 1.639985022975979, 0.0, 0.12143993974369283, 0.0, 0.0, 0.0, 0.0, 0.0, 0.0, 0.0, 0.0, 0.0, 0.0, 0.0, 0.0, 0.0, 0.0, 0.0, 0.0, 0.0, 0.0, 0.0, 0.0, 0.0, 0.0, 0.0, 0.0, 0.0], [0.0, 0.0, 0.0, 0.0, 0.0, 0.0, 0.0, 0.0, 1.641705973704513, 0.12143993974369283, 0.0, 0.0, 0.0, 0.0, 0.0, 0.0, 0.0, 0.0, 0.0, 0.0, 0.0, 0.0, 0.0, 0.0, 0.0, 0.0, 0.0, 0.0, 0.0, 0.0, 0.0, 0.0, 0.0, 0.0, 0.0, 0.0], [0.0, 0.0, 0.0, 0.0, 0.0, 0.0, 0.0, 0.0, 0.6493914702371412, 0.0, 0.0, 0.0, 0.9805302115203695, 0.9744748072015806, 0.9662890216530342, 0.0, 0.0, 0.0, 0.0, 0.0, 0.0, 0.0, 0.0, 0.0, 0.0, 0.0, 0.0, 0.0, 0.0, 0.0, 0.0, 0.0, 0.0, 0.0, 0.0, 0.0], [0.0, 0.0, 0.0, 0.0, 0.0, 0.0, 0.0, 0.0, 0.0, 0.0, 0.0, 0.9805302115203695, 0.0, 0.0, 0.0, 0.0, 0.0, 0.0, 0.0, 0.0, 0.0, 0.0, 0.0, 0.0, 0.0, 0.0, 0.0, 0.0, 0.0, 0.0, 0.0, 0.0, 0.0, 0.0, 0.0, 0.0], [0.0, 0.0, 0.0, 0.0, 0.0, 0.0, 0.0, 0.0, 0.0, 0.0, 0.0, 0.9744748072015806, 0.0, 0.0, 0.0, 0.0, 0.0, 0.0, 0.0, 0.0, 0.0, 0.0, 0.0, 0.0, 0.0, 0.0, 0.0, 0.0, 0.0, 0.0, 0.0, 0.0, 0.0, 0.0, 0.0, 0.0], [0.0, 0.0, 0.0, 0.0, 0.0, 0.0, 0.0, 0.0, 0.0, 0.0, 0.0, 0.9662890216530342, 0.0, 0.0, 0.0, 0.0, 0.0, 0.0, 0.0, 0.0, 0.0, 0.0, 0.0, 0.0, 0.0, 0.0, 0.0, 0.0, 0.0, 0.0, 0.0, 0.0, 0.0, 0.0, 0.0, 0.0], [0.0, 0.0, 0.0, 0.7767291926364376, 0.0, 0.0, 0.0, 0.0, 0.0, 0.0, 0.0, 0.0, 0.0, 0.0, 0.0, 0.0, 1.6490341949506342, 1.6473122984701087, 0.7740491534870272, 0.0, 0.0, 0.0, 0.0, 0.0, 0.0, 0.0, 0.0, 0.0, 0.0, 0.0, 0.0, 0.0, 0.0, 0.0, 0.0, 0.0], [0.0, 0.0, 0.0, 0.0, 0.0, 0.0, 0.0, 0.0, 0.0, 0.0, 0.0, 0.0, 0.0, 0.0, 0.0, 1.6490341949506342, 0.0, 0.11428170615888075, 0.0, 0.0, 0.0, 0.0, 0.0, 0.0, 0.0, 0.0, 0.0, 0.0, 0.0, 0.0, 0.0, 0.0, 0.0, 0.0, 0.0, 0.0], [0.0, 0.0, 0.0, 0.0, 0.0, 0.0, 0.0, 0.0, 0.0, 0.0, 0.0, 0.0, 0.0, 0.0, 0.0, 1.6473122984701087, 0.11428170615888075, 0.0, 0.0, 0.0, 0.0, 0.0, 0.0, 0.0, 0.0, 0.0, 0.0, 0.0, 0.0, 0.0, 0.0, 0.0, 0.0, 0.0, 0.0, 0.0], [0.0, 0.0, 0.0, 0.0, 0.0, 0.0, 0.0, 0.0, 0.0, 0.0, 0.0, 0.0, 0.0, 0.0, 0.0, 0.7740491534870272, 0.0, 0.0, 0.0, 1.4180746244209976, 0.0, 0.10740507773338588, 0.0, 1.4140405964284442, 0.0, 0.0, 0.0, 0.0, 0.0, 0.0, 0.0, 0.0, 0.0, 0.0, 0.0, 0.0], [0.0, 0.0, 0.0, 0.0, 0.0, 0.0, 0.0, 0.0, 0.0, 0.0, 0.0, 0.0, 0.0, 0.0, 0.0, 0.0, 0.0, 0.0, 1.4180746244209976, 0.0, 1.4381004083138902, 0.0, 0.1100861354928787, 0.0, 0.0, 0.0, 0.0, 0.0, 0.0, 0.0, 0.0, 0.9638918638236311, 0.0, 0.0, 0.0, 0.0], [0.0, 0.0, 0.0, 0.0, 0.0, 0.0, 0.0, 0.0, 0.0, 0.0, 0.0, 0.0, 0.0, 0.0, 0.0, 0.0, 0.0, 0.0, 0.0, 1.4381004083138902, 0.0, 1.4394705853976912, 0.0, 0.11189907290704669, 0.0, 0.0, 0.0, 0.0, 0.0, 0.0, 0.0, 0.0, 0.96862678237463, 0.0, 0.0, 0.0], [0.0, 0.0, 0.0, 0.0, 0.0, 0.0, 0.0, 0.0, 0.0, 0.0, 0.0, 0.0, 0.0, 0.0, 0.0, 0.0, 0.0, 0.0, 0.10740507773338588, 0.0, 1.4394705853976912, 0.0, 1.4350990094612626, 0.0, 0.0, 0.0, 0.0, 0.0, 0.0, 0.0, 0.0, 0.0, 0.0, 0.9697515670946532, 0.0, 0.0], [0.0, 0.0, 0.0, 0.0, 0.0, 0.0, 0.0, 0.0, 0.0, 0.0, 0.0, 0.0, 0.0, 0.0, 0.0, 0.0, 0.0, 0.0, 0.0, 0.1100861354928787, 0.0, 1.4350990094612626, 0.0, 1.4440681681768304, 0.0, 0.0, 0.0, 0.0, 0.0, 0.0, 0.0, 0.0, 0.0, 0.0, 0.9688939964243106, 0.0], [0.0, 0.0, 0.0, 0.0, 0.0, 0.0, 0.0, 0.0, 0.0, 0.0, 0.0, 0.0, 0.0, 0.0, 0.0, 0.0, 0.0, 0.0, 1.4140405964284442, 0.0, 0.11189907290704669, 0.0, 1.4440681681768304, 0.0, 0.0, 0.0, 0.0, 0.0, 0.0, 0.0, 0.0, 0.0, 0.0, 0.0, 0.0, 0.9668265187753252], [0.969379430322791, 0.0, 0.0, 0.0, 0.0, 0.0, 0.0, 0.0, 0.0, 0.0, 0.0, 0.0, 0.0, 0.0, 0.0, 0.0, 0.0, 0.0, 0.0, 0.0, 0.0, 0.0, 0.0, 0.0, 0.0, 0.0, 0.0, 0.0, 0.0, 0.0, 0.0, 0.0, 0.0, 0.0, 0.0, 0.0], [0.9807921866166871, 0.0, 0.0, 0.0, 0.0, 0.0, 0.0, 0.0, 0.0, 0.0, 0.0, 0.0, 0.0, 0.0, 0.0, 0.0, 0.0, 0.0, 0.0, 0.0, 0.0, 0.0, 0.0, 0.0, 0.0, 0.0, 0.0, 0.0, 0.0, 0.0, 0.0, 0.0, 0.0, 0.0, 0.0, 0.0], [0.9660957599931791, 0.0, 0.0, 0.0, 0.0, 0.0, 0.0, 0.0, 0.0, 0.0, 0.0, 0.0, 0.0, 0.0, 0.0, 0.0, 0.0, 0.0, 0.0, 0.0, 0.0, 0.0, 0.0, 0.0, 0.0, 0.0, 0.0, 0.0, 0.0, 0.0, 0.0, 0.0, 0.0, 0.0, 0.0, 0.0], [0.0, 0.0, 0.9594426736678293, 0.0, 0.0, 0.0, 0.0, 0.0, 0.0, 0.0, 0.0, 0.0, 0.0, 0.0, 0.0, 0.0, 0.0, 0.0, 0.0, 0.0, 0.0, 0.0, 0.0, 0.0, 0.0, 0.0, 0.0, 0.0, 0.0, 0.0, 0.0, 0.0, 0.0, 0.0, 0.0, 0.0], [0.0, 0.0, 0.0, 0.0, 0.9649556116055671, 0.0, 0.0, 0.0, 0.0, 0.0, 0.0, 0.0, 0.0, 0.0, 0.0, 0.0, 0.0, 0.0, 0.0, 0.0, 0.0, 0.0, 0.0, 0.0, 0.0, 0.0, 0.0, 0.0, 0.0, 0.0, 0.0, 0.0, 0.0, 0.0, 0.0, 0.0], [0.0, 0.0, 0.0, 0.0, 0.0, 0.9620374415267778, 0.0, 0.0, 0.0, 0.0, 0.0, 0.0, 0.0, 0.0, 0.0, 0.0, 0.0, 0.0, 0.0, 0.0, 0.0, 0.0, 0.0, 0.0, 0.0, 0.0, 0.0, 0.0, 0.0, 0.0, 0.0, 0.0, 0.0, 0.0, 0.0, 0.0], [0.0, 0.0, 0.0, 0.0, 0.0, 0.0, 0.0, 0.9181449776829153, 0.0, 0.0, 0.0, 0.0, 0.0, 0.0, 0.0, 0.0, 0.0, 0.0, 0.0, 0.0, 0.0, 0.0, 0.0, 0.0, 0.0, 0.0, 0.0, 0.0, 0.0, 0.0, 0.0, 0.0, 0.0, 0.0, 0.0, 0.0], [0.0, 0.0, 0.0, 0.0, 0.0, 0.0, 0.0, 0.0, 0.0, 0.0, 0.0, 0.0, 0.0, 0.0, 0.0, 0.0, 0.0, 0.0, 0.0, 0.9638918638236311, 0.0, 0.0, 0.0, 0.0, 0.0, 0.0, 0.0, 0.0, 0.0, 0.0, 0.0, 0.0, 0.0, 0.0, 0.0, 0.0], [0.0, 0.0, 0.0, 0.0, 0.0, 0.0, 0.0, 0.0, 0.0, 0.0, 0.0, 0.0, 0.0, 0.0, 0.0, 0.0, 0.0, 0.0, 0.0, 0.0, 0.96862678237463, 0.0, 0.0, 0.0, 0.0, 0.0, 0.0, 0.0, 0.0, 0.0, 0.0, 0.0, 0.0, 0.0, 0.0, 0.0], [0.0, 0.0, 0.0, 0.0, 0.0, 0.0, 0.0, 0.0, 0.0, 0.0, 0.0, 0.0, 0.0, 0.0, 0.0, 0.0, 0.0, 0.0, 0.0, 0.0, 0.0, 0.9697515670946532, 0.0, 0.0, 0.0, 0.0, 0.0, 0.0, 0.0, 0.0, 0.0, 0.0, 0.0, 0.0, 0.0, 0.0], [0.0, 0.0, 0.0, 0.0, 0.0, 0.0, 0.0, 0.0, 0.0, 0.0, 0.0, 0.0, 0.0, 0.0, 0.0, 0.0, 0.0, 0.0, 0.0, 0.0, 0.0, 0.0, 0.9688939964243106, 0.0, 0.0, 0.0, 0.0, 0.0, 0.0, 0.0, 0.0, 0.0, 0.0, 0.0, 0.0, 0.0], [0.0, 0.0, 0.0, 0.0, 0.0, 0.0, 0.0, 0.0, 0.0, 0.0, 0.0, 0.0, 0.0, 0.0, 0.0, 0.0, 0.0, 0.0, 0.0, 0.0, 0.0, 0.0, 0.0, 0.9668265187753252, 0.0, 0.0, 0.0, 0.0, 0.0, 0.0, 0.0, 0.0, 0.0, 0.0, 0.0, 0.0]], "Born radii": [], "Atomic SASAs": [], "Solvent H bonds": [], "Total SASA": NaN, "Total FOD": 0.0, "FOD": [0.0, 0.0, 0.0, 0.0, 0.0, 0.0, 0.0, 0.0, 0.0, 0.0, 0.0, 0.0, 0.0, 0.0, 0.0, 0.0, 0.0, 0.0, 0.0, 0.0, 0.0, 0.0, 0.0, 0.0, 0.0, 0.0, 0.0, 0.0, 0.0, 0.0, 0.0, 0.0, 0.0, 0.0, 0.0, 0.0], "FOD s proportion": [0.0, 0.0, 0.0, 0.0, 0.0, 0.0, 0.0, 0.0, 0.0, 0.0, 0.0, 0.0, 0.0, 0.0, 0.0, 0.0, 0.0, 0.0, 0.0, 0.0, 0.0, 0.0, 0.0, 0.0, 0.0, 0.0, 0.0, 0.0, 0.0, 0.0, 0.0, 0.0, 0.0, 0.0, 0.0, 0.0], "FOD p proportion": [0.0, 0.0, 0.0, 0.0, 0.0, 0.0, 0.0, 0.0, 0.0, 0.0, 0.0, 0.0, 0.0, 0.0, 0.0, 0.0, 0.0, 0.0, 0.0, 0.0, 0.0, 0.0, 0.0, 0.0, 0.0, 0.0, 0.0, 0.0, 0.0, 0.0, 0.0, 0.0, 0.0, 0.0, 0.0, 0.0], "FOD d proportion": [0.0, 0.0, 0.0, 0.0, 0.0, 0.0, 0.0, 0.0, 0.0, 0.0, 0.0, 0.0, 0.0, 0.0, 0.0, 0.0, 0.0, 0.0, 0.0, 0.0, 0.0, 0.0, 0.0, 0.0, 0.0, 0.0, 0.0, 0.0, 0.0, 0.0, 0.0, 0.0, 0.0, 0.0, 0.0, 0.0], "coordinates": [["2.01590", "2.34560", "1.40330"], ["1.38600", "1.17930", "0.69180"], ["0.35220", "1.42870", "-0.22780"], ["-0.27640", "0.36760", "-0.88590"], ["0.11120", "-0.94940", "-0.64440"], ["1.13280", "-1.20360", "0.27120"], ["1.78050", "-0.15130", "0.92930"], ["2.83110", "-0.43470", "1.85450"], ["4.22670", "-1.24540", "1.30080"], ["5.15020", "-1.13530", "2.41920"], ["3.82360", "-2.56320", "0.84260"], ["4.84710", "-0.21160", "-0.12520"], ["6.06490", "-0.62700", "-0.57120"], ["4.00180", "-0.23720", "-1.19320"], ["4.98320", "1.09830", "0.23400"], ["-1.58590", "0.68620", "-2.04920"], ["-1.25360", "-0.05450", "-3.25200"], ["-1.79340", "2.12230", "-2.09830"], ["-3.06100", "-0.01870", "-1.35240"], ["-3.62100", "-1.16780", "-1.91690"], ["-4.77670", "-1.71070", "-1.35590"], ["-5.36760", "-1.10360", "-0.24600"], ["-4.81020", "0.05160", "0.30520"], ["-3.65470", "0.60160", "-0.24860"], ["3.09970", "2.34710", "1.25810"], ["1.63710", "3.30130", "1.02550"], ["1.79140", "2.29860", "2.47370"], ["0.03880", "2.45250", "-0.42960"], ["-0.36840", "-1.77970", "-1.15840"], ["1.40400", "-2.23820", "0.47300"], ["3.07230", "0.29030", "2.53070"], ["-3.17260", "-1.64180", "-2.78740"], ["-5.22200", "-2.60470", "-1.78650"], ["-6.27130", "-1.52820", "0.18570"], ["-5.28270", "0.52550", "1.16250"], ["-3.23330", "1.50990", "0.17600"]], "bond_dist": [[0.0, 1.504414155078315, 2.5038151908637345, 3.79572916973801, 4.321803139894273, 3.8286207255355027, 2.5523712053696266, 2.93226884340437, 4.2182252061738, 4.792969237330864, 5.261034234824936, 4.109899941604418, 5.397166109172479, 4.166109324057639, 3.424600570869543, 5.257977543694913, 6.174295777657561, 5.178979816527575, 6.241691324472879, 7.425789467120651, 8.378912166265977, 8.314640303705264, 7.284497293568034, 6.15841001963981, 1.0934842157068387, 1.0952555729143767, 1.0946987759196591, 2.6981242428768915, 5.40974061023262, 4.717107391187952, 2.5712389640015956, 7.770576394322366, 9.330996224412482, 9.228573022954308, 7.525975724781472, 5.455159064591976], [1.504414155078315, 0.0, 1.4059185467159894, 2.431371617009625, 2.818139309899353, 2.4329461584671375, 1.4080244529126615, 2.4586950400568184, 3.784128377843437, 4.744521636582554, 4.468885839893429, 3.818547501341315, 5.172039626685008, 3.521662517902589, 3.627118647080627, 4.072888191443511, 4.903397703633675, 4.333877175232358, 5.03882591880291, 6.114265540520791, 7.108026911879274, 7.1904251758849425, 6.309838451973236, 5.1601110395029295, 2.1497023561414266, 2.162704533679994, 2.142976728758388, 2.1664542552290365, 3.9060005632360064, 3.4245443039914085, 2.648675499188226, 6.390952339831678, 8.007889290568396, 8.13762476094837, 6.717184873144404, 4.659750904286622], [2.5038151908637345, 1.4059185467159894, 0.0, 1.3979151547930226, 2.4263132876856606, 2.7905807012161463, 2.423906206931283, 3.7353953017050285, 4.9496645361074725, 6.049918098619187, 5.397373410280227, 4.785941585518988, 6.081016965935879, 4.126354338880752, 4.665681557929131, 2.7613467402700445, 3.7315226811584568, 2.929752646555678, 3.8742258788046935, 5.037974722048533, 6.118337779168456, 6.255316664246504, 5.369438254603548, 4.0914269711190006, 3.2557815682259768, 2.5939081826464094, 3.1821572714119584, 1.0895454281488222, 3.4174714746432047, 3.878602775485007, 4.03784853851652, 5.329515686251425, 7.054754913531724, 7.26532807999749, 5.873738361554761, 3.6090799561661138], [3.79572916973801, 2.431371617009625, 1.3979151547930226, 0.0, 1.3939314940125285, 2.4069471307031236, 2.791960934540453, 4.220193561911587, 5.2594044814978815, 6.529194588921362, 5.3279734318031275, 5.211946793665492, 6.426534909264867, 4.331652290985509, 5.42692276156571, 1.7803266835050247, 2.5945168066520594, 2.617283868822792, 2.8497100027897577, 3.821879553308816, 4.979250041923985, 5.337997647994986, 4.698288800190981, 3.4458407072875556, 4.462421703514808, 3.990178930825033, 4.392205596280757, 2.157398604801626, 2.166475834160169, 3.3853429678542173, 4.784654902916197, 4.005167293634562, 5.839914983114053, 6.378182359418709, 5.411461416290428, 3.343013387648934], [4.321803139894273, 2.818139309899353, 2.4263132876856606, 1.3939314940125285, 0.0, 1.3952087872429704, 2.4290034561523375, 3.7292456757365824, 4.561661900009688, 5.900146165138623, 4.3124741390528945, 4.821064850217222, 5.962872100758156, 3.99314145003655, 5.357335704433687, 2.7438656690880476, 3.076215663766115, 3.8957242279196302, 3.380875527137904, 3.9492115225700437, 4.997737122938741, 5.495429886733158, 5.111156338833709, 4.091975250413912, 4.83916839446614, 4.815120695268188, 4.805738616487584, 3.409443416453777, 1.0879385322710105, 2.1403083983388935, 4.515111217899289, 3.981860017629952, 5.699774797305592, 6.462227301789995, 5.876595513560551, 4.231653683845123], [3.8286207255355027, 2.4329461584671375, 2.7905807012161463, 2.4069471307031236, 1.3952087872429704, 0.0, 1.399980782010953, 2.4458677376342326, 3.260987674003077, 4.5561026821176895, 3.0684547837633196, 3.8648701724637533, 5.036637343506082, 3.3629685279526482, 4.4861684776655455, 4.043133672042021, 4.407751582156145, 5.02382200122576, 4.6505938771301025, 5.233323770798057, 6.150349182770031, 6.521709591817165, 6.07420217312529, 5.1428683951662615, 4.177336197865812, 4.595368428102365, 4.189291712211028, 3.880080392208389, 2.15156891825477, 1.0884253947790816, 3.331476806162696, 5.299388866652456, 6.825005021243575, 7.411705081828337, 6.703942328958386, 5.141495356411401], [2.5523712053696266, 1.4080244529126615, 2.423906206931283, 2.791960934540453, 2.4290034561523375, 1.399980782010953, 0.0, 1.4283105264612455, 2.7053579245637724, 3.813520171704878, 3.1621252521049827, 3.2433997440956923, 4.564413883512318, 3.073525459468329, 3.507453426633061, 4.5722551831672735, 5.167049713327714, 5.20657084173451, 5.353864015830062, 6.189533822510384, 7.11693327494364, 7.306403971174876, 6.623291908862239, 5.612103514726007, 2.8443629585550436, 3.4569154979547876, 2.8960835934067926, 3.4146599450018447, 3.4099778679633683, 2.1691273706262617, 2.1043383188071254, 6.369352302236075, 7.901249739756363, 8.202455596344304, 7.099382699925396, 5.335282257762938], [2.93226884340437, 2.4586950400568184, 3.7353953017050285, 4.220193561911587, 3.7292456757365824, 2.4458677376342326, 1.4283105264612455, 0.0, 1.7063169517999872, 2.487559297785683, 2.5572465876406993, 2.8342973908889664, 4.047031284781475, 3.2707827855117495, 3.0996199218613882, 6.000431609476105, 6.550241856603464, 6.599157301504489, 6.721168501086697, 7.509360024662554, 8.35544523050687, 8.489888641790303, 7.811932147042754, 6.896560660213177, 2.857665158831594, 4.008811918760968, 2.9891994948480773, 4.620603417303848, 4.596019110056006, 2.6828658017127878, 1.0203180288517888, 7.6843177777861325, 9.100450571812367, 9.318493518267854, 8.199670632409573, 6.5860290593042485], [4.2182252061738, 3.784128377843437, 4.9496645361074725, 5.2594044814978815, 4.561661900009688, 3.260987674003077, 2.7053579245637724, 1.7063169517999872, 0.0, 1.4545765088162257, 1.4522512489235464, 1.8673817499375964, 2.6955114171525962, 2.6994598070725186, 2.6838934740410245, 6.981396516457147, 7.223566898700391, 7.69005124235203, 7.852059247101998, 8.48209940639698, 9.398711110572554, 9.719222704002622, 9.18362618849439, 8.241875716121907, 3.7653696418811267, 5.2396850229760945, 4.457164625633655, 5.848696861694919, 5.239092014843794, 3.104599808348896, 2.2811549399372244, 8.462869057831393, 10.032798685810457, 10.560844087950546, 9.67387730230232, 8.031715453749591], [4.792969237330864, 4.744521636582554, 6.049918098619187, 6.529194588921362, 5.900146165138623, 4.5561026821176895, 3.813520171704878, 2.487559297785683, 1.4545765088162257, 0.0, 2.5068772466955775, 2.7237956347714487, 3.168207243852586, 3.895489690655079, 3.1292102837617035, 8.286103065977397, 8.622023690526488, 8.901311418549517, 9.104700300394295, 9.784516794405333, 10.636061713811179, 10.85027247445888, 10.251209478398147, 9.362704868786585, 4.204736997720547, 5.828180750457213, 4.803766948968278, 6.863991567593888, 6.608284125247643, 4.363266813982386, 2.52238696872625, 9.830270883856661, 11.288471184797347, 11.644464560897594, 10.638747761837386, 9.072601695765112], [5.261034234824936, 4.468885839893429, 5.397373410280227, 5.3279734318031275, 4.3124741390528945, 3.0684547837633196, 3.1621252521049827, 2.5572465876406993, 1.4522512489235464, 2.5068772466955775, 0.0, 2.7412062399607957, 3.281939452518891, 3.096209437360464, 3.8886563707789867, 6.941455023984524, 6.98836781301614, 7.8837486045662315, 7.6609544059470815, 8.061268545954785, 8.917696933065175, 9.369826015460479, 9.037061482583816, 8.193390468542312, 4.980734639588823, 6.261516981530914, 5.5161058084485655, 6.410963295012693, 4.710704538601418, 2.4691482985029474, 3.3994993087218006, 7.935533529637437, 9.420019555181401, 10.169058393971389, 9.621179937512863, 8.175227017031393], [4.109899941604418, 3.818547501341315, 4.785941585518988, 5.211946793665492, 4.821064850217222, 3.8648701724637533, 3.2433997440956923, 2.8342973908889664, 1.8673817499375964, 2.7237956347714487, 2.7412062399607957, 0.0, 1.361803950647816, 1.362281707283776, 1.3650589218052092, 6.774312499434906, 6.857120324159406, 7.310024149754911, 8.005078129537525, 8.708227428127953, 9.817303588053086, 10.254284603520619, 9.670468535184838, 8.541494309545607, 3.3932095927012824, 4.895781541286335, 4.732091264969432, 5.505437045321652, 5.543273410179224, 4.039788164000682, 3.233515650186342, 8.57020238792527, 10.482061825328069, 11.20039789159296, 10.237887269353966, 8.267233385480296], [5.397166109172479, 5.172039626685008, 6.081016965935879, 6.426534909264867, 5.962872100758156, 5.036637343506082, 4.564413883512318, 4.047031284781475, 2.6955114171525962, 3.168207243852586, 3.281939452518891, 1.361803950647816, 0.0, 2.189796714309344, 2.189767572140934, 7.90213381815317, 7.815042363288891, 8.464252110493874, 9.179452769092501, 9.793877267966963, 10.923847780887465, 11.447050224839586, 10.931439746437794, 9.802252439108065, 4.580831839306045, 6.130775205469533, 6.007774431517881, 6.768844215964791, 6.562078178443167, 5.040863803952652, 4.406685564003858, 9.553678230399013, 11.523122970358338, 12.392210839474933, 11.536983908283828, 9.569805258729145], [4.166109324057639, 3.521662517902589, 4.126354338880752, 4.331652290985509, 3.99314145003655, 3.3629685279526482, 3.073525459468329, 3.2707827855117495, 2.6994598070725186, 3.895489690655079, 3.096209437360464, 1.362281707283776, 2.189796714309344, 0.0, 2.1871456398694624, 5.727808904808191, 5.647235243019366, 6.322245589978295, 7.067972179486843, 7.7134193383998, 8.902793707033766, 9.45692831526178, 8.943151122507102, 7.760015905267205, 3.6744064268940093, 4.799522687726354, 4.976173772086341, 4.850045365767211, 4.634562042955085, 3.678150116566751, 3.8742299505837288, 7.482405372605791, 9.541255031703114, 10.445316166588736, 9.609004840773055, 7.567941533865071], [3.424600570869543, 3.627118647080627, 4.665681557929131, 5.42692276156571, 5.357335704433687, 4.4861684776655455, 3.507453426633061, 3.0996199218613882, 2.6838934740410245, 3.1292102837617035, 3.8886563707789867, 1.3650589218052092, 2.189767572140934, 2.1871456398694624, 0.0, 6.966771379914803, 7.237321195027895, 7.239510125001552, 8.274872059433909, 9.153897402746002, 10.279781662078237, 10.593291473852686, 9.849433176076682, 8.66561769639072, 2.481099453871207, 4.083633977231553, 4.079774922713261, 5.169266288362402, 6.233881962308879, 4.898982127952704, 3.0950337154867955, 9.11888587547843, 11.042677949211415, 11.55701541878352, 10.323706451657756, 8.227007403059755], [5.257977543694913, 4.072888191443511, 2.7613467402700445, 1.7803266835050247, 2.7438656690880476, 4.043133672042021, 4.5722551831672735, 6.000431609476105, 6.981396516457147, 8.286103065977397, 6.941455023984524, 6.774312499434906, 7.90213381815317, 5.727808904808191, 6.966771379914803, 0.0, 1.451133219246255, 1.4518437484798425, 1.7771702957229505, 2.756166050875745, 4.0505554112985545, 4.55589389362834, 4.042527304793376, 2.7439480607329285, 5.970901896698689, 5.165293515377417, 5.870486645926383, 2.8952668167200066, 2.8907600557638817, 4.883964599585054, 6.5445433805575774, 2.9124113943603502, 4.911237859236712, 5.6436972393990095, 4.899711381295841, 2.888585032502938], [6.174295777657561, 4.903397703633675, 3.7315226811584568, 2.5945168066520594, 3.076215663766115, 4.407751582156145, 5.167049713327714, 6.550241856603464, 7.223566898700391, 8.622023690526488, 6.98836781301614, 6.857120324159406, 7.815042363288891, 5.647235243019366, 7.237321195027895, 1.451133219246255, 0.0, 2.5220757264602502, 2.6222998608092096, 2.9370923819314907, 4.330176354376343, 5.202080623173771, 5.031335072324244, 3.900789661081458, 6.712667536829155, 6.157478898055599, 6.89874953161803, 3.9901489345637216, 2.8536038687946856, 5.070207929661268, 7.229932028726134, 2.533364452659743, 4.939575776319258, 6.258345330037325, 6.004819486046188, 4.256494267586883], [5.178979816527575, 4.333877175232358, 2.929752646555678, 2.617283868822792, 3.8957242279196302, 5.02382200122576, 5.20657084173451, 6.599157301504489, 7.69005124235203, 8.901311418549517, 7.8837486045662315, 7.310024149754911, 8.464252110493874, 6.322245589978295, 7.239510125001552, 1.4518437484798425, 2.5220757264602502, 0.0, 2.5975098787107624, 3.767994921705707, 4.9135654722411095, 5.158716094145907, 4.377863974588521, 3.032879204650261, 5.937877028871514, 4.78711788971193, 5.81249143913348, 2.5001097115926734, 4.25906574379875, 5.987395986570456, 6.961242812170827, 4.067616041368703, 5.847824056860809, 6.2124387047277985, 5.035653023193715, 2.760577160667675], [6.241691324472879, 5.03882591880291, 3.8742258788046935, 2.8497100027897577, 3.380875527137904, 4.6505938771301025, 5.353864015830062, 6.721168501086697, 7.852059247101998, 9.104700300394295, 7.6609544059470815, 8.005078129537525, 9.179452769092501, 7.067972179486843, 8.274872059433909, 1.7771702957229505, 2.6222998608092096, 2.5975098787107624, 0.0, 1.397387226218989, 2.40966859547117, 2.7787645690126395, 2.4108671655651213, 1.3984370632960215, 7.096896813396683, 6.224865622646003, 6.59959894690579, 4.070276319858395, 3.2231741746297233, 5.309848435690044, 7.265763242770851, 2.1693623878918893, 3.3979052090957453, 3.866570567052928, 3.3995332826727847, 2.168481452537697], [7.425789467120651, 6.114265540520791, 5.037974722048533, 3.821879553308816, 3.9492115225700437, 5.233323770798057, 6.189533822510384, 7.509360024662554, 8.48209940639698, 9.784516794405333, 8.061268545954785, 8.708227428127953, 9.793877267966963, 7.7134193383998, 9.153897402746002, 2.756166050875745, 2.9370923819314907, 3.767994921705707, 1.397387226218989, 0.0, 1.3946698175553953, 2.4179826322784046, 2.7997966729746646, 2.432105454128172, 8.222101647389188, 7.501878976629788, 7.783788992515149, 5.358429753201959, 3.395460295747839, 5.666392429932823, 8.16746388176893, 1.087891910991161, 2.155199937360801, 3.402191207148711, 3.8873147724361097, 3.420616755791271], [8.378912166265977, 7.108026911879274, 6.118337779168456, 4.979250041923985, 4.997737122938741, 6.150349182770031, 7.11693327494364, 8.35544523050687, 9.398711110572554, 10.636061713811179, 8.917696933065175, 9.817303588053086, 10.923847780887465, 8.902793707033766, 10.279781662078237, 4.0505554112985545, 4.330176354376343, 4.9135654722411095, 2.40966859547117, 1.3946698175553953, 0.0, 1.3962847954482642, 2.4219985033025933, 2.798522570929168, 9.23777104067859, 8.481040054144303, 8.595362718349936, 6.43267488530238, 4.413261394932323, 6.467161970292687, 8.984234055277057, 2.1510639855662124, 1.0876324976755705, 2.154916696765794, 3.405725326564079, 3.8860089462068923], [8.314640303705264, 7.1904251758849425, 6.255316664246504, 5.337997647994986, 5.495429886733158, 6.521709591817165, 7.306403971174876, 8.489888641790303, 9.719222704002622, 10.85027247445888, 9.369826015460479, 10.254284603520619, 11.447050224839586, 9.45692831526178, 10.593291473852686, 4.55589389362834, 5.202080623173771, 5.158716094145907, 2.7787645690126395, 2.4179826322784046, 1.3962847954482642, 0.0, 1.396067061426492, 2.4169692199115818, 9.266327028008455, 8.371718960285278, 8.379917298517928, 6.473694241312297, 5.126556896202363, 6.9035385651128225, 8.993605067491012, 3.400940781607348, 2.1558387741201797, 1.0878068486638606, 2.1552371261650074, 3.4005444769918833], [7.284497293568034, 6.309838451973236, 5.369438254603548, 4.698288800190981, 5.111156338833709, 6.07420217312529, 6.623291908862239, 7.811932147042754, 9.18362618849439, 10.251209478398147, 9.037061482583816, 9.670468535184838, 10.931439746437794, 8.943151122507102, 9.849433176076682, 4.042527304793376, 5.031335072324244, 4.377863974588521, 2.4108671655651213, 2.7997966729746646, 2.4219985033025933, 1.396067061426492, 0.0, 1.394408365580184, 8.291191510874658, 7.255829344051581, 7.302912008918086, 5.460499322406331, 5.022486624173329, 6.624773393860352, 8.194121929163613, 3.8876100730397334, 3.405982651159574, 2.1551940747876976, 1.0875664347523788, 2.151730731295159], [6.15841001963981, 5.1601110395029295, 4.0914269711190006, 3.4458407072875556, 4.091975250413912, 5.1428683951662615, 5.612103514726007, 6.896560660213177, 8.241875716121907, 9.362704868786585, 8.193390468542312, 8.541494309545607, 9.802252439108065, 7.760015905267205, 8.66561769639072, 2.7439480607329285, 3.900789661081458, 3.032879204650261, 1.3984370632960215, 2.432105454128172, 2.798522570929168, 2.4169692199115818, 1.394408365580184, 0.0, 7.137144702190086, 6.075759881693812, 6.320659103289783, 4.135279199763905, 4.159097668966191, 5.84599147194041, 7.285186694931023, 3.422100146109111, 3.8861195799923602, 3.401655492550649, 2.1557779152779166, 1.0875991954759805], [1.0934842157068387, 2.1497023561414266, 3.2557815682259768, 4.462421703514808, 4.83916839446614, 4.177336197865812, 2.8443629585550436, 2.857665158831594, 3.7653696418811267, 4.204736997720547, 4.980734639588823, 3.3932095927012824, 4.580831839306045, 3.6744064268940093, 2.481099453871207, 5.970901896698689, 6.712667536829155, 5.937877028871514, 7.096896813396683, 8.222101647389188, 9.23777104067859, 9.266327028008455, 8.291191510874658, 7.137144702190086, 0.0, 1.7617602447552276, 1.786528617179137, 3.496934265896343, 5.907424828129428, 4.951439850184994, 2.4188194971927937, 8.462809270567309, 10.150891748511556, 10.197236530060485, 8.578577718946189, 6.47909972527048], [1.0952555729143767, 2.162704533679994, 2.5939081826464094, 3.990178930825033, 4.815120695268188, 4.595368428102365, 3.4569154979547876, 4.008811918760968, 5.2396850229760945, 5.828180750457213, 6.261516981530914, 4.895781541286335, 6.130775205469533, 4.799522687726354, 4.083633977231553, 5.165293515377417, 6.157478898055599, 4.78711788971193, 6.224865622646003, 7.501878976629788, 8.481040054144303, 8.371718960285278, 7.255829344051581, 6.075759881693812, 1.7617602447552276, 0.0, 1.7681908890162283, 2.3221413264485005, 5.882857338062856, 5.571862535095423, 3.6594462805184067, 7.8807143147052345, 9.478155559495741, 9.304414266895042, 7.457041416004071, 5.25847509930398], [1.0946987759196591, 2.142976728758388, 3.1821572714119584, 4.392205596280757, 4.805738616487584, 4.189291712211028, 2.8960835934067926, 2.9891994948480773, 4.457164625633655, 4.803766948968278, 5.5161058084485655, 4.732091264969432, 6.007774431517881, 4.976173772086341, 4.079774922713261, 5.870486645926383, 6.89874953161803, 5.81249143913348, 6.59959894690579, 7.783788992515149, 8.595362718349936, 8.379917298517928, 7.302912008918086, 6.320659103289783, 1.786528617179137, 1.7681908890162283, 0.0, 3.3947669816940307, 5.87276913729801, 4.9734729807248375, 2.382692321723474, 8.236942477036003, 9.559259097335945, 9.213385562864499, 7.4098596383467354, 5.581136360097288], [2.6981242428768915, 2.1664542552290365, 1.0895454281488222, 2.157398604801626, 3.409443416453777, 3.880080392208389, 3.4146599450018447, 4.620603417303848, 5.848696861694919, 6.863991567593888, 6.410963295012693, 5.505437045321652, 6.768844215964791, 4.850045365767211, 5.169266288362402, 2.8952668167200066, 3.9901489345637216, 2.5001097115926734, 4.070276319858395, 5.358429753201959, 6.43267488530238, 6.473694241312297, 5.460499322406331, 4.135279199763905, 3.496934265896343, 2.322141326448500