{"total energy": -39.12933081, "HOMO-LUMO gap/eV": 1.83991678, "electronic energy": -39.79958021, "dipole": [-0.52892015, 0.016316, -0.00202142], "partial charges": [-0.02863397, -0.03196687, -0.02766135, -0.00041803, 0.12845496, -0.38987774, -0.01856276, -0.03664029, -0.03182206, -0.03055685, -0.0346935, 0.01405061, -0.06190632, 0.01391369, -0.03742244, 0.02892434, 0.03031775, 0.04596747, 0.3009748, 0.01559761, 0.02814574, 0.02904136, 0.0325179, 0.03143219, 0.03082377], "atomic dipole moments": [[0.01741525, 0.02905963, -0.00308514], [0.02318356, -0.02557966, 0.00277732], [-0.04546995, -0.02846995, 0.00299336], [-0.01733858, -0.00760526, 0.00075523], [-0.02401618, 0.22284805, -0.02406579], [-0.11987433, -0.15065326, 0.0161488], [0.0079796, -0.00658353, 0.00072816], [0.04333414, 0.00628456, -0.00060604], [-0.01750326, -0.03089189, 0.00328561], [-0.02427622, 0.02358504, -0.00259229], [0.05182465, 0.01548702, -0.00156468], [-0.029686, 0.04223384, -0.00459172], [-0.00387977, 0.02248044, -0.00243168], [0.01644404, 0.04674745, -0.00502467], [-0.05512346, 0.00337024, -0.000439], [0.13770903, -0.06085453, 0.00678773], [0.12234182, 0.08915114, -0.00938855], [-0.00900984, 0.15249441, -0.01645621], [-0.07532538, 0.01572399, -0.00172921], [-0.04622077, 0.13748486, -0.01493637], [-0.14231805, 0.05260413, -0.00591581], [-0.11683404, -0.09535594, 0.01008209], [0.01372445, -0.14995748, 0.01617702], [0.01938724, -0.14854979, 0.0160453], [0.02551766, -0.14812942, 0.01599887]], "atomic quadrupole moments": [[-0.30740097, -0.01754834, -0.21614536, 0.00045673, 0.08069812, 0.52354633], [-0.30993313, -0.00425663, -0.20404661, -0.00100272, 0.07834391, 0.51397974], [-0.2779071, 0.02930483, -0.24840721, -0.0045797, 0.08453899, 0.52631432], [-0.21950276, -0.01412152, -0.1370706, 0.0005332, 0.05382299, 0.35657336], [-0.47933996, -0.07662868, 0.18072037, 0.00695215, 0.01271274, 0.29861958], [-0.02333622, -0.00210206, 0.07421204, 0.00028227, -0.01367261, -0.05087581], [-0.22415052, -0.01856342, -0.12798721, 0.00095212, 0.05239213, 0.35213773], [-0.28199951, -0.02410688, -0.2067635, 0.00117976, 0.07591585, 0.48876302], [-0.30882877, -0.02523203, -0.2029498, 0.00126054, 0.07796038, 0.51177856], [-0.30787128, -0.01048593, -0.2089055, -0.00035362, 0.07919352, 0.51677678], [-0.24079368, 0.01790191, -0.26047973, -0.00327003, 0.08311342, 0.5012734], [-0.20917632, 0.00973204, -0.18648506, -0.00208699, 0.06352512, 0.39566137], [-0.1892019, 0.01349693, -0.24632631, -0.00250796, 0.07440572, 0.43552821], [-0.2177905, -0.00605929, -0.1779316, -0.00043516, 0.06262397, 0.3957221], [-0.23210094, -0.01715813, -0.26045117, 0.00055885, 0.08210518, 0.49255211], [0.03023215, 0.00433612, 0.0377872, -0.00028744, -0.01154222, -0.06801934], [0.03188082, -0.00691274, 0.03566991, 0.00091607, -0.01127941, -0.06755072], [0.04192705, -0.00548056, 0.02323478, 0.00077988, -0.00965406, -0.06516183], [0.09757099, -0.06015792, -0.01613008, 0.00660651, -0.00719243, -0.08144091], [0.02911777, 0.01342013, 0.03985964, -0.0012813, -0.01185497, -0.06897741], [0.02653461, 0.0040259, 0.04130039, -0.00025696, -0.01190963, -0.067835], [0.0333853, -0.00672851, 0.03428888, 0.00090933, -0.01113854, -0.06767417], [0.04161766, -0.00652236, 0.02529176, 0.00089739, -0.01008267, -0.06690942], [0.03514353, 0.00199585, 0.03067116, -4.192e-05, -0.01052917, -0.06581469], [0.03572571, 0.00843094, 0.03082842, -0.00072552, -0.01062207, -0.06655413]], "number of molecular orbitals": 70, "number of electrons": 72, "number of unpaired electrons": 0, "orbital energies/eV": [-19.31531895, -17.8269626, -17.60742745, -17.30756958, -17.11310297, -16.98271802, -16.72536528, -16.45413536, -16.15464967, -15.98082772, -15.75382673, -15.44529277, -15.18623764, -14.79873248, -14.46111991, -14.26759728, -14.15006126, -13.72427068, -13.62245383, -13.57564139, -13.3224926, -13.13648157, -13.07775844, -12.85447796, -12.77794156, -12.64524854, -12.41519572, -12.09757035, -11.78662012, -11.67118142, -11.37366765, -11.31255031, -11.2324638, -10.94592581, -10.91677806, -9.49498963, -7.65507285, -6.1983646, -6.1257693, -4.8143915, -4.72346971, -2.74533461, -1.163383, 1.1324061, 2.26088968, 2.83289871, 3.39231455, 3.47299381, 3.58018137, 4.19171125, 4.48590123, 4.59526403, 4.6707213, 5.91949977, 6.21710825, 6.61955808, 7.08674118, 8.18144821, 10.36592529, 10.48573611, 10.87416993, 11.18412042, 12.53262866, 13.01112193, 13.67477161, 13.82978208, 16.14907117, 16.47302903, 18.57406702, 18.99671956], "fractional occupation": [2.0, 2.0, 2.0, 2.0, 2.0, 2.0, 2.0, 2.0, 2.0, 2.0, 2.0, 2.0, 2.0, 2.0, 2.0, 2.0, 2.0, 2.0, 2.0, 2.0, 2.0, 2.0, 2.0, 2.0, 2.0, 2.0, 2.0, 2.0, 2.0, 2.0, 2.0, 2.0, 2.0, 2.0, 2.0, 2.0, 0.0, 0.0, 0.0, 0.0, 0.0, 0.0, 0.0, 0.0, 0.0, 0.0, 0.0, 0.0, 0.0, 0.0, 0.0, 0.0, 0.0, 0.0, 0.0, 0.0, 0.0, 0.0, 0.0, 0.0, 0.0, 0.0, 0.0, 0.0, 0.0, 0.0, 0.0, 0.0, 0.0, 0.0], "program call": "xtb /home/svss/Project-DBcg-Debug/aqme2_20220329/End-to-End-workflows-final/example-3/QDESCP/mol_390_rdkit_conf_2/mol_390_rdkit_conf_2.xyz --pop --wbo --acc 0.2 --gfn 2 --chrg 0 --uhf 0 --etemp 300 --input /home/svss/Project-DBcg-Debug/aqme2_20220329/End-to-End-workflows-final/example-3/QDESCP/mol_390_rdkit_conf_2/mol_390_rdkit_conf_2_xtb.inp", "method": "GFN2-xTB", "xtb version": "6.3.3 (7355c4f)", "Dipole module/D": 1.345, "Total charge": 0, "Transition dipole module/D": NaN, "HOMO": -9.495, "LUMO": -7.6551, "HOMO occupancy": 2.0, "LUMO occupancy": 0, "mulliken charges": [-0.02472, -0.03519, -0.01806, -0.02212, 0.24377, -0.51515, -0.04757, -0.03627, -0.03013, -0.02714, -0.03495, 0.01488, -0.07534, 0.01175, -0.04011, 0.02953, 0.03055, 0.04399, 0.35342, 0.02136, 0.03069, 0.03083, 0.03255, 0.03267, 0.03077], "cm5 charges": [-0.0801, -0.09052, -0.06902, -0.02414, 0.26033, -0.71514, -0.05105, -0.08928, -0.08566, -0.08258, -0.08758, 0.0078, -0.12511, 0.00467, -0.09274, 0.08497, 0.08599, 0.10394, 0.5275, 0.07979, 0.08606, 0.08627, 0.08876, 0.08986, 0.08697], "FUKUI+": [-0.029, -0.028, -0.034, -0.016, -0.051, -0.049, -0.015, -0.036, -0.029, -0.029, -0.037, -0.016, -0.042, -0.017, -0.033, -0.059, -0.059, -0.052, -0.031, -0.053, -0.061, -0.061, -0.056, -0.055, -0.053], "FUKUI-": [-0.027, -0.032, -0.03, -0.019, -0.043, -0.068, -0.02, -0.027, -0.029, -0.028, -0.029, -0.018, -0.052, -0.017, -0.033, -0.059, -0.059, -0.05, -0.036, -0.048, -0.058, -0.058, -0.051, -0.058, -0.053], "FUKUIrad": [-0.028, -0.03, -0.032, -0.017, -0.047, -0.058, -0.017, -0.032, -0.029, -0.028, -0.033, -0.017, -0.047, -0.017, -0.033, -0.059, -0.059, -0.051, -0.033, -0.051, -0.059, -0.059, -0.053, -0.056, -0.053], "s proportion": [1.06, 1.059, 1.065, 1.068, 1.036, 1.694, 1.075, 1.061, 1.057, 1.059, 1.065, 1.07, 1.063, 1.071, 1.063, 0.97, 0.969, 0.956, 0.647, 0.979, 0.969, 0.969, 0.967, 0.967, 0.969], "p proportion": [2.964, 2.977, 2.953, 2.954, 2.721, 4.821, 2.973, 2.975, 2.973, 2.968, 2.97, 2.915, 3.013, 2.918, 2.977, 0.0, 0.0, 0.0, 0.0, 0.0, 0.0, 0.0, 0.0, 0.0, 0.0], "d proportion": [0.0, 0.0, 0.0, 0.0, 0.0, 0.0, 0.0, 0.0, 0.0, 0.0, 0.0, 0.0, 0.0, 0.0, 0.0, 0.0, 0.0, 0.0, 0.0, 0.0, 0.0, 0.0, 0.0, 0.0, 0.0], "Fermi-level/eV": -8.575, "Coordination numbers": [2.91, 2.909, 2.917, 2.976, 2.842, 1.658, 2.97, 2.915, 2.908, 2.91, 2.921, 2.982, 2.926, 2.982, 2.92, 0.925, 0.925, 0.925, 0.805, 0.925, 0.925, 0.925, 0.925, 0.925, 0.925], "Dispersion coefficient C6": [28.716, 28.797, 28.692, 28.034, 25.18, 20.654, 28.468, 28.911, 28.793, 28.762, 28.864, 27.693, 29.54, 27.696, 28.931, 2.602, 2.582, 2.371, 0.718, 2.801, 2.613, 2.6, 2.551, 2.566, 2.575], "Total dispersion C6": 8896.960654, "Total dispersion C8": 224878.077271, "Polarizability alpha": [8.787, 8.799, 8.784, 8.685, 8.224, 6.135, 8.752, 8.817, 8.799, 8.794, 8.81, 8.632, 8.913, 8.633, 8.82, 2.522, 2.513, 2.408, 1.331, 2.617, 2.528, 2.522, 2.498, 2.505, 2.509], "Total polarizability alpha": 152.336809, "Wiberg matrix": [[0.0, 1.340747893619778, 0.0, 0.0, 0.0, 0.0, 0.0, 0.0, 0.0, 0.0, 0.0, 0.0, 0.0, 0.0, 1.5391776774805355, 0.9711304277402635, 0.0, 0.0, 0.0, 0.0, 0.0, 0.0, 0.0, 0.0, 0.0], [1.340747893619778, 0.0, 1.5351932573793468, 0.0, 0.0, 0.0, 0.0, 0.0, 0.0, 0.0, 0.0, 0.0, 0.0, 0.0, 0.0, 0.0, 0.9710087786656927, 0.0, 0.0, 0.0, 0.0, 0.0, 0.0, 0.0, 0.0], [0.0, 1.5351932573793468, 0.0, 1.27989806843331, 0.0, 0.0, 0.0, 0.0, 0.0, 0.0, 0.0, 0.0, 0.0, 0.0, 0.13691983109207062, 0.0, 0.0, 0.968938440358471, 0.0, 0.0, 0.0, 0.0, 0.0, 0.0, 0.0], [0.0, 0.0, 1.27989806843331, 0.0, 1.2903973300502547, 0.0, 0.0, 0.0, 0.0, 0.0, 0.0, 0.0, 0.0, 1.206804279907988, 0.0, 0.0, 0.0, 0.0, 0.0, 0.0, 0.0, 0.0, 0.0, 0.0, 0.0], [0.0, 0.0, 0.0, 1.2903973300502547, 0.0, 1.0763688273126555, 1.2912446524079224, 0.0, 0.0, 0.0, 0.0, 0.0, 0.13435446673062781, 0.0, 0.0, 0.0, 0.0, 0.0, 0.0, 0.0, 0.0, 0.0, 0.0, 0.0, 0.0], [0.0, 0.0, 0.0, 0.0, 1.0763688273126555, 0.0, 0.0, 0.0, 0.0, 0.0, 0.0, 0.0, 0.0, 0.0, 0.0, 0.0, 0.0, 0.0, 0.8798081887468869, 0.0, 0.0, 0.0, 0.0, 0.0, 0.0], [0.0, 0.0, 0.0, 0.0, 1.2912446524079224, 0.0, 0.0, 1.2791317479815545, 0.0, 0.0, 0.0, 1.2012172525256883, 0.0, 0.0, 0.0, 0.0, 0.0, 0.0, 0.0, 0.0, 0.0, 0.0, 0.0, 0.0, 0.0], [0.0, 0.0, 0.0, 0.0, 0.0, 0.0, 1.2791317479815545, 0.0, 1.533736978779795, 0.0, 0.13606663999916901, 0.0, 0.0, 0.0, 0.0, 0.0, 0.0, 0.0, 0.0, 0.9622829761587014, 0.0, 0.0, 0.0, 0.0, 0.0], [0.0, 0.0, 0.0, 0.0, 0.0, 0.0, 0.0, 1.533736978779795, 0.0, 1.340289277068882, 0.0, 0.0, 0.0, 0.0, 0.0, 0.0, 0.0, 0.0, 0.0, 0.0, 0.9712237162336601, 0.0, 0.0, 0.0, 0.0], [0.0, 0.0, 0.0, 0.0, 0.0, 0.0, 0.0, 0.0, 1.340289277068882, 0.0, 1.5390138685400157, 0.0, 0.0, 0.0, 0.0, 0.0, 0.0, 0.0, 0.0, 0.0, 0.0, 0.9709376732963209, 0.0, 0.0, 0.0], [0.0, 0.0, 0.0, 0.0, 0.0, 0.0, 0.0, 0.13606663999916901, 0.0, 1.5390138685400157, 0.0, 1.272952038915015, 0.0, 0.0, 0.0, 0.0, 0.0, 0.0, 0.0, 0.0, 0.0, 0.0, 0.9692888996815643, 0.0, 0.0], [0.0, 0.0, 0.0, 0.0, 0.0, 0.0, 1.2012172525256883, 0.0, 0.0, 0.0, 1.272952038915015, 0.0, 1.3533369623043745, 0.0, 0.0, 0.0, 0.0, 0.0, 0.0, 0.0, 0.0, 0.0, 0.0, 0.0, 0.0], [0.0, 0.0, 0.0, 0.0, 0.13435446673062781, 0.0, 0.0, 0.0, 0.0, 0.0, 0.0, 1.3533369623043745, 0.0, 1.3510359796368272, 0.0, 0.0, 0.0, 0.0, 0.0, 0.0, 0.0, 0.0, 0.0, 0.9672103298083092, 0.0], [0.0, 0.0, 0.0, 1.206804279907988, 0.0, 0.0, 0.0, 0.0, 0.0, 0.0, 0.0, 0.0, 1.3510359796368272, 0.0, 1.2708971327747345, 0.0, 0.0, 0.0, 0.0, 0.0, 0.0, 0.0, 0.0, 0.0, 0.0], [1.5391776774805355, 0.0, 0.13691983109207062, 0.0, 0.0, 0.0, 0.0, 0.0, 0.0, 0.0, 0.0, 0.0, 0.0, 1.2708971327747345, 0.0, 0.0, 0.0, 0.0, 0.0, 0.0, 0.0, 0.0, 0.0, 0.0, 0.9696957260209926], [0.9711304277402635, 0.0, 0.0, 0.0, 0.0, 0.0, 0.0, 0.0, 0.0, 0.0, 0.0, 0.0, 0.0, 0.0, 0.0, 0.0, 0.0, 0.0, 0.0, 0.0, 0.0, 0.0, 0.0, 0.0, 0.0], [0.0, 0.9710087786656927, 0.0, 0.0, 0.0, 0.0, 0.0, 0.0, 0.0, 0.0, 0.0, 0.0, 0.0, 0.0, 0.0, 0.0, 0.0, 0.0, 0.0, 0.0, 0.0, 0.0, 0.0, 0.0, 0.0], [0.0, 0.0, 0.968938440358471, 0.0, 0.0, 0.0, 0.0, 0.0, 0.0, 0.0, 0.0, 0.0, 0.0, 0.0, 0.0, 0.0, 0.0, 0.0, 0.0, 0.0, 0.0, 0.0, 0.0, 0.0, 0.0], [0.0, 0.0, 0.0, 0.0, 0.0, 0.8798081887468869, 0.0, 0.0, 0.0, 0.0, 0.0, 0.0, 0.0, 0.0, 0.0, 0.0, 0.0, 0.0, 0.0, 0.0, 0.0, 0.0, 0.0, 0.0, 0.0], [0.0, 0.0, 0.0, 0.0, 0.0, 0.0, 0.0, 0.9622829761587014, 0.0, 0.0, 0.0, 0.0, 0.0, 0.0, 0.0, 0.0, 0.0, 0.0, 0.0, 0.0, 0.0, 0.0, 0.0, 0.0, 0.0], [0.0, 0.0, 0.0, 0.0, 0.0, 0.0, 0.0, 0.0, 0.9712237162336601, 0.0, 0.0, 0.0, 0.0, 0.0, 0.0, 0.0, 0.0, 0.0, 0.0, 0.0, 0.0, 0.0, 0.0, 0.0, 0.0], [0.0, 0.0, 0.0, 0.0, 0.0, 0.0, 0.0, 0.0, 0.0, 0.9709376732963209, 0.0, 0.0, 0.0, 0.0, 0.0, 0.0, 0.0, 0.0, 0.0, 0.0, 0.0, 0.0, 0.0, 0.0, 0.0], [0.0, 0.0, 0.0, 0.0, 0.0, 0.0, 0.0, 0.0, 0.0, 0.0, 0.9692888996815643, 0.0, 0.0, 0.0, 0.0, 0.0, 0.0, 0.0, 0.0, 0.0, 0.0, 0.0, 0.0, 0.0, 0.0], [0.0, 0.0, 0.0, 0.0, 0.0, 0.0, 0.0, 0.0, 0.0, 0.0, 0.0, 0.0, 0.9672103298083092, 0.0, 0.0, 0.0, 0.0, 0.0, 0.0, 0.0, 0.0, 0.0, 0.0, 0.0, 0.0], [0.0, 0.0, 0.0, 0.0, 0.0, 0.0, 0.0, 0.0, 0.0, 0.0, 0.0, 0.0, 0.0, 0.0, 0.9696957260209926, 0.0, 0.0, 0.0, 0.0, 0.0, 0.0, 0.0, 0.0, 0.0, 0.0]], "Born radii": [], "Atomic SASAs": [], "Solvent H bonds": [], "Total SASA": NaN, "Total FOD": 0.0, "FOD": [0.0, 0.0, 0.0, 0.0, 0.0, 0.0, 0.0, 0.0, 0.0, 0.0, 0.0, 0.0, 0.0, 0.0, 0.0, 0.0, 0.0, 0.0, 0.0, 0.0, 0.0, 0.0, 0.0, 0.0, 0.0], "FOD s proportion": [0.0, 0.0, 0.0, 0.0, 0.0, 0.0, 0.0, 0.0, 0.0, 0.0, 0.0, 0.0, 0.0, 0.0, 0.0, 0.0, 0.0, 0.0, 0.0, 0.0, 0.0, 0.0, 0.0, 0.0, 0.0], "FOD p proportion": [0.0, 0.0, 0.0, 0.0, 0.0, 0.0, 0.0, 0.0, 0.0, 0.0, 0.0, 0.0, 0.0, 0.0, 0.0, 0.0, 0.0, 0.0, 0.0, 0.0, 0.0, 0.0, 0.0, 0.0, 0.0], "FOD d proportion": [0.0, 0.0, 0.0, 0.0, 0.0, 0.0, 0.0, 0.0, 0.0, 0.0, 0.0, 0.0, 0.0, 0.0, 0.0, 0.0, 0.0, 0.0, 0.0, 0.0, 0.0, 0.0, 0.0, 0.0, 0.0], "coordinates": [["3.77480", "-0.38140", "-0.08970"], ["3.62840", "0.99180", "-0.23810"], ["2.35040", "1.55010", "-0.30050"], ["1.18990", "0.74930", "-0.21620"], ["-0.12300", "1.27890", "-0.27550"], ["-0.21760", "2.64710", "-0.42330"], ["-1.28120", "0.45630", "-0.18880"], ["-2.62120", "0.92160", "-0.24140"], ["-3.70860", "0.04800", "-0.14910"], ["-3.49200", "-1.31380", "-0.00180"], ["-2.18850", "-1.80120", "0.05310"], ["-1.08420", "-0.93660", "-0.03820"], ["0.21660", "-1.46150", "0.02060"], ["1.35140", "-0.64250", "-0.06580"], ["2.64380", "-1.19330", "-0.00410"], ["4.76670", "-0.82210", "-0.04050"], ["4.50350", "1.63230", "-0.30560"], ["2.25620", "2.62820", "-0.41690"], ["-1.14630", "2.91140", "-0.45250"], ["-2.85290", "1.97560", "-0.35560"], ["-4.72330", "0.43580", "-0.19270"], ["-4.33330", "-1.99780", "0.07050"], ["-2.03940", "-2.87320", "0.16890"], ["0.35070", "-2.53620", "0.13670"], ["2.77920", "-2.26650", "0.11180"]], "bond_dist": [[0.0, 1.3889325973566895, 2.40915841114693, 2.8242154220243187, 4.240750236691617, 5.022186672157856, 5.12588510405764, 6.5291376069125695, 7.495944789017592, 7.326901009976864, 6.131653184093178, 4.89088747468187, 3.72015716603479, 2.4375422006603293, 1.3948727432995454, 1.0865094293194149, 2.1523485289329884, 3.3868714117899428, 5.932232369858753, 7.039357861339343, 8.537922958776333, 8.269201812146079, 6.330944861551078, 4.052021817562191, 2.1413602265849625], [1.3889325973566895, 0.0, 1.396021722610361, 2.4506260649066802, 3.7625559304813003, 4.191185170092107, 4.938963747589164, 6.249995127198101, 7.39798948634019, 7.488105582188328, 6.4592547596452645, 5.095810566534043, 4.210223963163955, 2.8080870321270317, 2.4080812216368455, 2.150582679182551, 1.086552580412011, 2.143060251136211, 5.150591384491688, 6.556593504252037, 8.370310033087186, 8.510088660525225, 6.87225078413179, 4.830173530009041, 3.3852754009090607], [2.40915841114693, 1.396021722610361, 0.0, 1.4124968601735015, 2.4883492520142747, 2.7951945978768635, 3.794389791521161, 5.011517895807617, 6.244253948231125, 6.513430943826762, 5.65312814820255, 4.248406211745765, 3.7048538716122126, 2.420863451333016, 2.774919833076264, 3.396091655123578, 2.154674560113429, 1.0884494522025356, 3.7554164323014834, 5.220959408959239, 7.16173980398618, 7.576086133354082, 6.2495010432833755, 4.570316358853071, 3.86267993626187], [2.8242154220243187, 2.4506260649066802, 1.4124968601735015, 0.0, 1.4169329765377048, 2.371832940997321, 2.4885608230461234, 3.8150760857419344, 4.948901529632612, 5.120794526242973, 4.241598672670483, 2.8364544099985105, 2.427143129277711, 1.4091875851000106, 2.435673701463314, 3.9107117881531495, 3.4303973997191637, 2.1696869336381233, 3.191918629915243, 4.226993717762069, 5.921551210620406, 6.175313234160677, 4.868181051481138, 3.4092968923225206, 3.4246909539402237], [4.240750236691617, 3.7625559304813003, 2.4883492520142747, 1.4169329765377048, 0.0, 1.3794075684872837, 1.423240981000758, 2.5238520836213834, 3.7931015185465315, 4.259949058380863, 3.723074565463335, 2.426655513252757, 2.7771920225292313, 2.4309684099140405, 3.720297439721722, 5.327156097769241, 4.640075411025127, 2.7388313365375385, 1.9348199244374138, 2.8185387898696725, 4.677652567260634, 5.3463169546894616, 4.594563606045736, 3.866430982184992, 4.598111274208139], [5.022186672157856, 4.191185170092107, 2.7951945978768635, 2.371832940997321, 1.3794075684872837, 0.0, 2.4465976068818507, 2.9644107036643894, 4.360915895772355, 5.15636368189832, 4.88863750548146, 3.7070477822655588, 4.155258212193317, 3.662108055478429, 4.8074952688484265, 6.084827932653478, 4.830368261323354, 2.473880476094187, 0.9660180226062038, 2.7203495418787638, 5.024376233921978, 6.225585991695882, 5.843232681487192, 5.244345886762238, 5.78019093196756], [5.12588510405764, 4.938963747589164, 3.794389791521161, 2.4885608230461234, 1.423240981000758, 2.4465976068818507, 0.0, 1.4194614647816264, 2.461819599402036, 2.838284631604096, 2.4449979856842416, 1.414800257986971, 2.4423779478205248, 2.85535868149695, 4.261563005518045, 6.183315765833086, 5.904182613198884, 4.1572079548658625, 2.4729034979149507, 2.192335654045703, 3.442163254408483, 3.924940472160056, 3.4334220218318636, 3.4240479129241166, 4.89804536116194], [6.5291376069125695, 6.249995127198101, 5.011517895807617, 3.8150760857419344, 2.5238520836213834, 2.9644107036643894, 1.4194614647816264, 0.0, 1.3979037913962462, 2.410957063076819, 2.772652048130093, 2.4200343964497697, 3.7149587413590477, 4.27303111736856, 5.67885008606496, 7.593544423390174, 7.1603467946741235, 5.170330218661086, 2.4857991189957405, 1.0851923930806002, 2.1580541559469726, 3.398744529969854, 3.8610030264168405, 4.575098912591945, 6.2811664529767075], [7.495944789017592, 7.39798948634019, 6.244253948231125, 4.948901529632612, 3.7931015185465315, 4.360915895772355, 2.461819599402036, 1.3979037913962462, 0.0, 1.3867631701195415, 2.402317524808076, 2.805211459052597, 4.208869608339037, 5.1075756617009604, 6.474166853734927, 8.520538601520446, 8.364991640760914, 6.5044590797390685, 3.854412070601689, 2.1190815227357347, 1.0871549521572348, 2.150295768028203, 3.3794618033053725, 4.820548492651018, 6.893223331649716], [7.326901009976864, 7.488105582188328, 6.513430943826762, 5.120794526242973, 4.259949058380863, 5.15636368189832, 2.838284631604096, 2.410957063076819, 1.3867631701195415, 0.0, 1.392725751898054, 2.4374383356302576, 3.7116076045293367, 4.8901189402712895, 6.136983557090567, 8.273414788949, 8.526418937631437, 6.982368885270959, 4.853633074306297, 3.3695364087660487, 2.1479391658052145, 1.0866779559740782, 2.1379695063307147, 4.034821842411384, 6.344169897630422], [6.131653184093178, 6.4592547596452645, 5.65312814820255, 4.241598672670483, 3.723074565463335, 4.88863750548146, 2.4449979856842416, 2.772652048130093, 2.402317524808076, 1.392725751898054, 0.0, 1.405470504848821, 2.4291888255135707, 3.7266090363760993, 4.870722486449007, 7.024400672655283, 7.529970248281198, 6.292522741317667, 4.8528765655021555, 3.8565115441289683, 3.3896604077694867, 2.1538619640079077, 1.0884964170818388, 2.644759081655643, 4.989788880303454], [4.89088747468187, 5.095810566534043, 4.248406211745765, 2.8364544099985105, 2.426655513252757, 3.7070477822655588, 1.414800257986971, 2.4200343964497697, 2.805211459052597, 2.4374383356302576, 1.405470504848821, 0.0, 1.403943763118737, 2.453447356272394, 3.7369829675822714, 5.852020706559402, 6.155740512724687, 4.899947437473181, 3.870736997007159, 3.421980609237872, 3.8923515797008883, 3.419738577727836, 2.169266468186885, 2.1559796334845096, 4.0886420202800835], [3.72015716603479, 4.210223963163955, 3.7048538716122126, 2.427143129277711, 2.7771920225292313, 4.155258212193317, 2.4423779478205248, 3.7149587413590477, 4.208869608339037, 3.7116076045293367, 2.4291888255135707, 1.403943763118737, 0.0, 1.4021401499136954, 2.4420976987008527, 4.595212245370175, 5.296745839664199, 4.590971629187007, 4.604733915222464, 4.623528209062858, 5.29602267649979, 4.581669751302466, 2.6654128723332904, 1.089239234511868, 2.687612546480612], [2.4375422006603293, 2.8080870321270317, 2.420863451333016, 1.4091875851000106, 2.4309684099140405, 3.662108055478429, 2.85535868149695, 4.27303111736856, 5.1075756617009604, 4.8901189402712895, 3.7266090363760993, 2.453447356272394, 1.4021401499136954, 0.0, 1.4062308807589174, 3.4201126209527075, 3.8946056912093168, 3.4116583562836422, 4.360991560413755, 4.961307301508343, 6.170965450397531, 5.845616295139462, 4.065541934355124, 2.1513963907192926, 2.16968444710285], [1.3948727432995454, 2.4080812216368455, 2.774919833076264, 2.435673701463314, 3.720297439721722, 4.8074952688484265, 4.261563005518045, 5.67885008606496, 6.474166853734927, 6.136983557090567, 4.870722486449007, 3.7369829675822714, 2.4420976987008527, 1.4062308807589174, 0.0, 2.1554161570332537, 3.3960862327096466, 3.8632240227561234, 5.60486241222744, 6.354462239245742, 7.547429971851345, 7.023724782478311, 4.978388820692896, 2.6611111701693337, 1.0878989888771844], [1.0865094293194149, 2.150582679182551, 3.396091655123578, 3.9107117881531495, 5.327156097769241, 6.084827932653478, 6.183315765833086, 7.593544423390174, 8.520538601520446, 8.273414788949, 7.024400672655283, 5.852020706559402, 4.595212245370175, 3.4201126209527075, 2.1554161570332537, 0.0, 2.4826662300841007, 4.283556618045337, 7.005164898130522, 8.123097774863972, 9.574214184464436, 9.176305982801578, 7.111529848070667, 4.740315880824822, 2.4616341929701906], [2.1523485289329884, 1.086552580412011, 2.154674560113429, 3.4303973997191637, 4.640075411025127, 4.830368261323354, 5.904182613198884, 7.1603467946741235, 8.364991640760914, 8.526418937631437, 7.529970248281198, 6.155740512724687, 5.296745839664199, 3.8946056912093168, 3.3960862327096466, 2.4826662300841007, 0.0, 2.4606019161985544, 5.7946454990793015, 7.364575741344507, 9.304740560595981, 9.560758937448428, 7.9582800220902, 5.90065838529905, 4.283465266580319], [3.3868714117899428, 2.143060251136211, 1.0884494522025356, 2.1696869336381233, 2.7388313365375385, 2.473880476094187, 4.1572079548658625, 5.170330218661086, 6.5044590797390685, 6.982368885270959, 6.292522741317667, 4.899947437473181, 4.590971629187007, 3.4116583562836422, 3.8632240227561234, 4.283556618045337, 2.4606019161985544, 0.0, 3.4144510320108563, 5.1509753697722145, 7.319173699947283, 8.065912534239384, 7.004337439044467, 5.532488641651242, 4.950872729125645], [5.932232369858753, 5.150591384491688, 3.7554164323014834, 3.191918629915243, 1.9348199244374138, 0.9660180226062038, 2.4729034979149507, 2.4857991189957405, 3.854412070601689, 4.853633074306297, 4.8528765655021555, 3.870736997007159, 4.604733915222464, 4.360991560413755, 5.60486241222744, 7.005164898130522, 5.7946454990793015, 3.4144510320108563, 0.0, 1.948741853093939, 4.35786879104913, 5.8762864668087795, 5.886031152652864, 5.680185859635229, 6.5221647594951175], [7.039357861339343, 6.556593504252037, 5.220959408959239, 4.226993717762069, 2.8185387898696725, 2.7203495418787638, 2.192335654045703, 1.0851923930806002, 2.1190815227357347, 3.3695364087660487, 3.8565115441289683, 3.421980609237872, 4.623528209062858, 4.961307301508343, 6.354462239245742, 8.123097774863972, 7.364575741344507, 5.1509753697722145, 1.948741853093939, 0.0, 2.4281508622818313, 4.2615786898753845, 4.944465991388757, 5.555335407515914, 7.066429478881114], [8.537922958776333, 8.370310033087186, 7.16173980398618, 5.921551210620406, 4.677652567260634, 5.024376233921978, 3.442163254408483, 2.1580541559469726, 1.0871549521572348, 2.1479391658052145, 3.3896604077694867, 3.8923515797008883, 5.29602267649979, 6.170965450397531, 7.547429971851345, 9.574214184464436, 9.304740560595981, 7.319173699947283, 4.35786879104913, 2.4281508622818313, 0.0, 2.4786656087499987, 4.275927357895595, 5.889547042005862, 7.9801410883517585], [8.269201812146079, 8.510088660525225, 7.576086133354082, 6.175313234160677, 5.3463169546894616, 6.225585991695882, 3.924940472160056, 3.398744529969854, 2.150295768028203, 1.0866779559740782, 2.1538619640079077, 3.419738577727836, 4.581669751302466, 5.845616295139462, 7.023724782478311, 9.176305982801578, 9.560758937448428, 8.065912534239384, 5.8762864668087795, 4.2615786898753845, 2.4786656087499987, 0.0, 2.457231151112976, 4.715306246682181, 7.117693561119361], [6.330944861551078, 6.87225078413179, 6.2495010432833755, 4.868181051481138, 4.594563606045736, 5.843232681487192, 3.4334220218318636, 3.8610030264168405, 3.3794618033053725, 2.1379695063307147, 1.0884964170818388, 2.169266468186885, 2.6654128723332904, 4.065541934355124, 4.978388820692896, 7.111529848070667, 7.9582800220902, 7.004337439044467, 5.886031152652864, 4.944465991388757, 4.275927357895595, 2.457231151112976, 0.0, 2.413956058009342, 4.856979643770395], [4.052021817562191, 4.830173530009041, 4.570316358853071, 3.4092968923225206, 3.866430982184992, 5.244345886762238, 3.4240479129241166, 4.575098912591945, 4.820548492651018, 4.034821842411384, 2.644759081655643, 2.1559796334845096, 1.089239234511868, 2.1513963907192926, 2.6611111701693337, 4.740315880824822, 5.90065838529905, 5.532488641651242, 5.680185859635229, 5.555335407515914, 5.889547042005862, 4.715306246682181, 2.413956058009342, 0.0, 2.4435569054147273], [2.1413602265849625, 3.3852754009090607, 3.86267993626187, 3.4246909539402237, 4.598111274208139, 5.78019093196756, 4.89804536116194, 6.2811664529767075, 6.893223331649716, 6.344169897630422, 4.989788880303454, 4.0886420202800835, 2.687612546480612, 2.16968444710285, 1.0878989888771844, 2.4616341929701906, 4.283465266580319, 4.950872729125645, 6.5221647594951175, 7.066429478881114, 7.9801410883517585, 7.117693561119361, 4.856979643770395, 2.4435569054147273, 0.0]]}