{"total energy": -27.21941667, "HOMO-LUMO gap/eV": 11.45834921, "electronic energy": -27.56012273, "dipole": [0.14862056, 0.10339017, -0.74231176], "partial charges": [-0.10128196, -0.02209631, -0.10222638, 0.09985154, -0.44697793, -0.02182193, -0.10650257, -0.1032016, 0.03334636, 0.03459649, 0.0292137, 0.02965197, 0.04633697, 0.03090624, 0.03332688, 0.04228834, 0.28313893, 0.02647665, 0.03282648, 0.03464806, 0.03757161, 0.03573529, 0.04278134, 0.03141185], "atomic dipole moments": [[0.02498012, 0.05087265, 0.08283826], [-0.01972951, -0.08703486, 0.030165], [0.08746091, -0.00671917, -0.06458599], [-0.05502952, -0.16971778, -0.02927458], [0.06241396, 0.11926664, -0.18727815], [0.00788156, 0.06261068, 0.07065772], [-0.03691062, -0.0869971, 0.04146153], [-0.07147739, 0.04425101, -0.06830018], [-0.04340653, -0.11640496, 0.02212462], [-0.09234523, 0.05813087, -0.06432785], [0.09401558, -0.00947058, -0.08171553], [0.02987189, 0.11453211, -0.03484978], [-0.05410981, -0.11126454, 0.03836347], [-0.08979677, 0.06293063, -0.05937153], [0.02616688, 0.06714912, 0.10426803], [0.02121523, 0.07187708, 0.10266843], [-0.00056882, -0.04580959, -0.06249575], [-0.00787076, -0.0831475, -0.09056447], [-0.07356858, 0.04425111, -0.09137], [0.01385167, 0.09274997, 0.08686539], [0.1121891, -0.01462297, -0.05486986], [0.02607399, 0.07385111, 0.10136943], [-0.03288523, -0.11533735, 0.04461002], [0.10872895, -0.01868754, -0.0592255]], "atomic quadrupole moments": [[-0.07570526, 0.03003297, -0.02499356, 0.05178993, 0.14454395, 0.10069882], [0.0523184, -0.06396254, -0.14697097, 0.02757661, 0.0633509, 0.09465256], [0.10946703, -0.04002199, -0.12932425, -0.15047598, 0.02874095, 0.01985722], [-0.03204142, 0.06954233, 0.2045085, -0.08748383, -0.23019792, -0.17246708], [-0.07955079, 0.0695797, 0.10301585, -0.0331899, -0.06818235, -0.02346506], [0.06886032, -0.00836848, -0.02227271, -0.04273866, -0.15543399, -0.04658761], [-0.05613589, 0.08389682, 0.13448657, -0.0327592, -0.11761536, -0.07835068], [0.05942097, -0.08429801, -0.07875308, 0.13782629, -0.08962362, 0.01933211], [-0.04135957, 0.03523761, 0.05780043, -0.01108282, -0.03619159, -0.01644087], [0.02024878, -0.05158633, -0.00259208, 0.0413378, -0.01570923, -0.0176567], [0.05067232, 0.00150136, -0.04647381, -0.05449383, 0.01303484, -0.00419851], [-0.00826538, 0.02071918, 0.02064719, -0.00847029, -0.01452741, -0.01238181], [-0.02891226, 0.02719374, 0.06593082, -0.01549082, -0.02279008, -0.03701856], [0.01563113, -0.04260447, -0.02070832, 0.03856074, -0.04200764, 0.0050772], [-0.01947588, 0.0232246, -0.01769872, 0.0245665, 0.05494317, 0.0371746], [-0.01349391, 0.00035483, 0.00431993, 0.01153934, 0.02150387, 0.00917398], [-0.08865992, 0.02248681, 0.03544271, 0.00081364, 0.09471587, 0.0532172], [-0.01746208, 0.00631796, 0.00174282, 0.02062152, 0.0224112, 0.01571927], [0.02081243, -0.01531035, -0.02702848, 0.06034013, -0.02802902, 0.00621605], [-0.047714, 0.00978671, 0.01072254, 0.00076815, 0.05597611, 0.03699146], [0.05475205, -0.028884, -0.0232739, -0.04604545, 0.00354654, -0.03147815], [-0.03967067, -0.00017321, 0.01486393, 0.01614882, 0.06001276, 0.02480674], [-0.01669974, 0.04306744, 0.04730352, -0.0049247, -0.03673834, -0.03060378], [0.04230916, -0.01384027, -0.04943162, -0.05525093, -0.00151196, 0.00712246]], "number of molecular orbitals": 48, "number of electrons": 50, "number of unpaired electrons": 0, "orbital energies/eV": [-18.34362274, -17.17735446, -16.8875518, -16.35256715, -15.97598157, -15.93686035, -15.41106439, -15.16488037, -14.46826382, -14.36717455, -13.97475936, -13.7774424, -13.24512143, -13.15988985, -12.8980127, -12.6711072, -12.58437073, -12.5055514, -12.17505304, -12.09054665, -11.93907653, -11.8273387, -11.64647971, -11.38953057, -10.77117162, 0.6871776, 1.18521276, 2.26219504, 2.57174282, 2.7052876, 2.97894545, 3.31684334, 3.59278141, 4.13593821, 4.47362208, 4.77126256, 5.19888321, 5.53419849, 5.73503909, 6.00481535, 6.01218449, 6.16878733, 6.73822149, 6.85628315, 7.15133926, 7.29828502, 7.89885624, 7.98829094], "fractional occupation": [2.0, 2.0, 2.0, 2.0, 2.0, 2.0, 2.0, 2.0, 2.0, 2.0, 2.0, 2.0, 2.0, 2.0, 2.0, 2.0, 2.0, 2.0, 2.0, 2.0, 2.0, 2.0, 2.0, 2.0, 2.0, 0.0, 0.0, 0.0, 0.0, 0.0, 0.0, 0.0, 0.0, 0.0, 0.0, 0.0, 0.0, 0.0, 0.0, 0.0, 0.0, 0.0, 0.0, 0.0, 0.0, 0.0, 0.0, 0.0], "program call": "xtb /home/svss/Project-DBcg-Debug/aqme2_20220329/End-to-End-workflows-final/example-3/QDESCP/mol_256_rdkit_conf_1/mol_256_rdkit_conf_1.xyz --pop --wbo --acc 0.2 --gfn 2 --chrg 0 --uhf 0 --etemp 300 --input /home/svss/Project-DBcg-Debug/aqme2_20220329/End-to-End-workflows-final/example-3/QDESCP/mol_256_rdkit_conf_1/mol_256_rdkit_conf_1_xtb.inp", "method": "GFN2-xTB", "xtb version": "6.3.3 (7355c4f)", "Dipole module/D": 1.942, "Total charge": 0, "Transition dipole module/D": NaN, "HOMO": -10.7712, "LUMO": 0.6872, "HOMO occupancy": 2.0, "LUMO occupancy": 0, "mulliken charges": [-0.0916, -0.02234, -0.08244, 0.20216, -0.56394, -0.0249, -0.09346, -0.08442, 0.02778, 0.03221, 0.02506, 0.01951, 0.0376, 0.02484, 0.02992, 0.0298, 0.33238, 0.01893, 0.02846, 0.02883, 0.03339, 0.02904, 0.0374, 0.02577], "cm5 charges": [-0.23993, -0.0926, -0.22984, 0.15848, -0.77692, -0.09542, -0.24196, -0.23199, 0.08163, 0.0837, 0.0776, 0.07888, 0.09195, 0.07627, 0.08192, 0.0978, 0.50371, 0.07995, 0.08069, 0.08087, 0.08488, 0.08137, 0.09171, 0.07723], "FUKUI+": [0.026, -0.025, 0.015, -0.045, -0.085, -0.027, 0.019, 0.012, -0.033, -0.067, -0.037, -0.074, -0.044, -0.08, -0.046, -0.072, -0.086, -0.05, -0.038, -0.043, -0.051, -0.047, -0.041, -0.082], "FUKUI-": [0.027, -0.019, 0.02, -0.019, -0.119, -0.014, 0.023, 0.015, -0.041, -0.074, -0.041, -0.069, -0.047, -0.088, -0.044, -0.061, -0.053, -0.051, -0.048, -0.045, -0.079, -0.056, -0.043, -0.073], "FUKUIrad": [0.026, -0.022, 0.018, -0.032, -0.102, -0.021, 0.021, 0.014, -0.037, -0.07, -0.039, -0.072, -0.046, -0.084, -0.045, -0.066, -0.069, -0.05, -0.043, -0.044, -0.065, -0.052, -0.042, -0.077], "s proportion": [1.012, 1.06, 1.011, 1.03, 1.7, 1.062, 1.013, 1.012, 0.972, 0.968, 0.975, 0.98, 0.962, 0.975, 0.97, 0.97, 0.668, 0.981, 0.972, 0.971, 0.967, 0.971, 0.963, 0.974], "p proportion": [3.08, 2.962, 3.071, 2.767, 4.864, 2.963, 3.081, 3.072, 0.0, 0.0, 0.0, 0.0, 0.0, 0.0, 0.0, 0.0, 0.0, 0.0, 0.0, 0.0, 0.0, 0.0, 0.0, 0.0], "d proportion": [0.0, 0.0, 0.0, 0.0, 0.0, 0.0, 0.0, 0.0, 0.0, 0.0, 0.0, 0.0, 0.0, 0.0, 0.0, 0.0, 0.0, 0.0, 0.0, 0.0, 0.0, 0.0, 0.0, 0.0], "Fermi-level/eV": -5.042, "Coordination numbers": [3.752, 3.846, 3.752, 3.724, 1.652, 3.846, 3.752, 3.752, 0.924, 0.924, 0.924, 0.924, 0.924, 0.924, 0.924, 0.924, 0.804, 0.924, 0.924, 0.924, 0.924, 0.924, 0.924, 0.924], "Dispersion coefficient C6": [22.496, 20.936, 22.513, 19.035, 21.784, 20.931, 22.596, 22.532, 2.539, 2.522, 2.598, 2.592, 2.366, 2.574, 2.54, 2.419, 0.774, 2.637, 2.547, 2.521, 2.482, 2.507, 2.412, 2.567], "Total dispersion C6": 3812.042225, "Total dispersion C8": 79033.075341, "Polarizability alpha": [6.764, 6.509, 6.766, 6.23, 6.301, 6.508, 6.779, 6.769, 2.492, 2.484, 2.521, 2.518, 2.406, 2.509, 2.492, 2.432, 1.382, 2.54, 2.496, 2.483, 2.464, 2.476, 2.429, 2.505], "Total polarizability alpha": 91.25199, "Wiberg matrix": [[0.0, 1.0097795841765482, 0.0, 0.0, 0.0, 0.0, 0.0, 0.0, 0.9838945217933794, 0.9856451456666204, 0.9844484737596897, 0.0, 0.0, 0.0, 0.0, 0.0, 0.0, 0.0, 0.0, 0.0, 0.0, 0.0, 0.0, 0.0], [1.0097795841765482, 0.0, 1.007401847095051, 0.9731544453872137, 0.0, 0.0, 0.0, 0.0, 0.0, 0.0, 0.0, 0.9663254653105374, 0.0, 0.0, 0.0, 0.0, 0.0, 0.0, 0.0, 0.0, 0.0, 0.0, 0.0, 0.0], [0.0, 1.007401847095051, 0.0, 0.0, 0.0, 0.0, 0.0, 0.0, 0.0, 0.0, 0.0, 0.0, 0.9858588123774265, 0.9866484410762115, 0.986556759080663, 0.0, 0.0, 0.0, 0.0, 0.0, 0.0, 0.0, 0.0, 0.0], [0.0, 0.9731544453872137, 0.0, 0.0, 0.9863513070907414, 0.9755954542162005, 0.0, 0.0, 0.0, 0.0, 0.0, 0.0, 0.0, 0.0, 0.0, 0.9622370242261538, 0.0, 0.0, 0.0, 0.0, 0.0, 0.0, 0.0, 0.0], [0.0, 0.0, 0.0, 0.9863513070907414, 0.0, 0.0, 0.0, 0.0, 0.0, 0.0, 0.0, 0.0, 0.0, 0.0, 0.0, 0.0, 0.8995520421243319, 0.0, 0.0, 0.0, 0.0, 0.0, 0.0, 0.0], [0.0, 0.0, 0.0, 0.9755954542162005, 0.0, 0.0, 1.0091812077217481, 1.007367475759452, 0.0, 0.0, 0.0, 0.0, 0.0, 0.0, 0.0, 0.0, 0.0, 0.9653759059531566, 0.0, 0.0, 0.0, 0.0, 0.0, 0.0], [0.0, 0.0, 0.0, 0.0, 0.0, 1.0091812077217481, 0.0, 0.0, 0.0, 0.0, 0.0, 0.0, 0.0, 0.0, 0.0, 0.0, 0.0, 0.0, 0.9842918425699358, 0.9870081197158209, 0.985215173637969, 0.0, 0.0, 0.0], [0.0, 0.0, 0.0, 0.0, 0.0, 1.007367475759452, 0.0, 0.0, 0.0, 0.0, 0.0, 0.0, 0.0, 0.0, 0.0, 0.0, 0.0, 0.0, 0.0, 0.0, 0.0, 0.987043157047462, 0.9855216241844673, 0.9860756149457441], [0.9838945217933794, 0.0, 0.0, 0.0, 0.0, 0.0, 0.0, 0.0, 0.0, 0.0, 0.0, 0.0, 0.0, 0.0, 0.0, 0.0, 0.0, 0.0, 0.0, 0.0, 0.0, 0.0, 0.0, 0.0], [0.9856451456666204, 0.0, 0.0, 0.0, 0.0, 0.0, 0.0, 0.0, 0.0, 0.0, 0.0, 0.0, 0.0, 0.0, 0.0, 0.0, 0.0, 0.0, 0.0, 0.0, 0.0, 0.0, 0.0, 0.0], [0.9844484737596897, 0.0, 0.0, 0.0, 0.0, 0.0, 0.0, 0.0, 0.0, 0.0, 0.0, 0.0, 0.0, 0.0, 0.0, 0.0, 0.0, 0.0, 0.0, 0.0, 0.0, 0.0, 0.0, 0.0], [0.0, 0.9663254653105374, 0.0, 0.0, 0.0, 0.0, 0.0, 0.0, 0.0, 0.0, 0.0, 0.0, 0.0, 0.0, 0.0, 0.0, 0.0, 0.0, 0.0, 0.0, 0.0, 0.0, 0.0, 0.0], [0.0, 0.0, 0.9858588123774265, 0.0, 0.0, 0.0, 0.0, 0.0, 0.0, 0.0, 0.0, 0.0, 0.0, 0.0, 0.0, 0.0, 0.0, 0.0, 0.0, 0.0, 0.0, 0.0, 0.0, 0.0], [0.0, 0.0, 0.9866484410762115, 0.0, 0.0, 0.0, 0.0, 0.0, 0.0, 0.0, 0.0, 0.0, 0.0, 0.0, 0.0, 0.0, 0.0, 0.0, 0.0, 0.0, 0.0, 0.0, 0.0, 0.0], [0.0, 0.0, 0.986556759080663, 0.0, 0.0, 0.0, 0.0, 0.0, 0.0, 0.0, 0.0, 0.0, 0.0, 0.0, 0.0, 0.0, 0.0, 0.0, 0.0, 0.0, 0.0, 0.0, 0.0, 0.0], [0.0, 0.0, 0.0, 0.9622370242261538, 0.0, 0.0, 0.0, 0.0, 0.0, 0.0, 0.0, 0.0, 0.0, 0.0, 0.0, 0.0, 0.0, 0.0, 0.0, 0.0, 0.0, 0.0, 0.0, 0.0], [0.0, 0.0, 0.0, 0.0, 0.8995520421243319, 0.0, 0.0, 0.0, 0.0, 0.0, 0.0, 0.0, 0.0, 0.0, 0.0, 0.0, 0.0, 0.0, 0.0, 0.0, 0.0, 0.0, 0.0, 0.0], [0.0, 0.0, 0.0, 0.0, 0.0, 0.9653759059531566, 0.0, 0.0, 0.0, 0.0, 0.0, 0.0, 0.0, 0.0, 0.0, 0.0, 0.0, 0.0, 0.0, 0.0, 0.0, 0.0, 0.0, 0.0], [0.0, 0.0, 0.0, 0.0, 0.0, 0.0, 0.9842918425699358, 0.0, 0.0, 0.0, 0.0, 0.0, 0.0, 0.0, 0.0, 0.0, 0.0, 0.0, 0.0, 0.0, 0.0, 0.0, 0.0, 0.0], [0.0, 0.0, 0.0, 0.0, 0.0, 0.0, 0.9870081197158209, 0.0, 0.0, 0.0, 0.0, 0.0, 0.0, 0.0, 0.0, 0.0, 0.0, 0.0, 0.0, 0.0, 0.0, 0.0, 0.0, 0.0], [0.0, 0.0, 0.0, 0.0, 0.0, 0.0, 0.985215173637969, 0.0, 0.0, 0.0, 0.0, 0.0, 0.0, 0.0, 0.0, 0.0, 0.0, 0.0, 0.0, 0.0, 0.0, 0.0, 0.0, 0.0], [0.0, 0.0, 0.0, 0.0, 0.0, 0.0, 0.0, 0.987043157047462, 0.0, 0.0, 0.0, 0.0, 0.0, 0.0, 0.0, 0.0, 0.0, 0.0, 0.0, 0.0, 0.0, 0.0, 0.0, 0.0], [0.0, 0.0, 0.0, 0.0, 0.0, 0.0, 0.0, 0.9855216241844673, 0.0, 0.0, 0.0, 0.0, 0.0, 0.0, 0.0, 0.0, 0.0, 0.0, 0.0, 0.0, 0.0, 0.0, 0.0, 0.0], [0.0, 0.0, 0.0, 0.0, 0.0, 0.0, 0.0, 0.9860756149457441, 0.0, 0.0, 0.0, 0.0, 0.0, 0.0, 0.0, 0.0, 0.0, 0.0, 0.0, 0.0, 0.0, 0.0, 0.0, 0.0]], "Born radii": [], "Atomic SASAs": [], "Solvent H bonds": [], "Total SASA": NaN, "Total FOD": 0.0, "FOD": [0.0, 0.0, 0.0, 0.0, 0.0, 0.0, 0.0, 0.0, 0.0, 0.0, 0.0, 0.0, 0.0, 0.0, 0.0, 0.0, 0.0, 0.0, 0.0, 0.0, 0.0, 0.0, 0.0, 0.0], "FOD s proportion": [0.0, 0.0, 0.0, 0.0, 0.0, 0.0, 0.0, 0.0, 0.0, 0.0, 0.0, 0.0, 0.0, 0.0, 0.0, 0.0, 0.0, 0.0, 0.0, 0.0, 0.0, 0.0, 0.0, 0.0], "FOD p proportion": [0.0, 0.0, 0.0, 0.0, 0.0, 0.0, 0.0, 0.0, 0.0, 0.0, 0.0, 0.0, 0.0, 0.0, 0.0, 0.0, 0.0, 0.0, 0.0, 0.0, 0.0, 0.0, 0.0, 0.0], "FOD d proportion": [0.0, 0.0, 0.0, 0.0, 0.0, 0.0, 0.0, 0.0, 0.0, 0.0, 0.0, 0.0, 0.0, 0.0, 0.0, 0.0, 0.0, 0.0, 0.0, 0.0, 0.0, 0.0, 0.0, 0.0], "coordinates": [["-1.58130", "-0.24560", "-1.39910"], ["-1.19510", "0.53660", "-0.14040"], ["-2.43920", "0.71890", "0.73880"], ["-0.04780", "-0.12060", "0.66670"], ["-0.48430", "-1.38430", "1.17600"], ["1.28540", "-0.31430", "-0.09740"], ["1.81580", "0.99000", "-0.69520"], ["2.35310", "-0.92050", "0.82440"], ["-1.93350", "-1.25370", "-1.15870"], ["-2.38710", "0.26690", "-1.93640"], ["-0.73800", "-0.33310", "-2.09020"], ["-0.87520", "1.53860", "-0.45050"], ["-2.86150", "-0.24280", "1.04850"], ["-3.21770", "1.26690", "0.19690"], ["-2.19720", "1.29160", "1.64030"], ["0.14800", "0.50870", "1.54440"], ["-0.53800", "-2.00650", "0.43130"], ["1.13380", "-1.03500", "-0.91060"], ["1.15100", "1.37220", "-1.47540"], ["1.92330", "1.76280", "0.07330"], ["2.79670", "0.83570", "-1.15790"], ["2.55320", "-0.26780", "1.68090"], ["2.04090", "-1.89770", "1.20660"], ["3.29470", "-1.06700", "0.28400"]], "bond_dist": [[0.0, 1.5314414680293855, 2.49737243317852, 2.5758060660694158, 3.0217853497560014, 3.1491445616230447, 3.6827260256500214, 4.569348489664582, 1.094578736318224, 1.0957468594524926, 1.0938145866644857, 2.14051134311407, 2.762184939499888, 2.7409263415859972, 3.4612525204035607, 3.4962321476126266, 2.745834638138284, 2.8694167734924805, 3.176249646989355, 4.299285228965392, 4.516001675154694, 5.155674843315858, 4.758092027273117, 5.223303511189064], [1.5314414680293855, 0.0, 1.534278573141136, 1.5490705406791518, 2.43474894188292, 2.622739037723731, 3.0949787414455696, 3.955212091658297, 2.1879998948811674, 2.1723761391619085, 2.1833548818275053, 1.0965865310133989, 2.190396432155604, 2.176699368309735, 2.1783300714079123, 2.154819495920714, 2.6881180982241086, 2.913230133374293, 2.825710100134124, 3.3576260497559884, 4.130282593237417, 4.244283913689093, 4.267542792989896, 4.786434200947507], [2.49737243317852, 1.534278573141136, 0.0, 2.5354984953653594, 2.904518564237454, 3.954665325915709, 4.498319265014434, 5.065678534016938, 2.7834132822849, 2.713616304859624, 3.4646827329497287, 2.128952460718651, 1.0950425882128967, 1.0954550926441484, 1.0951034380367912, 2.7178629913959975, 3.3372028481948774, 4.308481701249293, 4.268374230312989, 4.534757293395094, 5.57007737289169, 5.175440759973975, 5.20929250570555, 6.022781007142797], [2.5758060660694158, 1.5490705406791518, 2.5354984953653594, 0.0, 1.430683902893997, 1.5488030023214703, 2.561485688033412, 2.5355532157696867, 2.8586474529049575, 3.5211660497624933, 2.8499175251224376, 2.164641134229875, 2.8421139614730437, 3.492010065850326, 2.7499320282508806, 1.09759437862992, 1.9627348292624758, 2.1725978021714005, 2.8730063853044254, 2.790081419958923, 3.512101237151344, 2.7956162969907012, 2.7950391965051224, 3.494916093413403], [3.0217853497560014, 2.43474894188292, 2.904518564237454, 1.430683902893997, 0.0, 2.428638641296807, 3.798572092247296, 2.8964757482154067, 2.751010921461418, 4.004265605576134, 3.4405591943752394, 3.3677365499694303, 2.6401436210933675, 3.9317901533525412, 3.2109253666194113, 2.0295247842783297, 0.9719025774222434, 2.663485997710519, 4.159617806962558, 4.1129944638912415, 4.597874531780962, 3.2753476929938294, 2.577043065220293, 3.8957905860043356], [3.1491445616230447, 2.622739037723731, 3.954665325915709, 1.5488030023214703, 2.428638641296807, 0.0, 1.5296690785918372, 1.5353100566335127, 3.5171220138061745, 4.148128576840405, 2.8400269083232295, 2.8681196592889915, 4.302903516231802, 4.781706341882571, 4.210346643686242, 2.160211795171946, 2.543197218070199, 1.0971259225813599, 2.182024200140778, 2.1795410778418467, 2.1751294076445196, 2.184451871751813, 2.1859441461299967, 2.179291109512449], [3.6827260256500214, 3.0949787414455696, 4.498319265014434, 2.561485688033412, 3.798572092247296, 1.5296690785918372, 0.0, 2.4995771042318338, 4.393890352523604, 4.441601001891098, 3.196640901008432, 2.7572306849445876, 5.1417332505683335, 5.119437300133678, 4.652922931878412, 2.8335516035533925, 3.9734605748641827, 2.1475907803862446, 1.0939597433178243, 1.0951567650341205, 1.0954745957802945, 2.7877716567179602, 3.4650143636065924, 2.716105088173136], [4.569348489664582, 3.955212091658297, 5.065678534016938, 2.5355532157696867, 2.8964757482154067, 1.5353100566335127, 2.4995771042318338, 0.0, 4.734833408896241, 5.612613601522912, 4.288919576070412, 4.253758774307729, 5.2632263166236735, 6.017664634224809, 5.124871638392516, 2.7246061458493407, 3.1132591957625375, 2.1236825892774087, 3.4627442498688814, 2.8193932219539724, 2.685243506648885, 1.0952851455214756, 1.094744499872002, 1.0954930259933198], [1.094578736318224, 2.1879998948811674, 2.7834132822849, 2.8586474529049575, 2.751010921461418, 3.5171220138061745, 4.393890352523604, 4.734833408896241, 0.0, 1.7671430643838657, 1.7732503658536207, 3.0689551023108828, 2.599006473635647, 3.1369165369834118, 3.7924254481795687, 3.8399798983848865, 2.2454906123161593, 3.085079024919783, 4.063224083163517, 5.048960535595421, 5.171110619586473, 5.400537367707032, 4.6696076334099, 5.426814481811591], [1.0957468594524926, 2.1723761391619085, 2.713616304859624, 3.5211660497624933, 4.004265605576134, 4.148128576840405, 4.441601001891098, 5.612613601522912, 1.7671430643838657, 0.0, 1.7615860041451286, 2.4720358634129886, 3.065041184062622, 2.4981723819624615, 3.7254335304766877, 4.312907127448955, 3.7674290517539943, 3.8915223319415757, 3.7352858926727417, 4.9855951560470695, 5.272701217592364, 6.146326339367281, 5.84560742438286, 6.2443828045692396], [1.0938145866644857, 2.1833548818275053, 3.4646827329497287, 2.8499175251224376, 3.4405591943752394, 2.8400269083232295, 3.196640901008432, 4.288919576070412, 1.7732503658536207, 1.7615860041451286, 0.0, 2.4921277695976984, 3.790625809810301, 3.733595920824855, 4.32267798708162, 3.8345717361916702, 3.0328583564024214, 2.321153810069466, 2.618081001420697, 4.019458514526552, 3.8378875465547453, 5.0057423765112, 4.5868451696127694, 4.736887600524209], [2.14051134311407, 1.0965865310133989, 2.128952460718651, 2.164641134229875, 3.3677365499694303, 2.8681196592889915, 2.7572306849445876, 4.253758774307729, 3.0689551023108828, 2.4720358634129886, 2.4921277695976984, 0.0, 3.0603553143385165, 2.445455765292024, 2.4859882622409946, 2.4672369687567506, 3.6686522170955365, 3.297148763704786, 2.27675106456547, 2.855912171268577, 3.804909037020465, 4.422654573895637, 4.801851446057031, 4.971590049471095], [2.762184939499888, 2.190396432155604, 1.0950425882128967, 2.8421139614730437, 2.6401436210933675, 4.302903516231802, 5.1417332505683335, 5.2632263166236735, 2.599006473635647, 3.065041184062622, 3.790625809810301, 3.0603553143385165, 0.0, 1.7695465775163985, 1.7736699495678445, 3.1412989844967, 2.9816481650255113, 4.519742884280034, 5.007839100849787, 5.278992085616344, 6.168191829863918, 5.451562239395236, 5.176602687091216, 6.258000026366251], [2.7409263415859972, 2.176699368309735, 1.0954550926441484, 3.492010065850326, 3.9317901533525412, 4.781706341882571, 5.119437300133678, 6.017664634224809, 3.1369165369834118, 2.4981723819624615, 3.733595920824855, 2.445455765292024, 1.7695465775163985, 0.0, 1.7678896741595613, 3.7038574459608995, 4.236848240142665, 5.045874761624589, 4.6790186011598625, 5.166340558848207, 6.180163738931194, 6.153116844331821, 6.219892379294034, 6.91852797782881], [3.4612525204035607, 2.1783300714079123, 1.0951034380367912, 2.7499320282508806, 3.2109253666194113, 4.210346643686242, 4.652922931878412, 5.124871638392516, 3.7924254481795687, 3.7254335304766877, 4.32267798708162, 2.4859882622409946, 1.7736699495678445, 1.7678896741595613, 0.0, 2.4742862122236384, 3.884853826078917, 4.797470101001151, 4.574333403896135, 4.433513131817701, 5.7425434486819515, 4.999967687895593, 5.321768671222003, 6.128907672660766], [3.4962321476126266, 2.154819495920714, 2.7178629913959975, 1.09759437862992, 2.0295247842783297, 2.160211795171946, 2.8335516035533925, 2.7246061458493407, 3.8399798983848865, 4.312907127448955, 3.8345717361916702, 2.4672369687567506, 3.1412989844967, 3.7038574459608995, 2.4742862122236384, 0.0, 2.834751955639153, 3.0629783430510895, 3.2970946741032474, 2.6246127542934787, 3.798021324321389, 2.531120609532465, 3.080250023942862, 3.7380689587004676], [2.745834638138284, 2.6881180982241086, 3.3372028481948774, 1.9627348292624758, 0.9719025774222434, 2.543197218070199, 3.9734605748641827, 3.1132591957625375, 2.2454906123161593, 3.7674290517539943, 3.0328583564024214, 3.6686522170955365, 2.9816481650255113, 4.236848240142665, 3.884853826078917, 2.834751955639153, 0.0, 2.353597905335574, 4.231292896976053, 4.5159477609910414, 4.660888495769878, 3.7603318058384154, 2.695116461305522, 3.948917171833312], [2.8694167734924805, 2.913230133374293, 4.308481701249293, 2.1725978021714005, 2.663485997710519, 1.0971259225813599, 2.1475907803862446, 2.1236825892774087, 3.085079024919783, 3.8915223319415757, 2.321153810069466, 3.297148763704786, 4.519742884280034, 5.045874761624589, 4.797470101001151, 3.0629783430510895, 2.353597905335574, 0.0, 2.4726315374515466, 3.069047783922563, 2.5151366145798124, 3.052730654676236, 2.4595970279702324, 2.4693282426603393], [3.176249646989355, 2.825710100134124, 4.268374230312989, 2.8730063853044254, 4.159617806962558, 2.182024200140778, 1.0939597433178243, 3.4627442498688814, 4.063224083163517, 3.7352858926727417, 2.618081001420697, 2.27675106456547, 5.007839100849787, 4.6790186011598625, 4.574333403896135, 3.2970946741032474, 4.231292896976053, 2.4726315374515466, 0.0, 1.7741159319503332, 1.7598201584252864, 3.8233486016841307, 4.3217232697154495, 3.6933229875005513], [4.299285228965392, 3.3576260497559884, 4.534757293395094, 2.790081419958923, 4.1129944638912415, 2.1795410778418467, 1.0951567650341205, 2.8193932219539724, 5.048960535595421, 4.9855951560470695, 4.019458514526552, 2.855912171268577, 5.278992085616344, 5.166340558848207, 4.433513131817701, 2.6246127542934787, 4.5159477609910414, 3.069047783922563, 1.7741159319503332, 0.0, 1.7714952469594718, 2.6654245684318285, 3.833726503025483, 3.151650439055702], [4.516001675154694, 4.130282593237417, 5.57007737289169, 3.512101237151344, 4.597874531780962, 2.1751294076445196, 1.0954745957802945, 2.685243506648885, 5.171110619586473, 5.272701217592364, 3.8378875465547453, 3.804909037020465, 6.168191829863918, 6.180163738931194, 5.7425434486819515, 3.798021324321389, 4.660888495769878, 2.5151366145798124, 1.7598201584252864, 1.7714952469594718, 0.0, 3.0554524934942124, 3.692366375375011, 2.4387182904140445], [5.155674843315858, 4.244283913689093, 5.175440759973975, 2.7956162969907012, 3.2753476929938294, 2.184451871751813, 2.7877716567179602, 1.0952851455214756, 5.400537367707032, 6.146326339367281, 5.0057423765112, 4.422654573895637, 5.451562239395236, 6.153116844331821, 4.999967687895593, 2.531120609532465, 3.7603318058384154, 3.052730654676236, 3.8233486016841307, 2.6654245684318285, 3.0554524934942124, 0.0, 1.7731288137075656, 1.7719685380954144], [4.758092027273117, 4.267542792989896, 5.20929250570555, 2.7950391965051224, 2.577043065220293, 2.1859441461299967, 3.4650143636065924, 1.094744499872002, 4.6696076334099, 5.84560742438286, 4.5868451696127694, 4.801851446057031, 5.176602687091216, 6.219892379294034, 5.321768671222003, 3.080250023942862, 2.695116461305522, 2.4595970279702324, 4.3217232697154495, 3.833726503025483, 3.692366375375011, 1.7731288137075656, 0.0, 1.764445434123708], [5.223303511189064, 4.786434200947507, 6.022781007142797, 3.494916093413403, 3.8957905860043356, 2.179291109512449, 2.716105088173136, 1.0954930259933198, 5.426814481811591, 6.2443828045692396, 4.736887600524209, 4.971590049471095, 6.258000026366251, 6.91852797782881, 6.128907672660766, 3.7380689587004676, 3.948917171833312, 2.4693282426603393, 3.6933229875005513, 3.151650439055702, 2.4387182904140445, 1.7719685380954144, 1.764445434123708, 0.0]]}