{"total energy": -47.25931017, "HOMO-LUMO gap/eV": 1.96397746, "electronic energy": -47.64032597, "dipole": [1.53706681, -0.07614264, 1.19514594], "partial charges": [0.04022981, -0.25379792, 0.40996373, -0.39941989, -0.25267052, 0.04482845, -0.11211325, -0.03561653, 0.26818349, -0.36645091, -0.06265896, -0.04798066, 0.2446502, -0.34466925, 0.0699147, 0.05597631, 0.07307676, 0.07263153, 0.07028184, 0.05928363, 0.09454801, 0.08308853, 0.06988754, 0.0898137, 0.09120181, 0.03781786], "atomic dipole moments": [[-0.04284882, -0.26682967, 0.12265976], [-0.11645124, 0.12082091, -0.06863805], [0.1475281, 0.04332253, 0.18704936], [0.20635594, -0.00022982, 0.34557811], [0.07288977, 0.00151205, -0.18707327], [-0.15552726, 0.20266612, 0.1518161], [0.06355367, -0.53939893, -0.20883925], [0.02334863, 0.09647736, -0.13390551], [-0.03713037, 0.02808137, -0.02270859], [-0.04040159, 0.16808806, 0.0514007], [-0.01941038, -0.02936536, -0.00172663], [0.12347168, 0.10960115, 0.15206596], [-0.01722151, -0.09251102, -0.09066864], [0.16270953, -0.05829529, 0.039974], [0.00021795, -0.01531098, -0.12464683], [-0.09967959, 0.06488338, 0.04469317], [0.10786807, 0.05497562, 0.03518522], [0.05967958, -0.08285714, 0.07428698], [-0.08247165, -0.06169141, -0.07294348], [0.08352218, 0.071515, -0.06249467], [0.08853604, -0.08358282, 0.05075661], [-0.06753368, 0.03958865, 0.10887291], [-0.07466717, -0.0784107, 0.06973501], [-0.07716866, 0.08174409, -0.07485094], [0.07502909, -0.0731801, -0.0858507], [0.07513006, 0.07482894, 0.0920612]], "atomic quadrupole moments": [[-0.26587738, 0.08688736, 0.43581874, -0.02970978, -0.31607605, -0.16994136], [-0.00496701, 0.04494161, 0.08062856, 0.00046302, -0.08807952, -0.07566155], [-0.23632083, -0.06209368, 0.80755948, -0.88075436, -0.00828605, -0.57123865], [-0.13363539, 0.04518682, -0.34104052, 0.40634954, 0.11766878, 0.47467591], [-0.05215455, -0.08458695, 0.04007938, -0.04378766, 0.01331376, 0.01207517], [-0.04951086, -0.31912941, 0.09431493, -0.24232865, 0.28310517, -0.04480407], [-0.19759784, 0.14800437, 0.14261766, -0.48508821, 0.10171553, 0.05498018], [-0.05979552, 0.2837415, 0.13972066, -0.03381971, -0.07730568, -0.07992514], [-0.03052611, 0.18829445, -0.19214424, -0.2892624, -0.22854687, 0.22267035], [-0.02836482, 0.06352043, -0.06151705, -0.13519938, -0.09412566, 0.08988186], [-0.0075157, 0.04651238, 0.00524606, -0.00441808, 0.00893139, 0.00226964], [0.00625038, 0.16786229, -0.03701143, 0.23400924, 0.20794549, 0.03076105], [-0.19804709, 0.13800806, -0.00168661, -0.30617901, -0.37742531, 0.1997337], [-0.06673328, 0.07487526, -0.02182158, -0.10273859, -0.15891256, 0.08855487], [-0.05823981, 0.01013128, -0.00232143, 0.00207909, 0.00306794, 0.06056123], [0.01525697, -0.02723751, 0.02165672, -0.03893907, -0.00676656, -0.03691369], [0.04418623, 0.03619301, -0.01584656, 0.04184641, -0.00330836, -0.02833967], [-0.02852874, -0.04039378, 0.00150703, 0.02736452, -0.03827994, 0.02702171], [0.01781363, 0.01004938, -0.01026048, 0.03027235, 0.04852935, -0.00755315], [0.00370551, 0.01398087, 0.0174374, -0.05194338, -0.01121232, -0.02114291], [0.01311503, -0.01450655, 0.0243206, 0.00905822, -0.02565455, -0.03743563], [0.00583991, -0.02723403, -0.00886172, -0.03918412, 0.03162223, 0.00302181], [-0.00354838, 0.05375683, -0.00382122, -0.02144914, -0.02529387, 0.0073696], [-0.01528427, -0.03195021, 0.02973876, 0.03517946, -0.02452467, -0.01445449], [0.02111125, -0.02737536, -0.01905827, -0.02782021, 0.03734342, -0.00205298], [0.05317577, -0.05922993, -0.0023965, 0.02395398, 0.02571898, -0.05077927]], "number of molecular orbitals": 83, "number of electrons": 82, "number of unpaired electrons": 0, "orbital energies/eV": [-20.74213122, -20.62224817, -20.21943622, -20.19105365, -19.93872762, -19.26555265, -19.11937897, -18.70962379, -18.54001989, -18.05825178, -17.93521506, -17.64515972, -17.19329881, -16.4617565, -16.39598806, -16.29549735, -16.11281842, -15.95117921, -15.93874063, -15.55620214, -15.4735503, -15.22780569, -15.08394492, -14.88592594, -14.72459089, -14.65337677, -14.44229421, -14.16025328, -13.85263507, -13.53303998, -13.44624764, -13.30214602, -13.22398185, -12.66420093, -12.32119144, -12.12744324, -12.08687959, -11.85286681, -11.35994232, -10.23691723, -10.21350057, -8.24952311, -7.11908141, -6.64528994, -6.09221379, -4.27894357, -4.152253, -3.59982606, -1.48564685, -1.13690704, -0.83925575, -0.65446938, -0.09743122, 0.4604512, 0.53575149, 0.63061964, 1.57901984, 2.20242529, 2.29132551, 2.76377045, 3.07705187, 3.39404029, 3.57203696, 3.74495338, 3.82937148, 3.98682599, 4.28678751, 4.61951325, 4.82658356, 4.93503993, 5.15738541, 5.2533539, 5.71595895, 6.10646675, 8.71146949, 9.61362999, 10.83862863, 11.29532703, 13.33605767, 14.82157532, 25.6716169, 27.08517647, 33.68414308], "fractional occupation": [2.0, 2.0, 2.0, 2.0, 2.0, 2.0, 2.0, 2.0, 2.0, 2.0, 2.0, 2.0, 2.0, 2.0, 2.0, 2.0, 2.0, 2.0, 2.0, 2.0, 2.0, 2.0, 2.0, 2.0, 2.0, 2.0, 2.0, 2.0, 2.0, 2.0, 2.0, 2.0, 2.0, 2.0, 2.0, 2.0, 2.0, 2.0, 2.0, 2.0, 2.0, 0.0, 0.0, 0.0, 0.0, 0.0, 0.0, 0.0, 0.0, 0.0, 0.0, 0.0, 0.0, 0.0, 0.0, 0.0, 0.0, 0.0, 0.0, 0.0, 0.0, 0.0, 0.0, 0.0, 0.0, 0.0, 0.0, 0.0, 0.0, 0.0, 0.0, 0.0, 0.0, 0.0, 0.0, 0.0, 0.0, 0.0, 0.0, 0.0, 0.0, 0.0, 0.0], "program call": "xtb /home/svss/Project-DBcg-Debug/aqme2_20220329/End-to-End-workflows-final/example-3/QDESCP/mol_81_rdkit_conf_8/mol_81_rdkit_conf_8.xyz --pop --wbo --acc 0.2 --gfn 2 --chrg 0 --uhf 0 --etemp 300 --input /home/svss/Project-DBcg-Debug/aqme2_20220329/End-to-End-workflows-final/example-3/QDESCP/mol_81_rdkit_conf_8/mol_81_rdkit_conf_8_xtb.inp", "method": "GFN2-xTB", "xtb version": "6.3.3 (7355c4f)", "Dipole module/D": 4.953, "Total charge": 0, "Transition dipole module/D": NaN, "HOMO": -10.2135, "LUMO": -8.2495, "HOMO occupancy": 2.0, "LUMO occupancy": 0, "mulliken charges": [0.17512, -0.36311, 0.38089, -0.21994, -0.35758, 0.18402, -0.07563, -0.01169, 0.46953, -0.50293, -0.24489, 0.06799, 0.4612, -0.49933, 0.03496, 0.0303, 0.0376, 0.03537, 0.03721, 0.03649, 0.07873, 0.04868, 0.05205, 0.05907, 0.0626, 0.02329], "cm5 charges": [0.05965, -0.4295, 0.32186, -0.19074, -0.42284, 0.0689, -0.07692, -0.08844, 0.56105, -0.54808, -0.49663, -0.01572, 0.51273, -0.5498, 0.09542, 0.09245, 0.097, 0.09491, 0.0981, 0.10049, 0.14151, 0.1081, 0.11551, 0.12416, 0.12812, 0.09874], "FUKUI+": [0.012, -0.006, -0.063, -0.07, 0.0, 0.015, -0.185, 0.027, -0.05, -0.135, -0.044, 0.034, -0.031, -0.135, -0.018, 0.002, -0.026, -0.028, -0.013, -0.019, -0.057, -0.054, -0.038, -0.034, -0.028, -0.056], "FUKUI-": [0.025, -0.011, -0.102, -0.369, -0.005, 0.024, -0.173, 0.03, 0.006, -0.041, -0.016, 0.017, 0.005, -0.081, -0.018, -0.01, -0.04, -0.041, -0.014, -0.018, -0.035, -0.04, -0.031, -0.02, -0.008, -0.033], "FUKUIrad": [0.018, -0.008, -0.083, -0.22, -0.003, 0.02, -0.179, 0.029, -0.022, -0.088, -0.03, 0.026, -0.013, -0.108, -0.018, -0.004, -0.033, -0.035, -0.013, -0.019, -0.046, -0.047, -0.034, -0.027, -0.018, -0.045], "s proportion": [0.972, 1.656, 1.521, 1.89, 1.646, 0.972, 1.912, 1.05, 1.016, 1.733, 1.451, 0.982, 0.989, 1.73, 0.965, 0.97, 0.962, 0.965, 0.963, 0.964, 0.921, 0.951, 0.948, 0.941, 0.937, 0.977], "p proportion": [2.853, 4.707, 2.019, 4.345, 4.712, 2.844, 4.167, 2.962, 2.514, 4.77, 3.794, 2.95, 2.55, 4.77, 0.0, 0.0, 0.0, 0.0, 0.0, 0.0, 0.0, 0.0, 0.0, 0.0, 0.0, 0.0], "d proportion": [0.0, 0.0, 1.079, -0.015, 0.0, 0.0, -0.004, 0.0, 0.0, 0.0, 0.0, 0.0, 0.0, 0.0, 0.0, 0.0, 0.0, 0.0, 0.0, 0.0, 0.0, 0.0, 0.0, 0.0, 0.0, 0.0], "Fermi-level/eV": -9.2315, "Coordination numbers": [3.852, 1.657, 3.925, 0.926, 1.657, 3.854, 1.93, 3.799, 2.794, 0.857, 2.728, 3.704, 2.707, 0.856, 0.924, 0.924, 0.924, 0.924, 0.924, 0.924, 0.924, 0.924, 0.924, 0.924, 0.924, 0.924], "Dispersion coefficient C6": [19.864, 18.221, 143.293, 156.596, 18.202, 19.787, 145.744, 21.213, 22.476, 21.022, 22.454, 21.588, 22.897, 20.607, 2.087, 2.247, 2.052, 2.057, 2.083, 2.207, 1.836, 1.948, 2.087, 1.881, 1.867, 2.478], "Total dispersion C6": 10684.205005, "Total dispersion C8": 323428.632611, "Polarizability alpha": [6.339, 5.762, 21.503, 21.166, 5.759, 6.327, 20.319, 6.558, 7.766, 6.147, 7.038, 6.643, 7.832, 6.086, 2.259, 2.344, 2.24, 2.243, 2.257, 2.323, 2.119, 2.182, 2.259, 2.145, 2.137, 2.462], "Total polarizability alpha": 162.216042, "Wiberg matrix": [[0.0, 0.9433971504887385, 0.0, 0.0, 0.0, 0.0, 0.0, 0.0, 0.0, 0.0, 0.0, 0.0, 0.0, 0.0, 0.9785682596520959, 0.9783451217472046, 0.9769243062307891, 0.0, 0.0, 0.0, 0.0, 0.0, 0.0, 0.0, 0.0, 0.0], [0.9433971504887385, 0.0, 1.24233609039448, 0.0, 0.0, 0.0, 0.0, 0.0, 0.0, 0.0, 0.0, 0.0, 0.0, 0.0, 0.0, 0.0, 0.0, 0.0, 0.0, 0.0, 0.0, 0.0, 0.0, 0.0, 0.0, 0.0], [0.0, 1.24233609039448, 0.0, 1.559990459983855, 1.244760549345872, 0.0, 0.9830251196377147, 0.0, 0.0, 0.0, 0.0, 0.0, 0.0, 0.0, 0.0, 0.0, 0.0, 0.0, 0.0, 0.0, 0.0, 0.0, 0.0, 0.0, 0.0, 0.0], [0.0, 0.0, 1.559990459983855, 0.0, 0.0, 0.0, 0.1452550164497801, 0.0, 0.0, 0.0, 0.0, 0.0, 0.0, 0.0, 0.0, 0.0, 0.0, 0.0, 0.0, 0.0, 0.0, 0.0, 0.0, 0.0, 0.0, 0.0], [0.0, 0.0, 1.244760549345872, 0.0, 0.0, 0.9326071201908591, 0.0, 0.0, 0.0, 0.0, 0.0, 0.0, 0.0, 0.0, 0.0, 0.0, 0.0, 0.0, 0.0, 0.0, 0.0, 0.0, 0.0, 0.0, 0.0, 0.0], [0.0, 0.0, 0.0, 0.0, 0.9326071201908591, 0.0, 0.0, 0.0, 0.0, 0.0, 0.0, 0.0, 0.0, 0.0, 0.0, 0.0, 0.0, 0.9749866067406725, 0.9784317408340275, 0.9789357186061274, 0.0, 0.0, 0.0, 0.0, 0.0, 0.0], [0.0, 0.0, 0.9830251196377147, 0.1452550164497801, 0.0, 0.0, 0.0, 0.9614226958246518, 0.0, 0.0, 0.0, 0.0, 0.0, 0.0, 0.0, 0.0, 0.0, 0.0, 0.0, 0.0, 0.0, 0.0, 0.0, 0.0, 0.0, 0.0], [0.0, 0.0, 0.0, 0.0, 0.0, 0.0, 0.9614226958246518, 0.0, 0.9770895253681723, 0.0, 0.0, 0.0, 0.0, 0.0, 0.0, 0.0, 0.0, 0.0, 0.0, 0.0, 0.9660867051761565, 0.9526132590332062, 0.0, 0.0, 0.0, 0.0], [0.0, 0.0, 0.0, 0.0, 0.0, 0.0, 0.0, 0.9770895253681723, 0.0, 1.744914214537866, 1.1410952959477596, 0.0, 0.0, 0.0, 0.0, 0.0, 0.0, 0.0, 0.0, 0.0, 0.0, 0.0, 0.0, 0.0, 0.0, 0.0], [0.0, 0.0, 0.0, 0.0, 0.0, 0.0, 0.0, 0.0, 1.744914214537866, 0.0, 0.13656954109063685, 0.0, 0.0, 0.0, 0.0, 0.0, 0.0, 0.0, 0.0, 0.0, 0.0, 0.0, 0.0, 0.0, 0.0, 0.0], [0.0, 0.0, 0.0, 0.0, 0.0, 0.0, 0.0, 0.0, 1.1410952959477596, 0.13656954109063685, 0.0, 0.9756860077921391, 1.1549495609966078, 0.1479524100445242, 0.0, 0.0, 0.0, 0.0, 0.0, 0.0, 0.0, 0.0, 0.0, 0.0, 0.0, 0.0], [0.0, 0.0, 0.0, 0.0, 0.0, 0.0, 0.0, 0.0, 0.0, 0.0, 0.9756860077921391, 0.0, 0.0, 0.0, 0.0, 0.0, 0.0, 0.0, 0.0, 0.0, 0.0, 0.0, 0.9720175020326676, 0.9749358213504566, 0.9746144055050908, 0.0], [0.0, 0.0, 0.0, 0.0, 0.0, 0.0, 0.0, 0.0, 0.0, 0.0, 1.1549495609966078, 0.0, 0.0, 1.802456240056343, 0.0, 0.0, 0.0, 0.0, 0.0, 0.0, 0.0, 0.0, 0.0, 0.0, 0.0, 0.9268299528453894], [0.0, 0.0, 0.0, 0.0, 0.0, 0.0, 0.0, 0.0, 0.0, 0.0, 0.1479524100445242, 0.0, 1.802456240056343, 0.0, 0.0, 0.0, 0.0, 0.0, 0.0, 0.0, 0.0, 0.0, 0.0, 0.0, 0.0, 0.0], [0.9785682596520959, 0.0, 0.0, 0.0, 0.0, 0.0, 0.0, 0.0, 0.0, 0.0, 0.0, 0.0, 0.0, 0.0, 0.0, 0.0, 0.0, 0.0, 0.0, 0.0, 0.0, 0.0, 0.0, 0.0, 0.0, 0.0], [0.9783451217472046, 0.0, 0.0, 0.0, 0.0, 0.0, 0.0, 0.0, 0.0, 0.0, 0.0, 0.0, 0.0, 0.0, 0.0, 0.0, 0.0, 0.0, 0.0, 0.0, 0.0, 0.0, 0.0, 0.0, 0.0, 0.0], [0.9769243062307891, 0.0, 0.0, 0.0, 0.0, 0.0, 0.0, 0.0, 0.0, 0.0, 0.0, 0.0, 0.0, 0.0, 0.0, 0.0, 0.0, 0.0, 0.0, 0.0, 0.0, 0.0, 0.0, 0.0, 0.0, 0.0], [0.0, 0.0, 0.0, 0.0, 0.0, 0.9749866067406725, 0.0, 0.0, 0.0, 0.0, 0.0, 0.0, 0.0, 0.0, 0.0, 0.0, 0.0, 0.0, 0.0, 0.0, 0.0, 0.0, 0.0, 0.0, 0.0, 0.0], [0.0, 0.0, 0.0, 0.0, 0.0, 0.9784317408340275, 0.0, 0.0, 0.0, 0.0, 0.0, 0.0, 0.0, 0.0, 0.0, 0.0, 0.0, 0.0, 0.0, 0.0, 0.0, 0.0, 0.0, 0.0, 0.0, 0.0], [0.0, 0.0, 0.0, 0.0, 0.0, 0.9789357186061274, 0.0, 0.0, 0.0, 0.0, 0.0, 0.0, 0.0, 0.0, 0.0, 0.0, 0.0, 0.0, 0.0, 0.0, 0.0, 0.0, 0.0, 0.0, 0.0, 0.0], [0.0, 0.0, 0.0, 0.0, 0.0, 0.0, 0.0, 0.9660867051761565, 0.0, 0.0, 0.0, 0.0, 0.0, 0.0, 0.0, 0.0, 0.0, 0.0, 0.0, 0.0, 0.0, 0.0, 0.0, 0.0, 0.0, 0.0], [0.0, 0.0, 0.0, 0.0, 0.0, 0.0, 0.0, 0.9526132590332062, 0.0, 0.0, 0.0, 0.0, 0.0, 0.0, 0.0, 0.0, 0.0, 0.0, 0.0, 0.0, 0.0, 0.0, 0.0, 0.0, 0.0, 0.0], [0.0, 0.0, 0.0, 0.0, 0.0, 0.0, 0.0, 0.0, 0.0, 0.0, 0.0, 0.9720175020326676, 0.0, 0.0, 0.0, 0.0, 0.0, 0.0, 0.0, 0.0, 0.0, 0.0, 0.0, 0.0, 0.0, 0.0], [0.0, 0.0, 0.0, 0.0, 0.0, 0.0, 0.0, 0.0, 0.0, 0.0, 0.0, 0.9749358213504566, 0.0, 0.0, 0.0, 0.0, 0.0, 0.0, 0.0, 0.0, 0.0, 0.0, 0.0, 0.0, 0.0, 0.0], [0.0, 0.0, 0.0, 0.0, 0.0, 0.0, 0.0, 0.0, 0.0, 0.0, 0.0, 0.9746144055050908, 0.0, 0.0, 0.0, 0.0, 0.0, 0.0, 0.0, 0.0, 0.0, 0.0, 0.0, 0.0, 0.0, 0.0], [0.0, 0.0, 0.0, 0.0, 0.0, 0.0, 0.0, 0.0, 0.0, 0.0, 0.0, 0.0, 0.9268299528453894, 0.0, 0.0, 0.0, 0.0, 0.0, 0.0, 0.0, 0.0, 0.0, 0.0, 0.0, 0.0, 0.0]], "Born radii": [], "Atomic SASAs": [], "Solvent H bonds": [], "Total SASA": NaN, "Total FOD": 0.0, "FOD": [0.0, 0.0, 0.0, 0.0, 0.0, 0.0, 0.0, 0.0, 0.0, 0.0, 0.0, 0.0, 0.0, 0.0, 0.0, 0.0, 0.0, 0.0, 0.0, 0.0, 0.0, 0.0, 0.0, 0.0, 0.0, 0.0], "FOD s proportion": [0.0, 0.0, 0.0, 0.0, 0.0, 0.0, 0.0, 0.0, 0.0, 0.0, 0.0, 0.0, 0.0, 0.0, 0.0, 0.0, 0.0, 0.0, 0.0, 0.0, 0.0, 0.0, 0.0, 0.0, 0.0, 0.0], "FOD p proportion": [0.0, 0.0, 0.0, 0.0, 0.0, 0.0, 0.0, 0.0, 0.0, 0.0, 0.0, 0.0, 0.0, 0.0, 0.0, 0.0, 0.0, 0.0, 0.0, 0.0, 0.0, 0.0, 0.0, 0.0, 0.0, 0.0], "FOD d proportion": [0.0, 0.0, 0.0, 0.0, 0.0, 0.0, 0.0, 0.0, 0.0, 0.0, 0.0, 0.0, 0.0, 0.0, 0.0, 0.0, 0.0, 0.0, 0.0, 0.0, 0.0, 0.0, 0.0, 0.0, 0.0, 0.0], "coordinates": [["2.94970", "2.27650", "-1.24520"], ["2.87760", "0.97860", "-0.68740"], ["1.42320", "0.26820", "-0.51820"], ["0.46670", "0.08640", "-2.20950"], ["1.91050", "-1.14090", "0.12520"], ["2.67530", "-2.03320", "-0.66120"], ["0.45850", "1.28350", "1.06600"], ["-0.49130", "-0.01500", "1.89540"], ["-1.40240", "-0.74010", "0.91990"], ["-1.10640", "-1.88450", "0.56440"], ["-2.55830", "-0.09420", "0.47060"], ["-3.37390", "-0.81210", "-0.49390"], ["-3.10900", "1.07050", "0.99550"], ["-4.22860", "1.50880", "0.75500"], ["2.94370", "2.21000", "-2.33610"], ["2.12100", "2.90380", "-0.90760"], ["3.88880", "2.73830", "-0.92930"], ["3.17960", "-2.73760", "0.00540"], ["2.01900", "-2.59630", "-1.32930"], ["3.43260", "-1.50040", "-1.24230"], ["0.21030", "-0.74190", "2.31840"], ["-1.06030", "0.38840", "2.73670"], ["-4.03210", "-1.49540", "0.05250"], ["-3.98700", "-0.12150", "-1.08070"], ["-2.74930", "-1.39390", "-1.17830"], ["-2.45800", "1.59400", "1.70690"]], "bond_dist": [[0.0, 1.4145259488606066, 2.6252619183616708, 3.4484346448787457, 3.8257751580562074, 4.357736275866174, 3.540306749421581, 5.191803310026296, 5.7208660166097225, 6.086092372779105, 6.237166995519681, 7.077557390088758, 6.571378712264269, 7.4912051246778715, 1.0929414714430046, 1.0928049871774927, 1.0931426530878758, 5.172818688104194, 4.961598042969624, 3.807646836301917, 5.414267806453611, 5.958233733246791, 8.040944356230803, 7.341339873619802, 6.779005293551554, 6.1987030861301955], [1.4145259488606066, 0.0, 1.6274446718705986, 2.9875153656508617, 2.4673632525430866, 3.018700212011786, 3.003234985811134, 4.359768802356382, 4.8842341242000265, 5.063259903461406, 5.660465762638266, 6.505789805242712, 6.219322919739737, 7.270468227012618, 2.058865430279502, 2.0802227380739784, 2.0439141713878297, 3.7922708605794497, 3.7321762525368496, 2.6002653729956102, 4.371434910873088, 5.2516524313781465, 7.3764545752007455, 6.963306546461961, 6.126315586876014, 5.880477617506933], [2.6252619183616708, 1.6274446718705986, 0.0, 1.951522272483714, 1.6238804327905425, 2.6238607756510253, 2.1145140860254394, 3.0936996379739257, 3.3269829966502686, 3.4935678338913077, 4.118422203951411, 4.917296715676207, 4.845184188449393, 5.924775931628131, 3.063864863207906, 2.7540778057273547, 3.514197003584176, 3.520501606305556, 3.036152351249851, 2.77307683449269, 3.2461866828634487, 4.095924108183647, 5.761621433242555, 5.453305087742661, 4.539610629778725, 4.6661042733740965], [3.4484346448787457, 2.9875153656508617, 1.951522272483714, 0.0, 3.0069332915779823, 3.4304301494127527, 3.487408192339979, 4.216426208295362, 3.7376170777649227, 3.7488146966741365, 4.04551323938014, 4.301254929668782, 4.901643428483961, 5.7321308516118155, 3.2651544404514774, 3.517015049726117, 4.514670980259802, 4.49895370280691, 3.2219973029163134, 3.4999961271407143, 4.610173560724151, 5.185347378913007, 5.278061829876569, 4.599223362699403, 3.6874540715783835, 5.115165374648214], [3.8257751580562074, 2.4673632525430866, 1.6238804327905425, 3.0069332915779823, 0.0, 1.4140520817848259, 2.9784432175215296, 3.1890283927867435, 3.4303782794321678, 3.13807635503026, 4.602722617103924, 5.3306920385630985, 5.553655759947676, 6.716108020274838, 4.28416044750894, 4.179782791007207, 4.480383217984818, 2.043139187622811, 2.060468796172366, 2.0775189313216855, 2.803570452119939, 4.240795135349031, 5.953608174880171, 6.1052336089620685, 4.845292281173551, 5.3912192637658505], [4.357736275866174, 3.018700212011786, 2.6238607756510253, 3.4304301494127527, 1.4140520817848259, 0.0, 4.347173906114178, 4.5427624150950265, 4.560660271276518, 3.9781229166530285, 5.694845142758493, 6.173483225862042, 6.770209381547959, 7.887662622729246, 4.569690887795366, 4.974126099125352, 4.930686778735797, 1.0930935046920736, 1.0927803576199564, 1.0931863244662365, 4.076971529211358, 5.600408764545674, 6.766669142938791, 6.943833122274757, 5.486563775260431, 6.716788394761294], [3.540306749421581, 3.003234985811134, 2.1145140860254394, 3.487408192339979, 2.9784432175215296, 4.347173906114178, 0.0, 1.8100073618634815, 2.7530439480691187, 3.56885675952398, 3.3695163881483055, 4.638115687431696, 3.5745482931413863, 4.702806343025407, 4.313804086882018, 3.0470272890146552, 4.226656269440419, 4.969758825134274, 4.819281106140209, 4.682266428771435, 2.3942335224451274, 2.4288260415270586, 5.377262855765933, 5.1327201501737845, 4.742924634653179, 3.002188420136218], [5.191803310026296, 4.359768802356382, 3.0936996379739257, 4.216426208295362, 3.1890283927867435, 4.5427624150950265, 1.8100073618634815, 0.0, 1.5190370206153634, 2.375908091656746, 2.511735790245463, 3.8279897674889365, 2.9732950660840913, 4.194030268131121, 5.8868873141924505, 4.816670398729811, 5.894477668971187, 4.945721137508665, 4.833570716354525, 5.23913787373457, 1.0952420600031758, 1.0928303848264835, 4.257361766399469, 4.5922142752707, 4.055559258598005, 2.5480035596521446], [5.7208660166097225, 4.8842341242000265, 3.3269829966502686, 3.7376170777649227, 3.4303782794321678, 4.560660271276518, 2.7530439480691187, 1.5190370206153634, 0.0, 1.2343612153660695, 1.3982711146269167, 2.4271025297667177, 2.4892712347191095, 3.61554278912586, 6.1800656323375724, 5.3881454156323585, 6.596635857768716, 5.081440789776066, 4.495593068773018, 5.350737325827161, 2.1346209921201464, 2.1659424969283, 2.8702235000083176, 3.326443067301769, 2.57760301249048, 2.6798662597226754], [6.086092372779105, 5.063259903461406, 3.4935678338913077, 3.7488146966741365, 3.13807635503026, 3.9781229166530285, 3.56885675952398, 2.375908091656746, 1.2343612153660695, 0.0, 2.3069430292055326, 2.722424819898614, 3.5955916022262597, 4.615078123932465, 6.448344013000548, 5.95908647780849, 6.968030035096002, 4.405684579041037, 3.7230208285745596, 4.90043046068404, 2.4730041750874583, 3.1443738502283725, 2.995523478459149, 3.7566446957358104, 2.4447519424268793, 3.9028311595558423], [6.237166995519681, 5.660465762638266, 4.118422203951411, 4.04551323938014, 4.602722617103924, 5.694845142758493, 3.3695163881483055, 2.511735790245463, 1.3982711146269167, 2.3069430292055326, 0.0, 1.4528743992513597, 1.3911565655956917, 2.332465315926477, 6.5923369551320725, 5.725669194950054, 7.179684858682865, 6.3346247726286045, 5.518316746073933, 6.387668405607793, 3.3910213933267954, 2.7590063374338234, 2.0761154808921396, 2.109137423213575, 2.1082154301683684, 2.0948787602150154], [7.077557390088758, 6.505789805242712, 4.917296715676207, 4.301254929668782, 5.3306920385630985, 6.173483225862042, 4.638115687431696, 3.8279897674889365, 2.4271025297667177, 2.722424819898614, 1.4528743992513597, 0.0, 2.4150915365675067, 2.7707111199112764, 7.2414680148434, 6.6462761385606, 8.0957843727461, 6.848738058211892, 5.7414835373795166, 6.882027441096119, 4.55636356868062, 4.150990432414895, 1.0948420388348266, 1.0941454245208908, 1.0940839821512789, 3.386991387647746], [6.571378712264269, 6.219322919739737, 4.845184188449393, 4.901643428483961, 5.553655759947676, 6.770209381547959, 3.5745482931413863, 2.9732950660840913, 2.4892712347191095, 3.5955916022262597, 1.3911565655956917, 2.4150915365675067, 0.0, 1.2261530491745312, 7.0023707485393825, 5.859665391470745, 7.446852806387406, 7.418113882921993, 6.719114620245736, 7.376300306386664, 4.006570935351077, 2.773843820405179, 2.8853432066220477, 2.5499714586638023, 3.3057613177602523, 1.0972434597663363], [7.4912051246778715, 7.270468227012618, 5.924775931628131, 5.7321308516118155, 6.716108020274838, 7.887662622729246, 4.702806343025407, 4.194030268131121, 3.61554278912586, 4.615078123932465, 2.332465315926477, 2.7707111199112764, 1.2261530491745312, 0.0, 7.8414582789172576, 6.710267052807958, 8.38097366061963, 8.571769966582165, 7.760712484044233, 8.469856986395934, 5.216675498821065, 3.9013530909160226, 3.091494159787464, 2.466990705292584, 3.788356460260834, 2.01206287426611], [1.0929414714430046, 2.058865430279502, 3.063864863207906, 3.2651544404514774, 4.28416044750894, 4.569690887795366, 4.313804086882018, 5.8868873141924505, 6.1800656323375724, 6.448344013000548, 6.5923369551320725, 7.2414680148434, 7.0023707485393825, 7.8414582789172576, 0.0, 1.7885206121261226, 1.7752186175229236, 5.478778770857607, 4.996922654994772, 3.899037036243693, 6.152199559507153, 6.7144279279771855, 8.252101838925643, 7.419334464761647, 6.83658138619003, 6.775224563805985], [1.0928049871774927, 2.0802227380739784, 2.7540778057273547, 3.517015049726117, 4.179782791007207, 4.974126099125352, 3.0470272890146552, 4.816670398729811, 5.3881454156323585, 5.95908647780849, 5.725669194950054, 6.6462761385606, 5.859665391470745, 6.710267052807958, 1.7885206121261226, 0.0, 1.7756626875620265, 5.812021758390104, 5.517185414683831, 4.607526048759789, 5.229625128056504, 5.452415000712987, 7.624656861787289, 6.818362538029201, 6.50102498610796, 5.433086350316918], [1.0931426530878758, 2.0439141713878297, 3.514197003584176, 4.514670980259802, 4.480383217984818, 4.930686778735797, 4.226656269440419, 5.894477668971187, 6.596635857768716, 6.968030035096002, 7.179684858682865, 8.0957843727461, 7.446852806387406, 8.38097366061963, 1.7752186175229236, 1.7756626875620265, 0.0, 5.6001883486182855, 5.666931197747154, 4.274653802356396, 6.015871473028658, 6.592054066829246, 9.034866005647233, 8.380310473962167, 7.823135525478259, 6.967125890207526], [5.172818688104194, 3.7922708605794497, 3.520501606305556, 4.49895370280691, 2.043139187622811, 1.0930935046920736, 4.969758825134274, 4.945721137508665, 5.081440789776066, 4.405684579041037, 6.3346247726286045, 6.848738058211892, 7.418113882921993, 8.571769966582165, 5.478778770857607, 5.812021758390104, 5.6001883486182855, 0.0, 1.77436809597107, 1.7752262193872645, 4.260226517451859, 5.933685844397225, 7.318052756027385, 7.706085126703442, 6.193426401435639, 7.310293740336294], [4.961598042969624, 3.7321762525368496, 3.036152351249851, 3.2219973029163134, 2.060468796172366, 1.0927803576199564, 4.819281106140209, 4.833570716354525, 4.495593068773018, 3.7230208285745596, 5.518316746073933, 5.7414835373795166, 6.719114620245736, 7.760712484044233, 4.996922654994772, 5.517185414683831, 5.666931197747154, 1.77436809597107, 0.0, 1.790762622460051, 4.4739144314570884, 5.909558238988765, 6.303742004555707, 6.500651736556882, 4.9198832963801085, 6.842561912763377], [3.807646836301917, 2.6002653729956102, 2.77307683449269, 3.4999961271407143, 2.0775189313216855, 1.0931863244662365, 4.682266428771435, 5.23913787373457, 5.350737325827161, 4.90043046068404, 6.387668405607793, 6.882027441096119, 7.376300306386664, 8.469856986395934, 3.899037036243693, 4.607526048759789, 4.274653802356396, 1.7752262193872645, 1.790762622460051, 0.0, 4.861802549466606, 6.291753082408749, 7.576165133495969, 7.548373595020321, 6.183148539377005, 7.278204473632217], [5.414267806453611, 4.371434910873088, 3.2461866828634487, 4.610173560724151, 2.803570452119939, 4.076971529211358, 2.3942335224451274, 1.0952420600031758, 2.1346209921201464, 2.4730041750874583, 3.3910213933267954, 4.55636356868062, 4.006570935351077, 5.216675498821065, 6.152199559507153, 5.229625128056504, 6.015871473028658, 4.260226517451859, 4.4739144314570884, 4.861802549466606, 0.0, 1.7512787727829058, 4.8682669216056755, 5.436552608041239, 4.627228873742901, 3.598636679355114], [5.958233733246791, 5.2516524313781465, 4.095924108183647, 5.185347378913007, 4.240795135349031, 5.600408764545674, 2.4288260415270586, 1.0928303848264835, 2.1659424969283, 3.1443738502283725, 2.7590063374338234, 4.150990432414895, 2.773843820405179, 3.9013530909160226, 6.7144279279771855, 5.452415000712987, 6.592054066829246, 5.933685844397225, 5.909558238988765, 6.291753082408749, 1.7512787727829058, 0.0, 4.425520005603861, 4.8371596686485345, 4.621313589229798, 2.1136519793949047], [8.040944356230803, 7.3764545752007455, 5.761621433242555, 5.278061829876569, 5.953608174880171, 6.766669142938791, 5.377262855765933, 4.257361766399469, 2.8702235000083176, 2.995523478459149, 2.0761154808921396, 1.0948420388348266, 2.8853432066220477, 3.091494159787464, 8.252101838925643, 7.624656861787289, 9.034866005647233, 7.318052756027385, 6.303742004555707, 7.576165133495969, 4.8682669216056755, 4.425520005603861, 0.0, 1.7815098820943993, 1.7806590718045943, 3.8417733574483544], [7.341339873619802, 6.963306546461961, 5.453305087742661, 4.599223362699403, 6.1052336089620685, 6.943833122274757, 5.1327201501737845, 4.5922142752707, 3.326443067301769, 3.7566446957358104, 2.109137423213575, 1.0941454245208908, 2.5499714586638023, 2.466990705292584, 7.419334464761647, 6.818362538029201, 8.380310473962167, 7.706085126703442, 6.500651736556882, 7.548373595020321, 5.436552608041239, 4.8371596686485345, 1.7815098820943993, 0.0, 1.7777594916073436, 3.6126852907498046], [6.779005293551554, 6.126315586876014, 4.539610629778725, 3.6874540715783835, 4.845292281173551, 5.486563775260431, 4.742924634653179, 4.055559258598005, 2.57760301249048, 2.4447519424268793, 2.1082154301683684, 1.0940839821512789, 3.3057613177602523, 3.788356460260834, 6.83658138619003, 6.50102498610796, 7.823135525478259, 6.193426401435639, 4.9198832963801085, 6.183148539377005, 4.627228873742901, 4.621313589229798, 1.7806590718045943, 1.7777594916073436, 0.0, 4.1637460465306955], [6.1987030861301955, 5.880477617506933, 4.6661042733740965, 5.115165374648214, 5.3912192637658505, 6.716788394761294, 3.002188420136218, 2.5480035596521446, 2.6798662597226754, 3.9028311595558423, 2.0948787602150154, 3.386991387647746, 1.0972434597663363, 2.01206287426611, 6.775224563805985, 5.433086350316918, 6.967125890207526, 7.310293740336294, 6.842561912763377, 7.278204473632217, 3.598636679355114, 2.1136519793949047, 3.8417733574483544, 3.6126852907498046, 4.1637460465306955, 0.0]]}