{"total energy": -24.05544901, "HOMO-LUMO gap/eV": 11.45680639, "electronic energy": -24.35277466, "dipole": [-0.11933569, -0.15144318, 0.67393272], "partial charges": [-0.10219572, -0.06008921, 0.14387524, -0.11479462, -0.45704475, -0.06422636, -0.09813067, 0.0340983, 0.03537461, 0.03526573, 0.04353327, 0.04807946, 0.02893691, 0.03565428, 0.04473028, 0.28182662, 0.02533983, 0.03208474, 0.0430163, 0.03602755, 0.02863818], "atomic dipole moments": [[-0.06344035, -0.04234858, -0.07424586], [-0.02285966, -0.0287507, 0.12656117], [-0.0784139, -0.04429593, -0.10812201], [-0.03949529, 0.08439703, -0.03533405], [0.01861216, -0.01716667, 0.22901016], [0.0219523, 0.02982679, -0.09856726], [0.04542254, -0.08944777, 0.04380707], [0.06070809, -0.08784939, 0.06696483], [-0.06015661, 0.07774337, 0.07875302], [0.08894928, 0.06865478, -0.05397691], [0.07053958, -0.0589126, -0.08420571], [-0.03997136, 0.09191108, -0.07624834], [-0.08826332, -0.08437167, 0.02711027], [0.06508686, 0.02103963, 0.10881084], [0.07376912, -0.06823242, -0.07991709], [-0.05551498, -0.04393995, 0.03072249], [-0.09419099, -0.0689219, 0.03410538], [0.05461146, 0.02988672, 0.10897258], [-0.06686647, -0.02193289, -0.10788741], [0.08385109, 0.09289445, -0.02192294], [-0.08062258, 0.04520781, 0.08211742]], "atomic quadrupole moments": [[0.00273873, 0.08313942, -0.06873873, 0.13586265, 0.08616513, 0.066], [0.06457404, 0.20000839, -0.05298603, 0.05808224, 0.02834418, -0.01158801], [-0.02743328, 0.05801837, -0.10399878, 0.16354386, 0.0735967, 0.13143207], [-0.04811697, -0.0903471, 0.09696235, 0.05791865, -0.12172614, -0.04884538], [-0.01854728, 0.05591123, -0.08030733, 0.09101377, 0.03420452, 0.0988546], [-0.05790686, -0.17828957, 0.08150853, -0.0598308, -0.0125016, -0.02360167], [-0.05632586, -0.12662684, 0.12179739, 0.03466367, -0.11219597, -0.06547153], [-0.03174683, -0.03240426, 0.04206468, 0.03080117, -0.04086503, -0.01031785], [0.0127899, -0.04144416, -0.01410803, -0.03582356, 0.04448162, 0.00131812], [0.01292475, 0.0526841, -0.01531208, -0.03680596, -0.03064746, 0.00238733], [0.00636069, -0.02674657, 0.011525, -0.02353119, 0.03813401, -0.01788569], [-0.00029603, -0.03040621, 0.02995133, 0.02649882, -0.02532366, -0.02965529], [0.04887209, 0.05139557, -0.00427398, -0.02380895, -0.02111092, -0.04459811], [-0.0158971, 0.0165965, -0.02331425, 0.05661817, 0.03060469, 0.03921135], [0.0012243, -0.03190923, -0.01968075, -0.05719866, 0.02401085, 0.01845645], [0.04891223, 0.1071536, -0.01188503, -0.03600545, -0.03294516, -0.0370272], [0.02173601, 0.03330407, 0.02808724, -0.01261857, -0.01254609, -0.04982325], [0.00019782, 0.00380242, -0.01404682, 0.04881312, 0.02399084, 0.01384899], [-0.02461748, 0.01286907, -0.01808063, 0.04923667, 0.02805365, 0.04269811], [0.03588528, 0.05184559, 0.00831699, -0.01179593, -0.02177146, -0.04420227], [0.00125121, -0.03252084, -0.02383478, -0.05984941, 0.01732153, 0.02258357]], "number of molecular orbitals": 42, "number of electrons": 44, "number of unpaired electrons": 0, "orbital energies/eV": [-18.36673758, -17.12556198, -16.58632158, -16.39598583, -16.03990215, -15.55153927, -14.97722698, -14.43297725, -14.26903455, -14.05897193, -13.53180872, -13.12145586, -13.07071999, -12.73412479, -12.58316403, -12.37008732, -12.23449122, -12.19864897, -11.7822563, -11.63007796, -11.3908476, -10.8424834, 0.61432299, 1.76707329, 1.97199181, 2.58806846, 3.34347552, 3.5487212, 3.89195258, 4.17766251, 4.60568417, 4.94191587, 5.26113187, 5.38063468, 5.46013067, 6.12716188, 6.39079549, 6.95466909, 7.32648603, 7.58569112, 7.75377191, 7.81055416], "fractional occupation": [2.0, 2.0, 2.0, 2.0, 2.0, 2.0, 2.0, 2.0, 2.0, 2.0, 2.0, 2.0, 2.0, 2.0, 2.0, 2.0, 2.0, 2.0, 2.0, 2.0, 2.0, 2.0, 0.0, 0.0, 0.0, 0.0, 0.0, 0.0, 0.0, 0.0, 0.0, 0.0, 0.0, 0.0, 0.0, 0.0, 0.0, 0.0, 0.0, 0.0, 0.0, 0.0], "program call": "xtb /home/svss/Project-DBcg-Debug/aqme2_20220329/End-to-End-workflows-final/example-3/QDESCP/mol_447_rdkit_conf_1/mol_447_rdkit_conf_1.xyz --pop --wbo --acc 0.2 --gfn 2 --chrg 0 --uhf 0 --etemp 300 --input /home/svss/Project-DBcg-Debug/aqme2_20220329/End-to-End-workflows-final/example-3/QDESCP/mol_447_rdkit_conf_1/mol_447_rdkit_conf_1_xtb.inp", "method": "GFN2-xTB", "xtb version": "6.3.3 (7355c4f)", "Dipole module/D": 1.782, "Total charge": 0, "Transition dipole module/D": NaN, "HOMO": -10.8425, "LUMO": 0.6143, "HOMO occupancy": 2.0, "LUMO occupancy": 0, "mulliken charges": [-0.08909, -0.0528, 0.24303, -0.1138, -0.57111, -0.06749, -0.07797, 0.02596, 0.02671, 0.03215, 0.03669, 0.03869, 0.02841, 0.02975, 0.04109, 0.33361, 0.0229, 0.02469, 0.03607, 0.02708, 0.02542], "cm5 charges": [-0.23952, -0.15759, 0.23323, -0.25788, -0.77805, -0.17375, -0.22776, 0.07794, 0.07889, 0.08297, 0.09413, 0.09676, 0.0823, 0.08246, 0.09496, 0.50418, 0.08033, 0.08072, 0.08994, 0.07944, 0.07629], "FUKUI+": [0.005, -0.004, -0.06, 0.032, -0.14, 0.009, 0.018, -0.044, -0.043, -0.07, -0.058, -0.056, -0.051, -0.079, -0.067, -0.126, -0.05, -0.079, -0.032, -0.036, -0.069], "FUKUI-": [0.023, 0.013, -0.023, 0.009, -0.111, -0.006, 0.021, -0.069, -0.07, -0.061, -0.101, -0.087, -0.055, -0.058, -0.059, -0.057, -0.058, -0.069, -0.05, -0.041, -0.092], "FUKUIrad": [0.014, 0.005, -0.042, 0.021, -0.126, 0.001, 0.019, -0.056, -0.056, -0.065, -0.08, -0.071, -0.053, -0.069, -0.063, -0.092, -0.054, -0.074, -0.041, -0.039, -0.08], "s proportion": [1.008, 1.034, 1.051, 1.023, 1.702, 1.039, 1.006, 0.974, 0.973, 0.968, 0.963, 0.961, 0.972, 0.97, 0.959, 0.666, 0.977, 0.975, 0.964, 0.973, 0.975], "p proportion": [3.081, 3.019, 2.706, 3.09, 4.869, 3.028, 3.072, 0.0, 0.0, 0.0, 0.0, 0.0, 0.0, 0.0, 0.0, 0.0, 0.0, 0.0, 0.0, 0.0, 0.0], "d proportion": [0.0, 0.0, 0.0, 0.0, 0.0, 0.0, 0.0, 0.0, 0.0, 0.0, 0.0, 0.0, 0.0, 0.0, 0.0, 0.0, 0.0, 0.0, 0.0, 0.0, 0.0], "Fermi-level/eV": -5.1141, "Coordination numbers": [3.748, 3.8, 3.77, 3.752, 1.653, 3.8, 3.748, 0.924, 0.924, 0.924, 0.923, 0.924, 0.924, 0.924, 0.924, 0.804, 0.923, 0.924, 0.924, 0.924, 0.924], "Dispersion coefficient C6": [22.519, 21.657, 18.294, 22.758, 21.989, 21.733, 22.44, 2.529, 2.511, 2.513, 2.403, 2.344, 2.602, 2.508, 2.387, 0.778, 2.654, 2.557, 2.409, 2.503, 2.606], "Total dispersion C6": 2901.524921, "Total dispersion C8": 59987.514049, "Polarizability alpha": [6.768, 6.626, 6.095, 6.803, 6.33, 6.638, 6.757, 2.487, 2.478, 2.479, 2.424, 2.394, 2.522, 2.476, 2.416, 1.386, 2.548, 2.501, 2.427, 2.474, 2.525], "Total polarizability alpha": 79.554646, "Wiberg matrix": [[0.0, 1.0208999540998915, 0.0, 0.0, 0.0, 0.0, 0.0, 0.9857082620960365, 0.9855498660302447, 0.9866348720031596, 0.0, 0.0, 0.0, 0.0, 0.0, 0.0, 0.0, 0.0, 0.0, 0.0, 0.0], [1.0208999540998915, 0.0, 0.9816330190146031, 0.0, 0.0, 0.0, 0.0, 0.0, 0.0, 0.0, 0.9745778526502791, 0.9728855174602418, 0.0, 0.0, 0.0, 0.0, 0.0, 0.0, 0.0, 0.0, 0.0], [0.0, 0.9816330190146031, 0.0, 0.9918413873244853, 0.9683675411778307, 0.9776413719197865, 0.0, 0.0, 0.0, 0.0, 0.0, 0.0, 0.0, 0.0, 0.0, 0.0, 0.0, 0.0, 0.0, 0.0, 0.0], [0.0, 0.0, 0.9918413873244853, 0.0, 0.0, 0.0, 0.0, 0.0, 0.0, 0.0, 0.0, 0.0, 0.983947725312357, 0.983628438621988, 0.9847791049163993, 0.0, 0.0, 0.0, 0.0, 0.0, 0.0], [0.0, 0.0, 0.9683675411778307, 0.0, 0.0, 0.0, 0.0, 0.0, 0.0, 0.0, 0.0, 0.0, 0.0, 0.0, 0.0, 0.9010120214993644, 0.0, 0.0, 0.0, 0.0, 0.0], [0.0, 0.0, 0.9776413719197865, 0.0, 0.0, 0.0, 1.0200688383829768, 0.0, 0.0, 0.0, 0.0, 0.0, 0.0, 0.0, 0.0, 0.0, 0.9748040366659979, 0.9748841012556346, 0.0, 0.0, 0.0], [0.0, 0.0, 0.0, 0.0, 0.0, 1.0200688383829768, 0.0, 0.0, 0.0, 0.0, 0.0, 0.0, 0.0, 0.0, 0.0, 0.0, 0.0, 0.0, 0.9864058490935363, 0.9859537719356974, 0.9869783420782084], [0.9857082620960365, 0.0, 0.0, 0.0, 0.0, 0.0, 0.0, 0.0, 0.0, 0.0, 0.0, 0.0, 0.0, 0.0, 0.0, 0.0, 0.0, 0.0, 0.0, 0.0, 0.0], [0.9855498660302447, 0.0, 0.0, 0.0, 0.0, 0.0, 0.0, 0.0, 0.0, 0.0, 0.0, 0.0, 0.0, 0.0, 0.0, 0.0, 0.0, 0.0, 0.0, 0.0, 0.0], [0.9866348720031596, 0.0, 0.0, 0.0, 0.0, 0.0, 0.0, 0.0, 0.0, 0.0, 0.0, 0.0, 0.0, 0.0, 0.0, 0.0, 0.0, 0.0, 0.0, 0.0, 0.0], [0.0, 0.9745778526502791, 0.0, 0.0, 0.0, 0.0, 0.0, 0.0, 0.0, 0.0, 0.0, 0.0, 0.0, 0.0, 0.0, 0.0, 0.0, 0.0, 0.0, 0.0, 0.0], [0.0, 0.9728855174602418, 0.0, 0.0, 0.0, 0.0, 0.0, 0.0, 0.0, 0.0, 0.0, 0.0, 0.0, 0.0, 0.0, 0.0, 0.0, 0.0, 0.0, 0.0, 0.0], [0.0, 0.0, 0.0, 0.983947725312357, 0.0, 0.0, 0.0, 0.0, 0.0, 0.0, 0.0, 0.0, 0.0, 0.0, 0.0, 0.0, 0.0, 0.0, 0.0, 0.0, 0.0], [0.0, 0.0, 0.0, 0.983628438621988, 0.0, 0.0, 0.0, 0.0, 0.0, 0.0, 0.0, 0.0, 0.0, 0.0, 0.0, 0.0, 0.0, 0.0, 0.0, 0.0, 0.0], [0.0, 0.0, 0.0, 0.9847791049163993, 0.0, 0.0, 0.0, 0.0, 0.0, 0.0, 0.0, 0.0, 0.0, 0.0, 0.0, 0.0, 0.0, 0.0, 0.0, 0.0, 0.0], [0.0, 0.0, 0.0, 0.0, 0.9010120214993644, 0.0, 0.0, 0.0, 0.0, 0.0, 0.0, 0.0, 0.0, 0.0, 0.0, 0.0, 0.0, 0.0, 0.0, 0.0, 0.0], [0.0, 0.0, 0.0, 0.0, 0.0, 0.9748040366659979, 0.0, 0.0, 0.0, 0.0, 0.0, 0.0, 0.0, 0.0, 0.0, 0.0, 0.0, 0.0, 0.0, 0.0, 0.0], [0.0, 0.0, 0.0, 0.0, 0.0, 0.9748841012556346, 0.0, 0.0, 0.0, 0.0, 0.0, 0.0, 0.0, 0.0, 0.0, 0.0, 0.0, 0.0, 0.0, 0.0, 0.0], [0.0, 0.0, 0.0, 0.0, 0.0, 0.0, 0.9864058490935363, 0.0, 0.0, 0.0, 0.0, 0.0, 0.0, 0.0, 0.0, 0.0, 0.0, 0.0, 0.0, 0.0, 0.0], [0.0, 0.0, 0.0, 0.0, 0.0, 0.0, 0.9859537719356974, 0.0, 0.0, 0.0, 0.0, 0.0, 0.0, 0.0, 0.0, 0.0, 0.0, 0.0, 0.0, 0.0, 0.0], [0.0, 0.0, 0.0, 0.0, 0.0, 0.0, 0.9869783420782084, 0.0, 0.0, 0.0, 0.0, 0.0, 0.0, 0.0, 0.0, 0.0, 0.0, 0.0, 0.0, 0.0, 0.0]], "Born radii": [], "Atomic SASAs": [], "Solvent H bonds": [], "Total SASA": NaN, "Total FOD": 0.0, "FOD": [0.0, 0.0, 0.0, 0.0, 0.0, 0.0, 0.0, 0.0, 0.0, 0.0, 0.0, 0.0, 0.0, 0.0, 0.0, 0.0, 0.0, 0.0, 0.0, 0.0, 0.0], "FOD s proportion": [0.0, 0.0, 0.0, 0.0, 0.0, 0.0, 0.0, 0.0, 0.0, 0.0, 0.0, 0.0, 0.0, 0.0, 0.0, 0.0, 0.0, 0.0, 0.0, 0.0, 0.0], "FOD p proportion": [0.0, 0.0, 0.0, 0.0, 0.0, 0.0, 0.0, 0.0, 0.0, 0.0, 0.0, 0.0, 0.0, 0.0, 0.0, 0.0, 0.0, 0.0, 0.0, 0.0, 0.0], "FOD d proportion": [0.0, 0.0, 0.0, 0.0, 0.0, 0.0, 0.0, 0.0, 0.0, 0.0, 0.0, 0.0, 0.0, 0.0, 0.0, 0.0, 0.0, 0.0, 0.0, 0.0, 0.0], "coordinates": [["1.92270", "0.89310", "0.21710"], ["1.00640", "0.29980", "-0.84290"], ["-0.13660", "-0.58920", "-0.31190"], ["0.41340", "-1.86610", "0.33700"], ["-0.89510", "-0.99430", "-1.46080"], ["-1.08610", "0.12580", "0.67310"], ["-1.74300", "1.38360", "0.11570"], ["2.42020", "0.11420", "0.80170"], ["1.37650", "1.54770", "0.90200"], ["2.70250", "1.49480", "-0.26140"], ["1.61530", "-0.28450", "-1.54610"], ["0.59070", "1.11270", "-1.45190"], ["-0.39980", "-2.55750", "0.58730"], ["0.97210", "-1.65480", "1.25360"], ["1.06980", "-2.40410", "-0.35640"], ["-1.62490", "-1.56000", "-1.15560"], ["-1.89430", "-0.56320", "0.95200"], ["-0.55750", "0.37860", "1.59960"], ["-2.28940", "1.17340", "-0.80870"], ["-1.00590", "2.16600", "-0.08620"], ["-2.45700", "1.78410", "0.84280"]], "bond_dist": [[0.0, 1.5215816047783965, 2.591866273556566, 3.1473079194765803, 3.7838636352278874, 3.138401301618389, 3.699760627391994, 1.0935943580688408, 1.09358292323902, 1.0950311319775343, 2.1424543775772684, 2.1466273919802665, 4.175846578838835, 2.9102864154581076, 3.453674637252328, 4.5263087234522565, 4.150948891518661, 2.8857249591740377, 4.344262899503207, 3.2076413858160646, 4.512998291601715], [1.5215816047783965, 0.0, 1.5423135219533024, 2.536717528618431, 2.3816375605872526, 2.5898046741018907, 3.1068853792826023, 2.1766917466651083, 2.1769024851839367, 2.154744175070442, 1.0984789210540182, 1.0974943735618876, 3.490993235456064, 2.8665222657429332, 2.748049675679099, 3.2373410416574897, 3.518592829527168, 2.9013443263425316, 3.4097865387733584, 2.8468664562989248, 4.127937807186537], [2.591866273556566, 1.5423135219533024, 0.0, 1.5342896792978828, 1.4350607896531768, 1.5436969424080622, 2.5797873090625125, 2.8761263463206896, 2.8860641763481283, 3.5222287063732813, 2.1645427554104817, 2.173713159549806, 2.1799173768746374, 2.1944268727847827, 2.179734667339124, 1.967058519719228, 2.1650931850615573, 2.1834893862805926, 2.8263256783322053, 2.8978871648150832, 3.514276759163968], [3.1473079194765803, 2.536717528618431, 1.5342896792978828, 0.0, 2.3883660376918776, 2.5157760373292373, 3.9063518453923223, 2.857407989769749, 3.5917707401781644, 4.110195880976963, 2.737167839208988, 3.479202198780634, 1.0963477048819867, 1.0940516166982253, 1.09595096605642, 2.5448416178615125, 2.7205243428427544, 2.7523596530976833, 4.2256735060816055, 4.295502431613792, 4.671080157736538], [3.7838636352278874, 2.3816375605872526, 1.4350607896531768, 2.3883660376918776, 0.0, 2.417567831519935, 2.9763560052520597, 4.163999590537924, 4.147861424879091, 4.536177347723521, 2.610210775014156, 2.5782028333705633, 2.62366726930074, 3.3601582477615546, 2.6585837225861444, 0.9725078765747865, 2.6468569455110336, 3.3711832240327726, 2.6586143364542365, 3.4480861198641772, 3.9326341210440616], [3.138401301618389, 2.5898046741018907, 1.5436969424080622, 2.5157760373292373, 2.417567831519935, 0.0, 1.5245567257403052, 3.5086767035450843, 2.8528220379126354, 4.135328428311348, 3.5200506658285473, 2.8811898323435754, 2.771004911579913, 2.7827511297275582, 3.479679449317135, 2.544871464337639, 1.0980407323956611, 1.0962335745633773, 2.1774131188178325, 2.1783903621711147, 2.158268701992409], [3.699760627391994, 3.1068853792826023, 2.5797873090625125, 3.9063518453923223, 2.9763560052520597, 1.5245567257403052, 0.0, 4.4061555351576045, 3.2212539095824164, 4.4628511178393575, 4.101501644519968, 2.824342801431866, 4.190329582503028, 4.2306570388061475, 4.741454791517051, 3.2085716853453654, 2.124222121154, 2.1488123370829757, 1.0941902759575228, 1.0937228990928187, 1.0949295228461051], [1.0935943580688408, 2.1766917466651083, 2.8761263463206896, 2.857407989769749, 4.163999590537924, 3.5086767035450843, 4.4061555351576045, 0.0, 1.7760326658031942, 1.7652000623158837, 2.513760239163632, 3.0696555930592604, 3.890546009238292, 2.330357959627662, 3.0832792056510225, 4.7954981951826445, 4.369939484706854, 3.0940667510575786, 5.088774406475492, 4.091015871394292, 5.155321043349288], [1.09358292323902, 2.1769024851839367, 2.8860641763481283, 3.5917707401781644, 4.147861424879091, 2.8528220379126354, 3.2212539095824164, 1.7760326658031942, 0.0, 1.7648155626013728, 3.0671119787187426, 2.5194348274960396, 4.4840768079951525, 3.247024510224707, 4.158648661524559, 4.7853859833873384, 3.8931390226910727, 2.3651208362364913, 4.062686031432899, 2.652294080602677, 3.8412383224684197], [1.0950311319775343, 2.154744175070442, 3.5222287063732813, 4.110195880976963, 4.536177347723521, 4.135328428311348, 4.4628511178393575, 1.7652000623158837, 1.7648155626013728, 0.0, 2.4491562669621554, 2.4541780497755252, 5.173557022977518, 3.8999345276555606, 4.22802028140831, 5.37194447476889, 5.180566938086989, 3.916225662548061, 5.0320871276240835, 3.7727224970835054, 5.284258924390438], [2.1424543775772684, 1.0984789210540182, 2.1645427554104817, 2.737167839208988, 2.610210775014156, 3.5200506658285473, 4.101501644519968, 2.513760239163632, 3.0671119787187426, 2.4491562669621554, 0.0, 1.7351791377261312, 3.7119472746794235, 3.1827265700967784, 2.491116316031831, 3.5040386042393994, 4.316881914067143, 3.8802306555152106, 4.232719369388904, 3.8738801865829564, 5.154568503764404], [2.1466273919802665, 1.0974943735618876, 2.173713159549806, 3.479202198780634, 2.5782028333705633, 2.8811898323435754, 2.824342801431866, 3.0696555930592604, 2.5194348274960396, 2.4541780497755252, 1.7351791377261312, 0.0, 4.313907153613764, 3.8889911879560746, 3.7145039103492676, 3.484250613833626, 3.8422130367797154, 3.3419931627697865, 2.9516718550679037, 2.350257207200948, 3.8736160547994425], [4.175846578838835, 3.490993235456064, 2.1799173768746374, 1.0963477048819867, 2.62366726930074, 2.771004911579913, 4.190329582503028, 3.890546009238292, 4.4840768079951525, 5.173557022977518, 3.7119472746794235, 4.313907153613764, 0.0, 1.772267640623165, 1.753232845345991, 2.352355557733567, 2.5186839480172973, 3.109711206848636, 4.408970284544908, 4.809616586589828, 4.8111165699866385], [2.9102864154581076, 2.8665222657429332, 2.1944268727847827, 1.0940516166982253, 3.3601582477615546, 2.7827511297275582, 4.2306570388061475, 2.330357959627662, 3.247024510224707, 3.8999345276555606, 3.1827265700967784, 3.8889911879560746, 1.772267640623165, 0.0, 1.7785094264580101, 3.5436761533751926, 3.082012667073255, 2.567899476225656, 4.784263661212663, 4.506224659290746, 4.873757960752668], [3.453674637252328, 2.748049675679099, 2.179734667339124, 1.09595096605642, 2.6585837225861444, 3.479679449317135, 4.741454791517051, 3.0832792056510225, 4.158648661524559, 4.22802028140831, 2.491116316031831, 3.7145039103492676, 1.753232845345991, 1.7785094264580101, 0.0, 2.9347288699298955, 3.726487914913988, 3.7706048029460737, 4.928215313883922, 5.026664156277004, 5.605124273376996], [4.5263087234522565, 3.2373410416574897, 1.967058519719228, 2.5448416178615125, 0.9725078765747865, 2.544871464337639, 3.2085716853453654, 4.7954981951826445, 4.7853859833873384, 5.37194447476889, 3.5040386042393994, 3.484250613833626, 2.352355557733567, 3.5436761533751926, 2.9347288699298955, 0.0, 2.346947881824392, 3.53392696019598, 2.834320980411358, 3.9255386076308048, 3.9835910658600486], [4.150948891518661, 3.518592829527168, 2.1650931850615573, 2.7205243428427544, 2.6468569455110336, 1.0980407323956611, 2.124222121154, 4.369939484706854, 3.8931390226910727, 5.180566938086989, 4.316881914067143, 3.8422130367797154, 2.5186839480172973, 3.082012667073255, 3.726487914913988, 2.346947881824392, 0.0, 1.7588084716648371, 2.50438576501305, 3.052154393211458, 2.416272588099282], [2.8857249591740377, 2.9013443263425316, 2.1834893862805926, 2.7523596530976833, 3.3711832240327726, 1.0962335745633773, 2.1488123370829757, 3.0940667510575786, 2.3651208362364913, 3.916225662548061, 3.8802306555152106, 3.3419931627697865, 3.109711206848636, 2.567899476225656, 3.7706048029460737, 3.53392696019598, 1.7588084716648371, 0.0, 3.0710085542049534, 2.497555396783022, 2.4811845437210023], [4.344262899503207, 3.4097865387733584, 2.8263256783322053, 4.2256735060816055, 2.6586143364542365, 2.1774131188178325, 1.0941902759575228, 5.088774406475492, 4.062686031432899, 5.0320871276240835, 4.232719369388904, 2.9516718550679037, 4.408970284544908, 4.784263661212663, 4.928215313883922, 2.834320980411358, 2.50438576501305, 3.0710085542049534, 0.0, 1.7761287284428458, 1.7687556360334233], [3.2076413858160646, 2.8468664562989248, 2.8978871648150832, 4.295502431613792, 3.4480861198641772, 2.1783903621711147, 1.0937228990928187, 4.091015871394292, 2.652294080602677, 3.7727224970835054, 3.8738801865829564, 2.350257207200948, 4.809616586589828, 4.506224659290746, 5.026664156277004, 3.9255386076308048, 3.052154393211458, 2.497555396783022, 1.7761287284428458, 0.0, 1.7648172199975836], [4.512998291601715, 4.127937807186537, 3.514276759163968, 4.671080157736538, 3.9326341210440616, 2.158268701992409, 1.0949295228461051, 5.155321043349288, 3.8412383224684197, 5.284258924390438, 5.154568503764404, 3.8736160547994425, 4.8111165699866385, 4.873757960752668, 5.605124273376996, 3.9835910658600486, 2.416272588099282, 2.4811845437210023, 1.7687556360334233, 1.7648172199975836, 0.0]]}