{"total energy": -32.49782803, "HOMO-LUMO gap/eV": 3.68327078, "electronic energy": -32.93926469, "dipole": [0.19208192, 0.96069332, 0.21481243], "partial charges": [-0.112733, 0.0861404, -0.2701484, 0.34679622, -0.41616881, -0.01611045, -0.0211601, -0.02731093, -0.02146854, -0.02665039, -0.0186734, 0.05022063, 0.05438732, 0.05439309, 0.05111712, 0.05110935, 0.05340027, 0.03995158, 0.03991307, 0.04185286, 0.06114212], "atomic dipole moments": [[0.05748678, -0.1238028, -0.02154648], [0.22149036, 0.10083941, 0.03757195], [-0.10041028, -0.19729359, -0.04868173], [-0.15746094, 0.09189617, 0.0074095], [0.06278194, 0.1681583, 0.03978477], [-0.08880265, -0.01779125, -0.01036235], [-0.00864827, -0.02814354, -0.0065095], [-0.00527141, -0.00682121, -0.00182049], [-0.00601912, -0.00149925, -0.00075175], [-0.0093808, 0.00387608, 0.00011526], [-0.02311009, 0.02708698, 0.00393054], [-0.12759492, -0.01593953, -0.01284877], [0.03978393, 0.09100555, -0.08097377], [0.02511791, 0.05003194, 0.115261], [-0.02204597, -0.03956995, -0.119588], [-0.03766395, -0.0832009, 0.08951342], [-0.09925415, 0.11778911, 0.01717373], [0.0451038, 0.14113774, 0.03282755], [0.14685572, 0.03078436, 0.01738176], [0.10326221, -0.11031322, -0.01531904], [-0.04011394, -0.14676897, -0.03362748]], "atomic quadrupole moments": [[-0.02738368, -0.17907825, 0.16272454, -0.0286743, 0.05060158, -0.13534086], [0.46027028, -0.02047937, -0.07628782, 0.06016706, 0.06652735, -0.38398246], [0.09808675, 0.01119214, -0.02023571, 0.01577654, 0.01370256, -0.07785104], [-0.24850533, -0.1767045, -0.17324198, -0.08967634, -0.14508371, 0.42174731], [-0.11005353, 0.01329665, -0.08027267, -0.02067253, -0.05834062, 0.19032621], [-0.07427713, 0.05728993, -0.26487009, -0.02106163, -0.12770236, 0.33914722], [-0.27139085, 0.01645978, -0.24660809, -0.05845582, -0.1665726, 0.51799894], [-0.25597466, 0.00415178, -0.23963292, -0.05810526, -0.16107269, 0.49560757], [-0.28033728, 0.00896933, -0.23571571, -0.06048301, -0.16433306, 0.516053], [-0.26313145, 0.02279572, -0.2360342, -0.05497556, -0.15957028, 0.49916565], [-0.25850888, 0.00089535, -0.26353781, -0.06117431, -0.17234362, 0.52204669], [0.080248, 0.02182278, -0.03034732, 0.0144622, 0.00620825, -0.04990068], [-0.03497045, 0.01926611, 0.01108109, -0.03669218, -0.04889451, 0.02388936], [-0.04479631, -0.00051602, -0.02279805, 0.02744541, 0.02768704, 0.06759435], [-0.0007339, -0.0060869, -0.02671889, 0.00704079, 0.02224815, 0.02745279], [0.00196988, 0.00216109, -0.00170484, -0.01000794, -0.03473648, -0.00026504], [0.04193806, 0.00613011, 0.01854895, 0.00926202, 0.01788036, -0.06048702], [0.03931008, -0.00649011, 0.02484534, 0.006707, 0.01902726, -0.06415542], [0.02849089, -0.00374263, 0.03527628, 0.00648461, 0.02142872, -0.06376717], [0.03387693, 0.00570727, 0.02943779, 0.00882818, 0.02082686, -0.06331471], [0.04009261, -0.00267759, 0.01782815, 0.00706143, 0.01643857, -0.05792075]], "number of molecular orbitals": 54, "number of electrons": 58, "number of unpaired electrons": 0, "orbital energies/eV": [-20.01193624, -19.23337247, -18.31111347, -17.79662809, -17.19096744, -16.931656, -16.61679914, -16.37049168, -16.0618349, -15.77676964, -15.72720917, -15.20048138, -15.01406457, -14.28257033, -14.21449265, -13.75452521, -13.64736657, -13.35926936, -13.21508676, -13.18313166, -13.12270569, -12.84062238, -12.71513644, -12.16320427, -11.90846233, -11.76163252, -11.32810609, -11.27154248, -11.13480857, -7.45153779, -6.45774426, -5.22617979, -2.65753212, 0.13732532, 2.58323365, 2.94670439, 3.08616163, 3.49664058, 3.79054793, 4.00370033, 4.21720258, 4.44807029, 4.58641512, 4.77285306, 6.07807992, 6.52112489, 6.95388221, 9.83649699, 10.36956449, 10.72787465, 11.36668201, 14.98842113, 16.87396324, 17.93117156], "fractional occupation": [2.0, 2.0, 2.0, 2.0, 2.0, 2.0, 2.0, 2.0, 2.0, 2.0, 2.0, 2.0, 2.0, 2.0, 2.0, 2.0, 2.0, 2.0, 2.0, 2.0, 2.0, 2.0, 2.0, 2.0, 2.0, 2.0, 2.0, 2.0, 2.0, 0.0, 0.0, 0.0, 0.0, 0.0, 0.0, 0.0, 0.0, 0.0, 0.0, 0.0, 0.0, 0.0, 0.0, 0.0, 0.0, 0.0, 0.0, 0.0, 0.0, 0.0, 0.0, 0.0, 0.0, 0.0], "program call": "xtb /home/svss/Project-DBcg-Debug/aqme2_20220329/End-to-End-workflows-final/example-3/QDESCP/mol_815_rdkit_conf_1/mol_815_rdkit_conf_1.xyz --pop --wbo --acc 0.2 --gfn 2 --chrg 0 --uhf 0 --etemp 300 --input /home/svss/Project-DBcg-Debug/aqme2_20220329/End-to-End-workflows-final/example-3/QDESCP/mol_815_rdkit_conf_1/mol_815_rdkit_conf_1_xtb.inp", "method": "GFN2-xTB", "xtb version": "6.3.3 (7355c4f)", "Dipole module/D": 2.549, "Total charge": 0, "Transition dipole module/D": NaN, "HOMO": -11.1348, "LUMO": -7.4515, "HOMO occupancy": 2.0, "LUMO occupancy": 0, "mulliken charges": [-0.09571, 0.20623, -0.42236, 0.5697, -0.53472, -0.03323, -0.0116, -0.0288, -0.01584, -0.02802, -0.00819, 0.03437, 0.0417, 0.04171, 0.03936, 0.03936, 0.04636, 0.03482, 0.0345, 0.03609, 0.05425], "cm5 charges": [-0.2424, 0.12388, -0.50557, 0.62673, -0.58268, -0.03611, -0.06257, -0.08399, -0.07108, -0.08319, -0.05917, 0.08557, 0.09494, 0.09495, 0.10414, 0.10413, 0.10726, 0.09012, 0.0898, 0.0914, 0.11383], "FUKUI+": [0.012, 0.017, -0.068, -0.064, -0.154, -0.057, -0.038, -0.026, -0.065, -0.028, -0.033, -0.032, -0.017, -0.017, -0.028, -0.028, -0.07, -0.076, -0.086, -0.076, -0.065], "FUKUI-": [0.013, 0.013, -0.061, -0.013, -0.124, -0.037, -0.03, -0.035, -0.031, -0.036, -0.03, -0.055, -0.059, -0.059, -0.067, -0.067, -0.057, -0.066, -0.076, -0.073, -0.052], "FUKUIrad": [0.013, 0.015, -0.065, -0.038, -0.139, -0.047, -0.034, -0.031, -0.048, -0.032, -0.031, -0.043, -0.038, -0.038, -0.047, -0.047, -0.064, -0.071, -0.081, -0.075, -0.059], "s proportion": [1.011, 0.994, 1.698, 0.979, 1.73, 1.086, 1.068, 1.062, 1.065, 1.062, 1.07, 0.966, 0.958, 0.958, 0.961, 0.961, 0.954, 0.965, 0.966, 0.964, 0.946], "p proportion": [3.085, 2.8, 4.724, 2.451, 4.805, 2.947, 2.944, 2.967, 2.951, 2.966, 2.938, 0.0, 0.0, 0.0, 0.0, 0.0, 0.0, 0.0, 0.0, 0.0, 0.0], "d proportion": [0.0, 0.0, 0.0, 0.0, 0.0, 0.0, 0.0, 0.0, 0.0, 0.0, 0.0, 0.0, 0.0, 0.0, 0.0, 0.0, 0.0, 0.0, 0.0, 0.0, 0.0], "Fermi-level/eV": -9.2932, "Coordination numbers": [3.748, 3.705, 1.703, 2.728, 0.856, 2.963, 2.913, 2.91, 2.911, 2.91, 2.916, 0.924, 0.924, 0.924, 0.924, 0.924, 0.925, 0.925, 0.925, 0.925, 0.925], "Dispersion coefficient C6": [22.723, 19.29, 18.48, 21.11, 22.007, 28.41, 28.534, 28.683, 28.542, 28.667, 28.475, 2.317, 2.266, 2.266, 2.306, 2.306, 2.278, 2.449, 2.45, 2.424, 2.186], "Total dispersion C6": 4884.819607, "Total dispersion C8": 114956.815709, "Polarizability alpha": [6.799, 6.279, 5.804, 7.522, 6.29, 8.743, 8.759, 8.782, 8.76, 8.78, 8.75, 2.381, 2.354, 2.354, 2.375, 2.375, 2.36, 2.447, 2.448, 2.435, 2.312], "Total polarizability alpha": 109.108257, "Wiberg matrix": [[0.0, 1.0198871987673153, 0.0, 0.0, 0.0, 0.0, 0.0, 0.0, 0.0, 0.0, 0.0, 0.9839908104932995, 0.9856049052477813, 0.9856053982704862, 0.0, 0.0, 0.0, 0.0, 0.0, 0.0, 0.0], [1.0198871987673153, 0.0, 0.9415600508263339, 0.0, 0.0, 0.0, 0.0, 0.0, 0.0, 0.0, 0.0, 0.0, 0.0, 0.0, 0.9692521475147282, 0.9692486445588289, 0.0, 0.0, 0.0, 0.0, 0.0], [0.0, 0.9415600508263339, 0.0, 1.1143256365113081, 0.16893087808653579, 0.0, 0.0, 0.0, 0.0, 0.0, 0.0, 0.0, 0.0, 0.0, 0.0, 0.0, 0.0, 0.0, 0.0, 0.0, 0.0], [0.0, 0.0, 1.1143256365113081, 0.0, 1.7245949575965869, 1.0057942508595825, 0.0, 0.0, 0.0, 0.0, 0.0, 0.0, 0.0, 0.0, 0.0, 0.0, 0.0, 0.0, 0.0, 0.0, 0.0], [0.0, 0.0, 0.16893087808653579, 1.7245949575965869, 0.0, 0.0, 0.0, 0.0, 0.0, 0.0, 0.0, 0.0, 0.0, 0.0, 0.0, 0.0, 0.0, 0.0, 0.0, 0.0, 0.0], [0.0, 0.0, 0.0, 1.0057942508595825, 0.0, 0.0, 1.3875182780858042, 0.0, 0.10072994557859023, 0.0, 1.3875309746418378, 0.0, 0.0, 0.0, 0.0, 0.0, 0.0, 0.0, 0.0, 0.0, 0.0], [0.0, 0.0, 0.0, 0.0, 0.0, 1.3875182780858042, 0.0, 1.451196143742366, 0.0, 0.1090863863105042, 0.0, 0.0, 0.0, 0.0, 0.0, 0.0, 0.9672051384349096, 0.0, 0.0, 0.0, 0.0], [0.0, 0.0, 0.0, 0.0, 0.0, 0.0, 1.451196143742366, 0.0, 1.4330800668970542, 0.0, 0.10836277093726815, 0.0, 0.0, 0.0, 0.0, 0.0, 0.0, 0.9706381036067672, 0.0, 0.0, 0.0], [0.0, 0.0, 0.0, 0.0, 0.0, 0.10072994557859023, 0.0, 1.4330800668970542, 0.0, 1.4351768090774142, 0.0, 0.0, 0.0, 0.0, 0.0, 0.0, 0.0, 0.0, 0.9706449042377798, 0.0, 0.0], [0.0, 0.0, 0.0, 0.0, 0.0, 0.0, 0.1090863863105042, 0.0, 1.4351768090774142, 0.0, 1.449576534894939, 0.0, 0.0, 0.0, 0.0, 0.0, 0.0, 0.0, 0.0, 0.9703581893118993, 0.0], [0.0, 0.0, 0.0, 0.0, 0.0, 1.3875309746418378, 0.0, 0.10836277093726815, 0.0, 1.449576534894939, 0.0, 0.0, 0.0, 0.0, 0.0, 0.0, 0.0, 0.0, 0.0, 0.0, 0.9662102925046391], [0.9839908104932995, 0.0, 0.0, 0.0, 0.0, 0.0, 0.0, 0.0, 0.0, 0.0, 0.0, 0.0, 0.0, 0.0, 0.0, 0.0, 0.0, 0.0, 0.0, 0.0, 0.0], [0.9856049052477813, 0.0, 0.0, 0.0, 0.0, 0.0, 0.0, 0.0, 0.0, 0.0, 0.0, 0.0, 0.0, 0.0, 0.0, 0.0, 0.0, 0.0, 0.0, 0.0, 0.0], [0.9856053982704862, 0.0, 0.0, 0.0, 0.0, 0.0, 0.0, 0.0, 0.0, 0.0, 0.0, 0.0, 0.0, 0.0, 0.0, 0.0, 0.0, 0.0, 0.0, 0.0, 0.0], [0.0, 0.9692521475147282, 0.0, 0.0, 0.0, 0.0, 0.0, 0.0, 0.0, 0.0, 0.0, 0.0, 0.0, 0.0, 0.0, 0.0, 0.0, 0.0, 0.0, 0.0, 0.0], [0.0, 0.9692486445588289, 0.0, 0.0, 0.0, 0.0, 0.0, 0.0, 0.0, 0.0, 0.0, 0.0, 0.0, 0.0, 0.0, 0.0, 0.0, 0.0, 0.0, 0.0, 0.0], [0.0, 0.0, 0.0, 0.0, 0.0, 0.0, 0.9672051384349096, 0.0, 0.0, 0.0, 0.0, 0.0, 0.0, 0.0, 0.0, 0.0, 0.0, 0.0, 0.0, 0.0, 0.0], [0.0, 0.0, 0.0, 0.0, 0.0, 0.0, 0.0, 0.9706381036067672, 0.0, 0.0, 0.0, 0.0, 0.0, 0.0, 0.0, 0.0, 0.0, 0.0, 0.0, 0.0, 0.0], [0.0, 0.0, 0.0, 0.0, 0.0, 0.0, 0.0, 0.0, 0.9706449042377798, 0.0, 0.0, 0.0, 0.0, 0.0, 0.0, 0.0, 0.0, 0.0, 0.0, 0.0, 0.0], [0.0, 0.0, 0.0, 0.0, 0.0, 0.0, 0.0, 0.0, 0.0, 0.9703581893118993, 0.0, 0.0, 0.0, 0.0, 0.0, 0.0, 0.0, 0.0, 0.0, 0.0, 0.0], [0.0, 0.0, 0.0, 0.0, 0.0, 0.0, 0.0, 0.0, 0.0, 0.0, 0.9662102925046391, 0.0, 0.0, 0.0, 0.0, 0.0, 0.0, 0.0, 0.0, 0.0, 0.0]], "Born radii": [], "Atomic SASAs": [], "Solvent H bonds": [], "Total SASA": NaN, "Total FOD": 0.0, "FOD": [0.0, 0.0, 0.0, 0.0, 0.0, 0.0, 0.0, 0.0, 0.0, 0.0, 0.0, 0.0, 0.0, 0.0, 0.0, 0.0, 0.0, 0.0, 0.0, 0.0, 0.0], "FOD s proportion": [0.0, 0.0, 0.0, 0.0, 0.0, 0.0, 0.0, 0.0, 0.0, 0.0, 0.0, 0.0, 0.0, 0.0, 0.0, 0.0, 0.0, 0.0, 0.0, 0.0, 0.0], "FOD p proportion": [0.0, 0.0, 0.0, 0.0, 0.0, 0.0, 0.0, 0.0, 0.0, 0.0, 0.0, 0.0, 0.0, 0.0, 0.0, 0.0, 0.0, 0.0, 0.0, 0.0, 0.0], "FOD d proportion": [0.0, 0.0, 0.0, 0.0, 0.0, 0.0, 0.0, 0.0, 0.0, 0.0, 0.0, 0.0, 0.0, 0.0, 0.0, 0.0, 0.0, 0.0, 0.0, 0.0, 0.0], "coordinates": [["-3.54520", "1.24500", "0.18760"], ["-2.79310", "-0.05390", "-0.02740"], ["-1.39390", "0.20890", "0.13200"], ["-0.60150", "-0.87940", "-0.03600"], ["-0.98640", "-2.00770", "-0.30020"], ["0.83120", "-0.51960", "0.14610"], ["1.24750", "0.78420", "0.44940"], ["2.60630", "1.06740", "0.61000"], ["3.55360", "0.05380", "0.46920"], ["3.14730", "-1.24530", "0.16770"], ["1.79040", "-1.53240", "0.00640"], ["-4.62260", "1.09530", "0.07590"], ["-3.21690", "2.00380", "-0.53050"], ["-3.34520", "1.64520", "1.18710"], ["-2.98620", "-0.43030", "-1.03820"], ["-3.11690", "-0.79550", "0.71150"], ["0.52620", "1.58940", "0.56360"], ["2.92550", "2.08000", "0.84520"], ["4.61060", "0.27660", "0.59460"], ["3.88600", "-2.03560", "0.05790"], ["1.48340", "-2.54990", "-0.22890"]], "bond_dist": [[0.0, 1.516252162405713, 2.388448504782969, 3.6370925215067045, 4.167188929002379, 4.718941869741563, 4.821913434519537, 6.168542434805811, 7.203555888587246, 7.140836530127265, 6.017924190283556, 1.0934705025742582, 1.0950917495808283, 1.0950617745132007, 2.149813184907005, 2.1497796049827995, 4.103204274710192, 6.55740964482165, 8.223169778133004, 8.124154841581985, 6.313600891725736], [1.516252162405713, 0.0, 1.4325616356722668, 2.3419297107300205, 2.675054984481627, 3.658213939889246, 4.154058041241118, 5.551316313272015, 6.367009638755072, 6.061835541319147, 4.816178665705831, 2.162961345008274, 2.160288253914278, 2.1602697678762253, 1.095755999299114, 1.0958057355206716, 3.750662392164883, 6.165820783156125, 7.437129011923889, 6.967408972494725, 4.955710897540332], [2.388448504782969, 1.4325616356722668, 0.0, 1.3566571600813524, 2.294813423788522, 2.3413630794902356, 2.721893974790348, 4.119114745913253, 4.961402634336382, 4.768487136398713, 3.6314828293687413, 3.3486349248611744, 2.642707183930902, 2.642681477212114, 2.07686397484284, 2.076865091911364, 2.4039223822744358, 4.760975300292998, 6.022674015750812, 5.737648914843081, 4.002509405360592], [3.6370925215067045, 2.3419297107300205, 1.3566571600813524, 0.0, 1.2210694247257197, 1.4883701622916257, 2.534162409949291, 3.8075355651654785, 4.2884665429498225, 3.7721184949574424, 2.479796840468993, 4.481205966031912, 3.923988997181312, 3.9239608127503005, 2.6254313436081316, 2.6254585542339073, 2.7796044484782363, 4.687674348757602, 5.375870047722508, 4.635005059328415, 2.678542265860295], [4.167188929002379, 2.675054984481627, 2.294813423788522, 1.2210694247257197, 0.0, 2.3910865856342385, 3.653342986909387, 4.815827793848115, 5.045132169725586, 4.229380552752377, 2.8338193114593597, 4.794998503649401, 4.5956828208656875, 4.595614990401176, 2.651798408627624, 2.6517910890566014, 3.9966533012008933, 5.772711153349005, 6.111063944191715, 4.8856213299845495, 2.529619846933527], [4.718941869741563, 3.658213939889246, 2.3413630794902356, 1.4883701622916257, 2.3910865856342385, 0.0, 1.401852709809415, 2.425850823937861, 2.800828971929561, 2.427226042213621, 1.4019074755489391, 5.688300668037864, 4.817929921657226, 4.817920401999186, 3.9978849082983867, 3.9979109019586714, 2.1714539483949458, 3.4106822572617346, 3.8883095362895173, 3.4114276014595415, 2.1652039003290198], [4.821913434519537, 4.154058041241118, 2.721893974790348, 2.534162409949291, 3.653342986909387, 1.401852709809415, 0.0, 1.397258759142343, 2.4190852424005236, 2.7941841707374984, 2.420253079741869, 5.890191802479781, 4.730591456678541, 4.730583006353446, 4.648890157876394, 4.648885442770127, 1.087042947633625, 2.1567195645238626, 3.4042888258783215, 3.8815237394610893, 3.410566303416487], [6.168542434805811, 5.551316313272015, 4.119114745913253, 3.8075355651654785, 4.815827793848115, 2.425850823937861, 1.397258759142343, 0.0, 1.3944844531223715, 2.415965972442493, 2.7908754558381856, 7.248657560541814, 6.007265888072543, 6.007266391629391, 6.019611680166753, 6.019611025639448, 2.145099757587045, 1.0874587072620274, 2.1547204667891378, 3.4016254202954213, 3.879370684788965], [7.203555888587246, 6.367009638755072, 4.961402634336382, 4.2884665429498225, 5.045132169725586, 2.800828971929561, 2.4190852424005236, 1.3944844531223715, 0.0, 1.3941458854797084, 2.4164206008060765, 8.251645507412444, 7.116289084909353, 7.116275416957946, 6.7287139640498905, 6.72871384664261, 3.3958989207572126, 2.154384378424612, 1.08748057453915, 2.155284159919522, 3.3988711861440115], [7.140836530127265, 6.061835541319147, 4.768487136398713, 3.7721184949574424, 4.229380552752377, 2.427226042213621, 2.7941841707374984, 2.415965972442493, 1.3941458854797084, 0.0, 1.3962885482592773, 8.11530539228192, 7.179636180893849, 7.179604645104074, 6.3038275721977035, 6.3038274183229355, 3.8810341547067067, 3.400856006948839, 2.1539893476988228, 1.0873397904978923, 2.151240556051322], [6.017924190283556, 4.816178665705831, 3.6314828293687413, 2.479796840468993, 2.8338193114593597, 1.4019074755489391, 2.420253079741869, 2.7908754558381856, 2.4164206008060765, 1.3962885482592773, 0.0, 6.930815719668212, 6.153537628064039, 6.153501573088285, 5.0121573329256135, 5.012163296422014, 3.413840757856171, 3.8783335609511465, 3.4017625255152657, 2.155783349504305, 1.0885409225196818], [1.0934705025742582, 2.162961345008274, 3.3486349248611744, 4.481205966031912, 4.794998503649401, 5.688300668037864, 5.890191802479781, 7.248657560541814, 8.251645507412444, 8.11530539228192, 6.930815719668212, 0.0, 1.7801926019394645, 1.780142188141161, 2.499295726799852, 2.499248785135246, 5.195394839663296, 7.650834607413755, 9.283927058093466, 9.066373738711636, 7.1178383010574215], [1.0950917495808283, 2.160288253914278, 2.642707183930902, 3.923988997181312, 4.5956828208656875, 4.817929921657226, 4.730591456678541, 6.007265888072543, 7.116289084909353, 7.179636180893849, 6.153537628064039, 1.7801926019394645, 0.0, 1.7593193598661956, 2.4971633086364213, 3.064089504241023, 3.921680734073084, 6.295032540821373, 8.094370024900021, 8.192322950787524, 6.551333172721413], [1.0950617745132007, 2.1602697678762253, 2.642681477212114, 3.9239608127503005, 4.595614990401176, 4.817920401999186, 4.730583006353446, 6.007266391629391, 7.116275416957946, 7.179604645104074, 6.153501573088285, 1.780142188141161, 1.7593193598661956, 0.0, 3.0640726721146807, 2.4970648249494847, 3.9216838029091536, 6.295047667809991, 8.094373098023095, 8.192291176465837, 6.551282162294645], [2.149813184907005, 1.095755999299114, 2.07686397484284, 2.6254313436081316, 2.651798408627624, 3.9978849082983867, 4.648890157876394, 6.019611680166753, 6.7287139640498905, 6.3038275721977035, 5.0121573329256135, 2.499295726799852, 2.4971633086364213, 3.0640726721146807, 0.0, 1.79217845651598, 4.356822820588416, 6.693055994088201, 7.802378719980209, 7.141817425557727, 5.012483896233483], [2.1497796049827995, 1.0958057355206716, 2.076865091911364, 2.6254585542339073, 2.6517910890566014, 3.9979109019586714, 4.648885442770127, 6.019611025639448, 6.72871384664261, 6.3038274183229355, 5.012163296422014, 2.499248785135246, 3.064089504241023, 2.4970648249494847, 1.79217845651598, 0.0, 4.3568107636205635, 6.693054138433365, 7.802391958239472, 7.141823953304926, 5.0124875670668745], [4.103204274710192, 3.750662392164883, 2.4039223822744358, 2.7796044484782363, 3.9966533012008933, 2.1714539483949458, 1.087042947633625, 2.145099757587045, 3.3958989207572126, 3.8810341547067067, 3.413840757856171, 5.195394839663296, 3.921680734073084, 3.9216838029091536, 4.356822820588416, 4.3568107636205635, 0.0, 2.465081623395055, 4.290306306081187, 4.968361251962261, 4.32181588918362], [6.55740964482165, 6.165820783156125, 4.760975300292998, 4.687674348757602, 5.772711153349005, 3.4106822572617346, 2.1567195645238626, 1.0874587072620274, 2.154384378424612, 3.400856006948839, 3.8783335609511465, 7.650834607413755, 6.295032540821373, 6.295047667809991, 6.693055994088201, 6.693054138433365, 2.465081623395055, 0.0, 2.4808494371888026, 4.298902755355138, 4.966821642660425], [8.223169778133004, 7.437129011923889, 6.022674015750812, 5.375870047722508, 6.111063944191715, 3.8883095362895173, 3.4042888258783215, 2.1547204667891378, 1.08748057453915, 2.1539893476988228, 3.4017625255152657, 9.283927058093466, 8.094370024900021, 8.094373098023095, 7.802378719980209, 7.802391958239472, 4.290306306081187, 2.4808494371888026, 0.0, 2.481805973479797, 4.294954521295889], [8.124154841581985, 6.967408972494725, 5.737648914843081, 4.635005059328415, 4.8856213299845495, 3.4114276014595415, 3.8815237394610893, 3.4016254202954213, 2.155284159919522, 1.0873397904978923, 2.155783349504305, 9.066373738711636, 8.192322950787524, 8.192291176465837, 7.141817425557727, 7.141823953304926, 4.968361251962261, 4.298902755355138, 2.481805973479797, 0.0, 2.473710874374772], [6.313600891725736, 4.955710897540332, 4.002509405360592, 2.678542265860295, 2.529619846933527, 2.1652039003290198, 3.410566303416487, 3.879370684788965, 3.3988711861440115, 2.151240556051322, 1.0885409225196818, 7.1178383010574215, 6.551333172721413, 6.551282162294645, 5.012483896233483, 5.0124875670668745, 4.32181588918362, 4.966821642660425, 4.294954521295889, 2.473710874374772, 0.0]]}