{"total energy": -45.56274478, "HOMO-LUMO gap/eV": 4.18422485, "electronic energy": -46.11580647, "dipole": [-0.80388333, -0.23749363, -0.37801511], "partial charges": [-0.09682952, 0.01018039, -0.18424941, 0.29621198, -0.44338208, -0.11546673, -0.00152274, -0.01158052, -0.10707012, -0.09992165, -0.00558012, -0.0145528, -0.1087964, -0.10372513, 0.03940542, 0.04159468, 0.0501426, 0.06299371, 0.04807755, 0.06755894, 0.04530572, 0.02968431, 0.03986469, 0.04017109, 0.03126674, 0.0460759, 0.03314524, 0.03162574, 0.05375865, 0.05410546, 0.04546946, 0.03633482, 0.0379914, 0.04236188, 0.03316378, 0.03696393, 0.03922315], "atomic dipole moments": [[-0.01825771, 0.11540037, 0.01850669], [-0.13857045, -0.04917577, -0.04027461], [0.24750295, -0.22319282, 0.40263753], [0.00956765, 0.0276498, -0.04493036], [-0.10581531, 0.04816403, -0.14596103], [-0.04287153, -0.01261092, -0.00320033], [0.06181701, -0.01397122, -0.15927274], [0.04954089, 0.03130137, 0.0827946], [0.05856513, 0.04087313, -0.08164767], [-0.09392382, 0.05705462, 0.0043914], [0.08128315, 0.0477123, 0.12546668], [-0.07435156, -0.0764825, -0.0028302], [0.05380131, -0.024679, 0.09483977], [0.06032361, -0.02976602, -0.08544436], [0.12219265, -0.02785266, 0.01729373], [-0.02720685, -0.03282248, -0.12014182], [-0.06584234, -0.07896781, 0.07964184], [0.04211547, 0.03552386, 0.12122717], [0.07163983, 0.06551811, -0.07583937], [0.0692985, 0.0166358, 0.11067255], [-0.10277734, 0.06265764, 0.02492655], [-0.06487199, -0.0191669, -0.10264934], [0.05883208, 0.00657347, 0.11365531], [-0.02986447, -0.12180533, -0.01882967], [-0.10853749, 0.06062197, 0.01123433], [0.07965508, 0.00931747, 0.10222989], [-0.02286121, -0.12138845, -0.01488596], [0.06603107, 0.03217638, -0.10325082], [-0.10618249, -0.07005317, 0.00087503], [0.05272056, -0.04040778, -0.10695887], [0.1036772, 0.07572664, 0.00178778], [-0.10986861, -0.06088035, -0.01205353], [0.07022194, -0.02895493, -0.10154773], [-0.02604831, 0.1241542, -0.00943115], [-0.10733192, -0.06459038, 0.01138505], [0.06354994, -0.01064442, 0.10950372], [-0.03282559, 0.12235311, -0.0067733]], "atomic quadrupole moments": [[-0.07928794, -0.07672957, 0.21019009, 0.00023049, 0.0637318, -0.13090214], [0.2656553, -0.15796938, 0.00677334, 0.07649119, 0.0055479, -0.27242864], [0.31601283, -0.06744288, -0.34900717, -0.11985383, -0.29867596, 0.03299434], [-0.29316045, -0.04255859, 0.33087929, -0.12087705, 0.16965226, -0.03771884], [-0.07512876, -0.01659919, 0.1037527, -0.02016675, 0.06976112, -0.02862394], [-0.05075198, -0.00248965, -0.02360984, 0.00909643, -0.04356767, 0.07436182], [-0.09753507, 0.14133609, 0.0647135, -0.16597547, -0.10243958, 0.03282157], [0.00377464, -0.0065593, 0.10299079, -0.1425993, -0.0210637, -0.10676543], [-0.00972619, 0.05588234, -0.06076616, -0.15573814, -0.09464615, 0.07049236], [0.13748346, -0.1400948, -0.01070302, -0.03976517, 0.00782225, -0.12678044], [-0.07340794, -0.09695613, 0.02379028, 0.19169829, -0.09847308, 0.04961765], [-0.13009096, -0.1432695, 0.02508907, 0.00339251, 0.00180184, 0.1050019], [-0.04001784, -0.04546975, -0.10288599, 0.14284625, -0.05388707, 0.14290384], [-0.01374394, -0.05257178, -0.08991253, -0.14998229, 0.05687715, 0.10365647], [0.07893131, -0.01386104, -0.0300194, 0.02261602, 0.00056781, -0.04891191], [-0.04246797, -0.0013605, -0.02237509, 0.03422365, 0.01493681, 0.06484306], [-0.00391693, 0.02559165, -0.00301771, -0.04999736, -0.03012143, 0.00693463], [-0.01853731, -0.02152199, -0.02143455, 0.01526122, 0.01109446, 0.03997186], [0.00543888, 0.01104253, -0.00269053, -0.04529347, -0.03433878, -0.00274836], [0.01181376, 0.01277827, -0.02053594, 0.03707165, -0.0119635, 0.00872218], [0.04038819, -0.02748036, -0.00513491, -0.01226862, -0.01749828, -0.03525328], [-0.00083285, -0.0052103, -0.02231725, 0.0202401, 4.143e-05, 0.02315011], [0.00355967, 0.0145121, -0.04512275, 0.05300536, 0.00764458, 0.04156307], [-0.04346592, 0.02123871, 0.06984741, -0.00543743, 0.02883061, -0.02638148], [0.04314884, -0.05969783, -0.00542307, -0.00899501, -0.00832068, -0.03772577], [-0.00697593, 0.00299247, -0.0373669, 0.04980926, 0.02359512, 0.04434283], [-0.01876758, 0.03569051, 0.07199839, 0.00075114, 0.01315112, -0.05323081], [-0.01110391, 0.01379031, -0.0240963, -0.04428787, -0.04370296, 0.03520021], [0.03477518, 0.02710339, -0.01297194, -0.0103183, -0.02765003, -0.02180324], [-0.00139228, -0.02438267, -0.0271481, -0.02980933, -0.00580755, 0.02854039], [0.02723522, 0.01559639, -0.01761771, -0.00078232, 0.0052103, -0.00961751], [0.04417612, 0.05965876, -0.00848304, 0.00056224, -0.00948147, -0.03569308], [0.01030263, -0.02691585, -0.04104588, -0.04875698, 0.02314605, 0.03074324], [-0.04297538, -0.02010117, 0.07689833, 0.00963546, 0.00731495, -0.03392295], [0.03833694, 0.06179583, 0.000445, -0.00300273, 0.00994042, -0.03878195], [0.00590589, -0.01711715, -0.04569421, 0.05108652, -0.01711638, 0.03978832], [-0.04176046, -0.02681285, 0.07142824, -0.00520105, -0.02202675, -0.02966778]], "number of molecular orbitals": 84, "number of electrons": 84, "number of unpaired electrons": 0, "orbital energies/eV": [-19.51975263, -18.82745892, -17.86584973, -17.40127064, -17.22355905, -16.87948292, -16.7243284, -16.64814498, -16.1650873, -16.04898146, -15.65526615, -15.45949022, -15.37601851, -15.0519968, -14.918579, -14.70380104, -14.56102855, -14.01649941, -13.94127999, -13.89809435, -13.81345823, -13.61294888, -13.51940794, -13.36211908, -13.17942032, -13.05339186, -12.94302473, -12.80577841, -12.68109988, -12.57514375, -12.50066826, -12.35552707, -12.19010665, -12.12867352, -12.06171789, -11.96298566, -11.93998059, -11.79190232, -11.69882096, -10.77680602, -10.51052254, -10.14246355, -5.9582387, -5.26570299, -3.71133505, -0.98618927, -0.25094101, 0.19317463, 1.03719097, 1.60402672, 1.9994934, 2.12384641, 2.38330464, 2.56112875, 3.04649863, 3.2445631, 3.30745862, 3.7401378, 3.90335075, 3.97697845, 4.06201394, 4.15138501, 4.38053445, 4.73632246, 5.06497943, 5.10539848, 5.18062385, 5.35679274, 5.75221738, 5.84430025, 5.8741811, 6.08555618, 6.29173658, 6.51925439, 6.55081388, 6.77300771, 6.7925762, 6.95355605, 7.57968304, 7.65021794, 7.9943091, 9.26693366, 13.29248501, 16.18032394], "fractional occupation": [2.0, 2.0, 2.0, 2.0, 2.0, 2.0, 2.0, 2.0, 2.0, 2.0, 2.0, 2.0, 2.0, 2.0, 2.0, 2.0, 2.0, 2.0, 2.0, 2.0, 2.0, 2.0, 2.0, 2.0, 2.0, 2.0, 2.0, 2.0, 2.0, 2.0, 2.0, 2.0, 2.0, 2.0, 2.0, 2.0, 2.0, 2.0, 2.0, 2.0, 2.0, 2.0, 0.0, 0.0, 0.0, 0.0, 0.0, 0.0, 0.0, 0.0, 0.0, 0.0, 0.0, 0.0, 0.0, 0.0, 0.0, 0.0, 0.0, 0.0, 0.0, 0.0, 0.0, 0.0, 0.0, 0.0, 0.0, 0.0, 0.0, 0.0, 0.0, 0.0, 0.0, 0.0, 0.0, 0.0, 0.0, 0.0, 0.0, 0.0, 0.0, 0.0, 0.0, 0.0], "program call": "xtb /home/svss/Project-DBcg-Debug/aqme2_20220329/End-to-End-workflows-final/example-3/QDESCP/mol_618_rdkit_conf_7/mol_618_rdkit_conf_7.xyz --pop --wbo --acc 0.2 --gfn 2 --chrg 0 --uhf 0 --etemp 300 --input /home/svss/Project-DBcg-Debug/aqme2_20220329/End-to-End-workflows-final/example-3/QDESCP/mol_618_rdkit_conf_7/mol_618_rdkit_conf_7_xtb.inp", "method": "GFN2-xTB", "xtb version": "6.3.3 (7355c4f)", "Dipole module/D": 2.337, "Total charge": 0, "Transition dipole module/D": NaN, "HOMO": -10.1425, "LUMO": -5.9582, "HOMO occupancy": 2.0, "LUMO occupancy": 0, "mulliken charges": [-0.08673, 0.04096, -0.12874, 0.49732, -0.55993, -0.29287, 0.08721, -0.00987, -0.09223, -0.0867, 0.08056, -0.01032, -0.09251, -0.09067, 0.031, 0.02336, 0.04308, 0.04817, 0.02743, 0.05559, 0.02306, 0.01824, 0.03225, 0.03276, 0.02612, 0.04046, 0.02506, 0.0337, 0.03267, 0.03138, 0.02912, 0.02839, 0.03128, 0.03545, 0.0259, 0.03657, 0.03347], "cm5 charges": [-0.2339, -0.05152, -0.16266, 0.60534, -0.61033, -0.54639, 0.04016, -0.07926, -0.24052, -0.23333, 0.033, -0.07953, -0.24077, -0.23815, 0.08192, 0.07512, 0.09736, 0.10743, 0.0833, 0.12622, 0.08988, 0.07896, 0.08417, 0.08416, 0.07759, 0.09399, 0.0766, 0.08896, 0.09902, 0.09873, 0.09093, 0.0803, 0.08279, 0.08685, 0.07827, 0.09034, 0.08498], "FUKUI+": [0.032, 0.02, -0.366, -0.043, -0.144, -0.064, 0.021, 0.001, 0.011, 0.011, 0.019, -0.002, 0.01, 0.013, -0.059, -0.036, -0.023, -0.06, -0.067, -0.019, -0.041, -0.014, -0.013, -0.023, -0.015, -0.007, -0.028, 0.016, -0.043, -0.01, 0.011, -0.019, -0.005, -0.023, -0.018, -0.0, -0.025], "FUKUI-": [0.014, 0.031, -0.279, 0.025, -0.068, -0.085, 0.011, -0.01, 0.015, 0.015, 0.017, -0.008, 0.014, 0.016, -0.045, -0.022, -0.014, -0.041, -0.041, -0.038, -0.052, -0.03, -0.028, -0.042, -0.023, -0.027, -0.045, -0.005, -0.043, -0.032, -0.018, -0.028, -0.017, -0.038, -0.026, -0.01, -0.042], "FUKUIrad": [0.023, 0.026, -0.322, -0.009, -0.106, -0.075, 0.016, -0.004, 0.013, 0.013, 0.018, -0.005, 0.012, 0.015, -0.052, -0.029, -0.018, -0.051, -0.054, -0.029, -0.046, -0.022, -0.02, -0.032, -0.019, -0.017, -0.037, 0.005, -0.043, -0.021, -0.003, -0.023, -0.011, -0.03, -0.022, -0.005, -0.033], "s proportion": [1.011, 1.032, 1.924, 0.997, 1.73, 1.448, 1.014, 1.056, 1.013, 1.011, 1.016, 1.056, 1.014, 1.013, 0.969, 0.977, 0.957, 0.952, 0.973, 0.944, 0.977, 0.982, 0.968, 0.967, 0.974, 0.96, 0.975, 0.966, 0.967, 0.969, 0.971, 0.972, 0.969, 0.965, 0.974, 0.963, 0.967], "p proportion": [3.076, 2.927, 4.205, 2.506, 4.83, 3.845, 2.898, 2.954, 3.079, 3.076, 2.904, 2.955, 3.079, 3.078, 0.0, 0.0, 0.0, 0.0, 0.0, 0.0, 0.0, 0.0, 0.0, 0.0, 0.0, 0.0, 0.0, 0.0, 0.0, 0.0, 0.0, 0.0, 0.0, 0.0, 0.0, 0.0, 0.0], "d proportion": [0.0, 0.0, 0.0, 0.0, 0.0, 0.0, 0.0, 0.0, 0.0, 0.0, 0.0, 0.0, 0.0, 0.0, 0.0, 0.0, 0.0, 0.0, 0.0, 0.0, 0.0, 0.0, 0.0, 0.0, 0.0, 0.0, 0.0, 0.0, 0.0, 0.0, 0.0, 0.0, 0.0, 0.0, 0.0, 0.0, 0.0], "Fermi-level/eV": -8.0504, "Coordination numbers": [3.781, 3.793, 2.035, 2.748, 0.879, 2.759, 3.745, 3.847, 3.753, 3.752, 3.738, 3.847, 3.753, 3.752, 0.924, 0.924, 0.924, 0.924, 0.924, 0.924, 0.924, 0.924, 0.924, 0.924, 0.924, 0.924, 0.924, 0.924, 0.924, 0.924, 0.924, 0.924, 0.924, 0.924, 0.924, 0.924, 0.924], "Dispersion coefficient C6": [22.368, 20.414, 148.869, 21.974, 22.556, 23.514, 20.677, 20.75, 22.605, 22.469, 20.758, 20.802, 22.639, 22.542, 2.457, 2.428, 2.318, 2.164, 2.344, 2.113, 2.38, 2.591, 2.451, 2.447, 2.569, 2.37, 2.542, 2.564, 2.274, 2.269, 2.377, 2.498, 2.476, 2.418, 2.542, 2.49, 2.459], "Total dispersion C6": 11755.924896, "Total dispersion C8": 278256.592669, "Polarizability alpha": [6.737, 6.434, 20.536, 7.676, 6.368, 7.202, 6.487, 6.479, 6.78, 6.76, 6.501, 6.488, 6.785, 6.771, 2.451, 2.437, 2.381, 2.301, 2.394, 2.273, 2.412, 2.517, 2.448, 2.446, 2.506, 2.407, 2.493, 2.504, 2.358, 2.356, 2.411, 2.472, 2.461, 2.432, 2.493, 2.468, 2.452], "Total polarizability alpha": 163.877411, "Wiberg matrix": [[0.0, 1.0254407359560325, 0.0, 0.0, 0.0, 0.0, 0.0, 0.0, 0.0, 0.0, 0.0, 0.0, 0.0, 0.0, 0.9797321919214266, 0.987062448254082, 0.9851232912486192, 0.0, 0.0, 0.0, 0.0, 0.0, 0.0, 0.0, 0.0, 0.0, 0.0, 0.0, 0.0, 0.0, 0.0, 0.0, 0.0, 0.0, 0.0, 0.0, 0.0], [1.0254407359560325, 0.0, 0.9842279172852709, 0.0, 0.0, 0.0, 0.0, 0.0, 0.0, 0.0, 0.0, 0.0, 0.0, 0.0, 0.0, 0.0, 0.0, 0.9693524872715087, 0.9718020449368743, 0.0, 0.0, 0.0, 0.0, 0.0, 0.0, 0.0, 0.0, 0.0, 0.0, 0.0, 0.0, 0.0, 0.0, 0.0, 0.0, 0.0, 0.0], [0.0, 0.9842279172852709, 0.0, 1.0142326216695676, 0.155906186473229, 0.0, 0.0, 0.0, 0.0, 0.0, 0.0, 0.0, 0.0, 0.0, 0.0, 0.0, 0.0, 0.0, 0.0, 0.0, 0.0, 0.0, 0.0, 0.0, 0.0, 0.0, 0.0, 0.0, 0.0, 0.0, 0.0, 0.0, 0.0, 0.0, 0.0, 0.0, 0.0], [0.0, 0.0, 1.0142326216695676, 0.0, 1.659238398699003, 1.2148050675953994, 0.0, 0.0, 0.0, 0.0, 0.0, 0.0, 0.0, 0.0, 0.0, 0.0, 0.0, 0.0, 0.0, 0.0, 0.0, 0.0, 0.0, 0.0, 0.0, 0.0, 0.0, 0.0, 0.0, 0.0, 0.0, 0.0, 0.0, 0.0, 0.0, 0.0, 0.0], [0.0, 0.0, 0.155906186473229, 1.659238398699003, 0.0, 0.172700112375692, 0.0, 0.0, 0.0, 0.0, 0.0, 0.0, 0.0, 0.0, 0.0, 0.0, 0.0, 0.0, 0.0, 0.0, 0.0, 0.0, 0.0, 0.0, 0.0, 0.0, 0.0, 0.0, 0.0, 0.0, 0.0, 0.0, 0.0, 0.0, 0.0, 0.0, 0.0], [0.0, 0.0, 0.0, 1.2148050675953994, 0.172700112375692, 0.0, 0.9814873366380695, 0.0, 0.0, 0.0, 0.9858596462911818, 0.0, 0.0, 0.0, 0.0, 0.0, 0.0, 0.0, 0.0, 0.0, 0.0, 0.0, 0.0, 0.0, 0.0, 0.0, 0.0, 0.0, 0.0, 0.0, 0.0, 0.0, 0.0, 0.0, 0.0, 0.0, 0.0], [0.0, 0.0, 0.0, 0.0, 0.0, 0.9814873366380695, 0.0, 0.982574894371026, 0.0, 0.0, 0.0, 0.0, 0.0, 0.0, 0.0, 0.0, 0.0, 0.0, 0.0, 0.9668405641734139, 0.9669568943761082, 0.0, 0.0, 0.0, 0.0, 0.0, 0.0, 0.0, 0.0, 0.0, 0.0, 0.0, 0.0, 0.0, 0.0, 0.0, 0.0], [0.0, 0.0, 0.0, 0.0, 0.0, 0.0, 0.982574894371026, 0.0, 1.0066164575704188, 1.0102352506749535, 0.0, 0.0, 0.0, 0.0, 0.0, 0.0, 0.0, 0.0, 0.0, 0.0, 0.0, 0.9668149125105274, 0.0, 0.0, 0.0, 0.0, 0.0, 0.0, 0.0, 0.0, 0.0, 0.0, 0.0, 0.0, 0.0, 0.0, 0.0], [0.0, 0.0, 0.0, 0.0, 0.0, 0.0, 0.0, 1.0066164575704188, 0.0, 0.0, 0.0, 0.0, 0.0, 0.0, 0.0, 0.0, 0.0, 0.0, 0.0, 0.0, 0.0, 0.0, 0.9866441708447977, 0.9856575335715259, 0.9866511456672297, 0.0, 0.0, 0.0, 0.0, 0.0, 0.0, 0.0, 0.0, 0.0, 0.0, 0.0, 0.0], [0.0, 0.0, 0.0, 0.0, 0.0, 0.0, 0.0, 1.0102352506749535, 0.0, 0.0, 0.0, 0.0, 0.0, 0.0, 0.0, 0.0, 0.0, 0.0, 0.0, 0.0, 0.0, 0.0, 0.0, 0.0, 0.0, 0.985913772935715, 0.9858204197201677, 0.9859458281737095, 0.0, 0.0, 0.0, 0.0, 0.0, 0.0, 0.0, 0.0, 0.0], [0.0, 0.0, 0.0, 0.0, 0.0, 0.9858596462911818, 0.0, 0.0, 0.0, 0.0, 0.0, 0.9832454115944261, 0.0, 0.0, 0.0, 0.0, 0.0, 0.0, 0.0, 0.0, 0.0, 0.0, 0.0, 0.0, 0.0, 0.0, 0.0, 0.0, 0.9677600600416607, 0.9634977160493816, 0.0, 0.0, 0.0, 0.0, 0.0, 0.0, 0.0], [0.0, 0.0, 0.0, 0.0, 0.0, 0.0, 0.0, 0.0, 0.0, 0.0, 0.9832454115944261, 0.0, 1.0067080645792692, 1.0098650280549464, 0.0, 0.0, 0.0, 0.0, 0.0, 0.0, 0.0, 0.0, 0.0, 0.0, 0.0, 0.0, 0.0, 0.0, 0.0, 0.0, 0.9657463532558677, 0.0, 0.0, 0.0, 0.0, 0.0, 0.0], [0.0, 0.0, 0.0, 0.0, 0.0, 0.0, 0.0, 0.0, 0.0, 0.0, 0.0, 1.0067080645792692, 0.0, 0.0, 0.0, 0.0, 0.0, 0.0, 0.0, 0.0, 0.0, 0.0, 0.0, 0.0, 0.0, 0.0, 0.0, 0.0, 0.0, 0.0, 0.0, 0.9867513449478283, 0.9862212744696867, 0.9854395237577653, 0.0, 0.0, 0.0], [0.0, 0.0, 0.0, 0.0, 0.0, 0.0, 0.0, 0.0, 0.0, 0.0, 0.0, 1.0098650280549464, 0.0, 0.0, 0.0, 0.0, 0.0, 0.0, 0.0, 0.0, 0.0, 0.0, 0.0, 0.0, 0.0, 0.0, 0.0, 0.0, 0.0, 0.0, 0.0, 0.0, 0.0, 0.0, 0.9861042259011384, 0.9852017915051803, 0.9851005554773061], [0.9797321919214266, 0.0, 0.0, 0.0, 0.0, 0.0, 0.0, 0.0, 0.0, 0.0, 0.0, 0.0, 0.0, 0.0, 0.0, 0.0, 0.0, 0.0, 0.0, 0.0, 0.0, 0.0, 0.0, 0.0, 0.0, 0.0, 0.0, 0.0, 0.0, 0.0, 0.0, 0.0, 0.0, 0.0, 0.0, 0.0, 0.0], [0.987062448254082, 0.0, 0.0, 0.0, 0.0, 0.0, 0.0, 0.0, 0.0, 0.0, 0.0, 0.0, 0.0, 0.0, 0.0, 0.0, 0.0, 0.0, 0.0, 0.0, 0.0, 0.0, 0.0, 0.0, 0.0, 0.0, 0.0, 0.0, 0.0, 0.0, 0.0, 0.0, 0.0, 0.0, 0.0, 0.0, 0.0], [0.9851232912486192, 0.0, 0.0, 0.0, 0.0, 0.0, 0.0, 0.0, 0.0, 0.0, 0.0, 0.0, 0.0, 0.0, 0.0, 0.0, 0.0, 0.0, 0.0, 0.0, 0.0, 0.0, 0.0, 0.0, 0.0, 0.0, 0.0, 0.0, 0.0, 0.0, 0.0, 0.0, 0.0, 0.0, 0.0, 0.0, 0.0], [0.0, 0.9693524872715087, 0.0, 0.0, 0.0, 0.0, 0.0, 0.0, 0.0, 0.0, 0.0, 0.0, 0.0, 0.0, 0.0, 0.0, 0.0, 0.0, 0.0, 0.0, 0.0, 0.0, 0.0, 0.0, 0.0, 0.0, 0.0, 0.0, 0.0, 0.0, 0.0, 0.0, 0.0, 0.0, 0.0, 0.0, 0.0], [0.0, 0.9718020449368743, 0.0, 0.0, 0.0, 0.0, 0.0, 0.0, 0.0, 0.0, 0.0, 0.0, 0.0, 0.0, 0.0, 0.0, 0.0, 0.0, 0.0, 0.0, 0.0, 0.0, 0.0, 0.0, 0.0, 0.0, 0.0, 0.0, 0.0, 0.0, 0.0, 0.0, 0.0, 0.0, 0.0, 0.0, 0.0], [0.0, 0.0, 0.0, 0.0, 0.0, 0.0, 0.9668405641734139, 0.0, 0.0, 0.0, 0.0, 0.0, 0.0, 0.0, 0.0, 0.0, 0.0, 0.0, 0.0, 0.0, 0.0, 0.0, 0.0, 0.0, 0.0, 0.0, 0.0, 0.0, 0.0, 0.0, 0.0, 0.0, 0.0, 0.0, 0.0, 0.0, 0.0], [0.0, 0.0, 0.0, 0.0, 0.0, 0.0, 0.9669568943761082, 0.0, 0.0, 0.0, 0.0, 0.0, 0.0, 0.0, 0.0, 0.0, 0.0, 0.0, 0.0, 0.0, 0.0, 0.0, 0.0, 0.0, 0.0, 0.0, 0.0, 0.0, 0.0, 0.0, 0.0, 0.0, 0.0, 0.0, 0.0, 0.0, 0.0], [0.0, 0.0, 0.0, 0.0, 0.0, 0.0, 0.0, 0.9668149125105274, 0.0, 0.0, 0.0, 0.0, 0.0, 0.0, 0.0, 0.0, 0.0, 0.0, 0.0, 0.0, 0.0, 0.0, 0.0, 0.0, 0.0, 0.0, 0.0, 0.0, 0.0, 0.0, 0.0, 0.0, 0.0, 0.0, 0.0, 0.0, 0.0], [0.0, 0.0, 0.0, 0.0, 0.0, 0.0, 0.0, 0.0, 0.9866441708447977, 0.0, 0.0, 0.0, 0.0, 0.0, 0.0, 0.0, 0.0, 0.0, 0.0, 0.0, 0.0, 0.0, 0.0, 0.0, 0.0, 0.0, 0.0, 0.0, 0.0, 0.0, 0.0, 0.0, 0.0, 0.0, 0.0, 0.0, 0.0], [0.0, 0.0, 0.0, 0.0, 0.0, 0.0, 0.0, 0.0, 0.9856575335715259, 0.0, 0.0, 0.0, 0.0, 0.0, 0.0, 0.0, 0.0, 0.0, 0.0, 0.0, 0.0, 0.0, 0.0, 0.0, 0.0, 0.0, 0.0, 0.0, 0.0, 0.0, 0.0, 0.0, 0.0, 0.0, 0.0, 0.0, 0.0], [0.0, 0.0, 0.0, 0.0, 0.0, 0.0, 0.0, 0.0, 0.9866511456672297, 0.0, 0.0, 0.0, 0.0, 0.0, 0.0, 0.0, 0.0, 0.0, 0.0, 0.0, 0.0, 0.0, 0.0, 0.0, 0.0, 0.0, 0.0, 0.0, 0.0, 0.0, 0.0, 0.0, 0.0, 0.0, 0.0, 0.0, 0.0], [0.0, 0.0, 0.0, 0.0, 0.0, 0.0, 0.0, 0.0, 0.0, 0.985913772935715, 0.0, 0.0, 0.0, 0.0, 0.0, 0.0, 0.0, 0.0, 0.0, 0.0, 0.0, 0.0, 0.0, 0.0, 0.0, 0.0, 0.0, 0.0, 0.0, 0.0, 0.0, 0.0, 0.0, 0.0, 0.0, 0.0, 0.0], [0.0, 0.0, 0.0, 0.0, 0.0, 0.0, 0.0, 0.0, 0.0, 0.9858204197201677, 0.0, 0.0, 0.0, 0.0, 0.0, 0.0, 0.0, 0.0, 0.0, 0.0, 0.0, 0.0, 0.0, 0.0, 0.0, 0.0, 0.0, 0.0, 0.0, 0.0, 0.0, 0.0, 0.0, 0.0, 0.0, 0.0, 0.0], [0.0, 0.0, 0.0, 0.0, 0.0, 0.0, 0.0, 0.0, 0.0, 0.9859458281737095, 0.0, 0.0, 0.0, 0.0, 0.0, 0.0, 0.0, 0.0, 0.0, 0.0, 0.0, 0.0, 0.0, 0.0, 0.0, 0.0, 0.0, 0.0, 0.0, 0.0, 0.0, 0.0, 0.0, 0.0, 0.0, 0.0, 0.0], [0.0, 0.0, 0.0, 0.0, 0.0, 0.0, 0.0, 0.0, 0.0, 0.0, 0.9677600600416607, 0.0, 0.0, 0.0, 0.0, 0.0, 0.0, 0.0, 0.0, 0.0, 0.0, 0.0, 0.0, 0.0, 0.0, 0.0, 0.0, 0.0, 0.0, 0.0, 0.0, 0.0, 0.0, 0.0, 0.0, 0.0, 0.0], [0.0, 0.0, 0.0, 0.0, 0.0, 0.0, 0.0, 0.0, 0.0, 0.0, 0.9634977160493816, 0.0, 0.0, 0.0, 0.0, 0.0, 0.0, 0.0, 0.0, 0.0, 0.0, 0.0, 0.0, 0.0, 0.0, 0.0, 0.0, 0.0, 0.0, 0.0, 0.0, 0.0, 0.0, 0.0, 0.0, 0.0, 0.0], [0.0, 0.0, 0.0, 0.0, 0.0, 0.0, 0.0, 0.0, 0.0, 0.0, 0.0, 0.9657463532558677, 0.0, 0.0, 0.0, 0.0, 0.0, 0.0, 0.0, 0.0, 0.0, 0.0, 0.0, 0.0, 0.0, 0.0, 0.0, 0.0, 0.0, 0.0, 0.0, 0.0, 0.0, 0.0, 0.0, 0.0, 0.0], [0.0, 0.0, 0.0, 0.0, 0.0, 0.0, 0.0, 0.0, 0.0, 0.0, 0.0, 0.0, 0.9867513449478283, 0.0, 0.0, 0.0, 0.0, 0.0, 0.0, 0.0, 0.0, 0.0, 0.0, 0.0, 0.0, 0.0, 0.0, 0.0, 0.0, 0.0, 0.0, 0.0, 0.0, 0.0, 0.0, 0.0, 0.0], [0.0, 0.0, 0.0, 0.0, 0.0, 0.0, 0.0, 0.0, 0.0, 0.0, 0.0, 0.0, 0.9862212744696867, 0.0, 0.0, 0.0, 0.0, 0.0, 0.0, 0.0, 0.0, 0.0, 0.0, 0.0, 0.0, 0.0, 0.0, 0.0, 0.0, 0.0, 0.0, 0.0, 0.0, 0.0, 0.0, 0.0, 0.0], [0.0, 0.0, 0.0, 0.0, 0.0, 0.0, 0.0, 0.0, 0.0, 0.0, 0.0, 0.0, 0.9854395237577653, 0.0, 0.0, 0.0, 0.0, 0.0, 0.0, 0.0, 0.0, 0.0, 0.0, 0.0, 0.0, 0.0, 0.0, 0.0, 0.0, 0.0, 0.0, 0.0, 0.0, 0.0, 0.0, 0.0, 0.0], [0.0, 0.0, 0.0, 0.0, 0.0, 0.0, 0.0, 0.0, 0.0, 0.0, 0.0, 0.0, 0.0, 0.9861042259011384, 0.0, 0.0, 0.0, 0.0, 0.0, 0.0, 0.0, 0.0, 0.0, 0.0, 0.0, 0.0, 0.0, 0.0, 0.0, 0.0, 0.0, 0.0, 0.0, 0.0, 0.0, 0.0, 0.0], [0.0, 0.0, 0.0, 0.0, 0.0, 0.0, 0.0, 0.0, 0.0, 0.0, 0.0, 0.0, 0.0, 0.9852017915051803, 0.0, 0.0, 0.0, 0.0, 0.0, 0.0, 0.0, 0.0, 0.0, 0.0, 0.0, 0.0, 0.0, 0.0, 0.0, 0.0, 0.0, 0.0, 0.0, 0.0, 0.0, 0.0, 0.0], [0.0, 0.0, 0.0, 0.0, 0.0, 0.0, 0.0, 0.0, 0.0, 0.0, 0.0, 0.0, 0.0, 0.9851005554773061, 0.0, 0.0, 0.0, 0.0, 0.0, 0.0, 0.0, 0.0, 0.0, 0.0, 0.0, 0.0, 0.0, 0.0, 0.0, 0.0, 0.0, 0.0, 0.0, 0.0, 0.0, 0.0, 0.0]], "Born radii": [], "Atomic SASAs": [], "Solvent H bonds": [], "Total SASA": NaN, "Total FOD": 0.0, "FOD": [0.0, 0.0, 0.0, 0.0, 0.0, 0.0, 0.0, 0.0, 0.0, 0.0, 0.0, 0.0, 0.0, 0.0, 0.0, 0.0, 0.0, 0.0, 0.0, 0.0, 0.0, 0.0, 0.0, 0.0, 0.0, 0.0, 0.0, 0.0, 0.0, 0.0, 0.0, 0.0, 0.0, 0.0, 0.0, 0.0, 0.0], "FOD s proportion": [0.0, 0.0, 0.0, 0.0, 0.0, 0.0, 0.0, 0.0, 0.0, 0.0, 0.0, 0.0, 0.0, 0.0, 0.0, 0.0, 0.0, 0.0, 0.0, 0.0, 0.0, 0.0, 0.0, 0.0, 0.0, 0.0, 0.0, 0.0, 0.0, 0.0, 0.0, 0.0, 0.0, 0.0, 0.0, 0.0, 0.0], "FOD p proportion": [0.0, 0.0, 0.0, 0.0, 0.0, 0.0, 0.0, 0.0, 0.0, 0.0, 0.0, 0.0, 0.0, 0.0, 0.0, 0.0, 0.0, 0.0, 0.0, 0.0, 0.0, 0.0, 0.0, 0.0, 0.0, 0.0, 0.0, 0.0, 0.0, 0.0, 0.0, 0.0, 0.0, 0.0, 0.0, 0.0, 0.0], "FOD d proportion": [0.0, 0.0, 0.0, 0.0, 0.0, 0.0, 0.0, 0.0, 0.0, 0.0, 0.0, 0.0, 0.0, 0.0, 0.0, 0.0, 0.0, 0.0, 0.0, 0.0, 0.0, 0.0, 0.0, 0.0, 0.0, 0.0, 0.0, 0.0, 0.0, 0.0, 0.0, 0.0, 0.0, 0.0, 0.0, 0.0, 0.0], "coordinates": [["4.05680", "-0.83470", "-1.11720"], ["3.79580", "0.63930", "-0.85760"], ["2.06200", "1.07640", "-1.17040"], ["1.29510", "0.38930", "0.25730"], ["1.97590", "0.06380", "1.22410"], ["-0.09140", "0.23270", "0.21180"], ["-0.73510", "-0.43480", "1.34720"], ["-1.01790", "-1.92980", "1.09540"], ["-1.85930", "-2.49600", "2.24160"], ["0.26470", "-2.74880", "0.94190"], ["-0.95890", "0.62670", "-0.90860"], ["-1.29010", "2.13310", "-0.94340"], ["-2.02540", "2.46790", "-2.24330"], ["-2.13420", "2.57050", "0.25450"], ["5.11780", "-1.05610", "-0.96040"], ["3.81210", "-1.10890", "-2.14900"], ["3.48400", "-1.47870", "-0.44260"], ["4.08820", "0.91720", "0.15970"], ["4.41180", "1.23500", "-1.53940"], ["-0.11790", "-0.32300", "2.24650"], ["-1.67440", "0.09040", "1.55400"], ["-1.59730", "-2.03810", "0.17040"], ["-1.32840", "-2.42520", "3.19710"], ["-2.10000", "-3.54960", "2.06470"], ["-2.80420", "-1.95060", "2.33670"], ["0.91090", "-2.64540", "1.82000"], ["0.03300", "-3.81230", "0.81800"], ["0.83140", "-2.43610", "0.05960"], ["-1.88730", "0.04480", "-0.85610"], ["-0.47390", "0.32600", "-1.84380"], ["-0.36470", "2.71910", "-0.92380"], ["-2.97270", "1.92280", "-2.31600"], ["-1.41470", "2.20610", "-3.11390"], ["-2.24550", "3.53910", "-2.30180"], ["-3.05800", "1.98670", "0.32570"], ["-1.57940", "2.45360", "1.19060"], ["-2.40910", "3.62750", "0.17070"]], "bond_dist": [[0.0, 1.5192725759388932, 2.7630346523342775, 3.3187969416642535, 3.2587010832538783, 4.484768332924233, 5.403285387613725, 5.643352094278719, 7.002977533878001, 4.720560774950366, 5.2284271449452175, 6.117792321581372, 7.0120200235025, 7.1975988308601915, 1.0951370690466102, 1.0952967497441048, 1.094495774318019, 2.1680897536771857, 2.1419467617100105, 5.385576540167264, 6.390443872689909, 5.922409318005637, 7.081190138670194, 7.4432087072713475, 7.761957164272423, 4.669310991998712, 5.366755746258628, 3.788475334484837, 6.014484040214921, 4.733118901950383, 5.675963376379379, 7.645573748254607, 6.570432845711156, 7.762241228537026, 7.788622305003626, 6.921387734407023, 7.9610161449402925], [1.5192725759388932, 0.0, 1.8152032090099444, 2.7493640173683804, 2.8243071982346395, 4.052069071474473, 5.152076150446536, 5.795359479790705, 7.1704464812171915, 5.2140281040669505, 4.75499020503723, 5.301431777359773, 6.257021007636141, 6.334919087881075, 2.1523552216118973, 2.1735185506454737, 2.1806806827227136, 1.0943607540477684, 1.0950642583885208, 5.087092076029291, 6.003348549767871, 6.108255263984962, 7.217283282510116, 7.800460123608094, 7.776318827054354, 5.126543071115272, 6.06490245263681, 4.3688680868160805, 5.714110439079735, 4.393300060319122, 4.651850248019598, 7.041796294980422, 5.890251453036618, 6.8550608582273, 7.0845084578960025, 6.031548952798111, 6.963298366435263], [2.7630346523342775, 1.8152032090099444, 0.0, 1.760275350619897, 2.601230904783349, 2.694334442863395, 4.055342600816853, 4.863833065597544, 6.307168893410101, 4.724854878194673, 3.065388415845535, 3.522033262193871, 4.449070174766858, 4.676619426466087, 3.732233900762384, 2.9658125463353207, 3.0133557456762388, 2.4289909612841294, 2.383878142858817, 4.287830451405466, 4.7281324346934275, 4.9888206401914275, 6.544545130870441, 7.013415145989861, 6.718808067656048, 4.9111422917687895, 5.654198727494463, 3.919812828439644, 4.093892223788995, 2.728984523591147, 2.9407733234644247, 5.232303164955181, 4.1401518365876395, 5.089156462519107, 5.411225489664979, 4.553108257004219, 5.319529643680915], [3.3187969416642535, 2.7493640173683804, 1.760275350619897, 0.0, 1.226434315403805, 1.396057326903161, 2.447189175360172, 3.3809178369194357, 4.71302895598998, 3.3731399214974767, 2.5487639298295166, 3.3415233008315237, 4.647504552983246, 4.064202230450645, 4.264388554060242, 3.79080096153834, 2.9615143457359783, 2.8442242844051524, 3.695559263494499, 2.5418215771371524, 3.2540286338629536, 3.7770094161915986, 4.842167545634909, 5.505300353295904, 5.157838390256135, 3.434973801937942, 4.422750666723142, 2.870015355359619, 3.389101587441722, 2.7473603877176362, 3.094818458326756, 5.214174141702595, 4.691350308813019, 5.385729403711256, 4.637439479928552, 3.659936287696823, 4.920826804511616], [3.2587010832538783, 2.8243071982346395, 2.601230904783349, 1.226434315403805, 0.0, 2.30803115013641, 2.75921665876386, 3.5991447720257104, 4.721931948895494, 3.3043245966460377, 3.6712827104433132, 4.432472756825472, 5.814891336903898, 4.910864593938627, 3.9871984989463467, 4.015552183697779, 2.7260889108757986, 2.5145675990118055, 3.865520728181392, 2.3619725739305273, 3.6652737496672745, 4.277385362578405, 4.583257410401471, 5.5114633927841705, 5.305190112521887, 2.971377870618276, 4.354759330893041, 2.985873491961774, 4.387699543040749, 3.9347527609749506, 4.140350330587981, 6.362140439349009, 5.907949022291915, 6.506143163195842, 5.4630409279081915, 4.283972966768115, 5.74785475199226], [4.484768332924233, 4.052069071474473, 2.694334442863395, 1.396057326903161, 2.30803115013641, 0.0, 1.4659601290621789, 2.5130772889029895, 3.83293127253803, 3.0901772554337397, 1.4707441687798732, 2.5264379845941205, 3.842393921762838, 3.104861344730228, 5.49279736746223, 4.755058301430173, 4.017538360737829, 4.2356004084427035, 4.93458376866783, 2.1093858893052264, 2.080297846463338, 2.7250653955455824, 4.184091000444421, 4.666208917311782, 4.079372836601235, 3.445921087314682, 4.092062902742332, 2.8279353104340985, 2.097849763448279, 2.0929650020963084, 2.7470830366044634, 4.1890453017364235, 4.087262034663303, 4.678740506803086, 3.4482176221926597, 2.8468562046580432, 4.1107285899217425], [5.403285387613725, 5.152076150446536, 4.055342600816853, 2.447189175360172, 2.75921665876386, 1.4659601290621789, 0.0, 1.5422075346722957, 2.5124335692710367, 2.5531283026906424, 2.5030985458027817, 3.4855392366174853, 4.793978684766965, 3.4904587363267883, 6.3219830638811425, 5.775366056796746, 4.70041658366575, 5.148036823877622, 6.13280288367399, 1.0964376726471963, 1.0958493372722367, 2.1676757068343964, 2.781335481382999, 3.47559164747529, 2.7491698201457107, 2.796356236247449, 3.5039315775283053, 2.8490415405886944, 2.532214819086248, 3.2908240730856457, 3.9040648521765107, 4.897363143570221, 5.228539201344866, 5.602534281019617, 3.5075616758654435, 3.013340440441471, 4.548484312383631], [5.643352094278719, 5.795359479790705, 4.863833065597544, 3.3809178369194357, 3.5991447720257104, 2.5130772889029895, 1.5422075346722957, 0.0, 1.5304609893754235, 1.529505152001784, 3.2488750745450337, 4.5538944531027505, 5.612641020945488, 4.712317751383071, 6.529661539467417, 5.876130373808941, 4.778706814609994, 5.920574355584093, 6.814673298845662, 2.1718281354656037, 2.1731346598864967, 1.0968401205280558, 2.1815073458505707, 2.175829713006052, 2.1753450347013916, 2.181146019871205, 2.1737405134928136, 2.1792502885166725, 2.9091671952639637, 3.7447918874084314, 5.110392361648956, 5.5046725388527875, 5.914501292585876, 6.554146535591037, 4.482568276111364, 4.420242170967559, 5.802938119608031], [7.002977533878001, 7.1704464812171915, 6.307168893410101, 4.71302895598998, 4.721931948895494, 3.83293127253803, 2.5124335692710367, 1.5304609893754235, 0.0, 2.502899105037996, 4.526117043338584, 5.647723474994151, 6.691951914800345, 5.449179632752071, 7.810636364599238, 7.3052168160842434, 6.065532443240247, 7.166379706658027, 8.21845588964253, 2.7846771751856623, 2.682619378517944, 2.137331478736979, 1.0953755976832784, 1.0951269606762495, 1.095144364912681, 2.8060782170139165, 2.7092585590895526, 3.4647624016662384, 4.006518929195269, 5.154950079292718, 6.280991508512011, 6.444933728130957, 7.14064379590524, 7.56399801758303, 5.020174677239826, 5.067690319070414, 6.487538755182893], [4.720560774950366, 5.2140281040669505, 4.724854878194673, 3.3731399214974767, 3.3043245966460377, 3.0901772554337397, 2.5531283026906424, 1.529505152001784, 2.502899105037996, 0.0, 4.0392508538094045, 5.459368712589396, 6.527175188395054, 5.875558906180756, 5.480561849847148, 4.982668118588674, 3.7274504356195, 5.354488312621478, 6.263062393110898, 2.780803761504936, 3.4922531208376064, 2.1371361070367043, 2.7800380590919973, 2.73747448755235, 3.4642080610148116, 1.0951372562377744, 1.0954763119301119, 1.0942501862005782, 3.958296219334778, 4.214267372865657, 5.811618643717084, 6.551222613375307, 6.619738062038406, 7.507355069530147, 5.81764539826896, 5.525171695069756, 6.957094046367349], [5.2284271449452175, 4.75499020503723, 3.065388415845535, 2.5487639298295166, 3.6712827104433132, 1.4707441687798732, 2.5030985458027817, 3.2488750745450337, 4.526117043338584, 4.0392508538094045, 0.0, 1.5427719987088178, 2.5117451662141206, 2.5519580991858, 6.3056151143246915, 5.226216654521701, 4.938544883870146, 5.1670952720072805, 5.441723625837682, 3.400568643624181, 2.619915399397469, 2.9449880475139456, 5.129073634682973, 5.252057100793936, 4.536472139228897, 4.652746329857238, 4.865155102357991, 3.6774079417437493, 1.0969459512665152, 1.095556721489125, 2.1751879091241753, 2.7777761626884194, 2.7505646856600197, 3.4754020717033587, 2.7891427536072797, 2.8511794927713687, 3.5032512285018895], [6.117792321581372, 5.301431777359773, 3.522033262193871, 3.3415233008315237, 4.432472756825472, 2.5264379845941205, 3.4855392366174853, 4.5538944531027505, 5.647723474994151, 5.459368712589396, 1.5427719987088178, 0.0, 1.5305218521798374, 1.5293096416357281, 7.1576859423978645, 6.16412850287857, 6.007323088531197, 5.6232866999647095, 5.802884043301227, 4.193082644069873, 3.2492024467552034, 4.3282596641144355, 6.15819015864239, 6.4805619285676155, 5.452353666995567, 5.9426292842478405, 6.340418340299006, 5.136570829843584, 2.1737677014805428, 2.1777311610940413, 1.095511442204051, 2.181604824435443, 2.17529869443256, 2.175976957598586, 2.1811735786039588, 2.1772392473037963, 2.174077084649944], [7.0120200235025, 6.257021007636141, 4.449070174766858, 4.647504552983246, 5.814891336903898, 3.842393921762838, 4.793978684766965, 5.612641020945488, 6.691951914800345, 6.527175188395054, 2.5117451662141206, 1.5305218521798374, 0.0, 2.5022727748988522, 8.067819696175665, 6.846809255412335, 7.012250737815926, 6.7494580856539885, 6.591893617163434, 5.6201408434308835, 4.493906378642083, 5.129644558836412, 7.350250932451218, 7.400995568840722, 6.411401694637453, 7.160872954465817, 7.283507416760143, 6.124856786080797, 2.795497998568413, 2.674787488754948, 2.1359087480508148, 1.095352267537709, 1.0951886093271788, 1.095141862956576, 2.8102628346829057, 3.462771967658281, 2.7054193482711697], [7.1975988308601915, 6.334919087881075, 4.676619426466087, 4.064202230450645, 4.910864593938627, 3.104861344730228, 3.4904587363267883, 4.712317751383071, 5.449179632752071, 5.875558906180756, 2.5519580991858, 1.5293096416357281, 2.5022727748988522, 0.0, 8.198762929247312, 7.394138239172974, 6.960326162616232, 6.438994462647098, 6.917496184314091, 4.050416267496466, 2.8374305806486264, 4.6405310450421515, 5.853650731808312, 6.382289376861566, 5.022429894981113, 6.239313830061763, 6.764201647644753, 5.822268709875902, 2.7701177700596054, 3.492454613878325, 2.1311037281183665, 2.780299946048987, 3.4636088361707364, 2.735917275796182, 1.0951247965414719, 1.0944185031330567, 1.0953727447768637], [1.0951370690466102, 2.1523552216118973, 3.732233900762384, 4.264388554060242, 3.9871984989463467, 5.49279736746223, 6.3219830638811425, 6.529661539467417, 7.810636364599238, 5.480561849847148, 6.3056151143246915, 7.1576859423978645, 8.067819696175665, 8.198762929247312, 0.0, 1.7664683099336937, 1.7652223769259214, 2.491708863410812, 2.4663365970605065, 6.183380767023813, 7.3328473630643645, 6.880087255987382, 7.791837748567406, 8.213732957675214, 8.627229141503083, 5.287202120214434, 6.050994632289801, 4.617144676095823, 7.091846396390717, 5.827323987903881, 6.656671904938683, 8.727410086617908, 7.6126912021965, 8.782562489957018, 8.81795841961165, 7.8611247878404775, 8.936986056831463], [1.0952967497441048, 2.1735185506454737, 2.9658125463353207, 3.79080096153834, 4.015552183697779, 4.755058301430173, 5.775366056796746, 5.876130373808941, 7.3052168160842434, 4.982668118588674, 5.226216654521701, 6.16412850287857, 6.846809255412335, 7.394138239172974, 1.7664683099336937, 0.0, 1.7765704629988646, 3.0840570860475327, 2.4950189297879084, 5.948357677544282, 6.726976418867544, 5.95857678980476, 7.532474437394394, 7.659321810056031, 8.03774776103356, 5.150801363865627, 5.512989875738935, 3.9400439451863987, 5.956993743491762, 4.530108282370302, 5.796581516721731, 7.433209598148031, 6.2641595805024, 7.636869096691392, 7.931276912326287, 7.274105213701545, 8.155845908917112], [1.094495774318019, 2.1806806827227136, 3.0133557456762388, 2.9615143457359783, 2.7260889108757986, 4.017538360737829, 4.70041658366575, 4.778706814609994, 6.065532443240247, 3.7274504356195, 4.938544883870146, 6.007323088531197, 7.012250737815926, 6.960326162616232, 1.7652223769259214, 1.7765704629988646, 0.0, 2.543257702239394, 3.0704968278765574, 4.641183567798197, 5.749571891019365, 5.148621859293999, 6.10757497702648, 6.461906537547568, 6.891201443870292, 3.6195844043204737, 4.352493804705528, 2.864455683022518, 5.598472844446063, 4.570041131105933, 5.715380124716115, 7.534507595058884, 6.68661771151903, 7.839777530644603, 7.442919188732335, 6.615764890774157, 7.821639402324809], [2.1680897536771857, 1.0943607540477684, 2.4289909612841294, 2.8442242844051524, 2.5145675990118055, 4.2356004084427035, 5.148036823877622, 5.920574355584093, 7.166379706658027, 5.354488312621478, 5.1670952720072805, 5.6232866999647095, 6.7494580856539885, 6.438994462647098, 2.491708863410812, 3.0840570860475327, 2.543257702239394, 0.0, 1.7585944984560826, 4.856347134421096, 5.986253376695644, 6.407715882434239, 7.052445822549791, 7.8660756721506315, 7.776167667945439, 5.05410230802662, 6.264676861578735, 4.675616231043776, 6.123686116221176, 5.017597642298552, 4.924340998549958, 7.5496112919805345, 6.5314338839185995, 7.283481142283543, 7.227694009156724, 5.961960208689756, 7.039939941505183], [2.1419467617100105, 1.0950642583885208, 2.383878142858817, 3.695559263494499, 3.865520728181392, 4.93458376866783, 6.13280288367399, 6.814673298845662, 8.21845588964253, 6.263062393110898, 5.441723625837682, 5.802884043301227, 6.591893617163434, 6.917496184314091, 2.4663365970605065, 2.4950189297879084, 3.0704968278765574, 1.7585944984560826, 0.0, 6.1056191250355605, 6.922504110507989, 7.053076099121574, 8.293454788566704, 8.847907843665643, 8.788791416912794, 6.21283939354624, 7.085651804174405, 5.371502617517747, 6.44687022825805, 4.978855777184151, 5.039490888968846, 7.457011241107258, 6.113116039304342, 7.085885538166702, 7.735732863795129, 6.695697379661061, 7.427864771924702], [5.385576540167264, 5.087092076029291, 4.287830451405466, 2.5418215771371524, 2.3619725739305273, 2.1093858893052264, 1.0964376726471963, 2.1718281354656037, 2.7846771751856623, 2.780803761504936, 3.400568643624181, 4.193082644069873, 5.6201408434308835, 4.050416267496466, 6.183380767023813, 5.948357677544282, 4.641183567798197, 4.856347134421096, 6.1056191250355605, 0.0, 1.7530396629854104, 3.07252072084144, 2.605416559784634, 3.7911369284160656, 3.142200739927352, 2.575630689753482, 3.773406623993762, 3.185732837197746, 3.5905681945898205, 4.156740440537513, 4.400691393406268, 5.831801345210586, 6.0672831819522, 6.33478737291158, 4.20337658793499, 3.310651691132729, 5.0164721996638235], [6.390443872689909, 6.003348549767871, 4.7281324346934275, 3.2540286338629536, 3.6652737496672745, 2.080297846463338, 1.0958493372722367, 2.1731346598864967, 2.682619378517944, 3.4922531208376064, 2.619915399397469, 3.2492024467552034, 4.493906378642083, 2.8374305806486264, 7.3328473630643645, 6.726976418867544, 5.749571891019365, 5.986253376695644, 6.922504110507989, 1.7530396629854104, 0.0, 2.5398436211704056, 3.0245226019985365, 3.7002094332618523, 2.460639821266005, 3.7734776705315216, 4.322959408784682, 3.8594646325623976, 2.419914829079734, 3.611336656973426, 3.8425083760481256, 4.474390757410443, 5.131561262422968, 5.204505792099765, 2.649343982951251, 2.3928641415675904, 3.8683820119011], [5.922409318005637, 6.108255263984962, 4.9888206401914275, 3.7770094161915986, 4.277385362578405, 2.7250653955455824, 2.1676757068343964, 1.0968401205280558, 2.137331478736979, 2.1371361070367043, 2.9449880475139456, 4.3282596641144355, 5.129644558836412, 4.6405310450421515, 6.880087255987382, 5.95857678980476, 5.148621859293999, 6.407715882434239, 7.053076099121574, 3.07252072084144, 2.5398436211704056, 0.0, 3.063179150817007, 2.475017581755734, 2.4813543781572194, 3.0628517251084815, 2.495004907810804, 2.463587694806093, 2.3401441536794265, 3.302725845419205, 5.034632880359799, 4.874693726789407, 5.369655751535661, 6.134907979749981, 4.284481021080616, 4.606136921542824, 5.723464221081494], [7.081190138670194, 7.217283282510116, 6.544545130870441, 4.842167545634909, 4.583257410401471, 4.184091000444421, 2.781335481382999, 2.1815073458505707, 1.0953755976832784, 2.7800380590919973, 5.129073634682973, 6.15819015864239, 7.350250932451218, 5.853650731808312, 7.791837748567406, 7.532474437394394, 6.10757497702648, 7.052445822549791, 8.293454788566704, 2.605416559784634, 3.0245226019985365, 3.063179150817007, 0.0, 1.7725607690570158, 1.772997168638461, 2.6380593132073433, 3.07206334244592, 3.8090367680031654, 4.779299054254714, 5.806026567283343, 6.661408033591696, 7.211317362313213, 7.828480592043388, 8.164058311281222, 5.540876801554064, 5.281262414423279, 6.852896230062147], [7.4432087072713475, 7.800460123608094, 7.013415145989861, 5.505300353295904, 5.5114633927841705, 4.666208917311782, 3.47559164747529, 2.175829713006052, 1.0951269606762495, 2.73747448755235, 5.252057100793936, 6.4805619285676155, 7.400995568840722, 6.382289376861566, 8.213732957675214, 7.659321810056031, 6.461906537547568, 7.8660756721506315, 8.847907843665643, 3.7911369284160656, 3.7002094332618523, 2.475017581755734, 1.7725607690570158, 0.0, 1.768242811380835, 3.153248252199627, 2.4845444612644787, 3.7220174932420726, 4.63638062393501, 5.7394118879899185, 7.158142079478446, 7.0639436251997365, 7.772748326042726, 8.326893790003568, 5.881539142945492, 6.08879999753646, 7.429235709008026], [7.761957164272423, 7.776318827054354, 6.718808067656048, 5.157838390256135, 5.305190112521887, 4.079372836601235, 2.7491698201457107, 2.1753450347013916, 1.095144364912681, 3.4642080610148116, 4.536472139228897, 5.452353666995567, 6.411401694637453, 5.022429894981113, 8.627229141503083, 8.03774776103356, 6.891201443870292, 7.776167667945439, 8.788791416912794, 3.142200739927352, 2.460639821266005, 2.4813543781572194, 1.772997168638461, 1.768242811380835, 0.0, 3.8146682608059117, 3.7178058609884403, 4.317230827741319, 3.8750869164445847, 5.299979801848305, 6.195814602616834, 6.056338588619364, 6.994133648994706, 7.208649945031317, 4.428415826229511, 4.712818465631792, 5.996904169652872], [4.669310991998712, 5.126543071115272, 4.9111422917687895, 3.434973801937942, 2.971377870618276, 3.445921087314682, 2.796356236247449, 2.181146019871205, 2.8060782170139165, 1.0951372562377744, 4.652746329857238, 5.9426292842478405, 7.160872954465817, 6.239313830061763, 5.287202120214434, 5.150801363865627, 3.6195844043204737, 5.05410230802662, 6.21283939354624, 2.575630689753482, 3.7734776705315216, 3.0628517251084815, 2.6380593132073433, 3.153248252199627, 3.8146682608059117, 0.0, 1.770979395701712, 1.774580203879216, 4.714722737340978, 4.916331909055775, 6.159014048530819, 7.284043945501702, 7.2999203297022355, 8.074660144550977, 6.280242838457761, 5.709425492113896, 7.286416464902346], [5.366755746258628, 6.06490245263681, 5.654198727494463, 4.422750666723142, 4.354759330893041, 4.092062902742332, 3.5039315775283053, 2.1737405134928136, 2.7092585590895526, 1.0954763119301119, 4.865155102357991, 6.340418340299006, 7.283507416760143, 6.764201647644753, 6.050994632289801, 5.512989875738935, 4.352493804705528, 6.264676861578735, 7.085651804174405, 3.773406623993762, 4.322959408784682, 2.495004907810804, 3.07206334244592, 2.4845444612644787, 3.7178058609884403, 1.770979395701712, 0.0, 1.7625378180339848, 4.622486701981954, 4.946478923436347, 6.771352781387187, 7.193577725999768, 7.333267447734332, 8.30468519872969, 6.589767923834647, 6.480753608184777, 7.857065211642322], [3.788475334484837, 4.3688680868160805, 3.919812828439644, 2.870015355359619, 2.985873491961774, 2.8279353104340985, 2.8490415405886944, 2.1792502885166725, 3.4647624016662384, 1.0942501862005782, 3.6774079417437493,