{"total energy": -56.30990599, "HOMO-LUMO gap/eV": 3.04852273, "electronic energy": -56.90619794, "dipole": [-2.46445552, -1.66018901, -1.40784569], "partial charges": [-0.10839489, -0.07188779, 0.11800286, -0.19489841, 0.27469452, -0.42098346, -0.03108195, -0.01643143, -0.1070951, 0.09949786, -0.11954616, -0.06713615, 0.080927, -0.19422729, 1.13467023, -0.45495705, -0.57540285, -0.57128914, 0.05172855, 0.04259476, 0.04308992, 0.04867388, 0.06212086, 0.01793589, 0.19551614, 0.10985084, 0.07166104, 0.17314798, 0.20542817, 0.20379117], "atomic dipole moments": [[0.09806895, -0.03606483, -0.06825603], [0.05922311, 0.05052983, 0.12152621], [0.09262892, 0.07223568, -0.08982967], [0.00992194, -0.09941147, 0.08233079], [-0.05152786, -0.00548603, -0.02013615], [-0.03306838, -0.1857344, -0.07903179], [-0.0092611, 0.01544541, -0.00175209], [0.03738857, -0.04498902, -0.01117835], [0.13993386, 0.01265302, 0.03504483], [0.19640301, -0.11200581, -0.03078148], [0.10739671, 0.1038625, 0.13135088], [0.03063433, 0.05235367, 0.01925396], [-0.11978412, -0.02264933, -0.01017051], [-0.00634014, -0.00113265, 0.18466448], [-0.05153601, -0.02425606, -0.09390582], [0.06707774, 0.02722215, 0.17805482], [0.00985214, -0.18155338, -0.05996704], [-0.06838867, 0.1520966, -0.09068106], [-0.11075793, -0.03067959, -0.05525288], [-0.00240087, 0.12569432, 0.01535017], [-0.00026207, -0.05467696, 0.11529438], [-0.02259414, -0.12105852, -0.0226467], [-0.01330073, 0.05437457, -0.11715899], [0.00950049, -0.03599327, 0.10954659], [-0.08363, 0.0939, 0.04958211], [0.03067359, 0.14432858, 0.06900295], [-0.02982214, -0.13077919, -0.07415998], [-0.01674705, -0.13127013, 0.00534155], [0.03470365, 0.11487853, 0.00280686], [0.07896603, -0.08662008, 0.01501622]], "atomic quadrupole moments": [[0.09324058, -0.08968279, -0.09058631, -0.16245224, 0.07416071, -0.00265427], [0.25152688, -0.02912145, -0.18427543, 0.00448741, 0.10550606, -0.06725145], [0.10815533, -0.02335054, 0.14091316, -0.06549003, 0.16205137, -0.24906849], [-0.03932903, 0.08838937, 0.08698616, 0.03020681, -0.00893581, -0.04765712], [-0.21906305, 0.06846204, -0.15330056, -0.08153481, -0.24404274, 0.37236361], [-0.1203118, 0.02996924, -0.03478932, -0.02132524, -0.08248338, 0.15510112], [-0.18322175, -0.06758822, -0.04540797, -0.10342994, -0.15323995, 0.22862972], [-0.21709083, 0.00521949, -0.18635728, -0.09627212, -0.35462448, 0.40344811], [0.11743944, 0.17362966, -0.26991214, 0.08129611, -0.23323951, 0.1524727], [-0.1502119, -0.22974945, -0.04494886, -0.17232289, -0.2092319, 0.19516076], [0.0730591, -0.31309076, 0.0783465, -0.1243313, 0.1090655, -0.1514056], [-0.17767737, 0.01002722, -0.09639984, -0.06105056, -0.27578683, 0.27407721], [-0.09566621, 0.08160645, -0.17700527, -0.03473296, -0.26444027, 0.27267148], [0.09636033, -0.04849007, -0.07943946, -0.05620515, 0.05789952, -0.01692088], [0.19027173, 0.08405294, -0.30075269, -0.16324452, 0.05774247, 0.11048096], [-0.02148968, 0.01021284, -0.12461427, -0.1716878, -0.01609329, 0.14610395], [-0.0799494, -0.00021854, 0.13760563, -0.01143483, 0.08564175, -0.05765623], [-0.03887598, -0.07769345, 0.05994377, 0.04634756, -0.10479449, -0.02106779], [0.04660937, 0.02144749, -0.03779118, 0.04387524, 0.02650116, -0.00881819], [-0.03742022, 0.01539066, 0.07601864, -0.01185156, 0.00931118, -0.03859842], [-0.03732534, -0.01790576, -0.01506123, 0.00579948, -0.04847518, 0.05238657], [-0.01386527, 0.00195604, 0.05937391, -0.00853955, 0.00710655, -0.04550864], [-0.01927042, -0.00403296, -0.00659896, -0.01025133, -0.04402967, 0.02586938], [-0.01156571, 0.00202893, 0.01219314, -0.00559833, -0.00355147, -0.00062744], [0.04385238, -0.01753722, 0.00946212, -0.00283824, 0.01550995, -0.0533145], [0.04455349, -0.00567576, -0.00328565, 0.01021794, 0.02296701, -0.04126784], [0.02646258, -0.00412759, 0.01628553, 0.00712686, 0.03555044, -0.04274811], [0.01033362, 0.01224845, 0.03987922, -0.0019094, 0.0368809, -0.05021284], [-0.02947509, 0.04754987, 0.06489218, -0.04484561, -0.04905699, -0.0354171], [0.02879949, -0.07617695, 0.01609736, -0.05284793, 0.01999186, -0.04489685]], "number of molecular orbitals": 94, "number of electrons": 98, "number of unpaired electrons": 0, "orbital energies/eV": [-28.99419265, -21.14090985, -19.31552504, -19.21587823, -18.88339055, -18.44848137, -18.22992806, -18.18169922, -17.95864517, -17.71523913, -17.45356068, -17.23593049, -17.11252836, -16.81397472, -16.66630029, -16.40299442, -16.11972292, -15.94870793, -15.83091471, -15.33750612, -15.04994015, -14.9970344, -14.87187663, -14.71031834, -14.69070426, -14.46065774, -14.32984121, -14.29949159, -14.20251571, -14.07341409, -13.86269575, -13.77881467, -13.62732838, -13.40248339, -13.19364879, -12.9607081, -12.76975458, -12.67183491, -12.60324878, -12.43480111, -12.29737059, -11.99654573, -11.88361612, -11.65914019, -11.53759083, -11.43497798, -11.39485782, -11.08160886, -10.89497876, -7.84645603, -7.26594875, -5.80672458, -4.44852046, -3.58929204, -3.19992158, -2.33495152, -1.63756814, -0.90616775, -0.70592634, -0.19972019, 0.07008305, 0.12724198, 0.13329206, 0.47194706, 1.12236636, 1.58461633, 1.85044333, 2.35399325, 2.76873752, 2.89939566, 3.01091924, 3.43182493, 3.60082447, 3.82483222, 4.23403542, 4.3893211, 4.57457938, 4.81963056, 5.44975175, 5.6539675, 6.36381426, 6.56791721, 6.6429364, 7.19325126, 9.06717964, 9.41718583, 10.33674767, 11.11881994, 14.20588707, 14.80274205, 15.94783587, 17.69956302, 26.74421425, 31.5615948], "fractional occupation": [2.0, 2.0, 2.0, 2.0, 2.0, 2.0, 2.0, 2.0, 2.0, 2.0, 2.0, 2.0, 2.0, 2.0, 2.0, 2.0, 2.0, 2.0, 2.0, 2.0, 2.0, 2.0, 2.0, 2.0, 2.0, 2.0, 2.0, 2.0, 2.0, 2.0, 2.0, 2.0, 2.0, 2.0, 2.0, 2.0, 2.0, 2.0, 2.0, 2.0, 2.0, 2.0, 2.0, 2.0, 2.0, 2.0, 2.0, 2.0, 2.0, 0.0, 0.0, 0.0, 0.0, 0.0, 0.0, 0.0, 0.0, 0.0, 0.0, 0.0, 0.0, 0.0, 0.0, 0.0, 0.0, 0.0, 0.0, 0.0, 0.0, 0.0, 0.0, 0.0, 0.0, 0.0, 0.0, 0.0, 0.0, 0.0, 0.0, 0.0, 0.0, 0.0, 0.0, 0.0, 0.0, 0.0, 0.0, 0.0, 0.0, 0.0, 0.0, 0.0, 0.0, 0.0], "program call": "xtb /home/svss/Project-DBcg-Debug/aqme2_20220329/End-to-End-workflows-final/example-3/QDESCP/mol_731_rdkit_conf_6/mol_731_rdkit_conf_6.xyz --pop --wbo --acc 0.2 --gfn 2 --chrg 0 --uhf 0 --etemp 300 --input /home/svss/Project-DBcg-Debug/aqme2_20220329/End-to-End-workflows-final/example-3/QDESCP/mol_731_rdkit_conf_6/mol_731_rdkit_conf_6_xtb.inp", "method": "GFN2-xTB", "xtb version": "6.3.3 (7355c4f)", "Dipole module/D": 8.358, "Total charge": 0, "Transition dipole module/D": NaN, "HOMO": -10.895, "LUMO": -7.8465, "HOMO occupancy": 2.0, "LUMO occupancy": 0, "mulliken charges": [-0.08664, -0.05957, 0.24249, -0.36602, 0.47636, -0.54647, -0.07458, 0.01575, 0.02892, 0.12106, -0.05737, -0.0953, 0.1593, -0.36557, 0.52417, -0.39676, -0.40578, -0.4023, 0.04226, 0.03488, 0.03327, 0.03357, 0.04441, 0.02575, 0.24287, 0.09317, 0.04755, 0.21829, 0.23899, 0.2333], "cm5 charges": [-0.23583, -0.15886, 0.2949, -0.71573, 0.57617, -0.58928, -0.06669, -0.02917, 0.04274, 0.11938, -0.05642, -0.1395, 0.21628, -0.70614, 0.63869, -0.82357, -0.45664, -0.44981, 0.09311, 0.08814, 0.08506, 0.09151, 0.10362, 0.1049, 0.44259, 0.15793, 0.10734, 0.41122, 0.42995, 0.42409], "FUKUI+": [0.011, 0.007, 0.012, -0.043, -0.04, -0.117, -0.052, -0.026, -0.02, -0.063, -0.133, -0.022, -0.036, -0.033, -0.041, 0.002, -0.028, -0.026, -0.024, -0.007, -0.012, -0.022, -0.016, -0.03, -0.044, -0.052, -0.061, -0.038, -0.025, -0.019], "FUKUI-": [0.013, 0.004, 0.014, -0.053, -0.005, -0.096, -0.029, -0.01, -0.024, -0.009, -0.11, -0.016, -0.01, -0.069, -0.06, -0.032, -0.046, -0.051, -0.032, -0.014, -0.016, -0.028, -0.025, -0.075, -0.04, -0.033, -0.038, -0.042, -0.037, -0.033], "FUKUIrad": [0.012, 0.005, 0.013, -0.048, -0.023, -0.106, -0.041, -0.018, -0.022, -0.036, -0.121, -0.019, -0.023, -0.051, -0.05, -0.015, -0.037, -0.038, -0.028, -0.01, -0.014, -0.025, -0.02, -0.052, -0.042, -0.042, -0.05, -0.04, -0.031, -0.026], "s proportion": [1.009, 1.037, 1.01, 1.43, 0.989, 1.727, 1.08, 1.075, 1.073, 1.086, 1.945, 1.06, 1.053, 1.453, 1.704, 1.463, 1.721, 1.722, 0.958, 0.965, 0.967, 0.966, 0.956, 0.974, 0.757, 0.907, 0.952, 0.782, 0.761, 0.767], "p proportion": [3.077, 3.023, 2.747, 3.936, 2.535, 4.819, 2.995, 2.909, 2.898, 2.793, 5.124, 3.035, 2.788, 3.912, 2.806, 3.934, 4.684, 4.68, 0.0, 0.0, 0.0, 0.0, 0.0, 0.0, 0.0, 0.0, 0.0, 0.0, 0.0, 0.0], "d proportion": [0.0, 0.0, 0.0, 0.0, 0.0, 0.0, 0.0, 0.0, 0.0, 0.0, -0.011, 0.0, 0.0, 0.0, 0.966, 0.0, 0.0, 0.0, 0.0, 0.0, 0.0, 0.0, 0.0, 0.0, 0.0, 0.0, 0.0, 0.0, 0.0, 0.0], "Fermi-level/eV": -9.3707, "Coordination numbers": [3.749, 3.803, 3.739, 2.693, 2.764, 0.859, 2.977, 2.961, 2.978, 2.905, 0.967, 2.968, 2.91, 2.693, 3.701, 2.632, 0.86, 0.86, 0.924, 0.924, 0.924, 0.924, 0.924, 0.923, 0.86, 0.925, 0.925, 0.86, 0.863, 0.863], "Dispersion coefficient C6": [22.638, 21.873, 18.727, 25.23, 22.356, 22.104, 28.77, 28.418, 30.7, 25.795, 102.884, 29.668, 26.195, 25.215, 102.873, 31.951, 25.521, 25.422, 2.299, 2.415, 2.408, 2.337, 2.174, 2.765, 1.129, 1.698, 2.067, 1.254, 1.078, 1.086], "Total dispersion C6": 13719.455905, "Total dispersion C8": 363218.057272, "Polarizability alpha": [6.786, 6.658, 6.175, 7.46, 7.743, 6.303, 8.798, 8.744, 9.089, 8.328, 15.518, 8.934, 8.392, 7.458, 17.071, 8.395, 6.773, 6.76, 2.371, 2.43, 2.427, 2.391, 2.306, 2.6, 1.665, 2.038, 2.248, 1.754, 1.627, 1.633], "Total polarizability alpha": 180.874815, "Wiberg matrix": [[0.0, 1.0196743709978662, 0.0, 0.0, 0.0, 0.0, 0.0, 0.0, 0.0, 0.0, 0.0, 0.0, 0.0, 0.0, 0.0, 0.0, 0.0, 0.0, 0.9850693066011403, 0.9839567217163961, 0.9864266114736598, 0.0, 0.0, 0.0, 0.0, 0.0, 0.0, 0.0, 0.0, 0.0], [1.0196743709978662, 0.0, 0.9876332223800477, 0.0, 0.0, 0.0, 0.0, 0.0, 0.0, 0.0, 0.0, 0.0, 0.0, 0.0, 0.0, 0.0, 0.0, 0.0, 0.0, 0.0, 0.0, 0.9731834835078427, 0.9740520360134575, 0.0, 0.0, 0.0, 0.0, 0.0, 0.0, 0.0], [0.0, 0.9876332223800477, 0.0, 0.9928800990622447, 0.0, 0.0, 0.0, 0.0, 0.0, 0.0, 0.0, 0.0, 0.0, 0.9820976127949441, 0.0, 0.0, 0.0, 0.0, 0.0, 0.0, 0.0, 0.0, 0.0, 0.9487231164449241, 0.0, 0.0, 0.0, 0.0, 0.0, 0.0], [0.0, 0.0, 0.9928800990622447, 0.0, 1.1949380453364744, 0.18205787037555005, 0.0, 0.0, 0.0, 0.0, 0.0, 0.0, 0.0, 0.0, 0.0, 0.0, 0.0, 0.0, 0.0, 0.0, 0.0, 0.0, 0.0, 0.0, 0.9254340326423992, 0.0, 0.0, 0.0, 0.0, 0.0], [0.0, 0.0, 0.0, 1.1949380453364744, 0.0, 1.6817844552522538, 1.0156571452607035, 0.0, 0.0, 0.0, 0.0, 0.0, 0.0, 0.0, 0.0, 0.0, 0.0, 0.0, 0.0, 0.0, 0.0, 0.0, 0.0, 0.0, 0.0, 0.0, 0.0, 0.0, 0.0, 0.0], [0.0, 0.0, 0.0, 0.18205787037555005, 1.6817844552522538, 0.0, 0.0, 0.0, 0.0, 0.0, 0.0, 0.0, 0.0, 0.0, 0.0, 0.0, 0.0, 0.0, 0.0, 0.0, 0.0, 0.0, 0.0, 0.0, 0.0, 0.0, 0.0, 0.0, 0.0, 0.0], [0.0, 0.0, 0.0, 0.0, 1.0156571452607035, 0.0, 0.0, 1.4083537596918507, 0.0, 0.0, 0.0, 0.0, 1.2999640525584901, 0.0, 0.0, 0.0, 0.0, 0.0, 0.0, 0.0, 0.0, 0.0, 0.0, 0.0, 0.0, 0.0, 0.0, 0.0, 0.0, 0.0], [0.0, 0.0, 0.0, 0.0, 0.0, 0.0, 1.4083537596918507, 0.0, 1.4094245547835498, 0.0, 0.0, 0.0, 0.0, 0.0, 0.0, 0.0, 0.0, 0.0, 0.0, 0.0, 0.0, 0.0, 0.0, 0.0, 0.0, 0.9528041185401616, 0.0, 0.0, 0.0, 0.0], [0.0, 0.0, 0.0, 0.0, 0.0, 0.0, 0.0, 1.4094245547835498, 0.0, 1.3667900127600217, 0.0, 0.0, 0.0, 0.0, 0.7685940973616875, 0.0, 0.0, 0.0, 0.0, 0.0, 0.0, 0.0, 0.0, 0.0, 0.0, 0.0, 0.0, 0.0, 0.0, 0.0], [0.0, 0.0, 0.0, 0.0, 0.0, 0.0, 0.0, 0.0, 1.3667900127600217, 0.0, 1.0083466364755258, 1.4072496301889033, 0.0, 0.0, 0.0, 0.0, 0.0, 0.0, 0.0, 0.0, 0.0, 0.0, 0.0, 0.0, 0.0, 0.0, 0.0, 0.0, 0.0, 0.0], [0.0, 0.0, 0.0, 0.0, 0.0, 0.0, 0.0, 0.0, 0.0, 1.0083466364755258, 0.0, 0.0, 0.0, 0.0, 0.0, 0.0, 0.0, 0.0, 0.0, 0.0, 0.0, 0.0, 0.0, 0.0, 0.0, 0.0, 0.0, 0.0, 0.0, 0.0], [0.0, 0.0, 0.0, 0.0, 0.0, 0.0, 0.0, 0.0, 0.0, 1.4072496301889033, 0.0, 0.0, 1.3598321922827936, 0.0, 0.0, 0.0, 0.0, 0.0, 0.0, 0.0, 0.0, 0.0, 0.0, 0.0, 0.0, 0.0, 0.962466671485247, 0.0, 0.0, 0.0], [0.0, 0.0, 0.0, 0.0, 0.0, 0.0, 1.2999640525584901, 0.0, 0.0, 0.0, 0.0, 1.3598321922827936, 0.0, 1.1474181978151248, 0.0, 0.0, 0.0, 0.0, 0.0, 0.0, 0.0, 0.0, 0.0, 0.0, 0.0, 0.0, 0.0, 0.0, 0.0, 0.0], [0.0, 0.0, 0.9820976127949441, 0.0, 0.0, 0.0, 0.0, 0.0, 0.0, 0.0, 0.0, 0.0, 1.1474181978151248, 0.0, 0.0, 0.0, 0.0, 0.0, 0.0, 0.0, 0.0, 0.0, 0.0, 0.0, 0.0, 0.0, 0.0, 0.9379453827206314, 0.0, 0.0], [0.0, 0.0, 0.0, 0.0, 0.0, 0.0, 0.0, 0.0, 0.7685940973616875, 0.0, 0.0, 0.0, 0.0, 0.0, 0.0, 0.9470702206225724, 1.6070343914839678, 1.6065369287084594, 0.0, 0.0, 0.0, 0.0, 0.0, 0.0, 0.0, 0.0, 0.0, 0.0, 0.0, 0.0], [0.0, 0.0, 0.0, 0.0, 0.0, 0.0, 0.0, 0.0, 0.0, 0.0, 0.0, 0.0, 0.0, 0.0, 0.9470702206225724, 0.0, 0.0, 0.0, 0.0, 0.0, 0.0, 0.0, 0.0, 0.0, 0.0, 0.0, 0.0, 0.0, 0.9398860394928646, 0.9403250141867728], [0.0, 0.0, 0.0, 0.0, 0.0, 0.0, 0.0, 0.0, 0.0, 0.0, 0.0, 0.0, 0.0, 0.0, 1.6070343914839678, 0.0, 0.0, 0.11448902260911087, 0.0, 0.0, 0.0, 0.0, 0.0, 0.0, 0.0, 0.0, 0.0, 0.0, 0.0, 0.0], [0.0, 0.0, 0.0, 0.0, 0.0, 0.0, 0.0, 0.0, 0.0, 0.0, 0.0, 0.0, 0.0, 0.0, 1.6065369287084594, 0.0, 0.11448902260911087, 0.0, 0.0, 0.0, 0.0, 0.0, 0.0, 0.0, 0.0, 0.0, 0.0, 0.0, 0.0, 0.0], [0.9850693066011403, 0.0, 0.0, 0.0, 0.0, 0.0, 0.0, 0.0, 0.0, 0.0, 0.0, 0.0, 0.0, 0.0, 0.0, 0.0, 0.0, 0.0, 0.0, 0.0, 0.0, 0.0, 0.0, 0.0, 0.0, 0.0, 0.0, 0.0, 0.0, 0.0], [0.9839567217163961, 0.0, 0.0, 0.0, 0.0, 0.0, 0.0, 0.0, 0.0, 0.0, 0.0, 0.0, 0.0, 0.0, 0.0, 0.0, 0.0, 0.0, 0.0, 0.0, 0.0, 0.0, 0.0, 0.0, 0.0, 0.0, 0.0, 0.0, 0.0, 0.0], [0.9864266114736598, 0.0, 0.0, 0.0, 0.0, 0.0, 0.0, 0.0, 0.0, 0.0, 0.0, 0.0, 0.0, 0.0, 0.0, 0.0, 0.0, 0.0, 0.0, 0.0, 0.0, 0.0, 0.0, 0.0, 0.0, 0.0, 0.0, 0.0, 0.0, 0.0], [0.0, 0.9731834835078427, 0.0, 0.0, 0.0, 0.0, 0.0, 0.0, 0.0, 0.0, 0.0, 0.0, 0.0, 0.0, 0.0, 0.0, 0.0, 0.0, 0.0, 0.0, 0.0, 0.0, 0.0, 0.0, 0.0, 0.0, 0.0, 0.0, 0.0, 0.0], [0.0, 0.9740520360134575, 0.0, 0.0, 0.0, 0.0, 0.0, 0.0, 0.0, 0.0, 0.0, 0.0, 0.0, 0.0, 0.0, 0.0, 0.0, 0.0, 0.0, 0.0, 0.0, 0.0, 0.0, 0.0, 0.0, 0.0, 0.0, 0.0, 0.0, 0.0], [0.0, 0.0, 0.9487231164449241, 0.0, 0.0, 0.0, 0.0, 0.0, 0.0, 0.0, 0.0, 0.0, 0.0, 0.0, 0.0, 0.0, 0.0, 0.0, 0.0, 0.0, 0.0, 0.0, 0.0, 0.0, 0.0, 0.0, 0.0, 0.0, 0.0, 0.0], [0.0, 0.0, 0.0, 0.9254340326423992, 0.0, 0.0, 0.0, 0.0, 0.0, 0.0, 0.0, 0.0, 0.0, 0.0, 0.0, 0.0, 0.0, 0.0, 0.0, 0.0, 0.0, 0.0, 0.0, 0.0, 0.0, 0.0, 0.0, 0.0, 0.0, 0.0], [0.0, 0.0, 0.0, 0.0, 0.0, 0.0, 0.0, 0.9528041185401616, 0.0, 0.0, 0.0, 0.0, 0.0, 0.0, 0.0, 0.0, 0.0, 0.0, 0.0, 0.0, 0.0, 0.0, 0.0, 0.0, 0.0, 0.0, 0.0, 0.0, 0.0, 0.0], [0.0, 0.0, 0.0, 0.0, 0.0, 0.0, 0.0, 0.0, 0.0, 0.0, 0.0, 0.962466671485247, 0.0, 0.0, 0.0, 0.0, 0.0, 0.0, 0.0, 0.0, 0.0, 0.0, 0.0, 0.0, 0.0, 0.0, 0.0, 0.0, 0.0, 0.0], [0.0, 0.0, 0.0, 0.0, 0.0, 0.0, 0.0, 0.0, 0.0, 0.0, 0.0, 0.0, 0.0, 0.9379453827206314, 0.0, 0.0, 0.0, 0.0, 0.0, 0.0, 0.0, 0.0, 0.0, 0.0, 0.0, 0.0, 0.0, 0.0, 0.0, 0.0], [0.0, 0.0, 0.0, 0.0, 0.0, 0.0, 0.0, 0.0, 0.0, 0.0, 0.0, 0.0, 0.0, 0.0, 0.0, 0.9398860394928646, 0.0, 0.0, 0.0, 0.0, 0.0, 0.0, 0.0, 0.0, 0.0, 0.0, 0.0, 0.0, 0.0, 0.0], [0.0, 0.0, 0.0, 0.0, 0.0, 0.0, 0.0, 0.0, 0.0, 0.0, 0.0, 0.0, 0.0, 0.0, 0.0, 0.9403250141867728, 0.0, 0.0, 0.0, 0.0, 0.0, 0.0, 0.0, 0.0, 0.0, 0.0, 0.0, 0.0, 0.0, 0.0]], "Born radii": [], "Atomic SASAs": [], "Solvent H bonds": [], "Total SASA": NaN, "Total FOD": 0.0, "FOD": [0.0, 0.0, 0.0, 0.0, 0.0, 0.0, 0.0, 0.0, 0.0, 0.0, 0.0, 0.0, 0.0, 0.0, 0.0, 0.0, 0.0, 0.0, 0.0, 0.0, 0.0, 0.0, 0.0, 0.0, 0.0, 0.0, 0.0, 0.0, 0.0, 0.0], "FOD s proportion": [0.0, 0.0, 0.0, 0.0, 0.0, 0.0, 0.0, 0.0, 0.0, 0.0, 0.0, 0.0, 0.0, 0.0, 0.0, 0.0, 0.0, 0.0, 0.0, 0.0, 0.0, 0.0, 0.0, 0.0, 0.0, 0.0, 0.0, 0.0, 0.0, 0.0], "FOD p proportion": [0.0, 0.0, 0.0, 0.0, 0.0, 0.0, 0.0, 0.0, 0.0, 0.0, 0.0, 0.0, 0.0, 0.0, 0.0, 0.0, 0.0, 0.0, 0.0, 0.0, 0.0, 0.0, 0.0, 0.0, 0.0, 0.0, 0.0, 0.0, 0.0, 0.0], "FOD d proportion": [0.0, 0.0, 0.0, 0.0, 0.0, 0.0, 0.0, 0.0, 0.0, 0.0, 0.0, 0.0, 0.0, 0.0, 0.0, 0.0, 0.0, 0.0, 0.0, 0.0, 0.0, 0.0, 0.0, 0.0, 0.0, 0.0, 0.0, 0.0, 0.0, 0.0], "coordinates": [["-4.83830", "-0.04050", "0.25250"], ["-3.67600", "-0.52260", "-0.60540"], ["-2.30990", "-0.27130", "0.04420"], ["-1.99160", "1.12660", "0.10020"], ["-0.73720", "1.54740", "0.45410"], ["-0.53920", "2.66280", "0.91730"], ["0.35950", "0.58620", "0.22410"], ["1.67810", "0.91580", "0.54850"], ["2.70660", "0.01130", "0.25410"], ["2.41130", "-1.20340", "-0.37140"], ["3.60020", "-2.37490", "-0.81820"], ["1.07910", "-1.51540", "-0.68760"], ["0.03560", "-0.64420", "-0.35860"], ["-1.28270", "-0.93880", "-0.74390"], ["4.35600", "0.44770", "0.70090"], ["5.14260", "0.53980", "-0.77790"], ["4.36440", "1.80220", "1.20490"], ["4.95310", "-0.63770", "1.44040"], ["-5.78920", "-0.29930", "-0.22440"], ["-4.81770", "1.04510", "0.38530"], ["-4.81700", "-0.51020", "1.24090"], ["-3.80530", "-1.59800", "-0.78210"], ["-3.72680", "-0.03520", "-1.58730"], ["-2.30260", "-0.66630", "1.06870"], ["-2.70830", "1.77570", "0.39310"], ["1.89010", "1.87800", "1.01280"], ["0.85610", "-2.45010", "-1.19790"], ["-1.44630", "-1.93820", "-0.83180"], ["5.49110", "1.48780", "-0.92660"], ["5.86450", "-0.18020", "-0.83440"]], "bond_dist": [[0.0, 1.522942582634027, 2.5474426568619757, 3.080425066447811, 4.402395959020497, 5.121723415023501, 5.235521396193507, 6.592844200343278, 7.545077985680466, 7.3687371903196555, 8.820663472777998, 6.170473302754012, 4.949019914084, 3.8002693601901436, 9.218164366618769, 10.050713261256636, 9.43357283005755, 9.88125843250747, 1.0948159023324422, 1.093886447488952, 1.094534759612503, 2.1361864174270937, 2.1494939823130466, 2.736344746189705, 2.802722034023353, 7.037759934808803, 6.35106476742286, 4.035174814057007, 10.5082102215363, 10.75875436749069], [1.522942582634027, 0.0, 1.5334148362396918, 2.460677825315618, 3.747530612283241, 4.722806653887071, 4.266470196778597, 5.662761391759324, 6.462303940546281, 6.129719890011289, 7.511283882932398, 4.858331471812108, 3.7217833574779715, 2.433164519715015, 8.195176982835697, 8.884039394892394, 8.563288695939194, 8.8690423643142, 2.158851113439739, 2.177762307966597, 2.1704512088503622, 1.0974636850483939, 1.0973910014210977, 2.1701354934657884, 2.686192180392163, 6.273987632279809, 4.96046801320198, 2.6508003338614547, 9.390452598783511, 9.54938841025958], [2.5474426568619757, 1.5334148362396918, 0.0, 1.4347736058347322, 2.4390721576041985, 3.5364706855847117, 2.8095135913534928, 4.191380309635478, 5.0288361496473515, 4.830244632521214, 6.33230990476619, 3.6835630916274527, 2.408873699470356, 1.4566391797559202, 6.73664892212738, 7.541451310590024, 7.084695281379433, 7.40505181615902, 3.489764812992417, 2.852773914981697, 2.788317505235012, 2.163128692426782, 2.173738960869037, 1.098033943009049, 2.11439418510362, 4.8163966250714845, 4.039002085911815, 2.071650687254007, 8.055587281508407, 8.221985923729132], [3.080425066447811, 2.460677825315618, 1.4347736058347322, 0.0, 1.369612065513443, 2.266501403043907, 2.4155857633294664, 3.7029863110738064, 4.831217500796254, 5.0036821411836305, 6.661245232687354, 4.126741005927074, 2.7305255757820692, 2.3411367281728763, 6.41200214129721, 7.211948661076284, 6.486565612864792, 7.289564364212721, 4.069437520100291, 2.841613180923822, 3.458785320022045, 3.3898976592221777, 2.684837896410135, 2.0613596629409434, 1.0103366320192493, 4.0577131009966685, 4.752603685349747, 3.249457667057689, 7.561453760355875, 8.018697563195659], [4.402395959020497, 3.747530612283241, 2.4390721576041985, 1.369612065513443, 0.0, 1.2238771997222595, 1.47633205275778, 2.4983002241524135, 3.7761569948824953, 4.261619778910362, 5.984665683227426, 3.7394074958474373, 2.461871582759751, 2.8131769745254207, 5.216410314574573, 6.091398016875928, 5.162842844790068, 6.174703538632441, 5.421565008371661, 4.111875360465101, 4.636543975850979, 4.564533843669033, 3.950904311673468, 2.7800500013488967, 1.985214623157909, 2.7063161936477416, 4.6095243941213715, 3.782296786345566, 6.37978099467372, 6.944586157576273], [5.121723415023501, 4.722806653887071, 3.5364706855847117, 2.266501403043907, 1.2238771997222595, 0.0, 2.366528151110821, 2.846830119624281, 4.243289305479889, 5.0312722426837535, 6.747222680481206, 4.759406910529925, 3.5909002840513407, 4.035331491959489, 5.377404579348665, 6.297911025093955, 4.986846606824798, 6.429019610329401, 6.135145906985424, 4.604947289600609, 5.335936543850573, 5.631144307332214, 4.869601515524653, 3.770332655084959, 2.4014010202379774, 2.5547073765893424, 5.7063718368154035, 5.005135584577105, 6.41444543978667, 7.222082496067183], [5.235521396193507, 4.266470196778597, 2.8095135913534928, 2.4155857633294664, 1.47633205275778, 2.366528151110821, 0.0, 1.3973465854969553, 2.4166688685047437, 2.7869645943212125, 4.511833218327114, 2.40119628727016, 1.3994051093232438, 2.4412025397332355, 4.027223949571217, 4.887146669581342, 4.298819448406737, 4.906982561615642, 6.2283042788547185, 5.199997547114806, 5.388146940275479, 4.809233527288938, 4.512776928898657, 3.060862920811711, 3.29467268328737, 2.152563887553631, 3.3893676770158763, 3.2784804117151594, 5.335757829024852, 5.65798693971628], [6.592844200343278, 5.662761391759324, 4.191380309635478, 3.7029863110738064, 2.4983002241524135, 2.846830119624281, 1.3973465854969553, 0.0, 1.400929641345346, 2.4238000928294396, 4.048585406039991, 2.792396399152527, 2.4401304596271074, 3.725073899938094, 2.722772810941082, 3.7287361411073325, 2.9039238299239187, 3.7328906841749334, 7.604893931541715, 6.499136124901525, 6.685747360617211, 6.177164589032738, 5.888886707179888, 4.315045879246245, 4.472592327722257, 1.0891957262126948, 3.880061825538351, 4.451114405404561, 4.128204574630478, 4.543079723051314], [7.545077985680466, 6.462303940546281, 5.0288361496473515, 4.831217500796254, 3.7761569948824953, 4.243289305479889, 2.4166688685047437, 1.400929641345346, 0.0, 1.3978370541661858, 2.7644707793717043, 2.422058634715518, 2.817680347377963, 4.220569689034882, 1.7636880563183501, 2.697856973599601, 2.619092264506923, 2.6220737861471406, 8.514931135951716, 7.596120481535295, 7.605938038795741, 6.787370517365322, 6.691901954601546, 5.120039019382567, 5.696803522151698, 2.174135881218099, 3.4045769502245062, 4.714478493958796, 3.3656418392336405, 3.3457191917433833], [7.3687371903196555, 6.129719890011289, 4.830244632521214, 5.0036821411836305, 4.261619778910362, 5.0312722426837535, 2.7869645943212125, 2.4238000928294396, 1.3978370541661858, 0.0, 1.7278673849575374, 1.4043088264338441, 2.440659535863206, 3.7221506431094378, 2.767276023457002, 3.2655762401144455, 3.9157314335893876, 3.1722835576284787, 8.251497201114475, 7.608336752536655, 7.438303463828295, 6.24263559804671, 6.365483144271139, 4.958146592225769, 5.972420047183554, 3.4179943007559275, 2.157778992390092, 3.9538559609576067, 4.127465629172459, 3.631239110827046], [8.820663472777998, 7.511283882932398, 6.33230990476619, 6.661245232687354, 5.984665683227426, 6.747222680481206, 4.511833218327114, 4.048585406039991, 2.7644707793717043, 1.7278673849575374, 0.0, 2.6667849219612743, 3.989101128073842, 5.0902471560819125, 3.293321911080057, 3.2978929545999516, 4.703732524283241, 3.1542790317281693, 9.634393917626578, 9.165470673129667, 8.863760756022243, 7.446227707369686, 7.72985380844942, 6.428277639461445, 7.647999758106691, 4.93600662681889, 2.7712654041069396, 5.065377981947646, 4.302058188820788, 3.1534148188907842], [6.170473302754012, 4.858331471812108, 3.6835630916274527, 4.126741005927074, 3.7394074958474373, 4.759406910529925, 2.40119628727016, 2.792396399152527, 2.422058634715518, 1.4043088264338441, 2.6667849219612743, 0.0, 1.3986145609137637, 2.4318175281052645, 4.064451681346452, 4.5545618208560965, 5.0379779773238385, 4.506286418992916, 6.990493426075157, 6.517631847534809, 6.284388156376085, 4.886012317831382, 5.108534715552004, 3.9040306594595284, 5.132606595093764, 3.881268442146201, 1.0880253581603694, 2.564604967631467, 5.342478379928178, 4.97034832179798], [4.949019914084, 3.7217833574779715, 2.408873699470356, 2.7305255757820692, 2.461871582759751, 3.5909002840513407, 1.3994051093232438, 2.4401304596271074, 2.817680347377963, 2.440659535863206, 3.989101128073842, 1.3986145609137637, 0.0, 1.404692186922103, 4.58046307920935, 5.259193615945319, 5.212284973982141, 5.2362438350405345, 5.8365452701062805, 5.192460167396568, 5.111172371384084, 3.980150688102148, 4.004527244257429, 2.739498665814605, 3.7349640038426077, 3.4178064676046236, 2.153815115092286, 2.0234578942987667, 5.884770874893942, 5.866664883048971], [3.8002693601901436, 2.433164519715015, 1.4566391797559202, 2.3411367281728763, 2.8131769745254207, 4.035331491959489, 2.4412025397332355, 3.725073899938094, 4.220569689034882, 3.7221506431094378, 5.0902471560819125, 2.4318175281052645, 1.404692186922103, 0.0, 5.983708463820744, 6.59332192828471, 6.572719440992442, 6.614153713061105, 4.581198833274976, 4.207989644711593, 4.076077218355904, 2.607587896888617, 2.7388759245354652, 2.0976107884924695, 3.270109265758562, 4.592060209753352, 2.6579332440827024, 1.016509581853511, 7.19764776090078, 7.1879156958050086], [9.218164366618769, 8.195176982835697, 6.73664892212738, 6.41200214129721, 5.216410314574573, 5.377404579348665, 4.027223949571217, 2.722772810941082, 1.7636880563183501, 2.767276023457002, 3.293321911080057, 4.064451681346452, 4.58046307920935, 5.983708463820744, 0.0, 1.6775194216461402, 1.4452531992699411, 1.4427341473743525, 10.214659667849926, 9.198546722716584, 9.238674223610225, 8.543476761834144, 8.414315628142313, 6.7611557296071805, 7.194627115424398, 2.8676998640025073, 4.924630573961868, 6.458202024557609, 2.240316109391708, 2.2420920476198116], [10.050713261256636, 8.884039394892394, 7.541451310590024, 7.211948661076284, 6.091398016875928, 6.297911025093955, 4.887146669581342, 3.7287361411073325, 2.697856973599601, 3.2655762401144455, 3.2978929545999516, 4.5545618208560965, 5.259193615945319, 6.59332192828471, 1.6775194216461402, 0.0, 2.476034095080276, 2.518585196097206, 10.977918851039115, 10.040714039349991, 10.216246159916079, 9.199734827156705, 8.924797461007167, 7.765024907236293, 8.033387866896506, 3.94666213147262, 5.2430891905440635, 7.039672749496243, 1.0209152462374145, 1.021142428851137], [9.43357283005755, 8.563288695939194, 7.084695281379433, 6.486565612864792, 5.162842844790068, 4.986846606824798, 4.298819448406737, 2.9039238299239187, 2.619092264506923, 3.9157314335893876, 4.703732524283241, 5.0379779773238385, 5.212284973982141, 6.572719440992442, 1.4452531992699411, 2.476034095080276, 0.0, 2.520940290843875, 10.466842585039675, 9.249643505562796, 9.46818861873801, 9.06937302849541, 8.754423855400194, 7.110621048122308, 7.119185822831147, 2.4829032482156848, 6.013623867519485, 7.2043718352122825, 2.431376667651477, 3.215424429216149], [9.88125843250747, 8.8690423643142, 7.40505181615902, 7.289564364212721, 6.174703538632441, 6.429019610329401, 4.906982561615642, 3.7328906841749334, 2.6220737861471406, 3.1722835576284787, 3.1542790317281693, 4.506286418992916, 5.2362438350405345, 6.614153713061105, 1.4427341473743525, 2.518585196097206, 2.520940290843875, 0.0, 10.875802631989972, 9.970636112605856, 9.77296835715741, 9.086872558807018, 9.212526122079655, 7.26527090616723, 8.100517687777739, 3.9866724533124116, 5.1991181608038115, 6.914225441074365, 3.226435068306815, 2.492924236714786], [1.0948159023324422, 2.158851113439739, 3.489764812992417, 4.069437520100291, 5.421565008371661, 6.135145906985424, 6.2283042788547185, 7.604893931541715, 8.514931135951716, 8.251497201114475, 9.634393917626578, 6.990493426075157, 5.8365452701062805, 4.581198833274976, 10.214659667849926, 10.977918851039115, 10.466842585039675, 10.875802631989972, 0.0, 1.767189208885115, 1.7710888571723327, 2.435879756884564, 2.4861092051637637, 3.736733355485778, 3.765484837308471, 8.077310667542756, 7.052209226901878, 4.6814216195510525, 11.442551260099297, 11.670261715145894], [1.093886447488952, 2.177762307966597, 2.852773914981697, 2.841613180923822, 4.111875360465101, 4.604947289600609, 5.199997547114806, 6.499136124901525, 7.596120481535295, 7.608336752536655, 9.165470673129667, 6.517631847534809, 5.192460167396568, 4.207989644711593, 9.198546722716584, 10.040714039349991, 9.249643505562796, 9.970636112605856, 1.767189208885115, 0.0, 1.7751084304909377, 3.061658722000217, 2.49965230782203, 3.1179566273442614, 2.2323542640002283, 6.788376794197565, 6.84944900849696, 4.663448215644729, 10.401366368895966, 10.821202568106745], [1.094534759612503, 2.1704512088503622, 2.788317505235012, 3.458785320022045, 4.636543975850979, 5.335936543850573, 5.388146940275479, 6.685747360617211, 7.605938038795741, 7.438303463828295, 8.863760756022243, 6.284388156376085, 5.111172371384084, 4.076077218355904, 9.238674223610225, 10.216246159916079, 9.46818861873801, 9.77296835715741, 1.7710888571723327, 1.7751084304909377, 0.0, 2.509855519746107, 3.068041114457236, 2.5251192862912437, 3.223463872916835, 7.123252014354119, 6.472636329966329, 4.20676690345448, 10.721333212805206, 10.88623958674436], [2.1361864174270937, 1.0974636850483939, 2.163128692426782, 3.3898976592221777, 4.564533843669033, 5.631144307332214, 4.809233527288938, 6.177164589032738, 6.787370517365322, 6.24263559804671, 7.446227707369686, 4.886012317831382, 3.980150688102148, 2.607587896888617, 8.543476761834144, 9.199734827156705, 9.06937302849541, 9.086872558807018, 2.435879756884564, 3.061658722000217, 2.509855519746107, 0.0, 1.7597878082314358, 2.5596157563196864, 3.737158777734765, 6.909545800557371, 4.756849168304582, 2.3839226350701903, 9.79622860339631, 9.773327180136762], [2.1494939823130466, 1.0973910014210977, 2.173738960869037, 2.684837896410135, 3.950904311673468, 4.869601515524653, 4.512776928898657, 5.888886707179888, 6.691901954601546, 6.365483144271139, 7.72985380844942, 5.108534715552004, 4.004527244257429, 2.7388759245354652, 8.414315628142313, 8.924797461007167, 8.754423855400194, 9.212526122079655, 2.4861092051637637, 2.49965230782203, 3.068041114457236, 1.7597878082314358, 0.0, 3.0791181935742573, 2.870310997087249, 6.478458139094517, 5.194838474870994, 3.0647788664110824, 9.366201679442954, 9.621897894906182], [2.736344746189705, 2.1701354934657884, 1.098033943009049, 2.0613596629409434, 2.7800500013488967, 3.770332655084959, 3.060862920811711, 4.315045879246245, 5.120039019382567, 4.958146592225769, 6.428277639461445, 3.9040306594595284, 2.739498665814605, 2.0976107884924695, 6.7611557296071805, 7.765024907236293, 7.110621048122308, 7.26527090616723, 3.736733355485778, 3.1179566273442614, 2.5251192862912437, 2.5596157563196864, 3.0791181935742573, 0.0, 2.566006985571162, 4.904622369765077, 4.27747632255282, 2.44190080674871, 8.328452952979923, 8.399976501752846], [2.802722034023353, 2.686192180392163, 2.11439418510362, 1.0103366320192493, 1.985214623157909, 2.4014010202379774, 3.29467268328737, 4.472592327722257, 5.696803522151698, 5.972420047183554, 7.647999758106691, 5.132606595093764, 3.7349640038426077, 3.270109265758562, 7.194627115424398, 8.033387866896506, 7.119185822831147, 8.100517687777739, 3.765484837308471, 2.2323542640002283, 3.223463872916835, 3.737158777734765, 2.870310997087249, 2.566006985571162, 0.0, 4.641096415719027, 5.752704928987754, 4.1092672363816884, 8.309913047679862, 8.878355754304959], [7.037759934808803, 6.273987632279809, 4.8163966250714845, 4.0577131009966685, 2.7063161936477416, 2.5547073765893424, 2.152563887553631, 1.0891957262126948, 2.174135881218099, 3.4179943007559275, 4.93600662681889, 3.881268442146201, 3.4178064676046236, 4.592060209753352, 2.8676998640025073, 3.94666213147262, 2.4829032482156848, 3.9866724533124116, 8.077310667542756, 6.788376794197565, 7.123252014354119, 6.909545800557371, 6.478458139094517, 4.904622369765077, 4.641096415719027, 0.0, 4.968782557126041, 5.394209539867727, 4.108616482467061, 4.8419201191262955], [6.35106476742286, 4.96046801320198, 4.039002085911815, 4.752603685349747, 4.6095243941213715, 5.7063718368154035, 3.3893676770158763, 3.880061825538351, 3.4045769502245062, 2.157778992390092, 2.7712654041069396, 1.0880253581603694, 2.153815115092286, 2.6579332440827024, 4.924630573961868, 5.2430891905440635, 6.013623867519485, 5.1991181608038115, 7.052209226901878, 6.84944900849696, 6.472636329966329, 4.756849168304582, 5.194838474870994, 4.27747632255282, 5.752704928987754, 4.968782557126041, 0.0, 2.3868633350068453, 6.088011588359537, 5.510775700389193], [4.035174814057007, 2.6508003338614547, 2.071650687254007, 3.249457667057689, 3.782296786345566, 5.005135584577105, 3.2784804117151594, 4.451114405404561, 4.714478493958796, 3.9538559609576067, 5.065377981947646, 2.564604967631467, 2.0234578942987667, 1.016509581853511, 6.458202024557609, 7.039672749496243, 7.2043718352122825, 6.914225441074365, 4.6814216195510525, 4.663448215644729, 4.20676690345448, 2.3839226350701903, 3.0647788664110824, 2.44190080674871, 4.1092672363816884, 5.394209539867727, 2.3868633350068453, 0.0, 7.737827976893774, 7.519199917544419], [10.5082102215363, 9.390452598783511, 8.055587281508407, 7.561453760355875, 6.37978099467372, 6.41444543978667, 5.335757829024852, 4.128204574630478, 3.3656418392336405, 4.127465629172459, 4.302058188820788, 5.342478379928178, 5.884770874893942, 7.19764776090078, 2.240316109391708, 1.0209152462374145, 2.431376667651477, 3.226435068306815, 11.442551260099297, 10.401366368895966, 10.721333212805206, 9.79622860339631, 9.366201679442954, 8.328452952979923, 8.309913047679862, 4.108616482467061, 6.088011588359537, 7.737827976893774, 0.0, 1.7117687927988403], [10.75875436749069, 9.54938841025958, 8.221985923729132, 8.018697563195659, 6.944586157576273, 7.222082496067183, 5.65798693971628, 4.543079723051314, 3.3457191917433833, 3.631239110827046, 3.1534148188907842, 4.97034832179798, 5.866664883048971, 7.1879156958050086, 2.2420920476198116, 1.021142428851137, 3.215424429216149, 2.492924236714786, 11.670261715145894, 10.821202568106745, 10.88623958674436, 9.773327180136762, 9.621897894906182, 8.399976501752846, 8.878355754304959, 4.8419201191262955, 5.510775700389193, 7.519199917544419, 1.7117687927988403, 0.0]]}