{"total energy": -26.73309099, "HOMO-LUMO gap/eV": 5.18156074, "electronic energy": -27.06182694, "dipole": [-1.59809781, -0.46683264, 0.12295203], "partial charges": [-0.10078011, -0.05173372, -0.05852276, -0.0583686, -0.06005253, -0.05374225, 0.02826143, -0.19673307, 0.03314598, 0.03349809, 0.03337344, 0.02887079, 0.02999344, 0.03184654, 0.03076107, 0.0268079, 0.03281696, 0.03904018, 0.03168458, 0.0454369, 0.04538749, 0.05519621, 0.05381203], "atomic dipole moments": [[0.09600024, 0.03666051, -0.00504679], [-0.02204047, -0.10871216, -0.01546811], [0.03104946, 0.1060772, 0.01508568], [-0.01865967, -0.10857138, -0.01260195], [0.03717613, 0.10705426, 0.00737481], [-0.0410029, 0.01932111, 0.12063683], [0.11124788, 0.00686929, -0.09268469], [-0.74944304, -0.21772257, 0.10283123], [-0.0113395, -0.08655987, 0.09101924], [-0.03514773, -0.05254798, -0.10919484], [-0.08053082, 0.09234495, 0.02526445], [0.02495045, 0.05583895, 0.1072626], [0.00205847, 0.08883221, -0.08601597], [-0.02922039, -0.0561193, -0.10719756], [-0.00595379, -0.08913773, 0.08665061], [0.02622511, 0.05589749, 0.10772563], [0.00488137, 0.08927881, -0.08689689], [-0.03221777, -0.06086554, -0.10329967], [-0.0025007, -0.08788163, 0.08879371], [0.0724206, -0.09328833, -0.04096712], [0.00624414, 0.08307545, -0.09626963], [-0.0471828, 0.11637109, 0.03552509], [0.01641928, -0.08250206, 0.09933578]], "atomic quadrupole moments": [[0.19412466, 0.11375464, -0.06638937, -0.01910131, -0.00293199, -0.12773529], [0.21746453, -0.03426653, 0.00419653, -0.05947356, 0.04573858, -0.22166105], [0.22114662, -0.03529347, 0.00853499, -0.06161908, 0.04847467, -0.22968161], [0.20692704, -0.0420906, 0.01900882, -0.05675287, 0.05213958, -0.22593586], [0.21887098, -0.03022622, -0.00591664, -0.08562846, 0.03213125, -0.21295435], [0.13304005, 0.16644477, -0.14424813, 0.06291894, 0.10578229, 0.01120809], [0.33642048, 0.20558505, -0.25056153, -0.04370971, 0.06538798, -0.08585895], [0.79048482, 0.36392327, -0.37771482, -0.19017999, -0.03579208, -0.41277], [-0.03077026, 0.00480634, 0.01042478, 0.00753222, -0.06481589, 0.02034548], [-0.02987342, 0.01757899, -0.02794037, 0.01345404, 0.04483008, 0.05781379], [0.01224907, -0.05056471, 0.03677121, -0.01654457, 0.02153494, -0.04902028], [-0.01240039, 0.00366935, -0.02851319, 0.01812885, 0.0298582, 0.04091358], [-0.01797307, -0.00164897, -0.00205394, -0.00637801, -0.04614222, 0.02002701], [-0.01697085, 0.00324378, -0.02608188, 0.01609126, 0.02890506, 0.04305274], [-0.02142938, -0.00297503, -0.00021609, -0.00315259, -0.04514401, 0.02164547], [-0.01290018, 0.00493837, -0.02716866, 0.01959732, 0.02868791, 0.04006884], [-0.02104814, -0.00148961, -0.00108604, -0.00436581, -0.04536559, 0.02213418], [-0.0054482, 0.00217729, -0.02944356, 0.01906237, 0.03484984, 0.03489176], [-0.01992786, -0.01027508, -0.00679629, -0.00543072, -0.04508044, 0.02672415], [0.01683494, -0.02492063, 0.02359925, 0.00752449, 0.02303142, -0.04043419], [-0.0201267, 0.00785986, 0.0200005, 0.02003367, -0.03838441, 0.0001262], [0.03663197, -0.02150894, 0.00433559, -0.00929649, 0.0121984, -0.04096756], [0.00376344, 0.0223702, 0.00248739, -0.0055981, -0.0393896, -0.00625083]], "number of molecular orbitals": 52, "number of electrons": 50, "number of unpaired electrons": 0, "orbital energies/eV": [-22.67653965, -17.64426492, -17.20579701, -16.87001736, -16.46328276, -15.9650713, -15.54438769, -15.33496568, -14.68398819, -14.47962237, -14.13619504, -14.00169417, -13.66483082, -13.48549395, -13.3146654, -12.89642503, -12.77009243, -12.54576505, -12.2972051, -12.07820117, -11.98997869, -11.77583692, -11.69822826, -11.00605042, -10.97434974, -5.792789, 0.65182384, 1.0340874, 1.16047159, 1.48868859, 1.61729884, 2.43146768, 2.44861752, 2.83643326, 3.02318515, 3.20945689, 3.57660452, 3.80927671, 4.00748142, 4.2001405, 4.51934229, 4.76130152, 5.04433857, 5.33612891, 6.04516271, 6.14200799, 6.56660994, 7.04223161, 7.2745025, 7.64713918, 8.09908843, 10.63106325], "fractional occupation": [2.0, 2.0, 2.0, 2.0, 2.0, 2.0, 2.0, 2.0, 2.0, 2.0, 2.0, 2.0, 2.0, 2.0, 2.0, 2.0, 2.0, 2.0, 2.0, 2.0, 2.0, 2.0, 2.0, 2.0, 2.0, 0.0, 0.0, 0.0, 0.0, 0.0, 0.0, 0.0, 0.0, 0.0, 0.0, 0.0, 0.0, 0.0, 0.0, 0.0, 0.0, 0.0, 0.0, 0.0, 0.0, 0.0, 0.0, 0.0, 0.0, 0.0, 0.0, 0.0], "program call": "xtb /home/svss/Project-DBcg-Debug/aqme2_20220329/End-to-End-workflows-final/example-3/QDESCP/mol_130_rdkit_conf_3/mol_130_rdkit_conf_3.xyz --pop --wbo --acc 0.2 --gfn 2 --chrg 0 --uhf 0 --etemp 300 --input /home/svss/Project-DBcg-Debug/aqme2_20220329/End-to-End-workflows-final/example-3/QDESCP/mol_130_rdkit_conf_3/mol_130_rdkit_conf_3_xtb.inp", "method": "GFN2-xTB", "xtb version": "6.3.3 (7355c4f)", "Dipole module/D": 4.243, "Total charge": 0, "Transition dipole module/D": NaN, "HOMO": -10.9743, "LUMO": -5.7928, "HOMO occupancy": 2.0, "LUMO occupancy": 0, "mulliken charges": [-0.08344, -0.03845, -0.0463, -0.04784, -0.04618, -0.04887, 0.0241, -0.09346, 0.02688, 0.02697, 0.02865, 0.02224, 0.02249, 0.02314, 0.02295, 0.02219, 0.02412, 0.0275, 0.02386, 0.02872, 0.02764, 0.02654, 0.02655], "cm5 charges": [-0.23377, -0.15098, -0.15702, -0.1586, -0.15661, -0.15876, -0.09169, -0.08781, 0.07817, 0.07826, 0.07944, 0.07694, 0.07719, 0.07847, 0.07829, 0.07819, 0.07958, 0.08242, 0.07909, 0.08371, 0.08291, 0.0815, 0.08108], "FUKUI+": [0.007, 0.003, 0.006, 0.015, 0.017, 0.033, -0.052, -0.455, -0.007, -0.008, -0.013, -0.004, -0.007, -0.015, -0.012, -0.002, -0.017, -0.055, -0.033, -0.058, -0.06, -0.142, -0.142], "FUKUI-": [0.019, 0.008, 0.011, 0.013, 0.011, 0.016, 0.02, -0.267, -0.061, -0.063, -0.05, -0.077, -0.077, -0.068, -0.064, -0.046, -0.042, -0.048, -0.035, -0.044, -0.036, -0.058, -0.061], "FUKUIrad": [0.013, 0.006, 0.009, 0.014, 0.014, 0.024, -0.016, -0.361, -0.034, -0.036, -0.031, -0.041, -0.042, -0.042, -0.038, -0.024, -0.029, -0.051, -0.034, -0.051, -0.048, -0.1, -0.101], "s proportion": [1.007, 1.027, 1.032, 1.032, 1.033, 1.036, 1.058, 1.954, 0.973, 0.973, 0.971, 0.978, 0.978, 0.977, 0.977, 0.978, 0.976, 0.972, 0.976, 0.971, 0.972, 0.973, 0.973], "p proportion": [3.076, 3.011, 3.014, 3.016, 3.013, 3.013, 2.918, 5.151, 0.0, 0.0, 0.0, 0.0, 0.0, 0.0, 0.0, 0.0, 0.0, 0.0, 0.0, 0.0, 0.0, 0.0, 0.0], "d proportion": [0.0, 0.0, 0.0, 0.0, 0.0, 0.0, 0.0, -0.012, 0.0, 0.0, 0.0, 0.0, 0.0, 0.0, 0.0, 0.0, 0.0, 0.0, 0.0, 0.0, 0.0, 0.0, 0.0], "Fermi-level/eV": -8.3836, "Coordination numbers": [3.75, 3.8, 3.802, 3.801, 3.801, 3.877, 3.74, 0.995, 0.924, 0.924, 0.924, 0.924, 0.924, 0.924, 0.924, 0.924, 0.924, 0.924, 0.924, 0.924, 0.924, 0.926, 0.925], "Dispersion coefficient C6": [22.488, 21.503, 21.626, 21.624, 21.655, 21.489, 20.174, 190.487, 2.542, 2.537, 2.539, 2.603, 2.587, 2.561, 2.576, 2.632, 2.547, 2.462, 2.563, 2.378, 2.379, 2.256, 2.273], "Total dispersion C6": 4876.639145, "Total dispersion C8": 133981.895114, "Polarizability alpha": [6.763, 6.602, 6.621, 6.621, 6.625, 6.591, 6.408, 22.253, 2.493, 2.491, 2.492, 2.523, 2.515, 2.502, 2.51, 2.537, 2.496, 2.454, 2.504, 2.412, 2.412, 2.349, 2.358], "Total polarizability alpha": 105.532019, "Wiberg matrix": [[0.0, 1.020150861389278, 0.0, 0.0, 0.0, 0.0, 0.0, 0.0, 0.987653410889864, 0.9876354473806639, 0.9872149491383528, 0.0, 0.0, 0.0, 0.0, 0.0, 0.0, 0.0, 0.0, 0.0, 0.0, 0.0, 0.0], [1.020150861389278, 0.0, 1.0077939783162364, 0.0, 0.0, 0.0, 0.0, 0.0, 0.0, 0.0, 0.0, 0.9780489848806864, 0.978018892710594, 0.0, 0.0, 0.0, 0.0, 0.0, 0.0, 0.0, 0.0, 0.0, 0.0], [0.0, 1.0077939783162364, 0.0, 1.0067492715591324, 0.0, 0.0, 0.0, 0.0, 0.0, 0.0, 0.0, 0.0, 0.0, 0.9769439991907981, 0.9772440079443532, 0.0, 0.0, 0.0, 0.0, 0.0, 0.0, 0.0, 0.0], [0.0, 0.0, 1.0067492715591324, 0.0, 1.007902643270471, 0.0, 0.0, 0.0, 0.0, 0.0, 0.0, 0.0, 0.0, 0.0, 0.0, 0.9761121806424162, 0.9769797683163597, 0.0, 0.0, 0.0, 0.0, 0.0, 0.0], [0.0, 0.0, 0.0, 1.007902643270471, 0.0, 0.9995291518697711, 0.0, 0.0, 0.0, 0.0, 0.0, 0.0, 0.0, 0.0, 0.0, 0.0, 0.0, 0.9747145408399864, 0.9769238669277981, 0.0, 0.0, 0.0, 0.0], [0.0, 0.0, 0.0, 0.0, 0.9995291518697711, 0.0, 1.0174812602924594, 0.0, 0.0, 0.0, 0.0, 0.0, 0.0, 0.0, 0.0, 0.0, 0.0, 0.0, 0.0, 0.9756560305468767, 0.975925560669481, 0.0, 0.0], [0.0, 0.0, 0.0, 0.0, 0.0, 1.0174812602924594, 0.0, 0.9615200743383492, 0.0, 0.0, 0.0, 0.0, 0.0, 0.0, 0.0, 0.0, 0.0, 0.0, 0.0, 0.0, 0.0, 0.9773335255513254, 0.978402990977248], [0.0, 0.0, 0.0, 0.0, 0.0, 0.0, 0.9615200743383492, 0.0, 0.0, 0.0, 0.0, 0.0, 0.0, 0.0, 0.0, 0.0, 0.0, 0.0, 0.0, 0.0, 0.0, 0.0, 0.0], [0.987653410889864, 0.0, 0.0, 0.0, 0.0, 0.0, 0.0, 0.0, 0.0, 0.0, 0.0, 0.0, 0.0, 0.0, 0.0, 0.0, 0.0, 0.0, 0.0, 0.0, 0.0, 0.0, 0.0], [0.9876354473806639, 0.0, 0.0, 0.0, 0.0, 0.0, 0.0, 0.0, 0.0, 0.0, 0.0, 0.0, 0.0, 0.0, 0.0, 0.0, 0.0, 0.0, 0.0, 0.0, 0.0, 0.0, 0.0], [0.9872149491383528, 0.0, 0.0, 0.0, 0.0, 0.0, 0.0, 0.0, 0.0, 0.0, 0.0, 0.0, 0.0, 0.0, 0.0, 0.0, 0.0, 0.0, 0.0, 0.0, 0.0, 0.0, 0.0], [0.0, 0.9780489848806864, 0.0, 0.0, 0.0, 0.0, 0.0, 0.0, 0.0, 0.0, 0.0, 0.0, 0.0, 0.0, 0.0, 0.0, 0.0, 0.0, 0.0, 0.0, 0.0, 0.0, 0.0], [0.0, 0.978018892710594, 0.0, 0.0, 0.0, 0.0, 0.0, 0.0, 0.0, 0.0, 0.0, 0.0, 0.0, 0.0, 0.0, 0.0, 0.0, 0.0, 0.0, 0.0, 0.0, 0.0, 0.0], [0.0, 0.0, 0.9769439991907981, 0.0, 0.0, 0.0, 0.0, 0.0, 0.0, 0.0, 0.0, 0.0, 0.0, 0.0, 0.0, 0.0, 0.0, 0.0, 0.0, 0.0, 0.0, 0.0, 0.0], [0.0, 0.0, 0.9772440079443532, 0.0, 0.0, 0.0, 0.0, 0.0, 0.0, 0.0, 0.0, 0.0, 0.0, 0.0, 0.0, 0.0, 0.0, 0.0, 0.0, 0.0, 0.0, 0.0, 0.0], [0.0, 0.0, 0.0, 0.9761121806424162, 0.0, 0.0, 0.0, 0.0, 0.0, 0.0, 0.0, 0.0, 0.0, 0.0, 0.0, 0.0, 0.0, 0.0, 0.0, 0.0, 0.0, 0.0, 0.0], [0.0, 0.0, 0.0, 0.9769797683163597, 0.0, 0.0, 0.0, 0.0, 0.0, 0.0, 0.0, 0.0, 0.0, 0.0, 0.0, 0.0, 0.0, 0.0, 0.0, 0.0, 0.0, 0.0, 0.0], [0.0, 0.0, 0.0, 0.0, 0.9747145408399864, 0.0, 0.0, 0.0, 0.0, 0.0, 0.0, 0.0, 0.0, 0.0, 0.0, 0.0, 0.0, 0.0, 0.0, 0.0, 0.0, 0.0, 0.0], [0.0, 0.0, 0.0, 0.0, 0.9769238669277981, 0.0, 0.0, 0.0, 0.0, 0.0, 0.0, 0.0, 0.0, 0.0, 0.0, 0.0, 0.0, 0.0, 0.0, 0.0, 0.0, 0.0, 0.0], [0.0, 0.0, 0.0, 0.0, 0.0, 0.9756560305468767, 0.0, 0.0, 0.0, 0.0, 0.0, 0.0, 0.0, 0.0, 0.0, 0.0, 0.0, 0.0, 0.0, 0.0, 0.0, 0.0, 0.0], [0.0, 0.0, 0.0, 0.0, 0.0, 0.975925560669481, 0.0, 0.0, 0.0, 0.0, 0.0, 0.0, 0.0, 0.0, 0.0, 0.0, 0.0, 0.0, 0.0, 0.0, 0.0, 0.0, 0.0], [0.0, 0.0, 0.0, 0.0, 0.0, 0.0, 0.9773335255513254, 0.0, 0.0, 0.0, 0.0, 0.0, 0.0, 0.0, 0.0, 0.0, 0.0, 0.0, 0.0, 0.0, 0.0, 0.0, 0.0], [0.0, 0.0, 0.0, 0.0, 0.0, 0.0, 0.978402990977248, 0.0, 0.0, 0.0, 0.0, 0.0, 0.0, 0.0, 0.0, 0.0, 0.0, 0.0, 0.0, 0.0, 0.0, 0.0, 0.0]], "Born radii": [], "Atomic SASAs": [], "Solvent H bonds": [], "Total SASA": NaN, "Total FOD": 0.0, "FOD": [0.0, 0.0, 0.0, 0.0, 0.0, 0.0, 0.0, 0.0, 0.0, 0.0, 0.0, 0.0, 0.0, 0.0, 0.0, 0.0, 0.0, 0.0, 0.0, 0.0, 0.0, 0.0, 0.0], "FOD s proportion": [0.0, 0.0, 0.0, 0.0, 0.0, 0.0, 0.0, 0.0, 0.0, 0.0, 0.0, 0.0, 0.0, 0.0, 0.0, 0.0, 0.0, 0.0, 0.0, 0.0, 0.0, 0.0, 0.0], "FOD p proportion": [0.0, 0.0, 0.0, 0.0, 0.0, 0.0, 0.0, 0.0, 0.0, 0.0, 0.0, 0.0, 0.0, 0.0, 0.0, 0.0, 0.0, 0.0, 0.0, 0.0, 0.0, 0.0, 0.0], "FOD d proportion": [0.0, 0.0, 0.0, 0.0, 0.0, 0.0, 0.0, 0.0, 0.0, 0.0, 0.0, 0.0, 0.0, 0.0, 0.0, 0.0, 0.0, 0.0, 0.0, 0.0, 0.0, 0.0, 0.0], "coordinates": [["-3.69510", "0.18870", "0.28200"], ["-2.28230", "0.74570", "0.20880"], ["-1.26310", "-0.35110", "-0.09870"], ["0.15740", "0.21360", "-0.17200"], ["1.17590", "-0.88720", "-0.47660"], ["2.60070", "-0.35940", "-0.66570"], ["3.18540", "0.24240", "0.60150"], ["5.03880", "0.75750", "0.28820"], ["-3.77860", "-0.56690", "1.06970"], ["-3.98510", "-0.27140", "-0.66800"], ["-4.40740", "0.98980", "0.50280"], ["-2.03580", "1.22670", "1.16250"], ["-2.24090", "1.52040", "-0.56570"], ["-1.51750", "-0.83170", "-1.05130"], ["-1.31090", "-1.12530", "0.67680"], ["0.40020", "0.69680", "0.78100"], ["0.20580", "0.98490", "-0.95010"], ["0.87850", "-1.40620", "-1.39630"], ["1.16460", "-1.63510", "0.32560"], ["3.23100", "-1.19340", "-1.00040"], ["2.61340", "0.38050", "-1.47590"], ["2.66790", "1.15370", "0.91010"], ["3.19710", "-0.47290", "1.42820"]], "bond_dist": [[0.0, 1.5203983293860854, 2.5201072457338007, 3.879238618595149, 5.045758195752152, 6.390277501016681, 6.888123415706196, 8.752404303390012, 1.094703110436798, 1.094665250202088, 1.094479392222622, 2.146159532746809, 2.1463265874512203, 2.749699403571234, 2.7507949178373874, 4.156759398858683, 4.167616304315934, 5.1262280343347975, 5.190841115850108, 7.1781342548046565, 6.551654134644167, 6.4663361813317435, 7.0181129828466], [1.5203983293860854, 0.0, 1.5284943997280465, 2.52592065196039, 3.885264831385372, 5.082291339543612, 5.504840367349448, 7.3215400572557146, 2.168635806215511, 2.1685936664114833, 2.159182905638149, 1.096205701499495, 1.096231864160133, 2.158926077937825, 2.1594635815405643, 2.7432845823938865, 2.755160151424959, 4.147008109468802, 4.190819787344715, 5.9681446312903645, 5.190324038053886, 5.016250166209816, 5.744192430620687], [2.5201072457338007, 1.5284943997280465, 0.0, 1.5303853207607552, 2.525654889330686, 3.9051899223981406, 4.542210314373389, 6.410353280436266, 2.7819900161574993, 2.7820385655127073, 3.4707978261489103, 2.1626704718934877, 2.162566551577084, 1.0968785165185797, 1.096845809583097, 2.1537254676490223, 2.16042708046349, 2.717250877265476, 2.7789231331578783, 4.660414894620435, 4.17841724221026, 4.328378620222589, 4.715892586775063], [3.879238618595149, 2.52592065196039, 1.5303853207607552, 0.0, 1.5303215511780524, 2.557691064221791, 3.125366488909741, 4.933120433356559, 4.200368452886009, 4.200184192389663, 4.6792350357724075, 2.7599616120518777, 2.7594508185506768, 2.1612752231032495, 2.1607914151995327, 1.0957386002144855, 1.0966703515642247, 2.1546804264205863, 2.1632728191330837, 3.48036097553113, 2.785668110166751, 2.8909062022141088, 3.5030983971336003], [5.045758195752152, 3.885264831385372, 2.525654889330686, 1.5303215511780524, 0.0, 1.5311390172025527, 2.544874460557927, 4.267546548076541, 5.20006788705686, 5.201131088522956, 5.971230379913338, 4.179741488417675, 4.180789256826992, 2.754589606456831, 2.751580892868679, 2.1661773357691656, 2.1610309275898856, 1.0971125056255626, 1.0968167303610936, 2.1427927781285803, 2.1614971732574624, 2.883448230851388, 2.8080521665382214], [6.390277501016681, 5.082291339543612, 3.9051899223981406, 2.557691064221791, 1.5311390172025527, 0.0, 1.5198135313254715, 2.846352478172723, 6.614388701913428, 6.58638830695549, 7.23181847808696, 5.230216123641546, 5.19468368623153, 4.163090905805444, 4.2058915368801415, 2.8373754739195163, 2.761081646746434, 2.143720933330642, 2.1615895516956956, 1.0976603208643374, 1.0972863527812602, 2.185665365512296, 2.180135871912574], [6.888123415706196, 5.504840367349448, 4.542210314373389, 3.125366488909741, 2.544874460557927, 1.5198135313254715, 0.0, 1.9489937044536598, 7.0264837386846635, 7.300115816889483, 7.630135011256354, 5.342705019931382, 5.695644961722947, 5.099284955756052, 4.700317762662435, 2.8277267636743124, 3.4404629005411467, 3.4685550896590938, 2.7721399134964306, 2.151670190805273, 2.159130929332448, 1.092477871629444, 1.0932629464131673], [8.752404303390012, 7.3215400572557146, 6.410353280436266, 4.933120433356559, 4.267546548076541, 2.846352478172723, 1.9489937044536598, 0.0, 8.95049274453647, 9.13256398061355, 9.451492521818976, 7.143844503486901, 7.369205771994699, 6.877854794919707, 6.634352710702077, 4.665098743863843, 4.994295410766167, 4.982693451337339, 4.553609465028814, 2.9554427096460523, 3.0227045786844604, 2.482921839285321, 2.491052598802362], [1.094703110436798, 2.168635806215511, 2.7819900161574993, 4.200368452886009, 5.20006788705686, 6.614388701913428, 7.0264837386846635, 8.95049274453647, 0.0, 1.7747010424294005, 1.7720270708993133, 2.5025915847377096, 3.065269276915162, 3.1114840912336352, 2.5604148609160977, 4.375231973278674, 4.728965916561464, 5.336118523796112, 5.111747479091665, 7.335687317491116, 6.945164513530258, 6.674076623024342, 6.985538543305019], [1.094665250202088, 2.1685936664114833, 2.7820385655127073, 4.200184192389663, 5.201131088522956, 6.58638830695549, 7.300115816889483, 9.13256398061355, 1.7747010424294005, 0.0, 1.7719298434193156, 3.0650945091464963, 2.5026478317973546, 2.5592781677652785, 3.1127123044059175, 4.718884225110847, 4.384234586561262, 5.047058241193577, 5.419070837329957, 7.282353532341038, 6.6796615385811275, 6.98453424503023, 7.484561011174937], [1.094479392222622, 2.159182905638149, 3.4707978261489103, 4.6792350357724075, 5.971230379913338, 7.23181847808696, 7.630135011256354, 9.451492521818976, 1.7720270708993133, 1.7719298434193156, 0.0, 2.473016833747801, 2.473247027694565, 3.752946984704154, 3.753962740891284, 4.824547854462633, 4.836585227203177, 6.106401200379811, 6.161873404249717, 8.085241309942456, 7.319708520152971, 7.088908702332116, 7.7989920310255485], [2.146159532746809, 1.096205701499495, 2.1626704718934877, 2.7599616120518777, 4.179741488417675, 5.230216123641546, 5.342705019931382, 7.143844503486901, 2.5025915847377096, 3.0650945091464963, 2.473016833747801, 0.0, 1.764936525770828, 3.0670109047735714, 2.508642760538056, 2.5219897422471806, 3.089711403998762, 4.68751152958582, 4.374112596858933, 6.18661479809435, 5.412233331998908, 4.711032630963195, 5.508400771548852], [2.1463265874512203, 1.096231864160133, 2.162566551577084, 2.7594508185506768, 4.180789256826992, 5.19468368623153, 5.695644961722947, 7.369205771994699, 3.065269276915162, 2.5026478317973546, 2.473247027694565, 1.764936525770828, 0.0, 2.5082841406028944, 3.0673171893366353, 3.076902185640616, 2.5339424815887197, 4.357239984210188, 4.727475667837964, 6.123345828874929, 5.06873401748405, 5.138946581742215, 6.125416402172182], [2.749699403571234, 2.158926077937825, 1.0968785165185797, 2.1612752231032495, 2.754589606456831, 4.163090905805444, 5.099284955756052, 6.877854794919707, 3.1114840912336352, 2.5592781677652785, 3.752946984704154, 3.0670109047735714, 2.5082841406028944, 0.0, 1.7649969206772005, 3.06124302040854, 2.5060007761371503, 2.487949205671209, 3.12009063650401, 4.762527684958902, 4.325973741251789, 5.030554271648403, 5.3389241285112865], [2.7507949178373874, 2.1594635815405643, 1.096845809583097, 2.1607914151995327, 2.751580892868679, 4.2058915368801415, 4.700317762662435, 6.634352710702077, 2.5604148609160977, 3.1127123044059175, 3.753962740891284, 2.508642760538056, 3.0673171893366353, 1.7649969206772005, 0.0, 2.5017532372318416, 3.065962579680319, 3.0282207284146248, 2.5517322998308427, 4.84215789292336, 4.722465608133107, 4.591200205828537, 4.616523770111013], [4.156759398858683, 2.7432845823938865, 2.1537254676490223, 1.0957386002144855, 2.1661773357691656, 2.8373754739195163, 2.8277267636743124, 4.665098743863843, 4.375231973278674, 4.718884225110847, 4.824547854462633, 2.5219897422471806, 3.076902185640616, 3.06124302040854, 2.5017532372318416, 0.0, 1.7656444092738492, 3.0646394861386224, 2.495887443375602, 3.841831677728737, 3.1767747071518935, 2.316870240216314, 3.099954119015312], [4.167616304315934, 2.755160151424959, 2.16042708046349, 1.0966703515642247, 2.1610309275898856, 2.761081646746434, 3.4404629005411467, 4.994295410766167, 4.728965916561464, 4.384234586561262, 4.836585227203177, 3.089711403998762, 2.5339424815887197, 2.5060007761371503, 3.065962579680319, 1.7656444092738492, 0.0, 2.5236836053673604, 3.067752912149217, 3.7281840110166238, 2.5373810829278285, 3.0904326379974694, 4.090154938385586], [5.1262280343347975, 4.147008109468802, 2.717250877265476, 2.1546804264205863, 1.0971125056255626, 2.143720933330642, 3.4685550896590938, 4.982693451337339, 5.336118523796112, 5.047058241193577, 6.106401200379811, 4.68751152958582, 4.357239984210188, 2.487949205671209, 3.0282207284146248, 3.0646394861386224, 2.5236836053673604, 0.0, 1.7604510870796726, 2.395052588149162, 2.4916883954459474, 3.88259208905597, 3.771571966700357], [5.190841115850108, 4.190819787344715, 2.7789231331578783, 2.1632728191330837, 1.0968167303610936, 2.1615895516956956, 2.7721399134964306, 4.553609465028814, 5.111747479091665, 5.419070837329957, 6.161873404249717, 4.374112596858933, 4.727475667837964, 3.12009063650401, 2.5517322998308427, 2.495887443375602, 3.067752912149217, 1.7604510870796726, 0.0, 2.4946710905448035, 3.0670942355917266, 3.221638803466335, 2.587951284317384], [7.1781342548046565, 5.9681446312903645, 4.660414894620435, 3.48036097553113, 2.1427927781285803, 1.0976603208643374, 2.151670190805273, 2.9554427096460523, 7.335687317491116, 7.282353532341038, 8.085241309942456, 6.18661479809435, 6.123345828874929, 4.762527684958902, 4.84215789292336, 3.841831677728737, 3.7281840110166238, 2.395052588149162, 2.4946710905448035, 0.0, 1.7563289042773282, 3.078306396380971, 2.533449707414773], [6.551654134644167, 5.190324038053886, 4.17841724221026, 2.785668110166751, 2.1614971732574624, 1.0972863527812602, 2.159130929332448, 3.0227045786844604, 6.945164513530258, 6.6796615385811275, 7.319708520152971, 5.412233331998908, 5.06873401748405, 4.325973741251789, 4.722465608133107, 3.1767747071518935, 2.5373810829278285, 2.4916883954459474, 3.0670942355917266, 1.7563289042773282, 0.0, 2.508745600893004, 3.0826602245463253], [6.4663361813317435, 5.016250166209816, 4.328378620222589, 2.8909062022141088, 2.883448230851388, 2.185665365512296, 1.092477871629444, 2.482921839285321, 6.674076623024342, 6.98453424503023, 7.088908702332116, 4.711032630963195, 5.138946581742215, 5.030554271648403, 4.591200205828537, 2.316870240216314, 3.0904326379974694, 3.88259208905597, 3.221638803466335, 3.078306396380971, 2.508745600893004, 0.0, 1.7872626583689368], [7.0181129828466, 5.744192430620687, 4.715892586775063, 3.5030983971336003, 2.8080521665382214, 2.180135871912574, 1.0932629464131673, 2.491052598802362, 6.985538543305019, 7.484561011174937, 7.7989920310255485, 5.508400771548852, 6.125416402172182, 5.3389241285112865, 4.616523770111013, 3.099954119015312, 4.090154938385586, 3.771571966700357, 2.587951284317384, 2.533449707414773, 3.0826602245463253, 1.7872626583689368, 0.0]]}