{"total energy": -24.20211185, "HOMO-LUMO gap/eV": 6.84029077, "electronic energy": -24.62965347, "dipole": [-0.23369538, -0.12013221, -0.03879705], "partial charges": [-0.10004303, -0.05153019, -0.05821314, -0.05710413, -0.05019706, -0.03864261, -0.02645105, -0.11409763, 0.03157457, 0.03088468, 0.03189888, 0.02864192, 0.02905739, 0.02946932, 0.02960109, 0.0332698, 0.02790449, 0.02927318, 0.03353276, 0.04608114, 0.04715854, 0.0679311], "atomic dipole moments": [[0.07126584, -0.06006315, 0.03442886], [0.01795668, 0.10672702, -0.02946492], [-0.01394364, -0.10557842, 0.02316512], [-0.08557671, 0.02456751, 0.06836297], [0.09040398, -0.02654482, -0.06147556], [-0.056785, 0.06447092, -0.02623984], [-0.3596263, -0.22218758, -0.04731838], [0.28054761, 0.17603502, 0.03947483], [0.02550024, 0.04004383, -0.11661979], [-0.10895479, -0.06020119, -0.00399466], [-0.01462049, 0.10077298, 0.07443571], [0.00374594, -0.09912293, -0.07366441], [-0.03767646, -0.03975947, 0.11059785], [0.02930652, 0.04818128, -0.10842516], [-0.00502727, 0.09870193, 0.07624112], [0.10391249, 0.06500509, -0.01839419], [0.00909645, -0.09409531, -0.08057481], [-0.10070647, -0.06931161, 0.01273775], [-0.0155749, 0.09742305, 0.08106127], [-0.03385682, -0.05927957, 0.10861136], [0.01397194, -0.09917484, -0.08495329], [0.18085379, 0.11318673, 0.02445817]], "atomic quadrupole moments": [[0.07111484, -0.14554709, 0.01413445, 0.08748963, -0.07774752, -0.08524929], [0.19038096, -0.01868289, -0.00360833, 0.09942833, -0.07852855, -0.18677263], [0.21233699, -0.01995708, -0.01620645, 0.07501192, -0.05741364, -0.19613054], [-0.01657831, -0.14468825, -0.06458738, 0.02668216, -0.14758061, 0.08116569], [0.01573914, -0.14612714, -0.08874976, 0.03554928, -0.15020911, 0.07301062], [0.13113076, -0.08535367, -0.00870098, 0.07297979, -0.05383659, -0.12242978], [-0.54402151, -0.65389622, 0.08243156, -0.14518081, -0.09302448, 0.46158995], [-0.63576915, -0.75761749, 0.09932104, -0.16278626, -0.10593042, 0.53644811], [-0.02629288, -0.00183232, -0.03225665, -0.03563382, -0.03410958, 0.05854953], [0.05121644, 0.05092493, 0.0001214, 0.00637063, -0.007102, -0.05133784], [-0.04248229, -0.01046649, 0.03081882, 0.00734544, 0.05831155, 0.01166348], [-0.01785856, -0.01188044, 0.01297275, -0.00288081, 0.04740225, 0.00488581], [-0.01486904, 0.00161742, -0.034365, -0.01162557, -0.02248102, 0.04923404], [-0.00875466, 0.0025868, -0.0384724, -0.01074581, -0.02899361, 0.04722706], [-0.01536597, -0.00586371, 0.00287081, -0.00455299, 0.0501531, 0.01249516], [0.03347519, 0.03890045, -0.00434606, 0.01059425, -0.01173189, -0.02912913], [-0.04078269, 0.00236088, 0.03501207, 0.00947371, 0.03598493, 0.00577062], [0.02716135, 0.04063557, -0.00205112, 0.01271044, -0.01332302, -0.02511023], [-0.03644297, -0.0016308, 0.0300677, 0.00879071, 0.03599626, 0.00637527], [-0.01098953, 0.00177101, -0.0332064, -0.01179691, -0.03738532, 0.04419593], [-0.01687016, -0.01709689, -0.00225695, -0.00679514, 0.04686419, 0.01912711], [-0.02276354, -0.02622601, 0.00368454, -0.00547858, -0.00333326, 0.019079]], "number of molecular orbitals": 46, "number of electrons": 46, "number of unpaired electrons": 0, "orbital energies/eV": [-17.00466563, -16.7913637, -16.42916291, -16.18369674, -15.65157149, -15.33029995, -14.97773692, -14.26197981, -13.89545692, -13.73612405, -13.65702927, -13.22732236, -13.09758665, -12.85797672, -12.47461468, -12.39504429, -12.07171391, -11.82593541, -11.73711339, -11.44683671, -11.33088416, -10.88545029, -10.80225805, -3.96196727, -3.84919406, 1.24072132, 1.90633419, 2.5207851, 3.03119999, 3.52237805, 3.54841439, 3.79334172, 4.41557238, 4.50441069, 4.72448852, 5.16443915, 5.44266805, 5.99252972, 6.19295128, 6.80733487, 7.07761901, 7.37568962, 7.67945982, 8.26799178, 8.86261006, 38.02338411], "fractional occupation": [2.0, 2.0, 2.0, 2.0, 2.0, 2.0, 2.0, 2.0, 2.0, 2.0, 2.0, 2.0, 2.0, 2.0, 2.0, 2.0, 2.0, 2.0, 2.0, 2.0, 2.0, 2.0, 2.0, 0.0, 0.0, 0.0, 0.0, 0.0, 0.0, 0.0, 0.0, 0.0, 0.0, 0.0, 0.0, 0.0, 0.0, 0.0, 0.0, 0.0, 0.0, 0.0, 0.0, 0.0, 0.0, 0.0], "program call": "xtb /home/svss/Project-DBcg-Debug/aqme2_20220329/End-to-End-workflows-final/example-3/QDESCP/mol_51_rdkit_conf_10/mol_51_rdkit_conf_10.xyz --pop --wbo --acc 0.2 --gfn 2 --chrg 0 --uhf 0 --etemp 300 --input /home/svss/Project-DBcg-Debug/aqme2_20220329/End-to-End-workflows-final/example-3/QDESCP/mol_51_rdkit_conf_10/mol_51_rdkit_conf_10_xtb.inp", "method": "GFN2-xTB", "xtb version": "6.3.3 (7355c4f)", "Dipole module/D": 0.675, "Total charge": 0, "Transition dipole module/D": NaN, "HOMO": -10.8023, "LUMO": -3.962, "HOMO occupancy": 2.0, "LUMO occupancy": 0, "mulliken charges": [-0.0832, -0.04037, -0.04701, -0.04715, -0.04201, -0.02137, -0.02743, -0.10612, 0.0268, 0.02815, 0.02691, 0.02214, 0.02164, 0.02521, 0.02387, 0.0281, 0.02292, 0.02506, 0.02851, 0.03893, 0.03789, 0.05855], "cm5 charges": [-0.23363, -0.15308, -0.15753, -0.15712, -0.15112, -0.12392, -0.03965, -0.15769, 0.07808, 0.07893, 0.0782, 0.07697, 0.07692, 0.0801, 0.07906, 0.08382, 0.0782, 0.08057, 0.084, 0.09376, 0.09314, 0.11198], "FUKUI+": [0.008, 0.005, 0.006, 0.008, 0.001, 0.017, -0.238, -0.202, -0.012, -0.017, -0.009, -0.01, -0.002, -0.027, -0.013, 0.003, -0.026, -0.068, -0.038, -0.098, -0.1, -0.191], "FUKUI-": [0.02, 0.005, 0.011, 0.005, 0.005, 0.008, -0.064, -0.084, -0.072, -0.055, -0.053, -0.065, -0.088, -0.085, -0.054, -0.056, -0.039, -0.053, -0.039, -0.095, -0.071, -0.082], "FUKUIrad": [0.014, 0.005, 0.008, 0.007, 0.003, 0.013, -0.151, -0.143, -0.042, -0.036, -0.031, -0.038, -0.045, -0.056, -0.033, -0.027, -0.033, -0.06, -0.038, -0.096, -0.085, -0.136], "s proportion": [1.008, 1.027, 1.032, 1.032, 1.032, 1.021, 1.113, 1.088, 0.973, 0.972, 0.973, 0.978, 0.978, 0.975, 0.976, 0.972, 0.977, 0.975, 0.971, 0.961, 0.962, 0.941], "p proportion": [3.076, 3.014, 3.015, 3.015, 3.01, 3.001, 2.914, 3.018, 0.0, 0.0, 0.0, 0.0, 0.0, 0.0, 0.0, 0.0, 0.0, 0.0, 0.0, 0.0, 0.0, 0.0], "d proportion": [0.0, 0.0, 0.0, 0.0, 0.0, 0.0, 0.0, 0.0, 0.0, 0.0, 0.0, 0.0, 0.0, 0.0, 0.0, 0.0, 0.0, 0.0, 0.0, 0.0, 0.0, 0.0], "Fermi-level/eV": -7.3821, "Coordination numbers": [3.75, 3.799, 3.801, 3.799, 3.802, 3.802, 1.964, 1.908, 0.924, 0.924, 0.924, 0.924, 0.924, 0.924, 0.924, 0.924, 0.924, 0.924, 0.924, 0.924, 0.924, 0.927], "Dispersion coefficient C6": [22.474, 21.5, 21.622, 21.603, 21.473, 21.264, 31.774, 34.284, 2.564, 2.574, 2.56, 2.606, 2.6, 2.594, 2.592, 2.541, 2.617, 2.597, 2.537, 2.37, 2.356, 2.108], "Total dispersion C6": 3783.529652, "Total dispersion C8": 83330.817125, "Polarizability alpha": [6.761, 6.602, 6.62, 6.618, 6.597, 6.565, 9.103, 9.456, 2.504, 2.509, 2.502, 2.525, 2.522, 2.519, 2.518, 2.493, 2.53, 2.52, 2.491, 2.407, 2.4, 2.27], "Total polarizability alpha": 93.032023, "Wiberg matrix": [[0.0, 1.0196965100761965, 0.0, 0.0, 0.0, 0.0, 0.0, 0.0, 0.9876578799582921, 0.9875071077328054, 0.9878414084758047, 0.0, 0.0, 0.0, 0.0, 0.0, 0.0, 0.0, 0.0, 0.0, 0.0, 0.0], [1.0196965100761965, 0.0, 1.0088584732843824, 0.0, 0.0, 0.0, 0.0, 0.0, 0.0, 0.0, 0.0, 0.9779884165429116, 0.9762945619191281, 0.0, 0.0, 0.0, 0.0, 0.0, 0.0, 0.0, 0.0, 0.0], [0.0, 1.0088584732843824, 0.0, 1.0062117118791571, 0.0, 0.0, 0.0, 0.0, 0.0, 0.0, 0.0, 0.0, 0.0, 0.9767582314677019, 0.9772136864231689, 0.0, 0.0, 0.0, 0.0, 0.0, 0.0, 0.0], [0.0, 0.0, 1.0062117118791571, 0.0, 1.008672980503695, 0.0, 0.0, 0.0, 0.0, 0.0, 0.0, 0.0, 0.0, 0.0, 0.0, 0.9765846423172805, 0.9772366557569613, 0.0, 0.0, 0.0, 0.0, 0.0], [0.0, 0.0, 0.0, 1.008672980503695, 0.0, 0.9894770746940139, 0.0, 0.0, 0.0, 0.0, 0.0, 0.0, 0.0, 0.0, 0.0, 0.0, 0.0, 0.9745845400785662, 0.9776355185886286, 0.0, 0.0, 0.0], [0.0, 0.0, 0.0, 0.0, 0.9894770746940139, 0.0, 1.0450000265504504, 0.0, 0.0, 0.0, 0.0, 0.0, 0.0, 0.0, 0.0, 0.0, 0.0, 0.0, 0.0, 0.9571721771882405, 0.9578430936923479, 0.0], [0.0, 0.0, 0.0, 0.0, 0.0, 1.0450000265504504, 0.0, 2.902197320254621, 0.0, 0.0, 0.0, 0.0, 0.0, 0.0, 0.0, 0.0, 0.0, 0.0, 0.0, 0.0, 0.0, 0.0], [0.0, 0.0, 0.0, 0.0, 0.0, 0.0, 2.902197320254621, 0.0, 0.0, 0.0, 0.0, 0.0, 0.0, 0.0, 0.0, 0.0, 0.0, 0.0, 0.0, 0.0, 0.0, 0.9709095262861879], [0.9876578799582921, 0.0, 0.0, 0.0, 0.0, 0.0, 0.0, 0.0, 0.0, 0.0, 0.0, 0.0, 0.0, 0.0, 0.0, 0.0, 0.0, 0.0, 0.0, 0.0, 0.0, 0.0], [0.9875071077328054, 0.0, 0.0, 0.0, 0.0, 0.0, 0.0, 0.0, 0.0, 0.0, 0.0, 0.0, 0.0, 0.0, 0.0, 0.0, 0.0, 0.0, 0.0, 0.0, 0.0, 0.0], [0.9878414084758047, 0.0, 0.0, 0.0, 0.0, 0.0, 0.0, 0.0, 0.0, 0.0, 0.0, 0.0, 0.0, 0.0, 0.0, 0.0, 0.0, 0.0, 0.0, 0.0, 0.0, 0.0], [0.0, 0.9779884165429116, 0.0, 0.0, 0.0, 0.0, 0.0, 0.0, 0.0, 0.0, 0.0, 0.0, 0.0, 0.0, 0.0, 0.0, 0.0, 0.0, 0.0, 0.0, 0.0, 0.0], [0.0, 0.9762945619191281, 0.0, 0.0, 0.0, 0.0, 0.0, 0.0, 0.0, 0.0, 0.0, 0.0, 0.0, 0.0, 0.0, 0.0, 0.0, 0.0, 0.0, 0.0, 0.0, 0.0], [0.0, 0.0, 0.9767582314677019, 0.0, 0.0, 0.0, 0.0, 0.0, 0.0, 0.0, 0.0, 0.0, 0.0, 0.0, 0.0, 0.0, 0.0, 0.0, 0.0, 0.0, 0.0, 0.0], [0.0, 0.0, 0.9772136864231689, 0.0, 0.0, 0.0, 0.0, 0.0, 0.0, 0.0, 0.0, 0.0, 0.0, 0.0, 0.0, 0.0, 0.0, 0.0, 0.0, 0.0, 0.0, 0.0], [0.0, 0.0, 0.0, 0.9765846423172805, 0.0, 0.0, 0.0, 0.0, 0.0, 0.0, 0.0, 0.0, 0.0, 0.0, 0.0, 0.0, 0.0, 0.0, 0.0, 0.0, 0.0, 0.0], [0.0, 0.0, 0.0, 0.9772366557569613, 0.0, 0.0, 0.0, 0.0, 0.0, 0.0, 0.0, 0.0, 0.0, 0.0, 0.0, 0.0, 0.0, 0.0, 0.0, 0.0, 0.0, 0.0], [0.0, 0.0, 0.0, 0.0, 0.9745845400785662, 0.0, 0.0, 0.0, 0.0, 0.0, 0.0, 0.0, 0.0, 0.0, 0.0, 0.0, 0.0, 0.0, 0.0, 0.0, 0.0, 0.0], [0.0, 0.0, 0.0, 0.0, 0.9776355185886286, 0.0, 0.0, 0.0, 0.0, 0.0, 0.0, 0.0, 0.0, 0.0, 0.0, 0.0, 0.0, 0.0, 0.0, 0.0, 0.0, 0.0], [0.0, 0.0, 0.0, 0.0, 0.0, 0.9571721771882405, 0.0, 0.0, 0.0, 0.0, 0.0, 0.0, 0.0, 0.0, 0.0, 0.0, 0.0, 0.0, 0.0, 0.0, 0.0, 0.0], [0.0, 0.0, 0.0, 0.0, 0.0, 0.9578430936923479, 0.0, 0.0, 0.0, 0.0, 0.0, 0.0, 0.0, 0.0, 0.0, 0.0, 0.0, 0.0, 0.0, 0.0, 0.0, 0.0], [0.0, 0.0, 0.0, 0.0, 0.0, 0.0, 0.0, 0.9709095262861879, 0.0, 0.0, 0.0, 0.0, 0.0, 0.0, 0.0, 0.0, 0.0, 0.0, 0.0, 0.0, 0.0, 0.0]], "Born radii": [], "Atomic SASAs": [], "Solvent H bonds": [], "Total SASA": NaN, "Total FOD": 0.0, "FOD": [0.0, 0.0, 0.0, 0.0, 0.0, 0.0, 0.0, 0.0, 0.0, 0.0, 0.0, 0.0, 0.0, 0.0, 0.0, 0.0, 0.0, 0.0, 0.0, 0.0, 0.0, 0.0], "FOD s proportion": [0.0, 0.0, 0.0, 0.0, 0.0, 0.0, 0.0, 0.0, 0.0, 0.0, 0.0, 0.0, 0.0, 0.0, 0.0, 0.0, 0.0, 0.0, 0.0, 0.0, 0.0, 0.0], "FOD p proportion": [0.0, 0.0, 0.0, 0.0, 0.0, 0.0, 0.0, 0.0, 0.0, 0.0, 0.0, 0.0, 0.0, 0.0, 0.0, 0.0, 0.0, 0.0, 0.0, 0.0, 0.0, 0.0], "FOD d proportion": [0.0, 0.0, 0.0, 0.0, 0.0, 0.0, 0.0, 0.0, 0.0, 0.0, 0.0, 0.0, 0.0, 0.0, 0.0, 0.0, 0.0, 0.0, 0.0, 0.0, 0.0, 0.0], "coordinates": [["-2.96840", "1.07530", "-1.54920"], ["-1.88620", "0.14280", "-1.02610"], ["-0.53040", "0.84650", "-0.95690"], ["0.61900", "-0.08050", "-0.54860"], ["0.50110", "-0.59740", "0.89010"], ["1.68920", "-1.46830", "1.30550"], ["2.92420", "-0.68720", "1.47220"], ["3.93460", "-0.05310", "1.61040"], ["-2.73120", "1.42470", "-2.55910"], ["-3.93060", "0.55510", "-1.58750"], ["-3.08010", "1.94950", "-0.89990"], ["-1.81910", "-0.73290", "-1.68170"], ["-2.18230", "-0.21340", "-0.03380"], ["-0.29540", "1.26620", "-1.94320"], ["-0.58620", "1.69190", "-0.26030"], ["1.55580", "0.47780", "-0.66230"], ["0.67100", "-0.92810", "-1.24270"], ["-0.40690", "-1.20410", "0.98340"], ["0.39510", "0.24870", "1.58050"], ["1.45050", "-1.95680", "2.25780"], ["1.84540", "-2.26660", "0.57090"], ["4.83100", "0.50990", "1.73280"]], "bond_dist": [[0.0, 1.5212977026210222, 2.5193278329745015, 3.8995528923198357, 4.559116145701927, 6.025981315105449, 6.8525906757955415, 7.675139589610081, 1.0946425032858902, 1.094487903085274, 1.094665711530237, 2.1466331731341524, 2.1389572365991794, 2.7086173243926503, 2.777829298211105, 4.648869056017818, 4.165667553946186, 4.262746693154544, 4.6681283080052545, 6.573701896192129, 6.23183681269014, 8.480674591092386], [1.5212977026210222, 0.0, 1.5291095349908719, 2.560057847002681, 3.1494316582520097, 4.562399251490382, 5.483643957260536, 6.393060433000771, 2.169650112345306, 2.1597992059448488, 2.1692138068894917, 1.095976395731222, 1.0950858139890225, 2.1526134371967487, 2.1624431668832362, 3.4773466091259873, 2.7808297700506586, 2.8355878314733967, 3.4655314253372453, 5.130875779045913, 4.720217783111283, 7.27097431297897], [2.5193278329745015, 1.5291095349908719, 0.0, 1.5320438146476099, 2.5612981981799776, 3.9247136150297637, 4.492997180056983, 5.228435181772841, 2.7829625796981174, 3.470436623827036, 2.7786378119503086, 2.163466452247411, 2.1689341230198766, 1.0973425991913373, 1.0968438175054822, 2.1389154471367027, 2.162001100832282, 2.825770107422046, 2.766281592679964, 4.702845073995102, 4.203568732636592, 6.00769470013249], [3.8995528923198357, 2.560057847002681, 1.5320438146476099, 0.0, 1.5332787450427923, 2.5512749146260187, 3.1250063311935867, 3.9566697006447225, 4.187072644461761, 4.709794128197112, 4.234105867830893, 2.766563388032163, 2.851309022186126, 2.1435105341471967, 2.162643218378843, 1.0964583074608902, 1.0967700625017078, 2.1591599685988996, 2.166003384115547, 3.4767477475364816, 2.7452450564567092, 4.826417110031001], [4.559116145701927, 3.1494316582520097, 2.5612981981799776, 1.5332787450427923, 0.0, 1.530557277595321, 2.493655561620329, 3.550213631600217, 5.1413648324156105, 5.2064117105738, 4.745080931870393, 3.466387677395591, 2.8638580219696648, 3.483533565217938, 2.7832599483339675, 2.16295928995439, 2.1649628957559526, 1.0960172352659423, 1.0971660630916362, 2.1494027100569126, 2.1668548105491516, 4.5479985257253555], [6.025981315105449, 4.562399251490382, 3.9247136150297637, 2.5512749146260187, 1.530557277595321, 0.0, 1.4707586817693783, 2.671624264375513, 6.545572421110319, 6.636697115282571, 6.268282738517783, 4.666084642395592, 4.284508227323178, 4.6872357632190855, 4.197146511619532, 2.7708008968527493, 2.796760719117744, 2.1370973913231, 2.167581327193976, 1.09657887541207, 1.0960467553895683, 3.737213904769167], [6.8525906757955415, 5.483643957260536, 4.492997180056983, 3.1250063311935867, 2.493655561620329, 1.4707586817693783, 0.0, 1.200870605019542, 7.259135655158953, 7.608768390482129, 6.973568942084103, 5.696320618609875, 5.344985003720778, 5.083950519035369, 4.580893059218911, 2.790310701337756, 3.5363293200718737, 3.4062205242761365, 2.6988857904698373, 2.097818679009223, 2.1143924635696183, 2.266461340945396], [7.675139589610081, 6.393060433000771, 5.228435181772841, 3.9566697006447225, 3.550213631600217, 2.671624264375513, 1.200870605019542, 0.0, 8.000094545066327, 8.512217260502695, 7.714792864361297, 6.663716240957444, 6.3360520310363615, 5.679923014443066, 5.194437036869347, 3.332522999170448, 4.422317217251607, 4.535036080341588, 3.5524692116892447, 3.1959276055630546, 3.216348727983332, 1.0655907844946861], [1.0946425032858902, 2.169650112345306, 2.7829625796981174, 4.187072644461761, 5.1413648324156105, 6.545572421110319, 7.259135655158953, 8.000094545066327, 0.0, 1.7716577208930626, 1.7748495401019206, 2.5013985947865245, 3.0597063437526155, 2.5174544087232245, 3.155455954374898, 4.7825556818504475, 4.340914839063305, 4.986207594956311, 5.319117957894899, 7.219673313246244, 6.660920600787852, 8.743233583177338], [1.094487903085274, 2.1597992059448488, 3.470436623827036, 4.709794128197112, 5.2064117105738, 6.636697115282571, 7.608768390482129, 8.512217260502695, 1.7716577208930626, 0.0, 1.7721442858864513, 2.4751262371846816, 2.4619359922629993, 3.7211375599405083, 3.7734315205128612, 5.56440071256555, 4.847008545484524, 4.7032725989463975, 5.370454864348084, 7.074758717440476, 6.78106609981056, 9.369742242452565], [1.094665711530237, 2.1692138068894917, 2.7786378119503086, 4.234105867830893, 4.745080931870393, 6.268282738517783, 6.973568942084103, 7.714792864361297, 1.7748495401019206, 1.7721442858864513, 0.0, 3.065387740563989, 2.4968601202310072, 3.051217440629232, 2.5874665466436473, 4.869694390821666, 4.740131307252996, 4.542907669103567, 4.595880746929798, 6.76436141405824, 6.6482555681923055, 8.461031890969329], [2.1466331731341524, 1.095976395731222, 2.163466452247411, 2.766563388032163, 3.466387677395591, 4.666084642395592, 5.696320618609875, 6.663716240957444, 2.5013985947865245, 2.4751262371846816, 3.065387740563989, 0.0, 1.7656072326539671, 2.527141616530423, 3.069214135572818, 3.7275891484979944, 2.5360248520075666, 3.052719490880221, 4.063024617203297, 5.263827088725464, 4.566727789128667, 7.5780731126058685], [2.1389572365991794, 1.0950858139890225, 2.1689341230198766, 2.851309022186126, 2.8638580219696648, 4.284508227323178, 5.344985003720778, 6.3360520310363615, 3.0597063437526155, 2.4619359922629993, 2.4968601202310072, 1.7656072326539671, 0.0, 3.0651943054233937, 2.495797577929749, 3.85307167075828, 3.1801817856845855, 2.273373592263269, 3.0761163274492724, 4.635526934448769, 4.5611028951340264, 7.268453435222655], [2.7086173243926503, 2.1526134371967487, 1.0973425991913373, 2.1435105341471967, 3.483533565217938, 4.6872357632190855, 5.083950519035369, 5.679923014443066, 2.5174544087232245, 3.7211375599405083, 3.051217440629232, 2.527141616530423, 3.0651943054233937, 0.0, 1.7600958894333003, 2.385208756063083, 2.497915470947726, 3.831422960206821, 3.732098362851654, 5.575329300588441, 4.835741855186234, 6.353341061992501], [2.777829298211105, 2.1624431668832362, 1.0968438175054822, 2.162643218378843, 2.7832599483339675, 4.197146511619532, 4.580893059218911, 5.194437036869347, 3.155455954374898, 3.7734315205128612, 2.5874665466436473, 3.069214135572818, 2.495797577929749, 1.7600958894333003, 0.0, 2.494755861802914, 3.0675823705322083, 3.156858276831572, 2.53659625679768, 4.878727927441742, 4.719459105660309, 5.891996898335911], [4.648869056017818, 3.4773466091259873, 2.1389154471367027, 1.0964583074608902, 2.16295928995439, 2.7708008968527493, 2.790310701337756, 3.332522999170448, 4.7825556818504475, 5.56440071256555, 4.869694390821666, 3.7275891484979944, 3.85307167075828, 2.385208756063083, 2.494755861802914, 0.0, 1.7596278043950089, 3.064197674759251, 2.535717480319919, 3.803333966403687, 3.022644828622774, 4.057643338195215], [4.165667553946186, 2.7808297700506586, 2.162001100832282, 1.0967700625017078, 2.1649628957559526, 2.796760719117744, 3.5363293200718737, 4.422317217251607, 4.340914839063305, 4.847008545484524, 4.740131307252996, 2.5360248520075666, 3.1801817856845855, 2.497915470947726, 3.0675823705322083, 1.7596278043950089, 0.0, 2.488687529602702, 3.071064520650779, 3.730863732435158, 2.5416417076370146, 5.312912972183904], [4.262746693154544, 2.8355878314733967, 2.825770107422046, 2.1591599685988996, 1.0960172352659423, 2.1370973913231, 3.4062205242761365, 4.535036080341588, 4.986207594956311, 4.7032725989463975, 4.542907669103567, 3.052719490880221, 2.273373592263269, 3.831422960206821, 3.156858276831572, 3.064197674759251, 2.488687529602702, 0.0, 1.763621345414032, 2.374992086302605, 2.524265792265149, 5.561923477539043], [4.6681283080052545, 3.4655314253372453, 2.766281592679964, 2.166003384115547, 1.0971660630916362, 2.167581327193976, 2.6988857904698373, 3.5524692116892447, 5.319117957894899, 5.370454864348084, 4.595880746929798, 4.063024617203297, 3.0761163274492724, 3.732098362851654, 2.53659625679768, 2.535717480319919, 3.071064520650779, 1.763621345414032, 0.0, 2.537091779971706, 3.0739870429134863, 4.446192701626865], [6.573701896192129, 5.130875779045913, 4.702845073995102, 3.4767477475364816, 2.1494027100569126, 1.09657887541207, 2.097818679009223, 3.1959276055630546, 7.219673313246244, 7.074758717440476, 6.76436141405824, 5.263827088725464, 4.635526934448769, 5.575329300588441, 4.878727927441742, 3.803333966403687, 3.730863732435158, 2.374992086302605, 2.537091779971706, 0.0, 1.7599868351780363, 4.217583922105167], [6.23183681269014, 4.720217783111283, 4.203568732636592, 2.7452450564567092, 2.1668548105491516, 1.0960467553895683, 2.1143924635696183, 3.216348727983332, 6.660920600787852, 6.78106609981056, 6.6482555681923055, 4.566727789128667, 4.5611028951340264, 4.835741855186234, 4.719459105660309, 3.022644828622774, 2.5416417076370146, 2.524265792265149, 3.0739870429134863, 1.7599868351780363, 0.0, 4.239430530153785], [8.480674591092386, 7.27097431297897, 6.00769470013249, 4.826417110031001, 4.5479985257253555, 3.737213904769167, 2.266461340945396, 1.0655907844946861, 8.743233583177338, 9.369742242452565, 8.461031890969329, 7.5780731126058685, 7.268453435222655, 6.353341061992501, 5.891996898335911, 4.057643338195215, 5.312912972183904, 5.561923477539043, 4.446192701626865, 4.217583922105167, 4.239430530153785, 0.0]]}