{"total energy": -64.59315834, "HOMO-LUMO gap/eV": 3.79851503, "electronic energy": -65.43938626, "dipole": [-0.86934843, -0.5625054, 0.79555047], "partial charges": [0.03650678, -0.29369202, 0.39852843, -0.44395129, -0.16499071, 0.08295993, -0.05014301, -0.02822928, -0.05136904, 0.14991078, -0.30250834, 0.39678951, -0.43639215, -0.16622945, 0.07662439, -0.05763512, -0.03113186, -0.04606388, 0.02182775, -0.10968413, -0.05666102, -0.06314686, 0.06389685, 0.06518082, 0.06319418, 0.19920101, 0.07918565, 0.05312983, 0.05417399, 0.19470068, 0.028421, 0.0352099, 0.03387093, 0.0483572, 0.05293916, 0.04412089, 0.06876565, 0.05433286], "atomic dipole moments": [[-0.24276217, -0.10156063, -0.04978272], [0.17731495, -0.01539135, -0.16481286], [-0.00836793, 0.05544562, 0.12705711], [-0.14203208, 0.01808096, 0.1431679], [0.03344469, -0.00090057, -0.03298699], [0.084078, 0.08623179, 0.13347438], [-0.04661528, 0.00467235, 0.04735978], [-0.00972579, 0.00397032, 0.01083043], [-0.0124502, 0.00650118, 0.03933944], [-0.2641735, -0.05458171, 0.05170702], [0.05469893, 0.19976651, 0.03781026], [0.07336526, -0.10809592, -0.04246023], [-0.04048614, -0.18663825, -0.02893648], [0.01263949, 0.04071269, 0.0037732], [0.17718223, -0.0676156, -0.05522804], [0.04075346, 0.02278221, -0.0047309], [0.00660775, -0.00648369, -0.00212654], [0.01049108, 0.00172273, -0.00380367], [0.00117175, 0.08222733, 0.02085636], [0.00703056, -0.0732242, -0.02707087], [-0.01145285, -0.05200387, -0.00883734], [0.02696124, 0.00711749, -0.0231275], [0.02157992, 0.09355698, -0.08811145], [0.00868533, 0.05360357, 0.11351978], [0.0843108, -0.09906475, -0.00181398], [-0.06108286, 0.03296804, 0.11594965], [0.14819673, 0.03255515, -0.04082706], [0.0666224, -0.03411302, -0.13273189], [-0.07643858, -0.07460153, -0.11217808], [0.01168952, -0.13151097, -0.02807539], [0.00630867, -0.14732777, -0.02921833], [-0.11752975, -0.09466477, 0.00960236], [-0.13868993, 0.04603148, 0.0392678], [0.10479102, 0.05115812, 0.05761027], [-0.02862748, 0.0649131, -0.11172113], [-0.09288301, 0.01907762, 0.08697854], [0.11432716, 0.10812081, -0.00997435], [-0.0721678, 0.03255578, 0.13510842]], "atomic quadrupole moments": [[0.40611908, 0.28376278, -0.18096828, 0.11577906, 0.07458715, -0.2251508], [0.07391167, 0.06744649, -0.06860627, 0.01424312, 0.05325375, -0.0053054], [-0.26711645, -0.13487913, 0.28429298, 0.16753144, -0.12505804, -0.01717653], [-0.06460641, -0.06559619, 0.09296751, 0.00615927, -0.07727771, -0.0283611], [0.03689452, 0.03028716, 0.0051146, 0.03902386, -0.00648439, -0.04200912], [-0.19150721, -0.09508878, 0.2937304, 0.22878264, -0.12729466, -0.10222319], [-0.19582709, -0.19300691, 0.33914957, 0.0982032, -0.24150794, -0.14332247], [-0.17733133, -0.19959683, 0.35698541, 0.09431848, -0.27483011, -0.17965409], [-0.17333452, -0.19230403, 0.30553036, 0.05588831, -0.25434401, -0.13219583], [0.20801185, -0.04544285, 0.17168558, -0.03631656, -0.28942983, -0.37969743], [0.06569479, 0.00358089, -0.00273891, -0.04211842, 0.02370088, -0.06295588], [-0.13586388, -0.17955183, -0.22876753, 0.08995595, -0.07237741, 0.36463141], [-0.07724543, -0.01265718, -0.05744811, 0.05132225, -0.03992996, 0.13469354], [0.0448724, 0.0185537, -0.04909415, -0.00557441, -0.01499812, 0.00422174], [-0.0091154, -0.14501923, -0.32459431, 0.06393699, -0.09302888, 0.33370971], [-0.18304958, -0.02623318, -0.20833958, 0.14480835, -0.11509986, 0.39138916], [-0.22774308, -0.04137078, -0.23644302, 0.16906358, -0.13361435, 0.4641861], [-0.23065272, -0.03543453, -0.20279049, 0.15580534, -0.12191932, 0.43344322], [-0.30892559, -0.060582, -0.08243756, 0.16822745, -0.08315922, 0.39136314], [-0.06311562, -0.02917232, 0.18188346, -0.02248128, 0.05266579, -0.11876785], [-0.20491413, -0.04128659, -0.21727568, 0.16661685, -0.11797868, 0.42218981], [-0.14394395, -0.16324904, 0.30674712, 0.08373632, -0.20838038, -0.16280317], [-0.01106303, 0.02150533, -0.00309451, 0.00211361, -0.0516517, 0.01415755], [-0.02855391, 0.00662474, -0.03171878, -0.00543461, 0.05052315, 0.06027269], [0.02093708, -0.03328703, 0.03065296, 2.698e-05, 0.01420972, -0.05159003], [0.03185432, 0.01961564, -0.04493794, -0.02303016, 0.0254451, 0.01308361], [0.0180202, 0.02922895, -0.03582668, 0.00729798, 0.03571848, 0.01780648], [0.02932511, 0.03008531, -0.04407091, -0.00648498, 0.03390945, 0.0147458], [0.02911231, 0.0257829, -0.03936911, -0.00620825, 0.02750531, 0.0102568], [0.01615094, 0.01244979, 0.03886681, -0.01604801, 0.01655195, -0.05501775], [0.0297113, -0.00671016, 0.02720277, -0.02388983, 0.01863115, -0.05691407], [0.02618191, -0.00141651, 0.03431404, -0.02270111, 0.01980098, -0.06049595], [0.0233714, 0.00290511, 0.03536438, -0.02109927, 0.01895771, -0.05873579], [0.05763126, 0.0269828, -0.01784651, 0.03738157, 0.02220808, -0.03978475], [-0.04124274, -0.01291348, -0.01257095, 0.02057796, -0.04161201, 0.05381369], [0.03207436, 0.00059229, -0.02606084, -0.06700537, 0.00767449, -0.00601352], [0.03689037, -0.0052917, 0.0136246, -0.0238408, 0.01556228, -0.05051497], [0.02021465, 0.01683635, -0.03912767, -0.00879011, 0.02487825, 0.01891302]], "number of molecular orbitals": 104, "number of electrons": 114, "number of unpaired electrons": 0, "orbital energies/eV": [-20.24647086, -20.13005484, -19.43792101, -19.39253891, -18.75588482, -18.74572866, -18.23209809, -18.14784065, -17.73401059, -17.51292295, -17.17669669, -17.08442347, -16.86209731, -16.70913899, -16.58736948, -16.54753579, -16.50409873, -16.17594334, -16.05667546, -16.04688704, -15.94345455, -15.74079928, -15.59479942, -15.37671662, -15.29939059, -14.92243112, -14.67605484, -14.42980493, -14.34213558, -14.23228321, -14.13716206, -14.03945406, -13.93337043, -13.90199146, -13.60341655, -13.56190195, -13.40250288, -13.34341231, -13.22905925, -13.15032944, -13.03102234, -12.92088972, -12.79386438, -12.50366185, -12.32338273, -12.29401362, -12.17929882, -12.08957907, -12.03062099, -11.92776932, -11.79470398, -11.41196364, -11.29735809, -11.08960687, -10.82451588, -10.60621698, -10.45034849, -6.65183346, -6.57237655, -6.27400645, -6.18614236, -5.31979801, -5.16342066, -2.78458991, -2.60585706, -1.0078549, -0.56070992, 1.18953766, 1.43749928, 2.48515291, 2.91918672, 3.05539478, 3.13563701, 3.32470992, 3.582968, 3.92077061, 4.06885543, 4.32188249, 4.36149199, 4.69185912, 4.80125645, 4.88566965, 5.11038394, 5.19769518, 5.37654994, 5.95668216, 6.07023759, 6.32418698, 6.86980814, 7.09940915, 10.01012169, 10.20891849, 10.42476868, 10.69536653, 11.3632827, 11.56001009, 12.01234956, 12.29583489, 16.15625498, 16.34763657, 16.47327454, 16.75156816, 17.64391621, 17.93006033], "fractional occupation": [2.0, 2.0, 2.0, 2.0, 2.0, 2.0, 2.0, 2.0, 2.0, 2.0, 2.0, 2.0, 2.0, 2.0, 2.0, 2.0, 2.0, 2.0, 2.0, 2.0, 2.0, 2.0, 2.0, 2.0, 2.0, 2.0, 2.0, 2.0, 2.0, 2.0, 2.0, 2.0, 2.0, 2.0, 2.0, 2.0, 2.0, 2.0, 2.0, 2.0, 2.0, 2.0, 2.0, 2.0, 2.0, 2.0, 2.0, 2.0, 2.0, 2.0, 2.0, 2.0, 2.0, 2.0, 2.0, 2.0, 2.0, 0.0, 0.0, 0.0, 0.0, 0.0, 0.0, 0.0, 0.0, 0.0, 0.0, 0.0, 0.0, 0.0, 0.0, 0.0, 0.0, 0.0, 0.0, 0.0, 0.0, 0.0, 0.0, 0.0, 0.0, 0.0, 0.0, 0.0, 0.0, 0.0, 0.0, 0.0, 0.0, 0.0, 0.0, 0.0, 0.0, 0.0, 0.0, 0.0, 0.0, 0.0, 0.0, 0.0, 0.0, 0.0, 0.0, 0.0], "program call": "xtb /home/svss/Project-DBcg-Debug/aqme2_20220329/End-to-End-workflows-final/example-3/QDESCP/mol_33_rdkit_conf_2/mol_33_rdkit_conf_2.xyz --pop --wbo --acc 0.2 --gfn 2 --chrg 0 --uhf 0 --etemp 300 --input /home/svss/Project-DBcg-Debug/aqme2_20220329/End-to-End-workflows-final/example-3/QDESCP/mol_33_rdkit_conf_2/mol_33_rdkit_conf_2_xtb.inp", "method": "GFN2-xTB", "xtb version": "6.3.3 (7355c4f)", "Dipole module/D": 3.319, "Total charge": 0, "Transition dipole module/D": NaN, "HOMO": -10.4503, "LUMO": -6.6518, "HOMO occupancy": 2.0, "LUMO occupancy": 0, "mulliken charges": [0.17763, -0.43362, 0.65652, -0.55793, -0.31744, 0.15439, -0.06345, -0.01969, -0.06877, 0.25826, -0.43156, 0.65326, -0.5474, -0.31581, 0.1495, -0.07708, -0.02045, -0.0552, 0.02231, -0.08614, -0.07057, -0.09381, 0.04335, 0.03519, 0.04243, 0.24438, 0.06574, 0.03915, 0.04757, 0.24154, 0.03017, 0.03136, 0.03078, 0.0399, 0.04335, 0.03451, 0.06209, 0.05553], "cm5 charges": [0.05837, -0.51562, 0.77935, -0.60455, -0.65924, 0.20778, -0.11053, -0.07459, -0.11869, 0.27493, -0.48971, 0.77479, -0.5915, -0.65623, 0.20258, -0.12478, -0.07556, -0.10848, 0.00491, -0.22949, -0.11581, -0.13596, 0.1048, 0.09428, 0.10386, 0.44685, 0.1304, 0.09454, 0.10609, 0.44358, 0.08909, 0.08676, 0.08686, 0.09172, 0.09504, 0.08633, 0.12791, 0.11994], "FUKUI+": [0.014, -0.034, -0.03, -0.064, -0.014, -0.03, -0.023, -0.02, -0.03, -0.019, -0.034, -0.028, -0.058, -0.019, -0.026, -0.018, -0.017, -0.032, -0.026, 0.014, -0.013, -0.015, -0.016, -0.024, -0.016, -0.025, -0.039, -0.046, -0.044, -0.026, -0.036, -0.042, -0.046, -0.019, -0.026, -0.024, -0.023, -0.03], "FUKUI-": [0.012, -0.03, -0.002, -0.046, -0.044, -0.024, -0.026, -0.014, -0.032, -0.014, -0.031, -0.003, -0.041, -0.038, -0.025, -0.029, -0.014, -0.04, -0.028, 0.015, -0.009, -0.011, -0.019, -0.022, -0.02, -0.029, -0.038, -0.041, -0.04, -0.029, -0.041, -0.044, -0.049, -0.028, -0.04, -0.031, -0.027, -0.026], "FUKUIrad": [0.013, -0.032, -0.016, -0.055, -0.029, -0.027, -0.025, -0.017, -0.031, -0.016, -0.032, -0.016, -0.049, -0.028, -0.025, -0.023, -0.016, -0.036, -0.027, 0.014, -0.011, -0.013, -0.017, -0.023, -0.018, -0.027, -0.038, -0.044, -0.042, -0.028, -0.039, -0.043, -0.047, -0.024, -0.033, -0.028, -0.025, -0.028], "s proportion": [0.973, 1.693, 0.918, 1.722, 1.416, 1.038, 1.062, 1.062, 1.058, 1.018, 1.694, 0.925, 1.723, 1.418, 1.038, 1.057, 1.059, 1.06, 1.088, 1.008, 1.063, 1.061, 0.957, 0.965, 0.958, 0.756, 0.934, 0.961, 0.952, 0.758, 0.97, 0.969, 0.969, 0.96, 0.957, 0.965, 0.938, 0.944], "p proportion": [2.85, 4.741, 2.426, 4.836, 3.902, 2.807, 3.002, 2.957, 3.011, 2.723, 4.738, 2.422, 4.825, 3.898, 2.813, 3.02, 2.962, 2.996, 2.89, 3.078, 3.007, 3.033, 0.0, 0.0, 0.0, 0.0, 0.0, 0.0, 0.0, 0.0, 0.0, 0.0, 0.0, 0.0, 0.0, 0.0, 0.0, 0.0], "d proportion": [0.0, 0.0, 0.0, 0.0, 0.0, 0.0, 0.0, 0.0, 0.0, 0.0, 0.0, 0.0, 0.0, 0.0, 0.0, 0.0, 0.0, 0.0, 0.0, 0.0, 0.0, 0.0, 0.0, 0.0, 0.0, 0.0, 0.0, 0.0, 0.0, 0.0, 0.0, 0.0, 0.0, 0.0, 0.0, 0.0, 0.0, 0.0], "Fermi-level/eV": -8.5511, "Coordination numbers": [3.655, 1.707, 2.657, 0.856, 2.694, 2.897, 2.914, 2.913, 2.91, 2.857, 1.706, 2.637, 0.856, 2.692, 2.895, 2.92, 2.909, 2.914, 2.96, 3.755, 2.917, 2.918, 0.924, 0.924, 0.924, 0.86, 0.925, 0.925, 0.925, 0.86, 0.925, 0.925, 0.925, 0.924, 0.924, 0.924, 0.925, 0.925], "Dispersion coefficient C6": [20.255, 18.882, 20.273, 22.58, 24.569, 26.15, 29.245, 28.706, 29.275, 24.743, 19.036, 20.304, 22.422, 24.596, 26.288, 29.432, 28.776, 29.144, 27.517, 22.654, 29.408, 29.571, 2.154, 2.139, 2.162, 1.11, 1.987, 2.281, 2.268, 1.133, 2.609, 2.514, 2.532, 2.341, 2.284, 2.395, 2.099, 2.266], "Total dispersion C6": 17700.684792, "Total dispersion C8": 420712.640058, "Polarizability alpha": [6.461, 5.867, 7.367, 6.371, 7.362, 8.384, 8.868, 8.786, 8.872, 8.153, 5.891, 7.371, 6.349, 7.366, 8.406, 8.897, 8.796, 8.852, 8.604, 6.787, 8.893, 8.917, 2.295, 2.287, 2.299, 1.65, 2.205, 2.362, 2.355, 1.668, 2.526, 2.479, 2.488, 2.393, 2.363, 2.42, 2.266, 2.354], "Total polarizability alpha": 208.03077, "Wiberg matrix": [[0.0, 0.9582647987613646, 0.0, 0.0, 0.0, 0.0, 0.0, 0.0, 0.0, 0.0, 0.0, 0.0, 0.0, 0.0, 0.0, 0.0, 0.0, 0.0, 0.0, 0.0, 0.0, 0.0, 0.9787533200153968, 0.9817203338522235, 0.9788140076566283, 0.0, 0.0, 0.0, 0.0, 0.0, 0.0, 0.0, 0.0, 0.0, 0.0, 0.0, 0.0, 0.0], [0.9582647987613646, 0.0, 1.0584904109370903, 0.13786138079603477, 0.0, 0.0, 0.0, 0.0, 0.0, 0.0, 0.0, 0.0, 0.0, 0.0, 0.0, 0.0, 0.0, 0.0, 0.0, 0.0, 0.0, 0.0, 0.0, 0.0, 0.0, 0.0, 0.0, 0.0, 0.0, 0.0, 0.0, 0.0, 0.0, 0.0, 0.0, 0.0, 0.0, 0.0], [0.0, 1.0584904109370903, 0.0, 1.653662226537428, 1.1711326134549052, 0.0, 0.0, 0.0, 0.0, 0.0, 0.0, 0.0, 0.0, 0.0, 0.0, 0.0, 0.0, 0.0, 0.0, 0.0, 0.0, 0.0, 0.0, 0.0, 0.0, 0.0, 0.0, 0.0, 0.0, 0.0, 0.0, 0.0, 0.0, 0.0, 0.0, 0.0, 0.0, 0.0], [0.0, 0.13786138079603477, 1.653662226537428, 0.0, 0.14366071153812898, 0.0, 0.0, 0.0, 0.0, 0.0, 0.0, 0.0, 0.0, 0.0, 0.0, 0.0, 0.0, 0.0, 0.0, 0.0, 0.0, 0.0, 0.0, 0.0, 0.0, 0.0, 0.0, 0.0, 0.0, 0.0, 0.0, 0.0, 0.0, 0.0, 0.0, 0.0, 0.0, 0.0], [0.0, 0.0, 1.1711326134549052, 0.14366071153812898, 0.0, 1.0744578906723208, 0.0, 0.0, 0.0, 0.0, 0.0, 0.0, 0.0, 0.0, 0.0, 0.0, 0.0, 0.0, 0.0, 0.0, 0.0, 0.0, 0.0, 0.0, 0.0, 0.9276607489636086, 0.0, 0.0, 0.0, 0.0, 0.0, 0.0, 0.0, 0.0, 0.0, 0.0, 0.0, 0.0], [0.0, 0.0, 0.0, 0.0, 1.0744578906723208, 0.0, 1.3745448025693916, 0.0, 0.0, 0.0, 0.0, 0.0, 0.0, 0.0, 0.0, 0.0, 0.0, 0.0, 0.0, 0.0, 0.0, 1.3667634206893235, 0.0, 0.0, 0.0, 0.0, 0.0, 0.0, 0.0, 0.0, 0.0, 0.0, 0.0, 0.0, 0.0, 0.0, 0.0, 0.0], [0.0, 0.0, 0.0, 0.0, 0.0, 1.3745448025693916, 0.0, 1.4413804718729957, 0.0, 0.0, 0.0, 0.0, 0.0, 0.0, 0.0, 0.0, 0.0, 0.0, 0.0, 0.0, 0.0, 0.0, 0.0, 0.0, 0.0, 0.0, 0.9615557130188646, 0.0, 0.0, 0.0, 0.0, 0.0, 0.0, 0.0, 0.0, 0.0, 0.0, 0.0], [0.0, 0.0, 0.0, 0.0, 0.0, 0.0, 1.4413804718729957, 0.0, 1.4396063125562106, 0.0, 0.0, 0.0, 0.0, 0.0, 0.0, 0.0, 0.0, 0.0, 0.0, 0.0, 0.0, 0.10648950195865049, 0.0, 0.0, 0.0, 0.0, 0.0, 0.969645409075349, 0.0, 0.0, 0.0, 0.0, 0.0, 0.0, 0.0, 0.0, 0.0, 0.0], [0.0, 0.0, 0.0, 0.0, 0.0, 0.0, 0.0, 1.4396063125562106, 0.0, 1.3874982641913358, 0.0, 0.0, 0.0, 0.0, 0.0, 0.0, 0.0, 0.0, 0.0, 0.0, 0.0, 0.0, 0.0, 0.0, 0.0, 0.0, 0.0, 0.0, 0.9676058933059031, 0.0, 0.0, 0.0, 0.0, 0.0, 0.0, 0.0, 0.0, 0.0], [0.0, 0.0, 0.0, 0.0, 0.0, 0.0, 0.0, 0.0, 1.3874982641913358, 0.0, 0.9709547996643944, 0.0, 0.0, 0.0, 0.0, 0.0, 0.0, 0.0, 0.0, 0.0, 0.0, 1.4088109787839525, 0.0, 0.0, 0.0, 0.0, 0.0, 0.0, 0.0, 0.0, 0.0, 0.0, 0.0, 0.0, 0.0, 0.0, 0.0, 0.0], [0.0, 0.0, 0.0, 0.0, 0.0, 0.0, 0.0, 0.0, 0.0, 0.9709547996643944, 0.0, 1.011583529793504, 0.1318113932546421, 0.0, 0.0, 0.0, 0.0, 0.0, 0.0, 0.0, 0.0, 0.0, 0.0, 0.0, 0.0, 0.0, 0.0, 0.0, 0.0, 0.0, 0.0, 0.0, 0.0, 0.0, 0.0, 0.0, 0.0, 0.0], [0.0, 0.0, 0.0, 0.0, 0.0, 0.0, 0.0, 0.0, 0.0, 0.0, 1.011583529793504, 0.0, 1.6658459935022831, 1.187159131324713, 0.0, 0.0, 0.0, 0.0, 0.0, 0.0, 0.0, 0.0, 0.0, 0.0, 0.0, 0.0, 0.0, 0.0, 0.0, 0.0, 0.0, 0.0, 0.0, 0.0, 0.0, 0.0, 0.0, 0.0], [0.0, 0.0, 0.0, 0.0, 0.0, 0.0, 0.0, 0.0, 0.0, 0.0, 0.1318113932546421, 1.6658459935022831, 0.0, 0.15046347123050585, 0.0, 0.0, 0.0, 0.0, 0.0, 0.0, 0.0, 0.0, 0.0, 0.0, 0.0, 0.0, 0.0, 0.0, 0.0, 0.0, 0.0, 0.0, 0.0, 0.0, 0.0, 0.0, 0.0, 0.0], [0.0, 0.0, 0.0, 0.0, 0.0, 0.0, 0.0, 0.0, 0.0, 0.0, 0.0, 1.187159131324713, 0.15046347123050585, 0.0, 1.0598741125378022, 0.0, 0.0, 0.0, 0.0, 0.0, 0.0, 0.0, 0.0, 0.0, 0.0, 0.0, 0.0, 0.0, 0.0, 0.9296143565740091, 0.0, 0.0, 0.0, 0.0, 0.0, 0.0, 0.0, 0.0], [0.0, 0.0, 0.0, 0.0, 0.0, 0.0, 0.0, 0.0, 0.0, 0.0, 0.0, 0.0, 0.0, 1.0598741125378022, 0.0, 1.3658869096987396, 0.0, 0.0, 0.0, 0.0, 1.3842029548112231, 0.0, 0.0, 0.0, 0.0, 0.0, 0.0, 0.0, 0.0, 0.0, 0.0, 0.0, 0.0, 0.0, 0.0, 0.0, 0.0, 0.0], [0.0, 0.0, 0.0, 0.0, 0.0, 0.0, 0.0, 0.0, 0.0, 0.0, 0.0, 0.0, 0.0, 0.0, 1.3658869096987396, 0.0, 1.448278409297075, 0.0, 0.10528963730399668, 0.0, 0.0, 0.0, 0.0, 0.0, 0.0, 0.0, 0.0, 0.0, 0.0, 0.0, 0.9679973278466206, 0.0, 0.0, 0.0, 0.0, 0.0, 0.0, 0.0], [0.0, 0.0, 0.0, 0.0, 0.0, 0.0, 0.0, 0.0, 0.0, 0.0, 0.0, 0.0, 0.0, 0.0, 0.0, 1.448278409297075, 0.0, 1.4365218017663823, 0.0, 0.0, 0.10603092645373818, 0.0, 0.0, 0.0, 0.0, 0.0, 0.0, 0.0, 0.0, 0.0, 0.0, 0.9711246351491045, 0.0, 0.0, 0.0, 0.0, 0.0, 0.0], [0.0, 0.0, 0.0, 0.0, 0.0, 0.0, 0.0, 0.0, 0.0, 0.0, 0.0, 0.0, 0.0, 0.0, 0.0, 0.0, 1.4365218017663823, 0.0, 1.4090310570433422, 0.0, 0.0, 0.0, 0.0, 0.0, 0.0, 0.0, 0.0, 0.0, 0.0, 0.0, 0.0, 0.0, 0.9694701195535326, 0.0, 0.0, 0.0, 0.0, 0.0], [0.0, 0.0, 0.0, 0.0, 0.0, 0.0, 0.0, 0.0, 0.0, 0.0, 0.0, 0.0, 0.0, 0.0, 0.0, 0.10528963730399668, 0.0, 1.4090310570433422, 0.0, 1.02744526793514, 1.4114243847995427, 0.0, 0.0, 0.0, 0.0, 0.0, 0.0, 0.0, 0.0, 0.0, 0.0, 0.0, 0.0, 0.0, 0.0, 0.0, 0.0, 0.0], [0.0, 0.0, 0.0, 0.0, 0.0, 0.0, 0.0, 0.0, 0.0, 0.0, 0.0, 0.0, 0.0, 0.0, 0.0, 0.0, 0.0, 0.0, 1.02744526793514, 0.0, 0.0, 0.0, 0.0, 0.0, 0.0, 0.0, 0.0, 0.0, 0.0, 0.0, 0.0, 0.0, 0.0, 0.9804213806043405, 0.9663783481627555, 0.9822962432937776, 0.0, 0.0], [0.0, 0.0, 0.0, 0.0, 0.0, 0.0, 0.0, 0.0, 0.0, 0.0, 0.0, 0.0, 0.0, 0.0, 1.3842029548112231, 0.0, 0.10603092645373818, 0.0, 1.4114243847995427, 0.0, 0.0, 0.0, 0.0, 0.0, 0.0, 0.0, 0.0, 0.0, 0.0, 0.0, 0.0, 0.0, 0.0, 0.0, 0.0, 0.0, 0.9611901426257926, 0.0], [0.0, 0.0, 0.0, 0.0, 0.0, 1.3667634206893235, 0.0, 0.10648950195865049, 0.0, 1.4088109787839525, 0.0, 0.0, 0.0, 0.0, 0.0, 0.0, 0.0, 0.0, 0.0, 0.0, 0.0, 0.0, 0.0, 0.0, 0.0, 0.0, 0.0, 0.0, 0.0, 0.0, 0.0, 0.0, 0.0, 0.0, 0.0, 0.0, 0.0, 0.9640647866339453], [0.9787533200153968, 0.0, 0.0, 0.0, 0.0, 0.0, 0.0, 0.0, 0.0, 0.0, 0.0, 0.0, 0.0, 0.0, 0.0, 0.0, 0.0, 0.0, 0.0, 0.0, 0.0, 0.0, 0.0, 0.0, 0.0, 0.0, 0.0, 0.0, 0.0, 0.0, 0.0, 0.0, 0.0, 0.0, 0.0, 0.0, 0.0, 0.0], [0.9817203338522235, 0.0, 0.0, 0.0, 0.0, 0.0, 0.0, 0.0, 0.0, 0.0, 0.0, 0.0, 0.0, 0.0, 0.0, 0.0, 0.0, 0.0, 0.0, 0.0, 0.0, 0.0, 0.0, 0.0, 0.0, 0.0, 0.0, 0.0, 0.0, 0.0, 0.0, 0.0, 0.0, 0.0, 0.0, 0.0, 0.0, 0.0], [0.9788140076566283, 0.0, 0.0, 0.0, 0.0, 0.0, 0.0, 0.0, 0.0, 0.0, 0.0, 0.0, 0.0, 0.0, 0.0, 0.0, 0.0, 0.0, 0.0, 0.0, 0.0, 0.0, 0.0, 0.0, 0.0, 0.0, 0.0, 0.0, 0.0, 0.0, 0.0, 0.0, 0.0, 0.0, 0.0, 0.0, 0.0, 0.0], [0.0, 0.0, 0.0, 0.0, 0.9276607489636086, 0.0, 0.0, 0.0, 0.0, 0.0, 0.0, 0.0, 0.0, 0.0, 0.0, 0.0, 0.0, 0.0, 0.0, 0.0, 0.0, 0.0, 0.0, 0.0, 0.0, 0.0, 0.0, 0.0, 0.0, 0.0, 0.0, 0.0, 0.0, 0.0, 0.0, 0.0, 0.0, 0.0], [0.0, 0.0, 0.0, 0.0, 0.0, 0.0, 0.9615557130188646, 0.0, 0.0, 0.0, 0.0, 0.0, 0.0, 0.0, 0.0, 0.0, 0.0, 0.0, 0.0, 0.0, 0.0, 0.0, 0.0, 0.0, 0.0, 0.0, 0.0, 0.0, 0.0, 0.0, 0.0, 0.0, 0.0, 0.0, 0.0, 0.0, 0.0, 0.0], [0.0, 0.0, 0.0, 0.0, 0.0, 0.0, 0.0, 0.969645409075349, 0.0, 0.0, 0.0, 0.0, 0.0, 0.0, 0.0, 0.0, 0.0, 0.0, 0.0, 0.0, 0.0, 0.0, 0.0, 0.0, 0.0, 0.0, 0.0, 0.0, 0.0, 0.0, 0.0, 0.0, 0.0, 0.0, 0.0, 0.0, 0.0, 0.0], [0.0, 0.0, 0.0, 0.0, 0.0, 0.0, 0.0, 0.0, 0.9676058933059031, 0.0, 0.0, 0.0, 0.0, 0.0, 0.0, 0.0, 0.0, 0.0, 0.0, 0.0, 0.0, 0.0, 0.0, 0.0, 0.0, 0.0, 0.0, 0.0, 0.0, 0.0, 0.0, 0.0, 0.0, 0.0, 0.0, 0.0, 0.0, 0.0], [0.0, 0.0, 0.0, 0.0, 0.0, 0.0, 0.0, 0.0, 0.0, 0.0, 0.0, 0.0, 0.0, 0.9296143565740091, 0.0, 0.0, 0.0, 0.0, 0.0, 0.0, 0.0, 0.0, 0.0, 0.0, 0.0, 0.0, 0.0, 0.0, 0.0, 0.0, 0.0, 0.0, 0.0, 0.0, 0.0, 0.0, 0.0, 0.0], [0.0, 0.0, 0.0, 0.0, 0.0, 0.0, 0.0, 0.0, 0.0, 0.0, 0.0, 0.0, 0.0, 0.0, 0.0, 0.9679973278466206, 0.0, 0.0, 0.0, 0.0, 0.0, 0.0, 0.0, 0.0, 0.0, 0.0, 0.0, 0.0, 0.0, 0.0, 0.0, 0.0, 0.0, 0.0, 0.0, 0.0, 0.0, 0.0], [0.0, 0.0, 0.0, 0.0, 0.0, 0.0, 0.0, 0.0, 0.0, 0.0, 0.0, 0.0, 0.0, 0.0, 0.0, 0.0, 0.9711246351491045, 0.0, 0.0, 0.0, 0.0, 0.0, 0.0, 0.0, 0.0, 0.0, 0.0, 0.0, 0.0, 0.0, 0.0, 0.0, 0.0, 0.0, 0.0, 0.0, 0.0, 0.0], [0.0, 0.0, 0.0, 0.0, 0.0, 0.0, 0.0, 0.0, 0.0, 0.0, 0.0, 0.0, 0.0, 0.0, 0.0, 0.0, 0.0, 0.9694701195535326, 0.0, 0.0, 0.0, 0.0, 0.0, 0.0, 0.0, 0.0, 0.0, 0.0, 0.0, 0.0, 0.0, 0.0, 0.0, 0.0, 0.0, 0.0, 0.0, 0.0], [0.0, 0.0, 0.0, 0.0, 0.0, 0.0, 0.0, 0.0, 0.0, 0.0, 0.0, 0.0, 0.0, 0.0, 0.0, 0.0, 0.0, 0.0, 0.0, 0.9804213806043405, 0.0, 0.0, 0.0, 0.0, 0.0, 0.0, 0.0, 0.0, 0.0, 0.0, 0.0, 0.0, 0.0, 0.0, 0.0, 0.0, 0.0, 0.0], [0.0, 0.0, 0.0, 0.0, 0.0, 0.0, 0.0, 0.0, 0.0, 0.0, 0.0, 0.0, 0.0, 0.0, 0.0, 0.0, 0.0, 0.0, 0.0, 0.9663783481627555, 0.0, 0.0, 0.0, 0.0, 0.0, 0.0, 0.0, 0.0, 0.0, 0.0, 0.0, 0.0, 0.0, 0.0, 0.0, 0.0, 0.0, 0.0], [0.0, 0.0, 0.0, 0.0, 0.0, 0.0, 0.0, 0.0, 0.0, 0.0, 0.0, 0.0, 0.0, 0.0, 0.0, 0.0, 0.0, 0.0, 0.0, 0.9822962432937776, 0.0, 0.0, 0.0, 0.0, 0.0, 0.0, 0.0, 0.0, 0.0, 0.0, 0.0, 0.0, 0.0, 0.0, 0.0, 0.0, 0.0, 0.0], [0.0, 0.0, 0.0, 0.0, 0.0, 0.0, 0.0, 0.0, 0.0, 0.0, 0.0, 0.0, 0.0, 0.0, 0.0, 0.0, 0.0, 0.0, 0.0, 0.0, 0.9611901426257926, 0.0, 0.0, 0.0, 0.0, 0.0, 0.0, 0.0, 0.0, 0.0, 0.0, 0.0, 0.0, 0.0, 0.0, 0.0, 0.0, 0.0], [0.0, 0.0, 0.0, 0.0, 0.0, 0.0, 0.0, 0.0, 0.0, 0.0, 0.0, 0.0, 0.0, 0.0, 0.0, 0.0, 0.0, 0.0, 0.0, 0.0, 0.0, 0.9640647866339453, 0.0, 0.0, 0.0, 0.0, 0.0, 0.0, 0.0, 0.0, 0.0, 0.0, 0.0, 0.0, 0.0, 0.0, 0.0, 0.0]], "Born radii": [], "Atomic SASAs": [], "Solvent H bonds": [], "Total SASA": NaN, "Total FOD": 0.0, "FOD": [0.0, 0.0, 0.0, 0.0, 0.0, 0.0, 0.0, 0.0, 0.0, 0.0, 0.0, 0.0, 0.0, 0.0, 0.0, 0.0, 0.0, 0.0, 0.0, 0.0, 0.0, 0.0, 0.0, 0.0, 0.0, 0.0, 0.0, 0.0, 0.0, 0.0, 0.0, 0.0, 0.0, 0.0, 0.0, 0.0, 0.0, 0.0], "FOD s proportion": [0.0, 0.0, 0.0, 0.0, 0.0, 0.0, 0.0, 0.0, 0.0, 0.0, 0.0, 0.0, 0.0, 0.0, 0.0, 0.0, 0.0, 0.0, 0.0, 0.0, 0.0, 0.0, 0.0, 0.0, 0.0, 0.0, 0.0, 0.0, 0.0, 0.0, 0.0, 0.0, 0.0, 0.0, 0.0, 0.0, 0.0, 0.0], "FOD p proportion": [0.0, 0.0, 0.0, 0.0, 0.0, 0.0, 0.0, 0.0, 0.0, 0.0, 0.0, 0.0, 0.0, 0.0, 0.0, 0.0, 0.0, 0.0, 0.0, 0.0, 0.0, 0.0, 0.0, 0.0, 0.0, 0.0, 0.0, 0.0, 0.0, 0.0, 0.0, 0.0, 0.0, 0.0, 0.0, 0.0, 0.0, 0.0], "FOD d proportion": [0.0, 0.0, 0.0, 0.0, 0.0, 0.0, 0.0, 0.0, 0.0, 0.0, 0.0, 0.0, 0.0, 0.0, 0.0, 0.0, 0.0, 0.0, 0.0, 0.0, 0.0, 0.0, 0.0, 0.0, 0.0, 0.0, 0.0, 0.0, 0.0, 0.0, 0.0, 0.0, 0.0, 0.0, 0.0, 0.0, 0.0, 0.0], "coordinates": [["6.71590", "1.87440", "2.20650"], ["5.39390", "1.36340", "2.02880"], ["5.18770", "0.76230", "0.82470"], ["6.04550", "0.65360", "-0.03760"], ["3.89400", "0.32750", "0.78920"], ["3.22050", "-0.33670", "-0.24980"], ["3.80940", "-0.65760", "-1.47660"], ["3.07600", "-1.32100", "-2.46760"], ["1.74610", "-1.66550", "-2.24250"], ["1.15620", "-1.33060", "-1.02750"], ["-0.16960", "-1.74990", "-0.82590"], ["-1.10260", "-0.79700", "-0.41850"], ["-0.85460", "0.38730", "-0.24500"], ["-2.30660", "-1.43160", "-0.25520"], ["-3.53800", "-0.88380", "0.14430"], ["-4.62500", "-1.76050", "0.24170"], ["-5.88320", "-1.29320", "0.62560"], ["-6.06610", "0.05600", "0.92010"], ["-4.98940", "0.94470", "0.84220"], ["-5.18680", "2.40560", "1.12390"], ["-3.73040", "0.46800", "0.44090"], ["1.88450", "-0.68810", "-0.02430"], ["6.93560", "2.64060", "1.45640"], ["6.77000", "2.33510", "3.19680"], ["7.44990", "1.06370", "2.16200"], ["3.37660", "0.53870", "1.63100"], ["4.84250", "-0.40390", "-1.69560"], ["3.55050", "-1.56650", "-3.41450"], ["1.17900", "-2.18560", "-3.00840"], ["-2.27660", "-2.42170", "-0.45300"], ["-4.51080", "-2.81760", "0.01720"], ["-6.72200", "-1.98130", "0.69220"], ["-7.05250", "0.41060", "1.21060"], ["-4.28590", "2.84200", "1.56790"], ["-5.41910", "2.93720", "0.19600"], ["-6.00580", "2.56060", "1.83410"], ["-2.91360", "1.18020", "0.36650"], ["1.40490", "-0.45950", "0.92270"]], "bond_dist": [[0.0, 1.4284195077077322, 2.34126736832853, 2.6411689855062286, 3.516355856565146, 4.810425559137155, 5.33141555874235, 6.731022506276442, 7.551384313488488, 7.186170405021023, 8.351114326842856, 8.669252863424852, 8.095294244806672, 9.919430887908844, 10.816783315292952, 12.070167764368481, 13.087026223707202, 12.974626295967063, 11.821154963454292, 11.963630865669503, 10.687398561389953, 5.906377980623997, 1.0945229737196018, 1.0935563039917058, 1.0945184968743105, 3.642282145853065, 4.8914888183455965, 7.311305695291368, 8.621835281423555, 10.31476959073735, 12.363118190003686, 14.061887618310708, 13.881763785989156, 11.062714990453292, 12.346249596132424, 12.745634667995157, 9.828264541107957, 5.941544635025474], [1.4284195077077322, 0.0, 1.3615052184989962, 2.280001657894134, 2.2044039965487268, 3.5785507583377942, 4.345447089771086, 5.726803360514485, 6.381589436809611, 5.8784952989689465, 6.985304662647149, 7.270565156849913, 6.720616779730861, 8.504491827851915, 9.401068327589158, 10.645695601039886, 11.670453213564588, 11.587498023732302, 10.459266137736433, 10.67034382482589, 9.3046234776051, 4.554092688999644, 2.0822392970069505, 2.04989660714876, 2.0819938352454357, 2.2153722531439275, 4.159152150378729, 6.450732707220165, 7.465531920097858, 8.906339511830884, 10.93756726379317, 12.639958483317896, 12.50960239336167, 9.802918688329513, 11.07957450807566, 11.464046232460857, 8.474158352308505, 4.5231120503476365], [2.34126736832853, 1.3615052184989962, 0.0, 1.221146109194145, 1.365273225402154, 2.496442887389976, 3.0350961418050666, 4.43155221903116, 5.210234086871721, 4.905493604113658, 6.142987261096999, 6.598851174257532, 6.147704643198143, 7.883141106817765, 8.90564033969484, 10.148570841749098, 11.261862540006428, 11.2763458305428, 10.178749452658709, 10.508101911382475, 8.931204988130101, 3.7061558790747053, 2.642387214243968, 3.25641390796686, 2.645139332814058, 1.9950438240800632, 2.7984098288134995, 5.106324502026874, 6.281118189462764, 8.21499530005952, 10.369601849155057, 12.222350481801774, 12.251330855870314, 9.72762022747599, 10.845720812375728, 11.381880929793635, 8.125001497846016, 3.9764274267236415], [2.6411689855062286, 2.280001657894134, 1.221146109194145, 0.0, 2.3278513053887266, 3.0010578018425433, 2.9648119080305917, 4.315307104946298, 5.359538149878214, 5.368631682281808, 6.710119011612238, 7.303742792568752, 6.908350777139216, 8.61121264456987, 9.707737049384885, 10.943740564816036, 12.104699425016715, 12.164093456152004, 11.073743958571555, 11.42729843576337, 9.789363126373441, 4.371985450570484, 2.6405459681664323, 3.7166767225573976, 2.641734568422801, 3.1496754086730903, 2.305315433948248, 4.749454981363651, 6.369421600899095, 8.88185654353863, 11.112502066141541, 13.056966044989165, 13.159584197078567, 10.681973168380454, 11.692153397898952, 12.343975922692008, 8.983656114300013, 4.8678882546747095], [3.516355856565146, 2.2044039965487268, 1.365273225402154, 2.3278513053887266, 0.0, 1.4050924845005754, 2.4721304192942575, 3.7407783267657013, 4.216245758966145, 3.6803863030937394, 4.841175862329316, 5.262038682868076, 4.860282670791896, 6.529367850718781, 7.55762976732785, 8.788222872116979, 9.911966166709812, 9.964659505974101, 8.904972790525528, 9.321558471629087, 7.633644509669021, 2.394016679139893, 3.8790357062032825, 4.254218085618084, 3.8821379534993343, 1.0104134995139369, 2.7584106383930584, 4.623453464673349, 5.301760308614489, 6.868585432241489, 9.007125015786114, 10.864594904551206, 10.954923359841455, 8.593011576275224, 9.690007840038108, 10.202185631520335, 6.873804648082459, 2.613964433575943], [4.810425559137155, 3.5785507583377942, 2.496442887389976, 3.0010578018425433, 1.4050924845005754, 0.0, 1.3981481538091733, 2.4307125663064317, 2.8125465489481236, 2.4195018061576232, 3.717768613025829, 4.350807900838648, 4.138917618170239, 5.634507039661943, 6.7920509030778025, 7.988782694503587, 9.195573451394969, 9.368234564740574, 8.380746265697345, 8.949299093783825, 7.031331267263689, 1.3997243335742935, 5.057410576569793, 5.622856662764933, 5.0661349922796175, 2.0804088564510583, 2.1738761418259323, 3.4112511091973277, 3.898208231995823, 5.882739468138972, 8.12398630599535, 10.121530487530038, 10.403160791317223, 8.351898463223796, 9.249856594023498, 9.89250211978749, 6.348857701193183, 2.164772378334498], [5.33141555874235, 4.345447089771086, 3.0350961418050666, 2.9648119080305917, 2.4721304192942575, 1.3981481538091733, 0.0, 1.4000200427136749, 2.420675961379383, 2.773822281617912, 4.177196521591964, 5.026604417496965, 4.935742149869662, 6.284612156688747, 7.527467702355155, 8.67802089534244, 9.938295978687695, 10.187192748740939, 9.239214261505142, 9.852786861086562, 7.8608120223040565, 2.411502757618162, 5.4086725432401614, 6.289838885853913, 5.427294344330331, 3.3579200839209973, 1.0861032639671055, 2.1560577056284926, 3.4059065459874263, 6.418660434233922, 8.7248361864278, 10.833571022059163, 11.24023872922635, 9.330062298827377, 10.044171944466104, 10.84692107328158, 7.209247911536959, 3.402573195391981], [6.731022506276442, 5.726803360514485, 4.43155221903116, 4.315307104946298, 3.7407783267657013, 2.4307125663064317, 1.4000200427136749, 0.0, 1.3921150347582631, 2.399919209056838, 3.6623835763065564, 4.683383901624978, 4.827821041629443, 5.820595234166348, 7.124476222853158, 8.175504127575254, 9.478181456376534, 9.846351237895183, 9.007710568729436, 9.749886340363153, 7.614917872833561, 2.7910481095817747, 6.781486763240049, 7.6875308500194, 6.800808147565994, 4.510805516756403, 2.1348486269522717, 1.0872166803356171, 2.15374251014368, 5.824129154646213, 8.122412008757005, 10.316062045664518, 10.913940903724924, 9.37088047410701, 9.868827499252381, 10.772675280077832, 7.0826148003403375, 3.8767114349664973], [7.551384313488488, 6.381589436809611, 5.210234086871721, 5.359538149878214, 4.216245758966145, 2.8125465489481236, 2.420675961379383, 1.3921150347582631, 0.0, 1.391533334131813, 2.3840690866667433, 3.4923287273680295, 3.8688027321123517, 4.519784042407336, 5.850605262705731, 6.838946545338691, 8.159094520227107, 8.602096828680784, 7.854646929047798, 8.716169260632793, 6.460999153381774, 2.4279366878071595, 7.691246236469094, 8.416077237050525, 7.70593844577025, 4.745632743902545, 3.387982752317373, 2.1538905171804807, 1.0856837615070052, 4.467243443108961, 6.751472143910541, 8.967770700681413, 9.677264736484169, 8.439296677448898, 8.858398307820664, 9.724738679265371, 6.05125553748972, 3.4043126295920594], [7.186170405021023, 5.8784952989689465, 4.905493604113658, 5.368631682281808, 3.6803863030937394, 2.4195018061576232, 2.773822281617912, 2.399919209056838, 1.391533334131813, 0.0, 1.4050625217405806, 2.399538997390957, 2.758043382544952, 3.549314318287407, 4.858833102710979, 5.934471845918556, 7.230995141057696, 7.607721249493832, 6.814775677892853, 7.669508550096284, 5.410177453651589, 1.3962941595523488, 7.439197067560451, 7.924444297236242, 7.450922253654242, 3.935998081808475, 3.8592665352369746, 3.3891134976568726, 2.157663006588378, 3.647556072221509, 5.951256681575749, 8.089920507644065, 8.684677584113299, 7.332335530375025, 7.933828784389036, 8.638543627255697, 4.98102646851028, 2.1503364713458217], [8.351114326842856, 6.985304662647149, 6.142987261096999, 6.710119011612238, 4.841175862329316, 3.717768613025829, 4.177196521591964, 3.6623835763065564, 2.3840690866667433, 1.4050625217405806, 0.0, 1.3944469046901715, 2.3182522835101445, 2.2346772429145108, 3.6107528037792895, 4.581535908404517, 5.9127533434094826, 6.409251365019163, 5.7683532147398875, 6.8001614782297635, 4.382140948212415, 2.4473063988802055, 8.658478537248909, 9.001521451954662, 8.654517411155863, 4.883603383773092, 5.26205667966433, 4.5358163024972695, 2.602280288516208, 2.242725718851951, 4.549375598914646, 6.729942000493021, 7.495959238816604, 6.615115247673316, 7.111289353556076, 7.727693102731242, 4.187701012488834, 2.683614050119726], [8.669252863424852, 7.270565156849913, 6.598851174257532, 7.303742792568752, 5.262038682868076, 4.350807900838648, 5.026604417496965, 4.683383901624978, 3.4923287273680295, 2.399538997390957, 1.3944469046901715, 0.0, 1.222363587481237, 1.370766227334187, 2.5010900103754756, 3.710996907840264, 4.91838343462565, 5.2111218763333484, 4.4418574515623535, 5.414456035466537, 3.0404154650310535, 3.0149658804039556, 8.941196956224598, 9.21185514758021, 9.125044711671281, 5.103702320864726, 6.093416613854661, 5.587440009521355, 3.7204153706273173, 2.004773388690103, 3.9860363884440395, 5.849262974084855, 6.285982387821334, 5.226997689878962, 5.740560263597971, 6.355238371611249, 2.793790586282372, 2.8636130918823515], [8.095294244806672, 6.720616779730861, 6.147704643198143, 6.908350777139216, 4.860282670791896, 4.138917618170239, 4.935742149869662, 4.827821041629443, 3.8688027321123517, 2.758043382544952, 2.3182522835101445, 1.222363587481237, 0.0, 2.327403112913618, 2.994642759996591, 4.366444536462132, 5.372973345364744, 5.35041586701445, 4.311527529774105, 4.9714564204063985, 2.9575660499809637, 2.950908751554341, 8.286093101697567, 8.589204691937432, 8.672709277382705, 4.63091258824867, 5.931878809449836, 5.767839344156528, 4.2885572084326915, 3.1552858824518584, 4.869079100815677, 6.396482827304393, 6.366575112256197, 4.591947102265007, 5.247011650454, 5.964960279834225, 2.2895640764128005, 2.680659206240137], [9.919430887908844, 8.504491827851915, 7.883141106817765, 8.61121264456987, 6.529367850718781, 5.634507039661943, 6.284612156688747, 5.820595234166348, 4.519784042407336, 3.549314318287407, 2.2346772429145108, 1.370766227334187, 2.327403112913618, 0.0, 1.4057137155196286, 2.393755079367979, 3.686058974026325, 4.210477894491312, 3.7481334407942306, 4.992151108490207, 2.4739122478374207, 4.26279559326975, 10.243566187612593, 10.415805319321208, 10.356576180379307, 6.303855547996004, 7.364818413240072, 6.656199734833684, 4.505333905494686, 1.0101103157576403, 2.6179563403540556, 4.549230045842923, 5.2977200086452285, 5.050245445520445, 5.383089366711276, 5.829829840569963, 2.7525368535225825, 4.013434821944913], [10.816783315292952, 9.401068327589158, 8.90564033969484, 9.707737049384885, 7.55762976732785, 6.7920509030778025, 7.527467702355155, 7.124476222853158, 5.850605262705731, 4.858833102710979, 3.6107528037792895, 2.5010900103754756, 2.994642759996591, 1.4057137155196286, 0.0, 1.3998780839773155, 2.4288312189199157, 2.8064887831594834, 2.436603911184582, 3.807664633341545, 1.397266102072186, 5.428649067677887, 11.12831068626321, 11.222029115093223, 11.340097704605547, 7.214255075889679, 8.593504306742389, 7.961028135862855, 5.821021347667434, 2.0767844519834022, 2.1684272388069656, 3.4121190864329463, 3.894120863558295, 4.058026245602657, 4.259254758757686, 4.561726892307342, 2.16779708459994, 5.021772342510162], [12.070167764368481, 10.645695601039886, 10.148570841749098, 10.943740564816036, 8.788222872116979, 7.988782694503587, 8.67802089534244, 8.175504127575254, 6.838946545338691, 5.934471845918556, 4.581535908404517, 3.710996907840264, 4.366444536462132, 2.393755079367979, 1.3998780839773155, 0.0, 1.395999906876788, 2.415919704791531, 2.794905123613322, 4.2953795280510425, 2.409606202266254, 6.602604638322667, 12.429507217102374, 12.464051523080286, 12.548580307747965, 8.440502217877796, 9.758434869383514, 8.957914639579906, 6.66560395013085, 2.5366860448230484, 1.0866932869950012, 2.1561799298759836, 3.3978226366307, 4.801749837298899, 4.764563840479, 4.807728321151268, 3.404729282923974, 6.2061305182859305], [13.087026223707202, 11.670453213564588, 11.261862540006428, 12.104699425016715, 9.911966166709812, 9.195573451394969, 9.938295978687695, 9.478181456376534, 8.159094520227107, 7.230995141057696, 5.9127533434094826, 4.91838343462565, 5.372973345364744, 3.686058974026325, 2.4288312189199157, 1.395999906876788, 0.0, 1.393026668804298, 2.419502099606446, 3.796629727798064, 2.7875593930892313, 7.8182913293123075, 13.434531793851246, 13.411901452441409, 13.62670386337063, 9.492659417149655, 11.009971136201948, 10.266050681250311, 7.99230896549927, 3.929943227325301, 2.1394923883949675, 1.0869694613925454, 2.147654983930147, 4.532016727683163, 4.277409160929078, 4.040702593609185, 3.873417680808513, 7.341643256792037], [12.974626295967063, 11.587498023732302, 11.2763458305428, 12.164093456152004, 9.964659505974101, 9.368234564740574, 10.187192748740939, 9.846351237895183, 8.602096828680784, 7.607721249493832, 6.409251365019163, 5.2111218763333484, 5.35041586701445, 4.210477894491312, 2.8064887831594834, 2.415919704791531, 1.393026668804298, 0.0, 1.3982628472501153, 2.517006771941625, 2.4196840971498736, 8.040995991169254, 13.266950581802886, 13.2341649872593, 13.610291359849722, 9.481717217360996, 11.227241355738283, 10.672406428261622, 8.541039563191356, 4.731248371201833, 3.3899503624684537, 2.152378802627456, 1.0877115288531243, 3.3690581591893007, 3.04043471398417, 2.6668433118576726, 3.39242610089004, 7.488764117663208], [11.821154963454292, 10.459266137736433, 10.178749452658709, 11.073743958571555, 8.904972790525528, 8.380746265697345, 9.239214261505142, 9.007710568729436, 7.854646929047798, 6.814775677892853, 5.7683532147398875, 4.4418574515623535, 4.311527529774105, 3.7481334407942306, 2.436603911184582, 2.794905123613322, 2.419502099606446, 1.3982628472501153, 0.0, 1.5008499125495527, 1.4047653113598726, 7.118100821146045, 12.06063611299172, 12.07314547580704, 12.509684949270305, 8.41290659879212, 10.24331042241716, 9.866889699393624, 7.916757986069803, 4.51325556998493, 3.8813121814664693, 3.403803572475945, 2.162721197935601, 2.149720919096244, 2.1382873473880912, 2.151294349920531, 2.142591043573178, 6.547162009603856], [11.963630865669503, 10.67034382482589, 10.508101911382475, 11.42729843576337, 9.321558471629087, 8.949299093783825, 9.852786861086562, 9.749886340363153, 8.716169260632793, 7.669508550096284, 6.8001614782297635, 5.414456035466537, 4.9714564204063985, 4.992151108490207, 3.807664633341545, 4.2953795280510425, 3.796629727798064, 2.517006771941625, 1.5008499125495527, 0.0, 2.518309695013701, 7.803372772077468, 12.129235879065094, 12.13535952907865, 12.750079768770076, 8.779196180744567, 10.790260839757304, 10.61673510359941, 8.87008626620959, 5.853093450475569, 5.381782151852675, 4.6677720102849936, 2.7328333977760155, 1.0950807139202114, 1.0943309645623667, 1.0950662263077975, 2.691226144343875, 7.190256486384891], [10.687398561389953, 9.3046234776051, 8.931204988130101, 9.789363126373441, 7.633644509669021, 7.031331267263689, 7.8608120223040565, 7.614917872833561, 6.460999153381774, 5.410177453651589, 4.382140948212415, 3.0404154650310535, 2.9575660499809637, 2.4739122478374207, 1.397266102072186, 2.409606202266254, 2.7875593930892313, 2.4196840971498736, 1.4047653113598726, 2.518309695013701, 0.0, 5.751528515099269, 10.932291022928359, 11.015418620279485, 11.327671949257713, 7.206301790793943, 8.878032229610344, 8.486153676430801, 6.560599958083102, 3.356033036190198, 3.4034854502406793, 3.8745183881354857, 3.4105837125043568, 2.685997998882352, 3.0014383785112098, 3.390785478322095, 1.086244189857879, 5.240581416217098], [5.906377980623997, 4.554092688999644, 3.7061558790747053, 4.371985450570484, 2.394016679139893, 1.3997243335742935, 2.411502757618162, 2.7910481095817747, 2.4279366878071595, 1.3962941595523488, 2.4473063988802055, 3.0149658804039556, 2.950908751554341, 4.26279559326975, 5.428649067677887, 6.602604638322667, 7.8182913293123075, 8.040995991169254, 7.118100821146045, 7.803372772077468, 5.751528515099269, 0.0, 6.2278670016306545, 6.586602591624911, 6.230761437416779, 2.5438983352327584, 3.4093661185035558, 3.878221061259917, 3.4124901919272967, 4.528123878605797, 6.740649419010011, 8.732558659407907, 9.088569122804756, 7.284953192025327, 8.156831807754774, 8.732956907027539, 5.163819626981562, 1.085855938879555], [1.0945229737196018, 2.0822392970069505, 2.642387214243968, 2.6405459681664323, 3.8790357062032825, 5.057410576569793, 5.4086725432401614, 6.781486763240049, 7.691246236469094, 7.439197067560451, 8.658478537248909, 8.941196956224598, 8.286093101697567, 10.243566187612593, 11.12831068626321, 12.429507217102374, 13.434531793851246, 13.266950581802886, 12.06063611299172, 12.129235879065094, 10.932291022928359, 6.2278670016306545, 0.0, 1.7747523122960005, 1.8024953425737333, 4.137021847899767, 4.8564546595227265, 7.272156436023637, 8.738712092751426, 10.683506844196806, 12.762574851494506, 14.438697967960962, 14.166871893611518, 11.223861031748388, 12.422366594574484, 12.947157651392061, 10.016356164294479, 6.3627115438309785], [1.0935563039917058, 2.04989660714876, 3.25641390796686, 3.7166767225573976, 4.254218085618084, 5.622856662764933, 6.289838885853913, 7.6875308500194, 8.416077237050525, 7.924444297236242, 9.001521451954662, 9.21185514758021, 8.589204691937432, 10.415805319321208, 11.222029115093223, 12.464051523080286, 13.411901452441409, 13.2341649872593, 12.07314547580704, 12.13535952907865, 11.015418620279485, 6.586602591624911, 1.7747523122960005, 0.0, 1.7746923705251008, 4.1465583512112785, 5.928992748351106, 8.324478992705789, 9.497395249751376, 10.85307135515104, 12.802992700536855, 14.385353458292224, 14.096460440124677, 11.186741600215855, 12.567477227351558, 12.850247747806266, 10.154629538294344, 6.462632434232973], [1.0945184968743105, 2.0819938352454357, 2.645139332814058, 2.641734568422801, 3.8821379534993343, 5.0661349922796175, 5.427294344330331, 6.800808147565994, 7.70593844577025, 7.450922253654242, 8.654517411155863, 9.125044711671281, 8.672709277382705, 10.356576180379307, 11.340097704605547, 12.548580307747965, 13.62670386337063, 13.610291359849722, 12.509684949270305, 12.750079768770076, 11.327671949257713, 6.230761437416779, 1.8024953425737333, 1.7746923705251008, 0.0, 4.141178442182854, 4