{"total energy": -42.9340177, "HOMO-LUMO gap/eV": 4.79598834, "electronic energy": -43.46269428, "dipole": [0.0018783, 0.88775966, 0.18940042], "partial charges": [-0.09994954, -0.05215773, -0.05896742, -0.05810113, -0.05850445, -0.05976057, -0.05805511, -0.08802975, 0.34945053, -0.40615706, -0.27598964, 0.08519188, -0.11336829, 0.03242948, 0.03178708, 0.03119518, 0.02823589, 0.0280611, 0.03129351, 0.03118252, 0.02943408, 0.02912222, 0.0323884, 0.03119712, 0.03177326, 0.03345841, 0.04608104, 0.04648681, 0.06873846, 0.068883, 0.05096583, 0.05096638, 0.05051349, 0.0551097, 0.05509534], "atomic dipole moments": [[0.04827894, -0.06713775, 0.0577567], [0.04580442, 0.04928731, -0.08687576], [-0.04504026, -0.05065569, 0.08958549], [0.04655828, 0.04201326, -0.09070026], [-0.02102351, 0.10610609, 0.03507175], [0.03738882, -0.10689769, -0.03148727], [-0.00146872, 0.13185201, 0.02911451], [0.04237318, -0.08581697, -0.02806518], [0.12655592, 0.09607932, -0.00604128], [-0.04811252, 0.16283275, 0.04651436], [0.08883646, -0.19910006, -0.06336504], [-0.21221843, 0.10700956, 0.06967763], [-0.06386877, -0.12285625, -0.01337804], [-0.00858878, -0.03934973, -0.11932079], [0.05819657, 0.11146575, 0.00077679], [-0.11594063, 0.01758479, 0.04247391], [-0.06611346, -0.10430888, 0.00015487], [-0.00126353, 0.04153474, 0.11631846], [0.06096339, 0.10811984, -0.00116523], [-0.0018801, -0.03936016, -0.11808151], [-0.06441928, -0.10327095, 0.00774132], [0.00598538, 0.04048741, 0.11728598], [-0.00721927, -0.04783636, -0.11503966], [0.03905564, -0.0933807, 0.06845958], [0.00287884, 0.04921846, 0.11361878], [-0.03575578, 0.09104967, -0.07585225], [0.03928267, -0.09460486, 0.07524827], [-0.00228908, -0.05265638, -0.11585575], [-0.04144154, 0.09196497, -0.08588032], [0.00409593, 0.04559564, 0.12434909], [0.04761498, -0.08460537, 0.08273033], [0.00344605, -0.0394129, -0.12126644], [0.1237514, -0.01931685, -0.03107585], [-0.00683324, 0.04999768, 0.11787011], [-0.04846284, 0.09260032, -0.07430428]], "atomic quadrupole moments": [[-0.02739511, -0.11564878, 0.03301561, 0.08956851, -0.13809903, -0.0056205], [0.13347961, -0.15621911, -0.06274624, -0.00911385, -0.12875552, -0.07073337], [0.14459428, -0.1493491, -0.07554588, -0.02200377, -0.12927409, -0.0690484], [0.12826844, -0.16571109, -0.05635975, -0.02515246, -0.1022587, -0.07190869], [0.18585683, 0.07635572, 0.00376765, -0.09520591, 0.03506268, -0.18962447], [0.20171279, 0.05166985, 0.0152185, -0.08126406, 0.04650847, -0.2169313], [0.20908332, 0.09587475, 0.02579302, -0.08082268, 0.04061975, -0.23487634], [0.19736526, 0.06324424, 0.04108265, -0.08706195, 0.05450811, -0.23844791], [-0.17328881, 0.13568051, -0.2278305, 0.17137664, -0.18615549, 0.40111931], [-0.09963354, -0.01278755, -0.08352577, 0.06441881, -0.06252332, 0.1831593], [0.08893168, -0.0103287, -0.01971186, -0.0391231, 0.01587602, -0.06921983], [0.42754263, 0.01569464, -0.07817487, -0.17631038, 0.06851438, -0.34936776], [-0.01081917, 0.18980458, 0.15263001, 0.01310983, 0.02473854, -0.14181085], [-0.04943113, -0.00801484, -0.01355154, 0.00384557, 0.04075476, 0.06298267], [-0.00530083, 0.05489989, 0.04523358, 0.01482845, -0.00053171, -0.03993276], [0.06270139, -0.01755896, -0.04117538, -0.04335233, -0.00735144, -0.02152602], [-0.00227353, 0.02975471, 0.04027056, 0.00819615, 0.00710711, -0.03799702], [-0.02288986, -0.00582445, -0.01802993, 0.01217821, 0.03332722, 0.04091979], [0.00151452, 0.03405998, 0.03414728, 0.00823046, 0.00801832, -0.0356618], [-0.02465014, -0.0039522, -0.01574475, 0.00854794, 0.03582836, 0.04039489], [0.01101696, 0.03268393, 0.03472673, 0.0085253, 0.00231948, -0.04574369], [-0.02621841, -0.0064939, -0.00981979, 0.01647723, 0.03790527, 0.0360382], [-0.02065271, 0.012373, -0.03314298, 0.0049747, 0.01869702, 0.05379568], [-0.00037316, -0.01619603, 0.00344263, 0.01938294, -0.04668323, -0.00306947], [-0.02237877, 0.00586338, -0.02885877, 0.00341235, 0.02460274, 0.05123754], [-0.01143197, -0.01508478, 0.00298711, 0.019168, -0.04234617, 0.00844487], [-0.01046584, -0.01218604, -0.0006744, 0.01716426, -0.04164498, 0.01114024], [-0.01882415, 0.00646014, -0.02992548, 0.00298043, 0.02081608, 0.04874963], [-0.01043923, -0.00303364, 0.01925796, 0.02603833, -0.04828892, -0.00881874], [-0.02590971, 0.02394277, -0.01963275, -0.00381806, 0.03376003, 0.04554246], [0.00440349, -0.00738658, -0.00136261, 0.00844702, -0.03452095, -0.00304088], [-0.00169867, 0.00855504, -0.02759209, -0.00214245, 0.02106666, 0.02929077], [0.07244247, -0.02354423, -0.02925928, -0.03227299, 0.01023894, -0.0431832], [-0.04996189, 0.00524245, -0.02312296, -0.00950911, 0.0273577, 0.07308485], [-0.02471491, -0.02516587, 0.01270164, 0.04214239, -0.04670933, 0.01201327]], "number of molecular orbitals": 74, "number of electrons": 78, "number of unpaired electrons": 0, "orbital energies/eV": [-20.03534059, -19.29577299, -18.29998063, -17.31369568, -16.98239002, -16.80346575, -16.6146547, -16.43306021, -16.23135907, -15.86674493, -15.84067443, -15.34473732, -15.29658554, -15.13524387, -15.00494669, -14.79282838, -14.44940584, -14.07763651, -13.96761669, -13.66251811, -13.54895971, -13.47763421, -13.27279121, -13.17107192, -13.01770673, -12.84118856, -12.75309799, -12.7267965, -12.65356565, -12.28027533, -12.18434522, -12.01509232, -11.91923085, -11.76268564, -11.67199956, -11.54391351, -11.44308965, -11.32378874, -11.20428678, -6.40829844, -0.08261018, 1.65488665, 2.08280569, 2.68705068, 2.82520414, 2.91791196, 3.09345265, 3.1999357, 3.46585106, 3.5397044, 3.79004964, 3.90821348, 3.99982445, 4.15388882, 4.34175495, 4.49194059, 4.65400268, 4.72263684, 4.7428065, 4.98161743, 5.41708947, 5.71593991, 6.06023938, 6.27661403, 6.50809638, 6.70025137, 6.94061381, 7.00960711, 7.21468943, 7.36878592, 7.37341514, 8.26599184, 8.43387256, 16.20672112], "fractional occupation": [2.0, 2.0, 2.0, 2.0, 2.0, 2.0, 2.0, 2.0, 2.0, 2.0, 2.0, 2.0, 2.0, 2.0, 2.0, 2.0, 2.0, 2.0, 2.0, 2.0, 2.0, 2.0, 2.0, 2.0, 2.0, 2.0, 2.0, 2.0, 2.0, 2.0, 2.0, 2.0, 2.0, 2.0, 2.0, 2.0, 2.0, 2.0, 2.0, 0.0, 0.0, 0.0, 0.0, 0.0, 0.0, 0.0, 0.0, 0.0, 0.0, 0.0, 0.0, 0.0, 0.0, 0.0, 0.0, 0.0, 0.0, 0.0, 0.0, 0.0, 0.0, 0.0, 0.0, 0.0, 0.0, 0.0, 0.0, 0.0, 0.0, 0.0, 0.0, 0.0, 0.0, 0.0], "program call": "xtb /home/svss/Project-DBcg-Debug/aqme2_20220329/End-to-End-workflows-final/example-3/QDESCP/mol_191_rdkit_conf_12/mol_191_rdkit_conf_12.xyz --pop --wbo --acc 0.2 --gfn 2 --chrg 0 --uhf 0 --etemp 300 --input /home/svss/Project-DBcg-Debug/aqme2_20220329/End-to-End-workflows-final/example-3/QDESCP/mol_191_rdkit_conf_12/mol_191_rdkit_conf_12_xtb.inp", "method": "GFN2-xTB", "xtb version": "6.3.3 (7355c4f)", "Dipole module/D": 2.307, "Total charge": 0, "Transition dipole module/D": NaN, "HOMO": -11.2043, "LUMO": -6.4083, "HOMO occupancy": 2.0, "LUMO occupancy": 0, "mulliken charges": [-0.08347, -0.03833, -0.04824, -0.04596, -0.04495, -0.04925, -0.04058, -0.0778, 0.57404, -0.5284, -0.425, 0.20619, -0.09542, 0.02692, 0.0264, 0.02833, 0.02226, 0.02191, 0.02217, 0.0234, 0.02516, 0.02285, 0.02539, 0.02643, 0.02291, 0.02306, 0.03695, 0.03717, 0.05495, 0.05495, 0.03879, 0.03879, 0.03434, 0.04203, 0.04202], "cm5 charges": [-0.23382, -0.15093, -0.15904, -0.15649, -0.15552, -0.16, -0.14897, -0.17653, 0.6232, -0.57805, -0.50824, 0.12381, -0.2421, 0.07821, 0.07769, 0.07911, 0.07697, 0.07661, 0.07812, 0.07884, 0.08008, 0.07804, 0.08061, 0.08136, 0.07841, 0.07906, 0.09427, 0.09449, 0.11378, 0.1138, 0.10359, 0.10359, 0.08553, 0.09526, 0.09524], "FUKUI+": [0.003, 0.002, 0.002, 0.005, 0.004, 0.006, 0.015, 0.029, -0.188, -0.281, -0.122, 0.027, 0.017, -0.003, -0.001, -0.01, -0.007, -0.004, 0.004, -0.003, -0.016, -0.008, -0.01, -0.008, -0.018, -0.017, -0.022, -0.023, -0.097, -0.097, -0.039, -0.039, -0.044, -0.028, -0.028], "FUKUI-": [0.016, 0.006, 0.006, 0.009, 0.006, 0.001, 0.006, -0.003, -0.009, -0.086, -0.045, 0.009, 0.009, -0.046, -0.042, -0.043, -0.068, -0.061, -0.059, -0.05, -0.055, -0.036, -0.031, -0.048, -0.033, -0.039, -0.034, -0.03, -0.031, -0.033, -0.04, -0.039, -0.037, -0.036, -0.036], "FUKUIrad": [0.009, 0.004, 0.004, 0.007, 0.005, 0.004, 0.01, 0.013, -0.098, -0.183, -0.084, 0.018, 0.013, -0.025, -0.022, -0.026, -0.037, -0.033, -0.027, -0.027, -0.036, -0.022, -0.021, -0.028, -0.025, -0.028, -0.028, -0.026, -0.064, -0.065, -0.039, -0.039, -0.04, -0.032, -0.032], "s proportion": [1.007, 1.027, 1.032, 1.032, 1.032, 1.033, 1.031, 1.039, 0.991, 1.731, 1.7, 0.994, 1.011, 0.973, 0.974, 0.972, 0.978, 0.978, 0.978, 0.977, 0.975, 0.977, 0.975, 0.974, 0.977, 0.977, 0.963, 0.963, 0.945, 0.945, 0.961, 0.961, 0.966, 0.958, 0.958], "p proportion": [3.076, 3.011, 3.016, 3.014, 3.013, 3.017, 3.01, 3.039, 2.435, 4.797, 4.725, 2.8, 3.085, 0.0, 0.0, 0.0, 0.0, 0.0, 0.0, 0.0, 0.0, 0.0, 0.0, 0.0, 0.0, 0.0, 0.0, 0.0, 0.0, 0.0, 0.0, 0.0, 0.0, 0.0, 0.0], "d proportion": [0.0, 0.0, 0.0, 0.0, 0.0, 0.0, 0.0, 0.0, 0.0, 0.0, 0.0, 0.0, 0.0, 0.0, 0.0, 0.0, 0.0, 0.0, 0.0, 0.0, 0.0, 0.0, 0.0, 0.0, 0.0, 0.0, 0.0, 0.0, 0.0, 0.0, 0.0, 0.0, 0.0, 0.0, 0.0], "Fermi-level/eV": -8.8063, "Coordination numbers": [3.75, 3.8, 3.801, 3.8, 3.8, 3.801, 3.802, 3.803, 2.72, 0.856, 1.703, 3.703, 3.748, 0.924, 0.924, 0.924, 0.924, 0.924, 0.924, 0.924, 0.924, 0.924, 0.924, 0.924, 0.924, 0.924, 0.924, 0.924, 0.924, 0.924, 0.924, 0.924, 0.924, 0.924, 0.924], "Dispersion coefficient C6": [22.472, 21.511, 21.635, 21.62, 21.627, 21.65, 21.617, 22.177, 21.065, 21.805, 18.579, 19.31, 22.736, 2.552, 2.561, 2.57, 2.612, 2.614, 2.568, 2.57, 2.595, 2.599, 2.553, 2.57, 2.562, 2.538, 2.37, 2.364, 2.1, 2.098, 2.308, 2.308, 2.314, 2.257, 2.257], "Total dispersion C6": 8886.286999, "Total dispersion C8": 188244.99316, "Polarizability alpha": [6.761, 6.603, 6.622, 6.62, 6.621, 6.625, 6.619, 6.704, 7.513, 6.261, 5.82, 6.283, 6.801, 2.498, 2.503, 2.507, 2.527, 2.529, 2.506, 2.507, 2.519, 2.521, 2.499, 2.507, 2.503, 2.491, 2.407, 2.405, 2.266, 2.265, 2.376, 2.376, 2.379, 2.35, 2.35], "Total polarizability alpha": 139.643434, "Wiberg matrix": [[0.0, 1.020161353053327, 0.0, 0.0, 0.0, 0.0, 0.0, 0.0, 0.0, 0.0, 0.0, 0.0, 0.0, 0.9877080138429901, 0.9877212760843103, 0.9873887016252265, 0.0, 0.0, 0.0, 0.0, 0.0, 0.0, 0.0, 0.0, 0.0, 0.0, 0.0, 0.0, 0.0, 0.0, 0.0, 0.0, 0.0, 0.0, 0.0], [1.020161353053327, 0.0, 1.0074679030415212, 0.0, 0.0, 0.0, 0.0, 0.0, 0.0, 0.0, 0.0, 0.0, 0.0, 0.0, 0.0, 0.0, 0.9779985150585424, 0.9782110067792319, 0.0, 0.0, 0.0, 0.0, 0.0, 0.0, 0.0, 0.0, 0.0, 0.0, 0.0, 0.0, 0.0, 0.0, 0.0, 0.0, 0.0], [0.0, 1.0074679030415212, 0.0, 1.0081365918166245, 0.0, 0.0, 0.0, 0.0, 0.0, 0.0, 0.0, 0.0, 0.0, 0.0, 0.0, 0.0, 0.0, 0.0, 0.9754125348313051, 0.977048259099303, 0.0, 0.0, 0.0, 0.0, 0.0, 0.0, 0.0, 0.0, 0.0, 0.0, 0.0, 0.0, 0.0, 0.0, 0.0], [0.0, 0.0, 1.0081365918166245, 0.0, 1.006312665597767, 0.0, 0.0, 0.0, 0.0, 0.0, 0.0, 0.0, 0.0, 0.0, 0.0, 0.0, 0.0, 0.0, 0.0, 0.0, 0.9767879075955241, 0.9772353792993842, 0.0, 0.0, 0.0, 0.0, 0.0, 0.0, 0.0, 0.0, 0.0, 0.0, 0.0, 0.0, 0.0], [0.0, 0.0, 0.0, 1.006312665597767, 0.0, 1.0079746006567778, 0.0, 0.0, 0.0, 0.0, 0.0, 0.0, 0.0, 0.0, 0.0, 0.0, 0.0, 0.0, 0.0, 0.0, 0.0, 0.0, 0.9770124431814392, 0.9766807804571978, 0.0, 0.0, 0.0, 0.0, 0.0, 0.0, 0.0, 0.0, 0.0, 0.0, 0.0], [0.0, 0.0, 0.0, 0.0, 1.0079746006567778, 0.0, 1.00686700524811, 0.0, 0.0, 0.0, 0.0, 0.0, 0.0, 0.0, 0.0, 0.0, 0.0, 0.0, 0.0, 0.0, 0.0, 0.0, 0.0, 0.0, 0.976868999984571, 0.9751222763482501, 0.0, 0.0, 0.0, 0.0, 0.0, 0.0, 0.0, 0.0, 0.0], [0.0, 0.0, 0.0, 0.0, 0.0, 1.00686700524811, 0.0, 1.0065479027622146, 0.0, 0.0, 0.0, 0.0, 0.0, 0.0, 0.0, 0.0, 0.0, 0.0, 0.0, 0.0, 0.0, 0.0, 0.0, 0.0, 0.0, 0.0, 0.9759475005890308, 0.9761312539873134, 0.0, 0.0, 0.0, 0.0, 0.0, 0.0, 0.0], [0.0, 0.0, 0.0, 0.0, 0.0, 0.0, 1.0065479027622146, 0.0, 0.9786835056129838, 0.0, 0.0, 0.0, 0.0, 0.0, 0.0, 0.0, 0.0, 0.0, 0.0, 0.0, 0.0, 0.0, 0.0, 0.0, 0.0, 0.0, 0.0, 0.0, 0.9529163855870769, 0.9529706088520935, 0.0, 0.0, 0.0, 0.0, 0.0], [0.0, 0.0, 0.0, 0.0, 0.0, 0.0, 0.0, 0.9786835056129838, 0.0, 1.7611373517427276, 1.115199908087403, 0.0, 0.0, 0.0, 0.0, 0.0, 0.0, 0.0, 0.0, 0.0, 0.0, 0.0, 0.0, 0.0, 0.0, 0.0, 0.0, 0.0, 0.0, 0.0, 0.0, 0.0, 0.0, 0.0, 0.0], [0.0, 0.0, 0.0, 0.0, 0.0, 0.0, 0.0, 0.0, 1.7611373517427276, 0.0, 0.16959095517824013, 0.0, 0.0, 0.0, 0.0, 0.0, 0.0, 0.0, 0.0, 0.0, 0.0, 0.0, 0.0, 0.0, 0.0, 0.0, 0.0, 0.0, 0.0, 0.0, 0.0, 0.0, 0.0, 0.0, 0.0], [0.0, 0.0, 0.0, 0.0, 0.0, 0.0, 0.0, 0.0, 1.115199908087403, 0.16959095517824013, 0.0, 0.9411872652832343, 0.0, 0.0, 0.0, 0.0, 0.0, 0.0, 0.0, 0.0, 0.0, 0.0, 0.0, 0.0, 0.0, 0.0, 0.0, 0.0, 0.0, 0.0, 0.0, 0.0, 0.0, 0.0, 0.0], [0.0, 0.0, 0.0, 0.0, 0.0, 0.0, 0.0, 0.0, 0.0, 0.0, 0.9411872652832343, 0.0, 1.0197208098955979, 0.0, 0.0, 0.0, 0.0, 0.0, 0.0, 0.0, 0.0, 0.0, 0.0, 0.0, 0.0, 0.0, 0.0, 0.0, 0.0, 0.0, 0.9698115982784783, 0.9698095139690925, 0.0, 0.0, 0.0], [0.0, 0.0, 0.0, 0.0, 0.0, 0.0, 0.0, 0.0, 0.0, 0.0, 0.0, 1.0197208098955979, 0.0, 0.0, 0.0, 0.0, 0.0, 0.0, 0.0, 0.0, 0.0, 0.0, 0.0, 0.0, 0.0, 0.0, 0.0, 0.0, 0.0, 0.0, 0.0, 0.0, 0.9839113851478192, 0.9855381816521923, 0.9855378664613997], [0.9877080138429901, 0.0, 0.0, 0.0, 0.0, 0.0, 0.0, 0.0, 0.0, 0.0, 0.0, 0.0, 0.0, 0.0, 0.0, 0.0, 0.0, 0.0, 0.0, 0.0, 0.0, 0.0, 0.0, 0.0, 0.0, 0.0, 0.0, 0.0, 0.0, 0.0, 0.0, 0.0, 0.0, 0.0, 0.0], [0.9877212760843103, 0.0, 0.0, 0.0, 0.0, 0.0, 0.0, 0.0, 0.0, 0.0, 0.0, 0.0, 0.0, 0.0, 0.0, 0.0, 0.0, 0.0, 0.0, 0.0, 0.0, 0.0, 0.0, 0.0, 0.0, 0.0, 0.0, 0.0, 0.0, 0.0, 0.0, 0.0, 0.0, 0.0, 0.0], [0.9873887016252265, 0.0, 0.0, 0.0, 0.0, 0.0, 0.0, 0.0, 0.0, 0.0, 0.0, 0.0, 0.0, 0.0, 0.0, 0.0, 0.0, 0.0, 0.0, 0.0, 0.0, 0.0, 0.0, 0.0, 0.0, 0.0, 0.0, 0.0, 0.0, 0.0, 0.0, 0.0, 0.0, 0.0, 0.0], [0.0, 0.9779985150585424, 0.0, 0.0, 0.0, 0.0, 0.0, 0.0, 0.0, 0.0, 0.0, 0.0, 0.0, 0.0, 0.0, 0.0, 0.0, 0.0, 0.0, 0.0, 0.0, 0.0, 0.0, 0.0, 0.0, 0.0, 0.0, 0.0, 0.0, 0.0, 0.0, 0.0, 0.0, 0.0, 0.0], [0.0, 0.9782110067792319, 0.0, 0.0, 0.0, 0.0, 0.0, 0.0, 0.0, 0.0, 0.0, 0.0, 0.0, 0.0, 0.0, 0.0, 0.0, 0.0, 0.0, 0.0, 0.0, 0.0, 0.0, 0.0, 0.0, 0.0, 0.0, 0.0, 0.0, 0.0, 0.0, 0.0, 0.0, 0.0, 0.0], [0.0, 0.0, 0.9754125348313051, 0.0, 0.0, 0.0, 0.0, 0.0, 0.0, 0.0, 0.0, 0.0, 0.0, 0.0, 0.0, 0.0, 0.0, 0.0, 0.0, 0.0, 0.0, 0.0, 0.0, 0.0, 0.0, 0.0, 0.0, 0.0, 0.0, 0.0, 0.0, 0.0, 0.0, 0.0, 0.0], [0.0, 0.0, 0.977048259099303, 0.0, 0.0, 0.0, 0.0, 0.0, 0.0, 0.0, 0.0, 0.0, 0.0, 0.0, 0.0, 0.0, 0.0, 0.0, 0.0, 0.0, 0.0, 0.0, 0.0, 0.0, 0.0, 0.0, 0.0, 0.0, 0.0, 0.0, 0.0, 0.0, 0.0, 0.0, 0.0], [0.0, 0.0, 0.0, 0.9767879075955241, 0.0, 0.0, 0.0, 0.0, 0.0, 0.0, 0.0, 0.0, 0.0, 0.0, 0.0, 0.0, 0.0, 0.0, 0.0, 0.0, 0.0, 0.0, 0.0, 0.0, 0.0, 0.0, 0.0, 0.0, 0.0, 0.0, 0.0, 0.0, 0.0, 0.0, 0.0], [0.0, 0.0, 0.0, 0.9772353792993842, 0.0, 0.0, 0.0, 0.0, 0.0, 0.0, 0.0, 0.0, 0.0, 0.0, 0.0, 0.0, 0.0, 0.0, 0.0, 0.0, 0.0, 0.0, 0.0, 0.0, 0.0, 0.0, 0.0, 0.0, 0.0, 0.0, 0.0, 0.0, 0.0, 0.0, 0.0], [0.0, 0.0, 0.0, 0.0, 0.9770124431814392, 0.0, 0.0, 0.0, 0.0, 0.0, 0.0, 0.0, 0.0, 0.0, 0.0, 0.0, 0.0, 0.0, 0.0, 0.0, 0.0, 0.0, 0.0, 0.0, 0.0, 0.0, 0.0, 0.0, 0.0, 0.0, 0.0, 0.0, 0.0, 0.0, 0.0], [0.0, 0.0, 0.0, 0.0, 0.9766807804571978, 0.0, 0.0, 0.0, 0.0, 0.0, 0.0, 0.0, 0.0, 0.0, 0.0, 0.0, 0.0, 0.0, 0.0, 0.0, 0.0, 0.0, 0.0, 0.0, 0.0, 0.0, 0.0, 0.0, 0.0, 0.0, 0.0, 0.0, 0.0, 0.0, 0.0], [0.0, 0.0, 0.0, 0.0, 0.0, 0.976868999984571, 0.0, 0.0, 0.0, 0.0, 0.0, 0.0, 0.0, 0.0, 0.0, 0.0, 0.0, 0.0, 0.0, 0.0, 0.0, 0.0, 0.0, 0.0, 0.0, 0.0, 0.0, 0.0, 0.0, 0.0, 0.0, 0.0, 0.0, 0.0, 0.0], [0.0, 0.0, 0.0, 0.0, 0.0, 0.9751222763482501, 0.0, 0.0, 0.0, 0.0, 0.0, 0.0, 0.0, 0.0, 0.0, 0.0, 0.0, 0.0, 0.0, 0.0, 0.0, 0.0, 0.0, 0.0, 0.0, 0.0, 0.0, 0.0, 0.0, 0.0, 0.0, 0.0, 0.0, 0.0, 0.0], [0.0, 0.0, 0.0, 0.0, 0.0, 0.0, 0.9759475005890308, 0.0, 0.0, 0.0, 0.0, 0.0, 0.0, 0.0, 0.0, 0.0, 0.0, 0.0, 0.0, 0.0, 0.0, 0.0, 0.0, 0.0, 0.0, 0.0, 0.0, 0.0, 0.0, 0.0, 0.0, 0.0, 0.0, 0.0, 0.0], [0.0, 0.0, 0.0, 0.0, 0.0, 0.0, 0.9761312539873134, 0.0, 0.0, 0.0, 0.0, 0.0, 0.0, 0.0, 0.0, 0.0, 0.0, 0.0, 0.0, 0.0, 0.0, 0.0, 0.0, 0.0, 0.0, 0.0, 0.0, 0.0, 0.0, 0.0, 0.0, 0.0, 0.0, 0.0, 0.0], [0.0, 0.0, 0.0, 0.0, 0.0, 0.0, 0.0, 0.9529163855870769, 0.0, 0.0, 0.0, 0.0, 0.0, 0.0, 0.0, 0.0, 0.0, 0.0, 0.0, 0.0, 0.0, 0.0, 0.0, 0.0, 0.0, 0.0, 0.0, 0.0, 0.0, 0.0, 0.0, 0.0, 0.0, 0.0, 0.0], [0.0, 0.0, 0.0, 0.0, 0.0, 0.0, 0.0, 0.9529706088520935, 0.0, 0.0, 0.0, 0.0, 0.0, 0.0, 0.0, 0.0, 0.0, 0.0, 0.0, 0.0, 0.0, 0.0, 0.0, 0.0, 0.0, 0.0, 0.0, 0.0, 0.0, 0.0, 0.0, 0.0, 0.0, 0.0, 0.0], [0.0, 0.0, 0.0, 0.0, 0.0, 0.0, 0.0, 0.0, 0.0, 0.0, 0.0, 0.9698115982784783, 0.0, 0.0, 0.0, 0.0, 0.0, 0.0, 0.0, 0.0, 0.0, 0.0, 0.0, 0.0, 0.0, 0.0, 0.0, 0.0, 0.0, 0.0, 0.0, 0.0, 0.0, 0.0, 0.0], [0.0, 0.0, 0.0, 0.0, 0.0, 0.0, 0.0, 0.0, 0.0, 0.0, 0.0, 0.9698095139690925, 0.0, 0.0, 0.0, 0.0, 0.0, 0.0, 0.0, 0.0, 0.0, 0.0, 0.0, 0.0, 0.0, 0.0, 0.0, 0.0, 0.0, 0.0, 0.0, 0.0, 0.0, 0.0, 0.0], [0.0, 0.0, 0.0, 0.0, 0.0, 0.0, 0.0, 0.0, 0.0, 0.0, 0.0, 0.0, 0.9839113851478192, 0.0, 0.0, 0.0, 0.0, 0.0, 0.0, 0.0, 0.0, 0.0, 0.0, 0.0, 0.0, 0.0, 0.0, 0.0, 0.0, 0.0, 0.0, 0.0, 0.0, 0.0, 0.0], [0.0, 0.0, 0.0, 0.0, 0.0, 0.0, 0.0, 0.0, 0.0, 0.0, 0.0, 0.0, 0.9855381816521923, 0.0, 0.0, 0.0, 0.0, 0.0, 0.0, 0.0, 0.0, 0.0, 0.0, 0.0, 0.0, 0.0, 0.0, 0.0, 0.0, 0.0, 0.0, 0.0, 0.0, 0.0, 0.0], [0.0, 0.0, 0.0, 0.0, 0.0, 0.0, 0.0, 0.0, 0.0, 0.0, 0.0, 0.0, 0.9855378664613997, 0.0, 0.0, 0.0, 0.0, 0.0, 0.0, 0.0, 0.0, 0.0, 0.0, 0.0, 0.0, 0.0, 0.0, 0.0, 0.0, 0.0, 0.0, 0.0, 0.0, 0.0, 0.0]], "Born radii": [], "Atomic SASAs": [], "Solvent H bonds": [], "Total SASA": NaN, "Total FOD": 0.0, "FOD": [0.0, 0.0, 0.0, 0.0, 0.0, 0.0, 0.0, 0.0, 0.0, 0.0, 0.0, 0.0, 0.0, 0.0, 0.0, 0.0, 0.0, 0.0, 0.0, 0.0, 0.0, 0.0, 0.0, 0.0, 0.0, 0.0, 0.0, 0.0, 0.0, 0.0, 0.0, 0.0, 0.0, 0.0, 0.0], "FOD s proportion": [0.0, 0.0, 0.0, 0.0, 0.0, 0.0, 0.0, 0.0, 0.0, 0.0, 0.0, 0.0, 0.0, 0.0, 0.0, 0.0, 0.0, 0.0, 0.0, 0.0, 0.0, 0.0, 0.0, 0.0, 0.0, 0.0, 0.0, 0.0, 0.0, 0.0, 0.0, 0.0, 0.0, 0.0, 0.0], "FOD p proportion": [0.0, 0.0, 0.0, 0.0, 0.0, 0.0, 0.0, 0.0, 0.0, 0.0, 0.0, 0.0, 0.0, 0.0, 0.0, 0.0, 0.0, 0.0, 0.0, 0.0, 0.0, 0.0, 0.0, 0.0, 0.0, 0.0, 0.0, 0.0, 0.0, 0.0, 0.0, 0.0, 0.0, 0.0, 0.0], "FOD d proportion": [0.0, 0.0, 0.0, 0.0, 0.0, 0.0, 0.0, 0.0, 0.0, 0.0, 0.0, 0.0, 0.0, 0.0, 0.0, 0.0, 0.0, 0.0, 0.0, 0.0, 0.0, 0.0, 0.0, 0.0, 0.0, 0.0, 0.0, 0.0, 0.0, 0.0, 0.0, 0.0, 0.0, 0.0, 0.0], "coordinates": [["-5.68120", "1.03060", "-0.39010"], ["-4.96370", "0.01580", "0.48580"], ["-3.53480", "-0.23250", "0.00050"], ["-2.81780", "-1.25160", "0.88870"], ["-1.42160", "-1.62500", "0.38260"], ["-0.42680", "-0.46300", "0.42770"], ["0.97620", "-0.91940", "0.02230"], ["1.97110", "0.23920", "0.06240"], ["3.36180", "-0.19690", "-0.33530"], ["3.68780", "-1.33030", "-0.65710"], ["4.20360", "0.87470", "-0.28010"], ["5.55790", "0.57590", "-0.63960"], ["6.36890", "1.85260", "-0.53230"], ["-5.74210", "0.68130", "-1.42580"], ["-5.16080", "1.99360", "-0.38200"], ["-6.70050", "1.19230", "-0.02570"], ["-5.52760", "-0.92420", "0.48170"], ["-4.94760", "0.38040", "1.51950"], ["-2.98760", "0.71680", "-0.00020"], ["-3.55670", "-0.59660", "-1.03380"], ["-3.41880", "-2.16820", "0.93840"], ["-2.74660", "-0.86540", "1.91290"], ["-1.49290", "-2.01240", "-0.64100"], ["-1.04180", "-2.44530", "1.00440"], ["-0.39760", "-0.04290", "1.44020"], ["-0.75160", "0.33620", "-0.24770"], ["1.31400", "-1.71850", "0.69390"], ["0.94800", "-1.34730", "-0.98760"], ["1.64980", "1.02690", "-0.62830"], ["2.01920", "0.65050", "1.07680"], ["5.96390", "-0.17860", "0.04340"], ["5.59320", "0.20070", "-1.66850"], ["7.41450", "1.67410", "-0.79830"], ["6.32620", "2.25190", "0.48640"], ["5.96220", "2.62440", "-1.19420"]], "bond_dist": [[0.0, 1.5204690394743325, 2.5209170811432884, 3.8785081977482005, 5.078727085599303, 5.5234370784865465, 6.949355978794006, 7.706410675535011, 9.126094909105426, 9.665572865071164, 9.886641282559006, 11.251060889978332, 12.07894096558138, 1.0947117383128764, 1.0946464132312312, 1.0944892598833487, 2.1458963721484783, 2.146509063572758, 2.7397031609282045, 2.752386197465755, 4.137111002861779, 4.184555192610082, 5.1831126458914625, 5.962427644844002, 5.6937535334785965, 4.980303733709421, 7.593775730820604, 7.0680766337101915, 7.334869728222853, 7.848084593071102, 11.715734757154584, 11.376956356161344, 13.117853405950228, 12.10113551283515, 11.779454096434181], [1.5204690394743325, 0.0, 1.5293541741532601, 2.5245827338393965, 3.9050412661071845, 4.562464976303928, 6.030907336379825, 6.951303917971074, 8.368595864898722, 8.82987303815859, 9.239247875774305, 10.596428819654289, 11.525544872586286, 2.1686427483566764, 2.1687826285729974, 2.159226421661239, 1.096175177606207, 1.096233579124449, 2.1523401706050094, 2.159598786812032, 2.713193463430133, 2.7800468089584394, 4.174892348312709, 4.659104933353616, 4.665146756534032, 4.28747767574363, 6.516181350300189, 6.243167950648132, 6.782471840708223, 7.036548692363325, 10.938279155333346, 10.776053735482206, 12.554628904909933, 11.509213073881288, 11.357926076973735], [2.5209170811432884, 1.5293541741532601, 0.0, 1.5302134001504497, 2.55942784621876, 3.145678637432629, 4.563050279144424, 5.526415412362701, 6.904862095654048, 7.335090548861684, 7.822241543189523, 9.150979830597377, 10.13483061229935, 2.7823614826258645, 2.78311039306744, 3.4716563726843703, 2.1636206160045703, 2.1631022282823347, 1.095718403605598, 1.0967337461754334, 2.154076809215493, 2.1631216817368366, 2.783688536815856, 3.4812854019743917, 3.456979619552305, 2.8515303207225413, 5.118579978861326, 4.7238349346690764, 5.3722951296443116, 5.725821049421646, 9.498949800372671, 9.289435248711301, 11.142727470866369, 10.180749636937351, 9.989103798639796], [3.8785081977482005, 2.5245827338393965, 1.5302134001504497, 0.0, 1.5313194343441214, 2.559549171240904, 3.9058215269005827, 5.08318989808565, 6.3873331093657555, 6.687190941643585, 7.428815725941787, 8.707916377067479, 9.800548736167787, 4.200540816371149, 4.199482174030508, 4.678048082266791, 2.7596840036496926, 2.756334645865774, 2.1664657417092936, 2.1612506703295664, 1.0971903435594028, 1.0969072522323846, 2.1619802820562453, 2.1430077414699182, 2.760883188401856, 2.8428324326277132, 4.162657070910358, 4.208433178749545, 5.239494346785766, 5.200955202652682, 8.887300826460192, 8.910295625286516, 10.775233305130799, 9.800463945140557, 9.820908736466295], [5.078727085599303, 3.9050412661071845, 2.55942784621876, 1.5313194343441214, 0.0, 1.5303284124657686, 2.525298455628562, 3.884351035887462, 5.043388303511836, 5.222431669251403, 6.191166806022916, 7.389335146006033, 8.580363280188083, 5.220732755083332, 5.259324648659749, 5.997555617916353, 4.166554625826955, 4.212700650414174, 2.8430474987238608, 2.760878036060268, 2.143079027940874, 2.162044229427326, 1.0967768278004417, 1.0971669745303128, 2.16104932151027, 2.1662141006834945, 2.754842518185023, 2.7512850615666857, 4.181864462174736, 4.183170870284885, 7.533441434696363, 7.533101004234577, 9.50553779804173, 8.664267591089278, 8.663959893720653], [5.5234370784865465, 4.562464976303928, 3.145678637432629, 2.559549171240904, 1.5303284124657686, 0.0, 1.53005199911637, 2.525164022395377, 3.8738182933637972, 4.342687358076794, 4.871450121883626, 6.167258433858597, 7.243282532802375, 5.7443275350557785, 5.394557780763869, 6.5042218089484, 5.1218924315139605, 4.72662495233121, 2.8517929605776082, 3.4568924223932687, 3.481463130639186, 2.7837415181729783, 2.1631757348860954, 2.1541404735996212, 1.0965823726469435, 1.0956189301029806, 2.1627591937152872, 2.162206192757758, 2.7653581268978527, 2.764801812065379, 6.408558054664091, 6.408974343059895, 8.219261408423508, 7.278539462007471, 7.278868000589102], [6.949355978794006, 6.030907336379825, 4.563050279144424, 3.9058215269005827, 2.525298455628562, 1.53005199911637, 0.0, 1.5276740424580109, 2.518128545170004, 2.8254553137503344, 3.7049090852543194, 4.864772203299965, 6.088741943127496, 7.056542282874807, 6.805277106040577, 7.961991194418642, 6.5200065828187626, 6.246798725747452, 4.288282538499534, 4.665482768160225, 4.659910476607893, 4.175706431252082, 2.780480300235914, 2.713893000838463, 2.1600970117103535, 2.1528409602197742, 1.0971400138542027, 1.097174398170136, 2.159884489966998, 2.1597234221075623, 5.042457847121779, 5.042828338343474, 6.989372897477999, 6.236588209910928, 6.236873150064863], [7.706410675535011, 6.951303917971074, 5.526415412362701, 5.08318989808565, 3.884351035887462, 2.525164022395377, 1.5276740424580109, 0.0, 1.5107597393364702, 2.434762696855692, 2.34632110973754, 3.670327659760093, 4.7220093699610555, 7.867887002874405, 7.357948649589775, 8.724265457905323, 7.5999877460427525, 7.07188005695798, 4.982040366155217, 5.697086002510407, 5.9677443619846855, 5.186635200204464, 4.190915188834056, 4.143847325855527, 2.75475097604121, 2.742018654203505, 2.1594355628265456, 2.1601425554810034, 1.0957971847016217, 1.0956681340624999, 4.014644402683754, 4.014611496770267, 5.694764794089393, 4.816392145579511, 4.816336970146503], [9.126094909105426, 8.368595864898722, 6.904862095654048, 6.3873331093657555, 5.043388303511836, 3.8738182933637972, 2.518128545170004, 1.5107597393364702, 0.0, 1.2224675046805946, 1.3638184776574924, 2.3479083329636192, 3.6444354377598733, 9.210940272306622, 8.799726240059972, 10.162460828460793, 8.956443861823733, 8.533445182925826, 6.423551981575303, 6.965149286985886, 7.1752959339667655, 6.543229023196422, 5.192071342922785, 5.122674263507294, 4.160433223836191, 4.148726181612858, 2.7510005525262984, 2.752334625368071, 2.124730439373428, 2.1247795015012736, 2.629576579983933, 2.629572961528164, 4.487692869392913, 3.9318544848455415, 3.9318600000508668], [9.665572865071164, 8.82987303815859, 7.335090548861684, 6.687190941643585, 5.222431669251403, 4.342687358076794, 2.8254553137503344, 2.434762696855692, 1.2224675046805946, 0.0, 2.2956924097099765, 2.6704266887521926, 4.163499088507166, 9.672665002986509, 9.456305472011785, 10.70882596786408, 9.294373556620155, 9.068308288208998, 7.01306646054349, 7.291296100831456, 7.331538734808675, 6.944244765991476, 5.225435112026557, 5.135457468424795, 4.76933530064725, 4.759527599457744, 2.758772676390717, 2.759714349348498, 3.1161940376042057, 3.1167617505994905, 2.645324998936803, 2.645267494980423, 4.7890134359803165, 4.593571992469477, 4.593585077039501], [9.886641282559006, 9.239247875774305, 7.822241543189523, 7.428815725941787, 6.191166806022916, 4.871450121883626, 3.7049090852543194, 2.34632110973754, 1.3638184776574924, 2.2956924097099765, 0.0, 1.4327072904121068, 2.3892294448210705, 10.013340129047847, 9.431559159545149, 10.911690333307668, 9.925353086414608, 9.339558559696492, 7.198377168501245, 7.934421432593558, 8.297286569716633, 7.492828374519198, 6.396538710115025, 6.33928713736805, 4.9972455703117085, 4.984479817393185, 4.002892753996789, 4.004593813359851, 2.5819183798098653, 2.581287781321563, 2.076715972394877, 2.076756779211278, 3.3492462450527585, 2.6437913779267834, 2.643804618348338], [11.251060889978332, 10.596428819654289, 9.150979830597377, 8.707916377067479, 7.389335146006033, 6.167258433858597, 4.864772203299965, 3.670327659760093, 2.3479083329636192, 2.6704266887521926, 1.4327072904121068, 0.0, 1.5163103837935028, 11.327807360650164, 10.815117231912007, 12.289230762338219, 11.242594182394026, 10.726857103084763, 8.5705458064233, 9.198156502799895, 9.518472130547003, 8.80666351066055, 7.510864097425808, 7.442205689847601, 6.338490493011723, 6.3262020162179455, 5.0053152568045105, 5.007092993943691, 3.934053164358611, 3.933699506825604, 1.0957167745361935, 1.0957446509109685, 2.162912964037157, 2.1603557322811446, 2.160414751847432], [12.07894096558138, 11.525544872586286, 10.13483061229935, 9.800548736167787, 8.580363280188083, 7.243282532802375, 6.088741943127496, 4.7220093699610555, 3.6444354377598733, 4.163499088507166, 2.3892294448210705, 1.5163103837935028, 0.0, 12.200270773224666, 11.531541665362875, 13.095871716308158, 12.258283994507552, 11.594844903231783, 9.44019408169133, 10.235605416876911, 10.683111083387649, 9.821347529234469, 8.761160877988717, 8.703554778939464, 7.298575117788403, 7.285738560365723, 6.309384729115827, 6.311324338837293, 4.791753468199298, 4.791047621345461, 2.1497043820023256, 2.149752204324954, 1.0935710356442332, 1.0949947351471603, 1.095076134339526], [1.0947117383128764, 2.1686427483566764, 2.7823614826258645, 4.200540816371149, 5.220732755083332, 5.7443275350557785, 7.056542282874807, 7.867887002874405, 9.210940272306622, 9.672665002986509, 10.013340129047847, 11.327807360650164, 12.200270773224666, 0.0, 1.7746998112356918, 1.7719852059201848, 2.5024381610741155, 3.0653814036755684, 3.101752062947649, 2.5617700072410865, 4.371134266983799, 4.7447042932094305, 5.091918240702614, 6.146081653378841, 6.107544669505087, 5.139270752743039, 7.74859441060119, 7.0046181344881315, 7.442824142756566, 8.1548594770235, 11.8291340617139, 11.348079385517181, 13.20891864044896, 12.319381400460008, 11.86675670349738], [1.0946464132312312, 2.1687826285729974, 2.78311039306744, 4.199482174030508, 5.259324648659749, 5.394557780763869, 6.805277106040577, 7.357948649589775, 8.799726240059972, 9.456305472011785, 9.431559159545149, 10.815117231912007, 11.531541665362875, 1.7746998112356918, 0.0, 1.7719219706296323, 3.06497581882794, 2.5027126742796506, 2.549271998041794, 3.1156245104312554, 4.700914740771205, 4.389625114972803, 5.437702401750211, 6.212253952471679, 5.4914314463534915, 4.712330197471311, 7.540575724704315, 6.9889771504848985, 6.8832728363766025, 7.448786146077762, 11.342767214837833, 10.978073085018154, 12.58624471516425, 11.52267358081448, 11.170438956460037], [1.0944892598833487, 2.159226421661239, 3.4716563726843703, 4.678048082266791, 5.997555617916353, 6.5042218089484, 7.961991194418642, 8.724265457905323, 10.162460828460793, 10.70882596786408, 10.911690333307668, 12.289230762338219, 13.095871716308158, 1.7719852059201848, 1.7719219706296323, 0.0, 2.4723918419215023, 2.473758892859205, 3.7433109555579267, 3.754984322204288, 4.794997805004711, 4.860619760894695, 6.145550743424059, 6.8054482188905085, 6.587953419689607, 6.014283200847795, 8.557031672840763, 8.11630285413254, 8.373648787117835, 8.8058061289129, 12.738570130905588, 12.44255287672108, 14.14433692330609, 13.079751964773644, 12.79688532221806], [2.1458963721484783, 1.096175177606207, 2.1636206160045703, 2.7596840036496926, 4.166554625826955, 5.1218924315139605, 6.5200065828187626, 7.5999877460427525, 8.956443861823733, 9.294373556620155, 9.925353086414608, 11.242594182394026, 12.258283994507552, 2.5024381610741155, 3.06497581882794, 2.4723918419215023, 0.0, 1.7650524071539628, 3.062141180612024, 2.507689936973867, 2.490612039238548, 3.1282186432536965, 4.327058887974602, 4.7654340977501715, 5.292665863248879, 4.9930760579025835, 6.890822294182313, 6.653664513634573, 7.520236829382436, 7.732270969126728, 11.52400097622349, 11.38248446913063, 13.262259057189313, 12.27192762934984, 12.141528190882728], [2.146509063572758, 1.096233579124449, 2.1631022282823347, 2.756334645865774, 4.212700650414174, 4.72662495233121, 6.246798725747452, 7.07188005695798, 8.533445182925826, 9.068308288208998, 9.339558559696492, 10.726857103084763, 11.594844903231783, 3.0653814036755684, 2.5027126742796506, 2.473758892859205, 1.7650524071539628, 0.0, 2.502848986655008, 3.0673233771482264, 3.0282451370389425, 2.5595277298751817, 4.725272921218414, 4.8482143248829255, 4.570336024845439, 4.55317092584937, 6.655421183516488, 6.6354048150809914, 6.968263330988576, 6.98607468754808, 11.025070723582685, 11.013814086409848, 12.643867008949439, 11.474684061010135, 11.464006268752648], [2.7397031609282045, 2.1523401706050094, 1.095718403605598, 2.1664657417092936, 2.8430474987238608, 2.8517929605776082, 4.288282538499534, 4.982040366155217, 6.423551981575303, 7.01306646054349, 7.198377168501245, 8.5705458064233, 9.44019408169133, 3.101752062947649, 2.549271998041794, 3.7433109555579267, 3.062141180612024, 2.502848986655008, 0.0, 1.7655660083950417, 3.0643316400154865, 2.494271326459894, 3.176993133451818, 3.8463274964568477, 3.059411095292687, 2.281624116720368, 4.991615315706931, 4.552407597085304, 4.690005370999057, 5.121754672961211, 8.996276694833258, 8.75669530930476, 10.476500909654904, 9.451993546866186, 9.228406893933535], [2.752386197465755, 2.159598786812032, 1.0967337461754334, 2.1612506703295664, 2.760878036060268, 3.4568924223932687, 4.665482768160225, 5.697086002510407, 6.965149286985886, 7.291296100831456, 7.934421432593558, 9.198156502799895, 10.235605416876911, 2.5617700072410865, 3.1156245104312554, 3.754984322204288, 2.507689936973867, 3.0673233771482264, 1.7655660083950417, 0.0, 2.525572372750383, 3.0678259957174885, 2.5333874397730805, 3.7278241562605925, 4.050576810776461, 3.0588649953863607, 5.288414260437622, 4.567056713026454, 5.468804691155097, 6.091022211419033, 9.59045922779509, 9.206476057102414, 11.206193295673602, 10.396954972490743, 10.050374439293295], [4.137111002861779, 2.713193463430133, 2.154076809215493, 1.0971903435594028, 2.143079027940874, 3.481463130639186, 4.659910476607893, 5.9677443619846855, 7.1752959339667655, 7.331538734808675, 8.297286569716633, 9.518472130547003, 10.683111083387649, 4.371134266983799, 4.700914740771205, 4.794997805004711, 2.490612039238548, 3.0282451370389425, 3.0643316400154865, 2.525572372750383, 0.0, 1.7603382998730672, 2.495569836730682, 2.3940069778511504, 3.7277812127323133, 3.8461420163587303, 4.760399792034279, 4.842756967885132, 6.193054081791955, 6.126668609448369, 9.632994988579615, 9.675937102937368, 11.624963873922363, 10.710117320085715, 10.748030448412397], [4.184555192610082, 2.7800468089584394, 2.1631216817368366, 1.0969072522323846, 2.162044229427326, 2.7837415181729783, 4.175706431252082, 5.186635200204464, 6.543229023196422, 6.944244765991476, 7.492828374519198, 8.80666351066055, 9.821347529234469, 4.7447042932094305, 4.389625114972803, 4.860619760894695, 3.1282186432536965, 2.5595277298751817, 2.494271326459894, 3.0678259957174885, 1.7603382998730672, 0.0, 3.067536128556598, 2.495555910012837, 2.533328352188085, 3.1768002644170124, 4.3246055276753275, 4.721779010076604, 5.419117058156245, 5.070489686410968, 8.935297126564958, 9.138668349929327, 10.818854786898658, 9.698874232610711, 9.883115495126019], [5.1831126458914625, 4.174892348312709, 2.783688536815856, 2.1619802820562453, 1.0967768278004417, 2.1631757348860954, 2.780480300235914, 4.190915188834056, 5.192071342922785, 5.225435112026557, 6.396538710115025, 7.510864097425808, 8.761160877988717, 5.091918240702614, 5.437702401750211, 6.145550743424059, 4.327058887974602, 4.725272921218414, 3.176993133451818, 2.5333874397730805, 2.495569836730682, 3.067536128556598, 0.0, 1.7601803259893571, 3.0675732721485236, 2.494019354375583, 3.1220222340656063, 2.5535235225076742, 4.371963983154481, 4.730403752323896, 7.709415804067128, 7.494423331384477, 9.641410700722172, 8.977394391470167, 8.796843780015648], [5.962427644844002, 4.659104933353616, 3.4812854019743917, 2.1430077414699182, 1.0971669745303128, 2.1541404735996212, 2.713893000838463, 4.143847325855527, 5.122674263507294, 5.135457468424795, 6.33928713736805, 7.442205689847601, 8.703554778939464, 6.146081653378841, 6.212253952471679, 6.8054482188905085, 4.7654340977501715, 4.8482143248829255, 3.8463274964568477, 3.7278241562605925, 2.3940069778511504, 2.495555910012837, 1.7601803259893571, 0.0, 2.5251615869088457, 3.0641006347703397, 2.484842475892587, 3.022080746770344, 4.68685317563928, 4.354186537115744, 7.425717634006831, 7.626856194396222, 9.577483664303479, 8.753252871932812, 8.92141894823912], [5.6937535334785965, 4.665146756534032, 3.456979619552305, 2.760883188401856, 2.16104932151027, 1.0965823726469435, 2.1600970117103535, 2.75475097604121, 4.160433223836191, 4.76933530064725, 4.9972455703117085, 6.338490493011723, 7.298575117788403, 6.107544669505087, 5.4914314463534915, 6.587953419689607, 5.292665863248879, 4.570336024845439, 3.059411095292687, 4.050576810776461, 3.7277812127323133, 2.533328352188085, 3.0675732721485236, 2.5251615869088457, 0.0, 1.7657970494935142, 2.508819166460588, 3.0669710725730686, 3.1008081285368174, 2.54043015255291, 6.514456767835672, 6.753742761610039, 8.305894151745493, 7.168356012364342, 7.382520483547608], [4.980303733709421, 4.28747767574363, 2.8515303207225413, 2.8428324326277132, 2.1662141006834945, 1.0956189301029806, 2.1528409602197742, 2.742018654203505, 4.148726181612858, 4.759527599457744, 4.984479817393185, 6.3262020162179455, 7.285738560365723, 5.139270752743039, 4.712330197471311, 6.014283200847795, 4.9930760579025835, 4.55317092584937, 2.281624116720368, 3.0588649953863607, 3.8461420163587303, 3.1768002644170124, 2.494019354375583, 3.0641006347703397, 1.7657970494935142, 0.0, 3.0618794897905435, 2.50404960414126, 2.5275768653000443, 3.0871374086684256, 6.741490821769321, 6.503346825289268, 8.293269920845457, 7.36912899466416, 7.155894907696731], [7.593775730820604, 6.516181350300189, 5.118579978861326, 4.162657070910358, 2.754842518185023, 2.1627591937152872, 1.0971400138542027, 2.1594355628265456, 2.7510005525262984, 2.758772676390717, 4.002892753996789, 5.0053152568045105, 6.309384729115827, 7.74859441060119, 7.540575724704315, 8.557031672840763, 6.890822294182313, 6.655421183516488, 4.991615315706931, 5.288414260437622, 4.760399792034279, 4.3246055276753275, 3.1220222340656063, 2.484842475892587, 2.508819166460588, 3.0618794897905435, 0.0, 1.7604509905135104, 3.0656476705583766, 2.5012157943688105, 4.941256142925602, 5.251267945934582, 7.138101697930621, 6.3975996475240615, 6.635620940047736], [7.0680766337101915, 6.243167950648132, 4.7238349346690764, 4.208433178749545, 2.7512850615666857, 2.162206192757758, 1.097174398170136, 2.1601425554810034, 2.752334625368071, 2.759714349348498, 4.004593813359851, 5.007092993943691, 6.311324338837293, 7.0046181344881315, 6.9889771504848985, 8.11630285413254, 6.653664513634573, 6.6354048150809914, 4.552407597085304, 4.567056713026454, 4.842756967885132, 4.721779010076604, 2.5535235225076742, 3.022080746770344, 3.0669710725730686, 2.50404960414126, 1.7604509905135104, 0.0, 2.5016885037909895, 3.066010704482292, 5.252435006737351, 4.943461525085434, 7.140050048844195, 6.637164445755431, 6.39994422553822], [7.334869728222853, 6.782471840708223, 5.3722951296443116, 5.239494346785766, 4.181864462174736, 2.7653581268978527, 2.159884489966998, 1.0957971847016217, 2.124730439373428, 3.1161940376042057, 2.5819183798098653, 3.934053164358611, 4.791753468199298, 7.442824142756566, 6.8832728363766025, 8.373648787117835, 7.520236829382436, 6.968263330988576, 4.690005370999057, 5.468804691155097, 6.193054081791955, 5.419117058156245, 4.371963983154481, 4.68685317563928, 3.1008081285368174, 2.5275768653000443, 3.0656476705583766, 2.5016885037909895, 0.0, 1.7847967195173797, 4.529444772817083, 4.161132783269479, 5.803407096697595, 4.961038001265461, 4.633469846669988], [7.848084593071102, 7.036548692363325, 5.725821049421646, 5.200955202652682, 4.183170870284885, 2.764801812065379, 2.1597234221075623, 1.0956681340624999, 2.1247795015012736, 3.1167617505994905, 2.581287781321563, 3.933699506825604, 4.791047621345461, 8.1548594770235, 7.448786146077762, 8.8058061289129, 7.732270969126728, 6.98607468754808, 5.121754672961211, 6.091022211419033, 6.126668609448369, 5.070489686410968, 4.730403752323896, 4.354186537115744, 2.54043015255291, 3.0871374086684256, 2.5012157943688105, 3.066010704482292, 1.7847967195173797, 0.0, 4.161247464402952, 4.529069234401258, 5.80284577254988, 4.632850431429878, 4.959936613506265], [11.715734757154584, 10.938279155333346, 9.498949800372671, 8.887300826460192, 7.533441434696363, 6.408558054664091, 5.042457847121779, 4.014644402683754, 2.629576579983933, 2.645324998936803, 2.076715972394877, 1.0957167745361935, 2.1497043820023256, 11.8291340617139, 11.342767214837833, 12.738570130905588, 11.52400097622349, 11.025070723582685, 8.996276694833258, 9.59045922779509, 9.632994988579615, 8.935297126564958, 7.709415804067128, 7.425717634006831, 6.514456767835672, 6.741490821769321, 4.941256142925602, 5.252435006737351, 4.529444772817083, 4.161247464402952, 0.0, 1.792174263290264, 2.4990391233432105, 2.4969662672931725, 3.0640603208814277], [11.376956356161344, 10.776053735482206, 9.289435248711301, 8.910295625286516, 7.533101004234577, 