{"total energy": -13.81802542, "HOMO-LUMO gap/eV": 5.0225209, "electronic energy": -13.97515715, "dipole": [-0.36115345, -1.59736745, 0.47370698], "partial charges": [-0.13936308, 0.28702824, -0.43484398, -0.27182612, 0.07418089, 0.07225713, 0.04413425, 0.19124113, 0.17719154], "atomic dipole moments": [[-0.06232867, 0.05667335, 0.01445032], [-0.02898999, -0.01574047, 0.02731857], [0.00235692, -0.19101931, 0.0545475], [-0.00361251, 3.917e-05, -0.04867522], [0.11640668, 0.05054511, 0.04968935], [0.00267062, -0.01525951, -0.13528401], [-0.01557516, -0.11509073, 0.05235663], [-0.10462544, 0.0873446, 0.02080154], [-0.01435823, -0.13618539, 0.01337398]], "atomic quadrupole moments": [[0.06898971, -0.1452821, 0.04746138, -0.09087652, 0.01928536, -0.11645108], [-0.06354882, 0.09209585, -0.24524837, 0.29973328, 0.16849177, 0.30879719], [-0.05742337, 0.04374925, -0.04979823, 0.11556009, 0.04206458, 0.10722159], [0.00085947, 0.04557253, -0.03997475, -0.00228162, -0.02018836, 0.03911528], [0.04877108, 0.03928315, -0.00742611, 0.03438536, 0.01405204, -0.04134497], [-0.04939248, -0.00727846, -0.03138899, -0.00568662, 0.00412757, 0.08078147], [-0.03173053, 0.01528524, 0.05979929, -0.02003593, -0.05091751, -0.02806876], [0.03097006, -0.03085144, 0.00813492, -0.03451907, 0.00192285, -0.03910498], [-0.01459714, 0.00083965, 0.0596295, -0.02233332, -0.01931389, -0.04503236]], "number of molecular orbitals": 21, "number of electrons": 24, "number of unpaired electrons": 0, "orbital energies/eV": [-18.85862045, -17.81646572, -17.04893399, -15.96996282, -15.1996887, -14.66969966, -14.5951083, -13.27219369, -13.02460293, -12.90664135, -11.40998048, -10.75073057, -5.72820967, 0.14745352, 3.45533083, 4.11848566, 4.46089917, 5.74466135, 5.79581361, 10.01175415, 16.29670525], "fractional occupation": [2.0, 2.0, 2.0, 2.0, 2.0, 2.0, 2.0, 2.0, 2.0, 2.0, 2.0, 2.0, 0.0, 0.0, 0.0, 0.0, 0.0, 0.0, 0.0, 0.0, 0.0], "program call": "xtb /home/svss/Project-DBcg-Debug/aqme2_20220329/End-to-End-workflows-final/example-3/QDESCP/mol_606_rdkit_conf_1/mol_606_rdkit_conf_1.xyz --pop --wbo --acc 0.2 --gfn 2 --chrg 0 --uhf 0 --etemp 300 --input /home/svss/Project-DBcg-Debug/aqme2_20220329/End-to-End-workflows-final/example-3/QDESCP/mol_606_rdkit_conf_1/mol_606_rdkit_conf_1_xtb.inp", "method": "GFN2-xTB", "xtb version": "6.3.3 (7355c4f)", "Dipole module/D": 4.333, "Total charge": 0, "Transition dipole module/D": NaN, "HOMO": -10.7507, "LUMO": -5.7282, "HOMO occupancy": 2.0, "LUMO occupancy": 0, "mulliken charges": [-0.12906, 0.48577, -0.55312, -0.42877, 0.06415, 0.06202, 0.03187, 0.24361, 0.22353], "cm5 charges": [-0.26545, 0.57243, -0.59602, -0.88125, 0.11831, 0.11608, 0.08775, 0.43518, 0.41298], "FUKUI+": [0.055, -0.186, -0.273, -0.088, -0.106, -0.11, -0.092, -0.092, -0.108], "FUKUI-": [-0.012, -0.042, -0.343, -0.108, -0.104, -0.102, -0.11, -0.086, -0.092], "FUKUIrad": [0.021, -0.114, -0.308, -0.098, -0.105, -0.106, -0.101, -0.089, -0.1], "s proportion": [1.02, 0.995, 1.728, 1.415, 0.936, 0.938, 0.968, 0.756, 0.776], "p proportion": [3.109, 2.52, 4.825, 4.014, 0.0, 0.0, 0.0, 0.0, 0.0], "d proportion": [0.0, 0.0, 0.0, 0.0, 0.0, 0.0, 0.0, 0.0, 0.0], "Fermi-level/eV": -8.2395, "Coordination numbers": [3.754, 2.742, 0.858, 2.637, 0.924, 0.924, 0.924, 0.86, 0.86], "Dispersion coefficient C6": [23.242, 22.135, 22.389, 27.035, 2.04, 2.061, 2.395, 1.152, 1.23], "Total dispersion C6": 675.037211, "Total dispersion C8": 14288.085751, "Polarizability alpha": [6.874, 7.703, 6.344, 7.722, 2.234, 2.245, 2.42, 1.681, 1.737], "Total polarizability alpha": 38.961268, "Wiberg matrix": [[0.0, 0.991989061425657, 0.0, 0.0, 0.967611596401822, 0.9650612224007747, 0.9852409470053258, 0.0, 0.0], [0.991989061425657, 0.0, 1.7014404821149829, 1.238653218693731, 0.0, 0.0, 0.0, 0.0, 0.0], [0.0, 1.7014404821149829, 0.0, 0.1944933225290487, 0.0, 0.0, 0.0, 0.0, 0.0], [0.0, 1.238653218693731, 0.1944933225290487, 0.0, 0.0, 0.0, 0.0, 0.9432886692224982, 0.9481324745762131], [0.967611596401822, 0.0, 0.0, 0.0, 0.0, 0.0, 0.0, 0.0, 0.0], [0.9650612224007747, 0.0, 0.0, 0.0, 0.0, 0.0, 0.0, 0.0, 0.0], [0.9852409470053258, 0.0, 0.0, 0.0, 0.0, 0.0, 0.0, 0.0, 0.0], [0.0, 0.0, 0.0, 0.9432886692224982, 0.0, 0.0, 0.0, 0.0, 0.0], [0.0, 0.0, 0.0, 0.9481324745762131, 0.0, 0.0, 0.0, 0.0, 0.0]], "Born radii": [], "Atomic SASAs": [], "Solvent H bonds": [], "Total SASA": NaN, "Total FOD": 0.0, "FOD": [0.0, 0.0, 0.0, 0.0, 0.0, 0.0, 0.0, 0.0, 0.0], "FOD s proportion": [0.0, 0.0, 0.0, 0.0, 0.0, 0.0, 0.0, 0.0, 0.0], "FOD p proportion": [0.0, 0.0, 0.0, 0.0, 0.0, 0.0, 0.0, 0.0, 0.0], "FOD d proportion": [0.0, 0.0, 0.0, 0.0, 0.0, 0.0, 0.0, 0.0, 0.0], "coordinates": [["0.96640", "-0.34700", "-0.22860"], ["-0.15230", "0.58780", "0.13310"], ["-0.17410", "1.76780", "-0.19530"], ["-1.16170", "0.03940", "0.86440"], ["1.90990", "0.06570", "0.13860"], ["1.00640", "-0.45320", "-1.31590"], ["0.82390", "-1.33580", "0.21600"], ["-1.95710", "0.63220", "1.06450"], ["-1.26140", "-0.95680", "0.99690"]], "bond_dist": [[0.0, 1.5020544663892852, 2.402962375901878, 2.423378544511773, 1.093320346467585, 1.09320616994234, 1.093481069794992, 3.3433205799025614, 2.614727352899342], [1.5020544663892852, 0.0, 1.2250395095669366, 1.361774801499866, 2.1272723144910244, 2.1274086795912064, 2.158720873573052, 2.0314478482107288, 2.0885503130161838], [2.402962375901878, 1.2250395095669366, 0.0, 2.255146205903289, 2.711399937301762, 2.753573243986802, 3.285955667686343, 2.460847902654693, 3.1665450083647952], [2.423378544511773, 1.361774801499866, 2.255146205903289, 0.0, 3.1562959129333867, 3.1140039274220577, 2.5008408505940554, 1.0119846886193486, 1.0099063223883689], [1.093320346467585, 2.1272723144910244, 2.711399937301762, 3.1562959129333867, 0.0, 1.7891729122698008, 1.774708147837272, 4.016453916080701, 3.440832578025266], [1.09320616994234, 2.1274086795912064, 2.753573243986802, 3.1140039274220577, 1.7891729122698008, 0.0, 1.777359451546029, 3.953065844379524, 3.2780441790799593], [1.093481069794992, 2.158720873573052, 3.285955667686343, 2.5008408505940554, 1.774708147837272, 1.777359451546029, 0.0, 3.510973832144011, 2.258743433858746], [3.3433205799025614, 2.0314478482107288, 2.460847902654693, 1.0119846886193486, 4.016453916080701, 3.953065844379524, 3.510973832144011, 0.0, 1.7359404511676084], [2.614727352899342, 2.0885503130161838, 3.1665450083647952, 1.0099063223883689, 3.440832578025266, 3.2780441790799593, 2.258743433858746, 1.7359404511676084, 0.0]]}