{"total energy": -23.15772784, "HOMO-LUMO gap/eV": 12.88981572, "electronic energy": -23.49837225, "dipole": [9.728e-05, 0.00394038, -0.00200339], "partial charges": [-0.09989674, -0.05177517, -0.05805449, -0.05800898, -0.05805227, -0.05176062, -0.09987711, 0.03210166, 0.0309579, 0.03208098, 0.02819908, 0.02823322, 0.02961159, 0.02961888, 0.02793689, 0.02792333, 0.0296098, 0.0296009, 0.02822906, 0.02820408, 0.03208754, 0.03093905, 0.03209143], "atomic dipole moments": [[0.08242534, -0.05409249, 0.02126053], [0.00370003, 0.09730965, -0.05110655], [-0.00146077, -0.09703512, 0.05081746], [0.00251075, 0.09473675, -0.04969559], [-0.00366718, -0.09694052, 0.05095871], [0.0015165, 0.09740606, -0.05105251], [-0.085117, -0.04472799, 0.03062124], [0.00307377, 0.11246888, 0.05645015], [-0.1018986, -0.05947757, 0.03974204], [-0.01228391, 0.01823141, -0.12397138], [-0.01280367, -0.11100526, -0.05251013], [0.00204518, -0.0199465, 0.12179713], [-0.0054616, 0.02106066, -0.12216563], [0.00939195, 0.11214923, 0.05224166], [0.0056405, -0.02098868, 0.12209101], [-0.0091822, -0.11209629, -0.05227599], [-0.00584427, 0.02109243, -0.12212713], [0.00898096, 0.11220015, 0.05223444], [-0.00553478, -0.11139962, -0.05291168], [0.00929143, -0.02032408, 0.12142431], [0.00039914, 0.01752709, -0.1246662], [0.09844475, -0.07069446, 0.02854489], [0.01576163, 0.11177906, 0.05574318]], "atomic quadrupole moments": [[0.12488094, -0.14916103, -0.01555751, 0.05631843, -0.04642991, -0.10932343], [0.22880853, -0.0319106, -0.04554628, -0.02287911, -0.09661693, -0.18326225], [0.23445577, -0.02234626, -0.04612023, -0.0290281, -0.10132045, -0.18833554], [0.23344133, -0.02140429, -0.04655679, -0.02924191, -0.10011777, -0.18688453], [0.23455305, -0.02068229, -0.04636079, -0.02986855, -0.10134466, -0.18819226], [0.22999599, -0.01013319, -0.04798815, -0.03432038, -0.09722431, -0.18200784], [0.13951722, 0.12512076, -0.04632709, -0.08819955, -0.053726, -0.09319013], [-0.03403369, 0.0071978, 0.05124812, 0.01749787, 0.05143633, -0.01721443], [0.04113726, 0.04386234, -0.0045044, -0.03109468, -0.03011541, -0.03663286], [-0.03794427, -0.0124228, -0.04149787, -0.00148477, -0.01207997, 0.07944214], [-0.01690572, 0.00240282, 0.02909478, 0.00164931, 0.04372229, -0.01218907], [-0.01658051, -0.00211186, -0.03959875, 0.00660332, -0.0041653, 0.05617926], [-0.0201716, -0.00111032, -0.03715851, 0.00418732, -0.00295169, 0.05733011], [-0.01989465, 0.00516346, 0.02920427, 0.00303117, 0.04315324, -0.00930961], [-0.01972981, -0.0011383, -0.03726512, 0.00413596, -0.00290764, 0.05699493], [-0.01943115, 0.00513969, 0.02886766, 0.00299153, 0.04304738, -0.00943651], [-0.02017758, -0.00109854, -0.03717449, 0.00416061, -0.00293875, 0.05735207], [-0.01987371, 0.00520932, 0.02916082, 0.00303726, 0.0431584, -0.00928711], [-0.01610021, 0.00756871, 0.02854147, 0.00373122, 0.04332097, -0.01244126], [-0.0170265, -0.00087843, -0.03970222, 0.00114943, -0.00394137, 0.05672872], [-0.03379337, 0.01021319, -0.04404715, 0.01284714, -0.01416621, 0.07784052], [0.03606234, -0.05134286, 0.00615601, 0.01907553, -0.02757727, -0.04221835], [-0.03691191, 0.00838282, 0.05108623, -0.0093891, 0.05287054, -0.01417432]], "number of molecular orbitals": 44, "number of electrons": 44, "number of unpaired electrons": 0, "orbital energies/eV": [-16.90840644, -16.74544085, -16.40872304, -15.88210817, -15.264638, -15.06996918, -14.94306709, -14.16379112, -13.75401453, -13.52368516, -13.40347589, -13.10762105, -12.94362614, -12.53181773, -12.36407112, -12.19433443, -11.89807973, -11.76576767, -11.67334013, -11.43543623, -11.34909415, -11.30301502, 1.5868007, 2.77733238, 2.93370239, 3.27214411, 3.71530363, 3.7431129, 3.83214895, 3.9975047, 4.56771177, 4.5821222, 4.91954066, 4.95672749, 5.02427179, 5.95090742, 6.07551178, 6.17994118, 6.92811509, 7.18551477, 7.23331309, 7.45081579, 8.00750538, 8.55659076], "fractional occupation": [2.0, 2.0, 2.0, 2.0, 2.0, 2.0, 2.0, 2.0, 2.0, 2.0, 2.0, 2.0, 2.0, 2.0, 2.0, 2.0, 2.0, 2.0, 2.0, 2.0, 2.0, 2.0, 0.0, 0.0, 0.0, 0.0, 0.0, 0.0, 0.0, 0.0, 0.0, 0.0, 0.0, 0.0, 0.0, 0.0, 0.0, 0.0, 0.0, 0.0, 0.0, 0.0, 0.0, 0.0], "program call": "xtb /home/svss/Project-DBcg-Debug/aqme2_20220329/End-to-End-workflows-final/example-3/QDESCP/mol_752_rdkit_conf_1/mol_752_rdkit_conf_1.xyz --pop --wbo --acc 0.2 --gfn 2 --chrg 0 --uhf 0 --etemp 300 --input /home/svss/Project-DBcg-Debug/aqme2_20220329/End-to-End-workflows-final/example-3/QDESCP/mol_752_rdkit_conf_1/mol_752_rdkit_conf_1_xtb.inp", "method": "GFN2-xTB", "xtb version": "6.3.3 (7355c4f)", "Dipole module/D": 0.011, "Total charge": 0, "Transition dipole module/D": NaN, "HOMO": -11.303, "LUMO": 1.5868, "HOMO occupancy": 2.0, "LUMO occupancy": 0, "mulliken charges": [-0.08349, -0.03854, -0.04662, -0.04563, -0.04662, -0.03852, -0.08347, 0.02649, 0.02778, 0.02648, 0.0218, 0.02182, 0.02248, 0.02248, 0.02213, 0.02212, 0.02248, 0.02247, 0.02182, 0.0218, 0.02648, 0.02776, 0.02649], "cm5 charges": [-0.23382, -0.15105, -0.15725, -0.15629, -0.15725, -0.15102, -0.23379, 0.07779, 0.07857, 0.07776, 0.0765, 0.07654, 0.07781, 0.07782, 0.07748, 0.07747, 0.07781, 0.0778, 0.07653, 0.0765, 0.07777, 0.07854, 0.07777], "FUKUI+": [0.006, -0.021, -0.025, -0.028, -0.025, -0.021, 0.006, -0.045, -0.082, -0.045, -0.051, -0.051, -0.057, -0.057, -0.059, -0.059, -0.057, -0.057, -0.051, -0.051, -0.045, -0.082, -0.045], "FUKUI-": [0.019, 0.006, 0.01, 0.014, 0.01, 0.006, 0.019, -0.066, -0.062, -0.066, -0.082, -0.082, -0.066, -0.066, -0.052, -0.052, -0.066, -0.066, -0.082, -0.082, -0.066, -0.062, -0.066], "FUKUIrad": [0.013, -0.007, -0.007, -0.007, -0.007, -0.007, 0.013, -0.056, -0.072, -0.056, -0.066, -0.066, -0.061, -0.061, -0.056, -0.056, -0.061, -0.061, -0.066, -0.066, -0.056, -0.072, -0.056], "s proportion": [1.007, 1.027, 1.032, 1.032, 1.032, 1.027, 1.007, 0.974, 0.972, 0.974, 0.978, 0.978, 0.978, 0.978, 0.978, 0.978, 0.978, 0.978, 0.978, 0.978, 0.974, 0.972, 0.974], "p proportion": [3.076, 3.011, 3.014, 3.013, 3.014, 3.011, 3.076, 0.0, 0.0, 0.0, 0.0, 0.0, 0.0, 0.0, 0.0, 0.0, 0.0, 0.0, 0.0, 0.0, 0.0, 0.0, 0.0], "d proportion": [0.0, 0.0, 0.0, 0.0, 0.0, 0.0, 0.0, 0.0, 0.0, 0.0, 0.0, 0.0, 0.0, 0.0, 0.0, 0.0, 0.0, 0.0, 0.0, 0.0, 0.0, 0.0, 0.0], "Fermi-level/eV": -4.8581, "Coordination numbers": [3.75, 3.8, 3.802, 3.802, 3.802, 3.8, 3.75, 0.924, 0.924, 0.924, 0.924, 0.924, 0.924, 0.924, 0.924, 0.924, 0.924, 0.924, 0.924, 0.924, 0.924, 0.924, 0.924], "Dispersion coefficient C6": [22.471, 21.504, 21.617, 21.617, 21.617, 21.504, 22.471, 2.557, 2.573, 2.557, 2.612, 2.612, 2.592, 2.592, 2.616, 2.616, 2.592, 2.592, 2.612, 2.612, 2.557, 2.573, 2.557], "Total dispersion C6": 3405.458146, "Total dispersion C8": 70229.04144, "Polarizability alpha": [6.761, 6.602, 6.619, 6.619, 6.619, 6.602, 6.76, 2.501, 2.508, 2.501, 2.528, 2.527, 2.518, 2.518, 2.529, 2.53, 2.518, 2.518, 2.527, 2.528, 2.501, 2.509, 2.501], "Total polarizability alpha": 86.843925, "Wiberg matrix": [[0.0, 1.020071531159989, 0.0, 0.0, 0.0, 0.0, 0.0, 0.9877313371041593, 0.9874290625400636, 0.9877311589058231, 0.0, 0.0, 0.0, 0.0, 0.0, 0.0, 0.0, 0.0, 0.0, 0.0, 0.0, 0.0, 0.0], [1.020071531159989, 0.0, 1.00773352191298, 0.0, 0.0, 0.0, 0.0, 0.0, 0.0, 0.0, 0.9781168656145689, 0.9781203347049423, 0.0, 0.0, 0.0, 0.0, 0.0, 0.0, 0.0, 0.0, 0.0, 0.0, 0.0], [0.0, 1.00773352191298, 0.0, 1.0071792663306343, 0.0, 0.0, 0.0, 0.0, 0.0, 0.0, 0.0, 0.0, 0.9772509425019253, 0.9772486744368573, 0.0, 0.0, 0.0, 0.0, 0.0, 0.0, 0.0, 0.0, 0.0], [0.0, 0.0, 1.0071792663306343, 0.0, 1.0071748430987997, 0.0, 0.0, 0.0, 0.0, 0.0, 0.0, 0.0, 0.0, 0.0, 0.9773930226614431, 0.9773906998416217, 0.0, 0.0, 0.0, 0.0, 0.0, 0.0, 0.0], [0.0, 0.0, 0.0, 1.0071748430987997, 0.0, 1.007734397437713, 0.0, 0.0, 0.0, 0.0, 0.0, 0.0, 0.0, 0.0, 0.0, 0.0, 0.9772481337643533, 0.9772466132455161, 0.0, 0.0, 0.0, 0.0, 0.0], [0.0, 0.0, 0.0, 0.0, 1.007734397437713, 0.0, 1.0200889470927406, 0.0, 0.0, 0.0, 0.0, 0.0, 0.0, 0.0, 0.0, 0.0, 0.0, 0.0, 0.9781127296158993, 0.9781100233634317, 0.0, 0.0, 0.0], [0.0, 0.0, 0.0, 0.0, 0.0, 1.0200889470927406, 0.0, 0.0, 0.0, 0.0, 0.0, 0.0, 0.0, 0.0, 0.0, 0.0, 0.0, 0.0, 0.0, 0.0, 0.9877252145989963, 0.9874237955513789, 0.987726610246545], [0.9877313371041593, 0.0, 0.0, 0.0, 0.0, 0.0, 0.0, 0.0, 0.0, 0.0, 0.0, 0.0, 0.0, 0.0, 0.0, 0.0, 0.0, 0.0, 0.0, 0.0, 0.0, 0.0, 0.0], [0.9874290625400636, 0.0, 0.0, 0.0, 0.0, 0.0, 0.0, 0.0, 0.0, 0.0, 0.0, 0.0, 0.0, 0.0, 0.0, 0.0, 0.0, 0.0, 0.0, 0.0, 0.0, 0.0, 0.0], [0.9877311589058231, 0.0, 0.0, 0.0, 0.0, 0.0, 0.0, 0.0, 0.0, 0.0, 0.0, 0.0, 0.0, 0.0, 0.0, 0.0, 0.0, 0.0, 0.0, 0.0, 0.0, 0.0, 0.0], [0.0, 0.9781168656145689, 0.0, 0.0, 0.0, 0.0, 0.0, 0.0, 0.0, 0.0, 0.0, 0.0, 0.0, 0.0, 0.0, 0.0, 0.0, 0.0, 0.0, 0.0, 0.0, 0.0, 0.0], [0.0, 0.9781203347049423, 0.0, 0.0, 0.0, 0.0, 0.0, 0.0, 0.0, 0.0, 0.0, 0.0, 0.0, 0.0, 0.0, 0.0, 0.0, 0.0, 0.0, 0.0, 0.0, 0.0, 0.0], [0.0, 0.0, 0.9772509425019253, 0.0, 0.0, 0.0, 0.0, 0.0, 0.0, 0.0, 0.0, 0.0, 0.0, 0.0, 0.0, 0.0, 0.0, 0.0, 0.0, 0.0, 0.0, 0.0, 0.0], [0.0, 0.0, 0.9772486744368573, 0.0, 0.0, 0.0, 0.0, 0.0, 0.0, 0.0, 0.0, 0.0, 0.0, 0.0, 0.0, 0.0, 0.0, 0.0, 0.0, 0.0, 0.0, 0.0, 0.0], [0.0, 0.0, 0.0, 0.9773930226614431, 0.0, 0.0, 0.0, 0.0, 0.0, 0.0, 0.0, 0.0, 0.0, 0.0, 0.0, 0.0, 0.0, 0.0, 0.0, 0.0, 0.0, 0.0, 0.0], [0.0, 0.0, 0.0, 0.9773906998416217, 0.0, 0.0, 0.0, 0.0, 0.0, 0.0, 0.0, 0.0, 0.0, 0.0, 0.0, 0.0, 0.0, 0.0, 0.0, 0.0, 0.0, 0.0, 0.0], [0.0, 0.0, 0.0, 0.0, 0.9772481337643533, 0.0, 0.0, 0.0, 0.0, 0.0, 0.0, 0.0, 0.0, 0.0, 0.0, 0.0, 0.0, 0.0, 0.0, 0.0, 0.0, 0.0, 0.0], [0.0, 0.0, 0.0, 0.0, 0.9772466132455161, 0.0, 0.0, 0.0, 0.0, 0.0, 0.0, 0.0, 0.0, 0.0, 0.0, 0.0, 0.0, 0.0, 0.0, 0.0, 0.0, 0.0, 0.0], [0.0, 0.0, 0.0, 0.0, 0.0, 0.9781127296158993, 0.0, 0.0, 0.0, 0.0, 0.0, 0.0, 0.0, 0.0, 0.0, 0.0, 0.0, 0.0, 0.0, 0.0, 0.0, 0.0, 0.0], [0.0, 0.0, 0.0, 0.0, 0.0, 0.9781100233634317, 0.0, 0.0, 0.0, 0.0, 0.0, 0.0, 0.0, 0.0, 0.0, 0.0, 0.0, 0.0, 0.0, 0.0, 0.0, 0.0, 0.0], [0.0, 0.0, 0.0, 0.0, 0.0, 0.0, 0.9877252145989963, 0.0, 0.0, 0.0, 0.0, 0.0, 0.0, 0.0, 0.0, 0.0, 0.0, 0.0, 0.0, 0.0, 0.0, 0.0, 0.0], [0.0, 0.0, 0.0, 0.0, 0.0, 0.0, 0.9874237955513789, 0.0, 0.0, 0.0, 0.0, 0.0, 0.0, 0.0, 0.0, 0.0, 0.0, 0.0, 0.0, 0.0, 0.0, 0.0, 0.0], [0.0, 0.0, 0.0, 0.0, 0.0, 0.0, 0.987726610246545, 0.0, 0.0, 0.0, 0.0, 0.0, 0.0, 0.0, 0.0, 0.0, 0.0, 0.0, 0.0, 0.0, 0.0, 0.0, 0.0]], "Born radii": [], "Atomic SASAs": [], "Solvent H bonds": [], "Total SASA": NaN, "Total FOD": 0.0, "FOD": [0.0, 0.0, 0.0, 0.0, 0.0, 0.0, 0.0, 0.0, 0.0, 0.0, 0.0, 0.0, 0.0, 0.0, 0.0, 0.0, 0.0, 0.0, 0.0, 0.0, 0.0, 0.0, 0.0], "FOD s proportion": [0.0, 0.0, 0.0, 0.0, 0.0, 0.0, 0.0, 0.0, 0.0, 0.0, 0.0, 0.0, 0.0, 0.0, 0.0, 0.0, 0.0, 0.0, 0.0, 0.0, 0.0, 0.0, 0.0], "FOD p proportion": [0.0, 0.0, 0.0, 0.0, 0.0, 0.0, 0.0, 0.0, 0.0, 0.0, 0.0, 0.0, 0.0, 0.0, 0.0, 0.0, 0.0, 0.0, 0.0, 0.0, 0.0, 0.0, 0.0], "FOD d proportion": [0.0, 0.0, 0.0, 0.0, 0.0, 0.0, 0.0, 0.0, 0.0, 0.0, 0.0, 0.0, 0.0, 0.0, 0.0, 0.0, 0.0, 0.0, 0.0, 0.0, 0.0, 0.0, 0.0], "coordinates": [["-3.76360", "0.50530", "-0.04700"], ["-2.52960", "-0.32070", "0.27950"], ["-1.25110", "0.37220", "-0.19130"], ["-0.01230", "-0.46190", "0.13900"], ["1.26720", "0.23130", "-0.33200"], ["2.50510", "-0.60230", "-0.00190"], ["3.77920", "0.08350", "-0.46850"], ["-3.72150", "1.48360", "0.44230"], ["-4.66600", "-0.00870", "0.29830"], ["-3.85500", "0.66420", "-1.12630"], ["-2.61820", "-1.30350", "-0.19810"], ["-2.48540", "-0.48860", "1.36180"], ["-1.30230", "0.54150", "-1.27380"], ["-1.16950", "1.35630", "0.28610"], ["0.03870", "-0.63100", "1.22150"], ["-0.09400", "-1.44600", "-0.33850"], ["1.21630", "0.40060", "-1.41450"], ["1.34900", "1.21550", "0.14530"], ["2.43030", "-1.58580", "-0.48020"], ["2.56300", "-0.77090", "1.07980"], ["3.76730", "0.23800", "-1.55220"], ["4.65170", "-0.52980", "-0.22240"], ["3.90080", "1.05740", "0.01640"]], "bond_dist": [[0.0, 1.5204059490807051, 2.520157604198594, 3.878443441639958, 5.046310497779541, 6.365957230456391, 7.566333942537826, 1.094649619741404, 1.0944194122912847, 1.0947564386656972, 2.1462827889166887, 2.146240874179783, 2.750335683148513, 2.7503656884130883, 4.166263941470823, 4.166354293624103, 5.1653095115394585, 5.165272702384647, 6.551698914022224, 6.551658739586488, 7.6844994072483335, 8.480534845161595, 7.684520891376377], [1.5204059490807051, 0.0, 1.5285042688851083, 2.5251687032750896, 3.8851417593184423, 5.05041469683431, 6.3658337301566394, 2.1685543433356704, 2.1591439044213803, 2.1686370858214152, 1.0962880825768382, 1.096137464007138, 2.159257979028907, 2.1592231403910063, 2.753146378237089, 2.7532474371185747, 4.173928185774163, 4.173902016099563, 5.174768604488514, 5.174720754784745, 6.5816578602962945, 7.2018536579133565, 6.581673448295653], [2.520157604198594, 1.5285042688851083, 0.0, 1.5295248739396168, 2.526159969202267, 3.8851719460018757, 5.046197144385067, 2.7820019913724, 3.4707830499758985, 2.7820467663215154, 2.16263245605905, 2.1625431186452673, 1.0968546758800821, 1.0968236549236163, 2.160092155441522, 2.1601850592021044, 2.7541037671082766, 2.7540832340363286, 4.179704914225406, 4.179680804798376, 5.201384143667914, 5.971400091268379, 5.201414417252291], [3.878443441639958, 2.5251687032750896, 1.5295248739396168, 0.0, 1.5295383257702306, 2.52524607315802, 3.8784003996493195, 4.199419695624623, 4.6784281997269135, 4.199455749260849, 2.759101625529585, 2.759017277945174, 2.16030446928205, 2.160231813949605, 1.096814505739234, 1.0968746282050652, 2.1602607388924144, 2.1602889019758447, 2.7591401939734777, 2.7591222752897346, 4.199451584433377, 4.678473722273109, 4.199482689570228], [5.046310497779541, 3.8851417593184423, 2.526159969202267, 1.5295383257702306, 0.0, 1.5284800881921883, 2.520043866681689, 5.2014347511047365, 5.971410246332101, 5.201465922218467, 4.179697765389263, 4.179619744665775, 2.754186182885972, 2.754120458513026, 2.1601240219024467, 2.1601488328353673, 1.0968407131393327, 1.096884756936662, 2.1625487878889578, 2.162563691547604, 2.781983634028065, 3.4707528895039474, 2.7820267306408106], [6.365957230456391, 5.05041469683431, 3.8851719460018757, 2.52524607315802, 1.5284800881921883, 0.0, 1.5203183909957807, 6.581704947048294, 7.201885601007559, 6.581729986865155, 5.174782968395873, 5.174716961341944, 4.174003211546442, 4.173936166258415, 2.7532998765118193, 2.7532617129506596, 2.1592250021709183, 2.159312828193266, 1.0961925834450807, 1.0962906822553953, 2.1685670430032826, 2.15911279464506, 2.1686210987629906], [7.566333942537826, 6.3658337301566394, 5.046197144385067, 3.8784003996493195, 2.520043866681689, 1.5203183909957807, 0.0, 7.684421717995441, 8.480441387097725, 7.684459835928613, 6.551611398732375, 6.551527276902691, 5.1652603361302125, 5.165178863311511, 4.16628737606997, 4.166287134848005, 2.7502590459809415, 2.75028116380853, 2.146213081220036, 2.146246651715501, 1.0947225904310185, 1.0945128368365535, 1.0947126472275726], [1.094649619741404, 2.1685543433356704, 2.7820019913724, 4.199419695624623, 5.2014347511047365, 6.581704947048294, 7.684421717995441, 0.0, 1.7719411784819497, 1.7747519742206235, 3.065176905172033, 2.502597910172547, 3.11208615883301, 2.559942915379169, 4.383809968509127, 4.727680303277708, 5.38539358635931, 5.086261579981903, 6.936632169143755, 6.7070199604593395, 7.849310482456404, 8.637481339487803, 7.646077068667304], [1.0944194122912847, 2.1591439044213803, 3.4707830499758985, 4.6784281997269135, 5.971410246332101, 7.201885601007559, 8.480441387097725, 1.7719411784819497, 0.0, 1.7720046755017327, 2.4731366399776626, 2.473126082511768, 3.753491193542354, 3.7535164965669194, 4.834641415865297, 4.834721246359504, 6.1402494753877885, 6.14021983645537, 7.311004058951138, 7.310959724276971, 8.637462592104235, 9.346775218758607, 8.637482217637267], [1.0947564386656972, 2.1686370858214152, 2.7820467663215154, 4.199455749260849, 5.201465922218467, 6.581729986865155, 7.684459835928613, 1.7747519742206235, 1.7720046755017327, 0.0, 2.502613188249435, 3.0651906319183477, 2.5599001601625013, 3.112199611207482, 4.727642919045388, 4.383913078517867, 5.086317714221163, 5.385398244326969, 6.707081429355095, 6.936649999819798, 7.646077068667305, 8.637512147603616, 7.849382343216567], [2.1462827889166887, 1.0962880825768382, 2.16263245605905, 2.759101625529585, 4.179697765389263, 5.174782968395873, 6.551611398732375, 3.065176905172033, 2.4731366399776626, 2.502613188249435, 0.0, 1.7649322536573464, 2.508535090446215, 3.0672002494131356, 3.0865252339807623, 2.532114541248085, 4.368864385627002, 4.711895627027407, 5.064249791430118, 5.362977215129671, 6.707042515893275, 7.310995020515333, 6.936657700939265], [2.146240874179783, 1.096137464007138, 2.1625431186452673, 2.759017277945174, 4.179619744665775, 5.174716961341944, 6.551527276902691, 2.502597910172547, 2.473126082511768, 3.0651906319183477, 1.7649322536573464, 0.0, 3.0671190032341427, 2.5084615424598398, 2.532003684831442, 3.0864913429329426, 4.711804454771016, 4.368804461176993, 5.362920690258247, 5.064144532890032, 6.936540985966997, 7.310922205166733, 6.70699393171039], [2.750335683148513, 2.159257979028907, 1.0968546758800821, 2.16030446928205, 2.754186182885972, 4.174003211546442, 5.1652603361302125, 3.11208615883301, 3.753491193542354, 2.5599001601625013, 2.508535090446215, 3.0671190032341427, 0.0, 1.764886084142543, 3.065870078786771, 2.5069765116570197, 2.5264590358840175, 3.0818034492809563, 4.3689253838901845, 4.711939177239028, 5.086301502073978, 6.140296544141822, 5.385445056817495], [2.7503656884130883, 2.1592231403910063, 1.0968236549236163, 2.160231813949605, 2.754120458513026, 4.173936166258415, 5.165178863311511, 2.559942915379169, 3.7535164965669194, 3.112199611207482, 3.0672002494131356, 2.5084615424598398, 1.764886084142543, 0.0, 2.5068070707575405, 3.0658947633602818, 3.081792415137658, 2.5263593430072455, 4.7118709808312875, 4.3688094236301955, 5.385344559078834, 6.140221079081763, 5.0862580931368395], [4.166263941470823, 2.753146378237089, 2.160092155441522, 1.096814505739234, 2.1601240219024467, 2.7532998765118193, 4.16628737606997, 4.383809968509127, 4.834641415865297, 4.727642919045388, 3.0865252339807623, 2.532003684831442, 3.065870078786771, 2.5068070707575405, 0.0, 1.7650592879560731, 3.0658500159009736, 2.50692137491386, 3.086612461907066, 2.532141660729115, 4.7276876641757966, 4.834755179944482, 4.383922556341523], [4.166354293624103, 2.7532474371185747, 2.1601850592021044, 1.0968746282050652, 2.1601488328353673, 2.7532617129506596, 4.166287134848005, 4.727680303277708, 4.834721246359504, 4.383913078517867, 2.532114541248085, 3.0864913429329426, 2.5069765116570197, 3.0658947633602818, 1.7650592879560731, 0.0, 2.506909182639052, 3.065924606052797, 2.532136137730355, 3.0865812641173083, 4.38389796642212, 4.834725446186164, 4.727725944891476], [5.1653095115394585, 4.173928185774163, 2.7541037671082766, 2.1602607388924144, 1.0968407131393327, 2.1592250021709183, 2.7502590459809415, 5.38539358635931, 6.1402494753877885, 5.086317714221163, 4.368864385627002, 4.711804454771016, 2.5264590358840175, 3.081792415137658, 3.0658500159009736, 2.506909182639052, 0.0, 1.7648363493536732, 2.5084850906473415, 3.0671722530695926, 2.5598830149051737, 3.753494335948837, 3.1121377379544115], [5.165272702384647, 4.173902016099563, 2.7540832340363286, 2.1602889019758447, 1.096884756936662, 2.159312828193266, 2.75028116380853, 5.086261579981903, 6.14021983645537, 5.385398244326969, 4.711895627027407, 4.368804461176993, 3.0818034492809563, 2.5263593430072455, 2.50692137491386, 3.065924606052797, 1.7648363493536732, 0.0, 3.067204204157265, 2.5085595886882976, 3.1121033707124837, 3.7535453467355366, 2.5599402453963647], [6.551698914022224, 5.174768604488514, 4.179704914225406, 2.7591401939734777, 2.1625487878889578, 1.0961925834450807, 2.146213081220036, 6.936632169143755, 7.311004058951138, 6.707081429355095, 5.064249791430118, 5.362920690258247, 4.3689253838901845, 4.7118709808312875, 3.086612461907066, 2.532136137730355, 2.5084850906473415, 3.067204204157265, 0.0, 1.7650131160985745, 2.502598537520551, 2.4730982188340196, 3.0652060371205065], [6.551658739586488, 5.174720754784745, 4.179680804798376, 2.7591222752897346, 2.162563691547604, 1.0962906822553953, 2.146246651715501, 6.7070199604593395, 7.310959724276971, 6.936649999819798, 5.362977215129671, 5.064144532890032, 4.711939177239028, 4.3688094236301955, 2.532141660729115, 3.0865812641173083, 3.0671722530695926, 2.5085595886882976, 1.7650131160985745, 0.0, 3.0652311005860553, 2.473160273819713, 2.502640463590405], [7.6844994072483335, 6.5816578602962945, 5.201384143667914, 4.199451584433377, 2.781983634028065, 2.1685670430032826, 1.0947225904310185, 7.849310482456404, 8.637462592104235, 7.646077068667305, 6.707042515893275, 6.936540985966997, 5.086301502073978, 5.385344559078834, 4.7276876641757966, 4.38389796642212, 2.5598830149051737, 3.1121033707124837, 2.502598537520551, 3.0652311005860553, 0.0, 1.7720181263181254, 1.7747519742206233], [8.480534845161595, 7.2018536579133565, 5.971400091268379, 4.678473722273109, 3.4707528895039474, 2.15911279464506, 1.0945128368365535, 8.637481339487803, 9.346775218758607, 8.637512147603616, 7.310995020515333, 7.310922205166733, 6.140296544141822, 6.140221079081763, 4.834755179944482, 4.834725446186164, 3.753494335948837, 3.7535453467355366, 2.4730982188340196, 2.473160273819713, 1.7720181263181254, 0.0, 1.7720271132237226], [7.684520891376377, 6.581673448295653, 5.201414417252291, 4.199482689570228, 2.7820267306408106, 2.1686210987629906, 1.0947126472275726, 7.646077068667304, 8.637482217637267, 7.849382343216567, 6.936657700939265, 6.70699393171039, 5.385445056817495, 5.0862580931368395, 4.383922556341523, 4.727725944891476, 3.1121377379544115, 2.5599402453963647, 3.0652060371205065, 2.502640463590405, 1.7747519742206233, 1.7720271132237226, 0.0]]}