{"total energy": -26.20028355, "HOMO-LUMO gap/eV": 11.43469934, "electronic energy": -26.52435703, "dipole": [-0.03918628, 0.62061945, -0.3809841], "partial charges": [-0.45686987, 0.11960218, -0.06201883, -0.05718735, -0.05687167, -0.05629703, -0.0559067, -0.06617183, 0.28085597, 0.01366514, 0.04463069, 0.04967925, 0.03099775, 0.02957998, 0.0274134, 0.03208232, 0.03308451, 0.0284475, 0.03520874, 0.02780151, 0.03972574, 0.0185486], "atomic dipole moments": [[-0.07189485, 0.18426574, -0.12890821], [0.11443476, -0.06136687, 0.12238057], [0.01361005, 0.07439986, -0.10396524], [0.05236312, 0.07645929, 0.06572029], [0.10713248, -0.02222749, -0.02947328], [0.00816222, -0.0583733, 0.09300441], [0.01854045, -0.08108634, -0.08144227], [-0.10091086, -0.0415759, -0.03237879], [0.05733355, 0.03831279, -0.03635943], [0.01375988, -0.00986822, -0.11824638], [-0.02003535, 0.02650341, 0.1240841], [0.01205509, -0.12466215, 0.00658653], [-0.08702265, -0.07502473, 0.03354879], [0.01809724, -0.03232556, -0.11745645], [-0.09201689, 0.00829058, -0.0750566], [-0.05396743, 0.018875, 0.10966182], [0.05373067, -0.01817992, -0.11595274], [-0.06134475, 0.10107208, -0.01284199], [-0.04754091, -0.00491842, 0.11455784], [0.03804009, 0.11363705, -0.00783917], [0.05838287, 0.01037337, 0.1099736], [0.08214376, 0.05101976, -0.06674775]], "atomic quadrupole moments": [[0.07418587, -0.09477681, 0.00382874, 0.05797235, -0.07457216, -0.07801462], [0.22107466, -0.14237456, 0.06468702, 0.12891914, -0.10427877, -0.28576168], [0.2232102, 0.07164035, -0.1444315, 0.04447435, -0.08706951, -0.0787787], [0.04904684, -0.14383023, 0.06593284, 0.13020277, -0.01761147, -0.11497968], [-0.03349432, 0.04694791, 0.22422203, -0.03500798, -0.02889525, -0.19072771], [0.06784998, 0.17380041, -0.03107492, 0.11185981, -0.01438947, -0.03677506], [0.15397593, -0.11353864, -0.09095248, 0.14611702, 0.03376388, -0.06302346], [0.00430764, -0.11441519, 0.18499598, -0.00058739, 0.09128525, -0.18930362], [0.0874042, 0.05893059, -0.04082762, -0.0592289, -0.04926589, -0.04657658], [0.00339294, 6.791e-05, -0.01788144, 0.01697374, -0.00982274, 0.0144885], [-0.02162506, -0.00050995, -0.01482656, -0.01506436, 0.04356918, 0.03645162], [-0.00748497, -0.0168047, 0.05529673, 0.0060904, 0.01160973, -0.04781176], [0.02644248, 0.02454437, 0.00783138, -0.02425007, -0.03249704, -0.03427386], [-0.01533753, -0.02617058, -0.03390522, -0.02320851, 0.00455937, 0.04924275], [0.00363112, 0.00149616, -0.00674292, 0.05647975, -0.00509698, 0.00311179], [-0.0444716, 0.00747497, -0.00594153, -0.02356729, 0.01524971, 0.05041313], [0.00325251, -0.01378681, -0.02504698, -0.03598655, 0.02999861, 0.02179447], [0.01292993, -0.02491548, 0.04222754, 0.01921648, 0.00530274, -0.05515747], [0.01561713, 0.00488755, -0.04483334, -0.02485593, -0.02730768, 0.02921622], [0.00935262, 0.02053109, 0.04159263, 0.00220396, -0.01978652, -0.05094525], [-0.02402803, -0.02671032, -0.03292594, 0.01835493, -0.00478126, 0.05695397], [-0.01855485, 0.01261835, 0.00931931, -0.05349744, -0.01684896, 0.00923554]], "number of molecular orbitals": 46, "number of electrons": 48, "number of unpaired electrons": 0, "orbital energies/eV": [-18.46162585, -17.24207681, -16.83538439, -16.79898164, -16.14316342, -15.99515182, -15.32246049, -15.06133139, -14.74375151, -14.26716903, -14.1812828, -13.72981327, -13.48886335, -13.29607046, -13.11893546, -12.83730594, -12.40480119, -12.22034274, -12.00577334, -11.57036844, -11.56362679, -11.37046872, -11.35057644, -10.88870016, 0.54599918, 1.92169377, 2.2163753, 2.56024708, 2.6140839, 2.7541829, 2.91701098, 3.25383221, 4.00560138, 4.32118753, 4.76949215, 4.95308059, 5.1687985, 5.43714533, 5.81429828, 6.17908127, 6.59306002, 7.08673881, 7.54645233, 8.05353142, 8.121213, 8.85883447], "fractional occupation": [2.0, 2.0, 2.0, 2.0, 2.0, 2.0, 2.0, 2.0, 2.0, 2.0, 2.0, 2.0, 2.0, 2.0, 2.0, 2.0, 2.0, 2.0, 2.0, 2.0, 2.0, 2.0, 2.0, 2.0, 0.0, 0.0, 0.0, 0.0, 0.0, 0.0, 0.0, 0.0, 0.0, 0.0, 0.0, 0.0, 0.0, 0.0, 0.0, 0.0, 0.0, 0.0, 0.0, 0.0, 0.0, 0.0], "program call": "xtb /home/svss/Project-DBcg-Debug/aqme2_20220329/End-to-End-workflows-final/example-3/QDESCP/mol_410_rdkit_conf_5/mol_410_rdkit_conf_5.xyz --pop --wbo --acc 0.2 --gfn 2 --chrg 0 --uhf 0 --etemp 300 --input /home/svss/Project-DBcg-Debug/aqme2_20220329/End-to-End-workflows-final/example-3/QDESCP/mol_410_rdkit_conf_5/mol_410_rdkit_conf_5_xtb.inp", "method": "GFN2-xTB", "xtb version": "6.3.3 (7355c4f)", "Dipole module/D": 1.854, "Total charge": 0, "Transition dipole module/D": NaN, "HOMO": -10.8887, "LUMO": 0.546, "HOMO occupancy": 2.0, "LUMO occupancy": 0, "mulliken charges": [-0.57201, 0.21986, -0.05744, -0.051, -0.04857, -0.0496, -0.04681, -0.07433, 0.33344, 0.0088, 0.03149, 0.04574, 0.02821, 0.02272, 0.02569, 0.02428, 0.02362, 0.02646, 0.02618, 0.02627, 0.03788, 0.01914], "cm5 charges": [-0.78302, 0.17262, -0.16162, -0.16082, -0.15861, -0.15919, -0.15645, -0.1799, 0.50267, 0.07629, 0.08879, 0.10422, 0.08261, 0.07815, 0.08007, 0.07959, 0.07944, 0.08096, 0.0819, 0.08063, 0.09606, 0.07563], "FUKUI+": [-0.152, -0.042, -0.005, -0.009, 0.019, 0.018, -0.001, 0.008, -0.122, -0.095, -0.057, -0.06, -0.065, -0.047, -0.06, -0.04, -0.021, -0.048, -0.046, -0.053, -0.067, -0.056], "FUKUI-": [-0.115, -0.0, 0.012, 0.009, 0.008, 0.007, 0.005, 0.002, -0.055, -0.098, -0.058, -0.072, -0.067, -0.047, -0.075, -0.063, -0.058, -0.084, -0.054, -0.076, -0.065, -0.056], "FUKUIrad": [-0.134, -0.021, 0.003, -0.0, 0.013, 0.012, 0.002, 0.005, -0.088, -0.096, -0.058, -0.066, -0.066, -0.047, -0.068, -0.052, -0.039, -0.066, -0.05, -0.064, -0.066, -0.056], "s proportion": [1.7, 1.02, 1.033, 1.032, 1.031, 1.029, 1.03, 1.042, 0.667, 0.991, 0.969, 0.954, 0.972, 0.977, 0.974, 0.976, 0.976, 0.974, 0.974, 0.974, 0.962, 0.981], "p proportion": [4.872, 2.76, 3.024, 3.019, 3.017, 3.02, 3.017, 3.033, 0.0, 0.0, 0.0, 0.0, 0.0, 0.0, 0.0, 0.0, 0.0, 0.0, 0.0, 0.0, 0.0, 0.0], "d proportion": [0.0, 0.0, 0.0, 0.0, 0.0, 0.0, 0.0, 0.0, 0.0, 0.0, 0.0, 0.0, 0.0, 0.0, 0.0, 0.0, 0.0, 0.0, 0.0, 0.0, 0.0, 0.0], "Fermi-level/eV": -5.1714, "Coordination numbers": [1.653, 3.724, 3.8, 3.8, 3.8, 3.799, 3.8, 3.799, 0.804, 0.924, 0.924, 0.923, 0.924, 0.924, 0.924, 0.924, 0.924, 0.924, 0.924, 0.924, 0.923, 0.923], "Dispersion coefficient C6": [21.986, 18.728, 21.693, 21.603, 21.597, 21.588, 21.58, 21.77, 0.782, 2.832, 2.388, 2.324, 2.572, 2.593, 2.624, 2.557, 2.543, 2.609, 2.514, 2.618, 2.453, 2.756], "Total dispersion C6": 3424.687548, "Total dispersion C8": 72607.821343, "Polarizability alpha": [6.33, 6.18, 6.631, 6.618, 6.617, 6.615, 6.614, 6.643, 1.389, 2.632, 2.417, 2.384, 2.508, 2.518, 2.533, 2.501, 2.494, 2.526, 2.479, 2.53, 2.449, 2.596], "Total polarizability alpha": 86.204345, "Wiberg matrix": [[0.0, 0.9731201817532918, 0.0, 0.0, 0.0, 0.0, 0.0, 0.0, 0.9054888651629451, 0.0, 0.0, 0.0, 0.0, 0.0, 0.0, 0.0, 0.0, 0.0, 0.0, 0.0, 0.0, 0.0], [0.9731201817532918, 0.0, 0.9958173914134615, 0.0, 0.0, 0.0, 0.0, 0.9897037259313001, 0.0, 0.9646929615274954, 0.0, 0.0, 0.0, 0.0, 0.0, 0.0, 0.0, 0.0, 0.0, 0.0, 0.0, 0.0], [0.0, 0.9958173914134615, 0.0, 1.0076070524721992, 0.0, 0.0, 0.0, 0.0, 0.0, 0.0, 0.975042420912934, 0.9725438984438164, 0.0, 0.0, 0.0, 0.0, 0.0, 0.0, 0.0, 0.0, 0.0, 0.0], [0.0, 0.0, 1.0076070524721992, 0.0, 1.0088676606522238, 0.0, 0.0, 0.0, 0.0, 0.0, 0.0, 0.0, 0.9766811425726468, 0.976257137720048, 0.0, 0.0, 0.0, 0.0, 0.0, 0.0, 0.0, 0.0], [0.0, 0.0, 0.0, 1.0088676606522238, 0.0, 1.0082117634218133, 0.0, 0.0, 0.0, 0.0, 0.0, 0.0, 0.0, 0.0, 0.9768678852528114, 0.9760970228376422, 0.0, 0.0, 0.0, 0.0, 0.0, 0.0], [0.0, 0.0, 0.0, 0.0, 1.0082117634218133, 0.0, 1.0082048401910175, 0.0, 0.0, 0.0, 0.0, 0.0, 0.0, 0.0, 0.0, 0.0, 0.9759748284687215, 0.9778314318345726, 0.0, 0.0, 0.0, 0.0], [0.0, 0.0, 0.0, 0.0, 0.0, 1.0082048401910175, 0.0, 1.0047167253390656, 0.0, 0.0, 0.0, 0.0, 0.0, 0.0, 0.0, 0.0, 0.0, 0.0, 0.9767710202886377, 0.9783294543645563, 0.0, 0.0], [0.0, 0.9897037259313001, 0.0, 0.0, 0.0, 0.0, 1.0047167253390656, 0.0, 0.0, 0.0, 0.0, 0.0, 0.0, 0.0, 0.0, 0.0, 0.0, 0.0, 0.0, 0.0, 0.9754572290110843, 0.9787358688710702], [0.9054888651629451, 0.0, 0.0, 0.0, 0.0, 0.0, 0.0, 0.0, 0.0, 0.0, 0.0, 0.0, 0.0, 0.0, 0.0, 0.0, 0.0, 0.0, 0.0, 0.0, 0.0, 0.0], [0.0, 0.9646929615274954, 0.0, 0.0, 0.0, 0.0, 0.0, 0.0, 0.0, 0.0, 0.0, 0.0, 0.0, 0.0, 0.0, 0.0, 0.0, 0.0, 0.0, 0.0, 0.0, 0.0], [0.0, 0.0, 0.975042420912934, 0.0, 0.0, 0.0, 0.0, 0.0, 0.0, 0.0, 0.0, 0.0, 0.0, 0.0, 0.0, 0.0, 0.0, 0.0, 0.0, 0.0, 0.0, 0.0], [0.0, 0.0, 0.9725438984438164, 0.0, 0.0, 0.0, 0.0, 0.0, 0.0, 0.0, 0.0, 0.0, 0.0, 0.0, 0.0, 0.0, 0.0, 0.0, 0.0, 0.0, 0.0, 0.0], [0.0, 0.0, 0.0, 0.9766811425726468, 0.0, 0.0, 0.0, 0.0, 0.0, 0.0, 0.0, 0.0, 0.0, 0.0, 0.0, 0.0, 0.0, 0.0, 0.0, 0.0, 0.0, 0.0], [0.0, 0.0, 0.0, 0.976257137720048, 0.0, 0.0, 0.0, 0.0, 0.0, 0.0, 0.0, 0.0, 0.0, 0.0, 0.0, 0.0, 0.0, 0.0, 0.0, 0.0, 0.0, 0.0], [0.0, 0.0, 0.0, 0.0, 0.9768678852528114, 0.0, 0.0, 0.0, 0.0, 0.0, 0.0, 0.0, 0.0, 0.0, 0.0, 0.0, 0.0, 0.0, 0.0, 0.0, 0.0, 0.0], [0.0, 0.0, 0.0, 0.0, 0.9760970228376422, 0.0, 0.0, 0.0, 0.0, 0.0, 0.0, 0.0, 0.0, 0.0, 0.0, 0.0, 0.0, 0.0, 0.0, 0.0, 0.0, 0.0], [0.0, 0.0, 0.0, 0.0, 0.0, 0.9759748284687215, 0.0, 0.0, 0.0, 0.0, 0.0, 0.0, 0.0, 0.0, 0.0, 0.0, 0.0, 0.0, 0.0, 0.0, 0.0, 0.0], [0.0, 0.0, 0.0, 0.0, 0.0, 0.9778314318345726, 0.0, 0.0, 0.0, 0.0, 0.0, 0.0, 0.0, 0.0, 0.0, 0.0, 0.0, 0.0, 0.0, 0.0, 0.0, 0.0], [0.0, 0.0, 0.0, 0.0, 0.0, 0.0, 0.9767710202886377, 0.0, 0.0, 0.0, 0.0, 0.0, 0.0, 0.0, 0.0, 0.0, 0.0, 0.0, 0.0, 0.0, 0.0, 0.0], [0.0, 0.0, 0.0, 0.0, 0.0, 0.0, 0.9783294543645563, 0.0, 0.0, 0.0, 0.0, 0.0, 0.0, 0.0, 0.0, 0.0, 0.0, 0.0, 0.0, 0.0, 0.0, 0.0], [0.0, 0.0, 0.0, 0.0, 0.0, 0.0, 0.0, 0.9754572290110843, 0.0, 0.0, 0.0, 0.0, 0.0, 0.0, 0.0, 0.0, 0.0, 0.0, 0.0, 0.0, 0.0, 0.0], [0.0, 0.0, 0.0, 0.0, 0.0, 0.0, 0.0, 0.9787358688710702, 0.0, 0.0, 0.0, 0.0, 0.0, 0.0, 0.0, 0.0, 0.0, 0.0, 0.0, 0.0, 0.0, 0.0]], "Born radii": [], "Atomic SASAs": [], "Solvent H bonds": [], "Total SASA": NaN, "Total FOD": 0.0, "FOD": [0.0, 0.0, 0.0, 0.0, 0.0, 0.0, 0.0, 0.0, 0.0, 0.0, 0.0, 0.0, 0.0, 0.0, 0.0, 0.0, 0.0, 0.0, 0.0, 0.0, 0.0, 0.0], "FOD s proportion": [0.0, 0.0, 0.0, 0.0, 0.0, 0.0, 0.0, 0.0, 0.0, 0.0, 0.0, 0.0, 0.0, 0.0, 0.0, 0.0, 0.0, 0.0, 0.0, 0.0, 0.0, 0.0], "FOD p proportion": [0.0, 0.0, 0.0, 0.0, 0.0, 0.0, 0.0, 0.0, 0.0, 0.0, 0.0, 0.0, 0.0, 0.0, 0.0, 0.0, 0.0, 0.0, 0.0, 0.0, 0.0, 0.0], "FOD d proportion": [0.0, 0.0, 0.0, 0.0, 0.0, 0.0, 0.0, 0.0, 0.0, 0.0, 0.0, 0.0, 0.0, 0.0, 0.0, 0.0, 0.0, 0.0, 0.0, 0.0, 0.0, 0.0], "coordinates": [["2.34030", "-1.54340", "0.55920"], ["1.21420", "-0.77860", "0.11740"], ["-0.04740", "-1.44600", "0.66150"], ["-1.28040", "-1.17660", "-0.19860"], ["-1.82670", "0.24520", "-0.13750"], ["-0.82560", "1.34340", "-0.49070"], ["0.20280", "1.57750", "0.61040"], ["1.42460", "0.66560", "0.57180"], ["3.13740", "-1.13840", "0.17630"], ["1.21560", "-0.82870", "-0.97780"], ["-0.22630", "-1.15230", "1.70300"], ["0.11010", "-2.53260", "0.68570"], ["-2.07880", "-1.85770", "0.12200"], ["-1.06240", "-1.43660", "-1.24210"], ["-2.67020", "0.31100", "-0.83630"], ["-2.24450", "0.43200", "0.85970"], ["-0.34080", "1.14220", "-1.45270"], ["-1.39470", "2.27320", "-0.61800"], ["-0.28010", "1.49510", "1.59220"], ["0.56000", "2.61330", "0.54410"], ["1.89580", "0.67880", "1.56400"], ["2.17680", "1.11380", "-0.09190"]], "bond_dist": [[0.0, 1.431155997786405, 2.391874440684544, 3.717293581357276, 4.587850242760764, 4.411216052292157, 3.783060203063123, 2.3913063898212625, 0.9726283051608152, 2.0342357729624165, 2.8370183661724857, 2.443012674956886, 4.451783141618648, 3.851552313029125, 5.5218954952081445, 5.001289478724462, 4.295170099076404, 5.468314219208696, 4.143195314005846, 4.521930007198255, 2.4789869160606717, 2.740688836770785], [1.431155997786405, 0.0, 1.5274495507217252, 2.5458376146172403, 3.218728516044806, 3.0055704367058182, 2.6109741802629913, 1.5285487103785733, 1.9574533174510191, 1.0963462090051663, 2.1745848569324675, 2.149073684171857, 3.465303301299902, 2.732052673357525, 4.145519896225321, 3.7388724690740656, 2.927919338028287, 4.081746637164046, 3.094782580408517, 3.4806660483304057, 2.163618469139141, 2.1334439317685385], [2.391874440684544, 1.5274495507217252, 0.0, 1.5272974071869565, 2.5815628851531005, 3.116715007824745, 3.0342649027400355, 2.575594038275442, 3.236199598294271, 2.1595214238344567, 1.0968077087621149, 1.0982219493344685, 2.1417616814202276, 2.157314608488989, 3.494214315121498, 2.897139218263423, 3.3548031894583623, 4.157497586289137, 3.0936097022733815, 4.106170236363807, 3.017500212096099, 3.473795221368122], [3.717293581357276, 2.5458376146172403, 1.5272974071869565, 0.0, 1.5243661436807106, 2.5773174911135803, 3.2310106855286014, 3.3621781630365755, 4.433843264031781, 2.637840603599846, 2.174350445535402, 2.1340601537913595, 1.097325899630552, 1.097276742667956, 2.13334457835578, 2.1533884136402333, 2.798651176906476, 3.477079362050858, 3.3683149526135474, 4.278085723778803, 4.078910928176785, 4.14843933184517], [4.587850242760764, 3.218728516044806, 2.5815628851531005, 1.5243661436807106, 0.0, 1.5274143805791536, 2.5403243788933727, 3.354220377375345, 5.162858530891584, 3.333909805318674, 2.81100100675898, 3.484971351388703, 2.133795461144296, 2.152381678513363, 1.09733464813611, 1.0972050492045686, 2.1776728060018566, 2.1284473801341672, 2.635542384405912, 3.430570369486684, 4.11583739474727, 4.096896089724512], [4.411216052292157, 3.0055704367058182, 3.116715007824745, 2.5773174911135803, 1.5274143805791536, 0.0, 1.5247395121790477, 2.579092695115862, 4.723302789362545, 3.020228842323045, 3.376388406270819, 4.157262013633492, 3.4918408812544706, 2.889476803852213, 2.1419239669045207, 2.1604414664600378, 1.0958815994440276, 1.0975464181527816, 2.1584845494003426, 2.1455405868917983, 3.474119055242638, 3.037460017843856], [3.783060203063123, 2.6109741802629913, 3.0342649027400355, 3.2310106855286014, 2.5403243788933727, 1.5247395121790477, 0.0, 1.5250727228561922, 4.021993632516094, 3.055804561813468, 2.9714827292111257, 4.111834796049083, 4.1526897500294915, 3.757297712452395, 3.4570351661503245, 2.7135950379524205, 2.1774684062001914, 2.1318938294389804, 1.097229880198311, 1.0976653269553522, 2.140855821861902, 2.145907495676363], [2.3913063898212625, 1.5285487103785733, 2.575594038275442, 3.3621781630365755, 3.354220377375345, 2.579092695115862, 1.5250727228561922, 0.0, 2.5188330810119197, 2.16283925662542, 2.7036724394793095, 3.4596772537333593, 4.340872549384513, 3.7275524208252255, 4.3446373623123025, 3.687783911782251, 2.7280734905790203, 3.4566536259799014, 2.15297201561005, 2.1311583094645976, 1.0984828264474598, 1.0987200598878677], [0.9726283051608152, 1.9574533174510191, 3.236199598294271, 4.433843264031781, 5.162858530891584, 4.723302789362545, 4.021993632516094, 2.5188330810119197, 0.0, 2.2630015775513725, 3.693979397614448, 3.371620869848803, 5.2658411882623275, 4.44287090066772, 6.070777287959097, 5.6478349241103, 4.466839218060127, 5.727988954249126, 4.540859093827951, 4.566565502650762, 2.6018258377531733, 2.4631460452031666], [2.0342357729624165, 1.0963462090051663, 2.1595214238344567, 2.637840603599846, 3.333909805318674, 3.020228842323045, 3.055804561813468, 2.16283925662542, 2.2630015775513725, 0.0, 3.061124174220968, 2.6253833453421613, 3.6223572987765857, 2.3724841200733042, 4.051960017078154, 4.115587776976698, 2.555847761506933, 4.070000705159644, 3.7738660455824347, 3.820124994028337, 3.032486690819929, 2.3413736352833565], [2.8370183661724857, 2.1745848569324675, 1.0968077087621149, 2.174350445535402, 2.81100100675898, 3.376388406270819, 2.9714827292111257, 2.7036724394793095, 3.693979397614448, 3.061124174220968, 0.0, 1.7473672596223153, 2.5355288225535912, 3.07465505544931, 3.8160108215255364, 2.7007948126431227, 3.9033681596795358, 4.2995639092819635, 2.6502637302728953, 4.017593839601012, 2.806342213629692, 3.7592239664590354], [2.443012674956886, 2.149073684171857, 1.0982219493344685, 2.1340601537913595, 3.484971351388703, 4.157262013633492, 4.111834796049083, 3.4596772537333593, 3.371620869848803, 2.6253833453421613, 1.7473672596223153, 0.0, 2.358925795780783, 2.5084626945601562, 4.25824060499169, 3.7898905419550046, 4.275537441071005, 5.201900649762545, 4.1468500792770415, 5.167470114088712, 3.7779922366251624, 4.262879732059069], [4.451783141618648, 3.465303301299902, 2.1417616814202276, 1.097325899630552, 2.133795461144296, 3.4918408812544706, 4.1526897500294915, 4.340872549384513, 5.2658411882623275, 3.6223572987765857, 2.5355288225535912, 2.358925795780783, 0.0, 1.752473389241617, 2.443635107785121, 2.411303355034368, 3.8078503253147966, 4.252049813913286, 4.078979966854459, 5.208769034042497, 4.930582258719553, 5.194775916245089], [3.851552313029125, 2.732052673357525, 2.157314608488989, 1.097276742667956, 2.152381678513363, 2.889476803852213, 3.757297712452395, 3.7275524208252255, 4.44287090066772, 2.3724841200733042, 3.07465505544931, 2.5084626945601562, 1.752473389241617, 0.0, 2.409107768448726, 3.05067035420086, 2.686125157173433, 3.77657783449514, 4.152121707031238, 4.714274303644199, 4.593480337391246, 4.280177197266487], [5.5218954952081445, 4.145519896225321, 3.494214315121498, 2.13334457835578, 1.09733464813611, 2.1419239669045207, 3.4570351661503245, 4.3446373623123025, 6.070777287959097, 4.051960017078154, 3.8160108215255364, 4.25824060499169, 2.443635107785121, 2.409107768448726, 0.0, 1.75279134240217, 2.548910896834175, 2.3504859029570886, 3.607254228634295, 4.2000335105806, 5.1715638766237815, 4.969107384631569], [5.001289478724462, 3.7388724690740656, 2.897139218263423, 2.1533884136402333, 1.0972050492045686, 2.1604414664600378, 2.7135950379524205, 3.687783911782251, 5.6478349241103, 4.115587776976698, 2.7007948126431227, 3.7898905419550046, 2.411303355034368, 3.05067035420086, 1.75279134240217, 0.0, 3.0782546174739998, 2.509138252468365, 2.350660592259121, 3.5669164974807024, 4.2070218468650715, 4.573651439495582], [4.295170099076404, 2.927919338028287, 3.3548031894583623, 2.798651176906476, 2.1776728060018566, 1.0958815994440276, 2.1774684062001914, 2.7280734905790203, 4.466839218060127, 2.555847761506933, 3.9033681596795358, 4.275537441071005, 3.8078503253147966, 2.686125157173433, 2.548910896834175, 3.0782546174739998, 0.0, 1.7568694601477937, 3.0658830554996714, 2.6387091711668416, 3.783860199584546, 2.8619736127364974], [5.468314219208696, 4.081746637164046, 4.157497586289137, 3.477079362050858, 2.1284473801341672, 1.0975464181527816, 2.1318938294389804, 3.4566536259799014, 5.727988954249126, 4.070000705159644, 4.2995639092819635, 5.201900649762545, 4.252049813913286, 3.77657783449514, 2.3504859029570886, 2.509138252468365, 1.7568694601477937, 0.0, 2.5947556358932915, 2.2993469746865087, 4.258007234611045, 3.7916489579073644], [4.143195314005846, 3.094782580408517, 3.0936097022733815, 3.3683149526135474, 2.635542384405912, 2.1584845494003426, 1.097229880198311, 2.15297201561005, 4.540859093827951, 3.7738660455824347, 2.6502637302728953, 4.1468500792770415, 4.078979966854459, 4.152121707031238, 3.607254228634295, 2.350660592259121, 3.0658830554996714, 2.5947556358932915, 0.0, 1.747756521944633, 2.3241518323896138, 3.002988529781624], [4.521930007198255, 3.4806660483304057, 4.106170236363807, 4.278085723778803, 3.430570369486684, 2.1455405868917983, 1.0976653269553522, 2.1311583094645976, 4.566565502650762, 3.820124994028337, 4.017593839601012, 5.167470114088712, 5.208769034042497, 4.714274303644199, 4.2000335105806, 3.5669164974807024, 2.6387091711668416, 2.2993469746865087, 1.747756521944633, 0.0, 2.5625861741607836, 2.29500293899594], [2.4789869160606717, 2.163618469139141, 3.017500212096099, 4.078910928176785, 4.11583739474727, 3.474119055242638, 2.140855821861902, 1.0984828264474598, 2.6018258377531733, 3.032486690819929, 2.806342213629692, 3.7779922366251624, 4.930582258719553, 4.593480337391246, 5.1715638766237815, 4.2070218468650715, 3.783860199584546, 4.258007234611045, 2.3241518323896138, 2.5625861741607836, 0.0, 1.7349901469460858], [2.740688836770785, 2.1334439317685385, 3.473795221368122, 4.14843933184517, 4.096896089724512, 3.037460017843856, 2.145907495676363, 1.0987200598878677, 2.4631460452031666, 2.3413736352833565, 3.7592239664590354, 4.262879732059069, 5.194775916245089, 4.280177197266487, 4.969107384631569, 4.573651439495582, 2.8619736127364974, 3.7916489579073644, 3.002988529781624, 2.29500293899594, 1.7349901469460858, 0.0]]}