{"total energy": -28.64004865, "HOMO-LUMO gap/eV": 2.8782603, "electronic energy": -29.16647582, "dipole": [-0.12148356, -0.18512535, 0.01902833], "partial charges": [-0.10482536, 0.00970317, -0.04113417, -0.0329341, -0.04203238, 0.01635225, -0.03681907, -0.03123676, -0.031937, -0.03710635, 0.00829472, 0.04510793, 0.03853833, 0.04511136, 0.02759879, 0.02687605, 0.02747124, 0.02875125, 0.02642202, 0.02672395, 0.03107414], "atomic dipole moments": [[0.03912679, 0.05536722, -0.00592195], [-0.00299279, -0.08904628, 0.00444875], [-0.00250772, 0.02096253, -0.00078536], [-0.02630637, -0.00807554, 0.00264405], [0.03527448, -0.02599037, -0.00178522], [-0.00890444, -0.02090931, 0.00173507], [-0.03956539, 0.01550847, 0.00264505], [0.00667688, -0.02621624, 0.00064208], [0.028868, 0.01023721, -0.00294268], [-0.02664462, 0.02738396, 0.00099106], [-0.00117559, 0.01619208, -0.00067146], [0.01535823, -0.07261242, -0.10754673], [-0.12665585, 0.0157503, 0.01000466], [0.0338281, -0.06239646, 0.10971763], [-0.150846, 0.00418528, 0.01261698], [-0.07893436, 0.1282772, 0.00066247], [0.06213618, 0.13661872, -0.01169959], [0.07586853, 0.13005296, -0.01255394], [0.14981404, 0.00844244, -0.01310509], [0.08287059, -0.12642757, -0.00108684], [-0.05677525, -0.13981709, 0.0113855]], "atomic quadrupole moments": [[-0.01598142, 0.08083844, 0.14278992, -0.01341332, -0.01963881, -0.1268085], [-0.27363901, 0.13840548, -0.15302915, 0.05344102, 0.01574326, 0.42666816], [-0.26014801, 0.06366251, -0.23181747, 0.06142888, 0.02889401, 0.49196549], [-0.2757826, 0.0309264, -0.24270299, 0.06664026, 0.03347608, 0.51848559], [-0.24408076, -0.01679276, -0.2433951, 0.06357588, 0.0361125, 0.48747586], [-0.18990834, -0.01917185, -0.20852078, 0.05135417, 0.03042177, 0.39842912], [-0.23204354, -0.00271047, -0.2680476, 0.06291098, 0.0366163, 0.50009114], [-0.27339011, 0.03444573, -0.24448556, 0.06618966, 0.03321634, 0.51787567], [-0.28850997, 0.03350026, -0.2290927, 0.06753504, 0.03261972, 0.51760267], [-0.26513334, 0.00981319, -0.24243806, 0.06580423, 0.03476129, 0.5075714], [-0.21356144, 0.00890302, -0.18352114, 0.05194349, 0.02680996, 0.39708259], [-0.02532878, -0.0085696, -0.00657147, -0.03074098, 0.05637133, 0.03190025], [0.0712244, -0.03020524, -0.01515616, -0.00946835, 0.00060857, -0.05606824], [-0.01323296, -0.01427334, -0.01660178, 0.04041501, -0.05038599, 0.02983475], [0.02655568, 0.00655613, 0.04105236, -0.00838882, -0.00570749, -0.06760805], [0.03784424, 0.0054661, 0.0309391, -0.00940862, -0.00519033, -0.06878335], [0.04163593, 0.00069638, 0.02562899, -0.00937198, -0.00447143, -0.06726492], [0.02965937, -0.00840483, 0.03736098, -0.0078902, -0.00422777, -0.06702034], [0.02764315, -0.00108918, 0.04080505, -0.00819994, -0.00508459, -0.06844821], [0.03610473, 0.00684243, 0.03230262, -0.00929261, -0.00535976, -0.06840735], [0.04994656, 0.00384037, 0.0202007, -0.01048032, -0.00463223, -0.07014727]], "number of molecular orbitals": 54, "number of electrons": 54, "number of unpaired electrons": 0, "orbital energies/eV": [-17.52418699, -17.21006772, -16.90488813, -16.5852364, -16.46175226, -16.05244577, -15.61018764, -15.54624434, -15.10492128, -14.21988454, -14.13083015, -13.969893, -13.50303121, -13.37168784, -13.14838683, -12.90699628, -12.84085666, -12.75147842, -12.46903922, -12.31124849, -12.05318958, -11.9184048, -11.24198389, -11.22583886, -11.15827263, -10.80939533, -9.96071845, -7.08245815, -6.0262563, -5.09651862, -3.93357368, -1.51327085, 2.45138454, 3.05015329, 3.25834618, 3.5526815, 3.94492246, 4.24196164, 4.53654311, 5.07698139, 5.42703377, 5.57706756, 6.03785263, 6.54964524, 8.23033116, 9.54003129, 10.79506876, 11.03074935, 12.14594394, 13.33471153, 14.51790876, 14.77917608, 17.76970889, 18.69697817], "fractional occupation": [2.0, 2.0, 2.0, 2.0, 2.0, 2.0, 2.0, 2.0, 2.0, 2.0, 2.0, 2.0, 2.0, 2.0, 2.0, 2.0, 2.0, 2.0, 2.0, 2.0, 2.0, 2.0, 2.0, 2.0, 2.0, 2.0, 2.0, 0.0, 0.0, 0.0, 0.0, 0.0, 0.0, 0.0, 0.0, 0.0, 0.0, 0.0, 0.0, 0.0, 0.0, 0.0, 0.0, 0.0, 0.0, 0.0, 0.0, 0.0, 0.0, 0.0, 0.0, 0.0, 0.0, 0.0], "program call": "xtb /home/svss/Project-DBcg-Debug/aqme2_20220329/End-to-End-workflows-final/example-3/QDESCP/mol_607_rdkit_conf_1/mol_607_rdkit_conf_1.xyz --pop --wbo --acc 0.2 --gfn 2 --chrg 0 --uhf 0 --etemp 300 --input /home/svss/Project-DBcg-Debug/aqme2_20220329/End-to-End-workflows-final/example-3/QDESCP/mol_607_rdkit_conf_1/mol_607_rdkit_conf_1_xtb.inp", "method": "GFN2-xTB", "xtb version": "6.3.3 (7355c4f)", "Dipole module/D": 0.565, "Total charge": 0, "Transition dipole module/D": NaN, "HOMO": -9.9607, "LUMO": -7.0825, "HOMO occupancy": 2.0, "LUMO occupancy": 0, "mulliken charges": [-0.08648, 0.00735, -0.0447, -0.02595, -0.04355, 0.01148, -0.03735, -0.02841, -0.02885, -0.03813, -0.00286, 0.03905, 0.03387, 0.03905, 0.02933, 0.02908, 0.02974, 0.03038, 0.02912, 0.02925, 0.02857], "cm5 charges": [-0.22994, -0.00726, -0.09804, -0.08133, -0.0962, 0.00423, -0.08999, -0.08382, -0.08428, -0.09079, -0.00807, 0.09109, 0.08576, 0.09109, 0.08548, 0.08451, 0.08603, 0.08664, 0.08457, 0.08465, 0.08568], "FUKUI+": [0.028, -0.068, -0.031, -0.034, -0.052, -0.018, -0.054, -0.033, -0.034, -0.054, -0.017, -0.044, -0.044, -0.044, -0.071, -0.072, -0.07, -0.072, -0.074, -0.074, -0.07], "FUKUI-": [0.026, -0.061, -0.035, -0.033, -0.055, -0.018, -0.047, -0.032, -0.035, -0.044, -0.016, -0.064, -0.05, -0.064, -0.068, -0.07, -0.069, -0.066, -0.069, -0.069, -0.061], "FUKUIrad": [0.027, -0.065, -0.033, -0.033, -0.053, -0.018, -0.051, -0.033, -0.035, -0.049, -0.016, -0.054, -0.047, -0.054, -0.07, -0.071, -0.07, -0.069, -0.071, -0.071, -0.065], "s proportion": [1.008, 1.092, 1.062, 1.059, 1.063, 1.072, 1.065, 1.059, 1.059, 1.065, 1.075, 0.961, 0.966, 0.961, 0.971, 0.971, 0.97, 0.97, 0.971, 0.971, 0.971], "p proportion": [3.078, 2.9, 2.982, 2.967, 2.981, 2.917, 2.973, 2.969, 2.97, 2.973, 2.927, 0.0, 0.0, 0.0, 0.0, 0.0, 0.0, 0.0, 0.0, 0.0, 0.0], "d proportion": [0.0, 0.0, 0.0, 0.0, 0.0, 0.0, 0.0, 0.0, 0.0, 0.0, 0.0, 0.0, 0.0, 0.0, 0.0, 0.0, 0.0, 0.0, 0.0, 0.0, 0.0], "Fermi-level/eV": -8.5216, "Coordination numbers": [3.754, 2.961, 2.913, 2.908, 2.92, 2.982, 2.92, 2.91, 2.909, 2.916, 2.977, 0.924, 0.924, 0.924, 0.925, 0.925, 0.925, 0.925, 0.925, 0.925, 0.925], "Dispersion coefficient C6": [22.561, 27.799, 29.022, 28.82, 29.044, 27.639, 28.916, 28.779, 28.796, 28.923, 27.829, 2.382, 2.469, 2.382, 2.621, 2.631, 2.623, 2.604, 2.638, 2.633, 2.571], "Total dispersion C6": 5495.068208, "Total dispersion C8": 135644.640527, "Polarizability alpha": [6.773, 8.648, 8.834, 8.803, 8.838, 8.624, 8.818, 8.797, 8.799, 8.819, 8.653, 2.414, 2.457, 2.414, 2.532, 2.537, 2.533, 2.524, 2.54, 2.538, 2.508], "Total polarizability alpha": 119.39907, "Wiberg matrix": [[0.0, 1.0271310190340812, 0.0, 0.0, 0.0, 0.0, 0.0, 0.0, 0.0, 0.0, 0.0, 0.9715360394761814, 0.9848667936386245, 0.9715352025890401, 0.0, 0.0, 0.0, 0.0, 0.0, 0.0, 0.0], [1.0271310190340812, 0.0, 1.4904432752881904, 0.0, 0.12672781806252548, 0.0, 0.0, 0.0, 0.0, 0.0, 1.2653115035088736, 0.0, 0.0, 0.0, 0.0, 0.0, 0.0, 0.0, 0.0, 0.0, 0.0], [0.0, 1.4904432752881904, 0.0, 1.3623986554680438, 0.0, 0.0, 0.0, 0.0, 0.0, 0.0, 0.0, 0.0, 0.0, 0.0, 0.9689876862017651, 0.0, 0.0, 0.0, 0.0, 0.0, 0.0], [0.0, 0.0, 1.3623986554680438, 0.0, 1.5182207154713185, 0.0, 0.0, 0.0, 0.0, 0.0, 0.0, 0.0, 0.0, 0.0, 0.0, 0.9711165805695913, 0.0, 0.0, 0.0, 0.0, 0.0], [0.0, 0.12672781806252548, 0.0, 1.5182207154713185, 0.0, 1.2938811847717409, 0.0, 0.0, 0.0, 0.0, 0.0, 0.0, 0.0, 0.0, 0.0, 0.0, 0.9694773454496938, 0.0, 0.0, 0.0, 0.0], [0.0, 0.0, 0.0, 0.0, 1.2938811847717409, 0.0, 1.2964646932832815, 0.0, 0.0, 0.0, 1.233427466885654, 0.0, 0.0, 0.0, 0.0, 0.0, 0.0, 0.0, 0.0, 0.0, 0.0], [0.0, 0.0, 0.0, 0.0, 0.0, 1.2964646932832815, 0.0, 1.5180828270321183, 0.0, 0.13143640382237345, 0.0, 0.0, 0.0, 0.0, 0.0, 0.0, 0.0, 0.9695760287438405, 0.0, 0.0, 0.0], [0.0, 0.0, 0.0, 0.0, 0.0, 0.0, 1.5180828270321183, 0.0, 1.3626829547937822, 0.0, 0.0, 0.0, 0.0, 0.0, 0.0, 0.0, 0.0, 0.0, 0.9712351636120145, 0.0, 0.0], [0.0, 0.0, 0.0, 0.0, 0.0, 0.0, 0.0, 1.3626829547937822, 0.0, 1.5168966111049933, 0.0, 0.0, 0.0, 0.0, 0.0, 0.0, 0.0, 0.0, 0.0, 0.9713006060584111, 0.0], [0.0, 0.0, 0.0, 0.0, 0.0, 0.0, 0.13143640382237345, 0.0, 1.5168966111049933, 0.0, 1.3004198775663525, 0.0, 0.0, 0.0, 0.0, 0.0, 0.0, 0.0, 0.0, 0.0, 0.9690125038705374], [0.0, 1.2653115035088736, 0.0, 0.0, 0.0, 1.233427466885654, 0.0, 0.0, 0.0, 1.3004198775663525, 0.0, 0.0, 0.0, 0.0, 0.0, 0.0, 0.0, 0.0, 0.0, 0.0, 0.0], [0.9715360394761814, 0.0, 0.0, 0.0, 0.0, 0.0, 0.0, 0.0, 0.0, 0.0, 0.0, 0.0, 0.0, 0.0, 0.0, 0.0, 0.0, 0.0, 0.0, 0.0, 0.0], [0.9848667936386245, 0.0, 0.0, 0.0, 0.0, 0.0, 0.0, 0.0, 0.0, 0.0, 0.0, 0.0, 0.0, 0.0, 0.0, 0.0, 0.0, 0.0, 0.0, 0.0, 0.0], [0.9715352025890401, 0.0, 0.0, 0.0, 0.0, 0.0, 0.0, 0.0, 0.0, 0.0, 0.0, 0.0, 0.0, 0.0, 0.0, 0.0, 0.0, 0.0, 0.0, 0.0, 0.0], [0.0, 0.0, 0.9689876862017651, 0.0, 0.0, 0.0, 0.0, 0.0, 0.0, 0.0, 0.0, 0.0, 0.0, 0.0, 0.0, 0.0, 0.0, 0.0, 0.0, 0.0, 0.0], [0.0, 0.0, 0.0, 0.9711165805695913, 0.0, 0.0, 0.0, 0.0, 0.0, 0.0, 0.0, 0.0, 0.0, 0.0, 0.0, 0.0, 0.0, 0.0, 0.0, 0.0, 0.0], [0.0, 0.0, 0.0, 0.0, 0.9694773454496938, 0.0, 0.0, 0.0, 0.0, 0.0, 0.0, 0.0, 0.0, 0.0, 0.0, 0.0, 0.0, 0.0, 0.0, 0.0, 0.0], [0.0, 0.0, 0.0, 0.0, 0.0, 0.0, 0.9695760287438405, 0.0, 0.0, 0.0, 0.0, 0.0, 0.0, 0.0, 0.0, 0.0, 0.0, 0.0, 0.0, 0.0, 0.0], [0.0, 0.0, 0.0, 0.0, 0.0, 0.0, 0.0, 0.9712351636120145, 0.0, 0.0, 0.0, 0.0, 0.0, 0.0, 0.0, 0.0, 0.0, 0.0, 0.0, 0.0, 0.0], [0.0, 0.0, 0.0, 0.0, 0.0, 0.0, 0.0, 0.0, 0.9713006060584111, 0.0, 0.0, 0.0, 0.0, 0.0, 0.0, 0.0, 0.0, 0.0, 0.0, 0.0, 0.0], [0.0, 0.0, 0.0, 0.0, 0.0, 0.0, 0.0, 0.0, 0.0, 0.9690125038705374, 0.0, 0.0, 0.0, 0.0, 0.0, 0.0, 0.0, 0.0, 0.0, 0.0, 0.0]], "Born radii": [], "Atomic SASAs": [], "Solvent H bonds": [], "Total SASA": NaN, "Total FOD": 0.0, "FOD": [0.0, 0.0, 0.0, 0.0, 0.0, 0.0, 0.0, 0.0, 0.0, 0.0, 0.0, 0.0, 0.0, 0.0, 0.0, 0.0, 0.0, 0.0, 0.0, 0.0, 0.0], "FOD s proportion": [0.0, 0.0, 0.0, 0.0, 0.0, 0.0, 0.0, 0.0, 0.0, 0.0, 0.0, 0.0, 0.0, 0.0, 0.0, 0.0, 0.0, 0.0, 0.0, 0.0, 0.0], "FOD p proportion": [0.0, 0.0, 0.0, 0.0, 0.0, 0.0, 0.0, 0.0, 0.0, 0.0, 0.0, 0.0, 0.0, 0.0, 0.0, 0.0, 0.0, 0.0, 0.0, 0.0, 0.0], "FOD d proportion": [0.0, 0.0, 0.0, 0.0, 0.0, 0.0, 0.0, 0.0, 0.0, 0.0, 0.0, 0.0, 0.0, 0.0, 0.0, 0.0, 0.0, 0.0, 0.0, 0.0, 0.0], "coordinates": [["-2.11530", "-1.62770", "0.25620"], ["-1.35730", "-0.33190", "0.13090"], ["-2.08290", "0.87060", "0.13600"], ["-1.43110", "2.09420", "0.02320"], ["-0.04460", "2.13350", "-0.09650"], ["0.71040", "0.95170", "-0.10510"], ["2.10900", "1.00760", "-0.22650"], ["2.87580", "-0.15640", "-0.23700"], ["2.25310", "-1.39240", "-0.12600"], ["0.86320", "-1.46440", "-0.00450"], ["0.05880", "-0.30270", "0.00920"], ["-1.95050", "-2.25190", "-0.62790"], ["-3.19410", "-1.45760", "0.33980"], ["-1.79910", "-2.16810", "1.15420"], ["-3.16680", "0.85930", "0.22860"], ["-2.00290", "3.01830", "0.02830"], ["0.44570", "3.10050", "-0.18360"], ["2.61460", "1.96680", "-0.31450"], ["3.95650", "-0.09540", "-0.33160"], ["2.84500", "-2.30390", "-0.13340"], ["0.41240", "-2.45010", "0.08010"]], "bond_dist": [[0.0, 1.5064400851012958, 2.5013997461421473, 3.7914322161948246, 4.307995034816081, 3.8429705359266024, 5.002251080263764, 5.226762778240466, 4.391396302999764, 2.9943436058675696, 2.557996249019924, 1.0947225630268156, 1.0953229706346892, 1.0947230700044646, 2.7002931340874827, 4.652944032545417, 5.395184916200741, 5.968088701586129, 6.289690562340884, 5.021315633377372, 2.6639482464942894], [1.5064400851012958, 0.0, 1.4044670234647736, 2.429610450257407, 2.80233638416233, 2.445139719934221, 3.7332600632690993, 4.2526798927264675, 3.771690074754287, 2.496299192805221, 1.4216197592886786, 2.148037169138374, 2.164410760461147, 2.148013168022952, 2.168592396002531, 3.413380459310096, 3.8898700505286805, 4.6106824288818675, 5.339129979687702, 4.649512208823632, 2.7606502802781807], [2.5013997461421473, 1.4044670234647736, 0.0, 1.3909579576680235, 2.409074417696556, 2.804858518713555, 4.209774442888835, 5.077653364498212, 4.898031135058249, 3.761844023879778, 2.4453200240459325, 3.217309313696773, 2.5878205347357457, 3.217292552753013, 1.0879070088936829, 2.1518862841702395, 3.3865050022109813, 4.844699262080155, 6.134016475360985, 5.868068252840963, 4.154117883498253], [3.7914322161948246, 2.429610450257407, 1.3909579576680235, 0.0, 1.3922122072442837, 2.430594451980832, 3.7115168947480215, 4.866445521117029, 5.074639872936798, 4.234172143406547, 2.8222557679983575, 4.425188445704883, 3.9778999233263774, 4.425131217263506, 2.140051789092965, 1.086711580871392, 2.1395756985907277, 4.061768154387938, 5.826359494572919, 6.1361908689348965, 4.904323842284479], [4.307995034816081, 2.80233638416233, 2.409074417696556, 1.3922122072442837, 0.0, 1.4024087136067005, 2.433627697491956, 3.713774147683189, 4.208594343720953, 3.7117986542914743, 2.4406832014827327, 4.811088642916487, 4.796426497925304, 4.811058438639049, 3.387832417638157, 2.1525298999084774, 1.0876899834051978, 2.673323311909728, 4.586073312758967, 5.295438464376676, 4.6097099171205995], [3.8429705359266024, 2.445139719934221, 2.804858518713555, 2.430594451980832, 1.4024087136067005, 0.0, 1.4049714338733013, 2.4360296344667076, 2.8062724226275684, 2.4230161803009076, 1.4181559893044207, 4.197232613282233, 4.6095317278439465, 4.19721083339877, 3.8926306387840084, 3.4133016289217686, 2.166464811622842, 2.1680069211144137, 3.4183162331767964, 3.8931027998243257, 3.419845943898643], [5.002251080263764, 3.7332600632690993, 4.209774442888835, 3.7115168947480215, 2.433627697491956, 1.4049714338733013, 0.0, 1.393911220271937, 2.406421629723271, 2.7770642124372995, 2.444536892746763, 5.221590031781507, 5.875438395558241, 5.221556146399271, 5.297468691743256, 4.58427302197415, 2.673693645502416, 1.0878602851469483, 2.1542774333868886, 3.3935815681960557, 3.8636956932450053], [5.226762778240466, 4.2526798927264675, 5.077653364498212, 4.866445521117029, 3.713774147683189, 2.4360296344667076, 1.393911220271937, 0.0, 1.3884423970766666, 2.4115304290014667, 2.831520285994787, 5.276087068083695, 6.234541337580496, 5.276084186212346, 6.14503414229734, 5.826733035758546, 4.06394330423051, 2.1406097098724, 1.0865462024230725, 2.150218093589578, 3.3808211517322238], [4.391396302999764, 3.771690074754287, 4.898031135058249, 5.074639872936798, 4.208594343720953, 2.8062724226275684, 2.406421629723271, 1.3884423970766666, 0.0, 1.397056999552989, 2.453706914038431, 4.319826017329865, 5.467468200181872, 4.319831868255986, 5.879728740341683, 6.131200451787562, 4.843156298324471, 3.3838497513926358, 2.1508258692883535, 1.0868452603751835, 2.132928266491867], [2.9943436058675696, 2.496299192805221, 3.761844023879778, 4.234172143406547, 3.7117986542914743, 2.4230161803009076, 2.7770642124372995, 2.4115304290014667, 1.397056999552989, 0.0, 1.4130795943611951, 2.9875895802469254, 4.0718880166330695, 2.9875777261855467, 4.657769562784315, 5.320733440043768, 4.587449734874487, 3.8647943541668552, 3.398479115722208, 2.156132347514874, 1.0871900891748416], [2.557996249019924, 1.4216197592886786, 2.4453200240459325, 2.8222557679983575, 2.4406832014827327, 1.4181559893044207, 2.444536892746763, 2.831520285994787, 2.453706914038431, 1.4130795943611951, 0.0, 2.8709865098951615, 3.467628696962811, 2.8709814645866314, 3.4355313591932184, 3.908965681609395, 3.4305442265040105, 3.433296605305169, 3.9180586034412506, 3.433372487802627, 2.177472509585368], [1.0947225630268156, 2.148037169138374, 3.217309313696773, 4.425188445704883, 4.811088642916487, 4.197232613282233, 5.221590031781507, 5.276087068083695, 4.319826017329865, 2.9875895802469254, 2.8709865098951615, 0.0, 1.7646236822620285, 1.7904817256816667, 3.448556709697551, 5.311153569611784, 5.881102166261014, 6.223808099548056, 6.2953105515137215, 4.82120882144717, 2.4746401051466047], [1.0953229706346892, 2.164410760461147, 2.5878205347357457, 3.9778999233263774, 4.796426497925304, 4.6095317278439465, 5.875438395558241, 6.234541337580496, 5.467468200181872, 4.0718880166330695, 3.467628696962811, 1.7646236822620285, 0.0, 1.7646763470959768, 2.3197276434961065, 4.64216226558271, 5.856480787128052, 6.774630583286442, 7.310092144426089, 6.1164426540269305, 3.7495789883665607], [1.0947230700044646, 2.148013168022952, 3.217292552753013, 4.425131217263506, 4.811058438639049, 4.19721083339877, 5.221556146399271, 5.276084186212346, 4.319831868255986, 2.9875777261855467, 2.8709814645866314, 1.7904817256816667, 1.7646763470959768, 0.0, 3.448548884675988, 5.311113838923055, 5.881069787037048, 6.223762960621171, 6.295285401790772, 4.821205265283775, 2.4746609990057222], [2.7002931340874827, 2.168592396002531, 1.0879070088936829, 2.140051789092965, 3.387832417638157, 3.8926306387840084, 5.297468691743256, 6.14503414229734, 5.879728740341683, 4.657769562784315, 3.4355313591932184, 3.448556709697551, 2.3197276434961065, 3.448548884675988, 0.0, 2.460907210765981, 4.271187484763459, 5.911522631268529, 7.208791786423021, 6.802838927977055, 4.876971729464914], [4.652944032545417, 3.413380459310096, 2.1518862841702395, 1.086711580871392, 2.1525298999084774, 3.4133016289217686, 4.58427302197415, 5.826733035758546, 6.131200451787562, 5.320733440043768, 3.908965681609395, 5.311153569611784, 4.64216226558271, 5.311113838923055, 2.460907210765981, 0.0, 2.459125944314361, 4.748101761757007, 6.733431818916711, 7.200978693205529, 5.978273654659847], [5.395184916200741, 3.8898700505286805, 3.3865050022109813, 2.1395756985907277, 1.0876899834051978, 2.166464811622842, 2.673693645502416, 4.06394330423051, 4.843156298324471, 4.587449734874487, 3.4305442265040105, 5.881102166261014, 5.856480787128052, 5.881069787037048, 4.271187484763459, 2.459125944314361, 0.0, 2.450823883921486, 4.749883940687393, 5.913264740395106, 5.556960224799166], [5.968088701586129, 4.6106824288818675, 4.844699262080155, 4.061768154387938, 2.673323311909728, 2.1680069211144137, 1.0878602851469483, 2.1406097098724, 3.3838497513926358, 3.8647943541668552, 3.433296605305169, 6.223808099548056, 6.774630583286442, 6.223762960621171, 5.911522631268529, 4.748101761757007, 2.450823883921486, 0.0, 2.460418025458276, 4.280742909823013, 4.951201834908368], [6.289690562340884, 5.339129979687702, 6.134016475360985, 5.826359494572919, 4.586073312758967, 3.4183162331767964, 2.1542774333868886, 1.0865462024230725, 2.1508258692883535, 3.398479115722208, 3.9180586034412506, 6.2953105515137215, 7.310092144426089, 6.295285401790772, 7.208791786423021, 6.733431818916711, 4.749883940687393, 2.460418025458276, 0.0, 2.4803604052637187, 4.274898102879178], [5.021315633377372, 4.649512208823632, 5.868068252840963, 6.1361908689348965, 5.295438464376676, 3.8931027998243257, 3.3935815681960557, 2.150218093589578, 1.0868452603751835, 2.156132347514874, 3.433372487802627, 4.82120882144717, 6.1164426540269305, 4.821205265283775, 6.802838927977055, 7.200978693205529, 5.913264740395106, 4.280742909823013, 2.4803604052637187, 0.0, 2.4463236601071414], [2.6639482464942894, 2.7606502802781807, 4.154117883498253, 4.904323842284479, 4.6097099171205995, 3.419845943898643, 3.8636956932450053, 3.3808211517322238, 2.132928266491867, 1.0871900891748416, 2.177472509585368, 2.4746401051466047, 3.7495789883665607, 2.4746609990057222, 4.876971729464914, 5.978273654659847, 5.556960224799166, 4.951201834908368, 4.274898102879178, 2.4463236601071414, 0.0]]}