{"total energy": -45.30554995, "HOMO-LUMO gap/eV": 12.35861913, "electronic energy": -45.96363033, "dipole": [0.00173816, 0.00473281, 0.00887331], "partial charges": [-0.09976505, -0.05148231, -0.05798429, -0.05759879, -0.05640884, -0.05650281, -0.05648317, -0.0573692, -0.0572679, -0.05739186, -0.05757095, -0.05695321, -0.05127575, -0.09929961, 0.03189542, 0.03185239, 0.03070121, 0.02800175, 0.02802099, 0.02837943, 0.02859787, 0.03245364, 0.02803841, 0.02644187, 0.03005844, 0.02708297, 0.0271215, 0.02645182, 0.02998266, 0.02838108, 0.03274507, 0.0273506, 0.02741884, 0.02795219, 0.02750766, 0.03206392, 0.02850271, 0.0293741, 0.02630319, 0.02843683, 0.02675748, 0.0327737, 0.03328386, 0.02942211], "atomic dipole moments": [[0.06763858, -0.07289105, -0.01171802], [-0.04506449, 0.05507274, -0.08391002], [0.04371216, -0.05351757, 0.0831994], [-0.04748577, 0.05535378, -0.0841803], [0.03890433, -0.0617923, 0.08143254], [0.02902386, 0.08763386, 0.06211057], [-0.03526355, 0.07256464, -0.07373176], [0.03983378, -0.08040892, 0.06711861], [-0.03491805, 0.07762366, -0.06522382], [0.03553996, -0.07753607, 0.06557497], [-0.03813824, 0.07864936, -0.06901206], [0.0399687, -0.08110082, 0.06076092], [-0.08804945, 0.00617373, 0.06723929], [-0.00677622, -0.00658508, -0.10075908], [0.04159519, 0.1092891, -0.04658604], [-0.10860225, -0.02863807, -0.0570424], [-0.02419445, 0.01721875, 0.12089581], [0.10073732, 0.031238, 0.06379344], [-0.04412395, -0.10199662, 0.05380938], [-0.10325269, -0.0290241, -0.06241314], [0.04190788, 0.10428008, -0.05239404], [0.10201946, 0.03091035, 0.06377661], [-0.04246303, -0.10462287, 0.05230583], [-0.10123651, -0.02196914, -0.06319855], [0.04404106, 0.10290051, -0.05411741], [-0.05334435, -0.10329159, 0.03472738], [0.0138208, -0.01637001, -0.11941418], [0.06015019, -0.10241757, -0.02481806], [-0.01154723, -0.00457091, 0.1236968], [0.00897049, 0.00321857, -0.12405224], [-0.05699951, 0.10539942, 0.03266195], [0.05935266, -0.10399542, -0.03193502], [-0.00854881, -0.00345186, 0.1234448], [-0.05924853, 0.10398392, 0.03183212], [0.00843855, 0.00331013, -0.12360514], [-0.01117493, -0.00407576, 0.12373841], [0.05904251, -0.10452545, -0.03227224], [-0.05676092, 0.10486269, 0.03484219], [0.00459764, 0.00791216, -0.12132941], [0.06068177, -0.10072522, -0.03897842], [0.05976657, 0.09269615, -0.04913526], [-0.05881643, 0.10209341, 0.04525835], [-0.04473731, -0.10226661, 0.05865043], [0.11974139, 0.00923837, 0.03236319]], "atomic quadrupole moments": [[0.03716957, -0.17813513, 0.0630366, -0.03018659, 0.03063733, -0.10020617], [-0.05304221, -0.19158841, -0.03252696, -0.08649084, 0.07021662, 0.08556917], [-0.06076782, -0.1904899, -0.0416887, -0.08758315, 0.0710226, 0.10245653], [-0.05648411, -0.19166343, -0.0411766, -0.08370942, 0.06078488, 0.09766071], [-0.07889389, -0.16435127, -0.010927, -0.0842463, 0.08481383, 0.08982089], [0.13884366, -0.12023174, -0.00993539, 0.09777485, 0.04775628, -0.12890826], [0.12578325, 0.14707788, -0.00182405, 0.08517965, -0.06307984, -0.1239592], [0.15158977, 0.12850323, -0.00905807, 0.08340639, -0.09777875, -0.14253171], [0.15089072, 0.13768523, -0.00408624, 0.08158333, -0.0922217, -0.14680448], [0.15125788, 0.13868273, -0.00641875, 0.08143849, -0.09305762, -0.14483913], [0.14700841, 0.13173502, -0.00423133, 0.08839312, -0.09380666, -0.14277708], [0.16195594, 0.12463998, -0.01697494, 0.06137976, -0.08374288, -0.144981], [0.07389477, 0.00105829, -0.2141151, 0.11098966, 0.01347889, 0.14022033], [-0.09674504, 0.00551643, -0.12593487, 0.02362347, 0.02408839, 0.22267991], [-0.01104916, 0.03432506, 0.04136985, -0.02533022, -0.04300702, -0.03032069], [0.03939297, 0.02429534, -0.01956779, 0.05190182, 0.02409285, -0.01982518], [-0.03956313, -0.01542272, -0.03901641, -0.01874696, 0.01029522, 0.07857954], [0.03795102, 0.01961207, -0.02313725, 0.02603377, 0.02064732, -0.01481378], [-0.01596315, 0.02753027, 0.03694901, -0.0208522, -0.01837378, -0.02098586], [0.03501086, 0.02207618, -0.02111817, 0.02727514, 0.01933688, -0.01389269], [-0.01393263, 0.03014548, 0.03397253, -0.01950686, -0.02031326, -0.0200399], [0.0381542, 0.018939, -0.02256057, 0.02601392, 0.01858298, -0.01559363], [-0.01405579, 0.02969435, 0.03471761, -0.01930971, -0.02024934, -0.02066182], [0.04167571, 0.01421976, -0.02637794, 0.02786726, 0.02189901, -0.01529778], [-0.01037779, 0.03758382, 0.03103571, -0.02412226, -0.01113865, -0.02065792], [0.0074716, 0.02465639, 0.02201244, -0.01239366, -0.04163654, -0.02948403], [-0.01440071, -0.01901145, -0.04201309, -0.01576319, -0.00359761, 0.0564138], [0.0065129, -0.03031372, 0.02593073, -0.01377623, 0.0282838, -0.03244363], [-0.02147787, 0.0106025, -0.03056119, -0.01906476, 0.01843462, 0.05203905], [-0.02263136, 0.00561202, -0.03295373, -0.01070885, 0.00967114, 0.05558509], [0.00132647, -0.02919927, 0.02353945, -0.01562302, 0.02836491, -0.02486592], [-0.00309199, -0.02787307, 0.02618271, -0.01586017, 0.0297422, -0.02309073], [-0.02256266, 0.00598284, -0.03269011, -0.01139256, 0.00944614, 0.05525277], [-0.00359508, -0.02804391, 0.02666994, -0.01605984, 0.02988415, -0.02307486], [-0.02208716, 0.00610021, -0.0326793, -0.01113258, 0.00945678, 0.05476646], [-0.02228458, 0.00669448, -0.03253787, -0.00751114, 0.01037711, 0.05482245], [-0.00280436, -0.02874175, 0.02614332, -0.01626455, 0.02991927, -0.02333896], [-0.00343673, -0.02309101, 0.026145, -0.02261379, 0.03419398, -0.02270827], [-0.01979392, 0.01452899, -0.03832727, -0.0025353, 0.00766657, 0.05812119], [-0.02381014, -0.03368234, 0.03878649, 0.0046275, 0.02269576, -0.01497634], [-0.01506999, 0.03957087, 0.0233378, 0.00389571, -0.03086545, -0.00826781], [-0.01714268, -0.0577158, 0.03897396, -0.01423065, 0.02209929, -0.02183127], [-0.02813737, 0.04933581, 0.04338145, -0.01770604, -0.02894603, -0.01524408], [0.07733272, 0.01046728, -0.05511777, 0.02172104, 5.365e-05, -0.02221495]], "number of molecular orbitals": 86, "number of electrons": 86, "number of unpaired electrons": 0, "orbital energies/eV": [-16.93240222, -16.88687405, -16.80982351, -16.70408488, -16.49718052, -16.29301701, -16.01404042, -15.74779768, -15.45466558, -15.23059731, -15.05226201, -15.03570527, -14.87052276, -14.6830497, -14.16042029, -14.06939389, -13.84504638, -13.7288497, -13.60126294, -13.56497642, -13.38304403, -13.21158655, -13.11971196, -13.05686923, -12.83021837, -12.69098405, -12.6217975, -12.47749229, -12.25472233, -12.21939825, -12.11183349, -11.8753924, -11.85530469, -11.79660084, -11.68948348, -11.55127794, -11.48576135, -11.45301827, -11.37832151, -11.35036385, -11.29673935, -11.18129861, -11.08983232, 1.26878681, 1.67439916, 2.42968513, 2.74922479, 2.80207799, 2.87431762, 2.93323813, 3.11174505, 3.17660048, 3.45448674, 3.5279634, 3.72098936, 3.75998922, 3.8001603, 3.99402455, 4.13283506, 4.24091952, 4.38925851, 4.54631516, 4.68519088, 4.77409417, 4.86878525, 5.01898767, 5.10009959, 5.33839511, 5.56767691, 5.84563176, 6.00858845, 6.15596353, 6.47734005, 6.65450591, 6.6786453, 7.08154004, 7.14740071, 7.26656631, 7.41792357, 7.54425858, 7.66177942, 7.89714513, 7.98132197, 8.13630054, 8.51825075, 8.61110545], "fractional occupation": [2.0, 2.0, 2.0, 2.0, 2.0, 2.0, 2.0, 2.0, 2.0, 2.0, 2.0, 2.0, 2.0, 2.0, 2.0, 2.0, 2.0, 2.0, 2.0, 2.0, 2.0, 2.0, 2.0, 2.0, 2.0, 2.0, 2.0, 2.0, 2.0, 2.0, 2.0, 2.0, 2.0, 2.0, 2.0, 2.0, 2.0, 2.0, 2.0, 2.0, 2.0, 2.0, 2.0, 0.0, 0.0, 0.0, 0.0, 0.0, 0.0, 0.0, 0.0, 0.0, 0.0, 0.0, 0.0, 0.0, 0.0, 0.0, 0.0, 0.0, 0.0, 0.0, 0.0, 0.0, 0.0, 0.0, 0.0, 0.0, 0.0, 0.0, 0.0, 0.0, 0.0, 0.0, 0.0, 0.0, 0.0, 0.0, 0.0, 0.0, 0.0, 0.0, 0.0, 0.0, 0.0, 0.0], "program call": "xtb /home/svss/Project-DBcg-Debug/aqme2_20220329/End-to-End-workflows-final/example-3/QDESCP/mol_15_rdkit_conf_10/mol_15_rdkit_conf_10.xyz --pop --wbo --acc 0.2 --gfn 2 --chrg 0 --uhf 0 --etemp 300 --input /home/svss/Project-DBcg-Debug/aqme2_20220329/End-to-End-workflows-final/example-3/QDESCP/mol_15_rdkit_conf_10/mol_15_rdkit_conf_10_xtb.inp", "method": "GFN2-xTB", "xtb version": "6.3.3 (7355c4f)", "Dipole module/D": 0.026, "Total charge": 0, "Transition dipole module/D": NaN, "HOMO": -11.0898, "LUMO": 1.2688, "HOMO occupancy": 2.0, "LUMO occupancy": 0, "mulliken charges": [-0.08347, -0.03848, -0.04651, -0.0468, -0.04674, -0.04583, -0.04673, -0.04662, -0.04521, -0.04525, -0.04648, -0.04683, -0.03875, -0.08488, 0.0265, 0.02649, 0.02783, 0.02183, 0.02184, 0.02226, 0.02243, 0.02328, 0.02244, 0.02359, 0.02285, 0.02379, 0.02377, 0.02359, 0.02288, 0.02262, 0.02349, 0.02224, 0.0224, 0.02242, 0.02222, 0.02311, 0.02251, 0.02276, 0.0231, 0.02221, 0.02295, 0.02681, 0.0267, 0.02768], "cm5 charges": [-0.2338, -0.15102, -0.15726, -0.1577, -0.15747, -0.1563, -0.15747, -0.15754, -0.15605, -0.15606, -0.15731, -0.15734, -0.15114, -0.23533, 0.07779, 0.07778, 0.07862, 0.07654, 0.07654, 0.07759, 0.07778, 0.07949, 0.07794, 0.0785, 0.07855, 0.07849, 0.07847, 0.07851, 0.07857, 0.07812, 0.07969, 0.07759, 0.07777, 0.07777, 0.07756, 0.07908, 0.07797, 0.07796, 0.07801, 0.07681, 0.07716, 0.07822, 0.07844, 0.07845], "FUKUI+": [0.004, -0.01, -0.01, -0.011, -0.004, -0.001, -0.005, -0.011, -0.012, -0.015, -0.013, -0.015, -0.006, 0.013, -0.021, -0.024, -0.04, -0.021, -0.026, -0.031, -0.026, -0.019, -0.03, -0.038, -0.023, -0.045, -0.042, -0.037, -0.027, -0.033, -0.026, -0.036, -0.033, -0.033, -0.036, -0.033, -0.035, -0.031, -0.031, -0.027, -0.042, -0.017, -0.009, -0.029], "FUKUI-": [0.012, 0.003, 0.005, 0.006, 0.006, 0.004, 0.001, -0.0, -0.002, -0.002, -0.006, -0.001, 0.002, 0.013, -0.031, -0.037, -0.037, -0.042, -0.043, -0.043, -0.035, -0.027, -0.033, -0.04, -0.033, -0.046, -0.041, -0.037, -0.031, -0.028, -0.021, -0.025, -0.021, -0.022, -0.028, -0.029, -0.027, -0.027, -0.03, -0.037, -0.075, -0.027, -0.045, -0.042], "FUKUIrad": [0.008, -0.003, -0.002, -0.003, 0.001, 0.001, -0.002, -0.006, -0.007, -0.009, -0.01, -0.008, -0.002, 0.013, -0.026, -0.031, -0.039, -0.032, -0.035, -0.037, -0.03, -0.023, -0.031, -0.039, -0.028, -0.045, -0.042, -0.037, -0.029, -0.031, -0.023, -0.031, -0.027, -0.028, -0.032, -0.031, -0.031, -0.029, -0.03, -0.032, -0.058, -0.022, -0.027, -0.035], "s proportion": [1.007, 1.027, 1.032, 1.032, 1.031, 1.032, 1.031, 1.032, 1.033, 1.033, 1.032, 1.032, 1.027, 1.007, 0.973, 0.974, 0.972, 0.978, 0.978, 0.978, 0.978, 0.977, 0.978, 0.976, 0.977, 0.976, 0.976, 0.976, 0.977, 0.977, 0.977, 0.978, 0.978, 0.978, 0.978, 0.977, 0.977, 0.977, 0.977, 0.978, 0.977, 0.973, 0.973, 0.972], "p proportion": [3.076, 3.011, 3.014, 3.015, 3.015, 3.014, 3.015, 3.015, 3.013, 3.013, 3.015, 3.015, 3.012, 3.078, 0.0, 0.0, 0.0, 0.0, 0.0, 0.0, 0.0, 0.0, 0.0, 0.0, 0.0, 0.0, 0.0, 0.0, 0.0, 0.0, 0.0, 0.0, 0.0, 0.0, 0.0, 0.0, 0.0, 0.0, 0.0, 0.0, 0.0, 0.0, 0.0, 0.0], "d proportion": [0.0, 0.0, 0.0, 0.0, 0.0, 0.0, 0.0, 0.0, 0.0, 0.0, 0.0, 0.0, 0.0, 0.0, 0.0, 0.0, 0.0, 0.0, 0.0, 0.0, 0.0, 0.0, 0.0, 0.0, 0.0, 0.0, 0.0, 0.0, 0.0, 0.0, 0.0, 0.0, 0.0, 0.0, 0.0, 0.0, 0.0, 0.0, 0.0, 0.0, 0.0, 0.0, 0.0, 0.0], "Fermi-level/eV": -4.9105, "Coordination numbers": [3.75, 3.8, 3.802, 3.801, 3.8, 3.799, 3.8, 3.801, 3.802, 3.802, 3.801, 3.801, 3.799, 3.749, 0.924, 0.924, 0.924, 0.924, 0.924, 0.924, 0.924, 0.924, 0.924, 0.924, 0.924, 0.924, 0.924, 0.924, 0.924, 0.924, 0.924, 0.924, 0.924, 0.924, 0.924, 0.924, 0.924, 0.924, 0.924, 0.924, 0.924, 0.924, 0.924, 0.924], "Dispersion coefficient C6": [22.469, 21.499, 21.616, 21.61, 21.589, 21.592, 21.591, 21.606, 21.603, 21.606, 21.61, 21.598, 21.496, 22.461, 2.56, 2.56, 2.577, 2.615, 2.615, 2.61, 2.607, 2.552, 2.615, 2.638, 2.586, 2.628, 2.628, 2.638, 2.587, 2.61, 2.548, 2.625, 2.624, 2.616, 2.622, 2.557, 2.608, 2.596, 2.64, 2.609, 2.633, 2.547, 2.54, 2.595], "Total dispersion C6": 12864.477202, "Total dispersion C8": 268579.569707, "Polarizability alpha": [6.76, 6.602, 6.619, 6.619, 6.616, 6.616, 6.616, 6.618, 6.617, 6.618, 6.619, 6.617, 6.601, 6.759, 2.502, 2.502, 2.51, 2.529, 2.529, 2.526, 2.525, 2.498, 2.529, 2.54, 2.515, 2.535, 2.535, 2.54, 2.515, 2.526, 2.496, 2.534, 2.533, 2.529, 2.532, 2.501, 2.525, 2.519, 2.541, 2.526, 2.538, 2.496, 2.493, 2.519], "Total polarizability alpha": 168.535535, "Wiberg matrix": [[0.0, 1.0200269424442745, 0.0, 0.0, 0.0, 0.0, 0.0, 0.0, 0.0, 0.0, 0.0, 0.0, 0.0, 0.0, 0.9877418267851639, 0.9877467620240976, 0.9874420398004173, 0.0, 0.0, 0.0, 0.0, 0.0, 0.0, 0.0, 0.0, 0.0, 0.0, 0.0, 0.0, 0.0, 0.0, 0.0, 0.0, 0.0, 0.0, 0.0, 0.0, 0.0, 0.0, 0.0, 0.0, 0.0, 0.0, 0.0], [1.0200269424442745, 0.0, 1.0078262790498542, 0.0, 0.0, 0.0, 0.0, 0.0, 0.0, 0.0, 0.0, 0.0, 0.0, 0.0, 0.0, 0.0, 0.0, 0.9781039131542997, 0.9781433406514526, 0.0, 0.0, 0.0, 0.0, 0.0, 0.0, 0.0, 0.0, 0.0, 0.0, 0.0, 0.0, 0.0, 0.0, 0.0, 0.0, 0.0, 0.0, 0.0, 0.0, 0.0, 0.0, 0.0, 0.0, 0.0], [0.0, 1.0078262790498542, 0.0, 1.0067991109987313, 0.0, 0.0, 0.0, 0.0, 0.0, 0.0, 0.0, 0.0, 0.0, 0.0, 0.0, 0.0, 0.0, 0.0, 0.0, 0.9771956043613768, 0.9773711067387718, 0.0, 0.0, 0.0, 0.0, 0.0, 0.0, 0.0, 0.0, 0.0, 0.0, 0.0, 0.0, 0.0, 0.0, 0.0, 0.0, 0.0, 0.0, 0.0, 0.0, 0.0, 0.0, 0.0], [0.0, 0.0, 1.0067991109987313, 0.0, 1.0080688577495367, 0.0, 0.0, 0.0, 0.0, 0.0, 0.0, 0.0, 0.0, 0.0, 0.0, 0.0, 0.0, 0.0, 0.0, 0.0, 0.0, 0.975366237171349, 0.977346423766783, 0.0, 0.0, 0.0, 0.0, 0.0, 0.0, 0.0, 0.0, 0.0, 0.0, 0.0, 0.0, 0.0, 0.0, 0.0, 0.0, 0.0, 0.0, 0.0, 0.0, 0.0], [0.0, 0.0, 0.0, 1.0080688577495367, 0.0, 1.006701540231671, 0.0, 0.0, 0.0, 0.0, 0.0, 0.0, 0.0, 0.0, 0.0, 0.0, 0.0, 0.0, 0.0, 0.0, 0.0, 0.0, 0.0, 0.9766695777824025, 0.9758063856102642, 0.0, 0.0, 0.0, 0.0, 0.0, 0.0, 0.0, 0.0, 0.0, 0.0, 0.0, 0.0, 0.0, 0.0, 0.0, 0.0, 0.0, 0.0, 0.0], [0.0, 0.0, 0.0, 0.0, 1.006701540231671, 0.0, 1.006681631359917, 0.0, 0.0, 0.0, 0.0, 0.0, 0.0, 0.0, 0.0, 0.0, 0.0, 0.0, 0.0, 0.0, 0.0, 0.0, 0.0, 0.0, 0.0, 0.9774207108629012, 0.9774211919485196, 0.0, 0.0, 0.0, 0.0, 0.0, 0.0, 0.0, 0.0, 0.0, 0.0, 0.0, 0.0, 0.0, 0.0, 0.0, 0.0, 0.0], [0.0, 0.0, 0.0, 0.0, 0.0, 1.006681631359917, 0.0, 1.0079769989180256, 0.0, 0.0, 0.0, 0.0, 0.0, 0.0, 0.0, 0.0, 0.0, 0.0, 0.0, 0.0, 0.0, 0.0, 0.0, 0.0, 0.0, 0.0, 0.0, 0.9766633587121201, 0.9758015523978545, 0.0, 0.0, 0.0, 0.0, 0.0, 0.0, 0.0, 0.0, 0.0, 0.0, 0.0, 0.0, 0.0, 0.0, 0.0], [0.0, 0.0, 0.0, 0.0, 0.0, 0.0, 1.0079769989180256, 0.0, 1.0065405941084018, 0.0, 0.0, 0.0, 0.0, 0.0, 0.0, 0.0, 0.0, 0.0, 0.0, 0.0, 0.0, 0.0, 0.0, 0.0, 0.0, 0.0, 0.0, 0.0, 0.0, 0.9773161015441532, 0.9753262141394434, 0.0, 0.0, 0.0, 0.0, 0.0, 0.0, 0.0, 0.0, 0.0, 0.0, 0.0, 0.0, 0.0], [0.0, 0.0, 0.0, 0.0, 0.0, 0.0, 0.0, 1.0065405941084018, 0.0, 1.0069803939007076, 0.0, 0.0, 0.0, 0.0, 0.0, 0.0, 0.0, 0.0, 0.0, 0.0, 0.0, 0.0, 0.0, 0.0, 0.0, 0.0, 0.0, 0.0, 0.0, 0.0, 0.0, 0.9773087770820558, 0.9774629562542525, 0.0, 0.0, 0.0, 0.0, 0.0, 0.0, 0.0, 0.0, 0.0, 0.0, 0.0], [0.0, 0.0, 0.0, 0.0, 0.0, 0.0, 0.0, 0.0, 1.0069803939007076, 0.0, 1.006614250964073, 0.0, 0.0, 0.0, 0.0, 0.0, 0.0, 0.0, 0.0, 0.0, 0.0, 0.0, 0.0, 0.0, 0.0, 0.0, 0.0, 0.0, 0.0, 0.0, 0.0, 0.0, 0.0, 0.977448642440506, 0.9773166198040362, 0.0, 0.0, 0.0, 0.0, 0.0, 0.0, 0.0, 0.0, 0.0], [0.0, 0.0, 0.0, 0.0, 0.0, 0.0, 0.0, 0.0, 0.0, 1.006614250964073, 0.0, 1.0078852654006374, 0.0, 0.0, 0.0, 0.0, 0.0, 0.0, 0.0, 0.0, 0.0, 0.0, 0.0, 0.0, 0.0, 0.0, 0.0, 0.0, 0.0, 0.0, 0.0, 0.0, 0.0, 0.0, 0.0, 0.975668420866673, 0.9772944174225366, 0.0, 0.0, 0.0, 0.0, 0.0, 0.0, 0.0], [0.0, 0.0, 0.0, 0.0, 0.0, 0.0, 0.0, 0.0, 0.0, 0.0, 1.0078852654006374, 0.0, 1.0068535298337673, 0.0, 0.0, 0.0, 0.0, 0.0, 0.0, 0.0, 0.0, 0.0, 0.0, 0.0, 0.0, 0.0, 0.0, 0.0, 0.0, 0.0, 0.0, 0.0, 0.0, 0.0, 0.0, 0.0, 0.0, 0.9772239018132133, 0.9772519071239248, 0.0, 0.0, 0.0, 0.0, 0.0], [0.0, 0.0, 0.0, 0.0, 0.0, 0.0, 0.0, 0.0, 0.0, 0.0, 0.0, 1.0068535298337673, 0.0, 1.0209809845417643, 0.0, 0.0, 0.0, 0.0, 0.0, 0.0, 0.0, 0.0, 0.0, 0.0, 0.0, 0.0, 0.0, 0.0, 0.0, 0.0, 0.0, 0.0, 0.0, 0.0, 0.0, 0.0, 0.0, 0.0, 0.0, 0.9778898476469998, 0.9781837492308841, 0.0, 0.0, 0.0], [0.0, 0.0, 0.0, 0.0, 0.0, 0.0, 0.0, 0.0, 0.0, 0.0, 0.0, 0.0, 1.0209809845417643, 0.0, 0.0, 0.0, 0.0, 0.0, 0.0, 0.0, 0.0, 0.0, 0.0, 0.0, 0.0, 0.0, 0.0, 0.0, 0.0, 0.0, 0.0, 0.0, 0.0, 0.0, 0.0, 0.0, 0.0, 0.0, 0.0, 0.0, 0.0, 0.9874288385485027, 0.9861324560212148, 0.9873911851292265], [0.9877418267851639, 0.0, 0.0, 0.0, 0.0, 0.0, 0.0, 0.0, 0.0, 0.0, 0.0, 0.0, 0.0, 0.0, 0.0, 0.0, 0.0, 0.0, 0.0, 0.0, 0.0, 0.0, 0.0, 0.0, 0.0, 0.0, 0.0, 0.0, 0.0, 0.0, 0.0, 0.0, 0.0, 0.0, 0.0, 0.0, 0.0, 0.0, 0.0, 0.0, 0.0, 0.0, 0.0, 0.0], [0.9877467620240976, 0.0, 0.0, 0.0, 0.0, 0.0, 0.0, 0.0, 0.0, 0.0, 0.0, 0.0, 0.0, 0.0, 0.0, 0.0, 0.0, 0.0, 0.0, 0.0, 0.0, 0.0, 0.0, 0.0, 0.0, 0.0, 0.0, 0.0, 0.0, 0.0, 0.0, 0.0, 0.0, 0.0, 0.0, 0.0, 0.0, 0.0, 0.0, 0.0, 0.0, 0.0, 0.0, 0.0], [0.9874420398004173, 0.0, 0.0, 0.0, 0.0, 0.0, 0.0, 0.0, 0.0, 0.0, 0.0, 0.0, 0.0, 0.0, 0.0, 0.0, 0.0, 0.0, 0.0, 0.0, 0.0, 0.0, 0.0, 0.0, 0.0, 0.0, 0.0, 0.0, 0.0, 0.0, 0.0, 0.0, 0.0, 0.0, 0.0, 0.0, 0.0, 0.0, 0.0, 0.0, 0.0, 0.0, 0.0, 0.0], [0.0, 0.9781039131542997, 0.0, 0.0, 0.0, 0.0, 0.0, 0.0, 0.0, 0.0, 0.0, 0.0, 0.0, 0.0, 0.0, 0.0, 0.0, 0.0, 0.0, 0.0, 0.0, 0.0, 0.0, 0.0, 0.0, 0.0, 0.0, 0.0, 0.0, 0.0, 0.0, 0.0, 0.0, 0.0, 0.0, 0.0, 0.0, 0.0, 0.0, 0.0, 0.0, 0.0, 0.0, 0.0], [0.0, 0.9781433406514526, 0.0, 0.0, 0.0, 0.0, 0.0, 0.0, 0.0, 0.0, 0.0, 0.0, 0.0, 0.0, 0.0, 0.0, 0.0, 0.0, 0.0, 0.0, 0.0, 0.0, 0.0, 0.0, 0.0, 0.0, 0.0, 0.0, 0.0, 0.0, 0.0, 0.0, 0.0, 0.0, 0.0, 0.0, 0.0, 0.0, 0.0, 0.0, 0.0, 0.0, 0.0, 0.0], [0.0, 0.0, 0.9771956043613768, 0.0, 0.0, 0.0, 0.0, 0.0, 0.0, 0.0, 0.0, 0.0, 0.0, 0.0, 0.0, 0.0, 0.0, 0.0, 0.0, 0.0, 0.0, 0.0, 0.0, 0.0, 0.0, 0.0, 0.0, 0.0, 0.0, 0.0, 0.0, 0.0, 0.0, 0.0, 0.0, 0.0, 0.0, 0.0, 0.0, 0.0, 0.0, 0.0, 0.0, 0.0], [0.0, 0.0, 0.9773711067387718, 0.0, 0.0, 0.0, 0.0, 0.0, 0.0, 0.0, 0.0, 0.0, 0.0, 0.0, 0.0, 0.0, 0.0, 0.0, 0.0, 0.0, 0.0, 0.0, 0.0, 0.0, 0.0, 0.0, 0.0, 0.0, 0.0, 0.0, 0.0, 0.0, 0.0, 0.0, 0.0, 0.0, 0.0, 0.0, 0.0, 0.0, 0.0, 0.0, 0.0, 0.0], [0.0, 0.0, 0.0, 0.975366237171349, 0.0, 0.0, 0.0, 0.0, 0.0, 0.0, 0.0, 0.0, 0.0, 0.0, 0.0, 0.0, 0.0, 0.0, 0.0, 0.0, 0.0, 0.0, 0.0, 0.0, 0.0, 0.0, 0.0, 0.0, 0.0, 0.0, 0.0, 0.0, 0.0, 0.0, 0.0, 0.0, 0.0, 0.0, 0.0, 0.0, 0.0, 0.0, 0.0, 0.0], [0.0, 0.0, 0.0, 0.977346423766783, 0.0, 0.0, 0.0, 0.0, 0.0, 0.0, 0.0, 0.0, 0.0, 0.0, 0.0, 0.0, 0.0, 0.0, 0.0, 0.0, 0.0, 0.0, 0.0, 0.0, 0.0, 0.0, 0.0, 0.0, 0.0, 0.0, 0.0, 0.0, 0.0, 0.0, 0.0, 0.0, 0.0, 0.0, 0.0, 0.0, 0.0, 0.0, 0.0, 0.0], [0.0, 0.0, 0.0, 0.0, 0.9766695777824025, 0.0, 0.0, 0.0, 0.0, 0.0, 0.0, 0.0, 0.0, 0.0, 0.0, 0.0, 0.0, 0.0, 0.0, 0.0, 0.0, 0.0, 0.0, 0.0, 0.0, 0.0, 0.0, 0.0, 0.0, 0.0, 0.0, 0.0, 0.0, 0.0, 0.0, 0.0, 0.0, 0.0, 0.0, 0.0, 0.0, 0.0, 0.0, 0.0], [0.0, 0.0, 0.0, 0.0, 0.9758063856102642, 0.0, 0.0, 0.0, 0.0, 0.0, 0.0, 0.0, 0.0, 0.0, 0.0, 0.0, 0.0, 0.0, 0.0, 0.0, 0.0, 0.0, 0.0, 0.0, 0.0, 0.0, 0.0, 0.0, 0.0, 0.0, 0.0, 0.0, 0.0, 0.0, 0.0, 0.0, 0.0, 0.0, 0.0, 0.0, 0.0, 0.0, 0.0, 0.0], [0.0, 0.0, 0.0, 0.0, 0.0, 0.9774207108629012, 0.0, 0.0, 0.0, 0.0, 0.0, 0.0, 0.0, 0.0, 0.0, 0.0, 0.0, 0.0, 0.0, 0.0, 0.0, 0.0, 0.0, 0.0, 0.0, 0.0, 0.0, 0.0, 0.0, 0.0, 0.0, 0.0, 0.0, 0.0, 0.0, 0.0, 0.0, 0.0, 0.0, 0.0, 0.0, 0.0, 0.0, 0.0], [0.0, 0.0, 0.0, 0.0, 0.0, 0.9774211919485196, 0.0, 0.0, 0.0, 0.0, 0.0, 0.0, 0.0, 0.0, 0.0, 0.0, 0.0, 0.0, 0.0, 0.0, 0.0, 0.0, 0.0, 0.0, 0.0, 0.0, 0.0, 0.0, 0.0, 0.0, 0.0, 0.0, 0.0, 0.0, 0.0, 0.0, 0.0, 0.0, 0.0, 0.0, 0.0, 0.0, 0.0, 0.0], [0.0, 0.0, 0.0, 0.0, 0.0, 0.0, 0.9766633587121201, 0.0, 0.0, 0.0, 0.0, 0.0, 0.0, 0.0, 0.0, 0.0, 0.0, 0.0, 0.0, 0.0, 0.0, 0.0, 0.0, 0.0, 0.0, 0.0, 0.0, 0.0, 0.0, 0.0, 0.0, 0.0, 0.0, 0.0, 0.0, 0.0, 0.0, 0.0, 0.0, 0.0, 0.0, 0.0, 0.0, 0.0], [0.0, 0.0, 0.0, 0.0, 0.0, 0.0, 0.9758015523978545, 0.0, 0.0, 0.0, 0.0, 0.0, 0.0, 0.0, 0.0, 0.0, 0.0, 0.0, 0.0, 0.0, 0.0, 0.0, 0.0, 0.0, 0.0, 0.0, 0.0, 0.0, 0.0, 0.0, 0.0, 0.0, 0.0, 0.0, 0.0, 0.0, 0.0, 0.0, 0.0, 0.0, 0.0, 0.0, 0.0, 0.0], [0.0, 0.0, 0.0, 0.0, 0.0, 0.0, 0.0, 0.9773161015441532, 0.0, 0.0, 0.0, 0.0, 0.0, 0.0, 0.0, 0.0, 0.0, 0.0, 0.0, 0.0, 0.0, 0.0, 0.0, 0.0, 0.0, 0.0, 0.0, 0.0, 0.0, 0.0, 0.0, 0.0, 0.0, 0.0, 0.0, 0.0, 0.0, 0.0, 0.0, 0.0, 0.0, 0.0, 0.0, 0.0], [0.0, 0.0, 0.0, 0.0, 0.0, 0.0, 0.0, 0.9753262141394434, 0.0, 0.0, 0.0, 0.0, 0.0, 0.0, 0.0, 0.0, 0.0, 0.0, 0.0, 0.0, 0.0, 0.0, 0.0, 0.0, 0.0, 0.0, 0.0, 0.0, 0.0, 0.0, 0.0, 0.0, 0.0, 0.0, 0.0, 0.0, 0.0, 0.0, 0.0, 0.0, 0.0, 0.0, 0.0, 0.0], [0.0, 0.0, 0.0, 0.0, 0.0, 0.0, 0.0, 0.0, 0.9773087770820558, 0.0, 0.0, 0.0, 0.0, 0.0, 0.0, 0.0, 0.0, 0.0, 0.0, 0.0, 0.0, 0.0, 0.0, 0.0, 0.0, 0.0, 0.0, 0.0, 0.0, 0.0, 0.0, 0.0, 0.0, 0.0, 0.0, 0.0, 0.0, 0.0, 0.0, 0.0, 0.0, 0.0, 0.0, 0.0], [0.0, 0.0, 0.0, 0.0, 0.0, 0.0, 0.0, 0.0, 0.9774629562542525, 0.0, 0.0, 0.0, 0.0, 0.0, 0.0, 0.0, 0.0, 0.0, 0.0, 0.0, 0.0, 0.0, 0.0, 0.0, 0.0, 0.0, 0.0, 0.0, 0.0, 0.0, 0.0, 0.0, 0.0, 0.0, 0.0, 0.0, 0.0, 0.0, 0.0, 0.0, 0.0, 0.0, 0.0, 0.0], [0.0, 0.0, 0.0, 0.0, 0.0, 0.0, 0.0, 0.0, 0.0, 0.977448642440506, 0.0, 0.0, 0.0, 0.0, 0.0, 0.0, 0.0, 0.0, 0.0, 0.0, 0.0, 0.0, 0.0, 0.0, 0.0, 0.0, 0.0, 0.0, 0.0, 0.0, 0.0, 0.0, 0.0, 0.0, 0.0, 0.0, 0.0, 0.0, 0.0, 0.0, 0.0, 0.0, 0.0, 0.0], [0.0, 0.0, 0.0, 0.0, 0.0, 0.0, 0.0, 0.0, 0.0, 0.9773166198040362, 0.0, 0.0, 0.0, 0.0, 0.0, 0.0, 0.0, 0.0, 0.0, 0.0, 0.0, 0.0, 0.0, 0.0, 0.0, 0.0, 0.0, 0.0, 0.0, 0.0, 0.0, 0.0, 0.0, 0.0, 0.0, 0.0, 0.0, 0.0, 0.0, 0.0, 0.0, 0.0, 0.0, 0.0], [0.0, 0.0, 0.0, 0.0, 0.0, 0.0, 0.0, 0.0, 0.0, 0.0, 0.975668420866673, 0.0, 0.0, 0.0, 0.0, 0.0, 0.0, 0.0, 0.0, 0.0, 0.0, 0.0, 0.0, 0.0, 0.0, 0.0, 0.0, 0.0, 0.0, 0.0, 0.0, 0.0, 0.0, 0.0, 0.0, 0.0, 0.0, 0.0, 0.0, 0.0, 0.0, 0.0, 0.0, 0.0], [0.0, 0.0, 0.0, 0.0, 0.0, 0.0, 0.0, 0.0, 0.0, 0.0, 0.9772944174225366, 0.0, 0.0, 0.0, 0.0, 0.0, 0.0, 0.0, 0.0, 0.0, 0.0, 0.0, 0.0, 0.0, 0.0, 0.0, 0.0, 0.0, 0.0, 0.0, 0.0, 0.0, 0.0, 0.0, 0.0, 0.0, 0.0, 0.0, 0.0, 0.0, 0.0, 0.0, 0.0, 0.0], [0.0, 0.0, 0.0, 0.0, 0.0, 0.0, 0.0, 0.0, 0.0, 0.0, 0.0, 0.9772239018132133, 0.0, 0.0, 0.0, 0.0, 0.0, 0.0, 0.0, 0.0, 0.0, 0.0, 0.0, 0.0, 0.0, 0.0, 0.0, 0.0, 0.0, 0.0, 0.0, 0.0, 0.0, 0.0, 0.0, 0.0, 0.0, 0.0, 0.0, 0.0, 0.0, 0.0, 0.0, 0.0], [0.0, 0.0, 0.0, 0.0, 0.0, 0.0, 0.0, 0.0, 0.0, 0.0, 0.0, 0.9772519071239248, 0.0, 0.0, 0.0, 0.0, 0.0, 0.0, 0.0, 0.0, 0.0, 0.0, 0.0, 0.0, 0.0, 0.0, 0.0, 0.0, 0.0, 0.0, 0.0, 0.0, 0.0, 0.0, 0.0, 0.0, 0.0, 0.0, 0.0, 0.0, 0.0, 0.0, 0.0, 0.0], [0.0, 0.0, 0.0, 0.0, 0.0, 0.0, 0.0, 0.0, 0.0, 0.0, 0.0, 0.0, 0.9778898476469998, 0.0, 0.0, 0.0, 0.0, 0.0, 0.0, 0.0, 0.0, 0.0, 0.0, 0.0, 0.0, 0.0, 0.0, 0.0, 0.0, 0.0, 0.0, 0.0, 0.0, 0.0, 0.0, 0.0, 0.0, 0.0, 0.0, 0.0, 0.0, 0.0, 0.0, 0.0], [0.0, 0.0, 0.0, 0.0, 0.0, 0.0, 0.0, 0.0, 0.0, 0.0, 0.0, 0.0, 0.9781837492308841, 0.0, 0.0, 0.0, 0.0, 0.0, 0.0, 0.0, 0.0, 0.0, 0.0, 0.0, 0.0, 0.0, 0.0, 0.0, 0.0, 0.0, 0.0, 0.0, 0.0, 0.0, 0.0, 0.0, 0.0, 0.0, 0.0, 0.0, 0.0, 0.0, 0.0, 0.0], [0.0, 0.0, 0.0, 0.0, 0.0, 0.0, 0.0, 0.0, 0.0, 0.0, 0.0, 0.0, 0.0, 0.9874288385485027, 0.0, 0.0, 0.0, 0.0, 0.0, 0.0, 0.0, 0.0, 0.0, 0.0, 0.0, 0.0, 0.0, 0.0, 0.0, 0.0, 0.0, 0.0, 0.0, 0.0, 0.0, 0.0, 0.0, 0.0, 0.0, 0.0, 0.0, 0.0, 0.0, 0.0], [0.0, 0.0, 0.0, 0.0, 0.0, 0.0, 0.0, 0.0, 0.0, 0.0, 0.0, 0.0, 0.0, 0.9861324560212148, 0.0, 0.0, 0.0, 0.0, 0.0, 0.0, 0.0, 0.0, 0.0, 0.0, 0.0, 0.0, 0.0, 0.0, 0.0, 0.0, 0.0, 0.0, 0.0, 0.0, 0.0, 0.0, 0.0, 0.0, 0.0, 0.0, 0.0, 0.0, 0.0, 0.0], [0.0, 0.0, 0.0, 0.0, 0.0, 0.0, 0.0, 0.0, 0.0, 0.0, 0.0, 0.0, 0.0, 0.9873911851292265, 0.0, 0.0, 0.0, 0.0, 0.0, 0.0, 0.0, 0.0, 0.0, 0.0, 0.0, 0.0, 0.0, 0.0, 0.0, 0.0, 0.0, 0.0, 0.0, 0.0, 0.0, 0.0, 0.0, 0.0, 0.0, 0.0, 0.0, 0.0, 0.0, 0.0]], "Born radii": [], "Atomic SASAs": [], "Solvent H bonds": [], "Total SASA": NaN, "Total FOD": 0.0, "FOD": [0.0, 0.0, 0.0, 0.0, 0.0, 0.0, 0.0, 0.0, 0.0, 0.0, 0.0, 0.0, 0.0, 0.0, 0.0, 0.0, 0.0, 0.0, 0.0, 0.0, 0.0, 0.0, 0.0, 0.0, 0.0, 0.0, 0.0, 0.0, 0.0, 0.0, 0.0, 0.0, 0.0, 0.0, 0.0, 0.0, 0.0, 0.0, 0.0, 0.0, 0.0, 0.0, 0.0, 0.0], "FOD s proportion": [0.0, 0.0, 0.0, 0.0, 0.0, 0.0, 0.0, 0.0, 0.0, 0.0, 0.0, 0.0, 0.0, 0.0, 0.0, 0.0, 0.0, 0.0, 0.0, 0.0, 0.0, 0.0, 0.0, 0.0, 0.0, 0.0, 0.0, 0.0, 0.0, 0.0, 0.0, 0.0, 0.0, 0.0, 0.0, 0.0, 0.0, 0.0, 0.0, 0.0, 0.0, 0.0, 0.0, 0.0], "FOD p proportion": [0.0, 0.0, 0.0, 0.0, 0.0, 0.0, 0.0, 0.0, 0.0, 0.0, 0.0, 0.0, 0.0, 0.0, 0.0, 0.0, 0.0, 0.0, 0.0, 0.0, 0.0, 0.0, 0.0, 0.0, 0.0, 0.0, 0.0, 0.0, 0.0, 0.0, 0.0, 0.0, 0.0, 0.0, 0.0, 0.0, 0.0, 0.0, 0.0, 0.0, 0.0, 0.0, 0.0, 0.0], "FOD d proportion": [0.0, 0.0, 0.0, 0.0, 0.0, 0.0, 0.0, 0.0, 0.0, 0.0, 0.0, 0.0, 0.0, 0.0, 0.0, 0.0, 0.0, 0.0, 0.0, 0.0, 0.0, 0.0, 0.0, 0.0, 0.0, 0.0, 0.0, 0.0, 0.0, 0.0, 0.0, 0.0, 0.0, 0.0, 0.0, 0.0, 0.0, 0.0, 0.0, 0.0, 0.0, 0.0, 0.0, 0.0], "coordinates": [["-5.77000", "1.61890", "2.09220"], ["-4.74120", "0.51130", "1.92960"], ["-4.41210", "0.26430", "0.45760"], ["-3.37660", "-0.85120", "0.29840"], ["-3.04500", "-1.09280", "-1.17550"], ["-2.09940", "-2.27630", "-1.40230"], ["-0.73040", "-2.17820", "-0.72220"], ["0.08340", "-0.96000", "-1.16300"], ["1.48240", "-0.97460", "-0.54290"], ["2.29630", "0.24550", "-0.97760"], ["3.69550", "0.23090", "-0.35780"], ["4.50600", "1.45430", "-0.79150"], ["5.94960", "1.43620", "-0.28440"], ["6.06320", "1.53780", "1.22880"], ["-5.40060", "2.56160", "1.67600"], ["-6.70590", "1.36250", "1.58550"], ["-5.99040", "1.77880", "3.15220"], ["-3.83000", "0.78430", "2.47440"], ["-5.12790", "-0.40820", "2.38420"], ["-5.32790", "-0.00390", "-0.08320"], ["-4.02910", "1.18780", "0.00660"], ["-2.46890", "-0.57660", "0.84740"], ["-3.76120", "-1.77590", "0.74520"], ["-3.97450", "-1.29350", "-1.72340"], ["-2.62110", "-0.18300", "-1.61570"], ["-2.59180", "-3.19390", "-1.05670"], ["-1.94990", "-2.39680", "-2.48260"], ["-0.16840", "-3.08990", "-0.96150"], ["-0.85130", "-2.17080", "0.36710"], ["0.16630", "-0.94910", "-2.25640"], ["-0.42930", "-0.03830", "-0.86560"], ["2.00710", "-1.89060", "-0.84050"], ["1.39880", "-0.99020", "0.55060"], ["1.77250", "1.16190", "-0.67950"], ["2.37850", "0.26090", "-2.07120"], ["3.60350", "0.20910", "0.73380"], ["4.22050", "-0.68360", "-0.65890"], ["4.00750", "2.36920", "-0.44870"], ["4.52900", "1.49900", "-1.88750"], ["6.45460", "0.52590", "-0.62790"], ["6.48470", "2.28280", "-0.73090"], ["5.53880", "2.42230", "1.60400"], ["5.64960", "0.65380", "1.72280"], ["7.11510", "1.61830", "1.52150"]], "bond_dist": [[0.0, 1.5204098000210335, 2.5200695883248936, 3.879107630628467, 5.045473731970071, 6.391980729789475, 6.909152186050036, 7.177001031768073, 8.140472960461203, 8.739284598295217, 9.875461217077406, 10.674221041837198, 11.959541421392377, 11.86493400782322, 1.0946972595197266, 1.094712135677686, 1.0944149898461737, 2.146213875642406, 2.1463202976256825, 2.749781338579488, 2.7506921638016855, 4.155359009760769, 4.168255448026188, 5.124909498713123, 5.187575274634576, 6.571116365580509, 7.186640768815427, 7.929426441426895, 6.444486464412816, 7.793882450358101, 6.325975748451776, 9.022228325086878, 7.783034550225252, 8.048631942137744, 9.250735960452012, 9.57576570567597, 10.615090565322559, 10.13008534761677, 11.041820008494977, 12.571174892188875, 12.5931858125734, 11.347808080858611, 11.466260878333442, 12.897732392168788], [1.5204098000210335, 0.0, 1.5284305054532248, 2.52573808024506, 3.8848265418162495, 5.08442510122826, 5.509262212855728, 5.916558426146064, 6.859617483504456, 7.618980754011654, 8.745783544657392, 9.685264170377595, 10.9567531983704, 10.875655485992558, 2.1686058678330644, 2.1686383608153754, 2.159121962743189, 1.0961849661439442, 1.0962108829965154, 2.15893764847436, 2.1593211109049992, 2.7419027225632933, 2.7558097176692007, 4.146027126056944, 4.188797988683627, 5.221725298213226, 5.976278954332705, 6.4990461215473765, 4.976584036264232, 6.613540686349483, 5.167947833521541, 7.679982455058084, 6.469601475361523, 7.046912150722471, 8.170632098558839, 8.435358947312201, 9.404264200350818, 9.25461263316839, 10.073847911299831, 11.48420467642405, 11.672073650812866, 10.461182359561468, 10.393834572957182, 11.914858131761369], [2.5200695883248936, 1.5284305054532248, 0.0, 1.5303415109053273, 2.525410546822041, 3.9067195522586466, 4.573035007519623, 4.933028998495752, 6.105817202471754, 6.8602319960771, 8.148568615407248, 9.083438689174931, 10.454125525360789, 10.580570012055118, 2.78194502102396, 2.782035242407975, 3.4706786512150622, 2.1625731548319926, 2.1625016647392434, 1.0968525516221401, 1.0967872400789498, 2.152924311256668, 2.160740754926421, 2.715694312694269, 2.776027950147476, 4.191150655846196, 4.667832268837431, 5.59227074988327, 4.314765219568731, 5.458926828599189, 4.207745339252364, 6.894547574714385, 5.945500656799224, 6.352004355319666, 7.246177568897963, 8.02054716587341, 8.755961935732705, 8.72591816716155, 9.325623159339004, 10.92391476074397, 11.14572226192632, 10.24654125888341, 10.148411116031907, 11.655107852353835], [3.879107630628467, 2.52573808024506, 1.5303415109053273, 0.0, 1.5299380150842714, 2.5601817005829877, 3.131282133567654, 3.7575427342879286, 4.93283835636239, 5.9171548315047495, 7.184437156799411, 8.284841279107283, 9.620283833650648, 9.781757981058416, 4.200185900647732, 4.200158638670687, 4.678998277409386, 2.759602835554421, 2.759322802790569, 2.161274517501189, 2.1606537182065986, 1.0957761860891118, 1.0966391794934196, 2.1542490431702643, 2.1635735023335814, 2.8178804694308806, 3.48687729207668, 4.109948045900337, 2.850123495569972, 4.369064872487018, 3.2714338905134546, 5.600149217654828, 4.7840747276772335, 5.614453742796354, 6.322416197942049, 7.073585035892338, 7.659010475250703, 8.090368803707284, 8.532298061483786, 9.97030237956703, 10.39839661582496, 9.586696551471732, 9.261005712124359, 10.847588337967107], [5.045473731970071, 3.8848265418162495, 2.525410546822041, 1.5299380150842714, 0.0, 1.5317538477183597, 2.5963334165703755, 3.1312423492920507, 4.572909878840824, 5.509963429098238, 6.9177420615400225, 7.978268948211761, 9.385772710331313, 9.7805941583321, 5.199475259100672, 5.2013275132412105, 5.970800198465864, 4.178695899440399, 4.180743194696369, 2.755078022488655, 2.7508088955796253, 2.1657511537570513, 2.1607074165652325, 1.0974721636560993, 1.0959942016269975, 2.1527017652243425, 2.1466649528978667, 3.508423003287944, 2.890331892707133, 3.391377624211141, 2.837233643886241, 5.125663298540004, 4.768365171628531, 5.342096436793331, 5.6611954947696335, 7.038673337355556, 7.295327987828923, 7.889958079102829, 8.036780900335657, 9.652070016840948, 10.119660399934377, 9.683138473656152, 9.329888724416815, 10.855943267169371], [6.391980729789475, 5.08442510122826, 3.9067195522586466, 2.5601817005829877, 1.5317538477183597, 0.0, 1.5317704201348195, 2.5601808568927313, 3.906697133129212, 5.08547183848264, 6.399835786955787, 7.610634806637355, 8.93413441022688, 9.386058000033882, 6.616579837045721, 6.586930736693684, 7.233753331431754, 5.2336461105046075, 5.1960746828736015, 4.162575983690868, 4.208174201479782, 2.84370540492506, 2.7611113070646027, 2.1412615580540364, 2.167859621839016, 1.0972177905958327, 1.0972322406856263, 2.1412637857116064, 2.167869973038051, 2.761221313114905, 2.843576076000078, 4.162658523107559, 4.207763641175679, 5.22831413459444, 5.190028849630799, 6.5774770831983895, 6.559761646584425, 7.732027600830199, 7.643559098352023, 9.034541283319259, 9.742840631971765, 9.458159487447862, 8.85430612865853, 10.4222610718596], [6.909152186050036, 5.509262212855728, 4.573035007519623, 3.131282133567654, 2.5963334165703755, 1.5317704201348195, 0.0, 1.5298974867617765, 2.5253287488958738, 3.8859315150939033, 5.052241183870778, 6.37336204055599, 7.607756318389805, 7.9854904645863805, 7.0730357923596, 7.319059777731017, 7.637828510774511, 5.3481004076213825, 5.667506260252387, 5.125710461975003, 4.768912573113497, 2.837454663955003, 3.391291301259743, 3.5084583993543372, 2.8903134397500905, 2.1467060115441985, 2.1526668042221493, 1.0974084836559268, 1.0960137134178567, 2.1606775187426743, 2.165732388823698, 2.755107057811003, 2.750428417537893, 4.174038776772443, 4.175436386774441, 5.157695851831512, 5.171967407089879, 6.57277303883224, 6.522347145775054, 7.677582581776637, 8.48282174161405, 8.116567952650923, 7.396123917296141, 8.999970677174455], [7.177001031768073, 5.916558426146064, 4.933028998495752, 3.7575427342879286, 3.1312423492920507, 2.5601808568927313, 1.5298974867617765, 0.0, 1.5303392336341637, 2.5267627154127474, 3.887654339058451, 5.052350690520206, 6.3973443584037275, 6.90780139552376, 7.108856698513482, 7.683934733585391, 7.938074257652167, 5.620316789114294, 6.328092822486092, 5.600202044569463, 4.784732516034726, 3.271534656701653, 4.368966606647389, 4.109966279667025, 2.850085356616535, 3.4868759570710286, 2.8178089520050857, 2.154177221121791, 2.16354032548506, 1.0965923490522813, 1.0958279700755955, 2.161167346597667, 2.160466190432056, 2.754866724544039, 2.753708056421377, 4.166023170842908, 4.176854100875443, 5.195417013099141, 5.131758042815346, 6.564024699831652, 7.188817979334294, 6.98982342051643, 6.4741620708783625, 7.956065361094013], [8.140472960461203, 6.859617483504456, 6.105817202471754, 4.93283835636239, 4.572909878840824, 3.906697133129212, 2.5253287488958738, 1.5303392336341637, 0.0, 1.5297193566141472, 2.526915881069253, 3.8863239867514907, 5.08278021657439, 5.516774718075771, 8.050087990202343, 8.777264941882523, 8.779391517069962, 6.357627093499587, 7.251537041207196, 6.894473777598983, 5.9459697493344175, 4.207625194810013, 5.458628422964875, 5.5922298835080095, 4.31465440678625, 4.667803398816193, 4.19115404393587, 2.715669473628924, 2.7758152189942327, 2.1607525795426, 2.152995557357237, 1.0967824989486292, 1.096801973922367, 2.160428156639327, 2.1598973007992766, 2.744116212918105, 2.7559623745617428, 4.191181467080614, 4.1483029879699, 5.194371770483896, 5.972353309207351, 5.7098590332861985, 5.015041265034617, 6.535456147814014], [8.739284598295217, 7.618980754011654, 6.8602319960771, 5.9171548315047495, 5.509963429098238, 5.08547183848264, 3.8859315150939033, 2.5267627154127474, 1.5297193566141472, 0.0, 1.5304005488760124, 2.52558997859906, 3.9044709782504468, 4.552776719761249, 8.46452489983933, 9.42638718969256, 9.384863015515997, 7.052528704656225, 8.176048469156724, 7.6805323617572245, 6.470491796610209, 5.168520528158904, 6.6141820393756925, 6.499820865223902, 4.977108258818569, 5.977394982766322, 5.22273766620534, 4.147276028913436, 4.189762468207475, 2.756682535222364, 2.7426231604068394, 2.1599435779667946, 2.1605221544802546, 1.096822232633894, 1.0967930342594268, 2.153830717582048, 2.16040323550952, 2.7781364869278837, 2.7173754893278916, 4.182388449199812, 4.664134082549515, 4.6815513507810635, 4.324753165210704, 5.5991886992670645], [9.875461217077406, 8.745783544657392, 8.148568615407248, 7.184437156799411, 6.9177420615400225, 6.399835786955787, 5.052241183870778, 3.887654339058451, 2.526915881069253, 1.5304005488760124, 0.0, 1.530265826580467, 2.5571668815311996, 3.1354888709737114, 9.607681309244182, 10.641712992277135, 10.417905414237547, 8.059823735665688, 9.261716923443513, 9.030630308012835, 7.792168512679894, 6.332802748388742, 7.800399357084225, 7.938359951526511, 6.453918281168425, 7.193598372163962, 6.579523044263923, 5.130486286893281, 5.192979216211056, 4.177599143048552, 4.1646493874034585, 2.7539891248877515, 2.755196301536426, 2.160597345643098, 2.1612793803671013, 1.095686907834533, 1.0966295910652786, 2.162853138796067, 2.1547115700250927, 2.7879404261927836, 3.4826906064133802, 3.47111625993714, 2.8855237964709284, 4.14129344649712], [10.674221041837198, 9.685264170377595, 9.083438689174931, 8.284841279107283, 7.978268948211761, 7.610634806637355, 6.37336204055599, 5.052350690520206, 3.8863239867514907, 2.52558997859906, 1.530265826580467, 0.0, 1.530182662298851, 2.552147366434783, 10.269147632593468, 11.461468398508108, 11.21750787385505, 8.977967409720309, 10.313389644050108, 9.966625574385747, 8.576474676112557, 7.447132201727051, 9.007898465791008, 8.963131299942, 7.3590496220639805, 8.488513363363458, 7.705156405291199, 6.52140084644396, 6.571481359632697, 5.17254866192673, 5.1566007854011735, 4.175554839778781, 4.1751053280126955, 2.751374930830039, 2.7546491428129287, 2.166003088640457, 2.16095104525762, 1.0968391404394724, 1.0971522638175617, 2.164655510699104, 2.146005195706665, 2.7824665478671977, 2.875817396845634, 3.4905970563787503], [11.959541421392377, 10.9567531983704, 10.454125525360789, 9.620283833650648, 9.385772710331313, 8.93413441022688, 7.607756318389805, 6.3973443584037275, 5.08278021657439, 3.9044709782504468, 2.5571668815311996, 1.530182662298851, 0.0, 1.520855601298164, 11.573103877525684, 12.793109002505997, 12.429448673211537, 10.182167117563923, 11.542713873695389, 11.370856418933448, 9.986032107398815, 8.729460311496924, 10.279946459490926, 10.392773638447053, 8.823325156651544, 9.746270428220223, 9.051302253819612, 7.640285964543474, 7.7257454048137, 6.5593444016913764, 6.5728463316891865, 5.188463327421713, 5.2244064351847666, 4.204700810997139, 4.16254003464231, 2.83666897258034, 2.7610847687095736, 2.160841479609275, 2.1428900601757435, 1.0962040594706808, 1.0965517862828003, 2.1696092758835634, 2.175086572989682, 2.157040905963538], [11.86493400782322, 10.875655485992558, 10.580570012055118, 9.781757981058416, 9.7805941583321, 9.386058000033882, 7.9854904645863805, 6.90780139552376, 5.516774718075771, 4.552776719761249, 3.1354888709737114, 2.552147366434783, 1.520855601298164, 0.0, 11.518110292925657, 12.775283941658596, 12.208473349276721, 9.99973438897254, 11.417643555918183, 11.569586945954466, 10.172059384903335, 8.798459167945259, 10.37946588269358, 10.839149681594032, 9.298892373826035, 10.125291113839642, 9.667747345167848, 8.065101359561455, 7.893449885823055, 7.2872985570786115, 7.001654006018864, 5.69981370397314, 5.348585476553591, 4.710946421898683, 5.1085700249678485, 2.8391183103210054, 3.4487059225164445, 2.7804918090150883, 3.4737013069635103, 2.1504581976871813, 2.138483420557662, 1.0945824089578637, 1.0938724605729866, 1.0948274521585581], [1.0946972595197266, 2.1686058678330644, 2.78194502102396, 4.200185900647732, 5.199475259100672, 6.616579837045721, 7.0730357923596, 7.108856698513482, 8.050087990202343, 8.46452489983933, 9.607681309244182, 10.269147632593468, 11.573103877525684, 11.518110292925657, 0.0, 1.774778619997435, 1.771949863850555, 2.502603086787835, 3.0652283063419596, 3.1115687651086867, 2.560319325787313, 4.373756062013518, 4.729474310111009, 5.333992649038804, 5.108203040208953, 6.9629582061075155, 7.33396311757838, 8.140747836654812, 6.693650682549844, 7.666756801933918, 6.1589799691182625, 9.00160410038122, 7.753299217752402, 7.67860039004505, 8.935833768597085, 9.353919707801644, 10.418668161526213, 9.646953584422391, 10.603047070064342, 12.247358765872745, 12.129767233545747, 10.940523792305374, 11.213777736338455, 12.552148486613754], [1.094712135677686, 2.1686383608153754, 2.782035242407975, 4.200158638670687, 5.2013275132412105, 6.586930736693684, 7.319059777731017, 7.683934733585391, 8.777264941882523, 9.42638718969256, 10.641712992277135, 11.461468398508108, 12.793109002505997, 12.775283941658596, 1.774778619997435, 0.0, 1.771946621656533, 3.0651687164004526, 2.502675404442214, 2.5593930237460603, 3.112668234810771, 4.7177398635363526, 4.38485082300413, 5.046157069493576, 5.414964702562704, 6.683398881557197, 7.3007746232848465, 8.309631821567065, 6.945865576729799, 8.20553611959633, 6.882284461572334, 9.611685836001923, 8.50249242222538, 8.778025513747382, 9.854506624382571, 10.408623963329639, 11.340638144743004, 10.951180488422242, 11.760244013624886, 13.371529432716363, 13.424030296822188, 12.290492113011586, 12.376570091507581, 13.823515133279233], [1.0944149898461737, 2.159121962743189, 3.4706786512150622, 4.678998277409386, 5.970800198465864, 7.233753331431754, 7.637828510774511, 7.938074257652167, 8.779391517069962, 9.384863015515997, 10.417905414237547, 11.21750787385505, 12.429448673211537, 12.208473349276721, 1.771949863850555, 1.771946621656533, 0.0, 2.4730085422416153, 2.4731961608412703, 3.752963988636182, 3.753768513107861, 4.8229632436915795, 4.83723823374454, 6.105272758853613, 6.159035000712368, 7.347997445562974, 8.093963593320643, 8.632638726368665, 7.054535490023422, 8.63709136573187, 7.097210893019876, 9.662616410682979, 8.308788130648175, 8.679003797095609, 9.981303280634249, 10.017760920485177, 11.173646485369044, 10.64298160197602, 11.66767502504248, 13.066634586610279, 13.07519030913126, 11.650470725683148, 11.781273673079665, 13.207538490952809], [2.146213875642406, 1.0961849661439442, 2.162