{"total energy": -55.79825028, "HOMO-LUMO gap/eV": 4.07507868, "electronic energy": -56.47349793, "dipole": [0.60200695, 1.13063137, 0.26588622], "partial charges": [-0.09590868, -0.05492216, 0.00222602, -0.03920608, -0.03369163, -0.040297, 0.00583097, -0.05833141, -0.09691087, 0.04158506, -0.10825325, 0.14466331, -0.3144017, 0.03793124, 0.26418417, -0.42183421, 0.00829715, -0.16685162, 0.02994283, 0.04028593, 0.03882051, 0.04906167, 0.03558198, 0.04156117, 0.03854068, 0.04108067, 0.04826727, 0.04846875, 0.03748684, 0.02711276, 0.039193, 0.05870063, 0.05736519, 0.05734355, 0.04386054, 0.04164291, 0.06785525, 0.08371857], "atomic dipole moments": [[-0.03552229, 0.01154087, -0.10405066], [0.01741179, 0.07431631, 0.07901155], [-0.02067385, -0.07296835, 0.01918874], [-0.01883293, -0.01011628, 0.00024395], [-0.00043892, -0.00075036, 0.00049338], [-0.01631132, -0.01416651, 0.00219061], [-0.07558951, 0.00508614, -0.00973195], [0.08055267, -0.00520113, -0.08207589], [0.00334229, -0.03643934, 0.1010827], [-0.15978361, -0.11290396, 0.01376066], [0.00728704, -0.01914363, 0.0604869], [-0.08668639, 0.15629948, -0.12454564], [-0.05178787, -0.23945472, -0.12460911], [0.22131481, 0.04085608, 0.07187976], [0.02415184, 0.01653113, -0.00225977], [0.14892645, 0.12307413, -0.01570217], [0.08428009, -0.17899172, 0.03859681], [-0.13861689, 0.05142586, 0.03235028], [-0.08324393, 0.05038248, 0.08015749], [0.01121363, -0.12213803, 0.03029537], [0.11127258, 0.05367393, 0.02725191], [0.0862002, -0.05610435, -0.07414569], [-0.09963695, -0.07631893, -0.01859709], [0.13909998, -0.05240212, 0.03109326], [0.12441972, 0.08550049, -0.00568199], [-0.00121864, 0.14702696, -0.0366847], [-0.10597175, -0.06634197, 0.02158517], [-0.01963175, 0.10143996, 0.07456959], [0.0878168, 0.08412855, -0.03337695], [0.01224646, -0.09842362, -0.07859576], [-0.1114572, 0.05325998, -0.0252363], [-0.0502277, -0.11863357, 0.02150004], [0.08237379, 0.01005172, 0.09109009], [-0.08007171, 0.08957011, 0.03080199], [0.0007856, -0.00606093, -0.12429856], [-0.03792862, -0.10453165, 0.05648367], [0.07854424, 0.10593422, -0.02117679], [-0.09069774, 0.0083729, -0.09920916]], "atomic quadrupole moments": [[-0.09581423, -0.0062925, -0.11382113, 0.08897255, -0.03097078, 0.20963536], [-0.13997548, -0.02685809, 0.03954597, 0.10040487, -0.08854603, 0.10042952], [-0.34232901, -0.03520785, -0.05287486, -0.08702154, 0.13880796, 0.39520387], [-0.27136301, -0.02620383, -0.1787113, -0.08388885, 0.18071365, 0.45007431], [-0.26249056, -0.04205915, -0.21055622, -0.09277697, 0.18930084, 0.47304678], [-0.22549847, -0.04359626, -0.22518503, -0.08865563, 0.17781984, 0.4506835], [-0.12907839, -0.1146478, -0.26269011, -0.06050966, 0.17617937, 0.39176851], [-3.465e-05, -0.09002855, -0.10520493, 0.04981996, -0.12488967, 0.10523958], [-0.11242414, -0.00341244, -0.09642715, 0.01179967, -0.08995625, 0.20885128], [-0.07706013, 0.22618287, -0.2184995, -0.12677861, 0.18351681, 0.29555964], [0.03145572, 0.01225998, -0.0031884, -0.04073595, -0.03646454, -0.02826732], [0.05969037, -0.2794476, -0.0669759, -0.19937076, 0.02917685, 0.00728553], [0.11036095, -0.04470638, -0.00407915, 0.03776025, 0.0617834, -0.1062818], [0.39637945, 0.13338783, -0.1913207, 0.21861449, 0.07214476, -0.20505875], [0.04770701, -0.36538444, 0.12864697, 0.11438905, -0.17706529, -0.17635399], [0.02776292, -0.11814825, 0.06383281, 0.05654497, -0.05425019, -0.09159573], [-0.04760909, -0.27681966, 0.16257993, -0.16243972, 0.07307045, -0.11497084], [-0.00060593, -0.40972574, 0.27575653, -0.08309082, 0.10190655, -0.2751506], [0.02698897, -0.04331631, -0.02605709, -0.03975464, 0.02741694, -0.00093188], [-0.05144006, -0.00629612, 0.07684385, 0.00967484, -0.01591873, -0.02540379], [0.04941211, 0.05602288, -0.02234435, 0.00591561, 0.00212308, -0.02706776], [0.02578629, -0.02121079, -0.02115135, -0.03980797, 0.00365371, -0.00463494], [0.0485094, 0.02926332, -0.02332396, 0.01565328, -0.00987603, -0.02518544], [0.02183363, 0.00240704, 0.03783767, 0.0101106, -0.02812791, -0.0596713], [0.03061241, -0.00298832, 0.03020217, 0.01339123, -0.02639622, -0.06081458], [0.03975883, -0.00403473, 0.02041031, 0.01616433, -0.02389998, -0.06016914], [0.00375084, 0.04607277, 0.01840521, 0.00036755, -0.02515234, -0.02215605], [-0.02826824, 0.00037671, 0.03484188, 0.01134693, 0.03823234, -0.00657364], [0.02391892, 0.06535521, 0.00287319, -0.00755352, -0.00903095, -0.02679211], [-0.05131261, -0.01182054, 0.05277775, -0.00944547, 0.04593162, -0.00146514], [0.05753016, -0.04817387, -0.03129012, 0.00761559, -0.01217727, -0.02624004], [0.00320239, 0.0140955, 0.02153177, -0.01121917, 0.01844115, -0.02473416], [0.03175171, 0.00350669, -0.03992518, 0.0221191, 0.02407892, 0.00817347], [0.01000693, -0.05272598, 0.02799398, -0.01365172, 0.03699968, -0.0380009], [-0.01282563, 0.00670926, -0.0501296, -0.00546535, 0.01614822, 0.06295523], [-0.01267063, 0.02804971, 0.03485798, 0.00869565, -0.04470666, -0.02218735], [0.01741239, 0.03159453, 0.02476094, -0.00245893, 0.01551827, -0.04217332], [0.01449923, -0.00192786, -0.02387993, 0.03501079, 0.01291522, 0.0093807]], "number of molecular orbitals": 97, "number of electrons": 100, "number of unpaired electrons": 0, "orbital energies/eV": [-28.75615189, -19.30496829, -19.2695547, -18.46748869, -18.04466863, -17.89289561, -17.46652204, -17.4131486, -17.28813809, -17.03837332, -16.72388573, -16.66003214, -16.40755169, -16.17521894, -15.93793665, -15.74757069, -15.60165113, -15.46454543, -15.26527433, -15.17145115, -14.87335506, -14.77968204, -14.36441137, -14.30185677, -14.26135914, -13.93658419, -13.90542854, -13.87045878, -13.76550788, -13.57518931, -13.55288333, -13.43205829, -13.29228354, -13.17444594, -12.92835278, -12.71717624, -12.65800823, -12.61541514, -12.4727086, -12.27797934, -12.04080423, -11.87243621, -11.8270985, -11.69680082, -11.50242287, -11.40195521, -11.30501069, -11.07882651, -10.92983078, -10.81222563, -6.73714695, -6.52933095, -6.47286063, -4.12859811, -3.2427999, -0.84507758, 0.25378554, 0.3568486, 0.51225372, 0.52877831, 0.54353599, 1.26711672, 1.71749155, 2.60092048, 2.82213017, 2.85370452, 3.12982259, 3.27094772, 3.30281013, 3.47158882, 3.71435458, 3.83114606, 3.94621573, 4.01924869, 4.0421785, 4.31165384, 4.51619905, 4.64168911, 4.77167786, 4.91612727, 5.07195015, 5.33941148, 5.39027782, 5.73917484, 6.15706939, 6.64692951, 6.82161411, 6.97830989, 7.16207698, 8.3464962, 9.72004506, 10.44209773, 11.38667506, 11.55256924, 14.54778134, 15.8945349, 16.31246683], "fractional occupation": [2.0, 2.0, 2.0, 2.0, 2.0, 2.0, 2.0, 2.0, 2.0, 2.0, 2.0, 2.0, 2.0, 2.0, 2.0, 2.0, 2.0, 2.0, 2.0, 2.0, 2.0, 2.0, 2.0, 2.0, 2.0, 2.0, 2.0, 2.0, 2.0, 2.0, 2.0, 2.0, 2.0, 2.0, 2.0, 2.0, 2.0, 2.0, 2.0, 2.0, 2.0, 2.0, 2.0, 2.0, 2.0, 2.0, 2.0, 2.0, 2.0, 2.0, 0.0, 0.0, 0.0, 0.0, 0.0, 0.0, 0.0, 0.0, 0.0, 0.0, 0.0, 0.0, 0.0, 0.0, 0.0, 0.0, 0.0, 0.0, 0.0, 0.0, 0.0, 0.0, 0.0, 0.0, 0.0, 0.0, 0.0, 0.0, 0.0, 0.0, 0.0, 0.0, 0.0, 0.0, 0.0, 0.0, 0.0, 0.0, 0.0, 0.0, 0.0, 0.0, 0.0, 0.0, 0.0, 0.0, 0.0], "program call": "xtb /home/svss/Project-DBcg-Debug/aqme2_20220329/End-to-End-workflows-final/example-3/QDESCP/mol_363_rdkit_conf_4/mol_363_rdkit_conf_4.xyz --pop --wbo --acc 0.2 --gfn 2 --chrg 0 --uhf 0 --etemp 300 --input /home/svss/Project-DBcg-Debug/aqme2_20220329/End-to-End-workflows-final/example-3/QDESCP/mol_363_rdkit_conf_4/mol_363_rdkit_conf_4_xtb.inp", "method": "GFN2-xTB", "xtb version": "6.3.3 (7355c4f)", "Dipole module/D": 3.325, "Total charge": 0, "Transition dipole module/D": NaN, "HOMO": -10.8122, "LUMO": -6.7371, "HOMO occupancy": 2.0, "LUMO occupancy": 0, "mulliken charges": [-0.07885, -0.04229, -0.01374, -0.04103, -0.02534, -0.04239, -0.00314, -0.04085, -0.08084, 0.10344, -0.27971, 0.31567, -0.46551, 0.17032, 0.45831, -0.54954, 0.03113, -0.11729, 0.02706, 0.03508, 0.03046, 0.0369, 0.03213, 0.03545, 0.03473, 0.03544, 0.0423, 0.0391, 0.02856, 0.02357, 0.0344, 0.05193, 0.03746, 0.03009, 0.02967, 0.02273, 0.03445, 0.06011], "cm5 charges": [-0.22811, -0.14646, -0.02176, -0.09414, -0.0807, -0.09552, -0.01095, -0.14489, -0.23012, 0.15961, -0.52768, 0.29617, -0.56436, 0.04888, 0.54898, -0.59597, -0.05877, -0.12419, 0.07898, 0.0859, 0.08216, 0.09249, 0.09375, 0.09195, 0.09012, 0.09198, 0.10688, 0.09466, 0.0803, 0.07568, 0.08522, 0.12838, 0.11235, 0.08928, 0.09331, 0.08244, 0.09576, 0.11837], "FUKUI+": [0.011, 0.01, -0.037, -0.028, -0.031, -0.03, -0.037, 0.011, 0.012, -0.02, -0.05, 0.017, -0.016, 0.013, -0.052, -0.121, 0.016, -0.113, -0.013, -0.028, -0.017, -0.026, -0.011, -0.056, -0.059, -0.058, -0.015, -0.035, -0.017, -0.006, -0.03, -0.026, -0.027, -0.026, 0.003, -0.016, -0.04, -0.056], "FUKUI-": [0.009, 0.008, -0.023, -0.025, -0.023, -0.022, -0.026, 0.007, 0.01, -0.012, -0.028, 0.016, -0.065, 0.02, -0.006, -0.09, 0.016, -0.137, -0.016, -0.03, -0.022, -0.034, -0.014, -0.045, -0.048, -0.045, -0.014, -0.044, -0.023, -0.015, -0.031, -0.03, -0.03, -0.037, -0.033, -0.041, -0.034, -0.042], "FUKUIrad": [0.01, 0.009, -0.03, -0.027, -0.027, -0.026, -0.032, 0.009, 0.011, -0.016, -0.039, 0.017, -0.041, 0.017, -0.029, -0.106, 0.016, -0.125, -0.015, -0.029, -0.02, -0.03, -0.013, -0.05, -0.054, -0.051, -0.015, -0.039, -0.02, -0.01, -0.03, -0.028, -0.028, -0.031, -0.015, -0.029, -0.037, -0.049], "s proportion": [1.009, 1.027, 1.098, 1.062, 1.06, 1.063, 1.097, 1.026, 1.009, 1.051, 1.442, 0.974, 1.695, 0.972, 1.01, 1.733, 1.05, 1.949, 0.973, 0.965, 0.97, 0.963, 0.968, 0.965, 0.965, 0.965, 0.958, 0.961, 0.971, 0.976, 0.966, 0.948, 0.963, 0.97, 0.97, 0.977, 0.966, 0.94], "p proportion": [3.07, 3.016, 2.916, 2.979, 2.965, 2.98, 2.906, 3.015, 3.072, 2.846, 3.838, 2.71, 4.771, 2.857, 2.532, 4.816, 2.919, 5.183, 0.0, 0.0, 0.0, 0.0, 0.0, 0.0, 0.0, 0.0, 0.0, 0.0, 0.0, 0.0, 0.0, 0.0, 0.0, 0.0, 0.0, 0.0, 0.0, 0.0], "d proportion": [0.0, 0.0, 0.0, 0.0, 0.0, 0.0, 0.0, 0.0, 0.0, 0.0, 0.0, 0.0, 0.0, 0.0, 0.0, 0.0, 0.0, -0.015, 0.0, 0.0, 0.0, 0.0, 0.0, 0.0, 0.0, 0.0, 0.0, 0.0, 0.0, 0.0, 0.0, 0.0, 0.0, 0.0, 0.0, 0.0, 0.0, 0.0], "Fermi-level/eV": -8.7747, "Coordination numbers": [3.749, 3.804, 2.959, 2.915, 2.906, 2.915, 2.959, 3.804, 3.749, 2.908, 2.733, 3.644, 1.697, 3.646, 2.794, 0.857, 3.714, 0.928, 0.924, 0.924, 0.924, 0.924, 0.924, 0.925, 0.925, 0.925, 0.924, 0.924, 0.924, 0.924, 0.924, 0.924, 0.924, 0.924, 0.924, 0.924, 0.925, 0.924], "Dispersion coefficient C6": [22.396, 21.558, 27.975, 28.974, 28.839, 29.001, 27.89, 21.621, 22.415, 27.067, 23.368, 18.561, 19.248, 20.266, 22.548, 22.122, 20.564, 104.373, 2.587, 2.445, 2.465, 2.332, 2.509, 2.428, 2.468, 2.434, 2.342, 2.339, 2.483, 2.628, 2.46, 2.214, 2.23, 2.23, 2.398, 2.427, 2.109, 1.941], "Total dispersion C6": 15242.631378, "Total dispersion C8": 366393.746428, "Polarizability alpha": [6.749, 6.61, 8.675, 8.827, 8.806, 8.831, 8.662, 6.62, 6.752, 8.531, 7.179, 6.193, 5.923, 6.47, 7.779, 6.306, 6.479, 15.63, 2.515, 2.445, 2.455, 2.388, 2.477, 2.437, 2.457, 2.44, 2.393, 2.392, 2.464, 2.535, 2.453, 2.327, 2.335, 2.336, 2.422, 2.436, 2.271, 2.179], "Total polarizability alpha": 189.179771, "Wiberg matrix": [[0.0, 1.005549966577235, 0.0, 0.0, 0.0, 0.0, 0.0, 0.0, 0.0, 0.0, 0.0, 0.0, 0.0, 0.0, 0.0, 0.0, 0.0, 0.0, 0.9857958801150333, 0.9856399657977757, 0.9864234028005111, 0.0, 0.0, 0.0, 0.0, 0.0, 0.0, 0.0, 0.0, 0.0, 0.0, 0.0, 0.0, 0.0, 0.0, 0.0, 0.0, 0.0], [1.005549966577235, 0.0, 1.0111567130019514, 0.0, 0.0, 0.0, 0.0, 0.0, 0.0, 0.0, 0.0, 0.0, 0.0, 0.0, 0.0, 0.0, 0.0, 0.0, 0.0, 0.0, 0.0, 0.9653931099307008, 0.9749735132799185, 0.0, 0.0, 0.0, 0.0, 0.0, 0.0, 0.0, 0.0, 0.0, 0.0, 0.0, 0.0, 0.0, 0.0, 0.0], [0.0, 1.0111567130019514, 0.0, 1.4100042563899295, 0.0, 0.10771707807064262, 0.0, 0.0, 0.0, 1.372248584152704, 0.0, 0.0, 0.0, 0.0, 0.0, 0.0, 0.0, 0.0, 0.0, 0.0, 0.0, 0.0, 0.0, 0.0, 0.0, 0.0, 0.0, 0.0, 0.0, 0.0, 0.0, 0.0, 0.0, 0.0, 0.0, 0.0, 0.0, 0.0], [0.0, 0.0, 1.4100042563899295, 0.0, 1.4421098464099311, 0.0, 0.10713860019072062, 0.0, 0.0, 0.0, 0.0, 0.0, 0.0, 0.0, 0.0, 0.0, 0.0, 0.0, 0.0, 0.0, 0.0, 0.0, 0.0, 0.9679365534699312, 0.0, 0.0, 0.0, 0.0, 0.0, 0.0, 0.0, 0.0, 0.0, 0.0, 0.0, 0.0, 0.0, 0.0], [0.0, 0.0, 0.0, 1.4421098464099311, 0.0, 1.443177849131766, 0.0, 0.0, 0.0, 0.0, 0.0, 0.0, 0.0, 0.0, 0.0, 0.0, 0.0, 0.0, 0.0, 0.0, 0.0, 0.0, 0.0, 0.0, 0.9700750126192141, 0.0, 0.0, 0.0, 0.0, 0.0, 0.0, 0.0, 0.0, 0.0, 0.0, 0.0, 0.0, 0.0], [0.0, 0.0, 0.10771707807064262, 0.0, 1.443177849131766, 0.0, 1.4083429521933168, 0.0, 0.0, 0.0, 0.0, 0.0, 0.0, 0.0, 0.0, 0.0, 0.0, 0.0, 0.0, 0.0, 0.0, 0.0, 0.0, 0.0, 0.0, 0.9680163212912388, 0.0, 0.0, 0.0, 0.0, 0.0, 0.0, 0.0, 0.0, 0.0, 0.0, 0.0, 0.0], [0.0, 0.0, 0.0, 0.10713860019072062, 0.0, 1.4083429521933168, 0.0, 1.011226009515314, 0.0, 1.3750613988133795, 0.0, 0.0, 0.0, 0.0, 0.0, 0.0, 0.0, 0.0, 0.0, 0.0, 0.0, 0.0, 0.0, 0.0, 0.0, 0.0, 0.0, 0.0, 0.0, 0.0, 0.0, 0.0, 0.0, 0.0, 0.0, 0.0, 0.0, 0.0], [0.0, 0.0, 0.0, 0.0, 0.0, 0.0, 1.011226009515314, 0.0, 1.0061684914531708, 0.0, 0.0, 0.0, 0.0, 0.0, 0.0, 0.0, 0.0, 0.0, 0.0, 0.0, 0.0, 0.0, 0.0, 0.0, 0.0, 0.0, 0.9727144492506888, 0.9645127920417118, 0.0, 0.0, 0.0, 0.0, 0.0, 0.0, 0.0, 0.0, 0.0, 0.0], [0.0, 0.0, 0.0, 0.0, 0.0, 0.0, 0.0, 1.0061684914531708, 0.0, 0.0, 0.0, 0.0, 0.0, 0.0, 0.0, 0.0, 0.0, 0.0, 0.0, 0.0, 0.0, 0.0, 0.0, 0.0, 0.0, 0.0, 0.0, 0.0, 0.9863336863718669, 0.9868059276565784, 0.9858458979812428, 0.0, 0.0, 0.0, 0.0, 0.0, 0.0, 0.0], [0.0, 0.0, 1.372248584152704, 0.0, 0.0, 0.0, 1.3750613988133795, 0.0, 0.0, 0.0, 0.9885885141937538, 0.0, 0.0, 0.0, 0.0, 0.0, 0.0, 0.0, 0.0, 0.0, 0.0, 0.0, 0.0, 0.0, 0.0, 0.0, 0.0, 0.0, 0.0, 0.0, 0.0, 0.0, 0.0, 0.0, 0.0, 0.0, 0.0, 0.0], [0.0, 0.0, 0.0, 0.0, 0.0, 0.0, 0.0, 0.0, 0.0, 0.9885885141937538, 0.0, 0.9679923397634318, 0.0, 0.0, 1.2148649381917185, 0.19707994274306606, 0.0, 0.0, 0.0, 0.0, 0.0, 0.0, 0.0, 0.0, 0.0, 0.0, 0.0, 0.0, 0.0, 0.0, 0.0, 0.0, 0.0, 0.0, 0.0, 0.0, 0.0, 0.0], [0.0, 0.0, 0.0, 0.0, 0.0, 0.0, 0.0, 0.0, 0.0, 0.0, 0.9679923397634318, 0.0, 0.9899256047963356, 0.0, 0.0, 0.0, 0.0, 0.0, 0.0, 0.0, 0.0, 0.0, 0.0, 0.0, 0.0, 0.0, 0.0, 0.0, 0.0, 0.0, 0.0, 0.958118784493569, 0.9610564730657317, 0.0, 0.0, 0.0, 0.0, 0.0], [0.0, 0.0, 0.0, 0.0, 0.0, 0.0, 0.0, 0.0, 0.0, 0.0, 0.0, 0.9899256047963356, 0.0, 0.9848492984084947, 0.0, 0.0, 0.0, 0.0, 0.0, 0.0, 0.0, 0.0, 0.0, 0.0, 0.0, 0.0, 0.0, 0.0, 0.0, 0.0, 0.0, 0.0, 0.0, 0.0, 0.0, 0.0, 0.0, 0.0], [0.0, 0.0, 0.0, 0.0, 0.0, 0.0, 0.0, 0.0, 0.0, 0.0, 0.0, 0.0, 0.9848492984084947, 0.0, 0.0, 0.0, 0.0, 0.0, 0.0, 0.0, 0.0, 0.0, 0.0, 0.0, 0.0, 0.0, 0.0, 0.0, 0.0, 0.0, 0.0, 0.0, 0.0, 0.9800240827503159, 0.9791731092751733, 0.9784115173032834, 0.0, 0.0], [0.0, 0.0, 0.0, 0.0, 0.0, 0.0, 0.0, 0.0, 0.0, 0.0, 1.2148649381917185, 0.0, 0.0, 0.0, 0.0, 1.6900699737337062, 0.9723196374143446, 0.0, 0.0, 0.0, 0.0, 0.0, 0.0, 0.0, 0.0, 0.0, 0.0, 0.0, 0.0, 0.0, 0.0, 0.0, 0.0, 0.0, 0.0, 0.0, 0.0, 0.0], [0.0, 0.0, 0.0, 0.0, 0.0, 0.0, 0.0, 0.0, 0.0, 0.0, 0.19707994274306606, 0.0, 0.0, 0.0, 1.6900699737337062, 0.0, 0.0, 0.0, 0.0, 0.0, 0.0, 0.0, 0.0, 0.0, 0.0, 0.0, 0.0, 0.0, 0.0, 0.0, 0.0, 0.0, 0.0, 0.0, 0.0, 0.0, 0.0, 0.0], [0.0, 0.0, 0.0, 0.0, 0.0, 0.0, 0.0, 0.0, 0.0, 0.0, 0.0, 0.0, 0.0, 0.0, 0.9723196374143446, 0.0, 0.0, 0.9506810759236828, 0.0, 0.0, 0.0, 0.0, 0.0, 0.0, 0.0, 0.0, 0.0, 0.0, 0.0, 0.0, 0.0, 0.0, 0.0, 0.0, 0.0, 0.0, 0.9729741835227925, 0.968118989911845], [0.0, 0.0, 0.0, 0.0, 0.0, 0.0, 0.0, 0.0, 0.0, 0.0, 0.0, 0.0, 0.0, 0.0, 0.0, 0.0, 0.9506810759236828, 0.0, 0.0, 0.0, 0.0, 0.0, 0.0, 0.0, 0.0, 0.0, 0.0, 0.0, 0.0, 0.0, 0.0, 0.0, 0.0, 0.0, 0.0, 0.0, 0.0, 0.0], [0.9857958801150333, 0.0, 0.0, 0.0, 0.0, 0.0, 0.0, 0.0, 0.0, 0.0, 0.0, 0.0, 0.0, 0.0, 0.0, 0.0, 0.0, 0.0, 0.0, 0.0, 0.0, 0.0, 0.0, 0.0, 0.0, 0.0, 0.0, 0.0, 0.0, 0.0, 0.0, 0.0, 0.0, 0.0, 0.0, 0.0, 0.0, 0.0], [0.9856399657977757, 0.0, 0.0, 0.0, 0.0, 0.0, 0.0, 0.0, 0.0, 0.0, 0.0, 0.0, 0.0, 0.0, 0.0, 0.0, 0.0, 0.0, 0.0, 0.0, 0.0, 0.0, 0.0, 0.0, 0.0, 0.0, 0.0, 0.0, 0.0, 0.0, 0.0, 0.0, 0.0, 0.0, 0.0, 0.0, 0.0, 0.0], [0.9864234028005111, 0.0, 0.0, 0.0, 0.0, 0.0, 0.0, 0.0, 0.0, 0.0, 0.0, 0.0, 0.0, 0.0, 0.0, 0.0, 0.0, 0.0, 0.0, 0.0, 0.0, 0.0, 0.0, 0.0, 0.0, 0.0, 0.0, 0.0, 0.0, 0.0, 0.0, 0.0, 0.0, 0.0, 0.0, 0.0, 0.0, 0.0], [0.0, 0.9653931099307008, 0.0, 0.0, 0.0, 0.0, 0.0, 0.0, 0.0, 0.0, 0.0, 0.0, 0.0, 0.0, 0.0, 0.0, 0.0, 0.0, 0.0, 0.0, 0.0, 0.0, 0.0, 0.0, 0.0, 0.0, 0.0, 0.0, 0.0, 0.0, 0.0, 0.0, 0.0, 0.0, 0.0, 0.0, 0.0, 0.0], [0.0, 0.9749735132799185, 0.0, 0.0, 0.0, 0.0, 0.0, 0.0, 0.0, 0.0, 0.0, 0.0, 0.0, 0.0, 0.0, 0.0, 0.0, 0.0, 0.0, 0.0, 0.0, 0.0, 0.0, 0.0, 0.0, 0.0, 0.0, 0.0, 0.0, 0.0, 0.0, 0.0, 0.0, 0.0, 0.0, 0.0, 0.0, 0.0], [0.0, 0.0, 0.0, 0.9679365534699312, 0.0, 0.0, 0.0, 0.0, 0.0, 0.0, 0.0, 0.0, 0.0, 0.0, 0.0, 0.0, 0.0, 0.0, 0.0, 0.0, 0.0, 0.0, 0.0, 0.0, 0.0, 0.0, 0.0, 0.0, 0.0, 0.0, 0.0, 0.0, 0.0, 0.0, 0.0, 0.0, 0.0, 0.0], [0.0, 0.0, 0.0, 0.0, 0.9700750126192141, 0.0, 0.0, 0.0, 0.0, 0.0, 0.0, 0.0, 0.0, 0.0, 0.0, 0.0, 0.0, 0.0, 0.0, 0.0, 0.0, 0.0, 0.0, 0.0, 0.0, 0.0, 0.0, 0.0, 0.0, 0.0, 0.0, 0.0, 0.0, 0.0, 0.0, 0.0, 0.0, 0.0], [0.0, 0.0, 0.0, 0.0, 0.0, 0.9680163212912388, 0.0, 0.0, 0.0, 0.0, 0.0, 0.0, 0.0, 0.0, 0.0, 0.0, 0.0, 0.0, 0.0, 0.0, 0.0, 0.0, 0.0, 0.0, 0.0, 0.0, 0.0, 0.0, 0.0, 0.0, 0.0, 0.0, 0.0, 0.0, 0.0, 0.0, 0.0, 0.0], [0.0, 0.0, 0.0, 0.0, 0.0, 0.0, 0.0, 0.9727144492506888, 0.0, 0.0, 0.0, 0.0, 0.0, 0.0, 0.0, 0.0, 0.0, 0.0, 0.0, 0.0, 0.0, 0.0, 0.0, 0.0, 0.0, 0.0, 0.0, 0.0, 0.0, 0.0, 0.0, 0.0, 0.0, 0.0, 0.0, 0.0, 0.0, 0.0], [0.0, 0.0, 0.0, 0.0, 0.0, 0.0, 0.0, 0.9645127920417118, 0.0, 0.0, 0.0, 0.0, 0.0, 0.0, 0.0, 0.0, 0.0, 0.0, 0.0, 0.0, 0.0, 0.0, 0.0, 0.0, 0.0, 0.0, 0.0, 0.0, 0.0, 0.0, 0.0, 0.0, 0.0, 0.0, 0.0, 0.0, 0.0, 0.0], [0.0, 0.0, 0.0, 0.0, 0.0, 0.0, 0.0, 0.0, 0.9863336863718669, 0.0, 0.0, 0.0, 0.0, 0.0, 0.0, 0.0, 0.0, 0.0, 0.0, 0.0, 0.0, 0.0, 0.0, 0.0, 0.0, 0.0, 0.0, 0.0, 0.0, 0.0, 0.0, 0.0, 0.0, 0.0, 0.0, 0.0, 0.0, 0.0], [0.0, 0.0, 0.0, 0.0, 0.0, 0.0, 0.0, 0.0, 0.9868059276565784, 0.0, 0.0, 0.0, 0.0, 0.0, 0.0, 0.0, 0.0, 0.0, 0.0, 0.0, 0.0, 0.0, 0.0, 0.0, 0.0, 0.0, 0.0, 0.0, 0.0, 0.0, 0.0, 0.0, 0.0, 0.0, 0.0, 0.0, 0.0, 0.0], [0.0, 0.0, 0.0, 0.0, 0.0, 0.0, 0.0, 0.0, 0.9858458979812428, 0.0, 0.0, 0.0, 0.0, 0.0, 0.0, 0.0, 0.0, 0.0, 0.0, 0.0, 0.0, 0.0, 0.0, 0.0, 0.0, 0.0, 0.0, 0.0, 0.0, 0.0, 0.0, 0.0, 0.0, 0.0, 0.0, 0.0, 0.0, 0.0], [0.0, 0.0, 0.0, 0.0, 0.0, 0.0, 0.0, 0.0, 0.0, 0.0, 0.0, 0.958118784493569, 0.0, 0.0, 0.0, 0.0, 0.0, 0.0, 0.0, 0.0, 0.0, 0.0, 0.0, 0.0, 0.0, 0.0, 0.0, 0.0, 0.0, 0.0, 0.0, 0.0, 0.0, 0.0, 0.0, 0.0, 0.0, 0.0], [0.0, 0.0, 0.0, 0.0, 0.0, 0.0, 0.0, 0.0, 0.0, 0.0, 0.0, 0.9610564730657317, 0.0, 0.0, 0.0, 0.0, 0.0, 0.0, 0.0, 0.0, 0.0, 0.0, 0.0, 0.0, 0.0, 0.0, 0.0, 0.0, 0.0, 0.0, 0.0, 0.0, 0.0, 0.0, 0.0, 0.0, 0.0, 0.0], [0.0, 0.0, 0.0, 0.0, 0.0, 0.0, 0.0, 0.0, 0.0, 0.0, 0.0, 0.0, 0.0, 0.9800240827503159, 0.0, 0.0, 0.0, 0.0, 0.0, 0.0, 0.0, 0.0, 0.0, 0.0, 0.0, 0.0, 0.0, 0.0, 0.0, 0.0, 0.0, 0.0, 0.0, 0.0, 0.0, 0.0, 0.0, 0.0], [0.0, 0.0, 0.0, 0.0, 0.0, 0.0, 0.0, 0.0, 0.0, 0.0, 0.0, 0.0, 0.0, 0.9791731092751733, 0.0, 0.0, 0.0, 0.0, 0.0, 0.0, 0.0, 0.0, 0.0, 0.0, 0.0, 0.0, 0.0, 0.0, 0.0, 0.0, 0.0, 0.0, 0.0, 0.0, 0.0, 0.0, 0.0, 0.0], [0.0, 0.0, 0.0, 0.0, 0.0, 0.0, 0.0, 0.0, 0.0, 0.0, 0.0, 0.0, 0.0, 0.9784115173032834, 0.0, 0.0, 0.0, 0.0, 0.0, 0.0, 0.0, 0.0, 0.0, 0.0, 0.0, 0.0, 0.0, 0.0, 0.0, 0.0, 0.0, 0.0, 0.0, 0.0, 0.0, 0.0, 0.0, 0.0], [0.0, 0.0, 0.0, 0.0, 0.0, 0.0, 0.0, 0.0, 0.0, 0.0, 0.0, 0.0, 0.0, 0.0, 0.0, 0.0, 0.9729741835227925, 0.0, 0.0, 0.0, 0.0, 0.0, 0.0, 0.0, 0.0, 0.0, 0.0, 0.0, 0.0, 0.0, 0.0, 0.0, 0.0, 0.0, 0.0, 0.0, 0.0, 0.0], [0.0, 0.0, 0.0, 0.0, 0.0, 0.0, 0.0, 0.0, 0.0, 0.0, 0.0, 0.0, 0.0, 0.0, 0.0, 0.0, 0.968118989911845, 0.0, 0.0, 0.0, 0.0, 0.0, 0.0, 0.0, 0.0, 0.0, 0.0, 0.0, 0.0, 0.0, 0.0, 0.0, 0.0, 0.0, 0.0, 0.0, 0.0, 0.0]], "Born radii": [], "Atomic SASAs": [], "Solvent H bonds": [], "Total SASA": NaN, "Total FOD": 0.0, "FOD": [0.0, 0.0, 0.0, 0.0, 0.0, 0.0, 0.0, 0.0, 0.0, 0.0, 0.0, 0.0, 0.0, 0.0, 0.0, 0.0, 0.0, 0.0, 0.0, 0.0, 0.0, 0.0, 0.0, 0.0, 0.0, 0.0, 0.0, 0.0, 0.0, 0.0, 0.0, 0.0, 0.0, 0.0, 0.0, 0.0, 0.0, 0.0], "FOD s proportion": [0.0, 0.0, 0.0, 0.0, 0.0, 0.0, 0.0, 0.0, 0.0, 0.0, 0.0, 0.0, 0.0, 0.0, 0.0, 0.0, 0.0, 0.0, 0.0, 0.0, 0.0, 0.0, 0.0, 0.0, 0.0, 0.0, 0.0, 0.0, 0.0, 0.0, 0.0, 0.0, 0.0, 0.0, 0.0, 0.0, 0.0, 0.0], "FOD p proportion": [0.0, 0.0, 0.0, 0.0, 0.0, 0.0, 0.0, 0.0, 0.0, 0.0, 0.0, 0.0, 0.0, 0.0, 0.0, 0.0, 0.0, 0.0, 0.0, 0.0, 0.0, 0.0, 0.0, 0.0, 0.0, 0.0, 0.0, 0.0, 0.0, 0.0, 0.0, 0.0, 0.0, 0.0, 0.0, 0.0, 0.0, 0.0], "FOD d proportion": [0.0, 0.0, 0.0, 0.0, 0.0, 0.0, 0.0, 0.0, 0.0, 0.0, 0.0, 0.0, 0.0, 0.0, 0.0, 0.0, 0.0, 0.0, 0.0, 0.0, 0.0, 0.0, 0.0, 0.0, 0.0, 0.0, 0.0, 0.0, 0.0, 0.0, 0.0, 0.0, 0.0, 0.0, 0.0, 0.0, 0.0, 0.0], "coordinates": [["2.30780", "-2.00050", "2.26180"], ["1.90890", "-1.85570", "0.79850"], ["1.72290", "-0.41020", "0.38350"], ["2.86870", "0.40010", "0.30900"], ["2.77690", "1.73980", "-0.05380"], ["1.53740", "2.29270", "-0.35970"], ["0.36710", "1.51540", "-0.31950"], ["-0.94100", "2.18670", "-0.68270"], ["-1.01100", "2.59080", "-2.15060"], ["0.46590", "0.15690", "0.06240"], ["-0.70560", "-0.64110", "0.11500"], ["-1.31980", "-0.81820", "1.42510"], ["-2.29020", "0.20120", "1.65870"], ["-3.58360", "-0.15860", "1.19260"], ["-1.13080", "-1.43570", "-0.94460"], ["-2.07740", "-2.22270", "-0.82520"], ["-0.40800", "-1.32220", "-2.27880"], ["0.58650", "-2.77380", "-2.52550"], ["1.56090", "-1.55370", "2.92540"], ["2.40300", "-3.05950", "2.52220"], ["3.26920", "-1.51880", "2.46790"], ["2.68140", "-2.30560", "0.16210"], ["1.00410", "-2.44500", "0.62460"], ["3.84860", "-0.01430", "0.53990"], ["3.67250", "2.35460", "-0.09650"], ["1.48670", "3.34520", "-0.63270"], ["-1.79770", "1.54380", "-0.47160"], ["-1.06760", "3.07300", "-0.04860"], ["-0.23160", "3.31400", "-2.41090"], ["-0.89680", "1.72230", "-2.80680"], ["-1.97980", "3.05270", "-2.36680"], ["-1.75480", "-1.81830", "1.53680"], ["-0.55650", "-0.71310", "2.20260"], ["-4.27930", "0.63610", "1.47570"], ["-3.59470", "-0.24650", "0.10330"], ["-3.91950", "-1.09150", "1.65550"], ["0.23310", "-0.44720", "-2.37160"], ["-1.15540", "-1.27360", "-3.07660"]], "bond_dist": [[0.0, 1.5235928393110805, 2.5296586706510427, 3.144982831431676, 4.424014269868487, 5.0889433726462325, 4.773989839746205, 6.062790242949199, 7.180789851402142, 3.5894749936446138, 3.94173796186403, 3.906069884167461, 5.1334994399532174, 6.264533359317356, 4.735395438609114, 5.367394235567199, 5.334108068834, 5.145785447334546, 1.094465536232183, 1.0946927422797685, 1.0948981961808142, 2.1543915753641443, 2.1395414882633146, 3.0469648324193046, 5.137205562365595, 6.1342354006021, 6.073604226486939, 6.517029658517751, 7.5184165819672435, 7.058286403936865, 8.083457302417079, 4.130803868498237, 3.140878522006224, 7.138592240771286, 6.524963179972742, 6.322431967210086, 5.309003347145301, 6.4047367166808655], [1.5235928393110805, 0.0, 1.5153518568306175, 2.4998919836664943, 3.7957159456418754, 4.323038520531594, 3.871871181999732, 5.163030235239766, 6.082299653091748, 2.583534588504671, 2.9627749931440963, 3.4487008423462884, 4.754284642298986, 5.762206128732292, 3.5291038097511382, 4.319916478359275, 3.888755990030745, 3.69332172576395, 2.176237948846587, 2.1597247370903543, 2.1796362219416343, 1.0973473561274936, 1.0936995656943456, 2.687017679510129, 4.651659494202042, 5.410725190766946, 5.187353643236597, 5.819726312293389, 6.450409808686576, 5.802777316078913, 7.016658915751855, 3.7375370687124967, 3.058631839564873, 6.7053326778020494, 5.776022908541829, 5.940429041744375, 3.852494243993104, 4.97445222210446], [2.5296586706510427, 1.5153518568306175, 0.0, 1.405344790434006, 2.434059836980184, 2.809345991507632, 2.4577099096516664, 3.8700174754127405, 4.785590143336557, 1.41589428277679, 2.4541840415910134, 3.2418232292955147, 4.254987263200678, 5.373721952241295, 3.3104536773681033, 4.380455687482753, 3.5299178602341446, 3.916668344396804, 2.7919691724659135, 3.472083551702061, 2.822190817432443, 2.135481531177453, 2.1714542799699927, 2.1679018105071086, 3.41693710799599, 3.897625179516368, 4.1163012972813355, 4.484002999552966, 5.049594760968448, 4.646331717602608, 5.767652363830539, 3.925206209869744, 2.931985262582334, 6.189834357234449, 5.327492795865613, 5.82398759013101, 3.1323232671612935, 4.5828334532251995], [3.144982831431676, 2.4998919836664943, 1.405344790434006, 0.0, 1.3909878396305269, 2.408620796223432, 2.8101439286983148, 4.323103345977286, 5.089289807035948, 2.4276337532667482, 3.7279154939456443, 4.502606617282927, 5.336244045206328, 6.536441687952245, 4.575770410542907, 5.712214517155321, 4.516612560315529, 4.828712903041556, 3.5175594152764496, 4.133275080369077, 2.9160635572634557, 2.716150472635859, 3.4162743639819095, 1.088690121200702, 2.1518817207272334, 3.386788582123189, 4.867512199265659, 4.771449450638663, 5.049804878408669, 5.063142574528196, 6.140370074352196, 5.27309621095614, 4.069020796211295, 7.246432838990505, 6.498918649283125, 7.079377942305383, 3.85355952464731, 5.518780649745014], [4.424014269868487, 3.7957159456418754, 2.434059836980184, 1.3909878396305269, 0.0, 1.3912704517813923, 2.4347664959909396, 3.7971061652263556, 4.412364179212772, 2.8035327445920797, 4.22196453087896, 5.05108504184992, 5.5655591471118155, 6.753769004785402, 5.113457165167222, 6.313532505657985, 4.9467218448180414, 5.5928291597366, 4.604501155391319, 5.4597488678509745, 4.149675184878932, 4.052282593798216, 4.595171100187674, 2.1395998200598165, 1.0871530205081528, 2.13940421846831, 4.597818830706578, 4.0691067238400125, 4.133412428006671, 4.590793715687953, 5.449758737779133, 5.977155582716581, 4.71376865469658, 7.303936088165067, 6.6758785683983195, 7.468583476135217, 4.077509568351741, 5.803523299686148], [5.0889433726462325, 4.323038520531594, 2.809345991507632, 2.408620796223432, 1.3912704517813923, 0.0, 1.405494012794078, 2.501605796283659, 3.1289820996611657, 2.426504131461556, 3.7233817330486003, 4.5854990666229565, 4.806124485487241, 5.885843013536804, 4.621943942758285, 5.802784370455273, 4.531559111387603, 5.591450858229909, 5.058381877636365, 6.140085977411066, 5.051928864305197, 4.767113815507241, 4.868167691236612, 3.3872074929062137, 2.1521519137830394, 1.08851079002461, 3.4199802382469993, 2.7370926728921696, 2.894794661111561, 3.498425961771951, 4.120284729238987, 5.597822263166275, 4.4704174458321, 6.320365148470458, 5.74459363662914, 6.7299032897954785, 3.640877931213844, 5.2298387298271445], [4.773989839746205, 3.871871181999732, 2.4577099096516664, 2.8101439286983148, 2.4347664959909396, 1.405494012794078, 0.0, 1.514491181882549, 2.5315157475315058, 1.4146134807784068, 2.4474410697706293, 3.3667417082395854, 3.5639360502119004, 4.549368406713178, 3.3680032111029825, 4.494964332450259, 3.5343472183700344, 4.828230421179172, 4.623192539793254, 5.757591311477396, 5.039658005261865, 4.493101829471485, 4.120905479381928, 3.898639852563968, 3.4175509944988383, 2.16789447160142, 2.1703225589759696, 2.1349165463783355, 2.8226508126227725, 2.797661900587703, 3.4731352104402733, 4.365989577403959, 3.490019716276686, 5.05815623424188, 4.356479162121633, 5.391798602507331, 2.8426869630685685, 4.206914268201814], [6.062790242949199, 5.163030235239766, 3.8700174754127405, 4.323103345977286, 3.7971061652263556, 2.501605796283659, 1.514491181882549, 0.0, 1.5241152253028638, 2.5796568880376323, 2.947573797210173, 3.6899504454667142, 3.353312518987755, 4.000064616978081, 3.636811434484884, 4.555712849818346, 3.8915297018010797, 5.507787971590773, 5.767883613596932, 6.998309399419262, 6.432946031951458, 5.832343276076949, 5.190866227326611, 5.411046102187635, 4.653622578164241, 2.690418097619773, 1.091704405963446, 1.0971043979494384, 2.181909459624757, 2.174723387008104, 2.1599199637949553, 4.650642502923655, 4.108726856338834, 4.267001032341098, 3.6851569749469295, 5.008516420058938, 3.3419041323772287, 4.213122435913773], [7.180789851402142, 6.082299653091748, 4.785590143336557, 5.089289807035948, 4.412364179212772, 3.1289820996611657, 2.5315157475315058, 1.5241152253028638, 0.0, 3.6058940389312606, 3.958710665102971, 4.949976659540932, 4.675179920601987, 5.035320978845341, 4.204936419257728, 5.1052596770389655, 3.9612640962197916, 5.609945580841226, 7.039696432375476, 8.088037211215092, 7.519273000097815, 6.554169055646947, 6.092753457181736, 6.135230103264261, 5.119598568247318, 3.018550158602636, 2.129353631973797, 2.157341975672842, 1.094640895453847, 1.094500950205161, 1.094836741254147, 5.795715659864621, 5.4838559153208974, 5.258582382163467, 4.450375511122629, 6.041945278633364, 3.2902993496033153, 3.9764198369890473], [3.5894749936446138, 2.583534588504671, 1.41589428277679, 2.4276337532667482, 2.8035327445920797, 2.426504131461556, 1.4146134807784068, 2.5796568880376323, 3.6058940389312606, 0.0, 1.4184438691749492, 2.448774344442542, 3.185313703546324, 4.2160814199917915, 2.4697924305495795, 3.5942599808583684, 2.9039034866882196, 3.9116202857639437, 3.5102630043915513, 4.488674794413157, 4.056216418042805, 3.3139533174141125, 2.7158077417225246, 3.4205226179635178, 3.8906834952229152, 3.419130523978282, 2.7078649467800275, 3.2966016532180533, 4.070749261499657, 3.5411491199891594, 4.502012746539041, 3.317646589074852, 2.5263922498297844, 4.974331369138972, 4.080793639722548, 4.829927880413951, 2.5186283270859953, 3.811596114490621], [3.94173796186403, 2.9627749931440963, 2.4541840415910134, 3.7279154939456443, 4.22196453087896, 3.7233817330486003, 2.4474410697706293, 2.947573797210173, 3.958710665102971, 1.4184438691749492, 0.0, 1.4577270183405397, 2.3671578189888396, 3.110773538848497, 1.3910198992106475, 2.2950533414280376, 2.506539728390516, 3.6318276321984224, 3.7240044535419123, 4.615914249636793, 4.701651916082262, 3.7741949684667855, 2.5370891706836005, 4.616725667613357, 5.309115778545426, 4.610403699243701, 2.5120847875818204, 3.7352841618811277, 4.716742818937662, 3.76286224036969, 4.628938897846893, 2.1232370852073963, 2.0941558132097047, 4.0316344105089685, 2.9159466490318375, 3.592374370802687, 2.664945489123558, 3.28461365308007], [3.906069884167461, 3.4487008423462884, 3.2418232292955147, 4.502606617282927, 5.05108504184992, 4.5854990666229565, 3.3667417082395854, 3.6899504454667142, 4.949976659540932, 2.448774344442542, 1.4577270183405397, 0.0, 1.4266819827838297, 2.369370981927482, 2.456115905245516, 2.7587004367999075, 3.847631797612656, 4.802665032042106, 3.330209127066947, 4.48177352618358, 4.75785594569655, 4.451643426870575, 2.9475056742947925, 5.304921564924405, 6.107780749994223, 5.426313910012948, 3.0667414791599246, 4.168552982750729, 5.742312433157917, 4.95399302179565, 5.458751910464516, 1.0963128659283352, 1.094613698982431, 3.297906775516858, 2.6924275551999535, 2.6241602733064915, 4.1187462048540935, 4.527661582980778], [5.1334994399532174, 4.754284642298986, 4.254987263200678, 5.336244045206328, 5.5655591471118155, 4.806124485487241, 3.5639360502119004, 3.353312518987755, 4.675179920601987, 3.185313703546324, 2.3671578189888396, 1.4266819827838297, 0.0, 1.421122376855702, 3.2864602325298264, 3.477115796173605, 4.622481005910138, 5.885028252268634, 4.417598228675849, 5.7796127015570855, 5.87538364704808, 5.765471737854588, 4.3501896211544615, 6.2436382926944125, 6.578119023702748, 5.422197300910398, 2.5657959973466324, 3.5576479997324073, 5.521684703059384, 4.91894287626925, 4.942878782652879, 2.092819394978936, 2.0340814610039586, 2.044295922805698, 2.0788036703835213, 2.0798322095784556, 4.799039856054542, 5.087816051116628], [6.264533359317356, 5.762206128732292, 5.373721952241295, 6.536441687952245, 6.753769004785402, 5.885843013536804, 4.549368406713178, 4.000064616978081, 5.035320978845341, 4.2160814199917915, 3.110773538848497, 2.369370981927482, 1.421122376855702, 0.0, 3.494972974144435, 3.255866104433658, 4.846547047125407, 6.1687334729261885, 5.6048889462682485, 6.783983824420575, 7.101929454028673, 6.702370047229563, 5.157251230064325, 7.46220052129397, 7.78645877533555, 6.427773846363918, 2.976099159974345, 4.279494362655476, 6.023293701123995, 5.172221902625602, 5.055091541208725, 2.4935090074030213, 3.23896660371792, 1.0934771099570397, 1.0928971177562874, 1.0942612256678017, 5.230106164314449, 5.036412302423224], [4.735395438609114, 3.5291038097511382, 3.3104536773681033, 4.575770410542907, 5.113457165167222, 4.621943942758285, 3.3680032111029825, 3.636811434484884, 4.204936419257728, 2.4697924305495795, 1.3910198992106475, 2.456115905245516, 3.2864602325298264, 3.494972974144435, 0.0, 1.236801083440664, 1.521647702327973, 2.6905158817594814, 4.715514064235203, 5.209910855283419, 5.568847444489749, 4.0637888404787965, 2.835290662348395, 5.386886166423048, 6.177162665010531, 5.459449850488601, 3.0896447789349506, 4.5973020272764336, 5.051558810901838, 3.6736233938715057, 4.784264666591931, 2.587103538708878, 3.2797620477711487, 4.479203007232425, 2.9296918370367897, 3.828294834518366, 2.2076422853351945, 2.138295014725517], [5.367394235567199, 4.319916478359275, 4.380455687482753, 5.712214517155321, 6.313532505657985, 5.802784370455273, 4.494964332450259, 4.555712849818346, 5.1052596770389655, 3.5942599808583684, 2.2950533414280376, 2.7587004367999075, 3.477115796173605, 3.255866104433658, 1.236801083440664, 0.0, 2.3897174665637775, 3.207973583120659, 5.267996606870585, 5.655024770944863, 6.3187114493383865, 4.8608446940835295, 3.4127671441222005, 6.469776238016274, 7.38539294756887, 6.613726292340801, 3.793387312152557, 5.446764368870752, 6.047848296708507, 4.569855568833659, 5.496899260492228, 2.4179855499981797, 3.7093937253950275, 4.279631042508221, 2.658886605329381, 3.290413095646199, 3.298812431769954, 2.6114510851248967], [5.334108068834, 3.888755990030745, 3.5299178602341446, 4.516612560315529, 4.9467218448180414, 4.531559111387603, 3.5343472183700344, 3.8915297018010797, 3.9612640962197916, 2.9039034866882196, 2.506539728390516, 3.847631797612656, 4.622481005910138, 4.846547047125407, 1.521647702327973, 2.3897174665637775, 0.0, 1.7768043505124587, 5.569008628113266, 5.828338810501668, 6.007629506718936, 4.058258337020945, 3.418250694434216, 5.270134311381447, 5.910310633122425, 5.299448656228306, 3.6621296986862717, 4.972589590947558, 4.641434886971916, 3.128368534875647, 4.649521400101305, 4.076614871434386, 4.525041548980518, 5.737436085047048, 4.121478835321128, 5.2785008506203726, 1.0886900614959245, 1.094282212228637], [5.145785447334546, 3.69332172576395, 3.916668344396804, 4.828712903041556, 5.5928291597366, 5.591450858229909, 4.828230421179172, 5.507787971590773, 5.609945580841226, 3.9116202857639437, 3.6318276321984224, 4.802665032042106, 5.885028252268634, 6.1687334729261885, 2.6905158817594814, 3.207973583120659, 1.7768043505124587, 0.0, 5.670133171275609, 5.372203647480241, 5.805682375914135, 3.4396236727293292, 3.194625049986305, 5.258594281744885, 6.459405820971462, 6.468014601096692, 5.342713225506307, 6.561718575190497, 6.143592565429449, 4.742807585175684, 6.368609238287431, 4.785075467534447, 5.282789329511447, 7.163311321588641, 5.547996770907496, 6.372984409991916, 2.3583138743602388, 2.364006527063747], [1.094465536232183, 2.176237948846587, 2.7919691724659135, 3.5175594152764496, 4.604501155391319, 5.058381877636365, 4.623192539793254, 5.767883613596932, 7.039696432375476, 3.5102630043915513, 3.7240044535419123, 3.330209127066947, 4.417598228675849, 5.6048889462682485, 4.715514064235203, 5.267996606870585, 5.569008628113266, 5.670133171275609, 0.0, 1.7717607880298059, 1.7688451458508176, 3.0751749137244206, 2.529451041234046, 3.6460847357130906, 5.372666289655444, 6.055146774439081, 5.693356585530191, 6.095903636049376, 7.442019700995154, 7.044897595423229, 7.858934933564471, 3.6044541348170873, 2.3900692374908306, 6.403498275942612, 6.021065654018398, 5.644560125465935, 5.571858225942221, 6.593993152862687], [1.0946927422797685, 2.1597247370903543, 3.472083551702061, 4.133275080369077, 5.4597488678509745, 6.140085977411066, 5.757591311477396, 6.998309399419262, 8.088037211215092, 4.488674794413157, 4.615914249636793, 4.48177352618358, 5.7796127015570855, 6.783983824420575, 5.209910855283419, 5.655024770944863, 5.828338810501668, 5.372203647480241, 1.7717607880298059, 0.0, 1.768334645931024, 2.4931794520250645, 2.436271171277943, 3.9105646254728996, 6.1466819301148155, 7.19813738337912, 6.913688582804407, 7.500775509905626, 8.479274439478887, 7.883687733541962, 8.970520925787977, 4.4495945253472255, 3.790300432683404, 7.707512886787799, 7.052407496734714, 6.67818831270877, 5.956664816824932, 6.870095400356534], [1.0948981961808142, 2.1796362219416343, 2.822190817432443, 2.9160635572634557, 4.149675184878932, 5.051928864305197, 5.039658005261865, 6.432946031951458, 7.519273000097815, 4.056216418042805, 4.701651916082262, 4.75785594569655, 5.87538364704808, 7.101929454028673, 5.568847444489749, 6.3187114493383865, 6.007629506718936, 5.805682375914135, 1.7688451458508176, 1.768334645931024, 0.0, 2.506247537654651, 3.06370353330736, 2.51324662737265, 4.662834525264649, 6.037344002953617, 6.61011759502053, 6.798914158157904, 7.708063694599312, 7.4620871946125105, 8.474959429991392, 5.118322328654185, 3.9186116253081273, 7.912515851484912, 7.370427644309386, 7.2470674579446275, 5.812657741515494, 7.097794618753067], [2.1543915753641443, 1.0973473561274936, 2.135481531177453, 2.716150472635859, 4.052282593798216, 4.767113815507241, 4.493101829471485, 5.832343276076949, 6.554169055646947, 3.3139533174141125, 3.7741949684667855, 4.451643426870575, 5.765471737854588, 6.702370047229563, 4.0637888404787965, 4.8608446940835295, 4.058258337020945, 3.4396236727293292, 3.0751749137244206, 2.4931794520250645, 2.506247537654651, 0.0, 1.7454724002401183, 2.5990660572597997, 4.771437646034998, 5.830142002558771, 5.9398478818905796, 6.559629063445585, 6.83270094179454, 6.151573852275529, 7.538799608691028, 4.66981068352883, 4.145321810185549, 7.670103541673997, 6.605511445754976, 6.8757663703764695, 3.9833979389460956, 5.125937565948302], [2.1395414882633146, 1.0936995656943456, 2.1714542799699927, 3.4162743639819095, 4.595171100187674, 4.868167691236612, 4.120905479381928, 5.190866227326611, 6.092753457181736, 2.7158077417225246, 2.5370891706836005, 2.9475056742947925, 4.3501896211544615, 5.157251230064325, 2.835290662348395, 3.4127671441222005, 3.418250694434216, 3.194625049986305, 2.529451041234046, 2.436271171277943, 3.06370353330736, 1.7454724002401183, 0.0, 3.742546837382266, 5.538637371231303, 5.944755847804013, 4.996224886852072, 5.932407869491105, 6.626258049608392, 5.723138654619508, 6.933746350999581, 2.9726067583856426, 2.815143685498131, 6.175100321452276, 5.123877182368836, 5.209275767321213, 3.6827788801392893, 4.442352940728595], [3.0469648324193046, 2.687017679510129, 2.1679018105071086, 1.088690121200702, 2.1395998200598165, 3.3872074929062137, 3.898639852563968, 5.411046102187635, 6.135230103264261, 3.4205226179635178, 4.616725667613357, 5.304921564924405, 6.2436382926944125, 7.46220052129397, 5.386886166423048, 6.469776238016274, 5.270134311381447, 5.258594281744885, 3.6460847357130906, 3.9105646254728996, 2.51324662737265, 2.5990660572597997, 3.742546837382266, 0.0, 2.4592078765326044, 4.270808192836573, 5.9440315905957295, 5.834961523437837, 6.0359616938811005, 6.060940653891935, 7.199002739963363, 5.970453682091504, 4.760020876004642, 8.207405205666404, 7.459708525807158, 7.921382506229579, 4.662196361158547, 6.301184391842536], [5.137205562365595, 4.651659494202042, 3.41693710799599, 2.1518817207272334, 1.0871530205081528, 2.1521519137830394, 3.4175509944988383, 4.653622578164241, 5.119598568247318, 3.8906834952229152, 5.309115778545426, 6.107780749994223, 6.578119023702748, 7.78645877533555, 6.177162665010531, 7.38539294756887, 5.910310633122425, 6.459405820971462, 5.372666289655444, 6.1466819301148155, 4.662834525264649, 4.771437646034998, 5.538637371231303, 2.4592078765326044, 0.0, 2.458967352365623, 5.542669455235447, 4.794469833047237, 4.638846034306376, 5.3501431635050665, 6.131076658303989, 7.038206347500761, 5.707984328990401, 8.285902384773792, 7.721258776261808, 8.519599357364172, 4.985542659530656, 6.73449698641257], [6.1342354006021, 5.410725190766946, 3.897625179516368, 3.386788582123189, 2.13940421846831, 1.08851079002461, 2.16789447160142, 2.69