{"total energy": -27.10252498, "HOMO-LUMO gap/eV": 4.73870441, "electronic energy": -27.39934817, "dipole": [-0.7142014, 0.25300904, -0.73856052], "partial charges": [-0.10765369, -0.01071054, -0.10969, -0.07038616, 0.07710317, -0.24992789, 0.32553107, -0.37164529, 0.0389781, 0.0400144, 0.03543526, 0.03316702, 0.04115955, 0.03932324, 0.03362943, 0.05091999, 0.05063116, 0.05789896, 0.05447959, 0.04174262], "atomic dipole moments": [[0.07192008, -0.01606907, 0.08396097], [0.033514, 0.08833459, -0.03870275], [0.02481773, -0.07219711, -0.0775129], [0.00391233, -0.04320931, 0.13828875], [0.19939963, 0.02268589, -0.16126078], [-0.0451714, -0.04997969, 0.21382713], [-0.18688435, 0.02315262, -0.03610463], [0.01414445, 0.04163243, -0.17060562], [0.00732636, 0.11616912, -0.05177366], [-0.12015027, -0.016127, 0.03681605], [0.01931333, -0.08292977, -0.0927994], [-0.01999072, -0.11497443, 0.04257993], [-0.1207309, -0.00740191, 0.0371108], [0.02011303, 0.12166629, -0.03159289], [0.06743696, -0.02392184, 0.10446898], [0.02389493, 0.11367994, -0.05010091], [0.0186501, -0.07052998, -0.10183348], [-0.00052101, 0.08913658, 0.09316224], [-0.01754439, -0.11998185, 0.04333895], [0.12066952, 0.00936572, -0.07415242]], "atomic quadrupole moments": [[0.02926884, -0.03966933, -0.12253116, 0.16258135, -0.02832341, 0.09326232], [0.10430893, -0.03373925, -0.17289022, 0.00342136, 0.09426249, 0.06858129], [-0.08751919, -0.04321401, 0.02028661, -0.03489414, 0.16850683, 0.06723258], [0.21582753, -0.02625833, -0.2250026, 0.09716459, -0.06981351, 0.00917506], [0.43826838, -0.02836015, -0.39111117, -0.16213814, -0.07690324, -0.04715721], [0.06456677, -0.00056219, -0.05482147, -0.03512397, -0.00789901, -0.00974531], [-0.22925336, 0.00573212, 0.5340736, 0.22659055, 0.20602578, -0.30482024], [-0.12331983, 0.02531816, 0.21326059, 0.00898892, 0.08085587, -0.08994076], [-0.03687051, 0.02260629, 0.06610234, 0.00315543, -0.03588486, -0.02923183], [0.0610034, 0.01391166, -0.04921869, -0.04026668, -0.01193258, -0.0117847], [-0.03312859, -0.02912412, 0.01379929, -0.01217369, 0.05787403, 0.0193293], [-0.02044197, 0.00136677, 0.02596666, -0.00085554, -0.01462209, -0.00552469], [0.07472146, 0.0197446, -0.04024666, -0.02325704, 0.00842979, -0.0344748], [-0.04415549, 0.02314782, 0.06023659, -0.01601972, -0.0392426, -0.0160811], [0.00299887, -0.02874711, -0.02891206, 0.05728618, -0.01522425, 0.0259132], [-0.02456843, 0.00992147, 0.05780611, 0.00626307, -0.01601502, -0.03323768], [-0.02008034, -0.00980643, 0.01374622, -0.00145699, 0.04923238, 0.00633412], [0.00059299, -0.00385362, -0.00054885, -0.00392414, 0.03508844, -4.414e-05], [-0.00103593, 0.00531537, 0.02927532, -0.00509168, -0.02120727, -0.02823939], [0.01733289, -0.0143778, -0.06058263, 0.03080452, -0.03056564, 0.04324973]], "number of molecular orbitals": 44, "number of electrons": 48, "number of unpaired electrons": 0, "orbital energies/eV": [-20.36212151, -19.65409698, -18.45921805, -17.38265231, -16.77527295, -16.60384073, -16.22013811, -16.06367962, -15.95841182, -15.30083066, -15.21024284, -14.45417461, -14.09654118, -13.90184848, -13.75257773, -13.35096694, -12.92479239, -12.83752948, -12.59367495, -12.23356364, -12.18516142, -11.94486586, -11.82458211, -11.70860432, -6.96989991, -0.29192917, 1.86966869, 2.04905563, 2.64372649, 3.15379692, 3.16162105, 3.25885422, 4.21321492, 4.4323934, 4.7066458, 5.07009875, 5.60093715, 5.77901495, 5.91954125, 6.35545581, 6.74076781, 7.30761216, 7.64684507, 15.22425159], "fractional occupation": [2.0, 2.0, 2.0, 2.0, 2.0, 2.0, 2.0, 2.0, 2.0, 2.0, 2.0, 2.0, 2.0, 2.0, 2.0, 2.0, 2.0, 2.0, 2.0, 2.0, 2.0, 2.0, 2.0, 2.0, 0.0, 0.0, 0.0, 0.0, 0.0, 0.0, 0.0, 0.0, 0.0, 0.0, 0.0, 0.0, 0.0, 0.0, 0.0, 0.0, 0.0, 0.0, 0.0, 0.0], "program call": "xtb /home/svss/Project-DBcg-Debug/aqme2_20220329/End-to-End-workflows-final/example-3/QDESCP/mol_794_rdkit_conf_1/mol_794_rdkit_conf_1.xyz --pop --wbo --acc 0.2 --gfn 2 --chrg 0 --uhf 0 --etemp 300 --input /home/svss/Project-DBcg-Debug/aqme2_20220329/End-to-End-workflows-final/example-3/QDESCP/mol_794_rdkit_conf_1/mol_794_rdkit_conf_1_xtb.inp", "method": "GFN2-xTB", "xtb version": "6.3.3 (7355c4f)", "Dipole module/D": 2.689, "Total charge": 0, "Transition dipole module/D": NaN, "HOMO": -11.7086, "LUMO": -6.9699, "HOMO occupancy": 2.0, "LUMO occupancy": 0, "mulliken charges": [-0.08943, -0.00257, -0.09497, -0.06667, 0.19715, -0.41064, 0.56769, -0.51219, 0.03036, 0.03258, 0.03115, 0.0221, 0.03464, 0.03103, 0.03048, 0.03762, 0.04029, 0.04099, 0.0406, 0.03981], "cm5 charges": [-0.23785, -0.0767, -0.24336, -0.17156, 0.116, -0.49885, 0.57998, -0.56503, 0.08219, 0.08394, 0.08253, 0.08034, 0.08608, 0.08298, 0.08246, 0.09523, 0.0982, 0.10705, 0.10608, 0.11028], "FUKUI+": [0.011, 0.001, 0.011, 0.006, 0.033, -0.15, -0.165, -0.323, -0.013, -0.022, -0.011, -0.011, -0.025, -0.011, 0.005, -0.025, -0.022, -0.045, -0.045, -0.2], "FUKUI-": [0.022, -0.011, 0.018, 0.004, 0.017, -0.059, -0.002, -0.147, -0.083, -0.071, -0.061, -0.108, -0.067, -0.072, -0.047, -0.074, -0.061, -0.043, -0.044, -0.111], "FUKUIrad": [0.017, -0.005, 0.014, 0.005, 0.025, -0.105, -0.083, -0.235, -0.048, -0.047, -0.036, -0.059, -0.046, -0.041, -0.021, -0.049, -0.042, -0.044, -0.044, -0.155], "s proportion": [1.013, 1.053, 1.013, 1.04, 1.0, 1.699, 0.975, 1.729, 0.97, 0.967, 0.969, 0.978, 0.965, 0.969, 0.97, 0.962, 0.96, 0.959, 0.959, 0.96], "p proportion": [3.076, 2.95, 3.082, 3.027, 2.803, 4.712, 2.458, 4.783, 0.0, 0.0, 0.0, 0.0, 0.0, 0.0, 0.0, 0.0, 0.0, 0.0, 0.0, 0.0], "d proportion": [0.0, 0.0, 0.0, 0.0, 0.0, 0.0, 0.0, 0.0, 0.0, 0.0, 0.0, 0.0, 0.0, 0.0, 0.0, 0.0, 0.0, 0.0, 0.0, 0.0], "Fermi-level/eV": -9.3393, "Coordination numbers": [3.753, 3.848, 3.752, 3.802, 3.705, 1.701, 2.666, 0.856, 0.924, 0.924, 0.924, 0.924, 0.924, 0.924, 0.924, 0.923, 0.923, 0.924, 0.924, 0.923], "Dispersion coefficient C6": [22.616, 20.734, 22.658, 21.846, 19.435, 18.142, 21.469, 21.123, 2.463, 2.449, 2.511, 2.542, 2.434, 2.458, 2.536, 2.309, 2.312, 2.224, 2.265, 2.426], "Total dispersion C6": 3039.079321, "Total dispersion C8": 64205.233616, "Polarizability alpha": [6.781, 6.477, 6.788, 6.655, 6.302, 5.751, 7.581, 6.162, 2.454, 2.447, 2.478, 2.493, 2.44, 2.452, 2.49, 2.376, 2.378, 2.332, 2.354, 2.436], "Total polarizability alpha": 81.626884, "Wiberg matrix": [[0.0, 1.0084368099793548, 0.0, 0.0, 0.0, 0.0, 0.0, 0.0, 0.9867086547558596, 0.9858751880169303, 0.9864617526845296, 0.0, 0.0, 0.0, 0.0, 0.0, 0.0, 0.0, 0.0, 0.0], [1.0084368099793548, 0.0, 1.009754287851314, 0.9940937956779071, 0.0, 0.0, 0.0, 0.0, 0.0, 0.0, 0.0, 0.9684827055094197, 0.0, 0.0, 0.0, 0.0, 0.0, 0.0, 0.0, 0.0], [0.0, 1.009754287851314, 0.0, 0.0, 0.0, 0.0, 0.0, 0.0, 0.0, 0.0, 0.0, 0.0, 0.9853478226821828, 0.9864808054565799, 0.9850183542546034, 0.0, 0.0, 0.0, 0.0, 0.0], [0.0, 0.9940937956779071, 0.0, 0.0, 1.004832886353086, 0.0, 0.0, 0.0, 0.0, 0.0, 0.0, 0.0, 0.0, 0.0, 0.0, 0.9745741235057716, 0.9736642011524457, 0.0, 0.0, 0.0], [0.0, 0.0, 0.0, 1.004832886353086, 0.0, 0.9332685078473604, 0.0, 0.0, 0.0, 0.0, 0.0, 0.0, 0.0, 0.0, 0.0, 0.0, 0.0, 0.9666023355783542, 0.9681972013776265, 0.0], [0.0, 0.0, 0.0, 0.0, 0.9332685078473604, 0.0, 1.1661732834656697, 0.19556355580240314, 0.0, 0.0, 0.0, 0.0, 0.0, 0.0, 0.0, 0.0, 0.0, 0.0, 0.0, 0.0], [0.0, 0.0, 0.0, 0.0, 0.0, 1.1661732834656697, 0.0, 1.8026598040813921, 0.0, 0.0, 0.0, 0.0, 0.0, 0.0, 0.0, 0.0, 0.0, 0.0, 0.0, 0.9235636382254113], [0.0, 0.0, 0.0, 0.0, 0.0, 0.19556355580240314, 1.8026598040813921, 0.0, 0.0, 0.0, 0.0, 0.0, 0.0, 0.0, 0.0, 0.0, 0.0, 0.0, 0.0, 0.0], [0.9867086547558596, 0.0, 0.0, 0.0, 0.0, 0.0, 0.0, 0.0, 0.0, 0.0, 0.0, 0.0, 0.0, 0.0, 0.0, 0.0, 0.0, 0.0, 0.0, 0.0], [0.9858751880169303, 0.0, 0.0, 0.0, 0.0, 0.0, 0.0, 0.0, 0.0, 0.0, 0.0, 0.0, 0.0, 0.0, 0.0, 0.0, 0.0, 0.0, 0.0, 0.0], [0.9864617526845296, 0.0, 0.0, 0.0, 0.0, 0.0, 0.0, 0.0, 0.0, 0.0, 0.0, 0.0, 0.0, 0.0, 0.0, 0.0, 0.0, 0.0, 0.0, 0.0], [0.0, 0.9684827055094197, 0.0, 0.0, 0.0, 0.0, 0.0, 0.0, 0.0, 0.0, 0.0, 0.0, 0.0, 0.0, 0.0, 0.0, 0.0, 0.0, 0.0, 0.0], [0.0, 0.0, 0.9853478226821828, 0.0, 0.0, 0.0, 0.0, 0.0, 0.0, 0.0, 0.0, 0.0, 0.0, 0.0, 0.0, 0.0, 0.0, 0.0, 0.0, 0.0], [0.0, 0.0, 0.9864808054565799, 0.0, 0.0, 0.0, 0.0, 0.0, 0.0, 0.0, 0.0, 0.0, 0.0, 0.0, 0.0, 0.0, 0.0, 0.0, 0.0, 0.0], [0.0, 0.0, 0.9850183542546034, 0.0, 0.0, 0.0, 0.0, 0.0, 0.0, 0.0, 0.0, 0.0, 0.0, 0.0, 0.0, 0.0, 0.0, 0.0, 0.0, 0.0], [0.0, 0.0, 0.0, 0.9745741235057716, 0.0, 0.0, 0.0, 0.0, 0.0, 0.0, 0.0, 0.0, 0.0, 0.0, 0.0, 0.0, 0.0, 0.0, 0.0, 0.0], [0.0, 0.0, 0.0, 0.9736642011524457, 0.0, 0.0, 0.0, 0.0, 0.0, 0.0, 0.0, 0.0, 0.0, 0.0, 0.0, 0.0, 0.0, 0.0, 0.0, 0.0], [0.0, 0.0, 0.0, 0.0, 0.9666023355783542, 0.0, 0.0, 0.0, 0.0, 0.0, 0.0, 0.0, 0.0, 0.0, 0.0, 0.0, 0.0, 0.0, 0.0, 0.0], [0.0, 0.0, 0.0, 0.0, 0.9681972013776265, 0.0, 0.0, 0.0, 0.0, 0.0, 0.0, 0.0, 0.0, 0.0, 0.0, 0.0, 0.0, 0.0, 0.0, 0.0], [0.0, 0.0, 0.0, 0.0, 0.0, 0.0, 0.9235636382254113, 0.0, 0.0, 0.0, 0.0, 0.0, 0.0, 0.0, 0.0, 0.0, 0.0, 0.0, 0.0, 0.0]], "Born radii": [], "Atomic SASAs": [], "Solvent H bonds": [], "Total SASA": NaN, "Total FOD": 0.0, "FOD": [0.0, 0.0, 0.0, 0.0, 0.0, 0.0, 0.0, 0.0, 0.0, 0.0, 0.0, 0.0, 0.0, 0.0, 0.0, 0.0, 0.0, 0.0, 0.0, 0.0], "FOD s proportion": [0.0, 0.0, 0.0, 0.0, 0.0, 0.0, 0.0, 0.0, 0.0, 0.0, 0.0, 0.0, 0.0, 0.0, 0.0, 0.0, 0.0, 0.0, 0.0, 0.0], "FOD p proportion": [0.0, 0.0, 0.0, 0.0, 0.0, 0.0, 0.0, 0.0, 0.0, 0.0, 0.0, 0.0, 0.0, 0.0, 0.0, 0.0, 0.0, 0.0, 0.0, 0.0], "FOD d proportion": [0.0, 0.0, 0.0, 0.0, 0.0, 0.0, 0.0, 0.0, 0.0, 0.0, 0.0, 0.0, 0.0, 0.0, 0.0, 0.0, 0.0, 0.0, 0.0, 0.0], "coordinates": [["-2.22060", "0.05910", "-1.22010"], ["-1.23760", "-0.14960", "-0.06570"], ["-1.55380", "0.82970", "1.06550"], ["0.20520", "-0.00810", "-0.57700"], ["1.26480", "-0.33570", "0.47240"], ["2.55010", "-0.27430", "-0.16360"], ["3.58870", "-0.56030", "0.65980"], ["3.52210", "-0.85170", "1.84270"], ["-2.13150", "1.06640", "-1.64120"], ["-3.25340", "-0.07680", "-0.88170"], ["-2.03670", "-0.66210", "-2.02350"], ["-1.37770", "-1.16960", "0.31420"], ["-2.60460", "0.75080", "1.36480"], ["-1.36700", "1.86430", "0.75880"], ["-0.94870", "0.62190", "1.95310"], ["0.37790", "1.00720", "-0.95750"], ["0.35480", "-0.67100", "-1.43960"], ["1.23770", "0.39310", "1.28940"], ["1.10250", "-1.34440", "0.86960"], ["4.52760", "-0.48910", "0.08910"]], "bond_dist": [[0.0, 1.5305175758546519, 2.502481560371624, 2.510497777334208, 3.89466769442529, 4.897644974883336, 6.1372344635022715, 6.571826517034667, 1.0954073717115473, 1.0952895553231572, 1.095171315365774, 2.138752110460677, 2.7032596804598708, 2.8113031159944315, 3.464631537407694, 2.778498626956652, 2.685872562129484, 4.2859054049290455, 4.168890973628359, 6.895848832449852], [1.5305175758546519, 0.0, 1.529256149243808, 1.537244866636412, 2.5663574536685254, 3.7910164586822885, 4.897774640589336, 5.175874714480636, 2.1817225900650157, 2.1759148604667415, 2.1758212012938927, 1.0974297335137224, 2.173876585733422, 2.1799857384854606, 2.1804194321276813, 2.1779195875881183, 2.166840310221314, 2.873661321380792, 2.7889785119286956, 5.777261836718152], [2.502481560371624, 1.529256149243808, 0.0, 2.548292779489829, 3.107157982787486, 4.423968582619004, 5.342471220324916, 5.403323663265046, 2.777766921467674, 2.738972480694174, 3.4641854237323955, 2.1430500204148295, 1.0954388800841424, 1.0951512635248157, 1.0941483491739135, 2.8027665154272126, 3.4886072378529516, 2.8342940955377234, 3.4381706342181446, 6.298890089531646], [2.510497777334208, 1.537244866636412, 2.548292779489829, 0.0, 1.5268641982835276, 2.395896076627699, 3.6445399339285607, 4.191471658021798, 2.783386207481815, 3.4726755880732654, 2.747033647409511, 2.156128961820234, 3.4987844303414866, 2.7860467045618598, 2.851278874470191, 1.097925147721829, 1.0981326559209503, 2.170360949243236, 2.1641387524833062, 4.399794537248302], [3.89466769442529, 2.5663574536685254, 3.107157982787486, 1.5268641982835276, 0.0, 1.435361295980911, 2.3422372061770345, 2.6906098528028917, 4.23887285253993, 4.723848776157002, 4.151620890688358, 2.77546801458781, 4.116930454841325, 3.4421499386284733, 2.830026943334639, 2.152808869825652, 2.1438913428623194, 1.0951588240981307, 1.09616824438587, 3.2888165485475165], [4.897644974883336, 3.7910164586822885, 4.423968582619004, 2.395896076627699, 1.435361295980911, 0.0, 1.355903211884978, 2.302914338398196, 5.089023168546199, 5.851092727858617, 4.964710574645817, 4.05678046854892, 5.473369041093429, 4.557203542744168, 4.1863104005794884, 2.6440446857040825, 2.569997856030234, 2.06858055680701, 2.0756112376839746, 2.005119093719871], [6.1372344635022715, 4.897774640589336, 5.342471220324916, 3.6445399339285607, 2.3422372061770345, 1.355903211884978, 0.0, 1.2200827553899778, 6.376632491370347, 7.030243730483319, 6.233425004762631, 5.015557278109782, 6.3696917586332225, 5.517920681742353, 4.863971678577086, 3.9219831947625683, 3.8571808435695623, 2.613918269571564, 2.6153430539797258, 1.1010454759000647], [6.571826517034667, 5.175874714480636, 5.403323663265046, 4.191471658021798, 2.6906098528028917, 2.302914338398196, 1.2200827553899778, 0.0, 6.912297720729338, 7.343720148535073, 6.773751400811813, 5.142510350013891, 6.350814715451868, 5.696910919085886, 4.708687477418733, 4.602458352880556, 4.564858713038116, 2.6597276721499137, 2.654080077917771, 2.0536849734075573], [1.0954073717115473, 2.1817225900650157, 2.777766921467674, 2.783386207481815, 4.23887285253993, 5.089023168546199, 6.376632491370347, 6.912297720729338, 0.0, 1.7726833050491564, 1.7728092339560961, 3.0645553674228174, 3.059323940023351, 2.6421780144418734, 3.809932883923285, 2.6015454426167532, 3.039883058606038, 4.5158894904547875, 4.751297641697477, 7.0538734855397], [1.0952895553231572, 2.1759148604667415, 2.738972480694174, 3.4726755880732654, 4.723848776157002, 5.851092727858617, 7.030243730483319, 7.343720148535073, 1.7726833050491564, 0.0, 1.7682313819181017, 2.47843481657275, 2.480448638855479, 3.1650615191493516, 3.7196659554320197, 3.790401209634674, 3.699112500316799, 5.010435153756608, 4.862892787220381, 7.852159252715141], [1.095171315365774, 2.1758212012938927, 3.4641854237323955, 2.747033647409511, 4.151620890688358, 4.964710574645817, 6.233425004762631, 6.773751400811813, 1.7728092339560961, 1.7682313819181017, 0.0, 2.481265511790304, 3.714750827444554, 3.8173797741382764, 4.318072204120723, 3.1230132324407465, 2.461765762618369, 4.776028560425492, 4.323209171437348, 6.898046263254545], [2.138752110460677, 1.0974297335137224, 2.1430500204148295, 2.156128961820234, 2.77546801458781, 4.05678046854892, 5.015557278109782, 5.142510350013891, 3.0645553674228174, 2.47843481657275, 2.481265511790304, 0.0, 2.5093784349914223, 3.0663223672666904, 2.4656655207063265, 3.0721019660812043, 2.515148633778926, 3.1989628772463115, 2.5476295335075703, 5.948640042060033], [2.7032596804598708, 2.173876585733422, 1.0954388800841424, 3.4987844303414866, 4.116930454841325, 5.473369041093429, 6.3696917586332225, 6.350814715451868, 3.059323940023351, 2.480448638855479, 3.714750827444554, 2.5093784349914223, 0.0, 1.7716579833590909, 1.7620206894358532, 3.7886837424097566, 4.317895663399013, 3.8596507277213568, 4.286919230636379, 7.350716926939847], [2.8113031159944315, 2.1799857384854606, 1.0951512635248157, 2.7860467045618598, 3.4421499386284733, 4.557203542744168, 5.517920681742353, 5.696910919085886, 2.6421780144418734, 3.1650615191493516, 3.8173797741382764, 3.0663223672666904, 1.7716579833590909, 0.0, 1.7733824009502295, 2.593257046650023, 3.7716447194824703, 3.038161926231056, 4.050489177864817, 6.382264395181384], [3.464631537407694, 2.1804194321276813, 1.0941483491739135, 2.851278874470191, 2.830026943334639, 4.1863104005794884, 4.863971678577086, 4.708687477418733, 3.809932883923285, 3.7196659554320197, 4.318072204120723, 2.4656655207063265, 1.7620206894358532, 1.7733824009502295, 0.0, 3.221787704055002, 3.857604949965717, 2.2963431995239736, 3.0410079546097872, 5.890558436175639], [2.778498626956652, 2.1779195875881183, 2.8027665154272126, 1.097925147721829, 2.152808869825652, 2.6440446857040825, 3.9219831947625683, 4.602458352880556, 2.6015454426167532, 3.790401209634674, 3.1230132324407465, 3.0721019660812043, 3.7886837424097566, 2.593257046650023, 3.221787704055002, 0.0, 1.746227150172623, 2.482928605497951, 3.0648592349404895, 4.533684521446105], [2.685872562129484, 2.166840310221314, 3.4886072378529516, 1.0981326559209503, 2.1438913428623194, 2.569997856030234, 3.8571808435695623, 4.564858713038116, 3.039883058606038, 3.699112500316799, 2.461765762618369, 2.515148633778926, 4.317895663399013, 3.7716447194824703, 3.857604949965717, 1.746227150172623, 0.0, 3.059291130311073, 2.518913950495332, 4.447726513624685], [4.2859054049290455, 2.873661321380792, 2.8342940955377234, 2.170360949243236, 1.0951588240981307, 2.06858055680701, 2.613918269571564, 2.6597276721499137, 4.5158894904547875, 5.010435153756608, 4.776028560425492, 3.1989628772463115, 3.8596507277213568, 3.038161926231056, 2.2963431995239736, 2.482928605497951, 3.059291130311073, 0.0, 1.7926007168357374, 3.6114317022477382], [4.168890973628359, 2.7889785119286956, 3.4381706342181446, 2.1641387524833062, 1.09616824438587, 2.0756112376839746, 2.6153430539797258, 2.654080077917771, 4.751297641697477, 4.862892787220381, 4.323209171437348, 2.5476295335075703, 4.286919230636379, 4.050489177864817, 3.0410079546097872, 3.0648592349404895, 2.518913950495332, 1.7926007168357374, 0.0, 3.6155260129060056], [6.895848832449852, 5.777261836718152, 6.298890089531646, 4.399794537248302, 3.2888165485475165, 2.005119093719871, 1.1010454759000647, 2.0536849734075573, 7.0538734855397, 7.852159252715141, 6.898046263254545, 5.948640042060033, 7.350716926939847, 6.382264395181384, 5.890558436175639, 4.533684521446105, 4.447726513624685, 3.6114317022477382, 3.6155260129060056, 0.0]]}