{"total energy": -19.99350455, "HOMO-LUMO gap/eV": 13.12898606, "electronic energy": -20.28700147, "dipole": [0.00320868, 0.00274718, 0.00506486], "partial charges": [-0.09850176, -0.05046385, -0.06092956, -0.00885775, -0.10350047, -0.10183499, 0.03285771, 0.03194599, 0.02832916, 0.02587596, 0.03025908, 0.0281637, 0.02853956, 0.03068337, 0.02923503, 0.03204681, 0.03148654, 0.03191435, 0.03286406, 0.02988706], "atomic dipole moments": [[-0.05614456, -0.07276707, 0.03794339], [-0.01864107, 0.04872882, -0.09830651], [0.01336152, 0.10165299, 0.03958809], [-0.04854556, -0.07283585, 0.04401788], [0.06967081, 0.03328473, 0.0588149], [0.04004812, -0.03591817, -0.08254083], [-0.05944674, 0.11096879, -0.00447629], [0.04257377, -0.02824115, -0.11549211], [0.09942059, 0.01641973, 0.07280001], [0.06915798, -0.09715513, 0.01765764], [-0.03669084, 0.02984146, 0.11473171], [-0.05478646, -0.09672402, 0.05144701], [0.04442175, -0.04866768, -0.10331439], [0.05559527, 0.09229749, -0.06193884], [0.04861468, -0.04376327, -0.10683773], [-0.06885051, -0.09350797, 0.05066883], [-0.08031957, 0.09078513, -0.03273929], [-0.05827383, -0.08737466, 0.07131135], [0.08314096, 0.05898137, 0.07316944], [-0.08632796, 0.08710252, -0.02698565]], "atomic quadrupole moments": [[0.00282677, 0.14306537, 0.05860378, -0.06184586, -0.10021295, -0.06143055], [0.065044, 0.18942257, -0.00796485, 0.07058388, -0.04379992, -0.05707916], [0.08295314, -0.06840709, -0.00894846, 0.18463135, 0.00901207, -0.07400468], [0.0252406, -0.09698267, -0.05528427, 0.06963294, 0.12268409, 0.03004367], [0.06023034, 0.0701604, -0.0704414, 0.14279996, 0.08176815, 0.01021105], [-0.04288639, -0.05589758, -0.0786352, -0.09935975, 0.09782393, 0.12152159], [0.00836594, -0.05476921, 0.03866489, -0.00619377, -0.00974296, -0.04703083], [-0.03952496, -0.00183859, -0.02053531, -0.0334863, 0.0347192, 0.06006027], [0.03122073, 0.01671074, -0.03579092, 0.06245466, -0.00469006, 0.00457019], [0.01105214, -0.03175741, 0.03533631, 0.00692198, 0.00066601, -0.04638845], [-0.00721934, -0.00127998, -0.01547302, -0.03574497, 0.03454722, 0.02269236], [0.01033941, 0.0340606, 0.00024649, -0.01484009, -0.04152806, -0.0105859], [-0.00486991, -0.02156894, -0.04104573, -0.0226871, 0.0153513, 0.04591564], [-0.00014158, 0.02197166, 0.00796675, -0.01274354, -0.01048818, -0.00782517], [-0.00341815, -0.01580578, -0.03548498, -0.04487928, 0.0403639, 0.03890314], [-0.01564722, 0.04577293, 0.01865, -0.02186614, -0.04781235, -0.00300278], [0.00211245, -0.05386096, 0.03964265, 0.02258793, -0.01151415, -0.0417551], [-0.02700503, 0.03912289, 0.03973805, -0.03020757, -0.03966282, -0.01273302], [0.03665829, 0.03683399, -0.03188567, 0.04218277, 0.03103871, -0.00477262], [0.00879504, -0.0616198, 0.00691368, 0.02654335, -0.02457207, -0.01570872]], "number of molecular orbitals": 38, "number of electrons": 38, "number of unpaired electrons": 0, "orbital energies/eV": [-16.91240894, -16.54147559, -15.88926863, -15.82218175, -15.21869677, -14.66920547, -13.94613652, -13.74317781, -13.34686798, -13.20735019, -12.91041703, -12.55124754, -12.41000679, -12.08396036, -11.95800276, -11.87953511, -11.43228193, -11.36656865, -11.21845948, 1.91052659, 2.46061973, 2.80842116, 3.19030277, 3.57012025, 3.65700354, 4.00866445, 4.57815671, 4.85926467, 5.25443953, 5.54046134, 5.96004992, 6.07746866, 6.43081829, 7.03305238, 7.26026154, 7.58622991, 7.92168424, 8.23434805], "fractional occupation": [2.0, 2.0, 2.0, 2.0, 2.0, 2.0, 2.0, 2.0, 2.0, 2.0, 2.0, 2.0, 2.0, 2.0, 2.0, 2.0, 2.0, 2.0, 2.0, 0.0, 0.0, 0.0, 0.0, 0.0, 0.0, 0.0, 0.0, 0.0, 0.0, 0.0, 0.0, 0.0, 0.0, 0.0, 0.0, 0.0, 0.0, 0.0], "program call": "xtb /home/svss/Project-DBcg-Debug/aqme2_20220329/End-to-End-workflows-final/example-3/QDESCP/mol_479_rdkit_conf_3/mol_479_rdkit_conf_3.xyz --pop --wbo --acc 0.2 --gfn 2 --chrg 0 --uhf 0 --etemp 300 --input /home/svss/Project-DBcg-Debug/aqme2_20220329/End-to-End-workflows-final/example-3/QDESCP/mol_479_rdkit_conf_3/mol_479_rdkit_conf_3_xtb.inp", "method": "GFN2-xTB", "xtb version": "6.3.3 (7355c4f)", "Dipole module/D": 0.017, "Total charge": 0, "Transition dipole module/D": NaN, "HOMO": -11.2185, "LUMO": 1.9105, "HOMO occupancy": 2.0, "LUMO occupancy": 0, "mulliken charges": [-0.08506, -0.03853, -0.05479, -3e-05, -0.09047, -0.09154, 0.02681, 0.02673, 0.02757, 0.0229, 0.02229, 0.02376, 0.02385, 0.01957, 0.02767, 0.02686, 0.02824, 0.02704, 0.02885, 0.02831], "cm5 charges": [-0.23559, -0.1511, -0.16315, -0.07458, -0.23902, -0.24002, 0.07873, 0.07819, 0.07835, 0.07711, 0.07738, 0.07909, 0.07926, 0.07835, 0.07905, 0.07868, 0.07959, 0.07897, 0.08095, 0.07976], "FUKUI+": [0.028, -0.014, -0.04, -0.046, 0.007, 0.032, -0.034, -0.048, -0.068, -0.095, -0.065, -0.075, -0.071, -0.083, -0.067, -0.068, -0.112, -0.057, -0.059, -0.067], "FUKUI-": [0.022, 0.01, 0.003, -0.018, 0.026, 0.026, -0.086, -0.064, -0.067, -0.125, -0.079, -0.068, -0.067, -0.102, -0.054, -0.082, -0.084, -0.077, -0.044, -0.072], "FUKUIrad": [0.025, -0.002, -0.018, -0.032, 0.016, 0.029, -0.06, -0.056, -0.067, -0.11, -0.072, -0.071, -0.069, -0.092, -0.06, -0.075, -0.098, -0.067, -0.052, -0.069], "s proportion": [1.007, 1.026, 1.036, 1.051, 1.013, 1.012, 0.973, 0.973, 0.972, 0.977, 0.978, 0.976, 0.976, 0.98, 0.972, 0.973, 0.972, 0.973, 0.971, 0.972], "p proportion": [3.078, 3.012, 3.019, 2.949, 3.077, 3.08, 0.0, 0.0, 0.0, 0.0, 0.0, 0.0, 0.0, 0.0, 0.0, 0.0, 0.0, 0.0, 0.0, 0.0], "d proportion": [0.0, 0.0, 0.0, 0.0, 0.0, 0.0, 0.0, 0.0, 0.0, 0.0, 0.0, 0.0, 0.0, 0.0, 0.0, 0.0, 0.0, 0.0, 0.0, 0.0], "Fermi-level/eV": -4.654, "Coordination numbers": [3.749, 3.798, 3.802, 3.847, 3.753, 3.752, 0.924, 0.924, 0.924, 0.924, 0.924, 0.923, 0.924, 0.924, 0.924, 0.924, 0.924, 0.924, 0.924, 0.924], "Dispersion coefficient C6": [22.446, 21.482, 21.671, 20.702, 22.536, 22.506, 2.546, 2.559, 2.61, 2.646, 2.583, 2.613, 2.607, 2.577, 2.597, 2.558, 2.566, 2.56, 2.546, 2.588], "Total dispersion C6": 2549.071864, "Total dispersion C8": 52371.893514, "Polarizability alpha": [6.757, 6.599, 6.628, 6.472, 6.769, 6.765, 2.495, 2.502, 2.527, 2.544, 2.513, 2.528, 2.525, 2.51, 2.52, 2.501, 2.505, 2.502, 2.495, 2.516], "Total polarizability alpha": 75.17466, "Wiberg matrix": [[0.0, 1.0210228901451999, 0.0, 0.0, 0.0, 0.0, 0.9860033790436563, 0.9874621142242439, 0.9873741791992523, 0.0, 0.0, 0.0, 0.0, 0.0, 0.0, 0.0, 0.0, 0.0, 0.0, 0.0], [1.0210228901451999, 0.0, 1.0069914124665087, 0.0, 0.0, 0.0, 0.0, 0.0, 0.0, 0.9777613836279844, 0.9763227396423769, 0.0, 0.0, 0.0, 0.0, 0.0, 0.0, 0.0, 0.0, 0.0], [0.0, 1.0069914124665087, 0.0, 0.995782994148697, 0.0, 0.0, 0.0, 0.0, 0.0, 0.0, 0.0, 0.9765997426102955, 0.9766192880968385, 0.0, 0.0, 0.0, 0.0, 0.0, 0.0, 0.0], [0.0, 0.0, 0.995782994148697, 0.0, 1.0077576994592337, 1.010030507235611, 0.0, 0.0, 0.0, 0.0, 0.0, 0.0, 0.0, 0.9676160806085471, 0.0, 0.0, 0.0, 0.0, 0.0, 0.0], [0.0, 0.0, 0.0, 1.0077576994592337, 0.0, 0.0, 0.0, 0.0, 0.0, 0.0, 0.0, 0.0, 0.0, 0.0, 0.9869743168559554, 0.9870705101277378, 0.9866272738740862, 0.0, 0.0, 0.0], [0.0, 0.0, 0.0, 1.010030507235611, 0.0, 0.0, 0.0, 0.0, 0.0, 0.0, 0.0, 0.0, 0.0, 0.0, 0.0, 0.0, 0.0, 0.9869788003060762, 0.9847857894944962, 0.986195449897389], [0.9860033790436563, 0.0, 0.0, 0.0, 0.0, 0.0, 0.0, 0.0, 0.0, 0.0, 0.0, 0.0, 0.0, 0.0, 0.0, 0.0, 0.0, 0.0, 0.0, 0.0], [0.9874621142242439, 0.0, 0.0, 0.0, 0.0, 0.0, 0.0, 0.0, 0.0, 0.0, 0.0, 0.0, 0.0, 0.0, 0.0, 0.0, 0.0, 0.0, 0.0, 0.0], [0.9873741791992523, 0.0, 0.0, 0.0, 0.0, 0.0, 0.0, 0.0, 0.0, 0.0, 0.0, 0.0, 0.0, 0.0, 0.0, 0.0, 0.0, 0.0, 0.0, 0.0], [0.0, 0.9777613836279844, 0.0, 0.0, 0.0, 0.0, 0.0, 0.0, 0.0, 0.0, 0.0, 0.0, 0.0, 0.0, 0.0, 0.0, 0.0, 0.0, 0.0, 0.0], [0.0, 0.9763227396423769, 0.0, 0.0, 0.0, 0.0, 0.0, 0.0, 0.0, 0.0, 0.0, 0.0, 0.0, 0.0, 0.0, 0.0, 0.0, 0.0, 0.0, 0.0], [0.0, 0.0, 0.9765997426102955, 0.0, 0.0, 0.0, 0.0, 0.0, 0.0, 0.0, 0.0, 0.0, 0.0, 0.0, 0.0, 0.0, 0.0, 0.0, 0.0, 0.0], [0.0, 0.0, 0.9766192880968385, 0.0, 0.0, 0.0, 0.0, 0.0, 0.0, 0.0, 0.0, 0.0, 0.0, 0.0, 0.0, 0.0, 0.0, 0.0, 0.0, 0.0], [0.0, 0.0, 0.0, 0.9676160806085471, 0.0, 0.0, 0.0, 0.0, 0.0, 0.0, 0.0, 0.0, 0.0, 0.0, 0.0, 0.0, 0.0, 0.0, 0.0, 0.0], [0.0, 0.0, 0.0, 0.0, 0.9869743168559554, 0.0, 0.0, 0.0, 0.0, 0.0, 0.0, 0.0, 0.0, 0.0, 0.0, 0.0, 0.0, 0.0, 0.0, 0.0], [0.0, 0.0, 0.0, 0.0, 0.9870705101277378, 0.0, 0.0, 0.0, 0.0, 0.0, 0.0, 0.0, 0.0, 0.0, 0.0, 0.0, 0.0, 0.0, 0.0, 0.0], [0.0, 0.0, 0.0, 0.0, 0.9866272738740862, 0.0, 0.0, 0.0, 0.0, 0.0, 0.0, 0.0, 0.0, 0.0, 0.0, 0.0, 0.0, 0.0, 0.0, 0.0], [0.0, 0.0, 0.0, 0.0, 0.0, 0.9869788003060762, 0.0, 0.0, 0.0, 0.0, 0.0, 0.0, 0.0, 0.0, 0.0, 0.0, 0.0, 0.0, 0.0, 0.0], [0.0, 0.0, 0.0, 0.0, 0.0, 0.9847857894944962, 0.0, 0.0, 0.0, 0.0, 0.0, 0.0, 0.0, 0.0, 0.0, 0.0, 0.0, 0.0, 0.0, 0.0], [0.0, 0.0, 0.0, 0.0, 0.0, 0.986195449897389, 0.0, 0.0, 0.0, 0.0, 0.0, 0.0, 0.0, 0.0, 0.0, 0.0, 0.0, 0.0, 0.0, 0.0]], "Born radii": [], "Atomic SASAs": [], "Solvent H bonds": [], "Total SASA": NaN, "Total FOD": 0.0, "FOD": [0.0, 0.0, 0.0, 0.0, 0.0, 0.0, 0.0, 0.0, 0.0, 0.0, 0.0, 0.0, 0.0, 0.0, 0.0, 0.0, 0.0, 0.0, 0.0, 0.0], "FOD s proportion": [0.0, 0.0, 0.0, 0.0, 0.0, 0.0, 0.0, 0.0, 0.0, 0.0, 0.0, 0.0, 0.0, 0.0, 0.0, 0.0, 0.0, 0.0, 0.0, 0.0], "FOD p proportion": [0.0, 0.0, 0.0, 0.0, 0.0, 0.0, 0.0, 0.0, 0.0, 0.0, 0.0, 0.0, 0.0, 0.0, 0.0, 0.0, 0.0, 0.0, 0.0, 0.0], "FOD d proportion": [0.0, 0.0, 0.0, 0.0, 0.0, 0.0, 0.0, 0.0, 0.0, 0.0, 0.0, 0.0, 0.0, 0.0, 0.0, 0.0, 0.0, 0.0, 0.0, 0.0], "coordinates": [["2.30880", "0.55890", "0.22640"], ["1.43360", "-0.54520", "0.79820"], ["0.25780", "-0.92710", "-0.10650"], ["-0.73930", "0.20370", "-0.42250"], ["-1.82980", "-0.31760", "-1.36280"], ["-1.37980", "0.78600", "0.83790"], ["1.77150", "1.51030", "0.17410"], ["2.65960", "0.30230", "-0.77810"], ["3.18650", "0.70980", "0.86320"], ["2.05420", "-1.43730", "0.94740"], ["1.07450", "-0.25260", "1.79080"], ["-0.27880", "-1.76000", "0.36660"], ["0.66020", "-1.31950", "-1.04960"], ["-0.21440", "1.01090", "-0.94690"], ["-1.39250", "-0.70490", "-2.28910"], ["-2.40590", "-1.12400", "-0.89610"], ["-2.52610", "0.48340", "-1.63320"], ["-1.87160", "0.00650", "1.42970"], ["-0.63610", "1.27820", "1.47170"], ["-2.13270", "1.53830", "0.57870"]], "bond_dist": [[0.0, 1.5205154027500019, 2.5545291953704505, 3.136582831681638, 4.519050658047551, 3.745834569224861, 1.0938868954329786, 1.0944973503850979, 1.094825255463172, 2.137633411041285, 2.1515984987910732, 3.4774454718945633, 2.8061440661519854, 2.8191266608650274, 4.650220680784946, 5.130356201083898, 5.18074033512586, 4.385067936759931, 3.2772855520994812, 4.561826596879807], [1.5205154027500019, 0.0, 1.5319384256555484, 2.6023939190675955, 3.920650752107359, 3.1126980402859505, 2.174570640379383, 2.169344126688986, 2.1568283218652335, 1.0969263466614338, 1.0953640171194232, 2.1434391430595827, 2.1475690652456327, 2.86054631495454, 4.188527974121696, 4.236439800115186, 4.759091090744113, 3.4099138082948666, 2.839374561413129, 4.136139285614062], [2.5545291953704505, 1.5319384256555484, 0.0, 1.540380813305593, 2.5115440868119356, 2.551144200158039, 2.8828705850245866, 2.7804881154214636, 3.4924265761788034, 2.144309261743744, 2.1729464857653533, 1.097946073356975, 1.0978802894669344, 2.1645066412464526, 2.7452879065773774, 2.7852352611583817, 3.474251336619157, 2.7867299402704955, 2.8553669711615006, 3.501740488671312], [3.136582831681638, 2.6023939190675955, 1.540380813305593, 0.0, 1.5313745557504865, 1.5290263895695195, 2.892620223949214, 3.4188732837003486, 4.161858640078973, 3.5175487573024484, 2.8977192790192774, 2.165838578934266, 2.161479331383948, 1.0963973777786955, 2.176331721038868, 2.1828054906473002, 2.1763916972824537, 2.179824756717842, 2.18018213229996, 2.1737346112163736], [4.519050658047551, 3.920650752107359, 2.5115440868119356, 1.5313745557504865, 0.0, 2.502701230670573, 4.321185220515316, 4.569558234665578, 5.583358527803853, 4.6557714860160395, 4.28770060172116, 2.7343999561146863, 2.7022209106584905, 2.1324638848055555, 1.0951092502577082, 1.0954364700885213, 1.0952400878346262, 2.811555494739522, 3.4649513099032148, 2.702875407783348], [3.745834569224861, 3.1126980402859505, 2.551144200158039, 1.5290263895695195, 2.502701230670573, 0.0, 3.3008987594290136, 4.377462055803569, 4.567005826578285, 4.092359849768835, 2.830246784292847, 2.8136170119616497, 3.4867443984324407, 2.1434197465732185, 3.4642565003186467, 2.776281183525905, 2.7407855917601434, 1.0953148999260442, 1.0940991591258993, 1.0954443573271988], [1.0938868954329786, 2.174570640379383, 2.8828705850245866, 2.892620223949214, 4.321185220515316, 3.3008987594290136, 0.0, 1.7761391978108023, 1.7657531141130687, 3.060434273105698, 2.491454254045215, 3.8646666647978836, 3.2772240417768206, 2.33448927390982, 4.580978201214234, 5.053269762243057, 4.77391062547258, 4.136438493438528, 2.7448449737644562, 3.9252086313978265], [1.0944973503850979, 2.169344126688986, 2.7804881154214636, 3.4188732837003486, 4.569558234665578, 4.377462055803569, 1.7761391978108023, 0.0, 1.7713118161407946, 2.5238992788936727, 3.069153503818276, 3.7679721256930767, 2.58873479715478, 2.96487493834057, 4.44039269096777, 5.263795773013995, 5.258847564818741, 5.0491238764759965, 4.1079945642612525, 5.13173864591719], [1.094825255463172, 2.1568283218652335, 3.4924265761788034, 4.161858640078973, 5.583358527803853, 4.567005826578285, 1.7657531141130687, 1.7713118161407946, 0.0, 2.4288333289873973, 2.499439841244434, 4.28425345772166, 3.762851846671617, 3.864355577583409, 5.736341375824839, 6.142710858407711, 6.238354645257034, 5.138086097955151, 3.9122399683557245, 5.390847905478322], [2.137633411041285, 1.0969263466614338, 2.144309261743744, 3.5175487573024484, 4.6557714860160395, 4.092359849768835, 3.060434273105698, 2.5238992788936727, 2.4288333289873973, 0.0, 1.7534679181553334, 2.425768523581753, 2.4382620531846038, 3.8377860401538797, 4.7844626553041465, 4.836232123254631, 5.5971182710391245, 4.210591095083919, 3.8583085452047503, 5.149783166309043], [2.1515984987910732, 1.0953640171194232, 2.1729464857653533, 2.8977192790192774, 4.28770060172116, 2.830246784292847, 2.491454254045215, 3.069153503818276, 2.499439841244434, 1.7534679181553334, 0.0, 2.4762918426550615, 3.062318118680683, 3.279130486882155, 4.789180336967903, 4.48240490473585, 5.02292667276758, 2.979434716519226, 2.317612092219058, 3.8681573209992375], [3.4774454718945633, 2.1434391430595827, 1.097946073356975, 2.165838578934266, 2.7343999561146863, 2.8136170119616497, 3.8646666647978836, 3.7679721256930767, 4.28425345772166, 2.425768523581753, 2.4762918426550615, 0.0, 1.7553870484881675, 3.0671348878065343, 3.066970197116366, 2.5541068301854564, 3.752652513889342, 2.605324490346644, 3.252624869240226, 3.7895533391153107], [2.8061440661519854, 2.1475690652456327, 1.0978802894669344, 2.161479331383948, 2.7022209106584905, 3.4867443984324407, 3.2772240417768206, 2.58873479715478, 3.762851846671617, 2.4382620531846038, 3.062318118680683, 1.7553870484881675, 0.0, 2.4912319462466757, 2.4754132382291245, 3.0761585963665787, 3.7072287574413316, 3.7835453915606725, 3.8451778463420907, 4.314935936952019], [2.8191266608650274, 2.86054631495454, 2.1645066412464526, 1.0963973777786955, 2.1324638848055555, 2.1434197465732185, 2.33448927390982, 2.96487493834057, 3.864355577583409, 3.8377860401538797, 3.279130486882155, 3.0671348878065343, 2.4912319462466757, 0.0, 2.47656820822686, 3.059910276462367, 2.468445022681283, 3.066489647789472, 2.469596351633198, 2.507086159269362], [4.650220680784946, 4.188527974121696, 2.7452879065773774, 2.176331721038868, 1.0951092502577082, 3.4642565003186467, 4.580978201214234, 4.44039269096777, 5.736341375824839, 4.7844626553041465, 4.789180336967903, 3.066970197116366, 2.4754132382291245, 2.47656820822686, 0.0, 1.7728715040859557, 1.768420385541854, 3.8164250562535615, 4.318384328658115, 3.7153894977512114], [5.130356201083898, 4.236439800115186, 2.7852352611583817, 2.1828054906473002, 1.0954364700885213, 2.776281183525905, 5.053269762243057, 5.263795773013995, 6.142710858407711, 4.836232123254631, 4.48240490473585, 2.5541068301854564, 3.0761585963665787, 3.059910276462367, 1.7728715040859557, 0.0, 1.7724274907594952, 2.6406159092151213, 3.80909880680457, 3.055734702162477], [5.18074033512586, 4.759091090744113, 3.474251336619157, 2.1763916972824537, 1.0952400878346262, 2.7407855917601434, 4.77391062547258, 5.258847564818741, 6.238354645257034, 5.5971182710391245, 5.02292667276758, 3.752652513889342, 3.7072287574413316, 2.468445022681283, 1.768420385541854, 1.7724274907594952, 0.0, 3.1681477664401956, 3.7207809731291626, 2.481950680412486], [4.385067936759931, 3.4099138082948666, 2.7867299402704955, 2.179824756717842, 2.811555494739522, 1.0953148999260442, 4.136438493438528, 5.0491238764759965, 5.138086097955151, 4.210591095083919, 2.979434716519226, 2.605324490346644, 3.7835453915606725, 3.066489647789472, 3.8164250562535615, 2.6406159092151213, 3.1681477664401956, 0.0, 1.773540284290154, 1.771661776412191], [3.2772855520994812, 2.839374561413129, 2.8553669711615006, 2.18018213229996, 3.4649513099032148, 1.0940991591258993, 2.7448449737644562, 4.1079945642612525, 3.9122399683557245, 3.8583085452047503, 2.317612092219058, 3.252624869240226, 3.8451778463420907, 2.469596351633198, 4.318384328658115, 3.80909880680457, 3.7207809731291626, 1.773540284290154, 0.0, 1.762076210043141], [4.561826596879807, 4.136139285614062, 3.501740488671312, 2.1737346112163736, 2.702875407783348, 1.0954443573271988, 3.9252086313978265, 5.13173864591719, 5.390847905478322, 5.149783166309043, 3.8681573209992375, 3.7895533391153107, 4.314935936952019, 2.507086159269362, 3.7153894977512114, 3.055734702162477, 2.481950680412486, 1.771661776412191, 1.762076210043141, 0.0]]}