{"total energy": -22.48471244, "HOMO-LUMO gap/eV": 3.16887895, "electronic energy": -22.84641838, "dipole": [0.18562195, 0.29542471, -0.63391229], "partial charges": [-0.09449311, -0.06098916, 0.09801467, -0.0453806, -0.01303344, -0.04139187, 0.05611018, -0.23703421, 0.04287563, 0.03297765, 0.0382892, 0.03595562, 0.05404388, 0.03325165, 0.03120717, 0.03261404, 0.03698269], "atomic dipole moments": [[0.05730178, -0.09455868, -0.02879087], [0.03257403, 0.10781591, 0.0215255], [-0.03546367, -0.01726979, 0.02955941], [0.00437614, 0.00200565, -0.00363056], [0.00515321, -0.00050487, 0.00058159], [0.0052233, 0.00421529, -0.01241754], [-0.03978862, 0.00279144, -0.03029596], [0.14864523, 0.0978163, -0.20743392], [0.02534899, 0.04024972, 0.11987407], [0.0272974, 0.09648168, -0.07675928], [-0.12328643, -0.01967463, -0.00771279], [-0.03293449, -0.04123044, -0.11375967], [-0.03655772, -0.09484227, 0.07596112], [-0.06688612, 0.03574811, -0.13245709], [0.08108213, 0.05369265, -0.1138646], [0.14985387, 0.01895631, 0.02033314], [0.05472896, -0.03644196, 0.13297064]], "atomic quadrupole moments": [[-0.02391257, -0.15447836, 0.13471419, -0.0461543, 0.0663281, -0.11080162], [0.15405078, -0.08963105, 0.00949846, -0.0121649, 0.05809296, -0.16354924], [-0.09758533, -0.11427391, 0.37065374, 0.04728391, 0.26933576, -0.27306841], [-0.21075745, -0.107951, 0.40317937, -0.032692, 0.23859405, -0.19242192], [-0.26657006, -0.128351, 0.45511772, -0.03975184, 0.25586634, -0.18854767], [-0.24954361, -0.11858421, 0.4135366, -0.03319385, 0.22817984, -0.16399298], [-0.19103587, -0.13564788, 0.44006687, 0.0226751, 0.28259971, -0.249031], [-0.12927898, -0.07605936, 0.24995447, 0.00433742, 0.15059612, -0.12067549], [-0.03533886, -0.00275193, -0.02725787, 0.03428681, 0.02270506, 0.06259673], [-0.03428503, 0.0191285, 0.0202049, -0.03350853, -0.05219672, 0.01408013], [0.07457163, 0.02426483, -0.02185936, 0.00901516, 0.00911668, -0.05271227], [-0.01928017, -0.00433321, -0.03765563, 0.0139111, 0.01643579, 0.05693581], [-0.0180664, 0.00681321, 0.00771209, -0.01830659, -0.04610422, 0.01035431], [0.03397886, 0.01615243, -0.05280374, 0.00470472, -0.0281174, 0.01882489], [0.03395398, 0.01384632, -0.05644944, 0.01073477, -0.02988648, 0.02249546], [0.02748875, 0.01445984, -0.05248492, 0.00279343, -0.03087671, 0.02499618], [0.04634563, 0.01752206, -0.0592097, 0.00776667, -0.02786312, 0.01286407]], "number of molecular orbitals": 41, "number of electrons": 42, "number of unpaired electrons": 0, "orbital energies/eV": [-17.81534459, -17.16991824, -16.93521196, -16.60993738, -15.93413507, -15.80362703, -15.3149156, -14.42194393, -14.10475596, -13.8212902, -13.57623027, -13.33849701, -13.2376261, -12.83006483, -12.69203203, -12.3509366, -11.81765149, -11.67128531, -11.63510662, -11.05576079, -9.95270399, -6.78382504, -6.29534517, -3.09576701, 2.35719521, 2.93019984, 3.64412651, 3.77678739, 3.92504533, 4.36959915, 4.63261095, 4.7292203, 5.22121011, 6.68421135, 6.97824263, 7.69308042, 9.98045704, 11.2770176, 11.69591076, 16.21143558, 16.26986536], "fractional occupation": [2.0, 2.0, 2.0, 2.0, 2.0, 2.0, 2.0, 2.0, 2.0, 2.0, 2.0, 2.0, 2.0, 2.0, 2.0, 2.0, 2.0, 2.0, 2.0, 2.0, 2.0, 0.0, 0.0, 0.0, 0.0, 0.0, 0.0, 0.0, 0.0, 0.0, 0.0, 0.0, 0.0, 0.0, 0.0, 0.0, 0.0, 0.0, 0.0, 0.0, 0.0], "program call": "xtb /home/svss/Project-DBcg-Debug/aqme2_20220329/End-to-End-workflows-final/example-3/QDESCP/mol_869_rdkit_conf_1/mol_869_rdkit_conf_1.xyz --pop --wbo --acc 0.2 --gfn 2 --chrg 0 --uhf 0 --etemp 300 --input /home/svss/Project-DBcg-Debug/aqme2_20220329/End-to-End-workflows-final/example-3/QDESCP/mol_869_rdkit_conf_1/mol_869_rdkit_conf_1_xtb.inp", "method": "GFN2-xTB", "xtb version": "6.3.3 (7355c4f)", "Dipole module/D": 1.839, "Total charge": 0, "Transition dipole module/D": NaN, "HOMO": -9.9527, "LUMO": -6.7838, "HOMO occupancy": 2.0, "LUMO occupancy": 0, "mulliken charges": [-0.0758, -0.04962, 0.16809, -0.06226, -0.00106, -0.05603, 0.14064, -0.34255, 0.0354, 0.02566, 0.02977, 0.02634, 0.03927, 0.03391, 0.03005, 0.03413, 0.02407], "cm5 charges": [-0.22376, -0.14953, 0.22762, -0.11046, -0.05432, -0.10634, 0.1614, -0.52645, 0.08772, 0.07737, 0.08064, 0.08194, 0.09767, 0.0908, 0.08566, 0.09023, 0.0898], "FUKUI+": [0.016, 0.015, -0.06, -0.038, -0.092, -0.042, -0.038, -0.171, -0.02, -0.02, -0.046, -0.048, -0.047, -0.097, -0.109, -0.099, -0.103], "FUKUI-": [0.018, 0.003, -0.025, -0.034, -0.024, -0.036, -0.013, -0.195, -0.038, -0.061, -0.075, -0.062, -0.074, -0.085, -0.11, -0.093, -0.098], "FUKUIrad": [0.017, 0.009, -0.042, -0.036, -0.058, -0.039, -0.025, -0.183, -0.029, -0.041, -0.061, -0.055, -0.06, -0.091, -0.11, -0.096, -0.101], "s proportion": [1.007, 1.028, 1.062, 1.063, 1.062, 1.06, 1.031, 1.56, 0.965, 0.974, 0.97, 0.974, 0.961, 0.966, 0.97, 0.966, 0.976], "p proportion": [3.069, 3.022, 2.77, 2.999, 2.939, 2.996, 2.829, 3.782, 0.0, 0.0, 0.0, 0.0, 0.0, 0.0, 0.0, 0.0, 0.0], "d proportion": [0.0, 0.0, 0.0, 0.0, 0.0, 0.0, 0.0, 0.0, 0.0, 0.0, 0.0, 0.0, 0.0, 0.0, 0.0, 0.0, 0.0], "Fermi-level/eV": -8.3683, "Coordination numbers": [3.751, 3.806, 2.936, 2.91, 2.924, 2.907, 2.885, 1.834, 0.924, 0.924, 0.924, 0.924, 0.924, 0.925, 0.925, 0.925, 0.925], "Dispersion coefficient C6": [22.366, 21.668, 25.827, 29.127, 28.339, 29.028, 26.739, 27.047, 2.411, 2.545, 2.472, 2.504, 2.27, 2.541, 2.569, 2.549, 2.489], "Total dispersion C6": 3031.663699, "Total dispersion C8": 70569.461041, "Polarizability alpha": [6.745, 6.627, 8.335, 8.85, 8.73, 8.834, 8.478, 7.707, 2.428, 2.495, 2.459, 2.474, 2.356, 2.493, 2.507, 2.497, 2.467], "Total polarizability alpha": 86.480146, "Wiberg matrix": [[0.0, 1.00163780914366, 0.0, 0.0, 0.0, 0.0, 0.0, 0.0, 0.9872566071788397, 0.9876783741041009, 0.9853598650178037, 0.0, 0.0, 0.0, 0.0, 0.0, 0.0], [1.00163780914366, 0.0, 1.0090856619429374, 0.0, 0.0, 0.0, 0.0, 0.0, 0.0, 0.0, 0.0, 0.9717268454439099, 0.9716500885015902, 0.0, 0.0, 0.0, 0.0], [0.0, 1.0090856619429374, 0.0, 1.4020909893800237, 0.0, 0.10682920883947641, 0.0, 1.4055131049393361, 0.0, 0.0, 0.0, 0.0, 0.0, 0.0, 0.0, 0.0, 0.0], [0.0, 0.0, 1.4020909893800237, 0.0, 1.4476342523248047, 0.0, 0.11315764805377022, 0.0, 0.0, 0.0, 0.0, 0.0, 0.0, 0.9686226974318299, 0.0, 0.0, 0.0], [0.0, 0.0, 0.0, 1.4476342523248047, 0.0, 1.4316250915949902, 0.0, 0.1070685343834219, 0.0, 0.0, 0.0, 0.0, 0.0, 0.0, 0.9705523288060536, 0.0, 0.0], [0.0, 0.0, 0.10682920883947641, 0.0, 1.4316250915949902, 0.0, 1.439751601950838, 0.0, 0.0, 0.0, 0.0, 0.0, 0.0, 0.0, 0.0, 0.9696868365773056, 0.0], [0.0, 0.0, 0.0, 0.11315764805377022, 0.0, 1.439751601950838, 0.0, 1.430198434572946, 0.0, 0.0, 0.0, 0.0, 0.0, 0.0, 0.0, 0.0, 0.9651082905801773], [0.0, 0.0, 1.4055131049393361, 0.0, 0.1070685343834219, 0.0, 1.430198434572946, 0.0, 0.0, 0.0, 0.0, 0.0, 0.0, 0.0, 0.0, 0.0, 0.0], [0.9872566071788397, 0.0, 0.0, 0.0, 0.0, 0.0, 0.0, 0.0, 0.0, 0.0, 0.0, 0.0, 0.0, 0.0, 0.0, 0.0, 0.0], [0.9876783741041009, 0.0, 0.0, 0.0, 0.0, 0.0, 0.0, 0.0, 0.0, 0.0, 0.0, 0.0, 0.0, 0.0, 0.0, 0.0, 0.0], [0.9853598650178037, 0.0, 0.0, 0.0, 0.0, 0.0, 0.0, 0.0, 0.0, 0.0, 0.0, 0.0, 0.0, 0.0, 0.0, 0.0, 0.0], [0.0, 0.9717268454439099, 0.0, 0.0, 0.0, 0.0, 0.0, 0.0, 0.0, 0.0, 0.0, 0.0, 0.0, 0.0, 0.0, 0.0, 0.0], [0.0, 0.9716500885015902, 0.0, 0.0, 0.0, 0.0, 0.0, 0.0, 0.0, 0.0, 0.0, 0.0, 0.0, 0.0, 0.0, 0.0, 0.0], [0.0, 0.0, 0.0, 0.9686226974318299, 0.0, 0.0, 0.0, 0.0, 0.0, 0.0, 0.0, 0.0, 0.0, 0.0, 0.0, 0.0, 0.0], [0.0, 0.0, 0.0, 0.0, 0.9705523288060536, 0.0, 0.0, 0.0, 0.0, 0.0, 0.0, 0.0, 0.0, 0.0, 0.0, 0.0, 0.0], [0.0, 0.0, 0.0, 0.0, 0.0, 0.9696868365773056, 0.0, 0.0, 0.0, 0.0, 0.0, 0.0, 0.0, 0.0, 0.0, 0.0, 0.0], [0.0, 0.0, 0.0, 0.0, 0.0, 0.0, 0.9651082905801773, 0.0, 0.0, 0.0, 0.0, 0.0, 0.0, 0.0, 0.0, 0.0, 0.0]], "Born radii": [], "Atomic SASAs": [], "Solvent H bonds": [], "Total SASA": NaN, "Total FOD": 0.0, "FOD": [0.0, 0.0, 0.0, 0.0, 0.0, 0.0, 0.0, 0.0, 0.0, 0.0, 0.0, 0.0, 0.0, 0.0, 0.0, 0.0, 0.0], "FOD s proportion": [0.0, 0.0, 0.0, 0.0, 0.0, 0.0, 0.0, 0.0, 0.0, 0.0, 0.0, 0.0, 0.0, 0.0, 0.0, 0.0, 0.0], "FOD p proportion": [0.0, 0.0, 0.0, 0.0, 0.0, 0.0, 0.0, 0.0, 0.0, 0.0, 0.0, 0.0, 0.0, 0.0, 0.0, 0.0, 0.0], "FOD d proportion": [0.0, 0.0, 0.0, 0.0, 0.0, 0.0, 0.0, 0.0, 0.0, 0.0, 0.0, 0.0, 0.0, 0.0, 0.0, 0.0, 0.0], "coordinates": [["-2.39080", "0.68030", "0.23220"], ["-1.63220", "-0.58770", "-0.12650"], ["-0.14270", "-0.39040", "-0.02390"], ["0.58110", "0.11200", "-1.10290"], ["1.95360", "0.29840", "-0.96320"], ["2.56370", "-0.01590", "0.24450"], ["1.77070", "-0.50470", "1.26830"], ["0.43740", "-0.69550", "1.16190"], ["-2.16090", "1.00410", "1.25310"], ["-2.13560", "1.50190", "-0.44570"], ["-3.46960", "0.50810", "0.16500"], ["-1.89680", "-0.91180", "-1.13980"], ["-1.93500", "-1.39680", "0.54890"], ["0.08820", "0.35650", "-2.03810"], ["2.54070", "0.68710", "-1.79010"], ["3.62990", "0.11790", "0.38610"], ["2.19830", "-0.76370", "2.23240"]], "bond_dist": [[0.0, 1.5205142715542002, 2.503185832094773, 3.307211288986538, 4.522017263346084, 5.003190580019913, 4.44924830280352, 3.2796162839576217, 1.095416477874968, 1.0953090933613214, 1.0945218682146096, 2.1589817993674703, 2.149976032424548, 3.3770622632696607, 5.33005026055102, 6.048868279273404, 5.210160731685732], [1.5205142715542002, 0.0, 1.5060093957210228, 2.5182601017369115, 3.787241970088523, 4.250902615915824, 3.6785981637031244, 2.4402539949767528, 2.1717843101928884, 2.1729538329196045, 2.1591175628019887, 1.0962804659392595, 1.096583699495848, 2.7396175572513766, 4.669665342398747, 5.333884750348474, 4.502012378925674], [2.503185832094773, 1.5060093957210228, 0.0, 1.3930302222134305, 2.3981667206430832, 2.7453396456540675, 2.3116974045060483, 1.3548887998651402, 2.7655904414789982, 2.7803533840143415, 3.451267748233973, 2.1433519496340305, 2.133841627206668, 2.160596227896365, 3.3883778198424097, 3.8287046961080717, 3.2726936275795815], [3.307211288986538, 2.5182601017369115, 1.3930302222134305, 0.0, 1.3921268979514763, 2.400530760061199, 2.7236109285285224, 2.4087392926591287, 3.7235926750921617, 3.1215689548686893, 4.262937497782485, 2.6813273690469055, 3.3668501436802916, 1.0850482477751853, 2.154765882874518, 3.3929835322323627, 3.8087284518589666], [4.522017263346084, 3.787241970088523, 2.3981667206430832, 1.3921268979514763, 0.0, 1.389080915569716, 2.378658081776362, 2.79334023348392, 4.726426602624862, 4.293923047750157, 5.543275887956506, 4.039969277110904, 4.503483030943938, 2.1537183613462556, 1.0860652420550068, 2.1594379893852014, 3.376358076389411], [5.003190580019913, 4.250902615915824, 2.7453396456540675, 2.400530760061199, 1.389080915569716, 0.0, 1.3841751623259246, 2.4134271503403615, 4.93756206239476, 4.986332657374556, 6.056534086422696, 4.755521375201671, 4.715702053777359, 3.3877787368716983, 2.152750603298023, 1.0838521301358413, 2.155102876894744], [4.44924830280352, 3.6785981637031244, 2.3116974045060483, 2.7236109285285224, 2.378658081776362, 1.3841751623259246, 0.0, 1.3510790095327512, 4.211197815348977, 4.714172170169435, 5.450117321672993, 4.406271924200775, 3.878864686992832, 3.8085105553221195, 3.371512687207331, 2.1500074976613455, 1.0860071684846286], [3.2796162839576217, 2.4402539949767528, 1.3548887998651402, 2.4087392926591287, 2.79334023348392, 2.4134271503403615, 1.3510790095327512, 0.0, 3.10614238083189, 3.7461011091533556, 4.207981888031363, 3.285285104827281, 2.548700149095613, 3.38653874036604, 3.8794017128933684, 3.384603588309863, 2.0618899825160413], [1.095416477874968, 2.1717843101928884, 2.7655904414789982, 3.7235926750921617, 4.726426602624862, 4.93756206239476, 4.211197815348977, 3.10614238083189, 0.0, 1.7704141803544164, 1.772758669418937, 3.0767502384821555, 2.5122199863865426, 4.0385435505885035, 5.60950958640771, 5.922027024592171, 4.804869401971296], [1.0953090933613214, 2.1729538329196045, 2.7803533840143415, 3.1215689548686893, 4.293923047750157, 4.986332657374556, 4.714172170169435, 3.7461011091533556, 1.7704141803544164, 0.0, 1.7720465371992913, 2.5228452073006777, 3.0711449347108317, 2.9652934694562694, 4.9334665388548045, 5.987348118324172, 5.57564813990266], [1.0945218682146096, 2.1591175628019887, 3.451267748233973, 4.262937497782485, 5.543275887956506, 6.056534086422696, 5.450117321672993, 4.207981888031363, 1.772758669418937, 1.7720465371992913, 0.0, 2.4884370375800144, 2.476089735853691, 4.187430358823893, 6.322828726131999, 7.113651769660924, 6.165769085037161], [2.1589817993674703, 1.0962804659392595, 2.1433519496340305, 2.6813273690469055, 4.039969277110904, 4.755521375201671, 4.406271924200775, 3.285285104827281, 3.0767502384821555, 2.5228452073006777, 2.4884370375800144, 0.0, 1.7573821240697765, 2.5210618358144252, 4.761383995226598, 5.825209506103621, 5.306930417859274], [2.149976032424548, 1.096583699495848, 2.133841627206668, 3.3668501436802916, 4.503483030943938, 4.715702053777359, 3.878864686992832, 2.548700149095613, 2.5122199863865426, 3.0711449347108317, 2.476089735853691, 1.7573821240697765, 0.0, 3.7228978135318194, 5.4630990014825835, 5.769656137067442, 4.507677533941397], [3.3770622632696607, 2.7396175572513766, 2.160596227896365, 1.0850482477751853, 2.1537183613462556, 3.3877787368716983, 3.8085105553221195, 3.38653874036604, 4.0385435505885035, 2.9652934694562694, 4.187430358823893, 2.5210618358144252, 3.7228978135318194, 0.0, 2.4870779260007114, 4.298524687610855, 4.893315879850799], [5.33005026055102, 4.669665342398747, 3.3883778198424097, 2.154765882874518, 1.0860652420550068, 2.152750603298023, 3.371512687207331, 3.8794017128933684, 5.60950958640771, 4.9334665388548045, 6.322828726131999, 4.761383995226598, 5.4630990014825835, 2.4870779260007114, 0.0, 2.499238227940666, 4.289821051046302], [6.048868279273404, 5.333884750348474, 3.8287046961080717, 3.3929835322323627, 2.1594379893852014, 1.0838521301358413, 2.1500074976613455, 3.384603588309863, 5.922027024592171, 5.987348118324172, 7.113651769660924, 5.825209506103621, 5.769656137067442, 4.298524687610855, 2.499238227940666, 0.0, 2.4971024828789066], [5.210160731685732, 4.502012378925674, 3.2726936275795815, 3.8087284518589666, 3.376358076389411, 2.155102876894744, 1.0860071684846286, 2.0618899825160413, 4.804869401971296, 5.57564813990266, 6.165769085037161, 5.306930417859274, 4.507677533941397, 4.893315879850799, 4.289821051046302, 2.4971024828789066, 0.0]]}