{"total energy": -24.05713656, "HOMO-LUMO gap/eV": 11.54708156, "electronic energy": -24.35521998, "dipole": [0.46982661, -0.40374758, 0.40151203], "partial charges": [-0.10022101, -0.05379504, -0.07252201, 0.14890389, -0.11555129, -0.10948258, -0.45676144, 0.03212859, 0.03396779, 0.03230373, 0.03094688, 0.03328416, 0.04165317, 0.02625167, 0.04587816, 0.03693705, 0.03010126, 0.03739648, 0.05047421, 0.0476948, 0.28041153], "atomic dipole moments": [[-0.09893568, -0.02642989, -0.00765437], [0.03157552, 0.10471618, 0.03379769], [-0.0404389, -0.09978355, -0.02579139], [-0.06347808, 0.1187281, 0.04312276], [0.03438406, 0.06967363, -0.06376425], [0.04206013, 0.01196444, 0.10867613], [0.14699884, -0.16323602, 0.07116792], [0.0298658, 0.03257257, 0.11775091], [0.02915857, 0.0959326, -0.0767121], [0.07244078, -0.09697716, -0.03168323], [-0.0165632, -0.0988925, 0.07260296], [-0.01728636, -0.03792073, -0.11740486], [0.02902933, 0.10261502, -0.06612699], [0.03110647, 0.04316267, 0.10955849], [-0.12806435, -0.00988264, 0.00939882], [0.04506546, -0.11714216, -0.03053599], [0.03058586, 0.02404152, 0.11850604], [0.04428703, -0.11177913, -0.04486051], [-0.12828361, -0.00376876, -0.01251908], [0.03035978, 0.09207119, -0.08371116], [0.02367102, 0.01105822, 0.07288217]], "atomic quadrupole moments": [[0.21381919, 0.08141519, -0.08845842, 0.02518329, 0.0143957, -0.12536077], [0.20344238, -0.04377069, 0.00597967, -0.01569739, 0.07621869, -0.20942205], [0.19960156, -0.08885759, -0.01295707, -0.02749164, 0.07572743, -0.18664449], [-0.0573253, -0.14782176, 0.14736724, -0.04444277, 0.08760244, -0.09004193], [-0.0955451, 0.05667912, 0.07060976, -0.04396383, -0.14679923, 0.02493535], [-0.08612829, 0.02123614, -0.09911861, 0.08307526, 0.06984586, 0.1852469], [-0.03269928, -0.11676586, 0.08228263, -0.00424025, 0.0493244, -0.04958334], [-0.02882282, 0.01184398, -0.04188377, 0.01175258, 0.03102647, 0.07070658], [-0.02879663, 0.01581483, 0.02607226, -0.00205832, -0.06283546, 0.00272438], [0.00347847, -0.04664122, 0.04086903, -0.01533246, 0.03132013, -0.0443475], [-0.01346592, 0.00947503, 0.00901918, -0.01730325, -0.04547887, 0.00444674], [-0.01300955, -0.002143, -0.03537901, 0.01967705, 0.01603769, 0.04838857], [-0.02126255, 0.00127938, 0.00676817, -0.01519537, -0.04890282, 0.01449438], [-0.02273944, -0.00693714, -0.039219, 0.01541224, 0.01419242, 0.06195844], [0.08089944, 0.00258434, -0.04174328, 0.01393632, -0.00882552, -0.03915615], [-0.0236629, -0.04653239, 0.04846962, -0.02444975, 0.03067143, -0.02480672], [-0.02770665, 0.02354368, -0.0330099, 0.04345026, 0.02824498, 0.06071655], [-0.02275353, -0.05462335, 0.05361737, -0.0066282, 0.02428865, -0.03086384], [0.08160467, 0.01071886, -0.05034329, -0.0101201, 0.00090221, -0.03126138], [-0.02733666, 0.04189502, 0.02462696, -0.01983453, -0.05080537, 0.0027097], [-0.06680244, -0.00592516, -0.04788934, 0.05138558, 0.05636178, 0.11469178]], "number of molecular orbitals": 42, "number of electrons": 44, "number of unpaired electrons": 0, "orbital energies/eV": [-18.40786097, -17.15255169, -16.76805281, -16.23578227, -16.14537882, -15.54540585, -15.17558908, -14.60224, -14.10622326, -13.94695097, -13.85962078, -13.10268854, -12.96399726, -12.71757318, -12.56894113, -12.49345708, -12.27312863, -12.16469795, -11.87465054, -11.75198196, -11.48132561, -10.8832948, 0.66378676, 1.67770339, 2.14901131, 2.63284956, 3.49178661, 3.52823491, 3.5527644, 4.3211839, 4.49833129, 4.72143378, 5.34029466, 5.55778667, 5.86473269, 6.10977225, 6.29912012, 6.85286549, 6.98529682, 7.22249967, 7.41793471, 8.12408551], "fractional occupation": [2.0, 2.0, 2.0, 2.0, 2.0, 2.0, 2.0, 2.0, 2.0, 2.0, 2.0, 2.0, 2.0, 2.0, 2.0, 2.0, 2.0, 2.0, 2.0, 2.0, 2.0, 2.0, 0.0, 0.0, 0.0, 0.0, 0.0, 0.0, 0.0, 0.0, 0.0, 0.0, 0.0, 0.0, 0.0, 0.0, 0.0, 0.0, 0.0, 0.0, 0.0, 0.0], "program call": "xtb /home/svss/Project-DBcg-Debug/aqme2_20220329/End-to-End-workflows-final/example-3/QDESCP/mol_927_rdkit_conf_3/mol_927_rdkit_conf_3.xyz --pop --wbo --acc 0.2 --gfn 2 --chrg 0 --uhf 0 --etemp 300 --input /home/svss/Project-DBcg-Debug/aqme2_20220329/End-to-End-workflows-final/example-3/QDESCP/mol_927_rdkit_conf_3/mol_927_rdkit_conf_3_xtb.inp", "method": "GFN2-xTB", "xtb version": "6.3.3 (7355c4f)", "Dipole module/D": 1.876, "Total charge": 0, "Transition dipole module/D": NaN, "HOMO": -10.8833, "LUMO": 0.6638, "HOMO occupancy": 2.0, "LUMO occupancy": 0, "mulliken charges": [-0.08232, -0.04025, -0.07759, 0.25069, -0.11482, -0.09629, -0.57112, 0.02696, 0.02859, 0.02908, 0.02121, 0.02344, 0.0371, 0.02349, 0.04213, 0.03052, 0.02782, 0.02424, 0.04336, 0.04061, 0.33314], "cm5 charges": [-0.23283, -0.15282, -0.18152, 0.2389, -0.25883, -0.23913, -0.77739, 0.07825, 0.07989, 0.07984, 0.0767, 0.07895, 0.09519, 0.08147, 0.09617, 0.08322, 0.08152, 0.07698, 0.09749, 0.09449, 0.50346], "FUKUI+": [0.021, -0.018, -0.002, -0.065, 0.036, 0.036, -0.171, -0.037, -0.038, -0.067, -0.046, -0.045, -0.062, -0.049, -0.059, -0.084, -0.048, -0.088, -0.058, -0.056, -0.102], "FUKUI-": [0.016, 0.005, -0.005, -0.021, 0.007, 0.026, -0.129, -0.072, -0.066, -0.077, -0.078, -0.074, -0.074, -0.058, -0.06, -0.057, -0.047, -0.046, -0.073, -0.063, -0.057], "FUKUIrad": [0.018, -0.006, -0.003, -0.043, 0.022, 0.031, -0.15, -0.054, -0.052, -0.072, -0.062, -0.059, -0.068, -0.054, -0.059, -0.071, -0.047, -0.067, -0.066, -0.059, -0.079], "s proportion": [1.008, 1.027, 1.046, 1.047, 1.023, 1.015, 1.702, 0.973, 0.971, 0.971, 0.979, 0.977, 0.963, 0.977, 0.958, 0.969, 0.972, 0.976, 0.957, 0.959, 0.667], "p proportion": [3.074, 3.014, 3.031, 2.703, 3.092, 3.081, 4.869, 0.0, 0.0, 0.0, 0.0, 0.0, 0.0, 0.0, 0.0, 0.0, 0.0, 0.0, 0.0, 0.0, 0.0], "d proportion": [0.0, 0.0, 0.0, 0.0, 0.0, 0.0, 0.0, 0.0, 0.0, 0.0, 0.0, 0.0, 0.0, 0.0, 0.0, 0.0, 0.0, 0.0, 0.0, 0.0, 0.0], "Fermi-level/eV": -5.1098, "Coordination numbers": [3.75, 3.799, 3.802, 3.771, 3.752, 3.752, 1.653, 0.924, 0.924, 0.924, 0.924, 0.924, 0.923, 0.923, 0.924, 0.924, 0.924, 0.924, 0.924, 0.924, 0.804], "Dispersion coefficient C6": [22.478, 21.543, 21.886, 18.218, 22.773, 22.654, 21.983, 2.557, 2.531, 2.554, 2.573, 2.54, 2.427, 2.641, 2.372, 2.49, 2.585, 2.484, 2.314, 2.349, 0.783], "Total dispersion C6": 2899.597179, "Total dispersion C8": 59970.497047, "Polarizability alpha": [6.762, 6.609, 6.661, 6.082, 6.805, 6.787, 6.329, 2.5, 2.488, 2.499, 2.509, 2.493, 2.436, 2.541, 2.409, 2.468, 2.514, 2.465, 2.379, 2.397, 1.39], "Total polarizability alpha": 79.522719, "Wiberg matrix": [[0.0, 1.0194376350407537, 0.0, 0.0, 0.0, 0.0, 0.0, 0.9876979855085184, 0.9876174903366862, 0.987268428746609, 0.0, 0.0, 0.0, 0.0, 0.0, 0.0, 0.0, 0.0, 0.0, 0.0, 0.0], [1.0194376350407537, 0.0, 1.0077736798404018, 0.0, 0.0, 0.0, 0.0, 0.0, 0.0, 0.0, 0.9763314066352448, 0.9761685713907071, 0.0, 0.0, 0.0, 0.0, 0.0, 0.0, 0.0, 0.0, 0.0], [0.0, 1.0077736798404018, 0.0, 0.9768941018358196, 0.0, 0.0, 0.0, 0.0, 0.0, 0.0, 0.0, 0.0, 0.9745317854567033, 0.9736370135366654, 0.0, 0.0, 0.0, 0.0, 0.0, 0.0, 0.0], [0.0, 0.0, 0.9768941018358196, 0.0, 0.9933717340271192, 0.9972484409007967, 0.9660329269645669, 0.0, 0.0, 0.0, 0.0, 0.0, 0.0, 0.0, 0.0, 0.0, 0.0, 0.0, 0.0, 0.0, 0.0], [0.0, 0.0, 0.0, 0.9933717340271192, 0.0, 0.0, 0.0, 0.0, 0.0, 0.0, 0.0, 0.0, 0.0, 0.0, 0.984395372109925, 0.9834199586811334, 0.9845699925756812, 0.0, 0.0, 0.0, 0.0], [0.0, 0.0, 0.0, 0.9972484409007967, 0.0, 0.0, 0.0, 0.0, 0.0, 0.0, 0.0, 0.0, 0.0, 0.0, 0.0, 0.0, 0.0, 0.9837139995130991, 0.9837546420743211, 0.984658407661031, 0.0], [0.0, 0.0, 0.0, 0.9660329269645669, 0.0, 0.0, 0.0, 0.0, 0.0, 0.0, 0.0, 0.0, 0.0, 0.0, 0.0, 0.0, 0.0, 0.0, 0.0, 0.0, 0.902417708295844], [0.9876979855085184, 0.0, 0.0, 0.0, 0.0, 0.0, 0.0, 0.0, 0.0, 0.0, 0.0, 0.0, 0.0, 0.0, 0.0, 0.0, 0.0, 0.0, 0.0, 0.0, 0.0], [0.9876174903366862, 0.0, 0.0, 0.0, 0.0, 0.0, 0.0, 0.0, 0.0, 0.0, 0.0, 0.0, 0.0, 0.0, 0.0, 0.0, 0.0, 0.0, 0.0, 0.0, 0.0], [0.987268428746609, 0.0, 0.0, 0.0, 0.0, 0.0, 0.0, 0.0, 0.0, 0.0, 0.0, 0.0, 0.0, 0.0, 0.0, 0.0, 0.0, 0.0, 0.0, 0.0, 0.0], [0.0, 0.9763314066352448, 0.0, 0.0, 0.0, 0.0, 0.0, 0.0, 0.0, 0.0, 0.0, 0.0, 0.0, 0.0, 0.0, 0.0, 0.0, 0.0, 0.0, 0.0, 0.0], [0.0, 0.9761685713907071, 0.0, 0.0, 0.0, 0.0, 0.0, 0.0, 0.0, 0.0, 0.0, 0.0, 0.0, 0.0, 0.0, 0.0, 0.0, 0.0, 0.0, 0.0, 0.0], [0.0, 0.0, 0.9745317854567033, 0.0, 0.0, 0.0, 0.0, 0.0, 0.0, 0.0, 0.0, 0.0, 0.0, 0.0, 0.0, 0.0, 0.0, 0.0, 0.0, 0.0, 0.0], [0.0, 0.0, 0.9736370135366654, 0.0, 0.0, 0.0, 0.0, 0.0, 0.0, 0.0, 0.0, 0.0, 0.0, 0.0, 0.0, 0.0, 0.0, 0.0, 0.0, 0.0, 0.0], [0.0, 0.0, 0.0, 0.0, 0.984395372109925, 0.0, 0.0, 0.0, 0.0, 0.0, 0.0, 0.0, 0.0, 0.0, 0.0, 0.0, 0.0, 0.0, 0.0, 0.0, 0.0], [0.0, 0.0, 0.0, 0.0, 0.9834199586811334, 0.0, 0.0, 0.0, 0.0, 0.0, 0.0, 0.0, 0.0, 0.0, 0.0, 0.0, 0.0, 0.0, 0.0, 0.0, 0.0], [0.0, 0.0, 0.0, 0.0, 0.9845699925756812, 0.0, 0.0, 0.0, 0.0, 0.0, 0.0, 0.0, 0.0, 0.0, 0.0, 0.0, 0.0, 0.0, 0.0, 0.0, 0.0], [0.0, 0.0, 0.0, 0.0, 0.0, 0.9837139995130991, 0.0, 0.0, 0.0, 0.0, 0.0, 0.0, 0.0, 0.0, 0.0, 0.0, 0.0, 0.0, 0.0, 0.0, 0.0], [0.0, 0.0, 0.0, 0.0, 0.0, 0.9837546420743211, 0.0, 0.0, 0.0, 0.0, 0.0, 0.0, 0.0, 0.0, 0.0, 0.0, 0.0, 0.0, 0.0, 0.0, 0.0], [0.0, 0.0, 0.0, 0.0, 0.0, 0.984658407661031, 0.0, 0.0, 0.0, 0.0, 0.0, 0.0, 0.0, 0.0, 0.0, 0.0, 0.0, 0.0, 0.0, 0.0, 0.0], [0.0, 0.0, 0.0, 0.0, 0.0, 0.0, 0.902417708295844, 0.0, 0.0, 0.0, 0.0, 0.0, 0.0, 0.0, 0.0, 0.0, 0.0, 0.0, 0.0, 0.0, 0.0]], "Born radii": [], "Atomic SASAs": [], "Solvent H bonds": [], "Total SASA": NaN, "Total FOD": 0.0, "FOD": [0.0, 0.0, 0.0, 0.0, 0.0, 0.0, 0.0, 0.0, 0.0, 0.0, 0.0, 0.0, 0.0, 0.0, 0.0, 0.0, 0.0, 0.0, 0.0, 0.0, 0.0], "FOD s proportion": [0.0, 0.0, 0.0, 0.0, 0.0, 0.0, 0.0, 0.0, 0.0, 0.0, 0.0, 0.0, 0.0, 0.0, 0.0, 0.0, 0.0, 0.0, 0.0, 0.0, 0.0], "FOD p proportion": [0.0, 0.0, 0.0, 0.0, 0.0, 0.0, 0.0, 0.0, 0.0, 0.0, 0.0, 0.0, 0.0, 0.0, 0.0, 0.0, 0.0, 0.0, 0.0, 0.0, 0.0], "FOD d proportion": [0.0, 0.0, 0.0, 0.0, 0.0, 0.0, 0.0, 0.0, 0.0, 0.0, 0.0, 0.0, 0.0, 0.0, 0.0, 0.0, 0.0, 0.0, 0.0, 0.0, 0.0], "coordinates": [["2.79010", "-0.12480", "-0.09330"], ["1.32370", "-0.51440", "-0.21350"], ["0.40790", "0.65060", "0.16740"], ["-1.10450", "0.36030", "0.08370"], ["-1.54390", "-0.74010", "1.05170"], ["-1.55140", "0.02370", "-1.33940"], ["-1.79180", "1.56330", "0.45380"], ["3.03610", "0.16610", "0.93300"], ["3.02900", "0.71340", "-0.75560"], ["3.43000", "-0.96880", "-0.36950"], ["1.13660", "-1.37550", "0.43650"], ["1.13030", "-0.83150", "-1.24350"], ["0.63730", "1.51560", "-0.47000"], ["0.65000", "0.98030", "1.18720"], ["-2.63700", "-0.81970", "1.07720"], ["-1.13790", "-1.71810", "0.77640"], ["-1.22800", "-0.50820", "2.07510"], ["-1.14230", "-0.92970", "-1.68680"], ["-2.64470", "-0.03400", "-1.39920"], ["-1.24640", "0.80990", "-2.03940"], ["-1.54300", "1.78140", "1.36840"]], "bond_dist": [[0.0, 1.522026662052935, 2.518747007938669, 3.928684279755755, 4.524729283614656, 4.519229990828084, 4.913533110705575, 1.094728505155502, 1.0946660403977098, 1.0945750088504673, 2.139859990747058, 2.13946745009126, 2.7326475971116366, 2.7278112599664954, 5.5952096180572175, 4.327143050558878, 4.581929913257076, 4.3186660000514046, 5.59022991387653, 4.577586869738247, 4.954384012165387], [1.522026662052935, 0.0, 1.5300324996548278, 2.5979959911439434, 3.1424196552974912, 3.1342307557038613, 3.803743791319284, 2.17022032522046, 2.170118277882567, 2.160396965837529, 1.0949884108975767, 1.0949228146312415, 2.158202309793964, 2.1563766530919404, 4.176871924059918, 2.9134636191310164, 3.4276670331290933, 2.902454647363159, 4.169516423999311, 3.419516824055703, 3.998884111849204], [2.518747007938669, 1.5300324996548278, 0.0, 1.5422819262378717, 2.554516827112321, 2.5499620271682475, 2.3986926314140375, 2.779985404637945, 2.7795751563863136, 3.4704187614753352, 2.169907765320913, 2.1700509164533446, 1.0986938245025317, 1.098775017917681, 3.501561671597403, 2.8932884975404716, 2.767364367046739, 2.887650562308397, 3.498753989636882, 2.762616734185182, 2.5548229782119933], [3.928684279755755, 2.5979959911439434, 1.5422819262378717, 0.0, 1.5300250063315959, 1.5291281110489072, 1.4340726271706044, 4.2312636989438515, 4.232602786702291, 4.746955582265333, 2.856571142121267, 2.859401706651236, 2.1622139163366794, 2.1634191688158815, 2.174396123064976, 2.1910489291661195, 2.176055711602991, 2.19093566541786, 2.1740931304799247, 2.174817091159622, 1.965263735481831], [4.524729283614656, 3.1424196552974912, 2.554516827112321, 1.5300250063315959, 0.0, 2.5101406135911986, 2.392611623310394, 4.6702985054490895, 5.127417473738607, 5.1780106546819695, 2.8226378531437577, 3.5252861784541696, 3.487317998118325, 2.791296046642133, 1.096291028878737, 1.0941252624814035, 1.0958640335370076, 2.774277017530874, 2.777993639301573, 3.4707211728976444, 2.5413110691137364], [4.519229990828084, 3.1342307557038613, 2.5499620271682475, 1.5291281110489072, 2.5101406135911986, 0.0, 2.3756528702653505, 5.121448600737881, 4.668679972968805, 5.1710838535069215, 3.5123959699897163, 2.8163946349899196, 2.7878360174156582, 3.48496098686915, 2.780252952520687, 2.7715445387003976, 3.470780232166825, 1.0940846082456328, 1.0964534737051088, 1.0959632475589682, 3.228275188084188], [4.913533110705575, 3.803743791319284, 2.3986926314140375, 1.4340726271706044, 2.392611623310394, 2.3756528702653505, 0.0, 5.048803708800729, 5.04232991879746, 5.8614459427687295, 4.148779494019898, 4.141806699980095, 2.5992707708124603, 2.6153683870537248, 2.6041658165331945, 3.361434504791072, 2.6902781231686808, 3.349487663807705, 2.5908328197705077, 2.6610371962826824, 0.9726058862663748], [1.094728505155502, 2.17022032522046, 2.779985404637945, 4.2312636989438515, 4.6702985054490895, 5.121448600737881, 5.048803708800729, 0.0, 1.7750937045688604, 1.7719089903265348, 2.4962257630270543, 3.060135887505651, 3.0893042404399083, 2.5339716829514884, 5.759918305844276, 4.582249360303299, 4.465604293933801, 5.052044758313212, 6.1441586478540735, 5.252565701635725, 4.875133235102401], [1.0946660403977098, 2.170118277882567, 2.7795751563863136, 4.232602786702291, 5.127417473738607, 4.668679972968805, 5.04232991879746, 1.7750937045688604, 0.0, 1.7719116936235846, 3.0603567406431553, 2.4959615602007976, 2.5387636932176263, 3.083074512560473, 6.149236330634887, 5.061844709194466, 5.256160009931204, 4.5789359833917755, 5.758793225147088, 4.465030778169395, 5.153172226890927], [1.0945750088504673, 2.160396965837529, 3.4704187614753352, 4.746955582265333, 5.1780106546819695, 5.1710838535069215, 5.8614459427687295, 1.7719089903265348, 1.7719116936235846, 0.0, 2.4646956100094797, 2.464010426114305, 3.7391866628987644, 3.7350643501819354, 6.238882968929615, 4.768673579728434, 5.280642529086778, 4.758438335210409, 6.231862740786257, 5.274566964216115, 5.942610996018501], [2.139859990747058, 1.0949884108975767, 2.169907765320913, 2.856571142121267, 2.8226378531437577, 3.5123959699897163, 4.148779494019898, 2.4962257630270543, 3.0603567406431553, 2.4646956100094797, 0.0, 1.7658923211792956, 3.0707494117885945, 2.519945175990938, 3.8677470302490056, 2.325135914306946, 3.004754966715256, 3.14651008897159, 4.412215591967374, 4.072436981710092, 4.244374085775193], [2.13946745009126, 1.0949228146312415, 2.1700509164533446, 2.859401706651236, 3.5252861784541696, 2.8163946349899196, 4.141806699980095, 3.060135887505651, 2.4959615602007976, 2.464010426114305, 1.7658923211792956, 0.0, 2.5199662021543072, 3.0694640932905535, 4.424741463633779, 3.1639827448960594, 4.08401857733287, 2.3175135145237022, 3.861460052881552, 2.9960563512724523, 4.560241321465345], [2.7326475971116366, 2.158202309793964, 1.0986938245025317, 2.1622139163366794, 3.487317998118325, 2.7878360174156582, 2.5992707708124603, 3.0893042404399083, 2.5387636932176263, 3.7391866628987644, 3.0707494117885945, 2.5199662021543072, 0.0, 1.7415565509049657, 4.309117591804615, 3.8937981059628655, 3.748685708351662, 3.2599187857981984, 3.746491265170653, 2.5513436734395465, 2.8642751770735995], [2.7278112599664954, 2.1563766530919404, 1.098775017917681, 2.1634191688158815, 2.791296046642133, 3.48496098686915, 2.6153683870537248, 2.5339716829514884, 3.083074512560473, 3.7350643501819354, 2.519945175990938, 3.0694640932905535, 1.7415565509049657, 0.0, 3.7491957804307847, 3.262928992485126, 2.555559167775225, 3.8884849607527094, 4.309677196728312, 3.7465072641061306, 2.341760801192129], [5.5952096180572175, 4.176871924059918, 3.501561671597403, 2.174396123064976, 1.096291028878737, 2.780252952520687, 2.6041658165331945, 5.759918305844276, 6.149236330634887, 6.238882968929615, 3.8677470302490056, 4.424741463633779, 4.309117591804615, 3.7491957804307847, 0.0, 1.773387721283758, 1.7544565141376403, 3.144188939933477, 2.5980648067359673, 3.78187256263349, 2.8367859718350275], [4.327143050558878, 2.9134636191310164, 2.8932884975404716, 2.1910489291661195, 1.0941252624814035, 2.7715445387003976, 3.361434504791072, 4.582249360303299, 5.061844709194466, 4.768673579728434, 2.325135914306946, 3.1639827448960594, 3.8937981059628655, 3.262928992485126, 1.773387721283758, 0.0, 1.7772444148175006, 2.586300090863394, 3.136857409892901, 3.7856684865423706, 3.572264024396853], [4.581929913257076, 3.4276670331290933, 2.767364367046739, 2.176055711602991, 1.0958640335370076, 3.470780232166825, 2.6902781231686808, 4.465604293933801, 5.256160009931204, 5.280642529086778, 3.004754966715256, 4.08401857733287, 3.748685708351662, 2.555559167775225, 1.7544565141376403, 1.7772444148175006, 0.0, 3.7864096912510665, 3.781886436687384, 4.320513444024911, 2.416799133151119], [4.3186660000514046, 2.902454647363159, 2.887650562308397, 2.19093566541786, 2.774277017530874, 1.0940846082456328, 3.349487663807705, 5.052044758313212, 4.5789359833917755, 4.758438335210409, 3.14651008897159, 2.3175135145237022, 3.2599187857981984, 3.8884849607527094, 3.144188939933477, 2.586300090863394, 3.7864096912510665, 0.0, 1.7726246105704386, 1.7780246708074665, 4.104250326186257], [5.59022991387653, 4.169516423999311, 3.498753989636882, 2.1740931304799247, 2.777993639301573, 1.0964534737051088, 2.5908328197705077, 6.1441586478540735, 5.758793225147088, 6.231862740786257, 4.412215591967374, 3.861460052881552, 3.746491265170653, 4.309677196728312, 2.5980648067359673, 3.136857409892901, 3.781886436687384, 1.7726246105704386, 0.0, 1.7542138239108709, 3.4884136523640654], [4.577586869738247, 3.419516824055703, 2.762616734185182, 2.174817091159622, 3.4707211728976444, 1.0959632475589682, 2.6610371962826824, 5.252565701635725, 4.465030778169395, 5.274566964216115, 4.072436981710092, 2.9960563512724523, 2.5513436734395465, 3.7465072641061306, 3.78187256263349, 3.7856684865423706, 4.320513444024911, 1.7780246708074665, 1.7542138239108709, 0.0, 3.5559646581483344], [4.954384012165387, 3.998884111849204, 2.5548229782119933, 1.965263735481831, 2.5413110691137364, 3.228275188084188, 0.9726058862663748, 4.875133235102401, 5.153172226890927, 5.942610996018501, 4.244374085775193, 4.560241321465345, 2.8642751770735995, 2.341760801192129, 2.8367859718350275, 3.572264024396853, 2.416799133151119, 4.104250326186257, 3.4884136523640654, 3.5559646581483344, 0.0]]}