{"total energy": -50.46245976, "HOMO-LUMO gap/eV": 1.11141795, "electronic energy": -50.9752943, "dipole": [0.12380637, 3.07380721, 0.39578983], "partial charges": [-0.1049146, 0.00288477, -0.06851896, 0.00406108, -0.10831657, 0.13941731, -0.33287087, -0.06319932, -0.06324025, 0.13943345, -0.33285185, -0.06851372, 0.00288832, -0.10490845, 0.00405808, -0.10831865, 0.05176551, 0.05251152, 0.03604892, 0.07080807, 0.05338663, 0.0532356, 0.06208546, 0.05427461, 0.05362143, 0.04370709, 0.05339608, 0.07080229, 0.05175549, 0.05249902, 0.03606942, 0.06207921, 0.05323264, 0.043729, 0.05362575, 0.05427652], "atomic dipole moments": [[-0.10320201, -0.07103508, -0.01298091], [0.09978017, -0.0590072, -0.1283747], [-0.03381367, 0.0457249, -0.00320535], [-0.03281293, -0.08120071, 0.14444265], [0.12338072, 0.02841749, 0.01364314], [-0.02559461, -0.0119213, -0.09901768], [-0.07041122, -0.03235114, -0.11448095], [0.30238765, 0.08138122, 0.17788568], [-0.29325859, 0.14732804, -0.14833449], [0.02358039, -0.03853755, 0.09247525], [0.06646929, -0.06572577, 0.10191864], [0.03730447, 0.04056564, 0.01429864], [-0.10543207, -0.08146776, 0.1102907], [0.09717131, -0.07996841, -0.00642815], [0.02778183, -0.04435899, -0.16062586], [-0.12054931, 0.04060711, -0.0047581], [-0.01608935, 0.08497722, 0.09612027], [0.10957093, -0.06512453, 0.02565553], [0.02344398, 0.06578541, -0.10125749], [-0.02696847, -0.0554268, 0.11570699], [-0.10200904, 0.07228792, -0.01691076], [0.01640957, 0.12395249, -0.01232341], [0.0655318, -0.04514979, -0.10176098], [-0.02707805, -0.12873901, 0.00538268], [-0.04323508, 0.04222545, -0.11430657], [-0.07392597, 0.05244551, 0.08820318], [0.10722084, 0.05737398, 0.03360975], [0.02367935, -0.02632849, -0.12624514], [0.02372314, 0.10499373, -0.07166596], [-0.11412544, -0.04762333, -0.04016436], [-0.01923317, 0.03966968, 0.11480873], [-0.06994952, -0.06408046, 0.08770136], [-0.00668992, 0.11770096, 0.04345819], [0.07869576, 0.06705404, -0.07281802], [0.04524726, 0.00840083, 0.12084653], [0.0168417, -0.12493124, -0.03806352]], "atomic quadrupole moments": [[0.10681256, 0.18466231, 0.00481569, 0.0208615, 0.0232913, -0.11162825], [-0.06117535, 0.08000138, 0.05675746, -0.01072971, 0.22554787, 0.00441789], [0.02117051, 0.05306637, -0.08661695, 0.00338568, 0.02299046, 0.06544644], [0.05126926, -0.00906751, -0.1513078, 0.15447399, -0.11314931, 0.10003854], [0.23658671, 0.07625349, -0.12433167, 0.04707313, 0.00795047, -0.11225504], [0.25286268, 0.22405291, -0.15988756, -0.14109602, 0.11917315, -0.09297512], [0.15404406, 0.11920601, -0.36217598, 0.07158934, -0.29875039, 0.20813192], [0.34997594, 0.0157734, -0.30177676, -0.19299895, 0.31220065, -0.04819918], [0.3478351, -0.00802615, -0.13450697, -0.2223087, -0.31808515, -0.21332813], [0.2180341, -0.20727731, -0.06639463, -0.20606674, -0.10248986, -0.15163947], [0.130087, -0.17990833, -0.44710811, 0.05033188, 0.11866505, 0.31702111], [0.01211957, -0.05894395, -0.05677377, -0.01438198, -0.05578886, 0.04465421], [-0.07245782, -0.05781768, 0.17448003, -0.04539461, -0.18012308, -0.1020222], [0.07663339, -0.189191, 0.03835521, -0.02787136, 0.01232165, -0.1149886], [0.04810603, -0.04885971, -0.18433974, 0.15511297, 0.02524524, 0.13623372], [0.22140517, -0.11284364, -0.10394793, 0.02184329, -0.01078853, -0.11745725], [-0.03000061, -0.00886523, 0.00393179, -0.02392802, 0.06152234, 0.02606882], [0.0286522, -0.05000382, 0.01503193, 0.01631995, -0.02218387, -0.04368413], [-0.03174977, 0.01074634, -0.01974605, -0.00110797, -0.05496048, 0.05149581], [-0.03197205, 0.00748114, 0.01328047, 0.00870354, -0.02854276, 0.01869159], [0.00850705, -0.02988326, 0.00223027, 0.0315753, -0.00571953, -0.01073733], [-0.02734504, 0.00244935, 0.04629865, 0.01456193, 0.01381102, -0.01895362], [0.00098113, -0.03402873, 1.558e-05, -0.01042159, 0.03101433, -0.00099671], [-0.02739358, 0.00130394, 0.07600653, -0.00352347, -0.0053401, -0.04861295], [-0.02475841, -0.00647398, -0.03354738, 0.02666784, -0.04439966, 0.05830579], [-0.0084925, -0.01855097, -0.01523885, -0.04289872, 0.05077243, 0.02373134], [0.0125438, 0.01988509, -0.00466088, 0.0384522, 0.00492234, -0.00788292], [-0.03307315, -0.00659701, 0.00091683, 0.0090284, 0.02299248, 0.03215632], [-0.02778687, 0.01904224, 0.03282839, -0.0252722, -0.05737729, -0.00504152], [0.03604638, 0.0417646, -0.00642263, 0.03039744, 0.03097063, -0.02962375], [-0.03344971, -0.01048282, -0.04049784, -0.00026576, 0.03072472, 0.07394754], [0.00657986, 0.03595554, 0.00950337, -0.00377209, -0.02694799, -0.01608323], [-0.02753465, 5.458e-05, 0.04935514, 0.01379818, 0.00289261, -0.02182049], [-0.00463032, 0.0295902, 0.00750442, -0.04093592, -0.05102309, -0.0028741], [-0.02436984, -0.00230644, -0.04918669, 0.0296483, 0.01392027, 0.07355652], [-0.02687579, 0.0072824, 0.06481713, -0.0010631, 0.03533157, -0.03794133]], "number of molecular orbitals": 104, "number of electrons": 94, "number of unpaired electrons": 0, "orbital energies/eV": [-20.13780445, -19.82898993, -19.03795778, -19.03131836, -18.5028188, -18.49136283, -17.89222035, -17.88818092, -17.58998908, -17.54927272, -16.79443894, -16.72945325, -16.67825856, -16.65711351, -15.67710328, -15.67668861, -15.49637329, -15.38663784, -14.89706144, -14.88520607, -14.7021496, -14.63658675, -14.23356128, -14.21737747, -14.12631167, -14.09608397, -13.72170786, -13.66197258, -13.65099587, -13.39507422, -13.28434866, -13.26528962, -13.25857172, -12.92106427, -12.82633963, -12.74246767, -12.73008096, -12.64473179, -12.62876556, -12.56470658, -12.10741313, -10.86903077, -10.82980448, -10.53988553, -10.49073104, -9.75758568, -9.65774955, -8.5463316, -7.75470372, -6.50609246, -5.64197028, -5.56471391, -3.83836566, -3.70145059, -2.07400488, -1.95415151, -0.84758464, -0.77013, -0.27166496, -0.08447938, 0.04818806, 0.29218879, 0.29859514, 0.35133829, 0.39422903, 0.55299461, 0.61482971, 0.86853804, 1.03980523, 1.7065442, 1.72344321, 2.00718677, 2.27144913, 2.39685705, 2.42990874, 2.69766007, 2.72891361, 2.78765967, 3.00283207, 3.31344654, 3.54069933, 3.82657906, 3.85340901, 4.0826141, 4.16834888, 4.37152696, 4.45894791, 4.85091901, 4.8687458, 5.34361785, 5.37851215, 5.77308871, 5.96705026, 6.34253663, 6.41695653, 6.76275521, 6.87328085, 7.58248974, 8.75815368, 8.76369249, 10.36389824, 12.66573865, 14.74008652, 15.5658492], "fractional occupation": [2.0, 2.0, 2.0, 2.0, 2.0, 2.0, 2.0, 2.0, 2.0, 2.0, 2.0, 2.0, 2.0, 2.0, 2.0, 2.0, 2.0, 2.0, 2.0, 2.0, 2.0, 2.0, 2.0, 2.0, 2.0, 2.0, 2.0, 2.0, 2.0, 2.0, 2.0, 2.0, 2.0, 2.0, 2.0, 2.0, 2.0, 2.0, 2.0, 2.0, 2.0, 2.0, 2.0, 2.0, 2.0, 2.0, 2.0, 0.0, 0.0, 0.0, 0.0, 0.0, 0.0, 0.0, 0.0, 0.0, 0.0, 0.0, 0.0, 0.0, 0.0, 0.0, 0.0, 0.0, 0.0, 0.0, 0.0, 0.0, 0.0, 0.0, 0.0, 0.0, 0.0, 0.0, 0.0, 0.0, 0.0, 0.0, 0.0, 0.0, 0.0, 0.0, 0.0, 0.0, 0.0, 0.0, 0.0, 0.0, 0.0, 0.0, 0.0, 0.0, 0.0, 0.0, 0.0, 0.0, 0.0, 0.0, 0.0, 0.0, 0.0, 0.0, 0.0, 0.0], "program call": "xtb /home/svss/Project-DBcg-Debug/aqme2_20220329/End-to-End-workflows-final/example-3/QDESCP/mol_431_rdkit_conf_1/mol_431_rdkit_conf_1.xyz --pop --wbo --acc 0.2 --gfn 2 --chrg 0 --uhf 0 --etemp 300 --input /home/svss/Project-DBcg-Debug/aqme2_20220329/End-to-End-workflows-final/example-3/QDESCP/mol_431_rdkit_conf_1/mol_431_rdkit_conf_1_xtb.inp", "method": "GFN2-xTB", "xtb version": "6.3.3 (7355c4f)", "Dipole module/D": 7.884, "Total charge": 0, "Transition dipole module/D": NaN, "HOMO": -9.6577, "LUMO": -8.5463, "HOMO occupancy": 2.0, "LUMO occupancy": 0, "mulliken charges": [-0.09227, 0.09596, -0.26388, 0.09194, -0.09335, 0.24183, -0.26154, -0.05654, -0.05655, 0.24184, -0.26155, -0.26387, 0.09595, -0.09226, 0.09194, -0.09334, 0.03611, 0.03759, 0.02766, 0.03676, 0.02845, 0.02708, 0.03346, 0.04127, 0.03696, 0.03251, 0.02845, 0.03676, 0.0361, 0.03758, 0.02768, 0.03345, 0.02708, 0.03252, 0.03696, 0.04127], "cm5 charges": [-0.23737, 0.04365, -0.51161, 0.03935, -0.23804, 0.3294, -0.27631, -0.06922, -0.06923, 0.32943, -0.27631, -0.5116, 0.04365, -0.23736, 0.03934, -0.23804, 0.08731, 0.09175, 0.08145, 0.10243, 0.09339, 0.09233, 0.10201, 0.09535, 0.08817, 0.08592, 0.0934, 0.10242, 0.0873, 0.09174, 0.08148, 0.10199, 0.09233, 0.08594, 0.08817, 0.09535], "FUKUI+": [0.011, 0.017, -0.047, 0.016, 0.011, 0.016, -0.195, -0.164, -0.164, 0.016, -0.195, -0.047, 0.017, 0.011, 0.016, 0.011, -0.028, -0.002, -0.011, -0.017, -0.031, -0.029, -0.0, -0.005, -0.023, -0.021, -0.031, -0.017, -0.028, -0.002, -0.011, -0.0, -0.029, -0.021, -0.023, -0.005], "FUKUI-": [0.011, 0.015, -0.038, 0.014, 0.011, 0.039, -0.275, -0.124, -0.124, 0.039, -0.275, -0.038, 0.015, 0.011, 0.014, 0.011, -0.026, -0.001, -0.012, -0.011, -0.03, -0.026, -0.0, -0.006, -0.021, -0.019, -0.03, -0.011, -0.026, -0.001, -0.012, -0.0, -0.026, -0.019, -0.021, -0.006], "FUKUIrad": [0.011, 0.016, -0.043, 0.015, 0.011, 0.028, -0.235, -0.144, -0.144, 0.028, -0.235, -0.043, 0.016, 0.011, 0.015, 0.011, -0.027, -0.001, -0.012, -0.014, -0.03, -0.027, -0.0, -0.005, -0.022, -0.02, -0.03, -0.014, -0.027, -0.001, -0.012, -0.0, -0.027, -0.02, -0.022, -0.005], "s proportion": [1.012, 1.007, 1.46, 1.009, 1.012, 1.098, 1.935, 1.938, 1.938, 1.098, 1.935, 1.46, 1.007, 1.012, 1.009, 1.012, 0.964, 0.962, 0.972, 0.963, 0.972, 0.973, 0.967, 0.959, 0.963, 0.967, 0.972, 0.963, 0.964, 0.962, 0.972, 0.967, 0.973, 0.967, 0.963, 0.959], "p proportion": [3.081, 2.897, 3.804, 2.899, 3.081, 2.661, 4.329, 4.076, 4.076, 2.661, 4.329, 3.804, 2.897, 3.081, 2.899, 3.081, 0.0, 0.0, 0.0, 0.0, 0.0, 0.0, 0.0, 0.0, 0.0, 0.0, 0.0, 0.0, 0.0, 0.0, 0.0, 0.0, 0.0, 0.0, 0.0, 0.0], "d proportion": [0.0, 0.0, 0.0, 0.0, 0.0, 0.0, -0.003, 0.043, 0.043, 0.0, -0.003, 0.0, 0.0, 0.0, 0.0, 0.0, 0.0, 0.0, 0.0, 0.0, 0.0, 0.0, 0.0, 0.0, 0.0, 0.0, 0.0, 0.0, 0.0, 0.0, 0.0, 0.0, 0.0, 0.0, 0.0, 0.0], "Fermi-level/eV": -9.1018, "Coordination numbers": [3.749, 3.738, 2.767, 3.738, 3.749, 2.863, 1.151, 2.133, 2.133, 2.863, 1.151, 2.767, 3.738, 3.749, 3.738, 3.749, 0.924, 0.924, 0.924, 0.924, 0.924, 0.924, 0.924, 0.924, 0.924, 0.924, 0.924, 0.924, 0.924, 0.924, 0.924, 0.924, 0.924, 0.924, 0.924, 0.924], "Dispersion coefficient C6": [22.57, 20.612, 22.567, 20.591, 22.636, 24.957, 153.665, 143.677, 143.679, 24.957, 153.664, 22.567, 20.612, 22.57, 20.591, 22.636, 2.298, 2.289, 2.502, 2.077, 2.278, 2.28, 2.175, 2.267, 2.275, 2.4, 2.278, 2.077, 2.298, 2.289, 2.502, 2.175, 2.28, 2.4, 2.275, 2.267], "Total dispersion C6": 18308.897456, "Total dispersion C8": 551606.746344, "Polarizability alpha": [6.776, 6.478, 7.055, 6.475, 6.786, 8.189, 20.96, 20.174, 20.174, 8.189, 20.96, 7.055, 6.478, 6.776, 6.475, 6.786, 2.371, 2.366, 2.474, 2.254, 2.36, 2.361, 2.306, 2.355, 2.359, 2.423, 2.36, 2.254, 2.371, 2.366, 2.474, 2.306, 2.361, 2.423, 2.359, 2.355], "Total polarizability alpha": 213.044103, "Wiberg matrix": [[0.0, 1.0089044859875596, 0.0, 0.0, 0.0, 0.0, 0.0, 0.0, 0.0, 0.0, 0.0, 0.0, 0.0, 0.0, 0.0, 0.0, 0.9820028412393905, 0.9844451319314731, 0.9838911037338034, 0.0, 0.0, 0.0, 0.0, 0.0, 0.0, 0.0, 0.0, 0.0, 0.0, 0.0, 0.0, 0.0, 0.0, 0.0, 0.0, 0.0], [1.0089044859875596, 0.0, 0.9781281919301912, 0.0, 0.0, 0.0, 0.0, 0.0, 0.0, 0.0, 0.0, 0.0, 0.0, 0.0, 0.0, 0.0, 0.0, 0.0, 0.0, 0.966276758926698, 0.9678730697312445, 0.0, 0.0, 0.0, 0.0, 0.0, 0.0, 0.0, 0.0, 0.0, 0.0, 0.0, 0.0, 0.0, 0.0, 0.0], [0.0, 0.9781281919301912, 0.0, 0.9788169980114098, 0.0, 1.2849919911432053, 0.217727793784711, 0.0, 0.0, 0.0, 0.0, 0.0, 0.0, 0.0, 0.0, 0.0, 0.0, 0.0, 0.0, 0.0, 0.0, 0.0, 0.0, 0.0, 0.0, 0.0, 0.0, 0.0, 0.0, 0.0, 0.0, 0.0, 0.0, 0.0, 0.0, 0.0], [0.0, 0.0, 0.9788169980114098, 0.0, 1.0081684975183347, 0.0, 0.0, 0.0, 0.0, 0.0, 0.0, 0.0, 0.0, 0.0, 0.0, 0.0, 0.0, 0.0, 0.0, 0.0, 0.0, 0.9671006451165173, 0.9650656532183961, 0.0, 0.0, 0.0, 0.0, 0.0, 0.0, 0.0, 0.0, 0.0, 0.0, 0.0, 0.0, 0.0], [0.0, 0.0, 0.0, 1.0081684975183347, 0.0, 0.0, 0.0, 0.0, 0.0, 0.0, 0.0, 0.0, 0.0, 0.0, 0.0, 0.0, 0.0, 0.0, 0.0, 0.0, 0.0, 0.0, 0.0, 0.9842375291969928, 0.9815612806094893, 0.9849496343108781, 0.0, 0.0, 0.0, 0.0, 0.0, 0.0, 0.0, 0.0, 0.0, 0.0], [0.0, 0.0, 1.2849919911432053, 0.0, 0.0, 0.0, 1.5623462244345319, 1.0064439515784904, 0.0, 0.0, 0.0, 0.0, 0.0, 0.0, 0.0, 0.0, 0.0, 0.0, 0.0, 0.0, 0.0, 0.0, 0.0, 0.0, 0.0, 0.0, 0.0, 0.0, 0.0, 0.0, 0.0, 0.0, 0.0, 0.0, 0.0, 0.0], [0.0, 0.0, 0.217727793784711, 0.0, 0.0, 1.5623462244345319, 0.0, 0.0, 0.0, 0.0, 0.0, 0.0, 0.0, 0.0, 0.0, 0.0, 0.0, 0.0, 0.0, 0.0, 0.0, 0.0, 0.0, 0.0, 0.0, 0.0, 0.0, 0.0, 0.0, 0.0, 0.0, 0.0, 0.0, 0.0, 0.0, 0.0], [0.0, 0.0, 0.0, 0.0, 0.0, 1.0064439515784904, 0.0, 0.0, 1.1463311979852666, 0.0, 0.0, 0.0, 0.0, 0.0, 0.0, 0.0, 0.0, 0.0, 0.0, 0.0, 0.0, 0.0, 0.0, 0.0, 0.0, 0.0, 0.0, 0.0, 0.0, 0.0, 0.0, 0.0, 0.0, 0.0, 0.0, 0.0], [0.0, 0.0, 0.0, 0.0, 0.0, 0.0, 0.0, 1.1463311979852666, 0.0, 1.0062814131309619, 0.0, 0.0, 0.0, 0.0, 0.0, 0.0, 0.0, 0.0, 0.0, 0.0, 0.0, 0.0, 0.0, 0.0, 0.0, 0.0, 0.0, 0.0, 0.0, 0.0, 0.0, 0.0, 0.0, 0.0, 0.0, 0.0], [0.0, 0.0, 0.0, 0.0, 0.0, 0.0, 0.0, 0.0, 1.0062814131309619, 0.0, 1.5624279199578777, 1.285089730219865, 0.0, 0.0, 0.0, 0.0, 0.0, 0.0, 0.0, 0.0, 0.0, 0.0, 0.0, 0.0, 0.0, 0.0, 0.0, 0.0, 0.0, 0.0, 0.0, 0.0, 0.0, 0.0, 0.0, 0.0], [0.0, 0.0, 0.0, 0.0, 0.0, 0.0, 0.0, 0.0, 0.0, 1.5624279199578777, 0.0, 0.21772868859873895, 0.0, 0.0, 0.0, 0.0, 0.0, 0.0, 0.0, 0.0, 0.0, 0.0, 0.0, 0.0, 0.0, 0.0, 0.0, 0.0, 0.0, 0.0, 0.0, 0.0, 0.0, 0.0, 0.0, 0.0], [0.0, 0.0, 0.0, 0.0, 0.0, 0.0, 0.0, 0.0, 0.0, 1.285089730219865, 0.21772868859873895, 0.0, 0.9780879666119036, 0.0, 0.9787915800380675, 0.0, 0.0, 0.0, 0.0, 0.0, 0.0, 0.0, 0.0, 0.0, 0.0, 0.0, 0.0, 0.0, 0.0, 0.0, 0.0, 0.0, 0.0, 0.0, 0.0, 0.0], [0.0, 0.0, 0.0, 0.0, 0.0, 0.0, 0.0, 0.0, 0.0, 0.0, 0.0, 0.9780879666119036, 0.0, 1.0089313626252387, 0.0, 0.0, 0.0, 0.0, 0.0, 0.0, 0.0, 0.0, 0.0, 0.0, 0.0, 0.0, 0.9678740458283023, 0.9662745216303337, 0.0, 0.0, 0.0, 0.0, 0.0, 0.0, 0.0, 0.0], [0.0, 0.0, 0.0, 0.0, 0.0, 0.0, 0.0, 0.0, 0.0, 0.0, 0.0, 0.0, 1.0089313626252387, 0.0, 0.0, 0.0, 0.0, 0.0, 0.0, 0.0, 0.0, 0.0, 0.0, 0.0, 0.0, 0.0, 0.0, 0.0, 0.9819967349010263, 0.9844414234282057, 0.9838872353239856, 0.0, 0.0, 0.0, 0.0, 0.0], [0.0, 0.0, 0.0, 0.0, 0.0, 0.0, 0.0, 0.0, 0.0, 0.0, 0.0, 0.9787915800380675, 0.0, 0.0, 0.0, 1.008175414030207, 0.0, 0.0, 0.0, 0.0, 0.0, 0.0, 0.0, 0.0, 0.0, 0.0, 0.0, 0.0, 0.0, 0.0, 0.0, 0.9650683871527295, 0.96710381669617, 0.0, 0.0, 0.0], [0.0, 0.0, 0.0, 0.0, 0.0, 0.0, 0.0, 0.0, 0.0, 0.0, 0.0, 0.0, 0.0, 0.0, 1.008175414030207, 0.0, 0.0, 0.0, 0.0, 0.0, 0.0, 0.0, 0.0, 0.0, 0.0, 0.0, 0.0, 0.0, 0.0, 0.0, 0.0, 0.0, 0.0, 0.9849499995183908, 0.981559510086204, 0.9842372255215462], [0.9820028412393905, 0.0, 0.0, 0.0, 0.0, 0.0, 0.0, 0.0, 0.0, 0.0, 0.0, 0.0, 0.0, 0.0, 0.0, 0.0, 0.0, 0.0, 0.0, 0.0, 0.0, 0.0, 0.0, 0.0, 0.0, 0.0, 0.0, 0.0, 0.0, 0.0, 0.0, 0.0, 0.0, 0.0, 0.0, 0.0], [0.9844451319314731, 0.0, 0.0, 0.0, 0.0, 0.0, 0.0, 0.0, 0.0, 0.0, 0.0, 0.0, 0.0, 0.0, 0.0, 0.0, 0.0, 0.0, 0.0, 0.0, 0.0, 0.0, 0.0, 0.0, 0.0, 0.0, 0.0, 0.0, 0.0, 0.0, 0.0, 0.0, 0.0, 0.0, 0.0, 0.0], [0.9838911037338034, 0.0, 0.0, 0.0, 0.0, 0.0, 0.0, 0.0, 0.0, 0.0, 0.0, 0.0, 0.0, 0.0, 0.0, 0.0, 0.0, 0.0, 0.0, 0.0, 0.0, 0.0, 0.0, 0.0, 0.0, 0.0, 0.0, 0.0, 0.0, 0.0, 0.0, 0.0, 0.0, 0.0, 0.0, 0.0], [0.0, 0.966276758926698, 0.0, 0.0, 0.0, 0.0, 0.0, 0.0, 0.0, 0.0, 0.0, 0.0, 0.0, 0.0, 0.0, 0.0, 0.0, 0.0, 0.0, 0.0, 0.0, 0.0, 0.0, 0.0, 0.0, 0.0, 0.0, 0.0, 0.0, 0.0, 0.0, 0.0, 0.0, 0.0, 0.0, 0.0], [0.0, 0.9678730697312445, 0.0, 0.0, 0.0, 0.0, 0.0, 0.0, 0.0, 0.0, 0.0, 0.0, 0.0, 0.0, 0.0, 0.0, 0.0, 0.0, 0.0, 0.0, 0.0, 0.0, 0.0, 0.0, 0.0, 0.0, 0.0, 0.0, 0.0, 0.0, 0.0, 0.0, 0.0, 0.0, 0.0, 0.0], [0.0, 0.0, 0.0, 0.9671006451165173, 0.0, 0.0, 0.0, 0.0, 0.0, 0.0, 0.0, 0.0, 0.0, 0.0, 0.0, 0.0, 0.0, 0.0, 0.0, 0.0, 0.0, 0.0, 0.0, 0.0, 0.0, 0.0, 0.0, 0.0, 0.0, 0.0, 0.0, 0.0, 0.0, 0.0, 0.0, 0.0], [0.0, 0.0, 0.0, 0.9650656532183961, 0.0, 0.0, 0.0, 0.0, 0.0, 0.0, 0.0, 0.0, 0.0, 0.0, 0.0, 0.0, 0.0, 0.0, 0.0, 0.0, 0.0, 0.0, 0.0, 0.0, 0.0, 0.0, 0.0, 0.0, 0.0, 0.0, 0.0, 0.0, 0.0, 0.0, 0.0, 0.0], [0.0, 0.0, 0.0, 0.0, 0.9842375291969928, 0.0, 0.0, 0.0, 0.0, 0.0, 0.0, 0.0, 0.0, 0.0, 0.0, 0.0, 0.0, 0.0, 0.0, 0.0, 0.0, 0.0, 0.0, 0.0, 0.0, 0.0, 0.0, 0.0, 0.0, 0.0, 0.0, 0.0, 0.0, 0.0, 0.0, 0.0], [0.0, 0.0, 0.0, 0.0, 0.9815612806094893, 0.0, 0.0, 0.0, 0.0, 0.0, 0.0, 0.0, 0.0, 0.0, 0.0, 0.0, 0.0, 0.0, 0.0, 0.0, 0.0, 0.0, 0.0, 0.0, 0.0, 0.0, 0.0, 0.0, 0.0, 0.0, 0.0, 0.0, 0.0, 0.0, 0.0, 0.0], [0.0, 0.0, 0.0, 0.0, 0.9849496343108781, 0.0, 0.0, 0.0, 0.0, 0.0, 0.0, 0.0, 0.0, 0.0, 0.0, 0.0, 0.0, 0.0, 0.0, 0.0, 0.0, 0.0, 0.0, 0.0, 0.0, 0.0, 0.0, 0.0, 0.0, 0.0, 0.0, 0.0, 0.0, 0.0, 0.0, 0.0], [0.0, 0.0, 0.0, 0.0, 0.0, 0.0, 0.0, 0.0, 0.0, 0.0, 0.0, 0.0, 0.9678740458283023, 0.0, 0.0, 0.0, 0.0, 0.0, 0.0, 0.0, 0.0, 0.0, 0.0, 0.0, 0.0, 0.0, 0.0, 0.0, 0.0, 0.0, 0.0, 0.0, 0.0, 0.0, 0.0, 0.0], [0.0, 0.0, 0.0, 0.0, 0.0, 0.0, 0.0, 0.0, 0.0, 0.0, 0.0, 0.0, 0.9662745216303337, 0.0, 0.0, 0.0, 0.0, 0.0, 0.0, 0.0, 0.0, 0.0, 0.0, 0.0, 0.0, 0.0, 0.0, 0.0, 0.0, 0.0, 0.0, 0.0, 0.0, 0.0, 0.0, 0.0], [0.0, 0.0, 0.0, 0.0, 0.0, 0.0, 0.0, 0.0, 0.0, 0.0, 0.0, 0.0, 0.0, 0.9819967349010263, 0.0, 0.0, 0.0, 0.0, 0.0, 0.0, 0.0, 0.0, 0.0, 0.0, 0.0, 0.0, 0.0, 0.0, 0.0, 0.0, 0.0, 0.0, 0.0, 0.0, 0.0, 0.0], [0.0, 0.0, 0.0, 0.0, 0.0, 0.0, 0.0, 0.0, 0.0, 0.0, 0.0, 0.0, 0.0, 0.9844414234282057, 0.0, 0.0, 0.0, 0.0, 0.0, 0.0, 0.0, 0.0, 0.0, 0.0, 0.0, 0.0, 0.0, 0.0, 0.0, 0.0, 0.0, 0.0, 0.0, 0.0, 0.0, 0.0], [0.0, 0.0, 0.0, 0.0, 0.0, 0.0, 0.0, 0.0, 0.0, 0.0, 0.0, 0.0, 0.0, 0.9838872353239856, 0.0, 0.0, 0.0, 0.0, 0.0, 0.0, 0.0, 0.0, 0.0, 0.0, 0.0, 0.0, 0.0, 0.0, 0.0, 0.0, 0.0, 0.0, 0.0, 0.0, 0.0, 0.0], [0.0, 0.0, 0.0, 0.0, 0.0, 0.0, 0.0, 0.0, 0.0, 0.0, 0.0, 0.0, 0.0, 0.0, 0.9650683871527295, 0.0, 0.0, 0.0, 0.0, 0.0, 0.0, 0.0, 0.0, 0.0, 0.0, 0.0, 0.0, 0.0, 0.0, 0.0, 0.0, 0.0, 0.0, 0.0, 0.0, 0.0], [0.0, 0.0, 0.0, 0.0, 0.0, 0.0, 0.0, 0.0, 0.0, 0.0, 0.0, 0.0, 0.0, 0.0, 0.96710381669617, 0.0, 0.0, 0.0, 0.0, 0.0, 0.0, 0.0, 0.0, 0.0, 0.0, 0.0, 0.0, 0.0, 0.0, 0.0, 0.0, 0.0, 0.0, 0.0, 0.0, 0.0], [0.0, 0.0, 0.0, 0.0, 0.0, 0.0, 0.0, 0.0, 0.0, 0.0, 0.0, 0.0, 0.0, 0.0, 0.0, 0.9849499995183908, 0.0, 0.0, 0.0, 0.0, 0.0, 0.0, 0.0, 0.0, 0.0, 0.0, 0.0, 0.0, 0.0, 0.0, 0.0, 0.0, 0.0, 0.0, 0.0, 0.0], [0.0, 0.0, 0.0, 0.0, 0.0, 0.0, 0.0, 0.0, 0.0, 0.0, 0.0, 0.0, 0.0, 0.0, 0.0, 0.981559510086204, 0.0, 0.0, 0.0, 0.0, 0.0, 0.0, 0.0, 0.0, 0.0, 0.0, 0.0, 0.0, 0.0, 0.0, 0.0, 0.0, 0.0, 0.0, 0.0, 0.0], [0.0, 0.0, 0.0, 0.0, 0.0, 0.0, 0.0, 0.0, 0.0, 0.0, 0.0, 0.0, 0.0, 0.0, 0.0, 0.9842372255215462, 0.0, 0.0, 0.0, 0.0, 0.0, 0.0, 0.0, 0.0, 0.0, 0.0, 0.0, 0.0, 0.0, 0.0, 0.0, 0.0, 0.0, 0.0, 0.0, 0.0]], "Born radii": [], "Atomic SASAs": [], "Solvent H bonds": [], "Total SASA": NaN, "Total FOD": 0.0, "FOD": [0.0, 0.0, 0.0, 0.0, 0.0, 0.0, 0.0, 0.0, 0.0, 0.0, 0.0, 0.0, 0.0, 0.0, 0.0, 0.0, 0.0, 0.0, 0.0, 0.0, 0.0, 0.0, 0.0, 0.0, 0.0, 0.0, 0.0, 0.0, 0.0, 0.0, 0.0, 0.0, 0.0, 0.0, 0.0, 0.0], "FOD s proportion": [0.0, 0.0, 0.0, 0.0, 0.0, 0.0, 0.0, 0.0, 0.0, 0.0, 0.0, 0.0, 0.0, 0.0, 0.0, 0.0, 0.0, 0.0, 0.0, 0.0, 0.0, 0.0, 0.0, 0.0, 0.0, 0.0, 0.0, 0.0, 0.0, 0.0, 0.0, 0.0, 0.0, 0.0, 0.0, 0.0], "FOD p proportion": [0.0, 0.0, 0.0, 0.0, 0.0, 0.0, 0.0, 0.0, 0.0, 0.0, 0.0, 0.0, 0.0, 0.0, 0.0, 0.0, 0.0, 0.0, 0.0, 0.0, 0.0, 0.0, 0.0, 0.0, 0.0, 0.0, 0.0, 0.0, 0.0, 0.0, 0.0, 0.0, 0.0, 0.0, 0.0, 0.0], "FOD d proportion": [0.0, 0.0, 0.0, 0.0, 0.0, 0.0, 0.0, 0.0, 0.0, 0.0, 0.0, 0.0, 0.0, 0.0, 0.0, 0.0, 0.0, 0.0, 0.0, 0.0, 0.0, 0.0, 0.0, 0.0, 0.0, 0.0, 0.0, 0.0, 0.0, 0.0, 0.0, 0.0, 0.0, 0.0, 0.0, 0.0], "coordinates": [["-0.66760", "1.36640", "2.30670"], ["-1.88600", "0.46760", "2.15700"], ["-1.72660", "-0.49620", "1.05250"], ["-2.23810", "-0.02180", "-0.24560"], ["-3.71260", "-0.34850", "-0.43240"], ["-1.18560", "-1.78320", "1.26300"], ["-0.65030", "-2.37660", "2.75290"], ["-1.12430", "-2.86860", "-0.14170"], ["0.89250", "-2.89080", "-0.60000"], ["1.05380", "-1.49360", "-1.68510"], ["0.48840", "-1.64660", "-3.27100"], ["1.69250", "-0.34870", "-1.16130"], ["1.93890", "0.84750", "-1.98760"], ["0.79700", "1.84830", "-1.89260"], ["2.22680", "-0.26010", "0.20930"], ["3.66890", "-0.73890", "0.29230"], ["-0.82080", "2.07880", "3.12310"], ["0.23390", "0.78680", "2.52590"], ["-0.48260", "1.93480", "1.39000"], ["-2.08040", "-0.05210", "3.09920"], ["-2.77460", "1.08000", "1.96430"], ["-2.08810", "1.06260", "-0.30330"], ["-1.66110", "-0.44570", "-1.06790"], ["-3.89460", "-1.42640", "-0.38780"], ["-4.06060", "0.01650", "-1.40360"], ["-4.32290", "0.12180", "0.34530"], ["2.87110", "1.31900", "-1.65530"], ["2.10120", "0.56930", "-3.03260"], ["1.01430", "2.72970", "-2.50380"], ["-0.14530", "1.41620", "-2.24210"], ["0.64810", "2.17910", "-0.86020"], ["1.60970", "-0.83120", "0.90350"], ["2.16240", "0.78280", "0.54100"], ["4.32220", "-0.13690", "-0.34730"], ["4.03470", "-0.66010", "1.32070"], ["3.76550", "-1.78140", "-0.02540"]], "bond_dist": [[0.0, 1.5214302777321083, 2.4826955914892186, 3.3026965921803964, 4.44022249667739, 3.3582158730492595, 3.76954144824009, 4.913090926290699, 5.385774664799856, 5.203583880365532, 6.444008247201426, 4.531960284468521, 5.050159596488016, 4.473410473006027, 3.927103305236571, 5.224493056747229, 1.0943002147491336, 1.0939319220134314, 1.0943685165427597, 2.153184232712101, 2.153766867606613, 2.987007648132157, 3.957104221523613, 5.04713692007657, 5.2058625702183114, 4.330974164088259, 5.312446559731214, 6.067103620344719, 5.275252102980482, 4.5789582625309, 3.5243160173287524, 3.4618652905623004, 3.386323293780439, 5.848224596405306, 5.2144533308871415, 5.916055346259026], [1.5214302777321083, 0.0, 1.474530111594877, 2.4770897299048333, 3.272228465434527, 2.521090399013887, 3.15777214820829, 4.122431202579372, 5.1575150809280235, 5.220197495306093, 6.290532648353397, 4.948042322979867, 5.652600567880239, 5.050156596581932, 4.6084928577572954, 5.982446184463342, 2.159621654364486, 2.1753050039017516, 2.170367802931107, 1.0934442326886178, 1.0962559053432734, 2.5392805083330203, 3.3592673174369434, 3.7546926638541267, 4.196456687492438, 3.0561930796335495, 6.155364624455647, 6.545231461911794, 5.937330472527194, 4.825138263303965, 4.295857411507044, 3.9342168445575036, 4.370394673253206, 6.721509204040414, 6.084882371089847, 6.462222760784403], [2.4826955914892186, 1.474530111594877, 0.0, 1.4736862691902914, 2.4841375364500253, 1.4118641046503022, 2.7542124119246862, 2.72344647276204, 3.914658378453987, 4.027391796187701, 4.992223693906354, 4.075893951024732, 4.948093365125602, 4.531980937735727, 4.049209924170393, 5.454193577422789, 3.4261469612379445, 2.7677710906070248, 2.7515819540766002, 2.124000974576048, 2.100973507686377, 2.0973157439927825, 2.122012408069284, 2.764047779977763, 3.426783404302058, 2.7609472160836392, 5.636131401058708, 5.69871784702489, 5.528673738791248, 4.124581507256221, 4.05645799559172, 3.3563855097410964, 4.125747720110865, 6.219044779546132, 5.769867601600578, 5.742540366423208], [3.3026965921803964, 2.4770897299048333, 1.4736862691902914, 0.0, 1.5217678469464386, 2.5467940965064293, 4.130035608805328, 3.058695128645547, 4.261152041408521, 3.8826487221998334, 4.384840071199861, 4.049072296217987, 4.608424404283964, 3.927049149170405, 4.494335647234194, 5.974631186943675, 4.215376535969236, 3.800767055477092, 3.096005679904351, 3.3486526275503707, 2.5269454881338453, 1.0962447947424883, 1.0903199071832084, 2.176491270370731, 2.159615044400274, 2.1716755765997826, 5.467076309143673, 5.190981862807845, 4.821651713883947, 3.2301188971924857, 3.681282984232535, 4.096477024224596, 4.542083329266428, 6.562097758339172, 6.496825564843188, 6.260023415291672], [4.44022249667739, 3.272228465434527, 2.4841375364500253, 1.5217678469464386, 0.0, 3.3642940195529873, 4.86179051276379, 3.6241836860181356, 5.262919822683982, 5.059553365663811, 5.233652125428285, 5.454026151385781, 5.982350314884611, 5.224424029498372, 5.9746184656428065, 7.42725686239543, 5.186123097266396, 5.061156708698122, 4.355169416911356, 3.9018109077709036, 2.943573872013407, 2.155660054368499, 2.14987449401122, 1.0940665290557057, 1.0943301330037476, 1.094744477035623, 6.9008076592526475, 6.434568153341761, 6.0091261269838565, 4.3720486582379205, 5.058406773876534, 5.508584699357903, 6.061598159726525, 8.038036303102892, 7.949283707353764, 7.625013509496228], [3.3582158730492595, 2.521090399013887, 1.4118641046503022, 2.5467940965064293, 3.3642940195529873, 0.0, 1.6907015289518135, 1.7762412392465161, 3.002673203996732, 3.7134989066916395, 4.835089612406372, 4.027217445085378, 5.220103744179803, 5.203489826068655, 3.8826010688712276, 5.059544567448734, 4.302103561050106, 3.1960595520108814, 3.7860087163132627, 2.6774997086834578, 3.348829187940167, 3.3714061725042854, 2.7291209775310437, 3.1923545980984005, 4.3145452425487445, 3.783364848914257, 5.881915897052592, 5.898261595588992, 6.276512459957361, 4.858406164577021, 4.854920722318749, 2.9747682834130122, 4.27957287588376, 5.9698601842924255, 5.3400575830228645, 5.1159914982337495], [3.76954144824009, 3.15777214820829, 2.7542124119246862, 4.130035608805328, 4.86179051276379, 1.6907015289518135, 0.0, 2.9741299837095214, 3.7264690915127687, 4.83523420425526, 6.173889284721584, 4.992199103601538, 6.29055782105212, 6.443999344351301, 4.384880570779551, 5.233746486982341, 4.474003514750519, 3.292482072844133, 4.5247971954552835, 2.7510743265131894, 4.133113113622708, 4.820344792647099, 4.398704819603153, 4.614364422106256, 5.885028967643234, 5.052378754606586, 6.744623381627768, 7.051318267529838, 7.515190465982881, 6.292088829633606, 5.957745937852671, 3.3039584622086275, 4.773425526809861, 6.273217067820943, 5.191030156914906, 5.250952634522616], [4.913090926290699, 4.122431202579372, 2.72344647276204, 3.058695128645547, 3.6241836860181356, 1.7762412392465161, 2.9741299837095214, 0.0, 2.068336038945316, 3.0028033851719296, 3.726473370359702, 3.9145679723310463, 5.157512991743211, 5.385739513752963, 4.261143562472403, 5.262959654985016, 5.935301007531127, 4.724695351025291, 5.082374970424752, 4.398889890642866, 4.769713623478877, 4.0508466324954835, 2.6488573177881816, 3.13290091448804, 4.305583736266199, 4.405757950682266, 5.982491109897281, 5.529946606433014, 6.441590584630476, 4.871307031998701, 5.397862475091413, 3.5662582351815186, 4.959959489753923, 6.096623532743349, 5.799255728970744, 5.010556213635369], [5.385774664799856, 5.1575150809280235, 3.914658378453987, 4.261152041408521, 5.262919822683982, 3.002673203996732, 3.7264690915127687, 2.068336038945316, 0.0, 1.7764086072748015, 2.9741505425919517, 2.723477574719498, 4.1225324267978785, 4.913146020626702, 3.05874246545864, 3.6242612847310003, 6.441567717566897, 4.871318767028082, 5.397908425492229, 5.529957752099016, 5.982516990364507, 4.959977702570849, 3.566275000613385, 5.010571086213626, 5.799255629820089, 6.096699763806645, 4.76979371566528, 4.39895333687458, 5.935428369545032, 4.724803726082175, 5.082452302776683, 2.6489319073921096, 4.050909030082013, 4.405753577993213, 4.305639536700674, 3.132900017555619], [5.203583880365532, 5.220197495306093, 4.027391796187701, 3.8826487221998334, 5.059553365663811, 3.7134989066916395, 4.83523420425526, 3.0028033851719296, 1.7764086072748015, 0.0, 1.6906108274821854, 1.4117719858390732, 2.5210429329942, 3.3581688611503737, 2.546802428536615, 3.3642875709427695, 6.2765399831435795, 4.858495772355885, 4.854965656933116, 5.898360651909987, 5.882022091083984, 4.279610413343719, 2.9748465943641533, 5.1160693593812825, 5.340105955877655, 5.970003702678919, 3.348758888006122, 2.677379207359316, 4.302103303036784, 3.196095406898862, 3.7859975950863993, 2.7292212314138258, 3.371425830416561, 3.7832237959179733, 4.314547566083841, 3.1922953842024078], [6.444008247201426, 6.290532648353397, 4.992223693906354, 4.384840071199861, 5.233652125428285, 4.835089612406372, 6.173889284721584, 3.726473370359702, 2.9741505425919517, 1.6906108274821854, 0.0, 2.7541305905857114, 3.157784131317402, 3.769555216467853, 4.130000593220296, 4.861749317889601, 7.515126386828102, 6.29207878367714, 5.957699888379743, 7.0512844028588155, 6.7446187920445135, 4.773401321908729, 3.303961360246212, 5.2509065198306475, 5.191000420920808, 6.2732345675895145, 4.133101636785624, 2.7510309358493226, 4.474055022013028, 3.29256051425027, 4.524758691908333, 4.3987090265213045, 4.820332391028652, 5.052250807313508, 5.884992338992464, 4.6142686105167305], [4.531960284468521, 4.948042322979867, 4.075893951024732, 4.049072296217987, 5.454026151385781, 4.027217445085378, 4.992199103601538, 3.9145679723310463, 2.723477574719498, 1.4117719858390732, 2.7541305905857114, 0.0, 1.4745775971443484, 2.4826455526313054, 1.4737268437536177, 2.4842234118532898, 5.528608911833066, 4.12459913809815, 4.056422555651716, 5.698649508436187, 5.636092747639982, 4.125635472263636, 3.356302358250818, 5.742423351686986, 5.769769487596537, 6.219023313189941, 2.1010371843449134, 2.124034693690289, 3.426194397578748, 2.7677625421990233, 2.751582346578056, 2.122041736158834, 2.097361091943874, 2.760937762790027, 3.4268345159928573, 2.7640960728599864], [5.050159596488016, 5.652600567880239, 4.948093365125602, 4.608424404283964, 5.982350314884611, 5.220103744179803, 6.29055782105212, 5.157512991743211, 4.1225324267978785, 2.5210429329942, 3.157784131317402, 1.4745775971443484, 0.0, 1.521368216442029, 2.4771018913238105, 3.2722330250151805, 5.9372803765697295, 4.825183078391949, 4.2958195143651, 6.5451957105956735, 6.155375870732834, 4.370339060073028, 3.934236181268227, 6.462174827409113, 6.0848678909241745, 6.721547600069496, 1.0962355495056708, 1.0935088156937738, 2.1596352562412013, 2.175334360506449, 2.170334987968447, 3.3592953933823684, 2.539282634918768, 3.0560998576617218, 4.196437094726906, 3.754705262733681], [4.473410473006027, 5.050156596581932, 4.531980937735727, 3.927049149170405, 5.224424029498372, 5.203489826068655, 6.443999344351301, 5.385739513752963, 4.913146020626702, 3.3581688611503737, 3.769555216467853, 2.4826455526313054, 1.521368216442029, 0.0, 3.3026750082319634, 4.440180340932111, 5.275192278960076, 4.5789743513149315, 3.5242476033899774, 6.067043609535044, 5.312465440828769, 3.3862960576417414, 3.4619101230390137, 5.916011637074424, 5.214488469639184, 5.848279633362276, 2.1536853507418394, 2.1532251716901323, 1.0943722812644696, 1.0939789531796307, 1.0942804073910855, 3.9570666850585168, 2.986974450844868, 4.3308204961646695, 5.205772636218374, 5.047093240668335], [3.927103305236571, 4.6084928577572954, 4.049209924170393, 4.494335647234194, 5.9746184656428065, 3.8826010688712276, 4.384880570779551, 4.261143562472403, 3.05874246545864, 2.546802428536615, 4.130000593220296, 1.4737268437536177, 2.4771018913238105, 3.3026750082319634, 0.0, 1.5217722727136278, 4.821674958974319, 3.23021447894718, 3.681370242178855, 5.191026666277106, 5.467165167616577, 4.54209820017137, 4.096517253716869, 6.2600576722582995, 6.496872534535367, 6.562233895557212, 2.526937367644873, 3.3486706810315043, 4.215444448691027, 3.8008159729194992, 3.096097637349313, 1.0903583172517188, 1.0962721651122953, 2.171562331594467, 2.1595630044062157, 2.1764731723593562], [5.224493056747229, 5.982446184463342, 5.454193577422789, 5.974631186943675, 7.42725686239543, 5.059544567448734, 5.233746486982341, 5.262959654985016, 3.6242612847310003, 3.3642875709427695, 4.861749317889601, 2.4842234118532898, 3.2722330250151805, 4.440180340932111, 1.5217722727136278, 0.0, 6.009181975943148, 4.3721795994675245, 5.058514528001279, 6.434658680924731, 6.900918305559051, 6.061616171451307, 5.508630526728036, 7.625072098675527, 7.94933180965545, 8.038188896138234, 2.943566376013967, 3.901798372545665, 5.18616065408699, 5.061201538172532, 4.3552511856378615, 2.149974271939085, 2.155681987214255, 1.0946657252330503, 1.0943608362875565, 1.0941074444495842], [1.0943002147491336, 2.159621654364486, 3.4261469612379445, 4.215376535969236, 5.186123097266396, 4.302103561050106, 4.474003514750519, 5.935301007531127, 6.441567717566897, 6.2765399831435795, 7.515126386828102, 5.528608911833066, 5.9372803765697295, 5.275192278960076, 4.821674958974319, 6.009181975943148, 0.0, 1.7715258761869668, 1.7716520115417702, 2.475459185686567, 2.4814820813376834, 3.791955786925792, 4.964240660967193, 5.836188164375786, 5.936362372699295, 4.879623576670642, 6.086093016870511, 6.979206025043249, 5.954264558280896, 5.448000555249604, 4.246693559700299, 4.393410339360529, 4.15287113332451, 6.588129601791391, 5.858847943068672, 6.771140522836607], [1.0939319220134314, 2.1753050039017516, 2.7677710906070248, 3.800767055477092, 5.061156708698122, 3.1960595520108814, 3.292482072844133, 4.724695351025291, 4.871318767028082, 4.858495772355885, 6.29207878367714, 4.12459913809815, 4.825183078391949, 4.5789743513149315, 3.23021447894718, 4.3721795994675245, 1.7715258761869668, 0.0, 1.7667894781212619, 2.5275305319619785, 3.0744809399311617, 3.670438976471343, 4.245642435486059, 5.51655818241773, 5.8717171755799, 5.095259326079488, 4.971970848667559, 5.867796672516866, 5.448097526660109, 4.8242886522263575, 3.684526311481572, 2.672626311327493, 2.7674819349003887, 5.081603764560948, 4.241710420337531, 5.057369028457385], [1.0943685165427597, 2.170367802931107, 2.7515819540766002, 3.096005679904351, 4.355169416911356, 3.7860087163132627, 4.5247971954552835, 5.082374970424752, 5.397908425492229, 4.854965656933116, 5.957699888379743, 4.056422555651716, 4.2958195143651, 3.5242476033899774, 3.681370242178855, 5.058514528001279, 1.7716520115417702, 1.7667894781212619, 0.0, 3.0695441176174683, 2.51272114051679, 2.491109788829067, 3.618966000116608, 5.108814175520577, 4.928099009760254, 4.373359255766669, 4.571691745951383, 5.300943637693198, 4.246675648080507, 3.6844087259694738, 2.5301314234640064, 3.502164693443185, 3.0073127539383067, 5.513279896758371, 5.21001994142057, 5.818921997243132], [2.153184232712101, 1.0934442326886178, 2.124000974576048, 3.3486526275503707, 3.9018109077709036, 2.6774997086834578, 2.7510743265131894, 4.398889890642866, 5.529957752099016, 5.898360651909987, 7.0512844028588155, 5.698649508436187, 6.5451957105956735, 6.067043609535044, 5.191026666277106, 6.434658680924731, 2.475459185686567, 2.5275305319619785, 3.0695441176174683, 0.0, 1.7468720788884344, 3.580449920051948, 4.206596707553507, 4.1640354381297, 4.919461946188831, 3.555701431504057, 7.000181262653132, 7.447878070967596, 6.979196825566678, 5.86770846157169, 5.3009257729192925, 4.364050103974518, 5.02422104310708, 7.271783828607669, 6.3974349750505475, 6.850412429919822], [2.153766867606613, 1.0962559053432734, 2.100973507686377, 2.5269454881338453, 2.943573872013407, 3.348829187940167, 4.133113113622708, 4.769713623478877, 5.982516990364507, 5.882022091083984, 6.7446187920445135, 5.636092747639982, 6.155375870732834, 5.312465440828769, 5.467165167616577, 6.900918305559051, 2.4814820813376834, 3.0744809399311617, 2.51272114051679, 1.7468720788884344, 0.0, 2.3693025914812993, 3.5723773009020197, 3.6150816546794626, 3.7586671387607598, 2.4365018222853845, 6.710629899644295, 7.0002321204371505, 6.086147460421905, 4.971926175035184, 4.571727939193233, 4.8989864839576756, 5.14665714129084, 7.562334983984774, 7.057530408011007, 7.410764067220059], [2.987007648132157, 2.5392805083330203, 2.0973157439927825, 1.0962447947424883, 2.155660054368499, 3.3714061725042854, 4.820344792647099, 4.0508466324954835, 4.959977702570849, 4.279610413343719, 4.773401321908729, 4.125635472263636, 4.370339060073028, 3.3862960576417414, 4.54209820017137, 6.061616171451307, 3.791955786925792, 3.670438976471343, 2.491109788829067, 3.580449920051948, 2.3693025914812993, 0.0, 1.7441075224882208, 3.0766383440372063, 2.489124655375861, 2.5100035139417636, 5.146582322279515, 5.024207188203925, 4.152867493672294, 2.7673905109326364, 3.007241310570204, 4.326265077407994, 4.342566151482323, 6.521708544545669, 6.5645830888183605, 6.5138465878465395], [3.957104221523613, 3.3592673174369434, 2.122012408069284, 1.0903199071832084, 2.14987449401122, 2.7291209775310437, 4.398704819603153, 2.6488573177881816, 3.566275000613385, 2.9748465943641533, 3.303961360246212, 3.356302358250818, 3.934236181268227, 3.4619101230390137, 4.096517253716869, 5.508630526728036, 4.964240660967193, 4.245642435486059, 3.618966000116608, 4.206596707553507, 3.5723773009020197, 1.7441075224882208, 0.0, 2.532356758041805, 2.4665610837763574, 3.0666544849395727, 4.898983740532317, 4.364077494728983, 4.3934882644659465, 2.672651658933502, 3.5021591868445956, 3.8383799772820826, 4.32630601206156, 6.034442864921334, 6.180090206461392, 5.684970386906162], [5.04713692007657, 3.7546926638541267, 2.764047779977763, 2.176491270370731, 1.0940665290557057, 3.1923545980984005, 4.614364422106256, 3.13290091448804, 5.010571086213626, 5.1160693593812825, 5.2509065198306475, 5.742423351686986, 6.462174827409113, 5.916011637074424, 6.2600576722582995, 7.625072098675527, 5.836188164375786, 5.51655818241773, 5.108814175520577, 4.1640354381297, 3.6150816546794626, 3.0766383440372063, 2.532356758041805, 0.0, 1.77238992606029, 1.7657292374540323, 7.410699960192695, 6.850357886271344, 6.771109393592752, 5.057277305032818, 5.818841405297107, 5.68498348458463, 6.513868518783596, 8.317466726113183, 8.147391388045623, 7.6768802758672745], [5.2058625702183114, 4.196456687492438, 3.426783404302058, 2.159615044400274, 1.0943301330037476, 4.3145452425487445, 5.885028967643234, 4.305583736266199, 5.799255629820089, 5.340105955877655, 5.191000420920808, 5.769769487596537, 6.0848678909241745, 5.214488469639184, 6.496872534535367, 7.94933180965545, 5.936362372699295, 5.8717171755799, 4.928099009760254, 4.919461946188831, 3.7586671387607598, 2.489124655375861, 2.4665610837763574, 1.77238992606029, 0.0, 1.771592670452212, 7.0575012596527396, 6.397421987019459, 5.858882512049545, 4.241676134501549, 5.209988292693181, 6.180097716865001, 6.564633565554136, 8.450481470898564, 8.568166673215455, 8.14737509017475], [4.330974164088259, 3.0561930796335495, 2.7609472160836392, 2.1716755765997826, 1.094744477035623, 3.783364848914257, 5.052378754606586, 4.405757950682266, 6.096699763806645, 5.970003702678919, 6.2732345675895145, 6.219023313189941, 6.721547600069496, 5.848279633362276, 6.562233895557212, 8.038188896138234, 4.879623576670642, 5.095259326079488, 4.373359255766669, 3.555701431504057, 2.4365018222853845, 2.5100035139417636, 3.0666544849395727, 1.7657292374540323, 1.771592670452212, 0.0, 7.562362342548789, 7.2718309571936555, 6.588187691618993, 5.081579663844699, 5.513307042057426, 6.034528896276826, 6.521835292308446, 8.676656871168756, 8.450576934742385, 8.31755993606298], [5.312446559731214, 6.155364624455647, 5.636131401058708, 5.467076309143673, 6.9008076592526475, 5.881915897052592, 6.744623381627768, 5.982491109897281, 4.76979371566528, 3.348758888006122, 4.133101636785624, 2.1010371843449134, 1.0962355495056708, 2.1536853507418394, 2.526937367644873, 2.943566376013967, 6.086093016870511, 4.971970848667559, 4.571691745951383, 7.000181262653132, 6.710629899644295, 5.146582322279515, 4.898983740532317, 7.410699960192695, 7.0575012596527396, 7.562362342548789, 0.0, 1.7469262691939806, 2.4814779829770806, 3.07448386562688, 2.5127047220077414, 3.5723867987663374, 2.3692825538546476, 2.4364318213321705, 3.758640415096927, 3.615107955511149], [6.067103620344719, 6.545231461911794, 5.69871784702489, 5.190981862807845, 6.434568153341761, 5.898261595588992, 7.051318267529838, 5.529946606433014, 4.39895333687458, 2.677379207359316, 2.7510309358493226, 2.124034693690289, 1.0935088156937738, 2.1532251716901323, 3.3486706810315043, 3.901798372545665, 6.979206025043249, 5.867796672516866, 5.300943637693198, 7.447878070967596, 7.0002321204371505, 5.024207188203925, 4.364077494728983, 6.850357886271344, 6.397421987019459, 7.2718309571936555, 1.7469262691939806, 0.0, 2.4755422052552443, 2.5276257851984343, 3.0695728383604126, 4.206644233828194, 3.5804950286238353, 3.5556146486929654, 4.919458049419672, 4.164004901534099], [5.275252102980482, 5.937330472527194, 5.528673738791248, 4.821651713883947, 6.0091261269838565, 6.276512459957361, 7.515190465982881, 6.441590584630476, 5.935428369545032, 4.302103303036784, 4.474055022013028, 3.426194397578748, 2.1596352562412013, 1.0943722812644696, 4.215444448691027, 5.18616065408699, 5.954264558280896, 5.448097526660109, 4.246675648080507, 6.