{"total energy": -42.91417605, "HOMO-LUMO gap/eV": 3.89987523, "electronic energy": -43.44891072, "dipole": [0.38350121, -0.31532446, -0.9262878], "partial charges": [-0.17139261, 0.10088762, -0.03786136, -0.02807193, 0.01961565, -0.02747371, -0.03773981, 0.01071861, -0.03669262, -0.0315675, -0.03997686, 0.08894393, -0.14303286, 0.08207115, -0.14794534, 0.05931916, 0.04875427, 0.04921198, 0.05943912, 0.05487851, 0.0583384, 0.06957621], "atomic dipole moments": [[-0.02499343, 0.00360995, 0.00830571], [-0.24839292, 0.01312595, 0.00959057], [-0.01026219, 0.03528833, -0.00705027], [-0.00528217, 0.01688822, -0.00307173], [0.08432682, -0.00597198, -0.00778415], [-0.00701991, -0.01628847, 0.00388806], [-0.01334558, -0.03350498, 0.01005784], [-0.04270935, 0.01638158, 0.04412896], [-0.00380227, 0.0110494, 0.03243305], [0.00211239, 0.00673281, 0.02078183], [-0.03045575, 0.01603301, 0.04556397], [0.10761986, 0.05773602, 0.19140612], [0.0111326, 0.01598977, 0.05179807], [-0.07247872, 0.06835353, 0.2041063], [-0.0510624, 0.02845837, 0.0938354], [-0.08009298, -0.12809938, 0.03633663], [0.06634315, -0.13548583, 0.03147308], [0.0778409, 0.12856636, -0.03455155], [-0.06859125, 0.1363043, -0.02957676], [-0.08295866, -0.03664545, -0.12394302], [0.06207585, -0.04528678, -0.13196682], [0.15354618, -0.01246915, -0.01959788]], "atomic quadrupole moments": [[0.44271733, -0.03476023, -0.2352868, -0.02119638, 0.00883302, -0.20743053], [0.18998192, -0.0260702, -0.43183184, 0.01141901, 0.17884998, 0.24184993], [-0.25160456, -0.00672183, -0.21481176, 0.04050314, 0.18132443, 0.46641631], [-0.24997965, 0.01339926, -0.23086093, 0.03343804, 0.1891665, 0.48084058], [-0.09734067, -0.0103196, -0.31698201, 0.00917247, 0.19841827, 0.41432268], [-0.25160953, 0.00153135, -0.230273, 0.0357567, 0.1900701, 0.48188252], [-0.24898319, 0.02422151, -0.21922011, 0.03290128, 0.17907013, 0.4682033], [-0.11643089, 0.01525485, 0.39188531, -0.02790149, -0.23644944, -0.27545442], [-0.24434454, 0.0221109, 0.44175717, -0.02561526, -0.22961643, -0.19741264], [-0.25510608, 0.03683901, 0.45619736, 0.01673145, -0.24018383, -0.20109128], [-0.28040199, 0.03143041, 0.43656716, 0.0004787, -0.21608963, -0.15616518], [-0.24008383, 0.11329858, 0.24158126, 0.2853732, -0.10281401, -0.00149743], [0.0185312, 0.09582569, -0.17564512, 0.32262624, 0.10498663, 0.15711392], [-0.34830156, -0.05285255, 0.25700918, -0.24070561, -0.04699295, 0.09129238], [-0.13051893, -0.08062435, -0.14617718, -0.2415724, 0.16335393, 0.27669611], [0.03709437, -0.00367848, 0.01935277, -0.00370512, -0.01943404, -0.05644714], [0.0393661, 0.00071662, 0.02023425, -0.00494448, -0.02054636, -0.05960035], [0.03894483, -0.00424904, 0.02007883, -0.00393981, -0.02126243, -0.05902366], [0.03750088, 0.00040125, 0.01844847, -0.0048042, -0.02022037, -0.05594935], [0.04183478, -0.00447346, -0.05678708, -0.00039231, 0.0263607, 0.01495231], [0.03818894, -0.00244537, -0.05799513, 0.00551509, 0.02808341, 0.01980619], [0.02674597, 9.197e-05, -0.05300824, 0.01113013, 0.02833428, 0.02626227]], "number of molecular orbitals": 82, "number of electrons": 76, "number of unpaired electrons": 0, "orbital energies/eV": [-28.93860632, -28.90715995, -28.83267557, -18.54635444, -18.21641843, -17.845401, -17.52867496, -17.27847595, -17.26585254, -16.5611304, -16.35359555, -16.2273579, -15.93914382, -15.17691074, -14.79061886, -14.66354917, -14.45547175, -14.29177396, -14.01909151, -14.01196711, -13.87158302, -13.74002574, -13.66888791, -13.52964211, -12.90268163, -12.72180287, -12.5930224, -12.56771381, -12.3006773, -12.22578716, -12.18371847, -11.60624264, -11.58169072, -11.56191368, -11.47271974, -11.29249427, -10.97700324, -10.93392993, -7.0340547, -7.00255416, -6.76443739, -6.73807888, -4.33775063, -3.91342592, -3.77371384, -3.75703932, -3.38126094, 0.05799143, 0.21465048, 0.29088313, 0.31992392, 0.32036942, 0.33029097, 0.33507338, 0.44696434, 0.45017177, 0.50921382, 0.76840475, 0.81774528, 1.90201581, 2.75555592, 2.94396764, 3.24194837, 3.53672418, 3.78110032, 3.99386385, 4.28061431, 4.47138944, 4.56190082, 4.82102536, 8.26731622, 8.82448541, 9.82198007, 10.03308951, 10.61263349, 10.74990676, 11.20255768, 11.26336572, 15.28424218, 15.38072892, 15.68222641, 16.82846155], "fractional occupation": [2.0, 2.0, 2.0, 2.0, 2.0, 2.0, 2.0, 2.0, 2.0, 2.0, 2.0, 2.0, 2.0, 2.0, 2.0, 2.0, 2.0, 2.0, 2.0, 2.0, 2.0, 2.0, 2.0, 2.0, 2.0, 2.0, 2.0, 2.0, 2.0, 2.0, 2.0, 2.0, 2.0, 2.0, 2.0, 2.0, 2.0, 2.0, 0.0, 0.0, 0.0, 0.0, 0.0, 0.0, 0.0, 0.0, 0.0, 0.0, 0.0, 0.0, 0.0, 0.0, 0.0, 0.0, 0.0, 0.0, 0.0, 0.0, 0.0, 0.0, 0.0, 0.0, 0.0, 0.0, 0.0, 0.0, 0.0, 0.0, 0.0, 0.0, 0.0, 0.0, 0.0, 0.0, 0.0, 0.0, 0.0, 0.0, 0.0, 0.0, 0.0, 0.0], "program call": "xtb /home/svss/Project-DBcg-Debug/aqme2_20220329/End-to-End-workflows-final/example-3/QDESCP/mol_325_rdkit_conf_1/mol_325_rdkit_conf_1.xyz --pop --wbo --acc 0.2 --gfn 2 --chrg 0 --uhf 0 --etemp 300 --input /home/svss/Project-DBcg-Debug/aqme2_20220329/End-to-End-workflows-final/example-3/QDESCP/mol_325_rdkit_conf_1/mol_325_rdkit_conf_1_xtb.inp", "method": "GFN2-xTB", "xtb version": "6.3.3 (7355c4f)", "Dipole module/D": 2.671, "Total charge": 0, "Transition dipole module/D": NaN, "HOMO": -10.9339, "LUMO": -7.0341, "HOMO occupancy": 2.0, "LUMO occupancy": 0, "mulliken charges": [-0.11291, 0.11307, -0.04649, -0.02692, 0.00522, -0.02654, -0.04633, -0.00589, -0.03842, -0.0259, -0.04718, 0.09228, -0.0979, 0.08174, -0.10415, 0.04357, 0.03741, 0.03769, 0.04369, 0.03867, 0.03998, 0.0453], "cm5 charges": [-0.11493, 0.10573, -0.09838, -0.07873, -0.00271, -0.07829, -0.09821, -0.01113, -0.09011, -0.08097, -0.09885, 0.08846, -0.09894, 0.08089, -0.10412, 0.10007, 0.09381, 0.09412, 0.10018, 0.09499, 0.09525, 0.10186], "FUKUI+": [-0.091, -0.03, -0.027, -0.024, -0.021, -0.024, -0.027, -0.032, -0.031, -0.034, -0.032, -0.034, -0.1, -0.03, -0.088, -0.054, -0.044, -0.044, -0.054, -0.054, -0.062, -0.061], "FUKUI-": [-0.203, -0.017, -0.018, -0.012, -0.026, -0.011, -0.018, -0.011, -0.024, -0.024, -0.014, -0.016, -0.17, -0.014, -0.139, -0.042, -0.036, -0.036, -0.041, -0.039, -0.048, -0.041], "FUKUIrad": [-0.147, -0.023, -0.023, -0.018, -0.024, -0.018, -0.022, -0.021, -0.027, -0.029, -0.023, -0.025, -0.135, -0.022, -0.114, -0.048, -0.04, -0.04, -0.048, -0.046, -0.055, -0.051], "s proportion": [1.943, 1.078, 1.062, 1.063, 1.078, 1.063, 1.062, 1.084, 1.063, 1.06, 1.063, 1.082, 1.945, 1.085, 1.947, 0.956, 0.963, 0.962, 0.956, 0.961, 0.96, 0.955], "p proportion": [5.18, 2.809, 2.984, 2.964, 2.917, 2.964, 2.984, 2.922, 2.975, 2.966, 2.984, 2.825, 5.162, 2.833, 5.166, 0.0, 0.0, 0.0, 0.0, 0.0, 0.0, 0.0], "d proportion": [-0.011, 0.0, 0.0, 0.0, 0.0, 0.0, 0.0, 0.0, 0.0, 0.0, 0.0, 0.0, -0.01, 0.0, -0.009, 0.0, 0.0, 0.0, 0.0, 0.0, 0.0, 0.0], "Fermi-level/eV": -8.984, "Coordination numbers": [0.966, 2.879, 2.946, 2.916, 2.968, 2.916, 2.946, 2.993, 2.917, 2.908, 2.957, 2.9, 0.969, 2.896, 0.954, 0.925, 0.925, 0.925, 0.925, 0.925, 0.925, 0.925], "Dispersion coefficient C6": [104.532, 25.763, 28.941, 28.702, 27.567, 28.688, 28.938, 27.767, 28.913, 28.787, 28.992, 26.021, 103.627, 26.169, 103.779, 2.207, 2.335, 2.33, 2.206, 2.26, 2.219, 2.09], "Total dispersion C6": 10907.067538, "Total dispersion C8": 330445.470643, "Polarizability alpha": [15.642, 8.321, 8.823, 8.785, 8.612, 8.783, 8.823, 8.644, 8.817, 8.798, 8.832, 8.364, 15.574, 8.387, 15.585, 2.323, 2.39, 2.387, 2.322, 2.351, 2.329, 2.261], "Total polarizability alpha": 167.153933, "Wiberg matrix": [[0.0, 0.9803490691005072, 0.0, 0.0, 0.0, 0.0, 0.0, 0.0, 0.0, 0.0, 0.0, 0.0, 0.0, 0.0, 0.0, 0.0, 0.0, 0.0, 0.0, 0.0, 0.0, 0.0], [0.9803490691005072, 0.0, 1.4011109182094412, 0.0, 0.0, 0.0, 1.4013315870768897, 0.0, 0.0, 0.0, 0.0, 0.0, 0.0, 0.0, 0.0, 0.0, 0.0, 0.0, 0.0, 0.0, 0.0, 0.0], [0.0, 1.4011109182094412, 0.0, 1.4429153504213565, 0.0, 0.1094700717083726, 0.0, 0.0, 0.0, 0.0, 0.0, 0.0, 0.0, 0.0, 0.0, 0.9667937141704617, 0.0, 0.0, 0.0, 0.0, 0.0, 0.0], [0.0, 0.0, 1.4429153504213565, 0.0, 1.398006819418738, 0.0, 0.10938479367510966, 0.0, 0.0, 0.0, 0.0, 0.0, 0.0, 0.0, 0.0, 0.0, 0.9691193193792866, 0.0, 0.0, 0.0, 0.0, 0.0], [0.0, 0.0, 0.0, 1.398006819418738, 0.0, 1.398126481176909, 0.0, 1.0166928545213472, 0.0, 0.0, 0.0, 0.0, 0.0, 0.0, 0.0, 0.0, 0.0, 0.0, 0.0, 0.0, 0.0, 0.0], [0.0, 0.0, 0.1094700717083726, 0.0, 1.398126481176909, 0.0, 1.4427754961564334, 0.0, 0.0, 0.0, 0.0, 0.0, 0.0, 0.0, 0.0, 0.0, 0.0, 0.9690989932030881, 0.0, 0.0, 0.0, 0.0], [0.0, 1.4013315870768897, 0.0, 0.10938479367510966, 0.0, 1.4427754961564334, 0.0, 0.0, 0.0, 0.0, 0.0, 0.0, 0.0, 0.0, 0.0, 0.0, 0.0, 0.0, 0.9667716373456974, 0.0, 0.0, 0.0], [0.0, 0.0, 0.0, 0.0, 1.0166928545213472, 0.0, 0.0, 0.0, 1.3968377027640029, 0.0, 0.10459513115533084, 0.0, 0.0, 1.3617131663213424, 0.0, 0.0, 0.0, 0.0, 0.0, 0.0, 0.0, 0.0], [0.0, 0.0, 0.0, 0.0, 0.0, 0.0, 0.0, 1.3968377027640029, 0.0, 1.4360704284534613, 0.0, 0.0, 0.0, 0.0, 0.0, 0.0, 0.0, 0.0, 0.0, 0.9681006829496785, 0.0, 0.0], [0.0, 0.0, 0.0, 0.0, 0.0, 0.0, 0.0, 0.0, 1.4360704284534613, 0.0, 1.4379238861968187, 0.0, 0.0, 0.0, 0.0, 0.0, 0.0, 0.0, 0.0, 0.0, 0.967309608064049, 0.0], [0.0, 0.0, 0.0, 0.0, 0.0, 0.0, 0.0, 0.10459513115533084, 0.0, 1.4379238861968187, 0.0, 1.3971231639810568, 0.0, 0.0, 0.0, 0.0, 0.0, 0.0, 0.0, 0.0, 0.0, 0.965341398348332], [0.0, 0.0, 0.0, 0.0, 0.0, 0.0, 0.0, 0.0, 0.0, 0.0, 1.3971231639810568, 0.0, 0.9930827884956127, 1.3656963660896135, 0.0, 0.0, 0.0, 0.0, 0.0, 0.0, 0.0, 0.0], [0.0, 0.0, 0.0, 0.0, 0.0, 0.0, 0.0, 0.0, 0.0, 0.0, 0.0, 0.9930827884956127, 0.0, 0.0, 0.0, 0.0, 0.0, 0.0, 0.0, 0.0, 0.0, 0.0], [0.0, 0.0, 0.0, 0.0, 0.0, 0.0, 0.0, 1.3617131663213424, 0.0, 0.0, 0.0, 1.3656963660896135, 0.0, 0.0, 0.9892042856283552, 0.0, 0.0, 0.0, 0.0, 0.0, 0.0, 0.0], [0.0, 0.0, 0.0, 0.0, 0.0, 0.0, 0.0, 0.0, 0.0, 0.0, 0.0, 0.0, 0.0, 0.9892042856283552, 0.0, 0.0, 0.0, 0.0, 0.0, 0.0, 0.0, 0.0], [0.0, 0.0, 0.9667937141704617, 0.0, 0.0, 0.0, 0.0, 0.0, 0.0, 0.0, 0.0, 0.0, 0.0, 0.0, 0.0, 0.0, 0.0, 0.0, 0.0, 0.0, 0.0, 0.0], [0.0, 0.0, 0.0, 0.9691193193792866, 0.0, 0.0, 0.0, 0.0, 0.0, 0.0, 0.0, 0.0, 0.0, 0.0, 0.0, 0.0, 0.0, 0.0, 0.0, 0.0, 0.0, 0.0], [0.0, 0.0, 0.0, 0.0, 0.0, 0.9690989932030881, 0.0, 0.0, 0.0, 0.0, 0.0, 0.0, 0.0, 0.0, 0.0, 0.0, 0.0, 0.0, 0.0, 0.0, 0.0, 0.0], [0.0, 0.0, 0.0, 0.0, 0.0, 0.0, 0.9667716373456974, 0.0, 0.0, 0.0, 0.0, 0.0, 0.0, 0.0, 0.0, 0.0, 0.0, 0.0, 0.0, 0.0, 0.0, 0.0], [0.0, 0.0, 0.0, 0.0, 0.0, 0.0, 0.0, 0.0, 0.9681006829496785, 0.0, 0.0, 0.0, 0.0, 0.0, 0.0, 0.0, 0.0, 0.0, 0.0, 0.0, 0.0, 0.0], [0.0, 0.0, 0.0, 0.0, 0.0, 0.0, 0.0, 0.0, 0.0, 0.967309608064049, 0.0, 0.0, 0.0, 0.0, 0.0, 0.0, 0.0, 0.0, 0.0, 0.0, 0.0, 0.0], [0.0, 0.0, 0.0, 0.0, 0.0, 0.0, 0.0, 0.0, 0.0, 0.0, 0.965341398348332, 0.0, 0.0, 0.0, 0.0, 0.0, 0.0, 0.0, 0.0, 0.0, 0.0, 0.0]], "Born radii": [], "Atomic SASAs": [], "Solvent H bonds": [], "Total SASA": NaN, "Total FOD": 0.0, "FOD": [0.0, 0.0, 0.0, 0.0, 0.0, 0.0, 0.0, 0.0, 0.0, 0.0, 0.0, 0.0, 0.0, 0.0, 0.0, 0.0, 0.0, 0.0, 0.0, 0.0, 0.0, 0.0], "FOD s proportion": [0.0, 0.0, 0.0, 0.0, 0.0, 0.0, 0.0, 0.0, 0.0, 0.0, 0.0, 0.0, 0.0, 0.0, 0.0, 0.0, 0.0, 0.0, 0.0, 0.0, 0.0, 0.0], "FOD p proportion": [0.0, 0.0, 0.0, 0.0, 0.0, 0.0, 0.0, 0.0, 0.0, 0.0, 0.0, 0.0, 0.0, 0.0, 0.0, 0.0, 0.0, 0.0, 0.0, 0.0, 0.0, 0.0], "FOD d proportion": [0.0, 0.0, 0.0, 0.0, 0.0, 0.0, 0.0, 0.0, 0.0, 0.0, 0.0, 0.0, 0.0, 0.0, 0.0, 0.0, 0.0, 0.0, 0.0, 0.0, 0.0, 0.0], "coordinates": [["-5.22990", "0.27130", "0.17970"], ["-3.51290", "0.18210", "0.12040"], ["-2.87280", "-1.02560", "0.38790"], ["-1.47790", "-1.09790", "0.33820"], ["-0.71240", "0.03630", "0.02300"], ["-1.37640", "1.24400", "-0.24590"], ["-2.77130", "1.31750", "-0.19640"], ["0.75430", "-0.04280", "-0.03620"], ["1.35540", "-0.45850", "-1.23990"], ["2.74150", "-0.55280", "-1.36000"], ["3.55340", "-0.23250", "-0.27570"], ["2.98210", "0.18220", "0.93100"], ["4.06540", "0.55960", "2.22690"], ["1.58630", "0.27920", "1.05890"], ["0.87660", "0.79000", "2.56240"], ["-3.45000", "-1.91170", "0.63790"], ["-0.98860", "-2.04590", "0.55370"], ["-0.80720", "2.13880", "-0.49090"], ["-3.26900", "2.26120", "-0.40290"], ["0.73310", "-0.71130", "-2.09810"], ["3.18650", "-0.87530", "-2.29870"], ["4.63390", "-0.30780", "-0.37540"]], "bond_dist": [[0.0, 1.720337795318117, 2.698373076503692, 3.9971658572043265, 4.526321479965823, 3.9970918053004483, 2.698277155890402, 5.99632564659392, 6.775990576292148, 8.160455554685656, 8.809515451487671, 8.246777219011072, 9.52243387060262, 6.872673241905219, 6.575382211704503, 2.8536783718562253, 4.847465062277396, 4.847425698244378, 2.853813865689211, 6.458424312477463, 8.848330185972944, 9.896365153934044], [1.720337795318117, 0.0, 1.39277548441951, 2.413930786083147, 2.805983722333399, 2.4138018870652993, 1.3926471053357343, 4.275991044190809, 5.095206506119256, 6.469094336149381, 7.089526363587345, 6.545387488147665, 7.874673287825979, 5.185754650964506, 5.059705194969367, 2.1577212748638317, 3.3946757400376257, 3.3945802494564776, 2.1577736002648655, 4.873235250836964, 7.200840223890543, 8.176562229323517], [2.698373076503692, 1.39277548441951, 0.0, 1.3976563919647775, 2.434771402000606, 2.7914153327657996, 2.4169870396839115, 3.781747090962059, 4.566071669389345, 5.899072701704905, 6.508872330135229, 6.002798718931028, 7.35074141022523, 4.69428555266933, 4.699239722550872, 1.0866614238114833, 2.1491187426477856, 3.879744857590509, 3.403732263266311, 4.391069949340365, 6.6298963898389855, 7.579472845785516], [3.9971658572043265, 2.413930786083147, 1.3976563919647775, 0.0, 1.4041904892143373, 2.4157753765613226, 2.7915654891117994, 2.4972241008768115, 3.305574210330181, 4.580868215742514, 5.141961693750742, 4.677784502304483, 6.0862688759206165, 3.4358600873725926, 3.7489868364666203, 2.15436044802164, 1.0883743565520092, 3.4078544848628733, 3.878249763746528, 3.312633129400236, 5.36278096979543, 6.20383608826023], [4.526321479965823, 2.805983722333399, 2.434771402000606, 1.4041904892143373, 0.0, 1.4041874874816396, 2.4348878844825688, 1.4700239249753724, 2.47296184564178, 3.7668492165203533, 4.284684909068576, 3.8072406096804547, 5.287569473775262, 2.5330043249074805, 3.088937851430488, 3.4157370756543894, 2.166445422806677, 2.1664686704404477, 3.415812404099499, 2.6734698838775053, 4.628469148649476, 5.372155159710114], [3.9970918053004483, 2.4138018870652993, 2.7914153327657996, 2.4157753765613226, 1.4041874874816396, 0.0, 1.397711883758595, 2.497941316364338, 3.368868280298296, 4.628910180593268, 5.146247985668782, 4.637783425301359, 6.016338624113507, 3.378007307570545, 3.6288667501025715, 3.878061615033985, 3.4078132299173913, 1.0884303744383468, 2.1543629220723237, 3.4210865496213336, 5.433735063471534, 6.208748632373516], [2.698277155890402, 1.3926471053357343, 2.4169870396839115, 2.7915654891117994, 2.4348878844825688, 1.397711883758595, 0.0, 3.7823187980391078, 4.612236023882559, 5.936577371684799, 6.512343555126679, 5.971729097171103, 7.292959768845569, 4.652152484603229, 4.603955701350742, 3.403589696188422, 3.879836189841009, 2.1491748998162064, 1.086700156436908, 4.473623999622678, 6.687556950785542, 7.58357620981025], [5.99632564659392, 4.275991044190809, 3.781747090962059, 2.4972241008768115, 1.4700239249753724, 2.497941316364338, 3.7823187980391078, 0.0, 1.4081979228787407, 2.4416204209499885, 2.815724977692246, 2.4390968984441765, 4.0555999038366695, 1.4124984991142469, 2.7315261466806424, 4.650089946441896, 2.7199433872784926, 2.721105088011119, 4.650787866587768, 2.167665403146897, 3.4245524291504137, 3.9034059230369573], [6.775990576292148, 5.095206506119256, 4.566071669389345, 3.305574210330181, 2.47296184564178, 3.368868280298296, 4.612236023882559, 1.4081979228787407, 0.0, 1.3944854642483726, 2.410801036999943, 2.787374425871056, 4.516561728793264, 2.4252829814271157, 4.030569064040461, 5.360017932805823, 3.3512946334215377, 3.4617635751160125, 5.429770938999177, 1.0898038217954642, 2.1558540975678295, 3.393911164129079], [8.160455554685656, 6.469094336149381, 5.899072701704905, 4.580868215742514, 3.7668492165203533, 4.628910180593268, 5.936577371684799, 2.4416204209499885, 1.3944854642483726, 0.0, 1.39193397472725, 2.4180145491704557, 3.981958887281485, 2.80673979021925, 4.546007656174811, 6.646268567399304, 4.450308001700557, 4.537986013640853, 6.705277522966518, 2.145596518453551, 1.087744887370196, 2.1472400704159744], [8.809515451487671, 7.089526363587345, 6.508872330135229, 5.141961693750742, 4.284684909068576, 5.146247985668782, 6.512343555126679, 2.815724977692246, 2.410801036999943, 1.39193397472725, 0.0, 1.3980288516336135, 2.6744295036511994, 2.4315584426453745, 4.033060388836249, 7.259613568227994, 4.960452390659546, 4.968320348971068, 7.264974968298239, 3.3918259521974297, 2.1541440179338056, 1.0876996046703333], [8.246777219011072, 6.545387488147665, 6.002798718931028, 4.677784502304483, 3.8072406096804547, 4.637783425301359, 5.971729097171103, 2.4390968984441765, 2.787374425871056, 2.4180145491704557, 1.3980288516336135, 0.0, 1.7307011469343865, 1.4050000177935942, 2.732035331030695, 6.770689420583402, 4.568724481734481, 4.495428529072617, 6.72144191524408, 3.8770852531250846, 3.4045627766278597, 2.1622266763685993], [9.52243387060262, 7.874673287825979, 7.35074141022523, 6.0862688759206165, 5.287569473775262, 6.016338624113507, 7.292959768845569, 4.0555999038366695, 4.516561728793264, 3.981958887281485, 2.6744295036511994, 1.7307011469343865, 0.0, 2.7547749399905617, 3.2146679221966306, 8.069292524750853, 5.927153152230842, 5.798494652925016, 7.9752563570082184, 5.605803697954469, 4.8282976896624765, 2.801346158545923], [6.872673241905219, 5.185754650964506, 4.69428555266933, 3.4358600873725926, 2.5330043249074805, 3.378007307570545, 4.652152484603229, 1.4124984991142469, 2.4252829814271157, 2.80673979021925, 2.4315584426453745, 1.4050000177935942, 2.7547749399905617, 0.0, 1.73928231750915, 5.508321114459469, 3.5059131563688224, 3.404237719372723, 5.444182338055918, 3.4169708061380915, 3.89448174344161, 3.4190131982781224], [6.575382211704503, 5.059705194969367, 4.699239722550872, 3.7489868364666203, 3.088937851430488, 3.6288667501025715, 4.603955701350742, 2.7315261466806424, 4.030569064040461, 4.546007656174811, 4.033060388836249, 2.732035331030695, 3.2146679221966306, 1.73928231750915, 0.0, 5.451820860960125, 3.9441317853236093, 3.7385939562889146, 5.305038443781534, 4.8984440580657855, 5.633751441978959, 4.894194210490629], [2.8536783718562253, 2.1577212748638317, 1.0866614238114833, 2.15436044802164, 3.4157370756543894, 3.878061615033985, 3.403589696188422, 4.650089946441896, 5.360017932805823, 6.646268567399304, 7.259613568227994, 6.770689420583402, 8.069292524750853, 5.508321114459469, 5.451820860960125, 0.0, 2.466493308322567, 4.966400258738717, 4.304546439521823, 5.140523491824545, 7.3308169237814145, 8.303536072662055], [4.847465062277396, 3.3946757400376257, 2.1491187426477856, 1.0883743565520092, 2.166445422806677, 3.4078132299173913, 3.879836189841009, 2.7199433872784926, 3.3512946334215377, 4.450308001700557, 4.960452390659546, 4.568724481734481, 5.927153152230842, 3.5059131563688224, 3.9441317853236093, 2.466493308322567, 0.0, 4.316921265207416, 4.966529787487437, 3.431829146388264, 5.190178236823857, 5.957912777978543], [4.847425698244378, 3.3945802494564776, 3.879744857590509, 3.4078544848628733, 2.1664686704404477, 1.0884303744383468, 2.1491748998162064, 2.721105088011119, 3.4617635751160125, 4.537986013640853, 4.968320348971068, 4.495428529072617, 5.798494652925016, 3.404237719372723, 3.7385939562889146, 4.966400258738717, 4.316921265207416, 0.0, 2.4664113606614775, 3.616446590231909, 5.320016855236457, 5.96697251711452], [2.853813865689211, 2.1577736002648655, 3.403732263266311, 3.878249763746528, 3.415812404099499, 2.1543629220723237, 1.086700156436908, 4.650787866587768, 5.429770938999177, 6.705277522966518, 7.264974968298239, 6.72144191524408, 7.9752563570082184, 5.444182338055918, 5.305038443781534, 4.304546439521823, 4.966529787487437, 2.4664113606614775, 0.0, 5.265573444554733, 7.423285670105928, 8.310014780973617], [6.458424312477463, 4.873235250836964, 4.391069949340365, 3.312633129400236, 2.6734698838775053, 3.4210865496213336, 4.473623999622678, 2.167665403146897, 1.0898038217954642, 2.145596518453551, 3.3918259521974297, 3.8770852531250846, 5.605803697954469, 3.4169708061380915, 4.8984440580657855, 5.140523491824545, 3.431829146388264, 3.616446590231909, 5.265573444554733, 0.0, 2.4670443692807797, 4.28331042302563], [8.848330185972944, 7.200840223890543, 6.6298963898389855, 5.36278096979543, 4.628469148649476, 5.433735063471534, 6.687556950785542, 3.4245524291504137, 2.1558540975678295, 1.087744887370196, 2.1541440179338056, 3.4045627766278597, 4.8282976896624765, 3.89448174344161, 5.633751441978959, 7.3308169237814145, 5.190178236823857, 5.320016855236457, 7.423285670105928, 2.4670443692807797, 0.0, 2.473076201818294], [9.896365153934044, 8.176562229323517, 7.579472845785516, 6.20383608826023, 5.372155159710114, 6.208748632373516, 7.58357620981025, 3.9034059230369573, 3.393911164129079, 2.1472400704159744, 1.0876996046703333, 2.1622266763685993, 2.801346158545923, 3.4190131982781224, 4.894194210490629, 8.303536072662055, 5.957912777978543, 5.96697251711452, 8.310014780973617, 4.28331042302563, 2.473076201818294, 0.0]]}