{"total energy": -27.19872938, "HOMO-LUMO gap/eV": 6.95709004, "electronic energy": -27.52573591, "dipole": [-0.57785358, 0.6868437, 0.01082902], "partial charges": [-0.09987265, -0.0518654, -0.05747242, -0.05858645, -0.05931291, -0.06113108, 0.03300964, -0.21174444, 0.03310771, 0.03275071, 0.03072312, 0.02977338, 0.02872546, 0.02959704, 0.0308502, 0.03192171, 0.03251421, 0.03308586, 0.04497605, 0.04260283, 0.05084629, 0.05675103, 0.0587501], "atomic dipole moments": [[0.05358626, -0.08635392, -0.00057474], [0.04059922, 0.09631721, 0.04122968], [-0.02611582, 0.05433857, -0.09444084], [0.03800537, -0.05794351, 0.09217759], [-0.01808033, 0.07398159, -0.09769662], [0.06062943, -0.03978371, 0.10221748], [0.03533483, -0.195586, -0.04206436], [-0.04750806, 0.10873516, 0.01200594], [-0.01169385, 0.04843262, 0.11600269], [0.04914826, 0.08759914, -0.07598141], [-0.11511502, -0.02245006, -0.04226541], [0.00680415, -0.04380074, -0.11587266], [-0.06224057, -0.08418661, 0.06103995], [0.04738761, -0.1122897, 0.00874106], [-0.00992081, 0.03779947, 0.11809398], [0.00645159, -0.0368007, -0.1189983], [-0.04476141, 0.11558909, -0.00233788], [-0.00734087, 0.03652029, 0.11902415], [0.0439211, -0.11905762, 0.00380651], [-0.05211954, 0.11148679, -0.00723786], [0.00724816, -0.03782276, -0.12205901], [0.06797438, 0.08944652, -0.06316245], [-0.00434281, 0.03878075, 0.12554257]], "atomic quadrupole moments": [[-0.00972952, -0.14722353, 0.13511023, 0.00567895, 0.00530222, -0.12538071], [0.1313758, -0.10810671, 0.03230192, 0.11985814, 0.01222569, -0.16367773], [0.16608883, 0.1390974, -0.09290575, 0.03009437, -0.0977728, -0.07318308], [0.18410388, 0.11777931, -0.11096827, 0.03521044, -0.12011614, -0.0731356], [0.17775609, 0.13606098, -0.11134, 0.01743279, -0.12878091, -0.06641609], [0.18468402, 0.12574812, -0.09396884, 0.05138676, -0.09455608, -0.09071518], [0.06949716, -0.27421247, 0.2238006, 0.08519035, 0.04383976, -0.29329777], [-0.06048493, -0.36512985, 0.34414033, -0.01395629, 0.03906741, -0.28365541], [-0.04835917, -0.00971936, -0.02299809, 0.0019672, 0.03289254, 0.07135726], [-0.00724995, 0.03096982, 0.01238209, -0.04552553, -0.04369762, -0.00513214], [0.06000441, 0.02281091, -0.02044819, 0.04313252, 0.01098224, -0.03955622], [-0.0225402, -0.01818752, -0.0295736, -0.01027245, 0.0178852, 0.05211381], [0.00863371, 0.01708308, 0.00286156, -0.02294409, -0.04464026, -0.01149527], [0.00314524, -0.02864945, 0.04298916, -0.00443437, 0.0035016, -0.0461344], [-0.02178102, 0.00586505, -0.0142531, -0.01518347, 0.03933882, 0.03603412], [-0.0221192, 0.00194412, -0.01846898, -0.00926891, 0.03496296, 0.04058818], [-0.00633531, -0.02808985, 0.04265174, -0.00472284, 0.00858886, -0.03631643], [-0.02268056, 0.0024683, -0.01788144, -0.00827229, 0.03506565, 0.040562], [-0.00591393, -0.02821704, 0.03984519, -0.0039043, 0.00973816, -0.03393127], [-0.00454309, -0.03002103, 0.05013412, -0.01030819, 0.00303891, -0.04559103], [-0.02070703, 0.00720603, -0.01429892, -0.01627203, 0.03589476, 0.03500595], [0.01070932, 0.00831787, 0.00395507, -0.02451317, -0.03274063, -0.0146644], [-0.0190664, -0.02078794, -0.02356583, -0.00435245, 0.00557987, 0.04263223]], "number of molecular orbitals": 52, "number of electrons": 50, "number of unpaired electrons": 0, "orbital energies/eV": [-28.48271028, -17.42232577, -17.01478426, -16.7213049, -16.21355983, -15.74150803, -15.42604042, -15.0243692, -14.50167657, -14.2780772, -13.93100842, -13.86795959, -13.54292672, -13.38699061, -13.11752531, -12.7578432, -12.49734631, -12.44022554, -12.15788817, -11.85002188, -11.70016066, -11.54874341, -11.49700893, -11.13982467, -11.07419275, -4.11710271, 0.45993855, 0.67537231, 0.85885535, 0.86430483, 1.26321229, 2.44497536, 2.67351358, 2.9617501, 3.25912965, 3.40512253, 3.51723322, 3.78332147, 3.98750093, 4.18146527, 4.51337709, 4.86699014, 4.90927881, 5.26870133, 5.65939447, 6.19772652, 6.45898808, 6.75159892, 7.2261245, 7.27536945, 7.87062827, 8.24800679], "fractional occupation": [2.0, 2.0, 2.0, 2.0, 2.0, 2.0, 2.0, 2.0, 2.0, 2.0, 2.0, 2.0, 2.0, 2.0, 2.0, 2.0, 2.0, 2.0, 2.0, 2.0, 2.0, 2.0, 2.0, 2.0, 2.0, 0.0, 0.0, 0.0, 0.0, 0.0, 0.0, 0.0, 0.0, 0.0, 0.0, 0.0, 0.0, 0.0, 0.0, 0.0, 0.0, 0.0, 0.0, 0.0, 0.0, 0.0, 0.0, 0.0, 0.0, 0.0, 0.0, 0.0], "program call": "xtb /home/svss/Project-DBcg-Debug/aqme2_20220329/End-to-End-workflows-final/example-3/QDESCP/mol_285_rdkit_conf_8/mol_285_rdkit_conf_8.xyz --pop --wbo --acc 0.2 --gfn 2 --chrg 0 --uhf 0 --etemp 300 --input /home/svss/Project-DBcg-Debug/aqme2_20220329/End-to-End-workflows-final/example-3/QDESCP/mol_285_rdkit_conf_8/mol_285_rdkit_conf_8_xtb.inp", "method": "GFN2-xTB", "xtb version": "6.3.3 (7355c4f)", "Dipole module/D": 2.282, "Total charge": 0, "Transition dipole module/D": NaN, "HOMO": -11.0742, "LUMO": -4.1171, "HOMO occupancy": 2.0, "LUMO occupancy": 0, "mulliken charges": [-0.08506, -0.03878, -0.04648, -0.04626, -0.04551, -0.05181, 0.07137, -0.16606, 0.02699, 0.02632, 0.02867, 0.02304, 0.02421, 0.02532, 0.02337, 0.02446, 0.02257, 0.0237, 0.02907, 0.03145, 0.03349, 0.03329, 0.03264], "cm5 charges": [-0.2355, -0.15116, -0.15702, -0.15713, -0.15566, -0.16067, -0.03178, -0.17595, 0.07839, 0.07806, 0.07945, 0.07765, 0.07841, 0.08023, 0.07857, 0.07991, 0.07854, 0.07916, 0.08539, 0.08642, 0.08891, 0.08802, 0.08776], "FUKUI+": [0.007, 0.005, 0.004, 0.007, 0.019, 0.043, -0.043, -0.459, -0.006, 0.0, -0.014, -0.007, -0.015, -0.004, -0.01, -0.015, -0.02, -0.029, -0.006, -0.096, -0.063, -0.147, -0.151], "FUKUI-": [0.017, 0.005, 0.005, -0.001, 0.006, 0.012, 0.029, -0.259, -0.048, -0.072, -0.056, -0.056, -0.1, -0.046, -0.043, -0.043, -0.057, -0.039, -0.041, -0.042, -0.034, -0.08, -0.058], "FUKUIrad": [0.012, 0.005, 0.005, 0.003, 0.013, 0.027, -0.007, -0.359, -0.027, -0.036, -0.035, -0.031, -0.057, -0.025, -0.027, -0.029, -0.038, -0.034, -0.023, -0.069, -0.048, -0.114, -0.104], "s proportion": [1.007, 1.027, 1.032, 1.032, 1.032, 1.035, 1.042, 1.949, 0.973, 0.974, 0.971, 0.977, 0.976, 0.975, 0.977, 0.976, 0.977, 0.976, 0.971, 0.969, 0.967, 0.967, 0.967], "p proportion": [3.078, 3.012, 3.015, 3.014, 3.013, 3.017, 2.886, 5.233, 0.0, 0.0, 0.0, 0.0, 0.0, 0.0, 0.0, 0.0, 0.0, 0.0, 0.0, 0.0, 0.0, 0.0, 0.0], "d proportion": [0.0, 0.0, 0.0, 0.0, 0.0, 0.0, 0.0, -0.016, 0.0, 0.0, 0.0, 0.0, 0.0, 0.0, 0.0, 0.0, 0.0, 0.0, 0.0, 0.0, 0.0, 0.0, 0.0], "Fermi-level/eV": -7.5956, "Coordination numbers": [3.749, 3.799, 3.801, 3.801, 3.801, 3.823, 3.713, 0.912, 0.924, 0.924, 0.924, 0.924, 0.924, 0.924, 0.924, 0.924, 0.924, 0.924, 0.924, 0.924, 0.924, 0.924, 0.924], "Dispersion coefficient C6": [22.473, 21.507, 21.608, 21.629, 21.642, 21.657, 20.145, 105.816, 2.543, 2.548, 2.576, 2.59, 2.605, 2.592, 2.575, 2.559, 2.551, 2.543, 2.384, 2.415, 2.31, 2.238, 2.214], "Total dispersion C6": 4394.949538, "Total dispersion C8": 104214.120091, "Polarizability alpha": [6.761, 6.603, 6.618, 6.621, 6.623, 6.622, 6.413, 15.737, 2.494, 2.496, 2.51, 2.517, 2.524, 2.518, 2.509, 2.502, 2.498, 2.494, 2.414, 2.43, 2.377, 2.339, 2.327], "Total polarizability alpha": 98.948851, "Wiberg matrix": [[0.0, 1.0210233895742677, 0.0, 0.0, 0.0, 0.0, 0.0, 0.0, 0.9873900994088854, 0.9861527409642351, 0.987286653412561, 0.0, 0.0, 0.0, 0.0, 0.0, 0.0, 0.0, 0.0, 0.0, 0.0, 0.0, 0.0], [1.0210233895742677, 0.0, 1.0069347313144843, 0.0, 0.0, 0.0, 0.0, 0.0, 0.0, 0.0, 0.0, 0.9777852698531535, 0.9780031030307759, 0.0, 0.0, 0.0, 0.0, 0.0, 0.0, 0.0, 0.0, 0.0, 0.0], [0.0, 1.0069347313144843, 0.0, 1.008018485991541, 0.0, 0.0, 0.0, 0.0, 0.0, 0.0, 0.0, 0.0, 0.0, 0.9770604377468127, 0.9771026394600836, 0.0, 0.0, 0.0, 0.0, 0.0, 0.0, 0.0, 0.0], [0.0, 0.0, 1.008018485991541, 0.0, 1.0064990965993148, 0.0, 0.0, 0.0, 0.0, 0.0, 0.0, 0.0, 0.0, 0.0, 0.0, 0.9771415201950622, 0.9755072769101205, 0.0, 0.0, 0.0, 0.0, 0.0, 0.0], [0.0, 0.0, 0.0, 1.0064990965993148, 0.0, 1.0072012894384756, 0.0, 0.0, 0.0, 0.0, 0.0, 0.0, 0.0, 0.0, 0.0, 0.0, 0.0, 0.9769581752646392, 0.975713347699786, 0.0, 0.0, 0.0, 0.0], [0.0, 0.0, 0.0, 0.0, 1.0072012894384756, 0.0, 1.0145774377824672, 0.0, 0.0, 0.0, 0.0, 0.0, 0.0, 0.0, 0.0, 0.0, 0.0, 0.0, 0.0, 0.9681145029043329, 0.9747971732393277, 0.0, 0.0], [0.0, 0.0, 0.0, 0.0, 0.0, 1.0145774377824672, 0.0, 0.9475536488145063, 0.0, 0.0, 0.0, 0.0, 0.0, 0.0, 0.0, 0.0, 0.0, 0.0, 0.0, 0.0, 0.0, 0.9792518763328992, 0.9783123767229592], [0.0, 0.0, 0.0, 0.0, 0.0, 0.0, 0.9475536488145063, 0.0, 0.0, 0.0, 0.0, 0.0, 0.0, 0.0, 0.0, 0.0, 0.0, 0.0, 0.0, 0.0, 0.0, 0.0, 0.0], [0.9873900994088854, 0.0, 0.0, 0.0, 0.0, 0.0, 0.0, 0.0, 0.0, 0.0, 0.0, 0.0, 0.0, 0.0, 0.0, 0.0, 0.0, 0.0, 0.0, 0.0, 0.0, 0.0, 0.0], [0.9861527409642351, 0.0, 0.0, 0.0, 0.0, 0.0, 0.0, 0.0, 0.0, 0.0, 0.0, 0.0, 0.0, 0.0, 0.0, 0.0, 0.0, 0.0, 0.0, 0.0, 0.0, 0.0, 0.0], [0.987286653412561, 0.0, 0.0, 0.0, 0.0, 0.0, 0.0, 0.0, 0.0, 0.0, 0.0, 0.0, 0.0, 0.0, 0.0, 0.0, 0.0, 0.0, 0.0, 0.0, 0.0, 0.0, 0.0], [0.0, 0.9777852698531535, 0.0, 0.0, 0.0, 0.0, 0.0, 0.0, 0.0, 0.0, 0.0, 0.0, 0.0, 0.0, 0.0, 0.0, 0.0, 0.0, 0.0, 0.0, 0.0, 0.0, 0.0], [0.0, 0.9780031030307759, 0.0, 0.0, 0.0, 0.0, 0.0, 0.0, 0.0, 0.0, 0.0, 0.0, 0.0, 0.0, 0.0, 0.0, 0.0, 0.0, 0.0, 0.0, 0.0, 0.0, 0.0], [0.0, 0.0, 0.9770604377468127, 0.0, 0.0, 0.0, 0.0, 0.0, 0.0, 0.0, 0.0, 0.0, 0.0, 0.0, 0.0, 0.0, 0.0, 0.0, 0.0, 0.0, 0.0, 0.0, 0.0], [0.0, 0.0, 0.9771026394600836, 0.0, 0.0, 0.0, 0.0, 0.0, 0.0, 0.0, 0.0, 0.0, 0.0, 0.0, 0.0, 0.0, 0.0, 0.0, 0.0, 0.0, 0.0, 0.0, 0.0], [0.0, 0.0, 0.0, 0.9771415201950622, 0.0, 0.0, 0.0, 0.0, 0.0, 0.0, 0.0, 0.0, 0.0, 0.0, 0.0, 0.0, 0.0, 0.0, 0.0, 0.0, 0.0, 0.0, 0.0], [0.0, 0.0, 0.0, 0.9755072769101205, 0.0, 0.0, 0.0, 0.0, 0.0, 0.0, 0.0, 0.0, 0.0, 0.0, 0.0, 0.0, 0.0, 0.0, 0.0, 0.0, 0.0, 0.0, 0.0], [0.0, 0.0, 0.0, 0.0, 0.9769581752646392, 0.0, 0.0, 0.0, 0.0, 0.0, 0.0, 0.0, 0.0, 0.0, 0.0, 0.0, 0.0, 0.0, 0.0, 0.0, 0.0, 0.0, 0.0], [0.0, 0.0, 0.0, 0.0, 0.975713347699786, 0.0, 0.0, 0.0, 0.0, 0.0, 0.0, 0.0, 0.0, 0.0, 0.0, 0.0, 0.0, 0.0, 0.0, 0.0, 0.0, 0.0, 0.0], [0.0, 0.0, 0.0, 0.0, 0.0, 0.9681145029043329, 0.0, 0.0, 0.0, 0.0, 0.0, 0.0, 0.0, 0.0, 0.0, 0.0, 0.0, 0.0, 0.0, 0.0, 0.0, 0.0, 0.0], [0.0, 0.0, 0.0, 0.0, 0.0, 0.9747971732393277, 0.0, 0.0, 0.0, 0.0, 0.0, 0.0, 0.0, 0.0, 0.0, 0.0, 0.0, 0.0, 0.0, 0.0, 0.0, 0.0, 0.0], [0.0, 0.0, 0.0, 0.0, 0.0, 0.0, 0.9792518763328992, 0.0, 0.0, 0.0, 0.0, 0.0, 0.0, 0.0, 0.0, 0.0, 0.0, 0.0, 0.0, 0.0, 0.0, 0.0, 0.0], [0.0, 0.0, 0.0, 0.0, 0.0, 0.0, 0.9783123767229592, 0.0, 0.0, 0.0, 0.0, 0.0, 0.0, 0.0, 0.0, 0.0, 0.0, 0.0, 0.0, 0.0, 0.0, 0.0, 0.0]], "Born radii": [], "Atomic SASAs": [], "Solvent H bonds": [], "Total SASA": NaN, "Total FOD": 0.0, "FOD": [0.0, 0.0, 0.0, 0.0, 0.0, 0.0, 0.0, 0.0, 0.0, 0.0, 0.0, 0.0, 0.0, 0.0, 0.0, 0.0, 0.0, 0.0, 0.0, 0.0, 0.0, 0.0, 0.0], "FOD s proportion": [0.0, 0.0, 0.0, 0.0, 0.0, 0.0, 0.0, 0.0, 0.0, 0.0, 0.0, 0.0, 0.0, 0.0, 0.0, 0.0, 0.0, 0.0, 0.0, 0.0, 0.0, 0.0, 0.0], "FOD p proportion": [0.0, 0.0, 0.0, 0.0, 0.0, 0.0, 0.0, 0.0, 0.0, 0.0, 0.0, 0.0, 0.0, 0.0, 0.0, 0.0, 0.0, 0.0, 0.0, 0.0, 0.0, 0.0, 0.0], "FOD d proportion": [0.0, 0.0, 0.0, 0.0, 0.0, 0.0, 0.0, 0.0, 0.0, 0.0, 0.0, 0.0, 0.0, 0.0, 0.0, 0.0, 0.0, 0.0, 0.0, 0.0, 0.0, 0.0, 0.0], "coordinates": [["-3.30540", "0.15230", "-0.10520"], ["-2.49920", "-1.13720", "-0.10810"], ["-1.11210", "-0.99240", "0.52160"], ["-0.18170", "-0.06810", "-0.26710"], ["1.22200", "-0.04160", "0.34440"], ["2.15170", "0.88650", "-0.44310"], ["3.54130", "1.01280", "0.17310"], ["4.45090", "-0.51330", "0.09000"], ["-3.38720", "0.56270", "0.90630"], ["-2.85300", "0.91010", "-0.75140"], ["-4.31770", "-0.03720", "-0.47650"], ["-2.40600", "-1.50690", "-1.13580"], ["-3.05680", "-1.89720", "0.45240"], ["-0.65890", "-1.98960", "0.58350"], ["-1.21190", "-0.62660", "1.55080"], ["-0.12140", "-0.40800", "-1.30810"], ["-0.58660", "0.94990", "-0.27950"], ["1.16110", "0.29810", "1.38550"], ["1.62690", "-1.05980", "0.35900"], ["1.70390", "1.88730", "-0.48170"], ["2.23380", "0.53870", "-1.48030"], ["4.12400", "1.76590", "-0.36590"], ["3.48220", "1.31360", "1.22360"]], "bond_dist": [[0.0, 1.5207817397641252, 2.5522110453487183, 3.1356481722285108, 4.553799307171979, 5.516626365814528, 6.906172024356184, 7.787253436867198, 1.0946468151874376, 1.0938468997076327, 1.0947717707358007, 2.1503491251422404, 2.1384971288266907, 3.473615630722547, 2.7806048730447124, 3.44945800090391, 2.8387355794437776, 4.710951748850756, 5.100220714831859, 5.314608521801017, 5.720396980105489, 7.607079190464629, 7.013261786786517], [1.5207817397641252, 0.0, 1.5302076787155394, 2.557158982151872, 3.9054353214462534, 5.083154286464262, 6.417882336877173, 6.980858459387355, 2.1696108798584137, 2.174958992716874, 2.1570027375967795, 1.0961439777693438, 1.0966667725430546, 2.1428019997190595, 2.16097266525979, 2.7614607511243032, 2.836089407970066, 4.205796374053314, 4.1531764205244155, 5.191649720464585, 5.20508046527621, 7.236105906494183, 6.599772078640292], [2.5522110453487183, 1.5302076787155394, 0.0, 1.5303667338255886, 2.526547701904716, 3.8875830203353856, 5.0790167207836605, 5.6002485989463, 2.7825186630101872, 2.8758943061246183, 3.4906277386739486, 2.1646852473281193, 2.1459985484617645, 1.0971005833559657, 1.0968237415373536, 2.161206130844534, 2.165742540100277, 2.7530259170592637, 2.7446497991547116, 4.150799800038542, 4.1889041084751515, 5.984364490069099, 5.188259100122122], [3.1356481722285108, 2.557158982151872, 1.5303667338255886, 0.0, 1.5313419572388134, 2.527250031160352, 3.9016470688671987, 4.667623186376552, 3.4713119205856446, 2.885700161139407, 4.141412702206821, 2.78788371708721, 3.4827413154008435, 2.1548555520034283, 2.162867240493507, 1.0967447743208079, 1.0956376088835214, 2.1606251502747997, 2.155575111194226, 2.724909114080688, 2.7703250224477274, 4.681065042274033, 4.189921788052851], [4.553799307171979, 3.9054353214462534, 2.526547701904716, 1.5313419572388134, 0.0, 1.531622652613887, 2.553479105064304, 3.2730743132412985, 4.682481686029321, 4.325752596947726, 5.600193948427143, 4.183357518787989, 4.665087866267902, 2.7183924698247677, 2.77875784659261, 2.160955522448345, 2.1548451034819185, 1.0968108816017461, 1.0958505418167206, 2.152980266978776, 2.1656448046713477, 3.491874330499309, 2.7781403348283185], [5.516626365814528, 5.083154286464262, 3.8875830203353856, 2.527250031160352, 1.531622652613887, 0.0, 1.525333501238336, 2.7440765823861404, 5.71009106845066, 5.014242509093473, 6.53509553181895, 5.194307089497116, 5.973221759653663, 4.150341085983175, 4.192721524260823, 2.755165849817393, 2.743915343081852, 2.1613146184671956, 2.1695306266563743, 1.0970940889458842, 1.097036503494756, 2.160849714811282, 2.174978976909892], [6.906172024356184, 6.417882336877173, 5.0790167207836605, 3.9016470688671987, 2.553479105064304, 1.525333501238336, 0.0, 1.7785553069837328, 6.981710714430955, 6.461603518477437, 7.955398240188859, 6.59033266155814, 7.216718928987051, 5.1792387432903695, 5.213309878570427, 4.198570872332633, 4.153114684185834, 2.765151332205889, 2.8275708532236643, 2.1376510589897504, 2.1605690500421413, 1.0941754429706416, 1.0943142601647846], [7.787253436867198, 6.980858459387355, 5.6002485989463, 4.667623186376552, 3.2730743132412985, 2.7440765823861404, 1.7785553069837328, 0.0, 7.953611336996547, 7.4887233044091035, 8.7997692822028, 7.036114283466407, 7.642779092712283, 5.341634579414807, 5.849280072795284, 4.782436511862965, 5.2586966769343135, 3.6275989648802134, 2.8889443141050677, 3.692658967465043, 2.9134307096617214, 2.347224117974251, 2.3581756211105227], [1.0946468151874376, 2.1696108798584137, 2.7825186630101872, 3.4713119205856446, 4.682481686029321, 5.71009106845066, 6.981710714430955, 7.953611336996547, 0.0, 1.7759576824913368, 1.7713966523621978, 3.068577848124437, 2.5231522704743763, 3.749940802199416, 2.5615902931577486, 4.063406882161814, 3.0658450450079826, 4.5811219902988825, 5.298418853771378, 5.440625733314137, 6.106723881100242, 7.712607115625688, 6.917599761477966], [1.0938468997076327, 2.174958992716874, 2.8758943061246183, 2.885700161139407, 4.325752596947726, 5.014242509093473, 6.461603518477437, 7.4887233044091035, 1.7759576824913368, 0.0, 1.7658690183589496, 2.487862809722433, 3.0613072648788457, 3.873537518857924, 3.2178845442308837, 3.083657091831062, 2.3153493494503157, 4.588451200568662, 5.018266451674323, 4.668296856456325, 5.152161430894805, 7.039853186679393, 6.648172402247102], [1.0947717707358007, 2.1570027375967795, 3.4906277386739486, 4.141412702206821, 5.600193948427143, 6.53509553181895, 7.955398240188859, 8.7997692822028, 1.7713966523621978, 1.7658690183589496, 0.0, 2.499858289983654, 2.4315270962915467, 4.280453620821046, 3.7554402258590143, 4.293947471732741, 3.864489955996781, 5.796267724148015, 6.089502456687246, 6.321660687667443, 6.6529262358754595, 8.632826933282052, 8.096507929965856], [2.1503491251422404, 1.0961439777693438, 2.1646852473281193, 2.78788371708721, 4.183357518787989, 5.194307089497116, 6.59033266155814, 7.036114283466407, 3.068577848124437, 2.487862809722433, 2.499858289983654, 0.0, 1.7601857771269487, 2.498269439031747, 3.0689774290470107, 2.5409969815015523, 3.174796417095118, 4.726434290244603, 4.324188693847668, 5.370262420031259, 5.082411204339924, 7.344716866564701, 6.942109754966426], [2.1384971288266907, 1.0966667725430546, 2.1459985484617645, 3.4827413154008435, 4.665087866267902, 5.973221759653663, 7.216718928987051, 7.642779092712283, 2.5231522704743763, 3.0613072648788457, 2.4315270962915467, 1.7601857771269487, 0.0, 2.403258076029289, 2.4949073990831803, 3.732780471712742, 3.8397322901473223, 4.845688610507283, 4.758887265947787, 6.152986880369566, 6.136724408020943, 8.102580153259824, 7.325469751490344], [3.473615630722547, 2.1428019997190595, 1.0971005833559657, 2.1548555520034283, 2.7183924698247677, 4.150341085983175, 5.1792387432903695, 5.341634579414807, 3.749940802199416, 3.873537518857924, 4.280453620821046, 2.498269439031747, 2.403258076029289, 0.0, 1.760467917912735, 2.5235917597741517, 3.0644178142022342, 3.031365251829611, 2.4778639853712714, 4.663456710424147, 4.361110480141497, 6.154776439481778, 5.335688096206524], [2.7806048730447124, 2.16097266525979, 1.0968237415373536, 2.162867240493507, 2.77875784659261, 4.192721524260823, 5.213309878570427, 5.849280072795284, 2.5615902931577486, 3.2178845442308837, 3.7554402258590143, 3.0689774290470107, 2.4949073990831803, 1.760467917912735, 0.0, 3.0676188518132435, 2.4952656030971934, 2.5521604926022974, 3.109153408888021, 4.353462886025331, 4.734800924009371, 6.1538300228394345, 5.089794759123398], [3.44945800090391, 2.7614607511243032, 2.161206130844534, 1.0967447743208079, 2.160955522448345, 2.755165849817393, 4.198570872332633, 4.782436511862965, 4.063406882161814, 3.083657091831062, 4.293947471732741, 2.5409969815015523, 3.732780471712742, 2.5235917597741517, 3.0676188518132435, 0.0, 1.765876952111896, 3.0657567450794265, 2.5021228067383103, 3.046811306924011, 2.5441817486178144, 4.861790124018107, 4.72856684525026], [2.8387355794437776, 2.836089407970066, 2.165742540100277, 1.0956376088835214, 2.1548451034819185, 2.743915343081852, 4.153114684185834, 5.2586966769343135, 3.0658450450079826, 2.3153493494503157, 3.864489955996781, 3.174796417095118, 3.8397322901473223, 3.0644178142022342, 2.4952656030971934, 1.765876952111896, 0.0, 2.500304687433114, 3.0571487680516958, 2.48314193110261, 3.0928404808525127, 4.781534619763826, 4.352783102797566], [4.710951748850756, 4.205796374053314, 2.7530259170592637, 2.1606251502747997, 1.0968108816017461, 2.1613146184671956, 2.765151332205889, 3.6275989648802134, 4.5811219902988825, 4.588451200568662, 5.796267724148015, 4.726434290244603, 4.845688610507283, 3.031365251829611, 2.5521604926022974, 3.0657567450794265, 2.500304687433114, 0.0, 1.764812822936189, 2.511299329032682, 3.069427192490482, 3.7417395967651195, 2.538691999829834], [5.100220714831859, 4.1531764205244155, 2.7446497991547116, 2.155575111194226, 1.0958505418167206, 2.1695306266563743, 2.8275708532236643, 2.8889443141050677, 5.298418853771378, 5.018266451674323, 6.089502456687246, 4.324188693847668, 4.758887265947787, 2.4778639853712714, 3.109153408888021, 2.5021228067383103, 3.0571487680516958, 1.764812822936189, 0.0, 3.06563270794138, 2.5112853979585834, 3.839995951820783, 3.1341185060555707], [5.314608521801017, 5.191649720464585, 4.150799800038542, 2.724909114080688, 2.152980266978776, 1.0970940889458842, 2.1376510589897504, 3.692658967465043, 5.440625733314137, 4.668296856456325, 6.321660687667443, 5.370262420031259, 6.152986880369566, 4.663456710424147, 4.353462886025331, 3.046811306924011, 2.48314193110261, 2.511299329032682, 3.06563270794138, 0.0, 1.7597493940899653, 2.4259084092356, 2.5297293669481724], [5.720396980105489, 5.20508046527621, 4.1889041084751515, 2.7703250224477274, 2.1656448046713477, 1.097036503494756, 2.1605690500421413, 2.9134307096617214, 6.106723881100242, 5.152161430894805, 6.6529262358754595, 5.082411204339924, 6.136724408020943, 4.361110480141497, 4.734800924009371, 2.5441817486178144, 3.0928404808525127, 3.069427192490482, 2.5112853979585834, 1.7597493940899653, 0.0, 2.5141128136979054, 3.077344273882921], [7.607079190464629, 7.236105906494183, 5.984364490069099, 4.681065042274033, 3.491874330499309, 2.160849714811282, 1.0941754429706416, 2.347224117974251, 7.712607115625688, 7.039853186679393, 8.632826933282052, 7.344716866564701, 8.102580153259824, 6.154776439481778, 6.1538300228394345, 4.861790124018107, 4.781534619763826, 3.7417395967651195, 3.839995951820783, 2.4259084092356, 2.5141128136979054, 0.0, 1.772848775276673], [7.013261786786517, 6.599772078640292, 5.188259100122122, 4.189921788052851, 2.7781403348283185, 2.174978976909892, 1.0943142601647846, 2.3581756211105227, 6.917599761477966, 6.648172402247102, 8.096507929965856, 6.942109754966426, 7.325469751490344, 5.335688096206524, 5.089794759123398, 4.72856684525026, 4.352783102797566, 2.538691999829834, 3.1341185060555707, 2.5297293669481724, 3.077344273882921, 1.772848775276673, 0.0]]}