{"total energy": -27.21847468, "HOMO-LUMO gap/eV": 11.74320455, "electronic energy": -27.56290071, "dipole": [0.04735278, 0.59652848, -0.44229863], "partial charges": [-0.09946311, -0.05257687, -0.05682655, -0.07029551, 0.10735354, -0.44675415, -0.06458197, -0.09972721, 0.03332372, 0.03026365, 0.03143669, 0.02810751, 0.02933888, 0.03040943, 0.04276818, 0.03143714, 0.02966909, 0.04280831, 0.28365938, 0.02833129, 0.02939232, 0.04517507, 0.03545088, 0.03130031], "atomic dipole moments": [[-0.03215222, -0.09405717, -0.01877753], [-0.05290239, 0.07032733, 0.06822202], [-0.00604849, 0.08386195, -0.08522414], [-0.01426028, -0.08299248, 0.06834321], [0.02278074, 0.10155274, 0.15057088], [-0.00292711, 0.11051697, -0.20520677], [0.00483831, -0.08422473, 0.06723511], [0.09357839, 0.03757337, -0.04844489], [0.01854603, 0.02116985, 0.12308952], [0.10902613, 0.0186837, -0.05748679], [-0.07894763, 0.08695879, -0.04477059], [-0.01502832, -0.01561682, -0.12175661], [0.08882436, -0.07726379, 0.03007874], [-0.01943411, -0.12032834, -0.0178123], [0.02184921, 0.00969131, 0.12463763], [0.02217236, 0.11868043, 0.02807206], [-0.01358932, -0.00447002, -0.12446324], [-0.01717833, -0.12653156, -0.02777325], [0.01006545, 0.07656155, 0.01011103], [0.00461126, 0.11965543, 0.02912034], [-0.01236054, -0.00502299, -0.12361433], [-0.00257133, 0.01296163, 0.12787855], [-0.02024636, -0.12249466, -0.02835677], [-0.09589185, 0.06465769, -0.0443371]], "atomic quadrupole moments": [[-0.07065375, 0.09882364, 0.18044135, 0.00887503, 0.06181686, -0.10978759], [0.03283185, 0.14820992, 0.08949018, -0.11911645, 0.01725988, -0.12232203], [0.20499372, -0.07347304, -0.08481501, -0.07583308, -0.10119496, -0.12017872], [0.19463897, -0.03678286, -0.08954741, -0.06175599, -0.11834398, -0.10509156], [-0.02918109, -0.03281525, -0.28958275, 0.02651054, -0.01255289, 0.31876384], [-0.10643718, 0.00743667, -0.05468165, 0.02264626, 0.00777513, 0.16111883], [0.20645927, -0.03777079, -0.09248138, -0.0250411, -0.11282121, -0.11397789], [0.15379184, 0.10043165, -0.07473775, -0.11732594, -0.05976862, -0.07905409], [-0.05120171, 0.00521919, -0.02907454, 0.0117843, 0.00612039, 0.08027625], [0.04956696, 0.01167847, -0.02672416, -0.05741525, 0.00030394, -0.0228428], [0.0247293, -0.04768479, 0.00861227, 0.03940234, -0.01931351, -0.03334157], [-0.02723499, 0.01595285, -0.02496459, 0.02253015, -0.00121197, 0.05219957], [0.02486869, -0.02556913, 0.01096685, 0.02122087, -0.02772807, -0.03583555], [-0.00704613, 0.01732428, 0.04721355, 0.00195257, 0.02455971, -0.04016742], [-0.01512686, -0.00396173, -0.03238375, 0.01105366, 0.02524611, 0.04751061], [-0.0140746, 0.00863068, 0.04915853, 0.01008779, 0.03055552, -0.03508393], [-0.01906305, -0.00605417, -0.04088942, 0.00919134, 0.01529856, 0.05995247], [-0.01443517, 0.00586364, 0.02678738, 0.00091064, 0.00652744, -0.01235221], [-0.08906454, 0.03031326, 0.12499167, 0.01025251, 0.04518925, -0.03592713], [-0.01311414, 0.01811275, 0.04768266, -0.00417671, 0.03289106, -0.03456852], [-0.01324383, 0.00228315, -0.04617152, 0.00289156, 0.01433861, 0.05941535], [-0.03193585, 0.01254802, -0.04257782, 0.01214303, 0.01386031, 0.07451367], [-0.03556241, 0.00946144, 0.07067805, -0.01034841, 0.03197281, -0.03511564], [0.03231191, -0.04813921, -0.0069463, 0.02962972, -0.03810512, -0.02536561]], "number of molecular orbitals": 48, "number of electrons": 50, "number of unpaired electrons": 0, "orbital energies/eV": [-18.4322576, -17.14516086, -16.88841041, -16.55275273, -16.10115315, -15.85444791, -15.51253118, -14.94538763, -14.56668462, -14.41657648, -14.10410488, -13.77131781, -13.50217714, -13.16746894, -13.12107473, -12.88292737, -12.5494884, -12.43482132, -12.19027643, -11.89829193, -11.82822552, -11.75282582, -11.53687452, -11.50353888, -10.85282644, 0.89037811, 1.62657033, 2.58642626, 2.84344047, 2.98882934, 3.58173421, 3.61981441, 3.78269552, 3.96112481, 4.20854564, 4.5858918, 4.83154597, 5.0412549, 5.18379077, 5.57589411, 5.80877884, 6.32104807, 6.71738466, 7.20323626, 7.26802971, 7.57038761, 7.8903007, 8.22082937], "fractional occupation": [2.0, 2.0, 2.0, 2.0, 2.0, 2.0, 2.0, 2.0, 2.0, 2.0, 2.0, 2.0, 2.0, 2.0, 2.0, 2.0, 2.0, 2.0, 2.0, 2.0, 2.0, 2.0, 2.0, 2.0, 2.0, 0.0, 0.0, 0.0, 0.0, 0.0, 0.0, 0.0, 0.0, 0.0, 0.0, 0.0, 0.0, 0.0, 0.0, 0.0, 0.0, 0.0, 0.0, 0.0, 0.0, 0.0, 0.0, 0.0], "program call": "xtb /home/svss/Project-DBcg-Debug/aqme2_20220329/End-to-End-workflows-final/example-3/QDESCP/mol_1052_rdkit_conf_9/mol_1052_rdkit_conf_9.xyz --pop --wbo --acc 0.2 --gfn 2 --chrg 0 --uhf 0 --etemp 300 --input /home/svss/Project-DBcg-Debug/aqme2_20220329/End-to-End-workflows-final/example-3/QDESCP/mol_1052_rdkit_conf_9/mol_1052_rdkit_conf_9_xtb.inp", "method": "GFN2-xTB", "xtb version": "6.3.3 (7355c4f)", "Dipole module/D": 1.891, "Total charge": 0, "Transition dipole module/D": NaN, "HOMO": -10.8528, "LUMO": 0.8904, "HOMO occupancy": 2.0, "LUMO occupancy": 0, "mulliken charges": [-0.08501, -0.04056, -0.04136, -0.07262, 0.21597, -0.5641, -0.06425, -0.07709, 0.02729, 0.02816, 0.02487, 0.02102, 0.0246, 0.02535, 0.03243, 0.02309, 0.02439, 0.02904, 0.33315, 0.02229, 0.02379, 0.03632, 0.02797, 0.02525], "cm5 charges": [-0.23547, -0.15298, -0.15094, -0.17922, 0.16826, -0.77576, -0.17257, -0.22647, 0.07871, 0.07894, 0.07663, 0.07563, 0.07883, 0.08085, 0.09011, 0.08142, 0.08034, 0.09593, 0.50365, 0.07934, 0.07896, 0.08998, 0.07973, 0.07612], "FUKUI+": [0.02, -0.008, -0.02, -0.008, -0.038, -0.083, -0.005, 0.013, -0.028, -0.046, -0.015, -0.042, -0.062, -0.048, -0.046, -0.055, -0.081, -0.072, -0.088, -0.051, -0.075, -0.041, -0.044, -0.079], "FUKUI-": [0.021, 0.002, 0.001, -0.006, -0.013, -0.107, -0.008, 0.015, -0.046, -0.067, -0.066, -0.067, -0.107, -0.044, -0.043, -0.039, -0.047, -0.055, -0.048, -0.045, -0.053, -0.038, -0.05, -0.091], "FUKUIrad": [0.02, -0.003, -0.009, -0.007, -0.026, -0.095, -0.007, 0.014, -0.037, -0.056, -0.041, -0.055, -0.084, -0.046, -0.045, -0.047, -0.064, -0.063, -0.068, -0.048, -0.064, -0.039, -0.047, -0.085], "s proportion": [1.007, 1.027, 1.031, 1.041, 1.02, 1.699, 1.037, 1.006, 0.973, 0.972, 0.975, 0.979, 0.975, 0.975, 0.968, 0.977, 0.976, 0.971, 0.667, 0.978, 0.976, 0.964, 0.972, 0.975], "p proportion": [3.078, 3.013, 3.011, 3.031, 2.764, 4.865, 3.028, 3.071, 0.0, 0.0, 0.0, 0.0, 0.0, 0.0, 0.0, 0.0, 0.0, 0.0, 0.0, 0.0, 0.0, 0.0, 0.0, 0.0], "d proportion": [0.0, 0.0, 0.0, 0.0, 0.0, 0.0, 0.0, 0.0, 0.0, 0.0, 0.0, 0.0, 0.0, 0.0, 0.0, 0.0, 0.0, 0.0, 0.0, 0.0, 0.0, 0.0, 0.0, 0.0], "Fermi-level/eV": -4.9812, "Coordination numbers": [3.749, 3.799, 3.8, 3.8, 3.725, 1.653, 3.8, 3.749, 0.924, 0.924, 0.924, 0.924, 0.924, 0.924, 0.924, 0.924, 0.924, 0.924, 0.804, 0.924, 0.924, 0.924, 0.924, 0.924], "Dispersion coefficient C6": [22.465, 21.52, 21.597, 21.846, 18.916, 21.779, 21.74, 22.469, 2.54, 2.583, 2.566, 2.614, 2.596, 2.581, 2.412, 2.566, 2.591, 2.412, 0.772, 2.61, 2.595, 2.381, 2.51, 2.568], "Total dispersion C6": 3817.482178, "Total dispersion C8": 79065.517284, "Polarizability alpha": [6.76, 6.605, 6.617, 6.655, 6.21, 6.3, 6.639, 6.761, 2.492, 2.513, 2.505, 2.528, 2.52, 2.512, 2.429, 2.505, 2.517, 2.429, 1.381, 2.527, 2.519, 2.413, 2.478, 2.506], "Total polarizability alpha": 91.32053, "Wiberg matrix": [[0.0, 1.020958182658346, 0.0, 0.0, 0.0, 0.0, 0.0, 0.0, 0.987367985237944, 0.9873209458544735, 0.9863442471419998, 0.0, 0.0, 0.0, 0.0, 0.0, 0.0, 0.0, 0.0, 0.0, 0.0, 0.0, 0.0, 0.0], [1.020958182658346, 0.0, 1.0068209293587833, 0.0, 0.0, 0.0, 0.0, 0.0, 0.0, 0.0, 0.0, 0.9777723779401286, 0.9779474795850969, 0.0, 0.0, 0.0, 0.0, 0.0, 0.0, 0.0, 0.0, 0.0, 0.0, 0.0], [0.0, 1.0068209293587833, 0.0, 1.0072729287117328, 0.0, 0.0, 0.0, 0.0, 0.0, 0.0, 0.0, 0.0, 0.0, 0.9770341615618687, 0.9761431998155472, 0.0, 0.0, 0.0, 0.0, 0.0, 0.0, 0.0, 0.0, 0.0], [0.0, 0.0, 1.0072729287117328, 0.0, 0.9876862207263462, 0.0, 0.0, 0.0, 0.0, 0.0, 0.0, 0.0, 0.0, 0.0, 0.0, 0.9735549877644457, 0.9754663368346302, 0.0, 0.0, 0.0, 0.0, 0.0, 0.0, 0.0], [0.0, 0.0, 0.0, 0.9876862207263462, 0.0, 0.9862819530895951, 0.9882850790564062, 0.0, 0.0, 0.0, 0.0, 0.0, 0.0, 0.0, 0.0, 0.0, 0.0, 0.9622279067840016, 0.0, 0.0, 0.0, 0.0, 0.0, 0.0], [0.0, 0.0, 0.0, 0.0, 0.9862819530895951, 0.0, 0.0, 0.0, 0.0, 0.0, 0.0, 0.0, 0.0, 0.0, 0.0, 0.0, 0.0, 0.0, 0.9014134323956904, 0.0, 0.0, 0.0, 0.0, 0.0], [0.0, 0.0, 0.0, 0.0, 0.9882850790564062, 0.0, 0.0, 1.0196327707055255, 0.0, 0.0, 0.0, 0.0, 0.0, 0.0, 0.0, 0.0, 0.0, 0.0, 0.0, 0.9757971589664388, 0.9766472252041563, 0.0, 0.0, 0.0], [0.0, 0.0, 0.0, 0.0, 0.0, 0.0, 1.0196327707055255, 0.0, 0.0, 0.0, 0.0, 0.0, 0.0, 0.0, 0.0, 0.0, 0.0, 0.0, 0.0, 0.0, 0.0, 0.9866087013518168, 0.9875735484951395, 0.9872358098089907], [0.987367985237944, 0.0, 0.0, 0.0, 0.0, 0.0, 0.0, 0.0, 0.0, 0.0, 0.0, 0.0, 0.0, 0.0, 0.0, 0.0, 0.0, 0.0, 0.0, 0.0, 0.0, 0.0, 0.0, 0.0], [0.9873209458544735, 0.0, 0.0, 0.0, 0.0, 0.0, 0.0, 0.0, 0.0, 0.0, 0.0, 0.0, 0.0, 0.0, 0.0, 0.0, 0.0, 0.0, 0.0, 0.0, 0.0, 0.0, 0.0, 0.0], [0.9863442471419998, 0.0, 0.0, 0.0, 0.0, 0.0, 0.0, 0.0, 0.0, 0.0, 0.0, 0.0, 0.0, 0.0, 0.0, 0.0, 0.0, 0.0, 0.0, 0.0, 0.0, 0.0, 0.0, 0.0], [0.0, 0.9777723779401286, 0.0, 0.0, 0.0, 0.0, 0.0, 0.0, 0.0, 0.0, 0.0, 0.0, 0.0, 0.0, 0.0, 0.0, 0.0, 0.0, 0.0, 0.0, 0.0, 0.0, 0.0, 0.0], [0.0, 0.9779474795850969, 0.0, 0.0, 0.0, 0.0, 0.0, 0.0, 0.0, 0.0, 0.0, 0.0, 0.0, 0.0, 0.0, 0.0, 0.0, 0.0, 0.0, 0.0, 0.0, 0.0, 0.0, 0.0], [0.0, 0.0, 0.9770341615618687, 0.0, 0.0, 0.0, 0.0, 0.0, 0.0, 0.0, 0.0, 0.0, 0.0, 0.0, 0.0, 0.0, 0.0, 0.0, 0.0, 0.0, 0.0, 0.0, 0.0, 0.0], [0.0, 0.0, 0.9761431998155472, 0.0, 0.0, 0.0, 0.0, 0.0, 0.0, 0.0, 0.0, 0.0, 0.0, 0.0, 0.0, 0.0, 0.0, 0.0, 0.0, 0.0, 0.0, 0.0, 0.0, 0.0], [0.0, 0.0, 0.0, 0.9735549877644457, 0.0, 0.0, 0.0, 0.0, 0.0, 0.0, 0.0, 0.0, 0.0, 0.0, 0.0, 0.0, 0.0, 0.0, 0.0, 0.0, 0.0, 0.0, 0.0, 0.0], [0.0, 0.0, 0.0, 0.9754663368346302, 0.0, 0.0, 0.0, 0.0, 0.0, 0.0, 0.0, 0.0, 0.0, 0.0, 0.0, 0.0, 0.0, 0.0, 0.0, 0.0, 0.0, 0.0, 0.0, 0.0], [0.0, 0.0, 0.0, 0.0, 0.9622279067840016, 0.0, 0.0, 0.0, 0.0, 0.0, 0.0, 0.0, 0.0, 0.0, 0.0, 0.0, 0.0, 0.0, 0.0, 0.0, 0.0, 0.0, 0.0, 0.0], [0.0, 0.0, 0.0, 0.0, 0.0, 0.9014134323956904, 0.0, 0.0, 0.0, 0.0, 0.0, 0.0, 0.0, 0.0, 0.0, 0.0, 0.0, 0.0, 0.0, 0.0, 0.0, 0.0, 0.0, 0.0], [0.0, 0.0, 0.0, 0.0, 0.0, 0.0, 0.9757971589664388, 0.0, 0.0, 0.0, 0.0, 0.0, 0.0, 0.0, 0.0, 0.0, 0.0, 0.0, 0.0, 0.0, 0.0, 0.0, 0.0, 0.0], [0.0, 0.0, 0.0, 0.0, 0.0, 0.0, 0.9766472252041563, 0.0, 0.0, 0.0, 0.0, 0.0, 0.0, 0.0, 0.0, 0.0, 0.0, 0.0, 0.0, 0.0, 0.0, 0.0, 0.0, 0.0], [0.0, 0.0, 0.0, 0.0, 0.0, 0.0, 0.0, 0.9866087013518168, 0.0, 0.0, 0.0, 0.0, 0.0, 0.0, 0.0, 0.0, 0.0, 0.0, 0.0, 0.0, 0.0, 0.0, 0.0, 0.0], [0.0, 0.0, 0.0, 0.0, 0.0, 0.0, 0.0, 0.9875735484951395, 0.0, 0.0, 0.0, 0.0, 0.0, 0.0, 0.0, 0.0, 0.0, 0.0, 0.0, 0.0, 0.0, 0.0, 0.0, 0.0], [0.0, 0.0, 0.0, 0.0, 0.0, 0.0, 0.0, 0.9872358098089907, 0.0, 0.0, 0.0, 0.0, 0.0, 0.0, 0.0, 0.0, 0.0, 0.0, 0.0, 0.0, 0.0, 0.0, 0.0, 0.0]], "Born radii": [], "Atomic SASAs": [], "Solvent H bonds": [], "Total SASA": NaN, "Total FOD": 0.0, "FOD": [0.0, 0.0, 0.0, 0.0, 0.0, 0.0, 0.0, 0.0, 0.0, 0.0, 0.0, 0.0, 0.0, 0.0, 0.0, 0.0, 0.0, 0.0, 0.0, 0.0, 0.0, 0.0, 0.0, 0.0], "FOD s proportion": [0.0, 0.0, 0.0, 0.0, 0.0, 0.0, 0.0, 0.0, 0.0, 0.0, 0.0, 0.0, 0.0, 0.0, 0.0, 0.0, 0.0, 0.0, 0.0, 0.0, 0.0, 0.0, 0.0, 0.0], "FOD p proportion": [0.0, 0.0, 0.0, 0.0, 0.0, 0.0, 0.0, 0.0, 0.0, 0.0, 0.0, 0.0, 0.0, 0.0, 0.0, 0.0, 0.0, 0.0, 0.0, 0.0, 0.0, 0.0, 0.0, 0.0], "FOD d proportion": [0.0, 0.0, 0.0, 0.0, 0.0, 0.0, 0.0, 0.0, 0.0, 0.0, 0.0, 0.0, 0.0, 0.0, 0.0, 0.0, 0.0, 0.0, 0.0, 0.0, 0.0, 0.0, 0.0, 0.0], "coordinates": [["3.16390", "1.00280", "-0.43220"], ["2.68010", "-0.41340", "-0.70290"], ["1.41250", "-0.78440", "0.07050"], ["0.18530", "0.03220", "-0.35110"], ["-1.09730", "-0.46120", "0.33260"], ["-0.96700", "-0.32990", "1.74640"], ["-2.31940", "0.33000", "-0.14710"], ["-3.61600", "-0.18160", "0.46650"], ["3.30890", "1.17070", "0.63970"], ["4.12130", "1.17480", "-0.93450"], ["2.45570", "1.74740", "-0.80710"], ["2.51240", "-0.54220", "-1.77850"], ["3.47590", "-1.11300", "-0.42070"], ["1.20880", "-1.84910", "-0.09820"], ["1.59390", "-0.66330", "1.14510"], ["0.34920", "1.08430", "-0.08970"], ["0.06510", "-0.02460", "-1.43960"], ["-1.24240", "-1.52550", "0.11460"], ["-0.83610", "0.61250", "1.94730"], ["-2.20820", "1.38780", "0.12080"], ["-2.39520", "0.27180", "-1.23900"], ["-3.61060", "-0.07620", "1.55590"], ["-3.77430", "-1.23700", "0.22290"], ["-4.46670", "0.38730", "0.07830"]], "bond_dist": [[0.0, 1.5208429800607293, 2.552291732933365, 3.1337995357074133, 4.570124777290003, 4.856616317972833, 5.53177374266157, 6.941002021322282, 1.0946163802903737, 1.0947620974440062, 1.0938584963330495, 2.1503490274836783, 2.1387112684979246, 3.4738027606644564, 2.7800475715354223, 2.8366326145625553, 3.416572399349968, 5.109478527208036, 4.670583939937275, 5.414193606623242, 5.6647047628274505, 7.1421728388495325, 7.320142026627626, 7.672385995242941], [1.5208429800607293, 0.0, 1.5305549059083112, 2.5585835221856645, 3.9170519335336875, 4.394016516810105, 5.084934360441636, 6.4079718171977, 2.1696398341660306, 2.157098801631488, 2.1749183065117643, 1.0961879811419208, 1.0965284492433383, 2.1428066338333003, 2.1580974143907405, 2.8376423911409274, 2.744470318658957, 4.158254310404788, 4.521027901926729, 5.274303747415388, 5.149327367724838, 6.692442586231128, 6.57226764214605, 7.23381947314142], [2.552291732933365, 1.5305549059083112, 0.0, 1.5331672968074948, 2.5440618486978654, 2.945714057745592, 3.900809496758333, 5.079960244923183, 2.7825775119482294, 3.490857642471259, 2.8754928690574073, 2.1650038914514678, 2.1463631938700405, 1.0970594651157246, 1.0965109803371784, 2.1559941140921515, 2.1617550300623796, 2.756749540672856, 3.2449822511070843, 4.222611919179881, 4.1628028994897175, 5.285782251474232, 5.208739459792551, 5.994825632993841], [3.1337995357074133, 2.5585835221856645, 1.5331672968074948, 0.0, 1.534911075600147, 2.420416895908637, 2.5305775882197326, 3.8941060450378084, 3.4691128332759664, 4.139805106523736, 2.8817639042780727, 2.789767110351687, 3.4848781269938267, 2.156571434012794, 2.1694443182529484, 1.0964066672544455, 1.096588587392738, 2.1637081757945085, 2.581210686867695, 2.7909108226527053, 2.7394807573699067, 4.249383057574358, 4.197472668165928, 4.685251793660615], [4.570124777290003, 3.9170519335336875, 2.5440618486978654, 1.534911075600147, 0.0, 1.42584999912333, 1.5328528761756621, 2.537706653654043, 4.70871600969946, 5.613895650081145, 4.335970370055589, 4.182491876860014, 4.680433993765963, 2.7257938770200507, 2.818431851225075, 2.1585341762409045, 2.163905302918776, 1.096044022838499, 1.9566075794599183, 2.1674314406688855, 2.166047083975785, 2.8215890522895073, 2.7893061377338992, 3.483888215772717], [4.856616317972833, 4.394016516810105, 2.945714057745592, 2.420416895908637, 1.42584999912333, 0.0, 2.4186351564467095, 2.9457321500774643, 4.664751446754693, 5.944925885997233, 4.748727495866656, 4.957440434337058, 5.004890451348561, 3.2318142644650854, 2.6515893460338087, 2.665259328845882, 3.362890795134448, 2.0415865791094925, 0.9724265422128298, 2.670888633020853, 3.3636901299019804, 2.662569229146915, 3.3203638279562075, 3.94269369086669], [5.53177374266157, 5.084934360441636, 3.900809496758333, 2.5305775882197326, 1.5328528761756621, 2.4186351564467095, 0.0, 1.5229612864416484, 5.744875248427941, 6.543416713766593, 5.024559957847055, 5.173827407248912, 5.978512193681635, 4.147175335092549, 4.239144090497515, 2.7737500265885533, 2.735349641270746, 2.161318148723135, 2.581955944628026, 1.0968485264611516, 1.0960741261429359, 2.1754091293363644, 2.170051384184255, 2.159857805504798], [6.941002021322282, 6.4079718171977, 5.079960244923183, 3.8941060450378084, 2.537706653654043, 2.9457321500774643, 1.5229612864416484, 0.0, 7.057829237095496, 7.9792501684055495, 6.496817594022477, 6.536615631961237, 7.207612323786568, 5.135965087498161, 5.2759445467138875, 4.199365700912461, 4.14829644794101, 2.7502504940459516, 3.2482622215578596, 2.1364516587088973, 2.14584585886312, 1.0945001964367114, 1.0946547446569628, 1.0945487380651446], [1.0946163802903737, 2.1696398341660306, 2.7825775119482294, 3.4691128332759664, 4.70871600969946, 4.664751446754693, 5.744875248427941, 7.057829237095496, 0.0, 1.7714728928211123, 1.7758838278446032, 3.068571312516625, 2.5234149183200136, 3.7515474753759945, 2.561290721491803, 3.0494775634524673, 4.034162740891844, 5.31597179638869, 4.382057735813165, 5.545699417566733, 6.0724205807898395, 7.090392252901104, 7.492827488338431, 7.835103118657726], [1.0947620974440062, 2.157098801631488, 3.490857642471259, 4.139805106523736, 5.613895650081145, 5.944925885997233, 6.543416713766593, 7.9792501684055495, 1.7714728928211123, 0.0, 1.7658779346262863, 2.4997968337446945, 2.4319869325306827, 4.280890695871597, 3.7538112006332978, 3.86660260435437, 4.259864412161495, 6.096023998476384, 5.761663587020679, 6.420404764498886, 6.5858106182914185, 8.2188424227503, 8.336477275204437, 8.683297996153305], [1.0938584963330495, 2.1749183065117643, 2.8754928690574073, 2.8817639042780727, 4.335970370055589, 4.748727495866656, 5.024559957847055, 6.496817594022477, 1.7758838278446032, 1.7658779346262863, 0.0, 2.487790387070422, 3.061372430789825, 3.8719647557796804, 3.21951216335643, 2.322004870795925, 3.0422045641277973, 5.023678822337272, 4.439669425756833, 4.768886010380202, 5.08872909280893, 6.760863972156222, 6.984299775926002, 7.110093313733653], [2.1503490274836783, 1.0961879811419208, 2.1650038914514678, 2.789767110351687, 4.182491876860014, 4.957440434337058, 5.173827407248912, 6.536615631961237, 3.068571312516625, 2.4997968337446945, 2.487790387070422, 0.0, 1.7600470817566218, 2.4961507686836546, 3.0668786118788596, 3.190138230547385, 2.524290050687519, 4.318475372165506, 5.1407557790659535, 5.442086442716617, 5.003817943330873, 6.987596751387418, 6.634074606906377, 7.281449944894218], [2.1387112684979246, 1.0965284492433383, 2.1463631938700405, 3.4848781269938267, 4.680433993765963, 5.004890451348561, 5.978512193681635, 7.207612323786568, 2.5234149183200136, 2.4319869325306827, 3.061372430789825, 1.7600470817566218, 0.0, 2.4053257305404605, 2.489153215452998, 3.8358755428193967, 3.7224089525467243, 4.766451219723119, 5.213263685063321, 6.2334754110367685, 6.087454405578739, 7.429696094053915, 7.2797662737206075, 8.098444038826225], [3.4738027606644564, 2.1428066338333003, 1.0970594651157246, 2.156571434012794, 2.7257938770200507, 3.2318142644650854, 4.147175335092549, 5.135965087498161, 3.7515474753759945, 4.280890695871597, 3.8719647557796804, 2.4961507686836546, 2.4053257305404605, 0.0, 1.7607437462617892, 3.0567662602822607, 2.5369674613601174, 2.4816088007580888, 3.7980469744330443, 4.71183314751276, 4.3345654280446615, 5.394982630185198, 5.030810792506512, 6.102781125028162], [2.7800475715354223, 2.1580974143907405, 1.0965109803371784, 2.1694443182529484, 2.818431851225075, 2.6515893460338087, 4.239144090497515, 5.2759445467138875, 2.561290721491803, 3.7538112006332978, 3.21951216335643, 3.0668786118788596, 2.489153215452998, 1.7607437462617892, 0.0, 2.475502956976622, 3.0701532893326355, 3.1384577072186266, 2.8593863817259817, 4.439838522964546, 4.740386443107777, 5.253595273714944, 5.476965927409079, 6.242811462794629], [2.8366326145625553, 2.8376423911409274, 2.1559941140921515, 1.0964066672544455, 2.1585341762409045, 2.665259328845882, 2.7737500265885533, 4.199365700912461, 3.0494775634524673, 3.86660260435437, 2.322004870795925, 3.190138230547385, 3.8358755428193967, 3.0567662602822607, 2.475502956976622, 0.0, 1.7699158256821141, 3.063655510986834, 2.4035183232087083, 2.58393445350303, 3.0842791864550785, 4.442384005238629, 4.742299516057584, 4.868975848163554], [3.416572399349968, 2.744470318658957, 2.1617550300623796, 1.096588587392738, 2.163905302918776, 3.362890795134448, 2.735349641270746, 4.14829644794101, 4.034162740891844, 4.259864412161495, 3.0422045641277973, 2.524290050687519, 3.7224089525467243, 2.5369674613601174, 3.0701532893326355, 1.7699158256821141, 0.0, 2.5254296070173883, 3.5621832434617957, 3.098001744673492, 2.486195770650413, 4.741988327695462, 4.356008766060969, 4.79696708973493], [5.109478527208036, 4.158254310404788, 2.756749540672856, 2.1637081757945085, 1.096044022838499, 2.0415865791094925, 2.161318148723135, 2.7502504940459516, 5.31597179638869, 6.096023998476384, 5.023678822337272, 4.318475372165506, 4.766451219723119, 2.4816088007580888, 3.1384577072186266, 3.063655510986834, 2.5254296070173883, 0.0, 2.845156055473935, 3.069222209290165, 2.5281352989901476, 3.1282882571783563, 2.550584001753324, 3.7491641761864742], [4.670583939937275, 4.521027901926729, 3.2449822511070843, 2.581210686867695, 1.9566075794599183, 0.9724265422128298, 2.581955944628026, 3.2482622215578596, 4.382057735813165, 5.761663587020679, 4.439669425756833, 5.1407557790659535, 5.213263685063321, 3.7980469744330443, 2.8593863817259817, 2.4035183232087083, 3.5621832434617957, 2.845156055473935, 0.0, 2.4124366831069373, 3.563618524758227, 2.885368589972518, 3.876496465882563, 4.089637196622704], [5.414193606623242, 5.274303747415388, 4.222611919179881, 2.7909108226527053, 2.1674314406688855, 2.670888633020853, 1.0968485264611516, 2.1364516587088973, 5.545699417566733, 6.420404764498886, 4.768886010380202, 5.442086442716617, 6.2334754110367685, 4.71183314751276, 4.439838522964546, 2.58393445350303, 3.098001744673492, 3.069222209290165, 2.4124366831069373, 0.0, 1.7690339284479537, 2.483854619336647, 3.0582133117230397, 2.4705523167907213], [5.6647047628274505, 5.149327367724838, 4.1628028994897175, 2.7394807573699067, 2.166047083975785, 3.3636901299019804, 1.0960741261429359, 2.14584585886312, 6.0724205807898395, 6.5858106182914185, 5.08872909280893, 5.003817943330873, 6.087454405578739, 4.3345654280446615, 4.740386443107777, 3.0842791864550785, 2.486195770650413, 2.5281352989901476, 3.563618524758227, 1.7690339284479537, 0.0, 3.0675343795954433, 2.5130749809745034, 2.457586578332491], [7.1421728388495325, 6.692442586231128, 5.285782251474232, 4.249383057574358, 2.8215890522895073, 2.662569229146915, 2.1754091293363644, 1.0945001964367114, 7.090392252901104, 8.2188424227503, 6.760863972156222, 6.987596751387418, 7.429696094053915, 5.394982630185198, 5.253595273714944, 4.442384005238629, 4.741988327695462, 3.1282882571783563, 2.885368589972518, 2.483854619336647, 3.0675343795954433, 0.0, 1.7751460024459962, 1.76947484299721], [7.320142026627626, 6.57226764214605, 5.208739459792551, 4.197472668165928, 2.7893061377338992, 3.3203638279562075, 2.170051384184255, 1.0946547446569628, 7.492827488338431, 8.336477275204437, 6.984299775926002, 6.634074606906377, 7.2797662737206075, 5.030810792506512, 5.476965927409079, 4.742299516057584, 4.356008766060969, 2.550584001753324, 3.876496465882563, 3.0582133117230397, 2.5130749809745034, 1.7751460024459962, 0.0, 1.7716312850026104], [7.672385995242941, 7.23381947314142, 5.994825632993841, 4.685251793660615, 3.483888215772717, 3.94269369086669, 2.159857805504798, 1.0945487380651446, 7.835103118657726, 8.683297996153305, 7.110093313733653, 7.281449944894218, 8.098444038826225, 6.102781125028162, 6.242811462794629, 4.868975848163554, 4.79696708973493, 3.7491641761864742, 4.089637196622704, 2.4705523167907213, 2.457586578332491, 1.76947484299721, 1.7716312850026104, 0.0]]}