{"total energy": -49.26061764, "HOMO-LUMO gap/eV": 4.68659304, "electronic energy": -49.87873671, "dipole": [0.42569926, 0.63950732, -0.02149233], "partial charges": [-0.09996063, -0.0518657, -0.05827846, -0.05803423, -0.05778969, -0.05811902, -0.05795462, -0.05851733, -0.05887434, -0.05686166, -0.08868377, 0.35148451, -0.40106561, -0.27040782, 0.03445542, 0.03221312, 0.03094427, 0.03198604, 0.02823077, 0.02850513, 0.0299403, 0.02953304, 0.02827967, 0.02886985, 0.02858124, 0.02954194, 0.02867929, 0.0302274, 0.0314759, 0.02855636, 0.03409868, 0.02871342, 0.02830828, 0.04029186, 0.05235581, 0.03655155, 0.06970752, 0.06766465, 0.0637603, 0.06159374, 0.06186281], "atomic dipole moments": [[0.07434594, -0.02207759, -0.06459924], [0.01804928, 0.0443644, 0.09922889], [-0.01543133, -0.04396677, -0.09928174], [0.01739332, 0.04363032, 0.09744336], [-0.01603168, -0.04365161, -0.09881935], [0.0178609, 0.04438021, 0.09863791], [-0.01466185, -0.04379577, -0.10057736], [0.02184885, 0.04622955, 0.10077976], [-0.00822227, -0.04425432, -0.10836093], [0.05153794, 0.0550252, 0.11183913], [-0.03627633, -0.08550537, 0.04287473], [0.12858134, 0.03668745, 0.09989038], [0.06961479, 0.15716543, -0.04206258], [-0.06612665, -0.20622827, 0.07644555], [-0.11313397, 0.13318461, -0.19598968], [0.01219299, -0.06396832, 0.10774261], [-0.11023995, -0.02990815, -0.04943314], [-0.00231222, 0.12289565, 0.02700254], [-0.02190689, 0.06046739, -0.10530643], [-0.00789263, -0.12014575, -0.02736603], [0.01874359, -0.06011112, 0.10699761], [0.00470577, 0.12052641, 0.02889472], [-0.01845709, 0.06009871, -0.10680006], [-0.00445601, -0.12060603, -0.02887581], [0.00444431, 0.12032715, 0.02877836], [0.01848351, -0.06015624, 0.10692801], [-0.01846346, 0.0600349, -0.10664144], [-0.00451045, -0.12072026, -0.02892393], [0.01844589, -0.06035463, 0.10729268], [0.00441419, 0.12011812, 0.02871267], [-0.0046214, -0.12141764, -0.02895193], [-0.01848621, 0.05983391, -0.10609822], [0.00328042, 0.11935984, 0.02839025], [0.01639357, -0.06099593, 0.11049815], [-0.00749521, -0.12452711, -0.03320513], [-0.0178443, 0.06031704, -0.1032767], [0.0817821, -0.00858617, -0.10226796], [-0.00438153, 0.12464279, 0.04509391], [0.09807758, 0.06052564, 0.05130745], [0.04563843, -0.11103048, -0.05057941], [-0.08961658, -0.01379289, 0.09361378]], "atomic quadrupole moments": [[0.08235485, -0.05310845, -0.109153, -0.16097912, 0.05480677, 0.02679815], [0.22089906, 0.01156409, -0.19734633, -0.05530684, 0.08722823, -0.02355273], [0.22922295, 0.01676559, -0.20317338, -0.04631858, 0.09065374, -0.02604957], [0.22891026, 0.01723113, -0.20251733, -0.04470352, 0.08946269, -0.02639293], [0.22871092, 0.01702016, -0.2022223, -0.04561422, 0.09043041, -0.02648862], [0.22924446, 0.01733327, -0.203527, -0.04432907, 0.08954543, -0.02571747], [0.22842712, 0.01653759, -0.20186795, -0.04662937, 0.09179886, -0.02655917], [0.23040141, 0.01840446, -0.20670402, -0.04048719, 0.08859806, -0.0236974], [0.2219675, 0.01583313, -0.19770299, -0.0497308, 0.09865263, -0.02426451], [0.2427706, 0.03237631, -0.21098886, -0.01882799, 0.07568065, -0.03178174], [0.07890545, 0.04385888, -0.06839087, 0.17027528, -0.13182433, -0.01051458], [0.13831679, -0.17287747, -0.22028514, -0.2058121, 0.30717536, 0.08196835], [0.01499826, -0.08054771, -0.04181322, -0.13215463, 0.0946209, 0.02681496], [-0.0211213, -0.01118432, -0.00013489, 0.06133045, -0.06235497, 0.02125618], [-0.12649359, -0.15198265, -0.03803408, 0.26745964, -0.32114651, 0.16452767], [-0.03417049, -0.02292627, -0.00803348, 0.01213232, -0.05349637, 0.04220397], [0.05442578, 0.02615616, -0.04341356, 0.04087076, 0.02219955, -0.01101222], [-0.03998456, 0.01107595, 0.0767233, -0.01108451, 0.01961693, -0.03673875], [-0.01663289, -0.00660672, -0.00597932, 0.00441817, -0.04576068, 0.02261221], [-0.01781493, -0.00115587, 0.05562189, -0.00440784, 0.01089643, -0.03780696], [-0.01905396, -0.00772476, -0.0029221, 0.00736509, -0.04490675, 0.02197606], [-0.02085309, 0.00124068, 0.05678087, -0.00271006, 0.00927808, -0.03592779], [-0.01866356, -0.00776293, -0.00319397, 0.00729384, -0.04491902, 0.02185753], [-0.02036468, 0.00125944, 0.05630289, -0.00281861, 0.00915864, -0.0359382], [-0.02048509, 0.00132144, 0.05664498, -0.00279188, 0.009325, -0.03615989], [-0.01861504, -0.00773716, -0.00309954, 0.00731382, -0.04482371, 0.02171458], [-0.01874875, -0.00773653, -0.00325945, 0.00732289, -0.04505875, 0.0220082], [-0.02034369, 0.00119311, 0.05619635, -0.00278581, 0.00908037, -0.03585267], [-0.01839222, -0.00771896, -0.00295321, 0.00735474, -0.04440035, 0.02134543], [-0.02056636, 0.00143159, 0.05684871, -0.00276107, 0.00944523, -0.03628234], [-0.02020765, 0.00100653, 0.05534132, -0.00281018, 0.00883396, -0.03513366], [-0.01914665, -0.007643, -0.00337419, 0.00758517, -0.04532912, 0.02252085], [-0.02234409, 0.00283629, 0.05824585, -0.00318337, 0.00941623, -0.03590176], [-0.016186, -0.00919328, -0.00182076, 0.01024123, -0.04257543, 0.01800676], [-0.01770317, -0.0015456, 0.05324646, -0.0057795, 0.00780122, -0.0355433], [-0.01094032, -0.0124222, -0.01135666, 0.0063097, -0.04988929, 0.02229698], [0.02700529, -0.00154747, -0.05578951, -0.03475867, 0.00880643, 0.02878422], [-0.01661144, -0.00579927, 0.04489051, 0.02028428, 0.03500046, -0.02827907], [0.02551642, 0.05257187, -6.094e-05, 0.04096277, 0.01163216, -0.02545548], [-0.04029356, -0.0325693, 0.03838695, 0.00286623, 0.02717078, 0.00190661], [0.02664392, -0.0026524, -0.03955317, -0.03763532, -0.02658411, 0.01290925]], "number of molecular orbitals": 86, "number of electrons": 90, "number of unpaired electrons": 0, "orbital energies/eV": [-20.13044086, -19.33806575, -18.30384973, -17.27328774, -16.91716713, -16.84162189, -16.68481077, -16.54234082, -16.42329563, -16.08827621, -15.87746132, -15.70846357, -15.3528021, -15.29192854, -15.126925, -15.01876141, -14.95617539, -14.8814428, -14.22591484, -14.17329849, -14.05918402, -13.83043412, -13.59611076, -13.51263101, -13.45954427, -13.33625923, -13.12978859, -13.06670353, -12.94630125, -12.70131348, -12.67285162, -12.5052765, -12.255901, -12.20984043, -12.05303668, -11.99948275, -11.84079131, -11.75534117, -11.69151256, -11.64504163, -11.46458485, -11.34802491, -11.32619724, -11.24902745, -11.14131464, -6.4547216, 0.12932341, 1.0813246, 2.21695313, 2.56355121, 2.82201731, 2.83426457, 2.91992928, 3.08765789, 3.26887074, 3.50457215, 3.55995873, 3.64242281, 3.76170779, 3.83217513, 3.97578626, 4.13004936, 4.4285236, 4.50461941, 4.58872928, 4.7866456, 5.04719773, 5.07640348, 5.23305771, 5.31816679, 5.44625875, 5.60759714, 5.99995149, 6.18630569, 6.28048233, 6.63202411, 6.80514188, 6.83491773, 7.1977005, 7.33365975, 7.41647139, 7.50101921, 7.93665149, 8.35667706, 8.65002623, 16.18036305], "fractional occupation": [2.0, 2.0, 2.0, 2.0, 2.0, 2.0, 2.0, 2.0, 2.0, 2.0, 2.0, 2.0, 2.0, 2.0, 2.0, 2.0, 2.0, 2.0, 2.0, 2.0, 2.0, 2.0, 2.0, 2.0, 2.0, 2.0, 2.0, 2.0, 2.0, 2.0, 2.0, 2.0, 2.0, 2.0, 2.0, 2.0, 2.0, 2.0, 2.0, 2.0, 2.0, 2.0, 2.0, 2.0, 2.0, 0.0, 0.0, 0.0, 0.0, 0.0, 0.0, 0.0, 0.0, 0.0, 0.0, 0.0, 0.0, 0.0, 0.0, 0.0, 0.0, 0.0, 0.0, 0.0, 0.0, 0.0, 0.0, 0.0, 0.0, 0.0, 0.0, 0.0, 0.0, 0.0, 0.0, 0.0, 0.0, 0.0, 0.0, 0.0, 0.0, 0.0, 0.0, 0.0, 0.0, 0.0], "program call": "xtb /home/svss/Project-DBcg-Debug/aqme2_20220329/End-to-End-workflows-final/example-3/QDESCP/mol_818_rdkit_conf_1/mol_818_rdkit_conf_1.xyz --pop --wbo --acc 0.2 --gfn 2 --chrg 0 --uhf 0 --etemp 300 --input /home/svss/Project-DBcg-Debug/aqme2_20220329/End-to-End-workflows-final/example-3/QDESCP/mol_818_rdkit_conf_1/mol_818_rdkit_conf_1_xtb.inp", "method": "GFN2-xTB", "xtb version": "6.3.3 (7355c4f)", "Dipole module/D": 1.953, "Total charge": 0, "Transition dipole module/D": NaN, "HOMO": -11.1413, "LUMO": -6.4547, "HOMO occupancy": 2.0, "LUMO occupancy": 0, "mulliken charges": [-0.08349, -0.0385, -0.04661, -0.04546, -0.04529, -0.04532, -0.04508, -0.04438, -0.04743, -0.03927, -0.07838, 0.57321, -0.52787, -0.41855, 0.1754, 0.02663, 0.02781, 0.0264, 0.02175, 0.02205, 0.02278, 0.02234, 0.0221, 0.02274, 0.02215, 0.02323, 0.02193, 0.02365, 0.02527, 0.02163, 0.02699, 0.02061, 0.01946, 0.03586, 0.04115, 0.02499, 0.05921, 0.05312, 0.036, 0.04367, 0.0435], "cm5 charges": [-0.23383, -0.15102, -0.15724, -0.15613, -0.156, -0.15603, -0.1558, -0.15511, -0.1574, -0.14767, -0.17704, 0.62224, -0.57851, -0.50557, 0.05575, 0.07793, 0.0786, 0.07768, 0.07647, 0.07676, 0.07812, 0.07768, 0.07745, 0.07808, 0.07751, 0.07858, 0.07729, 0.079, 0.08062, 0.07699, 0.08239, 0.07596, 0.07498, 0.09388, 0.0991, 0.08001, 0.11707, 0.11256, 0.09504, 0.10488, 0.10474], "FUKUI+": [0.002, 0.001, 0.001, 0.001, 0.001, 0.002, 0.002, 0.005, 0.007, 0.021, 0.028, -0.189, -0.283, -0.126, 0.047, -0.002, -0.005, -0.002, -0.002, -0.002, -0.001, -0.002, -0.003, -0.002, -0.004, -0.001, -0.007, -0.004, -0.002, -0.007, -0.009, -0.017, -0.018, 0.013, -0.023, -0.055, -0.1, -0.092, -0.076, -0.048, -0.049], "FUKUI-": [0.012, 0.001, -0.0, 0.001, -0.001, -0.001, 0.0, 0.003, 0.003, 0.006, -0.002, -0.009, -0.076, -0.04, 0.014, -0.04, -0.05, -0.04, -0.051, -0.051, -0.045, -0.045, -0.034, -0.033, -0.029, -0.028, -0.029, -0.029, -0.029, -0.03, -0.031, -0.035, -0.034, -0.038, -0.03, -0.049, -0.04, -0.032, -0.029, -0.018, -0.014], "FUKUIrad": [0.007, 0.001, 0.0, 0.001, 0.0, 0.001, 0.001, 0.004, 0.005, 0.014, 0.013, -0.099, -0.18, -0.083, 0.03, -0.021, -0.028, -0.021, -0.026, -0.026, -0.023, -0.023, -0.019, -0.018, -0.016, -0.015, -0.018, -0.017, -0.015, -0.019, -0.02, -0.026, -0.026, -0.013, -0.027, -0.052, -0.07, -0.062, -0.053, -0.033, -0.031], "s proportion": [1.007, 1.027, 1.032, 1.032, 1.032, 1.032, 1.032, 1.032, 1.033, 1.03, 1.039, 0.991, 1.731, 1.698, 0.973, 0.973, 0.972, 0.974, 0.978, 0.978, 0.977, 0.978, 0.978, 0.977, 0.978, 0.977, 0.978, 0.976, 0.975, 0.978, 0.973, 0.979, 0.981, 0.964, 0.959, 0.975, 0.941, 0.947, 0.964, 0.956, 0.956], "p proportion": [3.076, 3.011, 3.014, 3.013, 3.013, 3.013, 3.013, 3.012, 3.015, 3.009, 3.039, 2.435, 4.797, 4.72, 2.852, 0.0, 0.0, 0.0, 0.0, 0.0, 0.0, 0.0, 0.0, 0.0, 0.0, 0.0, 0.0, 0.0, 0.0, 0.0, 0.0, 0.0, 0.0, 0.0, 0.0, 0.0, 0.0, 0.0, 0.0, 0.0, 0.0], "d proportion": [0.0, 0.0, 0.0, 0.0, 0.0, 0.0, 0.0, 0.0, 0.0, 0.0, 0.0, 0.0, 0.0, 0.0, 0.0, 0.0, 0.0, 0.0, 0.0, 0.0, 0.0, 0.0, 0.0, 0.0, 0.0, 0.0, 0.0, 0.0, 0.0, 0.0, 0.0, 0.0, 0.0, 0.0, 0.0, 0.0, 0.0, 0.0, 0.0, 0.0, 0.0], "Fermi-level/eV": -8.798, "Coordination numbers": [3.75, 3.8, 3.802, 3.802, 3.802, 3.802, 3.802, 3.802, 3.801, 3.801, 3.802, 2.721, 0.856, 1.703, 3.655, 0.924, 0.924, 0.924, 0.924, 0.924, 0.924, 0.924, 0.924, 0.924, 0.924, 0.924, 0.924, 0.924, 0.924, 0.924, 0.924, 0.924, 0.924, 0.924, 0.924, 0.924, 0.924, 0.924, 0.924, 0.924, 0.924], "Dispersion coefficient C6": [22.472, 21.505, 21.621, 21.617, 21.613, 21.619, 21.616, 21.626, 21.634, 21.596, 22.19, 21.032, 21.703, 18.484, 20.289, 2.555, 2.573, 2.559, 2.612, 2.608, 2.587, 2.593, 2.611, 2.603, 2.607, 2.593, 2.605, 2.583, 2.566, 2.607, 2.529, 2.605, 2.611, 2.445, 2.291, 2.495, 2.089, 2.112, 2.156, 2.181, 2.177], "Total dispersion C6": 12110.026964, "Total dispersion C8": 256378.465776, "Polarizability alpha": [6.761, 6.603, 6.62, 6.62, 6.619, 6.62, 6.619, 6.621, 6.622, 6.616, 6.707, 7.507, 6.246, 5.805, 6.467, 2.5, 2.509, 2.501, 2.527, 2.525, 2.516, 2.518, 2.527, 2.523, 2.525, 2.518, 2.524, 2.514, 2.505, 2.525, 2.487, 2.524, 2.527, 2.445, 2.367, 2.47, 2.26, 2.272, 2.296, 2.309, 2.308], "Total polarizability alpha": 163.075566, "Wiberg matrix": [[0.0, 1.0200753944916385, 0.0, 0.0, 0.0, 0.0, 0.0, 0.0, 0.0, 0.0, 0.0, 0.0, 0.0, 0.0, 0.0, 0.9877233448309192, 0.9874283690502886, 0.9877339857443674, 0.0, 0.0, 0.0, 0.0, 0.0, 0.0, 0.0, 0.0, 0.0, 0.0, 0.0, 0.0, 0.0, 0.0, 0.0, 0.0, 0.0, 0.0, 0.0, 0.0, 0.0, 0.0, 0.0], [1.0200753944916385, 0.0, 1.007729974052433, 0.0, 0.0, 0.0, 0.0, 0.0, 0.0, 0.0, 0.0, 0.0, 0.0, 0.0, 0.0, 0.0, 0.0, 0.0, 0.9781146433906265, 0.9780979607864455, 0.0, 0.0, 0.0, 0.0, 0.0, 0.0, 0.0, 0.0, 0.0, 0.0, 0.0, 0.0, 0.0, 0.0, 0.0, 0.0, 0.0, 0.0, 0.0, 0.0, 0.0], [0.0, 1.007729974052433, 0.0, 1.00709154505828, 0.0, 0.0, 0.0, 0.0, 0.0, 0.0, 0.0, 0.0, 0.0, 0.0, 0.0, 0.0, 0.0, 0.0, 0.0, 0.0, 0.9772186348845339, 0.9772364598266147, 0.0, 0.0, 0.0, 0.0, 0.0, 0.0, 0.0, 0.0, 0.0, 0.0, 0.0, 0.0, 0.0, 0.0, 0.0, 0.0, 0.0, 0.0, 0.0], [0.0, 0.0, 1.00709154505828, 0.0, 1.0069276581439566, 0.0, 0.0, 0.0, 0.0, 0.0, 0.0, 0.0, 0.0, 0.0, 0.0, 0.0, 0.0, 0.0, 0.0, 0.0, 0.0, 0.0, 0.9773546012897175, 0.9773270915923904, 0.0, 0.0, 0.0, 0.0, 0.0, 0.0, 0.0, 0.0, 0.0, 0.0, 0.0, 0.0, 0.0, 0.0, 0.0, 0.0, 0.0], [0.0, 0.0, 0.0, 1.0069276581439566, 0.0, 1.0068584868496842, 0.0, 0.0, 0.0, 0.0, 0.0, 0.0, 0.0, 0.0, 0.0, 0.0, 0.0, 0.0, 0.0, 0.0, 0.0, 0.0, 0.0, 0.0, 0.9773345904970887, 0.9772924775607361, 0.0, 0.0, 0.0, 0.0, 0.0, 0.0, 0.0, 0.0, 0.0, 0.0, 0.0, 0.0, 0.0, 0.0, 0.0], [0.0, 0.0, 0.0, 0.0, 1.0068584868496842, 0.0, 1.0068701892128857, 0.0, 0.0, 0.0, 0.0, 0.0, 0.0, 0.0, 0.0, 0.0, 0.0, 0.0, 0.0, 0.0, 0.0, 0.0, 0.0, 0.0, 0.0, 0.0, 0.9773038496802728, 0.9772378210039175, 0.0, 0.0, 0.0, 0.0, 0.0, 0.0, 0.0, 0.0, 0.0, 0.0, 0.0, 0.0, 0.0], [0.0, 0.0, 0.0, 0.0, 0.0, 1.0068701892128857, 0.0, 1.0069777263483437, 0.0, 0.0, 0.0, 0.0, 0.0, 0.0, 0.0, 0.0, 0.0, 0.0, 0.0, 0.0, 0.0, 0.0, 0.0, 0.0, 0.0, 0.0, 0.0, 0.0, 0.9771434237771324, 0.9772913477687467, 0.0, 0.0, 0.0, 0.0, 0.0, 0.0, 0.0, 0.0, 0.0, 0.0, 0.0], [0.0, 0.0, 0.0, 0.0, 0.0, 0.0, 1.0069777263483437, 0.0, 1.007073896169632, 0.0, 0.0, 0.0, 0.0, 0.0, 0.0, 0.0, 0.0, 0.0, 0.0, 0.0, 0.0, 0.0, 0.0, 0.0, 0.0, 0.0, 0.0, 0.0, 0.0, 0.0, 0.9770220822042106, 0.977197191311882, 0.0, 0.0, 0.0, 0.0, 0.0, 0.0, 0.0, 0.0, 0.0], [0.0, 0.0, 0.0, 0.0, 0.0, 0.0, 0.0, 1.007073896169632, 0.0, 1.0077210176568179, 0.0, 0.0, 0.0, 0.0, 0.0, 0.0, 0.0, 0.0, 0.0, 0.0, 0.0, 0.0, 0.0, 0.0, 0.0, 0.0, 0.0, 0.0, 0.0, 0.0, 0.0, 0.0, 0.9770331234212397, 0.9764652811772386, 0.0, 0.0, 0.0, 0.0, 0.0, 0.0, 0.0], [0.0, 0.0, 0.0, 0.0, 0.0, 0.0, 0.0, 0.0, 1.0077210176568179, 0.0, 1.0051375430292755, 0.0, 0.0, 0.0, 0.0, 0.0, 0.0, 0.0, 0.0, 0.0, 0.0, 0.0, 0.0, 0.0, 0.0, 0.0, 0.0, 0.0, 0.0, 0.0, 0.0, 0.0, 0.0, 0.0, 0.9747381123804308, 0.9767151072685829, 0.0, 0.0, 0.0, 0.0, 0.0], [0.0, 0.0, 0.0, 0.0, 0.0, 0.0, 0.0, 0.0, 0.0, 1.0051375430292755, 0.0, 0.9791341645975109, 0.0, 0.0, 0.0, 0.0, 0.0, 0.0, 0.0, 0.0, 0.0, 0.0, 0.0, 0.0, 0.0, 0.0, 0.0, 0.0, 0.0, 0.0, 0.0, 0.0, 0.0, 0.0, 0.0, 0.0, 0.9468620742058248, 0.9600283295028738, 0.0, 0.0, 0.0], [0.0, 0.0, 0.0, 0.0, 0.0, 0.0, 0.0, 0.0, 0.0, 0.0, 0.9791341645975109, 0.0, 1.7646753849787868, 1.1107376127296775, 0.0, 0.0, 0.0, 0.0, 0.0, 0.0, 0.0, 0.0, 0.0, 0.0, 0.0, 0.0, 0.0, 0.0, 0.0, 0.0, 0.0, 0.0, 0.0, 0.0, 0.0, 0.0, 0.0, 0.0, 0.0, 0.0, 0.0], [0.0, 0.0, 0.0, 0.0, 0.0, 0.0, 0.0, 0.0, 0.0, 0.0, 0.0, 1.7646753849787868, 0.0, 0.16842327635954976, 0.0, 0.0, 0.0, 0.0, 0.0, 0.0, 0.0, 0.0, 0.0, 0.0, 0.0, 0.0, 0.0, 0.0, 0.0, 0.0, 0.0, 0.0, 0.0, 0.0, 0.0, 0.0, 0.0, 0.0, 0.0, 0.0, 0.0], [0.0, 0.0, 0.0, 0.0, 0.0, 0.0, 0.0, 0.0, 0.0, 0.0, 0.0, 1.1107376127296775, 0.16842327635954976, 0.0, 0.9607377063018482, 0.0, 0.0, 0.0, 0.0, 0.0, 0.0, 0.0, 0.0, 0.0, 0.0, 0.0, 0.0, 0.0, 0.0, 0.0, 0.0, 0.0, 0.0, 0.0, 0.0, 0.0, 0.0, 0.0, 0.0, 0.0, 0.0], [0.0, 0.0, 0.0, 0.0, 0.0, 0.0, 0.0, 0.0, 0.0, 0.0, 0.0, 0.0, 0.0, 0.9607377063018482, 0.0, 0.0, 0.0, 0.0, 0.0, 0.0, 0.0, 0.0, 0.0, 0.0, 0.0, 0.0, 0.0, 0.0, 0.0, 0.0, 0.0, 0.0, 0.0, 0.0, 0.0, 0.0, 0.0, 0.0, 0.9818930995205921, 0.9782338925386311, 0.9781522932649036], [0.9877233448309192, 0.0, 0.0, 0.0, 0.0, 0.0, 0.0, 0.0, 0.0, 0.0, 0.0, 0.0, 0.0, 0.0, 0.0, 0.0, 0.0, 0.0, 0.0, 0.0, 0.0, 0.0, 0.0, 0.0, 0.0, 0.0, 0.0, 0.0, 0.0, 0.0, 0.0, 0.0, 0.0, 0.0, 0.0, 0.0, 0.0, 0.0, 0.0, 0.0, 0.0], [0.9874283690502886, 0.0, 0.0, 0.0, 0.0, 0.0, 0.0, 0.0, 0.0, 0.0, 0.0, 0.0, 0.0, 0.0, 0.0, 0.0, 0.0, 0.0, 0.0, 0.0, 0.0, 0.0, 0.0, 0.0, 0.0, 0.0, 0.0, 0.0, 0.0, 0.0, 0.0, 0.0, 0.0, 0.0, 0.0, 0.0, 0.0, 0.0, 0.0, 0.0, 0.0], [0.9877339857443674, 0.0, 0.0, 0.0, 0.0, 0.0, 0.0, 0.0, 0.0, 0.0, 0.0, 0.0, 0.0, 0.0, 0.0, 0.0, 0.0, 0.0, 0.0, 0.0, 0.0, 0.0, 0.0, 0.0, 0.0, 0.0, 0.0, 0.0, 0.0, 0.0, 0.0, 0.0, 0.0, 0.0, 0.0, 0.0, 0.0, 0.0, 0.0, 0.0, 0.0], [0.0, 0.9781146433906265, 0.0, 0.0, 0.0, 0.0, 0.0, 0.0, 0.0, 0.0, 0.0, 0.0, 0.0, 0.0, 0.0, 0.0, 0.0, 0.0, 0.0, 0.0, 0.0, 0.0, 0.0, 0.0, 0.0, 0.0, 0.0, 0.0, 0.0, 0.0, 0.0, 0.0, 0.0, 0.0, 0.0, 0.0, 0.0, 0.0, 0.0, 0.0, 0.0], [0.0, 0.9780979607864455, 0.0, 0.0, 0.0, 0.0, 0.0, 0.0, 0.0, 0.0, 0.0, 0.0, 0.0, 0.0, 0.0, 0.0, 0.0, 0.0, 0.0, 0.0, 0.0, 0.0, 0.0, 0.0, 0.0, 0.0, 0.0, 0.0, 0.0, 0.0, 0.0, 0.0, 0.0, 0.0, 0.0, 0.0, 0.0, 0.0, 0.0, 0.0, 0.0], [0.0, 0.0, 0.9772186348845339, 0.0, 0.0, 0.0, 0.0, 0.0, 0.0, 0.0, 0.0, 0.0, 0.0, 0.0, 0.0, 0.0, 0.0, 0.0, 0.0, 0.0, 0.0, 0.0, 0.0, 0.0, 0.0, 0.0, 0.0, 0.0, 0.0, 0.0, 0.0, 0.0, 0.0, 0.0, 0.0, 0.0, 0.0, 0.0, 0.0, 0.0, 0.0], [0.0, 0.0, 0.9772364598266147, 0.0, 0.0, 0.0, 0.0, 0.0, 0.0, 0.0, 0.0, 0.0, 0.0, 0.0, 0.0, 0.0, 0.0, 0.0, 0.0, 0.0, 0.0, 0.0, 0.0, 0.0, 0.0, 0.0, 0.0, 0.0, 0.0, 0.0, 0.0, 0.0, 0.0, 0.0, 0.0, 0.0, 0.0, 0.0, 0.0, 0.0, 0.0], [0.0, 0.0, 0.0, 0.9773546012897175, 0.0, 0.0, 0.0, 0.0, 0.0, 0.0, 0.0, 0.0, 0.0, 0.0, 0.0, 0.0, 0.0, 0.0, 0.0, 0.0, 0.0, 0.0, 0.0, 0.0, 0.0, 0.0, 0.0, 0.0, 0.0, 0.0, 0.0, 0.0, 0.0, 0.0, 0.0, 0.0, 0.0, 0.0, 0.0, 0.0, 0.0], [0.0, 0.0, 0.0, 0.9773270915923904, 0.0, 0.0, 0.0, 0.0, 0.0, 0.0, 0.0, 0.0, 0.0, 0.0, 0.0, 0.0, 0.0, 0.0, 0.0, 0.0, 0.0, 0.0, 0.0, 0.0, 0.0, 0.0, 0.0, 0.0, 0.0, 0.0, 0.0, 0.0, 0.0, 0.0, 0.0, 0.0, 0.0, 0.0, 0.0, 0.0, 0.0], [0.0, 0.0, 0.0, 0.0, 0.9773345904970887, 0.0, 0.0, 0.0, 0.0, 0.0, 0.0, 0.0, 0.0, 0.0, 0.0, 0.0, 0.0, 0.0, 0.0, 0.0, 0.0, 0.0, 0.0, 0.0, 0.0, 0.0, 0.0, 0.0, 0.0, 0.0, 0.0, 0.0, 0.0, 0.0, 0.0, 0.0, 0.0, 0.0, 0.0, 0.0, 0.0], [0.0, 0.0, 0.0, 0.0, 0.9772924775607361, 0.0, 0.0, 0.0, 0.0, 0.0, 0.0, 0.0, 0.0, 0.0, 0.0, 0.0, 0.0, 0.0, 0.0, 0.0, 0.0, 0.0, 0.0, 0.0, 0.0, 0.0, 0.0, 0.0, 0.0, 0.0, 0.0, 0.0, 0.0, 0.0, 0.0, 0.0, 0.0, 0.0, 0.0, 0.0, 0.0], [0.0, 0.0, 0.0, 0.0, 0.0, 0.9773038496802728, 0.0, 0.0, 0.0, 0.0, 0.0, 0.0, 0.0, 0.0, 0.0, 0.0, 0.0, 0.0, 0.0, 0.0, 0.0, 0.0, 0.0, 0.0, 0.0, 0.0, 0.0, 0.0, 0.0, 0.0, 0.0, 0.0, 0.0, 0.0, 0.0, 0.0, 0.0, 0.0, 0.0, 0.0, 0.0], [0.0, 0.0, 0.0, 0.0, 0.0, 0.9772378210039175, 0.0, 0.0, 0.0, 0.0, 0.0, 0.0, 0.0, 0.0, 0.0, 0.0, 0.0, 0.0, 0.0, 0.0, 0.0, 0.0, 0.0, 0.0, 0.0, 0.0, 0.0, 0.0, 0.0, 0.0, 0.0, 0.0, 0.0, 0.0, 0.0, 0.0, 0.0, 0.0, 0.0, 0.0, 0.0], [0.0, 0.0, 0.0, 0.0, 0.0, 0.0, 0.9771434237771324, 0.0, 0.0, 0.0, 0.0, 0.0, 0.0, 0.0, 0.0, 0.0, 0.0, 0.0, 0.0, 0.0, 0.0, 0.0, 0.0, 0.0, 0.0, 0.0, 0.0, 0.0, 0.0, 0.0, 0.0, 0.0, 0.0, 0.0, 0.0, 0.0, 0.0, 0.0, 0.0, 0.0, 0.0], [0.0, 0.0, 0.0, 0.0, 0.0, 0.0, 0.9772913477687467, 0.0, 0.0, 0.0, 0.0, 0.0, 0.0, 0.0, 0.0, 0.0, 0.0, 0.0, 0.0, 0.0, 0.0, 0.0, 0.0, 0.0, 0.0, 0.0, 0.0, 0.0, 0.0, 0.0, 0.0, 0.0, 0.0, 0.0, 0.0, 0.0, 0.0, 0.0, 0.0, 0.0, 0.0], [0.0, 0.0, 0.0, 0.0, 0.0, 0.0, 0.0, 0.9770220822042106, 0.0, 0.0, 0.0, 0.0, 0.0, 0.0, 0.0, 0.0, 0.0, 0.0, 0.0, 0.0, 0.0, 0.0, 0.0, 0.0, 0.0, 0.0, 0.0, 0.0, 0.0, 0.0, 0.0, 0.0, 0.0, 0.0, 0.0, 0.0, 0.0, 0.0, 0.0, 0.0, 0.0], [0.0, 0.0, 0.0, 0.0, 0.0, 0.0, 0.0, 0.977197191311882, 0.0, 0.0, 0.0, 0.0, 0.0, 0.0, 0.0, 0.0, 0.0, 0.0, 0.0, 0.0, 0.0, 0.0, 0.0, 0.0, 0.0, 0.0, 0.0, 0.0, 0.0, 0.0, 0.0, 0.0, 0.0, 0.0, 0.0, 0.0, 0.0, 0.0, 0.0, 0.0, 0.0], [0.0, 0.0, 0.0, 0.0, 0.0, 0.0, 0.0, 0.0, 0.9770331234212397, 0.0, 0.0, 0.0, 0.0, 0.0, 0.0, 0.0, 0.0, 0.0, 0.0, 0.0, 0.0, 0.0, 0.0, 0.0, 0.0, 0.0, 0.0, 0.0, 0.0, 0.0, 0.0, 0.0, 0.0, 0.0, 0.0, 0.0, 0.0, 0.0, 0.0, 0.0, 0.0], [0.0, 0.0, 0.0, 0.0, 0.0, 0.0, 0.0, 0.0, 0.9764652811772386, 0.0, 0.0, 0.0, 0.0, 0.0, 0.0, 0.0, 0.0, 0.0, 0.0, 0.0, 0.0, 0.0, 0.0, 0.0, 0.0, 0.0, 0.0, 0.0, 0.0, 0.0, 0.0, 0.0, 0.0, 0.0, 0.0, 0.0, 0.0, 0.0, 0.0, 0.0, 0.0], [0.0, 0.0, 0.0, 0.0, 0.0, 0.0, 0.0, 0.0, 0.0, 0.9747381123804308, 0.0, 0.0, 0.0, 0.0, 0.0, 0.0, 0.0, 0.0, 0.0, 0.0, 0.0, 0.0, 0.0, 0.0, 0.0, 0.0, 0.0, 0.0, 0.0, 0.0, 0.0, 0.0, 0.0, 0.0, 0.0, 0.0, 0.0, 0.0, 0.0, 0.0, 0.0], [0.0, 0.0, 0.0, 0.0, 0.0, 0.0, 0.0, 0.0, 0.0, 0.9767151072685829, 0.0, 0.0, 0.0, 0.0, 0.0, 0.0, 0.0, 0.0, 0.0, 0.0, 0.0, 0.0, 0.0, 0.0, 0.0, 0.0, 0.0, 0.0, 0.0, 0.0, 0.0, 0.0, 0.0, 0.0, 0.0, 0.0, 0.0, 0.0, 0.0, 0.0, 0.0], [0.0, 0.0, 0.0, 0.0, 0.0, 0.0, 0.0, 0.0, 0.0, 0.0, 0.9468620742058248, 0.0, 0.0, 0.0, 0.0, 0.0, 0.0, 0.0, 0.0, 0.0, 0.0, 0.0, 0.0, 0.0, 0.0, 0.0, 0.0, 0.0, 0.0, 0.0, 0.0, 0.0, 0.0, 0.0, 0.0, 0.0, 0.0, 0.0, 0.0, 0.0, 0.0], [0.0, 0.0, 0.0, 0.0, 0.0, 0.0, 0.0, 0.0, 0.0, 0.0, 0.9600283295028738, 0.0, 0.0, 0.0, 0.0, 0.0, 0.0, 0.0, 0.0, 0.0, 0.0, 0.0, 0.0, 0.0, 0.0, 0.0, 0.0, 0.0, 0.0, 0.0, 0.0, 0.0, 0.0, 0.0, 0.0, 0.0, 0.0, 0.0, 0.0, 0.0, 0.0], [0.0, 0.0, 0.0, 0.0, 0.0, 0.0, 0.0, 0.0, 0.0, 0.0, 0.0, 0.0, 0.0, 0.0, 0.9818930995205921, 0.0, 0.0, 0.0, 0.0, 0.0, 0.0, 0.0, 0.0, 0.0, 0.0, 0.0, 0.0, 0.0, 0.0, 0.0, 0.0, 0.0, 0.0, 0.0, 0.0, 0.0, 0.0, 0.0, 0.0, 0.0, 0.0], [0.0, 0.0, 0.0, 0.0, 0.0, 0.0, 0.0, 0.0, 0.0, 0.0, 0.0, 0.0, 0.0, 0.0, 0.9782338925386311, 0.0, 0.0, 0.0, 0.0, 0.0, 0.0, 0.0, 0.0, 0.0, 0.0, 0.0, 0.0, 0.0, 0.0, 0.0, 0.0, 0.0, 0.0, 0.0, 0.0, 0.0, 0.0, 0.0, 0.0, 0.0, 0.0], [0.0, 0.0, 0.0, 0.0, 0.0, 0.0, 0.0, 0.0, 0.0, 0.0, 0.0, 0.0, 0.0, 0.0, 0.9781522932649036, 0.0, 0.0, 0.0, 0.0, 0.0, 0.0, 0.0, 0.0, 0.0, 0.0, 0.0, 0.0, 0.0, 0.0, 0.0, 0.0, 0.0, 0.0, 0.0, 0.0, 0.0, 0.0, 0.0, 0.0, 0.0, 0.0]], "Born radii": [], "Atomic SASAs": [], "Solvent H bonds": [], "Total SASA": NaN, "Total FOD": 0.0, "FOD": [0.0, 0.0, 0.0, 0.0, 0.0, 0.0, 0.0, 0.0, 0.0, 0.0, 0.0, 0.0, 0.0, 0.0, 0.0, 0.0, 0.0, 0.0, 0.0, 0.0, 0.0, 0.0, 0.0, 0.0, 0.0, 0.0, 0.0, 0.0, 0.0, 0.0, 0.0, 0.0, 0.0, 0.0, 0.0, 0.0, 0.0, 0.0, 0.0, 0.0, 0.0], "FOD s proportion": [0.0, 0.0, 0.0, 0.0, 0.0, 0.0, 0.0, 0.0, 0.0, 0.0, 0.0, 0.0, 0.0, 0.0, 0.0, 0.0, 0.0, 0.0, 0.0, 0.0, 0.0, 0.0, 0.0, 0.0, 0.0, 0.0, 0.0, 0.0, 0.0, 0.0, 0.0, 0.0, 0.0, 0.0, 0.0, 0.0, 0.0, 0.0, 0.0, 0.0, 0.0], "FOD p proportion": [0.0, 0.0, 0.0, 0.0, 0.0, 0.0, 0.0, 0.0, 0.0, 0.0, 0.0, 0.0, 0.0, 0.0, 0.0, 0.0, 0.0, 0.0, 0.0, 0.0, 0.0, 0.0, 0.0, 0.0, 0.0, 0.0, 0.0, 0.0, 0.0, 0.0, 0.0, 0.0, 0.0, 0.0, 0.0, 0.0, 0.0, 0.0, 0.0, 0.0, 0.0], "FOD d proportion": [0.0, 0.0, 0.0, 0.0, 0.0, 0.0, 0.0, 0.0, 0.0, 0.0, 0.0, 0.0, 0.0, 0.0, 0.0, 0.0, 0.0, 0.0, 0.0, 0.0, 0.0, 0.0, 0.0, 0.0, 0.0, 0.0, 0.0, 0.0, 0.0, 0.0, 0.0, 0.0, 0.0, 0.0, 0.0, 0.0, 0.0, 0.0, 0.0, 0.0, 0.0], "coordinates": [["-7.34270", "0.26510", "1.13540"], ["-6.23310", "-0.07310", "0.15260"], ["-4.85740", "0.27810", "0.71860"], ["-3.74410", "-0.06360", "-0.27300"], ["-2.36730", "0.28780", "0.29330"], ["-1.25400", "-0.05400", "-0.69840"], ["0.12270", "0.29740", "-0.13210"], ["1.23600", "-0.04450", "-1.12370"], ["2.61310", "0.30680", "-0.55710"], ["3.72620", "-0.03400", "-1.55300"], ["5.11360", "0.32980", "-1.02480"], ["5.59170", "-0.59210", "0.07400"], ["5.10830", "-1.68080", "0.34920"], ["6.66990", "-0.03470", "0.69610"], ["7.21130", "-0.83620", "1.74680"], ["-7.22120", "-0.29050", "2.07070"], ["-8.31740", "0.00590", "0.71050"], ["-7.34740", "1.33460", "1.36890"], ["-6.40190", "0.47370", "-0.78230"], ["-6.27640", "-1.14250", "-0.08440"], ["-4.69520", "-0.26820", "1.65580"], ["-4.82070", "1.34790", "0.95790"], ["-3.90620", "0.48290", "-1.21010"], ["-3.78070", "-1.13350", "-0.51210"], ["-2.33060", "1.35760", "0.53230"], ["-2.20510", "-0.25870", "1.23030"], ["-1.41620", "0.49250", "-1.63540"], ["-1.29070", "-1.12380", "-0.93750"], ["0.28480", "-0.24910", "0.80500"], ["0.15950", "1.36720", "0.10690"], ["1.19940", "-1.11440", "-1.36240"], ["1.07370", "0.50190", "-2.06080"], ["2.64920", "1.37720", "-0.32010"], ["2.76860", "-0.23630", "0.38210"], ["3.68460", "-1.10010", "-1.80680"], ["3.55260", "0.52230", "-2.48240"], ["5.83910", "0.26060", "-1.84320"], ["5.10830", "1.36010", "-0.65140"], ["8.05920", "-0.29870", "2.18030"], ["7.57170", "-1.79170", "1.35300"], ["6.46490", "-0.99570", "2.53130"]], "bond_dist": [[0.0, 1.5203576026711605, 2.520041136569004, 3.8783445192504495, 5.046211733568063, 6.3668606816860684, 7.5723045831503635, 8.876569081576507, 10.098725106665693, 11.394626039497743, 12.642391380589352, 13.006154895279389, 12.626640022191179, 14.022689588306516, 14.608408114849473, 1.0946413567922602, 1.0944243875206723, 1.0947029688458876, 2.1462040653209096, 2.1462165524475854, 2.750360212772138, 2.7503538117849486, 4.166334040856541, 4.166315183708501, 5.165116868958533, 5.165104665928853, 6.546177942127756, 6.546194437992199, 7.651948905344311, 7.652152736321982, 9.00608113998536, 9.00597344211052, 10.158410912637862, 10.15171170492937, 11.49441852248299, 11.483126349997198, 13.514138131971272, 12.62612688990571, 15.447595607731323, 15.057127991751948, 13.935134416646294], [1.5203576026711605, 0.0, 1.5284789596196608, 2.5251428890262826, 3.88515829021161, 5.051336716157418, 6.372952061643019, 7.577414760985437, 8.882750280177868, 10.10436819697303, 11.414736092437705, 11.836445158914902, 11.456469997778548, 12.914498666614977, 13.560076939678476, 2.168573720213357, 2.1591201680314125, 2.168563918818166, 1.0961394482455231, 1.0962026500606536, 2.159354222910174, 2.1593107349337197, 2.753280025714784, 2.753278048072879, 4.173796932051199, 4.173807452434767, 5.169078541674522, 5.16910110754278, 6.552833140710971, 6.553005977412199, 7.656473531594033, 7.656310521393448, 9.01232870405868, 9.006103895692076, 10.16143447796619, 10.151731411439135, 12.240612164838817, 11.459835609641178, 14.437184695777775, 13.963060164591429, 12.95178012668529], [2.520041136569004, 1.5284789596196608, 0.0, 1.529531411903659, 2.5261773868831936, 3.8862155074056304, 5.052272655944056, 6.373983339325575, 7.578694111124951, 8.88458000864419, 10.122398799197747, 10.50506772991017, 10.163115765354638, 11.531565174771377, 12.163567709352384, 2.7819113591198406, 3.470699994237473, 2.7819385938586065, 2.1625079005636025, 2.1625157479195383, 1.096857497581158, 1.0968515943371737, 2.1602333600794155, 2.160212938578047, 2.754041789806393, 2.7540309402764525, 4.174822247713069, 4.174846070216242, 5.169876752882993, 5.170067824506755, 6.55396395244893, 6.553861305368004, 7.657412229989973, 7.65073301128722, 9.01348125864807, 9.001896169141256, 10.999010761882179, 10.117450295899655, 13.011833871134385, 12.616222184552713, 11.537024097227153], [3.8783445192504495, 2.5251428890262826, 1.529531411903659, 0.0, 1.5296260621472162, 2.526193842522779, 3.886169843174639, 5.052271895890007, 6.374315713078543, 7.579225438657963, 8.898247922484515, 9.357183491307628, 9.020391035869785, 10.459033703932691, 11.166794166635292, 4.199361583621967, 4.678373156343987, 4.1993534907173515, 2.758981446113765, 2.759010413173535, 2.160259662633175, 2.1602117072176057, 1.0968569049789494, 1.0969021743072622, 2.1601619800376084, 2.1602073743046057, 2.753996982569153, 2.7540435454073706, 4.174749029582498, 4.174877915580287, 5.170025652741, 5.169837127995427, 6.553808659092818, 6.547842590502616, 7.655877374932281, 7.646342789857122, 9.716396241405555, 8.974134722077666, 12.057854029220955, 11.561900157413573, 10.628103777250201], [5.046211733568063, 3.88515829021161, 2.5261773868831936, 1.5296260621472162, 0.0, 1.529618586445654, 2.526095271362504, 3.8861398816820785, 5.0525167312934265, 6.3751957758173985, 7.59625015517525, 8.010492962358809, 7.73066013546062, 9.051919019191455, 9.75323619164429, 5.201338948770787, 5.971366130124663, 5.201355747302813, 4.179649665940915, 4.1796504865837765, 2.7540262634913266, 2.7540291810363957, 2.160205726314047, 2.1601996227200853, 1.096786182443962, 1.0967862553843388, 2.1601798513086825, 2.1602200721222826, 2.7538578231274036, 2.7540093609136482, 4.174788164685724, 4.17469838671011, 5.1699443101449365, 5.163335652463434, 6.554554144257258, 6.542531371724557, 8.479998410966832, 7.610971077333036, 10.612099391732063, 10.209358713455023, 9.201291925050526], [6.3668606816860684, 5.051336716157418, 3.8862155074056304, 2.526193842522779, 1.529618586445654, 0.0, 1.529536053841164, 2.5260780550093855, 3.8864642980477773, 5.053032079850671, 6.3875010105674335, 6.910120249315493, 6.650022954095721, 8.045694124809865, 8.846024189996315, 6.582653180899021, 7.202791596318749, 6.582663808064332, 5.175556096691446, 5.175551179343123, 4.174924756208188, 4.174925411309764, 2.7539541281582745, 2.753950041304308, 2.1601630980090367, 2.160179851308682, 1.0967862553843386, 1.096807977724451, 2.1601344888686906, 2.1601619800376084, 2.753999949164851, 2.7537875480871796, 4.174495726432116, 4.1691754940275665, 5.16842778125031, 5.1592810787938275, 7.191773620602918, 6.517725761337308, 9.751024870238, 9.226094717701525, 8.420164974037029], [7.5723045831503635, 6.372952061643019, 5.052272655944056, 3.886169843174639, 2.526095271362504, 1.529536053841164, 0.0, 1.529576104677371, 2.5264214850258067, 3.8876721852543072, 5.070211618857737, 5.544695524553174, 5.385269936595565, 6.607725288629968, 7.420482742382735, 7.689656784278476, 8.487062802878272, 7.6896800226017215, 6.559287071778457, 6.559273443758844, 5.16997583940196, 5.169995532880082, 4.174749029582498, 4.174734287352909, 2.75393033499397, 2.7539124550355627, 2.160136132284259, 2.1601338291874415, 1.0968569049789494, 1.096789533137511, 2.1601157885631967, 2.1601168810969464, 2.753999689542466, 2.747730725526066, 4.17669222591275, 4.16397695838966, 5.967113742002912, 5.123983912933373, 8.28797690754505, 7.877655858185226, 6.9992362447627094], [8.876569081576507, 7.577414760985437, 6.373983339325575, 5.052271895890007, 3.8861398816820785, 2.5260780550093855, 1.529576104677371, 0.0, 1.5299842025328239, 2.5269556347510336, 3.8968786817143797, 4.550436631796997, 4.454393268448578, 5.730535515115494, 6.676134302873183, 9.043723746333697, 9.728015283705098, 9.043767308483785, 7.66306737605771, 7.663021744064152, 6.553990797979503, 6.554040830663172, 5.169897151781648, 5.16984085344994, 4.174788134744086, 4.174729554114853, 2.7539736255091474, 2.75386488775321, 2.160214408340061, 2.160121640093446, 1.0968150527778147, 1.0968366605835165, 2.1596615683944558, 2.1571007486902416, 2.7525549821938164, 2.7448066398200077, 4.668971607324251, 4.146163978908697, 7.585320815891706, 7.0233784762036, 6.450209426832589], [10.098725106665693, 8.882750280177868, 7.578694111124951, 6.374315713078543, 5.0525167312934265, 3.8864642980477773, 2.5264214850258067, 1.5299842025328239, 0.0, 1.5319768470835318, 2.543967873224817, 3.174644291885313, 3.316316705322337, 4.259666504551736, 5.268571670766185, 10.196840521455652, 11.00786904082711, 10.196931356540555, 9.019356720409721, 9.019264162336084, 7.657597554063546, 7.6577083158083274, 6.554288115424894, 6.554171765372037, 5.170216890034691, 5.170071590413425, 4.17522141568564, 4.175041911166881, 2.7541463486895537, 2.754178120601498, 2.1602928551471905, 2.1607707097237316, 1.096917667831091, 1.0960084397485268, 2.1654629874463334, 2.153109516490046, 3.473220933082144, 2.7100473095501485, 6.12535666063618, 5.713133835295651, 5.105985120424853], [11.394626039497743, 10.10436819697303, 8.88458000864419, 7.579225438657963, 6.3751957758173985, 5.053032079850671, 3.8876721852543072, 2.5269556347510336, 1.5319768470835318, 0.0, 1.5284712754906453, 2.5374583464561544, 2.8706298072025938, 3.7045675847526387, 4.866017559565521, 11.53440768743675, 12.254522643497786, 11.534087849934211, 10.17006132675708, 10.170425997469328, 9.015055465164926, 9.014641758273038, 7.657564611545893, 7.658062461876372, 6.555139425672043, 6.55572792830819, 5.16993904896373, 5.170666291688142, 4.177279733271402, 4.176120010248748, 2.754688868093818, 2.7533263337279874, 2.1613553271038057, 2.168532928041444, 1.096683276976539, 1.0969918003339862, 2.15298667204421, 2.160230955245295, 5.725599006217603, 5.130518057662403, 5.0106737141825555], [12.642391380589352, 11.414736092437705, 10.122398799197747, 8.898247922484515, 7.59625015517525, 6.3875010105674335, 5.070211618857737, 3.8968786817143797, 2.543967873224817, 1.5284712754906453, 0.0, 1.5118996858257496, 2.435244638634895, 2.348707463691466, 3.6662880206006725, 12.732406818037193, 13.546510188974871, 12.728548374814782, 11.51895193626573, 11.523199184688252, 10.186058010830294, 10.181254509636815, 9.023002146735863, 9.028437332672803, 7.674441145125813, 7.680831852735744, 6.560304237609716, 6.56777228137517, 5.196210416255293, 5.186525856486208, 4.185767437400219, 4.17417134530915, 2.768919682836611, 2.792644234412969, 2.1675283181541136, 2.1443821977436768, 1.0958637917186609, 1.095889474354052, 4.398208455723762, 4.0245435393346165, 4.028499615241387], [13.006154895279389, 11.836445158914902, 10.50506772991017, 9.357183491307628, 8.010492962358809, 6.910120249315493, 5.544695524553174, 4.550436631796997, 3.174644291885313, 2.5374583464561544, 1.5118996858257496, 0.0, 1.2225703619833097, 1.3638982403390658, 2.3411426291450073, 12.97105160964214, 13.936491633836688, 13.145693123985513, 12.071272521569547, 11.88191181291967, 10.41284370669223, 10.628403124176277, 9.644409894856192, 9.406301554277324, 8.171548584570736, 7.889123873409519, 7.294454601270749, 6.976622886468783, 5.367978912961563, 5.774836425389035, 4.650628080162937, 5.115323160856995, 3.562550147015478, 2.862064440224923, 2.7262617354171996, 3.4547065186495947, 2.112808531315604, 2.137981655674342, 3.257474405118174, 2.644859383785837, 2.6388812951703606], [12.626640022191179, 11.456469997778548, 10.163115765354638, 9.020391035869785, 7.73066013546062, 6.650022954095721, 5.385269936595565, 4.454393268448578, 3.316316705322337, 2.8706298072025938, 2.435244638634895, 1.2225703619833097, 0.0, 2.295338619899034, 2.662563411451453, 12.52649458507846, 13.536059805940575, 12.856005901523226, 11.764644768967742, 11.405663941217977, 9.990558271187851, 10.398489331628898, 9.400756588168848, 8.947384868217082, 8.037576337429089, 7.5023013255933675, 7.157581316338641, 6.550805056632353, 5.052095681991782, 5.817184433211655, 4.304635028663871, 5.18172523875977, 3.9807661699728105, 2.7498834066192694, 2.648106904941717, 3.910474480162222, 3.0182313297691414, 3.201292421819663, 3.7377718536582734, 2.662377285434955, 2.6591889703441534], [14.022689588306516, 12.914498666614977, 11.531565174771377, 10.459033703932691, 9.051919019191455, 8.045694124809865, 6.607725288629968, 5.730535515115494, 4.259666504551736, 3.7045675847526387, 2.348707463691466, 1.3638982403390658, 2.295338619899034, 0.0, 1.4281059834620116, 13.961289983737176, 14.987361909622386, 14.10008303592571, 13.164956982838948, 13.017030566915022, 11.407937778143777, 11.57644204235481, 10.758968324611798, 10.577435844286647, 9.109024644823396, 8.893883889505192, 8.432013122617871, 8.19914264603318, 6.389626638544697, 6.685640463710264, 5.943866131567904, 6.261460820766987, 4.380884903760883, 3.9191045214436424, 4.038762392119645, 4.486721580396983, 2.6880244083713225, 2.489943342728907, 2.0500488116140065, 2.0813000384375147, 2.081707241664879], [14.608408114849473, 13.560076939678476, 12.163567709352384, 11.166794166635292, 9.75323619164429, 8.846024189996315, 7.420482742382735, 6.676134302873183, 5.268571670766185, 4.866017559565521, 3.6662880206006725, 2.3411426291450073, 2.662563411451453, 1.4281059834620116, 0.0, 14.446444405112283, 15.58600570351493, 14.724500899521178, 13.907961714787685, 13.614887602180195, 11.92038788169244, 12.254047495419625, 11.579382050437752, 11.225643879083282, 9.86588183083499, 9.448220332951598, 9.36154243594505, 8.920324223367668, 7.014846819425211, 7.567835014718542, 6.774028453586536, 7.345642458628108, 5.475762191695326, 4.686135869775865, 5.0135146414466565, 5.7548015239450265, 3.996749063926831, 3.872687171719399, 1.0935094466898774, 1.0945075833451317, 1.094528875818267], [1.0946413567922602, 2.168573720213357, 2.7819113591198406, 4.199361583621967, 5.201338948770787, 6.582653180899021, 7.689656784278476, 9.043723746333697, 10.196840521455652, 11.53440768743675, 12.732406818037193, 12.97105160964214, 12.52649458507846, 13.961289983737176, 14.446444405112283, 0.0, 1.7719061600434711, 1.7746548086881575, 3.065104097742848, 2.502600057939742, 2.5599443939273367, 3.1120859001640677, 4.727686664744185, 4.383896108486148, 5.3852461902869395, 5.086112720929413, 6.931543205520687, 6.701827092666596, 7.6120789834315294, 7.815319073460789, 9.130799043895337, 9.300675030340539, 10.291838712785971, 10.131653943952092, 11.602884643484137, 11.724595084266236, 13.645283452900491, 12.733847769625642, 15.280795252865605, 14.88618773024175, 13.711994479651748], [1.0944243875206723, 2.1591201680314125, 3.470699994237473, 4.678373156343987, 5.971366130124663, 7.202791596318749, 8.487062802878272, 9.728015283705098, 11.00786904082711, 12.254522643497786, 13.546510188974871, 13.936491633836688, 13.536059805940575, 14.987361909622386, 15.58600570351493, 1.7719061600434711, 0.0, 1.7719577449815214, 2.4731415103062733, 2.4731295093464065, 3.7535390953072536, 3.753542546715035, 4.83476150394205, 4.83473163784713, 6.140083254321556, 6.140066489053681, 7.3052438569838305, 7.305247359261696, 8.606497550688085, 8.60670112528604, 9.804155687258337, 9.804023607682714, 11.099951153496127, 11.093507263259891, 12.312921639074942, 12.302771206927323, 14.387242544351574, 13.562376257131342, 16.44524614470699, 16.00336435940893, 14.9276558270212], [1.0947029688458876, 2.168563918818166, 2.7819385938586065, 4.1993534907173515, 5.201355747302813, 6.582663808064332, 7.6896800226017215, 9.043767308483785, 10.196931356540555, 11.534087849934211, 12.728548374814782, 13.145693123985513, 12.856005901523226, 14.10008303592571, 14.724500899521178, 1.7746548086881575, 1.7719577449815214, 0.0, 2.5025547946049054, 3.06515028995317, 3.1121446447747254, 2.559943511095508, 4.383889976949695, 4.72768733103195, 5.086129255140888, 5.385263609146724, 6.701797097793994, 6.931581811534795, 7.815149758002082, 7.612309397942258, 9.30082743254599, 9.130780721822205, 10.138370052429533, 10.28469528231148, 11.735325243895032, 11.588888772440608, 13.614508608833447, 12.618507234613768, 15.514166507099246, 15.24314761819225, 14.055643106596014], [2.1462040653209096, 1.0961394482455231, 2.1625079005636025, 2.758981446113765, 4.179649665940915, 5.175556096691446, 6.559287071778457, 7.66306737605771, 9.019356720409721, 10.17006132675708, 11.51895193626573, 12.071272521569547, 11.764644768967742, 13.164956982838948, 13.907961714787685, 3.065104097742848, 2.4731415103062733, 2.5025547946049054, 0.0, 1.7649127740486215, 3.0671765697461897, 2.508528477015958, 2.5321168950109714, 3.086549743645808, 4.368630913684516, 4.711698076065571, 5.05819508718278, 5.357280908259339, 6.9104209727049195, 6.6813912361124315, 7.787062302948398, 7.584190981904398, 9.107818196472742, 9.271353601821042, 10.259821096880785, 10.098751022775044, 12.288734736334737, 11.54502246901235, 14.781644486659799, 14.316181062350394, 13.367633431539033], [2.1462165524475854, 1.0962026500606536, 2.1625157479195383, 2.759010413173535, 4.1796504865837765, 5.175551179343123, 6.559273443758844, 7.663021744064152, 9.019264162336084, 10.170425997469328, 11.523199184688252, 11.88191181291967, 11.405663941217977, 13.017030566915022, 13.614887602180195, 2.502600057939742, 2.4731295093464065, 3.06515028995317, 1.7649127740486215, 0.0, 2.508563327883113, 3.0671719775715216, 3.0865796101834144, 2.5320992832035634, 4.711704207608962, 4.368640774886395, 5.357272630732918, 5.058194716497181, 6.681208076388581, 6.910571509650993, 7.584303478237141, 7.786795125724061, 9.277433801434533, 9.102243992005489, 10.108906000156496, 10.253350868862336, 12.322638000850306, 11.670299475591875, 14.537891590254757, 13.937627237446119, 13.007850030654566], [2.750360212772138, 2.159354222910174, 1.096857497581158, 2.160259662633175, 2.7540262634913266, 4.174924756208188, 5.16997583940196, 6.553990797979503, 7.657597554063546, 9.015055465164926, 10.186058010830294, 10.41284370669223, 9.990558271187851, 11.407937778143777, 11.92038788169244, 2.5599443939273367, 3.7535390953072536, 3.1121446447747254, 3.0671765697461897, 2.508563327883113, 0.0, 1.764821200575288, 3.065950916110693, 2.506959263729668, 3.0816896420632625, 2.5262103059721692, 4.70770675913443, 4.364387299495772, 5.052190163681489, 5.351797498037459, 6.676218603371223, 6.9055323313992245, 7.781499426845703, 7.571765959140575, 9.1050922241348, 9.261522246909522, 11.112790240529153, 10.202114730780085, 12.765216404746143, 12.364852433409