{"total energy": -31.61305972, "HOMO-LUMO gap/eV": 4.0569459, "electronic energy": -32.08196475, "dipole": [-0.55373645, -0.5743992, 0.13210067], "partial charges": [-0.39797418, 0.14023932, -0.05885321, -0.0441544, -0.00408518, -0.05796577, -0.05269567, -0.05269798, -0.05718813, 0.00592427, -0.08387627, 0.29602051, 0.04588021, 0.03264985, 0.03939652, 0.03616746, 0.03127521, 0.02624584, 0.02613612, 0.03171396, 0.03550836, 0.04046105, 0.02187211], "atomic dipole moments": [[-0.18176306, -0.06140818, 0.05992114], [0.21205882, -0.09188175, -0.09048522], [0.00522487, -0.04075826, -0.00738749], [-0.00038279, -0.00119271, 0.00153137], [-0.06778046, 0.03287821, 0.02758657], [-0.01477497, -0.08439657, -0.0297513], [0.09977796, -0.02672847, 0.04189336], [0.04311423, 0.04562309, -0.09215924], [-0.01374901, 0.08042776, 0.03926367], [-0.0598511, -0.0570777, 0.01762356], [0.01575794, 0.00202339, -0.00724605], [-0.0163374, -0.07820179, -0.0037344], [0.11714548, 0.09607271, -0.0307891], [-0.00642295, 0.14952674, 0.02290262], [0.02016539, 0.02865032, 0.12117505], [-0.03146955, 0.10645856, -0.06133972], [-0.04354838, -0.00354189, -0.11728536], [-0.09251693, 0.04516857, 0.06792757], [-0.09979448, -0.07239638, -0.00023297], [0.03861681, 0.00296238, 0.11915851], [0.04047258, -0.10489469, 0.05812163], [-0.05281441, -0.03352582, -0.10998284], [0.00657831, -0.14908408, -0.02292348]], "atomic quadrupole moments": [[0.06541477, -0.03803524, -0.01727946, -0.05586775, 0.02108211, -0.0481353], [0.08559572, -0.25226887, -0.36671243, 0.04635018, 0.00869244, 0.28111671], [-0.17134742, -0.05650454, -0.19908079, 0.22542481, -0.06409541, 0.37042822], [-0.15654886, -0.05551094, -0.25721994, 0.23585896, -0.08183422, 0.41376881], [-0.04055058, -0.11962672, -0.29952908, 0.13905345, -0.03060642, 0.34007966], [0.17612327, 0.09225771, 0.0058475, -0.07646845, 0.05521191, -0.18197077], [0.00460185, 0.07977197, 0.19053317, 0.03400836, -0.08319893, -0.19513502], [-0.03431676, -0.16322723, 0.12113299, -0.11417933, -0.01966438, -0.08681623], [0.1156352, 0.00968964, -0.01397053, -0.17840656, 0.06552829, -0.10166467], [-0.0822393, 0.10736531, -0.25104505, 0.2019297, -0.11149268, 0.33328434], [-0.11146271, -0.01331667, -0.21389489, 0.19497425, -0.07775662, 0.3253576], [-0.05067026, -0.0024325, 0.12995797, -0.01426199, 0.02840534, -0.07928771], [0.02345786, 0.00294807, 0.02413307, -0.03017225, 0.00967134, -0.04759093], [0.02614503, -0.0005407, 0.02796436, -0.03463549, 0.01173701, -0.0541094], [-0.00388651, 0.01270572, -0.04750669, 0.00979314, 0.01398373, 0.0513932], [-0.00849956, -0.00493005, 0.02711925, 0.00625107, -0.04752775, -0.01861969], [-0.03921031, 0.01252728, -0.01257864, 0.01865547, 0.00320598, 0.05178895], [0.0116634, -0.01602627, -0.01035414, -0.04173085, 0.0238148, -0.00130927], [0.03032719, 0.03799288, 0.00486124, 0.00312647, 0.01219013, -0.03518843], [-0.01640209, -0.01193303, -0.02005893, 0.03613601, 0.01530366, 0.03646102], [-0.00316309, -0.0351575, 0.01870765, 7.198e-05, -0.03819318, -0.01554456], [0.00582881, 0.0098837, -0.04884076, 0.0209697, 0.01706206, 0.04301195], [0.0128704, -0.00239318, 0.03603942, -0.02781739, 0.01249708, -0.04890982]], "number of molecular orbitals": 56, "number of electrons": 58, "number of unpaired electrons": 0, "orbital energies/eV": [-19.12499543, -17.5070313, -17.23891955, -16.85550524, -16.78860436, -16.46138775, -16.19142909, -15.68901141, -15.56806372, -14.9706984, -14.81635036, -14.38408754, -14.05071289, -13.94938851, -13.60650696, -13.50013689, -13.4386356, -13.11204431, -12.91729917, -12.74250091, -12.52839366, -12.35661324, -11.91389632, -11.77712375, -11.71098655, -11.29245938, -11.14354573, -10.59105948, -10.02462948, -5.96768358, -5.57447222, -2.42364742, 1.70892297, 2.37706525, 2.67638919, 2.75678475, 2.89996463, 3.23137002, 3.60353789, 3.65108421, 4.15527752, 4.8048465, 5.13764791, 5.20420015, 5.32733196, 5.72891768, 6.4104023, 6.96756374, 7.49356058, 7.87275908, 10.32233862, 10.82507747, 11.92384158, 12.59331691, 16.75168825, 17.24833695], "fractional occupation": [2.0, 2.0, 2.0, 2.0, 2.0, 2.0, 2.0, 2.0, 2.0, 2.0, 2.0, 2.0, 2.0, 2.0, 2.0, 2.0, 2.0, 2.0, 2.0, 2.0, 2.0, 2.0, 2.0, 2.0, 2.0, 2.0, 2.0, 2.0, 2.0, 0.0, 0.0, 0.0, 0.0, 0.0, 0.0, 0.0, 0.0, 0.0, 0.0, 0.0, 0.0, 0.0, 0.0, 0.0, 0.0, 0.0, 0.0, 0.0, 0.0, 0.0, 0.0, 0.0, 0.0, 0.0, 0.0, 0.0], "program call": "xtb /home/svss/Project-DBcg-Debug/aqme2_20220329/End-to-End-workflows-final/example-3/QDESCP/mol_157_rdkit_conf_2/mol_157_rdkit_conf_2.xyz --pop --wbo --acc 0.2 --gfn 2 --chrg 0 --uhf 0 --etemp 300 --input /home/svss/Project-DBcg-Debug/aqme2_20220329/End-to-End-workflows-final/example-3/QDESCP/mol_157_rdkit_conf_2/mol_157_rdkit_conf_2_xtb.inp", "method": "GFN2-xTB", "xtb version": "6.3.3 (7355c4f)", "Dipole module/D": 2.056, "Total charge": 0, "Transition dipole module/D": NaN, "HOMO": -10.0246, "LUMO": -5.9677, "HOMO occupancy": 2.0, "LUMO occupancy": 0, "mulliken charges": [-0.52078, 0.25725, -0.07152, -0.03764, -0.02292, -0.04499, -0.0444, -0.04394, -0.04641, 0.00547, -0.11292, 0.3491, 0.04622, 0.02994, 0.03218, 0.0304, 0.02497, 0.0254, 0.02531, 0.02546, 0.03058, 0.03383, 0.02939], "cm5 charges": [-0.71818, 0.26877, -0.12165, -0.09062, -0.03525, -0.14768, -0.15291, -0.15245, -0.14912, -0.00682, -0.16282, 0.52024, 0.10477, 0.08612, 0.08789, 0.08571, 0.08037, 0.0796, 0.0795, 0.08086, 0.08589, 0.08956, 0.08821], "FUKUI+": [-0.054, -0.04, -0.064, -0.069, -0.046, 0.015, 0.014, 0.013, 0.018, -0.084, -0.066, -0.042, -0.093, -0.095, -0.044, -0.042, -0.023, -0.042, -0.042, -0.024, -0.047, -0.053, -0.091], "FUKUI-": [-0.108, -0.051, -0.043, -0.021, -0.069, 0.012, 0.013, 0.014, 0.015, -0.044, -0.02, -0.052, -0.07, -0.064, -0.097, -0.074, -0.044, -0.047, -0.045, -0.029, -0.053, -0.064, -0.06], "FUKUIrad": [-0.081, -0.046, -0.053, -0.045, -0.057, 0.014, 0.014, 0.013, 0.016, -0.064, -0.043, -0.047, -0.082, -0.079, -0.071, -0.058, -0.033, -0.044, -0.044, -0.027, -0.05, -0.058, -0.075], "s proportion": [1.692, 1.015, 1.053, 1.063, 1.084, 1.027, 1.027, 1.027, 1.028, 1.088, 1.06, 0.651, 0.954, 0.97, 0.968, 0.97, 0.975, 0.975, 0.975, 0.975, 0.969, 0.966, 0.971], "p proportion": [4.829, 2.728, 3.018, 2.975, 2.939, 3.018, 3.017, 3.017, 3.018, 2.907, 3.053, 0.0, 0.0, 0.0, 0.0, 0.0, 0.0, 0.0, 0.0, 0.0, 0.0, 0.0, 0.0], "d proportion": [0.0, 0.0, 0.0, 0.0, 0.0, 0.0, 0.0, 0.0, 0.0, 0.0, 0.0, 0.0, 0.0, 0.0, 0.0, 0.0, 0.0, 0.0, 0.0, 0.0, 0.0, 0.0, 0.0], "Fermi-level/eV": -7.9962, "Coordination numbers": [1.659, 2.842, 2.911, 2.916, 2.963, 3.807, 3.803, 3.803, 3.807, 2.964, 2.914, 0.804, 0.925, 0.925, 0.924, 0.924, 0.924, 0.924, 0.924, 0.924, 0.924, 0.924, 0.925], "Dispersion coefficient C6": [20.809, 24.937, 29.463, 29.096, 28.123, 21.611, 21.518, 21.518, 21.597, 27.887, 30.1, 0.733, 2.372, 2.549, 2.457, 2.501, 2.569, 2.641, 2.642, 2.562, 2.51, 2.443, 2.705], "Total dispersion C6": 5368.830256, "Total dispersion C8": 126129.798229, "Polarizability alpha": [6.158, 8.184, 8.901, 8.845, 8.698, 6.618, 6.604, 6.604, 6.616, 8.662, 8.996, 1.345, 2.408, 2.497, 2.451, 2.473, 2.506, 2.541, 2.542, 2.503, 2.477, 2.444, 2.572], "Total polarizability alpha": 113.647132, "Wiberg matrix": [[0.0, 1.0619637570459688, 0.0, 0.0, 0.0, 0.0, 0.0, 0.0, 0.0, 0.0, 0.0, 0.8908792454324653, 0.0, 0.0, 0.0, 0.0, 0.0, 0.0, 0.0, 0.0, 0.0, 0.0, 0.0], [1.0619637570459688, 0.0, 1.3652005498398525, 0.0, 0.0, 0.0, 0.0, 0.0, 0.0, 0.0, 1.383936991184564, 0.0, 0.0, 0.0, 0.0, 0.0, 0.0, 0.0, 0.0, 0.0, 0.0, 0.0, 0.0], [0.0, 1.3652005498398525, 0.0, 1.4547017978645178, 0.0, 0.0, 0.0, 0.0, 0.0, 0.10470961233596802, 0.0, 0.0, 0.9682738997232497, 0.0, 0.0, 0.0, 0.0, 0.0, 0.0, 0.0, 0.0, 0.0, 0.0], [0.0, 0.0, 1.4547017978645178, 0.0, 1.404439111952752, 0.0, 0.0, 0.0, 0.0, 0.0, 0.10665848027584329, 0.0, 0.0, 0.9701047781776454, 0.0, 0.0, 0.0, 0.0, 0.0, 0.0, 0.0, 0.0, 0.0], [0.0, 0.0, 0.0, 1.404439111952752, 0.0, 1.0101495611499378, 0.0, 0.0, 0.0, 1.3896511437264583, 0.0, 0.0, 0.0, 0.0, 0.0, 0.0, 0.0, 0.0, 0.0, 0.0, 0.0, 0.0, 0.0], [0.0, 0.0, 0.0, 0.0, 1.0101495611499378, 0.0, 1.007102141016373, 0.0, 0.0, 0.0, 0.0, 0.0, 0.0, 0.0, 0.9615450053105055, 0.9698367177498998, 0.0, 0.0, 0.0, 0.0, 0.0, 0.0, 0.0], [0.0, 0.0, 0.0, 0.0, 0.0, 1.007102141016373, 0.0, 1.0099978570551085, 0.0, 0.0, 0.0, 0.0, 0.0, 0.0, 0.0, 0.0, 0.9781757803942739, 0.9777646344091631, 0.0, 0.0, 0.0, 0.0, 0.0], [0.0, 0.0, 0.0, 0.0, 0.0, 0.0, 1.0099978570551085, 0.0, 1.0068900803444618, 0.0, 0.0, 0.0, 0.0, 0.0, 0.0, 0.0, 0.0, 0.0, 0.9777779883505089, 0.9781755095025823, 0.0, 0.0, 0.0], [0.0, 0.0, 0.0, 0.0, 0.0, 0.0, 0.0, 1.0068900803444618, 0.0, 1.0117704979868465, 0.0, 0.0, 0.0, 0.0, 0.0, 0.0, 0.0, 0.0, 0.0, 0.0, 0.9694067277574192, 0.9603895728953394, 0.0], [0.0, 0.0, 0.10470961233596802, 0.0, 1.3896511437264583, 0.0, 0.0, 0.0, 1.0117704979868465, 0.0, 1.4091616441359598, 0.0, 0.0, 0.0, 0.0, 0.0, 0.0, 0.0, 0.0, 0.0, 0.0, 0.0, 0.0], [0.0, 1.383936991184564, 0.0, 0.10665848027584329, 0.0, 0.0, 0.0, 0.0, 0.0, 1.4091616441359598, 0.0, 0.0, 0.0, 0.0, 0.0, 0.0, 0.0, 0.0, 0.0, 0.0, 0.0, 0.0, 0.965124884462751], [0.8908792454324653, 0.0, 0.0, 0.0, 0.0, 0.0, 0.0, 0.0, 0.0, 0.0, 0.0, 0.0, 0.0, 0.0, 0.0, 0.0, 0.0, 0.0, 0.0, 0.0, 0.0, 0.0, 0.0], [0.0, 0.0, 0.9682738997232497, 0.0, 0.0, 0.0, 0.0, 0.0, 0.0, 0.0, 0.0, 0.0, 0.0, 0.0, 0.0, 0.0, 0.0, 0.0, 0.0, 0.0, 0.0, 0.0, 0.0], [0.0, 0.0, 0.0, 0.9701047781776454, 0.0, 0.0, 0.0, 0.0, 0.0, 0.0, 0.0, 0.0, 0.0, 0.0, 0.0, 0.0, 0.0, 0.0, 0.0, 0.0, 0.0, 0.0, 0.0], [0.0, 0.0, 0.0, 0.0, 0.0, 0.9615450053105055, 0.0, 0.0, 0.0, 0.0, 0.0, 0.0, 0.0, 0.0, 0.0, 0.0, 0.0, 0.0, 0.0, 0.0, 0.0, 0.0, 0.0], [0.0, 0.0, 0.0, 0.0, 0.0, 0.9698367177498998, 0.0, 0.0, 0.0, 0.0, 0.0, 0.0, 0.0, 0.0, 0.0, 0.0, 0.0, 0.0, 0.0, 0.0, 0.0, 0.0, 0.0], [0.0, 0.0, 0.0, 0.0, 0.0, 0.0, 0.9781757803942739, 0.0, 0.0, 0.0, 0.0, 0.0, 0.0, 0.0, 0.0, 0.0, 0.0, 0.0, 0.0, 0.0, 0.0, 0.0, 0.0], [0.0, 0.0, 0.0, 0.0, 0.0, 0.0, 0.9777646344091631, 0.0, 0.0, 0.0, 0.0, 0.0, 0.0, 0.0, 0.0, 0.0, 0.0, 0.0, 0.0, 0.0, 0.0, 0.0, 0.0], [0.0, 0.0, 0.0, 0.0, 0.0, 0.0, 0.0, 0.9777779883505089, 0.0, 0.0, 0.0, 0.0, 0.0, 0.0, 0.0, 0.0, 0.0, 0.0, 0.0, 0.0, 0.0, 0.0, 0.0], [0.0, 0.0, 0.0, 0.0, 0.0, 0.0, 0.0, 0.9781755095025823, 0.0, 0.0, 0.0, 0.0, 0.0, 0.0, 0.0, 0.0, 0.0, 0.0, 0.0, 0.0, 0.0, 0.0, 0.0], [0.0, 0.0, 0.0, 0.0, 0.0, 0.0, 0.0, 0.0, 0.9694067277574192, 0.0, 0.0, 0.0, 0.0, 0.0, 0.0, 0.0, 0.0, 0.0, 0.0, 0.0, 0.0, 0.0, 0.0], [0.0, 0.0, 0.0, 0.0, 0.0, 0.0, 0.0, 0.0, 0.9603895728953394, 0.0, 0.0, 0.0, 0.0, 0.0, 0.0, 0.0, 0.0, 0.0, 0.0, 0.0, 0.0, 0.0, 0.0], [0.0, 0.0, 0.0, 0.0, 0.0, 0.0, 0.0, 0.0, 0.0, 0.0, 0.965124884462751, 0.0, 0.0, 0.0, 0.0, 0.0, 0.0, 0.0, 0.0, 0.0, 0.0, 0.0, 0.0]], "Born radii": [], "Atomic SASAs": [], "Solvent H bonds": [], "Total SASA": NaN, "Total FOD": 0.0, "FOD": [0.0, 0.0, 0.0, 0.0, 0.0, 0.0, 0.0, 0.0, 0.0, 0.0, 0.0, 0.0, 0.0, 0.0, 0.0, 0.0, 0.0, 0.0, 0.0, 0.0, 0.0, 0.0, 0.0], "FOD s proportion": [0.0, 0.0, 0.0, 0.0, 0.0, 0.0, 0.0, 0.0, 0.0, 0.0, 0.0, 0.0, 0.0, 0.0, 0.0, 0.0, 0.0, 0.0, 0.0, 0.0, 0.0, 0.0, 0.0], "FOD p proportion": [0.0, 0.0, 0.0, 0.0, 0.0, 0.0, 0.0, 0.0, 0.0, 0.0, 0.0, 0.0, 0.0, 0.0, 0.0, 0.0, 0.0, 0.0, 0.0, 0.0, 0.0, 0.0, 0.0], "FOD d proportion": [0.0, 0.0, 0.0, 0.0, 0.0, 0.0, 0.0, 0.0, 0.0, 0.0, 0.0, 0.0, 0.0, 0.0, 0.0, 0.0, 0.0, 0.0, 0.0, 0.0, 0.0, 0.0, 0.0], "coordinates": [["3.67680", "-0.69790", "-1.45110"], ["2.49800", "-0.22680", "-0.95250"], ["2.38700", "1.13920", "-0.73720"], ["1.19720", "1.66270", "-0.23310"], ["0.11090", "0.82100", "0.05250"], ["-1.14830", "1.42200", "0.62840"], ["-2.35660", "0.49200", "0.53780"], ["-1.98860", "-0.90640", "1.01640"], ["-0.90850", "-1.51000", "0.12080"], ["0.23870", "-0.56670", "-0.14920"], ["1.43780", "-1.08230", "-0.66720"], ["3.60660", "-1.66160", "-1.54640"], ["3.22310", "1.79520", "-0.96050"], ["1.12040", "2.73430", "-0.06360"], ["-0.95700", "1.66560", "1.68110"], ["-1.38570", "2.35850", "0.10970"], ["-2.71390", "0.44330", "-0.49870"], ["-3.17710", "0.89510", "1.14190"], ["-2.87330", "-1.55290", "1.01220"], ["-1.63070", "-0.85760", "2.05270"], ["-0.53420", "-2.42720", "0.59110"], ["-1.35180", "-1.78910", "-0.84330"], ["1.52910", "-2.15030", "-0.84190"]], "bond_dist": [[0.0, 1.36385725426087, 2.355456146906582, 3.633782123353022, 4.157344462514503, 5.665676152940618, 6.463242280775185, 6.1829431228178064, 4.914809468331402, 3.67868028782062, 2.4032027733838857, 0.9709417181273036, 2.5811004746038075, 4.498925877362285, 6.071977563364344, 6.116092204177436, 6.561284149463428, 7.499149499109882, 7.050012900697417, 6.361735201971236, 4.9893466836851506, 5.181404851968238, 2.6633072841863368], [1.36385725426087, 0.0, 1.3873107402453138, 2.4041271285021515, 2.793949936917267, 4.302707280306203, 5.128821374351031, 4.946514220135226, 3.795104396456045, 2.421829760738768, 1.3918693832396776, 1.9079733252852356, 2.148096368881061, 3.3846769683383378, 4.73857064102668, 4.784889823182975, 5.274359682463834, 6.1523922973100476, 5.871068981880557, 5.145415373903258, 4.051999254688974, 4.156160002935402, 2.156583367273336], [2.355456146906582, 1.3873107402453138, 0.0, 1.3941998063405403, 2.430125210765898, 3.8004190939947664, 4.954415586121132, 5.1386250768079975, 4.3144808366708505, 2.8055359024614175, 2.4168042721743106, 3.16017553942815, 1.0859383499996673, 2.145310357500751, 4.160241321125494, 4.054281365421004, 5.153672464369462, 5.877908678263044, 6.162674651480476, 5.28324384635046, 4.797603494454288, 4.75024457686128, 3.40114168331753], [3.633782123353022, 2.4041271285021515, 1.3941998063405403, 0.0, 1.4035932245490501, 2.5102766759861357, 3.8202512666053785, 4.279117514161069, 3.824296404569081, 2.4281651138256644, 2.7895082308536034, 4.31056095421466, 2.156603306127485, 1.087637370634165, 2.881795914009179, 2.696854072804088, 4.1053846263170035, 4.6491219869992655, 5.3347751311559515, 4.4242301183369745, 4.517115629469761, 4.334128318358837, 3.8755340341687106], [4.157344462514503, 2.793949936917267, 2.430125210765898, 1.4035932245490501, 0.0, 1.5094523675823626, 2.5362005717214084, 2.8845994903972367, 2.5450741148343794, 1.4080933988908548, 2.4292349804002082, 4.575991964590847, 3.414824077459921, 2.166399397618085, 2.1227570586385998, 2.146389910990079, 2.902752791747861, 3.464567385691899, 3.93215906850168, 3.1387367777499278, 3.3551523378231276, 3.1232308496171077, 3.411724826242586], [5.665676152940618, 4.302707280306203, 3.8004190939947664, 2.5102766759861357, 1.5094523675823626, 0.0, 1.5274479532867884, 2.50561262967762, 2.985261429087912, 2.54624398870179, 3.8259653762155246, 6.07020741078919, 4.666156813695828, 2.7107185357391863, 1.0973212565151558, 1.0965585711670853, 2.1631716205608837, 2.158086027015605, 3.460196157734414, 2.7309186018627503, 3.898057303324311, 3.5381458915652417, 4.700168096993979], [6.463242280775185, 5.128821374351031, 4.954415586121132, 3.8202512666053785, 2.5362005717214084, 1.5274479532867884, 0.0, 1.5231561049347504, 2.5057706618922646, 2.8858961831639056, 4.281111637180231, 6.673952115500979, 5.922523551662754, 4.180803780375252, 2.154843848170906, 2.1470301977382618, 1.0974366633204853, 1.0957402383776913, 2.16186268296578, 2.154825510337206, 3.4417599117312063, 2.849645146329627, 4.897344777529963], [6.1829431228178064, 4.946514220135226, 5.1386250768079975, 4.279117514161069, 2.8845994903972367, 2.50561262967762, 1.5231561049347504, 0.0, 1.5274319395639204, 2.536707460469181, 3.821736088481255, 6.200365627928727, 6.1942386989847265, 4.907848560214547, 2.849773438363127, 3.441680593837842, 2.1548267192514574, 2.161870659868439, 1.095752700202012, 1.0974477390746225, 2.1468563272841523, 2.15479874234231, 4.168306537432198], [4.914809468331402, 3.795104396456045, 4.3144808366708505, 3.824296404569081, 2.5450741148343794, 2.985261429087912, 2.5057706618922646, 1.5274319395639204, 0.0, 1.5095637548642986, 2.511771283377529, 4.815461183521262, 5.400340293907412, 4.707921097469668, 3.538548247516204, 3.8978372593016246, 2.731049303839094, 3.4603030474222916, 2.157979010555941, 2.1632004553438873, 1.0966031278452564, 1.0972240017425794, 2.6979008766075894], [3.67868028782062, 2.421829760738768, 2.8055359024614175, 2.4281651138256644, 1.4080933988908548, 2.54624398870179, 2.8858961831639056, 2.536707460469181, 1.5095637548642986, 0.0, 1.404282083486078, 3.8070624187160362, 3.8914550826137, 3.4177950860167146, 3.124557547877779, 3.3559647808044706, 3.140079140722412, 3.9333812540866155, 3.4649652812113425, 2.9030402649636122, 2.1463640767586476, 2.1226697387959343, 2.157024434261235], [2.4032027733838857, 1.3918693832396776, 2.4168042721743106, 2.7895082308536034, 2.4292349804002082, 3.8259653762155246, 4.281111637180231, 3.821736088481255, 2.511771283377529, 1.404282083486078, 0.0, 2.410865937790818, 3.3990185686459555, 3.877049300692474, 4.335958295463645, 4.518277381923337, 4.42633714260448, 5.336689571260446, 4.65053028481699, 4.106584755000194, 2.69830667271161, 2.883131216230021, 1.0860385720590222], [0.9709417181273036, 1.9079733252852356, 3.16017553942815, 4.31056095421466, 4.575991964590847, 6.07020741078919, 6.673952115500979, 6.200365627928727, 4.815461183521262, 3.8070624187160362, 2.410865937790818, 0.0, 3.5270125176982288, 5.263442133243226, 6.504879787513371, 6.620191123374007, 6.743663659317537, 7.731898697603325, 6.967593103791294, 6.405407723166418, 4.722422498040598, 5.009624379132631, 2.247477294657278], [2.5811004746038075, 2.148096368881061, 1.0859383499996673, 2.156603306127485, 3.414824077459921, 4.666156813695828, 5.922523551662754, 6.1942386989847265, 5.400340293907412, 3.8914550826137, 3.3990185686459555, 3.5270125176982288, 0.0, 2.4713732437654983, 4.946522286414972, 4.764837076962864, 6.106460664738618, 6.796530424415092, 7.229620450618414, 6.298896452554208, 5.861179711457413, 5.8129727627092835, 4.295424566908375], [4.498925877362285, 3.3846769683383378, 2.145310357500751, 1.087637370634165, 2.166399397618085, 2.7107185357391863, 4.180803780375252, 4.907848560214547, 4.707921097469668, 3.4177950860167146, 3.877049300692474, 5.263442133243226, 2.4713732437654983, 0.0, 2.9157655152635304, 2.5400385312038085, 4.4877443666055665, 4.827462391360496, 5.9571024139257505, 4.9948996496426235, 5.459616790581552, 5.2135259172655894, 4.963074021209033], [6.071977563364344, 4.73857064102668, 4.160241321125494, 2.881795914009179, 2.1227570586385998, 1.0973212565151558, 2.154843848170906, 2.849773438363127, 3.538548247516204, 3.124557547877779, 4.335958295463645, 6.504879787513371, 4.946522286414972, 2.9157655152635304, 0.0, 1.7700825009021472, 3.0548720005918417, 2.4110684146245207, 3.8050460115483493, 2.637896224266603, 4.256509330425578, 4.29690754962217, 5.206468574763512], [6.116092204177436, 4.784889823182975, 4.054281365421004, 2.696854072804088, 2.146389910990079, 1.0965585711670853, 2.1470301977382618, 3.441680593837842, 3.8978372593016246, 3.3559647808044706, 4.518277381923337, 6.620191123374007, 4.764837076962864, 2.5400385312038085, 1.7700825009021472, 0.0, 2.4087874210897064, 2.5330002684563615, 4.280947321563301, 3.765444623148772, 4.884641511922856, 4.255812962290519, 5.45260296005495], [6.561284149463428, 5.274359682463834, 5.153672464369462, 4.1053846263170035, 2.902752791747861, 2.1631716205608837, 1.0974366633204853, 2.1548267192514574, 2.731049303839094, 3.140079140722412, 4.42633714260448, 6.743663659317537, 6.106460664738618, 4.4877443666055665, 3.0548720005918417, 2.4087874210897064, 0.0, 1.763588909014796, 2.5085935521722127, 3.0619119859982917, 3.765438404754485, 2.6377405729146304, 4.984736322013433], [7.499149499109882, 6.1523922973100476, 5.877908678263044, 4.6491219869992655, 3.464567385691899, 2.158086027015605, 1.0957402383776913, 2.161870659868439, 3.4603030474222916, 3.9333812540866155, 5.336689571260446, 7.731898697603325, 6.796530424415092, 4.827462391360496, 2.4110684146245207, 2.5330002684563615, 1.763588909014796, 0.0, 2.470186335076769, 2.5085587276362498, 4.280885228547946, 3.804953188936757, 5.946279680607026], [7.050012900697417, 5.871068981880557, 6.162674651480476, 5.3347751311559515, 3.93215906850168, 3.460196157734414, 2.16186268296578, 1.095752700202012, 2.157979010555941, 3.4649652812113425, 4.65053028481699, 6.967593103791294, 7.229620450618414, 5.9571024139257505, 3.8050460115483493, 4.280947321563301, 2.5085935521722127, 2.470186335076769, 0.0, 1.763558079565286, 2.5324127842830046, 2.411147639610648, 4.814114594606156], [6.361735201971236, 5.145415373903258, 5.28324384635046, 4.4242301183369745, 3.1387367777499278, 2.7309186018627503, 2.154825510337206, 1.0974477390746225, 2.1632004553438873, 2.9030402649636122, 4.106584755000194, 6.405407723166418, 6.298896452554208, 4.9948996496426235, 2.637896224266603, 3.765444623148772, 3.0619119859982917, 2.5085587276362498, 1.763558079565286, 0.0, 2.408782051161956, 3.0548802693395367, 4.475948892693034], [4.9893466836851506, 4.051999254688974, 4.797603494454288, 4.517115629469761, 3.3551523378231276, 3.898057303324311, 3.4417599117312063, 2.1468563272841523, 1.0966031278452564, 2.1463640767586476, 2.69830667271161, 4.722422498040598, 5.861179711457413, 5.459616790581552, 4.256509330425578, 4.884641511922856, 3.765438404754485, 4.280885228547946, 2.5324127842830046, 2.408782051161956, 0.0, 1.7700691314183186, 2.527324573536213], [5.181404851968238, 4.156160002935402, 4.75024457686128, 4.334128318358837, 3.1232308496171077, 3.5381458915652417, 2.849645146329627, 2.15479874234231, 1.0972240017425794, 2.1226697387959343, 2.883131216230021, 5.009624379132631, 5.8129727627092835, 5.2135259172655894, 4.29690754962217, 4.255812962290519, 2.6377405729146304, 3.804953188936757, 2.411147639610648, 3.0548802693395367, 1.7700691314183186, 0.0, 2.9034552192172685], [2.6633072841863368, 2.156583367273336, 3.40114168331753, 3.8755340341687106, 3.411724826242586, 4.700168096993979, 4.897344777529963, 4.168306537432198, 2.6979008766075894, 2.157024434261235, 1.0860385720590222, 2.247477294657278, 4.295424566908375, 4.963074021209033, 5.206468574763512, 5.45260296005495, 4.984736322013433, 5.946279680607026, 4.814114594606156, 4.475948892693034, 2.527324573536213, 2.9034552192172685, 0.0]]}