{"total energy": -29.54085852, "HOMO-LUMO gap/eV": 4.72238483, "electronic energy": -30.00633499, "dipole": [0.12788683, 0.08219081, -0.16320268], "partial charges": [-0.10584129, 0.00082287, -0.05742773, -0.05048659, -0.02244335, -0.0556592, -0.05781926, 0.01084242, -0.10548644, -0.10756804, 0.03943356, 0.03942513, 0.03490438, 0.02070102, 0.03639983, 0.03368448, 0.0365086, 0.03294673, 0.02817661, 0.03547378, 0.03491935, 0.04184045, 0.03915015, 0.03824328, 0.03016921, 0.02909005], "atomic dipole moments": [[-0.06198422, -0.0064942, 0.00237463], [0.09992756, -0.12211366, -0.07225738], [-0.13016802, 0.05188236, 0.03945638], [0.01971002, -0.07242131, -0.05826666], [0.01617025, -0.01987626, 0.09039079], [0.0415845, 0.09483154, -0.04854027], [-0.06359025, 0.04072458, 0.0507074], [0.06918407, 0.13920849, -0.08440941], [0.04210369, -0.04669186, 0.0228364], [-0.0326267, -0.05403954, 0.03288199], [0.0573912, -0.09223932, 0.06739657], [0.03820625, -0.00456221, -0.12210566], [0.04733072, 0.10950038, 0.04582556], [0.06852645, 0.12165145, 0.05456809], [-0.0319074, -0.01134897, 0.12285831], [-0.04145128, 0.11140234, -0.03609014], [0.01063205, 0.0329536, -0.11988588], [0.00262478, -0.04389181, 0.11787282], [-0.04722899, -0.09409974, -0.06788089], [0.06340919, -0.10222903, 0.03752344], [0.00300175, 0.00043235, -0.12523067], [0.02399285, 0.11128597, 0.06031901], [0.01184041, 0.01483017, -0.12685743], [-0.12570401, -0.0185253, 0.0171091], [0.0825056, -0.11614241, 0.05203545], [-0.14884894, -0.00498239, 0.02348553]], "atomic quadrupole moments": [[0.17182803, 0.00151322, -0.06687288, -0.02774421, 0.02211509, -0.10495515], [-0.12586109, 0.13683063, -0.14229485, 0.12260273, -0.27205454, 0.26815594], [-0.06138886, 0.0362706, -0.22836743, 0.05186036, -0.34720565, 0.28975629], [0.10561991, 0.06726287, -0.00781921, 0.03964428, 0.14633041, -0.0978007], [0.04379438, -0.01854419, 0.12925433, 0.03267959, 0.06002163, -0.1730487], [0.16538071, -0.07608613, 0.02667616, -0.07797075, -0.04983604, -0.19205687], [0.15646041, 0.10379975, -0.01596871, -0.06533354, 0.08178913, -0.1404917], [-0.12107033, -0.09573335, -0.14494897, 0.1284181, 0.35551856, 0.2660193], [-0.00243369, -0.08809145, 0.07350029, 0.0316708, -0.09403274, -0.0710666], [-0.24766419, -0.00488966, -0.11672397, 0.11318762, 0.3819182, 0.36438815], [-0.01817668, -0.03148758, 0.03713955, 0.02402515, -0.05316718, -0.01896286], [-0.02972399, 0.00214098, -0.04814274, -0.02449143, 0.01635283, 0.07786672], [-0.02284081, 0.02328354, 0.05625638, 0.00742449, 0.04914148, -0.03341557], [0.02995694, -0.00616814, 0.01785507, -0.00461344, 0.04048872, -0.04781201], [-0.0195766, 0.01662731, -0.03198785, -0.02023081, -0.02074084, 0.05156446], [-0.01438234, -0.02141396, 0.03921987, 0.03003927, -0.02281568, -0.02483752], [-0.02214927, -0.0121071, -0.00451461, -0.00524034, -0.01744877, 0.02666388], [-0.0129582, -0.01290853, -0.03962292, -0.00347384, -0.01560283, 0.05258112], [-0.00492657, 0.0236862, 0.00112229, 0.01797039, 0.04060031, 0.00380428], [0.01446291, -0.03018084, 0.01871424, 0.01311337, -0.03391129, -0.03317715], [-0.02032525, 0.01670439, -0.03821396, 0.00115062, -0.01054331, 0.0585392], [-0.024313, 0.03080597, 0.04329455, 0.0256003, 0.05013847, -0.01898154], [-0.02984447, -0.00657492, -0.04694244, -0.02866412, -0.0133983, 0.07678691], [0.06648229, 0.02995054, -0.02199733, -0.02521641, -0.01929483, -0.04448496], [0.03030081, -0.02218463, 0.01163751, -0.00381672, -0.03959877, -0.04193832], [0.04651196, -0.00464206, -0.00147701, -0.01272784, -0.03446248, -0.04503495]], "number of molecular orbitals": 56, "number of electrons": 56, "number of unpaired electrons": 0, "orbital energies/eV": [-17.12214517, -16.84932279, -16.49447942, -16.41035625, -15.92880391, -15.79626887, -15.42798394, -15.25662983, -14.44132066, -14.29979111, -13.81931958, -13.49780765, -13.46986788, -13.33139765, -13.12230727, -12.98520181, -12.8915604, -12.73017868, -12.52144631, -12.28849901, -12.12831711, -12.0749572, -11.80335348, -11.37309838, -11.19696576, -11.09560442, -10.37515883, -10.04855885, -5.32617403, -5.10617883, 1.2171667, 1.95839631, 2.3982741, 2.62241591, 2.98022005, 3.34231109, 3.76021463, 3.7819982, 4.56435463, 4.72652346, 4.89461226, 5.17522082, 5.48932787, 5.63304877, 5.77125386, 5.93643612, 6.1408403, 6.41788929, 6.58467449, 6.86499852, 7.39811038, 8.06583621, 10.5780776, 10.87505279, 15.90511456, 16.49471658], "fractional occupation": [2.0, 2.0, 2.0, 2.0, 2.0, 2.0, 2.0, 2.0, 2.0, 2.0, 2.0, 2.0, 2.0, 2.0, 2.0, 2.0, 2.0, 2.0, 2.0, 2.0, 2.0, 2.0, 2.0, 2.0, 2.0, 2.0, 2.0, 2.0, 0.0, 0.0, 0.0, 0.0, 0.0, 0.0, 0.0, 0.0, 0.0, 0.0, 0.0, 0.0, 0.0, 0.0, 0.0, 0.0, 0.0, 0.0, 0.0, 0.0, 0.0, 0.0, 0.0, 0.0, 0.0, 0.0, 0.0, 0.0], "program call": "xtb /home/svss/Project-DBcg-Debug/aqme2_20220329/End-to-End-workflows-final/example-3/QDESCP/mol_135_rdkit_conf_1/mol_135_rdkit_conf_1.xyz --pop --wbo --acc 0.2 --gfn 2 --chrg 0 --uhf 0 --etemp 300 --input /home/svss/Project-DBcg-Debug/aqme2_20220329/End-to-End-workflows-final/example-3/QDESCP/mol_135_rdkit_conf_1/mol_135_rdkit_conf_1_xtb.inp", "method": "GFN2-xTB", "xtb version": "6.3.3 (7355c4f)", "Dipole module/D": 0.567, "Total charge": 0, "Transition dipole module/D": NaN, "HOMO": -10.0486, "LUMO": -5.3262, "HOMO occupancy": 2.0, "LUMO occupancy": 0, "mulliken charges": [-0.08485, -0.00461, -0.07076, -0.0382, -0.01618, -0.04602, -0.04712, 0.01249, -0.08818, -0.11118, 0.03443, 0.03443, 0.03241, 0.02737, 0.03174, 0.0281, 0.02669, 0.02636, 0.02607, 0.03024, 0.03075, 0.03591, 0.03492, 0.03417, 0.03049, 0.03053], "cm5 charges": [-0.22881, -0.02754, -0.12936, -0.14027, -0.07859, -0.15208, -0.15061, -0.01147, -0.23248, -0.2109, 0.08611, 0.08615, 0.08414, 0.08339, 0.08766, 0.08372, 0.08696, 0.08258, 0.08115, 0.08554, 0.08627, 0.08803, 0.08669, 0.08589, 0.08434, 0.0835], "FUKUI+": [0.029, -0.087, -0.065, 0.012, 0.008, 0.015, 0.018, -0.086, 0.03, -0.06, -0.051, -0.051, -0.038, -0.075, -0.045, -0.048, -0.043, -0.022, -0.032, -0.053, -0.05, -0.048, -0.051, -0.044, -0.077, -0.086], "FUKUI-": [0.025, -0.063, -0.056, 0.01, 0.004, 0.014, 0.015, -0.039, 0.023, -0.044, -0.068, -0.067, -0.044, -0.069, -0.074, -0.066, -0.042, -0.028, -0.038, -0.061, -0.07, -0.05, -0.052, -0.043, -0.054, -0.066], "FUKUIrad": [0.027, -0.075, -0.061, 0.011, 0.006, 0.015, 0.017, -0.063, 0.026, -0.052, -0.059, -0.059, -0.041, -0.072, -0.059, -0.057, -0.042, -0.025, -0.035, -0.057, -0.06, -0.049, -0.051, -0.043, -0.065, -0.076], "s proportion": [1.007, 1.089, 1.064, 1.029, 1.058, 1.032, 1.029, 1.102, 1.01, 1.046, 0.966, 0.966, 0.968, 0.973, 0.968, 0.972, 0.973, 0.974, 0.974, 0.97, 0.969, 0.964, 0.965, 0.966, 0.97, 0.969], "p proportion": [3.077, 2.915, 3.007, 3.009, 2.958, 3.014, 3.019, 2.886, 3.079, 3.065, 0.0, 0.0, 0.0, 0.0, 0.0, 0.0, 0.0, 0.0, 0.0, 0.0, 0.0, 0.0, 0.0, 0.0, 0.0, 0.0], "d proportion": [0.0, 0.0, 0.0, 0.0, 0.0, 0.0, 0.0, 0.0, 0.0, 0.0, 0.0, 0.0, 0.0, 0.0, 0.0, 0.0, 0.0, 0.0, 0.0, 0.0, 0.0, 0.0, 0.0, 0.0, 0.0, 0.0], "Fermi-level/eV": -7.6874, "Coordination numbers": [3.755, 2.939, 2.893, 3.805, 3.851, 3.801, 3.806, 2.935, 3.756, 2.839, 0.924, 0.924, 0.924, 0.925, 0.924, 0.924, 0.923, 0.923, 0.924, 0.924, 0.924, 0.924, 0.924, 0.924, 0.925, 0.925], "Dispersion coefficient C6": [22.579, 28.01, 29.425, 21.476, 20.939, 21.574, 21.609, 27.775, 22.571, 30.709, 2.457, 2.457, 2.518, 2.723, 2.498, 2.535, 2.496, 2.545, 2.613, 2.51, 2.518, 2.425, 2.46, 2.473, 2.584, 2.599], "Total dispersion C6": 5601.95374, "Total dispersion C8": 125492.827052, "Polarizability alpha": [6.775, 8.68, 8.894, 6.597, 6.508, 6.613, 6.618, 8.643, 6.774, 9.081, 2.451, 2.451, 2.482, 2.58, 2.471, 2.49, 2.471, 2.495, 2.528, 2.478, 2.481, 2.435, 2.453, 2.459, 2.514, 2.521], "Total polarizability alpha": 114.943619, "Wiberg matrix": [[0.0, 1.0238739066954157, 0.0, 0.0, 0.0, 0.0, 0.0, 0.0, 0.0, 0.0, 0.9736045026120135, 0.9736057397470934, 0.9849968158617011, 0.0, 0.0, 0.0, 0.0, 0.0, 0.0, 0.0, 0.0, 0.0, 0.0, 0.0, 0.0, 0.0], [1.0238739066954157, 0.0, 1.8803227439206731, 0.0, 0.0, 0.0, 1.0108767319397132, 0.0, 0.0, 0.0, 0.0, 0.0, 0.0, 0.0, 0.0, 0.0, 0.0, 0.0, 0.0, 0.0, 0.0, 0.0, 0.0, 0.0, 0.0, 0.0], [0.0, 1.8803227439206731, 0.0, 1.0225975763098614, 0.0, 0.0, 0.0, 0.0, 0.0, 0.0, 0.0, 0.0, 0.0, 0.9657611096609101, 0.0, 0.0, 0.0, 0.0, 0.0, 0.0, 0.0, 0.0, 0.0, 0.0, 0.0, 0.0], [0.0, 0.0, 1.0225975763098614, 0.0, 0.9790241159726965, 0.0, 0.0, 0.0, 0.0, 0.0, 0.0, 0.0, 0.0, 0.0, 0.9602201037930737, 0.9654172636044374, 0.0, 0.0, 0.0, 0.0, 0.0, 0.0, 0.0, 0.0, 0.0, 0.0], [0.0, 0.0, 0.0, 0.9790241159726965, 0.0, 0.9963760305561736, 0.0, 0.9950576276687505, 0.0, 0.0, 0.0, 0.0, 0.0, 0.0, 0.0, 0.0, 0.9595672830876696, 0.0, 0.0, 0.0, 0.0, 0.0, 0.0, 0.0, 0.0, 0.0], [0.0, 0.0, 0.0, 0.0, 0.9963760305561736, 0.0, 1.0044585908139143, 0.0, 0.0, 0.0, 0.0, 0.0, 0.0, 0.0, 0.0, 0.0, 0.0, 0.9771982925207163, 0.9774336771726223, 0.0, 0.0, 0.0, 0.0, 0.0, 0.0, 0.0], [0.0, 1.0108767319397132, 0.0, 0.0, 0.0, 1.0044585908139143, 0.0, 0.0, 0.0, 0.0, 0.0, 0.0, 0.0, 0.0, 0.0, 0.0, 0.0, 0.0, 0.0, 0.967376654754699, 0.9620035801401733, 0.0, 0.0, 0.0, 0.0, 0.0], [0.0, 0.0, 0.0, 0.0, 0.9950576276687505, 0.0, 0.0, 0.0, 1.02355642139171, 1.930038878527283, 0.0, 0.0, 0.0, 0.0, 0.0, 0.0, 0.0, 0.0, 0.0, 0.0, 0.0, 0.0, 0.0, 0.0, 0.0, 0.0], [0.0, 0.0, 0.0, 0.0, 0.0, 0.0, 0.0, 1.02355642139171, 0.0, 0.0, 0.0, 0.0, 0.0, 0.0, 0.0, 0.0, 0.0, 0.0, 0.0, 0.0, 0.0, 0.9705375156459094, 0.9742872770331801, 0.9844592375445886, 0.0, 0.0], [0.0, 0.0, 0.0, 0.0, 0.0, 0.0, 0.0, 1.930038878527283, 0.0, 0.0, 0.0, 0.0, 0.0, 0.0, 0.0, 0.0, 0.0, 0.0, 0.0, 0.0, 0.0, 0.0, 0.0, 0.0, 0.9753265298558758, 0.9755777214106846], [0.9736045026120135, 0.0, 0.0, 0.0, 0.0, 0.0, 0.0, 0.0, 0.0, 0.0, 0.0, 0.0, 0.0, 0.0, 0.0, 0.0, 0.0, 0.0, 0.0, 0.0, 0.0, 0.0, 0.0, 0.0, 0.0, 0.0], [0.9736057397470934, 0.0, 0.0, 0.0, 0.0, 0.0, 0.0, 0.0, 0.0, 0.0, 0.0, 0.0, 0.0, 0.0, 0.0, 0.0, 0.0, 0.0, 0.0, 0.0, 0.0, 0.0, 0.0, 0.0, 0.0, 0.0], [0.9849968158617011, 0.0, 0.0, 0.0, 0.0, 0.0, 0.0, 0.0, 0.0, 0.0, 0.0, 0.0, 0.0, 0.0, 0.0, 0.0, 0.0, 0.0, 0.0, 0.0, 0.0, 0.0, 0.0, 0.0, 0.0, 0.0], [0.0, 0.0, 0.9657611096609101, 0.0, 0.0, 0.0, 0.0, 0.0, 0.0, 0.0, 0.0, 0.0, 0.0, 0.0, 0.0, 0.0, 0.0, 0.0, 0.0, 0.0, 0.0, 0.0, 0.0, 0.0, 0.0, 0.0], [0.0, 0.0, 0.0, 0.9602201037930737, 0.0, 0.0, 0.0, 0.0, 0.0, 0.0, 0.0, 0.0, 0.0, 0.0, 0.0, 0.0, 0.0, 0.0, 0.0, 0.0, 0.0, 0.0, 0.0, 0.0, 0.0, 0.0], [0.0, 0.0, 0.0, 0.9654172636044374, 0.0, 0.0, 0.0, 0.0, 0.0, 0.0, 0.0, 0.0, 0.0, 0.0, 0.0, 0.0, 0.0, 0.0, 0.0, 0.0, 0.0, 0.0, 0.0, 0.0, 0.0, 0.0], [0.0, 0.0, 0.0, 0.0, 0.9595672830876696, 0.0, 0.0, 0.0, 0.0, 0.0, 0.0, 0.0, 0.0, 0.0, 0.0, 0.0, 0.0, 0.0, 0.0, 0.0, 0.0, 0.0, 0.0, 0.0, 0.0, 0.0], [0.0, 0.0, 0.0, 0.0, 0.0, 0.9771982925207163, 0.0, 0.0, 0.0, 0.0, 0.0, 0.0, 0.0, 0.0, 0.0, 0.0, 0.0, 0.0, 0.0, 0.0, 0.0, 0.0, 0.0, 0.0, 0.0, 0.0], [0.0, 0.0, 0.0, 0.0, 0.0, 0.9774336771726223, 0.0, 0.0, 0.0, 0.0, 0.0, 0.0, 0.0, 0.0, 0.0, 0.0, 0.0, 0.0, 0.0, 0.0, 0.0, 0.0, 0.0, 0.0, 0.0, 0.0], [0.0, 0.0, 0.0, 0.0, 0.0, 0.0, 0.967376654754699, 0.0, 0.0, 0.0, 0.0, 0.0, 0.0, 0.0, 0.0, 0.0, 0.0, 0.0, 0.0, 0.0, 0.0, 0.0, 0.0, 0.0, 0.0, 0.0], [0.0, 0.0, 0.0, 0.0, 0.0, 0.0, 0.9620035801401733, 0.0, 0.0, 0.0, 0.0, 0.0, 0.0, 0.0, 0.0, 0.0, 0.0, 0.0, 0.0, 0.0, 0.0, 0.0, 0.0, 0.0, 0.0, 0.0], [0.0, 0.0, 0.0, 0.0, 0.0, 0.0, 0.0, 0.0, 0.9705375156459094, 0.0, 0.0, 0.0, 0.0, 0.0, 0.0, 0.0, 0.0, 0.0, 0.0, 0.0, 0.0, 0.0, 0.0, 0.0, 0.0, 0.0], [0.0, 0.0, 0.0, 0.0, 0.0, 0.0, 0.0, 0.0, 0.9742872770331801, 0.0, 0.0, 0.0, 0.0, 0.0, 0.0, 0.0, 0.0, 0.0, 0.0, 0.0, 0.0, 0.0, 0.0, 0.0, 0.0, 0.0], [0.0, 0.0, 0.0, 0.0, 0.0, 0.0, 0.0, 0.0, 0.9844592375445886, 0.0, 0.0, 0.0, 0.0, 0.0, 0.0, 0.0, 0.0, 0.0, 0.0, 0.0, 0.0, 0.0, 0.0, 0.0, 0.0, 0.0], [0.0, 0.0, 0.0, 0.0, 0.0, 0.0, 0.0, 0.0, 0.0, 0.9753265298558758, 0.0, 0.0, 0.0, 0.0, 0.0, 0.0, 0.0, 0.0, 0.0, 0.0, 0.0, 0.0, 0.0, 0.0, 0.0, 0.0], [0.0, 0.0, 0.0, 0.0, 0.0, 0.0, 0.0, 0.0, 0.0, 0.9755777214106846, 0.0, 0.0, 0.0, 0.0, 0.0, 0.0, 0.0, 0.0, 0.0, 0.0, 0.0, 0.0, 0.0, 0.0, 0.0, 0.0]], "Born radii": [], "Atomic SASAs": [], "Solvent H bonds": [], "Total SASA": NaN, "Total FOD": 0.0, "FOD": [0.0, 0.0, 0.0, 0.0, 0.0, 0.0, 0.0, 0.0, 0.0, 0.0, 0.0, 0.0, 0.0, 0.0, 0.0, 0.0, 0.0, 0.0, 0.0, 0.0, 0.0, 0.0, 0.0, 0.0, 0.0, 0.0], "FOD s proportion": [0.0, 0.0, 0.0, 0.0, 0.0, 0.0, 0.0, 0.0, 0.0, 0.0, 0.0, 0.0, 0.0, 0.0, 0.0, 0.0, 0.0, 0.0, 0.0, 0.0, 0.0, 0.0, 0.0, 0.0, 0.0, 0.0], "FOD p proportion": [0.0, 0.0, 0.0, 0.0, 0.0, 0.0, 0.0, 0.0, 0.0, 0.0, 0.0, 0.0, 0.0, 0.0, 0.0, 0.0, 0.0, 0.0, 0.0, 0.0, 0.0, 0.0, 0.0, 0.0, 0.0, 0.0], "FOD d proportion": [0.0, 0.0, 0.0, 0.0, 0.0, 0.0, 0.0, 0.0, 0.0, 0.0, 0.0, 0.0, 0.0, 0.0, 0.0, 0.0, 0.0, 0.0, 0.0, 0.0, 0.0, 0.0, 0.0, 0.0, 0.0, 0.0], "coordinates": [["3.65590", "0.27860", "-0.22550"], ["2.16210", "0.17340", "-0.12140"], ["1.41270", "1.14590", "0.42630"], ["-0.08800", "1.09760", "0.50940"], ["-0.72600", "-0.00840", "-0.36060"], ["0.09660", "-1.30310", "-0.22270"], ["1.54740", "-1.09070", "-0.66760"], ["-2.21960", "-0.14770", "-0.06180"], ["-3.08830", "0.97710", "-0.56790"], ["-2.77780", "-1.18890", "0.58000"], ["4.13400", "-0.53210", "0.33380"], ["3.96810", "0.21110", "-1.27260"], ["4.03090", "1.22660", "0.17430"], ["1.88630", "2.03700", "0.83230"], ["-0.36720", "0.96600", "1.56260"], ["-0.47650", "2.07460", "0.19700"], ["-0.64470", "0.29700", "-1.41480"], ["0.09540", "-1.64210", "0.82200"], ["-0.34410", "-2.10830", "-0.82320"], ["2.13580", "-1.95910", "-0.34800"], ["1.59310", "-1.05580", "-1.76310"], ["-2.83820", "1.91570", "-0.06410"], ["-2.94870", "1.11000", "-1.64560"], ["-4.15310", "0.78560", "-0.39630"], ["-2.19690", "-2.02260", "0.95900"], ["-3.84900", "-1.23720", "0.75500"]], "bond_dist": [[0.0, 1.5011136832365493, 2.491786260897993, 3.902259117485665, 4.393366433613295, 3.8949196679777622, 2.552686261568389, 5.8932189531698205, 6.788915498811279, 6.647923148623185, 1.0948198892968652, 1.0947344426846175, 1.0950657697143127, 2.709685509427247, 4.4559122500336565, 4.525577533309975, 4.46205484166208, 4.178935868136767, 4.69622581441736, 2.7079533877081414, 2.898272064523964, 6.69921496744208, 6.806515344139025, 7.827304941038135, 6.39951791387445, 7.718973629958843], [1.5011136832365493, 0.0, 1.3443704474585865, 2.512967228198569, 2.9036855012208194, 2.5409848858267536, 1.5080249798992058, 4.393853918827981, 5.330290432987681, 5.1720822943955564, 2.1432048198900637, 2.142036117809408, 2.1654288651442695, 2.1115431063561076, 3.1402912683380184, 3.267743863891416, 3.092941441411395, 2.908142482754241, 3.4611727160024826, 2.144666757330845, 2.1283497198533894, 5.2954596278321295, 5.414857508743882, 6.350756639173006, 4.999056026891477, 6.236280344083323], [2.491786260897993, 1.3443704474585865, 0.0, 1.5037749133430842, 2.554536707506862, 2.8549818230594743, 2.493419511434047, 3.8865467783110494, 4.612583666449855, 4.799500492759638, 3.1983923993156314, 3.20783126270694, 2.6315371420521503, 1.0877463720923182, 2.1193361484200657, 2.117578527469525, 2.888455500782382, 3.108826431308123, 3.903513049805265, 3.2807680655602582, 3.110224977393114, 4.34778506943478, 4.828650782568563, 5.637784714761641, 4.832429378687287, 5.785559280657317], [3.902259117485665, 2.512967228198569, 1.5037749133430842, 0.0, 1.5450501609980174, 2.5166263250629797, 2.9746460377665107, 2.5339218792220093, 3.190124704459059, 3.531018358774137, 4.529022129555122, 4.518113927293113, 4.134521764364048, 2.2101124993990693, 1.0974978086538487, 1.0968386435570185, 2.157178919329595, 2.763568419634296, 3.481264824744018, 3.8760593506807917, 3.5535172744760932, 2.926053639289615, 3.5815894865268967, 4.176442804588613, 3.792788869684154, 4.433591253149077], [4.393366433613295, 2.9036855012208194, 2.554536707506862, 1.5450501609980174, 0.0, 1.5401088468027186, 2.5365271238447265, 1.5295512054194196, 2.5680040556821555, 2.5471929353702283, 4.937211059900114, 4.786909134295324, 4.943626262168288, 3.525731535440553, 2.1856099926565125, 2.1707272997776577, 1.1005528110908627, 2.1776630616328134, 2.1839016415580623, 3.4634215004818576, 2.905559811809077, 2.8725357961216083, 2.800435475064548, 3.518056977935406, 2.821682584912768, 3.5366144545313394], [3.8949196679777622, 2.5409848858267536, 2.8549818230594743, 2.5166263250629797, 1.5401088468027186, 0.0, 1.5322762185715733, 2.59338011290285, 3.9321829929442496, 2.9865606121423354, 4.147858725897015, 4.287610511695297, 4.69422065736156, 3.933486888245593, 2.9242471407184447, 3.451586445390004, 2.1286023841948496, 1.098326240240121, 1.096888225846189, 2.1457802147470746, 2.1618283234336624, 4.358770289886817, 4.13781924568969, 4.738433785545599, 2.678476692077047, 4.065464236713933], [2.552686261568389, 1.5080249798992058, 2.493419511434047, 2.9746460377665107, 2.5365271238447265, 1.5322762185715733, 0.0, 3.9302075823040186, 5.076952966100829, 4.502610802634401, 2.829370156059472, 2.8143377071701967, 3.4994924131936616, 3.485263334383788, 3.587408547963279, 3.8552339047066915, 2.6998743563358647, 2.1520348788995034, 2.1534840073703823, 1.0965752504958335, 1.0970080902162935, 5.351274667777762, 5.100439167365885, 6.007479141037445, 4.187367628952585, 5.582686268276231], [5.8932189531698205, 4.393853918827981, 3.8865467783110494, 2.5339218792220093, 1.5295512054194196, 2.59338011290285, 3.9302075823040186, 0.0, 1.5086258449330636, 1.3444671509560955, 6.377499171305316, 6.3152518057477325, 6.404154428962499, 4.736110609983681, 2.7037730692497104, 2.836193283258389, 2.1233645706755113, 2.8937102135493804, 2.8180103921029103, 4.725736933008438, 4.2726746412522445, 2.1541334243727803, 2.149841515088961, 2.172869390920679, 2.1348999836057896, 2.1234681184326742], [6.788915498811279, 5.330290432987681, 4.612583666449855, 3.190124704459059, 2.5680040556821555, 3.9321829929442496, 5.076952966100829, 1.5086258449330636, 0.0, 2.470959461423841, 7.43319344696477, 7.132751155760308, 7.162130948956461, 5.275470899360549, 3.4559425154362735, 2.934463749989084, 2.6741272557602787, 4.350629418831257, 4.1370889390971515, 5.996736384067587, 5.241821382878284, 1.0942277687940476, 1.0948003744975612, 1.0954076181951635, 3.481984730006724, 2.68921055144442], [6.647923148623185, 5.1720822943955564, 4.799500492759638, 3.531018358774137, 2.5471929353702283, 2.9865606121423354, 4.502610802634401, 1.3444671509560955, 2.470959461423841, 0.0, 6.947300189282165, 7.134374083968405, 7.235857131674174, 5.676611217090704, 3.3793622371684275, 4.011620986583853, 3.276773025401668, 2.918772426894567, 2.955869125993233, 5.059432478055222, 4.961108750067871, 3.1712858795762955, 3.204285158970718, 2.5967791646576344, 1.0845005763022906, 1.0864747258910352], [1.0948198892968652, 2.1432048198900637, 3.1983923993156314, 4.529022129555122, 4.937211059900114, 4.147858725897015, 2.829370156059472, 6.377499171305316, 7.43319344696477, 6.947300189282165, 0.0, 1.7777485789616032, 1.7689249701442964, 3.4497727968664833, 4.900515737144408, 5.298142068687853, 5.155674782218134, 4.216720194653661, 4.886351916307298, 2.5483295469777847, 3.335779385690847, 7.400109599864046, 7.535194493840223, 8.422909575081524, 6.533969704551743, 8.025139528382047], [1.0947344426846175, 2.142036117809408, 3.20783126270694, 4.518113927293113, 4.786909134295324, 4.287610511695297, 2.8143377071701967, 6.3152518057477325, 7.132751155760308, 7.134374083968405, 1.7777485789616032, 0.0, 1.7688142073151716, 3.4782763058733557, 5.234793132493394, 5.038534069548404, 4.615790667913786, 4.776976521817958, 4.9169752450058155, 2.9869677751860664, 2.736101397974863, 7.119821142416431, 6.984931814269914, 8.188518875840733, 6.926519995639946, 8.204619860785751], [1.0950657697143127, 2.1654288651442695, 2.6315371420521503, 4.134521764364048, 4.943626262168288, 4.69422065736156, 3.4994924131936616, 6.404154428962499, 7.162130948956461, 7.235857131674174, 1.7689249701442964, 1.7688142073151716, 0.0, 2.3851669375538473, 4.619369314094729, 4.586531810638622, 5.0250005303482315, 4.912953819241536, 5.59081293373334, 3.743378926852049, 3.8607949129680534, 6.9076934051823695, 7.213906551238378, 8.215711859601699, 7.068136074666362, 8.276493638008791], [2.709685509427247, 2.1115431063561076, 1.0877463720923182, 2.2101124993990693, 3.525731535440553, 3.933486888245593, 3.485263334383788, 4.736110609983681, 5.275470899360549, 5.676611217090704, 3.4497727968664833, 3.4782763058733557, 2.3851669375538473, 0.0, 2.5997387061010575, 2.447007088261086, 3.805656239073624, 4.091846247111443, 4.989877403303612, 4.174227299752614, 4.048145160440766, 4.810316715144649, 5.511491849762639, 6.288864148636064, 5.7592471113853065, 6.604545935944423], [4.4559122500336565, 3.1402912683380184, 2.1193361484200657, 1.0974978086538487, 2.1856099926565125, 2.9242471407184447, 3.587408547963279, 2.7037730692497104, 3.4559425154362735, 3.3793622371684275, 4.900515737144408, 5.234793132493394, 4.619369314094729, 2.5997387061010575, 0.0, 1.7623290867485562, 3.0642255155259055, 2.750395013448068, 3.891515866600058, 4.297861255322233, 4.3578356807020615, 3.107076436137354, 4.120367154756964, 4.266482412948634, 3.555821284879205, 4.198718761717674], [4.525577533309975, 3.267743863891416, 2.117578527469525, 1.0968386435570185, 2.1707272997776577, 3.451586445390004, 3.8552339047066915, 2.836193283258389, 2.934463749989084, 4.011620986583853, 5.298142068687853, 5.038534069548404, 4.586531810638622, 2.447007088261086, 1.7623290867485562, 0.0, 2.405421426694292, 3.8120274789146, 4.307550372311391, 4.836514445341812, 4.233750149689988, 2.3813965041546523, 3.2306966369499936, 3.940927993506098, 4.508599339040896, 4.759531435971403], [4.46205484166208, 3.092941441411395, 2.888455500782382, 2.157178919329595, 1.1005528110908627, 2.1286023841948496, 2.6998743563358647, 2.1233645706755113, 2.6741272557602787, 3.276773025401668, 5.155674782218134, 4.615790667913786, 5.0250005303482315, 3.805656239073624, 3.0642255155259055, 2.405421426694292, 0.0, 3.051414599820877, 2.4951591151668064, 3.7362052539976975, 2.6380162186764506, 3.0423711854407247, 2.454109541157444, 3.685775735174347, 3.6639862772668788, 4.162852407904945], [4.178935868136767, 2.908142482754241, 3.108826431308123, 2.763568419634296, 2.1776630616328134, 1.098326240240121, 2.1520348788995034, 2.8937102135493804, 4.350629418831257, 2.918772426894567, 4.216720194653661, 4.776976521817958, 4.912953819241536, 4.091846247111443, 2.750395013448068, 3.8120274789146, 3.051414599820877, 0.0, 1.7655553602195544, 2.3733143828831444, 3.044600957432681, 4.6956493704279065, 4.788491305202506, 5.042592034856677, 2.3277002685053763, 3.965693428645235], [4.69622581441736, 3.4611727160024826, 3.903513049805265, 3.481264824744018, 2.1839016415580623, 1.096888225846189, 2.1534840073703823, 2.8180103921029103, 4.1370889390971515, 2.955869125993233, 4.886351916307298, 4.9169752450058155, 5.59081293373334, 4.989877403303612, 3.891515866600058, 4.307550372311391, 2.4951591151668064, 1.7655553602195544, 0.0, 2.5294227977939947, 2.3966460105739436, 4.794720390179181, 4.2211062305987985, 4.80264321181576, 2.572245938863545, 3.9413011125769115], [2.7079533877081414, 2.144666757330845, 3.2807680655602582, 3.8760593506807917, 3.4634215004818576, 2.1457802147470746, 1.0965752504958335, 4.725736933008438, 5.996736384067587, 5.059432478055222, 2.5483295469777847, 2.9869677751860664, 3.743378926852049, 4.174227299752614, 4.297861255322233, 4.836514445341812, 3.7362052539976975, 2.3733143828831444, 2.5294227977939947, 0.0, 1.7643645286618068, 6.311525192059365, 6.079085524978243, 6.861922047793898, 4.525988349521019, 6.128260736130603], [2.898272064523964, 2.1283497198533894, 3.110224977393114, 3.5535172744760932, 2.905559811809077, 2.1618283234336624, 1.0970080902162935, 4.2726746412522445, 5.241821382878284, 4.961108750067871, 3.335779385690847, 2.736101397974863, 3.8607949129680534, 4.048145160440766, 4.3578356807020615, 4.233750149689988, 2.6380162186764506, 3.044600957432681, 2.3966460105739436, 1.7643645286618068, 0.0, 5.5993600473625555, 5.033134523336328, 6.1868983052899775, 4.7653573475658675, 5.99918210925456], [6.69921496744208, 5.2954596278321295, 4.34778506943478, 2.926053639289615, 2.8725357961216083, 4.358770289886817, 5.351274667777762, 2.1541334243727803, 1.0942277687940476, 3.1712858795762955, 7.400109599864046, 7.119821142416431, 6.9076934051823695, 4.810316715144649, 3.107076436137354, 2.3813965041546523, 3.0423711854407247, 4.6956493704279065, 4.794720390179181, 6.311525192059365, 5.5993600473625555, 0.0, 1.7783433273696054, 1.765345535582199, 4.119248255446617, 3.410779948926638], [6.806515344139025, 5.414857508743882, 4.828650782568563, 3.5815894865268967, 2.800435475064548, 4.13781924568969, 5.100439167365885, 2.149841515088961, 1.0948003744975612, 3.204285158970718, 7.535194493840223, 6.984931814269914, 7.213906551238378, 5.511491849762639, 4.120367154756964, 3.2306966369499936, 2.454109541157444, 4.788491305202506, 4.2211062305987985, 6.079085524978243, 5.033134523336328, 1.7783433273696054, 0.0, 1.765379622064331, 4.142743916777865, 3.4760276595562356], [7.827304941038135, 6.350756639173006, 5.637784714761641, 4.176442804588613, 3.518056977935406, 4.738433785545599, 6.007479141037445, 2.172869390920679, 1.0954076181951635, 2.5967791646576344, 8.422909575081524, 8.188518875840733, 8.215711859601699, 6.288864148636064, 4.266482412948634, 3.940927993506098, 3.685775735174347, 5.042592034856677, 4.80264321181576, 6.861922047793898, 6.1868983052899775, 1.765345535582199, 1.765379622064331, 0.0, 3.68097049295427, 2.3472725321104067], [6.39951791387445, 4.999056026891477, 4.832429378687287, 3.792788869684154, 2.821682584912768, 2.678476692077047, 4.187367628952585, 2.1348999836057896, 3.481984730006724, 1.0845005763022906, 6.533969704551743, 6.926519995639946, 7.068136074666362, 5.7592471113853065, 3.555821284879205, 4.508599339040896, 3.6639862772668788, 2.3277002685053763, 2.572245938863545, 4.525988349521019, 4.7653573475658675, 4.119248255446617, 4.142743916777865, 3.68097049295427, 0.0, 1.8406258636670303], [7.718973629958843, 6.236280344083323, 5.785559280657317, 4.433591253149077, 3.5366144545313394, 4.065464236713933, 5.582686268276231, 2.1234681184326742, 2.68921055144442, 1.0864747258910352, 8.025139528382047, 8.204619860785751, 8.276493638008791, 6.604545935944423, 4.198718761717674, 4.759531435971403, 4.162852407904945, 3.965693428645235, 3.9413011125769115, 6.128260736130603, 5.99918210925456, 3.410779948926638, 3.4760276595562356, 2.3472725321104067, 1.8406258636670303, 0.0]]}