{"total energy": -54.42650543, "HOMO-LUMO gap/eV": 1.28677709, "electronic energy": -54.9382417, "dipole": [-1.77319118, 2.47810067, 0.53786616], "partial charges": [0.04065451, -0.28264097, 0.51843683, -0.38598611, -0.26638562, 0.03794874, -0.23609026, 0.15940203, -0.05059978, -0.01930431, -0.00049806, 0.53124573, -0.37515351, -0.37311894, 0.03847521, -0.11595569, -0.05498994, 0.05761335, 0.06814783, 0.0717141, 0.058556, 0.07355206, 0.06245915, 0.07628052, 0.08377402, 0.08500005, 0.05779981, 0.06791545, 0.07174777], "atomic dipole moments": [[0.25094298, 0.11904495, -0.10733688], [-0.14464798, -0.08178171, -0.1051611], [0.01298527, 0.27036739, 0.15653626], [-0.01906821, 0.43004533, 0.127266], [0.10945734, 0.10116856, 0.13632013], [0.0132367, -0.28849818, -0.07570271], [0.01416984, -0.119923, 0.07879626], [-0.2986605, 0.04723909, -0.12597635], [-0.00064833, 0.03673186, -0.03584864], [0.00462295, 0.03091427, -0.02008694], [0.14841964, -0.02534739, 0.06710009], [0.07255715, -0.01919357, 0.03760113], [-0.12250683, -0.19934477, -0.10109921], [-0.07234625, 0.2412781, 0.00359785], [0.04438216, 0.00680952, -0.00956523], [-0.07990352, -0.06414264, 0.03473353], [-0.03317675, -0.04361569, 0.02672636], [-0.08560991, 0.04175842, -0.08183159], [0.01760196, -0.12486874, -0.00046981], [-0.02839072, 0.03833549, 0.1162358], [0.00377308, -0.00355109, 0.12393859], [-0.10457067, 0.05889339, -0.03892984], [0.10182546, 0.04981795, -0.05431552], [-0.11087007, -0.10091132, 0.05018579], [0.01292538, -0.12359205, 0.10000801], [0.02689422, 0.09361609, 0.09681539], [-0.02530855, 0.0659573, -0.10858346], [0.10950579, -0.0690905, -0.03791426], [-0.02388669, 0.11868199, -0.0991536]], "atomic quadrupole moments": [[0.34625384, 0.29850615, -0.17143965, -0.25092862, -0.10560858, -0.17481419], [0.04544592, 0.07773741, -0.07627566, -0.05259578, -0.0122169, 0.03082974], [0.67087275, 0.10734908, -0.60468161, -0.14112193, -0.57797192, -0.06619114], [-0.34774967, -0.01664284, 0.50046413, 0.00927346, 0.41712752, -0.15271446], [-0.05993089, -0.03108596, 0.11145374, 0.05247822, 0.03325142, -0.05152285], [-0.28425431, -0.02767872, 0.51079272, 0.01029186, 0.2264042, -0.22653841], [0.0849838, 0.02846715, -0.02248131, 0.03445045, -0.01417749, -0.06250249], [0.11405949, -0.21531414, -0.19425936, 0.11772672, 0.33898449, 0.08019988], [-0.19876793, -0.11322616, 0.01408755, -0.0991429, 0.34505096, 0.18468038], [-0.2128322, -0.10070235, 0.02649212, -0.12621213, 0.41342237, 0.18634008], [0.03680297, -0.17269413, -0.08881334, 0.07496131, 0.31288247, 0.05201037], [-0.10112935, 0.06465798, -0.05261452, -0.19881648, -0.04514033, 0.15374387], [-0.0762792, 0.13425042, -0.02561381, -0.09149138, 0.04278611, 0.101893], [-0.11329212, -0.05352364, 0.05852186, -0.15105999, -0.04111812, 0.05477026], [-0.18973892, -0.01040311, 0.05752969, -0.17067137, 0.35848164, 0.13220923], [0.10500835, 0.13803107, -0.00658172, -0.03571861, -0.0740722, -0.09842663], [-0.16623142, -0.04812138, 0.00594073, -0.13195969, 0.33785491, 0.16029069], [0.03575929, -0.00302745, -0.03923622, 0.02548533, -0.03567558, 0.00347693], [-0.00886589, -0.00200742, 0.05901993, -0.02206574, -0.00262464, -0.05015405], [-0.02932023, 0.01141378, -0.0275769, -0.01805938, 0.04314301, 0.05689713], [-0.06070373, -0.00629171, 0.00408498, 0.00501505, 0.00526837, 0.05661875], [0.04375923, -0.0332946, -0.00863111, 0.04356243, -0.00516589, -0.03512812], [0.01955395, 0.0251536, 0.01746971, -0.04277201, -0.00187944, -0.03702366], [0.04209911, 0.0035676, -0.01672646, 0.02406907, -0.03079668, -0.02537265], [0.03475454, 0.00858278, -0.01341739, 0.02219093, -0.03457319, -0.02133715], [-0.03774719, 0.01546535, 0.00100493, 0.01538795, 0.04698427, 0.03674226], [-0.01051403, -0.01202681, -0.01908549, 0.03816566, -0.05463223, 0.02959952], [0.03366328, -0.05510471, 0.0108517, -0.01489606, -0.00635812, -0.04451498], [0.02663721, 0.00980031, -0.00526767, 0.01428418, -0.03987716, -0.02136954]], "number of molecular orbitals": 90, "number of electrons": 94, "number of unpaired electrons": 0, "orbital energies/eV": [-21.13457893, -20.96495799, -20.70208037, -20.45317847, -20.36289638, -19.50310224, -19.31759148, -18.91923948, -18.71405571, -18.35319127, -18.25597186, -18.17445975, -17.67771526, -17.32772228, -17.25790991, -17.06980942, -16.88651271, -16.66130671, -16.5010139, -16.29114083, -16.13211645, -15.9732587, -15.88707602, -15.84367192, -15.56118423, -15.50730482, -15.35055061, -14.62169231, -14.43169971, -14.37218837, -14.00512667, -13.93637787, -13.88168771, -13.6051033, -13.48902859, -13.2952557, -13.16374089, -12.89540565, -12.87536709, -12.74648824, -12.72006966, -12.52649116, -12.05623748, -12.01048691, -11.8671286, -10.28907255, -10.22599026, -8.93921317, -7.42619911, -7.11288062, -5.04168348, -4.38277053, -4.10396223, -3.72166349, -1.72056374, -1.31720799, 0.04904824, 0.51927981, 0.637479, 1.1156664, 1.44588885, 1.63313804, 2.55683727, 2.70099388, 2.9336559, 3.02172974, 3.0913805, 3.53375581, 3.63191397, 4.03556452, 4.30695944, 4.47237501, 4.63922451, 4.69338768, 4.8710512, 5.2299705, 5.47874485, 5.98053657, 8.34979295, 8.48740927, 9.33718687, 10.00512963, 10.78929997, 10.93317338, 11.28220516, 15.06104961, 15.83594946, 27.23689734, 29.10711246, 35.1831933], "fractional occupation": [2.0, 2.0, 2.0, 2.0, 2.0, 2.0, 2.0, 2.0, 2.0, 2.0, 2.0, 2.0, 2.0, 2.0, 2.0, 2.0, 2.0, 2.0, 2.0, 2.0, 2.0, 2.0, 2.0, 2.0, 2.0, 2.0, 2.0, 2.0, 2.0, 2.0, 2.0, 2.0, 2.0, 2.0, 2.0, 2.0, 2.0, 2.0, 2.0, 2.0, 2.0, 2.0, 2.0, 2.0, 2.0, 2.0, 2.0, 0.0, 0.0, 0.0, 0.0, 0.0, 0.0, 0.0, 0.0, 0.0, 0.0, 0.0, 0.0, 0.0, 0.0, 0.0, 0.0, 0.0, 0.0, 0.0, 0.0, 0.0, 0.0, 0.0, 0.0, 0.0, 0.0, 0.0, 0.0, 0.0, 0.0, 0.0, 0.0, 0.0, 0.0, 0.0, 0.0, 0.0, 0.0, 0.0, 0.0, 0.0, 0.0, 0.0], "program call": "xtb /home/svss/Project-DBcg-Debug/aqme2_20220329/End-to-End-workflows-final/example-3/QDESCP/mol_275_rdkit_conf_13/mol_275_rdkit_conf_13.xyz --pop --wbo --acc 0.2 --gfn 2 --chrg 0 --uhf 0 --etemp 300 --input /home/svss/Project-DBcg-Debug/aqme2_20220329/End-to-End-workflows-final/example-3/QDESCP/mol_275_rdkit_conf_13/mol_275_rdkit_conf_13_xtb.inp", "method": "GFN2-xTB", "xtb version": "6.3.3 (7355c4f)", "Dipole module/D": 7.865, "Total charge": 0, "Transition dipole module/D": NaN, "HOMO": -10.226, "LUMO": -8.9392, "HOMO occupancy": 2.0, "LUMO occupancy": 0, "mulliken charges": [0.17766, -0.37391, 0.44341, -0.17103, -0.35577, 0.17986, -0.32586, 0.27622, -0.06334, -0.00818, 0.01782, 0.67827, -0.46843, -0.46556, 0.03386, -0.08325, -0.07253, 0.0398, 0.034, 0.03666, 0.0371, 0.03429, 0.03858, 0.06776, 0.06807, 0.06502, 0.04071, 0.05802, 0.06073], "cm5 charges": [0.06226, -0.44295, 0.40399, -0.13964, -0.42097, 0.06496, -0.37182, 0.29851, -0.11165, -0.054, 0.07335, 0.51447, -0.43083, -0.42614, 0.02496, -0.22394, -0.11954, 0.10357, 0.0948, 0.09616, 0.10204, 0.09386, 0.10164, 0.13125, 0.129, 0.11972, 0.09275, 0.11387, 0.12029], "FUKUI+": [0.009, 0.007, -0.032, -0.044, -0.013, 0.009, -0.019, -0.059, -0.019, -0.026, -0.017, -0.119, -0.161, -0.162, -0.034, 0.025, -0.019, -0.013, -0.007, -0.015, -0.006, -0.02, -0.002, -0.058, -0.047, -0.033, -0.044, -0.023, -0.059], "FUKUI-": [0.023, -0.0, -0.147, -0.392, -0.0, 0.019, 0.0, 0.0, -0.005, -0.009, -0.02, -0.018, -0.063, -0.061, -0.019, 0.013, -0.011, -0.017, -0.011, -0.037, -0.017, -0.037, -0.019, -0.012, -0.029, -0.041, -0.03, -0.03, -0.03], "FUKUIrad": [0.016, 0.003, -0.089, -0.218, -0.006, 0.014, -0.01, -0.029, -0.012, -0.018, -0.018, -0.068, -0.112, -0.111, -0.026, 0.019, -0.015, -0.015, -0.009, -0.026, -0.011, -0.029, -0.011, -0.035, -0.038, -0.037, -0.037, -0.026, -0.044], "s proportion": [0.973, 1.647, 1.431, 1.889, 1.646, 0.973, 1.638, 1.021, 1.063, 1.068, 1.068, 1.331, 1.747, 1.748, 1.092, 1.009, 1.066, 0.96, 0.966, 0.963, 0.963, 0.966, 0.961, 0.932, 0.932, 0.935, 0.959, 0.942, 0.939], "p proportion": [2.849, 4.727, 1.931, 4.296, 4.71, 2.848, 4.688, 2.702, 3.0, 2.94, 2.914, 2.99, 4.721, 4.718, 2.874, 3.074, 3.006, 0.0, 0.0, 0.0, 0.0, 0.0, 0.0, 0.0, 0.0, 0.0, 0.0, 0.0, 0.0], "d proportion": [0.0, 0.0, 1.194, -0.014, 0.0, 0.0, 0.0, 0.0, 0.0, 0.0, 0.0, 0.0, 0.0, 0.0, 0.0, 0.0, 0.0, 0.0, 0.0, 0.0, 0.0, 0.0, 0.0, 0.0, 0.0, 0.0, 0.0, 0.0, 0.0], "Fermi-level/eV": -9.5815, "Coordination numbers": [3.875, 1.657, 4.023, 0.924, 1.657, 3.861, 1.663, 3.018, 2.913, 2.91, 2.902, 2.756, 0.926, 0.926, 2.955, 3.753, 2.919, 0.924, 0.924, 0.924, 0.924, 0.924, 0.924, 0.925, 0.925, 0.924, 0.924, 0.924, 0.925], "Dispersion coefficient C6": [19.847, 18.709, 139.213, 155.965, 18.432, 19.898, 17.927, 24.536, 29.256, 28.49, 28.04, 13.683, 21.158, 21.119, 27.137, 22.778, 29.366, 2.227, 2.106, 2.067, 2.216, 2.047, 2.17, 2.018, 1.941, 1.928, 2.225, 2.109, 2.066], "Total dispersion C6": 12585.85163, "Total dispersion C8": 351454.842635, "Polarizability alpha": [6.334, 5.839, 21.195, 21.123, 5.796, 6.344, 5.716, 8.125, 8.869, 8.752, 8.683, 5.494, 6.169, 6.163, 8.544, 6.806, 8.886, 2.334, 2.269, 2.248, 2.328, 2.237, 2.304, 2.221, 2.178, 2.172, 2.333, 2.271, 2.248], "Total polarizability alpha": 175.981982, "Wiberg matrix": [[0.0, 0.9410840212438747, 0.0, 0.0, 0.0, 0.0, 0.0, 0.0, 0.0, 0.0, 0.0, 0.0, 0.0, 0.0, 0.0, 0.0, 0.0, 0.9778545452482572, 0.9790511756475959, 0.9768744139064677, 0.0, 0.0, 0.0, 0.0, 0.0, 0.0, 0.0, 0.0, 0.0], [0.9410840212438747, 0.0, 1.187611916609133, 0.0, 0.0, 0.0, 0.0, 0.0, 0.0, 0.0, 0.0, 0.0, 0.0, 0.0, 0.0, 0.0, 0.0, 0.0, 0.0, 0.0, 0.0, 0.0, 0.0, 0.0, 0.0, 0.0, 0.0, 0.0, 0.0], [0.0, 1.187611916609133, 0.0, 1.6040638353296974, 1.2251529664421792, 0.0, 1.1928091363581497, 0.0, 0.0, 0.0, 0.0, 0.0, 0.0, 0.0, 0.0, 0.0, 0.0, 0.0, 0.0, 0.0, 0.0, 0.0, 0.0, 0.0, 0.0, 0.0, 0.0, 0.0, 0.0], [0.0, 0.0, 1.6040638353296974, 0.0, 0.0, 0.0, 0.0, 0.0, 0.0, 0.0, 0.0, 0.0, 0.0, 0.0, 0.0, 0.0, 0.0, 0.0, 0.0, 0.0, 0.0, 0.0, 0.0, 0.0, 0.0, 0.0, 0.0, 0.0, 0.0], [0.0, 0.0, 1.2251529664421792, 0.0, 0.0, 0.9367984505349803, 0.0, 0.0, 0.0, 0.0, 0.0, 0.0, 0.0, 0.0, 0.0, 0.0, 0.0, 0.0, 0.0, 0.0, 0.0, 0.0, 0.0, 0.0, 0.0, 0.0, 0.0, 0.0, 0.0], [0.0, 0.0, 0.0, 0.0, 0.9367984505349803, 0.0, 0.0, 0.0, 0.0, 0.0, 0.0, 0.0, 0.0, 0.0, 0.0, 0.0, 0.0, 0.0, 0.0, 0.0, 0.9767983813167688, 0.9765088652726389, 0.9800628896374144, 0.0, 0.0, 0.0, 0.0, 0.0, 0.0], [0.0, 0.0, 1.1928091363581497, 0.0, 0.0, 0.0, 0.0, 0.9929012287822868, 0.0, 0.0, 0.0, 0.0, 0.0, 0.0, 0.0, 0.0, 0.0, 0.0, 0.0, 0.0, 0.0, 0.0, 0.0, 0.0, 0.0, 0.0, 0.0, 0.0, 0.0], [0.0, 0.0, 0.0, 0.0, 0.0, 0.0, 0.9929012287822868, 0.0, 1.3777221793036518, 0.0, 0.0, 0.0, 0.0, 0.0, 0.0, 0.0, 1.3725989570075423, 0.0, 0.0, 0.0, 0.0, 0.0, 0.0, 0.0, 0.0, 0.0, 0.0, 0.0, 0.0], [0.0, 0.0, 0.0, 0.0, 0.0, 0.0, 0.0, 1.3777221793036518, 0.0, 1.4471924626358053, 0.0, 0.0, 0.0, 0.0, 0.0, 0.0, 0.0, 0.0, 0.0, 0.0, 0.0, 0.0, 0.0, 0.9525885690560092, 0.0, 0.0, 0.0, 0.0, 0.0], [0.0, 0.0, 0.0, 0.0, 0.0, 0.0, 0.0, 0.0, 1.4471924626358053, 0.0, 1.3882765102073547, 0.0, 0.0, 0.0, 0.0, 0.0, 0.1063331939215173, 0.0, 0.0, 0.0, 0.0, 0.0, 0.0, 0.0, 0.9629879088414346, 0.0, 0.0, 0.0, 0.0], [0.0, 0.0, 0.0, 0.0, 0.0, 0.0, 0.0, 0.0, 0.0, 1.3882765102073547, 0.0, 0.9510785196950056, 0.0, 0.0, 1.3506519524501035, 0.0, 0.0, 0.0, 0.0, 0.0, 0.0, 0.0, 0.0, 0.0, 0.0, 0.0, 0.0, 0.0, 0.0], [0.0, 0.0, 0.0, 0.0, 0.0, 0.0, 0.0, 0.0, 0.0, 0.0, 0.9510785196950056, 0.0, 1.4521264047714733, 1.456233312088731, 0.0, 0.0, 0.0, 0.0, 0.0, 0.0, 0.0, 0.0, 0.0, 0.0, 0.0, 0.0, 0.0, 0.0, 0.0], [0.0, 0.0, 0.0, 0.0, 0.0, 0.0, 0.0, 0.0, 0.0, 0.0, 0.0, 1.4521264047714733, 0.0, 0.3777843749606715, 0.0, 0.0, 0.0, 0.0, 0.0, 0.0, 0.0, 0.0, 0.0, 0.0, 0.0, 0.0, 0.0, 0.0, 0.0], [0.0, 0.0, 0.0, 0.0, 0.0, 0.0, 0.0, 0.0, 0.0, 0.0, 0.0, 1.456233312088731, 0.3777843749606715, 0.0, 0.0, 0.0, 0.0, 0.0, 0.0, 0.0, 0.0, 0.0, 0.0, 0.0, 0.0, 0.0, 0.0, 0.0, 0.0], [0.0, 0.0, 0.0, 0.0, 0.0, 0.0, 0.0, 0.0, 0.0, 0.0, 1.3506519524501035, 0.0, 0.0, 0.0, 0.0, 1.0340748763878747, 1.4169140730480898, 0.0, 0.0, 0.0, 0.0, 0.0, 0.0, 0.0, 0.0, 0.0, 0.0, 0.0, 0.0], [0.0, 0.0, 0.0, 0.0, 0.0, 0.0, 0.0, 0.0, 0.0, 0.0, 0.0, 0.0, 0.0, 0.0, 1.0340748763878747, 0.0, 0.0, 0.0, 0.0, 0.0, 0.0, 0.0, 0.0, 0.0, 0.0, 0.9569518596749962, 0.98130729548044, 0.9711196316908376, 0.0], [0.0, 0.0, 0.0, 0.0, 0.0, 0.0, 0.0, 1.3725989570075423, 0.0, 0.1063331939215173, 0.0, 0.0, 0.0, 0.0, 1.4169140730480898, 0.0, 0.0, 0.0, 0.0, 0.0, 0.0, 0.0, 0.0, 0.0, 0.0, 0.0, 0.0, 0.0, 0.9627166619357073], [0.9778545452482572, 0.0, 0.0, 0.0, 0.0, 0.0, 0.0, 0.0, 0.0, 0.0, 0.0, 0.0, 0.0, 0.0, 0.0, 0.0, 0.0, 0.0, 0.0, 0.0, 0.0, 0.0, 0.0, 0.0, 0.0, 0.0, 0.0, 0.0, 0.0], [0.9790511756475959, 0.0, 0.0, 0.0, 0.0, 0.0, 0.0, 0.0, 0.0, 0.0, 0.0, 0.0, 0.0, 0.0, 0.0, 0.0, 0.0, 0.0, 0.0, 0.0, 0.0, 0.0, 0.0, 0.0, 0.0, 0.0, 0.0, 0.0, 0.0], [0.9768744139064677, 0.0, 0.0, 0.0, 0.0, 0.0, 0.0, 0.0, 0.0, 0.0, 0.0, 0.0, 0.0, 0.0, 0.0, 0.0, 0.0, 0.0, 0.0, 0.0, 0.0, 0.0, 0.0, 0.0, 0.0, 0.0, 0.0, 0.0, 0.0], [0.0, 0.0, 0.0, 0.0, 0.0, 0.9767983813167688, 0.0, 0.0, 0.0, 0.0, 0.0, 0.0, 0.0, 0.0, 0.0, 0.0, 0.0, 0.0, 0.0, 0.0, 0.0, 0.0, 0.0, 0.0, 0.0, 0.0, 0.0, 0.0, 0.0], [0.0, 0.0, 0.0, 0.0, 0.0, 0.9765088652726389, 0.0, 0.0, 0.0, 0.0, 0.0, 0.0, 0.0, 0.0, 0.0, 0.0, 0.0, 0.0, 0.0, 0.0, 0.0, 0.0, 0.0, 0.0, 0.0, 0.0, 0.0, 0.0, 0.0], [0.0, 0.0, 0.0, 0.0, 0.0, 0.9800628896374144, 0.0, 0.0, 0.0, 0.0, 0.0, 0.0, 0.0, 0.0, 0.0, 0.0, 0.0, 0.0, 0.0, 0.0, 0.0, 0.0, 0.0, 0.0, 0.0, 0.0, 0.0, 0.0, 0.0], [0.0, 0.0, 0.0, 0.0, 0.0, 0.0, 0.0, 0.0, 0.9525885690560092, 0.0, 0.0, 0.0, 0.0, 0.0, 0.0, 0.0, 0.0, 0.0, 0.0, 0.0, 0.0, 0.0, 0.0, 0.0, 0.0, 0.0, 0.0, 0.0, 0.0], [0.0, 0.0, 0.0, 0.0, 0.0, 0.0, 0.0, 0.0, 0.0, 0.9629879088414346, 0.0, 0.0, 0.0, 0.0, 0.0, 0.0, 0.0, 0.0, 0.0, 0.0, 0.0, 0.0, 0.0, 0.0, 0.0, 0.0, 0.0, 0.0, 0.0], [0.0, 0.0, 0.0, 0.0, 0.0, 0.0, 0.0, 0.0, 0.0, 0.0, 0.0, 0.0, 0.0, 0.0, 0.0, 0.9569518596749962, 0.0, 0.0, 0.0, 0.0, 0.0, 0.0, 0.0, 0.0, 0.0, 0.0, 0.0, 0.0, 0.0], [0.0, 0.0, 0.0, 0.0, 0.0, 0.0, 0.0, 0.0, 0.0, 0.0, 0.0, 0.0, 0.0, 0.0, 0.0, 0.98130729548044, 0.0, 0.0, 0.0, 0.0, 0.0, 0.0, 0.0, 0.0, 0.0, 0.0, 0.0, 0.0, 0.0], [0.0, 0.0, 0.0, 0.0, 0.0, 0.0, 0.0, 0.0, 0.0, 0.0, 0.0, 0.0, 0.0, 0.0, 0.0, 0.9711196316908376, 0.0, 0.0, 0.0, 0.0, 0.0, 0.0, 0.0, 0.0, 0.0, 0.0, 0.0, 0.0, 0.0], [0.0, 0.0, 0.0, 0.0, 0.0, 0.0, 0.0, 0.0, 0.0, 0.0, 0.0, 0.0, 0.0, 0.0, 0.0, 0.0, 0.9627166619357073, 0.0, 0.0, 0.0, 0.0, 0.0, 0.0, 0.0, 0.0, 0.0, 0.0, 0.0, 0.0]], "Born radii": [], "Atomic SASAs": [], "Solvent H bonds": [], "Total SASA": NaN, "Total FOD": 0.0, "FOD": [0.0, 0.0, 0.0, 0.0, 0.0, 0.0, 0.0, 0.0, 0.0, 0.0, 0.0, 0.0, 0.0, 0.0, 0.0, 0.0, 0.0, 0.0, 0.0, 0.0, 0.0, 0.0, 0.0, 0.0, 0.0, 0.0, 0.0, 0.0, 0.0], "FOD s proportion": [0.0, 0.0, 0.0, 0.0, 0.0, 0.0, 0.0, 0.0, 0.0, 0.0, 0.0, 0.0, 0.0, 0.0, 0.0, 0.0, 0.0, 0.0, 0.0, 0.0, 0.0, 0.0, 0.0, 0.0, 0.0, 0.0, 0.0, 0.0, 0.0], "FOD p proportion": [0.0, 0.0, 0.0, 0.0, 0.0, 0.0, 0.0, 0.0, 0.0, 0.0, 0.0, 0.0, 0.0, 0.0, 0.0, 0.0, 0.0, 0.0, 0.0, 0.0, 0.0, 0.0, 0.0, 0.0, 0.0, 0.0, 0.0, 0.0, 0.0], "FOD d proportion": [0.0, 0.0, 0.0, 0.0, 0.0, 0.0, 0.0, 0.0, 0.0, 0.0, 0.0, 0.0, 0.0, 0.0, 0.0, 0.0, 0.0, 0.0, 0.0, 0.0, 0.0, 0.0, 0.0, 0.0, 0.0, 0.0, 0.0, 0.0, 0.0], "coordinates": [["-3.88570", "-1.13370", "0.93730"], ["-2.65250", "-0.56920", "0.53420"], ["-2.27430", "-0.60060", "-1.04200"], ["-2.25990", "-2.33340", "-1.91010"], ["-3.35070", "0.44420", "-1.65750"], ["-3.33170", "1.78810", "-1.21910"], ["-0.90810", "0.26110", "-1.09770"], ["0.28490", "-0.06900", "-0.51960"], ["0.46820", "-1.12750", "0.36580"], ["1.73260", "-1.36590", "0.90950"], ["2.80950", "-0.53640", "0.56230"], ["4.10090", "-0.81950", "1.18270"], ["4.71850", "0.13050", "1.68190"], ["4.47820", "-1.99930", "1.18690"], ["2.65160", "0.52770", "-0.34280"], ["3.77510", "1.43590", "-0.75710"], ["1.36600", "0.75230", "-0.86420"], ["-4.69530", "-0.82240", "0.27190"], ["-3.81000", "-2.22390", "0.94960"], ["-4.11160", "-0.78760", "1.94910"], ["-3.29490", "1.84540", "-0.12840"], ["-4.24490", "2.27940", "-1.56430"], ["-2.47160", "2.30820", "-1.64870"], ["-0.34640", "-1.78200", "0.66040"], ["1.86770", "-2.19380", "1.60370"], ["3.99540", "2.15480", "0.03790"], ["3.51490", "2.00090", "-1.65910"], ["4.67530", "0.86080", "-0.99620"], ["1.19870", "1.57490", "-1.55870"]], "bond_dist": [[0.0, 1.4148964979813896, 2.6073806895043155, 3.4914456160736633, 3.0836634787213733, 3.673403353839597, 3.8668842496252718, 4.54423239502559, 4.391252201821253, 5.623164995800852, 6.732242964272754, 7.996544401177299, 8.728395524951878, 8.412275954223091, 6.865507793309975, 8.256009457358925, 5.863680681960776, 1.093214073272019, 1.0928942400799815, 1.0929571171825545, 3.218663999239436, 4.246914033742619, 4.53141814667329, 3.6088240453089426, 5.8880822455193345, 8.586902224900433, 8.446057688649775, 9.000398518954592, 6.27834797697611], [1.4148964979813896, 0.0, 1.6212426221883016, 3.039924158593435, 2.5135655332614664, 3.015333616699817, 2.528918160004392, 3.1605400234770005, 3.1747166708227677, 4.472659498553405, 5.462170763533487, 6.789080490022195, 7.492558733837192, 7.301923430850258, 5.486874831814555, 6.855794881704091, 4.455359363732627, 2.0750767142445596, 2.0616487334170195, 2.0441656928928245, 2.584958351695439, 3.8799435524244426, 3.616242245757327, 2.608621760623797, 4.9209108354043565, 7.201462636159407, 7.0322685998189804, 7.621264790046334, 4.879460693560303], [2.6073806895043155, 1.6212426221883016, 0.0, 1.9381436505068452, 1.6214451116211117, 2.6182717315053456, 1.616209089196073, 2.6655215174520728, 3.127431965686864, 4.52208845004164, 5.331315275802023, 6.755766598987861, 7.5401187165720405, 7.247110675986672, 5.101610759358264, 6.389345867927327, 3.887638787233197, 2.763470544442259, 2.993317213393863, 3.5152979247853233, 2.803427423708343, 3.5285211704055284, 2.97794049974139, 2.8303127265374757, 5.166640952301601, 6.93307660854833, 6.376790046724135, 7.101741178049226, 4.130557848523611], [3.4914456160736633, 3.039924158593435, 1.9381436505068452, 0.0, 2.9947809869838564, 4.314278443726135, 3.0362455845995067, 3.6792668631128134, 3.751858903263821, 4.982595373899028, 5.9195259202067865, 7.23305479655726, 8.22625879546711, 7.423275787682956, 5.896198330280284, 7.208207578170873, 4.874689950140419, 3.6021407745950182, 3.25464043328906, 4.55101254337977, 4.659189771838018, 5.0336593527969296, 4.653772384850811, 3.2516141314737825, 5.422486547701157, 7.941499942076434, 7.224781832692251, 7.6899366635883295, 5.230698309977359], [3.0836634787213733, 2.5135655332614664, 1.6214451116211117, 2.9947809869838564, 0.0, 1.4137265541822437, 2.512607492227944, 3.8439274199703615, 4.598693400304048, 5.97544056116367, 6.620963105168311, 8.074033458563322, 8.738534699250211, 8.680609357643045, 6.145161806657331, 7.250600988194013, 4.792860251457369, 2.6711063400770847, 3.758548191788952, 3.886368949289298, 2.074758272666963, 2.043584820847914, 2.060919758263285, 4.399368743353983, 6.695234723293874, 7.730829110127839, 7.039870794979123, 8.063966099259098, 4.6888467974545724], [3.673403353839597, 3.015333616699817, 2.6182717315053456, 4.314278443726135, 1.4137265541822437, 0.0, 2.86710723901287, 4.125277714287852, 5.0449847750018035, 6.3344919646329965, 6.803750704574646, 8.234789843098609, 8.71602884345847, 9.007095690065695, 6.177085780527902, 7.13050454596307, 4.823610778244862, 3.3010901547822047, 4.585648763261313, 4.156917817325716, 1.0928238741901641, 1.0929194709584051, 1.0930837936773192, 5.018979014700101, 7.131443599300214, 7.443178910922403, 6.864023266277585, 8.063598371694859, 4.548110218541323], [3.8668842496252718, 2.528918160004392, 1.616209089196073, 3.0362455845995067, 2.512607492227944, 2.86710723901287, 0.0, 1.3661678593789273, 2.442180153059966, 3.694492837995494, 4.148753548959013, 5.608743310225563, 6.277090096533584, 6.272243060500765, 3.648618047973781, 4.840302226101176, 2.3382323451701716, 4.170450844932715, 4.33447642743619, 4.543696092389983, 3.024295491515338, 3.927529082005632, 2.63415103211642, 2.7533034903548135, 4.58575638362964, 5.3777317988163, 4.785917153482705, 5.616431064296971, 2.525311402579888], [4.54423239502559, 3.1605400234770005, 2.6655215174520728, 3.6792668631128134, 3.8439274199703615, 4.125277714287852, 1.3661678593789273, 0.0, 1.3921042705199922, 2.4124907688942563, 2.786139897779722, 4.245342334841797, 4.954110561947522, 4.921581578110842, 2.447157130222741, 3.8082313874028193, 1.4007355424918724, 5.098673930543117, 4.854930345535351, 5.093140278845656, 4.078349278813672, 5.208211659485433, 3.8110679474394047, 2.1737775162145736, 3.395354734044736, 4.361639936996175, 4.001980292305298, 4.51301315752569, 2.148759283865924], [4.391252201821253, 3.1747166708227677, 3.127431965686864, 3.751858903263821, 4.598693400304048, 5.0449847750018035, 2.442180153059966, 1.3921042705199922, 0.0, 1.3968362860407084, 2.4227457873247866, 3.7361342186811224, 4.623822368992995, 4.185013793286708, 2.8300241271056334, 4.3321486101009965, 2.4192132770799684, 5.173358239093829, 4.4548749297819805, 4.85766805576503, 4.821129500438668, 6.12744361295965, 4.950219063839498, 1.0856945104402067, 2.1512769115109287, 4.829301351127303, 4.813469378732974, 4.84851227697734, 3.397101155397054], [5.623164995800852, 4.472659498553405, 4.52208845004164, 4.982595373899028, 5.97544056116367, 6.3344919646329965, 3.694492837995494, 2.4124907688942563, 1.3968362860407084, 0.0, 1.4029724516183486, 2.4458201262562222, 3.428033478541305, 2.8313363770488316, 2.4491911419895342, 3.8470046854663438, 2.7869658214624735, 6.482270005175655, 5.608759824595809, 5.964048347389548, 6.0551994475822175, 7.425523872428125, 6.1415548267519355, 2.1348140481081717, 1.088845287449048, 4.274959519106584, 4.594522988298132, 4.1532359275629895, 3.8762565820647117], [6.732242964272754, 5.462170763533487, 5.331315275802023, 5.9195259202067865, 6.620963105168311, 6.803750704574646, 4.148753548959013, 2.786139897779722, 2.4227457873247866, 1.4029724516183486, 0.0, 1.4603957443104252, 2.3113936856364385, 2.3053765983023253, 1.4058617392901762, 2.5618678752035593, 2.4040262456969974, 7.515859977407774, 6.8421807773545416, 7.063139591569743, 6.58891015950286, 7.887693995078663, 6.392987358817472, 3.3942374371867388, 2.1722053217870543, 2.9872916847874094, 3.4453009171914144, 2.803979267041752, 3.398662285370525], [7.996544401177299, 6.789080490022195, 6.755766598987861, 7.23305479655726, 8.074033458563322, 8.234789843098609, 5.608743310225563, 4.245342334841797, 3.7361342186811224, 2.4458201262562222, 1.4603957443104252, 0.0, 1.2381964302969053, 1.238669031662615, 2.498513273929118, 2.992624072615871, 3.7603235047000942, 8.843229019424975, 8.037973238323202, 8.248244832690165, 7.969851495479699, 9.316735901054619, 7.810063348014535, 4.580139826468184, 2.655771776715763, 3.188754894939403, 4.046465049892314, 2.810862618485649, 4.655232557026555], [8.728395524951878, 7.492558733837192, 7.5401187165720405, 8.22625879546711, 8.738534699250211, 8.71602884345847, 6.277090096533584, 4.954110561947522, 4.623822368992995, 3.428033478541305, 2.3113936856364385, 1.2381964302969053, 0.0, 2.1997311494816816, 2.9204885789881114, 2.922805795806488, 4.25541028574214, 9.56638640501208, 8.877768576618788, 8.88172108659127, 8.392416080009381, 9.772314219774147, 8.217834974006232, 5.509476427937595, 3.679068682424942, 2.706178135304474, 4.01364299857374, 2.7762247639555406, 4.997676636198064], [8.412275954223091, 7.301923430850258, 7.247110675986672, 7.423275787682956, 8.680609357643045, 9.007095690065695, 6.272243060500765, 4.921581578110842, 4.185013793286708, 2.8313363770488316, 2.3053765983023253, 1.238669031662615, 2.1997311494816816, 0.0, 3.473064734496033, 4.009249886200659, 4.632936715518571, 9.293837789632441, 8.294637767256626, 8.708262155562384, 8.771135376335266, 10.097962603416592, 8.654184170099455, 4.85810525822568, 2.650709855868801, 4.33703166347676, 5.00292543718173, 3.60346306072367, 5.573898568327199], [6.865507793309975, 5.486874831814555, 5.101610759358264, 5.896198330280284, 6.145161806657331, 6.177085780527902, 3.648618047973781, 2.447157130222741, 2.8300241271056334, 2.4491911419895342, 1.4058617392901762, 2.498513273929118, 2.9204885789881114, 3.473064734496033, 0.0, 1.5029051799764348, 1.4053720076904905, 7.495169491746, 7.140999571488575, 7.261108313473915, 6.094519086851727, 7.219572521278528, 5.578775250895129, 3.9152430741909248, 3.436556955733456, 2.144337972428787, 2.1559802457351043, 2.1524982833907207, 2.1647076153605593], [8.256009457358925, 6.855794881704091, 6.389345867927327, 7.208207578170873, 7.250600988194013, 7.13050454596307, 4.840302226101176, 3.8082313874028193, 4.3321486101009965, 3.8470046854663438, 2.5618678752035593, 2.992624072615871, 2.922805795806488, 4.009249886200659, 1.5029051799764348, 0.0, 2.5064999860363057, 8.826462261291326, 8.593061325278669, 8.629455810188729, 7.109701395980003, 8.10453355166107, 6.370017169521602, 5.417651604708446, 4.731413476964362, 1.094245996108736, 1.0956883863580924, 1.094654676142207, 2.7017994966318284], [5.863680681960776, 4.455359363732627, 3.887638787233197, 4.874689950140419, 4.792860251457369, 4.823610778244862, 2.3382323451701716, 1.4007355424918724, 2.4192132770799684, 2.7869658214624735, 2.4040262456969974, 3.7603235047000942, 4.25541028574214, 4.632936715518571, 1.4053720076904905, 2.5064999860363057, 0.0, 6.364727880278936, 6.240081159728613, 6.347444419606997, 4.843579054789959, 5.856993531667933, 4.214669479330497, 3.417513044598367, 3.8757887597236254, 3.113604827205919, 2.609336923434764, 3.3137083064144313, 1.0894908443855782], [1.093214073272019, 2.0750767142445596, 2.763470544442259, 3.6021407745950182, 2.6711063400770847, 3.3010901547822047, 4.170450844932715, 5.098673930543117, 5.173358239093829, 6.482270005175655, 7.515859977407774, 8.843229019424975, 9.56638640501208, 9.293837789632441, 7.495169491746, 8.826462261291326, 6.364727880278936, 0.0, 1.7908756601171392, 1.7762084815696606, 3.039492900139758, 3.6325822550907225, 4.2935070059334945, 4.470424545834545, 6.835744158465849, 9.189490863480957, 8.894221041215472, 9.60465429934883, 6.620980263525937], [1.0928942400799815, 2.0616487334170195, 2.993317213393863, 3.25464043328906, 3.758548191788952, 4.585648763261313, 4.33447642743619, 4.854930345535351, 4.4548749297819805, 5.608759824595809, 6.8421807773545416, 8.037973238323202, 8.877768576618788, 8.294637767256626, 7.140999571488575, 8.593061325278669, 6.240081159728613, 1.7908756601171392, 0.0, 1.7756465019817431, 4.241062897435029, 5.175764881638268, 5.392810756924444, 3.5036320026509635, 5.715332895816306, 8.996025774751871, 8.84920396080913, 9.235898863673205, 6.768273488859622], [1.0929571171825545, 2.0441656928928245, 3.5152979247853233, 4.55101254337977, 3.886368949289298, 4.156917817325716, 4.543696092389983, 5.093140278845656, 4.85766805576503, 5.964048347389548, 7.063139591569743, 8.248244832690165, 8.88172108659127, 8.708262155562384, 7.261108313473915, 8.629455810188729, 6.347444419606997, 1.7762084815696606, 1.7756465019817431, 0.0, 3.4519116645708072, 4.665644376717968, 5.021727041566477, 4.101988553128836, 6.152131995495545, 8.83367716186187, 8.885850648080913, 9.412843686155634, 6.788619386885672], [3.218663999239436, 2.584958351695439, 2.803427423708343, 4.659189771838018, 2.074758272666963, 1.0928238741901641, 3.024295491515338, 4.078349278813672, 4.821129500438668, 6.0551994475822175, 6.58891015950286, 7.969851495479699, 8.392416080009381, 8.771135376335266, 6.094519086851727, 7.109701395980003, 4.843579054789959, 3.039492900139758, 4.241062897435029, 3.4519116645708072, 0.0, 1.7755745013938447, 1.7897817799944216, 4.740663292198676, 6.77995175572806, 7.298757301075301, 6.981446754076121, 8.077536879519648, 4.723491219426581], [4.246914033742619, 3.8799435524244426, 3.5285211704055284, 5.0336593527969296, 2.043584820847914, 1.0929194709584051, 3.927529082005632, 5.208211659485433, 6.12744361295965, 7.425523872428125, 7.887693995078663, 9.316735901054619, 9.772314219774147, 10.097962603416592, 7.219572521278528, 8.10453355166107, 5.856993531667933, 3.6325822550907225, 5.175764881638268, 4.665644376717968, 1.7755745013938447, 0.0, 1.7755409570043719, 6.053310028405947, 8.21033622941229, 8.395541322035168, 7.7653747707370835, 9.050145391649796, 5.489001053925933], [4.53141814667329, 3.616242245757327, 2.97794049974139, 4.653772384850811, 2.060919758263285, 1.0930837936773192, 2.63415103211642, 3.8110679474394047, 4.950219063839498, 6.1415548267519355, 6.392987358817472, 7.810063348014535, 8.217834974006232, 8.654184170099455, 5.578775250895129, 6.370017169521602, 4.214669479330497, 4.2935070059334945, 5.392810756924444, 5.021727041566477, 1.7897817799944216, 1.7755409570043719, 0.0, 5.155400458742269, 7.0480943701116825, 6.6850759247745275, 5.994391019945229, 7.321127141362866, 3.74391920051702], [3.6088240453089426, 2.608621760623797, 2.8303127265374757, 3.2516141314737825, 4.399368743353983, 5.018979014700101, 2.7533034903548135, 2.1737775162145736, 1.0856945104402067, 2.1348140481081717, 3.3942374371867388, 4.580139826468184, 5.509476427937595, 4.85810525822568, 3.9152430741909248, 5.417651604708446, 3.417513044598367, 4.470424545834545, 3.5036320026509635, 4.101988553128836, 4.740663292198676, 6.053310028405947, 5.155400458742269, 0.0, 2.4416455393852727, 5.893821148457086, 5.882180747817938, 5.911529944946571, 4.310512316419013], [5.8880822455193345, 4.9209108354043565, 5.166640952301601, 5.422486547701157, 6.695234723293874, 7.131443599300214, 4.58575638362964, 3.395354734044736, 2.1512769115109287, 1.088845287449048, 2.1722053217870543, 2.655771776715763, 3.679068682424942, 2.650709855868801, 3.436556955733456, 4.731413476964362, 3.8757887597236254, 6.835744158465849, 5.715332895816306, 6.152131995495545, 6.77995175572806, 8.21033622941229, 7.0480943701116825, 2.4416455393852727, 0.0, 5.088139039963432, 5.5636894027254975, 4.8961902465079925, 4.965021092603736], [8.586902224900433, 7.201462636159407, 6.93307660854833, 7.941499942076434, 7.730829110127839, 7.443178910922403, 5.3777317988163, 4.361639936996175, 4.829301351127303, 4.274959519106584, 2.9872916847874094, 3.188754894939403, 2.706178135304474, 4.33703166347676, 2.144337972428787, 1.094245996108736, 3.113604827205919, 9.189490863480957, 8.996025774751871, 8.83367716186187, 7.298757301075301, 8.395541322035168, 6.6850759247745275, 5.893821148457086, 5.088139039963432, 0.0, 1.7704164651290386, 1.790548189801101, 3.2721470718780354], [8.446057688649775, 7.0322685998189804, 6.376790046724135, 7.224781832692251, 7.039870794979123, 6.864023266277585, 4.785917153482705, 4.001980292305298, 4.813469378732974, 4.594522988298132, 3.4453009171914144, 4.046465049892314, 4.01364299857374, 5.00292543718173, 2.1559802457351043, 1.0956883863580924, 2.609336923434764, 8.894221041215472, 8.84920396080913, 8.885850648080913, 6.981446754076121, 7.7653747707370835, 5.994391019945229, 5.882180747817938, 5.5636894027254975, 1.7704164651290386, 0.0, 1.7566424166574142, 2.357188706913386], [9.000398518954592, 7.621264790046334, 7.101741178049226, 7.6899366635883295, 8.063966099259098, 8.063598371694859, 5.616431064296971, 4.51301315752569, 4.84851227697734, 4.1532359275629895, 2.803979267041752, 2.810862618485649, 2.7762247639555406, 3.60346306072367, 2.1524982833907207, 1.094654676142207, 3.3137083064144313, 9.60465429934883, 9.235898863673205, 9.412843686155634, 8.077536879519648, 9.050145391649796, 7.321127141362866, 5.911529944946571, 4.8961902465079925, 1.790548189801101, 1.7566424166574142, 0.0, 3.5934791804044166], [6.27834797697611, 4.879460693560303, 4.130557848523611, 5.230698309977359, 4.6888467974545724, 4.548110218541323, 2.525311402579888, 2.148759283865924, 3.397101155397054, 3.8762565820647117, 3.398662285370525, 4.655232557026555, 4.997676636198064, 5.573898568327199, 2.1647076153605593, 2.7017994966318284, 1.0894908443855782, 6.620980263525937, 6.768273488859622, 6.788619386885672, 4.723491219426581, 5.489001053925933, 3.74391920051702, 4.310512316419013, 4.965021092603736, 3.2721470718780354, 2.357188706913386, 3.5934791804044166, 0.0]]}