{"total energy": -26.32318772, "HOMO-LUMO gap/eV": 12.60014921, "electronic energy": -26.70752352, "dipole": [0.00200754, 0.01026305, -0.00185622], "partial charges": [-0.09977091, -0.05159922, -0.05791542, -0.05754123, -0.06181595, -0.00922307, -0.10372859, -0.10293793, 0.03196304, 0.03200278, 0.03075316, 0.02788516, 0.02803522, 0.02937272, 0.02879206, 0.03096037, 0.02706208, 0.03033516, 0.02886208, 0.02693652, 0.03196173, 0.02983127, 0.03316937, 0.0318111, 0.03337346, 0.03142503], "atomic dipole moments": [[0.09061201, -0.01817942, -0.03937001], [-0.01581339, 0.03022487, 0.10436987], [0.01520404, -0.02988607, -0.10402729], [-0.01709888, 0.02903666, 0.1043232], [0.01519136, -0.03948253, -0.10081914], [0.00305038, 0.08976723, 0.02996313], [-0.06688298, -0.00652566, -0.07299659], [-0.02847303, -0.05889909, 0.07536814], [-0.02478812, -0.07757461, 0.09602451], [-0.00923108, 0.11851702, 0.04145413], [-0.08839159, -0.0169321, -0.08604892], [0.01475428, 0.07432402, -0.09736308], [-0.00023372, -0.11505821, -0.04468933], [-0.00319199, 0.11558007, 0.04517101], [-0.01841347, -0.07401939, 0.09770793], [0.01560869, 0.07514406, -0.09772155], [0.00299365, -0.11589087, -0.0446979], [-0.00237494, 0.11772772, 0.04113401], [-0.02548252, -0.06534724, 0.10068107], [-2.112e-05, -0.11773168, -0.03813709], [0.11400694, -0.03619523, -0.03793211], [-0.030281, -0.07504872, 0.09557863], [0.01202228, 0.11710945, 0.04706112], [-0.07105231, -0.01681211, -0.10216954], [-0.00047361, 0.12388539, 0.02702717], [0.11647983, -0.02759886, -0.03770993]], "atomic quadrupole moments": [[0.17383954, -0.05665451, -0.1160587, -0.11734477, 0.02900224, -0.05778085], [0.2274529, -0.02847992, -0.21644552, 0.02928389, 0.0597209, -0.01100738], [0.22684656, -0.02610918, -0.22451399, 0.04096474, 0.06168382, -0.00233256], [0.21785833, -0.02220439, -0.22074384, 0.03199108, 0.06611107, 0.00288552], [0.20739008, -0.0481107, -0.19945161, 0.06020872, 0.06078939, -0.00793847], [0.09740258, -0.00550617, -0.18053622, 0.00223651, -0.08727435, 0.08313364], [0.04599368, 0.01856892, -0.12592623, 0.15620908, 0.00886637, 0.07993255], [-0.06579512, 0.05010628, -0.00850228, -0.05948078, -0.15226699, 0.0742974], [-0.03354444, -0.00161017, 0.00873937, -0.01540699, -0.06237327, 0.02480507], [-0.03259174, 0.00688338, 0.06817939, -0.00850479, 0.03786455, -0.03558765], [0.02248808, 0.00901501, -0.05049623, 0.05447961, 0.01877106, 0.02800815], [-0.0148772, 0.01011285, 0.00659644, -0.00804903, -0.04730042, 0.00828076], [-0.01741534, -0.00391896, 0.05134631, 0.00239002, 0.02232288, -0.03393096], [-0.02106353, -0.00103686, 0.05260607, 0.00255807, 0.02129559, -0.03154253], [-0.01873402, 0.00866252, 0.00927785, -0.00671623, -0.04658345, 0.00945617], [-0.0158031, 0.01113263, 0.00705481, -0.00901184, -0.04519142, 0.00874829], [-0.02036362, -0.00185881, 0.05277775, 0.00213457, 0.02154628, -0.03241413], [-0.02150062, 0.00337366, 0.05735613, 0.00902124, 0.01505447, -0.03585551], [-0.01061207, 0.01125731, -0.00166484, -0.00759958, -0.04988731, 0.01227691], [-0.01951536, 0.00546527, 0.02701321, 0.00145418, 0.01403537, -0.00749786], [0.05343751, -0.03186187, -0.04134628, -0.0380749, 0.01992729, -0.01209123], [-0.0238497, 0.03316129, -0.00066266, -0.02163373, -0.05587992, 0.02451236], [-0.0411462, -0.00404036, 0.07343347, 0.00935878, 0.03183159, -0.03228727], [0.01256403, 0.02477363, -0.03679814, 0.05958951, 0.00818348, 0.02423412], [-0.04936413, -0.00509424, 0.06839102, -0.00904815, 0.03828421, -0.01902689], [0.06573532, -0.037809, -0.0321581, -0.02487705, -0.00427397, -0.03357721]], "number of molecular orbitals": 50, "number of electrons": 50, "number of unpaired electrons": 0, "orbital energies/eV": [-16.93596267, -16.79731805, -16.43553054, -15.8655703, -15.85500725, -15.21159515, -15.02768811, -14.79269237, -14.08575934, -13.77296276, -13.59773318, -13.39038385, -13.15991901, -13.06887867, -12.72780577, -12.4628444, -12.32124884, -12.17453036, -12.05481386, -11.84763459, -11.72932481, -11.4887524, -11.40407854, -11.31401629, -11.22684991, 1.3732993, 2.4337889, 2.6523157, 3.04749729, 3.15022007, 3.46181341, 3.7249373, 3.7864002, 4.13674091, 4.42996727, 4.54507756, 4.92488868, 5.00190885, 5.42601209, 5.73252433, 5.95102344, 6.06698516, 6.29219169, 6.77780931, 6.82306296, 7.23903545, 7.42245266, 7.71476203, 8.03644176, 8.53303243], "fractional occupation": [2.0, 2.0, 2.0, 2.0, 2.0, 2.0, 2.0, 2.0, 2.0, 2.0, 2.0, 2.0, 2.0, 2.0, 2.0, 2.0, 2.0, 2.0, 2.0, 2.0, 2.0, 2.0, 2.0, 2.0, 2.0, 0.0, 0.0, 0.0, 0.0, 0.0, 0.0, 0.0, 0.0, 0.0, 0.0, 0.0, 0.0, 0.0, 0.0, 0.0, 0.0, 0.0, 0.0, 0.0, 0.0, 0.0, 0.0, 0.0, 0.0, 0.0], "program call": "xtb /home/svss/Project-DBcg-Debug/aqme2_20220329/End-to-End-workflows-final/example-3/QDESCP/mol_744_rdkit_conf_1/mol_744_rdkit_conf_1.xyz --pop --wbo --acc 0.2 --gfn 2 --chrg 0 --uhf 0 --etemp 300 --input /home/svss/Project-DBcg-Debug/aqme2_20220329/End-to-End-workflows-final/example-3/QDESCP/mol_744_rdkit_conf_1/mol_744_rdkit_conf_1_xtb.inp", "method": "GFN2-xTB", "xtb version": "6.3.3 (7355c4f)", "Dipole module/D": 0.027, "Total charge": 0, "Transition dipole module/D": NaN, "HOMO": -11.2268, "LUMO": 1.3733, "HOMO occupancy": 2.0, "LUMO occupancy": 0, "mulliken charges": [-0.08345, -0.0385, -0.0464, -0.04556, -0.05332, 0.00086, -0.09054, -0.09163, 0.02651, 0.02652, 0.02781, 0.02181, 0.02183, 0.0226, 0.02234, 0.02282, 0.02213, 0.02318, 0.024, 0.01912, 0.02844, 0.0278, 0.02724, 0.02837, 0.0274, 0.02862], "cm5 charges": [-0.23377, -0.15103, -0.15715, -0.15646, -0.16187, -0.07355, -0.23901, -0.2401, 0.07779, 0.07781, 0.0786, 0.07651, 0.07654, 0.07794, 0.07767, 0.07883, 0.07761, 0.07895, 0.0797, 0.07729, 0.07981, 0.07918, 0.07907, 0.08028, 0.07931, 0.08007], "FUKUI+": [0.007, -0.018, -0.022, -0.023, -0.031, -0.036, 0.011, 0.025, -0.04, -0.04, -0.073, -0.046, -0.046, -0.052, -0.052, -0.056, -0.057, -0.058, -0.056, -0.054, -0.08, -0.043, -0.046, -0.029, -0.037, -0.05], "FUKUI-": [0.017, 0.004, 0.005, 0.008, -0.0, -0.012, 0.016, 0.019, -0.061, -0.059, -0.065, -0.074, -0.072, -0.06, -0.066, -0.049, -0.049, -0.054, -0.045, -0.076, -0.067, -0.044, -0.06, -0.041, -0.054, -0.061], "FUKUIrad": [0.012, -0.007, -0.008, -0.007, -0.015, -0.024, 0.014, 0.022, -0.051, -0.049, -0.069, -0.06, -0.059, -0.056, -0.059, -0.052, -0.053, -0.056, -0.05, -0.065, -0.073, -0.043, -0.053, -0.035, -0.046, -0.056], "s proportion": [1.007, 1.027, 1.033, 1.032, 1.037, 1.052, 1.013, 1.012, 0.973, 0.973, 0.972, 0.978, 0.978, 0.977, 0.978, 0.977, 0.978, 0.977, 0.976, 0.981, 0.972, 0.972, 0.973, 0.972, 0.973, 0.971], "p proportion": [3.076, 3.011, 3.014, 3.013, 3.016, 2.947, 3.077, 3.08, 0.0, 0.0, 0.0, 0.0, 0.0, 0.0, 0.0, 0.0, 0.0, 0.0, 0.0, 0.0, 0.0, 0.0, 0.0, 0.0, 0.0, 0.0], "d proportion": [0.0, 0.0, 0.0, 0.0, 0.0, 0.0, 0.0, 0.0, 0.0, 0.0, 0.0, 0.0, 0.0, 0.0, 0.0, 0.0, 0.0, 0.0, 0.0, 0.0, 0.0, 0.0, 0.0, 0.0, 0.0, 0.0], "Fermi-level/eV": -4.9268, "Coordination numbers": [3.75, 3.8, 3.802, 3.8, 3.803, 3.848, 3.753, 3.752, 0.924, 0.924, 0.924, 0.924, 0.924, 0.924, 0.924, 0.924, 0.924, 0.924, 0.924, 0.924, 0.924, 0.924, 0.924, 0.924, 0.924, 0.924], "Dispersion coefficient C6": [22.469, 21.501, 21.615, 21.61, 21.686, 20.708, 22.54, 22.527, 2.559, 2.558, 2.576, 2.617, 2.615, 2.596, 2.604, 2.573, 2.629, 2.582, 2.603, 2.631, 2.559, 2.589, 2.542, 2.561, 2.539, 2.566], "Total dispersion C6": 4382.766777, "Total dispersion C8": 90699.596232, "Polarizability alpha": [6.76, 6.602, 6.619, 6.619, 6.63, 6.473, 6.77, 6.768, 2.502, 2.501, 2.51, 2.53, 2.529, 2.519, 2.523, 2.508, 2.536, 2.513, 2.523, 2.536, 2.502, 2.516, 2.493, 2.503, 2.492, 2.505], "Total polarizability alpha": 98.482338, "Wiberg matrix": [[0.0, 1.0200279724213248, 0.0, 0.0, 0.0, 0.0, 0.0, 0.0, 0.987737199318568, 0.9877355534012817, 0.9874315235811064, 0.0, 0.0, 0.0, 0.0, 0.0, 0.0, 0.0, 0.0, 0.0, 0.0, 0.0, 0.0, 0.0, 0.0, 0.0], [1.0200279724213248, 0.0, 1.0077430492611137, 0.0, 0.0, 0.0, 0.0, 0.0, 0.0, 0.0, 0.0, 0.9781069597806138, 0.9781311148820951, 0.0, 0.0, 0.0, 0.0, 0.0, 0.0, 0.0, 0.0, 0.0, 0.0, 0.0, 0.0, 0.0], [0.0, 1.0077430492611137, 0.0, 1.0066026834274566, 0.0, 0.0, 0.0, 0.0, 0.0, 0.0, 0.0, 0.0, 0.0, 0.9773743139305462, 0.9771584974112845, 0.0, 0.0, 0.0, 0.0, 0.0, 0.0, 0.0, 0.0, 0.0, 0.0, 0.0], [0.0, 0.0, 1.0066026834274566, 0.0, 1.007354819890812, 0.0, 0.0, 0.0, 0.0, 0.0, 0.0, 0.0, 0.0, 0.0, 0.0, 0.9755254413497052, 0.977402322587784, 0.0, 0.0, 0.0, 0.0, 0.0, 0.0, 0.0, 0.0, 0.0], [0.0, 0.0, 0.0, 1.007354819890812, 0.0, 0.9950356010113552, 0.0, 0.0, 0.0, 0.0, 0.0, 0.0, 0.0, 0.0, 0.0, 0.0, 0.0, 0.976820640863407, 0.9759509486521554, 0.0, 0.0, 0.0, 0.0, 0.0, 0.0, 0.0], [0.0, 0.0, 0.0, 0.0, 0.9950356010113552, 0.0, 1.0080801597243612, 1.0098937992888974, 0.0, 0.0, 0.0, 0.0, 0.0, 0.0, 0.0, 0.0, 0.0, 0.0, 0.0, 0.9691365405432475, 0.0, 0.0, 0.0, 0.0, 0.0, 0.0], [0.0, 0.0, 0.0, 0.0, 0.0, 1.0080801597243612, 0.0, 0.0, 0.0, 0.0, 0.0, 0.0, 0.0, 0.0, 0.0, 0.0, 0.0, 0.0, 0.0, 0.0, 0.9865119524619839, 0.9868497731200332, 0.9871452063268752, 0.0, 0.0, 0.0], [0.0, 0.0, 0.0, 0.0, 0.0, 1.0098937992888974, 0.0, 0.0, 0.0, 0.0, 0.0, 0.0, 0.0, 0.0, 0.0, 0.0, 0.0, 0.0, 0.0, 0.0, 0.0, 0.0, 0.0, 0.9848232865620832, 0.9869106547834319, 0.9860706934268284], [0.987737199318568, 0.0, 0.0, 0.0, 0.0, 0.0, 0.0, 0.0, 0.0, 0.0, 0.0, 0.0, 0.0, 0.0, 0.0, 0.0, 0.0, 0.0, 0.0, 0.0, 0.0, 0.0, 0.0, 0.0, 0.0, 0.0], [0.9877355534012817, 0.0, 0.0, 0.0, 0.0, 0.0, 0.0, 0.0, 0.0, 0.0, 0.0, 0.0, 0.0, 0.0, 0.0, 0.0, 0.0, 0.0, 0.0, 0.0, 0.0, 0.0, 0.0, 0.0, 0.0, 0.0], [0.9874315235811064, 0.0, 0.0, 0.0, 0.0, 0.0, 0.0, 0.0, 0.0, 0.0, 0.0, 0.0, 0.0, 0.0, 0.0, 0.0, 0.0, 0.0, 0.0, 0.0, 0.0, 0.0, 0.0, 0.0, 0.0, 0.0], [0.0, 0.9781069597806138, 0.0, 0.0, 0.0, 0.0, 0.0, 0.0, 0.0, 0.0, 0.0, 0.0, 0.0, 0.0, 0.0, 0.0, 0.0, 0.0, 0.0, 0.0, 0.0, 0.0, 0.0, 0.0, 0.0, 0.0], [0.0, 0.9781311148820951, 0.0, 0.0, 0.0, 0.0, 0.0, 0.0, 0.0, 0.0, 0.0, 0.0, 0.0, 0.0, 0.0, 0.0, 0.0, 0.0, 0.0, 0.0, 0.0, 0.0, 0.0, 0.0, 0.0, 0.0], [0.0, 0.0, 0.9773743139305462, 0.0, 0.0, 0.0, 0.0, 0.0, 0.0, 0.0, 0.0, 0.0, 0.0, 0.0, 0.0, 0.0, 0.0, 0.0, 0.0, 0.0, 0.0, 0.0, 0.0, 0.0, 0.0, 0.0], [0.0, 0.0, 0.9771584974112845, 0.0, 0.0, 0.0, 0.0, 0.0, 0.0, 0.0, 0.0, 0.0, 0.0, 0.0, 0.0, 0.0, 0.0, 0.0, 0.0, 0.0, 0.0, 0.0, 0.0, 0.0, 0.0, 0.0], [0.0, 0.0, 0.0, 0.9755254413497052, 0.0, 0.0, 0.0, 0.0, 0.0, 0.0, 0.0, 0.0, 0.0, 0.0, 0.0, 0.0, 0.0, 0.0, 0.0, 0.0, 0.0, 0.0, 0.0, 0.0, 0.0, 0.0], [0.0, 0.0, 0.0, 0.977402322587784, 0.0, 0.0, 0.0, 0.0, 0.0, 0.0, 0.0, 0.0, 0.0, 0.0, 0.0, 0.0, 0.0, 0.0, 0.0, 0.0, 0.0, 0.0, 0.0, 0.0, 0.0, 0.0], [0.0, 0.0, 0.0, 0.0, 0.976820640863407, 0.0, 0.0, 0.0, 0.0, 0.0, 0.0, 0.0, 0.0, 0.0, 0.0, 0.0, 0.0, 0.0, 0.0, 0.0, 0.0, 0.0, 0.0, 0.0, 0.0, 0.0], [0.0, 0.0, 0.0, 0.0, 0.9759509486521554, 0.0, 0.0, 0.0, 0.0, 0.0, 0.0, 0.0, 0.0, 0.0, 0.0, 0.0, 0.0, 0.0, 0.0, 0.0, 0.0, 0.0, 0.0, 0.0, 0.0, 0.0], [0.0, 0.0, 0.0, 0.0, 0.0, 0.9691365405432475, 0.0, 0.0, 0.0, 0.0, 0.0, 0.0, 0.0, 0.0, 0.0, 0.0, 0.0, 0.0, 0.0, 0.0, 0.0, 0.0, 0.0, 0.0, 0.0, 0.0], [0.0, 0.0, 0.0, 0.0, 0.0, 0.0, 0.9865119524619839, 0.0, 0.0, 0.0, 0.0, 0.0, 0.0, 0.0, 0.0, 0.0, 0.0, 0.0, 0.0, 0.0, 0.0, 0.0, 0.0, 0.0, 0.0, 0.0], [0.0, 0.0, 0.0, 0.0, 0.0, 0.0, 0.9868497731200332, 0.0, 0.0, 0.0, 0.0, 0.0, 0.0, 0.0, 0.0, 0.0, 0.0, 0.0, 0.0, 0.0, 0.0, 0.0, 0.0, 0.0, 0.0, 0.0], [0.0, 0.0, 0.0, 0.0, 0.0, 0.0, 0.9871452063268752, 0.0, 0.0, 0.0, 0.0, 0.0, 0.0, 0.0, 0.0, 0.0, 0.0, 0.0, 0.0, 0.0, 0.0, 0.0, 0.0, 0.0, 0.0, 0.0], [0.0, 0.0, 0.0, 0.0, 0.0, 0.0, 0.0, 0.9848232865620832, 0.0, 0.0, 0.0, 0.0, 0.0, 0.0, 0.0, 0.0, 0.0, 0.0, 0.0, 0.0, 0.0, 0.0, 0.0, 0.0, 0.0, 0.0], [0.0, 0.0, 0.0, 0.0, 0.0, 0.0, 0.0, 0.9869106547834319, 0.0, 0.0, 0.0, 0.0, 0.0, 0.0, 0.0, 0.0, 0.0, 0.0, 0.0, 0.0, 0.0, 0.0, 0.0, 0.0, 0.0, 0.0], [0.0, 0.0, 0.0, 0.0, 0.0, 0.0, 0.0, 0.9860706934268284, 0.0, 0.0, 0.0, 0.0, 0.0, 0.0, 0.0, 0.0, 0.0, 0.0, 0.0, 0.0, 0.0, 0.0, 0.0, 0.0, 0.0, 0.0]], "Born radii": [], "Atomic SASAs": [], "Solvent H bonds": [], "Total SASA": NaN, "Total FOD": 0.0, "FOD": [0.0, 0.0, 0.0, 0.0, 0.0, 0.0, 0.0, 0.0, 0.0, 0.0, 0.0, 0.0, 0.0, 0.0, 0.0, 0.0, 0.0, 0.0, 0.0, 0.0, 0.0, 0.0, 0.0, 0.0, 0.0, 0.0], "FOD s proportion": [0.0, 0.0, 0.0, 0.0, 0.0, 0.0, 0.0, 0.0, 0.0, 0.0, 0.0, 0.0, 0.0, 0.0, 0.0, 0.0, 0.0, 0.0, 0.0, 0.0, 0.0, 0.0, 0.0, 0.0, 0.0, 0.0], "FOD p proportion": [0.0, 0.0, 0.0, 0.0, 0.0, 0.0, 0.0, 0.0, 0.0, 0.0, 0.0, 0.0, 0.0, 0.0, 0.0, 0.0, 0.0, 0.0, 0.0, 0.0, 0.0, 0.0, 0.0, 0.0, 0.0, 0.0], "FOD d proportion": [0.0, 0.0, 0.0, 0.0, 0.0, 0.0, 0.0, 0.0, 0.0, 0.0, 0.0, 0.0, 0.0, 0.0, 0.0, 0.0, 0.0, 0.0, 0.0, 0.0, 0.0, 0.0, 0.0, 0.0, 0.0, 0.0], "coordinates": [["-4.14080", "0.16580", "-0.22820"], ["-2.77520", "-0.11180", "-0.83620"], ["-1.65640", "0.08420", "0.18660"], ["-0.28350", "-0.19680", "-0.42910"], ["0.83580", "0.00510", "0.59680"], ["2.22930", "-0.38370", "0.06920"], ["3.25610", "-0.29310", "1.20080"], ["2.67580", "0.49110", "-1.10310"], ["-4.34130", "-0.50870", "0.61040"], ["-4.20600", "1.19610", "0.13600"], ["-4.92580", "0.01980", "-0.97670"], ["-2.61980", "0.55660", "-1.69110"], ["-2.75410", "-1.13870", "-1.21910"], ["-1.68380", "1.11180", "0.56920"], ["-1.82000", "-0.58340", "1.04140"], ["-0.13410", "0.47010", "-1.28540"], ["-0.25500", "-1.22590", "-0.80690"], ["0.84250", "1.05180", "0.92670"], ["0.61260", "-0.60190", "1.48380"], ["2.19800", "-1.42600", "-0.27270"], ["4.24720", "-0.60390", "0.85340"], ["2.97630", "-0.94660", "2.03390"], ["3.33640", "0.72990", "1.58400"], ["2.03140", "0.34810", "-1.97560"], ["2.65850", "1.55300", "-0.83530"], ["3.69610", "0.23710", "-1.41040"]], "bond_dist": [[0.0, 1.5203911075772574, 2.5201112991294647, 3.879510646975981, 5.04707807052754, 6.400669575911569, 7.5476327295384475, 6.880211163910595, 1.094714784772728, 1.09471949375171, 1.094437412554962, 2.1462157510371593, 2.1462851511390557, 2.7509292539067594, 2.749417654704355, 4.154986789389348, 4.167872865143561, 5.191538201727885, 5.110295377960064, 6.535762612733115, 8.492398992628644, 7.550340560531028, 7.714324175843274, 6.417374298729972, 6.965872144965051, 7.925886836184326], [1.5203911075772574, 0.0, 1.5284794012350966, 2.5261679081169564, 3.886704981086164, 5.093004910659325, 6.368580562417343, 5.490730827494643, 2.1686056303532926, 2.1686318013899917, 2.1591987333267864, 1.096248936145436, 1.0961666068622964, 2.1595138526992597, 2.15874856340427, 2.7414954787487793, 2.7556279393270784, 4.189216473279938, 4.135188853002968, 5.174685703499296, 7.239545036119328, 6.481829780239527, 6.627026594936828, 4.961163566140507, 5.683014652453397, 6.506086422727567], [2.5201112991294647, 1.5284794012350966, 0.0, 1.5306540758773681, 2.526970852621771, 3.9155303165727116, 5.0302696925711645, 4.5383753194287495, 2.78205407208415, 2.7819673128920837, 3.470791064008319, 2.1626508294220774, 2.1625036855459925, 1.0968570007070202, 1.0968763649564157, 2.1524637279173837, 2.160399551009026, 2.7800178021012742, 2.7021883816640173, 4.165100225684852, 5.980852515319201, 5.092835675731154, 5.224720766701317, 4.283062092708907, 4.67118989765991, 5.587758375234205], [3.879510646975981, 2.5261679081169564, 1.5306540758773681, 0.0, 1.531687601960661, 2.568540118433037, 3.898027175379874, 3.1120634472966646, 4.200426490250723, 4.200656457031449, 4.67950110695574, 2.7601726848152093, 2.7595543064052936, 2.160989805621489, 2.1616341179764906, 1.0955937477003053, 1.0966275119656628, 2.1598776817218144, 2.1508806638212175, 2.7736683020866066, 4.726285978440154, 4.153897576975147, 4.244410502060327, 2.836783437275394, 3.447051273189884, 4.121702932041561], [5.04707807052754, 3.886704981086164, 2.526970852621771, 1.531687601960661, 0.0, 1.5399251442846176, 2.512288066683437, 2.5517554761379473, 5.202551278939978, 5.2010157546387035, 5.972616922254431, 4.180886272071987, 4.182481710659355, 2.752077544329011, 2.756315484482863, 2.167857894327947, 2.1623087961713514, 1.0974788335088745, 1.0977414267485763, 2.1586260213385735, 3.474820070161907, 2.7482229804002443, 2.784402851600321, 2.8573326932648215, 2.787317726776049, 3.5019982766986057], [6.400669575911569, 5.093004910659325, 3.9155303165727116, 2.568540118433037, 1.5399251442846176, 0.0, 1.5307008721497486, 1.529354301658056, 6.594035699023778, 6.626712334936533, 7.242387387457259, 5.243719194426795, 5.202308857613127, 4.218870922415143, 4.169158598566382, 2.8547460762736847, 2.7656099761173842, 2.1723675425673252, 2.1592645252492804, 1.0973898988053425, 2.176092390042298, 2.1759851791774687, 2.1818328098183875, 2.1808032212925585, 2.1801696677093734, 2.1739620603865193], [7.5476327295384475, 6.368580562417343, 5.0302696925711645, 3.898027175379874, 2.512288066683437, 1.5307008721497486, 0.0, 2.5019338400525304, 7.623355054042808, 7.683388060614926, 8.472478992007002, 6.60388344158193, 6.534023217742649, 5.174483025385241, 5.086892338156962, 4.272835208617342, 4.150758766779877, 2.776571947564118, 2.6764787856435555, 2.1387473600217484, 1.0952454565073533, 1.0951739131297822, 1.0953626477107936, 3.4641802046083, 2.8126347398835847, 2.7005698435700567], [6.880211163910595, 5.490730827494643, 4.5383753194287495, 3.1120634472966646, 2.5517554761379473, 1.529354301658056, 2.5019338400525304, 0.0, 7.292144725661992, 7.027913278491703, 7.617245119464123, 5.328547044926975, 5.670407220826384, 4.710410591445294, 5.095649923218823, 2.8158857043566243, 3.409605854054102, 2.792035354360686, 3.4847517630385094, 2.143158745870217, 2.7379216953740664, 3.463820223394973, 2.7773952203458547, 1.0940551220116836, 1.0952843192523118, 1.0954274873308592], [1.094714784772728, 2.1686056303532926, 2.78205407208415, 4.200426490250723, 5.202551278939978, 6.594035699023778, 7.623355054042808, 7.292144725661992, 0.0, 1.774740682466033, 1.7719590599108093, 3.0651800257081154, 2.5026334310082254, 3.11288032857031, 2.5589636144345627, 4.71727028269528, 4.384171851102555, 5.422821072098913, 5.03116676428043, 6.6621129823802905, 8.592464389801101, 7.4676220056990035, 7.837672116770387, 6.930570505376884, 7.438941821253882, 8.321036536393768], [1.09471949375171, 2.1686318013899917, 2.7819673128920837, 4.200656457031449, 5.2010157546387035, 6.626712334936533, 7.683388060614926, 7.027913278491703, 1.774740682466033, 0.0, 1.7719748925986505, 2.5026556095475865, 3.0652244061406013, 2.560519785121764, 3.1111678530738263, 4.373536734726256, 4.729222495294549, 5.112081888037398, 5.3167917770023685, 6.932074732718913, 8.672442158930782, 7.731663533160248, 7.694273467976038, 6.639511828440402, 6.942057443582559, 8.10889748177889], [1.094437412554962, 2.1591987333267864, 3.470791064008319, 4.67950110695574, 5.972616922254431, 7.242387387457259, 8.472478992007002, 7.617245119464123, 1.7719590599108093, 1.7719748925986505, 0.0, 2.47308665436535, 2.4732894897282036, 3.7540424624662942, 3.7526752444089797, 4.822702009247513, 4.837041778814816, 6.161269386254751, 6.09216264556356, 7.3030459453573195, 9.374550479889688, 8.511217640854921, 8.679019261414275, 7.0362073548183615, 7.7390117385878145, 8.635535570536433], [2.1462157510371593, 1.096248936145436, 2.1626508294220774, 2.7601726848152093, 4.180886272071987, 5.243719194426795, 6.60388344158193, 5.328547044926975, 3.0651800257081154, 2.5026556095475865, 2.47308665436535, 0.0, 1.764897328458514, 2.5086448792126794, 3.0668935896114817, 2.520075242924306, 3.0905331142053796, 4.368709325418664, 4.676592992767278, 5.399422020920388, 7.414642911158973, 6.888510031204135, 6.799458165177575, 4.664555063454606, 5.439269940901996, 6.330202646835249], [2.1462851511390557, 1.0961666068622964, 2.1625036855459925, 2.7595543064052936, 4.182481710659355, 5.202308857613127, 6.534023217742649, 5.670407220826384, 2.5026334310082254, 3.0652244061406013, 2.4732894897282036, 1.764897328458514, 0.0, 3.067296730021404, 2.508138981396366, 3.075228955703949, 2.534366486915419, 4.726338905537774, 4.350688628251855, 5.049901846570881, 7.3211658210970745, 6.5921465070187875, 6.960116796433807, 5.067926276101499, 6.057127214282362, 6.598068002832345], [2.7509292539067594, 2.1595138526992597, 1.0968570007070202, 2.160989805621489, 2.752077544329011, 4.218870922415143, 5.174483025385241, 4.710410591445294, 3.11288032857031, 2.560519785121764, 3.7540424624662942, 2.5086448792126794, 3.067296730021404, 0.0, 1.7650003739376372, 2.500577961192172, 3.06593573644328, 2.5521751389745964, 3.007775558448469, 4.713554464520379, 6.180708465054795, 5.300838486503809, 5.135958984454607, 4.567489000534101, 4.585067827197324, 5.798899918087913], [2.749417654704355, 2.15874856340427, 1.0968763649564157, 2.1616341179764906, 2.756315484482863, 4.169158598566382, 5.086892338156962, 5.095649923218823, 2.5589636144345627, 3.1111678530738263, 3.7526752444089797, 3.0668935896114817, 2.508138981396366, 1.7650003739376372, 0.0, 3.0604116226416345, 2.5056424605278385, 3.126650185102261, 2.472570073830062, 4.310586685127675, 6.070146628377276, 4.91136072590886, 5.348610343818288, 4.980287462586873, 5.305013675759941, 6.091953931211234], [4.154986789389348, 2.7414954787487793, 2.1524637279173837, 1.0955937477003053, 2.167857894327947, 2.8547460762736847, 4.272835208617342, 2.8158857043566243, 4.71727028269528, 4.373536734726256, 4.822702009247513, 2.520075242924306, 3.075228955703949, 2.500577961192172, 3.0604116226416345, 0.0, 1.7663507749028786, 2.4870683263633913, 3.0618970475834093, 3.1716631142036507, 4.992367287169485, 4.76438658591009, 4.510578970597899, 2.2761041913761333, 3.0288408971089917, 3.839315829675907], [4.167872865143561, 2.7556279393270784, 2.160399551009026, 1.0966275119656628, 2.1623087961713514, 2.7656099761173842, 4.150758766779877, 3.409605854054102, 4.384171851102555, 4.729222495294549, 4.837041778814816, 3.0905331142053796, 2.534366486915419, 3.06593573644328, 2.5056424605278385, 1.7663507749028786, 0.0, 3.065581918657533, 2.5277286741262404, 2.518455608105888, 4.83872761477643, 4.311548772772958, 4.737057146583731, 3.0118035543507813, 4.026359896978907, 4.256262733901656], [5.191538201727885, 4.189216473279938, 2.7800178021012742, 2.1598776817218144, 1.0974788335088745, 2.1723675425673252, 2.776571947564118, 2.792035354360686, 5.422821072098913, 5.112081888037398, 6.161269386254751, 4.368709325418664, 4.726338905537774, 2.5521751389745964, 3.126650185102261, 2.4870683263633913, 3.065581918657533, 0.0, 1.7600960513562889, 3.0684578292686377, 3.7866472597800813, 3.1261152953785953, 2.599076780320274, 3.2143463083494908, 2.579476970240285, 3.7774072404229866], [5.110295377960064, 4.135188853002968, 2.7021883816640173, 2.1508806638212175, 1.0977414267485763, 2.1592645252492804, 2.6764787856435555, 3.4847517630385094, 5.03116676428043, 5.3167917770023685, 6.09216264556356, 4.676592992767278, 4.350688628251855, 3.007775558448469, 2.472570073830062, 3.0618970475834093, 2.5277286741262404, 1.7600960513562889, 0.0, 2.505579018909601, 3.6888650449697944, 2.4512253649960467, 3.033614629447847, 3.8578415986144377, 3.7692871514385846, 4.311413560539049], [6.535762612733115, 5.174685703499296, 4.165100225684852, 2.7736683020866066, 2.1586260213385735, 1.0973898988053425, 2.1387473600217484, 2.143158745870217, 6.6621129823802905, 6.932074732718913, 7.3030459453573195, 5.399422020920388, 5.049901846570881, 4.713554464520379, 4.310586685127675, 3.1716631142036507, 2.518455608105888, 3.0684578292686377, 2.505579018909601, 0.0, 2.4785419625255494, 2.4811245051387485, 3.0645055490241817, 2.464762621430307, 3.0664344131254464, 2.5108895853860242], [8.492398992628644, 7.239545036119328, 5.980852515319201, 4.726285978440154, 3.474820070161907, 2.176092390042298, 1.0952454565073533, 2.7379216953740664, 8.592464389801101, 8.672442158930782, 9.374550479889688, 7.414642911158973, 7.3211658210970745, 6.180708465054795, 6.070146628377276, 4.992367287169485, 4.83872761477643, 3.7866472597800813, 3.6888650449697944, 2.4785419625255494, 0.0, 1.7681092585018607, 1.7726690159192158, 3.717433878362869, 3.1666848580179243, 2.47705120052049], [7.550340560531028, 6.481829780239527, 5.092835675731154, 4.153897576975147, 2.7482229804002443, 2.1759851791774687, 1.0951739131297822, 3.463820223394973, 7.4676220056990035, 7.731663533160248, 8.511217640854921, 6.888510031204135, 6.5921465070187875, 5.300838486503809, 4.91136072590886, 4.76438658591009, 4.311548772772958, 3.1261152953785953, 2.4512253649960467, 2.4811245051387485, 1.7681092585018607, 0.0, 1.772775865697635, 4.318005830241548, 3.818547582524015, 3.712473598559322], [7.714324175843274, 6.627026594936828, 5.224720766701317, 4.244410502060327, 2.784402851600321, 2.1818328098183875, 1.0953626477107936, 2.7773952203458547, 7.837672116770387, 7.694273467976038, 8.679019261414275, 6.799458165177575, 6.960116796433807, 5.135958984454607, 5.348610343818288, 4.510578970597899, 4.737057146583731, 2.599076780320274, 3.033614629447847, 3.0645055490241817, 1.7726690159192158, 1.772775865697635, 0.0, 3.810452519058596, 2.643871122048123, 3.055923312192242], [6.417374298729972, 4.961163566140507, 4.283062092708907, 2.836783437275394, 2.8573326932648215, 2.1808032212925585, 3.4641802046083, 1.0940551220116836, 6.930570505376884, 6.639511828440402, 7.0362073548183615, 4.664555063454606, 5.067926276101499, 4.567489000534101, 4.980287462586873, 2.2761041913761333, 3.0118035543507813, 3.2143463083494908, 3.8578415986144377, 2.464762621430307, 3.717433878362869, 4.318005830241548, 3.810452519058596, 0.0, 1.773505711859987, 1.761532892114138], [6.965872144965051, 5.683014652453397, 4.67118989765991, 3.447051273189884, 2.787317726776049, 2.1801696677093734, 2.8126347398835847, 1.0952843192523118, 7.438941821253882, 6.942057443582559, 7.7390117385878145, 5.439269940901996, 6.057127214282362, 4.585067827197324, 5.305013675759941, 3.0288408971089917, 4.026359896978907, 2.579476970240285, 3.7692871514385846, 3.0664344131254464, 3.1666848580179243, 3.818547582524015, 2.643871122048123, 1.773505711859987, 0.0, 1.7717072500839408], [7.925886836184326, 6.506086422727567, 5.587758375234205, 4.121702932041561, 3.5019982766986057, 2.1739620603865193, 2.7005698435700567, 1.0954274873308592, 8.321036536393768, 8.10889748177889, 8.635535570536433, 6.330202646835249, 6.598068002832345, 5.798899918087913, 6.091953931211234, 3.839315829675907, 4.256262733901656, 3.7774072404229866, 4.311413560539049, 2.5108895853860242, 2.47705120052049, 3.712473598559322, 3.055923312192242, 1.761532892114138, 1.7717072500839408, 0.0]]}