{"total energy": -28.10646948, "HOMO-LUMO gap/eV": 10.81499785, "electronic energy": -28.40473297, "dipole": [0.52956081, -0.82458653, 0.46417019], "partial charges": [-0.10259818, -0.05167185, -0.06166045, 0.08477713, -0.33185265, 0.07131695, 0.07177326, -0.44340505, 0.03555631, 0.03502221, 0.0329564, 0.04184081, 0.03165651, 0.04925762, 0.03766253, 0.01958333, 0.02128194, 0.02436402, 0.03636313, 0.04077839, 0.05170273, 0.3052949], "atomic dipole moments": [[-0.10003833, -0.03502524, 0.00180589], [0.08721306, -0.08332608, -0.02310731], [-0.11223749, 0.04359543, 0.03216172], [-0.05769064, 0.11638456, -0.15514901], [-0.10268202, -0.18681568, 0.18353716], [0.16663506, 0.09322913, -0.05869516], [0.06351142, 0.13855897, 0.12140093], [0.10851243, -0.21587187, -0.01845417], [0.00428587, 0.12268899, 0.02445613], [0.05313976, -0.01820907, -0.11316926], [0.07023124, -0.05821086, 0.08644885], [-0.06506546, 0.06893212, -0.08359485], [-0.0471702, 0.02737568, 0.1107409], [0.04845445, -0.02096573, -0.11519411], [0.06973948, -0.0637667, 0.08089545], [0.0005599, -0.11554958, -0.02011343], [-0.0490221, 0.02377819, 0.10643852], [-0.00251079, -0.1193141, -0.02039889], [-0.04506929, 0.03204938, 0.10936819], [0.05109122, -0.00923684, -0.11004237], [-0.1240535, -0.0336932, -0.00632677], [0.0799043, 0.00232635, 0.01455194]], "atomic quadrupole moments": [[0.20210067, 0.10864267, -0.0723245, -0.00542613, 0.00104051, -0.12977617], [0.09312866, 0.11505419, 0.13169637, -0.01234911, 0.0750441, -0.22482503], [0.12622775, 0.1266101, 0.11008468, -0.00738748, 0.05442748, -0.23631243], [0.15387679, -0.05641821, -0.15919826, 0.25556472, -0.2358969, 0.00532147], [0.10303142, 0.03175536, -0.07561259, 0.05762588, -0.10279601, -0.02741883], [0.35836679, 0.12326532, -0.17767619, 0.11970667, -0.15146182, -0.1806906], [-0.25745368, -0.03032467, 0.40496189, 0.15135249, 0.01082452, -0.14750822], [-0.07314461, -0.00500801, 0.18039689, 0.0138442, 0.05146456, -0.10725228], [-0.027747, -0.00190997, 0.07681905, -0.00252344, 0.02655779, -0.04907205], [-0.01691316, -0.0027073, -0.04568326, -0.03371763, 0.02630363, 0.06259642], [-0.00369888, -0.02489923, -0.01222132, 0.03779578, -0.05292632, 0.0159202], [-0.00621671, -0.00821591, -0.00875459, 0.035427, -0.02770485, 0.0149713], [-0.01988219, 0.00750449, -0.02577896, -0.02994163, 0.0109638, 0.04566115], [-0.03037424, 0.0072643, -0.01526584, -0.02945267, 0.01366412, 0.04564008], [-0.00901138, -0.01506018, -0.00342364, 0.04434722, -0.0312087, 0.01243502], [-0.02192299, -0.00804068, 0.04606083, 0.01523626, 0.0111339, -0.02413785], [-0.00992025, -0.01755582, -0.02822375, -0.01351533, 0.01616015, 0.038144], [-0.01150217, 0.00656844, 0.04991457, 0.00170963, 0.01660274, -0.0384124], [0.01087115, -0.00081485, -0.03355945, -0.02523888, 0.02276706, 0.0226883], [-0.02691873, -0.00880039, 0.01140429, -0.03925577, 0.0185577, 0.01551444], [0.05344289, 0.01899303, -0.01512503, -0.00437503, -0.00027421, -0.03831786], [0.10492759, 0.04555653, -0.02724812, 0.03800281, 0.01696845, -0.07767947]], "number of molecular orbitals": 46, "number of electrons": 50, "number of unpaired electrons": 0, "orbital energies/eV": [-19.08064491, -18.51372966, -17.71845872, -17.0699961, -16.75167952, -16.43096208, -16.07298701, -15.46439419, -15.18679533, -15.12014882, -15.06281737, -14.3383437, -14.17523484, -13.77130828, -13.63831759, -13.43238681, -12.98607013, -12.8205064, -12.56449555, -12.31907553, -12.06102212, -11.90645164, -11.64828265, -11.14996421, -11.08467113, -0.26967328, 1.49532492, 1.82438057, 2.10916413, 2.83511006, 3.32941589, 3.45843311, 3.88994429, 3.96315904, 4.01941456, 4.36506191, 4.58066009, 4.83547269, 5.01006442, 5.59963484, 6.01847352, 6.45898451, 6.54097458, 7.03767126, 7.15200825, 8.04833934], "fractional occupation": [2.0, 2.0, 2.0, 2.0, 2.0, 2.0, 2.0, 2.0, 2.0, 2.0, 2.0, 2.0, 2.0, 2.0, 2.0, 2.0, 2.0, 2.0, 2.0, 2.0, 2.0, 2.0, 2.0, 2.0, 2.0, 0.0, 0.0, 0.0, 0.0, 0.0, 0.0, 0.0, 0.0, 0.0, 0.0, 0.0, 0.0, 0.0, 0.0, 0.0, 0.0, 0.0, 0.0, 0.0, 0.0, 0.0], "program call": "xtb /home/svss/Project-DBcg-Debug/aqme2_20220329/End-to-End-workflows-final/example-3/QDESCP/mol_654_rdkit_conf_2/mol_654_rdkit_conf_2.xyz --pop --wbo --acc 0.2 --gfn 2 --chrg 0 --uhf 0 --etemp 300 --input /home/svss/Project-DBcg-Debug/aqme2_20220329/End-to-End-workflows-final/example-3/QDESCP/mol_654_rdkit_conf_2/mol_654_rdkit_conf_2_xtb.inp", "method": "GFN2-xTB", "xtb version": "6.3.3 (7355c4f)", "Dipole module/D": 2.756, "Total charge": 0, "Transition dipole module/D": NaN, "HOMO": -11.0847, "LUMO": -0.2697, "HOMO occupancy": 2.0, "LUMO occupancy": 0, "mulliken charges": [-0.08501, -0.0351, -0.05238, 0.19745, -0.47972, 0.17519, 0.19036, -0.56814, 0.02956, 0.02799, 0.02484, 0.03332, 0.02042, 0.03666, 0.02255, 0.01264, 0.01285, 0.01351, 0.02392, 0.02518, 0.02711, 0.34678], "cm5 charges": [-0.23533, -0.14651, -0.15964, 0.11394, -0.58485, 0.09317, 0.10618, -0.777, 0.08035, 0.07931, 0.07613, 0.09065, 0.0756, 0.09402, 0.07771, 0.07527, 0.07585, 0.07609, 0.08891, 0.08981, 0.08938, 0.52096], "FUKUI+": [0.015, 0.006, 0.01, -0.022, -0.153, -0.018, 0.001, -0.082, -0.029, -0.018, -0.021, -0.007, -0.023, -0.045, -0.084, -0.073, -0.071, -0.093, -0.077, -0.065, -0.097, -0.054], "FUKUI-": [0.017, 0.002, 0.012, 0.023, -0.087, 0.019, 0.016, -0.111, -0.059, -0.063, -0.077, -0.067, -0.065, -0.047, -0.056, -0.08, -0.063, -0.067, -0.067, -0.085, -0.064, -0.031], "FUKUIrad": [0.016, 0.004, 0.011, 0.0, -0.12, 0.001, 0.008, -0.097, -0.044, -0.04, -0.049, -0.037, -0.044, -0.046, -0.07, -0.077, -0.067, -0.08, -0.072, -0.075, -0.08, -0.043], "s proportion": [1.008, 1.026, 1.033, 0.995, 1.699, 1.004, 0.994, 1.703, 0.97, 0.972, 0.975, 0.967, 0.98, 0.963, 0.977, 0.987, 0.987, 0.986, 0.976, 0.975, 0.973, 0.653], "p proportion": [3.077, 3.009, 3.019, 2.807, 4.78, 2.821, 2.815, 4.865, 0.0, 0.0, 0.0, 0.0, 0.0, 0.0, 0.0, 0.0, 0.0, 0.0, 0.0, 0.0, 0.0, 0.0], "d proportion": [0.0, 0.0, 0.0, 0.0, 0.0, 0.0, 0.0, 0.0, 0.0, 0.0, 0.0, 0.0, 0.0, 0.0, 0.0, 0.0, 0.0, 0.0, 0.0, 0.0, 0.0, 0.0], "Fermi-level/eV": -5.6772, "Coordination numbers": [3.75, 3.8, 3.8, 3.699, 1.697, 3.697, 3.672, 1.652, 0.924, 0.924, 0.924, 0.924, 0.924, 0.924, 0.924, 0.924, 0.924, 0.924, 0.924, 0.924, 0.924, 0.803], "Dispersion coefficient C6": [22.523, 21.503, 21.686, 19.326, 19.56, 19.548, 19.608, 21.711, 2.509, 2.516, 2.545, 2.425, 2.563, 2.329, 2.48, 2.74, 2.714, 2.668, 2.498, 2.439, 2.299, 0.706], "Total dispersion C6": 3328.073852, "Total dispersion C8": 68437.526681, "Polarizability alpha": [6.768, 6.602, 6.63, 6.287, 5.971, 6.324, 6.347, 6.29, 2.477, 2.481, 2.495, 2.435, 2.504, 2.387, 2.463, 2.589, 2.576, 2.554, 2.472, 2.442, 2.371, 1.319], "Total polarizability alpha": 84.785132, "Wiberg matrix": [[0.0, 1.0205365892023555, 0.0, 0.0, 0.0, 0.0, 0.0, 0.0, 0.9871494573053236, 0.9875544744239655, 0.9875143059507188, 0.0, 0.0, 0.0, 0.0, 0.0, 0.0, 0.0, 0.0, 0.0, 0.0, 0.0], [1.0205365892023555, 0.0, 1.0079796877931881, 0.0, 0.0, 0.0, 0.0, 0.0, 0.0, 0.0, 0.0, 0.977303793623949, 0.9778257720487114, 0.0, 0.0, 0.0, 0.0, 0.0, 0.0, 0.0, 0.0, 0.0], [0.0, 1.0079796877931881, 0.0, 1.003653288032834, 0.0, 0.0, 0.0, 0.0, 0.0, 0.0, 0.0, 0.0, 0.0, 0.9754603129490688, 0.9747486213385284, 0.0, 0.0, 0.0, 0.0, 0.0, 0.0, 0.0], [0.0, 0.0, 1.003653288032834, 0.0, 0.9745033722246322, 0.0, 0.0, 0.0, 0.0, 0.0, 0.0, 0.0, 0.0, 0.0, 0.0, 0.9697055861561371, 0.968813281978816, 0.0, 0.0, 0.0, 0.0, 0.0], [0.0, 0.0, 0.0, 0.9745033722246322, 0.0, 0.9771825577535904, 0.0, 0.0, 0.0, 0.0, 0.0, 0.0, 0.0, 0.0, 0.0, 0.0, 0.0, 0.0, 0.0, 0.0, 0.0, 0.0], [0.0, 0.0, 0.0, 0.0, 0.9771825577535904, 0.0, 0.9986460348428332, 0.0, 0.0, 0.0, 0.0, 0.0, 0.0, 0.0, 0.0, 0.0, 0.0, 0.9687751382080957, 0.9685595644708944, 0.0, 0.0, 0.0], [0.0, 0.0, 0.0, 0.0, 0.0, 0.9986460348428332, 0.0, 1.002623666641374, 0.0, 0.0, 0.0, 0.0, 0.0, 0.0, 0.0, 0.0, 0.0, 0.0, 0.0, 0.9707084939437285, 0.9727343473753829, 0.0], [0.0, 0.0, 0.0, 0.0, 0.0, 0.0, 1.002623666641374, 0.0, 0.0, 0.0, 0.0, 0.0, 0.0, 0.0, 0.0, 0.0, 0.0, 0.0, 0.0, 0.0, 0.0, 0.8892858778689031], [0.9871494573053236, 0.0, 0.0, 0.0, 0.0, 0.0, 0.0, 0.0, 0.0, 0.0, 0.0, 0.0, 0.0, 0.0, 0.0, 0.0, 0.0, 0.0, 0.0, 0.0, 0.0, 0.0], [0.9875544744239655, 0.0, 0.0, 0.0, 0.0, 0.0, 0.0, 0.0, 0.0, 0.0, 0.0, 0.0, 0.0, 0.0, 0.0, 0.0, 0.0, 0.0, 0.0, 0.0, 0.0, 0.0], [0.9875143059507188, 0.0, 0.0, 0.0, 0.0, 0.0, 0.0, 0.0, 0.0, 0.0, 0.0, 0.0, 0.0, 0.0, 0.0, 0.0, 0.0, 0.0, 0.0, 0.0, 0.0, 0.0], [0.0, 0.977303793623949, 0.0, 0.0, 0.0, 0.0, 0.0, 0.0, 0.0, 0.0, 0.0, 0.0, 0.0, 0.0, 0.0, 0.0, 0.0, 0.0, 0.0, 0.0, 0.0, 0.0], [0.0, 0.9778257720487114, 0.0, 0.0, 0.0, 0.0, 0.0, 0.0, 0.0, 0.0, 0.0, 0.0, 0.0, 0.0, 0.0, 0.0, 0.0, 0.0, 0.0, 0.0, 0.0, 0.0], [0.0, 0.0, 0.9754603129490688, 0.0, 0.0, 0.0, 0.0, 0.0, 0.0, 0.0, 0.0, 0.0, 0.0, 0.0, 0.0, 0.0, 0.0, 0.0, 0.0, 0.0, 0.0, 0.0], [0.0, 0.0, 0.9747486213385284, 0.0, 0.0, 0.0, 0.0, 0.0, 0.0, 0.0, 0.0, 0.0, 0.0, 0.0, 0.0, 0.0, 0.0, 0.0, 0.0, 0.0, 0.0, 0.0], [0.0, 0.0, 0.0, 0.9697055861561371, 0.0, 0.0, 0.0, 0.0, 0.0, 0.0, 0.0, 0.0, 0.0, 0.0, 0.0, 0.0, 0.0, 0.0, 0.0, 0.0, 0.0, 0.0], [0.0, 0.0, 0.0, 0.968813281978816, 0.0, 0.0, 0.0, 0.0, 0.0, 0.0, 0.0, 0.0, 0.0, 0.0, 0.0, 0.0, 0.0, 0.0, 0.0, 0.0, 0.0, 0.0], [0.0, 0.0, 0.0, 0.0, 0.0, 0.9687751382080957, 0.0, 0.0, 0.0, 0.0, 0.0, 0.0, 0.0, 0.0, 0.0, 0.0, 0.0, 0.0, 0.0, 0.0, 0.0, 0.0], [0.0, 0.0, 0.0, 0.0, 0.0, 0.9685595644708944, 0.0, 0.0, 0.0, 0.0, 0.0, 0.0, 0.0, 0.0, 0.0, 0.0, 0.0, 0.0, 0.0, 0.0, 0.0, 0.0], [0.0, 0.0, 0.0, 0.0, 0.0, 0.0, 0.9707084939437285, 0.0, 0.0, 0.0, 0.0, 0.0, 0.0, 0.0, 0.0, 0.0, 0.0, 0.0, 0.0, 0.0, 0.0, 0.0], [0.0, 0.0, 0.0, 0.0, 0.0, 0.0, 0.9727343473753829, 0.0, 0.0, 0.0, 0.0, 0.0, 0.0, 0.0, 0.0, 0.0, 0.0, 0.0, 0.0, 0.0, 0.0, 0.0], [0.0, 0.0, 0.0, 0.0, 0.0, 0.0, 0.0, 0.8892858778689031, 0.0, 0.0, 0.0, 0.0, 0.0, 0.0, 0.0, 0.0, 0.0, 0.0, 0.0, 0.0, 0.0, 0.0]], "Born radii": [], "Atomic SASAs": [], "Solvent H bonds": [], "Total SASA": NaN, "Total FOD": 0.0, "FOD": [0.0, 0.0, 0.0, 0.0, 0.0, 0.0, 0.0, 0.0, 0.0, 0.0, 0.0, 0.0, 0.0, 0.0, 0.0, 0.0, 0.0, 0.0, 0.0, 0.0, 0.0, 0.0], "FOD s proportion": [0.0, 0.0, 0.0, 0.0, 0.0, 0.0, 0.0, 0.0, 0.0, 0.0, 0.0, 0.0, 0.0, 0.0, 0.0, 0.0, 0.0, 0.0, 0.0, 0.0, 0.0, 0.0], "FOD p proportion": [0.0, 0.0, 0.0, 0.0, 0.0, 0.0, 0.0, 0.0, 0.0, 0.0, 0.0, 0.0, 0.0, 0.0, 0.0, 0.0, 0.0, 0.0, 0.0, 0.0, 0.0, 0.0], "FOD d proportion": [0.0, 0.0, 0.0, 0.0, 0.0, 0.0, 0.0, 0.0, 0.0, 0.0, 0.0, 0.0, 0.0, 0.0, 0.0, 0.0, 0.0, 0.0, 0.0, 0.0, 0.0, 0.0], "coordinates": [["2.97540", "1.37280", "0.95270"], ["1.53360", "0.89050", "0.98190"], ["1.43980", "-0.60880", "0.68910"], ["0.00280", "-1.11830", "0.74760"], ["-0.76290", "-0.48640", "-0.27720"], ["-2.12810", "-0.92270", "-0.26030"], ["-2.86760", "-0.18800", "-1.37290"], ["-2.80080", "1.21910", "-1.14500"], ["3.02050", "2.44550", "1.16530"], ["3.42640", "1.20190", "-0.03000"], ["3.57870", "0.85220", "1.70330"], ["0.95350", "1.45750", "0.24480"], ["1.10330", "1.10390", "1.96720"], ["1.85160", "-0.80170", "-0.30900"], ["2.04670", "-1.16520", "1.41280"], ["-0.00590", "-2.20250", "0.58790"], ["-0.43750", "-0.90210", "1.72790"], ["-2.17590", "-2.00450", "-0.42250"], ["-2.56750", "-0.67060", "0.71120"], ["-2.40700", "-0.38690", "-2.34560"], ["-3.91940", "-0.48430", "-1.40750"], ["-1.85970", "1.39840", "-0.94960"]], "bond_dist": [[0.0, 1.520609473204741, 2.5207718817854183, 3.883812042311008, 4.352489579539507, 5.725941101688002, 6.47959574356302, 6.147231524841081, 1.094494431232978, 1.094672142698443, 1.094712569581623, 2.143916068786276, 2.1462236300069013, 2.753772608622578, 2.741463058295698, 4.669475218908438, 4.174205488473226, 6.311356591098304, 5.912490695130098, 6.553285949811744, 7.5204808017838864, 5.195920771143455], [1.520609473204741, 0.0, 1.530500169879115, 2.5364389545187165, 2.9589015985666034, 4.270691041271892, 5.106741302435439, 4.8392876469579695, 2.159289737390515, 2.1687792441832343, 2.16894418093228, 1.096048092010565, 1.0961358218761033, 2.1519962012048253, 2.1621398914038843, 3.4773474445329735, 2.7667970597786895, 4.910575792104221, 4.39651372225767, 5.3134108979072945, 6.110197738207824, 3.937402640066164], [2.5207718817854183, 1.530500169879115, 0.0, 1.5257724273298425, 2.408444464794653, 3.7053750120601827, 4.794018293665554, 4.968684894416229, 3.47190544514104, 2.782502265946966, 2.7817289317976326, 2.168752145820264, 2.1633569169233264, 1.0968104941146397, 1.0961980934119526, 2.1541052945480637, 2.165498930962562, 4.031987046110143, 4.007837439318116, 4.904744023901757, 5.756062582182372, 4.19534143783316], [3.883812042311008, 2.5364389545187165, 1.5257724273298425, 0.0, 1.4268178370065325, 2.3653449177656944, 3.6879770199934816, 4.111635499408964, 4.688459983832645, 4.2082094482095345, 4.193243798063738, 2.791305065735381, 2.763457481127582, 2.152835469793268, 2.149934385045274, 1.0959331275219306, 1.0961727144934779, 2.6270169660662646, 2.609253215002331, 3.9887301538208875, 4.5199629257329095, 3.561344265863664], [4.352489579539507, 2.9589015985666034, 2.408444464794653, 1.4268178370065325, 0.0, 1.4333228317444746, 2.3915190026424624, 2.795504158465875, 4.999095860253132, 4.523460978056515, 4.956180058270683, 2.645233481188381, 3.3240168305831426, 2.6336354303509815, 3.348241568345988, 2.0655377556462144, 2.073431373351913, 2.079016281802526, 2.0657796010223355, 2.644095992962434, 3.3527712045411033, 2.2820085538840558], [5.725941101688002, 4.270691041271892, 3.7053750120601827, 2.3653449177656944, 1.4333228317444746, 0.0, 1.5246386785071406, 2.412991218384352, 6.315472156537466, 5.951422813075879, 6.290752038508591, 3.9264152365739413, 4.417104229017015, 3.981836860043364, 4.504111999051533, 2.619363304316528, 2.609883514641985, 1.0949360346613863, 1.0956454809836986, 2.17102347753312, 2.1718697221518606, 2.436119508562747], [6.47959574356302, 5.106741302435439, 4.794018293665554, 3.6879770199934816, 2.3915190026424624, 1.5246386785071406, 0.0, 1.4270007217937908, 6.931630623453618, 6.584044229802835, 7.21801954624674, 4.463790849715072, 5.347272241994043, 4.8764084673046, 5.732834274597513, 4.011517640494679, 4.003783892769439, 2.163649994800453, 2.1601934126369335, 1.0944673864487695, 1.0932859141139615, 1.9265799386477582], [6.147231524841081, 4.8392876469579695, 4.968684894416229, 4.111635499408964, 2.795504158465875, 2.412991218384352, 1.4270007217937908, 0.0, 6.381933620776701, 6.326258031411618, 6.996102397049374, 4.010379918411721, 4.99410219058441, 5.140754263724342, 5.977079853908596, 4.745709112450951, 4.282316048588661, 3.362157524566629, 2.659111396688751, 2.0434663686980516, 2.054688241558802, 0.9777519419566502], [1.094494431232978, 2.159289737390515, 3.47190544514104, 4.688459983832645, 4.999095860253132, 6.315472156537466, 6.931630623453618, 6.381933620776701, 0.0, 1.7720151974517602, 1.7719018398319926, 2.468998430538181, 2.4735783816163983, 3.752891623801572, 3.747892365049989, 5.576413876318722, 4.845689684657902, 7.023260054988709, 6.414205330358548, 7.0573837092792395, 7.960228633023049, 5.420846101855318], [1.094672142698443, 2.1687792441832343, 2.782502265946966, 4.2082094482095345, 4.523460978056515, 5.951422813075879, 6.584044229802835, 6.326258031411618, 1.7720151974517602, 0.0, 1.7747716106586784, 2.5012158663338115, 3.0651599387307673, 2.5636397952910626, 3.096515192922521, 4.873645766774603, 4.737800293385106, 6.466902079048359, 6.3231693714465695, 6.474167464624313, 7.661693959562729, 5.36909020412211], [1.094712569581623, 2.16894418093228, 2.7817289317976326, 4.193243798063738, 4.956180058270683, 6.290752038508591, 7.21801954624674, 6.996102397049374, 1.7719018398319926, 1.7747716106586784, 0.0, 3.0635413135781278, 2.502119353668006, 3.12531772944768, 2.5497680306255313, 4.839903553791129, 4.382697353228945, 6.767213731662389, 6.409286753609953, 7.3319550264578135, 8.227078004978438, 6.075558197400466], [2.143916068786276, 1.096048092010565, 2.168752145820264, 2.791305065735381, 2.645233481188381, 3.9264152365739413, 4.463790849715072, 4.010379918411721, 2.468998430538181, 2.5012158663338115, 3.0635413135781278, 0.0, 1.7646911231147506, 2.4934439416197027, 3.072110924104141, 3.7991796443442896, 3.114832061283561, 4.714220789271542, 4.140504748216091, 4.626547716170234, 5.499621526978015, 3.056824890306934], [2.1462236300069013, 1.0961358218761033, 2.1633569169233264, 2.763457481127582, 3.3240168305831426, 4.417104229017015, 5.347272241994043, 4.99410219058441, 2.4735783816163983, 3.0651599387307673, 2.502119353668006, 1.7646911231147506, 0.0, 3.061429517398694, 2.5191621087178966, 3.750343196295507, 2.540741059218747, 5.1113568932329505, 4.266281623381185, 5.7571637609156125, 6.256076615579448, 4.16819163307063], [2.753772608622578, 2.1519962012048253, 1.0968104941146397, 2.152835469793268, 2.6336354303509815, 3.981836860043364, 4.8764084673046, 5.140754263724342, 3.752891623801572, 2.5636397952910626, 3.12531772944768, 2.4934439416197027, 3.061429517398694, 0.0, 1.7705342414085077, 2.4933865524623333, 3.0657822134000323, 4.204802770642162, 4.537228235387769, 4.738720561501807, 5.883186722346997, 4.361714807274772], [2.741463058295698, 2.1621398914038843, 1.0961980934119526, 2.149934385045274, 3.348241568345988, 4.504111999051533, 5.732834274597513, 5.977079853908596, 3.747892365049989, 3.096515192922521, 2.5497680306255313, 3.072110924104141, 2.5191621087178966, 1.7705342414085077, 0.0, 2.443280184506067, 2.5178878569149976, 4.680074928887357, 4.69336908414414, 5.87935074136592, 6.6341590356276505, 5.2357367848279], [4.669475218908438, 3.4773474445329735, 2.1541052945480637, 1.0959331275219306, 2.0655377556462144, 2.619363304316528, 4.011517640494679, 4.745709112450951, 5.576413876318722, 4.873645766774603, 4.839903553791129, 3.7991796443442896, 3.750343196295507, 2.4933865524623333, 2.443280184506067, 0.0, 1.78239129261787, 2.40187679950492, 2.987258786914853, 4.203225763624886, 4.716917918514165, 4.332085121509041], [4.174205488473226, 2.7667970597786895, 2.165498930962562, 1.0961727144934779, 2.073431373351913, 2.609883514641985, 4.003783892769439, 4.282316048588661, 4.845689684657902, 4.737800293385106, 4.382697353228945, 3.114832061283561, 2.540741059218747, 3.0657822134000323, 2.5178878569149976, 1.78239129261787, 0.0, 2.976833969169258, 2.3715334996579744, 4.553873465523608, 4.704138349368564, 3.8057797282554335], [6.311356591098304, 4.910575792104221, 4.031987046110143, 2.6270169660662646, 2.079016281802526, 1.0949360346613863, 2.163649994800453, 3.362157524566629, 7.023260054988709, 6.466902079048359, 6.767213731662389, 4.714220789271542, 5.1113568932329505, 4.204802770642162, 4.680074928887357, 2.40187679950492, 2.976833969169258, 0.0, 1.7938549160955022, 2.523559109670309, 2.5141649289575256, 3.4579683717466243], [5.912490695130098, 4.39651372225767, 4.007837439318116, 2.609253215002331, 2.0657796010223355, 1.0956454809836986, 2.1601934126369335, 2.659111396688751, 6.414205330358548, 6.3231693714465695, 6.409286753609953, 4.140504748216091, 4.266281623381185, 4.537228235387769, 4.69336908414414, 2.987258786914853, 2.3715334996579744, 1.7938549160955022, 0.0, 3.074129499549425, 2.520164873574743, 2.745905766773507], [6.553285949811744, 5.3134108979072945, 4.904744023901757, 3.9887301538208875, 2.644095992962434, 2.17102347753312, 1.0944673864487695, 2.0434663686980516, 7.0573837092792395, 6.474167464624313, 7.3319550264578135, 4.626547716170234, 5.7571637609156125, 4.738720561501807, 5.87935074136592, 4.203225763624886, 4.553873465523608, 2.523559109670309, 3.074129499549425, 0.0, 1.7823782230491936, 2.3314479149232565], [7.5204808017838864, 6.110197738207824, 5.756062582182372, 4.5199629257329095, 3.3527712045411033, 2.1718697221518606, 1.0932859141139615, 2.054688241558802, 7.960228633023049, 7.661693959562729, 8.227078004978438, 5.499621526978015, 6.256076615579448, 5.883186722346997, 6.6341590356276505, 4.716917918514165, 4.704138349368564, 2.5141649289575256, 2.520164873574743, 1.7823782230491936, 0.0, 2.827825275719842], [5.195920771143455, 3.937402640066164, 4.19534143783316, 3.561344265863664, 2.2820085538840558, 2.436119508562747, 1.9265799386477582, 0.9777519419566502, 5.420846101855318, 5.36909020412211, 6.075558197400466, 3.056824890306934, 4.16819163307063, 4.361714807274772, 5.2357367848279, 4.332085121509041, 3.8057797282554335, 3.4579683717466243, 2.745905766773507, 2.3314479149232565, 2.827825275719842, 0.0]]}