{"total energy": -24.04933054, "HOMO-LUMO gap/eV": 12.12992653, "electronic energy": -24.34723647, "dipole": [0.47124102, -0.28252761, -0.36037325], "partial charges": [-0.10428709, -0.00986145, -0.10423083, -0.06262532, -0.05905516, 0.08673413, -0.44357385, 0.03645353, 0.03162413, 0.03147294, 0.02541448, 0.03509741, 0.02980268, 0.03222546, 0.05001152, 0.03040896, 0.03044811, 0.05083914, 0.01479068, 0.01619759, 0.28211295], "atomic dipole moments": [[0.03785514, -0.09380322, -0.0045548], [0.0044949, 0.03141284, 0.08953944], [0.05704855, 0.05974162, -0.05777352], [-0.02360705, 0.05923128, -0.10623769], [0.058865, -0.07312747, 0.07645739], [-0.04124533, 0.08504283, 0.17341644], [0.10088166, -0.108954, -0.19286986], [0.0066949, 0.05554997, 0.11447857], [-0.12069675, 0.00181298, -0.03309934], [0.05663433, 0.07603509, -0.08252306], [-0.00764078, -0.04262718, -0.11514268], [-0.00305092, 0.03445542, 0.12232448], [0.04107997, -0.11814871, -0.00387179], [-0.11875522, -0.00320149, -0.04009065], [0.00950809, 0.04126093, 0.12137429], [0.03711648, -0.11673116, 0.00686762], [-0.01340313, -0.03437206, -0.11805837], [-0.02808901, 0.12355473, 0.00773934], [0.07232025, 0.06120377, -0.06600276], [0.03388913, -0.11268077, 0.00618523], [0.07757865, -0.01673722, 0.00607264]], "atomic quadrupole moments": [[-0.0497825, -0.10035736, 0.17573533, -0.0094312, 0.00366294, -0.12595284], [0.09559586, -0.00366369, 0.06602103, -0.01092147, -0.10657724, -0.16161689], [0.00435901, 0.10219145, 0.01384159, -0.10581871, -0.12394672, -0.0182006], [0.18956475, 0.10014735, -0.1112019, -0.01752488, -0.13223764, -0.07836286], [0.22243667, 0.04164178, -0.15039597, -0.00280953, -0.11962614, -0.07204071], [-0.05125645, -0.00590895, -0.24657194, 0.15072022, 0.23148234, 0.29782839], [-0.0557972, -0.00771116, -0.07941411, 0.02439847, 0.10627718, 0.13521131], [-0.04540135, -0.00275199, -0.02360625, 0.0182813, 0.034314, 0.0690076], [0.07260197, 0.01291247, -0.02765363, 0.03404416, 0.00451784, -0.04494834], [-0.00349937, 0.02886997, -0.00129065, -0.053288, -0.03972264, 0.00479002], [-0.01999052, -0.00225805, -0.00851715, -0.00132101, 0.01347416, 0.02850766], [-0.04287351, 0.01227184, -0.02084576, 0.00423943, 0.04239195, 0.06371928], [-0.01893463, -0.04540169, 0.06160794, -0.01523829, 0.00407814, -0.04267331], [0.06399202, -0.00274899, -0.04378306, 0.04276532, -0.01414939, -0.02020896], [-0.02167027, 0.00879985, -0.01214391, -0.0046634, 0.03759862, 0.03381419], [-0.00936064, -0.01927484, 0.05336221, -0.00838398, 0.00596872, -0.04400157], [-0.02290252, 0.01468555, -0.02811044, 0.00769348, 0.03574562, 0.05101295], [-0.01314032, -0.01566382, 0.05060169, -0.01618172, 0.00843109, -0.03746137], [-0.00722164, 0.03314062, -0.01886792, -0.01467666, -0.01942948, 0.02608956], [-0.03575524, -0.00958332, 0.04450364, 0.018375, 0.00832114, -0.0087484], [0.11703731, -0.03117786, -0.08006044, 0.05048461, 0.01088602, -0.03697687]], "number of molecular orbitals": 42, "number of electrons": 44, "number of unpaired electrons": 0, "orbital energies/eV": [-18.572986, -17.07496455, -16.79848684, -16.1093227, -15.8015264, -15.41718508, -15.34122498, -14.79428246, -14.33884552, -13.82065945, -13.69339393, -13.31778126, -13.03400034, -12.86461468, -12.41616198, -12.31953304, -12.11290537, -11.83663305, -11.54147216, -11.41526213, -11.28446204, -11.02061628, 1.10931026, 1.68953993, 2.5034885, 2.77692446, 3.50577657, 3.62941241, 3.7492686, 3.92409247, 4.53322354, 4.78512916, 5.0823301, 5.56177558, 5.82126985, 6.13294889, 6.51783636, 6.73808218, 7.0173141, 7.26921286, 7.96197604, 8.30998283], "fractional occupation": [2.0, 2.0, 2.0, 2.0, 2.0, 2.0, 2.0, 2.0, 2.0, 2.0, 2.0, 2.0, 2.0, 2.0, 2.0, 2.0, 2.0, 2.0, 2.0, 2.0, 2.0, 2.0, 0.0, 0.0, 0.0, 0.0, 0.0, 0.0, 0.0, 0.0, 0.0, 0.0, 0.0, 0.0, 0.0, 0.0, 0.0, 0.0, 0.0, 0.0, 0.0, 0.0], "program call": "xtb /home/svss/Project-DBcg-Debug/aqme2_20220329/End-to-End-workflows-final/example-3/QDESCP/mol_995_rdkit_conf_3/mol_995_rdkit_conf_3.xyz --pop --wbo --acc 0.2 --gfn 2 --chrg 0 --uhf 0 --etemp 300 --input /home/svss/Project-DBcg-Debug/aqme2_20220329/End-to-End-workflows-final/example-3/QDESCP/mol_995_rdkit_conf_3/mol_995_rdkit_conf_3_xtb.inp", "method": "GFN2-xTB", "xtb version": "6.3.3 (7355c4f)", "Dipole module/D": 1.67, "Total charge": 0, "Transition dipole module/D": NaN, "HOMO": -11.0206, "LUMO": 1.1093, "HOMO occupancy": 2.0, "LUMO occupancy": 0, "mulliken charges": [-0.09136, -0.00068, -0.09023, -0.04931, -0.05059, 0.19966, -0.56915, 0.03004, 0.02746, 0.02757, 0.01625, 0.02848, 0.02691, 0.0276, 0.03855, 0.0212, 0.01945, 0.03725, 0.00836, 0.00743, 0.3351], "cm5 charges": [-0.23982, -0.0751, -0.23871, -0.15675, -0.15821, 0.11249, -0.78388, 0.08197, 0.07891, 0.07949, 0.07443, 0.08031, 0.07829, 0.07897, 0.09664, 0.07745, 0.07478, 0.09521, 0.07045, 0.06985, 0.50322], "FUKUI+": [0.024, -0.026, 0.016, -0.022, 0.006, -0.009, -0.104, -0.037, -0.054, -0.027, -0.055, -0.042, -0.039, -0.073, -0.052, -0.051, -0.099, -0.058, -0.107, -0.075, -0.114], "FUKUI-": [0.02, -0.01, 0.015, 0.004, 0.009, 0.021, -0.107, -0.065, -0.062, -0.058, -0.1, -0.069, -0.051, -0.062, -0.062, -0.05, -0.051, -0.058, -0.11, -0.097, -0.057], "FUKUIrad": [0.022, -0.018, 0.016, -0.009, 0.008, 0.006, -0.106, -0.051, -0.058, -0.043, -0.077, -0.056, -0.045, -0.068, -0.057, -0.05, -0.075, -0.058, -0.108, -0.086, -0.086], "s proportion": [1.012, 1.053, 1.013, 1.035, 1.032, 0.99, 1.694, 0.97, 0.973, 0.972, 0.984, 0.972, 0.973, 0.972, 0.961, 0.979, 0.981, 0.963, 0.992, 0.993, 0.665], "p proportion": [3.079, 2.948, 3.077, 3.014, 3.019, 2.81, 4.875, 0.0, 0.0, 0.0, 0.0, 0.0, 0.0, 0.0, 0.0, 0.0, 0.0, 0.0, 0.0, 0.0, 0.0], "d proportion": [0.0, 0.0, 0.0, 0.0, 0.0, 0.0, 0.0, 0.0, 0.0, 0.0, 0.0, 0.0, 0.0, 0.0, 0.0, 0.0, 0.0, 0.0, 0.0, 0.0, 0.0], "Fermi-level/eV": -4.9557, "Coordination numbers": [3.752, 3.848, 3.753, 3.802, 3.799, 3.674, 1.653, 0.924, 0.924, 0.924, 0.924, 0.924, 0.924, 0.924, 0.924, 0.924, 0.924, 0.924, 0.924, 0.924, 0.804], "Dispersion coefficient C6": [22.553, 20.72, 22.55, 21.702, 21.639, 19.361, 21.714, 2.497, 2.564, 2.566, 2.653, 2.515, 2.589, 2.555, 2.32, 2.581, 2.58, 2.31, 2.814, 2.792, 0.778], "Total dispersion C6": 2915.955278, "Total dispersion C8": 60120.456638, "Polarizability alpha": [6.772, 6.475, 6.772, 6.632, 6.623, 6.305, 6.29, 2.471, 2.504, 2.505, 2.547, 2.48, 2.516, 2.5, 2.382, 2.512, 2.512, 2.377, 2.623, 2.613, 1.385], "Total polarizability alpha": 79.797634, "Wiberg matrix": [[0.0, 1.009930540251889, 0.0, 0.0, 0.0, 0.0, 0.0, 0.9867164678768133, 0.9860694717640278, 0.9849972754713294, 0.0, 0.0, 0.0, 0.0, 0.0, 0.0, 0.0, 0.0, 0.0, 0.0, 0.0], [1.009930540251889, 0.0, 1.0082645699431274, 0.9953886177884528, 0.0, 0.0, 0.0, 0.0, 0.0, 0.0, 0.9690972906845087, 0.0, 0.0, 0.0, 0.0, 0.0, 0.0, 0.0, 0.0, 0.0, 0.0], [0.0, 1.0082645699431274, 0.0, 0.0, 0.0, 0.0, 0.0, 0.0, 0.0, 0.0, 0.0, 0.9870331612311926, 0.9868654645318143, 0.9864953722703373, 0.0, 0.0, 0.0, 0.0, 0.0, 0.0, 0.0], [0.0, 0.9953886177884528, 0.0, 0.0, 1.0074370629516944, 0.0, 0.0, 0.0, 0.0, 0.0, 0.0, 0.0, 0.0, 0.0, 0.9755641726802048, 0.9758413000617334, 0.0, 0.0, 0.0, 0.0, 0.0], [0.0, 0.0, 0.0, 1.0074370629516944, 0.0, 1.0060168585173095, 0.0, 0.0, 0.0, 0.0, 0.0, 0.0, 0.0, 0.0, 0.0, 0.0, 0.9754249935990932, 0.9735890450276238, 0.0, 0.0, 0.0], [0.0, 0.0, 0.0, 0.0, 1.0060168585173095, 0.0, 0.9895754430526257, 0.0, 0.0, 0.0, 0.0, 0.0, 0.0, 0.0, 0.0, 0.0, 0.0, 0.0, 0.9734297390152677, 0.972669190391835, 0.0], [0.0, 0.0, 0.0, 0.0, 0.0, 0.9895754430526257, 0.0, 0.0, 0.0, 0.0, 0.0, 0.0, 0.0, 0.0, 0.0, 0.0, 0.0, 0.0, 0.0, 0.0, 0.9076640286402805], [0.9867164678768133, 0.0, 0.0, 0.0, 0.0, 0.0, 0.0, 0.0, 0.0, 0.0, 0.0, 0.0, 0.0, 0.0, 0.0, 0.0, 0.0, 0.0, 0.0, 0.0, 0.0], [0.9860694717640278, 0.0, 0.0, 0.0, 0.0, 0.0, 0.0, 0.0, 0.0, 0.0, 0.0, 0.0, 0.0, 0.0, 0.0, 0.0, 0.0, 0.0, 0.0, 0.0, 0.0], [0.9849972754713294, 0.0, 0.0, 0.0, 0.0, 0.0, 0.0, 0.0, 0.0, 0.0, 0.0, 0.0, 0.0, 0.0, 0.0, 0.0, 0.0, 0.0, 0.0, 0.0, 0.0], [0.0, 0.9690972906845087, 0.0, 0.0, 0.0, 0.0, 0.0, 0.0, 0.0, 0.0, 0.0, 0.0, 0.0, 0.0, 0.0, 0.0, 0.0, 0.0, 0.0, 0.0, 0.0], [0.0, 0.0, 0.9870331612311926, 0.0, 0.0, 0.0, 0.0, 0.0, 0.0, 0.0, 0.0, 0.0, 0.0, 0.0, 0.0, 0.0, 0.0, 0.0, 0.0, 0.0, 0.0], [0.0, 0.0, 0.9868654645318143, 0.0, 0.0, 0.0, 0.0, 0.0, 0.0, 0.0, 0.0, 0.0, 0.0, 0.0, 0.0, 0.0, 0.0, 0.0, 0.0, 0.0, 0.0], [0.0, 0.0, 0.9864953722703373, 0.0, 0.0, 0.0, 0.0, 0.0, 0.0, 0.0, 0.0, 0.0, 0.0, 0.0, 0.0, 0.0, 0.0, 0.0, 0.0, 0.0, 0.0], [0.0, 0.0, 0.0, 0.9755641726802048, 0.0, 0.0, 0.0, 0.0, 0.0, 0.0, 0.0, 0.0, 0.0, 0.0, 0.0, 0.0, 0.0, 0.0, 0.0, 0.0, 0.0], [0.0, 0.0, 0.0, 0.9758413000617334, 0.0, 0.0, 0.0, 0.0, 0.0, 0.0, 0.0, 0.0, 0.0, 0.0, 0.0, 0.0, 0.0, 0.0, 0.0, 0.0, 0.0], [0.0, 0.0, 0.0, 0.0, 0.9754249935990932, 0.0, 0.0, 0.0, 0.0, 0.0, 0.0, 0.0, 0.0, 0.0, 0.0, 0.0, 0.0, 0.0, 0.0, 0.0, 0.0], [0.0, 0.0, 0.0, 0.0, 0.9735890450276238, 0.0, 0.0, 0.0, 0.0, 0.0, 0.0, 0.0, 0.0, 0.0, 0.0, 0.0, 0.0, 0.0, 0.0, 0.0, 0.0], [0.0, 0.0, 0.0, 0.0, 0.0, 0.9734297390152677, 0.0, 0.0, 0.0, 0.0, 0.0, 0.0, 0.0, 0.0, 0.0, 0.0, 0.0, 0.0, 0.0, 0.0, 0.0], [0.0, 0.0, 0.0, 0.0, 0.0, 0.972669190391835, 0.0, 0.0, 0.0, 0.0, 0.0, 0.0, 0.0, 0.0, 0.0, 0.0, 0.0, 0.0, 0.0, 0.0, 0.0], [0.0, 0.0, 0.0, 0.0, 0.0, 0.0, 0.9076640286402805, 0.0, 0.0, 0.0, 0.0, 0.0, 0.0, 0.0, 0.0, 0.0, 0.0, 0.0, 0.0, 0.0, 0.0]], "Born radii": [], "Atomic SASAs": [], "Solvent H bonds": [], "Total SASA": NaN, "Total FOD": 0.0, "FOD": [0.0, 0.0, 0.0, 0.0, 0.0, 0.0, 0.0, 0.0, 0.0, 0.0, 0.0, 0.0, 0.0, 0.0, 0.0, 0.0, 0.0, 0.0, 0.0, 0.0, 0.0], "FOD s proportion": [0.0, 0.0, 0.0, 0.0, 0.0, 0.0, 0.0, 0.0, 0.0, 0.0, 0.0, 0.0, 0.0, 0.0, 0.0, 0.0, 0.0, 0.0, 0.0, 0.0, 0.0], "FOD p proportion": [0.0, 0.0, 0.0, 0.0, 0.0, 0.0, 0.0, 0.0, 0.0, 0.0, 0.0, 0.0, 0.0, 0.0, 0.0, 0.0, 0.0, 0.0, 0.0, 0.0, 0.0], "FOD d proportion": [0.0, 0.0, 0.0, 0.0, 0.0, 0.0, 0.0, 0.0, 0.0, 0.0, 0.0, 0.0, 0.0, 0.0, 0.0, 0.0, 0.0, 0.0, 0.0, 0.0, 0.0], "coordinates": [["-1.83780", "1.07130", "-0.09520"], ["-1.25840", "-0.34390", "-0.11420"], ["-2.12210", "-1.26700", "0.74900"], ["0.20200", "-0.38850", "0.37340"], ["1.16770", "0.39550", "-0.52360"], ["2.62220", "0.19970", "-0.10970"], ["2.82730", "0.71490", "1.19790"], ["-1.76210", "1.51800", "0.90200"], ["-2.89510", "1.06170", "-0.38140"], ["-1.31800", "1.72440", "-0.80260"], ["-1.29660", "-0.71660", "-1.14560"], ["-2.12760", "-0.94280", "1.79530"], ["-1.74770", "-2.29560", "0.71440"], ["-3.15740", "-1.27810", "0.39200"], ["0.25890", "-0.00620", "1.40040"], ["0.52960", "-1.43560", "0.40960"], ["1.04670", "0.07680", "-1.56510"], ["0.92850", "1.46330", "-0.46820"], ["3.28250", "0.73600", "-0.79850"], ["2.89330", "-0.86090", "-0.11820"], ["3.76420", "0.57350", "1.41660"]], "bond_dist": [[0.0, 1.5293320110427298, 2.502228410837028, 2.551741765931655, 3.1101868834525037, 4.54439179758964, 4.854099976308688, 1.0952986898558768, 1.0953930299212238, 1.0941418600894495, 2.14308749471411, 2.7775120341773496, 3.4640418271146785, 2.7383185278561, 2.7917694209945063, 3.4848175576348326, 3.386735376435543, 2.818724656648819, 5.179240201998745, 5.11050223070101, 5.823722871153812], [1.5293320110427298, 0.0, 1.5307532590198853, 1.5402957767909382, 2.5691013856988985, 3.918491746833212, 4.419910444794103, 2.1801485591582974, 2.1739121624389517, 2.1806676982062165, 1.097337910581786, 2.1818295304629096, 2.1760343149867833, 2.176044365356552, 2.1703118992439774, 2.159425694484531, 2.75600894592162, 2.8589892357265008, 4.7174382147517315, 4.183768383885513, 5.330242223389103], [2.502228410837028, 1.5307532590198853, 0.0, 2.5128227991643186, 3.8995129247125213, 5.039539370815551, 5.350327016173872, 2.812336039665246, 2.7015138071088955, 3.464464364082852, 2.138667709112381, 1.095390149672709, 1.0951668731293875, 1.0951795743164678, 2.7718404716000524, 2.6786435391817256, 4.1475475512644815, 4.27109755098148, 5.967953284837273, 5.105995516057568, 6.2033585822520365], [2.551741765931655, 1.5402957767909382, 2.5128227991643186, 0.0, 1.5335714818683868, 2.5370717155807796, 2.9647077258981196, 2.787803619339067, 3.5021181433526767, 2.8561726856056864, 2.1588915141803673, 2.784974732380888, 2.7485708104394906, 3.4752413556471153, 1.0973239722160453, 1.0977479719862842, 2.165133813416621, 2.159920380477021, 3.482431637519967, 2.776315545826879, 3.834446385073079], [3.1101868834525037, 2.5691013856988985, 3.8995129247125213, 1.5335714818683868, 0.0, 1.5248675680202526, 2.4124366872521237, 3.4461673856619326, 4.119512971213951, 2.8324054617939147, 2.7742431220064327, 4.245862243408281, 4.156226698581299, 4.7271291848224335, 2.1654228986505153, 2.1519667887771874, 1.0958708591800406, 1.0956653868768513, 2.159603968323822, 2.172690838568617, 3.2462089104061063], [4.54439179758964, 3.918491746833212, 5.039539370815551, 2.5370717155807796, 1.5248675680202526, 0.0, 1.420322079670664, 4.688660605119547, 5.590837520443605, 4.281354521643822, 4.1556814050165105, 5.243560936043369, 5.0991851221543225, 5.986599359402632, 2.812113744143362, 2.7060771127224, 2.1483700379590105, 2.14332146445651, 1.0945589157281579, 1.0947327619104126, 1.9425452710297386], [4.854099976308688, 4.419910444794103, 5.350327016173872, 2.9647077258981196, 2.4124366872521237, 1.420322079670664, 0.0, 4.668524261477068, 5.94645444697931, 4.712175993105521, 4.954567156674738, 5.258886770030327, 5.497954847031758, 6.359100400213854, 2.6753822194221146, 3.2443015319171553, 3.3484140977483654, 2.6346599799594634, 2.0477463734554626, 2.0541715726783876, 0.9724223670813008], [1.0952986898558768, 2.1801485591582974, 2.812336039665246, 2.787803619339067, 3.4461673856619326, 4.688660605119547, 4.668524261477068, 0.0, 1.7717263473798655, 1.7735520657708361, 3.0663974253185122, 2.643314544279587, 3.8182386096209338, 3.1662497216738923, 2.579928138534095, 3.7706895403891316, 4.006619184549487, 3.0198954435542964, 5.380633179282899, 5.32660514868523, 5.629998676731638], [1.0953930299212238, 2.1739121624389517, 2.7015138071088955, 3.5021181433526767, 4.119512971213951, 5.590837520443605, 5.94645444697931, 1.7717263473798655, 0.0, 1.7617676180472834, 2.51028978008516, 3.056975529833368, 3.7133229983398963, 2.4782277720177377, 3.7766304624625375, 4.311700172785672, 4.231898030435043, 3.845612273747836, 6.20022537171029, 6.105017572456282, 6.915014080245969], [1.0941418600894495, 2.1806676982062165, 3.464464364082852, 2.8561726856056864, 2.8324054617939147, 4.281354521643822, 4.712175993105521, 1.7735520657708361, 1.7617676180472834, 0.0, 2.4650736216186324, 3.8103139516318074, 4.318139771938838, 3.7182613907577826, 3.2147782147451482, 3.855989445006301, 2.981241033529493, 2.286210580852079, 4.705481018982013, 4.988709967516653, 5.663759907517267], [2.14308749471411, 1.097337910581786, 2.138667709112381, 2.1588915141803673, 2.7742431220064327, 4.1556814050165105, 4.954567156674738, 3.0663974253185122, 2.51028978008516, 2.4650736216186324, 0.0, 3.064411893006552, 2.481195721824459, 2.478320530117119, 3.066979688553545, 2.504119501940752, 2.509286492212478, 3.1877742674160605, 4.816501010069447, 4.316437797536297, 5.817295203958624], [2.7775120341773496, 2.1818295304629096, 1.095390149672709, 2.784974732380888, 4.245862243408281, 5.243560936043369, 5.258886770030327, 2.643314544279587, 3.056975529833368, 3.8103139516318074, 3.064411893006552, 0.0, 1.7727765397815933, 1.7726153051353244, 2.5939444519881305, 3.037059131791806, 4.733714483362933, 4.500277399227741, 6.230196617282636, 5.373790716989265, 6.095562863263737], [3.4640418271146785, 2.1760343149867833, 1.0951668731293875, 2.7485708104394906, 4.156226698581299, 5.0991851221543225, 5.497954847031758, 3.8182386096209338, 3.7133229983398963, 4.318139771938838, 2.481195721824459, 1.7727765397815933, 0.0, 1.7681917599627026, 3.120639665196865, 2.4532831736267213, 4.316604379602096, 4.763393581261158, 6.064847649364327, 4.928536075753124, 6.25346793867211], [2.7383185278561, 2.176044365356552, 1.0951795743164678, 3.4752413556471153, 4.7271291848224335, 5.986599359402632, 6.359100400213854, 3.1662497216738923, 2.4782277720177377, 3.7182613907577826, 2.478320530117119, 1.7726153051353244, 1.7681917599627026, 0.0, 3.782288442200039, 3.6904044507343636, 4.831195631518144, 4.994977158105931, 6.8517297867035, 6.08648752319431, 7.237870838858621], [2.7917694209945063, 2.1703118992439774, 2.7718404716000524, 1.0973239722160453, 2.1654228986505153, 2.812113744143362, 2.6753822194221146, 2.579928138534095, 3.7766304624625375, 3.2147782147451482, 3.066979688553545, 2.5939444519881305, 3.120639665196865, 3.782288442200039, 0.0, 1.7601555300597729, 3.069480100929146, 2.469708559729265, 3.811584842293295, 3.1585948473965444, 3.5529484403801868], [3.4848175576348326, 2.159425694484531, 2.6786435391817256, 1.0977479719862842, 2.1519667887771874, 2.7060771127224, 3.2443015319171553, 3.7706895403891316, 4.311700172785672, 3.855989445006301, 2.504119501940752, 3.037059131791806, 2.4532831736267213, 3.6904044507343636, 1.7601555300597729, 0.0, 2.5405090552879357, 3.0550409588089, 3.7086130264561175, 2.489162634300941, 3.9386760427839205], [3.386735376435543, 2.75600894592162, 4.1475475512644815, 2.165133813416621, 1.0958708591800406, 2.1483700379590105, 3.3484140977483654, 4.006619184549487, 4.231898030435043, 2.981241033529493, 2.509286492212478, 4.733714483362933, 4.316604379602096, 4.831195631518144, 3.069480100929146, 2.5405090552879357, 0.0, 1.771875588183324, 2.453777055887515, 2.526407025797704, 4.0647327132297395], [2.818724656648819, 2.8589892357265008, 4.27109755098148, 2.159920380477021, 1.0956653868768513, 2.14332146445651, 2.6346599799594634, 3.0198954435542964, 3.845612273747836, 2.286210580852079, 3.1877742674160605, 4.500277399227741, 4.763393581261158, 4.994977158105931, 2.469708559729265, 3.0550409588089, 1.771875588183324, 0.0, 2.485835750808971, 3.0634693861698703, 3.5192910607109495], [5.179240201998745, 4.7174382147517315, 5.967953284837273, 3.482431637519967, 2.159603968323822, 1.0945589157281579, 2.0477463734554626, 5.380633179282899, 6.20022537171029, 4.705481018982013, 4.816501010069447, 6.230196617282636, 6.064847649364327, 6.8517297867035, 3.811584842293295, 3.7086130264561175, 2.453777055887515, 2.485835750808971, 0.0, 1.7788688372108834, 2.272687649018228], [5.11050223070101, 4.183768383885513, 5.105995516057568, 2.776315545826879, 2.172690838568617, 1.0947327619104126, 2.0541715726783876, 5.32660514868523, 6.105017572456282, 4.988709967516653, 4.316437797536297, 5.373790716989265, 4.928536075753124, 6.08648752319431, 3.1585948473965444, 2.489162634300941, 2.526407025797704, 3.0634693861698703, 1.7788688372108834, 0.0, 2.274111081279892], [5.823722871153812, 5.330242223389103, 6.2033585822520365, 3.834446385073079, 3.2462089104061063, 1.9425452710297386, 0.9724223670813008, 5.629998676731638, 6.915014080245969, 5.663759907517267, 5.817295203958624, 6.095562863263737, 6.25346793867211, 7.237870838858621, 3.5529484403801868, 3.9386760427839205, 4.0647327132297395, 3.5192910607109495, 2.272687649018228, 2.274111081279892, 0.0]]}