{"total energy": -63.11546542, "HOMO-LUMO gap/eV": 3.55087638, "electronic energy": -63.61764089, "dipole": [1.02418423, 0.11663868, 0.89207053], "partial charges": [0.03362186, -0.27736041, 0.68429914, -0.48197334, -0.28264675, 0.03175926, -0.26431914, 0.14540398, 0.01065634, -0.12848543, -0.00919741, -0.03701299, 0.08796651, -0.11448315, 0.09336003, -0.10794451, -0.04391496, 0.09971028, -0.11906846, 0.05936552, 0.07037767, 0.07471554, 0.06770257, 0.07410774, 0.05823494, 0.08715089, 0.08516478, 0.10280946], "atomic dipole moments": [[-0.09463842, 0.27534841, 0.10244811], [-0.11305307, -0.16125482, -0.02538018], [0.21214083, 0.04064104, 0.27508312], [0.07989698, 0.03492102, 0.08969022], [0.14711658, -0.08854696, 0.09659726], [-0.20369766, -0.13785819, -0.18853386], [-0.12969769, 0.06422944, -0.06643106], [0.18516124, 0.08340899, -0.2552441], [0.183739, -0.05906939, 0.09862734], [-0.0545688, -0.00178548, -0.09860205], [0.07212621, -0.03595115, 0.02456475], [-0.02064123, -0.02752245, -0.02833606], [-0.06736731, 0.18198445, -0.00022645], [0.01659216, -0.00619895, -0.0449631], [-0.16393445, 0.07120253, -0.08094902], [0.0111682, 0.01740399, -0.026449], [0.03638967, 0.04451628, 0.02470968], [0.07851706, -0.1856187, -0.01026262], [0.07107365, 0.07682087, -0.06783627], [-0.04048262, -0.07464239, 0.09145378], [-0.06063863, -0.01280273, -0.10953917], [0.12318649, -0.00914844, -0.01577116], [0.10746316, -0.00284845, -0.06578891], [-0.0300485, 0.11682132, 0.03113949], [-0.00241852, -0.07282921, 0.09956756], [-0.12146467, -0.02541879, 0.09930197], [0.08769136, 0.10877712, 0.07342899], [-0.08790421, -0.10658382, -0.07737422]], "atomic quadrupole moments": [[-0.20053802, -0.22525393, 0.42677209, -0.08613758, 0.25166429, -0.22623407], [0.01593526, -0.04601693, 0.08009663, -0.03647122, 0.07066184, -0.09603189], [-0.17733726, -0.24418204, 0.45095527, -0.90308874, -0.20402949, -0.27361801], [0.01020366, 0.01982702, -0.03228246, 0.05728124, 0.02222456, 0.02207881], [-0.00445747, 0.03427925, 0.03402535, 0.09745193, 0.05340273, -0.02956788], [0.0857223, 0.23473094, -0.11912019, 0.37054468, 0.22786121, 0.03339789], [0.00801464, 0.01098691, -0.03724552, -0.04717826, -0.05399283, 0.02923088], [0.09990946, 0.0733256, 0.22735424, -0.15379681, 0.24962682, -0.3272637], [0.05657493, -0.08120649, 0.24214126, 0.28739774, 0.19827662, -0.29871619], [0.23897097, -0.15434459, -0.16045652, 0.30551451, -0.07466295, -0.07851446], [0.04405241, -0.00150644, -0.31179382, -0.2222704, -0.18599985, 0.26774141], [-0.07133078, 0.04022369, -0.21537273, -0.32323735, -0.15440146, 0.28670352], [-0.21810458, -0.09898044, 0.13727224, -0.30848039, -0.09089403, 0.08083234], [-0.18991001, -0.18774499, 0.40664469, -0.03708869, 0.04963966, -0.21673467], [0.17111741, -0.06955847, -0.36845478, -0.08754177, -0.19864506, 0.19733737], [0.29994355, -0.15259021, -0.21140093, 0.24444635, -0.08705276, -0.08854262], [-0.06717288, 0.03207189, -0.21295928, -0.31451797, -0.15049851, 0.28013216], [-0.22315941, -0.08739817, 0.12314462, -0.32748534, -0.0941768, 0.10001478], [-0.19149587, -0.17256821, 0.40623591, -0.03257309, 0.03157957, -0.21474004], [-0.03777138, -0.00256317, 0.03190944, -0.03685504, -0.02974432, 0.00586194], [-0.02359317, -0.01742708, -0.00549633, 0.03985076, 0.02866776, 0.02908951], [0.07773344, 0.00631101, -0.02511354, -0.01207203, 0.01024415, -0.0526199], [0.04375913, 0.01533167, -0.04162951, -0.02454894, 0.02645716, -0.00212961], [-0.01794515, -0.0370581, 0.05920569, 0.0086407, 0.02609067, -0.04126054], [-0.03583933, 0.02421818, 0.00313607, 0.02372181, -0.03652859, 0.03270327], [0.03988711, -0.01678779, -0.05118004, 0.01693664, -0.029556, 0.01129293], [0.01037078, -0.01401108, 0.02268341, 0.03608704, 0.01308577, -0.03305419], [0.01014217, -0.01205918, 0.02407747, 0.03412248, 0.01135401, -0.03421964]], "number of molecular orbitals": 110, "number of electrons": 106, "number of unpaired electrons": 0, "orbital energies/eV": [-29.14227021, -29.11811933, -29.11704868, -29.07607036, -20.73072544, -20.32499306, -20.01029022, -19.27387888, -19.09100513, -18.7020899, -18.18460423, -18.08681546, -18.06442851, -17.81531654, -17.52063451, -17.2399278, -17.01792104, -16.57281112, -16.41405462, -16.24130734, -15.76484736, -15.6589872, -15.4840431, -15.44859226, -15.35267943, -15.20564228, -15.10773524, -14.9318403, -14.71682023, -14.70120772, -14.50090092, -14.26947179, -14.01172529, -13.85501487, -13.47865567, -13.41502755, -13.31000133, -13.2025858, -13.06949729, -12.98990035, -12.93412375, -12.63410895, -12.54949671, -12.18473439, -12.12579752, -12.02503484, -11.97266879, -11.89565428, -11.82942549, -11.77205034, -11.62693459, -11.19212657, -11.1450445, -7.59416812, -7.46199101, -6.82745507, -4.7936232, -4.5404463, -4.52075857, -4.10292119, -3.9195957, -2.8621011, -2.40480251, -1.8027703, -0.23320696, -0.16601527, -0.00973148, 0.01104904, 0.05510681, 0.05652791, 0.06113804, 0.06421019, 0.07261379, 0.07542666, 0.13870875, 0.15405163, 0.17235765, 0.25494484, 0.38602177, 0.45542078, 0.55394806, 1.1736799, 2.30583087, 2.47671708, 2.66834002, 3.08689636, 3.17631293, 3.38108577, 3.61548153, 3.69032373, 4.0905325, 4.23004426, 4.4467896, 4.79370491, 4.95880089, 5.07037225, 5.24128439, 7.64352605, 8.56950263, 9.4082108, 10.4320217, 10.55659509, 10.85799228, 11.49645335, 14.40550551, 15.00829038, 15.20977749, 25.74146913, 27.25270682, 32.18833339], "fractional occupation": [2.0, 2.0, 2.0, 2.0, 2.0, 2.0, 2.0, 2.0, 2.0, 2.0, 2.0, 2.0, 2.0, 2.0, 2.0, 2.0, 2.0, 2.0, 2.0, 2.0, 2.0, 2.0, 2.0, 2.0, 2.0, 2.0, 2.0, 2.0, 2.0, 2.0, 2.0, 2.0, 2.0, 2.0, 2.0, 2.0, 2.0, 2.0, 2.0, 2.0, 2.0, 2.0, 2.0, 2.0, 2.0, 2.0, 2.0, 2.0, 2.0, 2.0, 2.0, 2.0, 2.0, 0.0, 0.0, 0.0, 0.0, 0.0, 0.0, 0.0, 0.0, 0.0, 0.0, 0.0, 0.0, 0.0, 0.0, 0.0, 0.0, 0.0, 0.0, 0.0, 0.0, 0.0, 0.0, 0.0, 0.0, 0.0, 0.0, 0.0, 0.0, 0.0, 0.0, 0.0, 0.0, 0.0, 0.0, 0.0, 0.0, 0.0, 0.0, 0.0, 0.0, 0.0, 0.0, 0.0, 0.0, 0.0, 0.0, 0.0, 0.0, 0.0, 0.0, 0.0, 0.0, 0.0, 0.0, 0.0, 0.0, 0.0], "program call": "xtb /home/svss/Project-DBcg-Debug/aqme2_20220329/End-to-End-workflows-final/example-3/QDESCP/mol_1128_rdkit_conf_8/mol_1128_rdkit_conf_8.xyz --pop --wbo --acc 0.2 --gfn 2 --chrg 0 --uhf 0 --etemp 300 --input /home/svss/Project-DBcg-Debug/aqme2_20220329/End-to-End-workflows-final/example-3/QDESCP/mol_1128_rdkit_conf_8/mol_1128_rdkit_conf_8_xtb.inp", "method": "GFN2-xTB", "xtb version": "6.3.3 (7355c4f)", "Dipole module/D": 3.465, "Total charge": 0, "Transition dipole module/D": NaN, "HOMO": -11.145, "LUMO": -7.5942, "HOMO occupancy": 2.0, "LUMO occupancy": 0, "mulliken charges": [0.18078, -0.33343, 0.5298, -0.4006, -0.32765, 0.179, -0.32319, 0.23652, 0.01679, -0.09039, -0.02588, -0.03318, 0.08934, -0.08783, 0.09872, -0.08265, -0.05855, 0.116, -0.09023, 0.04255, 0.04955, 0.03708, 0.04646, 0.03762, 0.03877, 0.04458, 0.05244, 0.05758], "cm5 charges": [0.0664, -0.39897, 0.5296, -0.41284, -0.39095, 0.06438, -0.36576, 0.25998, -0.03003, -0.093, -0.02662, -0.08034, 0.0856, -0.08887, 0.09495, -0.08368, -0.10663, 0.1127, -0.09088, 0.10591, 0.11216, 0.09655, 0.10969, 0.09722, 0.10345, 0.10243, 0.11218, 0.11539], "FUKUI+": [0.009, -0.014, -0.025, 0.006, 0.004, 0.01, -0.021, -0.02, -0.023, -0.1, -0.062, -0.034, -0.032, -0.112, -0.051, -0.126, -0.032, -0.033, -0.11, -0.0, -0.009, -0.019, -0.018, -0.012, 0.0, -0.044, -0.066, -0.066], "FUKUI-": [0.011, -0.017, -0.042, -0.021, -0.003, 0.012, -0.026, -0.02, -0.009, -0.17, -0.021, -0.009, -0.018, -0.162, -0.014, -0.139, -0.009, -0.014, -0.131, -0.004, -0.016, -0.024, -0.018, -0.016, -0.002, -0.044, -0.034, -0.037], "FUKUIrad": [0.01, -0.016, -0.034, -0.008, 0.0, 0.011, -0.023, -0.02, -0.016, -0.135, -0.041, -0.022, -0.025, -0.137, -0.033, -0.133, -0.021, -0.024, -0.12, -0.002, -0.013, -0.022, -0.018, -0.014, -0.001, -0.044, -0.05, -0.052], "s proportion": [0.974, 1.641, 1.304, 1.673, 1.637, 0.973, 1.626, 1.011, 1.052, 1.94, 1.077, 1.066, 1.078, 1.945, 1.081, 1.945, 1.065, 1.081, 1.945, 0.957, 0.95, 0.963, 0.954, 0.962, 0.961, 0.955, 0.948, 0.942], "p proportion": [2.846, 4.692, 1.852, 4.727, 4.691, 2.848, 4.697, 2.752, 2.931, 5.158, 2.949, 2.967, 2.832, 5.153, 2.82, 5.148, 2.993, 2.803, 5.156, 0.0, 0.0, 0.0, 0.0, 0.0, 0.0, 0.0, 0.0, 0.0], "d proportion": [0.0, 0.0, 1.315, 0.0, 0.0, 0.0, 0.0, 0.0, 0.0, -0.008, 0.0, 0.0, 0.0, -0.01, 0.0, -0.01, 0.0, 0.0, -0.011, 0.0, 0.0, 0.0, 0.0, 0.0, 0.0, 0.0, 0.0, 0.0], "Fermi-level/eV": -9.3696, "Coordination numbers": [3.924, 1.657, 3.953, 0.808, 1.657, 3.882, 1.661, 3.014, 2.809, 0.929, 2.998, 2.961, 2.898, 0.966, 2.899, 0.966, 2.997, 2.879, 0.958, 0.924, 0.924, 0.924, 0.924, 0.924, 0.924, 0.925, 0.925, 0.925], "Dispersion coefficient C6": [19.948, 18.618, 133.266, 23.414, 18.709, 19.992, 18.396, 24.821, 27.766, 103.153, 28.235, 28.918, 26.042, 102.725, 25.926, 102.519, 29.078, 25.788, 102.867, 2.207, 2.081, 2.035, 2.111, 2.041, 2.22, 1.907, 1.927, 1.76], "Total dispersion C6": 17647.076968, "Total dispersion C8": 550479.843155, "Polarizability alpha": [6.348, 5.825, 20.737, 6.486, 5.839, 6.357, 5.79, 8.172, 8.633, 15.538, 8.716, 8.82, 8.367, 15.506, 8.349, 15.49, 8.846, 8.325, 15.517, 2.323, 2.256, 2.231, 2.272, 2.234, 2.33, 2.159, 2.171, 2.074], "Total polarizability alpha": 207.711713, "Wiberg matrix": [[0.0, 0.9427225459091467, 0.0, 0.0, 0.0, 0.0, 0.0, 0.0, 0.0, 0.0, 0.0, 0.0, 0.0, 0.0, 0.0, 0.0, 0.0, 0.0, 0.0, 0.9806384183008868, 0.9787762942044118, 0.9777866024834411, 0.0, 0.0, 0.0, 0.0, 0.0, 0.0], [0.9427225459091467, 0.0, 1.1918002149638167, 0.0, 0.0, 0.0, 0.0, 0.0, 0.0, 0.0, 0.0, 0.0, 0.0, 0.0, 0.0, 0.0, 0.0, 0.0, 0.0, 0.0, 0.0, 0.0, 0.0, 0.0, 0.0, 0.0, 0.0, 0.0], [0.0, 1.1918002149638167, 0.0, 1.8510570794804402, 1.1924775205746267, 0.0, 1.1147577835686926, 0.0, 0.0, 0.0, 0.0, 0.0, 0.0, 0.0, 0.0, 0.0, 0.0, 0.0, 0.0, 0.0, 0.0, 0.0, 0.0, 0.0, 0.0, 0.0, 0.0, 0.0], [0.0, 0.0, 1.8510570794804402, 0.0, 0.0, 0.0, 0.0, 0.0, 0.0, 0.0, 0.0, 0.0, 0.0, 0.0, 0.0, 0.0, 0.0, 0.0, 0.0, 0.0, 0.0, 0.0, 0.0, 0.0, 0.0, 0.0, 0.0, 0.0], [0.0, 0.0, 1.1924775205746267, 0.0, 0.0, 0.9444226703471319, 0.0, 0.0, 0.0, 0.0, 0.0, 0.0, 0.0, 0.0, 0.0, 0.0, 0.0, 0.0, 0.0, 0.0, 0.0, 0.0, 0.0, 0.0, 0.0, 0.0, 0.0, 0.0], [0.0, 0.0, 0.0, 0.0, 0.9444226703471319, 0.0, 0.0, 0.0, 0.0, 0.0, 0.0, 0.0, 0.0, 0.0, 0.0, 0.0, 0.0, 0.0, 0.0, 0.0, 0.0, 0.0, 0.9805289451993721, 0.9775711048374254, 0.9785944274944682, 0.0, 0.0, 0.0], [0.0, 0.0, 1.1147577835686926, 0.0, 0.0, 0.0, 0.0, 0.990468402720407, 0.0, 0.0, 0.0, 0.0, 0.0, 0.0, 0.0, 0.0, 0.0, 0.0, 0.0, 0.0, 0.0, 0.0, 0.0, 0.0, 0.0, 0.0, 0.0, 0.0], [0.0, 0.0, 0.0, 0.0, 0.0, 0.0, 0.990468402720407, 0.0, 1.7801160034159802, 0.0, 0.997550823387134, 0.0, 0.0, 0.0, 0.0, 0.0, 0.0, 0.0, 0.0, 0.0, 0.0, 0.0, 0.0, 0.0, 0.0, 0.0, 0.0, 0.0], [0.0, 0.0, 0.0, 0.0, 0.0, 0.0, 0.0, 1.7801160034159802, 0.0, 1.0089112016855815, 0.0, 0.0, 0.0, 0.0, 0.0, 0.0, 0.0, 0.0, 0.0, 0.0, 0.0, 0.0, 0.0, 0.0, 0.0, 0.9622883229748154, 0.0, 0.0], [0.0, 0.0, 0.0, 0.0, 0.0, 0.0, 0.0, 0.0, 1.0089112016855815, 0.0, 0.0, 0.0, 0.0, 0.0, 0.0, 0.0, 0.0, 0.0, 0.0, 0.0, 0.0, 0.0, 0.0, 0.0, 0.0, 0.0, 0.0, 0.0], [0.0, 0.0, 0.0, 0.0, 0.0, 0.0, 0.0, 0.997550823387134, 0.0, 0.0, 0.0, 1.4010893002944038, 0.0, 0.0, 0.0, 0.0, 0.0, 1.3534371660453848, 0.0, 0.0, 0.0, 0.0, 0.0, 0.0, 0.0, 0.0, 0.0, 0.0], [0.0, 0.0, 0.0, 0.0, 0.0, 0.0, 0.0, 0.0, 0.0, 0.0, 1.4010893002944038, 0.0, 1.3968229880231924, 0.0, 0.0, 0.0, 0.10200477512766437, 0.0, 0.0, 0.0, 0.0, 0.0, 0.0, 0.0, 0.0, 0.0, 0.9602913999945473, 0.0], [0.0, 0.0, 0.0, 0.0, 0.0, 0.0, 0.0, 0.0, 0.0, 0.0, 0.0, 1.3968229880231924, 0.0, 1.0070258466294968, 1.3527102243890066, 0.0, 0.0, 0.0, 0.0, 0.0, 0.0, 0.0, 0.0, 0.0, 0.0, 0.0, 0.0, 0.0], [0.0, 0.0, 0.0, 0.0, 0.0, 0.0, 0.0, 0.0, 0.0, 0.0, 0.0, 0.0, 1.0070258466294968, 0.0, 0.0, 0.0, 0.0, 0.0, 0.0, 0.0, 0.0, 0.0, 0.0, 0.0, 0.0, 0.0, 0.0, 0.0], [0.0, 0.0, 0.0, 0.0, 0.0, 0.0, 0.0, 0.0, 0.0, 0.0, 0.0, 0.0, 1.3527102243890066, 0.0, 0.0, 1.0123852327583307, 1.3980830134206204, 0.0, 0.0, 0.0, 0.0, 0.0, 0.0, 0.0, 0.0, 0.0, 0.0, 0.0], [0.0, 0.0, 0.0, 0.0, 0.0, 0.0, 0.0, 0.0, 0.0, 0.0, 0.0, 0.0, 0.0, 0.0, 1.0123852327583307, 0.0, 0.0, 0.0, 0.0, 0.0, 0.0, 0.0, 0.0, 0.0, 0.0, 0.0, 0.0, 0.0], [0.0, 0.0, 0.0, 0.0, 0.0, 0.0, 0.0, 0.0, 0.0, 0.0, 0.0, 0.10200477512766437, 0.0, 0.0, 1.3980830134206204, 0.0, 0.0, 1.4017156126607642, 0.0, 0.0, 0.0, 0.0, 0.0, 0.0, 0.0, 0.0, 0.0, 0.9578634187298193], [0.0, 0.0, 0.0, 0.0, 0.0, 0.0, 0.0, 0.0, 0.0, 0.0, 1.3534371660453848, 0.0, 0.0, 0.0, 0.0, 0.0, 1.4017156126607642, 0.0, 1.0066499815970196, 0.0, 0.0, 0.0, 0.0, 0.0, 0.0, 0.0, 0.0, 0.0], [0.0, 0.0, 0.0, 0.0, 0.0, 0.0, 0.0, 0.0, 0.0, 0.0, 0.0, 0.0, 0.0, 0.0, 0.0, 0.0, 0.0, 1.0066499815970196, 0.0, 0.0, 0.0, 0.0, 0.0, 0.0, 0.0, 0.0, 0.0, 0.0], [0.9806384183008868, 0.0, 0.0, 0.0, 0.0, 0.0, 0.0, 0.0, 0.0, 0.0, 0.0, 0.0, 0.0, 0.0, 0.0, 0.0, 0.0, 0.0, 0.0, 0.0, 0.0, 0.0, 0.0, 0.0, 0.0, 0.0, 0.0, 0.0], [0.9787762942044118, 0.0, 0.0, 0.0, 0.0, 0.0, 0.0, 0.0, 0.0, 0.0, 0.0, 0.0, 0.0, 0.0, 0.0, 0.0, 0.0, 0.0, 0.0, 0.0, 0.0, 0.0, 0.0, 0.0, 0.0, 0.0, 0.0, 0.0], [0.9777866024834411, 0.0, 0.0, 0.0, 0.0, 0.0, 0.0, 0.0, 0.0, 0.0, 0.0, 0.0, 0.0, 0.0, 0.0, 0.0, 0.0, 0.0, 0.0, 0.0, 0.0, 0.0, 0.0, 0.0, 0.0, 0.0, 0.0, 0.0], [0.0, 0.0, 0.0, 0.0, 0.0, 0.9805289451993721, 0.0, 0.0, 0.0, 0.0, 0.0, 0.0, 0.0, 0.0, 0.0, 0.0, 0.0, 0.0, 0.0, 0.0, 0.0, 0.0, 0.0, 0.0, 0.0, 0.0, 0.0, 0.0], [0.0, 0.0, 0.0, 0.0, 0.0, 0.9775711048374254, 0.0, 0.0, 0.0, 0.0, 0.0, 0.0, 0.0, 0.0, 0.0, 0.0, 0.0, 0.0, 0.0, 0.0, 0.0, 0.0, 0.0, 0.0, 0.0, 0.0, 0.0, 0.0], [0.0, 0.0, 0.0, 0.0, 0.0, 0.9785944274944682, 0.0, 0.0, 0.0, 0.0, 0.0, 0.0, 0.0, 0.0, 0.0, 0.0, 0.0, 0.0, 0.0, 0.0, 0.0, 0.0, 0.0, 0.0, 0.0, 0.0, 0.0, 0.0], [0.0, 0.0, 0.0, 0.0, 0.0, 0.0, 0.0, 0.0, 0.9622883229748154, 0.0, 0.0, 0.0, 0.0, 0.0, 0.0, 0.0, 0.0, 0.0, 0.0, 0.0, 0.0, 0.0, 0.0, 0.0, 0.0, 0.0, 0.0, 0.0], [0.0, 0.0, 0.0, 0.0, 0.0, 0.0, 0.0, 0.0, 0.0, 0.0, 0.0, 0.9602913999945473, 0.0, 0.0, 0.0, 0.0, 0.0, 0.0, 0.0, 0.0, 0.0, 0.0, 0.0, 0.0, 0.0, 0.0, 0.0, 0.0], [0.0, 0.0, 0.0, 0.0, 0.0, 0.0, 0.0, 0.0, 0.0, 0.0, 0.0, 0.0, 0.0, 0.0, 0.0, 0.0, 0.9578634187298193, 0.0, 0.0, 0.0, 0.0, 0.0, 0.0, 0.0, 0.0, 0.0, 0.0, 0.0]], "Born radii": [], "Atomic SASAs": [], "Solvent H bonds": [], "Total SASA": NaN, "Total FOD": 0.0, "FOD": [0.0, 0.0, 0.0, 0.0, 0.0, 0.0, 0.0, 0.0, 0.0, 0.0, 0.0, 0.0, 0.0, 0.0, 0.0, 0.0, 0.0, 0.0, 0.0, 0.0, 0.0, 0.0, 0.0, 0.0, 0.0, 0.0, 0.0, 0.0], "FOD s proportion": [0.0, 0.0, 0.0, 0.0, 0.0, 0.0, 0.0, 0.0, 0.0, 0.0, 0.0, 0.0, 0.0, 0.0, 0.0, 0.0, 0.0, 0.0, 0.0, 0.0, 0.0, 0.0, 0.0, 0.0, 0.0, 0.0, 0.0, 0.0], "FOD p proportion": [0.0, 0.0, 0.0, 0.0, 0.0, 0.0, 0.0, 0.0, 0.0, 0.0, 0.0, 0.0, 0.0, 0.0, 0.0, 0.0, 0.0, 0.0, 0.0, 0.0, 0.0, 0.0, 0.0, 0.0, 0.0, 0.0, 0.0, 0.0], "FOD d proportion": [0.0, 0.0, 0.0, 0.0, 0.0, 0.0, 0.0, 0.0, 0.0, 0.0, 0.0, 0.0, 0.0, 0.0, 0.0, 0.0, 0.0, 0.0, 0.0, 0.0, 0.0, 0.0, 0.0, 0.0, 0.0, 0.0, 0.0, 0.0], "coordinates": [["3.21360", "-1.39640", "-1.60660"], ["2.87260", "-0.09610", "-1.17040"], ["1.31920", "0.15240", "-0.81350"], ["0.36390", "-0.27360", "-1.88550"], ["1.26020", "1.72340", "-0.45020"], ["2.22860", "2.24680", "0.43510"], ["1.14230", "-0.58250", "0.61090"], ["-0.01410", "-0.72750", "1.35080"], ["0.00680", "-1.19970", "2.60260"], ["1.44160", "-1.65010", "3.42730"], ["-1.29260", "-0.36500", "0.72210"], ["-1.72570", "0.96780", "0.80400"], ["-2.93000", "1.36290", "0.21170"], ["-3.38840", "3.02170", "0.36020"], ["-3.71660", "0.42400", "-0.46400"], ["-5.21780", "0.84100", "-1.21050"], ["-3.29960", "-0.90670", "-0.54360"], ["-2.09610", "-1.30040", "0.04740"], ["-1.64070", "-2.96370", "-0.08230"], ["2.90920", "-2.13910", "-0.86410"], ["2.73180", "-1.60880", "-2.56470"], ["4.29740", "-1.45000", "-1.73640"], ["3.20800", "2.26810", "-0.04940"], ["1.94520", "3.26980", "0.69540"], ["2.27900", "1.65470", "1.35240"], ["-0.87170", "-1.34390", "3.21910"], ["-1.11670", "1.70760", "1.32160"], ["-3.90940", "-1.63670", "-1.07100"]], "bond_dist": [[0.0, 1.413269800851911, 2.5722636742760256, 3.075590210024736, 3.8582618573653087, 4.290882208823729, 3.1416592988419354, 4.428508694809123, 5.295245203954203, 5.342705017123817, 5.176144133425962, 5.983069320173384, 6.975942397984662, 8.183783590125048, 7.255829584547862, 8.73220246730457, 6.6175183664271, 5.562179976412126, 5.3239222637074635, 1.0934207332952857, 1.0932523084814414, 1.0928602106399514, 3.981640798716027, 5.355507912420632, 4.351823683239017, 6.322959183009171, 6.079528709530041, 7.147149113457758], [1.413269800851911, 0.0, 1.6131278374636027, 2.6146605802665857, 2.535567401983233, 2.9123095062166726, 2.5305242026109926, 3.884347086705821, 4.864799235323077, 5.05979468852245, 4.582876225690587, 5.116102174507464, 6.140769346751268, 7.15985573877016, 6.647334925366708, 8.144589405243215, 6.256676708924635, 5.255602250931857, 5.456827673658021, 2.0661578473098325, 2.0620762401036488, 2.045349908939788, 2.6379112570365213, 3.958606220628669, 3.127647908572831, 5.90292279976623, 5.037649469742808, 6.955490832428722], [2.5722636742760256, 1.6131278374636027, 0.0, 1.4977510106823497, 1.613539243402527, 2.602406901312706, 1.612540535924601, 2.690001373605597, 3.9013212351714897, 4.609595714376696, 3.073641059069845, 3.5429647782612803, 4.535641732985532, 5.636661417896234, 5.055214975646436, 6.585146009011495, 4.746351468233257, 3.8099935354275862, 4.359557392671875, 2.789557780365913, 2.857265412942942, 3.5055820358394123, 2.937277777126297, 3.5194939934598555, 2.8052173070904862, 4.827092215816889, 3.5931751780284804, 5.5322186345082205], [3.075590210024736, 2.6146605802665857, 1.4977510106823497, 0.0, 2.6175272262194333, 3.9006033648654923, 2.633123379182981, 3.289763958097906, 4.596544705536974, 5.593034362490543, 3.0906187034314017, 3.6250396370246767, 4.233929297945349, 5.475575391682595, 4.376961075906433, 5.731782711338594, 3.952561633928053, 3.292722376696827, 3.808751686576587, 3.3169112589877945, 2.8019675390696444, 4.108353687305901, 4.233250159156674, 4.660175754196402, 4.22728580888494, 5.359961810498279, 4.05003953190583, 4.558787640371067], [3.8582618573653087, 2.535567401983233, 1.613539243402527, 2.6175272262194333, 0.0, 1.4126224584084737, 2.5410644285417088, 3.2976282840853965, 4.408527306255458, 5.1428021991906325, 3.5003556519302435, 3.3255898439224283, 4.257446171121838, 4.894058950400986, 5.143653277583939, 6.581881938321288, 5.264781629849428, 4.544856641303442, 5.524443648911626, 4.220120905850921, 4.211920423037453, 4.577047284003083, 2.0618592507734372, 2.042786655527199, 2.0717238932830795, 5.236133056941926, 2.9646548686145575, 6.196807953293373], [4.290882208823729, 2.9123095062166726, 2.602406901312706, 3.9006033648654923, 1.4126224584084737, 0.0, 3.035768736251166, 3.835970577311562, 4.638190783053237, 4.975787319610837, 4.393485823352569, 4.172339475641933, 5.238543760435719, 5.670693874650614, 6.283023451332965, 7.754556464427867, 6.439208893955841, 5.606778863126314, 6.510644783736861, 4.624635748899581, 4.910973593901723, 4.760428124654336, 1.0928944596803483, 1.092977881752417, 1.0929601365100192, 5.5005129378995195, 3.5025206608955215, 7.41788065824734], [3.1416592988419354, 2.5305242026109926, 1.612540535924601, 2.633123379182981, 2.5410644285417088, 3.035768736251166, 0.0, 1.3804846866227818, 2.374271462996597, 3.026790248761879, 2.4471227390549903, 3.2659059539429487, 4.530736042852199, 5.794855530554666, 5.077141072493457, 6.767179783336631, 4.6009185495942, 3.364542646482579, 3.727697503821897, 2.778590320648224, 3.6965169146102927, 4.027037316688286, 3.5817639425288768, 3.9359883066391346, 2.6166721193149134, 3.382104847576432, 3.2943487216747407, 5.427688102682393], [4.428508694809123, 3.884347086705821, 2.690001373605597, 3.289763958097906, 3.2976282840853965, 3.835970577311562, 1.3804846866227818, 0.0, 1.338063111366575, 2.6985376595482227, 1.470112985453839, 2.470345500127462, 3.7642786533411683, 5.1403977949182105, 4.281116389447967, 6.00823964485439, 3.7967583870981305, 2.5222589022540887, 3.114513382536668, 3.929895604211389, 4.862900034958564, 5.351807390031895, 4.616937059350063, 4.4996458682878595, 3.3065370117390187, 2.146152746194921, 2.673254834466778, 4.676015608399955], [5.295245203954203, 4.864799235323077, 3.9013212351714897, 4.596544705536974, 4.408527306255458, 4.638190783053237, 2.374271462996597, 1.338063111366575, 0.0, 1.7151213630527724, 2.433401878030014, 3.3067468091766563, 4.572539317490884, 5.863101462536701, 5.089611459630293, 6.782376667511175, 4.573478369906214, 3.3107968738658675, 3.6103518194214814, 4.617835749569271, 5.856105967278939, 6.107275943495593, 5.413540641761175, 5.231752732115691, 3.8566166830526467, 1.0828795593231966, 3.369808086523623, 5.3872932350114375], [5.342705017123817, 5.05979468852245, 4.609595714376696, 5.593034362490543, 5.1428021991906325, 4.975787319610837, 3.026790248761879, 2.6985376595482227, 1.7151213630527724, 0.0, 4.055297608067748, 4.875130007497236, 6.207184459962504, 7.386590394085759, 6.786098565449812, 8.488956143719909, 6.228937935956659, 4.905235508107638, 4.852155233501913, 4.561697569984227, 6.129468633576649, 5.904187610501549, 5.528101219225277, 5.649982883159913, 3.9910088712003633, 2.3427468002325815, 4.717310745541361, 6.990571038906621], [5.176144133425962, 4.582876225690587, 3.073641059069845, 3.0906187034314017, 3.5003556519302435, 4.393485823352569, 2.4471227390549903, 1.470112985453839, 2.433401878030014, 4.055297608067748, 0.0, 1.4037945220009944, 2.4345893555176814, 3.999135674117596, 2.8116063397993685, 4.538344830442042, 2.4338209424688575, 1.405633487079758, 2.7425307035655955, 4.828932023750178, 5.342835206142896, 6.202382385019485, 5.271036731042575, 4.867836559499507, 4.151239903932319, 2.714850091625687, 2.164719801729545, 3.4176118474747836], [5.983069320173384, 5.116102174507464, 3.5429647782612803, 3.6250396370246767, 3.3255898439224283, 4.172339475641933, 3.2659059539429487, 2.470345500127462, 3.3067468091766563, 4.875130007497236, 1.4037945220009944, 0.0, 1.3990217260643238, 2.679558721133015, 2.422235589285237, 4.033491155314463, 2.7940896943369586, 2.419580740541634, 4.031060026841574, 5.823889012507021, 6.1527484508957455, 6.969729019840011, 5.173052033374495, 4.33434017700503, 4.100023934076483, 3.450504441382448, 1.0890797950563587, 3.8816994912022746], [6.975942397984662, 6.140769346751268, 4.535641732985532, 4.233929297945349, 4.257446171121838, 5.238543760435719, 4.530736042852199, 3.7642786533411683, 4.572539317490884, 6.207184459962504, 2.4345893555176814, 1.3990217260643238, 0.0, 1.7273680123239517, 1.3988721385459073, 2.7439134990010166, 2.4203649332280452, 2.7956306247428326, 4.524179268110405, 6.893301551506361, 6.97103845133564, 7.996424874905034, 6.209879568075374, 5.257167330416639, 5.340414284491419, 4.539583669236641, 2.1537764484737036, 3.4061919807902785], [8.183783590125048, 7.15985573877016, 5.636661417896234, 5.475575391682595, 4.894058950400986, 5.670693874650614, 5.794855530554666, 5.1403977949182105, 5.863101462536701, 7.386590394085759, 3.999135674117596, 2.679558721133015, 1.7273680123239517, 0.0, 2.74500749907901, 3.2510391169593764, 4.0320052628933905, 4.521994199465541, 6.251021892458865, 8.233622100266686, 8.213003001338791, 9.13582804621453, 6.651930402522264, 5.349878653764027, 5.9137612904140795, 5.793578467579429, 2.79495432163032, 4.90106774080914], [7.255829584547862, 6.647334925366708, 5.055214975646436, 4.376961075906433, 5.143653277583939, 6.283023451332965, 5.077141072493457, 4.281116389447967, 5.089611459630293, 6.786098565449812, 2.8116063397993685, 2.422235589285237, 1.3988721385459073, 2.74500749907901, 0.0, 1.7276436814343406, 1.3967775950379504, 2.4209720299912596, 3.9914367075027, 7.115531410934815, 7.080047944046706, 8.327969365937893, 7.177930281773431, 6.441953526687383, 6.38444600650675, 4.978368410433282, 3.4052131108052546, 2.156873971747075], [8.73220246730457, 8.144589405243215, 6.585146009011495, 5.731782711338594, 6.581881938321288, 7.754556464427867, 6.767179783336631, 6.00823964485439, 6.782376667511175, 8.488956143719909, 4.538344830442042, 4.033491155314463, 2.7439134990010166, 3.2510391169593764, 1.7276436814343406, 0.0, 2.6793100119247124, 3.9890998057205844, 5.342679266061177, 8.663089401016247, 8.428019805387265, 9.801238842615764, 8.624318712802769, 7.8000059775618125, 7.964456939427823, 6.579037116478369, 4.897095790363918, 2.8054176337935854], [6.6175183664271, 6.256676708924635, 4.746351468233257, 3.952561633928053, 5.264781629849428, 6.439208893955841, 4.6009185495942, 3.7967583870981305, 4.573478369906214, 6.228937935956659, 2.4338209424688575, 2.7940896943369586, 2.4203649332280452, 4.0320052628933905, 1.3967775950379504, 2.6793100119247124, 0.0, 1.3973878989028066, 2.682535349254507, 6.3380381388880895, 6.399654332852673, 7.709238336567368, 7.2575785521067555, 6.818078929581263, 6.424668389885971, 4.499305895357638, 3.883115751558277, 1.0876151893018047], [5.562179976412126, 5.255602250931857, 3.8099935354275862, 3.292722376696827, 4.544856641303442, 5.606778863126314, 3.364542646482579, 2.5222589022540887, 3.3107968738658675, 4.905235508107638, 1.405633487079758, 2.419580740541634, 2.7956306247428326, 4.521994199465541, 2.4209720299912596, 3.9890998057205844, 1.3973878989028066, 0.0, 1.7293866369322966, 5.156285293697392, 5.497890084386919, 6.639364792659008, 6.393515410163645, 6.135041787143752, 5.438487015705746, 3.4001071306651496, 3.4104067206126603, 2.156843327643434], [5.3239222637074635, 5.456827673658021, 4.359557392671875, 3.808751686576587, 5.524443648911626, 6.510644783736861, 3.727697503821897, 3.114513382536668, 3.6103518194214814, 4.852155233501913, 2.7425307035655955, 4.031060026841574, 4.524179268110405, 6.251021892458865, 3.9914367075027, 5.342679266061177, 2.682535349254507, 1.7293866369322966, 0.0, 4.689644593143493, 5.207381301575678, 6.347311723084033, 7.13321143244752, 7.233257796456586, 6.225112909819386, 3.756907637938415, 4.905767513855502, 2.808105478788145], [1.0934207332952857, 2.0661578473098325, 2.789557780365913, 3.3169112589877945, 4.220120905850921, 4.624635748899581, 2.778590320648224, 3.929895604211389, 4.617835749569271, 4.561697569984227, 4.828932023750178, 5.823889012507021, 6.893301551506361, 8.233622100266686, 7.115531410934815, 8.663089401016247, 6.3380381388880895, 5.156285293697392, 4.689644593143493, 0.0, 1.7901757483554512, 1.7784446406902858, 4.491818047294435, 5.711176363937644, 4.438799694737306, 5.621393963244348, 5.981827161495056, 6.840213397986937], [1.0932523084814414, 2.0620762401036488, 2.857265412942942, 2.8019675390696444, 4.211920423037453, 4.910973593901723, 3.6965169146102927, 4.862900034958564, 5.856105967278939, 6.129468633576649, 5.342835206142896, 6.1527484508957455, 6.97103845133564, 8.213003001338791, 7.080047944046706, 8.428019805387265, 6.399654332852673, 5.497890084386919, 5.207381301575678, 1.7901757483554512, 0.0, 1.778314283246918, 4.6458426727559345, 5.920112290320176, 5.118508816051801, 6.819657374091459, 6.396310569382947, 6.80716207681292], [1.0928602106399514, 2.045349908939788, 3.5055820358394123, 4.108353687305901, 4.577047284003083, 4.760428124654336, 4.027037316688286, 5.351807390031895, 6.107275943495593, 5.904187610501549, 6.202382385019485, 6.969729019840011, 7.996424874905034, 9.13582804621453, 8.327969365937893, 9.801238842615764, 7.709238336567368, 6.639364792659008, 6.347311723084033, 1.7784446406902858, 1.778314283246918, 0.0, 4.225757798312628, 5.807151463497401, 4.822217963759001, 7.161552364536616, 6.973828257850919, 8.235847272139036], [3.981640798716027, 2.6379112570365213, 2.937277777126297, 4.233250159156674, 2.0618592507734372, 1.0928944596803483, 3.5817639425288768, 4.616937059350063, 5.413540641761175, 5.528101219225277, 5.271036731042575, 5.173052033374495, 6.209879568075374, 6.651930402522264, 7.177930281773431, 8.624318712802769, 7.2575785521067555, 6.393515410163645, 7.13321143244752, 4.491818047294435, 4.6458426727559345, 4.225757798312628, 0.0, 1.7756108160292334, 1.7900680992632658, 6.354021430558761, 4.571305211862362, 8.18220705922308], [5.355507912420632, 3.958606220628669, 3.5194939934598555, 4.660175754196402, 2.042786655527199, 1.092977881752417, 3.9359883066391346, 4.4996458682878595, 5.231752732115691, 5.649982883159913, 4.867836559499507, 4.33434017700503, 5.257167330416639, 5.349878653764027, 6.441953526687383, 7.8000059775618125, 6.818078929581263, 6.135041787143752, 7.233257796456586, 5.711176363937644, 5.920112290320176, 5.807151463497401, 1.7756108160292334, 0.0, 1.7752801046595437, 5.965753514016481, 3.493970075716162, 7.840296701656131], [4.351823683239017, 3.127647908572831, 2.8052173070904862, 4.22728580888494, 2.0717238932830795, 1.0929601365100192, 2.6166721193149134, 3.3065370117390187, 3.8566166830526467, 3.9910088712003633, 4.151239903932319, 4.100023934076483, 5.340414284491419, 5.9137612904140795, 6.38444600650675, 7.964456939427823, 6.424668389885971, 5.438487015705746, 6.225112909819386, 4.438799694737306, 5.118508816051801, 4.822217963759001, 1.7900680992632658, 1.7752801046595437, 0.0, 4.733189341237048, 3.3962516897309007, 7.416365422496385], [6.322959183009171, 5.90292279976623, 4.827092215816889, 5.359961810498279, 5.236133056941926, 5.5005129378995195, 3.382104847576432, 2.146152746194921, 1.0828795593231966, 2.3427468002325815, 2.714850091625687, 3.450504441382448, 4.539583669236641, 5.793578467579429, 4.978368410433282, 6.579037116478369, 4.499305895357638, 3.4001071306651496, 3.756907637938415, 5.621393963244348, 6.819657374091459, 7.161552364536616, 6.354021430558761, 5.965753514016481, 4.733189341237048, 0.0, 3.601691755272791, 5.264818243776322], [6.079528709530041, 5.037649469742808, 3.5931751780284804, 4.05003953190583, 2.9646548686145575, 3.5025206608955215, 3.2943487216747407, 2.673254834466778, 3.369808086523623, 4.717310745541361, 2.164719801729545, 1.0890797950563587, 2.1537764484737036, 2.79495432163032, 3.4052131108052546, 4.897095790363918, 3.883115751558277, 3.4104067206126603, 4.905767513855502, 5.981827161495056, 6.396310569382947, 6.973828257850919, 4.571305211862362, 3.493970075716162, 3.3962516897309007, 3.601691755272791, 0.0, 4.9707193181671405], [7.147149113457758, 6.955490832428722, 5.5322186345082205, 4.558787640371067, 6.196807953293373, 7.41788065824734, 5.427688102682393, 4.676015608399955, 5.3872932350114375, 6.990571038906621, 3.4176118474747836, 3.8816994912022746, 3.4061919807902785, 4.90106774080914, 2.156873971747075, 2.8054176337935854, 1.0876151893018047, 2.156843327643434, 2.808105478788145, 6.840213397986937, 6.80716207681292, 8.235847272139036, 8.18220705922308, 7.840296701656131, 7.416365422496385, 5.264818243776322, 4.9707193181671405, 0.0]]}