{"total energy": -23.94962292, "HOMO-LUMO gap/eV": 4.91614615, "electronic energy": -24.20664529, "dipole": [-0.28954719, 0.60912554, 0.60699272], "partial charges": [-0.10156467, -0.05839978, 0.07633262, -0.26757952, 0.35748491, -0.4094467, -0.14258739, 0.04223262, 0.03816035, 0.03767049, 0.0522721, 0.04099329, 0.05314418, 0.05217102, 0.07384274, 0.0776639, 0.07760984], "atomic dipole moments": [[0.03810033, -0.10861279, -0.02339035], [0.04942857, 0.04169433, 0.11314693], [0.1689524, 0.17601709, -0.06423834], [-0.03718802, -0.17430721, -0.13867046], [-0.12657122, 0.00389098, 0.08996591], [0.00581995, 0.13290798, 0.12021579], [-0.08795354, -0.05795158, 0.00168352], [0.09477776, 0.08648926, -0.00484626], [-0.08441563, 0.03405235, -0.08609878], [-0.05575892, 0.00871642, 0.11293774], [0.04988108, 0.00201167, -0.11836287], [-0.09951545, -0.07487925, -0.00516464], [-0.05165254, -0.00262522, 0.11247794], [0.03112508, -0.12370679, -0.01726666], [0.09242289, -0.03155903, -0.08708542], [0.05536216, -0.01521645, 0.1241418], [-0.04191066, 0.12643172, -0.03004137]], "atomic quadrupole moments": [[-0.08684114, -0.12039439, 0.18872224, -0.01527305, 0.06859556, -0.1018811], [-0.03552463, -0.15847961, 0.08422549, 0.15470451, -0.011419, -0.04870086], [0.2749193, 0.29305147, -0.0742424, 0.10359417, -0.06073846, -0.20067689], [0.0497164, 0.06259397, -0.00982644, -0.01459227, 0.01337108, -0.03988996], [-0.02997822, -0.23972724, -0.05578961, 0.09728678, -0.35720105, 0.08576783], [-0.05560358, -0.08497753, 0.01976959, 0.0881488, -0.12420593, 0.03583398], [0.08600582, 0.18155553, 0.02757743, 0.0114583, 0.05913535, -0.11358325], [0.04416122, 0.0498414, 0.00384151, -0.00839507, 0.00389408, -0.04800273], [0.00694886, -0.02240141, -0.02555082, 0.06465744, -0.01176788, 0.01860196], [-0.03113313, -0.00047371, -0.02761803, -0.050079, -0.00450107, 0.05875116], [-0.01010072, -0.0147048, -0.01612782, -0.04265259, -0.00636152, 0.02622854], [0.03408386, 0.03817478, 0.01246688, -0.00100812, -0.00727473, -0.04655074], [0.00120806, 0.00062837, -0.04235426, -0.02840283, 0.01776126, 0.0411462], [0.00539938, -0.01563394, 0.02350172, -0.00095459, 0.02474264, -0.02890111], [0.02522557, -0.01317119, -0.03456276, -0.06157441, 0.02563364, 0.00933719], [-0.02074415, 0.0024468, -0.05230146, 0.03158857, -0.00455593, 0.07304561], [-0.01852235, -0.04029831, 0.06620446, -0.00432173, -0.01349456, -0.04768211]], "number of molecular orbitals": 38, "number of electrons": 42, "number of unpaired electrons": 0, "orbital energies/eV": [-20.05111586, -19.33046623, -18.29851597, -17.18795628, -16.84257467, -16.4485092, -15.84325235, -15.57519947, -15.25177645, -15.01457786, -14.16093289, -13.97063983, -13.44430758, -13.33775977, -13.17505941, -13.05131152, -12.73278698, -12.25423336, -12.02868856, -11.89356974, -11.3549146, -6.43876845, 0.05920391, 2.32024044, 2.8369953, 3.44802147, 3.82836649, 3.91062943, 4.20625573, 4.30574564, 4.64365967, 5.09201069, 5.71593362, 6.12462514, 6.67939276, 7.12130348, 7.50510088, 16.18705949], "fractional occupation": [2.0, 2.0, 2.0, 2.0, 2.0, 2.0, 2.0, 2.0, 2.0, 2.0, 2.0, 2.0, 2.0, 2.0, 2.0, 2.0, 2.0, 2.0, 2.0, 2.0, 2.0, 0.0, 0.0, 0.0, 0.0, 0.0, 0.0, 0.0, 0.0, 0.0, 0.0, 0.0, 0.0, 0.0, 0.0, 0.0, 0.0, 0.0], "program call": "xtb /home/svss/Project-DBcg-Debug/aqme2_20220329/End-to-End-workflows-final/example-3/QDESCP/mol_156_rdkit_conf_4/mol_156_rdkit_conf_4.xyz --pop --wbo --acc 0.2 --gfn 2 --chrg 0 --uhf 0 --etemp 300 --input /home/svss/Project-DBcg-Debug/aqme2_20220329/End-to-End-workflows-final/example-3/QDESCP/mol_156_rdkit_conf_4/mol_156_rdkit_conf_4_xtb.inp", "method": "GFN2-xTB", "xtb version": "6.3.3 (7355c4f)", "Dipole module/D": 2.306, "Total charge": 0, "Transition dipole module/D": NaN, "HOMO": -11.3549, "LUMO": -6.4388, "HOMO occupancy": 2.0, "LUMO occupancy": 0, "mulliken charges": [-0.08165, -0.05289, 0.19706, -0.42157, 0.58021, -0.5294, -0.11811, 0.03544, 0.03015, 0.02661, 0.04609, 0.02881, 0.03182, 0.04447, 0.05792, 0.0627, 0.06234], "cm5 charges": [-0.23081, -0.16179, 0.11627, -0.5052, 0.6276, -0.57898, -0.25631, 0.08922, 0.08101, 0.07838, 0.10461, 0.0834, 0.09491, 0.11048, 0.11273, 0.11741, 0.11705], "FUKUI+": [0.017, 0.01, 0.032, -0.125, -0.192, -0.284, 0.052, 0.002, -0.034, -0.025, -0.001, -0.046, -0.068, -0.031, -0.084, -0.111, -0.111], "FUKUI-": [0.021, 0.005, 0.022, -0.069, -0.019, -0.17, -0.002, -0.077, -0.073, -0.109, -0.106, -0.094, -0.091, -0.048, -0.056, -0.071, -0.061], "FUKUIrad": [0.019, 0.007, 0.027, -0.097, -0.106, -0.227, 0.025, -0.038, -0.053, -0.067, -0.053, -0.07, -0.079, -0.04, -0.07, -0.091, -0.086], "s proportion": [1.007, 1.031, 0.997, 1.698, 0.985, 1.73, 1.018, 0.965, 0.97, 0.973, 0.954, 0.971, 0.968, 0.956, 0.942, 0.937, 0.938], "p proportion": [3.075, 3.022, 2.806, 4.724, 2.435, 4.799, 3.1, 0.0, 0.0, 0.0, 0.0, 0.0, 0.0, 0.0, 0.0, 0.0, 0.0], "d proportion": [0.0, 0.0, 0.0, 0.0, 0.0, 0.0, 0.0, 0.0, 0.0, 0.0, 0.0, 0.0, 0.0, 0.0, 0.0, 0.0, 0.0], "Fermi-level/eV": -8.8968, "Coordination numbers": [3.75, 3.798, 3.697, 1.702, 2.71, 0.856, 3.752, 0.924, 0.924, 0.924, 0.924, 0.924, 0.924, 0.924, 0.924, 0.924, 0.924], "Dispersion coefficient C6": [22.504, 21.628, 19.467, 18.437, 20.932, 21.871, 23.311, 2.419, 2.474, 2.48, 2.292, 2.436, 2.281, 2.293, 2.044, 2.003, 2.004], "Total dispersion C6": 2220.06563, "Total dispersion C8": 47073.33699, "Polarizability alpha": [6.766, 6.622, 6.311, 5.797, 7.489, 6.27, 6.885, 2.432, 2.46, 2.463, 2.367, 2.441, 2.362, 2.368, 2.236, 2.213, 2.214], "Total polarizability alpha": 69.696397, "Wiberg matrix": [[0.0, 1.0206713763468138, 0.0, 0.0, 0.0, 0.0, 0.0, 0.9871589202211978, 0.9869137749895712, 0.9871767255788377, 0.0, 0.0, 0.0, 0.0, 0.0, 0.0, 0.0], [1.0206713763468138, 0.0, 1.000218403143549, 0.0, 0.0, 0.0, 0.0, 0.0, 0.0, 0.0, 0.9752644548706041, 0.9748140945120018, 0.0, 0.0, 0.0, 0.0, 0.0], [0.0, 1.000218403143549, 0.0, 0.9435661502198637, 0.0, 0.0, 0.0, 0.0, 0.0, 0.0, 0.0, 0.0, 0.9705156562969017, 0.9690077444158618, 0.0, 0.0, 0.0], [0.0, 0.0, 0.9435661502198637, 0.0, 1.1226546712817655, 0.171633385809801, 0.0, 0.0, 0.0, 0.0, 0.0, 0.0, 0.0, 0.0, 0.0, 0.0, 0.0], [0.0, 0.0, 0.0, 1.1226546712817655, 0.0, 1.7554257533759485, 0.9955870350235638, 0.0, 0.0, 0.0, 0.0, 0.0, 0.0, 0.0, 0.0, 0.0, 0.0], [0.0, 0.0, 0.0, 0.171633385809801, 1.7554257533759485, 0.0, 0.0, 0.0, 0.0, 0.0, 0.0, 0.0, 0.0, 0.0, 0.0, 0.0, 0.0], [0.0, 0.0, 0.0, 0.0, 0.9955870350235638, 0.0, 0.0, 0.0, 0.0, 0.0, 0.0, 0.0, 0.0, 0.0, 0.9825309288406696, 0.9633508317304527, 0.9629071764202248], [0.9871589202211978, 0.0, 0.0, 0.0, 0.0, 0.0, 0.0, 0.0, 0.0, 0.0, 0.0, 0.0, 0.0, 0.0, 0.0, 0.0, 0.0], [0.9869137749895712, 0.0, 0.0, 0.0, 0.0, 0.0, 0.0, 0.0, 0.0, 0.0, 0.0, 0.0, 0.0, 0.0, 0.0, 0.0, 0.0], [0.9871767255788377, 0.0, 0.0, 0.0, 0.0, 0.0, 0.0, 0.0, 0.0, 0.0, 0.0, 0.0, 0.0, 0.0, 0.0, 0.0, 0.0], [0.0, 0.9752644548706041, 0.0, 0.0, 0.0, 0.0, 0.0, 0.0, 0.0, 0.0, 0.0, 0.0, 0.0, 0.0, 0.0, 0.0, 0.0], [0.0, 0.9748140945120018, 0.0, 0.0, 0.0, 0.0, 0.0, 0.0, 0.0, 0.0, 0.0, 0.0, 0.0, 0.0, 0.0, 0.0, 0.0], [0.0, 0.0, 0.9705156562969017, 0.0, 0.0, 0.0, 0.0, 0.0, 0.0, 0.0, 0.0, 0.0, 0.0, 0.0, 0.0, 0.0, 0.0], [0.0, 0.0, 0.9690077444158618, 0.0, 0.0, 0.0, 0.0, 0.0, 0.0, 0.0, 0.0, 0.0, 0.0, 0.0, 0.0, 0.0, 0.0], [0.0, 0.0, 0.0, 0.0, 0.0, 0.0, 0.9825309288406696, 0.0, 0.0, 0.0, 0.0, 0.0, 0.0, 0.0, 0.0, 0.0, 0.0], [0.0, 0.0, 0.0, 0.0, 0.0, 0.0, 0.9633508317304527, 0.0, 0.0, 0.0, 0.0, 0.0, 0.0, 0.0, 0.0, 0.0, 0.0], [0.0, 0.0, 0.0, 0.0, 0.0, 0.0, 0.9629071764202248, 0.0, 0.0, 0.0, 0.0, 0.0, 0.0, 0.0, 0.0, 0.0, 0.0]], "Born radii": [], "Atomic SASAs": [], "Solvent H bonds": [], "Total SASA": NaN, "Total FOD": 0.0, "FOD": [0.0, 0.0, 0.0, 0.0, 0.0, 0.0, 0.0, 0.0, 0.0, 0.0, 0.0, 0.0, 0.0, 0.0, 0.0, 0.0, 0.0], "FOD s proportion": [0.0, 0.0, 0.0, 0.0, 0.0, 0.0, 0.0, 0.0, 0.0, 0.0, 0.0, 0.0, 0.0, 0.0, 0.0, 0.0, 0.0], "FOD p proportion": [0.0, 0.0, 0.0, 0.0, 0.0, 0.0, 0.0, 0.0, 0.0, 0.0, 0.0, 0.0, 0.0, 0.0, 0.0, 0.0, 0.0], "FOD d proportion": [0.0, 0.0, 0.0, 0.0, 0.0, 0.0, 0.0, 0.0, 0.0, 0.0, 0.0, 0.0, 0.0, 0.0, 0.0, 0.0, 0.0], "coordinates": [["-2.04340", "0.94430", "-0.10070"], ["-1.55580", "-0.46990", "-0.38100"], ["-0.55790", "-0.95860", "0.66570"], ["0.59970", "-0.11080", "0.71520"], ["1.58220", "-0.39780", "-0.18180"], ["1.55490", "-1.29830", "-1.00830"], ["2.71940", "0.56320", "-0.01610"], ["-1.21920", "1.66360", "-0.13340"], ["-2.78130", "1.24440", "-0.85150"], ["-2.51680", "1.00720", "0.88430"], ["-1.09430", "-0.48580", "-1.37470"], ["-2.41430", "-1.15010", "-0.40560"], ["-1.01550", "-0.93330", "1.66080"], ["-0.27080", "-2.00000", "0.47770"], ["3.50690", "0.32050", "-0.73540"], ["3.13190", "0.47940", "0.99250"], ["2.37410", "1.58220", "-0.20780"]], "bond_dist": [[0.0, 1.521934128009488, 2.5328062736814276, 2.9605584658979462, 3.8668831091720373, 4.3359837880231975, 4.778771621452526, 1.0944256119079085, 1.0946492863013249, 1.0946638616488624, 2.1375342851051533, 2.1487303646572316, 2.772154833338138, 3.485048035536957, 5.621192099546145, 5.309891556331447, 4.4646044696031035], [1.521934128009488, 0.0, 1.5265035178472404, 2.4447469194172227, 3.1451427710042035, 3.2796655835618362, 4.413364097828322, 2.1740348594261314, 2.159176924200515, 2.1694076380431593, 1.0957530515586074, 1.0955817860844528, 2.162316093914116, 2.1748095778711294, 5.136269347493372, 4.976163585534542, 4.436803653532574], [2.5328062736814276, 1.5265035178472404, 0.0, 1.4357063940792352, 2.3691308321829756, 2.716909260538526, 3.67714859231987, 2.819895625728016, 3.4783059669902534, 2.783782464561482, 2.1620585005961335, 2.1518775290429515, 1.0955646306813671, 1.0964872867480042, 4.485730382000238, 3.973570973318584, 3.9768443381656264], [2.9605584658979462, 2.4447469194172227, 1.4357063940792352, 0.0, 1.360986498830903, 2.300655458776911, 2.3414106389098004, 2.6789950597192225, 3.965132649735693, 3.315281445066165, 2.7162369208152666, 3.379427929398702, 2.0443915109391355, 2.0936220145957583, 3.2775100137146795, 2.6148170433129736, 2.620433811413675], [3.8668831091720373, 3.1451427710042035, 2.3691308321829756, 1.360986498830903, 0.0, 1.2225987853748261, 1.4980658630380708, 3.478441386598314, 4.710143435183265, 4.462330692586555, 2.9316218480561234, 4.0728434760005205, 3.2295480024300613, 2.536847273684405, 2.127650803115962, 2.1330800313162186, 2.132646620985296], [4.3359837880231975, 3.2796655835618362, 2.716909260538526, 2.300655458776911, 1.2225987853748261, 0.0, 2.4095027163296576, 4.151377172698236, 5.029168914443021, 5.0473761401345945, 2.7951146398672093, 4.017431912304177, 3.7234763286477333, 2.4563711812346276, 2.5505473628223414, 3.1065007532592035, 3.099865987425908], [4.778771621452526, 4.413364097828322, 3.67714859231987, 2.3414106389098004, 1.4980658630380708, 2.4095027163296576, 0.0, 4.0911134682382, 5.605321319068159, 5.331570744161612, 4.1821648281721275, 5.426046703632396, 4.359011799708736, 3.9692730719868594, 1.093824496891526, 1.0929101747170258, 1.0928595426677667], [1.0944256119079085, 2.1740348594261314, 2.819895625728016, 2.6789950597192225, 3.478441386598314, 4.151377172698236, 4.0911134682382, 0.0, 1.7696193545505765, 1.7749197193112707, 2.48522555515591, 3.0690820353975554, 3.162994932022497, 3.8333889353938506, 4.949984123206861, 4.647800733680393, 3.5949918233564873], [1.0946492863013249, 2.159176924200515, 3.4783059669902534, 3.965132649735693, 4.710143435183265, 5.029168914443021, 5.605321319068159, 1.7696193545505765, 0.0, 1.7717860282776812, 2.4725087017035956, 2.4631577415991854, 3.764582077734526, 4.312251645022585, 6.356770379681808, 6.241113301326935, 5.206400646319874], [1.0946638616488624, 2.1694076380431593, 2.783782464561482, 3.315281445066165, 4.462330692586555, 5.0473761401345945, 5.331570744161612, 1.7749197193112707, 1.7717860282776812, 0.0, 3.0586984568603683, 2.5156095782135988, 2.5734012881787405, 3.7753266613632257, 6.275344346727118, 5.674336240477824, 5.044225433106653], [2.1375342851051533, 1.0957530515586074, 2.1620585005961335, 2.7162369208152666, 2.9316218480561234, 2.7951146398672093, 4.1821648281721275, 2.48522555515591, 2.4725087017035956, 3.0586984568603683, 0.0, 1.7671585384452635, 3.0693201103827534, 2.5302844998142007, 4.714855842971236, 4.939232057719095, 4.203341310195973], [2.1487303646572316, 1.0955817860844528, 2.1518775290429515, 3.379427929398702, 4.0728434760005205, 4.017431912304177, 5.426046703632396, 3.0690820353975554, 2.4631577415991854, 2.5156095782135988, 1.7671585384452635, 0.0, 2.5047260608697313, 2.469238981953752, 6.109995240587344, 5.947292518449046, 5.516644151112159], [2.772154833338138, 2.162316093914116, 1.0955646306813671, 2.0443915109391355, 3.2295480024300613, 3.7234763286477333, 4.359011799708736, 3.162994932022497, 3.764582077734526, 2.5734012881787405, 3.0693201103827534, 2.5047260608697313, 0.0, 1.758451759361058, 5.269334933366829, 4.43207321013541, 4.616144968477485], [3.485048035536957, 2.1748095778711294, 1.0964872867480042, 2.0936220145957583, 2.536847273684405, 2.4563711812346276, 3.9692730719868594, 3.8333889353938506, 4.312251645022585, 3.7753266613632257, 2.5302844998142007, 2.469238981953752, 1.758451759361058, 0.0, 4.59644962443841, 4.241557578295972, 4.505281689306452], [5.621192099546145, 5.136269347493372, 4.485730382000238, 3.2775100137146795, 2.127650803115962, 2.5505473628223414, 1.093824496891526, 4.949984123206861, 6.356770379681808, 6.275344346727118, 4.714855842971236, 6.109995240587344, 5.269334933366829, 4.59644962443841, 0.0, 1.775250016194902, 1.7758053074591258], [5.309891556331447, 4.976163585534542, 3.973570973318584, 2.6148170433129736, 2.1330800313162186, 3.1065007532592035, 1.0929101747170258, 4.647800733680393, 6.241113301326935, 5.674336240477824, 4.939232057719095, 5.947292518449046, 4.43207321013541, 4.241557578295972, 1.775250016194902, 0.0, 1.7975396435127655], [4.4646044696031035, 4.436803653532574, 3.9768443381656264, 2.620433811413675, 2.132646620985296, 3.099865987425908, 1.0928595426677667, 3.5949918233564873, 5.206400646319874, 5.044225433106653, 4.203341310195973, 5.516644151112159, 4.616144968477485, 4.505281689306452, 1.7758053074591258, 1.7975396435127655, 0.0]]}