{"total energy": -23.10214834, "HOMO-LUMO gap/eV": 4.13560941, "electronic energy": -23.43475149, "dipole": [-0.96031724, -0.02034427, 0.09304214], "partial charges": [-0.10974084, 0.01770053, -0.03801811, -0.04104955, 0.09587461, -0.18332629, -0.04104655, -0.03801436, 0.04622637, 0.04624741, 0.05318026, 0.04410442, 0.0518757, 0.05187942, 0.04410698], "atomic dipole moments": [[0.07957108, 0.00165652, 0.0052201], [-0.07607408, -0.00155247, -0.00041963], [0.01011701, 0.00789307, 0.0008434], [0.01611247, 0.03361617, -0.00184198], [0.252522, 0.00534401, -0.01865527], [0.00699743, 0.00013206, -0.00050038], [0.01753742, -0.03289843, -0.00216507], [0.01040963, -0.0075049, 0.00077475], [-0.05052369, -0.10207927, -0.06134846], [-0.05473572, 0.10043517, -0.06040571], [-0.03405455, -0.00130902, 0.1276005], [-0.06876902, -0.13602378, 0.00646101], [0.07627484, -0.13415858, -0.00512649], [0.07065381, 0.13725074, -0.00385485], [-0.07437467, 0.13296414, 0.00770768]], "atomic quadrupole moments": [[0.19441638, 0.00556712, -0.06582672, -0.03473778, -0.00042748, -0.12858966], [-0.07565798, 0.00579222, -0.36115009, 0.0367652, -0.00293626, 0.43680807], [-0.22502888, 0.00051679, -0.28460696, 0.05217514, 0.00671292, 0.50963584], [-0.2495375, 0.01053742, -0.25607828, 0.05301788, -3.02e-06, 0.50561578], [0.20507166, 0.0141204, -0.47772826, 0.00549354, -0.0033601, 0.2726566], [0.44071495, 0.01423415, -0.23388121, -0.04543829, -0.00107094, -0.20683374], [-0.24873217, -0.01079513, -0.2568572, 0.05301222, -0.00488005, 0.50558937], [-0.22519148, 0.0014769, -0.28428337, 0.05257904, -0.01189971, 0.50947485], [-0.01614882, 0.02495567, 0.04984542, 0.01349771, 0.05058843, -0.0336966], [-0.01398078, -0.0277723, 0.0486053, 0.01533044, -0.04923294, -0.03462452], [-0.02816569, 0.00047429, -0.04661026, -0.02076415, -0.00099196, 0.07477595], [0.03821872, -0.00202229, 0.02783778, -0.00688879, 0.00041648, -0.0660565], [0.0377173, 0.00115136, 0.02418519, -0.00694125, -0.00011824, -0.06190249], [0.03778229, -0.00052198, 0.02410484, -0.0069656, 0.00062174, -0.06188713], [0.03801659, 0.00251027, 0.0280517, -0.00686229, 0.00017162, -0.06606829]], "number of molecular orbitals": 44, "number of electrons": 42, "number of unpaired electrons": 0, "orbital energies/eV": [-28.63635692, -17.88178443, -17.22041317, -16.98253401, -16.39019676, -15.9333665, -15.55697363, -14.55109012, -14.07768819, -13.80132792, -13.74996693, -13.28420462, -13.26274376, -13.19995537, -12.78015067, -12.02912129, -11.9077009, -11.90029605, -11.26687874, -11.25157622, -10.60321514, -6.46760573, -6.36526018, -3.55581759, -3.08882502, 0.51061466, 0.66112514, 0.66430666, 1.03571866, 2.43727856, 3.04885365, 3.68095104, 3.87421997, 4.49906519, 4.77601138, 4.95460196, 5.64770267, 5.8476295, 9.62273583, 10.49325444, 11.16115527, 11.82265192, 16.14765916, 16.62340997], "fractional occupation": [2.0, 2.0, 2.0, 2.0, 2.0, 2.0, 2.0, 2.0, 2.0, 2.0, 2.0, 2.0, 2.0, 2.0, 2.0, 2.0, 2.0, 2.0, 2.0, 2.0, 2.0, 0.0, 0.0, 0.0, 0.0, 0.0, 0.0, 0.0, 0.0, 0.0, 0.0, 0.0, 0.0, 0.0, 0.0, 0.0, 0.0, 0.0, 0.0, 0.0, 0.0, 0.0, 0.0, 0.0], "program call": "xtb /home/svss/Project-DBcg-Debug/aqme2_20220329/End-to-End-workflows-final/example-3/QDESCP/mol_160_rdkit_conf_1/mol_160_rdkit_conf_1.xyz --pop --wbo --acc 0.2 --gfn 2 --chrg 0 --uhf 0 --etemp 300 --input /home/svss/Project-DBcg-Debug/aqme2_20220329/End-to-End-workflows-final/example-3/QDESCP/mol_160_rdkit_conf_1/mol_160_rdkit_conf_1_xtb.inp", "method": "GFN2-xTB", "xtb version": "6.3.3 (7355c4f)", "Dipole module/D": 2.453, "Total charge": 0, "Transition dipole module/D": NaN, "HOMO": -10.6032, "LUMO": -6.4676, "HOMO occupancy": 2.0, "LUMO occupancy": 0, "mulliken charges": [-0.08626, 0.00979, -0.03689, -0.04854, 0.1098, -0.12365, -0.04854, -0.03689, 0.03609, 0.0361, 0.04195, 0.03388, 0.03964, 0.03964, 0.03388], "cm5 charges": [-0.22954, -0.00772, -0.09006, -0.10049, 0.10244, -0.12566, -0.10049, -0.09006, 0.08788, 0.08791, 0.09364, 0.08991, 0.09616, 0.09616, 0.08991], "FUKUI+": [0.033, -0.076, -0.054, -0.055, -0.057, -0.147, -0.055, -0.054, -0.052, -0.052, -0.06, -0.093, -0.093, -0.093, -0.093], "FUKUI-": [0.024, -0.068, -0.031, -0.029, -0.039, -0.298, -0.029, -0.031, -0.067, -0.067, -0.099, -0.068, -0.065, -0.065, -0.068], "FUKUIrad": [0.029, -0.072, -0.042, -0.042, -0.048, -0.223, -0.042, -0.042, -0.06, -0.06, -0.079, -0.081, -0.079, -0.079, -0.081], "s proportion": [1.007, 1.085, 1.063, 1.062, 1.076, 1.944, 1.062, 1.063, 0.964, 0.964, 0.958, 0.966, 0.96, 0.96, 0.966], "p proportion": [3.079, 2.905, 2.974, 2.987, 2.814, 5.19, 2.987, 2.974, 0.0, 0.0, 0.0, 0.0, 0.0, 0.0, 0.0], "d proportion": [0.0, 0.0, 0.0, 0.0, 0.0, -0.01, 0.0, 0.0, 0.0, 0.0, 0.0, 0.0, 0.0, 0.0, 0.0], "Fermi-level/eV": -8.5354, "Coordination numbers": [3.755, 2.96, 2.915, 2.947, 2.879, 0.965, 2.947, 2.915, 0.924, 0.924, 0.924, 0.925, 0.925, 0.925, 0.925], "Dispersion coefficient C6": [22.655, 27.613, 28.945, 29.019, 25.87, 104.916, 29.019, 28.945, 2.368, 2.367, 2.281, 2.395, 2.297, 2.297, 2.395], "Total dispersion C6": 3312.496144, "Total dispersion C8": 90146.426865, "Polarizability alpha": [6.787, 8.619, 8.822, 8.835, 8.338, 15.67, 8.835, 8.822, 2.406, 2.406, 2.362, 2.42, 2.37, 2.37, 2.42], "Total polarizability alpha": 91.483895, "Wiberg matrix": [[0.0, 1.027330575729285, 0.0, 0.0, 0.0, 0.0, 0.0, 0.0, 0.9814919340724714, 0.9814940028005691, 0.9663543726728224, 0.0, 0.0, 0.0, 0.0], [1.027330575729285, 0.0, 1.407807432966167, 0.0, 0.0, 0.0, 0.0, 1.4075353424843486, 0.0, 0.0, 0.0, 0.0, 0.0, 0.0, 0.0], [0.0, 1.407807432966167, 0.0, 1.4435047342101517, 0.0, 0.0, 0.10885202093803382, 0.0, 0.0, 0.0, 0.0, 0.9684256299631259, 0.0, 0.0, 0.0], [0.0, 0.0, 1.4435047342101517, 0.0, 1.4020304649551731, 0.0, 0.0, 0.10883970046682015, 0.0, 0.0, 0.0, 0.0, 0.9682412259406574, 0.0, 0.0], [0.0, 0.0, 0.0, 1.4020304649551731, 0.0, 0.9719244976071808, 1.4017294639654194, 0.0, 0.0, 0.0, 0.0, 0.0, 0.0, 0.0, 0.0], [0.0, 0.0, 0.0, 0.0, 0.9719244976071808, 0.0, 0.0, 0.0, 0.0, 0.0, 0.0, 0.0, 0.0, 0.0, 0.0], [0.0, 0.0, 0.10885202093803382, 0.0, 1.4017294639654194, 0.0, 0.0, 1.4438039315897124, 0.0, 0.0, 0.0, 0.0, 0.0, 0.9682432166170151, 0.0], [0.0, 1.4075353424843486, 0.0, 0.10883970046682015, 0.0, 0.0, 1.4438039315897124, 0.0, 0.0, 0.0, 0.0, 0.0, 0.0, 0.0, 0.9684255734678776], [0.9814919340724714, 0.0, 0.0, 0.0, 0.0, 0.0, 0.0, 0.0, 0.0, 0.0, 0.0, 0.0, 0.0, 0.0, 0.0], [0.9814940028005691, 0.0, 0.0, 0.0, 0.0, 0.0, 0.0, 0.0, 0.0, 0.0, 0.0, 0.0, 0.0, 0.0, 0.0], [0.9663543726728224, 0.0, 0.0, 0.0, 0.0, 0.0, 0.0, 0.0, 0.0, 0.0, 0.0, 0.0, 0.0, 0.0, 0.0], [0.0, 0.0, 0.9684256299631259, 0.0, 0.0, 0.0, 0.0, 0.0, 0.0, 0.0, 0.0, 0.0, 0.0, 0.0, 0.0], [0.0, 0.0, 0.0, 0.9682412259406574, 0.0, 0.0, 0.0, 0.0, 0.0, 0.0, 0.0, 0.0, 0.0, 0.0, 0.0], [0.0, 0.0, 0.0, 0.0, 0.0, 0.0, 0.9682432166170151, 0.0, 0.0, 0.0, 0.0, 0.0, 0.0, 0.0, 0.0], [0.0, 0.0, 0.0, 0.0, 0.0, 0.0, 0.0, 0.9684255734678776, 0.0, 0.0, 0.0, 0.0, 0.0, 0.0, 0.0]], "Born radii": [], "Atomic SASAs": [], "Solvent H bonds": [], "Total SASA": NaN, "Total FOD": 0.0, "FOD": [0.0, 0.0, 0.0, 0.0, 0.0, 0.0, 0.0, 0.0, 0.0, 0.0, 0.0, 0.0, 0.0, 0.0, 0.0], "FOD s proportion": [0.0, 0.0, 0.0, 0.0, 0.0, 0.0, 0.0, 0.0, 0.0, 0.0, 0.0, 0.0, 0.0, 0.0, 0.0], "FOD p proportion": [0.0, 0.0, 0.0, 0.0, 0.0, 0.0, 0.0, 0.0, 0.0, 0.0, 0.0, 0.0, 0.0, 0.0, 0.0], "FOD d proportion": [0.0, 0.0, 0.0, 0.0, 0.0, 0.0, 0.0, 0.0, 0.0, 0.0, 0.0, 0.0, 0.0, 0.0, 0.0], "coordinates": [["-2.25540", "-0.04760", "0.17250"], ["-0.76170", "-0.01600", "0.03330"], ["-0.02870", "-1.20930", "-0.00940"], ["1.36440", "-1.18020", "-0.10740"], ["2.02960", "0.04280", "-0.15230"], ["3.74590", "0.07900", "-0.27190"], ["1.31420", "1.23680", "-0.09620"], ["-0.07880", "1.20710", "0.00180"], ["-2.67400", "-0.93590", "-0.31230"], ["-2.71060", "0.82690", "-0.30410"], ["-2.53220", "-0.05830", "1.23120"], ["-0.53870", "-2.16940", "0.03250"], ["1.92180", "-2.11210", "-0.14510"], ["1.83250", "2.19130", "-0.12510"], ["-0.62830", "2.14470", "0.05250"]], "bond_dist": [[0.0, 1.5005048783659451, 2.5180999563162696, 3.8031669447974537, 4.298242920077924, 6.019063100682696, 3.803147013987232, 2.518133860619804, 1.0951410365793075, 1.0950364605801945, 1.0943392618379366, 2.732891166878037, 4.670335089691102, 4.670349599334079, 2.7327703342944867], [1.5005048783659451, 0.0, 1.4010985618435272, 2.4280567003264153, 2.7980815731497173, 4.518919096421179, 2.4280936761171303, 1.4011845952621662, 2.1500108511354075, 2.1500070651046705, 2.138088854561475, 2.164915979893908, 3.4097850401454926, 3.4098588665808442, 2.164899233220798], [2.5180999563162696, 1.4010985618435272, 0.0, 1.3968458826942936, 2.4134567967958325, 3.9970274329806643, 2.7918309153671896, 2.416945264171285, 2.676585149028515, 3.38016954308508, 3.0218209096503386, 1.0879557068189862, 2.153581338143512, 3.8783414354592347, 3.4077364584134147], [3.8031669447974537, 2.4280567003264153, 1.3968458826942936, 0.0, 1.39292356215264, 2.698923329774301, 2.417547203262017, 2.791765063539552, 4.050967916436762, 4.546731386391768, 4.270128935992449, 2.149390206546964, 1.086532861905244, 3.4038864772492046, 3.8796109740539704], [4.298242920077924, 2.7980815731497173, 2.4134567967958325, 1.39292356215264, 0.0, 1.7208429010226356, 1.3930471528272113, 2.4134398397308354, 4.8070059964597505, 4.807010722892138, 4.768051247627273, 3.394723077071236, 2.157606704197964, 2.157693328533969, 3.394754639145515], [6.019063100682696, 4.518919096421179, 3.9970274329806643, 2.698923329774301, 1.7208429010226356, 0.0, 2.6989879992323047, 3.9969802839143456, 6.499751547559338, 6.499752572213807, 6.456988501615905, 4.8482738247751636, 2.853828701937101, 2.853850222068425, 4.84829634923444], [3.803147013987232, 2.4280936761171303, 2.7918309153671896, 2.417547203262017, 1.3930471528272113, 2.6989879992323047, 0.0, 1.3967587801764483, 4.546764095485931, 4.050957351046787, 4.270136734344698, 3.8796907789152475, 3.4039242324117613, 1.086526736900662, 2.1493488199917667], [2.518133860619804, 1.4011845952621662, 2.416945264171285, 2.791765063539552, 2.4134398397308354, 3.9969802839143456, 1.3967587801764483, 0.0, 3.3802619499086157, 2.676658007665529, 3.021892301191424, 3.407814952429195, 3.8782816568681544, 2.1535600618510737, 1.0879404855046069], [1.0951410365793075, 2.1500108511354075, 2.676585149028515, 4.050967916436762, 4.8070059964597505, 6.499751547559338, 4.546764095485931, 3.3802619499086157, 0.0, 1.763198979128561, 1.781202192340892, 2.4899629274348647, 4.74687053962924, 5.488439298197622, 3.715920328801466], [1.0950364605801945, 2.1500070651046705, 3.38016954308508, 4.546731386391768, 4.807010722892138, 6.499752572213807, 4.050957351046787, 2.676658007665529, 1.763198979128561, 0.0, 1.7811658232741836, 3.7159471013457654, 5.488363304301201, 4.74693437599468, 2.4899264426886187], [1.0943392618379366, 2.138088854561475, 3.0218209096503386, 4.270128935992449, 4.768051247627273, 6.456988501615905, 4.270136734344698, 3.021892301191424, 1.781202192340892, 1.7811658232741836, 0.0, 3.14128431537166, 5.094154702205264, 5.094198262729867, 3.141238274948273], [2.732891166878037, 2.164915979893908, 1.0879557068189862, 2.149390206546964, 3.394723077071236, 4.8482738247751636, 3.8796907789152475, 3.407814952429195, 2.4899629274348647, 3.7159471013457654, 3.14128431537166, 0.0, 2.4675666758975323, 4.966198917683422, 4.315076704996099], [4.670335089691102, 3.4097850401454926, 2.153581338143512, 1.086532861905244, 2.157606704197964, 2.853828701937101, 3.4039242324117613, 3.8782816568681544, 4.74687053962924, 5.488363304301201, 5.094154702205264, 2.4675666758975323, 0.0, 4.304372898576516, 4.966125452503189], [4.670349599334079, 3.4098588665808442, 3.8783414354592347, 3.4038864772492046, 2.157693328533969, 2.853850222068425, 1.086526736900662, 2.1535600618510737, 5.488439298197622, 4.74693437599468, 5.094198262729867, 4.966198917683422, 4.304372898576516, 0.0, 2.4676405653984537], [2.7327703342944867, 2.164899233220798, 3.4077364584134147, 3.8796109740539704, 3.394754639145515, 4.84829634923444, 2.1493488199917667, 1.0879404855046069, 3.715920328801466, 2.4899264426886187, 3.141238274948273, 4.315076704996099, 4.966125452503189, 2.4676405653984537, 0.0]]}