{"total energy": -20.8905926, "HOMO-LUMO gap/eV": 11.87078984, "electronic energy": -21.14314001, "dipole": [-0.30545934, -0.1872565, 0.73969568], "partial charges": [-0.10172099, -0.02462347, -0.10729207, 0.11024366, -0.11382473, -0.45433397, 0.03338677, 0.03513126, 0.03132676, 0.0416752, 0.03246438, 0.03751085, 0.0356518, 0.04117076, 0.0350189, 0.03880319, 0.04363904, 0.28577268], "atomic dipole moments": [[0.03353629, 0.08651568, -0.04313558], [0.04124018, -0.00329424, 0.08877674], [0.04264582, -0.07736544, -0.05447172], [0.02330853, -0.17103371, -0.04816865], [-0.05393572, 0.01378135, -0.08780486], [-0.09202907, 0.03917294, 0.21019776], [0.03103395, -0.01818249, 0.12115452], [-0.12673932, -0.00642739, -0.00360982], [0.03802712, -0.09984422, -0.06472756], [-0.04802351, 0.00447899, -0.11458384], [0.03807848, 0.11132595, -0.04612974], [-0.12546099, 0.00093666, -0.00680945], [0.02736697, -0.00158031, 0.12354047], [0.03437788, 0.11130833, -0.04812247], [-0.01041182, -0.11416682, 0.05205245], [-0.03173017, 0.08913269, 0.08753633], [0.12616188, 0.00625897, -0.01684641], [-0.00544733, -0.06644719, 0.03826567]], "atomic quadrupole moments": [[-0.07543048, 0.07464883, 0.1386987, -0.04399446, -0.10988547, -0.06326821], [0.06502395, 0.00086246, 0.10731044, -0.12685561, 0.02534343, -0.17233439], [-0.06069971, -0.08849749, 0.09108029, -0.06955427, 0.13370144, -0.03038058], [-0.02736952, -0.16472551, -0.04062403, -0.03498033, 0.27166652, 0.06799356], [-0.04979886, -0.01546125, -0.1095315, 0.12562185, -0.02616146, 0.15933036], [-0.07583313, -0.05461107, 0.03831886, -0.06935438, 0.09430135, 0.03751428], [-0.03023932, 0.00815594, -0.03564091, 0.04475988, -0.00322966, 0.06588024], [0.07850869, -0.00675198, -0.03242082, 0.0088707, -0.01182963, -0.04608787], [-0.02835968, -0.034184, 0.02704366, -0.03801169, 0.04518365, 0.00131603], [-0.01210229, 0.00302056, -0.01472207, 0.01153922, -0.0068512, 0.02682437], [-0.02880698, 0.03605086, 0.04637115, -0.02929227, -0.03782543, -0.01756417], [0.07873786, 0.0101866, -0.03845704, 0.01260632, 0.01513551, -0.04028083], [-0.03147583, -0.01493127, -0.03454643, 0.0394409, -0.01343862, 0.06602225], [-0.00704941, 0.00505561, 0.02104798, 0.00130662, -0.01678214, -0.01399857], [-0.03069864, 0.03979236, 0.06178307, -0.00349528, -0.04028584, -0.03108443], [-0.02933005, -0.03804359, 0.01929149, -0.02197554, 0.05507411, 0.01003856], [0.07221333, 0.01724812, -0.04670797, -0.02490792, -0.01250608, -0.02550536], [-0.0884594, 0.00513263, 0.11131143, -0.01899142, -0.06803464, -0.02285202]], "number of molecular orbitals": 36, "number of electrons": 38, "number of unpaired electrons": 0, "orbital energies/eV": [-18.43421128, -17.18799409, -16.65369272, -16.16198305, -16.03537526, -15.30292792, -14.62178081, -14.27194437, -13.93299955, -13.8349096, -13.1319621, -12.83067828, -12.70069939, -12.59734618, -12.37452596, -12.0487223, -11.88621329, -11.53329457, -10.91478668, 0.95600316, 1.87580772, 2.2112849, 2.76098072, 3.38382531, 3.72115464, 3.75517463, 3.87986714, 5.19726074, 5.52103762, 5.83504077, 6.24519427, 6.39490868, 7.10882421, 7.20992989, 7.33615354, 7.73768937], "fractional occupation": [2.0, 2.0, 2.0, 2.0, 2.0, 2.0, 2.0, 2.0, 2.0, 2.0, 2.0, 2.0, 2.0, 2.0, 2.0, 2.0, 2.0, 2.0, 2.0, 0.0, 0.0, 0.0, 0.0, 0.0, 0.0, 0.0, 0.0, 0.0, 0.0, 0.0, 0.0, 0.0, 0.0, 0.0, 0.0, 0.0], "program call": "xtb /home/svss/Project-DBcg-Debug/aqme2_20220329/End-to-End-workflows-final/example-3/QDESCP/mol_471_rdkit_conf_7/mol_471_rdkit_conf_7.xyz --pop --wbo --acc 0.2 --gfn 2 --chrg 0 --uhf 0 --etemp 300 --input /home/svss/Project-DBcg-Debug/aqme2_20220329/End-to-End-workflows-final/example-3/QDESCP/mol_471_rdkit_conf_7/mol_471_rdkit_conf_7_xtb.inp", "method": "GFN2-xTB", "xtb version": "6.3.3 (7355c4f)", "Dipole module/D": 2.089, "Total charge": 0, "Transition dipole module/D": NaN, "HOMO": -10.9148, "LUMO": 0.956, "HOMO occupancy": 2.0, "LUMO occupancy": 0, "mulliken charges": [-0.0908, -0.02569, -0.09399, 0.21585, -0.11229, -0.56696, 0.02428, 0.03202, 0.02903, 0.03531, 0.02984, 0.03286, 0.02692, 0.02964, 0.02814, 0.03182, 0.04179, 0.33223], "cm5 charges": [-0.23905, -0.09555, -0.24231, 0.16842, -0.25864, -0.77781, 0.07687, 0.08347, 0.08264, 0.09599, 0.08143, 0.08423, 0.07922, 0.09653, 0.08218, 0.08415, 0.0951, 0.50312], "FUKUI+": [0.027, -0.019, 0.0, -0.052, 0.04, -0.181, -0.044, -0.063, -0.03, -0.066, -0.056, -0.077, -0.055, -0.095, -0.052, -0.102, -0.064, -0.112], "FUKUI-": [0.031, -0.025, 0.027, -0.017, 0.015, -0.146, -0.07, -0.091, -0.045, -0.104, -0.057, -0.104, -0.075, -0.081, -0.054, -0.061, -0.081, -0.062], "FUKUIrad": [0.029, -0.022, 0.014, -0.035, 0.027, -0.163, -0.057, -0.077, -0.038, -0.085, -0.057, -0.091, -0.065, -0.088, -0.053, -0.081, -0.072, -0.087], "s proportion": [1.012, 1.062, 1.013, 1.021, 1.018, 1.699, 0.976, 0.968, 0.971, 0.965, 0.97, 0.967, 0.973, 0.97, 0.972, 0.968, 0.958, 0.668], "p proportion": [3.079, 2.964, 3.081, 2.763, 3.094, 4.868, 0.0, 0.0, 0.0, 0.0, 0.0, 0.0, 0.0, 0.0, 0.0, 0.0, 0.0, 0.0], "d proportion": [0.0, 0.0, 0.0, 0.0, 0.0, 0.0, 0.0, 0.0, 0.0, 0.0, 0.0, 0.0, 0.0, 0.0, 0.0, 0.0, 0.0, 0.0], "Fermi-level/eV": -4.9794, "Coordination numbers": [3.751, 3.847, 3.752, 3.723, 3.748, 1.653, 0.924, 0.924, 0.924, 0.923, 0.924, 0.924, 0.924, 0.924, 0.924, 0.924, 0.924, 0.804], "Dispersion coefficient C6": [22.505, 20.98, 22.612, 18.874, 22.745, 21.934, 2.539, 2.515, 2.568, 2.427, 2.552, 2.482, 2.508, 2.433, 2.516, 2.465, 2.401, 0.766], "Total dispersion C6": 2117.341178, "Total dispersion C8": 43589.907339, "Polarizability alpha": [6.765, 6.515, 6.781, 6.204, 6.802, 6.322, 2.492, 2.48, 2.506, 2.436, 2.498, 2.464, 2.476, 2.44, 2.481, 2.455, 2.423, 1.374], "Total polarizability alpha": 67.915608, "Wiberg matrix": [[0.0, 1.0093793890067615, 0.0, 0.0, 0.0, 0.0, 0.9853874084095884, 0.985797804500692, 0.9832372675709944, 0.0, 0.0, 0.0, 0.0, 0.0, 0.0, 0.0, 0.0, 0.0], [1.0093793890067615, 0.0, 1.008683271112442, 0.9734334992189351, 0.0, 0.0, 0.0, 0.0, 0.0, 0.9671221618004737, 0.0, 0.0, 0.0, 0.0, 0.0, 0.0, 0.0, 0.0], [0.0, 1.008683271112442, 0.0, 0.0, 0.0, 0.0, 0.0, 0.0, 0.0, 0.0, 0.9864916260940373, 0.9862955378016282, 0.9849663069364083, 0.0, 0.0, 0.0, 0.0, 0.0], [0.0, 0.9734334992189351, 0.0, 0.0, 1.005587838480287, 0.9826983057664952, 0.0, 0.0, 0.0, 0.0, 0.0, 0.0, 0.0, 0.9633828251294849, 0.0, 0.0, 0.0, 0.0], [0.0, 0.0, 0.0, 1.005587838480287, 0.0, 0.0, 0.0, 0.0, 0.0, 0.0, 0.0, 0.0, 0.0, 0.0, 0.9827310798480928, 0.9832010977651755, 0.9849559922165081, 0.0], [0.0, 0.0, 0.0, 0.9826983057664952, 0.0, 0.0, 0.0, 0.0, 0.0, 0.0, 0.0, 0.0, 0.0, 0.0, 0.0, 0.0, 0.0, 0.8977389555651561], [0.9853874084095884, 0.0, 0.0, 0.0, 0.0, 0.0, 0.0, 0.0, 0.0, 0.0, 0.0, 0.0, 0.0, 0.0, 0.0, 0.0, 0.0, 0.0], [0.985797804500692, 0.0, 0.0, 0.0, 0.0, 0.0, 0.0, 0.0, 0.0, 0.0, 0.0, 0.0, 0.0, 0.0, 0.0, 0.0, 0.0, 0.0], [0.9832372675709944, 0.0, 0.0, 0.0, 0.0, 0.0, 0.0, 0.0, 0.0, 0.0, 0.0, 0.0, 0.0, 0.0, 0.0, 0.0, 0.0, 0.0], [0.0, 0.9671221618004737, 0.0, 0.0, 0.0, 0.0, 0.0, 0.0, 0.0, 0.0, 0.0, 0.0, 0.0, 0.0, 0.0, 0.0, 0.0, 0.0], [0.0, 0.0, 0.9864916260940373, 0.0, 0.0, 0.0, 0.0, 0.0, 0.0, 0.0, 0.0, 0.0, 0.0, 0.0, 0.0, 0.0, 0.0, 0.0], [0.0, 0.0, 0.9862955378016282, 0.0, 0.0, 0.0, 0.0, 0.0, 0.0, 0.0, 0.0, 0.0, 0.0, 0.0, 0.0, 0.0, 0.0, 0.0], [0.0, 0.0, 0.9849663069364083, 0.0, 0.0, 0.0, 0.0, 0.0, 0.0, 0.0, 0.0, 0.0, 0.0, 0.0, 0.0, 0.0, 0.0, 0.0], [0.0, 0.0, 0.0, 0.9633828251294849, 0.0, 0.0, 0.0, 0.0, 0.0, 0.0, 0.0, 0.0, 0.0, 0.0, 0.0, 0.0, 0.0, 0.0], [0.0, 0.0, 0.0, 0.0, 0.9827310798480928, 0.0, 0.0, 0.0, 0.0, 0.0, 0.0, 0.0, 0.0, 0.0, 0.0, 0.0, 0.0, 0.0], [0.0, 0.0, 0.0, 0.0, 0.9832010977651755, 0.0, 0.0, 0.0, 0.0, 0.0, 0.0, 0.0, 0.0, 0.0, 0.0, 0.0, 0.0, 0.0], [0.0, 0.0, 0.0, 0.0, 0.9849559922165081, 0.0, 0.0, 0.0, 0.0, 0.0, 0.0, 0.0, 0.0, 0.0, 0.0, 0.0, 0.0, 0.0], [0.0, 0.0, 0.0, 0.0, 0.0, 0.8977389555651561, 0.0, 0.0, 0.0, 0.0, 0.0, 0.0, 0.0, 0.0, 0.0, 0.0, 0.0, 0.0]], "Born radii": [], "Atomic SASAs": [], "Solvent H bonds": [], "Total SASA": NaN, "Total FOD": 0.0, "FOD": [0.0, 0.0, 0.0, 0.0, 0.0, 0.0, 0.0, 0.0, 0.0, 0.0, 0.0, 0.0, 0.0, 0.0, 0.0, 0.0, 0.0, 0.0], "FOD s proportion": [0.0, 0.0, 0.0, 0.0, 0.0, 0.0, 0.0, 0.0, 0.0, 0.0, 0.0, 0.0, 0.0, 0.0, 0.0, 0.0, 0.0, 0.0], "FOD p proportion": [0.0, 0.0, 0.0, 0.0, 0.0, 0.0, 0.0, 0.0, 0.0, 0.0, 0.0, 0.0, 0.0, 0.0, 0.0, 0.0, 0.0, 0.0], "FOD d proportion": [0.0, 0.0, 0.0, 0.0, 0.0, 0.0, 0.0, 0.0, 0.0, 0.0, 0.0, 0.0, 0.0, 0.0, 0.0, 0.0, 0.0, 0.0], "coordinates": [["-1.14040", "-1.17850", "0.06220"], ["-0.63120", "0.14650", "-0.51300"], ["-1.22370", "1.31770", "0.27300"], ["0.90800", "0.23440", "-0.59610"], ["1.64450", "0.06760", "0.72860"], ["1.39510", "-0.74260", "-1.51720"], ["-0.84220", "-1.30810", "1.10740"], ["-2.23490", "-1.21500", "0.02560"], ["-0.76720", "-2.03290", "-0.51040"], ["-1.01450", "0.20720", "-1.54090"], ["-0.87650", "2.27430", "-0.13110"], ["-2.31730", "1.30860", "0.21020"], ["-0.95270", "1.27470", "1.33260"], ["1.17810", "1.20950", "-1.01830"], ["1.48200", "-0.92620", "1.15800"], ["1.34540", "0.82300", "1.45990"], ["2.72500", "0.15690", "0.56900"], ["1.32240", "-1.61710", "-1.09940"]], "bond_dist": [[0.0, 1.5315889396309965, 2.506469622796175, 2.574021728735016, 3.1229028451106196, 3.018819872069216, 1.0946060661260744, 1.095719882086658, 1.0941427511983983, 2.1227211098022276, 3.46826122718575, 2.7554789093731054, 2.7689957908960428, 3.4993522972115856, 2.8533164370605655, 3.4840736473272202, 4.120856289656314, 2.758091434307427], [1.5315889396309965, 0.0, 1.5298894371816547, 1.543945808634487, 2.5935701764170562, 2.429981098691922, 2.1877107487051393, 2.1715491935482376, 2.183640794636334, 1.098718248687988, 2.175672893612457, 2.171733837283013, 2.1868783345216074, 2.1584400802431367, 2.899748356323355, 2.873488162495193, 3.5263168604083215, 2.6964240912734776], [2.506469622796175, 1.5298894371816547, 0.0, 2.544212764294685, 3.161786300495338, 3.782560715970069, 2.7814728562400175, 2.738302665886297, 3.471113390542003, 2.137102735012989, 1.0949558027610065, 1.0954394597603283, 1.0945511226068887, 2.7290669046397524, 3.6247930561619657, 2.872931344463351, 4.126415433520964, 4.120577387939704], [2.574021728735016, 1.543945808634487, 2.544212764294685, 0.0, 1.5248228028200523, 1.428362916068602, 2.888670721975767, 3.5164032277314274, 2.820334877279647, 2.1422868925519754, 2.7498831356986795, 3.49379241226493, 2.8747716900651437, 1.0963698554776122, 2.1802144779814667, 2.1828661708863417, 2.1598502864782088, 1.96292906137741], [3.1229028451106196, 2.5935701764170562, 3.161786300495338, 1.5248228028200523, 0.0, 2.400467046222464, 2.8670048517573177, 4.145963834863976, 3.429798556766855, 3.4986282183164303, 3.4589087845735396, 4.183859318858606, 2.9270043132868797, 2.138486422683109, 1.0947278428906428, 1.093110085947431, 1.0958681033774094, 2.5067003211393257], [3.018819872069216, 2.429981098691922, 3.782560715970069, 1.428362916068602, 2.400467046222464, 0.0, 3.494828565180272, 3.9724417679809982, 2.7118373144420005, 2.590145534521178, 4.02282554680165, 4.579655659544722, 4.207496187758225, 2.0264956501310336, 2.6829005963695343, 3.3640300028388572, 2.6324826115285167, 0.9719014250426841], [1.0946060661260744, 2.1877107487051393, 2.7814728562400175, 2.888670721975767, 2.8670048517573177, 3.494828565180272, 0.0, 1.7659479437401318, 1.7743271626168609, 3.0560291670728534, 3.790600018466734, 3.1349651895993995, 2.594953011135269, 3.865038465526572, 2.355910356953337, 3.074318984750932, 3.8937148585894166, 3.1065962724499623], [1.095719882086658, 2.1715491935482376, 2.738302665886297, 3.5164032277314274, 4.145963834863976, 3.9724417679809982, 1.7659479437401318, 0.0, 1.7636325297521591, 2.442529682521791, 3.7476686006102513, 2.531684000818428, 3.090451735588181, 4.31468381923867, 3.8962906475261825, 4.3622481107795785, 5.17474648461159, 3.7525581541130046], [1.0941427511983983, 2.183640794636334, 3.471113390542003, 2.820334877279647, 3.429798556766855, 2.7118373144420005, 1.7743271626168609, 1.7636325297521591, 0.0, 2.4781314634215836, 4.32524991416681, 3.753358045803784, 3.790946716850555, 3.815142495372879, 3.0111864920658764, 4.062182376506501, 4.260961069993482, 2.2104838384389964], [2.1227211098022276, 1.098718248687988, 2.137102735012989, 2.1422868925519754, 3.4986282183164303, 2.590145534521178, 3.0560291670728534, 2.442529682521791, 2.4781314634215836, 0.0, 2.505889552633955, 2.44473332083481, 3.066003545333893, 2.466822006144748, 3.847228745473812, 3.8669287929828755, 4.293957190052086, 2.997347886048598], [3.46826122718575, 2.175672893612457, 1.0949558027610065, 2.7498831356986795, 3.4589087845735396, 4.02282554680165, 3.790600018466734, 3.7476686006102513, 4.32524991416681, 2.505889552633955, 0.0, 1.767757568220258, 1.774098162447614, 2.4783672125010043, 4.179413991219343, 3.0942514926876905, 4.236074246280394, 4.573375127845955], [2.7554789093731054, 2.171733837283013, 1.0954394597603283, 3.49379241226493, 4.183859318858606, 4.579655659544722, 3.1349651895993995, 2.531684000818428, 3.753358045803784, 2.44473332083481, 1.767757568220258, 0.0, 1.7672193214199532, 3.7063262430606403, 4.508584741357314, 3.9003754614139394, 5.184586735700349, 4.849967911234052], [2.7689957908960428, 2.1868783345216074, 1.0945511226068887, 2.8747716900651437, 2.9270043132868797, 4.207496187758225, 2.594953011135269, 3.090451735588181, 3.790946716850555, 3.066003545333893, 1.774098162447614, 1.7672193214199532, 0.0, 3.1735296579676073, 3.2866715777515707, 2.3455280407618235, 3.918933412294728, 4.410579468731972], [3.4993522972115856, 2.1584400802431367, 2.7290669046397524, 1.0963698554776122, 2.138486422683109, 2.0264956501310336, 3.865038465526572, 4.31468381923867, 3.815142495372879, 2.466822006144748, 2.4783672125010043, 3.7063262430606403, 3.1735296579676073, 0.0, 3.0642864405926544, 2.513731644388478, 2.453647827215634, 2.8314426111083373], [2.8533164370605655, 2.899748356323355, 3.6247930561619657, 2.1802144779814667, 1.0947278428906428, 2.6829005963695343, 2.355910356953337, 3.8962906475261825, 3.0111864920658764, 3.847228745473812, 4.179413991219343, 4.508584741357314, 3.2866715777515707, 3.0642864405926544, 0.0, 1.7803100319888108, 1.7507357339130312, 2.366150825708285], [3.4840736473272202, 2.873488162495193, 2.872931344463351, 2.1828661708863417, 1.093110085947431, 3.3640300028388572, 3.074318984750932, 4.3622481107795785, 4.062182376506501, 3.8669287929828755, 3.0942514926876905, 3.9003754614139394, 2.3455280407618235, 2.513731644388478, 1.7803100319888108, 0.0, 1.7721986852494842, 3.536189121073702], [4.120856289656314, 3.5263168604083215, 4.126415433520964, 2.1598502864782088, 1.0958681033774094, 2.6324826115285167, 3.8937148585894166, 5.17474648461159, 4.260961069993482, 4.293957190052086, 4.236074246280394, 5.184586735700349, 3.918933412294728, 2.453647827215634, 1.7507357339130312, 1.7721986852494842, 0.0, 2.810324059605938], [2.758091434307427, 2.6964240912734776, 4.120577387939704, 1.96292906137741, 2.5067003211393257, 0.9719014250426841, 3.1065962724499623, 3.7525581541130046, 2.2104838384389964, 2.997347886048598, 4.573375127845955, 4.849967911234052, 4.410579468731972, 2.8314426111083373, 2.366150825708285, 3.536189121073702, 2.810324059605938, 0.0]]}