{"total energy": -47.26019911, "HOMO-LUMO gap/eV": 1.66896599, "electronic energy": -47.64151136, "dipole": [2.48025835, -0.15462801, -1.93600705], "partial charges": [0.04391217, -0.26534596, 0.39445304, -0.38510141, -0.27203364, 0.04585051, -0.06913751, -0.0364988, 0.28443041, -0.3704185, -0.07948158, -0.04802668, 0.24402782, -0.36393474, 0.062895, 0.06413988, 0.0725792, 0.0636324, 0.06961731, 0.05929686, 0.09589416, 0.11440265, 0.08946162, 0.06723399, 0.07320902, 0.04494278], "atomic dipole moments": [[0.00127015, 0.28339565, -0.09551037], [-0.08456782, -0.07578, 0.14350238], [0.25800811, 0.00055911, -0.02497465], [0.40159236, 0.08856013, 0.02634245], [-0.10425507, -0.12800686, -0.1160194], [0.07899274, -0.01432447, 0.28124573], [0.1124014, 0.05767303, -0.48516322], [-0.08092847, -0.1366525, 0.0075546], [0.03133858, 0.02797324, -0.07017968], [-0.00714814, 0.17597633, -0.03252883], [0.04819488, -0.04313228, 0.01049774], [-0.07183487, 0.14259329, 0.14064619], [-0.06755918, -0.08047826, 0.0737286], [0.02428336, -0.11955557, -0.13065945], [0.00796856, 0.012214, 0.12599254], [-0.10638629, -0.05102569, -0.03936111], [0.09731561, -0.06862285, -0.04323773], [0.07321178, 0.07539353, -0.06652554], [-0.11828058, 0.04393261, -0.00313807], [0.01383395, -0.11987073, -0.03892825], [-0.0468546, 0.10992523, -0.06717484], [0.07344382, 0.03521949, 0.11445846], [-0.08830581, -0.09933317, -0.02568339], [0.02987056, 0.06097778, -0.11179572], [0.10729332, -0.04698954, 0.05372712], [0.08140412, 0.03599314, -0.10643083]], "atomic quadrupole moments": [[-0.2893148, 0.00184976, 0.47873772, -0.01242695, -0.28153505, -0.18942292], [-0.06710014, -0.03139382, 0.11142407, -0.0447583, -0.03935221, -0.04432394], [-1.04543775, -0.13982563, 0.52825997, 0.25726689, -0.18934312, 0.51717778], [0.67107127, 0.15856317, -0.352325, 0.05581922, 0.00558037, -0.31874628], [-0.06697858, 0.04932508, -0.02721578, 0.04149902, -0.03594036, 0.09419436], [-0.23469191, 0.01714076, -0.27728262, 0.20955473, -0.03303529, 0.51197453], [0.22175683, 0.3717592, -0.45733139, 0.08490643, 0.05759255, 0.23557456], [0.18718747, 0.16562418, -0.02037558, -0.25932063, 0.01555303, -0.16681189], [0.25924346, 0.13955123, -0.29556294, 0.3557885, 0.08089878, 0.03631947], [0.09508662, 0.04389297, -0.10420889, 0.16846209, 0.02688951, 0.00912227], [-0.01446998, -0.04934758, 0.01852058, -0.00690714, 0.01597727, -0.0040506], [-0.13964056, -0.13229529, 0.0605891, -0.17909734, 0.24699852, 0.07905146], [0.22561085, -0.27241603, -0.07293691, 0.41265, -0.13721026, -0.15267395], [0.09926977, -0.105855, -0.0737546, 0.13932474, -0.06244747, -0.02551517], [-0.0585718, -0.00235377, 0.00665765, 0.00595521, -0.0028015, 0.05191415], [0.03444849, 0.03194432, 0.00710756, 0.03533091, -0.00637768, -0.04155605], [0.03128033, -0.03694304, -0.00158313, -0.04630281, 0.00933671, -0.0296972], [0.00849552, 0.05728768, -0.00370133, -0.02069724, -0.03369408, -0.00479419], [0.04788603, -0.03506782, -0.04868229, 0.00592593, -0.00127256, 0.00079626], [-0.05829607, -0.0114221, 0.04426224, 0.0112856, 0.0181902, 0.01403383], [0.01545053, 0.00843285, 0.00693341, -0.02113215, -0.04826436, -0.02238394], [0.0030538, 0.01738559, -0.03071037, 0.03582432, 0.01104639, 0.02765657], [0.02124859, 0.04490305, 0.00850883, -0.00270363, 0.02306834, -0.02975742], [-0.04869921, 0.00258449, 0.01252756, -0.02465617, -0.04274973, 0.03617165], [0.02730764, -0.04172153, -0.01616492, 0.03230505, 0.00509406, -0.01114271], [-0.04801639, 0.02836189, 0.05438375, -0.02503162, 0.05355121, -0.00636737]], "number of molecular orbitals": 83, "number of electrons": 82, "number of unpaired electrons": 0, "orbital energies/eV": [-20.63590708, -20.35492689, -20.34069534, -20.29684137, -20.17543067, -19.58604051, -18.99307466, -18.72223633, -18.54594358, -18.32025645, -18.00155025, -17.74023912, -17.06995379, -16.72758597, -16.51093154, -16.32160559, -16.1649707, -16.03415254, -15.89480441, -15.85543268, -15.53121195, -15.23943136, -15.15880739, -15.10909509, -14.86792358, -14.74832145, -14.63710685, -14.21574588, -14.01732546, -13.73913713, -13.42325755, -13.22917742, -13.13445774, -12.5827249, -12.52852123, -12.37137245, -12.11301829, -12.01768842, -11.13150084, -10.08716478, -10.00580813, -8.33684214, -6.96515355, -6.67348229, -6.06296312, -4.65811029, -3.8217628, -3.08155367, -1.45178063, -0.66000194, -0.60683096, -0.32390725, 0.24676981, 0.45837656, 0.74537985, 0.80611525, 1.39572077, 2.02386185, 2.17393636, 2.92421206, 2.98585619, 3.06822084, 3.2970004, 3.38233552, 3.67745878, 4.28714693, 4.41239257, 4.56874757, 4.81659631, 4.85165483, 4.97533891, 5.49313013, 5.69961737, 6.40240746, 7.68507603, 9.18763457, 11.05811137, 11.2516633, 13.81510287, 14.45149196, 25.64751505, 26.68894248, 35.3001972], "fractional occupation": [2.0, 2.0, 2.0, 2.0, 2.0, 2.0, 2.0, 2.0, 2.0, 2.0, 2.0, 2.0, 2.0, 2.0, 2.0, 2.0, 2.0, 2.0, 2.0, 2.0, 2.0, 2.0, 2.0, 2.0, 2.0, 2.0, 2.0, 2.0, 2.0, 2.0, 2.0, 2.0, 2.0, 2.0, 2.0, 2.0, 2.0, 2.0, 2.0, 2.0, 2.0, 0.0, 0.0, 0.0, 0.0, 0.0, 0.0, 0.0, 0.0, 0.0, 0.0, 0.0, 0.0, 0.0, 0.0, 0.0, 0.0, 0.0, 0.0, 0.0, 0.0, 0.0, 0.0, 0.0, 0.0, 0.0, 0.0, 0.0, 0.0, 0.0, 0.0, 0.0, 0.0, 0.0, 0.0, 0.0, 0.0, 0.0, 0.0, 0.0, 0.0, 0.0, 0.0], "program call": "xtb /home/svss/Project-DBcg-Debug/aqme2_20220329/End-to-End-workflows-final/example-3/QDESCP/mol_81_rdkit_conf_9/mol_81_rdkit_conf_9.xyz --pop --wbo --acc 0.2 --gfn 2 --chrg 0 --uhf 0 --etemp 300 --input /home/svss/Project-DBcg-Debug/aqme2_20220329/End-to-End-workflows-final/example-3/QDESCP/mol_81_rdkit_conf_9/mol_81_rdkit_conf_9_xtb.inp", "method": "GFN2-xTB", "xtb version": "6.3.3 (7355c4f)", "Dipole module/D": 8.007, "Total charge": 0, "Transition dipole module/D": NaN, "HOMO": -10.0058, "LUMO": -8.3368, "HOMO occupancy": 2.0, "LUMO occupancy": 0, "mulliken charges": [0.17892, -0.37163, 0.3764, -0.21419, -0.38201, 0.18248, -0.05067, 0.00279, 0.48976, -0.5146, -0.24649, 0.06026, 0.46326, -0.50921, 0.03481, 0.02622, 0.03798, 0.02735, 0.03236, 0.03698, 0.07128, 0.07703, 0.07106, 0.03664, 0.05268, 0.03056], "cm5 charges": [0.06363, -0.43933, 0.3168, -0.18483, -0.44789, 0.06724, -0.05078, -0.07239, 0.58321, -0.55892, -0.50265, -0.02493, 0.51612, -0.56234, 0.09814, 0.08682, 0.09844, 0.08699, 0.093, 0.10134, 0.1406, 0.13771, 0.1363, 0.09802, 0.11591, 0.10377], "FUKUI+": [0.018, 0.008, -0.049, -0.109, 0.009, 0.015, -0.145, 0.031, -0.057, -0.141, -0.052, 0.035, -0.044, -0.136, -0.003, -0.024, -0.016, -0.016, -0.02, -0.012, -0.041, -0.05, -0.032, -0.041, -0.037, -0.092], "FUKUI-": [0.028, -0.003, -0.125, -0.393, 0.0, 0.026, -0.175, 0.026, 0.005, -0.03, -0.02, 0.017, 0.003, -0.054, -0.012, -0.018, -0.04, -0.039, -0.016, -0.017, -0.029, -0.036, -0.008, -0.021, -0.023, -0.048], "FUKUIrad": [0.023, 0.003, -0.087, -0.251, 0.005, 0.021, -0.16, 0.028, -0.026, -0.086, -0.036, 0.026, -0.021, -0.095, -0.007, -0.021, -0.028, -0.027, -0.018, -0.015, -0.035, -0.043, -0.02, -0.031, -0.03, -0.07], "s proportion": [0.972, 1.656, 1.52, 1.891, 1.652, 0.972, 1.913, 1.049, 1.02, 1.736, 1.45, 0.986, 0.991, 1.729, 0.965, 0.974, 0.962, 0.973, 0.968, 0.963, 0.929, 0.923, 0.929, 0.963, 0.947, 0.969], "p proportion": [2.849, 4.716, 2.026, 4.337, 4.73, 2.845, 4.143, 2.948, 2.49, 4.779, 3.796, 2.953, 2.546, 4.78, 0.0, 0.0, 0.0, 0.0, 0.0, 0.0, 0.0, 0.0, 0.0, 0.0, 0.0, 0.0], "d proportion": [0.0, 0.0, 1.078, -0.014, 0.0, 0.0, -0.005, 0.0, 0.0, 0.0, 0.0, 0.0, 0.0, 0.0, 0.0, 0.0, 0.0, 0.0, 0.0, 0.0, 0.0, 0.0, 0.0, 0.0, 0.0, 0.0], "Fermi-level/eV": -9.1713, "Coordination numbers": [3.861, 1.657, 3.928, 0.926, 1.657, 3.847, 1.927, 3.798, 2.797, 0.857, 2.729, 3.705, 2.71, 0.856, 0.924, 0.924, 0.924, 0.924, 0.924, 0.924, 0.925, 0.924, 0.924, 0.924, 0.924, 0.923], "Dispersion coefficient C6": [19.799, 18.414, 143.889, 155.925, 18.528, 19.774, 143.923, 21.229, 22.186, 21.099, 22.786, 21.588, 22.909, 20.974, 2.165, 2.151, 2.057, 2.157, 2.09, 2.207, 1.823, 1.659, 1.884, 2.116, 2.051, 2.384], "Total dispersion C6": 10683.605934, "Total dispersion C8": 323210.989975, "Polarizability alpha": [6.328, 5.793, 21.548, 21.121, 5.811, 6.325, 20.192, 6.56, 7.716, 6.158, 7.09, 6.643, 7.835, 6.14, 2.301, 2.294, 2.243, 2.297, 2.261, 2.323, 2.111, 2.014, 2.147, 2.275, 2.239, 2.415], "Total polarizability alpha": 162.179344, "Wiberg matrix": [[0.0, 0.9404513350045629, 0.0, 0.0, 0.0, 0.0, 0.0, 0.0, 0.0, 0.0, 0.0, 0.0, 0.0, 0.0, 0.9750080402278619, 0.9790621463463755, 0.9768085494642249, 0.0, 0.0, 0.0, 0.0, 0.0, 0.0, 0.0, 0.0, 0.0], [0.9404513350045629, 0.0, 1.2232315661289603, 0.0, 0.0, 0.0, 0.0, 0.0, 0.0, 0.0, 0.0, 0.0, 0.0, 0.0, 0.0, 0.0, 0.0, 0.0, 0.0, 0.0, 0.0, 0.0, 0.0, 0.0, 0.0, 0.0], [0.0, 1.2232315661289603, 0.0, 1.5844140367503052, 1.2213429289925894, 0.0, 1.0330614708485208, 0.0, 0.0, 0.0, 0.0, 0.0, 0.0, 0.0, 0.0, 0.0, 0.0, 0.0, 0.0, 0.0, 0.0, 0.0, 0.0, 0.0, 0.0, 0.0], [0.0, 0.0, 1.5844140367503052, 0.0, 0.0, 0.0, 0.11800507778457288, 0.0, 0.0, 0.0, 0.0, 0.0, 0.0, 0.0, 0.0, 0.0, 0.0, 0.0, 0.0, 0.0, 0.0, 0.0, 0.0, 0.0, 0.0, 0.0], [0.0, 0.0, 1.2213429289925894, 0.0, 0.0, 0.9362881395049747, 0.0, 0.0, 0.0, 0.0, 0.0, 0.0, 0.0, 0.0, 0.0, 0.0, 0.0, 0.0, 0.0, 0.0, 0.0, 0.0, 0.0, 0.0, 0.0, 0.0], [0.0, 0.0, 0.0, 0.0, 0.9362881395049747, 0.0, 0.0, 0.0, 0.0, 0.0, 0.0, 0.0, 0.0, 0.0, 0.0, 0.0, 0.0, 0.976861604034733, 0.9787030462101681, 0.9784622241176327, 0.0, 0.0, 0.0, 0.0, 0.0, 0.0], [0.0, 0.0, 1.0330614708485208, 0.11800507778457288, 0.0, 0.0, 0.0, 0.9658235088529948, 0.0, 0.0, 0.0, 0.0, 0.0, 0.0, 0.0, 0.0, 0.0, 0.0, 0.0, 0.0, 0.0, 0.0, 0.0, 0.0, 0.0, 0.0], [0.0, 0.0, 0.0, 0.0, 0.0, 0.0, 0.9658235088529948, 0.0, 0.9851030616663725, 0.0, 0.0, 0.0, 0.0, 0.0, 0.0, 0.0, 0.0, 0.0, 0.0, 0.0, 0.9627828100338591, 0.9353785293176338, 0.0, 0.0, 0.0, 0.0], [0.0, 0.0, 0.0, 0.0, 0.0, 0.0, 0.0, 0.9851030616663725, 0.0, 1.7659084630562827, 1.1015142655638137, 0.0, 0.0, 0.0, 0.0, 0.0, 0.0, 0.0, 0.0, 0.0, 0.0, 0.0, 0.0, 0.0, 0.0, 0.0], [0.0, 0.0, 0.0, 0.0, 0.0, 0.0, 0.0, 0.0, 1.7659084630562827, 0.0, 0.11722845063520966, 0.0, 0.0, 0.0, 0.0, 0.0, 0.0, 0.0, 0.0, 0.0, 0.0, 0.0, 0.0, 0.0, 0.0, 0.0], [0.0, 0.0, 0.0, 0.0, 0.0, 0.0, 0.0, 0.0, 1.1015142655638137, 0.11722845063520966, 0.0, 0.980877430437374, 1.1657429976972538, 0.15876217278394866, 0.0, 0.0, 0.0, 0.0, 0.0, 0.0, 0.0, 0.0, 0.0, 0.0, 0.0, 0.0], [0.0, 0.0, 0.0, 0.0, 0.0, 0.0, 0.0, 0.0, 0.0, 0.0, 0.980877430437374, 0.0, 0.0, 0.0, 0.0, 0.0, 0.0, 0.0, 0.0, 0.0, 0.0, 0.0, 0.9767677226758822, 0.9776985608244435, 0.9735308333573436, 0.0], [0.0, 0.0, 0.0, 0.0, 0.0, 0.0, 0.0, 0.0, 0.0, 0.0, 1.1657429976972538, 0.0, 0.0, 1.788555263851805, 0.0, 0.0, 0.0, 0.0, 0.0, 0.0, 0.0, 0.0, 0.0, 0.0, 0.0, 0.9257595508128053], [0.0, 0.0, 0.0, 0.0, 0.0, 0.0, 0.0, 0.0, 0.0, 0.0, 0.15876217278394866, 0.0, 1.788555263851805, 0.0, 0.0, 0.0, 0.0, 0.0, 0.0, 0.0, 0.0, 0.0, 0.0, 0.0, 0.0, 0.0], [0.9750080402278619, 0.0, 0.0, 0.0, 0.0, 0.0, 0.0, 0.0, 0.0, 0.0, 0.0, 0.0, 0.0, 0.0, 0.0, 0.0, 0.0, 0.0, 0.0, 0.0, 0.0, 0.0, 0.0, 0.0, 0.0, 0.0], [0.9790621463463755, 0.0, 0.0, 0.0, 0.0, 0.0, 0.0, 0.0, 0.0, 0.0, 0.0, 0.0, 0.0, 0.0, 0.0, 0.0, 0.0, 0.0, 0.0, 0.0, 0.0, 0.0, 0.0, 0.0, 0.0, 0.0], [0.9768085494642249, 0.0, 0.0, 0.0, 0.0, 0.0, 0.0, 0.0, 0.0, 0.0, 0.0, 0.0, 0.0, 0.0, 0.0, 0.0, 0.0, 0.0, 0.0, 0.0, 0.0, 0.0, 0.0, 0.0, 0.0, 0.0], [0.0, 0.0, 0.0, 0.0, 0.0, 0.976861604034733, 0.0, 0.0, 0.0, 0.0, 0.0, 0.0, 0.0, 0.0, 0.0, 0.0, 0.0, 0.0, 0.0, 0.0, 0.0, 0.0, 0.0, 0.0, 0.0, 0.0], [0.0, 0.0, 0.0, 0.0, 0.0, 0.9787030462101681, 0.0, 0.0, 0.0, 0.0, 0.0, 0.0, 0.0, 0.0, 0.0, 0.0, 0.0, 0.0, 0.0, 0.0, 0.0, 0.0, 0.0, 0.0, 0.0, 0.0], [0.0, 0.0, 0.0, 0.0, 0.0, 0.9784622241176327, 0.0, 0.0, 0.0, 0.0, 0.0, 0.0, 0.0, 0.0, 0.0, 0.0, 0.0, 0.0, 0.0, 0.0, 0.0, 0.0, 0.0, 0.0, 0.0, 0.0], [0.0, 0.0, 0.0, 0.0, 0.0, 0.0, 0.0, 0.9627828100338591, 0.0, 0.0, 0.0, 0.0, 0.0, 0.0, 0.0, 0.0, 0.0, 0.0, 0.0, 0.0, 0.0, 0.0, 0.0, 0.0, 0.0, 0.0], [0.0, 0.0, 0.0, 0.0, 0.0, 0.0, 0.0, 0.9353785293176338, 0.0, 0.0, 0.0, 0.0, 0.0, 0.0, 0.0, 0.0, 0.0, 0.0, 0.0, 0.0, 0.0, 0.0, 0.0, 0.0, 0.0, 0.0], [0.0, 0.0, 0.0, 0.0, 0.0, 0.0, 0.0, 0.0, 0.0, 0.0, 0.0, 0.9767677226758822, 0.0, 0.0, 0.0, 0.0, 0.0, 0.0, 0.0, 0.0, 0.0, 0.0, 0.0, 0.0, 0.0, 0.0], [0.0, 0.0, 0.0, 0.0, 0.0, 0.0, 0.0, 0.0, 0.0, 0.0, 0.0, 0.9776985608244435, 0.0, 0.0, 0.0, 0.0, 0.0, 0.0, 0.0, 0.0, 0.0, 0.0, 0.0, 0.0, 0.0, 0.0], [0.0, 0.0, 0.0, 0.0, 0.0, 0.0, 0.0, 0.0, 0.0, 0.0, 0.0, 0.9735308333573436, 0.0, 0.0, 0.0, 0.0, 0.0, 0.0, 0.0, 0.0, 0.0, 0.0, 0.0, 0.0, 0.0, 0.0], [0.0, 0.0, 0.0, 0.0, 0.0, 0.0, 0.0, 0.0, 0.0, 0.0, 0.0, 0.0, 0.9257595508128053, 0.0, 0.0, 0.0, 0.0, 0.0, 0.0, 0.0, 0.0, 0.0, 0.0, 0.0, 0.0, 0.0]], "Born radii": [], "Atomic SASAs": [], "Solvent H bonds": [], "Total SASA": NaN, "Total FOD": 0.0, "FOD": [0.0, 0.0, 0.0, 0.0, 0.0, 0.0, 0.0, 0.0, 0.0, 0.0, 0.0, 0.0, 0.0, 0.0, 0.0, 0.0, 0.0, 0.0, 0.0, 0.0, 0.0, 0.0, 0.0, 0.0, 0.0, 0.0], "FOD s proportion": [0.0, 0.0, 0.0, 0.0, 0.0, 0.0, 0.0, 0.0, 0.0, 0.0, 0.0, 0.0, 0.0, 0.0, 0.0, 0.0, 0.0, 0.0, 0.0, 0.0, 0.0, 0.0, 0.0, 0.0, 0.0, 0.0], "FOD p proportion": [0.0, 0.0, 0.0, 0.0, 0.0, 0.0, 0.0, 0.0, 0.0, 0.0, 0.0, 0.0, 0.0, 0.0, 0.0, 0.0, 0.0, 0.0, 0.0, 0.0, 0.0, 0.0, 0.0, 0.0, 0.0, 0.0], "FOD d proportion": [0.0, 0.0, 0.0, 0.0, 0.0, 0.0, 0.0, 0.0, 0.0, 0.0, 0.0, 0.0, 0.0, 0.0, 0.0, 0.0, 0.0, 0.0, 0.0, 0.0, 0.0, 0.0, 0.0, 0.0, 0.0, 0.0], "coordinates": [["-1.34100", "-2.68860", "0.46210"], ["-1.29120", "-1.38940", "-0.09830"], ["-2.11110", "-0.19180", "0.63270"], ["-4.04050", "-0.48590", "0.63730"], ["-1.66970", "1.03310", "-0.34880"], ["-2.06470", "1.00650", "-1.70740"], ["-1.16450", "0.23290", "2.46710"], ["0.39780", "1.00960", "1.95470"], ["1.22070", "0.06260", "1.08540"], ["1.28480", "-1.14710", "1.32680"], ["1.92200", "0.62470", "0.01900"], ["2.46590", "-0.29810", "-0.95800"], ["2.49530", "1.88530", "0.08530"], ["2.33060", "2.72630", "0.95870"], ["-1.27880", "-2.65580", "1.55240"], ["-2.26550", "-3.18630", "0.15900"], ["-0.49390", "-3.26390", "0.07960"], ["-1.40890", "1.67590", "-2.27020"], ["-3.09220", "1.36610", "-1.80330"], ["-1.97890", "0.00170", "-2.12890"], ["0.12890", "1.91810", "1.41230"], ["0.98090", "1.27240", "2.84150"], ["1.74600", "-1.09450", "-1.17140"], ["2.70720", "0.22640", "-1.88750"], ["3.38170", "-0.74080", "-0.55280"], ["3.13900", "2.10050", "-0.78480"]], "bond_dist": [[0.0, 1.4157855911118746, 2.6184286528374225, 3.48853587913325, 3.8231732095211175, 4.345599607649099, 3.54772314308769, 4.350627936286899, 3.810500127279883, 3.1652415358073385, 4.671344934812671, 4.714197903143227, 5.981616599214631, 6.561127961715119, 1.092565224597598, 1.0928289664901822, 1.0930941176312312, 5.149653769915022, 4.963802039767501, 3.789183487243657, 4.927998674918653, 5.171294322507665, 3.839146527550101, 5.514142580673807, 5.208439511024391, 6.675375526515343], [1.4157855911118746, 0.0, 1.6250670047724187, 2.98597891821091, 2.4646538803653546, 2.987949442343361, 3.0379577581000037, 3.580884108708351, 3.133542930932972, 2.9538780103450444, 3.794075953377844, 4.005723429044996, 5.009486131331236, 5.583338672335756, 2.0805607921904135, 2.0601731456360652, 2.044770390532883, 3.7585990727929466, 3.707210035862549, 2.5556656393198227, 3.9036076416566257, 4.570562513520628, 3.234670533454682, 4.668966570880541, 4.739540760453485, 5.681316423154055], [2.6184286528374225, 1.6250670047724187, 0.0, 1.9516916585362554, 1.6305079637953321, 2.629475966804032, 2.1074736083756775, 3.0798742133405383, 3.3720243015138545, 3.5953455619731463, 4.160432135007132, 4.846705600714778, 5.082608791752519, 5.324498333176564, 2.7585988073657974, 3.035664885984617, 3.5155446036140687, 3.5225298494122086, 3.0534743522747987, 2.771525509534415, 3.1744376147595026, 4.072240547904801, 4.352799617487578, 5.453651452925828, 5.64603073760673, 5.901482487477193], [3.48853587913325, 2.98597891821091, 1.9516916585362554, 0.0, 2.9833616693253937, 3.410082328918174, 3.4837074331809204, 4.865240990947931, 5.308660028670135, 5.4103064404892995, 6.096485339931524, 6.701752896817369, 6.9745232869351, 7.14229949036023, 3.6294436088745066, 3.266734768847939, 4.539458651645591, 4.477974324401603, 3.2071334942593204, 3.484223121443286, 4.874806392052919, 5.758869202369507, 6.093059321884205, 7.239712813364906, 7.521327333655941, 7.762541698438726], [3.8231732095211175, 2.4646538803653546, 1.6305079637953321, 2.9833616693253937, 0.0, 1.4151065401587262, 2.970663207097028, 3.0953547050378574, 3.3694527819810736, 4.036084445350469, 3.6335074363485207, 4.387072536441584, 4.2733959154283845, 4.5363953288927545, 4.1683746784568205, 4.2914070932504185, 4.475515746816225, 2.0427888877708336, 2.0615444453127854, 2.0804198158064153, 2.668269133726956, 4.154631023328064, 4.107354259130809, 4.709099297105552, 5.357702788509269, 4.945000955510524], [4.345599607649099, 2.987949442343361, 2.629475966804032, 3.410082328918174, 1.4151065401587262, 0.0, 4.339961664577235, 4.413036626859107, 4.414128703379638, 5.0063472562338305, 4.361193081027254, 4.773878703947137, 4.977917509360717, 5.420743799516816, 4.965518718119991, 4.5938373327752915, 4.888465792045599, 1.0931211460766825, 1.0928244232263478, 1.0929990530645486, 3.921150801741754, 5.480773064085029, 4.384396365521713, 4.838597072499425, 5.835189063775055, 5.396899151364606], [3.54772314308769, 3.0379577581000037, 2.1074736083756775, 3.4837074331809204, 2.970663207097028, 4.339961664577235, 0.0, 1.8184053288527287, 2.7617523458847644, 3.033769038671204, 3.958937117459685, 5.0192703822368445, 4.6687828221068495, 4.550608545019006, 3.0322150764746225, 4.269713719911441, 4.286895245979308, 4.958224646988072, 4.820423808131397, 4.673319676632447, 2.3717895437833434, 2.413188092544798, 4.844758328337957, 5.826889762128678, 5.543989731231471, 5.708142922177053], [4.350627936286899, 3.580884108708351, 3.0798742133405383, 4.865240990947931, 3.0953547050378574, 4.413036626859107, 1.8184053288527287, 0.0, 1.5263210343830032, 2.415032567068196, 2.493645552198628, 3.8040686363418836, 2.942959921575555, 2.7703412659815037, 4.050677722307713, 5.284248498131025, 4.75120312657752, 4.6430486310182015, 5.140987867132153, 4.831185595689737, 1.091731294779077, 1.0933817677279971, 4.002172067765203, 4.550739658561012, 4.272600568740307, 4.026052719475988], [3.810500127279883, 3.133542930932972, 3.3720243015138545, 5.308660028670135, 3.3694527819810736, 4.414128703379638, 2.7617523458847644, 1.5263210343830032, 0.0, 1.2352153091667866, 1.3946279288756553, 2.419940307115033, 2.4386554615197285, 2.8884647461930357, 3.7222691748448287, 4.854601797264118, 3.875188905072887, 4.558243566331225, 5.352084299597681, 4.5357329573069, 2.1775608143057683, 2.1459280719539504, 2.589974274003508, 3.3278592368067494, 2.828263035857874, 3.3660896215044542], [3.1652415358073385, 2.9538780103450444, 3.5953455619731463, 5.4103064404892995, 4.036084445350469, 5.0063472562338305, 3.033769038671204, 2.415032567068196, 1.2352153091667866, 0.0, 2.292518248564229, 2.708525290633262, 3.493147901248958, 4.028948102172576, 2.983138617295549, 4.2575490097003, 3.0331705804322975, 5.306953710934362, 5.939009113480126, 4.890126953362254, 3.2770209184562735, 2.870653505736978, 2.540959551035789, 3.773784373808339, 2.845165278151693, 4.294626638021051], [4.671344934812671, 3.794075953377844, 4.160432135007132, 6.096485339931524, 3.6335074363485207, 4.361193081027254, 3.958937117459685, 2.493645552198628, 1.3946279288756553, 2.292518248564229, 0.0, 1.4497986239474776, 1.386427401633421, 2.338100213848842, 4.833023530875884, 5.663786476377795, 4.578368173268725, 4.176164854265214, 5.386339470363894, 4.496512450777825, 2.613307494345049, 3.0449451144478776, 2.098493936136104, 2.0999819475414543, 2.079006873485511, 2.0748901368506236], [4.714197903143227, 4.005723429044996, 4.846705600714778, 6.701752896817369, 4.387072536441584, 4.773878703947137, 5.0192703822368445, 3.8040686363418836, 2.419940307115033, 2.708525290633262, 1.4497986239474776, 0.0, 2.4200361174990754, 3.5831606634366815, 5.087596243807089, 5.654691344361777, 4.316595816149573, 4.542314374853419, 5.863153532016708, 4.606206019057333, 3.998929047882695, 4.37125788532317, 1.094554032471673, 1.0942103042834133, 1.094924641242492, 2.497267268435639], [5.981616599214631, 5.009486131331236, 5.082608791752519, 6.9745232869351, 4.2733959154283845, 4.977917509360717, 4.6687828221068495, 2.942959921575555, 2.4386554615197285, 3.493147901248958, 1.386427401633421, 2.4200361174990754, 0.0, 1.223615401178001, 6.084225705050726, 6.956419689035445, 5.953957488091429, 4.564537901036642, 5.920855922077482, 5.335643938645082, 2.713273631611821, 3.204011892924244, 3.319631518708063, 2.5862696417813824, 2.8441655683170066, 1.1035101902565287], [6.561127961715119, 5.583338672335756, 5.324498333176564, 7.14229949036023, 4.5363953288927545, 5.420743799516816, 4.550608545019006, 2.7703412659815037, 2.8884647461930357, 4.028948102172576, 2.338100213848842, 3.5831606634366815, 1.223615401178001, 0.0, 6.507476351090337, 7.5314337320327, 6.680801830618837, 5.051039063400718, 6.235827762214091, 5.960579600173124, 2.388812066697588, 2.7350413415522623, 4.41334292911847, 3.8068598621436016, 3.925586054336346, 2.0211205926416165], [1.092565224597598, 2.0805607921904135, 2.7585988073657974, 3.6294436088745066, 4.1683746784568205, 4.965518718119991, 3.0322150764746225, 4.050677722307713, 3.7222691748448287, 2.983138617295549, 4.833023530875884, 5.087596243807089, 6.084225705050726, 6.507476351090337, 0.0, 1.787895606572151, 1.7762301258564441, 5.778652235599577, 5.5429975338259, 4.593954282532642, 4.787672556681378, 4.711557931300432, 4.359605391546349, 6.002348277965883, 5.460709870520498, 6.899409421827349], [1.0928289664901822, 2.0601731456360652, 3.035664885984617, 3.266734768847939, 4.2914070932504185, 4.5938373327752915, 4.269713719911441, 5.284248498131025, 4.854601797264118, 4.2575490097003, 5.663786476377795, 5.654691344361777, 6.956419689035445, 7.5314337320327, 1.787895606572151, 0.0, 1.775075401215396, 5.502341777825147, 5.025773566327874, 3.934459298302627, 5.7757087539106395, 6.133100757365723, 4.715689095985867, 6.368864014092309, 6.194997766746973, 7.619030970536869], [1.0930941176312312, 2.044770390532883, 3.5155446036140687, 4.539458651645591, 4.475515746816225, 4.888465792045599, 4.286895245979308, 4.75120312657752, 3.875188905072887, 3.0331705804322975, 4.578368173268725, 4.316595816149573, 5.953957488091429, 6.680801830618837, 1.7762301258564441, 1.775075401215396, 0.0, 5.546206728927439, 5.633238438056745, 4.212699919291665, 5.386751630621186, 5.511909318920259, 3.3598287709346137, 5.128227540778587, 4.667573109229249, 6.536202041705871], [5.149653769915022, 3.7585990727929466, 3.5225298494122086, 4.477974324401603, 2.0427888877708336, 1.0931211460766825, 4.958224646988072, 4.6430486310182015, 4.558243566331225, 5.306953710934362, 4.176164854265214, 4.542314374853419, 4.564537901036642, 5.051039063400718, 5.778652235599577, 5.502341777825147, 5.546206728927439, 0.0, 1.7741111971914274, 1.7742072398679924, 3.998036509338053, 5.657157694461063, 4.340031291361849, 4.380615110917643, 5.633804221838029, 4.803133636491911], [4.963802039767501, 3.707210035862549, 3.0534743522747987, 3.2071334942593204, 2.0615444453127854, 1.0928244232263478, 4.820423808131397, 5.140987867132153, 5.352084299597681, 5.939009113480126, 5.386339470363894, 5.863153532016708, 5.920855922077482, 6.235827762214091, 5.5429975338259, 5.025773566327874, 5.633238438056745, 1.7741111971914274, 0.0, 1.790820931863373, 4.584787080116153, 6.178437532256841, 5.4646161082001, 5.9109259926004825, 6.922005422563609, 6.356456485338351], [3.789183487243657, 2.5556656393198227, 2.771525509534415, 3.484223121443286, 2.0804198158064153, 1.0929990530645486, 4.673319676632447, 4.831185595689737, 4.5357329573069, 4.890126953362254, 4.496512450777825, 4.606206019057333, 5.335643938645082, 5.960579600173124, 4.593954282532642, 3.934459298302627, 4.212699919291665, 1.7742072398679924, 1.790820931863373, 0.0, 4.544833026635852, 5.922834683662883, 3.999167500868149, 4.697690630511975, 5.636615103056088, 5.6924921308685175], [4.927998674918653, 3.9036076416566257, 3.1744376147595026, 4.874806392052919, 2.668269133726956, 3.921150801741754, 2.3717895437833434, 1.091731294779077, 2.1775608143057683, 3.2770209184562735, 2.613307494345049, 3.998929047882695, 2.713273631611821, 2.388812066697588, 4.787672556681378, 5.7757087539106395, 5.386751630621186, 3.998036509338053, 4.584787080116153, 4.544833026635852, 0.0, 1.784781535650792, 4.285589441372097, 4.516432200310329, 4.6381111521825344, 3.7311151389363477], [5.171294322507665, 4.570562513520628, 4.072240547904801, 5.758869202369507, 4.154631023328064, 5.480773064085029, 2.413188092544798, 1.0933817677279971, 2.1459280719539504, 2.870653505736978, 3.0449451144478776, 4.37125788532317, 3.204011892924244, 2.7350413415522623, 4.711557931300432, 6.133100757365723, 5.511909318920259, 5.657157694461063, 6.178437532256841, 5.922834683662883, 1.784781535650792, 0.0, 4.7213303241777105, 5.14175735425156, 4.619316764414408, 4.300371717654184], [3.839146527550101, 3.234670533454682, 4.352799617487578, 6.093059321884205, 4.107354259130809, 4.384396365521713, 4.844758328337957, 4.002172067765203, 2.589974274003508, 2.540959551035789, 2.098493936136104, 1.094554032471673, 3.319631518708063, 4.41334292911847, 4.359605391546349, 4.715689095985867, 3.3598287709346137, 4.340031291361849, 5.4646161082001, 3.999167500868149, 4.285589441372097, 4.7213303241777105, 0.0, 1.7836707824035238, 1.7841760395207644, 3.5068409658836823], [5.514142580673807, 4.668966570880541, 5.453651452925828, 7.239712813364906, 4.709099297105552, 4.838597072499425, 5.826889762128678, 4.550739658561012, 3.3278592368067494, 3.773784373808339, 2.0999819475414543, 1.0942103042834133, 2.5862696417813824, 3.8068598621436016, 6.002348277965883, 6.368864014092309, 5.128227540778587, 4.380615110917643, 5.9109259926004825, 4.697690630511975, 4.516432200310329, 5.14175735425156, 1.7836707824035238, 0.0, 1.7809688879932744, 2.2169008412646694], [5.208439511024391, 4.739540760453485, 5.64603073760673, 7.521327333655941, 5.357702788509269, 5.835189063775055, 5.543989731231471, 4.272600568740307, 2.828263035857874, 2.845165278151693, 2.079006873485511, 1.094924641242492, 2.8441655683170066, 3.925586054336346, 5.460709870520498, 6.194997766746973, 4.667573109229249, 5.633804221838029, 6.922005422563609, 5.636615103056088, 4.6381111521825344, 4.619316764414408, 1.7841760395207644, 1.7809688879932744, 0.0, 2.8610685031994603], [6.675375526515343, 5.681316423154055, 5.901482487477193, 7.762541698438726, 4.945000955510524, 5.396899151364606, 5.708142922177053, 4.026052719475988, 3.3660896215044542, 4.294626638021051, 2.0748901368506236, 2.497267268435639, 1.1035101902565287, 2.0211205926416165, 6.899409421827349, 7.619030970536869, 6.536202041705871, 4.803133636491911, 6.356456485338351, 5.6924921308685175, 3.7311151389363477, 4.300371717654184, 3.5068409658836823, 2.2169008412646694, 2.8610685031994603, 0.0]]}