{"total energy": -68.94362646, "HOMO-LUMO gap/eV": 3.29858332, "electronic energy": -69.88622064, "dipole": [-0.48329162, -0.09926512, 0.98088389], "partial charges": [-0.10075023, -0.05261666, -0.05468851, -0.05068173, -0.06253884, 0.26237199, -0.39185411, -0.04649511, -0.04351727, 0.26087151, -0.39591854, 0.0557316, -0.04530051, -0.05184336, 0.14556525, -0.38958179, -0.06779719, -0.04353898, 0.0669081, -0.04359846, -0.02819866, -0.03229218, -0.0263296, -0.04103727, 0.03529362, 0.03424816, 0.03419199, 0.03399338, 0.03405519, 0.03221066, 0.03140906, 0.0559536, 0.05734492, 0.08629067, 0.04426457, 0.05936324, 0.30250409, 0.04080454, 0.07179926, 0.03687084, 0.03923792, 0.0369267, 0.04367201, 0.06669614], "atomic dipole moments": [[-0.03803298, 0.06103901, -0.07819525], [-0.07756818, -0.0570968, 0.06983461], [0.05567212, 0.0634367, -0.08022011], [-0.1210774, -0.05457696, 0.0704881], [0.01932064, -0.04056851, 0.04922736], [-0.04942668, -0.02357215, 0.03284597], [-0.04118401, 0.11110601, 0.13358261], [0.06002472, 0.07945697, 0.10613239], [-0.03268481, -0.06375012, -0.11852745], [-0.04229684, -0.02928009, 0.03494126], [-0.04169377, -0.15633294, -0.07914806], [0.15601646, -0.04703491, -0.08431258], [0.02631114, 0.01606864, 0.01830564], [0.00665035, 0.02771163, 0.02408821], [-0.20137393, 0.06907367, 0.10518507], [0.19741766, 0.04610366, -0.00629483], [-0.01962194, -0.00508734, -0.00263448], [-0.02536977, -0.03035179, -0.04341298], [0.03995872, 0.17352647, -0.07205887], [-0.00438848, 0.00486029, -0.03818868], [0.00052581, 0.00805199, -0.00078988], [0.00113699, 0.00753724, -0.0022323], [0.00279334, 0.00773405, -0.00398389], [0.01595689, 0.03004933, 0.04724008], [0.12509703, 0.00181981, 0.00041196], [-0.03643844, -0.12023631, -0.01408493], [-0.03903076, 0.04014336, 0.11295125], [0.04790692, -0.04108469, -0.10684172], [0.04514355, 0.11411573, 0.01646377], [-0.04222982, 0.03800087, 0.11150222], [-0.03989095, -0.11869013, -0.01245042], [0.0486413, -0.04019965, -0.10913695], [0.04787816, 0.11643889, 0.0141889], [-0.0366859, 0.07774383, -0.10537235], [-0.01959811, -0.11388352, -0.10146656], [-0.13430721, -0.07278965, -0.03489296], [0.02391566, 0.06217095, 0.04619293], [0.01372334, 0.11591234, 0.09924073], [0.12787225, 0.07833153, 0.04611798], [0.01013193, 0.10734364, 0.10932337], [-0.01783161, -0.02316224, 0.14976011], [-0.02608437, -0.13913971, 0.05339734], [-0.00896456, -0.11927269, -0.09547514], [0.01291311, 0.00795449, -0.15646268]], "atomic quadrupole moments": [[-0.06397636, -0.0719876, -0.0066738, 0.09181231, -0.15726797, 0.07065015], [0.15453368, -0.06177569, -0.11572704, 0.08692742, -0.15864658, -0.03880664], [0.13847296, -0.05458602, -0.11016216, 0.07756885, -0.16481628, -0.0283108], [0.20545488, -0.06322124, -0.13768023, 0.07795194, -0.14065061, -0.06777465], [0.04196573, 0.07846938, 0.04094492, -0.13637529, 0.15854244, -0.08291065], [0.11130024, -0.20600653, -0.08367513, 0.30542818, -0.19183987, -0.02762511], [0.04247764, -0.0910707, -0.04639027, 0.1350104, -0.06615453, 0.00391263], [-0.05951667, 0.02722872, 0.05720844, -0.00114674, 0.10123478, 0.00230823], [-0.07374524, 0.00791942, 0.04072809, -0.01566268, 0.09873669, 0.03301715], [0.10994096, -0.24348512, -0.12001426, 0.27069799, -0.18146404, 0.0100733], [0.03170177, -0.09552931, -0.04030836, 0.12864809, -0.06953912, 0.00860659], [-0.06357673, -0.14505636, -0.03713084, -0.06236003, -0.30007398, 0.10070757], [-0.23754714, -0.09380221, 0.08126209, 0.08406002, -0.35541556, 0.15628505], [-0.25919203, -0.10488508, 0.08003634, 0.06888493, -0.32486752, 0.1791557], [0.00450654, -0.24429644, -0.0906412, -0.14550688, -0.28813472, 0.08613466], [0.06983694, -0.02741597, -0.04075114, -0.05436835, 0.0285184, -0.02908579], [-0.16398931, -0.0698516, 0.0395096, 0.07845347, -0.34347346, 0.12447972], [-0.23121083, -0.0736786, 0.06780314, 0.06975448, -0.3867856, 0.16340769], [0.36359237, -0.0349259, -0.05512948, 0.03212798, -0.13834169, -0.30846289], [0.4650928, -0.11857676, -0.21537096, 0.06758305, 0.00073387, -0.24972184], [0.50912992, -0.11558513, -0.2372853, 0.07840706, -0.00017624, -0.27184462], [0.49767698, -0.11707259, -0.2511941, 0.07904011, -0.00505598, -0.24648288], [0.51216129, -0.12420129, -0.26295198, 0.07457027, -0.02974291, -0.24920931], [0.49861997, -0.1030272, -0.2407627, 0.05383502, -0.01515785, -0.25785726], [0.08197318, 0.00555075, -0.04404886, -0.00410646, -0.01328152, -0.03792432], [-0.03322822, 0.03971759, 0.06100633, 0.01700845, 0.01669358, -0.0277781], [-0.03105851, -0.02660697, -0.01710782, -0.03717407, 0.03365801, 0.04816633], [-0.0176504, -0.01743764, -0.01997995, -0.01475394, 0.0301082, 0.03763035], [-0.01893515, 0.01691288, 0.04903991, 0.0135025, 0.01494193, -0.03010476], [-0.0165593, -0.01756645, -0.01442925, -0.02108743, 0.03282551, 0.03098855], [-0.01649256, 0.02251675, 0.04270049, 0.0124911, 0.0196089, -0.02620793], [-0.01701889, -0.02474283, -0.01895832, -0.01451411, 0.02804519, 0.03597721], [-0.01877066, 0.01640242, 0.04642852, 0.02068936, 0.01333081, -0.02765786], [-0.02167886, -0.00879595, 0.00825499, 0.00918573, -0.02921686, 0.01342386], [0.03148452, -0.00326247, -0.01119123, -0.02253623, 0.04547077, -0.02029329], [0.02771729, 0.00692824, -0.00878989, -0.01301461, 0.04203637, -0.0189274], [-0.0448406, 0.0152104, 0.04317815, 0.00278118, 0.10608216, 0.00166245], [0.02474587, 0.0036272, -0.00754976, -0.01595972, 0.04589876, -0.01719611], [0.03881488, 0.00051336, -0.01865916, -0.02470963, 0.03988332, -0.02015571], [-0.0608239, 0.01528503, 0.04646142, -0.00847263, -0.00504309, 0.01436248], [-0.06519073, 0.01569768, 0.03914442, -0.00832558, 0.00655756, 0.02604631], [-0.06471144, 0.01471196, 0.02773572, -0.01025898, 0.00478034, 0.03697572], [-0.06447464, 0.01556339, 0.027552, -0.01146498, -0.00661347, 0.03692265], [-0.05728616, 0.02017267, 0.04088785, -0.01026411, -0.01314259, 0.0163983]], "number of molecular orbitals": 116, "number of electrons": 124, "number of unpaired electrons": 0, "orbital energies/eV": [-19.69011057, -19.57439741, -19.56988619, -19.45364867, -18.518724, -18.47212816, -18.07151417, -17.87445935, -17.63323719, -17.53456774, -17.30961301, -17.2276727, -17.08052948, -16.93534168, -16.88218346, -16.59815687, -16.42013219, -16.36802276, -16.15159376, -15.89076629, -15.79275503, -15.65841477, -15.45716023, -15.31727443, -15.27253187, -15.06717679, -14.92717119, -14.80038389, -14.619973, -14.50862748, -14.37034636, -14.31724212, -14.22074109, -14.06230203, -13.96196883, -13.7110312, -13.6991472, -13.56758367, -13.5073471, -13.48891899, -13.32016691, -13.24422185, -13.21920671, -13.14438263, -13.08411642, -12.82487614, -12.76371201, -12.72925334, -12.23212419, -12.17116454, -12.10423296, -12.02718286, -11.90286609, -11.89519846, -11.79829649, -11.62719134, -11.39573379, -11.35715085, -11.2610408, -11.05362718, -10.74424368, -10.27387456, -6.97529124, -6.86462238, -6.62098969, -6.47614704, -6.21392578, -5.76677957, -3.32335227, -2.9949912, -2.9073629, 0.55237877, 0.78337142, 1.26982736, 1.70480928, 2.37520554, 2.91798716, 2.93072423, 3.00037112, 3.14675111, 3.31255944, 3.43701937, 3.65166981, 3.95278162, 4.03765574, 4.11103182, 4.19108112, 4.40280399, 4.45966156, 4.55722855, 4.63326891, 4.73950444, 4.89815203, 5.07919579, 5.2953812, 5.38477937, 6.08418107, 6.3126899, 6.52140144, 7.10459165, 7.24885332, 8.1777651, 9.81093762, 10.07874179, 10.1802936, 10.25544408, 11.10773961, 11.18109847, 11.21695376, 11.7222933, 15.83814432, 16.07893835, 16.19245103, 16.28921914, 16.90790281, 17.00084033], "fractional occupation": [2.0, 2.0, 2.0, 2.0, 2.0, 2.0, 2.0, 2.0, 2.0, 2.0, 2.0, 2.0, 2.0, 2.0, 2.0, 2.0, 2.0, 2.0, 2.0, 2.0, 2.0, 2.0, 2.0, 2.0, 2.0, 2.0, 2.0, 2.0, 2.0, 2.0, 2.0, 2.0, 2.0, 2.0, 2.0, 2.0, 2.0, 2.0, 2.0, 2.0, 2.0, 2.0, 2.0, 2.0, 2.0, 2.0, 2.0, 2.0, 2.0, 2.0, 2.0, 2.0, 2.0, 2.0, 2.0, 2.0, 2.0, 2.0, 2.0, 2.0, 2.0, 2.0, 0.0, 0.0, 0.0, 0.0, 0.0, 0.0, 0.0, 0.0, 0.0, 0.0, 0.0, 0.0, 0.0, 0.0, 0.0, 0.0, 0.0, 0.0, 0.0, 0.0, 0.0, 0.0, 0.0, 0.0, 0.0, 0.0, 0.0, 0.0, 0.0, 0.0, 0.0, 0.0, 0.0, 0.0, 0.0, 0.0, 0.0, 0.0, 0.0, 0.0, 0.0, 0.0, 0.0, 0.0, 0.0, 0.0, 0.0, 0.0, 0.0, 0.0, 0.0, 0.0, 0.0, 0.0], "program call": "xtb /home/svss/Project-DBcg-Debug/aqme2_20220329/End-to-End-workflows-final/example-3/QDESCP/mol_729_rdkit_conf_2/mol_729_rdkit_conf_2.xyz --pop --wbo --acc 0.2 --gfn 2 --chrg 0 --uhf 0 --etemp 300 --input /home/svss/Project-DBcg-Debug/aqme2_20220329/End-to-End-workflows-final/example-3/QDESCP/mol_729_rdkit_conf_2/mol_729_rdkit_conf_2_xtb.inp", "method": "GFN2-xTB", "xtb version": "6.3.3 (7355c4f)", "Dipole module/D": 2.791, "Total charge": 0, "Transition dipole module/D": NaN, "HOMO": -10.2739, "LUMO": -6.9753, "HOMO occupancy": 2.0, "LUMO occupancy": 0, "mulliken charges": [-0.08308, -0.03652, -0.05249, -0.02628, -0.08921, 0.46112, -0.51632, -0.15142, -0.15034, 0.45917, -0.51987, 0.12061, -0.0553, -0.06187, 0.25612, -0.51599, -0.09045, -0.03964, 0.13705, -0.05934, -0.02228, -0.03511, -0.02064, -0.04655, 0.03053, 0.02827, 0.02809, 0.02588, 0.02566, 0.02898, 0.02963, 0.04533, 0.04575, 0.08755, 0.04183, 0.05482, 0.35401, 0.04064, 0.0639, 0.0381, 0.03553, 0.03439, 0.03853, 0.06123], "cm5 charges": [-0.23343, -0.1491, -0.1612, -0.13007, -0.12796, 0.56046, -0.56274, -0.31782, -0.31713, 0.55875, -0.56645, 0.17732, -0.1013, -0.11182, 0.26778, -0.71323, -0.14223, -0.08621, 0.19347, -0.10566, -0.07746, -0.09042, -0.0758, -0.09323, 0.08131, 0.07955, 0.07939, 0.08062, 0.0804, 0.08705, 0.08798, 0.10276, 0.10317, 0.15236, 0.10472, 0.11331, 0.52488, 0.09858, 0.12844, 0.101, 0.09089, 0.08978, 0.0939, 0.12544], "FUKUI+": [0.005, 0.004, 0.002, 0.006, 0.003, -0.039, -0.088, -0.019, -0.018, -0.033, -0.08, -0.009, -0.019, -0.021, -0.025, -0.032, -0.022, -0.019, -0.016, -0.013, -0.017, -0.029, -0.019, -0.013, -0.016, -0.003, -0.004, -0.01, -0.011, -0.0, 0.003, -0.024, -0.025, -0.05, -0.026, -0.042, -0.024, -0.043, -0.03, -0.024, -0.04, -0.047, -0.044, -0.028], "FUKUI-": [0.008, 0.004, 0.004, 0.009, 0.0, -0.006, -0.064, -0.041, -0.046, -0.007, -0.066, -0.017, -0.013, -0.02, -0.031, -0.063, -0.017, -0.017, -0.006, -0.008, -0.013, -0.027, -0.013, -0.014, -0.022, -0.019, -0.02, -0.03, -0.03, -0.007, -0.008, -0.022, -0.021, -0.033, -0.027, -0.041, -0.032, -0.041, -0.032, -0.014, -0.034, -0.041, -0.037, -0.026], "FUKUIrad": [0.006, 0.004, 0.003, 0.008, 0.002, -0.022, -0.076, -0.03, -0.032, -0.02, -0.073, -0.013, -0.016, -0.021, -0.028, -0.048, -0.02, -0.018, -0.011, -0.011, -0.015, -0.028, -0.016, -0.014, -0.019, -0.011, -0.012, -0.02, -0.02, -0.004, -0.002, -0.023, -0.023, -0.042, -0.026, -0.041, -0.028, -0.042, -0.031, -0.019, -0.037, -0.044, -0.04, -0.027], "s proportion": [1.008, 1.027, 1.033, 1.033, 1.071, 1.006, 1.73, 1.447, 1.444, 1.005, 1.73, 1.04, 1.061, 1.055, 1.014, 1.691, 1.06, 1.063, 1.045, 1.06, 1.06, 1.059, 1.062, 1.063, 0.969, 0.972, 0.972, 0.974, 0.974, 0.971, 0.97, 0.955, 0.954, 0.912, 0.958, 0.945, 0.646, 0.959, 0.936, 0.962, 0.964, 0.966, 0.961, 0.939], "p proportion": [3.075, 3.01, 3.019, 2.994, 3.019, 2.533, 4.787, 3.705, 3.706, 2.536, 4.79, 2.839, 2.994, 3.006, 2.729, 4.825, 3.03, 2.977, 2.817, 3.0, 2.962, 2.976, 2.959, 2.984, 0.0, 0.0, 0.0, 0.0, 0.0, 0.0, 0.0, 0.0, 0.0, 0.0, 0.0, 0.0, 0.0, 0.0, 0.0, 0.0, 0.0, 0.0, 0.0, 0.0], "d proportion": [0.0, 0.0, 0.0, 0.0, 0.0, 0.0, 0.0, 0.0, 0.0, 0.0, 0.0, 0.0, 0.0, 0.0, 0.0, 0.0, 0.0, 0.0, 0.0, 0.0, 0.0, 0.0, 0.0, 0.0, 0.0, 0.0, 0.0, 0.0, 0.0, 0.0, 0.0, 0.0, 0.0, 0.0, 0.0, 0.0, 0.0, 0.0, 0.0, 0.0, 0.0, 0.0, 0.0, 0.0], "Fermi-level/eV": -8.6246, "Coordination numbers": [3.75, 3.8, 3.8, 3.803, 3.885, 2.787, 0.856, 2.834, 2.835, 2.787, 0.856, 2.894, 2.917, 2.911, 2.843, 1.659, 2.91, 2.917, 2.896, 2.916, 2.91, 2.912, 2.911, 2.916, 0.924, 0.924, 0.924, 0.924, 0.924, 0.924, 0.924, 0.924, 0.924, 0.924, 0.925, 0.925, 0.804, 0.925, 0.925, 0.925, 0.925, 0.925, 0.925, 0.925], "Dispersion coefficient C6": [22.488, 21.519, 21.557, 21.481, 21.647, 22.58, 21.519, 22.136, 22.079, 22.607, 21.6, 26.749, 29.125, 29.287, 24.829, 20.647, 29.688, 29.081, 26.501, 29.083, 28.705, 28.805, 28.66, 29.02, 2.513, 2.527, 2.528, 2.531, 2.53, 2.555, 2.567, 2.247, 2.231, 1.916, 2.393, 2.206, 0.714, 2.438, 2.066, 2.491, 2.459, 2.49, 2.4, 2.122], "Total dispersion C6": 22405.511667, "Total dispersion C8": 531865.393863, "Polarizability alpha": [6.763, 6.605, 6.611, 6.598, 6.615, 7.784, 6.219, 6.988, 6.979, 7.788, 6.231, 8.48, 8.85, 8.874, 8.166, 6.134, 8.935, 8.843, 8.44, 8.843, 8.785, 8.801, 8.778, 8.834, 2.479, 2.486, 2.486, 2.488, 2.487, 2.5, 2.505, 2.344, 2.336, 2.164, 2.419, 2.323, 1.327, 2.442, 2.248, 2.468, 2.452, 2.468, 2.423, 2.278], "Total polarizability alpha": 233.066772, "Wiberg matrix": [[0.0, 1.0202307385653209, 0.0, 0.0, 0.0, 0.0, 0.0, 0.0, 0.0, 0.0, 0.0, 0.0, 0.0, 0.0, 0.0, 0.0, 0.0, 0.0, 0.0, 0.0, 0.0, 0.0, 0.0, 0.0, 0.9869896860819034, 0.9875383546115202, 0.9875432520550022, 0.0, 0.0, 0.0, 0.0, 0.0, 0.0, 0.0, 0.0, 0.0, 0.0, 0.0, 0.0, 0.0, 0.0, 0.0, 0.0, 0.0], [1.0202307385653209, 0.0, 1.007277858671223, 0.0, 0.0, 0.0, 0.0, 0.0, 0.0, 0.0, 0.0, 0.0, 0.0, 0.0, 0.0, 0.0, 0.0, 0.0, 0.0, 0.0, 0.0, 0.0, 0.0, 0.0, 0.0, 0.0, 0.0, 0.9776435752769185, 0.9776272330129526, 0.0, 0.0, 0.0, 0.0, 0.0, 0.0, 0.0, 0.0, 0.0, 0.0, 0.0, 0.0, 0.0, 0.0, 0.0], [0.0, 1.007277858671223, 0.0, 1.0070477561550282, 0.0, 0.0, 0.0, 0.0, 0.0, 0.0, 0.0, 0.0, 0.0, 0.0, 0.0, 0.0, 0.0, 0.0, 0.0, 0.0, 0.0, 0.0, 0.0, 0.0, 0.0, 0.0, 0.0, 0.0, 0.0, 0.9762020730586025, 0.9766782964902567, 0.0, 0.0, 0.0, 0.0, 0.0, 0.0, 0.0, 0.0, 0.0, 0.0, 0.0, 0.0, 0.0], [0.0, 0.0, 1.0070477561550282, 0.0, 0.9637402062937028, 0.0, 0.0, 0.0, 0.0, 0.0, 0.0, 0.0, 0.0, 0.0, 0.0, 0.0, 0.0, 0.0, 0.0, 0.0, 0.0, 0.0, 0.0, 0.0, 0.0, 0.0, 0.0, 0.0, 0.0, 0.0, 0.0, 0.9730848779808343, 0.9719330914667245, 0.0, 0.0, 0.0, 0.0, 0.0, 0.0, 0.0, 0.0, 0.0, 0.0, 0.0], [0.0, 0.0, 0.0, 0.9637402062937028, 0.0, 0.9688228140093842, 0.0, 0.0, 0.0, 0.9694150895401736, 0.0, 0.0, 0.0, 0.0, 0.0, 0.0, 0.0, 0.0, 0.0, 0.0, 0.0, 0.0, 0.0, 0.0, 0.0, 0.0, 0.0, 0.0, 0.0, 0.0, 0.0, 0.0, 0.0, 0.9169048331266776, 0.0, 0.0, 0.0, 0.0, 0.0, 0.0, 0.0, 0.0, 0.0, 0.0], [0.0, 0.0, 0.0, 0.0, 0.9688228140093842, 0.0, 1.7346293924962193, 1.1323282389845772, 0.0, 0.0, 0.0, 0.0, 0.0, 0.0, 0.0, 0.0, 0.0, 0.0, 0.0, 0.0, 0.0, 0.0, 0.0, 0.0, 0.0, 0.0, 0.0, 0.0, 0.0, 0.0, 0.0, 0.0, 0.0, 0.0, 0.0, 0.0, 0.0, 0.0, 0.0, 0.0, 0.0, 0.0, 0.0, 0.0], [0.0, 0.0, 0.0, 0.0, 0.0, 1.7346293924962193, 0.0, 0.16415697023683684, 0.0, 0.0, 0.0, 0.0, 0.0, 0.0, 0.0, 0.0, 0.0, 0.0, 0.0, 0.0, 0.0, 0.0, 0.0, 0.0, 0.0, 0.0, 0.0, 0.0, 0.0, 0.0, 0.0, 0.0, 0.0, 0.0, 0.0, 0.0, 0.0, 0.0, 0.0, 0.0, 0.0, 0.0, 0.0, 0.0], [0.0, 0.0, 0.0, 0.0, 0.0, 1.1323282389845772, 0.16415697023683684, 0.0, 0.9882414968712834, 0.0, 0.0, 0.0, 0.0, 0.0, 0.0, 0.0, 0.0, 0.0, 1.0144264722775234, 0.0, 0.0, 0.0, 0.0, 0.0, 0.0, 0.0, 0.0, 0.0, 0.0, 0.0, 0.0, 0.0, 0.0, 0.0, 0.0, 0.0, 0.0, 0.0, 0.0, 0.0, 0.0, 0.0, 0.0, 0.0], [0.0, 0.0, 0.0, 0.0, 0.0, 0.0, 0.0, 0.9882414968712834, 0.0, 1.1379081733422816, 0.16606486603231568, 1.0153787627746147, 0.0, 0.0, 0.0, 0.0, 0.0, 0.0, 0.0, 0.0, 0.0, 0.0, 0.0, 0.0, 0.0, 0.0, 0.0, 0.0, 0.0, 0.0, 0.0, 0.0, 0.0, 0.0, 0.0, 0.0, 0.0, 0.0, 0.0, 0.0, 0.0, 0.0, 0.0, 0.0], [0.0, 0.0, 0.0, 0.0, 0.9694150895401736, 0.0, 0.0, 0.0, 1.1379081733422816, 0.0, 1.727505752294433, 0.0, 0.0, 0.0, 0.0, 0.0, 0.0, 0.0, 0.0, 0.0, 0.0, 0.0, 0.0, 0.0, 0.0, 0.0, 0.0, 0.0, 0.0, 0.0, 0.0, 0.0, 0.0, 0.0, 0.0, 0.0, 0.0, 0.0, 0.0, 0.0, 0.0, 0.0, 0.0, 0.0], [0.0, 0.0, 0.0, 0.0, 0.0, 0.0, 0.0, 0.0, 0.16606486603231568, 1.727505752294433, 0.0, 0.0, 0.0, 0.0, 0.0, 0.0, 0.0, 0.0, 0.0, 0.0, 0.0, 0.0, 0.0, 0.0, 0.0, 0.0, 0.0, 0.0, 0.0, 0.0, 0.0, 0.0, 0.0, 0.0, 0.0, 0.0, 0.0, 0.0, 0.0, 0.0, 0.0, 0.0, 0.0, 0.0], [0.0, 0.0, 0.0, 0.0, 0.0, 0.0, 0.0, 0.0, 1.0153787627746147, 0.0, 0.0, 0.0, 1.3745107186486631, 0.0, 0.0, 0.0, 0.0, 1.3764240138059276, 0.0, 0.0, 0.0, 0.0, 0.0, 0.0, 0.0, 0.0, 0.0, 0.0, 0.0, 0.0, 0.0, 0.0, 0.0, 0.0, 0.0, 0.0, 0.0, 0.0, 0.0, 0.0, 0.0, 0.0, 0.0, 0.0], [0.0, 0.0, 0.0, 0.0, 0.0, 0.0, 0.0, 0.0, 0.0, 0.0, 0.0, 1.3745107186486631, 0.0, 1.4532451689247925, 0.0, 0.0, 0.10503380929254577, 0.0, 0.0, 0.0, 0.0, 0.0, 0.0, 0.0, 0.0, 0.0, 0.0, 0.0, 0.0, 0.0, 0.0, 0.0, 0.0, 0.0, 0.9680950338368053, 0.0, 0.0, 0.0, 0.0, 0.0, 0.0, 0.0, 0.0, 0.0], [0.0, 0.0, 0.0, 0.0, 0.0, 0.0, 0.0, 0.0, 0.0, 0.0, 0.0, 0.0, 1.4532451689247925, 0.0, 1.3659865531023347, 0.0, 0.0, 0.108367126030113, 0.0, 0.0, 0.0, 0.0, 0.0, 0.0, 0.0, 0.0, 0.0, 0.0, 0.0, 0.0, 0.0, 0.0, 0.0, 0.0, 0.0, 0.9669898737823415, 0.0, 0.0, 0.0, 0.0, 0.0, 0.0, 0.0, 0.0], [0.0, 0.0, 0.0, 0.0, 0.0, 0.0, 0.0, 0.0, 0.0, 0.0, 0.0, 0.0, 0.0, 1.3659865531023347, 0.0, 1.0728188875300806, 1.3725340232645022, 0.0, 0.0, 0.0, 0.0, 0.0, 0.0, 0.0, 0.0, 0.0, 0.0, 0.0, 0.0, 0.0, 0.0, 0.0, 0.0, 0.0, 0.0, 0.0, 0.0, 0.0, 0.0, 0.0, 0.0, 0.0, 0.0, 0.0], [0.0, 0.0, 0.0, 0.0, 0.0, 0.0, 0.0, 0.0, 0.0, 0.0, 0.0, 0.0, 0.0, 0.0, 1.0728188875300806, 0.0, 0.0, 0.0, 0.0, 0.0, 0.0, 0.0, 0.0, 0.0, 0.0, 0.0, 0.0, 0.0, 0.0, 0.0, 0.0, 0.0, 0.0, 0.0, 0.0, 0.0, 0.8874541652118124, 0.0, 0.0, 0.0, 0.0, 0.0, 0.0, 0.0], [0.0, 0.0, 0.0, 0.0, 0.0, 0.0, 0.0, 0.0, 0.0, 0.0, 0.0, 0.0, 0.10503380929254577, 0.0, 1.3725340232645022, 0.0, 0.0, 1.4463696928638938, 0.0, 0.0, 0.0, 0.0, 0.0, 0.0, 0.0, 0.0, 0.0, 0.0, 0.0, 0.0, 0.0, 0.0, 0.0, 0.0, 0.0, 0.0, 0.0, 0.9655437905653084, 0.0, 0.0, 0.0, 0.0, 0.0, 0.0], [0.0, 0.0, 0.0, 0.0, 0.0, 0.0, 0.0, 0.0, 0.0, 0.0, 0.0, 1.3764240138059276, 0.0, 0.108367126030113, 0.0, 0.0, 1.4463696928638938, 0.0, 0.0, 0.0, 0.0, 0.0, 0.0, 0.0, 0.0, 0.0, 0.0, 0.0, 0.0, 0.0, 0.0, 0.0, 0.0, 0.0, 0.0, 0.0, 0.0, 0.0, 0.9637256391633848, 0.0, 0.0, 0.0, 0.0, 0.0], [0.0, 0.0, 0.0, 0.0, 0.0, 0.0, 0.0, 1.0144264722775234, 0.0, 0.0, 0.0, 0.0, 0.0, 0.0, 0.0, 0.0, 0.0, 0.0, 0.0, 1.3807180501074288, 0.0, 0.0, 0.0, 1.379652193661064, 0.0, 0.0, 0.0, 0.0, 0.0, 0.0, 0.0, 0.0, 0.0, 0.0, 0.0, 0.0, 0.0, 0.0, 0.0, 0.0, 0.0, 0.0, 0.0, 0.0], [0.0, 0.0, 0.0, 0.0, 0.0, 0.0, 0.0, 0.0, 0.0, 0.0, 0.0, 0.0, 0.0, 0.0, 0.0, 0.0, 0.0, 0.0, 1.3807180501074288, 0.0, 1.4432001568387334, 0.0, 0.10978824195131748, 0.0, 0.0, 0.0, 0.0, 0.0, 0.0, 0.0, 0.0, 0.0, 0.0, 0.0, 0.0, 0.0, 0.0, 0.0, 0.0, 0.9684680206399453, 0.0, 0.0, 0.0, 0.0], [0.0, 0.0, 0.0, 0.0, 0.0, 0.0, 0.0, 0.0, 0.0, 0.0, 0.0, 0.0, 0.0, 0.0, 0.0, 0.0, 0.0, 0.0, 0.0, 1.4432001568387334, 0.0, 1.4370920553960131, 0.0, 0.1103585225607906, 0.0, 0.0, 0.0, 0.0, 0.0, 0.0, 0.0, 0.0, 0.0, 0.0, 0.0, 0.0, 0.0, 0.0, 0.0, 0.0, 0.9706074877758704, 0.0, 0.0, 0.0], [0.0, 0.0, 0.0, 0.0, 0.0, 0.0, 0.0, 0.0, 0.0, 0.0, 0.0, 0.0, 0.0, 0.0, 0.0, 0.0, 0.0, 0.0, 0.0, 0.0, 1.4370920553960131, 0.0, 1.4366786882134601, 0.0, 0.0, 0.0, 0.0, 0.0, 0.0, 0.0, 0.0, 0.0, 0.0, 0.0, 0.0, 0.0, 0.0, 0.0, 0.0, 0.0, 0.0, 0.9704884814295893, 0.0, 0.0], [0.0, 0.0, 0.0, 0.0, 0.0, 0.0, 0.0, 0.0, 0.0, 0.0, 0.0, 0.0, 0.0, 0.0, 0.0, 0.0, 0.0, 0.0, 0.0, 0.10978824195131748, 0.0, 1.4366786882134601, 0.0, 1.4436614993800105, 0.0, 0.0, 0.0, 0.0, 0.0, 0.0, 0.0, 0.0, 0.0, 0.0, 0.0, 0.0, 0.0, 0.0, 0.0, 0.0, 0.0, 0.0, 0.9701692123699768, 0.0], [0.0, 0.0, 0.0, 0.0, 0.0, 0.0, 0.0, 0.0, 0.0, 0.0, 0.0, 0.0, 0.0, 0.0, 0.0, 0.0, 0.0, 0.0, 1.379652193661064, 0.0, 0.1103585225607906, 0.0, 1.4436614993800105, 0.0, 0.0, 0.0, 0.0, 0.0, 0.0, 0.0, 0.0, 0.0, 0.0, 0.0, 0.0, 0.0, 0.0, 0.0, 0.0, 0.0, 0.0, 0.0, 0.0, 0.9643726954234899], [0.9869896860819034, 0.0, 0.0, 0.0, 0.0, 0.0, 0.0, 0.0, 0.0, 0.0, 0.0, 0.0, 0.0, 0.0, 0.0, 0.0, 0.0, 0.0, 0.0, 0.0, 0.0, 0.0, 0.0, 0.0, 0.0, 0.0, 0.0, 0.0, 0.0, 0.0, 0.0, 0.0, 0.0, 0.0, 0.0, 0.0, 0.0, 0.0, 0.0, 0.0, 0.0, 0.0, 0.0, 0.0], [0.9875383546115202, 0.0, 0.0, 0.0, 0.0, 0.0, 0.0, 0.0, 0.0, 0.0, 0.0, 0.0, 0.0, 0.0, 0.0, 0.0, 0.0, 0.0, 0.0, 0.0, 0.0, 0.0, 0.0, 0.0, 0.0, 0.0, 0.0, 0.0, 0.0, 0.0, 0.0, 0.0, 0.0, 0.0, 0.0, 0.0, 0.0, 0.0, 0.0, 0.0, 0.0, 0.0, 0.0, 0.0], [0.9875432520550022, 0.0, 0.0, 0.0, 0.0, 0.0, 0.0, 0.0, 0.0, 0.0, 0.0, 0.0, 0.0, 0.0, 0.0, 0.0, 0.0, 0.0, 0.0, 0.0, 0.0, 0.0, 0.0, 0.0, 0.0, 0.0, 0.0, 0.0, 0.0, 0.0, 0.0, 0.0, 0.0, 0.0, 0.0, 0.0, 0.0, 0.0, 0.0, 0.0, 0.0, 0.0, 0.0, 0.0], [0.0, 0.9776435752769185, 0.0, 0.0, 0.0, 0.0, 0.0, 0.0, 0.0, 0.0, 0.0, 0.0, 0.0, 0.0, 0.0, 0.0, 0.0, 0.0, 0.0, 0.0, 0.0, 0.0, 0.0, 0.0, 0.0, 0.0, 0.0, 0.0, 0.0, 0.0, 0.0, 0.0, 0.0, 0.0, 0.0, 0.0, 0.0, 0.0, 0.0, 0.0, 0.0, 0.0, 0.0, 0.0], [0.0, 0.9776272330129526, 0.0, 0.0, 0.0, 0.0, 0.0, 0.0, 0.0, 0.0, 0.0, 0.0, 0.0, 0.0, 0.0, 0.0, 0.0, 0.0, 0.0, 0.0, 0.0, 0.0, 0.0, 0.0, 0.0, 0.0, 0.0, 0.0, 0.0, 0.0, 0.0, 0.0, 0.0, 0.0, 0.0, 0.0, 0.0, 0.0, 0.0, 0.0, 0.0, 0.0, 0.0, 0.0], [0.0, 0.0, 0.9762020730586025, 0.0, 0.0, 0.0, 0.0, 0.0, 0.0, 0.0, 0.0, 0.0, 0.0, 0.0, 0.0, 0.0, 0.0, 0.0, 0.0, 0.0, 0.0, 0.0, 0.0, 0.0, 0.0, 0.0, 0.0, 0.0, 0.0, 0.0, 0.0, 0.0, 0.0, 0.0, 0.0, 0.0, 0.0, 0.0, 0.0, 0.0, 0.0, 0.0, 0.0, 0.0], [0.0, 0.0, 0.9766782964902567, 0.0, 0.0, 0.0, 0.0, 0.0, 0.0, 0.0, 0.0, 0.0, 0.0, 0.0, 0.0, 0.0, 0.0, 0.0, 0.0, 0.0, 0.0, 0.0, 0.0, 0.0, 0.0, 0.0, 0.0, 0.0, 0.0, 0.0, 0.0, 0.0, 0.0, 0.0, 0.0, 0.0, 0.0, 0.0, 0.0, 0.0, 0.0, 0.0, 0.0, 0.0], [0.0, 0.0, 0.0, 0.9730848779808343, 0.0, 0.0, 0.0, 0.0, 0.0, 0.0, 0.0, 0.0, 0.0, 0.0, 0.0, 0.0, 0.0, 0.0, 0.0, 0.0, 0.0, 0.0, 0.0, 0.0, 0.0, 0.0, 0.0, 0.0, 0.0, 0.0, 0.0, 0.0, 0.0, 0.0, 0.0, 0.0, 0.0, 0.0, 0.0, 0.0, 0.0, 0.0, 0.0, 0.0], [0.0, 0.0, 0.0, 0.9719330914667245, 0.0, 0.0, 0.0, 0.0, 0.0, 0.0, 0.0, 0.0, 0.0, 0.0, 0.0, 0.0, 0.0, 0.0, 0.0, 0.0, 0.0, 0.0, 0.0, 0.0, 0.0, 0.0, 0.0, 0.0, 0.0, 0.0, 0.0, 0.0, 0.0, 0.0, 0.0, 0.0, 0.0, 0.0, 0.0, 0.0, 0.0, 0.0, 0.0, 0.0], [0.0, 0.0, 0.0, 0.0, 0.9169048331266776, 0.0, 0.0, 0.0, 0.0, 0.0, 0.0, 0.0, 0.0, 0.0, 0.0, 0.0, 0.0, 0.0, 0.0, 0.0, 0.0, 0.0, 0.0, 0.0, 0.0, 0.0, 0.0, 0.0, 0.0, 0.0, 0.0, 0.0, 0.0, 0.0, 0.0, 0.0, 0.0, 0.0, 0.0, 0.0, 0.0, 0.0, 0.0, 0.0], [0.0, 0.0, 0.0, 0.0, 0.0, 0.0, 0.0, 0.0, 0.0, 0.0, 0.0, 0.0, 0.9680950338368053, 0.0, 0.0, 0.0, 0.0, 0.0, 0.0, 0.0, 0.0, 0.0, 0.0, 0.0, 0.0, 0.0, 0.0, 0.0, 0.0, 0.0, 0.0, 0.0, 0.0, 0.0, 0.0, 0.0, 0.0, 0.0, 0.0, 0.0, 0.0, 0.0, 0.0, 0.0], [0.0, 0.0, 0.0, 0.0, 0.0, 0.0, 0.0, 0.0, 0.0, 0.0, 0.0, 0.0, 0.0, 0.9669898737823415, 0.0, 0.0, 0.0, 0.0, 0.0, 0.0, 0.0, 0.0, 0.0, 0.0, 0.0, 0.0, 0.0, 0.0, 0.0, 0.0, 0.0, 0.0, 0.0, 0.0, 0.0, 0.0, 0.0, 0.0, 0.0, 0.0, 0.0, 0.0, 0.0, 0.0], [0.0, 0.0, 0.0, 0.0, 0.0, 0.0, 0.0, 0.0, 0.0, 0.0, 0.0, 0.0, 0.0, 0.0, 0.0, 0.8874541652118124, 0.0, 0.0, 0.0, 0.0, 0.0, 0.0, 0.0, 0.0, 0.0, 0.0, 0.0, 0.0, 0.0, 0.0, 0.0, 0.0, 0.0, 0.0, 0.0, 0.0, 0.0, 0.0, 0.0, 0.0, 0.0, 0.0, 0.0, 0.0], [0.0, 0.0, 0.0, 0.0, 0.0, 0.0, 0.0, 0.0, 0.0, 0.0, 0.0, 0.0, 0.0, 0.0, 0.0, 0.0, 0.9655437905653084, 0.0, 0.0, 0.0, 0.0, 0.0, 0.0, 0.0, 0.0, 0.0, 0.0, 0.0, 0.0, 0.0, 0.0, 0.0, 0.0, 0.0, 0.0, 0.0, 0.0, 0.0, 0.0, 0.0, 0.0, 0.0, 0.0, 0.0], [0.0, 0.0, 0.0, 0.0, 0.0, 0.0, 0.0, 0.0, 0.0, 0.0, 0.0, 0.0, 0.0, 0.0, 0.0, 0.0, 0.0, 0.9637256391633848, 0.0, 0.0, 0.0, 0.0, 0.0, 0.0, 0.0, 0.0, 0.0, 0.0, 0.0, 0.0, 0.0, 0.0, 0.0, 0.0, 0.0, 0.0, 0.0, 0.0, 0.0, 0.0, 0.0, 0.0, 0.0, 0.0], [0.0, 0.0, 0.0, 0.0, 0.0, 0.0, 0.0, 0.0, 0.0, 0.0, 0.0, 0.0, 0.0, 0.0, 0.0, 0.0, 0.0, 0.0, 0.0, 0.9684680206399453, 0.0, 0.0, 0.0, 0.0, 0.0, 0.0, 0.0, 0.0, 0.0, 0.0, 0.0, 0.0, 0.0, 0.0, 0.0, 0.0, 0.0, 0.0, 0.0, 0.0, 0.0, 0.0, 0.0, 0.0], [0.0, 0.0, 0.0, 0.0, 0.0, 0.0, 0.0, 0.0, 0.0, 0.0, 0.0, 0.0, 0.0, 0.0, 0.0, 0.0, 0.0, 0.0, 0.0, 0.0, 0.9706074877758704, 0.0, 0.0, 0.0, 0.0, 0.0, 0.0, 0.0, 0.0, 0.0, 0.0, 0.0, 0.0, 0.0, 0.0, 0.0, 0.0, 0.0, 0.0, 0.0, 0.0, 0.0, 0.0, 0.0], [0.0, 0.0, 0.0, 0.0, 0.0, 0.0, 0.0, 0.0, 0.0, 0.0, 0.0, 0.0, 0.0, 0.0, 0.0, 0.0, 0.0, 0.0, 0.0, 0.0, 0.0, 0.9704884814295893, 0.0, 0.0, 0.0, 0.0, 0.0, 0.0, 0.0, 0.0, 0.0, 0.0, 0.0, 0.0, 0.0, 0.0, 0.0, 0.0, 0.0, 0.0, 0.0, 0.0, 0.0, 0.0], [0.0, 0.0, 0.0, 0.0, 0.0, 0.0, 0.0, 0.0, 0.0, 0.0, 0.0, 0.0, 0.0, 0.0, 0.0, 0.0, 0.0, 0.0, 0.0, 0.0, 0.0, 0.0, 0.9701692123699768, 0.0, 0.0, 0.0, 0.0, 0.0, 0.0, 0.0, 0.0, 0.0, 0.0, 0.0, 0.0, 0.0, 0.0, 0.0, 0.0, 0.0, 0.0, 0.0, 0.0, 0.0], [0.0, 0.0, 0.0, 0.0, 0.0, 0.0, 0.0, 0.0, 0.0, 0.0, 0.0, 0.0, 0.0, 0.0, 0.0, 0.0, 0.0, 0.0, 0.0, 0.0, 0.0, 0.0, 0.0, 0.9643726954234899, 0.0, 0.0, 0.0, 0.0, 0.0, 0.0, 0.0, 0.0, 0.0, 0.0, 0.0, 0.0, 0.0, 0.0, 0.0, 0.0, 0.0, 0.0, 0.0, 0.0]], "Born radii": [], "Atomic SASAs": [], "Solvent H bonds": [], "Total SASA": NaN, "Total FOD": 0.0, "FOD": [0.0, 0.0, 0.0, 0.0, 0.0, 0.0, 0.0, 0.0, 0.0, 0.0, 0.0, 0.0, 0.0, 0.0, 0.0, 0.0, 0.0, 0.0, 0.0, 0.0, 0.0, 0.0, 0.0, 0.0, 0.0, 0.0, 0.0, 0.0, 0.0, 0.0, 0.0, 0.0, 0.0, 0.0, 0.0, 0.0, 0.0, 0.0, 0.0, 0.0, 0.0, 0.0, 0.0, 0.0], "FOD s proportion": [0.0, 0.0, 0.0, 0.0, 0.0, 0.0, 0.0, 0.0, 0.0, 0.0, 0.0, 0.0, 0.0, 0.0, 0.0, 0.0, 0.0, 0.0, 0.0, 0.0, 0.0, 0.0, 0.0, 0.0, 0.0, 0.0, 0.0, 0.0, 0.0, 0.0, 0.0, 0.0, 0.0, 0.0, 0.0, 0.0, 0.0, 0.0, 0.0, 0.0, 0.0, 0.0, 0.0, 0.0], "FOD p proportion": [0.0, 0.0, 0.0, 0.0, 0.0, 0.0, 0.0, 0.0, 0.0, 0.0, 0.0, 0.0, 0.0, 0.0, 0.0, 0.0, 0.0, 0.0, 0.0, 0.0, 0.0, 0.0, 0.0, 0.0, 0.0, 0.0, 0.0, 0.0, 0.0, 0.0, 0.0, 0.0, 0.0, 0.0, 0.0, 0.0, 0.0, 0.0, 0.0, 0.0, 0.0, 0.0, 0.0, 0.0], "FOD d proportion": [0.0, 0.0, 0.0, 0.0, 0.0, 0.0, 0.0, 0.0, 0.0, 0.0, 0.0, 0.0, 0.0, 0.0, 0.0, 0.0, 0.0, 0.0, 0.0, 0.0, 0.0, 0.0, 0.0, 0.0, 0.0, 0.0, 0.0, 0.0, 0.0, 0.0, 0.0, 0.0, 0.0, 0.0, 0.0, 0.0, 0.0, 0.0, 0.0, 0.0, 0.0, 0.0, 0.0, 0.0], "coordinates": [["5.06950", "-0.55640", "0.59500"], ["4.54450", "0.32490", "-0.52710"], ["3.01560", "0.32950", "-0.56630"], ["2.49350", "1.21970", "-1.70220"], ["0.96900", "1.27710", "-1.80150"], ["0.33790", "-0.06820", "-2.03370"], ["0.66760", "-0.82240", "-2.93820"], ["-0.58720", "-0.26840", "-0.99510"], ["-0.66700", "0.89540", "-0.18070"], ["0.32030", "1.81910", "-0.55730"], ["0.59410", "2.90720", "-0.07070"], ["-1.88180", "1.31480", "0.45000"], ["-3.10370", "0.68180", "0.16720"], ["-4.28840", "1.09000", "0.78830"], ["-4.26480", "2.13660", "1.69770"], ["-5.44090", "2.50320", "2.27830"], ["-3.07360", "2.78230", "1.99820"], ["-1.88920", "2.37050", "1.37550"], ["-0.83300", "-1.58280", "-0.48110"], ["-1.00460", "-1.80750", "0.89460"], ["-1.25050", "-3.09160", "1.39140"], ["-1.32860", "-4.17380", "0.52100"], ["-1.16080", "-3.97220", "-0.84510"], ["-0.91530", "-2.68760", "-1.34110"], ["6.16390", "-0.54560", "0.60500"], ["4.74110", "-1.59280", "0.46630"], ["4.71730", "-0.20260", "1.56920"], ["4.94050", "-0.03650", "-1.48330"], ["4.91660", "1.34630", "-0.38620"], ["2.63140", "0.68550", "0.39670"], ["2.65600", "-0.69760", "-0.69850"], ["2.90000", "0.85430", "-2.65380"], ["2.88130", "2.23680", "-1.56250"], ["0.67050", "1.92440", "-2.63530"], ["-3.16890", "-0.12650", "-0.55600"], ["-5.22610", "0.59260", "0.55580"], ["-5.27540", "3.25470", "2.87130"], ["-3.03860", "3.60060", "2.71080"], ["-0.97080", "2.88270", "1.65250"], ["-0.92950", "-0.99610", "1.61320"], ["-1.37670", "-3.24370", "2.46060"], ["-1.51900", "-5.17230", "0.90600"], ["-1.22300", "-4.81310", "-1.53160"], ["-0.81310", "-2.57230", "-2.41760"]], "bond_dist": [[0.0, 1.520336508803232, 2.5203058762777184, 3.88167941102817, 5.091074027157727, 5.434743921290128, 5.650750556342051, 5.88299387217087, 5.967986761044297, 5.433755255806062, 5.698147647262222, 7.200207367152698, 8.277520783423016, 9.503593544549346, 9.777389875626316, 11.075340139697742, 8.912124636695788, 7.589428802617492, 6.086952802511286, 6.208840647012934, 6.855938447798375, 7.350288590933012, 7.249704527772149, 6.641410067899738, 1.094498972132912, 1.0947763287539605, 1.094662011764362, 2.146221773256436, 2.1462523476981916, 2.7433501617547837, 2.741908448508082, 4.153493250265371, 4.1527089628337785, 5.995031920682324, 8.329516766895903, 10.35959058071312, 11.2571302253283, 9.354065653500621, 7.030713985791201, 6.100661302678588, 7.22879928411351, 8.050564331772028, 7.889073373977453, 6.909746328918305], [1.520336508803232, 0.0, 1.5294093663895225, 2.527474638844078, 3.913435888065627, 4.485516105199044, 4.707446665656447, 5.187039018553842, 5.254064660812617, 4.480782445064701, 4.741543462839922, 6.5751013764047785, 7.687938172227974, 8.963022792562786, 9.264758950992736, 10.598276898156605, 8.393533371590298, 7.014047462770693, 5.706044298811569, 6.112354003164411, 6.995365573006174, 7.471955494380303, 7.149590233013358, 6.288653933076618, 2.159138027083956, 2.1686558993994414, 2.168545544829529, 1.096241031890341, 1.0961611104212738, 2.154852758310878, 2.154371476788532, 2.739981295556596, 2.7374530151219036, 4.691565142892082, 7.726651068218365, 9.834071387782377, 10.79644787001725, 8.872294658655111, 6.458446491997901, 6.024168082814423, 7.531392081813295, 8.308972000193526, 7.789231059610442, 6.3774317597289905], [2.5203058762777184, 1.5294093663895225, 0.0, 1.5347029875516631, 2.5714269112693056, 3.079205309816155, 3.5307063344322476, 3.6771621789091657, 3.7457272898597407, 3.0795504947962775, 3.5712489271961987, 5.097863134686925, 6.173165316918055, 7.467376876119218, 7.83553001206683, 9.183088429281296, 7.047782965585703, 5.656264781638144, 4.298356929106749, 4.781527564492335, 5.808280615638332, 6.350905905459473, 6.002055422103332, 5.015494218918012, 3.471244242343082, 2.7818789154095116, 2.7819549870549665, 2.163350413132371, 2.1633583267688223, 1.0962274581490832, 1.0962314582240376, 2.1555590110224307, 2.155978715108292, 3.5105499597641394, 6.201296827277339, 8.321895752170896, 9.440051366385672, 7.621864421517874, 5.228124772803342, 4.698004855255048, 6.42045022876122, 7.280114538247322, 6.7337856225157635, 5.148465656872929], [3.88167941102817, 2.527474638844078, 1.5347029875516631, 0.0, 1.528808523000837, 2.5328225401713405, 3.005291869353125, 3.4935861961600434, 3.5226258657427696, 2.528413457091225, 3.0194649956573434, 4.876910798856177, 5.925592005023633, 7.225896480714348, 7.620672182294683, 8.969194827853835, 6.864931269138825, 5.477648877027442, 4.517819574750635, 5.305093183912984, 6.494243962925938, 6.974303470598336, 6.4065868065608855, 5.197817228414251, 4.680949913212061, 4.202886420068951, 4.203603417307584, 2.759305102738731, 2.760307441210127, 2.170199820293053, 2.170221009482675, 1.0974069299945213, 1.0974503815662922, 2.1657808522562942, 5.932015057297141, 8.067468163556644, 9.241965941291928, 7.466417093894501, 5.101073963392415, 5.255337838807321, 7.226983564392547, 7.985018941117172, 7.0877466412111545, 5.081797390687669], [5.091074027157727, 3.913435888065627, 2.5714269112693056, 1.528808523000837, 0.0, 1.50400669546382, 2.406414158036808, 2.3367947385254015, 2.3343486307747607, 1.5041972377318078, 2.4069575525962232, 3.6328685883197043, 4.562570226308852, 5.863644362510401, 6.3541957264472115, 7.6964217179154115, 5.748561723596608, 4.4111404194380395, 3.6290064990297273, 4.547395884459588, 5.848617815347486, 6.354941606340691, 5.745076108286121, 4.413773979260832, 6.008366129822648, 5.254329763157239, 5.253654296772867, 4.195188726386454, 4.194211307266242, 2.8188025046107787, 2.8217048197853725, 2.1526579221975792, 2.15291346319354, 1.0969603365664595, 4.543520619519626, 6.663682731793283, 8.0460234252704, 6.466866420454346, 4.274446326718819, 4.5201677601611205, 6.641192478764638, 7.423978758725, 6.4782903647490215, 4.286413416832305], [5.434743921290128, 4.485516105199044, 3.079205309816155, 2.5328225401713405, 1.50400669546382, 0.0, 1.2229636053456374, 1.4051974985744888, 2.317748469959586, 2.396240390695391, 3.5737952655405434, 3.6067329787496054, 4.153440907247869, 5.541458556192585, 6.32213067644129, 7.655061815557077, 6.001658113388333, 4.746564730412933, 2.464870530068466, 3.660930432280843, 4.836865940875351, 5.114652060502259, 4.347423104552856, 2.985207088293876, 6.4134954938785125, 5.2879651473889275, 5.672574030367518, 4.635501246898764, 5.067500388751835, 3.4256459390894447, 2.7481795811045537, 2.7928277193554205, 3.464669969852829, 2.107842517836662, 3.805869469648164, 6.172541039960771, 8.161484319656566, 6.882668518823204, 4.899854787644222, 3.9707909514352426, 5.763886353841477, 6.175900785310593, 5.020218046061347, 2.782570218341309], [5.650750556342051, 4.707446665656447, 3.5307063344322476, 3.005291869353125, 2.406414158036808, 1.2229636053456374, 0.0, 2.378460983493318, 3.5122357907748736, 3.5730693178274615, 4.705090292438605, 4.748364290995374, 5.111636772111257, 6.4889145479039865, 7.387544894618239, 8.693978367812978, 7.16648341168805, 5.944732486832355, 2.9778094180118377, 4.29616464884669, 5.251077261857799, 5.213708952367787, 4.2006373575922975, 2.921518759138815, 6.545242407275684, 5.364470026013754, 6.091048915416786, 4.581707894442857, 5.410172334593418, 4.153532335253934, 2.997593316312271, 2.8063884282116045, 4.018920603843774, 2.7634520187620413, 4.56923252855444, 6.996138984468504, 9.257012674723958, 8.075273892568598, 6.122633996900353, 4.826607717641863, 6.260103642911992, 6.203283260500039, 4.634498722623624, 2.3506694493271487], [5.88299387217087, 5.187039018553842, 3.6771621789091657, 3.4935861961600434, 2.3367947385254015, 1.4051974985744888, 2.378460983493318, 0.0, 1.422689649923693, 2.317947656872346, 3.512039352000487, 2.504161618186813, 2.9302889925739404, 4.327198581068357, 5.153633533731323, 6.477292475255382, 4.944572816735537, 3.7787222139236434, 1.432571464185993, 2.472653970938918, 3.7557698784669964, 4.254454410379784, 3.750953398804096, 2.4657441574502412, 6.943666975021196, 5.681593632951938, 5.89217144862571, 5.5540601491161405, 5.768000497572794, 3.634063622172843, 3.2848942814038935, 4.021480426410155, 4.316070209113842, 3.013376373770791, 2.6226168820473945, 4.966488197912081, 7.024279451303173, 5.891707542809639, 4.1335657645669555, 2.7294588236498454, 4.627913442362551, 5.34141064326644, 4.620213412819802, 2.7170742113530872], [5.967986761044297, 5.254064660812617, 3.7457272898597407, 3.5226258657427696, 2.3343486307747607, 2.317748469959586, 3.5122357907748736, 1.422689649923693, 0.0, 1.4034993908085605, 2.3769334130345343, 1.4315788102650864, 2.4706610977631067, 3.753847109300005, 4.244187653721264, 5.605517197369035, 3.7549594378634774, 2.4680865645272654, 2.5018535928387178, 2.928465854333972, 4.325290702369033, 5.1601246196191815, 4.937488790873352, 3.7743966471477264, 7.0253114023507885, 5.9880960120893185, 5.767013135063938, 5.831745932394518, 5.605544578361678, 3.355129107798983, 3.7213028417477663, 4.340668360978526, 4.037221580493199, 2.9787259709479823, 2.72848553413794, 4.6281219625243235, 6.0098544949108375, 4.615556938225332, 2.7207127687427795, 2.620067882708385, 4.96107736182374, 6.222845344374228, 5.892456114388974, 4.129165788630919], [5.433755255806062, 4.480782445064701, 3.0795504947962775, 2.528413457091225, 1.5041972377318078, 2.396240390695391, 3.5730693178274615, 2.317947656872346, 1.4034993908085605, 0.0, 1.2229912550791195, 2.4735028178678107, 3.679962980792062, 4.8561653452080895, 5.119470017492045, 6.457557247907292, 4.356247433284753, 2.986912795847913, 3.5928861573949153, 4.124997112726262, 5.5117890761530415, 6.308442954485678, 5.9846170921789135, 4.73829027076223, 6.410180055193458, 5.677348959681799, 5.2861027364212285, 5.064284292967764, 4.623720227262892, 2.7452410039921813, 3.436453232622263, 3.4613586032077053, 2.782736302634513, 2.1099317832574584, 3.994981563161462, 5.78842351767733, 6.717745440994322, 5.013624344723087, 2.7715339092278843, 3.768079262701357, 6.133471549620166, 7.37590301861406, 6.878743505902804, 4.902010364126131], [5.698147647262222, 4.741543462839922, 3.5712489271961987, 3.0194649956573434, 2.4069575525962232, 3.5737952655405434, 4.705090292438605, 3.512039352000487, 2.3769334130345343, 1.2229912550791195, 0.0, 2.989472706013554, 4.322351953508645, 5.280047640883556, 5.227807583490425, 6.488624045204037, 4.2128340235523165, 2.9234090066222342, 4.729179904592339, 5.071098684703346, 6.444058271772533, 7.361212208597167, 7.141814456424922, 5.93245240688874, 6.587948874270351, 6.142961663562618, 5.4185705024480395, 5.436175255637, 4.606512271773516, 3.0504106182610893, 4.200017558296632, 4.025416603284683, 2.8117943096890996, 2.7475272446328898, 4.8578823349274325, 6.294807657903457, 6.574735774158532, 4.62753229054104, 2.327859639239445, 4.515819644317076, 6.937225896567013, 8.408177849570023, 8.064683088007861, 6.124791563800355], [7.200207367152698, 6.5751013764047785, 5.097863134686925, 4.876910798856177, 3.6328685883197043, 3.6067329787496054, 4.748364290995374, 2.504161618186813, 1.4315788102650864, 2.4735028178678107, 2.989472706013554, 0.0, 1.4048859206355513, 2.440636287938045, 2.8126143585639323, 4.173987093894757, 2.443535702624376, 1.4039613598671439, 3.219163619637871, 3.273515891209328, 4.549849954668835, 5.516865160578061, 5.490855489812129, 4.490141113595429, 8.2594431803845, 7.233063518316427, 6.8631794534311865, 7.218548182979733, 6.849705486369469, 4.557173863262187, 5.095138354353098, 5.719374610042605, 5.252367262482698, 4.050299191417839, 2.1785334746108447, 3.4230262882426126, 4.598089457589968, 3.416765212887769, 2.175830338054877, 2.756840281916963, 5.007750055663721, 6.513219346068425, 6.473941180610154, 4.947200810559442], [8.277520783423016, 7.687938172227974, 6.173165316918055, 5.925592005023633, 4.562570226308852, 4.153440907247869, 5.111636772111257, 2.9302889925739404, 2.4706610977631067, 3.679962980792062, 4.322351953508645, 1.4048859206355513, 0.0, 1.398537285881217, 2.409777271865597, 3.638233776161175, 2.786676741209859, 2.4055574884005577, 3.271816703301088, 3.336457111967723, 4.37853439406384, 5.181988596089343, 5.143863110542504, 4.291493890243816, 9.358770718422372, 8.173380757679164, 7.994736290835364, 8.243134038701543, 8.066785227090156, 5.739691276540926, 5.985509580645578, 6.6356771274678525, 6.421067830976401, 4.862370476424025, 1.0865625476704046, 2.1595250311121656, 4.318362202270672, 3.8721482939061103, 3.405780279172454, 3.1037735178327686, 4.8633078053933625, 6.109630622222591, 6.051188308092882, 4.745229837426212], [9.503593544549346, 8.963022792562786, 7.467376876119218, 7.225896480714348, 5.863644362510401, 5.541458556192585, 6.4889145479039865, 4.327198581068357, 3.753847109300005, 4.8561653452080895, 5.280047640883556, 2.440636287938045, 1.398537285881217, 0.0, 1.3866999963943174, 2.354886513189118, 2.4090405434529325, 2.7822014179422743, 4.549178536834975, 4.380656158613685, 5.203685672674706, 6.044787487579692, 6.170554769224563, 5.493851993820002, 10.581085083298404, 9.425124407136492, 9.131443043681541, 9.57088104721817, 9.28316567448842, 6.942665399542167, 7.323303855501286, 7.973499950460901, 7.631907295689591, 6.083415942544123, 2.130796796975254, 1.0866205869575631, 3.162117026613658, 3.4001645033733294, 3.8687316642538025, 4.039119016567846, 5.482293303901206, 6.8483451241887625, 7.04451579457382, 5.980630919058624], [9.777389875626316, 9.264758950992736, 7.83553001206683, 7.620672182294683, 6.3541957264472115, 6.32213067644129, 7.387544894618239, 5.153633533731323, 4.244187653721264, 5.119470017492045, 5.227807583490425, 2.8126143585639323, 2.409777271865597, 1.3866999963943174, 0.0, 1.3618748584212867, 1.3878710963198277, 2.4087335697415773, 5.50984183439053, 5.179748880013394, 6.042673201489553, 7.058827203579926, 7.3087676991405335, 6.612591120733233, 10.82339936526413, 9.825019345019124, 9.282590656707855, 9.978911398544433, 9.448032560274124, 7.166300764690247, 7.853148204382749, 8.480224323683895, 7.8552968938163, 6.570928696158558, 3.3766525006283965, 2.1475496036180397, 1.9101824336957978, 2.1617664189268924, 3.377742478342599, 4.576589956506918, 6.153922822882978, 7.847689197464435, 8.244953354628516, 7.143085201087833], [11.075340139697742, 10.598276898156605, 9.183088429281296, 8.969194827853835, 7.6964217179154115, 7.655061815557077, 8.693978367812978, 6.477292475255382, 5.605517197369035, 6.457557247907292, 6.488624045204037, 4.173987093894757, 3.638233776161175, 2.354886513189118, 1.3618748584212867, 0.0, 2.4000962709858125, 3.667046498205334, 6.748512930268416, 6.338573804098207, 7.04612168572187, 8.036258058325405, 8.36694022507631, 7.779814673885234, 12.114722339781462, 11.12356435680578, 10.536280353616261, 11.330188727907403, 10.757127130883969, 8.485663152635745, 9.201426437786697, 9.829297758741466, 9.169608848800477, 7.863058206575862, 4.484480190612955, 2.581382894884058, 0.9714893205794904, 2.6762638696511223, 4.529618074407599, 5.748059538661722, 7.041151506678435, 8.727989868807136, 9.264678305802097, 8.32037919208013], [8.912124636695788, 8.39353337