{"total energy": -51.78888013, "HOMO-LUMO gap/eV": 1.52754801, "electronic energy": -52.52428268, "dipole": [0.58227051, -1.21893931, 1.11392311], "partial charges": [-0.10672781, 0.00876458, -0.12118779, 0.06332073, -0.04772098, -0.03384212, -0.03650321, -0.04643454, 0.04284056, -0.05067704, -0.04503953, 0.12029452, -0.36729877, -0.01410291, -0.00542066, -0.04364083, 0.06049947, -0.25778972, 0.14852783, 0.04575297, 0.04296932, 0.03918198, 0.05679274, 0.04008344, 0.04639877, 0.03887285, 0.03855317, 0.04464329, 0.05948916, 0.0584746, 0.08038011, 0.05323809, 0.04302259, 0.04428512], "atomic dipole moments": [[-0.03674707, 0.08551143, 0.07773403], [-0.14362721, -0.08464998, -0.00071706], [0.07657463, 0.01842174, 0.14983522], [0.03133017, 0.12210142, -0.0712757], [-0.02115332, 0.00935115, -0.03115161], [-0.00067139, 0.00304688, -0.00085129], [-0.00269995, 0.00435499, -0.00425692], [0.01749722, 0.027157, -0.02462628], [-0.07960877, 0.09534223, -0.08710338], [-0.02541937, -0.04962538, -0.01554975], [0.10821758, 0.09845581, 0.0930819], [0.02777396, -0.06362638, 0.00852804], [0.10375478, -0.02088021, 0.09087826], [-0.02002486, -0.03232959, -0.02858364], [0.01332355, -0.01771944, -0.00615543], [-0.01188995, -0.00531266, -0.00582993], [-0.00517345, -0.04810644, -0.02878701], [-0.26937503, 0.03636979, -0.03675086], [0.08204763, -0.05558921, -0.0409857], [-0.06746893, -0.00051502, -0.10991384], [0.12090784, 0.02205442, -0.0314267], [-0.00268935, -0.11902271, 0.04360115], [0.03290348, 0.10808069, -0.06246533], [0.07273416, 0.00712318, 0.10302695], [0.14581831, 0.03447778, 0.03201302], [0.09289502, -0.07633177, 0.09265307], [-0.04962864, -0.12110246, 0.0770483], [-0.14394774, -0.05275712, -0.00324819], [-0.11346374, 0.00584644, 0.06390308], [0.04351684, -0.12543407, -0.01277819], [-0.01864739, 0.02943945, -0.12881894], [-0.15109393, 0.02882522, -0.01078388], [-0.06290688, 0.12629573, 0.0615744], [0.09120157, 0.09452581, 0.06993384]], "atomic quadrupole moments": [[-0.07599104, -0.07935391, 0.06046951, -0.08542257, 0.16452019, 0.01552153], [0.19820324, -0.04963572, -0.05684097, -0.16413754, 0.13374667, -0.14136227], [0.06652783, -0.01353287, -0.00756289, -0.02239424, 0.00416577, -0.05896494], [-0.26269809, -0.00790665, 0.12330784, -0.22405613, 0.21751405, 0.13939026], [-0.19525824, -0.08917603, 0.00919392, -0.17791748, 0.32440955, 0.18606432], [-0.18996782, -0.10350597, 0.00689055, -0.16779203, 0.36496512, 0.18307727], [-0.18015064, -0.1193616, -0.00647358, -0.14289419, 0.3598825, 0.18662422], [-0.1912072, -0.11719221, -0.01062801, -0.11836075, 0.34158646, 0.20183521], [-0.16612394, -0.21146009, -0.00425236, 0.00523804, 0.23087303, 0.1703763], [0.05768805, 0.02147838, -0.09384094, -0.01028581, 0.01588311, 0.03615289], [0.03491694, 0.18746088, 0.04775236, 0.17989615, 0.09347723, -0.0826693], [0.21628311, -0.03902056, -0.22926953, -0.34375245, 0.04115916, 0.01298642], [0.17110045, -0.22596325, -0.37977713, -0.00410777, -0.23842766, 0.20867668], [-0.20199418, 0.12741467, -0.0186141, -0.01171292, -0.27739784, 0.22060827], [-0.28544866, 0.07594089, -0.05376057, -0.08498715, -0.37359271, 0.33920923], [-0.22707526, 0.06717944, -0.07323636, -0.0679879, -0.33128364, 0.30031163], [-0.35733981, 0.03191146, 0.00068558, -0.11291026, -0.32751593, 0.35665423], [-0.15541126, 0.03122095, -0.0267409, -0.04844546, -0.17398869, 0.18215216], [-0.28726445, -0.03742816, 0.0005467, -0.17155297, -0.21722047, 0.28671775], [-0.00223945, -0.01549936, -0.02983089, 0.06076202, -0.00354093, 0.03207034], [0.07109513, 0.03032476, -0.02653475, -0.0271354, 0.00381731, -0.04456038], [-0.05129369, 0.01103425, 0.05302486, -0.00928444, -0.04825767, -0.00173118], [-0.020949, -0.02114034, 0.03757993, -0.01264413, -0.02447554, -0.01663094], [-0.00472307, -0.01497605, -0.03102553, 0.01593698, -0.01440261, 0.03574859], [0.01593722, 0.02625282, 0.00712356, 0.00435773, -0.05111376, -0.02306078], [0.03112275, 0.0211112, -0.00186423, 0.01658943, -0.04442525, -0.02925851], [0.03390183, 0.01486651, -0.00613236, 0.02318078, -0.04285301, -0.02776947], [0.02447878, 0.00242812, -0.01169787, 0.0352458, -0.04662729, -0.01278091], [0.04125275, 0.00980113, -0.03560821, -0.04082511, 0.01978847, -0.00564454], [-0.00795435, -0.04192626, 0.04449591, 0.02296422, -0.01071259, -0.03654156], [-0.03882048, 0.00585497, -0.00090543, 0.01194316, -0.0429013, 0.03972592], [0.02336715, 0.0028676, 0.00942323, 0.01513895, 0.04633752, -0.03279038], [0.0351944, -0.00424942, 0.0016592, 0.00985286, 0.04121759, -0.03685361], [0.02820995, -0.01387274, 0.01474902, 0.00335717, 0.04828055, -0.04295897]], "number of molecular orbitals": 96, "number of electrons": 96, "number of unpaired electrons": 0, "orbital energies/eV": [-18.60345577, -18.37922196, -18.2323132, -18.02496115, -17.87921266, -17.60058624, -17.40964891, -17.32175706, -17.17488469, -17.06098083, -16.76839079, -16.53489307, -16.25690832, -16.10615609, -16.06180904, -15.71055296, -15.40166348, -15.062739, -14.88022415, -14.82877605, -14.75060036, -14.47847966, -14.27792646, -14.14937225, -13.95455862, -13.93606217, -13.79273992, -13.63563642, -13.50422685, -13.30841972, -13.13389509, -13.03189851, -12.91925915, -12.80024238, -12.68865255, -12.52115245, -12.43256885, -12.30751934, -12.20954956, -12.00341523, -11.82127417, -11.74038785, -11.47872565, -11.23822057, -10.42158792, -10.15882098, -9.91315818, -9.32148469, -7.79393668, -6.97681385, -6.54823369, -6.44599486, -6.12404223, -4.0691657, -3.39609169, -3.13227413, -1.24222331, -0.38101756, 0.31717075, 0.7195626, 0.7995351, 1.48932361, 1.77639094, 1.96978487, 2.33542384, 2.96967653, 3.11768739, 3.31742667, 3.4555631, 3.54722478, 3.86405488, 4.17192213, 4.3441184, 4.3782234, 4.61873922, 4.74974725, 4.91980947, 5.11541677, 5.45661853, 5.72013206, 6.63142471, 7.00102419, 7.38528333, 7.59560144, 9.3873782, 10.01135021, 10.2666614, 10.67156311, 10.92406636, 11.34926157, 11.48706086, 13.6516758, 15.66345219, 15.82997305, 16.02001583, 16.51480162], "fractional occupation": [2.0, 2.0, 2.0, 2.0, 2.0, 2.0, 2.0, 2.0, 2.0, 2.0, 2.0, 2.0, 2.0, 2.0, 2.0, 2.0, 2.0, 2.0, 2.0, 2.0, 2.0, 2.0, 2.0, 2.0, 2.0, 2.0, 2.0, 2.0, 2.0, 2.0, 2.0, 2.0, 2.0, 2.0, 2.0, 2.0, 2.0, 2.0, 2.0, 2.0, 2.0, 2.0, 2.0, 2.0, 2.0, 2.0, 2.0, 2.0, 0.0, 0.0, 0.0, 0.0, 0.0, 0.0, 0.0, 0.0, 0.0, 0.0, 0.0, 0.0, 0.0, 0.0, 0.0, 0.0, 0.0, 0.0, 0.0, 0.0, 0.0, 0.0, 0.0, 0.0, 0.0, 0.0, 0.0, 0.0, 0.0, 0.0, 0.0, 0.0, 0.0, 0.0, 0.0, 0.0, 0.0, 0.0, 0.0, 0.0, 0.0, 0.0, 0.0, 0.0, 0.0, 0.0, 0.0, 0.0], "program call": "xtb /home/svss/Project-DBcg-Debug/aqme2_20220329/End-to-End-workflows-final/example-3/QDESCP/mol_626_rdkit_conf_2/mol_626_rdkit_conf_2.xyz --pop --wbo --acc 0.2 --gfn 2 --chrg 0 --uhf 0 --etemp 300 --input /home/svss/Project-DBcg-Debug/aqme2_20220329/End-to-End-workflows-final/example-3/QDESCP/mol_626_rdkit_conf_2/mol_626_rdkit_conf_2_xtb.inp", "method": "GFN2-xTB", "xtb version": "6.3.3 (7355c4f)", "Dipole module/D": 4.45, "Total charge": 0, "Transition dipole module/D": NaN, "HOMO": -9.3215, "LUMO": -7.7939, "HOMO occupancy": 2.0, "LUMO occupancy": 0, "mulliken charges": [-0.09487, 0.0989, -0.29544, 0.12622, -0.06104, -0.0326, -0.0359, -0.05945, 0.10237, -0.23073, 0.05958, 0.20132, -0.25644, -0.04717, 0.00231, -0.06142, 0.14206, -0.36071, 0.28247, 0.03646, 0.03171, 0.02882, 0.03594, 0.02716, 0.04071, 0.03342, 0.03305, 0.03618, 0.03821, 0.03501, 0.04243, 0.03716, 0.03795, 0.02633], "cm5 charges": [-0.2395, 0.05081, -0.52526, 0.18738, -0.10963, -0.08795, -0.09122, -0.10785, 0.15947, -0.46111, -0.02941, 0.27717, -0.27247, -0.03522, -0.04648, -0.11148, 0.16331, -0.54148, 0.41298, 0.09002, 0.08286, 0.08285, 0.1043, 0.09294, 0.10051, 0.08885, 0.08851, 0.09574, 0.09956, 0.09639, 0.10466, 0.09469, 0.09403, 0.09206], "FUKUI+": [0.008, 0.011, -0.013, -0.01, -0.014, -0.029, -0.014, -0.018, -0.012, -0.045, 0.028, -0.032, -0.252, -0.018, -0.023, -0.015, -0.031, -0.055, -0.011, -0.007, -0.022, -0.007, -0.014, -0.016, -0.036, -0.046, -0.042, -0.034, -0.03, -0.034, -0.022, -0.038, -0.051, -0.057], "FUKUI-": [0.01, 0.015, -0.06, -0.008, -0.013, -0.019, -0.021, -0.01, -0.01, -0.043, 0.024, 0.02, -0.309, -0.009, -0.004, -0.02, -0.01, -0.065, -0.001, -0.013, -0.027, -0.013, -0.024, -0.039, -0.032, -0.042, -0.041, -0.032, -0.031, -0.032, -0.018, -0.029, -0.044, -0.05], "FUKUIrad": [0.009, 0.013, -0.037, -0.009, -0.013, -0.024, -0.017, -0.014, -0.011, -0.044, 0.026, -0.006, -0.28, -0.013, -0.013, -0.017, -0.02, -0.06, -0.006, -0.01, -0.025, -0.01, -0.019, -0.027, -0.034, -0.044, -0.042, -0.033, -0.031, -0.033, -0.02, -0.034, -0.048, -0.054], "s proportion": [1.011, 1.006, 1.457, 1.051, 1.062, 1.057, 1.055, 1.062, 1.054, 1.456, 0.987, 1.091, 1.94, 1.087, 1.067, 1.058, 1.029, 1.556, 1.026, 0.964, 0.968, 0.971, 0.964, 0.973, 0.959, 0.967, 0.967, 0.964, 0.962, 0.965, 0.958, 0.963, 0.962, 0.974], "p proportion": [3.084, 2.895, 3.838, 2.822, 2.999, 2.975, 2.981, 2.998, 2.843, 3.775, 2.953, 2.708, 4.321, 2.96, 2.931, 3.003, 2.829, 3.805, 2.692, 0.0, 0.0, 0.0, 0.0, 0.0, 0.0, 0.0, 0.0, 0.0, 0.0, 0.0, 0.0, 0.0, 0.0, 0.0], "d proportion": [0.0, 0.0, 0.0, 0.0, 0.0, 0.0, 0.0, 0.0, 0.0, 0.0, 0.0, 0.0, -0.005, 0.0, 0.0, 0.0, 0.0, 0.0, 0.0, 0.0, 0.0, 0.0, 0.0, 0.0, 0.0, 0.0, 0.0, 0.0, 0.0, 0.0, 0.0, 0.0, 0.0, 0.0], "Fermi-level/eV": -8.5577, "Coordination numbers": [3.749, 3.75, 2.736, 2.91, 2.914, 2.909, 2.909, 2.914, 2.899, 2.746, 3.688, 2.872, 1.037, 3.003, 2.927, 2.904, 2.878, 1.833, 2.893, 0.924, 0.924, 0.924, 0.923, 0.924, 0.925, 0.925, 0.925, 0.925, 0.924, 0.924, 0.924, 0.925, 0.925, 0.925], "Dispersion coefficient C6": [22.606, 20.491, 23.634, 26.581, 29.185, 28.843, 28.908, 29.153, 27.038, 22.22, 21.578, 25.353, 155.146, 28.35, 28.158, 29.083, 26.641, 27.554, 24.774, 2.374, 2.41, 2.46, 2.237, 2.448, 2.365, 2.464, 2.468, 2.388, 2.205, 2.217, 1.975, 2.28, 2.409, 2.393], "Total dispersion C6": 16146.431669, "Total dispersion C8": 422334.66541, "Polarizability alpha": [6.781, 6.456, 7.22, 8.454, 8.859, 8.806, 8.816, 8.854, 8.526, 7.001, 6.649, 8.254, 21.066, 8.734, 8.702, 8.843, 8.462, 7.779, 8.161, 2.409, 2.428, 2.453, 2.339, 2.447, 2.405, 2.455, 2.457, 2.417, 2.322, 2.329, 2.198, 2.361, 2.427, 2.419], "Total polarizability alpha": 202.286752, "Wiberg matrix": [[0.0, 1.016533113875769, 0.0, 0.0, 0.0, 0.0, 0.0, 0.0, 0.0, 0.0, 0.0, 0.0, 0.0, 0.0, 0.0, 0.0, 0.0, 0.0, 0.0, 0.9866764115629865, 0.9848207453361242, 0.9858497255351035, 0.0, 0.0, 0.0, 0.0, 0.0, 0.0, 0.0, 0.0, 0.0, 0.0, 0.0, 0.0], [1.016533113875769, 0.0, 0.9793598666659191, 0.0, 0.0, 0.0, 0.0, 0.0, 0.0, 0.0, 0.0, 0.0, 0.0, 0.0, 0.0, 0.0, 0.0, 0.0, 0.0, 0.0, 0.0, 0.0, 0.9723656590028726, 0.9649449499044458, 0.0, 0.0, 0.0, 0.0, 0.0, 0.0, 0.0, 0.0, 0.0, 0.0], [0.0, 0.9793598666659191, 0.0, 1.0435989313618648, 0.0, 0.0, 0.0, 0.0, 0.0, 0.0, 0.0, 0.0, 0.0, 0.0, 0.0, 0.0, 0.0, 0.0, 1.0586066918075263, 0.0, 0.0, 0.0, 0.0, 0.0, 0.0, 0.0, 0.0, 0.0, 0.0, 0.0, 0.0, 0.0, 0.0, 0.0], [0.0, 0.0, 1.0435989313618648, 0.0, 1.381241228193623, 0.0, 0.0, 0.0, 1.322257403290223, 0.0, 0.0, 0.0, 0.0, 0.0, 0.0, 0.0, 0.0, 0.0, 0.0, 0.0, 0.0, 0.0, 0.0, 0.0, 0.0, 0.0, 0.0, 0.0, 0.0, 0.0, 0.0, 0.0, 0.0, 0.0], [0.0, 0.0, 0.0, 1.381241228193623, 0.0, 1.4390600856170768, 0.0, 0.10354886128154447, 0.0, 0.0, 0.0, 0.0, 0.0, 0.0, 0.0, 0.0, 0.0, 0.0, 0.0, 0.0, 0.0, 0.0, 0.0, 0.0, 0.964457954858693, 0.0, 0.0, 0.0, 0.0, 0.0, 0.0, 0.0, 0.0, 0.0], [0.0, 0.0, 0.0, 0.0, 1.4390600856170768, 0.0, 1.4315040023859165, 0.0, 0.0, 0.0, 0.0, 0.0, 0.0, 0.0, 0.0, 0.0, 0.0, 0.0, 0.0, 0.0, 0.0, 0.0, 0.0, 0.0, 0.0, 0.9699470159568087, 0.0, 0.0, 0.0, 0.0, 0.0, 0.0, 0.0, 0.0], [0.0, 0.0, 0.0, 0.0, 0.0, 1.4315040023859165, 0.0, 1.4399453132978144, 0.0, 0.0, 0.0, 0.0, 0.0, 0.0, 0.0, 0.0, 0.0, 0.0, 0.0, 0.0, 0.0, 0.0, 0.0, 0.0, 0.0, 0.0, 0.9699623436679217, 0.0, 0.0, 0.0, 0.0, 0.0, 0.0, 0.0], [0.0, 0.0, 0.0, 0.0, 0.10354886128154447, 0.0, 1.4399453132978144, 0.0, 1.383537225070963, 0.0, 0.0, 0.0, 0.0, 0.0, 0.0, 0.0, 0.0, 0.0, 0.0, 0.0, 0.0, 0.0, 0.0, 0.0, 0.0, 0.0, 0.0, 0.9668237440555172, 0.0, 0.0, 0.0, 0.0, 0.0, 0.0], [0.0, 0.0, 0.0, 1.322257403290223, 0.0, 0.0, 0.0, 1.383537225070963, 0.0, 1.037790346313884, 0.0, 0.0, 0.0, 0.0, 0.0, 0.0, 0.0, 0.0, 0.0, 0.0, 0.0, 0.0, 0.0, 0.0, 0.0, 0.0, 0.0, 0.0, 0.0, 0.0, 0.0, 0.0, 0.0, 0.0], [0.0, 0.0, 0.0, 0.0, 0.0, 0.0, 0.0, 0.0, 1.037790346313884, 0.0, 0.9900567906576733, 1.2484870397278989, 0.17074094321304506, 0.0, 0.0, 0.0, 0.0, 0.0, 0.0, 0.0, 0.0, 0.0, 0.0, 0.0, 0.0, 0.0, 0.0, 0.0, 0.0, 0.0, 0.0, 0.0, 0.0, 0.0], [0.0, 0.0, 0.0, 0.0, 0.0, 0.0, 0.0, 0.0, 0.0, 0.9900567906576733, 0.0, 0.0, 0.0, 0.0, 0.0, 0.0, 0.0, 0.0, 0.0, 0.0, 0.0, 0.0, 0.0, 0.0, 0.0, 0.0, 0.0, 0.0, 0.9737063742654251, 0.9793215060630834, 0.9721323131242683, 0.0, 0.0, 0.0], [0.0, 0.0, 0.0, 0.0, 0.0, 0.0, 0.0, 0.0, 0.0, 1.2484870397278989, 0.0, 0.0, 1.5470421994986858, 1.0400737734875156, 0.0, 0.0, 0.0, 0.0, 0.0, 0.0, 0.0, 0.0, 0.0, 0.0, 0.0, 0.0, 0.0, 0.0, 0.0, 0.0, 0.0, 0.0, 0.0, 0.0], [0.0, 0.0, 0.0, 0.0, 0.0, 0.0, 0.0, 0.0, 0.0, 0.17074094321304506, 0.0, 1.5470421994986858, 0.0, 0.0, 0.0, 0.0, 0.0, 0.0, 0.0, 0.0, 0.0, 0.0, 0.0, 0.0, 0.0, 0.0, 0.0, 0.0, 0.0, 0.0, 0.0, 0.0, 0.0, 0.0], [0.0, 0.0, 0.0, 0.0, 0.0, 0.0, 0.0, 0.0, 0.0, 0.0, 0.0, 1.0400737734875156, 0.0, 0.0, 1.3977961287665877, 0.0, 0.10105845882536008, 0.0, 1.322537603451267, 0.0, 0.0, 0.0, 0.0, 0.0, 0.0, 0.0, 0.0, 0.0, 0.0, 0.0, 0.0, 0.0, 0.0, 0.0], [0.0, 0.0, 0.0, 0.0, 0.0, 0.0, 0.0, 0.0, 0.0, 0.0, 0.0, 0.0, 0.0, 1.3977961287665877, 0.0, 1.4318814877477386, 0.0, 0.0, 0.0, 0.0, 0.0, 0.0, 0.0, 0.0, 0.0, 0.0, 0.0, 0.0, 0.0, 0.0, 0.0, 0.9673852874540524, 0.0, 0.0], [0.0, 0.0, 0.0, 0.0, 0.0, 0.0, 0.0, 0.0, 0.0, 0.0, 0.0, 0.0, 0.0, 0.0, 1.4318814877477386, 0.0, 1.4339814917448253, 0.0, 0.0, 0.0, 0.0, 0.0, 0.0, 0.0, 0.0, 0.0, 0.0, 0.0, 0.0, 0.0, 0.0, 0.0, 0.9675704160868798, 0.0], [0.0, 0.0, 0.0, 0.0, 0.0, 0.0, 0.0, 0.0, 0.0, 0.0, 0.0, 0.0, 0.0, 0.10105845882536008, 0.0, 1.4339814917448253, 0.0, 1.4224204869640946, 0.0, 0.0, 0.0, 0.0, 0.0, 0.0, 0.0, 0.0, 0.0, 0.0, 0.0, 0.0, 0.0, 0.0, 0.0, 0.9634041538926954], [0.0, 0.0, 0.0, 0.0, 0.0, 0.0, 0.0, 0.0, 0.0, 0.0, 0.0, 0.0, 0.0, 0.0, 0.0, 0.0, 1.4224204869640946, 0.0, 1.3662335735818634, 0.0, 0.0, 0.0, 0.0, 0.0, 0.0, 0.0, 0.0, 0.0, 0.0, 0.0, 0.0, 0.0, 0.0, 0.0], [0.0, 0.0, 1.0586066918075263, 0.0, 0.0, 0.0, 0.0, 0.0, 0.0, 0.0, 0.0, 0.0, 0.0, 1.322537603451267, 0.0, 0.0, 0.0, 1.3662335735818634, 0.0, 0.0, 0.0, 0.0, 0.0, 0.0, 0.0, 0.0, 0.0, 0.0, 0.0, 0.0, 0.0, 0.0, 0.0, 0.0], [0.9866764115629865, 0.0, 0.0, 0.0, 0.0, 0.0, 0.0, 0.0, 0.0, 0.0, 0.0, 0.0, 0.0, 0.0, 0.0, 0.0, 0.0, 0.0, 0.0, 0.0, 0.0, 0.0, 0.0, 0.0, 0.0, 0.0, 0.0, 0.0, 0.0, 0.0, 0.0, 0.0, 0.0, 0.0], [0.9848207453361242, 0.0, 0.0, 0.0, 0.0, 0.0, 0.0, 0.0, 0.0, 0.0, 0.0, 0.0, 0.0, 0.0, 0.0, 0.0, 0.0, 0.0, 0.0, 0.0, 0.0, 0.0, 0.0, 0.0, 0.0, 0.0, 0.0, 0.0, 0.0, 0.0, 0.0, 0.0, 0.0, 0.0], [0.9858497255351035, 0.0, 0.0, 0.0, 0.0, 0.0, 0.0, 0.0, 0.0, 0.0, 0.0, 0.0, 0.0, 0.0, 0.0, 0.0, 0.0, 0.0, 0.0, 0.0, 0.0, 0.0, 0.0, 0.0, 0.0, 0.0, 0.0, 0.0, 0.0, 0.0, 0.0, 0.0, 0.0, 0.0], [0.0, 0.9723656590028726, 0.0, 0.0, 0.0, 0.0, 0.0, 0.0, 0.0, 0.0, 0.0, 0.0, 0.0, 0.0, 0.0, 0.0, 0.0, 0.0, 0.0, 0.0, 0.0, 0.0, 0.0, 0.0, 0.0, 0.0, 0.0, 0.0, 0.0, 0.0, 0.0, 0.0, 0.0, 0.0], [0.0, 0.9649449499044458, 0.0, 0.0, 0.0, 0.0, 0.0, 0.0, 0.0, 0.0, 0.0, 0.0, 0.0, 0.0, 0.0, 0.0, 0.0, 0.0, 0.0, 0.0, 0.0, 0.0, 0.0, 0.0, 0.0, 0.0, 0.0, 0.0, 0.0, 0.0, 0.0, 0.0, 0.0, 0.0], [0.0, 0.0, 0.0, 0.0, 0.964457954858693, 0.0, 0.0, 0.0, 0.0, 0.0, 0.0, 0.0, 0.0, 0.0, 0.0, 0.0, 0.0, 0.0, 0.0, 0.0, 0.0, 0.0, 0.0, 0.0, 0.0, 0.0, 0.0, 0.0, 0.0, 0.0, 0.0, 0.0, 0.0, 0.0], [0.0, 0.0, 0.0, 0.0, 0.0, 0.9699470159568087, 0.0, 0.0, 0.0, 0.0, 0.0, 0.0, 0.0, 0.0, 0.0, 0.0, 0.0, 0.0, 0.0, 0.0, 0.0, 0.0, 0.0, 0.0, 0.0, 0.0, 0.0, 0.0, 0.0, 0.0, 0.0, 0.0, 0.0, 0.0], [0.0, 0.0, 0.0, 0.0, 0.0, 0.0, 0.9699623436679217, 0.0, 0.0, 0.0, 0.0, 0.0, 0.0, 0.0, 0.0, 0.0, 0.0, 0.0, 0.0, 0.0, 0.0, 0.0, 0.0, 0.0, 0.0, 0.0, 0.0, 0.0, 0.0, 0.0, 0.0, 0.0, 0.0, 0.0], [0.0, 0.0, 0.0, 0.0, 0.0, 0.0, 0.0, 0.9668237440555172, 0.0, 0.0, 0.0, 0.0, 0.0, 0.0, 0.0, 0.0, 0.0, 0.0, 0.0, 0.0, 0.0, 0.0, 0.0, 0.0, 0.0, 0.0, 0.0, 0.0, 0.0, 0.0, 0.0, 0.0, 0.0, 0.0], [0.0, 0.0, 0.0, 0.0, 0.0, 0.0, 0.0, 0.0, 0.0, 0.0, 0.9737063742654251, 0.0, 0.0, 0.0, 0.0, 0.0, 0.0, 0.0, 0.0, 0.0, 0.0, 0.0, 0.0, 0.0, 0.0, 0.0, 0.0, 0.0, 0.0, 0.0, 0.0, 0.0, 0.0, 0.0], [0.0, 0.0, 0.0, 0.0, 0.0, 0.0, 0.0, 0.0, 0.0, 0.0, 0.9793215060630834, 0.0, 0.0, 0.0, 0.0, 0.0, 0.0, 0.0, 0.0, 0.0, 0.0, 0.0, 0.0, 0.0, 0.0, 0.0, 0.0, 0.0, 0.0, 0.0, 0.0, 0.0, 0.0, 0.0], [0.0, 0.0, 0.0, 0.0, 0.0, 0.0, 0.0, 0.0, 0.0, 0.0, 0.9721323131242683, 0.0, 0.0, 0.0, 0.0, 0.0, 0.0, 0.0, 0.0, 0.0, 0.0, 0.0, 0.0, 0.0, 0.0, 0.0, 0.0, 0.0, 0.0, 0.0, 0.0, 0.0, 0.0, 0.0], [0.0, 0.0, 0.0, 0.0, 0.0, 0.0, 0.0, 0.0, 0.0, 0.0, 0.0, 0.0, 0.0, 0.0, 0.9673852874540524, 0.0, 0.0, 0.0, 0.0, 0.0, 0.0, 0.0, 0.0, 0.0, 0.0, 0.0, 0.0, 0.0, 0.0, 0.0, 0.0, 0.0, 0.0, 0.0], [0.0, 0.0, 0.0, 0.0, 0.0, 0.0, 0.0, 0.0, 0.0, 0.0, 0.0, 0.0, 0.0, 0.0, 0.0, 0.9675704160868798, 0.0, 0.0, 0.0, 0.0, 0.0, 0.0, 0.0, 0.0, 0.0, 0.0, 0.0, 0.0, 0.0, 0.0, 0.0, 0.0, 0.0, 0.0], [0.0, 0.0, 0.0, 0.0, 0.0, 0.0, 0.0, 0.0, 0.0, 0.0, 0.0, 0.0, 0.0, 0.0, 0.0, 0.0, 0.9634041538926954, 0.0, 0.0, 0.0, 0.0, 0.0, 0.0, 0.0, 0.0, 0.0, 0.0, 0.0, 0.0, 0.0, 0.0, 0.0, 0.0, 0.0]], "Born radii": [], "Atomic SASAs": [], "Solvent H bonds": [], "Total SASA": NaN, "Total FOD": 0.0, "FOD": [0.0, 0.0, 0.0, 0.0, 0.0, 0.0, 0.0, 0.0, 0.0, 0.0, 0.0, 0.0, 0.0, 0.0, 0.0, 0.0, 0.0, 0.0, 0.0, 0.0, 0.0, 0.0, 0.0, 0.0, 0.0, 0.0, 0.0, 0.0, 0.0, 0.0, 0.0, 0.0, 0.0, 0.0], "FOD s proportion": [0.0, 0.0, 0.0, 0.0, 0.0, 0.0, 0.0, 0.0, 0.0, 0.0, 0.0, 0.0, 0.0, 0.0, 0.0, 0.0, 0.0, 0.0, 0.0, 0.0, 0.0, 0.0, 0.0, 0.0, 0.0, 0.0, 0.0, 0.0, 0.0, 0.0, 0.0, 0.0, 0.0, 0.0], "FOD p proportion": [0.0, 0.0, 0.0, 0.0, 0.0, 0.0, 0.0, 0.0, 0.0, 0.0, 0.0, 0.0, 0.0, 0.0, 0.0, 0.0, 0.0, 0.0, 0.0, 0.0, 0.0, 0.0, 0.0, 0.0, 0.0, 0.0, 0.0, 0.0, 0.0, 0.0, 0.0, 0.0, 0.0, 0.0], "FOD d proportion": [0.0, 0.0, 0.0, 0.0, 0.0, 0.0, 0.0, 0.0, 0.0, 0.0, 0.0, 0.0, 0.0, 0.0, 0.0, 0.0, 0.0, 0.0, 0.0, 0.0, 0.0, 0.0, 0.0, 0.0, 0.0, 0.0, 0.0, 0.0, 0.0, 0.0, 0.0, 0.0, 0.0, 0.0], "coordinates": [["2.91210", "-0.53770", "-1.64370"], ["2.40550", "0.51240", "-0.65850"], ["0.96620", "0.34600", "-0.39290"], ["0.50840", "-0.81530", "0.27970"], ["1.35000", "-1.55690", "1.13640"], ["0.89370", "-2.67930", "1.82960"], ["-0.42320", "-3.08520", "1.69060"], ["-1.27880", "-2.37110", "0.85340"], ["-0.83930", "-1.23590", "0.13990"], ["-1.75380", "-0.59220", "-0.77360"], ["-2.68480", "-1.49500", "-1.47650"], ["-1.79230", "0.80480", "-1.01070"], ["-2.75100", "1.51390", "-2.23390"], ["-1.01020", "1.72690", "-0.12730"], ["-1.62240", "2.85100", "0.45020"], ["-0.85240", "3.78300", "1.13460"], ["0.50900", "3.56660", "1.20790"], ["1.12710", "2.48890", "0.67870"], ["0.36680", "1.56000", "0.03290"], ["2.32180", "-0.52270", "-2.56630"], ["3.95580", "-0.33470", "-1.90450"], ["2.86410", "-1.55000", "-1.23280"], ["2.58500", "1.48140", "-1.14610"], ["3.00570", "0.51230", "0.25920"], ["2.38000", "-1.25740", "1.30410"], ["1.56780", "-3.22300", "2.48640"], ["-0.78990", "-3.95100", "2.23550"], ["-2.31180", "-2.70310", "0.78850"], ["-3.64920", "-1.47530", "-0.95940"], ["-2.29840", "-2.51870", "-1.51880"], ["-2.82870", "-1.18960", "-2.51570"], ["-2.69300", "3.01290", "0.35600"], ["-1.30170", "4.66300", "1.58080"], ["1.16180", "4.27070", "1.71620"]], "bond_dist": [[0.0, 1.526424780328202, 2.476278082122442, 3.0910035603344106, 3.3478173576227244, 4.55238421159726, 5.360180857956194, 5.211574309169927, 4.212091423509229, 4.746647982524089, 5.680639817837423, 4.93298840562189, 6.05211535002432, 4.776224388573049, 6.035676859309154, 6.368583800971767, 5.545429709229033, 4.211896760368184, 3.699984451318681, 1.095385708323785, 1.0947763835596747, 1.0935694308090367, 2.1050807537954452, 2.1753825801453863, 3.0806855308518593, 5.10643756350746, 6.356383683353295, 6.155784694902836, 6.663183769040143, 5.57577539540466, 5.843127779708399, 6.929841734123515, 7.429723492836056, 6.121534828782729], [1.526424780328202, 0.0, 1.4730298062157465, 2.49839847502355, 2.9356002367488663, 4.320084459822516, 5.144175372204956, 4.916755063047172, 3.771302492508391, 4.3050163367866565, 5.53262440890397, 4.222684861554317, 5.484011274605478, 3.6639036805025325, 4.787718043076471, 4.952367552999272, 4.0507158441440945, 2.7072056903752255, 2.394117250679256, 2.1721276527865485, 2.161833596741433, 2.1894355916537034, 1.0995158070714581, 1.0965460957023194, 2.642847148436701, 4.954326438578709, 6.205461845825821, 5.889496458951308, 6.379724460350933, 5.661656869680465, 5.808859223634189, 5.768571118570005, 5.998772932025349, 4.6163631432113315], [2.476278082122442, 1.4730298062157465, 0.0, 1.4179524992043986, 2.4712525852287945, 3.7546241609513995, 4.247886303798632, 3.73843832368544, 2.4588846455252837, 2.9023355646789017, 4.230043848472495, 2.863825506206689, 4.309390589166872, 2.425610259295586, 3.6995530230015623, 4.177742358020657, 3.6254457436293266, 2.401298769416251, 1.4192892587488992, 2.7048028782149727, 3.4184784934236463, 2.811098080821799, 2.11588204775219, 2.147661600438952, 2.729382897286491, 4.624938059044683, 5.334471179976512, 4.630118872124127, 4.993993702438961, 4.486844109170721, 4.611465408088843, 4.589439122594394, 5.260736744981638, 4.459801818466825], [3.0910035603344106, 2.49839847502355, 1.4179524992043986, 0.0, 1.4114517384593779, 2.4546164873560183, 2.830364531292745, 2.43797644984524, 1.4187119827505512, 2.5053469500250856, 3.7071224379564267, 3.09565448007364, 4.729381139218957, 2.9890760779879795, 4.243952707088051, 4.87103618750672, 4.4791297380183135, 3.3852220503240256, 2.3922815239850013, 3.387292476300209, 4.109291028875906, 2.894263780307524, 3.408812709727538, 2.828329772144684, 2.178929629428174, 3.4334927610233867, 3.917058975813359, 3.4316460073847943, 4.388235017635223, 3.743567823614259, 4.369278894737666, 4.990981756127747, 5.914481727928492, 5.325209837180127], [3.3478173576227244, 2.9356002367488663, 2.4712525852287945, 1.4114517384593779, 0.0, 1.3958931513550743, 2.405634379950536, 2.7665140664742696, 2.4267442675321194, 3.7699231464315024, 4.807357804449343, 4.479030541311367, 6.132449407047726, 4.236841296296098, 5.360561035003705, 5.776253198224607, 5.192556740181083, 4.077704175145617, 3.449559406648913, 3.965343890509372, 4.1870083938296565, 2.8116996745740823, 3.9957850467711595, 2.7914890238007386, 1.0856903518038645, 2.1554178365226546, 3.393951624581588, 3.8527377395820754, 5.421350093841939, 4.6136719475922865, 5.561859166681587, 6.151255579148049, 6.776146416658956, 5.859394938046077], [4.55238421159726, 4.320084459822516, 3.7546241609513995, 2.4546164873560183, 1.3958931513550743, 0.0, 1.3850275881728855, 2.401605698277717, 2.8181161526807235, 4.259330099910079, 5.013833458542475, 5.23649242336891, 6.88322573943351, 5.183521125644227, 6.230386959090102, 6.730023142605083, 6.288542898796191, 5.299937510008963, 4.634373635131289, 5.1004244901772635, 5.368156888541914, 3.812622248531842, 5.387644259785533, 4.136787487894441, 2.122978461972707, 1.0869253608229041, 2.148600628316021, 3.370413312933593, 5.464986496781122, 4.628939114959279, 5.912452954569702, 6.887456329444129, 7.667532320766571, 6.956093527979623], [5.360180857956194, 5.144175372204956, 4.247886303798632, 2.830364531292745, 2.405634379950536, 1.3850275881728855, 0.0, 1.393877329609747, 2.449024334301315, 3.749376881563122, 4.204056732490654, 4.9298637405104815, 6.478585794754902, 5.177415940408883, 6.1818397941066054, 6.904022007496789, 6.734124989187534, 5.873496617007623, 4.9949927257204285, 5.676497939751234, 6.298065993620581, 4.659339855601864, 6.160354672419438, 5.171872718851461, 3.3687038056201972, 2.1485733592316554, 1.086735726844388, 2.127579559029462, 4.4745227689665406, 3.759992772599437, 5.203142252523949, 6.642286715431667, 7.79861664207185, 7.524768778507417], [5.211574309169927, 4.916755063047172, 3.73843832368544, 2.43797644984524, 2.7665140664742696, 2.401605698277717, 1.393877329609747, 0.0, 1.411000191353637, 2.4570794065312582, 2.858814652963707, 3.718183947843356, 5.1761007650547155, 4.22226508523565, 5.248900800167593, 6.175260092498129, 6.211133582527427, 5.425723444850465, 4.339904010459218, 5.298608403156437, 6.257313683203042, 4.710632235698304, 5.811084833316409, 5.198462219733832, 3.851009688380438, 3.3905094263251945, 2.155297573422287, 1.0869797652210458, 3.1156857415342776, 2.586252648137842, 3.8921674000484616, 5.588812431993044, 7.0716474728312075, 7.1284261544888015], [4.212091423509229, 3.771302492508391, 2.4588846455252837, 1.4187119827505512, 2.4267442675321194, 2.8181161526807235, 2.449024334301315, 1.411000191353637, 0.0, 1.44400214335021, 2.4669317015272227, 2.529139349660275, 4.104987621175002, 2.9797292645473683, 4.172802812259405, 5.116537590011433, 5.101229571387667, 4.246312451998793, 3.0468316363068046, 4.221933904030237, 5.2900582993006795, 3.9620872857623923, 4.556681443770236, 4.22545390816182, 3.4234071303308347, 3.904965949915569, 3.4301235735757394, 2.177524753016599, 3.026765742504695, 2.5545712634412845, 3.3184435221953077, 4.6406038766522615, 6.089911968165057, 6.067270099476369], [4.746647982524089, 4.3050163367866565, 2.9023355646789017, 2.5053469500250856, 3.7699231464315024, 4.259330099910079, 3.749376881563122, 2.4570794065312582, 1.44400214335021, 0.0, 1.475085505996178, 1.4175004973544099, 2.750007479989827, 2.519696303128613, 3.656580183723584, 4.857584197932137, 5.132467586843584, 4.461158740730933, 3.1271954607923056, 4.4529898832132995, 5.8262143129136605, 4.738485611458581, 4.823251875032031, 4.993939961593451, 4.674144923940634, 5.346188848142198, 4.611433991721013, 2.6846637070590424, 2.0992685416592134, 2.1361915761466714, 2.132418622128404, 3.8929216290595936, 5.7762202875236675, 6.192545826233343], [5.680639817837423, 5.53262440890397, 4.230043848472495, 3.7071224379564267, 4.807357804449343, 5.013833458542475, 4.204056732490654, 2.858814652963707, 2.4669317015272227, 1.475085505996178, 0.0, 2.5104991396134757, 3.103468448365474, 3.873663048072199, 4.871199303046428, 6.167075236285025, 6.5594326248540735, 5.920044582602398, 4.5742295438685625, 5.2152732325353774, 6.754779674423141, 5.554521212489876, 6.061263330362739, 6.278829351877626, 5.782766566272582, 6.064253224429205, 4.837512378278737, 2.5940045508826692, 1.0944623611618627, 1.0950141277627425, 1.092663264688623, 4.86613665036238, 7.012917574020103, 7.631052439866994], [4.93298840562189, 4.222684861554317, 2.863825506206689, 3.09565448007364, 4.479030541311367, 5.23649242336891, 4.9298637405104815, 3.718183947843356, 2.529139349660275, 1.4175004973544099, 2.5104991396134757, 0.0, 1.708258393803467, 1.4974459522800816, 2.519926439402547, 3.788851981801348, 4.224417935053301, 3.7700346855168325, 2.514187902683489, 4.59434069481139, 5.927730788421485, 5.222688235956651, 4.431351487977454, 4.971821221645042, 5.197985683897176, 6.304217101274353, 5.844677394005592, 3.9764762415988355, 2.941014333525085, 3.399993392640639, 2.704954957111116, 2.7486060085068575, 4.673571209471404, 5.308027244655023], [6.05211535002432, 5.484011274605478, 4.309390589166872, 4.729381139218957, 6.132449407047726, 6.88322573943351, 6.478585794754902, 5.1761007650547155, 4.104987621175002, 2.750007479989827, 3.103468448365474, 1.708258393803467, 0.0, 2.74107956834529, 3.204054802902098, 4.483334587112588, 5.165962110778592, 4.94707220181796, 3.855020660126221, 5.476452242099807, 6.964696157048058, 6.4744909012215, 5.445848059760757, 6.352821818688134, 6.820902336934609, 7.960621027281729, 7.327112772436358, 5.206811634772282, 3.3714136693677923, 4.12044627801407, 2.7192573949517906, 2.99298296186263, 5.1545356134185365, 6.205903648140213], [4.776224388573049, 3.6639036805025325, 2.425610259295586, 2.9890760779879795, 4.236841296296098, 5.183521125644227, 5.177415940408883, 4.22226508523565, 2.9797292645473683, 2.519696303128613, 3.873663048072199, 1.4974459522800816, 2.74107956834529, 0.0, 1.4042421087547545, 2.4176103201301897, 2.734085545479512, 2.4079724437792054, 1.396298195229085, 4.702302112795391, 5.663019547909048, 5.193303799124408, 3.7448213215052064, 4.213322705419086, 4.737975146621181, 6.162712203242984, 6.153852804544483, 4.707202162643962, 4.232114867297438, 4.649822668661677, 4.185375617552145, 2.1723698419007755, 3.40929040564162, 3.8192924331608857], [6.035676859309154, 4.787718043076471, 3.6995530230015623, 4.243952707088051, 5.360561035003705, 6.230386959090102, 6.1818397941066054, 5.248900800167593, 4.172802812259405, 3.656580183723584, 4.871199303046428, 2.519926439402547, 3.204054802902098, 1.4042421087547545, 0.0, 1.389218254990914, 2.372563720956721, 2.782638839303441, 2.407849025582792, 6.003152303581844, 6.8417550248455985, 6.506148803247586, 4.7038487018610615, 5.188960233033203, 5.798905200984061, 7.156602719167804, 7.081493934192134, 5.606937315504784, 4.981140641459544, 5.75913318911796, 5.155402104588933, 1.0868622773838459, 2.1597335136539417, 3.371953992865264], [6.368583800971767, 4.952367552999272, 4.177742358020657, 4.87103618750672, 5.776253198224607, 6.730023142605083, 6.904022007496789, 6.175260092498129, 5.116537590011433, 4.857584197932137, 6.167075236285025, 3.788851981801348, 4.483334587112588, 2.4176103201301897, 1.389218254990914, 0.0, 1.3804389917703717, 2.4085181896759673, 2.7644023820710326, 6.504710519308295, 7.022134243946067, 6.917936398233219, 4.723841001769641, 5.133102303675624, 5.990223048434841, 7.534505111817232, 7.812211150500222, 6.657261207133156, 6.31321195034667, 6.98876744855629, 6.477437961107771, 2.1417470275455037, 1.08414248602294, 2.152466373721085], [5.545429709229033, 4.0507158441440945, 3.6254457436293266, 4.4791297380183135, 5.192556740181083, 6.288542898796191, 6.734124989187534, 6.211133582527427, 5.101229571387667, 5.132467586843584, 6.5594326248540735, 4.224417935053301, 5.165962110778592, 2.734085545479512, 2.372563720956721, 1.3804389917703717, 0.0, 1.3503842193983164, 2.329654352044526, 5.852623682588861, 6.065278698460608, 6.138656861236015, 3.7681760893036835, 4.057374898872423, 5.175023810573242, 6.989584240139037, 7.697883652667141, 6.887811487693316, 6.885388307132721, 7.235140892892135, 6.901222840192888, 3.3593334606734118, 2.1493677814650525, 1.0864039488146198], [4.211896760368184, 2.7072056903752255, 2.401298769416251, 3.3852220503240256, 4.077704175145617, 5.299937510008963, 5.873496617007623, 5.425723444850465, 4.246312451998793, 4.461158740730933, 5.920044582602398, 3.7700346855168325, 4.94707220181796, 2.4079724437792054, 2.782638839303441, 2.4085181896759673, 1.3503842193983164, 0.0, 1.3630733435879376, 4.585528066646196, 4.758905639955472, 4.794133337736863, 2.543702753860993, 2.7589972399406277, 3.999455870490385, 6.007311993728975, 6.897160810797439, 6.228559484343069, 6.419602397345182, 6.452837690504853, 6.275659905539815, 3.8693507594944143, 3.3822425489606744, 2.0621400485902983], [3.699984451318681, 2.394117250679256, 1.4192892587488992, 2.3922815239850013, 3.449559406648913, 4.634373635131289, 4.9949927257204285, 4.339904010459218, 3.0468316363068046, 3.1271954607923056, 4.5742295438685625, 2.514187902683489, 3.855020660126221, 1.396298195229085, 2.407849025582792, 2.7644023820710326, 2.329654352044526, 1.3630733435879376, 0.0, 3.8620596745778024, 4.4971466342559925, 4.18456733486271, 2.5132907113981062, 2.8482767053079656, 3.6887215183583595, 5.508098787240475, 6.046529802291559, 5.091154184465443, 5.130883099428401, 5.113399810302339, 4.926142747627194, 3.4026001910303836, 3.848180824753432, 3.2883762528031975], [1.095385708323785, 2.1721276527865485, 2.7048028782149727, 3.387292476300209, 3.965343890509372, 5.1004244901772635, 5.676497939751234, 5.298608403156437, 4.221933904030237, 4.4529898832132995, 5.2152732325353774, 4.59434069481139, 5.476452242099807, 4.702302112795391, 6.003152303581844, 6.504710519308295, 5.852623682588861, 4.585528066646196, 3.8620596745778024, 0.0, 1.7729295643087457, 1.7685182583168317, 2.470356065428626, 3.085837724184472, 3.939945112561849, 5.778400590128725, 6.670322407500255, 6.122015694197459, 6.256389963069758, 5.140770398490873, 5.193742987480224, 6.796213923207539, 7.564368787281594, 6.531622295417884], [1.0947763835596747, 2.161833596741433, 3.4184784934236463, 4.109291028875906, 4.1870083938296565, 5.368156888541914, 6.298065993620581, 6.257313683203042, 5.2900582993006795, 5.8262143129136605, 6.754779674423141, 5.927730788421485, 6.964696157048058, 5.663019547909048, 6.8417550248455985, 7.022134243946067, 6.065278698460608, 4.758905639955472, 4.4971466342559925, 1.7729295643087457, 0.0, 1.7663362845166264, 2.398433324068026, 2.5103180475788323, 3.6918335403969667, 5.772765688991716, 7.262154926741786, 7.221106377834355, 7.747916324406195, 6.6357846657347155, 6.865410381033314, 7.779641858723317, 8.047709464810469, 6.490424766531078], [1.0935694308090367, 2.1894355916537034, 2.811098080821799, 2.894263780307524, 2.8116996745740823, 3.812622248531842, 4.659339855601864, 4.710632235698304, 3.9620872857623923, 4.738485611458581, 5.554521212489876, 5.222688235956651, 6.4744909012215, 5.193303799124408, 6.506148803247586, 6.917936398233219, 6.138656861236015, 4.794133337736863, 4.18456733486271, 1.7685182583168317, 1.7663362845166264, 0.0, 3.0454555751151586, 2.5493520451283302, 2.599197795474596, 4.279225552597105, 5.580826273053122, 5.674965560247921, 6.519463516271872, 5.260378497788919, 5.846682171112091, 7.363810308529138, 7.9919711961442905, 6.743513533759682], [2.1050807537954452, 1.0995158070714581, 2.11588204775219, 3.408812709727538, 3.9957850467711595, 5.387644259785533, 6.160354672419438, 5.811084833316409, 4.556681443770236, 4.823251875032031, 6.061263330362739, 4.431351487977454, 5.445848059760757, 3.7448213215052064, 4.7038487018610615, 4.723841001769641, 3.7681760893036835, 2.543702753860993, 2.5132907113981062, 2.470356065428626, 2.398433324068026, 3.0454555751151586, 0.0, 1.7581272394226761, 3.6805611637357694, 6.030019191511749, 7.234372006608452, 6.72542694927244, 6.902331593019855, 6.323551285472427, 6.190169048580176, 5.697287131609219, 5.715330179438455, 4.242458487716763], [2.1753825801453863, 1.0965460957023194, 2.147661600438952, 2.828329772144684, 2.7914890238007386, 4.136787487894441, 5.171872718851461, 5.198462219733832, 4.22545390816182, 4.993939961593451, 6.278829351877626, 4.971821221645042, 6.352821818688134, 4.213322705419086, 5.188960233033203, 5.133102303675624, 4.057374898872423, 2.7589972399406277, 2.8482767053079656, 3.085837724184472, 2.5103180475788323, 2.5493520451283302, 1.7581272394226761, 0.0, 2.1482910859564632, 4.580441282234714, 6.183315287125509, 6.236566515319146, 7.051470323982084, 6.362524798379964, 6.681074537826981, 6.223949894560528, 6.126061688393287, 4.4326500843175065], [3.0806855308518593, 2.642847148436701, 2.729382897286491, 2.178929629428174, 1.0856903518038645, 2.122978461972707, 3.3687038056201972, 3.851009688380438, 3.4234071303308347, 4.674144923940634, 5.782766566272582, 5.197985683897176, 6.820902336934609, 4.737975146621181, 5.798905200984061, 5.990223048434841, 5.175023810573242, 3.999455870490385, 3.6887215183583595, 3.939945112561849, 3.6918335403969667, 2.599197795474596, 3.6805611637357694, 2.1482910859564632, 0.0, 2.433328068715766, 4.262775261493385, 4.936484486960331, 6.443769494635884, 5.607768599006203, 6.459568450755825, 6.698483761270158, 6.97729273715816, 5.675713810614485], [5.10643756350746, 4.954326438578709, 4.624938059044683, 3.4334927610233867, 2.1554178365226546, 1.0869253608229041, 2.1485733592316554, 3.3905094263251945, 3.904965949915569, 5.346188848142198, 6.064253224429205, 6.304217101274353, 7.960621027281729, 6.162712203242984, 7.156602719167804, 7.534505111817232, 6.989584240139037, 6.007311993728975, 5.508098787240475, 5.778400590128725, 5.772765688991716, 4.279225552597105, 6.030019191511749, 4.580441282234714, 2.433328068715766, 0.0, 2.4802588776174157, 4.266668088801846, 6.49192436262161, 5.611164582330481, 6.963112250998113, 7.8472587321943195, 8.440565005377307, 7.544109207189408], [6.356383683353295, 6.205461845825821, 5.334471179976512, 3.917058975813359, 3.393951624581588, 2.148600628316021, 1.086735726844388, 2.155297573422287, 3.4301235735757394, 4.611433991721013, 4.837512378278737, 5.844677394005592, 7.327112772436358, 6.153852804544483, 7.081493934192134, 7.812211150500222, 7.697883652667141, 6.897160810797439, 6.046529802291559, 6.670322407500255, 7.262154926741786, 5.580826273053122, 7.234372006608452, 6.183315287125509, 4.262775261493385, 2.4802588776174157, 0.0, 2.4427941010244805, 4.950966874257997, 4.292065240650472, 5.861393762579, 7.459907041646029, 8.65399141032622, 8.466118134658883], [6.155784694902836, 5.889496458951308, 4.630118872124127, 3.4316460073847943, 3.8527377395820754, 3.370413312933593, 2.127579559029462, 1.0869797652210458, 2.177524753016599, 2.6846637070590424, 2.5940045508826692, 3.9764762415988355, 5.206811634772282, 4.707202162643962, 5.606937315504784, 6.657261207133156, 6.887811487693316, 6.228559484343069, 5.091154184465443, 6.122015694197459, 7.221106377834355, 5.674965560247921, 6.72542694927244, 6.236566515319146, 4.936484486960331, 4.266668088801846, 2.4427941010244805, 0.0, 2.5201757895035817, 2.314695705703019, 3.6709134421830214, 5.745000060052219, 7.477129831024737, 7.846044270203935], [6.663183769040143, 6.379724460350933, 4.993993702438961, 4.388235017635223, 5.421350093841939, 5.464986496781122, 4.4745227689665406, 3.1156857415342776, 3.026765742504695, 2.0992685416592134, 1.0944623611618627, 2.941014333525085, 3.3714136693677923, 4.232114867297438, 4.981140641459544, 6.31321195034667, 6.885388307132721, 6.419602397345182, 5.130883099428401, 6.256389963069758, 7.747916324406195, 6.519463516271872, 6.902331593019855, 7.051470323982084, 6.443769494635884, 6.49192436262161, 4.950966874257997, 2.5201757895035817, 0.0, 1.796182774664093, 1.7823900891780113, 4.77373384679121, 7.045714951656787, 7.957453886765539], [5.57577539540466, 5.661656869680465, 4.486844109170721, 3.743567823614259, 4.6136719475922865, 4.628939114959279, 3.759992772599437, 2.586252648137842, 2.5545712634412845, 2.1361915761466714, 1.0950141277627425, 3.399993392640639, 4.12044627801407, 4.649822668661677, 5.75913318911796, 6.98876744855629, 7.235140892892135, 6.452837690504853, 5.113399810302339, 5.140770398490873, 6.6357846657347155, 5.260378497788919, 6.323551285472427, 6.362524798379964, 5.607768599006203, 5.611164582330481, 4.292065240650472, 2.314695705703019, 1.796182774664093, 0.0, 1.7439995728210487, 5.8539886197361195, 7.885286674560412, 8.2785361870321], [5.843127779708399, 5.808859223634189, 4.611465408088843, 4.369278894737666, 5.561859166681587, 5.912452954569702, 5.203142252523949, 3.8921674000484616, 3.3184435221953077, 2.132418622128404, 1.092663264688623, 2.704954957111116, 2.7192573949517906, 4.185375617552145, 5.155402104588933, 6.477437961107771, 6.901222840192888, 6.275659905539815, 4.926142747627194, 5.193742987480224, 6.865410381033314, 5.846682171112091, 6.190169048580176, 6.681074537826981, 6.459568450755825, 6.963112250998113, 5.861393762579, 3.6709134421830214, 1.7823900891780113, 1.7439995728210487, 0.0, 5.091766061986744, 7.305201435278839, 7.977966153726149], [6.929841734123515, 5.768571118570005, 4.589439122594394, 4.990981756127747, 6.151255579148049, 6.887456329444129, 6.642286715431667, 5.588812431993044, 4.6406038766522615, 3.8929216290595936, 4.86613665036238, 2.7486060085068575, 2.99298296186263, 2.1723698419007755, 1.0868622773838459, 2.1417470275455037, 3.3593334606734118, 3.8693507594944143, 3.4026001910303836, 6.796213923207539, 7.779641858723317, 7.363810308529138, 5.697287131609219, 6.223949894560528, 6.698483761270158, 7.8472587321943195, 7.459907041646029, 5.745000060052219, 4.77373384679121, 5.8539886197361195, 5.091766061986744, 0.0, 2.481668942465937, 4.276878291464465], [7.429723492836056, 5.998772932025349, 5.260736744981638, 5.914481727928492, 6.776146416658956, 7.667532320766571, 7.79861664207185, 7.0716474728312075, 6.089911968