{"total energy": -55.90208584, "HOMO-LUMO gap/eV": 3.59644513, "electronic energy": -56.52764034, "dipole": [0.00920823, -0.1289944, -0.58699173], "partial charges": [-0.10100484, -0.05229033, -0.05548999, 0.00170068, -0.11712538, 0.22655506, -0.43173887, -0.12362424, 0.00681245, -0.05920025, -0.0519312, -0.10246639, -0.11321153, 0.00406917, -0.05882313, -0.05410128, -0.10269405, 0.03671516, 0.03678302, 0.03840734, 0.03061094, 0.03466744, 0.05141402, 0.04496165, 0.06351942, 0.0610968, 0.059586, 0.05002068, 0.04833481, 0.04895306, 0.03414868, 0.03480445, 0.03792205, 0.03771504, 0.03863867, 0.05023814, 0.06187305, 0.04934201, 0.04730702, 0.03597047, 0.04294147, 0.03434577, 0.03765698, 0.03658992], "atomic dipole moments": [[-0.0885556, -0.06726118, 0.00423354], [-0.0091135, 0.10412619, 0.05560062], [-0.03190406, -0.11457398, -0.04490081], [-0.06168783, 0.11026799, 0.10021326], [0.17056572, 0.24735825, -0.46116091], [-0.05264033, 0.03881571, 0.26295981], [-0.01489687, 0.01602883, 0.09950838], [0.2615742, -0.37355278, -0.28249473], [-0.00966565, 0.13026555, 0.10038311], [0.09084172, -0.0749129, -0.06275546], [-0.04588713, 0.0899347, 0.06742741], [0.11125891, 0.00015149, -0.01216883], [-0.33933203, -0.10677793, -0.41358369], [0.07927285, -0.04538469, 0.144876], [0.03344805, -0.11694173, -0.03488116], [-0.07981815, 0.09200909, 0.02571263], [-0.04323024, -0.0991072, -0.01028314], [0.04478098, 0.02506598, 0.11554283], [0.09222049, -0.05477093, -0.06525094], [-0.02673691, 0.11012678, -0.05694763], [0.03511098, -0.10701805, 0.04995544], [-0.03404662, -0.02573887, -0.11682988], [-0.02683453, 0.11106955, -0.05438158], [0.03938232, 0.02706746, 0.11762037], [-0.04862748, -0.02312824, -0.11788781], [0.03431725, -0.11389781, 0.04600219], [0.03375406, 0.01207831, -0.12261502], [0.05130844, -0.10623889, 0.04724404], [-0.04900277, 0.10879157, -0.04336913], [-0.0305162, -0.00580437, 0.12307704], [0.0430739, -0.10878266, 0.04116728], [0.0253073, 0.00332346, -0.12143897], [-0.03386078, -0.01056744, 0.12157192], [-0.05226898, 0.10543898, -0.04668558], [-0.05015898, -0.09749052, -0.06177234], [-0.12475711, 0.01292365, 0.00469159], [0.02988529, -0.04931034, -0.11424826], [-0.02902353, 0.0458014, 0.11584971], [-0.04973141, 0.08351964, -0.07703191], [0.02983004, -0.04179043, -0.1130885], [0.06180263, -0.0740104, 0.08203267], [-0.04780317, 0.08013153, -0.08432837], [0.12430193, -0.00423741, -0.01859046], [-0.0197371, 0.04742108, 0.11587614]], "atomic quadrupole moments": [[0.11676317, 0.17260984, 0.00903447, -0.01829568, -0.00047073, -0.12579764], [0.17384391, 0.05206049, -0.02981194, -0.1442779, 0.0766152, -0.14403197], [0.19347587, 0.06889666, -0.03153737, -0.15040523, 0.08833495, -0.16193851], [0.19644339, -0.04827764, -0.09383009, -0.28222988, 0.13497304, -0.1026133], [-0.07034458, -0.38170892, 0.09769019, -0.21592817, -0.2715882, -0.02734561], [0.48608908, -0.00939716, 0.6503275, 0.26235337, -0.24567468, -1.13641658], [-0.03241749, -0.00202705, -0.03476837, -0.01525157, 0.01586411, 0.06718586], [0.44850195, 0.06603877, -0.06903239, -0.02080247, 0.36935876, -0.37946956], [0.07901708, 0.186831, 0.08442795, 0.0867655, 0.27113939, -0.16344503], [0.20121814, 0.09900881, -0.0374393, 0.01688404, 0.14330414, -0.16377884], [0.16453937, 0.10309702, -0.0183398, 0.02687541, 0.14157062, -0.14619957], [0.24155856, 0.00396682, -0.11880195, -0.03831187, 0.00947777, -0.12275662], [-0.26641208, 0.27478347, 0.34699479, 0.34565098, -0.1304759, -0.08058271], [-0.19302296, 0.00130146, 0.17383703, 0.1620716, -0.250111, 0.01918593], [0.13712697, 0.12503558, 0.08427379, -0.01116234, 0.04560463, -0.22140076], [0.15621746, 0.10595397, 0.07453489, -0.04193847, 0.04065659, -0.23075235], [-0.05561753, 0.12848263, 0.18413811, 0.01242255, 0.03178629, -0.12852059], [-0.03187927, 0.01670607, -0.03830067, 0.02843797, 0.01323051, 0.07017994], [0.02267968, -0.03311636, -0.00660569, -0.04814932, 0.03726312, -0.01607399], [-0.01944007, -0.02550818, 0.044188, 0.02335187, -0.04727375, -0.02474794], [-0.01401323, -0.01741446, 0.02466904, 0.00615585, -0.04188321, -0.01065581], [-0.00807265, 0.00593865, -0.03713623, 0.02425778, 0.00735022, 0.04520887], [-0.00778901, -0.02011204, 0.01927175, 0.00540877, -0.0348133, -0.01148275], [-0.00723412, 0.00390371, -0.03813231, 0.01830257, 0.00531868, 0.04536643], [0.000984, 0.00069647, -0.04383993, 0.00585867, 0.00654492, 0.04285594], [-0.00754046, -0.0235585, 0.02909696, 0.00590867, -0.03984294, -0.02155651], [-0.02433274, 0.01937665, -0.01839421, -0.00338599, 0.00256163, 0.04272694], [-0.01925055, -0.00667346, 0.03701961, 0.02237031, -0.01778181, -0.01776906], [-0.01209978, -0.01498357, 0.02936366, 0.0171104, -0.0311597, -0.01726388], [-0.01834413, 0.01121717, -0.02974115, -0.00970946, -0.0109989, 0.04808528], [-0.01007838, -0.01912418, 0.02848351, 0.01951013, -0.0331345, -0.01840513], [-0.01829137, 0.01168061, -0.03207207, -0.01446684, -0.0129902, 0.05036344], [-0.02505596, -0.00220393, -0.05135807, -0.01684079, -0.01007972, 0.07641403], [-0.01842163, -0.03117641, 0.04876619, 0.00777199, -0.04581715, -0.03034456], [-0.01504401, 0.03078993, 0.03229209, 0.01694053, 0.05620666, -0.01724808], [0.04101251, -0.01483847, -0.01009558, -0.00565745, -0.02699467, -0.03091692], [-0.03571933, -0.01680075, 0.00023926, -0.02310289, 0.00225768, 0.03548007], [-0.01880812, 0.00800366, -0.02888381, -0.01163732, 0.01864472, 0.04769194], [-0.00362006, -0.00995247, -0.00493722, 0.0258444, -0.04605329, 0.00855728], [-0.02356961, 0.00713416, -0.0236897, -0.01023298, 0.0266165, 0.04725931], [-0.01431633, -0.00682326, 0.00209634, 0.02215161, -0.04000958, 0.01221999], [-0.02106045, -0.0246985, 0.00572586, 0.04644333, -0.04388499, 0.01533459], [0.07757709, -0.00941183, -0.02703947, -0.02022112, 0.00540845, -0.05053762], [-0.04308738, -0.00033976, -0.0204622, -0.0288273, 0.03034997, 0.06354958]], "number of molecular orbitals": 115, "number of electrons": 104, "number of unpaired electrons": 0, "orbital energies/eV": [-19.83997053, -19.8007669, -19.77094115, -18.6812539, -17.42187522, -17.36762341, -17.35230339, -16.8765181, -16.78142021, -16.7526203, -16.50368379, -15.93058219, -15.90057784, -15.8507962, -15.50292288, -15.4391615, -15.40546921, -14.60170912, -14.56898005, -14.47397614, -14.16254469, -14.14206581, -14.03043766, -13.90178094, -13.87516633, -13.77458341, -13.70456873, -13.6634017, -13.63500913, -13.38005932, -13.28834871, -13.16753476, -12.91235115, -12.84637065, -12.7261524, -12.53175125, -12.4536885, -12.42670074, -12.39752804, -12.34328687, -12.32935381, -12.09264593, -12.0558254, -11.98884358, -11.86005905, -11.78231841, -11.75116525, -11.43305912, -11.40709432, -10.67488614, -10.52560921, -10.49393083, -6.89748571, -6.00158059, -5.85748983, -5.59938479, -4.41674852, -4.23126443, -2.19447904, -0.93464973, -0.89108956, -0.69642499, -0.62399761, -0.48052896, -0.24319713, -0.05161179, -0.01648432, 1.7683154, 2.03317421, 2.26599438, 2.4207033, 2.56171219, 2.63732446, 2.78571929, 2.8078147, 2.8857311, 3.16161059, 3.34904162, 3.40764144, 3.61758094, 3.80731664, 3.87746121, 3.9088458, 3.98882021, 4.24702509, 4.39948077, 4.48015097, 4.55068255, 4.69136088, 4.86603042, 4.9956744, 5.19501828, 5.40094764, 5.47633902, 5.87398605, 6.05738989, 6.08681833, 6.2726716, 6.41587317, 6.64967426, 6.7613031, 6.78241969, 6.86333388, 7.12306075, 7.71064362, 7.87366596, 7.94820191, 8.55241684, 8.69595521, 11.60509283, 11.93831903, 12.24556829, 25.27020853, 26.67042023, 31.83591009], "fractional occupation": [2.0, 2.0, 2.0, 2.0, 2.0, 2.0, 2.0, 2.0, 2.0, 2.0, 2.0, 2.0, 2.0, 2.0, 2.0, 2.0, 2.0, 2.0, 2.0, 2.0, 2.0, 2.0, 2.0, 2.0, 2.0, 2.0, 2.0, 2.0, 2.0, 2.0, 2.0, 2.0, 2.0, 2.0, 2.0, 2.0, 2.0, 2.0, 2.0, 2.0, 2.0, 2.0, 2.0, 2.0, 2.0, 2.0, 2.0, 2.0, 2.0, 2.0, 2.0, 2.0, 0.0, 0.0, 0.0, 0.0, 0.0, 0.0, 0.0, 0.0, 0.0, 0.0, 0.0, 0.0, 0.0, 0.0, 0.0, 0.0, 0.0, 0.0, 0.0, 0.0, 0.0, 0.0, 0.0, 0.0, 0.0, 0.0, 0.0, 0.0, 0.0, 0.0, 0.0, 0.0, 0.0, 0.0, 0.0, 0.0, 0.0, 0.0, 0.0, 0.0, 0.0, 0.0, 0.0, 0.0, 0.0, 0.0, 0.0, 0.0, 0.0, 0.0, 0.0, 0.0, 0.0, 0.0, 0.0, 0.0, 0.0, 0.0, 0.0, 0.0, 0.0, 0.0, 0.0], "program call": "xtb /home/svss/Project-DBcg-Debug/aqme2_20220329/End-to-End-workflows-final/example-3/QDESCP/mol_760_rdkit_conf_8/mol_760_rdkit_conf_8.xyz --pop --wbo --acc 0.2 --gfn 2 --chrg 0 --uhf 0 --etemp 300 --input /home/svss/Project-DBcg-Debug/aqme2_20220329/End-to-End-workflows-final/example-3/QDESCP/mol_760_rdkit_conf_8/mol_760_rdkit_conf_8_xtb.inp", "method": "GFN2-xTB", "xtb version": "6.3.3 (7355c4f)", "Dipole module/D": 1.528, "Total charge": 0, "Transition dipole module/D": NaN, "HOMO": -10.4939, "LUMO": -6.8975, "HOMO occupancy": 2.0, "LUMO occupancy": 0, "mulliken charges": [-0.08235, -0.03927, -0.05135, 0.03689, -0.0852, 0.32578, -0.48211, -0.08745, 0.03295, -0.04813, -0.03854, -0.08281, -0.08449, 0.0319, -0.0479, -0.03957, -0.08378, 0.02638, 0.0288, 0.02963, 0.01991, 0.02687, 0.03967, 0.02356, 0.04809, 0.03189, 0.04605, 0.03126, 0.02992, 0.02756, 0.02397, 0.02603, 0.02813, 0.02876, 0.03084, 0.03363, 0.04767, 0.02856, 0.03119, 0.02611, 0.02613, 0.02699, 0.03036, 0.0275], "cm5 charges": [-0.2327, -0.15175, -0.15872, -0.05295, -0.08819, 0.25899, -0.5009, -0.09057, -0.05687, -0.15573, -0.15097, -0.23316, -0.08832, -0.05792, -0.15562, -0.1512, -0.23417, 0.07767, 0.07958, 0.08093, 0.07462, 0.08164, 0.09883, 0.07964, 0.10702, 0.0884, 0.10467, 0.08926, 0.08571, 0.08335, 0.07869, 0.08075, 0.07942, 0.08005, 0.08162, 0.09111, 0.10641, 0.08411, 0.08619, 0.08096, 0.08194, 0.07827, 0.08113, 0.07879], "FUKUI+": [0.008, 0.004, 0.009, 0.028, -0.189, -0.152, -0.008, -0.203, 0.03, 0.002, 0.003, 0.007, -0.197, 0.029, 0.006, 0.003, 0.007, -0.008, -0.019, -0.004, -0.014, -0.011, 0.0, -0.011, -0.029, -0.038, -0.029, -0.024, -0.011, -0.01, -0.008, -0.01, -0.008, -0.009, -0.017, -0.022, -0.028, -0.011, -0.028, -0.008, 0.005, -0.012, -0.015, -0.008], "FUKUI-": [0.008, 0.003, 0.003, 0.022, -0.143, -0.05, -0.013, -0.158, 0.024, 0.006, 0.003, 0.008, -0.163, 0.025, 0.009, 0.003, 0.009, -0.017, -0.028, -0.011, -0.025, -0.019, -0.005, -0.015, -0.029, -0.032, -0.03, -0.024, -0.017, -0.016, -0.022, -0.023, -0.023, -0.023, -0.023, -0.03, -0.031, -0.017, -0.031, -0.018, -0.018, -0.029, -0.023, -0.019], "FUKUIrad": [0.008, 0.003, 0.006, 0.025, -0.166, -0.101, -0.011, -0.181, 0.027, 0.004, 0.003, 0.008, -0.18, 0.027, 0.007, 0.003, 0.008, -0.013, -0.023, -0.007, -0.019, -0.015, -0.002, -0.013, -0.029, -0.035, -0.029, -0.024, -0.014, -0.013, -0.015, -0.016, -0.015, -0.016, -0.02, -0.026, -0.03, -0.014, -0.03, -0.013, -0.006, -0.021, -0.019, -0.014], "s proportion": [1.007, 1.028, 1.037, 1.04, 1.91, 1.554, 1.692, 1.911, 1.039, 1.034, 1.028, 1.008, 1.911, 1.039, 1.035, 1.027, 1.008, 0.974, 0.971, 0.97, 0.98, 0.973, 0.96, 0.976, 0.952, 0.968, 0.954, 0.969, 0.97, 0.972, 0.976, 0.974, 0.972, 0.971, 0.969, 0.966, 0.952, 0.971, 0.969, 0.974, 0.974, 0.973, 0.97, 0.973], "p proportion": [3.075, 3.011, 3.015, 2.923, 4.18, 2.125, 4.791, 4.183, 2.928, 3.014, 3.01, 3.075, 4.179, 2.929, 3.013, 3.013, 3.076, 0.0, 0.0, 0.0, 0.0, 0.0, 0.0, 0.0, 0.0, 0.0, 0.0, 0.0, 0.0, 0.0, 0.0, 0.0, 0.0, 0.0, 0.0, 0.0, 0.0, 0.0, 0.0, 0.0, 0.0, 0.0, 0.0, 0.0], "d proportion": [0.0, 0.0, 0.0, 0.0, -0.005, 0.996, 0.0, -0.006, 0.0, 0.0, 0.0, 0.0, -0.005, 0.0, 0.0, 0.0, 0.0, 0.0, 0.0, 0.0, 0.0, 0.0, 0.0, 0.0, 0.0, 0.0, 0.0, 0.0, 0.0, 0.0, 0.0, 0.0, 0.0, 0.0, 0.0, 0.0, 0.0, 0.0, 0.0, 0.0, 0.0, 0.0, 0.0, 0.0], "Fermi-level/eV": -8.6957, "Coordination numbers": [3.75, 3.801, 3.831, 3.798, 1.929, 3.585, 0.808, 1.939, 3.8, 3.84, 3.801, 3.75, 1.925, 3.798, 3.827, 3.799, 3.75, 0.924, 0.924, 0.924, 0.924, 0.924, 0.924, 0.924, 0.924, 0.924, 0.924, 0.924, 0.924, 0.924, 0.924, 0.924, 0.924, 0.924, 0.924, 0.924, 0.924, 0.924, 0.924, 0.924, 0.924, 0.924, 0.924, 0.924], "Dispersion coefficient C6": [22.493, 21.513, 21.547, 20.555, 145.958, 150.559, 22.348, 146.237, 20.465, 21.609, 21.507, 22.521, 145.79, 20.514, 21.611, 21.548, 22.525, 2.493, 2.492, 2.47, 2.578, 2.521, 2.302, 2.384, 2.158, 2.186, 2.204, 2.32, 2.341, 2.333, 2.528, 2.519, 2.477, 2.48, 2.467, 2.317, 2.177, 2.328, 2.354, 2.503, 2.41, 2.526, 2.48, 2.495], "Total dispersion C6": 22570.975772, "Total dispersion C8": 652971.845543, "Polarizability alpha": [6.764, 6.604, 6.604, 6.455, 20.334, 22.042, 6.337, 20.353, 6.441, 6.613, 6.603, 6.768, 20.322, 6.449, 6.615, 6.609, 6.769, 2.469, 2.469, 2.458, 2.511, 2.483, 2.373, 2.415, 2.297, 2.312, 2.322, 2.382, 2.393, 2.389, 2.487, 2.482, 2.461, 2.463, 2.456, 2.38, 2.308, 2.386, 2.399, 2.474, 2.428, 2.485, 2.463, 2.47], "Total polarizability alpha": 234.09705, "Wiberg matrix": [[0.0, 1.0191743274800298, 0.0, 0.0, 0.0, 0.0, 0.0, 0.0, 0.0, 0.0, 0.0, 0.0, 0.0, 0.0, 0.0, 0.0, 0.0, 0.9873840642703547, 0.9865334380610794, 0.9872700613076775, 0.0, 0.0, 0.0, 0.0, 0.0, 0.0, 0.0, 0.0, 0.0, 0.0, 0.0, 0.0, 0.0, 0.0, 0.0, 0.0, 0.0, 0.0, 0.0, 0.0, 0.0, 0.0, 0.0, 0.0], [1.0191743274800298, 0.0, 1.00052387593708, 0.0, 0.0, 0.0, 0.0, 0.0, 0.0, 0.0, 0.0, 0.0, 0.0, 0.0, 0.0, 0.0, 0.0, 0.0, 0.0, 0.0, 0.9776231394985111, 0.9777041897626767, 0.0, 0.0, 0.0, 0.0, 0.0, 0.0, 0.0, 0.0, 0.0, 0.0, 0.0, 0.0, 0.0, 0.0, 0.0, 0.0, 0.0, 0.0, 0.0, 0.0, 0.0, 0.0], [0.0, 1.00052387593708, 0.0, 1.0118963958583718, 0.0, 0.0, 0.0, 0.0, 0.0, 0.0, 0.0, 0.0, 0.0, 0.0, 0.0, 0.0, 0.0, 0.0, 0.0, 0.0, 0.0, 0.0, 0.9685021034736958, 0.975839328538151, 0.0, 0.0, 0.0, 0.0, 0.0, 0.0, 0.0, 0.0, 0.0, 0.0, 0.0, 0.0, 0.0, 0.0, 0.0, 0.0, 0.0, 0.0, 0.0, 0.0], [0.0, 0.0, 1.0118963958583718, 0.0, 0.961599401008274, 0.0, 0.0, 0.0, 0.0, 0.0, 0.0, 0.0, 0.0, 0.0, 0.0, 0.0, 0.0, 0.0, 0.0, 0.0, 0.0, 0.0, 0.0, 0.0, 0.9702870807664239, 0.9645028250710125, 0.0, 0.0, 0.0, 0.0, 0.0, 0.0, 0.0, 0.0, 0.0, 0.0, 0.0, 0.0, 0.0, 0.0, 0.0, 0.0, 0.0, 0.0], [0.0, 0.0, 0.0, 0.961599401008274, 0.0, 1.0473381175624423, 0.0, 0.0, 0.0, 0.0, 0.0, 0.0, 0.0, 0.0, 0.0, 0.0, 0.0, 0.0, 0.0, 0.0, 0.0, 0.0, 0.0, 0.0, 0.0, 0.0, 0.0, 0.0, 0.0, 0.0, 0.0, 0.0, 0.0, 0.0, 0.0, 0.0, 0.0, 0.0, 0.0, 0.0, 0.0, 0.0, 0.0, 0.0], [0.0, 0.0, 0.0, 0.0, 1.0473381175624423, 0.0, 1.9327260175429786, 1.0308084269622173, 0.0, 0.0, 0.0, 0.0, 1.0376620000664192, 0.0, 0.0, 0.0, 0.0, 0.0, 0.0, 0.0, 0.0, 0.0, 0.0, 0.0, 0.0, 0.0, 0.0, 0.0, 0.0, 0.0, 0.0, 0.0, 0.0, 0.0, 0.0, 0.0, 0.0, 0.0, 0.0, 0.0, 0.0, 0.0, 0.0, 0.0], [0.0, 0.0, 0.0, 0.0, 0.0, 1.9327260175429786, 0.0, 0.0, 0.0, 0.0, 0.0, 0.0, 0.0, 0.0, 0.0, 0.0, 0.0, 0.0, 0.0, 0.0, 0.0, 0.0, 0.0, 0.0, 0.0, 0.0, 0.0, 0.0, 0.0, 0.0, 0.0, 0.0, 0.0, 0.0, 0.0, 0.0, 0.0, 0.0, 0.0, 0.0, 0.0, 0.0, 0.0, 0.0], [0.0, 0.0, 0.0, 0.0, 0.0, 1.0308084269622173, 0.0, 0.0, 0.9552257650016706, 0.0, 0.0, 0.0, 0.0, 0.0, 0.0, 0.0, 0.0, 0.0, 0.0, 0.0, 0.0, 0.0, 0.0, 0.0, 0.0, 0.0, 0.0, 0.0, 0.0, 0.0, 0.0, 0.0, 0.0, 0.0, 0.0, 0.0, 0.0, 0.0, 0.0, 0.0, 0.0, 0.0, 0.0, 0.0], [0.0, 0.0, 0.0, 0.0, 0.0, 0.0, 0.0, 0.9552257650016706, 0.0, 1.0067073853984905, 0.0, 0.0, 0.0, 0.0, 0.0, 0.0, 0.0, 0.0, 0.0, 0.0, 0.0, 0.0, 0.0, 0.0, 0.0, 0.0, 0.9728207161580609, 0.972599361561195, 0.0, 0.0, 0.0, 0.0, 0.0, 0.0, 0.0, 0.0, 0.0, 0.0, 0.0, 0.0, 0.0, 0.0, 0.0, 0.0], [0.0, 0.0, 0.0, 0.0, 0.0, 0.0, 0.0, 0.0, 1.0067073853984905, 0.0, 0.9999752711963864, 0.0, 0.0, 0.0, 0.0, 0.0, 0.0, 0.0, 0.0, 0.0, 0.0, 0.0, 0.0, 0.0, 0.0, 0.0, 0.0, 0.0, 0.9753674405183238, 0.9754109231229482, 0.0, 0.0, 0.0, 0.0, 0.0, 0.0, 0.0, 0.0, 0.0, 0.0, 0.0, 0.0, 0.0, 0.0], [0.0, 0.0, 0.0, 0.0, 0.0, 0.0, 0.0, 0.0, 0.0, 0.9999752711963864, 0.0, 1.0190892834332663, 0.0, 0.0, 0.0, 0.0, 0.0, 0.0, 0.0, 0.0, 0.0, 0.0, 0.0, 0.0, 0.0, 0.0, 0.0, 0.0, 0.0, 0.0, 0.9775719699484786, 0.9775661406855389, 0.0, 0.0, 0.0, 0.0, 0.0, 0.0, 0.0, 0.0, 0.0, 0.0, 0.0, 0.0], [0.0, 0.0, 0.0, 0.0, 0.0, 0.0, 0.0, 0.0, 0.0, 0.0, 1.0190892834332663, 0.0, 0.0, 0.0, 0.0, 0.0, 0.0, 0.0, 0.0, 0.0, 0.0, 0.0, 0.0, 0.0, 0.0, 0.0, 0.0, 0.0, 0.0, 0.0, 0.0, 0.0, 0.9872737274175174, 0.9872931217598868, 0.9862728130327919, 0.0, 0.0, 0.0, 0.0, 0.0, 0.0, 0.0, 0.0, 0.0], [0.0, 0.0, 0.0, 0.0, 0.0, 1.0376620000664192, 0.0, 0.0, 0.0, 0.0, 0.0, 0.0, 0.0, 0.953874119239505, 0.0, 0.0, 0.0, 0.0, 0.0, 0.0, 0.0, 0.0, 0.0, 0.0, 0.0, 0.0, 0.0, 0.0, 0.0, 0.0, 0.0, 0.0, 0.0, 0.0, 0.0, 0.0, 0.0, 0.0, 0.0, 0.0, 0.0, 0.0, 0.0, 0.0], [0.0, 0.0, 0.0, 0.0, 0.0, 0.0, 0.0, 0.0, 0.0, 0.0, 0.0, 0.0, 0.953874119239505, 0.0, 1.0075828359961059, 0.0, 0.0, 0.0, 0.0, 0.0, 0.0, 0.0, 0.0, 0.0, 0.0, 0.0, 0.0, 0.0, 0.0, 0.0, 0.0, 0.0, 0.0, 0.0, 0.0, 0.973343638307485, 0.9717375539312862, 0.0, 0.0, 0.0, 0.0, 0.0, 0.0, 0.0], [0.0, 0.0, 0.0, 0.0, 0.0, 0.0, 0.0, 0.0, 0.0, 0.0, 0.0, 0.0, 0.0, 1.0075828359961059, 0.0, 1.0081899492463346, 0.0, 0.0, 0.0, 0.0, 0.0, 0.0, 0.0, 0.0, 0.0, 0.0, 0.0, 0.0, 0.0, 0.0, 0.0, 0.0, 0.0, 0.0, 0.0, 0.0, 0.0, 0.9747163246830418, 0.9665958704590685, 0.0, 0.0, 0.0, 0.0, 0.0], [0.0, 0.0, 0.0, 0.0, 0.0, 0.0, 0.0, 0.0, 0.0, 0.0, 0.0, 0.0, 0.0, 0.0, 1.0081899492463346, 0.0, 1.0198681906058122, 0.0, 0.0, 0.0, 0.0, 0.0, 0.0, 0.0, 0.0, 0.0, 0.0, 0.0, 0.0, 0.0, 0.0, 0.0, 0.0, 0.0, 0.0, 0.0, 0.0, 0.0, 0.0, 0.9773406476013606, 0.9758750408811321, 0.0, 0.0, 0.0], [0.0, 0.0, 0.0, 0.0, 0.0, 0.0, 0.0, 0.0, 0.0, 0.0, 0.0, 0.0, 0.0, 0.0, 0.0, 1.0198681906058122, 0.0, 0.0, 0.0, 0.0, 0.0, 0.0, 0.0, 0.0, 0.0, 0.0, 0.0, 0.0, 0.0, 0.0, 0.0, 0.0, 0.0, 0.0, 0.0, 0.0, 0.0, 0.0, 0.0, 0.0, 0.0, 0.9873081858935855, 0.9868883449004827, 0.9874734577263775], [0.9873840642703547, 0.0, 0.0, 0.0, 0.0, 0.0, 0.0, 0.0, 0.0, 0.0, 0.0, 0.0, 0.0, 0.0, 0.0, 0.0, 0.0, 0.0, 0.0, 0.0, 0.0, 0.0, 0.0, 0.0, 0.0, 0.0, 0.0, 0.0, 0.0, 0.0, 0.0, 0.0, 0.0, 0.0, 0.0, 0.0, 0.0, 0.0, 0.0, 0.0, 0.0, 0.0, 0.0, 0.0], [0.9865334380610794, 0.0, 0.0, 0.0, 0.0, 0.0, 0.0, 0.0, 0.0, 0.0, 0.0, 0.0, 0.0, 0.0, 0.0, 0.0, 0.0, 0.0, 0.0, 0.0, 0.0, 0.0, 0.0, 0.0, 0.0, 0.0, 0.0, 0.0, 0.0, 0.0, 0.0, 0.0, 0.0, 0.0, 0.0, 0.0, 0.0, 0.0, 0.0, 0.0, 0.0, 0.0, 0.0, 0.0], [0.9872700613076775, 0.0, 0.0, 0.0, 0.0, 0.0, 0.0, 0.0, 0.0, 0.0, 0.0, 0.0, 0.0, 0.0, 0.0, 0.0, 0.0, 0.0, 0.0, 0.0, 0.0, 0.0, 0.0, 0.0, 0.0, 0.0, 0.0, 0.0, 0.0, 0.0, 0.0, 0.0, 0.0, 0.0, 0.0, 0.0, 0.0, 0.0, 0.0, 0.0, 0.0, 0.0, 0.0, 0.0], [0.0, 0.9776231394985111, 0.0, 0.0, 0.0, 0.0, 0.0, 0.0, 0.0, 0.0, 0.0, 0.0, 0.0, 0.0, 0.0, 0.0, 0.0, 0.0, 0.0, 0.0, 0.0, 0.0, 0.0, 0.0, 0.0, 0.0, 0.0, 0.0, 0.0, 0.0, 0.0, 0.0, 0.0, 0.0, 0.0, 0.0, 0.0, 0.0, 0.0, 0.0, 0.0, 0.0, 0.0, 0.0], [0.0, 0.9777041897626767, 0.0, 0.0, 0.0, 0.0, 0.0, 0.0, 0.0, 0.0, 0.0, 0.0, 0.0, 0.0, 0.0, 0.0, 0.0, 0.0, 0.0, 0.0, 0.0, 0.0, 0.0, 0.0, 0.0, 0.0, 0.0, 0.0, 0.0, 0.0, 0.0, 0.0, 0.0, 0.0, 0.0, 0.0, 0.0, 0.0, 0.0, 0.0, 0.0, 0.0, 0.0, 0.0], [0.0, 0.0, 0.9685021034736958, 0.0, 0.0, 0.0, 0.0, 0.0, 0.0, 0.0, 0.0, 0.0, 0.0, 0.0, 0.0, 0.0, 0.0, 0.0, 0.0, 0.0, 0.0, 0.0, 0.0, 0.0, 0.0, 0.0, 0.0, 0.0, 0.0, 0.0, 0.0, 0.0, 0.0, 0.0, 0.0, 0.0, 0.0, 0.0, 0.0, 0.0, 0.0, 0.0, 0.0, 0.0], [0.0, 0.0, 0.975839328538151, 0.0, 0.0, 0.0, 0.0, 0.0, 0.0, 0.0, 0.0, 0.0, 0.0, 0.0, 0.0, 0.0, 0.0, 0.0, 0.0, 0.0, 0.0, 0.0, 0.0, 0.0, 0.0, 0.0, 0.0, 0.0, 0.0, 0.0, 0.0, 0.0, 0.0, 0.0, 0.0, 0.0, 0.0, 0.0, 0.0, 0.0, 0.0, 0.0, 0.0, 0.0], [0.0, 0.0, 0.0, 0.9702870807664239, 0.0, 0.0, 0.0, 0.0, 0.0, 0.0, 0.0, 0.0, 0.0, 0.0, 0.0, 0.0, 0.0, 0.0, 0.0, 0.0, 0.0, 0.0, 0.0, 0.0, 0.0, 0.0, 0.0, 0.0, 0.0, 0.0, 0.0, 0.0, 0.0, 0.0, 0.0, 0.0, 0.0, 0.0, 0.0, 0.0, 0.0, 0.0, 0.0, 0.0], [0.0, 0.0, 0.0, 0.9645028250710125, 0.0, 0.0, 0.0, 0.0, 0.0, 0.0, 0.0, 0.0, 0.0, 0.0, 0.0, 0.0, 0.0, 0.0, 0.0, 0.0, 0.0, 0.0, 0.0, 0.0, 0.0, 0.0, 0.0, 0.0, 0.0, 0.0, 0.0, 0.0, 0.0, 0.0, 0.0, 0.0, 0.0, 0.0, 0.0, 0.0, 0.0, 0.0, 0.0, 0.0], [0.0, 0.0, 0.0, 0.0, 0.0, 0.0, 0.0, 0.0, 0.9728207161580609, 0.0, 0.0, 0.0, 0.0, 0.0, 0.0, 0.0, 0.0, 0.0, 0.0, 0.0, 0.0, 0.0, 0.0, 0.0, 0.0, 0.0, 0.0, 0.0, 0.0, 0.0, 0.0, 0.0, 0.0, 0.0, 0.0, 0.0, 0.0, 0.0, 0.0, 0.0, 0.0, 0.0, 0.0, 0.0], [0.0, 0.0, 0.0, 0.0, 0.0, 0.0, 0.0, 0.0, 0.972599361561195, 0.0, 0.0, 0.0, 0.0, 0.0, 0.0, 0.0, 0.0, 0.0, 0.0, 0.0, 0.0, 0.0, 0.0, 0.0, 0.0, 0.0, 0.0, 0.0, 0.0, 0.0, 0.0, 0.0, 0.0, 0.0, 0.0, 0.0, 0.0, 0.0, 0.0, 0.0, 0.0, 0.0, 0.0, 0.0], [0.0, 0.0, 0.0, 0.0, 0.0, 0.0, 0.0, 0.0, 0.0, 0.9753674405183238, 0.0, 0.0, 0.0, 0.0, 0.0, 0.0, 0.0, 0.0, 0.0, 0.0, 0.0, 0.0, 0.0, 0.0, 0.0, 0.0, 0.0, 0.0, 0.0, 0.0, 0.0, 0.0, 0.0, 0.0, 0.0, 0.0, 0.0, 0.0, 0.0, 0.0, 0.0, 0.0, 0.0, 0.0], [0.0, 0.0, 0.0, 0.0, 0.0, 0.0, 0.0, 0.0, 0.0, 0.9754109231229482, 0.0, 0.0, 0.0, 0.0, 0.0, 0.0, 0.0, 0.0, 0.0, 0.0, 0.0, 0.0, 0.0, 0.0, 0.0, 0.0, 0.0, 0.0, 0.0, 0.0, 0.0, 0.0, 0.0, 0.0, 0.0, 0.0, 0.0, 0.0, 0.0, 0.0, 0.0, 0.0, 0.0, 0.0], [0.0, 0.0, 0.0, 0.0, 0.0, 0.0, 0.0, 0.0, 0.0, 0.0, 0.9775719699484786, 0.0, 0.0, 0.0, 0.0, 0.0, 0.0, 0.0, 0.0, 0.0, 0.0, 0.0, 0.0, 0.0, 0.0, 0.0, 0.0, 0.0, 0.0, 0.0, 0.0, 0.0, 0.0, 0.0, 0.0, 0.0, 0.0, 0.0, 0.0, 0.0, 0.0, 0.0, 0.0, 0.0], [0.0, 0.0, 0.0, 0.0, 0.0, 0.0, 0.0, 0.0, 0.0, 0.0, 0.9775661406855389, 0.0, 0.0, 0.0, 0.0, 0.0, 0.0, 0.0, 0.0, 0.0, 0.0, 0.0, 0.0, 0.0, 0.0, 0.0, 0.0, 0.0, 0.0, 0.0, 0.0, 0.0, 0.0, 0.0, 0.0, 0.0, 0.0, 0.0, 0.0, 0.0, 0.0, 0.0, 0.0, 0.0], [0.0, 0.0, 0.0, 0.0, 0.0, 0.0, 0.0, 0.0, 0.0, 0.0, 0.0, 0.9872737274175174, 0.0, 0.0, 0.0, 0.0, 0.0, 0.0, 0.0, 0.0, 0.0, 0.0, 0.0, 0.0, 0.0, 0.0, 0.0, 0.0, 0.0, 0.0, 0.0, 0.0, 0.0, 0.0, 0.0, 0.0, 0.0, 0.0, 0.0, 0.0, 0.0, 0.0, 0.0, 0.0], [0.0, 0.0, 0.0, 0.0, 0.0, 0.0, 0.0, 0.0, 0.0, 0.0, 0.0, 0.9872931217598868, 0.0, 0.0, 0.0, 0.0, 0.0, 0.0, 0.0, 0.0, 0.0, 0.0, 0.0, 0.0, 0.0, 0.0, 0.0, 0.0, 0.0, 0.0, 0.0, 0.0, 0.0, 0.0, 0.0, 0.0, 0.0, 0.0, 0.0, 0.0, 0.0, 0.0, 0.0, 0.0], [0.0, 0.0, 0.0, 0.0, 0.0, 0.0, 0.0, 0.0, 0.0, 0.0, 0.0, 0.9862728130327919, 0.0, 0.0, 0.0, 0.0, 0.0, 0.0, 0.0, 0.0, 0.0, 0.0, 0.0, 0.0, 0.0, 0.0, 0.0, 0.0, 0.0, 0.0, 0.0, 0.0, 0.0, 0.0, 0.0, 0.0, 0.0, 0.0, 0.0, 0.0, 0.0, 0.0, 0.0, 0.0], [0.0, 0.0, 0.0, 0.0, 0.0, 0.0, 0.0, 0.0, 0.0, 0.0, 0.0, 0.0, 0.0, 0.973343638307485, 0.0, 0.0, 0.0, 0.0, 0.0, 0.0, 0.0, 0.0, 0.0, 0.0, 0.0, 0.0, 0.0, 0.0, 0.0, 0.0, 0.0, 0.0, 0.0, 0.0, 0.0, 0.0, 0.0, 0.0, 0.0, 0.0, 0.0, 0.0, 0.0, 0.0], [0.0, 0.0, 0.0, 0.0, 0.0, 0.0, 0.0, 0.0, 0.0, 0.0, 0.0, 0.0, 0.0, 0.9717375539312862, 0.0, 0.0, 0.0, 0.0, 0.0, 0.0, 0.0, 0.0, 0.0, 0.0, 0.0, 0.0, 0.0, 0.0, 0.0, 0.0, 0.0, 0.0, 0.0, 0.0, 0.0, 0.0, 0.0, 0.0, 0.0, 0.0, 0.0, 0.0, 0.0, 0.0], [0.0, 0.0, 0.0, 0.0, 0.0, 0.0, 0.0, 0.0, 0.0, 0.0, 0.0, 0.0, 0.0, 0.0, 0.9747163246830418, 0.0, 0.0, 0.0, 0.0, 0.0, 0.0, 0.0, 0.0, 0.0, 0.0, 0.0, 0.0, 0.0, 0.0, 0.0, 0.0, 0.0, 0.0, 0.0, 0.0, 0.0, 0.0, 0.0, 0.0, 0.0, 0.0, 0.0, 0.0, 0.0], [0.0, 0.0, 0.0, 0.0, 0.0, 0.0, 0.0, 0.0, 0.0, 0.0, 0.0, 0.0, 0.0, 0.0, 0.9665958704590685, 0.0, 0.0, 0.0, 0.0, 0.0, 0.0, 0.0, 0.0, 0.0, 0.0, 0.0, 0.0, 0.0, 0.0, 0.0, 0.0, 0.0, 0.0, 0.0, 0.0, 0.0, 0.0, 0.0, 0.0, 0.0, 0.0, 0.0, 0.0, 0.0], [0.0, 0.0, 0.0, 0.0, 0.0, 0.0, 0.0, 0.0, 0.0, 0.0, 0.0, 0.0, 0.0, 0.0, 0.0, 0.9773406476013606, 0.0, 0.0, 0.0, 0.0, 0.0, 0.0, 0.0, 0.0, 0.0, 0.0, 0.0, 0.0, 0.0, 0.0, 0.0, 0.0, 0.0, 0.0, 0.0, 0.0, 0.0, 0.0, 0.0, 0.0, 0.0, 0.0, 0.0, 0.0], [0.0, 0.0, 0.0, 0.0, 0.0, 0.0, 0.0, 0.0, 0.0, 0.0, 0.0, 0.0, 0.0, 0.0, 0.0, 0.9758750408811321, 0.0, 0.0, 0.0, 0.0, 0.0, 0.0, 0.0, 0.0, 0.0, 0.0, 0.0, 0.0, 0.0, 0.0, 0.0, 0.0, 0.0, 0.0, 0.0, 0.0, 0.0, 0.0, 0.0, 0.0, 0.0, 0.0, 0.0, 0.0], [0.0, 0.0, 0.0, 0.0, 0.0, 0.0, 0.0, 0.0, 0.0, 0.0, 0.0, 0.0, 0.0, 0.0, 0.0, 0.0, 0.9873081858935855, 0.0, 0.0, 0.0, 0.0, 0.0, 0.0, 0.0, 0.0, 0.0, 0.0, 0.0, 0.0, 0.0, 0.0, 0.0, 0.0, 0.0, 0.0, 0.0, 0.0, 0.0, 0.0, 0.0, 0.0, 0.0, 0.0, 0.0], [0.0, 0.0, 0.0, 0.0, 0.0, 0.0, 0.0, 0.0, 0.0, 0.0, 0.0, 0.0, 0.0, 0.0, 0.0, 0.0, 0.9868883449004827, 0.0, 0.0, 0.0, 0.0, 0.0, 0.0, 0.0, 0.0, 0.0, 0.0, 0.0, 0.0, 0.0, 0.0, 0.0, 0.0, 0.0, 0.0, 0.0, 0.0, 0.0, 0.0, 0.0, 0.0, 0.0, 0.0, 0.0], [0.0, 0.0, 0.0, 0.0, 0.0, 0.0, 0.0, 0.0, 0.0, 0.0, 0.0, 0.0, 0.0, 0.0, 0.0, 0.0, 0.9874734577263775, 0.0, 0.0, 0.0, 0.0, 0.0, 0.0, 0.0, 0.0, 0.0, 0.0, 0.0, 0.0, 0.0, 0.0, 0.0, 0.0, 0.0, 0.0, 0.0, 0.0, 0.0, 0.0, 0.0, 0.0, 0.0, 0.0, 0.0]], "Born radii": [], "Atomic SASAs": [], "Solvent H bonds": [], "Total SASA": NaN, "Total FOD": 0.0, "FOD": [0.0, 0.0, 0.0, 0.0, 0.0, 0.0, 0.0, 0.0, 0.0, 0.0, 0.0, 0.0, 0.0, 0.0, 0.0, 0.0, 0.0, 0.0, 0.0, 0.0, 0.0, 0.0, 0.0, 0.0, 0.0, 0.0, 0.0, 0.0, 0.0, 0.0, 0.0, 0.0, 0.0, 0.0, 0.0, 0.0, 0.0, 0.0, 0.0, 0.0, 0.0, 0.0, 0.0, 0.0], "FOD s proportion": [0.0, 0.0, 0.0, 0.0, 0.0, 0.0, 0.0, 0.0, 0.0, 0.0, 0.0, 0.0, 0.0, 0.0, 0.0, 0.0, 0.0, 0.0, 0.0, 0.0, 0.0, 0.0, 0.0, 0.0, 0.0, 0.0, 0.0, 0.0, 0.0, 0.0, 0.0, 0.0, 0.0, 0.0, 0.0, 0.0, 0.0, 0.0, 0.0, 0.0, 0.0, 0.0, 0.0, 0.0], "FOD p proportion": [0.0, 0.0, 0.0, 0.0, 0.0, 0.0, 0.0, 0.0, 0.0, 0.0, 0.0, 0.0, 0.0, 0.0, 0.0, 0.0, 0.0, 0.0, 0.0, 0.0, 0.0, 0.0, 0.0, 0.0, 0.0, 0.0, 0.0, 0.0, 0.0, 0.0, 0.0, 0.0, 0.0, 0.0, 0.0, 0.0, 0.0, 0.0, 0.0, 0.0, 0.0, 0.0, 0.0, 0.0], "FOD d proportion": [0.0, 0.0, 0.0, 0.0, 0.0, 0.0, 0.0, 0.0, 0.0, 0.0, 0.0, 0.0, 0.0, 0.0, 0.0, 0.0, 0.0, 0.0, 0.0, 0.0, 0.0, 0.0, 0.0, 0.0, 0.0, 0.0, 0.0, 0.0, 0.0, 0.0, 0.0, 0.0, 0.0, 0.0, 0.0, 0.0, 0.0, 0.0, 0.0, 0.0, 0.0, 0.0, 0.0, 0.0], "coordinates": [["5.24520", "-1.40250", "-0.29140"], ["4.03240", "-2.31810", "-0.23830"], ["2.88530", "-1.68260", "0.55000"], ["1.67130", "-2.60630", "0.58630"], ["0.33330", "-1.92600", "1.60280"], ["-0.37560", "-0.26910", "0.54140"], ["-0.16230", "-0.49020", "-0.93270"], ["-2.42300", "-0.02930", "0.90110"], ["-3.17220", "-1.42530", "0.02050"], ["-4.68810", "-1.41150", "0.19580"], ["-5.33400", "-2.58520", "-0.54300"], ["-6.84540", "-2.58470", "-0.37710"], ["0.64430", "1.45550", "1.14020"], ["0.19240", "2.67520", "-0.12370"], ["0.85790", "4.03210", "0.10540"], ["2.37360", "4.01690", "-0.11340"], ["2.96770", "5.40970", "0.03260"], ["5.61830", "-1.18690", "0.71490"], ["6.05260", "-1.87550", "-0.85910"], ["4.99890", "-0.45310", "-0.77760"], ["4.32020", "-3.26960", "0.22390"], ["3.70390", "-2.53930", "-1.26050"], ["2.62180", "-0.72870", "0.08010"], ["3.22640", "-1.46490", "1.56980"], ["1.29310", "-2.79180", "-0.42400"], ["1.95080", "-3.57460", "1.01460"], ["-2.90990", "-1.35310", "-1.03980"], ["-2.75130", "-2.35650", "0.41200"], ["-5.10390", "-0.47160", "-0.18900"], ["-4.94510", "-1.47170", "1.26100"], ["-4.93110", "-3.53140", "-0.16320"], ["-5.08950", "-2.53330", "-1.61040"], ["-7.12430", "-2.66820", "0.67810"], ["-7.28360", "-1.66470", "-0.77690"], ["-7.28570", "-3.43140", "-0.91290"], ["-0.89490", "2.79860", "-0.10060"], ["0.46100", "2.28330", "-1.10990"], ["0.62640", "4.40340", "1.11170"], ["0.41190", "4.74740", "-0.59750"], ["2.60020", "3.63410", "-1.11530"], ["2.86140", "3.35150", "0.60680"], ["2.53620", "6.09960", "-0.69970"], ["4.05000", "5.37850", "-0.12750"], ["2.78360", "5.81130", "1.03420"]], "bond_dist": [[0.0, 1.5205350407011338, 2.5210192343574054, 3.8719830758927647, 5.290444924578649, 5.7940956188174875, 5.521287280154874, 7.8809279739127165, 8.423207477558654, 9.945244779793004, 10.648077502065806, 12.14856163049766, 5.60231410847339, 6.49511727530766, 6.995765053945137, 6.13576946437853, 7.1901356795265, 1.0946810768438449, 1.094489401501906, 1.094721192815778, 2.1464439196028393, 2.1464097325534097, 2.7339067741969547, 2.746545583091604, 4.191280432039831, 4.156528090846975, 8.189517624988664, 8.083866637321524, 10.391387365506109, 10.308101109806792, 10.39739064092525, 10.479718208520685, 12.471826529823126, 12.540944483171913, 12.709293932787924, 7.442208936868139, 6.094557697651241, 7.550528316614672, 7.827883245807898, 5.748232403965588, 5.3934943849048365, 7.986669787840236, 6.887476116111039, 7.736640120879348], [1.5205350407011338, 0.0, 1.5300704395549898, 2.517502256205543, 4.150509900000239, 4.923088165978749, 4.6280576768229675, 6.943272064380022, 7.26431899354647, 8.778239380422479, 9.375160449826977, 10.881951747733492, 5.255429651322525, 6.300141113498967, 7.107785870438135, 6.549766595078025, 7.805502273396633, 2.168705256598969, 2.1592812322622543, 2.1686843338761865, 1.09627091998283, 1.096236530133894, 2.1488050819001705, 2.1556465039518886, 2.7861515877640253, 2.7352530449667722, 7.054725830250244, 6.814906480649606, 9.321157140076547, 9.14110494962179, 9.045555215131904, 9.227027097608417, 11.199746151587545, 11.34763753034084, 11.39271300700584, 7.104777650989509, 5.889606649004668, 7.655187669156126, 7.947221850433017, 6.18457845612779, 5.850623827422166, 8.56207788390178, 7.697417616317827, 8.322613895285544], [2.5210192343574054, 1.5300704395549898, 0.0, 1.5258883904139253, 2.7713418049746226, 3.5540856798901177, 3.592782043208299, 5.570881527191186, 6.086039746008893, 7.586523605051263, 8.340637160912829, 9.816303851756015, 3.901036868577379, 5.166817486615915, 6.079951974316902, 5.760749664757183, 7.111625117369447, 2.782480817543941, 3.4719681032521024, 2.782354573019046, 2.1642200026799494, 2.163781666434948, 1.0955197259748453, 1.0971483673596747, 2.1711981669115326, 2.160742328460291, 6.018336757776187, 5.6784192140066585, 8.114182561416769, 7.865441117318214, 8.063673148137887, 8.305928827650764, 10.058822452454361, 10.255121219663861, 10.423416851013874, 5.898673227090987, 4.935672326036242, 6.515944451881094, 6.984222491444555, 5.578692050113538, 5.034477158553806, 7.889629759374009, 7.188509271747516, 7.510215026215961], [3.8719830758927647, 2.517502256205543, 1.5258883904139253, 0.0, 1.8128222030855647, 3.1071400773058175, 3.185487273558003, 4.8480223318380045, 5.017407985205111, 6.482438248838164, 7.095772811329292, 8.571043402643578, 4.226080151866502, 5.5304147638310095, 6.705314230518954, 6.696983173041425, 8.139010544900405, 4.196432213202066, 4.671085472350082, 4.191588626046215, 2.7546273541079924, 2.7471115739991343, 2.1645023562010737, 2.1652718582201174, 1.0946011054260816, 1.095064395366775, 5.020169806889006, 4.433076955118194, 7.145723841571265, 6.746798219155513, 6.708893054744575, 7.109095338367604, 8.796296846400764, 9.106874261238046, 9.119004312423588, 6.0224710925001546, 5.315083131052608, 7.106599416035775, 7.554096536979125, 6.534591795208022, 6.075536116261676, 8.84276782574325, 8.362102317599325, 8.502576989360344], [5.290444924578649, 4.150509900000239, 2.7713418049746226, 1.8128222030855647, 0.0, 2.0915130360578678, 2.9556558070925645, 3.4186318125823374, 3.878518277641605, 5.240116144705192, 6.095678105838595, 7.475802524812972, 3.4271361236460973, 4.916471956596518, 6.165741442032742, 6.513541812255449, 7.95098018422886, 5.409792992342682, 6.226868743598181, 5.440915541524238, 4.427414344738924, 4.464926442843152, 2.9982286153660795, 2.929800303774986, 2.403901811638737, 2.3833101875332976, 4.2225460814537, 3.3343803097427265, 5.906688618845589, 5.308928544442843, 5.780136029541173, 6.332474032319438, 7.551273315805752, 7.984260478591615, 8.163586016573845, 5.170289349736628, 5.009316826674072, 6.355186164071042, 7.027216063990064, 6.591025354980817, 5.935933950104229, 8.635075565390263, 8.376366588802092, 8.135913429972076], [5.7940956188174875, 4.923088165978749, 3.5540856798901177, 3.1071400773058175, 2.0915130360578678, 0.0, 1.5057731934126068, 2.0925426853471834, 3.0706850717714445, 4.474614326397305, 5.579065614419675, 6.932817439540724, 2.091172544291838, 3.071462925057048, 4.495769087709021, 5.133873749908542, 6.609485741720001, 6.06624235420907, 6.772272620767714, 5.537044992593072, 5.581607666255306, 5.0042953450011325, 3.067317494163263, 3.932168383983575, 3.1749916755796384, 4.069691075499467, 3.1777233878989533, 3.165111942728093, 4.788664876560063, 4.779581694039762, 5.647268605263964, 5.654882676943881, 7.163750371837366, 7.1698032225438375, 7.737222485491806, 3.1768883801606878, 3.1530044417983305, 4.812639851474448, 5.204087019833546, 5.180251998696589, 4.857076334586477, 7.1119088956482, 7.206160442982101, 6.869837016989559], [5.521287280154874, 4.6280576768229675, 3.592782043208299, 3.185487273558003, 2.9556558070925645, 1.5057731934126068, 0.0, 2.947204733302388, 3.292795204685527, 4.754489623503242, 5.5935115964839115, 7.025627887954214, 2.955210053447978, 3.2863429903161356, 4.7507533023721615, 5.2360282380827545, 6.748149679727028, 6.051058833790991, 6.367845401703782, 5.163663221008899, 5.399592037367268, 4.387911358493924, 2.972180832318249, 4.3238679477985915, 2.770257643252699, 4.215529890772927, 2.8819043322081317, 3.4632664898907217, 4.997283883270992, 5.3526477354669995, 5.708106615157078, 5.37687964715596, 7.47046214366956, 7.2191853820219904, 7.706742310470748, 3.4706337476028786, 2.848193283469365, 5.361803801893538, 5.2796324152349845, 4.967353369753353, 5.125571268648989, 7.124721418413494, 7.2686627394590255, 7.228825953777003], [7.8809279739127165, 6.943272064380022, 5.570881527191186, 4.8480223318380045, 3.4186318125823374, 2.0925426853471834, 2.947204733302388, 0.0, 1.8126149618713843, 2.745651642142535, 4.134243657550918, 5.265119766918887, 3.4161570719157512, 3.899340001846466, 5.281326846541501, 6.3567535936199375, 7.706922845078962, 8.126328438476998, 8.851132912797096, 7.621170496715055, 7.511916544397974, 6.965021045912209, 5.158799123827173, 5.867182237667413, 4.81629478645151, 5.6313551459662, 2.3992938252744285, 2.4005956635801873, 2.927656419390773, 2.927632862911605, 4.437116688796904, 4.437101587748471, 5.39590065698026, 5.395891911445225, 6.205701547770405, 3.366825048914779, 4.208288934947315, 5.384424018407169, 5.753201096780818, 6.535970223310384, 6.28023124494632, 8.044851800375193, 8.497178814171207, 7.8255356065894945], [8.423207477558654, 7.26431899354647, 6.086039746008893, 5.017407985205111, 3.878518277641605, 3.0706850717714445, 3.292795204685527, 1.8126149618713843, 0.0, 1.5260646578700394, 2.5171967543281153, 3.872298072204669, 4.91104968209445, 5.306168773229891, 6.784698134773572, 7.771188306173, 9.187804058642087, 8.82110628946279, 9.277570330641531, 8.267346107427702, 7.718735117232616, 7.082563674969679, 5.836029448177931, 6.58361455509054, 4.690821526129512, 5.643833298388605, 1.094646162008528, 1.0943319880182611, 2.1644627116215243, 2.164293792441313, 2.7501149266894283, 2.7501887389777453, 4.194798276437139, 4.194850304838064, 4.670819523381309, 4.800217881513297, 5.313347378065921, 7.042288199867995, 7.164490358706612, 7.759392486528826, 7.717894459630813, 9.47252018261244, 9.92339514883893, 9.426957138440804], [9.945244779793004, 8.778239380422479, 7.586523605051263, 6.482438248838164, 5.240116144705192, 4.474614326397305, 4.754489623503242, 2.745651642142535, 1.5260646578700394, 0.0, 1.5298967089316844, 2.5216177228120835, 6.127484811894682, 6.373576499109428, 7.7716838021113555, 8.912392388691153, 10.255080561360794, 10.32190829885637, 10.802349119520255, 9.782842486721332, 9.197977718498779, 8.591763877691239, 7.3426317039601, 8.033059056797729, 6.169613729399922, 7.03025093862232, 2.1661286111401608, 2.165862802672413, 1.0974391509327521, 1.0974170036954958, 2.1637712471516024, 2.1637734724318998, 2.7833394726479193, 2.7833209983758604, 3.472281304848442, 5.674606700908884, 6.470674643342841, 7.930690075270879, 8.035631530875468, 8.960824708697297, 8.935884972961547, 10.459878295181067, 11.070818149531677, 10.425835951615582], [10.648077502065806, 9.375160449826977, 8.340637160912829, 7.095772811329292, 6.095678105838595, 5.579065614419675, 5.5935115964839115, 4.134243657550918, 2.5171967543281153, 1.5298967089316844, 0.0, 1.5204778919800184, 7.4094864612873135, 7.641251050057183, 9.085631924087615, 10.157725056822516, 11.539842471195175, 11.112624828995171, 11.413073769147381, 10.553184826392457, 9.708764937416086, 9.066451867737456, 8.19326549673572, 8.888163144879824, 6.6313874091324205, 7.514874660298733, 2.7642614673724335, 2.76309029530343, 2.1553577359686718, 2.155351818149417, 1.0962987229765435, 1.0962739712316443, 2.168674318564224, 2.168633122499055, 2.159169595006377, 6.991897382685189, 7.589841425220951, 9.33300220775716, 9.315866026301581, 10.097462523822507, 10.184843056719135, 11.721363144702922, 12.314731582133652, 11.784914163879174], [12.14856163049766, 10.881951747733492, 9.816303851756015, 8.571043402643578, 7.475802524812972, 6.932817439540724, 7.025627887954214, 5.265119766918887, 3.872298072204669, 2.5216177228120835, 1.5204778919800184, 0.0, 8.644132195888723, 8.789845755757037, 10.166399528840088, 11.341984890220935, 12.663933711923795, 12.589286180320153, 12.926472552092468, 12.041244175748618, 11.20271897219599, 10.586320758885023, 9.658242266582466, 10.319182471979065, 8.141269696429422, 8.960461223620133, 4.1766218526459875, 4.175692620392454, 2.7447031661001158, 2.7446822584772903, 2.1462848343125382, 2.146358697888123, 1.0946252783487143, 1.0946503003242636, 1.0944617946735282, 8.028998778801752, 8.810102201450333, 10.338174998035194, 10.318753309387718, 11.333038958725941, 11.420529580102667, 12.788102119157479, 13.49757739596258, 12.853101753662422], [5.60231410847339, 5.255429651322525, 3.901036868577379, 4.226080151866502, 3.4271361236460973, 2.091172544291838, 2.955210053447978, 3.4161570719157512, 4.91104968209445, 6.127484811894682, 7.4094864612873135, 8.644132195888723, 0.0, 1.8136496105918585, 2.7848345660020812, 3.3350804203197257, 4.718120702144022, 5.648347886771847, 6.659014219837648, 5.126719414986547, 6.056270841863002, 5.575207591650736, 3.131301310956836, 3.9218022298428052, 4.572441401483457, 5.198521291675163, 5.027223050551865, 5.156715873499334, 6.206632765840106, 6.3106643738991535, 7.592964396729383, 7.50684942169483, 8.80735965315372, 8.73284139670474, 9.538443857359544, 2.39011273583486, 2.4045377393586485, 2.9480921067700723, 3.7296402856039617, 3.695825079735241, 2.9656135908105092, 5.341552436324107, 5.347502667601018, 4.853950363363845], [6.49511727530766, 6.300141113498967, 5.166817486615915, 5.5304147638310095, 4.916471956596518, 3.071462925057048, 3.2863429903161356, 3.899340001846466, 5.306168773229891, 6.373576499109428, 7.641251050057183, 8.789845755757037, 1.8136496105918585, 0.0, 1.5285792979103177, 2.560839397541361, 3.8992576254974485, 6.71263414614561, 7.455979324676269, 5.772026364284903, 7.245702563588986, 6.388580181855746, 4.186890732990293, 5.404953862892818, 5.584783754094691, 6.591486743520008, 5.166304810016536, 5.8540882355837445, 6.160958368630647, 6.745967680770491, 8.04821073655505, 7.565528187112913, 9.095543177292932, 8.669024065602772, 9.686866356567537, 1.0945238508136768, 1.0946789529355172, 2.168235319332291, 2.136979066345761, 2.7749343433674247, 2.848608948241229, 4.1894736900952125, 4.710511977481853, 4.229677654384552], [6.995765053945137, 7.107785870438135, 6.079951974316902, 6.705314230518954, 6.165741442032742, 4.495769087709021, 4.7507533023721615, 5.281326846541501, 6.784698134773572, 7.7716838021113555, 9.085631924087615, 10.166399528840088, 2.7848345660020812, 1.5285792979103177, 0.0, 1.5314865229573522, 2.5207811567051985, 7.09019459606011, 7.925585536728501, 6.168029591368706, 8.081855382893213, 7.290315272332192, 5.0771251648940074, 6.162083138841929, 6.858226783214448, 7.738408101153621, 6.671445039869548, 7.344013763603661, 7.47750254363046, 8.080967442082661, 9.528441593985871, 9.023303915972242, 10.43731393702422, 9.975770936624398, 11.093195576568549, 2.153199036317823, 2.1662837164138957, 1.0973129134390063, 1.0975602489157488, 2.1642832023559206, 2.174541462009865, 2.7819836717709183, 3.472252551298652, 2.78146410546676], [6.13576946437853, 6.549766595078025, 5.760749664757183, 6.696983173041425, 6.513541812255449, 5.133873749908542, 5.2360282380827545, 6.3567535936199375, 7.771188306173, 8.912392388691153, 10.157725056822516, 11.341984890220935, 3.3350804203197257, 2.560839397541361, 1.5314865229573522, 0.0, 1.5212372102995642, 6.188189833869028, 6.986521827776679, 5.226304787323449, 7.549576484810257, 6.787436551452985, 4.75602405902241, 5.797461627298623, 6.900894746335434, 7.68648268650883, 7.590157390331243, 8.195173746175245, 8.721545382556926, 9.250787804830463, 10.50418749927856, 10.042110866247196, 11.641612374151615, 11.224184720949669, 12.223683963110302, 3.488195949197809, 2.767023666324522, 2.1686309275669755, 2.148546008350764, 1.0962148557650546, 1.0951684984512653, 2.169752460535533, 2.159738486483954, 2.169091312047513], [7.1901356795265, 7.805502273396633, 7.111625117369447, 8.139010544900405, 7.95098018422886, 6.609485741720001, 6.748149679727028, 7.706922845078962, 9.187804058642087, 10.255080561360794, 11.539842471195175, 12.663933711923795, 4.718120702144022, 3.8992576254974485, 2.5207811567051985, 1.5212372102995642, 0.0, 7.141872668285259, 7.961524724573805, 6.2