{"total energy": -23.93847061, "HOMO-LUMO gap/eV": 4.77609926, "electronic energy": -24.18991335, "dipole": [-1.01663725, 0.04250952, 0.24074058], "partial charges": [-0.10766722, -0.01194925, -0.10765821, 0.0739773, -0.24065515, 0.32455073, -0.37305709, 0.04162087, 0.03648385, 0.0487373, 0.04059425, 0.03649312, 0.04158848, 0.04873914, 0.05371279, 0.05371989, 0.04076922], "atomic dipole moments": [[0.03382837, -0.09542888, -0.06405751], [0.07868985, -0.00910084, 0.07059308], [0.04499057, 0.09844715, -0.05140082], [0.04834386, -0.01929207, 0.25292922], [0.11074116, 0.00663906, -0.19886985], [-0.16509996, 0.01531057, -0.0895967], [-0.10271375, -0.00341609, 0.14244176], [-0.12544975, 0.01190147, 0.00086435], [0.04496425, 0.10649751, -0.05082874], [0.03698495, -0.00121033, 0.12471752], [-0.04919372, 0.01017704, -0.11276023], [0.03293294, -0.10342484, -0.06454249], [-0.12601997, 0.00242411, 0.00025663], [0.03592224, -0.01917556, 0.12356217], [0.04463202, 0.10625823, -0.05522079], [0.03267785, -0.10258331, -0.06885273], [0.04410779, -0.01130434, 0.13441719]], "atomic quadrupole moments": [[-0.08614064, -0.07114452, 0.127319, -0.06249241, 0.14841452, -0.04117837], [0.10569726, 0.00553341, 0.07435554, -0.11035871, 0.02305793, -0.1800528], [-0.06610917, 0.10390161, 0.14184839, -0.06620442, -0.11557318, -0.07573922], [0.08372445, -0.04302115, -0.37044335, 0.25552687, -0.05792891, 0.28671891], [-0.00515346, -0.0050891, -0.05230187, 0.03580138, -0.00927385, 0.05745533], [-0.06808055, 0.035834, 0.57928637, 0.02476463, 0.07019105, -0.51120582], [-0.11475965, 0.02046141, 0.23237013, -0.00656141, 0.02339063, -0.11761048], [0.0826263, 0.00049611, -0.03850663, 0.00574484, 0.01223649, -0.04411968], [-0.02612737, 0.03944833, 0.03813736, -0.03290696, -0.03871602, -0.01200999], [-0.02793372, -0.01444725, -0.03054845, 0.04175893, -0.01425881, 0.05848217], [-0.0138955, -0.00132467, -0.01592553, 0.01818867, -0.00404509, 0.02982104], [-0.03378469, -0.02753383, 0.03445481, -0.03229667, 0.04809073, -0.00067012], [0.08083065, -0.01462709, -0.03361205, 0.00339007, -0.01155657, -0.0472186], [-0.02531941, 0.00808402, -0.03466684, 0.04392118, -0.00272423, 0.05998625], [-0.00813742, 0.02430423, 0.01886424, 0.01310261, -0.02606147, -0.01072683], [-0.01352243, -0.02269364, 0.01720578, 0.0131324, 0.02787017, -0.00368335], [0.06443938, -0.00619226, -0.06885741, -0.02255359, -0.00352444, 0.00441804]], "number of molecular orbitals": 38, "number of electrons": 42, "number of unpaired electrons": 0, "orbital energies/eV": [-20.32066572, -19.6343659, -18.45241935, -17.2538338, -16.78725646, -16.36072737, -16.18320203, -15.92369411, -15.72509075, -14.99891414, -14.24329695, -14.13764748, -13.97352833, -13.46984084, -13.25283388, -12.71659556, -12.34044565, -12.24098306, -12.0788329, -12.07874595, -11.72784536, -6.9517461, -0.01129965, 1.64119589, 2.35188214, 2.53264494, 3.13812449, 3.78017127, 4.25081469, 4.6810792, 4.96531707, 5.48798635, 5.7908594, 6.00704405, 6.51289287, 6.72237053, 7.38777334, 15.23511407], "fractional occupation": [2.0, 2.0, 2.0, 2.0, 2.0, 2.0, 2.0, 2.0, 2.0, 2.0, 2.0, 2.0, 2.0, 2.0, 2.0, 2.0, 2.0, 2.0, 2.0, 2.0, 2.0, 0.0, 0.0, 0.0, 0.0, 0.0, 0.0, 0.0, 0.0, 0.0, 0.0, 0.0, 0.0, 0.0, 0.0, 0.0, 0.0, 0.0], "program call": "xtb /home/svss/Project-DBcg-Debug/aqme2_20220329/End-to-End-workflows-final/example-3/QDESCP/mol_857_rdkit_conf_2/mol_857_rdkit_conf_2.xyz --pop --wbo --acc 0.2 --gfn 2 --chrg 0 --uhf 0 --etemp 300 --input /home/svss/Project-DBcg-Debug/aqme2_20220329/End-to-End-workflows-final/example-3/QDESCP/mol_857_rdkit_conf_2/mol_857_rdkit_conf_2_xtb.inp", "method": "GFN2-xTB", "xtb version": "6.3.3 (7355c4f)", "Dipole module/D": 2.658, "Total charge": 0, "Transition dipole module/D": NaN, "HOMO": -11.7278, "LUMO": -6.9517, "HOMO occupancy": 2.0, "LUMO occupancy": 0, "mulliken charges": [-0.08816, -0.00896, -0.08815, 0.19015, -0.40954, 0.56761, -0.51182, 0.03131, 0.03009, 0.0391, 0.0253, 0.03009, 0.03129, 0.0391, 0.04151, 0.04151, 0.03958], "cm5 charges": [-0.23529, -0.08025, -0.23527, 0.11135, -0.49903, 0.57987, -0.5647, 0.08276, 0.08199, 0.09326, 0.08332, 0.082, 0.08272, 0.09326, 0.10696, 0.10697, 0.11007], "FUKUI+": [0.017, 0.001, 0.017, 0.034, -0.152, -0.164, -0.322, -0.036, -0.013, -0.003, -0.039, -0.013, -0.036, -0.003, -0.045, -0.044, -0.2], "FUKUI-": [0.022, -0.011, 0.022, 0.015, -0.056, -0.001, -0.167, -0.077, -0.064, -0.093, -0.132, -0.064, -0.078, -0.093, -0.047, -0.047, -0.128], "FUKUIrad": [0.019, -0.005, 0.019, 0.024, -0.104, -0.083, -0.245, -0.057, -0.038, -0.048, -0.086, -0.038, -0.057, -0.048, -0.046, -0.046, -0.164], "s proportion": [1.011, 1.054, 1.011, 1.001, 1.698, 0.974, 1.729, 0.969, 0.97, 0.961, 0.975, 0.97, 0.969, 0.961, 0.958, 0.958, 0.96], "p proportion": [3.077, 2.955, 3.077, 2.808, 4.712, 2.458, 4.783, 0.0, 0.0, 0.0, 0.0, 0.0, 0.0, 0.0, 0.0, 0.0, 0.0], "d proportion": [0.0, 0.0, 0.0, 0.0, 0.0, 0.0, 0.0, 0.0, 0.0, 0.0, 0.0, 0.0, 0.0, 0.0, 0.0, 0.0, 0.0], "Fermi-level/eV": -9.3398, "Coordination numbers": [3.752, 3.847, 3.752, 3.708, 1.701, 2.666, 0.856, 0.924, 0.924, 0.924, 0.924, 0.924, 0.924, 0.924, 0.924, 0.924, 0.923], "Dispersion coefficient C6": [22.618, 20.756, 22.618, 19.479, 17.989, 21.485, 21.151, 2.427, 2.496, 2.336, 2.441, 2.496, 2.428, 2.336, 2.274, 2.274, 2.439], "Total dispersion C6": 2237.58514, "Total dispersion C8": 47218.478016, "Polarizability alpha": [6.782, 6.48, 6.782, 6.308, 5.726, 7.584, 6.166, 2.437, 2.471, 2.39, 2.443, 2.471, 2.437, 2.39, 2.358, 2.358, 2.442], "Total polarizability alpha": 70.026833, "Wiberg matrix": [[0.0, 1.0092126415653702, 0.0, 0.0, 0.0, 0.0, 0.0, 0.9862045855808207, 0.986340064351835, 0.9857703963733273, 0.0, 0.0, 0.0, 0.0, 0.0, 0.0, 0.0], [1.0092126415653702, 0.0, 1.009208972640174, 0.9921151062155429, 0.0, 0.0, 0.0, 0.0, 0.0, 0.0, 0.9662406934090968, 0.0, 0.0, 0.0, 0.0, 0.0, 0.0], [0.0, 1.009208972640174, 0.0, 0.0, 0.0, 0.0, 0.0, 0.0, 0.0, 0.0, 0.0, 0.9863419311258182, 0.9862043633632773, 0.9857704816997511, 0.0, 0.0, 0.0], [0.0, 0.9921151062155429, 0.0, 0.0, 0.9375577588687964, 0.0, 0.0, 0.0, 0.0, 0.0, 0.0, 0.0, 0.0, 0.0, 0.967300298196437, 0.9673020248819493, 0.0], [0.0, 0.0, 0.0, 0.9375577588687964, 0.0, 1.168330581951527, 0.1962650867065768, 0.0, 0.0, 0.0, 0.0, 0.0, 0.0, 0.0, 0.0, 0.0, 0.0], [0.0, 0.0, 0.0, 0.0, 1.168330581951527, 0.0, 1.801041242743991, 0.0, 0.0, 0.0, 0.0, 0.0, 0.0, 0.0, 0.0, 0.0, 0.9237176340765484], [0.0, 0.0, 0.0, 0.0, 0.1962650867065768, 1.801041242743991, 0.0, 0.0, 0.0, 0.0, 0.0, 0.0, 0.0, 0.0, 0.0, 0.0, 0.0], [0.9862045855808207, 0.0, 0.0, 0.0, 0.0, 0.0, 0.0, 0.0, 0.0, 0.0, 0.0, 0.0, 0.0, 0.0, 0.0, 0.0, 0.0], [0.986340064351835, 0.0, 0.0, 0.0, 0.0, 0.0, 0.0, 0.0, 0.0, 0.0, 0.0, 0.0, 0.0, 0.0, 0.0, 0.0, 0.0], [0.9857703963733273, 0.0, 0.0, 0.0, 0.0, 0.0, 0.0, 0.0, 0.0, 0.0, 0.0, 0.0, 0.0, 0.0, 0.0, 0.0, 0.0], [0.0, 0.9662406934090968, 0.0, 0.0, 0.0, 0.0, 0.0, 0.0, 0.0, 0.0, 0.0, 0.0, 0.0, 0.0, 0.0, 0.0, 0.0], [0.0, 0.0, 0.9863419311258182, 0.0, 0.0, 0.0, 0.0, 0.0, 0.0, 0.0, 0.0, 0.0, 0.0, 0.0, 0.0, 0.0, 0.0], [0.0, 0.0, 0.9862043633632773, 0.0, 0.0, 0.0, 0.0, 0.0, 0.0, 0.0, 0.0, 0.0, 0.0, 0.0, 0.0, 0.0, 0.0], [0.0, 0.0, 0.9857704816997511, 0.0, 0.0, 0.0, 0.0, 0.0, 0.0, 0.0, 0.0, 0.0, 0.0, 0.0, 0.0, 0.0, 0.0], [0.0, 0.0, 0.0, 0.967300298196437, 0.0, 0.0, 0.0, 0.0, 0.0, 0.0, 0.0, 0.0, 0.0, 0.0, 0.0, 0.0, 0.0], [0.0, 0.0, 0.0, 0.9673020248819493, 0.0, 0.0, 0.0, 0.0, 0.0, 0.0, 0.0, 0.0, 0.0, 0.0, 0.0, 0.0, 0.0], [0.0, 0.0, 0.0, 0.0, 0.0, 0.9237176340765484, 0.0, 0.0, 0.0, 0.0, 0.0, 0.0, 0.0, 0.0, 0.0, 0.0, 0.0]], "Born radii": [], "Atomic SASAs": [], "Solvent H bonds": [], "Total SASA": NaN, "Total FOD": 0.0, "FOD": [0.0, 0.0, 0.0, 0.0, 0.0, 0.0, 0.0, 0.0, 0.0, 0.0, 0.0, 0.0, 0.0, 0.0, 0.0, 0.0, 0.0], "FOD s proportion": [0.0, 0.0, 0.0, 0.0, 0.0, 0.0, 0.0, 0.0, 0.0, 0.0, 0.0, 0.0, 0.0, 0.0, 0.0, 0.0, 0.0], "FOD p proportion": [0.0, 0.0, 0.0, 0.0, 0.0, 0.0, 0.0, 0.0, 0.0, 0.0, 0.0, 0.0, 0.0, 0.0, 0.0, 0.0, 0.0], "FOD d proportion": [0.0, 0.0, 0.0, 0.0, 0.0, 0.0, 0.0, 0.0, 0.0, 0.0, 0.0, 0.0, 0.0, 0.0, 0.0, 0.0, 0.0], "coordinates": [["-1.23640", "1.31250", "0.24400"], ["-0.79320", "0.08120", "-0.54780"], ["-1.37930", "-1.18390", "0.08110"], ["0.73690", "-0.00020", "-0.64390"], ["1.30840", "-0.11840", "0.66590"], ["2.66180", "-0.19650", "0.67540"], ["3.40010", "-0.17540", "-0.29580"], ["-2.32830", "1.39740", "0.24620"], ["-0.83180", "2.22680", "-0.20270"], ["-0.90170", "1.26650", "1.28570"], ["-1.18950", "0.17040", "-1.56700"], ["-1.07800", "-2.07260", "-0.48330"], ["-2.47390", "-1.14370", "0.08040"], ["-1.04940", "-1.31160", "1.11750"], ["1.12420", "0.90470", "-1.12830"], ["1.02240", "-0.87280", "-1.24430"], ["3.00760", "-0.28430", "1.71700"]], "bond_dist": [[0.0, 1.5295336446119778, 2.505787257530056, 2.530901141886028, 2.949827361050134, 4.202279167309093, 4.89922062169076, 1.0951979090557105, 1.0950737600728089, 1.0951159664619998, 2.1415678882538374, 3.465971416500719, 2.755193214640309, 2.7719798087287724, 2.7607862086731743, 3.477463216196542, 4.767707545561074], [1.5295336446119778, 0.0, 1.529544517168428, 1.5352743012243772, 2.4350832449836286, 3.6756442333283563, 4.2086948630187, 2.172406603285858, 2.1735186518638385, 2.1859621657293156, 1.0971686151180229, 2.173505401419559, 2.172502644417263, 2.1860362233961266, 2.165999829178202, 2.1660174537616266, 4.439480817618205], [2.505787257530056, 1.529544517168428, 0.0, 2.5308245948702175, 2.9497478841419653, 4.202218516450567, 4.899162195722856, 2.7551712650940594, 3.466002478360337, 2.7719348982254255, 2.1415849597902947, 1.095041889609708, 1.0953381623955225, 1.0951101588424792, 3.4774143512098177, 2.760730204130784, 4.767634694479014], [2.530901141886028, 1.5352743012243772, 2.5308245948702175, 0.0, 1.4339314941795513, 2.3418638282359634, 2.691561422297474, 3.4843959031659995, 2.7595300560059135, 2.8307057441563934, 2.1429500530810324, 2.759437647420213, 3.4844568271109346, 2.8307538942832884, 1.097036307512199, 1.097005546932193, 3.2879537876922784], [2.949827361050134, 2.4350832449836286, 2.9497478841419653, 1.4339314941795513, 0.0, 1.3556848527589294, 2.3028948695066394, 3.9622448965201533, 3.2916386557457975, 2.68079131228076, 3.362848830976498, 3.291574583690912, 3.9623028190687295, 2.6808374885471893, 2.073599983121142, 2.073590943267259, 2.0048976682115227], [4.202279167309093, 3.6756442333283563, 4.202218516450567, 2.3418638282359634, 1.3556848527589294, 0.0, 1.2201481631342974, 5.256027764386333, 4.341507049401163, 3.900175296060422, 4.471631140870186, 4.341479118917883, 5.256103816516565, 3.900244333371949, 2.6134630071994516, 2.6134770211348712, 1.1010072842629153], [4.89922062169076, 4.2086948630187, 4.899162195722856, 2.691561422297474, 2.3028948695066394, 1.2201481631342974, 0.0, 5.965067510095759, 4.867053529600841, 4.804758172894865, 4.774929867547794, 4.867022056658466, 5.965149397123262, 4.804832731739993, 2.6531854571439215, 2.653201142016941, 2.053601543630117], [1.0951979090557105, 2.172406603285858, 2.7551712650940594, 3.4843959031659995, 3.9622448965201533, 5.256027764386333, 5.965067510095759, 0.0, 1.7688775593579111, 1.7699950903886712, 2.467810503259924, 3.75982982859597, 2.5506623081074453, 3.119844531382934, 3.74856769846831, 4.313071849621798, 5.784738225710823], [1.0950737600728089, 2.1735186518638385, 3.466002478360337, 2.7595300560059135, 3.2916386557457975, 4.341507049401163, 4.867053529600841, 1.7688775593579111, 0.0, 1.7726806424170145, 2.493600757940212, 4.315575414704278, 3.759908013502458, 3.7829290715000194, 2.5358666703910124, 3.759056844475752, 4.9731140807345255], [1.0951159664619998, 2.1859621657293156, 2.7719348982254255, 2.8307057441563934, 2.68079131228076, 3.900175296060422, 4.804758172894865, 1.7699950903886712, 1.7726806424170145, 0.0, 3.0695539317627243, 3.7828602273940812, 3.1198757940020623, 2.5877994783213016, 3.1721547960337624, 3.8314051338901765, 4.227721232531776], [2.1415678882538374, 1.0971686151180229, 2.1415849597902947, 2.1429500530810324, 3.362848830976498, 4.471631140870186, 4.774929867547794, 2.467810503259924, 2.493600757940212, 3.0695539317627243, 0.0, 2.49356911674812, 2.467887544034371, 3.069607834887056, 2.4667512785037733, 2.4667596437431842, 5.348556487502025], [3.465971416500719, 2.173505401419559, 1.095041889609708, 2.759437647420213, 3.291574583690912, 4.341479118917883, 4.867022056658466, 3.75982982859597, 4.315575414704278, 3.7828602273940812, 2.49356911674812, 0.0, 1.7689402788110173, 1.7727096773019546, 3.7589925684949153, 2.535807800287711, 4.973073932689922], [2.755193214640309, 2.172502644417263, 1.0953381623955225, 3.4844568271109346, 3.9623028190687295, 5.256103816516565, 5.965149397123262, 2.5506623081074453, 3.759908013502458, 3.1198757940020623, 2.467887544034371, 1.7689402788110173, 0.0, 1.7700189462262825, 4.31314523984528, 3.748643833441635, 5.784796467465386], [2.7719798087287724, 2.1860362233961266, 1.0951101588424792, 2.8307538942832884, 2.6808374885471893, 3.900244333371949, 4.804832731739993, 3.119844531382934, 3.7829290715000194, 2.5877994783213016, 3.069607834887056, 1.7727096773019546, 1.7700189462262825, 0.0, 3.83146711978584, 3.1722231825645557, 4.2277647214574285], [2.7607862086731743, 2.165999829178202, 3.4774143512098177, 1.097036307512199, 2.073599983121142, 2.6134630071994516, 2.6531854571439215, 3.74856769846831, 2.5358666703910124, 3.1721547960337624, 2.4667512785037733, 3.7589925684949153, 4.31314523984528, 3.83146711978584, 0.0, 1.7841876274652282, 3.6133984903411913], [3.477463216196542, 2.1660174537616266, 2.760730204130784, 1.097005546932193, 2.073590943267259, 2.6134770211348712, 2.653201142016941, 4.313071849621798, 3.759056844475752, 3.8314051338901765, 2.4667596437431842, 2.535807800287711, 3.748643833441635, 3.1722231825645557, 1.7841876274652282, 0.0, 3.613398536004574], [4.767707545561074, 4.439480817618205, 4.767634694479014, 3.2879537876922784, 2.0048976682115227, 1.1010072842629153, 2.053601543630117, 5.784738225710823, 4.9731140807345255, 4.227721232531776, 5.348556487502025, 4.973073932689922, 5.784796467465386, 4.2277647214574285, 3.6133984903411913, 3.613398536004574, 0.0]]}