{"total energy": -50.3794066, "HOMO-LUMO gap/eV": 2.93545591, "electronic energy": -50.92029371, "dipole": [-0.78986109, 1.37458146, -0.83626744], "partial charges": [0.04062937, -0.26828444, 0.51462362, -0.39599795, -0.26478677, 0.03989801, -0.2598648, 0.14839359, -0.05630532, -0.03383739, 0.03701674, -0.1929457, -0.04417762, 0.02208977, -0.10554331, -0.06473813, 0.06434025, 0.0708445, 0.05460717, 0.05755923, 0.07097175, 0.06814519, 0.05334143, 0.05814825, 0.0460766, 0.04610564, 0.05834456, 0.06029103, 0.04829989, 0.06389663, 0.06285821], "atomic dipole moments": [[0.16348812, -0.08841766, 0.23080584], [-0.09299009, 0.17743779, -0.03014601], [-0.12105869, 0.19242486, -0.21519277], [-0.21905262, 0.17658758, -0.37791475], [0.11572161, 0.08454135, 0.12053568], [0.06157167, -0.19630813, -0.22017777], [0.07864626, -0.12780144, -0.01990036], [-0.29798384, -0.04599803, 0.14637971], [-0.02419382, -0.05694337, 0.00941651], [-0.01500006, -0.01436273, 0.00613526], [0.11538935, 0.01175492, -0.05950581], [-0.08084413, 0.00033566, 0.40630982], [-0.07430081, -0.01596204, -0.11004061], [0.02015119, -0.05384483, -0.01271145], [-0.04330781, 0.0795906, 0.02380322], [-0.0213706, 0.03320387, 0.01629165], [-0.11856434, -0.00680962, 0.0411414], [0.01548313, -0.06956588, -0.1032671], [0.0411971, 0.11533574, -0.01949472], [0.09202497, 0.08404063, -0.01485847], [-0.11226039, 0.05431596, -0.01100688], [0.00508555, -0.06563137, 0.10696646], [-0.07954023, 0.12660633, 0.0373698], [0.05013413, 0.14226796, -0.02473497], [-0.00566854, -0.10766215, 0.07097002], [-0.04348761, 0.10154509, 0.0666791], [0.12445608, 0.02196186, -0.03087661], [0.11239856, -0.00979502, 0.06982495], [-0.06191213, -0.11054478, 0.02529466], [0.02017719, -0.00402056, -0.13240768], [-0.04817181, -0.14818308, 0.01830965]], "atomic quadrupole moments": [[-0.0463771, -0.16022216, -0.18137006, 0.36626757, -0.20566725, 0.22774716], [-0.04171453, -0.04399603, -0.01473478, 0.09650621, 1.119e-05, 0.05644931], [0.17437474, 0.3434219, -0.01899843, -0.52015633, 0.5449032, -0.15537631], [-0.18133885, -0.21540189, -0.10092332, 0.34557252, -0.37936795, 0.28226217], [-0.0009008, -0.05111712, -0.01527658, -0.01944129, 0.11369681, 0.01617738], [-0.2450739, -0.11003804, 0.08543595, -0.10694005, 0.4282879, 0.15963795], [0.03563912, 0.04799076, 0.02098106, -0.05420122, -0.03410521, -0.05662018], [0.22927931, 0.09869581, -0.49603833, 0.02619075, -0.05476842, 0.26675902], [-0.10824449, 0.03629949, -0.22563157, 0.26720644, -0.01301156, 0.33387606], [-0.09007344, 0.00876915, -0.30196991, 0.29132498, -0.00520103, 0.39204335], [0.11846509, 0.05087889, -0.41693518, 0.09196976, -0.02803027, 0.29847009], [0.38742029, 0.19885083, -0.58011043, 0.07625585, 0.02912532, 0.19269015], [-0.0134958, 0.04179839, -0.2051142, 0.26425055, 0.05675436, 0.21861], [-0.11510237, -0.11383624, -0.21615374, 0.27203346, 0.04267938, 0.33125611], [0.0127112, -0.11311135, 0.09442595, -0.07052676, 0.05850389, -0.10713716], [-0.09924103, -0.02279428, -0.23250387, 0.26166354, -0.00511098, 0.3317449], [0.05431009, -0.00367102, -0.05669359, -0.01081794, -0.01569092, 0.00238349], [-0.03546761, -0.02862003, 0.00359044, -0.00592887, 0.05237515, 0.03187716], [-0.0282828, 0.02933277, 0.04344929, 0.0258687, -0.02428547, -0.01516649], [0.00874315, 0.04039849, 0.01680823, -0.02563331, 0.02444984, -0.02555138], [0.05485353, -0.04331976, -0.02879275, 0.02421627, 0.00818207, -0.02606078], [-0.05610588, -0.01560869, 0.00751491, -0.00226614, -0.02350351, 0.04859097], [0.02035598, -0.00173121, 0.02239954, -0.03811838, 0.00111573, -0.04275551], [0.02452437, -0.00515577, 0.02459373, -0.04367482, 0.00310133, -0.04911811], [-0.04842258, 0.01805, 0.03750896, 0.013424, -0.04290932, 0.01091362], [-0.02698814, -0.04226776, 0.01831593, -0.00080526, 0.04414088, 0.00867221], [0.07269145, 0.02301215, -0.05131976, -0.02533475, -0.00334461, -0.0213717], [0.04848027, 0.00777579, -0.0253595, 0.0540162, 0.00667815, -0.02312076], [0.00951167, 0.04847048, 0.03395756, -0.02909884, -0.01999333, -0.04346923], [-0.04660674, 0.0009443, -0.0222153, -0.0271649, -0.01446378, 0.06882205], [0.02690384, 0.00398181, 0.01185803, -0.03816114, -0.00186436, -0.03876188]], "number of molecular orbitals": 94, "number of electrons": 90, "number of unpaired electrons": 0, "orbital energies/eV": [-20.78329851, -20.33197349, -20.08805788, -19.35791195, -19.12018089, -18.59663451, -18.33592646, -17.982324, -17.93159046, -17.45551256, -17.19487226, -16.77111395, -16.5663022, -16.48964343, -16.37910934, -16.17430981, -15.87403716, -15.76492647, -15.64748513, -15.44450362, -15.23015755, -15.13852793, -14.97829863, -14.34417203, -14.10625574, -13.88047887, -13.82096605, -13.71171486, -13.59859261, -13.48344259, -13.37216787, -13.19359146, -13.12795876, -13.07195744, -12.81713097, -12.6733517, -12.5949493, -12.45933293, -12.07667346, -11.97109246, -11.40485725, -11.12394036, -10.05623021, -9.96075275, -9.83977463, -6.90431872, -6.75137345, -5.31280213, -4.83912965, -4.20605717, -3.83312286, -3.44516523, -3.17107851, -1.3600823, -0.0863156, 0.28106846, 0.31758338, 0.76395854, 0.8683419, 0.96130053, 1.34634923, 1.86866043, 2.17391337, 2.84021356, 3.15182063, 3.27162449, 3.35431182, 3.43464626, 3.56144243, 3.97123585, 4.30820273, 4.43242134, 4.61689676, 4.81807665, 4.98575594, 5.20778672, 5.32622035, 5.4928292, 5.60026465, 5.93292022, 6.34565281, 6.35616907, 8.39825904, 9.68660223, 10.12190901, 10.81096491, 11.41654929, 12.00909444, 12.89440328, 15.74733194, 16.59176799, 27.03609722, 29.09460968, 36.25347456], "fractional occupation": [2.0, 2.0, 2.0, 2.0, 2.0, 2.0, 2.0, 2.0, 2.0, 2.0, 2.0, 2.0, 2.0, 2.0, 2.0, 2.0, 2.0, 2.0, 2.0, 2.0, 2.0, 2.0, 2.0, 2.0, 2.0, 2.0, 2.0, 2.0, 2.0, 2.0, 2.0, 2.0, 2.0, 2.0, 2.0, 2.0, 2.0, 2.0, 2.0, 2.0, 2.0, 2.0, 2.0, 2.0, 2.0, 0.0, 0.0, 0.0, 0.0, 0.0, 0.0, 0.0, 0.0, 0.0, 0.0, 0.0, 0.0, 0.0, 0.0, 0.0, 0.0, 0.0, 0.0, 0.0, 0.0, 0.0, 0.0, 0.0, 0.0, 0.0, 0.0, 0.0, 0.0, 0.0, 0.0, 0.0, 0.0, 0.0, 0.0, 0.0, 0.0, 0.0, 0.0, 0.0, 0.0, 0.0, 0.0, 0.0, 0.0, 0.0, 0.0, 0.0, 0.0, 0.0], "program call": "xtb /home/svss/Project-DBcg-Debug/aqme2_20220329/End-to-End-workflows-final/example-3/QDESCP/mol_230_rdkit_conf_6/mol_230_rdkit_conf_6.xyz --pop --wbo --acc 0.2 --gfn 2 --chrg 0 --uhf 0 --etemp 300 --input /home/svss/Project-DBcg-Debug/aqme2_20220329/End-to-End-workflows-final/example-3/QDESCP/mol_230_rdkit_conf_6/mol_230_rdkit_conf_6_xtb.inp", "method": "GFN2-xTB", "xtb version": "6.3.3 (7355c4f)", "Dipole module/D": 4.556, "Total charge": 0, "Transition dipole module/D": NaN, "HOMO": -9.8398, "LUMO": -6.9043, "HOMO occupancy": 2.0, "LUMO occupancy": 0, "mulliken charges": [0.18109, -0.35782, 0.44422, -0.18273, -0.35904, 0.17796, -0.34521, 0.2594, -0.0726, -0.03475, 0.03348, -0.12716, -0.0168, 0.0119, -0.08255, -0.08727, 0.03975, 0.03041, 0.03598, 0.03706, 0.03403, 0.03269, 0.04565, 0.03568, 0.02708, 0.02682, 0.03684, 0.04023, 0.03651, 0.04093, 0.05825], "cm5 charges": [0.06628, -0.42351, 0.40477, -0.15148, -0.42543, 0.06291, -0.39342, 0.28134, -0.12198, -0.0855, 0.03934, -0.16983, -0.148, -0.00124, -0.22486, -0.13401, 0.10269, 0.09001, 0.10106, 0.10081, 0.09351, 0.09352, 0.10448, 0.09263, 0.07988, 0.07955, 0.08904, 0.09278, 0.08844, 0.09338, 0.12285], "FUKUI+": [0.012, 0.005, -0.063, -0.078, -0.013, 0.012, -0.018, -0.069, -0.025, -0.026, -0.037, -0.191, 0.022, -0.041, 0.026, -0.02, -0.02, -0.016, 0.003, -0.002, -0.022, -0.014, -0.064, -0.06, -0.038, -0.039, -0.054, -0.037, -0.039, -0.038, -0.058], "FUKUI-": [0.015, 0.006, -0.117, -0.279, -0.005, 0.018, -0.001, -0.004, -0.011, -0.006, 0.027, -0.339, 0.052, -0.011, 0.018, -0.001, -0.019, -0.024, -0.009, -0.009, -0.03, -0.01, -0.032, -0.021, -0.047, -0.049, -0.042, -0.012, -0.023, -0.017, -0.015], "FUKUIrad": [0.013, 0.005, -0.09, -0.179, -0.009, 0.015, -0.009, -0.036, -0.018, -0.016, -0.005, -0.265, 0.037, -0.026, 0.022, -0.01, -0.02, -0.02, -0.003, -0.005, -0.026, -0.012, -0.048, -0.041, -0.042, -0.044, -0.048, -0.025, -0.031, -0.027, -0.036], "s proportion": [0.972, 1.646, 1.431, 1.889, 1.648, 0.972, 1.638, 1.016, 1.059, 1.069, 1.09, 1.926, 1.012, 1.094, 1.007, 1.068, 0.96, 0.97, 0.964, 0.963, 0.966, 0.967, 0.954, 0.964, 0.973, 0.973, 0.963, 0.96, 0.963, 0.959, 0.942], "p proportion": [2.847, 4.711, 1.931, 4.307, 4.711, 2.85, 4.708, 2.725, 3.014, 2.966, 2.876, 4.197, 3.005, 2.895, 3.075, 3.019, 0.0, 0.0, 0.0, 0.0, 0.0, 0.0, 0.0, 0.0, 0.0, 0.0, 0.0, 0.0, 0.0, 0.0, 0.0], "d proportion": [0.0, 0.0, 1.193, -0.014, 0.0, 0.0, 0.0, 0.0, 0.0, 0.0, 0.0, 0.004, 0.0, 0.0, 0.0, 0.0, 0.0, 0.0, 0.0, 0.0, 0.0, 0.0, 0.0, 0.0, 0.0, 0.0, 0.0, 0.0, 0.0, 0.0, 0.0], "Fermi-level/eV": -8.372, "Coordination numbers": [3.862, 1.657, 4.025, 0.924, 1.657, 3.874, 1.663, 3.021, 2.913, 2.953, 2.956, 2.006, 3.742, 2.98, 3.754, 2.917, 0.924, 0.924, 0.924, 0.924, 0.924, 0.924, 0.925, 0.925, 0.924, 0.924, 0.924, 0.924, 0.924, 0.924, 0.925], "Dispersion coefficient C6": [19.853, 18.464, 139.354, 156.435, 18.405, 19.86, 18.32, 24.756, 29.399, 28.841, 27.17, 149.251, 21.44, 27.507, 22.575, 29.611, 2.149, 2.076, 2.263, 2.228, 2.075, 2.106, 2.279, 2.221, 2.37, 2.369, 2.219, 2.196, 2.341, 2.154, 2.166], "Total dispersion C6": 14695.999688, "Total dispersion C8": 438919.681618, "Polarizability alpha": [6.336, 5.801, 21.205, 21.155, 5.791, 6.336, 5.778, 8.162, 8.891, 8.808, 8.55, 20.562, 6.606, 8.603, 6.775, 8.923, 2.292, 2.253, 2.353, 2.334, 2.253, 2.269, 2.361, 2.33, 2.407, 2.407, 2.329, 2.317, 2.393, 2.295, 2.301], "Total polarizability alpha": 193.180128, "Wiberg matrix": [[0.0, 0.9375033313245904, 0.0, 0.0, 0.0, 0.0, 0.0, 0.0, 0.0, 0.0, 0.0, 0.0, 0.0, 0.0, 0.0, 0.0, 0.9803599377992481, 0.9769629906594284, 0.9773226969439485, 0.0, 0.0, 0.0, 0.0, 0.0, 0.0, 0.0, 0.0, 0.0, 0.0, 0.0, 0.0], [0.9375033313245904, 0.0, 1.2192877137252285, 0.0, 0.0, 0.0, 0.0, 0.0, 0.0, 0.0, 0.0, 0.0, 0.0, 0.0, 0.0, 0.0, 0.0, 0.0, 0.0, 0.0, 0.0, 0.0, 0.0, 0.0, 0.0, 0.0, 0.0, 0.0, 0.0, 0.0, 0.0], [0.0, 1.2192877137252285, 0.0, 1.5979165184535122, 1.2243372707992528, 0.0, 1.174159139191613, 0.0, 0.0, 0.0, 0.0, 0.0, 0.0, 0.0, 0.0, 0.0, 0.0, 0.0, 0.0, 0.0, 0.0, 0.0, 0.0, 0.0, 0.0, 0.0, 0.0, 0.0, 0.0, 0.0, 0.0], [0.0, 0.0, 1.5979165184535122, 0.0, 0.0, 0.0, 0.0, 0.0, 0.0, 0.0, 0.0, 0.0, 0.0, 0.0, 0.0, 0.0, 0.0, 0.0, 0.0, 0.0, 0.0, 0.0, 0.0, 0.0, 0.0, 0.0, 0.0, 0.0, 0.0, 0.0, 0.0], [0.0, 0.0, 1.2243372707992528, 0.0, 0.0, 0.9423668549787291, 0.0, 0.0, 0.0, 0.0, 0.0, 0.0, 0.0, 0.0, 0.0, 0.0, 0.0, 0.0, 0.0, 0.0, 0.0, 0.0, 0.0, 0.0, 0.0, 0.0, 0.0, 0.0, 0.0, 0.0, 0.0], [0.0, 0.0, 0.0, 0.0, 0.9423668549787291, 0.0, 0.0, 0.0, 0.0, 0.0, 0.0, 0.0, 0.0, 0.0, 0.0, 0.0, 0.0, 0.0, 0.0, 0.9796160245901375, 0.9774227053991437, 0.978925153704618, 0.0, 0.0, 0.0, 0.0, 0.0, 0.0, 0.0, 0.0, 0.0], [0.0, 0.0, 1.174159139191613, 0.0, 0.0, 0.0, 0.0, 0.973988287300241, 0.0, 0.0, 0.0, 0.0, 0.0, 0.0, 0.0, 0.0, 0.0, 0.0, 0.0, 0.0, 0.0, 0.0, 0.0, 0.0, 0.0, 0.0, 0.0, 0.0, 0.0, 0.0, 0.0], [0.0, 0.0, 0.0, 0.0, 0.0, 0.0, 0.973988287300241, 0.0, 1.3714986889843195, 0.0, 0.0, 0.0, 0.0, 0.0, 0.0, 1.392639901126911, 0.0, 0.0, 0.0, 0.0, 0.0, 0.0, 0.0, 0.0, 0.0, 0.0, 0.0, 0.0, 0.0, 0.0, 0.0], [0.0, 0.0, 0.0, 0.0, 0.0, 0.0, 0.0, 1.3714986889843195, 0.0, 1.4439819987018305, 0.0, 0.0, 0.0, 0.10385818316888061, 0.0, 0.0, 0.0, 0.0, 0.0, 0.0, 0.0, 0.0, 0.9665081719988443, 0.0, 0.0, 0.0, 0.0, 0.0, 0.0, 0.0, 0.0], [0.0, 0.0, 0.0, 0.0, 0.0, 0.0, 0.0, 0.0, 1.4439819987018305, 0.0, 1.4138685509290383, 0.0, 0.0, 0.0, 0.0, 0.10443506141150644, 0.0, 0.0, 0.0, 0.0, 0.0, 0.0, 0.0, 0.9678419735127916, 0.0, 0.0, 0.0, 0.0, 0.0, 0.0, 0.0], [0.0, 0.0, 0.0, 0.0, 0.0, 0.0, 0.0, 0.0, 0.0, 1.4138685509290383, 0.0, 0.9933464181109575, 0.0, 1.381869958260369, 0.0, 0.0, 0.0, 0.0, 0.0, 0.0, 0.0, 0.0, 0.0, 0.0, 0.0, 0.0, 0.0, 0.0, 0.0, 0.0, 0.0], [0.0, 0.0, 0.0, 0.0, 0.0, 0.0, 0.0, 0.0, 0.0, 0.0, 0.9933464181109575, 0.0, 0.9946582734966749, 0.0, 0.0, 0.0, 0.0, 0.0, 0.0, 0.0, 0.0, 0.0, 0.0, 0.0, 0.0, 0.0, 0.0, 0.0, 0.0, 0.0, 0.0], [0.0, 0.0, 0.0, 0.0, 0.0, 0.0, 0.0, 0.0, 0.0, 0.0, 0.0, 0.9946582734966749, 0.0, 0.0, 0.0, 0.0, 0.0, 0.0, 0.0, 0.0, 0.0, 0.0, 0.0, 0.0, 0.9851040097934771, 0.9850601682790595, 0.980460510434529, 0.0, 0.0, 0.0, 0.0], [0.0, 0.0, 0.0, 0.0, 0.0, 0.0, 0.0, 0.0, 0.10385818316888061, 0.0, 1.381869958260369, 0.0, 0.0, 0.0, 1.0311261163952963, 1.4033458177312086, 0.0, 0.0, 0.0, 0.0, 0.0, 0.0, 0.0, 0.0, 0.0, 0.0, 0.0, 0.0, 0.0, 0.0, 0.0], [0.0, 0.0, 0.0, 0.0, 0.0, 0.0, 0.0, 0.0, 0.0, 0.0, 0.0, 0.0, 0.0, 1.0311261163952963, 0.0, 0.0, 0.0, 0.0, 0.0, 0.0, 0.0, 0.0, 0.0, 0.0, 0.0, 0.0, 0.0, 0.9674891494282235, 0.9838135190382493, 0.9681579703002559, 0.0], [0.0, 0.0, 0.0, 0.0, 0.0, 0.0, 0.0, 1.392639901126911, 0.0, 0.10443506141150644, 0.0, 0.0, 0.0, 1.4033458177312086, 0.0, 0.0, 0.0, 0.0, 0.0, 0.0, 0.0, 0.0, 0.0, 0.0, 0.0, 0.0, 0.0, 0.0, 0.0, 0.0, 0.9514766618503822], [0.9803599377992481, 0.0, 0.0, 0.0, 0.0, 0.0, 0.0, 0.0, 0.0, 0.0, 0.0, 0.0, 0.0, 0.0, 0.0, 0.0, 0.0, 0.0, 0.0, 0.0, 0.0, 0.0, 0.0, 0.0, 0.0, 0.0, 0.0, 0.0, 0.0, 0.0, 0.0], [0.9769629906594284, 0.0, 0.0, 0.0, 0.0, 0.0, 0.0, 0.0, 0.0, 0.0, 0.0, 0.0, 0.0, 0.0, 0.0, 0.0, 0.0, 0.0, 0.0, 0.0, 0.0, 0.0, 0.0, 0.0, 0.0, 0.0, 0.0, 0.0, 0.0, 0.0, 0.0], [0.9773226969439485, 0.0, 0.0, 0.0, 0.0, 0.0, 0.0, 0.0, 0.0, 0.0, 0.0, 0.0, 0.0, 0.0, 0.0, 0.0, 0.0, 0.0, 0.0, 0.0, 0.0, 0.0, 0.0, 0.0, 0.0, 0.0, 0.0, 0.0, 0.0, 0.0, 0.0], [0.0, 0.0, 0.0, 0.0, 0.0, 0.9796160245901375, 0.0, 0.0, 0.0, 0.0, 0.0, 0.0, 0.0, 0.0, 0.0, 0.0, 0.0, 0.0, 0.0, 0.0, 0.0, 0.0, 0.0, 0.0, 0.0, 0.0, 0.0, 0.0, 0.0, 0.0, 0.0], [0.0, 0.0, 0.0, 0.0, 0.0, 0.9774227053991437, 0.0, 0.0, 0.0, 0.0, 0.0, 0.0, 0.0, 0.0, 0.0, 0.0, 0.0, 0.0, 0.0, 0.0, 0.0, 0.0, 0.0, 0.0, 0.0, 0.0, 0.0, 0.0, 0.0, 0.0, 0.0], [0.0, 0.0, 0.0, 0.0, 0.0, 0.978925153704618, 0.0, 0.0, 0.0, 0.0, 0.0, 0.0, 0.0, 0.0, 0.0, 0.0, 0.0, 0.0, 0.0, 0.0, 0.0, 0.0, 0.0, 0.0, 0.0, 0.0, 0.0, 0.0, 0.0, 0.0, 0.0], [0.0, 0.0, 0.0, 0.0, 0.0, 0.0, 0.0, 0.0, 0.9665081719988443, 0.0, 0.0, 0.0, 0.0, 0.0, 0.0, 0.0, 0.0, 0.0, 0.0, 0.0, 0.0, 0.0, 0.0, 0.0, 0.0, 0.0, 0.0, 0.0, 0.0, 0.0, 0.0], [0.0, 0.0, 0.0, 0.0, 0.0, 0.0, 0.0, 0.0, 0.0, 0.9678419735127916, 0.0, 0.0, 0.0, 0.0, 0.0, 0.0, 0.0, 0.0, 0.0, 0.0, 0.0, 0.0, 0.0, 0.0, 0.0, 0.0, 0.0, 0.0, 0.0, 0.0, 0.0], [0.0, 0.0, 0.0, 0.0, 0.0, 0.0, 0.0, 0.0, 0.0, 0.0, 0.0, 0.0, 0.9851040097934771, 0.0, 0.0, 0.0, 0.0, 0.0, 0.0, 0.0, 0.0, 0.0, 0.0, 0.0, 0.0, 0.0, 0.0, 0.0, 0.0, 0.0, 0.0], [0.0, 0.0, 0.0, 0.0, 0.0, 0.0, 0.0, 0.0, 0.0, 0.0, 0.0, 0.0, 0.9850601682790595, 0.0, 0.0, 0.0, 0.0, 0.0, 0.0, 0.0, 0.0, 0.0, 0.0, 0.0, 0.0, 0.0, 0.0, 0.0, 0.0, 0.0, 0.0], [0.0, 0.0, 0.0, 0.0, 0.0, 0.0, 0.0, 0.0, 0.0, 0.0, 0.0, 0.0, 0.980460510434529, 0.0, 0.0, 0.0, 0.0, 0.0, 0.0, 0.0, 0.0, 0.0, 0.0, 0.0, 0.0, 0.0, 0.0, 0.0, 0.0, 0.0, 0.0], [0.0, 0.0, 0.0, 0.0, 0.0, 0.0, 0.0, 0.0, 0.0, 0.0, 0.0, 0.0, 0.0, 0.0, 0.9674891494282235, 0.0, 0.0, 0.0, 0.0, 0.0, 0.0, 0.0, 0.0, 0.0, 0.0, 0.0, 0.0, 0.0, 0.0, 0.0, 0.0], [0.0, 0.0, 0.0, 0.0, 0.0, 0.0, 0.0, 0.0, 0.0, 0.0, 0.0, 0.0, 0.0, 0.0, 0.9838135190382493, 0.0, 0.0, 0.0, 0.0, 0.0, 0.0, 0.0, 0.0, 0.0, 0.0, 0.0, 0.0, 0.0, 0.0, 0.0, 0.0], [0.0, 0.0, 0.0, 0.0, 0.0, 0.0, 0.0, 0.0, 0.0, 0.0, 0.0, 0.0, 0.0, 0.0, 0.9681579703002559, 0.0, 0.0, 0.0, 0.0, 0.0, 0.0, 0.0, 0.0, 0.0, 0.0, 0.0, 0.0, 0.0, 0.0, 0.0, 0.0], [0.0, 0.0, 0.0, 0.0, 0.0, 0.0, 0.0, 0.0, 0.0, 0.0, 0.0, 0.0, 0.0, 0.0, 0.0, 0.9514766618503822, 0.0, 0.0, 0.0, 0.0, 0.0, 0.0, 0.0, 0.0, 0.0, 0.0, 0.0, 0.0, 0.0, 0.0, 0.0]], "Born radii": [], "Atomic SASAs": [], "Solvent H bonds": [], "Total SASA": NaN, "Total FOD": 0.0, "FOD": [0.0, 0.0, 0.0, 0.0, 0.0, 0.0, 0.0, 0.0, 0.0, 0.0, 0.0, 0.0, 0.0, 0.0, 0.0, 0.0, 0.0, 0.0, 0.0, 0.0, 0.0, 0.0, 0.0, 0.0, 0.0, 0.0, 0.0, 0.0, 0.0, 0.0, 0.0], "FOD s proportion": [0.0, 0.0, 0.0, 0.0, 0.0, 0.0, 0.0, 0.0, 0.0, 0.0, 0.0, 0.0, 0.0, 0.0, 0.0, 0.0, 0.0, 0.0, 0.0, 0.0, 0.0, 0.0, 0.0, 0.0, 0.0, 0.0, 0.0, 0.0, 0.0, 0.0, 0.0], "FOD p proportion": [0.0, 0.0, 0.0, 0.0, 0.0, 0.0, 0.0, 0.0, 0.0, 0.0, 0.0, 0.0, 0.0, 0.0, 0.0, 0.0, 0.0, 0.0, 0.0, 0.0, 0.0, 0.0, 0.0, 0.0, 0.0, 0.0, 0.0, 0.0, 0.0, 0.0, 0.0], "FOD d proportion": [0.0, 0.0, 0.0, 0.0, 0.0, 0.0, 0.0, 0.0, 0.0, 0.0, 0.0, 0.0, 0.0, 0.0, 0.0, 0.0, 0.0, 0.0, 0.0, 0.0, 0.0, 0.0, 0.0, 0.0, 0.0, 0.0, 0.0, 0.0, 0.0, 0.0, 0.0], "coordinates": [["-3.29060", "-1.30480", "-1.16110"], ["-2.51640", "-1.83890", "-0.10610"], ["-2.27560", "-0.94720", "1.22530"], ["-1.43950", "-1.88180", "2.70470"], ["-3.77470", "-0.39580", "1.51100"], ["-3.95420", "0.54550", "2.55100"], ["-1.54600", "0.38030", "0.66310"], ["-0.30750", "0.44310", "0.09020"], ["0.18470", "1.72510", "-0.13950"], ["1.43770", "1.90080", "-0.72740"], ["2.21460", "0.79420", "-1.09240"], ["3.81010", "1.10320", "-1.84090"], ["4.78430", "1.30760", "-0.32730"], ["1.71660", "-0.50460", "-0.87880"], ["2.49590", "-1.73290", "-1.26780"], ["0.45030", "-0.66500", "-0.28290"], ["-4.35010", "-1.32820", "-0.89350"], ["-3.14120", "-1.92350", "-2.04960"], ["-2.98890", "-0.28080", "-1.39420"], ["-3.19410", "1.32990", "2.50410"], ["-4.93910", "1.00570", "2.43690"], ["-3.91360", "0.04380", "3.52100"], ["-0.40420", "2.59550", "0.13800"], ["1.80190", "2.91100", "-0.90080"], ["4.73680", "0.40350", "0.28570"], ["4.41900", "2.15880", "0.25370"], ["5.82820", "1.49200", "-0.59460"], ["3.44090", "-1.77710", "-0.71720"], ["1.94240", "-2.64990", "-1.03790"], ["2.69420", "-1.73560", "-2.34440"], ["0.07800", "-1.67410", "-0.12840"]], "bond_dist": [[0.0, 1.4133907633772056, 2.6178249979706436, 4.3248017122175675, 2.863695552952513, 4.200435865478725, 3.0349459319730885, 3.6769269383549084, 4.722464468897569, 5.728943003731142, 5.8921768244003, 7.52864745688095, 8.527828927106828, 5.078588895549629, 5.803295335410736, 3.895498952637518, 1.0930222184383998, 1.0929511882970802, 1.092673098415075, 4.514936032769457, 4.582746610931047, 4.912118826942199, 5.023077329685459, 6.616213568197447, 8.333706851695709, 8.569487508597, 9.554869226211315, 6.762633122534448, 5.404513044669242, 6.115849783145429, 3.5426427621198275], [1.4133907633772056, 0.0, 1.620413370100358, 3.010340621923041, 2.5061661776506363, 3.8487416917740793, 2.541297589815093, 3.1820271683315338, 4.472041230802775, 5.477798516740096, 5.503486558537233, 7.189581747222851, 7.9529624782215596, 4.505076112564581, 5.146254383529831, 3.1954042529858406, 2.059919644063817, 2.0432142447624035, 2.076086094072209, 4.160975218623634, 4.519742630947032, 4.318863454660265, 4.9178122178464685, 6.468447494569311, 7.602024417219402, 8.013166321124253, 8.998104034739763, 5.988880174122705, 4.626755848323963, 5.671949412679911, 2.5997245411773915], [2.6178249979706436, 1.620413370100358, 0.0, 1.939372251528829, 1.6226420615773527, 2.608319715832398, 1.6157478918445165, 2.663607273980156, 3.880327617611688, 5.070772937136901, 5.344726680570298, 7.116281830422401, 7.57211184611004, 4.5344009979268485, 5.440595955407827, 3.1280720723794073, 2.9896529380515062, 3.5252510633995984, 2.795472428767632, 2.768421228787267, 3.517957535275263, 2.9892078365346233, 4.151515691888927, 6.002667298793096, 7.202846132606194, 7.443716257354252, 8.656402664502155, 6.094293438127179, 5.08062845817326, 6.1695416920546045, 2.8107508356309348], [4.3248017122175675, 3.010340621923041, 1.939372251528829, 0.0, 3.0143448259945314, 3.498446093624997, 3.049027585969008, 3.677253630088629, 4.8720865027213955, 5.86222253160011, 5.91027843844941, 7.558505442215412, 7.622400068219982, 4.969820851902008, 5.593773379392482, 3.7386762416662935, 4.6610201201024655, 5.049840618276977, 4.665278402196379, 3.6652255605896893, 4.544950302258541, 3.2396684799528486, 5.263649900021846, 6.817421510365924, 7.015756465271582, 7.527009473223744, 8.66529689162466, 5.961431527745664, 5.102379834939771, 6.527040749068447, 3.2206212366560587], [2.863695552952513, 2.5061661776506363, 1.6226420615773527, 3.0143448259945314, 0.0, 1.4141661642112642, 2.5076621203822493, 3.839778859517824, 4.785312468376543, 6.119960774384098, 6.63818544859964, 8.42682773349497, 8.918374260480439, 5.989771044873084, 6.98784589197558, 4.597952897757871, 2.6423616652532633, 3.9259472614898945, 3.011792436407263, 2.073977931415858, 2.043849412261089, 2.062193339626525, 4.7109738844531925, 6.917381949842007, 8.636311297654805, 8.674301363222286, 10.010645763885565, 7.677092437244715, 6.653051212037978, 7.6489110604059185, 4.377782605383689], [4.200435865478725, 3.8487416917740793, 2.608319715832398, 3.498446093624997, 1.4141661642112642, 0.0, 3.06445503964408, 4.400504890350652, 5.075503878434141, 6.454249008211567, 7.168703417634182, 8.93779443654865, 9.231835654408066, 6.7100082481320396, 7.834419570714859, 5.375492508598631, 3.9410745679319494, 5.284169789096485, 4.144777294379036, 1.0932680275211564, 1.0930831898808067, 1.0928180315130234, 4.75684443722937, 7.116403635264094, 8.982495704980881, 8.831240140546514, 10.3192059466802, 8.412080955982296, 7.606620532799044, 8.565604527994507, 5.325828138421292], [3.0349459319730885, 2.541297589815093, 1.6157478918445165, 3.049027585969008, 2.5076621203822493, 3.06445503964408, 0.0, 1.3660309293716597, 2.3340900346816102, 3.626000026199669, 4.170756024991153, 5.95654326098619, 6.474061749782744, 3.7155164351675256, 4.952872364598143, 2.443927531658826, 3.633861942892162, 3.900115225220916, 2.5983642758474033, 2.647121978677976, 3.879512754199939, 3.7264399123023573, 2.546870293124485, 4.478689552759825, 6.294167525574768, 6.237940013337736, 7.562837550813848, 5.606137213804172, 4.923865107819263, 5.612609473319874, 2.735764538479143], [3.6769269383549084, 3.1820271683315338, 2.663607273980156, 3.677253630088629, 3.839778859517824, 4.400504890350652, 1.3660309293716597, 0.0, 1.392317108276703, 2.416419270325413, 2.807632878422676, 4.595596694663272, 5.1815146183331375, 2.435996120686566, 3.799762039917763, 1.3933233867268575, 4.521922615436933, 4.267246804439602, 3.1491872808710504, 3.8659781440147847, 5.222570077078909, 4.993374243935658, 2.1551012714023443, 3.394433644954634, 5.048242357494338, 5.030920491321642, 6.262264505751893, 4.4307657757999355, 3.9876444951876038, 4.436689502320395, 2.16308392116441], [4.722464468897569, 4.472041230802775, 3.880327617611688, 4.8720865027213955, 4.785312468376543, 5.075503878434141, 2.3340900346816102, 1.392317108276703, 0.0, 1.3951723549440047, 2.427980071994002, 4.052782591010773, 4.622325740360582, 2.8044329533793455, 4.309578904022991, 2.4090838362331857, 5.51865635186682, 5.293616417913182, 3.958490098509784, 4.308258748032666, 5.780025930737682, 5.746485258834308, 1.0869248456080114, 2.1450576542368274, 4.759100336198008, 4.274575817551959, 5.666616615759354, 4.816843423861731, 4.799714246702609, 4.8099499737523255, 3.400892344664853], [5.728943003731142, 5.477798516740096, 5.070772937136901, 5.86222253160011, 6.119960774384098, 6.454249008211567, 3.626000026199669, 2.416419270325413, 1.3951723549440047, 0.0, 1.4004864047894217, 2.7394031777013033, 3.422235791116679, 2.426243254498609, 3.8230348010448454, 2.784936022604469, 6.629680161968601, 6.110630780860516, 4.979838186126132, 5.67645050185413, 7.174787574555778, 7.0805199844361715, 2.150376911148369, 1.0877560572113585, 3.7619595571988804, 3.149169874744771, 4.411489944451874, 4.188061925282386, 4.589117870571642, 4.173354311581991, 3.871368633958797], [5.8921768244003, 5.503486558537233, 5.344726680570298, 5.91027843844941, 6.63818544859964, 7.168703417634182, 4.170756024991153, 2.807632878422676, 2.427980071994002, 1.4004864047894217, 0.0, 1.7892326567554035, 2.729892975924148, 1.407306079003427, 2.548750529180916, 2.428437641777116, 6.9021322111359185, 6.081670721931598, 5.321947058173352, 6.517347806431692, 7.979731476058578, 7.707230044575029, 3.408324997707818, 2.1651499001223913, 2.900568726991312, 2.9212151119012097, 3.7138705739430393, 2.873355254750098, 3.455269584272695, 2.863111628979911, 3.4039477742762156], [7.52864745688095, 7.189581747222851, 7.116281830422401, 7.558505442215412, 8.42682773349497, 8.93779443654865, 5.95654326098619, 4.595596694663272, 4.052782591010773, 2.7394031777013033, 1.7892326567554035, 0.0, 1.8115821703693158, 2.8095194428941044, 3.1778968611331617, 4.103919014795491, 8.567271255189718, 7.58452637084215, 6.952797846191128, 8.245558533537919, 9.739485598839396, 9.46191532724744, 4.889103086456656, 2.8609082631220453, 2.422969364230592, 2.42330347459826, 2.40357166317129, 3.1137017230300015, 4.268357049263803, 3.091525594265718, 4.9572796925329925], [8.527828927106828, 7.9529624782215596, 7.57211184611004, 7.622400068219982, 8.918374260480439, 9.231835654408066, 6.474061749782744, 5.1815146183331375, 4.622325740360582, 3.422235791116679, 2.729892975924148, 1.8115821703693158, 0.0, 3.605413205168029, 3.9199432470381512, 4.762003582527002, 9.52393235171271, 8.730399461078514, 8.005243807030489, 8.465942936849977, 10.11318213076379, 9.594793783088829, 5.366164621962319, 3.434312677960468, 1.0933535841620496, 1.0934105038822335, 1.0932428184076948, 3.387051765178678, 4.923733768188528, 4.206931977106357, 5.574886168344605], [5.078588895549629, 4.505076112564581, 4.5344009979268485, 4.969820851902008, 5.989771044873084, 6.7100082481320396, 3.7155164351675256, 2.435996120686566, 2.8044329533793455, 2.426243254498609, 1.407306079003427, 2.8095194428941044, 3.605413205168029, 0.0, 1.505772353312412, 1.4086662699163348, 6.122367347685044, 5.194446138906438, 4.738929610154597, 6.238940386796464, 7.587701567009604, 7.166459002882805, 3.8913101765343767, 3.416735788731695, 3.3618914170448755, 3.959699681794062, 4.57956720225831, 2.1490884811938296, 2.1630096023827545, 2.1491966219962286, 2.1484506906140526], [5.803295335410736, 5.146254383529831, 5.440595955407827, 5.593773379392482, 6.98784589197558, 7.834419570714859, 4.952872364598143, 3.799762039917763, 4.309578904022991, 3.8230348010448454, 2.548750529180916, 3.1778968611331617, 3.9199432470381512, 1.505772353312412, 0.0, 2.508967472886008, 6.868158310639032, 5.694245868418398, 5.675174218471183, 7.482250560493146, 8.746654048834904, 8.195789076104875, 5.396471088591136, 4.70979110046295, 3.4639861460461994, 4.599848339891219, 4.685872548416143, 1.0945953590254256, 1.0954931583538072, 1.0947135424392993, 2.673561334624661], [3.895498952637518, 3.1954042529858406, 3.1280720723794073, 3.7386762416662935, 4.597952897757871, 5.375492508598631, 2.443927531658826, 1.3933233867268575, 2.4090838362331857, 2.784936022604469, 2.428437641777116, 4.103919014795491, 4.762003582527002, 1.4086662699163348, 2.508967472886008, 0.0, 4.884312311881787, 4.19570296732264, 3.6346518361460705, 5.002863816855302, 6.263719573065194, 5.832295933849722, 3.3967907368573647, 3.872518427328655, 4.454108267655827, 4.900241390992897, 5.802724730676098, 3.2201042312322747, 2.5954220119279254, 3.2297142009781608, 1.0866279722149619], [1.0930222184383998, 2.059919644063817, 2.9896529380515062, 4.6610201201024655, 2.6423616652532633, 3.9410745679319494, 3.633861942892162, 4.521922615436933, 5.51865635186682, 6.629680161968601, 6.9021322111359185, 8.567271255189718, 9.52393235171271, 6.122367347685044, 6.868158310639032, 4.884312311881787, 0.0, 1.7754966938859673, 1.7890256258645378, 4.466040457720911, 4.109206051051712, 4.643352937264193, 5.659464705252609, 7.47114274592582, 9.325290834070538, 9.506437379481339, 10.566014392380884, 7.805912752522923, 6.431430517388804, 7.203696832876852, 4.5070050399350565], [1.0929511882970802, 2.0432142447624035, 3.5252510633995984, 5.049840618276977, 3.9259472614898945, 5.284169789096485, 3.900115225220916, 4.267246804439602, 5.293616417913182, 6.110630780860516, 6.081670721931598, 7.58452637084215, 8.730399461078514, 5.194446138906438, 5.694245868418398, 4.19570296732264, 1.7754966938859673, 0.0, 1.7751641445229789, 5.596748489971655, 5.651666948785994, 5.958058023383122, 5.718227326715859, 7.009020566384437, 8.539990579034615, 8.895335194358895, 9.70735811691317, 6.7171990539212105, 5.233945243313117, 5.845862349559729, 3.757187570510687], [1.092673098415075, 2.076086094072209, 2.795472428767632, 4.665278402196379, 3.011792436407263, 4.144777294379036, 2.5983642758474033, 3.1491872808710504, 3.958490098509784, 4.979838186126132, 5.321947058173352, 6.952797846191128, 8.005243807030489, 4.738929610154597, 5.675174218471183, 3.6346518361460705, 1.7890256258645378, 1.7751641445229789, 0.0, 4.2229378896687555, 4.4872808581589805, 5.011948352686807, 4.159496678686017, 5.777784648115573, 7.9357905081976545, 7.971461909838119, 9.029032750522063, 6.636231666390196, 5.4824542123031, 5.942806465803846, 3.5985288855308637], [4.514936032769457, 4.160975218623634, 2.768421228787267, 3.6652255605896893, 2.073977931415858, 1.0932680275211564, 2.647121978677976, 3.8659781440147847, 4.308258748032666, 5.67645050185413, 6.517347806431692, 8.245558533537919, 8.465942936849977, 6.238940386796464, 7.482250560493146, 5.002863816855302, 4.466040457720911, 5.596748489971655, 4.2229378896687555, 0.0, 1.7761324500160451, 1.7904801227603728, 3.8708803365642814, 6.249258933665655, 8.287260725354306, 7.981896202031193, 9.540970358931004, 8.00333978349039, 7.400554323157151, 8.220542524067374, 5.1634010748730335], [4.582746610931047, 4.519742630947032, 3.517957535275263, 4.544950302258541, 2.043849412261089, 1.0930831898808067, 3.879512754199939, 5.222570077078909, 5.780025930737682, 7.174787574555778, 7.979731476058578, 9.739485598839396, 10.11318213076379, 7.587701567009604, 8.746654048834904, 6.263719573065194, 4.109206051051712, 5.651666948785994, 4.4872808581589805, 1.7761324500160451, 0.0, 1.7754364730961227, 5.327074549881951, 7.7596063289319, 9.930425322714026, 9.678328236839254, 11.19648289553465, 9.376391771358533, 8.531863140604168, 9.415031825225022, 6.239662213613811], [4.912118826942199, 4.318863454660265, 2.9892078365346233, 3.2396684799528486, 2.062193339626525, 1.0928180315130234, 3.7264399123023573, 4.993374243935658, 5.746485258834308, 7.0805199844361715, 7.707230044575029, 9.46191532724744, 9.594793783088829, 7.166459002882805, 8.195789076104875, 5.832295933849722, 4.643352937264193, 5.958058023383122, 5.011948352686807, 1.7904801227603728, 1.7754364730961227, 0.0, 5.501976940155238, 7.774322564056627, 9.24261707202024, 9.196776448843366, 10.674179773640688, 8.681398867694076, 7.8950823238266485, 9.01289089915106, 5.674695703736016], [5.023077329685459, 4.9178122178464685, 4.151515691888927, 5.263649900021846, 4.7109738844531925, 4.75684443722937, 2.546870293124485, 2.1551012714023443, 1.0869248456080114, 2.150376911148369, 3.408324997707818, 4.889103086456656, 5.366164621962319, 3.8913101765343767, 5.396471088591136, 3.3967907368573647, 5.659464705252609, 5.718227326715859, 4.159496678686017, 3.8708803365642814, 5.327074549881951, 5.501976940155238, 0.0, 2.4587645068204482, 5.59075668313333, 4.844311263740182, 6.371595151137586, 5.885218076673116, 5.865449132845669, 5.875442071027507, 4.304993607428471], [6.616213568197447, 6.468447494569311, 6.002667298793096, 6.817421510365924, 6.917381949842007, 7.116403635264094, 4.478689552759825, 3.394433644954634, 2.1450576542368274, 1.0877560572113585, 2.1651499001223913, 2.8609082631220453, 3.434312677960468, 3.416735788731695, 4.70979110046295, 3.872518427328655, 7.47114274592582, 7.009020566384437, 5.777784648115573, 6.249258933665655, 7.7596063289319, 7.774322564056627, 2.4587645068204482, 0.0, 4.038437384682347, 2.957682792322395, 4.280001300233447, 4.969739587745016, 5.564363887274088, 4.946824416734437, 4.958989310333306], [8.333706851695709, 7.602024417219402, 7.202846132606194, 7.015756465271582, 8.636311297654805, 8.982495704980881, 6.294167525574768, 5.048242357494338, 4.759100336198008, 3.7619595571988804, 2.900568726991312, 2.422969364230592, 1.0933535841620496, 3.3618914170448755, 3.4639861460461994, 4.454108267655827, 9.325290834070538, 8.539990579034615, 7.9357905081976545, 8.287260725354306, 9.930425322714026, 9.24261707202024, 5.59075668313333, 4.038437384682347, 0.0, 1.7841241352551678, 1.7750814910870996, 2.7276696244230165, 4.3455540360234854, 3.9579527005763975, 5.117843101346503], [8.569487508597, 8.013166321124253, 7.443716257354252, 7.527009473223744, 8.674301363222286, 8.831240140546514, 6.237940013337736, 5.030920491321642, 4.274575817551959, 3.149169874744771, 2.9212151119012097, 2.42330347459826, 1.0934105038822335, 3.959699681794062, 4.599848339891219, 4.900241390992897, 9.506437379481339, 8.895335194358895, 7.971461909838119, 7.981896202031193, 9.678328236839254, 9.196776448843366, 4.844311263740182, 2.957682792322395, 1.7841241352551678, 0.0, 1.7748464074392467, 4.1702080559607575, 5.561058695068772, 4.9891291835349385, 5.80356819723866], [9.554869226211315, 8.998104034739763, 8.656402664502155, 8.66529689162466, 10.010645763885565, 10.3192059466802, 7.562837550813848, 6.262264505751893, 5.666616615759354, 4.411489944451874, 3.7138705739430393, 2.40357166317129, 1.0932428184076948, 4.57956720225831, 4.685872548416143, 5.802724730676098, 10.566014392380884, 9.70735811691317, 9.029032750522063, 9.540970358931004, 11.19648289553465, 10.674179773640688, 6.371595151137586, 4.280001300233447, 1.7750814910870996, 1.7748464074392467, 0.0, 4.049845288403002, 5.696603561772576, 4.827127282349203, 6.580754644415791], [6.762633122534448, 5.988880174122705, 6.094293438127179, 5.961431527745664, 7.677092437244715, 8.412080955982296, 5.606137213804172, 4.4307657757999355, 4.816843423861731, 4.188061925282386, 2.873355254750098, 3.1137017230300015, 3.387051765178678, 2.1490884811938296, 1.0945953590254256, 3.2201042312322747, 7.805912752522923, 6.7171990539212105, 6.636231666390196, 8.00333978349039, 9.376391771358533, 8.681398867694076, 5.885218076673116, 4.969739587745016, 2.7276696244230165, 4.1702080559607575, 4.049845288403002, 0.0, 1.7635562310286568, 1.790827456791971, 3.4156098796554626], [5.404513044669242, 4.626755848323963, 5.08062845817326, 5.102379834939771, 6.653051212037978, 7.606620532799044, 4.923865107819263, 3.9876444951876038, 4.799714246702609, 4.589117870571642, 3.455269584272695, 4.268357049263803, 4.923733768188528, 2.1630096023827545, 1.0954931583538072, 2.5954220119279254, 6.431430517388804, 5.233945243313117, 5.4824542123031, 7.400554323157151, 8.531863140604168, 7.8950823238266485, 5.865449132845669, 5.564363887274088, 4.3455540360234854, 5.561058695068772, 5.696603561772576, 1.7635562310286568, 0.0, 1.7629775891939181, 2.2924579058294614], [6.115849783145429, 5.671949412679911, 6.1695416920546045, 6.527040749068447, 7.6489110604059185, 8.565604527994507, 5.612609473319874, 4.436689502320395, 4.8099499737523255, 4.173354311581991, 2.863111628979911, 3.091525594265718, 4.206931977106357, 2.1491966219962286, 1.0947135424392993, 3.2297142009781608, 7.203696832876852, 5.845862349559729, 5.942806465803846, 8.220542524067374, 9.415031825225022, 9.01289089915106, 5.875442071027507, 4.946824416734437, 3.9579527005763975, 4.9891291835349385, 4.827127282349203, 1.790827456791971, 1.7629775891939181, 0.0, 3.4291311858836777], [3.5426427621198275, 2.5997245411773915, 2.8107508356309348, 3.2206212366560587, 4.377782605383689, 5.325828138421292, 2.735764538479143, 2.16308392116441, 3.400892344664853, 3.871368633958797, 3.4039477742762156, 4.9572796925329925, 5.574886168344605, 2.1484506906140526, 2.673561334624661, 1.0866279722149619, 4.5070050399350565, 3.757187570510687, 3.5985288855308637, 5.1634010748730335, 6.239662213613811, 5.674695703736016, 4.304993607428471, 4.958989310333306, 5.117843101346503, 5.80356819723866, 6.580754644415791, 3.4156098796554626, 2.2924579058294614, 3.4291311858836777, 0.0]]}