{"total energy": -51.9542401, "HOMO-LUMO gap/eV": 2.83413023, "electronic energy": -52.57463494, "dipole": [1.13596749, 0.15632075, 0.06591204], "partial charges": [-0.10409865, -0.04711063, -0.02505275, 0.28179275, -0.38302009, -0.17479641, 0.33956415, -0.42364363, -0.1718728, 0.28015067, -0.38102519, -0.0029397, -0.04272918, -0.05387049, -0.056894, -0.05541107, -0.05854952, 0.03992488, 0.04064963, 0.04644329, 0.05868845, 0.05783226, 0.23280801, 0.23330586, 0.03429646, 0.04534586, 0.05081772, 0.03416481, 0.03404196, 0.03807324, 0.03701895, 0.05434308, 0.04175209], "atomic dipole moments": [[0.1173683, -0.02140977, 0.00018812], [-0.05981269, -0.14212698, -0.00811564], [-0.03063905, -0.02195163, -0.00123522], [-0.02884776, -0.08810614, -0.00527263], [0.0352438, -0.07944315, -0.16434901], [-0.0507249, 0.02396473, -0.05231497], [0.04484319, 0.08039044, 0.00461843], [0.0996538, 0.19256108, 0.00973834], [-0.03909547, 0.01554199, 0.05513047], [-0.03341052, -0.08283346, -0.00352847], [0.03198956, -0.09795673, 0.15477014], [-0.1607194, 0.03016634, 0.12004858], [0.11967675, -0.01316727, -0.04183356], [-0.04034907, -0.003859, 0.08624485], [-0.08303854, 0.07752813, -0.03434816], [-0.06336769, -0.08809684, -0.0485393], [0.05758701, 0.00154256, -0.08855529], [-0.06150805, -0.05243358, 0.09970733], [-0.05953015, -0.03845656, -0.10746052], [-0.0229312, 0.12395197, 0.0079954], [0.04756481, 0.07245333, -0.0954086], [0.04061066, 0.0637382, 0.10186414], [-0.05523396, -0.06353782, 0.10666739], [-0.05690109, -0.050459, -0.11342872], [-0.05907259, -0.00984108, -0.13954991], [0.03721504, -0.10140465, -0.0665381], [0.05216016, 0.10143569, -0.0554906], [-0.01033771, -0.11776644, 0.03976715], [0.12194365, 0.02233509, -0.00420785], [0.01990073, 0.11898995, -0.0335933], [0.05315519, -0.0107646, 0.11265938], [-0.04509179, 0.09902552, 0.06828203], [-0.01261261, -0.10300098, 0.07369833]], "atomic quadrupole moments": [[0.22765346, -0.05000698, -0.10115762, 0.00057079, 0.00197507, -0.12649584], [0.10505584, -0.12077129, 0.12246878, 0.00708533, 0.01871984, -0.22752461], [-0.11220146, 0.01444006, 0.00257495, -0.00734442, 0.00520244, 0.10962651], [0.44104358, -0.11362121, -0.15878962, 0.24468303, -0.01980118, -0.28225396], [0.18505999, -0.06284224, -0.09511871, 0.08206036, 0.00330643, -0.08994129], [-0.0021373, -0.00470913, 0.02833379, 0.04693222, 0.09932554, -0.02619649], [0.27134599, -0.28565381, -0.10479487, -0.03311968, 0.0154026, -0.16655113], [0.11337473, -0.08344412, 0.00620978, -0.01249593, 0.01142775, -0.11958452], [-0.00293386, -0.00174592, 0.04856938, -0.0501288, -0.08971646, -0.04563552], [0.43285439, -0.11691155, -0.15823648, -0.26215567, 0.04573487, -0.27461791], [0.18062167, -0.0634549, -0.08995813, -0.09192023, -0.00056645, -0.09066355], [-0.10046192, 0.04028484, 0.3740902, 0.16031057, -0.13138475, -0.27362829], [-0.10800263, 0.07371791, 0.4973209, 0.08230507, -0.13398432, -0.38931826], [0.1087587, -0.02646832, -0.21203337, 0.10783889, -0.01529642, 0.10327467], [-0.10286744, -0.10766987, -0.09551491, 0.0234235, 0.11416898, 0.19838235], [0.16768905, -0.03624687, -0.08848355, -0.12825419, 0.13512677, -0.07920551], [0.17376639, 0.05611749, -0.20838986, 0.02618665, 0.01560105, 0.03462347], [-0.01675573, 0.01761037, -0.01799327, -0.0258406, -0.05585819, 0.034749], [-0.01808761, 0.012417, -0.03108258, 0.02577417, 0.04739526, 0.04917019], [-0.02651359, -0.00803717, 0.08083873, 0.00060251, 0.00914683, -0.05432514], [-0.00602575, -0.00290701, -0.02272765, -0.03217393, -0.0298228, 0.0287534], [-0.00465258, -0.00804818, -0.03109825, 0.0318734, 0.02355477, 0.03575083], [-0.04775552, 0.02059988, 0.01192152, -0.00606967, -0.01183658, 0.035834], [-0.04540594, 0.02046708, 0.00944801, 0.0123106, 0.00714717, 0.03595793], [0.0441584, -0.01018385, -0.06198541, 0.00316357, 0.01812609, 0.01782701], [-0.03053637, -0.02721496, 0.02624134, 0.008751, 0.03805946, 0.00429503], [-0.01351596, 0.0317779, 0.02934056, 0.00481744, -0.03719177, -0.0158246], [-0.04342414, 0.023255, 0.04370968, -0.0089383, -0.0155494, -0.00028554], [0.05102731, 0.02475579, -0.0315152, -0.00699453, -0.00281459, -0.01951211], [-0.01670006, -0.00292287, 0.04036487, -0.01989513, -0.03400621, -0.0236648], [-0.01144663, -0.00593501, -0.03432688, 0.02290683, -0.01525819, 0.04577351], [0.01380099, -0.02575217, 0.01991443, -0.01348596, 0.03467345, -0.03371541], [-0.01062147, 0.01799456, 0.03006627, 0.00622116, -0.04099421, -0.0194448]], "number of molecular orbitals": 84, "number of electrons": 92, "number of unpaired electrons": 0, "orbital energies/eV": [-20.54401899, -20.19021737, -20.11289114, -19.7000463, -19.31994961, -18.57116377, -18.16262407, -18.02324032, -17.74087658, -17.2160096, -17.10781156, -17.06788244, -16.81552464, -16.67577665, -16.45897345, -16.0696762, -15.94322854, -15.75788877, -15.58338165, -15.44868581, -15.43099103, -15.27894828, -14.88888859, -14.81043862, -14.4886908, -14.46698307, -14.04808202, -13.96415243, -13.86504549, -13.57298118, -13.52994143, -13.40300253, -13.11698614, -13.04386466, -12.84570453, -12.74166103, -12.64416466, -12.52962572, -12.36383504, -12.13876331, -12.09511247, -12.00192391, -11.85772401, -11.70441479, -11.49785691, -10.88356628, -8.04943605, -7.1166138, -6.11202374, -5.73515841, -0.59426495, -0.1711395, 0.37559508, 1.36752335, 1.7160035, 2.04162563, 2.33683245, 2.5300677, 2.71144322, 3.14180219, 3.35585971, 3.51406017, 3.58053562, 3.81294095, 4.13802251, 4.27121842, 4.63041785, 4.77566077, 4.92532798, 5.00282296, 5.56283406, 6.05669271, 6.19520324, 6.68389245, 7.06402382, 7.48612971, 7.67690108, 7.88060833, 9.2755376, 11.42895136, 14.06874005, 14.12416004, 14.98925239, 16.23202451], "fractional occupation": [2.0, 2.0, 2.0, 2.0, 2.0, 2.0, 2.0, 2.0, 2.0, 2.0, 2.0, 2.0, 2.0, 2.0, 2.0, 2.0, 2.0, 2.0, 2.0, 2.0, 2.0, 2.0, 2.0, 2.0, 2.0, 2.0, 2.0, 2.0, 2.0, 2.0, 2.0, 2.0, 2.0, 2.0, 2.0, 2.0, 2.0, 2.0, 2.0, 2.0, 2.0, 2.0, 2.0, 2.0, 2.0, 2.0, 0.0, 0.0, 0.0, 0.0, 0.0, 0.0, 0.0, 0.0, 0.0, 0.0, 0.0, 0.0, 0.0, 0.0, 0.0, 0.0, 0.0, 0.0, 0.0, 0.0, 0.0, 0.0, 0.0, 0.0, 0.0, 0.0, 0.0, 0.0, 0.0, 0.0, 0.0, 0.0, 0.0, 0.0, 0.0, 0.0, 0.0, 0.0], "program call": "xtb /home/svss/Project-DBcg-Debug/aqme2_20220329/End-to-End-workflows-final/example-3/QDESCP/mol_52_rdkit_conf_2/mol_52_rdkit_conf_2.xyz --pop --wbo --acc 0.2 --gfn 2 --chrg 0 --uhf 0 --etemp 300 --input /home/svss/Project-DBcg-Debug/aqme2_20220329/End-to-End-workflows-final/example-3/QDESCP/mol_52_rdkit_conf_2/mol_52_rdkit_conf_2_xtb.inp", "method": "GFN2-xTB", "xtb version": "6.3.3 (7355c4f)", "Dipole module/D": 2.919, "Total charge": 0, "Transition dipole module/D": NaN, "HOMO": -10.8836, "LUMO": -8.0494, "HOMO occupancy": 2.0, "LUMO occupancy": 0, "mulliken charges": [-0.08929, -0.02397, -0.055, 0.47473, -0.50983, -0.32393, 0.57507, -0.53904, -0.32292, 0.47487, -0.50835, -0.01547, -0.05015, -0.03661, -0.04731, -0.04206, -0.04794, 0.03739, 0.03853, 0.03842, 0.04503, 0.04346, 0.27927, 0.27977, 0.04388, 0.03673, 0.04072, 0.02649, 0.03056, 0.02851, 0.03246, 0.04718, 0.03879], "cm5 charges": [-0.2378, -0.12658, -0.05222, 0.57386, -0.55682, -0.66621, 0.74375, -0.57589, -0.66518, 0.57364, -0.55491, -0.02725, -0.10667, -0.14174, -0.1559, -0.15072, -0.15006, 0.09224, 0.09368, 0.08936, 0.10308, 0.10191, 0.4824, 0.48279, 0.10445, 0.09133, 0.09583, 0.0818, 0.08476, 0.08384, 0.08664, 0.10532, 0.0973], "FUKUI+": [0.015, 0.013, -0.006, -0.054, -0.14, -0.034, -0.052, -0.142, -0.032, -0.052, -0.137, -0.011, -0.024, 0.008, 0.009, 0.007, 0.006, -0.006, -0.006, -0.036, -0.029, -0.03, -0.047, -0.046, -0.013, -0.028, -0.031, -0.011, -0.028, -0.018, -0.026, -0.013, -0.008], "FUKUI-": [0.011, 0.004, -0.012, -0.001, -0.064, -0.015, -0.001, -0.075, -0.013, 0.0, -0.057, -0.044, -0.045, 0.009, 0.012, 0.012, 0.01, -0.033, -0.04, -0.052, -0.03, -0.035, -0.028, -0.027, -0.053, -0.073, -0.086, -0.037, -0.046, -0.029, -0.045, -0.05, -0.067], "FUKUIrad": [0.013, 0.008, -0.009, -0.028, -0.102, -0.024, -0.026, -0.108, -0.023, -0.026, -0.097, -0.028, -0.034, 0.009, 0.011, 0.009, 0.008, -0.019, -0.023, -0.044, -0.03, -0.032, -0.037, -0.037, -0.033, -0.051, -0.059, -0.024, -0.037, -0.024, -0.035, -0.032, -0.038], "s proportion": [1.01, 1.032, 1.11, 1.015, 1.731, 1.43, 0.936, 1.721, 1.428, 1.016, 1.731, 1.101, 1.072, 1.026, 1.027, 1.028, 1.031, 0.963, 0.961, 0.962, 0.955, 0.957, 0.721, 0.72, 0.956, 0.963, 0.959, 0.974, 0.969, 0.971, 0.968, 0.953, 0.961], "p proportion": [3.08, 2.992, 2.945, 2.51, 4.779, 3.894, 2.488, 4.819, 3.895, 2.509, 4.777, 2.915, 2.978, 3.011, 3.02, 3.014, 3.017, 0.0, 0.0, 0.0, 0.0, 0.0, 0.0, 0.0, 0.0, 0.0, 0.0, 0.0, 0.0, 0.0, 0.0, 0.0, 0.0], "d proportion": [0.0, 0.0, 0.0, 0.0, 0.0, 0.0, 0.0, 0.0, 0.0, 0.0, 0.0, 0.0, 0.0, 0.0, 0.0, 0.0, 0.0, 0.0, 0.0, 0.0, 0.0, 0.0, 0.0, 0.0, 0.0, 0.0, 0.0, 0.0, 0.0, 0.0, 0.0, 0.0, 0.0], "Fermi-level/eV": -9.4665, "Coordination numbers": [3.748, 3.801, 3.898, 2.764, 0.859, 2.696, 2.704, 0.861, 2.696, 2.76, 0.859, 2.939, 2.89, 3.805, 3.803, 3.802, 3.806, 0.924, 0.924, 0.924, 0.923, 0.924, 0.86, 0.86, 0.925, 0.924, 0.924, 0.924, 0.924, 0.924, 0.924, 0.924, 0.924], "Dispersion coefficient C6": [22.557, 21.418, 20.965, 22.229, 21.344, 24.783, 21.23, 22.157, 24.719, 22.258, 21.305, 28.099, 29.06, 21.538, 21.595, 21.569, 21.623, 2.45, 2.44, 2.365, 2.215, 2.225, 0.953, 0.951, 2.526, 2.379, 2.31, 2.528, 2.53, 2.475, 2.489, 2.267, 2.426], "Total dispersion C6": 10931.550816, "Total dispersion C8": 248444.189685, "Polarizability alpha": [6.774, 6.589, 6.509, 7.721, 6.194, 7.394, 7.542, 6.311, 7.384, 7.726, 6.188, 8.694, 8.838, 6.607, 6.616, 6.612, 6.62, 2.448, 2.443, 2.405, 2.327, 2.333, 1.529, 1.528, 2.486, 2.412, 2.377, 2.487, 2.487, 2.46, 2.467, 2.354, 2.436], "Total polarizability alpha": 157.296664, "Wiberg matrix": [[0.0, 1.0186602122328976, 0.0, 0.0, 0.0, 0.0, 0.0, 0.0, 0.0, 0.0, 0.0, 0.0, 0.0, 0.0, 0.0, 0.0, 0.0, 0.9867681536049628, 0.9866323638004586, 0.984576964493757, 0.0, 0.0, 0.0, 0.0, 0.0, 0.0, 0.0, 0.0, 0.0, 0.0, 0.0, 0.0, 0.0], [1.0186602122328976, 0.0, 0.9615695328883871, 0.0, 0.0, 0.0, 0.0, 0.0, 0.0, 0.0, 0.0, 0.0, 0.0, 0.0, 0.0, 0.0, 0.0, 0.0, 0.0, 0.0, 0.9740710080445636, 0.9708831951198726, 0.0, 0.0, 0.0, 0.0, 0.0, 0.0, 0.0, 0.0, 0.0, 0.0, 0.0], [0.0, 0.9615695328883871, 0.0, 0.9473312035097434, 0.0, 0.0, 0.0, 0.0, 0.0, 0.9487949883101998, 0.0, 0.914429707188245, 0.0, 0.0, 0.0, 0.0, 0.0, 0.0, 0.0, 0.0, 0.0, 0.0, 0.0, 0.0, 0.0, 0.0, 0.0, 0.0, 0.0, 0.0, 0.0, 0.0, 0.0], [0.0, 0.0, 0.9473312035097434, 0.0, 1.749038136172151, 1.1392425832900988, 0.0, 0.0, 0.0, 0.0, 0.0, 0.0, 0.0, 0.0, 0.0, 0.0, 0.0, 0.0, 0.0, 0.0, 0.0, 0.0, 0.0, 0.0, 0.0, 0.0, 0.0, 0.0, 0.0, 0.0, 0.0, 0.0, 0.0], [0.0, 0.0, 0.0, 1.749038136172151, 0.0, 0.1320150482194577, 0.0, 0.0, 0.0, 0.0, 0.0, 0.0, 0.0, 0.0, 0.0, 0.0, 0.0, 0.0, 0.0, 0.0, 0.0, 0.0, 0.0, 0.0, 0.0, 0.0, 0.0, 0.0, 0.0, 0.0, 0.0, 0.0, 0.0], [0.0, 0.0, 0.0, 1.1392425832900988, 0.1320150482194577, 0.0, 1.1242965821585353, 0.11507547820744103, 0.0, 0.0, 0.0, 0.0, 0.0, 0.0, 0.0, 0.0, 0.0, 0.0, 0.0, 0.0, 0.0, 0.0, 0.9087355930681604, 0.0, 0.0, 0.0, 0.0, 0.0, 0.0, 0.0, 0.0, 0.0, 0.0], [0.0, 0.0, 0.0, 0.0, 0.0, 1.1242965821585353, 0.0, 1.649427418208915, 1.127205059894212, 0.0, 0.0, 0.0, 0.0, 0.0, 0.0, 0.0, 0.0, 0.0, 0.0, 0.0, 0.0, 0.0, 0.0, 0.0, 0.0, 0.0, 0.0, 0.0, 0.0, 0.0, 0.0, 0.0, 0.0], [0.0, 0.0, 0.0, 0.0, 0.0, 0.11507547820744103, 1.649427418208915, 0.0, 0.1151614368336581, 0.0, 0.0, 0.0, 0.0, 0.0, 0.0, 0.0, 0.0, 0.0, 0.0, 0.0, 0.0, 0.0, 0.0, 0.0, 0.0, 0.0, 0.0, 0.0, 0.0, 0.0, 0.0, 0.0, 0.0], [0.0, 0.0, 0.0, 0.0, 0.0, 0.0, 1.127205059894212, 0.1151614368336581, 0.0, 1.1430578533127744, 0.13387743538638758, 0.0, 0.0, 0.0, 0.0, 0.0, 0.0, 0.0, 0.0, 0.0, 0.0, 0.0, 0.0, 0.908926528590678, 0.0, 0.0, 0.0, 0.0, 0.0, 0.0, 0.0, 0.0, 0.0], [0.0, 0.0, 0.9487949883101998, 0.0, 0.0, 0.0, 0.0, 0.0, 1.1430578533127744, 0.0, 1.7494005189126276, 0.0, 0.0, 0.0, 0.0, 0.0, 0.0, 0.0, 0.0, 0.0, 0.0, 0.0, 0.0, 0.0, 0.0, 0.0, 0.0, 0.0, 0.0, 0.0, 0.0, 0.0, 0.0], [0.0, 0.0, 0.0, 0.0, 0.0, 0.0, 0.0, 0.0, 0.13387743538638758, 1.7494005189126276, 0.0, 0.0, 0.0, 0.0, 0.0, 0.0, 0.0, 0.0, 0.0, 0.0, 0.0, 0.0, 0.0, 0.0, 0.0, 0.0, 0.0, 0.0, 0.0, 0.0, 0.0, 0.0, 0.0], [0.0, 0.0, 0.914429707188245, 0.0, 0.0, 0.0, 0.0, 0.0, 0.0, 0.0, 0.0, 0.0, 1.8769481046279628, 0.0, 0.0, 0.0, 1.0077614029381632, 0.0, 0.0, 0.0, 0.0, 0.0, 0.0, 0.0, 0.0, 0.0, 0.0, 0.0, 0.0, 0.0, 0.0, 0.0, 0.0], [0.0, 0.0, 0.0, 0.0, 0.0, 0.0, 0.0, 0.0, 0.0, 0.0, 0.0, 1.8769481046279628, 0.0, 1.0248796150630357, 0.0, 0.0, 0.0, 0.0, 0.0, 0.0, 0.0, 0.0, 0.0, 0.0, 0.9643979459260696, 0.0, 0.0, 0.0, 0.0, 0.0, 0.0, 0.0, 0.0], [0.0, 0.0, 0.0, 0.0, 0.0, 0.0, 0.0, 0.0, 0.0, 0.0, 0.0, 0.0, 1.0248796150630357, 0.0, 1.0071718210271166, 0.0, 0.0, 0.0, 0.0, 0.0, 0.0, 0.0, 0.0, 0.0, 0.0, 0.9631514195857033, 0.9557718421388285, 0.0, 0.0, 0.0, 0.0, 0.0, 0.0], [0.0, 0.0, 0.0, 0.0, 0.0, 0.0, 0.0, 0.0, 0.0, 0.0, 0.0, 0.0, 0.0, 1.0071718210271166, 0.0, 1.0106595169772101, 0.0, 0.0, 0.0, 0.0, 0.0, 0.0, 0.0, 0.0, 0.0, 0.0, 0.0, 0.9780768470604678, 0.9770094019159948, 0.0, 0.0, 0.0, 0.0], [0.0, 0.0, 0.0, 0.0, 0.0, 0.0, 0.0, 0.0, 0.0, 0.0, 0.0, 0.0, 0.0, 0.0, 1.0106595169772101, 0.0, 1.0035607315275865, 0.0, 0.0, 0.0, 0.0, 0.0, 0.0, 0.0, 0.0, 0.0, 0.0, 0.0, 0.0, 0.9778481944040995, 0.9762496023429252, 0.0, 0.0], [0.0, 0.0, 0.0, 0.0, 0.0, 0.0, 0.0, 0.0, 0.0, 0.0, 0.0, 1.0077614029381632, 0.0, 0.0, 0.0, 1.0035607315275865, 0.0, 0.0, 0.0, 0.0, 0.0, 0.0, 0.0, 0.0, 0.0, 0.0, 0.0, 0.0, 0.0, 0.0, 0.0, 0.962192719203726, 0.9595993956093861], [0.9867681536049628, 0.0, 0.0, 0.0, 0.0, 0.0, 0.0, 0.0, 0.0, 0.0, 0.0, 0.0, 0.0, 0.0, 0.0, 0.0, 0.0, 0.0, 0.0, 0.0, 0.0, 0.0, 0.0, 0.0, 0.0, 0.0, 0.0, 0.0, 0.0, 0.0, 0.0, 0.0, 0.0], [0.9866323638004586, 0.0, 0.0, 0.0, 0.0, 0.0, 0.0, 0.0, 0.0, 0.0, 0.0, 0.0, 0.0, 0.0, 0.0, 0.0, 0.0, 0.0, 0.0, 0.0, 0.0, 0.0, 0.0, 0.0, 0.0, 0.0, 0.0, 0.0, 0.0, 0.0, 0.0, 0.0, 0.0], [0.984576964493757, 0.0, 0.0, 0.0, 0.0, 0.0, 0.0, 0.0, 0.0, 0.0, 0.0, 0.0, 0.0, 0.0, 0.0, 0.0, 0.0, 0.0, 0.0, 0.0, 0.0, 0.0, 0.0, 0.0, 0.0, 0.0, 0.0, 0.0, 0.0, 0.0, 0.0, 0.0, 0.0], [0.0, 0.9740710080445636, 0.0, 0.0, 0.0, 0.0, 0.0, 0.0, 0.0, 0.0, 0.0, 0.0, 0.0, 0.0, 0.0, 0.0, 0.0, 0.0, 0.0, 0.0, 0.0, 0.0, 0.0, 0.0, 0.0, 0.0, 0.0, 0.0, 0.0, 0.0, 0.0, 0.0, 0.0], [0.0, 0.9708831951198726, 0.0, 0.0, 0.0, 0.0, 0.0, 0.0, 0.0, 0.0, 0.0, 0.0, 0.0, 0.0, 0.0, 0.0, 0.0, 0.0, 0.0, 0.0, 0.0, 0.0, 0.0, 0.0, 0.0, 0.0, 0.0, 0.0, 0.0, 0.0, 0.0, 0.0, 0.0], [0.0, 0.0, 0.0, 0.0, 0.0, 0.9087355930681604, 0.0, 0.0, 0.0, 0.0, 0.0, 0.0, 0.0, 0.0, 0.0, 0.0, 0.0, 0.0, 0.0, 0.0, 0.0, 0.0, 0.0, 0.0, 0.0, 0.0, 0.0, 0.0, 0.0, 0.0, 0.0, 0.0, 0.0], [0.0, 0.0, 0.0, 0.0, 0.0, 0.0, 0.0, 0.0, 0.908926528590678, 0.0, 0.0, 0.0, 0.0, 0.0, 0.0, 0.0, 0.0, 0.0, 0.0, 0.0, 0.0, 0.0, 0.0, 0.0, 0.0, 0.0, 0.0, 0.0, 0.0, 0.0, 0.0, 0.0, 0.0], [0.0, 0.0, 0.0, 0.0, 0.0, 0.0, 0.0, 0.0, 0.0, 0.0, 0.0, 0.0, 0.9643979459260696, 0.0, 0.0, 0.0, 0.0, 0.0, 0.0, 0.0, 0.0, 0.0, 0.0, 0.0, 0.0, 0.0, 0.0, 0.0, 0.0, 0.0, 0.0, 0.0, 0.0], [0.0, 0.0, 0.0, 0.0, 0.0, 0.0, 0.0, 0.0, 0.0, 0.0, 0.0, 0.0, 0.0, 0.9631514195857033, 0.0, 0.0, 0.0, 0.0, 0.0, 0.0, 0.0, 0.0, 0.0, 0.0, 0.0, 0.0, 0.0, 0.0, 0.0, 0.0, 0.0, 0.0, 0.0], [0.0, 0.0, 0.0, 0.0, 0.0, 0.0, 0.0, 0.0, 0.0, 0.0, 0.0, 0.0, 0.0, 0.9557718421388285, 0.0, 0.0, 0.0, 0.0, 0.0, 0.0, 0.0, 0.0, 0.0, 0.0, 0.0, 0.0, 0.0, 0.0, 0.0, 0.0, 0.0, 0.0, 0.0], [0.0, 0.0, 0.0, 0.0, 0.0, 0.0, 0.0, 0.0, 0.0, 0.0, 0.0, 0.0, 0.0, 0.0, 0.9780768470604678, 0.0, 0.0, 0.0, 0.0, 0.0, 0.0, 0.0, 0.0, 0.0, 0.0, 0.0, 0.0, 0.0, 0.0, 0.0, 0.0, 0.0, 0.0], [0.0, 0.0, 0.0, 0.0, 0.0, 0.0, 0.0, 0.0, 0.0, 0.0, 0.0, 0.0, 0.0, 0.0, 0.9770094019159948, 0.0, 0.0, 0.0, 0.0, 0.0, 0.0, 0.0, 0.0, 0.0, 0.0, 0.0, 0.0, 0.0, 0.0, 0.0, 0.0, 0.0, 0.0], [0.0, 0.0, 0.0, 0.0, 0.0, 0.0, 0.0, 0.0, 0.0, 0.0, 0.0, 0.0, 0.0, 0.0, 0.0, 0.9778481944040995, 0.0, 0.0, 0.0, 0.0, 0.0, 0.0, 0.0, 0.0, 0.0, 0.0, 0.0, 0.0, 0.0, 0.0, 0.0, 0.0, 0.0], [0.0, 0.0, 0.0, 0.0, 0.0, 0.0, 0.0, 0.0, 0.0, 0.0, 0.0, 0.0, 0.0, 0.0, 0.0, 0.9762496023429252, 0.0, 0.0, 0.0, 0.0, 0.0, 0.0, 0.0, 0.0, 0.0, 0.0, 0.0, 0.0, 0.0, 0.0, 0.0, 0.0, 0.0], [0.0, 0.0, 0.0, 0.0, 0.0, 0.0, 0.0, 0.0, 0.0, 0.0, 0.0, 0.0, 0.0, 0.0, 0.0, 0.0, 0.962192719203726, 0.0, 0.0, 0.0, 0.0, 0.0, 0.0, 0.0, 0.0, 0.0, 0.0, 0.0, 0.0, 0.0, 0.0, 0.0, 0.0], [0.0, 0.0, 0.0, 0.0, 0.0, 0.0, 0.0, 0.0, 0.0, 0.0, 0.0, 0.0, 0.0, 0.0, 0.0, 0.0, 0.9595993956093861, 0.0, 0.0, 0.0, 0.0, 0.0, 0.0, 0.0, 0.0, 0.0, 0.0, 0.0, 0.0, 0.0, 0.0, 0.0, 0.0]], "Born radii": [], "Atomic SASAs": [], "Solvent H bonds": [], "Total SASA": NaN, "Total FOD": 0.0, "FOD": [0.0, 0.0, 0.0, 0.0, 0.0, 0.0, 0.0, 0.0, 0.0, 0.0, 0.0, 0.0, 0.0, 0.0, 0.0, 0.0, 0.0, 0.0, 0.0, 0.0, 0.0, 0.0, 0.0, 0.0, 0.0, 0.0, 0.0, 0.0, 0.0, 0.0, 0.0, 0.0, 0.0], "FOD s proportion": [0.0, 0.0, 0.0, 0.0, 0.0, 0.0, 0.0, 0.0, 0.0, 0.0, 0.0, 0.0, 0.0, 0.0, 0.0, 0.0, 0.0, 0.0, 0.0, 0.0, 0.0, 0.0, 0.0, 0.0, 0.0, 0.0, 0.0, 0.0, 0.0, 0.0, 0.0, 0.0, 0.0], "FOD p proportion": [0.0, 0.0, 0.0, 0.0, 0.0, 0.0, 0.0, 0.0, 0.0, 0.0, 0.0, 0.0, 0.0, 0.0, 0.0, 0.0, 0.0, 0.0, 0.0, 0.0, 0.0, 0.0, 0.0, 0.0, 0.0, 0.0, 0.0, 0.0, 0.0, 0.0, 0.0, 0.0, 0.0], "FOD d proportion": [0.0, 0.0, 0.0, 0.0, 0.0, 0.0, 0.0, 0.0, 0.0, 0.0, 0.0, 0.0, 0.0, 0.0, 0.0, 0.0, 0.0, 0.0, 0.0, 0.0, 0.0, 0.0, 0.0, 0.0, 0.0, 0.0, 0.0, 0.0, 0.0, 0.0, 0.0, 0.0, 0.0], "coordinates": [["-2.86700", "1.97170", "-0.02020"], ["-1.36180", "1.70510", "-0.01930"], ["-0.96670", "0.20590", "-0.09980"], ["-1.50230", "-0.56760", "1.11290"], ["-1.70800", "-0.06200", "2.21580"], ["-1.69740", "-1.90990", "0.93900"], ["-2.01670", "-2.48140", "-0.24980"], ["-2.58580", "-3.56680", "-0.30390"], ["-1.76510", "-1.75850", "-1.37070"], ["-1.52570", "-0.41100", "-1.39310"], ["-1.71310", "0.21820", "-2.43430"], ["0.59070", "0.10150", "-0.07710"], ["1.34760", "-0.12130", "-1.17450"], ["2.84660", "-0.23910", "-1.17610"], ["3.44840", "-0.37540", "0.21860"], ["2.77310", "0.58220", "1.18800"], ["1.27070", "0.30160", "1.27340"], ["-3.36340", "1.49730", "0.83090"], ["-3.34500", "1.61660", "-0.93710"], ["-3.05060", "3.04910", "0.04950"], ["-0.91980", "2.25170", "-0.86320"], ["-0.95130", "2.16280", "0.88910"], ["-2.04300", "-2.40460", "1.75020"], ["-2.13290", "-2.15010", "-2.22680"], ["0.89920", "-0.20970", "-2.16240"], ["3.14130", "-1.10590", "-1.77860"], ["3.25840", "0.64900", "-1.67050"], ["3.32510", "-1.40570", "0.57590"], ["4.52560", "-0.17880", "0.17870"], ["2.93790", "1.61630", "0.85950"], ["3.22180", "0.48850", "2.18350"], ["0.81010", "1.13310", "1.81690"], ["1.11910", "-0.60290", "1.87570"]], "bond_dist": [[0.0, 1.5286279501566105, 2.5952891727127443, 3.097477391362203, 3.237114871301295, 4.165914948723749, 4.539364036954956, 5.552885860523337, 4.1173323766730325, 3.059607718319458, 3.1990820980399985, 3.9314850807296726, 4.8451945936154095, 6.234498088058091, 6.741674940992038, 5.933058696827463, 4.645771869130037, 1.0935444801195788, 1.0932911871957993, 1.0951519574926578, 2.1402422386262727, 2.1291435343818415, 4.792211791020926, 4.732570296361165, 4.8509575590804745, 6.975905762694906, 6.480243092662496, 7.0784368599288925, 7.701606729767497, 5.881925302143848, 6.643015984475726, 4.195146097575149, 5.109989743629629], [1.5286279501566105, 0.0, 1.5524770207639147, 2.5429869012639448, 2.8702210472366065, 3.754888979716977, 4.243678417363879, 5.419603562069831, 3.7397135999966626, 2.528254113019496, 2.857710324718025, 2.52727720086262, 3.465699404160724, 4.777942071645491, 5.246246343815739, 4.451502635066051, 3.2512984775317078, 2.184587704808392, 2.1870691187065856, 2.159424664117737, 1.098318155180911, 1.0969002233567098, 4.526013453360474, 4.5089043569363945, 3.65670037738943, 5.592384741771617, 5.018770436072963, 5.656710288674858, 6.184639194811609, 4.389486868644215, 5.228941801167804, 2.9010281022423756, 3.882364461252962], [2.5952891727127443, 1.5524770207639147, 0.0, 1.5348651080795341, 2.446078383862627, 2.467719102734345, 2.889045048108458, 4.1105239215944245, 2.4721441563954154, 1.538073957909697, 2.4509497138864353, 1.5610603479686491, 2.5725521219209533, 3.9871924433114585, 4.464571229132759, 3.973176886321574, 2.626936521882476, 2.8771665471432133, 2.889196544023961, 3.5282737903966583, 2.1840963371609776, 2.192628098880428, 3.3757416873925647, 3.38155104057295, 2.812227752156642, 4.627618467419284, 4.529338374420706, 4.63393701834628, 5.512795627447113, 4.260913729471649, 4.778792096335642, 2.7731673173467195, 2.984513248420921], [3.097477391362203, 2.5429869012639448, 1.5348651080795341, 0.0, 1.2305820817808133, 1.367506676400521, 2.4050341141031657, 3.4894835047611275, 2.7668710866247452, 2.5109972361593713, 3.6393057195020044, 2.4988885149201834, 3.6814823726319807, 4.92548113994968, 5.034495388815049, 4.42794819414139, 2.910463518067182, 2.7941061576110524, 3.516926631307512, 4.075361498075968, 3.4918089795978244, 2.7944179358141827, 2.0181865077341095, 3.749074379096792, 4.077117210726225, 5.496686283571221, 5.647273289827579, 4.928952360289151, 6.112239645989021, 4.95469543059914, 4.957686192166664, 2.9555355267700643, 2.7303567331028376], [3.237114871301295, 2.8702210472366065, 2.446078383862627, 1.2305820817808133, 0.0, 2.2461222161761367, 3.4681371671258914, 4.404888644449483, 3.967915688368391, 3.630315895345748, 4.658537115876614, 3.2508682455614846, 4.564465131863755, 5.681613431059878, 5.538545689980357, 4.642372635840427, 3.1453102247632105, 2.6626516219738554, 3.9291532637452566, 4.021737641865765, 3.9312476302059634, 2.698603864964252, 2.4118008043783385, 4.9272097966293265, 5.097837028583789, 6.368725858442959, 6.346178192424162, 5.461400672904342, 6.5590538654595605, 5.122560628240529, 4.960546500134838, 2.8157082288475843, 2.8984021856878313], [4.165914948723749, 3.754888979716977, 2.467719102734345, 1.367506676400521, 2.2461222161761367, 0.0, 1.3571330737993232, 2.253746343313728, 2.3156466353915053, 2.7775659326107816, 3.9885096201463526, 3.2114779743912303, 4.115579814558332, 5.2832903242203155, 5.4178338891110345, 5.124249570424921, 3.7164732233664752, 3.794239508781701, 4.320941936661496, 5.216707916876312, 4.601249956261885, 4.140777766313955, 1.01104544408251, 3.2046288287413254, 4.38767518852524, 5.607564841354935, 6.1577116772385505, 5.060787043533841, 6.503882863336331, 5.824638424829477, 5.612453247021306, 4.0395684992335505, 3.2431972095449266], [4.539364036954956, 4.243678417363879, 2.889045048108458, 2.4050341141031657, 3.4681371671258914, 1.3571330737993232, 0.0, 1.2267415294184838, 1.3573149155593922, 2.415527281982135, 3.4859795423955084, 3.6741982064118424, 4.212321995052135, 5.434853067931092, 5.875538491917145, 5.864733398885238, 4.568613137484941, 4.337230345508525, 4.362380792640643, 5.634266584924785, 4.89710983948696, 4.899057461389894, 2.0016468045087272, 2.0079320531332727, 4.16186646349928, 5.552854553290587, 6.296385682278365, 5.511237449067133, 6.948904107843193, 6.524550018200489, 6.494854667350148, 5.032559724434475, 4.228445830325842], [5.552885860523337, 5.419603562069831, 4.1105239215944245, 3.4894835047611275, 4.404888644449483, 2.253746343313728, 1.2267415294184838, 0.0, 2.254231492105458, 3.5027478199265216, 4.430173185102362, 4.857778852520975, 5.301042366365317, 6.430030317968959, 6.846138316598636, 6.939580377803834, 5.685506670473617, 5.24762247212964, 5.2768326143625215, 6.6416160239809106, 6.078101244632242, 6.076442660800807, 2.4217075566632733, 2.4309878053992784, 5.183567078759568, 6.405501019436341, 7.334523763680911, 6.354773014042279, 7.891986867703215, 7.663503562992582, 7.50738533778572, 6.1740577791271125, 5.221268368892754], [4.1173323766730325, 3.7397135999966626, 2.4721441563954154, 2.7668710866247452, 3.967915688368391, 2.3156466353915053, 1.3573149155593922, 2.254231492105458, 0.0, 1.3687842671509631, 2.24528213149261, 3.2684544665636692, 3.52247350167464, 4.85944671850613, 5.623115004159171, 5.711486795922757, 4.522317819437285, 4.242857420418461, 3.7517186701563854, 5.175180774620342, 4.129623757680595, 4.59843018540023, 3.1991702721174438, 1.0107099534485646, 3.1818335625862013, 4.966390050126953, 5.578663687658542, 5.461122177721351, 6.668507999545325, 6.203327823031763, 6.523075827399218, 5.01535635423845, 4.493677109005496], [3.059607718319458, 2.528254113019496, 1.538073957909697, 2.5109972361593713, 3.630315895345748, 2.7775659326107816, 2.415527281982135, 3.5027478199265216, 1.3687842671509631, 0.0, 1.230897574942773, 2.5443390516988886, 2.8961293030526107, 4.381055340896757, 5.228815837261817, 5.111575578038536, 3.9291060013697776, 3.4590354406973054, 2.7620554393422303, 4.04706149940917, 2.781704533195429, 3.487523281642719, 3.757974872188477, 2.0219338119730823, 2.5519569334140417, 4.734172077565411, 4.907969393751351, 5.328850695037345, 6.256413011462718, 5.39517163860428, 6.011649030008322, 4.259613415557801, 4.209138402333665], [3.1990820980399985, 2.857710324718025, 2.4509497138864353, 3.6393057195020044, 4.658537115876614, 3.9885096201463526, 3.4859795423955084, 4.430173185102362, 2.24528213149261, 1.230897574942773, 0.0, 3.298106300591295, 3.3271971357285097, 4.752163151660516, 5.833637083329747, 5.777503243616572, 4.759942992305685, 3.8757087016441263, 2.619203697691342, 3.9965189227626587, 2.689386984054173, 3.925149164044597, 4.94954079688207, 2.414152683655282, 2.6610410199769565, 5.074286418798214, 5.048246361856759, 6.089483926409527, 6.775452434339717, 5.868185669353007, 6.763902493383535, 5.0275522563171835, 5.222227690363567], [3.9314850807296726, 2.52727720086262, 1.5610603479686491, 2.4988885149201834, 3.2508682455614846, 3.2114779743912303, 3.6741982064118424, 4.857778852520975, 3.2684544665636692, 2.5443390516988886, 3.298106300591295, 0.0, 1.3516006103875509, 2.532369279943192, 2.912270830468897, 2.5679603306904877, 1.5252181024365008, 4.290411221549748, 4.304051870040602, 4.686516724604747, 2.7427948337416708, 2.7495934481301045, 4.0688988915921716, 4.136291770414655, 2.1308434433341175, 3.295220382614796, 3.1552025450040446, 3.1898282398900415, 3.9531556685766875, 2.946385317639226, 3.4903822956805177, 2.167849376686489, 2.1421516659657875], [4.8451945936154095, 3.465699404160724, 2.5725521219209533, 3.6814823726319807, 4.564465131863755, 4.115579814558332, 4.212321995052135, 5.301042366365317, 3.52247350167464, 2.8961293030526107, 3.3271971357285097, 1.3516006103875509, 0.0, 1.5036224260099342, 2.533506475223618, 2.8475197541018042, 2.4853515707038314, 5.3698245893138825, 5.009705573184916, 5.5582169263172885, 3.296837795524675, 3.8419394815639665, 5.026280666656011, 4.163801746000883, 1.0884959944804573, 2.1334792382397354, 2.119088183629931, 2.9366800591824775, 3.4545825348368795, 3.112147787300597, 3.8936673817880236, 3.287993243606197, 3.096428725160649], [6.234498088058091, 4.777942071645491, 3.9871924433114585, 4.92548113994968, 5.681613431059878, 5.2832903242203155, 5.434853067931092, 6.430030317968959, 4.85944671850613, 4.381055340896757, 4.752163151660516, 2.532369279943192, 1.5036224260099342, 0.0, 1.5250996754310846, 2.5037780951993325, 2.962409078773558, 6.75331281372335, 6.468126007585196, 6.862311741680059, 4.526340686470695, 4.945525155127613, 6.095966707586254, 5.436111821881519, 2.1831213456883245, 1.095991140475141, 1.096691483508466, 2.1585693896652938, 2.1582771207609093, 2.7558142553517646, 3.457902393070111, 3.871474407767666, 3.5256332665210657], [6.741674940992038, 5.246246343815739, 4.464571229132759, 5.034495388815049, 5.538545689980357, 5.4178338891110345, 5.875538491917145, 6.846138316598636, 5.623115004159171, 5.228815837261817, 5.833637083329747, 2.912270830468897, 2.533506475223618, 1.5250996754310846, 0.0, 1.5207775018062306, 2.512629962807894, 7.0910179678238014, 7.173143665785594, 7.347979045969035, 5.210865272677849, 5.123415811741225, 6.051357298986733, 6.3466881867632345, 3.4921394774550456, 2.1486620255405455, 2.1573581459739133, 1.0974444268390087, 1.0957204981198443, 2.1536554854479393, 2.1583564997469717, 3.43376790566864, 2.867642786331659], [5.933058696827463, 4.451502635066051, 3.973176886321574, 4.42794819414139, 4.642372635840427, 5.124249570424921, 5.864733398885238, 6.939580377803834, 5.711486795922757, 5.111575578038536, 5.777503243616572, 2.5679603306904877, 2.8475197541018042, 2.5037780951993325, 1.5207775018062306, 0.0, 1.53076297316077, 6.214624740883394, 6.558748430912716, 6.426294387125446, 4.542263983962182, 4.056943791821622, 5.694897917434518, 6.57230236142556, 3.9196666924625103, 3.4330698230592396, 2.9001725086622003, 2.1520029786224737, 2.1608016429094086, 1.0974671293483007, 1.0959615093606163, 2.133629541415285, 2.147815006000284], [4.645771869130037, 3.2512984775317078, 2.626936521882476, 2.910463518067182, 3.1453102247632105, 3.7164732233664752, 4.568613137484941, 5.685506670473617, 4.522317819437285, 3.9291060013697776, 4.759942992305685, 1.5252181024365008, 2.4853515707038314, 2.962409078773558, 2.512629962807894, 1.53076297316077, 0.0, 4.806286253439343, 5.283958907864443, 5.265009131046213, 3.6285313585526584, 2.923873446303721, 4.3048187383442755, 5.463215709634757, 3.4934455169645915, 3.84641451354375, 3.5690594363221244, 2.7607859207117094, 3.4674956755560635, 2.163170159742409, 2.1610193960258663, 1.0949597526850017, 1.0972092325532081], [1.0935444801195788, 2.184587704808392, 2.8771665471432133, 2.7941061576110524, 2.6626516219738554, 3.794239508781701, 4.337230345508525, 5.24762247212964, 4.242857420418461, 3.4590354406973054, 3.8757087016441263, 4.290411221549748, 5.3698245893138825, 6.75331281372335, 7.0910179678238014, 6.214624740883394, 4.806286253439343, 0.0, 1.7721159809673859, 1.7653648461437086, 3.0676171746161547, 2.5028990990449453, 4.220591458551751, 4.916013252626563, 5.481190805837724, 7.476447189675053, 7.129154935193933, 7.29578414222899, 8.09141502149037, 6.302488449017578, 6.797945516109997, 4.303828515403465, 5.059175163008294], [1.0932911871957993, 2.1870691187065856, 2.889196544023961, 3.516926631307512, 3.9291532637452566, 4.320941936661496, 4.362380792640643, 5.2768326143625215, 3.7517186701563854, 2.7620554393422303, 2.619203697691342, 4.304051870040602, 5.009705573184916, 6.468126007585196, 7.173143665785594, 6.558748430912716, 5.283958907864443, 1.7721159809673859, 0.0, 1.764116540934867, 2.5080686314373457, 3.059924928817699, 5.008675945796454, 4.161795452686256, 4.78016374405731, 7.084646511294689, 6.714090919849091, 7.477546409083664, 8.1495285237859, 6.534722952046246, 7.357555042947352, 5.008307524503662, 5.724177923510066], [1.0951519574926578, 2.159424664117737, 3.5282737903966583, 4.075361498075968, 4.021737641865765, 5.216707916876312, 5.634266584924785, 6.6416160239809106, 5.175180774620342, 4.04706149940917, 3.9965189227626587, 4.686516724604747, 5.5582169263172885, 6.862311741680059, 7.347979045969035, 6.426294387125446, 5.265009131046213, 1.7653648461437086, 1.764116540934867, 0.0, 2.451362211098148, 2.4284802531624594, 5.800903545138463, 5.74938219463622, 5.577920677994624, 7.677603807178383, 6.9657993805449205, 7.7956327831677665, 8.236190714766142, 6.21056745313985, 7.103071879123848, 4.658300467981858, 5.83596680336686], [2.1402422386262727, 1.098318155180911, 2.1840963371609776, 3.4918089795978244, 3.9312476302059634, 4.601249956261885, 4.89710983948696, 6.078101244632242, 4.129623757680595, 2.781704533195429, 2.689386984054173, 2.7427948337416708, 3.296837795524675, 4.526340686470695, 5.210865272677849, 4.542263983962182, 3.6285313585526584, 3.0676171746161547, 2.5080686314373457, 2.451362211098148, 0.0, 1.7548363883849685, 5.456424423557976, 4.765171540458958, 3.3249318188498242, 5.348267769100571, 4.547277847240039, 5.785046203791288, 6.053533432632547, 4.2723854858849055, 5.435448986974305, 3.380348499785192, 4.450553626235729], [2.1291435343818415, 1.0969002233567098, 2.192628098880428, 2.7944179358141827, 2.698603864964252, 4.140777766313955, 4.899057461389894, 6.076442660800807, 4.59843018540023, 3.487523281642719, 3.925149164044597, 2.7495934481301045, 3.8419394815639665, 4.945525155127613, 5.123415811741225, 4.056943791821622, 2.923873446303721, 2.5028990990449453, 3.059924928817699, 2.4284802531624594, 1.7548363883849685, 0.0, 4.774352821063814, 5.45033189631604, 4.2854123197190725, 5.877958637146063, 5.154097078053536, 5.578519826082901, 5.998682549527021, 3.9275202163706298, 4.679050700729796, 2.2413444380549814, 3.592914166801094], [4.792211791020926, 4.526013453360474, 3.3757416873925647, 2.0181865077341095, 2.4118008043783385, 1.01104544408251, 2.0016468045087272, 2.4217075566632733, 3.1991702721174438, 3.757974872188477, 4.94954079688207, 4.0688988915921716, 5.026280666656011, 6.095966707586254, 6.051357298986733, 5.694897917434518, 4.3048187383442755, 4.220591458551751, 5.008675945796454, 5.800903545138463, 5.456424423557976, 4.774352821063814, 0.0, 3.9861486750998134, 5.364938546712348, 6.404374881282325, 7.009315473710682, 5.585094386847907, 7.111280043002103, 6.462998383877254, 6.022947413019642, 4.545321747687396, 3.6415312095326056], [4.732570296361165, 4.5089043569363945, 3.38155104057295, 3.749074379096792, 4.9272097966293265, 3.2046288287413254, 2.0079320531332727, 2.4309878053992784, 1.0107099534485646, 2.0219338119730823, 2.414152683655282, 4.136291770414655, 4.163801746000883, 5.436111821881519, 6.3466881867632345, 6.57230236142556, 5.463215709634757, 4.916013252626563, 4.161795452686256, 5.74938219463622, 4.765171540458958, 5.45033189631604, 3.9861486750998134, 0.0, 3.6004069117253956, 5.395222193756251, 6.100044769507843, 6.180535789881004, 7.349018722931654, 7.030222563333255, 7.4219787213384, 5.98265500676748, 5.458922795753756], [4.8509575590804745, 3.65670037738943, 2.812227752156642, 4.077117210726225, 5.097837028583789, 4.38767518852524, 4.16186646349928, 5.183567078759568, 3.1818335625862013, 2.5519569334140417, 2.6610410199769565, 2.1308434433341175, 1.0884959944804573, 2.1831213456883245, 3.4921394774550456, 3.9196666924625103, 3.4934455169645915, 5.481190805837724, 4.78016374405731, 5.577920677994624, 3.3249318188498242, 4.2854123197190725, 5.364938546712348, 3.6004069117253956, 0.0, 2.4448904453983213, 2.558350237946321, 3.8488561547555915, 4.316535761464278, 4.077064299223156, 4.9768263793305065, 4.200699839312493, 4.063153191795751], [6.975905762694906, 5.592384741771617, 4.627618467419284, 5.496686283571221, 6.368725858442959, 5.607564841354935, 5.552854553290587, 6.405501019436341, 4.966390050126953, 4.734172077565411, 5.074286418798214, 3.295220382614796, 2.1334792382397354, 1.095991140475141, 2.1486620255405455, 3.4330698230592396, 3.84641451354375, 7.476447189675053, 7.084646511294689, 7.677603807178383, 5.348267769100571, 5.877958637146063, 6.404374881282325, 5.395222193756251, 2.4448904453983213, 0.0, 1.7621214572213801, 2.3806160400198935, 2.570374328770033, 3.7962239146288512, 4.271630604347712, 4.834794172454501, 4.206686383604083], [6.480243092662496, 5.018770436072963, 4.529338374420706, 5.647273289827579, 6.346178192424162, 6.1577116772385505, 6.296385682278365, 7.334523763680911, 5.578663687658542, 4.907969393751351, 5.048246361856759, 3.1552025450040446, 2.119088183629931, 1.096691483508466, 2.1573581459739133, 2.9001725086622003, 3.5690594363221244, 7.129154935193933, 6.714090919849091, 6.9657993805449205, 4.547277847240039, 5.154097078053536, 7.009315473710682, 6.100044769507843, 2.558350237946321, 1.7621214572213801, 0.0, 3.045086852620135, 2.3896839372603234, 2.727506102651285, 3.8575142008811842, 4.2884128136176445, 4.326591330366204], [7.0784368599288925, 5.656710288674858, 4.63393701834628, 4.928952360289151, 5.461400672904342, 5.060787043533841, 5.511237449067133, 6.354773014042279, 5.461122177721351, 5.328850695037345, 6.089483926409527, 3.1898282398900415, 2.9366800591824775, 2.1585693896652938, 1.0974444268390087, 2.1520029786224737, 2.7607859207117094, 7.29578414222899, 7.477546409083664, 7.7956327831677665, 5.785046203791288, 5.578519826082901, 5.585094386847907, 6.180535789881004, 3.8488561547555915, 2.3806160400198935, 3.045086852620135, 0.0, 1.7618886741221762, 3.05987529157644, 2.486572397900371, 3.782963314651624, 2.683356830538943], [7.701606729767497, 6.184639194811609, 5.512795627447113, 6.112239645989021, 6.5590538654595605, 6.503882863336331, 6.948904107843193, 7.891986867703215, 6.668507999545325, 6.256413011462718, 6.775452434339717, 3.9531556685766875, 3.4545825348368795, 2.1582771207609093, 1.0957204981198443, 2.1608016429094086, 3.4674956755560635, 8.09141502149037, 8.1495285237859, 8.236190714766142, 6.053533432632547, 5.998682549527021, 7.111280043002103, 7.349018722931654, 4.316535761464278, 2.570374328770033, 2.3896839372603234, 1.7618886741221762, 0.0, 2.491317711573536, 2.482822339596613, 4.267284979937477, 3.8293487775338506], [5.881925302143848, 4.389486868644215, 4.260913729471649, 4.95469543059914, 5.122560628240529, 5.824638424829477, 6.524550018200489, 7.663503562992582, 6.203327823031763, 5.39517163860428, 5.868185669353007, 2.946385317639226, 3.112147787300597, 2.7558142553517646, 2.1536554854479393, 1.0974671293483007, 2.163170159742409, 6.302488449017578, 6.534722952046246, 6.21056745313985, 4.2723854858849055, 3.9275202163706298, 6.462998383877254, 7.030222563333255, 4.077064299223156, 3.7962239146288512, 2.727506102651285, 3.05987529157644, 2.491317711573536, 0.0, 1.7622451730675843, 2.38277775715655, 3.0439356957728263], [6.643015984475726, 5.228941801167804, 4.778792096335642, 4.957686192166664, 4.960546500134838, 5.612453247021306, 6.494854667350148, 7.50738533778572, 6.523075827399218, 6.011649030008322, 6.763902493383535, 3.4903822956805177, 3.8936673817880236, 3.457902393070111, 2.1583564997469717, 1.0959615093606163, 2.1610193960258663, 6.797945516109997, 7.357555042947352, 7.103071879123848, 5.435448986974305, 4.679050700729796, 6.022947413019642, 7.4219787213384, 4.9768263793305065, 4.271630604347712, 3.8575142008811842, 2.486572397900371, 2.482822339596613, 1.7622451730675843, 0.0, 2.523133292158779, 2.388983484664555], [4.195146097575149, 2.9010281022423756, 2.7731673173467195, 2.9555355267700643, 2.8157082288475843, 4.0395684992335505, 5.032559724434475, 6.1740577791271125, 5.01535635423845, 4.259613415557801, 5.0275522563171835, 2.167849376686489, 3.287993243606197, 3.871474407767666, 3.43376790566864, 2.133629541415285, 1.0949597526850017, 4.303828515403465, 5.008307524503662, 4.658300467981858, 3.380348499785192, 2.2413444380549814, 4.545321747687396, 5.98265500676748, 4.200699839312493, 4.834794172454501, 4.2884128136176445, 3.782963314651624, 4.267284979937477, 2.38277775715655, 2.523133292158779, 0.0, 1.7642659776802363], [5.109989743629629, 3.882364461252962, 2.984513248420921, 2.7303567331028376, 2.8984021856878313, 3.2431972095449266, 4.228445830325842, 5.221268368892754, 4.493677109005496, 4.209138402333665, 5.222227690363567, 2.1421516659657875, 3.096428725160649, 3.5256332665210657, 2.867642786331659, 2.147815006000284, 1.0972092325532081, 5.059175163008294, 5.724177923510066, 5.83596680336686, 4.450553626235729, 3.592914166801094, 3.6415312095326056, 5.458922795753756, 4.063153191795751, 4.206686383604083, 4.326591330366204, 2.683356830538943, 3.8293487775338506, 3.0439356957728263, 2.388983484664555, 1.7642659776802363, 0.0]]}