{"total energy": -44.1390696, "HOMO-LUMO gap/eV": 3.24556243, "electronic energy": -44.53862689, "dipole": [-0.29409353, -1.14957801, 1.11348993], "partial charges": [-0.1148053, 0.09188371, -0.25060376, 0.36499104, -0.38220836, -0.25579451, 0.09179963, -0.1114019, -0.12582427, 0.05106847, -0.17047645, -0.00290934, -0.10437039, 0.06035724, 0.05743168, 0.05868879, 0.05897303, 0.04599763, 0.05288575, 0.04716581, 0.06066949, 0.0552721, 0.05283466, 0.05350938, 0.06499963, 0.06282468, 0.04405307, 0.0458863, 0.05474483, 0.04235737], "atomic dipole moments": [[0.12430532, 0.00461889, -0.08231815], [0.0448074, -0.28125103, 0.02036617], [0.07895538, 0.15644122, -0.01726786], [-0.11304863, -0.06782161, 0.27472457], [-0.18159025, -0.2234329, 0.33055849], [-0.10493502, 0.0443074, 0.15092817], [0.18127181, 0.0946752, -0.18962931], [-0.05259822, 0.13497071, 0.0054824], [0.10899132, -0.2157862, -0.45703538], [-0.07806113, 0.06171833, 0.13862855], [-0.00795702, -0.11665856, -0.41239597], [-0.08314017, 0.11979962, -0.00110394], [-0.06392412, -0.06758828, 0.08008943], [-0.09363829, -0.07153055, -0.05141792], [0.01729397, -0.05231267, 0.11573913], [-0.04231767, 0.12189489, 0.01436698], [-0.02094626, 0.04024058, -0.11468612], [0.09289005, 0.05954619, 0.05548859], [-0.11749727, 0.00846337, -0.037702], [0.01725858, 0.05390181, 0.10709532], [-0.00917851, -0.05554941, -0.11661689], [-0.06486827, -0.07078993, 0.08633391], [0.12440158, -0.00658006, 0.02616702], [-0.02074001, -0.1195959, -0.03342836], [0.04417233, 0.07539514, -0.0917543], [0.08203118, -0.02939259, 0.09212144], [-0.03695595, -0.11143815, -0.04758617], [0.10305338, -0.06104343, -0.04173628], [0.04198864, 0.11362419, 0.04846773], [-0.0696057, 0.02297439, -0.10469529]], "atomic quadrupole moments": [[0.15456468, -0.02243556, -0.13681526, -0.20006664, 0.00971144, -0.01774941], [-0.07434171, -0.24884329, 0.37497286, -0.17684495, 0.06713527, -0.30063114], [0.01588439, -0.06054561, 0.09399096, -0.04245946, 0.01137027, -0.10987535], [0.23633835, -0.27444642, 0.33641562, 0.3519804, 0.36125495, -0.57275397], [-0.29123496, 0.09934469, -0.20657507, -0.22896462, -0.32249313, 0.49781003], [-0.05325522, 0.05286354, 0.05444959, -0.08434853, -0.04446247, -0.00119437], [-0.12319837, 0.13150131, 0.14505957, -0.30232823, -0.28560917, -0.0218612], [-0.0943386, -0.12429702, 0.24248842, -0.00177931, -0.01832995, -0.14814982], [0.34369878, -0.18210715, -0.47087614, 0.21044763, 0.27727824, 0.12717736], [0.29038864, -0.21082098, -0.30891101, 0.08392479, 0.11322082, 0.01852237], [0.33502152, -0.35465109, -0.49984305, 0.22033413, 0.20812306, 0.16482153], [0.11567815, -0.15925745, -0.05224975, -0.26027948, 0.00699093, -0.06342841], [-0.01813949, 0.07540357, -0.02244765, -0.13999786, -0.13902434, 0.04058714], [0.0155029, 0.04794805, -0.01665254, 0.03562197, 0.03486941, 0.00114964], [-0.01999858, -0.00932756, -0.03547147, 0.02651341, -0.04377089, 0.05547005], [-0.02990166, -0.03249336, 0.07604302, -0.01018132, 0.00676699, -0.04614137], [-0.02277908, -0.02654669, -0.00575878, 0.00658378, -0.01193671, 0.02853787], [0.01392514, -0.00251149, 0.00991065, 0.01776573, 0.02772127, -0.02383579], [0.02913778, 0.01190371, -0.00666978, 0.0141633, -0.02269862, -0.022468], [-0.03540747, 0.01886442, 0.00353751, 0.00296173, 0.00320437, 0.03186996], [-0.03716783, -0.0032782, -0.02170637, 0.02564084, 0.03890953, 0.0588742], [-0.00680084, 0.02978251, -0.00578103, -0.05317676, -0.04332898, 0.01258187], [0.07140624, 0.00432016, -0.03159231, 0.03569339, 0.01031278, -0.03981393], [-0.00530976, -0.0038677, 0.02769563, 0.01343238, 0.02349451, -0.02238587], [0.01029121, 0.00518601, -0.02077015, -0.01215176, -0.02690266, 0.01047894], [0.02529183, -0.00814051, -0.04759697, 0.03222164, -0.01621614, 0.02230514], [-0.01029506, 0.02523286, 0.01433633, -0.01094459, 0.04117969, -0.00404127], [0.03266771, -0.0568938, -0.00163936, -0.03188197, 0.00902994, -0.03102835], [-0.03892583, 0.02922409, 0.04085972, 0.00404364, 0.04236068, -0.00193389], [0.01925612, -0.00216063, -0.04101347, 0.05298433, -0.02055742, 0.02175734]], "number of molecular orbitals": 89, "number of electrons": 80, "number of unpaired electrons": 0, "orbital energies/eV": [-20.55579713, -20.27865641, -20.08960048, -19.79851399, -18.97865464, -18.51194833, -18.10298312, -17.34678236, -17.264832, -17.05852031, -16.85110726, -16.6793821, -16.19064878, -16.06694897, -15.97904831, -15.53056446, -15.33813879, -14.89397555, -14.73450972, -14.65455503, -14.52797083, -14.27376723, -13.84308604, -13.77032566, -13.72345817, -13.5254181, -13.3940978, -13.30500377, -13.23566593, -13.07461143, -12.93508437, -12.65683366, -12.57220931, -12.33295538, -12.32477554, -11.94740161, -11.11492057, -10.19612816, -10.09477125, -10.01803455, -6.77247212, -6.22297172, -5.78331627, -4.45191756, -4.17194841, -3.74180966, -3.31090435, -0.98440397, -0.96075115, -0.74321403, -0.40970243, -0.29005997, 0.00066421, 0.15543253, 0.65323515, 0.72583712, 1.20461054, 2.14384514, 2.28116283, 2.52969953, 2.73441002, 2.79490171, 3.23396512, 3.39238049, 3.46613014, 3.53226431, 3.76364947, 3.8463914, 4.02224405, 4.24809578, 4.47594627, 4.55084053, 4.66189112, 4.90071495, 5.53986701, 5.7916855, 6.09491918, 6.11963956, 6.42926187, 6.65098215, 6.9053504, 7.35831332, 9.1273265, 10.57738726, 11.04451514, 12.51386279, 25.86093814, 26.97537284, 35.80083871], "fractional occupation": [2.0, 2.0, 2.0, 2.0, 2.0, 2.0, 2.0, 2.0, 2.0, 2.0, 2.0, 2.0, 2.0, 2.0, 2.0, 2.0, 2.0, 2.0, 2.0, 2.0, 2.0, 2.0, 2.0, 2.0, 2.0, 2.0, 2.0, 2.0, 2.0, 2.0, 2.0, 2.0, 2.0, 2.0, 2.0, 2.0, 2.0, 2.0, 2.0, 2.0, 0.0, 0.0, 0.0, 0.0, 0.0, 0.0, 0.0, 0.0, 0.0, 0.0, 0.0, 0.0, 0.0, 0.0, 0.0, 0.0, 0.0, 0.0, 0.0, 0.0, 0.0, 0.0, 0.0, 0.0, 0.0, 0.0, 0.0, 0.0, 0.0, 0.0, 0.0, 0.0, 0.0, 0.0, 0.0, 0.0, 0.0, 0.0, 0.0, 0.0, 0.0, 0.0, 0.0, 0.0, 0.0, 0.0, 0.0, 0.0, 0.0], "program call": "xtb /home/svss/Project-DBcg-Debug/aqme2_20220329/End-to-End-workflows-final/example-3/QDESCP/mol_23_rdkit_conf_19/mol_23_rdkit_conf_19.xyz --pop --wbo --acc 0.2 --gfn 2 --chrg 0 --uhf 0 --etemp 300 --input /home/svss/Project-DBcg-Debug/aqme2_20220329/End-to-End-workflows-final/example-3/QDESCP/mol_23_rdkit_conf_19/mol_23_rdkit_conf_19_xtb.inp", "method": "GFN2-xTB", "xtb version": "6.3.3 (7355c4f)", "Dipole module/D": 4.136, "Total charge": 0, "Transition dipole module/D": NaN, "HOMO": -10.018, "LUMO": -6.7725, "HOMO occupancy": 2.0, "LUMO occupancy": 0, "mulliken charges": [-0.0966, 0.20669, -0.37244, 0.37533, -0.21688, -0.37126, 0.20964, -0.09798, -0.08906, 0.08342, -0.12725, 0.01975, -0.08967, 0.0434, 0.03983, 0.03292, 0.03136, 0.02432, 0.03482, 0.0221, 0.04333, 0.03032, 0.03722, 0.0379, 0.03166, 0.03535, 0.02605, 0.0324, 0.0322, 0.03113], "cm5 charges": [-0.24306, 0.1285, -0.43631, 0.31438, -0.18672, -0.43232, 0.13182, -0.24444, -0.09058, 0.01168, -0.17137, -0.0746, -0.2377, 0.09671, 0.09319, 0.08413, 0.09538, 0.09006, 0.1007, 0.0893, 0.09665, 0.08155, 0.09059, 0.09842, 0.09098, 0.09102, 0.08179, 0.08321, 0.08387, 0.08316], "FUKUI+": [0.01, 0.014, 0.006, -0.142, -0.173, -0.01, 0.017, 0.012, -0.272, 0.045, -0.147, 0.016, 0.018, -0.019, -0.008, -0.023, -0.019, 0.002, -0.029, -0.005, -0.019, -0.026, -0.005, -0.062, -0.058, -0.034, -0.029, -0.033, -0.018, -0.008], "FUKUI-": [0.008, 0.012, -0.005, -0.105, -0.292, 0.006, 0.011, 0.009, -0.098, 0.065, -0.3, 0.035, 0.015, -0.016, -0.01, -0.021, -0.011, -0.003, -0.021, -0.005, -0.015, -0.023, -0.003, -0.044, -0.042, -0.038, -0.038, -0.038, -0.019, -0.012], "FUKUIrad": [0.009, 0.013, 0.001, -0.123, -0.233, -0.002, 0.014, 0.011, -0.185, 0.055, -0.224, 0.025, 0.017, -0.017, -0.009, -0.022, -0.015, -0.001, -0.025, -0.005, -0.017, -0.024, -0.004, -0.053, -0.05, -0.036, -0.033, -0.036, -0.018, -0.01], "s proportion": [1.012, 0.993, 1.66, 1.516, 1.89, 1.657, 0.993, 1.012, 1.909, 1.041, 1.931, 1.035, 1.011, 0.957, 0.96, 0.967, 0.969, 0.976, 0.965, 0.978, 0.957, 0.97, 0.963, 0.962, 0.968, 0.965, 0.974, 0.968, 0.968, 0.969], "p proportion": [3.084, 2.801, 4.712, 2.021, 4.341, 4.714, 2.798, 3.086, 4.184, 2.875, 4.197, 2.945, 3.078, 0.0, 0.0, 0.0, 0.0, 0.0, 0.0, 0.0, 0.0, 0.0, 0.0, 0.0, 0.0, 0.0, 0.0, 0.0, 0.0, 0.0], "d proportion": [0.0, 0.0, 0.0, 1.088, -0.014, 0.0, 0.0, 0.0, -0.004, 0.0, -0.0, 0.0, 0.0, 0.0, 0.0, 0.0, 0.0, 0.0, 0.0, 0.0, 0.0, 0.0, 0.0, 0.0, 0.0, 0.0, 0.0, 0.0, 0.0, 0.0], "Fermi-level/eV": -8.3953, "Coordination numbers": [3.749, 3.904, 1.658, 3.918, 0.926, 1.658, 3.893, 3.749, 2.059, 3.795, 2.134, 3.793, 3.777, 0.924, 0.924, 0.924, 0.924, 0.924, 0.924, 0.924, 0.924, 0.924, 0.924, 0.924, 0.925, 0.924, 0.924, 0.924, 0.924, 0.924], "Dispersion coefficient C6": [22.764, 19.01, 18.168, 145.031, 155.789, 18.254, 19.014, 22.697, 146.334, 19.725, 148.267, 20.64, 22.519, 2.195, 2.229, 2.214, 2.211, 2.371, 2.284, 2.356, 2.191, 2.255, 2.285, 2.277, 2.141, 2.166, 2.396, 2.372, 2.262, 2.418], "Total dispersion C6": 13103.704194, "Total dispersion C8": 414273.669525, "Polarizability alpha": [6.805, 6.197, 5.754, 21.633, 21.111, 5.768, 6.199, 6.795, 20.36, 6.324, 20.494, 6.47, 6.761, 2.317, 2.335, 2.327, 2.325, 2.408, 2.364, 2.4, 2.315, 2.348, 2.364, 2.36, 2.288, 2.302, 2.42, 2.409, 2.352, 2.432], "Total polarizability alpha": 180.736739, "Wiberg matrix": [[0.0, 1.0165495374726752, 0.0, 0.0, 0.0, 0.0, 0.0, 0.0, 0.0, 0.0, 0.0, 0.0, 0.0, 0.9841068344642604, 0.9847583216046003, 0.981479876882998, 0.0, 0.0, 0.0, 0.0, 0.0, 0.0, 0.0, 0.0, 0.0, 0.0, 0.0, 0.0, 0.0, 0.0], [1.0165495374726752, 0.0, 0.9200144584992813, 0.0, 0.0, 0.0, 0.0, 0.0, 0.0, 0.0, 0.0, 0.0, 0.0, 0.0, 0.0, 0.0, 0.9700439019048088, 0.9689195073668802, 0.0, 0.0, 0.0, 0.0, 0.0, 0.0, 0.0, 0.0, 0.0, 0.0, 0.0, 0.0], [0.0, 0.9200144584992813, 0.0, 1.2676609874753262, 0.0, 0.0, 0.0, 0.0, 0.0, 0.0, 0.0, 0.0, 0.0, 0.0, 0.0, 0.0, 0.0, 0.0, 0.0, 0.0, 0.0, 0.0, 0.0, 0.0, 0.0, 0.0, 0.0, 0.0, 0.0, 0.0], [0.0, 0.0, 1.2676609874753262, 0.0, 1.5936911576655295, 1.2590407295991553, 0.0, 0.0, 0.9919781890637396, 0.0, 0.0, 0.0, 0.0, 0.0, 0.0, 0.0, 0.0, 0.0, 0.0, 0.0, 0.0, 0.0, 0.0, 0.0, 0.0, 0.0, 0.0, 0.0, 0.0, 0.0], [0.0, 0.0, 0.0, 1.5936911576655295, 0.0, 0.0, 0.0, 0.0, 0.1449847584416211, 0.0, 0.0, 0.0, 0.0, 0.0, 0.0, 0.0, 0.0, 0.0, 0.0, 0.0, 0.0, 0.0, 0.0, 0.0, 0.0, 0.0, 0.0, 0.0, 0.0, 0.0], [0.0, 0.0, 0.0, 1.2590407295991553, 0.0, 0.0, 0.9170391096053366, 0.0, 0.0, 0.0, 0.0, 0.0, 0.0, 0.0, 0.0, 0.0, 0.0, 0.0, 0.0, 0.0, 0.0, 0.0, 0.0, 0.0, 0.0, 0.0, 0.0, 0.0, 0.0, 0.0], [0.0, 0.0, 0.0, 0.0, 0.0, 0.9170391096053366, 0.0, 1.016497311487492, 0.0, 0.0, 0.0, 0.0, 0.0, 0.0, 0.0, 0.0, 0.0, 0.0, 0.9710907206915933, 0.9654849618166012, 0.0, 0.0, 0.0, 0.0, 0.0, 0.0, 0.0, 0.0, 0.0, 0.0], [0.0, 0.0, 0.0, 0.0, 0.0, 0.0, 1.016497311487492, 0.0, 0.0, 0.0, 0.0, 0.0, 0.0, 0.0, 0.0, 0.0, 0.0, 0.0, 0.0, 0.0, 0.9842608438142557, 0.9815633636575449, 0.9850952449067241, 0.0, 0.0, 0.0, 0.0, 0.0, 0.0, 0.0], [0.0, 0.0, 0.0, 0.9919781890637396, 0.1449847584416211, 0.0, 0.0, 0.0, 0.0, 0.9749738822333645, 0.0, 0.0, 0.0, 0.0, 0.0, 0.0, 0.0, 0.0, 0.0, 0.0, 0.0, 0.0, 0.0, 0.0, 0.0, 0.0, 0.0, 0.0, 0.0, 0.0], [0.0, 0.0, 0.0, 0.0, 0.0, 0.0, 0.0, 0.0, 0.9749738822333645, 0.0, 0.9946738319122305, 0.0, 0.0, 0.0, 0.0, 0.0, 0.0, 0.0, 0.0, 0.0, 0.0, 0.0, 0.0, 0.970939427267369, 0.9698090870723728, 0.0, 0.0, 0.0, 0.0, 0.0], [0.0, 0.0, 0.0, 0.0, 0.0, 0.0, 0.0, 0.0, 0.0, 0.9946738319122305, 0.0, 0.9833290449936232, 0.0, 0.0, 0.0, 0.0, 0.0, 0.0, 0.0, 0.0, 0.0, 0.0, 0.0, 0.0, 0.0, 0.0, 0.0, 0.0, 0.0, 0.0], [0.0, 0.0, 0.0, 0.0, 0.0, 0.0, 0.0, 0.0, 0.0, 0.0, 0.9833290449936232, 0.0, 1.0260314985777854, 0.0, 0.0, 0.0, 0.0, 0.0, 0.0, 0.0, 0.0, 0.0, 0.0, 0.0, 0.0, 0.9684160078261678, 0.972979251007591, 0.0, 0.0, 0.0], [0.0, 0.0, 0.0, 0.0, 0.0, 0.0, 0.0, 0.0, 0.0, 0.0, 0.0, 1.0260314985777854, 0.0, 0.0, 0.0, 0.0, 0.0, 0.0, 0.0, 0.0, 0.0, 0.0, 0.0, 0.0, 0.0, 0.0, 0.0, 0.9787378782554323, 0.985535773565396, 0.9844496046108333], [0.9841068344642604, 0.0, 0.0, 0.0, 0.0, 0.0, 0.0, 0.0, 0.0, 0.0, 0.0, 0.0, 0.0, 0.0, 0.0, 0.0, 0.0, 0.0, 0.0, 0.0, 0.0, 0.0, 0.0, 0.0, 0.0, 0.0, 0.0, 0.0, 0.0, 0.0], [0.9847583216046003, 0.0, 0.0, 0.0, 0.0, 0.0, 0.0, 0.0, 0.0, 0.0, 0.0, 0.0, 0.0, 0.0, 0.0, 0.0, 0.0, 0.0, 0.0, 0.0, 0.0, 0.0, 0.0, 0.0, 0.0, 0.0, 0.0, 0.0, 0.0, 0.0], [0.981479876882998, 0.0, 0.0, 0.0, 0.0, 0.0, 0.0, 0.0, 0.0, 0.0, 0.0, 0.0, 0.0, 0.0, 0.0, 0.0, 0.0, 0.0, 0.0, 0.0, 0.0, 0.0, 0.0, 0.0, 0.0, 0.0, 0.0, 0.0, 0.0, 0.0], [0.0, 0.9700439019048088, 0.0, 0.0, 0.0, 0.0, 0.0, 0.0, 0.0, 0.0, 0.0, 0.0, 0.0, 0.0, 0.0, 0.0, 0.0, 0.0, 0.0, 0.0, 0.0, 0.0, 0.0, 0.0, 0.0, 0.0, 0.0, 0.0, 0.0, 0.0], [0.0, 0.9689195073668802, 0.0, 0.0, 0.0, 0.0, 0.0, 0.0, 0.0, 0.0, 0.0, 0.0, 0.0, 0.0, 0.0, 0.0, 0.0, 0.0, 0.0, 0.0, 0.0, 0.0, 0.0, 0.0, 0.0, 0.0, 0.0, 0.0, 0.0, 0.0], [0.0, 0.0, 0.0, 0.0, 0.0, 0.0, 0.9710907206915933, 0.0, 0.0, 0.0, 0.0, 0.0, 0.0, 0.0, 0.0, 0.0, 0.0, 0.0, 0.0, 0.0, 0.0, 0.0, 0.0, 0.0, 0.0, 0.0, 0.0, 0.0, 0.0, 0.0], [0.0, 0.0, 0.0, 0.0, 0.0, 0.0, 0.9654849618166012, 0.0, 0.0, 0.0, 0.0, 0.0, 0.0, 0.0, 0.0, 0.0, 0.0, 0.0, 0.0, 0.0, 0.0, 0.0, 0.0, 0.0, 0.0, 0.0, 0.0, 0.0, 0.0, 0.0], [0.0, 0.0, 0.0, 0.0, 0.0, 0.0, 0.0, 0.9842608438142557, 0.0, 0.0, 0.0, 0.0, 0.0, 0.0, 0.0, 0.0, 0.0, 0.0, 0.0, 0.0, 0.0, 0.0, 0.0, 0.0, 0.0, 0.0, 0.0, 0.0, 0.0, 0.0], [0.0, 0.0, 0.0, 0.0, 0.0, 0.0, 0.0, 0.9815633636575449, 0.0, 0.0, 0.0, 0.0, 0.0, 0.0, 0.0, 0.0, 0.0, 0.0, 0.0, 0.0, 0.0, 0.0, 0.0, 0.0, 0.0, 0.0, 0.0, 0.0, 0.0, 0.0], [0.0, 0.0, 0.0, 0.0, 0.0, 0.0, 0.0, 0.9850952449067241, 0.0, 0.0, 0.0, 0.0, 0.0, 0.0, 0.0, 0.0, 0.0, 0.0, 0.0, 0.0, 0.0, 0.0, 0.0, 0.0, 0.0, 0.0, 0.0, 0.0, 0.0, 0.0], [0.0, 0.0, 0.0, 0.0, 0.0, 0.0, 0.0, 0.0, 0.0, 0.970939427267369, 0.0, 0.0, 0.0, 0.0, 0.0, 0.0, 0.0, 0.0, 0.0, 0.0, 0.0, 0.0, 0.0, 0.0, 0.0, 0.0, 0.0, 0.0, 0.0, 0.0], [0.0, 0.0, 0.0, 0.0, 0.0, 0.0, 0.0, 0.0, 0.0, 0.9698090870723728, 0.0, 0.0, 0.0, 0.0, 0.0, 0.0, 0.0, 0.0, 0.0, 0.0, 0.0, 0.0, 0.0, 0.0, 0.0, 0.0, 0.0, 0.0, 0.0, 0.0], [0.0, 0.0, 0.0, 0.0, 0.0, 0.0, 0.0, 0.0, 0.0, 0.0, 0.0, 0.9684160078261678, 0.0, 0.0, 0.0, 0.0, 0.0, 0.0, 0.0, 0.0, 0.0, 0.0, 0.0, 0.0, 0.0, 0.0, 0.0, 0.0, 0.0, 0.0], [0.0, 0.0, 0.0, 0.0, 0.0, 0.0, 0.0, 0.0, 0.0, 0.0, 0.0, 0.972979251007591, 0.0, 0.0, 0.0, 0.0, 0.0, 0.0, 0.0, 0.0, 0.0, 0.0, 0.0, 0.0, 0.0, 0.0, 0.0, 0.0, 0.0, 0.0], [0.0, 0.0, 0.0, 0.0, 0.0, 0.0, 0.0, 0.0, 0.0, 0.0, 0.0, 0.0, 0.9787378782554323, 0.0, 0.0, 0.0, 0.0, 0.0, 0.0, 0.0, 0.0, 0.0, 0.0, 0.0, 0.0, 0.0, 0.0, 0.0, 0.0, 0.0], [0.0, 0.0, 0.0, 0.0, 0.0, 0.0, 0.0, 0.0, 0.0, 0.0, 0.0, 0.0, 0.985535773565396, 0.0, 0.0, 0.0, 0.0, 0.0, 0.0, 0.0, 0.0, 0.0, 0.0, 0.0, 0.0, 0.0, 0.0, 0.0, 0.0, 0.0], [0.0, 0.0, 0.0, 0.0, 0.0, 0.0, 0.0, 0.0, 0.0, 0.0, 0.0, 0.0, 0.9844496046108333, 0.0, 0.0, 0.0, 0.0, 0.0, 0.0, 0.0, 0.0, 0.0, 0.0, 0.0, 0.0, 0.0, 0.0, 0.0, 0.0, 0.0]], "Born radii": [], "Atomic SASAs": [], "Solvent H bonds": [], "Total SASA": NaN, "Total FOD": 0.0, "FOD": [0.0, 0.0, 0.0, 0.0, 0.0, 0.0, 0.0, 0.0, 0.0, 0.0, 0.0, 0.0, 0.0, 0.0, 0.0, 0.0, 0.0, 0.0, 0.0, 0.0, 0.0, 0.0, 0.0, 0.0, 0.0, 0.0, 0.0, 0.0, 0.0, 0.0], "FOD s proportion": [0.0, 0.0, 0.0, 0.0, 0.0, 0.0, 0.0, 0.0, 0.0, 0.0, 0.0, 0.0, 0.0, 0.0, 0.0, 0.0, 0.0, 0.0, 0.0, 0.0, 0.0, 0.0, 0.0, 0.0, 0.0, 0.0, 0.0, 0.0, 0.0, 0.0], "FOD p proportion": [0.0, 0.0, 0.0, 0.0, 0.0, 0.0, 0.0, 0.0, 0.0, 0.0, 0.0, 0.0, 0.0, 0.0, 0.0, 0.0, 0.0, 0.0, 0.0, 0.0, 0.0, 0.0, 0.0, 0.0, 0.0, 0.0, 0.0, 0.0, 0.0, 0.0], "FOD d proportion": [0.0, 0.0, 0.0, 0.0, 0.0, 0.0, 0.0, 0.0, 0.0, 0.0, 0.0, 0.0, 0.0, 0.0, 0.0, 0.0, 0.0, 0.0, 0.0, 0.0, 0.0, 0.0, 0.0, 0.0, 0.0, 0.0, 0.0, 0.0, 0.0, 0.0], "coordinates": [["-4.21080", "2.29140", "0.41640"], ["-2.94450", "2.22920", "-0.41280"], ["-2.55300", "0.87110", "-0.53420"], ["-1.00420", "0.52770", "-0.89150"], ["-0.44560", "1.24960", "-2.61330"], ["-1.09340", "-1.09510", "-0.96970"], ["-1.84070", "-1.80220", "0.00640"], ["-1.35570", "-3.23690", "0.03660"], ["0.15490", "0.96890", "0.80530"], ["1.75810", "0.28610", "0.33610"], ["2.89000", "0.32340", "1.75330"], ["4.30870", "-0.56050", "1.03200"], ["5.04030", "0.27110", "-0.00590"], ["-5.00680", "1.70090", "-0.04930"], ["-4.04030", "1.86740", "1.41150"], ["-4.55510", "3.32350", "0.52660"], ["-3.13200", "2.63650", "-1.41080"], ["-2.15590", "2.81700", "0.06610"], ["-2.89960", "-1.77010", "-0.26800"], ["-1.71930", "-1.34770", "0.99380"], ["-1.46670", "-3.70310", "-0.94800"], ["-1.91610", "-3.82320", "0.77010"], ["-0.29110", "-3.27760", "0.29030"], ["1.62300", "-0.74700", "0.00540"], ["2.16760", "0.88030", "-0.48340"], ["4.99570", "-0.80100", "1.84990"], ["3.97010", "-1.50880", "0.60270"], ["5.92560", "-0.27030", "-0.35620"], ["5.38000", "1.22540", "0.41040"], ["4.41700", "0.47420", "-0.88170"]], "bond_dist": [[0.0, 1.5149116046819362, 2.381006780754729, 3.8863252128456773, 4.943800195193976, 4.807061287314735, 4.747950607367351, 6.23361411542293, 4.5781640370349335, 6.297256814677324, 7.488770676820061, 9.005230547853841, 9.478544223138911, 1.095072025028491, 1.0950206664716424, 1.0935798736260651, 2.149782149428169, 2.149785910271067, 4.3224334639182125, 4.44792219131585, 6.7324365886356485, 6.540572218086121, 6.811292850847041, 6.590448998361189, 6.594302829715966, 9.817204401457678, 9.02238064703546, 10.48359778940417, 9.649862001085818, 8.912138480185325], [1.5149116046819362, 0.0, 1.4186069998417463, 2.6246942736250256, 3.4707805490984303, 3.845475173499369, 4.200748628518493, 5.710034589212223, 3.5606746635995825, 5.143047304857307, 6.508874948867892, 7.9043521790213775, 8.231449098427323, 2.159702393849671, 2.1586447994054048, 2.1619429247785433, 1.0940994196141407, 1.0939579562304944, 4.002172352610517, 4.034086291838587, 6.136979319665334, 6.2520720349337, 6.153025874315824, 5.467605868202279, 5.28754025800277, 8.794810934295292, 7.925627887429488, 9.215713635958965, 8.42511560336118, 7.582319860042834], [2.381006780754729, 1.4186069998417463, 0.0, 1.6261513736426876, 2.984468766799211, 2.4871740690993063, 2.8188920766854486, 4.3168279940252425, 3.0226722448853103, 4.43680406373777, 5.929492435276395, 7.182296839451847, 7.635267236973438, 2.635304629449886, 2.643940897599642, 3.3388571113481333, 2.054338268153519, 2.0747470472325054, 2.6771125191145777, 2.820090979028868, 4.719595721033741, 4.91358245987589, 4.796634606679979, 4.5109191712997925, 4.720882294656371, 8.090903714048265, 7.036142354301822, 8.556934960603593, 7.996892312017212, 6.989934610566825], [3.8863252128456773, 2.6246942736250256, 1.6261513736426876, 0.0, 1.9487864967717734, 1.6271299026199475, 2.6333231229759857, 3.893216539058674, 2.1017374931232493, 3.032436909483856, 4.711846683626283, 5.754210449748949, 6.114418301850144, 4.25517400819285, 4.039369789954864, 4.736707301491196, 3.040434635048088, 2.735745810560623, 3.0432184032698015, 2.75369737988763, 4.256379581287365, 4.745819948122769, 4.047897100964895, 3.0547454132873333, 3.2173261584738344, 6.729005696237744, 5.578855292979017, 6.996104496789624, 6.552842020070376, 5.42147283770748], [4.943800195193976, 3.4707805490984303, 2.984468766799211, 1.9487864967717734, 0.0, 2.9357595082022643, 4.257066518155431, 5.289511723212266, 3.4822720600205836, 3.805730718272117, 5.572366585213144, 6.258437711601834, 6.152324424150599, 5.251886625775541, 5.43162590482813, 5.572075328816006, 3.253650691146792, 3.5441576164160646, 4.543251718758273, 4.623791668100975, 5.324012264260856, 6.272405092944811, 5.380548582626125, 3.88884394261328, 3.3914113197900373, 7.330270137587019, 6.119626871795371, 6.927971265818011, 6.563608968395359, 5.219632408513075], [4.807061287314735, 3.845475173499369, 2.4871740690993063, 1.6271299026199475, 2.9357595082022643, 0.0, 1.4181744991361254, 2.3809133163557212, 2.994824517396637, 3.426934392427144, 5.029348547277271, 5.7857829599804385, 6.357490744782882, 4.896881836434284, 4.809442722395184, 5.80915712818994, 4.274961722635654, 4.184054767805986, 2.0519177200852865, 2.0762682437488658, 2.634670336114179, 3.338602842507626, 2.644729010692778, 2.907029855367846, 3.843541836639742, 6.716679073768524, 5.318140812351625, 7.093873292496843, 7.013865112760581, 5.730179286025875], [4.747950607367351, 4.200748628518493, 2.8188920766854486, 2.6333231229759857, 4.257066518155431, 1.4181744991361254, 0.0, 1.514761080170731, 3.5070865087704926, 4.173854384139437, 5.4726006121404485, 6.356791219632748, 7.18657673583188, 4.722181837879605, 4.503166700223299, 5.823347481474895, 4.835076961124818, 4.630326529522513, 1.0943468280211717, 1.0937399005248005, 2.1596703845726086, 2.1617964404633474, 2.158393970062, 3.620865328895843, 4.847904617461033, 7.151031998949523, 5.848679670660721, 7.924242049559062, 7.840158560258842, 6.717851431819552], [6.23361411542293, 5.710034589212223, 4.3168279940252425, 3.893216539058674, 5.289511723212266, 2.3809133163557212, 1.514761080170731, 0.0, 4.534486265278571, 4.7113670723050225, 5.8007554223566435, 6.343450597269597, 7.294976782005547, 6.1416430098142305, 5.928853654797022, 7.315402143423149, 6.304525042380274, 6.1066271787296795, 2.151257913407874, 2.1488400219653396, 1.0950345200038216, 1.093534681663092, 1.0951681788656935, 3.882425677331119, 5.443838602493647, 7.040024691718062, 5.6276944177878025, 7.8722510814887, 8.088355965213202, 6.9238431084189065], [4.5781640370349335, 3.5606746635995825, 3.0226722448853103, 2.1017374931232493, 3.4822720600205836, 2.994824517396637, 3.5070865087704926, 4.534486265278571, 0.0, 1.8046092984355366, 2.9658297759648984, 4.432212956300724, 5.001210197542191, 5.282926466457772, 4.3329532342272055, 5.273131408375862, 4.300662807056605, 3.049866700365772, 4.2407622121500745, 2.985765136443253, 5.24702119778451, 5.220584493138675, 4.300802628579926, 2.3957191884693, 2.391559938617471, 5.258999886860619, 4.553657331200933, 6.015453214845911, 5.246275657073311, 4.610443959099817], [6.297256814677324, 5.143047304857307, 4.43680406373777, 3.032436909483856, 3.805730718272117, 3.426934392427144, 4.173854384139437, 4.7113670723050225, 1.8046092984355366, 0.0, 1.814123683765801, 2.7760707357702543, 3.300003915149193, 6.921998570499708, 6.10560704680542, 7.008465113703571, 5.6999226117553565, 4.668806143972996, 5.127091235778821, 3.897971586607578, 5.287907382887866, 5.529416617510386, 4.111116146498417, 1.0931194399515547, 1.091945117668466, 3.7356968038105025, 2.8610637130270273, 4.261093345609787, 3.742454353763049, 2.9305575681088403], [7.488770676820061, 6.508874948867892, 5.929492435276395, 4.711846683626283, 5.572366585213144, 5.029348547277271, 5.4726006121404485, 5.8007554223566435, 2.9658297759648984, 1.814123683765801, 0.0, 1.8205116286363017, 2.7787245311473394, 8.21622317430582, 7.108433113563073, 8.120031213609957, 7.185154446495914, 5.875865179699071, 6.479804325749351, 4.961356865818059, 6.518478260299715, 6.4233613482350504, 5.0226454394074045, 2.40960568765929, 2.415538503108572, 2.389054082686284, 2.4181507831398767, 3.7439734641153644, 2.969357575301432, 3.0492121343061718], [9.005230547853841, 7.9043521790213775, 7.182296839451847, 5.754210449748949, 6.258437711601834, 5.7857829599804385, 6.356791219632748, 6.343450597269597, 4.432212956300724, 2.7760707357702543, 1.8205116286363017, 0.0, 1.5179043217541746, 9.646848184769988, 8.703132749763157, 9.69060553319554, 8.458847281397153, 7.357412739543705, 7.423794248899951, 6.079303173884323, 6.866700803151394, 7.032918166735626, 5.393599108202241, 2.8812626225320033, 2.992766447619994, 1.0948834001846957, 1.09463297045174, 2.1507396146442277, 2.173363536088705, 2.1782058373808475], [9.478544223138911, 8.231449098427323, 7.635267236973438, 6.114418301850144, 6.152324424150599, 6.357490744782882, 7.18657673583188, 7.294976782005547, 5.001210197542191, 3.300003915149193, 2.7787245311473394, 1.5179043217541746, 0.0, 10.148420074573185, 9.328155916900188, 10.083273435249092, 8.622954740690687, 7.633615476954548, 8.202268336259184, 7.0222578769224935, 7.682634121836077, 8.109067113423096, 6.41130502238039, 3.5657530186483752, 2.975153135554538, 2.1436840275563003, 2.1642010096107063, 1.0952534592504148, 1.0951667772535834, 1.0939735554390704], [1.095072025028491, 2.159702393849671, 2.635304629449886, 4.25517400819285, 5.251886625775541, 4.896881836434284, 4.722181837879605, 6.1416430098142305, 5.282926466457772, 6.921998570499708, 8.21622317430582, 9.646848184769988, 10.148420074573185, 0.0, 1.7594832025341984, 1.7800349603308356, 2.498780632628643, 3.063760300676279, 4.066443474339708, 4.603224502454774, 6.522513756213934, 6.382752044377097, 6.8657568337365396, 7.067492804382613, 7.234213331800494, 10.484105612783573, 9.555731876732416, 11.112928813323697, 10.407835441627622, 9.539690198848179], [1.0950206664716424, 2.1586447994054048, 2.643940897599642, 4.039369789954864, 5.43162590482813, 4.809442722395184, 4.503166700223299, 5.928853654797022, 4.3329532342272055, 6.10560704680542, 7.108433113563073, 8.703132749763157, 9.328155916900188, 1.7594832025341984, 0.0, 1.7799702975049894, 3.0629888981189604, 2.5025596256632934, 4.165731987298271, 3.9872775549239106, 6.57427771393938, 6.107908640443143, 6.46410203199176, 6.394151347911622, 6.5652901558118515, 9.4319589227265, 8.730371815678872, 10.344742016599545, 9.49507331725248, 8.872750180750046], [1.0935798736260651, 2.1619429247785433, 3.3388571113481333, 4.736707301491196, 5.572075328816006, 5.80915712818994, 5.823347481474895, 7.315402143423149, 5.273131408375862, 7.008465113703571, 8.120031213609957, 9.69060553319554, 10.083273435249092, 1.7800349603308356, 1.7799702975049894, 0.0, 2.500140270064862, 2.4949475224942113, 5.41450185797364, 5.484537074357324, 7.815738434722595, 7.622265682853097, 7.862064289994073, 7.416841598686061, 7.223850879551709, 10.487154226957855, 9.799793341698589, 11.114846232404657, 10.15488739770166, 9.518424123246454], [2.149782149428169, 1.0940994196141407, 2.054338268153519, 3.040434635048088, 3.253650691146792, 4.274961722635654, 4.835076961124818, 6.304525042380274, 4.300662807056605, 5.6999226117553565, 7.185154446495914, 8.458847281397153, 8.622954740690687, 2.498780632628643, 3.0629888981189604, 2.500140270064862, 0.0, 1.779490115173445, 4.55830288155581, 4.863298478399202, 6.570992017191925, 6.925493607678805, 6.777981471647736, 6.005307626591663, 5.659511406473177, 9.407873193767017, 8.46625765908409, 9.570882151609643, 8.818283089694955, 7.870380492708087], [2.149785910271067, 1.0939579562304944, 2.0747470472325054, 2.735745810560623, 3.5441576164160646, 4.184054767805986, 4.630326529522513, 6.1066271787296795, 3.049866700365772, 4.668806143972996, 5.875865179699071, 7.357412739543705, 7.633615476954548, 3.063760300676279, 2.5025596256632934, 2.4949475224942113, 1.779490115173445, 0.0, 4.6589911901612355, 4.289052685617186, 6.634387647703441, 6.681719545147042, 6.377451986491156, 5.194792171011271, 4.7692147561207605, 8.210800752667184, 7.518534511458998, 8.66143180022795, 7.70983280363459, 7.042020384094326], [4.3224334639182125, 4.002172352610517, 2.6771125191145777, 3.0432184032698015, 4.543251718758273, 2.0519177200852865, 1.0943468280211717, 2.151257913407874, 4.2407622121500745, 5.127091235778821, 6.479804325749351, 7.423794248899951, 8.202268336259184, 4.066443474339708, 4.165731987298271, 5.41450185797364, 4.55830288155581, 4.6589911901612355, 0.0, 1.778670596260027, 2.500418247013887, 2.502027871547397, 3.0640703957317954, 4.644931854182577, 5.722546038259543, 8.231671598770204, 6.929586875853423, 8.95216925219804, 8.830912918266153, 7.677639333805671], [4.44792219131585, 4.034086291838587, 2.820090979028868, 2.75369737988763, 4.623791668100975, 2.0762682437488658, 1.0937399005248005, 2.1488400219653396, 2.985765136443253, 3.897971586607578, 4.961356865818059, 6.079303173884323, 7.0222578769224935, 4.603224502454774, 3.9872775549239106, 5.484537074357324, 4.863298478399202, 4.289052685617186, 1.778670596260027, 0.0, 3.063054547343224, 2.493365633034995, 2.5018356260953674, 3.536770326159164, 4.717424662885461, 6.791392574428311, 5.705101645019131, 7.837588070956523, 7.573721651869707, 6.67015723577788], [6.7324365886356485, 6.136979319665334, 4.719595721033741, 4.256379581287365, 5.324012264260856, 2.634670336114179, 2.1596703845726086, 1.0950345200038216, 5.24702119778451, 5.287907382887866, 6.518478260299715, 6.866700803151394, 7.682634121836077, 6.522513756213934, 6.57427771393938, 7.815738434722595, 6.570992017191925, 6.634387647703441, 2.500418247013887, 3.063054547343224, 0.0, 1.7799584208626897, 1.7596796583469387, 4.381066634964595, 5.86783991005208, 7.616629345058088, 6.064521186375723, 8.17193014960358, 8.544744800168113, 7.216103981373882], [6.540572218086121, 6.2520720349337, 4.91358245987589, 4.745819948122769, 6.272405092944811, 3.338602842507626, 2.1617964404633474, 1.093534681663092, 5.220584493138675, 5.529416617510386, 6.4233613482350504, 7.032918166735626, 8.109067113423096, 6.382752044377097, 6.107908640443143, 7.622265682853097, 6.925493607678805, 6.681719545147042, 2.502027871547397, 2.493365633034995, 1.7799584208626897, 0.0, 1.780031572753697, 4.751105275617454, 6.353800452485111, 7.620540671107268, 6.327070456380266, 8.682390741610284, 8.879798492083028, 7.829702779160905], [6.811292850847041, 6.153025874315824, 4.796634606679979, 4.047897100964895, 5.380548582626125, 2.644729010692778, 2.158393970062, 1.0951681788656935, 4.300802628579926, 4.111116146498417, 5.0226454394074045, 5.393599108202241, 6.41130502238039, 6.8657568337365396, 6.46410203199176, 7.862064289994073, 6.777981471647736, 6.377451986491156, 3.0640703957317954, 2.5018356260953674, 1.7596796583469387, 1.780031572753697, 0.0, 3.1857311845163587, 4.892029209847382, 6.042859750151414, 4.624291582502123, 6.936077741057983, 7.242431098740257, 6.133171516434217], [6.590448998361189, 5.467605868202279, 4.5109191712997925, 3.0547454132873333, 3.88884394261328, 2.907029855367846, 3.620865328895843, 3.882425677331119, 2.3957191884693, 1.0931194399515547, 2.40960568765929, 2.8812626225320033, 3.5657530186483752, 7.067492804382613, 6.394151347911622, 7.416841598686061, 6.005307626591663, 5.194792171011271, 4.644931854182577, 3.536770326159164, 4.381066634964595, 4.751105275617454, 3.1857311845163587, 0.0, 1.784270128091596, 3.844502768889626, 2.5388944326221994, 4.344003247006153, 4.262562112157428, 3.1756435332070883], [6.594302829715966, 5.28754025800277, 4.720882294656371, 3.2173261584738344, 3.3914113197900373, 3.843541836639742, 4.847904617461033, 5.443838602493647, 2.391559938617471, 1.091945117668466, 2.415538503108572, 2.992766447619994, 2.975153135554538, 7.234213331800494, 6.5652901558118515, 7.223850879551709, 5.659511406473177, 4.7692147561207605, 5.722546038259543, 4.717424662885461, 5.86783991005208, 6.353800452485111, 4.892029209847382, 1.784270128091596, 0.0, 4.033510653264721, 3.183774217811307, 3.93225434070585, 3.352236001536884, 2.320206986456165], [9.817204401457678, 8.794810934295292, 8.090903714048265, 6.729005696237744, 7.330270137587019, 6.716679073768524, 7.151031998949523, 7.040024691718062, 5.258999886860619, 3.7356968038105025, 2.389054082686284, 1.0948834001846957, 2.1436840275563003, 10.484105612783573, 9.4319589227265, 10.487154226957855, 9.407873193767017, 8.210800752667184, 8.231671598770204, 6.791392574428311, 7.616629345058088, 7.620540671107268, 6.042859750151414, 3.844502768889626, 4.033510653264721, 0.0, 1.7630496419556656, 2.4521895746454843, 2.5151826375036865, 3.0696363449112343], [9.02238064703546, 7.925627887429488, 7.036142354301822, 5.578855292979017, 6.119626871795371, 5.318140812351625, 5.848679670660721, 5.6276944177878025, 4.553657331200933, 2.8610637130270273, 2.4181507831398767, 1.09463297045174, 2.1642010096107063, 9.555731876732416, 8.730371815678872, 9.799793341698589, 8.46625765908409, 7.518534511458998, 6.929586875853423, 5.705101645019131, 6.064521186375723, 6.327070456380266, 4.624291582502123, 2.5388944326221994, 3.183774217811307, 1.7630496419556656, 0.0, 2.5054643701318127, 3.0823119472240315, 2.517032373649572], [10.48359778940417, 9.215713635958965, 8.556934960603593, 6.996104496789624, 6.927971265818011, 7.093873292496843, 7.924242049559062, 7.8722510814887, 6.015453214845911, 4.261093345609787, 3.7439734641153644, 2.1507396146442277, 1.0952534592504148, 11.112928813323697, 10.344742016599545, 11.114846232404657, 9.570882151609643, 8.66143180022795, 8.95216925219804, 7.837588070956523, 8.17193014960358, 8.682390741610284, 6.936077741057983, 4.344003247006153, 3.93225434070585, 2.4521895746454843, 2.5054643701318127, 0.0, 1.767052180893366, 1.7624711231676964], [9.649862001085818, 8.42511560336118, 7.996892312017212, 6.552842020070376, 6.563608968395359, 7.013865112760581, 7.840158560258842, 8.088355965213202, 5.246275657073311, 3.742454353763049, 2.969357575301432, 2.173363536088705, 1.0951667772535834, 10.407835441627622, 9.49507331725248, 10.15488739770166, 8.818283089694955, 7.70983280363459, 8.830912918266153, 7.573721651869707, 8.544744800168113, 8.879798492083028, 7.242431098740257, 4.262562112157428, 3.352236001536884, 2.5151826375036865, 3.0823119472240315, 1.767052180893366, 0.0, 1.7779743670818207], [8.912138480185325, 7.582319860042834, 6.989934610566825, 5.42147283770748, 5.219632408513075, 5.730179286025875, 6.717851431819552, 6.9238431084189065, 4.610443959099817, 2.9305575681088403, 3.0492121343061718, 2.1782058373808475, 1.0939735554390704, 9.539690198848179, 8.872750180750046, 9.518424123246454, 7.870380492708087, 7.042020384094326, 7.677639333805671, 6.67015723577788, 7.216103981373882, 7.829702779160905, 6.133171516434217, 3.1756435332070883, 2.320206986456165, 3.0696363449112343, 2.517032373649572, 1.7624711231676964, 1.7779743670818207, 0.0]]}