{"total energy": -34.87139925, "HOMO-LUMO gap/eV": 4.59260412, "electronic energy": -35.44223384, "dipole": [0.20371937, -0.04339609, -0.02585746], "partial charges": [-0.10009117, -0.05168036, -0.0580198, -0.0574501, -0.05101744, -0.06089496, 0.01246781, -0.03806964, -0.03137817, -0.03367612, -0.03138395, -0.03808386, 0.03242847, 0.03147055, 0.03239643, 0.02858642, 0.02858082, 0.03006603, 0.03009356, 0.02925936, 0.02923068, 0.03071803, 0.03071482, 0.03393331, 0.03393738, 0.02832182, 0.02732852, 0.0265457, 0.02733007, 0.02833577], "atomic dipole moments": [[-0.07692475, -0.05803268, -0.03136934], [-0.01547613, 0.09596737, 0.05314582], [0.01130353, -0.09558335, -0.05291443], [-0.01559797, 0.09495548, 0.05260832], [0.00947506, -0.09767481, -0.05401373], [0.01714797, 0.09280862, 0.05107386], [0.07963514, -0.03581166, -0.02051413], [0.00417955, -0.00370162, 0.00253734], [-0.00277187, 0.00112505, -0.00152392], [-0.00070652, -0.00057551, -0.00033465], [-0.00275903, -0.00067221, 0.0018304], [0.00409669, 0.00017956, -0.00454195], [-0.00351993, 0.1138799, -0.05375191], [0.1088516, -0.05267398, -0.03006315], [-0.00183373, 0.01516082, 0.12505665], [0.01354149, -0.11166886, 0.05088418], [0.01194149, -0.0163381, -0.12177769], [-0.00856424, 0.01767898, 0.12272616], [-0.01016952, 0.11319383, -0.05029381], [0.01016783, -0.11287245, 0.05031114], [0.00856827, -0.01748595, -0.1224647], [-0.00859647, 0.11499274, -0.04892742], [-0.00698724, 0.01982654, 0.12348054], [0.00717916, -0.11631323, 0.04560313], [0.00561774, -0.02334375, -0.12280312], [0.06171324, 0.03773197, -0.13272436], [-0.0677063, 0.09354408, -0.09648797], [-0.13322337, 0.06062422, 0.03470418], [-0.06553857, -0.03236345, 0.131542], [0.06390089, -0.09166785, 0.10175853]], "atomic quadrupole moments": [[0.09378946, 0.14830169, -0.00199324, 0.07975627, 0.06876399, -0.09179623], [0.22597899, 0.03571439, -0.04722065, 0.01541679, 0.10388111, -0.17875834], [0.2330113, 0.02834334, -0.0483453, 0.01120712, 0.10779531, -0.18466599], [0.23324696, 0.02407025, -0.04877875, 0.00885981, 0.1073697, -0.18446821], [0.22818842, 0.03300022, -0.04794789, 0.01386497, 0.10449635, -0.18024052], [0.19015269, 0.02870969, -0.05283129, 0.01246572, 0.06661634, -0.1373214], [0.03707498, 0.18779693, 0.17162675, 0.09984697, 0.29864309, -0.20870173], [-0.0835767, 0.27104984, 0.20373354, 0.14091842, 0.26430191, -0.12015684], [-0.09689137, 0.28576511, 0.21362815, 0.1549687, 0.26205546, -0.11673677], [-0.09312119, 0.27980018, 0.21188756, 0.15287977, 0.25751743, -0.11876637], [-0.09676365, 0.28468254, 0.21793583, 0.15679115, 0.25939327, -0.12117218], [-0.08335949, 0.26507005, 0.21439976, 0.15154633, 0.25759735, -0.13104027], [-0.03696873, -0.00723654, 0.05306974, 0.01813035, -0.04927996, -0.01610101], [0.05186487, -0.04292433, -0.01082309, -0.02471333, 0.02477276, -0.04104178], [-0.03757613, 0.01165301, -0.04069871, -0.01420951, 0.00964044, 0.07827483], [-0.01730321, -0.00049552, 0.03126286, 0.00358846, -0.04255129, -0.01395965], [-0.01740592, 0.00297932, -0.03944819, -0.00127544, 0.00198908, 0.0568541], [-0.02020803, 0.00184194, -0.0369429, -0.00418445, 0.00050829, 0.05715093], [-0.02005291, -0.00357623, 0.03082998, 0.0042607, -0.04216288, -0.01077707], [-0.01996024, -0.00339954, 0.03085607, 0.00428368, -0.04215455, -0.01089583], [-0.0201141, 0.00195889, -0.0370069, -0.00404359, 0.00057536, 0.057121], [-0.02023463, -0.0050533, 0.02899674, 0.00446099, -0.04264221, -0.00876211], [-0.02042969, 0.00119052, -0.03648311, -0.00553799, -0.0014366, 0.0569128], [-0.01994119, -0.00614508, 0.02741579, 0.00170424, -0.04763008, -0.0074746], [-0.02007972, -0.00173536, -0.0405508, -0.00490571, -0.00483631, 0.06063051], [0.01664819, -0.03930827, -0.02776679, -0.02098781, -0.03032193, 0.01111859], [0.01440398, -0.03619576, -0.03063595, -0.02508196, -0.0321336, 0.01623197], [0.00874584, -0.03548187, -0.02824493, -0.01928894, -0.03727726, 0.01949909], [0.01458793, -0.04069805, -0.02672375, -0.01705056, -0.03452025, 0.01213582], [0.01661648, -0.03881269, -0.02787918, -0.02190918, -0.03027717, 0.01126271]], "number of molecular orbitals": 66, "number of electrons": 66, "number of unpaired electrons": 0, "orbital energies/eV": [-17.31648725, -17.00980557, -16.85395016, -16.5893764, -16.47096303, -16.1947674, -15.71606783, -15.3898136, -15.20177863, -15.15335832, -14.99717359, -14.20062039, -14.18108163, -13.7381467, -13.54685698, -13.51054969, -13.2694921, -13.19273757, -12.93410488, -12.84741476, -12.67830574, -12.65408716, -12.4862076, -12.1191529, -12.00148091, -11.8110149, -11.70814204, -11.59014011, -11.43321689, -11.2952277, -11.22958823, -10.78269511, -10.56533717, -5.97273305, -5.94248021, -2.56986177, 1.56107822, 2.72888787, 2.7816806, 2.94902477, 3.17937954, 3.4349143, 3.66819777, 3.80142287, 4.15397356, 4.29850179, 4.52773768, 4.64585723, 4.85306192, 4.92780181, 5.06454302, 5.07720473, 5.52795686, 5.899923, 6.42112167, 6.62695508, 6.94905014, 7.30239693, 7.58711712, 8.3704295, 10.56913067, 10.84516265, 11.64658768, 12.01904044, 16.5047161, 17.34722467], "fractional occupation": [2.0, 2.0, 2.0, 2.0, 2.0, 2.0, 2.0, 2.0, 2.0, 2.0, 2.0, 2.0, 2.0, 2.0, 2.0, 2.0, 2.0, 2.0, 2.0, 2.0, 2.0, 2.0, 2.0, 2.0, 2.0, 2.0, 2.0, 2.0, 2.0, 2.0, 2.0, 2.0, 2.0, 0.0, 0.0, 0.0, 0.0, 0.0, 0.0, 0.0, 0.0, 0.0, 0.0, 0.0, 0.0, 0.0, 0.0, 0.0, 0.0, 0.0, 0.0, 0.0, 0.0, 0.0, 0.0, 0.0, 0.0, 0.0, 0.0, 0.0, 0.0, 0.0, 0.0, 0.0, 0.0, 0.0], "program call": "xtb /home/svss/Project-DBcg-Debug/aqme2_20220329/End-to-End-workflows-final/example-3/QDESCP/mol_119_rdkit_conf_1/mol_119_rdkit_conf_1.xyz --pop --wbo --acc 0.2 --gfn 2 --chrg 0 --uhf 0 --etemp 300 --input /home/svss/Project-DBcg-Debug/aqme2_20220329/End-to-End-workflows-final/example-3/QDESCP/mol_119_rdkit_conf_1/mol_119_rdkit_conf_1_xtb.inp", "method": "GFN2-xTB", "xtb version": "6.3.3 (7355c4f)", "Dipole module/D": 0.533, "Total charge": 0, "Transition dipole module/D": NaN, "HOMO": -10.5653, "LUMO": -5.9727, "HOMO occupancy": 2.0, "LUMO occupancy": 0, "mulliken charges": [-0.08345, -0.03842, -0.0464, -0.04612, -0.03971, -0.04801, 0.00858, -0.04189, -0.02691, -0.03365, -0.02692, -0.04191, 0.02685, 0.02828, 0.02683, 0.02214, 0.02213, 0.02317, 0.02318, 0.02297, 0.02295, 0.02436, 0.02436, 0.02852, 0.02852, 0.0283, 0.02803, 0.02784, 0.02804, 0.02831], "cm5 charges": [-0.23378, -0.15092, -0.15704, -0.15675, -0.14883, -0.15176, -0.00722, -0.09527, -0.08227, -0.08903, -0.08228, -0.09529, 0.07815, 0.07906, 0.07812, 0.07684, 0.07684, 0.0785, 0.07853, 0.07834, 0.07831, 0.07999, 0.07999, 0.08428, 0.08429, 0.08452, 0.08344, 0.08325, 0.08344, 0.08454], "FUKUI+": [0.005, 0.002, 0.003, 0.005, 0.002, 0.018, -0.083, -0.053, -0.055, -0.062, -0.055, -0.053, -0.005, -0.012, -0.005, -0.006, -0.006, -0.006, -0.006, -0.014, -0.014, -0.013, -0.013, -0.045, -0.045, -0.095, -0.096, -0.099, -0.096, -0.095], "FUKUI-": [0.013, 0.001, 0.0, 0.003, -0.006, 0.003, -0.048, -0.024, -0.024, -0.051, -0.024, -0.024, -0.046, -0.054, -0.046, -0.057, -0.057, -0.044, -0.044, -0.032, -0.032, -0.027, -0.027, -0.041, -0.041, -0.049, -0.056, -0.064, -0.056, -0.049], "FUKUIrad": [0.009, 0.002, 0.001, 0.004, -0.002, 0.01, -0.066, -0.039, -0.04, -0.056, -0.04, -0.039, -0.025, -0.033, -0.025, -0.031, -0.032, -0.025, -0.025, -0.023, -0.023, -0.02, -0.02, -0.043, -0.043, -0.072, -0.076, -0.081, -0.076, -0.072], "s proportion": [1.007, 1.027, 1.032, 1.033, 1.033, 1.031, 1.089, 1.062, 1.06, 1.059, 1.06, 1.062, 0.973, 0.972, 0.973, 0.978, 0.978, 0.977, 0.977, 0.977, 0.977, 0.976, 0.976, 0.971, 0.971, 0.972, 0.972, 0.972, 0.972, 0.972], "p proportion": [3.076, 3.011, 3.014, 3.013, 3.007, 3.017, 2.902, 2.98, 2.967, 2.975, 2.967, 2.98, 0.0, 0.0, 0.0, 0.0, 0.0, 0.0, 0.0, 0.0, 0.0, 0.0, 0.0, 0.0, 0.0, 0.0, 0.0, 0.0, 0.0, 0.0], "d proportion": [0.0, 0.0, 0.0, 0.0, 0.0, 0.0, 0.0, 0.0, 0.0, 0.0, 0.0, 0.0, 0.0, 0.0, 0.0, 0.0, 0.0, 0.0, 0.0, 0.0, 0.0, 0.0, 0.0, 0.0, 0.0, 0.0, 0.0, 0.0, 0.0, 0.0], "Fermi-level/eV": -8.269, "Coordination numbers": [3.75, 3.8, 3.802, 3.802, 3.802, 3.806, 2.963, 2.915, 2.911, 2.912, 2.911, 2.915, 0.924, 0.924, 0.924, 0.924, 0.924, 0.924, 0.924, 0.924, 0.924, 0.924, 0.924, 0.924, 0.924, 0.925, 0.925, 0.925, 0.925, 0.925], "Dispersion coefficient C6": [22.475, 21.502, 21.617, 21.606, 21.488, 21.666, 27.734, 28.946, 28.782, 28.839, 28.783, 28.947, 2.552, 2.566, 2.553, 2.607, 2.607, 2.586, 2.585, 2.597, 2.598, 2.576, 2.576, 2.531, 2.531, 2.61, 2.625, 2.636, 2.625, 2.61], "Total dispersion C6": 7906.6733, "Total dispersion C8": 179119.080577, "Polarizability alpha": [6.761, 6.602, 6.619, 6.618, 6.6, 6.626, 8.638, 8.822, 8.797, 8.806, 8.797, 8.823, 2.498, 2.505, 2.499, 2.525, 2.525, 2.515, 2.514, 2.52, 2.52, 2.51, 2.51, 2.488, 2.488, 2.527, 2.533, 2.539, 2.533, 2.526], "Total polarizability alpha": 137.787035, "Wiberg matrix": [[0.0, 1.0200710158620114, 0.0, 0.0, 0.0, 0.0, 0.0, 0.0, 0.0, 0.0, 0.0, 0.0, 0.9877045546879664, 0.9873650942824801, 0.9877034590203377, 0.0, 0.0, 0.0, 0.0, 0.0, 0.0, 0.0, 0.0, 0.0, 0.0, 0.0, 0.0, 0.0, 0.0, 0.0], [1.0200710158620114, 0.0, 1.0075814605244562, 0.0, 0.0, 0.0, 0.0, 0.0, 0.0, 0.0, 0.0, 0.0, 0.0, 0.0, 0.0, 0.9780927673064035, 0.9780885821405296, 0.0, 0.0, 0.0, 0.0, 0.0, 0.0, 0.0, 0.0, 0.0, 0.0, 0.0, 0.0, 0.0], [0.0, 1.0075814605244562, 0.0, 1.0066757927951686, 0.0, 0.0, 0.0, 0.0, 0.0, 0.0, 0.0, 0.0, 0.0, 0.0, 0.0, 0.0, 0.0, 0.9771758769962449, 0.9771814901391116, 0.0, 0.0, 0.0, 0.0, 0.0, 0.0, 0.0, 0.0, 0.0, 0.0, 0.0], [0.0, 0.0, 1.0066757927951686, 0.0, 1.0057323058884373, 0.0, 0.0, 0.0, 0.0, 0.0, 0.0, 0.0, 0.0, 0.0, 0.0, 0.0, 0.0, 0.0, 0.0, 0.9772585897720847, 0.97725341232386, 0.0, 0.0, 0.0, 0.0, 0.0, 0.0, 0.0, 0.0, 0.0], [0.0, 0.0, 0.0, 1.0057323058884373, 0.0, 0.9908035914940245, 0.0, 0.0, 0.0, 0.0, 0.0, 0.0, 0.0, 0.0, 0.0, 0.0, 0.0, 0.0, 0.0, 0.0, 0.0, 0.97726258790874, 0.9772612096478579, 0.0, 0.0, 0.0, 0.0, 0.0, 0.0, 0.0], [0.0, 0.0, 0.0, 0.0, 0.9908035914940245, 0.0, 1.010664444652821, 0.0, 0.0, 0.0, 0.0, 0.0, 0.0, 0.0, 0.0, 0.0, 0.0, 0.0, 0.0, 0.0, 0.0, 0.0, 0.0, 0.9725422863981631, 0.972541992388771, 0.0, 0.0, 0.0, 0.0, 0.0], [0.0, 0.0, 0.0, 0.0, 0.0, 1.010664444652821, 0.0, 1.41199773113135, 0.0, 0.10919378888709287, 0.0, 1.41202570879074, 0.0, 0.0, 0.0, 0.0, 0.0, 0.0, 0.0, 0.0, 0.0, 0.0, 0.0, 0.0, 0.0, 0.0, 0.0, 0.0, 0.0, 0.0], [0.0, 0.0, 0.0, 0.0, 0.0, 0.0, 1.41199773113135, 0.0, 1.4441682087232108, 0.0, 0.11128840401106975, 0.0, 0.0, 0.0, 0.0, 0.0, 0.0, 0.0, 0.0, 0.0, 0.0, 0.0, 0.0, 0.0, 0.0, 0.9699516202845221, 0.0, 0.0, 0.0, 0.0], [0.0, 0.0, 0.0, 0.0, 0.0, 0.0, 0.0, 1.4441682087232108, 0.0, 1.4382327432759254, 0.0, 0.11128713357043976, 0.0, 0.0, 0.0, 0.0, 0.0, 0.0, 0.0, 0.0, 0.0, 0.0, 0.0, 0.0, 0.0, 0.0, 0.9715593679705126, 0.0, 0.0, 0.0], [0.0, 0.0, 0.0, 0.0, 0.0, 0.0, 0.10919378888709287, 0.0, 1.4382327432759254, 0.0, 1.4382642363778484, 0.0, 0.0, 0.0, 0.0, 0.0, 0.0, 0.0, 0.0, 0.0, 0.0, 0.0, 0.0, 0.0, 0.0, 0.0, 0.0, 0.97168899495731, 0.0, 0.0], [0.0, 0.0, 0.0, 0.0, 0.0, 0.0, 0.0, 0.11128840401106975, 0.0, 1.4382642363778484, 0.0, 1.4441326502594394, 0.0, 0.0, 0.0, 0.0, 0.0, 0.0, 0.0, 0.0, 0.0, 0.0, 0.0, 0.0, 0.0, 0.0, 0.0, 0.0, 0.9715613443478003, 0.0], [0.0, 0.0, 0.0, 0.0, 0.0, 0.0, 1.41202570879074, 0.0, 0.11128713357043976, 0.0, 1.4441326502594394, 0.0, 0.0, 0.0, 0.0, 0.0, 0.0, 0.0, 0.0, 0.0, 0.0, 0.0, 0.0, 0.0, 0.0, 0.0, 0.0, 0.0, 0.0, 0.9699592963432009], [0.9877045546879664, 0.0, 0.0, 0.0, 0.0, 0.0, 0.0, 0.0, 0.0, 0.0, 0.0, 0.0, 0.0, 0.0, 0.0, 0.0, 0.0, 0.0, 0.0, 0.0, 0.0, 0.0, 0.0, 0.0, 0.0, 0.0, 0.0, 0.0, 0.0, 0.0], [0.9873650942824801, 0.0, 0.0, 0.0, 0.0, 0.0, 0.0, 0.0, 0.0, 0.0, 0.0, 0.0, 0.0, 0.0, 0.0, 0.0, 0.0, 0.0, 0.0, 0.0, 0.0, 0.0, 0.0, 0.0, 0.0, 0.0, 0.0, 0.0, 0.0, 0.0], [0.9877034590203377, 0.0, 0.0, 0.0, 0.0, 0.0, 0.0, 0.0, 0.0, 0.0, 0.0, 0.0, 0.0, 0.0, 0.0, 0.0, 0.0, 0.0, 0.0, 0.0, 0.0, 0.0, 0.0, 0.0, 0.0, 0.0, 0.0, 0.0, 0.0, 0.0], [0.0, 0.9780927673064035, 0.0, 0.0, 0.0, 0.0, 0.0, 0.0, 0.0, 0.0, 0.0, 0.0, 0.0, 0.0, 0.0, 0.0, 0.0, 0.0, 0.0, 0.0, 0.0, 0.0, 0.0, 0.0, 0.0, 0.0, 0.0, 0.0, 0.0, 0.0], [0.0, 0.9780885821405296, 0.0, 0.0, 0.0, 0.0, 0.0, 0.0, 0.0, 0.0, 0.0, 0.0, 0.0, 0.0, 0.0, 0.0, 0.0, 0.0, 0.0, 0.0, 0.0, 0.0, 0.0, 0.0, 0.0, 0.0, 0.0, 0.0, 0.0, 0.0], [0.0, 0.0, 0.9771758769962449, 0.0, 0.0, 0.0, 0.0, 0.0, 0.0, 0.0, 0.0, 0.0, 0.0, 0.0, 0.0, 0.0, 0.0, 0.0, 0.0, 0.0, 0.0, 0.0, 0.0, 0.0, 0.0, 0.0, 0.0, 0.0, 0.0, 0.0], [0.0, 0.0, 0.9771814901391116, 0.0, 0.0, 0.0, 0.0, 0.0, 0.0, 0.0, 0.0, 0.0, 0.0, 0.0, 0.0, 0.0, 0.0, 0.0, 0.0, 0.0, 0.0, 0.0, 0.0, 0.0, 0.0, 0.0, 0.0, 0.0, 0.0, 0.0], [0.0, 0.0, 0.0, 0.9772585897720847, 0.0, 0.0, 0.0, 0.0, 0.0, 0.0, 0.0, 0.0, 0.0, 0.0, 0.0, 0.0, 0.0, 0.0, 0.0, 0.0, 0.0, 0.0, 0.0, 0.0, 0.0, 0.0, 0.0, 0.0, 0.0, 0.0], [0.0, 0.0, 0.0, 0.97725341232386, 0.0, 0.0, 0.0, 0.0, 0.0, 0.0, 0.0, 0.0, 0.0, 0.0, 0.0, 0.0, 0.0, 0.0, 0.0, 0.0, 0.0, 0.0, 0.0, 0.0, 0.0, 0.0, 0.0, 0.0, 0.0, 0.0], [0.0, 0.0, 0.0, 0.0, 0.97726258790874, 0.0, 0.0, 0.0, 0.0, 0.0, 0.0, 0.0, 0.0, 0.0, 0.0, 0.0, 0.0, 0.0, 0.0, 0.0, 0.0, 0.0, 0.0, 0.0, 0.0, 0.0, 0.0, 0.0, 0.0, 0.0], [0.0, 0.0, 0.0, 0.0, 0.9772612096478579, 0.0, 0.0, 0.0, 0.0, 0.0, 0.0, 0.0, 0.0, 0.0, 0.0, 0.0, 0.0, 0.0, 0.0, 0.0, 0.0, 0.0, 0.0, 0.0, 0.0, 0.0, 0.0, 0.0, 0.0, 0.0], [0.0, 0.0, 0.0, 0.0, 0.0, 0.9725422863981631, 0.0, 0.0, 0.0, 0.0, 0.0, 0.0, 0.0, 0.0, 0.0, 0.0, 0.0, 0.0, 0.0, 0.0, 0.0, 0.0, 0.0, 0.0, 0.0, 0.0, 0.0, 0.0, 0.0, 0.0], [0.0, 0.0, 0.0, 0.0, 0.0, 0.972541992388771, 0.0, 0.0, 0.0, 0.0, 0.0, 0.0, 0.0, 0.0, 0.0, 0.0, 0.0, 0.0, 0.0, 0.0, 0.0, 0.0, 0.0, 0.0, 0.0, 0.0, 0.0, 0.0, 0.0, 0.0], [0.0, 0.0, 0.0, 0.0, 0.0, 0.0, 0.0, 0.9699516202845221, 0.0, 0.0, 0.0, 0.0, 0.0, 0.0, 0.0, 0.0, 0.0, 0.0, 0.0, 0.0, 0.0, 0.0, 0.0, 0.0, 0.0, 0.0, 0.0, 0.0, 0.0, 0.0], [0.0, 0.0, 0.0, 0.0, 0.0, 0.0, 0.0, 0.0, 0.9715593679705126, 0.0, 0.0, 0.0, 0.0, 0.0, 0.0, 0.0, 0.0, 0.0, 0.0, 0.0, 0.0, 0.0, 0.0, 0.0, 0.0, 0.0, 0.0, 0.0, 0.0, 0.0], [0.0, 0.0, 0.0, 0.0, 0.0, 0.0, 0.0, 0.0, 0.0, 0.97168899495731, 0.0, 0.0, 0.0, 0.0, 0.0, 0.0, 0.0, 0.0, 0.0, 0.0, 0.0, 0.0, 0.0, 0.0, 0.0, 0.0, 0.0, 0.0, 0.0, 0.0], [0.0, 0.0, 0.0, 0.0, 0.0, 0.0, 0.0, 0.0, 0.0, 0.0, 0.9715613443478003, 0.0, 0.0, 0.0, 0.0, 0.0, 0.0, 0.0, 0.0, 0.0, 0.0, 0.0, 0.0, 0.0, 0.0, 0.0, 0.0, 0.0, 0.0, 0.0], [0.0, 0.0, 0.0, 0.0, 0.0, 0.0, 0.0, 0.0, 0.0, 0.0, 0.0, 0.9699592963432009, 0.0, 0.0, 0.0, 0.0, 0.0, 0.0, 0.0, 0.0, 0.0, 0.0, 0.0, 0.0, 0.0, 0.0, 0.0, 0.0, 0.0, 0.0]], "Born radii": [], "Atomic SASAs": [], "Solvent H bonds": [], "Total SASA": NaN, "Total FOD": 0.0, "FOD": [0.0, 0.0, 0.0, 0.0, 0.0, 0.0, 0.0, 0.0, 0.0, 0.0, 0.0, 0.0, 0.0, 0.0, 0.0, 0.0, 0.0, 0.0, 0.0, 0.0, 0.0, 0.0, 0.0, 0.0, 0.0, 0.0, 0.0, 0.0, 0.0, 0.0], "FOD s proportion": [0.0, 0.0, 0.0, 0.0, 0.0, 0.0, 0.0, 0.0, 0.0, 0.0, 0.0, 0.0, 0.0, 0.0, 0.0, 0.0, 0.0, 0.0, 0.0, 0.0, 0.0, 0.0, 0.0, 0.0, 0.0, 0.0, 0.0, 0.0, 0.0, 0.0], "FOD p proportion": [0.0, 0.0, 0.0, 0.0, 0.0, 0.0, 0.0, 0.0, 0.0, 0.0, 0.0, 0.0, 0.0, 0.0, 0.0, 0.0, 0.0, 0.0, 0.0, 0.0, 0.0, 0.0, 0.0, 0.0, 0.0, 0.0, 0.0, 0.0, 0.0, 0.0], "FOD d proportion": [0.0, 0.0, 0.0, 0.0, 0.0, 0.0, 0.0, 0.0, 0.0, 0.0, 0.0, 0.0, 0.0, 0.0, 0.0, 0.0, 0.0, 0.0, 0.0, 0.0, 0.0, 0.0, 0.0, 0.0, 0.0, 0.0, 0.0, 0.0, 0.0, 0.0], "coordinates": [["5.09180", "0.51880", "0.23870"], ["3.94820", "-0.36280", "-0.23710"], ["2.58990", "0.24540", "0.11120"], ["1.44230", "-0.64440", "-0.36910"], ["0.08280", "-0.03590", "-0.02060"], ["-1.06370", "-0.92760", "-0.50200"], ["-2.40930", "-0.33650", "-0.16320"], ["-3.04670", "0.53670", "-1.05460"], ["-4.28430", "1.09630", "-0.73310"], ["-4.89330", "0.79230", "0.48300"], ["-4.26460", "-0.06970", "1.37960"], ["-3.02700", "-0.63030", "1.05970"], ["5.04560", "1.50760", "-0.22860"], ["6.05340", "0.06500", "-0.02070"], ["5.06020", "0.65000", "1.32510"], ["4.04200", "-1.35320", "0.22340"], ["4.02760", "-0.50030", "-1.32180"], ["2.51730", "0.38470", "1.19680"], ["2.50290", "1.23750", "-0.34830"], ["1.52930", "-1.63630", "0.09070"], ["1.51490", "-0.78330", "-1.45470"], ["-0.00170", "0.95870", "-0.47660"], ["0.01270", "0.10780", "1.06510"], ["-0.98140", "-1.92560", "-0.05300"], ["-0.99570", "-1.07900", "-1.58680"], ["-2.58110", "0.78660", "-2.00520"], ["-4.77240", "1.77100", "-1.43130"], ["-5.85660", "1.22880", "0.73290"], ["-4.73720", "-0.30480", "2.32950"], ["-2.54590", "-1.29760", "1.77100"]], "bond_dist": [[0.0, 1.5203371862846744, 2.5200213134019323, 3.8783121754185803, 5.046286712028955, 6.366387492133981, 7.560394362068688, 8.240638782885705, 9.444000884159214, 9.991832001690181, 9.444056650613655, 8.240715093364168, 1.0946365469871724, 1.0944849747712388, 1.0947497248229845, 2.1463220005395276, 2.1462168343389725, 2.7502706539538977, 2.7501821576033834, 4.1662652651985566, 4.166207097588885, 5.162258066970305, 5.162278060120358, 6.553162480054954, 6.553096317009235, 7.998762308007408, 10.082625971442162, 10.982522305918618, 10.082608918330612, 7.998857014599023], [1.5203371862846744, 0.0, 1.5284629599699169, 2.525125218677284, 3.885235259286109, 5.05057547810148, 6.357983890353922, 7.0997205937980405, 8.375502675063748, 8.945664998757778, 8.37554239079476, 7.099764892586233, 2.1685836783486128, 2.1590990806352544, 2.168588637801093, 1.0962439737576668, 1.0962594127303993, 2.159236038509917, 2.1592168997115597, 2.7532403273234247, 2.7532378938261037, 4.171981844399613, 4.171971889886124, 5.174668376814112, 5.174628463957582, 6.8614179627829115, 9.056935488342623, 9.98039045328388, 9.05687433500101, 6.861461321030673], [2.5200213134019323, 1.5284629599699169, 0.0, 1.5295155736376143, 2.526272222069506, 3.8859665721670846, 5.040426927354468, 5.763263388914305, 6.977929416381338, 7.512364280970406, 6.977986587834631, 5.7633382991110285, 2.781919367990381, 3.4707022373001117, 2.7820202120042192, 2.1625691225946975, 2.1625306425574644, 1.096905925774859, 1.0968006473375187, 2.1601128442745763, 2.160067475797921, 2.751489830982481, 2.751512095194204, 4.182629116955028, 4.18255504685832, 5.613491551610282, 7.675299531614385, 8.526250565166379, 7.67528301367448, 5.613575213711846], [3.8783121754185803, 2.525125218677284, 1.5295155736376143, 0.0, 1.5296943322115042, 2.5254505835592984, 3.8693694292481298, 4.692124088299456, 5.9963722407802535, 6.552099561209368, 5.996410542149361, 4.692154168396431, 4.1993588963078645, 4.67834095914353, 4.199402982567879, 2.7589660708316077, 2.7590176132094553, 2.1602579984807373, 2.160289936559442, 1.096745480957182, 1.0968552001061946, 2.160236528716242, 2.160206156828556, 2.759658373784698, 2.759622157107744, 4.573000302864631, 6.751660691267001, 7.615590814244158, 6.751591691593916, 4.573011862000797], [5.046286712028955, 3.885235259286109, 2.526272222069506, 1.5296943322115042, 0.0, 1.5301428364698506, 2.514211114842984, 3.345264863953227, 4.567394826375315, 5.06962517450748, 4.567448876561181, 3.345327411480078, 5.2014459614611015, 5.971452518441389, 5.201526512476891, 4.179722470451836, 4.179741121170065, 2.754225366595842, 2.754236529421538, 2.1600995578907933, 2.160129621110733, 1.0974084973244922, 1.0974097639441704, 2.1689945804450503, 2.168917310549206, 3.422207857509535, 5.369164659423289, 6.119125811747949, 5.369141199484327, 3.4222479658844125], [6.366387492133981, 5.05057547810148, 3.8859665721670846, 2.5254505835592984, 1.5301428364698506, 0.0, 1.5082519716546037, 2.526228463540065, 3.8107535711457388, 4.312089652361138, 3.810796738216301, 2.5262306050715164, 6.582438232904279, 7.202084202506938, 6.582497047473702, 5.17450606435049, 5.174552446347413, 4.175118409099316, 4.175154758808349, 2.752671062804272, 2.752750940423052, 2.1648595450975567, 2.1648308317279668, 1.0974417023240914, 1.0974228902296508, 2.7387213512878597, 4.6797965917334485, 5.3987896217578255, 4.679730156750494, 2.7386759282543816], [7.560394362068688, 6.357983890353922, 5.040426927354468, 3.8693694292481298, 2.514211114842984, 1.5082519716546037, 0.0, 1.4011962603432824, 2.4276175254763674, 2.8039293643028884, 2.4276639326727247, 1.4011981087626404, 7.679877341468417, 8.473417243945915, 7.679951132005985, 6.542355091249632, 6.542389931057303, 5.1615033662683985, 5.161535319069317, 4.15529965345461, 4.155351745640795, 2.751781306717523, 2.7517644121545, 2.1392244529268076, 2.139207369564718, 2.164216451744141, 3.410846737981641, 3.890634471394094, 3.410817583805971, 2.1641401086805816], [8.240638782885705, 7.0997205937980405, 5.763263388914305, 4.692124088299456, 3.345264863953227, 2.526228463540065, 1.4011962603432824, 0.0, 1.3957679499114457, 2.416500916614765, 2.788607360314463, 2.4150655436240234, 8.192084112117014, 9.170783505786188, 8.449712219359899, 7.446789489437713, 7.154892405200793, 6.0041653841312534, 5.63808837195729, 5.193593851082312, 4.765571798850585, 3.127969469160465, 3.746600013345433, 3.3662424066011645, 2.6646433776398672, 1.0875999862081644, 2.154864234702502, 3.4014256819751334, 3.8753122854810034, 3.405799831170352], [9.444000884159214, 8.375502675063748, 6.977929416381338, 5.9963722407802535, 4.567394826375315, 3.8107535711457388, 2.4276175254763674, 1.3957679499114457, 0.0, 1.3936269981598375, 2.413181588691576, 2.788562835942558, 9.352578358399356, 10.413411292175105, 9.57888569615485, 8.731678772721773, 8.484302025505693, 7.10581811827463, 6.799565597889324, 6.476395151625633, 6.138755847889701, 4.292480491510707, 4.761813151521172, 4.528086133235542, 4.034305856030254, 2.1482650534792023, 1.0867129059691893, 2.15379654099453, 3.398193399440355, 3.87599130287982], [9.991832001690181, 8.945664998757778, 7.512364280970406, 6.552099561209368, 5.06962517450748, 4.312089652361138, 2.8039293643028884, 2.416500916614765, 1.3936269981598375, 0.0, 1.3936280888386257, 2.4164952596684315, 9.98998307606174, 10.982391354800647, 9.990072269508364, 9.192940144480437, 9.192963320388046, 7.456047247704376, 7.456073844189046, 6.877629534221802, 6.877661222392391, 4.987611821302857, 4.987606305633996, 4.793457835425279, 4.793445680301383, 3.396680816620837, 2.1533729333304064, 1.0867056409166194, 2.153498983050607, 3.3966031222384516], [9.444056650613655, 8.37554239079476, 6.977986587834631, 5.996410542149361, 4.567448876561181, 3.810796738216301, 2.4276639326727247, 2.788607360314463, 2.413181588691576, 1.3936280888386257, 0.0, 1.3958016083956915, 9.578831169302443, 10.413458031797123, 9.352691237285661, 8.48432520887784, 8.731755789072436, 6.799563427897412, 7.105875491450719, 6.138792713555329, 6.476503817647296, 4.761869528872038, 4.292518117608823, 4.034366097666398, 4.52812573367834, 3.876118287668734, 3.3981165577419503, 2.153784376394258, 1.0867073111008316, 2.148223000528576], [8.240715093364168, 7.099764892586233, 5.7633382991110285, 4.692154168396431, 3.345327411480078, 2.5262306050715164, 1.4011981087626404, 2.4150655436240234, 2.788562835942558, 2.4164952596684315, 1.3958016083956915, 0.0, 8.44968662495835, 9.170843495011788, 8.192216372264589, 7.154910418726429, 7.446866684049071, 5.638109958133133, 6.004243070529373, 4.765591955885439, 5.193695405970589, 3.746675697201454, 3.12803402475101, 2.6646543378081895, 3.366225427686031, 3.4058837957276227, 3.8752733903558343, 3.4014242913814794, 2.1547914817912193, 1.0875174435382633], [1.0946365469871724, 2.1685836783486128, 2.781919367990381, 4.1993588963078645, 5.2014459614611015, 6.582438232904279, 7.679877341468417, 8.192084112117014, 9.352578358399356, 9.98998307606174, 9.578831169302443, 8.44968662495835, 0.0, 1.771998309818607, 1.7747322643148176, 3.0652395664939474, 2.5026131642744955, 3.112068517883243, 2.5598057328633366, 4.727623651476501, 4.383763966045618, 5.083112481541206, 5.381745268962478, 6.938474371214468, 6.710626832867404, 7.864013062679894, 9.894897212705144, 10.948067250889538, 10.272869375690513, 8.336571204638032], [1.0944849747712388, 2.1590990806352544, 3.4707022373001117, 4.67834095914353, 5.971452518441389, 7.202084202506938, 8.473417243945915, 9.170783505786188, 10.413411292175105, 10.982391354800647, 10.413458031797123, 9.170843495011788, 1.771998309818607, 0.0, 1.7719618731789912, 2.473177310667393, 2.4731136124327167, 3.753467403614956, 3.753415545872852, 4.834698797236494, 4.834661429717701, 6.137652687306442, 6.137658345818868, 7.311083551020327, 7.311033854387491, 8.888955903816825, 11.049804251659847, 11.990431326687126, 11.04976200829683, 8.889028526222647], [1.0947497248229845, 2.168588637801093, 2.7820202120042192, 4.199402982567879, 5.201526512476891, 6.582497047473702, 7.679951132005985, 8.449712219359899, 9.57888569615485, 9.990072269508364, 9.352691237285661, 8.192216372264589, 1.7747322643148176, 1.7719618731789912, 0.0, 2.502655463702505, 3.0652132813231776, 2.559919020203569, 3.1121065373794647, 4.383852855651066, 4.727662109330573, 5.381844497010295, 5.083191624363575, 6.710723174889574, 6.938481636496562, 8.33660742388653, 10.272993951132259, 10.948161147882324, 9.894923403442798, 7.864142024404187], [2.1463220005395276, 1.0962439737576668, 2.1625691225946975, 2.7589660708316077, 4.179722470451836, 5.17450606435049, 6.542355091249632, 7.446789489437713, 8.731678772721773, 9.192940144480437, 8.48432520887784, 7.154910418726429, 3.0652395664939474, 2.473177310667393, 2.502655463702505, 0.0, 1.7650180763946868, 2.508488401408306, 3.067147891771768, 2.5320774454980635, 3.086590356688104, 4.710243231511511, 4.367864281316442, 5.063455962087554, 5.360077515297704, 7.3082730935563704, 9.496962940329924, 10.242489746638753, 9.088957718572575, 6.767465074161816], [2.1462168343389725, 1.0962594127303993, 2.1625306425574644, 2.7590176132094553, 4.179741121170065, 5.174552446347413, 6.542389931057303, 7.154892405200793, 8.484302025505693, 9.192963320388046, 8.731755789072436, 7.446866684049071, 2.5026131642744955, 2.4731136124327167, 3.0652132813231776, 1.7650180763946868, 0.0, 3.0671773750469664, 2.5084579286884603, 3.086609003421068, 2.5320767563405338, 4.367871624716091, 4.7102546884430785, 5.3601692631856315, 5.063463397715046, 6.7674266054387315, 9.089048021657714, 10.242508898702505, 9.49694324401278, 7.3083514816954445], [2.7502706539538977, 2.159236038509917, 1.096905925774859, 2.1602579984807373, 2.754225366595842, 4.175118409099316, 5.1615033662683985, 6.0041653841312534, 7.10581811827463, 7.456047247704376, 6.799563427897412, 5.638109958133133, 3.112068517883243, 3.753467403614956, 2.559919020203569, 2.508488401408306, 3.0671773750469664, 0.0, 1.7648822085340428, 2.506799196186244, 3.065857467332753, 3.0781657785116123, 2.523299359965044, 4.374972893630313, 4.715083843369065, 6.033905051457141, 7.872005042554279, 8.429110820839883, 7.374699301666476, 5.366174910492576], [2.7501821576033834, 2.1592168997115597, 1.0968006473375187, 2.160289936559442, 2.754236529421538, 4.175154758808349, 5.161535319069317, 5.63808837195729, 6.799565597889324, 7.456073844189046, 7.105875491450719, 6.004243070529373, 2.5598057328633366, 3.753415545872852, 3.1121065373794647, 3.067147891771768, 2.5084579286884603, 1.7648822085340428, 0.0, 3.0658350249157245, 2.5067703524654985, 2.523333408410391, 3.078151667803261, 4.715161735296044, 4.374957880940112, 5.366161050509013, 7.374788223400045, 8.429134556999314, 7.871997849339136, 6.033949447915519], [4.1662652651985566, 2.7532403273234247, 2.1601128442745763, 1.096745480957182, 2.1600995578907933, 2.752671062804272, 4.15529965345461, 5.193593851082312, 6.476395151625633, 6.877629534221802, 6.138792713555329, 4.765591955885439, 4.727623651476501, 4.834698797236494, 4.383852855651066, 2.5320774454980635, 3.086609003421068, 2.506799196186244, 3.0658350249157245, 0.0, 1.7652414905615608, 3.065911820323605, 2.50826946917591, 2.531394609696402, 3.08224180427169, 5.211394187739017, 7.323769533512097, 7.948127934300001, 6.7863200587652805, 4.4210158131361625], [4.166207097588885, 2.7532378938261037, 2.160067475797921, 1.0968552001061946, 2.160129621110733, 2.752750940423052, 4.155351745640795, 4.765571798850585, 6.138755847889701, 6.877661222392391, 6.476503817647296, 5.193695405970589, 4.383763966045618, 4.834661429717701, 4.727662109330573, 3.086590356688104, 2.5320767563405338, 3.065857467332753, 2.5067703524654985, 1.7652414905615608, 0.0, 2.5082502207714445, 3.0659510906079372, 3.0823896363049235, 2.5314030220413346, 4.420956034615137, 6.786393544438755, 7.9481540259358345, 7.323789067142772, 5.211500898973347], [5.162258066970305, 4.171981844399613, 2.751489830982481, 2.160236528716242, 1.0974084973244922, 2.1648595450975567, 2.751781306717523, 3.127969469160465, 4.292480491510707, 4.987611821302857, 4.761869528872038, 3.746675697201454, 5.083112481541206, 6.137652687306442, 5.381844497010295, 4.710243231511511, 4.367871624716091, 3.0781657785116123, 2.523333408410391, 3.065911820323605, 2.5082502207714445, 0.0, 1.7609875240898216, 3.075456964420084, 2.5244407955030357, 3.003255022471452, 4.932632346932012, 5.984621815119148, 5.647618056313653, 4.076217497877169], [5.162278060120358, 4.171971889886124, 2.751512095194204, 2.160206156828556, 1.0974097639441704, 2.1648308317279668, 2.7517644121545, 3.746600013345433, 4.761813151521172, 4.987606305633996, 4.292518117608823, 3.12803402475101, 5.381745268962478, 6.137658345818868, 5.083191624363575, 4.367864281316442, 4.7102546884430785, 2.523299359965044, 3.078151667803261, 2.50826946917591, 3.0659510906079372, 1.7609875240898216, 0.0, 2.524499550405981, 3.0753761412224034, 4.076188166657667, 5.647603846765458, 5.9846203162773834, 4.932595273281601, 3.003311161035433], [6.553162480054954, 5.174668376814112, 4.182629116955028, 2.759658373784698, 2.1689945804450503, 1.0974417023240914, 2.1392244529268076, 3.3662424066011645, 4.528086133235542, 4.793457835425279, 4.034366097666398, 2.6646543378081895, 6.938474371214468, 7.311083551020327, 6.710723174889574, 5.063455962087554, 5.3601692631856315, 4.374972893630313, 4.715161735296044, 2.531394609696402, 3.0823896363049235, 3.075456964420084, 2.524499550405981, 0.0, 1.7519927197337324, 3.704882423235588, 5.471402329385037, 5.859646167645279, 4.733849652238651, 2.4837512455960638], [6.553096317009235, 5.174628463957582, 4.18255504685832, 2.759622157107744, 2.168917310549206, 1.0974228902296508, 2.139207369564718, 2.6646433776398672, 4.034305856030254, 4.793445680301383, 4.52812573367834, 3.366225427686031, 6.710626832867404, 7.311033854387491, 6.938481636496562, 5.360077515297704, 5.063463397715046, 4.715083843369065, 4.374957880940112, 3.08224180427169, 2.5314030220413346, 2.5244407955030357, 3.0753761412224034, 1.7519927197337324, 0.0, 2.4837502048313955, 4.733935269941911, 5.859632901470876, 5.471344768884519, 3.704824805574482], [7.998762308007408, 6.8614179627829115, 5.613491551610282, 4.573000302864631, 3.422207857509535, 2.7387213512878597, 2.164216451744141, 1.0875999862081644, 2.1482650534792023, 3.396680816620837, 3.876118287668734, 3.4058837957276227, 7.864013062679894, 8.888955903816825, 8.33660742388653, 7.3082730935563704, 6.7674266054387315, 6.033905051457141, 5.366161050509013, 5.211394187739017, 4.420956034615137, 3.003255022471452, 4.076188166657667, 3.704882423235588, 2.4837502048313955, 0.0, 2.4698583481649306, 4.29204295178881, 4.962816262970048, 4.313329934053272], [10.082625971442162, 9.056935488342623, 7.675299531614385, 6.751660691267001, 5.369164659423289, 4.6797965917334485, 3.410846737981641, 2.154864234702502, 1.0867129059691893, 2.1533729333304064, 3.3981165577419503, 3.8752733903558343, 9.894897212705144, 11.049804251659847, 10.272993951132259, 9.496962940329924, 9.089048021657714, 7.872005042554279, 7.374788223400045, 7.323769533512097, 6.786393544438755, 4.932632346932012, 5.647603846765458, 5.471402329385037, 4.733935269941911, 2.4698583481649306, 0.0, 2.4805709262183977, 4.29578878903514, 4.962694177561217], [10.982522305918618, 9.98039045328388, 8.526250565166379, 7.615590814244158, 6.119125811747949, 5.3987896217578255, 3.890634471394094, 3.4014256819751334, 2.15379654099453, 1.0867056409166194, 2.153784376394258, 3.4014242913814794, 10.948067250889538, 11.990431326687126, 10.948161147882324, 10.242489746638753, 10.242508898702505, 8.429110820839883, 8.429134556999314, 7.948127934300001, 7.9481540259358345, 5.984621815119148, 5.9846203162773834, 5.859646167645279, 5.859632901470876, 4.29204295178881, 2.4805709262183977, 0.0, 2.4807492577848334, 4.2919789211970745], [10.082608918330612, 9.05687433500101, 7.67528301367448, 6.751591691593916, 5.369141199484327, 4.679730156750494, 3.410817583805971, 3.8753122854810034, 3.398193399440355, 2.153498983050607, 1.0867073111008316, 2.1547914817912193, 10.272869375690513, 11.04976200829683, 9.894923403442798, 9.088957718572575, 9.49694324401278, 7.374699301666476, 7.871997849339136, 6.7863200587652805, 7.323789067142772, 5.647618056313653, 4.932595273281601, 4.733849652238651, 5.471344768884519, 4.962816262970048, 4.29578878903514, 2.4807492577848334, 0.0, 2.4696902194404866], [7.998857014599023, 6.861461321030673, 5.613575213711846, 4.573011862000797, 3.4222479658844125, 2.7386759282543816, 2.1641401086805816, 3.405799831170352, 3.87599130287982, 3.3966031222384516, 2.148223000528576, 1.0875174435382633, 8.336571204638032, 8.889028526222647, 7.864142024404187, 6.767465074161816, 7.3083514816954445, 5.366174910492576, 6.033949447915519, 4.4210158131361625, 5.211500898973347, 4.076217497877169, 3.003311161035433, 2.4837512455960638, 3.704824805574482, 4.313329934053272, 4.962694177561217, 4.2919789211970745, 2.4696902194404866, 0.0]]}