{"total energy": -24.05189232, "HOMO-LUMO gap/eV": 11.69601753, "electronic energy": -24.35119776, "dipole": [0.29776149, 0.55382843, 0.34753776], "partial charges": [-0.10078336, -0.05026541, -0.07329413, 0.11549151, -0.45429434, -0.06064427, -0.1039697, 0.03310237, 0.03539618, 0.03244671, 0.03053961, 0.02370331, 0.03573998, 0.04464735, 0.00995452, 0.28414488, 0.04505629, 0.04596762, 0.03481417, 0.03852566, 0.03372104], "atomic dipole moments": [[-0.07828957, -0.05410972, 0.03815433], [-0.00704088, 0.05671177, -0.09424837], [-0.0061504, -0.05108284, 0.10432913], [0.05052841, -0.16108945, -0.05426241], [0.04029608, 0.21822801, 0.08034787], [0.06261668, 0.09876229, 0.06222232], [0.04116228, -0.09883991, 0.01214121], [-0.02890102, 0.12244387, -0.00935505], [0.03448599, -0.04172254, -0.1145378], [0.09945407, -0.00937514, 0.07528487], [0.04078176, -0.1156044, 0.01232953], [-0.02349612, 0.04177595, 0.11299849], [-0.0245493, 0.12066906, -0.02043279], [0.03240881, -0.04919239, -0.11321516], [-0.02598613, 0.0318308, 0.11314218], [0.04594715, 0.00312198, 0.06304152], [0.01821927, -0.05037689, -0.11439179], [-0.09071456, -0.07419957, 0.04154307], [0.07624155, 0.07540332, -0.06522272], [-0.10768259, -0.00252245, -0.06323469], [-0.02409402, 0.05258685, 0.11205]], "atomic quadrupole moments": [[0.09537369, 0.14460983, -0.02450042, -0.0909484, -0.07658244, -0.07087327], [0.16784362, 0.12800571, -0.12400277, 0.05699858, -0.09018879, -0.04384085], [0.18489939, 0.10630306, -0.13611324, 0.06056524, -0.10531218, -0.04878615], [-0.03838763, -0.06801265, 0.30313676, 0.0732527, -0.11810635, -0.26474913], [-0.07246792, -0.04283631, 0.16144346, 0.03760459, -0.01119837, -0.08897554], [0.03487902, -0.11907956, 0.07438034, 0.17738954, -0.04217117, -0.10925936], [-0.06457817, -0.11224014, 0.1864072, 0.01701539, -0.02518977, -0.12182904], [-0.02032666, -0.03600469, 0.06699284, -0.00826179, -0.00944328, -0.04666618], [-0.03756454, 0.00232007, -0.01805792, -0.02492631, 0.04360668, 0.05562245], [0.03414575, -0.00224514, -0.04327349, 0.05752676, -0.01891002, 0.00912773], [-0.01356528, -0.01572054, 0.05220573, 0.00310363, 0.002775, -0.03864045], [-0.01301005, -0.00494992, -0.02104843, -0.02117939, 0.03681149, 0.03405847], [-0.012361, -0.020524, 0.05704003, 0.00947573, -0.00467914, -0.04467902], [-0.01330405, -0.01021373, -0.01875461, -0.00909356, 0.04207704, 0.03205867], [-0.02168884, -0.01045584, 0.01310443, -0.00316963, 0.01399243, 0.00858441], [-0.00256151, -0.02876474, -0.03905722, 0.11203597, -0.01009383, 0.04161874], [-0.02141488, -0.01685914, -0.02474307, -0.02749977, 0.01727072, 0.04615795], [0.01982606, 0.02350995, -0.0070813, -0.02866228, -0.03424967, -0.01274476], [0.02261505, 0.03669555, -0.00028754, -0.04879185, -0.02842377, -0.02232751], [0.04524712, 0.00933505, -0.02479891, 0.06006371, 0.00482102, -0.02044821], [-0.04964555, -0.01083714, -0.01852762, -0.01468616, 0.03306932, 0.06817318]], "number of molecular orbitals": 42, "number of electrons": 44, "number of unpaired electrons": 0, "orbital energies/eV": [-18.45063941, -17.14665562, -16.90146766, -16.36380737, -16.04301505, -15.31359929, -15.2740496, -14.9879641, -14.26850008, -14.06113014, -13.8201233, -13.32496669, -13.04273791, -12.91564921, -12.55299649, -12.44211404, -12.36417923, -12.04307836, -11.78454243, -11.63303287, -11.52108034, -10.9149184, 0.78109913, 1.52664756, 2.66305026, 3.00123265, 3.17568942, 3.5097764, 3.92654969, 4.16356885, 4.41781121, 4.50249086, 4.66924878, 5.25822686, 5.44491893, 5.72644203, 6.58994717, 6.97695443, 7.10415522, 7.35729733, 7.92015369, 8.1813784], "fractional occupation": [2.0, 2.0, 2.0, 2.0, 2.0, 2.0, 2.0, 2.0, 2.0, 2.0, 2.0, 2.0, 2.0, 2.0, 2.0, 2.0, 2.0, 2.0, 2.0, 2.0, 2.0, 2.0, 0.0, 0.0, 0.0, 0.0, 0.0, 0.0, 0.0, 0.0, 0.0, 0.0, 0.0, 0.0, 0.0, 0.0, 0.0, 0.0, 0.0, 0.0, 0.0, 0.0], "program call": "xtb /home/svss/Project-DBcg-Debug/aqme2_20220329/End-to-End-workflows-final/example-3/QDESCP/mol_389_rdkit_conf_16/mol_389_rdkit_conf_16.xyz --pop --wbo --acc 0.2 --gfn 2 --chrg 0 --uhf 0 --etemp 300 --input /home/svss/Project-DBcg-Debug/aqme2_20220329/End-to-End-workflows-final/example-3/QDESCP/mol_389_rdkit_conf_16/mol_389_rdkit_conf_16_xtb.inp", "method": "GFN2-xTB", "xtb version": "6.3.3 (7355c4f)", "Dipole module/D": 1.826, "Total charge": 0, "Transition dipole module/D": NaN, "HOMO": -10.9149, "LUMO": 0.7811, "HOMO occupancy": 2.0, "LUMO occupancy": 0, "mulliken charges": [-0.0827, -0.03772, -0.07325, 0.21906, -0.57125, -0.04985, -0.08954, 0.02681, 0.02947, 0.02877, 0.02356, 0.0172, 0.02457, 0.03653, 0.0067, 0.33362, 0.03531, 0.03803, 0.02624, 0.03263, 0.0258], "cm5 charges": [-0.23314, -0.15011, -0.17946, 0.17147, -0.78231, -0.1567, -0.2398, 0.0781, 0.08078, 0.07955, 0.08057, 0.07242, 0.08123, 0.09429, 0.07316, 0.50362, 0.09227, 0.09531, 0.07802, 0.08344, 0.0773], "FUKUI+": [0.007, -0.011, 0.012, -0.041, -0.146, 0.0, 0.003, -0.039, -0.038, -0.057, -0.03, -0.038, -0.08, -0.057, -0.082, -0.123, -0.057, -0.07, -0.042, -0.066, -0.045], "FUKUI-": [0.012, 0.008, -0.01, -0.002, -0.105, 0.008, 0.022, -0.058, -0.06, -0.077, -0.056, -0.06, -0.059, -0.053, -0.081, -0.05, -0.077, -0.107, -0.073, -0.069, -0.051], "FUKUIrad": [0.01, -0.001, 0.001, -0.022, -0.126, 0.004, 0.013, -0.049, -0.049, -0.067, -0.043, -0.049, -0.07, -0.055, -0.082, -0.087, -0.067, -0.088, -0.058, -0.067, -0.048], "s proportion": [1.008, 1.027, 1.041, 1.02, 1.698, 1.032, 1.008, 0.973, 0.971, 0.971, 0.976, 0.983, 0.975, 0.963, 0.993, 0.666, 0.965, 0.962, 0.974, 0.967, 0.974], "p proportion": [3.075, 3.011, 3.032, 2.761, 4.873, 3.018, 3.081, 0.0, 0.0, 0.0, 0.0, 0.0, 0.0, 0.0, 0.0, 0.0, 0.0, 0.0, 0.0, 0.0, 0.0], "d proportion": [0.0, 0.0, 0.0, 0.0, 0.0, 0.0, 0.0, 0.0, 0.0, 0.0, 0.0, 0.0, 0.0, 0.0, 0.0, 0.0, 0.0, 0.0, 0.0, 0.0, 0.0], "Fermi-level/eV": -5.0669, "Coordination numbers": [3.75, 3.799, 3.801, 3.723, 1.653, 3.799, 3.749, 0.924, 0.924, 0.924, 0.924, 0.924, 0.924, 0.924, 0.924, 0.804, 0.924, 0.924, 0.924, 0.924, 0.924], "Dispersion coefficient C6": [22.489, 21.478, 21.902, 18.792, 21.933, 21.668, 22.552, 2.543, 2.511, 2.552, 2.579, 2.678, 2.506, 2.388, 2.891, 0.771, 2.383, 2.371, 2.519, 2.469, 2.534], "Total dispersion C6": 2908.107988, "Total dispersion C8": 60041.180233, "Polarizability alpha": [6.763, 6.599, 6.663, 6.19, 6.322, 6.628, 6.773, 2.494, 2.478, 2.498, 2.511, 2.559, 2.476, 2.417, 2.659, 1.379, 2.414, 2.408, 2.482, 2.457, 2.49], "Total polarizability alpha": 79.660144, "Wiberg matrix": [[0.0, 1.0195574280034891, 0.0, 0.0, 0.0, 0.0, 0.0, 0.987490023974123, 0.9876187569833919, 0.9872328961439634, 0.0, 0.0, 0.0, 0.0, 0.0, 0.0, 0.0, 0.0, 0.0, 0.0, 0.0], [1.0195574280034891, 0.0, 1.0070075077055731, 0.0, 0.0, 0.0, 0.0, 0.0, 0.0, 0.0, 0.9751737841141174, 0.9782060054696305, 0.0, 0.0, 0.0, 0.0, 0.0, 0.0, 0.0, 0.0, 0.0], [0.0, 1.0070075077055731, 0.0, 0.9885594256355867, 0.0, 0.0, 0.0, 0.0, 0.0, 0.0, 0.0, 0.0, 0.97250552098421, 0.9755341178898326, 0.0, 0.0, 0.0, 0.0, 0.0, 0.0, 0.0], [0.0, 0.0, 0.9885594256355867, 0.0, 0.9782828991371119, 0.9927940830041045, 0.0, 0.0, 0.0, 0.0, 0.0, 0.0, 0.0, 0.0, 0.9651546648090206, 0.0, 0.0, 0.0, 0.0, 0.0, 0.0], [0.0, 0.0, 0.0, 0.9782828991371119, 0.0, 0.0, 0.0, 0.0, 0.0, 0.0, 0.0, 0.0, 0.0, 0.0, 0.0, 0.9016022610360903, 0.0, 0.0, 0.0, 0.0, 0.0], [0.0, 0.0, 0.0, 0.9927940830041045, 0.0, 0.0, 1.0206921254177417, 0.0, 0.0, 0.0, 0.0, 0.0, 0.0, 0.0, 0.0, 0.0, 0.9757350389983703, 0.975022260822887, 0.0, 0.0, 0.0], [0.0, 0.0, 0.0, 0.0, 0.0, 1.0206921254177417, 0.0, 0.0, 0.0, 0.0, 0.0, 0.0, 0.0, 0.0, 0.0, 0.0, 0.0, 0.0, 0.9853862231817514, 0.9867086948391064, 0.9872526231033841], [0.987490023974123, 0.0, 0.0, 0.0, 0.0, 0.0, 0.0, 0.0, 0.0, 0.0, 0.0, 0.0, 0.0, 0.0, 0.0, 0.0, 0.0, 0.0, 0.0, 0.0, 0.0], [0.9876187569833919, 0.0, 0.0, 0.0, 0.0, 0.0, 0.0, 0.0, 0.0, 0.0, 0.0, 0.0, 0.0, 0.0, 0.0, 0.0, 0.0, 0.0, 0.0, 0.0, 0.0], [0.9872328961439634, 0.0, 0.0, 0.0, 0.0, 0.0, 0.0, 0.0, 0.0, 0.0, 0.0, 0.0, 0.0, 0.0, 0.0, 0.0, 0.0, 0.0, 0.0, 0.0, 0.0], [0.0, 0.9751737841141174, 0.0, 0.0, 0.0, 0.0, 0.0, 0.0, 0.0, 0.0, 0.0, 0.0, 0.0, 0.0, 0.0, 0.0, 0.0, 0.0, 0.0, 0.0, 0.0], [0.0, 0.9782060054696305, 0.0, 0.0, 0.0, 0.0, 0.0, 0.0, 0.0, 0.0, 0.0, 0.0, 0.0, 0.0, 0.0, 0.0, 0.0, 0.0, 0.0, 0.0, 0.0], [0.0, 0.0, 0.97250552098421, 0.0, 0.0, 0.0, 0.0, 0.0, 0.0, 0.0, 0.0, 0.0, 0.0, 0.0, 0.0, 0.0, 0.0, 0.0, 0.0, 0.0, 0.0], [0.0, 0.0, 0.9755341178898326, 0.0, 0.0, 0.0, 0.0, 0.0, 0.0, 0.0, 0.0, 0.0, 0.0, 0.0, 0.0, 0.0, 0.0, 0.0, 0.0, 0.0, 0.0], [0.0, 0.0, 0.0, 0.9651546648090206, 0.0, 0.0, 0.0, 0.0, 0.0, 0.0, 0.0, 0.0, 0.0, 0.0, 0.0, 0.0, 0.0, 0.0, 0.0, 0.0, 0.0], [0.0, 0.0, 0.0, 0.0, 0.9016022610360903, 0.0, 0.0, 0.0, 0.0, 0.0, 0.0, 0.0, 0.0, 0.0, 0.0, 0.0, 0.0, 0.0, 0.0, 0.0, 0.0], [0.0, 0.0, 0.0, 0.0, 0.0, 0.9757350389983703, 0.0, 0.0, 0.0, 0.0, 0.0, 0.0, 0.0, 0.0, 0.0, 0.0, 0.0, 0.0, 0.0, 0.0, 0.0], [0.0, 0.0, 0.0, 0.0, 0.0, 0.975022260822887, 0.0, 0.0, 0.0, 0.0, 0.0, 0.0, 0.0, 0.0, 0.0, 0.0, 0.0, 0.0, 0.0, 0.0, 0.0], [0.0, 0.0, 0.0, 0.0, 0.0, 0.0, 0.9853862231817514, 0.0, 0.0, 0.0, 0.0, 0.0, 0.0, 0.0, 0.0, 0.0, 0.0, 0.0, 0.0, 0.0, 0.0], [0.0, 0.0, 0.0, 0.0, 0.0, 0.0, 0.9867086948391064, 0.0, 0.0, 0.0, 0.0, 0.0, 0.0, 0.0, 0.0, 0.0, 0.0, 0.0, 0.0, 0.0, 0.0], [0.0, 0.0, 0.0, 0.0, 0.0, 0.0, 0.9872526231033841, 0.0, 0.0, 0.0, 0.0, 0.0, 0.0, 0.0, 0.0, 0.0, 0.0, 0.0, 0.0, 0.0, 0.0]], "Born radii": [], "Atomic SASAs": [], "Solvent H bonds": [], "Total SASA": NaN, "Total FOD": 0.0, "FOD": [0.0, 0.0, 0.0, 0.0, 0.0, 0.0, 0.0, 0.0, 0.0, 0.0, 0.0, 0.0, 0.0, 0.0, 0.0, 0.0, 0.0, 0.0, 0.0, 0.0, 0.0], "FOD s proportion": [0.0, 0.0, 0.0, 0.0, 0.0, 0.0, 0.0, 0.0, 0.0, 0.0, 0.0, 0.0, 0.0, 0.0, 0.0, 0.0, 0.0, 0.0, 0.0, 0.0, 0.0], "FOD p proportion": [0.0, 0.0, 0.0, 0.0, 0.0, 0.0, 0.0, 0.0, 0.0, 0.0, 0.0, 0.0, 0.0, 0.0, 0.0, 0.0, 0.0, 0.0, 0.0, 0.0, 0.0], "FOD d proportion": [0.0, 0.0, 0.0, 0.0, 0.0, 0.0, 0.0, 0.0, 0.0, 0.0, 0.0, 0.0, 0.0, 0.0, 0.0, 0.0, 0.0, 0.0, 0.0, 0.0, 0.0], "coordinates": [["2.87250", "0.76810", "0.07230"], ["1.71720", "-0.04140", "0.64170"], ["0.47830", "0.04540", "-0.25570"], ["-0.73690", "-0.68170", "0.33660"], ["-0.44100", "-2.07090", "0.48510"], ["-1.98100", "-0.58660", "-0.55430"], ["-2.53300", "0.82270", "-0.69410"], ["2.60600", "1.82640", "-0.01320"], ["3.15530", "0.40310", "-0.92020"], ["3.74750", "0.69040", "0.72520"], ["2.03850", "-1.08320", "0.74800"], ["1.47710", "0.33140", "1.64410"], ["0.23750", "1.10140", "-0.41920"], ["0.72510", "-0.39160", "-1.23160"], ["-0.97180", "-0.28250", "1.33040"], ["0.18300", "-2.16320", "1.22450"], ["-1.76210", "-0.99810", "-1.54770"], ["-2.76400", "-1.23270", "-0.13660"], ["-1.84440", "1.47280", "-1.24120"], ["-3.47670", "0.80210", "-1.24880"], ["-2.72700", "1.26800", "0.28670"]], "bond_dist": [[0.0, 1.5212576047468094, 2.522314994206711, 3.89865911436227, 4.382876577089526, 5.077824524341108, 5.4598333646733215, 1.0946832372883035, 1.0946493000043438, 1.0945047738589355, 2.1399621912547895, 2.1467191921627755, 2.701089805985725, 2.7670175387951557, 4.179140875826035, 4.1416777735598895, 5.2176028595515005, 5.984728239444127, 4.946820185735479, 6.48527577285654, 5.625857056484816], [1.5212576047468094, 0.0, 1.5322317742430485, 2.55454044986569, 2.9666851956350206, 3.9248365927768254, 4.538196832443475, 2.1696857583530385, 2.1691573179463037, 2.159773502013579, 1.0953906243893088, 1.0960992701393426, 2.149654097756195, 2.148523991022674, 2.786244407800579, 2.682435594753395, 4.220696120310014, 4.701712456116387, 4.303848116511548, 5.5912502814665705, 4.646661920131483], [2.522314994206711, 1.5322317742430485, 0.0, 1.5349934006372796, 2.423349504301845, 2.556705389754557, 3.140751110801364, 2.7852961314732765, 2.781337545139029, 3.4735944567551345, 2.171491581839543, 2.1653261832804773, 1.0953779667311185, 1.0973878302587468, 2.173941496452929, 2.6750902956722786, 2.7888256327708985, 3.4871526651410027, 2.8988991531269246, 4.147392855758905, 3.4731680941181065], [3.89865911436227, 2.55454044986569, 1.5349934006372796, 0.0, 1.4281056333478976, 1.5331443604566402, 2.559597050318663, 4.193793755062353, 4.231495967149207, 4.705689293822957, 2.8343072116480243, 2.7636432222701974, 2.1679793841270723, 2.1635279637665885, 1.0964383658008323, 1.9568915836090661, 2.168347409895379, 2.1532890307620107, 2.890999712902096, 3.49594903280926, 2.7864526032215227], [4.382876577089526, 2.9666851956350206, 2.423349504301845, 1.4281056333478976, 0.0, 2.3780451740873216, 3.760305519502372, 4.972067897766482, 4.5857297979710925, 5.0225449674442935, 2.681900063387896, 3.28533619284237, 3.3677303974635495, 2.669624803226101, 2.0480857623644573, 0.9719092807458933, 2.6511282296411087, 2.5466486074839616, 4.184190834558099, 4.525042839576218, 4.051346908128209], [5.077824524341108, 3.9248365927768254, 2.556705389754557, 1.5331443604566402, 2.3780451740873216, 0.0, 1.5199916216874354, 5.211134925330565, 5.24356430207545, 6.0069594222035505, 4.2542892590889965, 4.199302581381818, 2.790938598393021, 2.7963793555238534, 2.1594109243032, 3.214450652911007, 1.0973117241695727, 1.0977283361560817, 2.175228615571246, 2.155907333351784, 2.1687180914079174], [5.4598333646733215, 4.538196832443475, 3.140751110801364, 2.559597050318663, 3.760305519502372, 1.5199916216874354, 0.0, 5.2801855554516255, 5.708234600995302, 6.440232606824073, 5.158557886657859, 4.667917837751646, 2.7980196478938453, 3.5183300513169593, 2.78521322882109, 4.469147655873544, 2.153655592243105, 2.1421569526997777, 1.0936719709309553, 1.0948452584726303, 1.0944846869646008], [1.0946832372883035, 2.1696857583530385, 2.7852961314732765, 4.193793755062353, 4.972067897766482, 5.211134925330565, 5.2801855554516255, 0.0, 1.7748696797229933, 1.7716525646977177, 3.060596976081627, 2.5012164040722267, 2.5100305277028006, 3.1530631725355587, 4.365016954148059, 4.829051506248406, 5.423355797843251, 6.1814416093658915, 4.630235104182076, 6.290877294940667, 5.370534384025485], [1.0946493000043438, 2.1691573179463037, 2.781337545139029, 4.231495967149207, 4.5857297979710925, 5.24356430207545, 5.708234600995302, 1.7748696797229933, 0.0, 1.7721690918194009, 2.4978433037322416, 3.065473963353791, 3.0417397538251034, 2.5757309816826757, 4.750600186292254, 4.474393933260682, 5.151498854702386, 6.1909597874642985, 5.122919009705306, 6.6521126689195516, 6.066804176005683], [1.0945047738589355, 2.159773502013579, 3.4735944567551345, 4.705689293822957, 5.0225449674442935, 6.0069594222035505, 6.440232606824073, 1.7716525646977177, 1.7721690918194009, 0.0, 2.463099226584264, 2.475474574702798, 3.7146564255661656, 3.7596132779848515, 4.856397218103149, 4.593255240023137, 6.19457817934361, 6.84402258178624, 5.978981880721834, 7.489874400148509, 6.514986896379762], [2.1399621912547895, 1.0953906243893088, 2.171491581839543, 2.8343072116480243, 2.681900063387896, 4.2542892590889965, 5.158557886657859, 3.060596976081627, 2.4978433037322416, 2.463099226584264, 0.0, 1.7661422168104128, 3.0624228969885916, 2.474297128479116, 3.1689456196028356, 2.1991663193128432, 4.440950445569057, 4.88557812955642, 5.056378649784844, 6.16108735289478, 5.333941261393867], [2.1467191921627755, 1.0960992701393426, 2.1653261832804773, 2.7636432222701974, 3.28533619284237, 4.199302581381818, 4.667917837751646, 2.5012164040722267, 3.065473963353791, 2.475474574702798, 1.7661422168104128, 0.0, 2.527195095357697, 3.0590657871317513, 2.5440896426816413, 2.8414412065006727, 4.737887095531087, 4.858418519436134, 4.545339624274517, 5.755915508413931, 4.515995032105328], [2.701089805985725, 2.149654097756195, 1.0953779667311185, 2.1679793841270723, 3.3677303974635495, 2.790938598393021, 2.7980196478938453, 2.5100305277028006, 3.0417397538251034, 3.7146564255661656, 3.0624228969885916, 2.527195095357697, 0.0, 1.768275012547539, 2.5374565730274083, 3.655452516447177, 3.1112397303968717, 3.8127270843846137, 2.268904927492556, 3.8174727621818074, 3.0519355530548147], [2.7670175387951557, 2.148523991022674, 1.0973878302587468, 2.1635279637665885, 2.669624803226101, 2.7963793555238534, 3.5183300513169593, 3.1530631725355587, 2.5757309816826757, 3.7596132779848515, 2.474297128479116, 3.0590657871317513, 1.768275012547539, 0.0, 3.0749335635099504, 3.076502263935458, 2.579520362392978, 3.7523716527017945, 3.1746511257144463, 4.3681047114280585, 4.12025502366055], [4.179140875826035, 2.786244407800579, 2.173941496452929, 1.0964383658008323, 2.0480857623644573, 2.1594109243032, 2.78521322882109, 4.365016954148059, 4.750600186292254, 4.856397218103149, 3.1689456196028356, 2.5440896426816413, 2.5374565730274083, 3.0749335635099504, 0.0, 2.20948191664924, 3.069220920689809, 2.5033876807238626, 3.233517498019765, 3.755416596064943, 2.563998241029038], [4.1416777735598895, 2.682435594753395, 2.6750902956722786, 1.9568915836090661, 0.9719092807458933, 3.214450652911007, 4.469147655873544, 4.829051506248406, 4.474393933260682, 4.593255240023137, 2.1991663193128432, 2.8414412065006727, 3.655452516447177, 3.076502263935458, 2.20948191664924, 0.0, 3.581335625154392, 3.3768672553122365, 4.8384422338186495, 5.320114760980256, 4.595726523630404], [5.2176028595515005, 4.220696120310014, 2.7888256327708985, 2.168347409895379, 2.6511282296411087, 1.0973117241695727, 2.153655592243105, 5.423355797843251, 5.151498854702386, 6.19457817934361, 4.440950445569057, 4.737887095531087, 3.1112397303968717, 2.579520362392978, 3.069220920689809, 3.581335625154392, 0.0, 1.746437511049279, 2.491196971337273, 2.5039797143746996, 3.0710364016077696], [5.984728239444127, 4.701712456116387, 3.4871526651410027, 2.1532890307620107, 2.5466486074839616, 1.0977283361560817, 2.1421569526997777, 6.1814416093658915, 6.1909597874642985, 6.84402258178624, 4.88557812955642, 4.858418519436134, 3.8127270843846137, 3.7523716527017945, 2.5033876807238626, 3.3768672553122365, 1.746437511049279, 0.0, 3.0635821467687134, 2.4259722113000386, 2.536543392098783], [4.946820185735479, 4.303848116511548, 2.8988991531269246, 2.890999712902096, 4.184190834558099, 2.175228615571246, 1.0936719709309553, 4.630235104182076, 5.122919009705306, 5.978981880721834, 5.056378649784844, 4.545339624274517, 2.268904927492556, 3.1746511257144463, 3.233517498019765, 4.8384422338186495, 2.491196971337273, 3.0635821467687134, 0.0, 1.7647378105543046, 1.7763457461879428], [6.48527577285654, 5.5912502814665705, 4.147392855758905, 3.49594903280926, 4.525042839576218, 2.155907333351784, 1.0948452584726303, 6.290877294940667, 6.6521126689195516, 7.489874400148509, 6.16108735289478, 5.755915508413931, 3.8174727621818074, 4.3681047114280585, 3.755416596064943, 5.320114760980256, 2.5039797143746996, 2.4259722113000386, 1.7647378105543046, 0.0, 1.7711220031381238], [5.625857056484816, 4.646661920131483, 3.4731680941181065, 2.7864526032215227, 4.051346908128209, 2.1687180914079174, 1.0944846869646008, 5.370534384025485, 6.066804176005683, 6.514986896379762, 5.333941261393867, 4.515995032105328, 3.0519355530548147, 4.12025502366055, 2.563998241029038, 4.595726523630404, 3.0710364016077696, 2.536543392098783, 1.7763457461879428, 1.7711220031381238, 0.0]]}