{"total energy": -52.11716915, "HOMO-LUMO gap/eV": 1.73224924, "electronic energy": -52.74614221, "dipole": [-0.08210827, 0.68661557, -0.31638334], "partial charges": [-0.10156811, -0.05048369, -0.05798375, -0.01040728, -0.1094397, -0.02199456, -0.04674358, -0.02723451, -0.08739176, 0.27548061, -0.38355507, -0.13946286, 0.19281467, -0.32869678, -0.14077396, 0.27524481, -0.38004146, 0.03195203, 0.03996672, 0.03417655, 0.03607929, 0.03199529, 0.03310381, 0.02657744, 0.06362505, 0.04249095, 0.05777063, 0.03907591, 0.06361669, 0.0401138, 0.04837041, 0.0498676, 0.04376419, 0.22979455, 0.22989605], "atomic dipole moments": [[0.0002765, -0.07994266, -0.07041212], [-0.10279545, 0.02810469, 0.05002648], [0.00731428, 0.11611356, -0.02357289], [-0.0516764, -0.11271731, -0.05659925], [-0.04018554, -0.03347743, 0.11747491], [-0.0393495, -0.01378515, -0.00156335], [0.09529615, -0.03656681, 0.09358168], [0.00353964, -0.17811267, -0.00912684], [-0.00386609, 0.05656285, -0.03699721], [-0.05043158, -0.06308482, 0.02008642], [-0.05519453, -0.10197928, -0.14614006], [0.03122354, -0.02219859, -0.03282267], [0.08394006, 0.10120446, -0.02927155], [0.10801255, 0.13766834, -0.04288199], [0.0142394, 0.01486186, 0.04381947], [-0.04700222, -0.06552807, 0.02192942], [-0.10663421, 0.02921188, 0.15113846], [0.11723749, 0.03485489, 0.02292001], [-0.05251, -0.03171903, 0.11228895], [-0.05838201, 0.10203284, -0.04495647], [0.05401718, 0.03412026, -0.10679468], [0.07605386, -0.08487138, 0.04269446], [0.0191476, -0.10009738, -0.07044059], [-0.03140463, -0.05277256, 0.10832309], [0.00121519, 0.10273717, 0.07512941], [0.09748169, 0.07893443, 0.00848976], [0.04046198, -0.08973691, -0.08578471], [-0.08491553, 0.07229455, -0.06164731], [0.00509725, 0.00357913, -0.13018807], [-0.11644854, -0.04849974, 0.00839668], [-0.02229658, 0.02670958, 0.15063618], [-0.01175613, 0.13387085, 0.07286471], [0.01837123, -0.0051035, -0.1510611], [-0.04322659, -0.02088232, 0.1322618], [-0.00575373, -0.1146338, -0.08123605]], "atomic quadrupole moments": [[-0.09913715, -0.00154816, 0.081637, 0.00400606, 0.17941119, 0.01750015], [0.04242706, 0.11594707, 0.0402282, 0.03425846, 0.17055683, -0.08265526], [0.15891009, -0.00845227, -0.00123732, 0.08408871, -0.05513104, -0.15767277], [0.10532241, 0.05013797, -0.07280102, 0.00128695, -0.14182317, -0.03252139], [-0.05944628, 0.0296208, -0.09658472, -0.06183069, -0.1033933, 0.156031], [-0.06617449, 0.0031255, -0.00444514, 0.00884489, 0.03113422, 0.07061963], [-0.02410971, -0.12600841, 0.1302008, 0.09734658, -0.02987948, -0.10609109], [0.53886452, 0.02981897, -0.20977508, 0.12476414, 0.16949123, -0.32908943], [0.64027181, 0.04138865, -0.34397026, 0.1161428, 0.03766071, -0.29630155], [0.22635481, -0.34169013, 0.09847633, 0.08394755, -0.09006945, -0.32483115], [0.0849152, -0.15096697, 0.02700063, 0.05192934, -0.01944312, -0.11191584], [0.03374764, 0.01393324, 0.05580415, 0.06304429, 0.02836831, -0.08955179], [0.13246446, -0.2274115, -0.06145368, 0.15359226, -0.07443383, -0.07101077], [0.2451653, 0.20283597, 0.20279636, 0.06998298, -0.32553679, -0.44796166], [0.06158599, 3.992e-05, -0.05697178, -0.02835395, -0.08136761, -0.00461422], [0.15214168, -0.19605615, -0.10872886, 0.3169693, -0.24693627, -0.04341282], [0.06686359, -0.0977498, -0.06098808, 0.11498328, -0.09209275, -0.00587551], [0.07485804, 0.02442833, -0.02941985, 0.01545824, 0.01724082, -0.04543819], [-0.02487741, 0.0215563, -0.01530186, -0.04780013, -0.02912871, 0.04017927], [-0.01427495, -0.05072462, 0.02227589, 0.03374233, -0.03062036, -0.00800094], [-0.03485534, 0.02041843, -0.00995349, -0.0135193, -0.02495262, 0.04480883], [-0.00676285, -0.02483544, 0.02745302, 0.03282525, -0.0203212, -0.02069018], [-0.01485055, -0.00477414, 0.00080111, 0.00660559, 0.0540117, 0.01404944], [0.00427105, 0.00271712, -0.0454388, -0.03021042, -0.02179057, 0.04116775], [-0.01767808, 0.00078287, 0.00910405, -0.01624449, 0.01838828, 0.00857403], [0.03192507, 0.0606481, -0.01352204, 0.024808, 0.01782834, -0.01840303], [-0.04485186, -0.01866403, 0.04771252, -0.01400351, 0.04476219, -0.00286066], [0.0522955, -0.04947381, -0.02432557, 0.02640575, -0.02469598, -0.02796993], [-0.02884273, -0.01000207, -0.01321403, -0.03586265, -0.01081564, 0.04205677], [0.02751548, 0.037362, 0.00445956, -0.02589364, -0.0197154, -0.03197504], [-0.06234216, 0.00049086, 0.04041466, -0.00828587, -0.02223101, 0.02192749], [-0.06250551, -0.00829569, 0.04416646, -0.01267169, 0.00404642, 0.01833905], [-0.05804023, -0.00287991, 0.01233441, -0.01440053, 0.00045168, 0.04570582], [-0.02521346, 0.03199687, 0.00547887, -0.02040184, 0.01587859, 0.01973459], [-0.02286827, 0.02883021, 0.00705581, -0.02660252, 0.01614204, 0.01581246]], "number of molecular orbitals": 91, "number of electrons": 94, "number of unpaired electrons": 0, "orbital energies/eV": [-20.36765532, -20.22955963, -20.22315224, -19.71024368, -19.33224603, -18.76401257, -18.35387213, -18.001055, -17.64957061, -17.28808793, -17.06359051, -16.94791649, -16.81468074, -16.46874676, -16.34393507, -16.10378272, -15.79815058, -15.69793172, -15.59265468, -15.47511308, -15.23416562, -15.11297274, -14.80942377, -14.6340698, -14.45972784, -14.1809371, -14.13895755, -13.93161054, -13.82533091, -13.63243041, -13.31664663, -13.19260216, -13.0672921, -12.96328601, -12.93229106, -12.63196825, -12.48896634, -12.33508581, -12.23254552, -12.00757239, -11.83125219, -11.81036739, -11.58786503, -11.44352745, -11.3843093, -11.28311248, -10.40717624, -8.674927, -7.19841073, -6.47968741, -6.0768865, -4.6928154, -1.37444785, -1.03158114, -0.19393507, -0.13470837, -0.01533487, 0.4299432, 0.99221372, 1.17189423, 1.33351028, 2.1143245, 2.63398047, 2.83311799, 2.92084218, 3.25708808, 3.30235605, 3.58436625, 3.78629041, 3.89398715, 4.17807711, 4.30227753, 4.4738067, 4.83204971, 5.36390436, 5.50124504, 5.64440413, 5.74532942, 6.22449655, 6.49628475, 7.08129576, 7.28784209, 7.58644903, 7.69956258, 7.86220512, 10.59342423, 11.62288959, 14.25525596, 14.73672926, 14.96638413, 15.93270941], "fractional occupation": [2.0, 2.0, 2.0, 2.0, 2.0, 2.0, 2.0, 2.0, 2.0, 2.0, 2.0, 2.0, 2.0, 2.0, 2.0, 2.0, 2.0, 2.0, 2.0, 2.0, 2.0, 2.0, 2.0, 2.0, 2.0, 2.0, 2.0, 2.0, 2.0, 2.0, 2.0, 2.0, 2.0, 2.0, 2.0, 2.0, 2.0, 2.0, 2.0, 2.0, 2.0, 2.0, 2.0, 2.0, 2.0, 2.0, 2.0, 0.0, 0.0, 0.0, 0.0, 0.0, 0.0, 0.0, 0.0, 0.0, 0.0, 0.0, 0.0, 0.0, 0.0, 0.0, 0.0, 0.0, 0.0, 0.0, 0.0, 0.0, 0.0, 0.0, 0.0, 0.0, 0.0, 0.0, 0.0, 0.0, 0.0, 0.0, 0.0, 0.0, 0.0, 0.0, 0.0, 0.0, 0.0, 0.0, 0.0, 0.0, 0.0, 0.0, 0.0], "program call": "xtb /home/svss/Project-DBcg-Debug/aqme2_20220329/End-to-End-workflows-final/example-3/QDESCP/mol_92_rdkit_conf_12/mol_92_rdkit_conf_12.xyz --pop --wbo --acc 0.2 --gfn 2 --chrg 0 --uhf 0 --etemp 300 --input /home/svss/Project-DBcg-Debug/aqme2_20220329/End-to-End-workflows-final/example-3/QDESCP/mol_92_rdkit_conf_12/mol_92_rdkit_conf_12_xtb.inp", "method": "GFN2-xTB", "xtb version": "6.3.3 (7355c4f)", "Dipole module/D": 1.933, "Total charge": 0, "Transition dipole module/D": NaN, "HOMO": -10.4072, "LUMO": -8.6749, "HOMO occupancy": 2.0, "LUMO occupancy": 0, "mulliken charges": [-0.08579, -0.03527, -0.05759, 0.00456, -0.09124, -0.05506, -0.03557, -0.02185, -0.0727, 0.46826, -0.5186, -0.30454, 0.32626, -0.25161, -0.30509, 0.4695, -0.51683, 0.02768, 0.03469, 0.02754, 0.02375, 0.02563, 0.03269, 0.0292, 0.04171, 0.03319, 0.04724, 0.02854, 0.05182, 0.03649, 0.04349, 0.0409, 0.03341, 0.26256, 0.26262], "cm5 charges": [-0.23643, -0.14807, -0.16424, -0.05865, -0.23909, -0.05549, -0.13223, -0.08543, -0.17517, 0.56607, -0.56607, -0.64883, 0.47634, -0.26087, -0.64881, 0.56744, -0.56491, 0.07847, 0.08639, 0.0795, 0.0789, 0.07985, 0.09169, 0.089, 0.10665, 0.08543, 0.10377, 0.0825, 0.11051, 0.09728, 0.10162, 0.09309, 0.08627, 0.46174, 0.46178], "FUKUI+": [0.007, 0.005, 0.004, 0.006, 0.013, -0.002, -0.0, 0.001, -0.017, -0.038, -0.118, -0.029, -0.034, -0.303, -0.029, -0.038, -0.12, -0.019, -0.001, -0.002, -0.013, -0.016, -0.001, 0.005, -0.019, -0.029, -0.009, -0.01, -0.028, -0.01, -0.012, -0.037, -0.028, -0.039, -0.039], "FUKUI-": [0.013, 0.006, 0.007, -0.002, 0.013, -0.004, 0.009, -0.012, -0.021, -0.0, -0.042, -0.018, 0.02, -0.321, -0.02, -0.003, -0.056, -0.036, -0.035, -0.043, -0.046, -0.062, -0.026, -0.024, -0.034, -0.028, -0.034, -0.025, -0.021, -0.024, -0.023, -0.039, -0.032, -0.019, -0.019], "FUKUIrad": [0.01, 0.006, 0.005, 0.002, 0.013, -0.003, 0.004, -0.005, -0.019, -0.019, -0.08, -0.024, -0.007, -0.312, -0.024, -0.021, -0.088, -0.027, -0.018, -0.023, -0.029, -0.039, -0.013, -0.01, -0.027, -0.028, -0.022, -0.017, -0.024, -0.017, -0.018, -0.038, -0.03, -0.029, -0.029], "s proportion": [1.007, 1.027, 1.038, 1.062, 1.012, 1.114, 1.039, 1.071, 1.052, 1.013, 1.731, 1.427, 1.02, 1.926, 1.427, 1.012, 1.729, 0.972, 0.965, 0.972, 0.976, 0.974, 0.967, 0.971, 0.958, 0.967, 0.953, 0.971, 0.948, 0.964, 0.957, 0.959, 0.967, 0.737, 0.737], "p proportion": [3.078, 3.009, 3.02, 2.933, 3.079, 2.941, 2.997, 2.951, 3.021, 2.519, 4.788, 3.877, 2.654, 4.334, 3.878, 2.519, 4.787, 0.0, 0.0, 0.0, 0.0, 0.0, 0.0, 0.0, 0.0, 0.0, 0.0, 0.0, 0.0, 0.0, 0.0, 0.0, 0.0, 0.0, 0.0], "d proportion": [0.0, 0.0, 0.0, 0.0, 0.0, 0.0, 0.0, 0.0, 0.0, 0.0, 0.0, 0.0, 0.0, -0.009, 0.0, 0.0, 0.0, 0.0, 0.0, 0.0, 0.0, 0.0, 0.0, 0.0, 0.0, 0.0, 0.0, 0.0, 0.0, 0.0, 0.0, 0.0, 0.0, 0.0, 0.0], "Fermi-level/eV": -9.5411, "Coordination numbers": [3.749, 3.798, 3.798, 3.842, 3.749, 3.895, 3.811, 2.882, 2.834, 2.763, 0.859, 2.752, 2.819, 1.094, 2.753, 2.763, 0.859, 0.924, 0.924, 0.924, 0.924, 0.924, 0.924, 0.924, 0.924, 0.924, 0.924, 0.924, 0.923, 0.923, 0.925, 0.925, 0.925, 0.86, 0.86], "Dispersion coefficient C6": [22.505, 21.483, 21.62, 20.732, 22.658, 20.912, 21.402, 28.679, 30.18, 22.342, 21.354, 24.017, 23.887, 153.406, 24.044, 22.346, 21.285, 2.559, 2.449, 2.528, 2.502, 2.558, 2.543, 2.636, 2.157, 2.416, 2.225, 2.461, 2.157, 2.448, 2.34, 2.321, 2.399, 0.966, 0.966], "Total dispersion C6": 13383.759692, "Total dispersion C8": 332267.324579, "Polarizability alpha": [6.766, 6.6, 6.621, 6.477, 6.789, 6.501, 6.585, 8.779, 9.003, 7.741, 6.196, 7.279, 8.008, 20.946, 7.283, 7.741, 6.186, 2.502, 2.447, 2.486, 2.474, 2.501, 2.494, 2.539, 2.297, 2.431, 2.333, 2.453, 2.297, 2.447, 2.392, 2.383, 2.422, 1.54, 1.539], "Total polarizability alpha": 177.475853, "Wiberg matrix": [[0.0, 1.0215714227142345, 0.0, 0.0, 0.0, 0.0, 0.0, 0.0, 0.0, 0.0, 0.0, 0.0, 0.0, 0.0, 0.0, 0.0, 0.0, 0.9868799309261821, 0.9868197163290164, 0.9853005546942323, 0.0, 0.0, 0.0, 0.0, 0.0, 0.0, 0.0, 0.0, 0.0, 0.0, 0.0, 0.0, 0.0, 0.0, 0.0], [1.0215714227142345, 0.0, 1.0060385075550402, 0.0, 0.0, 0.0, 0.0, 0.0, 0.0, 0.0, 0.0, 0.0, 0.0, 0.0, 0.0, 0.0, 0.0, 0.0, 0.0, 0.0, 0.9759305955967305, 0.9767569794686837, 0.0, 0.0, 0.0, 0.0, 0.0, 0.0, 0.0, 0.0, 0.0, 0.0, 0.0, 0.0, 0.0], [0.0, 1.0060385075550402, 0.0, 0.9931674770137616, 0.0, 0.0, 0.0, 0.0, 0.0, 0.0, 0.0, 0.0, 0.0, 0.0, 0.0, 0.0, 0.0, 0.0, 0.0, 0.0, 0.0, 0.0, 0.9763967631922211, 0.9760459007790909, 0.0, 0.0, 0.0, 0.0, 0.0, 0.0, 0.0, 0.0, 0.0, 0.0, 0.0], [0.0, 0.0, 0.9931674770137616, 0.0, 1.0104773780554053, 0.9531763533510167, 0.0, 0.0, 0.0, 0.0, 0.0, 0.0, 0.0, 0.0, 0.0, 0.0, 0.0, 0.0, 0.0, 0.0, 0.0, 0.0, 0.0, 0.0, 0.9605427831890179, 0.0, 0.0, 0.0, 0.0, 0.0, 0.0, 0.0, 0.0, 0.0, 0.0], [0.0, 0.0, 0.0, 1.0104773780554053, 0.0, 0.0, 0.0, 0.0, 0.0, 0.0, 0.0, 0.0, 0.0, 0.0, 0.0, 0.0, 0.0, 0.0, 0.0, 0.0, 0.0, 0.0, 0.0, 0.0, 0.0, 0.9819778683551048, 0.9834815303029175, 0.9817111957733806, 0.0, 0.0, 0.0, 0.0, 0.0, 0.0, 0.0], [0.0, 0.0, 0.0, 0.9531763533510167, 0.0, 0.0, 0.9135548825548052, 0.0, 0.0, 0.9518560433679146, 0.0, 0.0, 0.0, 0.0, 0.0, 0.9520233105447345, 0.0, 0.0, 0.0, 0.0, 0.0, 0.0, 0.0, 0.0, 0.0, 0.0, 0.0, 0.0, 0.0, 0.0, 0.0, 0.0, 0.0, 0.0, 0.0], [0.0, 0.0, 0.0, 0.0, 0.0, 0.9135548825548052, 0.0, 1.0203650243707276, 0.0, 0.0, 0.0, 0.0, 0.0, 0.0, 0.0, 0.0, 0.0, 0.0, 0.0, 0.0, 0.0, 0.0, 0.0, 0.0, 0.0, 0.0, 0.0, 0.0, 0.9646221433902193, 0.9596784543021352, 0.0, 0.0, 0.0, 0.0, 0.0], [0.0, 0.0, 0.0, 0.0, 0.0, 0.0, 1.0203650243707276, 0.0, 1.9756785575402958, 0.0, 0.0, 0.0, 0.0, 0.0, 0.0, 0.0, 0.0, 0.0, 0.0, 0.0, 0.0, 0.0, 0.0, 0.0, 0.0, 0.0, 0.0, 0.0, 0.0, 0.0, 0.9657196163994768, 0.0, 0.0, 0.0, 0.0], [0.0, 0.0, 0.0, 0.0, 0.0, 0.0, 0.0, 1.9756785575402958, 0.0, 0.0, 0.0, 0.0, 0.0, 0.0, 0.0, 0.0, 0.0, 0.0, 0.0, 0.0, 0.0, 0.0, 0.0, 0.0, 0.0, 0.0, 0.0, 0.0, 0.0, 0.0, 0.0, 0.9759732200615732, 0.9748614782680101, 0.0, 0.0], [0.0, 0.0, 0.0, 0.0, 0.0, 0.9518560433679146, 0.0, 0.0, 0.0, 0.0, 1.7401479243752433, 1.1379700148932652, 0.0, 0.0, 0.0, 0.0, 0.0, 0.0, 0.0, 0.0, 0.0, 0.0, 0.0, 0.0, 0.0, 0.0, 0.0, 0.0, 0.0, 0.0, 0.0, 0.0, 0.0, 0.0, 0.0], [0.0, 0.0, 0.0, 0.0, 0.0, 0.0, 0.0, 0.0, 0.0, 1.7401479243752433, 0.0, 0.12810902667853166, 0.0, 0.0, 0.0, 0.0, 0.0, 0.0, 0.0, 0.0, 0.0, 0.0, 0.0, 0.0, 0.0, 0.0, 0.0, 0.0, 0.0, 0.0, 0.0, 0.0, 0.0, 0.0, 0.0], [0.0, 0.0, 0.0, 0.0, 0.0, 0.0, 0.0, 0.0, 0.0, 1.1379700148932652, 0.12810902667853166, 0.0, 1.1866534873549917, 0.0, 0.0, 0.0, 0.0, 0.0, 0.0, 0.0, 0.0, 0.0, 0.0, 0.0, 0.0, 0.0, 0.0, 0.0, 0.0, 0.0, 0.0, 0.0, 0.0, 0.911015709948851, 0.0], [0.0, 0.0, 0.0, 0.0, 0.0, 0.0, 0.0, 0.0, 0.0, 0.0, 0.0, 1.1866534873549917, 0.0, 1.5315897212496858, 1.1875811191828871, 0.0, 0.0, 0.0, 0.0, 0.0, 0.0, 0.0, 0.0, 0.0, 0.0, 0.0, 0.0, 0.0, 0.0, 0.0, 0.0, 0.0, 0.0, 0.0, 0.0], [0.0, 0.0, 0.0, 0.0, 0.0, 0.0, 0.0, 0.0, 0.0, 0.0, 0.0, 0.0, 1.5315897212496858, 0.0, 0.0, 0.0, 0.0, 0.0, 0.0, 0.0, 0.0, 0.0, 0.0, 0.0, 0.0, 0.0, 0.0, 0.0, 0.0, 0.0, 0.0, 0.0, 0.0, 0.0, 0.0], [0.0, 0.0, 0.0, 0.0, 0.0, 0.0, 0.0, 0.0, 0.0, 0.0, 0.0, 0.0, 1.1875811191828871, 0.0, 0.0, 1.1364184252321126, 0.12912505673866748, 0.0, 0.0, 0.0, 0.0, 0.0, 0.0, 0.0, 0.0, 0.0, 0.0, 0.0, 0.0, 0.0, 0.0, 0.0, 0.0, 0.0, 0.9111005801184988], [0.0, 0.0, 0.0, 0.0, 0.0, 0.9520233105447345, 0.0, 0.0, 0.0, 0.0, 0.0, 0.0, 0.0, 0.0, 1.1364184252321126, 0.0, 1.7415702734450913, 0.0, 0.0, 0.0, 0.0, 0.0, 0.0, 0.0, 0.0, 0.0, 0.0, 0.0, 0.0, 0.0, 0.0, 0.0, 0.0, 0.0, 0.0], [0.0, 0.0, 0.0, 0.0, 0.0, 0.0, 0.0, 0.0, 0.0, 0.0, 0.0, 0.0, 0.0, 0.0, 0.12912505673866748, 1.7415702734450913, 0.0, 0.0, 0.0, 0.0, 0.0, 0.0, 0.0, 0.0, 0.0, 0.0, 0.0, 0.0, 0.0, 0.0, 0.0, 0.0, 0.0, 0.0, 0.0], [0.9868799309261821, 0.0, 0.0, 0.0, 0.0, 0.0, 0.0, 0.0, 0.0, 0.0, 0.0, 0.0, 0.0, 0.0, 0.0, 0.0, 0.0, 0.0, 0.0, 0.0, 0.0, 0.0, 0.0, 0.0, 0.0, 0.0, 0.0, 0.0, 0.0, 0.0, 0.0, 0.0, 0.0, 0.0, 0.0], [0.9868197163290164, 0.0, 0.0, 0.0, 0.0, 0.0, 0.0, 0.0, 0.0, 0.0, 0.0, 0.0, 0.0, 0.0, 0.0, 0.0, 0.0, 0.0, 0.0, 0.0, 0.0, 0.0, 0.0, 0.0, 0.0, 0.0, 0.0, 0.0, 0.0, 0.0, 0.0, 0.0, 0.0, 0.0, 0.0], [0.9853005546942323, 0.0, 0.0, 0.0, 0.0, 0.0, 0.0, 0.0, 0.0, 0.0, 0.0, 0.0, 0.0, 0.0, 0.0, 0.0, 0.0, 0.0, 0.0, 0.0, 0.0, 0.0, 0.0, 0.0, 0.0, 0.0, 0.0, 0.0, 0.0, 0.0, 0.0, 0.0, 0.0, 0.0, 0.0], [0.0, 0.9759305955967305, 0.0, 0.0, 0.0, 0.0, 0.0, 0.0, 0.0, 0.0, 0.0, 0.0, 0.0, 0.0, 0.0, 0.0, 0.0, 0.0, 0.0, 0.0, 0.0, 0.0, 0.0, 0.0, 0.0, 0.0, 0.0, 0.0, 0.0, 0.0, 0.0, 0.0, 0.0, 0.0, 0.0], [0.0, 0.9767569794686837, 0.0, 0.0, 0.0, 0.0, 0.0, 0.0, 0.0, 0.0, 0.0, 0.0, 0.0, 0.0, 0.0, 0.0, 0.0, 0.0, 0.0, 0.0, 0.0, 0.0, 0.0, 0.0, 0.0, 0.0, 0.0, 0.0, 0.0, 0.0, 0.0, 0.0, 0.0, 0.0, 0.0], [0.0, 0.0, 0.9763967631922211, 0.0, 0.0, 0.0, 0.0, 0.0, 0.0, 0.0, 0.0, 0.0, 0.0, 0.0, 0.0, 0.0, 0.0, 0.0, 0.0, 0.0, 0.0, 0.0, 0.0, 0.0, 0.0, 0.0, 0.0, 0.0, 0.0, 0.0, 0.0, 0.0, 0.0, 0.0, 0.0], [0.0, 0.0, 0.9760459007790909, 0.0, 0.0, 0.0, 0.0, 0.0, 0.0, 0.0, 0.0, 0.0, 0.0, 0.0, 0.0, 0.0, 0.0, 0.0, 0.0, 0.0, 0.0, 0.0, 0.0, 0.0, 0.0, 0.0, 0.0, 0.0, 0.0, 0.0, 0.0, 0.0, 0.0, 0.0, 0.0], [0.0, 0.0, 0.0, 0.9605427831890179, 0.0, 0.0, 0.0, 0.0, 0.0, 0.0, 0.0, 0.0, 0.0, 0.0, 0.0, 0.0, 0.0, 0.0, 0.0, 0.0, 0.0, 0.0, 0.0, 0.0, 0.0, 0.0, 0.0, 0.0, 0.0, 0.0, 0.0, 0.0, 0.0, 0.0, 0.0], [0.0, 0.0, 0.0, 0.0, 0.9819778683551048, 0.0, 0.0, 0.0, 0.0, 0.0, 0.0, 0.0, 0.0, 0.0, 0.0, 0.0, 0.0, 0.0, 0.0, 0.0, 0.0, 0.0, 0.0, 0.0, 0.0, 0.0, 0.0, 0.0, 0.0, 0.0, 0.0, 0.0, 0.0, 0.0, 0.0], [0.0, 0.0, 0.0, 0.0, 0.9834815303029175, 0.0, 0.0, 0.0, 0.0, 0.0, 0.0, 0.0, 0.0, 0.0, 0.0, 0.0, 0.0, 0.0, 0.0, 0.0, 0.0, 0.0, 0.0, 0.0, 0.0, 0.0, 0.0, 0.0, 0.0, 0.0, 0.0, 0.0, 0.0, 0.0, 0.0], [0.0, 0.0, 0.0, 0.0, 0.9817111957733806, 0.0, 0.0, 0.0, 0.0, 0.0, 0.0, 0.0, 0.0, 0.0, 0.0, 0.0, 0.0, 0.0, 0.0, 0.0, 0.0, 0.0, 0.0, 0.0, 0.0, 0.0, 0.0, 0.0, 0.0, 0.0, 0.0, 0.0, 0.0, 0.0, 0.0], [0.0, 0.0, 0.0, 0.0, 0.0, 0.0, 0.9646221433902193, 0.0, 0.0, 0.0, 0.0, 0.0, 0.0, 0.0, 0.0, 0.0, 0.0, 0.0, 0.0, 0.0, 0.0, 0.0, 0.0, 0.0, 0.0, 0.0, 0.0, 0.0, 0.0, 0.0, 0.0, 0.0, 0.0, 0.0, 0.0], [0.0, 0.0, 0.0, 0.0, 0.0, 0.0, 0.9596784543021352, 0.0, 0.0, 0.0, 0.0, 0.0, 0.0, 0.0, 0.0, 0.0, 0.0, 0.0, 0.0, 0.0, 0.0, 0.0, 0.0, 0.0, 0.0, 0.0, 0.0, 0.0, 0.0, 0.0, 0.0, 0.0, 0.0, 0.0, 0.0], [0.0, 0.0, 0.0, 0.0, 0.0, 0.0, 0.0, 0.9657196163994768, 0.0, 0.0, 0.0, 0.0, 0.0, 0.0, 0.0, 0.0, 0.0, 0.0, 0.0, 0.0, 0.0, 0.0, 0.0, 0.0, 0.0, 0.0, 0.0, 0.0, 0.0, 0.0, 0.0, 0.0, 0.0, 0.0, 0.0], [0.0, 0.0, 0.0, 0.0, 0.0, 0.0, 0.0, 0.0, 0.9759732200615732, 0.0, 0.0, 0.0, 0.0, 0.0, 0.0, 0.0, 0.0, 0.0, 0.0, 0.0, 0.0, 0.0, 0.0, 0.0, 0.0, 0.0, 0.0, 0.0, 0.0, 0.0, 0.0, 0.0, 0.0, 0.0, 0.0], [0.0, 0.0, 0.0, 0.0, 0.0, 0.0, 0.0, 0.0, 0.9748614782680101, 0.0, 0.0, 0.0, 0.0, 0.0, 0.0, 0.0, 0.0, 0.0, 0.0, 0.0, 0.0, 0.0, 0.0, 0.0, 0.0, 0.0, 0.0, 0.0, 0.0, 0.0, 0.0, 0.0, 0.0, 0.0, 0.0], [0.0, 0.0, 0.0, 0.0, 0.0, 0.0, 0.0, 0.0, 0.0, 0.0, 0.0, 0.911015709948851, 0.0, 0.0, 0.0, 0.0, 0.0, 0.0, 0.0, 0.0, 0.0, 0.0, 0.0, 0.0, 0.0, 0.0, 0.0, 0.0, 0.0, 0.0, 0.0, 0.0, 0.0, 0.0, 0.0], [0.0, 0.0, 0.0, 0.0, 0.0, 0.0, 0.0, 0.0, 0.0, 0.0, 0.0, 0.0, 0.0, 0.0, 0.9111005801184988, 0.0, 0.0, 0.0, 0.0, 0.0, 0.0, 0.0, 0.0, 0.0, 0.0, 0.0, 0.0, 0.0, 0.0, 0.0, 0.0, 0.0, 0.0, 0.0, 0.0]], "Born radii": [], "Atomic SASAs": [], "Solvent H bonds": [], "Total SASA": NaN, "Total FOD": 0.0, "FOD": [0.0, 0.0, 0.0, 0.0, 0.0, 0.0, 0.0, 0.0, 0.0, 0.0, 0.0, 0.0, 0.0, 0.0, 0.0, 0.0, 0.0, 0.0, 0.0, 0.0, 0.0, 0.0, 0.0, 0.0, 0.0, 0.0, 0.0, 0.0, 0.0, 0.0, 0.0, 0.0, 0.0, 0.0, 0.0], "FOD s proportion": [0.0, 0.0, 0.0, 0.0, 0.0, 0.0, 0.0, 0.0, 0.0, 0.0, 0.0, 0.0, 0.0, 0.0, 0.0, 0.0, 0.0, 0.0, 0.0, 0.0, 0.0, 0.0, 0.0, 0.0, 0.0, 0.0, 0.0, 0.0, 0.0, 0.0, 0.0, 0.0, 0.0, 0.0, 0.0], "FOD p proportion": [0.0, 0.0, 0.0, 0.0, 0.0, 0.0, 0.0, 0.0, 0.0, 0.0, 0.0, 0.0, 0.0, 0.0, 0.0, 0.0, 0.0, 0.0, 0.0, 0.0, 0.0, 0.0, 0.0, 0.0, 0.0, 0.0, 0.0, 0.0, 0.0, 0.0, 0.0, 0.0, 0.0, 0.0, 0.0], "FOD d proportion": [0.0, 0.0, 0.0, 0.0, 0.0, 0.0, 0.0, 0.0, 0.0, 0.0, 0.0, 0.0, 0.0, 0.0, 0.0, 0.0, 0.0, 0.0, 0.0, 0.0, 0.0, 0.0, 0.0, 0.0, 0.0, 0.0, 0.0, 0.0, 0.0, 0.0, 0.0, 0.0, 0.0, 0.0, 0.0], "coordinates": [["3.13390", "1.07860", "1.57610"], ["3.12510", "-0.08060", "0.59210"], ["1.73660", "-0.69690", "0.37800"], ["0.65040", "0.25930", "-0.19240"], ["1.09610", "0.81770", "-1.55470"], ["-0.77420", "-0.41580", "-0.19280"], ["-1.89200", "0.48680", "-0.81070"], ["-2.00810", "1.87790", "-0.23890"], ["-1.95870", "2.99740", "-0.97180"], ["-1.21120", "-0.69680", "1.24960"], ["-0.85380", "-0.03080", "2.21970"], ["-2.11060", "-1.71430", "1.43190"], ["-2.35230", "-2.71430", "0.54600"], ["-3.35230", "-3.98440", "0.92780"], ["-1.71940", "-2.64930", "-0.65390"], ["-0.80110", "-1.70010", "-1.02330"], ["-0.12010", "-1.89160", "-2.02750"], ["4.16360", "1.38970", "1.77980"], ["2.67260", "0.79180", "2.52630"], ["2.60050", "1.94690", "1.17890"], ["3.55630", "0.24130", "-0.36170"], ["3.78880", "-0.86470", "0.97720"], ["1.85810", "-1.55540", "-0.29350"], ["1.40450", "-1.10910", "1.33780"], ["0.59140", "1.12210", "0.48350"], ["1.95550", "1.48550", "-1.43180"], ["1.40010", "0.02560", "-2.24470"], ["0.31900", "1.40980", "-2.04100"], ["-1.76240", "0.54040", "-1.90020"], ["-2.87280", "0.01040", "-0.67040"], ["-2.15640", "1.97130", "0.83660"], ["-2.05410", "3.97210", "-0.50170"], ["-1.82190", "2.97520", "-2.04870"], ["-2.44960", "-1.83690", "2.37860"], ["-1.78150", "-3.45870", "-1.26010"]], "bond_dist": [[0.0, 1.5205518998048044, 2.557399294204955, 3.1569949303095184, 3.7446770608424966, 4.542629654726434, 5.595240145873991, 5.511194923970663, 6.009006790643525, 4.705161147080938, 4.188882978790408, 5.9435565362836424, 6.748747058528717, 8.253790179668975, 6.513421474156267, 5.473781056089109, 5.691795586631692, 1.0947871893660426, 1.0945007857466342, 1.0937222179328718, 2.1528032631896488, 2.136349716221574, 3.472898760401748, 2.798864509046481, 2.7676656698380318, 3.2560185165321163, 4.325896910468394, 4.595298451678628, 6.028936441861036, 6.501404339063985, 5.41581458600643, 6.293245513246723, 6.426213522751948, 6.3497731258683565, 7.265829539013422], [1.5205518998048044, 0.0, 1.534143653638733, 2.61822694776446, 3.087480223418443, 3.991612147992337, 5.240332337743475, 5.556619969909765, 6.14531444679603, 4.428939645106942, 4.299210044880339, 5.548584884454773, 6.077862425228133, 7.570274743363018, 5.623158893362342, 4.543934842182489, 4.546795376966067, 2.15659352451963, 2.1695547123776344, 2.174924286038482, 1.0951198518883674, 1.097092753599257, 2.1364951205186498, 2.138771867217259, 2.806762715300316, 2.813681677091423, 3.321797356853666, 4.126585147552392, 5.521309313921835, 6.13000747634128, 5.6713592823943015, 6.666699961000195, 6.3862780459356765, 6.111747052193833, 6.238343370639356], [2.557399294204955, 1.534143653638733, 0.0, 1.5554758243058617, 2.5376332871398106, 2.5901634099029347, 3.9976107039080224, 4.586168197962216, 5.396763346673634, 3.0739569629388117, 3.247417475471855, 4.116643755536784, 4.56259026979193, 6.083324707756442, 4.101294840657033, 3.067567965017238, 3.265129894812762, 3.4941768415465173, 2.776241448433475, 2.89438118774981, 2.1768517220977635, 2.1444631775808136, 1.0966753165818952, 1.096090913200178, 2.1520627988049044, 2.843617943747015, 2.741130020630178, 3.5070408680253498, 4.354779848626105, 4.779747295621391, 4.741840802895011, 6.078062156641704, 5.660045366425962, 4.777684669376999, 4.7631857469554975], [3.1569949303095184, 2.61822694776446, 1.5554758243058617, 0.0, 1.5382848695869047, 1.5764660890739133, 2.626375620508232, 3.112820338535457, 3.8616134943828855, 2.541465280109095, 2.85744677290759, 3.7625215547555335, 4.289957903056859, 5.940155302683592, 3.780064582781623, 2.576139635190608, 2.9304663570838003, 4.184489364307191, 3.429894864277913, 2.9208470449511728, 2.9108832508364193, 3.5328309781250504, 2.182177029940513, 2.1869379072118167, 1.097609060640445, 2.177834890435912, 2.197407806939804, 2.2024527622630186, 2.9693773572922657, 3.564179211263092, 3.4449834890750926, 4.603788720173853, 4.115122086888796, 4.540274819875995, 4.569206156434617], [3.7446770608424966, 3.087480223418443, 2.5376332871398106, 1.5382848695869047, 0.0, 2.621891673963667, 3.097058672353496, 3.5343190744470148, 3.797718728394719, 3.934646366574765, 4.3322231729217275, 5.061000736020495, 5.3646460321255125, 7.000802326876542, 4.556157360100725, 3.197040919350267, 3.0071562596579513, 4.566796524917659, 4.374995321140355, 3.3182647513421832, 2.7942923970121663, 4.060987645881234, 2.7933623198575583, 3.489158215100026, 2.1217070226588777, 1.0952760428312125, 1.0935896899660311, 1.0913086227094515, 2.8926264518599702, 4.1455864470542645, 4.198555096696959, 4.5806995535616615, 3.6624535833236167, 5.923659218759972, 5.16284494053424], [4.542629654726434, 3.991612147992337, 2.5901634099029347, 1.5764660890739133, 2.621891673963667, 0.0, 1.5639578031392023, 2.6049364886691575, 3.695918761282504, 1.5331170079286187, 2.4443235076396905, 2.4721887670645217, 2.884324409632176, 4.5428240038548715, 2.4687119110985796, 1.5296667447519412, 2.4437586910331386, 5.615411814818215, 4.553266169465607, 4.341947981033398, 4.383324978826005, 4.731953107333166, 2.870162354292871, 2.751387820718846, 2.1650361336476585, 3.54983447219726, 3.022037071248465, 2.818464979381507, 2.192275630480802, 2.1940533630702785, 2.9442125619594797, 4.581182121461665, 4.005111871096736, 3.382098214126846, 3.3783165911441753], [5.595240145873991, 5.240332337743475, 3.9976107039080224, 2.626375620508232, 3.097058672353496, 1.5639578031392023, 0.0, 1.5085070964367384, 2.516647464385904, 2.471686406079865, 3.2448564159296787, 3.149901892122991, 3.50707174007034, 5.014627381969671, 3.144757575712316, 2.453119071712582, 3.2057789084713875, 6.648023015904804, 5.662523038363729, 5.125715210582812, 5.472279610911708, 6.106932724371539, 4.301316855336281, 4.246158417911419, 2.8715562487961126, 4.023235408225574, 3.6203568677687006, 2.693341435837647, 1.0984895857494505, 1.0993678592718634, 2.2332140291517066, 3.502723725902458, 2.780232466899126, 3.9852395084862846, 3.9725484087673495], [5.511194923970663, 5.556619969909765, 4.586168197962216, 3.112820338535457, 3.5343190744470148, 2.6049364886691575, 1.5085070964367384, 0.0, 1.3389783493395253, 3.0789222059025785, 3.319677415051047, 3.9630770532504163, 4.671492533441534, 6.126550727774968, 4.55533890396752, 3.8567105621241526, 4.579603062493517, 6.511786991295093, 5.54390627085271, 4.82225173544476, 5.8013866239029435, 6.527235523558194, 5.170883144106043, 4.801457138202943, 2.8018735963636905, 4.157777426702878, 4.36692983341844, 2.9802812669276704, 2.146902985698236, 2.102725514659486, 1.0896865145536123, 2.111126116554859, 2.124644386715104, 4.565738444107371, 5.438151943445494], [6.009006790643525, 6.14531444679603, 5.396763346673634, 3.8616134943828855, 3.797718728394719, 3.695918761282504, 2.516647464385904, 1.3389783493395253, 0.0, 4.374984325686207, 4.536129572664343, 5.291593728736173, 5.9230190519700345, 7.3685909345003, 5.660701881392448, 4.838305101995946, 5.328909217654209, 6.902069192640711, 6.208889970034901, 5.14930727185706, 6.195444634568209, 7.1936203444440965, 5.979635521501289, 5.788670715285159, 3.4839142053156245, 4.221185052802116, 4.661910240448651, 2.9751604477742037, 2.6338772275867375, 3.1382462889327214, 2.088606487589273, 1.0863403057974055, 1.0857811427723363, 5.902255455332308, 6.464962794943215], [4.705161147080938, 4.428939645106942, 3.0739569629388117, 2.541465280109095, 3.934646366574765, 1.5331170079286187, 2.471686406079865, 3.0789222059025785, 4.374984325686207, 0.0, 1.229790539075659, 1.3702043278285176, 2.422285784130353, 3.9365185392679147, 2.773776440162401, 2.5181078829152654, 3.6547818895250095, 5.78991099499811, 4.350838458274451, 4.639310839984749, 5.119118630194069, 5.010228754258632, 3.5410385566949136, 2.6494635343782336, 2.6729521469715842, 4.688318263514114, 4.421637925022807, 4.196108192122791, 3.4286623222475554, 2.6358009029515106, 2.860547089282049, 5.057287742456424, 4.9734617099159415, 2.026845719338302, 3.77517255102333], [4.188882978790408, 4.299210044880339, 3.247417475471855, 2.85744677290759, 4.3322231729217275, 2.4443235076396905, 3.2448564159296787, 3.319677415051047, 4.536129572664343, 1.229790539075659, 0.0, 2.2437351291986314, 3.499706586272626, 4.852057380122374, 3.98288621102838, 3.64779231590835, 4.694635254202396, 5.233128607248249, 3.6340296201324507, 4.114213220045845, 5.117288967803167, 4.877799731436295, 3.999372577042554, 2.6533747172233326, 2.536172685366673, 4.850235502529748, 5.001411153864477, 4.648048266745946, 4.257393499548755, 3.5257249538215536, 2.7600972410406124, 4.986977687938858, 5.309660268793098, 2.4153310456332897, 4.971934607373673], [5.9435565362836424, 5.548584884454773, 4.116643755536784, 3.7625215547555335, 5.061000736020495, 2.4721887670645217, 3.149901892122991, 3.9630770532504163, 5.291593728736173, 1.3702043278285176, 2.2437351291986314, 0.0, 1.3576589041434526, 2.636150547673634, 2.3190136006500697, 2.7826244680157615, 3.995118759186014, 7.008668636053497, 5.509741446746843, 5.971838716006989, 6.257405846674803, 5.97758250549501, 4.330454255617995, 3.5680596771915125, 4.030562184112782, 5.91376926671983, 5.37304886074936, 5.265357668762873, 4.0382924287376705, 2.8240404069347167, 3.7336479601055053, 6.006425407012061, 5.847164637668414, 1.0130116731805219, 3.22460883984399], [6.748747058528717, 6.077862425228133, 4.56259026979193, 4.289957903056859, 5.3646460321255125, 2.884324409632176, 3.50707174007034, 4.671492533441534, 5.9230190519700345, 2.422285784130353, 3.499706586272626, 1.3576589041434526, 0.0, 1.6610012793492963, 1.3581411635025278, 2.4284821535271783, 3.5046332732541363, 7.798848071991145, 6.439250368637642, 6.830635086871498, 6.668661380667038, 6.428068357601683, 4.446940253702539, 4.161389253602696, 4.83603565950459, 6.333020900012884, 5.419922901665668, 5.553072437849159, 4.113994231887061, 3.0289501976757562, 4.698688384006753, 6.774551165206446, 6.27568342891832, 2.034138837444485, 2.0351759653651573], [8.253790179668975, 7.570274743363018, 6.083324707756442, 5.940155302683592, 7.000802326876542, 4.5428240038548715, 5.014627381969671, 6.126550727774968, 7.3685909345003, 3.9365185392679147, 4.852057380122374, 2.636150547673634, 1.6610012793492963, 0.0, 2.636404618035707, 3.9412484240402814, 4.85393930431768, 9.2787718810196, 7.8528153359161585, 8.407092169115312, 8.200494174133654, 7.792963342657272, 5.877064135263457, 5.573382844377372, 6.467342145734985, 7.978737933407764, 6.980699249358906, 7.168654739210139, 5.567690818463252, 4.3292713624812205, 6.075265981008568, 8.187471266514466, 7.722545472187263, 2.744347678411028, 2.7442083630803253], [6.513421474156267, 5.623158893362342, 4.101294840657033, 3.780064582781623, 4.556157360100725, 2.4687119110985796, 3.144757575712316, 4.55533890396752, 5.660701881392448, 2.773776440162401, 3.98288621102838, 2.3190136006500697, 1.3581411635025278, 2.636404618035707, 0.0, 1.3713904950815434, 2.2402336351371925, 7.539635647032289, 6.422188509379026, 6.56854217387694, 6.022786704674174, 6.015442760927911, 3.758325640494714, 4.01221087930333, 4.566939167538801, 5.586285837656359, 4.406474202806593, 4.7492540235283265, 3.4248063857683984, 2.8990701785227624, 4.874679846923283, 6.6316006280535325, 5.79577204003056, 3.223234718415648, 1.0131452067694935], [5.473781056089109, 4.543934842182489, 3.067567965017238, 2.576139635190608, 3.197040919350267, 1.5296667447519412, 2.453119071712582, 3.8567105621241526, 4.838305101995946, 2.5181078829152654, 3.64779231590835, 2.7826244680157615, 2.4284821535271783, 3.9412484240402814, 1.3713904950815434, 0.0, 1.2283529175281833, 6.484788334248081, 5.556601250764715, 5.451713161933595, 4.815982068072929, 5.076127994840162, 2.761320475786902, 3.2846225917143057, 3.4891711522939084, 4.232465377294893, 3.0520714097150483, 3.4585857384196794, 2.5909248445294586, 2.709665948045995, 4.3330409714194955, 5.83231758394551, 4.894068643776873, 3.7827490136143056, 2.02729681102694], [5.691795586631692, 4.546795376966067, 3.265129894812762, 2.9304663570838003, 3.0071562596579513, 2.4437586910331386, 3.2057789084713875, 4.579603062493517, 5.328909217654209, 3.6547818895250095, 4.694635254202396, 3.995118759186014, 3.5046332732541363, 4.85393930431768, 2.2402336351371925, 1.2283529175281833, 0.0, 6.603979759962927, 5.978035069318346, 5.693570722314776, 4.565092442656556, 5.036094211787543, 2.651992021104136, 3.7765004302925744, 3.9866954912558845, 4.008463329007763, 2.456387534571856, 3.3305004158534497, 2.937342094479293, 3.6106345287220636, 5.222220113131962, 6.360141455187926, 5.155804003256912, 4.9843033164124355, 2.409347448999417], [1.0947871893660426, 2.15659352451963, 3.4941768415465173, 4.184489364307191, 4.566796524917659, 5.615411814818215, 6.648023015904804, 6.511786991295093, 6.902069192640711, 5.78991099499811, 5.233128607248249, 7.008668636053497, 7.798848071991145, 9.2787718810196, 7.539635647032289, 6.484788334248081, 6.603979759962927, 0.0, 1.771391447422054, 1.7648893053106758, 2.5047271508090456, 2.4221810749818022, 4.276390668542807, 3.748599505148556, 3.8095427927771066, 3.898622552902499, 5.068954656534224, 5.4203197147400815, 7.027174858362357, 7.577392261853678, 6.416407468357976, 7.108714743186704, 7.279933567691398, 7.382677240676312, 8.251799111708912], [1.0945007857466342, 2.1695547123776344, 2.776241448433475, 3.429894864277913, 4.374995321140355, 4.553266169465607, 5.662523038363729, 5.54390627085271, 6.208889970034901, 4.350838458274451, 3.6340296201324507, 5.509741446746843, 6.439250368637642, 7.8528153359161585, 6.422188509379026, 5.556601250764715, 5.978035069318346, 1.771391447422054, 0.0, 1.7762154092339137, 3.069938100353165, 2.527766899854494, 3.758195062792776, 2.5756612102526217, 2.934880469456976, 4.081912261428459, 4.996874992432771, 5.175092873562753, 6.271070818448792, 6.448328311275722, 5.250290214835748, 6.451727286548929, 6.774835113122681, 5.759237086628749, 7.227903016781561], [1.0937222179328718, 2.174924286038482, 2.89438118774981, 2.9208470449511728, 3.3182647513421832, 4.341947981033398, 5.125715210582812, 4.82225173544476, 5.14930727185706, 4.639310839984749, 4.114213220045845, 5.971838716006989, 6.830635086871498, 8.407092169115312, 6.56854217387694, 5.451713161933595, 5.693570722314776, 1.7648893053106758, 1.7762154092339137, 0.0, 2.489191306428656, 3.0590577536228376, 3.871075407428793, 3.285544279111149, 2.280429566989518, 2.7284921568514724, 4.105288151884104, 3.9826466915858854, 5.52213685723199, 6.093189282305286, 4.769262234350298, 5.347069530125824, 5.570675399805665, 6.423389489981127, 7.373679974069935], [2.1528032631896488, 1.0951198518883674, 2.1768517220977635, 2.9108832508364193, 2.7942923970121663, 4.383324978826005, 5.472279610911708, 5.8013866239029435, 6.195444634568209, 5.119118630194069, 5.117288967803167, 6.257405846674803, 6.668661380667038, 8.200494174133654, 6.022786704674174, 4.815982068072929, 4.565092442656556, 2.5047271508090456, 3.069938100353165, 2.489191306428656, 0.0, 1.7521259829133293, 2.4731893113953083, 3.0564887779934673, 3.206369237938762, 2.29253316006552, 2.8707862912449613, 3.8295629032567144, 5.544818549781408, 6.440647274148772, 6.088001657358513, 6.739069431308748, 6.264600023145931, 6.920909921390395, 6.556617374835899], [2.136349716221574, 1.097092753599257, 2.1444631775808136, 3.5328309781250504, 4.060987645881234, 4.731953107333166, 6.106932724371539, 6.527235523558194, 7.1936203444440965, 5.010228754258632, 4.877799731436295, 5.97758250549501, 6.428068357601683, 7.792963342657272, 6.015442760927911, 5.076127994840162, 5.036094211787543, 2.4221810749818022, 2.527766899854494, 3.0590577536228376, 1.7521259829133293, 0.0, 2.412332371378372, 2.4237677714665655, 3.796640711207738, 3.832454817737582, 4.108425658327043, 5.130535403834575, 6.4085535193208765, 6.917897103166539, 6.588479900553693, 7.727953148149903, 7.441831583017719, 6.467358762276916, 6.539311078393504], [3.472898760401748, 2.1364951205186498, 1.0966753165818952, 2.182177029940513, 2.7933623198575583, 2.870162354292871, 4.301316855336281, 5.170883144106043, 5.979635521501289, 3.5410385566949136, 3.999372577042554, 4.330454255617995, 4.446940253702539, 5.877064135263457, 3.758325640494714, 2.761320475786902, 2.651992021104136, 4.276390668542807, 3.758195062792776, 3.871075407428793, 2.4731893113953083, 2.412332371378372, 0.0, 1.751021513288743, 3.0622318886720516, 3.2484283061197456, 2.5527448834538875, 3.7702779870985643, 4.481281377017069, 4.997519190558452, 5.461771612764489, 6.775095005237934, 6.095035963798737, 5.076971533306052, 4.219425862602637], [2.798864509046481, 2.138771867217259, 1.096090913200178, 2.1869379072118167, 3.489158215100026, 2.751387820718846, 4.246158417911419, 4.801457138202943, 5.788670715285159, 2.6494635343782336, 2.6533747172233326, 3.5680596771915125, 4.161389253602696, 5.573382844377372, 4.01221087930333, 3.2846225917143057, 3.7765004302925744, 3.748599505148556, 2.5756612102526217, 3.285544279111149, 3.0564887779934673, 2.4237677714665655, 1.751021513288743, 0.0, 2.5237300846168162, 3.834870834852199, 3.757907622600641, 4.35194863250935, 4.820243755247239, 4.856072773342674, 4.734984098178155, 6.41593856345274, 6.209633298351844, 4.057960607250888, 4.735007979929917], [2.7676656698380318, 2.806762715300316, 2.1520627988049044, 1.097609060640445, 2.1217070226588777, 2.1650361336476585, 2.8715562487961126, 2.8018735963636905, 3.4839142053156245, 2.6729521469715842, 2.536172685366673, 4.030562184112782, 4.83603565950459, 6.467342145734985, 4.566939167538801, 3.4891711522939084, 3.9866954912558845, 3.8095427927771066, 2.934880469456976, 2.280429566989518, 3.206369237938762, 3.796640711207738, 3.0622318886720516, 2.5237300846168162, 0.0, 2.379328153071787, 3.0494890030954367, 2.5554008100491785, 3.4001139716191866, 3.8168106764679854, 2.897624042211136, 4.011457252670157, 3.9585392937294435, 4.64701689366415, 5.445596754259353], [3.2560185165321163, 2.813681677091423, 2.843617943747015, 2.177834890435912, 1.0952760428312125, 3.54983447219726, 4.023235408225574, 4.157777426702878, 4.221185052802116, 4.688318263514114, 4.850235502529748, 5.91376926671983, 6.333020900012884, 7.978737933407764, 5.586285837656359, 4.232465377294893, 4.008463329007763, 3.898622552902499, 4.081912261428459, 2.7284921568514724, 2.29253316006552, 3.832454817737582, 3.2484283061197456, 3.834870834852199, 2.379328153071787, 0.0, 1.760847403950723, 1.7478522191535533, 3.864633615234438, 5.105695923182265, 4.721161065881994, 4.808862415374347, 4.107130684553391, 6.7054005048169945, 6.1999809298093815], [4.325896910468394, 3.321797356853666, 2.741130020630178, 2.197407806939804, 1.0935896899660311, 3.022037071248465, 3.6203568677687006, 4.36692983341844, 4.661910240448651, 4.421637925022807, 5.001411153864477, 5.37304886074936, 5.419922901665668, 6.980699249358906, 4.406474202806593, 3.0520714097150483, 2.456387534571856, 5.068954656534224, 4.996874992432771, 4.105288151884104, 2.8707862912449613, 4.108425658327043, 2.5527448834538875, 3.757907622600641, 3.0494890030954367, 1.760847403950723, 0.0, 1.7681291072769543, 3.2225929839183847, 4.5537156191400445, 5.092037944674018, 5.526699638120386, 4.372623944498315, 6.2979361087581704, 4.819996079873924], [4.595298451678628, 4.126585147552392, 3.5070408680253498, 2.2024527622630186, 1.0913086227094515, 2.818464979381507, 2.693341435837647, 2.9802812669276704, 2.9751604477742037, 4.196108192122791, 4.648048266745946, 5.265357668762873, 5.553072437849159, 7.168654739210139, 4.7492540235283265, 3.4585857384196794, 3.3305004158534497, 5.4203197147400815, 5.175092873562753, 3.9826466915858854, 3.8295629032567144, 5.130535403834575, 3.7702779870985643, 4.35194863250935, 2.5554008100491785, 1.7478522191535533, 1.7681291072769543, 0.0, 2.2600679104841075, 3.744923491875368, 3.8371172994840803, 3.8165991916888524, 2.652166898971481, 6.143213410748483, 5.359495994027797], [6.028936441861036, 5.521309313921835, 4.354779848626105, 2.9693773572922657, 2.8926264518599702, 2.192275630480802, 1.0984895857494505, 2.146902985698236, 2.6338772275867375, 3.4286623222475554, 4.257393499548755, 4.0382924287376705, 4.113994231887061, 5.567690818463252, 3.4248063857683984, 2.5909248445294586, 2.937342094479293, 7.027174858362357, 6.271070818448792, 5.52213685723199, 5.544818549781408, 6.4085535193208765, 4.481281377017069, 4.820243755247239, 3.4001139716191866, 3.864633615234438, 3.2225929839183847, 2.2600679104841075, 0.0, 1.7396253044836982, 3.113323794596379, 3.717183884340402, 2.44004990522735, 4.94286643254701, 4.050048596004744], [6.501404339063985, 6.13000747634128, 4.779747295621391, 3.564179211263092, 4.1455864470542645, 2.1940533630702785, 1.0993678592718634, 2.102725514659486, 3.1382462889327214, 2.6358009029515106, 3.5257249538215536, 2.8240404069347167, 3.0289501976757562, 4.3292713624812205, 2.8990701785227624, 2.709665948045995, 3.6106345287220636, 7.577392261853678, 6.448328311275722, 6.093189282305286, 6.440647274148772, 6.917897103166539, 4.997519190558452, 4.856072773342674, 3.8168106764679854, 5.105695923182265, 4.5537156191400445, 3.744923491875368, 1.7396253044836982, 0.0, 2.5747634396192596, 4.048925322848026, 3.4342598533017274, 3.5899883746329873, 3.68420094321686], [5.41581458600643, 5.6713592823943015, 4.741840802895011, 3.4449834890750926, 4.198555096696959, 2.9442125619594797, 2.2332140291517066, 1.0896865145536123, 2.088606487589273, 2.860547089282049, 2.7600972410406124, 3.7336479601055053, 4.698688384006753, 6.075265981008568, 4.874679846923283, 4.3330409714194955, 5.222220113131962, 6.416407468357976, 5.250290214835748, 4.769