{"total energy": -75.91036384, "HOMO-LUMO gap/eV": 3.44872866, "electronic energy": -76.66145872, "dipole": [-0.54580865, -0.81401557, -0.00095861], "partial charges": [-0.11861508, 0.01526599, -0.03265743, -0.07201928, -0.02761254, -0.04046958, 0.06811064, -0.35510526, 1.17765163, -0.53330401, -0.53289191, 0.36891955, -0.16993423, -0.16123026, -0.16531183, 0.95316152, -0.54560391, -0.54542348, -0.06991082, -0.02343981, -0.02374599, -0.02295629, -0.02272738, -0.0258811, 0.05805252, 0.0681612, 0.06405579, 0.08202089, 0.06848987, 0.06589268, 0.2203629, 0.06805652, 0.05333891, 0.05181125, 0.05307066, 0.05241766], "atomic dipole moments": [[0.03074708, -0.04765382, 0.08403107], [-0.04708557, 0.01518495, -0.02657448], [-0.00252306, -0.01625384, 0.03669143], [0.14755357, 0.01041071, 0.01630577], [0.00796139, 0.01871435, -0.02734468], [-0.00410717, 0.00845941, -0.04167832], [-0.20881374, -0.0127339, -0.02016047], [0.05123653, -0.07390268, -0.16484455], [-0.03590635, -0.16456914, 0.26795782], [0.15958317, -0.05403638, 0.07163122], [-0.12657642, 0.10092429, 0.0662769], [-0.04246988, -0.07321489, 0.09986451], [-0.21063739, 0.07535758, -0.15429439], [0.1334454, 0.22519188, 0.07094896], [0.16526562, -0.14721802, -0.15841683], [-0.07548083, -0.05510026, -0.01111627], [-0.03685442, -0.04302261, -0.1821338], [-0.05821345, -0.08627334, 0.16033347], [-0.03329738, 0.17042905, 0.01541525], [-0.01646462, 0.03128462, -0.03717203], [-0.00989525, 0.02589858, -0.00528387], [-0.00567864, 0.01709933, -7.009e-05], [-0.00389758, 0.02600892, 0.01115932], [0.00416996, 0.03375606, 0.03201972], [-0.07435846, 0.10048379, 0.03540734], [0.08338462, 0.0526475, -0.08499743], [-0.06762781, -0.09294292, -0.07191357], [0.08662735, 0.0656541, -0.11343501], [0.0707951, -0.06290474, 0.12363616], [-0.07486858, -0.06498263, 0.11991475], [-0.06251621, 0.08828199, -0.05898949], [0.03426199, 0.06979333, 0.13668254], [0.07069268, -0.07503554, 0.1114511], [0.04143288, -0.14434288, -0.01882977], [-0.02721891, -0.07166628, -0.13137775], [-0.06768888, 0.07364889, -0.11935921]], "atomic quadrupole moments": [[0.0060956, -0.06683909, -0.0740342, 0.11260123, -0.10664021, 0.0679386], [-0.27303052, -0.05999298, 0.29594827, 0.07992462, 0.25478522, -0.02291776], [-0.25008871, -0.0273155, 0.33248729, 0.03885406, 0.34299263, -0.08239858], [0.13483829, 0.01910086, 0.13140691, 0.02400908, 0.33100463, -0.26624521], [-0.23659881, 0.00330397, 0.34569963, -0.03448025, 0.34786889, -0.10910082], [-0.23825811, -0.0085317, 0.33403283, 0.0083206, 0.33602189, -0.09577471], [0.08728815, -0.00087112, 0.17194987, 0.04007216, 0.34079065, -0.25923802], [0.02866821, 0.10263754, 0.05278277, 0.04940354, 0.11472446, -0.08145098], [-0.20602011, 0.33152254, 0.10398126, -0.04647298, -0.16377639, 0.10203886], [0.09732921, -0.05266776, -0.05305763, 0.10119428, -0.03254426, -0.04427158], [0.04233254, -0.09279667, 0.00134849, -0.08249422, 0.0625197, -0.04368103], [0.04465568, -0.04068456, 0.00625511, 0.05377392, 0.07976218, -0.05091079], [0.04447126, -0.02393525, -0.03100393, 0.05340837, -0.00950168, -0.01346733], [-0.00795354, 0.04212399, 0.03789843, 0.0229216, 0.03852676, -0.02994489], [0.00709623, -0.04460759, 0.00345948, -0.03471605, 0.04252057, -0.01055571], [0.20668067, -0.113785, 0.10190908, 0.05348661, 0.02503957, -0.30858975], [-0.06724048, 0.01331049, -0.06652058, 0.05720213, 0.0691409, 0.13376106], [-0.05378246, 0.04005794, -0.01922582, -0.07046235, -0.10422451, 0.07300827], [0.16235989, 0.06407417, 0.19566674, -0.26242205, -0.01092677, -0.35802663], [0.37273915, 0.20047702, -0.18503434, -0.2669686, -0.111165, -0.18770482], [0.36441901, 0.20891609, -0.18431084, -0.26639706, -0.07703662, -0.18010817], [0.38010729, 0.21995707, -0.21442691, -0.25882019, -0.08984659, -0.16568038], [0.37267795, 0.20695797, -0.18548945, -0.25766215, -0.08686497, -0.1871885], [0.36882382, 0.21936053, -0.19252971, -0.25858701, -0.05815368, -0.1762941], [0.00079186, -0.06084498, 0.01403248, -0.02999765, 0.02405025, -0.01482434], [0.03563903, 0.02876302, -0.03557946, -0.04246014, -0.03280084, -5.957e-05], [-0.01007999, 0.04950961, 0.02299907, 0.02695891, 0.02601715, -0.01291908], [0.03401093, -0.00803075, -0.04101749, 0.0112051, -0.03709491, 0.00700656], [0.04204052, 0.0051366, -0.04312219, -0.00814735, -0.03809537, 0.00108167], [0.04251978, 0.0078127, -0.0394148, -0.00016166, -0.03397934, -0.00310497], [-0.00288451, -0.01814628, 0.06923764, 0.0221434, -0.01809676, -0.06635312], [-0.04090664, -0.0324656, 0.03350262, 0.0257279, 0.00241621, 0.00740402], [-0.04808367, -0.02450727, 0.02756701, 0.03015647, 0.01660316, 0.02051667], [-0.04680793, -0.02479927, 0.02089214, 0.03455689, 0.00979311, 0.02591578], [-0.04532331, -0.02925696, 0.02764758, 0.03245932, 0.00470417, 0.01767573], [-0.04525681, -0.02594835, 0.03335971, 0.02497602, 0.01987273, 0.01189711]], "number of molecular orbitals": 118, "number of electrons": 130, "number of unpaired electrons": 0, "orbital energies/eV": [-25.1773792, -24.82323105, -24.77978785, -22.95624465, -21.02721282, -19.67368935, -19.4047941, -19.01978081, -18.78550005, -18.48131346, -18.28432895, -18.18683011, -18.18203645, -18.15598902, -17.96320524, -17.85960919, -17.51898297, -17.41792085, -17.39021313, -17.16650707, -17.04222847, -16.6148198, -16.4822395, -16.22227695, -16.21040339, -16.13646353, -16.09600503, -16.06891459, -15.82248962, -15.80309152, -15.79074924, -15.75568328, -15.57363124, -15.38653543, -15.15496903, -14.95892478, -14.77205962, -14.43761189, -14.31791733, -14.26097807, -14.23713531, -13.96500293, -13.93721854, -13.92988311, -13.90294646, -13.83812015, -13.71211967, -13.64869747, -13.63810295, -13.52807087, -13.49148929, -13.39473494, -13.10235017, -12.96778104, -12.67266501, -12.44986768, -12.28317196, -12.2228113, -11.99519167, -11.89913541, -11.86834783, -11.73290961, -11.66396532, -11.58286855, -11.1610004, -7.71227174, -7.19399142, -7.16206209, -6.88279436, -6.34231703, -5.38664025, -4.31849537, -3.82737862, -3.75778919, -3.30966285, -3.07183984, -2.11010765, -1.82602149, -1.17317748, -0.67501788, -0.43567766, 0.2450086, 0.67638202, 1.74871293, 2.39911232, 2.51059752, 2.60348735, 2.98546561, 3.06370283, 3.24493623, 3.43843682, 3.8973177, 3.96816073, 4.01286298, 4.38065465, 4.56580043, 4.65626786, 4.84460536, 5.37366845, 5.49188615, 8.08678425, 8.72813706, 9.45897919, 9.70790284, 9.95915704, 10.07965723, 10.38728311, 11.24367633, 11.63975609, 13.39199818, 15.5066794, 15.65115581, 15.70620713, 16.6448257, 22.6170541, 25.59149712, 29.22730491, 30.6598817], "fractional occupation": [2.0, 2.0, 2.0, 2.0, 2.0, 2.0, 2.0, 2.0, 2.0, 2.0, 2.0, 2.0, 2.0, 2.0, 2.0, 2.0, 2.0, 2.0, 2.0, 2.0, 2.0, 2.0, 2.0, 2.0, 2.0, 2.0, 2.0, 2.0, 2.0, 2.0, 2.0, 2.0, 2.0, 2.0, 2.0, 2.0, 2.0, 2.0, 2.0, 2.0, 2.0, 2.0, 2.0, 2.0, 2.0, 2.0, 2.0, 2.0, 2.0, 2.0, 2.0, 2.0, 2.0, 2.0, 2.0, 2.0, 2.0, 2.0, 2.0, 2.0, 2.0, 2.0, 2.0, 2.0, 2.0, 0.0, 0.0, 0.0, 0.0, 0.0, 0.0, 0.0, 0.0, 0.0, 0.0, 0.0, 0.0, 0.0, 0.0, 0.0, 0.0, 0.0, 0.0, 0.0, 0.0, 0.0, 0.0, 0.0, 0.0, 0.0, 0.0, 0.0, 0.0, 0.0, 0.0, 0.0, 0.0, 0.0, 0.0, 0.0, 0.0, 0.0, 0.0, 0.0, 0.0, 0.0, 0.0, 0.0, 0.0, 0.0, 0.0, 0.0, 0.0, 0.0, 0.0, 0.0, 0.0, 0.0], "program call": "xtb /home/svss/Project-DBcg-Debug/aqme2_20220329/End-to-End-workflows-final/example-3/QDESCP/mol_583_rdkit_conf_3/mol_583_rdkit_conf_3.xyz --pop --wbo --acc 0.2 --gfn 2 --chrg 0 --uhf 0 --etemp 300 --input /home/svss/Project-DBcg-Debug/aqme2_20220329/End-to-End-workflows-final/example-3/QDESCP/mol_583_rdkit_conf_3/mol_583_rdkit_conf_3_xtb.inp", "method": "GFN2-xTB", "xtb version": "6.3.3 (7355c4f)", "Dipole module/D": 2.491, "Total charge": 0, "Transition dipole module/D": NaN, "HOMO": -11.161, "LUMO": -7.7123, "HOMO occupancy": 2.0, "LUMO occupancy": 0, "mulliken charges": [-0.0874, 0.00717, -0.02447, 0.05648, -0.0208, -0.03556, 0.12996, -0.29903, 0.51136, -0.36292, -0.35607, 0.67328, -0.21019, -0.19698, -0.20688, 0.4694, -0.42023, -0.41915, 0.05465, -0.01453, -0.02164, -0.01732, -0.01976, -0.02236, 0.04286, 0.04904, 0.06132, 0.06973, 0.05944, 0.05302, 0.25414, 0.06432, 0.04304, 0.04106, 0.04321, 0.05183], "cm5 charges": [-0.22925, -0.00263, -0.07245, 0.06382, -0.07077, -0.08177, 0.1833, -0.61767, 0.63173, -0.40853, -0.40017, 0.73969, -0.2294, -0.21492, -0.2245, 0.51809, -0.47068, -0.4695, 0.06202, -0.06478, -0.07674, -0.07251, -0.07484, -0.07275, 0.09631, 0.10107, 0.11653, 0.13076, 0.11827, 0.11383, 0.45041, 0.12442, 0.09833, 0.09633, 0.09848, 0.11045], "FUKUI+": [0.017, -0.026, -0.018, -0.026, -0.015, -0.018, -0.042, -0.01, -0.071, -0.038, -0.018, -0.012, -0.014, -0.029, -0.024, -0.095, -0.022, -0.022, -0.013, -0.015, -0.015, -0.032, -0.015, -0.011, -0.031, -0.028, -0.025, -0.042, -0.038, -0.042, -0.028, -0.034, -0.042, -0.047, -0.039, -0.024], "FUKUI-": [0.015, -0.028, -0.007, -0.01, -0.011, -0.013, -0.022, -0.024, -0.039, -0.025, -0.004, 0.0, -0.005, -0.019, -0.014, -0.151, -0.051, -0.053, -0.009, -0.012, -0.018, -0.016, -0.017, -0.009, -0.038, -0.03, -0.039, -0.03, -0.03, -0.041, -0.027, -0.034, -0.052, -0.058, -0.047, -0.031], "FUKUIrad": [0.016, -0.027, -0.012, -0.018, -0.013, -0.015, -0.032, -0.017, -0.055, -0.031, -0.011, -0.006, -0.009, -0.024, -0.019, -0.123, -0.037, -0.037, -0.011, -0.013, -0.017, -0.024, -0.016, -0.01, -0.034, -0.029, -0.032, -0.036, -0.034, -0.041, -0.027, -0.034, -0.047, -0.052, -0.043, -0.028], "s proportion": [1.01, 1.093, 1.072, 1.09, 1.065, 1.066, 1.049, 1.468, 1.726, 1.723, 1.724, 1.042, 1.824, 1.822, 1.824, 1.723, 1.724, 1.724, 1.087, 1.068, 1.063, 1.066, 1.062, 1.066, 0.957, 0.951, 0.939, 0.93, 0.941, 0.947, 0.746, 0.936, 0.957, 0.959, 0.957, 0.948], "p proportion": [3.077, 2.9, 2.953, 2.853, 2.956, 2.97, 2.821, 3.831, 2.808, 4.64, 4.632, 2.284, 5.386, 5.375, 5.383, 2.919, 4.696, 4.695, 2.858, 2.946, 2.958, 2.951, 2.957, 2.956, 0.0, 0.0, 0.0, 0.0, 0.0, 0.0, 0.0, 0.0, 0.0, 0.0, 0.0, 0.0], "d proportion": [0.0, 0.0, 0.0, 0.0, 0.0, 0.0, 0.0, 0.0, 0.954, 0.0, 0.0, 0.0, 0.0, 0.0, 0.0, 0.889, 0.0, 0.0, 0.0, 0.0, 0.0, 0.0, 0.0, 0.0, 0.0, 0.0, 0.0, 0.0, 0.0, 0.0, 0.0, 0.0, 0.0, 0.0, 0.0, 0.0], "Fermi-level/eV": -9.4366, "Coordination numbers": [3.754, 2.96, 2.947, 2.959, 2.95, 2.914, 2.97, 2.686, 3.699, 0.86, 0.86, 3.314, 0.795, 0.795, 0.795, 3.818, 0.86, 0.86, 2.962, 2.946, 2.912, 2.911, 2.912, 2.951, 0.924, 0.924, 0.924, 0.925, 0.925, 0.925, 0.862, 0.925, 0.925, 0.925, 0.925, 0.925], "Dispersion coefficient C6": [22.83, 27.669, 28.813, 29.794, 28.69, 29.005, 26.472, 29.144, 101.703, 24.534, 24.525, 19.253, 10.929, 10.842, 10.883, 108.005, 24.818, 24.814, 29.74, 28.589, 28.597, 28.578, 28.572, 28.648, 2.222, 2.106, 2.152, 1.958, 2.102, 2.131, 1.008, 2.107, 2.279, 2.297, 2.282, 2.29], "Total dispersion C6": 21175.662572, "Total dispersion C8": 562398.672108, "Polarizability alpha": [6.813, 8.628, 8.804, 8.953, 8.785, 8.831, 8.439, 8.018, 16.973, 6.641, 6.64, 6.998, 3.905, 3.89, 3.897, 17.491, 6.679, 6.679, 8.945, 8.77, 8.769, 8.766, 8.765, 8.779, 2.331, 2.269, 2.294, 2.188, 2.267, 2.283, 1.572, 2.27, 2.361, 2.37, 2.362, 2.366], "Total polarizability alpha": 226.793095, "Wiberg matrix": [[0.0, 1.0301216479442323, 0.0, 0.0, 0.0, 0.0, 0.0, 0.0, 0.0, 0.0, 0.0, 0.0, 0.0, 0.0, 0.0, 0.0, 0.0, 0.0, 0.0, 0.0, 0.0, 0.0, 0.0, 0.0, 0.9664332861753, 0.9814890670465983, 0.9662594225749143, 0.0, 0.0, 0.0, 0.0, 0.0, 0.0, 0.0, 0.0, 0.0], [1.0301216479442323, 0.0, 1.4091671661670577, 0.0, 0.10431587355087835, 0.0, 1.360840194348559, 0.0, 0.0, 0.0, 0.0, 0.0, 0.0, 0.0, 0.0, 0.0, 0.0, 0.0, 0.0, 0.0, 0.0, 0.0, 0.0, 0.0, 0.0, 0.0, 0.0, 0.0, 0.0, 0.0, 0.0, 0.0, 0.0, 0.0, 0.0, 0.0], [0.0, 1.4091671661670577, 0.0, 1.4202292346905678, 0.0, 0.1054190165566191, 0.0, 0.0, 0.0, 0.0, 0.0, 0.0, 0.0, 0.0, 0.0, 0.0, 0.0, 0.0, 0.0, 0.0, 0.0, 0.0, 0.0, 0.0, 0.0, 0.0, 0.0, 0.9592167541124905, 0.0, 0.0, 0.0, 0.0, 0.0, 0.0, 0.0, 0.0], [0.0, 0.0, 1.4202292346905678, 0.0, 1.4122763417405226, 0.0, 0.0, 0.0, 0.0, 0.0, 0.0, 0.0, 0.0, 0.0, 0.0, 0.7777508344266296, 0.0, 0.0, 0.0, 0.0, 0.0, 0.0, 0.0, 0.0, 0.0, 0.0, 0.0, 0.0, 0.0, 0.0, 0.0, 0.0, 0.0, 0.0, 0.0, 0.0], [0.0, 0.10431587355087835, 0.0, 1.4122763417405226, 0.0, 1.4442209886113972, 0.0, 0.0, 0.0, 0.0, 0.0, 0.0, 0.0, 0.0, 0.0, 0.0, 0.0, 0.0, 0.0, 0.0, 0.0, 0.0, 0.0, 0.0, 0.0, 0.0, 0.0, 0.0, 0.9649664482565565, 0.0, 0.0, 0.0, 0.0, 0.0, 0.0, 0.0], [0.0, 0.0, 0.1054190165566191, 0.0, 1.4442209886113972, 0.0, 1.3965942263976439, 0.0, 0.0, 0.0, 0.0, 0.0, 0.0, 0.0, 0.0, 0.0, 0.0, 0.0, 0.0, 0.0, 0.0, 0.0, 0.0, 0.0, 0.0, 0.0, 0.0, 0.0, 0.0, 0.9648025431435945, 0.0, 0.0, 0.0, 0.0, 0.0, 0.0], [0.0, 1.360840194348559, 0.0, 0.0, 0.0, 1.3965942263976439, 0.0, 1.012904131449519, 0.0, 0.0, 0.0, 0.0, 0.0, 0.0, 0.0, 0.0, 0.0, 0.0, 0.0, 0.0, 0.0, 0.0, 0.0, 0.0, 0.0, 0.0, 0.0, 0.0, 0.0, 0.0, 0.0, 0.0, 0.0, 0.0, 0.0, 0.0], [0.0, 0.0, 0.0, 0.0, 0.0, 0.0, 1.012904131449519, 0.0, 0.9158023301967957, 0.0, 0.0, 0.0, 0.0, 0.0, 0.0, 0.0, 0.0, 0.0, 0.0, 0.0, 0.0, 0.0, 0.0, 0.0, 0.0, 0.0, 0.0, 0.0, 0.0, 0.0, 0.9119378300399315, 0.0, 0.0, 0.0, 0.0, 0.0], [0.0, 0.0, 0.0, 0.0, 0.0, 0.0, 0.0, 0.9158023301967957, 0.0, 1.627792050855064, 1.625436401172375, 0.6606663173462599, 0.0, 0.0, 0.0, 0.0, 0.0, 0.0, 0.0, 0.0, 0.0, 0.0, 0.0, 0.0, 0.0, 0.0, 0.0, 0.0, 0.0, 0.0, 0.0, 0.0, 0.0, 0.0, 0.0, 0.0], [0.0, 0.0, 0.0, 0.0, 0.0, 0.0, 0.0, 0.0, 1.627792050855064, 0.0, 0.11941634949248774, 0.0, 0.0, 0.0, 0.0, 0.0, 0.0, 0.0, 0.0, 0.0, 0.0, 0.0, 0.0, 0.0, 0.0, 0.0, 0.0, 0.0, 0.0, 0.0, 0.0, 0.0, 0.0, 0.0, 0.0, 0.0], [0.0, 0.0, 0.0, 0.0, 0.0, 0.0, 0.0, 0.0, 1.625436401172375, 0.11941634949248774, 0.0, 0.0, 0.0, 0.0, 0.0, 0.0, 0.0, 0.0, 0.0, 0.0, 0.0, 0.0, 0.0, 0.0, 0.0, 0.0, 0.0, 0.0, 0.0, 0.0, 0.0, 0.0, 0.0, 0.0, 0.0, 0.0], [0.0, 0.0, 0.0, 0.0, 0.0, 0.0, 0.0, 0.0, 0.6606663173462599, 0.0, 0.0, 0.0, 0.9715438454954207, 0.9790509573916981, 0.9756285701773715, 0.0, 0.0, 0.0, 0.0, 0.0, 0.0, 0.0, 0.0, 0.0, 0.0, 0.0, 0.0, 0.0, 0.0, 0.0, 0.0, 0.0, 0.0, 0.0, 0.0, 0.0], [0.0, 0.0, 0.0, 0.0, 0.0, 0.0, 0.0, 0.0, 0.0, 0.0, 0.0, 0.9715438454954207, 0.0, 0.0, 0.0, 0.0, 0.0, 0.0, 0.0, 0.0, 0.0, 0.0, 0.0, 0.0, 0.0, 0.0, 0.0, 0.0, 0.0, 0.0, 0.0, 0.0, 0.0, 0.0, 0.0, 0.0], [0.0, 0.0, 0.0, 0.0, 0.0, 0.0, 0.0, 0.0, 0.0, 0.0, 0.0, 0.9790509573916981, 0.0, 0.0, 0.0, 0.0, 0.0, 0.0, 0.0, 0.0, 0.0, 0.0, 0.0, 0.0, 0.0, 0.0, 0.0, 0.0, 0.0, 0.0, 0.0, 0.0, 0.0, 0.0, 0.0, 0.0], [0.0, 0.0, 0.0, 0.0, 0.0, 0.0, 0.0, 0.0, 0.0, 0.0, 0.0, 0.9756285701773715, 0.0, 0.0, 0.0, 0.0, 0.0, 0.0, 0.0, 0.0, 0.0, 0.0, 0.0, 0.0, 0.0, 0.0, 0.0, 0.0, 0.0, 0.0, 0.0, 0.0, 0.0, 0.0, 0.0, 0.0], [0.0, 0.0, 0.0, 0.7777508344266296, 0.0, 0.0, 0.0, 0.0, 0.0, 0.0, 0.0, 0.0, 0.0, 0.0, 0.0, 0.0, 1.647485993754006, 1.6473561702851705, 0.7733706624175836, 0.0, 0.0, 0.0, 0.0, 0.0, 0.0, 0.0, 0.0, 0.0, 0.0, 0.0, 0.0, 0.0, 0.0, 0.0, 0.0, 0.0], [0.0, 0.0, 0.0, 0.0, 0.0, 0.0, 0.0, 0.0, 0.0, 0.0, 0.0, 0.0, 0.0, 0.0, 0.0, 1.647485993754006, 0.0, 0.11455366150355349, 0.0, 0.0, 0.0, 0.0, 0.0, 0.0, 0.0, 0.0, 0.0, 0.0, 0.0, 0.0, 0.0, 0.0, 0.0, 0.0, 0.0, 0.0], [0.0, 0.0, 0.0, 0.0, 0.0, 0.0, 0.0, 0.0, 0.0, 0.0, 0.0, 0.0, 0.0, 0.0, 0.0, 1.6473561702851705, 0.11455366150355349, 0.0, 0.0, 0.0, 0.0, 0.0, 0.0, 0.0, 0.0, 0.0, 0.0, 0.0, 0.0, 0.0, 0.0, 0.0, 0.0, 0.0, 0.0, 0.0], [0.0, 0.0, 0.0, 0.0, 0.0, 0.0, 0.0, 0.0, 0.0, 0.0, 0.0, 0.0, 0.0, 0.0, 0.0, 0.7733706624175836, 0.0, 0.0, 0.0, 1.4182891170163734, 0.0, 0.10745275515165967, 0.0, 1.4142336852177944, 0.0, 0.0, 0.0, 0.0, 0.0, 0.0, 0.0, 0.0, 0.0, 0.0, 0.0, 0.0], [0.0, 0.0, 0.0, 0.0, 0.0, 0.0, 0.0, 0.0, 0.0, 0.0, 0.0, 0.0, 0.0, 0.0, 0.0, 0.0, 0.0, 0.0, 1.4182891170163734, 0.0, 1.4377232421506148, 0.0, 0.11017134461400202, 0.0, 0.0, 0.0, 0.0, 0.0, 0.0, 0.0, 0.0, 0.9638779439068142, 0.0, 0.0, 0.0, 0.0], [0.0, 0.0, 0.0, 0.0, 0.0, 0.0, 0.0, 0.0, 0.0, 0.0, 0.0, 0.0, 0.0, 0.0, 0.0, 0.0, 0.0, 0.0, 0.0, 1.4377232421506148, 0.0, 1.4397393180231393, 0.0, 0.11196454543154054, 0.0, 0.0, 0.0, 0.0, 0.0, 0.0, 0.0, 0.0, 0.9686486137495833, 0.0, 0.0, 0.0], [0.0, 0.0, 0.0, 0.0, 0.0, 0.0, 0.0, 0.0, 0.0, 0.0, 0.0, 0.0, 0.0, 0.0, 0.0, 0.0, 0.0, 0.0, 0.10745275515165967, 0.0, 1.4397393180231393, 0.0, 1.4350401500138665, 0.0, 0.0, 0.0, 0.0, 0.0, 0.0, 0.0, 0.0, 0.0, 0.0, 0.9697400067645789, 0.0, 0.0], [0.0, 0.0, 0.0, 0.0, 0.0, 0.0, 0.0, 0.0, 0.0, 0.0, 0.0, 0.0, 0.0, 0.0, 0.0, 0.0, 0.0, 0.0, 0.0, 0.11017134461400202, 0.0, 1.4350401500138665, 0.0, 1.4440667785090058, 0.0, 0.0, 0.0, 0.0, 0.0, 0.0, 0.0, 0.0, 0.0, 0.0, 0.9687546471160448, 0.0], [0.0, 0.0, 0.0, 0.0, 0.0, 0.0, 0.0, 0.0, 0.0, 0.0, 0.0, 0.0, 0.0, 0.0, 0.0, 0.0, 0.0, 0.0, 1.4142336852177944, 0.0, 0.11196454543154054, 0.0, 1.4440667785090058, 0.0, 0.0, 0.0, 0.0, 0.0, 0.0, 0.0, 0.0, 0.0, 0.0, 0.0, 0.0, 0.9670558985742639], [0.9664332861753, 0.0, 0.0, 0.0, 0.0, 0.0, 0.0, 0.0, 0.0, 0.0, 0.0, 0.0, 0.0, 0.0, 0.0, 0.0, 0.0, 0.0, 0.0, 0.0, 0.0, 0.0, 0.0, 0.0, 0.0, 0.0, 0.0, 0.0, 0.0, 0.0, 0.0, 0.0, 0.0, 0.0, 0.0, 0.0], [0.9814890670465983, 0.0, 0.0, 0.0, 0.0, 0.0, 0.0, 0.0, 0.0, 0.0, 0.0, 0.0, 0.0, 0.0, 0.0, 0.0, 0.0, 0.0, 0.0, 0.0, 0.0, 0.0, 0.0, 0.0, 0.0, 0.0, 0.0, 0.0, 0.0, 0.0, 0.0, 0.0, 0.0, 0.0, 0.0, 0.0], [0.9662594225749143, 0.0, 0.0, 0.0, 0.0, 0.0, 0.0, 0.0, 0.0, 0.0, 0.0, 0.0, 0.0, 0.0, 0.0, 0.0, 0.0, 0.0, 0.0, 0.0, 0.0, 0.0, 0.0, 0.0, 0.0, 0.0, 0.0, 0.0, 0.0, 0.0, 0.0, 0.0, 0.0, 0.0, 0.0, 0.0], [0.0, 0.0, 0.9592167541124905, 0.0, 0.0, 0.0, 0.0, 0.0, 0.0, 0.0, 0.0, 0.0, 0.0, 0.0, 0.0, 0.0, 0.0, 0.0, 0.0, 0.0, 0.0, 0.0, 0.0, 0.0, 0.0, 0.0, 0.0, 0.0, 0.0, 0.0, 0.0, 0.0, 0.0, 0.0, 0.0, 0.0], [0.0, 0.0, 0.0, 0.0, 0.9649664482565565, 0.0, 0.0, 0.0, 0.0, 0.0, 0.0, 0.0, 0.0, 0.0, 0.0, 0.0, 0.0, 0.0, 0.0, 0.0, 0.0, 0.0, 0.0, 0.0, 0.0, 0.0, 0.0, 0.0, 0.0, 0.0, 0.0, 0.0, 0.0, 0.0, 0.0, 0.0], [0.0, 0.0, 0.0, 0.0, 0.0, 0.9648025431435945, 0.0, 0.0, 0.0, 0.0, 0.0, 0.0, 0.0, 0.0, 0.0, 0.0, 0.0, 0.0, 0.0, 0.0, 0.0, 0.0, 0.0, 0.0, 0.0, 0.0, 0.0, 0.0, 0.0, 0.0, 0.0, 0.0, 0.0, 0.0, 0.0, 0.0], [0.0, 0.0, 0.0, 0.0, 0.0, 0.0, 0.0, 0.9119378300399315, 0.0, 0.0, 0.0, 0.0, 0.0, 0.0, 0.0, 0.0, 0.0, 0.0, 0.0, 0.0, 0.0, 0.0, 0.0, 0.0, 0.0, 0.0, 0.0, 0.0, 0.0, 0.0, 0.0, 0.0, 0.0, 0.0, 0.0, 0.0], [0.0, 0.0, 0.0, 0.0, 0.0, 0.0, 0.0, 0.0, 0.0, 0.0, 0.0, 0.0, 0.0, 0.0, 0.0, 0.0, 0.0, 0.0, 0.0, 0.9638779439068142, 0.0, 0.0, 0.0, 0.0, 0.0, 0.0, 0.0, 0.0, 0.0, 0.0, 0.0, 0.0, 0.0, 0.0, 0.0, 0.0], [0.0, 0.0, 0.0, 0.0, 0.0, 0.0, 0.0, 0.0, 0.0, 0.0, 0.0, 0.0, 0.0, 0.0, 0.0, 0.0, 0.0, 0.0, 0.0, 0.0, 0.9686486137495833, 0.0, 0.0, 0.0, 0.0, 0.0, 0.0, 0.0, 0.0, 0.0, 0.0, 0.0, 0.0, 0.0, 0.0, 0.0], [0.0, 0.0, 0.0, 0.0, 0.0, 0.0, 0.0, 0.0, 0.0, 0.0, 0.0, 0.0, 0.0, 0.0, 0.0, 0.0, 0.0, 0.0, 0.0, 0.0, 0.0, 0.9697400067645789, 0.0, 0.0, 0.0, 0.0, 0.0, 0.0, 0.0, 0.0, 0.0, 0.0, 0.0, 0.0, 0.0, 0.0], [0.0, 0.0, 0.0, 0.0, 0.0, 0.0, 0.0, 0.0, 0.0, 0.0, 0.0, 0.0, 0.0, 0.0, 0.0, 0.0, 0.0, 0.0, 0.0, 0.0, 0.0, 0.0, 0.9687546471160448, 0.0, 0.0, 0.0, 0.0, 0.0, 0.0, 0.0, 0.0, 0.0, 0.0, 0.0, 0.0, 0.0], [0.0, 0.0, 0.0, 0.0, 0.0, 0.0, 0.0, 0.0, 0.0, 0.0, 0.0, 0.0, 0.0, 0.0, 0.0, 0.0, 0.0, 0.0, 0.0, 0.0, 0.0, 0.0, 0.0, 0.9670558985742639, 0.0, 0.0, 0.0, 0.0, 0.0, 0.0, 0.0, 0.0, 0.0, 0.0, 0.0, 0.0]], "Born radii": [], "Atomic SASAs": [], "Solvent H bonds": [], "Total SASA": NaN, "Total FOD": 0.0, "FOD": [0.0, 0.0, 0.0, 0.0, 0.0, 0.0, 0.0, 0.0, 0.0, 0.0, 0.0, 0.0, 0.0, 0.0, 0.0, 0.0, 0.0, 0.0, 0.0, 0.0, 0.0, 0.0, 0.0, 0.0, 0.0, 0.0, 0.0, 0.0, 0.0, 0.0, 0.0, 0.0, 0.0, 0.0, 0.0, 0.0], "FOD s proportion": [0.0, 0.0, 0.0, 0.0, 0.0, 0.0, 0.0, 0.0, 0.0, 0.0, 0.0, 0.0, 0.0, 0.0, 0.0, 0.0, 0.0, 0.0, 0.0, 0.0, 0.0, 0.0, 0.0, 0.0, 0.0, 0.0, 0.0, 0.0, 0.0, 0.0, 0.0, 0.0, 0.0, 0.0, 0.0, 0.0], "FOD p proportion": [0.0, 0.0, 0.0, 0.0, 0.0, 0.0, 0.0, 0.0, 0.0, 0.0, 0.0, 0.0, 0.0, 0.0, 0.0, 0.0, 0.0, 0.0, 0.0, 0.0, 0.0, 0.0, 0.0, 0.0, 0.0, 0.0, 0.0, 0.0, 0.0, 0.0, 0.0, 0.0, 0.0, 0.0, 0.0, 0.0], "FOD d proportion": [0.0, 0.0, 0.0, 0.0, 0.0, 0.0, 0.0, 0.0, 0.0, 0.0, 0.0, 0.0, 0.0, 0.0, 0.0, 0.0, 0.0, 0.0, 0.0, 0.0, 0.0, 0.0, 0.0, 0.0, 0.0, 0.0, 0.0, 0.0, 0.0, 0.0, 0.0, 0.0, 0.0, 0.0, 0.0, 0.0], "coordinates": [["-1.82190", "2.47140", "-1.78490"], ["-1.14770", "1.85180", "-0.59230"], ["0.25470", "1.84450", "-0.52390"], ["0.90120", "1.24740", "0.56300"], ["0.17010", "0.66860", "1.60170"], ["-1.22290", "0.67140", "1.53960"], ["-1.87900", "1.26340", "0.45510"], ["-3.30350", "1.18550", "0.40420"], ["-3.97250", "-0.24210", "-0.26750"], ["-5.13700", "0.24280", "-0.99190"], ["-2.92790", "-0.94640", "-0.98980"], ["-4.52130", "-1.20920", "1.22380"], ["-3.46990", "-1.59280", "2.00440"], ["-5.19430", "-2.34410", "0.88430"], ["-5.35180", "-0.48110", "2.02490"], ["2.67970", "1.22690", "0.64260"], ["3.02980", "1.63820", "1.99020"], ["3.18650", "1.95330", "-0.50730"], ["3.17420", "-0.46680", "0.43480"], ["3.81930", "-1.14020", "1.47550"], ["4.19070", "-2.47300", "1.30000"], ["3.92140", "-3.12140", "0.09310"], ["3.28450", "-2.44000", "-0.94580"], ["2.91010", "-1.10700", "-0.78010"], ["-2.48880", "3.27930", "-1.46740"], ["-1.09360", "2.90260", "-2.48000"], ["-2.39560", "1.71820", "-2.33340"], ["0.84020", "2.29830", "-1.32250"], ["0.67190", "0.22030", "2.45650"], ["-1.78790", "0.22260", "2.35230"], ["-3.77750", "1.99340", "-0.00520"], ["4.03890", "-0.64050", "2.41640"], ["4.69460", "-3.00740", "2.10210"], ["4.21510", "-4.16010", "-0.04090"], ["3.08510", "-2.94870", "-1.88630"], ["2.42510", "-0.57900", "-1.59780"]], "bond_dist": [[0.0, 1.5035772544169455, 2.5090620099949703, 3.7981685086367616, 4.322870735980894, 3.8276756981228175, 2.545608848586129, 2.939529925005017, 3.7802996402401754, 4.072517031271937, 3.6792359057282535, 5.4667954424873075, 5.795896835693333, 6.4565277549159505, 5.9742804001821, 5.263643135699835, 6.203595339800945, 5.194685739291646, 6.206537081174977, 7.449630874076917, 8.373473480581401, 8.23357703127869, 7.134511877486784, 6.0171748852763125, 1.0946525795886108, 1.0952252462393297, 1.094209385812423, 2.707499543859611, 5.410726717364314, 4.709000029730304, 2.687040649115677, 7.853904757507567, 9.358995175231152, 9.1358468271967, 7.312073233358648, 5.2322992622746645], [1.5035772544169455, 0.0, 1.40408604081089, 2.428581614852587, 2.819609029635137, 2.438031339011047, 1.4064355690894623, 2.4666660860359677, 3.531204792984967, 4.320078199523707, 3.3402157909332746, 4.903989923521459, 4.899054285267719, 6.013393046359101, 5.474177112589618, 4.069947024225254, 4.915937088694281, 4.336221499185668, 5.010953998990611, 6.1562122965342905, 7.126233850358827, 7.1343020828950054, 6.179717334150487, 5.025485759605733, 2.1452518430244965, 2.161138297286872, 2.1462834342183235, 2.1643245366626513, 3.907418310086597, 3.425612038745778, 2.698255920034273, 6.493431645901881, 8.062511103248168, 8.075060830111436, 6.529611940230445, 4.4367464126316705], [2.5090620099949703, 1.40408604081089, 0.0, 1.39851430811415, 2.4306528608585802, 2.7959788303919617, 2.418427981148085, 3.7358316142460173, 4.721107958943536, 5.644014154836962, 4.258535943255617, 5.932091956468645, 5.6639189030211226, 7.015625289309571, 6.583132920578165, 2.760937704838702, 3.7502584590931862, 2.9338650684719636, 3.8450869470013287, 5.060870242359509, 6.120417752081961, 6.20367154997748, 5.264468434704495, 3.9784594820105936, 3.2366086479523597, 2.6007336868660733, 3.2115933786829243, 1.0892688602911587, 3.419775671005337, 3.882692469150757, 4.068151636800182, 5.398218106931211, 7.081632694513322, 7.209249497693917, 5.730799609129603, 3.4259669613117985], [3.7981685086367616, 2.428581614852587, 1.39851430811415, 0.0, 1.3958561315551112, 2.407763354235628, 2.78233902499318, 4.208152936859591, 5.163457387255172, 6.315599291437037, 4.678242521503134, 5.989578152925296, 5.408408750270268, 7.082176656226531, 6.650178408133123, 1.78039845540261, 2.5924047600635203, 2.620387946468996, 2.849815060666218, 3.8792521985557986, 5.020493542471695, 5.3318690428404185, 4.642576341860196, 3.3738399754582313, 4.443336783319491, 3.9973445035423203, 4.4135785752606695, 2.159449480770504, 2.1662998753635194, 3.388667634926742, 4.771750300466277, 4.104195324299271, 5.904408133759048, 6.37084646416785, 5.326888858423836, 3.213575082365433], [4.322870735980894, 2.819609029635137, 2.4306528608585802, 1.3958561315551112, 0.0, 1.394386334557249, 2.422248833212641, 3.7104027840653635, 4.635128681061617, 5.9222780253885405, 4.349908188686285, 5.067363733737691, 4.304148841524884, 6.1941756037425995, 5.656172552176957, 2.74402329800605, 3.0444934718274563, 3.898333496508476, 3.4169292617787685, 4.074842882860639, 5.111349900955715, 5.541861208114112, 5.084548905261902, 4.041451051293334, 4.827512662852373, 4.821614727453864, 4.813469503383189, 3.4140740677378396, 1.087869095985358, 2.143847093428074, 4.463268803242753, 4.1647439705220775, 5.851023535245778, 6.509723761420296, 5.809322532791582, 4.1083245989089034], [3.8276756981228175, 2.438031339011047, 2.7959788303919617, 2.407763354235628, 1.394386334557249, 0.0, 1.3989537018786575, 2.425351176634015, 3.4147317347047927, 4.68106494507393, 3.4528489975670813, 3.809964377786228, 3.2236081771828284, 5.029381303898124, 4.314114920815161, 4.042706520389527, 4.3844269739613635, 5.027511867713491, 4.674459400829148, 5.358151193275532, 6.265119670046215, 6.55297768804381, 6.014538875092587, 5.062154052377308, 4.176804307122851, 4.599147322058732, 4.179849821464881, 3.8852029071851573, 2.1527804950807226, 1.0867970049645885, 3.264976600222427, 5.493304933280147, 6.990477947894551, 7.444005407037262, 6.5879267467087095, 4.9713864182941965], [2.545608848586129, 1.4064355690894623, 2.418427981148085, 2.78233902499318, 2.422248833212641, 1.3989537018786575, 0.0, 1.427536153657763, 2.6779513177053835, 3.7080988875702867, 2.840975758432303, 3.699513446387241, 3.6178960377545404, 4.918280490171337, 4.191406939203112, 4.5627003177942775, 5.156871579746774, 5.202063630906489, 5.341239029476213, 6.268104339431499, 7.177450735463114, 7.280257907519486, 6.506875180914415, 5.484523134238746, 2.8516162259322346, 3.452338600137594, 2.87218572693341, 3.409534925763336, 3.405987430980919, 2.1658558793234604, 2.0854443986834075, 6.518671130683001, 8.010278309771765, 8.17303022507564, 6.918542417301494, 5.112153458181787], [2.939529925005017, 2.4666660860359677, 3.7358316142460173, 4.208152936859591, 3.7104027840653635, 2.425351176634015, 1.427536153657763, 0.0, 1.7137046565846752, 2.489879665767002, 2.5747444475131895, 2.8088020738385966, 3.2104952717610407, 4.03282739650484, 3.098347453078818, 5.988090744135396, 6.544541403337593, 6.598518704224457, 6.685179798629203, 7.569071542798364, 8.387497453352816, 8.416968030710345, 7.6399276338195765, 6.7280716182276175, 2.924144505663152, 4.018793358708556, 2.9330028059993394, 4.624939612578742, 4.576827666626744, 2.6493986827202884, 1.0222459439880403, 7.829052471404187, 9.18873649801756, 9.235956871380463, 7.9468364680544425, 6.319677381797271], [3.7802996402401754, 3.531204792984967, 4.721107958943536, 5.163457387255172, 4.635128681061617, 3.4147317347047927, 2.6779513177053835, 1.7137046565846752, 0.0, 1.4546283442859205, 1.4522206925946206, 1.8602256691057675, 2.690451051403835, 2.6903238615452976, 2.68601698617116, 6.87299118652134, 7.593743653166072, 7.49190003937586, 7.1846389102027945, 8.034723383539722, 8.606497853366374, 8.410354217272896, 7.612811852397247, 6.955644724250945, 4.005169616882662, 4.803369603726118, 3.2553544369238816, 5.543350832303509, 5.40411335188299, 3.4426407436733797, 2.2592668146989636, 8.45840243367505, 9.401090929248586, 9.079585085233795, 7.730195001421375, 6.54312505306142], [4.072517031271937, 4.320078199523707, 5.644014154836962, 6.315599291437037, 5.9222780253885405, 4.68106494507393, 3.7080988875702867, 2.489879665767002, 1.4546283442859205, 0.0, 2.5088491106481468, 2.719690603726828, 3.889275441518638, 3.1961635346145854, 3.109863741388037, 8.046169396054248, 8.805491684738563, 8.511245482301634, 8.46256760622921, 9.392340573573767, 9.981701385034517, 9.723665831362162, 8.83861998843711, 8.16226915079379, 4.057018084751411, 5.063404112847404, 3.3899412045048805, 6.329399375138213, 6.755389553534274, 4.732922193529067, 2.4261940359336474, 9.828217976316967, 10.807265824434968, 10.380351815810483, 8.865018444425255, 7.630715986065789], [3.6792359057282535, 3.3402157909332746, 4.258535943255617, 4.678242521503134, 4.349908188686285, 3.4528489975670813, 2.840975758432303, 2.5747444475131895, 1.4522206925946206, 2.5088491106481468, 0.0, 2.7400752471419465, 3.1107604536511646, 3.256130381296179, 3.896179075709945, 6.2316242192545594, 7.145260418627162, 6.784316745258876, 6.284514756924356, 7.186095627668755, 7.632048058024792, 7.267476033672213, 6.3895767246352095, 5.843972146579755, 4.275213568934305, 4.51665291227918, 3.0312864282347194, 4.983707955930002, 5.118274379124276, 3.7196496353823436, 3.2146043862347975, 7.760932643052638, 8.479980711062968, 7.889913047683098, 6.400709846571706, 5.3999310884491845], [5.4667954424873075, 4.903989923521459, 5.932091956468645, 5.989578152925296, 5.067363733737691, 3.809964377786228, 3.699513446387241, 2.8088020738385966, 1.8602256691057675, 2.719690603726828, 2.7400752471419465, 0.0, 1.3645245618895983, 1.3624196343271042, 1.3644123533594967, 7.624091922976795, 8.10642750723153, 8.509306334831296, 7.771383339534861, 8.344682273759739, 8.803518664715831, 8.730073001985723, 8.194665730827586, 7.6975168729922245, 5.614289442128897, 6.509543837320708, 5.073651849506428, 6.894336965220079, 5.5256081819108385, 3.2855804738280265, 3.5100322220743223, 8.661566745687526, 9.4306811493126, 9.307629228756374, 8.39975614050789, 7.524031602804444], [5.795896835693333, 4.899054285267719, 5.6639189030211226, 5.408408750270268, 4.304148841524884, 3.2236081771828284, 3.6178960377545404, 3.2104952717610407, 2.690451051403835, 3.889275441518638, 3.1107604536511646, 1.3645245618895983, 0.0, 2.1892078613050887, 2.185828161132526, 6.900926567498019, 7.258489011495437, 7.949284436979218, 6.919218523070362, 7.3223642773355655, 7.743108145957926, 7.785948968494464, 7.41912038182425, 6.978097297258042, 6.062450895471237, 6.779768890603868, 5.561775825219855, 6.6922257007665245, 4.5438126347815, 2.499166975213941, 4.122370720835281, 7.580151497826412, 8.286718210485983, 8.356644444991062, 7.742353408363635, 6.98245374349161], [6.4565277549159505, 6.013393046359101, 7.015625289309571, 7.082176656226531, 6.1941756037425995, 5.029381303898124, 4.918280490171337, 4.03282739650484, 2.6903238615452976, 3.1961635346145854, 3.256130381296179, 1.3624196343271042, 2.1892078613050887, 0.0, 2.1901012784800615, 8.649296843674636, 9.204213649736733, 9.520609537209264, 8.5882534772793, 9.112841357666664, 9.395086306149613, 9.182928684248834, 8.674590034116886, 8.365521091360657, 6.6687967955246625, 7.460704783731897, 5.88970256209938, 7.926981408455554, 6.592439809357382, 4.510713230743006, 4.648918018205957, 9.513231081499072, 9.985657061005048, 9.627598838755175, 8.751584421120556, 8.20558680290447], [5.9742804001821, 5.474177112589618, 6.583132920578165, 6.650178408133123, 5.656172552176957, 4.314114920815161, 4.191406939203112, 3.098347453078818, 2.68601698617116, 3.109863741388037, 3.896179075709945, 1.3644123533594967, 2.185828161132526, 2.1901012784800615, 0.0, 8.326644554681074, 8.645452859162438, 9.232600234495155, 8.673021301714876, 9.211152391530605, 9.775093445589151, 9.83337549216951, 9.340665147086689, 8.74750063846811, 5.876524181010404, 7.062281284400956, 5.707084879340766, 7.567761566011445, 6.079737018161229, 3.6474330233741097, 3.5669141775489916, 9.400208885976948, 10.35945483555964, 10.456010054031127, 9.621217012935526, 8.579843431555148], [5.263643135699835, 4.069947024225254, 2.760937704838702, 1.78039845540261, 2.74402329800605, 4.042706520389527, 4.5627003177942775, 5.988090744135396, 6.87299118652134, 8.046169396054248, 6.2316242192545594, 7.624091922976795, 6.900926567498019, 8.649296843674636, 8.326644554681074, 0.0, 1.4518138517041363, 1.4514727727380903, 1.7766065349423885, 2.756006708990383, 4.050253790813607, 4.555379460593816, 4.0416522871221865, 2.743036394217182, 5.94792720281612, 5.176523364189521, 5.903949676276043, 2.8971151547703453, 2.8869945635556715, 4.887856620237546, 6.5347225595276806, 2.9122111599264224, 4.91113619745981, 5.643083767763864, 4.898501784219334, 2.88885585137092], [6.203595339800945, 4.915937088694281, 3.7502584590931862, 2.5924047600635203, 3.0444934718274563, 4.3844269739613635, 5.156871579746774, 6.544541403337593, 7.593743653166072, 8.805491684738563, 7.145260418627162, 8.10642750723153, 7.258489011495437, 9.204213649736733, 8.645452859162438, 1.4518138517041363, 0.0, 2.522171514786415, 2.6212869968776786, 2.9338938119843405, 4.32735835007918, 5.2007433247565675, 5.031568674876653, 3.9019242970616435, 6.715888096893813, 6.2115877970129345, 6.937930679965028, 4.025426866805557, 2.790621527545432, 5.034408908700207, 7.10261370834709, 2.528320181464365, 4.936160452213846, 6.257042926974371, 6.005827332682817, 4.260913274170222], [5.194685739291646, 4.336221499185668, 2.9338650684719636, 2.620387946468996, 3.898333496508476, 5.027511867713491, 5.202063630906489, 6.598518704224457, 7.49190003937586, 8.511245482301634, 6.784316745258876, 8.509306334831296, 7.949284436979218, 9.520609537209264, 9.232600234495155, 1.4514727727380903, 2.522171514786415, 0.0, 2.5970344067801645, 3.7284948612006965, 4.885374358224761, 5.162667746427228, 4.416216835709044, 3.0848424416815847, 5.9066994252289495, 4.807491215800607, 5.877903846610627, 2.5077280015982595, 4.255656541592613, 5.993103537400301, 6.982192235967154, 4.000300724945563, 5.8044705581129445, 6.216848597159176, 5.093282532905475, 2.8603257681599836], [6.206537081174977, 5.010953998990611, 3.8450869470013287, 2.849815060666218, 3.4169292617787685, 4.674459400829148, 5.341239029476213, 6.685179798629203, 7.1846389102027945, 8.46256760622921, 6.284514756924356, 7.771383339534861, 6.919218523070362, 8.5882534772793, 8.673021301714876, 1.7766065349423885, 2.6212869968776786, 2.5970344067801645, 0.0, 1.3973825746730923, 2.4097057351469284, 2.778842904879655, 2.410755211546788, 1.3984229903716545, 7.051326049049214, 6.169524474382122, 6.592406865477888, 4.022615728602473, 3.289510995573658, 5.3641881976679375, 7.3873078269420995, 2.1690127569933746, 3.397963185498042, 3.866552494147726, 3.3993045803516933, 2.1691478534207853], [7.449630874076917, 6.1562122965342905, 5.060870242359509, 3.8792521985557986, 4.074842882860639, 5.358151193275532, 6.268104339431499, 7.569071542798364, 8.034723383539722, 9.392340573573767, 7.186095627668755, 8.344682273759739, 7.3223642773355655, 9.112841357666664, 9.211152391530605, 2.756006708990383, 2.9338938119843405, 3.7284948612006965, 1.3973825746730923, 0.0, 1.394666286249151, 2.4179759324691386, 2.799675833020673, 2.4321756186591466, 8.245287518940742, 7.491782064368931, 7.829632927538813, 5.341078829225422, 3.5664335140305083, 5.836668049495364, 8.350047406452253, 1.087757813118343, 2.155275734099932, 3.4023407545394386, 3.887341138876289, 3.4210980649493226], [8.373473480581401, 7.126233850358827, 6.120417752081961, 5.020493542471695, 5.111349900955715, 6.265119670046215, 7.177450735463114, 8.387497453352816, 8.606497853366374, 9.981701385034517, 7.632048058024792, 8.803518664715831, 7.743108145957926, 9.395086306149613, 9.775093445589151, 4.050253790813607, 4.32735835007918, 4.885374358224761, 2.4097057351469284, 1.394666286249151, 0.0, 1.3962638217758132, 2.4219630633021634, 2.79869762032271, 9.239219572020138, 8.43263315044595, 8.610871076145548, 6.392860094668113, 4.5796627146548685, 6.64208194845562, 9.227377050928395, 2.1511504945028834, 1.087595044122582, 2.1552063891887476, 3.406046027287359, 3.886106560556465], [8.23357703127869, 7.1343020828950054, 6.20367154997748, 5.3318690428404185, 5.541861208114112, 6.55297768804381, 7.280257907519486, 8.416968030710345, 8.410354217272896, 9.723665831362162, 7.267476033672213, 8.730073001985723, 7.785948968494464, 9.182928684248834, 9.83337549216951, 4.555379460593816, 5.2007433247565675, 5.162667746427228, 2.778842904879655, 2.4179759324691386, 1.3962638217758132, 0.0, 1.396159296069041, 2.417232568455092, 9.19210448047671, 8.249826944245559, 8.31950235350649, 6.393032526899891, 5.226075841393809, 6.99159689412941, 9.243587135955392, 3.4009401567801802, 2.155670485023163, 1.087710154406954, 2.155747513045069, 3.4002726743601017], [7.134511877486784, 6.179717334150487, 5.264468434704495, 4.642576341860196, 5.084548905261902, 6.014538875092587, 6.506875180914415, 7.6399276338195765, 7.612811852397247, 8.83861998843711, 6.3895767246352095, 8.194665730827586, 7.41912038182425, 8.674590034116886, 9.340665147086689, 4.0416522871221865, 5.031568674876653, 4.416216835709044, 2.410755211546788, 2.799675833020673, 2.4219630633021634, 1.396159296069041, 0.0, 1.3944607739194388, 8.143307186886664, 7.075655730036616, 7.174928362708577, 5.344903392017484, 5.04762519805106, 6.610305902906461, 8.391162489190636, 3.8873780945516474, 3.4058800889050693, 2.154902406142793, 1.0876931092914033, 2.151044713621732], [6.0171748852763125, 5.025485759605733, 3.9784594820105936, 3.3738399754582313, 4.041451051293334, 5.062154052377308, 5.484523134238746, 6.7280716182276175, 6.955644724250945, 8.16226915079379, 5.843972146579755, 7.6975168729922245, 6.978097297258042, 8.365521091360657, 8.74750063846811, 2.743036394217182, 3.9019242970616435, 3.0848424416815847, 1.3984229903716545, 2.4321756186591466, 2.79869762032271, 2.417232568455092, 1.3944607739194388, 0.0, 6.990002159513256, 5.915755730251208, 6.208457813338188, 4.02178466106777, 4.1529319871628045, 5.800945605674992, 7.411946028540683, 3.421903555040674, 3.8862626326587866, 3.401596867649075, 2.155495843187827, 1.0874935815902547], [1.0946525795886108, 2.1452518430244965, 3.2366086479523597, 4.443336783319491, 4.827512662852373, 4.176804307122851, 2.8516162259322346, 2.924144505663152, 4.005169616882662, 4.057018084751411, 4.275213568934305, 5.614289442128897, 6.062450895471237, 6.6687967955246625, 5.876524181010404, 5.94792720281612, 6.715888096893813, 5.9066994252289495, 7.051326049049214, 8.245287518940742, 9.239219572020138, 9.19210448047671, 8.143307186886664, 6.990002159513256, 0.0, 1.7646089340134261, 1.7876452248698567, 3.4735569680084417, 5.894446258979719, 4.942143643197757, 2.3350193446736154, 8.547490963434825, 10.19142594046584, 10.11542632912721, 8.368501802592863, 6.248991619453494], [1.0952252462393297, 2.161138297286872, 2.6007336868660733, 3.9973445035423203, 4.821614727453864, 4.599147322058732, 3.452338600137594, 4.018793358708556, 4.803369603726118, 5.063404112847404, 4.51665291227918, 6.509543837320708, 6.779768890603868, 7.460704783731897, 7.062281284400956, 5.176523364189521, 6.2115877970129345, 4.807491215800607, 6.169524474382122, 7.491782064368931, 8.43263315044595, 8.249826944245559, 7.075655730036616, 5.915755730251208, 1.7646089340134261, 0.0, 1.766210327226064, 2.3333596336613005, 5.889036915319856, 5.569162933511643, 3.7622598116025956, 7.929113873567462, 9.456584988778983, 9.165873433012262, 7.214688147799599, 5.028027952388491], [1.094209385812423, 2.1462834342183235, 3.2115933786829243, 4.4135785752606695, 4.813469503383189, 4.179849821464881, 2.87218572693341, 2.9330028059993394, 3.2553544369238816, 3.3899412045048805, 3.0312864282347194, 5.073651849506428, 5.561775825219855, 5.88970256209938, 5.707084879340766, 5.903949676276043, 6.937930679965028, 5.877903846610627, 6.592406865477888, 7.829632927538813, 8.610871076145548, 8.31950235350649, 7.174928362708577, 6.208457813338188, 1.7876452248698567, 1.766210327226064, 0.0, 3.43930755530819, 5.881870677769106, 4.955996684825365, 2.721377939573995, 8.338276559337666, 9.606034127047435, 9.138452912282252, 7.212345423646874, 5.390490115935656], [2.707499543859611, 2.1643245366626513, 1.0892688602911587, 2.159449480770504, 3.4140740677378396, 3.8852029071851573, 3.409534925763336, 4.624939612578742, 5.543350832303509, 6.329399375138213, 4.983707955930002, 6.894336965220079, 6.6922257007665245, 7.926981408455554, 7.567761566011445, 2.8971151547703453, 4.025426866805557, 2.5077280015982595, 4.022615728602473, 5.341078829225422, 6.392860094668113, 6.393032526899891, 5.344903392017484, 4.02178466106777, 3.4735569680084417, 2.3333596336613005, 3.43930755530819, 0