{"total energy": -55.8997425, "HOMO-LUMO gap/eV": 3.65516477, "electronic energy": -56.52545062, "dipole": [-0.01265659, 0.04892615, -0.53829665], "partial charges": [-0.10253485, -0.05211899, -0.05936336, 0.00588307, -0.12069185, 0.23021029, -0.42847679, -0.12208559, 0.00664212, -0.0584269, -0.05319936, -0.10317446, -0.11792705, 0.00529432, -0.05972952, -0.05184308, -0.10115378, 0.03772781, 0.038785, 0.03793585, 0.03509006, 0.03458899, 0.04909555, 0.04851398, 0.05125501, 0.06056933, 0.06163777, 0.055441, 0.04549535, 0.04866299, 0.03962543, 0.03576107, 0.034872, 0.03737657, 0.0384844, 0.05613395, 0.05822711, 0.04261075, 0.06057662, 0.02930877, 0.03355641, 0.03558335, 0.03950529, 0.03627533], "atomic dipole moments": [[0.08506115, -0.07288864, -0.00502302], [-0.09688626, -0.03627319, 0.06440702], [0.12131113, -0.00493363, -0.05647549], [-0.09712444, -0.09004857, 0.10007313], [0.46254533, 0.10597263, -0.26291069], [-0.06878024, 0.00997649, 0.26082075], [-0.02679987, 0.00233209, 0.10085009], [-0.17894934, 0.26431544, -0.42568328], [0.08387099, -0.01222831, 0.14862726], [-0.02020168, 0.08594555, -0.10089802], [-0.02103043, 0.09470534, 0.07332154], [0.09952326, -0.04447726, 0.01089052], [0.01313456, -0.38080779, -0.39369178], [-0.11233967, 0.10938306, 0.00037685], [0.02810246, -0.10694742, 0.0784589], [-0.05223115, 0.09777462, -0.03749873], [-0.04465914, -0.05163634, 0.08747962], [-0.10575162, -0.04814185, -0.05021547], [0.02837482, 0.10424765, -0.06461103], [-0.02498996, 0.03482621, 0.11919248], [0.02318684, -0.02373915, -0.11956865], [0.10132407, 0.05645365, 0.04413608], [-0.0256104, 0.02910567, 0.12087136], [-0.10553795, -0.05264546, -0.0467081], [0.10625459, 0.04931845, 0.05102337], [0.02396704, -0.03584588, -0.12026858], [0.06306625, 0.00763531, -0.11125098], [-0.10104711, 0.07878334, -0.00231735], [0.10077998, -0.07230098, 0.01356831], [-0.05973259, -0.00621912, 0.11197861], [-0.01727906, -0.11844756, 0.02740285], [0.0579025, -0.00178961, -0.11041345], [0.00727604, 0.11766759, -0.04671792], [-0.06857772, -0.06597525, -0.08167143], [-0.06485961, 0.00329405, 0.10904793], [-0.03088786, -0.12367977, -0.02882045], [0.08365305, -0.00539642, 0.09525504], [0.02965663, 0.11867695, 0.03126624], [-0.08374897, 0.01043953, -0.09780399], [0.08495378, -0.00819246, 0.08849], [-0.02549622, -0.11658602, -0.0343692], [0.03531358, 0.11752099, 0.0294824], [-0.07987668, 0.00595736, -0.0985455], [0.10233275, -0.06165731, -0.03813797]], "atomic quadrupole moments": [[0.08839128, -0.18019218, 0.03784844, -0.01740776, 0.00221653, -0.12623972], [-0.00801923, -0.10225305, 0.15028139, -0.0608151, -0.14260146, -0.14226216], [0.01060925, -0.13005844, 0.15058392, -0.06634796, -0.13908773, -0.16119316], [-0.09391251, -0.01716973, 0.24648372, -0.10702141, -0.2815408, -0.15257121], [0.18281962, -0.26575572, 0.19430153, -0.21783376, -0.30305406, -0.37712115], [0.53449118, 0.02296759, 0.64829947, 0.46804207, -0.03749372, -1.18279065], [-0.02673012, -0.00035758, -0.03561675, -0.02573643, 0.00272321, 0.06234687], [-0.29862866, 0.28171926, 0.35678142, 0.33156449, -0.13171239, -0.05815276], [-0.06053553, 0.20765446, 0.01602281, 0.29179072, 0.08131566, 0.04451272], [-0.10531969, 0.15447086, 0.14540212, 0.12177543, 0.01163365, -0.04008243], [0.13665031, -0.04704888, -0.09224186, 0.16666695, 0.09371832, -0.04440845], [0.16694014, -0.13452093, -0.04810401, 0.03899767, -0.00472009, -0.11883613], [0.40147013, 0.00759671, -0.2118296, 0.12556968, 0.38357336, -0.18964053], [0.161717, -0.21382768, -0.09014559, -0.25484444, -0.00238595, -0.07157141], [0.06063478, -0.0774575, -0.07046958, -0.22738199, -0.0981014, 0.0098348], [0.05836023, -0.07820859, -0.06806263, -0.19471943, -0.08131158, 0.0097024], [-0.05557131, 0.06226441, -0.04010699, -0.12555812, -0.13479119, 0.0956783], [0.03699979, 0.03797352, -0.00795997, 0.03764501, 0.03091625, -0.02903982], [-0.02300228, 0.02035325, 0.03836177, -0.02479157, -0.0549759, -0.01535949], [-0.03304456, -0.01404025, -0.04078254, -0.01123084, 0.02256366, 0.0738271], [-0.03517219, -0.00986137, -0.01310776, -0.00651643, 0.02134875, 0.04827995], [0.02126954, 0.02280655, -0.00564414, 0.03747992, 0.01322796, -0.01562539], [-0.03399077, -0.00821682, -0.01260782, -0.00403801, 0.01665445, 0.04659858], [0.01690258, 0.02359152, -0.00202485, 0.0341141, 0.01330634, -0.01487774], [0.00797066, 0.02874002, 0.00690291, 0.02912674, -0.00103215, -0.01487358], [-0.04023848, -0.00040819, -0.00176412, -0.00853877, 0.00212654, 0.0420026], [-0.00488612, 0.01212496, -0.02960715, -0.01967575, 0.0162325, 0.03449328], [0.03439528, -0.02198153, -0.00787205, 0.01512294, 0.01452631, -0.02652324], [0.03935991, -0.02576191, 0.00339468, 0.00857459, 0.0075173, -0.04275459], [-0.00549978, 0.00775419, -0.01709385, -0.04160195, 0.01317552, 0.02259363], [-0.01225674, 0.01526174, 0.04112132, 0.01195932, -0.03281026, -0.02886458], [0.00535909, 0.00326457, -0.04238132, -0.02991241, -0.0155726, 0.03702223], [-0.02243183, 0.01959168, 0.06202045, -0.01087757, -0.0381761, -0.03958862], [-0.00535447, 0.02472563, 0.00193512, 0.04503363, 0.05084408, 0.00341935], [-0.01673813, -0.00979672, -0.04527578, -0.04297511, -0.00579456, 0.06201391], [-0.0087495, 0.01496982, 0.02877797, -0.01152955, 0.02968038, -0.02002847], [0.02625091, 0.00395781, -0.04823134, 0.02947098, 0.00196699, 0.02198043], [-0.01672978, 0.02409998, 0.03287124, -0.00210457, 0.02832367, -0.01614146], [0.01930602, 0.00413434, -0.03676075, 0.02828421, 0.00648878, 0.01745473], [0.01291868, 0.00343574, -0.03911792, 0.03661054, 0.00373991, 0.02619924], [-0.01698674, 0.02779211, 0.03613052, -0.00089284, 0.02631641, -0.01914377], [-0.0443973, 0.02956403, 0.06069415, 0.00416142, 0.03403988, -0.01629685], [0.02218029, 0.00817144, -0.04340001, 0.05764254, -0.0088511, 0.02121972], [0.03518535, -0.05509618, -0.00457253, -0.03250413, 0.006102, -0.03061282]], "number of molecular orbitals": 115, "number of electrons": 104, "number of unpaired electrons": 0, "orbital energies/eV": [-19.83930673, -19.82799419, -19.81117113, -18.67959358, -17.43095958, -17.40789795, -17.32817037, -16.87947238, -16.77073691, -16.72216966, -16.47365786, -16.09380516, -15.93366447, -15.85062524, -15.50746643, -15.39312608, -15.38465129, -14.60289501, -14.57193379, -14.43236007, -14.29526237, -14.13810143, -14.06868705, -13.93845981, -13.81466797, -13.80613973, -13.69650862, -13.66930129, -13.49379493, -13.38932066, -13.35529164, -13.23641976, -12.95858159, -12.82547511, -12.74072137, -12.66022354, -12.53632988, -12.4278815, -12.39070547, -12.35894253, -12.10351482, -12.09208535, -12.07154003, -11.97135681, -11.92494489, -11.86171658, -11.74704183, -11.43266394, -11.37343051, -10.6013857, -10.56612984, -10.55176944, -6.89660467, -6.07270558, -6.06002224, -5.46577202, -4.32851854, -4.28619264, -2.27971562, -0.91981905, -0.86438399, -0.7007362, -0.63924755, -0.45551495, -0.33140723, -0.07411669, -0.05145753, 2.03072381, 2.1555544, 2.27087016, 2.36634863, 2.59651497, 2.73300898, 2.78401083, 2.86114646, 2.94295491, 3.08698777, 3.22512163, 3.50140133, 3.52844632, 3.66582777, 3.77173189, 3.82230922, 3.87878965, 3.93073584, 4.17032519, 4.46498097, 4.58622003, 4.64646912, 4.90022452, 4.97145973, 5.24888048, 5.34312598, 5.48416686, 5.64265004, 6.05714449, 6.08106669, 6.21383843, 6.6763509, 6.77542804, 6.78011789, 6.88538968, 6.89989141, 7.4262935, 7.64853022, 7.90646453, 8.03389671, 8.37488502, 8.60610931, 11.61913049, 11.80239314, 12.23117472, 25.36678375, 25.98971917, 31.88958331], "fractional occupation": [2.0, 2.0, 2.0, 2.0, 2.0, 2.0, 2.0, 2.0, 2.0, 2.0, 2.0, 2.0, 2.0, 2.0, 2.0, 2.0, 2.0, 2.0, 2.0, 2.0, 2.0, 2.0, 2.0, 2.0, 2.0, 2.0, 2.0, 2.0, 2.0, 2.0, 2.0, 2.0, 2.0, 2.0, 2.0, 2.0, 2.0, 2.0, 2.0, 2.0, 2.0, 2.0, 2.0, 2.0, 2.0, 2.0, 2.0, 2.0, 2.0, 2.0, 2.0, 2.0, 0.0, 0.0, 0.0, 0.0, 0.0, 0.0, 0.0, 0.0, 0.0, 0.0, 0.0, 0.0, 0.0, 0.0, 0.0, 0.0, 0.0, 0.0, 0.0, 0.0, 0.0, 0.0, 0.0, 0.0, 0.0, 0.0, 0.0, 0.0, 0.0, 0.0, 0.0, 0.0, 0.0, 0.0, 0.0, 0.0, 0.0, 0.0, 0.0, 0.0, 0.0, 0.0, 0.0, 0.0, 0.0, 0.0, 0.0, 0.0, 0.0, 0.0, 0.0, 0.0, 0.0, 0.0, 0.0, 0.0, 0.0, 0.0, 0.0, 0.0, 0.0, 0.0, 0.0], "program call": "xtb /home/svss/Project-DBcg-Debug/aqme2_20220329/End-to-End-workflows-final/example-3/QDESCP/mol_760_rdkit_conf_25/mol_760_rdkit_conf_25.xyz --pop --wbo --acc 0.2 --gfn 2 --chrg 0 --uhf 0 --etemp 300 --input /home/svss/Project-DBcg-Debug/aqme2_20220329/End-to-End-workflows-final/example-3/QDESCP/mol_760_rdkit_conf_25/mol_760_rdkit_conf_25_xtb.inp", "method": "GFN2-xTB", "xtb version": "6.3.3 (7355c4f)", "Dipole module/D": 1.374, "Total charge": 0, "Transition dipole module/D": NaN, "HOMO": -10.5518, "LUMO": -6.8966, "HOMO occupancy": 2.0, "LUMO occupancy": 0, "mulliken charges": [-0.08278, -0.03852, -0.04825, 0.03317, -0.08583, 0.32585, -0.48139, -0.0859, 0.03239, -0.04865, -0.03886, -0.0865, -0.08483, 0.03652, -0.05174, -0.03929, -0.0822, 0.02873, 0.0309, 0.02812, 0.02609, 0.02418, 0.0276, 0.02992, 0.0322, 0.04642, 0.04675, 0.0331, 0.03066, 0.0277, 0.02719, 0.02654, 0.02915, 0.03106, 0.02812, 0.0414, 0.02959, 0.02345, 0.04854, 0.01874, 0.02504, 0.02624, 0.03153, 0.02786], "cm5 charges": [-0.23311, -0.15095, -0.15586, -0.05664, -0.08896, 0.25943, -0.50007, -0.08913, -0.05759, -0.15613, -0.15119, -0.23693, -0.08791, -0.05332, -0.15915, -0.15173, -0.23255, 0.08002, 0.08167, 0.0794, 0.08081, 0.0789, 0.08339, 0.08571, 0.09019, 0.10504, 0.10547, 0.09177, 0.08606, 0.08331, 0.08139, 0.08115, 0.08092, 0.08184, 0.07954, 0.10029, 0.08602, 0.07931, 0.10731, 0.07346, 0.0798, 0.07753, 0.08284, 0.07864], "FUKUI+": [0.007, 0.003, 0.002, 0.029, -0.198, -0.144, -0.013, -0.195, 0.028, 0.002, 0.005, 0.008, -0.199, 0.029, 0.009, 0.003, 0.008, -0.009, -0.017, -0.008, -0.01, -0.008, -0.01, -0.011, -0.024, -0.029, -0.029, -0.023, -0.01, -0.01, -0.02, -0.011, 0.002, -0.018, -0.007, -0.025, -0.035, -0.014, -0.006, -0.012, -0.007, -0.009, -0.006, -0.017], "FUKUI-": [0.008, 0.003, 0.006, 0.023, -0.147, -0.055, -0.015, -0.157, 0.023, 0.006, 0.005, 0.008, -0.152, 0.022, 0.003, 0.002, 0.008, -0.022, -0.023, -0.022, -0.022, -0.021, -0.017, -0.018, -0.024, -0.03, -0.032, -0.027, -0.017, -0.016, -0.032, -0.017, -0.013, -0.023, -0.015, -0.019, -0.033, -0.019, -0.012, -0.025, -0.021, -0.023, -0.018, -0.033], "FUKUIrad": [0.008, 0.003, 0.004, 0.026, -0.173, -0.1, -0.014, -0.176, 0.025, 0.004, 0.005, 0.008, -0.176, 0.025, 0.006, 0.003, 0.008, -0.015, -0.02, -0.015, -0.016, -0.014, -0.013, -0.014, -0.024, -0.029, -0.03, -0.025, -0.014, -0.013, -0.026, -0.014, -0.005, -0.021, -0.011, -0.022, -0.034, -0.017, -0.009, -0.018, -0.014, -0.016, -0.012, -0.025], "s proportion": [1.008, 1.028, 1.034, 1.039, 1.911, 1.554, 1.691, 1.911, 1.039, 1.034, 1.028, 1.008, 1.91, 1.039, 1.037, 1.028, 1.007, 0.971, 0.969, 0.972, 0.974, 0.976, 0.972, 0.97, 0.968, 0.954, 0.953, 0.967, 0.969, 0.972, 0.973, 0.973, 0.971, 0.969, 0.972, 0.959, 0.97, 0.977, 0.951, 0.981, 0.975, 0.974, 0.968, 0.972], "p proportion": [3.075, 3.01, 3.014, 2.927, 4.181, 2.125, 4.79, 4.181, 2.929, 3.015, 3.011, 3.079, 4.18, 2.924, 3.015, 3.012, 3.075, 0.0, 0.0, 0.0, 0.0, 0.0, 0.0, 0.0, 0.0, 0.0, 0.0, 0.0, 0.0, 0.0, 0.0, 0.0, 0.0, 0.0, 0.0, 0.0, 0.0, 0.0, 0.0, 0.0, 0.0, 0.0, 0.0, 0.0], "d proportion": [0.0, 0.0, 0.0, 0.0, -0.006, 0.995, 0.0, -0.006, 0.0, 0.0, 0.0, 0.0, -0.006, 0.0, 0.0, 0.0, 0.0, 0.0, 0.0, 0.0, 0.0, 0.0, 0.0, 0.0, 0.0, 0.0, 0.0, 0.0, 0.0, 0.0, 0.0, 0.0, 0.0, 0.0, 0.0, 0.0, 0.0, 0.0, 0.0, 0.0, 0.0, 0.0, 0.0, 0.0], "Fermi-level/eV": -8.7242, "Coordination numbers": [3.75, 3.801, 3.84, 3.8, 1.939, 3.586, 0.808, 1.938, 3.799, 3.839, 3.799, 3.749, 1.935, 3.799, 3.836, 3.801, 3.75, 0.924, 0.924, 0.924, 0.924, 0.924, 0.924, 0.924, 0.924, 0.924, 0.924, 0.924, 0.924, 0.924, 0.924, 0.924, 0.924, 0.924, 0.924, 0.924, 0.924, 0.924, 0.924, 0.924, 0.924, 0.924, 0.924, 0.924], "Dispersion coefficient C6": [22.522, 21.51, 21.612, 20.481, 146.111, 150.409, 22.281, 146.171, 20.469, 21.596, 21.531, 22.536, 145.992, 20.492, 21.621, 21.505, 22.495, 2.479, 2.465, 2.477, 2.515, 2.522, 2.331, 2.339, 2.304, 2.192, 2.18, 2.253, 2.377, 2.337, 2.454, 2.506, 2.518, 2.484, 2.469, 2.245, 2.22, 2.415, 2.192, 2.596, 2.537, 2.509, 2.456, 2.499], "Total dispersion C6": 22571.885581, "Total dispersion C8": 652993.69363, "Polarizability alpha": [6.768, 6.603, 6.613, 6.443, 20.345, 22.031, 6.327, 20.349, 6.442, 6.611, 6.607, 6.771, 20.336, 6.445, 6.615, 6.602, 6.764, 2.462, 2.455, 2.461, 2.48, 2.484, 2.388, 2.392, 2.374, 2.316, 2.309, 2.347, 2.411, 2.391, 2.45, 2.476, 2.482, 2.465, 2.457, 2.343, 2.33, 2.43, 2.316, 2.52, 2.491, 2.477, 2.451, 2.472], "Total polarizability alpha": 234.101785, "Wiberg matrix": [[0.0, 1.019127193824385, 0.0, 0.0, 0.0, 0.0, 0.0, 0.0, 0.0, 0.0, 0.0, 0.0, 0.0, 0.0, 0.0, 0.0, 0.0, 0.987282427425487, 0.9862463805780667, 0.9872586863554476, 0.0, 0.0, 0.0, 0.0, 0.0, 0.0, 0.0, 0.0, 0.0, 0.0, 0.0, 0.0, 0.0, 0.0, 0.0, 0.0, 0.0, 0.0, 0.0, 0.0, 0.0, 0.0, 0.0, 0.0], [1.019127193824385, 0.0, 0.9998871629953419, 0.0, 0.0, 0.0, 0.0, 0.0, 0.0, 0.0, 0.0, 0.0, 0.0, 0.0, 0.0, 0.0, 0.0, 0.0, 0.0, 0.0, 0.9775325906952457, 0.9775306272050261, 0.0, 0.0, 0.0, 0.0, 0.0, 0.0, 0.0, 0.0, 0.0, 0.0, 0.0, 0.0, 0.0, 0.0, 0.0, 0.0, 0.0, 0.0, 0.0, 0.0, 0.0, 0.0], [0.0, 0.9998871629953419, 0.0, 1.006781301035415, 0.0, 0.0, 0.0, 0.0, 0.0, 0.0, 0.0, 0.0, 0.0, 0.0, 0.0, 0.0, 0.0, 0.0, 0.0, 0.0, 0.0, 0.0, 0.975386825556337, 0.9753057287675284, 0.0, 0.0, 0.0, 0.0, 0.0, 0.0, 0.0, 0.0, 0.0, 0.0, 0.0, 0.0, 0.0, 0.0, 0.0, 0.0, 0.0, 0.0, 0.0, 0.0], [0.0, 0.0, 1.006781301035415, 0.0, 0.9542166523416258, 0.0, 0.0, 0.0, 0.0, 0.0, 0.0, 0.0, 0.0, 0.0, 0.0, 0.0, 0.0, 0.0, 0.0, 0.0, 0.0, 0.0, 0.0, 0.0, 0.9729073411739405, 0.9726109897840616, 0.0, 0.0, 0.0, 0.0, 0.0, 0.0, 0.0, 0.0, 0.0, 0.0, 0.0, 0.0, 0.0, 0.0, 0.0, 0.0, 0.0, 0.0], [0.0, 0.0, 0.0, 0.9542166523416258, 0.0, 1.0381856250145647, 0.0, 0.0, 0.0, 0.0, 0.0, 0.0, 0.0, 0.0, 0.0, 0.0, 0.0, 0.0, 0.0, 0.0, 0.0, 0.0, 0.0, 0.0, 0.0, 0.0, 0.0, 0.0, 0.0, 0.0, 0.0, 0.0, 0.0, 0.0, 0.0, 0.0, 0.0, 0.0, 0.0, 0.0, 0.0, 0.0, 0.0, 0.0], [0.0, 0.0, 0.0, 0.0, 1.0381856250145647, 0.0, 1.929197285175433, 1.0394691495538395, 0.0, 0.0, 0.0, 0.0, 1.0382424386017655, 0.0, 0.0, 0.0, 0.0, 0.0, 0.0, 0.0, 0.0, 0.0, 0.0, 0.0, 0.0, 0.0, 0.0, 0.0, 0.0, 0.0, 0.0, 0.0, 0.0, 0.0, 0.0, 0.0, 0.0, 0.0, 0.0, 0.0, 0.0, 0.0, 0.0, 0.0], [0.0, 0.0, 0.0, 0.0, 0.0, 1.929197285175433, 0.0, 0.0, 0.0, 0.0, 0.0, 0.0, 0.0, 0.0, 0.0, 0.0, 0.0, 0.0, 0.0, 0.0, 0.0, 0.0, 0.0, 0.0, 0.0, 0.0, 0.0, 0.0, 0.0, 0.0, 0.0, 0.0, 0.0, 0.0, 0.0, 0.0, 0.0, 0.0, 0.0, 0.0, 0.0, 0.0, 0.0, 0.0], [0.0, 0.0, 0.0, 0.0, 0.0, 1.0394691495538395, 0.0, 0.0, 0.9535572362352106, 0.0, 0.0, 0.0, 0.0, 0.0, 0.0, 0.0, 0.0, 0.0, 0.0, 0.0, 0.0, 0.0, 0.0, 0.0, 0.0, 0.0, 0.0, 0.0, 0.0, 0.0, 0.0, 0.0, 0.0, 0.0, 0.0, 0.0, 0.0, 0.0, 0.0, 0.0, 0.0, 0.0, 0.0, 0.0], [0.0, 0.0, 0.0, 0.0, 0.0, 0.0, 0.0, 0.9535572362352106, 0.0, 1.007357879202706, 0.0, 0.0, 0.0, 0.0, 0.0, 0.0, 0.0, 0.0, 0.0, 0.0, 0.0, 0.0, 0.0, 0.0, 0.0, 0.0, 0.9722636825510119, 0.9711291813826741, 0.0, 0.0, 0.0, 0.0, 0.0, 0.0, 0.0, 0.0, 0.0, 0.0, 0.0, 0.0, 0.0, 0.0, 0.0, 0.0], [0.0, 0.0, 0.0, 0.0, 0.0, 0.0, 0.0, 0.0, 1.007357879202706, 0.0, 0.9995507358121478, 0.0, 0.0, 0.0, 0.0, 0.0, 0.0, 0.0, 0.0, 0.0, 0.0, 0.0, 0.0, 0.0, 0.0, 0.0, 0.0, 0.0, 0.9753689660351723, 0.9755010632218509, 0.0, 0.0, 0.0, 0.0, 0.0, 0.0, 0.0, 0.0, 0.0, 0.0, 0.0, 0.0, 0.0, 0.0], [0.0, 0.0, 0.0, 0.0, 0.0, 0.0, 0.0, 0.0, 0.0, 0.9995507358121478, 0.0, 1.021409325531304, 0.0, 0.0, 0.0, 0.0, 0.0, 0.0, 0.0, 0.0, 0.0, 0.0, 0.0, 0.0, 0.0, 0.0, 0.0, 0.0, 0.0, 0.0, 0.9757293386516926, 0.9772639454312819, 0.0, 0.0, 0.0, 0.0, 0.0, 0.0, 0.0, 0.0, 0.0, 0.0, 0.0, 0.0], [0.0, 0.0, 0.0, 0.0, 0.0, 0.0, 0.0, 0.0, 0.0, 0.0, 1.021409325531304, 0.0, 0.0, 0.0, 0.0, 0.0, 0.0, 0.0, 0.0, 0.0, 0.0, 0.0, 0.0, 0.0, 0.0, 0.0, 0.0, 0.0, 0.0, 0.0, 0.0, 0.0, 0.9860988479765458, 0.9864875688085879, 0.9869307908843007, 0.0, 0.0, 0.0, 0.0, 0.0, 0.0, 0.0, 0.0, 0.0], [0.0, 0.0, 0.0, 0.0, 0.0, 1.0382424386017655, 0.0, 0.0, 0.0, 0.0, 0.0, 0.0, 0.0, 0.9565543979051622, 0.0, 0.0, 0.0, 0.0, 0.0, 0.0, 0.0, 0.0, 0.0, 0.0, 0.0, 0.0, 0.0, 0.0, 0.0, 0.0, 0.0, 0.0, 0.0, 0.0, 0.0, 0.0, 0.0, 0.0, 0.0, 0.0, 0.0, 0.0, 0.0, 0.0], [0.0, 0.0, 0.0, 0.0, 0.0, 0.0, 0.0, 0.0, 0.0, 0.0, 0.0, 0.0, 0.9565543979051622, 0.0, 1.011946784745957, 0.0, 0.0, 0.0, 0.0, 0.0, 0.0, 0.0, 0.0, 0.0, 0.0, 0.0, 0.0, 0.0, 0.0, 0.0, 0.0, 0.0, 0.0, 0.0, 0.0, 0.967691892930779, 0.9682920538797942, 0.0, 0.0, 0.0, 0.0, 0.0, 0.0, 0.0], [0.0, 0.0, 0.0, 0.0, 0.0, 0.0, 0.0, 0.0, 0.0, 0.0, 0.0, 0.0, 0.0, 1.011946784745957, 0.0, 1.0005980668494059, 0.0, 0.0, 0.0, 0.0, 0.0, 0.0, 0.0, 0.0, 0.0, 0.0, 0.0, 0.0, 0.0, 0.0, 0.0, 0.0, 0.0, 0.0, 0.0, 0.0, 0.0, 0.9763806010275287, 0.9725594898088536, 0.0, 0.0, 0.0, 0.0, 0.0], [0.0, 0.0, 0.0, 0.0, 0.0, 0.0, 0.0, 0.0, 0.0, 0.0, 0.0, 0.0, 0.0, 0.0, 1.0005980668494059, 0.0, 1.0192447118158001, 0.0, 0.0, 0.0, 0.0, 0.0, 0.0, 0.0, 0.0, 0.0, 0.0, 0.0, 0.0, 0.0, 0.0, 0.0, 0.0, 0.0, 0.0, 0.0, 0.0, 0.0, 0.0, 0.9778477662716065, 0.977655744032828, 0.0, 0.0, 0.0], [0.0, 0.0, 0.0, 0.0, 0.0, 0.0, 0.0, 0.0, 0.0, 0.0, 0.0, 0.0, 0.0, 0.0, 0.0, 1.0192447118158001, 0.0, 0.0, 0.0, 0.0, 0.0, 0.0, 0.0, 0.0, 0.0, 0.0, 0.0, 0.0, 0.0, 0.0, 0.0, 0.0, 0.0, 0.0, 0.0, 0.0, 0.0, 0.0, 0.0, 0.0, 0.0, 0.98746125867575, 0.9872124963493027, 0.9865909329396034], [0.987282427425487, 0.0, 0.0, 0.0, 0.0, 0.0, 0.0, 0.0, 0.0, 0.0, 0.0, 0.0, 0.0, 0.0, 0.0, 0.0, 0.0, 0.0, 0.0, 0.0, 0.0, 0.0, 0.0, 0.0, 0.0, 0.0, 0.0, 0.0, 0.0, 0.0, 0.0, 0.0, 0.0, 0.0, 0.0, 0.0, 0.0, 0.0, 0.0, 0.0, 0.0, 0.0, 0.0, 0.0], [0.9862463805780667, 0.0, 0.0, 0.0, 0.0, 0.0, 0.0, 0.0, 0.0, 0.0, 0.0, 0.0, 0.0, 0.0, 0.0, 0.0, 0.0, 0.0, 0.0, 0.0, 0.0, 0.0, 0.0, 0.0, 0.0, 0.0, 0.0, 0.0, 0.0, 0.0, 0.0, 0.0, 0.0, 0.0, 0.0, 0.0, 0.0, 0.0, 0.0, 0.0, 0.0, 0.0, 0.0, 0.0], [0.9872586863554476, 0.0, 0.0, 0.0, 0.0, 0.0, 0.0, 0.0, 0.0, 0.0, 0.0, 0.0, 0.0, 0.0, 0.0, 0.0, 0.0, 0.0, 0.0, 0.0, 0.0, 0.0, 0.0, 0.0, 0.0, 0.0, 0.0, 0.0, 0.0, 0.0, 0.0, 0.0, 0.0, 0.0, 0.0, 0.0, 0.0, 0.0, 0.0, 0.0, 0.0, 0.0, 0.0, 0.0], [0.0, 0.9775325906952457, 0.0, 0.0, 0.0, 0.0, 0.0, 0.0, 0.0, 0.0, 0.0, 0.0, 0.0, 0.0, 0.0, 0.0, 0.0, 0.0, 0.0, 0.0, 0.0, 0.0, 0.0, 0.0, 0.0, 0.0, 0.0, 0.0, 0.0, 0.0, 0.0, 0.0, 0.0, 0.0, 0.0, 0.0, 0.0, 0.0, 0.0, 0.0, 0.0, 0.0, 0.0, 0.0], [0.0, 0.9775306272050261, 0.0, 0.0, 0.0, 0.0, 0.0, 0.0, 0.0, 0.0, 0.0, 0.0, 0.0, 0.0, 0.0, 0.0, 0.0, 0.0, 0.0, 0.0, 0.0, 0.0, 0.0, 0.0, 0.0, 0.0, 0.0, 0.0, 0.0, 0.0, 0.0, 0.0, 0.0, 0.0, 0.0, 0.0, 0.0, 0.0, 0.0, 0.0, 0.0, 0.0, 0.0, 0.0], [0.0, 0.0, 0.975386825556337, 0.0, 0.0, 0.0, 0.0, 0.0, 0.0, 0.0, 0.0, 0.0, 0.0, 0.0, 0.0, 0.0, 0.0, 0.0, 0.0, 0.0, 0.0, 0.0, 0.0, 0.0, 0.0, 0.0, 0.0, 0.0, 0.0, 0.0, 0.0, 0.0, 0.0, 0.0, 0.0, 0.0, 0.0, 0.0, 0.0, 0.0, 0.0, 0.0, 0.0, 0.0], [0.0, 0.0, 0.9753057287675284, 0.0, 0.0, 0.0, 0.0, 0.0, 0.0, 0.0, 0.0, 0.0, 0.0, 0.0, 0.0, 0.0, 0.0, 0.0, 0.0, 0.0, 0.0, 0.0, 0.0, 0.0, 0.0, 0.0, 0.0, 0.0, 0.0, 0.0, 0.0, 0.0, 0.0, 0.0, 0.0, 0.0, 0.0, 0.0, 0.0, 0.0, 0.0, 0.0, 0.0, 0.0], [0.0, 0.0, 0.0, 0.9729073411739405, 0.0, 0.0, 0.0, 0.0, 0.0, 0.0, 0.0, 0.0, 0.0, 0.0, 0.0, 0.0, 0.0, 0.0, 0.0, 0.0, 0.0, 0.0, 0.0, 0.0, 0.0, 0.0, 0.0, 0.0, 0.0, 0.0, 0.0, 0.0, 0.0, 0.0, 0.0, 0.0, 0.0, 0.0, 0.0, 0.0, 0.0, 0.0, 0.0, 0.0], [0.0, 0.0, 0.0, 0.9726109897840616, 0.0, 0.0, 0.0, 0.0, 0.0, 0.0, 0.0, 0.0, 0.0, 0.0, 0.0, 0.0, 0.0, 0.0, 0.0, 0.0, 0.0, 0.0, 0.0, 0.0, 0.0, 0.0, 0.0, 0.0, 0.0, 0.0, 0.0, 0.0, 0.0, 0.0, 0.0, 0.0, 0.0, 0.0, 0.0, 0.0, 0.0, 0.0, 0.0, 0.0], [0.0, 0.0, 0.0, 0.0, 0.0, 0.0, 0.0, 0.0, 0.9722636825510119, 0.0, 0.0, 0.0, 0.0, 0.0, 0.0, 0.0, 0.0, 0.0, 0.0, 0.0, 0.0, 0.0, 0.0, 0.0, 0.0, 0.0, 0.0, 0.0, 0.0, 0.0, 0.0, 0.0, 0.0, 0.0, 0.0, 0.0, 0.0, 0.0, 0.0, 0.0, 0.0, 0.0, 0.0, 0.0], [0.0, 0.0, 0.0, 0.0, 0.0, 0.0, 0.0, 0.0, 0.9711291813826741, 0.0, 0.0, 0.0, 0.0, 0.0, 0.0, 0.0, 0.0, 0.0, 0.0, 0.0, 0.0, 0.0, 0.0, 0.0, 0.0, 0.0, 0.0, 0.0, 0.0, 0.0, 0.0, 0.0, 0.0, 0.0, 0.0, 0.0, 0.0, 0.0, 0.0, 0.0, 0.0, 0.0, 0.0, 0.0], [0.0, 0.0, 0.0, 0.0, 0.0, 0.0, 0.0, 0.0, 0.0, 0.9753689660351723, 0.0, 0.0, 0.0, 0.0, 0.0, 0.0, 0.0, 0.0, 0.0, 0.0, 0.0, 0.0, 0.0, 0.0, 0.0, 0.0, 0.0, 0.0, 0.0, 0.0, 0.0, 0.0, 0.0, 0.0, 0.0, 0.0, 0.0, 0.0, 0.0, 0.0, 0.0, 0.0, 0.0, 0.0], [0.0, 0.0, 0.0, 0.0, 0.0, 0.0, 0.0, 0.0, 0.0, 0.9755010632218509, 0.0, 0.0, 0.0, 0.0, 0.0, 0.0, 0.0, 0.0, 0.0, 0.0, 0.0, 0.0, 0.0, 0.0, 0.0, 0.0, 0.0, 0.0, 0.0, 0.0, 0.0, 0.0, 0.0, 0.0, 0.0, 0.0, 0.0, 0.0, 0.0, 0.0, 0.0, 0.0, 0.0, 0.0], [0.0, 0.0, 0.0, 0.0, 0.0, 0.0, 0.0, 0.0, 0.0, 0.0, 0.9757293386516926, 0.0, 0.0, 0.0, 0.0, 0.0, 0.0, 0.0, 0.0, 0.0, 0.0, 0.0, 0.0, 0.0, 0.0, 0.0, 0.0, 0.0, 0.0, 0.0, 0.0, 0.0, 0.0, 0.0, 0.0, 0.0, 0.0, 0.0, 0.0, 0.0, 0.0, 0.0, 0.0, 0.0], [0.0, 0.0, 0.0, 0.0, 0.0, 0.0, 0.0, 0.0, 0.0, 0.0, 0.9772639454312819, 0.0, 0.0, 0.0, 0.0, 0.0, 0.0, 0.0, 0.0, 0.0, 0.0, 0.0, 0.0, 0.0, 0.0, 0.0, 0.0, 0.0, 0.0, 0.0, 0.0, 0.0, 0.0, 0.0, 0.0, 0.0, 0.0, 0.0, 0.0, 0.0, 0.0, 0.0, 0.0, 0.0], [0.0, 0.0, 0.0, 0.0, 0.0, 0.0, 0.0, 0.0, 0.0, 0.0, 0.0, 0.9860988479765458, 0.0, 0.0, 0.0, 0.0, 0.0, 0.0, 0.0, 0.0, 0.0, 0.0, 0.0, 0.0, 0.0, 0.0, 0.0, 0.0, 0.0, 0.0, 0.0, 0.0, 0.0, 0.0, 0.0, 0.0, 0.0, 0.0, 0.0, 0.0, 0.0, 0.0, 0.0, 0.0], [0.0, 0.0, 0.0, 0.0, 0.0, 0.0, 0.0, 0.0, 0.0, 0.0, 0.0, 0.9864875688085879, 0.0, 0.0, 0.0, 0.0, 0.0, 0.0, 0.0, 0.0, 0.0, 0.0, 0.0, 0.0, 0.0, 0.0, 0.0, 0.0, 0.0, 0.0, 0.0, 0.0, 0.0, 0.0, 0.0, 0.0, 0.0, 0.0, 0.0, 0.0, 0.0, 0.0, 0.0, 0.0], [0.0, 0.0, 0.0, 0.0, 0.0, 0.0, 0.0, 0.0, 0.0, 0.0, 0.0, 0.9869307908843007, 0.0, 0.0, 0.0, 0.0, 0.0, 0.0, 0.0, 0.0, 0.0, 0.0, 0.0, 0.0, 0.0, 0.0, 0.0, 0.0, 0.0, 0.0, 0.0, 0.0, 0.0, 0.0, 0.0, 0.0, 0.0, 0.0, 0.0, 0.0, 0.0, 0.0, 0.0, 0.0], [0.0, 0.0, 0.0, 0.0, 0.0, 0.0, 0.0, 0.0, 0.0, 0.0, 0.0, 0.0, 0.0, 0.967691892930779, 0.0, 0.0, 0.0, 0.0, 0.0, 0.0, 0.0, 0.0, 0.0, 0.0, 0.0, 0.0, 0.0, 0.0, 0.0, 0.0, 0.0, 0.0, 0.0, 0.0, 0.0, 0.0, 0.0, 0.0, 0.0, 0.0, 0.0, 0.0, 0.0, 0.0], [0.0, 0.0, 0.0, 0.0, 0.0, 0.0, 0.0, 0.0, 0.0, 0.0, 0.0, 0.0, 0.0, 0.9682920538797942, 0.0, 0.0, 0.0, 0.0, 0.0, 0.0, 0.0, 0.0, 0.0, 0.0, 0.0, 0.0, 0.0, 0.0, 0.0, 0.0, 0.0, 0.0, 0.0, 0.0, 0.0, 0.0, 0.0, 0.0, 0.0, 0.0, 0.0, 0.0, 0.0, 0.0], [0.0, 0.0, 0.0, 0.0, 0.0, 0.0, 0.0, 0.0, 0.0, 0.0, 0.0, 0.0, 0.0, 0.0, 0.9763806010275287, 0.0, 0.0, 0.0, 0.0, 0.0, 0.0, 0.0, 0.0, 0.0, 0.0, 0.0, 0.0, 0.0, 0.0, 0.0, 0.0, 0.0, 0.0, 0.0, 0.0, 0.0, 0.0, 0.0, 0.0, 0.0, 0.0, 0.0, 0.0, 0.0], [0.0, 0.0, 0.0, 0.0, 0.0, 0.0, 0.0, 0.0, 0.0, 0.0, 0.0, 0.0, 0.0, 0.0, 0.9725594898088536, 0.0, 0.0, 0.0, 0.0, 0.0, 0.0, 0.0, 0.0, 0.0, 0.0, 0.0, 0.0, 0.0, 0.0, 0.0, 0.0, 0.0, 0.0, 0.0, 0.0, 0.0, 0.0, 0.0, 0.0, 0.0, 0.0, 0.0, 0.0, 0.0], [0.0, 0.0, 0.0, 0.0, 0.0, 0.0, 0.0, 0.0, 0.0, 0.0, 0.0, 0.0, 0.0, 0.0, 0.0, 0.9778477662716065, 0.0, 0.0, 0.0, 0.0, 0.0, 0.0, 0.0, 0.0, 0.0, 0.0, 0.0, 0.0, 0.0, 0.0, 0.0, 0.0, 0.0, 0.0, 0.0, 0.0, 0.0, 0.0, 0.0, 0.0, 0.0, 0.0, 0.0, 0.0], [0.0, 0.0, 0.0, 0.0, 0.0, 0.0, 0.0, 0.0, 0.0, 0.0, 0.0, 0.0, 0.0, 0.0, 0.0, 0.977655744032828, 0.0, 0.0, 0.0, 0.0, 0.0, 0.0, 0.0, 0.0, 0.0, 0.0, 0.0, 0.0, 0.0, 0.0, 0.0, 0.0, 0.0, 0.0, 0.0, 0.0, 0.0, 0.0, 0.0, 0.0, 0.0, 0.0, 0.0, 0.0], [0.0, 0.0, 0.0, 0.0, 0.0, 0.0, 0.0, 0.0, 0.0, 0.0, 0.0, 0.0, 0.0, 0.0, 0.0, 0.0, 0.98746125867575, 0.0, 0.0, 0.0, 0.0, 0.0, 0.0, 0.0, 0.0, 0.0, 0.0, 0.0, 0.0, 0.0, 0.0, 0.0, 0.0, 0.0, 0.0, 0.0, 0.0, 0.0, 0.0, 0.0, 0.0, 0.0, 0.0, 0.0], [0.0, 0.0, 0.0, 0.0, 0.0, 0.0, 0.0, 0.0, 0.0, 0.0, 0.0, 0.0, 0.0, 0.0, 0.0, 0.0, 0.9872124963493027, 0.0, 0.0, 0.0, 0.0, 0.0, 0.0, 0.0, 0.0, 0.0, 0.0, 0.0, 0.0, 0.0, 0.0, 0.0, 0.0, 0.0, 0.0, 0.0, 0.0, 0.0, 0.0, 0.0, 0.0, 0.0, 0.0, 0.0], [0.0, 0.0, 0.0, 0.0, 0.0, 0.0, 0.0, 0.0, 0.0, 0.0, 0.0, 0.0, 0.0, 0.0, 0.0, 0.0, 0.9865909329396034, 0.0, 0.0, 0.0, 0.0, 0.0, 0.0, 0.0, 0.0, 0.0, 0.0, 0.0, 0.0, 0.0, 0.0, 0.0, 0.0, 0.0, 0.0, 0.0, 0.0, 0.0, 0.0, 0.0, 0.0, 0.0, 0.0, 0.0]], "Born radii": [], "Atomic SASAs": [], "Solvent H bonds": [], "Total SASA": NaN, "Total FOD": 0.0, "FOD": [0.0, 0.0, 0.0, 0.0, 0.0, 0.0, 0.0, 0.0, 0.0, 0.0, 0.0, 0.0, 0.0, 0.0, 0.0, 0.0, 0.0, 0.0, 0.0, 0.0, 0.0, 0.0, 0.0, 0.0, 0.0, 0.0, 0.0, 0.0, 0.0, 0.0, 0.0, 0.0, 0.0, 0.0, 0.0, 0.0, 0.0, 0.0, 0.0, 0.0, 0.0, 0.0, 0.0, 0.0], "FOD s proportion": [0.0, 0.0, 0.0, 0.0, 0.0, 0.0, 0.0, 0.0, 0.0, 0.0, 0.0, 0.0, 0.0, 0.0, 0.0, 0.0, 0.0, 0.0, 0.0, 0.0, 0.0, 0.0, 0.0, 0.0, 0.0, 0.0, 0.0, 0.0, 0.0, 0.0, 0.0, 0.0, 0.0, 0.0, 0.0, 0.0, 0.0, 0.0, 0.0, 0.0, 0.0, 0.0, 0.0, 0.0], "FOD p proportion": [0.0, 0.0, 0.0, 0.0, 0.0, 0.0, 0.0, 0.0, 0.0, 0.0, 0.0, 0.0, 0.0, 0.0, 0.0, 0.0, 0.0, 0.0, 0.0, 0.0, 0.0, 0.0, 0.0, 0.0, 0.0, 0.0, 0.0, 0.0, 0.0, 0.0, 0.0, 0.0, 0.0, 0.0, 0.0, 0.0, 0.0, 0.0, 0.0, 0.0, 0.0, 0.0, 0.0, 0.0], "FOD d proportion": [0.0, 0.0, 0.0, 0.0, 0.0, 0.0, 0.0, 0.0, 0.0, 0.0, 0.0, 0.0, 0.0, 0.0, 0.0, 0.0, 0.0, 0.0, 0.0, 0.0, 0.0, 0.0, 0.0, 0.0, 0.0, 0.0, 0.0, 0.0, 0.0, 0.0, 0.0, 0.0, 0.0, 0.0, 0.0, 0.0, 0.0, 0.0, 0.0, 0.0, 0.0, 0.0, 0.0, 0.0], "coordinates": [["-3.15730", "5.65080", "-0.34540"], ["-2.00190", "4.66500", "-0.41360"], ["-2.31160", "3.38310", "0.36200"], ["-1.14360", "2.40400", "0.28460"], ["-1.52640", "0.89160", "1.20780"], ["0.20010", "-0.26650", "0.97690"], ["0.57420", "-0.30340", "-0.48060"], ["-0.16390", "-2.21710", "1.63880"], ["-1.27880", "-2.88800", "0.37490"], ["-1.66520", "-4.32430", "0.71930"], ["-2.52720", "-4.98480", "-0.36080"], ["-3.89470", "-4.33960", "-0.52520"], ["1.76530", "0.57370", "2.08140"], ["3.24810", "-0.28410", "1.48990"], ["3.86120", "0.44430", "0.29670"], ["5.11490", "-0.27930", "-0.19870"], ["5.73820", "0.43570", "-1.38700"], ["-4.06700", "5.21940", "-0.77500"], ["-2.91440", "6.55890", "-0.90610"], ["-3.36820", "5.93710", "0.69000"], ["-1.79600", "4.42460", "-1.46320"], ["-1.10090", "5.13830", "-0.00620"], ["-2.52140", "3.63780", "1.40860"], ["-3.21790", "2.92260", "-0.05130"], ["-0.23920", "2.85470", "0.70500"], ["-0.93770", "2.13690", "-0.75680"], ["-0.77250", "-2.85040", "-0.59470"], ["-2.16340", "-2.24740", "0.32440"], ["-0.75890", "-4.93160", "0.84080"], ["-2.20150", "-4.35390", "1.67630"], ["-2.66960", "-6.03900", "-0.09440"], ["-1.99870", "-4.96950", "-1.32110"], ["-3.81330", "-3.31810", "-0.90790"], ["-4.49660", "-4.91260", "-1.23790"], ["-4.43330", "-4.31150", "0.42720"], ["2.99160", "-1.31560", "1.22950"], ["3.96700", "-0.31990", "2.31500"], ["4.12660", "1.47090", "0.57970"], ["3.13880", "0.51040", "-0.52520"], ["5.85240", "-0.34300", "0.60990"], ["4.86180", "-1.30560", "-0.48930"], ["6.03220", "1.45600", "-1.12080"], ["5.03670", "0.48760", "-2.22570"], ["6.63210", "-0.09830", "-1.72430"]], "bond_dist": [[0.0, 1.5203295826892276, 2.521524645923573, 3.8721567543166433, 5.265192274741731, 6.930732381213402, 7.02814832868516, 8.64877700082503, 8.772610773310303, 10.142118541507983, 10.65425973636836, 10.019190534169914, 7.476516127849923, 8.92303273892907, 8.762378496161872, 10.179238662100422, 10.363981803341803, 1.0946306271980517, 1.094545800777656, 1.094760092440348, 2.14620152129291, 2.146274411625876, 2.744640925512844, 2.7446752831619263, 4.175742207081275, 4.176525748753383, 8.832883049718252, 7.988618935085087, 10.915428656722556, 10.251577762471491, 11.702661079002503, 10.727773139845938, 9.010433366936352, 10.685303004594678, 10.07335634483363, 9.424436862752067, 9.668641949105366, 8.448820818907215, 8.130000947724422, 10.86337565492421, 10.616881509181498, 10.13136231955012, 9.86589065062045, 11.436164933228271], [1.5203295826892276, 0.0, 1.529946750707357, 2.5171974753681923, 4.134438990963587, 5.576915500525357, 5.596943699020028, 7.41308911116007, 7.628395300454742, 9.0666611158684, 9.664231369850372, 9.202063222995156, 6.095535786950972, 7.46186324318531, 7.259116763766787, 8.668398164597654, 8.873760987315356, 2.16854959131674, 2.1591826485964547, 2.168627921059765, 1.0962878864604864, 1.0962612143098014, 2.1553266411381826, 2.1554292031982865, 2.7632523120410126, 2.7643439529117937, 7.617444369997066, 6.953560239905886, 9.75773026476957, 9.260025884413066, 10.729553948324227, 9.677146105128308, 8.200938242664677, 9.93143596565975, 9.337890706685316, 7.9625621642785305, 8.24149580962097, 6.981936117582285, 6.610593937763838, 9.371106911139153, 9.097481659228558, 8.68012532455609, 8.383094126275811, 9.947508099016558], [2.521524645923573, 1.529946750707357, 0.0, 1.5260575251280668, 2.7458129816140064, 4.4728423915894915, 4.756900109314889, 6.132297576765172, 6.355591039392009, 7.7427069562266135, 8.401825611734631, 7.933058977468906, 5.24120008490422, 6.75505576142788, 6.836978087576411, 8.299425311429701, 8.749025534309519, 2.78319885204058, 3.472340866044116, 2.783325988812665, 2.163774630131336, 2.1638144028543667, 1.0973876662328588, 1.0973863631374325, 2.1660326220996766, 2.166178452944263, 6.491581159471089, 5.632575543212891, 8.471975142786953, 7.848609781356187, 9.439938207954542, 8.52623356353789, 6.983826339478954, 8.726542471105036, 7.982025500460393, 7.138225842602629, 7.546339242308154, 6.719696523653431, 6.224659773031776, 8.977537057567627, 8.611985075463148, 8.690880777573698, 8.311294991155108, 9.82153569153012], [3.8721567543166433, 2.5171974753681923, 1.5260575251280668, 0.0, 1.8127845542148686, 3.0686119386458754, 3.296419669884282, 4.914085361488952, 5.294496872224971, 6.762473773701455, 7.544882739976812, 7.32806033067414, 3.878168064950254, 5.288256668317074, 5.374811023654693, 6.826602378196638, 7.3503484740520975, 4.194698663789808, 4.670834308771829, 4.194757433988287, 2.7501372620289337, 2.7500517122410626, 2.164248433059384, 2.164369483244485, 1.094443242018516, 1.0946466005063005, 5.340374805198602, 4.762047673007904, 7.366707533898709, 6.980343380522193, 8.5881642974503, 7.594601421404549, 6.42586824872717, 8.191046991075073, 7.479331594467515, 5.64164330758335, 6.1368059876453644, 5.360295482527059, 4.751888757115427, 7.52302100821206, 7.101047988149355, 7.373327525615555, 6.940482918356618, 8.411818768256959], [5.265192274741731, 4.134438990963587, 2.7458129816140064, 1.8127845542148686, 0.0, 2.0917248074256802, 2.948090894121143, 3.4214299554426066, 3.8781960149017736, 5.240563948660487, 6.1639422093332445, 5.998131986710528, 3.4204570250187327, 4.925210772139605, 5.482373050057794, 6.888839869673267, 7.7275639764417345, 5.395924113625024, 6.205917055520482, 5.39605544170925, 4.437230460546308, 4.437263474259783, 2.927790989807845, 2.927706621231028, 2.4007193276182868, 2.3993734473816284, 4.221366539404035, 3.3225721301425497, 5.88501516480629, 5.3094747866432135, 7.143937810479596, 6.4008511707428415, 5.237143514359713, 6.963639434232648, 6.010961119488297, 5.028372174968754, 5.733329543118903, 5.717211479383983, 4.991261712232689, 7.505225580220757, 6.96540992978877, 7.929272304568685, 7.417979499836865, 8.725722587270353], [6.930732381213402, 5.576915500525357, 4.4728423915894915, 3.0686119386458754, 2.0917248074256802, 0.0, 1.5051972196360184, 2.0917571489061535, 3.0694969392393925, 4.473415103698739, 5.6115917055680375, 5.967732824113359, 2.091819143711999, 3.0909194036726353, 3.7909842903921405, 5.0534600265560625, 6.06231471139531, 7.167453859635233, 7.735107265578158, 7.162382945640368, 5.651983937521408, 5.645436178897074, 4.778753564476829, 4.786468223022065, 3.1636693158419704, 3.174371763042256, 3.176856391151479, 3.1521188603858197, 4.764594654322654, 4.792043580770108, 6.534877047810464, 5.677476062477059, 5.382574956282541, 6.967824275912819, 6.175159159892156, 2.992806345221822, 3.9978617759997657, 4.3120446252329065, 3.390550944905562, 5.664718575534005, 4.996090285413184, 6.4327864840984725, 5.849616494266953, 6.978208701378887], [7.02814832868516, 5.596943699020028, 4.756900109314889, 3.296419669884282, 2.948090894121143, 1.5051972196360184, 0.0, 2.9493890316470632, 3.2932729024482623, 4.756291536480917, 5.616808698896554, 6.021957058133178, 2.9583555601042955, 3.3215935859162538, 3.459424746977451, 4.549506007249578, 5.294782882234172, 7.2200227589669, 7.70989892929862, 7.473731489022067, 5.379343342825404, 5.71341528859928, 5.3558261211506855, 4.997138871394311, 3.469994600860353, 2.883954254144819, 2.883371065263713, 3.4527691437453507, 4.994345683870912, 5.3631407169679965, 6.60064362316282, 5.394325154270922, 5.340520351988184, 6.894290432669631, 6.477964394777112, 3.129347153960391, 4.396219222240856, 4.109978386804485, 2.6909910367743697, 5.38981944502782, 4.403180020167242, 5.770191365977388, 4.856435036114454, 6.187649643442977], [8.64877700082503, 7.41308911116007, 6.132297576765172, 4.914085361488952, 3.4214299554426066, 2.0917571489061535, 2.9493890316470632, 0.0, 1.8139878803343754, 2.745846641748224, 4.152559492650286, 4.806950269141548, 3.42144297628939, 3.924334874854591, 5.008563903954905, 5.915843518045419, 7.143360405999406, 8.738544060654498, 9.542533325066254, 8.812419507150121, 7.509882375909759, 7.595123643496529, 6.315904709540827, 6.212879372722441, 5.157597092639167, 5.029411675335395, 2.3999968958313262, 2.3930243834946605, 2.891252194119358, 2.9528180184359485, 4.887681898405419, 4.4388292161334615, 4.584321351083495, 5.85776513953914, 4.907368162263761, 3.3071753793834398, 4.595753375671937, 5.7559905368233535, 4.7989560885675955, 6.384884627775196, 5.533290372825196, 7.713540755061841, 7.021111215470097, 7.873078879955414], [8.772610773310303, 7.628395300454742, 6.355591039392009, 5.294496872224971, 3.8781960149017736, 3.0694969392393925, 3.2932729024482623, 1.8139878803343754, 0.0, 1.526720016898973, 2.548789377331913, 3.124140742668294, 4.915491221637976, 5.340069645613247, 6.126168339998503, 6.929194205677885, 7.961756232138735, 8.650217570096142, 9.672645344992237, 9.07453967868343, 7.557792416440134, 8.037311572285846, 6.72299457756735, 6.14042568638364, 5.845368889984616, 5.162045535444258, 1.0944759522255387, 1.0933598538450187, 2.159550828297404, 2.1665364201877613, 3.476113940882836, 2.77980471616263, 2.8730214235191496, 4.12969318957232, 3.46120756239784, 4.630237475551335, 6.15447343482771, 6.946963466868096, 5.645749935128193, 7.575372165115057, 6.399828103941542, 8.63470760883077, 7.618617720426718, 8.647046058626032], [10.142118541507983, 9.0666611158684, 7.7427069562266135, 6.762473773701455, 5.240563948660487, 4.473415103698739, 4.756291536480917, 2.745846641748224, 1.526720016898973, 0.0, 1.5316397291791564, 2.5533673041691434, 6.133029484683732, 6.4076171304159555, 7.311582159833807, 7.948239113791179, 9.050106698266049, 9.95408385638779, 11.074586585511895, 10.401797798938412, 9.017963522880317, 9.5071332955839, 8.037614654858741, 7.451326141030199, 7.319270557234512, 6.6674757517369345, 2.1670003461005725, 2.172018153699458, 1.0977045276393826, 1.0974255555617427, 2.1473525886542246, 2.165811037463795, 2.8765520836584897, 3.491927073980784, 2.7834984929042084, 5.567617620670443, 7.092471691166628, 8.1944358219465, 6.928312950495236, 8.50746894264093, 7.292118529618124, 9.800398097016263, 8.760300806479194, 9.626808622279764], [10.65425973636836, 9.664231369850372, 8.401825611734631, 7.544882739976812, 6.1639422093332445, 5.6115917055680375, 5.616808698896554, 4.152559492650286, 2.548789377331913, 1.5316397291791564, 0.0, 1.520975558646489, 7.435510697995128, 7.673054220452244, 8.409464169612711, 8.976062559385378, 9.937391199404399, 10.328031919005673, 11.563056932316819, 11.004515493650777, 9.501933885267777, 10.229233913641824, 8.802274749177055, 7.943540237199029, 8.235814100014641, 7.307662905471215, 2.7729667614307965, 2.845207943191499, 2.1385877793534687, 2.1572880452086127, 1.096624074147563, 1.0962310112380511, 2.175146089346644, 2.1570937879471073, 2.1696760357251494, 6.815367647456739, 8.43183439649997, 9.318457875635861, 7.894796159496456, 9.62840910483139, 8.255322276568007, 10.738940031492866, 9.520377985143236, 10.470424584991767], [10.019190534169914, 9.202063222995156, 7.933058977468906, 7.32806033067414, 5.998131986710528, 5.967732824113359, 6.021957058133178, 4.806950269141548, 3.124140742668294, 2.5533673041691434, 1.520975558646489, 0.0, 7.93539415845237, 8.457381397335702, 9.14960128256964, 9.887645346592887, 10.786053575798704, 9.563815573817806, 10.949126684352501, 10.361683076604882, 9.060661528277059, 9.894709083646674, 8.322526424710228, 7.30904838470782, 8.162966665373563, 7.123379802453327, 3.4598670104499676, 2.845438576037093, 3.4712622545696545, 2.7773607939913028, 2.1387891457551396, 2.1505922021619996, 1.0938681364771534, 1.0947848647108713, 1.0945068889687266, 7.722996554446985, 9.275292503204414, 9.966141076163833, 8.543571984246402, 10.595622774523449, 9.267293944836323, 11.510302443029026, 10.293855742626278, 11.41227342557126], [7.476516127849923, 6.095535786950972, 5.24120008490422, 3.878168064950254, 3.4204570250187327, 2.091819143711999, 2.9583555601042955, 3.42144297628939, 4.915491221637976, 6.133029484683732, 7.435510697995128, 7.93539415845237, 0.0, 1.8122883131554979, 2.7558474667513804, 4.140807308967661, 5.275677868293324, 7.984815134992169, 8.163783888614397, 7.553467797641028, 6.330598523046616, 5.78003022137428, 5.311983202157175, 5.907454844516376, 3.333985334400858, 4.219618760030341, 5.032534238333605, 5.14590496414382, 6.182151898004449, 6.338836644842648, 8.2541047327981, 7.514770022429163, 7.429858658817138, 8.962624157577958, 8.063758344593419, 2.4081112495065504, 2.387587236102589, 2.9386746026057393, 2.9470108075811323, 4.439598805072369, 4.4416865299118085, 5.4073074390125075, 5.409305092153705, 6.214553783659773], [8.92303273892907, 7.46186324318531, 6.75505576142788, 5.288256668317074, 4.925210772139605, 3.0909194036726353, 3.3215935859162538, 3.924334874854591, 5.340069645613247, 6.4076171304159555, 7.673054220452244, 8.457381397335702, 1.8122883131554979, 0.0, 1.5264941565561265, 2.51720782614388, 3.872371839067111, 9.430215918524878, 9.515454337550047, 9.116940009674298, 7.505704504575171, 7.110171444487117, 6.9767499274375595, 7.380201781116829, 4.7570363399915285, 5.331962446416892, 5.205446878991275, 5.873437612676242, 6.170626877392604, 6.804127950002116, 8.405239662853164, 7.575196657513255, 8.050960861909589, 9.425724544033738, 8.738031128921435, 1.0943457680276376, 1.0949378338517672, 2.1633888439205746, 2.1688256615044, 2.7495904604140597, 2.750404075767777, 4.194629341193331, 4.195270457312615, 4.670873502890011], [8.762378496161872, 7.259116763766787, 6.836978087576411, 5.374811023654693, 5.482373050057794, 3.7909842903921405, 3.459424746977451, 5.008563903954905, 6.126168339998503, 7.311582159833807, 8.409464169612711, 9.14960128256964, 2.7558474667513804, 1.5264941565561265, 0.0, 1.5299613753294552, 2.5215171326009265, 9.316999309863665, 9.205640464410937, 9.087890904384802, 7.137502920489771, 6.837237806307456, 7.223042753576916, 7.50844402656103, 4.773889107425936, 5.196556380912266, 5.755068873610464, 6.59862268507603, 7.109266462160495, 7.853811220674966, 9.210726721600201, 8.14032771391914, 8.631608492627548, 10.04510804371959, 9.562081056966626, 2.173377097974486, 2.1607244548993285, 1.0974669562223731, 1.0962438506098908, 2.163980815534186, 2.163595703915128, 2.7831787833339052, 2.7831954476823935, 3.4722820406758435], [10.179238662100422, 8.668398164597654, 8.299425311429701, 6.826602378196638, 6.888839869673267, 5.0534600265560625, 4.549506007249578, 5.915843518045419, 6.929194205677885, 7.948239113791179, 8.976062559385378, 9.887645346592887, 4.140807308967661, 2.51720782614388, 1.5299613753294552, 0.0, 1.520455451501293, 10.71798073286195, 10.570291031471177, 10.55444940581933, 8.454949690565876, 8.247643036043693, 8.731561337469948, 8.928014684687744, 6.2693713002182285, 6.5409070326675645, 6.436524681068192, 7.557823900435891, 7.564785653275313, 8.58182376421236, 9.684186224458925, 8.594245909909723, 9.457802351497943, 10.720463505837795, 10.383569275061442, 2.7608107178870482, 2.763695073628782, 2.155421882138158, 2.152951358019962, 1.09626543318669, 1.0962662359116968, 2.16863408393394, 2.168635481126323, 2.159192487945436], [10.363981803341803, 8.873760987315356, 8.749025534309519, 7.3503484740520975, 7.7275639764417345, 6.06231471139531, 5.294782882234172, 7.143360405999406, 7.961756232138735, 9.050106698266049, 9.937391199404399, 10.786053575798704, 5.275677868293324, 3.872371839067111, 2.5215171326009265, 1.520455451501293, 0.0, 10.92704336634572, 10.610953294120185, 10.840011619919972, 8.525332796436748, 8.41393