{"total energy": -28.29542012, "HOMO-LUMO gap/eV": 2.93322603, "electronic energy": -28.68906487, "dipole": [1.5645944, -0.29240223, -0.28328732], "partial charges": [-0.10205542, -0.04626446, -0.05784569, -0.02604664, -0.01463496, -0.04728914, -0.0938254, 0.19630059, -0.34379605, 0.03698162, 0.0358135, 0.03613897, 0.03349209, 0.03338122, 0.04861766, 0.0472595, 0.04145335, 0.05771217, 0.03561285, 0.03704214, 0.04439432, 0.03178166, 0.01577614], "atomic dipole moments": [[-0.08289147, 0.0625143, 0.02568925], [0.01976544, -0.09588993, 0.0685737], [-0.01367891, 0.08677516, -0.05799551], [0.10021988, -0.02935821, -0.02193342], [-0.11667009, -0.04358023, -0.00558351], [0.01302786, 0.08061633, -0.08437235], [0.035332, 0.00788609, 0.10804282], [-0.05466323, -0.024173, 0.00088724], [0.16623813, 0.02615794, -0.00799917], [0.05761931, 0.04529638, -0.10289987], [0.08595333, -0.00453228, 0.09257048], [-0.03660389, -0.11826795, -0.02603507], [0.04318567, 0.11576004, 0.01554366], [-0.07616983, 0.00607109, -0.09943401], [0.0797305, -0.00735972, 0.09748331], [-0.03010904, -0.12146842, -0.019493], [0.04007252, 0.13790859, 0.03596657], [-0.09770539, -0.03213815, 0.0774602], [0.07198471, -0.09406043, 0.02862302], [-0.04829151, -0.11394911, -0.02057166], [-0.09183557, 0.08617016, -0.03218001], [0.09534158, 0.01409229, -0.08063097], [0.04765746, 0.12573934, 0.03000516]], "atomic quadrupole moments": [[0.09564522, -0.16519322, -0.0005777, -0.07614744, 0.04365634, -0.09506752], [0.04411271, -0.10023002, -0.06088865, -0.19787501, -0.05718875, 0.01677594], [0.05295512, -0.06566001, -0.06602165, -0.17147747, -0.06285118, 0.01306653], [-0.33017929, -0.18093104, -0.2065995, 0.03213756, -0.20901162, 0.53677879], [-0.31846, -0.07823599, -0.06335783, 0.0563011, -0.1154054, 0.38181783], [-0.10858125, 0.07543073, 0.02246795, 0.11229596, 0.08365884, 0.08611331], [-0.09540552, 0.01950802, -0.11949209, 0.09877269, 0.03118739, 0.21489761], [-0.24645544, -0.03641462, -0.36530654, 0.07342236, -0.2934706, 0.61176199], [-0.13633717, -0.0097881, -0.12123713, 0.03503546, -0.11106384, 0.25757431], [-0.01838967, 0.00929301, -0.01748443, -0.04556257, -0.0441586, 0.03587411], [0.00428844, -0.00846312, -0.0398956, 0.05817038, 0.0098252, 0.03560716], [-0.01076917, 0.03794201, 0.05950993, 0.00713278, 0.02117618, -0.04874076], [-0.01450065, 0.02687352, 0.03739393, -0.00130093, 0.02585766, -0.02289328], [0.01861333, 0.00059077, -0.03736383, 0.0350313, 0.00860029, 0.0187505], [0.00947397, 0.00894211, -0.03039657, 0.04660839, 0.00670757, 0.02092259], [-0.00845505, 0.03707524, 0.03291176, 0.00023555, 0.02227355, -0.02445671], [0.04287966, -0.00036011, 0.02017835, -0.00853341, 0.02131477, -0.06305801], [0.03157695, 0.0013013, -0.02985458, -0.03816125, 0.01106345, -0.00172237], [0.02834564, -0.04565696, 0.00409427, 0.01865884, 0.0046304, -0.03243991], [-0.03511573, 0.0462801, 0.06183866, 0.00957127, 0.00581281, -0.02672293], [0.00804552, -0.06233487, 0.01709661, 0.00934081, -0.0058793, -0.02514213], [0.04743985, 0.01647173, -0.05036563, -0.04803633, -0.01081467, 0.00292579], [0.06246283, -0.01098873, 0.00523286, -0.01530911, 0.02300743, -0.06769569]], "number of molecular orbitals": 50, "number of electrons": 52, "number of unpaired electrons": 0, "orbital energies/eV": [-19.05612115, -17.68285662, -17.29341592, -16.80870375, -16.68619457, -16.04800224, -15.8025995, -15.5505261, -15.17669715, -14.77130104, -14.35075549, -14.23373597, -14.11778073, -13.67535691, -13.61314987, -13.32458418, -13.29697025, -12.96952667, -12.68259428, -12.38459602, -12.36060282, -12.08886288, -11.88450743, -11.77328894, -11.16409945, -10.71913522, -7.78590919, -4.9481568, 1.39543359, 1.95336011, 2.53063891, 2.9320574, 3.33150515, 3.62112346, 3.68365936, 3.99334634, 4.36970346, 4.52906769, 4.65070742, 5.1011763, 5.19807123, 5.82879096, 6.51083183, 6.64806621, 7.13456871, 7.3096905, 7.63240574, 9.789464, 13.22984275, 17.31570495], "fractional occupation": [2.0, 2.0, 2.0, 2.0, 2.0, 2.0, 2.0, 2.0, 2.0, 2.0, 2.0, 2.0, 2.0, 2.0, 2.0, 2.0, 2.0, 2.0, 2.0, 2.0, 2.0, 2.0, 2.0, 2.0, 2.0, 2.0, 0.0, 0.0, 0.0, 0.0, 0.0, 0.0, 0.0, 0.0, 0.0, 0.0, 0.0, 0.0, 0.0, 0.0, 0.0, 0.0, 0.0, 0.0, 0.0, 0.0, 0.0, 0.0, 0.0, 0.0], "program call": "xtb /home/svss/Project-DBcg-Debug/aqme2_20220329/End-to-End-workflows-final/example-3/QDESCP/mol_960_rdkit_conf_3/mol_960_rdkit_conf_3.xyz --pop --wbo --acc 0.2 --gfn 2 --chrg 0 --uhf 0 --etemp 300 --input /home/svss/Project-DBcg-Debug/aqme2_20220329/End-to-End-workflows-final/example-3/QDESCP/mol_960_rdkit_conf_3/mol_960_rdkit_conf_3_xtb.inp", "method": "GFN2-xTB", "xtb version": "6.3.3 (7355c4f)", "Dipole module/D": 4.109, "Total charge": 0, "Transition dipole module/D": NaN, "HOMO": -10.7191, "LUMO": -7.7859, "HOMO occupancy": 2.0, "LUMO occupancy": 0, "mulliken charges": [-0.0839, -0.03291, -0.04333, -0.01386, -0.04315, -0.02865, -0.07691, 0.37132, -0.48567, 0.03404, 0.02961, 0.03041, 0.02597, 0.0274, 0.03942, 0.03388, 0.03265, 0.04979, 0.02459, 0.03168, 0.04213, 0.02211, 0.01338], "cm5 charges": [-0.23423, -0.14448, -0.14991, -0.07264, -0.05778, -0.13321, -0.22551, 0.35749, -0.54049, 0.08481, 0.0809, 0.0817, 0.08064, 0.08222, 0.09457, 0.09062, 0.0896, 0.10817, 0.08042, 0.08254, 0.09489, 0.07384, 0.07584], "FUKUI+": [0.014, 0.002, 0.017, -0.11, -0.064, 0.019, 0.018, -0.071, -0.227, -0.031, -0.021, -0.018, -0.022, -0.017, -0.065, -0.045, -0.087, -0.04, -0.051, -0.047, -0.015, -0.024, -0.116], "FUKUI-": [0.015, 0.005, 0.006, -0.022, -0.036, 0.009, 0.016, -0.011, -0.165, -0.052, -0.059, -0.047, -0.058, -0.058, -0.064, -0.04, -0.05, -0.044, -0.08, -0.059, -0.055, -0.032, -0.118], "FUKUIrad": [0.014, 0.004, 0.011, -0.066, -0.05, 0.014, 0.017, -0.041, -0.196, -0.042, -0.04, -0.033, -0.04, -0.037, -0.064, -0.042, -0.069, -0.042, -0.065, -0.053, -0.035, -0.028, -0.117], "s proportion": [1.008, 1.028, 1.029, 1.088, 1.103, 1.021, 1.007, 1.05, 1.737, 0.966, 0.97, 0.97, 0.974, 0.973, 0.961, 0.966, 0.967, 0.95, 0.975, 0.968, 0.958, 0.978, 0.987], "p proportion": [3.075, 3.005, 3.014, 2.925, 2.94, 3.008, 3.069, 2.578, 4.748, 0.0, 0.0, 0.0, 0.0, 0.0, 0.0, 0.0, 0.0, 0.0, 0.0, 0.0, 0.0, 0.0, 0.0], "d proportion": [0.0, 0.0, 0.0, 0.0, 0.0, 0.0, 0.0, 0.0, 0.0, 0.0, 0.0, 0.0, 0.0, 0.0, 0.0, 0.0, 0.0, 0.0, 0.0, 0.0, 0.0, 0.0, 0.0], "Fermi-level/eV": -9.2525, "Coordination numbers": [3.75, 3.801, 3.803, 2.9, 2.94, 3.803, 3.75, 2.77, 0.856, 0.924, 0.924, 0.924, 0.924, 0.924, 0.924, 0.924, 0.925, 0.924, 0.924, 0.924, 0.924, 0.924, 0.923], "Dispersion coefficient C6": [22.513, 21.403, 21.612, 28.652, 28.377, 21.42, 22.354, 23.813, 20.59, 2.49, 2.505, 2.501, 2.538, 2.539, 2.337, 2.355, 2.43, 2.226, 2.508, 2.489, 2.391, 2.561, 2.799], "Total dispersion C6": 4271.931625, "Total dispersion C8": 93470.87034, "Polarizability alpha": [6.767, 6.587, 6.618, 8.777, 8.737, 6.589, 6.743, 7.992, 6.084, 2.467, 2.475, 2.473, 2.491, 2.492, 2.391, 2.4, 2.438, 2.333, 2.477, 2.467, 2.418, 2.503, 2.616], "Total polarizability alpha": 99.334319, "Wiberg matrix": [[0.0, 1.018832194330837, 0.0, 0.0, 0.0, 0.0, 0.0, 0.0, 0.0, 0.9860254530870688, 0.9874004581489473, 0.9873350891188499, 0.0, 0.0, 0.0, 0.0, 0.0, 0.0, 0.0, 0.0, 0.0, 0.0, 0.0], [1.018832194330837, 0.0, 0.9856197572070182, 0.0, 0.0, 0.0, 0.0, 0.0, 0.0, 0.0, 0.0, 0.0, 0.9778509707745097, 0.9782585413969176, 0.0, 0.0, 0.0, 0.0, 0.0, 0.0, 0.0, 0.0, 0.0], [0.0, 0.9856197572070182, 0.0, 1.0349946020943108, 0.0, 0.0, 0.0, 0.0, 0.0, 0.0, 0.0, 0.0, 0.0, 0.0, 0.9555770947401955, 0.9703424195338454, 0.0, 0.0, 0.0, 0.0, 0.0, 0.0, 0.0], [0.0, 0.0, 1.0349946020943108, 0.0, 1.7813483045838217, 0.0, 0.0, 0.0, 0.0, 0.0, 0.0, 0.0, 0.0, 0.0, 0.0, 0.0, 0.9622685416536042, 0.0, 0.0, 0.0, 0.0, 0.0, 0.0], [0.0, 0.0, 0.0, 1.7813483045838217, 0.0, 1.012227194022579, 0.0, 1.0591552100591397, 0.0, 0.0, 0.0, 0.0, 0.0, 0.0, 0.0, 0.0, 0.0, 0.0, 0.0, 0.0, 0.0, 0.0, 0.0], [0.0, 0.0, 0.0, 0.0, 1.012227194022579, 0.0, 1.0024922975539037, 0.0, 0.0, 0.0, 0.0, 0.0, 0.0, 0.0, 0.0, 0.0, 0.0, 0.9669945100024828, 0.9688398307583461, 0.0, 0.0, 0.0, 0.0], [0.0, 0.0, 0.0, 0.0, 0.0, 1.0024922975539037, 0.0, 0.0, 0.0, 0.0, 0.0, 0.0, 0.0, 0.0, 0.0, 0.0, 0.0, 0.0, 0.0, 0.9857226720039152, 0.9871279293547134, 0.9878125959745179, 0.0], [0.0, 0.0, 0.0, 0.0, 1.0591552100591397, 0.0, 0.0, 0.0, 1.855407458281622, 0.0, 0.0, 0.0, 0.0, 0.0, 0.0, 0.0, 0.0, 0.0, 0.0, 0.0, 0.0, 0.0, 0.9356819168179313], [0.0, 0.0, 0.0, 0.0, 0.0, 0.0, 0.0, 1.855407458281622, 0.0, 0.0, 0.0, 0.0, 0.0, 0.0, 0.0, 0.0, 0.0, 0.0, 0.0, 0.0, 0.0, 0.0, 0.0], [0.9860254530870688, 0.0, 0.0, 0.0, 0.0, 0.0, 0.0, 0.0, 0.0, 0.0, 0.0, 0.0, 0.0, 0.0, 0.0, 0.0, 0.0, 0.0, 0.0, 0.0, 0.0, 0.0, 0.0], [0.9874004581489473, 0.0, 0.0, 0.0, 0.0, 0.0, 0.0, 0.0, 0.0, 0.0, 0.0, 0.0, 0.0, 0.0, 0.0, 0.0, 0.0, 0.0, 0.0, 0.0, 0.0, 0.0, 0.0], [0.9873350891188499, 0.0, 0.0, 0.0, 0.0, 0.0, 0.0, 0.0, 0.0, 0.0, 0.0, 0.0, 0.0, 0.0, 0.0, 0.0, 0.0, 0.0, 0.0, 0.0, 0.0, 0.0, 0.0], [0.0, 0.9778509707745097, 0.0, 0.0, 0.0, 0.0, 0.0, 0.0, 0.0, 0.0, 0.0, 0.0, 0.0, 0.0, 0.0, 0.0, 0.0, 0.0, 0.0, 0.0, 0.0, 0.0, 0.0], [0.0, 0.9782585413969176, 0.0, 0.0, 0.0, 0.0, 0.0, 0.0, 0.0, 0.0, 0.0, 0.0, 0.0, 0.0, 0.0, 0.0, 0.0, 0.0, 0.0, 0.0, 0.0, 0.0, 0.0], [0.0, 0.0, 0.9555770947401955, 0.0, 0.0, 0.0, 0.0, 0.0, 0.0, 0.0, 0.0, 0.0, 0.0, 0.0, 0.0, 0.0, 0.0, 0.0, 0.0, 0.0, 0.0, 0.0, 0.0], [0.0, 0.0, 0.9703424195338454, 0.0, 0.0, 0.0, 0.0, 0.0, 0.0, 0.0, 0.0, 0.0, 0.0, 0.0, 0.0, 0.0, 0.0, 0.0, 0.0, 0.0, 0.0, 0.0, 0.0], [0.0, 0.0, 0.0, 0.9622685416536042, 0.0, 0.0, 0.0, 0.0, 0.0, 0.0, 0.0, 0.0, 0.0, 0.0, 0.0, 0.0, 0.0, 0.0, 0.0, 0.0, 0.0, 0.0, 0.0], [0.0, 0.0, 0.0, 0.0, 0.0, 0.9669945100024828, 0.0, 0.0, 0.0, 0.0, 0.0, 0.0, 0.0, 0.0, 0.0, 0.0, 0.0, 0.0, 0.0, 0.0, 0.0, 0.0, 0.0], [0.0, 0.0, 0.0, 0.0, 0.0, 0.9688398307583461, 0.0, 0.0, 0.0, 0.0, 0.0, 0.0, 0.0, 0.0, 0.0, 0.0, 0.0, 0.0, 0.0, 0.0, 0.0, 0.0, 0.0], [0.0, 0.0, 0.0, 0.0, 0.0, 0.0, 0.9857226720039152, 0.0, 0.0, 0.0, 0.0, 0.0, 0.0, 0.0, 0.0, 0.0, 0.0, 0.0, 0.0, 0.0, 0.0, 0.0, 0.0], [0.0, 0.0, 0.0, 0.0, 0.0, 0.0, 0.9871279293547134, 0.0, 0.0, 0.0, 0.0, 0.0, 0.0, 0.0, 0.0, 0.0, 0.0, 0.0, 0.0, 0.0, 0.0, 0.0, 0.0], [0.0, 0.0, 0.0, 0.0, 0.0, 0.0, 0.9878125959745179, 0.0, 0.0, 0.0, 0.0, 0.0, 0.0, 0.0, 0.0, 0.0, 0.0, 0.0, 0.0, 0.0, 0.0, 0.0, 0.0], [0.0, 0.0, 0.0, 0.0, 0.0, 0.0, 0.0, 0.9356819168179313, 0.0, 0.0, 0.0, 0.0, 0.0, 0.0, 0.0, 0.0, 0.0, 0.0, 0.0, 0.0, 0.0, 0.0, 0.0]], "Born radii": [], "Atomic SASAs": [], "Solvent H bonds": [], "Total SASA": NaN, "Total FOD": 0.0, "FOD": [0.0, 0.0, 0.0, 0.0, 0.0, 0.0, 0.0, 0.0, 0.0, 0.0, 0.0, 0.0, 0.0, 0.0, 0.0, 0.0, 0.0, 0.0, 0.0, 0.0, 0.0, 0.0, 0.0], "FOD s proportion": [0.0, 0.0, 0.0, 0.0, 0.0, 0.0, 0.0, 0.0, 0.0, 0.0, 0.0, 0.0, 0.0, 0.0, 0.0, 0.0, 0.0, 0.0, 0.0, 0.0, 0.0, 0.0, 0.0], "FOD p proportion": [0.0, 0.0, 0.0, 0.0, 0.0, 0.0, 0.0, 0.0, 0.0, 0.0, 0.0, 0.0, 0.0, 0.0, 0.0, 0.0, 0.0, 0.0, 0.0, 0.0, 0.0, 0.0, 0.0], "FOD d proportion": [0.0, 0.0, 0.0, 0.0, 0.0, 0.0, 0.0, 0.0, 0.0, 0.0, 0.0, 0.0, 0.0, 0.0, 0.0, 0.0, 0.0, 0.0, 0.0, 0.0, 0.0, 0.0, 0.0], "coordinates": [["3.13350", "-0.42230", "-1.07160"], ["1.95380", "0.46380", "-0.70270"], ["1.23270", "-0.05480", "0.54290"], ["0.07840", "0.83930", "0.90900"], ["-1.22500", "0.50040", "0.94020"], ["-1.81120", "-0.85480", "0.64920"], ["-2.25460", "-0.98240", "-0.80100"], ["-2.18800", "1.57460", "1.32300"], ["-3.39830", "1.39390", "1.38170"], ["3.63530", "-0.03340", "-1.96320"], ["3.86550", "-0.45940", "-0.25850"], ["2.80470", "-1.44430", "-1.28560"], ["2.31390", "1.48580", "-0.53280"], ["1.25760", "0.50410", "-1.54930"], ["1.92890", "-0.08050", "1.38990"], ["0.91290", "-1.08640", "0.36950"], ["0.37410", "1.85790", "1.16050"], ["-2.66490", "-1.04720", "1.31050"], ["-1.09320", "-1.64930", "0.87820"], ["-2.67740", "-1.97630", "-0.97950"], ["-3.02060", "-0.24110", "-1.05170"], ["-1.41110", "-0.84700", "-1.48640"], ["-1.74710", "2.55960", "1.55150"]], "bond_dist": [[0.0, 1.5208394096682267, 2.5208544464129616, 3.8533163547780505, 4.888275440275435, 5.253405274676608, 5.423887718233112, 6.16766414617398, 7.2098317990089065, 1.09453049751937, 1.0946835250427402, 1.0947097514866668, 2.145435902095423, 2.146023080025003, 2.7616789549113054, 2.729260408975296, 4.2185152376161925, 6.299709753631512, 4.813755491297829, 6.015808941447525, 6.156799189513979, 4.583210478474669, 6.292268079158738], [1.5208394096682267, 0.0, 1.5298531073276285, 2.501140199988797, 3.5784395216350937, 4.212073666259886, 4.451043460807814, 4.74255673345085, 5.818486382213161, 2.1595162282326106, 2.1689188020762784, 2.16902024656295, 1.0968236047788176, 1.0968364007453435, 2.1623730621703556, 2.153185010629602, 2.8125577576291656, 5.260084118148681, 4.030960855676969, 5.242014850226962, 5.036202971485562, 3.695258359032559, 4.813569994297372], [2.5208544464129616, 1.5298531073276285, 0.0, 1.505274895160349, 2.550761380450943, 3.149067623916641, 3.8506843885210844, 3.868422011621793, 4.924274375986782, 3.471812484855713, 2.781650402189319, 2.783039076261776, 2.167849692667829, 2.1657077503670714, 1.0967059450919376, 1.0938638672156604, 2.185645215948828, 4.094551657996269, 2.839835761096053, 4.615056448192156, 4.5462091614882825, 3.425685007410926, 4.090424105150956], [3.8533163547780505, 2.501140199988797, 1.505274895160349, 0.0, 1.3470999257664595, 2.5510897690986885, 3.418417746560534, 2.418394312348588, 3.552248490744981, 4.654317967221407, 4.170348228865307, 4.1789723389847895, 2.7375554314022574, 2.747018487378634, 2.1217085332344783, 2.1669727709410656, 1.0900627046184088, 3.3534727358366876, 2.750768103639418, 4.3690352768088285, 3.8230105479844023, 3.2863595512359876, 2.589341342890118], [4.888275440275435, 3.5784395216350937, 2.550761380450943, 1.3470999257664595, 0.0, 1.504951321471894, 2.5080967764422493, 1.492585166749288, 2.390919779080846, 5.686579823584648, 5.317075133943473, 4.997451932735322, 3.9578473151449387, 3.5158109590818447, 3.2383267454041755, 2.722911886198303, 2.109137062876664, 2.146042837410288, 2.1546288149006085, 3.4538032283267097, 2.782385167441776, 2.781817307085424, 2.210561182143575], [5.253405274676608, 4.212073666259886, 3.149067623916641, 2.5510897690986885, 1.504951321471894, 0.0, 1.521829609384704, 2.5491114216526514, 2.848173862319504, 6.096203242182794, 5.762393889695497, 5.039592652189262, 4.8879425497851345, 4.012174584935207, 3.8905687232074437, 2.748197856778147, 3.5207534804356864, 1.0968769940152814, 1.0950777369666502, 2.15887201566003, 2.1753934954393883, 2.172769709380173, 3.532192160684353], [5.423887718233112, 4.451043460807814, 3.8506843885210844, 3.418417746560534, 2.5080967764422493, 1.521829609384704, 0.0, 3.3247647375415905, 3.4233069786392223, 6.07801216270583, 6.166316506635059, 5.10340134224225, 5.199532164531729, 3.8865388175084523, 4.807820573815126, 3.378452678372157, 4.338761347435463, 2.1519705806539267, 2.147863638595337, 1.0947416590228034, 1.095048939545626, 1.0952618727957255, 4.282239659337156], [6.16766414617398, 4.74255673345085, 3.868422011621793, 2.418394312348588, 1.492585166749288, 2.5491114216526514, 3.3247647375415905, 0.0, 1.2251221449308634, 6.877179460360185, 6.578993882046099, 6.3910565996554904, 4.870213823847983, 4.6117498739632445, 4.4376454601511375, 4.195910397041386, 2.5828320793268773, 2.664849920727244, 3.4336518882961915, 4.260271050062426, 3.103093511320598, 3.7895182451071534, 1.1031002039706095], [7.2098317990089065, 5.818486382213161, 4.924274375986782, 3.552248490744981, 2.390919779080846, 2.848173862319504, 3.4233069786392223, 1.2251221449308634, 0.0, 7.918148158502719, 7.673836548298381, 7.324416531710905, 6.025195822543861, 5.573141829345454, 5.527475231966218, 5.075714961461094, 3.807259802009839, 2.5498851366287067, 3.850722594526902, 4.1777039495397466, 2.955895439625698, 4.1468776519207795, 2.028336749654751], [1.09453049751937, 2.1595162282326106, 3.471812484855713, 4.654317967221407, 5.686579823584648, 6.096203242182794, 6.07801216270583, 6.877179460360185, 7.918148158502719, 0.0, 1.7721371645558366, 1.771913352847706, 2.4698402296504933, 2.472585033927044, 3.762618633345665, 3.7365438643216806, 4.8959108263937985, 7.171988717921969, 5.748338805254959, 6.677777129404664, 6.721233246213079, 5.133754587044457, 6.931593961708952], [1.0946835250427402, 2.1689188020762784, 2.781650402189319, 4.170348228865307, 5.317075133943473, 5.762393889695497, 6.166316506635059, 6.578993882046099, 7.673836548298381, 1.7721371645558366, 0.0, 1.7748969153164924, 2.503299041265346, 3.065230709098419, 2.571226814188122, 3.0830763467679483, 4.42417384943223, 6.741913229937033, 5.22462004264425, 6.755025316014737, 6.935069887174894, 5.43143440814671, 6.625084132295982], [1.0947097514866668, 2.16902024656295, 2.783039076261776, 4.1789723389847895, 4.997451932735322, 5.039592652189262, 5.10340134224225, 6.3910565996554904, 7.324416531710905, 1.771913352847706, 1.7748969153164924, 0.0, 3.064812961666666, 2.5018630378180173, 3.1281426326176365, 2.538967439728206, 4.774489125550502, 6.06744985805404, 4.462922792296546, 5.51635220231631, 5.9528580984263355, 4.262635050059998, 6.69322305470242], [2.145435902095423, 1.0968236047788176, 2.167849692667829, 2.7375554314022574, 3.9578473151449387, 4.8879425497851345, 5.199532164531729, 4.870213823847983, 6.025195822543861, 2.4698402296504933, 2.503299041265346, 3.064812961666666, 0.0, 1.7643063311114653, 2.509640607736494, 3.0648261174167777, 2.6016431999795824, 5.882371403609262, 4.840258610859548, 6.090874566923866, 5.631015101205111, 4.497436358638107, 4.68925089220016], [2.146023080025003, 1.0968364007453435, 2.1657077503670714, 2.747018487378634, 3.5158109590818447, 4.012174584935207, 3.8865388175084523, 4.6117498739632445, 5.573141829345454, 2.472585033927044, 3.065230709098419, 2.5018630378180173, 1.7643063311114653, 0.0, 3.0710417597290984, 2.516009097757796, 3.1553704584406566, 5.096174445601327, 4.0070124095141, 4.686286504258995, 4.371032376910517, 2.991886914640993, 4.782077266209738], [2.7616789549113054, 2.1623730621703556, 1.0967059450919376, 2.1217085332344783, 3.2383267454041755, 3.8905687232074437, 4.807820573815126, 4.4376454601511375, 5.527475231966218, 3.762618633345665, 2.571226814188122, 3.1281426326176365, 2.509640607736494, 3.0710417597290984, 0.0, 1.7565041901458704, 2.4954803064740867, 4.69508377880523, 3.443262804376105, 5.515987100238723, 5.521299952909641, 4.4739494789279854, 4.5287104754002545], [2.729260408975296, 2.153185010629602, 1.0938638672156604, 2.1669727709410656, 2.722911886198303, 2.748197856778147, 3.378452678372157, 4.195910397041386, 5.075714961461094, 3.7365438643216806, 3.0830763467679483, 2.538967439728206, 3.0648261174167777, 2.516009097757796, 1.7565041901458704, 0.0, 3.0959471781669663, 3.6996851866070983, 2.1447772168689223, 3.93725502095051, 4.266938455145563, 2.983731417202292, 4.665408878115615], [4.2185152376161925, 2.8125577576291656, 2.185645215948828, 1.0900627046184088, 2.109137062876664, 3.5207534804356864, 4.338761347435463, 2.5828320793268773, 3.807259802009839, 4.8959108263937985, 4.42417384943223, 4.774489125550502, 2.6016431999795824, 3.1553704584406566, 2.4954803064740867, 3.0959471781669663, 0.0, 4.206854764547975, 3.8122322096115813, 5.347180742222952, 4.563290252657615, 4.184435763636479, 2.268204869494817], [6.299709753631512, 5.260084118148681, 4.094551657996269, 3.3534727358366876, 2.146042837410288, 1.0968769940152814, 2.1519705806539267, 2.664849920727244, 2.5498851366287067, 7.171988717921969, 6.741913229937033, 6.06744985805404, 5.882371403609262, 5.096174445601327, 4.69508377880523, 3.6996851866070983, 4.206854764547975, 0.0, 1.7377136098908819, 2.471332243952642, 2.521172056802153, 3.071602853560336, 3.7295367111747266], [4.813755491297829, 4.030960855676969, 2.839835761096053, 2.750768103639418, 2.1546288149006085, 1.0950777369666502, 2.147863638595337, 3.4336518882961915, 3.850722594526902, 5.748338805254959, 5.22462004264425, 4.462922792296546, 4.840258610859548, 4.0070124095141, 3.443262804376105, 2.1447772168689223, 3.8122322096115813, 1.7377136098908819, 0.0, 2.46326367447742, 3.0695947631568568, 2.517156900155411, 4.312279827423076], [6.015808941447525, 5.242014850226962, 4.615056448192156, 4.3690352768088285, 3.4538032283267097, 2.15887201566003, 1.0947416590228034, 4.260271050062426, 4.1777039495397466, 6.677777129404664, 6.755025316014737, 5.51635220231631, 6.090874566923866, 4.686286504258995, 5.515987100238723, 3.93725502095051, 5.347180742222952, 2.471332243952642, 2.46326367447742, 0.0, 1.7702875811573666, 1.7708138778539093, 5.276912724311441], [6.156799189513979, 5.036202971485562, 4.5462091614882825, 3.8230105479844023, 2.782385167441776, 2.1753934954393883, 1.095048939545626, 3.103093511320598, 2.955895439625698, 6.721233246213079, 6.935069887174894, 5.9528580984263355, 5.631015101205111, 4.371032376910517, 5.521299952909641, 4.266938455145563, 4.563290252657615, 2.521172056802153, 3.0695947631568568, 1.7702875811573666, 0.0, 1.7738571391180293, 4.030182747717528], [4.583210478474669, 3.695258359032559, 3.425685007410926, 3.2863595512359876, 2.781817307085424, 2.172769709380173, 1.0952618727957255, 3.7895182451071534, 4.1468776519207795, 5.133754587044457, 5.43143440814671, 4.262635050059998, 4.497436358638107, 2.991886914640993, 4.4739494789279854, 2.983731417202292, 4.184435763636479, 3.071602853560336, 2.517156900155411, 1.7708138778539093, 1.7738571391180293, 0.0, 4.576751683235611], [6.292268079158738, 4.813569994297372, 4.090424105150956, 2.589341342890118, 2.210561182143575, 3.532192160684353, 4.282239659337156, 1.1031002039706095, 2.028336749654751, 6.931593961708952, 6.625084132295982, 6.69322305470242, 4.68925089220016, 4.782077266209738, 4.5287104754002545, 4.665408878115615, 2.268204869494817, 3.7295367111747266, 4.312279827423076, 5.276912724311441, 4.030182747717528, 4.576751683235611, 0.0]]}