{"total energy": -44.13748312, "HOMO-LUMO gap/eV": 3.21610827, "electronic energy": -44.53676066, "dipole": [0.19216972, 1.20940243, 0.69693342], "partial charges": [-0.11462995, 0.09247638, -0.25472522, 0.38181289, -0.4107217, -0.26836455, 0.09645293, -0.11266547, -0.1043288, 0.04771718, -0.1673094, -0.00444125, -0.10393368, 0.05821085, 0.06007165, 0.05944296, 0.05624074, 0.04542, 0.0486541, 0.0495702, 0.05775361, 0.05786671, 0.05645833, 0.0595684, 0.06296148, 0.06404001, 0.04763008, 0.0460861, 0.03892666, 0.05375876], "atomic dipole moments": [[0.06659331, -0.0152028, -0.13350645], [0.13461911, 0.24930017, 0.01982545], [0.00578371, -0.16085606, -0.0716146], [0.02138177, 0.03467866, 0.24735169], [0.09683688, 0.10305479, 0.40265884], [-0.19436538, -2.733e-05, -0.02678138], [0.22833011, -0.15873146, 0.00547423], [-0.07906628, -0.12323408, 0.00753881], [-0.03716222, 0.35290166, -0.35904668], [-0.03504643, -0.09926697, 0.1409926], [-0.16743413, 0.23313459, -0.32474599], [-0.08086426, 0.04522657, 0.11543641], [-0.03308694, -0.11731691, -0.00206515], [-0.06784263, -0.10826311, 0.02232467], [0.08194009, 0.01919008, 0.09739175], [-0.07869438, 0.10117147, 0.00670839], [-0.08018208, -0.00720958, -0.09222288], [0.08393048, -0.09093743, -0.00200187], [-0.06506092, -0.01063073, 0.10338605], [-0.06764689, -0.01935716, -0.09985726], [0.07843379, 0.0049565, -0.10151577], [0.07860835, 0.01762841, 0.09929597], [-0.08355961, 0.09883441, -0.00611287], [0.00940599, 0.1250966, 0.01375845], [-0.02728303, -0.03922957, -0.11695692], [0.10877839, -0.06440594, 0.01047229], [-0.0490982, -0.03642107, -0.11147453], [0.08395428, 0.02793602, -0.09055823], [-0.10095839, 0.07343369, -0.02457446], [0.05338983, 0.03799672, 0.11227615]], "atomic quadrupole moments": [[-0.04597666, 0.00087329, -0.14005454, -0.18474192, 0.01055031, 0.1860312], [-0.089532, 0.36492283, 0.21316878, -0.20389179, -0.07427559, -0.12363678], [-0.00682784, 0.09175089, 0.05150397, -0.07633067, -0.00442818, -0.04467614], [0.4270745, -0.09339421, 0.56144462, -0.32627976, -0.52763141, -0.98851912], [-0.24635815, 0.03842552, -0.31866119, 0.3078166, 0.16258817, 0.56501934], [0.02446828, -0.04845292, 0.08776329, 0.02041655, 0.01516926, -0.11223157], [0.07847598, -0.26680334, 0.31868386, 0.01311686, -0.03570379, -0.39715985], [-0.04897931, 0.16861962, 0.19672892, -0.01140532, -0.02138984, -0.14774961], [0.42610174, -0.21532619, -0.27894522, -0.09165081, -0.37491174, -0.14715653], [0.32403993, -0.05416766, -0.23581792, -0.1405114, -0.22112662, -0.08822201], [0.45509655, -0.24317719, -0.40674556, -0.15361354, -0.37583775, -0.04835099], [-0.06563849, 0.13173363, 0.01742091, -0.26885412, -0.1048812, 0.04821758], [-0.09937545, 0.081871, 0.22178526, -0.02850525, -0.00791113, -0.12240981], [-0.01476183, 0.05737525, 0.0513793, -0.01324377, -0.00809595, -0.03661747], [0.0293144, 0.0018431, -0.0496055, 0.05448373, 0.01189996, 0.0202911], [0.00055685, -0.06538713, 0.02657461, 0.00502542, -0.00831666, -0.02713146], [0.01085948, 0.02112246, -0.02115069, 0.02616578, -0.01206063, 0.01029121], [0.01317629, -0.01023758, 0.02068911, -0.01408962, -0.01837088, -0.03386541], [-0.01780983, -0.01577261, 0.00615237, -0.03298773, -0.00516099, 0.01165746], [-0.01397411, -0.01147573, 0.00350636, 0.03382684, 0.00448324, 0.01046775], [-0.00927867, 0.00845953, -0.0380679, -0.0545952, 0.01040109, 0.04734657], [-0.00917563, 0.01498221, -0.03944506, 0.05379636, 3.234e-05, 0.04862069], [0.02520687, -0.06023806, 0.02641401, 0.00384247, -0.00430838, -0.05162088], [0.0083473, 0.00275222, 0.03078729, -0.00647622, -0.00310526, -0.03913459], [-0.00269635, -0.0005568, -0.03276107, 0.00315661, 0.01317119, 0.03545743], [0.04603576, -0.02672626, -0.0024927, 0.00378858, -0.01858259, -0.04354306], [-0.01799041, 0.02676207, -0.02127138, 0.02615824, -0.00538082, 0.0392618], [0.00736113, 0.00924854, -0.02853617, -0.06727021, -0.00993984, 0.02117504], [0.05419091, -0.0392997, -0.00494824, 0.01777568, -0.00707742, -0.04924267], [-0.03382183, 0.01079138, -0.02100721, 0.04175655, 0.0126868, 0.05482904]], "number of molecular orbitals": 89, "number of electrons": 80, "number of unpaired electrons": 0, "orbital energies/eV": [-20.50892354, -20.20856477, -20.04009599, -19.73132676, -18.95791501, -18.53861653, -18.06838338, -17.30881642, -17.19910512, -16.9937874, -16.79384985, -16.64806849, -16.1649604, -16.04330857, -15.77746092, -15.62989841, -15.24682804, -14.82848639, -14.71613027, -14.58502802, -14.47697119, -14.22235228, -13.94437226, -13.74574864, -13.52947583, -13.4396139, -13.37048592, -13.28869268, -13.19415919, -13.00980233, -12.93762116, -12.70010988, -12.54741343, -12.2918827, -12.21013902, -11.88200001, -11.0311501, -10.13001614, -10.05327223, -10.04001674, -6.82390847, -6.15564996, -5.72074122, -4.40285694, -4.06547429, -3.71491897, -3.27511509, -0.87970017, -0.83265585, -0.64886402, -0.35550524, -0.18086093, 0.02673592, 0.21503956, 0.5674982, 0.7007629, 0.75554694, 2.33163442, 2.54525409, 2.69464375, 2.83605987, 3.05279309, 3.26084339, 3.35697907, 3.49834094, 3.61186036, 3.77584819, 3.86039211, 4.05810553, 4.31349048, 4.44514416, 4.59593877, 4.69053309, 4.96151129, 5.50915311, 5.917229, 6.09547064, 6.18203328, 6.31481778, 6.47352227, 6.99924667, 7.31631521, 9.18768388, 10.54433154, 11.37682057, 12.62848088, 25.97396657, 27.47743256, 34.0496408], "fractional occupation": [2.0, 2.0, 2.0, 2.0, 2.0, 2.0, 2.0, 2.0, 2.0, 2.0, 2.0, 2.0, 2.0, 2.0, 2.0, 2.0, 2.0, 2.0, 2.0, 2.0, 2.0, 2.0, 2.0, 2.0, 2.0, 2.0, 2.0, 2.0, 2.0, 2.0, 2.0, 2.0, 2.0, 2.0, 2.0, 2.0, 2.0, 2.0, 2.0, 2.0, 0.0, 0.0, 0.0, 0.0, 0.0, 0.0, 0.0, 0.0, 0.0, 0.0, 0.0, 0.0, 0.0, 0.0, 0.0, 0.0, 0.0, 0.0, 0.0, 0.0, 0.0, 0.0, 0.0, 0.0, 0.0, 0.0, 0.0, 0.0, 0.0, 0.0, 0.0, 0.0, 0.0, 0.0, 0.0, 0.0, 0.0, 0.0, 0.0, 0.0, 0.0, 0.0, 0.0, 0.0, 0.0, 0.0, 0.0, 0.0, 0.0], "program call": "xtb /home/svss/Project-DBcg-Debug/aqme2_20220329/End-to-End-workflows-final/example-3/QDESCP/mol_23_rdkit_conf_2/mol_23_rdkit_conf_2.xyz --pop --wbo --acc 0.2 --gfn 2 --chrg 0 --uhf 0 --etemp 300 --input /home/svss/Project-DBcg-Debug/aqme2_20220329/End-to-End-workflows-final/example-3/QDESCP/mol_23_rdkit_conf_2/mol_23_rdkit_conf_2_xtb.inp", "method": "GFN2-xTB", "xtb version": "6.3.3 (7355c4f)", "Dipole module/D": 3.581, "Total charge": 0, "Transition dipole module/D": NaN, "HOMO": -10.04, "LUMO": -6.8239, "HOMO occupancy": 2.0, "LUMO occupancy": 0, "mulliken charges": [-0.09609, 0.20661, -0.37138, 0.37767, -0.23948, -0.38026, 0.21401, -0.09736, -0.07207, 0.08523, -0.12613, 0.0197, -0.08974, 0.03231, 0.04292, 0.04208, 0.02822, 0.02582, 0.03264, 0.02628, 0.0399, 0.04029, 0.03053, 0.03947, 0.03266, 0.03544, 0.02617, 0.0318, 0.03052, 0.03226], "cm5 charges": [-0.24255, 0.1284, -0.43486, 0.31695, -0.2106, -0.44155, 0.1361, -0.24383, -0.07218, 0.01361, -0.17024, -0.07467, -0.23778, 0.08353, 0.09626, 0.0954, 0.09232, 0.09151, 0.09925, 0.0921, 0.0932, 0.09362, 0.08175, 0.10016, 0.09196, 0.09111, 0.08189, 0.08262, 0.08258, 0.08394], "FUKUI+": [0.01, 0.014, 0.011, -0.157, -0.159, -0.005, 0.012, 0.012, -0.282, 0.046, -0.135, 0.015, 0.017, -0.023, -0.008, -0.019, -0.019, 0.002, -0.026, -0.017, -0.012, -0.015, -0.029, -0.06, -0.057, -0.033, -0.026, -0.032, -0.007, -0.017], "FUKUI-": [0.008, 0.011, -0.006, -0.096, -0.283, 0.003, 0.011, 0.009, -0.106, 0.066, -0.302, 0.035, 0.016, -0.021, -0.01, -0.016, -0.011, -0.003, -0.02, -0.006, -0.008, -0.013, -0.023, -0.05, -0.042, -0.037, -0.037, -0.038, -0.014, -0.019], "FUKUIrad": [0.009, 0.012, 0.002, -0.127, -0.221, -0.001, 0.012, 0.01, -0.194, 0.056, -0.219, 0.025, 0.017, -0.022, -0.009, -0.017, -0.015, -0.001, -0.023, -0.012, -0.01, -0.014, -0.026, -0.055, -0.049, -0.035, -0.031, -0.035, -0.01, -0.018], "s proportion": [1.012, 0.993, 1.66, 1.52, 1.89, 1.653, 0.992, 1.012, 1.909, 1.041, 1.931, 1.035, 1.011, 0.968, 0.957, 0.958, 0.972, 0.974, 0.967, 0.974, 0.96, 0.96, 0.969, 0.961, 0.967, 0.965, 0.974, 0.968, 0.969, 0.968], "p proportion": [3.084, 2.801, 4.712, 2.023, 4.365, 4.727, 2.794, 3.085, 4.166, 2.874, 4.196, 2.945, 3.079, 0.0, 0.0, 0.0, 0.0, 0.0, 0.0, 0.0, 0.0, 0.0, 0.0, 0.0, 0.0, 0.0, 0.0, 0.0, 0.0, 0.0], "d proportion": [0.0, 0.0, 0.0, 1.079, -0.015, 0.0, 0.0, 0.0, -0.003, 0.0, -0.0, 0.0, 0.0, 0.0, 0.0, 0.0, 0.0, 0.0, 0.0, 0.0, 0.0, 0.0, 0.0, 0.0, 0.0, 0.0, 0.0, 0.0, 0.0, 0.0], "Fermi-level/eV": -8.432, "Coordination numbers": [3.749, 3.904, 1.658, 3.921, 0.926, 1.658, 3.895, 3.749, 2.058, 3.795, 2.132, 3.793, 3.777, 0.924, 0.924, 0.924, 0.924, 0.924, 0.924, 0.924, 0.924, 0.924, 0.924, 0.924, 0.924, 0.924, 0.924, 0.924, 0.924, 0.924], "Dispersion coefficient C6": [22.76, 19.0, 18.236, 144.377, 157.129, 18.465, 18.941, 22.722, 145.415, 19.78, 148.129, 20.667, 22.511, 2.22, 2.198, 2.206, 2.244, 2.378, 2.337, 2.325, 2.226, 2.224, 2.241, 2.204, 2.165, 2.152, 2.35, 2.37, 2.463, 2.274], "Total dispersion C6": 13103.72498, "Total dispersion C8": 414224.737968, "Polarizability alpha": [6.804, 6.196, 5.765, 21.584, 21.202, 5.801, 6.187, 6.799, 20.296, 6.333, 20.484, 6.474, 6.76, 2.33, 2.319, 2.323, 2.342, 2.412, 2.391, 2.385, 2.333, 2.332, 2.341, 2.322, 2.301, 2.294, 2.397, 2.407, 2.454, 2.358], "Total polarizability alpha": 180.725396, "Wiberg matrix": [[0.0, 1.0163882327567368, 0.0, 0.0, 0.0, 0.0, 0.0, 0.0, 0.0, 0.0, 0.0, 0.0, 0.0, 0.981519106327201, 0.9845058111888378, 0.9841977924199783, 0.0, 0.0, 0.0, 0.0, 0.0, 0.0, 0.0, 0.0, 0.0, 0.0, 0.0, 0.0, 0.0, 0.0], [1.0163882327567368, 0.0, 0.9206735207929437, 0.0, 0.0, 0.0, 0.0, 0.0, 0.0, 0.0, 0.0, 0.0, 0.0, 0.0, 0.0, 0.0, 0.9700189524687803, 0.9695116701596722, 0.0, 0.0, 0.0, 0.0, 0.0, 0.0, 0.0, 0.0, 0.0, 0.0, 0.0, 0.0], [0.0, 0.9206735207929437, 0.0, 1.2619911083563522, 0.0, 0.0, 0.0, 0.0, 0.0, 0.0, 0.0, 0.0, 0.0, 0.0, 0.0, 0.0, 0.0, 0.0, 0.0, 0.0, 0.0, 0.0, 0.0, 0.0, 0.0, 0.0, 0.0, 0.0, 0.0, 0.0], [0.0, 0.0, 1.2619911083563522, 0.0, 1.5544601419924453, 1.2365781152604662, 0.0, 0.0, 1.0160210951456088, 0.0, 0.0, 0.0, 0.0, 0.0, 0.0, 0.0, 0.0, 0.0, 0.0, 0.0, 0.0, 0.0, 0.0, 0.0, 0.0, 0.0, 0.0, 0.0, 0.0, 0.0], [0.0, 0.0, 0.0, 1.5544601419924453, 0.0, 0.0, 0.0, 0.0, 0.14933802428491294, 0.0, 0.0, 0.0, 0.0, 0.0, 0.0, 0.0, 0.0, 0.0, 0.0, 0.0, 0.0, 0.0, 0.0, 0.0, 0.0, 0.0, 0.0, 0.0, 0.0, 0.0], [0.0, 0.0, 0.0, 1.2365781152604662, 0.0, 0.0, 0.914122933091098, 0.0, 0.0, 0.0, 0.0, 0.0, 0.0, 0.0, 0.0, 0.0, 0.0, 0.0, 0.0, 0.0, 0.0, 0.0, 0.0, 0.0, 0.0, 0.0, 0.0, 0.0, 0.0, 0.0], [0.0, 0.0, 0.0, 0.0, 0.0, 0.914122933091098, 0.0, 1.015871723165299, 0.0, 0.0, 0.0, 0.0, 0.0, 0.0, 0.0, 0.0, 0.0, 0.0, 0.9718369907544733, 0.9676435009505413, 0.0, 0.0, 0.0, 0.0, 0.0, 0.0, 0.0, 0.0, 0.0, 0.0], [0.0, 0.0, 0.0, 0.0, 0.0, 0.0, 1.015871723165299, 0.0, 0.0, 0.0, 0.0, 0.0, 0.0, 0.0, 0.0, 0.0, 0.0, 0.0, 0.0, 0.0, 0.9847658560565238, 0.9847373694708172, 0.9808614104785734, 0.0, 0.0, 0.0, 0.0, 0.0, 0.0, 0.0], [0.0, 0.0, 0.0, 1.0160210951456088, 0.14933802428491294, 0.0, 0.0, 0.0, 0.0, 0.9741375272274138, 0.0, 0.0, 0.0, 0.0, 0.0, 0.0, 0.0, 0.0, 0.0, 0.0, 0.0, 0.0, 0.0, 0.0, 0.0, 0.0, 0.0, 0.0, 0.0, 0.0], [0.0, 0.0, 0.0, 0.0, 0.0, 0.0, 0.0, 0.0, 0.9741375272274138, 0.0, 0.9943394907989813, 0.0, 0.0, 0.0, 0.0, 0.0, 0.0, 0.0, 0.0, 0.0, 0.0, 0.0, 0.0, 0.9714035103901629, 0.9703383194177138, 0.0, 0.0, 0.0, 0.0, 0.0], [0.0, 0.0, 0.0, 0.0, 0.0, 0.0, 0.0, 0.0, 0.0, 0.9943394907989813, 0.0, 0.9842052674053402, 0.0, 0.0, 0.0, 0.0, 0.0, 0.0, 0.0, 0.0, 0.0, 0.0, 0.0, 0.0, 0.0, 0.0, 0.0, 0.0, 0.0, 0.0], [0.0, 0.0, 0.0, 0.0, 0.0, 0.0, 0.0, 0.0, 0.0, 0.0, 0.9842052674053402, 0.0, 1.0259388088211934, 0.0, 0.0, 0.0, 0.0, 0.0, 0.0, 0.0, 0.0, 0.0, 0.0, 0.0, 0.0, 0.9682130816346203, 0.9725924404099027, 0.0, 0.0, 0.0], [0.0, 0.0, 0.0, 0.0, 0.0, 0.0, 0.0, 0.0, 0.0, 0.0, 0.0, 1.0259388088211934, 0.0, 0.0, 0.0, 0.0, 0.0, 0.0, 0.0, 0.0, 0.0, 0.0, 0.0, 0.0, 0.0, 0.0, 0.0, 0.9789970207988143, 0.9849455948208224, 0.9856590620266021], [0.981519106327201, 0.0, 0.0, 0.0, 0.0, 0.0, 0.0, 0.0, 0.0, 0.0, 0.0, 0.0, 0.0, 0.0, 0.0, 0.0, 0.0, 0.0, 0.0, 0.0, 0.0, 0.0, 0.0, 0.0, 0.0, 0.0, 0.0, 0.0, 0.0, 0.0], [0.9845058111888378, 0.0, 0.0, 0.0, 0.0, 0.0, 0.0, 0.0, 0.0, 0.0, 0.0, 0.0, 0.0, 0.0, 0.0, 0.0, 0.0, 0.0, 0.0, 0.0, 0.0, 0.0, 0.0, 0.0, 0.0, 0.0, 0.0, 0.0, 0.0, 0.0], [0.9841977924199783, 0.0, 0.0, 0.0, 0.0, 0.0, 0.0, 0.0, 0.0, 0.0, 0.0, 0.0, 0.0, 0.0, 0.0, 0.0, 0.0, 0.0, 0.0, 0.0, 0.0, 0.0, 0.0, 0.0, 0.0, 0.0, 0.0, 0.0, 0.0, 0.0], [0.0, 0.9700189524687803, 0.0, 0.0, 0.0, 0.0, 0.0, 0.0, 0.0, 0.0, 0.0, 0.0, 0.0, 0.0, 0.0, 0.0, 0.0, 0.0, 0.0, 0.0, 0.0, 0.0, 0.0, 0.0, 0.0, 0.0, 0.0, 0.0, 0.0, 0.0], [0.0, 0.9695116701596722, 0.0, 0.0, 0.0, 0.0, 0.0, 0.0, 0.0, 0.0, 0.0, 0.0, 0.0, 0.0, 0.0, 0.0, 0.0, 0.0, 0.0, 0.0, 0.0, 0.0, 0.0, 0.0, 0.0, 0.0, 0.0, 0.0, 0.0, 0.0], [0.0, 0.0, 0.0, 0.0, 0.0, 0.0, 0.9718369907544733, 0.0, 0.0, 0.0, 0.0, 0.0, 0.0, 0.0, 0.0, 0.0, 0.0, 0.0, 0.0, 0.0, 0.0, 0.0, 0.0, 0.0, 0.0, 0.0, 0.0, 0.0, 0.0, 0.0], [0.0, 0.0, 0.0, 0.0, 0.0, 0.0, 0.9676435009505413, 0.0, 0.0, 0.0, 0.0, 0.0, 0.0, 0.0, 0.0, 0.0, 0.0, 0.0, 0.0, 0.0, 0.0, 0.0, 0.0, 0.0, 0.0, 0.0, 0.0, 0.0, 0.0, 0.0], [0.0, 0.0, 0.0, 0.0, 0.0, 0.0, 0.0, 0.9847658560565238, 0.0, 0.0, 0.0, 0.0, 0.0, 0.0, 0.0, 0.0, 0.0, 0.0, 0.0, 0.0, 0.0, 0.0, 0.0, 0.0, 0.0, 0.0, 0.0, 0.0, 0.0, 0.0], [0.0, 0.0, 0.0, 0.0, 0.0, 0.0, 0.0, 0.9847373694708172, 0.0, 0.0, 0.0, 0.0, 0.0, 0.0, 0.0, 0.0, 0.0, 0.0, 0.0, 0.0, 0.0, 0.0, 0.0, 0.0, 0.0, 0.0, 0.0, 0.0, 0.0, 0.0], [0.0, 0.0, 0.0, 0.0, 0.0, 0.0, 0.0, 0.9808614104785734, 0.0, 0.0, 0.0, 0.0, 0.0, 0.0, 0.0, 0.0, 0.0, 0.0, 0.0, 0.0, 0.0, 0.0, 0.0, 0.0, 0.0, 0.0, 0.0, 0.0, 0.0, 0.0], [0.0, 0.0, 0.0, 0.0, 0.0, 0.0, 0.0, 0.0, 0.0, 0.9714035103901629, 0.0, 0.0, 0.0, 0.0, 0.0, 0.0, 0.0, 0.0, 0.0, 0.0, 0.0, 0.0, 0.0, 0.0, 0.0, 0.0, 0.0, 0.0, 0.0, 0.0], [0.0, 0.0, 0.0, 0.0, 0.0, 0.0, 0.0, 0.0, 0.0, 0.9703383194177138, 0.0, 0.0, 0.0, 0.0, 0.0, 0.0, 0.0, 0.0, 0.0, 0.0, 0.0, 0.0, 0.0, 0.0, 0.0, 0.0, 0.0, 0.0, 0.0, 0.0], [0.0, 0.0, 0.0, 0.0, 0.0, 0.0, 0.0, 0.0, 0.0, 0.0, 0.0, 0.9682130816346203, 0.0, 0.0, 0.0, 0.0, 0.0, 0.0, 0.0, 0.0, 0.0, 0.0, 0.0, 0.0, 0.0, 0.0, 0.0, 0.0, 0.0, 0.0], [0.0, 0.0, 0.0, 0.0, 0.0, 0.0, 0.0, 0.0, 0.0, 0.0, 0.0, 0.9725924404099027, 0.0, 0.0, 0.0, 0.0, 0.0, 0.0, 0.0, 0.0, 0.0, 0.0, 0.0, 0.0, 0.0, 0.0, 0.0, 0.0, 0.0, 0.0], [0.0, 0.0, 0.0, 0.0, 0.0, 0.0, 0.0, 0.0, 0.0, 0.0, 0.0, 0.0, 0.9789970207988143, 0.0, 0.0, 0.0, 0.0, 0.0, 0.0, 0.0, 0.0, 0.0, 0.0, 0.0, 0.0, 0.0, 0.0, 0.0, 0.0, 0.0], [0.0, 0.0, 0.0, 0.0, 0.0, 0.0, 0.0, 0.0, 0.0, 0.0, 0.0, 0.0, 0.9849455948208224, 0.0, 0.0, 0.0, 0.0, 0.0, 0.0, 0.0, 0.0, 0.0, 0.0, 0.0, 0.0, 0.0, 0.0, 0.0, 0.0, 0.0], [0.0, 0.0, 0.0, 0.0, 0.0, 0.0, 0.0, 0.0, 0.0, 0.0, 0.0, 0.0, 0.9856590620266021, 0.0, 0.0, 0.0, 0.0, 0.0, 0.0, 0.0, 0.0, 0.0, 0.0, 0.0, 0.0, 0.0, 0.0, 0.0, 0.0, 0.0]], "Born radii": [], "Atomic SASAs": [], "Solvent H bonds": [], "Total SASA": NaN, "Total FOD": 0.0, "FOD": [0.0, 0.0, 0.0, 0.0, 0.0, 0.0, 0.0, 0.0, 0.0, 0.0, 0.0, 0.0, 0.0, 0.0, 0.0, 0.0, 0.0, 0.0, 0.0, 0.0, 0.0, 0.0, 0.0, 0.0, 0.0, 0.0, 0.0, 0.0, 0.0, 0.0], "FOD s proportion": [0.0, 0.0, 0.0, 0.0, 0.0, 0.0, 0.0, 0.0, 0.0, 0.0, 0.0, 0.0, 0.0, 0.0, 0.0, 0.0, 0.0, 0.0, 0.0, 0.0, 0.0, 0.0, 0.0, 0.0, 0.0, 0.0, 0.0, 0.0, 0.0, 0.0], "FOD p proportion": [0.0, 0.0, 0.0, 0.0, 0.0, 0.0, 0.0, 0.0, 0.0, 0.0, 0.0, 0.0, 0.0, 0.0, 0.0, 0.0, 0.0, 0.0, 0.0, 0.0, 0.0, 0.0, 0.0, 0.0, 0.0, 0.0, 0.0, 0.0, 0.0, 0.0], "FOD d proportion": [0.0, 0.0, 0.0, 0.0, 0.0, 0.0, 0.0, 0.0, 0.0, 0.0, 0.0, 0.0, 0.0, 0.0, 0.0, 0.0, 0.0, 0.0, 0.0, 0.0, 0.0, 0.0, 0.0, 0.0, 0.0, 0.0, 0.0, 0.0, 0.0, 0.0], "coordinates": [["-3.86410", "-1.62060", "2.38430"], ["-3.13940", "-1.67400", "1.05490"], ["-2.43460", "-0.45570", "0.87760"], ["-1.20990", "-0.40330", "-0.19050"], ["-1.76050", "-0.79090", "-2.02200"], ["-0.75840", "1.14970", "-0.00600"], ["-1.73980", "2.17180", "-0.07940"], ["-1.03310", "3.50940", "-0.16310"], ["0.37190", "-1.51080", "0.63470"], ["1.75520", "-1.00130", "-0.40380"], ["3.28830", "-1.78910", "0.16320"], ["4.39700", "-1.31290", "-1.19980"], ["4.72020", "0.17020", "-1.19140"], ["-4.43170", "-2.53930", "2.55670"], ["-3.15240", "-1.48540", "3.20540"], ["-4.55180", "-0.76900", "2.41530"], ["-3.86200", "-1.78970", "0.24160"], ["-2.45120", "-2.52400", "1.03920"], ["-2.36390", "2.13740", "0.81880"], ["-2.37540", "2.03190", "-0.95810"], ["-0.38980", "3.55030", "-1.04840"], ["-0.38640", "3.65950", "0.70770"], ["-1.75450", "4.32980", "-0.21270"], ["1.85650", "0.08500", "-0.34840"], ["1.55320", "-1.29500", "-1.43680"], ["5.32370", "-1.88420", "-1.08390"], ["3.95080", "-1.60810", "-2.15480"], ["5.44620", "0.39490", "-1.98000"], ["3.83430", "0.78320", "-1.38210"], ["5.16130", "0.48010", "-0.23810"]], "bond_dist": [[0.0, 1.5150399367673448, 2.3813036660619327, 3.8930954226681886, 4.952677532406082, 4.799319604902345, 4.996475351685426, 6.389108526234314, 4.584414051980907, 6.3034567175479195, 7.4912284186240115, 9.010339910902363, 9.47010040179089, 1.0935726816266031, 1.0949891049686293, 1.095041026628683, 2.1493632801367015, 2.149816731723893, 4.338658120894062, 5.1699730850363235, 7.112833232264061, 6.541012219832647, 6.826571710602621, 6.565210203032344, 6.637315711942593, 9.824131770288913, 9.037491193356704, 10.478122008738016, 8.901089032247684, 9.630564231134123], [1.5150399367673448, 0.0, 1.418602558858541, 2.6246275735806788, 3.4854762128007697, 3.8429092495139665, 4.246845216157519, 5.726050929742068, 3.5401172254601967, 5.151450294819897, 6.490277666633378, 7.8747311230289005, 8.379752352545987, 2.1619867298390156, 2.158793461635457, 2.1597654780091284, 1.0940722736638562, 1.0937850474384812, 3.8966541314312204, 4.285972446248342, 6.26717492495622, 6.0121359839910475, 6.290498566091562, 5.479265343091171, 5.326603481581861, 8.73170722653938, 7.783151864122915, 9.338281029183047, 7.785197012921381, 8.672578411291534], [2.3813036660619327, 1.418602558858541, 0.0, 1.6258762130002395, 2.995738641804388, 2.483486372018176, 2.8813802751459243, 4.332352334471424, 3.0081021708047087, 4.4152111342494145, 5.919451607201465, 7.191741177211537, 7.474200616119425, 3.3390379123334313, 2.6446496497645957, 2.6353773961237503, 2.054634458973177, 2.074669855663787, 2.5947299551205707, 3.092159906925901, 4.89272102617756, 4.599876116810104, 4.9550277849876885, 4.495438988574976, 4.6865147700610095, 8.128918340714218, 7.162179045514012, 8.425936550912308, 6.7779218430135355, 7.7342229693744935], [3.8930954226681886, 2.6246275735806788, 1.6258762130002395, 0.0, 1.951355008705489, 1.6277903734817945, 2.631402141444747, 3.9167882620841277, 2.0999053621532564, 3.0323124674083313, 4.720100483040588, 5.769175526884236, 6.041257242495142, 4.742320010290322, 4.059111167484823, 4.253495708238107, 3.0236484220226396, 2.7477911620063122, 2.9674162128019725, 2.806741714158964, 4.12789406114062, 4.24161046419871, 4.764380086642961, 3.1090478060010587, 3.159606651151374, 6.758635759530173, 5.651799892069782, 6.938522948005577, 5.317108843159034, 6.432328564369206], [4.952677532406082, 3.4854762128007697, 2.995738641804388, 1.951355008705489, 0.0, 2.9722699692322703, 3.542839897596277, 4.7410125564060674, 3.4818731539216072, 3.875949675885898, 5.591232754947696, 6.2340438793771735, 6.60402014382149, 5.581819209720071, 5.45393680014721, 5.242276851712431, 3.2461960276606834, 3.5849194607410633, 4.124218361095833, 3.0786661170058696, 4.655398252566584, 5.398654745397227, 5.4309456800818765, 4.080542460261871, 3.4025260528025347, 7.229192634035974, 5.770996393171633, 7.3037257978377035, 5.847140314717956, 7.260100236911333], [4.799319604902345, 3.8429092495139665, 2.483486372018176, 1.6277903734817945, 2.9722699692322703, 0.0, 1.4188805199875008, 2.3808243509339366, 2.960799694339352, 3.3321510770071634, 5.00409382106291, 5.836754779841278, 5.690312062620116, 5.80252403527982, 4.794588404649558, 4.8922374165610565, 4.281788303968331, 4.177808824012894, 2.0575413920502306, 2.0735139859668172, 2.6429801512686395, 2.635687335402286, 3.3388585040399654, 2.8440333788477234, 3.656123806711146, 6.881740915640459, 5.865097349575709, 6.554651798532093, 4.808416241341841, 5.961969696333586], [4.996475351685426, 4.246845216157519, 2.8813802751459243, 2.631402141444747, 3.542839897596277, 1.4188805199875008, 0.0, 1.515125189547055, 4.304736746887085, 4.731682995510161, 6.4054174867841365, 7.1455401818197055, 6.853797966091501, 6.032396872719832, 5.1147298696998655, 4.772753579433994, 4.5055805497183155, 4.879333311016988, 1.0942794021638167, 1.0934683625967418, 2.159102417672677, 2.159738238768763, 2.1621630327059056, 4.166589604220699, 4.97042110892025, 8.2068988357357, 7.139877977248631, 7.6425290297126125, 5.890316465182495, 7.107194649789746], [6.389108526234314, 5.726050929742068, 4.332352334471424, 3.9167882620841277, 4.7410125564060674, 2.3808243509339366, 1.515125189547055, 0.0, 5.273795396107058, 5.308386559963394, 6.845076471450118, 7.335891915097987, 6.73113054545817, 7.452151748991697, 6.386411494728476, 6.110163893873879, 6.020541346922218, 6.313354770642943, 2.1488462602056946, 2.1486741353681342, 1.0951090311014697, 1.0950084657206993, 1.0935878016876377, 4.484488779114069, 5.6029919453806105, 8.387353565934848, 7.415856953178102, 7.415022882634956, 5.710491239814663, 6.895859253929129], [4.584414051980907, 3.5401172254601967, 3.0081021708047087, 2.0999053621532564, 3.4818731539216072, 2.960799694339352, 4.304736746887085, 5.273795396107058, 0.0, 1.8032169558874496, 2.967347654050667, 4.427864572228921, 5.0068068766430365, 5.2750800192982865, 4.362319811751541, 5.288064418102336, 4.261246534759518, 3.0265637445789904, 4.563754779783857, 4.757666699128891, 5.387740315753906, 5.2261218872123525, 6.273138933580221, 2.3910458820357254, 2.3944000459405275, 5.254839365765617, 4.538645475249196, 6.018045286469686, 4.617156267660864, 5.259640197770185], [6.3034567175479195, 5.151450294819897, 4.4152111342494145, 3.0323124674083313, 3.875949675885898, 3.3321510770071634, 4.731682995510161, 5.308386559963394, 1.8032169558874496, 0.0, 1.8145284373632724, 2.7766558663255334, 3.2838926611568775, 7.0290636545702165, 6.111073163528645, 6.912274379681408, 5.708857290211413, 4.700496276990336, 5.321012428100502, 5.154552074622973, 5.072829261861669, 5.248327300197654, 6.385541520497693, 1.092418665164597, 1.0927729361582854, 3.7384810645501467, 2.8731283646923953, 4.249383705903716, 2.909324311588517, 3.7179994163528316], [7.4912284186240115, 6.490277666633378, 5.919451607201465, 4.720100483040588, 5.591232754947696, 5.00409382106291, 6.4054174867841365, 6.845076471450118, 2.967347654050667, 1.8145284373632724, 0.0, 1.8203711517160452, 2.7792328545841567, 8.117268154373122, 7.129504261868423, 8.220688926726275, 7.150729823591435, 5.852291368344539, 6.913362311495037, 6.923500009388315, 6.59587647928613, 6.594478167376097, 7.938014226492668, 2.4133040856883325, 2.411370319963319, 2.3889653785687224, 2.4176003081568296, 3.7442882701522864, 3.050048422566435, 2.9695857168972237], [9.010339910902363, 7.8747311230289005, 7.191741177211537, 5.769175526884236, 6.2340438793771735, 5.836754779841278, 7.1455401818197055, 7.335891915097987, 4.427864572228921, 2.7766558663255334, 1.8203711517160452, 0.0, 1.5179309635157983, 9.672708664071301, 8.74236716513325, 9.666736608597546, 8.39738371160923, 7.306006258551933, 7.854239928853715, 7.557215604308243, 6.825473642173121, 7.158507775367713, 8.405675579630707, 3.022109630705015, 2.8537147457305543, 1.0948010732548625, 1.0946517619772966, 2.1508401893213733, 2.1779577107923833, 2.173446659110823], [9.47010040179089, 8.379752352545987, 7.474200616119425, 6.041257242495142, 6.60402014382149, 5.690312062620116, 6.853797966091501, 6.73113054545817, 5.0068068766430365, 3.2838926611568775, 2.7792328545841567, 1.5179309635157983, 0.0, 10.25411709851219, 9.167916467769544, 9.993015837573761, 8.919016417184128, 7.978926491703004, 7.6220241858708375, 7.339475127010105, 6.128427613181052, 6.469865443732195, 7.757697206001276, 2.986416871436404, 3.4981311010309493, 2.1439048159841425, 2.163900831831256, 1.095196808797396, 1.0940540663056835, 1.095165791101968], [1.0935726816266031, 2.1619867298390156, 3.3390379123334313, 4.742320010290322, 5.581819209720071, 5.80252403527982, 6.032396872719832, 7.452151748991697, 5.2750800192982865, 7.0290636545702165, 8.117268154373122, 9.672708664071301, 10.25411709851219, 0.0, 1.7799228606880693, 1.779994398867592, 2.499229133152861, 2.4950792752936732, 5.400705152107454, 6.121932551898951, 8.149658261546922, 7.62944129867974, 7.875373706053574, 7.407294765297246, 7.30173628324113, 10.43316603577265, 9.660831845136318, 11.258955765966931, 9.740631791110884, 10.43807129693987], [1.0949891049686293, 2.158793461635457, 2.6446496497645957, 4.059111167484823, 5.45393680014721, 4.794588404649558, 5.1147298696998655, 6.386411494728476, 4.362319811751541, 6.111073163528645, 7.129504261868423, 8.74236716513325, 9.167916467769544, 1.7799228606880693, 0.0, 1.759490645044753, 3.0627179253075196, 2.5025574598797924, 4.409339139825831, 5.505439177758664, 7.147380477489638, 6.352893616298009, 6.888692405674679, 6.3391426715290145, 6.612786429335216, 9.507965457446717, 8.89956457193272, 10.215665578414361, 8.660581914629063, 9.210781193253915], [1.095041026628683, 2.1597654780091284, 2.6353773961237503, 4.253495708238107, 5.242276851712431, 4.8922374165610565, 4.772753579433994, 6.110163893873879, 5.288064418102336, 6.912274379681408, 8.220688926726275, 9.666736608597546, 9.993015837573761, 1.779994398867592, 1.759490645044753, 0.0, 2.49852440852596, 3.0636900251167707, 3.9727672496636393, 4.895057234598998, 6.926457549137221, 6.3149083263338035, 6.381930172761215, 7.030907664021766, 7.237843284432181, 10.53629782845948, 9.68938127952451, 10.983320504291951, 9.335750896955208, 10.1461861790527], [2.1493632801367015, 1.0940722736638562, 2.054634458973177, 3.0236484220226396, 3.2461960276606834, 4.281788303968331, 4.5055805497183155, 6.020541346922218, 4.261246534759518, 5.708857290211413, 7.150729823591435, 8.39738371160923, 8.919016417184128, 2.499229133152861, 3.0627179253075196, 2.49852440852596, 0.0, 1.7792467198227457, 4.242590937151495, 4.272456694923894, 6.498913204528892, 6.480032809330521, 6.488160370243633, 6.046804308062235, 5.6908826810961415, 9.281323450349095, 8.174078257516257, 9.815832667685404, 8.275823209204024, 9.316761616570426], [2.149816731723893, 1.0937850474384812, 2.074669855663787, 2.7477911620063122, 3.5849194607410633, 4.177808824012894, 4.879333311016988, 6.313354770642943, 3.0265637445789904, 4.700496276990336, 5.852291368344539, 7.306006258551933, 7.978926491703004, 2.4950792752936732, 2.5025574598797924, 3.0636900251167707, 1.7792467198227457, 0.0, 4.667424065799036, 4.975055551448646, 6.745707094886347, 6.5275541774848564, 7.0019439400783545, 5.223848586052242, 4.865823297243747, 8.084922242050322, 7.21291292128222, 8.94452193300458, 7.5038507301251665, 8.282890096457878], [4.338658120894062, 3.8966541314312204, 2.5947299551205707, 2.9674162128019725, 4.124218361095833, 2.0575413920502306, 1.0942794021638167, 2.1488462602056946, 4.563754779783857, 5.321012428100502, 6.913362311495037, 7.854239928853715, 7.6220241858708375, 5.400705152107454, 4.409339139825831, 3.9727672496636393, 4.242590937151495, 4.667424065799036, 0.0, 1.7800663217981514, 3.062644781883789, 2.497926714297279, 2.4983951588970066, 4.835956757457618, 5.675629791485699, 8.882157823974982, 7.921269046055689, 8.477455378826832, 6.715318435487628, 7.777680627282146], [5.1699730850363235, 4.285972446248342, 3.092159906925901, 2.806741714158964, 3.0786661170058696, 2.0735139859668172, 1.0934683625967418, 2.1486741353681342, 4.757666699128891, 5.154552074622973, 6.923500009388315, 7.557215604308243, 7.339475127010105, 6.121932551898951, 5.505439177758664, 4.895057234598998, 4.272456694923894, 4.975055551448646, 1.7800663217981514, 0.0, 2.501259684638922, 3.062693651020291, 2.4942899550773965, 4.697992263722877, 5.170233578862757, 8.638738661401906, 7.39611366394541, 8.056145180543856, 6.348180981982161, 7.728410582390145], [7.112833232264061, 6.26717492495622, 4.89272102617756, 4.12789406114062, 4.655398252566584, 2.6429801512686395, 2.159102417672677, 1.0951090311014697, 5.387740315753906, 5.072829261861669, 6.59587647928613, 6.825473642173121, 6.128427613181052, 8.149658261546922, 7.147380477489638, 6.926457549137221, 6.498913204528892, 6.745707094886347, 3.062644781883789, 2.501259684638922, 0.0, 1.7594952145430802, 1.7800058511139787, 4.188575865374769, 5.2347908888512436, 7.885374610632015, 6.831838689547639, 6.699501751623027, 5.060752800720461, 6.395109486162061], [6.541012219832647, 6.0121359839910475, 4.599876116810104, 4.24161046419871, 5.398654745397227, 2.635687335402286, 2.159738238768763, 1.0950084657206993, 5.2261218872123525, 5.248327300197654, 6.594478167376097, 7.158507775367713, 6.469865443732195, 7.62944129867974, 6.352893616298009, 6.3149083263338035, 6.480032809330521, 6.5275541774848564, 2.497926714297279, 3.062693651020291, 1.7594952145430802, 0.0, 1.779925801824334, 4.350057226060366, 5.736549368740758, 8.1576762782057, 7.399514838825583, 7.204204828431796, 5.518575379570347, 6.4637525702953695], [6.826571710602621, 6.290498566091562, 4.9550277849876885, 4.764380086642961, 5.4309456800818765, 3.3388585040399654, 2.1621630327059056, 1.0935878016876377, 6.273138933580221, 6.385541520497693, 7.938014226492668, 8.405675579630707, 7.757697206001276, 7.875373706053574, 6.888692405674679, 6.381930172761215, 6.488160370243633, 7.0019439400783545, 2.4983951588970066, 2.4942899550773965, 1.7800058511139787, 1.779925801824334, 0.0, 5.574590794847636, 6.6391019829491995, 9.45905389983586, 8.460547081010779, 8.393858933172513, 6.721648113372195, 7.915120017409717], [6.565210203032344, 5.479265343091171, 4.495438988574976, 3.1090478060010587, 4.080542460261871, 2.8440333788477234, 4.166589604220699, 4.484488779114069, 2.3910458820357254, 1.092418665164597, 2.4133040856883325, 3.022109630705015, 2.986416871436404, 7.407294765297246, 6.3391426715290145, 7.030907664021766, 6.046804308062235, 5.223848586052242, 4.835956757457618, 4.697992263722877, 4.188575865374769, 4.350057226060366, 5.574590794847636, 0.0, 1.7835373419135356, 4.054649766625966, 3.2428014216106416, 3.955262653731102, 2.33831387328562, 3.3301611282338874], [6.637315711942593, 5.326603481581861, 4.6865147700610095, 3.159606651151374, 3.4025260528025347, 3.656123806711146, 4.97042110892025, 5.6029919453806105, 2.3944000459405275, 1.0927729361582854, 2.411370319963319, 2.8537147457305543, 3.4981311010309493, 7.30173628324113, 6.612786429335216, 7.237843284432181, 5.6908826810961415, 4.865823297243747, 5.675629791485699, 5.170233578862757, 5.2347908888512436, 5.736549368740758, 6.6391019829491995, 1.7835373419135356, 0.0, 3.832540319422615, 2.5223087380414, 4.278583556505588, 3.086312450157955, 4.195979898664912], [9.824131770288913, 8.73170722653938, 8.128918340714218, 6.758635759530173, 7.229192634035974, 6.881740915640459, 8.2068988357357, 8.387353565934848, 5.254839365765617, 3.7384810645501467, 2.3889653785687224, 1.0948010732548625, 2.1439048159841425, 10.43316603577265, 9.507965457446717, 10.53629782845948, 9.281323450349095, 8.084922242050322, 8.882157823974982, 8.638738661401906, 7.885374610632015, 8.1576762782057, 9.45905389983586, 4.054649766625966, 3.832540319422615, 0.0, 1.7629272333253003, 2.45199883156579, 3.0695697353212226, 2.5162801692180463], [9.037491193356704, 7.783151864122915, 7.162179045514012, 5.651799892069782, 5.770996393171633, 5.865097349575709, 7.139877977248631, 7.415856953178102, 4.538645475249196, 2.8731283646923953, 2.4176003081568296, 1.0946517619772966, 2.163900831831256, 9.660831845136318, 8.89956457193272, 9.68938127952451, 8.174078257516257, 7.21291292128222, 7.921269046055689, 7.39611366394541, 6.831838689547639, 7.399514838825583, 8.460547081010779, 3.2428014216106416, 2.5223087380414, 1.7629272333253003, 0.0, 2.5057504265189703, 2.5157410896195183, 3.082146716170403], [10.478122008738016, 9.338281029183047, 8.425936550912308, 6.938522948005577, 7.3037257978377035, 6.554651798532093, 7.6425290297126125, 7.415022882634956, 6.018045286469686, 4.249383705903716, 3.7442882701522864, 2.1508401893213733, 1.095196808797396, 11.258955765966931, 10.215665578414361, 10.983320504291951, 9.815832667685404, 8.94452193300458, 8.477455378826832, 8.056145180543856, 6.699501751623027, 7.204204828431796, 8.393858933172513, 3.955262653731102, 4.278583556505588, 2.45199883156579, 2.5057504265189703, 0.0, 1.762521747383561, 1.767100070737365], [8.901089032247684, 7.785197012921381, 6.7779218430135355, 5.317108843159034, 5.847140314717956, 4.808416241341841, 5.890316465182495, 5.710491239814663, 4.617156267660864, 2.909324311588517, 3.050048422566435, 2.1779577107923833, 1.0940540663056835, 9.740631791110884, 8.660581914629063, 9.335750896955208, 8.275823209204024, 7.5038507301251665, 6.715318435487628, 6.348180981982161, 5.060752800720461, 5.518575379570347, 6.721648113372195, 2.33831387328562, 3.086312450157955, 3.0695697353212226, 2.5157410896195183, 1.762521747383561, 0.0, 1.7780704738564217], [9.630564231134123, 8.672578411291534, 7.7342229693744935, 6.432328564369206, 7.260100236911333, 5.961969696333586, 7.107194649789746, 6.895859253929129, 5.259640197770185, 3.7179994163528316, 2.9695857168972237, 2.173446659110823, 1.095165791101968, 10.43807129693987, 9.210781193253915, 10.1461861790527, 9.316761616570426, 8.282890096457878, 7.777680627282146, 7.728410582390145, 6.395109486162061, 6.4637525702953695, 7.915120017409717, 3.3301611282338874, 4.195979898664912, 2.5162801692180463, 3.082146716170403, 1.767100070737365, 1.7780704738564217, 0.0]]}