{"total energy": -31.56024297, "HOMO-LUMO gap/eV": 3.58443999, "electronic energy": -32.05204273, "dipole": [-0.02422361, 0.59775211, 0.03993865], "partial charges": [0.03748676, -0.27477238, 0.14197723, -0.05567329, -0.03710396, 0.0049605, -0.04827822, -0.03531643, -0.10098111, -0.03828362, -0.06732817, 0.05704446, 0.04101221, 0.04105571, 0.04424436, 0.03527127, 0.03363679, 0.03159462, 0.03778239, 0.04343743, 0.04358458, 0.03340501, 0.03124386], "atomic dipole moments": [[-0.15446192, -0.17248026, -0.01278034], [-0.06513497, 0.2361234, -0.00341548], [0.26192293, -0.01485366, 0.01836173], [0.03686251, 0.04056925, 0.00249214], [-0.00412421, 0.00847283, 0.00345088], [-0.03760726, 0.00107663, 0.00581334], [0.09597592, -0.04372888, -0.02141464], [-0.12960218, 0.04624802, 0.02104787], [0.06293005, 0.00169759, 0.00758688], [0.00029934, -0.00564849, -0.00051748], [0.01954635, -0.02758489, 0.00105681], [0.12006692, -0.03598375, 0.00953144], [-0.02453713, 0.06377431, 0.10566418], [-0.00748409, 0.06423806, -0.10782297], [0.06585109, -0.13913686, 0.00483202], [-0.07583112, -0.13089263, -0.00483292], [-0.06014162, -0.10860229, -0.08519457], [0.05991075, 0.10701143, 0.08874477], [-0.04643223, -0.0943331, -0.07431865], [-0.05540264, -0.01453554, 0.1145702], [-0.03875308, 0.10959033, -0.05358831], [-0.06261274, 0.13763747, -0.00916286], [0.07153954, 0.13535443, 0.00383616]], "atomic quadrupole moments": [[0.056057, 0.33374327, 0.22449128, 0.02783043, 0.02802561, -0.28054828], [0.05248051, 0.07601201, 0.05347145, 0.01197782, 0.00645081, -0.10595196], [0.14419548, -0.01907396, -0.45185926, -0.01237358, -5.66e-05, 0.30766378], [-0.22296812, 0.03555242, -0.23984441, -0.04855424, 0.00125764, 0.46281253], [-0.23766823, -0.00973522, -0.27150634, -0.05321896, -0.00035701, 0.50917457], [-0.11940358, -0.02475026, -0.2964849, -0.04243834, 0.01969446, 0.41588848], [-0.13628763, 0.07562363, -0.05149292, -0.00039756, -0.430546, 0.18778056], [-0.09640674, 0.09139926, -0.08501543, 0.00055406, -0.45994983, 0.18142217], [0.1806357, -0.0224169, -0.08509907, 0.0134119, 0.01267908, -0.09553663], [-0.24237074, -0.00637443, -0.26711709, -0.05448248, 0.03149001, 0.50948783], [-0.21189386, 0.00469016, -0.23555254, -0.04501126, 0.00662901, 0.4474464], [0.06374421, -0.03586586, -0.00867949, 0.00942174, -0.0028003, -0.05506471], [-0.02019446, 0.00074748, 0.00028958, -0.0338259, 0.04425661, 0.01990488], [-0.02977932, 0.00763466, 0.00082798, 0.02582987, -0.04391969, 0.02895134], [0.03529942, -0.00296487, 0.02564519, 0.00676356, -0.00012447, -0.06094461], [0.03965703, -0.00185551, 0.02813369, 0.00750411, 0.00077405, -0.06779073], [0.03301887, -0.00992868, 0.00460967, 0.00580668, 0.04582121, -0.03762854], [0.03315271, -0.00734123, -0.00120751, 0.00266114, 0.04429866, -0.0319452], [-0.02387005, 0.01636667, 0.02933792, 0.01506872, 0.06300969, -0.00546787], [-0.01795254, 0.00797485, -0.04948573, -0.04162895, -0.00581534, 0.06743827], [-0.02956794, -0.02456557, 0.06064392, 0.01709971, -0.04372641, -0.03107598], [0.04061894, 0.00137829, 0.02748048, 0.00716458, -0.00037066, -0.06809942], [0.05439006, 0.00484904, 0.0137611, 0.00916225, -0.00098052, -0.06815116]], "number of molecular orbitals": 56, "number of electrons": 58, "number of unpaired electrons": 0, "orbital energies/eV": [-19.301514, -17.78874336, -17.28699505, -16.88805109, -16.67935414, -16.43714163, -16.11938376, -15.67527376, -15.51228915, -14.95540269, -14.90034826, -14.77243181, -14.4527232, -13.94786637, -13.35944483, -13.25031157, -13.20976654, -13.065439, -12.91705961, -12.77737096, -12.68071906, -12.44469234, -12.14126449, -11.85299402, -11.48717731, -11.34628087, -10.86273964, -10.78401651, -9.87776692, -6.29332693, -6.033579, -4.62898459, -2.22086999, 0.67568842, 2.47847539, 2.81277811, 3.36367738, 3.4514237, 3.97974543, 4.29169916, 4.69953309, 4.81624709, 4.8605947, 5.43487614, 5.46436261, 5.91746181, 5.96015324, 6.37790217, 9.28382966, 10.50101455, 11.4297553, 11.91747024, 12.27721819, 15.58172422, 17.13339649, 17.9143247], "fractional occupation": [2.0, 2.0, 2.0, 2.0, 2.0, 2.0, 2.0, 2.0, 2.0, 2.0, 2.0, 2.0, 2.0, 2.0, 2.0, 2.0, 2.0, 2.0, 2.0, 2.0, 2.0, 2.0, 2.0, 2.0, 2.0, 2.0, 2.0, 2.0, 2.0, 0.0, 0.0, 0.0, 0.0, 0.0, 0.0, 0.0, 0.0, 0.0, 0.0, 0.0, 0.0, 0.0, 0.0, 0.0, 0.0, 0.0, 0.0, 0.0, 0.0, 0.0, 0.0, 0.0, 0.0, 0.0, 0.0, 0.0], "program call": "xtb /home/svss/Project-DBcg-Debug/aqme2_20220329/End-to-End-workflows-final/example-3/QDESCP/mol_316_rdkit_conf_1/mol_316_rdkit_conf_1.xyz --pop --wbo --acc 0.2 --gfn 2 --chrg 0 --uhf 0 --etemp 300 --input /home/svss/Project-DBcg-Debug/aqme2_20220329/End-to-End-workflows-final/example-3/QDESCP/mol_316_rdkit_conf_1/mol_316_rdkit_conf_1_xtb.inp", "method": "GFN2-xTB", "xtb version": "6.3.3 (7355c4f)", "Dipole module/D": 1.524, "Total charge": 0, "Transition dipole module/D": NaN, "HOMO": -9.8778, "LUMO": -6.2933, "HOMO occupancy": 2.0, "LUMO occupancy": 0, "mulliken charges": [0.16979, -0.42072, 0.25424, -0.06625, -0.03517, -0.0046, -0.04997, -0.02996, -0.0789, -0.03159, -0.09273, 0.03763, 0.02569, 0.02577, 0.04512, 0.03122, 0.02885, 0.02554, 0.03127, 0.03639, 0.03631, 0.02991, 0.03217], "cm5 charges": [0.04851, -0.50883, 0.26995, -0.11589, -0.08773, -0.0157, -0.105, -0.09318, -0.22462, -0.08422, -0.14459, 0.09666, 0.08483, 0.08492, 0.10402, 0.08751, 0.08588, 0.08198, 0.08291, 0.08757, 0.08749, 0.08662, 0.09092], "FUKUI+": [0.023, -0.052, -0.064, -0.03, -0.032, -0.051, -0.036, -0.081, 0.029, -0.037, -0.025, -0.041, -0.023, -0.023, -0.071, -0.065, -0.074, -0.065, -0.041, -0.056, -0.057, -0.061, -0.068], "FUKUI-": [0.029, -0.106, -0.04, -0.03, -0.022, -0.048, -0.031, -0.057, 0.022, -0.026, -0.026, -0.049, -0.047, -0.048, -0.06, -0.055, -0.062, -0.053, -0.043, -0.069, -0.072, -0.051, -0.055], "FUKUIrad": [0.026, -0.079, -0.052, -0.03, -0.027, -0.05, -0.033, -0.069, 0.025, -0.031, -0.026, -0.045, -0.035, -0.036, -0.065, -0.06, -0.068, -0.059, -0.042, -0.063, -0.065, -0.056, -0.061], "s proportion": [0.971, 1.684, 1.017, 1.058, 1.064, 1.075, 1.064, 1.067, 1.004, 1.062, 1.057, 0.962, 0.974, 0.974, 0.955, 0.969, 0.971, 0.974, 0.969, 0.964, 0.964, 0.97, 0.968], "p proportion": [2.859, 4.736, 2.729, 3.008, 2.971, 2.929, 2.986, 2.963, 3.075, 2.969, 3.036, 0.0, 0.0, 0.0, 0.0, 0.0, 0.0, 0.0, 0.0, 0.0, 0.0, 0.0, 0.0], "d proportion": [0.0, 0.0, 0.0, 0.0, 0.0, 0.0, 0.0, 0.0, 0.0, 0.0, 0.0, 0.0, 0.0, 0.0, 0.0, 0.0, 0.0, 0.0, 0.0, 0.0, 0.0, 0.0, 0.0], "Fermi-level/eV": -8.0855, "Coordination numbers": [3.643, 1.704, 2.859, 2.914, 2.918, 2.965, 2.897, 2.888, 3.753, 2.916, 2.911, 0.924, 0.924, 0.924, 0.925, 0.925, 0.925, 0.925, 0.924, 0.924, 0.924, 0.925, 0.925], "Dispersion coefficient C6": [20.284, 18.558, 24.904, 29.383, 28.923, 27.909, 29.198, 28.877, 22.487, 28.952, 29.676, 2.234, 2.436, 2.435, 2.393, 2.513, 2.535, 2.564, 2.479, 2.404, 2.402, 2.539, 2.569], "Total dispersion C6": 5614.838084, "Total dispersion C8": 132120.497363, "Polarizability alpha": [6.474, 5.816, 8.18, 8.889, 8.819, 8.665, 8.86, 8.81, 6.762, 8.823, 8.933, 2.337, 2.441, 2.44, 2.419, 2.479, 2.49, 2.504, 2.462, 2.425, 2.424, 2.492, 2.506], "Total polarizability alpha": 118.449986, "Wiberg matrix": [[0.0, 0.9834437831018082, 0.0, 0.0, 0.0, 0.0, 0.0, 0.0, 0.0, 0.0, 0.0, 0.9807077492972316, 0.9781850610800867, 0.9780802953076067, 0.0, 0.0, 0.0, 0.0, 0.0, 0.0, 0.0, 0.0, 0.0], [0.9834437831018082, 0.0, 1.055431674944761, 0.0, 0.0, 0.0, 0.0, 0.0, 0.0, 0.0, 0.0, 0.0, 0.0, 0.0, 0.0, 0.0, 0.0, 0.0, 0.0, 0.0, 0.0, 0.0, 0.0], [0.0, 1.055431674944761, 0.0, 1.3529235541478135, 0.0, 0.0, 0.0, 0.0, 0.0, 0.0, 1.3728070056256823, 0.0, 0.0, 0.0, 0.0, 0.0, 0.0, 0.0, 0.0, 0.0, 0.0, 0.0, 0.0], [0.0, 0.0, 1.3529235541478135, 0.0, 1.4674435893921252, 0.0, 0.0, 0.0, 0.0, 0.10852271298718147, 0.0, 0.0, 0.0, 0.0, 0.9686936870292716, 0.0, 0.0, 0.0, 0.0, 0.0, 0.0, 0.0, 0.0], [0.0, 0.0, 0.0, 1.4674435893921252, 0.0, 1.3727001070055584, 0.0, 0.0, 0.0, 0.0, 0.10144544909989733, 0.0, 0.0, 0.0, 0.0, 0.970003623680134, 0.0, 0.0, 0.0, 0.0, 0.0, 0.0, 0.0], [0.0, 0.0, 0.0, 0.0, 1.3727001070055584, 0.0, 1.0720106777027392, 0.0, 0.0, 1.3871050122275776, 0.0, 0.0, 0.0, 0.0, 0.0, 0.0, 0.0, 0.0, 0.0, 0.0, 0.0, 0.0, 0.0], [0.0, 0.0, 0.0, 0.0, 0.0, 1.0720106777027392, 0.0, 1.8678499075915949, 0.0, 0.0, 0.0, 0.0, 0.0, 0.0, 0.0, 0.0, 0.9603414990266962, 0.0, 0.0, 0.0, 0.0, 0.0, 0.0], [0.0, 0.0, 0.0, 0.0, 0.0, 0.0, 1.8678499075915949, 0.0, 1.0422556486961818, 0.0, 0.0, 0.0, 0.0, 0.0, 0.0, 0.0, 0.0, 0.9659020499982671, 0.0, 0.0, 0.0, 0.0, 0.0], [0.0, 0.0, 0.0, 0.0, 0.0, 0.0, 0.0, 1.0422556486961818, 0.0, 0.0, 0.0, 0.0, 0.0, 0.0, 0.0, 0.0, 0.0, 0.0, 0.9853540095197417, 0.9700640559542086, 0.9694187622446564, 0.0, 0.0], [0.0, 0.0, 0.0, 0.10852271298718147, 0.0, 1.3871050122275776, 0.0, 0.0, 0.0, 0.0, 1.4428260258407313, 0.0, 0.0, 0.0, 0.0, 0.0, 0.0, 0.0, 0.0, 0.0, 0.0, 0.969541961787259, 0.0], [0.0, 0.0, 1.3728070056256823, 0.0, 0.10144544909989733, 0.0, 0.0, 0.0, 0.0, 1.4428260258407313, 0.0, 0.0, 0.0, 0.0, 0.0, 0.0, 0.0, 0.0, 0.0, 0.0, 0.0, 0.0, 0.9669008403931462], [0.9807077492972316, 0.0, 0.0, 0.0, 0.0, 0.0, 0.0, 0.0, 0.0, 0.0, 0.0, 0.0, 0.0, 0.0, 0.0, 0.0, 0.0, 0.0, 0.0, 0.0, 0.0, 0.0, 0.0], [0.9781850610800867, 0.0, 0.0, 0.0, 0.0, 0.0, 0.0, 0.0, 0.0, 0.0, 0.0, 0.0, 0.0, 0.0, 0.0, 0.0, 0.0, 0.0, 0.0, 0.0, 0.0, 0.0, 0.0], [0.9780802953076067, 0.0, 0.0, 0.0, 0.0, 0.0, 0.0, 0.0, 0.0, 0.0, 0.0, 0.0, 0.0, 0.0, 0.0, 0.0, 0.0, 0.0, 0.0, 0.0, 0.0, 0.0, 0.0], [0.0, 0.0, 0.0, 0.9686936870292716, 0.0, 0.0, 0.0, 0.0, 0.0, 0.0, 0.0, 0.0, 0.0, 0.0, 0.0, 0.0, 0.0, 0.0, 0.0, 0.0, 0.0, 0.0, 0.0], [0.0, 0.0, 0.0, 0.0, 0.970003623680134, 0.0, 0.0, 0.0, 0.0, 0.0, 0.0, 0.0, 0.0, 0.0, 0.0, 0.0, 0.0, 0.0, 0.0, 0.0, 0.0, 0.0, 0.0], [0.0, 0.0, 0.0, 0.0, 0.0, 0.0, 0.9603414990266962, 0.0, 0.0, 0.0, 0.0, 0.0, 0.0, 0.0, 0.0, 0.0, 0.0, 0.0, 0.0, 0.0, 0.0, 0.0, 0.0], [0.0, 0.0, 0.0, 0.0, 0.0, 0.0, 0.0, 0.9659020499982671, 0.0, 0.0, 0.0, 0.0, 0.0, 0.0, 0.0, 0.0, 0.0, 0.0, 0.0, 0.0, 0.0, 0.0, 0.0], [0.0, 0.0, 0.0, 0.0, 0.0, 0.0, 0.0, 0.0, 0.9853540095197417, 0.0, 0.0, 0.0, 0.0, 0.0, 0.0, 0.0, 0.0, 0.0, 0.0, 0.0, 0.0, 0.0, 0.0], [0.0, 0.0, 0.0, 0.0, 0.0, 0.0, 0.0, 0.0, 0.9700640559542086, 0.0, 0.0, 0.0, 0.0, 0.0, 0.0, 0.0, 0.0, 0.0, 0.0, 0.0, 0.0, 0.0, 0.0], [0.0, 0.0, 0.0, 0.0, 0.0, 0.0, 0.0, 0.0, 0.9694187622446564, 0.0, 0.0, 0.0, 0.0, 0.0, 0.0, 0.0, 0.0, 0.0, 0.0, 0.0, 0.0, 0.0, 0.0], [0.0, 0.0, 0.0, 0.0, 0.0, 0.0, 0.0, 0.0, 0.0, 0.969541961787259, 0.0, 0.0, 0.0, 0.0, 0.0, 0.0, 0.0, 0.0, 0.0, 0.0, 0.0, 0.0, 0.0], [0.0, 0.0, 0.0, 0.0, 0.0, 0.0, 0.0, 0.0, 0.0, 0.0, 0.9669008403931462, 0.0, 0.0, 0.0, 0.0, 0.0, 0.0, 0.0, 0.0, 0.0, 0.0, 0.0, 0.0]], "Born radii": [], "Atomic SASAs": [], "Solvent H bonds": [], "Total SASA": NaN, "Total FOD": 0.0, "FOD": [0.0, 0.0, 0.0, 0.0, 0.0, 0.0, 0.0, 0.0, 0.0, 0.0, 0.0, 0.0, 0.0, 0.0, 0.0, 0.0, 0.0, 0.0, 0.0, 0.0, 0.0, 0.0, 0.0], "FOD s proportion": [0.0, 0.0, 0.0, 0.0, 0.0, 0.0, 0.0, 0.0, 0.0, 0.0, 0.0, 0.0, 0.0, 0.0, 0.0, 0.0, 0.0, 0.0, 0.0, 0.0, 0.0, 0.0, 0.0], "FOD p proportion": [0.0, 0.0, 0.0, 0.0, 0.0, 0.0, 0.0, 0.0, 0.0, 0.0, 0.0, 0.0, 0.0, 0.0, 0.0, 0.0, 0.0, 0.0, 0.0, 0.0, 0.0, 0.0, 0.0], "FOD d proportion": [0.0, 0.0, 0.0, 0.0, 0.0, 0.0, 0.0, 0.0, 0.0, 0.0, 0.0, 0.0, 0.0, 0.0, 0.0, 0.0, 0.0, 0.0, 0.0, 0.0, 0.0, 0.0, 0.0], "coordinates": [["4.31630", "0.43120", "0.22530"], ["3.49430", "-0.72690", "0.15580"], ["2.14600", "-0.52190", "0.05810"], ["1.38000", "-1.68750", "0.00280"], ["-0.01320", "-1.62260", "-0.09860"], ["-0.66570", "-0.38610", "-0.13470"], ["-2.12830", "-0.35670", "-0.27250"], ["-2.92450", "0.55310", "0.31080"], ["-4.41210", "0.56300", "0.16890"], ["0.10790", "0.78030", "-0.09500"], ["1.50410", "0.71440", "0.00570"], ["5.35570", "0.09890", "0.30760"], ["4.08590", "1.02660", "1.11500"], ["4.23010", "1.03160", "-0.68630"], ["1.87150", "-2.65660", "0.03820"], ["-0.58100", "-2.54910", "-0.13930"], ["-2.56110", "-1.15070", "-0.87740"], ["-2.50440", "1.33280", "0.94150"], ["-4.77360", "-0.25020", "-0.46840"], ["-4.88070", "0.45990", "1.15240"], ["-4.73770", "1.51100", "-0.27000"], ["-0.36530", "1.75750", "-0.15360"], ["2.05560", "1.64780", "0.03490"]], "bond_dist": [[0.0, 1.421868439765086, 2.3762486275640433, 3.6277063869613264, 4.802871630597679, 5.061413171239828, 6.5116403778157155, 7.242330736717291, 8.729577238331762, 4.234984469865268, 2.8349418406732787, 1.0943257924402583, 1.0950577199399125, 1.0949544100098414, 3.9429129194036228, 5.744446756651157, 7.142617563610696, 6.917208504158308, 9.141761737214551, 9.24365442344098, 9.131604794886822, 4.8805753205948985, 2.574321699011217], [1.421868439765086, 0.0, 1.3672904519523275, 2.327321604334047, 3.6289880269849335, 4.184033328022137, 5.65102819759378, 6.547015995092726, 8.010940929753508, 3.7151389529868197, 2.4618634690006673, 2.042008530834286, 2.0844225699219434, 2.083952086781268, 2.524094231600714, 4.473876053267458, 6.157513933398771, 6.390938136924813, 8.305121247760326, 8.517178570395245, 8.541389000039747, 4.600487352444303, 2.7791499761617757], [2.3762486275640433, 1.3672904519523275, 0.0, 1.395864409604314, 2.4286292471268642, 2.82157232230542, 4.290247998659285, 5.189359550079374, 6.648154650728276, 2.4234306385782944, 1.393993923946586, 3.2786913517438627, 2.69779574282413, 2.7038798826870996, 2.1523685441856837, 3.4036797146617657, 4.840179759058542, 5.083948053432489, 6.944918091669621, 7.178853433522654, 7.185099700769642, 3.3981037270807373, 2.1717063544595523], [3.6277063869613264, 2.327321604334047, 1.395864409604314, 0.0, 1.3983920087014228, 2.428463856020921, 3.762311473017618, 4.862496540872806, 6.216169388779555, 2.7781000863899776, 2.405105575645277, 4.36924690192715, 3.9906418606534966, 3.9989290603860432, 1.0871891371789917, 2.146641090168545, 4.0737176497641565, 5.009184877801975, 6.336769972943629, 6.717832344588544, 6.908768007394661, 3.865043085141484, 3.403188484348171], [4.802871630597679, 3.6289880269849335, 2.4286292471268642, 1.3983920087014228, 0.0, 1.3985677352205719, 2.4711114968774677, 3.657450825370042, 4.91921994019377, 2.405952322885888, 2.78830535989156, 5.652755779263774, 5.029284880576959, 5.039420980628629, 2.154057643146998, 1.087407734017006, 2.7057371380087907, 4.002783357864875, 4.968062193652571, 5.440070174179741, 5.6718363137523635, 3.3988344207978125, 3.8721146483543074], [5.061413171239828, 4.184033328022137, 2.82157232230542, 2.428463856020921, 1.3985677352205719, 0.0, 1.4693712805142205, 2.48651248337908, 3.8766579330655415, 1.4001864197313154, 2.436974445906235, 6.057071260105827, 5.112257225531595, 5.126694206796423, 3.4091712335991575, 2.164662618053909, 2.1745706725696454, 2.737451614184258, 4.123671532748456, 4.487601520857217, 4.494271743007982, 2.1646289127700387, 3.401615360383946], [6.5116403778157155, 5.65102819759378, 4.290247998659285, 3.762311473017618, 2.4711114968774677, 1.4693712805142205, 0.0, 1.3423521780814454, 2.5012845679770224, 2.514928565585909, 3.7972332309195855, 7.520262187583621, 6.515746832098374, 6.52133865782172, 4.6243350376027035, 2.686726128581028, 1.0879594891355102, 2.1141564417043504, 2.654680988367529, 3.205133590039579, 3.208937191657076, 2.755385245296926, 4.64946601450102], [7.242330736717291, 6.547015995092726, 5.189359550079374, 4.862496540872806, 3.657450825370042, 2.48651248337908, 1.3423521780814454, 0.0, 1.4943852849917918, 3.0678564568766906, 4.442026751382752, 8.292648546755133, 7.07224490879664, 7.2395767707788, 5.77737837171844, 3.9138506742082027, 2.108746841135749, 1.0872895612485205, 2.1613917599546824, 2.13159452992355, 2.1313365032298397, 2.866313199913785, 5.106455219621533], [8.729577238331762, 8.010940929753508, 6.648154650728276, 6.216169388779555, 4.91921994019377, 3.8766579330655415, 2.5012845679770224, 1.4943852849917918, 0.0, 4.532908834291728, 5.920386696829861, 9.779802827255772, 8.563062195850266, 8.69704397137326, 7.061624148168748, 4.94545052143887, 2.7308812460449463, 2.1974580974389477, 1.0945902338318207, 1.0942978662137655, 1.0942360668521216, 4.231716760370429, 6.559412346392015], [4.234984469865268, 3.7151389529868197, 2.4234306385782944, 2.7781000863899776, 2.405952322885888, 1.4001864197313154, 2.514928565585909, 3.0678564568766906, 4.532908834291728, 0.0, 1.4013770870112012, 5.30714589586531, 4.16524281285017, 4.171968386745039, 3.865269564985087, 3.400213237430853, 3.385922586238498, 2.864210151158605, 5.003039082397818, 5.152163902672352, 4.903507606805561, 1.0873233373748583, 2.1361099105617205], [2.8349418406732787, 2.4618634690006673, 1.393993923946586, 2.405105575645277, 2.78830535989156, 2.436974445906235, 3.7972332309195855, 4.442026751382752, 5.920386696829861, 1.4013770870112012, 0.0, 3.912135787520673, 2.8273143741013302, 2.8302925361170708, 3.3911178112828813, 3.875448265684887, 4.558981756927746, 4.162476720655624, 6.369045553299176, 6.491945947094754, 6.298464042129637, 2.146646328578604, 1.0845461954200013], [1.0943257924402583, 2.042008530834286, 3.2786913517438627, 4.36924690192715, 5.652755779263774, 6.057071260105827, 7.520262187583621, 8.292648546755133, 9.779802827255772, 5.30714589586531, 3.912135787520673, 0.0, 1.7677426537819354, 1.7676939384407016, 4.450281592214138, 6.515829225816159, 8.1019409649787, 7.981573180144375, 10.16497738807126, 10.277543140264603, 10.208054257790756, 5.9744037694149865, 3.6556964466432382], [1.0950577199399125, 2.0844225699219434, 2.69779574282413, 3.9906418606534966, 5.029284880576959, 5.112257225531595, 6.515746832098374, 7.07224490879664, 8.563062195850266, 4.16524281285017, 2.8273143741013302, 1.7677426537819354, 0.0, 1.807069542104011, 4.430465871666319, 6.011560079546739, 7.272750652263558, 6.599690506379825, 9.090000772827251, 8.984568059177915, 8.944763010834887, 4.685802194928847, 2.3821468342652596], [1.0949544100098414, 2.083952086781268, 2.7038798826870996, 3.9989290603860432, 5.039420980628629, 5.126694206796423, 6.52133865782172, 7.2395767707788, 8.69704397137326, 4.171968386745039, 2.8302925361170708, 1.7676939384407016, 1.807069542104011, 0.0, 4.437421937341546, 6.022234195047549, 7.135779560776804, 6.934979778629495, 9.097093235753936, 9.312053222571272, 8.99024843316357, 4.682777088438014, 2.3724000779801035], [3.9429129194036228, 2.524094231600714, 2.1523685441856837, 1.0871891371789917, 2.154057643146998, 3.4091712335991575, 4.6243350376027035, 5.77737837171844, 7.061624148168748, 3.865269564985087, 3.3911178112828813, 4.450281592214138, 4.430465871666319, 4.437421937341546, 0.0, 2.4612636490225905, 4.770115400071575, 5.989971958198135, 7.085531633547338, 7.5197219848874735, 7.81955252172399, 4.952205598518705, 4.308336460862823], [5.744446756651157, 4.473876053267458, 3.4036797146617657, 2.146641090168545, 1.087407734017006, 2.164662618053909, 2.686726128581028, 3.9138506742082027, 4.94545052143887, 3.400213237430853, 3.875448265684887, 6.515829225816159, 6.011560079546739, 6.022234195047549, 2.4612636490225905, 0.0, 2.53399095894204, 4.465058097046443, 4.792822005875036, 5.404626719765204, 5.812026272308136, 4.312022094099241, 4.959432912138242], [7.142617563610696, 6.157513933398771, 4.840179759058542, 4.0737176497641565, 2.7057371380087907, 2.1745706725696454, 1.0879594891355102, 2.108746841135749, 2.7308812460449463, 3.385922586238498, 4.558981756927746, 8.1019409649787, 7.272750652263558, 7.135779560776804, 4.770115400071575, 2.53399095894204, 0.0, 3.0788608851326815, 2.423496956878634, 3.477738426046444, 3.491585486566239, 3.7152457953680535, 5.4751997616525365], [6.917208504158308, 6.390938136924813, 5.083948053432489, 5.009184877801975, 4.002783357864875, 2.737451614184258, 2.1141564417043504, 1.0872895612485205, 2.1974580974389477, 2.864210151158605, 4.162476720655624, 7.981573180144375, 6.599690506379825, 6.934979778629495, 5.989971958198135, 4.465058097046443, 3.0788608851326815, 0.0, 3.1053140984447936, 2.5403218122907183, 2.5469818177599937, 2.440361225310712, 4.659908642881318], [9.141761737214551, 8.305121247760326, 6.944918091669621, 6.336769972943629, 4.968062193652571, 4.123671532748456, 2.654680988367529, 2.1613917599546824, 1.0945902338318207, 5.003039082397818, 6.369045553299176, 10.16497738807126, 9.090000772827251, 9.097093235753936, 7.085531633547338, 4.792822005875036, 2.423496956878634, 3.1053140984447936, 0.0, 1.7727676271863722, 1.7727032492777801, 4.854180386017807, 7.105891044056333], [9.24365442344098, 8.517178570395245, 7.178853433522654, 6.717832344588544, 5.440070174179741, 4.487601520857217, 3.205133590039579, 2.13159452992355, 1.0942978662137655, 5.152163902672352, 6.491945947094754, 10.277543140264603, 8.984568059177915, 9.312053222571272, 7.5197219848874735, 5.404626719765204, 3.477738426046444, 2.5403218122907183, 1.7727676271863722, 0.0, 1.774396226889586, 4.876293563763363, 7.1254593080025375], [9.131604794886822, 8.541389000039747, 7.185099700769642, 6.908768007394661, 5.6718363137523635, 4.494271743007982, 3.208937191657076, 2.1313365032298397, 1.0942360668521216, 4.903507606805561, 6.298464042129637, 10.208054257790756, 8.944763010834887, 8.99024843316357, 7.81955252172399, 5.812026272308136, 3.491585486566239, 2.5469818177599937, 1.7727032492777801, 1.774396226889586, 0.0, 4.380889518123003, 6.801514768049835], [4.8805753205948985, 4.600487352444303, 3.3981037270807373, 3.865043085141484, 3.3988344207978125, 2.1646289127700387, 2.755385245296926, 2.866313199913785, 4.231716760370429, 1.0873233373748583, 2.146646328578604, 5.9744037694149865, 4.685802194928847, 4.682777088438014, 4.952205598518705, 4.312022094099241, 3.7152457953680535, 2.440361225310712, 4.854180386017807, 4.876293563763363, 4.380889518123003, 0.0, 2.430704249800868], [2.574321699011217, 2.7791499761617757, 2.1717063544595523, 3.403188484348171, 3.8721146483543074, 3.401615360383946, 4.64946601450102, 5.106455219621533, 6.559412346392015, 2.1361099105617205, 1.0845461954200013, 3.6556964466432382, 2.3821468342652596, 2.3724000779801035, 4.308336460862823, 4.959432912138242, 5.4751997616525365, 4.659908642881318, 7.105891044056333, 7.1254593080025375, 6.801514768049835, 2.430704249800868, 0.0]]}