{"total energy": -52.46163921, "HOMO-LUMO gap/eV": 2.4038748, "electronic energy": -53.17631596, "dipole": [-0.4109629, -2.84311493, 0.56848967], "partial charges": [-0.06917024, -0.01231156, -0.01220449, -0.04066549, -0.0716365, 0.14092696, -0.254048, 0.03234357, -0.01149676, -0.05284701, -0.0533217, 0.00868169, -0.10693863, -0.10513803, 0.131868, -0.23916088, 0.34414231, -0.39500603, 0.06681627, 0.05193574, 0.05001064, 0.04792734, 0.06519847, 0.04563688, 0.04660171, 0.05942805, 0.05284206, 0.03364779, 0.04112988, 0.04333814, 0.03661501, 0.04038941, 0.04020335, 0.04426205], "atomic dipole moments": [[0.0715944, 0.05962029, 0.01673047], [0.01310801, -0.06463337, 0.03110733], [0.01225567, 0.03722211, -0.00746068], [0.00785786, 0.03293366, -0.0076591], [0.04060706, 0.02270165, 0.01203873], [0.16275501, -0.12611196, 0.12915822], [-0.18413424, -0.14156938, -0.09066783], [0.00604159, 0.23618137, -0.03738397], [0.02559581, 0.00638415, 0.01590851], [-0.04566384, -0.05490205, -0.08999849], [-0.13091047, 0.03323862, 0.08618673], [0.14391958, -0.08265622, -0.00228676], [-0.04376321, -0.00444559, 0.05379168], [-0.01802854, 0.04088431, -0.05598353], [0.04503979, 0.23131204, -0.06081204], [-0.17714786, -0.06780423, -0.07092728], [0.14692925, -0.0708703, 0.10564948], [-0.0489369, -0.17549677, 0.03936351], [-0.0943328, 0.08811456, -0.08352089], [-0.13225914, -0.05250881, -0.05197074], [-0.12896414, -0.06850348, -0.04436005], [-0.0467847, -0.1438759, 0.02848668], [0.10044268, -0.04802591, 0.0603322], [-0.09846718, -0.02330053, 0.07484557], [-0.0003913, -0.05614691, -0.11463911], [-0.01480664, 0.12019001, 0.03549522], [0.03216347, -0.03621969, 0.11829593], [-0.02296586, 0.08511397, -0.11879373], [0.01430582, -0.11552016, -0.05349488], [0.11440089, 0.04569217, 0.03609176], [-0.03727197, 0.07643353, -0.09645985], [0.11169984, 0.03743409, 0.04890835], [0.0099156, -0.12159376, -0.03917208], [-0.07574183, -0.00801757, 0.10295257]], "atomic quadrupole moments": [[-0.04074857, -0.03759957, -0.21113362, -0.26873592, 0.23654635, 0.25188219], [-0.12206118, -0.19968658, -0.22397796, -0.30436893, 0.18898119, 0.34603914], [-0.08084596, -0.12309254, -0.12674354, -0.18902068, 0.1061745, 0.2075895], [-0.12911283, -0.10832099, -0.15440959, -0.30410983, 0.18299023, 0.28352242], [-0.0913358, -0.11122256, -0.16698545, -0.25138453, 0.16774475, 0.25832125], [-0.06397443, -0.30002024, -0.202421, -0.09532236, 0.03204398, 0.26639543], [-0.03988841, 0.01315081, 0.10440659, 0.03449484, -0.03466618, -0.06451817], [-0.2198238, 0.06739208, 0.47592261, 0.02392153, -0.09419656, -0.25609882], [-0.01572349, -0.02617238, -0.18899212, -0.19508646, 0.18460618, 0.20471561], [0.14514313, 0.06805257, -0.10164108, -0.01986163, 0.01446524, -0.04350205], [-0.10624706, 0.35176705, 0.10785858, 0.00761176, 0.26827544, -0.00161152], [-0.20907268, 0.34168233, 0.14367027, 0.09530213, 0.14989307, 0.06540241], [0.03811406, -0.02801064, -0.0935648, -0.13041842, -0.01931976, 0.05545073], [-0.03721347, -0.06828503, -0.0053775, 0.04021957, -0.11056919, 0.04259098], [-0.25961627, 0.04937402, 0.17366349, -0.30947534, 0.07130814, 0.08595279], [-0.0044449, 0.0091856, 0.02083638, 0.00762475, -0.0110502, -0.01639149], [-0.11301067, -0.23954176, -0.18003887, -0.21641507, 0.10692035, 0.29304954], [-0.0471103, -0.0322576, -0.0608585, -0.12622286, 0.08313203, 0.1079688], [0.00954328, 0.01345834, 0.02582132, 0.03414257, -0.02564873, -0.03536459], [0.00561294, 0.01838453, 0.03290199, 0.03129975, -0.02626193, -0.03851494], [0.01256468, 0.00784626, 0.02255872, 0.03911322, -0.02768474, -0.0351234], [0.00932695, -0.00708805, 0.02516819, 0.04205125, -0.03566352, -0.03449514], [0.04060872, -0.02027793, -0.0162402, 0.05311436, -0.01861212, -0.02436852], [0.03525356, 0.00874909, -0.01015397, -0.04853793, -0.00837767, -0.02509959], [-0.05104081, 0.00764125, -0.00024697, 0.01140316, 0.02351264, 0.05128777], [-0.02276744, -0.02192547, 0.05878172, -0.00151017, -0.00299015, -0.03601427], [-0.01033009, -0.01453519, 0.00176215, 0.02419746, -0.05252472, 0.00856794], [0.01546367, -0.04783774, -0.02765676, -0.02226515, -0.0252039, 0.01219309], [-0.04765074, -0.00976247, 0.07378979, -0.01078962, 0.03264902, -0.02613905], [0.05312237, 0.03633874, -0.03921697, 0.04079586, 0.01246071, -0.0139054], [-0.0134644, -0.03957582, -0.00048546, 0.02490072, -0.05381935, 0.01394986], [0.06052581, 0.04423612, -0.0324781, 0.03072492, 0.00226203, -0.02804771], [-0.05178258, -0.01265258, 0.06193978, -0.00654576, 0.044995, -0.0101572], [0.02755687, -0.01733352, -0.04346912, -0.06076586, 0.0005793, 0.01591225]], "number of molecular orbitals": 88, "number of electrons": 94, "number of unpaired electrons": 0, "orbital energies/eV": [-19.97010144, -19.81138964, -19.1524552, -18.49637971, -18.23911934, -18.05760371, -17.79559291, -17.31124068, -17.05532514, -16.89822732, -16.78229222, -16.66322954, -16.28114082, -15.95482578, -15.94950807, -15.63892084, -15.55787508, -15.4225562, -15.39783399, -15.05362335, -14.99017883, -14.61872199, -14.35945845, -14.21678071, -13.92946101, -13.75618633, -13.72882439, -13.58790975, -13.49229319, -13.43526231, -13.35716486, -13.22243569, -13.21561027, -12.98910162, -12.89165629, -12.54068305, -12.51904866, -12.29297149, -12.18203205, -12.15708417, -11.90980829, -11.8492323, -11.49050381, -10.99559981, -10.96359657, -10.66078366, -10.17950429, -7.77562949, -6.68954887, -6.14814747, -5.23269356, -4.51637032, -2.59650239, -0.94366169, 0.528587, 1.69994535, 2.3297872, 2.34524499, 2.57897634, 2.6117532, 2.83885044, 3.26794172, 3.53099298, 3.57356363, 4.1215464, 4.29290441, 4.56295096, 5.0790021, 5.12587383, 5.24317565, 5.51474614, 5.96630019, 6.07365069, 6.12153818, 6.43518113, 7.24588599, 7.39398406, 8.62080988, 9.26768364, 10.22608729, 10.3582112, 11.59221888, 11.98812242, 13.1786669, 15.71733188, 16.43842143, 16.78266832, 18.68829797], "fractional occupation": [2.0, 2.0, 2.0, 2.0, 2.0, 2.0, 2.0, 2.0, 2.0, 2.0, 2.0, 2.0, 2.0, 2.0, 2.0, 2.0, 2.0, 2.0, 2.0, 2.0, 2.0, 2.0, 2.0, 2.0, 2.0, 2.0, 2.0, 2.0, 2.0, 2.0, 2.0, 2.0, 2.0, 2.0, 2.0, 2.0, 2.0, 2.0, 2.0, 2.0, 2.0, 2.0, 2.0, 2.0, 2.0, 2.0, 2.0, 0.0, 0.0, 0.0, 0.0, 0.0, 0.0, 0.0, 0.0, 0.0, 0.0, 0.0, 0.0, 0.0, 0.0, 0.0, 0.0, 0.0, 0.0, 0.0, 0.0, 0.0, 0.0, 0.0, 0.0, 0.0, 0.0, 0.0, 0.0, 0.0, 0.0, 0.0, 0.0, 0.0, 0.0, 0.0, 0.0, 0.0, 0.0, 0.0, 0.0, 0.0], "program call": "xtb /home/svss/Project-DBcg-Debug/aqme2_20220329/End-to-End-workflows-final/example-3/QDESCP/mol_813_rdkit_conf_2/mol_813_rdkit_conf_2.xyz --pop --wbo --acc 0.2 --gfn 2 --chrg 0 --uhf 0 --etemp 300 --input /home/svss/Project-DBcg-Debug/aqme2_20220329/End-to-End-workflows-final/example-3/QDESCP/mol_813_rdkit_conf_2/mol_813_rdkit_conf_2_xtb.inp", "method": "GFN2-xTB", "xtb version": "6.3.3 (7355c4f)", "Dipole module/D": 7.443, "Total charge": 0, "Transition dipole module/D": NaN, "HOMO": -10.1795, "LUMO": -7.7756, "HOMO occupancy": 2.0, "LUMO occupancy": 0, "mulliken charges": [-0.08003, 0.00727, -0.04517, -0.02611, -0.09459, 0.25446, -0.41163, 0.16999, -0.04007, -0.02052, -0.06772, 0.00788, -0.08659, -0.08799, 0.23559, -0.38725, 0.56532, -0.51702, 0.06431, 0.04356, 0.04088, 0.04196, 0.0434, 0.02945, 0.02926, 0.04943, 0.04019, 0.03483, 0.03299, 0.03553, 0.03463, 0.03366, 0.03269, 0.03744], "cm5 charges": [-0.12855, -0.04497, -0.05016, -0.07859, -0.14608, 0.27259, -0.50344, 0.04849, -0.044, -0.11745, -0.12506, -0.01752, -0.23076, -0.2323, 0.256, -0.44533, 0.62055, -0.55784, 0.12367, 0.10021, 0.09709, 0.10085, 0.10253, 0.08858, 0.08846, 0.10872, 0.10102, 0.09306, 0.08467, 0.0872, 0.08635, 0.08541, 0.08474, 0.09186], "FUKUI+": [-0.048, -0.058, -0.02, -0.046, -0.018, -0.045, -0.045, 0.019, -0.04, 0.01, 0.008, -0.02, 0.009, 0.01, -0.013, -0.062, -0.038, -0.127, -0.075, -0.074, -0.059, -0.057, -0.034, -0.022, -0.019, -0.021, -0.028, -0.003, -0.017, -0.022, -0.009, -0.023, -0.015, -0.002], "FUKUI-": [-0.03, -0.011, -0.03, -0.017, -0.016, -0.018, -0.047, 0.019, -0.016, 0.009, -0.046, -0.053, 0.021, 0.021, -0.009, -0.021, -0.007, -0.081, -0.045, -0.043, -0.042, -0.04, -0.028, -0.034, -0.026, -0.049, -0.033, -0.047, -0.054, -0.057, -0.033, -0.057, -0.051, -0.027], "FUKUIrad": [-0.039, -0.035, -0.025, -0.031, -0.017, -0.032, -0.046, 0.019, -0.028, 0.009, -0.019, -0.036, 0.015, 0.016, -0.011, -0.042, -0.023, -0.104, -0.06, -0.059, -0.051, -0.048, -0.031, -0.028, -0.023, -0.035, -0.03, -0.025, -0.036, -0.039, -0.021, -0.04, -0.033, -0.014], "s proportion": [1.074, 1.071, 1.07, 1.061, 1.059, 1.024, 1.682, 0.972, 1.085, 1.019, 1.065, 1.091, 1.009, 1.006, 1.034, 1.688, 0.977, 1.727, 0.936, 0.956, 0.959, 0.958, 0.957, 0.971, 0.971, 0.951, 0.96, 0.965, 0.967, 0.964, 0.965, 0.966, 0.967, 0.963], "p proportion": [3.006, 2.922, 2.976, 2.965, 3.036, 2.722, 4.73, 2.858, 2.955, 3.002, 3.002, 2.902, 3.077, 3.082, 2.73, 4.7, 2.458, 4.79, 0.0, 0.0, 0.0, 0.0, 0.0, 0.0, 0.0, 0.0, 0.0, 0.0, 0.0, 0.0, 0.0, 0.0, 0.0, 0.0], "d proportion": [0.0, 0.0, 0.0, 0.0, 0.0, 0.0, 0.0, 0.0, 0.0, 0.0, 0.0, 0.0, 0.0, 0.0, 0.0, 0.0, 0.0, 0.0, 0.0, 0.0, 0.0, 0.0, 0.0, 0.0, 0.0, 0.0, 0.0, 0.0, 0.0, 0.0, 0.0, 0.0, 0.0, 0.0], "Fermi-level/eV": -8.9776, "Coordination numbers": [2.9, 2.904, 2.975, 2.917, 2.909, 2.858, 1.703, 3.64, 2.96, 3.805, 2.893, 2.935, 3.756, 3.754, 2.857, 1.702, 2.701, 0.857, 0.925, 0.925, 0.925, 0.925, 0.924, 0.924, 0.924, 0.924, 0.924, 0.924, 0.924, 0.924, 0.924, 0.924, 0.924, 0.924], "Dispersion coefficient C6": [29.722, 28.321, 28.314, 29.01, 29.786, 24.926, 18.21, 20.385, 28.3, 21.519, 29.323, 27.825, 22.598, 22.567, 25.111, 17.964, 21.153, 21.581, 2.121, 2.296, 2.32, 2.346, 2.139, 2.375, 2.363, 2.206, 2.285, 2.535, 2.434, 2.405, 2.495, 2.444, 2.446, 2.393], "Total dispersion C6": 12912.889348, "Total dispersion C8": 305859.01434, "Polarizability alpha": [8.939, 8.726, 8.728, 8.832, 8.949, 8.183, 5.761, 6.493, 8.726, 6.604, 8.878, 8.651, 6.778, 6.774, 8.214, 5.722, 7.528, 6.228, 2.277, 2.369, 2.382, 2.395, 2.287, 2.41, 2.404, 2.323, 2.364, 2.49, 2.44, 2.425, 2.47, 2.445, 2.446, 2.419], "Total polarizability alpha": 177.06138, "Wiberg matrix": [[0.0, 1.7467741490190172, 0.0, 0.0, 0.0, 0.0, 0.0, 0.0, 0.0, 0.0, 0.0, 0.0, 0.0, 0.0, 0.0, 0.0, 1.072433593275597, 0.0, 0.9647404293769837, 0.0, 0.0, 0.0, 0.0, 0.0, 0.0, 0.0, 0.0, 0.0, 0.0, 0.0, 0.0, 0.0, 0.0, 0.0], [1.7467741490190172, 0.0, 1.1422269737664126, 0.0, 0.0, 0.0, 0.0, 0.0, 0.0, 0.0, 0.0, 0.0, 0.0, 0.0, 0.0, 0.0, 0.0, 0.0, 0.0, 0.9642986219206373, 0.0, 0.0, 0.0, 0.0, 0.0, 0.0, 0.0, 0.0, 0.0, 0.0, 0.0, 0.0, 0.0, 0.0], [0.0, 1.1422269737664126, 0.0, 1.3515995138616084, 0.0, 0.0, 0.0, 0.0, 0.0, 0.0, 0.0, 0.0, 0.0, 0.0, 1.3038640034662428, 0.0, 0.0, 0.0, 0.0, 0.0, 0.0, 0.0, 0.0, 0.0, 0.0, 0.0, 0.0, 0.0, 0.0, 0.0, 0.0, 0.0, 0.0, 0.0], [0.0, 0.0, 1.3515995138616084, 0.0, 1.467319637443348, 0.0, 0.0, 0.0, 0.10384214894154314, 0.0, 0.0, 0.0, 0.0, 0.0, 0.0, 0.0, 0.0, 0.0, 0.0, 0.0, 0.9681392758987946, 0.0, 0.0, 0.0, 0.0, 0.0, 0.0, 0.0, 0.0, 0.0, 0.0, 0.0, 0.0, 0.0], [0.0, 0.0, 0.0, 1.467319637443348, 0.0, 1.3476439158765763, 0.0, 0.0, 0.0, 0.0, 0.0, 0.0, 0.0, 0.0, 0.0, 0.0, 0.0, 0.0, 0.0, 0.0, 0.0, 0.9653251477908524, 0.0, 0.0, 0.0, 0.0, 0.0, 0.0, 0.0, 0.0, 0.0, 0.0, 0.0, 0.0], [0.0, 0.0, 0.0, 0.0, 1.3476439158765763, 0.0, 1.075219815400204, 0.0, 1.335575534852158, 0.0, 0.0, 0.0, 0.0, 0.0, 0.0, 0.0, 0.0, 0.0, 0.0, 0.0, 0.0, 0.0, 0.0, 0.0, 0.0, 0.0, 0.0, 0.0, 0.0, 0.0, 0.0, 0.0, 0.0, 0.0], [0.0, 0.0, 0.0, 0.0, 0.0, 1.075219815400204, 0.0, 0.9796624404257944, 0.0, 0.0, 0.0, 0.0, 0.0, 0.0, 0.0, 0.0, 0.0, 0.0, 0.0, 0.0, 0.0, 0.0, 0.0, 0.0, 0.0, 0.0, 0.0, 0.0, 0.0, 0.0, 0.0, 0.0, 0.0, 0.0], [0.0, 0.0, 0.0, 0.0, 0.0, 0.0, 0.9796624404257944, 0.0, 0.0, 0.0, 0.0, 0.0, 0.0, 0.0, 0.0, 0.0, 0.0, 0.0, 0.0, 0.0, 0.0, 0.0, 0.9789902116962799, 0.9770012958974359, 0.9779885990113644, 0.0, 0.0, 0.0, 0.0, 0.0, 0.0, 0.0, 0.0, 0.0], [0.0, 0.0, 0.0, 0.10384214894154314, 0.0, 1.335575534852158, 0.0, 0.0, 0.0, 0.9991641756999834, 0.0, 0.0, 0.0, 0.0, 1.3679071512102121, 0.0, 0.0, 0.0, 0.0, 0.0, 0.0, 0.0, 0.0, 0.0, 0.0, 0.0, 0.0, 0.0, 0.0, 0.0, 0.0, 0.0, 0.0, 0.0], [0.0, 0.0, 0.0, 0.0, 0.0, 0.0, 0.0, 0.0, 0.9991641756999834, 0.0, 1.001534648453303, 0.0, 0.0, 0.0, 0.0, 0.0, 0.0, 0.0, 0.0, 0.0, 0.0, 0.0, 0.0, 0.0, 0.0, 0.9560627889112028, 0.9635603678985554, 0.0, 0.0, 0.0, 0.0, 0.0, 0.0, 0.0], [0.0, 0.0, 0.0, 0.0, 0.0, 0.0, 0.0, 0.0, 0.0, 1.001534648453303, 0.0, 1.8790128575199416, 0.0, 0.0, 0.0, 0.0, 0.0, 0.0, 0.0, 0.0, 0.0, 0.0, 0.0, 0.0, 0.0, 0.0, 0.0, 0.9649063969515291, 0.0, 0.0, 0.0, 0.0, 0.0, 0.0], [0.0, 0.0, 0.0, 0.0, 0.0, 0.0, 0.0, 0.0, 0.0, 0.0, 1.8790128575199416, 0.0, 1.021324349144922, 1.0257317673428459, 0.0, 0.0, 0.0, 0.0, 0.0, 0.0, 0.0, 0.0, 0.0, 0.0, 0.0, 0.0, 0.0, 0.0, 0.0, 0.0, 0.0, 0.0, 0.0, 0.0], [0.0, 0.0, 0.0, 0.0, 0.0, 0.0, 0.0, 0.0, 0.0, 0.0, 0.0, 1.021324349144922, 0.0, 0.0, 0.0, 0.0, 0.0, 0.0, 0.0, 0.0, 0.0, 0.0, 0.0, 0.0, 0.0, 0.0, 0.0, 0.0, 0.9733838462372545, 0.9734979311000566, 0.9849865831306295, 0.0, 0.0, 0.0], [0.0, 0.0, 0.0, 0.0, 0.0, 0.0, 0.0, 0.0, 0.0, 0.0, 0.0, 1.0257317673428459, 0.0, 0.0, 0.0, 0.0, 0.0, 0.0, 0.0, 0.0, 0.0, 0.0, 0.0, 0.0, 0.0, 0.0, 0.0, 0.0, 0.0, 0.0, 0.0, 0.9730640277764009, 0.9720744881842434, 0.9793522004010706], [0.0, 0.0, 1.3038640034662428, 0.0, 0.0, 0.0, 0.0, 0.0, 1.3679071512102121, 0.0, 0.0, 0.0, 0.0, 0.0, 0.0, 1.0233517387292494, 0.0, 0.0, 0.0, 0.0, 0.0, 0.0, 0.0, 0.0, 0.0, 0.0, 0.0, 0.0, 0.0, 0.0, 0.0, 0.0, 0.0, 0.0], [0.0, 0.0, 0.0, 0.0, 0.0, 0.0, 0.0, 0.0, 0.0, 0.0, 0.0, 0.0, 0.0, 0.0, 1.0233517387292494, 0.0, 1.0536216871248316, 0.1483815558486992, 0.0, 0.0, 0.0, 0.0, 0.0, 0.0, 0.0, 0.0, 0.0, 0.0, 0.0, 0.0, 0.0, 0.0, 0.0, 0.0], [1.072433593275597, 0.0, 0.0, 0.0, 0.0, 0.0, 0.0, 0.0, 0.0, 0.0, 0.0, 0.0, 0.0, 0.0, 0.0, 1.0536216871248316, 0.0, 1.716447824053807, 0.0, 0.0, 0.0, 0.0, 0.0, 0.0, 0.0, 0.0, 0.0, 0.0, 0.0, 0.0, 0.0, 0.0, 0.0, 0.0], [0.0, 0.0, 0.0, 0.0, 0.0, 0.0, 0.0, 0.0, 0.0, 0.0, 0.0, 0.0, 0.0, 0.0, 0.0, 0.1483815558486992, 1.716447824053807, 0.0, 0.0, 0.0, 0.0, 0.0, 0.0, 0.0, 0.0, 0.0, 0.0, 0.0, 0.0, 0.0, 0.0, 0.0, 0.0, 0.0], [0.9647404293769837, 0.0, 0.0, 0.0, 0.0, 0.0, 0.0, 0.0, 0.0, 0.0, 0.0, 0.0, 0.0, 0.0, 0.0, 0.0, 0.0, 0.0, 0.0, 0.0, 0.0, 0.0, 0.0, 0.0, 0.0, 0.0, 0.0, 0.0, 0.0, 0.0, 0.0, 0.0, 0.0, 0.0], [0.0, 0.9642986219206373, 0.0, 0.0, 0.0, 0.0, 0.0, 0.0, 0.0, 0.0, 0.0, 0.0, 0.0, 0.0, 0.0, 0.0, 0.0, 0.0, 0.0, 0.0, 0.0, 0.0, 0.0, 0.0, 0.0, 0.0, 0.0, 0.0, 0.0, 0.0, 0.0, 0.0, 0.0, 0.0], [0.0, 0.0, 0.0, 0.9681392758987946, 0.0, 0.0, 0.0, 0.0, 0.0, 0.0, 0.0, 0.0, 0.0, 0.0, 0.0, 0.0, 0.0, 0.0, 0.0, 0.0, 0.0, 0.0, 0.0, 0.0, 0.0, 0.0, 0.0, 0.0, 0.0, 0.0, 0.0, 0.0, 0.0, 0.0], [0.0, 0.0, 0.0, 0.0, 0.9653251477908524, 0.0, 0.0, 0.0, 0.0, 0.0, 0.0, 0.0, 0.0, 0.0, 0.0, 0.0, 0.0, 0.0, 0.0, 0.0, 0.0, 0.0, 0.0, 0.0, 0.0, 0.0, 0.0, 0.0, 0.0, 0.0, 0.0, 0.0, 0.0, 0.0], [0.0, 0.0, 0.0, 0.0, 0.0, 0.0, 0.0, 0.9789902116962799, 0.0, 0.0, 0.0, 0.0, 0.0, 0.0, 0.0, 0.0, 0.0, 0.0, 0.0, 0.0, 0.0, 0.0, 0.0, 0.0, 0.0, 0.0, 0.0, 0.0, 0.0, 0.0, 0.0, 0.0, 0.0, 0.0], [0.0, 0.0, 0.0, 0.0, 0.0, 0.0, 0.0, 0.9770012958974359, 0.0, 0.0, 0.0, 0.0, 0.0, 0.0, 0.0, 0.0, 0.0, 0.0, 0.0, 0.0, 0.0, 0.0, 0.0, 0.0, 0.0, 0.0, 0.0, 0.0, 0.0, 0.0, 0.0, 0.0, 0.0, 0.0], [0.0, 0.0, 0.0, 0.0, 0.0, 0.0, 0.0, 0.9779885990113644, 0.0, 0.0, 0.0, 0.0, 0.0, 0.0, 0.0, 0.0, 0.0, 0.0, 0.0, 0.0, 0.0, 0.0, 0.0, 0.0, 0.0, 0.0, 0.0, 0.0, 0.0, 0.0, 0.0, 0.0, 0.0, 0.0], [0.0, 0.0, 0.0, 0.0, 0.0, 0.0, 0.0, 0.0, 0.0, 0.9560627889112028, 0.0, 0.0, 0.0, 0.0, 0.0, 0.0, 0.0, 0.0, 0.0, 0.0, 0.0, 0.0, 0.0, 0.0, 0.0, 0.0, 0.0, 0.0, 0.0, 0.0, 0.0, 0.0, 0.0, 0.0], [0.0, 0.0, 0.0, 0.0, 0.0, 0.0, 0.0, 0.0, 0.0, 0.9635603678985554, 0.0, 0.0, 0.0, 0.0, 0.0, 0.0, 0.0, 0.0, 0.0, 0.0, 0.0, 0.0, 0.0, 0.0, 0.0, 0.0, 0.0, 0.0, 0.0, 0.0, 0.0, 0.0, 0.0, 0.0], [0.0, 0.0, 0.0, 0.0, 0.0, 0.0, 0.0, 0.0, 0.0, 0.0, 0.9649063969515291, 0.0, 0.0, 0.0, 0.0, 0.0, 0.0, 0.0, 0.0, 0.0, 0.0, 0.0, 0.0, 0.0, 0.0, 0.0, 0.0, 0.0, 0.0, 0.0, 0.0, 0.0, 0.0, 0.0], [0.0, 0.0, 0.0, 0.0, 0.0, 0.0, 0.0, 0.0, 0.0, 0.0, 0.0, 0.0, 0.9733838462372545, 0.0, 0.0, 0.0, 0.0, 0.0, 0.0, 0.0, 0.0, 0.0, 0.0, 0.0, 0.0, 0.0, 0.0, 0.0, 0.0, 0.0, 0.0, 0.0, 0.0, 0.0], [0.0, 0.0, 0.0, 0.0, 0.0, 0.0, 0.0, 0.0, 0.0, 0.0, 0.0, 0.0, 0.9734979311000566, 0.0, 0.0, 0.0, 0.0, 0.0, 0.0, 0.0, 0.0, 0.0, 0.0, 0.0, 0.0, 0.0, 0.0, 0.0, 0.0, 0.0, 0.0, 0.0, 0.0, 0.0], [0.0, 0.0, 0.0, 0.0, 0.0, 0.0, 0.0, 0.0, 0.0, 0.0, 0.0, 0.0, 0.9849865831306295, 0.0, 0.0, 0.0, 0.0, 0.0, 0.0, 0.0, 0.0, 0.0, 0.0, 0.0, 0.0, 0.0, 0.0, 0.0, 0.0, 0.0, 0.0, 0.0, 0.0, 0.0], [0.0, 0.0, 0.0, 0.0, 0.0, 0.0, 0.0, 0.0, 0.0, 0.0, 0.0, 0.0, 0.0, 0.9730640277764009, 0.0, 0.0, 0.0, 0.0, 0.0, 0.0, 0.0, 0.0, 0.0, 0.0, 0.0, 0.0, 0.0, 0.0, 0.0, 0.0, 0.0, 0.0, 0.0, 0.0], [0.0, 0.0, 0.0, 0.0, 0.0, 0.0, 0.0, 0.0, 0.0, 0.0, 0.0, 0.0, 0.0, 0.9720744881842434, 0.0, 0.0, 0.0, 0.0, 0.0, 0.0, 0.0, 0.0, 0.0, 0.0, 0.0, 0.0, 0.0, 0.0, 0.0, 0.0, 0.0, 0.0, 0.0, 0.0], [0.0, 0.0, 0.0, 0.0, 0.0, 0.0, 0.0, 0.0, 0.0, 0.0, 0.0, 0.0, 0.0, 0.9793522004010706, 0.0, 0.0, 0.0, 0.0, 0.0, 0.0, 0.0, 0.0, 0.0, 0.0, 0.0, 0.0, 0.0, 0.0, 0.0, 0.0, 0.0, 0.0, 0.0, 0.0]], "Born radii": [], "Atomic SASAs": [], "Solvent H bonds": [], "Total SASA": NaN, "Total FOD": 0.0, "FOD": [0.0, 0.0, 0.0, 0.0, 0.0, 0.0, 0.0, 0.0, 0.0, 0.0, 0.0, 0.0, 0.0, 0.0, 0.0, 0.0, 0.0, 0.0, 0.0, 0.0, 0.0, 0.0, 0.0, 0.0, 0.0, 0.0, 0.0, 0.0, 0.0, 0.0, 0.0, 0.0, 0.0, 0.0], "FOD s proportion": [0.0, 0.0, 0.0, 0.0, 0.0, 0.0, 0.0, 0.0, 0.0, 0.0, 0.0, 0.0, 0.0, 0.0, 0.0, 0.0, 0.0, 0.0, 0.0, 0.0, 0.0, 0.0, 0.0, 0.0, 0.0, 0.0, 0.0, 0.0, 0.0, 0.0, 0.0, 0.0, 0.0, 0.0], "FOD p proportion": [0.0, 0.0, 0.0, 0.0, 0.0, 0.0, 0.0, 0.0, 0.0, 0.0, 0.0, 0.0, 0.0, 0.0, 0.0, 0.0, 0.0, 0.0, 0.0, 0.0, 0.0, 0.0, 0.0, 0.0, 0.0, 0.0, 0.0, 0.0, 0.0, 0.0, 0.0, 0.0, 0.0, 0.0], "FOD d proportion": [0.0, 0.0, 0.0, 0.0, 0.0, 0.0, 0.0, 0.0, 0.0, 0.0, 0.0, 0.0, 0.0, 0.0, 0.0, 0.0, 0.0, 0.0, 0.0, 0.0, 0.0, 0.0, 0.0, 0.0, 0.0, 0.0, 0.0, 0.0, 0.0, 0.0, 0.0, 0.0, 0.0, 0.0], "coordinates": [["-3.30810", "2.58110", "-1.78580"], ["-3.63570", "1.31880", "-1.49610"], ["-2.72800", "0.50220", "-0.70610"], ["-3.02660", "-0.81980", "-0.38680"], ["-2.12760", "-1.57940", "0.36990"], ["-0.91890", "-1.02770", "0.81590"], ["0.00570", "-1.70850", "1.56400"], ["-0.16300", "-3.11310", "1.70110"], ["-0.60810", "0.31270", "0.51400"], ["0.69660", "0.93770", "0.96370"], ["1.77000", "0.84430", "-0.09000"], ["2.91030", "0.12590", "-0.06390"], ["3.87030", "0.17370", "-1.22420"], ["3.34560", "-0.77530", "1.05790"], ["-1.52690", "1.04970", "-0.25480"], ["-1.20460", "2.39050", "-0.57580"], ["-2.04780", "3.19100", "-1.33210"], ["-1.77440", "4.35080", "-1.61780"], ["-3.95660", "3.22040", "-2.37200"], ["-4.56980", "0.88980", "-1.84160"], ["-3.95560", "-1.27660", "-0.71940"], ["-2.40420", "-2.60350", "0.60010"], ["0.71440", "-3.50460", "2.22490"], ["-1.04340", "-3.34380", "2.30940"], ["-0.21460", "-3.60600", "0.72460"], ["0.53330", "1.99820", "1.19580"], ["1.00970", "0.51060", "1.92080"], ["1.57250", "1.46200", "-0.96660"], ["3.99970", "-0.82670", "-1.65030"], ["4.84730", "0.54040", "-0.89270"], ["3.52260", "0.83350", "-2.02610"], ["4.31770", "-0.45070", "1.44400"], ["3.44540", "-1.80380", "0.69510"], ["2.65280", "-0.79370", "1.90080"]], "bond_dist": [[0.0, 1.335907609080808, 2.413315833039679, 3.6881654057268096, 4.832223400257898, 5.049807617127607, 6.372056076338312, 7.380653037502848, 4.210073467292466, 5.128170814237763, 5.628437748611955, 6.903726907258137, 7.59212723023001, 7.976451237235768, 2.803893792567757, 2.4341611717386344, 1.4717940718728282, 2.3478283114401695, 1.0829991597411328, 2.1108046380468277, 4.054419132255569, 5.778376171555466, 8.324780191092135, 7.550097293412847, 7.358808111372384, 4.897557036931781, 6.055514069837507, 5.073827924752672, 8.064452983928916, 8.454148878509297, 7.054807746494585, 8.819084131586454, 8.425673567733325, 7.778986014256615], [1.335907609080808, 0.0, 1.4542540527706977, 2.4849867726006103, 3.7624307103254404, 4.269942445747952, 5.638133668156511, 6.47483364573948, 3.7708223214572176, 4.996466405370899, 5.605698881495508, 6.806197414856551, 7.597711472542242, 7.723128931980872, 2.4617631770745128, 2.811714813063373, 2.460377054436982, 3.5598135597247222, 2.118079361119408, 1.0844141552008624, 2.727947957714736, 4.614659681926718, 7.4856127718444, 6.552990790471172, 6.39445765800353, 5.008839283706355, 5.823069122893871, 5.237005225317232, 7.932608716557246, 8.539981681479183, 7.1942807131776565, 8.662095001787963, 8.043255896090836, 7.452973776285544], [2.413315833039679, 1.4542540527706977, 0.0, 1.3924074295981044, 2.4189490941315817, 2.816011509209435, 4.184932997074148, 5.044227485948666, 2.4532693023799896, 3.8348112665423315, 4.552868943863858, 5.687218073891664, 6.6267565784477105, 6.452311152602609, 1.3950158242830082, 2.429691861121488, 2.843271615586523, 4.068448329523185, 3.416619968623962, 2.198140407253367, 2.161320913238013, 3.3847270746693887, 6.0411360686546365, 5.169413255873437, 5.024080939833673, 4.060950295189539, 4.5684872178873395, 4.413997795649654, 6.922386592787202, 7.577694167093313, 6.39704307082577, 7.427842008955225, 6.73734851406694, 6.117866708257054], [3.6881654057268096, 2.4849867726006103, 1.3924074295981044, 0.0, 1.3992097948485067, 2.4355921230780826, 3.713522804561728, 4.221226866682245, 2.818357525226351, 4.3329983544884945, 5.085734028633428, 6.0204148121205066, 7.01822702824581, 6.534070031764276, 2.400323798990461, 3.696137320230405, 4.235346286905004, 5.460629102951416, 4.59664389310288, 2.724085431846806, 1.087349989653745, 2.1314171482842115, 5.293789656758191, 4.1920344321105, 4.111625517967316, 4.808184144768169, 4.835979694953237, 5.166672051717624, 7.139003540410944, 8.00652109595672, 6.950735645958636, 7.578047633790646, 6.635175024820369, 6.122857121475235], [4.832223400257898, 3.7624307103254404, 2.4189490941315817, 1.3992097948485067, 0.0, 1.4015151015954126, 2.4481647228076793, 2.825594148139467, 2.4309848765469524, 3.8294250860932117, 4.612712375598548, 5.336353337251948, 6.448978122927693, 5.574570750291004, 2.7682589094952808, 4.184063037288038, 5.065559021470384, 6.264421247808929, 5.822485435791146, 4.117283294843822, 2.1493827788460576, 1.0854862550949227, 3.90184367190691, 2.837297525815719, 2.809357337541809, 4.534503432571201, 4.076277971385171, 4.972633730730628, 6.495503877298511, 7.398441782564758, 6.594517605556907, 6.630953671230105, 5.586988401634641, 5.080669587761046], [5.049807617127607, 4.269942445747952, 2.816011509209435, 2.4355921230780826, 1.4015151015954126, 0.0, 1.3704114017330709, 2.388274902518552, 1.408691737038306, 2.5484274072454958, 3.3992972832631163, 4.094827669145553, 5.3424532389156205, 4.2788117521106255, 2.414881622357502, 3.701694830749828, 4.866800684227782, 5.965151983813992, 6.11855222336134, 4.9059334799811545, 3.4118388282566925, 2.1761965375397505, 3.2845065839483407, 2.758688403934014, 2.6743232919749995, 3.37776252273602, 2.703085063404406, 3.9475291385878335, 5.505921303469566, 6.215087610806464, 5.591775361188968, 5.305602526575092, 4.434415219620282, 3.740161079418906], [6.372056076338312, 5.638133668156511, 4.184932997074148, 3.713522804561728, 2.4481647228076793, 1.3704114017330709, 0.0, 1.4213223631534124, 2.3589192186253434, 2.800013810680226, 3.5164269265832897, 3.8015500693795943, 5.123657798877673, 3.504558668363251, 3.6420548375882533, 4.779683162093487, 6.050566726348863, 7.0716139416684785, 7.448890689223464, 6.267732803813512, 4.592640946122395, 2.745495623744463, 2.040837992100304, 2.0809704611070288, 2.086535573624375, 3.7621214613566103, 2.4616512852148658, 4.348662880702527, 5.202050723512795, 5.87656503920445, 5.631977238945484, 4.493306671038602, 3.5490287953185162, 2.8208920025410404], [7.380653037502848, 6.47483364573948, 5.044227485948666, 4.221226866682245, 2.825594148139467, 2.388274902518552, 1.4213223631534124, 0.0, 3.652865458787115, 4.2061445006086045, 4.754528680111205, 4.801199734441383, 5.968914743904457, 4.264890272914416, 4.79736092659287, 6.046388767686048, 7.245305382797884, 8.32595402221271, 8.43177127417484, 6.927757064158644, 4.859564513410641, 2.548503600154412, 1.094289472671651, 1.094694267820929, 1.0950640255254485, 5.183198768135368, 3.815061607628375, 5.57316100162197, 5.812708336911461, 6.721530092173954, 6.5613503762564, 5.218347119538906, 3.968230468357401, 3.653522422265943], [4.210073467292466, 3.7708223214572176, 2.4532693023799896, 2.818357525226351, 2.4309848765469524, 1.408691737038306, 2.3589192186253434, 3.652865458787115, 0.0, 1.5149578145941887, 2.5105326466708218, 3.5704343167183454, 4.805905408973422, 4.136582514588582, 1.4065617227836111, 2.420894283111098, 3.710179536087169, 4.712863093704293, 5.291140476305652, 4.645100931088581, 3.9054969338100882, 3.4260196817881825, 4.387250203715307, 4.096698609856478, 3.9440340135450147, 2.146754631996866, 2.1530275172417097, 2.875427483001441, 5.216727680260874, 5.638443166335899, 4.877091668197349, 5.070619804323728, 4.576377575113312, 3.7122505316855974], [5.128170814237763, 4.996466405370899, 3.8348112665423315, 4.3329983544884945, 3.8294250860932117, 2.5484274072454958, 2.800013810680226, 4.2061445006086045, 1.5149578145941887, 0.0, 1.5070483767948526, 2.5720514555506075, 3.929754966915876, 3.1560170531858662, 2.537959515043532, 2.845215199242405, 4.228450057645236, 4.941582222325153, 6.163593434028562, 5.967157737147561, 5.420232000569717, 4.720938787995455, 4.6178968773674445, 4.813496726912774, 4.640330154202392, 1.0978148978766866, 1.0938402214217577, 2.183609257628296, 4.566899710963663, 4.564250074218108, 4.115341745226027, 3.9077753082796356, 3.8915125144344582, 2.7753595821082353], [5.628437748611955, 5.605698881495508, 4.552868943863858, 5.085734028633428, 4.612712375598548, 3.3992972832631163, 3.5164269265832897, 4.754528680111205, 2.5105326466708218, 1.5070483767948526, 0.0, 1.34798511119374, 2.4793898624460007, 2.5344218137476644, 3.307400461087227, 3.38747416816719, 4.650312907751477, 5.214641545686529, 6.606612049303334, 6.577479521062761, 6.138147646480981, 5.457793371867425, 5.038450613035718, 5.586816761806316, 4.940382617773648, 2.124663206251758, 2.17548349108882, 1.0904068506754716, 3.1934838624924975, 3.1947547308048545, 2.6115525286694887, 3.2436023631141966, 3.2304459103968917, 2.7250072440270685], [6.903726907258137, 6.806197414856551, 5.687218073891664, 6.0204148121205066, 5.336353337251948, 4.094827669145553, 3.8015500693795943, 4.801199734441383, 3.5704343167183454, 2.5720514555506075, 1.34798511119374, 0.0, 1.5067119598649237, 1.503357166477747, 4.5363634212880255, 4.724707057585687, 5.965393940051235, 6.496983862531905, 7.877662817739789, 7.726296429079071, 7.038271755907127, 6.011192112218674, 4.820903701589568, 5.770885085495984, 4.930903555130642, 3.2775723302468855, 2.7747627898615046, 2.095170479937134, 2.1473015810546965, 2.1472514268245346, 2.1738992363952843, 2.1417293783295785, 2.14153101775342, 2.1844945639666857], [7.59212723023001, 7.597711472542242, 6.6267565784477105, 7.01822702824581, 6.448978122927693, 5.3424532389156205, 5.123657798877673, 5.968914743904457, 4.805905408973422, 3.929754966915876, 2.4793898624460007, 1.5067119598649237, 0.0, 2.5266364004343798, 5.553096451530443, 5.575772126800018, 6.64376770439786, 7.0331872902689, 8.477038948831131, 8.49289526486698, 7.975142878970884, 7.100018350680511, 5.948603744577378, 7.000255916750473, 5.896639851644324, 4.5078563919007, 4.264687441067633, 2.6468773092079654, 1.0950368623932254, 1.0949384183596809, 1.0951141219069362, 2.7765686305222133, 2.7883254383231524, 3.4905291876734106], [7.976451237235768, 7.723128931980872, 6.452311152602609, 6.534070031764276, 5.574570750291004, 4.2788117521106255, 3.504558668363251, 4.264890272914416, 4.136582514588582, 3.1560170531858662, 2.5344218137476644, 1.503357166477747, 2.5266364004343798, 0.0, 5.366103105606526, 5.778891361671373, 7.108614439537426, 7.723384730802939, 9.002886056148883, 8.592625641793084, 7.5311100390314305, 6.050793015795533, 3.96663345042115, 5.23705695023455, 4.560589372000071, 3.95225884147281, 2.8025995129522165, 3.499713581137748, 2.7865455334517684, 2.791238029978812, 3.482904311059952, 1.0951788803661255, 1.095169452641919, 1.091233618433743], [2.803893792567757, 2.4617631770745128, 1.3950158242830082, 2.400323798990461, 2.7682589094952808, 2.414881622357502, 3.6420548375882533, 4.79736092659287, 1.4065617227836111, 2.537959515043532, 3.307400461087227, 4.5363634212880255, 5.553096451530443, 5.366103105606526, 0.0, 1.4158611972930113, 2.4529732550519174, 3.5799841424229792, 3.88560373944642, 3.4355119938664163, 3.395012303365041, 3.8530999909164048, 5.649246522324901, 5.109964397136245, 4.935270827421733, 2.692269795172839, 3.384996858196474, 3.2067009355410745, 6.0009669862448005, 6.42625307158067, 5.355529514436458, 6.26868971636019, 5.81107043065217, 5.051200551354103], [2.4341611717386344, 2.811714813063373, 2.429691861121488, 3.696137320230405, 4.184063037288038, 3.701694830749828, 4.779683162093487, 6.046388767686048, 2.420894283111098, 2.845215199242405, 3.38747416816719, 4.724707057585687, 5.575772126800018, 5.778891361671373, 1.4158611972930113, 0.0, 1.3870025883177004, 2.2919886845270416, 3.389479672457116, 3.896013497153212, 4.586528575077233, 5.2689483742014405, 6.802843927358616, 6.421258519168964, 6.2152355072032455, 2.5125210964288436, 3.830164495162055, 2.954170154205746, 6.212057998763372, 6.336307223454368, 5.184017643681394, 6.530528827744352, 6.389823103967745, 5.581416662461243], [1.4717940718728282, 2.460377054436982, 2.843271615586523, 4.235346286905004, 5.065559021470384, 4.866800684227782, 6.050566726348863, 7.245305382797884, 3.710179536087169, 4.228450057645236, 4.650312907751477, 5.965393940051235, 6.64376770439786, 7.108614439537426, 2.4529732550519174, 1.3870025883177004, 0.0, 1.2253603918847709, 2.1738844978517142, 3.451897404327075, 4.896381509849902, 6.1185495053975005, 8.069266211992264, 7.548042968213681, 7.334156129371667, 3.8046192266769614, 5.207130574510304, 4.028598185473453, 7.267421879869091, 7.400078157019695, 6.0884150983650915, 7.8414475927598986, 7.696285670373729, 6.958815765631391], [2.3478283114401695, 3.5598135597247222, 4.068448329523185, 5.460629102951416, 6.264421247808929, 5.965151983813992, 7.0716139416684785, 8.32595402221271, 4.712863093704293, 4.941582222325153, 5.214641545686529, 6.496983862531905, 7.0331872902689, 7.723384730802939, 3.5799841424229792, 2.2919886845270416, 1.2253603918847709, 0.0, 2.5707233690150324, 4.454533488481145, 6.10183470441473, 7.326528300634619, 9.092182240254536, 8.669724909130624, 8.43981516622254, 4.333191780893156, 5.917773129311397, 4.468888730993422, 7.755500841983062, 7.674101189064423, 6.371523929171106, 8.339226816677911, 8.394934163529813, 7.64503276971394], [1.0829991597411328, 2.118079361119408, 3.416619968623962, 4.59664389310288, 5.822485435791146, 6.11855222336134, 7.448890689223464, 8.43177127417484, 5.291140476305652, 6.163593434028562, 6.606612049303334, 7.877662817739789, 8.477038948831131, 9.002886056148883, 3.88560373944642, 3.389479672457116, 2.1738844978517142, 2.5707233690150324, 0.0, 2.467596960607627, 4.791043389492523, 6.720203522215678, 9.390173353564885, 8.572686967339937, 8.378020799687716, 5.863631271660932, 7.101780309894132, 5.969762686238038, 8.955589259786315, 9.320911098170606, 7.8584585676836145, 9.823587516788356, 9.457234905087216, 8.834816750221817], [2.1108046380468277, 1.0844141552008624, 2.198140407253367, 2.724085431846806, 4.117283294843822, 4.9059334799811545, 6.267732803813512, 6.927757064158644, 4.645100931088581, 5.967157737147561, 6.577479521062761, 7.726296429079071, 8.49289526486698, 8.592625641793084, 3.4355119938664163, 3.896013497153212, 3.451897404327075, 4.454533488481145, 2.467596960607627, 0.0, 2.515921986071905, 4.780676431217658, 7.98560850843566, 6.898526431057578, 6.765010504056885, 6.041190191510278, 6.740197819797279, 6.230640988694502, 8.741813209512086, 9.471233498335895, 8.09469874053383, 9.569731650365123, 8.828009905409033, 8.306965798051657], [4.054419132255569, 2.727947957714736, 2.161320913238013, 1.087349989653745, 2.1493827788460576, 3.4118388282566925, 4.592640946122395, 4.859564513410641, 3.9054969338100882, 5.420232000569717, 6.138147646480981, 7.038271755907127, 7.975142878970884, 7.5311100390314305, 3.395012303365041, 4.586528575077233, 4.896381509849902, 6.10183470441473, 4.791043389492523, 2.515921986071905, 0.0, 2.4307582808662818, 5.953300470327362, 4.6827186676117964, 4.637490847430321, 5.877289280782425, 5.900757914878393, 6.174214720108137, 8.02220561379475, 8.99013739049632, 7.879305942784555, 8.591269013364673, 7.553380110255276, 7.125278311055646], [5.778376171555466, 4.614659681926718, 3.3847270746693887, 2.1314171482842115, 1.0854862550949227, 2.1761965375397505, 2.745495623744463, 2.548503600154412, 3.4260196817881825, 4.720938787995455, 5.457793371867425, 6.011192112218674, 7.100018350680511, 6.050793015795533, 3.8530999909164048, 5.2689483742014405, 6.1185495053975005, 7.326528300634619, 6.720203522215678, 4.780676431217658, 2.4307582808662818, 0.0, 3.630099476598403, 2.3068435620995196, 2.411400974537416, 5.491758154726044, 4.805890189132498, 5.898896679040921, 7.016498671702291, 8.04343280571175, 7.337360130183062, 7.108491728911274, 5.904774784020132, 5.526341061679057], [8.324780191092135, 7.4856127718444, 6.0411360686546365, 5.293789656758191, 3.90184367190691, 3.2845065839483407, 2.040837992100304, 1.094289472671651, 4.387250203715307, 4.6178968773674445, 5.038450613035718, 4.820903701589568, 5.948603744577378, 3.96663345042115, 5.649246522324901, 6.802843927358616, 8.069266211992264, 9.092182240254536, 9.390173353564885, 7.98560850843566, 5.953300470327362, 3.630099476598403, 0.0, 1.767160923628632, 1.7675471846601436, 5.601129516445767, 4.037512840846454, 5.965662026967333, 5.742953903697992, 6.569803434654647, 6.691494590149498, 4.787471243777867, 3.562494867364723, 3.348344991185944], [7.550097293412847, 6.552990790471172, 5.169413255873437, 4.1920344321105, 2.837297525815719, 2.758688403934014, 2.0809704611070288, 1.094694267820929, 4.096698609856478, 4.813496726912774, 5.586816761806316, 5.770885085495984, 7.000255916750473, 5.23705695023455, 5.109964397136245, 6.421258519168964, 7.548042968213681, 8.669724909130624, 8.572686967339937, 6.898526431057578, 4.6827186676117964, 2.3068435620995196, 1.767160923628632, 0.0, 1.8075534072331032, 5.6800573808721335, 4.384361861206258, 6.377367987657604, 6.88824172848195, 7.748599908370544, 7.556106903690551, 6.153075489541795, 5.012672932677734, 4.509086205651872], [7.358808111372384, 6.39445765800353, 5.024080939833673, 4.111625517967316, 2.809357337541809, 2.6743232919749995, 2.086535573624375, 1.0950640255254485, 3.9440340135450147, 4.640330154202392, 4.940382617773648, 4.930903555130642, 5.896639851644324, 4.560589372000071, 4.935270827421733, 6.2152355072032455, 7.334156129371667, 8.43981516622254, 8.378020799687716, 6.765010504056885, 4.637490847430321, 2.411400974537416, 1.7675471846601436, 1.8075534072331032, 0.0, 5.673485832360912, 4.45827326327133, 5.6336939790869005, 5.578976876632488, 6.740261408877254, 6.422007052316277, 5.569128992939561, 4.079754292846568, 4.185028134911401], [4.897557036931781, 5.008839283706355, 4.060950295189539, 4.808184144768169, 4.534503432571201, 3.37776252273602, 3.7621214613566103, 5.183198768135368, 2.146754631996866, 1.0978148978766866, 2.124663206251758, 3.2775723302468855, 4.5078563919007, 3.95225884147281, 2.692269795172839, 2.5125210964288436, 3.8046192266769614, 4.333191780893156, 5.863631271660932, 6.041190191510278, 5.877289280782425, 5.491758154726044, 5.601129516445767, 5.6800573808721335, 5.673485832360912, 0.0, 1.722073087879838, 2.4583370070029047, 5.300591870725381, 5.009751400019765, 4.546765904464403, 4.514465395813772, 4.815208292483306, 3.575473515494137], [6.055514069837507, 5.823069122893871, 4.5684872178873395, 4.835979694953237, 4.076277971385171, 2.703085063404406, 2.4616512852148658, 3.815061607628375, 2.1530275172417097, 1.0938402214217577, 2.17548349108882, 2.7747627898615046, 4.264687441067633, 2.8025995129522165, 3.384996858196474, 3.830164495162055, 5.207130574510304, 5.917773129311397, 7.101780309894132, 6.740197819797279, 5.900757914878393, 4.805890189132498, 4.037512840846454, 4.384361861206258, 4.45827326327133, 1.722073087879838, 0.0, 3.0917607540041, 4.845743131863264, 4.758554827886298, 4.69009066330279, 3.4776860022146914, 3.576509798672443, 2.0979456856649077], [5.073827924752672, 5.237005225317232, 4.413997795649654, 5.166672051717624, 4.972633730730628, 3.9475291385878335, 4.348662880702527, 5.57316100162197, 2.875427483001441, 2.183609257628296, 1.0904068506754716, 2.095170479937134, 2.6468773092079654, 3.499713581137748, 3.2067009355410745, 2.954170154205746, 4.028598185473453, 4.468888730993422, 5.969762686238038, 6.230640988694502, 6.174214720108137, 5.898896679040921, 5.965662026967333, 6.377367987657604, 5.6336939790869005, 2.4583370070029047, 3.0917607540041, 0.0, 3.405421151634552, 3.402811015910228, 2.306608443147644, 4.123776993242966, 4.115148957206774, 3.8048933414748958], [8.064452983928916, 7.932608716557246, 6.922386592787202, 7.139003540410944, 6.495503877298511, 5.505921303469566, 5.202050723512795, 5.812708336911461, 5.216727680260874, 4.566899710963663, 3.1934838624924975, 2.1473015810546965, 1.0950368623932254, 2.7865455334517684, 6.0009669862448005, 6.212057998763372, 7.267421879869091, 7.755500841983062, 8.955589259786315, 8.741813209512086, 8.02220561379475, 7.016498671702291, 5.742953903697992, 6.88824172848195, 5.578976876632488, 5.300591870725381, 4.845743131863264, 3.405421151634552, 0.0, 1.7780174155502526, 1.76779922219691, 3.1332399349555087, 2.6005526451121885, 3.798096868169636], [8.454148878509297, 8.539981681479183, 7.577694167093313, 8.00652109595672, 7.398441782564758, 6.215087610806464, 5.87656503920445, 6.721530092173954, 5.638443166335899, 4.564250074218108, 3.1947547308048545, 2.1472514268245346, 1.0949384183596809, 2.791238029978812, 6.42625307158067, 6.336307223454368, 7.400078157019695, 7.674101189064423, 9.320911098170606, 9.471233498335895, 8.99013739049632, 8.04343280571175, 6.569803434654647, 7.748599908370544, 6.740261408877254, 5.009751400019765, 4.758554827886298, 3.402811015910228, 1.7780174155502526, 0.0, 1.7678612106158105, 2.5928598612343086, 3.15938381492341, 3.7946403400058877], [7.054807746494585, 7.1942807131776565, 6.39704307082577, 6.950735645958636, 6.594517605556907, 5.591775361188968, 5.631977238945484, 6.5613503762564, 4.877091668197349, 4.115341745226027, 2.6115525286694887, 2.1738992363952843, 1.0951141219069362, 3.482904311059952, 5.355529514436458, 5.184017643681394, 6.0884150983650915, 6.371523929171106, 7.8584585676836145, 8.09469874053383, 7.879305942784555, 7.337360130183062, 6.691494590149498, 7.556106903690551, 6.422007052316277, 4.546765904464403, 4.69009066330279, 2.306608443147644, 1.76779922219691, 1.7678612106158105, 0.0, 3.7845670373240847, 3.790282386577549, 4.338764281451575], [8.819084131586454, 8.662095001787963, 7.427842008955225, 7.578047633790646, 6.630953671230105, 5.305602526575092, 4.493306671038602, 5.218347119538906, 5.070619804323728, 3.9077753082796356, 3.2436023631141966, 2.1417293783295785, 2.7765686305222133, 1.0951788803661255, 6.26868971636019, 6.530528827744352, 7.8414475927598986, 8.339226816677911, 9.823587516788356, 9.569731650365123, 8.591269013364673, 7.108491728911274, 4.787471243777867, 6.153075489541795, 5.569128992939561, 4.514465395813772, 3.4776860022146914, 4.123776993242966, 3.1332399349555087, 2.5928598612343086, 3.7845670373240847, 0.0, 1.7755669826846863, 1.760172505750502], [8.425673567733325, 8.043255896090836, 6.73734851406694, 6.635175024820369, 5.586988401634641, 4.434415219620282, 3.5490287953185162, 3.968230468357401, 4.576377575113312, 3.8915125144344582, 3.2304459103968917, 2.14153101775342, 2.7883254383231524, 1.095169452641919, 5.81107043065217, 6.389823103967745, 7.696285670373729, 8.394934163529813, 9.457234905087216, 8.828009905409033, 7.553380110255276, 5.904774784020132, 3.562494867364723, 5.0