{"total energy": -24.04890772, "HOMO-LUMO gap/eV": 11.96826476, "electronic energy": -24.34620453, "dipole": [-0.50761981, 0.50527175, 0.27655083], "partial charges": [-0.10099844, -0.05615148, -0.03017996, -0.05391038, -0.1012322, 0.07835246, -0.44484544, 0.03446121, 0.02971015, 0.03348735, 0.03162015, 0.02944253, 0.02935189, 0.04143086, 0.02680144, 0.03273134, 0.04078406, 0.02968439, 0.01741112, 0.04592648, 0.28612244], "atomic dipole moments": [[0.08159995, 0.01593656, -0.05768824], [0.00699495, -0.06230496, 0.08985881], [-0.02108248, -0.04547889, -0.08010889], [0.00640609, -0.05838999, 0.10116421], [-0.09381233, 0.03470683, -0.0310582], [-0.03359854, -0.00072081, -0.19509631], [-0.09201203, 0.13991355, 0.17074993], [0.02113001, 0.03218963, 0.12151823], [-0.03793136, -0.11890971, -0.00520764], [-0.09665538, 0.06815377, -0.04019513], [0.01149528, 0.12241907, -0.00655078], [-0.02838882, -0.03063215, -0.11683652], [0.02233558, 0.04642279, 0.11235294], [-0.01385778, -0.0376409, -0.12055738], [0.00625704, 0.12059864, -0.00950625], [0.08888801, 0.05108972, -0.07083765], [0.01520487, -0.12619055, -0.01017112], [0.02237474, 0.03521163, 0.11844301], [-0.08727565, -0.04333783, 0.06670814], [0.10156215, -0.05207468, 0.05546092], [-0.07342461, 0.02173758, -0.01600436]], "atomic quadrupole moments": [[0.09999651, 0.03996338, -0.09610575, -0.1585289, -0.04796478, -0.00389076], [0.21205311, -0.04401545, -0.15213029, -0.07196521, -0.09127002, -0.05992282], [0.06538579, -0.02192121, 0.07197804, -0.03626968, -0.09919873, -0.13736384], [0.22323836, -0.04190437, -0.14878029, -0.04546746, -0.10076364, -0.07445808], [0.16375967, -0.08707736, -0.09097689, 0.09617106, -0.04727422, -0.07278278], [-0.28438091, 0.05799366, 0.03971495, 0.08723429, 0.25037726, 0.24466596], [-0.06778758, -0.01365424, -0.04506259, 0.03099096, 0.10947023, 0.11285018], [-0.02352194, 0.01702138, -0.03975145, 0.02647013, 0.02917272, 0.06327339], [-0.03741131, 0.01858907, 0.07750929, -0.01169701, 0.01163632, -0.04009799], [0.03043544, -0.04859112, -0.00379494, 0.02446251, -0.03758873, -0.0266405], [-0.0044205, 0.01413583, 0.05044382, -0.0047403, 0.00558858, -0.04602331], [-0.01266143, 0.00831179, -0.02352527, 0.00731522, 0.04283999, 0.0361867], [-0.02443399, 0.0024226, -0.00540743, 0.01109263, 0.01913661, 0.02984142], [-0.01117959, 0.00351437, -0.01800078, 0.01508125, 0.04222134, 0.02918037], [-0.00874586, -0.00326599, 0.05716347, -0.00614346, 0.0064164, -0.04841761], [0.02066267, 0.028874, -0.01996305, -0.04629834, -0.04400632, -0.00069961], [-0.03066591, 0.00417452, 0.07665641, 0.01128785, 0.00815173, -0.0459905], [-0.03416171, -0.00755454, -0.03505512, 0.01026602, 0.03855315, 0.06921684], [0.02346237, 0.01406313, -0.03239876, -0.03396599, 0.0177432, 0.00893638], [0.04331754, -0.02102822, -0.01561452, 0.02523732, 0.00760142, -0.02770302], [0.09602309, -0.05295301, -0.07489199, 0.06309641, 0.00183047, -0.02113109]], "number of molecular orbitals": 42, "number of electrons": 44, "number of unpaired electrons": 0, "orbital energies/eV": [-18.45442486, -17.20317009, -16.72000487, -16.49109527, -16.0418158, -15.40317086, -15.24646116, -14.83564071, -14.43136617, -14.03604158, -13.61743423, -13.52434939, -13.25863482, -12.99465361, -12.74890678, -12.2874926, -12.22986872, -11.98862817, -11.73176887, -11.60833539, -11.43314838, -10.91572025, 1.05254451, 1.7062236, 2.12084588, 2.25075313, 2.97562003, 3.47791725, 3.9302565, 4.00666772, 4.32264237, 4.55802131, 5.01979287, 5.32256321, 5.43464385, 6.1222512, 6.59886611, 7.04820236, 7.34265961, 7.40254114, 7.42222092, 8.04542559], "fractional occupation": [2.0, 2.0, 2.0, 2.0, 2.0, 2.0, 2.0, 2.0, 2.0, 2.0, 2.0, 2.0, 2.0, 2.0, 2.0, 2.0, 2.0, 2.0, 2.0, 2.0, 2.0, 2.0, 0.0, 0.0, 0.0, 0.0, 0.0, 0.0, 0.0, 0.0, 0.0, 0.0, 0.0, 0.0, 0.0, 0.0, 0.0, 0.0, 0.0, 0.0, 0.0, 0.0], "program call": "xtb /home/svss/Project-DBcg-Debug/aqme2_20220329/End-to-End-workflows-final/example-3/QDESCP/mol_1100_rdkit_conf_7/mol_1100_rdkit_conf_7.xyz --pop --wbo --acc 0.2 --gfn 2 --chrg 0 --uhf 0 --etemp 300 --input /home/svss/Project-DBcg-Debug/aqme2_20220329/End-to-End-workflows-final/example-3/QDESCP/mol_1100_rdkit_conf_7/mol_1100_rdkit_conf_7_xtb.inp", "method": "GFN2-xTB", "xtb version": "6.3.3 (7355c4f)", "Dipole module/D": 1.951, "Total charge": 0, "Transition dipole module/D": NaN, "HOMO": -10.9157, "LUMO": 1.0525, "HOMO occupancy": 2.0, "LUMO occupancy": 0, "mulliken charges": [-0.08771, -0.0471, -0.03685, -0.03852, -0.08458, 0.18934, -0.56502, 0.02848, 0.02463, 0.03132, 0.02713, 0.02308, 0.02079, 0.03241, 0.02037, 0.02926, 0.03463, 0.02278, 0.0108, 0.03077, 0.33399], "cm5 charges": [-0.23837, -0.15739, -0.10503, -0.14804, -0.23497, 0.10416, -0.7807, 0.07999, 0.07692, 0.08212, 0.08217, 0.07999, 0.07993, 0.08976, 0.07545, 0.08005, 0.08706, 0.07428, 0.07401, 0.09441, 0.50422], "FUKUI+": [0.015, -0.016, -0.034, -0.02, 0.016, -0.005, -0.099, -0.046, -0.038, -0.072, -0.059, -0.046, -0.092, -0.05, -0.06, -0.074, -0.037, -0.044, -0.082, -0.078, -0.079], "FUKUI-": [0.02, 0.016, -0.011, 0.011, 0.021, 0.006, -0.119, -0.047, -0.06, -0.058, -0.087, -0.05, -0.066, -0.058, -0.098, -0.076, -0.073, -0.06, -0.095, -0.064, -0.051], "FUKUIrad": [0.017, -0.0, -0.023, -0.004, 0.018, 0.001, -0.109, -0.046, -0.049, -0.065, -0.073, -0.048, -0.079, -0.054, -0.079, -0.075, -0.055, -0.052, -0.089, -0.071, -0.065], "s proportion": [1.009, 1.033, 1.067, 1.03, 1.008, 0.994, 1.695, 0.972, 0.975, 0.969, 0.973, 0.977, 0.979, 0.968, 0.98, 0.971, 0.965, 0.977, 0.989, 0.969, 0.666], "p proportion": [3.079, 3.014, 2.97, 3.008, 3.077, 2.817, 4.87, 0.0, 0.0, 0.0, 0.0, 0.0, 0.0, 0.0, 0.0, 0.0, 0.0, 0.0, 0.0, 0.0, 0.0], "d proportion": [0.0, 0.0, 0.0, 0.0, 0.0, 0.0, 0.0, 0.0, 0.0, 0.0, 0.0, 0.0, 0.0, 0.0, 0.0, 0.0, 0.0, 0.0, 0.0, 0.0, 0.0], "Fermi-level/eV": -4.9316, "Coordination numbers": [3.748, 3.8, 3.846, 3.801, 3.748, 3.674, 1.653, 0.924, 0.924, 0.924, 0.924, 0.924, 0.923, 0.924, 0.924, 0.924, 0.924, 0.924, 0.924, 0.924, 0.804], "Dispersion coefficient C6": [22.495, 21.584, 21.079, 21.543, 22.5, 19.497, 21.74, 2.524, 2.591, 2.538, 2.564, 2.595, 2.596, 2.43, 2.633, 2.548, 2.439, 2.591, 2.773, 2.372, 0.764], "Total dispersion C6": 2913.250976, "Total dispersion C8": 60098.274152, "Polarizability alpha": [6.765, 6.615, 6.531, 6.608, 6.765, 6.328, 6.294, 2.485, 2.517, 2.491, 2.504, 2.519, 2.52, 2.438, 2.537, 2.496, 2.442, 2.517, 2.604, 2.408, 1.373], "Total polarizability alpha": 79.757571, "Wiberg matrix": [[0.0, 1.0201882545969205, 0.0, 0.0, 0.0, 0.0, 0.0, 0.9872240387051685, 0.985597875108507, 0.9865696789652633, 0.0, 0.0, 0.0, 0.0, 0.0, 0.0, 0.0, 0.0, 0.0, 0.0, 0.0], [1.0201882545969205, 0.0, 0.9939820419483333, 0.0, 0.0, 0.0, 0.0, 0.0, 0.0, 0.0, 0.9767586315156371, 0.9747863380440842, 0.0, 0.0, 0.0, 0.0, 0.0, 0.0, 0.0, 0.0, 0.0], [0.0, 0.9939820419483333, 0.0, 0.9939848313481927, 0.0, 0.9877657175289665, 0.0, 0.0, 0.0, 0.0, 0.0, 0.0, 0.9670611943486411, 0.0, 0.0, 0.0, 0.0, 0.0, 0.0, 0.0, 0.0], [0.0, 0.0, 0.9939848313481927, 0.0, 1.0206445251439493, 0.0, 0.0, 0.0, 0.0, 0.0, 0.0, 0.0, 0.0, 0.9767084351616784, 0.9772549985012907, 0.0, 0.0, 0.0, 0.0, 0.0, 0.0], [0.0, 0.0, 0.0, 1.0206445251439493, 0.0, 0.0, 0.0, 0.0, 0.0, 0.0, 0.0, 0.0, 0.0, 0.0, 0.0, 0.9867074868054763, 0.9854499286069275, 0.9875584241714152, 0.0, 0.0, 0.0], [0.0, 0.0, 0.9877657175289665, 0.0, 0.0, 0.0, 0.9966047371471576, 0.0, 0.0, 0.0, 0.0, 0.0, 0.0, 0.0, 0.0, 0.0, 0.0, 0.0, 0.9697974666466487, 0.9699348322935154, 0.0], [0.0, 0.0, 0.0, 0.0, 0.0, 0.9966047371471576, 0.0, 0.0, 0.0, 0.0, 0.0, 0.0, 0.0, 0.0, 0.0, 0.0, 0.0, 0.0, 0.0, 0.0, 0.901804334936288], [0.9872240387051685, 0.0, 0.0, 0.0, 0.0, 0.0, 0.0, 0.0, 0.0, 0.0, 0.0, 0.0, 0.0, 0.0, 0.0, 0.0, 0.0, 0.0, 0.0, 0.0, 0.0], [0.985597875108507, 0.0, 0.0, 0.0, 0.0, 0.0, 0.0, 0.0, 0.0, 0.0, 0.0, 0.0, 0.0, 0.0, 0.0, 0.0, 0.0, 0.0, 0.0, 0.0, 0.0], [0.9865696789652633, 0.0, 0.0, 0.0, 0.0, 0.0, 0.0, 0.0, 0.0, 0.0, 0.0, 0.0, 0.0, 0.0, 0.0, 0.0, 0.0, 0.0, 0.0, 0.0, 0.0], [0.0, 0.9767586315156371, 0.0, 0.0, 0.0, 0.0, 0.0, 0.0, 0.0, 0.0, 0.0, 0.0, 0.0, 0.0, 0.0, 0.0, 0.0, 0.0, 0.0, 0.0, 0.0], [0.0, 0.9747863380440842, 0.0, 0.0, 0.0, 0.0, 0.0, 0.0, 0.0, 0.0, 0.0, 0.0, 0.0, 0.0, 0.0, 0.0, 0.0, 0.0, 0.0, 0.0, 0.0], [0.0, 0.0, 0.9670611943486411, 0.0, 0.0, 0.0, 0.0, 0.0, 0.0, 0.0, 0.0, 0.0, 0.0, 0.0, 0.0, 0.0, 0.0, 0.0, 0.0, 0.0, 0.0], [0.0, 0.0, 0.0, 0.9767084351616784, 0.0, 0.0, 0.0, 0.0, 0.0, 0.0, 0.0, 0.0, 0.0, 0.0, 0.0, 0.0, 0.0, 0.0, 0.0, 0.0, 0.0], [0.0, 0.0, 0.0, 0.9772549985012907, 0.0, 0.0, 0.0, 0.0, 0.0, 0.0, 0.0, 0.0, 0.0, 0.0, 0.0, 0.0, 0.0, 0.0, 0.0, 0.0, 0.0], [0.0, 0.0, 0.0, 0.0, 0.9867074868054763, 0.0, 0.0, 0.0, 0.0, 0.0, 0.0, 0.0, 0.0, 0.0, 0.0, 0.0, 0.0, 0.0, 0.0, 0.0, 0.0], [0.0, 0.0, 0.0, 0.0, 0.9854499286069275, 0.0, 0.0, 0.0, 0.0, 0.0, 0.0, 0.0, 0.0, 0.0, 0.0, 0.0, 0.0, 0.0, 0.0, 0.0, 0.0], [0.0, 0.0, 0.0, 0.0, 0.9875584241714152, 0.0, 0.0, 0.0, 0.0, 0.0, 0.0, 0.0, 0.0, 0.0, 0.0, 0.0, 0.0, 0.0, 0.0, 0.0, 0.0], [0.0, 0.0, 0.0, 0.0, 0.0, 0.9697974666466487, 0.0, 0.0, 0.0, 0.0, 0.0, 0.0, 0.0, 0.0, 0.0, 0.0, 0.0, 0.0, 0.0, 0.0, 0.0], [0.0, 0.0, 0.0, 0.0, 0.0, 0.9699348322935154, 0.0, 0.0, 0.0, 0.0, 0.0, 0.0, 0.0, 0.0, 0.0, 0.0, 0.0, 0.0, 0.0, 0.0, 0.0], [0.0, 0.0, 0.0, 0.0, 0.0, 0.0, 0.901804334936288, 0.0, 0.0, 0.0, 0.0, 0.0, 0.0, 0.0, 0.0, 0.0, 0.0, 0.0, 0.0, 0.0, 0.0]], "Born radii": [], "Atomic SASAs": [], "Solvent H bonds": [], "Total SASA": NaN, "Total FOD": 0.0, "FOD": [0.0, 0.0, 0.0, 0.0, 0.0, 0.0, 0.0, 0.0, 0.0, 0.0, 0.0, 0.0, 0.0, 0.0, 0.0, 0.0, 0.0, 0.0, 0.0, 0.0, 0.0], "FOD s proportion": [0.0, 0.0, 0.0, 0.0, 0.0, 0.0, 0.0, 0.0, 0.0, 0.0, 0.0, 0.0, 0.0, 0.0, 0.0, 0.0, 0.0, 0.0, 0.0, 0.0, 0.0], "FOD p proportion": [0.0, 0.0, 0.0, 0.0, 0.0, 0.0, 0.0, 0.0, 0.0, 0.0, 0.0, 0.0, 0.0, 0.0, 0.0, 0.0, 0.0, 0.0, 0.0, 0.0, 0.0], "FOD d proportion": [0.0, 0.0, 0.0, 0.0, 0.0, 0.0, 0.0, 0.0, 0.0, 0.0, 0.0, 0.0, 0.0, 0.0, 0.0, 0.0, 0.0, 0.0, 0.0, 0.0, 0.0], "coordinates": [["-2.42290", "0.54270", "0.49660"], ["-1.20850", "0.80670", "-0.38220"], ["0.09350", "0.15480", "0.13580"], ["1.25680", "0.59130", "-0.78340"], ["2.62670", "0.13450", "-0.30180"], ["-0.01140", "-1.37430", "0.26040"], ["-0.20900", "-1.99570", "-1.00140"], ["-2.22270", "0.81550", "1.53740"], ["-2.72370", "-0.50830", "0.46240"], ["-3.27320", "1.13800", "0.14830"], ["-1.06280", "1.89320", "-0.43510"], ["-1.42470", "0.47440", "-1.40450"], ["0.28840", "0.55360", "1.14050"], ["1.09450", "0.22470", "-1.80420"], ["1.27040", "1.68690", "-0.84420"], ["3.40970", "0.58120", "-0.92330"], ["2.73560", "-0.95170", "-0.36870"], ["2.80190", "0.44020", "0.73440"], ["-0.82800", "-1.67100", "0.92580"], ["0.90240", "-1.79000", "0.69560"], ["-1.09320", "-1.74670", "-1.31850"]], "bond_dist": [[0.0, 1.5220883023004939, 2.5715582843871143, 3.8962743807386047, 5.1285992200599955, 3.0896620672817923, 3.6863032661461808, 1.0944242870112122, 1.0937327278636222, 1.0948539034958045, 2.1311469095301714, 2.148313138255222, 2.786731725516469, 4.2150809482144, 4.092359120360773, 6.003067634135067, 5.439861919203464, 5.231213064863637, 2.7619533558697187, 4.06678132925782, 3.209991037370665], [1.5220883023004939, 0.0, 1.545477793434768, 2.5070027303535194, 3.894493040178657, 2.5695805435907237, 3.039054894206421, 2.1710696073594695, 2.176787816944959, 2.1573539417536476, 1.097501321183715, 1.0964775510697882, 2.1502056901608273, 2.768504469925956, 2.6707941234771355, 4.655256244289888, 4.318341998962102, 4.179046059808386, 2.8274797152234354, 3.5157364150345516, 2.7220953950954767], [2.5715582843871143, 1.545477793434768, 0.0, 1.5455509632490285, 2.570799115061307, 1.5377502983254467, 2.4514037488753253, 2.7867166145842677, 2.912556438938137, 3.5073504786376852, 2.164484017035007, 2.1862295144837836, 1.0983849689430387, 2.18414445721889, 2.166292690289103, 3.5072342679096873, 2.908531400896335, 2.7884055802554975, 2.1924433607279346, 2.1794362321481215, 2.671880916133801], [3.8962743807386047, 2.5070027303535194, 1.5455509632490285, 0.0, 1.5222453186001264, 2.5615294337563257, 2.981386026666121, 4.188472099704139, 4.3134114167327, 4.657021127287271, 2.682685344948229, 2.754972426359291, 2.1542077569259654, 1.096708479952626, 1.0973700196378613, 2.1574643519650563, 2.1770793577635152, 2.171147636619859, 3.519340416896325, 2.825531817198313, 3.357837996389939], [5.1285992200599955, 3.894493040178657, 2.570799115061307, 1.5222453186001264, 0.0, 3.0906500756313386, 3.6150223636929275, 5.230974861342769, 5.442790978900439, 6.001534992816422, 4.089401524673262, 4.212519585711145, 2.7791223416755155, 2.1477845888263563, 2.1315940537541382, 1.0949393316526719, 1.0936934031071048, 1.094466979858232, 4.08678163106374, 2.769786544122128, 4.290716529905], [3.0896620672817923, 2.5695805435907237, 1.5377502983254467, 2.5615294337563257, 3.0906500756313386, 0.0, 1.4203249487353238, 3.3638966586386094, 2.8543530422847136, 4.118683884446583, 3.5022447744268246, 2.8612935169255183, 2.1403865211685487, 2.8359106068421833, 3.497727525122562, 4.1144928180761235, 2.8496256894546694, 3.381086088818207, 1.0943599088051426, 1.0941827863752929, 1.9498456887661648], [3.6863032661461808, 3.039054894206421, 2.4514037488753253, 2.981386026666121, 3.6150223636929275, 1.4203249487353238, 0.0, 4.289911254326831, 3.267841074777046, 4.53113754150103, 4.021593383225111, 2.7824108449328615, 3.3666114804057803, 2.6969939284321724, 3.9717601840997396, 4.4431411084952055, 3.187618931114571, 4.244069893392426, 2.0500465677637667, 2.0389535183520002, 0.9717834378090625], [1.0944242870112122, 2.1710696073594695, 2.7867166145842677, 4.188472099704139, 5.230974861342769, 3.3638966586386094, 4.289911254326831, 0.0, 1.777377967681607, 1.7712016570678788, 2.5293401412226078, 3.0672347187654228, 2.555727769149132, 4.745434757743489, 4.3166079425864, 6.150924380936576, 5.598299022024457, 5.102182302701462, 2.9158060463617947, 4.154937725165084, 3.999600467546727], [1.0937327278636222, 2.176787816944959, 2.912556438938137, 4.3134114167327, 5.442790978900439, 2.8543530422847136, 3.267841074777046, 1.777377967681607, 0.0, 1.7637779763904524, 3.0547172225919703, 2.4775826726872303, 3.2649958085731137, 4.5003795173296215, 4.741196200327508, 6.381674568637921, 5.539971774296327, 5.613010921956236, 2.271627024843647, 3.8530167842873464, 2.71362665449763], [1.0948539034958045, 2.1573539417536476, 3.5073504786376852, 4.657021127287271, 6.001534992816422, 4.118683884446583, 4.53113754150103, 1.7712016570678788, 1.7637779763904524, 0.0, 2.4076026997825033, 2.503698274553066, 3.7431241977791765, 4.870644354702979, 4.683017021109361, 6.79113430952444, 6.382774673290605, 6.143067479687977, 3.804469777774559, 5.129167247224446, 3.901973389196805], [2.1311469095301714, 1.097501321183715, 2.164484017035007, 2.682685344948229, 4.089401524673262, 3.5022447744268246, 4.021593383225111, 2.5293401412226078, 3.0547172225919703, 2.4076026997825033, 0.0, 1.7560470978877532, 2.4703815413818164, 3.0516012763793374, 2.3777604463023603, 4.686463430989299, 4.746125528259866, 4.291252187881761, 3.8223947323634695, 4.325096041708207, 3.7456897535700953], [2.148313138255222, 1.0964775510697882, 2.1862295144837836, 2.754972426359291, 4.212519585711145, 2.8612935169255183, 2.7824108449328615, 3.0672347187654228, 2.4775826726872303, 2.503698274553066, 1.7560470978877532, 0.0, 3.068877522808625, 2.5629043719967393, 3.007932238266015, 4.859463246079756, 4.518267249731914, 4.737109921671651, 3.2232111534927403, 3.8669525184568796, 2.2473480949777227], [2.786731725516469, 2.1502056901608273, 1.0983849689430387, 2.1542077569259654, 2.7791223416755155, 2.1403865211685487, 3.3666114804057803, 2.555727769149132, 3.2649958085731137, 3.7431241977791765, 2.4703815413818164, 3.068877522808625, 0.0, 3.070705213790474, 2.4875142170447995, 3.741997580170249, 3.245366014797098, 2.54861904175575, 2.4982574346932305, 2.46320786171204, 3.63962630636718], [4.2150809482144, 2.768504469925956, 2.18414445721889, 1.096708479952626, 2.1477845888263563, 2.8359106068421833, 2.6969939284321724, 4.745434757743489, 4.5003795173296215, 4.870644354702979, 3.0516012763793374, 2.5629043719967393, 3.070705213790474, 0.0, 1.7580016069389701, 2.5026442216184064, 2.4774556343151737, 3.066943913735626, 3.839607367947926, 3.216351743824049, 2.984686539655379], [4.092359120360773, 2.6707941234771355, 2.166292690289103, 1.0973700196378613, 2.1315940537541382, 3.497727525122562, 3.9717601840997396, 4.3166079425864, 4.741196200327508, 4.683017021109361, 2.3777604463023603, 3.007932238266015, 2.4875142170447995, 1.7580016069389701, 0.0, 2.4094467809022055, 3.0553430658438345, 2.528187315054009, 4.337242784304332, 3.8203719256114317, 4.195375359845648], [6.003067634135067, 4.655256244289888, 3.5072342679096873, 2.1574643519650563, 1.0949393316526719, 4.1144928180761235, 4.4431411084952055, 6.150924380936576, 6.381674568637921, 6.79113430952444, 4.686463430989299, 4.859463246079756, 3.741997580170249, 2.5026442216184064, 2.4094467809022055, 0.0, 1.7640222164133876, 1.7712343520833151, 5.142924940148359, 3.811821079221846, 5.084428174337798], [5.439861919203464, 4.318341998962102, 2.908531400896335, 2.1770793577635152, 1.0936934031071048, 2.8496256894546694, 3.187618931114571, 5.598299022024457, 5.539971774296327, 6.382774673290605, 4.746125528259866, 4.518267249731914, 3.245366014797098, 2.4774556343151737, 3.0553430658438345, 1.7640222164133876, 0.0, 1.7772481284277668, 3.859063059863106, 2.2794963522673157, 4.024158853723347], [5.231213064863637, 4.179046059808386, 2.7884055802554975, 2.171147636619859, 1.094466979858232, 3.381086088818207, 4.244069893392426, 5.102182302701462, 5.613010921956236, 6.143067479687977, 4.291252187881761, 4.737109921671651, 2.54861904175575, 3.066943913735626, 2.528187315054009, 1.7712343520833151, 1.7772481284277668, 0.0, 4.203566748607662, 2.9297436287156593, 4.916170667297871], [2.7619533558697187, 2.8274797152234354, 2.1924433607279346, 3.519340416896325, 4.08678163106374, 1.0943599088051426, 2.0500465677637667, 2.9158060463617947, 2.271627024843647, 3.804469777774559, 3.8223947323634695, 3.2232111534927403, 2.4982574346932305, 3.839607367947926, 4.337242784304332, 5.142924940148359, 3.859063059863106, 4.203566748607662, 0.0, 1.7496963165075246, 2.2611819962134847], [4.06678132925782, 3.5157364150345516, 2.1794362321481215, 2.825531817198313, 2.769786544122128, 1.0941827863752929, 2.0389535183520002, 4.154937725165084, 3.8530167842873464, 5.129167247224446, 4.325096041708207, 3.8669525184568796, 2.46320786171204, 3.216351743824049, 3.8203719256114317, 3.811821079221846, 2.2794963522673157, 2.9297436287156593, 1.7496963165075246, 0.0, 2.8356468503676546], [3.209991037370665, 2.7220953950954767, 2.671880916133801, 3.357837996389939, 4.290716529905, 1.9498456887661648, 0.9717834378090625, 3.999600467546727, 2.71362665449763, 3.901973389196805, 3.7456897535700953, 2.2473480949777227, 3.63962630636718, 2.984686539655379, 4.195375359845648, 5.084428174337798, 4.024158853723347, 4.916170667297871, 2.2611819962134847, 2.8356468503676546, 0.0]]}