{"total energy": -52.12119254, "HOMO-LUMO gap/eV": 1.75046514, "electronic energy": -52.75171093, "dipole": [0.63912302, -0.37572433, 0.12234209], "partial charges": [-0.10259728, -0.0524781, -0.06700093, -0.01200552, -0.10518838, -0.02149966, -0.05728057, -0.03778161, -0.08971172, 0.27648559, -0.38756779, -0.13581326, 0.19405499, -0.33050577, -0.13517363, 0.27919185, -0.38886842, 0.03537374, 0.03634533, 0.03776038, 0.03150721, 0.0344922, 0.04467917, 0.05169686, 0.05885595, 0.05341633, 0.03753046, 0.02664291, 0.0706873, 0.06563179, 0.03522103, 0.05137036, 0.04359701, 0.22962262, 0.22930956], "atomic dipole moments": [[-0.04607793, 0.05952295, -0.07623989], [-0.06809422, -0.05907446, 0.08088902], [0.0417362, 0.05773366, -0.11521156], [-0.09552138, 0.05426434, 0.07826939], [-0.03679223, -0.10213691, 0.00440584], [-0.0074343, 0.01171182, -0.00829788], [-0.03096817, 0.15044353, -0.02612547], [0.14886644, 0.042287, 0.06248017], [-0.04065551, -0.03157045, -0.04784037], [-0.05593919, 0.05654066, -0.01043211], [-0.03521291, 0.09931723, 0.1568222], [0.0072434, 0.00136548, 0.04167357], [0.06885685, -0.1150708, 0.01769846], [0.095503, -0.16061072, 0.02482969], [-0.01334242, -0.02398936, -0.03915329], [-0.04365292, 0.07063808, -0.00991806], [-0.02114405, 0.0480255, -0.18239328], [-0.03345858, -0.12141886, -0.00780811], [0.125165, 0.00516388, -0.01277561], [-0.02823684, 0.04195062, 0.11649215], [0.03733222, -0.04293569, -0.11000238], [0.04511018, 0.11520878, 0.011866], [-0.03075676, -0.12057163, 0.00880455], [-0.0289705, 0.05006944, 0.11460793], [0.04520706, -0.05600127, -0.10472761], [0.12343137, 0.0113912, -0.03580304], [-0.01191479, 0.06985466, 0.1068283], [-0.05712265, 0.06457884, -0.09335981], [0.03664703, -0.0513317, 0.11227198], [0.05445162, -0.08476654, -0.08314347], [-0.08226555, 0.03804708, 0.12221009], [0.07206958, -0.04964814, -0.12726618], [-0.1499305, -0.0155087, 0.016327], [-0.04476932, 0.03507108, -0.12811331], [-0.04608535, 0.07606928, 0.10782262]], "atomic quadrupole moments": [[-0.03961626, -0.08396556, -0.01414851, 0.11053615, -0.14855862, 0.05376477], [0.15874161, -0.06228565, -0.1153098, 0.05023697, -0.15349158, -0.04343181], [0.16749293, -0.02444565, -0.15970194, 0.06585441, -0.14041913, -0.007791], [0.1178157, 0.05048312, 0.01270454, 0.05364128, -0.11365663, -0.13052024], [-0.07618994, 0.06373464, 0.19106704, 0.02126117, -0.02394084, -0.11487709], [-0.08100056, -0.05493598, 0.01998473, -0.00985327, 0.00123535, 0.06101583], [0.06704453, 0.108011, 0.12122777, 0.01367014, -0.04154759, -0.18827231], [-0.09140532, -0.12611004, 0.34916368, 0.00776561, -0.38427718, -0.25775836], [-0.2891444, -0.13581237, 0.4472791, 0.03391379, -0.39371088, -0.1581347], [0.31070786, 0.31572313, 0.01795042, -0.10777729, -0.08972276, -0.32865828], [0.11303786, 0.14454443, -0.00662329, -0.04861751, -0.00537593, -0.10641457], [0.03341466, 0.00169983, 0.0503498, -0.05573365, 0.04929373, -0.08376446], [0.19275083, 0.245276, -0.07081332, -0.07455361, -0.02929385, -0.12193751], [0.22575004, -0.15311496, 0.34143598, -0.01645095, -0.18923196, -0.56718601], [0.02882304, 0.01921267, 0.00574599, 0.04110368, -0.08987832, -0.03456902], [0.3574696, 0.30770366, -0.01969051, 0.0474273, -0.01717153, -0.33777909], [0.13705812, 0.14042325, -0.03829237, 0.01692086, -0.01664287, -0.09876575], [-0.03242268, 0.03880057, 0.06444929, 0.01605155, 0.01049845, -0.03202662], [0.07808148, 0.00825532, -0.04302322, -0.01682954, -0.01441987, -0.03505826], [-0.03628092, -0.02354913, -0.016613, -0.02844846, 0.03645793, 0.05289393], [-0.02093845, -0.01472825, -0.01930105, -0.00832238, 0.03276656, 0.0402395], [-0.01756745, 0.01115416, 0.05143695, 0.01153239, 0.00628767, -0.0338695], [-0.00526835, 0.02545112, 0.04551243, 0.01433382, 0.00506971, -0.04024408], [-0.00906709, -0.01519184, -0.01002479, -0.01291023, 0.0415617, 0.01909188], [-0.01662891, -0.00171874, -5.893e-05, 0.00104417, 0.01783871, 0.01668785], [0.07267585, -0.0151893, -0.02548893, -0.02424414, 0.00411047, -0.04718692], [-0.04469278, -0.0061084, -0.0137591, -0.02499765, 0.04065033, 0.05845187], [0.0044896, -0.02179499, -0.02166151, 0.06143441, -0.0311318, 0.0171719], [-0.00560026, 0.00115488, -0.03948298, 0.02998104, -0.01178295, 0.04508324], [-0.01196632, 0.00077291, -0.0114247, -0.02846341, 0.03885385, 0.02339102], [0.02827912, 0.01042983, -0.04522522, 0.01597791, 0.04554723, 0.0169461], [0.01830287, 0.0052257, -0.03990761, -0.01511628, 0.03635576, 0.02160475], [0.04416648, 0.01706537, -0.04709609, -0.00149897, 0.03245963, 0.00292961], [-0.03065854, -0.03459546, 0.00494716, 0.01081824, 0.00773608, 0.02571138], [-0.03318491, -0.03436606, 0.00475105, 0.00952396, 0.00559697, 0.02843386]], "number of molecular orbitals": 91, "number of electrons": 94, "number of unpaired electrons": 0, "orbital energies/eV": [-20.31095844, -20.17327898, -20.15072856, -19.65820638, -19.29685523, -18.72733093, -18.33984523, -17.95737136, -17.62421542, -17.38861101, -17.06354649, -16.97658516, -16.92384499, -16.5240709, -16.4310677, -16.25933936, -15.81711117, -15.72487509, -15.65263947, -15.380296, -15.29767012, -15.20189667, -14.81100761, -14.5357367, -14.44879643, -14.23770142, -14.12761223, -13.94381353, -13.93254668, -13.7914799, -13.53881101, -13.36511742, -13.12001011, -12.97528981, -12.88011287, -12.79865189, -12.52038988, -12.41822261, -12.26818513, -12.1568506, -12.11298693, -11.82052014, -11.77207062, -11.64806846, -11.30869056, -11.23968112, -10.36537967, -8.61491454, -7.181381, -6.22689687, -6.08972698, -4.66829051, -1.31537737, -0.92084142, -0.19710062, -0.08576066, 0.03396172, 0.36017682, 0.90216754, 1.15318505, 1.68940183, 1.8108446, 2.489886, 2.87390587, 3.07457577, 3.17745076, 3.28102758, 3.60189917, 3.75996209, 4.07401549, 4.21631995, 4.34682658, 4.37158109, 4.72382691, 4.83075658, 5.12665271, 5.45985005, 5.83897971, 5.98164851, 6.5172216, 6.71411484, 6.87771541, 7.0763455, 7.65591495, 7.9678976, 10.66413132, 12.05303047, 14.18885639, 14.88416701, 14.94156332, 15.94534881], "fractional occupation": [2.0, 2.0, 2.0, 2.0, 2.0, 2.0, 2.0, 2.0, 2.0, 2.0, 2.0, 2.0, 2.0, 2.0, 2.0, 2.0, 2.0, 2.0, 2.0, 2.0, 2.0, 2.0, 2.0, 2.0, 2.0, 2.0, 2.0, 2.0, 2.0, 2.0, 2.0, 2.0, 2.0, 2.0, 2.0, 2.0, 2.0, 2.0, 2.0, 2.0, 2.0, 2.0, 2.0, 2.0, 2.0, 2.0, 2.0, 0.0, 0.0, 0.0, 0.0, 0.0, 0.0, 0.0, 0.0, 0.0, 0.0, 0.0, 0.0, 0.0, 0.0, 0.0, 0.0, 0.0, 0.0, 0.0, 0.0, 0.0, 0.0, 0.0, 0.0, 0.0, 0.0, 0.0, 0.0, 0.0, 0.0, 0.0, 0.0, 0.0, 0.0, 0.0, 0.0, 0.0, 0.0, 0.0, 0.0, 0.0, 0.0, 0.0, 0.0], "program call": "xtb /home/svss/Project-DBcg-Debug/aqme2_20220329/End-to-End-workflows-final/example-3/QDESCP/mol_92_rdkit_conf_8/mol_92_rdkit_conf_8.xyz --pop --wbo --acc 0.2 --gfn 2 --chrg 0 --uhf 0 --etemp 300 --input /home/svss/Project-DBcg-Debug/aqme2_20220329/End-to-End-workflows-final/example-3/QDESCP/mol_92_rdkit_conf_8/mol_92_rdkit_conf_8_xtb.inp", "method": "GFN2-xTB", "xtb version": "6.3.3 (7355c4f)", "Dipole module/D": 1.91, "Total charge": 0, "Transition dipole module/D": NaN, "HOMO": -10.3654, "LUMO": -8.6149, "HOMO occupancy": 2.0, "LUMO occupancy": 0, "mulliken charges": [-0.08222, -0.03751, -0.05577, 0.00246, -0.09988, -0.0556, -0.03324, -0.03556, -0.0733, 0.46898, -0.52434, -0.29904, 0.32657, -0.25356, -0.30066, 0.4685, -0.52409, 0.02894, 0.03083, 0.03137, 0.02417, 0.02382, 0.03115, 0.04292, 0.04667, 0.04371, 0.03469, 0.03069, 0.05455, 0.05007, 0.03388, 0.04181, 0.03488, 0.26243, 0.26167], "cm5 charges": [-0.23277, -0.15068, -0.16407, -0.06109, -0.24621, -0.05577, -0.13093, -0.0978, -0.17472, 0.56729, -0.56986, -0.64412, 0.47726, -0.26278, -0.64557, 0.56724, -0.57097, 0.08021, 0.0816, 0.08267, 0.07906, 0.07923, 0.08854, 0.10277, 0.10963, 0.09594, 0.08927, 0.08696, 0.11406, 0.1091, 0.09088, 0.09553, 0.08715, 0.46184, 0.46114], "FUKUI+": [0.007, 0.003, 0.005, -0.001, 0.013, -0.001, 0.01, 0.013, -0.005, -0.04, -0.12, -0.03, -0.037, -0.312, -0.03, -0.04, -0.121, -0.009, -0.017, -0.007, -0.01, -0.009, -0.014, -0.004, -0.024, -0.032, -0.008, 0.004, -0.028, -0.027, -0.008, -0.015, -0.027, -0.039, -0.04], "FUKUI-": [0.013, 0.005, 0.008, 0.004, 0.011, -0.004, 0.009, -0.019, -0.026, -0.001, -0.052, -0.018, 0.02, -0.329, -0.019, -0.001, -0.051, -0.04, -0.031, -0.037, -0.049, -0.056, -0.036, -0.034, -0.024, -0.021, -0.012, -0.011, -0.031, -0.024, -0.03, -0.036, -0.043, -0.019, -0.019], "FUKUIrad": [0.01, 0.004, 0.006, 0.001, 0.012, -0.003, 0.009, -0.003, -0.015, -0.021, -0.086, -0.024, -0.009, -0.32, -0.025, -0.021, -0.086, -0.025, -0.024, -0.022, -0.029, -0.032, -0.025, -0.019, -0.024, -0.026, -0.01, -0.003, -0.029, -0.026, -0.019, -0.025, -0.035, -0.029, -0.029], "s proportion": [1.008, 1.028, 1.039, 1.071, 1.015, 1.109, 1.036, 1.072, 1.053, 1.01, 1.731, 1.425, 1.018, 1.926, 1.426, 1.009, 1.73, 0.971, 0.969, 0.969, 0.976, 0.976, 0.969, 0.957, 0.953, 0.956, 0.965, 0.969, 0.945, 0.95, 0.966, 0.958, 0.965, 0.738, 0.738], "p proportion": [3.074, 3.01, 3.017, 2.926, 3.085, 2.946, 2.997, 2.963, 3.021, 2.521, 4.794, 3.874, 2.655, 4.336, 3.875, 2.522, 4.794, 0.0, 0.0, 0.0, 0.0, 0.0, 0.0, 0.0, 0.0, 0.0, 0.0, 0.0, 0.0, 0.0, 0.0, 0.0, 0.0, 0.0, 0.0], "d proportion": [0.0, 0.0, 0.0, 0.0, 0.0, 0.0, 0.0, 0.0, 0.0, 0.0, 0.0, 0.0, 0.0, -0.009, 0.0, 0.0, 0.0, 0.0, 0.0, 0.0, 0.0, 0.0, 0.0, 0.0, 0.0, 0.0, 0.0, 0.0, 0.0, 0.0, 0.0, 0.0, 0.0, 0.0, 0.0], "Fermi-level/eV": -9.4901, "Coordination numbers": [3.75, 3.798, 3.799, 3.845, 3.748, 3.896, 3.809, 2.882, 2.833, 2.763, 0.859, 2.753, 2.818, 1.096, 2.754, 2.76, 0.859, 0.924, 0.924, 0.924, 0.924, 0.924, 0.924, 0.924, 0.923, 0.924, 0.924, 0.924, 0.924, 0.923, 0.925, 0.925, 0.925, 0.86, 0.86], "Dispersion coefficient C6": [22.524, 21.519, 21.785, 20.759, 22.577, 20.902, 21.597, 28.937, 30.24, 22.324, 21.433, 23.939, 23.863, 153.491, 23.926, 22.275, 21.459, 2.511, 2.498, 2.479, 2.565, 2.524, 2.388, 2.299, 2.213, 2.278, 2.482, 2.635, 2.078, 2.134, 2.513, 2.303, 2.401, 0.967, 0.968], "Total dispersion C6": 13369.022528, "Total dispersion C8": 332150.707467, "Polarizability alpha": [6.769, 6.605, 6.646, 6.481, 6.777, 6.499, 6.615, 8.819, 9.011, 7.738, 6.207, 7.267, 8.004, 20.952, 7.265, 7.729, 6.211, 2.478, 2.472, 2.462, 2.505, 2.484, 2.416, 2.371, 2.326, 2.36, 2.464, 2.538, 2.254, 2.285, 2.479, 2.373, 2.423, 1.54, 1.541], "Total polarizability alpha": 177.367506, "Wiberg matrix": [[0.0, 1.0191360565116292, 0.0, 0.0, 0.0, 0.0, 0.0, 0.0, 0.0, 0.0, 0.0, 0.0, 0.0, 0.0, 0.0, 0.0, 0.0, 0.9872641382084807, 0.9864921559830161, 0.9874294889252393, 0.0, 0.0, 0.0, 0.0, 0.0, 0.0, 0.0, 0.0, 0.0, 0.0, 0.0, 0.0, 0.0, 0.0, 0.0], [1.0191360565116292, 0.0, 1.0032720151117744, 0.0, 0.0, 0.0, 0.0, 0.0, 0.0, 0.0, 0.0, 0.0, 0.0, 0.0, 0.0, 0.0, 0.0, 0.0, 0.0, 0.0, 0.9777839684160894, 0.9762983655684508, 0.0, 0.0, 0.0, 0.0, 0.0, 0.0, 0.0, 0.0, 0.0, 0.0, 0.0, 0.0, 0.0], [0.0, 1.0032720151117744, 0.0, 0.994136896023388, 0.0, 0.0, 0.0, 0.0, 0.0, 0.0, 0.0, 0.0, 0.0, 0.0, 0.0, 0.0, 0.0, 0.0, 0.0, 0.0, 0.0, 0.0, 0.9712346784889101, 0.9743370365381352, 0.0, 0.0, 0.0, 0.0, 0.0, 0.0, 0.0, 0.0, 0.0, 0.0, 0.0], [0.0, 0.0, 0.994136896023388, 0.0, 1.0092814630250257, 0.9120281372054848, 0.0, 0.0, 0.0, 0.0, 0.0, 0.0, 0.0, 0.0, 0.0, 0.0, 0.0, 0.0, 0.0, 0.0, 0.0, 0.0, 0.0, 0.0, 0.9628016525503819, 0.0, 0.0, 0.0, 0.0, 0.0, 0.0, 0.0, 0.0, 0.0, 0.0], [0.0, 0.0, 0.0, 1.0092814630250257, 0.0, 0.0, 0.0, 0.0, 0.0, 0.0, 0.0, 0.0, 0.0, 0.0, 0.0, 0.0, 0.0, 0.0, 0.0, 0.0, 0.0, 0.0, 0.0, 0.0, 0.0, 0.9809077774166926, 0.986178014381003, 0.9849319678226621, 0.0, 0.0, 0.0, 0.0, 0.0, 0.0, 0.0], [0.0, 0.0, 0.0, 0.9120281372054848, 0.0, 0.0, 0.9400632784649927, 0.0, 0.0, 0.9568167736233031, 0.0, 0.0, 0.0, 0.0, 0.0, 0.963532437973212, 0.0, 0.0, 0.0, 0.0, 0.0, 0.0, 0.0, 0.0, 0.0, 0.0, 0.0, 0.0, 0.0, 0.0, 0.0, 0.0, 0.0, 0.0, 0.0], [0.0, 0.0, 0.0, 0.0, 0.0, 0.9400632784649927, 0.0, 1.02045575778725, 0.0, 0.0, 0.0, 0.0, 0.0, 0.0, 0.0, 0.0, 0.0, 0.0, 0.0, 0.0, 0.0, 0.0, 0.0, 0.0, 0.0, 0.0, 0.0, 0.0, 0.956602909851338, 0.9692841004139828, 0.0, 0.0, 0.0, 0.0, 0.0], [0.0, 0.0, 0.0, 0.0, 0.0, 0.0, 1.02045575778725, 0.0, 1.9804016996363554, 0.0, 0.0, 0.0, 0.0, 0.0, 0.0, 0.0, 0.0, 0.0, 0.0, 0.0, 0.0, 0.0, 0.0, 0.0, 0.0, 0.0, 0.0, 0.0, 0.0, 0.0, 0.9674923696220671, 0.0, 0.0, 0.0, 0.0], [0.0, 0.0, 0.0, 0.0, 0.0, 0.0, 0.0, 1.9804016996363554, 0.0, 0.0, 0.0, 0.0, 0.0, 0.0, 0.0, 0.0, 0.0, 0.0, 0.0, 0.0, 0.0, 0.0, 0.0, 0.0, 0.0, 0.0, 0.0, 0.0, 0.0, 0.0, 0.0, 0.9750241804353219, 0.976942404294983, 0.0, 0.0], [0.0, 0.0, 0.0, 0.0, 0.0, 0.9568167736233031, 0.0, 0.0, 0.0, 0.0, 1.7359302730821338, 1.1449780220442238, 0.0, 0.0, 0.0, 0.0, 0.0, 0.0, 0.0, 0.0, 0.0, 0.0, 0.0, 0.0, 0.0, 0.0, 0.0, 0.0, 0.0, 0.0, 0.0, 0.0, 0.0, 0.0, 0.0], [0.0, 0.0, 0.0, 0.0, 0.0, 0.0, 0.0, 0.0, 0.0, 1.7359302730821338, 0.0, 0.13042055029696636, 0.0, 0.0, 0.0, 0.0, 0.0, 0.0, 0.0, 0.0, 0.0, 0.0, 0.0, 0.0, 0.0, 0.0, 0.0, 0.0, 0.0, 0.0, 0.0, 0.0, 0.0, 0.0, 0.0], [0.0, 0.0, 0.0, 0.0, 0.0, 0.0, 0.0, 0.0, 0.0, 1.1449780220442238, 0.13042055029696636, 0.0, 1.1890841517574273, 0.0, 0.0, 0.0, 0.0, 0.0, 0.0, 0.0, 0.0, 0.0, 0.0, 0.0, 0.0, 0.0, 0.0, 0.0, 0.0, 0.0, 0.0, 0.0, 0.0, 0.9114181465454909, 0.0], [0.0, 0.0, 0.0, 0.0, 0.0, 0.0, 0.0, 0.0, 0.0, 0.0, 0.0, 1.1890841517574273, 0.0, 1.529028358061802, 1.1891155380067242, 0.0, 0.0, 0.0, 0.0, 0.0, 0.0, 0.0, 0.0, 0.0, 0.0, 0.0, 0.0, 0.0, 0.0, 0.0, 0.0, 0.0, 0.0, 0.0, 0.0], [0.0, 0.0, 0.0, 0.0, 0.0, 0.0, 0.0, 0.0, 0.0, 0.0, 0.0, 0.0, 1.529028358061802, 0.0, 0.0, 0.0, 0.0, 0.0, 0.0, 0.0, 0.0, 0.0, 0.0, 0.0, 0.0, 0.0, 0.0, 0.0, 0.0, 0.0, 0.0, 0.0, 0.0, 0.0, 0.0], [0.0, 0.0, 0.0, 0.0, 0.0, 0.0, 0.0, 0.0, 0.0, 0.0, 0.0, 0.0, 1.1891155380067242, 0.0, 0.0, 1.141747212135351, 0.1297970620084594, 0.0, 0.0, 0.0, 0.0, 0.0, 0.0, 0.0, 0.0, 0.0, 0.0, 0.0, 0.0, 0.0, 0.0, 0.0, 0.0, 0.0, 0.9114186333593226], [0.0, 0.0, 0.0, 0.0, 0.0, 0.963532437973212, 0.0, 0.0, 0.0, 0.0, 0.0, 0.0, 0.0, 0.0, 1.141747212135351, 0.0, 1.7340788689827842, 0.0, 0.0, 0.0, 0.0, 0.0, 0.0, 0.0, 0.0, 0.0, 0.0, 0.0, 0.0, 0.0, 0.0, 0.0, 0.0, 0.0, 0.0], [0.0, 0.0, 0.0, 0.0, 0.0, 0.0, 0.0, 0.0, 0.0, 0.0, 0.0, 0.0, 0.0, 0.0, 0.1297970620084594, 1.7340788689827842, 0.0, 0.0, 0.0, 0.0, 0.0, 0.0, 0.0, 0.0, 0.0, 0.0, 0.0, 0.0, 0.0, 0.0, 0.0, 0.0, 0.0, 0.0, 0.0], [0.9872641382084807, 0.0, 0.0, 0.0, 0.0, 0.0, 0.0, 0.0, 0.0, 0.0, 0.0, 0.0, 0.0, 0.0, 0.0, 0.0, 0.0, 0.0, 0.0, 0.0, 0.0, 0.0, 0.0, 0.0, 0.0, 0.0, 0.0, 0.0, 0.0, 0.0, 0.0, 0.0, 0.0, 0.0, 0.0], [0.9864921559830161, 0.0, 0.0, 0.0, 0.0, 0.0, 0.0, 0.0, 0.0, 0.0, 0.0, 0.0, 0.0, 0.0, 0.0, 0.0, 0.0, 0.0, 0.0, 0.0, 0.0, 0.0, 0.0, 0.0, 0.0, 0.0, 0.0, 0.0, 0.0, 0.0, 0.0, 0.0, 0.0, 0.0, 0.0], [0.9874294889252393, 0.0, 0.0, 0.0, 0.0, 0.0, 0.0, 0.0, 0.0, 0.0, 0.0, 0.0, 0.0, 0.0, 0.0, 0.0, 0.0, 0.0, 0.0, 0.0, 0.0, 0.0, 0.0, 0.0, 0.0, 0.0, 0.0, 0.0, 0.0, 0.0, 0.0, 0.0, 0.0, 0.0, 0.0], [0.0, 0.9777839684160894, 0.0, 0.0, 0.0, 0.0, 0.0, 0.0, 0.0, 0.0, 0.0, 0.0, 0.0, 0.0, 0.0, 0.0, 0.0, 0.0, 0.0, 0.0, 0.0, 0.0, 0.0, 0.0, 0.0, 0.0, 0.0, 0.0, 0.0, 0.0, 0.0, 0.0, 0.0, 0.0, 0.0], [0.0, 0.9762983655684508, 0.0, 0.0, 0.0, 0.0, 0.0, 0.0, 0.0, 0.0, 0.0, 0.0, 0.0, 0.0, 0.0, 0.0, 0.0, 0.0, 0.0, 0.0, 0.0, 0.0, 0.0, 0.0, 0.0, 0.0, 0.0, 0.0, 0.0, 0.0, 0.0, 0.0, 0.0, 0.0, 0.0], [0.0, 0.0, 0.9712346784889101, 0.0, 0.0, 0.0, 0.0, 0.0, 0.0, 0.0, 0.0, 0.0, 0.0, 0.0, 0.0, 0.0, 0.0, 0.0, 0.0, 0.0, 0.0, 0.0, 0.0, 0.0, 0.0, 0.0, 0.0, 0.0, 0.0, 0.0, 0.0, 0.0, 0.0, 0.0, 0.0], [0.0, 0.0, 0.9743370365381352, 0.0, 0.0, 0.0, 0.0, 0.0, 0.0, 0.0, 0.0, 0.0, 0.0, 0.0, 0.0, 0.0, 0.0, 0.0, 0.0, 0.0, 0.0, 0.0, 0.0, 0.0, 0.0, 0.0, 0.0, 0.0, 0.0, 0.0, 0.0, 0.0, 0.0, 0.0, 0.0], [0.0, 0.0, 0.0, 0.9628016525503819, 0.0, 0.0, 0.0, 0.0, 0.0, 0.0, 0.0, 0.0, 0.0, 0.0, 0.0, 0.0, 0.0, 0.0, 0.0, 0.0, 0.0, 0.0, 0.0, 0.0, 0.0, 0.0, 0.0, 0.0, 0.0, 0.0, 0.0, 0.0, 0.0, 0.0, 0.0], [0.0, 0.0, 0.0, 0.0, 0.9809077774166926, 0.0, 0.0, 0.0, 0.0, 0.0, 0.0, 0.0, 0.0, 0.0, 0.0, 0.0, 0.0, 0.0, 0.0, 0.0, 0.0, 0.0, 0.0, 0.0, 0.0, 0.0, 0.0, 0.0, 0.0, 0.0, 0.0, 0.0, 0.0, 0.0, 0.0], [0.0, 0.0, 0.0, 0.0, 0.986178014381003, 0.0, 0.0, 0.0, 0.0, 0.0, 0.0, 0.0, 0.0, 0.0, 0.0, 0.0, 0.0, 0.0, 0.0, 0.0, 0.0, 0.0, 0.0, 0.0, 0.0, 0.0, 0.0, 0.0, 0.0, 0.0, 0.0, 0.0, 0.0, 0.0, 0.0], [0.0, 0.0, 0.0, 0.0, 0.9849319678226621, 0.0, 0.0, 0.0, 0.0, 0.0, 0.0, 0.0, 0.0, 0.0, 0.0, 0.0, 0.0, 0.0, 0.0, 0.0, 0.0, 0.0, 0.0, 0.0, 0.0, 0.0, 0.0, 0.0, 0.0, 0.0, 0.0, 0.0, 0.0, 0.0, 0.0], [0.0, 0.0, 0.0, 0.0, 0.0, 0.0, 0.956602909851338, 0.0, 0.0, 0.0, 0.0, 0.0, 0.0, 0.0, 0.0, 0.0, 0.0, 0.0, 0.0, 0.0, 0.0, 0.0, 0.0, 0.0, 0.0, 0.0, 0.0, 0.0, 0.0, 0.0, 0.0, 0.0, 0.0, 0.0, 0.0], [0.0, 0.0, 0.0, 0.0, 0.0, 0.0, 0.9692841004139828, 0.0, 0.0, 0.0, 0.0, 0.0, 0.0, 0.0, 0.0, 0.0, 0.0, 0.0, 0.0, 0.0, 0.0, 0.0, 0.0, 0.0, 0.0, 0.0, 0.0, 0.0, 0.0, 0.0, 0.0, 0.0, 0.0, 0.0, 0.0], [0.0, 0.0, 0.0, 0.0, 0.0, 0.0, 0.0, 0.9674923696220671, 0.0, 0.0, 0.0, 0.0, 0.0, 0.0, 0.0, 0.0, 0.0, 0.0, 0.0, 0.0, 0.0, 0.0, 0.0, 0.0, 0.0, 0.0, 0.0, 0.0, 0.0, 0.0, 0.0, 0.0, 0.0, 0.0, 0.0], [0.0, 0.0, 0.0, 0.0, 0.0, 0.0, 0.0, 0.0, 0.9750241804353219, 0.0, 0.0, 0.0, 0.0, 0.0, 0.0, 0.0, 0.0, 0.0, 0.0, 0.0, 0.0, 0.0, 0.0, 0.0, 0.0, 0.0, 0.0, 0.0, 0.0, 0.0, 0.0, 0.0, 0.0, 0.0, 0.0], [0.0, 0.0, 0.0, 0.0, 0.0, 0.0, 0.0, 0.0, 0.976942404294983, 0.0, 0.0, 0.0, 0.0, 0.0, 0.0, 0.0, 0.0, 0.0, 0.0, 0.0, 0.0, 0.0, 0.0, 0.0, 0.0, 0.0, 0.0, 0.0, 0.0, 0.0, 0.0, 0.0, 0.0, 0.0, 0.0], [0.0, 0.0, 0.0, 0.0, 0.0, 0.0, 0.0, 0.0, 0.0, 0.0, 0.0, 0.9114181465454909, 0.0, 0.0, 0.0, 0.0, 0.0, 0.0, 0.0, 0.0, 0.0, 0.0, 0.0, 0.0, 0.0, 0.0, 0.0, 0.0, 0.0, 0.0, 0.0, 0.0, 0.0, 0.0, 0.0], [0.0, 0.0, 0.0, 0.0, 0.0, 0.0, 0.0, 0.0, 0.0, 0.0, 0.0, 0.0, 0.0, 0.0, 0.9114186333593226, 0.0, 0.0, 0.0, 0.0, 0.0, 0.0, 0.0, 0.0, 0.0, 0.0, 0.0, 0.0, 0.0, 0.0, 0.0, 0.0, 0.0, 0.0, 0.0, 0.0]], "Born radii": [], "Atomic SASAs": [], "Solvent H bonds": [], "Total SASA": NaN, "Total FOD": 0.0, "FOD": [0.0, 0.0, 0.0, 0.0, 0.0, 0.0, 0.0, 0.0, 0.0, 0.0, 0.0, 0.0, 0.0, 0.0, 0.0, 0.0, 0.0, 0.0, 0.0, 0.0, 0.0, 0.0, 0.0, 0.0, 0.0, 0.0, 0.0, 0.0, 0.0, 0.0, 0.0, 0.0, 0.0, 0.0, 0.0], "FOD s proportion": [0.0, 0.0, 0.0, 0.0, 0.0, 0.0, 0.0, 0.0, 0.0, 0.0, 0.0, 0.0, 0.0, 0.0, 0.0, 0.0, 0.0, 0.0, 0.0, 0.0, 0.0, 0.0, 0.0, 0.0, 0.0, 0.0, 0.0, 0.0, 0.0, 0.0, 0.0, 0.0, 0.0, 0.0, 0.0], "FOD p proportion": [0.0, 0.0, 0.0, 0.0, 0.0, 0.0, 0.0, 0.0, 0.0, 0.0, 0.0, 0.0, 0.0, 0.0, 0.0, 0.0, 0.0, 0.0, 0.0, 0.0, 0.0, 0.0, 0.0, 0.0, 0.0, 0.0, 0.0, 0.0, 0.0, 0.0, 0.0, 0.0, 0.0, 0.0, 0.0], "FOD d proportion": [0.0, 0.0, 0.0, 0.0, 0.0, 0.0, 0.0, 0.0, 0.0, 0.0, 0.0, 0.0, 0.0, 0.0, 0.0, 0.0, 0.0, 0.0, 0.0, 0.0, 0.0, 0.0, 0.0, 0.0, 0.0, 0.0, 0.0, 0.0, 0.0, 0.0, 0.0, 0.0, 0.0, 0.0, 0.0], "coordinates": [["3.82670", "-1.31530", "1.85110"], ["3.15630", "-0.47620", "0.77270"], ["1.62890", "-0.50840", "0.90880"], ["0.87660", "0.18100", "-0.25960"], ["1.33790", "1.64260", "-0.41930"], ["-0.70030", "0.06000", "-0.17560"], ["-1.15740", "-1.40610", "0.06890"], ["-2.65680", "-1.60060", "0.08520"], ["-3.34540", "-2.18480", "-0.90300"], ["-1.24150", "0.46540", "-1.54440"], ["-1.00830", "-0.16960", "-2.57350"], ["-1.96920", "1.62110", "-1.62060"], ["-2.27460", "2.44750", "-0.58970"], ["-3.14570", "3.84180", "-0.82970"], ["-1.84800", "2.08860", "0.64690"], ["-1.22180", "0.91650", "0.96990"], ["-1.08800", "0.61420", "2.15520"], ["3.52080", "-2.36400", "1.78000"], ["4.91500", "-1.27160", "1.74290"], ["3.56910", "-0.94840", "2.84980"], ["3.45220", "-0.85490", "-0.21220"], ["3.52630", "0.55090", "0.85780"], ["1.32980", "-1.56030", "0.96260"], ["1.35330", "-0.04530", "1.86260"], ["1.19210", "-0.34050", "-1.17520"], ["2.39570", "1.69310", "-0.69620"], ["1.20760", "2.20810", "0.50900"], ["0.79270", "2.15820", "-1.21490"], ["-0.79880", "-1.76950", "1.03950"], ["-0.70850", "-2.06470", "-0.68690"], ["-3.19020", "-1.27180", "0.97640"], ["-2.85660", "-2.54290", "-1.80540"], ["-4.42050", "-2.31950", "-0.83070"], ["-2.29510", "1.87340", "-2.54540"], ["-2.15450", "2.65200", "1.43050"]], "bond_dist": [[0.0, 1.521995903411044, 2.5237554834016707, 3.9239085348667344, 4.483080861416622, 5.147105203898596, 5.293933725501293, 6.725739450053057, 7.731760179286474, 6.35507387683259, 6.6533404129053855, 7.3666547808350575, 7.572452057953223, 9.077264500387768, 6.725983418058656, 5.589704547648293, 5.288640954914599, 1.094715355697544, 1.0945381765840787, 1.0947031835159704, 2.1469572189496464, 2.1353190604684817, 2.6615722533870843, 2.780420797289504, 4.129145661029652, 4.193682015842403, 4.590780410779849, 5.538114683716834, 4.718076138639563, 5.250817403033551, 7.071342019022979, 7.716443021237182, 8.730222031540778, 8.18373112828128, 7.18965417040347], [1.521995903411044, 0.0, 1.5337896889730351, 2.5873900401756207, 3.0359110658910944, 4.007511308780051, 4.468563095671806, 5.960626076176898, 6.928159015207431, 5.059269493711518, 5.351163533288812, 6.033017688520397, 6.316552086383836, 7.805639868710316, 5.624681606100029, 4.598506359678107, 4.595036550453108, 2.1705534731952585, 2.1603182381306696, 2.169728344747333, 1.095900775617939, 1.095023479200332, 2.132472056088895, 2.150433867850858, 2.7696228154750604, 2.728010641474846, 3.327526990123446, 4.059214465878835, 4.169726986266607, 4.426109290336153, 6.39941679373988, 6.860963118250965, 7.96093868146213, 6.800600688909767, 6.19862345363872], [2.5237554834016707, 1.5337896889730351, 0.0, 1.5512531095859243, 2.5446672886646695, 2.63138263276172, 3.045449883022211, 4.498715626709473, 5.5530709242724425, 3.8994451964350008, 4.381326576506253, 4.886610094943119, 5.120562401728935, 6.68905280663862, 4.347623974080555, 3.18756391465332, 3.193006315371142, 2.789538745025779, 3.475147516293373, 2.779470640247887, 2.1682080481356025, 2.1736706857295567, 1.0949195678222214, 1.0955142217242093, 2.1358934079209106, 2.8303020139200696, 2.777895962774704, 3.5099982464383084, 2.738828762445728, 3.229824598952705, 4.879659222732669, 5.623680479899263, 6.549899527473684, 5.7447580349393315, 4.957258779809664], [3.9239085348667344, 2.5873900401756207, 1.5512531095859243, 0.0, 1.5409660411572994, 1.5837646952751536, 2.600760400344484, 3.972140626916424, 4.8822389535949595, 2.493580159128637, 3.00497946415612, 3.4676774143509945, 3.8956449658561034, 5.46858006615977, 3.447335952587157, 2.540848885707294, 3.14301995539322, 4.198664883031271, 4.735897757553471, 4.265380284335735, 2.776517770517595, 2.899365251223102, 2.17515258545234, 2.186821304999565, 1.0999208426064122, 2.1874027475524485, 2.1930438595705284, 2.1974888259101566, 2.880811729356849, 2.7817792489699826, 4.491902278545249, 4.872977641032226, 5.8853992107587745, 4.260138529437746, 4.260263632687536], [4.483080861416622, 3.0359110658910944, 2.5446672886646695, 1.5409660411572994, 0.0, 2.5919629028981106, 3.9698152375142097, 5.170154212400245, 6.067640014041703, 3.0504023029757894, 3.6646010587784317, 3.5185926661095626, 3.7050042402134977, 5.010746227858681, 3.3890496086661233, 3.001526601581269, 3.683835992549071, 5.065058386632873, 5.095420972795084, 4.730597134612077, 3.2788200850305893, 2.7589649979657227, 3.4883064128599712, 2.8383641732519105, 2.1272818478048463, 1.0946070984604477, 1.094764463252256, 1.0936479140930138, 4.282056835213657, 4.243045605458419, 5.562858569117141, 6.085516716762842, 7.001903807536919, 4.215715698431287, 4.078909923006391], [5.147105203898596, 4.007511308780051, 2.63138263276172, 1.5837646952751536, 2.5919629028981106, 0.0, 1.5550465812958787, 2.5794381655701693, 3.544685008572694, 1.5267154417244886, 2.4284778298349767, 2.4769266077136805, 2.8896462672790935, 4.550806435127734, 2.4716268933639642, 1.5224075505593107, 2.426948200930543, 5.245744234138756, 6.0815618799778735, 5.328948496654852, 4.252250912164051, 4.378703681456419, 2.8358732940665736, 2.895275511933191, 2.177332811032801, 3.538821268445187, 2.953488307070133, 2.7769833866985953, 2.1984632155212425, 2.185370682515898, 3.0496552674031867, 3.752461344237939, 4.464422056660862, 3.383453655660145, 3.3782715773010317], [5.293933725501293, 4.468563095671806, 3.045449883022211, 2.600760400344484, 3.9698152375142097, 1.5550465812958787, 0.0, 1.5120503629178494, 2.517599511439419, 2.4723110544589653, 2.92120537107544, 3.5605293609237374, 4.0659713181477315, 5.683420911739689, 3.6088696914685077, 2.4920712509878205, 2.9050088020520692, 5.072572410523087, 6.300349832350581, 5.5029715926942595, 4.650940852128739, 5.137047585919367, 2.6473838350341268, 3.3723509336959583, 2.864164523905706, 4.77649853553835, 4.3415843479080305, 4.260899780562786, 1.0966849502021994, 1.0984073970981807, 2.230217159829957, 2.773552842474792, 3.505909486852163, 4.345577755603966, 4.3950356744854755], [6.725739450053057, 5.960626076176898, 4.498715626709473, 3.972140626916424, 5.170154212400245, 2.5794381655701693, 1.5120503629178494, 0.0, 1.33865560918408, 2.987812954319597, 3.4400579849764163, 3.7097032617178427, 4.121732701182841, 5.540377512408337, 3.8183584129832546, 3.029473799193517, 3.4134106814152907, 6.451191235733134, 7.758116107019796, 6.843260101004492, 6.161525480755557, 6.592161149425884, 4.082209500993304, 4.653924243044787, 4.241519937475244, 6.081677556398399, 5.44236984134669, 5.264778029508936, 2.095561905551826, 2.1464855252248967, 1.0894321640194031, 2.1218429937203176, 2.113368805958865, 4.372591822935226, 4.488512464057552], [7.731760179286474, 6.928159015207431, 5.5530709242724425, 4.8822389535949595, 6.067640014041703, 3.544685008572694, 2.517599511439419, 1.33865560918408, 0.0, 3.4440309536936513, 3.5090793236973146, 4.1102008478905265, 4.764763668850744, 6.030353268258834, 4.786057284446144, 4.199463425248516, 4.720470633316132, 7.373961220402506, 8.721750352423532, 7.963824649626586, 6.960833600223467, 7.602942326494395, 5.072273518847343, 5.856943341026956, 4.905552117753923, 6.931169011068768, 6.4823702000117205, 6.00689622184369, 3.229698422453713, 2.648464617471791, 2.0951850514930657, 1.0869621934547677, 1.085915001277724, 4.502176705772442, 5.500736250721353], [6.35507387683259, 5.059269493711518, 3.8994451964350008, 2.493580159128637, 3.0504023029757894, 1.5267154417244886, 2.4723110544589653, 2.987812954319597, 3.4440309536936513, 0.0, 1.2315250910964015, 1.367843638724836, 2.430528360254206, 3.941681200959814, 2.793638519923435, 2.5545222234304403, 3.705771694262883, 6.460390159270568, 7.1920791527902415, 6.667060554697249, 5.054578975542869, 5.339456145526434, 4.123116925336947, 4.312939894086168, 2.590017839706901, 3.9314010695933836, 3.640267251178133, 2.666854276108839, 3.4448948474518057, 2.7241147663048264, 3.629012010175772, 3.424403291085908, 4.2861494024357105, 2.023496468986294, 3.8032641993424545], [6.6533404129053855, 5.351163533288812, 4.381326576506253, 3.00497946415612, 3.6646010587784317, 2.4284778298349767, 2.92120537107544, 3.4400579849764163, 3.5090793236973146, 1.2315250910964015, 0.0, 2.2445386407901293, 3.5196861422575734, 4.868331044618885, 4.021882580334737, 3.712260634707644, 4.793881331447411, 6.654404587940231, 7.411558260581914, 7.139418960251598, 5.09327341009689, 5.731974973776492, 4.4614752392005945, 5.027085463765262, 2.6127016400653176, 4.310582626513497, 4.479450451785352, 3.2416119138478003, 3.956935589569282, 2.690825823051355, 4.310141814372237, 3.1046325692422925, 4.3934645429319215, 2.414641350180188, 5.0306278932157165], [7.3666547808350575, 6.033017688520397, 4.886610094943119, 3.4676774143509945, 3.5185926661095626, 2.4769266077136805, 3.5605293609237374, 3.7097032617178427, 4.1102008478905265, 1.367843638724836, 2.2445386407901293, 0.0, 1.356082936254269, 2.6346125996054903, 2.3183619087623057, 2.7867109950621, 4.005874023231384, 7.588491442309203, 8.189814111443555, 7.567005570237146, 6.12419337709057, 6.122770194119651, 5.260953259628906, 5.0939746220412205, 3.747008594866043, 4.462292165468326, 3.869344052937138, 2.842738206377787, 4.465661936376286, 4.005781049932709, 4.07481538354807, 4.261516842627751, 4.707562220512863, 1.0124826615799403, 3.225880052016813], [7.572452057953223, 6.316552086383836, 5.120562401728935, 3.8956449658561034, 3.7050042402134977, 2.8896462672790935, 4.0659713181477315, 4.121732701182841, 4.764763668850744, 2.430528360254206, 3.5196861422575734, 1.356082936254269, 0.0, 1.66147154655143, 1.3564572717192387, 2.425840266794168, 3.507632315394531, 7.896370780301543, 8.423958435913606, 7.583609084730041, 6.621524767755536, 6.272383009670249, 5.609259798761331, 5.038798025323103, 4.487066206331259, 4.732035893777645, 3.6592582431416343, 3.1437078140310684, 4.755561720764435, 4.777244591812313, 4.138137873488509, 5.169211027806854, 5.233283559105124, 2.038326163792242, 2.0340728354707456], [9.077264500387768, 7.805639868710316, 6.68905280663862, 5.46858006615977, 5.010746227858681, 4.550806435127734, 5.683420911739689, 5.540377512408337, 6.030353268258834, 3.941681200959814, 4.868331044618885, 2.6346125996054903, 1.66147154655143, 0.0, 2.634024124794608, 3.936665017498949, 4.8539838339244605, 9.474423991990227, 9.886354980982627, 9.031792476026009, 8.122350740395296, 7.628450895168692, 7.2405195911619495, 6.526792987371363, 6.035520887214292, 5.9449010000167375, 4.838627312575334, 4.300451436768006, 6.363060265312596, 6.391171874546953, 5.423364492637389, 6.465289118825236, 6.291798926380277, 2.746223845574137, 2.73981851953738], [6.725983418058656, 5.624681606100029, 4.347623974080555, 3.447335952587157, 3.3890496086661233, 2.4716268933639642, 3.6088696914685077, 3.8183584129832546, 4.786057284446144, 2.793638519923435, 4.021882580334737, 2.3183619087623057, 1.3564572717192387, 2.634024124794608, 0.0, 1.3675795589288398, 2.2419688334140595, 7.066369351371325, 7.630879964984379, 6.589469615985797, 6.123264252014607, 5.593934267579482, 4.848974173987732, 4.034820614352019, 4.2968340938416505, 4.4687053550217435, 3.061043616154465, 3.2317858669781945, 4.01744832076282, 4.508589976921832, 3.6335050915059965, 5.336838155687317, 5.313417320331615, 3.23063286988788, 1.0126158057229802], [5.589704547648293, 4.598506359678107, 3.18756391465332, 2.540848885707294, 3.001526601581269, 1.5224075505593107, 2.4920712509878205, 3.029473799193517, 4.199463425248516, 2.5545222234304403, 3.712260634707644, 2.7867109950621, 2.425840266794168, 3.936665017498949, 1.3675795589288398, 0.0, 1.2305380205422338, 5.823246261321944, 6.560916464183948, 5.47399295121943, 5.136291889096646, 4.763473877329443, 3.5560166042919428, 2.8901751746217736, 3.465316178936635, 4.057746051689287, 2.7897390075058994, 3.2207732270372595, 2.719994330876445, 3.4490602444723986, 2.9433480426208516, 4.726765224759951, 4.89341782908429, 3.7980211413313643, 2.0233738903129104], [5.288640954914599, 4.595036550453108, 3.193006315371142, 3.14301995539322, 3.683835992549071, 2.426948200930543, 2.9050088020520692, 3.4134106814152907, 4.720470633316132, 3.705771694262883, 4.793881331447411, 4.005874023231384, 3.507632315394531, 4.8539838339244605, 2.2419688334140595, 1.2305380205422338, 0.0, 5.500135245609875, 6.305730879921851, 4.96112571197304, 5.3269366065309995, 4.793643514071525, 3.46359666387413, 2.545682757140017, 4.147513985509875, 4.629327473834618, 3.2434967257575584, 4.156746624464859, 2.647725216105327, 3.9240359159926146, 3.060361135552469, 5.364846570965473, 5.35049070179549, 5.013812462587726, 2.411481117487757], [1.094715355697544, 2.1705534731952585, 2.789538745025779, 4.198664883031271, 5.065058386632873, 5.245744234138756, 5.072572410523087, 6.451191235733134, 7.373961220402506, 6.460390159270568, 6.654404587940231, 7.588491442309203, 7.896370780301543, 9.474423991990227, 7.066369351371325, 5.823246261321944, 5.500135245609875, 0.0, 1.7715834188657333, 1.775029095536183, 2.500189914786475, 3.0573068377249935, 2.472763120478789, 3.175098218953234, 4.272072445546774, 4.884411618608735, 5.279245556895416, 6.071428864773102, 4.422749671867038, 4.9053190100135176, 6.846619224113461, 7.318355630194531, 8.359544271669359, 8.39579279937279, 7.582310752006937], [1.0945381765840787, 2.1603182381306696, 3.475147516293373, 4.735897757553471, 5.095420972795084, 6.0815618799778735, 6.300349832350581, 7.758116107019796, 8.721750352423532, 7.1920791527902415, 7.411558260581914, 8.189814111443555, 8.423958435913606, 9.886354980982627, 7.630879964984379, 6.560916464183948, 6.305730879921851, 1.7715834188657333, 0.0, 1.7723240843592913, 2.4770625224244944, 2.456297203108777, 3.680472092001242, 3.7687991018360214, 4.821020558968816, 4.59189801607135, 5.232173168005814, 6.124170651606632, 5.778424215129934, 6.177109995782817, 8.141362866866947, 8.6373840449525, 9.740280879933596, 8.959134104365221, 8.09135717726019], [1.0947031835159704, 2.169728344747333, 2.779470640247887, 4.265380284335735, 4.730597134612077, 5.328948496654852, 5.5029715926942595, 6.843260101004492, 7.963824649626586, 6.667060554697249, 7.139418960251598, 7.567005570237146, 7.583609084730041, 9.031792476026009, 6.589469615985797, 5.47399295121943, 4.96112571197304, 1.775029095536183, 1.7723240843592913, 0.0, 3.065656839895816, 2.49355094794552, 2.991723573460623, 2.58842096460371, 4.71384094025244, 4.574768388672808, 4.5847049130778315, 5.8207513784734015, 4.798952147083778, 5.661469273960604, 7.0215633309114285, 8.093388522738792, 8.902791900297345, 8.45337683532445, 6.90918878089172], [2.1469572189496464, 1.095900775617939, 2.1682080481356025, 2.776517770517595, 3.2788200850305893, 4.252250912164051, 4.650940852128739, 6.161525480755557, 6.960833600223467, 5.054578975542869, 5.09327341009689, 6.12419337709057, 6.621524767755536, 8.122350740395296, 6.123264252014607, 5.136291889096646, 5.3269366065309995, 2.500189914786475, 2.4770625224244944, 3.065656839895816, 0.0, 1.76823766784898, 2.5263265742971552, 3.060331421594727, 2.5099857310351386, 2.800491430088655, 3.865271995603931, 4.142115298974668, 4.524847737769747, 4.358942603430332, 6.760773131084936, 6.722245731896447, 8.031625034823277, 6.776348605259325, 6.814095375763388], [2.1353190604684817, 1.095023479200332, 2.1736706857295567, 2.899365251223102, 2.7589649979657227, 4.378703681456419, 5.137047585919367, 6.592161149425884, 7.602942326494395, 5.339456145526434, 5.731974973776492, 6.122770194119651, 6.272383009670249, 7.628450895168692, 5.593934267579482, 4.763473877329443, 4.793643514071525, 3.0573068377249935, 2.456297203108777, 2.49355094794552, 1.76823766784898, 0.0, 3.0484029802504784, 2.4671859435397243, 3.2212066993597293, 2.235574467558618, 2.871296391875976, 3.7884122716515423, 4.911594553706566, 5.211620908124458, 6.96043630097999, 7.576651311100439, 8.61637154781524, 6.871642776658287, 6.083921033346833], [2.6615722533870843, 2.132472056088895, 1.0949195678222214, 2.17515258545234, 3.4883064128599712, 2.8358732940665736, 2.6473838350341268, 4.082209500993304, 5.072273518847343, 4.123116925336947, 4.4614752392005945, 5.260953259628906, 5.609259798761331, 7.2405195911619495, 4.848974173987732, 3.5560166042919428, 3.46359666387413, 2.472763120478789, 3.680472092001242, 2.991723573460623, 2.5263265742971552, 3.0484029802504784, 0.0, 1.7623215512499415, 2.465169805510363, 3.8042570641322335, 3.7975682166354825, 4.342490634417073, 2.1402374190729403, 2.670194094068819, 4.529218772592023, 5.1140269573008705, 6.0711003631961145, 6.102152054808205, 5.486597141216038], [2.780420797289504, 2.150433867850858, 1.0955142217242093, 2.186821304999565, 2.8383641732519105, 2.895275511933191, 3.3723509336959583, 4.653924243044787, 5.856943341026956, 4.312939894086168, 5.027085463765262, 5.0939746220412205, 5.038798025323103, 6.526792987371363, 4.034820614352019, 2.8901751746217736, 2.545682757140017, 3.175098218953234, 3.7687991018360214, 2.58842096460371, 3.060331421594727, 2.4671859435397243, 1.7623215512499415, 0.0, 3.056363414255576, 3.2643666705809875, 2.632731093370533, 3.8263155724534794, 2.8778279413474324, 3.8508370323865955, 4.788845888102895, 6.1168200701017845, 6.7648072381997695, 6.035121891892491, 4.4459867903537456], [4.129145661029652, 2.7696228154750604, 2.1358934079209106, 1.0999208426064122, 2.1272818478048463, 2.177332811032801, 2.864164523905706, 4.241519937475244, 4.905552117753923, 2.590017839706901, 2.6127016400653176, 3.747008594866043, 4.487066206331259, 6.035520887214292, 4.2968340938416505, 3.465316178936635, 4.147513985509875, 4.272072445546774, 4.821020558968816, 4.71384094025244, 2.5099857310351386, 3.2212066993597293, 2.465169805510363, 3.056363414255576, 0.0, 2.4111455617610478, 3.054853818106523, 2.530730752174162, 3.303122749762715, 2.6121988611129896, 4.970035768482959, 4.651847965056468, 5.961241482275315, 4.351938084348167, 5.190805361405878], [4.193682015842403, 2.728010641474846, 2.8303020139200696, 2.1874027475524485, 1.0946070984604477, 3.538821268445187, 4.77649853553835, 6.081677556398399, 6.931169011068768, 3.9314010695933836, 4.310582626513497, 4.462292165468326, 4.732035893777645, 5.9449010000167375, 4.4687053550217435, 4.057746051689287, 4.629327473834618, 4.884411618608735, 4.59189801607135, 4.574768388672808, 2.800491430088655, 2.235574467558618, 3.8042570641322335, 3.2643666705809875, 2.4111455617610478, 0.0, 1.7689866166819919, 1.7478491639726812, 5.020665643119446, 4.87413633067439, 6.541444915307321, 6.838177822344195, 7.910728882347063, 5.045359587779646, 5.11338069578239], [4.590780410779849, 3.327526990123446, 2.777895962774704, 2.1930438595705284, 1.094764463252256, 2.953488307070133, 4.3415843479080305, 5.44236984134669, 6.4823702000117205, 3.640267251178133, 4.479450451785352, 3.869344052937138, 3.6592582431416343, 4.838627312575334, 3.061043616154465, 2.7897390075058994, 3.2434967257575584, 5.279245556895416, 5.232173168005814, 4.5847049130778315, 3.865271995603931, 2.871296391875976, 3.7975682166354825, 2.632731093370533, 3.054853818106523, 1.7689866166819919, 0.0, 1.773827283023914, 4.48646553201961, 4.833056575294769, 5.627504918700649, 6.666796082077206, 7.346391458396428, 4.659430302086297, 3.5142461311069266], [5.538114683716834, 4.059214465878835, 3.5099982464383084, 2.1974888259101566, 1.0936479140930138, 2.7769833866985953, 4.260899780562786, 5.264778029508936, 6.00689622184369, 2.666854276108839, 3.2416119138478003, 2.842738206377787, 3.1437078140310684, 4.300451436768006, 3.2317858669781945, 3.2207732270372595, 4.156746624464859, 6.071428864773102, 6.124170651606632, 5.8207513784734015, 4.142115298974668, 3.7884122716515423, 4.342490634417073, 3.8263155724534794, 2.530730752174162, 1.7478491639726812, 1.773827283023914, 0.0, 4.80021029747656, 4.512789586275877, 5.694750925194183, 5.9805034863295585, 6.882939863895369, 3.374292537703274, 3.9909857729638682], [4.718076138639563, 4.169726986266607, 2.738828762445728, 2.880811729356849, 4.282056835213657, 2.1984632155212425, 1.0966849502021994, 2.095561905551826, 3.229698422453713, 3.4448948474518057, 3.956935589569282, 4.465661936376286, 4.755561720764435, 6.363060265312596, 4.01744832076282, 2.719994330876445, 2.647725216105327, 4.422749671867038, 5.778424215129934, 4.798952147083778, 4.524847737769747, 4.911594553706566, 2.1402374190729403, 2.8778279413474324, 3.303122749762715, 5.020665643119446, 4.48646553201961, 4.80021029747656, 0.0, 1.7537827944189668, 2.4434567440411135, 3.595294759821509, 4.1130109323949045, 5.325518013301617, 4.641170729460402], [5.250817403033551, 4.426109290336153, 3.229824598952705, 2.7817792489699826, 4.243045605458419, 2.185370682515898, 1.0984073970981807, 2.1464855252248967, 2.648464617471791, 2.7241147663048264, 2.690825823051355, 4.005781049932709, 4.777244591812313, 6.391171874546953, 4.508589976921832, 3.4490602444723986, 3.9240359159926146, 4.9053190100135176, 6.177109995782817, 5.661469273960604, 4.358942603430332, 5.211620908124458, 2.670194094068819, 3.8508370323865955, 2.6121988611129896, 4.87413633067439, 4.833056575294769, 4.512789586275877, 1.7537827944189668, 0.0, 3.090969457953281, 2.468613193677778, 3.723512519114176, 4.634647065311446, 5.3685712857332915], [7.071342019022979, 6.39941679373988, 4.879659222732669, 4.491902278545249, 5.562858569117141, 3.0496552674031867, 2.230217159829957, 1.0894321640194031, 2.0951850514930657, 3.629012010175772, 4.310141814372237, 4.07481538354807, 4.138137873488509, 5.423364492637389, 3.6335050915059965, 2.9433480426208516, 3.060361135552469, 6.846619224113461, 8.141362866866947, 7.0215633309114285, 6.760773131084936, 6.96043630097999, 4.529218772