{"total energy": -40.32736066, "HOMO-LUMO gap/eV": 3.27802214, "electronic energy": -40.79097507, "dipole": [-0.26291944, -1.06715981, -1.50947546], "partial charges": [-0.11374529, 0.01408735, -0.18995823, 0.25974663, -0.32262067, 0.28183841, -0.1156933, -0.31137743, 0.26012505, -0.18894965, 0.01356232, -0.11347612, -0.34823081, 0.04861557, 0.0433375, 0.05371253, 0.03202592, 0.06847598, 0.19072496, 0.18749487, 0.07284152, 0.03314562, 0.05328057, 0.04143457, 0.04960211], "atomic dipole moments": [[0.12891513, -0.00374679, 0.03032734], [-0.03621345, 0.09605331, 0.14426271], [0.06183599, -0.15233405, -0.00957294], [-0.01523191, -0.00020174, 0.0149447], [0.20499483, -0.01510168, -0.18531296], [0.01865349, 0.01785019, 0.11163359], [-0.02643977, -0.00489768, -0.18781808], [-0.2548029, -0.01038067, -0.11209907], [0.02176597, 0.00138167, 0.012498], [-0.00508058, -0.13978617, 0.08612947], [-0.12018321, 0.0603832, -0.11825559], [-0.08823637, 0.00489818, 0.09774111], [0.0482028, 0.05540547, 0.28162509], [-0.02278108, -0.07415482, -0.10129683], [-0.07130696, -0.04334234, 0.0951595], [-0.04375513, 0.11819729, -0.02713773], [0.03381727, -0.11465638, 0.02531344], [0.06109693, 0.03835406, -0.10911615], [-0.05450624, -0.03229809, 0.11562683], [-0.07050412, -0.0608765, -0.09267005], [0.0607865, 0.06670033, 0.09606686], [-0.02470096, -0.11314515, 0.04058435], [0.03042041, 0.11523253, -0.04879181], [-0.04254426, -0.0691503, -0.09644207], [0.10799804, -0.0547238, 0.04125957]], "atomic quadrupole moments": [[0.24644528, 0.00688862, -0.14309251, 0.09204855, 0.01216642, -0.10335277], [0.08111622, 0.05435567, -0.13598996, 0.15843125, 0.24644119, 0.05487374], [0.01193918, 0.01541084, -0.00646726, 0.0787156, 0.08411756, -0.00547192], [-0.1716125, 0.03322148, 0.43445289, 0.09968305, -0.07236549, -0.26284038], [-0.12869375, 0.00085887, 0.19391283, 0.04669535, -0.02764431, -0.06521908], [-0.48108207, 0.01447844, 0.36227181, 0.09430393, -0.03274352, 0.11881025], [-0.23475953, 0.01333245, -0.17843849, 0.10261112, 0.07664224, 0.41319802], [-0.14409414, 0.00525747, 0.20245405, -0.00990426, -0.03289558, -0.05835991], [-0.2138956, -0.04770698, 0.43201382, -0.09956528, -0.08293771, -0.21811821], [0.08292367, -0.07626618, -0.03908577, -0.03011984, -0.0364099, -0.04383789], [0.25108761, -0.21075077, -0.21788369, -0.04476126, -0.05415692, -0.03320392], [0.05746705, -0.02725627, -0.14278693, -0.19304921, 0.02351343, 0.08531988], [-0.05598801, -0.00578399, 0.174701, -0.01251382, -0.05228285, -0.11871299], [-0.02993304, 0.00649274, -0.00434292, 0.01234828, 0.06494492, 0.03427596], [-0.00685078, 0.0149112, -0.03268878, -0.041241, -0.04327574, 0.03953955], [-0.02293017, -0.02118151, 0.06859922, 0.00387842, -0.02561114, -0.04566904], [-0.0224297, -0.01241382, 0.02913628, 0.02747039, -0.01101556, -0.00670658], [0.00289851, 0.02515567, -0.01401063, -0.02006345, -0.02261674, 0.01111212], [0.04892622, 0.02411256, -0.05079593, -0.03364723, 0.01736112, 0.0018697], [-0.01115987, -0.02201321, -0.04756832, 0.00013944, 0.03596214, 0.05872819], [-0.0097417, 0.00900043, 0.00270796, 0.00738113, 0.03802548, 0.00703374], [0.00990034, 0.01123594, 0.02645928, -0.01015473, -0.02012201, -0.03635962], [-0.04338171, 0.01684, 0.06793632, -0.01453798, -0.02743035, -0.02455461], [-0.0146117, 0.03967643, -0.00729858, 0.02981555, 0.04872262, 0.02191028], [0.04297309, -0.0479672, -0.02739303, 0.03413157, -0.02273524, -0.01558006]], "number of molecular orbitals": 69, "number of electrons": 72, "number of unpaired electrons": 0, "orbital energies/eV": [-28.76658761, -19.13665845, -18.52350253, -18.26340002, -17.89534477, -17.87035241, -17.43705499, -17.31921295, -16.70976147, -16.4319672, -16.2578562, -15.84568954, -15.67325167, -15.3122594, -15.30143653, -14.826511, -14.61869905, -14.44346683, -14.25336285, -13.92458623, -13.73383438, -13.52935239, -13.4569233, -12.92201514, -12.88450195, -12.83249664, -12.7354386, -12.59552806, -12.47533633, -12.44608825, -11.60914439, -11.56930258, -11.01250792, -10.94025131, -10.67045462, -10.51465453, -7.23663239, -6.76057704, -3.8037574, -3.67227641, 0.22992135, 0.42466523, 0.43483348, 0.44128663, 0.83003856, 0.86724469, 2.27339479, 2.46502341, 3.25847788, 3.28587126, 3.53292817, 3.60289007, 4.02851848, 4.09904885, 4.21612835, 4.50288437, 5.15373219, 5.51605278, 5.78307741, 6.2134862, 6.38005978, 6.6047163, 7.00639454, 7.0463201, 7.4207569, 11.15154006, 11.95504125, 12.43737062, 17.14472554], "fractional occupation": [2.0, 2.0, 2.0, 2.0, 2.0, 2.0, 2.0, 2.0, 2.0, 2.0, 2.0, 2.0, 2.0, 2.0, 2.0, 2.0, 2.0, 2.0, 2.0, 2.0, 2.0, 2.0, 2.0, 2.0, 2.0, 2.0, 2.0, 2.0, 2.0, 2.0, 2.0, 2.0, 2.0, 2.0, 2.0, 2.0, 0.0, 0.0, 0.0, 0.0, 0.0, 0.0, 0.0, 0.0, 0.0, 0.0, 0.0, 0.0, 0.0, 0.0, 0.0, 0.0, 0.0, 0.0, 0.0, 0.0, 0.0, 0.0, 0.0, 0.0, 0.0, 0.0, 0.0, 0.0, 0.0, 0.0, 0.0, 0.0, 0.0], "program call": "xtb /home/svss/Project-DBcg-Debug/aqme2_20220329/End-to-End-workflows-final/example-3/QDESCP/mol_687_rdkit_conf_5/mol_687_rdkit_conf_5.xyz --pop --wbo --acc 0.2 --gfn 2 --chrg 0 --uhf 0 --etemp 300 --input /home/svss/Project-DBcg-Debug/aqme2_20220329/End-to-End-workflows-final/example-3/QDESCP/mol_687_rdkit_conf_5/mol_687_rdkit_conf_5_xtb.inp", "method": "GFN2-xTB", "xtb version": "6.3.3 (7355c4f)", "Dipole module/D": 4.746, "Total charge": 0, "Transition dipole module/D": NaN, "HOMO": -10.5147, "LUMO": -7.2366, "HOMO occupancy": 2.0, "LUMO occupancy": 0, "mulliken charges": [-0.09535, 0.10391, -0.35462, 0.44227, -0.41938, 0.4156, -0.09541, -0.41265, 0.44252, -0.35483, 0.10356, -0.09532, -0.44007, 0.03307, 0.03093, 0.03811, 0.02257, 0.03421, 0.22031, 0.21794, 0.03784, 0.0236, 0.03786, 0.02946, 0.03388], "cm5 charges": [-0.23984, 0.05537, -0.69577, 0.65958, -0.59479, 0.57519, -0.08044, -0.58791, 0.65996, -0.69603, 0.05497, -0.23981, -0.61424, 0.08425, 0.08429, 0.09154, 0.08819, 0.10153, 0.42131, 0.4191, 0.10512, 0.08921, 0.09128, 0.08284, 0.08507], "FUKUI+": [0.013, 0.017, -0.057, -0.029, -0.103, -0.069, -0.19, -0.104, -0.031, -0.057, 0.017, 0.013, -0.119, -0.028, -0.017, -0.018, -0.024, -0.021, -0.041, -0.041, -0.021, -0.024, -0.018, -0.017, -0.028], "FUKUI-": [0.015, 0.016, -0.072, 0.003, -0.09, 0.006, -0.138, -0.096, 0.004, -0.07, 0.017, 0.015, -0.09, -0.036, -0.036, -0.037, -0.062, -0.045, -0.042, -0.037, -0.049, -0.065, -0.04, -0.035, -0.036], "FUKUIrad": [0.014, 0.016, -0.064, -0.013, -0.097, -0.032, -0.164, -0.1, -0.013, -0.064, 0.017, 0.014, -0.105, -0.032, -0.027, -0.028, -0.043, -0.033, -0.041, -0.039, -0.035, -0.045, -0.029, -0.026, -0.032], "s proportion": [1.012, 1.001, 1.454, 0.978, 1.538, 1.009, 1.941, 1.535, 0.978, 1.454, 1.001, 1.012, 1.53, 0.967, 0.969, 0.962, 0.977, 0.966, 0.78, 0.782, 0.962, 0.976, 0.962, 0.971, 0.966], "p proportion": [3.084, 2.895, 3.901, 2.579, 3.882, 2.575, 5.166, 3.878, 2.579, 3.901, 2.895, 3.084, 3.91, 0.0, 0.0, 0.0, 0.0, 0.0, 0.0, 0.0, 0.0, 0.0, 0.0, 0.0, 0.0], "d proportion": [0.0, 0.0, 0.0, 0.0, 0.0, 0.0, -0.012, 0.0, 0.0, 0.0, 0.0, 0.0, 0.0, 0.0, 0.0, 0.0, 0.0, 0.0, 0.0, 0.0, 0.0, 0.0, 0.0, 0.0, 0.0], "Fermi-level/eV": -8.8756, "Coordination numbers": [3.751, 3.747, 2.698, 2.958, 1.912, 2.977, 1.03, 1.904, 2.957, 2.698, 3.747, 3.751, 1.849, 0.924, 0.924, 0.924, 0.924, 0.924, 0.86, 0.86, 0.924, 0.924, 0.924, 0.924, 0.924], "Dispersion coefficient C6": [22.738, 20.404, 25.119, 22.639, 29.212, 22.24, 102.776, 28.918, 22.632, 25.096, 20.413, 22.733, 29.904, 2.337, 2.405, 2.274, 2.558, 2.103, 1.155, 1.172, 2.055, 2.542, 2.28, 2.43, 2.325], "Total dispersion C6": 7484.623387, "Total dispersion C8": 180893.062359, "Polarizability alpha": [6.8, 6.443, 7.444, 7.804, 8.013, 7.736, 15.51, 7.973, 7.803, 7.44, 6.445, 6.799, 8.105, 2.391, 2.425, 2.358, 2.501, 2.268, 1.683, 1.696, 2.242, 2.494, 2.361, 2.438, 2.385], "Total polarizability alpha": 131.555762, "Wiberg matrix": [[0.0, 1.0193886222641506, 0.0, 0.0, 0.0, 0.0, 0.0, 0.0, 0.0, 0.0, 0.0, 0.0, 0.0, 0.984707400204627, 0.986015443219532, 0.9860401205401228, 0.0, 0.0, 0.0, 0.0, 0.0, 0.0, 0.0, 0.0, 0.0], [1.0193886222641506, 0.0, 0.9863347721760909, 0.0, 0.0, 0.0, 0.0, 0.0, 0.0, 0.0, 0.0, 0.0, 0.0, 0.0, 0.0, 0.0, 0.9692280381643391, 0.969567770693742, 0.0, 0.0, 0.0, 0.0, 0.0, 0.0, 0.0], [0.0, 0.9863347721760909, 0.0, 1.1962047252305383, 0.0, 0.0, 0.0, 0.0, 0.0, 0.0, 0.0, 0.0, 0.0, 0.0, 0.0, 0.0, 0.0, 0.0, 0.929978326227799, 0.0, 0.0, 0.0, 0.0, 0.0, 0.0], [0.0, 0.0, 1.1962047252305383, 0.0, 1.2966585259078145, 0.0, 0.0, 0.0, 0.0, 0.0, 0.0, 0.0, 1.3390799157738178, 0.0, 0.0, 0.0, 0.0, 0.0, 0.0, 0.0, 0.0, 0.0, 0.0, 0.0, 0.0], [0.0, 0.0, 0.0, 1.2966585259078145, 0.0, 1.400893518161852, 0.0, 0.0, 0.0, 0.0, 0.0, 0.0, 0.0, 0.0, 0.0, 0.0, 0.0, 0.0, 0.0, 0.0, 0.0, 0.0, 0.0, 0.0, 0.0], [0.0, 0.0, 0.0, 0.0, 1.400893518161852, 0.0, 1.0082222699138936, 1.3983460002192496, 0.0, 0.0, 0.0, 0.0, 0.0, 0.0, 0.0, 0.0, 0.0, 0.0, 0.0, 0.0, 0.0, 0.0, 0.0, 0.0, 0.0], [0.0, 0.0, 0.0, 0.0, 0.0, 1.0082222699138936, 0.0, 0.0, 0.0, 0.0, 0.0, 0.0, 0.0, 0.0, 0.0, 0.0, 0.0, 0.0, 0.0, 0.0, 0.0, 0.0, 0.0, 0.0, 0.0], [0.0, 0.0, 0.0, 0.0, 0.0, 1.3983460002192496, 0.0, 0.0, 1.3024708589252612, 0.0, 0.0, 0.0, 0.0, 0.0, 0.0, 0.0, 0.0, 0.0, 0.0, 0.0, 0.0, 0.0, 0.0, 0.0, 0.0], [0.0, 0.0, 0.0, 0.0, 0.0, 0.0, 0.0, 1.3024708589252612, 0.0, 1.197144283786798, 0.0, 0.0, 1.3327935718037163, 0.0, 0.0, 0.0, 0.0, 0.0, 0.0, 0.0, 0.0, 0.0, 0.0, 0.0, 0.0], [0.0, 0.0, 0.0, 0.0, 0.0, 0.0, 0.0, 0.0, 1.197144283786798, 0.0, 0.9848512119104212, 0.0, 0.0, 0.0, 0.0, 0.0, 0.0, 0.0, 0.0, 0.9310142935449524, 0.0, 0.0, 0.0, 0.0, 0.0], [0.0, 0.0, 0.0, 0.0, 0.0, 0.0, 0.0, 0.0, 0.0, 0.9848512119104212, 0.0, 1.0195068732963415, 0.0, 0.0, 0.0, 0.0, 0.0, 0.0, 0.0, 0.0, 0.9689671402214973, 0.969386136346865, 0.0, 0.0, 0.0], [0.0, 0.0, 0.0, 0.0, 0.0, 0.0, 0.0, 0.0, 0.0, 0.0, 1.0195068732963415, 0.0, 0.0, 0.0, 0.0, 0.0, 0.0, 0.0, 0.0, 0.0, 0.0, 0.0, 0.986075657798418, 0.986135176076063, 0.9845784933666901], [0.0, 0.0, 0.0, 1.3390799157738178, 0.0, 0.0, 0.0, 0.0, 1.3327935718037163, 0.0, 0.0, 0.0, 0.0, 0.0, 0.0, 0.0, 0.0, 0.0, 0.0, 0.0, 0.0, 0.0, 0.0, 0.0, 0.0], [0.984707400204627, 0.0, 0.0, 0.0, 0.0, 0.0, 0.0, 0.0, 0.0, 0.0, 0.0, 0.0, 0.0, 0.0, 0.0, 0.0, 0.0, 0.0, 0.0, 0.0, 0.0, 0.0, 0.0, 0.0, 0.0], [0.986015443219532, 0.0, 0.0, 0.0, 0.0, 0.0, 0.0, 0.0, 0.0, 0.0, 0.0, 0.0, 0.0, 0.0, 0.0, 0.0, 0.0, 0.0, 0.0, 0.0, 0.0, 0.0, 0.0, 0.0, 0.0], [0.9860401205401228, 0.0, 0.0, 0.0, 0.0, 0.0, 0.0, 0.0, 0.0, 0.0, 0.0, 0.0, 0.0, 0.0, 0.0, 0.0, 0.0, 0.0, 0.0, 0.0, 0.0, 0.0, 0.0, 0.0, 0.0], [0.0, 0.9692280381643391, 0.0, 0.0, 0.0, 0.0, 0.0, 0.0, 0.0, 0.0, 0.0, 0.0, 0.0, 0.0, 0.0, 0.0, 0.0, 0.0, 0.0, 0.0, 0.0, 0.0, 0.0, 0.0, 0.0], [0.0, 0.969567770693742, 0.0, 0.0, 0.0, 0.0, 0.0, 0.0, 0.0, 0.0, 0.0, 0.0, 0.0, 0.0, 0.0, 0.0, 0.0, 0.0, 0.0, 0.0, 0.0, 0.0, 0.0, 0.0, 0.0], [0.0, 0.0, 0.929978326227799, 0.0, 0.0, 0.0, 0.0, 0.0, 0.0, 0.0, 0.0, 0.0, 0.0, 0.0, 0.0, 0.0, 0.0, 0.0, 0.0, 0.0, 0.0, 0.0, 0.0, 0.0, 0.0], [0.0, 0.0, 0.0, 0.0, 0.0, 0.0, 0.0, 0.0, 0.0, 0.9310142935449524, 0.0, 0.0, 0.0, 0.0, 0.0, 0.0, 0.0, 0.0, 0.0, 0.0, 0.0, 0.0, 0.0, 0.0, 0.0], [0.0, 0.0, 0.0, 0.0, 0.0, 0.0, 0.0, 0.0, 0.0, 0.0, 0.9689671402214973, 0.0, 0.0, 0.0, 0.0, 0.0, 0.0, 0.0, 0.0, 0.0, 0.0, 0.0, 0.0, 0.0, 0.0], [0.0, 0.0, 0.0, 0.0, 0.0, 0.0, 0.0, 0.0, 0.0, 0.0, 0.969386136346865, 0.0, 0.0, 0.0, 0.0, 0.0, 0.0, 0.0, 0.0, 0.0, 0.0, 0.0, 0.0, 0.0, 0.0], [0.0, 0.0, 0.0, 0.0, 0.0, 0.0, 0.0, 0.0, 0.0, 0.0, 0.0, 0.986075657798418, 0.0, 0.0, 0.0, 0.0, 0.0, 0.0, 0.0, 0.0, 0.0, 0.0, 0.0, 0.0, 0.0], [0.0, 0.0, 0.0, 0.0, 0.0, 0.0, 0.0, 0.0, 0.0, 0.0, 0.0, 0.986135176076063, 0.0, 0.0, 0.0, 0.0, 0.0, 0.0, 0.0, 0.0, 0.0, 0.0, 0.0, 0.0, 0.0], [0.0, 0.0, 0.0, 0.0, 0.0, 0.0, 0.0, 0.0, 0.0, 0.0, 0.0, 0.9845784933666901, 0.0, 0.0, 0.0, 0.0, 0.0, 0.0, 0.0, 0.0, 0.0, 0.0, 0.0, 0.0, 0.0]], "Born radii": [], "Atomic SASAs": [], "Solvent H bonds": [], "Total SASA": NaN, "Total FOD": 0.0, "FOD": [0.0, 0.0, 0.0, 0.0, 0.0, 0.0, 0.0, 0.0, 0.0, 0.0, 0.0, 0.0, 0.0, 0.0, 0.0, 0.0, 0.0, 0.0, 0.0, 0.0, 0.0, 0.0, 0.0, 0.0, 0.0], "FOD s proportion": [0.0, 0.0, 0.0, 0.0, 0.0, 0.0, 0.0, 0.0, 0.0, 0.0, 0.0, 0.0, 0.0, 0.0, 0.0, 0.0, 0.0, 0.0, 0.0, 0.0, 0.0, 0.0, 0.0, 0.0, 0.0], "FOD p proportion": [0.0, 0.0, 0.0, 0.0, 0.0, 0.0, 0.0, 0.0, 0.0, 0.0, 0.0, 0.0, 0.0, 0.0, 0.0, 0.0, 0.0, 0.0, 0.0, 0.0, 0.0, 0.0, 0.0, 0.0, 0.0], "FOD d proportion": [0.0, 0.0, 0.0, 0.0, 0.0, 0.0, 0.0, 0.0, 0.0, 0.0, 0.0, 0.0, 0.0, 0.0, 0.0, 0.0, 0.0, 0.0, 0.0, 0.0, 0.0, 0.0, 0.0, 0.0, 0.0], "coordinates": [["-4.27660", "-0.36060", "-1.12740"], ["-2.79440", "-0.35750", "-0.78760"], ["-2.56580", "0.50040", "0.36000"], ["-1.25540", "0.55060", "0.81610"], ["-1.11350", "0.72560", "2.11560"], ["0.15160", "0.78900", "2.50080"], ["0.41140", "1.00080", "4.17770"], ["1.24010", "0.68000", "1.75700"], ["0.98250", "0.50840", "0.47410"], ["2.01940", "0.40050", "-0.44320"], ["3.22770", "-0.23160", "0.05360"], ["4.24090", "-0.33870", "-1.07520"], ["-0.24110", "0.42440", "-0.03460"], ["-4.46730", "-0.99780", "-1.99650"], ["-4.87150", "-0.73820", "-0.28890"], ["-4.62830", "0.65040", "-1.35910"], ["-2.47360", "-1.38390", "-0.57230"], ["-2.23710", "0.00270", "-1.66060"], ["-3.15450", "0.32480", "1.16770"], ["1.62440", "-0.00040", "-1.28730"], ["3.67040", "0.35790", "0.86530"], ["3.00880", "-1.23600", "0.43560"], ["4.49070", "0.65050", "-1.47350"], ["3.84820", "-0.94250", "-1.90020"], ["5.16280", "-0.80720", "-0.71710"]], "bond_dist": [[0.0, 1.5206546254820654, 2.4249776081440424, 3.706093243565251, 4.658549243058402, 5.8390385030414045, 7.209357805657866, 6.31162345280515, 5.565796983361862, 6.378637695464448, 7.597757596159542, 8.51768810769683, 4.2539037471480246, 1.0944062956690261, 1.0952488393054793, 1.0952163165329487, 2.146179838690132, 2.1391235074207384, 2.645064381069013, 5.914145166463197, 8.224469863766297, 7.502422763347851, 8.832194388146132, 8.182188123601168, 9.458861982818016], [1.5206546254820654, 0.0, 1.4509431863446618, 2.4010456680371575, 3.5252093072610595, 4.561463888928641, 6.064349645262879, 4.881453232388895, 4.075124944096807, 4.885268242379327, 6.081871147928079, 7.0412011255182865, 2.774476076667449, 2.1610223760988685, 2.16978768316165, 2.1692542197723164, 1.0967058356733588, 1.0965656979862175, 2.10199985490009, 4.4612794061793535, 6.710999523915942, 5.995424149299197, 7.3864202980875655, 6.760490996961685, 7.970209042427934], [2.4249776081440424, 1.4509431863446618, 0.0, 1.3884147111003973, 2.289546175555322, 3.4713941522103196, 4.867129882179024, 4.058169534408339, 3.5501430534557334, 4.656089484750052, 5.8475932835654705, 7.006786191971323, 2.3591768161797453, 3.378372054703271, 2.6965633053944793, 2.6891840881575964, 2.1043456512654948, 2.1067921919354076, 1.0147819174581305, 4.5301406126079575, 6.2582605235001205, 5.8392606963553195, 7.292355210081308, 6.9519680990349775, 7.9120932837018545], [3.706093243565251, 2.4010456680371575, 1.3884147111003973, 0.0, 1.3188862195049278, 2.2078717467280566, 3.779055019445999, 2.6701231095213567, 2.264274994341456, 3.5117917848300744, 4.614263614055877, 5.880236718874505, 1.3298200705358603, 4.541427411068022, 3.994772790785479, 4.014711632234625, 2.67468802853716, 2.719921357318994, 1.9445279658570096, 3.608481758302237, 4.929813340279731, 4.6389784920820665, 6.186268130302793, 5.97112772095858, 6.737033050238064], [4.658549243058402, 3.5252093072610595, 2.289546175555322, 1.3188862195049278, 0.0, 1.323962465480045, 2.579401376288692, 2.3811984965558834, 2.671125996653846, 4.058104219952957, 4.900417663832339, 6.323253789782599, 2.3399066733525937, 5.579197828541304, 4.695412089476279, 4.942976246149682, 3.677590062799278, 4.005589570837232, 2.285790027539713, 4.427516326339181, 4.958240876560961, 4.864527916458082, 6.655399045887482, 6.597550616706173, 7.054474241217414], [5.8390385030414045, 4.561463888928641, 3.4713941522103196, 2.2078717467280566, 1.323962465480045, 0.0, 1.7100727733052765, 1.3228573959425862, 2.208312491473976, 3.5080970753387084, 4.0611332667126305, 5.548140028874541, 2.5914088079652737, 6.689738316257221, 5.945275396480806, 6.1453626402353185, 4.588803009500408, 4.8622428302173475, 3.5948483222522754, 4.140289097394046, 3.904185049405317, 4.065620233125568, 5.885748172492602, 6.002644817911517, 6.1656192138340815], [7.209357805657866, 6.064349645262879, 4.867129882179024, 3.779055019445999, 2.579401376288692, 1.7100727733052765, 0.0, 2.5786517446138397, 3.7795854177409454, 4.929375305249135, 5.143788123552524, 6.63718983531434, 4.301332874819153, 8.118919958344213, 7.133278977440879, 7.495165808039205, 6.047521731254879, 6.488181775351243, 4.715158407731388, 5.686826482318588, 4.691097437700479, 5.0747486055961435, 6.978499840223541, 7.247680838723515, 7.057175993270963], [6.31162345280515, 4.881453232388895, 4.058169534408339, 2.6701231095213567, 2.3811984965558834, 1.3228573959425862, 2.5786517446138397, 0.0, 1.3197108509063642, 2.350810239045253, 2.771847737520948, 4.250165546187583, 2.3386139826829053, 7.034073489095774, 6.599140293250326, 6.644476949316628, 4.845295593666087, 4.922361718728115, 4.448140138304997, 3.1429911135731836, 2.6086846091469162, 2.923260790624059, 4.5829467441810845, 4.775961023710306, 4.870370616287841], [5.565796983361862, 4.075124944096807, 3.5501430534557334, 2.264274994341456, 2.671125996653846, 2.208312491473976, 3.7795854177409454, 1.3197108509063642, 0.0, 1.3886120084458438, 2.4011129273734713, 3.70608681225899, 1.3277908909161864, 6.170317888083239, 6.0336967573785145, 5.904393523470468, 4.076809961231943, 3.8959595403443292, 4.198756830301083, 1.9425352017402413, 2.720384917617358, 2.674005478678007, 4.015072279548651, 3.9943269508141164, 4.541439076988703], [6.378637695464448, 4.885268242379327, 4.656089484750052, 3.5117917848300744, 4.058104219952957, 3.5080970753387084, 4.929375305249135, 2.350810239045253, 1.3886120084458438, 0.0, 1.451326820533542, 2.4250572962303383, 2.2972560632197707, 6.815075984169216, 6.986053892577697, 6.715149894827367, 4.836093378957854, 4.445008419564579, 5.41940684115891, 1.0145198963056368, 2.107080446969218, 2.104598310842238, 2.6891154270503157, 2.6964805654778967, 3.378538746262946], [7.597757596159542, 6.081871147928079, 5.8475932835654705, 4.614263614055877, 4.900417663832339, 4.0611332667126305, 5.143788123552524, 2.771847737520948, 2.4011129273734713, 1.451326820533542, 0.0, 1.5206031993916098, 3.531386226398919, 8.00018733843152, 8.122252794022112, 8.03059034504936, 5.850159637992795, 5.732138969878522, 6.5025592354087784, 2.1028640326944585, 1.0965174098025074, 1.0966588211472152, 2.169171228833722, 2.1697312045504624, 2.1609964969892936], [8.51768810769683, 7.0412011255182865, 7.006786191971323, 5.880236718874505, 6.323253789782599, 5.548140028874541, 6.63718983531434, 4.250165546187583, 3.70608681225899, 2.4250572962303383, 1.5206031993916098, 0.0, 4.664064104405084, 8.781568979402255, 9.154982342964951, 8.928696806365418, 6.8139461180728444, 6.513350222427779, 7.756466580860128, 2.646791557716625, 2.13921996531446, 2.1460974674976905, 1.0952440686897147, 1.0951770313515528, 1.0943616723917189], [4.2539037471480246, 2.774476076667449, 2.3591768161797453, 1.3298200705358603, 2.3399066733525937, 2.5914088079652737, 4.301332874819153, 2.3386139826829053, 1.3277908909161864, 2.2972560632197707, 3.531386226398919, 4.664064104405084, 0.0, 4.8715983916985595, 4.7808902319547135, 4.588343937631528, 2.9228627114525927, 2.608778045369134, 3.1533069958378617, 2.286876161929194, 4.014233987948385, 3.679655718949804, 4.950907559225885, 4.698005263939153, 5.584333444557193], [1.0944062956690261, 2.1610223760988685, 3.378372054703271, 4.541427411068022, 5.579197828541304, 6.689738316257221, 8.118919958344213, 7.034073489095774, 6.170317888083239, 6.815075984169216, 8.00018733843152, 8.781568979402255, 4.8715983916985595, 0.0, 1.7738848778880778, 1.7744754154397295, 2.4803746773421147, 2.4673104993089137, 3.6721759543899855, 6.213419371811305, 8.732123626014463, 7.865362093381334, 9.12338675547628, 8.31624146053973, 9.716584725612183], [1.0952488393054793, 2.16978768316165, 2.6965633053944793, 3.994772790785479, 4.695412089476279, 5.945275396480806, 7.133278977440879, 6.599140293250326, 6.0336967573785145, 6.986053892577697, 8.122252794022112, 9.154982342964951, 4.7808902319547135, 1.7738848778880778, 0.0, 1.7699390497980432, 2.4994336278445166, 3.0611365634352223, 2.489928023056088, 6.613461136953933, 8.688939432404855, 7.929176071950982, 9.538477535225422, 8.869678363390635, 10.04366928617226], [1.0952163165329487, 2.1692542197723164, 2.6891840881575964, 4.014711632234625, 4.942976246149682, 6.1453626402353185, 7.495165808039205, 6.644476949316628, 5.904393523470468, 6.715149894827367, 8.03059034504936, 8.928696806365418, 4.588343937631528, 1.7744754154397295, 1.7699390497980432, 0.0, 3.0659684962504103, 2.49564720663799, 2.943266899212506, 6.2868873991825245, 8.596623366182794, 8.068751418899952, 9.119717559771244, 8.641826882667807, 9.919798433940077], [2.146179838690132, 1.0967058356733588, 2.1043456512654948, 2.67468802853716, 3.677590062799278, 4.588803009500408, 6.047521731254879, 4.845295593666087, 4.076809961231943, 4.836093378957854, 5.850159637992795, 6.8139461180728444, 2.9228627114525927, 2.4803746773421147, 2.4994336278445166, 3.0659684962504103, 0.0, 1.7784793223425455, 2.531971662558647, 4.383936729698548, 6.545937442414188, 5.57623946580489, 7.311116145295463, 6.474821048492382, 7.659514011345629], [2.1391235074207384, 1.0965656979862175, 2.1067921919354076, 2.719921357318994, 4.005589570837232, 4.8622428302173475, 6.488181775351243, 4.922361718728115, 3.8959595403443292, 4.445008419564579, 5.732138969878522, 6.513350222427779, 2.608778045369134, 2.4673104993089137, 3.0611365634352223, 2.49564720663799, 1.7784793223425455, 0.0, 2.9907611171740216, 3.87950315762212, 6.434663479934285, 5.783415853974189, 6.761504572948243, 6.162928467052007, 7.503642466829026], [2.645064381069013, 2.10199985490009, 1.0147819174581305, 1.9445279658570096, 2.285790027539713, 3.5948483222522754, 4.715158407731388, 4.448140138304997, 4.198756830301083, 5.41940684115891, 6.5025592354087784, 7.756466580860128, 3.1533069958378617, 3.6721759543899855, 2.489928023056088, 2.943266899212506, 2.531971662558647, 2.9907611171740216, 0.0, 5.382440454849455, 6.831676322836145, 6.39986983773889, 8.095128224432273, 7.74957205205552, 8.602986361142275], [5.914145166463197, 4.4612794061793535, 4.5301406126079575, 3.608481758302237, 4.427516326339181, 4.140289097394046, 5.686826482318588, 3.1429911135731836, 1.9425352017402413, 1.0145198963056368, 2.1028640326944585, 2.646791557716625, 2.286876161929194, 6.213419371811305, 6.613461136953933, 6.2868873991825245, 4.383936729698548, 3.87950315762212, 5.382440454849455, 0.0, 2.9913511412069296, 2.532124627659547, 2.9451684060508323, 2.491683218228192, 3.6737349986083645], [8.224469863766297, 6.710999523915942, 6.2582605235001205, 4.929813340279731, 4.958240876560961, 3.904185049405317, 4.691097437700479, 2.6086846091469162, 2.720384917617358, 2.107080446969218, 1.0965174098025074, 2.13921996531446, 4.014233987948385, 8.732123626014463, 8.688939432404855, 8.596623366182794, 6.545937442414188, 6.434663479934285, 6.831676322836145, 2.9913511412069296, 0.0, 1.7784470360401516, 2.4956947509661513, 3.061150641507209, 2.4675302490547097], [7.502422763347851, 5.995424149299197, 5.8392606963553195, 4.6389784920820665, 4.864527916458082, 4.065620233125568, 5.0747486055961435, 2.923260790624059, 2.674005478678007, 2.104598310842238, 1.0966588211472152, 2.1460974674976905, 3.679655718949804, 7.865362093381334, 7.929176071950982, 8.068751418899952, 5.57623946580489, 5.783415853974189, 6.39986983773889, 2.532124627659547, 1.7784470360401516, 0.0, 3.06587225272026, 2.4993391626588015, 2.4803835852545064], [8.832194388146132, 7.3864202980875655, 7.292355210081308, 6.186268130302793, 6.655399045887482, 5.885748172492602, 6.978499840223541, 4.5829467441810845, 4.015072279548651, 2.6891154270503157, 2.169171228833722, 1.0952440686897147, 4.950907559225885, 9.12338675547628, 9.538477535225422, 9.119717559771244, 7.311116145295463, 6.761504572948243, 8.095128224432273, 2.9451684060508323, 2.4956947509661513, 3.06587225272026, 0.0, 1.7698949516849865, 1.7744713748043386], [8.182188123601168, 6.760490996961685, 6.9519680990349775, 5.97112772095858, 6.597550616706173, 6.002644817911517, 7.247680838723515, 4.775961023710306, 3.9943269508141164, 2.6964805654778967, 2.1697312045504624, 1.0951770313515528, 4.698005263939153, 8.31624146053973, 8.869678363390635, 8.641826882667807, 6.474821048492382, 6.162928467052007, 7.74957205205552, 2.491683218228192, 3.061150641507209, 2.4993391626588015, 1.7698949516849865, 0.0, 1.7737544531304212], [9.458861982818016, 7.970209042427934, 7.9120932837018545, 6.737033050238064, 7.054474241217414, 6.1656192138340815, 7.057175993270963, 4.870370616287841, 4.541439076988703, 3.378538746262946, 2.1609964969892936, 1.0943616723917189, 5.584333444557193, 9.716584725612183, 10.04366928617226, 9.919798433940077, 7.659514011345629, 7.503642466829026, 8.602986361142275, 3.6737349986083645, 2.4675302490547097, 2.4803835852545064, 1.7744713748043386, 1.7737544531304212, 0.0]]}