{"total energy": -22.09706381, "HOMO-LUMO gap/eV": 5.22742917, "electronic energy": -22.44203979, "dipole": [-0.16483904, -0.0809329, -0.07807065], "partial charges": [-0.09990309, -0.05162629, -0.05797921, -0.05732823, -0.05630912, -0.03051543, -0.09699549, 0.03137311, 0.03217573, 0.03220313, 0.02868095, 0.02866464, 0.02902173, 0.02901729, 0.03258862, 0.03258825, 0.04026592, 0.04025637, 0.02714849, 0.03098153, 0.03569108], "atomic dipole moments": [[0.09543767, 0.01893772, 0.02677761], [-0.02924449, -0.08705597, -0.06162133], [0.02965125, 0.0861144, 0.06102862], [-0.03171862, -0.08995984, -0.06386054], [0.00210694, 0.07527236, 0.0497744], [-0.12637572, -0.07065385, -0.06546561], [0.03606923, 0.05416847, 0.0410331], [-0.07584215, 0.0875988, 0.04614666], [-0.03893712, -0.11136553, 0.04410623], [-0.01344736, -0.00010186, -0.12520036], [0.0291151, 0.1131077, -0.04032639], [0.00449394, 0.00555007, 0.123368], [-0.03285112, -0.11269538, 0.04000353], [-0.00825138, -0.00518972, -0.12364334], [0.00647405, 0.00521064, 0.12518693], [0.03146898, 0.1143319, -0.04093625], [-0.01115243, -0.0040432, -0.12449667], [-0.03601908, -0.11263187, 0.04074032], [0.0954969, -0.09825383, -0.05017099], [0.14886299, -0.00388149, 0.01984682], [-0.08431409, 0.11232552, 0.06110397]], "atomic quadrupole moments": [[0.20056985, 0.0565218, -0.10204932, 0.08669679, 0.02599771, -0.09852053], [0.2133123, -0.07250628, -0.05247893, 0.01993816, 0.10954664, -0.16083337], [0.2085018, -0.07858755, -0.04576577, 0.01613894, 0.11722121, -0.16273603], [0.19424191, -0.07040782, -0.03605019, 0.01964589, 0.12593499, -0.15819172], [0.1456878, -0.08902732, -0.0125367, -0.00526976, 0.1149725, -0.13315111], [-0.11738139, 0.04212141, -0.13523285, -0.07421787, -0.45019766, 0.25261423], [-0.26812278, 0.03075779, -0.04979445, -0.11377545, -0.43681638, 0.31791723], [0.00762382, -0.04724335, 0.02198658, -0.02164121, 0.04338847, -0.02961039], [-0.02794724, 0.02483174, 0.05533465, 0.00032888, -0.04603747, -0.02738741], [-0.03022691, 0.00780121, -0.05039363, -0.00029, -0.00106495, 0.08062053], [-0.01168482, 0.01626857, 0.03270232, -0.01231526, -0.036249, -0.0210175], [-0.01843889, -0.00652595, -0.03734696, 0.00436546, -0.00816931, 0.05578585], [-0.01648908, 0.0151796, 0.03436712, -0.01116869, -0.0363322, -0.01787804], [-0.02204126, -0.00487289, -0.03483112, 0.00163, -0.00823353, 0.05687238], [-0.01990897, -0.0033084, -0.03512627, 0.00356009, -0.00837163, 0.05503524], [-0.01421198, 0.01684206, 0.03211982, -0.0098896, -0.0355692, -0.01790784], [-0.02385129, -0.01989886, -0.03861794, 0.00568883, -0.00383424, 0.06246923], [-0.01267993, 0.01371703, 0.04215437, -0.02447976, -0.03510318, -0.02947443], [0.02747098, 0.00261313, 0.00833266, 0.01702702, 0.05469423, -0.03580363], [0.04320124, -0.00043327, -0.00463025, 0.01655569, 0.04200707, -0.03857099], [0.029172, -0.01964777, 0.00578347, 0.00091966, 0.04206742, -0.03495547]], "number of molecular orbitals": 42, "number of electrons": 42, "number of unpaired electrons": 0, "orbital energies/eV": [-16.95560264, -16.75571114, -16.38094514, -15.90794077, -15.36587374, -15.09930946, -14.4438977, -14.13834586, -13.81474107, -13.5091385, -13.31046163, -13.07974095, -12.66351967, -12.60952875, -12.06349409, -11.9229795, -11.79045407, -11.71059226, -11.4377122, -11.3251986, -10.65238394, -5.42495476, 1.44938393, 2.95812381, 2.99185342, 3.04160374, 3.63106881, 3.77767239, 4.18115472, 4.33553699, 4.48269399, 4.74297369, 5.14417071, 5.87587513, 6.11340152, 6.29409049, 6.7463032, 7.24648177, 7.43700892, 8.34474369, 11.12845409, 15.68018827], "fractional occupation": [2.0, 2.0, 2.0, 2.0, 2.0, 2.0, 2.0, 2.0, 2.0, 2.0, 2.0, 2.0, 2.0, 2.0, 2.0, 2.0, 2.0, 2.0, 2.0, 2.0, 2.0, 0.0, 0.0, 0.0, 0.0, 0.0, 0.0, 0.0, 0.0, 0.0, 0.0, 0.0, 0.0, 0.0, 0.0, 0.0, 0.0, 0.0, 0.0, 0.0, 0.0, 0.0], "program call": "xtb /home/svss/Project-DBcg-Debug/aqme2_20220329/End-to-End-workflows-final/example-3/QDESCP/mol_570_rdkit_conf_3/mol_570_rdkit_conf_3.xyz --pop --wbo --acc 0.2 --gfn 2 --chrg 0 --uhf 0 --etemp 300 --input /home/svss/Project-DBcg-Debug/aqme2_20220329/End-to-End-workflows-final/example-3/QDESCP/mol_570_rdkit_conf_3/mol_570_rdkit_conf_3_xtb.inp", "method": "GFN2-xTB", "xtb version": "6.3.3 (7355c4f)", "Dipole module/D": 0.507, "Total charge": 0, "Transition dipole module/D": NaN, "HOMO": -10.6524, "LUMO": -5.425, "HOMO occupancy": 2.0, "LUMO occupancy": 0, "mulliken charges": [-0.08346, -0.03824, -0.04695, -0.04553, -0.04346, -0.02168, -0.09096, 0.02834, 0.0267, 0.02672, 0.0224, 0.02239, 0.02247, 0.02247, 0.02507, 0.02506, 0.03224, 0.03223, 0.02497, 0.03055, 0.02868], "cm5 charges": [-0.23378, -0.15076, -0.15766, -0.15557, -0.1494, -0.08585, -0.19311, 0.07912, 0.07798, 0.07801, 0.07711, 0.07709, 0.07779, 0.07779, 0.08065, 0.08065, 0.08745, 0.08744, 0.08008, 0.08277, 0.08219], "FUKUI+": [0.009, 0.004, 0.007, 0.015, 0.033, -0.166, -0.127, -0.019, -0.011, -0.011, -0.01, -0.01, -0.018, -0.018, -0.019, -0.019, -0.091, -0.091, -0.144, -0.155, -0.16], "FUKUI-": [0.02, 0.009, 0.016, 0.017, 0.013, -0.045, -0.058, -0.049, -0.069, -0.069, -0.083, -0.083, -0.062, -0.062, -0.052, -0.052, -0.087, -0.087, -0.07, -0.081, -0.064], "FUKUIrad": [0.014, 0.006, 0.011, 0.016, 0.023, -0.105, -0.093, -0.034, -0.04, -0.04, -0.046, -0.046, -0.04, -0.04, -0.036, -0.036, -0.089, -0.089, -0.107, -0.118, -0.112], "s proportion": [1.007, 1.027, 1.033, 1.031, 1.029, 1.072, 1.045, 0.972, 0.973, 0.973, 0.978, 0.978, 0.978, 0.978, 0.975, 0.975, 0.968, 0.968, 0.975, 0.969, 0.971], "p proportion": [3.076, 3.011, 3.014, 3.014, 3.015, 2.95, 3.046, 0.0, 0.0, 0.0, 0.0, 0.0, 0.0, 0.0, 0.0, 0.0, 0.0, 0.0, 0.0, 0.0, 0.0], "d proportion": [0.0, 0.0, 0.0, 0.0, 0.0, 0.0, 0.0, 0.0, 0.0, 0.0, 0.0, 0.0, 0.0, 0.0, 0.0, 0.0, 0.0, 0.0, 0.0, 0.0, 0.0], "Fermi-level/eV": -8.0387, "Coordination numbers": [3.75, 3.8, 3.802, 3.8, 3.802, 2.883, 2.832, 0.924, 0.924, 0.924, 0.924, 0.924, 0.924, 0.924, 0.924, 0.924, 0.924, 0.924, 0.925, 0.925, 0.925], "Dispersion coefficient C6": [22.471, 21.501, 21.616, 21.606, 21.585, 28.759, 30.43, 2.567, 2.556, 2.555, 2.605, 2.606, 2.601, 2.601, 2.55, 2.55, 2.445, 2.446, 2.627, 2.572, 2.507], "Total dispersion C6": 3191.626297, "Total dispersion C8": 68296.180034, "Polarizability alpha": [6.761, 6.602, 6.619, 6.618, 6.615, 8.792, 9.04, 2.506, 2.5, 2.5, 2.524, 2.524, 2.522, 2.522, 2.497, 2.497, 2.446, 2.446, 2.535, 2.508, 2.476], "Total polarizability alpha": 86.048667, "Wiberg matrix": [[0.0, 1.0200628314294629, 0.0, 0.0, 0.0, 0.0, 0.0, 0.9873778130019351, 0.9877175191487277, 0.9877183479606331, 0.0, 0.0, 0.0, 0.0, 0.0, 0.0, 0.0, 0.0, 0.0, 0.0, 0.0], [1.0200628314294629, 0.0, 1.0078049112340484, 0.0, 0.0, 0.0, 0.0, 0.0, 0.0, 0.0, 0.9780629162063899, 0.9780623851485994, 0.0, 0.0, 0.0, 0.0, 0.0, 0.0, 0.0, 0.0, 0.0], [0.0, 1.0078049112340484, 0.0, 1.0067750466807492, 0.0, 0.0, 0.0, 0.0, 0.0, 0.0, 0.0, 0.0, 0.9772258813106481, 0.9772240039538489, 0.0, 0.0, 0.0, 0.0, 0.0, 0.0, 0.0], [0.0, 0.0, 1.0067750466807492, 0.0, 1.0067098846277118, 0.0, 0.0, 0.0, 0.0, 0.0, 0.0, 0.0, 0.0, 0.0, 0.9770103837596185, 0.9770116975088509, 0.0, 0.0, 0.0, 0.0, 0.0], [0.0, 0.0, 0.0, 1.0067098846277118, 0.0, 1.0269144046615617, 0.0, 0.0, 0.0, 0.0, 0.0, 0.0, 0.0, 0.0, 0.0, 0.0, 0.9593189134049367, 0.959317110410224, 0.0, 0.0, 0.0], [0.0, 0.0, 0.0, 0.0, 1.0269144046615617, 0.0, 1.9720926168508794, 0.0, 0.0, 0.0, 0.0, 0.0, 0.0, 0.0, 0.0, 0.0, 0.0, 0.0, 0.9676102386720272, 0.0, 0.0], [0.0, 0.0, 0.0, 0.0, 0.0, 1.9720926168508794, 0.0, 0.0, 0.0, 0.0, 0.0, 0.0, 0.0, 0.0, 0.0, 0.0, 0.0, 0.0, 0.0, 0.978178964910041, 0.9759160135220126], [0.9873778130019351, 0.0, 0.0, 0.0, 0.0, 0.0, 0.0, 0.0, 0.0, 0.0, 0.0, 0.0, 0.0, 0.0, 0.0, 0.0, 0.0, 0.0, 0.0, 0.0, 0.0], [0.9877175191487277, 0.0, 0.0, 0.0, 0.0, 0.0, 0.0, 0.0, 0.0, 0.0, 0.0, 0.0, 0.0, 0.0, 0.0, 0.0, 0.0, 0.0, 0.0, 0.0, 0.0], [0.9877183479606331, 0.0, 0.0, 0.0, 0.0, 0.0, 0.0, 0.0, 0.0, 0.0, 0.0, 0.0, 0.0, 0.0, 0.0, 0.0, 0.0, 0.0, 0.0, 0.0, 0.0], [0.0, 0.9780629162063899, 0.0, 0.0, 0.0, 0.0, 0.0, 0.0, 0.0, 0.0, 0.0, 0.0, 0.0, 0.0, 0.0, 0.0, 0.0, 0.0, 0.0, 0.0, 0.0], [0.0, 0.9780623851485994, 0.0, 0.0, 0.0, 0.0, 0.0, 0.0, 0.0, 0.0, 0.0, 0.0, 0.0, 0.0, 0.0, 0.0, 0.0, 0.0, 0.0, 0.0, 0.0], [0.0, 0.0, 0.9772258813106481, 0.0, 0.0, 0.0, 0.0, 0.0, 0.0, 0.0, 0.0, 0.0, 0.0, 0.0, 0.0, 0.0, 0.0, 0.0, 0.0, 0.0, 0.0], [0.0, 0.0, 0.9772240039538489, 0.0, 0.0, 0.0, 0.0, 0.0, 0.0, 0.0, 0.0, 0.0, 0.0, 0.0, 0.0, 0.0, 0.0, 0.0, 0.0, 0.0, 0.0], [0.0, 0.0, 0.0, 0.9770103837596185, 0.0, 0.0, 0.0, 0.0, 0.0, 0.0, 0.0, 0.0, 0.0, 0.0, 0.0, 0.0, 0.0, 0.0, 0.0, 0.0, 0.0], [0.0, 0.0, 0.0, 0.9770116975088509, 0.0, 0.0, 0.0, 0.0, 0.0, 0.0, 0.0, 0.0, 0.0, 0.0, 0.0, 0.0, 0.0, 0.0, 0.0, 0.0, 0.0], [0.0, 0.0, 0.0, 0.0, 0.9593189134049367, 0.0, 0.0, 0.0, 0.0, 0.0, 0.0, 0.0, 0.0, 0.0, 0.0, 0.0, 0.0, 0.0, 0.0, 0.0, 0.0], [0.0, 0.0, 0.0, 0.0, 0.959317110410224, 0.0, 0.0, 0.0, 0.0, 0.0, 0.0, 0.0, 0.0, 0.0, 0.0, 0.0, 0.0, 0.0, 0.0, 0.0, 0.0], [0.0, 0.0, 0.0, 0.0, 0.0, 0.9676102386720272, 0.0, 0.0, 0.0, 0.0, 0.0, 0.0, 0.0, 0.0, 0.0, 0.0, 0.0, 0.0, 0.0, 0.0, 0.0], [0.0, 0.0, 0.0, 0.0, 0.0, 0.0, 0.978178964910041, 0.0, 0.0, 0.0, 0.0, 0.0, 0.0, 0.0, 0.0, 0.0, 0.0, 0.0, 0.0, 0.0, 0.0], [0.0, 0.0, 0.0, 0.0, 0.0, 0.0, 0.9759160135220126, 0.0, 0.0, 0.0, 0.0, 0.0, 0.0, 0.0, 0.0, 0.0, 0.0, 0.0, 0.0, 0.0, 0.0]], "Born radii": [], "Atomic SASAs": [], "Solvent H bonds": [], "Total SASA": NaN, "Total FOD": 0.0, "FOD": [0.0, 0.0, 0.0, 0.0, 0.0, 0.0, 0.0, 0.0, 0.0, 0.0, 0.0, 0.0, 0.0, 0.0, 0.0, 0.0, 0.0, 0.0, 0.0, 0.0, 0.0], "FOD s proportion": [0.0, 0.0, 0.0, 0.0, 0.0, 0.0, 0.0, 0.0, 0.0, 0.0, 0.0, 0.0, 0.0, 0.0, 0.0, 0.0, 0.0, 0.0, 0.0, 0.0, 0.0], "FOD p proportion": [0.0, 0.0, 0.0, 0.0, 0.0, 0.0, 0.0, 0.0, 0.0, 0.0, 0.0, 0.0, 0.0, 0.0, 0.0, 0.0, 0.0, 0.0, 0.0, 0.0, 0.0], "FOD d proportion": [0.0, 0.0, 0.0, 0.0, 0.0, 0.0, 0.0, 0.0, 0.0, 0.0, 0.0, 0.0, 0.0, 0.0, 0.0, 0.0, 0.0, 0.0, 0.0, 0.0, 0.0], "coordinates": [["-3.35430", "0.52820", "-0.15780"], ["-1.92070", "0.82460", "0.25270"], ["-0.95350", "-0.22610", "-0.29210"], ["0.48870", "0.07600", "0.12350"], ["1.45610", "-0.97900", "-0.42410"], ["2.91190", "-0.79690", "-0.08540"], ["3.46450", "0.18290", "0.64160"], ["-4.02870", "1.29170", "0.24240"], ["-3.67840", "-0.44530", "0.22400"], ["-3.45690", "0.52170", "-1.24760"], ["-1.63900", "1.81750", "-0.11670"], ["-1.85920", "0.85590", "1.34680"], ["-1.24230", "-1.21770", "0.07720"], ["-1.02210", "-0.25610", "-1.38640"], ["0.55050", "0.10540", "1.21840"], ["0.77120", "1.06880", "-0.24800"], ["1.37000", "-1.00830", "-1.51750"], ["1.15040", "-1.96720", "-0.05820"], ["3.57380", "-1.56270", "-0.48890"], ["4.53650", "0.20160", "0.81520"], ["2.88170", "0.98520", "1.08100"]], "bond_dist": [[0.0, 1.5203855333434344, 2.520088415115628, 3.879724671932275, 5.048020967666438, 6.40518494736881, 6.8741767427089036, 1.0944896756022873, 1.0947667788163833, 1.094638319263491, 2.1462147585924387, 2.146283406263022, 2.750261043973826, 2.750225679830657, 4.161748348951435, 4.1617465864706364, 5.150594803515415, 5.15065659989093, 7.244312226153702, 7.957268450919575, 6.374258422750053], [1.5203855333434344, 0.0, 1.5284807391655284, 2.5263220222291536, 3.8876483174279026, 5.1085806854741955, 5.437223661024071, 2.1591555062107033, 2.1686352828449507, 2.168538434061061, 1.0962032931897259, 1.0962740305233907, 2.159170234140884, 2.1591765235848595, 2.748936989092329, 2.748937929455665, 4.1619510977425, 4.162026100350646, 6.036447804793809, 6.5115257113828555, 4.875953138618131], [2.520088415115628, 1.5284807391655284, 0.0, 1.530989421909897, 2.5279348429103154, 3.9127809407121172, 4.534071094502158, 3.470772555210151, 2.7819935046653144, 2.781941165804913, 2.1626318156357547, 2.1626395215106933, 1.0968402299332387, 1.0968584457440258, 2.157201543667165, 2.1571511096814704, 2.7408199959136317, 2.7409001495858987, 4.7245820016166515, 5.616862164945834, 4.249871802772408], [3.879724671932275, 2.5263220222291536, 1.530989421909897, 0.0, 1.5325643608018555, 2.5840843368589965, 3.022456097282473, 4.679633154425676, 4.2007828258552, 4.200752677794778, 2.7600046340540803, 2.759953135471688, 2.1615189982972622, 2.161620933466365, 1.0970367404968713, 1.0970279577111972, 2.155290509420946, 2.155348700326701, 3.5465777109771612, 4.1083949530199755, 2.73311175951515], [5.048020967666438, 3.8876483174279026, 2.5279348429103154, 1.5325643608018555, 0.0, 1.5057329577318816, 2.553311312785811, 5.973552693330829, 5.2026877236674505, 5.202674479534541, 4.182648804286585, 4.182601930616873, 2.7549304782516746, 2.755010152431385, 2.1665273988574434, 2.166468107311991, 1.0971760387467455, 1.097212167267571, 2.1976255413513925, 3.5239956030052024, 2.8558261519217165], [6.40518494736881, 5.1085806854741955, 3.9127809407121172, 2.5840843368589965, 1.5057329577318816, 0.0, 1.3393669400130794, 7.2554552689683085, 6.606920993170722, 6.606892479827412, 5.248500534438384, 5.248460716248147, 4.178622864054616, 4.178686592698716, 2.8443364234914266, 2.8442699836689207, 2.1149600421757384, 2.1149998061465634, 1.0896666921586615, 2.108887804033207, 2.1300895309822074], [6.8741767427089036, 5.437223661024071, 4.534071094502158, 3.022456097282473, 2.553311312785811, 1.3393669400130794, 0.0, 7.585304497513597, 7.182621068245212, 7.1825928493824565, 5.412268313747943, 5.412210059670634, 4.943095584752535, 4.943185669181363, 2.971548500361386, 2.971543683003836, 3.2353671352722864, 3.2353838813964564, 2.082569590673983, 1.0861264429153727, 1.0846259677879746], [1.0944896756022873, 2.1591555062107033, 3.470772555210151, 4.679633154425676, 5.973552693330829, 7.2554552689683085, 7.585304497513597, 0.0, 1.7720659271031651, 1.771991884857264, 2.473071883306265, 2.473125805534364, 3.753452325526461, 3.753440800119272, 4.83000583125942, 4.830032772145548, 6.126435317539882, 6.126488911276996, 8.153551698493116, 8.653269260227606, 6.967841873205791], [1.0947667788163833, 2.1686352828449507, 2.7819935046653144, 4.2007828258552, 5.2026877236674505, 6.606920993170722, 7.182621068245212, 1.7720659271031651, 0.0, 1.7747557043153854, 3.065206794002649, 2.5026565725244843, 2.5598310901307526, 3.1120916583545544, 4.379006401000116, 4.723793281886921, 5.369928659675098, 5.0708111668647255, 7.372327584284355, 8.261511911266606, 6.768728924990275], [1.094638319263491, 2.168538434061061, 2.781941165804913, 4.200752677794778, 5.202674479534541, 6.606892479827412, 7.1825928493824565, 1.771991884857264, 1.7747557043153854, 0.0, 2.502557264080085, 3.065166600692367, 3.112082993751934, 2.55978306112061, 4.723739667890262, 4.378966565298256, 5.070770120997402, 5.36996358088209, 7.372319278219032, 8.26147997697749, 6.768682306771385], [2.1462147585924387, 1.0962032931897259, 2.1626318156357547, 2.7600046340540803, 4.182648804286585, 5.248500534438384, 5.412268313747943, 2.473071883306265, 3.065206794002649, 2.502557264080085, 0.0, 1.7649348004954744, 3.0671496768172233, 2.5084897169412512, 3.083454016196771, 2.5272228671013566, 4.359067248850378, 4.701928189583503, 6.223951214461758, 6.451075156127079, 4.75015126811768], [2.146283406263022, 1.0962740305233907, 2.1626395215106933, 2.759953135471688, 4.182601930616873, 5.248460716248147, 5.412210059670634, 2.473125805534364, 2.5026565725244843, 3.065166600692367, 1.7649348004954744, 0.0, 2.508439102310439, 3.067191329213096, 2.5271309621782563, 3.083458708982496, 4.701828236973358, 4.359083707615627, 6.223898251899689, 6.451022053907427, 4.750105360936744], [2.750261043973826, 2.159170234140884, 1.0968402299332387, 2.1615189982972622, 2.7549304782516746, 4.178622864054616, 4.943095584752535, 3.753452325526461, 2.5598310901307526, 3.112082993751934, 3.0671496768172233, 2.508439102310439, 0.0, 1.765017722290629, 2.50341025203621, 3.063987522820548, 3.0677398422943236, 2.5109951612856607, 4.861513490673454, 5.996130913347373, 4.782024555562215], [2.750225679830657, 2.1591765235848595, 1.0968584457440258, 2.161620933466365, 2.755010152431385, 4.178686592698716, 4.943185669181363, 3.753440800119272, 3.1120916583545544, 2.55978306112061, 2.5084897169412512, 3.067191329213096, 1.765017722290629, 0.0, 3.064104445021416, 2.5034455176815813, 2.511002680205659, 3.067855065025074, 4.861584784820686, 5.996212622147417, 4.782106532690379], [4.161748348951435, 2.748936989092329, 2.157201543667165, 1.0970367404968713, 2.1665273988574434, 2.8443364234914266, 2.971548500361386, 4.83000583125942, 4.379006401000116, 4.723739667890262, 3.083454016196771, 2.5271309621782563, 2.50341025203621, 3.064104445021416, 0.0, 1.768382597177432, 3.06546191462233, 2.5070417487548946, 3.8519830983533665, 4.00749556206866, 2.495479961851026], [4.1617465864706364, 2.748937929455665, 2.1571511096814704, 1.0970279577111972, 2.166468107311991, 2.8442699836689207, 2.971543683003836, 4.830032772145548, 4.723793281886921, 4.378966565298256, 2.5272228671013566, 3.083458708982496, 3.063987522820548, 2.5034455176815813, 1.768382597177432, 0.0, 2.5068977043349814, 3.0654710372143463, 3.851933517079442, 4.007482273198473, 2.495483963082111], [5.150594803515415, 4.1619510977425, 2.7408199959136317, 2.155290509420946, 1.0971760387467455, 2.1149600421757384, 3.2353671352722864, 6.126435317539882, 5.369928659675098, 5.070770120997402, 4.359067248850378, 4.701828236973358, 3.0677398422943236, 2.511002680205659, 3.06546191462233, 2.5068977043349814, 0.0, 1.7599062077281278, 2.494416116048002, 4.114859602708214, 3.607143106393202], [5.15065659989093, 4.162026100350646, 2.7409001495858987, 2.155348700326701, 1.097212167267571, 2.1149998061465634, 3.2353838813964564, 6.126488911276996, 5.0708111668647255, 5.36996358088209, 4.701928189583503, 4.359083707615627, 2.5109951612856607, 3.067855065025074, 2.5070417487548946, 3.0654710372143463, 1.7599062077281278, 0.0, 2.4943917695502447, 4.11487475022023, 3.607193104063047], [7.244312226153702, 6.036447804793809, 4.7245820016166515, 3.5465777109771612, 2.1976255413513925, 1.0896666921586615, 2.082569590673983, 8.153551698493116, 7.372327584284355, 7.372319278219032, 6.223951214461758, 6.223898251899689, 4.861513490673454, 4.861584784820686, 3.8519830983533665, 3.851933517079442, 2.494416116048002, 2.4943917695502447, 0.0, 2.395876163327312, 3.071706826830972], [7.957268450919575, 6.5115257113828555, 5.616862164945834, 4.1083949530199755, 3.5239956030052024, 2.108887804033207, 1.0861264429153727, 8.653269260227606, 8.261511911266606, 8.26147997697749, 6.451075156127079, 6.451022053907427, 5.996130913347373, 5.996212622147417, 4.00749556206866, 4.007482273198473, 4.114859602708214, 4.11487475022023, 2.395876163327312, 0.0, 1.8501463833978113], [6.374258422750053, 4.875953138618131, 4.249871802772408, 2.73311175951515, 2.8558261519217165, 2.1300895309822074, 1.0846259677879746, 6.967841873205791, 6.768728924990275, 6.768682306771385, 4.75015126811768, 4.750105360936744, 4.782024555562215, 4.782106532690379, 2.495479961851026, 2.495483963082111, 3.607143106393202, 3.607193104063047, 3.071706826830972, 1.8501463833978113, 0.0]]}