{"total energy": -27.10242871, "HOMO-LUMO gap/eV": 4.73389712, "electronic energy": -27.39900457, "dipole": [-0.94343487, -0.29267828, -0.33394715], "partial charges": [-0.10753936, -0.00914334, -0.10622251, -0.06880835, 0.07721471, -0.24495124, 0.32478338, -0.3726135, 0.03372591, 0.0387241, 0.03621644, 0.04209905, 0.03564186, 0.03361109, 0.03811392, 0.04956452, 0.04705523, 0.05852189, 0.05275249, 0.04125373], "atomic dipole moments": [[0.09291274, 0.04689374, 0.02568922], [-0.02025745, -0.06171299, 0.08440426], [0.01958868, -0.07174242, -0.07510016], [0.06730409, 0.11551955, 0.01300862], [0.04571862, 0.10524955, -0.23405418], [0.09771857, -0.02339064, 0.20212937], [-0.15183482, -0.09749055, 0.0605156], [-0.09207689, 0.00696618, -0.14965164], [0.01602883, -0.08421433, -0.09207383], [-0.0848772, 0.08348087, -0.04330875], [-0.05475114, -0.0608533, 0.09685673], [0.03998162, 0.05946246, -0.10478084], [-0.03814923, -0.04885789, 0.11058046], [0.10192295, 0.07077015, 0.02274471], [-0.08920306, 0.08284067, -0.03513604], [0.01130212, -0.08434923, -0.09104966], [-0.04383773, -0.06576437, 0.09849692], [-0.00484507, 0.08024361, 0.10118466], [0.07463496, -0.09843142, 0.02654911], [0.0408005, 0.06311606, -0.12036999]], "atomic quadrupole moments": [[0.14168044, 0.12652139, -0.03623166, 0.0721603, 0.04849522, -0.10544879], [0.06172417, -0.05560743, 0.05749083, 0.09176457, 0.11978838, -0.119215], [-0.0880261, -0.0369297, 0.03168175, -0.02730124, 0.16863337, 0.05634435], [0.20477076, 0.01102636, -0.01745574, 0.13839035, -0.02954944, -0.18731502], [0.01040328, 0.25151606, -0.15262099, -0.15917466, -0.28028818, 0.14221772], [-0.01111172, 0.03164577, -0.02174024, -0.02593704, -0.04625568, 0.03285196], [0.04969327, -0.23069807, 0.36210121, -0.10128502, 0.30491285, -0.41179449], [-0.05243569, -0.13011576, 0.13662891, -0.03861937, 0.09428641, -0.08419322], [-0.02403344, -0.01336937, 0.00749661, -0.02249505, 0.06378141, 0.01653683], [0.007219, -0.04704075, 0.03246396, 0.02663235, -0.02874813, -0.03968297], [-0.02501695, 0.02356878, -0.02396878, -0.02729721, -0.04541305, 0.04898574], [-0.00713997, 0.0112776, -0.00396396, -0.01764286, -0.01119577, 0.01110393], [-0.04086381, 0.01828201, 0.00021745, -0.0320534, -0.0477059, 0.04064636], [0.05741851, 0.04759517, -0.0200804, 0.00693064, 0.01720414, -0.03733811], [0.01770366, -0.05482423, 0.00019004, 0.0389451, -0.01791245, -0.0178937], [-0.013875, -0.02124537, -0.00697394, 0.00442536, 0.04639167, 0.02084894], [-0.00630503, 0.0106999, -0.02959674, -0.02878841, -0.03758974, 0.03590177], [-0.02048746, 0.01067598, 0.01518977, -0.02097744, 0.02592641, 0.00529769], [0.010553, -0.02363419, 0.01556131, -0.00521918, -0.01966159, -0.02611431], [0.04052143, 0.04176622, -0.04569376, 0.03646974, -0.00836047, 0.00517233]], "number of molecular orbitals": 44, "number of electrons": 48, "number of unpaired electrons": 0, "orbital energies/eV": [-20.35957846, -19.65826671, -18.46785916, -17.26977819, -16.84595164, -16.58122588, -16.18891879, -16.02829009, -15.94209702, -15.46171304, -14.99214899, -14.40485848, -14.11379034, -13.95479821, -13.50029147, -13.40615021, -12.998805, -12.77195328, -12.55044627, -12.39330256, -11.96648264, -11.86261402, -11.76351609, -11.70718026, -6.97328314, 0.07026821, 1.34697288, 2.30168539, 2.41131231, 3.05748359, 3.19232241, 3.57549726, 3.96548599, 4.54794083, 4.82077162, 5.32148146, 5.54599293, 5.81251268, 5.96823594, 6.42097068, 6.89873792, 7.06562388, 7.79981919, 15.22071067], "fractional occupation": [2.0, 2.0, 2.0, 2.0, 2.0, 2.0, 2.0, 2.0, 2.0, 2.0, 2.0, 2.0, 2.0, 2.0, 2.0, 2.0, 2.0, 2.0, 2.0, 2.0, 2.0, 2.0, 2.0, 2.0, 0.0, 0.0, 0.0, 0.0, 0.0, 0.0, 0.0, 0.0, 0.0, 0.0, 0.0, 0.0, 0.0, 0.0, 0.0, 0.0, 0.0, 0.0, 0.0, 0.0], "program call": "xtb /home/svss/Project-DBcg-Debug/aqme2_20220329/End-to-End-workflows-final/example-3/QDESCP/mol_794_rdkit_conf_2/mol_794_rdkit_conf_2.xyz --pop --wbo --acc 0.2 --gfn 2 --chrg 0 --uhf 0 --etemp 300 --input /home/svss/Project-DBcg-Debug/aqme2_20220329/End-to-End-workflows-final/example-3/QDESCP/mol_794_rdkit_conf_2/mol_794_rdkit_conf_2_xtb.inp", "method": "GFN2-xTB", "xtb version": "6.3.3 (7355c4f)", "Dipole module/D": 2.65, "Total charge": 0, "Transition dipole module/D": NaN, "HOMO": -11.7072, "LUMO": -6.9733, "HOMO occupancy": 2.0, "LUMO occupancy": 0, "mulliken charges": [-0.09162, 0.00287, -0.09484, -0.06408, 0.19706, -0.41015, 0.56758, -0.51176, 0.03017, 0.03198, 0.02769, 0.03096, 0.02698, 0.03287, 0.03295, 0.03846, 0.03061, 0.04102, 0.04149, 0.03977], "cm5 charges": [-0.24008, -0.07043, -0.24304, -0.16921, 0.11617, -0.49929, 0.57984, -0.56466, 0.08157, 0.08335, 0.07953, 0.09183, 0.07896, 0.08551, 0.08443, 0.09588, 0.08621, 0.10692, 0.10625, 0.11025], "FUKUI+": [0.011, 0.003, 0.011, 0.01, 0.033, -0.152, -0.164, -0.322, -0.012, -0.021, -0.017, 0.004, -0.017, 0.015, -0.024, -0.026, -0.042, -0.045, -0.045, -0.2], "FUKUI-": [0.023, -0.012, 0.022, 0.004, 0.018, -0.049, -0.0, -0.14, -0.056, -0.076, -0.088, -0.114, -0.086, -0.049, -0.064, -0.057, -0.066, -0.044, -0.066, -0.099], "FUKUIrad": [0.017, -0.005, 0.016, 0.007, 0.026, -0.101, -0.082, -0.231, -0.034, -0.049, -0.052, -0.055, -0.051, -0.017, -0.044, -0.041, -0.054, -0.045, -0.055, -0.149], "s proportion": [1.014, 1.052, 1.013, 1.039, 0.997, 1.698, 0.974, 1.729, 0.97, 0.968, 0.972, 0.969, 0.973, 0.967, 0.967, 0.962, 0.969, 0.959, 0.959, 0.96], "p proportion": [3.078, 2.946, 3.082, 3.025, 2.805, 4.712, 2.458, 4.783, 0.0, 0.0, 0.0, 0.0, 0.0, 0.0, 0.0, 0.0, 0.0, 0.0, 0.0, 0.0], "d proportion": [0.0, 0.0, 0.0, 0.0, 0.0, 0.0, 0.0, 0.0, 0.0, 0.0, 0.0, 0.0, 0.0, 0.0, 0.0, 0.0, 0.0, 0.0, 0.0, 0.0], "Fermi-level/eV": -9.3402, "Coordination numbers": [3.753, 3.847, 3.752, 3.801, 3.706, 1.701, 2.667, 0.856, 0.924, 0.924, 0.924, 0.924, 0.924, 0.924, 0.924, 0.924, 0.924, 0.924, 0.924, 0.923], "Dispersion coefficient C6": [22.614, 20.707, 22.591, 21.818, 19.432, 18.059, 21.481, 21.142, 2.534, 2.466, 2.5, 2.421, 2.508, 2.536, 2.474, 2.326, 2.357, 2.217, 2.286, 2.432], "Total dispersion C6": 3041.522352, "Total dispersion C8": 64228.476154, "Polarizability alpha": [6.781, 6.473, 6.778, 6.65, 6.302, 5.738, 7.584, 6.165, 2.49, 2.456, 2.473, 2.433, 2.477, 2.49, 2.46, 2.385, 2.401, 2.328, 2.364, 2.439], "Total polarizability alpha": 81.665394, "Wiberg matrix": [[0.0, 1.0082919799704688, 0.0, 0.0, 0.0, 0.0, 0.0, 0.0, 0.9865863441474158, 0.9860986591423968, 0.9867387617807533, 0.0, 0.0, 0.0, 0.0, 0.0, 0.0, 0.0, 0.0, 0.0], [1.0082919799704688, 0.0, 1.0102969709180982, 0.9944803442380712, 0.0, 0.0, 0.0, 0.0, 0.0, 0.0, 0.0, 0.9682020020226885, 0.0, 0.0, 0.0, 0.0, 0.0, 0.0, 0.0, 0.0], [0.0, 1.0102969709180982, 0.0, 0.0, 0.0, 0.0, 0.0, 0.0, 0.0, 0.0, 0.0, 0.0, 0.9866835112355358, 0.9847253277237168, 0.9855948887702358, 0.0, 0.0, 0.0, 0.0, 0.0], [0.0, 0.9944803442380712, 0.0, 0.0, 1.005205491814125, 0.0, 0.0, 0.0, 0.0, 0.0, 0.0, 0.0, 0.0, 0.0, 0.0, 0.9749543307045255, 0.9727809141565715, 0.0, 0.0, 0.0], [0.0, 0.0, 0.0, 1.005205491814125, 0.0, 0.9359276069783062, 0.0, 0.0, 0.0, 0.0, 0.0, 0.0, 0.0, 0.0, 0.0, 0.0, 0.0, 0.9651983454233697, 0.9676496513343332, 0.0], [0.0, 0.0, 0.0, 0.0, 0.9359276069783062, 0.0, 1.1671169707271658, 0.19582423002433363, 0.0, 0.0, 0.0, 0.0, 0.0, 0.0, 0.0, 0.0, 0.0, 0.0, 0.0, 0.0], [0.0, 0.0, 0.0, 0.0, 0.0, 1.1671169707271658, 0.0, 1.8015811022206738, 0.0, 0.0, 0.0, 0.0, 0.0, 0.0, 0.0, 0.0, 0.0, 0.0, 0.0, 0.9237720442065886], [0.0, 0.0, 0.0, 0.0, 0.0, 0.19582423002433363, 1.8015811022206738, 0.0, 0.0, 0.0, 0.0, 0.0, 0.0, 0.0, 0.0, 0.0, 0.0, 0.0, 0.0, 0.0], [0.9865863441474158, 0.0, 0.0, 0.0, 0.0, 0.0, 0.0, 0.0, 0.0, 0.0, 0.0, 0.0, 0.0, 0.0, 0.0, 0.0, 0.0, 0.0, 0.0, 0.0], [0.9860986591423968, 0.0, 0.0, 0.0, 0.0, 0.0, 0.0, 0.0, 0.0, 0.0, 0.0, 0.0, 0.0, 0.0, 0.0, 0.0, 0.0, 0.0, 0.0, 0.0], [0.9867387617807533, 0.0, 0.0, 0.0, 0.0, 0.0, 0.0, 0.0, 0.0, 0.0, 0.0, 0.0, 0.0, 0.0, 0.0, 0.0, 0.0, 0.0, 0.0, 0.0], [0.0, 0.9682020020226885, 0.0, 0.0, 0.0, 0.0, 0.0, 0.0, 0.0, 0.0, 0.0, 0.0, 0.0, 0.0, 0.0, 0.0, 0.0, 0.0, 0.0, 0.0], [0.0, 0.0, 0.9866835112355358, 0.0, 0.0, 0.0, 0.0, 0.0, 0.0, 0.0, 0.0, 0.0, 0.0, 0.0, 0.0, 0.0, 0.0, 0.0, 0.0, 0.0], [0.0, 0.0, 0.9847253277237168, 0.0, 0.0, 0.0, 0.0, 0.0, 0.0, 0.0, 0.0, 0.0, 0.0, 0.0, 0.0, 0.0, 0.0, 0.0, 0.0, 0.0], [0.0, 0.0, 0.9855948887702358, 0.0, 0.0, 0.0, 0.0, 0.0, 0.0, 0.0, 0.0, 0.0, 0.0, 0.0, 0.0, 0.0, 0.0, 0.0, 0.0, 0.0], [0.0, 0.0, 0.0, 0.9749543307045255, 0.0, 0.0, 0.0, 0.0, 0.0, 0.0, 0.0, 0.0, 0.0, 0.0, 0.0, 0.0, 0.0, 0.0, 0.0, 0.0], [0.0, 0.0, 0.0, 0.9727809141565715, 0.0, 0.0, 0.0, 0.0, 0.0, 0.0, 0.0, 0.0, 0.0, 0.0, 0.0, 0.0, 0.0, 0.0, 0.0, 0.0], [0.0, 0.0, 0.0, 0.0, 0.9651983454233697, 0.0, 0.0, 0.0, 0.0, 0.0, 0.0, 0.0, 0.0, 0.0, 0.0, 0.0, 0.0, 0.0, 0.0, 0.0], [0.0, 0.0, 0.0, 0.0, 0.9676496513343332, 0.0, 0.0, 0.0, 0.0, 0.0, 0.0, 0.0, 0.0, 0.0, 0.0, 0.0, 0.0, 0.0, 0.0, 0.0], [0.0, 0.0, 0.0, 0.0, 0.0, 0.0, 0.9237720442065886, 0.0, 0.0, 0.0, 0.0, 0.0, 0.0, 0.0, 0.0, 0.0, 0.0, 0.0, 0.0, 0.0]], "Born radii": [], "Atomic SASAs": [], "Solvent H bonds": [], "Total SASA": NaN, "Total FOD": 0.0, "FOD": [0.0, 0.0, 0.0, 0.0, 0.0, 0.0, 0.0, 0.0, 0.0, 0.0, 0.0, 0.0, 0.0, 0.0, 0.0, 0.0, 0.0, 0.0, 0.0, 0.0], "FOD s proportion": [0.0, 0.0, 0.0, 0.0, 0.0, 0.0, 0.0, 0.0, 0.0, 0.0, 0.0, 0.0, 0.0, 0.0, 0.0, 0.0, 0.0, 0.0, 0.0, 0.0], "FOD p proportion": [0.0, 0.0, 0.0, 0.0, 0.0, 0.0, 0.0, 0.0, 0.0, 0.0, 0.0, 0.0, 0.0, 0.0, 0.0, 0.0, 0.0, 0.0, 0.0, 0.0], "FOD d proportion": [0.0, 0.0, 0.0, 0.0, 0.0, 0.0, 0.0, 0.0, 0.0, 0.0, 0.0, 0.0, 0.0, 0.0, 0.0, 0.0, 0.0, 0.0, 0.0, 0.0], "coordinates": [["-2.31440", "-0.61790", "-0.70430"], ["-0.99410", "0.05680", "-0.32290"], ["-1.24720", "1.11780", "0.74890"], ["0.02210", "-1.00850", "0.13440"], ["1.41310", "-0.46490", "0.45890"], ["1.94030", "0.20400", "-0.69310"], ["3.16740", "0.74850", "-0.50400"], ["3.83020", "0.71440", "0.51980"], ["-2.15970", "-1.35410", "-1.50020"], ["-3.03720", "0.11940", "-1.06950"], ["-2.76000", "-1.13350", "0.15330"], ["-0.60790", "0.55960", "-1.21820"], ["-1.57410", "0.66190", "1.68950"], ["-0.34570", "1.70490", "0.94840"], ["-2.02440", "1.81870", "0.42540"], ["0.12530", "-1.74780", "-0.67070"], ["-0.36410", "-1.54180", "1.01170"], ["1.37120", "0.22540", "1.30860"], ["2.07100", "-1.30250", "0.71990"], ["3.48820", "1.23950", "-1.43580"]], "bond_dist": [[0.0, 1.5309729390162323, 2.502670687485671, 2.5130098089740915, 3.907774237337669, 4.333372490335904, 5.653078832813143, 6.405431543619837, 1.0951617871346682, 1.095181341148579, 1.095390560485163, 2.1360575156114128, 2.8135761176836858, 3.464476413543611, 2.7013592226877194, 2.6888546000109415, 2.757157467392822, 4.283289467220258, 4.6614113699608195, 6.136382792003771], [1.5309729390162323, 0.0, 1.529227206794334, 1.5416386801063342, 2.5841814893695063, 2.9613205230099626, 4.222478934228092, 4.941300591949451, 2.176073863636067, 2.1761406043727964, 2.182196906789119, 1.0970507599924446, 2.179977011346679, 2.18010546992571, 2.1738819172162964, 2.1518834447989974, 2.1756790020588976, 2.8783436730175223, 3.511405180266157, 4.767424775494628], [2.502670687485671, 1.529227206794334, 0.0, 2.5514475166069945, 3.109056992079753, 3.6158748166937418, 4.603784753873708, 5.098549708495544, 3.464303201222433, 2.7399783064834655, 2.776986656431751, 2.142375816704436, 1.0951880112565147, 1.0941612815302872, 1.095423616688996, 3.4800407713128876, 2.8146761110294736, 2.8223501572271292, 4.107206389993082, 5.216487145579868], [2.5130098089740915, 1.5416386801063342, 2.5514475166069945, 0.0, 1.5282938886222113, 2.4154510427661333, 3.658895413919343, 4.197444839423146, 2.7480188791200106, 3.4757517330787593, 2.784970847244186, 2.16457025065023, 2.7850361954559943, 2.8566435549434583, 3.502271133136325, 1.097907436899851, 1.0969114002507223, 2.172861169057977, 2.1511014527446166, 4.4196019334324665], [3.907774237337669, 2.5841814893695063, 3.109056992079753, 1.5282938886222113, 0.0, 1.4326447745341482, 2.3403171708125377, 2.6901356304097384, 4.170569420354971, 4.741580236587799, 4.2373554170024486, 2.8189901844454868, 3.4216105038417215, 2.835669185571547, 4.127027678608419, 2.140153594955278, 2.1502886527161884, 1.095563685962619, 1.0965979983567362, 3.2864734077731406], [4.333372490335904, 2.9613205230099626, 3.6158748166937418, 2.4154510427661333, 1.4326447745341482, 0.0, 1.355733554205988, 2.3029017738496798, 4.459718154771667, 4.99242830394188, 4.959649110572238, 2.6259292850341573, 4.270534220680125, 3.189517057486917, 4.424606697775521, 2.665379897875723, 3.356250890502675, 2.081138068461581, 2.069587818866356, 2.004958341213104], [5.653078832813143, 4.222478934228092, 4.603784753873708, 3.658895413919343, 2.3403171708125377, 1.355733554205988, 0.0, 1.220095524948764, 5.813031533545986, 6.261997941551881, 6.253641982876859, 3.8469019925129366, 5.225013307160088, 3.9199538683510036, 5.381811929081135, 3.9387402795817854, 4.473735891846992, 2.604896698527602, 2.6280458843026318, 1.1010199271584507], [6.405431543619837, 4.941300591949451, 5.098549708495544, 4.197444839423146, 2.6901356304097384, 2.3029017738496798, 1.220095524948764, 0.0, 6.6511648799289285, 7.073972169156449, 6.854180673136651, 4.768787964462249, 5.529684695351083, 4.313111292327153, 5.958584648219743, 4.604997622149223, 4.787959538258443, 2.628308855519077, 2.683786552615539, 2.053549456429039], [1.0951617871346682, 2.176073863636067, 3.464303201222433, 2.7480188791200106, 4.170569420354971, 4.459718154771667, 5.813031533545986, 6.6511648799289285, 0.0, 1.7682508277956495, 1.7728752635196872, 2.479890104419952, 3.818555937785906, 4.3178373012423705, 3.7138795470504964, 2.46257892056275, 3.0933884754424232, 4.780317196588528, 4.778109360406059, 6.215278169961502], [1.095181341148579, 2.1761406043727964, 2.7399783064834655, 3.4757517330787593, 4.741580236587799, 4.99242830394188, 6.261997941551881, 7.073972169156449, 1.7682508277956495, 0.0, 1.7725230858863303, 2.4733350399814418, 3.1697080086342337, 3.718857742640877, 2.479538332028767, 3.694168855101239, 3.7731210542467357, 5.010048519725133, 5.596200426182036, 6.630961081170662], [1.095390560485163, 2.182196906789119, 2.776986656431751, 2.784970847244186, 4.2373554170024486, 4.959649110572238, 6.253641982876859, 6.854180673136651, 1.7728752635196872, 1.7725230858863303, 0.0, 3.0625372275288343, 2.643809828637453, 3.810189373246427, 3.054608094338781, 3.0628902330968377, 2.577575655533703, 4.499793410813433, 4.86704813619097, 6.869961502803345], [2.1360575156114128, 1.0970507599924446, 2.142375816704436, 2.16457025065023, 2.8189901844454868, 2.6259292850341573, 3.8469019925129366, 4.768787964462249, 2.479890104419952, 2.4733350399814418, 3.0625372275288343, 0.0, 3.0657343361746143, 2.4646737086275743, 2.50863030755829, 2.4822234488458124, 3.0737232162314156, 3.2269559479484684, 3.79475338197359, 4.157841865679838], [2.8135761176836858, 2.179977011346679, 1.0951880112565147, 2.7850361954559943, 3.4216105038417215, 4.270534220680125, 5.225013307160088, 5.529684695351083, 3.818555937785906, 3.1697080086342337, 2.643809828637453, 3.0657343361746143, 0.0, 1.7737093251150258, 1.771695555110979, 3.7769244750193245, 2.6038061621403386, 3.0017343570009656, 4.2527338889236885, 5.977290618666622], [3.464476413543611, 2.18010546992571, 1.0941612815302872, 2.8566435549434583, 2.835669185571547, 3.189517057486917, 3.9199538683510036, 4.313111292327153, 4.3178373012423705, 3.718857742640877, 3.810189373246427, 2.4646737086275743, 1.7737093251150258, 0.0, 1.761962862832245, 3.842455347821234, 3.247369141320401, 2.2948659873726833, 3.8648552236791485, 4.538699814924975], [2.7013592226877194, 2.1738819172162964, 1.095423616688996, 3.502271133136325, 4.127027678608419, 4.424606697775521, 5.381811929081135, 5.958584648219743, 3.7138795470504964, 2.479538332028767, 3.054608094338781, 2.50863030755829, 1.771695555110979, 1.761962862832245, 0.0, 4.306108167475592, 3.793850818100258, 3.8534071274652515, 5.157608055096858, 5.847075922202482], [2.6888546000109415, 2.1518834447989974, 3.4800407713128876, 1.097907436899851, 2.140153594955278, 2.665379897875723, 3.9387402795817854, 4.604997622149223, 2.46257892056275, 3.694168855101239, 3.0628902330968377, 2.4822234488458124, 3.7769244750193245, 3.842455347821234, 4.306108167475592, 0.0, 1.7642046706660766, 3.059969532528061, 2.432654710393565, 4.5627224011548195], [2.757157467392822, 2.1756790020588976, 2.8146761110294736, 1.0969114002507223, 2.1502886527161884, 3.356250890502675, 4.473735891846992, 4.787959538258443, 3.0933884754424232, 3.7731210542467357, 2.577575655533703, 3.0737232162314156, 2.6038061621403386, 3.247369141320401, 3.793850818100258, 1.7642046706660766, 0.0, 2.494476205538951, 2.464167960996166, 5.344726487856979], [4.283289467220258, 2.8783436730175223, 2.8223501572271292, 2.172861169057977, 1.095563685962619, 2.081138068461581, 2.604896698527602, 2.628308855519077, 4.780317196588528, 5.010048519725133, 4.499793410813433, 3.2269559479484684, 3.0017343570009656, 2.2948659873726833, 3.8534071274652515, 3.059969532528061, 2.494476205538951, 0.0, 1.7806645220254151, 3.611345894538489], [4.6614113699608195, 3.511405180266157, 4.107206389993082, 2.1511014527446166, 1.0965979983567362, 2.069587818866356, 2.6280458843026318, 2.683786552615539, 4.778109360406059, 5.596200426182036, 4.86704813619097, 3.79475338197359, 4.2527338889236885, 3.8648552236791485, 5.157608055096858, 2.432654710393565, 2.464167960996166, 1.7806645220254151, 0.0, 3.6217761291940724], [6.136382792003771, 4.767424775494628, 5.216487145579868, 4.4196019334324665, 3.2864734077731406, 2.004958341213104, 1.1010199271584507, 2.053549456429039, 6.215278169961502, 6.630961081170662, 6.869961502803345, 4.157841865679838, 5.977290618666622, 4.538699814924975, 5.847075922202482, 4.5627224011548195, 5.344726487856979, 3.611345894538489, 3.6217761291940724, 0.0]]}