{"total energy": -31.59047055, "HOMO-LUMO gap/eV": 5.18587625, "electronic energy": -32.07246089, "dipole": [-0.17422691, 0.05919041, 0.01636149], "partial charges": [-0.0994477, -0.05133815, -0.05704188, -0.0575807, -0.05762178, -0.0573405, -0.0531087, -0.05678036, -0.02937592, -0.09579218, 0.03326787, 0.03293455, 0.0297121, 0.02707793, 0.02861295, 0.0296838, 0.02651988, 0.03246025, 0.02890286, 0.0279378, 0.02867585, 0.02905129, 0.02928602, 0.0304136, 0.03037584, 0.03720024, 0.03617342, 0.03020868, 0.03491892, 0.032014], "atomic dipole moments": [[0.02155446, 0.01753304, 0.0974611], [0.07048049, -0.0496968, -0.07024774], [-0.01331559, 0.08100675, -0.07197306], [0.01546716, -0.07718477, 0.0799371], [-0.01017442, 0.07542243, -0.07657939], [0.01471009, -0.0763174, 0.07732607], [-0.00864129, 0.07726079, -0.08014195], [-0.01783902, -0.06581982, 0.07169051], [-0.14305648, 0.06070788, 0.01549204], [0.05642065, -0.03308733, -0.04328904], [0.07204729, 0.06720021, -0.07861561], [0.00991533, -0.12227111, -0.02985482], [-0.11750989, 0.03394622, -0.02270931], [-0.08352839, -0.05402162, 0.06858154], [-0.01293497, 0.1208225, 0.0240002], [0.00830233, -0.12260659, -0.01898557], [0.00812668, 0.01171623, 0.12084825], [-0.00390941, -0.01814598, -0.12300085], [-0.01087636, 0.12263233, 0.01663989], [0.00655415, 0.01771973, 0.12249701], [0.0112924, -0.1226204, -0.01639725], [-0.01162664, 0.12225095, 0.01637094], [-0.00673341, -0.01768833, -0.12260385], [0.00525364, 0.01689197, 0.12333306], [0.01069514, -0.12416856, -0.01571383], [-0.00936065, 0.12327618, 0.0158378], [-0.00952595, -0.01411386, -0.12508557], [0.03765596, 0.02248056, 0.14368994], [-0.02436882, -0.02700008, -0.14772049], [0.12854833, -0.03877008, 0.06734263]], "atomic quadrupole moments": [[-0.08435053, 0.00558425, -0.11504403, 0.07001062, 0.06059871, 0.19939456], [0.06237146, -0.08567112, -0.17255848, 0.13147998, 0.02409956, 0.11018702], [0.22397397, 0.01043096, -0.10915893, -0.0240256, -0.10875395, -0.11481504], [0.22397139, 0.02422003, -0.11159339, -0.00312729, -0.12999284, -0.112378], [0.22976499, 0.02847773, -0.11702329, -0.01251294, -0.12682474, -0.1127417], [0.23219386, 0.02591423, -0.11606224, -0.00970467, -0.12684541, -0.11613162], [0.23043562, 0.0335664, -0.11988315, -0.0170801, -0.12543459, -0.11055247], [0.19774427, 0.02619985, -0.10090563, -0.04227578, -0.09856157, -0.09683865], [-0.06289324, 0.29288705, 0.37425556, 0.0518727, -0.25129743, -0.31136232], [-0.17252771, 0.33154701, 0.43000758, -0.04488728, -0.20206229, -0.25747988], [0.00934126, 0.05235584, -0.00937071, -0.03833957, -0.02736784, 2.945e-05], [-0.0503009, -0.0180068, 0.07746866, 0.00140638, 0.01418713, -0.02716776], [0.0693271, -0.03807313, -0.04399188, 0.01396971, -0.00058042, -0.02533522], [0.01570963, 0.03552829, -0.019694, -0.01631637, -0.03303473, 0.00398436], [-0.03486763, 0.00256432, 0.05743615, 0.0152186, 0.00849073, -0.02256852], [-0.0174267, -0.00218331, 0.04818125, -0.00841888, 0.03074068, -0.03075455], [-0.01096804, 0.00612264, -0.04168798, 0.00864104, 0.02160964, 0.05265602], [-0.0186116, 0.00361466, -0.03041239, 0.00580648, 0.02432707, 0.04902399], [-0.01987307, -0.00647762, 0.05076216, -0.00327822, 0.02442977, -0.03088909], [-0.01974593, 0.00266483, -0.03007599, 0.00257956, 0.02496552, 0.04982192], [-0.01970276, -0.00554704, 0.04994921, -0.00317848, 0.02411486, -0.03024646], [-0.01993522, -0.00545602, 0.05043534, -0.00318705, 0.0242052, -0.03050012], [-0.02007054, 0.00272741, -0.02989353, 0.00210089, 0.02498762, 0.04996407], [-0.02040974, 0.00317, -0.02927074, 0.00367725, 0.02549443, 0.04968047], [-0.0182816, -0.00668931, 0.04788265, -0.00277888, 0.02470942, -0.02960104], [-0.02817923, -0.00894704, 0.05490939, -0.00658308, 0.02621766, -0.02673017], [-0.01830177, 0.00444648, -0.03310741, -7.49e-06, 0.02712681, 0.05140918], [0.01694551, -0.04150161, -0.04218925, -0.00415366, 0.02344197, 0.02524374], [0.00232618, -0.02520962, -0.04478454, 0.0105274, 0.02147243, 0.04245836], [0.03179783, -0.04002304, -0.04589128, 0.01252095, 0.01497894, 0.01409345]], "number of molecular orbitals": 60, "number of electrons": 60, "number of unpaired electrons": 0, "orbital energies/eV": [-16.98952753, -16.8899459, -16.72143767, -16.448577, -16.09214401, -15.71161501, -15.26758477, -15.13386442, -14.88594629, -14.66173638, -14.20260107, -13.84529326, -13.73147117, -13.67294568, -13.25389318, -13.2182464, -13.13833371, -12.72164819, -12.65873966, -12.39272788, -12.19301642, -12.09343936, -11.88922822, -11.72320566, -11.6490131, -11.52261424, -11.46864719, -11.36640955, -11.24348847, -10.70219403, -5.51631778, 1.34905796, 2.59985873, 2.74068447, 2.85555027, 3.00110098, 3.2575564, 3.39786454, 3.6396027, 3.79016467, 3.90527881, 4.25393329, 4.40978443, 4.54410863, 4.81801785, 5.09383444, 5.23453064, 5.42499227, 5.78231586, 5.91923137, 6.22978073, 6.80629639, 6.90168004, 7.06156996, 7.36509629, 7.8459712, 7.96183702, 8.48296509, 11.30089849, 15.5575593], "fractional occupation": [2.0, 2.0, 2.0, 2.0, 2.0, 2.0, 2.0, 2.0, 2.0, 2.0, 2.0, 2.0, 2.0, 2.0, 2.0, 2.0, 2.0, 2.0, 2.0, 2.0, 2.0, 2.0, 2.0, 2.0, 2.0, 2.0, 2.0, 2.0, 2.0, 2.0, 0.0, 0.0, 0.0, 0.0, 0.0, 0.0, 0.0, 0.0, 0.0, 0.0, 0.0, 0.0, 0.0, 0.0, 0.0, 0.0, 0.0, 0.0, 0.0, 0.0, 0.0, 0.0, 0.0, 0.0, 0.0, 0.0, 0.0, 0.0, 0.0, 0.0], "program call": "xtb /home/svss/Project-DBcg-Debug/aqme2_20220329/End-to-End-workflows-final/example-3/QDESCP/mol_125_rdkit_conf_5/mol_125_rdkit_conf_5.xyz --pop --wbo --acc 0.2 --gfn 2 --chrg 0 --uhf 0 --etemp 300 --input /home/svss/Project-DBcg-Debug/aqme2_20220329/End-to-End-workflows-final/example-3/QDESCP/mol_125_rdkit_conf_5/mol_125_rdkit_conf_5_xtb.inp", "method": "GFN2-xTB", "xtb version": "6.3.3 (7355c4f)", "Dipole module/D": 0.47, "Total charge": 0, "Transition dipole module/D": NaN, "HOMO": -10.7022, "LUMO": -5.5163, "HOMO occupancy": 2.0, "LUMO occupancy": 0, "mulliken charges": [-0.08494, -0.03874, -0.04681, -0.04642, -0.0451, -0.046, -0.0413, -0.04256, -0.02161, -0.08708, 0.02671, 0.02695, 0.02791, 0.02317, 0.02231, 0.02297, 0.02324, 0.02335, 0.02269, 0.02257, 0.02304, 0.02272, 0.02324, 0.02358, 0.02449, 0.03065, 0.02689, 0.0249, 0.02853, 0.03067], "cm5 charges": [-0.23541, -0.15114, -0.15733, -0.15724, -0.15588, -0.1567, -0.15088, -0.14866, -0.086, -0.18911, 0.07845, 0.07836, 0.07869, 0.07738, 0.07692, 0.07817, 0.07815, 0.0793, 0.07816, 0.07792, 0.07838, 0.07807, 0.0786, 0.0789, 0.07988, 0.08578, 0.08255, 0.0804, 0.08137, 0.08291], "FUKUI+": [0.003, 0.003, 0.002, 0.002, 0.004, 0.006, 0.002, 0.026, -0.159, -0.125, 0.002, -0.003, -0.01, -0.01, -0.005, -0.005, -0.005, -0.008, -0.008, -0.011, -0.01, -0.02, -0.018, -0.031, -0.023, -0.087, -0.06, -0.143, -0.156, -0.153], "FUKUI-": [0.015, 0.003, 0.001, -0.005, -0.001, -0.001, -0.003, 0.002, -0.041, -0.05, -0.058, -0.037, -0.051, -0.09, -0.047, -0.036, -0.039, -0.041, -0.036, -0.039, -0.034, -0.031, -0.029, -0.033, -0.034, -0.06, -0.038, -0.056, -0.061, -0.069], "FUKUIrad": [0.009, 0.003, 0.001, -0.001, 0.001, 0.003, -0.0, 0.014, -0.1, -0.087, -0.028, -0.02, -0.03, -0.05, -0.026, -0.021, -0.022, -0.024, -0.022, -0.025, -0.022, -0.026, -0.024, -0.032, -0.028, -0.073, -0.049, -0.1, -0.108, -0.111], "s proportion": [1.007, 1.027, 1.032, 1.032, 1.033, 1.033, 1.033, 1.028, 1.072, 1.048, 0.973, 0.973, 0.972, 0.977, 0.978, 0.977, 0.977, 0.977, 0.977, 0.977, 0.977, 0.977, 0.977, 0.976, 0.976, 0.969, 0.973, 0.975, 0.971, 0.969], "p proportion": [3.078, 3.012, 3.015, 3.015, 3.012, 3.013, 3.009, 3.014, 2.95, 3.04, 0.0, 0.0, 0.0, 0.0, 0.0, 0.0, 0.0, 0.0, 0.0, 0.0, 0.0, 0.0, 0.0, 0.0, 0.0, 0.0, 0.0, 0.0, 0.0, 0.0], "d proportion": [0.0, 0.0, 0.0, 0.0, 0.0, 0.0, 0.0, 0.0, 0.0, 0.0, 0.0, 0.0, 0.0, 0.0, 0.0, 0.0, 0.0, 0.0, 0.0, 0.0, 0.0, 0.0, 0.0, 0.0, 0.0, 0.0, 0.0, 0.0, 0.0, 0.0], "Fermi-level/eV": -8.1093, "Coordination numbers": [3.749, 3.799, 3.801, 3.801, 3.802, 3.802, 3.803, 3.805, 2.886, 2.834, 0.924, 0.924, 0.924, 0.924, 0.924, 0.924, 0.924, 0.924, 0.924, 0.924, 0.924, 0.924, 0.924, 0.924, 0.924, 0.924, 0.924, 0.925, 0.925, 0.925], "Dispersion coefficient C6": [22.464, 21.497, 21.6, 21.61, 21.61, 21.605, 21.526, 21.592, 28.732, 30.399, 2.541, 2.545, 2.591, 2.629, 2.606, 2.591, 2.637, 2.552, 2.602, 2.616, 2.606, 2.6, 2.597, 2.581, 2.581, 2.487, 2.501, 2.583, 2.518, 2.558], "Total dispersion C6": 6416.076768, "Total dispersion C8": 136795.906769, "Polarizability alpha": [6.76, 6.602, 6.617, 6.619, 6.618, 6.618, 6.605, 6.615, 8.788, 9.035, 2.493, 2.495, 2.517, 2.535, 2.525, 2.517, 2.539, 2.498, 2.523, 2.529, 2.524, 2.522, 2.52, 2.512, 2.513, 2.466, 2.473, 2.514, 2.481, 2.501], "Total polarizability alpha": 121.073647, "Wiberg matrix": [[0.0, 1.0209766116962864, 0.0, 0.0, 0.0, 0.0, 0.0, 0.0, 0.0, 0.0, 0.9861361740869055, 0.9874233097583396, 0.9873724439563311, 0.0, 0.0, 0.0, 0.0, 0.0, 0.0, 0.0, 0.0, 0.0, 0.0, 0.0, 0.0, 0.0, 0.0, 0.0, 0.0, 0.0], [1.0209766116962864, 0.0, 1.0068781644106446, 0.0, 0.0, 0.0, 0.0, 0.0, 0.0, 0.0, 0.0, 0.0, 0.0, 0.9781529700587361, 0.9778818424793018, 0.0, 0.0, 0.0, 0.0, 0.0, 0.0, 0.0, 0.0, 0.0, 0.0, 0.0, 0.0, 0.0, 0.0, 0.0], [0.0, 1.0068781644106446, 0.0, 1.0078348233386385, 0.0, 0.0, 0.0, 0.0, 0.0, 0.0, 0.0, 0.0, 0.0, 0.0, 0.0, 0.9772054685499952, 0.9772354566851104, 0.0, 0.0, 0.0, 0.0, 0.0, 0.0, 0.0, 0.0, 0.0, 0.0, 0.0, 0.0, 0.0], [0.0, 0.0, 1.0078348233386385, 0.0, 1.0065197456755766, 0.0, 0.0, 0.0, 0.0, 0.0, 0.0, 0.0, 0.0, 0.0, 0.0, 0.0, 0.0, 0.9756378058661168, 0.9772713338349317, 0.0, 0.0, 0.0, 0.0, 0.0, 0.0, 0.0, 0.0, 0.0, 0.0, 0.0], [0.0, 0.0, 0.0, 1.0065197456755766, 0.0, 1.0066312439824825, 0.0, 0.0, 0.0, 0.0, 0.0, 0.0, 0.0, 0.0, 0.0, 0.0, 0.0, 0.0, 0.0, 0.9772549390977043, 0.9774033308485663, 0.0, 0.0, 0.0, 0.0, 0.0, 0.0, 0.0, 0.0, 0.0], [0.0, 0.0, 0.0, 0.0, 1.0066312439824825, 0.0, 1.0056989440018986, 0.0, 0.0, 0.0, 0.0, 0.0, 0.0, 0.0, 0.0, 0.0, 0.0, 0.0, 0.0, 0.0, 0.0, 0.9772916006120163, 0.9772668646456699, 0.0, 0.0, 0.0, 0.0, 0.0, 0.0, 0.0], [0.0, 0.0, 0.0, 0.0, 0.0, 1.0056989440018986, 0.0, 0.9920461786962469, 0.0, 0.0, 0.0, 0.0, 0.0, 0.0, 0.0, 0.0, 0.0, 0.0, 0.0, 0.0, 0.0, 0.0, 0.0, 0.9774127324088948, 0.9779413483050381, 0.0, 0.0, 0.0, 0.0, 0.0], [0.0, 0.0, 0.0, 0.0, 0.0, 0.0, 0.9920461786962469, 0.0, 1.0264152816484036, 0.0, 0.0, 0.0, 0.0, 0.0, 0.0, 0.0, 0.0, 0.0, 0.0, 0.0, 0.0, 0.0, 0.0, 0.0, 0.0, 0.9620831548815695, 0.9749481275387153, 0.0, 0.0, 0.0], [0.0, 0.0, 0.0, 0.0, 0.0, 0.0, 0.0, 1.0264152816484036, 0.0, 1.9751052840209502, 0.0, 0.0, 0.0, 0.0, 0.0, 0.0, 0.0, 0.0, 0.0, 0.0, 0.0, 0.0, 0.0, 0.0, 0.0, 0.0, 0.0, 0.9678354604545558, 0.0, 0.0], [0.0, 0.0, 0.0, 0.0, 0.0, 0.0, 0.0, 0.0, 1.9751052840209502, 0.0, 0.0, 0.0, 0.0, 0.0, 0.0, 0.0, 0.0, 0.0, 0.0, 0.0, 0.0, 0.0, 0.0, 0.0, 0.0, 0.0, 0.0, 0.0, 0.9767071170369976, 0.9783011276530155], [0.9861361740869055, 0.0, 0.0, 0.0, 0.0, 0.0, 0.0, 0.0, 0.0, 0.0, 0.0, 0.0, 0.0, 0.0, 0.0, 0.0, 0.0, 0.0, 0.0, 0.0, 0.0, 0.0, 0.0, 0.0, 0.0, 0.0, 0.0, 0.0, 0.0, 0.0], [0.9874233097583396, 0.0, 0.0, 0.0, 0.0, 0.0, 0.0, 0.0, 0.0, 0.0, 0.0, 0.0, 0.0, 0.0, 0.0, 0.0, 0.0, 0.0, 0.0, 0.0, 0.0, 0.0, 0.0, 0.0, 0.0, 0.0, 0.0, 0.0, 0.0, 0.0], [0.9873724439563311, 0.0, 0.0, 0.0, 0.0, 0.0, 0.0, 0.0, 0.0, 0.0, 0.0, 0.0, 0.0, 0.0, 0.0, 0.0, 0.0, 0.0, 0.0, 0.0, 0.0, 0.0, 0.0, 0.0, 0.0, 0.0, 0.0, 0.0, 0.0, 0.0], [0.0, 0.9781529700587361, 0.0, 0.0, 0.0, 0.0, 0.0, 0.0, 0.0, 0.0, 0.0, 0.0, 0.0, 0.0, 0.0, 0.0, 0.0, 0.0, 0.0, 0.0, 0.0, 0.0, 0.0, 0.0, 0.0, 0.0, 0.0, 0.0, 0.0, 0.0], [0.0, 0.9778818424793018, 0.0, 0.0, 0.0, 0.0, 0.0, 0.0, 0.0, 0.0, 0.0, 0.0, 0.0, 0.0, 0.0, 0.0, 0.0, 0.0, 0.0, 0.0, 0.0, 0.0, 0.0, 0.0, 0.0, 0.0, 0.0, 0.0, 0.0, 0.0], [0.0, 0.0, 0.9772054685499952, 0.0, 0.0, 0.0, 0.0, 0.0, 0.0, 0.0, 0.0, 0.0, 0.0, 0.0, 0.0, 0.0, 0.0, 0.0, 0.0, 0.0, 0.0, 0.0, 0.0, 0.0, 0.0, 0.0, 0.0, 0.0, 0.0, 0.0], [0.0, 0.0, 0.9772354566851104, 0.0, 0.0, 0.0, 0.0, 0.0, 0.0, 0.0, 0.0, 0.0, 0.0, 0.0, 0.0, 0.0, 0.0, 0.0, 0.0, 0.0, 0.0, 0.0, 0.0, 0.0, 0.0, 0.0, 0.0, 0.0, 0.0, 0.0], [0.0, 0.0, 0.0, 0.9756378058661168, 0.0, 0.0, 0.0, 0.0, 0.0, 0.0, 0.0, 0.0, 0.0, 0.0, 0.0, 0.0, 0.0, 0.0, 0.0, 0.0, 0.0, 0.0, 0.0, 0.0, 0.0, 0.0, 0.0, 0.0, 0.0, 0.0], [0.0, 0.0, 0.0, 0.9772713338349317, 0.0, 0.0, 0.0, 0.0, 0.0, 0.0, 0.0, 0.0, 0.0, 0.0, 0.0, 0.0, 0.0, 0.0, 0.0, 0.0, 0.0, 0.0, 0.0, 0.0, 0.0, 0.0, 0.0, 0.0, 0.0, 0.0], [0.0, 0.0, 0.0, 0.0, 0.9772549390977043, 0.0, 0.0, 0.0, 0.0, 0.0, 0.0, 0.0, 0.0, 0.0, 0.0, 0.0, 0.0, 0.0, 0.0, 0.0, 0.0, 0.0, 0.0, 0.0, 0.0, 0.0, 0.0, 0.0, 0.0, 0.0], [0.0, 0.0, 0.0, 0.0, 0.9774033308485663, 0.0, 0.0, 0.0, 0.0, 0.0, 0.0, 0.0, 0.0, 0.0, 0.0, 0.0, 0.0, 0.0, 0.0, 0.0, 0.0, 0.0, 0.0, 0.0, 0.0, 0.0, 0.0, 0.0, 0.0, 0.0], [0.0, 0.0, 0.0, 0.0, 0.0, 0.9772916006120163, 0.0, 0.0, 0.0, 0.0, 0.0, 0.0, 0.0, 0.0, 0.0, 0.0, 0.0, 0.0, 0.0, 0.0, 0.0, 0.0, 0.0, 0.0, 0.0, 0.0, 0.0, 0.0, 0.0, 0.0], [0.0, 0.0, 0.0, 0.0, 0.0, 0.9772668646456699, 0.0, 0.0, 0.0, 0.0, 0.0, 0.0, 0.0, 0.0, 0.0, 0.0, 0.0, 0.0, 0.0, 0.0, 0.0, 0.0, 0.0, 0.0, 0.0, 0.0, 0.0, 0.0, 0.0, 0.0], [0.0, 0.0, 0.0, 0.0, 0.0, 0.0, 0.9774127324088948, 0.0, 0.0, 0.0, 0.0, 0.0, 0.0, 0.0, 0.0, 0.0, 0.0, 0.0, 0.0, 0.0, 0.0, 0.0, 0.0, 0.0, 0.0, 0.0, 0.0, 0.0, 0.0, 0.0], [0.0, 0.0, 0.0, 0.0, 0.0, 0.0, 0.9779413483050381, 0.0, 0.0, 0.0, 0.0, 0.0, 0.0, 0.0, 0.0, 0.0, 0.0, 0.0, 0.0, 0.0, 0.0, 0.0, 0.0, 0.0, 0.0, 0.0, 0.0, 0.0, 0.0, 0.0], [0.0, 0.0, 0.0, 0.0, 0.0, 0.0, 0.0, 0.9620831548815695, 0.0, 0.0, 0.0, 0.0, 0.0, 0.0, 0.0, 0.0, 0.0, 0.0, 0.0, 0.0, 0.0, 0.0, 0.0, 0.0, 0.0, 0.0, 0.0, 0.0, 0.0, 0.0], [0.0, 0.0, 0.0, 0.0, 0.0, 0.0, 0.0, 0.9749481275387153, 0.0, 0.0, 0.0, 0.0, 0.0, 0.0, 0.0, 0.0, 0.0, 0.0, 0.0, 0.0, 0.0, 0.0, 0.0, 0.0, 0.0, 0.0, 0.0, 0.0, 0.0, 0.0], [0.0, 0.0, 0.0, 0.0, 0.0, 0.0, 0.0, 0.0, 0.9678354604545558, 0.0, 0.0, 0.0, 0.0, 0.0, 0.0, 0.0, 0.0, 0.0, 0.0, 0.0, 0.0, 0.0, 0.0, 0.0, 0.0, 0.0, 0.0, 0.0, 0.0, 0.0], [0.0, 0.0, 0.0, 0.0, 0.0, 0.0, 0.0, 0.0, 0.0, 0.9767071170369976, 0.0, 0.0, 0.0, 0.0, 0.0, 0.0, 0.0, 0.0, 0.0, 0.0, 0.0, 0.0, 0.0, 0.0, 0.0, 0.0, 0.0, 0.0, 0.0, 0.0], [0.0, 0.0, 0.0, 0.0, 0.0, 0.0, 0.0, 0.0, 0.0, 0.9783011276530155, 0.0, 0.0, 0.0, 0.0, 0.0, 0.0, 0.0, 0.0, 0.0, 0.0, 0.0, 0.0, 0.0, 0.0, 0.0, 0.0, 0.0, 0.0, 0.0, 0.0]], "Born radii": [], "Atomic SASAs": [], "Solvent H bonds": [], "Total SASA": NaN, "Total FOD": 0.0, "FOD": [0.0, 0.0, 0.0, 0.0, 0.0, 0.0, 0.0, 0.0, 0.0, 0.0, 0.0, 0.0, 0.0, 0.0, 0.0, 0.0, 0.0, 0.0, 0.0, 0.0, 0.0, 0.0, 0.0, 0.0, 0.0, 0.0, 0.0, 0.0, 0.0, 0.0], "FOD s proportion": [0.0, 0.0, 0.0, 0.0, 0.0, 0.0, 0.0, 0.0, 0.0, 0.0, 0.0, 0.0, 0.0, 0.0, 0.0, 0.0, 0.0, 0.0, 0.0, 0.0, 0.0, 0.0, 0.0, 0.0, 0.0, 0.0, 0.0, 0.0, 0.0, 0.0], "FOD p proportion": [0.0, 0.0, 0.0, 0.0, 0.0, 0.0, 0.0, 0.0, 0.0, 0.0, 0.0, 0.0, 0.0, 0.0, 0.0, 0.0, 0.0, 0.0, 0.0, 0.0, 0.0, 0.0, 0.0, 0.0, 0.0, 0.0, 0.0, 0.0, 0.0, 0.0], "FOD d proportion": [0.0, 0.0, 0.0, 0.0, 0.0, 0.0, 0.0, 0.0, 0.0, 0.0, 0.0, 0.0, 0.0, 0.0, 0.0, 0.0, 0.0, 0.0, 0.0, 0.0, 0.0, 0.0, 0.0, 0.0, 0.0, 0.0, 0.0, 0.0, 0.0, 0.0], "coordinates": [["-4.53850", "-0.28340", "-1.05670"], ["-4.20440", "-0.02230", "0.40390"], ["-2.82180", "-0.53270", "0.81530"], ["-1.67290", "0.20140", "0.12030"], ["-0.31540", "-0.27240", "0.64450"], ["0.83520", "0.45730", "-0.05100"], ["2.19250", "-0.01610", "0.47330"], ["3.34200", "0.71510", "-0.22300"], ["4.67420", "0.26020", "0.30020"], ["5.61070", "-0.33600", "-0.44810"], ["-3.88920", "0.28890", "-1.72550"], ["-4.43690", "-1.34580", "-1.29950"], ["-5.57140", "0.01410", "-1.26430"], ["-4.95720", "-0.51980", "1.02710"], ["-4.28250", "1.05150", "0.60970"], ["-2.75120", "-1.60810", "0.61140"], ["-2.72100", "-0.40990", "1.90090"], ["-1.71840", "0.03130", "-0.96130"], ["-1.77320", "1.28090", "0.28490"], ["-0.25840", "-0.10020", "1.72620"], ["-0.21640", "-1.35280", "0.48310"], ["0.73570", "1.53760", "0.11020"], ["0.77890", "0.28500", "-1.13270"], ["2.24550", "0.15350", "1.55620"], ["2.29010", "-1.09730", "0.31310"], ["3.25320", "1.79480", "-0.05310"], ["3.27750", "0.55700", "-1.30650"], ["4.87830", "0.44320", "1.35340"], ["5.45660", "-0.53630", "-1.50380"], ["6.55860", "-0.63870", "-0.01380"]], "bond_dist": [[0.0, 1.5209038036641238, 2.5521742456188212, 3.1356057469012266, 4.552886562390941, 5.516948492599872, 6.907873065568011, 7.987135793887568, 9.327942959731262, 10.167567130833216, 1.0938058420030494, 1.0945173182732197, 1.0947540454366904, 2.1385549069406657, 2.1504378554145664, 2.7806166564271315, 3.4737164910222598, 2.8392078578364073, 3.448740225067698, 5.108556612194877, 4.711172763760633, 5.700428251456202, 5.348233102623707, 7.282910408620993, 7.012029892263723, 8.126297871109575, 7.865019275246564, 9.747443347360374, 10.00829060479361, 11.151659379213482], [1.5209038036641238, 0.0, 1.5301440716481565, 2.5571395933738144, 3.90445378638293, 5.0827667987032426, 6.397279453799091, 7.6082136753642775, 8.883698435899317, 9.857002571776066, 2.1749806527875135, 2.169626709828214, 2.1570593872214086, 1.0966277080212776, 1.0961294129800552, 2.160927608690305, 2.1428295125837704, 2.8366952603337565, 2.761018775742026, 4.162386538994186, 4.204836131170868, 5.188847242885456, 5.22387325075944, 6.554381049344018, 6.5834945044406314, 7.689375733438963, 7.696745043198455, 9.144051606919112, 9.8609551408573, 10.788725191142834], [2.5521742456188212, 1.5301440716481565, 0.0, 1.5303264422991587, 2.5256622280107055, 3.8864154036849947, 5.052429519547997, 6.373970675332606, 7.55539770098173, 8.528887776257815, 2.875766673428149, 2.782455509078267, 3.490562499082347, 2.145916776112252, 2.164625946901681, 1.0968339573517956, 1.097163542959754, 2.166078281133902, 2.161025469539866, 2.7545988128945385, 2.7515504738238037, 4.176016564861783, 4.174730863181482, 5.1669461522257025, 5.1674461400192655, 6.563307078752296, 6.54911763675077, 7.780325984815804, 8.597100925893566, 9.417565872878193], [3.1356057469012266, 2.5571395933738144, 1.5303264422991587, 0.0, 1.530385026717133, 2.5269337367647773, 3.8875741034737845, 5.052817490272135, 6.349921248330565, 7.325483347875415, 2.885588255451564, 3.471218212674046, 4.141316300404981, 3.4826774427155898, 2.7878655867885733, 2.1629147810304503, 2.1547012925229336, 1.0958388658922442, 1.0965735269465517, 2.1611773689357383, 2.160683625614819, 2.7544303240416155, 2.754690763044012, 4.173483171165303, 4.17482485021827, 5.180294618069516, 5.16417173997922, 6.670623980558341, 7.349263388258717, 8.275345495506517], [4.552886562390941, 3.90445378638293, 2.5256622280107055, 1.530385026717133, 0.0, 1.529726348076675, 2.526768992211199, 3.8864234535109525, 5.029742877126027, 6.026315701156055, 4.324812612125524, 4.68167553446413, 5.599208487813255, 4.664107284357855, 4.182320487480604, 2.7781849722435688, 2.7174176289264045, 2.153888653110926, 2.16037818217089, 1.096802958602866, 1.0968660446927874, 2.1601823302675167, 2.160237739231495, 2.7515080428739433, 2.752983149240111, 4.182686643773353, 4.171718563134383, 5.290476562654824, 6.164480521503819, 6.915158030009149], [5.516948492599872, 5.0827667987032426, 3.8864154036849947, 2.5269337367647773, 1.529726348076675, 0.0, 1.5301180804107897, 2.5258842174573246, 3.8600661717126044, 4.857202234826134, 5.015203302957917, 5.710075329625696, 6.535521914124381, 5.972346421633628, 5.19427101911327, 4.19129047907682, 4.14831386107657, 2.7442658490022427, 2.755883947121141, 2.1599090374365306, 2.160459992686743, 1.096783378794555, 1.0967825080662075, 2.1597065471957064, 2.160112029502174, 2.7632652170937195, 2.747917325903383, 4.280092963943657, 4.945220597708458, 5.827512968668539], [6.907873065568011, 6.397279453799091, 5.052429519547997, 3.8875741034737845, 2.526768992211199, 1.5301180804107897, 0.0, 1.5299795358108554, 2.503026206414947, 3.554631515361332, 6.474165686017002, 6.989983282526503, 7.956023442021774, 7.18878419623235, 6.563840317984586, 5.195546679609374, 5.131822527134, 4.16598880579389, 4.176658957827416, 2.7538594789858104, 2.7549341444034554, 2.160576668392029, 2.1605930135034686, 1.097381232753686, 1.097352832957568, 2.163686728710975, 2.16179477518103, 2.86339905357252, 3.8514778020910367, 4.437085347387405], [7.987135793887568, 7.6082136753642775, 6.373970675332606, 5.052817490272135, 3.8864234535109525, 2.5258842174573246, 1.5299795358108554, 0.0, 1.5018086063143996, 2.5104742400590365, 7.397932557816406, 8.11895598399203, 9.001355800655809, 8.483186232778342, 7.67721007267614, 6.57423515247211, 6.522004692577276, 5.159488103484685, 5.171398562284675, 4.174562838190366, 4.175763185335107, 2.75323957911403, 2.7535471141783647, 2.164083974803196, 2.16302810430193, 1.0965872240729415, 1.0968719660926702, 2.2179234116623596, 2.7709174942607, 3.49614854375497], [9.327942959731262, 8.883698435899317, 7.55539770098173, 6.349921248330565, 5.029742877126027, 3.8600661717126044, 2.503026206414947, 1.5018086063143996, 0.0, 1.3388202194469576, 8.799778618806272, 9.38884547215471, 10.367282422120079, 9.69023475309035, 8.996911738480044, 7.663155713542562, 7.596068558142429, 6.519901243117107, 6.527712412476518, 5.147223224224883, 5.152978727881574, 4.1448320846567475, 4.150563761707558, 2.736330495389766, 2.7435206341487577, 2.12109854792275, 2.149499016050019, 1.0882904253920458, 2.12155085020369, 2.111298313834405], [10.167567130833216, 9.857002571776066, 8.528887776257815, 7.325483347875415, 6.026315701156055, 4.857202234826134, 3.554631515361332, 2.5104742400590365, 1.3388202194469576, 0.0, 9.605745717017498, 10.13404380097106, 11.217313085583372, 10.67194958243338, 10.045869963820953, 8.524209656619197, 8.656817377073402, 7.356221199773699, 7.59431588887373, 6.263347103586069, 5.9879971685030045, 5.252399532594603, 4.9194114891925835, 3.9473281824545574, 3.4907574378635933, 3.2022085956414514, 2.6416134842175527, 2.0949855966091984, 1.0855272405610097, 1.0857063092752115], [1.0938058420030494, 2.1749806527875135, 2.875766673428149, 2.885588255451564, 4.324812612125524, 5.015203302957917, 6.474165686017002, 7.397932557816406, 8.799778618806272, 9.605745717017498, 0.0, 1.775864685160443, 1.7657908483169795, 3.0612785645870257, 2.4878510184494567, 3.217880453031156, 3.8734725557308396, 2.315757336164565, 3.08273063370772, 5.024772665504381, 4.589395678082246, 5.130179937390111, 4.705590787563237, 6.958622862319814, 6.652908303140815, 7.4885602307786785, 7.183942336906666, 9.293680108008882, 9.384779356489956, 10.627647128598127], [1.0945173182732197, 2.169626709828214, 2.782455509078267, 3.471218212674046, 4.68167553446413, 5.710075329625696, 6.989983282526503, 8.11895598399203, 9.38884547215471, 10.13404380097106, 1.775864685160443, 0.0, 1.77134336027773, 2.5231043676391987, 3.068538950380132, 2.5616253804957507, 3.7500375704784608, 3.0661092446290947, 4.062656020388633, 5.307187776968137, 4.581520709327854, 6.087449417448985, 5.467348582265448, 7.42006689592486, 6.922048830368072, 8.399673763307716, 7.945606597359323, 9.84943401673416, 9.928664109032997, 11.092972331616085], [1.0947540454366904, 2.1570593872214086, 3.490562499082347, 4.141316300404981, 5.599208487813255, 6.535521914124381, 7.956023442021774, 9.001355800655809, 10.367282422120079, 11.217313085583372, 1.7657908483169795, 1.77134336027773, 0.0, 2.431625960134494, 2.499867590493545, 3.7554375737056263, 4.2805428627686934, 3.86493387265552, 4.293148741890968, 6.097878626210922, 5.796365013523562, 6.632481655458989, 6.35743780622351, 8.311352370101991, 8.094849162893649, 9.083582062710724, 8.865638863612707, 10.781127500869285, 11.044323628452762, 12.211748363358948], [2.1385549069406657, 1.0966277080212776, 2.145916776112252, 3.4826774427155898, 4.664107284357855, 5.972346421633628, 7.18878419623235, 8.483186232778342, 9.69023475309035, 10.67194958243338, 3.0612785645870257, 2.5231043676391987, 2.431625960134494, 0.0, 1.7602347968381946, 2.494722305187494, 2.403371567194719, 3.840217599303456, 3.7324572777193312, 4.769017342178575, 4.844069532944382, 6.122312535308859, 6.181851040748233, 7.253424500882325, 7.305248766469216, 8.598539024741354, 8.62644024438818, 9.887916916115346, 10.716947209910105, 11.563358493967053], [2.1504378554145664, 1.0961294129800552, 2.164625946901681, 2.7878655867885733, 4.182320487480604, 5.19427101911327, 6.563840317984586, 7.67721007267614, 8.996911738480044, 10.045869963820953, 2.4878510184494567, 3.068538950380132, 2.499867590493545, 1.7602347968381946, 0.0, 3.0689338116029807, 2.498233305758291, 3.1754460867726912, 2.5406113221034023, 4.3320163838563674, 4.725447625357835, 5.06637194647215, 5.4075179121293715, 6.657105245525265, 6.9212992826491755, 7.601221824154325, 7.814726654848523, 9.211046369441421, 10.091484524092579, 10.989766944753653], [2.7806166564271315, 2.160927608690305, 1.0968339573517956, 2.1629147810304503, 2.7781849722435688, 4.19129047907682, 5.195546679609374, 6.57423515247211, 7.663155713542562, 8.524209656619197, 3.217880453031156, 2.5616253804957507, 3.7554375737056263, 2.494722305187494, 3.0689338116029807, 0.0, 1.7605128599359905, 2.4955347102374676, 3.0674757130252885, 3.119389890667725, 2.550852802495667, 4.722827705940584, 4.3689035729802965, 5.3817183584799375, 5.075884673630795, 6.933549453202163, 6.68664505637917, 7.935216817453698, 8.543465755769141, 9.380990749382496], [3.4737164910222598, 2.1428295125837704, 1.097163542959754, 2.1547012925229336, 2.7174176289264045, 4.14831386107657, 5.131822527134, 6.522004692577276, 7.596068558142429, 8.656817377073402, 3.8734725557308396, 3.7500375704784608, 4.2805428627686934, 2.403371567194719, 2.498233305758291, 1.7605128599359905, 0.0, 3.064645663041651, 2.523605650651464, 2.488138448720248, 3.0285703574459024, 4.352945856543589, 4.683472534348846, 5.010225533845757, 5.301391403207274, 6.661072265784241, 6.870539470813045, 7.666609182030868, 8.858955966139577, 9.477837395207834], [2.8392078578364073, 2.8366952603337565, 2.166078281133902, 1.0958388658922442, 2.153888653110926, 2.7442658490022427, 4.16598880579389, 5.159488103484685, 6.519901243117107, 7.356221199773699, 2.315757336164565, 3.0661092446290947, 3.86493387265552, 3.840217599303456, 3.1754460867726912, 2.4955347102374676, 3.064645663041651, 0.0, 1.765649353637352, 3.061298499003323, 2.5016051187187798, 3.0724027649382166, 2.515998596978941, 4.6973654637466735, 4.354986288152926, 5.3527157639837375, 5.035329218631091, 7.003138481423882, 7.217832154463, 8.357953412767985], [3.448740225067698, 2.761018775742026, 2.161025469539866, 1.0965735269465517, 2.16037818217089, 2.755883947121141, 4.176658957827416, 5.171398562284675, 6.527712412476518, 7.59431588887373, 3.08273063370772, 4.062656020388633, 4.293148741890968, 3.7324572777193312, 2.5406113221034023, 3.0674757130252885, 2.523605650651464, 1.765649353637352, 0.0, 2.50587348842674, 3.0658253652157033, 2.528041572047422, 3.084577925746082, 4.3631621720949125, 4.708188332044503, 5.06389515787995, 5.3447315797895785, 6.788658614925338, 7.666268425381412, 8.555289421755411], [5.108556612194877, 4.162386538994186, 2.7545988128945385, 2.1611773689357383, 1.096802958602866, 2.1599090374365306, 2.7538594789858104, 4.174562838190366, 5.147223224224883, 6.263347103586069, 5.024772665504381, 5.307187776968137, 6.097878626210922, 4.769017342178575, 4.3320163838563674, 3.119389890667725, 2.488138448720248, 3.061298499003323, 2.50587348842674, 0.0, 1.7652388988462724, 2.5064077182294184, 3.0655634946939205, 2.522454935177237, 3.0799208220342287, 4.369012251070028, 4.704441512018191, 5.1787981511157595, 6.579081106811194, 7.0561371337297585], [4.711172763760633, 4.204836131170868, 2.7515504738238037, 2.160683625614819, 1.0968660446927874, 2.160459992686743, 2.7549341444034554, 4.175763185335107, 5.152978727881574, 5.9879971685030045, 4.589395678082246, 4.581520709327854, 5.796365013523562, 4.844069532944382, 4.725447625357835, 2.550852802495667, 3.0285703574459024, 2.5016051187187798, 3.0658253652157033, 1.7652388988462724, 0.0, 3.065935579884222, 2.50675498802735, 3.0791938734025828, 2.525217317380823, 4.715190384279302, 4.36547149916249, 5.471654793570224, 6.066083815774391, 6.830627600740653], [5.700428251456202, 5.188847242885456, 4.176016564861783, 2.7544303240416155, 2.1601823302675167, 1.096783378794555, 2.160576668392029, 2.75323957911403, 4.1448320846567475, 5.252399532594603, 5.130179937390111, 6.087449417448985, 6.632481655458989, 6.122312535308859, 5.06637194647215, 4.722827705940584, 4.352945856543589, 3.0724027649382166, 2.528041572047422, 2.5064077182294184, 3.065935579884222, 0.0, 1.7651270237577807, 2.5072185485114775, 3.0659461476027263, 2.5358676976530146, 3.0707267038927446, 4.461433890578229, 5.4030504365589636, 6.21754148357693], [5.348233102623707, 5.22387325075944, 4.174730863181482, 2.754690763044012, 2.160237739231495, 1.0967825080662075, 2.1605930135034686, 2.7535471141783647, 4.150563761707558, 4.9194114891925835, 4.705590787563237, 5.467348582265448, 6.35743780622351, 6.181851040748233, 5.4075179121293715, 4.3689035729802965, 4.683472534348846, 2.515998596978941, 3.084577925746082, 3.0655634946939205, 2.50675498802735, 1.7651270237577807, 0.0, 3.0656795364160296, 2.506953603479729, 3.0930878891489653, 2.5193634910429257, 4.7969574534281625, 4.763730280987788, 5.959034400806896], [7.282910408620993, 6.554381049344018, 5.1669461522257025, 4.173483171165303, 2.7515080428739433, 2.1597065471957064, 1.097381232753686, 2.164083974803196, 2.736330495389766, 3.9473281824545574, 6.958622862319814, 7.42006689592486, 8.311352370101991, 7.253424500882325, 6.657105245525265, 5.3817183584799375, 5.010225533845757, 4.6973654637466735, 4.3631621720949125, 2.522454935177237, 3.0791938734025828, 2.5072185485114775, 3.0656795364160296, 0.0, 1.7640259096736646, 2.5098150270488064, 3.06967222028672, 2.656443067336472, 4.488940548726392, 4.657822715604363], [7.012029892263723, 6.5834945044406314, 5.1674461400192655, 4.17482485021827, 2.752983149240111, 2.160112029502174, 1.097352832957568, 2.16302810430193, 2.7435206341487577, 3.4907574378635933, 6.652908303140815, 6.922048830368072, 8.094849162893649, 7.305248766469216, 6.9212992826491755, 5.075884673630795, 5.301391403207274, 4.354986288152926, 4.708188332044503, 3.0799208220342287, 2.525217317380823, 3.0659461476027263, 2.506953603479729, 1.7640259096736646, 0.0, 3.070163914190902, 2.5168971790679096, 3.1865566964985894, 3.6935848250717083, 4.30549298222631], [8.126297871109575, 7.689375733438963, 6.563307078752296, 5.180294618069516, 4.182686643773353, 2.7632652170937195, 2.163686728710975, 1.0965872240729415, 2.12109854792275, 3.2022085956414514, 7.4885602307786785, 8.399673763307716, 9.083582062710724, 8.598539024741354, 7.601221824154325, 6.933549453202163, 6.661072265784241, 5.3527157639837375, 5.06389515787995, 4.369012251070028, 4.715190384279302, 2.5358676976530146, 3.0930878891489653, 2.5098150270488064, 3.070163914190902, 0.0, 1.7617465453350547, 2.5389003170664264, 3.5204444690976167, 4.104769896108673], [7.865019275246564, 7.696745043198455, 6.54911763675077, 5.16417173997922, 4.171718563134383, 2.747917325903383, 2.16179477518103, 1.0968719660926702, 2.149499016050019, 2.6416134842175527, 7.183942336906666, 7.945606597359323, 8.865638863612707, 8.62644024438818, 7.814726654848523, 6.68664505637917, 6.870539470813045, 5.035329218631091, 5.3447315797895785, 4.704441512018191, 4.36547149916249, 3.0707267038927446, 2.5193634910429257, 3.06967222028672, 2.5168971790679096, 1.7617465453350547, 0.0, 3.106538119836935, 2.445957683607793, 3.723760060745053], [9.747443347360374, 9.144051606919112, 7.780325984815804, 6.670623980558341, 5.290476562654824, 4.280092963943657, 2.86339905357252, 2.2179234116623596, 1.0882904253920458, 2.0949855966091984, 9.293680108008882, 9.84943401673416, 10.781127500869285, 9.887916916115346, 9.211046369441421, 7.935216817453698, 7.666609182030868, 7.003138481423882, 6.788658614925338, 5.1787981511157595, 5.471654793570224, 4.461433890578229, 4.7969574534281625, 2.656443067336472, 3.1865566964985894, 2.5389003170664264, 3.106538119836935, 0.0, 3.0752955922967793, 2.421394544472255], [10.00829060479361, 9.8609551408573, 8.597100925893566, 7.349263388258717, 6.164480521503819, 4.945220597708458, 3.8514778020910367, 2.7709174942607, 2.12155085020369, 1.0855272405610097, 9.384779356489956, 9.928664109032997, 11.044323628452762, 10.716947209910105, 10.091484524092579, 8.543465755769141, 8.858955966139577, 7.217832154463, 7.666268425381412, 6.579081106811194, 6.066083815774391, 5.4030504365589636, 4.763730280987788, 4.488940548726392, 3.6935848250717083, 3.5204444690976167, 2.445957683607793, 3.0752955922967793, 0.0, 1.8560683608100215], [11.151659379213482, 10.788725191142834, 9.417565872878193, 8.275345495506517, 6.915158030009149, 5.827512968668539, 4.437085347387405, 3.49614854375497, 2.111298313834405, 1.0857063092752115, 10.627647128598127, 11.092972331616085, 12.211748363358948, 11.563358493967053, 10.989766944753653, 9.380990749382496, 9.477837395207834, 8.357953412767985, 8.555289421755411, 7.0561371337297585, 6.830627600740653, 6.21754148357693, 5.959034400806896, 4.657822715604363, 4.30549298222631, 4.104769896108673, 3.723760060745053, 2.421394544472255, 1.8560683608100215, 0.0]]}