{"total energy": -27.36737233, "HOMO-LUMO gap/eV": 6.83739185, "electronic energy": -27.84041805, "dipole": [-0.17455381, -0.16484843, -0.0950215], "partial charges": [-0.09999759, -0.05168903, -0.05808668, -0.05784347, -0.05711926, -0.0499156, -0.03850115, -0.02608374, -0.11389615, 0.03240013, 0.03219727, 0.03114873, 0.02815659, 0.02844664, 0.02973946, 0.03040626, 0.02724914, 0.02820268, 0.02856074, 0.03432652, 0.02733155, 0.03282047, 0.04638855, 0.04760662, 0.06815131], "atomic dipole moments": [[0.05572587, -0.08168873, 0.02145681], [0.03770104, 0.08378081, -0.06106532], [-0.03494108, -0.08478482, 0.06052108], [0.03547628, 0.08253823, -0.05897443], [-0.03828127, -0.08579901, 0.06091256], [0.04261175, 0.07878499, -0.06389639], [-0.0765448, 0.01489774, 0.04755894], [-0.25850873, -0.29432253, -0.16791517], [0.20191482, 0.22875605, 0.13401071], [0.05341049, 0.10510018, 0.04447799], [-0.01610307, 0.01327259, -0.12413293], [-0.11278763, -0.00993717, 0.05187671], [-0.06119578, -0.09931621, -0.04003453], [0.00585894, -0.01076656, 0.12293374], [-0.00853717, 0.01316104, -0.12304927], [0.05876243, 0.10214683, 0.04000509], [-0.05821084, -0.1013388, -0.03982872], [0.00879392, -0.01315182, 0.12331228], [-0.0096997, 0.01329776, -0.12287351], [0.056638, 0.10533671, 0.04082302], [-0.05915738, -0.10033094, -0.03836513], [0.00853168, -0.01374673, 0.12633701], [0.04783593, -0.11831622, 0.01286662], [-0.01209791, 0.01323821, -0.12989506], [0.12972722, 0.14811835, 0.08582037]], "atomic quadrupole moments": [[-0.00238682, -0.15666531, 0.1093046, 0.03300174, -0.06525732, -0.10691779], [0.14609813, -0.13533543, 0.01236334, -0.08357672, -0.0789807, -0.15846147], [0.15530645, -0.13276688, 0.00587862, -0.09247391, -0.08169601, -0.16118507], [0.15506991, -0.12866092, 0.00557251, -0.09280328, -0.07955908, -0.16064241], [0.15047536, -0.12882416, 0.00475868, -0.09470549, -0.0857131, -0.15523404], [0.15623672, -0.12510316, -0.00157255, -0.10122988, -0.06549934, -0.15466417], [0.15789162, 0.04724615, -0.07861533, -0.09854969, 0.03460618, -0.07927629], [-0.04559262, -0.60693033, -0.20460247, -0.3620802, -0.40281513, 0.25019509], [-0.05136575, -0.70688411, -0.24256806, -0.41724696, -0.46410194, 0.29393381], [-0.00773447, 0.04228273, 0.03668662, 0.03295564, 0.03205294, -0.02895214], [-0.04768685, -0.01023731, -0.03258405, 0.0070241, -0.00184024, 0.0802709], [0.05708148, 0.00788822, -0.03161241, -0.05048122, -0.01599759, -0.02546907], [-0.00400096, 0.02362082, 0.02486335, 0.01675211, 0.03463244, -0.02086239], [-0.02017819, -0.00964165, -0.03453814, 0.01259758, 0.00062672, 0.05471632], [-0.02244204, -0.00671834, -0.03377335, 0.01095314, 0.00240042, 0.05621539], [-0.00412985, 0.02620908, 0.02194223, 0.01773882, 0.0333636, -0.01781238], [-0.00393517, 0.02663336, 0.02221842, 0.01778393, 0.03369993, -0.01828325], [-0.02205611, -0.00678849, -0.03329107, 0.01096482, 0.00254904, 0.05534717], [-0.02334483, -0.00670433, -0.03356307, 0.01011007, 0.00285377, 0.0569079], [-0.00379833, 0.02782335, 0.01985641, 0.017564, 0.03164764, -0.01605809], [0.00463092, 0.02307331, 0.02327282, 0.01843369, 0.03447756, -0.02790374], [-0.02038047, -0.01018491, -0.03241493, 0.01392778, 0.0047957, 0.0527954], [0.00327391, -0.0309887, 0.03909047, 0.00538824, -0.02181564, -0.04236438], [-0.01680918, 0.00273993, -0.03335443, 0.00916445, -0.02882003, 0.05016361], [-0.00202193, -0.0249418, -0.00870817, -0.01414343, -0.0161521, 0.0107301]], "number of molecular orbitals": 52, "number of electrons": 52, "number of unpaired electrons": 0, "orbital energies/eV": [-17.01341636, -16.8609482, -16.58147843, -16.27500634, -15.96721239, -15.41398894, -15.12413512, -15.02473393, -14.32501394, -14.03861629, -13.71797196, -13.61690669, -13.47876108, -13.16408501, -12.99477779, -12.72087035, -12.48543574, -12.36544621, -12.02083217, -11.89170479, -11.7344702, -11.51123006, -11.48079422, -11.38725915, -10.88220489, -10.8018604, -3.96446856, -3.85294209, 1.23512143, 1.48379514, 2.76364001, 2.92958964, 3.28404296, 3.5908434, 3.77279661, 3.90067474, 4.09540007, 4.54703706, 4.75255936, 4.90119799, 5.03180918, 5.75548636, 5.95359793, 6.11715851, 6.7207654, 6.90970917, 7.24301925, 7.43066458, 7.65641723, 8.33923116, 8.83736529, 38.0146705], "fractional occupation": [2.0, 2.0, 2.0, 2.0, 2.0, 2.0, 2.0, 2.0, 2.0, 2.0, 2.0, 2.0, 2.0, 2.0, 2.0, 2.0, 2.0, 2.0, 2.0, 2.0, 2.0, 2.0, 2.0, 2.0, 2.0, 2.0, 0.0, 0.0, 0.0, 0.0, 0.0, 0.0, 0.0, 0.0, 0.0, 0.0, 0.0, 0.0, 0.0, 0.0, 0.0, 0.0, 0.0, 0.0, 0.0, 0.0, 0.0, 0.0, 0.0, 0.0, 0.0, 0.0], "program call": "xtb /home/svss/Project-DBcg-Debug/aqme2_20220329/End-to-End-workflows-final/example-3/QDESCP/mol_198_rdkit_conf_2/mol_198_rdkit_conf_2.xyz --pop --wbo --acc 0.2 --gfn 2 --chrg 0 --uhf 0 --etemp 300 --input /home/svss/Project-DBcg-Debug/aqme2_20220329/End-to-End-workflows-final/example-3/QDESCP/mol_198_rdkit_conf_2/mol_198_rdkit_conf_2_xtb.inp", "method": "GFN2-xTB", "xtb version": "6.3.3 (7355c4f)", "Dipole module/D": 0.656, "Total charge": 0, "Transition dipole module/D": NaN, "HOMO": -10.8019, "LUMO": -3.9645, "HOMO occupancy": 2.0, "LUMO occupancy": 0, "mulliken charges": [-0.08344, -0.03848, -0.04637, -0.04549, -0.04657, -0.04066, -0.02144, -0.02739, -0.10604, 0.02693, 0.02668, 0.02812, 0.02182, 0.02219, 0.02276, 0.02359, 0.02189, 0.02324, 0.02295, 0.02705, 0.02486, 0.02825, 0.03901, 0.03794, 0.05859], "cm5 charges": [-0.23376, -0.15097, -0.15701, -0.15621, -0.15665, -0.14962, -0.12392, -0.03956, -0.1576, 0.07821, 0.07797, 0.0789, 0.07652, 0.07689, 0.0781, 0.07892, 0.07724, 0.07858, 0.07838, 0.08315, 0.07977, 0.08361, 0.09385, 0.09319, 0.11201], "FUKUI+": [0.005, 0.001, 0.0, 0.003, 0.008, 0.001, 0.016, -0.228, -0.194, -0.007, -0.009, -0.017, -0.011, -0.009, -0.012, -0.007, -0.021, -0.015, -0.026, -0.0, -0.066, -0.037, -0.094, -0.097, -0.184], "FUKUI-": [0.016, 0.004, 0.003, 0.006, -0.001, 0.005, 0.005, -0.062, -0.08, -0.055, -0.056, -0.06, -0.07, -0.07, -0.059, -0.057, -0.047, -0.044, -0.033, -0.03, -0.041, -0.036, -0.097, -0.064, -0.076], "FUKUIrad": [0.011, 0.003, 0.002, 0.004, 0.003, 0.003, 0.01, -0.145, -0.137, -0.031, -0.032, -0.039, -0.04, -0.039, -0.036, -0.032, -0.034, -0.029, -0.029, -0.015, -0.053, -0.037, -0.095, -0.081, -0.13], "s proportion": [1.007, 1.027, 1.032, 1.032, 1.032, 1.032, 1.02, 1.113, 1.088, 0.973, 0.973, 0.972, 0.978, 0.978, 0.977, 0.976, 0.978, 0.977, 0.977, 0.973, 0.975, 0.972, 0.961, 0.962, 0.941], "p proportion": [3.076, 3.011, 3.014, 3.013, 3.014, 3.008, 3.001, 2.914, 3.018, 0.0, 0.0, 0.0, 0.0, 0.0, 0.0, 0.0, 0.0, 0.0, 0.0, 0.0, 0.0, 0.0, 0.0, 0.0, 0.0], "d proportion": [0.0, 0.0, 0.0, 0.0, 0.0, 0.0, 0.0, 0.0, 0.0, 0.0, 0.0, 0.0, 0.0, 0.0, 0.0, 0.0, 0.0, 0.0, 0.0, 0.0, 0.0, 0.0, 0.0, 0.0, 0.0], "Fermi-level/eV": -7.3832, "Coordination numbers": [3.75, 3.8, 3.802, 3.802, 3.801, 3.803, 3.802, 1.964, 1.908, 0.924, 0.924, 0.924, 0.924, 0.924, 0.924, 0.924, 0.924, 0.924, 0.924, 0.924, 0.924, 0.924, 0.924, 0.924, 0.927], "Dispersion coefficient C6": [22.473, 21.502, 21.618, 21.614, 21.602, 21.467, 21.261, 31.764, 34.278, 2.553, 2.556, 2.57, 2.613, 2.609, 2.59, 2.581, 2.626, 2.612, 2.607, 2.526, 2.625, 2.547, 2.366, 2.35, 2.106], "Total dispersion C6": 4812.864245, "Total dispersion C8": 105518.978435, "Polarizability alpha": [6.761, 6.602, 6.62, 6.619, 6.617, 6.596, 6.565, 9.101, 9.455, 2.499, 2.5, 2.507, 2.528, 2.526, 2.517, 2.512, 2.534, 2.528, 2.525, 2.485, 2.534, 2.496, 2.405, 2.397, 2.269], "Total polarizability alpha": 104.69885, "Wiberg matrix": [[0.0, 1.0200951868778094, 0.0, 0.0, 0.0, 0.0, 0.0, 0.0, 0.0, 0.9877056057169569, 0.9877189326056046, 0.9874017804850591, 0.0, 0.0, 0.0, 0.0, 0.0, 0.0, 0.0, 0.0, 0.0, 0.0, 0.0, 0.0, 0.0], [1.0200951868778094, 0.0, 1.0077230052583293, 0.0, 0.0, 0.0, 0.0, 0.0, 0.0, 0.0, 0.0, 0.0, 0.9781067203514283, 0.9780999979934737, 0.0, 0.0, 0.0, 0.0, 0.0, 0.0, 0.0, 0.0, 0.0, 0.0, 0.0], [0.0, 1.0077230052583293, 0.0, 1.0071012003608872, 0.0, 0.0, 0.0, 0.0, 0.0, 0.0, 0.0, 0.0, 0.0, 0.0, 0.9772298082844628, 0.977184028492262, 0.0, 0.0, 0.0, 0.0, 0.0, 0.0, 0.0, 0.0, 0.0], [0.0, 0.0, 1.0071012003608872, 0.0, 1.0068947293741108, 0.0, 0.0, 0.0, 0.0, 0.0, 0.0, 0.0, 0.0, 0.0, 0.0, 0.0, 0.9773266576666024, 0.9774502898837498, 0.0, 0.0, 0.0, 0.0, 0.0, 0.0, 0.0], [0.0, 0.0, 0.0, 1.0068947293741108, 0.0, 1.0076951550686746, 0.0, 0.0, 0.0, 0.0, 0.0, 0.0, 0.0, 0.0, 0.0, 0.0, 0.0, 0.0, 0.9772454226711607, 0.9768537373027968, 0.0, 0.0, 0.0, 0.0, 0.0], [0.0, 0.0, 0.0, 0.0, 1.0076951550686746, 0.0, 0.9898760020913033, 0.0, 0.0, 0.0, 0.0, 0.0, 0.0, 0.0, 0.0, 0.0, 0.0, 0.0, 0.0, 0.0, 0.9763537723674929, 0.977802576933182, 0.0, 0.0, 0.0], [0.0, 0.0, 0.0, 0.0, 0.0, 0.9898760020913033, 0.0, 1.0449739937518185, 0.0, 0.0, 0.0, 0.0, 0.0, 0.0, 0.0, 0.0, 0.0, 0.0, 0.0, 0.0, 0.0, 0.0, 0.9570235518465726, 0.9577080066047063, 0.0], [0.0, 0.0, 0.0, 0.0, 0.0, 0.0, 1.0449739937518185, 0.0, 2.9024206455241313, 0.0, 0.0, 0.0, 0.0, 0.0, 0.0, 0.0, 0.0, 0.0, 0.0, 0.0, 0.0, 0.0, 0.0, 0.0, 0.0], [0.0, 0.0, 0.0, 0.0, 0.0, 0.0, 0.0, 2.9024206455241313, 0.0, 0.0, 0.0, 0.0, 0.0, 0.0, 0.0, 0.0, 0.0, 0.0, 0.0, 0.0, 0.0, 0.0, 0.0, 0.0, 0.970893013330662], [0.9877056057169569, 0.0, 0.0, 0.0, 0.0, 0.0, 0.0, 0.0, 0.0, 0.0, 0.0, 0.0, 0.0, 0.0, 0.0, 0.0, 0.0, 0.0, 0.0, 0.0, 0.0, 0.0, 0.0, 0.0, 0.0], [0.9877189326056046, 0.0, 0.0, 0.0, 0.0, 0.0, 0.0, 0.0, 0.0, 0.0, 0.0, 0.0, 0.0, 0.0, 0.0, 0.0, 0.0, 0.0, 0.0, 0.0, 0.0, 0.0, 0.0, 0.0, 0.0], [0.9874017804850591, 0.0, 0.0, 0.0, 0.0, 0.0, 0.0, 0.0, 0.0, 0.0, 0.0, 0.0, 0.0, 0.0, 0.0, 0.0, 0.0, 0.0, 0.0, 0.0, 0.0, 0.0, 0.0, 0.0, 0.0], [0.0, 0.9781067203514283, 0.0, 0.0, 0.0, 0.0, 0.0, 0.0, 0.0, 0.0, 0.0, 0.0, 0.0, 0.0, 0.0, 0.0, 0.0, 0.0, 0.0, 0.0, 0.0, 0.0, 0.0, 0.0, 0.0], [0.0, 0.9780999979934737, 0.0, 0.0, 0.0, 0.0, 0.0, 0.0, 0.0, 0.0, 0.0, 0.0, 0.0, 0.0, 0.0, 0.0, 0.0, 0.0, 0.0, 0.0, 0.0, 0.0, 0.0, 0.0, 0.0], [0.0, 0.0, 0.9772298082844628, 0.0, 0.0, 0.0, 0.0, 0.0, 0.0, 0.0, 0.0, 0.0, 0.0, 0.0, 0.0, 0.0, 0.0, 0.0, 0.0, 0.0, 0.0, 0.0, 0.0, 0.0, 0.0], [0.0, 0.0, 0.977184028492262, 0.0, 0.0, 0.0, 0.0, 0.0, 0.0, 0.0, 0.0, 0.0, 0.0, 0.0, 0.0, 0.0, 0.0, 0.0, 0.0, 0.0, 0.0, 0.0, 0.0, 0.0, 0.0], [0.0, 0.0, 0.0, 0.9773266576666024, 0.0, 0.0, 0.0, 0.0, 0.0, 0.0, 0.0, 0.0, 0.0, 0.0, 0.0, 0.0, 0.0, 0.0, 0.0, 0.0, 0.0, 0.0, 0.0, 0.0, 0.0], [0.0, 0.0, 0.0, 0.9774502898837498, 0.0, 0.0, 0.0, 0.0, 0.0, 0.0, 0.0, 0.0, 0.0, 0.0, 0.0, 0.0, 0.0, 0.0, 0.0, 0.0, 0.0, 0.0, 0.0, 0.0, 0.0], [0.0, 0.0, 0.0, 0.0, 0.9772454226711607, 0.0, 0.0, 0.0, 0.0, 0.0, 0.0, 0.0, 0.0, 0.0, 0.0, 0.0, 0.0, 0.0, 0.0, 0.0, 0.0, 0.0, 0.0, 0.0, 0.0], [0.0, 0.0, 0.0, 0.0, 0.9768537373027968, 0.0, 0.0, 0.0, 0.0, 0.0, 0.0, 0.0, 0.0, 0.0, 0.0, 0.0, 0.0, 0.0, 0.0, 0.0, 0.0, 0.0, 0.0, 0.0, 0.0], [0.0, 0.0, 0.0, 0.0, 0.0, 0.9763537723674929, 0.0, 0.0, 0.0, 0.0, 0.0, 0.0, 0.0, 0.0, 0.0, 0.0, 0.0, 0.0, 0.0, 0.0, 0.0, 0.0, 0.0, 0.0, 0.0], [0.0, 0.0, 0.0, 0.0, 0.0, 0.977802576933182, 0.0, 0.0, 0.0, 0.0, 0.0, 0.0, 0.0, 0.0, 0.0, 0.0, 0.0, 0.0, 0.0, 0.0, 0.0, 0.0, 0.0, 0.0, 0.0], [0.0, 0.0, 0.0, 0.0, 0.0, 0.0, 0.9570235518465726, 0.0, 0.0, 0.0, 0.0, 0.0, 0.0, 0.0, 0.0, 0.0, 0.0, 0.0, 0.0, 0.0, 0.0, 0.0, 0.0, 0.0, 0.0], [0.0, 0.0, 0.0, 0.0, 0.0, 0.0, 0.9577080066047063, 0.0, 0.0, 0.0, 0.0, 0.0, 0.0, 0.0, 0.0, 0.0, 0.0, 0.0, 0.0, 0.0, 0.0, 0.0, 0.0, 0.0, 0.0], [0.0, 0.0, 0.0, 0.0, 0.0, 0.0, 0.0, 0.0, 0.970893013330662, 0.0, 0.0, 0.0, 0.0, 0.0, 0.0, 0.0, 0.0, 0.0, 0.0, 0.0, 0.0, 0.0, 0.0, 0.0, 0.0]], "Born radii": [], "Atomic SASAs": [], "Solvent H bonds": [], "Total SASA": NaN, "Total FOD": 0.0, "FOD": [0.0, 0.0, 0.0, 0.0, 0.0, 0.0, 0.0, 0.0, 0.0, 0.0, 0.0, 0.0, 0.0, 0.0, 0.0, 0.0, 0.0, 0.0, 0.0, 0.0, 0.0, 0.0, 0.0, 0.0, 0.0], "FOD s proportion": [0.0, 0.0, 0.0, 0.0, 0.0, 0.0, 0.0, 0.0, 0.0, 0.0, 0.0, 0.0, 0.0, 0.0, 0.0, 0.0, 0.0, 0.0, 0.0, 0.0, 0.0, 0.0, 0.0, 0.0, 0.0], "FOD p proportion": [0.0, 0.0, 0.0, 0.0, 0.0, 0.0, 0.0, 0.0, 0.0, 0.0, 0.0, 0.0, 0.0, 0.0, 0.0, 0.0, 0.0, 0.0, 0.0, 0.0, 0.0, 0.0, 0.0, 0.0, 0.0], "FOD d proportion": [0.0, 0.0, 0.0, 0.0, 0.0, 0.0, 0.0, 0.0, 0.0, 0.0, 0.0, 0.0, 0.0, 0.0, 0.0, 0.0, 0.0, 0.0, 0.0, 0.0, 0.0, 0.0, 0.0, 0.0, 0.0], "coordinates": [["-3.65600", "1.94960", "0.18170"], ["-2.83050", "0.71660", "0.51270"], ["-1.43460", "0.79480", "-0.10500"], ["-0.60740", "-0.44730", "0.23030"], ["0.79010", "-0.36920", "-0.38820"], ["1.61640", "-1.61510", "-0.05120"], ["3.00240", "-1.60230", "-0.69840"], ["3.88610", "-0.58700", "-0.10590"], ["4.61130", "0.24030", "0.37560"], ["-3.17790", "2.85650", "0.56560"], ["-3.78180", "2.05880", "-0.90020"], ["-4.65010", "1.87260", "0.63320"], ["-3.35160", "-0.17460", "0.14390"], ["-2.75100", "0.61880", "1.60170"], ["-1.51970", "0.89670", "-1.19380"], ["-0.91930", "1.69010", "0.26390"], ["-1.12310", "-1.34230", "-0.13850"], ["-0.52170", "-0.54880", "1.31910"], ["0.70380", "-0.27020", "-1.47710"], ["1.29840", "0.52990", "-0.02060"], ["1.07850", "-2.50310", "-0.40600"], ["1.71060", "-1.71300", "1.03770"], ["3.46090", "-2.58960", "-0.56680"], ["2.91170", "-1.43710", "-1.77810"], ["5.25440", "0.97470", "0.80310"]], "bond_dist": [[0.0, 1.520296106026718, 2.5199956130914196, 3.8783312816210014, 5.046724151367895, 6.368636452177185, 7.597687818014109, 7.962432149161461, 8.444379964804996, 1.0947266462455365, 1.0946496654181193, 1.0945391998462184, 2.146232475758393, 2.1462650442105233, 2.7503411333869114, 2.7502043524072897, 4.165899189850854, 4.166475466146417, 5.165944784838491, 5.157766254882049, 6.525903679184976, 6.553454838480235, 8.474364548448456, 7.644948411859952, 8.985087430292486], [1.520296106026718, 0.0, 1.528465027404945, 2.5251904047021876, 3.8857852243787225, 5.0526950937098905, 6.3927132604239345, 6.869843846842517, 7.458287024511727, 2.168561085143787, 2.1685845475793655, 2.1591202861350736, 1.0962646076563816, 1.0962691685895394, 2.1593459426409654, 2.1592334588922983, 2.7528794761122395, 2.7535568924574627, 4.174249006707674, 4.167382990558943, 5.1469174055933715, 5.176888097110078, 7.188740685961624, 6.546682302510181, 8.09422978299974], [2.5199956130914196, 1.528465027404945, 0.0, 1.5295418725879981, 2.5267347169815833, 3.888330419344529, 5.0779110833097505, 5.497201155133402, 6.090267105800861, 2.7819788173169115, 2.7819753557499394, 3.4707394500307855, 2.162539379988258, 2.16257019539251, 1.0968641939638653, 1.0968971647333217, 2.159942339508164, 2.1602565079175204, 2.7549297577252307, 2.7471047249786458, 4.157212650322328, 4.181758860814431, 5.969367039309947, 5.164393953795547, 6.752757260556609], [3.8783312816210014, 2.5251904047021876, 1.5295418725879981, 0.0, 1.5302444608623813, 2.5275057922782294, 3.902199985905387, 4.508224570715172, 5.265808156399167, 4.19940362194443, 4.199450299741622, 4.678427910099717, 2.7590693883989217, 2.759044785790908, 2.160251860316292, 2.1602984354019235, 1.0968066967337498, 1.096873821366888, 2.160051992429812, 2.1563729477991513, 2.733761170987693, 2.761705134513821, 4.666463606415462, 4.171023784396344, 6.058950658323602], [5.046724151367895, 3.8857852243787225, 2.5267347169815833, 1.5302444608623813, 0.0, 1.5325167209528254, 2.551672185058261, 3.1164637219130276, 3.944166595112331, 5.201913006769721, 5.201884044267039, 5.971993070993971, 4.1802725341776465, 4.180339127391461, 2.7543910778972545, 2.7546323275529896, 2.160927564727703, 2.1605436098352655, 1.096791639282503, 1.0963026315757889, 2.1533742382595737, 2.164788557804203, 3.477822128861681, 2.7519845530089735, 4.811988922472703], [6.368636452177185, 5.0526950937098905, 3.888330419344529, 2.5275057922782294, 1.5325167209528254, 0.0, 1.5297149015421143, 2.492292075580228, 3.5488157757201204, 6.584904045618281, 6.584747941265482, 7.2042679642001115, 5.1763044983849245, 5.176540387169794, 4.177295442029448, 4.177727796302674, 2.7544330414805875, 2.754303794064845, 2.1621252461409357, 2.1686598073464634, 1.0971615423446084, 1.097342817901498, 2.1488773487567876, 2.166026246378377, 4.546640136408422], [7.597687818014109, 6.3927132604239345, 5.0779110833097505, 3.902199985905387, 2.551672185058261, 1.5297149015421143, 0.0, 1.4706515664833733, 2.671555720923672, 7.724940228247725, 7.711662991210132, 8.509338682882472, 6.566666778510998, 6.582199995442254, 5.190357460715013, 5.210148744517761, 4.171431200439486, 4.19516975937804, 2.768469985389042, 2.812348783490412, 2.1443716119180465, 2.16680523813286, 1.0964953716272585, 1.0960244614058574, 3.7372363117683634], [7.962432149161461, 6.869843846842517, 5.497201155133402, 4.508224570715172, 3.1164637219130276, 2.492292075580228, 1.4706515664833733, 0.0, 1.2009090640011006, 7.887249235316455, 8.150328860849726, 8.91418035547857, 7.253742143886837, 6.958516207497113, 5.710303471795522, 5.3304601686908795, 5.065927900197554, 4.632578664199886, 3.479595518160121, 2.8197398798470754, 3.412347722609758, 2.7034232391543873, 2.0984829305953383, 2.113853876217559, 2.2665905629380885], [8.444379964804996, 7.458287024511727, 6.090267105800861, 5.265808156399167, 3.944166595112331, 3.5488157757201204, 2.671555720923672, 1.2009090640011006, 0.0, 8.219016916882456, 8.682092806460895, 9.407671922957348, 7.977067337687453, 7.473288750610402, 6.362628255681766, 5.718560421119987, 5.970951760816696, 5.278310341387668, 4.3544992582385404, 3.3490519568976533, 4.540684745718425, 3.559187799203633, 3.1968534420582997, 3.2157012625553385, 1.065681575331018], [1.0947266462455365, 2.168561085143787, 2.7819788173169115, 4.19940362194443, 5.201913006769721, 6.584904045618281, 7.724940228247725, 7.887249235316455, 8.219016916882456, 0.0, 1.7747084661994486, 1.7720050253879078, 3.0652193706160737, 2.5026082613944998, 3.112222941885751, 2.559840973576289, 4.727354576293173, 4.383974085233625, 5.386693890504639, 5.078775412439499, 6.912760641017451, 6.708251702940193, 8.661177772681958, 7.810964012847583, 8.642989111412788], [1.0946496654181193, 2.1685845475793655, 2.7819753557499394, 4.199450299741622, 5.201884044267039, 6.584747941265482, 7.711662991210132, 8.150328860849726, 8.682092806460895, 1.7747084661994486, 0.0, 1.7719850140449833, 2.5026570699958075, 3.0652328214998614, 2.5600339411812496, 3.1120692071353426, 4.383646175274643, 4.727908867565025, 5.087009137990613, 5.377700569016464, 6.684136544087052, 6.938904049632045, 8.612518877192665, 7.6023001433776605, 9.259017990046244], [1.0945391998462184, 2.1591202861350736, 3.4707394500307855, 4.678427910099717, 5.971993070993971, 7.2042679642001115, 8.509338682882472, 8.91418035547857, 9.407671922957348, 1.7720050253879078, 1.7719850140449833, 0.0, 2.473164891389169, 2.4731735685147536, 3.7536267755332307, 3.7534727093719495, 4.834338827595766, 4.8350101685518725, 6.140781964864084, 6.133102802008132, 7.2830999643009156, 7.312909961157733, 9.334856712344331, 8.599377943781747, 9.946567783411522], [2.146232475758393, 1.0962646076563816, 2.162539379988258, 2.7590693883989217, 4.1802725341776465, 5.1763044983849245, 6.566666778510998, 7.253742143886837, 7.977067337687453, 3.0652193706160737, 2.5026570699958075, 2.473164891389169, 0.0, 1.7650452572101374, 2.5085817885809503, 3.0671793850376603, 2.531696131055226, 3.0869814852052477, 4.368414989444111, 4.7059409792304026, 5.034887115914318, 5.365763863607865, 7.262745743862991, 6.672099904827564, 8.707391752413578], [2.1462650442105233, 1.0962691685895394, 2.16257019539251, 2.759044785790908, 4.180339127391461, 5.176540387169794, 6.582199995442254, 6.958516207497113, 7.473288750610402, 2.5026082613944998, 3.0652328214998614, 2.4731735685147536, 1.7650452572101374, 0.0, 3.0672705048625883, 2.5084890711342553, 3.0861412248955813, 2.5323765537534104, 4.712215347371128, 4.363187007223046, 5.333121895287975, 5.065694601927755, 7.320104126308587, 6.907672845466843, 8.053002913820409], [2.7503411333869114, 2.1593459426409654, 1.0968641939638653, 2.160251860316292, 2.7543910778972545, 4.177295442029448, 5.190357460715013, 5.710303471795522, 6.362628255681766, 3.112222941885751, 2.5600339411812496, 3.7536267755332307, 2.5085817885809503, 3.0672705048625883, 0.0, 1.7648946172505597, 2.5068048687522526, 3.065964882382054, 2.5270272554921127, 3.074512658942877, 4.35085188440149, 4.714336053995302, 6.111774950863293, 5.0423541020043405, 7.062727831369407], [2.7502043524072897, 2.1592334588922983, 1.0968971647333217, 2.1602984354019235, 2.7546323275529896, 4.177727796302674, 5.210148744517761, 5.3304601686908795, 5.718560421119987, 2.559840973576289, 3.1120692071353426, 3.7534727093719495, 3.0671793850376603, 2.5084890711342553, 1.7648946172505597, 0.0, 3.065764172274182, 2.5068318671183354, 3.083554880328871, 2.5189675623159578, 4.692855963057038, 4.369923347153815, 6.179971409318979, 5.350299509373284, 6.238357595553497], [4.165899189850854, 2.7528794761122395, 2.159942339508164, 1.0968066967337498, 2.160927564727703, 2.7544330414805875, 4.171431200439486, 5.065927900197554, 5.970951760816696, 4.727354576293173, 4.383646175274643, 4.834338827595766, 2.531696131055226, 3.0861412248955813, 2.5068048687522526, 3.065764172274182, 0.0, 1.765197430884149, 2.505755770221831, 3.0631185905870506, 2.5032090304247467, 3.0904240194510524, 4.7699323035028485, 4.356246806598543, 6.8503726767235085], [4.166475466146417, 2.7535568924574627, 2.1602565079175204, 1.096873821366888, 2.1605436098352655, 2.754303794064845, 4.19516975937804, 4.632578664199886, 5.278310341387668, 4.383974085233625, 4.727908867565025, 4.8350101685518725, 3.0869814852052477, 2.5323765537534104, 3.065964882382054, 2.5068318671183354, 1.765197430884149, 0.0, 3.065648813872848, 2.504227184182777, 3.058741332639947, 2.533320131763848, 4.856190503882647, 4.708498729956291, 5.995885210709091], [5.165944784838491, 4.174249006707674, 2.7549297577252307, 2.160051992429812, 1.096791639282503, 2.1621252461409357, 2.768469985389042, 3.479595518160121, 4.3544992582385404, 5.386693890504639, 5.087009137990613, 6.140781964864084, 4.368414989444111, 4.712215347371128, 2.5270272554921127, 3.083554880328871, 2.505755770221831, 3.065648813872848, 0.0, 1.7649649911542156, 2.50469513314495, 3.0691264424914135, 3.7161623834272905, 2.5153685654392683, 5.239947367102078], [5.157766254882049, 4.167382990558943, 2.7471047249786458, 2.1563729477991513, 1.0963026315757889, 2.1686598073464634, 2.812348783490412, 2.8197398798470754, 3.3490519568976533, 5.078775412439499, 5.377700569016464, 6.133102802008132, 4.7059409792304026, 4.363187007223046, 3.074512658942877, 2.5189675623159578, 3.0631185905870506, 2.504227184182777, 1.7649649911542156, 0.0, 3.0652859850265193, 2.514062079583557, 3.834843013736025, 3.092027189401801, 4.065250881557005], [6.525903679184976, 5.1469174055933715, 4.157212650322328, 2.733761170987693, 2.1533742382595737, 1.0971615423446084, 2.1443716119180465, 3.412347722609758, 4.540684745718425, 6.912760641017451, 6.684136544087052, 7.2830999643009156, 5.034887115914318, 5.333121895287975, 4.35085188440149, 4.692855963057038, 2.5032090304247467, 3.058741332639947, 2.50469513314495, 3.0652859850265193, 0.0, 1.7629742227270369, 2.389386668164029, 2.5257942612176474, 5.56732938310641], [6.553454838480235, 5.176888097110078, 4.181758860814431, 2.761705134513821, 2.164788557804203, 1.097342817901498, 2.16680523813286, 2.7034232391543873, 3.559187799203633, 6.708251702940193, 6.938904049632045, 7.312909961157733, 5.365763863607865, 5.065694601927755, 4.714336053995302, 4.369923347153815, 3.0904240194510524, 2.533320131763848, 3.0691264424914135, 2.514062079583557, 1.7629742227270369, 0.0, 2.531086308287412, 3.073677221179869, 4.4539069242632365], [8.474364548448456, 7.188740685961624, 5.969367039309947, 4.666463606415462, 3.477822128861681, 2.1488773487567876, 1.0964953716272585, 2.0984829305953383, 3.1968534420582997, 8.661177772681958, 8.612518877192665, 9.334856712344331, 7.262745743862991, 7.320104126308587, 6.111774950863293, 6.179971409318979, 4.7699323035028485, 4.856190503882647, 3.7161623834272905, 3.834843013736025, 2.389386668164029, 2.531086308287412, 0.0, 1.7598649323172504, 4.218708659056702], [7.644948411859952, 6.546682302510181, 5.164393953795547, 4.171023784396344, 2.7519845530089735, 2.166026246378377, 1.0960244614058574, 2.113853876217559, 3.2157012625553385, 7.810964012847583, 7.6023001433776605, 8.599377943781747, 6.672099904827564, 6.907672845466843, 5.0423541020043405, 5.350299509373284, 4.356246806598543, 4.708498729956291, 2.5153685654392683, 3.092027189401801, 2.5257942612176474, 3.073677221179869, 1.7598649323172504, 0.0, 4.23882247446151], [8.985087430292486, 8.09422978299974, 6.752757260556609, 6.058950658323602, 4.811988922472703, 4.546640136408422, 3.7372363117683634, 2.2665905629380885, 1.065681575331018, 8.642989111412788, 9.259017990046244, 9.946567783411522, 8.707391752413578, 8.053002913820409, 7.062727831369407, 6.238357595553497, 6.8503726767235085, 5.995885210709091, 5.239947367102078, 4.065250881557005, 5.56732938310641, 4.4539069242632365, 4.218708659056702, 4.23882247446151, 0.0]]}