{"total energy": -42.93463451, "HOMO-LUMO gap/eV": 4.78032337, "electronic energy": -43.46324611, "dipole": [0.04881301, 0.61642062, -0.51601665], "partial charges": [-0.09964318, -0.05153343, -0.05758634, -0.05801042, -0.0590726, -0.05936068, -0.05763531, -0.08837797, 0.35206986, -0.40551542, -0.2766513, 0.08139736, -0.11091659, 0.02985939, 0.0331852, 0.03303566, 0.02868677, 0.02762126, 0.02750803, 0.03057386, 0.03285645, 0.02931163, 0.03192945, 0.03135939, 0.03092616, 0.03087698, 0.0467052, 0.04651846, 0.06875604, 0.0682177, 0.05546413, 0.05228706, 0.05037916, 0.05696724, 0.04781079], "atomic dipole moments": [[0.0383527, -0.0890725, -0.02985833], [0.05426923, 0.07027135, 0.06750585], [-0.01676877, 0.08288929, -0.07062933], [0.02323821, -0.08921245, 0.06604663], [-0.01166512, 0.0898943, -0.06561582], [0.02896029, -0.08795133, 0.06757131], [0.00627367, 0.1107653, -0.07724284], [0.03472151, -0.07200725, 0.05769501], [0.12819431, 0.08280818, -0.0320871], [-0.03630393, 0.13816067, -0.10482289], [0.07701847, -0.16545194, 0.13136704], [-0.22040753, -0.02817301, -0.12106168], [-0.05104429, 0.08775047, 0.08624318], [-0.11632336, 0.01105398, -0.04287182], [-0.0054815, 0.01004646, 0.12578257], [0.06413043, 0.0982162, -0.04604045], [0.0014587, -0.00501782, -0.12374063], [-0.07599037, -0.08792799, 0.03336191], [0.02815217, -0.11493094, -0.02908518], [-0.00543284, -0.00086197, 0.12435034], [-0.02494804, 0.11623809, 0.0361439], [0.00238526, 0.0027329, -0.12412739], [-0.00221169, -0.00300648, 0.12458753], [0.02731279, -0.11613646, -0.03554915], [0.00136461, 0.00275258, -0.1235443], [-0.02779975, 0.11513705, 0.0352073], [-0.00147671, -0.00499523, 0.12709898], [0.02818019, -0.11912834, -0.03426814], [0.00243107, -0.00493215, -0.13246303], [-0.03020707, 0.12104774, 0.04531231], [0.00913516, -0.03756782, 0.12414462], [0.06009072, 0.10693463, -0.00217067], [-0.00797593, 0.03946431, -0.12135579], [-0.05816629, -0.11646665, -0.00283587], [0.12354419, -0.01689668, 0.03116707]], "atomic quadrupole moments": [[-0.05299889, -0.11230675, 0.14595268, -0.02928102, 0.09397957, -0.09295378], [0.08905038, -0.15088581, 0.05257145, 0.07930422, 0.06172875, -0.14162183], [0.20454924, 0.07895662, -0.06487968, 0.04760853, -0.09583758, -0.13966956], [0.21302565, 0.06051625, -0.06137389, 0.03666135, -0.11865444, -0.15165177], [0.21720655, 0.07507508, -0.0589439, 0.03216524, -0.1164582, -0.15826265], [0.22173021, 0.06261148, -0.06589892, 0.04126959, -0.11456605, -0.1558313], [0.23093288, 0.09377981, -0.06173157, 0.02401956, -0.12378249, -0.16920131], [0.21202181, 0.06762082, -0.05065969, 0.03991284, -0.14235905, -0.16136213], [-0.17382809, 0.0775945, -0.01888198, -0.16625347, 0.3670623, 0.19271007], [-0.1054772, -0.02328835, 0.00313657, -0.03878853, 0.14247905, 0.10234063], [0.08691955, -0.00707014, -0.03646427, 0.02868918, -0.02070782, -0.05045528], [0.40553769, -0.14965286, -0.20680571, 0.11304717, 0.09315878, -0.19873198], [-0.03443489, -0.12307066, 0.02064461, -0.11068314, 0.15872615, 0.01379029], [0.06396038, -0.00677294, -0.02938476, 0.04643995, 0.00683711, -0.03457562], [-0.05096428, -0.0070384, -0.03053673, 0.00330214, -0.00235684, 0.08150101], [0.00510107, 0.04793421, 0.02209534, -0.03858527, -0.02524799, -0.02719641], [-0.02846556, -0.01489753, -0.02745528, -0.01398023, -0.00771591, 0.05592084], [0.0150972, 0.02471389, 0.02060806, -0.02298555, -0.02892579, -0.03570525], [-0.00518258, -0.01855543, 0.03936574, -0.0095894, 0.03272257, -0.03418316], [-0.0193746, 0.00874867, -0.03602109, -0.00708538, 0.01722009, 0.05539569], [-0.01407068, -0.01677101, 0.03613314, -0.00895176, 0.03353372, -0.02206246], [-0.02114688, 0.00321084, -0.03566255, -0.00331011, 0.0107149, 0.05680943], [-0.02049648, 0.00316947, -0.03486627, -0.00358848, 0.01051987, 0.05536276], [-0.01583226, -0.01442718, 0.03688034, -0.0078418, 0.03432003, -0.02104808], [-0.02136686, 0.00324288, -0.03491757, -0.00464478, 0.01042335, 0.05628443], [-0.01748613, -0.01368313, 0.03822994, -0.00800404, 0.03485691, -0.0207438], [-0.01793704, 0.00363913, -0.03428671, -0.00341456, 0.01289801, 0.05222376], [-0.01374822, -0.01326278, 0.03313092, -0.00836448, 0.03516016, -0.0193827], [-0.0216272, 0.0224845, -0.03824694, -0.00483356, -0.00123914, 0.05987413], [-0.01242384, -0.00663055, 0.05043459, -0.02090886, 0.02678297, -0.03801075], [-0.00493129, -0.0064966, -0.01521556, -0.01020252, -0.02896809, 0.02014685], [-0.0018285, 0.0267441, 0.04154792, -0.0118523, -0.00821851, -0.03971942], [-0.05186651, -0.00851072, -0.00713474, 0.00506488, -0.04405644, 0.05900125], [-0.01368292, 0.05277307, 0.04553831, -0.01692516, -0.00835125, -0.03185539], [0.07536327, -0.01429003, -0.04320931, 0.03605976, 0.005504, -0.03215396]], "number of molecular orbitals": 74, "number of electrons": 78, "number of unpaired electrons": 0, "orbital energies/eV": [-20.01953571, -19.28712031, -18.27514453, -17.28436068, -16.9691955, -16.85189323, -16.72898187, -16.37885962, -16.17278013, -15.91339856, -15.61607345, -15.41941505, -15.30060882, -15.07393554, -14.9762551, -14.88462798, -14.29467435, -13.97335191, -13.95827154, -13.74533309, -13.70788356, -13.43936652, -13.38815696, -13.13200882, -13.05713459, -12.84774921, -12.81919723, -12.54596863, -12.30390247, -12.19302249, -12.18661453, -12.09621528, -11.95674731, -11.84874499, -11.57956321, -11.55246827, -11.44633956, -11.3639295, -11.17353693, -6.39321357, -0.15023057, 1.48112479, 2.59680106, 2.71026229, 2.77246353, 2.89889215, 3.09811681, 3.13749741, 3.48096264, 3.60033222, 3.69236504, 3.88027858, 3.88808229, 4.08380219, 4.21786217, 4.57758199, 4.6662358, 4.75410631, 4.91438932, 5.06985577, 5.51610419, 5.70977852, 6.02322348, 6.1653054, 6.39211813, 6.75967607, 6.91413297, 7.02310209, 7.3217325, 7.39554724, 7.84669583, 7.95511979, 8.46221397, 16.26239017], "fractional occupation": [2.0, 2.0, 2.0, 2.0, 2.0, 2.0, 2.0, 2.0, 2.0, 2.0, 2.0, 2.0, 2.0, 2.0, 2.0, 2.0, 2.0, 2.0, 2.0, 2.0, 2.0, 2.0, 2.0, 2.0, 2.0, 2.0, 2.0, 2.0, 2.0, 2.0, 2.0, 2.0, 2.0, 2.0, 2.0, 2.0, 2.0, 2.0, 2.0, 0.0, 0.0, 0.0, 0.0, 0.0, 0.0, 0.0, 0.0, 0.0, 0.0, 0.0, 0.0, 0.0, 0.0, 0.0, 0.0, 0.0, 0.0, 0.0, 0.0, 0.0, 0.0, 0.0, 0.0, 0.0, 0.0, 0.0, 0.0, 0.0, 0.0, 0.0, 0.0, 0.0, 0.0, 0.0], "program call": "xtb /home/svss/Project-DBcg-Debug/aqme2_20220329/End-to-End-workflows-final/example-3/QDESCP/mol_191_rdkit_conf_24/mol_191_rdkit_conf_24.xyz --pop --wbo --acc 0.2 --gfn 2 --chrg 0 --uhf 0 --etemp 300 --input /home/svss/Project-DBcg-Debug/aqme2_20220329/End-to-End-workflows-final/example-3/QDESCP/mol_191_rdkit_conf_24/mol_191_rdkit_conf_24_xtb.inp", "method": "GFN2-xTB", "xtb version": "6.3.3 (7355c4f)", "Dipole module/D": 2.047, "Total charge": 0, "Transition dipole module/D": NaN, "HOMO": -11.1735, "LUMO": -6.3932, "HOMO occupancy": 2.0, "LUMO occupancy": 0, "mulliken charges": [-0.08496, -0.03878, -0.04675, -0.04658, -0.04462, -0.04786, -0.04066, -0.07775, 0.57448, -0.52839, -0.42363, 0.20464, -0.09832, 0.0281, 0.02717, 0.02641, 0.02231, 0.02367, 0.02397, 0.02362, 0.02323, 0.02262, 0.02514, 0.02483, 0.02262, 0.02273, 0.03725, 0.03698, 0.05488, 0.05515, 0.04381, 0.03112, 0.03877, 0.0506, 0.03418], "cm5 charges": [-0.2354, -0.15117, -0.15726, -0.15738, -0.1554, -0.15845, -0.14895, -0.17645, 0.6237, -0.57922, -0.50643, 0.12202, -0.24484, 0.07887, 0.07858, 0.07815, 0.07691, 0.07789, 0.07889, 0.07882, 0.07919, 0.07807, 0.08049, 0.08018, 0.07799, 0.07811, 0.09458, 0.09431, 0.11375, 0.11399, 0.10971, 0.09369, 0.09208, 0.10553, 0.08543], "FUKUI+": [0.003, 0.003, 0.002, 0.003, 0.004, 0.006, 0.015, 0.029, -0.189, -0.28, -0.121, 0.03, 0.019, -0.009, -0.003, 0.002, -0.004, -0.01, -0.004, -0.005, -0.007, -0.007, -0.01, -0.009, -0.017, -0.017, -0.023, -0.022, -0.096, -0.096, -0.032, -0.067, -0.032, -0.005, -0.051], "FUKUI-": [0.015, 0.003, 0.001, -0.004, 0.001, -0.002, 0.003, -0.007, -0.012, -0.092, -0.046, 0.011, 0.01, -0.05, -0.038, -0.058, -0.047, -0.089, -0.04, -0.037, -0.043, -0.037, -0.037, -0.042, -0.031, -0.031, -0.024, -0.024, -0.034, -0.035, -0.028, -0.056, -0.029, -0.034, -0.035], "FUKUIrad": [0.009, 0.003, 0.002, -0.001, 0.002, 0.002, 0.009, 0.011, -0.101, -0.186, -0.083, 0.02, 0.015, -0.03, -0.02, -0.028, -0.026, -0.049, -0.022, -0.021, -0.025, -0.022, -0.023, -0.026, -0.024, -0.024, -0.023, -0.023, -0.065, -0.065, -0.03, -0.061, -0.03, -0.019, -0.043], "s proportion": [1.007, 1.027, 1.032, 1.032, 1.033, 1.033, 1.031, 1.039, 0.991, 1.731, 1.699, 0.993, 1.012, 0.972, 0.973, 0.974, 0.978, 0.976, 0.976, 0.976, 0.977, 0.977, 0.975, 0.975, 0.977, 0.977, 0.963, 0.963, 0.945, 0.945, 0.956, 0.969, 0.961, 0.949, 0.966], "p proportion": [3.078, 3.012, 3.015, 3.015, 3.012, 3.015, 3.01, 3.038, 2.435, 4.798, 4.725, 2.803, 3.086, 0.0, 0.0, 0.0, 0.0, 0.0, 0.0, 0.0, 0.0, 0.0, 0.0, 0.0, 0.0, 0.0, 0.0, 0.0, 0.0, 0.0, 0.0, 0.0, 0.0, 0.0, 0.0], "d proportion": [0.0, 0.0, 0.0, 0.0, 0.0, 0.0, 0.0, 0.0, 0.0, 0.0, 0.0, 0.0, 0.0, 0.0, 0.0, 0.0, 0.0, 0.0, 0.0, 0.0, 0.0, 0.0, 0.0, 0.0, 0.0, 0.0, 0.0, 0.0, 0.0, 0.0, 0.0, 0.0, 0.0, 0.0, 0.0], "Fermi-level/eV": -8.7834, "Coordination numbers": [3.749, 3.799, 3.801, 3.801, 3.802, 3.802, 3.802, 3.803, 2.712, 0.856, 1.702, 3.695, 3.748, 0.924, 0.924, 0.924, 0.924, 0.924, 0.924, 0.924, 0.924, 0.924, 0.924, 0.924, 0.924, 0.924, 0.924, 0.924, 0.924, 0.924, 0.924, 0.924, 0.924, 0.924, 0.924], "Dispersion coefficient C6": [22.468, 21.501, 21.61, 21.618, 21.636, 21.642, 21.609, 22.183, 21.022, 21.792, 18.591, 19.39, 22.689, 2.589, 2.542, 2.544, 2.605, 2.621, 2.622, 2.578, 2.546, 2.596, 2.559, 2.567, 2.573, 2.574, 2.362, 2.364, 2.099, 2.105, 2.253, 2.292, 2.315, 2.235, 2.348], "Total dispersion C6": 8888.326047, "Total dispersion C8": 188269.230533, "Polarizability alpha": [6.76, 6.602, 6.619, 6.62, 6.622, 6.623, 6.618, 6.705, 7.505, 6.259, 5.821, 6.3, 6.794, 2.516, 2.493, 2.494, 2.524, 2.532, 2.532, 2.511, 2.495, 2.52, 2.502, 2.506, 2.509, 2.509, 2.403, 2.404, 2.266, 2.269, 2.347, 2.367, 2.38, 2.338, 2.396], "Total polarizability alpha": 139.663353, "Wiberg matrix": [[0.0, 1.0209884334391002, 0.0, 0.0, 0.0, 0.0, 0.0, 0.0, 0.0, 0.0, 0.0, 0.0, 0.0, 0.9873571661252059, 0.9874007026139727, 0.9861446428145657, 0.0, 0.0, 0.0, 0.0, 0.0, 0.0, 0.0, 0.0, 0.0, 0.0, 0.0, 0.0, 0.0, 0.0, 0.0, 0.0, 0.0, 0.0, 0.0], [1.0209884334391002, 0.0, 1.0069154899879436, 0.0, 0.0, 0.0, 0.0, 0.0, 0.0, 0.0, 0.0, 0.0, 0.0, 0.0, 0.0, 0.0, 0.9778589702526823, 0.9781175887835138, 0.0, 0.0, 0.0, 0.0, 0.0, 0.0, 0.0, 0.0, 0.0, 0.0, 0.0, 0.0, 0.0, 0.0, 0.0, 0.0, 0.0], [0.0, 1.0069154899879436, 0.0, 1.0078833833071361, 0.0, 0.0, 0.0, 0.0, 0.0, 0.0, 0.0, 0.0, 0.0, 0.0, 0.0, 0.0, 0.0, 0.0, 0.9771709053921687, 0.9771340054791737, 0.0, 0.0, 0.0, 0.0, 0.0, 0.0, 0.0, 0.0, 0.0, 0.0, 0.0, 0.0, 0.0, 0.0, 0.0], [0.0, 0.0, 1.0078833833071361, 0.0, 1.0067155438085125, 0.0, 0.0, 0.0, 0.0, 0.0, 0.0, 0.0, 0.0, 0.0, 0.0, 0.0, 0.0, 0.0, 0.0, 0.0, 0.9755878527411879, 0.9772142987481486, 0.0, 0.0, 0.0, 0.0, 0.0, 0.0, 0.0, 0.0, 0.0, 0.0, 0.0, 0.0, 0.0], [0.0, 0.0, 0.0, 1.0067155438085125, 0.0, 1.007033606822877, 0.0, 0.0, 0.0, 0.0, 0.0, 0.0, 0.0, 0.0, 0.0, 0.0, 0.0, 0.0, 0.0, 0.0, 0.0, 0.0, 0.9771565674459433, 0.9769900101971617, 0.0, 0.0, 0.0, 0.0, 0.0, 0.0, 0.0, 0.0, 0.0, 0.0, 0.0], [0.0, 0.0, 0.0, 0.0, 1.007033606822877, 0.0, 1.0071307426149803, 0.0, 0.0, 0.0, 0.0, 0.0, 0.0, 0.0, 0.0, 0.0, 0.0, 0.0, 0.0, 0.0, 0.0, 0.0, 0.0, 0.0, 0.9770006054711746, 0.9769844989675016, 0.0, 0.0, 0.0, 0.0, 0.0, 0.0, 0.0, 0.0, 0.0], [0.0, 0.0, 0.0, 0.0, 0.0, 1.0071307426149803, 0.0, 1.0065019180790675, 0.0, 0.0, 0.0, 0.0, 0.0, 0.0, 0.0, 0.0, 0.0, 0.0, 0.0, 0.0, 0.0, 0.0, 0.0, 0.0, 0.0, 0.0, 0.976015803818219, 0.9760220466693995, 0.0, 0.0, 0.0, 0.0, 0.0, 0.0, 0.0], [0.0, 0.0, 0.0, 0.0, 0.0, 0.0, 1.0065019180790675, 0.0, 0.9783554210361141, 0.0, 0.0, 0.0, 0.0, 0.0, 0.0, 0.0, 0.0, 0.0, 0.0, 0.0, 0.0, 0.0, 0.0, 0.0, 0.0, 0.0, 0.0, 0.0, 0.9530530006803637, 0.9531356744575677, 0.0, 0.0, 0.0, 0.0, 0.0], [0.0, 0.0, 0.0, 0.0, 0.0, 0.0, 0.0, 0.9783554210361141, 0.0, 1.7608849173723502, 1.115289264815842, 0.0, 0.0, 0.0, 0.0, 0.0, 0.0, 0.0, 0.0, 0.0, 0.0, 0.0, 0.0, 0.0, 0.0, 0.0, 0.0, 0.0, 0.0, 0.0, 0.0, 0.0, 0.0, 0.0, 0.0], [0.0, 0.0, 0.0, 0.0, 0.0, 0.0, 0.0, 0.0, 1.7608849173723502, 0.0, 0.16977477345072978, 0.0, 0.0, 0.0, 0.0, 0.0, 0.0, 0.0, 0.0, 0.0, 0.0, 0.0, 0.0, 0.0, 0.0, 0.0, 0.0, 0.0, 0.0, 0.0, 0.0, 0.0, 0.0, 0.0, 0.0], [0.0, 0.0, 0.0, 0.0, 0.0, 0.0, 0.0, 0.0, 1.115289264815842, 0.16977477345072978, 0.0, 0.9421342786792306, 0.0, 0.0, 0.0, 0.0, 0.0, 0.0, 0.0, 0.0, 0.0, 0.0, 0.0, 0.0, 0.0, 0.0, 0.0, 0.0, 0.0, 0.0, 0.0, 0.0, 0.0, 0.0, 0.0], [0.0, 0.0, 0.0, 0.0, 0.0, 0.0, 0.0, 0.0, 0.0, 0.0, 0.9421342786792306, 0.0, 1.0147412405190352, 0.0, 0.0, 0.0, 0.0, 0.0, 0.0, 0.0, 0.0, 0.0, 0.0, 0.0, 0.0, 0.0, 0.0, 0.0, 0.0, 0.0, 0.9691115185666574, 0.9716553551818476, 0.0, 0.0, 0.0], [0.0, 0.0, 0.0, 0.0, 0.0, 0.0, 0.0, 0.0, 0.0, 0.0, 0.0, 1.0147412405190352, 0.0, 0.0, 0.0, 0.0, 0.0, 0.0, 0.0, 0.0, 0.0, 0.0, 0.0, 0.0, 0.0, 0.0, 0.0, 0.0, 0.0, 0.0, 0.0, 0.0, 0.9857897225874996, 0.984658023581398, 0.9837683807524242], [0.9873571661252059, 0.0, 0.0, 0.0, 0.0, 0.0, 0.0, 0.0, 0.0, 0.0, 0.0, 0.0, 0.0, 0.0, 0.0, 0.0, 0.0, 0.0, 0.0, 0.0, 0.0, 0.0, 0.0, 0.0, 0.0, 0.0, 0.0, 0.0, 0.0, 0.0, 0.0, 0.0, 0.0, 0.0, 0.0], [0.9874007026139727, 0.0, 0.0, 0.0, 0.0, 0.0, 0.0, 0.0, 0.0, 0.0, 0.0, 0.0, 0.0, 0.0, 0.0, 0.0, 0.0, 0.0, 0.0, 0.0, 0.0, 0.0, 0.0, 0.0, 0.0, 0.0, 0.0, 0.0, 0.0, 0.0, 0.0, 0.0, 0.0, 0.0, 0.0], [0.9861446428145657, 0.0, 0.0, 0.0, 0.0, 0.0, 0.0, 0.0, 0.0, 0.0, 0.0, 0.0, 0.0, 0.0, 0.0, 0.0, 0.0, 0.0, 0.0, 0.0, 0.0, 0.0, 0.0, 0.0, 0.0, 0.0, 0.0, 0.0, 0.0, 0.0, 0.0, 0.0, 0.0, 0.0, 0.0], [0.0, 0.9778589702526823, 0.0, 0.0, 0.0, 0.0, 0.0, 0.0, 0.0, 0.0, 0.0, 0.0, 0.0, 0.0, 0.0, 0.0, 0.0, 0.0, 0.0, 0.0, 0.0, 0.0, 0.0, 0.0, 0.0, 0.0, 0.0, 0.0, 0.0, 0.0, 0.0, 0.0, 0.0, 0.0, 0.0], [0.0, 0.9781175887835138, 0.0, 0.0, 0.0, 0.0, 0.0, 0.0, 0.0, 0.0, 0.0, 0.0, 0.0, 0.0, 0.0, 0.0, 0.0, 0.0, 0.0, 0.0, 0.0, 0.0, 0.0, 0.0, 0.0, 0.0, 0.0, 0.0, 0.0, 0.0, 0.0, 0.0, 0.0, 0.0, 0.0], [0.0, 0.0, 0.9771709053921687, 0.0, 0.0, 0.0, 0.0, 0.0, 0.0, 0.0, 0.0, 0.0, 0.0, 0.0, 0.0, 0.0, 0.0, 0.0, 0.0, 0.0, 0.0, 0.0, 0.0, 0.0, 0.0, 0.0, 0.0, 0.0, 0.0, 0.0, 0.0, 0.0, 0.0, 0.0, 0.0], [0.0, 0.0, 0.9771340054791737, 0.0, 0.0, 0.0, 0.0, 0.0, 0.0, 0.0, 0.0, 0.0, 0.0, 0.0, 0.0, 0.0, 0.0, 0.0, 0.0, 0.0, 0.0, 0.0, 0.0, 0.0, 0.0, 0.0, 0.0, 0.0, 0.0, 0.0, 0.0, 0.0, 0.0, 0.0, 0.0], [0.0, 0.0, 0.0, 0.9755878527411879, 0.0, 0.0, 0.0, 0.0, 0.0, 0.0, 0.0, 0.0, 0.0, 0.0, 0.0, 0.0, 0.0, 0.0, 0.0, 0.0, 0.0, 0.0, 0.0, 0.0, 0.0, 0.0, 0.0, 0.0, 0.0, 0.0, 0.0, 0.0, 0.0, 0.0, 0.0], [0.0, 0.0, 0.0, 0.9772142987481486, 0.0, 0.0, 0.0, 0.0, 0.0, 0.0, 0.0, 0.0, 0.0, 0.0, 0.0, 0.0, 0.0, 0.0, 0.0, 0.0, 0.0, 0.0, 0.0, 0.0, 0.0, 0.0, 0.0, 0.0, 0.0, 0.0, 0.0, 0.0, 0.0, 0.0, 0.0], [0.0, 0.0, 0.0, 0.0, 0.9771565674459433, 0.0, 0.0, 0.0, 0.0, 0.0, 0.0, 0.0, 0.0, 0.0, 0.0, 0.0, 0.0, 0.0, 0.0, 0.0, 0.0, 0.0, 0.0, 0.0, 0.0, 0.0, 0.0, 0.0, 0.0, 0.0, 0.0, 0.0, 0.0, 0.0, 0.0], [0.0, 0.0, 0.0, 0.0, 0.9769900101971617, 0.0, 0.0, 0.0, 0.0, 0.0, 0.0, 0.0, 0.0, 0.0, 0.0, 0.0, 0.0, 0.0, 0.0, 0.0, 0.0, 0.0, 0.0, 0.0, 0.0, 0.0, 0.0, 0.0, 0.0, 0.0, 0.0, 0.0, 0.0, 0.0, 0.0], [0.0, 0.0, 0.0, 0.0, 0.0, 0.9770006054711746, 0.0, 0.0, 0.0, 0.0, 0.0, 0.0, 0.0, 0.0, 0.0, 0.0, 0.0, 0.0, 0.0, 0.0, 0.0, 0.0, 0.0, 0.0, 0.0, 0.0, 0.0, 0.0, 0.0, 0.0, 0.0, 0.0, 0.0, 0.0, 0.0], [0.0, 0.0, 0.0, 0.0, 0.0, 0.9769844989675016, 0.0, 0.0, 0.0, 0.0, 0.0, 0.0, 0.0, 0.0, 0.0, 0.0, 0.0, 0.0, 0.0, 0.0, 0.0, 0.0, 0.0, 0.0, 0.0, 0.0, 0.0, 0.0, 0.0, 0.0, 0.0, 0.0, 0.0, 0.0, 0.0], [0.0, 0.0, 0.0, 0.0, 0.0, 0.0, 0.976015803818219, 0.0, 0.0, 0.0, 0.0, 0.0, 0.0, 0.0, 0.0, 0.0, 0.0, 0.0, 0.0, 0.0, 0.0, 0.0, 0.0, 0.0, 0.0, 0.0, 0.0, 0.0, 0.0, 0.0, 0.0, 0.0, 0.0, 0.0, 0.0], [0.0, 0.0, 0.0, 0.0, 0.0, 0.0, 0.9760220466693995, 0.0, 0.0, 0.0, 0.0, 0.0, 0.0, 0.0, 0.0, 0.0, 0.0, 0.0, 0.0, 0.0, 0.0, 0.0, 0.0, 0.0, 0.0, 0.0, 0.0, 0.0, 0.0, 0.0, 0.0, 0.0, 0.0, 0.0, 0.0], [0.0, 0.0, 0.0, 0.0, 0.0, 0.0, 0.0, 0.9530530006803637, 0.0, 0.0, 0.0, 0.0, 0.0, 0.0, 0.0, 0.0, 0.0, 0.0, 0.0, 0.0, 0.0, 0.0, 0.0, 0.0, 0.0, 0.0, 0.0, 0.0, 0.0, 0.0, 0.0, 0.0, 0.0, 0.0, 0.0], [0.0, 0.0, 0.0, 0.0, 0.0, 0.0, 0.0, 0.9531356744575677, 0.0, 0.0, 0.0, 0.0, 0.0, 0.0, 0.0, 0.0, 0.0, 0.0, 0.0, 0.0, 0.0, 0.0, 0.0, 0.0, 0.0, 0.0, 0.0, 0.0, 0.0, 0.0, 0.0, 0.0, 0.0, 0.0, 0.0], [0.0, 0.0, 0.0, 0.0, 0.0, 0.0, 0.0, 0.0, 0.0, 0.0, 0.0, 0.9691115185666574, 0.0, 0.0, 0.0, 0.0, 0.0, 0.0, 0.0, 0.0, 0.0, 0.0, 0.0, 0.0, 0.0, 0.0, 0.0, 0.0, 0.0, 0.0, 0.0, 0.0, 0.0, 0.0, 0.0], [0.0, 0.0, 0.0, 0.0, 0.0, 0.0, 0.0, 0.0, 0.0, 0.0, 0.0, 0.9716553551818476, 0.0, 0.0, 0.0, 0.0, 0.0, 0.0, 0.0, 0.0, 0.0, 0.0, 0.0, 0.0, 0.0, 0.0, 0.0, 0.0, 0.0, 0.0, 0.0, 0.0, 0.0, 0.0, 0.0], [0.0, 0.0, 0.0, 0.0, 0.0, 0.0, 0.0, 0.0, 0.0, 0.0, 0.0, 0.0, 0.9857897225874996, 0.0, 0.0, 0.0, 0.0, 0.0, 0.0, 0.0, 0.0, 0.0, 0.0, 0.0, 0.0, 0.0, 0.0, 0.0, 0.0, 0.0, 0.0, 0.0, 0.0, 0.0, 0.0], [0.0, 0.0, 0.0, 0.0, 0.0, 0.0, 0.0, 0.0, 0.0, 0.0, 0.0, 0.0, 0.984658023581398, 0.0, 0.0, 0.0, 0.0, 0.0, 0.0, 0.0, 0.0, 0.0, 0.0, 0.0, 0.0, 0.0, 0.0, 0.0, 0.0, 0.0, 0.0, 0.0, 0.0, 0.0, 0.0], [0.0, 0.0, 0.0, 0.0, 0.0, 0.0, 0.0, 0.0, 0.0, 0.0, 0.0, 0.0, 0.9837683807524242, 0.0, 0.0, 0.0, 0.0, 0.0, 0.0, 0.0, 0.0, 0.0, 0.0, 0.0, 0.0, 0.0, 0.0, 0.0, 0.0, 0.0, 0.0, 0.0, 0.0, 0.0, 0.0]], "Born radii": [], "Atomic SASAs": [], "Solvent H bonds": [], "Total SASA": NaN, "Total FOD": 0.0, "FOD": [0.0, 0.0, 0.0, 0.0, 0.0, 0.0, 0.0, 0.0, 0.0, 0.0, 0.0, 0.0, 0.0, 0.0, 0.0, 0.0, 0.0, 0.0, 0.0, 0.0, 0.0, 0.0, 0.0, 0.0, 0.0, 0.0, 0.0, 0.0, 0.0, 0.0, 0.0, 0.0, 0.0, 0.0, 0.0], "FOD s proportion": [0.0, 0.0, 0.0, 0.0, 0.0, 0.0, 0.0, 0.0, 0.0, 0.0, 0.0, 0.0, 0.0, 0.0, 0.0, 0.0, 0.0, 0.0, 0.0, 0.0, 0.0, 0.0, 0.0, 0.0, 0.0, 0.0, 0.0, 0.0, 0.0, 0.0, 0.0, 0.0, 0.0, 0.0, 0.0], "FOD p proportion": [0.0, 0.0, 0.0, 0.0, 0.0, 0.0, 0.0, 0.0, 0.0, 0.0, 0.0, 0.0, 0.0, 0.0, 0.0, 0.0, 0.0, 0.0, 0.0, 0.0, 0.0, 0.0, 0.0, 0.0, 0.0, 0.0, 0.0, 0.0, 0.0, 0.0, 0.0, 0.0, 0.0, 0.0, 0.0], "FOD d proportion": [0.0, 0.0, 0.0, 0.0, 0.0, 0.0, 0.0, 0.0, 0.0, 0.0, 0.0, 0.0, 0.0, 0.0, 0.0, 0.0, 0.0, 0.0, 0.0, 0.0, 0.0, 0.0, 0.0, 0.0, 0.0, 0.0, 0.0, 0.0, 0.0, 0.0, 0.0, 0.0, 0.0, 0.0, 0.0], "coordinates": [["-5.83770", "0.35910", "0.31660"], ["-5.25500", "-0.97420", "-0.12580"], ["-3.87350", "-1.26360", "0.46510"], ["-2.79080", "-0.29860", "-0.02310"], ["-1.41300", "-0.69550", "0.51190"], ["-0.32910", "0.26940", "0.02830"], ["1.04760", "-0.12750", "0.56250"], ["2.13040", "0.83590", "0.07970"], ["3.49730", "0.45580", "0.59950"], ["3.74180", "-0.49970", "1.32150"], ["4.41840", "1.34680", "0.13300"], ["5.77340", "1.11880", "0.54760"], ["6.45500", "0.15010", "-0.40040"], ["-6.86120", "0.46400", "-0.05790"], ["-5.86750", "0.43240", "1.40830"], ["-5.25610", "1.20020", "-0.07180"], ["-5.20700", "-1.00620", "-1.22050"], ["-5.93920", "-1.77290", "0.18460"], ["-3.59160", "-2.28760", "0.19000"], ["-3.92870", "-1.23490", "1.56020"], ["-3.02180", "0.72140", "0.30400"], ["-2.77080", "-0.29260", "-1.11960"], ["-1.43390", "-0.70510", "1.60850"], ["-1.17060", "-1.71370", "0.18400"], ["-0.30880", "0.27910", "-1.06830"], ["-0.57070", "1.28770", "0.35640"], ["1.02860", "-0.14170", "1.65940"], ["1.29000", "-1.14740", "0.23850"], ["2.16810", "0.83090", "-1.01540"], ["1.90360", "1.85060", "0.42540"], ["5.81920", "0.76590", "1.58430"], ["6.28470", "2.08650", "0.51510"], ["6.40190", "0.51850", "-1.43010"], ["5.96170", "-0.82690", "-0.38590"], ["7.50540", "0.01490", "-0.12750"]], "bond_dist": [[0.0, 1.5208372496753226, 2.5521146486786206, 3.13553264853039, 4.552833550658315, 5.516868399735487, 6.90685184870792, 7.985867358026929, 9.33978630911864, 9.670273093351604, 10.305185464609552, 11.638219292486285, 12.315366145186264, 1.094900228331331, 1.0945637578505878, 1.0938749151525506, 2.1504657611782614, 2.138492518107089, 3.473616798093883, 2.7805859022875015, 2.839139457652618, 3.448660455887184, 4.711155027166905, 5.108415117235481, 5.7002704514785965, 5.348380222085935, 7.01427032341925, 7.285585024553622, 8.129554285445176, 7.884423592121367, 11.732683714308505, 12.246464582482568, 12.364634139755207, 11.879644043909733, 13.354924786759376], [1.5208372496753226, 0.0, 1.5301821525557013, 2.557198523775579, 3.9045228876266043, 5.0827923998526625, 6.396360257208782, 7.606761822221069, 8.897961304703454, 9.124814397016522, 9.951315792396501, 11.245431210940735, 11.767053822006595, 2.157060057114776, 2.1695950359456484, 2.1750707045978985, 1.096218997281109, 1.0965397804001458, 2.1428132816463497, 2.1609331734230004, 2.8367181107751964, 2.7610625925538157, 4.204880082713418, 4.162350255564757, 5.1888304636016, 5.224114751802452, 6.585106244397275, 6.557418526371486, 7.691045948373992, 7.715495475988564, 11.339766120163151, 11.955890321929186, 11.824240753215404, 11.220682162417756, 12.798676879271545], [2.5521146486786206, 1.5301821525557013, 0.0, 1.5302952427554626, 2.525665872596769, 3.8863420590575917, 5.051478514256989, 6.37206784489933, 7.569880604078244, 7.701282897024364, 8.699430106621929, 9.937067757643598, 10.460666813831708, 3.4906277444035765, 2.7824590275509897, 2.8757876851394992, 2.16465340643716, 2.1459690654806742, 1.0971433908108819, 1.0968658714719863, 2.166003485685099, 2.1610327114599635, 2.751533021789853, 2.7545009765835986, 4.175922046686217, 4.1748575089456645, 5.168713235419431, 5.169775841368753, 6.5635159068901485, 6.563132037373619, 9.965937596633847, 10.69648060111362, 10.599599455168107, 9.881602447477839, 11.465823224696951], [3.13553264853039, 2.557198523775579, 1.5302952427554626, 0.0, 1.5303880063565578, 2.526901828326538, 3.8865816767437167, 5.051323344431635, 6.363721531462545, 6.672574700218799, 7.396233704393068, 8.699439228479038, 9.264367470043489, 4.141367643665556, 3.471217344102786, 2.885563587932174, 2.78791803322838, 3.4826889525193025, 2.1547188331659424, 2.162940819809918, 1.0957898566787339, 1.096698796388507, 2.1606800827517243, 2.1611215745533614, 2.7543609658140307, 2.754852437064461, 4.176510531532275, 4.1763410588695935, 5.181806514141569, 5.1824322716269045, 8.82320775058595, 9.399098972773933, 9.335578969726516, 8.775931915187128, 10.301500669805344], [4.552833550658315, 3.9045228876266043, 2.525665872596769, 1.5303880063565578, 0.0, 1.5296209268965957, 2.5258140707502603, 3.8842845364365366, 5.044225563949336, 5.221661884879181, 6.190297283652862, 7.411970314295653, 7.965723736736042, 5.599285269567893, 4.681694310823806, 4.324789219141206, 4.1823653893460815, 4.664161499133579, 2.7174804470317726, 2.7782425632043, 2.153848987278356, 2.160495660722326, 1.0968411598768528, 1.096816944617469, 2.160123802007653, 2.1602619702249077, 2.7540626808407977, 2.7541187646868104, 4.181724460076249, 4.182097920900466, 7.455900251478691, 8.18499355711414, 8.143575505267941, 7.430310282215677, 8.969468160376065], [5.516868399735487, 5.0827923998526625, 3.8863420590575917, 2.526901828326538, 1.5296209268965957, 0.0, 1.5291180922348673, 2.524421609002743, 3.873286893582762, 4.340058508822202, 4.869343805894179, 6.183175486754359, 6.7986784737918, 6.535566540859331, 5.710065109961531, 5.015150810294741, 5.194281972515546, 5.97232291407623, 4.148289061769924, 4.191271437165577, 2.7442572364849473, 2.7559784650827734, 2.160385458662412, 2.159872762456159, 1.0968307709031506, 1.096793079846878, 2.1616752091838403, 2.161710223411084, 2.764163486481941, 2.7645670800326045, 6.361543927381152, 6.876130968066272, 6.891686467766799, 6.399031174326314, 7.840180746640986], [6.90685184870792, 6.396360257208782, 5.051478514256989, 3.8865816767437167, 2.5258140707502603, 1.5291180922348673, 0.0, 1.5276423796163812, 2.5184594457723555, 2.8237081081443245, 3.704095487430096, 4.8873992409051255, 5.499473877563198, 7.955116960170981, 6.989096769969636, 6.473156685111214, 6.562867044973561, 7.187873385779691, 5.1309808906290035, 5.194737889441584, 4.165029390052368, 4.17575106777212, 2.754193168606734, 2.753126210328906, 2.1597808129530183, 2.159667367906456, 1.097156438252996, 1.0972373353108251, 2.1595877430657917, 2.1597249871222033, 4.960887557685621, 5.686058315740351, 5.749460779064416, 5.053414858291371, 6.496118733520809], [7.985867358026929, 7.606761822221069, 6.37206784489933, 5.051323344431635, 3.8842845364365366, 2.524421609002743, 1.5276423796163812, 0.0, 1.5109876438938872, 2.4336196416038396, 2.344952814024197, 3.6838039877279027, 4.404881702157279, 9.00033965636853, 8.117536240756797, 7.397029741051472, 7.6760205321507575, 8.481467184986332, 6.519946498246745, 6.572121856752201, 5.158351052419755, 5.1704539626613055, 4.173265499581833, 4.172282307083258, 2.7527489678501382, 2.7525674088021894, 2.159888212385076, 2.159853812182667, 1.0957601471124965, 1.0957019759040318, 3.984465660537182, 4.360250223324345, 4.541580237098096, 4.202445346461986, 5.44128641407526], [9.33978630911864, 8.897961304703454, 7.569880604078244, 6.363721531462545, 5.044225563949336, 3.873286893582762, 2.5184594457723555, 1.5109876438938872, 0.0, 1.2223111306046426, 1.363791941609863, 2.371264181823695, 3.137075356123917, 10.379343151182544, 9.39969063533476, 8.810606483665016, 9.011918912751046, 9.704987272016382, 7.612255711679686, 7.676385020307411, 6.531196553465529, 6.542513659137442, 5.165510937942151, 5.164170883113765, 4.159227925949719, 4.159300328180209, 2.7522488895446937, 2.7518620114388006, 2.1249410956541834, 2.125007656456795, 2.541104614139292, 3.230465076424755, 3.543996135720241, 2.9478127162355485, 4.097290253325971], [9.670273093351604, 9.124814397016522, 7.701282897024364, 6.672574700218799, 5.221661884879181, 4.340058508822202, 2.8237081081443245, 2.4336196416038396, 1.2223111306046426, 0.0, 2.297799395073469, 2.710325076443783, 3.2785109257100244, 10.735691456538792, 9.654791097688234, 9.262459139451035, 9.316615677916525, 9.830327606443236, 7.632537862336485, 7.709349322737944, 6.9478540874143295, 6.958147625625659, 5.187719021882353, 5.186460836639952, 4.767078123966503, 4.766956368585725, 2.75749789664471, 2.757485726164326, 3.115787165388548, 3.115426863208315, 2.4467116626198524, 3.7155150127539516, 3.9603239526584186, 2.819615330147004, 4.065599478551718], [10.305185464609552, 9.951315792396501, 8.699430106621929, 7.396233704393068, 6.190297283652862, 4.869343805894179, 3.704095487430096, 2.344952814024197, 1.363791941609863, 2.297799395073469, 0.0, 1.4352359248569548, 2.421641181100123, 11.315703902541813, 10.404915004938772, 9.67777788802781, 10.00084478481693, 10.817350341465326, 8.79614758630163, 8.85303073190193, 7.468396226767832, 7.479387392026168, 6.374700710621637, 6.372298035245998, 4.992947508235992, 4.994448836458334, 4.00453158933726, 4.002380597844239, 2.5785316480508826, 2.581381653301193, 2.0990371935723293, 2.043583174230988, 2.6577499412096692, 2.7158799292310407, 3.372148700754461], [11.638219292486285, 11.245431210940735, 9.937067757643598, 8.699439228479038, 7.411970314295653, 6.183175486754359, 4.8873992409051255, 3.6838039877279027, 2.371264181823695, 2.710325076443783, 1.4352359248569548, 0.0, 1.5171230174247574, 12.666037677584887, 11.692839785954478, 11.04717848909847, 11.32302904571034, 12.069743023362177, 9.971693122032988, 10.034739999621316, 8.807542833276486, 8.819011250701521, 7.509813134159864, 7.50828856731013, 6.348967297127935, 6.349227469543046, 5.033695116909644, 5.033098529732952, 3.9400562813239097, 3.940281223466162, 1.0960761561132513, 1.094955355254268, 2.1602475853475687, 2.1662473612217052, 2.16198501844948], [12.315366145186264, 11.767053822006595, 10.460666813831708, 9.264367470043489, 7.965723736736042, 6.7986784737918, 5.499473877563198, 4.404881702157279, 3.137075356123917, 3.2785109257100244, 2.421641181100123, 1.5171230174247574, 0.0, 13.324301929181882, 12.457732347020464, 11.762676191241516, 11.747843959637871, 12.55612789198963, 10.35495654312465, 10.6575514565964, 9.520099857144357, 9.264373565978435, 8.185462079809545, 7.871788180585146, 6.797920406271318, 7.157327747839973, 5.81151789466401, 5.363667072069258, 4.383973682630862, 4.928375782141617, 2.1731280150971317, 2.1486710543961816, 1.094906507424264, 1.0945702992498927, 1.0936606466358745], [1.094900228331331, 2.157060057114776, 3.4906277444035765, 4.141367643665556, 5.599285269567893, 6.535566540859331, 7.955116960170981, 9.00033965636853, 10.379343151182544, 10.735691456538792, 11.315703902541813, 12.666037677584887, 13.324301929181882, 0.0, 1.7714910922722704, 1.7659359161645702, 2.4999008860352845, 2.4315862847121013, 4.280542153746415, 3.755537920191993, 3.86499918887443, 4.293136686619704, 5.796487648567882, 6.097853824092539, 6.632423533671535, 6.357713144677101, 8.097217782670786, 8.314236246342775, 9.087336262623937, 8.886954342743076, 12.789859600871308, 13.258036131343134, 13.334006325932204, 12.891887806679051, 14.373786228061137], [1.0945637578505878, 2.1695950359456484, 2.7824590275509897, 3.471217344102786, 4.681694310823806, 5.710065109961531, 6.989096769969636, 8.117536240756797, 9.39969063533476, 9.654791097688234, 10.404915004938772, 11.692839785954478, 12.457732347020464, 1.7714910922722704, 0.0, 1.7759568716610208, 3.068618524678491, 2.523079600408992, 3.749983426630043, 2.5616222086794918, 3.0661063223573963, 4.0626905247631155, 4.5815712643153335, 5.307120246423666, 6.087379907644996, 5.467551731808305, 6.924509890959793, 7.422533686686777, 8.40261812175229, 7.960362985442309, 11.692782181328788, 12.296740132653044, 12.5937327321966, 12.030584473332956, 13.467273009039358], [1.0938749151525506, 2.1750707045978985, 2.8757876851394992, 2.885563587932174, 4.324789219141206, 5.015150810294741, 6.473156685111214, 7.397029741051472, 8.810606483665016, 9.262459139451035, 9.67777788802781, 11.04717848909847, 11.762676191241516, 1.7659359161645702, 1.7759568716610208, 0.0, 2.487995872183071, 3.061321639423077, 3.873480131612914, 3.2179382793956757, 2.315722688492731, 3.082702186394268, 4.589421425408654, 5.024694727045614, 5.1300306772961894, 4.705739543366164, 6.655464156615976, 6.961245367030242, 7.493030701258337, 7.206353591796617, 11.206852983331226, 11.589652451216992, 11.756643133990247, 11.403807700062291, 12.816548709773627], [2.1504657611782614, 1.096218997281109, 2.16465340643716, 2.78791803322838, 4.1823653893460815, 5.194281972515546, 6.562867044973561, 7.6760205321507575, 9.011918912751046, 9.316615677916525, 10.00084478481693, 11.32302904571034, 11.747843959637871, 2.4999008860352845, 3.068618524678491, 2.487995872183071, 0.0, 1.7601851436709717, 2.498202027458948, 3.068981438523211, 3.1755001259644122, 2.5405661199819223, 4.725482601809047, 4.3319396879458045, 5.066312679849123, 5.4077600270352235, 6.922708402063458, 6.660302353497174, 7.603229736763186, 7.837788298365809, 11.514526820065164, 12.02648201013081, 11.71047400663184, 11.201275165801437, 12.800094060982518], [2.138492518107089, 1.0965397804001458, 2.1459690654806742, 3.4826889525193025, 4.664161499133579, 5.97232291407623, 7.187873385779691, 8.481467184986332, 9.704987272016382, 9.830327606443236, 10.817350341465326, 12.069743023362177, 12.55612789198963, 2.4315862847121013, 2.523079600408992, 3.061321639423077, 1.7601851436709717, 0.0, 2.4033665991687574, 2.4947604313841434, 3.84018379898671, 3.7324233803254416, 4.844111491285063, 4.76896749412281, 6.122243589567471, 6.182036869026259, 7.306578222396582, 7.256410138629155, 8.59930739827342, 8.642757009774138, 12.110517581424833, 12.82294544244808, 12.65545413092711, 11.952062878850663, 13.5665361979394], [3.473616798093883, 2.1428132816463497, 1.0971433908108819, 2.1547188331659424, 2.7174804470317726, 4.148289061769924, 5.1309808906290035, 6.519946498246745, 7.612255711679686, 7.632537862336485, 8.79614758630163, 9.971693122032988, 10.35495654312465, 4.280542153746415, 3.749983426630043, 3.873480131612914, 2.498202027458948, 2.4033665991687574, 0.0, 1.7604720219304821, 3.064596064736754, 2.5236461320874604, 3.0285504436941446, 2.4880993167476255, 4.352935058095859, 4.683619952558064, 5.301912033408326, 5.0132251944232475, 6.65974290044293, 6.8831196008786595, 9.991550999719713, 10.806467624066618, 10.50566339980489, 9.681469216498082, 11.337800558309358], [2.7805859022875015, 2.1609331734230004, 1.0968658714719863, 2.162940819809918, 2.7782425632043, 4.191271437165577, 5.194737889441584, 6.572121856752201, 7.676385020307411, 7.709349322737944, 8.85303073190193, 10.034739999621316, 10.6575514565964, 3.755537920191993, 2.5616222086794918, 3.2179382793956757, 3.068981438523211, 2.4947604313841434, 1.7604720219304821, 0.0, 2.495519132365048, 3.0675706577029325, 2.5508916029498394, 3.1193415154484128, 4.722804702716385, 4.369074181105192, 5.0773763077006615, 5.384178380217357, 6.933412957555608, 6.695058220807344, 9.951147464488708, 10.790619608252346, 10.896678485208234, 10.088299230792076, 11.625359097249428], [2.839139457652618, 2.8367181107751964, 2.166003485685099, 1.0957898566787339, 2.153848987278356, 2.7442572364849473, 4.165029390052368, 5.158351052419755, 6.531196553465529, 6.9478540874143295, 7.468396226767832, 8.807542833276486, 9.520099857144357, 3.86499918887443, 3.0661063223573963, 2.315722688492731, 3.1755001259644122, 3.84018379898671, 3.064596064736754, 2.495519132365048, 0.0, 1.7657389274748403, 2.5016092640538408, 3.061217641723633, 3.0723290155841054, 2.5162139535421066, 4.357498242110948, 4.699821584911495, 5.3561057327129005, 5.054641011980969, 8.933332487935283, 9.408453829934013, 9.584069746720337, 9.142016580054971, 10.559700485335748], [3.448660455887184, 2.7610625925538157, 2.1610327114599635, 1.096698796388507, 2.160495660722326, 2.7559784650827734, 4.17575106777212, 5.1704539626613055, 6.542513659137442, 6.958147625625659, 7.479387392026168, 8.819011250701521, 9.264373565978435, 4.293136686619704, 4.0626905247631155, 3.082702186394268, 2.5405661199819223, 3.7324233803254416, 2.5236461320874604, 3.0675706577029325, 1.7657389274748403, 0.0, 3.0659398999328085, 2.5059006783988864, 2.528026222174129, 3.0848604668606976, 4.70967644005403, 4.366373242177082, 5.066146770475566, 5.369389779108983, 9.06750227240115, 9.504443231983661, 9.213724477647464, 8.77954147037304, 10.328557745396981], [4.711155027166905, 4.204880082713418, 2.751533021789853, 2.1606800827517243, 1.0968411598768528, 2.160385458662412, 2.754193168606734, 4.173265499581833, 5.165510937942151, 5.187719021882353, 6.374700710621637, 7.509813134159864, 8.185462079809545, 5.796487648567882, 4.5815712643153335, 4.589421425408654, 4.725482601809047, 4.844111491285063, 3.0285504436941446, 2.5508916029498394, 2.5016092640538408, 3.0659398999328085, 0.0, 1.7651631935886267, 3.0659024593094935, 2.5068148096738216, 2.5266413714652898, 3.0809350041829835, 4.713655822183033, 4.366947944503117, 7.400803081422988, 8.280419076351148, 8.492941101879843, 7.66076797455712, 9.134723886905395], [5.108415117235481, 4.162350255564757, 2.7545009765835986, 2.1611215745533614, 1.096816944617469, 2.159872762456159, 2.753126210328906, 4.172282307083258, 5.164170883113765, 5.186460836639952, 6.372298035245998, 7.50828856731013, 7.871788180585146, 6.097853824092539, 5.307120246423666, 5.024694727045614, 4.3319396879458045, 4.76896749412281, 2.4880993167476255, 3.1193415154484128, 3.061217641723633, 2.5059006783988864, 1.7651631935886267, 0.0, 2.506432997309124, 3.0656163703242454, 3.0796866399034823, 2.5255134725437522, 4.365829498503119, 4.713089654356259, 7.547619511475125, 8.374523588837755, 8.05796450103871, 7.209778328076392, 8.852009162331454], [5.7002704514785965, 5.1888304636016, 4.175922046686217, 2.7543609658140307, 2.160123802007653, 1.0968307709031506, 2.1597808129530183, 2.7527489678501382, 4.159227925949719, 4.767078123966503, 4.992947508235992, 6.348967297127935, 6.797920406271318, 6.632423533671535, 6.087379907644996, 5.1300306772961894, 5.066312679849123, 6.122243589567471, 4.352935058095859, 4.722804702716385, 3.0723290155841054, 2.528026222174129, 3.0659024593094935, 2.506432997309124, 0.0, 1.7651163304439739, 3.066929847583736, 2.509739016312254, 2.538171637222353, 3.0976548710274363, 6.695195665550037, 7.017698523732691, 6.724708624914539, 6.403754836812539, 7.875063677202871], [5.348380222085935, 5.224114751802452, 4.1748575089456645, 2.754852437064461, 2.1602619702249077, 1.096793079846878, 2.159667367906456, 2.7525674088021894, 4.159300328180209, 4.766956368585725, 4.994448836458334, 6.349227469543046, 7.157327747839973, 6.357713144677101, 5.467551731808305, 4.705739543366164, 5.4077600270352235, 6.182036869026259, 4.683619952558064, 4.369074181105192, 2.5162139535421066, 3.0848604668606976, 2.5068148096738216, 3.0656163703242454, 1.7651163304439739, 0.0, 2.5097318283035737, 3.0668904300610413, 3.0970190377199813, 2.5384597495331693, 6.52769757724728, 6.903606035254329, 7.238812171205992, 6.906141629737984, 8.190089758970899], [7.01427032341925, 6.585106244397275, 5.168713235419431, 4.176510531532275, 2.7540626808407977, 2.1616752091838403, 1.097156438252996, 2.159888212385076, 2.7522488895446937, 2.75749789664471, 4.00453158933726, 5.033695116909644, 5.81151789466401, 8.097217782670786, 6.924509890959793, 6.655464156615976, 6.922708402063458, 7.306578222396582, 5.301912033408326, 5.0773763077006615, 4.357498242110948, 4.70967644005403, 2.5266413714652898, 3.0796866399034823, 3.066929847583736, 2.5097318283035737, 0.0, 1.760317942872821, 3.0657733200613517, 2.501527591292968, 4.8763947881606144, 5.82244664552626, 6.233235691035596, 5.384071576418724, 6.720600673302945], [7.285585024553622, 6.557418526371486, 5.169775841368753, 4.1763410588695935, 2.7541187646868104, 2.161710223411084, 1.0972373353108251, 2.159853812182667, 2.7518620114388006, 2.757485726164326, 4.002380597844239, 5.033098529732952, 5.363667072069258, 8.314236246342775, 7.422533686686777, 6.961245367030242, 6.660302353497174, 7.256410138629155, 5.0132251944232475, 5.384178380217357, 4.699821584911495, 4.366373242177082, 3.0809350041829835, 2.5255134725437522, 2.509739016312254, 3.0668904300610413, 1.760317942872821, 0.0, 2.501398750699296, 3.065850709020255, 5.097602100007415, 5.95664711561798, 5.629473366132928, 4.7241270622200675, 6.333726742605809], [8.129554285445176, 7.691045948373992, 6.5635159068901485, 5.181806514141569, 4.181724460076249, 2.764163486481941, 2.1595877430657917, 1.0957601471124965, 2.1249410956541834, 3.115787165388548, 2.5785316480508826, 3.9400562813239097, 4.383973682630862, 9.087336262623937, 8.40261812175229, 7.493030701258337, 7.603229736763186, 8.59930739827342, 6.65974290044293, 6.933412957555608, 5.3561057327129005, 5.066146770475566, 4.713655822183033, 4.365829498503119, 2.538171637222353, 3.0970190377199813, 3.0657733200613517, 2.501398750699296, 0.0, 1.784839763116006, 4.482543507875858, 4.567861334366445, 4.265516649832703, 4.187597407822295, 5.471836410200876], [7.884423592121367, 7.715495475988564, 6.563132037373619, 5.1824322716269045, 4.182097920900466, 2.7645670800326045, 2.1597249871222033, 1.0957019759040318, 2.125007656456795, 3.115426863208315, 2.581381653301193, 3.940281223466162, 4.928375782141617, 8.886954342743076, 7.960362985442309, 7.206353591796617, 7.837788298365809, 8.642757009774138, 6.8831196008786595, 6.695058220807344, 5.054641011980969, 5.369389779108983, 4.366947944503117, 4.713089654356259, 3.0976548710274363, 2.5384597495331693, 2.501527591292968, 3.065850709020255, 1.784839763116006, 0.0, 4.225109070781487, 4.388363260943652, 5.045004811692452, 4.929035356943588, 5.920781716969475], [11.732683714308505, 11.339766120163151, 9.965937596633847, 8.82320775058595, 7.455900251478691, 6.361543927381152, 4.960887557685621, 3.984465660537182, 2.541104614139292, 2.4467116626198524, 2.0990371935723293, 1.0960761561132513, 2.1731280150971317, 12.789859600871308, 11.692782181328788, 11.206852983331226, 11.514526820065164, 12.110517581424833, 9.991550999719713, 9.951147464488708, 8.933332487935283, 9.06750227240115, 7.400803081422988, 7.547619511475125, 6.695195665550037, 6.52769757724728, 4.8763947881606144, 5.097602100007415, 4.482543507875858, 4.225109070781487, 0.0, 1.7617784338559714, 3.08015477046203, 2.5375196807118563, 2.517445268521244], [12.246464582482568, 11.955890321929186, 10.69648060111362, 9.399098972773933, 8.1849