{"total energy": -20.88622933, "HOMO-LUMO gap/eV": 12.05163958, "electronic energy": -21.1386329, "dipole": [0.44829751, -0.08613514, 0.66440616], "partial charges": [-0.10030417, -0.05398588, -0.02721436, -0.10832237, 0.07585195, -0.44613568, 0.03568853, 0.03492257, 0.03191929, 0.02967499, 0.02649786, 0.04502319, 0.03309174, 0.04249031, 0.03373894, 0.04553366, 0.01607715, 0.28545228], "atomic dipole moments": [[-0.0894533, 0.05256167, 0.00251222], [0.00680449, -0.10294294, -0.04231526], [-0.03203544, 0.0300414, 0.09460203], [0.00971928, 0.09113998, -0.05403037], [0.09388809, 0.12620352, -0.12139001], [0.06487932, -0.09874321, 0.20752491], [0.00306268, -0.09674144, 0.08167088], [0.02625591, -0.04285341, -0.11680257], [0.09345189, 0.07584405, 0.03319869], [0.02100774, 0.10179534, -0.06212006], [-0.0173734, 0.03826664, 0.116246], [0.02648486, -0.02991242, -0.12076185], [-0.10113438, -0.06337586, -0.04132745], [0.09540907, -0.08176273, -0.01307925], [-0.01766245, 0.01882652, 0.12426667], [-0.09991098, -0.06649542, -0.03844001], [-0.03094861, 0.0489004, 0.10548005], [0.04294538, 0.04843614, 0.04496614]], "atomic quadrupole moments": [[0.14555759, -0.1422428, -0.01531405, -0.00981982, 0.01179609, -0.13024354], [0.19155958, -0.03166429, -0.02266069, 0.08309894, 0.06808819, -0.16889889], [0.0889004, -0.00639852, 0.10810462, 0.05835322, -0.08113165, -0.19700502], [-0.08711703, 0.03998883, 0.11549119, -0.01317746, -0.1551041, -0.02837416], [-0.12921784, -0.0586189, 0.20784072, -0.05883699, -0.34472989, -0.07862288], [-0.08591399, 0.02846998, 0.06663613, 0.01626768, -0.1258892, 0.01927786], [-0.02940848, 0.00517105, 0.02793289, -0.01793757, -0.06079528, 0.00147559], [-0.03521706, -0.01379941, -0.03318762, -0.00667631, 0.03577725, 0.06840468], [0.02533718, 0.04851303, 0.02116283, 0.02643229, 0.02360486, -0.04650001], [-0.01096136, 0.00486338, 0.01500979, 0.00306062, -0.05153356, -0.00404843], [-0.0129073, -0.00777462, -0.04145632, -0.01744794, 0.01374179, 0.05436361], [-0.01596613, 0.00403158, -0.01188712, -0.00994034, 0.01180935, 0.02785325], [0.03982875, 0.04154495, -0.01699732, 0.04669814, 0.00928565, -0.02283143], [0.04668642, -0.05236712, -0.0057048, -0.02196211, -0.00085281, -0.04098163], [-0.04977201, -0.00194546, -0.02085616, -0.01532002, 0.03252909, 0.07062816], [0.0083757, 0.02823543, 0.01406418, 0.03253897, 0.01185635, -0.02243988], [-0.04769309, -0.00137065, 0.00108909, -0.00418036, 0.00753838, 0.04660401], [-0.02198168, 0.09544806, 0.03224312, 0.05515224, 0.03967599, -0.01026144]], "number of molecular orbitals": 36, "number of electrons": 38, "number of unpaired electrons": 0, "orbital energies/eV": [-18.54205343, -17.22459656, -16.71056356, -16.27192978, -15.84153981, -15.22180566, -15.08867969, -14.18506789, -14.12688939, -13.87679447, -13.32024957, -12.90929002, -12.71785899, -12.54308417, -12.24892201, -12.12992149, -11.68286517, -11.55271611, -11.02075279, 1.03088679, 1.69034717, 2.30106291, 2.58297885, 3.35264211, 3.85314165, 3.89313627, 4.60353902, 4.89570574, 5.19899834, 5.32293614, 6.01358076, 6.13719773, 6.82824982, 7.16214229, 7.72835946, 7.95111835], "fractional occupation": [2.0, 2.0, 2.0, 2.0, 2.0, 2.0, 2.0, 2.0, 2.0, 2.0, 2.0, 2.0, 2.0, 2.0, 2.0, 2.0, 2.0, 2.0, 2.0, 0.0, 0.0, 0.0, 0.0, 0.0, 0.0, 0.0, 0.0, 0.0, 0.0, 0.0, 0.0, 0.0, 0.0, 0.0, 0.0, 0.0], "program call": "xtb /home/svss/Project-DBcg-Debug/aqme2_20220329/End-to-End-workflows-final/example-3/QDESCP/mol_17_rdkit_conf_15/mol_17_rdkit_conf_15.xyz --pop --wbo --acc 0.2 --gfn 2 --chrg 0 --uhf 0 --etemp 300 --input /home/svss/Project-DBcg-Debug/aqme2_20220329/End-to-End-workflows-final/example-3/QDESCP/mol_17_rdkit_conf_15/mol_17_rdkit_conf_15_xtb.inp", "method": "GFN2-xTB", "xtb version": "6.3.3 (7355c4f)", "Dipole module/D": 2.049, "Total charge": 0, "Transition dipole module/D": NaN, "HOMO": -11.0208, "LUMO": 1.0309, "HOMO occupancy": 2.0, "LUMO occupancy": 0, "mulliken charges": [-0.08247, -0.04591, -0.02997, -0.09442, 0.19016, -0.56486, 0.02726, 0.02973, 0.0291, 0.02448, 0.01841, 0.03472, 0.03041, 0.03377, 0.02698, 0.03097, 0.00875, 0.33289], "cm5 charges": [-0.23308, -0.15605, -0.09993, -0.24268, 0.10508, -0.77985, 0.07905, 0.08122, 0.07986, 0.082, 0.07395, 0.09542, 0.08194, 0.08576, 0.07899, 0.09425, 0.07151, 0.50257], "FUKUI+": [0.005, -0.01, -0.022, 0.005, -0.019, -0.146, -0.049, -0.047, -0.075, -0.037, -0.048, -0.062, -0.06, -0.073, -0.058, -0.102, -0.089, -0.112], "FUKUI-": [0.016, 0.01, -0.021, 0.023, 0.009, -0.143, -0.074, -0.069, -0.08, -0.067, -0.075, -0.079, -0.068, -0.087, -0.063, -0.08, -0.094, -0.057], "FUKUIrad": [0.01, -0.0, -0.021, 0.014, -0.005, -0.145, -0.062, -0.058, -0.077, -0.052, -0.062, -0.071, -0.064, -0.08, -0.06, -0.091, -0.091, -0.085], "s proportion": [1.007, 1.031, 1.063, 1.012, 0.997, 1.695, 0.973, 0.97, 0.971, 0.976, 0.982, 0.965, 0.97, 0.966, 0.973, 0.969, 0.991, 0.667], "p proportion": [3.075, 3.015, 2.967, 3.082, 2.813, 4.87, 0.0, 0.0, 0.0, 0.0, 0.0, 0.0, 0.0, 0.0, 0.0, 0.0, 0.0, 0.0], "d proportion": [0.0, 0.0, 0.0, 0.0, 0.0, 0.0, 0.0, 0.0, 0.0, 0.0, 0.0, 0.0, 0.0, 0.0, 0.0, 0.0, 0.0, 0.0], "Fermi-level/eV": -4.9949, "Coordination numbers": [3.748, 3.8, 3.847, 3.752, 3.676, 1.653, 0.924, 0.924, 0.924, 0.924, 0.924, 0.923, 0.924, 0.924, 0.924, 0.924, 0.924, 0.804], "Dispersion coefficient C6": [22.482, 21.545, 21.026, 22.631, 19.529, 21.766, 2.507, 2.518, 2.559, 2.591, 2.637, 2.383, 2.543, 2.416, 2.534, 2.377, 2.794, 0.767], "Total dispersion C6": 2124.147744, "Total dispersion C8": 43651.277952, "Polarizability alpha": [6.763, 6.609, 6.522, 6.784, 6.331, 6.298, 2.476, 2.481, 2.502, 2.517, 2.539, 2.414, 2.494, 2.431, 2.489, 2.411, 2.614, 1.375], "Total polarizability alpha": 68.051696, "Wiberg matrix": [[0.0, 1.0197719157725815, 0.0, 0.0, 0.0, 0.0, 0.9860820416648909, 0.9873437183466713, 0.9869293473392171, 0.0, 0.0, 0.0, 0.0, 0.0, 0.0, 0.0, 0.0, 0.0], [1.0197719157725815, 0.0, 0.9955673389295752, 0.0, 0.0, 0.0, 0.0, 0.0, 0.0, 0.9734912616040309, 0.977628924407042, 0.0, 0.0, 0.0, 0.0, 0.0, 0.0, 0.0], [0.0, 0.9955673389295752, 0.0, 1.0088697394498776, 0.98573736391227, 0.0, 0.0, 0.0, 0.0, 0.0, 0.0, 0.9668874162701089, 0.0, 0.0, 0.0, 0.0, 0.0, 0.0], [0.0, 0.0, 1.0088697394498776, 0.0, 0.0, 0.0, 0.0, 0.0, 0.0, 0.0, 0.0, 0.0, 0.9856818474305921, 0.9842212059253681, 0.987006684061398, 0.0, 0.0, 0.0], [0.0, 0.0, 0.98573736391227, 0.0, 0.0, 0.9947625401890482, 0.0, 0.0, 0.0, 0.0, 0.0, 0.0, 0.0, 0.0, 0.0, 0.9721720428239371, 0.9739254732454243, 0.0], [0.0, 0.0, 0.0, 0.0, 0.9947625401890482, 0.0, 0.0, 0.0, 0.0, 0.0, 0.0, 0.0, 0.0, 0.0, 0.0, 0.0, 0.0, 0.9021050506947975], [0.9860820416648909, 0.0, 0.0, 0.0, 0.0, 0.0, 0.0, 0.0, 0.0, 0.0, 0.0, 0.0, 0.0, 0.0, 0.0, 0.0, 0.0, 0.0], [0.9873437183466713, 0.0, 0.0, 0.0, 0.0, 0.0, 0.0, 0.0, 0.0, 0.0, 0.0, 0.0, 0.0, 0.0, 0.0, 0.0, 0.0, 0.0], [0.9869293473392171, 0.0, 0.0, 0.0, 0.0, 0.0, 0.0, 0.0, 0.0, 0.0, 0.0, 0.0, 0.0, 0.0, 0.0, 0.0, 0.0, 0.0], [0.0, 0.9734912616040309, 0.0, 0.0, 0.0, 0.0, 0.0, 0.0, 0.0, 0.0, 0.0, 0.0, 0.0, 0.0, 0.0, 0.0, 0.0, 0.0], [0.0, 0.977628924407042, 0.0, 0.0, 0.0, 0.0, 0.0, 0.0, 0.0, 0.0, 0.0, 0.0, 0.0, 0.0, 0.0, 0.0, 0.0, 0.0], [0.0, 0.0, 0.9668874162701089, 0.0, 0.0, 0.0, 0.0, 0.0, 0.0, 0.0, 0.0, 0.0, 0.0, 0.0, 0.0, 0.0, 0.0, 0.0], [0.0, 0.0, 0.0, 0.9856818474305921, 0.0, 0.0, 0.0, 0.0, 0.0, 0.0, 0.0, 0.0, 0.0, 0.0, 0.0, 0.0, 0.0, 0.0], [0.0, 0.0, 0.0, 0.9842212059253681, 0.0, 0.0, 0.0, 0.0, 0.0, 0.0, 0.0, 0.0, 0.0, 0.0, 0.0, 0.0, 0.0, 0.0], [0.0, 0.0, 0.0, 0.987006684061398, 0.0, 0.0, 0.0, 0.0, 0.0, 0.0, 0.0, 0.0, 0.0, 0.0, 0.0, 0.0, 0.0, 0.0], [0.0, 0.0, 0.0, 0.0, 0.9721720428239371, 0.0, 0.0, 0.0, 0.0, 0.0, 0.0, 0.0, 0.0, 0.0, 0.0, 0.0, 0.0, 0.0], [0.0, 0.0, 0.0, 0.0, 0.9739254732454243, 0.0, 0.0, 0.0, 0.0, 0.0, 0.0, 0.0, 0.0, 0.0, 0.0, 0.0, 0.0, 0.0], [0.0, 0.0, 0.0, 0.0, 0.0, 0.9021050506947975, 0.0, 0.0, 0.0, 0.0, 0.0, 0.0, 0.0, 0.0, 0.0, 0.0, 0.0, 0.0]], "Born radii": [], "Atomic SASAs": [], "Solvent H bonds": [], "Total SASA": NaN, "Total FOD": 0.0, "FOD": [0.0, 0.0, 0.0, 0.0, 0.0, 0.0, 0.0, 0.0, 0.0, 0.0, 0.0, 0.0, 0.0, 0.0, 0.0, 0.0, 0.0, 0.0], "FOD s proportion": [0.0, 0.0, 0.0, 0.0, 0.0, 0.0, 0.0, 0.0, 0.0, 0.0, 0.0, 0.0, 0.0, 0.0, 0.0, 0.0, 0.0, 0.0], "FOD p proportion": [0.0, 0.0, 0.0, 0.0, 0.0, 0.0, 0.0, 0.0, 0.0, 0.0, 0.0, 0.0, 0.0, 0.0, 0.0, 0.0, 0.0, 0.0], "FOD d proportion": [0.0, 0.0, 0.0, 0.0, 0.0, 0.0, 0.0, 0.0, 0.0, 0.0, 0.0, 0.0, 0.0, 0.0, 0.0, 0.0, 0.0, 0.0], "coordinates": [["2.12930", "-0.15560", "0.15490"], ["0.80820", "0.60040", "0.20380"], ["-0.38880", "-0.20290", "-0.34450"], ["-0.61460", "-1.50160", "0.43320"], ["-1.67700", "0.63420", "-0.31990"], ["-1.57770", "1.75770", "-1.18500"], ["2.13360", "-1.00370", "0.84560"], ["2.33370", "-0.52580", "-0.85450"], ["2.95080", "0.50760", "0.44520"], ["0.93150", "1.51910", "-0.38110"], ["0.61060", "0.90820", "1.23780"], ["-0.16940", "-0.45650", "-1.39000"], ["-1.50080", "-2.02820", "0.06240"], ["0.23280", "-2.18510", "0.32410"], ["-0.76080", "-1.30400", "1.50040"], ["-2.52510", "0.03570", "-0.66880"], ["-1.91160", "0.98700", "0.69050"], ["-1.00450", "2.41350", "-0.75400"]], "bond_dist": [[0.0, 1.5229026298486716, 2.5675796501764068, 3.0689011225518494, 3.916265921767826, 4.381540585227986, 1.0937817835381973, 1.094402010232072, 1.094975150402967, 2.127590404659694, 2.147275608765675, 2.7859071251569034, 4.085683910926052, 2.782842277241022, 3.3884909355050667, 4.73059369846957, 4.233352681976781, 4.1529599636885495], [1.5229026298486716, 0.0, 1.5423140990083701, 2.548605147919152, 2.540004561019527, 2.9934307307836607, 2.1775511957242246, 2.171514582037155, 2.158152116974149, 1.0960477133774786, 1.096787399635864, 2.1477750836621605, 3.5015729208457165, 2.846852209019639, 2.7874131233098547, 3.4915907177101957, 2.789919083055995, 2.736894908468354], [2.5675796501764068, 1.5423140990083701, 0.0, 1.5304981607306818, 1.5364897689213555, 2.4421047930013158, 2.901744373648375, 2.7886144695887953, 3.504477778499958, 2.170210969007391, 2.176468897089963, 1.097961552150165, 2.17573704753125, 2.1823220110698602, 2.180472705630593, 2.17390849393437, 2.1922606710881807, 2.7188831714511017], [3.0689011225518494, 2.548605147919152, 1.5304981607306818, 0.0, 2.5014985528678606, 3.7641957095772796, 2.8232218138148477, 3.3619681467854505, 4.092567140561044, 3.4897189270770785, 2.820573033977316, 2.1481376329276487, 1.0955138702910154, 1.0941489021152468, 1.0951420181875955, 2.688439238666182, 2.818074209455812, 4.109680505830107], [3.916265921767826, 2.540004561019527, 1.5364897689213555, 2.5014985528678606, 0.0, 1.421446710221667, 4.308338313085452, 4.20916994786383, 4.692327611111569, 2.7551888682992316, 2.7811183092418057, 2.1465316815737894, 2.6954727767128346, 3.4656203672647123, 2.8123893347116793, 1.095083133830487, 1.095633679657576, 1.9510529336745328], [4.381540585227986, 2.9934307307836607, 2.4421047930013158, 3.7641957095772796, 1.421446710221667, 0.0, 5.051971299403828, 4.541217068143737, 4.972686829069372, 2.64561331452652, 3.3734651295070472, 2.6321123703216016, 3.986848276521192, 4.593578659389649, 4.153637641874891, 2.0320711601713164, 2.054986119174531, 0.971798785757628], [1.0937817835381973, 2.1775511957242246, 2.901744373648375, 2.8232218138148477, 4.308338313085452, 5.051971299403828, 0.0, 1.7772924435781523, 1.7641325602119589, 3.0519431744382137, 2.475623446730136, 3.255939833596438, 3.856405820190608, 2.2979792971217123, 2.9826991953598, 5.007718583347111, 4.511162326939698, 4.907509308192904], [1.094402010232072, 2.171514582037155, 2.7886144695887953, 3.3619681467854505, 4.20916994786383, 4.541217068143737, 1.7772924435781523, 0.0, 1.7714254316792453, 2.5242599727444874, 3.0664554293190043, 2.560678103549917, 4.219158875889837, 2.9250906413306237, 3.9657382036639786, 4.894660782934809, 4.764258696796387, 4.4489508853211674], [1.094975150402967, 2.158152116974149, 3.504477778499958, 4.092567140561044, 4.692327611111569, 4.972686829069372, 1.7641325602119589, 1.7714254316792453, 0.0, 2.404885949478686, 2.50304437835209, 3.746077400428347, 5.137466305485614, 3.8279005342354444, 4.262782678016791, 5.6079556364151095, 4.892129414682322, 4.551366117991388], [2.127590404659694, 1.0960477133774786, 2.170210969007391, 3.4897189270770785, 2.7551888682992316, 2.64561331452652, 3.0519431744382137, 2.5242599727444874, 2.404885949478686, 0.0, 1.7598331824351987, 2.4764602520533217, 4.323900187330878, 3.8349167357323415, 3.791281465415091, 3.772443559551289, 3.0845866141186566, 2.164971540228647], [2.147275608765675, 1.096787399635864, 2.176468897089963, 2.820573033977316, 2.7811183092418057, 3.3734651295070472, 2.475623446730136, 3.0664554293190043, 2.50304437835209, 1.7598331824351987, 0.0, 3.062048159320816, 3.802896275209199, 3.247473698122896, 2.6160132950732495, 3.7721339186195393, 2.5820998373416932, 2.9735069093580395], [2.7859071251569034, 2.1477750836621605, 1.097961552150165, 2.1481376329276487, 2.1465316815737894, 2.6321123703216016, 3.255939833596438, 2.560678103549917, 3.746077400428347, 2.4764602520533217, 3.062048159320816, 0.0, 2.52038342519546, 2.46737950263027, 3.06959645067556, 2.5123122357700685, 3.0736677341573535, 3.055943063932965], [4.085683910926052, 3.5015729208457165, 2.17573704753125, 1.0955138702910154, 2.6954727767128346, 3.986848276521192, 3.856405820190608, 4.219158875889837, 5.137466305485614, 4.323900187330878, 3.802896275209199, 2.52038342519546, 0.0, 1.760248124555172, 1.7719790179344674, 2.4173388550221913, 3.107200876995242, 4.543294128713218], [2.782842277241022, 2.846852209019639, 2.1823220110698602, 1.0941489021152468, 3.4656203672647123, 4.593578659389649, 2.2979792971217123, 2.9250906413306237, 3.8279005342354444, 3.8349167357323415, 3.247473698122896, 2.46737950263027, 1.760248124555172, 0.0, 1.7740518199872288, 3.677474059731761, 3.846416349018915, 4.8826563323666345], [3.3884909355050667, 2.7874131233098547, 2.180472705630593, 1.0951420181875955, 2.8123893347116793, 4.153637641874891, 2.9826991953598, 3.9657382036639786, 4.262782678016791, 3.791281465415091, 2.6160132950732495, 3.06959645067556, 1.7719790179344674, 1.7740518199872288, 0.0, 3.10048048211886, 2.6886724698259545, 4.3544822080242795], [4.73059369846957, 3.4915907177101957, 2.17390849393437, 2.688439238666182, 1.095083133830487, 2.0320711601713164, 5.007718583347111, 4.894660782934809, 5.6079556364151095, 3.772443559551289, 3.7721339186195393, 2.5123122357700685, 2.4173388550221913, 3.677474059731761, 3.10048048211886, 0.0, 1.7689122165896194, 2.8237238250225536], [4.233352681976781, 2.789919083055995, 2.1922606710881807, 2.818074209455812, 1.095633679657576, 2.054986119174531, 4.511162326939698, 4.764258696796387, 4.892129414682322, 3.0845866141186566, 2.5820998373416932, 3.0736677341573535, 3.107200876995242, 3.846416349018915, 2.6886724698259545, 1.7689122165896194, 0.0, 2.2235811003873907], [4.1529599636885495, 2.736894908468354, 2.7188831714511017, 4.109680505830107, 1.9510529336745328, 0.971798785757628, 4.907509308192904, 4.4489508853211674, 4.551366117991388, 2.164971540228647, 2.9735069093580395, 3.055943063932965, 4.543294128713218, 4.8826563323666345, 4.3544822080242795, 2.8237238250225536, 2.2235811003873907, 0.0]]}