{"total energy": -34.60164758, "HOMO-LUMO gap/eV": 4.15506089, "electronic energy": -35.09214148, "dipole": [0.34188463, 0.02394329, 0.58907333], "partial charges": [-0.10654576, 0.00452267, -0.10403873, -0.06090391, -0.05385784, -0.05518638, 0.14708241, -0.44835249, -0.11252857, -0.04961685, -0.09392153, 0.04078479, 0.0341674, 0.03965241, 0.03974252, 0.03898944, 0.03824066, 0.02399013, 0.03380002, 0.05010014, 0.04464016, 0.03078578, 0.28223073, 0.04788713, 0.03650896, 0.03227122, 0.04174197, 0.03768666, 0.04012687], "atomic dipole moments": [[0.04907314, -0.0396192, 0.01811383], [-0.11582346, 0.05401892, 0.1148078], [-0.00658762, 0.01415512, -0.06486033], [0.11848131, -0.07978151, -0.02389138], [0.0534403, 0.10663631, 0.00078968], [0.01530089, -0.1141389, 0.01620703], [-0.01077679, -0.09395712, -0.11331183], [0.11471123, 0.0712626, 0.19003324], [0.0037654, 0.06255854, -0.08167646], [-0.13696442, -0.07253414, -0.04238361], [0.05749746, 0.0119307, 0.05018301], [-0.11354032, -0.05357532, 0.0252442], [-0.00437284, 0.02917585, -0.12458907], [0.00950248, 0.11248332, 0.0599731], [-0.10018448, -0.07333719, 0.03342381], [0.00160069, 0.10472479, 0.0730608], [0.10429131, -0.0615216, 0.04072822], [-0.01878675, 0.04386921, -0.13869274], [-0.01733613, -0.0759158, 0.09773917], [-0.00360525, -0.08315815, -0.09567375], [0.00438292, 0.07196158, -0.10375947], [-0.00584301, 0.08450334, 0.09413757], [0.07236846, -0.03281737, 0.01058729], [-0.08937033, -0.09404059, -0.00381633], [-0.01511667, 0.06618062, 0.11042375], [0.10073284, -0.07428979, 0.01290447], [0.02131939, 0.08060274, -0.12386066], [0.11152063, 0.0949802, -0.03518812], [-0.00255919, -0.07079928, 0.13566531]], "atomic quadrupole moments": [[0.05963612, -0.13982012, -0.01203396, 0.02381474, -0.03207606, -0.04760216], [-0.04330976, 0.28758675, 0.22547655, 0.22191379, -0.02958874, -0.18216679], [-0.07480319, -0.0318698, -0.07154065, -0.01583924, -0.05347143, 0.14634383], [0.07429262, 0.26466167, 0.27559522, 0.19979989, 0.04951919, -0.34988784], [0.18397479, 0.01591604, -0.00927061, 0.02987278, -0.03242711, -0.17470417], [0.22124853, -0.01775992, -0.00095222, 0.0191576, -0.00762157, -0.22029631], [-0.16112707, -0.02962446, 0.01355901, 0.0062541, 0.18440748, 0.14756806], [-0.07032358, -0.01106681, -0.0092554, 0.02082182, 0.12996079, 0.07957897], [-0.08736874, -0.00495753, -0.03603424, 0.00016097, -0.13846095, 0.12340298], [-0.02827938, -0.24645594, 0.28982375, -0.25315132, 0.26643642, -0.26154437], [-0.09363224, -0.36698444, 0.2629151, -0.22925603, 0.27012783, -0.16928286], [0.04756758, 0.0469651, -0.01375725, -0.02842149, -0.02614553, -0.03381033], [-0.03597258, -0.01155357, -0.04327865, -0.01391039, -0.017694, 0.07925123], [-0.04200852, 0.00702565, 0.04297762, 0.0170505, 0.05740513, -0.0009691], [0.04568909, 0.05777978, -0.01263986, -0.01286614, -0.0167136, -0.03304923], [-0.05136997, -0.01328027, 0.05886311, 0.00290572, 0.04807078, -0.00749313], [0.04842256, -0.06187935, -0.01793682, 0.00386001, -0.00879372, -0.03048574], [-0.00481587, -0.05672918, -0.02292036, -0.01959928, -0.00937222, 0.02773623], [-0.01597153, -0.00062814, -0.0298976, -0.0081965, -0.03720651, 0.04586913], [-0.0271618, -0.0099975, -0.00625806, -0.00331431, 0.03739054, 0.03341986], [-0.00977392, 0.01089262, -0.02432825, -0.00468814, -0.04179592, 0.03410217], [-0.01890831, 0.00209088, -0.01527742, -0.00237157, 0.04771305, 0.03418573], [0.08187958, -0.09638104, -0.01999029, 0.00630453, 0.02077341, -0.06188929], [0.04439544, 0.05647279, -0.00858837, 0.02254956, 0.00446717, -0.03580706], [-0.04747228, -0.01090667, 0.00928369, -0.01099975, 0.0574715, 0.03818858], [0.06588091, -0.04840908, -0.0207427, -0.00439655, -0.00872104, -0.0451382], [0.01538175, 0.03584979, -0.03574274, 0.03237279, -0.02414866, 0.02036099], [0.01775204, 0.04568312, -0.02618295, 0.01857622, -0.02620397, 0.00843091], [-0.00499664, 0.03337692, -0.01990154, 0.01121734, -0.03776294, 0.02489817]], "number of molecular orbitals": 62, "number of electrons": 64, "number of unpaired electrons": 0, "orbital energies/eV": [-18.49257258, -17.18089083, -16.8134689, -16.6968373, -16.36996763, -16.15586889, -15.89693195, -15.66678803, -15.33943816, -15.11402879, -14.52663721, -14.26642179, -14.02882922, -13.87074282, -13.60850946, -13.4620572, -13.32871842, -13.17667096, -12.84922172, -12.70345445, -12.63607993, -12.49420962, -12.25590042, -12.12819296, -12.05871935, -11.94884513, -11.78079419, -11.4474528, -11.20622303, -11.13276652, -10.86362715, -10.03594412, -5.88088323, -5.11435243, 1.06536721, 1.60939985, 2.26815235, 2.35645021, 2.71356702, 3.00301987, 3.41019618, 3.85028726, 3.90054159, 4.26473469, 4.50851121, 4.9410906, 5.26724093, 5.32098785, 5.50803442, 5.75553057, 5.99621819, 6.16027914, 6.23705399, 6.28203261, 6.49159187, 6.90734609, 7.61412667, 7.84442831, 10.5082628, 10.83995156, 15.30877833, 16.71093398], "fractional occupation": [2.0, 2.0, 2.0, 2.0, 2.0, 2.0, 2.0, 2.0, 2.0, 2.0, 2.0, 2.0, 2.0, 2.0, 2.0, 2.0, 2.0, 2.0, 2.0, 2.0, 2.0, 2.0, 2.0, 2.0, 2.0, 2.0, 2.0, 2.0, 2.0, 2.0, 2.0, 2.0, 0.0, 0.0, 0.0, 0.0, 0.0, 0.0, 0.0, 0.0, 0.0, 0.0, 0.0, 0.0, 0.0, 0.0, 0.0, 0.0, 0.0, 0.0, 0.0, 0.0, 0.0, 0.0, 0.0, 0.0, 0.0, 0.0, 0.0, 0.0, 0.0, 0.0], "program call": "xtb /home/svss/Project-DBcg-Debug/aqme2_20220329/End-to-End-workflows-final/example-3/QDESCP/mol_229_rdkit_conf_8/mol_229_rdkit_conf_8.xyz --pop --wbo --acc 0.2 --gfn 2 --chrg 0 --uhf 0 --etemp 300 --input /home/svss/Project-DBcg-Debug/aqme2_20220329/End-to-End-workflows-final/example-3/QDESCP/mol_229_rdkit_conf_8/mol_229_rdkit_conf_8_xtb.inp", "method": "GFN2-xTB", "xtb version": "6.3.3 (7355c4f)", "Dipole module/D": 1.732, "Total charge": 0, "Transition dipole module/D": NaN, "HOMO": -10.0359, "LUMO": -5.8809, "HOMO occupancy": 2.0, "LUMO occupancy": 0, "mulliken charges": [-0.08655, 0.00366, -0.08836, -0.07338, -0.03244, -0.04886, 0.24703, -0.56795, -0.11291, -0.05063, -0.08091, 0.03411, 0.03228, 0.03356, 0.03555, 0.03351, 0.03179, 0.02615, 0.02145, 0.04241, 0.03707, 0.02053, 0.3348, 0.04381, 0.03126, 0.03015, 0.03865, 0.03501, 0.02919], "cm5 charges": [-0.23072, -0.02205, -0.23275, -0.13303, -0.13833, -0.14995, 0.24145, -0.77225, -0.25619, -0.10844, -0.18281, 0.08578, 0.084, 0.08524, 0.08725, 0.08528, 0.08445, 0.08261, 0.07894, 0.10025, 0.09521, 0.077, 0.50568, 0.09843, 0.08381, 0.08403, 0.09709, 0.08723, 0.08282], "FUKUI+": [0.025, -0.083, 0.024, -0.055, 0.01, 0.002, -0.004, -0.026, 0.022, -0.078, -0.07, -0.048, -0.033, -0.046, -0.049, -0.045, -0.024, -0.061, -0.032, -0.04, -0.022, -0.018, -0.021, -0.03, -0.018, -0.023, -0.078, -0.09, -0.088], "FUKUI-": [0.025, -0.066, 0.024, -0.057, 0.005, -0.001, -0.011, -0.058, 0.014, -0.016, -0.022, -0.068, -0.043, -0.069, -0.069, -0.061, -0.034, -0.063, -0.039, -0.056, -0.032, -0.03, -0.038, -0.025, -0.027, -0.033, -0.042, -0.062, -0.045], "FUKUIrad": [0.025, -0.075, 0.024, -0.056, 0.007, 0.001, -0.007, -0.042, 0.018, -0.047, -0.046, -0.058, -0.038, -0.057, -0.059, -0.053, -0.029, -0.062, -0.036, -0.048, -0.027, -0.024, -0.029, -0.028, -0.023, -0.028, -0.06, -0.076, -0.067], "s proportion": [1.009, 1.09, 1.006, 1.068, 1.025, 1.04, 1.046, 1.703, 1.021, 1.088, 1.05, 0.966, 0.968, 0.966, 0.964, 0.966, 0.968, 0.974, 0.979, 0.958, 0.963, 0.979, 0.665, 0.956, 0.969, 0.97, 0.961, 0.965, 0.971], "p proportion": [3.078, 2.907, 3.082, 3.005, 3.008, 3.009, 2.707, 4.865, 3.092, 2.963, 3.031, 0.0, 0.0, 0.0, 0.0, 0.0, 0.0, 0.0, 0.0, 0.0, 0.0, 0.0, 0.0, 0.0, 0.0, 0.0, 0.0, 0.0, 0.0], "d proportion": [0.0, 0.0, 0.0, 0.0, 0.0, 0.0, 0.0, 0.0, 0.0, 0.0, 0.0, 0.0, 0.0, 0.0, 0.0, 0.0, 0.0, 0.0, 0.0, 0.0, 0.0, 0.0, 0.0, 0.0, 0.0, 0.0, 0.0, 0.0, 0.0], "Fermi-level/eV": -7.9584, "Coordination numbers": [3.756, 2.935, 3.754, 2.893, 3.801, 3.804, 3.773, 1.654, 3.749, 2.889, 2.832, 0.924, 0.924, 0.924, 0.924, 0.924, 0.924, 0.924, 0.924, 0.924, 0.923, 0.923, 0.804, 0.924, 0.924, 0.924, 0.924, 0.925, 0.925], "Dispersion coefficient C6": [22.59, 27.923, 22.546, 29.513, 21.541, 21.562, 18.242, 21.811, 22.718, 29.23, 30.349, 2.439, 2.528, 2.454, 2.452, 2.462, 2.472, 2.674, 2.533, 2.319, 2.388, 2.576, 0.777, 2.347, 2.496, 2.555, 2.426, 2.48, 2.447], "Total dispersion C6": 6655.288446, "Total dispersion C8": 146096.16485, "Polarizability alpha": [6.777, 8.666, 6.771, 8.907, 6.608, 6.611, 6.086, 6.304, 6.798, 8.864, 9.028, 2.442, 2.487, 2.45, 2.449, 2.454, 2.459, 2.557, 2.489, 2.381, 2.417, 2.51, 1.385, 2.396, 2.471, 2.499, 2.436, 2.463, 2.446], "Total polarizability alpha": 124.608123, "Wiberg matrix": [[0.0, 1.021732042206683, 0.0, 0.0, 0.0, 0.0, 0.0, 0.0, 0.0, 0.0, 0.0, 0.973919072149029, 0.9852725028435533, 0.9739236530379479, 0.0, 0.0, 0.0, 0.0, 0.0, 0.0, 0.0, 0.0, 0.0, 0.0, 0.0, 0.0, 0.0, 0.0, 0.0], [1.021732042206683, 0.0, 1.0244357609010888, 1.881470419057961, 0.0, 0.0, 0.0, 0.0, 0.0, 0.0, 0.0, 0.0, 0.0, 0.0, 0.0, 0.0, 0.0, 0.0, 0.0, 0.0, 0.0, 0.0, 0.0, 0.0, 0.0, 0.0, 0.0, 0.0, 0.0], [0.0, 1.0244357609010888, 0.0, 0.0, 0.0, 0.0, 0.0, 0.0, 0.0, 0.0, 0.0, 0.0, 0.0, 0.0, 0.9720095627290932, 0.9744772128904633, 0.9811211659178039, 0.0, 0.0, 0.0, 0.0, 0.0, 0.0, 0.0, 0.0, 0.0, 0.0, 0.0, 0.0], [0.0, 1.881470419057961, 0.0, 0.0, 1.0202369809982075, 0.0, 0.0, 0.0, 0.0, 0.0, 0.0, 0.0, 0.0, 0.0, 0.0, 0.0, 0.0, 0.9663899147351, 0.0, 0.0, 0.0, 0.0, 0.0, 0.0, 0.0, 0.0, 0.0, 0.0, 0.0], [0.0, 0.0, 0.0, 1.0202369809982075, 0.0, 0.9891627524986994, 0.0, 0.0, 0.0, 0.0, 0.0, 0.0, 0.0, 0.0, 0.0, 0.0, 0.0, 0.0, 0.9689384758415155, 0.9675982580430893, 0.0, 0.0, 0.0, 0.0, 0.0, 0.0, 0.0, 0.0, 0.0], [0.0, 0.0, 0.0, 0.0, 0.9891627524986994, 0.0, 0.9675596840093231, 0.0, 0.0, 0.0, 0.0, 0.0, 0.0, 0.0, 0.0, 0.0, 0.0, 0.0, 0.0, 0.0, 0.9746638582018652, 0.9767022890813518, 0.0, 0.0, 0.0, 0.0, 0.0, 0.0, 0.0], [0.0, 0.0, 0.0, 0.0, 0.0, 0.9675596840093231, 0.0, 0.9600572450076323, 0.9916523275274923, 0.9883438304135904, 0.0, 0.0, 0.0, 0.0, 0.0, 0.0, 0.0, 0.0, 0.0, 0.0, 0.0, 0.0, 0.0, 0.0, 0.0, 0.0, 0.0, 0.0, 0.0], [0.0, 0.0, 0.0, 0.0, 0.0, 0.0, 0.9600572450076323, 0.0, 0.0, 0.0, 0.0, 0.0, 0.0, 0.0, 0.0, 0.0, 0.0, 0.0, 0.0, 0.0, 0.0, 0.0, 0.9029360065450441, 0.0, 0.0, 0.0, 0.0, 0.0, 0.0], [0.0, 0.0, 0.0, 0.0, 0.0, 0.0, 0.9916523275274923, 0.0, 0.0, 0.0, 0.0, 0.0, 0.0, 0.0, 0.0, 0.0, 0.0, 0.0, 0.0, 0.0, 0.0, 0.0, 0.0, 0.9814465914640641, 0.9853347799333448, 0.9837341769517002, 0.0, 0.0, 0.0], [0.0, 0.0, 0.0, 0.0, 0.0, 0.0, 0.9883438304135904, 0.0, 0.0, 0.0, 1.9784306830870988, 0.0, 0.0, 0.0, 0.0, 0.0, 0.0, 0.0, 0.0, 0.0, 0.0, 0.0, 0.0, 0.0, 0.0, 0.0, 0.9650893122324984, 0.0, 0.0], [0.0, 0.0, 0.0, 0.0, 0.0, 0.0, 0.0, 0.0, 0.0, 1.9784306830870988, 0.0, 0.0, 0.0, 0.0, 0.0, 0.0, 0.0, 0.0, 0.0, 0.0, 0.0, 0.0, 0.0, 0.0, 0.0, 0.0, 0.0, 0.9769683631639906, 0.9753341436806402], [0.973919072149029, 0.0, 0.0, 0.0, 0.0, 0.0, 0.0, 0.0, 0.0, 0.0, 0.0, 0.0, 0.0, 0.0, 0.0, 0.0, 0.0, 0.0, 0.0, 0.0, 0.0, 0.0, 0.0, 0.0, 0.0, 0.0, 0.0, 0.0, 0.0], [0.9852725028435533, 0.0, 0.0, 0.0, 0.0, 0.0, 0.0, 0.0, 0.0, 0.0, 0.0, 0.0, 0.0, 0.0, 0.0, 0.0, 0.0, 0.0, 0.0, 0.0, 0.0, 0.0, 0.0, 0.0, 0.0, 0.0, 0.0, 0.0, 0.0], [0.9739236530379479, 0.0, 0.0, 0.0, 0.0, 0.0, 0.0, 0.0, 0.0, 0.0, 0.0, 0.0, 0.0, 0.0, 0.0, 0.0, 0.0, 0.0, 0.0, 0.0, 0.0, 0.0, 0.0, 0.0, 0.0, 0.0, 0.0, 0.0, 0.0], [0.0, 0.0, 0.9720095627290932, 0.0, 0.0, 0.0, 0.0, 0.0, 0.0, 0.0, 0.0, 0.0, 0.0, 0.0, 0.0, 0.0, 0.0, 0.0, 0.0, 0.0, 0.0, 0.0, 0.0, 0.0, 0.0, 0.0, 0.0, 0.0, 0.0], [0.0, 0.0, 0.9744772128904633, 0.0, 0.0, 0.0, 0.0, 0.0, 0.0, 0.0, 0.0, 0.0, 0.0, 0.0, 0.0, 0.0, 0.0, 0.0, 0.0, 0.0, 0.0, 0.0, 0.0, 0.0, 0.0, 0.0, 0.0, 0.0, 0.0], [0.0, 0.0, 0.9811211659178039, 0.0, 0.0, 0.0, 0.0, 0.0, 0.0, 0.0, 0.0, 0.0, 0.0, 0.0, 0.0, 0.0, 0.0, 0.0, 0.0, 0.0, 0.0, 0.0, 0.0, 0.0, 0.0, 0.0, 0.0, 0.0, 0.0], [0.0, 0.0, 0.0, 0.9663899147351, 0.0, 0.0, 0.0, 0.0, 0.0, 0.0, 0.0, 0.0, 0.0, 0.0, 0.0, 0.0, 0.0, 0.0, 0.0, 0.0, 0.0, 0.0, 0.0, 0.0, 0.0, 0.0, 0.0, 0.0, 0.0], [0.0, 0.0, 0.0, 0.0, 0.9689384758415155, 0.0, 0.0, 0.0, 0.0, 0.0, 0.0, 0.0, 0.0, 0.0, 0.0, 0.0, 0.0, 0.0, 0.0, 0.0, 0.0, 0.0, 0.0, 0.0, 0.0, 0.0, 0.0, 0.0, 0.0], [0.0, 0.0, 0.0, 0.0, 0.9675982580430893, 0.0, 0.0, 0.0, 0.0, 0.0, 0.0, 0.0, 0.0, 0.0, 0.0, 0.0, 0.0, 0.0, 0.0, 0.0, 0.0, 0.0, 0.0, 0.0, 0.0, 0.0, 0.0, 0.0, 0.0], [0.0, 0.0, 0.0, 0.0, 0.0, 0.9746638582018652, 0.0, 0.0, 0.0, 0.0, 0.0, 0.0, 0.0, 0.0, 0.0, 0.0, 0.0, 0.0, 0.0, 0.0, 0.0, 0.0, 0.0, 0.0, 0.0, 0.0, 0.0, 0.0, 0.0], [0.0, 0.0, 0.0, 0.0, 0.0, 0.9767022890813518, 0.0, 0.0, 0.0, 0.0, 0.0, 0.0, 0.0, 0.0, 0.0, 0.0, 0.0, 0.0, 0.0, 0.0, 0.0, 0.0, 0.0, 0.0, 0.0, 0.0, 0.0, 0.0, 0.0], [0.0, 0.0, 0.0, 0.0, 0.0, 0.0, 0.0, 0.9029360065450441, 0.0, 0.0, 0.0, 0.0, 0.0, 0.0, 0.0, 0.0, 0.0, 0.0, 0.0, 0.0, 0.0, 0.0, 0.0, 0.0, 0.0, 0.0, 0.0, 0.0, 0.0], [0.0, 0.0, 0.0, 0.0, 0.0, 0.0, 0.0, 0.0, 0.9814465914640641, 0.0, 0.0, 0.0, 0.0, 0.0, 0.0, 0.0, 0.0, 0.0, 0.0, 0.0, 0.0, 0.0, 0.0, 0.0, 0.0, 0.0, 0.0, 0.0, 0.0], [0.0, 0.0, 0.0, 0.0, 0.0, 0.0, 0.0, 0.0, 0.9853347799333448, 0.0, 0.0, 0.0, 0.0, 0.0, 0.0, 0.0, 0.0, 0.0, 0.0, 0.0, 0.0, 0.0, 0.0, 0.0, 0.0, 0.0, 0.0, 0.0, 0.0], [0.0, 0.0, 0.0, 0.0, 0.0, 0.0, 0.0, 0.0, 0.9837341769517002, 0.0, 0.0, 0.0, 0.0, 0.0, 0.0, 0.0, 0.0, 0.0, 0.0, 0.0, 0.0, 0.0, 0.0, 0.0, 0.0, 0.0, 0.0, 0.0, 0.0], [0.0, 0.0, 0.0, 0.0, 0.0, 0.0, 0.0, 0.0, 0.0, 0.9650893122324984, 0.0, 0.0, 0.0, 0.0, 0.0, 0.0, 0.0, 0.0, 0.0, 0.0, 0.0, 0.0, 0.0, 0.0, 0.0, 0.0, 0.0, 0.0, 0.0], [0.0, 0.0, 0.0, 0.0, 0.0, 0.0, 0.0, 0.0, 0.0, 0.0, 0.9769683631639906, 0.0, 0.0, 0.0, 0.0, 0.0, 0.0, 0.0, 0.0, 0.0, 0.0, 0.0, 0.0, 0.0, 0.0, 0.0, 0.0, 0.0, 0.0], [0.0, 0.0, 0.0, 0.0, 0.0, 0.0, 0.0, 0.0, 0.0, 0.0, 0.9753341436806402, 0.0, 0.0, 0.0, 0.0, 0.0, 0.0, 0.0, 0.0, 0.0, 0.0, 0.0, 0.0, 0.0, 0.0, 0.0, 0.0, 0.0, 0.0]], "Born radii": [], "Atomic SASAs": [], "Solvent H bonds": [], "Total SASA": NaN, "Total FOD": 0.0, "FOD": [0.0, 0.0, 0.0, 0.0, 0.0, 0.0, 0.0, 0.0, 0.0, 0.0, 0.0, 0.0, 0.0, 0.0, 0.0, 0.0, 0.0, 0.0, 0.0, 0.0, 0.0, 0.0, 0.0, 0.0, 0.0, 0.0, 0.0, 0.0, 0.0], "FOD s proportion": [0.0, 0.0, 0.0, 0.0, 0.0, 0.0, 0.0, 0.0, 0.0, 0.0, 0.0, 0.0, 0.0, 0.0, 0.0, 0.0, 0.0, 0.0, 0.0, 0.0, 0.0, 0.0, 0.0, 0.0, 0.0, 0.0, 0.0, 0.0, 0.0], "FOD p proportion": [0.0, 0.0, 0.0, 0.0, 0.0, 0.0, 0.0, 0.0, 0.0, 0.0, 0.0, 0.0, 0.0, 0.0, 0.0, 0.0, 0.0, 0.0, 0.0, 0.0, 0.0, 0.0, 0.0, 0.0, 0.0, 0.0, 0.0, 0.0, 0.0], "FOD d proportion": [0.0, 0.0, 0.0, 0.0, 0.0, 0.0, 0.0, 0.0, 0.0, 0.0, 0.0, 0.0, 0.0, 0.0, 0.0, 0.0, 0.0, 0.0, 0.0, 0.0, 0.0, 0.0, 0.0, 0.0, 0.0, 0.0, 0.0, 0.0, 0.0], "coordinates": [["-3.84610", "1.69580", "-0.33440"], ["-2.71350", "0.77820", "0.04590"], ["-2.66550", "0.42660", "1.50710"], ["-1.83760", "0.34770", "-0.88300"], ["-0.67610", "-0.59160", "-0.68810"], ["0.64950", "0.17700", "-0.62830"], ["1.90390", "-0.71800", "-0.52290"], ["1.94160", "-1.57420", "-1.66720"], ["1.86640", "-1.61570", "0.72050"], ["3.13750", "0.15650", "-0.62320"], ["4.10610", "0.32980", "0.28730"], ["-4.80710", "1.23330", "-0.08640"], ["-3.85450", "1.92480", "-1.40530"], ["-3.76520", "2.64370", "0.20750"], ["-3.53420", "-0.18280", "1.77630"], ["-2.68300", "1.33850", "2.11380"], ["-1.76580", "-0.12410", "1.79140"], ["-1.96270", "0.68530", "-1.91220"], ["-0.81590", "-1.19850", "0.21020"], ["-0.66820", "-1.29500", "-1.52930"], ["0.72230", "0.78860", "-1.53950"], ["0.62530", "0.87640", "0.21880"], ["2.79180", "-2.04640", "-1.63950"], ["1.05650", "-2.35050", "0.65820"], ["1.73940", "-1.03380", "1.63940"], ["2.78530", "-2.20820", "0.80800"], ["3.22820", "0.70700", "-1.56040"], ["4.93950", "0.99580", "0.08100"], ["4.10210", "-0.16620", "1.25180"]], "bond_dist": [[0.0, 1.506452989641562, 2.5289933273933327, 2.480404769387448, 3.9250735598202486, 4.754319090048542, 6.238947242123467, 6.779876630883486, 6.686666023512764, 7.157060771713483, 8.092586220115297, 1.0949571909440114, 1.0951430819760493, 1.0948583607024243, 2.842793355135051, 2.7338888309512512, 3.4869341462092454, 2.6566442460367177, 4.225597435866318, 4.524568383835081, 4.8109828943782365, 4.579395654450486, 7.731045418311808, 6.43376135786835, 6.52260782586229, 7.779573235081729, 7.247518329055816, 8.823226423480243, 8.31606623831244], [1.506452989641562, 0.0, 1.5036728367567196, 1.347362709147021, 2.5624415700655496, 3.4822056343645182, 4.886975612789571, 5.4898500325600885, 5.211652941246184, 5.921858382298583, 6.8385876231865295, 2.1465740751252915, 2.1731438056419554, 2.1476214051829525, 2.1427444201304082, 2.142679805757267, 2.1815248864040035, 2.099163323803081, 2.7450360908374227, 3.3109915992040815, 3.7839559934016145, 3.3447156964381892, 6.4130543744771105, 4.937263916381218, 5.064672216442047, 6.303664236775305, 6.1554096549295565, 7.656173376432903, 6.985591566216851], [2.5289933273933327, 1.5036728367567196, 0.0, 2.5306563634756896, 3.1326261570765195, 3.951133801834608, 5.129368920247402, 5.941780165909877, 5.032677861735242, 6.187563421897186, 6.881267967460648, 2.7886300758616227, 3.4843073917207703, 2.7953233551773575, 1.0947496015071205, 1.0954235482223302, 1.0925003752859768, 3.5003522708436074, 2.782789927393011, 4.021546818078835, 4.570558434152221, 3.562499343157834, 6.767491695598895, 4.720826158629441, 4.642565611814227, 6.094434550473079, 6.650103766107715, 7.758464722482149, 6.798308590377463], [2.480404769387448, 1.347362709147021, 2.5306563634756896, 0.0, 1.5064371045616207, 2.505928368888464, 3.906943914365805, 4.311730730228872, 4.488403703990985, 4.985546458513851, 6.057845507274018, 3.1994982684789814, 2.613030292591343, 3.1900545465555914, 3.1987119751549997, 3.2675979005991542, 2.716646064543558, 1.09035609320992, 2.1516718081529067, 2.117466254748821, 2.6792672636375787, 2.7494296390342488, 5.2664363112070385, 4.246339069127664, 4.589768295894685, 5.5464682654820985, 5.123504356395142, 6.875930047637192, 6.332574542790634], [3.9250735598202486, 2.5624415700655496, 3.1326261570765195, 1.5064371045616207, 0.0, 1.5334723212370023, 2.5883716889195028, 2.9625146176854558, 3.0817594033279105, 3.8868252571989905, 4.966872251226117, 4.556035985371494, 4.116900698340925, 4.561995644452108, 3.7959347215145836, 3.950136355874313, 2.7484400284525043, 2.1872891852702057, 1.0930757247327378, 1.0965634546162843, 2.1413445682561227, 2.161280539402509, 3.879166844826347, 2.8121443170648264, 3.3834061742569426, 4.102804008236318, 4.20604656892907, 5.886112208410573, 5.174492478494872], [4.754319090048542, 3.4822056343645182, 3.951133801834608, 2.505928368888464, 1.5334723212370023, 0.0, 1.5445560915680596, 2.4115424648966894, 2.552230463731675, 2.4880896808595954, 3.5790717735189386, 5.5842554436558505, 4.893316854649819, 5.125694745105291, 4.838894800468388, 4.469200253960433, 3.4320960636322524, 2.9547177428647897, 2.1777235040289202, 2.1713862599731075, 1.0998362787251565, 1.09878314967058, 3.248920172918996, 2.865133068462964, 2.792200196977287, 3.509099367359095, 2.79274132350277, 4.424662691098611, 3.9462651976267384], [6.238947242123467, 4.886975612789571, 5.129368920247402, 3.906943914365805, 2.5883716889195028, 1.5445560915680596, 0.0, 1.4296580780032686, 1.5340518570113593, 1.5154468977829612, 2.5698236748851073, 7.002544176226238, 6.397045580578585, 6.631229588847004, 5.928380157344837, 5.676357172518304, 4.3789724582372065, 4.341658777472039, 2.8575562811605306, 2.8216074089071994, 2.167832484303158, 2.174177593942132, 1.9493097573243716, 2.185895747742787, 2.1914221820543847, 2.183771235729604, 2.2047225993308097, 3.5378910398710697, 2.878563282264262], [6.779876630883486, 5.4898500325600885, 5.941780165909877, 4.311730730228872, 2.9625146176854558, 2.4115424648966894, 1.4296580780032686, 0.0, 2.3892443533468906, 2.348496391310832, 3.4828646973432655, 7.47836456586599, 6.775423811098461, 7.33980563366633, 6.616499969772538, 6.6458037474785545, 5.2734731183537855, 4.517623682866912, 3.3570206284740043, 2.628312213189293, 2.6619210393999295, 3.360815682241441, 0.9729235170351264, 2.606439882291552, 3.356563802462274, 2.690799273450177, 2.621186609152428, 4.318391789775448, 3.8949692232416937], [6.686666023512764, 5.211652941246184, 5.032677861735242, 4.488403703990985, 3.0817594033279105, 2.552230463731675, 1.5340518570113593, 2.3892443533468906, 0.0, 2.561624043453684, 2.9981475247225573, 7.3009239730324555, 7.055697180293383, 7.079588682967394, 5.6863341802957725, 5.600502021247738, 4.069959976461685, 5.185336739306329, 2.762099784584185, 3.404209994991496, 3.4924523332466544, 2.8288857364693967, 2.5712774354394354, 1.0953311554046108, 1.0950405563265682, 1.096854461631077, 3.5287305564466096, 4.083238434135337, 2.716925547378875], [7.157060771713483, 5.921858382298583, 6.187563421897186, 4.985546458513851, 3.8868252571989905, 2.4880896808595954, 1.5154468977829612, 2.348496391310832, 2.561624043453684, 0.0, 1.340607735320067, 8.035192694640248, 7.254421362176311, 7.384002547399344, 7.098190306690853, 6.539611093176719, 5.472785434310393, 5.287077688099543, 4.261449532729444, 4.172675634410132, 2.659388489860028, 2.745609012587189, 2.450539244737778, 3.501084968977474, 2.913907421315921, 2.7864286048632216, 1.0906972907273587, 2.108915866031644, 2.133122933635096], [8.092586220115297, 6.8385876231865295, 6.881267967460648, 6.057845507274018, 4.966872251226117, 3.5790717735189386, 2.5698236748851073, 3.4828646973432655, 2.9981475247225573, 1.340607735320067, 0.0, 8.966665945600962, 8.293375194696065, 8.204746488466295, 7.800901476752542, 7.102496515310654, 6.07844977194021, 6.464867666085671, 5.154389323673562, 5.360405869894555, 3.8726990742891445, 3.5241215146473026, 3.3296049570482085, 4.076963951275507, 3.0477611881510662, 2.908106794806546, 2.080140269308779, 1.0865869730490976, 1.0845700761131112], [1.0949571909440114, 2.1465740751252915, 2.7886300758616227, 3.1994982684789814, 4.556035985371494, 5.5842554436558505, 7.002544176226238, 7.47836456586599, 7.3009239730324555, 8.035192694640248, 8.966665945600962, 0.0, 1.767799824640788, 1.777965404612812, 2.663693846897575, 3.060024164937264, 3.8233719790258447, 3.424100027744517, 4.683086614616475, 5.060114080729801, 5.734415581382291, 5.452659388775353, 8.420916393718679, 6.912297487811125, 7.139663178329913, 8.38381842420266, 8.18631258748406, 9.750930241264165, 9.117193873665297], [1.0951430819760493, 2.1731438056419554, 3.4843073917207703, 2.613030292591343, 4.116900698340925, 4.893316854649819, 6.397045580578585, 6.775423811098461, 7.055697180293383, 7.254421362176311, 8.293375194696065, 1.767799824640788, 0.0, 1.7680258878195194, 3.829771326071571, 3.7550265977753075, 4.333537791458613, 2.317803939076815, 4.647357647093669, 4.5315555530082605, 4.717632702956006, 4.87908305012325, 7.745875210071488, 6.83038383548099, 7.022480278363194, 8.128181219067399, 7.188305234198114, 8.966970764422063, 8.645226715939843], [1.0948583607024243, 2.1476214051829525, 2.7953233551773575, 3.1900545465555914, 4.561995644452108, 5.125694745105291, 6.631229588847004, 7.33980563366633, 7.079588682967394, 7.384002547399344, 8.204746488466295, 1.777965404612812, 1.7680258878195194, 0.0, 3.240925283001754, 2.551212176593707, 3.7639150375639456, 3.402567398303816, 4.843643114433598, 5.30294643853773, 5.1605291647271985, 4.732860364515311, 8.2705922405835, 6.956576386413075, 6.773106009800821, 8.173774165585932, 7.468863424912789, 8.860213245176437, 8.419056347952543], [2.842793355135051, 2.1427444201304082, 1.0947496015071205, 3.1987119751549997, 3.7959347215145836, 4.838894800468388, 5.928380157344837, 6.616499969772538, 5.6863341802957725, 7.098190306690853, 7.800901476752542, 2.663693846897575, 3.829771326071571, 3.240925283001754, 0.0, 1.7756129589524852, 1.7694384024316865, 4.102224044344726, 3.2974945928689556, 4.5141927517552904, 5.482329783039324, 4.566087071005107, 7.4269085493225235, 5.198422586708395, 5.343575541713619, 6.706409643020623, 7.5931129775606525, 8.721624375080596, 7.654309472447531], [2.7338888309512512, 2.142679805757267, 1.0954235482223302, 3.2675979005991542, 3.950136355874313, 4.469200253960433, 5.676357172518304, 6.6458037474785545, 5.600502021247738, 6.539611093176719, 7.102496515310654, 3.060024164937264, 3.7550265977753075, 2.551212176593707, 1.7756129589524852, 0.0, 1.7562449601351173, 4.141760293643271, 3.6805059937459683, 4.926146455394926, 5.02444613763547, 3.8404961007661496, 7.451056565346958, 5.450812105549043, 5.04088131282616, 6.647292638360372, 6.9886209891508635, 7.896342531830796, 7.0031955634553], [3.4869341462092454, 2.1815248864040035, 1.0925003752859768, 2.716646064543558, 2.7484400284525043, 3.4320960636322524, 4.3789724582372065, 5.2734731183537855, 4.069959976461685, 5.472785434310393, 6.07844977194021, 3.8233719790258447, 4.333537791458613, 3.7639150375639456, 1.7694384024316865, 1.7562449601351173, 0.0, 3.7961231447359554, 2.1346753406548737, 3.688194824029772, 4.256589915648441, 3.031737162090408, 6.019803141299556, 3.7691347136975617, 3.624511709182356, 5.101280190305175, 6.071682340999074, 7.010042243809947, 5.892808411954355], [2.6566442460367177, 2.099163323803081, 3.5003522708436074, 1.09035609320992, 2.1872891852702057, 2.9547177428647897, 4.341658777472039, 4.517623682866912, 5.185336739306329, 5.287077688099543, 6.464867666085671, 3.424100027744517, 2.317803939076815, 3.402567398303816, 4.102224044344726, 4.141760293643271, 3.7961231447359554, 0.0, 3.060789839240845, 2.396649901424903, 2.7127110387949545, 3.357889844828147, 5.490156685377932, 4.9938568701956205, 5.410611035733394, 6.189938149125562, 5.202852769394882, 7.1909402257284825, 6.893311779543995], [4.225597435866318, 2.7450360908374227, 2.782789927393011, 2.1516718081529067, 1.0930757247327378, 2.1777235040289202, 2.8575562811605306, 3.3570206284740043, 2.762099784584185, 4.261449532729444, 5.154389323673562, 4.683086614616475, 4.647357647093669, 4.843643114433598, 3.2974945928689556, 3.6805059937459683, 2.1346753406548737, 3.060789839240845, 0.0, 1.7484243735432197, 3.062037841046384, 2.526329632094751, 4.141958931471919, 2.243588589737432, 2.932455766077299, 3.787545428110401, 4.808398841610376, 6.160866358719365, 5.1319877094552755], [4.524568383835081, 3.3109915992040815, 4.021546818078835, 2.117466254748821, 1.0965634546162843, 2.1713862599731075, 2.8216074089071994, 2.628312213189293, 3.404209994991496, 4.172675634410132, 5.360405869894555, 5.060114080729801, 4.5315555530082605, 5.30294643853773, 4.5141927517552904, 4.926146455394926, 3.688194824029772, 2.396649901424903, 1.7484243735432197, 0.0, 2.5049916666528054, 3.073104915228245, 3.542364464591412, 2.978896874683647, 3.9881603390535845, 4.26890709432754, 4.380742422238495, 6.267944640789355, 5.63599758161765], [4.8109828943782365, 3.7839559934016145, 4.570558434152221, 2.6792672636375787, 2.1413445682561227, 1.0998362787251565, 2.167832484303158, 2.6619210393999295, 3.4924523332466544, 2.659388489860028, 3.8726990742891445, 5.734415581382291, 4.717632702956006, 5.1605291647271985, 5.482329783039324, 5.02444613763547, 4.256589915648441, 2.7127110387949545, 3.062037841046384, 2.5049916666528054, 0.0, 1.7631610051268718, 3.5114178404171725, 3.8464949941472693, 3.802767331825601, 4.329842432467953, 2.507315333180093, 4.522579787024216, 4.486206278137464], [4.579395654450486, 3.3447156964381892, 3.562499343157834, 2.7494296390342488, 2.161280539402509, 1.09878314967058, 2.174177593942132, 3.360815682241441, 2.8288857364693967, 2.745609012587189, 3.5241215146473026, 5.452659388775353, 4.87908305012325, 4.732860364515311, 4.566087071005107, 3.8404961007661496, 3.031737162090408, 3.357889844828147, 2.526329632094751, 3.073104915228245, 1.7631610051268718, 0.0, 4.0853103896766525, 3.2851011262973318, 2.6283430540932056, 3.811497579692266, 3.157425756846865, 4.318051278065141, 3.7738895055366948], [7.731045418311808, 6.4130543744771105, 6.767491695598895, 5.2664363112070385, 3.879166844826347, 3.248920172918996, 1.9493097573243716, 0.9729235170351264, 2.5712774354394354, 2.450539244737778, 3.3296049570482085, 8.420916393718679, 7.745875210071488, 8.2705922405835, 7.4269085493225235, 7.451056565346958, 6.019803141299556, 5.490156685377932, 4.141958931471919, 3.542364464591412, 3.5114178404171725, 4.0853103896766525, 0.0, 2.89537013005246, 3.589441423118645, 2.4528509412518322, 2.7888910573918086, 4.102159965189071, 3.68939748739547], [6.43376135786835, 4.937263916381218, 4.720826158629441, 4.246339069127664, 2.8121443170648264, 2.865133068462964, 2.185895747742787, 2.606439882291552, 1.0953311554046108, 3.501084968977474, 4.076963951275507, 6.912297487811125, 6.83038383548099, 6.956576386413075, 5.198422586708395, 5.450812105549043, 3.7691347136975617, 4.9938568701956205, 2.243588589737432, 2.978896874683647, 3.8464949941472693, 3.2851011262973318, 2.89537013005246, 0.0, 1.778427603249567, 1.7411027453886803, 4.357381449907731, 5.158349787480488, 3.794628678803764], [6.52260782586229, 5.064672216442047, 4.642565611814227, 4.589768295894685, 3.3834061742569426, 2.792200196977287, 2.1914221820543847, 3.356563802462274, 1.0950405563265682, 2.913907421315921, 3.0477611881510662, 7.139663178329913, 7.022480278363194, 6.773106009800821, 5.343575541713619, 5.04088131282616, 3.624511709182356, 5.410611035733394, 2.932455766077299, 3.9881603390535845, 3.802767331825601, 2.6283430540932056, 3.589441423118645, 1.778427603249567, 0.0, 1.7788614701544354, 3.935178537245801, 4.097380471716045, 2.5466281255809613], [7.779573235081729, 6.303664236775305, 6.094434550473079, 5.5464682654820985, 4.102804008236318, 3.509099367359095, 2.183771235729604, 2.690799273450177, 1.096854461631077, 2.7864286048632216, 2.908106794806546, 8.38381842420266, 8.128181219067399, 8.173774165585932, 6.706409643020623, 6.647292638360372, 5.101280190305175, 6.189938149125562, 3.787545428110401, 4.26890709432754, 4.329842432467953, 3.811497579692266, 2.4528509412518322, 1.7411027453886803, 1.7788614701544354, 0.0, 3.7820457440385358, 3.9287049571073673, 2.469956412570878], [7.247518329055816, 6.1554096549295565, 6.650103766107715, 5.123504356395142, 4.20604656892907, 2.79274132350277, 2.2047225993308097, 2.621186609152428, 3.5287305564466096, 1.0906972907273587, 2.080140269308779, 8.18631258748406, 7.188305234198114, 7.468863424912789, 7.5931129775606525, 6.9886209891508635, 6.071682340999074, 5.202852769394882, 4.808398841610376, 4.380742422238495, 2.507315333180093, 3.157425756846865, 2.7888910573918086, 4.357381449907731, 3.935178537245801, 3.7820457440385358, 0.0, 2.388754296699432, 3.071587259056789], [8.823226423480243, 7.656173376432903, 7.758464722482149, 6.875930047637192, 5.886112208410573, 4.424662691098611, 3.5378910398710697, 4.318391789775448, 4.083238434135337, 2.108915866031644, 1.0865869730490976, 9.750930241264165, 8.966970764422063, 8.860213245176437, 8.721624375080596, 7.896342531830796, 7.010042243809947, 7.1909402257284825, 6.160866358719365, 6.267944640789355, 4.522579787024216, 4.318051278065141, 4.102159965189071, 5.158349787480488, 4.097380471716045, 3.9287049571073673, 2.388754296699432, 0.0, 1.8499338907106924], [8.31606623831244, 6.985591566216851, 6.798308590377463, 6.332574542790634, 5.174492478494872, 3.9462651976267384, 2.878563282264262, 3.8949692232416937, 2.716925547378875, 2.133122933635096, 1.0845700761131112, 9.117193873665297, 8.645226715939843, 8.419056347952543, 7.654309472447531, 7.0031955634553, 5.892808411954355, 6.893311779543995, 5.1319877094552755, 5.63599758161765, 4.486206278137464, 3.7738895055366948, 3.68939748739547, 3.794628678803764, 2.5466281255809613, 2.469956412570878, 3.071587259056789, 1.8499338907106924, 0.0]]}