{"total energy": -27.21556448, "HOMO-LUMO gap/eV": 11.64331067, "electronic energy": -27.56023476, "dipole": [-0.69813347, 0.1250519, -0.03920123], "partial charges": [-0.10046072, -0.05350492, -0.07041021, 0.11501696, -0.45166592, -0.06155574, -0.05168643, -0.10101532, 0.03350341, 0.03461309, 0.032594, 0.03566344, 0.02785618, 0.02577501, 0.04372162, 0.00912, 0.28106117, 0.0321077, 0.04655602, 0.03109439, 0.046752, 0.03310622, 0.03207097, 0.02968706], "atomic dipole moments": [[0.07979974, 0.03746303, 0.05660235], [-0.02230088, -0.11091126, 0.00015549], [0.02158823, 0.10893192, 0.02268444], [0.08590143, -0.1529784, 0.00050351], [-0.20480745, 0.1168844, -0.0327555], [-0.04904164, -0.10101673, -0.02430895], [0.01958288, 0.11544481, 0.04621908], [-0.07406809, -0.0563722, 0.0373637], [-0.06028256, 0.09371892, -0.05696012], [0.03980874, -0.07976406, -0.08934009], [-0.08340428, -0.06005961, 0.07255197], [0.07206293, 0.06419303, -0.0784394], [-0.04583281, 0.08199445, 0.08068639], [-0.07602896, -0.0701018, 0.06162964], [0.04179984, -0.08826346, -0.08137906], [-0.04125869, 0.05572591, 0.09262824], [-0.06095678, -0.03167047, 0.0369732], [-0.04512723, 0.10896534, -0.03920241], [0.0856355, 0.03150271, 0.08528558], [-0.07539968, -0.0270722, -0.09327689], [0.05201996, -0.11048211, 0.03728306], [0.08721109, 0.02650088, 0.08731458], [0.05720293, -0.06006735, -0.09319898], [-0.04404473, 0.10755526, -0.04598864]], "atomic quadrupole moments": [[0.08707352, 0.09583008, -0.06591249, 0.15370142, 0.06193279, -0.02116103], [0.05413788, -0.01587101, 0.01506658, 0.21699146, -0.03982979, -0.06920445], [0.02949987, -0.03429625, -0.00835114, 0.22561871, -0.05936543, -0.02114873], [-0.01059123, -0.08014488, 0.15181922, 0.15664463, -0.23596681, -0.14122799], [0.00666447, -0.0883444, 0.06274281, 0.03971453, -0.09934156, -0.06940728], [0.01394445, 0.06667095, -0.03487687, -0.21394636, 0.02402368, 0.02093242], [0.02916566, 0.09221255, -0.03176358, -0.20479798, 0.06054215, 0.00259793], [0.06771424, 0.14506748, -0.000933, -0.10414462, -0.06696931, -0.06678124], [-0.01534984, -0.03641676, 0.03942108, 0.03401774, -0.03939104, -0.02407124], [-0.00883507, -0.0276096, 0.00114881, -0.03013281, 0.05706444, 0.00768626], [0.00161176, 0.04186934, -0.02089122, -0.04109585, -0.034309, 0.01927946], [0.01957433, 0.02333821, -0.02430644, -0.02797675, -0.02551008, 0.0047321], [-0.01241545, -0.02371759, -0.00828678, -0.01647585, 0.03752511, 0.02070223], [0.01629407, 0.02646295, -0.02458516, -0.03591072, -0.02747472, 0.00829109], [-0.0059322, -0.02757114, -0.0177053, -0.03261065, 0.02849151, 0.02363751], [-0.00574003, -0.01516664, 0.01296634, -0.01469755, 0.00775563, -0.00722631], [0.03336303, 0.06130112, -0.00073055, -0.07433207, -0.06959412, -0.03263248], [-0.01165507, -0.04240654, 0.02000123, 0.0090424, -0.03507376, -0.00834616], [0.02053035, 0.00837753, -0.04380392, 0.03313906, 0.0149091, 0.02327357], [0.02345075, 0.01186819, -0.03988922, 0.03627444, 0.00702444, 0.01643847], [-0.01037452, -0.02724774, 0.02106475, 0.0053794, -0.03323922, -0.01069023], [0.0055981, 0.02205607, -0.03825803, 0.05601332, 0.00738266, 0.03265992], [-0.0191558, -0.01755028, -0.00142514, -0.04579286, 0.04992112, 0.02058094], [-0.00609779, -0.04074191, 0.04464284, 0.01567899, -0.03842828, -0.03854504]], "number of molecular orbitals": 48, "number of electrons": 50, "number of unpaired electrons": 0, "orbital energies/eV": [-18.46954134, -17.17022124, -16.83919758, -16.52030806, -16.16269876, -15.62754665, -15.33354024, -15.19999691, -14.82730936, -14.25778445, -13.9482526, -13.80080507, -13.54384612, -13.14621532, -13.04555574, -12.73474485, -12.55627216, -12.42089347, -12.28171565, -11.98776366, -11.77682076, -11.6983929, -11.46841489, -11.33548145, -10.88215624, 0.76115443, 1.86796942, 2.06339913, 2.57944688, 3.17708395, 3.47493234, 3.73337923, 3.80942647, 4.06195632, 4.5065701, 4.63745206, 4.71607896, 4.82951879, 5.38127078, 5.84836737, 6.06291423, 6.34470651, 6.77278929, 6.96383962, 7.45995758, 7.46613821, 8.05203582, 8.32247188], "fractional occupation": [2.0, 2.0, 2.0, 2.0, 2.0, 2.0, 2.0, 2.0, 2.0, 2.0, 2.0, 2.0, 2.0, 2.0, 2.0, 2.0, 2.0, 2.0, 2.0, 2.0, 2.0, 2.0, 2.0, 2.0, 2.0, 0.0, 0.0, 0.0, 0.0, 0.0, 0.0, 0.0, 0.0, 0.0, 0.0, 0.0, 0.0, 0.0, 0.0, 0.0, 0.0, 0.0, 0.0, 0.0, 0.0, 0.0, 0.0, 0.0], "program call": "xtb /home/svss/Project-DBcg-Debug/aqme2_20220329/End-to-End-workflows-final/example-3/QDESCP/mol_1077_rdkit_conf_8/mol_1077_rdkit_conf_8.xyz --pop --wbo --acc 0.2 --gfn 2 --chrg 0 --uhf 0 --etemp 300 --input /home/svss/Project-DBcg-Debug/aqme2_20220329/End-to-End-workflows-final/example-3/QDESCP/mol_1077_rdkit_conf_8/mol_1077_rdkit_conf_8_xtb.inp", "method": "GFN2-xTB", "xtb version": "6.3.3 (7355c4f)", "Dipole module/D": 1.805, "Total charge": 0, "Transition dipole module/D": NaN, "HOMO": -10.8822, "LUMO": 0.7612, "HOMO occupancy": 2.0, "LUMO occupancy": 0, "mulliken charges": [-0.08243, -0.04024, -0.07517, 0.21936, -0.57057, -0.05512, -0.0349, -0.08471, 0.02944, 0.02882, 0.02694, 0.02479, 0.02093, 0.02292, 0.03581, 0.00828, 0.334, 0.01948, 0.0384, 0.01793, 0.03729, 0.0277, 0.0277, 0.02337], "cm5 charges": [-0.23288, -0.15275, -0.18151, 0.1717, -0.78161, -0.1605, -0.14667, -0.23516, 0.08021, 0.08012, 0.07824, 0.08042, 0.07587, 0.0804, 0.09389, 0.07458, 0.5033, 0.0756, 0.09618, 0.07384, 0.09457, 0.07901, 0.07847, 0.07468], "FUKUI+": [0.019, -0.02, -0.006, -0.04, -0.148, 0.012, -0.004, 0.016, -0.069, -0.038, -0.038, -0.044, -0.046, -0.049, -0.057, -0.097, -0.103, -0.081, -0.054, -0.024, -0.027, -0.029, -0.045, -0.027], "FUKUI-": [0.015, 0.008, 0.003, 0.004, -0.093, 0.011, 0.002, 0.019, -0.058, -0.043, -0.055, -0.047, -0.056, -0.055, -0.06, -0.1, -0.05, -0.052, -0.067, -0.069, -0.064, -0.069, -0.067, -0.06], "FUKUIrad": [0.017, -0.006, -0.001, -0.018, -0.121, 0.012, -0.001, 0.017, -0.064, -0.04, -0.046, -0.045, -0.051, -0.052, -0.058, -0.098, -0.076, -0.066, -0.061, -0.047, -0.046, -0.049, -0.056, -0.043], "s proportion": [1.008, 1.027, 1.043, 1.021, 1.699, 1.035, 1.025, 1.008, 0.971, 0.971, 0.973, 0.975, 0.979, 0.977, 0.964, 0.992, 0.666, 0.981, 0.962, 0.982, 0.963, 0.972, 0.972, 0.977], "p proportion": [3.075, 3.014, 3.032, 2.76, 4.872, 3.02, 3.01, 3.077, 0.0, 0.0, 0.0, 0.0, 0.0, 0.0, 0.0, 0.0, 0.0, 0.0, 0.0, 0.0, 0.0, 0.0, 0.0, 0.0], "d proportion": [0.0, 0.0, 0.0, 0.0, 0.0, 0.0, 0.0, 0.0, 0.0, 0.0, 0.0, 0.0, 0.0, 0.0, 0.0, 0.0, 0.0, 0.0, 0.0, 0.0, 0.0, 0.0, 0.0, 0.0], "Fermi-level/eV": -5.0605, "Coordination numbers": [3.75, 3.799, 3.8, 3.723, 1.653, 3.8, 3.799, 3.75, 0.924, 0.924, 0.924, 0.924, 0.924, 0.923, 0.924, 0.924, 0.804, 0.924, 0.923, 0.924, 0.924, 0.924, 0.924, 0.924], "Dispersion coefficient C6": [22.482, 21.537, 21.848, 18.801, 21.879, 21.684, 21.504, 22.493, 2.537, 2.522, 2.55, 2.508, 2.617, 2.648, 2.4, 2.905, 0.781, 2.557, 2.364, 2.571, 2.361, 2.543, 2.557, 2.591], "Total dispersion C6": 3819.989199, "Total dispersion C8": 79086.635373, "Polarizability alpha": [6.762, 6.608, 6.655, 6.192, 6.314, 6.63, 6.603, 6.764, 2.491, 2.483, 2.497, 2.476, 2.53, 2.545, 2.423, 2.665, 1.388, 2.501, 2.404, 2.508, 2.403, 2.494, 2.501, 2.517], "Total polarizability alpha": 91.353631, "Wiberg matrix": [[0.0, 1.0198910391347384, 0.0, 0.0, 0.0, 0.0, 0.0, 0.0, 0.9872045626956598, 0.9876478617589848, 0.9875846706527545, 0.0, 0.0, 0.0, 0.0, 0.0, 0.0, 0.0, 0.0, 0.0, 0.0, 0.0, 0.0, 0.0], [1.0198910391347384, 0.0, 1.0076604368092519, 0.0, 0.0, 0.0, 0.0, 0.0, 0.0, 0.0, 0.0, 0.9758023772816421, 0.9779337735813463, 0.0, 0.0, 0.0, 0.0, 0.0, 0.0, 0.0, 0.0, 0.0, 0.0, 0.0], [0.0, 1.0076604368092519, 0.0, 0.9889150075770231, 0.0, 0.0, 0.0, 0.0, 0.0, 0.0, 0.0, 0.0, 0.0, 0.9735890907728088, 0.9736601909318242, 0.0, 0.0, 0.0, 0.0, 0.0, 0.0, 0.0, 0.0, 0.0], [0.0, 0.0, 0.9889150075770231, 0.0, 0.977093144610268, 0.9935849024163674, 0.0, 0.0, 0.0, 0.0, 0.0, 0.0, 0.0, 0.0, 0.0, 0.9647683897210255, 0.0, 0.0, 0.0, 0.0, 0.0, 0.0, 0.0, 0.0], [0.0, 0.0, 0.0, 0.977093144610268, 0.0, 0.0, 0.0, 0.0, 0.0, 0.0, 0.0, 0.0, 0.0, 0.0, 0.0, 0.0, 0.9047108517362954, 0.0, 0.0, 0.0, 0.0, 0.0, 0.0, 0.0], [0.0, 0.0, 0.0, 0.9935849024163674, 0.0, 0.0, 1.0082185716002863, 0.0, 0.0, 0.0, 0.0, 0.0, 0.0, 0.0, 0.0, 0.0, 0.0, 0.9739210800840705, 0.9741319512091458, 0.0, 0.0, 0.0, 0.0, 0.0], [0.0, 0.0, 0.0, 0.0, 0.0, 1.0082185716002863, 0.0, 1.0198726237508904, 0.0, 0.0, 0.0, 0.0, 0.0, 0.0, 0.0, 0.0, 0.0, 0.0, 0.0, 0.9764159276318638, 0.9770116423747341, 0.0, 0.0, 0.0], [0.0, 0.0, 0.0, 0.0, 0.0, 0.0, 1.0198726237508904, 0.0, 0.0, 0.0, 0.0, 0.0, 0.0, 0.0, 0.0, 0.0, 0.0, 0.0, 0.0, 0.0, 0.0, 0.9875877143340577, 0.9874265497552281, 0.9877700583063082], [0.9872045626956598, 0.0, 0.0, 0.0, 0.0, 0.0, 0.0, 0.0, 0.0, 0.0, 0.0, 0.0, 0.0, 0.0, 0.0, 0.0, 0.0, 0.0, 0.0, 0.0, 0.0, 0.0, 0.0, 0.0], [0.9876478617589848, 0.0, 0.0, 0.0, 0.0, 0.0, 0.0, 0.0, 0.0, 0.0, 0.0, 0.0, 0.0, 0.0, 0.0, 0.0, 0.0, 0.0, 0.0, 0.0, 0.0, 0.0, 0.0, 0.0], [0.9875846706527545, 0.0, 0.0, 0.0, 0.0, 0.0, 0.0, 0.0, 0.0, 0.0, 0.0, 0.0, 0.0, 0.0, 0.0, 0.0, 0.0, 0.0, 0.0, 0.0, 0.0, 0.0, 0.0, 0.0], [0.0, 0.9758023772816421, 0.0, 0.0, 0.0, 0.0, 0.0, 0.0, 0.0, 0.0, 0.0, 0.0, 0.0, 0.0, 0.0, 0.0, 0.0, 0.0, 0.0, 0.0, 0.0, 0.0, 0.0, 0.0], [0.0, 0.9779337735813463, 0.0, 0.0, 0.0, 0.0, 0.0, 0.0, 0.0, 0.0, 0.0, 0.0, 0.0, 0.0, 0.0, 0.0, 0.0, 0.0, 0.0, 0.0, 0.0, 0.0, 0.0, 0.0], [0.0, 0.0, 0.9735890907728088, 0.0, 0.0, 0.0, 0.0, 0.0, 0.0, 0.0, 0.0, 0.0, 0.0, 0.0, 0.0, 0.0, 0.0, 0.0, 0.0, 0.0, 0.0, 0.0, 0.0, 0.0], [0.0, 0.0, 0.9736601909318242, 0.0, 0.0, 0.0, 0.0, 0.0, 0.0, 0.0, 0.0, 0.0, 0.0, 0.0, 0.0, 0.0, 0.0, 0.0, 0.0, 0.0, 0.0, 0.0, 0.0, 0.0], [0.0, 0.0, 0.0, 0.9647683897210255, 0.0, 0.0, 0.0, 0.0, 0.0, 0.0, 0.0, 0.0, 0.0, 0.0, 0.0, 0.0, 0.0, 0.0, 0.0, 0.0, 0.0, 0.0, 0.0, 0.0], [0.0, 0.0, 0.0, 0.0, 0.9047108517362954, 0.0, 0.0, 0.0, 0.0, 0.0, 0.0, 0.0, 0.0, 0.0, 0.0, 0.0, 0.0, 0.0, 0.0, 0.0, 0.0, 0.0, 0.0, 0.0], [0.0, 0.0, 0.0, 0.0, 0.0, 0.9739210800840705, 0.0, 0.0, 0.0, 0.0, 0.0, 0.0, 0.0, 0.0, 0.0, 0.0, 0.0, 0.0, 0.0, 0.0, 0.0, 0.0, 0.0, 0.0], [0.0, 0.0, 0.0, 0.0, 0.0, 0.9741319512091458, 0.0, 0.0, 0.0, 0.0, 0.0, 0.0, 0.0, 0.0, 0.0, 0.0, 0.0, 0.0, 0.0, 0.0, 0.0, 0.0, 0.0, 0.0], [0.0, 0.0, 0.0, 0.0, 0.0, 0.0, 0.9764159276318638, 0.0, 0.0, 0.0, 0.0, 0.0, 0.0, 0.0, 0.0, 0.0, 0.0, 0.0, 0.0, 0.0, 0.0, 0.0, 0.0, 0.0], [0.0, 0.0, 0.0, 0.0, 0.0, 0.0, 0.9770116423747341, 0.0, 0.0, 0.0, 0.0, 0.0, 0.0, 0.0, 0.0, 0.0, 0.0, 0.0, 0.0, 0.0, 0.0, 0.0, 0.0, 0.0], [0.0, 0.0, 0.0, 0.0, 0.0, 0.0, 0.0, 0.9875877143340577, 0.0, 0.0, 0.0, 0.0, 0.0, 0.0, 0.0, 0.0, 0.0, 0.0, 0.0, 0.0, 0.0, 0.0, 0.0, 0.0], [0.0, 0.0, 0.0, 0.0, 0.0, 0.0, 0.0, 0.9874265497552281, 0.0, 0.0, 0.0, 0.0, 0.0, 0.0, 0.0, 0.0, 0.0, 0.0, 0.0, 0.0, 0.0, 0.0, 0.0, 0.0], [0.0, 0.0, 0.0, 0.0, 0.0, 0.0, 0.0, 0.9877700583063082, 0.0, 0.0, 0.0, 0.0, 0.0, 0.0, 0.0, 0.0, 0.0, 0.0, 0.0, 0.0, 0.0, 0.0, 0.0, 0.0]], "Born radii": [], "Atomic SASAs": [], "Solvent H bonds": [], "Total SASA": NaN, "Total FOD": 0.0, "FOD": [0.0, 0.0, 0.0, 0.0, 0.0, 0.0, 0.0, 0.0, 0.0, 0.0, 0.0, 0.0, 0.0, 0.0, 0.0, 0.0, 0.0, 0.0, 0.0, 0.0, 0.0, 0.0, 0.0, 0.0], "FOD s proportion": [0.0, 0.0, 0.0, 0.0, 0.0, 0.0, 0.0, 0.0, 0.0, 0.0, 0.0, 0.0, 0.0, 0.0, 0.0, 0.0, 0.0, 0.0, 0.0, 0.0, 0.0, 0.0, 0.0, 0.0], "FOD p proportion": [0.0, 0.0, 0.0, 0.0, 0.0, 0.0, 0.0, 0.0, 0.0, 0.0, 0.0, 0.0, 0.0, 0.0, 0.0, 0.0, 0.0, 0.0, 0.0, 0.0, 0.0, 0.0, 0.0, 0.0], "FOD d proportion": [0.0, 0.0, 0.0, 0.0, 0.0, 0.0, 0.0, 0.0, 0.0, 0.0, 0.0, 0.0, 0.0, 0.0, 0.0, 0.0, 0.0, 0.0, 0.0, 0.0, 0.0, 0.0, 0.0, 0.0], "coordinates": [["-3.01250", "-0.17800", "-1.17490"], ["-1.85410", "0.37540", "-0.35890"], ["-1.08940", "-0.74070", "0.35080"], ["0.02180", "-0.23130", "1.27770"], ["0.64900", "-1.35470", "1.89880"], ["1.11020", "0.61530", "0.60410"], ["1.84070", "-0.09520", "-0.53990"], ["2.95660", "0.77090", "-1.10550"], ["-3.54490", "0.63580", "-1.67720"], ["-2.65530", "-0.87410", "-1.94050"], ["-3.72640", "-0.70650", "-0.53520"], ["-1.18750", "0.92800", "-1.02940"], ["-2.24190", "1.08800", "0.37800"], ["-1.79130", "-1.33700", "0.94920"], ["-0.67660", "-1.44460", "-0.38250"], ["-0.42650", "0.36670", "2.08040"], ["-0.03880", "-1.84860", "2.37690"], ["0.67940", "1.55470", "0.23900"], ["1.85340", "0.88500", "1.36610"], ["1.14080", "-0.33320", "-1.34790"], ["2.26760", "-1.04090", "-0.18790"], ["3.70170", "1.00220", "-0.33760"], ["3.46310", "0.24930", "-1.92370"], ["2.56110", "1.71370", "-1.49670"]], "bond_dist": [[0.0, 1.5211831316445763, 2.518472828918351, 3.9019308220418263, 4.923295322240989, 4.55969529464415, 4.8952661909236355, 6.044450544094144, 1.0945435075866103, 1.0946645193848203, 1.0946147952590444, 2.138932268679867, 2.1466436057249934, 2.71042639634431, 2.772832870910182, 4.192978914805082, 4.924335416073929, 4.316420752197358, 5.591389166387902, 4.1597977030139335, 5.4404247462859, 6.8683640679567945, 6.532739248584777, 5.894667173810579], [1.5211831316445763, 0.0, 1.5277825074270226, 2.5623319964438647, 3.788926617130503, 3.126019113825122, 3.7290444352407492, 4.884328643733957, 2.1597517658286565, 2.169015963518941, 2.1695844279492786, 1.0951221712667496, 1.0959969023678853, 2.1557790262455008, 2.16782453395103, 2.826358423837996, 3.9656136637347825, 2.857771010770457, 4.120785533123509, 3.232593536156379, 4.361600346203214, 5.591086260289678, 5.544106428451748, 4.751802475903223], [2.518472828918351, 1.5277825074270226, 0.0, 1.5340786844226735, 2.407350111637275, 2.596369975562035, 3.1297767891656427, 4.558054436928106, 3.46944037274025, 2.7784697335043975, 2.782073802040485, 2.1677489107366656, 2.161744614888632, 1.0983259352305215, 1.0970906708198735, 2.1580749129722077, 2.536983243933629, 2.9000023862059146, 3.5119519387372033, 2.8329189857812738, 3.4131754613555976, 5.144534398757578, 5.184467812611049, 4.771109499896225], [3.9019308220418263, 2.5623319964438647, 1.5340786844226735, 0.0, 1.4286961223437262, 1.5346279940102747, 2.574993238826075, 3.911150485470995, 4.712180526040997, 4.235193914096496, 4.190635356363042, 2.851156500439778, 2.7702617692196525, 2.1489105030224036, 2.171663760806447, 1.096769884706906, 1.9564182298271502, 2.168209272648745, 2.146788021673309, 2.8559271646875035, 2.8012592097126605, 4.203853036203811, 4.724667608414374, 4.23418998747104], [4.923295322240989, 3.788926617130503, 2.407350111637275, 1.4286961223437262, 0.0, 2.4020519415699573, 2.9922812083759776, 4.343847558328906, 5.859920089898838, 5.088182321811985, 5.04862797203359, 4.142198302833895, 4.078837915387175, 2.618609848755633, 2.6400051249950254, 2.0378657389533785, 0.9724122891037524, 3.3496967862778266, 2.5981925910139916, 3.438951930457883, 2.6594460494621806, 4.458187957006748, 5.010337419775238, 4.959901734913707], [4.55969529464415, 3.126019113825122, 2.596369975562035, 1.5346279940102747, 2.4020519415699573, 0.0, 1.5320497707320084, 2.5211379335530215, 5.184081977553982, 4.782498486147173, 5.141775888737276, 2.8364641422024004, 3.392807231482508, 3.514153034516283, 2.899865826206447, 2.1453928637897537, 3.2455853170114017, 1.096065239846607, 1.0980566151159965, 2.170459078167566, 2.1702159339568032, 2.784306511503358, 3.472731957695555, 2.7793801485223284], [4.8952661909236355, 3.7290444352407492, 3.1297767891656427, 2.574993238826075, 2.9922812083759776, 1.5320497707320084, 0.0, 1.5215996122502133, 5.552702013434541, 4.773089310918035, 5.600563560035722, 3.2336579488251385, 4.348577400713939, 4.117148290989772, 2.8604989791992583, 3.4956429365711825, 3.88775694327719, 2.16274661252769, 2.143312700004365, 1.0951566143707485, 1.0956715292458776, 2.169915447661498, 2.1600380667941943, 2.1694611335536758], [6.044450544094144, 4.884328643733957, 4.558054436928106, 3.911150485470995, 4.343847558328906, 2.5211379335530215, 1.5215996122502133, 0.0, 6.5279855353700045, 5.907340485362258, 6.8680741005029935, 4.147774876967167, 5.415323343070106, 5.58637529262043, 4.316400293068288, 4.664622392005595, 5.2878456076175295, 2.7581991461821604, 2.7090359189202347, 2.1389072467033254, 2.1446048587094078, 1.0946890471727577, 1.094559294876253, 1.0946823877271434], [1.0945435075866103, 2.1597517658286565, 3.46944037274025, 4.712180526040997, 5.859920089898838, 5.184081977553982, 5.552702013434541, 6.5279855353700045, 0.0, 1.7721492770080065, 1.7716872015115985, 2.462186109943763, 2.475104215987683, 3.7235775485411877, 3.772460356319202, 4.890438746165828, 5.907682064904983, 4.728732403086477, 6.202049533823477, 4.796163464687167, 6.230127898366132, 7.378481461655915, 7.022977182078837, 6.203038341006768], [1.0946645193848203, 2.169015963518941, 2.7784697335043975, 4.235193914096496, 5.088182321811985, 4.782498486147173, 4.773089310918035, 5.907340485362258, 1.7721492770080065, 0.0, 1.774883956770132, 2.496418326322734, 3.0653186163921036, 3.0514158189273384, 2.5822641112016407, 4.761803323321954, 5.141562530982192, 4.665781154319178, 5.861434300578656, 3.879964275608733, 5.228228515472521, 6.819181703107786, 6.220701597086938, 5.839905499235412], [1.0946147952590444, 2.1695844279492786, 2.782073802040485, 4.190635356363042, 5.04862797203359, 5.141775888737276, 5.600563560035722, 6.8680741005029935, 1.7716872015115985, 1.774883956770132, 0.0, 3.0597119308849976, 2.501580448436548, 2.519044584758277, 3.141558361705222, 4.345395449208277, 4.8356088117216425, 5.012333261067146, 6.105897311616041, 4.948683665380119, 6.013358184076515, 7.624655471560667, 7.384469929521008, 6.805476216988786], [2.138932268679867, 1.0951221712667496, 2.1677489107366656, 2.851156500439778, 4.142198302833895, 2.8364641422024004, 3.2336579488251385, 4.147774876967167, 2.462186109943763, 2.496418326322734, 3.0597119308849976, 0.0, 1.7658239210068483, 3.067516487323255, 2.5117183719517606, 3.2503899350693293, 4.542235015936538, 2.342414792473784, 3.8713488682886745, 2.6670299173425107, 4.064776189410678, 4.938458212843357, 4.784191315154526, 3.8584576892846707], [2.1466436057249934, 1.0959969023678853, 2.161744614888632, 2.7702617692196525, 4.078837915387175, 3.392807231482508, 4.348577400713939, 5.415323343070106, 2.475104215987683, 3.0653186163921036, 2.501580448436548, 1.7658239210068483, 0.0, 2.531784903975849, 3.072879284970368, 2.591161247394689, 4.180056265171559, 2.9616082759203652, 4.21770467197503, 4.054774906206262, 5.018769597222011, 5.987138378223774, 6.208724956059819, 5.193727907774915], [2.71042639634431, 2.1557790262455008, 1.0983259352305215, 2.1489105030224036, 2.618609848755633, 3.514153034516283, 4.117148290989772, 5.58637529262043, 3.7235775485411877, 3.0514158189273384, 2.519044584758277, 3.067516487323255, 2.531784903975849, 0.0, 1.7399881436377664, 2.4586350217142843, 2.317610428868493, 3.8691951902172113, 4.288930834135705, 3.8576538543524097, 4.225558049536179, 6.107434803581615, 6.19504814024879, 5.850861736530782], [2.772832870910182, 2.16782453395103, 1.0970906708198735, 2.171663760806447, 2.6400051249950254, 2.899865826206447, 2.8604989791992583, 4.316400293068288, 3.772460356319202, 2.5822641112016407, 3.141558361705222, 2.5117183719517606, 3.072879284970368, 1.7399881436377664, 0.0, 3.067447490993122, 2.860820371851403, 3.3497460709731413, 3.858178082981655, 2.3388351545160257, 2.9781129075305386, 5.01581071612556, 4.730931276186539, 4.658218738960205], [4.192978914805082, 2.826358423837996, 2.1580749129722077, 1.096769884706906, 2.0378657389533785, 2.1453928637897537, 3.4956429365711825, 4.664622392005595, 4.890438746165828, 4.761803323321954, 4.345395449208277, 3.2503899350693293, 2.591161247394689, 2.4586350217142843, 3.067447490993122, 0.0, 2.268430653557653, 2.454610512892015, 2.4447501692402027, 3.8339966340621636, 3.792716369569441, 4.826242792276411, 5.583510341174269, 4.851371679226402], [4.924335416073929, 3.9656136637347825, 2.536983243933629, 1.9564182298271502, 0.9724122891037524, 3.2455853170114017, 3.88775694327719, 5.2878456076175295, 5.907682064904983, 5.141562530982192, 4.8356088117216425, 4.542235015936538, 4.180056265171559, 2.317610428868493, 2.860820371851403, 2.268430653557653, 0.0, 4.082753793703461, 3.474867830580035, 4.190707381815151, 3.542606284926396, 5.430185184687535, 5.92955718245469, 5.869773271600871], [4.316420752197358, 2.857771010770457, 2.9000023862059146, 2.168209272648745, 3.3496967862778266, 1.096065239846607, 2.16274661252769, 2.7581991461821604, 4.728732403086477, 4.665781154319178, 5.012333261067146, 2.342414792473784, 2.9616082759203652, 3.8691951902172113, 3.3497460709731413, 2.454610512892015, 4.082753793703461, 0.0, 1.7598660460387319, 2.509045232752889, 3.0727450610162896, 3.126023208487103, 3.7590326069349276, 2.564903581033798], [5.591389166387902, 4.120785533123509, 3.5119519387372033, 2.146788021673309, 2.5981925910139916, 1.0980566151159965, 2.143312700004365, 2.7090359189202347, 6.202049533823477, 5.861434300578656, 6.105897311616041, 3.8713488682886745, 4.21770467197503, 4.288930834135705, 3.858178082981655, 2.4447501692402027, 3.474867830580035, 1.7598660460387319, 0.0, 3.059020431445335, 2.5090971384145333, 2.516454334972125, 3.7172614408997386, 3.063202053407512], [4.1597977030139335, 3.232593536156379, 2.8329189857812738, 2.8559271646875035, 3.438951930457883, 2.170459078167566, 1.0951566143707485, 2.1389072467033254, 4.796163464687167, 3.879964275608733, 4.948683665380119, 2.6670299173425107, 4.054774906206262, 3.8576538543524097, 2.3388351545160257, 3.8339966340621636, 4.190707381815151, 2.509045232752889, 3.059020431445335, 0.0, 1.7652528232522389, 3.0597725503703703, 2.462504655833162, 2.495835158819588], [5.4404247462859, 4.361600346203214, 3.4131754613555976, 2.8012592097126605, 2.6594460494621806, 2.1702159339568032, 1.0956715292458776, 2.1446048587094078, 6.230127898366132, 5.228228515472521, 6.013358184076515, 4.064776189410678, 5.018769597222011, 4.225558049536179, 2.9781129075305386, 3.792716369569441, 3.542606284926396, 3.0727450610162896, 2.5090971384145333, 1.7652528232522389, 0.0, 2.500662014347401, 2.4712017177883316, 3.0638082267008815], [6.8683640679567945, 5.591086260289678, 5.144534398757578, 4.203853036203811, 4.458187957006748, 2.784306511503358, 2.169915447661498, 1.0946890471727577, 7.378481461655915, 6.819181703107786, 7.624655471560667, 4.938458212843357, 5.987138378223774, 6.107434803581615, 5.01581071612556, 4.826242792276411, 5.430185184687535, 3.126023208487103, 2.516454334972125, 3.0597725503703703, 2.500662014347401, 0.0, 1.7718638717463597, 1.7750249068675066], [6.532739248584777, 5.544106428451748, 5.184467812611049, 4.724667608414374, 5.010337419775238, 3.472731957695555, 2.1600380667941943, 1.094559294876253, 7.022977182078837, 6.220701597086938, 7.384469929521008, 4.784191315154526, 6.208724956059819, 6.19504814024879, 4.730931276186539, 5.583510341174269, 5.92955718245469, 3.7590326069349276, 3.7172614408997386, 2.462504655833162, 2.4712017177883316, 1.7718638717463597, 0.0, 1.7721174791756893], [5.894667173810579, 4.751802475903223, 4.771109499896225, 4.23418998747104, 4.959901734913707, 2.7793801485223284, 2.1694611335536758, 1.0946823877271434, 6.203038341006768, 5.839905499235412, 6.805476216988786, 3.8584576892846707, 5.193727907774915, 5.850861736530782, 4.658218738960205, 4.851371679226402, 5.869773271600871, 2.564903581033798, 3.063202053407512, 2.495835158819588, 3.0638082267008815, 1.7750249068675066, 1.7721174791756893, 0.0]]}