{"total energy": -42.52545316, "HOMO-LUMO gap/eV": 2.73924839, "electronic energy": -43.32241262, "dipole": [0.13348953, -0.23173081, 0.02370814], "partial charges": [-0.06816579, 0.00494847, -0.03834424, -0.03244976, -0.03486374, -0.0332855, 0.00165437, 0.00070506, -0.04226509, 0.01333761, -0.03667662, -0.03207319, -0.03164152, -0.03749912, 0.01485209, -0.04747951, 0.0025861, 0.05499328, 0.05499407, 0.02825431, 0.02859529, 0.02850652, 0.03008618, 0.03083673, 0.02888817, 0.02713029, 0.02705636, 0.02849749, 0.02882169], "atomic dipole moments": [[-0.00986851, 0.05409199, -0.00673102], [-0.06191333, -0.05645819, 0.01101974], [0.01228333, -0.00553772, 5.917e-05], [-0.00439259, -0.00552475, 0.00098833], [-0.00229321, -0.00299245, 0.00054687], [-0.00598762, 0.00361553, -0.00018008], [-0.03876603, -0.00662333, 0.0030721], [0.05089712, -0.01649724, -0.00061918], [-0.03746732, 0.00395734, 0.00156251], [0.00126703, -0.02480046, 0.00326378], [0.03957612, -0.00928436, -0.00094256], [-0.01850143, -0.01825274, 0.00350163], [-0.01275358, 0.02222346, -0.00228802], [0.03935924, -0.00231555, -0.00186285], [0.0120777, 0.02109333, -0.00352843], [-0.04933085, 0.00239304, 0.00241729], [0.09992534, -0.01025855, -0.00416198], [0.0195982, -0.05403926, 0.12718176], [0.00641998, -0.08591369, -0.10980488], [0.07613674, -0.13211605, 0.01352962], [0.1509662, -0.00262617, -0.00805924], [0.07809331, 0.12790215, -0.02155629], [-0.07017663, 0.1344106, -0.01414428], [0.02462304, 0.14893413, -0.02141015], [0.01096074, 0.14932763, -0.02069514], [-0.11907693, 0.09239676, -0.00581649], [-0.13929532, -0.05570598, 0.01523497], [-0.02949147, -0.14673346, 0.02136322], [-0.01421787, -0.15116375, 0.02112566]], "atomic quadrupole moments": [[0.12971652, -0.00118989, 0.11751611, -0.0212376, -0.05004852, -0.24723263], [-0.22100065, 0.11835757, -0.14834717, 0.01750729, 0.06429239, 0.36934782], [-0.25670499, 0.01350916, -0.24759893, 0.04143956, 0.10251179, 0.50430392], [-0.24952737, 0.02079801, -0.2617021, 0.04049287, 0.10495132, 0.51122947], [-0.25808913, 0.02221229, -0.24936259, 0.04053315, 0.10268578, 0.50745171], [-0.26784227, 0.01501772, -0.24388906, 0.04230673, 0.10292564, 0.51173134], [-0.12731297, 0.01734224, -0.23131965, 0.02542986, 0.07998696, 0.35863262], [-0.16196985, 0.04906233, -0.19943614, 0.02315544, 0.07420272, 0.36140599], [-0.22842783, 0.00822129, -0.25780396, 0.03954763, 0.10174593, 0.48623179], [-0.176247, -0.00713802, -0.21222772, 0.03311136, 0.08287463, 0.38847473], [-0.24228308, -0.01094212, -0.2497855, 0.04323673, 0.10252951, 0.49206858], [-0.29131486, 0.00710944, -0.217541, 0.04440005, 0.09939331, 0.50885587], [-0.28767333, 0.02041127, -0.22249284, 0.04248402, 0.09946224, 0.51016617], [-0.2335306, 0.01286023, -0.25646655, 0.03941111, 0.10178812, 0.48999714], [-0.1721709, -0.00474966, -0.2174278, 0.03262572, 0.08363141, 0.3895987], [-0.22948967, -0.02141737, -0.2491215, 0.04314402, 0.10121206, 0.47861117], [-0.16692981, -0.10100594, -0.19709048, 0.04388616, 0.08286691, 0.36402028], [-0.01551589, -0.00424502, -0.01506917, 0.01188725, -0.04503766, 0.03058506], [-0.01756591, -0.00126907, 0.01119387, -0.00717185, 0.05098143, 0.00637204], [0.02975534, 0.00090691, 0.03111523, -0.00528146, -0.01268274, -0.06087057], [0.02839009, 0.00022516, 0.0385171, -0.00545932, -0.01448921, -0.06690719], [0.03809739, -0.00588776, 0.02912068, -0.00518296, -0.01289176, -0.06721807], [0.03310912, -0.00164943, 0.02812424, -0.0051359, -0.01218952, -0.06123337], [0.02707913, -0.00419148, 0.0322183, -0.00434671, -0.01232, -0.05929742], [0.03863931, 0.00494193, 0.0267052, -0.00656647, -0.01292631, -0.06534451], [0.03284359, 0.00560433, 0.03436746, -0.00645075, -0.01426738, -0.06721105], [0.02979544, -0.00530592, 0.03755186, -0.00480896, -0.01409756, -0.0673473], [0.03494689, -0.00839385, 0.0305006, -0.00456629, -0.01269891, -0.06544749], [0.02952686, 0.00389594, 0.02947622, -0.00555739, -0.01237301, -0.05900308]], "number of molecular orbitals": 80, "number of electrons": 80, "number of unpaired electrons": 0, "orbital energies/eV": [-17.75525213, -17.54848328, -17.33353672, -17.05693634, -16.91431321, -16.7580972, -16.51681246, -16.42255736, -16.15617564, -15.86914165, -15.47590729, -15.45556634, -15.23610816, -15.15669074, -14.37843027, -14.22809029, -14.04593925, -13.97179131, -13.68981822, -13.49659101, -13.33364498, -13.19124409, -13.15728124, -13.09550807, -12.8207329, -12.77350875, -12.70999944, -12.64216637, -12.394653, -12.13724947, -11.86293822, -11.58986704, -11.51504327, -11.47466346, -11.23658445, -11.20136367, -11.17673625, -10.77479057, -10.40686878, -9.96270282, -7.22345443, -6.47097133, -6.02283271, -5.55530871, -4.99474182, -3.86663409, -2.30089482, -1.21962612, 2.20667278, 2.28669972, 2.66819123, 2.97362469, 3.50130083, 3.64190382, 3.76412753, 4.06606322, 4.41074497, 4.5217885, 4.57641612, 5.20917772, 5.33658778, 5.70843556, 6.28525044, 6.56629937, 8.19723263, 8.92599158, 9.65425169, 10.13963559, 10.63933647, 11.30187613, 11.96336464, 12.24255777, 12.95559126, 13.71662762, 14.1631099, 15.2366578, 16.53238232, 17.6064387, 18.64840211, 19.81982572], "fractional occupation": [2.0, 2.0, 2.0, 2.0, 2.0, 2.0, 2.0, 2.0, 2.0, 2.0, 2.0, 2.0, 2.0, 2.0, 2.0, 2.0, 2.0, 2.0, 2.0, 2.0, 2.0, 2.0, 2.0, 2.0, 2.0, 2.0, 2.0, 2.0, 2.0, 2.0, 2.0, 2.0, 2.0, 2.0, 2.0, 2.0, 2.0, 2.0, 2.0, 2.0, 0.0, 0.0, 0.0, 0.0, 0.0, 0.0, 0.0, 0.0, 0.0, 0.0, 0.0, 0.0, 0.0, 0.0, 0.0, 0.0, 0.0, 0.0, 0.0, 0.0, 0.0, 0.0, 0.0, 0.0, 0.0, 0.0, 0.0, 0.0, 0.0, 0.0, 0.0, 0.0, 0.0, 0.0, 0.0, 0.0, 0.0, 0.0, 0.0, 0.0], "program call": "xtb /home/svss/Project-DBcg-Debug/aqme2_20220329/End-to-End-workflows-final/example-3/QDESCP/mol_846_rdkit_conf_1/mol_846_rdkit_conf_1.xyz --pop --wbo --acc 0.2 --gfn 2 --chrg 0 --uhf 0 --etemp 300 --input /home/svss/Project-DBcg-Debug/aqme2_20220329/End-to-End-workflows-final/example-3/QDESCP/mol_846_rdkit_conf_1/mol_846_rdkit_conf_1_xtb.inp", "method": "GFN2-xTB", "xtb version": "6.3.3 (7355c4f)", "Dipole module/D": 0.682, "Total charge": 0, "Transition dipole module/D": NaN, "HOMO": -9.9627, "LUMO": -7.2235, "HOMO occupancy": 2.0, "LUMO occupancy": 0, "mulliken charges": [-0.05287, 0.00038, -0.03822, -0.02856, -0.03279, -0.03145, -0.00541, -0.00377, -0.04239, 0.0079, -0.03738, -0.02981, -0.02894, -0.0387, 0.01042, -0.04907, 0.00082, 0.04771, 0.04771, 0.03035, 0.02923, 0.02932, 0.03166, 0.03323, 0.03035, 0.02922, 0.02915, 0.03005, 0.03187], "cm5 charges": [-0.14866, -0.01021, -0.09118, -0.08356, -0.08781, -0.08389, -0.01038, -0.00864, -0.09206, 0.00078, -0.08998, -0.08512, -0.08425, -0.09129, 0.0033, -0.09926, -0.00968, 0.10343, 0.10343, 0.08643, 0.0845, 0.08459, 0.08815, 0.0906, 0.08656, 0.08461, 0.08453, 0.08626, 0.0888], "FUKUI+": [0.01, -0.022, -0.017, -0.037, -0.015, -0.021, -0.023, -0.034, -0.045, -0.015, -0.039, -0.022, -0.033, -0.034, -0.016, -0.033, -0.019, -0.037, -0.037, -0.045, -0.053, -0.047, -0.036, -0.053, -0.053, -0.057, -0.06, -0.054, -0.052], "FUKUI-": [0.011, -0.03, -0.013, -0.035, -0.026, -0.013, -0.025, -0.028, -0.043, -0.015, -0.038, -0.023, -0.033, -0.034, -0.016, -0.033, -0.017, -0.049, -0.049, -0.044, -0.052, -0.048, -0.035, -0.05, -0.051, -0.055, -0.057, -0.052, -0.049], "FUKUIrad": [0.01, -0.026, -0.015, -0.036, -0.021, -0.017, -0.024, -0.031, -0.044, -0.015, -0.039, -0.022, -0.033, -0.034, -0.016, -0.033, -0.018, -0.043, -0.043, -0.045, -0.052, -0.048, -0.036, -0.051, -0.052, -0.056, -0.058, -0.053, -0.05], "s proportion": [1.028, 1.094, 1.057, 1.061, 1.061, 1.058, 1.079, 1.079, 1.061, 1.072, 1.064, 1.06, 1.06, 1.064, 1.072, 1.06, 1.093, 0.952, 0.952, 0.97, 0.971, 0.971, 0.968, 0.967, 0.97, 0.971, 0.971, 0.97, 0.968], "p proportion": [3.025, 2.906, 2.982, 2.967, 2.972, 2.974, 2.927, 2.925, 2.981, 2.92, 2.973, 2.97, 2.969, 2.975, 2.917, 2.989, 2.906, 0.0, 0.0, 0.0, 0.0, 0.0, 0.0, 0.0, 0.0, 0.0, 0.0, 0.0, 0.0], "d proportion": [0.0, 0.0, 0.0, 0.0, 0.0, 0.0, 0.0, 0.0, 0.0, 0.0, 0.0, 0.0, 0.0, 0.0, 0.0, 0.0, 0.0, 0.0, 0.0, 0.0, 0.0, 0.0, 0.0, 0.0, 0.0, 0.0, 0.0, 0.0, 0.0], "Fermi-level/eV": -8.5931, "Coordination numbers": [3.834, 3.04, 2.906, 2.915, 2.914, 2.908, 3.028, 3.024, 2.915, 2.983, 2.918, 2.909, 2.909, 2.918, 2.985, 2.914, 3.037, 0.924, 0.924, 0.925, 0.925, 0.925, 0.925, 0.925, 0.925, 0.925, 0.925, 0.925, 0.925], "Dispersion coefficient C6": [21.779, 27.874, 28.953, 28.809, 28.868, 28.829, 27.961, 27.986, 29.05, 27.709, 28.912, 28.799, 28.789, 28.933, 27.674, 29.179, 27.932, 2.259, 2.259, 2.611, 2.606, 2.608, 2.585, 2.574, 2.602, 2.628, 2.629, 2.608, 2.603], "Total dispersion C6": 11925.914918, "Total dispersion C8": 303526.727197, "Polarizability alpha": [6.64, 8.659, 8.823, 8.802, 8.81, 8.804, 8.674, 8.678, 8.838, 8.635, 8.817, 8.8, 8.798, 8.821, 8.629, 8.858, 8.669, 2.35, 2.35, 2.527, 2.525, 2.525, 2.514, 2.509, 2.523, 2.535, 2.535, 2.525, 2.523], "Total polarizability alpha": 176.696025, "Wiberg matrix": [[0.0, 1.0114929540294861, 0.0, 0.0, 0.0, 0.0, 0.0, 0.0, 0.0, 0.0, 0.0, 0.0, 0.0, 0.0, 0.0, 0.0, 1.0105836711750333, 0.9504890561221848, 0.9504952432315759, 0.0, 0.0, 0.0, 0.0, 0.0, 0.0, 0.0, 0.0, 0.0, 0.0], [1.0114929540294861, 0.0, 1.4463503813800829, 0.0, 0.1048989747517989, 0.0, 1.32230643430001, 0.0, 0.0, 0.0, 0.0, 0.0, 0.0, 0.0, 0.0, 0.0, 0.0, 0.0, 0.0, 0.0, 0.0, 0.0, 0.0, 0.0, 0.0, 0.0, 0.0, 0.0, 0.0], [0.0, 1.4463503813800829, 0.0, 1.4246501983239475, 0.0, 0.10113087597772785, 0.0, 0.0, 0.0, 0.0, 0.0, 0.0, 0.0, 0.0, 0.0, 0.0, 0.0, 0.0, 0.0, 0.9694762848192386, 0.0, 0.0, 0.0, 0.0, 0.0, 0.0, 0.0, 0.0, 0.0], [0.0, 0.0, 1.4246501983239475, 0.0, 1.434343510534895, 0.0, 0.0, 0.0, 0.0, 0.0, 0.0, 0.0, 0.0, 0.0, 0.0, 0.0, 0.0, 0.0, 0.0, 0.0, 0.972060377172432, 0.0, 0.0, 0.0, 0.0, 0.0, 0.0, 0.0, 0.0], [0.0, 0.1048989747517989, 0.0, 1.434343510534895, 0.0, 1.4411663936826877, 0.0, 0.0, 0.0, 0.0, 0.0, 0.0, 0.0, 0.0, 0.0, 0.0, 0.0, 0.0, 0.0, 0.0, 0.0, 0.9723208898616663, 0.0, 0.0, 0.0, 0.0, 0.0, 0.0, 0.0], [0.0, 0.0, 0.10113087597772785, 0.0, 1.4411663936826877, 0.0, 1.3968250991493907, 0.0, 0.0, 0.0, 0.0, 0.0, 0.0, 0.0, 0.0, 0.0, 0.0, 0.0, 0.0, 0.0, 0.0, 0.0, 0.9686535163152441, 0.0, 0.0, 0.0, 0.0, 0.0, 0.0], [0.0, 1.32230643430001, 0.0, 0.0, 0.0, 1.3968250991493907, 0.0, 1.0897310141522012, 0.0, 0.0, 0.0, 0.0, 0.0, 0.0, 0.0, 0.0, 0.0, 0.0, 0.0, 0.0, 0.0, 0.0, 0.0, 0.0, 0.0, 0.0, 0.0, 0.0, 0.0], [0.0, 0.0, 0.0, 0.0, 0.0, 0.0, 1.0897310141522012, 0.0, 1.4675437601407233, 0.0, 0.0, 0.0, 0.0, 0.0, 0.0, 0.0, 1.2538882013032224, 0.0, 0.0, 0.0, 0.0, 0.0, 0.0, 0.0, 0.0, 0.0, 0.0, 0.0, 0.0], [0.0, 0.0, 0.0, 0.0, 0.0, 0.0, 0.0, 1.4675437601407233, 0.0, 1.2956694307205012, 0.0, 0.0, 0.0, 0.0, 0.0, 0.11447183303634867, 0.0, 0.0, 0.0, 0.0, 0.0, 0.0, 0.0, 0.9665918472802567, 0.0, 0.0, 0.0, 0.0, 0.0], [0.0, 0.0, 0.0, 0.0, 0.0, 0.0, 0.0, 0.0, 1.2956694307205012, 0.0, 1.3031594072403712, 0.0, 0.0, 0.0, 1.2202165933779705, 0.0, 0.0, 0.0, 0.0, 0.0, 0.0, 0.0, 0.0, 0.0, 0.0, 0.0, 0.0, 0.0, 0.0], [0.0, 0.0, 0.0, 0.0, 0.0, 0.0, 0.0, 0.0, 0.0, 1.3031594072403712, 0.0, 1.5121353462983331, 0.0, 0.12654394045156597, 0.0, 0.0, 0.0, 0.0, 0.0, 0.0, 0.0, 0.0, 0.0, 0.0, 0.9696146362546931, 0.0, 0.0, 0.0, 0.0], [0.0, 0.0, 0.0, 0.0, 0.0, 0.0, 0.0, 0.0, 0.0, 0.0, 1.5121353462983331, 0.0, 1.3648504695976231, 0.0, 0.0, 0.0, 0.0, 0.0, 0.0, 0.0, 0.0, 0.0, 0.0, 0.0, 0.0, 0.9715018717919744, 0.0, 0.0, 0.0], [0.0, 0.0, 0.0, 0.0, 0.0, 0.0, 0.0, 0.0, 0.0, 0.0, 0.0, 1.3648504695976231, 0.0, 1.5093156474634353, 0.0, 0.0, 0.0, 0.0, 0.0, 0.0, 0.0, 0.0, 0.0, 0.0, 0.0, 0.0, 0.9714989267316134, 0.0, 0.0], [0.0, 0.0, 0.0, 0.0, 0.0, 0.0, 0.0, 0.0, 0.0, 0.0, 0.12654394045156597, 0.0, 1.5093156474634353, 0.0, 1.3080409811933185, 0.0, 0.0, 0.0, 0.0, 0.0, 0.0, 0.0, 0.0, 0.0, 0.0, 0.0, 0.0, 0.9696312562838924, 0.0], [0.0, 0.0, 0.0, 0.0, 0.0, 0.0, 0.0, 0.0, 0.0, 1.2202165933779705, 0.0, 0.0, 0.0, 1.3080409811933185, 0.0, 1.282810348145381, 0.0, 0.0, 0.0, 0.0, 0.0, 0.0, 0.0, 0.0, 0.0, 0.0, 0.0, 0.0, 0.0], [0.0, 0.0, 0.0, 0.0, 0.0, 0.0, 0.0, 0.0, 0.11447183303634867, 0.0, 0.0, 0.0, 0.0, 0.0, 1.282810348145381, 0.0, 1.5266498934431525, 0.0, 0.0, 0.0, 0.0, 0.0, 0.0, 0.0, 0.0, 0.0, 0.0, 0.0, 0.9674985203098476], [1.0105836711750333, 0.0, 0.0, 0.0, 0.0, 0.0, 0.0, 1.2538882013032224, 0.0, 0.0, 0.0, 0.0, 0.0, 0.0, 0.0, 1.5266498934431525, 0.0, 0.0, 0.0, 0.0, 0.0, 0.0, 0.0, 0.0, 0.0, 0.0, 0.0, 0.0, 0.0], [0.9504890561221848, 0.0, 0.0, 0.0, 0.0, 0.0, 0.0, 0.0, 0.0, 0.0, 0.0, 0.0, 0.0, 0.0, 0.0, 0.0, 0.0, 0.0, 0.0, 0.0, 0.0, 0.0, 0.0, 0.0, 0.0, 0.0, 0.0, 0.0, 0.0], [0.9504952432315759, 0.0, 0.0, 0.0, 0.0, 0.0, 0.0, 0.0, 0.0, 0.0, 0.0, 0.0, 0.0, 0.0, 0.0, 0.0, 0.0, 0.0, 0.0, 0.0, 0.0, 0.0, 0.0, 0.0, 0.0, 0.0, 0.0, 0.0, 0.0], [0.0, 0.0, 0.9694762848192386, 0.0, 0.0, 0.0, 0.0, 0.0, 0.0, 0.0, 0.0, 0.0, 0.0, 0.0, 0.0, 0.0, 0.0, 0.0, 0.0, 0.0, 0.0, 0.0, 0.0, 0.0, 0.0, 0.0, 0.0, 0.0, 0.0], [0.0, 0.0, 0.0, 0.972060377172432, 0.0, 0.0, 0.0, 0.0, 0.0, 0.0, 0.0, 0.0, 0.0, 0.0, 0.0, 0.0, 0.0, 0.0, 0.0, 0.0, 0.0, 0.0, 0.0, 0.0, 0.0, 0.0, 0.0, 0.0, 0.0], [0.0, 0.0, 0.0, 0.0, 0.9723208898616663, 0.0, 0.0, 0.0, 0.0, 0.0, 0.0, 0.0, 0.0, 0.0, 0.0, 0.0, 0.0, 0.0, 0.0, 0.0, 0.0, 0.0, 0.0, 0.0, 0.0, 0.0, 0.0, 0.0, 0.0], [0.0, 0.0, 0.0, 0.0, 0.0, 0.9686535163152441, 0.0, 0.0, 0.0, 0.0, 0.0, 0.0, 0.0, 0.0, 0.0, 0.0, 0.0, 0.0, 0.0, 0.0, 0.0, 0.0, 0.0, 0.0, 0.0, 0.0, 0.0, 0.0, 0.0], [0.0, 0.0, 0.0, 0.0, 0.0, 0.0, 0.0, 0.0, 0.9665918472802567, 0.0, 0.0, 0.0, 0.0, 0.0, 0.0, 0.0, 0.0, 0.0, 0.0, 0.0, 0.0, 0.0, 0.0, 0.0, 0.0, 0.0, 0.0, 0.0, 0.0], [0.0, 0.0, 0.0, 0.0, 0.0, 0.0, 0.0, 0.0, 0.0, 0.0, 0.9696146362546931, 0.0, 0.0, 0.0, 0.0, 0.0, 0.0, 0.0, 0.0, 0.0, 0.0, 0.0, 0.0, 0.0, 0.0, 0.0, 0.0, 0.0, 0.0], [0.0, 0.0, 0.0, 0.0, 0.0, 0.0, 0.0, 0.0, 0.0, 0.0, 0.0, 0.9715018717919744, 0.0, 0.0, 0.0, 0.0, 0.0, 0.0, 0.0, 0.0, 0.0, 0.0, 0.0, 0.0, 0.0, 0.0, 0.0, 0.0, 0.0], [0.0, 0.0, 0.0, 0.0, 0.0, 0.0, 0.0, 0.0, 0.0, 0.0, 0.0, 0.0, 0.9714989267316134, 0.0, 0.0, 0.0, 0.0, 0.0, 0.0, 0.0, 0.0, 0.0, 0.0, 0.0, 0.0, 0.0, 0.0, 0.0, 0.0], [0.0, 0.0, 0.0, 0.0, 0.0, 0.0, 0.0, 0.0, 0.0, 0.0, 0.0, 0.0, 0.0, 0.9696312562838924, 0.0, 0.0, 0.0, 0.0, 0.0, 0.0, 0.0, 0.0, 0.0, 0.0, 0.0, 0.0, 0.0, 0.0, 0.0], [0.0, 0.0, 0.0, 0.0, 0.0, 0.0, 0.0, 0.0, 0.0, 0.0, 0.0, 0.0, 0.0, 0.0, 0.0, 0.9674985203098476, 0.0, 0.0, 0.0, 0.0, 0.0, 0.0, 0.0, 0.0, 0.0, 0.0, 0.0, 0.0, 0.0]], "Born radii": [], "Atomic SASAs": [], "Solvent H bonds": [], "Total SASA": NaN, "Total FOD": 0.0, "FOD": [0.0, 0.0, 0.0, 0.0, 0.0, 0.0, 0.0, 0.0, 0.0, 0.0, 0.0, 0.0, 0.0, 0.0, 0.0, 0.0, 0.0, 0.0, 0.0, 0.0, 0.0, 0.0, 0.0, 0.0, 0.0, 0.0, 0.0, 0.0, 0.0], "FOD s proportion": [0.0, 0.0, 0.0, 0.0, 0.0, 0.0, 0.0, 0.0, 0.0, 0.0, 0.0, 0.0, 0.0, 0.0, 0.0, 0.0, 0.0, 0.0, 0.0, 0.0, 0.0, 0.0, 0.0, 0.0, 0.0, 0.0, 0.0, 0.0, 0.0], "FOD p proportion": [0.0, 0.0, 0.0, 0.0, 0.0, 0.0, 0.0, 0.0, 0.0, 0.0, 0.0, 0.0, 0.0, 0.0, 0.0, 0.0, 0.0, 0.0, 0.0, 0.0, 0.0, 0.0, 0.0, 0.0, 0.0, 0.0, 0.0, 0.0, 0.0], "FOD d proportion": [0.0, 0.0, 0.0, 0.0, 0.0, 0.0, 0.0, 0.0, 0.0, 0.0, 0.0, 0.0, 0.0, 0.0, 0.0, 0.0, 0.0, 0.0, 0.0, 0.0, 0.0, 0.0, 0.0, 0.0, 0.0, 0.0, 0.0, 0.0, 0.0], "coordinates": [["1.51320", "-1.82320", "0.02540"], ["2.49200", "-0.68560", "-0.18210"], ["3.87380", "-0.74680", "-0.25080"], ["4.57260", "0.44540", "-0.45000"], ["3.88940", "1.66720", "-0.57620"], ["2.49330", "1.72000", "-0.50560"], ["1.79910", "0.53830", "-0.30800"], ["0.37860", "0.28150", "-0.19440"], ["-0.70430", "1.14330", "-0.25000"], ["-2.00330", "0.62170", "-0.10760"], ["-3.12520", "1.46330", "-0.15830"], ["-4.41430", "0.94640", "-0.01710"], ["-4.60070", "-0.41910", "0.17680"], ["-3.49910", "-1.27480", "0.23060"], ["-2.19480", "-0.77650", "0.09100"], ["-1.08630", "-1.63740", "0.14510"], ["0.18230", "-1.09930", "0.00220"], ["1.67630", "-2.30200", "0.99530"], ["1.57660", "-2.54290", "-0.79590"], ["4.40140", "-1.68960", "-0.15340"], ["5.65850", "0.43060", "-0.50850"], ["4.45460", "2.58340", "-0.73090"], ["1.97620", "2.66810", "-0.60420"], ["-0.54840", "2.20660", "-0.40170"], ["-3.00340", "2.53360", "-0.30900"], ["-5.27260", "1.61190", "-0.05890"], ["-5.60480", "-0.82050", "0.28660"], ["-3.66850", "-2.33840", "0.38300"], ["-1.21200", "-2.70520", "0.29570"]], "bond_dist": [[0.0, 1.5150047689693915, 2.6090909834653138, 3.8382912187586813, 4.26510740310253, 3.7144075234147365, 2.401994300576086, 2.4011229227176187, 3.7139296789250063, 4.2849734258219145, 5.687669338138426, 6.542762922496887, 6.274885814100524, 5.046384932800906, 3.8534592576021875, 2.608879065805849, 1.5152109622095533, 1.0938725062821535, 1.0938561788461956, 2.8968116335032894, 4.748491943764883, 5.351817187647575, 4.558787212625743, 4.54663579033993, 6.28436195329327, 7.606188279289436, 7.193021390903826, 5.219513740761681, 2.8770994299815222], [1.5150047689693915, 0.0, 1.384859693254158, 2.38323892423735, 2.7647259195081166, 2.4272546837940183, 1.4120525592200879, 2.3241973367164843, 3.683180596984079, 4.6821261868941555, 6.014255855049734, 7.098424380804517, 7.106773160162072, 6.03413267504121, 4.695629953478021, 3.717151324603291, 2.353683978362431, 2.1597190118161205, 2.1596923137336024, 2.157463336884314, 3.373301298431553, 3.8521865479231407, 3.419286729714254, 4.202032503444018, 6.370147047753293, 8.098314494387088, 8.111476310758727, 6.403346476647972, 4.245785321939865], [2.6090909834653138, 1.384859693254158, 0.0, 1.3961887121732508, 2.4358826983251882, 2.8382750976605493, 2.441133740703282, 3.6437624634435215, 4.952926232036976, 6.036025422411672, 7.3402383653393715, 8.462514020077013, 8.491606402795645, 7.4074411486018565, 6.078290490754782, 5.054947792015265, 3.71691236108682, 2.966549932160253, 2.966519351024025, 1.0847674220771932, 2.1535631265416857, 3.4143896511675407, 3.9226673743767773, 5.319886766652087, 7.619730391555859, 9.44758827743885, 9.49410808923092, 7.734415445914449, 5.4771666443518034], [3.8382912187586813, 2.38323892423735, 1.3961887121732508, 0.0, 1.4055190927198393, 2.4395050748051337, 2.7786861391672146, 4.204976881030382, 5.3266066139710375, 6.587167848172689, 7.770285331955321, 9.011258237338447, 9.235240732108721, 8.280980937666746, 6.89807388841262, 6.059319191130305, 4.676036464785107, 4.245662791602744, 4.2456565687770835, 2.1622918396923203, 1.0875753307242673, 2.159600150490826, 3.4213251657800665, 5.4156070139920605, 7.8597860174434775, 9.921776277461612, 10.282244557002134, 8.738372883437739, 6.629023005692468], [4.26510740310253, 2.7647259195081166, 2.4358826983251882, 1.4055190927198393, 0.0, 1.3988807704733095, 2.3907531323831828, 3.793633135926562, 4.6349711261236575, 6.003046684809306, 7.02999493456432, 8.353656632876406, 8.775047276225923, 7.993511274152305, 6.590471543827498, 6.016497763649547, 4.661615516105978, 4.808531220653559, 4.8085604852180035, 3.4218430823168964, 2.159508661709881, 1.0875686507067037, 2.1593793205456056, 4.473865381300604, 6.952174957522287, 9.176758762221006, 9.852558488534843, 8.607365939124467, 6.775129026815652], [3.7144075234147365, 2.4272546837940183, 2.8382750976605493, 2.4395050748051337, 1.3988807704733095, 0.0, 1.3846928504184601, 2.5764478997255114, 3.2592269037303923, 4.645866813631231, 5.635073595792694, 6.967928456148212, 7.440850392932248, 6.739412084150961, 5.344784880610257, 4.950664744254048, 3.680629610542196, 4.369974120060667, 4.370003362698935, 3.923042519524865, 3.4177553759741204, 2.1547429869940404, 1.084439016266014, 3.0821281057087813, 5.56006361564326, 7.779487727993406, 8.524138941852133, 7.4315543300173745, 5.826982479808911], [2.401994300576086, 1.4120525592200879, 2.441133740703282, 2.7786861391672146, 2.3907531323831828, 1.3846928504184601, 0.0, 1.4479887603154937, 2.5761212238557407, 3.808590484680651, 5.01266052910029, 6.233579066635796, 6.489151395983916, 5.625686163482637, 4.2236402841624665, 3.642046575759294, 2.322068052405011, 3.1274550068706026, 3.1275143644754055, 3.4291988656244476, 3.8661050037473115, 3.37830707159666, 2.157578941777102, 2.88145116738077, 5.200502796845705, 7.157067043139948, 7.5510013779630585, 6.21671405567282, 4.466706745466955], [2.4011229227176187, 2.3241973367164843, 3.6437624634435215, 4.204976881030382, 3.793633135926562, 2.5764478997255114, 1.4479887603154937, 0.0, 1.3850859215225602, 2.407637408332077, 3.697914126909926, 4.8420468512809745, 5.042029183771152, 4.199910949055944, 2.796999234894425, 2.4379026785333333, 1.4084721828989024, 3.1263211015505106, 3.126378353622606, 4.479937058709642, 5.291335713220246, 4.711724934670954, 2.9010552149174966, 2.1466979992537376, 4.06485074387732, 5.807270085849288, 6.103018970968384, 4.855541697895302, 3.419149493660668], [3.7139296789250063, 3.683180596984079, 4.952926232036976, 5.3266066139710375, 4.6349711261236575, 3.2592269037303923, 2.5761212238557407, 1.3850859215225602, 0.0, 1.4070342284393793, 2.4436787227456884, 3.7225142068231247, 4.219619053895742, 3.72680707979364, 2.4542826426473376, 2.8344876962160197, 2.4246482549021415, 4.368995369647352, 4.369048186962464, 5.839762534555664, 6.407806752704079, 5.3776762667531415, 3.1041187042379677, 1.0853223438223318, 2.6874292362776737, 4.596245213214805, 5.306538443279197, 4.616211166097149, 3.9200127589078075], [4.2849734258219145, 4.6821261868941555, 6.036025422411672, 6.587167848172689, 6.003046684809306, 4.645866813631231, 3.808590484680651, 2.407637408332077, 1.4070342284393793, 0.0, 1.4033961165686615, 2.434448878083087, 2.8125850671579693, 2.4389565658289203, 1.425158745543808, 2.4511791244215506, 2.784015876391512, 4.827407819938149, 4.827435557311977, 6.809139991217687, 7.674660856350592, 6.777996915756159, 4.5023088265910856, 2.171436582081088, 2.1670541248432165, 3.4163123715491825, 3.899504677519954, 3.4315843877136403, 3.443409675016901], [5.687669338138426, 6.014255855049734, 7.3402383653393715, 7.770285331955321, 7.02999493456432, 5.635073595792694, 5.01266052910029, 3.697914126909926, 2.4436787227456884, 1.4033961165686615, 0.0, 1.3960307518102888, 2.41512360346215, 2.7907411255793684, 2.438134264145434, 3.72337283386985, 4.187151210548766, 6.209885610862731, 6.2099191170256, 8.160300851071607, 8.851129590057983, 7.683479863317142, 5.260670281437528, 2.6928863121193958, 1.0876984048898846, 2.1548292461352943, 3.4003080169302313, 3.878286151123973, 4.608995822302294], [6.542762922496887, 7.098424380804517, 8.462514020077013, 9.011258237338447, 8.353656632876406, 6.967928456148212, 6.233579066635796, 4.8420468512809745, 3.7225142068231247, 2.434448878083087, 1.3960307518102888, 0.0, 1.3917371950192319, 2.4150933253189204, 2.811805517812354, 4.216386519284018, 5.03130127700578, 6.976565392798952, 6.976577007386933, 9.202371443274826, 10.097961350688564, 9.04691475863457, 6.644353057296097, 4.084262970230982, 2.14360636778304, 1.086883793236425, 2.1520826076152373, 3.392080289438916, 4.866903706670187], [6.274885814100524, 7.106773160162072, 8.491606402795645, 9.235240732108721, 8.775047276225923, 7.440850392932248, 6.489151395983916, 5.042029183771152, 4.219619053895742, 2.8125850671579693, 2.41512360346215, 1.3917371950192319, 0.0, 1.3959367786543915, 2.4338141280714103, 3.719713314221944, 4.834278250163099, 6.604239824536961, 6.604218880382448, 9.097307662160272, 10.317112523375908, 9.58318233312922, 7.3072825626220315, 4.863136645211607, 3.392020963968235, 2.1522000604033074, 1.0869198728517206, 2.1436482384010676, 4.089459390921983], [5.046384932800906, 6.03413267504121, 7.4074411486018565, 8.280980937666746, 7.993511274152305, 6.739412084150961, 5.625686163482637, 4.199910949055944, 3.72680707979364, 2.4389565658289203, 2.7907411255793684, 2.4150933253189204, 1.3959367786543915, 0.0, 1.403206877121118, 2.441391580635929, 3.6926511844472936, 5.331479259079979, 5.331464184443144, 7.920695379194934, 9.344318901343211, 8.892217562565595, 6.798695576358747, 4.607231244467766, 3.8782466669875446, 3.4003160720733008, 2.1548774860766446, 1.087734839011788, 2.6983529383681444], [3.8534592576021875, 4.695629953478021, 6.078290490754782, 6.89807388841262, 6.590471543827498, 5.344784880610257, 4.2236402841624665, 2.796999234894425, 2.4542826426473376, 1.425158745543808, 2.438134264145434, 2.811805517812354, 2.4338141280714103, 1.403206877121118, 0.0, 1.4045810300584296, 2.40056028668309, 4.25797181179021, 4.257959432639066, 6.663582925874038, 7.968112169767692, 7.495263036078187, 5.453972240486744, 3.4427128634261672, 3.4308302158515507, 3.8986891912539012, 3.415888663291004, 2.1671611153765196, 2.174323255636107], [2.608879065805849, 3.717151324603291, 5.054947792015265, 6.059319191130305, 6.016497763649547, 4.950664744254048, 3.642046575759294, 2.4379026785333333, 2.8344876962160197, 2.4511791244215506, 3.72337283386985, 4.216386519284018, 3.719713314221944, 2.441391580635929, 1.4045810300584296, 0.0, 1.3853945214270194, 2.9658880558780365, 2.9658805876164336, 5.496060259858875, 7.084923711657028, 7.020263631089648, 5.336448911963835, 3.9197783929707044, 4.612886322033093, 5.303270140205946, 4.593929702335463, 2.686215600058938, 1.085669236001463], [1.5152109622095533, 2.353683978362431, 3.71691236108682, 4.676036464785107, 4.661615516105978, 3.680629610542196, 2.322068052405011, 1.4084721828989024, 2.4246482549021415, 2.784015876391512, 4.187151210548766, 5.03130127700578, 4.834278250163099, 3.6926511844472936, 2.40056028668309, 1.3853945214270194, 0.0, 2.159808070176607, 2.1598650559699326, 4.263035334125205, 5.708780512508779, 5.687904903389296, 4.216527117190164, 3.4096968354972557, 4.841848029420172, 6.091820143438247, 5.800787809427267, 4.0631315619851645, 2.1468883412977027], [1.0938725062821535, 2.1597190118161205, 2.966549932160253, 4.245662791602744, 4.808531220653559, 4.369974120060667, 3.1274550068706026, 3.1263211015505106, 4.368995369647352, 4.827407819938149, 6.209885610862731, 6.976565392798952, 6.604239824536961, 5.331479259079979, 4.25797181179021, 2.9658880558780365, 2.159808070176607, 0.0, 1.8100746780174568, 3.0200522280252042, 5.058303474486283, 5.879272955901946, 5.229745143886077, 5.218081357165677, 6.8544743007761, 8.044697760637128, 7.464014680451801, 5.379881345345824, 2.9990477305304766], [1.0938561788461956, 2.1596923137336024, 2.966519351024025, 4.2456565687770835, 4.8085604852180035, 4.370003362698935, 3.1275143644754055, 3.126378353622606, 4.369048186962464, 4.827435557311977, 6.2099191170256, 6.976577007386933, 6.604218880382448, 5.331464184443144, 4.257959432639066, 2.9658805876164336, 2.1598650559699326, 1.8100746780174568, 0.0, 3.020003672183198, 5.058281192262842, 5.879290832234786, 5.2298135769834095, 5.218119286677911, 6.85451120503862, 8.0446922054234, 7.463978427755536, 5.379841955857067, 2.999036813712029], [2.8968116335032894, 2.157463336884314, 1.0847674220771932, 2.1622918396923203, 3.4218430823168964, 3.923042519524865, 3.4291988656244476, 4.479937058709642, 5.839762534555664, 6.809139991217687, 8.160300851071607, 9.202371443274826, 9.097307662160272, 7.920695379194934, 6.663582925874038, 5.496060259858875, 4.263035334125205, 3.0200522280252042, 3.020003672183198, 0.0, 2.490310113218834, 4.312176421483703, 5.007430975060964, 6.304169046749936, 8.5258836867506, 10.222284896245066, 10.053505520463993, 8.113689198508903, 5.722184349529469], [4.748491943764883, 3.373301298431553, 2.1535631265416857, 1.0875753307242673, 2.159508661709881, 3.4177553759741204, 3.8661050037473115, 5.291335713220246, 6.407806752704079, 7.674660856350592, 8.851129590057983, 10.097961350688564, 10.317112523375908, 9.344318901343211, 7.968112169767692, 7.084923711657028, 5.708780512508779, 5.058303474486283, 5.058281192262842, 2.490310113218834, 0.0, 2.476567142235397, 4.309860558069136, 6.45687152187497, 8.915768102637033, 11.00393370845172, 11.360429662209086, 9.770110656998721, 7.594981865021141], [5.351817187647575, 3.8521865479231407, 3.4143896511675407, 2.159600150490826, 1.0875686507067037, 2.1547429869940404, 3.37830707159666, 4.711724934670954, 5.3776762667531415, 6.777996915756159, 7.683479863317142, 9.04691475863457, 9.58318233312922, 8.892217562565595, 7.495263036078187, 7.020263631089648, 5.687904903389296, 5.879272955901946, 5.879290832234786, 4.312176421483703, 2.476567142235397, 0.0, 2.483081460604948, 5.027957824007675, 7.47008993587092, 9.798663995157707, 10.668334913190531, 9.562930620892322, 7.818794861102317], [4.558787212625743, 3.419286729714254, 3.9226673743767773, 3.4213251657800665, 2.1593793205456056, 1.084439016266014, 2.157578941777102, 2.9010552149174966, 3.1041187042379677, 4.5023088265910856, 5.260670281437528, 6.644353057296097, 7.3072825626220315, 6.798695576358747, 5.453972240486744, 5.336448911963835, 4.216527117190164, 5.229745143886077, 5.2298135769834095, 5.007430975060964, 4.309860558069136, 2.483081460604948, 0.0, 2.5744113230018235, 4.990155253095839, 7.345611749201014, 8.392580985608658, 7.60935241528476, 6.312431555272502], [4.54663579033993, 4.202032503444018, 5.319886766652087, 5.4156070139920605, 4.473865381300604, 3.0821281057087813, 2.88145116738077, 2.1466979992537376, 1.0853223438223318, 2.171436582081088, 2.6928863121193958, 4.084262970230982, 4.863136645211607, 4.607231244467766, 3.4427128634261672, 3.9197783929707044, 3.4096968354972557, 5.218081357165677, 5.218119286677911, 6.304169046749936, 6.45687152187497, 5.027957824007675, 2.5744113230018235, 0.0, 2.4784162866637236, 4.773808287939514, 5.933318823390497, 5.568465057805427, 5.005248341491159], [6.28436195329327, 6.370147047753293, 7.619730391555859, 7.8597860174434775, 6.952174957522287, 5.56006361564326, 5.200502796845705, 4.06485074387732, 2.6874292362776737, 2.1670541248432165, 1.0876984048898846, 2.14360636778304, 3.392020963968235, 3.8782466669875446, 3.4308302158515507, 4.612886322033093, 4.841848029420172, 6.8544743007761, 6.85451120503862, 8.5258836867506, 8.915768102637033, 7.47008993587092, 4.990155253095839, 2.4784162866637236, 0.0, 2.461980816334684, 4.286258056860319, 4.965642557615278, 5.569542305252739], [7.606188279289436, 8.098314494387088, 9.44758827743885, 9.921776277461612, 9.176758762221006, 7.779487727993406, 7.157067043139948, 5.807270085849288, 4.596245213214805, 3.4163123715491825, 2.1548292461352943, 1.086883793236425, 2.1522000604033074, 3.4003160720733008, 3.8986891912539012, 5.303270140205946, 6.091820143438247, 8.044697760637128, 8.0446922054234, 10.222284896245066, 11.00393370845172, 9.798663995157707, 7.345611749201014, 4.773808287939514, 2.461980816334684, 0.0, 2.479172613998469, 4.286406713087315, 5.937302917150176], [7.193021390903826, 8.111476310758727, 9.49410808923092, 10.282244557002134, 9.852558488534843, 8.524138941852133, 7.5510013779630585, 6.103018970968384, 5.306538443279197, 3.899504677519954, 3.4003080169302313, 2.1520826076152373, 1.0869198728517206, 2.1548774860766446, 3.415888663291004, 4.593929702335463, 5.800787809427267, 7.464014680451801, 7.463978427755536, 10.053505520463993, 11.360429662209086, 10.668334913190531, 8.392580985608658, 5.933318823390497, 4.286258056860319, 2.479172613998469, 0.0, 2.4622288805064407, 4.780049031129283], [5.219513740761681, 6.403346476647972, 7.734415445914449, 8.738372883437739, 8.607365939124467, 7.4315543300173745, 6.21671405567282, 4.855541697895302, 4.616211166097149, 3.4315843877136403, 3.878286151123973, 3.392080289438916, 2.1436482384010676, 1.087734839011788, 2.1671611153765196, 2.686215600058938, 4.0631315619851645, 5.379881345345824, 5.379841955857067, 8.113689198508903, 9.770110656998721, 9.562930620892322, 7.60935241528476, 5.568465057805427, 4.965642557615278, 4.286406713087315, 2.4622288805064407, 0.0, 2.485267748151092], [2.8770994299815222, 4.245785321939865, 5.4771666443518034, 6.629023005692468, 6.775129026815652, 5.826982479808911, 4.466706745466955, 3.419149493660668, 3.9200127589078075, 3.443409675016901, 4.608995822302294, 4.866903706670187, 4.089459390921983, 2.6983529383681444, 2.174323255636107, 1.085669236001463, 2.1468883412977027, 2.9990477305304766, 2.999036813712029, 5.722184349529469, 7.594981865021141, 7.818794861102317, 6.312431555272502, 5.005248341491159, 5.569542305252739, 5.937302917150176, 4.780049031129283, 2.485267748151092, 0.0]]}