{"total energy": -24.05058984, "HOMO-LUMO gap/eV": 11.85734873, "electronic energy": -24.3483419, "dipole": [-0.19277257, 0.5099248, -0.57976669], "partial charges": [-0.10071612, -0.05421509, -0.06687579, -0.02736329, -0.10340025, 0.0770384, -0.44720088, 0.03298595, 0.03350509, 0.03330065, 0.03256503, 0.02875857, 0.03720036, 0.03063551, 0.04334956, 0.03590576, 0.03537265, 0.02963096, 0.01647719, 0.04608723, 0.28695852], "atomic dipole moments": [[0.09737293, -0.01634205, 0.03306157], [-0.02329937, 0.08147221, -0.07369797], [0.03526852, -0.07562347, 0.07692693], [0.01218883, -0.01949856, -0.10087499], [-0.05598135, -0.07822919, 0.03528478], [0.15805138, 0.07017274, 0.09955655], [-0.13463869, 0.09600564, -0.17122628], [-0.00781754, -0.0110274, -0.12531759], [-0.07721204, -0.08454044, 0.05041405], [-0.04229153, 0.11379698, 0.03254352], [-0.00156757, 0.00583469, 0.124105], [0.02900519, -0.11679663, -0.03020164], [-0.04432778, 0.1132382, 0.01787749], [-8.815e-05, -0.01111276, -0.12440217], [-0.00182828, 0.016524, 0.12610072], [0.11237167, 0.00757936, 0.05528865], [-0.05478769, 0.11199373, 0.02498957], [0.01862541, -0.00390815, -0.12455945], [0.02145346, -0.02271401, -0.11590512], [-0.06388275, -0.09927956, 0.04452563], [0.04129113, 0.04457754, -0.05060163]], "atomic quadrupole moments": [[0.19400528, -0.04558702, -0.10643686, 0.10648276, -0.02624165, -0.08756842], [0.20085954, 0.07207642, -0.06418086, 0.02980042, -0.11948706, -0.13667868], [0.18392727, 0.11769051, -0.06093735, 0.0433088, -0.10960219, -0.12298992], [0.11196214, -0.01248701, 0.10865623, 0.0172203, -0.03593205, -0.22061837], [0.00285111, 0.12809596, 0.07524898, -0.06645444, -0.0971781, -0.07810009], [0.32540521, -0.1037296, -0.12644629, 0.24586021, 0.05674069, -0.19895893], [0.12125358, -0.00621802, -0.08142385, 0.10123159, -0.03730874, -0.03982973], [-0.03000954, -0.00809636, -0.04907633, -0.00458099, 0.0121248, 0.07908587], [0.00791484, 0.04638156, 0.01594206, -0.02354804, -0.04556894, -0.0238569], [-0.02732161, -0.02804648, 0.06199781, 0.00238129, 0.03702271, -0.0346762], [-0.01842292, 0.00634445, -0.03536747, 0.00174832, 0.01713093, 0.05379039], [-0.0055645, -0.02195975, 0.03470023, -0.01174215, 0.02765235, -0.02913573], [-0.00521304, -0.01819168, 0.04251462, -0.01110955, 0.02683157, -0.03730158], [-0.02421544, 0.00750059, -0.02861483, -0.01099375, 0.02339245, 0.05283027], [-0.01897063, 0.00560823, -0.01342034, -0.00726134, -0.00192553, 0.03239097], [0.05308467, -0.00371918, -0.03838686, 0.05158853, -0.01694947, -0.01469781], [-0.00154876, -0.0468775, 0.0434894, -0.02339211, 0.02012672, -0.04194064], [-0.04500855, 0.00868169, -0.0350164, -0.0111359, 0.01971407, 0.08002495], [-0.00078864, -0.00633545, -0.04788802, 0.00342705, -0.0048485, 0.04867666], [0.01524788, 0.02410467, 0.00752028, -0.02129171, -0.03146984, -0.02276815], [0.02861724, 0.07984289, -0.02258298, -0.04498797, -0.07338953, -0.00603426]], "number of molecular orbitals": 42, "number of electrons": 44, "number of unpaired electrons": 0, "orbital energies/eV": [-18.50689701, -17.22116629, -16.77907292, -16.50592388, -16.04803359, -15.3555111, -15.2206502, -15.18157496, -14.22895633, -14.10486084, -13.78689032, -13.55030745, -13.10364327, -12.9778687, -12.718565, -12.54293257, -12.16911891, -12.14590382, -11.70357998, -11.61641237, -11.51992824, -10.98691463, 0.8704341, 1.65290979, 2.24644574, 2.58201502, 3.0942425, 3.37633743, 3.83767944, 4.31356406, 4.34470152, 4.50391705, 4.68260121, 5.23996401, 5.56331521, 5.99545204, 6.50784632, 6.72491453, 6.95517153, 7.15842041, 7.84548449, 8.18993055], "fractional occupation": [2.0, 2.0, 2.0, 2.0, 2.0, 2.0, 2.0, 2.0, 2.0, 2.0, 2.0, 2.0, 2.0, 2.0, 2.0, 2.0, 2.0, 2.0, 2.0, 2.0, 2.0, 2.0, 0.0, 0.0, 0.0, 0.0, 0.0, 0.0, 0.0, 0.0, 0.0, 0.0, 0.0, 0.0, 0.0, 0.0, 0.0, 0.0, 0.0, 0.0, 0.0, 0.0], "program call": "xtb /home/svss/Project-DBcg-Debug/aqme2_20220329/End-to-End-workflows-final/example-3/QDESCP/mol_896_rdkit_conf_17/mol_896_rdkit_conf_17.xyz --pop --wbo --acc 0.2 --gfn 2 --chrg 0 --uhf 0 --etemp 300 --input /home/svss/Project-DBcg-Debug/aqme2_20220329/End-to-End-workflows-final/example-3/QDESCP/mol_896_rdkit_conf_17/mol_896_rdkit_conf_17_xtb.inp", "method": "GFN2-xTB", "xtb version": "6.3.3 (7355c4f)", "Dipole module/D": 2.023, "Total charge": 0, "Transition dipole module/D": NaN, "HOMO": -10.9869, "LUMO": 0.8704, "HOMO occupancy": 2.0, "LUMO occupancy": 0, "mulliken charges": [-0.08287, -0.04035, -0.05758, -0.02879, -0.09016, 0.18924, -0.56473, 0.02694, 0.02986, 0.02751, 0.0255, 0.02172, 0.02828, 0.02201, 0.03405, 0.03128, 0.03182, 0.02288, 0.00895, 0.03121, 0.33323], "cm5 charges": [-0.23334, -0.15312, -0.16588, -0.09876, -0.23835, 0.10398, -0.77976, 0.07823, 0.08063, 0.07879, 0.08037, 0.0771, 0.08406, 0.0778, 0.09461, 0.08502, 0.08332, 0.07517, 0.07182, 0.09536, 0.50294], "FUKUI+": [0.008, -0.002, -0.034, -0.033, 0.032, -0.016, -0.127, -0.042, -0.073, -0.043, -0.048, -0.039, -0.068, -0.061, -0.067, -0.046, -0.055, -0.041, -0.081, -0.075, -0.09], "FUKUI-": [0.022, 0.01, 0.018, -0.012, 0.026, 0.006, -0.131, -0.064, -0.056, -0.078, -0.077, -0.093, -0.096, -0.073, -0.065, -0.04, -0.058, -0.048, -0.076, -0.061, -0.056], "FUKUIrad": [0.015, 0.004, -0.008, -0.023, 0.029, -0.005, -0.129, -0.053, -0.065, -0.06, -0.063, -0.066, -0.082, -0.067, -0.066, -0.043, -0.056, -0.045, -0.078, -0.068, -0.073], "s proportion": [1.008, 1.027, 1.038, 1.063, 1.013, 0.996, 1.696, 0.973, 0.97, 0.972, 0.974, 0.978, 0.972, 0.978, 0.966, 0.969, 0.968, 0.977, 0.991, 0.969, 0.667], "p proportion": [3.075, 3.013, 3.02, 2.965, 3.077, 2.815, 4.869, 0.0, 0.0, 0.0, 0.0, 0.0, 0.0, 0.0, 0.0, 0.0, 0.0, 0.0, 0.0, 0.0, 0.0], "d proportion": [0.0, 0.0, 0.0, 0.0, 0.0, 0.0, 0.0, 0.0, 0.0, 0.0, 0.0, 0.0, 0.0, 0.0, 0.0, 0.0, 0.0, 0.0, 0.0, 0.0, 0.0], "Fermi-level/eV": -5.0582, "Coordination numbers": [3.75, 3.799, 3.803, 3.847, 3.752, 3.675, 1.653, 0.924, 0.924, 0.924, 0.924, 0.924, 0.924, 0.924, 0.923, 0.924, 0.924, 0.924, 0.924, 0.924, 0.804], "Dispersion coefficient C6": [22.487, 21.55, 21.78, 21.029, 22.536, 19.515, 21.788, 2.545, 2.537, 2.54, 2.55, 2.604, 2.487, 2.578, 2.405, 2.504, 2.512, 2.592, 2.788, 2.369, 0.762], "Total dispersion C6": 2909.828093, "Total dispersion C8": 60066.613097, "Polarizability alpha": [6.763, 6.61, 6.644, 6.523, 6.77, 6.33, 6.301, 2.495, 2.491, 2.492, 2.497, 2.524, 2.466, 2.511, 2.425, 2.475, 2.478, 2.518, 2.611, 2.407, 1.371], "Total polarizability alpha": 79.701444, "Wiberg matrix": [[0.0, 1.0195890395570892, 0.0, 0.0, 0.0, 0.0, 0.0, 0.987761145385785, 0.9872252062462634, 0.9874938856875991, 0.0, 0.0, 0.0, 0.0, 0.0, 0.0, 0.0, 0.0, 0.0, 0.0, 0.0], [1.0195890395570892, 0.0, 1.0081286330670187, 0.0, 0.0, 0.0, 0.0, 0.0, 0.0, 0.0, 0.9777664322792199, 0.9762035466309804, 0.0, 0.0, 0.0, 0.0, 0.0, 0.0, 0.0, 0.0, 0.0], [0.0, 1.0081286330670187, 0.0, 0.9942429058545862, 0.0, 0.0, 0.0, 0.0, 0.0, 0.0, 0.0, 0.0, 0.9751074103766523, 0.9769680661784672, 0.0, 0.0, 0.0, 0.0, 0.0, 0.0, 0.0], [0.0, 0.0, 0.9942429058545862, 0.0, 1.0079584688583505, 0.9872786433703987, 0.0, 0.0, 0.0, 0.0, 0.0, 0.0, 0.0, 0.0, 0.9671516081669189, 0.0, 0.0, 0.0, 0.0, 0.0, 0.0], [0.0, 0.0, 0.0, 1.0079584688583505, 0.0, 0.0, 0.0, 0.0, 0.0, 0.0, 0.0, 0.0, 0.0, 0.0, 0.0, 0.9831929807707696, 0.9855020301237437, 0.9871895785291656, 0.0, 0.0, 0.0], [0.0, 0.0, 0.0, 0.9872786433703987, 0.0, 0.0, 0.9944401344636157, 0.0, 0.0, 0.0, 0.0, 0.0, 0.0, 0.0, 0.0, 0.0, 0.0, 0.0, 0.9737459843582426, 0.9704259460631628, 0.0], [0.0, 0.0, 0.0, 0.0, 0.0, 0.9944401344636157, 0.0, 0.0, 0.0, 0.0, 0.0, 0.0, 0.0, 0.0, 0.0, 0.0, 0.0, 0.0, 0.0, 0.0, 0.9019053535393702], [0.987761145385785, 0.0, 0.0, 0.0, 0.0, 0.0, 0.0, 0.0, 0.0, 0.0, 0.0, 0.0, 0.0, 0.0, 0.0, 0.0, 0.0, 0.0, 0.0, 0.0, 0.0], [0.9872252062462634, 0.0, 0.0, 0.0, 0.0, 0.0, 0.0, 0.0, 0.0, 0.0, 0.0, 0.0, 0.0, 0.0, 0.0, 0.0, 0.0, 0.0, 0.0, 0.0, 0.0], [0.9874938856875991, 0.0, 0.0, 0.0, 0.0, 0.0, 0.0, 0.0, 0.0, 0.0, 0.0, 0.0, 0.0, 0.0, 0.0, 0.0, 0.0, 0.0, 0.0, 0.0, 0.0], [0.0, 0.9777664322792199, 0.0, 0.0, 0.0, 0.0, 0.0, 0.0, 0.0, 0.0, 0.0, 0.0, 0.0, 0.0, 0.0, 0.0, 0.0, 0.0, 0.0, 0.0, 0.0], [0.0, 0.9762035466309804, 0.0, 0.0, 0.0, 0.0, 0.0, 0.0, 0.0, 0.0, 0.0, 0.0, 0.0, 0.0, 0.0, 0.0, 0.0, 0.0, 0.0, 0.0, 0.0], [0.0, 0.0, 0.9751074103766523, 0.0, 0.0, 0.0, 0.0, 0.0, 0.0, 0.0, 0.0, 0.0, 0.0, 0.0, 0.0, 0.0, 0.0, 0.0, 0.0, 0.0, 0.0], [0.0, 0.0, 0.9769680661784672, 0.0, 0.0, 0.0, 0.0, 0.0, 0.0, 0.0, 0.0, 0.0, 0.0, 0.0, 0.0, 0.0, 0.0, 0.0, 0.0, 0.0, 0.0], [0.0, 0.0, 0.0, 0.9671516081669189, 0.0, 0.0, 0.0, 0.0, 0.0, 0.0, 0.0, 0.0, 0.0, 0.0, 0.0, 0.0, 0.0, 0.0, 0.0, 0.0, 0.0], [0.0, 0.0, 0.0, 0.0, 0.9831929807707696, 0.0, 0.0, 0.0, 0.0, 0.0, 0.0, 0.0, 0.0, 0.0, 0.0, 0.0, 0.0, 0.0, 0.0, 0.0, 0.0], [0.0, 0.0, 0.0, 0.0, 0.9855020301237437, 0.0, 0.0, 0.0, 0.0, 0.0, 0.0, 0.0, 0.0, 0.0, 0.0, 0.0, 0.0, 0.0, 0.0, 0.0, 0.0], [0.0, 0.0, 0.0, 0.0, 0.9871895785291656, 0.0, 0.0, 0.0, 0.0, 0.0, 0.0, 0.0, 0.0, 0.0, 0.0, 0.0, 0.0, 0.0, 0.0, 0.0, 0.0], [0.0, 0.0, 0.0, 0.0, 0.0, 0.9737459843582426, 0.0, 0.0, 0.0, 0.0, 0.0, 0.0, 0.0, 0.0, 0.0, 0.0, 0.0, 0.0, 0.0, 0.0, 0.0], [0.0, 0.0, 0.0, 0.0, 0.0, 0.9704259460631628, 0.0, 0.0, 0.0, 0.0, 0.0, 0.0, 0.0, 0.0, 0.0, 0.0, 0.0, 0.0, 0.0, 0.0, 0.0], [0.0, 0.0, 0.0, 0.0, 0.0, 0.0, 0.9019053535393702, 0.0, 0.0, 0.0, 0.0, 0.0, 0.0, 0.0, 0.0, 0.0, 0.0, 0.0, 0.0, 0.0, 0.0]], "Born radii": [], "Atomic SASAs": [], "Solvent H bonds": [], "Total SASA": NaN, "Total FOD": 0.0, "FOD": [0.0, 0.0, 0.0, 0.0, 0.0, 0.0, 0.0, 0.0, 0.0, 0.0, 0.0, 0.0, 0.0, 0.0, 0.0, 0.0, 0.0, 0.0, 0.0, 0.0, 0.0], "FOD s proportion": [0.0, 0.0, 0.0, 0.0, 0.0, 0.0, 0.0, 0.0, 0.0, 0.0, 0.0, 0.0, 0.0, 0.0, 0.0, 0.0, 0.0, 0.0, 0.0, 0.0, 0.0], "FOD p proportion": [0.0, 0.0, 0.0, 0.0, 0.0, 0.0, 0.0, 0.0, 0.0, 0.0, 0.0, 0.0, 0.0, 0.0, 0.0, 0.0, 0.0, 0.0, 0.0, 0.0, 0.0], "FOD d proportion": [0.0, 0.0, 0.0, 0.0, 0.0, 0.0, 0.0, 0.0, 0.0, 0.0, 0.0, 0.0, 0.0, 0.0, 0.0, 0.0, 0.0, 0.0, 0.0, 0.0, 0.0], "coordinates": [["-2.96820", "-0.36030", "-0.38450"], ["-1.54970", "-0.59710", "0.11260"], ["-0.57210", "0.41550", "-0.48910"], ["0.85470", "0.31520", "0.08560"], ["1.69360", "1.49150", "-0.43000"], ["1.52070", "-1.02700", "-0.24910"], ["2.81230", "-1.12040", "0.33990"], ["-3.02180", "-0.45080", "-1.47420"], ["-3.65030", "-1.09670", "0.05180"], ["-3.32150", "0.63710", "-0.10410"], ["-1.53600", "-0.52460", "1.20610"], ["-1.25580", "-1.61780", "-0.15260"], ["-0.95870", "1.42560", "-0.30090"], ["-0.54190", "0.29020", "-1.57910"], ["0.80610", "0.41390", "1.17810"], ["2.67810", "1.51850", "0.04750"], ["1.20250", "2.44570", "-0.21060"], ["1.84050", "1.42760", "-1.51350"], ["1.61780", "-1.17080", "-1.33070"], ["0.93720", "-1.86180", "0.14810"], ["3.41260", "-0.55350", "-0.17290"]], "bond_dist": [[0.0, 1.5216191704891207, 2.520734418775607, 3.9104806187986663, 5.016334591113316, 4.540159166813428, 5.875090435048638, 1.0947644952226026, 1.0944875787326234, 1.0946468882703682, 2.146671770439067, 2.1371470749576407, 2.689705935599652, 2.7815734935464134, 4.15769706568432, 5.96634034647706, 5.029772927280118, 5.253077488482346, 4.752220606200853, 4.217856584807027, 6.387230185299415], [1.5216191704891207, 0.0, 1.5307198992630886, 2.5718008573760134, 3.895594898086812, 3.1213774299177603, 4.39915357540516, 2.169427652630988, 2.1600502679335962, 2.1701345050480163, 1.0959864004630713, 1.09477702752661, 2.147458623582769, 2.15981735801896, 2.776185312618738, 4.728032805512246, 4.115543089313973, 4.270487951042598, 3.5277900773713844, 2.7902325978312277, 4.970697385679398], [2.520734418775607, 1.5307198992630886, 0.0, 1.5414598340534211, 2.508917156862697, 2.553080118210159, 3.8079381783322064, 2.7788356896369386, 3.4719788147395136, 2.7850551017888314, 2.164854327662718, 2.1714020424601244, 1.0978072736140894, 1.0975937909809803, 2.163098157735797, 3.4739528782066116, 2.7108078961815054, 2.809694027825806, 2.8320134639510455, 2.805370852489916, 4.113001036955863], [3.9104806187986663, 2.5718008573760134, 1.5414598340534211, 0.0, 1.5340398495475924, 1.5352787792449942, 2.440863291952255, 4.248174230184068, 4.721189368157138, 4.192881126385531, 2.7706011585935637, 2.871835386995571, 2.161201048028619, 2.173095177390995, 1.098025455078342, 2.184987427881451, 2.1789285279696533, 2.1831986189991968, 2.1900738115415193, 2.1794589925024974, 2.713727022012347], [5.016334591113316, 3.895594898086812, 2.508917156862697, 1.5340398495475924, 0.0, 2.5309013157371427, 2.943850762182078, 5.2055624182214935, 5.957195455077834, 5.0977875769788605, 4.143886892761432, 4.294607969302902, 2.6562576889300478, 2.7858594275375776, 2.1295219228737703, 1.0945206713443105, 1.0953598541118803, 1.0952785353507117, 2.8115560495924674, 3.4858229243609036, 2.6838566299264195], [4.540159166813428, 3.1213774299177603, 2.553080118210159, 1.5352787792449942, 2.5309013157371427, 0.0, 1.4226296496277588, 4.7399559808082605, 5.1802162020518026, 5.122221651783531, 3.422488522990253, 2.8403008889904604, 3.487886804355898, 2.785360766579439, 2.150289703737615, 2.81195956052003, 3.487460219127954, 2.779575607894126, 1.0954293267938375, 1.093220531274454, 1.9517413506917354], [5.875090435048638, 4.39915357540516, 3.8079381783322064, 2.440863291952255, 2.943850762182078, 1.4226296496277588, 0.0, 6.146222073762059, 6.469061914992003, 6.396049146934379, 4.473588377354358, 4.127880887331901, 4.594908229769121, 4.113758743533705, 2.661107696054408, 2.6584395065526696, 3.95114863046178, 3.2972398760175152, 2.0543307353004288, 2.025453334441453, 0.9719565525269119], [1.0947644952226026, 2.169427652630988, 2.7788356896369386, 4.248174230184068, 5.2055624182214935, 4.7399559808082605, 6.146222073762059, 0.0, 1.7722514099303182, 1.7749705659531372, 3.0654618200199457, 2.495450171812693, 3.025539862569984, 2.590364650005863, 4.736583134496849, 6.2195316053542165, 5.275519661606807, 5.212666528754741, 4.6973269430602755, 4.505159185866798, 6.565472743070372], [1.0944875787326234, 2.1600502679335962, 3.4719788147395136, 4.721189368157138, 5.957195455077834, 5.1802162020518026, 6.469061914992003, 1.7722514099303182, 0.0, 1.7715746357407582, 2.475877902886166, 2.4590556764742026, 3.7055505852706965, 3.774318081455245, 4.838384545486231, 6.847476622084956, 6.0139104881931855, 6.2426868590375415, 5.446987669345324, 4.651860697613375, 7.087320561396951], [1.0946468882703682, 2.1701345050480163, 2.7850551017888314, 4.192881126385531, 5.0977875769788605, 5.122221651783531, 6.396049146934379, 1.7749705659531372, 1.7715746357407582, 0.0, 2.5008360961886327, 3.058437959154967, 2.4986569052192817, 3.165776487688289, 4.327925235028905, 6.065892241047479, 4.873289670233034, 5.40902418278935, 5.4009012636781275, 4.944151265889829, 6.8388862112189], [2.146671770439067, 1.0959864004630713, 2.164854327662718, 2.7706011585935637, 4.143886892761432, 3.422488522990253, 4.473588377354358, 3.0654618200199457, 2.475877902886166, 2.5008360961886327, 0.0, 1.7662570509413402, 2.5313246196408707, 3.067486412357844, 2.52329123566821, 4.824443012410863, 4.281250194744521, 4.754793502351075, 4.098705054038409, 3.0040283087880515, 5.137228646848415], [2.1371470749576407, 1.09477702752661, 2.1714020424601244, 2.871835386995571, 4.294607969302902, 2.8403008889904604, 4.127880887331901, 2.495450171812693, 2.4590556764742026, 3.058437959154967, 1.7662570509413402, 0.0, 3.0614612295438266, 2.4869699354837405, 3.1859063059041772, 5.0350756608019305, 4.749593155208138, 4.551217821638512, 3.1377229912788662, 2.226927365227703, 4.788225677638848], [2.689705935599652, 2.147458623582769, 1.0978072736140894, 2.161201048028619, 2.6562576889300478, 3.487886804355898, 4.594908229769121, 3.025539862569984, 3.7055505852706965, 2.4986569052192817, 2.5313246196408707, 3.0614612295438266, 0.0, 1.7597302747864514, 2.515054061049186, 3.6546309266463557, 2.391556718959431, 3.0505611614914394, 3.800017532854289, 3.8213919675950545, 4.800154632925901], [2.7815734935464134, 2.15981735801896, 1.0975937909809803, 2.173095177390995, 2.7858594275375776, 2.785360766579439, 4.113758743533705, 2.590364650005863, 3.774318081455245, 3.165776487688289, 3.067486412357844, 2.4869699354837405, 1.7597302747864514, 0.0, 3.071572484900853, 3.81089864074079, 3.0922328275859177, 2.6407975840643294, 2.619260897657963, 3.130824276448616, 4.281039404163432], [4.15769706568432, 2.776185312618738, 2.163098157735797, 1.098025455078342, 2.1295219228737703, 2.150289703737615, 2.661107696054408, 4.736583134496849, 4.838384545486231, 4.327925235028905, 2.52329123566821, 3.1859063059041772, 2.515054061049186, 3.071572484900853, 0.0, 2.4500574523875964, 2.4927558825524816, 3.0565146179921996, 3.0763953614579513, 2.5013791595837684, 3.091101099931867], [5.96634034647706, 4.728032805512246, 3.4739528782066116, 2.184987427881451, 1.0945206713443105, 2.81195956052003, 2.6584395065526696, 6.2195316053542165, 6.847476622084956, 6.065892241047479, 4.824443012410863, 5.0350756608019305, 3.6546309266463557, 3.81089864074079, 2.4500574523875964, 0.0, 1.761735170222812, 1.773853875041572, 3.202499932864949, 3.803587945611354, 2.209355202315825], [5.029772927280118, 4.115543089313973, 2.7108078961815054, 2.1789285279696533, 1.0953598541118803, 3.487460219127954, 3.95114863046178, 5.275519661606807, 6.0139104881931855, 4.873289670233034, 4.281250194744521, 4.749593155208138, 2.391556718959431, 3.0922328275859177, 2.4927558825524816, 1.761735170222812, 0.0, 1.7723205184164632, 3.8086966734041714, 4.330543387382235, 3.7257434076973146], [5.253077488482346, 4.270487951042598, 2.809694027825806, 2.1831986189991968, 1.0952785353507117, 2.779575607894126, 3.2972398760175152, 5.212666528754741, 6.2426868590375415, 5.40902418278935, 4.754793502351075, 4.551217821638512, 3.0505611614914394, 2.6407975840643294, 3.0565146179921996, 1.773853875041572, 1.7723205184164632, 0.0, 2.6143247101307057, 3.7943402338219485, 2.8624227465557914], [4.752220606200853, 3.5277900773713844, 2.8320134639510455, 2.1900738115415193, 2.8115560495924674, 1.0954293267938375, 2.0543307353004288, 4.6973269430602755, 5.446987669345324, 5.4009012636781275, 4.098705054038409, 3.1377229912788662, 3.800017532854289, 2.619260897657963, 3.0763953614579513, 3.202499932864949, 3.8086966734041714, 2.6143247101307057, 0.0, 1.7684871500805428, 2.223255983911884], [4.217856584807027, 2.7902325978312277, 2.805370852489916, 2.1794589925024974, 3.4858229243609036, 1.093220531274454, 2.025453334441453, 4.505159185866798, 4.651860697613375, 4.944151265889829, 3.0040283087880515, 2.226927365227703, 3.8213919675950545, 3.130824276448616, 2.5013791595837684, 3.803587945611354, 4.330543387382235, 3.7943402338219485, 1.7684871500805428, 0.0, 2.8182077726810704], [6.387230185299415, 4.970697385679398, 4.113001036955863, 2.713727022012347, 2.6838566299264195, 1.9517413506917354, 0.9719565525269119, 6.565472743070372, 7.087320561396951, 6.8388862112189, 5.137228646848415, 4.788225677638848, 4.800154632925901, 4.281039404163432, 3.091101099931867, 2.209355202315825, 3.7257434076973146, 2.8624227465557914, 2.223255983911884, 2.8182077726810704, 0.0]]}