{"total energy": -52.13779829, "HOMO-LUMO gap/eV": 3.23626137, "electronic energy": -52.84790888, "dipole": [-0.27409246, 0.24545555, 0.6125915], "partial charges": [-0.1136219, 0.08863339, -0.27710723, 0.34626848, -0.43730976, -0.00830543, 0.0313124, -0.2517786, 0.09152015, -0.01722625, 0.02993016, -0.10699925, 0.004591, -0.0337143, -0.02808581, -0.02914773, -0.02967975, -0.03301637, 0.05590233, 0.05584299, 0.05060823, 0.05080824, 0.05116653, 0.05324935, 0.05020376, 0.07771176, 0.04418896, 0.05233291, 0.04641155, 0.0516336, 0.0362924, 0.03325898, 0.03382151, 0.03030371], "atomic dipole moments": [[-0.10021047, -0.03205919, 0.0918661], [-0.11195396, -0.13783496, -0.17643119], [-0.02641061, 0.06303567, 0.21853119], [0.15578255, 0.0933474, -0.03081322], [0.03286797, -0.04473434, -0.18735765], [-0.0823948, 0.00770355, 0.13038884], [-0.06829725, -0.03104041, 0.01986667], [0.008746, 0.1184973, 0.25599387], [0.06752911, 0.07757952, 0.08879972], [0.00791225, 0.02656514, 0.03617396], [-0.01242858, -0.04420413, -0.16285245], [0.06394417, 0.10372773, -0.022915], [0.07302455, -0.09569584, 0.00175933], [-0.00818666, -0.00880761, -0.01672899], [0.0028825, -0.00254757, -0.00127913], [0.00169077, -0.00192621, -7.38e-06], [0.00185953, -0.00110991, 0.00013079], [0.01045759, 0.00087799, 0.00582599], [0.06309989, -0.10178253, -0.04651454], [-0.04298217, 0.05917723, -0.10576394], [0.08300934, 0.07720213, 0.0612333], [-0.06375307, 0.1045296, 0.03500688], [0.04837514, -0.06571013, 0.09741905], [0.13000807, 0.03481945, -0.09621556], [-0.14326881, -0.08753843, -0.01446337], [0.0856983, 0.00413966, 0.09508555], [-0.09651048, -0.03333002, -0.07714187], [-0.05692961, 0.00774638, 0.11837498], [0.07612997, -0.1045569, 0.00514636], [0.11989326, 0.0025021, 0.09798438], [0.0304193, 0.11652607, 0.09214511], [-0.08760293, 0.12267037, -0.00139865], [-0.11816033, 0.00843384, -0.0942761], [-0.03904082, -0.10845615, -0.09740554]], "atomic quadrupole moments": [[0.10261032, 0.09563103, -0.10720834, -0.18521498, -0.06669602, 0.00459802], [0.11692544, 0.37074366, -0.08787454, 0.08045807, 0.1895369, -0.0290509], [0.01739064, 0.07542154, -0.0208431, 0.01892385, 0.04575165, 0.00345246], [0.06084446, -0.26359623, 0.18680926, -0.01761144, -0.26253082, -0.24765372], [-0.0298848, -0.12702024, 0.07845462, 0.03131732, -0.06093481, -0.04856982], [0.06459378, -0.01945636, 0.12892955, 0.10790865, -0.11583396, -0.19352333], [0.01424068, -0.18770895, 0.23456931, 0.14541834, -0.22147877, -0.24880999], [-0.04410572, -0.13799168, 0.12265122, 0.07438356, -0.10476413, -0.0785455], [-0.0928741, -0.2243146, 0.20867435, 0.13094409, -0.15834084, -0.11580025], [-0.04805696, -0.09745396, -0.00839269, -0.07703355, -0.04632498, 0.05644965], [-0.07609755, 0.01992247, 0.03905417, -0.19462097, 0.04053304, 0.03704338], [-0.03006988, 0.1513809, 0.13202805, -0.03219028, -0.05511762, -0.10195816], [0.01364646, 0.03927077, -0.03524311, -0.32220565, -0.2381051, 0.02159665], [0.01191156, 0.17994126, -0.13002059, -0.33240741, -0.24121004, 0.11810903], [0.01070398, 0.18766855, -0.14035211, -0.32332168, -0.23777779, 0.12964814], [0.0038531, 0.19478318, -0.13473259, -0.3241281, -0.2286288, 0.13087949], [-0.00139948, 0.19415236, -0.12461555, -0.32764272, -0.22373563, 0.12601502], [-0.01189806, 0.19121802, -0.10876506, -0.32931856, -0.21614674, 0.12066311], [-0.01895419, -0.04710171, 0.0502102, -0.02319514, 0.01813575, -0.03125601], [-0.00963788, -0.0317472, -0.01759679, 0.03182016, -0.04898532, 0.02723467], [0.00487667, 0.05118048, -0.00331324, 0.0359848, 0.04252483, -0.00156343], [0.01046677, -0.01517167, 0.02018029, -0.00631816, 0.01830128, -0.03064707], [-0.00571427, 0.00361832, -0.000857, 0.0222851, -0.02832714, 0.00657126], [0.01336659, 0.03083862, -0.01924603, -0.00656119, 0.01988107, 0.00587944], [0.00270017, 0.01693345, -0.02716418, -0.02482023, 0.01326565, 0.024464], [0.00886059, 0.01570665, -0.01066409, 0.00778441, 0.0093365, 0.0018035], [0.01149579, 0.00943451, -0.03692616, 0.06356546, 0.00201874, 0.02543037], [-0.02596243, 0.00103241, -0.03158618, -0.04092298, 0.02796949, 0.05754861], [0.02793511, -0.0540312, 0.02486435, 0.00048357, 0.00084547, -0.05279946], [-0.00352578, -0.03102914, 0.0236726, 0.03326785, 0.02612738, -0.02014682], [0.00394741, -0.02826476, 0.01357263, 0.04381209, 0.0250529, -0.01752004], [-0.00020509, -0.02097931, 0.01404453, 0.04444168, 0.03144407, -0.01383944], [-0.00465679, -0.02475113, 0.02279525, 0.03834015, 0.0336295, -0.01813846], [-0.0029887, -0.03128216, 0.02470513, 0.03644179, 0.02679326, -0.02171643]], "number of molecular orbitals": 88, "number of electrons": 94, "number of unpaired electrons": 0, "orbital energies/eV": [-20.02053619, -19.36189373, -18.87193262, -18.35576503, -18.17138596, -17.62424472, -17.54724374, -17.09097129, -16.82867392, -16.77504076, -16.67856191, -16.39493322, -16.33926712, -16.12058505, -15.85928831, -15.75445362, -15.72045105, -15.56138978, -15.21621918, -14.96437031, -14.9411063, -14.57193445, -14.35662386, -14.1549393, -14.03145024, -13.76375896, -13.5831671, -13.56005063, -13.42390868, -13.26825284, -13.15729829, -13.05796699, -13.01428804, -12.86309694, -12.84970526, -12.77641544, -12.63275617, -12.53799521, -12.00346287, -11.9098308, -11.6546886, -11.46552991, -11.32075056, -11.08528428, -11.0423351, -10.89610445, -10.56671399, -7.33045262, -6.37386499, -6.27236438, -5.44569857, -3.91901763, -2.95270895, -0.94801227, 0.37728019, 1.76181639, 2.09307685, 2.69546505, 2.724264, 3.05005727, 3.42150745, 3.60467451, 3.72677757, 3.81805376, 3.8418252, 4.24176422, 4.44540305, 4.53945677, 4.59741469, 4.90853161, 5.0935323, 5.41655087, 5.92512032, 6.30359008, 6.39796877, 6.59145589, 6.97692574, 7.77893674, 10.17587277, 10.48643557, 10.60554649, 11.32624922, 11.60578044, 12.72076847, 15.82583836, 16.11631576, 16.9316283, 17.2926182], "fractional occupation": [2.0, 2.0, 2.0, 2.0, 2.0, 2.0, 2.0, 2.0, 2.0, 2.0, 2.0, 2.0, 2.0, 2.0, 2.0, 2.0, 2.0, 2.0, 2.0, 2.0, 2.0, 2.0, 2.0, 2.0, 2.0, 2.0, 2.0, 2.0, 2.0, 2.0, 2.0, 2.0, 2.0, 2.0, 2.0, 2.0, 2.0, 2.0, 2.0, 2.0, 2.0, 2.0, 2.0, 2.0, 2.0, 2.0, 2.0, 0.0, 0.0, 0.0, 0.0, 0.0, 0.0, 0.0, 0.0, 0.0, 0.0, 0.0, 0.0, 0.0, 0.0, 0.0, 0.0, 0.0, 0.0, 0.0, 0.0, 0.0, 0.0, 0.0, 0.0, 0.0, 0.0, 0.0, 0.0, 0.0, 0.0, 0.0, 0.0, 0.0, 0.0, 0.0, 0.0, 0.0, 0.0, 0.0, 0.0, 0.0], "program call": "xtb /home/svss/Project-DBcg-Debug/aqme2_20220329/End-to-End-workflows-final/example-3/QDESCP/mol_457_rdkit_conf_2/mol_457_rdkit_conf_2.xyz --pop --wbo --acc 0.2 --gfn 2 --chrg 0 --uhf 0 --etemp 300 --input /home/svss/Project-DBcg-Debug/aqme2_20220329/End-to-End-workflows-final/example-3/QDESCP/mol_457_rdkit_conf_2/mol_457_rdkit_conf_2_xtb.inp", "method": "GFN2-xTB", "xtb version": "6.3.3 (7355c4f)", "Dipole module/D": 1.816, "Total charge": 0, "Transition dipole module/D": NaN, "HOMO": -10.5667, "LUMO": -7.3305, "HOMO occupancy": 2.0, "LUMO occupancy": 0, "mulliken charges": [-0.0955, 0.20805, -0.42912, 0.56177, -0.55148, 0.0332, 0.10805, -0.3657, 0.23017, -0.17421, 0.11072, -0.09687, -0.00988, -0.0281, -0.02455, -0.02771, -0.02552, -0.03711, 0.04212, 0.04211, 0.03329, 0.03716, 0.03747, 0.03843, 0.03272, 0.05999, 0.03458, 0.04329, 0.0422, 0.04732, 0.03326, 0.03099, 0.03138, 0.0275], "cm5 charges": [-0.24218, 0.1258, -0.50972, 0.62262, -0.60352, 0.10741, 0.13941, -0.54763, 0.32935, -0.42006, 0.10722, -0.23917, -0.01701, -0.08051, -0.07988, -0.08309, -0.08085, -0.08905, 0.09536, 0.09536, 0.08449, 0.10205, 0.10235, 0.10549, 0.1059, 0.13724, 0.08851, 0.09508, 0.09562, 0.10615, 0.08865, 0.08639, 0.08674, 0.08548], "FUKUI+": [0.01, 0.013, -0.057, -0.054, -0.113, -0.025, -0.036, -0.067, -0.024, -0.043, 0.007, 0.014, -0.022, -0.011, -0.021, -0.032, -0.018, -0.016, -0.015, -0.013, -0.026, -0.02, -0.023, -0.063, -0.062, -0.018, -0.018, -0.028, -0.022, -0.026, -0.044, -0.05, -0.045, -0.031], "FUKUI-": [0.011, 0.009, -0.038, -0.004, -0.049, -0.027, -0.014, -0.121, -0.007, -0.03, 0.006, 0.014, -0.027, -0.02, -0.024, -0.032, -0.025, -0.018, -0.036, -0.033, -0.031, -0.04, -0.045, -0.054, -0.051, -0.026, -0.017, -0.026, -0.026, -0.036, -0.047, -0.052, -0.049, -0.036], "FUKUIrad": [0.01, 0.011, -0.047, -0.029, -0.081, -0.026, -0.025, -0.094, -0.016, -0.036, 0.006, 0.014, -0.025, -0.015, -0.022, -0.032, -0.022, -0.017, -0.025, -0.023, -0.029, -0.03, -0.034, -0.059, -0.057, -0.022, -0.017, -0.027, -0.024, -0.031, -0.046, -0.051, -0.047, -0.034], "s proportion": [1.011, 0.993, 1.698, 0.969, 1.729, 1.04, 1.034, 1.56, 0.992, 1.455, 1.036, 1.017, 1.09, 1.068, 1.061, 1.061, 1.06, 1.062, 0.958, 0.958, 0.967, 0.963, 0.963, 0.962, 0.967, 0.94, 0.965, 0.957, 0.958, 0.953, 0.967, 0.969, 0.969, 0.972], "p proportion": [3.085, 2.799, 4.731, 2.469, 4.823, 2.927, 2.858, 3.805, 2.778, 3.719, 2.854, 3.08, 2.919, 2.96, 2.963, 2.967, 2.966, 2.975, 0.0, 0.0, 0.0, 0.0, 0.0, 0.0, 0.0, 0.0, 0.0, 0.0, 0.0, 0.0, 0.0, 0.0, 0.0, 0.0], "d proportion": [0.0, 0.0, 0.0, 0.0, 0.0, 0.0, 0.0, 0.0, 0.0, 0.0, 0.0, 0.0, 0.0, 0.0, 0.0, 0.0, 0.0, 0.0, 0.0, 0.0, 0.0, 0.0, 0.0, 0.0, 0.0, 0.0, 0.0, 0.0, 0.0, 0.0, 0.0, 0.0, 0.0, 0.0], "Fermi-level/eV": -8.9486, "Coordination numbers": [3.748, 3.702, 1.705, 2.721, 0.856, 3.025, 3.163, 1.882, 3.119, 2.853, 3.788, 3.749, 2.961, 2.915, 2.91, 2.912, 2.91, 2.914, 0.924, 0.924, 0.924, 0.924, 0.924, 0.925, 0.925, 0.924, 0.924, 0.924, 0.924, 0.925, 0.925, 0.925, 0.925, 0.925], "Dispersion coefficient C6": [22.741, 19.257, 18.598, 21.118, 22.441, 28.199, 26.973, 27.411, 25.806, 21.58, 20.083, 22.611, 27.919, 28.84, 28.702, 28.728, 28.741, 28.823, 2.248, 2.248, 2.312, 2.31, 2.306, 2.28, 2.317, 2.003, 2.394, 2.291, 2.365, 2.3, 2.499, 2.541, 2.533, 2.582], "Total dispersion C6": 12968.046655, "Total dispersion C8": 303912.635361, "Polarizability alpha": [6.802, 6.275, 5.823, 7.523, 6.351, 8.71, 8.489, 7.761, 8.32, 6.9, 6.383, 6.782, 8.667, 8.806, 8.785, 8.789, 8.791, 8.804, 2.345, 2.345, 2.378, 2.377, 2.375, 2.361, 2.38, 2.213, 2.42, 2.367, 2.405, 2.371, 2.472, 2.493, 2.489, 2.513], "Total polarizability alpha": 177.06223, "Wiberg matrix": [[0.0, 1.0193803640081702, 0.0, 0.0, 0.0, 0.0, 0.0, 0.0, 0.0, 0.0, 0.0, 0.0, 0.0, 0.0, 0.0, 0.0, 0.0, 0.0, 0.9854613638051012, 0.9854688206124178, 0.9839097138925548, 0.0, 0.0, 0.0, 0.0, 0.0, 0.0, 0.0, 0.0, 0.0, 0.0, 0.0, 0.0, 0.0], [1.0193803640081702, 0.0, 0.9425426087967622, 0.0, 0.0, 0.0, 0.0, 0.0, 0.0, 0.0, 0.0, 0.0, 0.0, 0.0, 0.0, 0.0, 0.0, 0.0, 0.0, 0.0, 0.0, 0.9690536050504054, 0.9690365779176473, 0.0, 0.0, 0.0, 0.0, 0.0, 0.0, 0.0, 0.0, 0.0, 0.0, 0.0], [0.0, 0.9425426087967622, 0.0, 1.098013926782953, 0.1616795334656206, 0.0, 0.0, 0.0, 0.0, 0.0, 0.0, 0.0, 0.0, 0.0, 0.0, 0.0, 0.0, 0.0, 0.0, 0.0, 0.0, 0.0, 0.0, 0.0, 0.0, 0.0, 0.0, 0.0, 0.0, 0.0, 0.0, 0.0, 0.0, 0.0], [0.0, 0.0, 1.098013926782953, 0.0, 1.67872953692404, 1.0693962743679701, 0.0, 0.0, 0.0, 0.0, 0.0, 0.0, 0.0, 0.0, 0.0, 0.0, 0.0, 0.0, 0.0, 0.0, 0.0, 0.0, 0.0, 0.0, 0.0, 0.0, 0.0, 0.0, 0.0, 0.0, 0.0, 0.0, 0.0, 0.0], [0.0, 0.0, 0.1616795334656206, 1.67872953692404, 0.0, 0.0, 0.0, 0.0, 0.0, 0.0, 0.0, 0.0, 0.0, 0.0, 0.0, 0.0, 0.0, 0.0, 0.0, 0.0, 0.0, 0.0, 0.0, 0.0, 0.0, 0.0, 0.0, 0.0, 0.0, 0.0, 0.0, 0.0, 0.0, 0.0], [0.0, 0.0, 0.0, 1.0693962743679701, 0.0, 0.0, 1.4646019987164847, 0.0, 0.0, 1.1664033684858408, 0.0, 0.0, 0.0, 0.0, 0.0, 0.0, 0.0, 0.0, 0.0, 0.0, 0.0, 0.0, 0.0, 0.0, 0.0, 0.0, 0.0, 0.0, 0.0, 0.0, 0.0, 0.0, 0.0, 0.0], [0.0, 0.0, 0.0, 0.0, 0.0, 1.4646019987164847, 0.0, 1.3413668102594507, 0.0, 0.0, 0.0, 0.0, 0.0, 0.0, 0.0, 0.0, 0.0, 0.0, 0.0, 0.0, 0.0, 0.0, 0.0, 0.9679864777471173, 0.0, 0.0, 0.0, 0.0, 0.0, 0.0, 0.0, 0.0, 0.0, 0.0], [0.0, 0.0, 0.0, 0.0, 0.0, 0.0, 1.3413668102594507, 0.0, 1.5098211171666762, 0.0, 0.0, 0.0, 0.0, 0.0, 0.0, 0.0, 0.0, 0.0, 0.0, 0.0, 0.0, 0.0, 0.0, 0.0, 0.0, 0.0, 0.0, 0.0, 0.0, 0.0, 0.0, 0.0, 0.0, 0.0], [0.0, 0.0, 0.0, 0.0, 0.0, 0.0, 0.0, 1.5098211171666762, 0.0, 1.2815166159914355, 0.0, 0.0, 0.0, 0.0, 0.0, 0.0, 0.0, 0.0, 0.0, 0.0, 0.0, 0.0, 0.0, 0.0, 0.9609201585915914, 0.0, 0.0, 0.0, 0.0, 0.0, 0.0, 0.0, 0.0, 0.0], [0.0, 0.0, 0.0, 0.0, 0.0, 1.1664033684858408, 0.0, 0.0, 1.2815166159914355, 0.0, 0.9572083612019867, 0.0, 0.0, 0.0, 0.0, 0.0, 0.0, 0.0, 0.0, 0.0, 0.0, 0.0, 0.0, 0.0, 0.0, 0.0, 0.0, 0.0, 0.0, 0.0, 0.0, 0.0, 0.0, 0.0], [0.0, 0.0, 0.0, 0.0, 0.0, 0.0, 0.0, 0.0, 0.0, 0.9572083612019867, 0.0, 0.996744525886351, 0.9779185517709225, 0.0, 0.0, 0.0, 0.0, 0.0, 0.0, 0.0, 0.0, 0.0, 0.0, 0.0, 0.0, 0.9548037112125236, 0.0, 0.0, 0.0, 0.0, 0.0, 0.0, 0.0, 0.0], [0.0, 0.0, 0.0, 0.0, 0.0, 0.0, 0.0, 0.0, 0.0, 0.0, 0.996744525886351, 0.0, 0.0, 0.0, 0.0, 0.0, 0.0, 0.0, 0.0, 0.0, 0.0, 0.0, 0.0, 0.0, 0.0, 0.0, 0.9831927261373183, 0.9832060015322102, 0.9845531027974458, 0.0, 0.0, 0.0, 0.0, 0.0], [0.0, 0.0, 0.0, 0.0, 0.0, 0.0, 0.0, 0.0, 0.0, 0.0, 0.9779185517709225, 0.0, 0.0, 1.4143174351009358, 0.0, 0.10978380958266322, 0.0, 1.4152247350232656, 0.0, 0.0, 0.0, 0.0, 0.0, 0.0, 0.0, 0.0, 0.0, 0.0, 0.0, 0.0, 0.0, 0.0, 0.0, 0.0], [0.0, 0.0, 0.0, 0.0, 0.0, 0.0, 0.0, 0.0, 0.0, 0.0, 0.0, 0.0, 1.4143174351009358, 0.0, 1.4418664784947592, 0.0, 0.1118810971114775, 0.0, 0.0, 0.0, 0.0, 0.0, 0.0, 0.0, 0.0, 0.0, 0.0, 0.0, 0.0, 0.9668075686924524, 0.0, 0.0, 0.0, 0.0], [0.0, 0.0, 0.0, 0.0, 0.0, 0.0, 0.0, 0.0, 0.0, 0.0, 0.0, 0.0, 0.0, 1.4418664784947592, 0.0, 1.4401386595807522, 0.0, 0.1119628028424533, 0.0, 0.0, 0.0, 0.0, 0.0, 0.0, 0.0, 0.0, 0.0, 0.0, 0.0, 0.0, 0.9706844443980476, 0.0, 0.0, 0.0], [0.0, 0.0, 0.0, 0.0, 0.0, 0.0, 0.0, 0.0, 0.0, 0.0, 0.0, 0.0, 0.10978380958266322, 0.0, 1.4401386595807522, 0.0, 1.438510692544552, 0.0, 0.0, 0.0, 0.0, 0.0, 0.0, 0.0, 0.0, 0.0, 0.0, 0.0, 0.0, 0.0, 0.0, 0.9710276815589757, 0.0, 0.0], [0.0, 0.0, 0.0, 0.0, 0.0, 0.0, 0.0, 0.0, 0.0, 0.0, 0.0, 0.0, 0.0, 0.1118810971114775, 0.0, 1.438510692544552, 0.0, 1.442864275213491, 0.0, 0.0, 0.0, 0.0, 0.0, 0.0, 0.0, 0.0, 0.0, 0.0, 0.0, 0.0, 0.0, 0.0, 0.9710739005258717, 0.0], [0.0, 0.0, 0.0, 0.0, 0.0, 0.0, 0.0, 0.0, 0.0, 0.0, 0.0, 0.0, 1.4152247350232656, 0.0, 0.1119628028424533, 0.0, 1.442864275213491, 0.0, 0.0, 0.0, 0.0, 0.0, 0.0, 0.0, 0.0, 0.0, 0.0, 0.0, 0.0, 0.0, 0.0, 0.0, 0.0, 0.9682420034970067], [0.9854613638051012, 0.0, 0.0, 0.0, 0.0, 0.0, 0.0, 0.0, 0.0, 0.0, 0.0, 0.0, 0.0, 0.0, 0.0, 0.0, 0.0, 0.0, 0.0, 0.0, 0.0, 0.0, 0.0, 0.0, 0.0, 0.0, 0.0, 0.0, 0.0, 0.0, 0.0, 0.0, 0.0, 0.0], [0.9854688206124178, 0.0, 0.0, 0.0, 0.0, 0.0, 0.0, 0.0, 0.0, 0.0, 0.0, 0.0, 0.0, 0.0, 0.0, 0.0, 0.0, 0.0, 0.0, 0.0, 0.0, 0.0, 0.0, 0.0, 0.0, 0.0, 0.0, 0.0, 0.0, 0.0, 0.0, 0.0, 0.0, 0.0], [0.9839097138925548, 0.0, 0.0, 0.0, 0.0, 0.0, 0.0, 0.0, 0.0, 0.0, 0.0, 0.0, 0.0, 0.0, 0.0, 0.0, 0.0, 0.0, 0.0, 0.0, 0.0, 0.0, 0.0, 0.0, 0.0, 0.0, 0.0, 0.0, 0.0, 0.0, 0.0, 0.0, 0.0, 0.0], [0.0, 0.9690536050504054, 0.0, 0.0, 0.0, 0.0, 0.0, 0.0, 0.0, 0.0, 0.0, 0.0, 0.0, 0.0, 0.0, 0.0, 0.0, 0.0, 0.0, 0.0, 0.0, 0.0, 0.0, 0.0, 0.0, 0.0, 0.0, 0.0, 0.0, 0.0, 0.0, 0.0, 0.0, 0.0], [0.0, 0.9690365779176473, 0.0, 0.0, 0.0, 0.0, 0.0, 0.0, 0.0, 0.0, 0.0, 0.0, 0.0, 0.0, 0.0, 0.0, 0.0, 0.0, 0.0, 0.0, 0.0, 0.0, 0.0, 0.0, 0.0, 0.0, 0.0, 0.0, 0.0, 0.0, 0.0, 0.0, 0.0, 0.0], [0.0, 0.0, 0.0, 0.0, 0.0, 0.0, 0.9679864777471173, 0.0, 0.0, 0.0, 0.0, 0.0, 0.0, 0.0, 0.0, 0.0, 0.0, 0.0, 0.0, 0.0, 0.0, 0.0, 0.0, 0.0, 0.0, 0.0, 0.0, 0.0, 0.0, 0.0, 0.0, 0.0, 0.0, 0.0], [0.0, 0.0, 0.0, 0.0, 0.0, 0.0, 0.0, 0.0, 0.9609201585915914, 0.0, 0.0, 0.0, 0.0, 0.0, 0.0, 0.0, 0.0, 0.0, 0.0, 0.0, 0.0, 0.0, 0.0, 0.0, 0.0, 0.0, 0.0, 0.0, 0.0, 0.0, 0.0, 0.0, 0.0, 0.0], [0.0, 0.0, 0.0, 0.0, 0.0, 0.0, 0.0, 0.0, 0.0, 0.0, 0.9548037112125236, 0.0, 0.0, 0.0, 0.0, 0.0, 0.0, 0.0, 0.0, 0.0, 0.0, 0.0, 0.0, 0.0, 0.0, 0.0, 0.0, 0.0, 0.0, 0.0, 0.0, 0.0, 0.0, 0.0], [0.0, 0.0, 0.0, 0.0, 0.0, 0.0, 0.0, 0.0, 0.0, 0.0, 0.0, 0.9831927261373183, 0.0, 0.0, 0.0, 0.0, 0.0, 0.0, 0.0, 0.0, 0.0, 0.0, 0.0, 0.0, 0.0, 0.0, 0.0, 0.0, 0.0, 0.0, 0.0, 0.0, 0.0, 0.0], [0.0, 0.0, 0.0, 0.0, 0.0, 0.0, 0.0, 0.0, 0.0, 0.0, 0.0, 0.9832060015322102, 0.0, 0.0, 0.0, 0.0, 0.0, 0.0, 0.0, 0.0, 0.0, 0.0, 0.0, 0.0, 0.0, 0.0, 0.0, 0.0, 0.0, 0.0, 0.0, 0.0, 0.0, 0.0], [0.0, 0.0, 0.0, 0.0, 0.0, 0.0, 0.0, 0.0, 0.0, 0.0, 0.0, 0.9845531027974458, 0.0, 0.0, 0.0, 0.0, 0.0, 0.0, 0.0, 0.0, 0.0, 0.0, 0.0, 0.0, 0.0, 0.0, 0.0, 0.0, 0.0, 0.0, 0.0, 0.0, 0.0, 0.0], [0.0, 0.0, 0.0, 0.0, 0.0, 0.0, 0.0, 0.0, 0.0, 0.0, 0.0, 0.0, 0.0, 0.9668075686924524, 0.0, 0.0, 0.0, 0.0, 0.0, 0.0, 0.0, 0.0, 0.0, 0.0, 0.0, 0.0, 0.0, 0.0, 0.0, 0.0, 0.0, 0.0, 0.0, 0.0], [0.0, 0.0, 0.0, 0.0, 0.0, 0.0, 0.0, 0.0, 0.0, 0.0, 0.0, 0.0, 0.0, 0.0, 0.9706844443980476, 0.0, 0.0, 0.0, 0.0, 0.0, 0.0, 0.0, 0.0, 0.0, 0.0, 0.0, 0.0, 0.0, 0.0, 0.0, 0.0, 0.0, 0.0, 0.0], [0.0, 0.0, 0.0, 0.0, 0.0, 0.0, 0.0, 0.0, 0.0, 0.0, 0.0, 0.0, 0.0, 0.0, 0.0, 0.9710276815589757, 0.0, 0.0, 0.0, 0.0, 0.0, 0.0, 0.0, 0.0, 0.0, 0.0, 0.0, 0.0, 0.0, 0.0, 0.0, 0.0, 0.0, 0.0], [0.0, 0.0, 0.0, 0.0, 0.0, 0.0, 0.0, 0.0, 0.0, 0.0, 0.0, 0.0, 0.0, 0.0, 0.0, 0.0, 0.9710739005258717, 0.0, 0.0, 0.0, 0.0, 0.0, 0.0, 0.0, 0.0, 0.0, 0.0, 0.0, 0.0, 0.0, 0.0, 0.0, 0.0, 0.0], [0.0, 0.0, 0.0, 0.0, 0.0, 0.0, 0.0, 0.0, 0.0, 0.0, 0.0, 0.0, 0.0, 0.0, 0.0, 0.0, 0.0, 0.9682420034970067, 0.0, 0.0, 0.0, 0.0, 0.0, 0.0, 0.0, 0.0, 0.0, 0.0, 0.0, 0.0, 0.0, 0.0, 0.0, 0.0]], "Born radii": [], "Atomic SASAs": [], "Solvent H bonds": [], "Total SASA": NaN, "Total FOD": 0.0, "FOD": [0.0, 0.0, 0.0, 0.0, 0.0, 0.0, 0.0, 0.0, 0.0, 0.0, 0.0, 0.0, 0.0, 0.0, 0.0, 0.0, 0.0, 0.0, 0.0, 0.0, 0.0, 0.0, 0.0, 0.0, 0.0, 0.0, 0.0, 0.0, 0.0, 0.0, 0.0, 0.0, 0.0, 0.0], "FOD s proportion": [0.0, 0.0, 0.0, 0.0, 0.0, 0.0, 0.0, 0.0, 0.0, 0.0, 0.0, 0.0, 0.0, 0.0, 0.0, 0.0, 0.0, 0.0, 0.0, 0.0, 0.0, 0.0, 0.0, 0.0, 0.0, 0.0, 0.0, 0.0, 0.0, 0.0, 0.0, 0.0, 0.0, 0.0], "FOD p proportion": [0.0, 0.0, 0.0, 0.0, 0.0, 0.0, 0.0, 0.0, 0.0, 0.0, 0.0, 0.0, 0.0, 0.0, 0.0, 0.0, 0.0, 0.0, 0.0, 0.0, 0.0, 0.0, 0.0, 0.0, 0.0, 0.0, 0.0, 0.0, 0.0, 0.0, 0.0, 0.0, 0.0, 0.0], "FOD d proportion": [0.0, 0.0, 0.0, 0.0, 0.0, 0.0, 0.0, 0.0, 0.0, 0.0, 0.0, 0.0, 0.0, 0.0, 0.0, 0.0, 0.0, 0.0, 0.0, 0.0, 0.0, 0.0, 0.0, 0.0, 0.0, 0.0, 0.0, 0.0, 0.0, 0.0, 0.0, 0.0, 0.0, 0.0], "coordinates": [["4.90750", "1.69810", "-0.93890"], ["3.76340", "1.27510", "-0.03830"], ["2.89300", "0.42400", "-0.79230"], ["1.80740", "-0.02690", "-0.10150"], ["1.57710", "0.24420", "1.06970"], ["1.00190", "-0.86550", "-0.95250"], ["1.25550", "-1.28090", "-2.24920"], ["0.25780", "-2.07900", "-2.73380"], ["-0.61720", "-2.15310", "-1.76090"], ["-0.22280", "-1.44310", "-0.65570"], ["-0.98230", "-1.32560", "0.59330"], ["-1.75080", "-2.59930", "0.97710"], ["-1.88780", "-0.10310", "0.55890"], ["-1.62580", "0.98230", "1.41130"], ["-2.44180", "2.11520", "1.40010"], ["-3.53250", "2.18110", "0.53750"], ["-3.80750", "1.11510", "-0.31500"], ["-2.99240", "-0.01910", "-0.30530"], ["5.45470", "0.82250", "-1.30380"], ["4.52920", "2.22690", "-1.82000"], ["5.60270", "2.35230", "-0.40550"], ["3.21340", "2.16010", "0.30100"], ["4.15620", "0.72930", "0.82680"], ["2.11930", "-1.04200", "-2.85790"], ["-1.54740", "-2.70370", "-1.81170"], ["-0.23760", "-1.20410", "1.38680"], ["-2.55920", "-2.83390", "0.27670"], ["-2.20440", "-2.48900", "1.96870"], ["-1.07760", "-3.46340", "1.00940"], ["-0.77580", "0.95810", "2.09180"], ["-2.22230", "2.94750", "2.06400"], ["-4.16600", "3.06410", "0.52730"], ["-4.65640", "1.16750", "-0.99220"], ["-3.23150", "-0.83180", "-0.98710"]], "bond_dist": [[0.0, 1.5162368449552992, 2.388102305178738, 3.6452001001316785, 4.152091440467081, 4.6718241918976355, 4.891669560589717, 6.253627787932378, 6.784521761332923, 6.022235280192895, 6.795597293100879, 8.153015494281854, 7.187755447286724, 6.979958350162271, 7.72380113027258, 8.581762404075285, 8.756732564718417, 8.109170414413548, 1.0951051136763084, 1.095023990604772, 1.0935246865068937, 2.149597827501693, 2.149586383470085, 4.354855709435158, 7.8615111200074, 6.348519460472653, 8.818634602363339, 8.750146614771664, 8.13992488601707, 6.48325854644098, 7.836610033043624, 9.29215264026587, 9.578755684325602, 8.523264530096434], [1.5162368449552992, 0.0, 1.4319508965044856, 2.350560409774656, 2.6590085558342986, 3.6116218309784314, 4.208417424638387, 5.550219673130065, 5.823191767407286, 4.864111886048675, 5.448323369624823, 6.815307341565749, 5.847404938945138, 5.588429890407501, 6.4248945213131705, 7.374451738943038, 7.5776440731931975, 6.883827153553464, 2.1602853283767867, 2.160284187323511, 2.1629193628057424, 1.095832783776795, 1.0957132334694148, 4.002769213931775, 6.868798558700059, 4.917859661478761, 7.547077365444188, 7.335607312963256, 6.854658163613995, 5.024156809853769, 6.560883442037359, 8.148362333622629, 8.474345698046545, 7.366673269529469], [2.388102305178738, 1.4319508965044856, 0.0, 1.3634672016590643, 2.2871302652013505, 2.294500708215188, 2.776805335272892, 4.120523060243688, 4.46106875199206, 3.63495964351738, 4.472017174609239, 5.816871813096795, 4.995960817500473, 5.058369825348874, 6.010562888781715, 6.792850557755558, 6.75293526919961, 5.922114467823127, 2.642487727502249, 2.6426816191134344, 3.348197906337079, 2.076536602133466, 2.076142369877365, 2.6484846705238825, 5.526195419092597, 4.147269316068104, 6.440742057403013, 6.487848392186735, 5.841546542654608, 4.6971681958388505, 6.3790905331402845, 7.651205994482177, 7.588556688857243, 6.25495650904145], [3.6452001001316785, 2.350560409774656, 1.3634672016590643, 0.0, 1.2240272627682767, 1.4409306749458837, 2.547493846901303, 3.679861119661991, 3.6267092466863122, 2.5366261293300596, 3.1546465443849647, 4.521217420120382, 3.7545222918501895, 3.885088251249899, 4.989899358704542, 5.813614797180838, 5.733833644255823, 4.8041310681537395, 3.9331670368800764, 3.9295103931660496, 4.489689380124197, 2.63093353203763, 2.6363688607628486, 2.9538873675209754, 4.620035207658054, 2.789778078987646, 5.204755498580121, 5.142198332425539, 4.622429670638591, 3.5289817412392486, 5.456640697352172, 6.755085343650367, 6.633298447228195, 5.179060202391936], [4.152091440467081, 2.6590085558342986, 2.2871302652013505, 1.2240272627682767, 0.0, 2.3773056114012774, 3.6666679396967488, 4.648055827977974, 4.309790730418357, 3.010585733706981, 3.040025881468775, 4.378239991137991, 3.519526380068773, 3.3045499814649495, 4.445375391347732, 5.490248683802948, 5.627590786473373, 4.779150776027055, 4.582981005851977, 4.582178498269137, 4.777630794651256, 2.634207696822709, 2.6355415439715615, 4.168252996160382, 5.172531355149044, 2.3433440613789513, 5.2165626901246, 4.751665549046987, 4.5604129133226525, 2.662795529138503, 4.767798626200565, 6.420999250895456, 6.630266717862863, 5.339553932680145], [4.6718241918976355, 3.6116218309784314, 2.294500708215188, 1.4409306749458837, 2.3773056114012774, 0.0, 1.3850274401613853, 2.2801966472214628, 2.2210153376327684, 1.386218629942622, 2.55699810128987, 3.782429892278243, 3.3490222170060324, 3.9883232780204767, 5.126243160444108, 5.662389506206722, 5.240182341293097, 4.133968225567294, 4.774953772551102, 4.770465312734179, 5.6409933947842905, 3.9517401053206926, 3.9571333083433013, 2.2159161017511466, 3.258240993235461, 2.6689576055081883, 4.250525192255658, 4.631362799436037, 3.8629595221798536, 3.9690674899779674, 5.8338415208162795, 6.6587352109841405, 6.01257216006594, 4.233675520159758], [4.891669560589717, 4.208417424638387, 2.776805335272892, 2.547493846901303, 3.6666679396967488, 1.3850274401613853, 0.0, 1.3664574856174634, 2.1227753107665444, 2.1796609782257423, 3.617948753092006, 4.602719841571937, 4.3764110113196635, 5.17911422735587, 6.206521810966268, 6.532693540186926, 5.925868260432391, 4.838960721063977, 4.790757075870159, 4.8172590930943295, 5.957979503992942, 4.709285874737273, 4.681531857202298, 1.0833925142809506, 3.173643726066302, 3.9313791282449473, 4.8315541909410475, 5.587583917043215, 4.5634565649297025, 5.289951010170132, 6.9698029843030715, 7.48202108390507, 6.521140480774816, 4.682708214270883], [6.253627787932378, 5.550219673130065, 4.120523060243688, 3.679861119661991, 4.648055827977974, 2.2801966472214628, 1.3664574856174634, 0.0, 1.3105915534597345, 2.2257234284609577, 3.6297457183665087, 4.251583806065688, 4.398824099688461, 5.4864706925308555, 6.478293217352855, 6.573905216079709, 5.707848310878627, 4.550230796344291, 6.1213864328271255, 6.133568554275724, 7.32293360546168, 5.992958468903319, 5.980129079710571, 2.13446762917595, 2.121147222613273, 4.241487419526315, 4.191476262607245, 5.323911634315506, 4.208491744081245, 5.794714896351675, 7.378040600322013, 7.527035090923916, 6.141847804203552, 4.096545278646387], [6.784521761332923, 5.823191767407286, 4.46106875199206, 3.6267092466863122, 4.309790730418357, 2.2210153376327684, 2.1227753107665444, 1.3105915534597345, 0.0, 1.3715386979593391, 2.5219658800229636, 2.9967961892661306, 3.3464005139851385, 4.572839376142573, 5.6160013399214925, 5.706742178336077, 4.790592044831202, 3.5091740338717883, 6.777249101220937, 6.758204330293661, 7.798903405607739, 6.126060904855583, 6.147338335409887, 3.1506165206194168, 1.0821335592245536, 3.309488245937731, 2.895974171155537, 4.067179466165711, 3.0989379374230777, 4.954595512249209, 6.574368895947352, 6.711856413839617, 5.285113119886839, 3.029713620129797], [6.022235280192895, 4.864111886048675, 3.63495964351738, 2.5366261293300596, 3.010585733706981, 1.386218629942622, 2.1796609782257423, 2.2257234284609577, 1.3715386979593391, 0.0, 1.4665086089075645, 2.517462667051887, 2.458267308491898, 3.481876384939592, 4.6703076483246795, 5.051006431395629, 4.41707344516706, 3.133885817958274, 6.147111778713642, 6.116044349904603, 6.9573063357882985, 5.070088319743553, 5.108108163498498, 3.2397528393382107, 2.1633338900872423, 2.056488825644331, 2.87444940118973, 3.4508145024037438, 2.7540612084701386, 3.6905726777832193, 5.538243105895587, 6.104356401783893, 5.156090919485419, 3.088007341312517], [6.795597293100879, 5.448323369624823, 4.472017174609239, 3.1546465443849647, 3.040025881468775, 2.55699810128987, 3.617948753092006, 3.6297457183665087, 2.5219658800229636, 1.4665086089075645, 0.0, 1.5362963190738952, 1.5217160904715439, 2.5317224689922075, 3.8236332368573223, 4.336309325912993, 3.84236651297088, 2.5602590142405517, 7.04615434261839, 6.987195817350477, 7.608335879152548, 5.462549063395221, 5.539071989963663, 4.648777576955043, 2.8288730300245013, 1.0949806345319537, 2.204953074330608, 2.1768677336944475, 2.1800023256868335, 2.7392389800818764, 4.686143627760464, 5.423077334871779, 4.71469709207283, 2.792920199361235], [8.153015494281854, 6.815307341565749, 5.816871813096795, 4.521217420120382, 4.378239991137991, 3.782429892278243, 4.602719841571937, 4.251583806065688, 2.9967961892661306, 2.517462667051887, 1.5362963190738952, 0.0, 2.534694198517841, 3.609987977819317, 4.7836095419672375, 5.12053973815261, 4.438051899200819, 3.1374436026803734, 8.29641189310174, 8.399665162969296, 8.972395865653722, 6.910302541133781, 6.781947880218485, 5.666575888488568, 2.7981558855789292, 2.0986213021886533, 1.0950378440948971, 1.095987960700299, 1.0958605476975618, 3.8533460589466917, 5.671918026558564, 6.173298197884174, 5.148731503001492, 3.0289619310912443], [7.187755447286724, 5.847404938945138, 4.995960817500473, 3.7545222918501895, 3.519526380068773, 3.3490222170060324, 4.3764110113196635, 4.398824099688461, 3.3464005139851385, 2.458267308491898, 1.5217160904715439, 2.534694198517841, 0.0, 1.4047501272468352, 2.4362652421277944, 2.814794075949429, 2.4357669305580125, 1.4050049110234455, 7.631427972535677, 7.229519638952508, 7.94145117532054, 5.586665202963214, 6.106930175628341, 5.349103276251076, 3.535355269276342, 2.1495998348529897, 2.826249005307211, 2.7893171942251387, 3.4858270725898035, 2.1708228509023946, 3.4180954667767836, 3.9015829659254972, 3.4184033597573, 2.1740858722690786], [6.979958350162271, 5.588429890407501, 5.058369825348874, 3.885088251249899, 3.3045499814649495, 3.9883232780204767, 5.17911422735587, 5.4864706925308555, 4.572839376142573, 3.481876384939592, 2.5317224689922075, 3.609987977819317, 1.4047501272468352, 0.0, 1.3962248565327868, 2.415813066029737, 2.7852401009607775, 2.4118692087258795, 7.584905029069249, 7.062177698840493, 7.578184115604476, 5.102728247712198, 5.8169728596581916, 6.029065693787056, 4.896985966898415, 2.5899892760395744, 4.089246282629599, 3.5630599784454935, 4.497365377640558, 1.0891124322125794, 2.1549572107120825, 3.4011708689802695, 3.8724214194738673, 3.4090400202989697], [7.72380113027258, 6.4248945213131705, 6.010562888781715, 4.989899358704542, 4.445375391347732, 5.126243160444108, 6.206521810966268, 6.478293217352855, 5.6160013399214925, 4.6703076483246795, 3.8236332368573223, 4.7836095419672375, 2.4362652421277944, 1.3962248565327868, 0.0, 1.3921379457510668, 2.4097519602647903, 2.7868954070793546, 8.446115127678523, 7.679606884470064, 8.248053589787107, 5.761191184121562, 6.766313301939248, 6.993004293577975, 5.8598129500863765, 3.9845234369997127, 5.076357072744194, 4.645247287281916, 5.756254519216467, 2.143101794129248, 1.0870449622715703, 2.152918180052368, 3.3949503295335552, 3.87390744984957], [8.581762404075285, 7.374451738943038, 6.792850557755558, 5.813614797180838, 5.490248683802948, 5.662389506206722, 6.532693540186926, 6.573905216079709, 5.706742178336077, 5.051006431395629, 4.336309325912993, 5.12053973815261, 2.814794075949429, 2.415813066029737, 1.3921379457510668, 0.0, 1.3923854530983868, 2.4172091117650534, 9.27393894146387, 8.39945895757578, 9.185338179947433, 6.750077041041829, 7.829912223007357, 7.338934391994521, 5.772402765746688, 4.79971411023615, 5.115227710473894, 5.061819540441954, 6.173297649554896, 3.392782395026242, 2.1527181074167605, 1.0867912817096024, 2.1518639036890783, 3.39006969987344], [8.756732564718417, 7.5776440731931975, 6.75293526919961, 5.733833644255823, 5.627590786473373, 5.240182341293097, 5.925868260432391, 5.707848310878627, 4.790592044831202, 4.41707344516706, 3.84236651297088, 4.438051899200819, 2.4357669305580125, 2.7852401009607775, 2.4097519602647903, 1.3923854530983868, 0.0, 1.3967432620206193, 9.319425359967212, 8.544102710642, 9.4916130415225, 7.124922302032493, 8.054381824199794, 6.800469032353577, 4.683096874932228, 4.584648066100603, 4.1836542376252845, 4.557932876864248, 5.492636126669962, 3.8740857153656267, 3.3956133172079532, 2.15327484079483, 1.0871875689134782, 2.1386710873811334], [8.109170414413548, 6.883827153553464, 5.922114467823127, 4.8041310681537395, 4.779150776027055, 4.133968225567294, 4.838960721063977, 4.550230796344291, 3.5091740338717883, 3.133885817958274, 2.5602590142405517, 3.1374436026803734, 1.4050049110234455, 2.4118692087258795, 2.7868954070793546, 2.4172091117650534, 1.3967432620206193, 0.0, 8.547443548804518, 7.994579329145468, 8.916799987102996, 6.605184779398681, 7.276278920574718, 5.804443820039953, 3.400638634139182, 3.4433051636472767, 2.9067998348699553, 3.4485396923915492, 4.1542866559735625, 3.4079794321562447, 3.873932376797509, 3.402452345000588, 2.1560953527151803, 1.0874287746790592], [1.0951051136763084, 2.1602853283767867, 2.642487727502249, 3.9331670368800764, 4.582981005851977, 4.774953772551102, 4.790757075870159, 6.1213864328271255, 6.777249101220937, 6.147111778713642, 7.04615434261839, 8.29641189310174, 7.631427972535677, 7.584905029069249, 8.446115127678523, 9.27393894146387, 9.319425359967212, 8.547443548804518, 0.0, 1.759361261935706, 1.7802064290413064, 3.0639814767716853, 2.4968469816951138, 4.125103661727787, 7.856300227206188, 6.614281155953382, 8.949292397726202, 8.963096636207823, 8.14805353075199, 7.097014651950494, 8.648354227250408, 10.046669411302434, 10.121781600587912, 8.847998520569496], [1.095023990604772, 2.160284187323511, 2.6426816191134344, 3.9295103931660496, 4.582178498269137, 4.770465312734179, 4.8172590930943295, 6.133568554275724, 6.758204330293661, 6.116044349904603, 6.987195817350477, 8.399665162969296, 7.229519638952508, 7.062177698840493, 7.679606884470064, 8.39945895757578, 8.544102710642, 7.994579329145468, 1.759361261935706, 0.0, 1.7801510216832723, 2.496884634900059, 3.0639002921113474, 4.191725376262143, 7.825340427738592, 6.691614863394336, 8.958418503843188, 9.051813600599607, 8.474740390714043, 6.712306435197965, 7.822242172804419, 9.045287401183005, 9.28347071735566, 8.383187495815658], [1.0935246865068937, 2.1629193628057424, 3.348197906337079, 4.489689380124197, 4.777630794651256, 5.6409933947842905, 5.957979503992942, 7.32293360546168, 7.798903405607739, 6.9573063357882985, 7.608335879152548, 8.972395865653722, 7.94145117532054, 7.578184115604476, 8.248053589787107, 9.185338179947433, 9.4916130415225, 8.916799987102996, 1.7802064290413064, 1.7801510216832723, 0.0, 2.49896730270726, 2.499010712261954, 5.446982082768402, 8.869298983008747, 7.0689054555850435, 9.694260100182994, 9.48819380809646, 8.969432344914587, 6.990390774484642, 8.226987193985414, 9.83891634124409, 10.343940290817615, 9.408498339798971], [2.149597827501693, 1.095832783776795, 2.076536602133466, 2.63093353203763, 2.634207696822709, 3.9517401053206926, 4.709285874737273, 5.992958468903319, 6.126060904855583, 5.070088319743553, 5.462549063395221, 6.910302541133781, 5.586665202963214, 5.102728247712198, 5.761191184121562, 6.750077041041829, 7.124922302032493, 6.605184779398681, 3.0639814767716853, 2.496884634900059, 2.49896730270726, 0.0, 1.7923521194229666, 4.629162821720575, 7.12637834878278, 4.940263584061078, 7.6330555644512375, 7.331296675213737, 7.109026924270298, 4.534918442486039, 5.76844885996227, 7.438008607819704, 8.03687582584178, 7.221315893242727], [2.149586383470085, 1.0957132334694148, 2.076142369877365, 2.6363688607628486, 2.6355415439715615, 3.9571333083433013, 4.681531857202298, 5.980129079710571, 6.147338335409887, 5.108108163498498, 5.539071989963663, 6.781947880218485, 6.106930175628341, 5.8169728596581916, 6.766313301939248, 7.829912223007357, 8.054381824199794, 7.276278920574718, 2.4968469816951138, 3.0639002921113474, 2.499010712261954, 1.7923521194229666, 0.0, 4.567655787162601, 7.160881524644854, 4.832919821391619, 7.622047061649515, 7.219322880990987, 6.708557109393943, 5.096783146260002, 6.865590821626352, 8.648699562940084, 9.009034298969008, 7.7656537207114775], [4.354855709435158, 4.002769213931775, 2.6484846705238825, 2.9538873675209754, 4.168252996160382, 2.2159161017511466, 1.0833925142809506, 2.13446762917595, 3.1506165206194168, 3.2397528393382107, 4.648777576955043, 5.666575888488568, 5.349103276251076, 6.029065693787056, 6.993004293577975, 7.338934391994521, 6.800469032353577, 5.804443820039953, 4.125103661727787, 4.191725376262143, 5.446982082768402, 4.629162821720575, 4.567655787162601, 0.0, 4.159383394206406, 4.857852623330601, 5.909736459437087, 6.6395977476048955, 5.5712975921234005, 6.0730168870175225, 7.680540372916479, 8.235571160520683, 7.367010060397637, 5.672313224778758], [7.8615111200074, 6.868798558700059, 5.526195419092597, 4.620035207658054, 5.172531355149044, 3.258240993235461, 3.173643726066302, 2.121147222613273, 1.0821335592245536, 2.1633338900872423, 2.8288730300245013, 2.7981558855789292, 3.535355269276342, 4.896985966898415, 5.8598129500863765, 5.772402765746688, 4.683096874932228, 3.400638634139182, 7.856300227206188, 7.825340427738592, 8.869298983008747, 7.12637834878278, 7.160881524644854, 4.159383394206406, 0.0, 3.7675958448326172, 2.3242430681837045, 3.8430676874080687, 2.959131855798251, 5.4075371519759345, 6.885680935100028, 6.7524442833688, 5.0322609918405465, 2.6495598842071866], [6.348519460472653, 4.917859661478761, 4.147269316068104, 2.789778078987646, 2.3433440613789513, 2.6689576055081883, 3.9313791282449473, 4.241487419526315, 3.309488245937731, 2.056488825644331, 1.0949806345319537, 2.0986213021886533, 2.1495998348529897, 2.5899892760395744, 3.9845234369997127, 4.79971411023615, 4.584648066100603, 3.4433051636472767, 6.614281155953382, 6.691614863394336, 7.0689054555850435, 4.940263584061078, 4.832919821391619, 4.857852623330601, 3.7675958448326172, 0.0, 3.0460460617003156, 2.4203053237143446, 2.4397678680563035, 2.3370479413139984, 4.651173668011118, 5.864179230719334, 5.550668518295792, 3.8389380966616273], [8.818634602363339, 7.547077365444188, 6.440742057403013, 5.204755498580121, 5.2165626901246, 4.250525192255658, 4.8315541909410475, 4.191476262607245, 2.895974171155537, 2.87444940118973, 2.204953074330608, 1.0950378440948971, 2.826249005307211, 4.089246282629599, 5.076357072744194, 5.115227710473894, 4.1836542376252845, 2.9067998348699553, 8.949292397726202, 8.958418503843188, 9.694260100182994, 7.6330555644512375, 7.622047061649515, 5.909736459437087, 2.3242430681837045, 3.0460460617003156, 0.0, 1.762867848138368, 1.7686882427381037, 4.566658249748935, 6.0607366598458965, 6.118088802886077, 4.692500080980286, 2.4612155817806776], [8.750146614771664, 7.335607312963256, 6.487848392186735, 5.142198332425539, 4.751665549046987, 4.631362799436037, 5.587583917043215, 5.323911634315506, 4.067179466165711, 3.4508145024037438, 2.1768677336944475, 1.095987960700299, 2.7893171942251387, 3.5630599784454935, 4.645247287281916, 5.061819540441954, 4.557932876864248, 3.4485396923915492, 8.963096636207823, 9.051813600599607, 9.48819380809646, 7.331296675213737, 7.219322880990987, 6.6395977476048955, 3.8430676874080687, 2.4203053237143446, 1.762867848138368, 0.0, 1.7718324102465224, 3.7334367518413916, 5.437364687971554, 6.063202794728212, 5.305584327856828, 3.5409038238845176], [8.13992488601707, 6.854658163613995, 5.841546542654608, 4.622429670638591, 4.5604129133226525, 3.8629595221798536, 4.5634565649297025, 4.208491744081245, 3.0989379374230777, 2.7540612084701386, 2.1800023256868335, 1.0958605476975618, 3.4858270725898035, 4.497365377640558, 5.756254519216467, 6.173297649554896, 5.492636126669962, 4.1542866559735625, 8.14805353075199, 8.474740390714043, 8.969432344914587, 7.109026924270298, 6.708557109393943, 5.5712975921234005, 2.959131855798251, 2.4397678680563035, 1.7686882427381037, 1.7718324102465224, 0.0, 4.562053841199159, 6.597132563470284, 7.2373262480007075, 6.18542212059937, 3.943426938590343], [6.48325854644098, 5.024156809853769, 4.6971681958388505, 3.5289817412392486, 2.662795529138503, 3.9690674899779674, 5.289951010170132, 5.794714896351675, 4.954595512249209, 3.6905726777832193, 2.7392389800818764, 3.8533460589466917, 2.1708228509023946, 1.0891124322125794, 2.143101794129248, 3.392782395026242, 3.8740857153656267, 3.4079794321562447, 7.097014651950494, 6.712306435197965, 6.990390774484642, 4.534918442486039, 5.096783146260002, 6.0730168870175225, 5.4075371519759345, 2.3370479413139984, 4.566658249748935, 3.7334367518413916, 4.562053841199159, 0.0, 2.4598470379273585, 4.286764781277368, 4.961245883848128, 4.325948417399356], [7.836610033043624, 6.560883442037359, 6.3790905331402845, 5.456640697352172, 4.767798626200565, 5.8338415208162795, 6.9698029843030715, 7.378040600322013, 6.574368895947352, 5.538243105895587, 4.686143627760464, 5.671918026558564, 3.4180954667767836, 2.1549572107120825, 1.0870449622715703, 2.1527181074167605, 3.3956133172079532, 3.873932376797509, 8.648354227250408, 7.822242172804419, 8.226987193985414, 5.76844885996227, 6.865590821626352, 7.680540372916479, 6.885680935100028, 4.651173668011118, 6.0607366598458965, 5.437364687971554, 6.597132563470284, 2.4598470379273585, 0.0, 2.4805265852233878, 4.293436997325103, 4.960927770084946], [9.29215264026587, 8.148362333622629, 7.651205994482177, 6.755085343650367, 6.420999250895456, 6.6587352109841405, 7.48202108390507, 7.527035090923916, 6.711856413839617, 6.104356401783893, 5.423077334871779, 6.173298197884174, 3.9015829659254972, 3.4011708689802695, 2.152918180052368, 1.0867912817096024, 2.15327484079483, 3.402452345000588, 10.046669411302434, 9.045287401183005, 9.83891634124409, 7.438008607819704, 8.648699562940084, 8.235571160520683, 6.7524442833688, 5.864179230719334, 6.118088802886077, 6.063202794728212, 7.2373262480007075, 4.286764781277368, 2.4805265852233878, 0.0, 2.4792063185624547, 4.283075346056849], [9.578755684325602, 8.474345698046545, 7.588556688857243, 6.633298447228195, 6.630266717862863, 6.01257216006594, 6.521140480774816, 6.141847804203552, 5.285113119886839, 5.156090919485419, 4.71469709207283, 5.148731503001492, 3.4184033597573, 3.8724214194738673, 3.3949503295335552, 2.1518639036890783, 1.0871875689134782