{"total energy": -57.59420472, "HOMO-LUMO gap/eV": 2.87027843, "electronic energy": -58.19659973, "dipole": [1.13633881, 0.59109609, -0.67188228], "partial charges": [-0.11425981, 0.09205777, -0.2762992, 0.51205665, -0.39975912, -0.27222532, 0.09178752, -0.11453324, -0.25942092, 0.15428789, -0.05158314, -0.03523728, -0.02330223, -0.02247197, -0.04853947, 0.38920117, -0.12390201, -0.50191223, 0.05537194, 0.06271402, 0.05582301, 0.04171344, 0.05267467, 0.04451265, 0.05569785, 0.06120876, 0.05810183, 0.05662501, 0.06697668, 0.05302464, 0.07898106, 0.06038738, 0.0729536, 0.05821104, 0.06907736], "atomic dipole moments": [[0.02678397, -0.1312004, -0.06238396], [-0.14723201, -0.1404379, 0.19201987], [0.05885903, -0.00973176, -0.18971641], [0.06186901, 0.16572056, -0.25654339], [0.1691889, 0.33541868, -0.29827359], [-0.119249, -0.13342481, -0.03280379], [0.02070662, 0.26286447, 0.1121285], [-0.12283616, -0.01598379, 0.08532607], [-0.05338817, 0.04569741, 0.13419114], [0.30379913, -0.12494954, 0.02004922], [0.01996683, -0.02575233, -0.03737381], [0.01084034, -0.0094318, -0.01377151], [-0.11120671, 0.05876259, -0.02180223], [0.02241976, 0.002802, 0.02682924], [0.0329087, 0.00209256, 0.05323364], [0.04454779, -0.40749653, -0.10056217], [0.05351265, 0.09978739, -0.06471727], [0.04790799, -0.00231272, 0.15316361], [-0.12549954, 0.02461631, 0.01136026], [0.04421602, 0.01200857, 0.12081591], [0.05395922, 0.09038022, -0.07410472], [-0.05112901, -0.01442977, -0.1088696], [0.11897564, -0.03037957, 0.00039654], [-0.10424338, -0.00722974, -0.06365606], [0.01199111, -0.08925951, 0.08358603], [0.10786467, 0.02125531, 0.0672751], [0.01384345, -0.10809611, -0.06965678], [-0.00595412, 0.1002255, -0.07894038], [0.06854886, 0.01566994, 0.14108274], [-0.05779918, 0.06233005, 0.12602299], [-0.077064, -0.00551578, -0.1356725], [0.05804621, -0.06025307, -0.13088373], [-0.13010412, 0.02335837, -0.00172434], [0.04035154, -0.0085428, 0.12287319], [0.02677276, -0.11461863, -0.06857155]], "atomic quadrupole moments": [[-0.13327237, -0.0569589, 0.22797654, -0.03140629, 0.13473322, -0.09470417], [-0.22515409, 0.20647728, 0.26890192, -0.24153102, -0.21060661, -0.04374782], [-0.06884988, 0.07766758, 0.06223742, -0.0563646, -0.02770272, 0.00661245], [0.33969936, -0.32727464, 0.05742377, 0.32765234, 0.60377055, -0.39712314], [-0.28723824, 0.19766164, 0.11667272, -0.2049471, -0.47790997, 0.17056551], [-0.01837656, -0.0131881, 0.05935641, -0.0611577, 0.10104249, -0.04097984], [-0.16467638, -0.04000446, 0.22593877, -0.19875046, 0.36595252, -0.06126239], [0.12716861, 0.01127604, -0.13629286, -0.21081482, -0.00588961, 0.00912424], [0.05758268, -0.0411814, -0.0664966, 0.05320785, -0.00558108, 0.00891392], [0.23635725, 0.01140809, 0.22511026, -0.04041519, -0.20088636, -0.46146752], [-0.12857684, 0.22867953, 0.33932339, -0.07711399, -0.18043258, -0.21074655], [-0.13805398, 0.25682158, 0.36175356, -0.06811291, -0.19305038, -0.22369959], [0.09689862, 0.04720891, 0.2579944, -0.02040493, -0.19031431, -0.35489302], [-0.14288739, 0.26206814, 0.3970983, -0.08828392, -0.18953714, -0.25421091], [-0.12942936, 0.24520062, 0.33128571, -0.03248069, -0.17373184, -0.20185635], [0.27167858, 0.03811552, -0.03852795, -0.10872006, -0.19235355, -0.23315063], [-0.09660885, 0.21626436, 0.16071097, -0.11215946, -0.23363137, -0.06410212], [-0.05349081, 0.01463673, -0.12398789, 0.07485464, 0.00414758, 0.1774787], [0.07910387, -0.01346759, -0.03625405, 0.00409199, 0.01197259, -0.04284983], [-0.01924548, -0.01047608, -0.03564739, 0.04937776, 0.00533186, 0.05489287], [-0.02326641, 0.03653687, 0.01674687, -0.04152194, -0.04799445, 0.00651953], [-0.02332193, 0.01956763, 0.00228168, 0.02488153, -0.01137416, 0.02104025], [0.03478302, 0.00122268, 0.00442583, -0.0030321, -0.01548944, -0.03920885], [0.01345775, -0.01232676, -0.01680525, 0.01949472, 0.02925652, 0.0033475], [-0.03411749, -0.02029371, 0.02163053, -0.0046068, -0.01608413, 0.01248696], [0.03516777, 0.01369267, -0.04893537, 0.05370358, 0.00086604, 0.0137676], [-0.03960739, -0.00166019, 0.05244436, -0.01054353, 0.05777834, -0.01283696], [-0.02497731, -0.01849703, 0.02541636, 0.00960188, -0.06393365, -0.00043905], [0.03724018, -0.0349808, -0.03946639, 0.00946594, 0.01235636, 0.0022262], [0.0280171, -0.0339546, -0.04966663, 0.01568805, 0.01994348, 0.02164953], [0.0233498, -0.03333849, -0.04202872, -0.00123306, 0.02351478, 0.01867892], [0.02444434, -0.03345389, -0.04021387, 0.00534703, 0.01915932, 0.01576953], [0.08252649, -0.01315782, -0.03136574, -0.00290525, -0.00501366, -0.05116074], [-0.03380543, 0.00249001, -0.04143993, 0.04003178, -0.01677221, 0.07524536], [-0.03152806, -0.01097021, 0.04936158, -0.02018945, 0.04676983, -0.01783352]], "number of molecular orbitals": 104, "number of electrons": 102, "number of unpaired electrons": 0, "orbital energies/eV": [-20.82523696, -20.5251723, -20.36517979, -20.05986483, -19.17779578, -18.66335414, -18.4721032, -18.12878249, -18.0879661, -17.61969739, -17.3964911, -17.16749037, -16.92704973, -16.86097679, -16.73896751, -16.65480055, -16.46317025, -16.3017493, -15.91794539, -15.89289647, -15.64882362, -15.51029397, -15.243273, -15.10751298, -14.77261809, -14.7667512, -14.19807014, -14.13067871, -14.07467237, -13.93441522, -13.83363217, -13.71966983, -13.67769531, -13.56884635, -13.48854365, -13.34960734, -13.32600756, -13.21734224, -13.01039268, -12.8991285, -12.74194155, -12.68643329, -12.43054668, -12.28026555, -12.08243624, -11.80717164, -11.51198409, -11.10148509, -10.49021712, -10.07917351, -9.99224276, -7.12196433, -7.0109179, -5.2387346, -4.85989829, -4.53726478, -4.20675672, -3.63143124, -3.40215018, -1.82668428, -1.38343026, 0.22546056, 0.65137137, 0.72109045, 0.8134219, 1.18797215, 1.26334985, 1.73354563, 2.47516868, 2.53755765, 2.67097449, 2.77029116, 2.98826259, 3.11629493, 3.33123193, 3.37791554, 3.60484248, 3.72284118, 3.91347351, 4.0543369, 4.26429486, 4.27090391, 4.47621085, 5.05162781, 5.59426004, 5.7098109, 5.93588303, 6.05592988, 6.26456777, 6.38091771, 6.77580428, 8.20275295, 9.70606487, 9.76906221, 10.68374666, 11.37349943, 11.7163547, 12.12288047, 15.58680191, 16.50291016, 22.20490431, 27.28645417, 29.03007443, 36.47777837], "fractional occupation": [2.0, 2.0, 2.0, 2.0, 2.0, 2.0, 2.0, 2.0, 2.0, 2.0, 2.0, 2.0, 2.0, 2.0, 2.0, 2.0, 2.0, 2.0, 2.0, 2.0, 2.0, 2.0, 2.0, 2.0, 2.0, 2.0, 2.0, 2.0, 2.0, 2.0, 2.0, 2.0, 2.0, 2.0, 2.0, 2.0, 2.0, 2.0, 2.0, 2.0, 2.0, 2.0, 2.0, 2.0, 2.0, 2.0, 2.0, 2.0, 2.0, 2.0, 2.0, 0.0, 0.0, 0.0, 0.0, 0.0, 0.0, 0.0, 0.0, 0.0, 0.0, 0.0, 0.0, 0.0, 0.0, 0.0, 0.0, 0.0, 0.0, 0.0, 0.0, 0.0, 0.0, 0.0, 0.0, 0.0, 0.0, 0.0, 0.0, 0.0, 0.0, 0.0, 0.0, 0.0, 0.0, 0.0, 0.0, 0.0, 0.0, 0.0, 0.0, 0.0, 0.0, 0.0, 0.0, 0.0, 0.0, 0.0, 0.0, 0.0, 0.0, 0.0, 0.0, 0.0], "program call": "xtb /home/svss/Project-DBcg-Debug/aqme2_20220329/End-to-End-workflows-final/example-3/QDESCP/mol_749_rdkit_conf_2/mol_749_rdkit_conf_2.xyz --pop --wbo --acc 0.2 --gfn 2 --chrg 0 --uhf 0 --etemp 300 --input /home/svss/Project-DBcg-Debug/aqme2_20220329/End-to-End-workflows-final/example-3/QDESCP/mol_749_rdkit_conf_2/mol_749_rdkit_conf_2_xtb.inp", "method": "GFN2-xTB", "xtb version": "6.3.3 (7355c4f)", "Dipole module/D": 3.676, "Total charge": 0, "Transition dipole module/D": NaN, "HOMO": -9.9922, "LUMO": -7.122, "HOMO occupancy": 2.0, "LUMO occupancy": 0, "mulliken charges": [-0.09841, 0.21129, -0.3636, 0.44415, -0.18134, -0.36202, 0.20862, -0.09636, -0.34415, 0.2628, -0.06648, -0.03715, 0.0212, -0.01377, -0.06411, 0.26947, -0.04063, -0.48591, 0.03847, 0.04395, 0.0331, 0.03259, 0.03608, 0.03263, 0.02892, 0.04356, 0.03383, 0.04166, 0.06188, 0.0378, 0.06539, 0.05313, 0.05882, 0.03877, 0.0558], "cm5 charges": [-0.24488, 0.13381, -0.4255, 0.40456, -0.15008, -0.4248, 0.13084, -0.24281, -0.3924, 0.28478, -0.11518, -0.08827, 0.02541, -0.06404, -0.11341, 0.26502, -0.17101, -0.53179, 0.09197, 0.09729, 0.08434, 0.10175, 0.10224, 0.10004, 0.09329, 0.09687, 0.08505, 0.09504, 0.1254, 0.09463, 0.12529, 0.11188, 0.11243, 0.09203, 0.1102], "FUKUI+": [0.006, 0.008, 0.006, -0.06, -0.074, -0.012, 0.006, 0.006, -0.02, -0.073, -0.022, -0.036, -0.039, -0.027, -0.032, -0.188, 0.029, -0.023, 0.007, -0.014, -0.016, 0.004, -0.019, 0.002, -0.011, -0.012, -0.014, -0.005, -0.063, -0.065, -0.062, -0.069, -0.051, -0.032, -0.033], "FUKUI-": [0.007, 0.009, 0.007, -0.121, -0.303, -0.004, 0.011, 0.008, -0.003, -0.005, -0.002, -0.007, 0.005, -0.007, -0.012, -0.198, 0.028, -0.083, -0.003, -0.013, -0.021, -0.007, -0.018, -0.007, -0.007, -0.014, -0.019, -0.012, -0.015, -0.025, -0.024, -0.033, -0.04, -0.035, -0.037], "FUKUIrad": [0.007, 0.008, 0.006, -0.09, -0.189, -0.008, 0.008, 0.007, -0.011, -0.039, -0.012, -0.022, -0.017, -0.017, -0.022, -0.193, 0.028, -0.053, 0.002, -0.014, -0.018, -0.001, -0.019, -0.002, -0.009, -0.013, -0.017, -0.009, -0.039, -0.045, -0.043, -0.051, -0.045, -0.034, -0.035], "s proportion": [1.013, 0.993, 1.649, 1.431, 1.889, 1.65, 0.993, 1.012, 1.638, 1.018, 1.064, 1.065, 1.094, 1.067, 1.063, 1.878, 1.025, 1.742, 0.962, 0.956, 0.967, 0.967, 0.964, 0.967, 0.971, 0.956, 0.966, 0.958, 0.938, 0.962, 0.935, 0.947, 0.941, 0.961, 0.944], "p proportion": [3.086, 2.796, 4.715, 1.931, 4.306, 4.712, 2.798, 3.084, 4.706, 2.719, 3.003, 2.973, 2.885, 2.946, 3.001, 3.449, 3.016, 4.744, 0.0, 0.0, 0.0, 0.0, 0.0, 0.0, 0.0, 0.0, 0.0, 0.0, 0.0, 0.0, 0.0, 0.0, 0.0, 0.0, 0.0], "d proportion": [0.0, 0.0, 0.0, 1.194, -0.014, 0.0, 0.0, 0.0, 0.0, 0.0, 0.0, 0.0, 0.0, 0.0, 0.0, 0.404, 0.0, 0.0, 0.0, 0.0, 0.0, 0.0, 0.0, 0.0, 0.0, 0.0, 0.0, 0.0, 0.0, 0.0, 0.0, 0.0, 0.0, 0.0, 0.0], "Fermi-level/eV": -8.5571, "Coordination numbers": [3.749, 3.908, 1.658, 4.016, 0.924, 1.658, 3.92, 3.749, 1.663, 3.024, 2.913, 2.941, 2.954, 2.936, 2.914, 2.853, 3.742, 0.859, 0.924, 0.924, 0.924, 0.924, 0.924, 0.924, 0.924, 0.924, 0.924, 0.924, 0.925, 0.925, 0.925, 0.925, 0.924, 0.924, 0.924], "Dispersion coefficient C6": [22.753, 19.006, 18.6, 139.448, 156.612, 18.531, 19.007, 22.758, 18.313, 24.636, 29.281, 28.877, 28.585, 28.566, 29.205, 126.19, 22.954, 23.826, 2.254, 2.168, 2.249, 2.426, 2.287, 2.39, 2.25, 2.185, 2.221, 2.239, 2.119, 2.282, 1.99, 2.194, 2.053, 2.22, 2.096], "Total dispersion C6": 17684.125593, "Total dispersion C8": 510020.638713, "Polarizability alpha": [6.803, 6.197, 5.822, 21.213, 21.167, 5.811, 6.196, 6.804, 5.777, 8.142, 8.873, 8.813, 8.769, 8.766, 8.862, 18.907, 6.835, 6.544, 2.348, 2.302, 2.345, 2.436, 2.365, 2.417, 2.346, 2.312, 2.331, 2.34, 2.276, 2.363, 2.206, 2.317, 2.241, 2.33, 2.264], "Total polarizability alpha": 209.839098, "Wiberg matrix": [[0.0, 1.016195091269363, 0.0, 0.0, 0.0, 0.0, 0.0, 0.0, 0.0, 0.0, 0.0, 0.0, 0.0, 0.0, 0.0, 0.0, 0.0, 0.0, 0.9849513222630297, 0.9841032231208353, 0.9815409958656339, 0.0, 0.0, 0.0, 0.0, 0.0, 0.0, 0.0, 0.0, 0.0, 0.0, 0.0, 0.0, 0.0, 0.0], [1.016195091269363, 0.0, 0.9171712462092013, 0.0, 0.0, 0.0, 0.0, 0.0, 0.0, 0.0, 0.0, 0.0, 0.0, 0.0, 0.0, 0.0, 0.0, 0.0, 0.0, 0.0, 0.0, 0.9681456171088169, 0.9718096321021898, 0.0, 0.0, 0.0, 0.0, 0.0, 0.0, 0.0, 0.0, 0.0, 0.0, 0.0, 0.0], [0.0, 0.9171712462092013, 0.0, 1.2235069665481944, 0.0, 0.0, 0.0, 0.0, 0.0, 0.0, 0.0, 0.0, 0.0, 0.0, 0.0, 0.0, 0.0, 0.0, 0.0, 0.0, 0.0, 0.0, 0.0, 0.0, 0.0, 0.0, 0.0, 0.0, 0.0, 0.0, 0.0, 0.0, 0.0, 0.0, 0.0], [0.0, 0.0, 1.2235069665481944, 0.0, 1.593869097211073, 1.2317920410996521, 0.0, 0.0, 1.165524977423704, 0.0, 0.0, 0.0, 0.0, 0.0, 0.0, 0.0, 0.0, 0.0, 0.0, 0.0, 0.0, 0.0, 0.0, 0.0, 0.0, 0.0, 0.0, 0.0, 0.0, 0.0, 0.0, 0.0, 0.0, 0.0, 0.0], [0.0, 0.0, 0.0, 1.593869097211073, 0.0, 0.0, 0.0, 0.0, 0.0, 0.0, 0.0, 0.0, 0.0, 0.0, 0.0, 0.0, 0.0, 0.0, 0.0, 0.0, 0.0, 0.0, 0.0, 0.0, 0.0, 0.0, 0.0, 0.0, 0.0, 0.0, 0.0, 0.0, 0.0, 0.0, 0.0], [0.0, 0.0, 0.0, 1.2317920410996521, 0.0, 0.0, 0.9207944811508513, 0.0, 0.0, 0.0, 0.0, 0.0, 0.0, 0.0, 0.0, 0.0, 0.0, 0.0, 0.0, 0.0, 0.0, 0.0, 0.0, 0.0, 0.0, 0.0, 0.0, 0.0, 0.0, 0.0, 0.0, 0.0, 0.0, 0.0, 0.0], [0.0, 0.0, 0.0, 0.0, 0.0, 0.9207944811508513, 0.0, 1.016497085126167, 0.0, 0.0, 0.0, 0.0, 0.0, 0.0, 0.0, 0.0, 0.0, 0.0, 0.0, 0.0, 0.0, 0.0, 0.0, 0.9707206975841742, 0.9704540554927319, 0.0, 0.0, 0.0, 0.0, 0.0, 0.0, 0.0, 0.0, 0.0, 0.0], [0.0, 0.0, 0.0, 0.0, 0.0, 0.0, 1.016497085126167, 0.0, 0.0, 0.0, 0.0, 0.0, 0.0, 0.0, 0.0, 0.0, 0.0, 0.0, 0.0, 0.0, 0.0, 0.0, 0.0, 0.0, 0.0, 0.9841191554257185, 0.9817705014692811, 0.9849511397573416, 0.0, 0.0, 0.0, 0.0, 0.0, 0.0, 0.0], [0.0, 0.0, 0.0, 1.165524977423704, 0.0, 0.0, 0.0, 0.0, 0.0, 0.9813922941599021, 0.0, 0.0, 0.0, 0.0, 0.0, 0.0, 0.0, 0.0, 0.0, 0.0, 0.0, 0.0, 0.0, 0.0, 0.0, 0.0, 0.0, 0.0, 0.0, 0.0, 0.0, 0.0, 0.0, 0.0, 0.0], [0.0, 0.0, 0.0, 0.0, 0.0, 0.0, 0.0, 0.0, 0.9813922941599021, 0.0, 1.384221846367758, 0.0, 0.0, 0.0, 1.3742753530351952, 0.0, 0.0, 0.0, 0.0, 0.0, 0.0, 0.0, 0.0, 0.0, 0.0, 0.0, 0.0, 0.0, 0.0, 0.0, 0.0, 0.0, 0.0, 0.0, 0.0], [0.0, 0.0, 0.0, 0.0, 0.0, 0.0, 0.0, 0.0, 0.0, 1.384221846367758, 0.0, 1.4413287007671205, 0.0, 0.10627296054835607, 0.0, 0.0, 0.0, 0.0, 0.0, 0.0, 0.0, 0.0, 0.0, 0.0, 0.0, 0.0, 0.0, 0.0, 0.9542384618753212, 0.0, 0.0, 0.0, 0.0, 0.0, 0.0], [0.0, 0.0, 0.0, 0.0, 0.0, 0.0, 0.0, 0.0, 0.0, 0.0, 1.4413287007671205, 0.0, 1.4126739458109476, 0.0, 0.11027220690294673, 0.0, 0.0, 0.0, 0.0, 0.0, 0.0, 0.0, 0.0, 0.0, 0.0, 0.0, 0.0, 0.0, 0.0, 0.9680656361434465, 0.0, 0.0, 0.0, 0.0, 0.0], [0.0, 0.0, 0.0, 0.0, 0.0, 0.0, 0.0, 0.0, 0.0, 0.0, 0.0, 1.4126739458109476, 0.0, 1.4101291666494813, 0.0, 0.9309228042987325, 0.0, 0.0, 0.0, 0.0, 0.0, 0.0, 0.0, 0.0, 0.0, 0.0, 0.0, 0.0, 0.0, 0.0, 0.0, 0.0, 0.0, 0.0, 0.0], [0.0, 0.0, 0.0, 0.0, 0.0, 0.0, 0.0, 0.0, 0.0, 0.0, 0.10627296054835607, 0.0, 1.4101291666494813, 0.0, 1.4453320581452709, 0.0, 0.0, 0.0, 0.0, 0.0, 0.0, 0.0, 0.0, 0.0, 0.0, 0.0, 0.0, 0.0, 0.0, 0.0, 0.9618753442295318, 0.0, 0.0, 0.0, 0.0], [0.0, 0.0, 0.0, 0.0, 0.0, 0.0, 0.0, 0.0, 0.0, 1.3742753530351952, 0.0, 0.11027220690294673, 0.0, 1.4453320581452709, 0.0, 0.0, 0.0, 0.0, 0.0, 0.0, 0.0, 0.0, 0.0, 0.0, 0.0, 0.0, 0.0, 0.0, 0.0, 0.0, 0.0, 0.9657972312140781, 0.0, 0.0, 0.0], [0.0, 0.0, 0.0, 0.0, 0.0, 0.0, 0.0, 0.0, 0.0, 0.0, 0.0, 0.0, 0.9309228042987325, 0.0, 0.0, 0.0, 0.9458735059845781, 1.788856385762191, 0.0, 0.0, 0.0, 0.0, 0.0, 0.0, 0.0, 0.0, 0.0, 0.0, 0.0, 0.0, 0.0, 0.0, 0.0, 0.0, 0.0], [0.0, 0.0, 0.0, 0.0, 0.0, 0.0, 0.0, 0.0, 0.0, 0.0, 0.0, 0.0, 0.0, 0.0, 0.0, 0.9458735059845781, 0.0, 0.0, 0.0, 0.0, 0.0, 0.0, 0.0, 0.0, 0.0, 0.0, 0.0, 0.0, 0.0, 0.0, 0.0, 0.0, 0.9751278655569608, 0.9809851732290944, 0.9790885899245454], [0.0, 0.0, 0.0, 0.0, 0.0, 0.0, 0.0, 0.0, 0.0, 0.0, 0.0, 0.0, 0.0, 0.0, 0.0, 1.788856385762191, 0.0, 0.0, 0.0, 0.0, 0.0, 0.0, 0.0, 0.0, 0.0, 0.0, 0.0, 0.0, 0.0, 0.0, 0.0, 0.0, 0.0, 0.0, 0.0], [0.9849513222630297, 0.0, 0.0, 0.0, 0.0, 0.0, 0.0, 0.0, 0.0, 0.0, 0.0, 0.0, 0.0, 0.0, 0.0, 0.0, 0.0, 0.0, 0.0, 0.0, 0.0, 0.0, 0.0, 0.0, 0.0, 0.0, 0.0, 0.0, 0.0, 0.0, 0.0, 0.0, 0.0, 0.0, 0.0], [0.9841032231208353, 0.0, 0.0, 0.0, 0.0, 0.0, 0.0, 0.0, 0.0, 0.0, 0.0, 0.0, 0.0, 0.0, 0.0, 0.0, 0.0, 0.0, 0.0, 0.0, 0.0, 0.0, 0.0, 0.0, 0.0, 0.0, 0.0, 0.0, 0.0, 0.0, 0.0, 0.0, 0.0, 0.0, 0.0], [0.9815409958656339, 0.0, 0.0, 0.0, 0.0, 0.0, 0.0, 0.0, 0.0, 0.0, 0.0, 0.0, 0.0, 0.0, 0.0, 0.0, 0.0, 0.0, 0.0, 0.0, 0.0, 0.0, 0.0, 0.0, 0.0, 0.0, 0.0, 0.0, 0.0, 0.0, 0.0, 0.0, 0.0, 0.0, 0.0], [0.0, 0.9681456171088169, 0.0, 0.0, 0.0, 0.0, 0.0, 0.0, 0.0, 0.0, 0.0, 0.0, 0.0, 0.0, 0.0, 0.0, 0.0, 0.0, 0.0, 0.0, 0.0, 0.0, 0.0, 0.0, 0.0, 0.0, 0.0, 0.0, 0.0, 0.0, 0.0, 0.0, 0.0, 0.0, 0.0], [0.0, 0.9718096321021898, 0.0, 0.0, 0.0, 0.0, 0.0, 0.0, 0.0, 0.0, 0.0, 0.0, 0.0, 0.0, 0.0, 0.0, 0.0, 0.0, 0.0, 0.0, 0.0, 0.0, 0.0, 0.0, 0.0, 0.0, 0.0, 0.0, 0.0, 0.0, 0.0, 0.0, 0.0, 0.0, 0.0], [0.0, 0.0, 0.0, 0.0, 0.0, 0.0, 0.9707206975841742, 0.0, 0.0, 0.0, 0.0, 0.0, 0.0, 0.0, 0.0, 0.0, 0.0, 0.0, 0.0, 0.0, 0.0, 0.0, 0.0, 0.0, 0.0, 0.0, 0.0, 0.0, 0.0, 0.0, 0.0, 0.0, 0.0, 0.0, 0.0], [0.0, 0.0, 0.0, 0.0, 0.0, 0.0, 0.9704540554927319, 0.0, 0.0, 0.0, 0.0, 0.0, 0.0, 0.0, 0.0, 0.0, 0.0, 0.0, 0.0, 0.0, 0.0, 0.0, 0.0, 0.0, 0.0, 0.0, 0.0, 0.0, 0.0, 0.0, 0.0, 0.0, 0.0, 0.0, 0.0], [0.0, 0.0, 0.0, 0.0, 0.0, 0.0, 0.0, 0.9841191554257185, 0.0, 0.0, 0.0, 0.0, 0.0, 0.0, 0.0, 0.0, 0.0, 0.0, 0.0, 0.0, 0.0, 0.0, 0.0, 0.0, 0.0, 0.0, 0.0, 0.0, 0.0, 0.0, 0.0, 0.0, 0.0, 0.0, 0.0], [0.0, 0.0, 0.0, 0.0, 0.0, 0.0, 0.0, 0.9817705014692811, 0.0, 0.0, 0.0, 0.0, 0.0, 0.0, 0.0, 0.0, 0.0, 0.0, 0.0, 0.0, 0.0, 0.0, 0.0, 0.0, 0.0, 0.0, 0.0, 0.0, 0.0, 0.0, 0.0, 0.0, 0.0, 0.0, 0.0], [0.0, 0.0, 0.0, 0.0, 0.0, 0.0, 0.0, 0.9849511397573416, 0.0, 0.0, 0.0, 0.0, 0.0, 0.0, 0.0, 0.0, 0.0, 0.0, 0.0, 0.0, 0.0, 0.0, 0.0, 0.0, 0.0, 0.0, 0.0, 0.0, 0.0, 0.0, 0.0, 0.0, 0.0, 0.0, 0.0], [0.0, 0.0, 0.0, 0.0, 0.0, 0.0, 0.0, 0.0, 0.0, 0.0, 0.9542384618753212, 0.0, 0.0, 0.0, 0.0, 0.0, 0.0, 0.0, 0.0, 0.0, 0.0, 0.0, 0.0, 0.0, 0.0, 0.0, 0.0, 0.0, 0.0, 0.0, 0.0, 0.0, 0.0, 0.0, 0.0], [0.0, 0.0, 0.0, 0.0, 0.0, 0.0, 0.0, 0.0, 0.0, 0.0, 0.0, 0.9680656361434465, 0.0, 0.0, 0.0, 0.0, 0.0, 0.0, 0.0, 0.0, 0.0, 0.0, 0.0, 0.0, 0.0, 0.0, 0.0, 0.0, 0.0, 0.0, 0.0, 0.0, 0.0, 0.0, 0.0], [0.0, 0.0, 0.0, 0.0, 0.0, 0.0, 0.0, 0.0, 0.0, 0.0, 0.0, 0.0, 0.0, 0.9618753442295318, 0.0, 0.0, 0.0, 0.0, 0.0, 0.0, 0.0, 0.0, 0.0, 0.0, 0.0, 0.0, 0.0, 0.0, 0.0, 0.0, 0.0, 0.0, 0.0, 0.0, 0.0], [0.0, 0.0, 0.0, 0.0, 0.0, 0.0, 0.0, 0.0, 0.0, 0.0, 0.0, 0.0, 0.0, 0.0, 0.9657972312140781, 0.0, 0.0, 0.0, 0.0, 0.0, 0.0, 0.0, 0.0, 0.0, 0.0, 0.0, 0.0, 0.0, 0.0, 0.0, 0.0, 0.0, 0.0, 0.0, 0.0], [0.0, 0.0, 0.0, 0.0, 0.0, 0.0, 0.0, 0.0, 0.0, 0.0, 0.0, 0.0, 0.0, 0.0, 0.0, 0.0, 0.9751278655569608, 0.0, 0.0, 0.0, 0.0, 0.0, 0.0, 0.0, 0.0, 0.0, 0.0, 0.0, 0.0, 0.0, 0.0, 0.0, 0.0, 0.0, 0.0], [0.0, 0.0, 0.0, 0.0, 0.0, 0.0, 0.0, 0.0, 0.0, 0.0, 0.0, 0.0, 0.0, 0.0, 0.0, 0.0, 0.9809851732290944, 0.0, 0.0, 0.0, 0.0, 0.0, 0.0, 0.0, 0.0, 0.0, 0.0, 0.0, 0.0, 0.0, 0.0, 0.0, 0.0, 0.0, 0.0], [0.0, 0.0, 0.0, 0.0, 0.0, 0.0, 0.0, 0.0, 0.0, 0.0, 0.0, 0.0, 0.0, 0.0, 0.0, 0.0, 0.9790885899245454, 0.0, 0.0, 0.0, 0.0, 0.0, 0.0, 0.0, 0.0, 0.0, 0.0, 0.0, 0.0, 0.0, 0.0, 0.0, 0.0, 0.0, 0.0]], "Born radii": [], "Atomic SASAs": [], "Solvent H bonds": [], "Total SASA": NaN, "Total FOD": 0.0, "FOD": [0.0, 0.0, 0.0, 0.0, 0.0, 0.0, 0.0, 0.0, 0.0, 0.0, 0.0, 0.0, 0.0, 0.0, 0.0, 0.0, 0.0, 0.0, 0.0, 0.0, 0.0, 0.0, 0.0, 0.0, 0.0, 0.0, 0.0, 0.0, 0.0, 0.0, 0.0, 0.0, 0.0, 0.0, 0.0], "FOD s proportion": [0.0, 0.0, 0.0, 0.0, 0.0, 0.0, 0.0, 0.0, 0.0, 0.0, 0.0, 0.0, 0.0, 0.0, 0.0, 0.0, 0.0, 0.0, 0.0, 0.0, 0.0, 0.0, 0.0, 0.0, 0.0, 0.0, 0.0, 0.0, 0.0, 0.0, 0.0, 0.0, 0.0, 0.0, 0.0], "FOD p proportion": [0.0, 0.0, 0.0, 0.0, 0.0, 0.0, 0.0, 0.0, 0.0, 0.0, 0.0, 0.0, 0.0, 0.0, 0.0, 0.0, 0.0, 0.0, 0.0, 0.0, 0.0, 0.0, 0.0, 0.0, 0.0, 0.0, 0.0, 0.0, 0.0, 0.0, 0.0, 0.0, 0.0, 0.0, 0.0], "FOD d proportion": [0.0, 0.0, 0.0, 0.0, 0.0, 0.0, 0.0, 0.0, 0.0, 0.0, 0.0, 0.0, 0.0, 0.0, 0.0, 0.0, 0.0, 0.0, 0.0, 0.0, 0.0, 0.0, 0.0, 0.0, 0.0, 0.0, 0.0, 0.0, 0.0, 0.0, 0.0, 0.0, 0.0, 0.0, 0.0], "coordinates": [["2.31730", "2.87450", "1.18410"], ["2.55840", "1.48120", "0.64090"], ["1.94730", "0.54590", "1.51340"], ["1.64560", "-0.95290", "0.97670"], ["1.08850", "-2.21720", "2.33720"], ["3.03780", "-1.30510", "0.22340"], ["3.11890", "-2.51690", "-0.50870"], ["4.33280", "-2.45220", "-1.41270"], ["0.65230", "-0.70680", "-0.27380"], ["-0.60720", "-0.18140", "-0.21540"], ["-1.17640", "0.38630", "0.92170"], ["-2.47580", "0.90280", "0.86900"], ["-3.21080", "0.85380", "-0.32000"], ["-2.62840", "0.29770", "-1.46150"], ["-1.33190", "-0.21870", "-1.40730"], ["-4.88720", "1.52740", "-0.36440"], ["-5.70910", "0.13010", "0.44460"], ["-5.29950", "1.51110", "-1.80760"], ["1.24390", "3.08130", "1.25000"], ["2.72280", "2.96990", "2.19670"], ["2.78340", "3.62910", "0.54440"], ["2.14190", "1.39790", "-0.36740"], ["3.63240", "1.27640", "0.59680"], ["2.21430", "-2.65810", "-1.10830"], ["3.21750", "-3.35400", "0.18880"], ["5.24410", "-2.30010", "-0.82490"], ["4.43670", "-3.37300", "-1.99340"], ["4.25410", "-1.60570", "-2.10290"], ["-0.64060", "0.45130", "1.86410"], ["-2.90290", "1.34630", "1.76570"], ["-3.17980", "0.26300", "-2.39930"], ["-0.89120", "-0.65060", "-2.30260"], ["-6.78630", "0.31310", "0.43840"], ["-5.36590", "0.04840", "1.47860"], ["-5.49730", "-0.79500", "-0.09720"]], "bond_dist": [[0.0, 1.5147542176868163, 2.380696631240528, 3.8914247275258966, 5.363301030149249, 4.348691860778365, 5.707480035882736, 6.259340490818501, 4.209917707034188, 4.455314277354629, 4.297200564320916, 5.192369065272613, 6.074984354712364, 6.172442473607997, 5.440579090501305, 7.491151507612163, 8.51479233863046, 8.296069592885537, 1.0951240158082554, 1.0949384320590816, 1.0935659376553388, 2.149014883615281, 2.151356063044888, 5.989605122209644, 6.371435817772945, 6.275246959283754, 7.322541830539447, 5.884535264572726, 3.883744411003381, 5.470296321041484, 7.0624922102611905, 5.905749668755018, 9.486430909989279, 8.191772317392616, 8.727825221668912], [1.5147542176868163, 0.0, 1.417563243739058, 2.621222670816045, 4.326222631811729, 2.8579010304767376, 4.197683172894305, 4.77884963981919, 3.0425708373019025, 3.676752889439267, 3.902100164014245, 5.07244968530985, 5.882229867150722, 5.720459094338495, 4.713726481246022, 7.51330299468882, 8.379472605719288, 8.230591635477975, 2.1585256704519407, 2.159576044041978, 2.1618074983679745, 1.0941115253940066, 1.094241221120828, 4.506873632575025, 4.900812816258136, 4.864132381011027, 5.833592805467314, 4.464615161466888, 3.5763827046332723, 5.5775595684851265, 6.607099705619706, 5.010838617437205, 9.419600944307566, 8.096245279140202, 8.403581411517354], [2.380696631240528, 1.417563243739058, 0.0, 1.6203305897254425, 3.008472285064298, 2.505891308496839, 3.8525678202985603, 4.820920562506708, 2.53778764478039, 3.169098449086112, 3.1832503420246416, 4.484020805036479, 5.482896458989536, 5.463393061093079, 4.457381999559832, 7.155408118339582, 7.741814001899039, 8.02974235452172, 2.6443154652953194, 2.6351613119503705, 3.338284956381046, 2.0739290730398667, 2.0526441045636723, 4.148519722744488, 4.310126820639968, 4.9433038678600365, 5.8182932041965705, 4.798784688856127, 2.6132673150674806, 4.922269343504071, 6.455726768536599, 4.904136060510556, 8.80258994841859, 7.330184958785146, 7.733958516180444], [3.8914247275258966, 2.621222670816045, 1.6203305897254425, 0.0, 1.9390139633329102, 1.621643169750978, 2.6121106504128035, 3.895917952164804, 1.6158466356681254, 2.6629724932864023, 3.1241263802861754, 4.521190080056356, 5.341368433276251, 5.076996710654834, 3.8843290141284377, 7.115329447046005, 7.4530283442369925, 7.877692333418461, 4.063351500916454, 4.247013030354392, 4.740906678052205, 2.7530309006620324, 3.010228685664928, 2.7528806240009756, 2.9760606899053657, 4.243808743334224, 4.7401073015280994, 4.088319489717016, 2.825945300249104, 5.157295210670027, 6.013341331572656, 4.1569878542040515, 8.543386945468406, 7.100396999464184, 7.224902354357462], [5.363301030149249, 4.326222631811729, 3.008472285064298, 1.9390139633329102, 0.0, 3.0165953225449385, 3.508773440961956, 4.964116990966269, 3.047769610715351, 3.6790823434655553, 3.7298290188693635, 4.959258586724431, 5.914028519545708, 5.87964193722713, 4.886063718372899, 7.551798607616599, 7.436337661107113, 8.478568978902041, 5.411123289114748, 5.440283370376951, 6.345552894744476, 4.636104046502839, 4.658933389736324, 3.651477605025122, 3.2311882953489413, 5.222524311097078, 5.594677223933478, 5.487207269640906, 3.21473213036483, 5.3811168413257855, 6.841360184933987, 5.2821578630328725, 8.486479515676686, 6.894158156004256, 7.163917771722398], [4.348691860778365, 2.8579010304767376, 2.505891308496839, 1.621643169750978, 3.0165953225449385, 0.0, 1.4180997355616425, 2.3811103754341167, 2.50913948994471, 3.8394364339053717, 4.594337655201238, 5.974228546850212, 6.633335113651352, 6.124841082836354, 4.788916948538573, 8.436479721424096, 8.866622135289177, 9.031418201478656, 4.848967903585256, 4.718979009277325, 4.951170568663537, 2.90824525272543, 2.6752792321550287, 2.0693443744336033, 2.05705626077655, 2.637559019244878, 3.338762324574782, 2.64223726035343, 4.3940259455310455, 6.685845327256681, 6.927917627974513, 4.716575797122315, 9.958801988693217, 8.604049219989388, 8.55633790707216], [5.707480035882736, 4.197683172894305, 3.8525678202985603, 2.6121106504128035, 3.508773440961956, 1.4180997355616425, 0.0, 1.514910987484083, 3.0685103193569354, 4.407312826428367, 5.378123881987101, 6.700229359507031, 7.173724853240469, 6.47002768850335, 5.089088900775855, 8.970776008239199, 9.26547213529888, 9.422387371043499, 6.160234892437138, 6.130339192083911, 6.244589326769216, 4.037344886184483, 3.9843365056179687, 1.0944216554874997, 1.0940587826986263, 2.1595045079832556, 2.1619061357977594, 2.158804789692667, 5.345487005877014, 7.507282120714526, 7.139736273840932, 4.773055091867262, 10.344993255193549, 9.084159643026975, 8.796202265750827], [6.259340490818501, 4.77884963981919, 4.820920562506708, 3.895917952164804, 4.964116990966269, 2.3811103754341167, 1.514910987484083, 0.0, 4.229609275098587, 5.567194978622537, 6.6225214420188925, 7.925857294324697, 8.308401184945271, 7.484827111563766, 6.089119599745106, 10.096759334063577, 10.533640974990556, 10.423286247148738, 6.873928771088627, 6.709622699526405, 6.57366643966668, 4.5514794199249105, 4.293146674643204, 2.150138697851838, 2.1498696658169774, 1.0950392413059915, 1.093563139466579, 1.0950488482255025, 6.625891490961801, 8.768476680701157, 8.048903612294037, 5.597129672430325, 11.60637066916269, 10.424845214198625, 10.055233368748834], [4.209917707034188, 3.0425708373019025, 2.53778764478039, 1.6158466356681254, 3.047769610715351, 2.50913948994471, 3.0685103193569354, 4.229609275098587, 0.0, 1.36594142260933, 2.442996428568818, 3.6988935656490574, 4.166671142530928, 3.6307911025009414, 2.3366885757413205, 5.9737691828526485, 6.4563077784442715, 6.534182893828425, 4.12573128184568, 4.889628144347993, 4.9001089028714455, 2.58019983915975, 3.684022612579896, 2.6351102329883664, 3.715093220903077, 4.891517488469197, 4.938352960248994, 4.138428597910082, 2.7537978193759978, 4.5841277141894725, 4.488123516571263, 2.549819626954032, 7.541895969184407, 6.3134747991894296, 6.152767422875661], [4.455314277354629, 3.676752889439267, 3.169098449086112, 2.6629724932864023, 3.6790823434655553, 3.8394364339053717, 4.407312826428367, 5.567194978622537, 1.36594142260933, 0.0, 1.3925761523162745, 2.4172461521326287, 2.8038033383245695, 2.4223029249043155, 1.3954235880190646, 4.610921647566785, 5.153835063329056, 5.236156642041947, 4.027304267124599, 5.180522956227488, 5.156876443158203, 3.174089365471615, 4.556210908199927, 3.859038163843421, 4.985689369585715, 6.252846682112077, 6.2280431734213275, 5.405878691757706, 2.173877894454976, 3.3954179404014466, 3.403701122307892, 2.158056644298291, 6.233238444019288, 5.056448331586115, 4.929863508252536], [4.297200564320916, 3.902100164014245, 3.1832503420246416, 3.1241263802861754, 3.7298290188693635, 4.594337655201238, 5.378123881987101, 6.6225214420188925, 2.442996428568818, 1.3925761523162745, 0.0, 1.3992819229876445, 2.4288183340875866, 2.7920953063962557, 2.4113162899130423, 4.089767604644547, 4.564935064160278, 5.070917780836128, 3.6371222113093755, 4.848131041958334, 5.132068118215112, 3.7008415610506753, 4.901264679651569, 4.988598786232463, 5.816643680852386, 7.175665597698934, 7.357787446644542, 6.5273730864720765, 1.0860130754277317, 2.148194183494593, 3.880445264399435, 3.3989132292543154, 5.631155755260193, 4.239837764584866, 4.5938876466452685], [5.192369065272613, 5.07244968530985, 4.484020805036479, 4.521190080056356, 4.959258586724431, 5.974228546850212, 6.700229359507031, 7.925857294324697, 3.6988935656490574, 2.4172461521326287, 1.3992819229876445, 0.0, 1.3986947486853591, 2.4126050277656303, 2.7834890245876664, 2.7796134047741243, 3.3513295182658482, 3.9379560866012717, 4.327492500282352, 5.749881012681914, 5.932727997304443, 4.80592990585589, 6.1256654365056535, 6.211824378554178, 7.14119620021744, 8.527879081577083, 8.617334602416225, 7.772793311931046, 2.135892155517221, 1.0877396517549591, 3.403930805700962, 3.8707951741212034, 4.371907215392385, 3.0747828427386543, 3.597989651180226], [6.074984354712364, 5.882229867150722, 5.482896458989536, 5.341368433276251, 5.914028519545708, 6.633335113651352, 7.173724853240469, 8.308401184945271, 4.166671142530928, 2.8038033383245695, 2.4288183340875866, 1.3986947486853591, 0.0, 1.3969463912405515, 2.421310130900211, 1.8072147852427505, 2.7110621055224837, 2.6471994144756077, 5.222165100798709, 6.7837502209323715, 6.661824906885499, 5.380491507288159, 6.917260963705214, 6.510496794408243, 7.699837606729118, 9.038105068541746, 8.896648922487612, 8.059317878704128, 3.3967965938513305, 2.165064236922314, 2.1618265726001247, 3.4021267289740984, 3.6948243936620315, 2.920288877833835, 2.827766526783992], [6.172442473607997, 5.720459094338495, 5.463393061093079, 5.076996710654834, 5.87964193722713, 6.124841082836354, 6.47002768850335, 7.484827111563766, 3.6307911025009414, 2.4223029249043155, 2.7920953063962557, 2.4126050277656303, 1.3969463912405515, 0.0, 1.3966097701219193, 2.7960629356293105, 3.626571309101753, 2.9541326950561984, 5.485924580232579, 7.0113066913379285, 6.664040816951829, 5.016299127843156, 6.662737366878571, 5.684474221069175, 7.087520708258989, 8.314450111101756, 7.979510894158865, 7.169597741156752, 3.8774420898319035, 3.4043695525016084, 1.0884460896158341, 2.1504850476113524, 4.571431896025577, 4.024952763697979, 3.3594486139841457], [5.440579090501305, 4.713726481246022, 4.457381999559832, 3.8843290141284377, 4.886063718372899, 4.788916948538573, 5.089088900775855, 6.089119599745106, 2.3366885757413205, 1.3954235880190646, 2.4113162899130423, 2.7834890245876664, 2.421310130900211, 1.3966097701219193, 0.0, 4.0959325812322644, 4.765613799921265, 4.346757169431023, 4.958426053698895, 6.292581191371313, 5.962414931887917, 3.9701478574481333, 5.558418418039433, 4.314580837115003, 5.7510591772298785, 6.922080013984236, 6.600747507669112, 5.79750156187991, 3.4101105040746114, 3.871071557075637, 2.151937104099467, 1.0873436393339504, 5.782724192800483, 4.9671840332325115, 4.4044342270035095], [7.491151507612163, 7.51330299468882, 7.155408118339582, 7.115329447046005, 7.551798607616599, 8.436479721424096, 8.970776008239199, 10.096759334063577, 5.9737691828526485, 4.610921647566785, 4.089767604644547, 2.7796134047741243, 1.8072147852427505, 2.7960629356293105, 4.0959325812322644, 0.0, 1.811752714914483, 1.5010273881578577, 6.527731595278715, 8.157949464172967, 8.005071185817151, 7.030293454757063, 8.577324209798766, 8.276659936834424, 9.477355026060804, 10.839974916483893, 10.658455440165802, 9.818455252737063, 4.915060022013973, 2.9167738530780887, 2.9418939698772286, 4.94654619305228, 2.3928211675760473, 2.4110669194362897, 2.416021442371735], [8.51479233863046, 8.379472605719288, 7.741814001899039, 7.4530283442369925, 7.436337661107113, 8.866622135289177, 9.26547213529888, 10.533640974990556, 6.4563077784442715, 5.153835063329056, 4.564935064160278, 3.3513295182658482, 2.7110621055224837, 3.626571309101753, 4.765613799921265, 1.811752714914483, 0.0, 2.673450579307574, 7.596213504108478, 9.068145127863803, 9.18561469309485, 7.994051653573425, 9.412799306263786, 8.54200358288382, 9.585852805567171, 11.29115107196782, 11.006943774272676, 10.429195181316725, 5.2733141324977035, 3.331547101573082, 3.808252632113579, 5.600782154306664, 1.0926514906409999, 1.092527862344938, 1.0928021275601545], [8.296069592885537, 8.230591635477975, 8.02974235452172, 7.877692333418461, 8.478568978902041, 9.031418201478656, 9.422387371043499, 10.423286247148738, 6.534182893828425, 5.236156642041947, 5.070917780836128, 3.9379560866012717, 2.6471994144756077, 2.9541326950561984, 4.346757169431023, 1.5010273881578577, 2.673450579307574, 0.0, 7.391246806865538, 9.084041678680256, 8.680501161223354, 7.580331407003258, 9.252840702184384, 8.621394293848299, 10.009700293715092, 11.254263445023847, 10.894151866483227, 10.053502737354776, 6.025770169862107, 4.305731469796973, 2.5300179030987113, 4.934681426394211, 2.947930501216065, 3.5976395997931756, 2.8779663323256583], [1.0951240158082554, 2.1585256704519407, 2.6443154652953194, 4.063351500916454, 5.411123289114748, 4.848967903585256, 6.160234892437138, 6.873928771088627, 4.12573128184568, 4.027304267124599, 3.6371222113093755, 4.327492500282352, 5.222165100798709, 5.485924580232579, 4.958426053698895, 6.527731595278715, 7.596213504108478, 7.391246806865538, 0.0, 1.7594874424104308, 1.7798922579751841, 2.501244154415958, 3.0641910025323162, 6.280443249484864, 6.814273878411404, 7.0189939457161525, 7.8975694925717494, 6.50163144526049, 3.293229275346617, 4.524612881783368, 6.389783022137763, 5.577337750217392, 8.53262783906576, 7.276001402556214, 7.892048338042539], [1.0949384320590816, 2.159576044041978, 2.6351613119503705, 4.247013030354392, 5.440283370376951, 4.718979009277325, 6.130339192083911, 6.709622699526405, 4.889628144347993, 5.180522956227488, 4.848131041958334, 5.749881012681914, 6.7837502209323715, 7.0113066913379285, 6.292581191371313, 8.157949464172967, 9.068145127863803, 9.084041678680256, 1.7594874424104308, 0.0, 1.7799753621890388, 3.06320708082232, 2.5009986845258436, 6.546447987267599, 6.653427816546896, 6.577227398379958, 7.7927383909637316, 6.462782311822052, 4.215024113810027, 5.87114456047541, 7.955577312175402, 6.812687923279621, 10.028618446226778, 8.630057795287351, 9.327727120258182], [1.0935659376553388, 2.1618074983679745, 3.338284956381046, 4.740906678052205, 6.345552894744476, 4.951170568663537, 6.244589326769216, 6.57366643966668, 4.9001089028714455, 5.156876443158203, 5.132068118215112, 5.932727997304443, 6.661824906885499, 6.664040816951829, 5.962414931887917, 8.005071185817151, 9.18561469309485, 8.680501161223354, 1.7798922579751841, 1.7799753621890388, 0.0, 2.494224314290918, 2.5017481987602195, 6.525655211547727, 7.0056105929462, 6.563950001333039, 7.629104412707956, 6.047667882746207, 4.854255548485267, 6.247940238190503, 7.453573179354986, 6.3185383001134054, 10.128487058292565, 8.950152659033254, 9.410329636096707], [2.149014883615281, 1.0941115253940066, 2.0739290730398667, 2.7530309006620324, 4.636104046502839, 2.90824525272543, 4.037344886184483, 4.5514794199249105, 2.58019983915975, 3.174089365471615, 3.7008415610506753, 4.80592990585589, 5.380491507288159, 5.016299127843156, 3.9701478574481333, 7.030293454757063, 7.994051653573425, 7.580331407003258, 2.501244154415958, 3.06320708082232, 2.494224314290918, 0.0, 1.7793353084789836, 4.123749576538324, 4.903756459083179, 4.848520917764509, 5.538182901457842, 4.061399026197746, 3.6902506771220844, 5.47747982287475, 5.80836521837255, 4.140174742689009, 9.029887038053134, 7.848307275457556, 7.95230753240844], [2.151356063044888, 1.094241221120828, 2.0526441045636723, 3.010228685664928, 4.658933389736324, 2.6752792321550287, 3.9843365056179687, 4.293146674643204, 3.684022612579896, 4.556210908199927, 4.901264679651569, 6.1256654365056535, 6.917260963705214, 6.662737366878571, 5.558418418039433, 8.577324209798766, 9.412799306263786, 9.252840702184384, 3.0641910025323162, 2.5009986845258436, 2.5017481987602195, 1.7793353084789836, 0.0, 4.516488001755346, 4.666820134738428, 4.172548385579249, 5.382653145986652, 3.9976732470275755, 4.532699890793565, 6.639379437116092, 7.510636698043649, 5.708135100012964, 10.464336918314508, 9.124415495252284, 9.387425421807622], [5.989605122209644, 4.506873632575025, 4.148519722744488, 2.7528806240009756, 3.651477605025122, 2.0693443744336033, 1.0944216554874997, 2.150138697851838, 2.6351102329883664, 3.859038163843421, 4.988598786232463, 6.211824378554178, 6.510496794408243, 5.684474221069175, 4.314580837115003, 8.276659936834424, 8.54200358288382, 8.621394293848299, 6.280443249484864, 6.546447987267599, 6.525655211547727, 4.123749576538324, 4.516488001755346, 0.0, 1.7813353025188714, 3.06401168405083, 2.4967069872133574, 2.501511335173199, 5.1627496675705675, 7.104986361704011, 6.268637891918786, 3.8859411974449642, 9.603702967605777, 8.454385010158928, 7.997639613035837], [6.371435817772945, 4.900812816258136, 4.310126820639968, 2.9760606899053657, 3.2311882953489413, 2.05705626077655, 1.0940587826986263, 2.1498696658169774, 3.715093220903077, 4.985689369585715, 5.816643680852386, 7.14119620021744, 7.699837606729118, 7.087520708258989, 5.7510591772298785, 9.477355026060804, 9.585852805567171, 10.009700293715092, 6.814273878411404, 6.653427816546896, 7.0056105929462, 4.903756459083179, 4.666820134738428, 1.7813353025188714, 0.0, 2.49907992269155, 2.4997612846029917, 3.063165248562343, 5.672025545605379, 7.876466838627584, 7.791431055974249, 5.513334853788585, 10.65767033689821, 9.322803513965098, 9.08724468912332], [6.275246959283754, 4.864132381011027, 4.9433038678600365, 4.243808743334224, 5.222524311097078, 2.637559019244878, 2.1595045079832556, 1.0950392413059915, 4.891517488469197, 6.252846682112077, 7.175665597698934, 8.527879081577083, 9.038105068541746, 8.314450111101756, 6.922080013984236, 10.839974916483893, 11.29115107196782, 11.254263445023847, 7.0189939457161525, 6.577227398379958, 6.563950001333039, 4.848520917764509, 4.172548385579249, 3.06401168405083, 2.49907992269155, 0.0, 1.7800003988763602, 1.7594247241641232, 7.0306910791187525, 9.294140644513618, 8.944848136217853, 6.522756597482387, 12.375591512731825, 11.10827009484375, 10.870719721343201], [7.322541830539447, 5.833592805467314, 5.8182932041965705, 4.7401073015280994, 5.594677223933478, 3.338762324574782, 2.1619061357977594, 1.093563139466579, 4.938352960248994, 6.2280431734213275, 7.357787446644542, 8.617334602416225, 8.896648922487612, 7.979510894158865, 6.600747507669112, 10.658455440165802, 11.006943774272676, 10.894151866483227, 7.8975694925717494, 7.7927383909637316, 7.629104412707956, 5.538182901457842, 5.382653145986652, 2.4967069872133574, 2.4997612846029917, 1.7800003988763602, 0.0, 1.7800792959865583, 7.435358231450587, 9.5011764250539, 8.449634492686652, 5.991125504444052, 12.060543663119006, 10.947681431243787, 10.436762641739058], [5.884535264572726, 4.464615161466888, 4.798784688856127, 4.088319489717016, 5.487207269640906, 2.64223726035343, 2.158804789692667, 1.0950488482255025, 4.138428597910082, 5.405878691757706, 6.5273730864720765, 7.772793311931046, 8.059317878704128, 7.169597741156752, 5.79750156187991, 9.818455252737063, 10.429195181316725, 10.053502737354776, 6.50163144526049, 6.462782311822052, 6.047667882746207, 4.061399026197746, 3.9976732470275755, 2.501511335173199, 3.063165248562343, 1.7594247241641232, 1.7800792959865583, 0.0, 6.627701418289753, 8.654653023663052, 7.670903588235222, 5.237003741644645, 11.490449568663534, 10.397479937946503, 9.988486819333547], [3.883744411003381, 3.5763827046332723, 2.6132673150674806, 2.825945300249104, 3.21473213036483, 4.3940259455310455, 5.345487005877014, 6.625891490961801, 2.7537978193759978, 2.173877894454976, 1.0860130754277317, 2.135892155517221, 3.3967965938513305, 3.8774420898319035, 3.4101105040746114, 4.915060022013973, 5.2733141324977035, 6.025770169862107, 3.293229275346617, 4.215024113810027, 4.854255548485267, 3.6902506771220844, 4.532699890793565, 5.1627496675705675, 5.672025545605379, 7.0306910791187525, 7.435358231450587, 6.627701418289753, 0.0, 2.434894012067055, 4.965840622694209, 4.317218185359643, 6.310415851590131, 4.758087719872344, 5.384003739783248], [5.470296321041484, 5.5775595684851265, 4.922269343504071, 5.157295210670027, 5.3811168413257855, 6.685845327256681, 7.507282120714526, 8.768476680701157, 4.5841277141894725, 3.3954179404014466, 2.148194183494593, 1.0877396517549591, 2.165064236922314, 3.4043695525016084, 3.871071557075637, 2.9167738530780887, 3.331547101573082, 4.305731469796973, 4.524612881783368, 5.87114456047541, 6.247940238190503, 5.47747982287475, 6.639379437116092, 7.104986361704011, 7.876466838627584, 9.294140644513618, 9.5011764250539, 8.654653023663052, 2.434894012067055, 0.0, 4.31247463760658, 4.958387983004154, 4.232023521910057, 2.7988104294503406, 3.8453183821369072], [7.0624922102611905, 6.607099705619706, 6.455726768536599, 6.013341331572656, 6.841360184933987, 6.927917627974513, 7.139736273840932, 8.048903612294037, 4.4881235165712