{"total energy": -39.87433221, "HOMO-LUMO gap/eV": 11.52933984, "electronic energy": -40.40086149, "dipole": [0.62173016, 0.2691965, 0.31783261], "partial charges": [-0.100103, -0.05190703, -0.05835746, -0.05810039, -0.0578879, -0.05823513, -0.0577514, -0.06002188, -0.07082825, 0.12026085, -0.10866857, -0.45188733, 0.03234445, 0.0322177, 0.03128579, 0.02853671, 0.02840471, 0.02981816, 0.03003733, 0.02863225, 0.02884663, 0.02915115, 0.02967125, 0.0292874, 0.02978797, 0.03152601, 0.02920763, 0.03504419, 0.02861499, 0.02624927, 0.04272212, 0.01188595, 0.05089493, 0.03823344, 0.05030256, 0.28078487], "atomic dipole moments": [[-0.08604711, -0.03795249, 0.03728441], [0.00204858, 0.07718891, -0.07881425], [-0.00534381, -0.07680383, 0.07847229], [0.00204587, 0.07584259, -0.07733143], [-0.00493273, -0.07649033, 0.07834948], [0.00171245, 0.07675032, -0.07816237], [-0.00728227, -0.07772471, 0.07981131], [-0.00297817, 0.07874179, -0.07794418], [-0.00900466, -0.06706212, 0.09052801], [-0.09422944, 0.05395018, -0.1392538], [0.03229471, 0.11398693, 0.02506686], [0.19765917, 0.01917024, 0.129331], [0.01000658, -0.02169106, -0.12363612], [0.00748557, 0.12422821, 0.01913792], [0.09809296, -0.05281218, 0.05574026], [0.00245261, -0.1224134, -0.01587172], [8.93e-06, 0.01855869, 0.12203706], [0.00104256, 0.12316099, 0.01522373], [0.00349629, -0.01786665, -0.12279763], [-0.00361528, 0.01793832, 0.12263139], [-0.00117241, -0.12309274, -0.01532426], [0.0012901, 0.12297106, 0.01532954], [0.00373271, -0.01795922, -0.12268249], [-0.00357891, 0.01798909, 0.12264283], [-0.00107414, -0.12313628, -0.01531652], [0.00371482, -0.0180001, -0.12293213], [0.00138793, 0.12279634, 0.01544619], [0.00182287, -0.12376772, -0.01620029], [-0.00314927, 0.01856052, 0.12269397], [0.0071033, 0.12086037, 0.00214789], [0.00184068, -0.01725094, -0.12522782], [-0.01425597, 0.03060911, 0.11395615], [-0.11815821, -0.0322983, 0.03813318], [0.08186853, -0.07449833, 0.06324142], [-0.00132195, -0.03533334, -0.12356858], [0.01812736, 0.07316214, 0.01963125]], "atomic quadrupole moments": [[0.14378452, 0.10810191, -0.07119944, -0.10569106, -0.05697234, -0.07258508], [0.23270647, 0.00716298, -0.11896968, 0.00096685, -0.11942274, -0.11373679], [0.23723789, 0.0002061, -0.1213108, 0.00832672, -0.12519167, -0.11592709], [0.23614026, -0.0020223, -0.12098529, 0.0105071, -0.12428961, -0.11515498], [0.23663049, 3.549e-05, -0.12080686, 0.00838901, -0.12477245, -0.11582362], [0.23596434, -0.00251252, -0.12082845, 0.01102886, -0.12510197, -0.11513588], [0.23642273, 0.00145042, -0.11827145, 0.00650105, -0.12657075, -0.11815128], [0.22872308, 0.00109825, -0.11860004, 0.01496381, -0.12774402, -0.11012304], [0.24811105, -0.02317299, -0.12424307, -0.00396169, -0.10813376, -0.12386798], [0.17229729, -0.13952455, 0.04733856, 0.15285511, -0.15938815, -0.21963585], [-0.10095808, 0.05078612, 0.22696609, 0.00747048, 0.04645415, -0.12600801], [0.06424072, -0.07419181, -0.00559826, 0.11128549, -0.04835015, -0.05864246], [-0.03589031, 0.01228166, -0.0391872, 0.00019095, 0.02563125, 0.07507751], [-0.03539868, -0.00285793, 0.07609393, -0.01259665, 0.02285423, -0.04069525], [0.03557514, -0.03739518, -0.01926619, 0.03982054, -0.03714365, -0.01630894], [-0.01689836, 0.00299633, 0.05076223, 0.00106931, 0.02337258, -0.03386386], [-0.01672479, -0.00128725, -0.03286985, -0.0045781, 0.02511274, 0.04959464], [-0.02035261, 0.00022453, 0.0512297, 0.00066041, 0.02377482, -0.0308771], [-0.02028128, -0.00093795, -0.02978917, -0.00188192, 0.02551525, 0.05007045], [-0.01985437, -0.0009268, -0.02999019, -0.00194963, 0.0254837, 0.04984455], [-0.01989488, 0.00028904, 0.05087831, 0.00065676, 0.0237294, -0.03098343], [-0.01993957, 0.00011088, 0.05105931, 0.00068513, 0.02373635, -0.03111975], [-0.01985513, -0.0009455, -0.02995079, -0.00178804, 0.02547719, 0.04980592], [-0.01987594, -0.00096127, -0.02995241, -0.00199176, 0.02544087, 0.04982835], [-0.01992056, 0.0003567, 0.05087313, 0.00067104, 0.0237108, -0.03095256], [-0.01990518, -0.0010509, -0.02959847, -0.00162548, 0.02542775, 0.04950365], [-0.01964485, 0.0001721, 0.05096915, 0.00069027, 0.02357376, -0.0313243], [-0.01860898, 0.00406528, 0.04958738, 0.00147243, 0.02242734, -0.0309784], [-0.02019256, -0.00091321, -0.03036064, -0.00294922, 0.02541346, 0.0505532], [-0.02160642, 0.00561928, 0.05850427, 0.00225529, 0.02460752, -0.03689785], [-0.02357036, -0.00385784, -0.02233599, 0.00256505, 0.03618255, 0.04590635], [-0.0145005, -0.00740619, -0.00727578, 0.01472659, 0.00106685, 0.02177628], [0.05900587, 0.01808838, -0.03082192, -0.04825188, -0.00073589, -0.02818395], [0.02190607, -0.04223162, -0.00701921, 0.05412536, -0.02878786, -0.01488686], [-0.04779323, 0.00476873, -0.03223301, -0.01526869, 0.0171684, 0.08002624], [-0.06483056, 0.01597488, 0.13494153, 0.02624195, 0.02652494, -0.07011098]], "number of molecular orbitals": 72, "number of electrons": 74, "number of unpaired electrons": 0, "orbital energies/eV": [-18.49595018, -17.1763889, -17.00626825, -16.89486015, -16.70878114, -16.44029358, -16.09143208, -15.70670542, -15.42062962, -15.26026843, -15.13244302, -15.06529179, -15.00597028, -14.31986387, -14.14211435, -13.9833208, -13.89158257, -13.5571005, -13.50630231, -13.33291358, -13.02558358, -12.97191162, -12.74257988, -12.58782114, -12.47082265, -12.36445407, -12.29884388, -12.14274693, -12.00841862, -11.87594655, -11.78927153, -11.73680618, -11.58439652, -11.4743446, -11.41031744, -11.34761278, -10.90166725, 0.62767258, 1.30039388, 2.29149603, 2.32806403, 2.64241979, 2.81441244, 2.9475417, 3.13984367, 3.37576898, 3.5259827, 3.74056327, 3.85970879, 4.03759957, 4.15276631, 4.28802572, 4.57998846, 4.79438374, 4.8276124, 4.93256236, 5.2363877, 5.44900449, 5.49363482, 5.64782503, 6.07318215, 6.27960415, 6.49010119, 6.63814802, 7.03527052, 7.12680432, 7.18627997, 7.39911853, 7.56412188, 7.73900066, 8.20511195, 8.53690061], "fractional occupation": [2.0, 2.0, 2.0, 2.0, 2.0, 2.0, 2.0, 2.0, 2.0, 2.0, 2.0, 2.0, 2.0, 2.0, 2.0, 2.0, 2.0, 2.0, 2.0, 2.0, 2.0, 2.0, 2.0, 2.0, 2.0, 2.0, 2.0, 2.0, 2.0, 2.0, 2.0, 2.0, 2.0, 2.0, 2.0, 2.0, 2.0, 0.0, 0.0, 0.0, 0.0, 0.0, 0.0, 0.0, 0.0, 0.0, 0.0, 0.0, 0.0, 0.0, 0.0, 0.0, 0.0, 0.0, 0.0, 0.0, 0.0, 0.0, 0.0, 0.0, 0.0, 0.0, 0.0, 0.0, 0.0, 0.0, 0.0, 0.0, 0.0, 0.0, 0.0, 0.0], "program call": "xtb /home/svss/Project-DBcg-Debug/aqme2_20220329/End-to-End-workflows-final/example-3/QDESCP/mol_20_rdkit_conf_2/mol_20_rdkit_conf_2.xyz --pop --wbo --acc 0.2 --gfn 2 --chrg 0 --uhf 0 --etemp 300 --input /home/svss/Project-DBcg-Debug/aqme2_20220329/End-to-End-workflows-final/example-3/QDESCP/mol_20_rdkit_conf_2/mol_20_rdkit_conf_2_xtb.inp", "method": "GFN2-xTB", "xtb version": "6.3.3 (7355c4f)", "Dipole module/D": 1.902, "Total charge": 0, "Transition dipole module/D": NaN, "HOMO": -10.9017, "LUMO": 0.6277, "HOMO occupancy": 2.0, "LUMO occupancy": 0, "mulliken charges": [-0.08347, -0.03849, -0.04659, -0.04546, -0.04523, -0.04557, -0.0444, -0.04734, -0.07365, 0.22569, -0.09354, -0.57053, 0.02677, 0.02666, 0.0282, 0.02209, 0.02196, 0.02265, 0.02285, 0.02247, 0.0227, 0.02274, 0.0232, 0.02263, 0.02323, 0.02459, 0.02275, 0.02441, 0.02136, 0.0235, 0.03549, 0.00761, 0.04379, 0.02426, 0.0393, 0.33334], "cm5 charges": [-0.2338, -0.15101, -0.15722, -0.15614, -0.15595, -0.1563, -0.15519, -0.15794, -0.1798, 0.17615, -0.23847, -0.78069, 0.07807, 0.07794, 0.07898, 0.0768, 0.07667, 0.07798, 0.07819, 0.07783, 0.07805, 0.0781, 0.07856, 0.07798, 0.07859, 0.07996, 0.07811, 0.08046, 0.07693, 0.08114, 0.093, 0.07359, 0.0974, 0.07649, 0.09298, 0.50257], "FUKUI+": [0.005, -0.009, -0.011, -0.012, -0.012, -0.012, -0.008, -0.015, -0.004, -0.029, 0.022, -0.093, -0.022, -0.022, -0.039, -0.025, -0.025, -0.029, -0.029, -0.032, -0.032, -0.034, -0.034, -0.034, -0.034, -0.035, -0.035, -0.037, -0.037, -0.033, -0.039, -0.05, -0.038, -0.041, -0.032, -0.056], "FUKUI-": [0.012, 0.001, -0.0, -0.0, -0.003, -0.004, -0.005, -0.0, -0.008, -0.003, 0.017, -0.097, -0.042, -0.043, -0.052, -0.054, -0.053, -0.046, -0.047, -0.034, -0.034, -0.027, -0.027, -0.026, -0.026, -0.025, -0.025, -0.026, -0.027, -0.031, -0.036, -0.072, -0.046, -0.029, -0.042, -0.041], "FUKUIrad": [0.009, -0.004, -0.006, -0.006, -0.007, -0.008, -0.006, -0.008, -0.006, -0.016, 0.02, -0.095, -0.032, -0.032, -0.046, -0.039, -0.039, -0.038, -0.038, -0.033, -0.033, -0.03, -0.03, -0.03, -0.03, -0.03, -0.03, -0.031, -0.032, -0.032, -0.038, -0.061, -0.042, -0.035, -0.037, -0.048], "s proportion": [1.007, 1.027, 1.032, 1.032, 1.032, 1.033, 1.033, 1.032, 1.043, 1.016, 1.012, 1.699, 0.973, 0.973, 0.972, 0.978, 0.978, 0.977, 0.977, 0.978, 0.977, 0.977, 0.977, 0.977, 0.977, 0.975, 0.977, 0.976, 0.979, 0.977, 0.965, 0.992, 0.956, 0.976, 0.961, 0.667], "p proportion": [3.076, 3.011, 3.014, 3.013, 3.013, 3.013, 3.012, 3.015, 3.03, 2.758, 3.082, 4.872, 0.0, 0.0, 0.0, 0.0, 0.0, 0.0, 0.0, 0.0, 0.0, 0.0, 0.0, 0.0, 0.0, 0.0, 0.0, 0.0, 0.0, 0.0, 0.0, 0.0, 0.0, 0.0, 0.0, 0.0], "d proportion": [0.0, 0.0, 0.0, 0.0, 0.0, 0.0, 0.0, 0.0, 0.0, 0.0, 0.0, 0.0, 0.0, 0.0, 0.0, 0.0, 0.0, 0.0, 0.0, 0.0, 0.0, 0.0, 0.0, 0.0, 0.0, 0.0, 0.0, 0.0, 0.0, 0.0, 0.0, 0.0, 0.0, 0.0, 0.0, 0.0], "Fermi-level/eV": -5.137, "Coordination numbers": [3.75, 3.8, 3.802, 3.802, 3.802, 3.802, 3.802, 3.801, 3.801, 3.723, 3.75, 1.653, 0.924, 0.924, 0.924, 0.924, 0.924, 0.924, 0.924, 0.924, 0.924, 0.924, 0.924, 0.924, 0.924, 0.924, 0.924, 0.924, 0.924, 0.924, 0.924, 0.924, 0.924, 0.924, 0.924, 0.804], "Dispersion coefficient C6": [22.475, 21.506, 21.623, 21.618, 21.615, 21.621, 21.612, 21.655, 21.855, 18.719, 22.642, 21.883, 2.553, 2.555, 2.568, 2.607, 2.609, 2.589, 2.586, 2.606, 2.603, 2.599, 2.591, 2.597, 2.59, 2.565, 2.598, 2.516, 2.606, 2.641, 2.413, 2.86, 2.309, 2.473, 2.316, 0.782], "Total dispersion C6": 8694.191621, "Total dispersion C8": 181368.783501, "Polarizability alpha": [6.761, 6.603, 6.62, 6.62, 6.619, 6.62, 6.619, 6.625, 6.656, 6.178, 6.786, 6.315, 2.499, 2.5, 2.506, 2.525, 2.526, 2.516, 2.515, 2.525, 2.523, 2.521, 2.517, 2.52, 2.517, 2.505, 2.521, 2.481, 2.525, 2.541, 2.429, 2.645, 2.376, 2.459, 2.38, 1.389], "Total polarizability alpha": 137.983353, "Wiberg matrix": [[0.0, 1.0200872093605406, 0.0, 0.0, 0.0, 0.0, 0.0, 0.0, 0.0, 0.0, 0.0, 0.0, 0.9877144425605638, 0.9877190671503786, 0.9873995626802418, 0.0, 0.0, 0.0, 0.0, 0.0, 0.0, 0.0, 0.0, 0.0, 0.0, 0.0, 0.0, 0.0, 0.0, 0.0, 0.0, 0.0, 0.0, 0.0, 0.0, 0.0], [1.0200872093605406, 0.0, 1.0077291617558608, 0.0, 0.0, 0.0, 0.0, 0.0, 0.0, 0.0, 0.0, 0.0, 0.0, 0.0, 0.0, 0.9780975335398292, 0.9781048666970085, 0.0, 0.0, 0.0, 0.0, 0.0, 0.0, 0.0, 0.0, 0.0, 0.0, 0.0, 0.0, 0.0, 0.0, 0.0, 0.0, 0.0, 0.0, 0.0], [0.0, 1.0077291617558608, 0.0, 1.0070906485442652, 0.0, 0.0, 0.0, 0.0, 0.0, 0.0, 0.0, 0.0, 0.0, 0.0, 0.0, 0.0, 0.0, 0.9772204233677061, 0.9772127026732682, 0.0, 0.0, 0.0, 0.0, 0.0, 0.0, 0.0, 0.0, 0.0, 0.0, 0.0, 0.0, 0.0, 0.0, 0.0, 0.0, 0.0], [0.0, 0.0, 1.0070906485442652, 0.0, 1.006937208683742, 0.0, 0.0, 0.0, 0.0, 0.0, 0.0, 0.0, 0.0, 0.0, 0.0, 0.0, 0.0, 0.0, 0.0, 0.9773390271960398, 0.9773261330496755, 0.0, 0.0, 0.0, 0.0, 0.0, 0.0, 0.0, 0.0, 0.0, 0.0, 0.0, 0.0, 0.0, 0.0, 0.0], [0.0, 0.0, 0.0, 1.006937208683742, 0.0, 1.0068431915439917, 0.0, 0.0, 0.0, 0.0, 0.0, 0.0, 0.0, 0.0, 0.0, 0.0, 0.0, 0.0, 0.0, 0.0, 0.0, 0.977312123049512, 0.9772813799250459, 0.0, 0.0, 0.0, 0.0, 0.0, 0.0, 0.0, 0.0, 0.0, 0.0, 0.0, 0.0, 0.0], [0.0, 0.0, 0.0, 0.0, 1.0068431915439917, 0.0, 1.0068453216006252, 0.0, 0.0, 0.0, 0.0, 0.0, 0.0, 0.0, 0.0, 0.0, 0.0, 0.0, 0.0, 0.0, 0.0, 0.0, 0.0, 0.9772747681259994, 0.9772299362520808, 0.0, 0.0, 0.0, 0.0, 0.0, 0.0, 0.0, 0.0, 0.0, 0.0, 0.0], [0.0, 0.0, 0.0, 0.0, 0.0, 1.0068453216006252, 0.0, 1.0066012704642346, 0.0, 0.0, 0.0, 0.0, 0.0, 0.0, 0.0, 0.0, 0.0, 0.0, 0.0, 0.0, 0.0, 0.0, 0.0, 0.0, 0.0, 0.9772811254043269, 0.977202420109923, 0.0, 0.0, 0.0, 0.0, 0.0, 0.0, 0.0, 0.0, 0.0], [0.0, 0.0, 0.0, 0.0, 0.0, 0.0, 1.0066012704642346, 0.0, 1.0067542826010967, 0.0, 0.0, 0.0, 0.0, 0.0, 0.0, 0.0, 0.0, 0.0, 0.0, 0.0, 0.0, 0.0, 0.0, 0.0, 0.0, 0.0, 0.0, 0.9752182837053511, 0.9771203030738203, 0.0, 0.0, 0.0, 0.0, 0.0, 0.0, 0.0], [0.0, 0.0, 0.0, 0.0, 0.0, 0.0, 0.0, 1.0067542826010967, 0.0, 0.9887322978421547, 0.0, 0.0, 0.0, 0.0, 0.0, 0.0, 0.0, 0.0, 0.0, 0.0, 0.0, 0.0, 0.0, 0.0, 0.0, 0.0, 0.0, 0.0, 0.0, 0.9736938386869964, 0.9753778772625483, 0.0, 0.0, 0.0, 0.0, 0.0], [0.0, 0.0, 0.0, 0.0, 0.0, 0.0, 0.0, 0.0, 0.9887322978421547, 0.0, 1.0090586515649145, 0.9764859008692727, 0.0, 0.0, 0.0, 0.0, 0.0, 0.0, 0.0, 0.0, 0.0, 0.0, 0.0, 0.0, 0.0, 0.0, 0.0, 0.0, 0.0, 0.0, 0.0, 0.9646388991546643, 0.0, 0.0, 0.0, 0.0], [0.0, 0.0, 0.0, 0.0, 0.0, 0.0, 0.0, 0.0, 0.0, 1.0090586515649145, 0.0, 0.0, 0.0, 0.0, 0.0, 0.0, 0.0, 0.0, 0.0, 0.0, 0.0, 0.0, 0.0, 0.0, 0.0, 0.0, 0.0, 0.0, 0.0, 0.0, 0.0, 0.0, 0.9840951324257453, 0.9835575079104857, 0.985089713537816, 0.0], [0.0, 0.0, 0.0, 0.0, 0.0, 0.0, 0.0, 0.0, 0.0, 0.9764859008692727, 0.0, 0.0, 0.0, 0.0, 0.0, 0.0, 0.0, 0.0, 0.0, 0.0, 0.0, 0.0, 0.0, 0.0, 0.0, 0.0, 0.0, 0.0, 0.0, 0.0, 0.0, 0.0, 0.0, 0.0, 0.0, 0.9048128978514939], [0.9877144425605638, 0.0, 0.0, 0.0, 0.0, 0.0, 0.0, 0.0, 0.0, 0.0, 0.0, 0.0, 0.0, 0.0, 0.0, 0.0, 0.0, 0.0, 0.0, 0.0, 0.0, 0.0, 0.0, 0.0, 0.0, 0.0, 0.0, 0.0, 0.0, 0.0, 0.0, 0.0, 0.0, 0.0, 0.0, 0.0], [0.9877190671503786, 0.0, 0.0, 0.0, 0.0, 0.0, 0.0, 0.0, 0.0, 0.0, 0.0, 0.0, 0.0, 0.0, 0.0, 0.0, 0.0, 0.0, 0.0, 0.0, 0.0, 0.0, 0.0, 0.0, 0.0, 0.0, 0.0, 0.0, 0.0, 0.0, 0.0, 0.0, 0.0, 0.0, 0.0, 0.0], [0.9873995626802418, 0.0, 0.0, 0.0, 0.0, 0.0, 0.0, 0.0, 0.0, 0.0, 0.0, 0.0, 0.0, 0.0, 0.0, 0.0, 0.0, 0.0, 0.0, 0.0, 0.0, 0.0, 0.0, 0.0, 0.0, 0.0, 0.0, 0.0, 0.0, 0.0, 0.0, 0.0, 0.0, 0.0, 0.0, 0.0], [0.0, 0.9780975335398292, 0.0, 0.0, 0.0, 0.0, 0.0, 0.0, 0.0, 0.0, 0.0, 0.0, 0.0, 0.0, 0.0, 0.0, 0.0, 0.0, 0.0, 0.0, 0.0, 0.0, 0.0, 0.0, 0.0, 0.0, 0.0, 0.0, 0.0, 0.0, 0.0, 0.0, 0.0, 0.0, 0.0, 0.0], [0.0, 0.9781048666970085, 0.0, 0.0, 0.0, 0.0, 0.0, 0.0, 0.0, 0.0, 0.0, 0.0, 0.0, 0.0, 0.0, 0.0, 0.0, 0.0, 0.0, 0.0, 0.0, 0.0, 0.0, 0.0, 0.0, 0.0, 0.0, 0.0, 0.0, 0.0, 0.0, 0.0, 0.0, 0.0, 0.0, 0.0], [0.0, 0.0, 0.9772204233677061, 0.0, 0.0, 0.0, 0.0, 0.0, 0.0, 0.0, 0.0, 0.0, 0.0, 0.0, 0.0, 0.0, 0.0, 0.0, 0.0, 0.0, 0.0, 0.0, 0.0, 0.0, 0.0, 0.0, 0.0, 0.0, 0.0, 0.0, 0.0, 0.0, 0.0, 0.0, 0.0, 0.0], [0.0, 0.0, 0.9772127026732682, 0.0, 0.0, 0.0, 0.0, 0.0, 0.0, 0.0, 0.0, 0.0, 0.0, 0.0, 0.0, 0.0, 0.0, 0.0, 0.0, 0.0, 0.0, 0.0, 0.0, 0.0, 0.0, 0.0, 0.0, 0.0, 0.0, 0.0, 0.0, 0.0, 0.0, 0.0, 0.0, 0.0], [0.0, 0.0, 0.0, 0.9773390271960398, 0.0, 0.0, 0.0, 0.0, 0.0, 0.0, 0.0, 0.0, 0.0, 0.0, 0.0, 0.0, 0.0, 0.0, 0.0, 0.0, 0.0, 0.0, 0.0, 0.0, 0.0, 0.0, 0.0, 0.0, 0.0, 0.0, 0.0, 0.0, 0.0, 0.0, 0.0, 0.0], [0.0, 0.0, 0.0, 0.9773261330496755, 0.0, 0.0, 0.0, 0.0, 0.0, 0.0, 0.0, 0.0, 0.0, 0.0, 0.0, 0.0, 0.0, 0.0, 0.0, 0.0, 0.0, 0.0, 0.0, 0.0, 0.0, 0.0, 0.0, 0.0, 0.0, 0.0, 0.0, 0.0, 0.0, 0.0, 0.0, 0.0], [0.0, 0.0, 0.0, 0.0, 0.977312123049512, 0.0, 0.0, 0.0, 0.0, 0.0, 0.0, 0.0, 0.0, 0.0, 0.0, 0.0, 0.0, 0.0, 0.0, 0.0, 0.0, 0.0, 0.0, 0.0, 0.0, 0.0, 0.0, 0.0, 0.0, 0.0, 0.0, 0.0, 0.0, 0.0, 0.0, 0.0], [0.0, 0.0, 0.0, 0.0, 0.9772813799250459, 0.0, 0.0, 0.0, 0.0, 0.0, 0.0, 0.0, 0.0, 0.0, 0.0, 0.0, 0.0, 0.0, 0.0, 0.0, 0.0, 0.0, 0.0, 0.0, 0.0, 0.0, 0.0, 0.0, 0.0, 0.0, 0.0, 0.0, 0.0, 0.0, 0.0, 0.0], [0.0, 0.0, 0.0, 0.0, 0.0, 0.9772747681259994, 0.0, 0.0, 0.0, 0.0, 0.0, 0.0, 0.0, 0.0, 0.0, 0.0, 0.0, 0.0, 0.0, 0.0, 0.0, 0.0, 0.0, 0.0, 0.0, 0.0, 0.0, 0.0, 0.0, 0.0, 0.0, 0.0, 0.0, 0.0, 0.0, 0.0], [0.0, 0.0, 0.0, 0.0, 0.0, 0.9772299362520808, 0.0, 0.0, 0.0, 0.0, 0.0, 0.0, 0.0, 0.0, 0.0, 0.0, 0.0, 0.0, 0.0, 0.0, 0.0, 0.0, 0.0, 0.0, 0.0, 0.0, 0.0, 0.0, 0.0, 0.0, 0.0, 0.0, 0.0, 0.0, 0.0, 0.0], [0.0, 0.0, 0.0, 0.0, 0.0, 0.0, 0.9772811254043269, 0.0, 0.0, 0.0, 0.0, 0.0, 0.0, 0.0, 0.0, 0.0, 0.0, 0.0, 0.0, 0.0, 0.0, 0.0, 0.0, 0.0, 0.0, 0.0, 0.0, 0.0, 0.0, 0.0, 0.0, 0.0, 0.0, 0.0, 0.0, 0.0], [0.0, 0.0, 0.0, 0.0, 0.0, 0.0, 0.977202420109923, 0.0, 0.0, 0.0, 0.0, 0.0, 0.0, 0.0, 0.0, 0.0, 0.0, 0.0, 0.0, 0.0, 0.0, 0.0, 0.0, 0.0, 0.0, 0.0, 0.0, 0.0, 0.0, 0.0, 0.0, 0.0, 0.0, 0.0, 0.0, 0.0], [0.0, 0.0, 0.0, 0.0, 0.0, 0.0, 0.0, 0.9752182837053511, 0.0, 0.0, 0.0, 0.0, 0.0, 0.0, 0.0, 0.0, 0.0, 0.0, 0.0, 0.0, 0.0, 0.0, 0.0, 0.0, 0.0, 0.0, 0.0, 0.0, 0.0, 0.0, 0.0, 0.0, 0.0, 0.0, 0.0, 0.0], [0.0, 0.0, 0.0, 0.0, 0.0, 0.0, 0.0, 0.9771203030738203, 0.0, 0.0, 0.0, 0.0, 0.0, 0.0, 0.0, 0.0, 0.0, 0.0, 0.0, 0.0, 0.0, 0.0, 0.0, 0.0, 0.0, 0.0, 0.0, 0.0, 0.0, 0.0, 0.0, 0.0, 0.0, 0.0, 0.0, 0.0], [0.0, 0.0, 0.0, 0.0, 0.0, 0.0, 0.0, 0.0, 0.9736938386869964, 0.0, 0.0, 0.0, 0.0, 0.0, 0.0, 0.0, 0.0, 0.0, 0.0, 0.0, 0.0, 0.0, 0.0, 0.0, 0.0, 0.0, 0.0, 0.0, 0.0, 0.0, 0.0, 0.0, 0.0, 0.0, 0.0, 0.0], [0.0, 0.0, 0.0, 0.0, 0.0, 0.0, 0.0, 0.0, 0.9753778772625483, 0.0, 0.0, 0.0, 0.0, 0.0, 0.0, 0.0, 0.0, 0.0, 0.0, 0.0, 0.0, 0.0, 0.0, 0.0, 0.0, 0.0, 0.0, 0.0, 0.0, 0.0, 0.0, 0.0, 0.0, 0.0, 0.0, 0.0], [0.0, 0.0, 0.0, 0.0, 0.0, 0.0, 0.0, 0.0, 0.0, 0.9646388991546643, 0.0, 0.0, 0.0, 0.0, 0.0, 0.0, 0.0, 0.0, 0.0, 0.0, 0.0, 0.0, 0.0, 0.0, 0.0, 0.0, 0.0, 0.0, 0.0, 0.0, 0.0, 0.0, 0.0, 0.0, 0.0, 0.0], [0.0, 0.0, 0.0, 0.0, 0.0, 0.0, 0.0, 0.0, 0.0, 0.0, 0.9840951324257453, 0.0, 0.0, 0.0, 0.0, 0.0, 0.0, 0.0, 0.0, 0.0, 0.0, 0.0, 0.0, 0.0, 0.0, 0.0, 0.0, 0.0, 0.0, 0.0, 0.0, 0.0, 0.0, 0.0, 0.0, 0.0], [0.0, 0.0, 0.0, 0.0, 0.0, 0.0, 0.0, 0.0, 0.0, 0.0, 0.9835575079104857, 0.0, 0.0, 0.0, 0.0, 0.0, 0.0, 0.0, 0.0, 0.0, 0.0, 0.0, 0.0, 0.0, 0.0, 0.0, 0.0, 0.0, 0.0, 0.0, 0.0, 0.0, 0.0, 0.0, 0.0, 0.0], [0.0, 0.0, 0.0, 0.0, 0.0, 0.0, 0.0, 0.0, 0.0, 0.0, 0.985089713537816, 0.0, 0.0, 0.0, 0.0, 0.0, 0.0, 0.0, 0.0, 0.0, 0.0, 0.0, 0.0, 0.0, 0.0, 0.0, 0.0, 0.0, 0.0, 0.0, 0.0, 0.0, 0.0, 0.0, 0.0, 0.0], [0.0, 0.0, 0.0, 0.0, 0.0, 0.0, 0.0, 0.0, 0.0, 0.0, 0.0, 0.9048128978514939, 0.0, 0.0, 0.0, 0.0, 0.0, 0.0, 0.0, 0.0, 0.0, 0.0, 0.0, 0.0, 0.0, 0.0, 0.0, 0.0, 0.0, 0.0, 0.0, 0.0, 0.0, 0.0, 0.0, 0.0]], "Born radii": [], "Atomic SASAs": [], "Solvent H bonds": [], "Total SASA": NaN, "Total FOD": 0.0, "FOD": [0.0, 0.0, 0.0, 0.0, 0.0, 0.0, 0.0, 0.0, 0.0, 0.0, 0.0, 0.0, 0.0, 0.0, 0.0, 0.0, 0.0, 0.0, 0.0, 0.0, 0.0, 0.0, 0.0, 0.0, 0.0, 0.0, 0.0, 0.0, 0.0, 0.0, 0.0, 0.0, 0.0, 0.0, 0.0, 0.0], "FOD s proportion": [0.0, 0.0, 0.0, 0.0, 0.0, 0.0, 0.0, 0.0, 0.0, 0.0, 0.0, 0.0, 0.0, 0.0, 0.0, 0.0, 0.0, 0.0, 0.0, 0.0, 0.0, 0.0, 0.0, 0.0, 0.0, 0.0, 0.0, 0.0, 0.0, 0.0, 0.0, 0.0, 0.0, 0.0, 0.0, 0.0], "FOD p proportion": [0.0, 0.0, 0.0, 0.0, 0.0, 0.0, 0.0, 0.0, 0.0, 0.0, 0.0, 0.0, 0.0, 0.0, 0.0, 0.0, 0.0, 0.0, 0.0, 0.0, 0.0, 0.0, 0.0, 0.0, 0.0, 0.0, 0.0, 0.0, 0.0, 0.0, 0.0, 0.0, 0.0, 0.0, 0.0, 0.0], "FOD d proportion": [0.0, 0.0, 0.0, 0.0, 0.0, 0.0, 0.0, 0.0, 0.0, 0.0, 0.0, 0.0, 0.0, 0.0, 0.0, 0.0, 0.0, 0.0, 0.0, 0.0, 0.0, 0.0, 0.0, 0.0, 0.0, 0.0, 0.0, 0.0, 0.0, 0.0, 0.0, 0.0, 0.0, 0.0, 0.0, 0.0], "coordinates": [["6.39220", "0.33050", "-0.17030"], ["5.10730", "-0.24920", "0.39940"], ["3.87390", "0.37110", "-0.25650"], ["2.58360", "-0.21460", "0.31930"], ["1.34930", "0.40610", "-0.33710"], ["0.05900", "-0.17980", "0.23880"], ["-1.17530", "0.44090", "-0.41770"], ["-2.46640", "-0.14480", "0.15890"], ["-3.69860", "0.47470", "-0.50160"], ["-5.02250", "0.00640", "0.11190"], ["-5.28290", "-1.48150", "-0.07450"], ["-6.09220", "0.71020", "-0.51980"], ["6.46380", "0.14310", "-1.24640"], ["6.44180", "1.41160", "-0.00540"], ["7.26120", "-0.12700", "0.31280"], ["5.10400", "-1.33470", "0.24690"], ["5.08210", "-0.07330", "1.48110"], ["3.88420", "1.45740", "-0.10470"], ["3.90610", "0.19600", "-1.33880"], ["2.55150", "-0.03930", "1.40150"], ["2.57340", "-1.30080", "0.16720"], ["1.35950", "1.49220", "-0.18500"], ["1.38140", "0.23070", "-1.41930"], ["0.02680", "-0.00430", "1.32100"], ["0.04900", "-1.26590", "0.08680"], ["-1.14380", "0.26510", "-1.49980"], ["-1.16440", "1.52710", "-0.26580"], ["-2.46500", "-1.23010", "0.00840"], ["-2.49980", "0.03500", "1.24010"], ["-3.64330", "1.56840", "-0.42350"], ["-3.69570", "0.25930", "-1.57810"], ["-5.05330", "0.24940", "1.18000"], ["-6.28490", "-1.74060", "0.28530"], ["-4.55760", "-2.09350", "0.46850"], ["-5.25100", "-1.75490", "-1.13490"], ["-5.95340", "1.65940", "-0.36050"]], "bond_dist": [[0.0, 1.5203875131031557, 2.5201019205579764, 3.8784373309362623, 5.046224133944111, 6.366882372087613, 7.572347797744105, 8.877447645015993, 10.097266856431991, 11.422786601350827, 11.815264772742083, 12.495061652508964, 1.0946399088284693, 1.0947279936130252, 1.0944646453860443, 2.146253973787818, 2.1462847923796136, 2.750321975696664, 2.7503046576697647, 4.166327371918822, 4.166326845075887, 5.1650587866935265, 5.165082543386891, 6.546325984092146, 6.54605068801029, 7.65265597096851, 7.6513512120409155, 8.995409823348794, 9.008008237673852, 10.11473019412777, 10.185906768177293, 11.525161931617273, 12.853244375643062, 11.233074444692335, 11.867748419982622, 12.418373106409712], [1.5203875131031557, 0.0, 1.5284804414842872, 2.525207884511689, 3.8851530651957593, 5.051330677158248, 6.3729862058535796, 7.578236688042939, 8.881424830510024, 10.137101935464592, 10.473748160997571, 11.278039601366897, 2.168559240601925, 2.1686424163517595, 2.1591011115739804, 1.09616485530234, 1.0961983123504617, 2.15929941879305, 2.159264624820219, 2.753248274311636, 2.7532578175681266, 4.173727609703346, 4.173763830165766, 5.169216847840687, 5.1689260528663015, 6.55345072004055, 6.552247982181384, 7.645572123785113, 7.658688956995186, 8.975178802118652, 9.036696713954719, 10.202731530330494, 11.489974482565225, 9.839538063852387, 10.579016394258966, 11.24985717509338], [2.5201019205579764, 1.5284804414842872, 0.0, 1.5295307188807943, 2.526128761563828, 3.8861645500415958, 5.052254756047046, 6.374803060487437, 7.577173828017937, 8.911490201419737, 9.344101722477127, 9.975342846739656, 2.78198993887469, 2.782049940241907, 3.470735857134622, 2.1624780253218763, 2.162519909734937, 1.0969033776955928, 1.0968455406300377, 2.1601235890568855, 2.1601091523346683, 2.753939872255747, 2.7539739014740134, 4.174878419786617, 4.174623803410315, 5.170526489633333, 5.169225220475501, 6.543368143395265, 6.555671320314953, 7.613784350111316, 7.684918344393777, 9.042855908395312, 10.390093434132341, 8.814197093893466, 9.410380575194608, 9.911930093579153], [3.8784373309362623, 2.525207884511689, 1.5295307188807943, 0.0, 1.5295835838554233, 2.526122809762027, 3.886152140614158, 5.053028814483449, 6.372993656045799, 7.6121359006523255, 7.977589629706457, 8.765206756831239, 4.19944256062635, 4.199483750415043, 4.678424710305809, 2.759036413315344, 2.7590301158196873, 2.1603056172680755, 2.1602995671896985, 1.096775884125832, 1.096844970814016, 2.1600707256939526, 2.1601636257469017, 2.7540615860942546, 2.7538128295147444, 4.175254203039619, 4.174130436390315, 5.15909498071125, 5.17214929792248, 6.5195954207297255, 6.576801385171974, 7.699242956291223, 8.998895723920798, 7.385747307483515, 8.115921321082407, 8.76666259416889], [5.046224133944111, 3.8851530651957593, 2.526128761563828, 1.5295835838554233, 0.0, 1.5296449620745334, 2.526125998441091, 3.8870391431010827, 5.05104549771629, 6.400093462598808, 6.9005847114574275, 7.44995156695666, 5.201356144314672, 5.2014047516031665, 5.971358909829487, 4.179618730219301, 4.179649679099913, 2.7540805108057387, 2.7540463213243163, 2.1601842421423223, 2.160149742494719, 1.096745941410316, 1.0967918717787801, 2.160261562866867, 2.1601053909473955, 2.754505382096757, 2.753254870149148, 4.164781528483816, 4.176223875703983, 5.126837330167596, 5.1974663288952625, 6.581750075777718, 7.954666070301129, 6.4643993634366375, 6.990734291188589, 7.4095030697071715], [6.366882372087613, 5.051330677158248, 3.8861645500415958, 2.526122809762027, 1.5296449620745334, 0.0, 1.5296265001627032, 2.5269060469277447, 3.8853725908849466, 5.086493517149117, 5.507129505468343, 6.261376478059757, 6.582670164150715, 6.582729178691768, 7.202773679632035, 5.175508150896876, 5.17553718467948, 4.174993548498009, 4.174952192540652, 2.753936780320129, 2.753901762953791, 2.1602061684015257, 2.1602193453443563, 1.0968107995456644, 1.0967302357462385, 2.160415193892137, 2.1598232173027494, 2.7434996355020718, 2.756120129820179, 4.1475136913577515, 4.194246834653392, 5.21590657220775, 6.533247745187688, 5.002799750139916, 5.706495570838552, 6.315914097737556], [7.572347797744105, 6.3729862058535796, 5.052254756047046, 3.886152140614158, 2.526125998441091, 1.5296265001627032, 0.0, 1.530506863754619, 2.5249206997448455, 3.9077121503508927, 4.548162899457318, 4.925327655090573, 7.689686426636654, 7.689763467753738, 8.487088600338751, 6.55927259762849, 6.5593366920748934, 5.170085250747805, 5.170012299791946, 4.174819627241398, 4.174730960193723, 2.7540138017083353, 2.7539247429804616, 2.1601678499598127, 2.1602307700799006, 1.0967398506482748, 1.096823987702676, 2.153399243057357, 2.160406420097848, 2.7133584153222365, 2.78063353932157, 4.198595186487976, 5.600103874929465, 4.318389409258966, 4.684788572603891, 4.931354144654387], [8.877447645015993, 7.578236688042939, 6.374803060487437, 5.053028814483449, 3.8870391431010827, 2.5269060469277447, 1.530506863754619, 0.0, 1.5291688395988192, 2.560999345958526, 3.1263260706458627, 3.786566298112315, 9.044679460323621, 9.044633916859212, 9.728833630502681, 7.663847739223425, 7.663757390471074, 6.554895129595896, 6.554998564454459, 5.170542081832426, 5.17068553772128, 4.175589421866091, 4.1757969694418815, 2.7543171386025977, 2.754868559477929, 2.160688422702357, 2.1612088515458194, 1.0956862233322093, 1.0965569023083115, 2.158549885918785, 2.166020383098922, 2.808930483297869, 4.140470607310237, 2.8751350037867787, 3.467035853578673, 3.9603134976918177], [10.097266856431991, 8.881424830510024, 7.577173828017937, 6.372993656045799, 5.05104549771629, 3.8853725908849466, 2.5249206997448455, 1.5291688395988192, 0.0, 1.5324484820051865, 2.553260531164025, 2.4052260704557487, 10.195050728662412, 10.195671052461432, 11.006475652542006, 9.017757335945563, 9.018430893453694, 7.656506039963659, 7.655719405777617, 6.55360478057687, 6.552684769619244, 5.169131205531545, 5.167988901884368, 4.1749151991387805, 4.173776309291143, 2.75087957569938, 2.7541454282590085, 2.165227932574305, 2.1596241385944914, 1.0978785861833722, 1.0978423475162544, 2.171117394338685, 3.4950984807298355, 2.8765650088256307, 2.7896470762445924, 2.550989286531796], [11.422786601350827, 10.137101935464592, 8.911490201419737, 7.6121359006523255, 6.400093462598808, 5.086493517149117, 3.9077121503508927, 2.560999345958526, 1.5324484820051865, 0.0, 1.5219722500755393, 1.427808607622184, 11.567141110490525, 11.550693521170059, 12.286066989073435, 10.215810122550243, 10.197254625142984, 9.026717091501208, 9.047672441573026, 7.683139504785788, 7.707757568839332, 6.5593959516101785, 6.588233385362119, 5.192058145860849, 5.228717773030019, 4.208184438686119, 4.164147138370593, 2.8426133662529627, 2.7636332046782184, 2.1514390068045155, 2.163436305972515, 1.0958262864158714, 2.162343709959173, 2.1801090752528878, 2.170000041474654, 1.9550308360739481], [11.815264772742083, 10.473748160997571, 9.344101722477127, 7.977589629706457, 6.9005847114574275, 5.507129505468343, 4.548162899457318, 3.1263260706458627, 2.553260531164025, 1.5219722500755393, 0.0, 2.3784043958082486, 11.916276081897399, 12.076563770791754, 12.62295988863151, 10.392908149791378, 10.575260923494984, 9.626721542664459, 9.42603743574149, 8.101625775114522, 7.862093936732121, 7.2785011987359045, 7.010920793305257, 5.685284001701234, 5.33869447149769, 4.713198538147953, 5.1039506169241085, 2.830306481637633, 3.4312666786479884, 3.480226884845297, 2.7947095448364574, 2.1500002837209116, 1.095715679362124, 1.0933677743559118, 1.0955424820608282, 3.2243788642155566], [12.495061652508964, 11.278039601366897, 9.975342846739656, 8.765206756831239, 7.44995156695666, 6.261376478059757, 4.925327655090573, 3.786566298112315, 2.4052260704557487, 1.427808607622184, 2.3784043958082486, 0.0, 12.589784985058325, 12.564144432471316, 13.405499549065674, 11.40720558857427, 11.379035703872274, 10.012950255044714, 10.044957218923335, 8.886320590098018, 8.922371509862161, 7.500096528045489, 7.542792417931174, 6.429713515390868, 6.4797586536845655, 5.064106690226817, 5.001505218431746, 4.1473291610384635, 4.056905324258874, 2.596707942761373, 2.6582930519414147, 2.044742010621389, 2.586839759242926, 3.34551457028661, 2.6763190131223147, 0.9724312674940064], [1.0946399088284693, 2.168559240601925, 2.78198993887469, 4.19944256062635, 5.201356144314672, 6.582670164150715, 7.689686426636654, 9.044679460323621, 10.195050728662412, 11.567141110490525, 11.916276081897399, 12.589784985058325, 0.0, 1.774727373429508, 1.7719778243533408, 2.5025774253756867, 3.0651558035440876, 3.1121053227678526, 2.5599151274993477, 4.727656444793762, 4.383870929897458, 5.385213018999342, 5.086094565577797, 6.93168367137451, 6.701668619082862, 7.612796681903438, 7.814503669459756, 9.120508248995776, 9.302714271652118, 10.240220452216837, 10.165577582213418, 11.77039969839597, 12.977818856418054, 11.3760502605254, 11.868082207753702, 12.540767135227414], [1.0947279936130252, 2.1686424163517595, 2.782049940241907, 4.199483750415043, 5.2014047516031665, 6.582729178691768, 7.689763467753738, 9.044633916859212, 10.195671052461432, 11.550693521170059, 12.076563770791754, 12.564144432471316, 1.774727373429508, 0.0, 1.7719925394876808, 3.0652125244426363, 2.5026774362670072, 2.559936696482942, 3.1121396835617774, 4.383938013932222, 4.7277291673698905, 5.086111069373142, 5.385284224625474, 6.70196499319416, 6.931478841488301, 7.815946581828716, 7.61153249024137, 9.290309767171383, 9.132278377820072, 10.094980726083632, 10.323278879793957, 11.61435344778176, 13.114486807344008, 11.554094840358546, 12.166514058677613, 12.402761139762386], [1.0944646453860443, 2.1591011115739804, 3.470735857134622, 4.678424710305809, 5.971358909829487, 7.202773679632035, 8.487088600338751, 9.728833630502681, 11.006475652542006, 12.286066989073435, 12.62295988863151, 13.405499549065674, 1.7719778243533408, 1.7719925394876808, 0.0, 2.473134436297388, 2.473112490365127, 3.7534995151191906, 3.753506037027248, 4.834690586790431, 4.834715569710383, 6.140006219052225, 6.140046232724961, 7.305345021968503, 7.3050666013391, 8.607164816012297, 8.605902633076903, 9.793286241604498, 9.806286263922749, 11.060046975487943, 11.12557360813365, 12.350733704926196, 13.641894531918943, 11.982295196664117, 12.700434738228452, 13.35178680963713], [2.146253973787818, 1.09616485530234, 2.1624780253218763, 2.759036413315344, 4.179618730219301, 5.175508150896876, 6.55927259762849, 7.663847739223425, 9.017757335945563, 10.215810122550243, 10.392908149791378, 11.40720558857427, 2.5025774253756867, 3.0652125244426363, 2.473134436297388, 0.0, 1.7648963737284975, 3.0671415047239017, 2.5084759097906444, 3.086489684090974, 2.532081685096277, 4.711600733296488, 4.368575323832702, 5.357388805192321, 5.058002614669154, 6.681715780396529, 6.909819034533393, 7.57347901627779, 7.7897560147927605, 9.240816146856293, 9.127221980975373, 10.322344293327946, 11.396195530965587, 9.693884595970802, 10.455236213496088, 11.471689689404958], [2.1462847923796136, 1.0961983123504617, 2.162519909734937, 2.7590301158196873, 4.179649679099913, 5.17553718467948, 6.5593366920748934, 7.663757390471074, 9.018430893453694, 10.197254625142984, 10.575260923494984, 11.379035703872274, 3.0651558035440876, 2.5026774362670072, 2.473112490365127, 1.7648963737284975, 0.0, 2.5085391246699738, 3.067137835181197, 2.532079880256545, 3.0865296288874333, 4.368573018732776, 4.711678750721445, 5.05830516082215, 5.357094628621002, 6.911013686862441, 6.680696222700146, 7.775972604118406, 7.586502323205338, 9.080489260496925, 9.30156439745487, 10.145005158204702, 11.550693309494457, 9.901029385372007, 10.790930922306934, 11.3214840060833], [2.750321975696664, 2.15929941879305, 1.0969033776955928, 2.1603056172680755, 2.7540805108057387, 4.174993548498009, 5.170085250747805, 6.554895129595896, 7.656506039963659, 9.026717091501208, 9.626721542664459, 10.012950255044714, 3.1121053227678526, 2.559936696482942, 3.7534995151191906, 3.0671415047239017, 2.5085391246699738, 0.0, 1.7648264447248063, 2.506958041132719, 3.0659082650986154, 2.526216384239482, 3.0817160625210103, 4.364484177998587, 4.707631483028381, 5.352444983369749, 5.05165054808822, 6.895490446661499, 6.677362113888988, 7.535065407148102, 7.814168873271169, 9.109809237300198, 10.667234824920655, 9.176134060158452, 9.738175515464897, 9.842998090013023], [2.7503046576697647, 2.159264624820219, 1.0968455406300377, 2.1602995671896985, 2.7540463213243163, 4.174952192540652, 5.170012299791946, 6.554998564454459, 7.655719405777617, 9.047672441573026, 9.42603743574149, 10.044957218923335, 2.5599151274993477, 3.1121396835617774, 3.753506037027248, 2.5084759097906444, 3.067137835181197, 1.7648264447248063, 0.0, 3.0658687740997657, 2.5068975906486486, 3.081648980659543, 2.526221373910054, 4.707825891003192, 4.364253358823248, 5.052938335265927, 5.350993034942206, 6.6663051430308835, 6.907401900859686, 7.727528467110297, 7.6058289896631255, 9.306882042875584, 10.499742919233785, 8.952226607386566, 9.364831361535561, 10.01540566826926], [4.166327371918822, 2.753248274311636, 2.1601235890568855, 1.096775884125832, 2.1601842421423223, 2.753936780320129, 4.174819627241398, 5.170542081832426, 6.55360478057687, 7.683139504785788, 8.101625775114522, 8.886320590098018, 4.727656444793762, 4.383938013932222, 4.834690586790431, 3.086489684090974, 2.532079880256545, 2.506958041132719, 3.0658687740997657, 0.0, 1.7650377757997133, 2.5066588319913023, 3.06577015609455, 2.526225512498834, 3.081475279797, 4.708019025025281, 4.363646532431333, 5.3407868802265455, 5.054424016641263, 6.655138716059944, 6.927819711857403, 7.613500704669304, 9.067650692985477, 7.458520593924776, 8.381862237593744, 8.85005930488604], [4.166326845075887, 2.7532578175681266, 2.1601091523346683, 1.096844970814016, 2.160149742494719, 2.753901762953791, 4.174730960193723, 5.17068553772128, 6.552684769619244, 7.707757568839332, 7.862093936732121, 8.922371509862161, 4.383870929897458, 4.7277291673698905, 4.834715569710383, 2.532081685096277, 3.0865296288874333, 3.0659082650986154, 2.5068975906486486, 1.7650377757997133, 0.0, 3.0656886746700165, 2.5066588319913023, 3.0817751783671694, 2.525921125055175, 4.364459605724401, 4.7069795251307385, 5.041397672273036, 5.354702072944861, 6.87230631011162, 6.6919054767681825, 7.8482760380863255, 8.869997211949956, 7.181247522540914, 7.944992547510665, 9.041436255927485], [5.1650587866935265, 4.173727609703346, 2.753939872255747, 2.1600707256939526, 1.096745941410316, 2.1602061684015257, 2.7540138017083353, 4.175589421866091, 5.169131205531545, 6.5593959516101785, 7.2785011987359045, 7.500096528045489, 5.385213018999342, 5.086111069373142, 6.140006219052225, 4.711600733296488, 4.368573018732776, 2.526216384239482, 3.081648980659543, 2.5066588319913023, 3.0656886746700165, 0.0, 1.7650377757997135, 2.5067184804042113, 3.065681180423039, 3.082366678382051, 2.5254341923716805, 4.6984168716707115, 4.364463121622177, 5.009061442026839, 5.386633184095609, 6.673213669589788, 8.313184064484558, 6.949559637128096, 7.425946314780359, 7.316916187848539], [5.165082543386891, 4.173763830165766, 2.7539739014740134, 2.1601636257469017, 1.0967918717787801, 2.1602193453443563, 2.7539247429804616, 4.1757969694418815, 5.167988901884368, 6.588233385362119, 7.010920793305257, 7.542792417931174, 5.086094565577797, 5.385284224625474, 6.140046232724961, 4.368575323832702, 4.711678750721445, 3.0817160625210103, 2.526221373910054, 3.06577015609455, 2.5066588319913023, 1.7650377757997135, 0.0, 3.06584576422233, 2.5066787847668075, 2.5267169706953725, 3.0809597287209063, 4.355118470260023, 4.708972317820524, 5.29421089681928, 5.079663355971535, 6.939890076218787, 8.09715014928092, 6.651121370114968, 6.9290851113260254, 7.547286411022177], [6.546325984092146, 5.169216847840687, 4.174878419786617, 2.7540615860942546, 2.160261562866867, 1.0968107995456644, 2.1601678499598127, 2.7543171386025977, 4.1749151991387805, 5.192058145860849, 5.685284001701234, 6.429713515390868, 6.93168367137451, 6.70196499319416, 7.305345021968503, 5.357388805192321, 5.05830516082215, 4.364484177998587, 4.707825891003192, 2.526225512498834, 3.0817751783671694, 2.5067184804042113, 3.06584576422233, 0.0, 1.7650430702960198, 3.0659082438977197, 2.5064073172571133, 3.0715747817691175, 2.5282003203860253, 4.3573271107411715, 4.725597530471676, 5.08838488127618, 6.6275914984253514, 5.109621928283931, 6.078751352868449, 6.431028843039035], [6.54605068801029, 5.1689260528663015, 4.174623803410315, 2.7538128295147444, 2.1601053909473955, 1.0967302357462385, 2.1602307700799006, 2.754868559477929, 4.173776309291143, 5.228717773030019, 5.33869447149769, 6.4797586536845655, 6.701668619082862, 6.931478841488301, 7.3050666013391, 5.058002614669154, 5.357094628621002, 4.707631483028381, 4.364253358823248, 3.081475279797, 2.525921125055175, 3.065681180423039, 2.5066787847668075, 1.7650430702960198, 0.0, 2.506797239507017, 3.0655367099416706, 2.5154769329095426, 3.0852590069554937, 4.682599904967325, 4.372745720940105, 5.433662265912375, 6.354764476359452, 4.695889714420474, 5.460922256359269, 6.692253965593356], [7.65265597096851, 6.55345072004055, 5.170526489633333, 4.175254203039619, 2.754505382096757, 2.160415193892137, 1.0967398506482748, 2.160688422702357, 2.75087957569938, 4.208184438686119, 4.713198538147953, 5.064106690226817, 7.612796681903438, 7.815946581828716, 8.607164816012297, 6.681715780396529, 6.911013686862441, 5.352444983369749, 5.052938335265927, 4.708019025025281, 4.364459605724401, 3.082366678382051, 2.5267169706953725, 3.0659082438977197, 2.506797239507017, 0.0, 1.7651697822022674, 2.5011716694381456, 3.0657354778258346, 3.017368527376131, 2.553107545717571, 4.739806407439022, 5.80002790596735, 4.592518839373444, 4.591584024059672, 5.135594331720527], [7.6513512120409155, 6.552247982181384, 5.169225220475501, 4.174130436390315, 2.753254870149148, 2.1598232173027494, 1.096823987702676, 2.1612088515458194, 2.7541454282590085, 4.164147138370593, 5.1039506169241085, 5.001505218431746, 7.814503669459756, 7.61153249024137, 8.605902633076903, 6.909819034533393, 6.680696222700146, 5.05165054808822, 5.350993034942206, 4.363646532431333, 4.7069795251307385, 2.5254341923716805, 3.0809597287209063, 2.5064073172571133, 3.0655367099416706, 1.7651697822022674, 0.0, 3.0608655377196823, 2.5054720872522207, 2.4842544535534197, 3.1204050730634316, 4.341243847101888, 6.0992700177972115, 5.01614863117113, 5.312923712044057, 4.79176297201771], [8.995409823348794, 7.645572123785113, 6.543368143395265, 5.15909498071125, 4.164781528483816, 2.7434996355020718, 2.153399243057357, 1.0956862233322093, 2.165227932574305, 2.8426133662529627, 2.830306481637633, 4.1473291610384635, 9.120508248995776, 9.290309767171383, 9.793286241604498, 7.57347901627779, 7.775972604118406, 6.895490446661499, 6.6663051430308835, 5.3407868802265455, 5.041397672273036, 4.6984168716707115, 4.355118470260023, 3.0715747817691175, 2.5154769329095426, 2.5011716694381456, 3.0608655377196823, 0.0, 1.7660050792678936, 3.0670068063178473, 2.4999834199450204, 3.2032582942997276, 3.8637960440478745, 2.310005699127169, 3.0568522911648843, 4.544692731087548], [9.008008237673852, 7.658688956995186, 6.555671320314953, 5.17214929792248, 4.176223875703983, 2.756120129820179, 2.160406420097848, 1.0965569023083115, 2.1596241385944914, 2.7636332046782184, 3.4312666786479884, 4.056905324258874, 9.302714271652118, 9.132278377820072, 9.806286263922749, 7.7897560147927605, 7.586502323205338, 6.677362113888988, 6.907401900859686, 5.054424016641263, 5.354702072944861, 4.364463121622177, 4.708972317820524, 2.5282003203860253, 3.0852590069554937, 3.0657354778258346, 2.5054720872522207, 1.7660050792678936, 0.0, 2.5350488693514373, 3.0696479504985583, 2.563189735466339, 4.288517274070376, 3.0594802908337226, 4.05135390332664, 4.138592596523606], [10.11473019412777, 8.975178802118652, 7.613784350111316, 6.5195954207297255, 5.126837330167596, 4.1475136913577515, 2.7133584153222365, 2.158549885918785, 1.0978785861833722, 2.1514390068045155, 3.480226884845297, 2.596707942761373, 10.240220452216837, 10.094980