{"total energy": -56.24228088, "HOMO-LUMO gap/eV": 3.24017333, "electronic energy": -56.89795215, "dipole": [1.25973887, -0.92990633, -0.5879656], "partial charges": [0.03884409, -0.32140148, 0.08215032, -0.0715357, 0.01528387, -0.20819526, 0.26130476, -0.36052535, 0.26259011, -0.19903262, 0.05236605, -0.1152287, -0.10972128, -0.32993667, 0.23242656, -0.120784, -0.05186597, -0.34485783, 0.05795469, 0.0326898, 0.03318054, 0.02667892, 0.02586035, 0.04769345, 0.06488786, 0.06051641, 0.03428402, 0.21063185, 0.18203869, 0.06857819, 0.04788082, 0.04505083, 0.04034635, 0.03827589, 0.04353309, 0.03599257, 0.06649155, 0.06201298, 0.06354022], "atomic dipole moments": [[-0.14874012, -0.13300218, -0.08692972], [0.2351381, -0.1069315, 0.11126353], [-0.1013125, 0.17610732, -0.03491304], [-0.00505468, 0.06888586, 0.11546484], [0.02123278, 0.1571249, -0.05132634], [0.03047278, -0.07602747, 0.16123216], [0.0201845, -0.00426285, -0.01254656], [-0.02257531, 0.2755538, 0.08617012], [-0.01572674, -0.00933871, 0.01079924], [-0.07830744, 0.08683816, -0.10345028], [0.09667701, -0.09027495, -0.08667962], [0.0542237, 0.09156376, -0.06633105], [0.05737956, -0.01972451, 0.09327052], [0.20614909, -0.09514354, -0.16189679], [-0.0010371, 0.03866888, 0.01223066], [0.22309667, -0.20792346, -0.26534525], [-0.10870206, -0.07544212, 0.09732399], [-0.18218899, -0.19830958, 0.0746008], [-0.03129854, 0.12329756, -0.00526977], [0.00968591, -0.03114941, 0.1171689], [0.10235299, -0.01564037, -0.06420229], [0.09827806, -0.01920672, -0.0615907], [0.01596423, -0.03474626, 0.11346542], [0.02879231, -0.12075931, -0.00202982], [-0.01348237, 0.0375092, -0.12400265], [-0.07733109, -0.08825684, -0.04278766], [0.01584177, -0.02049173, 0.12193625], [0.08102789, 0.09703885, 0.02809571], [0.02542249, -0.08617717, -0.09594365], [-0.01331563, 0.10811954, 0.08035399], [0.06023929, -0.02483753, 0.11017926], [-0.12046975, 0.03019576, 0.02928297], [-0.00408085, -0.11089672, -0.0608983], [0.05020856, 0.09682131, -0.06927698], [-0.12107343, 0.03200448, 0.02037507], [-0.0021431, -0.09831462, -0.07952385], [0.12196126, -0.04169913, 0.02554908], [-0.00120809, 0.12477339, 0.01832228], [-0.03366808, -0.02107994, -0.12626454]], "atomic quadrupole moments": [[0.12852664, 0.28856561, 0.00879134, 0.22548299, 0.17022557, -0.13731798], [0.01408366, 0.01619385, 0.10376029, 0.08990419, 0.03173602, -0.11784395], [-0.11436258, -0.0169136, 0.40729474, 0.11609682, 0.06488851, -0.29293216], [0.2148645, 0.09404369, -0.11265551, -0.03667524, 0.11616581, -0.10220898], [0.05700925, -0.1976532, 0.14326708, -0.15153002, -0.02597798, -0.20027633], [-0.00953127, -0.10267496, 0.04637902, -0.04006264, -0.01321689, -0.03684775], [0.05194319, -0.16239627, -0.2741849, 0.26264458, -0.07570956, 0.22224172], [0.02982443, -0.01887665, -0.11466407, 0.10408205, -0.05491897, 0.08483963], [0.03779623, 0.01365311, -0.20475226, 0.30596452, -0.15549366, 0.16695602], [0.10803974, 0.01214652, -0.04202281, -0.03308686, -0.04542612, -0.06601693], [0.20451266, -0.01239862, -0.14899214, -0.05675638, -0.1411115, -0.05552053], [-0.03672418, 0.12374643, 0.06767958, -0.08714429, -0.14404934, -0.0309554], [-0.0176826, -0.02908769, -0.11454316, 0.14048933, -0.056806, 0.13222576], [-0.02279128, -0.02593522, -0.06036205, 0.15730978, -0.03972726, 0.08315333], [-0.1372163, -0.106928, -0.0019971, 0.35182532, -0.01392326, 0.1392134], [-0.16276781, 0.1748516, 0.33668053, -0.36000145, -0.0059089, -0.17391272], [0.0445311, 0.17903322, -0.05694531, -0.26150717, -0.15753146, 0.0124142], [-0.02227289, -0.05881429, -0.06078145, 0.13856564, -0.01924802, 0.08305434], [-0.02128576, -0.03064317, 0.06864311, 0.01397312, -0.00518828, -0.04735735], [-0.0271127, 0.01689986, -0.03182826, 0.01811878, -0.02910174, 0.05894096], [0.04740675, -0.00289817, -0.04049163, -0.03848938, 0.02443951, -0.00691512], [0.01878367, -0.00862999, -0.00593365, -0.03991449, 0.01007227, -0.01285002], [-0.04165344, 0.00062677, 0.00156783, 0.0007236, -0.01786184, 0.04008561], [-0.00916027, -0.01905657, 0.06312083, 0.00044795, -0.00384422, -0.05396056], [-0.00975675, -0.00073057, -0.02904293, 0.01032004, -0.03654469, 0.03879968], [0.01862617, 0.02240344, 0.00873885, 0.02324722, 0.02429292, -0.02736502], [-0.02692323, -0.02143042, -0.01165424, 0.01056979, 0.00764808, 0.03857746], [0.03177791, 0.00999963, 0.02010986, -0.03964433, -0.01077568, -0.05188776], [-0.00593198, 0.02140817, 0.05599271, -0.01146635, 0.03818684, -0.05006074], [-0.01298464, 0.01372018, 0.01717977, 0.00529194, 0.00833992, -0.00419513], [-0.00770394, 0.00233599, -0.0344788, 0.05748926, -0.01456942, 0.04218274], [0.06630825, -0.03795911, -0.02221146, -0.02361919, -0.0006715, -0.04409679], [-0.04909372, 0.00068473, 0.03839116, -0.00758969, 0.05786771, 0.01070256], [-0.01235766, 0.05142183, 0.02573059, -0.01891508, -0.03803785, -0.01337293], [0.06960651, -0.03038118, -0.04535202, -0.03101681, 0.00463376, -0.02425449], [-0.04942256, -0.01081528, 0.05624615, 0.00158231, 0.05162856, -0.00682358], [0.05373297, -0.03353232, -0.02969294, 0.00531984, -0.02669275, -0.02404003], [-0.04445876, 0.00104878, 0.08642261, -0.01461582, 0.01889417, -0.04196385], [-0.01543341, 0.02666817, -0.04285578, 0.01554057, 0.01894913, 0.05828919]], "number of molecular orbitals": 98, "number of electrons": 102, "number of unpaired electrons": 0, "orbital energies/eV": [-19.27640457, -19.21051133, -18.41849851, -17.90408594, -17.85103721, -17.63347867, -17.44600563, -17.28112705, -16.94267696, -16.85314041, -16.72780905, -16.32839663, -16.22568334, -16.15468096, -15.97277591, -15.79265904, -15.40002642, -15.34305707, -15.20040312, -14.93884593, -14.81023554, -14.77404421, -14.57155079, -14.15141377, -14.10281137, -13.8439689, -13.72930939, -13.6186944, -13.51852821, -13.40413894, -13.39500824, -13.26475138, -13.00646225, -12.84162732, -12.80647523, -12.73053722, -12.58568618, -12.53260626, -12.47671223, -12.31562073, -12.17304663, -12.12326876, -12.08376078, -11.88056011, -11.77875043, -11.22575785, -10.46620677, -10.40344374, -9.98425053, -9.9444803, -9.82459722, -6.58442389, -6.14465425, -5.23036484, -3.49480517, -3.09730153, -0.13793713, 0.02712164, 0.30169344, 0.76834681, 1.28743249, 1.52533238, 1.827815, 2.3004023, 2.47646355, 2.89871125, 3.13900671, 3.23562684, 3.45615501, 3.58613706, 3.77017965, 3.9477041, 3.99037722, 4.27198147, 4.63550015, 4.85700252, 5.12743203, 5.17234969, 5.30595863, 5.39139402, 5.47650171, 5.83325508, 5.97733513, 6.05797413, 6.13776711, 6.35463726, 6.59581692, 6.83373553, 6.87950416, 7.04558134, 7.2583783, 7.69300261, 8.27638988, 10.58408638, 12.0746445, 12.94422042, 14.11092666, 17.83983774], "fractional occupation": [2.0, 2.0, 2.0, 2.0, 2.0, 2.0, 2.0, 2.0, 2.0, 2.0, 2.0, 2.0, 2.0, 2.0, 2.0, 2.0, 2.0, 2.0, 2.0, 2.0, 2.0, 2.0, 2.0, 2.0, 2.0, 2.0, 2.0, 2.0, 2.0, 2.0, 2.0, 2.0, 2.0, 2.0, 2.0, 2.0, 2.0, 2.0, 2.0, 2.0, 2.0, 2.0, 2.0, 2.0, 2.0, 2.0, 2.0, 2.0, 2.0, 2.0, 2.0, 0.0, 0.0, 0.0, 0.0, 0.0, 0.0, 0.0, 0.0, 0.0, 0.0, 0.0, 0.0, 0.0, 0.0, 0.0, 0.0, 0.0, 0.0, 0.0, 0.0, 0.0, 0.0, 0.0, 0.0, 0.0, 0.0, 0.0, 0.0, 0.0, 0.0, 0.0, 0.0, 0.0, 0.0, 0.0, 0.0, 0.0, 0.0, 0.0, 0.0, 0.0, 0.0, 0.0, 0.0, 0.0, 0.0, 0.0], "program call": "xtb /home/svss/Project-DBcg-Debug/aqme2_20220329/End-to-End-workflows-final/example-3/QDESCP/mol_708_rdkit_conf_16/mol_708_rdkit_conf_16.xyz --pop --wbo --acc 0.2 --gfn 2 --chrg 0 --uhf 0 --etemp 300 --input /home/svss/Project-DBcg-Debug/aqme2_20220329/End-to-End-workflows-final/example-3/QDESCP/mol_708_rdkit_conf_16/mol_708_rdkit_conf_16_xtb.inp", "method": "GFN2-xTB", "xtb version": "6.3.3 (7355c4f)", "Dipole module/D": 4.251, "Total charge": 0, "Transition dipole module/D": NaN, "HOMO": -9.8246, "LUMO": -6.5844, "HOMO occupancy": 2.0, "LUMO occupancy": 0, "mulliken charges": [0.17067, -0.46895, 0.19422, -0.06426, 0.10331, -0.36392, 0.44302, -0.44826, 0.44251, -0.36207, 0.13557, -0.0999, -0.10443, -0.42501, 0.37613, -0.09512, -0.00933, -0.43318, 0.0361, 0.01749, 0.01664, 0.01544, 0.01344, 0.02632, 0.04568, 0.02904, 0.02338, 0.23646, 0.21603, 0.03548, 0.03654, 0.02971, 0.02812, 0.04146, 0.03105, 0.0281, 0.03427, 0.03216, 0.03608], "cm5 charges": [0.04785, -0.58292, 0.11132, -0.16646, 0.0572, -0.70189, 0.66049, -0.62315, 0.66075, -0.7011, 0.12362, -0.24209, -0.24652, -0.59881, 0.54537, -0.12182, -0.13803, -0.61223, 0.09511, 0.07649, 0.07559, 0.07809, 0.07674, 0.08135, 0.10545, 0.09603, 0.09078, 0.44744, 0.4179, 0.10702, 0.09019, 0.08147, 0.08208, 0.09676, 0.0829, 0.08215, 0.08953, 0.0845, 0.09086], "FUKUI+": [0.006, 0.01, 0.008, 0.006, 0.015, -0.049, -0.028, -0.105, -0.029, -0.046, 0.007, 0.011, 0.011, -0.078, -0.05, -0.232, 0.038, -0.077, -0.001, -0.004, -0.015, -0.02, -0.007, -0.024, -0.014, -0.02, -0.018, -0.035, -0.036, -0.011, -0.014, -0.024, -0.017, 0.005, -0.029, -0.017, -0.035, -0.048, -0.036], "FUKUI-": [0.014, -0.032, 0.012, 0.009, 0.014, -0.054, 0.001, -0.074, 0.0, -0.052, 0.004, 0.01, 0.007, -0.078, 0.023, -0.252, 0.041, -0.054, -0.014, -0.022, -0.032, -0.038, -0.024, -0.027, -0.018, -0.032, -0.029, -0.025, -0.031, -0.016, -0.018, -0.025, -0.019, -0.005, -0.03, -0.02, -0.035, -0.04, -0.037], "FUKUIrad": [0.01, -0.011, 0.01, 0.008, 0.014, -0.052, -0.013, -0.09, -0.014, -0.049, 0.006, 0.011, 0.009, -0.078, -0.013, -0.242, 0.039, -0.066, -0.008, -0.013, -0.023, -0.029, -0.016, -0.025, -0.016, -0.026, -0.023, -0.03, -0.034, -0.013, -0.016, -0.025, -0.018, -0.0, -0.029, -0.019, -0.035, -0.044, -0.037], "s proportion": [0.972, 1.695, 0.996, 1.036, 1.003, 1.462, 0.978, 1.531, 0.976, 1.452, 1.028, 1.016, 1.017, 1.532, 1.019, 1.926, 1.009, 1.537, 0.964, 0.983, 0.983, 0.985, 0.987, 0.974, 0.954, 0.971, 0.977, 0.764, 0.784, 0.965, 0.963, 0.97, 0.972, 0.959, 0.969, 0.972, 0.966, 0.968, 0.964], "p proportion": [2.857, 4.774, 2.809, 3.028, 2.893, 3.902, 2.579, 3.917, 2.581, 3.91, 2.836, 3.084, 3.087, 3.893, 2.605, 4.167, 3.0, 3.897, 0.0, 0.0, 0.0, 0.0, 0.0, 0.0, 0.0, 0.0, 0.0, 0.0, 0.0, 0.0, 0.0, 0.0, 0.0, 0.0, 0.0, 0.0, 0.0, 0.0, 0.0], "d proportion": [0.0, 0.0, 0.0, 0.0, 0.0, 0.0, 0.0, 0.0, 0.0, 0.0, 0.0, 0.0, 0.0, 0.0, 0.0, 0.001, 0.0, 0.0, 0.0, 0.0, 0.0, 0.0, 0.0, 0.0, 0.0, 0.0, 0.0, 0.0, 0.0, 0.0, 0.0, 0.0, 0.0, 0.0, 0.0, 0.0, 0.0, 0.0, 0.0], "Fermi-level/eV": -8.2045, "Coordination numbers": [3.649, 1.697, 3.7, 3.8, 3.748, 2.696, 2.942, 1.85, 2.934, 2.701, 3.791, 3.755, 3.752, 1.891, 3.002, 2.035, 3.742, 1.881, 0.924, 0.924, 0.924, 0.924, 0.924, 0.924, 0.924, 0.924, 0.924, 0.86, 0.86, 0.924, 0.924, 0.924, 0.924, 0.924, 0.924, 0.924, 0.924, 0.924, 0.924], "Dispersion coefficient C6": [20.237, 19.373, 19.365, 21.869, 20.381, 25.53, 22.612, 30.241, 22.589, 25.322, 19.708, 22.762, 22.658, 29.411, 23.131, 146.118, 21.581, 29.814, 2.223, 2.549, 2.542, 2.634, 2.646, 2.349, 2.143, 2.193, 2.527, 1.053, 1.202, 2.101, 2.347, 2.383, 2.444, 2.472, 2.402, 2.503, 2.125, 2.176, 2.158], "Total dispersion C6": 15631.541924, "Total dispersion C8": 372810.193549, "Polarizability alpha": [6.462, 5.942, 6.293, 6.658, 6.439, 7.504, 7.799, 8.15, 7.795, 7.474, 6.322, 6.803, 6.788, 8.04, 7.889, 20.345, 6.628, 8.094, 2.332, 2.497, 2.493, 2.538, 2.544, 2.397, 2.289, 2.316, 2.486, 1.608, 1.718, 2.267, 2.396, 2.414, 2.445, 2.459, 2.424, 2.474, 2.279, 2.307, 2.297], "Total polarizability alpha": 190.404797, "Wiberg matrix": [[0.0, 0.9896362878044703, 0.0, 0.0, 0.0, 0.0, 0.0, 0.0, 0.0, 0.0, 0.0, 0.0, 0.0, 0.0, 0.0, 0.0, 0.0, 0.0, 0.9805856772041053, 0.978895801576574, 0.9788119613977293, 0.0, 0.0, 0.0, 0.0, 0.0, 0.0, 0.0, 0.0, 0.0, 0.0, 0.0, 0.0, 0.0, 0.0, 0.0, 0.0, 0.0, 0.0], [0.9896362878044703, 0.0, 0.9754381413483088, 0.0, 0.0, 0.0, 0.0, 0.0, 0.0, 0.0, 0.0, 0.0, 0.0, 0.0, 0.0, 0.0, 0.0, 0.0, 0.0, 0.0, 0.0, 0.0, 0.0, 0.0, 0.0, 0.0, 0.0, 0.0, 0.0, 0.0, 0.0, 0.0, 0.0, 0.0, 0.0, 0.0, 0.0, 0.0, 0.0], [0.0, 0.9754381413483088, 0.0, 1.0053297388406346, 0.0, 0.0, 0.0, 0.0, 0.0, 0.0, 0.0, 0.0, 0.0, 0.0, 0.0, 0.0, 0.0, 0.0, 0.0, 0.0, 0.0, 0.9694827541478612, 0.9686494451891607, 0.0, 0.0, 0.0, 0.0, 0.0, 0.0, 0.0, 0.0, 0.0, 0.0, 0.0, 0.0, 0.0, 0.0, 0.0, 0.0], [0.0, 0.0, 1.0053297388406346, 0.0, 1.006935894624894, 0.0, 0.0, 0.0, 0.0, 0.0, 0.0, 0.0, 0.0, 0.0, 0.0, 0.0, 0.0, 0.0, 0.0, 0.0, 0.0, 0.0, 0.0, 0.9735465625841021, 0.9734141865098451, 0.0, 0.0, 0.0, 0.0, 0.0, 0.0, 0.0, 0.0, 0.0, 0.0, 0.0, 0.0, 0.0, 0.0], [0.0, 0.0, 0.0, 1.006935894624894, 0.0, 0.9931078055642062, 0.0, 0.0, 0.0, 0.0, 0.0, 0.0, 0.0, 0.0, 0.0, 0.0, 0.0, 0.0, 0.0, 0.0, 0.0, 0.0, 0.0, 0.0, 0.0, 0.9702707318799828, 0.9679882883132224, 0.0, 0.0, 0.0, 0.0, 0.0, 0.0, 0.0, 0.0, 0.0, 0.0, 0.0, 0.0], [0.0, 0.0, 0.0, 0.0, 0.9931078055642062, 0.0, 1.1839820946640192, 0.0, 0.0, 0.0, 0.0, 0.0, 0.0, 0.0, 0.0, 0.0, 0.0, 0.0, 0.0, 0.0, 0.0, 0.0, 0.0, 0.0, 0.0, 0.0, 0.0, 0.9061035359492927, 0.0, 0.0, 0.0, 0.0, 0.0, 0.0, 0.0, 0.0, 0.0, 0.0, 0.0], [0.0, 0.0, 0.0, 0.0, 0.0, 1.1839820946640192, 0.0, 1.3388399755542117, 0.0, 0.0, 0.0, 0.0, 0.0, 0.0, 0.0, 0.0, 0.0, 1.3061769957538503, 0.0, 0.0, 0.0, 0.0, 0.0, 0.0, 0.0, 0.0, 0.0, 0.0, 0.0, 0.0, 0.0, 0.0, 0.0, 0.0, 0.0, 0.0, 0.0, 0.0, 0.0], [0.0, 0.0, 0.0, 0.0, 0.0, 0.0, 1.3388399755542117, 0.0, 1.32506438159448, 0.0, 0.0, 0.0, 0.0, 0.0, 0.0, 0.0, 0.0, 0.0, 0.0, 0.0, 0.0, 0.0, 0.0, 0.0, 0.0, 0.0, 0.0, 0.0, 0.0, 0.0, 0.0, 0.0, 0.0, 0.0, 0.0, 0.0, 0.0, 0.0, 0.0], [0.0, 0.0, 0.0, 0.0, 0.0, 0.0, 0.0, 1.32506438159448, 0.0, 1.1874289411728762, 0.0, 0.0, 0.0, 1.318238876073998, 0.0, 0.0, 0.0, 0.0, 0.0, 0.0, 0.0, 0.0, 0.0, 0.0, 0.0, 0.0, 0.0, 0.0, 0.0, 0.0, 0.0, 0.0, 0.0, 0.0, 0.0, 0.0, 0.0, 0.0, 0.0], [0.0, 0.0, 0.0, 0.0, 0.0, 0.0, 0.0, 0.0, 1.1874289411728762, 0.0, 0.9784768774012756, 0.0, 0.0, 0.0, 0.0, 0.0, 0.0, 0.0, 0.0, 0.0, 0.0, 0.0, 0.0, 0.0, 0.0, 0.0, 0.0, 0.0, 0.9326754032128008, 0.0, 0.0, 0.0, 0.0, 0.0, 0.0, 0.0, 0.0, 0.0, 0.0], [0.0, 0.0, 0.0, 0.0, 0.0, 0.0, 0.0, 0.0, 0.0, 0.9784768774012756, 0.0, 1.005291567405104, 0.9993998187310876, 0.0, 0.0, 0.0, 0.0, 0.0, 0.0, 0.0, 0.0, 0.0, 0.0, 0.0, 0.0, 0.0, 0.0, 0.0, 0.0, 0.9606896336931579, 0.0, 0.0, 0.0, 0.0, 0.0, 0.0, 0.0, 0.0, 0.0], [0.0, 0.0, 0.0, 0.0, 0.0, 0.0, 0.0, 0.0, 0.0, 0.0, 1.005291567405104, 0.0, 0.0, 0.0, 0.0, 0.0, 0.0, 0.0, 0.0, 0.0, 0.0, 0.0, 0.0, 0.0, 0.0, 0.0, 0.0, 0.0, 0.0, 0.0, 0.9858700548233634, 0.9852345811638292, 0.9859184324207467, 0.0, 0.0, 0.0, 0.0, 0.0, 0.0], [0.0, 0.0, 0.0, 0.0, 0.0, 0.0, 0.0, 0.0, 0.0, 0.0, 0.9993998187310876, 0.0, 0.0, 0.0, 0.0, 0.0, 0.0, 0.0, 0.0, 0.0, 0.0, 0.0, 0.0, 0.0, 0.0, 0.0, 0.0, 0.0, 0.0, 0.0, 0.0, 0.0, 0.0, 0.9856839924685397, 0.9842447046371786, 0.9855872614363208, 0.0, 0.0, 0.0], [0.0, 0.0, 0.0, 0.0, 0.0, 0.0, 0.0, 0.0, 1.318238876073998, 0.0, 0.0, 0.0, 0.0, 0.0, 1.3789309046024243, 0.0, 0.0, 0.0, 0.0, 0.0, 0.0, 0.0, 0.0, 0.0, 0.0, 0.0, 0.0, 0.0, 0.0, 0.0, 0.0, 0.0, 0.0, 0.0, 0.0, 0.0, 0.0, 0.0, 0.0], [0.0, 0.0, 0.0, 0.0, 0.0, 0.0, 0.0, 0.0, 0.0, 0.0, 0.0, 0.0, 0.0, 1.3789309046024243, 0.0, 1.0616781677106801, 0.0, 1.3836314248157706, 0.0, 0.0, 0.0, 0.0, 0.0, 0.0, 0.0, 0.0, 0.0, 0.0, 0.0, 0.0, 0.0, 0.0, 0.0, 0.0, 0.0, 0.0, 0.0, 0.0, 0.0], [0.0, 0.0, 0.0, 0.0, 0.0, 0.0, 0.0, 0.0, 0.0, 0.0, 0.0, 0.0, 0.0, 0.0, 1.0616781677106801, 0.0, 1.0124374800439224, 0.0, 0.0, 0.0, 0.0, 0.0, 0.0, 0.0, 0.0, 0.0, 0.0, 0.0, 0.0, 0.0, 0.0, 0.0, 0.0, 0.0, 0.0, 0.0, 0.0, 0.0, 0.0], [0.0, 0.0, 0.0, 0.0, 0.0, 0.0, 0.0, 0.0, 0.0, 0.0, 0.0, 0.0, 0.0, 0.0, 0.0, 1.0124374800439224, 0.0, 0.0, 0.0, 0.0, 0.0, 0.0, 0.0, 0.0, 0.0, 0.0, 0.0, 0.0, 0.0, 0.0, 0.0, 0.0, 0.0, 0.0, 0.0, 0.0, 0.9809644393010214, 0.9802754960705922, 0.9815028388404253], [0.0, 0.0, 0.0, 0.0, 0.0, 0.0, 1.3061769957538503, 0.0, 0.0, 0.0, 0.0, 0.0, 0.0, 0.0, 1.3836314248157706, 0.0, 0.0, 0.0, 0.0, 0.0, 0.0, 0.0, 0.0, 0.0, 0.0, 0.0, 0.0, 0.0, 0.0, 0.0, 0.0, 0.0, 0.0, 0.0, 0.0, 0.0, 0.0, 0.0, 0.0], [0.9805856772041053, 0.0, 0.0, 0.0, 0.0, 0.0, 0.0, 0.0, 0.0, 0.0, 0.0, 0.0, 0.0, 0.0, 0.0, 0.0, 0.0, 0.0, 0.0, 0.0, 0.0, 0.0, 0.0, 0.0, 0.0, 0.0, 0.0, 0.0, 0.0, 0.0, 0.0, 0.0, 0.0, 0.0, 0.0, 0.0, 0.0, 0.0, 0.0], [0.978895801576574, 0.0, 0.0, 0.0, 0.0, 0.0, 0.0, 0.0, 0.0, 0.0, 0.0, 0.0, 0.0, 0.0, 0.0, 0.0, 0.0, 0.0, 0.0, 0.0, 0.0, 0.0, 0.0, 0.0, 0.0, 0.0, 0.0, 0.0, 0.0, 0.0, 0.0, 0.0, 0.0, 0.0, 0.0, 0.0, 0.0, 0.0, 0.0], [0.9788119613977293, 0.0, 0.0, 0.0, 0.0, 0.0, 0.0, 0.0, 0.0, 0.0, 0.0, 0.0, 0.0, 0.0, 0.0, 0.0, 0.0, 0.0, 0.0, 0.0, 0.0, 0.0, 0.0, 0.0, 0.0, 0.0, 0.0, 0.0, 0.0, 0.0, 0.0, 0.0, 0.0, 0.0, 0.0, 0.0, 0.0, 0.0, 0.0], [0.0, 0.0, 0.9694827541478612, 0.0, 0.0, 0.0, 0.0, 0.0, 0.0, 0.0, 0.0, 0.0, 0.0, 0.0, 0.0, 0.0, 0.0, 0.0, 0.0, 0.0, 0.0, 0.0, 0.0, 0.0, 0.0, 0.0, 0.0, 0.0, 0.0, 0.0, 0.0, 0.0, 0.0, 0.0, 0.0, 0.0, 0.0, 0.0, 0.0], [0.0, 0.0, 0.9686494451891607, 0.0, 0.0, 0.0, 0.0, 0.0, 0.0, 0.0, 0.0, 0.0, 0.0, 0.0, 0.0, 0.0, 0.0, 0.0, 0.0, 0.0, 0.0, 0.0, 0.0, 0.0, 0.0, 0.0, 0.0, 0.0, 0.0, 0.0, 0.0, 0.0, 0.0, 0.0, 0.0, 0.0, 0.0, 0.0, 0.0], [0.0, 0.0, 0.0, 0.9735465625841021, 0.0, 0.0, 0.0, 0.0, 0.0, 0.0, 0.0, 0.0, 0.0, 0.0, 0.0, 0.0, 0.0, 0.0, 0.0, 0.0, 0.0, 0.0, 0.0, 0.0, 0.0, 0.0, 0.0, 0.0, 0.0, 0.0, 0.0, 0.0, 0.0, 0.0, 0.0, 0.0, 0.0, 0.0, 0.0], [0.0, 0.0, 0.0, 0.9734141865098451, 0.0, 0.0, 0.0, 0.0, 0.0, 0.0, 0.0, 0.0, 0.0, 0.0, 0.0, 0.0, 0.0, 0.0, 0.0, 0.0, 0.0, 0.0, 0.0, 0.0, 0.0, 0.0, 0.0, 0.0, 0.0, 0.0, 0.0, 0.0, 0.0, 0.0, 0.0, 0.0, 0.0, 0.0, 0.0], [0.0, 0.0, 0.0, 0.0, 0.9702707318799828, 0.0, 0.0, 0.0, 0.0, 0.0, 0.0, 0.0, 0.0, 0.0, 0.0, 0.0, 0.0, 0.0, 0.0, 0.0, 0.0, 0.0, 0.0, 0.0, 0.0, 0.0, 0.0, 0.0, 0.0, 0.0, 0.0, 0.0, 0.0, 0.0, 0.0, 0.0, 0.0, 0.0, 0.0], [0.0, 0.0, 0.0, 0.0, 0.9679882883132224, 0.0, 0.0, 0.0, 0.0, 0.0, 0.0, 0.0, 0.0, 0.0, 0.0, 0.0, 0.0, 0.0, 0.0, 0.0, 0.0, 0.0, 0.0, 0.0, 0.0, 0.0, 0.0, 0.0, 0.0, 0.0, 0.0, 0.0, 0.0, 0.0, 0.0, 0.0, 0.0, 0.0, 0.0], [0.0, 0.0, 0.0, 0.0, 0.0, 0.9061035359492927, 0.0, 0.0, 0.0, 0.0, 0.0, 0.0, 0.0, 0.0, 0.0, 0.0, 0.0, 0.0, 0.0, 0.0, 0.0, 0.0, 0.0, 0.0, 0.0, 0.0, 0.0, 0.0, 0.0, 0.0, 0.0, 0.0, 0.0, 0.0, 0.0, 0.0, 0.0, 0.0, 0.0], [0.0, 0.0, 0.0, 0.0, 0.0, 0.0, 0.0, 0.0, 0.0, 0.9326754032128008, 0.0, 0.0, 0.0, 0.0, 0.0, 0.0, 0.0, 0.0, 0.0, 0.0, 0.0, 0.0, 0.0, 0.0, 0.0, 0.0, 0.0, 0.0, 0.0, 0.0, 0.0, 0.0, 0.0, 0.0, 0.0, 0.0, 0.0, 0.0, 0.0], [0.0, 0.0, 0.0, 0.0, 0.0, 0.0, 0.0, 0.0, 0.0, 0.0, 0.9606896336931579, 0.0, 0.0, 0.0, 0.0, 0.0, 0.0, 0.0, 0.0, 0.0, 0.0, 0.0, 0.0, 0.0, 0.0, 0.0, 0.0, 0.0, 0.0, 0.0, 0.0, 0.0, 0.0, 0.0, 0.0, 0.0, 0.0, 0.0, 0.0], [0.0, 0.0, 0.0, 0.0, 0.0, 0.0, 0.0, 0.0, 0.0, 0.0, 0.0, 0.9858700548233634, 0.0, 0.0, 0.0, 0.0, 0.0, 0.0, 0.0, 0.0, 0.0, 0.0, 0.0, 0.0, 0.0, 0.0, 0.0, 0.0, 0.0, 0.0, 0.0, 0.0, 0.0, 0.0, 0.0, 0.0, 0.0, 0.0, 0.0], [0.0, 0.0, 0.0, 0.0, 0.0, 0.0, 0.0, 0.0, 0.0, 0.0, 0.0, 0.9852345811638292, 0.0, 0.0, 0.0, 0.0, 0.0, 0.0, 0.0, 0.0, 0.0, 0.0, 0.0, 0.0, 0.0, 0.0, 0.0, 0.0, 0.0, 0.0, 0.0, 0.0, 0.0, 0.0, 0.0, 0.0, 0.0, 0.0, 0.0], [0.0, 0.0, 0.0, 0.0, 0.0, 0.0, 0.0, 0.0, 0.0, 0.0, 0.0, 0.9859184324207467, 0.0, 0.0, 0.0, 0.0, 0.0, 0.0, 0.0, 0.0, 0.0, 0.0, 0.0, 0.0, 0.0, 0.0, 0.0, 0.0, 0.0, 0.0, 0.0, 0.0, 0.0, 0.0, 0.0, 0.0, 0.0, 0.0, 0.0], [0.0, 0.0, 0.0, 0.0, 0.0, 0.0, 0.0, 0.0, 0.0, 0.0, 0.0, 0.0, 0.9856839924685397, 0.0, 0.0, 0.0, 0.0, 0.0, 0.0, 0.0, 0.0, 0.0, 0.0, 0.0, 0.0, 0.0, 0.0, 0.0, 0.0, 0.0, 0.0, 0.0, 0.0, 0.0, 0.0, 0.0, 0.0, 0.0, 0.0], [0.0, 0.0, 0.0, 0.0, 0.0, 0.0, 0.0, 0.0, 0.0, 0.0, 0.0, 0.0, 0.9842447046371786, 0.0, 0.0, 0.0, 0.0, 0.0, 0.0, 0.0, 0.0, 0.0, 0.0, 0.0, 0.0, 0.0, 0.0, 0.0, 0.0, 0.0, 0.0, 0.0, 0.0, 0.0, 0.0, 0.0, 0.0, 0.0, 0.0], [0.0, 0.0, 0.0, 0.0, 0.0, 0.0, 0.0, 0.0, 0.0, 0.0, 0.0, 0.0, 0.9855872614363208, 0.0, 0.0, 0.0, 0.0, 0.0, 0.0, 0.0, 0.0, 0.0, 0.0, 0.0, 0.0, 0.0, 0.0, 0.0, 0.0, 0.0, 0.0, 0.0, 0.0, 0.0, 0.0, 0.0, 0.0, 0.0, 0.0], [0.0, 0.0, 0.0, 0.0, 0.0, 0.0, 0.0, 0.0, 0.0, 0.0, 0.0, 0.0, 0.0, 0.0, 0.0, 0.0, 0.9809644393010214, 0.0, 0.0, 0.0, 0.0, 0.0, 0.0, 0.0, 0.0, 0.0, 0.0, 0.0, 0.0, 0.0, 0.0, 0.0, 0.0, 0.0, 0.0, 0.0, 0.0, 0.0, 0.0], [0.0, 0.0, 0.0, 0.0, 0.0, 0.0, 0.0, 0.0, 0.0, 0.0, 0.0, 0.0, 0.0, 0.0, 0.0, 0.0, 0.9802754960705922, 0.0, 0.0, 0.0, 0.0, 0.0, 0.0, 0.0, 0.0, 0.0, 0.0, 0.0, 0.0, 0.0, 0.0, 0.0, 0.0, 0.0, 0.0, 0.0, 0.0, 0.0, 0.0], [0.0, 0.0, 0.0, 0.0, 0.0, 0.0, 0.0, 0.0, 0.0, 0.0, 0.0, 0.0, 0.0, 0.0, 0.0, 0.0, 0.9815028388404253, 0.0, 0.0, 0.0, 0.0, 0.0, 0.0, 0.0, 0.0, 0.0, 0.0, 0.0, 0.0, 0.0, 0.0, 0.0, 0.0, 0.0, 0.0, 0.0, 0.0, 0.0, 0.0]], "Born radii": [], "Atomic SASAs": [], "Solvent H bonds": [], "Total SASA": NaN, "Total FOD": 0.0, "FOD": [0.0, 0.0, 0.0, 0.0, 0.0, 0.0, 0.0, 0.0, 0.0, 0.0, 0.0, 0.0, 0.0, 0.0, 0.0, 0.0, 0.0, 0.0, 0.0, 0.0, 0.0, 0.0, 0.0, 0.0, 0.0, 0.0, 0.0, 0.0, 0.0, 0.0, 0.0, 0.0, 0.0, 0.0, 0.0, 0.0, 0.0, 0.0, 0.0], "FOD s proportion": [0.0, 0.0, 0.0, 0.0, 0.0, 0.0, 0.0, 0.0, 0.0, 0.0, 0.0, 0.0, 0.0, 0.0, 0.0, 0.0, 0.0, 0.0, 0.0, 0.0, 0.0, 0.0, 0.0, 0.0, 0.0, 0.0, 0.0, 0.0, 0.0, 0.0, 0.0, 0.0, 0.0, 0.0, 0.0, 0.0, 0.0, 0.0, 0.0], "FOD p proportion": [0.0, 0.0, 0.0, 0.0, 0.0, 0.0, 0.0, 0.0, 0.0, 0.0, 0.0, 0.0, 0.0, 0.0, 0.0, 0.0, 0.0, 0.0, 0.0, 0.0, 0.0, 0.0, 0.0, 0.0, 0.0, 0.0, 0.0, 0.0, 0.0, 0.0, 0.0, 0.0, 0.0, 0.0, 0.0, 0.0, 0.0, 0.0, 0.0], "FOD d proportion": [0.0, 0.0, 0.0, 0.0, 0.0, 0.0, 0.0, 0.0, 0.0, 0.0, 0.0, 0.0, 0.0, 0.0, 0.0, 0.0, 0.0, 0.0, 0.0, 0.0, 0.0, 0.0, 0.0, 0.0, 0.0, 0.0, 0.0, 0.0, 0.0, 0.0, 0.0, 0.0, 0.0, 0.0, 0.0, 0.0, 0.0, 0.0, 0.0], "coordinates": [["4.98540", "1.21220", "-0.61580"], ["3.94240", "0.45050", "-1.21160"], ["4.23050", "-0.94820", "-1.18500"], ["3.08850", "-1.72770", "-1.83590"], ["1.75980", "-1.56020", "-1.09270"], ["1.21900", "-0.23300", "-1.33100"], ["0.17730", "0.13550", "-0.49100"], ["-0.69860", "-0.77300", "-0.07960"], ["-1.66650", "-0.33700", "0.71310"], ["-2.56540", "-1.30290", "1.13820"], ["-3.93470", "-0.88030", "1.40270"], ["-4.62940", "-1.99320", "2.18870"], ["-4.68460", "-0.61520", "0.09720"], ["-1.79960", "0.92030", "1.09900"], ["-0.87810", "1.75260", "0.63150"], ["-1.03640", "3.45250", "1.13920"], ["0.15030", "4.23500", "0.01980"], ["0.13120", "1.41470", "-0.16090"], ["4.71020", "2.26910", "-0.66510"], ["5.11130", "0.93220", "0.43450"], ["5.92350", "1.06860", "-1.16040"], ["5.15810", "-1.13660", "-1.73750"], ["4.36730", "-1.27540", "-0.14770"], ["3.35630", "-2.79050", "-1.84900"], ["2.96860", "-1.40110", "-2.87620"], ["1.05430", "-2.31240", "-1.46610"], ["1.91630", "-1.74380", "-0.02190"], ["1.92570", "0.50370", "-1.28020"], ["-2.45790", "-2.10380", "0.52540"], ["-3.95540", "0.02130", "2.02740"], ["-4.10430", "-2.18860", "3.13030"], ["-5.66140", "-1.71650", "2.42840"], ["-4.65040", "-2.93090", "1.62180"], ["-4.22940", "0.20790", "-0.46370"], ["-5.72700", "-0.34490", "0.29620"], ["-4.68020", "-1.49840", "-0.55160"], ["1.16510", "3.87680", "0.21430"], ["0.13360", "5.31590", "0.18500"], ["-0.11510", "4.04460", "-1.02400"]], "bond_dist": [[0.0, 1.4223268014067654, 2.358217718956416, 3.705386029821994, 4.279968543108699, 4.0970578516784455, 4.9287608523847055, 6.044533520462932, 6.958000392354114, 8.149651811580664, 9.38195515391115, 10.515901694576648, 9.866947844191738, 7.0044250049522265, 6.01900504236373, 6.660408720941982, 5.737551673841379, 4.879671904954267, 1.093253465578774, 1.0942490118798371, 1.0941854184734867, 2.6086198688195257, 2.6056321651376657, 4.494035640713144, 4.000778335524227, 5.347837175905789, 4.302328209237413, 3.21016568108252, 8.228056169594373, 9.399077278648154, 10.402949194339074, 11.454203925633593, 10.724773797614567, 9.27061443163289, 10.863324452947174, 10.03869002210946, 4.731157496850005, 6.404810502270929, 5.84843716303766], [1.4223268014067654, 0.0, 1.4283104914548517, 2.4214563675606464, 2.9699822322700853, 2.810397866850884, 3.8463576757758764, 4.931253111532605, 5.982005144598256, 7.137747014289593, 8.405611074752388, 9.539888103117352, 8.790551912707187, 6.207265774880273, 5.322565384286039, 6.271101504520558, 5.497163688667093, 4.069262533924298, 2.048288321989851, 2.075573971218564, 2.0759157641869765, 2.0672164158597424, 2.071510084455299, 3.3546792648478334, 2.6734999831681314, 4.004935488868703, 3.2148747705004004, 2.018567583708804, 7.106719185390682, 8.546963114463523, 9.516634137656025, 10.496592944379618, 9.659101063763647, 8.209538623455037, 9.818524245526921, 8.864707664102635, 4.635312048826918, 6.33479014332756, 5.423656960022453], [2.358217718956416, 1.4283104914548517, 0.0, 1.5282195719202134, 2.5470417703681263, 3.098702839899302, 4.2525841473156065, 5.054565363114815, 6.225026750946538, 7.190780704485431, 8.56570445089019, 9.537908822168516, 9.012986954944514, 6.713423438157316, 6.057374583926604, 7.2462612249352425, 6.705604918275458, 4.8411091404759725, 3.2941504807764925, 2.6333425622201148, 2.6333128184854906, 1.095989311079264, 1.0962505963510352, 2.144572435242046, 2.158162982723965, 3.4681847254723905, 2.7094838272261383, 2.725652158658548, 6.9996838557180565, 8.846943134213083, 9.467275072057431, 10.55919646848187, 9.522584225933631, 8.568940944480829, 10.085124222338562, 8.950111177521764, 5.885179916536113, 7.609233760372985, 6.621043135337513], [3.705386029821994, 2.4214563675606464, 1.5282195719202134, 0.0, 1.5316155457555267, 2.4462384082505118, 3.7088213343325127, 4.282308745291493, 5.57148745758258, 6.4025238039385695, 7.780228464511822, 8.708264799602732, 8.086755558937094, 6.2864189822187315, 5.825329725431858, 7.259510455946737, 6.901480494792404, 4.628814756500848, 4.469350486368238, 4.039988120032038, 4.038913088938656, 2.1546057481590455, 2.165623229003605, 1.096098668003935, 1.0969355769597409, 2.148626484524474, 2.1598398204496556, 2.576829891552797, 6.039846178504879, 8.221959322448633, 8.752824863436947, 9.733711005572335, 8.561188745729181, 7.692927960796201, 9.17447690606936, 7.877480858117017, 6.270024549393726, 7.901124716140101, 6.651442088750378], [4.279968543108699, 2.9699822322700853, 2.5470417703681263, 1.5316155457555267, 0.0, 1.4528287476505963, 2.3961944057192017, 2.773046341120177, 4.061608495411639, 4.873445715302469, 6.254327735256603, 7.195620306825535, 6.621116097003586, 4.860633446373014, 4.572310782306907, 6.158512266773527, 6.116574984417342, 3.5171891063745777, 4.8529620243723315, 4.447128270018754, 4.924588350309089, 3.4847735780104854, 2.7880445279801394, 2.1527749603709165, 2.16041257633814, 1.0967965399288966, 1.0976401277285739, 2.0790291652595934, 4.550026577944353, 6.700722147649461, 7.253708318508541, 8.215642661411218, 7.0949272568504895, 6.276331352788825, 7.710912497234034, 6.462987579285605, 5.623422986935981, 7.180375682372058, 5.910478215846837], [4.0970578516784455, 2.810397866850884, 3.098702839899302, 2.4462384082505118, 1.4528287476505963, 0.0, 1.3879953674274277, 2.352613805961361, 3.537692900747605, 4.643631984772264, 5.86964536151887, 7.049139996481841, 6.085912013823401, 4.043135769424519, 3.4916818325844066, 4.977110351398691, 4.788507526359336, 2.2950725783730674, 4.346539388985219, 4.429975234693756, 4.88421817387389, 4.061803050370611, 3.5211630947742254, 3.373007788310012, 2.6102108746229677, 2.090282866025553, 2.117188404464751, 1.0221215289778411, 4.523903978866041, 6.173972336348779, 7.215614453392033, 7.979584247941744, 7.102643776087887, 5.5345880298356445, 7.134929393483863, 6.083523827519706, 4.391049229967708, 5.853771465474203, 4.491317576168489], [4.9287608523847055, 3.8463576757758764, 4.2525841473156065, 3.7088213343325127, 2.3961944057192017, 1.3879953674274277, 0.0, 1.3273368148288514, 2.252268079070518, 3.499384301559347, 4.6396652174483455, 5.9005525732765065, 4.954553596440348, 2.655587439720259, 2.233581836423282, 3.890129654651629, 4.131288647625581, 1.3219091723715364, 5.012957428504655, 5.082876856662967, 5.859828189460848, 5.289647370099448, 4.434477838483355, 4.528982336022079, 3.98016008346398, 2.777078216399387, 2.6030644056573014, 1.953281966332562, 3.604415693285113, 4.840928577246312, 6.070202060887265, 6.78551531204521, 6.097000909463603, 4.40737925983231, 5.975887088123403, 5.125290998567789, 3.9332585244298395, 5.224502832806199, 3.95609018729351], [6.044533520462932, 4.931253111532605, 5.054565363114815, 4.282308745291493, 2.773046341120177, 2.352613805961361, 1.3273368148288514, 0.0, 1.3248772395961823, 2.2910200981222317, 3.5610489732661637, 4.6994958846667805, 3.9930383268884357, 2.3384960658508707, 2.629931333704361, 4.410717915487228, 5.080410964675988, 2.341198201776176, 6.233161324721189, 6.076754385360658, 6.9578608501464005, 6.097685811846983, 5.091206750859761, 4.862437312706458, 4.654442717447492, 2.713815214785266, 2.7898895927975356, 3.155685938112346, 2.2873981135779577, 3.9594327535645815, 4.88939401766722, 5.640003554076895, 4.813316695377523, 3.684595806869459, 5.060563388596175, 4.0745708632934585, 5.018007068548229, 6.151200956723817, 4.943848032656343], [6.958000392354114, 5.982005144598256, 6.225026750946538, 5.57148745758258, 4.061608495411639, 3.537692900747605, 2.252268079070518, 1.3248772395961823, 0.0, 1.38625179170308, 2.4321706950787805, 3.701239010115397, 3.0928394171052584, 1.32190684618849, 2.234873884584989, 3.8650869938463224, 4.968361010433924, 2.6578288470102813, 7.025204291691453, 6.901236080587303, 7.943161436732858, 7.295201551705066, 6.166710114801895, 6.149190068618793, 5.95814864786034, 4.006728146505575, 3.918643525507264, 4.193318759646111, 1.9450263468652553, 2.6636115689041446, 3.900531661196971, 4.561195057219106, 4.056810583450995, 2.8723214757404856, 4.0818535336290545, 3.4685304871083376, 5.1012616517877225, 5.956049700094854, 4.962134311966978], [8.149651811580664, 7.137747014289593, 7.190780704485431, 6.4025238039385695, 4.873445715302469, 4.643631984772264, 3.499384301559347, 2.2910200981222317, 1.38625179170308, 0.0, 1.4572348815479266, 2.4166423690732564, 2.459191112947507, 2.3517237337748664, 3.5270109767336986, 4.995164778062882, 6.268507115733379, 4.042853216479668, 8.303338500266024, 8.026368331318967, 9.108731932601815, 8.243164345686674, 7.051001655793311, 6.797267722401406, 6.837412273660262, 4.572056083426799, 4.650361245107739, 5.411325284068589, 1.0141601944466172, 2.1157226377765115, 2.668546441417125, 3.379481765004807, 2.6891407475251277, 2.759981204646148, 3.409170362419573, 2.714041880664335, 6.449768488093196, 7.2112207482506046, 6.266963792778765], [9.38195515391115, 8.405611074752388, 8.56570445089019, 7.780228464511822, 6.254327735256603, 5.86964536151887, 4.6396652174483455, 3.5610489732661637, 2.4321706950787805, 1.4572348815479266, 0.0, 1.5293627757991237, 1.5287113102217829, 2.8094565417532267, 4.1072759111118895, 5.219456962175279, 6.690734750384296, 4.923760023599851, 9.430207484992044, 9.276458564021077, 10.370718396523936, 9.623178142900608, 8.454764820502106, 8.208599023584963, 8.138536031744284, 5.930518092881936, 6.083528450660849, 6.592245184305572, 2.108920524818325, 1.097069341472999, 2.173709918549391, 2.1754962238533078, 2.1829318954103907, 2.1804761613005543, 2.17332342277904, 2.1810791709610178, 7.074620485227458, 7.511774265777693, 6.688262633898283], [10.515901694576648, 9.539888103117352, 9.537908822168516, 8.708264799602732, 7.195620306825535, 7.049139996481841, 5.9005525732765065, 4.6994958846667805, 3.701239010115397, 2.4166423690732564, 1.5293627757991237, 0.0, 2.505255134711832, 4.205198732521449, 5.525227703000122, 6.608082001609847, 8.144945336833144, 6.308543011662836, 10.655491724458333, 10.3206792068158, 11.487157544841109, 10.580357567209155, 9.322800689170611, 8.983880735517364, 9.15059552269687, 6.764901874380736, 6.913403012265378, 7.825414546846704, 2.7375557528569168, 2.1303764784657195, 1.0956832252069941, 1.095008210014884, 1.0959461209384336, 3.4698799647826437, 2.7391923809765535, 2.785076618335661, 8.481237268818742, 8.951196875278747, 8.194838291266034], [9.866947844191738, 8.790551912707187, 9.012986954944514, 8.086755558937094, 6.621116097003586, 6.085912013823401, 4.954553596440348, 3.9930383268884357, 3.0928394171052584, 2.459191112947507, 1.5287113102217829, 2.505255134711832, 0.0, 3.4182727348764903, 4.5145759025627195, 5.562491395948402, 6.848845801301121, 5.23249837649282, 9.857106817925835, 9.923098047484968, 10.814274169355981, 10.025802977318078, 9.0792474170495, 8.554279475210055, 8.248043198844197, 6.185415745121745, 6.697746156730635, 6.844357826706608, 2.7124671592481997, 2.159290839604522, 3.4658377428841067, 2.7570805882309646, 2.7727317378354503, 1.0951298827079825, 1.0951076887685527, 1.0959028424089428, 7.376365399029524, 7.642035546240281, 6.622020517183558], [7.0044250049522265, 6.207265774880273, 6.713423438157316, 6.2864189822187315, 4.860633446373014, 4.043135769424519, 2.655587439720259, 2.3384960658508707, 1.32190684618849, 2.3517237337748664, 2.8094565417532267, 4.205198732521449, 3.4182727348764903, 0.0, 1.3268164115656695, 2.6450193042773806, 3.9942482071098184, 2.357916031159719, 6.878139740511238, 6.94278335179775, 8.048177114104783, 7.790132165117611, 6.6637838342791405, 7.0031453968913135, 6.627732963842162, 5.017452791008601, 4.707627686000667, 4.439820749760062, 3.147627147550993, 2.5134838770121446, 4.37070714987861, 4.8614316656721615, 4.819971153440651, 2.975478632085937, 4.203532994993616, 4.107608356452694, 4.279372901489189, 4.88814459687927, 4.1359303354868056], [6.01900504236373, 5.322565384286039, 6.057374583926604, 5.825329725431858, 4.572310782306907, 3.4916818325844066, 2.233581836423282, 2.629931333704361, 2.234873884584989, 3.5270109767336986, 4.1072759111118895, 5.525227703000122, 4.5145759025627195, 1.3268164115656695, 0.0, 1.781145190600699, 2.7557382332144686, 1.326936569697286, 5.759951449448164, 6.048535154894944, 7.06686098419942, 7.0989680996606825, 6.106566776839504, 6.687509343544875, 6.086615140617976, 4.965714502465883, 4.523319122060702, 3.6160257936026947, 4.168794335296478, 3.7968028379150796, 5.673220013361019, 6.176039451784614, 6.094761162670774, 3.849256138528586, 5.293747590318224, 5.140495211553066, 2.9767344053509377, 3.7309524293402614, 2.9285001707358664], [6.660408720941982, 6.271101504520558, 7.2462612249352425, 7.259510455946737, 6.158512266773527, 4.977110351398691, 3.890129654651629, 4.410717915487228, 3.8650869938463224, 4.995164778062882, 5.219456962175279, 6.608082001609847, 5.562491395948402, 2.6450193042773806, 1.781145190600699, 0.0, 1.8093146492525838, 2.6844326421052176, 6.138350398111858, 6.681521493641998, 7.70787567232373, 8.228430710044291, 7.294458424722153, 8.19757290482982, 7.464643000170872, 6.662783696774194, 6.088359729023902, 4.829384454565613, 5.7680050606773925, 4.591578560800197, 6.7229828818761685, 7.054872262486402, 7.3513056200922575, 4.826175149121714, 6.093654414224686, 6.375538713708827, 2.425298486784668, 2.398261286849287, 2.4246258144299295], [5.737551673841379, 5.497163688667093, 6.705604918275458, 6.901480494792404, 6.116574984417342, 4.788507526359336, 4.131288647625581, 5.080410964675988, 4.968361010433924, 6.268507115733379, 6.690734750384296, 8.144945336833144, 6.848845801301121, 3.9942482071098184, 2.7557382332144686, 1.8093146492525838, 0.0, 2.8261474466134993, 5.012637911319748, 5.974276937839424, 6.689454330511571, 7.5511754508818045, 6.940868346972158, 7.945344529345472, 6.935074195709806, 6.774478693597021, 6.234303836836957, 4.331817730468354, 6.873043288092984, 6.2163090286761, 8.308999239980709, 8.660113342214409, 8.772869958001202, 5.969344917995608, 7.456174371619805, 7.51878339693331, 1.0935979745774957, 1.093578867754859, 1.0937128325113499], [4.879671904954267, 4.069262533924298, 4.8411091404759725, 4.628814756500848, 3.5171891063745777, 2.2950725783730674, 1.3219091723715364, 2.341198201776176, 2.6578288470102813, 4.042853216479668, 4.923760023599851, 6.308543011662836, 5.23249837649282, 2.357916031159719, 1.326936569697286, 2.6844326421052176, 2.8261474466134993, 0.0, 4.6852383077064506, 5.038720414946637, 5.888083283208553, 5.853590595523401, 5.018102774953897, 5.561893441985383, 4.832434426870167, 4.055482099578298, 3.6307058900439735, 2.3028208223828446, 4.422023151228406, 4.840508238811292, 6.461828578660996, 7.075528438922424, 6.702682836745298, 4.534631896857781, 6.133811197779077, 5.638117421622221, 2.6966016873094176, 3.9165053312870652, 2.7788449596909865], [1.093253465578774, 2.048288321989851, 3.2941504807764925, 4.469350486368238, 4.8529620243723315, 4.346539388985219, 5.012957428504655, 6.233161324721189, 7.025204291691453, 8.303338500266024, 9.430207484992044, 10.655491724458333, 9.857106817925835, 6.878139740511238, 5.759951449448164, 6.138350398111858, 5.012637911319748, 4.6852383077064506, 0.0, 1.7768801253883166, 1.7772504691235838, 3.598534237714017, 3.5984390254664596, 5.369750141300804, 4.625202893928006, 5.915855649016464, 4.931830274857399, 3.353867233508208, 8.480636902379443, 9.348517767539409, 10.581661528323423, 11.5336393289369, 10.949463181818551, 9.176358513048626, 10.80241813345512, 10.118623950913484, 3.990711422791681, 5.563355804727935, 5.154098325604586], [1.0942490118798371, 2.075573971218564, 2.6333425622201148, 4.039988120032038, 4.447128270018754, 4.429975234693756, 5.082876856662967, 6.076754385360658, 6.901236080587303, 8.026368331318967, 9.276458564021077, 10.3206792068158, 9.923098047484968, 6.94278335179775, 6.048535154894944, 6.681521493641998, 5.974276937839424, 5.038720414946637, 1.7768801253883166, 0.0, 1.79498741221213, 2.999951279604387, 2.4012477173336366, 4.706685940234381, 4.58215960765227, 5.531632536602554, 4.192529303415779, 3.6430558189519964, 8.155878091904023, 9.250519883228186, 10.096237598234305, 11.271304901829247, 10.565226442911671, 9.411697520638878, 10.91415861118025, 10.136749075517258, 4.928656169789083, 6.637512578519154, 6.2553587403121815], [1.0941854184734867, 2.0759157641869765, 2.6333128184854906, 4.038913088938656, 4.924588350309089, 4.88421817387389, 5.859828189460848, 6.9578608501464005, 7.943161436732858, 9.108731932601815, 10.370718396523936, 11.487157544841109, 10.814274169355981, 8.048177114104783, 7.06686098419942, 7.70787567232373, 6.689454330511571, 5.888083283208553, 1.7772504691235838, 1.79498741221213, 0.0, 2.4045350091025917, 2.990260144201504, 4.685865833546667, 4.216019656026286, 5.935800041274975, 5.026273753985153, 4.03929064193207, 9.11887654045168, 10.433195643713386, 11.383155589290695, 12.443720322315189, 11.642336462239872, 10.213107939799716, 11.82598055384838, 10.926965732992851, 5.6936945729464625, 7.305655375118649, 6.733488762892531], [2.6086198688195257, 2.0672164158597424, 1.095989311079264, 2.1546057481590455, 3.4847735780104854, 4.061803050370611, 5.289647370099448, 6.097685811846983, 7.295201551705066, 8.243164345686674, 9.623178142900608, 10.580357567209155, 10.025802977318078, 7.790132165117611, 7.0989680996606825, 8.228430710044291, 7.5511754508818045, 5.853590595523401, 3.598534237714017, 2.999951279604387, 2.4045350091025917, 0.0, 1.7810373718706747, 2.4483261016457756, 2.48203710487978, 4.27753878299192, 3.717693161087935, 3.653507511967096, 8.003727147398267, 9.928297269421378, 10.516379348425959, 11.608298198702514, 10.5219333408837, 9.568458754679355, 11.101717281123674, 9.916118441204704, 6.699832221779886, 8.40097391675513, 7.427015142707062], [2.6056321651376657, 2.071510084455299, 1.0962505963510352, 2.165623229003605, 2.7880445279801394, 3.5211630947742254, 4.434477838483355, 5.091206750859761, 6.166710114801895, 7.051001655793311, 8.454764820502106, 9.322800689170611, 9.0792474170495, 6.6637838342791405, 6.106566776839504, 7.294458424722153, 6.940868346972158, 5.018102774953897, 3.5984390254664596, 2.4012477173336366, 2.990260144201504, 1.7810373718706747, 0.0, 2.4924025958901583, 3.0686926255328997, 3.7134238325297586, 2.498524604641708, 3.2263235454616144, 6.908159321411168, 8.699415278626491, 9.129470127011754, 10.3636713625047, 9.337597324258528, 8.729449340021398, 10.146810826560236, 9.059256065483522, 6.077030004862573, 7.8409272838102515, 7.011576958858828], [4.494035640713144, 3.3546792648478334, 2.144572435242046, 1.096098668003935, 2.1527749603709165, 3.373007788310012, 4.528982336022079, 4.862437312706458, 6.149190068618793, 6.797267722401406, 8.208599023584963, 8.983880735517364, 8.554279475210055, 7.0031453968913135, 6.687509343544875, 8.19757290482982, 7.945344529345472, 5.561893441985383, 5.369750141300804, 4.706685940234381, 4.685865833546667, 2.4483261016457756, 2.4924025958901583, 0.0, 1.7708425932306917, 2.382099078543964, 2.5509753624839266, 3.636193537203431, 6.317772