{"total energy": -53.37152207, "HOMO-LUMO gap/eV": 3.01151618, "electronic energy": -53.9594753, "dipole": [-0.71436546, -0.92512129, 0.9524559], "partial charges": [-0.10380394, -0.06119714, -0.01220724, -0.10562665, -0.02172789, -0.05557467, 0.07093853, -0.14608256, -0.0967964, 0.28371373, -0.38271162, -0.16508101, 0.33964241, -0.41786978, -0.16657338, 0.2783807, -0.39276142, 0.04264327, 0.03935806, 0.03644384, 0.04029902, 0.05536902, 0.0621764, 0.02732139, 0.03950422, 0.05706664, 0.08169395, 0.06955488, 0.06646088, 0.06685793, 0.2369781, 0.23361073], "atomic dipole moments": [[0.09272727, 0.05203798, -0.03858415], [-0.03272507, 0.03383063, 0.13004509], [0.04278451, 0.09115285, -0.09717487], [0.08106307, -0.07354621, -0.01849717], [0.0146177, 0.00506359, 0.00539757], [-0.00094517, 0.15152544, 0.03037994], [-0.08370579, 0.07641659, -0.21814247], [-0.14898697, -0.29276011, 0.46414546], [0.025856, -0.00541927, 0.02732711], [0.00917473, 0.08322844, 0.01271855], [0.0500345, 0.06474775, 0.17260725], [0.04604366, -0.01392531, 0.03571112], [-0.01473413, -0.0901852, 0.00200529], [-0.0426474, -0.2112879, -0.00589964], [-0.03121432, 0.00216212, -0.03933161], [0.02235134, 0.07668491, -0.00358401], [-0.0318505, 0.09343757, -0.16454144], [-0.03347902, -0.09220586, -0.08061638], [-0.10071765, 0.07709336, 0.00708785], [0.01901655, -0.05504546, 0.11227387], [0.07837645, -0.09254431, -0.0279108], [-0.03323383, 0.05063091, -0.11362725], [0.0101511, -0.06481504, 0.10889768], [0.04053005, 0.08969894, 0.08139225], [-0.04635168, 0.06157549, -0.10309869], [-0.10336983, -0.04566799, 0.06266965], [-0.02756357, -0.06247482, -0.11453235], [-0.00763609, -0.10154269, 0.08044133], [-0.04023547, -0.07415552, 0.13409708], [0.14721617, 0.0448362, -0.02332722], [-0.01472758, 0.08110351, -0.11149134], [0.05259696, 0.06165737, 0.11283048]], "atomic quadrupole moments": [[0.11103743, 0.13481416, -0.04326553, -0.11260175, -0.04925368, -0.0677719], [0.0566751, 0.18288191, -0.0429106, -0.04188374, 0.10165179, -0.01376449], [0.12170041, 0.04762158, 0.00555931, -0.06711282, 0.10894714, -0.12725972], [0.03239369, -0.14342763, 0.08254992, -0.02115087, 0.05464839, -0.11494361], [-0.10762039, -0.00945621, 0.05083169, 0.03187124, 0.00187151, 0.05678869], [0.15234311, -0.06489173, 0.01060437, -0.05609701, 0.02835191, -0.16294749], [-0.27161732, 0.02254792, 0.29848683, -0.28506727, 0.11527033, -0.02686951], [-0.29059332, 0.14663174, -0.15945463, -0.2456052, -0.45155761, 0.45004795], [-0.30242565, -0.15241534, 0.42972691, -0.11635461, 0.3523341, -0.12730125], [0.47693785, -0.03972595, -0.18418527, -0.19979155, 0.03595224, -0.29275258], [0.19846, -0.01557314, -0.11445422, -0.07660293, 0.0281617, -0.08400579], [0.0177148, 0.03379449, 0.00977852, 0.00207989, 0.1101919, -0.02749332], [0.29033875, -0.11108147, -0.23470697, -0.23104243, 0.03990146, -0.05563178], [0.10804766, -0.02741156, -0.03626785, -0.10849719, 0.02334845, -0.07177981], [-0.00933417, -0.02776983, 0.04515015, -0.04141528, -0.0959758, -0.03581597], [0.4166416, -0.14875603, -0.15508859, -0.25325498, 0.05361433, -0.26155301], [0.16538491, -0.07268593, -0.09175207, -0.09440743, -0.00165017, -0.07363284], [-0.02708646, 0.02185139, 0.01270873, 0.0045579, 0.06244554, 0.01437773], [0.01844498, -0.05374027, 0.02830206, -0.01420644, -0.0001986, -0.04674704], [-0.02233408, -0.00621017, -0.03237139, 0.02675219, -0.04536012, 0.05470548], [0.03987584, -0.02980941, 0.00940632, -0.00386594, 0.00948467, -0.04928216], [-0.01591284, -0.00013794, 0.00214372, 0.01706425, -0.04277671, 0.01376912], [-0.00709644, -0.00761699, -0.00463415, 0.01601601, -0.0131029, 0.01173059], [-0.00230804, 0.03566436, 0.00823182, 0.04082191, 0.04954078, -0.00592378], [-0.03862859, -0.01912405, -0.02054207, 0.0204658, -0.0394247, 0.05917066], [0.02511003, 0.04189619, 0.00575319, -0.03882367, -0.02916462, -0.03086322], [-0.00148484, 0.01367252, -0.03944027, 0.01393307, 0.00911113, 0.04092511], [-0.00411531, -0.00871454, -0.01197106, -0.00404995, -0.05182442, 0.01608637], [0.01518579, 0.01668297, -0.03421188, -0.00058206, -0.03571448, 0.01902609], [0.03208411, 0.0167165, -0.04339585, 0.01005665, -0.03339424, 0.01131174], [-0.03855759, 0.00266492, 0.01958561, 0.02831937, -0.01310393, 0.01897198], [-0.03341888, 0.01378599, 0.01360849, 0.03106803, 0.00214074, 0.01981039]], "number of molecular orbitals": 88, "number of electrons": 94, "number of unpaired electrons": 0, "orbital energies/eV": [-23.09475492, -20.66446073, -20.38161342, -20.26090871, -19.84311889, -19.46042322, -18.92643884, -18.34284913, -18.18691741, -18.02564104, -17.6539812, -17.3794144, -17.1648072, -16.97967624, -16.75513652, -16.70212228, -16.2524941, -15.77877101, -15.75216065, -15.70181338, -15.61228632, -15.482825, -15.35601288, -14.96734551, -14.83214396, -14.69482052, -14.40657906, -14.27219532, -14.25836609, -14.04773902, -13.7767469, -13.42644535, -13.18445672, -13.14161568, -12.95460363, -12.93107116, -12.84246258, -12.78312675, -12.72201607, -12.58305866, -12.5115423, -12.21181379, -12.18444967, -11.9108958, -11.69787951, -11.47895636, -11.21149902, -8.19998284, -7.2882117, -6.93786813, -5.72867381, -5.54081359, -1.04954845, -0.50363221, -0.29680155, 0.59905501, 0.73557826, 0.75676636, 0.81762703, 1.49998656, 1.61684772, 1.77099119, 2.38239932, 2.99195083, 3.10309644, 3.34283519, 3.47902949, 3.69502119, 3.70125964, 3.91899906, 4.16691061, 4.45232879, 4.73181497, 5.02383068, 5.30112265, 5.50474508, 6.04155804, 6.7720438, 6.88161814, 7.31153307, 7.64003647, 8.27741853, 12.00948184, 13.91166469, 14.06516442, 14.1272277, 14.49587345, 16.30921902], "fractional occupation": [2.0, 2.0, 2.0, 2.0, 2.0, 2.0, 2.0, 2.0, 2.0, 2.0, 2.0, 2.0, 2.0, 2.0, 2.0, 2.0, 2.0, 2.0, 2.0, 2.0, 2.0, 2.0, 2.0, 2.0, 2.0, 2.0, 2.0, 2.0, 2.0, 2.0, 2.0, 2.0, 2.0, 2.0, 2.0, 2.0, 2.0, 2.0, 2.0, 2.0, 2.0, 2.0, 2.0, 2.0, 2.0, 2.0, 2.0, 0.0, 0.0, 0.0, 0.0, 0.0, 0.0, 0.0, 0.0, 0.0, 0.0, 0.0, 0.0, 0.0, 0.0, 0.0, 0.0, 0.0, 0.0, 0.0, 0.0, 0.0, 0.0, 0.0, 0.0, 0.0, 0.0, 0.0, 0.0, 0.0, 0.0, 0.0, 0.0, 0.0, 0.0, 0.0, 0.0, 0.0, 0.0, 0.0, 0.0, 0.0], "program call": "xtb /home/svss/Project-DBcg-Debug/aqme2_20220329/End-to-End-workflows-final/example-3/QDESCP/mol_901_rdkit_conf_2/mol_901_rdkit_conf_2.xyz --pop --wbo --acc 0.2 --gfn 2 --chrg 0 --uhf 0 --etemp 300 --input /home/svss/Project-DBcg-Debug/aqme2_20220329/End-to-End-workflows-final/example-3/QDESCP/mol_901_rdkit_conf_2/mol_901_rdkit_conf_2_xtb.inp", "method": "GFN2-xTB", "xtb version": "6.3.3 (7355c4f)", "Dipole module/D": 3.832, "Total charge": 0, "Transition dipole module/D": NaN, "HOMO": -11.2115, "LUMO": -8.2, "HOMO occupancy": 2.0, "LUMO occupancy": 0, "mulliken charges": [-0.08256, -0.04765, 0.00259, -0.09959, -0.05953, -0.04445, 0.06384, -0.06191, -0.0981, 0.47333, -0.51449, -0.31856, 0.57451, -0.5387, -0.31732, 0.47281, -0.51775, 0.03669, 0.03028, 0.03007, 0.03018, 0.04465, 0.04838, 0.03235, 0.0366, 0.04612, 0.0608, 0.05568, 0.05385, 0.04448, 0.28161, 0.28182], "cm5 charges": [-0.2335, -0.15774, -0.06104, -0.24592, -0.05941, -0.14028, 0.03466, -0.04445, -0.1971, 0.57291, -0.56184, -0.6629, 0.74352, -0.57518, -0.66148, 0.57224, -0.56355, 0.08743, 0.08208, 0.08154, 0.08686, 0.10423, 0.1118, 0.08799, 0.09108, 0.0983, 0.12096, 0.11448, 0.10824, 0.0977, 0.48415, 0.48421], "FUKUI+": [0.01, 0.006, -0.001, 0.014, -0.002, 0.014, -0.011, -0.05, -0.018, -0.045, -0.124, -0.031, -0.047, -0.133, -0.029, -0.047, -0.123, -0.024, -0.014, -0.014, -0.013, -0.006, -0.024, -0.001, -0.011, -0.033, -0.038, -0.039, -0.036, -0.045, -0.043, -0.043], "FUKUI-": [0.015, 0.004, 0.002, 0.013, -0.007, 0.018, -0.018, -0.176, -0.033, -0.001, -0.063, -0.019, 0.001, -0.073, -0.014, 0.001, -0.052, -0.043, -0.052, -0.05, -0.046, -0.059, -0.046, -0.025, -0.024, -0.027, -0.03, -0.036, -0.056, -0.054, -0.024, -0.025], "FUKUIrad": [0.013, 0.005, 0.001, 0.014, -0.005, 0.016, -0.015, -0.113, -0.026, -0.023, -0.093, -0.025, -0.023, -0.103, -0.022, -0.023, -0.088, -0.033, -0.033, -0.032, -0.03, -0.033, -0.035, -0.013, -0.018, -0.03, -0.034, -0.037, -0.046, -0.049, -0.034, -0.034], "s proportion": [1.009, 1.033, 1.071, 1.015, 1.11, 1.045, 1.11, 1.944, 1.057, 1.009, 1.729, 1.424, 0.934, 1.72, 1.422, 1.011, 1.73, 0.963, 0.97, 0.97, 0.97, 0.955, 0.952, 0.968, 0.963, 0.954, 0.939, 0.944, 0.946, 0.956, 0.718, 0.718], "p proportion": [3.074, 3.014, 2.926, 3.084, 2.949, 2.999, 2.826, 5.111, 3.041, 2.517, 4.785, 3.894, 2.491, 4.819, 3.895, 2.517, 4.788, 0.0, 0.0, 0.0, 0.0, 0.0, 0.0, 0.0, 0.0, 0.0, 0.0, 0.0, 0.0, 0.0, 0.0, 0.0], "d proportion": [0.0, 0.0, 0.0, 0.0, 0.0, 0.0, 0.0, 0.007, 0.0, 0.0, 0.0, 0.0, 0.0, 0.0, 0.0, 0.0, 0.0, 0.0, 0.0, 0.0, 0.0, 0.0, 0.0, 0.0, 0.0, 0.0, 0.0, 0.0, 0.0, 0.0, 0.0, 0.0], "Fermi-level/eV": -9.7057, "Coordination numbers": [3.748, 3.798, 3.845, 3.748, 3.896, 3.863, 2.876, 1.086, 2.944, 2.761, 0.859, 2.697, 2.699, 0.86, 2.697, 2.763, 0.859, 0.924, 0.924, 0.924, 0.924, 0.924, 0.923, 0.924, 0.924, 0.924, 0.923, 0.923, 0.925, 0.925, 0.86, 0.86], "Dispersion coefficient C6": [22.55, 21.679, 20.762, 22.585, 20.907, 21.529, 26.41, 189.081, 30.435, 22.195, 21.338, 24.571, 21.229, 22.04, 24.603, 22.29, 21.536, 2.414, 2.458, 2.497, 2.445, 2.254, 2.174, 2.625, 2.456, 2.234, 1.962, 2.091, 2.125, 2.12, 0.936, 0.95], "Total dispersion C6": 12451.402522, "Total dispersion C8": 331061.655819, "Polarizability alpha": [6.773, 6.63, 6.482, 6.778, 6.5, 6.598, 8.425, 22.171, 9.048, 7.715, 6.193, 7.362, 7.541, 6.294, 7.367, 7.732, 6.222, 2.43, 2.452, 2.471, 2.445, 2.348, 2.306, 2.534, 2.451, 2.337, 2.19, 2.261, 2.28, 2.277, 1.515, 1.527], "Total polarizability alpha": 169.653506, "Wiberg matrix": [[0.0, 1.0165890353071112, 0.0, 0.0, 0.0, 0.0, 0.0, 0.0, 0.0, 0.0, 0.0, 0.0, 0.0, 0.0, 0.0, 0.0, 0.0, 0.9852875076067117, 0.9857869298639031, 0.9869410758673316, 0.0, 0.0, 0.0, 0.0, 0.0, 0.0, 0.0, 0.0, 0.0, 0.0, 0.0, 0.0], [1.0165890353071112, 0.0, 0.9952988038559928, 0.0, 0.0, 0.0, 0.0, 0.0, 0.0, 0.0, 0.0, 0.0, 0.0, 0.0, 0.0, 0.0, 0.0, 0.0, 0.0, 0.0, 0.9737006176418466, 0.9740347410092945, 0.0, 0.0, 0.0, 0.0, 0.0, 0.0, 0.0, 0.0, 0.0, 0.0], [0.0, 0.9952988038559928, 0.0, 1.0091214006533542, 0.9163554461441552, 0.0, 0.0, 0.0, 0.0, 0.0, 0.0, 0.0, 0.0, 0.0, 0.0, 0.0, 0.0, 0.0, 0.0, 0.0, 0.0, 0.0, 0.9616851173272252, 0.0, 0.0, 0.0, 0.0, 0.0, 0.0, 0.0, 0.0, 0.0], [0.0, 0.0, 1.0091214006533542, 0.0, 0.0, 0.0, 0.0, 0.0, 0.0, 0.0, 0.0, 0.0, 0.0, 0.0, 0.0, 0.0, 0.0, 0.0, 0.0, 0.0, 0.0, 0.0, 0.0, 0.9847666299434359, 0.9858709233155674, 0.9807920315421826, 0.0, 0.0, 0.0, 0.0, 0.0, 0.0], [0.0, 0.0, 0.9163554461441552, 0.0, 0.0, 0.9383809537391289, 0.0, 0.0, 0.0, 0.9624574384456872, 0.0, 0.0, 0.0, 0.0, 0.0, 0.9567715802902653, 0.0, 0.0, 0.0, 0.0, 0.0, 0.0, 0.0, 0.0, 0.0, 0.0, 0.0, 0.0, 0.0, 0.0, 0.0, 0.0], [0.0, 0.0, 0.0, 0.0, 0.9383809537391289, 0.0, 1.0098017567111803, 0.0, 0.0, 0.0, 0.0, 0.0, 0.0, 0.0, 0.0, 0.0, 0.0, 0.0, 0.0, 0.0, 0.0, 0.0, 0.0, 0.0, 0.0, 0.0, 0.9576803080849283, 0.9637991186826693, 0.0, 0.0, 0.0, 0.0], [0.0, 0.0, 0.0, 0.0, 0.0, 1.0098017567111803, 0.0, 1.0064530859119967, 1.8996756181598713, 0.0, 0.0, 0.0, 0.0, 0.0, 0.0, 0.0, 0.0, 0.0, 0.0, 0.0, 0.0, 0.0, 0.0, 0.0, 0.0, 0.0, 0.0, 0.0, 0.0, 0.0, 0.0, 0.0], [0.0, 0.0, 0.0, 0.0, 0.0, 0.0, 1.0064530859119967, 0.0, 0.0, 0.0, 0.0, 0.0, 0.0, 0.0, 0.0, 0.0, 0.0, 0.0, 0.0, 0.0, 0.0, 0.0, 0.0, 0.0, 0.0, 0.0, 0.0, 0.0, 0.0, 0.0, 0.0, 0.0], [0.0, 0.0, 0.0, 0.0, 0.0, 0.0, 1.8996756181598713, 0.0, 0.0, 0.0, 0.0, 0.0, 0.0, 0.0, 0.0, 0.0, 0.0, 0.0, 0.0, 0.0, 0.0, 0.0, 0.0, 0.0, 0.0, 0.0, 0.0, 0.0, 0.9667351128112, 0.9730220708533177, 0.0, 0.0], [0.0, 0.0, 0.0, 0.0, 0.9624574384456872, 0.0, 0.0, 0.0, 0.0, 0.0, 1.743373756118574, 1.1498218877454267, 0.0, 0.0, 0.0, 0.0, 0.0, 0.0, 0.0, 0.0, 0.0, 0.0, 0.0, 0.0, 0.0, 0.0, 0.0, 0.0, 0.0, 0.0, 0.0, 0.0], [0.0, 0.0, 0.0, 0.0, 0.0, 0.0, 0.0, 0.0, 0.0, 1.743373756118574, 0.0, 0.13587047153865225, 0.0, 0.0, 0.0, 0.0, 0.0, 0.0, 0.0, 0.0, 0.0, 0.0, 0.0, 0.0, 0.0, 0.0, 0.0, 0.0, 0.0, 0.0, 0.0, 0.0], [0.0, 0.0, 0.0, 0.0, 0.0, 0.0, 0.0, 0.0, 0.0, 1.1498218877454267, 0.13587047153865225, 0.0, 1.1308974172331636, 0.1180716707385615, 0.0, 0.0, 0.0, 0.0, 0.0, 0.0, 0.0, 0.0, 0.0, 0.0, 0.0, 0.0, 0.0, 0.0, 0.0, 0.0, 0.9073486090830218, 0.0], [0.0, 0.0, 0.0, 0.0, 0.0, 0.0, 0.0, 0.0, 0.0, 0.0, 0.0, 1.1308974172331636, 0.0, 1.6537197519578, 1.1229028881666008, 0.0, 0.0, 0.0, 0.0, 0.0, 0.0, 0.0, 0.0, 0.0, 0.0, 0.0, 0.0, 0.0, 0.0, 0.0, 0.0, 0.0], [0.0, 0.0, 0.0, 0.0, 0.0, 0.0, 0.0, 0.0, 0.0, 0.0, 0.0, 0.1180716707385615, 1.6537197519578, 0.0, 0.11423132309513202, 0.0, 0.0, 0.0, 0.0, 0.0, 0.0, 0.0, 0.0, 0.0, 0.0, 0.0, 0.0, 0.0, 0.0, 0.0, 0.0, 0.0], [0.0, 0.0, 0.0, 0.0, 0.0, 0.0, 0.0, 0.0, 0.0, 0.0, 0.0, 0.0, 1.1229028881666008, 0.11423132309513202, 0.0, 1.1607815331697462, 0.1391092280038807, 0.0, 0.0, 0.0, 0.0, 0.0, 0.0, 0.0, 0.0, 0.0, 0.0, 0.0, 0.0, 0.0, 0.0, 0.9088436767338388], [0.0, 0.0, 0.0, 0.0, 0.9567715802902653, 0.0, 0.0, 0.0, 0.0, 0.0, 0.0, 0.0, 0.0, 0.0, 1.1607815331697462, 0.0, 1.737171499675392, 0.0, 0.0, 0.0, 0.0, 0.0, 0.0, 0.0, 0.0, 0.0, 0.0, 0.0, 0.0, 0.0, 0.0, 0.0], [0.0, 0.0, 0.0, 0.0, 0.0, 0.0, 0.0, 0.0, 0.0, 0.0, 0.0, 0.0, 0.0, 0.0, 0.1391092280038807, 1.737171499675392, 0.0, 0.0, 0.0, 0.0, 0.0, 0.0, 0.0, 0.0, 0.0, 0.0, 0.0, 0.0, 0.0, 0.0, 0.0, 0.0], [0.9852875076067117, 0.0, 0.0, 0.0, 0.0, 0.0, 0.0, 0.0, 0.0, 0.0, 0.0, 0.0, 0.0, 0.0, 0.0, 0.0, 0.0, 0.0, 0.0, 0.0, 0.0, 0.0, 0.0, 0.0, 0.0, 0.0, 0.0, 0.0, 0.0, 0.0, 0.0, 0.0], [0.9857869298639031, 0.0, 0.0, 0.0, 0.0, 0.0, 0.0, 0.0, 0.0, 0.0, 0.0, 0.0, 0.0, 0.0, 0.0, 0.0, 0.0, 0.0, 0.0, 0.0, 0.0, 0.0, 0.0, 0.0, 0.0, 0.0, 0.0, 0.0, 0.0, 0.0, 0.0, 0.0], [0.9869410758673316, 0.0, 0.0, 0.0, 0.0, 0.0, 0.0, 0.0, 0.0, 0.0, 0.0, 0.0, 0.0, 0.0, 0.0, 0.0, 0.0, 0.0, 0.0, 0.0, 0.0, 0.0, 0.0, 0.0, 0.0, 0.0, 0.0, 0.0, 0.0, 0.0, 0.0, 0.0], [0.0, 0.9737006176418466, 0.0, 0.0, 0.0, 0.0, 0.0, 0.0, 0.0, 0.0, 0.0, 0.0, 0.0, 0.0, 0.0, 0.0, 0.0, 0.0, 0.0, 0.0, 0.0, 0.0, 0.0, 0.0, 0.0, 0.0, 0.0, 0.0, 0.0, 0.0, 0.0, 0.0], [0.0, 0.9740347410092945, 0.0, 0.0, 0.0, 0.0, 0.0, 0.0, 0.0, 0.0, 0.0, 0.0, 0.0, 0.0, 0.0, 0.0, 0.0, 0.0, 0.0, 0.0, 0.0, 0.0, 0.0, 0.0, 0.0, 0.0, 0.0, 0.0, 0.0, 0.0, 0.0, 0.0], [0.0, 0.0, 0.9616851173272252, 0.0, 0.0, 0.0, 0.0, 0.0, 0.0, 0.0, 0.0, 0.0, 0.0, 0.0, 0.0, 0.0, 0.0, 0.0, 0.0, 0.0, 0.0, 0.0, 0.0, 0.0, 0.0, 0.0, 0.0, 0.0, 0.0, 0.0, 0.0, 0.0], [0.0, 0.0, 0.0, 0.9847666299434359, 0.0, 0.0, 0.0, 0.0, 0.0, 0.0, 0.0, 0.0, 0.0, 0.0, 0.0, 0.0, 0.0, 0.0, 0.0, 0.0, 0.0, 0.0, 0.0, 0.0, 0.0, 0.0, 0.0, 0.0, 0.0, 0.0, 0.0, 0.0], [0.0, 0.0, 0.0, 0.9858709233155674, 0.0, 0.0, 0.0, 0.0, 0.0, 0.0, 0.0, 0.0, 0.0, 0.0, 0.0, 0.0, 0.0, 0.0, 0.0, 0.0, 0.0, 0.0, 0.0, 0.0, 0.0, 0.0, 0.0, 0.0, 0.0, 0.0, 0.0, 0.0], [0.0, 0.0, 0.0, 0.9807920315421826, 0.0, 0.0, 0.0, 0.0, 0.0, 0.0, 0.0, 0.0, 0.0, 0.0, 0.0, 0.0, 0.0, 0.0, 0.0, 0.0, 0.0, 0.0, 0.0, 0.0, 0.0, 0.0, 0.0, 0.0, 0.0, 0.0, 0.0, 0.0], [0.0, 0.0, 0.0, 0.0, 0.0, 0.9576803080849283, 0.0, 0.0, 0.0, 0.0, 0.0, 0.0, 0.0, 0.0, 0.0, 0.0, 0.0, 0.0, 0.0, 0.0, 0.0, 0.0, 0.0, 0.0, 0.0, 0.0, 0.0, 0.0, 0.0, 0.0, 0.0, 0.0], [0.0, 0.0, 0.0, 0.0, 0.0, 0.9637991186826693, 0.0, 0.0, 0.0, 0.0, 0.0, 0.0, 0.0, 0.0, 0.0, 0.0, 0.0, 0.0, 0.0, 0.0, 0.0, 0.0, 0.0, 0.0, 0.0, 0.0, 0.0, 0.0, 0.0, 0.0, 0.0, 0.0], [0.0, 0.0, 0.0, 0.0, 0.0, 0.0, 0.0, 0.0, 0.9667351128112, 0.0, 0.0, 0.0, 0.0, 0.0, 0.0, 0.0, 0.0, 0.0, 0.0, 0.0, 0.0, 0.0, 0.0, 0.0, 0.0, 0.0, 0.0, 0.0, 0.0, 0.0, 0.0, 0.0], [0.0, 0.0, 0.0, 0.0, 0.0, 0.0, 0.0, 0.0, 0.9730220708533177, 0.0, 0.0, 0.0, 0.0, 0.0, 0.0, 0.0, 0.0, 0.0, 0.0, 0.0, 0.0, 0.0, 0.0, 0.0, 0.0, 0.0, 0.0, 0.0, 0.0, 0.0, 0.0, 0.0], [0.0, 0.0, 0.0, 0.0, 0.0, 0.0, 0.0, 0.0, 0.0, 0.0, 0.0, 0.9073486090830218, 0.0, 0.0, 0.0, 0.0, 0.0, 0.0, 0.0, 0.0, 0.0, 0.0, 0.0, 0.0, 0.0, 0.0, 0.0, 0.0, 0.0, 0.0, 0.0, 0.0], [0.0, 0.0, 0.0, 0.0, 0.0, 0.0, 0.0, 0.0, 0.0, 0.0, 0.0, 0.0, 0.0, 0.0, 0.9088436767338388, 0.0, 0.0, 0.0, 0.0, 0.0, 0.0, 0.0, 0.0, 0.0, 0.0, 0.0, 0.0, 0.0, 0.0, 0.0, 0.0, 0.0]], "Born radii": [], "Atomic SASAs": [], "Solvent H bonds": [], "Total SASA": NaN, "Total FOD": 0.0, "FOD": [0.0, 0.0, 0.0, 0.0, 0.0, 0.0, 0.0, 0.0, 0.0, 0.0, 0.0, 0.0, 0.0, 0.0, 0.0, 0.0, 0.0, 0.0, 0.0, 0.0, 0.0, 0.0, 0.0, 0.0, 0.0, 0.0, 0.0, 0.0, 0.0, 0.0, 0.0, 0.0], "FOD s proportion": [0.0, 0.0, 0.0, 0.0, 0.0, 0.0, 0.0, 0.0, 0.0, 0.0, 0.0, 0.0, 0.0, 0.0, 0.0, 0.0, 0.0, 0.0, 0.0, 0.0, 0.0, 0.0, 0.0, 0.0, 0.0, 0.0, 0.0, 0.0, 0.0, 0.0, 0.0, 0.0], "FOD p proportion": [0.0, 0.0, 0.0, 0.0, 0.0, 0.0, 0.0, 0.0, 0.0, 0.0, 0.0, 0.0, 0.0, 0.0, 0.0, 0.0, 0.0, 0.0, 0.0, 0.0, 0.0, 0.0, 0.0, 0.0, 0.0, 0.0, 0.0, 0.0, 0.0, 0.0, 0.0, 0.0], "FOD d proportion": [0.0, 0.0, 0.0, 0.0, 0.0, 0.0, 0.0, 0.0, 0.0, 0.0, 0.0, 0.0, 0.0, 0.0, 0.0, 0.0, 0.0, 0.0, 0.0, 0.0, 0.0, 0.0, 0.0, 0.0, 0.0, 0.0, 0.0, 0.0, 0.0, 0.0, 0.0, 0.0], "coordinates": [["-2.91630", "-2.25310", "-0.09990"], ["-1.67100", "-1.53150", "-0.60470"], ["-1.08760", "-0.51200", "0.40570"], ["-2.12880", "0.57200", "0.74650"], ["0.29950", "0.11820", "-0.02930"], ["1.32090", "-0.98590", "-0.44370"], ["2.77170", "-0.55590", "-0.55450"], ["3.27470", "0.28640", "-2.14700"], ["3.68260", "-0.81200", "0.39510"], ["0.07910", "1.04660", "-1.21350"], ["-0.23910", "0.64450", "-2.33170"], ["0.21940", "2.38610", "-0.99870"], ["0.82760", "2.96280", "0.06780"], ["1.07340", "4.16370", "0.09730"], ["1.15450", "2.14480", "1.09960"], ["0.87290", "0.81460", "1.19940"], ["1.08100", "0.22560", "2.26060"], ["-3.19750", "-3.04640", "-0.80040"], ["-3.77010", "-1.57460", "-0.01660"], ["-2.73690", "-2.71290", "0.87690"], ["-0.92710", "-2.30250", "-0.82850"], ["-1.91980", "-1.03940", "-1.55050"], ["-0.91180", "-1.07090", "1.33650"], ["-1.72220", "1.32690", "1.42600"], ["-2.48800", "1.08050", "-0.15410"], ["-2.99640", "0.13750", "1.25290"], ["1.03130", "-1.44330", "-1.39900"], ["1.26490", "-1.80210", "0.29150"], ["3.41220", "-1.32010", "1.31670"], ["4.72300", "-0.52150", "0.28360"], ["0.07090", "2.98510", "-1.79950"], ["1.55290", "2.58880", "1.91530"]], "bond_dist": [[0.0, 1.5252218494369927, 2.5751124752134613, 3.0524972104819357, 3.996175382787898, 4.435973187475325, 5.953191832958183, 6.997725320416629, 6.772538329164332, 4.59353308576307, 4.532594934471864, 5.671210855716792, 6.422657028831603, 7.558565748209115, 6.111606769091087, 5.045493079967507, 5.262539427880802, 1.0950335976580812, 1.0937438365540624, 1.094412463379324, 2.119012732382701, 2.1378307463407853, 2.734750820458786, 4.070705788926535, 3.361438306737162, 2.7479905767669583, 4.23402676066177, 4.223627398339016, 6.551881928881198, 7.842475074872728, 6.26504135979963, 6.890484401694848], [1.5252218494369927, 0.0, 1.5494011649666461, 2.541659798242086, 2.6335271975052774, 3.0454992973238397, 4.548834871700665, 5.490300373385777, 5.493479157146226, 3.1749152839091628, 3.125354797459002, 4.367658173438027, 5.185941640628055, 6.360804854733401, 4.939966642599928, 3.90261312840512, 4.344058989010163, 2.1594959481323412, 2.180353189279205, 2.1741635932008427, 1.0944928734349988, 1.0948065993589917, 2.1346649479485067, 3.5066814069715546, 2.773639010397712, 2.8271759619804353, 2.81799876153273, 3.0815430566519755, 5.438326043921971, 6.533943134891825, 4.986124568239346, 5.806961623775381], [2.5751124752134613, 1.5494011649666461, 0.0, 1.5412002076304039, 1.5844315857745324, 2.5974860577104164, 3.9771984788290364, 5.1169699178322325, 4.779636011246045, 2.5322384346660565, 3.0904373897556963, 3.4755678629541964, 3.9820098555880046, 5.16015523506803, 3.545009994344163, 2.4966752892596986, 2.9474622525148644, 3.5113442696494457, 2.91603537358517, 2.7903728675573087, 2.1805733512083467, 2.1903027279351135, 1.0998470302728467, 2.196652557870725, 2.1932971640888064, 2.1870334999720513, 2.934961497192084, 2.6854526434104176, 4.6616677970443146, 5.8118904858918325, 4.293569342633236, 4.343511603530029], [3.0524972104819357, 2.541659798242086, 1.5412002076304039, 0.0, 2.5892935272000352, 3.9678783423890405, 5.194194803817046, 6.136099889995273, 5.9842550012512, 2.9902621239617106, 3.6126911824843266, 3.44248821203501, 3.86223501226945, 4.855497334980218, 3.6576547595419666, 3.045353191339225, 3.565853026976855, 4.0777245934466935, 2.8078601923885027, 3.34325556606132, 3.4910540156233623, 2.8136275446476566, 2.1279824740819646, 1.0940373942420798, 1.0948411985306363, 1.09451403371542, 4.318661407195521, 4.166602392837599, 5.882843823356184, 6.953932836891654, 4.140512975465722, 4.357578521380883], [3.996175382787898, 2.6335271975052774, 1.5844315857745324, 2.5892935272000352, 0.0, 1.560135292210262, 2.61572527036002, 3.6557843987303187, 3.534225942126507, 1.5207999079431849, 2.4224218067875793, 2.4676958443049664, 2.8948345686757304, 4.120803200833547, 2.4723567238568145, 1.5242913796253, 2.4219659411312953, 4.77894312269983, 4.407649860186265, 4.249241180493289, 2.82896742469757, 2.929057816090355, 2.1786730227365463, 2.768776746146211, 2.951567817279488, 3.5365754820164663, 2.202246938923971, 2.173122612739557, 3.683656360194311, 4.480454748125462, 3.3771262354256173, 3.384722304709797], [4.435973187475325, 3.0454992973238397, 2.5974860577104164, 3.9678783423890405, 1.560135292210262, 0.0, 1.5172334296343462, 2.8874404963565916, 2.512260643325051, 2.503141132657126, 2.9421672556127736, 3.5905029243825997, 4.012132703438409, 5.183851599920661, 3.494387834800253, 2.478362737776696, 2.9729653126129807, 4.97883858947044, 5.142690258998688, 4.603504556313592, 2.63344082902958, 3.424909484935332, 2.8567965153297146, 4.255029910588173, 4.34299393621497, 4.772793564569914, 1.098035067746017, 1.0999261247920245, 2.753948708672694, 3.509831485983337, 4.378302712239071, 4.2891939907166705], [5.953191832958183, 4.548834871700665, 3.9771984788290364, 5.194194803817046, 2.61572527036002, 1.5172334296343462, 0.0, 1.8704369917214532, 1.3405469704564625, 3.2019341045686747, 3.6965276463189074, 3.9200654241989383, 4.067927210509057, 5.058032254740969, 3.5560038160834417, 2.92572673023302, 3.375499481558248, 6.472588794292435, 6.642456875283422, 6.086561337898435, 4.099610835189116, 4.820369332322991, 4.17244271979856, 5.259510747208337, 5.522913109039468, 6.084281052844288, 2.128297716486112, 2.1305343648953423, 2.1202903881308335, 2.1239507197672927, 4.624178482714524, 4.180254007832539], [6.997725320416629, 5.490300373385777, 5.1169699178322325, 6.136099889995273, 3.6557843987303187, 2.8874404963565916, 1.8704369917214532, 0.0, 2.79913154031746, 3.414847822378034, 3.5368262807211783, 3.881003873999613, 4.249323994472533, 4.991598889133622, 4.299919785298326, 4.1528341454963025, 4.923713445154989, 7.403395183292596, 7.591517121103001, 7.367435528051806, 5.10842135106336, 5.394106797237147, 5.612826185621643, 6.230407599828441, 6.1490614332595515, 7.134997297126328, 2.92988219046432, 3.787797584348984, 3.8205976221005002, 2.9424635358828146, 4.203340621458128, 4.9767381174821725], [6.772538329164332, 5.493479157146226, 4.779636011246045, 5.9842550012512, 3.534225942126507, 2.512260643325051, 1.3405469704564625, 2.79913154031746, 0.0, 4.362017901155381, 4.993652108427258, 4.915717271161962, 4.744182261465088, 5.626206534602156, 3.953514398607902, 3.3447182452338193, 3.365267681775107, 7.331953329093142, 7.502918961310991, 6.712341789569419, 4.996811113100034, 5.934977327673628, 4.696996330635144, 5.903347445305926, 6.47761385465358, 6.8004714608621075, 3.2629321460919165, 2.6146327199054173, 1.0865672229549352, 1.0859349243854348, 5.681427149933369, 4.290928893608004], [4.59353308576307, 3.1749152839091628, 2.5322384346660565, 2.9902621239617106, 1.5207999079431849, 2.503141132657126, 3.2019341045686747, 3.414847822378034, 4.362017901155381, 0.0, 1.230165391319395, 1.3638487379471376, 2.423593278584507, 3.5246477185670635, 2.77722163501583, 2.550691837521734, 3.7077237518455983, 5.259221251288065, 4.808284485136045, 5.1413488901260145, 3.518115155875373, 2.9087052463252445, 3.45950705448045, 3.2078357236616712, 2.777315246780603, 4.045774588382304, 2.6722082815529182, 3.433109134589228, 4.807570752469483, 5.125041778366299, 2.0251532016121643, 3.7868003274532445], [4.532594934471864, 3.125354797459002, 3.0904373897556963, 3.6126911824843266, 2.4224218067875793, 2.9421672556127736, 3.6965276463189074, 3.5368262807211783, 4.993652108427258, 1.230165391319395, 0.0, 2.2405985383374687, 3.5028508432418306, 4.472970588993404, 3.99585294273951, 3.7059607688155585, 4.796598848142295, 4.971896324341447, 4.769911301062106, 5.27316352486816, 3.379018088143359, 2.504105656716585, 4.104974261795072, 4.0970189967829045, 3.1606311031184897, 4.5507262552256424, 2.615865877677982, 3.889607409495205, 5.522903892880991, 5.729030153525114, 2.420277917925956, 5.002856732907709], [5.671210855716792, 4.367658173438027, 3.4755678629541964, 3.44248821203501, 2.4676958443049664, 3.5905029243825997, 3.9200654241989383, 3.881003873999613, 4.915717271161962, 1.3638487379471376, 2.2405985383374687, 0.0, 1.3564336990800545, 2.2561900983738057, 2.3098702539320257, 2.779985271543718, 4.004141768219502, 6.420793155833631, 5.706818303573367, 6.185255536354178, 4.829741219775652, 4.0761145874472176, 4.322455491962873, 3.2819026935605513, 3.1221715647926844, 4.5240771611456845, 3.93493660177645, 4.505408475377122, 5.412113029122729, 5.511882075117355, 1.0110063748562619, 3.2110287354678095], [6.422657028831603, 5.185941640628055, 3.9820098555880046, 3.86223501226945, 2.8948345686757304, 4.012132703438409, 4.067927210509057, 4.249323994472533, 4.744182261465088, 2.423593278584507, 3.5028508432418306, 1.3564336990800545, 0.0, 1.226151988947537, 1.3566867177060442, 2.4284426882263457, 3.5163684732974163, 7.2846198178079264, 6.460183233469466, 6.750842432615355, 5.621895576226937, 5.117099421547328, 4.572291300868745, 3.3199933870416065, 3.8190962622065445, 4.899975316264358, 4.648302178215181, 4.790150831654469, 5.1558840929563186, 5.230779797506296, 2.014919718003673, 2.0197010521361816], [7.558565748209115, 6.360804854733401, 5.16015523506803, 4.855497334980218, 4.120803200833547, 5.183851599920661, 5.058032254740969, 4.991598889133622, 5.626206534602156, 3.5246477185670635, 4.472970588993404, 2.2561900983738057, 1.226151988947537, 0.0, 2.255468844830272, 3.5314721392076707, 4.493167731122443, 8.428048060494197, 7.510030116450932, 7.9002398577511554, 6.831606570200015, 6.224687999410092, 5.733905548576817, 4.198601825608139, 4.717297336399308, 5.840288506572256, 5.803372734884431, 5.972031105913633, 6.0851445537472655, 5.941833630286193, 2.447846900849806, 2.4526219154203126], [6.111606769091087, 4.939966642599928, 3.545009994344163, 3.6576547595419666, 2.4723567238568145, 3.494387834800253, 3.5560038160834417, 4.299919785298326, 3.953514398607902, 2.77722163501583, 3.99585294273951, 2.3098702539320257, 1.3566867177060442, 2.255468844830272, 0.0, 1.3633380505215866, 2.2442486248185607, 7.035514298187446, 6.271484988421801, 6.228148885503621, 5.275329891106337, 5.158825461284768, 3.8296793325290306, 3.008471415852243, 3.996536554318001, 4.613320386662951, 4.374087540276257, 4.030289490843058, 4.1412406003515425, 4.5287088601498775, 3.2070350574946946, 1.010556801966124], [5.045493079967507, 3.90261312840512, 2.4966752892596986, 3.045353191339225, 1.5242913796253, 2.478362737776696, 2.92572673023302, 4.1528341454963025, 3.3447182452338193, 2.550691837521734, 3.7059607688155585, 2.779985271543718, 2.4284426882263457, 3.5314721392076707, 1.3633380505215866, 0.0, 1.2314105935876953, 5.956062222643413, 5.361378707011845, 5.0574616696520796, 4.131427213445736, 4.335716699693374, 2.5998193687254503, 2.654871533615139, 3.632948371502133, 3.928461422745551, 3.445995578929259, 2.7973318180008606, 3.319449934853665, 4.176975324322613, 3.787832554377239, 2.030442919660634], [5.262539427880802, 4.344058989010163, 2.9474622525148644, 3.565853026976855, 2.4219659411312953, 2.9729653126129807, 3.375499481558248, 4.923713445154989, 3.365267681775107, 3.7077237518455983, 4.796598848142295, 4.004141768219502, 3.5163684732974163, 4.493167731122443, 2.2442486248185607, 1.2314105935876953, 0.0, 6.195261677282081, 5.653276137780641, 5.012561056984743, 4.468365923914468, 5.0129341557614735, 2.550710665677313, 3.1252758422257707, 4.39310722609863, 4.201001268745345, 4.022482996856544, 2.8324444054561777, 2.9520550706245303, 4.210801753823136, 5.0119411678510355, 2.434468307454422], [1.0950335976580812, 2.1594959481323412, 3.5113442696494457, 4.0777245934466935, 4.77894312269983, 4.97883858947044, 6.472588794292435, 7.403395183292596, 7.331953329093142, 5.259221251288065, 4.971896324341447, 6.420793155833631, 7.2846198178079264, 8.428048060494197, 7.035514298187446, 5.956062222643413, 6.195261677282081, 0.0, 1.7630679056689793, 1.7710759159335887, 2.3893289811158276, 2.494637508737492, 3.7004548842000493, 5.124365320700702, 4.237026970648168, 3.7939031761498607, 4.561907606473414, 4.759573705700963, 7.151947859849091, 8.383584928895274, 6.932505435987772, 7.854731420615221], [1.0937438365540624, 2.180353189279205, 2.91603537358517, 2.8078601923885027, 4.407649860186265, 5.142690258998688, 6.642456875283422, 7.591517121103001, 7.502918961310991, 4.808284485136045, 4.769911301062106, 5.706818303573367, 6.460183233469466, 7.510030116450932, 6.271484988421801, 5.361378707011845, 5.653276137780641, 1.7630679056689793, 0.0, 1.778080813686487, 3.0449415462369718, 2.462295339718613, 3.202260481285056, 3.833235111495249, 2.9516508380904405, 2.2674938478417093, 4.99817080640508, 5.049545213185045, 7.3094385851445525, 8.563403952868276, 6.222770886028185, 7.028546519017996], [1.094412463379324, 2.1741635932008427, 2.7903728675573087, 3.34325556606132, 4.249241180493289, 4.603504556313592, 6.086561337898435, 7.367435528051806, 6.712341789569419, 5.1413488901260145, 5.27316352486816, 6.185255536354178, 6.750842432615355, 7.9002398577511554, 6.228148885503621, 5.0574616696520796, 5.012561056984743, 1.7710759159335887, 1.778080813686487, 0.0, 2.5203558002790003, 3.0594975764004126, 2.497676153947905, 4.201322522730194, 3.938882553466148, 2.8867795915171635, 4.58158664765821, 4.145678839466463, 6.320185653127604, 7.797714207381545, 6.893044450748886, 6.898455007463627], [2.119012732382701, 1.0944928734349988, 2.1805733512083467, 3.4910540156233623, 2.82896742469757, 2.63344082902958, 4.099610835189116, 5.10842135106336, 4.996811113100034, 3.518115155875373, 3.379018088143359, 4.829741219775652, 5.621895576226937, 6.831606570200015, 5.275329891106337, 4.131427213445736, 4.468365923914468, 2.3893289811158276, 3.0449415462369718, 2.5203558002790003, 0.0, 1.761294665863722, 2.490842758987408, 4.3459749907241765, 3.7862795948001513, 3.816782473497802, 2.2133742227648723, 2.5119044886300914, 4.939283074495731, 6.027632820602131, 5.4678660151836205, 6.132181840911112], [2.1378307463407853, 1.0948065993589917, 2.1903027279351135, 2.8136275446476566, 2.929057816090355, 3.424909484935332, 4.820369332322991, 5.394106797237147, 5.934977327673628, 2.9087052463252445, 2.504105656716585, 4.0761145874472176, 5.117099421547328, 6.224687999410092, 5.158825461284768, 4.335716699693374, 5.0129341557614735, 2.494637508737492, 2.462295339718613, 3.0594975764004126, 1.761294665863722, 0.0, 3.058075416009226, 3.807620477411056, 2.601299715526837, 3.225401173497647, 2.982461847199391, 3.757258226419898, 6.060515846856602, 6.9107839685523365, 4.496830855169004, 6.102069335069865], [2.734750820458786, 2.1346649479485067, 1.0998470302728467, 2.1279824740819646, 2.1786730227365463, 2.8567965153297146, 4.17244271979856, 5.612826185621643, 4.696996330635144, 3.45950705448045, 4.104974261795072, 4.322455491962873, 4.572291300868745, 5.733905548576817, 3.8296793325290306, 2.5998193687254503, 2.550710665677313, 3.7004548842000493, 3.202260481285056, 2.497676153947905, 2.490842758987408, 3.058075416009226, 0.0, 2.5326277361665293, 3.0552932363359164, 2.410970070324391, 3.3759857256807235, 2.522835969697594, 4.3312202299121205, 5.758594430067115, 5.220280767353419, 4.450074113989563], [4.070705788926535, 3.5066814069715546, 2.196652557870725, 1.0940373942420798, 2.768776746146211, 4.255029910588173, 5.259510747208337, 6.230407599828441, 5.903347445305926, 3.2078357236616712, 4.0970189967829045, 3.2819026935605513, 3.3199933870416065, 4.198601825608139, 3.008471415852243, 2.654871533615139, 3.1252758422257707, 5.124365320700702, 3.833235111495249, 4.201322522730194, 4.3459749907241765, 3.807620477411056, 2.5326277361665293, 0.0, 1.7730985900394822, 1.751633982885694, 4.820414431353387, 4.472191594732945, 5.77759628651916, 6.801636814767457, 4.045823167168828, 3.5437390013938668], [3.361438306737162, 2.773639010397712, 2.1932971640888064, 1.0948411985306363, 2.951567817279488, 4.34299393621497, 5.522913109039468, 6.1490614332595515, 6.47761385465358, 2.777315246780603, 3.1606311031184897, 3.1221715647926844, 3.8190962622065445, 4.717297336399308, 3.996536554318001, 3.632948371502133, 4.39310722609863, 4.237026970648168, 2.9516508380904405, 3.938882553466148, 3.7862795948001513, 2.601299715526837, 3.0552932363359164, 1.7730985900394822, 0.0, 1.7684367560079721, 4.506086432815065, 4.753125343392492, 6.537468396864339, 7.399763934748189, 3.5892633687150903, 4.783958409100146], [2.7479905767669583, 2.8271759619804353, 2.1870334999720513, 1.09451403371542, 3.5365754820164663, 4.772793564569914, 6.084281052844288, 7.134997297126328, 6.8004714608621075, 4.045774588382304, 4.5507262552256424, 4.5240771611456845, 4.899975316264358, 5.840288506572256, 4.613320386662951, 3.928461422745551, 4.201001268745345, 3.7939031761498607, 2.2674938478417093, 2.8867795915171635, 3.816782473497802, 3.225401173497647, 2.410970070324391, 1.751633982885694, 1.7684367560079721, 0.0, 5.074827045328737, 4.779645992121174, 6.572581088126642, 7.807878063212821, 5.180183472619479, 5.209968900099116], [4.23402676066177, 2.81799876153273, 2.934961497192084, 4.318661407195521, 2.202246938923971, 1.098035067746017, 2.128297716486112, 2.92988219046432, 3.2629321460919165, 2.6722082815529182, 2.615865877677982, 3.93493660177645, 4.648302178215181, 5.803372734884431, 4.374087540276257, 3.445995578929259, 4.022482996856544, 4.561907606473414, 4.99817080640508, 4.58158664765821, 2.2133742227648723, 2.982461847199391, 3.3759857256807235, 4.820414431353387, 4.506086432815065, 5.074827045328737, 0.0, 1.743874035015144, 3.6137085577008, 4.160469551625153, 4.549010328631932, 5.245424812157734], [4.223627398339016, 3.0815430566519755, 2.6854526434104176, 4.166602392837599, 2.173122612739557, 1.0999261247920245, 2.1305343648953423, 3.787797584348984, 2.6146327199054173, 3.433109134589228, 3.889607409495205, 4.505408475377122, 4.790150831654469, 5.972031105913633, 4.030289490843058, 2.7973318180008606, 2.8324444054561777, 4.759573705700963, 5.049545213185045, 4.145678839466463, 2.5119044886300914, 3.757258226419898, 2.522835969697594, 4.472191594732945, 4.753125343392492, 4.779645992121174, 1.743874035015144, 0.0, 2.427808956652067, 3.687608219428957, 5.358656626431666, 4.6903809280270625], [6.551881928881198, 5.438326043921971, 4.6616677970443146, 5.882843823356184, 3.683656360194311, 2.753948708672694, 2.1202903881308335, 3.8205976221005002, 1.0865672229549352, 4.807570752469483, 5.522903892880991, 5.412113029122729, 5.1558840929563186, 6.0851445537472655, 4.1412406003515425, 3.319449934853665, 2.9520550706245303, 7.151947859849091, 7.3094385851445525, 6.320185653127604, 4.939283074495731, 6.060515846856602, 4.3312202299121205, 5.77759628651916, 6.537468396864339, 6.572581088126642, 3.6137085577008, 2.427808956652067, 0.0, 1.8502038293117868, 6.27771735346535, 4.3697617395002215], [7.842475074872728, 6.533943134891825, 5.8118904858918325, 6.953932836891654, 4.480454748125462, 3.509831485983337, 2.1239507197672927, 2.9424635358828146, 1.0859349243854348, 5.125041778366299, 5.729030153525114, 5.511882075117355, 5.230779797506296, 5.941833630286193, 4.5287088601498775, 4.176975324322613, 4.210801753823136, 8.383584928895274, 8.563403952868276, 7.797714207381545, 6.027632820602131, 6.9107839685523365, 5.758594430067115, 6.801636814767457, 7.399763934748189, 7.807878063212821, 4.160469551625153, 3.687608219428957, 1.8502038293117868, 0.0, 6.186888036808166, 4.731378762052347], [6.26504135979963, 4.986124568239346, 4.293569342633236, 4.140512975465722, 3.3771262354256173, 4.378302712239071, 4.624178482714524, 4.203340621458128, 5.681427149933369, 2.0251532016121643, 2.420277917925956, 1.0110063748562619, 2.014919718003673, 2.447846900849806, 3.2070350574946946, 3.787832554377239, 5.0119411678510355, 6.932505435987772, 6.222770886028185, 6.893044450748886, 5.4678660151836205, 4.496830855169004, 5.220280767353419, 4.045823167168828, 3.5892633687150903, 5.180183472619479, 4.549010328631932, 5.358656626431666, 6.27771735346535, 6.186888036808166, 0.0, 4.019094018556919], [6.890484401694848, 5.806961623775381, 4.343511603530029, 4.357578521380883, 3.384722304709797, 4.2891939907166705, 4.180254007832539, 4.9767381174821725, 4.290928893608004, 3.7868003274532445, 5.002856732907709, 3.2110287354678095, 2.0197010521361816, 2.4526219154203126, 1.010556801966124, 2.030442919660634, 2.434468307454422, 7.854731420615221, 7.028546519017996, 6.898455007463627, 6.132181840911112, 6.102069335069865, 4.450074113989563, 3.5437390013938668, 4.783958409100146, 5.209968900099116, 5.245424812157734, 4.6903809280270625, 4.3697617395002215, 4.731378762052347, 4.019094018556919, 0.0]]}