{"total energy": -28.42575697, "HOMO-LUMO gap/eV": 5.227733, "electronic energy": -28.86148534, "dipole": [0.14555657, 0.13715645, -0.01447939], "partial charges": [-0.09997695, -0.05181107, -0.05805624, -0.05772224, -0.05739992, -0.05716806, -0.05645346, -0.03047657, -0.09703574, 0.03216255, 0.03218512, 0.03119043, 0.02846174, 0.02845816, 0.02968042, 0.02967365, 0.0287438, 0.02875032, 0.02811112, 0.02812806, 0.03295709, 0.03297689, 0.04032875, 0.04031909, 0.0271962, 0.03577367, 0.03100318], "atomic dipole moments": [[-0.08928357, -0.04713256, 0.00407455], [0.00960272, 0.10903397, -0.01384079], [-0.01214495, -0.1081731, 0.01367065], [0.01011357, 0.10699515, -0.0135775], [-0.00938333, -0.10763181, 0.01366314], [0.01236877, 0.11404424, -0.01440103], [0.01429164, -0.0884, 0.01171079], [0.10841382, 0.11575081, -0.01253175], [-0.02355043, -0.07257547, 0.00883408], [0.01138668, 0.08494357, 0.09223935], [0.01585742, 0.05884105, -0.11016579], [0.09274233, -0.08220711, 0.0126731], [-0.00588963, -0.06098816, 0.1072026], [-0.00155813, -0.0862081, -0.08838521], [0.00943575, 0.06171607, -0.10727164], [0.0051037, 0.08695238, 0.0884256], [-0.00957243, -0.06162343, 0.10731161], [-0.00523747, -0.08686796, -0.08848394], [0.00541733, 0.08661022, 0.08838043], [0.0097459, 0.06138199, -0.10712215], [-0.00351268, -0.08751552, -0.08977673], [-0.00788172, -0.06192558, 0.10877678], [0.00831723, 0.0870027, 0.08945125], [0.01268652, 0.06153746, -0.10815316], [-0.11434396, 0.08951316, -0.01406607], [0.10643052, -0.10888293, 0.01640582], [-0.14619596, -0.03459935, 0.0012303]], "atomic quadrupole moments": [[0.16300977, 0.13875772, -0.03514418, -0.0114575, -0.00899167, -0.12786559], [0.23216608, -0.00945413, -0.00046983, 0.01157867, -0.03056453, -0.23169625], [0.23481058, -0.01977707, 0.00436251, 0.01313772, -0.03241892, -0.23917309], [0.23292437, -0.0218379, 0.00486397, 0.01333626, -0.03234869, -0.23778834], [0.22858189, -0.01948235, 0.00801741, 0.01290509, -0.03257041, -0.2365993], [0.21315002, -0.01549956, 0.02634211, 0.01207872, -0.03522948, -0.23949213], [0.17555847, -0.05472425, 0.02795855, 0.01552263, -0.03160013, -0.20351702], [-0.13547867, 0.04604058, -0.40736664, -0.02128831, 0.12571515, 0.5428453], [-0.27059362, -0.02679982, -0.3352347, -0.01629374, 0.12288147, 0.60582832], [-0.03419133, 0.00727782, 0.00806439, -0.00868042, 0.06286628, 0.02612694], [-0.03472775, 0.01135264, -0.02153184, 0.00288482, -0.04986831, 0.0562596], [0.02816504, -0.05450096, 0.02511343, 0.00885995, -0.01152759, -0.05327848], [-0.01624217, 0.00184521, -0.02580796, -0.00767108, -0.0338836, 0.04205013], [-0.01679494, 0.00166209, -0.00477213, 0.00505065, 0.04632662, 0.02156707], [-0.02005601, 0.00078641, -0.02395721, -0.00536198, -0.03275313, 0.04401322], [-0.02040412, 6.361e-05, -0.00349094, 0.00282198, 0.04528084, 0.02389506], [-0.01959585, 0.00079336, -0.02408738, -0.00535795, -0.03266819, 0.04368323], [-0.01995471, 8.021e-05, -0.0036723, 0.00285173, 0.04517252, 0.02362701], [-0.02028873, 6.227e-05, -0.00347875, 0.00284616, 0.04523283, 0.02376749], [-0.01994869, 0.00077904, -0.02392664, -0.00537131, -0.03275763, 0.04387533], [-0.01937177, 0.00280628, -0.00351994, 0.0030372, 0.04420027, 0.02289171], [-0.01898131, 0.00337239, -0.02350191, -0.00617476, -0.03194761, 0.04248322], [-0.01664798, -0.00797282, -0.00138066, 0.01396449, 0.0535089, 0.01802865], [-0.01541905, -0.00936485, -0.0265135, -0.0137968, -0.04235172, 0.04193255], [0.02544488, 0.00822667, 0.04686219, 0.00114946, -0.01544975, -0.07230707], [0.0363008, -0.01489193, 0.02486458, 0.00410751, -0.01162674, -0.06116538], [0.04110763, 0.01218403, 0.02599085, 0.00085657, -0.01193826, -0.06709848]], "number of molecular orbitals": 54, "number of electrons": 54, "number of unpaired electrons": 0, "orbital energies/eV": [-16.97292318, -16.85635899, -16.64073779, -16.3040084, -15.90375601, -15.45231251, -15.11371542, -15.03366753, -14.44931423, -14.21788798, -13.83063731, -13.78102906, -13.42582361, -13.27559975, -13.23450999, -12.78806061, -12.56750586, -12.52081934, -12.2120591, -11.878391, -11.87335824, -11.73224331, -11.67005592, -11.50075687, -11.39335319, -11.23409438, -10.65121476, -5.42348176, 1.1846082, 2.74104972, 2.80452373, 2.90864356, 3.07205134, 3.34760358, 3.65166516, 3.70385131, 4.04016695, 4.11782864, 4.71115932, 4.81132998, 4.8672532, 4.95878508, 5.41709439, 5.86943913, 6.17255254, 6.20145832, 6.62814679, 7.05306599, 7.1694489, 7.34944634, 7.94721634, 8.4936968, 11.13027801, 15.68475024], "fractional occupation": [2.0, 2.0, 2.0, 2.0, 2.0, 2.0, 2.0, 2.0, 2.0, 2.0, 2.0, 2.0, 2.0, 2.0, 2.0, 2.0, 2.0, 2.0, 2.0, 2.0, 2.0, 2.0, 2.0, 2.0, 2.0, 2.0, 2.0, 0.0, 0.0, 0.0, 0.0, 0.0, 0.0, 0.0, 0.0, 0.0, 0.0, 0.0, 0.0, 0.0, 0.0, 0.0, 0.0, 0.0, 0.0, 0.0, 0.0, 0.0, 0.0, 0.0, 0.0, 0.0, 0.0, 0.0], "program call": "xtb /home/svss/Project-DBcg-Debug/aqme2_20220329/End-to-End-workflows-final/example-3/QDESCP/mol_445_rdkit_conf_3/mol_445_rdkit_conf_3.xyz --pop --wbo --acc 0.2 --gfn 2 --chrg 0 --uhf 0 --etemp 300 --input /home/svss/Project-DBcg-Debug/aqme2_20220329/End-to-End-workflows-final/example-3/QDESCP/mol_445_rdkit_conf_3/mol_445_rdkit_conf_3_xtb.inp", "method": "GFN2-xTB", "xtb version": "6.3.3 (7355c4f)", "Dipole module/D": 0.51, "Total charge": 0, "Transition dipole module/D": NaN, "HOMO": -10.6512, "LUMO": -5.4235, "HOMO occupancy": 2.0, "LUMO occupancy": 0, "mulliken charges": [-0.08347, -0.03846, -0.04656, -0.04522, -0.04565, -0.04538, -0.04346, -0.02167, -0.09089, 0.02661, 0.02663, 0.0281, 0.02208, 0.02208, 0.02264, 0.02264, 0.02286, 0.02286, 0.02245, 0.02246, 0.02523, 0.02524, 0.03228, 0.03228, 0.02503, 0.02871, 0.0306], "cm5 charges": [-0.2338, -0.15097, -0.15719, -0.15591, -0.15643, -0.15545, -0.14941, -0.08584, -0.19304, 0.0779, 0.07792, 0.07888, 0.07679, 0.07679, 0.07798, 0.07797, 0.0782, 0.07821, 0.07779, 0.07781, 0.08081, 0.08083, 0.0875, 0.08748, 0.08015, 0.08223, 0.08281], "FUKUI+": [0.005, 0.002, 0.003, 0.004, 0.007, 0.015, 0.033, -0.166, -0.127, -0.005, -0.005, -0.011, -0.004, -0.004, -0.007, -0.007, -0.009, -0.009, -0.018, -0.018, -0.019, -0.019, -0.09, -0.09, -0.144, -0.16, -0.155], "FUKUI-": [0.018, 0.007, 0.01, 0.011, 0.012, 0.012, 0.011, -0.04, -0.051, -0.054, -0.054, -0.044, -0.072, -0.072, -0.062, -0.062, -0.04, -0.04, -0.031, -0.031, -0.043, -0.043, -0.077, -0.077, -0.062, -0.057, -0.071], "FUKUIrad": [0.011, 0.005, 0.007, 0.008, 0.009, 0.013, 0.022, -0.103, -0.089, -0.029, -0.029, -0.027, -0.038, -0.038, -0.035, -0.035, -0.024, -0.024, -0.024, -0.024, -0.031, -0.031, -0.084, -0.084, -0.103, -0.108, -0.113], "s proportion": [1.007, 1.027, 1.032, 1.032, 1.033, 1.031, 1.029, 1.072, 1.045, 0.973, 0.973, 0.972, 0.978, 0.978, 0.977, 0.977, 0.977, 0.977, 0.978, 0.978, 0.975, 0.975, 0.968, 0.968, 0.975, 0.971, 0.969], "p proportion": [3.076, 3.011, 3.014, 3.013, 3.013, 3.014, 3.015, 2.95, 3.046, 0.0, 0.0, 0.0, 0.0, 0.0, 0.0, 0.0, 0.0, 0.0, 0.0, 0.0, 0.0, 0.0, 0.0, 0.0, 0.0, 0.0, 0.0], "d proportion": [0.0, 0.0, 0.0, 0.0, 0.0, 0.0, 0.0, 0.0, 0.0, 0.0, 0.0, 0.0, 0.0, 0.0, 0.0, 0.0, 0.0, 0.0, 0.0, 0.0, 0.0, 0.0, 0.0, 0.0, 0.0, 0.0, 0.0], "Fermi-level/eV": -8.0373, "Coordination numbers": [3.75, 3.8, 3.802, 3.802, 3.802, 3.8, 3.802, 2.883, 2.832, 0.924, 0.924, 0.924, 0.924, 0.924, 0.924, 0.924, 0.924, 0.924, 0.924, 0.924, 0.924, 0.924, 0.924, 0.924, 0.925, 0.925, 0.925], "Dispersion coefficient C6": [22.473, 21.504, 21.617, 21.612, 21.606, 21.603, 21.588, 28.758, 30.431, 2.556, 2.556, 2.57, 2.609, 2.609, 2.591, 2.591, 2.605, 2.604, 2.614, 2.613, 2.545, 2.545, 2.445, 2.445, 2.627, 2.506, 2.572], "Total dispersion C6": 5215.606052, "Total dispersion C8": 111330.451778, "Polarizability alpha": [6.761, 6.602, 6.619, 6.619, 6.618, 6.618, 6.615, 8.792, 9.04, 2.5, 2.5, 2.507, 2.526, 2.526, 2.517, 2.517, 2.524, 2.524, 2.528, 2.528, 2.495, 2.495, 2.445, 2.445, 2.534, 2.475, 2.508], "Total polarizability alpha": 109.378098, "Wiberg matrix": [[0.0, 1.0200896254884777, 0.0, 0.0, 0.0, 0.0, 0.0, 0.0, 0.0, 0.9877185167765175, 0.98772017690695, 0.9874030086028942, 0.0, 0.0, 0.0, 0.0, 0.0, 0.0, 0.0, 0.0, 0.0, 0.0, 0.0, 0.0, 0.0, 0.0, 0.0], [1.0200896254884777, 0.0, 1.0077372048262696, 0.0, 0.0, 0.0, 0.0, 0.0, 0.0, 0.0, 0.0, 0.0, 0.9780941896672852, 0.9780915388726035, 0.0, 0.0, 0.0, 0.0, 0.0, 0.0, 0.0, 0.0, 0.0, 0.0, 0.0, 0.0, 0.0], [0.0, 1.0077372048262696, 0.0, 1.0070610556844715, 0.0, 0.0, 0.0, 0.0, 0.0, 0.0, 0.0, 0.0, 0.0, 0.0, 0.977229301052235, 0.9772281446943778, 0.0, 0.0, 0.0, 0.0, 0.0, 0.0, 0.0, 0.0, 0.0, 0.0, 0.0], [0.0, 0.0, 1.0070610556844715, 0.0, 1.0069900937628733, 0.0, 0.0, 0.0, 0.0, 0.0, 0.0, 0.0, 0.0, 0.0, 0.0, 0.0, 0.9773115352264234, 0.9773113147941777, 0.0, 0.0, 0.0, 0.0, 0.0, 0.0, 0.0, 0.0, 0.0], [0.0, 0.0, 0.0, 1.0069900937628733, 0.0, 1.0065742536644366, 0.0, 0.0, 0.0, 0.0, 0.0, 0.0, 0.0, 0.0, 0.0, 0.0, 0.0, 0.0, 0.977314471486948, 0.9773191044935335, 0.0, 0.0, 0.0, 0.0, 0.0, 0.0, 0.0], [0.0, 0.0, 0.0, 0.0, 1.0065742536644366, 0.0, 1.006609076401889, 0.0, 0.0, 0.0, 0.0, 0.0, 0.0, 0.0, 0.0, 0.0, 0.0, 0.0, 0.0, 0.0, 0.9769642977455952, 0.9769669334393842, 0.0, 0.0, 0.0, 0.0, 0.0], [0.0, 0.0, 0.0, 0.0, 0.0, 1.006609076401889, 0.0, 1.0269221514850277, 0.0, 0.0, 0.0, 0.0, 0.0, 0.0, 0.0, 0.0, 0.0, 0.0, 0.0, 0.0, 0.0, 0.0, 0.9592991277830181, 0.959296990257321, 0.0, 0.0, 0.0], [0.0, 0.0, 0.0, 0.0, 0.0, 0.0, 1.0269221514850277, 0.0, 1.972082269793152, 0.0, 0.0, 0.0, 0.0, 0.0, 0.0, 0.0, 0.0, 0.0, 0.0, 0.0, 0.0, 0.0, 0.0, 0.0, 0.9676019389278455, 0.0, 0.0], [0.0, 0.0, 0.0, 0.0, 0.0, 0.0, 0.0, 1.972082269793152, 0.0, 0.0, 0.0, 0.0, 0.0, 0.0, 0.0, 0.0, 0.0, 0.0, 0.0, 0.0, 0.0, 0.0, 0.0, 0.0, 0.0, 0.9759113864551223, 0.9781709542393038], [0.9877185167765175, 0.0, 0.0, 0.0, 0.0, 0.0, 0.0, 0.0, 0.0, 0.0, 0.0, 0.0, 0.0, 0.0, 0.0, 0.0, 0.0, 0.0, 0.0, 0.0, 0.0, 0.0, 0.0, 0.0, 0.0, 0.0, 0.0], [0.98772017690695, 0.0, 0.0, 0.0, 0.0, 0.0, 0.0, 0.0, 0.0, 0.0, 0.0, 0.0, 0.0, 0.0, 0.0, 0.0, 0.0, 0.0, 0.0, 0.0, 0.0, 0.0, 0.0, 0.0, 0.0, 0.0, 0.0], [0.9874030086028942, 0.0, 0.0, 0.0, 0.0, 0.0, 0.0, 0.0, 0.0, 0.0, 0.0, 0.0, 0.0, 0.0, 0.0, 0.0, 0.0, 0.0, 0.0, 0.0, 0.0, 0.0, 0.0, 0.0, 0.0, 0.0, 0.0], [0.0, 0.9780941896672852, 0.0, 0.0, 0.0, 0.0, 0.0, 0.0, 0.0, 0.0, 0.0, 0.0, 0.0, 0.0, 0.0, 0.0, 0.0, 0.0, 0.0, 0.0, 0.0, 0.0, 0.0, 0.0, 0.0, 0.0, 0.0], [0.0, 0.9780915388726035, 0.0, 0.0, 0.0, 0.0, 0.0, 0.0, 0.0, 0.0, 0.0, 0.0, 0.0, 0.0, 0.0, 0.0, 0.0, 0.0, 0.0, 0.0, 0.0, 0.0, 0.0, 0.0, 0.0, 0.0, 0.0], [0.0, 0.0, 0.977229301052235, 0.0, 0.0, 0.0, 0.0, 0.0, 0.0, 0.0, 0.0, 0.0, 0.0, 0.0, 0.0, 0.0, 0.0, 0.0, 0.0, 0.0, 0.0, 0.0, 0.0, 0.0, 0.0, 0.0, 0.0], [0.0, 0.0, 0.9772281446943778, 0.0, 0.0, 0.0, 0.0, 0.0, 0.0, 0.0, 0.0, 0.0, 0.0, 0.0, 0.0, 0.0, 0.0, 0.0, 0.0, 0.0, 0.0, 0.0, 0.0, 0.0, 0.0, 0.0, 0.0], [0.0, 0.0, 0.0, 0.9773115352264234, 0.0, 0.0, 0.0, 0.0, 0.0, 0.0, 0.0, 0.0, 0.0, 0.0, 0.0, 0.0, 0.0, 0.0, 0.0, 0.0, 0.0, 0.0, 0.0, 0.0, 0.0, 0.0, 0.0], [0.0, 0.0, 0.0, 0.9773113147941777, 0.0, 0.0, 0.0, 0.0, 0.0, 0.0, 0.0, 0.0, 0.0, 0.0, 0.0, 0.0, 0.0, 0.0, 0.0, 0.0, 0.0, 0.0, 0.0, 0.0, 0.0, 0.0, 0.0], [0.0, 0.0, 0.0, 0.0, 0.977314471486948, 0.0, 0.0, 0.0, 0.0, 0.0, 0.0, 0.0, 0.0, 0.0, 0.0, 0.0, 0.0, 0.0, 0.0, 0.0, 0.0, 0.0, 0.0, 0.0, 0.0, 0.0, 0.0], [0.0, 0.0, 0.0, 0.0, 0.9773191044935335, 0.0, 0.0, 0.0, 0.0, 0.0, 0.0, 0.0, 0.0, 0.0, 0.0, 0.0, 0.0, 0.0, 0.0, 0.0, 0.0, 0.0, 0.0, 0.0, 0.0, 0.0, 0.0], [0.0, 0.0, 0.0, 0.0, 0.0, 0.9769642977455952, 0.0, 0.0, 0.0, 0.0, 0.0, 0.0, 0.0, 0.0, 0.0, 0.0, 0.0, 0.0, 0.0, 0.0, 0.0, 0.0, 0.0, 0.0, 0.0, 0.0, 0.0], [0.0, 0.0, 0.0, 0.0, 0.0, 0.9769669334393842, 0.0, 0.0, 0.0, 0.0, 0.0, 0.0, 0.0, 0.0, 0.0, 0.0, 0.0, 0.0, 0.0, 0.0, 0.0, 0.0, 0.0, 0.0, 0.0, 0.0, 0.0], [0.0, 0.0, 0.0, 0.0, 0.0, 0.0, 0.9592991277830181, 0.0, 0.0, 0.0, 0.0, 0.0, 0.0, 0.0, 0.0, 0.0, 0.0, 0.0, 0.0, 0.0, 0.0, 0.0, 0.0, 0.0, 0.0, 0.0, 0.0], [0.0, 0.0, 0.0, 0.0, 0.0, 0.0, 0.959296990257321, 0.0, 0.0, 0.0, 0.0, 0.0, 0.0, 0.0, 0.0, 0.0, 0.0, 0.0, 0.0, 0.0, 0.0, 0.0, 0.0, 0.0, 0.0, 0.0, 0.0], [0.0, 0.0, 0.0, 0.0, 0.0, 0.0, 0.0, 0.9676019389278455, 0.0, 0.0, 0.0, 0.0, 0.0, 0.0, 0.0, 0.0, 0.0, 0.0, 0.0, 0.0, 0.0, 0.0, 0.0, 0.0, 0.0, 0.0, 0.0], [0.0, 0.0, 0.0, 0.0, 0.0, 0.0, 0.0, 0.0, 0.9759113864551223, 0.0, 0.0, 0.0, 0.0, 0.0, 0.0, 0.0, 0.0, 0.0, 0.0, 0.0, 0.0, 0.0, 0.0, 0.0, 0.0, 0.0, 0.0], [0.0, 0.0, 0.0, 0.0, 0.0, 0.0, 0.0, 0.0, 0.9781709542393038, 0.0, 0.0, 0.0, 0.0, 0.0, 0.0, 0.0, 0.0, 0.0, 0.0, 0.0, 0.0, 0.0, 0.0, 0.0, 0.0, 0.0, 0.0]], "Born radii": [], "Atomic SASAs": [], "Solvent H bonds": [], "Total SASA": NaN, "Total FOD": 0.0, "FOD": [0.0, 0.0, 0.0, 0.0, 0.0, 0.0, 0.0, 0.0, 0.0, 0.0, 0.0, 0.0, 0.0, 0.0, 0.0, 0.0, 0.0, 0.0, 0.0, 0.0, 0.0, 0.0, 0.0, 0.0, 0.0, 0.0, 0.0], "FOD s proportion": [0.0, 0.0, 0.0, 0.0, 0.0, 0.0, 0.0, 0.0, 0.0, 0.0, 0.0, 0.0, 0.0, 0.0, 0.0, 0.0, 0.0, 0.0, 0.0, 0.0, 0.0, 0.0, 0.0, 0.0, 0.0, 0.0, 0.0], "FOD p proportion": [0.0, 0.0, 0.0, 0.0, 0.0, 0.0, 0.0, 0.0, 0.0, 0.0, 0.0, 0.0, 0.0, 0.0, 0.0, 0.0, 0.0, 0.0, 0.0, 0.0, 0.0, 0.0, 0.0, 0.0, 0.0, 0.0, 0.0], "FOD d proportion": [0.0, 0.0, 0.0, 0.0, 0.0, 0.0, 0.0, 0.0, 0.0, 0.0, 0.0, 0.0, 0.0, 0.0, 0.0, 0.0, 0.0, 0.0, 0.0, 0.0, 0.0, 0.0, 0.0, 0.0, 0.0, 0.0, 0.0], "coordinates": [["4.64470", "0.10700", "0.18130"], ["3.30860", "-0.61560", "0.24500"], ["2.13860", "0.35610", "0.09380"], ["0.79650", "-0.37470", "0.15840"], ["-0.37460", "0.59770", "0.00710"], ["-1.71780", "-0.13390", "0.07180"], ["-2.88900", "0.84280", "-0.08010"], ["-4.27130", "0.24760", "-0.03390"], ["-4.60040", "-1.04090", "0.12500"], ["4.72840", "0.84830", "0.98250"], ["4.76730", "0.62130", "-0.77720"], ["5.46720", "-0.60660", "0.29160"], ["3.23160", "-1.14540", "1.20160"], ["3.27030", "-1.37110", "-0.54840"], ["2.22260", "0.88640", "-0.86270"], ["2.18390", "1.11210", "0.88730"], ["0.71250", "-0.90480", "1.11500"], ["0.75120", "-1.13050", "-0.63520"], ["-0.32930", "1.35340", "0.80080"], ["-0.29060", "1.12760", "-0.94950"], ["-1.75680", "-0.88860", "-0.72350"], ["-1.79550", "-0.66250", "1.02990"], ["-2.82630", "1.60040", "0.71100"], ["-2.78770", "1.37540", "-1.03400"], ["-5.08210", "0.96710", "-0.14460"], ["-3.85910", "-1.82380", "0.24240"], ["-5.64320", "-1.34450", "0.14110"]], "bond_dist": [[0.0, 1.520319591401755, 2.5199691010010423, 3.8782989234972596, 5.04623667895195, 6.368000416928378, 7.574058838562055, 8.919704894221558, 9.31626095115417, 1.0947386994164408, 1.094649487278919, 1.0944849473610863, 2.1462454333090615, 2.1462099291541823, 2.7502670361257655, 2.7503088281136723, 4.166261125997745, 4.166223799797606, 5.1650720430599995, 5.165028469427831, 6.541336610357245, 6.541286436932724, 7.637189708917803, 7.637169790570327, 9.770190431102149, 8.720455050626658, 10.389867886551784], [1.520319591401755, 0.0, 1.5283855305517653, 2.5251096570248195, 3.885184106319802, 5.052398449251603, 6.375175788164589, 7.633988699231877, 7.921335814747409, 2.168580526519594, 2.1685525449017824, 2.159121701062726, 1.0962210543498971, 1.0962347832467276, 2.1592589677942753, 2.1592699391229435, 2.7532293493278037, 2.7532106366930957, 4.173750238095232, 4.173705443607634, 5.164377833776301, 5.164310644219614, 6.539480867010775, 6.53947977212255, 8.547547831980816, 7.268815397986112, 8.982027257807673], [2.5199691010010423, 1.5283855305517653, 0.0, 1.5295339845848472, 2.5262742705415024, 3.8874676796084104, 5.0540953552539944, 6.4120899518019865, 6.88234723332091, 2.7819260540136574, 2.7819122434038066, 3.4706619094921938, 2.16249210171968, 2.162495218491824, 1.0968893927830645, 1.096918565801491, 2.1602035691110224, 2.1601618735641086, 2.7540854561904933, 2.7540333658109515, 4.170299574371127, 4.170248431448659, 5.155526194288998, 5.155515204128487, 7.250425094434117, 6.3832947025811055, 7.965594070124338], [3.8782989234972596, 2.5251096570248195, 1.5295339845848472, 0.0, 1.5296825356916381, 2.527288802254305, 3.8887142798102303, 5.109484653074125, 5.437965392497454, 4.199369883684932, 4.199358998704445, 4.678349959120203, 2.758977480879465, 2.7589972163813434, 2.160273045242198, 2.1602657730010906, 1.0968799250601682, 1.0968530849662592, 2.160192817782709, 2.16012363303585, 2.7497603004625697, 2.7496918172769838, 4.163059765364893, 4.163070670790972, 6.0373979660115165, 4.876633897474774, 6.512338091653413], [5.04623667895195, 3.885184106319802, 2.5262742705415024, 1.5296825356916381, 0.0, 1.530885655429562, 2.527822226739847, 3.9126106246341457, 4.533905161116628, 5.201424278022318, 5.201424714441227, 5.971424116573868, 4.179701699882421, 4.179718854181463, 2.754150970807519, 2.754139003391078, 2.160262731706493, 2.1602430812295177, 1.096856540300508, 1.0967832830600583, 2.157160376513531, 2.1571232440451795, 2.7407508806894505, 2.7407586741630503, 4.724407423159014, 4.249796299824264, 5.616782246090728], [6.368000416928378, 5.052398449251603, 3.8874676796084104, 2.527288802254305, 1.530885655429562, 0.0, 1.532555362784653, 2.584004061529316, 3.022393422438581, 6.583888347321816, 6.583893228933774, 7.203886612794514, 5.176498879551699, 5.1765290967983555, 4.176248855133037, 4.176220676640543, 2.754797840132738, 2.754817881457865, 2.1613501659842163, 2.1613273190333757, 1.0970848554236814, 1.0970008477663087, 2.15525993327951, 2.1553343452930918, 3.5464833920378083, 2.733135938807289, 4.108420622331653], [7.574058838562055, 6.375175788164589, 5.0540953552539944, 3.8887142798102303, 2.527822226739847, 1.532555362784653, 0.0, 1.5057060702540854, 2.5532884012582673, 7.691159325485333, 7.691159883268583, 8.489110653655068, 6.561816706522668, 6.561831649013863, 5.17134588671073, 5.171334417730108, 4.177699369270124, 4.177691340920245, 2.754770636550346, 2.754750435157421, 2.166468638129802, 2.1665110985176144, 1.0971455053911492, 1.0972008293835727, 2.197566460883493, 2.855845902705536, 3.524035807139309], [8.919704894221558, 7.633988699231877, 6.4120899518019865, 5.109484653074125, 3.9126106246341457, 2.584004061529316, 1.5057060702540854, 0.0, 1.339323810734357, 9.07681163955714, 9.076807618320439, 9.781308201871568, 7.730486249906924, 7.730500016169718, 6.577667678592466, 6.577657389223004, 5.242733963305787, 5.242730924813899, 4.178382669167581, 4.178360426052305, 2.8441534505015724, 2.8442113300526737, 2.1149394435775224, 2.114994517723391, 1.0896473649763943, 2.1300113825986937, 2.1089137061530043], [9.31626095115417, 7.921335814747409, 6.88234723332091, 5.437965392497454, 4.533905161116628, 3.022393422438581, 2.5532884012582673, 1.339323810734357, 0.0, 9.556719747381942, 9.556708479910851, 10.078340230911039, 7.906339975614506, 7.90635302083078, 7.158447148648929, 7.15843815227875, 5.406064152412548, 5.406066477578683, 4.9428406144645205, 4.942804724040794, 2.971398408157344, 2.971446546717608, 3.235319535996406, 3.2353775637473903, 2.082494429764459, 1.0845463844391348, 1.0862154528453374], [1.0947386994164408, 2.168580526519594, 2.7819260540136574, 4.199369883684932, 5.201424278022318, 6.583888347321816, 7.691159325485333, 9.07681163955714, 9.556719747381942, 0.0, 1.7747073843312875, 1.77197693551581, 2.502649543983336, 3.0651993051023614, 3.1121131550764667, 2.5599089300207534, 4.3838759870689765, 4.727655081538838, 5.086105601538372, 5.385257049575257, 6.927126146534362, 6.69671819699769, 7.596897968908099, 7.799734987164627, 9.875746964154153, 9.024024748968722, 10.634209531507269], [1.094649487278919, 2.1685525449017824, 2.7819122434038066, 4.199358998704445, 5.201424714441227, 6.583893228933774, 7.691159883268583, 9.076807618320439, 9.556708479910851, 1.7747073843312875, 0.0, 1.7719852877493087, 3.065167665887137, 2.5026018860378088, 2.559899675768564, 3.112137601392329, 4.727663808901812, 4.38383695522541, 5.385293489680947, 5.0860966752510715, 6.696757611710312, 6.92705541265551, 7.7997523685050405, 7.5968834432285455, 9.875750136571904, 9.024016574120418, 10.634197420586096], [1.0944849473610863, 2.159121701062726, 3.4706619094921938, 4.678349959120203, 5.971424116573868, 7.203886612794514, 8.489110653655068, 9.781308201871568, 10.078340230911039, 1.77197693551581, 1.7719852877493087, 0.0, 2.473118031958847, 2.4731416983262404, 3.7535165711636336, 3.7535112987707926, 4.834675055264831, 4.834675320018915, 6.140056749737742, 6.140035805270195, 7.30041971464655, 7.300344032304232, 8.592373805299673, 8.592375304303228, 10.674948834537803, 9.405523279966937, 11.135893983870357], [2.1462454333090615, 1.0962210543498971, 2.16249210171968, 2.758977480879465, 4.179701699882421, 5.176498879551699, 6.561816706522668, 7.730486249906924, 7.906339975614506, 2.502649543983336, 3.065167665887137, 2.473118031958847, 0.0, 1.7649187460050393, 3.0671854736875632, 2.508538624378744, 2.5320451674486377, 3.0864932220887833, 4.368598275190796, 4.711650777593772, 5.353138407513857, 5.053158191665881, 6.669202231901504, 6.898138335087228, 8.68288652350127, 7.18737209903592, 8.940155261515317], [2.1462099291541823, 1.0962347832467276, 2.162495218491824, 2.7589972163813434, 4.179718854181463, 5.1765290967983555, 6.561831649013863, 7.730500016169718, 7.90635302083078, 3.0651993051023614, 2.5026018860378088, 2.4731416983262404, 1.7649187460050393, 0.0, 2.508538624378744, 3.067210734527382, 3.086531401103835, 2.5320520156584463, 4.711725909897561, 4.368568611112798, 5.053236652879024, 5.353080840973729, 6.898147009886061, 6.66921536689287, 8.682903859884663, 7.187394958536785, 8.940167787016081], [2.7502670361257655, 2.1592589677942753, 1.0968893927830645, 2.160273045242198, 2.754150970807519, 4.176248855133037, 5.17134588671073, 6.577667678592466, 7.158447148648929, 3.1121131550764667, 2.559899675768564, 3.7535165711636336, 3.0671854736875632, 2.508538624378744, 0.0, 1.7649187460050393, 3.0659577198650343, 2.5069223801306655, 3.0818038321736183, 2.5262394819177376, 4.359544242234502, 4.703844553128856, 5.336451901778934, 5.037020029739806, 7.340355726393646, 6.749333666370332, 8.237435213098795], [2.7503088281136723, 2.1592699391229435, 1.096918565801491, 2.1602657730010906, 2.754139003391078, 4.176220676640543, 5.171334417730108, 6.577657389223004, 7.15843815227875, 2.5599089300207534, 3.112137601392329, 3.7535112987707926, 2.508538624378744, 3.067210734527382, 1.7649187460050393, 0.0, 2.5069405377870453, 3.0659240532015795, 2.526238741686937, 3.081756761978466, 4.703891327401176, 4.359491286836114, 5.037025175636905, 5.336433934754557, 7.3403404968707004, 6.749315063026766, 8.237426321977027], [4.166261125997745, 2.7532293493278037, 2.1602035691110224, 1.0968799250601682, 2.160262731706493, 2.754797840132738, 4.177699369270124, 5.242733963305787, 5.406064152412548, 4.3838759870689765, 4.727663808901812, 4.834675055264831, 2.5320451674486377, 3.086531401103835, 3.0659577198650343, 2.5069405377870453, 0.0, 1.7651170556084943, 2.5066982506875455, 3.0657820568331338, 3.0786014974335343, 2.5211139006399534, 4.354577876212573, 4.697756175026541, 6.218359183096455, 4.743998136593226, 6.444900293255126], [4.166223799797606, 2.7532106366930957, 2.1601618735641086, 1.0968530849662592, 2.1602430812295177, 2.754817881457865, 4.177691340920245, 5.242730924813899, 5.406066477578683, 4.727655081538838, 4.38383695522541, 4.834675320018915, 3.0864932220887833, 2.5320520156584463, 2.5069223801306655, 3.0659240532015795, 1.7651170556084943, 0.0, 3.0658335669112895, 2.506620701262957, 2.5211855346245344, 3.078516347203633, 4.697720244969894, 4.354582581602972, 6.218360154413702, 4.744018627703732, 6.444904114880221], [5.1650720430599995, 4.173750238095232, 2.7540854561904933, 2.160192817782709, 1.096856540300508, 2.1613501659842163, 2.754770636550346, 4.178382669167581, 4.9428406144645205, 5.086105601538372, 5.385293489680947, 6.140056749737742, 4.368598275190796, 4.711725909897561, 3.0818038321736183, 2.526238741686937, 2.5066982506875455, 3.0658335669112895, 0.0, 1.7652289993085881, 3.063953449385287, 2.5032143455964775, 2.5107931097563574, 3.0676873373927798, 4.861287554753369, 4.7818300304381385, 5.9959487747978635], [5.165028469427831, 4.173705443607634, 2.7540333658109515, 2.16012363303585, 1.0967832830600583, 2.1613273190333757, 2.754750435157421, 4.178360426052305, 4.942804724040794, 5.385257049575257, 5.0860966752510715, 6.140035805270195, 4.711650777593772, 4.368568611112798, 2.5262394819177376, 3.081756761978466, 3.0657820568331338, 2.506620701262957, 1.7652289993085881, 0.0, 2.503174160940465, 3.0638548235841725, 3.067665982469408, 2.5107874262868215, 4.861285479171121, 4.7817967146251625, 5.995916404520663], [6.541336610357245, 5.164377833776301, 4.170299574371127, 2.7497603004625697, 2.157160376513531, 1.0970848554236814, 2.166468638129802, 2.8441534505015724, 2.971398408157344, 6.927126146534362, 6.696757611710312, 7.30041971464655, 5.353138407513857, 5.053236652879024, 4.359544242234502, 4.703891327401176, 3.0786014974335343, 2.5211855346245344, 3.063953449385287, 2.503174160940465, 0.0, 1.7683411605230481, 3.065410494534133, 2.5069625166723175, 3.851800590632905, 2.495441271599074, 4.007428468482002], [6.541286436932724, 5.164310644219614, 4.170248431448659, 2.7496918172769838, 2.1571232440451795, 1.0970008477663087, 2.1665110985176144, 2.8442113300526737, 2.971446546717608, 6.69671819699769, 6.92705541265551, 7.300344032304232, 5.053158191665881, 5.353080840973729, 4.703844553128856, 4.359491286836114, 2.5211139006399534, 3.078516347203633, 2.5032143455964775, 3.0638548235841725, 1.7683411605230481, 0.0, 2.5069827003790834, 3.065482092591637, 3.851854873953586, 2.4954396205879235, 4.007478600067628], [7.637189708917803, 6.539480867010775, 5.155526194288998, 4.163059765364893, 2.7407508806894505, 2.15525993327951, 1.0971455053911492, 2.1149394435775224, 3.235319535996406, 7.596897968908099, 7.7997523685050405, 8.592373805299673, 6.669202231901504, 6.898147009886061, 5.336451901778934, 5.037025175636905, 4.354577876212573, 4.697720244969894, 2.5107931097563574, 3.067665982469408, 3.065410494534133, 2.5069827003790834, 0.0, 1.7598693019653477, 2.49434438079428, 3.6071328558842963, 4.114869090262776], [7.637169790570327, 6.53947977212255, 5.155515204128487, 4.163070670790972, 2.7407586741630503, 2.1553343452930918, 1.0972008293835727, 2.114994517723391, 3.2353775637473903, 7.799734987164627, 7.5968834432285455, 8.592375304303228, 6.898138335087228, 6.66921536689287, 5.037020029739806, 5.336433934754557, 4.697756175026541, 4.354582581602972, 3.0676873373927798, 2.5107874262868215, 2.5069625166723175, 3.065482092591637, 1.7598693019653477, 0.0, 2.49439624157831, 3.6072116045499745, 4.114923604394133], [9.770190431102149, 8.547547831980816, 7.250425094434117, 6.0373979660115165, 4.724407423159014, 3.5464833920378083, 2.197566460883493, 1.0896473649763943, 2.082494429764459, 9.875746964154153, 9.875750136571904, 10.674948834537803, 8.68288652350127, 8.682903859884663, 7.340355726393646, 7.3403404968707004, 6.218359183096455, 6.218360154413702, 4.861287554753369, 4.861285479171121, 3.851800590632905, 3.851854873953586, 2.49434438079428, 2.49439624157831, 0.0, 3.071582785796274, 2.39581974697597], [8.720455050626658, 7.268815397986112, 6.3832947025811055, 4.876633897474774, 4.249796299824264, 2.733135938807289, 2.855845902705536, 2.1300113825986937, 1.0845463844391348, 9.024024748968722, 9.024016574120418, 9.405523279966937, 7.18737209903592, 7.187394958536785, 6.749333666370332, 6.749315063026766, 4.743998136593226, 4.744018627703732, 4.7818300304381385, 4.7817967146251625, 2.495441271599074, 2.4954396205879235, 3.6071328558842963, 3.6072116045499745, 3.071582785796274, 0.0, 1.850135938248863], [10.389867886551784, 8.982027257807673, 7.965594070124338, 6.512338091653413, 5.616782246090728, 4.108420622331653, 3.524035807139309, 2.1089137061530043, 1.0862154528453374, 10.634209531507269, 10.634197420586096, 11.135893983870357, 8.940155261515317, 8.940167787016081, 8.237435213098795, 8.237426321977027, 6.444900293255126, 6.444904114880221, 5.9959487747978635, 5.995916404520663, 4.007428468482002, 4.007478600067628, 4.114869090262776, 4.114923604394133, 2.39581974697597, 1.850135938248863, 0.0]]}