{"total energy": -63.11656932, "HOMO-LUMO gap/eV": 3.46513602, "electronic energy": -63.61882984, "dipole": [-0.22171285, -0.56069336, 0.32871569], "partial charges": [0.03370294, -0.28830083, 0.68816759, -0.50127054, -0.27777857, 0.03377329, -0.24943603, 0.14501724, 0.012604, -0.12291565, -0.00907356, -0.0380445, 0.08607672, -0.11709847, 0.09212053, -0.10962048, -0.04479627, 0.09926859, -0.11664824, 0.06513441, 0.05992128, 0.07483374, 0.07510801, 0.06767964, 0.05933957, 0.08882891, 0.09033048, 0.10307619], "atomic dipole moments": [[-0.01306271, -0.05183547, -0.30122848], [-0.11850035, 0.12511146, 0.10263423], [-0.00341155, -0.27922563, -0.05859501], [0.00495965, -0.13465897, -0.01598539], [-0.02253297, 0.14476702, -0.13155529], [0.26469482, -0.08833072, 0.13056081], [0.09908784, 0.10233025, 0.05934755], [-0.1947336, -0.00199642, 0.26961933], [-0.13181782, -0.15041941, -0.0769126], [0.00955811, 0.07640167, 0.09909676], [-0.06390304, -0.04579835, -0.03381116], [-0.00872736, 0.04503785, -0.00835548], [0.14488331, -0.04004794, 0.12474922], [-0.01301954, 0.00834077, 0.00355007], [0.13082296, 0.12284659, 0.08142902], [-0.0007714, 0.00581359, 0.02034897], [0.00373045, -0.05950638, 0.02046927], [-0.15725721, 0.03985833, -0.12041948], [-0.05631812, -0.04649239, 0.10268401], [0.03251525, 0.12040045, 0.00639993], [-0.11794392, -0.02503395, 0.03379152], [0.08155994, -0.07111314, 0.06080764], [-0.09874129, -0.06862764, 0.03256631], [-0.01307749, 0.11803393, 0.03816069], [0.02744699, -0.01337366, -0.12112456], [0.11499986, 0.02769157, -0.10538832], [0.01545446, -0.15167184, 0.04491969], [-0.01637901, 0.15205656, -0.04125232]], "atomic quadrupole moments": [[-0.29057781, -0.01693185, -0.2649077, 0.01901732, 0.15097677, 0.55548551], [-0.05420124, -0.05714256, -0.0675222, 0.03168488, 0.02130655, 0.12172344], [0.66667962, 0.02635081, -1.58069004, 0.05941716, -0.21452448, 0.91401042], [-0.0434406, -0.00240794, 0.08461072, -0.0022055, 0.01498143, -0.04117012], [0.10877241, -0.00929285, -0.04994688, 0.0640197, -0.06263259, -0.05882552], [0.3395959, -0.20650878, -0.21889327, 0.33075478, -0.12903031, -0.12070263], [-0.0013136, 0.02295634, -0.04356452, -0.05983837, 0.01818425, 0.04487812], [0.20639075, -0.08949834, 0.02305026, 0.01240123, -0.34373587, -0.22944101], [0.04131861, -0.00465213, 0.25175188, 0.34666828, -0.0967195, -0.29307049], [-0.00217256, 0.27600803, 0.13781983, 0.18891654, 0.18983099, -0.13564727], [0.04678763, 0.06006339, -0.22147986, -0.30698268, 0.17586308, 0.17469223], [0.05404688, -0.05919422, -0.28221683, -0.34414884, 0.10430184, 0.22816995], [0.14824719, -0.18998734, -0.37619497, -0.06363412, -0.02201463, 0.22794778], [0.13579753, -0.16400521, -0.18749203, 0.30239276, -0.13204378, 0.0516945], [0.06854355, 0.19073306, -0.14675201, -0.21347919, 0.23518153, 0.07820847], [0.04195345, 0.31140782, 0.09882835, 0.12915043, 0.1811312, -0.1407818], [0.05837758, -0.05733755, -0.27251492, -0.33043325, 0.10649276, 0.21413734], [0.14267442, -0.19676565, -0.38406527, -0.09302444, -0.01814383, 0.24139086], [0.12098265, -0.15930444, -0.1851107, 0.29295066, -0.13435103, 0.06412805], [-0.05434814, 0.02747414, 0.04647144, 0.00634828, 0.01268702, 0.00787671], [0.03923896, 0.02106078, -0.05717478, -0.0211708, 0.00123571, 0.01793582], [0.00724708, -0.06094214, 0.00134718, 0.02963084, -0.02014022, -0.00859427], [0.02819148, 0.04814476, 0.00300119, -0.01900406, -0.03762063, -0.03119267], [-0.00596609, -0.02377699, 0.04486338, 0.02224689, 0.02584615, -0.03889729], [0.00254347, -0.01630221, -0.05771415, 0.0002575, 0.00527996, 0.05517068], [0.00177362, 0.04842738, -0.00389517, -0.00710774, 0.03548179, 0.00212155], [0.00192629, 0.00948627, 0.02098548, 0.04225152, -0.00525341, -0.02291178], [-0.00028571, 0.01067841, 0.02164968, 0.04146946, -0.00814012, -0.02136397]], "number of molecular orbitals": 110, "number of electrons": 106, "number of unpaired electrons": 0, "orbital energies/eV": [-29.20206338, -29.17569621, -29.11600351, -28.96576239, -20.64257335, -20.26874179, -19.949348, -19.23937483, -19.12917102, -18.65717906, -18.2066028, -18.1286456, -18.07551917, -17.77744519, -17.42998548, -17.23335999, -17.00695368, -16.54769021, -16.30294828, -16.19707018, -15.7912682, -15.57916157, -15.43755164, -15.42703236, -15.30829717, -15.19013401, -15.07561038, -14.99334896, -14.75033077, -14.66492624, -14.49467953, -14.28078799, -14.00355101, -13.87825586, -13.51168858, -13.35192275, -13.31727795, -13.19265046, -13.08265037, -12.98293173, -12.91083095, -12.55171859, -12.469617, -12.17839637, -12.07842401, -12.01121638, -12.00287449, -11.93801255, -11.85369018, -11.6947102, -11.65283831, -11.20743719, -11.09751877, -7.63238275, -7.4933577, -6.76153907, -4.81876843, -4.5665988, -4.52745597, -4.0941778, -3.90560459, -2.84449579, -2.08079961, -1.95983079, -0.280181, -0.19240046, -0.02859686, -0.00474681, 0.00084315, 0.00452263, 0.0061704, 0.07097357, 0.07178137, 0.08947055, 0.19547948, 0.25911244, 0.26084277, 0.32536143, 0.37076246, 0.50668212, 0.55717306, 1.53773844, 1.763753, 2.34038391, 2.72300979, 3.13172504, 3.3680522, 3.38934909, 3.61246698, 3.81165583, 4.06699401, 4.22970871, 4.39370972, 4.78405057, 4.96169871, 5.03501518, 5.46115726, 7.6975155, 8.54845222, 9.48852811, 10.40393278, 10.61860217, 10.98558617, 11.95286262, 14.44102885, 14.99395006, 15.21584395, 26.36405564, 27.4177992, 30.52332508], "fractional occupation": [2.0, 2.0, 2.0, 2.0, 2.0, 2.0, 2.0, 2.0, 2.0, 2.0, 2.0, 2.0, 2.0, 2.0, 2.0, 2.0, 2.0, 2.0, 2.0, 2.0, 2.0, 2.0, 2.0, 2.0, 2.0, 2.0, 2.0, 2.0, 2.0, 2.0, 2.0, 2.0, 2.0, 2.0, 2.0, 2.0, 2.0, 2.0, 2.0, 2.0, 2.0, 2.0, 2.0, 2.0, 2.0, 2.0, 2.0, 2.0, 2.0, 2.0, 2.0, 2.0, 2.0, 0.0, 0.0, 0.0, 0.0, 0.0, 0.0, 0.0, 0.0, 0.0, 0.0, 0.0, 0.0, 0.0, 0.0, 0.0, 0.0, 0.0, 0.0, 0.0, 0.0, 0.0, 0.0, 0.0, 0.0, 0.0, 0.0, 0.0, 0.0, 0.0, 0.0, 0.0, 0.0, 0.0, 0.0, 0.0, 0.0, 0.0, 0.0, 0.0, 0.0, 0.0, 0.0, 0.0, 0.0, 0.0, 0.0, 0.0, 0.0, 0.0, 0.0, 0.0, 0.0, 0.0, 0.0, 0.0, 0.0, 0.0], "program call": "xtb /home/svss/Project-DBcg-Debug/aqme2_20220329/End-to-End-workflows-final/example-3/QDESCP/mol_1128_rdkit_conf_2/mol_1128_rdkit_conf_2.xyz --pop --wbo --acc 0.2 --gfn 2 --chrg 0 --uhf 0 --etemp 300 --input /home/svss/Project-DBcg-Debug/aqme2_20220329/End-to-End-workflows-final/example-3/QDESCP/mol_1128_rdkit_conf_2/mol_1128_rdkit_conf_2_xtb.inp", "method": "GFN2-xTB", "xtb version": "6.3.3 (7355c4f)", "Dipole module/D": 1.745, "Total charge": 0, "Transition dipole module/D": NaN, "HOMO": -11.0975, "LUMO": -7.6324, "HOMO occupancy": 2.0, "LUMO occupancy": 0, "mulliken charges": [0.18078, -0.33453, 0.52993, -0.42706, -0.32883, 0.17992, -0.30283, 0.2373, 0.02103, -0.08365, -0.02557, -0.03365, 0.08613, -0.0914, 0.09718, -0.08466, -0.05989, 0.11487, -0.08826, 0.04411, 0.04465, 0.03699, 0.03768, 0.04596, 0.04371, 0.0443, 0.05832, 0.05749], "cm5 charges": [0.06638, -0.3984, 0.5289, -0.44148, -0.3929, 0.06556, -0.34233, 0.26096, -0.02574, -0.08621, -0.02631, -0.08064, 0.08238, -0.09245, 0.0934, -0.08568, -0.10798, 0.11152, -0.08896, 0.10683, 0.10803, 0.09652, 0.09716, 0.10864, 0.10701, 0.10221, 0.11832, 0.11529], "FUKUI+": [0.009, 0.007, -0.027, 0.005, -0.014, 0.009, -0.02, -0.019, -0.023, -0.101, -0.064, -0.033, -0.031, -0.111, -0.053, -0.127, -0.031, -0.033, -0.109, -0.001, -0.017, -0.013, -0.019, -0.009, -0.001, -0.044, -0.065, -0.066], "FUKUI-": [0.011, 0.002, -0.044, -0.022, -0.018, 0.011, -0.026, -0.023, -0.009, -0.18, -0.02, -0.009, -0.018, -0.156, -0.014, -0.136, -0.009, -0.014, -0.128, -0.005, -0.016, -0.017, -0.025, -0.017, -0.005, -0.046, -0.033, -0.036], "FUKUIrad": [0.01, 0.004, -0.035, -0.009, -0.016, 0.01, -0.023, -0.021, -0.016, -0.14, -0.042, -0.021, -0.024, -0.133, -0.034, -0.131, -0.02, -0.023, -0.119, -0.003, -0.017, -0.015, -0.022, -0.013, -0.003, -0.045, -0.049, -0.051], "s proportion": [0.973, 1.639, 1.306, 1.672, 1.64, 0.973, 1.624, 1.01, 1.053, 1.94, 1.078, 1.068, 1.079, 1.945, 1.081, 1.945, 1.065, 1.081, 1.945, 0.956, 0.955, 0.963, 0.962, 0.954, 0.956, 0.956, 0.942, 0.943], "p proportion": [2.846, 4.695, 1.852, 4.755, 4.689, 2.847, 4.679, 2.753, 2.926, 5.152, 2.948, 2.966, 2.835, 5.156, 2.821, 5.15, 2.995, 2.804, 5.154, 0.0, 0.0, 0.0, 0.0, 0.0, 0.0, 0.0, 0.0, 0.0], "d proportion": [0.0, 0.0, 1.313, 0.0, 0.0, 0.0, 0.0, 0.0, 0.0, -0.008, 0.0, 0.0, 0.0, -0.01, 0.0, -0.01, 0.0, 0.0, -0.011, 0.0, 0.0, 0.0, 0.0, 0.0, 0.0, 0.0, 0.0, 0.0], "Fermi-level/eV": -9.365, "Coordination numbers": [3.921, 1.657, 3.993, 0.808, 1.657, 3.923, 1.661, 3.015, 2.809, 0.928, 2.998, 2.961, 2.898, 0.966, 2.899, 0.966, 2.997, 2.879, 0.958, 0.924, 0.924, 0.924, 0.924, 0.924, 0.924, 0.925, 0.925, 0.925], "Dispersion coefficient C6": [19.947, 18.806, 133.132, 23.839, 18.625, 19.945, 18.147, 24.829, 27.72, 102.977, 28.232, 28.943, 26.083, 102.807, 25.953, 102.572, 29.1, 25.798, 102.79, 2.14, 2.2, 2.033, 2.03, 2.111, 2.207, 1.89, 1.876, 1.757], "Total dispersion C6": 17647.517221, "Total dispersion C8": 550475.957174, "Polarizability alpha": [6.348, 5.854, 20.727, 6.545, 5.826, 6.347, 5.751, 8.174, 8.626, 15.525, 8.716, 8.824, 8.374, 15.512, 8.353, 15.494, 8.849, 8.327, 15.511, 2.288, 2.32, 2.23, 2.228, 2.272, 2.323, 2.15, 2.142, 2.073], "Total polarizability alpha": 207.706595, "Wiberg matrix": [[0.0, 0.9450262856017633, 0.0, 0.0, 0.0, 0.0, 0.0, 0.0, 0.0, 0.0, 0.0, 0.0, 0.0, 0.0, 0.0, 0.0, 0.0, 0.0, 0.0, 0.9795779474703056, 0.9811388215754657, 0.9776425623341221, 0.0, 0.0, 0.0, 0.0, 0.0, 0.0], [0.9450262856017633, 0.0, 1.1749718306089856, 0.0, 0.0, 0.0, 0.0, 0.0, 0.0, 0.0, 0.0, 0.0, 0.0, 0.0, 0.0, 0.0, 0.0, 0.0, 0.0, 0.0, 0.0, 0.0, 0.0, 0.0, 0.0, 0.0, 0.0, 0.0], [0.0, 1.1749718306089856, 0.0, 1.8178749100599776, 1.1884981278210367, 0.0, 1.1463721069044575, 0.0, 0.0, 0.0, 0.0, 0.0, 0.0, 0.0, 0.0, 0.0, 0.0, 0.0, 0.0, 0.0, 0.0, 0.0, 0.0, 0.0, 0.0, 0.0, 0.0, 0.0], [0.0, 0.0, 1.8178749100599776, 0.0, 0.0, 0.0, 0.0, 0.0, 0.0, 0.0, 0.0, 0.0, 0.0, 0.0, 0.0, 0.0, 0.0, 0.0, 0.0, 0.0, 0.0, 0.0, 0.0, 0.0, 0.0, 0.0, 0.0, 0.0], [0.0, 0.0, 1.1884981278210367, 0.0, 0.0, 0.9435218302085667, 0.0, 0.0, 0.0, 0.0, 0.0, 0.0, 0.0, 0.0, 0.0, 0.0, 0.0, 0.0, 0.0, 0.0, 0.0, 0.0, 0.0, 0.0, 0.0, 0.0, 0.0, 0.0], [0.0, 0.0, 0.0, 0.0, 0.9435218302085667, 0.0, 0.0, 0.0, 0.0, 0.0, 0.0, 0.0, 0.0, 0.0, 0.0, 0.0, 0.0, 0.0, 0.0, 0.0, 0.0, 0.0, 0.9777518491584681, 0.9785828947309478, 0.980410880510586, 0.0, 0.0, 0.0], [0.0, 0.0, 1.1463721069044575, 0.0, 0.0, 0.0, 0.0, 0.988629107138251, 0.0, 0.0, 0.0, 0.0, 0.0, 0.0, 0.0, 0.0, 0.0, 0.0, 0.0, 0.0, 0.0, 0.0, 0.0, 0.0, 0.0, 0.0, 0.0, 0.0], [0.0, 0.0, 0.0, 0.0, 0.0, 0.0, 0.988629107138251, 0.0, 1.7799020191854047, 0.0, 0.9982883283751148, 0.0, 0.0, 0.0, 0.0, 0.0, 0.0, 0.0, 0.0, 0.0, 0.0, 0.0, 0.0, 0.0, 0.0, 0.0, 0.0, 0.0], [0.0, 0.0, 0.0, 0.0, 0.0, 0.0, 0.0, 1.7799020191854047, 0.0, 1.012359626083088, 0.0, 0.0, 0.0, 0.0, 0.0, 0.0, 0.0, 0.0, 0.0, 0.0, 0.0, 0.0, 0.0, 0.0, 0.0, 0.9620643336728225, 0.0, 0.0], [0.0, 0.0, 0.0, 0.0, 0.0, 0.0, 0.0, 0.0, 1.012359626083088, 0.0, 0.0, 0.0, 0.0, 0.0, 0.0, 0.0, 0.0, 0.0, 0.0, 0.0, 0.0, 0.0, 0.0, 0.0, 0.0, 0.0, 0.0, 0.0], [0.0, 0.0, 0.0, 0.0, 0.0, 0.0, 0.0, 0.9982883283751148, 0.0, 0.0, 0.0, 1.399853383940294, 0.0, 0.0, 0.0, 0.0, 0.0, 1.3537122109064281, 0.0, 0.0, 0.0, 0.0, 0.0, 0.0, 0.0, 0.0, 0.0, 0.0], [0.0, 0.0, 0.0, 0.0, 0.0, 0.0, 0.0, 0.0, 0.0, 0.0, 1.399853383940294, 0.0, 1.3979088307339123, 0.0, 0.0, 0.0, 0.10217954591216696, 0.0, 0.0, 0.0, 0.0, 0.0, 0.0, 0.0, 0.0, 0.0, 0.9591941857100638, 0.0], [0.0, 0.0, 0.0, 0.0, 0.0, 0.0, 0.0, 0.0, 0.0, 0.0, 0.0, 1.3979088307339123, 0.0, 1.005156824131101, 1.3523737604992647, 0.0, 0.0, 0.0, 0.0, 0.0, 0.0, 0.0, 0.0, 0.0, 0.0, 0.0, 0.0, 0.0], [0.0, 0.0, 0.0, 0.0, 0.0, 0.0, 0.0, 0.0, 0.0, 0.0, 0.0, 0.0, 1.005156824131101, 0.0, 0.0, 0.0, 0.0, 0.0, 0.0, 0.0, 0.0, 0.0, 0.0, 0.0, 0.0, 0.0, 0.0, 0.0], [0.0, 0.0, 0.0, 0.0, 0.0, 0.0, 0.0, 0.0, 0.0, 0.0, 0.0, 0.0, 1.3523737604992647, 0.0, 0.0, 1.0113379594325522, 1.3985609245368922, 0.0, 0.0, 0.0, 0.0, 0.0, 0.0, 0.0, 0.0, 0.0, 0.0, 0.0], [0.0, 0.0, 0.0, 0.0, 0.0, 0.0, 0.0, 0.0, 0.0, 0.0, 0.0, 0.0, 0.0, 0.0, 1.0113379594325522, 0.0, 0.0, 0.0, 0.0, 0.0, 0.0, 0.0, 0.0, 0.0, 0.0, 0.0, 0.0, 0.0], [0.0, 0.0, 0.0, 0.0, 0.0, 0.0, 0.0, 0.0, 0.0, 0.0, 0.0, 0.10217954591216696, 0.0, 0.0, 1.3985609245368922, 0.0, 0.0, 1.4007517019841675, 0.0, 0.0, 0.0, 0.0, 0.0, 0.0, 0.0, 0.0, 0.0, 0.9578141777688925], [0.0, 0.0, 0.0, 0.0, 0.0, 0.0, 0.0, 0.0, 0.0, 0.0, 1.3537122109064281, 0.0, 0.0, 0.0, 0.0, 0.0, 1.4007517019841675, 0.0, 1.0084242282150833, 0.0, 0.0, 0.0, 0.0, 0.0, 0.0, 0.0, 0.0, 0.0], [0.0, 0.0, 0.0, 0.0, 0.0, 0.0, 0.0, 0.0, 0.0, 0.0, 0.0, 0.0, 0.0, 0.0, 0.0, 0.0, 0.0, 1.0084242282150833, 0.0, 0.0, 0.0, 0.0, 0.0, 0.0, 0.0, 0.0, 0.0, 0.0], [0.9795779474703056, 0.0, 0.0, 0.0, 0.0, 0.0, 0.0, 0.0, 0.0, 0.0, 0.0, 0.0, 0.0, 0.0, 0.0, 0.0, 0.0, 0.0, 0.0, 0.0, 0.0, 0.0, 0.0, 0.0, 0.0, 0.0, 0.0, 0.0], [0.9811388215754657, 0.0, 0.0, 0.0, 0.0, 0.0, 0.0, 0.0, 0.0, 0.0, 0.0, 0.0, 0.0, 0.0, 0.0, 0.0, 0.0, 0.0, 0.0, 0.0, 0.0, 0.0, 0.0, 0.0, 0.0, 0.0, 0.0, 0.0], [0.9776425623341221, 0.0, 0.0, 0.0, 0.0, 0.0, 0.0, 0.0, 0.0, 0.0, 0.0, 0.0, 0.0, 0.0, 0.0, 0.0, 0.0, 0.0, 0.0, 0.0, 0.0, 0.0, 0.0, 0.0, 0.0, 0.0, 0.0, 0.0], [0.0, 0.0, 0.0, 0.0, 0.0, 0.9777518491584681, 0.0, 0.0, 0.0, 0.0, 0.0, 0.0, 0.0, 0.0, 0.0, 0.0, 0.0, 0.0, 0.0, 0.0, 0.0, 0.0, 0.0, 0.0, 0.0, 0.0, 0.0, 0.0], [0.0, 0.0, 0.0, 0.0, 0.0, 0.9785828947309478, 0.0, 0.0, 0.0, 0.0, 0.0, 0.0, 0.0, 0.0, 0.0, 0.0, 0.0, 0.0, 0.0, 0.0, 0.0, 0.0, 0.0, 0.0, 0.0, 0.0, 0.0, 0.0], [0.0, 0.0, 0.0, 0.0, 0.0, 0.980410880510586, 0.0, 0.0, 0.0, 0.0, 0.0, 0.0, 0.0, 0.0, 0.0, 0.0, 0.0, 0.0, 0.0, 0.0, 0.0, 0.0, 0.0, 0.0, 0.0, 0.0, 0.0, 0.0], [0.0, 0.0, 0.0, 0.0, 0.0, 0.0, 0.0, 0.0, 0.9620643336728225, 0.0, 0.0, 0.0, 0.0, 0.0, 0.0, 0.0, 0.0, 0.0, 0.0, 0.0, 0.0, 0.0, 0.0, 0.0, 0.0, 0.0, 0.0, 0.0], [0.0, 0.0, 0.0, 0.0, 0.0, 0.0, 0.0, 0.0, 0.0, 0.0, 0.0, 0.9591941857100638, 0.0, 0.0, 0.0, 0.0, 0.0, 0.0, 0.0, 0.0, 0.0, 0.0, 0.0, 0.0, 0.0, 0.0, 0.0, 0.0], [0.0, 0.0, 0.0, 0.0, 0.0, 0.0, 0.0, 0.0, 0.0, 0.0, 0.0, 0.0, 0.0, 0.0, 0.0, 0.0, 0.9578141777688925, 0.0, 0.0, 0.0, 0.0, 0.0, 0.0, 0.0, 0.0, 0.0, 0.0, 0.0]], "Born radii": [], "Atomic SASAs": [], "Solvent H bonds": [], "Total SASA": NaN, "Total FOD": 0.0, "FOD": [0.0, 0.0, 0.0, 0.0, 0.0, 0.0, 0.0, 0.0, 0.0, 0.0, 0.0, 0.0, 0.0, 0.0, 0.0, 0.0, 0.0, 0.0, 0.0, 0.0, 0.0, 0.0, 0.0, 0.0, 0.0, 0.0, 0.0, 0.0], "FOD s proportion": [0.0, 0.0, 0.0, 0.0, 0.0, 0.0, 0.0, 0.0, 0.0, 0.0, 0.0, 0.0, 0.0, 0.0, 0.0, 0.0, 0.0, 0.0, 0.0, 0.0, 0.0, 0.0, 0.0, 0.0, 0.0, 0.0, 0.0, 0.0], "FOD p proportion": [0.0, 0.0, 0.0, 0.0, 0.0, 0.0, 0.0, 0.0, 0.0, 0.0, 0.0, 0.0, 0.0, 0.0, 0.0, 0.0, 0.0, 0.0, 0.0, 0.0, 0.0, 0.0, 0.0, 0.0, 0.0, 0.0, 0.0, 0.0], "FOD d proportion": [0.0, 0.0, 0.0, 0.0, 0.0, 0.0, 0.0, 0.0, 0.0, 0.0, 0.0, 0.0, 0.0, 0.0, 0.0, 0.0, 0.0, 0.0, 0.0, 0.0, 0.0, 0.0, 0.0, 0.0, 0.0, 0.0, 0.0, 0.0], "coordinates": [["-0.26510", "-1.04820", "2.97120"], ["-0.23350", "-1.34230", "1.58970"], ["-1.30760", "-0.56980", "0.66680"], ["-1.34200", "0.91570", "0.85590"], ["-2.68920", "-1.32200", "1.02050"], ["-3.84400", "-0.86120", "0.34920"], ["-0.96890", "-1.08880", "-0.81990"], ["0.09960", "-0.73450", "-1.61880"], ["0.30580", "-1.30510", "-2.81150"], ["-0.70500", "-2.52070", "-3.47620"], ["1.01840", "0.30470", "-1.13080"], ["2.05360", "-0.07430", "-0.26140"], ["2.94180", "0.87880", "0.24760"], ["4.17540", "0.32930", "1.32440"], ["2.80920", "2.22200", "-0.11960"], ["3.87270", "3.45030", "0.46730"], ["1.79120", "2.60820", "-0.99470"], ["0.90120", "1.65610", "-1.49890"], ["-0.33570", "2.20190", "-2.57690"], ["0.00830", "-0.00280", "3.13750"], ["-1.26000", "-1.24300", "3.38030"], ["0.45900", "-1.68760", "3.48230"], ["-4.69450", "-1.47790", "0.65020"], ["-4.04720", "0.17810", "0.62100"], ["-3.71300", "-0.94380", "-0.73320"], ["1.12360", "-1.05800", "-3.47670"], ["2.15960", "-1.11790", "0.03380"], ["1.68620", "3.65280", "-1.27900"]], "bond_dist": [[0.0, 1.4128112471239747, 2.574088609585925, 3.0807646631964603, 3.123532894016005, 4.440538054110109, 3.8560889525528323, 4.615139627356902, 5.81648895038923, 6.628026480031594, 4.506008728353731, 4.0956749944301, 4.6276920349133, 4.932291226194982, 5.449639728459121, 6.605104563896018, 5.772867005223661, 5.353063439751112, 6.430361419080579, 1.0932814870837246, 1.0932226946052666, 1.0928752810819722, 5.019090301040618, 4.618607164503168, 5.061767787048316, 6.595756070383441, 3.8095074406017373, 6.631076287451382], [1.4128112471239747, 0.0, 1.6131309525267936, 2.620266911976717, 2.5208854039801176, 3.8478575480389083, 2.532044148509263, 3.2825064661017804, 4.434274435575679, 5.2224784939719955, 3.4177452889295306, 3.2039384544650664, 4.100859386762731, 4.722608374616723, 4.988382931371649, 6.410122850616828, 5.136631551902473, 4.451673461744471, 5.471046887022629, 2.0611677103040402, 2.066352123913057, 2.044681662264324, 4.560873667401893, 4.218329472670432, 4.202569084500575, 5.2527093827852305, 2.8632337976490847, 6.071714073472169], [2.574088609585925, 1.6131309525267936, 0.0, 1.497882645603453, 1.6123669216403567, 2.5727628495452115, 1.6107003383621672, 2.689108642282792, 3.904138386379253, 4.618829567108966, 3.066984188090966, 3.522036474825325, 4.509054331009996, 5.595007378904874, 5.035932330760611, 6.560221974140814, 4.739496565037261, 3.810995242715477, 4.37589992915743, 2.8561232991591945, 2.7961663487711172, 3.506763842918425, 3.506567093326463, 2.8402218592919817, 2.808171141508295, 4.828836809211925, 3.566872362448648, 5.5298577594726614], [3.0807646631964603, 2.620266911976717, 1.497882645603453, 0.0, 2.6171248136074827, 3.1103251437751647, 2.6392289593743095, 3.305376028532911, 4.593149272557991, 5.566121124265981, 3.145120991313371, 3.709253112150747, 4.326931122631836, 5.568218743009294, 4.45987459240728, 5.811050095292589, 4.013255393069322, 3.3354492111258414, 3.8014557698334466, 2.805824459940429, 3.322544965835677, 4.113240674942326, 4.124425984303755, 2.8137766098253074, 3.4065554538272234, 5.361538753939955, 4.131897860547863, 4.6064638997825655], [3.123532894016005, 2.5208854039801176, 1.6123669216403567, 2.6171248136074827, 0.0, 1.4129909306149135, 2.5299973300381167, 3.884387490969458, 4.8635927676975585, 5.059075233676605, 4.5848165001447985, 5.0689421716961816, 6.09500254716928, 7.066956916523546, 6.640193263000709, 8.132613918046275, 6.291381981727067, 5.301643908260908, 5.558607759142571, 3.674028291943327, 2.759983637632658, 4.01313915034104, 2.045154025984351, 2.062538305098841, 2.06559080410424, 5.9018596797958525, 4.952382773978603, 7.012878185880601], [4.440538054110109, 3.8478575480389083, 2.5727628495452115, 3.1103251437751647, 1.4129909306149135, 0.0, 3.112040581354941, 4.4092014980039185, 5.2352566068913955, 5.219286005767455, 5.214657857424589, 5.981114422078882, 7.00606909757533, 8.165726033244074, 7.347854511352276, 8.84027368071826, 6.75265004350144, 5.680598202654364, 5.500255604060597, 4.832357886166959, 4.001299095293927, 5.386563057275019, 1.0928266742718167, 1.0933023232390937, 1.0934228459292405, 6.273220130841895, 6.017356978773988, 7.321908445207438], [3.8560889525528323, 2.532044148509263, 1.6107003383621672, 2.6392289593743095, 2.5299973300381167, 3.112040581354941, 0.0, 1.3803847108686766, 2.374471802317307, 3.029176539919719, 2.44701090107911, 3.236763622818324, 4.506060419035679, 5.750900154758384, 5.072066279141076, 6.760281296662143, 4.616981270267403, 3.39010191882191, 3.783741234545513, 4.2184512086783705, 4.21309825306745, 4.57235001831662, 4.024013938842657, 3.627279877539091, 2.749295673440745, 3.382024708661958, 3.243017537726246, 5.4537234418331115], [4.615139627356902, 3.2825064661017804, 2.689108642282792, 3.305376028532911, 3.884387490969458, 4.4092014980039185, 1.3803847108686766, 0.0, 1.3381465129050705, 2.699597444064578, 1.4704672998744313, 2.4691121481212632, 3.763547088851155, 5.138700450503026, 4.281404565093096, 6.008381467583429, 3.7979803396015623, 2.52426364114369, 3.1192766244756176, 4.813118559728194, 5.205582121146491, 5.201806338186764, 5.355781863556431, 4.80057215756622, 3.9196954741408168, 2.145931187153959, 2.6686480322440422, 4.677730741502764], [5.81648895038923, 4.434274435575679, 3.904138386379253, 4.593149272557991, 4.8635927676975585, 5.2352566068913955, 2.374471802317307, 1.3381465129050705, 0.0, 1.7150003177842272, 2.4339283658316653, 3.3275641977278214, 4.590861359265818, 5.894975515640417, 5.094484427299784, 6.788750563247997, 4.5630135097323565, 3.2933456180607585, 3.5728991603458384, 6.097138061418652, 6.387015992621281, 6.3072731770552, 6.084096220475149, 5.738514397472572, 4.538790810337044, 1.082749412375735, 3.4010807649922103, 5.369807521690141], [6.628026480031594, 5.2224784939719955, 4.618829567108966, 5.566121124265981, 5.059075233676605, 5.219286005767455, 3.029176539919719, 2.699597444064578, 1.7150003177842272, 0.0, 4.056339961097935, 4.891797824931034, 6.222735486102555, 7.415292611893343, 6.790402675099615, 8.494667182415094, 6.2204880757059575, 4.89236670436712, 4.821625632501967, 7.112639804601383, 6.9965802032135676, 7.104201141578129, 5.8335854369332765, 5.936402119129061, 4.365630150390663, 2.341638208605249, 4.742771447160405, 6.975501955415109], [4.506008728353731, 3.4177452889295306, 3.066984188090966, 3.145120991313371, 4.5848165001447985, 5.214657857424589, 2.44701090107911, 1.4704672998744313, 2.4339283658316653, 4.056339961097935, 0.0, 1.4039716521354695, 2.4349630243599187, 3.9994076061336883, 2.8116773232360788, 4.538254230428261, 2.433486244053991, 1.4055302949420905, 2.7430202077272416, 4.396958397574396, 5.2854995090341275, 5.055974610300175, 6.243945080636119, 5.3614488862619964, 4.909478991705739, 2.71500739225513, 2.163890329938188, 3.4172640650087316], [4.0956749944301, 3.2039384544650664, 3.522036474825325, 3.709253112150747, 5.0689421716961816, 5.981114422078882, 3.236763622818324, 2.4691121481212632, 3.3275641977278214, 4.891797824931034, 1.4039716521354695, 0.0, 1.3987064917272676, 2.6794943254278407, 2.4215764059802036, 4.032732778154288, 2.7932756577180133, 2.419445426125582, 4.031300184803905, 3.9674784876543443, 5.060413376395253, 4.37730233591421, 6.952550692371829, 6.1694486106944755, 5.850837636612385, 3.4886558701024093, 1.0897155592171746, 3.8809492305362614], [4.6276920349133, 4.100859386762731, 4.509054331009996, 4.326931122631836, 6.09500254716928, 7.00606909757533, 4.506060419035679, 3.763547088851155, 4.590861359265818, 6.222735486102555, 2.4349630243599187, 1.3987064917272676, 0.0, 1.7271993081286245, 1.3987869172965552, 2.743620810170385, 2.420333450167559, 2.7961591335258444, 4.524422627253117, 4.211194939681611, 5.654287556359334, 4.81808975528684, 8.001824750642818, 7.033955434177844, 6.9692325574628375, 4.574653644812906, 2.155077300237743, 3.4061877399814593], [4.932291226194982, 4.722608374616723, 5.595007378904874, 5.568218743009294, 7.066956916523546, 8.165726033244074, 5.750900154758384, 5.138700450503026, 5.894975515640417, 7.415292611893343, 3.9994076061336883, 2.6794943254278407, 1.7271993081286245, 0.0, 2.744804497591768, 3.250675114495449, 4.031875451945409, 4.522367385562566, 6.251143548183804, 4.556571565332866, 6.020168208613444, 4.747214654931878, 9.07720460769724, 8.254016219998602, 8.251142704498571, 5.855650752905265, 2.797049488300126, 4.900965256967243], [5.449639728459121, 4.988382931371649, 5.035932330760611, 4.45987459240728, 6.640193263000709, 7.347854511352276, 5.072066279141076, 4.281404565093096, 5.094484427299784, 6.790402675099615, 2.8116773232360788, 2.4215764059802036, 1.3987869172965552, 2.744804497591768, 0.0, 1.7274850940022608, 1.3968802561422367, 2.4213994507309198, 3.9911305804245494, 4.837713949790748, 6.388576809431034, 5.8122367303818585, 8.40162875518789, 7.192790594060139, 7.275842730570802, 4.986959772246013, 3.405942414369333, 2.1569714879895843], [6.605104563896018, 6.410122850616828, 6.560221974140814, 5.811050095292589, 8.132613918046275, 8.84027368071826, 6.760281296662143, 6.008381467583429, 6.788750563247997, 8.494667182415094, 4.538254230428261, 4.032732778154288, 2.743620810170385, 3.250675114495449, 1.7274850940022608, 0.0, 2.679406400679076, 3.989349361738076, 5.3419366113798095, 5.829876071581626, 7.540374206894509, 6.865973281334556, 9.885217422495066, 8.570631980198426, 8.848285684244152, 6.590709802441616, 4.8980695278854505, 2.8055930193098213], [5.772867005223661, 5.136631551902473, 4.739496565037261, 4.013255393069322, 6.291381981727067, 6.75265004350144, 4.616981270267403, 3.7979803396015623, 4.5630135097323565, 6.2204880757059575, 2.433486244053991, 2.7932756577180133, 2.420333450167559, 4.031875451945409, 1.3968802561422367, 2.679406400679076, 0.0, 1.397430517056215, 2.681816574637423, 5.2029924322451215, 6.578919963033446, 6.346036832543599, 7.840039139570669, 6.527081052047692, 6.556012804288899, 4.477391673731482, 3.882956608050108, 1.0876767212733753], [5.353063439751112, 4.451673461744471, 3.810995242715477, 3.3354492111258414, 5.301643908260908, 5.680598202654364, 3.39010191882191, 2.52426364114369, 3.2933456180607585, 4.89236670436712, 1.4055302949420905, 2.419445426125582, 2.7961591335258444, 4.522367385562566, 2.4213994507309198, 3.989349361738076, 1.397430517056215, 0.0, 1.72913367036791, 5.00454039647998, 6.0730683258135665, 6.015664881789875, 6.7640553885964, 5.582573113717366, 5.351319289670538, 3.3656341764963114, 3.409958335522591, 2.156708580221259], [6.430361419080579, 5.471046887022629, 4.37589992915743, 3.8014557698334466, 5.558607759142571, 5.500255604060597, 3.783741234545513, 3.1192766244756176, 3.5728991603458384, 4.821625632501967, 2.7430202077272416, 4.031300184803905, 4.524422627253117, 6.251143548183804, 3.9911305804245494, 5.3419366113798095, 2.681816574637423, 1.72913367036791, 0.0, 6.134607196063983, 6.943334814050091, 7.243870718062272, 6.553948419845856, 5.300713451979838, 4.969991294760987, 3.683224747419033, 4.905440716184429, 2.806730273823974], [1.0932814870837246, 2.0611677103040402, 2.8561232991591945, 2.805824459940429, 3.674028291943327, 4.832357886166959, 4.2184512086783705, 4.813118559728194, 6.097138061418652, 7.112639804601383, 4.396958397574396, 3.9674784876543443, 4.211194939681611, 4.556571565332866, 4.837713949790748, 5.829876071581626, 5.2029924322451215, 5.00454039647998, 6.134607196063983, 0.0, 1.790428096852817, 1.777798799077106, 5.520770701632155, 4.776251386809535, 5.451226759179993, 6.790065004843474, 3.93757455675445, 5.973628044999119], [1.0932226946052666, 2.066352123913057, 2.7961663487711172, 3.322544965835677, 2.759983637632658, 4.001299095293927, 4.21309825306745, 5.205582121146491, 6.387015992621281, 6.9965802032135676, 5.2854995090341275, 5.060413376395253, 5.654287556359334, 6.020168208613444, 6.388576809431034, 7.540374206894509, 6.578919963033446, 6.0730683258135665, 6.943334814050091, 1.790428096852817, 0.0, 1.7784921028781657, 4.3936788992824685, 4.171539948268506, 4.798709398369525, 7.261833305715576, 4.786269572433212, 7.372789741339434], [1.0928752810819722, 2.044681662264324, 3.506763842918425, 4.113240674942326, 4.01313915034104, 5.386563057275019, 4.57235001831662, 5.201806338186764, 6.3072731770552, 7.104201141578129, 5.055974610300175, 4.37730233591421, 4.81808975528684, 4.747214654931878, 5.8122367303818585, 6.865973281334556, 6.346036832543599, 6.015664881789875, 7.243870718062272, 1.777798799077106, 1.7784921028781657, 0.0, 5.884158967091218, 5.654530274036916, 5.977395979019627, 7.0189579226549, 3.8869976459987727, 7.2591920824565594], [5.019090301040618, 4.560873667401893, 3.506567093326463, 4.124425984303755, 2.045154025984351, 1.0928266742718167, 4.024013938842657, 5.355781863556431, 6.084096220475149, 5.8335854369332765, 6.243945080636119, 6.952550692371829, 8.001824750642818, 9.07720460769724, 8.40162875518789, 9.885217422495066, 7.840039139570669, 6.7640553885964, 6.553948419845856, 5.520770701632155, 4.3936788992824685, 5.884158967091218, 0.0, 1.7782536180196566, 1.778313982400183, 7.145481595385996, 6.89117085624787, 8.411850427819077], [4.618607164503168, 4.218329472670432, 2.8402218592919817, 2.8137766098253074, 2.062538305098841, 1.0933023232390937, 3.627279877539091, 4.80057215756622, 5.738514397472572, 5.936402119129061, 5.3614488862619964, 6.1694486106944755, 7.033955434177844, 8.254016219998602, 7.192790594060139, 8.570631980198426, 6.527081052047692, 5.582573113717366, 5.300713451979838, 4.776251386809535, 4.171539948268506, 5.654530274036916, 1.7782536180196566, 0.0, 1.7900298572928888, 6.712396080387389, 6.36779287351591, 6.96817161456289], [5.061767787048316, 4.202569084500575, 2.808171141508295, 3.4065554538272234, 2.06559080410424, 1.0934228459292405, 2.749295673440745, 3.9196954741408168, 4.538790810337044, 4.365630150390663, 4.909478991705739, 5.850837636612385, 6.9692325574628375, 8.251142704498571, 7.275842730570802, 8.848285684244152, 6.556012804288899, 5.351319289670538, 4.969991294760987, 5.451226759179993, 4.798709398369525, 5.977395979019627, 1.778313982400183, 1.7900298572928888, 0.0, 5.561702387758626, 5.925034225217607, 7.111820430803918], [6.595756070383441, 5.2527093827852305, 4.828836809211925, 5.361538753939955, 5.9018596797958525, 6.273220130841895, 3.382024708661958, 2.145931187153959, 1.082749412375735, 2.341638208605249, 2.71500739225513, 3.4886558701024093, 4.574653644812906, 5.855650752905265, 4.986959772246013, 6.590709802441616, 4.477391673731482, 3.3656341764963114, 3.683224747419033, 6.790065004843474, 7.261833305715576, 7.0189579226549, 7.145481595385996, 6.712396080387389, 5.561702387758626, 0.0, 3.660668553693437, 5.228579222886462], [3.8095074406017373, 2.8632337976490847, 3.566872362448648, 4.131897860547863, 4.952382773978603, 6.017356978773988, 3.243017537726246, 2.6686480322440422, 3.4010807649922103, 4.742771447160405, 2.163890329938188, 1.0897155592171746, 2.155077300237743, 2.797049488300126, 3.405942414369333, 4.8980695278854505, 3.882956608050108, 3.409958335522591, 4.905440716184429, 3.93757455675445, 4.786269572433212, 3.8869976459987727, 6.89117085624787, 6.36779287351591, 5.925034225217607, 3.660668553693437, 0.0, 4.970626709983359], [6.631076287451382, 6.071714073472169, 5.5298577594726614, 4.6064638997825655, 7.012878185880601, 7.321908445207438, 5.4537234418331115, 4.677730741502764, 5.369807521690141, 6.975501955415109, 3.4172640650087316, 3.8809492305362614, 3.4061877399814593, 4.900965256967243, 2.1569714879895843, 2.8055930193098213, 1.0876767212733753, 2.156708580221259, 2.806730273823974, 5.973628044999119, 7.372789741339434, 7.2591920824565594, 8.411850427819077, 6.96817161456289, 7.111820430803918, 5.228579222886462, 4.970626709983359, 0.0]]}