{"total energy": -28.29523414, "HOMO-LUMO gap/eV": 2.92238145, "electronic energy": -28.68894358, "dipole": [1.40496788, 0.65600462, -0.41530567], "partial charges": [-0.10205897, -0.04653259, -0.05779056, -0.02617195, -0.01421935, -0.04773021, -0.09456489, 0.19645713, -0.34360588, 0.0371866, 0.03612155, 0.03610996, 0.03372392, 0.0339566, 0.04707597, 0.04715302, 0.04094128, 0.03753767, 0.05756452, 0.03712288, 0.03042912, 0.04558275, 0.01571144], "atomic dipole moments": [[-0.07470834, -0.07754162, -0.00110943], [-0.02758462, 0.10300265, -0.05314409], [0.02891539, -0.0950471, 0.04780531], [0.09449782, 0.04898834, -0.01562184], [-0.10706939, 0.0140477, 0.06304713], [-0.0346085, 0.00325467, -0.11279066], [0.07508046, -0.07147631, 0.04580824], [-0.04785838, 0.00619806, 0.03487075], [0.14742899, 0.01887521, -0.07963828], [0.10261148, -0.04008507, 0.06180574], [-0.04144199, 0.10400141, 0.05884468], [0.03633037, 0.03222465, -0.11664573], [-0.02457042, -0.03218087, 0.11898837], [0.05141067, -0.10128845, -0.05174218], [0.02682364, 0.03357263, -0.11750937], [-0.0436615, 0.11056056, 0.04614273], [0.03340309, -0.10961892, -0.09415532], [0.09029225, 0.06081739, 0.05630805], [-0.05412775, -0.05141106, 0.1052112], [-0.03694528, 0.08373464, 0.08562384], [0.05270924, 0.06492161, -0.09429724], [-0.10772358, -0.05620786, -0.04655024], [0.03964128, -0.09824724, -0.088102]], "atomic quadrupole moments": [[0.06044061, 0.17952848, 0.06561065, 0.01188759, -0.00209942, -0.12605127], [0.16438848, 0.08003957, -0.01170524, 0.14513845, -0.05343082, -0.15268324], [0.15780639, 0.06296935, -0.03503407, 0.11803959, -0.04254068, -0.12277232], [-0.12944173, -0.07452511, -0.01074613, 0.4059411, -0.33084734, 0.14018786], [-0.16673283, -0.116113, 0.04528426, 0.28427523, -0.17809382, 0.12144857], [-0.0214238, -0.17229212, 0.07412469, 0.02755138, 0.03933277, -0.05270089], [0.0170058, -0.15958685, 0.0372473, 0.08933633, -0.0996831, -0.0542531], [-0.04921227, -0.20176853, -0.16862647, 0.33482825, -0.43107584, 0.21783874], [-0.04719524, -0.09622954, -0.0478028, 0.14804592, -0.16015642, 0.09499804], [0.0349651, -0.02803907, -0.01532893, 0.05084844, -0.02800121, -0.01963617], [-0.01262072, -0.03238329, 0.03485258, -0.03134066, 0.04468661, -0.02223186], [-0.0392241, 0.01627573, -0.03262146, -0.0223576, -0.01862323, 0.07184556], [-0.01029565, 0.01161306, -0.03445152, -0.02137509, -0.01032668, 0.04474717], [-0.00978219, -0.01916958, 0.01801454, -0.01199101, 0.04121057, -0.00823235], [-0.02535013, 0.00360383, -0.02697665, -0.02710735, -0.00763903, 0.05232678], [-0.00167264, -0.02526492, 0.00737264, -0.02047587, 0.0424835, -0.0057], [0.0152066, 0.0280702, 0.01098773, -0.04238302, 0.0267339, -0.02619432], [0.04290246, 0.03341663, -0.00075363, 0.01500814, 0.01568088, -0.04214883], [-0.00348437, 0.02168763, 0.00626243, -0.03338895, -0.03001242, -0.00277806], [-0.03685293, -0.0302776, 0.00586487, -0.01459806, 0.05359762, 0.03098806], [0.00107295, 0.02048292, -0.02278665, -0.04550389, -0.04605868, 0.0217137], [0.0249792, 0.04694505, 0.00608001, 0.03553121, 0.01426404, -0.03105921], [0.03418648, 0.04108064, 2.99e-05, -0.04151161, 0.02339752, -0.03421638]], "number of molecular orbitals": 50, "number of electrons": 52, "number of unpaired electrons": 0, "orbital energies/eV": [-19.05869233, -17.68597495, -17.28869367, -16.80749591, -16.68753513, -16.04612619, -15.80857607, -15.52924791, -15.19744672, -14.76751586, -14.32703854, -14.28378324, -14.07788198, -13.6423638, -13.60374749, -13.42300286, -13.28201843, -12.90120243, -12.68842105, -12.38389154, -12.37226356, -12.09232177, -11.83311993, -11.80315246, -11.16463365, -10.7161815, -7.79380005, -4.95502942, 1.40357547, 1.99958734, 2.56586463, 2.9945656, 3.32387464, 3.65972455, 3.82479451, 3.90248252, 4.37258635, 4.52323433, 4.62814371, 4.94391663, 5.25146612, 5.8725431, 6.49466331, 6.61237511, 7.01494005, 7.23156907, 7.77591482, 9.78370718, 13.22301026, 17.30008401], "fractional occupation": [2.0, 2.0, 2.0, 2.0, 2.0, 2.0, 2.0, 2.0, 2.0, 2.0, 2.0, 2.0, 2.0, 2.0, 2.0, 2.0, 2.0, 2.0, 2.0, 2.0, 2.0, 2.0, 2.0, 2.0, 2.0, 2.0, 0.0, 0.0, 0.0, 0.0, 0.0, 0.0, 0.0, 0.0, 0.0, 0.0, 0.0, 0.0, 0.0, 0.0, 0.0, 0.0, 0.0, 0.0, 0.0, 0.0, 0.0, 0.0, 0.0, 0.0], "program call": "xtb /home/svss/Project-DBcg-Debug/aqme2_20220329/End-to-End-workflows-final/example-3/QDESCP/mol_960_rdkit_conf_1/mol_960_rdkit_conf_1.xyz --pop --wbo --acc 0.2 --gfn 2 --chrg 0 --uhf 0 --etemp 300 --input /home/svss/Project-DBcg-Debug/aqme2_20220329/End-to-End-workflows-final/example-3/QDESCP/mol_960_rdkit_conf_1/mol_960_rdkit_conf_1_xtb.inp", "method": "GFN2-xTB", "xtb version": "6.3.3 (7355c4f)", "Dipole module/D": 4.08, "Total charge": 0, "Transition dipole module/D": NaN, "HOMO": -10.7162, "LUMO": -7.7938, "HOMO occupancy": 2.0, "LUMO occupancy": 0, "mulliken charges": [-0.08393, -0.03244, -0.04324, -0.0139, -0.04289, -0.02848, -0.07727, 0.37145, -0.48563, 0.03405, 0.03035, 0.02963, 0.02771, 0.02624, 0.03758, 0.03406, 0.03277, 0.0241, 0.04961, 0.03142, 0.02253, 0.04286, 0.01342], "cm5 charges": [-0.23424, -0.14381, -0.14971, -0.07276, -0.05753, -0.13298, -0.22587, 0.35765, -0.54045, 0.08483, 0.08164, 0.08091, 0.08255, 0.08092, 0.09269, 0.09064, 0.08956, 0.08006, 0.10779, 0.08228, 0.07416, 0.09578, 0.07588], "FUKUI+": [0.014, 0.001, 0.017, -0.11, -0.064, 0.019, 0.018, -0.07, -0.227, -0.031, -0.019, -0.021, -0.016, -0.022, -0.062, -0.045, -0.087, -0.05, -0.041, -0.047, -0.024, -0.015, -0.116], "FUKUI-": [0.014, 0.003, 0.005, -0.023, -0.035, 0.009, 0.016, -0.011, -0.163, -0.057, -0.048, -0.057, -0.054, -0.055, -0.059, -0.037, -0.052, -0.068, -0.049, -0.065, -0.039, -0.055, -0.119], "FUKUIrad": [0.014, 0.002, 0.011, -0.066, -0.05, 0.014, 0.017, -0.041, -0.195, -0.044, -0.033, -0.039, -0.035, -0.039, -0.061, -0.041, -0.07, -0.059, -0.045, -0.056, -0.031, -0.035, -0.118], "s proportion": [1.008, 1.028, 1.029, 1.088, 1.103, 1.021, 1.007, 1.05, 1.737, 0.966, 0.97, 0.97, 0.972, 0.974, 0.962, 0.966, 0.967, 0.976, 0.95, 0.969, 0.977, 0.957, 0.987], "p proportion": [3.075, 3.005, 3.014, 2.926, 2.94, 3.008, 3.07, 2.578, 4.748, 0.0, 0.0, 0.0, 0.0, 0.0, 0.0, 0.0, 0.0, 0.0, 0.0, 0.0, 0.0, 0.0, 0.0], "d proportion": [0.0, 0.0, 0.0, 0.0, 0.0, 0.0, 0.0, 0.0, 0.0, 0.0, 0.0, 0.0, 0.0, 0.0, 0.0, 0.0, 0.0, 0.0, 0.0, 0.0, 0.0, 0.0, 0.0], "Fermi-level/eV": -9.255, "Coordination numbers": [3.75, 3.801, 3.804, 2.9, 2.94, 3.803, 3.75, 2.77, 0.856, 0.924, 0.924, 0.924, 0.924, 0.924, 0.924, 0.924, 0.925, 0.924, 0.924, 0.924, 0.924, 0.924, 0.923], "Dispersion coefficient C6": [22.513, 21.407, 21.611, 28.655, 28.367, 21.428, 22.368, 23.81, 20.587, 2.487, 2.501, 2.501, 2.534, 2.531, 2.357, 2.356, 2.436, 2.482, 2.228, 2.488, 2.58, 2.376, 2.8], "Total dispersion C6": 4271.676512, "Total dispersion C8": 93468.58824, "Polarizability alpha": [6.767, 6.587, 6.618, 8.777, 8.735, 6.59, 6.745, 7.992, 6.083, 2.466, 2.473, 2.473, 2.49, 2.488, 2.401, 2.4, 2.441, 2.464, 2.334, 2.467, 2.512, 2.411, 2.617], "Total polarizability alpha": 99.330858, "Wiberg matrix": [[0.0, 1.0185364533987213, 0.0, 0.0, 0.0, 0.0, 0.0, 0.0, 0.0, 0.9859573897513508, 0.9873711581032365, 0.9873821176953397, 0.0, 0.0, 0.0, 0.0, 0.0, 0.0, 0.0, 0.0, 0.0, 0.0, 0.0], [1.0185364533987213, 0.0, 0.9838585833940349, 0.0, 0.0, 0.0, 0.0, 0.0, 0.0, 0.0, 0.0, 0.0, 0.9782554240866498, 0.9778452205801323, 0.0, 0.0, 0.0, 0.0, 0.0, 0.0, 0.0, 0.0, 0.0], [0.0, 0.9838585833940349, 0.0, 1.0334035601333824, 0.0, 0.0, 0.0, 0.0, 0.0, 0.0, 0.0, 0.0, 0.0, 0.0, 0.9597584053975823, 0.9710713282173911, 0.0, 0.0, 0.0, 0.0, 0.0, 0.0, 0.0], [0.0, 0.0, 1.0334035601333824, 0.0, 1.7823792452483695, 0.0, 0.0, 0.0, 0.0, 0.0, 0.0, 0.0, 0.0, 0.0, 0.0, 0.0, 0.9631297898722038, 0.0, 0.0, 0.0, 0.0, 0.0, 0.0], [0.0, 0.0, 0.0, 1.7823792452483695, 0.0, 1.011972888110786, 0.0, 1.0593221243200943, 0.0, 0.0, 0.0, 0.0, 0.0, 0.0, 0.0, 0.0, 0.0, 0.0, 0.0, 0.0, 0.0, 0.0, 0.0], [0.0, 0.0, 0.0, 0.0, 1.011972888110786, 0.0, 1.002923535497813, 0.0, 0.0, 0.0, 0.0, 0.0, 0.0, 0.0, 0.0, 0.0, 0.0, 0.9708215744229721, 0.9659544758306033, 0.0, 0.0, 0.0, 0.0], [0.0, 0.0, 0.0, 0.0, 0.0, 1.002923535497813, 0.0, 0.0, 0.0, 0.0, 0.0, 0.0, 0.0, 0.0, 0.0, 0.0, 0.0, 0.0, 0.0, 0.9857398674545237, 0.988001871352596, 0.9869558481064933, 0.0], [0.0, 0.0, 0.0, 0.0, 1.0593221243200943, 0.0, 0.0, 0.0, 1.8555676902670024, 0.0, 0.0, 0.0, 0.0, 0.0, 0.0, 0.0, 0.0, 0.0, 0.0, 0.0, 0.0, 0.0, 0.9357269303103584], [0.0, 0.0, 0.0, 0.0, 0.0, 0.0, 0.0, 1.8555676902670024, 0.0, 0.0, 0.0, 0.0, 0.0, 0.0, 0.0, 0.0, 0.0, 0.0, 0.0, 0.0, 0.0, 0.0, 0.0], [0.9859573897513508, 0.0, 0.0, 0.0, 0.0, 0.0, 0.0, 0.0, 0.0, 0.0, 0.0, 0.0, 0.0, 0.0, 0.0, 0.0, 0.0, 0.0, 0.0, 0.0, 0.0, 0.0, 0.0], [0.9873711581032365, 0.0, 0.0, 0.0, 0.0, 0.0, 0.0, 0.0, 0.0, 0.0, 0.0, 0.0, 0.0, 0.0, 0.0, 0.0, 0.0, 0.0, 0.0, 0.0, 0.0, 0.0, 0.0], [0.9873821176953397, 0.0, 0.0, 0.0, 0.0, 0.0, 0.0, 0.0, 0.0, 0.0, 0.0, 0.0, 0.0, 0.0, 0.0, 0.0, 0.0, 0.0, 0.0, 0.0, 0.0, 0.0, 0.0], [0.0, 0.9782554240866498, 0.0, 0.0, 0.0, 0.0, 0.0, 0.0, 0.0, 0.0, 0.0, 0.0, 0.0, 0.0, 0.0, 0.0, 0.0, 0.0, 0.0, 0.0, 0.0, 0.0, 0.0], [0.0, 0.9778452205801323, 0.0, 0.0, 0.0, 0.0, 0.0, 0.0, 0.0, 0.0, 0.0, 0.0, 0.0, 0.0, 0.0, 0.0, 0.0, 0.0, 0.0, 0.0, 0.0, 0.0, 0.0], [0.0, 0.0, 0.9597584053975823, 0.0, 0.0, 0.0, 0.0, 0.0, 0.0, 0.0, 0.0, 0.0, 0.0, 0.0, 0.0, 0.0, 0.0, 0.0, 0.0, 0.0, 0.0, 0.0, 0.0], [0.0, 0.0, 0.9710713282173911, 0.0, 0.0, 0.0, 0.0, 0.0, 0.0, 0.0, 0.0, 0.0, 0.0, 0.0, 0.0, 0.0, 0.0, 0.0, 0.0, 0.0, 0.0, 0.0, 0.0], [0.0, 0.0, 0.0, 0.9631297898722038, 0.0, 0.0, 0.0, 0.0, 0.0, 0.0, 0.0, 0.0, 0.0, 0.0, 0.0, 0.0, 0.0, 0.0, 0.0, 0.0, 0.0, 0.0, 0.0], [0.0, 0.0, 0.0, 0.0, 0.0, 0.9708215744229721, 0.0, 0.0, 0.0, 0.0, 0.0, 0.0, 0.0, 0.0, 0.0, 0.0, 0.0, 0.0, 0.0, 0.0, 0.0, 0.0, 0.0], [0.0, 0.0, 0.0, 0.0, 0.0, 0.9659544758306033, 0.0, 0.0, 0.0, 0.0, 0.0, 0.0, 0.0, 0.0, 0.0, 0.0, 0.0, 0.0, 0.0, 0.0, 0.0, 0.0, 0.0], [0.0, 0.0, 0.0, 0.0, 0.0, 0.0, 0.9857398674545237, 0.0, 0.0, 0.0, 0.0, 0.0, 0.0, 0.0, 0.0, 0.0, 0.0, 0.0, 0.0, 0.0, 0.0, 0.0, 0.0], [0.0, 0.0, 0.0, 0.0, 0.0, 0.0, 0.988001871352596, 0.0, 0.0, 0.0, 0.0, 0.0, 0.0, 0.0, 0.0, 0.0, 0.0, 0.0, 0.0, 0.0, 0.0, 0.0, 0.0], [0.0, 0.0, 0.0, 0.0, 0.0, 0.0, 0.9869558481064933, 0.0, 0.0, 0.0, 0.0, 0.0, 0.0, 0.0, 0.0, 0.0, 0.0, 0.0, 0.0, 0.0, 0.0, 0.0, 0.0], [0.0, 0.0, 0.0, 0.0, 0.0, 0.0, 0.0, 0.9357269303103584, 0.0, 0.0, 0.0, 0.0, 0.0, 0.0, 0.0, 0.0, 0.0, 0.0, 0.0, 0.0, 0.0, 0.0, 0.0]], "Born radii": [], "Atomic SASAs": [], "Solvent H bonds": [], "Total SASA": NaN, "Total FOD": 0.0, "FOD": [0.0, 0.0, 0.0, 0.0, 0.0, 0.0, 0.0, 0.0, 0.0, 0.0, 0.0, 0.0, 0.0, 0.0, 0.0, 0.0, 0.0, 0.0, 0.0, 0.0, 0.0, 0.0, 0.0], "FOD s proportion": [0.0, 0.0, 0.0, 0.0, 0.0, 0.0, 0.0, 0.0, 0.0, 0.0, 0.0, 0.0, 0.0, 0.0, 0.0, 0.0, 0.0, 0.0, 0.0, 0.0, 0.0, 0.0, 0.0], "FOD p proportion": [0.0, 0.0, 0.0, 0.0, 0.0, 0.0, 0.0, 0.0, 0.0, 0.0, 0.0, 0.0, 0.0, 0.0, 0.0, 0.0, 0.0, 0.0, 0.0, 0.0, 0.0, 0.0, 0.0], "FOD d proportion": [0.0, 0.0, 0.0, 0.0, 0.0, 0.0, 0.0, 0.0, 0.0, 0.0, 0.0, 0.0, 0.0, 0.0, 0.0, 0.0, 0.0, 0.0, 0.0, 0.0, 0.0, 0.0, 0.0], "coordinates": [["3.31200", "0.89320", "-0.02930"], ["2.25570", "-0.20060", "-0.05010"], ["0.99850", "0.25110", "-0.79260"], ["-0.03390", "-0.84310", "-0.83050"], ["-1.19220", "-0.87220", "-0.14380"], ["-1.66900", "0.15150", "0.85110"], ["-2.63190", "1.15050", "0.22580"], ["-2.07320", "-2.05690", "-0.35910"], ["-3.14570", "-2.20160", "0.21490"], ["4.20280", "0.54970", "0.50590"], ["2.93790", "1.79020", "0.47450"], ["3.61140", "1.16880", "-1.04560"], ["2.00400", "-0.47470", "0.98170"], ["2.67530", "-1.09460", "-0.52750"], ["1.25320", "0.51480", "-1.82660"], ["0.60230", "1.16470", "-0.33730"], ["0.21330", "-1.66030", "-1.50790"], ["-0.82250", "0.69280", "1.28820"], ["-2.15670", "-0.34620", "1.69820"], ["-2.95560", "1.88060", "0.97450"], ["-2.15670", "1.69780", "-0.59530"], ["-3.52510", "0.65370", "-0.16730"], ["-1.70390", "-2.80920", "-1.07630"]], "bond_dist": [[0.0, 1.5207237651855117, 2.5193653069771362, 3.853791112657768, 4.839169871992509, 5.112297335836405, 5.954932955961804, 6.149165560464281, 7.165145495382491, 1.094511731321323, 1.0947028135526098, 1.094742622720062, 2.145724914801522, 2.1459121533744105, 2.7590091137942983, 2.740629551763609, 4.278850534898362, 4.343967847486903, 5.867456714795602, 6.423813739516425, 5.55647521815764, 6.842685193694066, 6.32164753604628], [1.5207237651855117, 0.0, 1.5283621887497743, 2.5028181256335826, 3.513949439021569, 4.0422031047437486, 5.078407799694704, 4.720244262747427, 5.766224758019757, 2.159463938110567, 2.1688445403025085, 2.1689165728538295, 1.096856845718711, 1.096909713695708, 2.1616557681555126, 2.1633907390945355, 2.90298168957367, 3.4734026098337636, 4.748370879575436, 5.704283153035094, 4.834298228285053, 5.844759445007126, 4.851423766277278], [2.5193653069771362, 1.5283621887497743, 0.0, 1.5048454438911658, 2.5459597051013985, 3.1348406817572085, 3.8763208174762833, 3.86653942692946, 4.919876744391063, 3.470274153435143, 2.78130249703264, 2.7809042953686847, 2.1647069963392274, 2.1662974726477433, 1.0970714561959944, 1.0949600403667707, 2.18669684455802, 2.8001550903476757, 4.064005286659947, 4.627398780092332, 3.4766586286260543, 4.584325883922302, 4.092540475059471], [3.853791112657768, 2.5028181256335826, 1.5048454438911658, 0.0, 1.3468714081158601, 2.5476576948247973, 3.440903173586842, 2.419560474549045, 3.552700754355762, 4.6556936851558435, 4.179580018375052, 4.169199168905223, 2.75187641619314, 2.7376679656232965, 2.1196070461290697, 2.1631591527208536, 1.0898598258491778, 2.7330877153871223, 3.338789172739123, 4.383251941196171, 3.319302892174801, 3.8559981742734264, 2.59130601241922], [4.839169871992509, 3.513949439021569, 2.5459597051013985, 1.3468714081158601, 0.0, 1.505033534510112, 2.510110662899148, 1.4919883310535644, 2.3900067573126234, 5.616932855215557, 4.952614931528596, 5.296555220140728, 3.4118105076337404, 3.8928451934285797, 3.2765173584157923, 2.7215132022461326, 2.1112320265664786, 2.1532596429599473, 2.144737804487998, 3.4551530052951347, 2.7819080682150514, 2.787713304843237, 2.2098330570429976], [5.112297335836405, 4.0422031047437486, 3.1348406817572085, 2.5476576948247973, 1.505033534510112, 0.0, 1.5218993067874103, 2.550488627694701, 2.8499952526276253, 5.895401726769771, 4.904150574768274, 5.702192064460824, 3.7282853699790737, 4.725065677850416, 3.9801152018503183, 2.756387579786268, 3.52002180817108, 1.0957300534346952, 1.0968751022791974, 2.1587852903890186, 2.1727788520693956, 2.175879272845808, 3.5329638067775337], [5.954932955961804, 5.078407799694704, 3.8763208174762833, 3.440903173586842, 2.510110662899148, 1.5218993067874103, 0.0, 3.3078192907110266, 3.391265790232314, 6.866770765068541, 5.611928351288887, 6.371466686721354, 4.970334863970434, 5.81156663387765, 4.439646636839468, 3.2828848426345996, 4.359068176801093, 2.1475826899097505, 2.1526466709611216, 1.0947051612192207, 1.0952431419552464, 1.0950543776452384, 4.270348053730515], [6.149165560464281, 4.720244262747427, 3.86653942692946, 2.419560474549045, 1.4919883310535644, 2.550488627694701, 3.3078192907110266, 0.0, 1.2250185059826648, 6.8506032259940435, 6.372298688856322, 6.57199360164022, 4.574348185260934, 4.847951330201243, 4.453328429388518, 4.187777698254767, 2.589423729326662, 3.440740889692219, 2.676929216471739, 4.249826463515893, 3.7630486018652487, 3.08093382110035, 1.1030474241844728], [7.165145495382491, 5.766224758019757, 4.919876744391063, 3.552700754355762, 2.3900067573126234, 2.8499952526276253, 3.391265790232314, 1.2250185059826648, 0.0, 7.852056096335533, 7.280937327020472, 7.655511532223043, 5.485396607356664, 5.971653687212613, 5.558495517673824, 5.067978347428094, 3.8136500272049085, 3.863519443460845, 2.573093284356399, 4.1566196614556885, 4.10364050569735, 2.9056426638525252, 2.028586315639539], [1.094511731321323, 2.159463938110567, 3.470274153435143, 4.6556936851558435, 5.616932855215557, 5.895401726769771, 6.866770765068541, 6.8506032259940435, 7.852056096335533, 0.0, 1.7719475782313652, 1.7720584132584343, 2.471943049505793, 2.4708084304534816, 3.7605736822990186, 3.7487079760898956, 4.985539157403139, 5.0878395208575515, 6.5320330946804, 7.296133998906545, 6.555456910086435, 7.757863923142762, 6.976723510359286], [1.0947028135526098, 2.1688445403025085, 2.78130249703264, 4.179580018375052, 4.952614931528596, 4.904150574768274, 5.611928351288887, 6.372298688856322, 7.280937327020472, 1.7719475782313652, 0.0, 1.7749490753258246, 2.5018379363979593, 3.065131938432667, 3.124087140269938, 2.5505483430039115, 4.82279018515216, 4.0008752304964466, 5.658320935577974, 5.91536257637687, 5.206530414777196, 6.593474690176644, 6.716082804730745], [1.094742622720062, 2.1689165728538295, 2.7809042953686847, 4.169199168905223, 5.296555220140728, 5.702192064460824, 6.371466686721354, 6.57199360164022, 7.655511532223043, 1.7720584132584343, 1.7749490753258246, 0.0, 3.065089280918258, 2.5035355759405538, 2.568809887866364, 3.0913408919108227, 4.445740850521992, 5.033156827479152, 6.564650870381456, 6.907456279268078, 5.80978387721953, 7.208770432604994, 6.639114442453904], [2.145724914801522, 1.096856845718711, 2.1647069963392274, 2.75187641619314, 3.4118105076337404, 3.7282853699790737, 4.970334863970434, 4.574348185260934, 5.485396607356664, 2.471943049505793, 2.5018379363979593, 3.065089280918258, 0.0, 1.7642574471998125, 3.070726262629087, 2.5282713956377387, 3.2879114966799214, 3.0734509512923744, 4.223897369728578, 5.49045736619455, 4.951576490371527, 5.758857036773876, 4.840844622583956], [2.1459121533744105, 1.096909713695708, 2.1662974726477433, 2.7376679656232965, 3.8928451934285797, 4.725065677850416, 5.81156663387765, 4.847951330201243, 5.971653687212613, 2.4708084304534816, 3.065131938432667, 2.5035355759405538, 1.7642574471998125, 0.0, 2.5100194381717444, 3.072123293424273, 2.709731471935919, 4.32737450309076, 5.37234278969613, 6.543306033649962, 5.5812470470316935, 6.452228846685461, 4.734810158813128], [2.7590091137942983, 2.1616557681555126, 1.0970714561959944, 2.1196070461290697, 3.2765173584157923, 3.9801152018503183, 4.439646636839468, 4.453328429388518, 5.558495517673824, 3.7605736822990186, 3.124087140269938, 2.568809887866364, 3.070726262629087, 2.5100194381717444, 0.0, 1.7504443178804634, 2.4318761707784384, 3.7472914925316396, 4.979252358537374, 5.236942647194067, 3.8135294282331165, 5.060110729025601, 4.51180302096623], [2.740629551763609, 2.1633907390945355, 1.0949600403667707, 2.1631591527208536, 2.7215132022461326, 2.756387579786268, 3.2828848426345996, 4.187777698254767, 5.067978347428094, 3.7487079760898956, 2.5505483430039115, 3.0913408919108227, 2.5282713956377387, 3.072123293424273, 1.7504443178804634, 0.0, 3.0825720364656526, 2.2124635364226912, 3.746753269165185, 3.859013405003927, 2.8218505647890004, 4.162385344967474, 4.653660994314047], [4.278850534898362, 2.90298168957367, 2.18669684455802, 1.0898598258491778, 2.1112320265664786, 3.52002180817108, 4.359068176801093, 2.589423729326662, 3.8136500272049085, 4.985539157403139, 4.82279018515216, 4.445740850521992, 3.2879114966799214, 2.709731471935919, 2.4318761707784384, 3.0825720364656526, 0.0, 3.798438687145022, 4.1979561717578715, 5.361176156404488, 4.210293857915383, 4.596459389573675, 2.2763799353359273], [4.343967847486903, 3.4734026098337636, 2.8001550903476757, 2.7330877153871223, 2.1532596429599473, 1.0957300534346952, 2.1475826899097505, 3.440740889692219, 3.863519443460845, 5.0878395208575515, 4.0008752304964466, 5.033156827479152, 3.0734509512923744, 4.32737450309076, 3.7472914925316396, 2.2124635364226912, 3.798438687145022, 0.0, 1.7400317928129931, 2.4615832587991004, 2.517476293830788, 3.069862508321831, 4.31644879617493], [5.867456714795602, 4.748370879575436, 4.064005286659947, 3.338789172739123, 2.144737804487998, 1.0968751022791974, 2.1526466709611216, 2.676929216471739, 2.573093284356399, 6.5320330946804, 5.658320935577974, 6.564650870381456, 4.223897369728578, 5.37234278969613, 4.979252358537374, 3.746753269165185, 4.1979561717578715, 1.7400317928129931, 0.0, 2.4739889126671524, 3.0721455450547914, 2.520398543881503, 3.7375455970462754], [6.423813739516425, 5.704283153035094, 4.627398780092332, 4.383251941196171, 3.4551530052951347, 2.1587852903890186, 1.0947051612192207, 4.249826463515893, 4.1566196614556885, 7.296133998906545, 5.91536257637687, 6.907456279268078, 5.49045736619455, 6.543306033649962, 5.236942647194067, 3.859013405003927, 5.361176156404488, 2.4615832587991004, 2.4739889126671524, 0.0, 1.7708554684106776, 1.7701189508052841, 5.269417194529201], [5.55647521815764, 4.834298228285053, 3.4766586286260543, 3.319302892174801, 2.7819080682150514, 2.1727788520693956, 1.0952431419552464, 3.7630486018652487, 4.10364050569735, 6.555456910086435, 5.206530414777196, 5.80978387721953, 4.951576490371527, 5.5812470470316935, 3.8135294282331165, 2.8218505647890004, 4.210293857915383, 2.517476293830788, 3.0721455450547914, 1.7708554684106776, 0.0, 1.773653678145765, 4.5551550840778186], [6.842685193694066, 5.844759445007126, 4.584325883922302, 3.8559981742734264, 2.787713304843237, 2.175879272845808, 1.0950543776452384, 3.08093382110035, 2.9056426638525252, 7.757863923142762, 6.593474690176644, 7.208770432604994, 5.758857036773876, 6.452228846685461, 5.060110729025601, 4.162385344967474, 4.596459389573675, 3.069862508321831, 2.520398543881503, 1.7701189508052841, 1.773653678145765, 0.0, 4.0168055529238655], [6.32164753604628, 4.851423766277278, 4.092540475059471, 2.59130601241922, 2.2098330570429976, 3.5329638067775337, 4.270348053730515, 1.1030474241844728, 2.028586315639539, 6.976723510359286, 6.716082804730745, 6.639114442453904, 4.840844622583956, 4.734810158813128, 4.51180302096623, 4.653660994314047, 2.2763799353359273, 4.31644879617493, 3.7375455970462754, 5.269417194529201, 4.5551550840778186, 4.0168055529238655, 0.0]]}