{"total energy": -56.23822978, "HOMO-LUMO gap/eV": 3.17132284, "electronic energy": -56.8952227, "dipole": [1.6261501, -0.43786656, 0.29480272], "partial charges": [0.03761317, -0.32019475, 0.08181426, -0.06834079, 0.01153666, -0.20549016, 0.26122003, -0.35533219, 0.26301037, -0.1949741, 0.05194296, -0.11025044, -0.11563542, -0.32515828, 0.23336117, -0.12192925, -0.05133353, -0.34540114, 0.03155297, 0.03192326, 0.05822384, 0.02700293, 0.02604647, 0.05282166, 0.0521371, 0.06772856, 0.04635225, 0.18189697, 0.18318895, 0.06949763, 0.03658568, 0.0381068, 0.04472567, 0.04595948, 0.04867914, 0.04083582, 0.06709116, 0.06374323, 0.05944188], "atomic dipole moments": [[-0.15760171, 0.14782408, 0.03206878], [0.18676824, -0.04823689, 0.20785875], [-0.06022558, -0.04952761, -0.186446], [-0.01208123, -0.13376052, -0.0070257], [-0.05410778, 0.16215356, 0.00824745], [0.00884786, -0.11812909, -0.13164239], [0.03155264, 0.01106443, -0.00407953], [-0.20660916, 0.17271549, -0.10725327], [-0.01012126, -0.01260092, 0.00743505], [-0.00113403, -0.00996146, -0.15178377], [0.15406901, 0.0089802, 0.04070504], [-0.0332211, 0.03806876, 0.10003132], [0.03265487, 0.09640598, -0.07508212], [0.2638855, 0.07768242, 0.03941322], [-0.02517802, 0.02539311, -0.01687787], [0.35562776, 0.05946569, 0.19894618], [-0.05955161, -0.15066201, -0.02652474], [-0.05320227, -0.25457359, 0.10147348], [-0.01590723, -0.08531477, 0.08402113], [0.10481717, 0.05942391, 0.00883005], [-0.00388695, -0.05578634, -0.11381928], [0.10031119, 0.05841288, 0.01213583], [-0.01156206, -0.08132781, 0.0865202], [0.01315072, 0.08344356, -0.09352679], [0.00524924, 0.06718368, 0.10618853], [-0.0060218, -0.09302609, 0.09134659], [-0.01101392, -0.0551018, -0.11333923], [-0.01176477, 0.08737295, -0.09475378], [0.12399, -0.04480675, 0.00196749], [-0.11688778, 0.06620865, -0.01749209], [0.10422526, -0.0714247, 0.00508051], [0.03016712, 0.09586036, -0.08122036], [-0.08792435, -0.06934678, -0.06026533], [-0.09344259, -0.06942237, -0.05282704], [-0.04177464, 0.03763324, 0.11515828], [0.09534471, -0.07982352, 0.02409054], [0.11229594, 0.01955431, -0.06431206], [-0.0816469, 0.08906195, -0.03823984], [0.01575443, 0.01438198, 0.13063357]], "atomic quadrupole moments": [[0.15018134, -0.36783933, 0.07202406, -0.04210984, 0.05742055, -0.22220539], [-0.01340708, -0.11423435, -0.02715536, 0.02739008, 0.0861208, 0.04056244], [-0.13564709, -0.18213918, -0.05481916, 0.00078987, 0.29365364, 0.19046625], [0.25175549, -0.04585533, 0.00304975, 0.02132061, 0.0271067, -0.25480524], [0.30751494, -0.10930212, 0.02015105, -0.00149824, 0.02745113, -0.32766599], [0.11059879, -0.0467417, -0.01173253, -0.006476, 0.03867172, -0.09886626], [-0.05910167, -0.01834982, -0.22200584, -0.15060153, 0.27029657, 0.28110751], [-0.07760429, 0.01537739, -0.04986328, -0.06498329, 0.0936331, 0.12746757], [-0.27051193, -0.01780863, -0.0367587, -0.16728852, 0.20259403, 0.30727063], [-0.03568962, 0.09490504, 0.04446408, 0.02879023, 0.01375056, -0.00877447], [-0.06924115, 0.22632528, 0.0207709, 0.01810735, 0.04270099, 0.04847025], [-0.0826595, -0.02266066, -0.07644145, -0.09820833, 0.10258976, 0.15910095], [-0.10488841, 0.08321368, 0.10573956, -0.05293997, -0.16365519, -0.00085114], [-0.09791414, -0.05997962, -0.0536286, -0.06391102, 0.09156819, 0.15154273], [-0.17110291, -0.23532676, -0.14574251, -0.04501176, 0.17418517, 0.31684542], [-0.03235284, -0.03926134, 0.40823513, 0.29850381, -0.06372954, -0.37588228], [-0.11662164, 0.19418154, 0.31439073, 0.06442068, 0.10703352, -0.19776909], [-0.0551305, -0.05774011, -0.07926344, -0.0393573, 0.10079457, 0.13439394], [-0.02260853, -0.00818254, 0.01300397, -0.01752325, -0.05833452, 0.00960456], [0.05233294, 0.03280834, 0.00302471, 0.01135648, 0.00690057, -0.05535765], [-0.03476204, -0.00875434, -0.02284611, 0.01410879, 0.04628725, 0.05760815], [0.02548645, 0.03445194, -0.00558259, 0.00047571, 0.01828845, -0.01990387], [-0.03531331, 0.00888602, 0.01262994, -0.01714018, -0.0250119, 0.02268336], [-0.01543906, 0.0111108, -0.00880549, -0.00212157, -0.04666727, 0.02424454], [-0.02264504, -0.00134764, -0.0219482, -0.00392263, 0.04158484, 0.04459323], [-0.01122465, 0.00749726, -0.00527614, -0.00975077, -0.03793998, 0.01650079], [-0.00099478, -0.01315843, -0.02391773, 0.00756656, 0.02185923, 0.02491251], [0.01141818, 0.0244899, 0.03351379, -0.02552137, -0.04524611, -0.04493196], [0.00746374, -0.03014317, 0.0431613, 0.03400363, -0.02140748, -0.05062504], [-0.0058734, -0.01742076, 0.01478001, -0.00171623, -0.00725633, -0.00890661], [0.03703491, -0.06171908, -0.00993022, 0.02086865, -0.01650923, -0.02710469], [-0.04059453, 0.01583693, 0.0484682, -0.01913502, -0.04790537, -0.00787367], [0.03110492, 0.05526635, -0.01242146, 0.03026748, 0.0299821, -0.01868346], [0.01887765, 0.0473859, -0.01179128, 0.04875827, 0.02208729, -0.00708638], [-0.03780935, -0.01745352, -0.01131448, -0.03622737, 0.03756636, 0.04912383], [0.048628, -0.05595182, -0.00639749, 0.00255169, -0.01287371, -0.04223051], [0.04158714, 0.0207738, -0.02051439, -0.04667618, 0.01292899, -0.02107275], [0.01351858, -0.05329137, 0.02895485, 0.03425794, -0.02460054, -0.04247343], [-0.04837016, 0.0211169, -0.01566285, 0.01650567, 0.00016483, 0.06403301]], "number of molecular orbitals": 98, "number of electrons": 102, "number of unpaired electrons": 0, "orbital energies/eV": [-19.34527845, -19.02247351, -18.57646747, -18.06892256, -17.83189066, -17.71721594, -17.55896262, -17.39058154, -17.00061984, -16.94696159, -16.66070766, -16.39174898, -16.23732323, -16.20478975, -16.10011791, -15.87764607, -15.49238642, -15.3323498, -15.10931143, -15.05594132, -14.82266168, -14.80701131, -14.53761315, -14.28236228, -14.10354649, -14.07788535, -13.77353797, -13.72527263, -13.58605892, -13.49512919, -13.42775514, -13.17654688, -13.09597445, -12.88423933, -12.79772777, -12.68987769, -12.6719951, -12.58086851, -12.55406346, -12.40501751, -12.23489348, -12.16833028, -12.13265423, -11.98602806, -11.88231423, -11.07267209, -10.61572561, -10.57254118, -10.17265482, -9.99049146, -9.97088468, -6.79956184, -6.30900109, -5.27599368, -3.56020499, -3.24013713, -0.07733604, 0.24777677, 0.28065125, 0.51492517, 0.82935806, 1.24495332, 2.12218066, 2.20005051, 2.62175679, 3.05474008, 3.14720415, 3.22687595, 3.32955815, 3.80420221, 3.87486292, 3.97994963, 4.04906889, 4.16752744, 4.54511343, 4.80284085, 4.9285488, 5.1057698, 5.27106503, 5.39540162, 5.46255467, 5.70857395, 5.77734708, 6.04150857, 6.19490697, 6.30083258, 6.51893001, 6.56841589, 6.79545528, 6.87361262, 7.51835921, 7.56864794, 8.15595696, 10.48944586, 11.8900685, 12.78513324, 13.98044678, 17.67063801], "fractional occupation": [2.0, 2.0, 2.0, 2.0, 2.0, 2.0, 2.0, 2.0, 2.0, 2.0, 2.0, 2.0, 2.0, 2.0, 2.0, 2.0, 2.0, 2.0, 2.0, 2.0, 2.0, 2.0, 2.0, 2.0, 2.0, 2.0, 2.0, 2.0, 2.0, 2.0, 2.0, 2.0, 2.0, 2.0, 2.0, 2.0, 2.0, 2.0, 2.0, 2.0, 2.0, 2.0, 2.0, 2.0, 2.0, 2.0, 2.0, 2.0, 2.0, 2.0, 2.0, 0.0, 0.0, 0.0, 0.0, 0.0, 0.0, 0.0, 0.0, 0.0, 0.0, 0.0, 0.0, 0.0, 0.0, 0.0, 0.0, 0.0, 0.0, 0.0, 0.0, 0.0, 0.0, 0.0, 0.0, 0.0, 0.0, 0.0, 0.0, 0.0, 0.0, 0.0, 0.0, 0.0, 0.0, 0.0, 0.0, 0.0, 0.0, 0.0, 0.0, 0.0, 0.0, 0.0, 0.0, 0.0, 0.0, 0.0], "program call": "xtb /home/svss/Project-DBcg-Debug/aqme2_20220329/End-to-End-workflows-final/example-3/QDESCP/mol_708_rdkit_conf_19/mol_708_rdkit_conf_19.xyz --pop --wbo --acc 0.2 --gfn 2 --chrg 0 --uhf 0 --etemp 300 --input /home/svss/Project-DBcg-Debug/aqme2_20220329/End-to-End-workflows-final/example-3/QDESCP/mol_708_rdkit_conf_19/mol_708_rdkit_conf_19_xtb.inp", "method": "GFN2-xTB", "xtb version": "6.3.3 (7355c4f)", "Dipole module/D": 4.346, "Total charge": 0, "Transition dipole module/D": NaN, "HOMO": -9.9709, "LUMO": -6.7996, "HOMO occupancy": 2.0, "LUMO occupancy": 0, "mulliken charges": [0.17104, -0.4701, 0.19536, -0.06143, 0.10085, -0.36383, 0.44241, -0.44228, 0.44322, -0.35927, 0.13545, -0.10458, -0.09994, -0.42041, 0.37701, -0.09702, -0.00945, -0.43417, 0.01481, 0.01519, 0.03448, 0.01475, 0.01278, 0.0376, 0.03012, 0.03084, 0.03663, 0.21549, 0.21743, 0.03615, 0.02845, 0.04129, 0.03201, 0.03047, 0.03742, 0.0286, 0.03323, 0.0341, 0.03532], "cm5 charges": [0.04836, -0.57577, 0.11206, -0.16299, 0.05445, -0.70404, 0.65921, -0.61764, 0.66161, -0.6988, 0.1236, -0.24666, -0.24213, -0.59429, 0.54616, -0.12376, -0.13832, -0.6127, 0.07377, 0.07413, 0.09342, 0.07738, 0.07582, 0.09696, 0.08774, 0.09975, 0.10546, 0.41686, 0.41935, 0.10767, 0.08251, 0.09656, 0.08386, 0.08223, 0.09108, 0.08256, 0.0885, 0.08643, 0.08963], "FUKUI+": [0.005, 0.003, 0.005, 0.003, 0.014, -0.046, -0.024, -0.104, -0.027, -0.046, 0.007, 0.011, 0.011, -0.073, -0.049, -0.244, 0.036, -0.073, -0.004, -0.009, -0.007, -0.017, -0.007, -0.011, -0.011, -0.017, -0.019, -0.033, -0.036, -0.01, -0.017, 0.004, -0.028, -0.024, -0.013, -0.017, -0.04, -0.053, -0.041], "FUKUI-": [0.017, -0.061, 0.013, 0.007, 0.01, -0.041, 0.0, -0.066, 0.0, -0.047, 0.004, 0.006, 0.009, -0.071, 0.023, -0.256, 0.041, -0.051, -0.033, -0.039, -0.026, -0.044, -0.033, -0.017, -0.021, -0.018, -0.024, -0.025, -0.026, -0.013, -0.016, -0.004, -0.027, -0.023, -0.016, -0.016, -0.038, -0.04, -0.039], "FUKUIrad": [0.011, -0.029, 0.009, 0.005, 0.012, -0.044, -0.012, -0.085, -0.013, -0.047, 0.006, 0.009, 0.01, -0.072, -0.013, -0.25, 0.038, -0.062, -0.019, -0.024, -0.017, -0.03, -0.02, -0.014, -0.016, -0.017, -0.022, -0.029, -0.031, -0.012, -0.017, 0.0, -0.028, -0.023, -0.015, -0.016, -0.039, -0.046, -0.04], "s proportion": [0.971, 1.694, 0.995, 1.036, 1.006, 1.459, 0.978, 1.53, 0.976, 1.45, 1.028, 1.018, 1.016, 1.532, 1.019, 1.926, 1.01, 1.538, 0.985, 0.985, 0.966, 0.985, 0.987, 0.962, 0.97, 0.969, 0.963, 0.785, 0.783, 0.964, 0.972, 0.959, 0.968, 0.97, 0.963, 0.971, 0.967, 0.966, 0.965], "p proportion": [2.858, 4.776, 2.81, 3.026, 2.893, 3.904, 2.579, 3.912, 2.581, 3.909, 2.836, 3.087, 3.084, 3.888, 2.604, 4.17, 3.0, 3.896, 0.0, 0.0, 0.0, 0.0, 0.0, 0.0, 0.0, 0.0, 0.0, 0.0, 0.0, 0.0, 0.0, 0.0, 0.0, 0.0, 0.0, 0.0, 0.0, 0.0, 0.0], "d proportion": [0.0, 0.0, 0.0, 0.0, 0.0, 0.0, 0.0, 0.0, 0.0, 0.0, 0.0, 0.0, 0.0, 0.0, 0.0, 0.001, 0.0, 0.0, 0.0, 0.0, 0.0, 0.0, 0.0, 0.0, 0.0, 0.0, 0.0, 0.0, 0.0, 0.0, 0.0, 0.0, 0.0, 0.0, 0.0, 0.0, 0.0, 0.0, 0.0], "Fermi-level/eV": -8.3852, "Coordination numbers": [3.65, 1.698, 3.702, 3.801, 3.748, 2.697, 2.942, 1.85, 2.934, 2.701, 3.791, 3.752, 3.755, 1.891, 3.004, 2.036, 3.742, 1.883, 0.924, 0.924, 0.924, 0.924, 0.924, 0.924, 0.924, 0.924, 0.924, 0.86, 0.86, 0.924, 0.924, 0.924, 0.924, 0.924, 0.924, 0.924, 0.924, 0.924, 0.924], "Dispersion coefficient C6": [20.255, 19.351, 19.365, 21.808, 20.445, 25.468, 22.614, 30.098, 22.582, 25.231, 19.715, 22.668, 22.77, 29.284, 23.113, 146.167, 21.571, 29.828, 2.565, 2.559, 2.22, 2.63, 2.644, 2.285, 2.294, 2.111, 2.366, 1.203, 1.196, 2.091, 2.495, 2.474, 2.387, 2.371, 2.337, 2.438, 2.118, 2.156, 2.206], "Total dispersion C6": 15625.369334, "Total dispersion C8": 372657.71361, "Polarizability alpha": [6.465, 5.939, 6.292, 6.649, 6.449, 7.495, 7.799, 8.131, 7.793, 7.46, 6.323, 6.79, 6.804, 8.022, 7.886, 20.348, 6.626, 8.096, 2.504, 2.502, 2.33, 2.536, 2.543, 2.364, 2.368, 2.272, 2.406, 1.718, 1.713, 2.261, 2.47, 2.46, 2.416, 2.408, 2.39, 2.442, 2.276, 2.296, 2.322], "Total polarizability alpha": 190.367877, "Wiberg matrix": [[0.0, 0.994144721778329, 0.0, 0.0, 0.0, 0.0, 0.0, 0.0, 0.0, 0.0, 0.0, 0.0, 0.0, 0.0, 0.0, 0.0, 0.0, 0.0, 0.9788108399997, 0.9786469205632129, 0.9806278862983098, 0.0, 0.0, 0.0, 0.0, 0.0, 0.0, 0.0, 0.0, 0.0, 0.0, 0.0, 0.0, 0.0, 0.0, 0.0, 0.0, 0.0, 0.0], [0.994144721778329, 0.0, 0.9804870071338383, 0.0, 0.0, 0.0, 0.0, 0.0, 0.0, 0.0, 0.0, 0.0, 0.0, 0.0, 0.0, 0.0, 0.0, 0.0, 0.0, 0.0, 0.0, 0.0, 0.0, 0.0, 0.0, 0.0, 0.0, 0.0, 0.0, 0.0, 0.0, 0.0, 0.0, 0.0, 0.0, 0.0, 0.0, 0.0, 0.0], [0.0, 0.9804870071338383, 0.0, 1.0049987036330326, 0.0, 0.0, 0.0, 0.0, 0.0, 0.0, 0.0, 0.0, 0.0, 0.0, 0.0, 0.0, 0.0, 0.0, 0.0, 0.0, 0.0, 0.9686750145122317, 0.9682241955539483, 0.0, 0.0, 0.0, 0.0, 0.0, 0.0, 0.0, 0.0, 0.0, 0.0, 0.0, 0.0, 0.0, 0.0, 0.0, 0.0], [0.0, 0.0, 1.0049987036330326, 0.0, 1.006013561684442, 0.0, 0.0, 0.0, 0.0, 0.0, 0.0, 0.0, 0.0, 0.0, 0.0, 0.0, 0.0, 0.0, 0.0, 0.0, 0.0, 0.0, 0.0, 0.9746109679866866, 0.9738194432529358, 0.0, 0.0, 0.0, 0.0, 0.0, 0.0, 0.0, 0.0, 0.0, 0.0, 0.0, 0.0, 0.0, 0.0], [0.0, 0.0, 0.0, 1.006013561684442, 0.0, 0.9866774970108065, 0.0, 0.0, 0.0, 0.0, 0.0, 0.0, 0.0, 0.0, 0.0, 0.0, 0.0, 0.0, 0.0, 0.0, 0.0, 0.0, 0.0, 0.0, 0.0, 0.9691549397647905, 0.9688611820448679, 0.0, 0.0, 0.0, 0.0, 0.0, 0.0, 0.0, 0.0, 0.0, 0.0, 0.0, 0.0], [0.0, 0.0, 0.0, 0.0, 0.9866774970108065, 0.0, 1.1719784848269228, 0.0, 0.0, 0.0, 0.0, 0.0, 0.0, 0.0, 0.0, 0.0, 0.0, 0.0, 0.0, 0.0, 0.0, 0.0, 0.0, 0.0, 0.0, 0.0, 0.0, 0.9335227130411636, 0.0, 0.0, 0.0, 0.0, 0.0, 0.0, 0.0, 0.0, 0.0, 0.0, 0.0], [0.0, 0.0, 0.0, 0.0, 0.0, 1.1719784848269228, 0.0, 1.3455822200437082, 0.0, 0.0, 0.0, 0.0, 0.0, 0.0, 0.0, 0.0, 0.0, 1.3107405868525808, 0.0, 0.0, 0.0, 0.0, 0.0, 0.0, 0.0, 0.0, 0.0, 0.0, 0.0, 0.0, 0.0, 0.0, 0.0, 0.0, 0.0, 0.0, 0.0, 0.0, 0.0], [0.0, 0.0, 0.0, 0.0, 0.0, 0.0, 1.3455822200437082, 0.0, 1.3219786767587554, 0.0, 0.0, 0.0, 0.0, 0.0, 0.0, 0.0, 0.0, 0.0, 0.0, 0.0, 0.0, 0.0, 0.0, 0.0, 0.0, 0.0, 0.0, 0.0, 0.0, 0.0, 0.0, 0.0, 0.0, 0.0, 0.0, 0.0, 0.0, 0.0, 0.0], [0.0, 0.0, 0.0, 0.0, 0.0, 0.0, 0.0, 1.3219786767587554, 0.0, 1.194437612716287, 0.0, 0.0, 0.0, 1.3146516203851883, 0.0, 0.0, 0.0, 0.0, 0.0, 0.0, 0.0, 0.0, 0.0, 0.0, 0.0, 0.0, 0.0, 0.0, 0.0, 0.0, 0.0, 0.0, 0.0, 0.0, 0.0, 0.0, 0.0, 0.0, 0.0], [0.0, 0.0, 0.0, 0.0, 0.0, 0.0, 0.0, 0.0, 1.194437612716287, 0.0, 0.9778720253093234, 0.0, 0.0, 0.0, 0.0, 0.0, 0.0, 0.0, 0.0, 0.0, 0.0, 0.0, 0.0, 0.0, 0.0, 0.0, 0.0, 0.0, 0.9324602183266396, 0.0, 0.0, 0.0, 0.0, 0.0, 0.0, 0.0, 0.0, 0.0, 0.0], [0.0, 0.0, 0.0, 0.0, 0.0, 0.0, 0.0, 0.0, 0.0, 0.9778720253093234, 0.0, 0.9991502656086582, 1.0053322552085036, 0.0, 0.0, 0.0, 0.0, 0.0, 0.0, 0.0, 0.0, 0.0, 0.0, 0.0, 0.0, 0.0, 0.0, 0.0, 0.0, 0.9604862892420298, 0.0, 0.0, 0.0, 0.0, 0.0, 0.0, 0.0, 0.0, 0.0], [0.0, 0.0, 0.0, 0.0, 0.0, 0.0, 0.0, 0.0, 0.0, 0.0, 0.9991502656086582, 0.0, 0.0, 0.0, 0.0, 0.0, 0.0, 0.0, 0.0, 0.0, 0.0, 0.0, 0.0, 0.0, 0.0, 0.0, 0.0, 0.0, 0.0, 0.0, 0.9855765655410001, 0.9857017281716475, 0.9840903666044638, 0.0, 0.0, 0.0, 0.0, 0.0, 0.0], [0.0, 0.0, 0.0, 0.0, 0.0, 0.0, 0.0, 0.0, 0.0, 0.0, 1.0053322552085036, 0.0, 0.0, 0.0, 0.0, 0.0, 0.0, 0.0, 0.0, 0.0, 0.0, 0.0, 0.0, 0.0, 0.0, 0.0, 0.0, 0.0, 0.0, 0.0, 0.0, 0.0, 0.0, 0.9851147726569962, 0.9857720890654207, 0.985845906226689, 0.0, 0.0, 0.0], [0.0, 0.0, 0.0, 0.0, 0.0, 0.0, 0.0, 0.0, 1.3146516203851883, 0.0, 0.0, 0.0, 0.0, 0.0, 1.3872663566158165, 0.0, 0.0, 0.0, 0.0, 0.0, 0.0, 0.0, 0.0, 0.0, 0.0, 0.0, 0.0, 0.0, 0.0, 0.0, 0.0, 0.0, 0.0, 0.0, 0.0, 0.0, 0.0, 0.0, 0.0], [0.0, 0.0, 0.0, 0.0, 0.0, 0.0, 0.0, 0.0, 0.0, 0.0, 0.0, 0.0, 0.0, 1.3872663566158165, 0.0, 1.055681416918184, 0.0, 1.3804589006223054, 0.0, 0.0, 0.0, 0.0, 0.0, 0.0, 0.0, 0.0, 0.0, 0.0, 0.0, 0.0, 0.0, 0.0, 0.0, 0.0, 0.0, 0.0, 0.0, 0.0, 0.0], [0.0, 0.0, 0.0, 0.0, 0.0, 0.0, 0.0, 0.0, 0.0, 0.0, 0.0, 0.0, 0.0, 0.0, 1.055681416918184, 0.0, 1.0094278431374861, 0.0, 0.0, 0.0, 0.0, 0.0, 0.0, 0.0, 0.0, 0.0, 0.0, 0.0, 0.0, 0.0, 0.0, 0.0, 0.0, 0.0, 0.0, 0.0, 0.0, 0.0, 0.0], [0.0, 0.0, 0.0, 0.0, 0.0, 0.0, 0.0, 0.0, 0.0, 0.0, 0.0, 0.0, 0.0, 0.0, 0.0, 1.0094278431374861, 0.0, 0.0, 0.0, 0.0, 0.0, 0.0, 0.0, 0.0, 0.0, 0.0, 0.0, 0.0, 0.0, 0.0, 0.0, 0.0, 0.0, 0.0, 0.0, 0.0, 0.9812736832352956, 0.9800028530258448, 0.982808556948066], [0.0, 0.0, 0.0, 0.0, 0.0, 0.0, 1.3107405868525808, 0.0, 0.0, 0.0, 0.0, 0.0, 0.0, 0.0, 1.3804589006223054, 0.0, 0.0, 0.0, 0.0, 0.0, 0.0, 0.0, 0.0, 0.0, 0.0, 0.0, 0.0, 0.0, 0.0, 0.0, 0.0, 0.0, 0.0, 0.0, 0.0, 0.0, 0.0, 0.0, 0.0], [0.9788108399997, 0.0, 0.0, 0.0, 0.0, 0.0, 0.0, 0.0, 0.0, 0.0, 0.0, 0.0, 0.0, 0.0, 0.0, 0.0, 0.0, 0.0, 0.0, 0.0, 0.0, 0.0, 0.0, 0.0, 0.0, 0.0, 0.0, 0.0, 0.0, 0.0, 0.0, 0.0, 0.0, 0.0, 0.0, 0.0, 0.0, 0.0, 0.0], [0.9786469205632129, 0.0, 0.0, 0.0, 0.0, 0.0, 0.0, 0.0, 0.0, 0.0, 0.0, 0.0, 0.0, 0.0, 0.0, 0.0, 0.0, 0.0, 0.0, 0.0, 0.0, 0.0, 0.0, 0.0, 0.0, 0.0, 0.0, 0.0, 0.0, 0.0, 0.0, 0.0, 0.0, 0.0, 0.0, 0.0, 0.0, 0.0, 0.0], [0.9806278862983098, 0.0, 0.0, 0.0, 0.0, 0.0, 0.0, 0.0, 0.0, 0.0, 0.0, 0.0, 0.0, 0.0, 0.0, 0.0, 0.0, 0.0, 0.0, 0.0, 0.0, 0.0, 0.0, 0.0, 0.0, 0.0, 0.0, 0.0, 0.0, 0.0, 0.0, 0.0, 0.0, 0.0, 0.0, 0.0, 0.0, 0.0, 0.0], [0.0, 0.0, 0.9686750145122317, 0.0, 0.0, 0.0, 0.0, 0.0, 0.0, 0.0, 0.0, 0.0, 0.0, 0.0, 0.0, 0.0, 0.0, 0.0, 0.0, 0.0, 0.0, 0.0, 0.0, 0.0, 0.0, 0.0, 0.0, 0.0, 0.0, 0.0, 0.0, 0.0, 0.0, 0.0, 0.0, 0.0, 0.0, 0.0, 0.0], [0.0, 0.0, 0.9682241955539483, 0.0, 0.0, 0.0, 0.0, 0.0, 0.0, 0.0, 0.0, 0.0, 0.0, 0.0, 0.0, 0.0, 0.0, 0.0, 0.0, 0.0, 0.0, 0.0, 0.0, 0.0, 0.0, 0.0, 0.0, 0.0, 0.0, 0.0, 0.0, 0.0, 0.0, 0.0, 0.0, 0.0, 0.0, 0.0, 0.0], [0.0, 0.0, 0.0, 0.9746109679866866, 0.0, 0.0, 0.0, 0.0, 0.0, 0.0, 0.0, 0.0, 0.0, 0.0, 0.0, 0.0, 0.0, 0.0, 0.0, 0.0, 0.0, 0.0, 0.0, 0.0, 0.0, 0.0, 0.0, 0.0, 0.0, 0.0, 0.0, 0.0, 0.0, 0.0, 0.0, 0.0, 0.0, 0.0, 0.0], [0.0, 0.0, 0.0, 0.9738194432529358, 0.0, 0.0, 0.0, 0.0, 0.0, 0.0, 0.0, 0.0, 0.0, 0.0, 0.0, 0.0, 0.0, 0.0, 0.0, 0.0, 0.0, 0.0, 0.0, 0.0, 0.0, 0.0, 0.0, 0.0, 0.0, 0.0, 0.0, 0.0, 0.0, 0.0, 0.0, 0.0, 0.0, 0.0, 0.0], [0.0, 0.0, 0.0, 0.0, 0.9691549397647905, 0.0, 0.0, 0.0, 0.0, 0.0, 0.0, 0.0, 0.0, 0.0, 0.0, 0.0, 0.0, 0.0, 0.0, 0.0, 0.0, 0.0, 0.0, 0.0, 0.0, 0.0, 0.0, 0.0, 0.0, 0.0, 0.0, 0.0, 0.0, 0.0, 0.0, 0.0, 0.0, 0.0, 0.0], [0.0, 0.0, 0.0, 0.0, 0.9688611820448679, 0.0, 0.0, 0.0, 0.0, 0.0, 0.0, 0.0, 0.0, 0.0, 0.0, 0.0, 0.0, 0.0, 0.0, 0.0, 0.0, 0.0, 0.0, 0.0, 0.0, 0.0, 0.0, 0.0, 0.0, 0.0, 0.0, 0.0, 0.0, 0.0, 0.0, 0.0, 0.0, 0.0, 0.0], [0.0, 0.0, 0.0, 0.0, 0.0, 0.9335227130411636, 0.0, 0.0, 0.0, 0.0, 0.0, 0.0, 0.0, 0.0, 0.0, 0.0, 0.0, 0.0, 0.0, 0.0, 0.0, 0.0, 0.0, 0.0, 0.0, 0.0, 0.0, 0.0, 0.0, 0.0, 0.0, 0.0, 0.0, 0.0, 0.0, 0.0, 0.0, 0.0, 0.0], [0.0, 0.0, 0.0, 0.0, 0.0, 0.0, 0.0, 0.0, 0.0, 0.9324602183266396, 0.0, 0.0, 0.0, 0.0, 0.0, 0.0, 0.0, 0.0, 0.0, 0.0, 0.0, 0.0, 0.0, 0.0, 0.0, 0.0, 0.0, 0.0, 0.0, 0.0, 0.0, 0.0, 0.0, 0.0, 0.0, 0.0, 0.0, 0.0, 0.0], [0.0, 0.0, 0.0, 0.0, 0.0, 0.0, 0.0, 0.0, 0.0, 0.0, 0.9604862892420298, 0.0, 0.0, 0.0, 0.0, 0.0, 0.0, 0.0, 0.0, 0.0, 0.0, 0.0, 0.0, 0.0, 0.0, 0.0, 0.0, 0.0, 0.0, 0.0, 0.0, 0.0, 0.0, 0.0, 0.0, 0.0, 0.0, 0.0, 0.0], [0.0, 0.0, 0.0, 0.0, 0.0, 0.0, 0.0, 0.0, 0.0, 0.0, 0.0, 0.9855765655410001, 0.0, 0.0, 0.0, 0.0, 0.0, 0.0, 0.0, 0.0, 0.0, 0.0, 0.0, 0.0, 0.0, 0.0, 0.0, 0.0, 0.0, 0.0, 0.0, 0.0, 0.0, 0.0, 0.0, 0.0, 0.0, 0.0, 0.0], [0.0, 0.0, 0.0, 0.0, 0.0, 0.0, 0.0, 0.0, 0.0, 0.0, 0.0, 0.9857017281716475, 0.0, 0.0, 0.0, 0.0, 0.0, 0.0, 0.0, 0.0, 0.0, 0.0, 0.0, 0.0, 0.0, 0.0, 0.0, 0.0, 0.0, 0.0, 0.0, 0.0, 0.0, 0.0, 0.0, 0.0, 0.0, 0.0, 0.0], [0.0, 0.0, 0.0, 0.0, 0.0, 0.0, 0.0, 0.0, 0.0, 0.0, 0.0, 0.9840903666044638, 0.0, 0.0, 0.0, 0.0, 0.0, 0.0, 0.0, 0.0, 0.0, 0.0, 0.0, 0.0, 0.0, 0.0, 0.0, 0.0, 0.0, 0.0, 0.0, 0.0, 0.0, 0.0, 0.0, 0.0, 0.0, 0.0, 0.0], [0.0, 0.0, 0.0, 0.0, 0.0, 0.0, 0.0, 0.0, 0.0, 0.0, 0.0, 0.0, 0.9851147726569962, 0.0, 0.0, 0.0, 0.0, 0.0, 0.0, 0.0, 0.0, 0.0, 0.0, 0.0, 0.0, 0.0, 0.0, 0.0, 0.0, 0.0, 0.0, 0.0, 0.0, 0.0, 0.0, 0.0, 0.0, 0.0, 0.0], [0.0, 0.0, 0.0, 0.0, 0.0, 0.0, 0.0, 0.0, 0.0, 0.0, 0.0, 0.0, 0.9857720890654207, 0.0, 0.0, 0.0, 0.0, 0.0, 0.0, 0.0, 0.0, 0.0, 0.0, 0.0, 0.0, 0.0, 0.0, 0.0, 0.0, 0.0, 0.0, 0.0, 0.0, 0.0, 0.0, 0.0, 0.0, 0.0, 0.0], [0.0, 0.0, 0.0, 0.0, 0.0, 0.0, 0.0, 0.0, 0.0, 0.0, 0.0, 0.0, 0.985845906226689, 0.0, 0.0, 0.0, 0.0, 0.0, 0.0, 0.0, 0.0, 0.0, 0.0, 0.0, 0.0, 0.0, 0.0, 0.0, 0.0, 0.0, 0.0, 0.0, 0.0, 0.0, 0.0, 0.0, 0.0, 0.0, 0.0], [0.0, 0.0, 0.0, 0.0, 0.0, 0.0, 0.0, 0.0, 0.0, 0.0, 0.0, 0.0, 0.0, 0.0, 0.0, 0.0, 0.9812736832352956, 0.0, 0.0, 0.0, 0.0, 0.0, 0.0, 0.0, 0.0, 0.0, 0.0, 0.0, 0.0, 0.0, 0.0, 0.0, 0.0, 0.0, 0.0, 0.0, 0.0, 0.0, 0.0], [0.0, 0.0, 0.0, 0.0, 0.0, 0.0, 0.0, 0.0, 0.0, 0.0, 0.0, 0.0, 0.0, 0.0, 0.0, 0.0, 0.9800028530258448, 0.0, 0.0, 0.0, 0.0, 0.0, 0.0, 0.0, 0.0, 0.0, 0.0, 0.0, 0.0, 0.0, 0.0, 0.0, 0.0, 0.0, 0.0, 0.0, 0.0, 0.0, 0.0], [0.0, 0.0, 0.0, 0.0, 0.0, 0.0, 0.0, 0.0, 0.0, 0.0, 0.0, 0.0, 0.0, 0.0, 0.0, 0.0, 0.982808556948066, 0.0, 0.0, 0.0, 0.0, 0.0, 0.0, 0.0, 0.0, 0.0, 0.0, 0.0, 0.0, 0.0, 0.0, 0.0, 0.0, 0.0, 0.0, 0.0, 0.0, 0.0, 0.0]], "Born radii": [], "Atomic SASAs": [], "Solvent H bonds": [], "Total SASA": NaN, "Total FOD": 0.0, "FOD": [0.0, 0.0, 0.0, 0.0, 0.0, 0.0, 0.0, 0.0, 0.0, 0.0, 0.0, 0.0, 0.0, 0.0, 0.0, 0.0, 0.0, 0.0, 0.0, 0.0, 0.0, 0.0, 0.0, 0.0, 0.0, 0.0, 0.0, 0.0, 0.0, 0.0, 0.0, 0.0, 0.0, 0.0, 0.0, 0.0, 0.0, 0.0, 0.0], "FOD s proportion": [0.0, 0.0, 0.0, 0.0, 0.0, 0.0, 0.0, 0.0, 0.0, 0.0, 0.0, 0.0, 0.0, 0.0, 0.0, 0.0, 0.0, 0.0, 0.0, 0.0, 0.0, 0.0, 0.0, 0.0, 0.0, 0.0, 0.0, 0.0, 0.0, 0.0, 0.0, 0.0, 0.0, 0.0, 0.0, 0.0, 0.0, 0.0, 0.0], "FOD p proportion": [0.0, 0.0, 0.0, 0.0, 0.0, 0.0, 0.0, 0.0, 0.0, 0.0, 0.0, 0.0, 0.0, 0.0, 0.0, 0.0, 0.0, 0.0, 0.0, 0.0, 0.0, 0.0, 0.0, 0.0, 0.0, 0.0, 0.0, 0.0, 0.0, 0.0, 0.0, 0.0, 0.0, 0.0, 0.0, 0.0, 0.0, 0.0, 0.0], "FOD d proportion": [0.0, 0.0, 0.0, 0.0, 0.0, 0.0, 0.0, 0.0, 0.0, 0.0, 0.0, 0.0, 0.0, 0.0, 0.0, 0.0, 0.0, 0.0, 0.0, 0.0, 0.0, 0.0, 0.0, 0.0, 0.0, 0.0, 0.0, 0.0, 0.0, 0.0, 0.0, 0.0, 0.0, 0.0, 0.0, 0.0, 0.0, 0.0, 0.0], "coordinates": [["5.61730", "-1.07700", "-0.87400"], ["4.54900", "-0.14240", "-0.78700"], ["4.53330", "0.52320", "0.47390"], ["3.38240", "1.52070", "0.50070"], ["2.02700", "0.82750", "0.35460"], ["0.96980", "1.82050", "0.48280"], ["-0.32070", "1.32090", "0.34170"], ["-0.61740", "0.09680", "0.75830"], ["-1.87430", "-0.29020", "0.59600"], ["-2.16610", "-1.56780", "1.04550"], ["-3.21260", "-2.30850", "0.35420"], ["-2.72150", "-2.79990", "-1.00750"], ["-3.60730", "-3.49880", "1.22950"], ["-2.81450", "0.45770", "0.04480"], ["-2.42080", "1.66650", "-0.33330"], ["-3.66160", "2.68980", "-1.09550"], ["-2.99250", "4.32470", "-0.70780"], ["-1.18790", "2.14660", "-0.21870"], ["5.51350", "-1.84920", "-0.10570"], ["6.58050", "-0.56820", "-0.77030"], ["5.57790", "-1.55410", "-1.85680"], ["5.48020", "1.05690", "0.61460"], ["4.42040", "-0.21170", "1.27940"], ["3.50340", "2.24250", "-0.31690"], ["3.41480", "2.08520", "1.44030"], ["1.93280", "0.06490", "1.13770"], ["1.96170", "0.33010", "-0.62090"], ["1.04050", "2.60520", "-0.15690"], ["-1.28690", "-2.05380", "1.18090"], ["-4.10960", "-1.69130", "0.21960"], ["-1.82290", "-3.41910", "-0.90760"], ["-2.47240", "-1.96180", "-1.66700"], ["-3.49220", "-3.39720", "-1.50600"], ["-4.40660", "-4.08130", "0.75940"], ["-3.96680", "-3.15870", "2.20700"], ["-2.75620", "-4.16670", "1.40480"], ["-2.04470", "4.49180", "-1.22690"], ["-3.70210", "5.08720", "-1.04090"], ["-2.84660", "4.43900", "0.37010"]], "bond_dist": [[0.0, 1.422079832498865, 2.3563807947782975, 3.6922382628969106, 4.245801726411632, 5.642310585212409, 6.518258578792346, 6.550854434346714, 7.6748957517350025, 8.03160509798633, 8.999566739571412, 8.515972762990732, 9.76642578684751, 8.619440165695217, 8.510593419380344, 10.016777410924135, 10.165364792765677, 7.55855555579239, 1.0942358840761897, 1.0942510543746344, 1.093193765990275, 2.6054280991806316, 2.6112152841158083, 3.974671542404479, 4.4951640214790825, 4.350449718132597, 3.9252262839230045, 5.917763723738893, 7.269438072506017, 9.807441514482766, 7.80020111343291, 8.17648861859417, 9.421557317662511, 10.591146550775322, 10.280126881512698, 9.211659881910535, 9.478518652722059, 11.174812464198226, 10.178980500030443], [1.422079832498865, 0.0, 1.4258817131866162, 2.4052086104951482, 2.9333326729165927, 4.275048665220082, 5.2085687736651805, 5.397856768199764, 6.572162256822332, 7.1050960176481786, 8.138597005012597, 7.744100770909428, 9.047481577765163, 7.434591010943373, 7.214989600824107, 8.690827431838697, 8.765584823615594, 6.20278223864098, 2.075474928781362, 2.075711150425318, 2.0484150311887475, 2.0663824645984588, 2.071557242752418, 2.646133288404044, 3.348055658139512, 3.2545269733096394, 2.63533048212174, 4.500655954413757, 6.448550936450762, 8.853456315473636, 7.166060065335763, 7.306481664932856, 8.704687328100878, 9.905001642099814, 9.517402551641913, 8.623510002893255, 8.071319677723093, 9.7720945850928, 8.776275162618822], [2.3563807947782975, 1.4258817131866162, 0.0, 1.523251555062393, 2.5275226349134834, 3.7923078395615506, 4.9208859090614965, 5.176138600346787, 6.460175363718851, 7.041375428139022, 8.248140383747115, 8.116012728550885, 9.111354658885801, 7.360610158132272, 7.093533219771371, 8.620531186069684, 8.513840659772768, 5.987257448949393, 2.6315413658158597, 2.6325302353439364, 3.2921918139743926, 1.0960163274331276, 1.0962001049078587, 2.154541979168658, 2.15053835352918, 2.7227320066433265, 2.8016068978355975, 4.114885718947733, 6.4043349412722, 8.92571560996652, 7.60602064025598, 7.735535553534738, 9.148671511208608, 10.060056784630989, 9.42399720023303, 8.717714555432519, 7.8684554138661795, 9.53658891847604, 8.355069604138555], [3.6922382628969106, 2.4052086104951482, 1.523251555062393, 0.0, 1.5293726197366027, 2.4312217525351323, 3.71189313558459, 4.253498443634369, 5.560695621053179, 6.373499159802251, 7.627467462401921, 7.628882408977083, 8.63611230705113, 6.30391810067358, 5.864635016776407, 7.316596561926865, 7.068397149283563, 4.668718160266263, 4.03305519178699, 4.025765494909011, 4.453360701762209, 2.151475886455621, 2.1644924231791616, 1.097317638607892, 1.0966121328892908, 2.1509213839654855, 2.1665418089665383, 2.6632824897107703, 5.919635527631748, 8.156348767064832, 7.313007658959479, 7.148804975658519, 8.68750311999944, 9.597804472378044, 8.878005670757368, 8.417025931408315, 6.423819065011094, 8.080011946773347, 6.879968913447211], [4.245801726411632, 2.9333326729165927, 2.5275226349134834, 1.5293726197366027, 0.0, 1.4560755749616845, 2.3990217297890406, 2.7730394046965867, 4.0654235867864985, 4.878205869989499, 6.10638226120835, 6.128751864776384, 7.157349941843, 4.865475344711964, 4.578214963279903, 6.158824665469865, 6.209225543495743, 3.5219709978930833, 4.419534051232097, 4.893642891548176, 4.8136471962535845, 3.470564017562563, 2.7683127063249193, 2.152415900796126, 2.1648424007303624, 1.0971226048168, 1.0969371449631926, 2.096433111263033, 4.4683995557693805, 6.634789974068509, 5.86928363686745, 5.666715222242953, 7.195240863932215, 8.102554500896614, 7.43282010006969, 6.99456617096443, 5.701489071286552, 7.274273238612914, 6.065900548146169], [5.642310585212409, 4.275048665220082, 3.7923078395615506, 2.4312217525351323, 1.4560755749616845, 0.0, 1.3910066930104974, 2.359289253143836, 3.5435538009179433, 4.650922165549537, 5.878575398853025, 6.098752818404759, 7.057078559148962, 4.045984964134197, 3.4908313580005554, 4.969565306945871, 4.836152116093951, 2.2921851474084725, 5.870114141138995, 6.225439887269011, 6.172215074833345, 4.576479472258124, 4.083019563999173, 2.690117664712828, 2.6391091944063247, 2.106749716981113, 2.10316700715849, 1.014873721208703, 4.537646856025709, 6.180802362153315, 6.098015546880805, 5.547627796635243, 7.147668342193838, 7.9883307242502175, 7.220479058899071, 7.111942339473795, 4.375628872516498, 5.900816908700015, 4.629703284228915], [6.518258578792346, 5.2085687736651805, 4.9208859090614965, 3.71189313558459, 2.3990217297890406, 1.3910066930104974, 0.0, 1.3266526523547901, 2.2525507008722356, 3.4993461232064487, 4.640666570655556, 4.956326655901526, 5.900799648352756, 2.655617120369576, 2.232819824795543, 3.8860061579982084, 4.154850169380359, 1.3220682622315687, 6.654892216257149, 7.240980890045215, 6.920441402829736, 5.81331327385683, 5.070125566492411, 3.988338166454796, 3.9680016003020966, 2.69989152559876, 2.6678892705657784, 1.9367224607568325, 3.609210324988002, 4.8419025661407105, 5.126885538999287, 4.409173150376383, 5.977698148116882, 6.786222582556514, 6.069613287516758, 6.097179316700469, 3.9353892780765665, 5.246948104374581, 4.0129197574833215], [6.550854434346714, 5.397856768199764, 5.176138600346787, 4.253498443634369, 2.7730394046965867, 2.359289253143836, 1.3266526523547901, 0.0, 1.3251067504167355, 2.2916912292017004, 3.5614362187185105, 3.992011690864645, 4.699986256362885, 2.338071741841982, 2.628269432535409, 4.407649836364046, 5.066131426443653, 2.3412986332375456, 6.490096055529532, 7.3884103412033095, 6.924302196611583, 6.174396121079372, 5.074066051994199, 4.768760443763138, 4.547251411567212, 2.5784650492104797, 2.9340038070868277, 3.142975343524031, 2.2917027228678677, 3.960171731124801, 4.073083091467691, 3.68251803118464, 5.059601321250519, 5.640439474012641, 4.890346848639675, 4.81350807000466, 5.0293368678186585, 6.136496304081018, 4.896399975492199], [7.6748957517350025, 6.572162256822332, 6.460175363718851, 5.560695621053179, 4.0654235867864985, 3.5435538009179433, 2.2525507008722356, 1.3251067504167355, 0.0, 1.3854455059655, 2.4337315012137224, 3.0963775900235424, 3.7013139842493774, 1.321798732788014, 2.2340402033087945, 3.8647139014421232, 4.9241819310419475, 2.659487787149999, 7.583037170553761, 8.568996599952646, 7.946631732375673, 7.4768773308113055, 6.332175447664096, 6.0139515287371585, 5.8591762612162475, 3.8618059648304444, 4.07191769317603, 4.176871868994787, 1.9487000102632523, 2.664831000269999, 3.47181078545476, 2.876306515307435, 4.085272746096642, 4.561982251171085, 3.8989959605006006, 4.056988698529982, 5.120500421833788, 5.910729668154347, 4.8333974324485265], [8.03160509798633, 7.1050960176481786, 7.041375428139022, 6.373499159802251, 4.878205869989499, 4.650922165549537, 3.4993461232064487, 2.2916912292017004, 1.3854455059655, 0.0, 1.4566037312872708, 2.4579154928516154, 2.416541834936859, 2.3504198135652277, 3.525146524614261, 4.994753148054466, 6.203108422395984, 4.04374136660593, 7.770502143362422, 8.988845385253882, 8.27001021643867, 8.095716681678034, 6.7287219195029895, 6.965468404924396, 6.681820174922398, 4.41307051155995, 4.839178257721037, 5.3983310680246355, 1.0136674997256252, 2.115314470711152, 2.7128762485598195, 2.758026820029131, 3.408137001354259, 3.3792566800999295, 2.6688135097829524, 2.689162641046465, 6.472811744520305, 7.141525464492863, 6.082835823035174], [8.999566739571412, 8.138597005012597, 8.248140383747115, 7.627467462401921, 6.10638226120835, 5.878575398853025, 4.640666570655556, 3.5614362187185105, 2.4337315012137224, 1.4566037312872708, 0.0, 1.5286857296383718, 1.5292979663884996, 2.811774245916624, 4.110988748464291, 5.223622687369371, 6.721281890383709, 4.927021464333193, 8.75027346486954, 10.00989270422016, 9.095632501920907, 9.32515400194549, 7.9696458064333076, 8.140431942470867, 8.025374985631512, 5.7203182577545455, 5.889516997173877, 6.5187829009716225, 2.1110721138795805, 1.097115308433895, 2.1810175813138235, 2.1802170465345876, 2.173427682256762, 2.1754638310024825, 2.1735973684194594, 2.1828807938135326, 7.0786967522277715, 7.5420350536178224, 6.757437758499889], [8.515972762990732, 7.744100770909428, 8.116012728550885, 7.628882408977083, 6.128751864776384, 6.098752818404759, 4.956326655901526, 3.992011690864645, 3.0963775900235424, 2.4579154928516154, 1.5286857296383718, 0.0, 2.5054484329157525, 3.4246083060694694, 4.526996254692508, 5.5703086180210875, 7.1360483637654815, 5.238510919144867, 8.338602924351296, 9.56890551369382, 8.435245609346534, 9.207279594972665, 7.933185139652294, 8.040653339747958, 8.216453282286707, 5.871240973593232, 5.646124493845313, 6.640125779682189, 2.7209992521130912, 2.1590715550902897, 1.0958424202411583, 1.095172438477156, 1.0951018354472795, 2.7574414916730325, 3.465908218634764, 2.772821238377981, 7.3263281041733315, 7.947895213828628, 7.369878220160765], [9.76642578684751, 9.047481577765163, 9.111354658885801, 8.63611230705113, 7.157349941843, 7.057078559148962, 5.900799648352756, 4.699986256362885, 3.7013139842493774, 2.416541834936859, 1.5292979663884996, 2.5054484329157525, 0.0, 4.205465275091449, 5.525436650618664, 6.61115295920462, 8.083208680963272, 6.310413675821896, 9.364450429149592, 10.787904580593953, 9.88306656964325, 10.184064058616286, 8.674761305649856, 9.269084805955764, 8.974150714691614, 6.587950587246386, 7.007011943046765, 7.79634310430217, 2.733979356176634, 2.1305538129791515, 2.7852525666445405, 3.4698817357368252, 2.7398048872136864, 1.0950711164120803, 1.0956342957392307, 1.0959889187396006, 8.504428733313013, 8.881615798941091, 8.020342990795344], [8.619440165695217, 7.434591010943373, 7.360610158132272, 6.30391810067358, 4.865475344711964, 4.045984964134197, 2.655617120369576, 2.338071741841982, 1.321798732788014, 2.3504198135652277, 2.811774245916624, 3.4246083060694694, 4.205465275091449, 0.0, 1.3263320624941555, 2.645776428574418, 3.943574490230912, 2.3595853491662466, 8.642917439152129, 9.485930835716651, 8.837182784123002, 8.335811944255939, 7.369946507946987, 6.575119644538797, 6.587894579454046, 4.887287544231462, 4.824056870518837, 4.417404683748139, 3.151494442324149, 2.5151620325537682, 4.11338237464012, 2.9834999413440584, 4.210048923706232, 4.862916467512063, 4.368209368837533, 4.820588579208974, 4.299276187918147, 4.837235625850782, 3.994696507871405], [8.510593419380344, 7.214989600824107, 7.093533219771371, 5.864635016776407, 4.578214963279903, 3.4908313580005554, 2.232819824795543, 2.628269432535409, 2.2340402033087945, 3.525146524614261, 4.110988748464291, 4.526996254692508, 5.525436650618664, 1.3263320624941555, 0.0, 1.7797967215387267, 2.7446526884106848, 1.3280329739882213, 8.681305474408788, 9.284840051395609, 8.756284503144013, 7.980972846088376, 7.275331880402432, 5.952158482433074, 6.11352549761592, 4.866497356415597, 4.590749935468061, 3.590664609790226, 4.1736270724634705, 3.7990215437662367, 5.152730563497377, 3.866002992756214, 5.306993587710466, 6.178559684101142, 5.66796216730493, 6.095876229878687, 2.9870206326706215, 3.720701001155562, 2.8918564020365882], [10.016777410924135, 8.690827431838697, 8.620531186069684, 7.316596561926865, 6.158824665469865, 4.969565306945871, 3.8860061579982084, 4.407649836364046, 3.8647139014421232, 4.994753148054466, 5.223622687369371, 5.5703086180210875, 6.61115295920462, 2.645776428574418, 1.7797967215387267, 0.0, 1.8085641017116312, 2.680118685804791, 10.28419588737982, 10.752717398406787, 10.196010256467968, 9.442632665734699, 8.909409422627293, 7.221047032806254, 7.541303584924824, 6.5707376762430565, 6.116774651726186, 4.795609609841067, 5.772602360287776, 4.596110227137727, 6.382380692970296, 4.835099942090133, 6.103177501105468, 7.0599910920623685, 6.723437033244232, 7.35410371833305, 2.4246310172890224, 2.3983636442374627, 2.423202220203671], [10.165364792765677, 8.765584823615594, 8.513840659772768, 7.068397149283563, 6.209225543495743, 4.836152116093951, 4.154850169380359, 5.066131426443653, 4.9241819310419475, 6.203108422395984, 6.721281890383709, 7.1360483637654815, 8.083208680963272, 3.943574490230912, 2.7446526884106848, 1.8085641017116312, 0.0, 2.8705260110300346, 10.527658886001198, 10.75112578570263, 10.456206128419618, 9.176813384285419, 8.91509816042426, 6.832647836673569, 7.119212537212245, 6.7683340919313375, 6.3646271226207745, 4.418739646098195, 6.8674246482942936, 6.188718701799266, 7.834176577024544, 6.380489863638998, 7.77911067796313, 8.649461870544316, 8.089906988958525, 8.7534444883143, 1.0934861956147413, 1.0935693942315687, 1.0937182955404925], [7.55855555579239, 6.20278223864098, 5.987257448949393, 4.668718160266263, 3.5219709978930833, 2.2921851474084725, 1.3220682622315687, 2.3412986332375456, 2.659487787149999, 4.04374136660593, 4.927021464333193, 5.238510919144867, 6.310413675821896, 2.3595853491662466, 1.3280329739882213, 2.680118685804791, 2.8705260110300346, 0.0, 7.803073022854521, 8.247571773558567, 7.883818981940161, 6.807745044432848, 6.265693209055164, 4.693307547987879, 4.892943720297629, 3.9889928979630933, 3.658061952728521, 2.27593931377794, 4.4285484439034875, 4.843337092336234, 5.644007857896726, 4.54163667635358, 6.140086173662386, 7.078378889971913, 6.46161851164242, 6.704705364891137, 2.6926820309869486, 3.9552930156942865, 2.8901676231665183], [1.0942358840761897, 2.075474928781362, 2.6315413658158597, 4.03305519178699, 4.419534051232097, 5.870114141138995, 6.654892216257149, 6.490096055529532, 7.583037170553761, 7.770502143362422, 8.75027346486954, 8.338602924351296, 9.364450429149592, 8.642917439152129, 8.681305474408788, 10.28419588737982, 10.527658886001198, 7.803073022854521, 0.0, 1.7947543453074575, 1.7769588008729973, 2.9942207984716154, 2.407234070463444, 4.56367355756303, 4.719550937324439, 4.246320155146099, 4.198816829774787, 6.312846410297022, 6.924062454946518, 9.629891282356205, 7.5452232955691905, 8.137870437651364, 9.244445715130789, 10.204854356138553, 9.84578385046107, 8.720112074394457, 9.92933822971098, 11.572187665260186, 10.471824907340649], [1.0942510543746344, 2.075711150425318, 2.6325302353439364, 4.025765494909011, 4.893642891548176, 6.225439887269011, 7.240980890045215, 7.3884103412033095, 8.568996599952646, 8.988845385253882, 10.00989270422016, 9.56890551369382, 10.787904580593953, 9.485930835716651, 9.284840051395609, 10.752717398406787, 10.75112578570263, 8.247571773558567, 1.7947543453074575, 0.0, 1.7769884130179354, 2.401990447524719, 2.999065579476381, 4.1921534394628255, 4.684969627436233, 5.063832037103916, 4.707714593090792, 6.413916675479968, 8.240762802071178, 10.794419559661373, 8.874886684347016, 9.203324956775132, 10.488268721767191, 11.636074084930879, 11.26146273048044, 10.23983540639204, 10.010302622798173, 11.738340439772568, 10.73511892854476], [1.093193765990275, 2.0484150311887475, 3.2921918139743926, 4.453360701762209, 4.8136471962535845, 6.172215074833345, 6.920441402829736, 6.924302196611583, 7.946631732375673, 8.27001021643867, 9.095632501920907, 8.435245609346534, 9.88306656964325, 8.837182784123002, 8.756284503144013, 10.196010256467968, 10.456206128419618, 7.883818981940161, 1.7769588008729973, 1.7769884130179354, 0.0, 3.596482204877427, 3.602442844792961, 4.59227762880251, 5.366038996317489, 4.9874788480754475, 4.260816927538661, 6.38572120124266, 7.523483263754894, 9.908477029796254, 7.690971738343602, 8.062851444743353, 9.262115970986327, 10.626452019841807, 10.497166745841469, 9.323139821433548, 9.749549301377987, 11.440758650544113, 10.57584660771893], [2.6054280991806316, 2.0663824645984588, 1.0960163274331276, 2.151475886455621, 3.470564017562563, 4.576479472258124, 5.81331327385683, 6.174396121079372, 7.4768773308113055, 8.095716681678034, 9.32515400194549, 9.207279594972665, 10.184064058616286, 8.335811944255939, 7.980972846088376, 9.442632665734699, 9.176813384285419, 6.807745044432848, 2.9942207984716154, 2.401990447524719, 3.596482204877427, 0.0, 1.7817073384818283, 2.486177356907588, 2.4505220953911024, 3.7204494849413017, 3.799281608409674, 4.764806525977734, 7.469323435894311, 9.983631217147396, 8.699824047071298, 8.806934484257278, 10.239136337113596, 11.143198845932886, 10.466748784603555, 9.785126364028212, 8.474301167057966, 10.163593440806258, 8.990771874538916], [2.6112152841158083, 2.071557242752418, 1.0962001049078587, 2.1644924231791616, 2.7683127063249193, 4.083019563999173, 5.070125566492411, 5.074066051994199, 6.332175447664096, 6.7287219195029895, 7.9696458064333076, 7.933185139652294, 8.674761305649856, 7.369946507946987, 7.275331880402432, 8.909409422627293, 8.91509816042426, 6.265693209055164, 2.407234070463444, 2.999065579476381, 3.602442844792961, 1.7817073384818283, 0.0, 3.0679244335543863, 2.512542493173001, 2.5069384136831117, 3.1543451016019155, 4.628348226959592, 5.99802533755902, 8.72200047007566, 7.351814650139106, 7.69771490833481, 8.973020794024718, 9.651949707701549, 8.93814156298724, 8.195202115872434, 8.37866158464465, 9.971817264170056, 8.675547589633751], [3.974671542404479, 2.646133288404044, 2.154541979168658, 1.097317638607892, 2.152415900796126, 2.690117664712828, 3.988338166454796, 4.768760443763138, 6.0139515287371585, 6.965468404924396, 8.140431942470867, 8.040653339747958, 9.269084805955764, 6.575119644538797, 5.952158482433074, 7.221047032806254, 6.832647836673569, 4.693307547987879, 4.56367355756303, 4.1921534394628255, 4.59227762880251, 2.486177356907588, 3.0679244335543863, 0.0, 1.7664498549350331, 3.053618718831806, 2.47518254882342, 2.4945997073678976, 6.606706639468715, 8.586057517277649, 7.795647037930848, 7.430282