{"total energy": -26.19688629, "HOMO-LUMO gap/eV": 11.53860354, "electronic energy": -26.52113646, "dipole": [0.30891736, 0.36191933, -0.44594538], "partial charges": [-0.44219554, 0.12261454, -0.05766585, -0.05200918, -0.05302876, -0.05325672, -0.04621849, -0.06452866, 0.28232274, 0.0044199, 0.02887382, 0.03875445, 0.04537026, 0.02432374, 0.03258175, 0.02505293, 0.02146236, 0.04299505, 0.02351623, 0.02495929, 0.01951765, 0.03213849], "atomic dipole moments": [[0.07744647, 0.05947609, -0.21868597], [-0.04263513, 0.05339671, 0.15791383], [0.00030083, 0.1025129, 0.04755644], [0.05912569, 0.06496488, -0.07730061], [0.08445096, -0.01012927, 0.06876158], [0.04209837, -0.03944754, -0.10224601], [-0.01387405, -0.11219974, -0.00802477], [-0.04119974, -0.02917625, 0.09412396], [0.05981009, 0.05178484, -0.00020245], [0.0980291, -0.04350352, -0.03058187], [-0.01476275, -0.02303413, -0.12004064], [0.03393055, -0.10679397, 0.04593427], [0.00450671, -0.01492851, 0.12630919], [-0.07487891, -0.08535689, -0.03219411], [-0.0062351, 0.01418609, -0.12695968], [-0.11391388, -0.00175061, 0.03346996], [-0.07908926, 0.08832053, 0.00525954], [0.02466868, -0.02001974, 0.12203593], [-0.03285793, 0.08404205, -0.07829796], [0.06224408, 0.06335162, 0.08152457], [0.10330645, 0.05432757, -0.01245885], [-0.03714471, -0.01401714, -0.11855195]], "atomic quadrupole moments": [[-0.08673245, 0.03342848, -0.08092666, 0.0085516, 0.02591008, 0.16765912], [-0.2571641, 0.11507489, -0.05780553, 0.10025715, 0.01883896, 0.31496962], [0.19168099, 0.10546597, -0.04587845, -0.07410026, 0.05224073, -0.14580254], [0.0982841, -0.16507789, 0.05952201, -0.08284114, -0.02863944, -0.15780611], [-0.08905722, -0.0073818, 0.21854863, 0.08649783, 0.0430657, -0.1294914], [0.06766205, 0.19968531, 0.04270846, -0.05272176, 0.056881, -0.11037051], [0.11446931, -0.03555763, -0.0356649, -0.20020165, 0.0494445, -0.07880441], [-0.09130271, -0.14934529, 0.16440361, -0.05170189, -0.0397322, -0.07310089], [0.03246388, 0.1117082, 0.00777903, 0.02069229, 0.02520957, -0.04024291], [0.00707059, -0.00329194, -0.00543382, -0.01708248, 0.00900519, -0.00163677], [-0.0138702, 0.01364287, -0.04939623, 0.00901129, -0.00356758, 0.06326643], [0.00270204, -0.02231836, 0.02746478, 0.00209835, -0.04413656, -0.03016682], [-0.02513195, -0.02019245, -0.02585689, 0.0137225, 0.01385748, 0.05098884], [0.01813229, 0.02691387, 0.01960375, 0.01950312, 0.03534805, -0.03773604], [-0.03544495, 0.00626913, -0.0207058, -0.02220404, -0.00992191, 0.05615076], [0.04397151, 0.00268963, 0.00391451, -0.03732755, 0.00768718, -0.04788602], [0.02158618, -0.0292502, 0.03116217, -0.00481812, -0.0163297, -0.05274836], [-0.01632085, 0.01483414, -0.00850784, 0.02921185, -0.03557114, 0.02482869], [-0.00961042, -0.03635948, -0.01681722, 0.00072291, -0.03721343, 0.02642764], [0.01448456, 0.02323179, -0.04422815, 0.01621947, 0.028118, 0.02974359], [0.04650462, 0.02424396, 0.01049445, -0.00804044, 0.0122303, -0.05699906], [-0.02199945, -0.00150556, -0.00405195, 0.04622954, 0.02287999, 0.02605141]], "number of molecular orbitals": 46, "number of electrons": 48, "number of unpaired electrons": 0, "orbital energies/eV": [-18.44454288, -17.18243645, -16.77711654, -16.69222179, -16.02961128, -15.92101718, -15.33532602, -14.90337638, -14.72635481, -14.29395203, -13.87881075, -13.70924873, -13.51606456, -13.21596024, -13.00597335, -12.81166837, -12.37228324, -12.12921582, -11.74234401, -11.56808405, -11.51398699, -11.28331611, -11.15402233, -10.75974112, 0.77886242, 2.1272157, 2.34269558, 2.51930118, 2.64688827, 2.81201539, 2.9867574, 3.17384048, 3.72039509, 4.26743544, 4.77534763, 5.23297035, 5.36426268, 5.63714366, 6.11034144, 6.39915094, 6.59582712, 7.22552831, 7.77154642, 8.00834523, 8.29647387, 8.88809776], "fractional occupation": [2.0, 2.0, 2.0, 2.0, 2.0, 2.0, 2.0, 2.0, 2.0, 2.0, 2.0, 2.0, 2.0, 2.0, 2.0, 2.0, 2.0, 2.0, 2.0, 2.0, 2.0, 2.0, 2.0, 2.0, 0.0, 0.0, 0.0, 0.0, 0.0, 0.0, 0.0, 0.0, 0.0, 0.0, 0.0, 0.0, 0.0, 0.0, 0.0, 0.0, 0.0, 0.0, 0.0, 0.0, 0.0, 0.0], "program call": "xtb /home/svss/Project-DBcg-Debug/aqme2_20220329/End-to-End-workflows-final/example-3/QDESCP/mol_410_rdkit_conf_8/mol_410_rdkit_conf_8.xyz --pop --wbo --acc 0.2 --gfn 2 --chrg 0 --uhf 0 --etemp 300 --input /home/svss/Project-DBcg-Debug/aqme2_20220329/End-to-End-workflows-final/example-3/QDESCP/mol_410_rdkit_conf_8/mol_410_rdkit_conf_8_xtb.inp", "method": "GFN2-xTB", "xtb version": "6.3.3 (7355c4f)", "Dipole module/D": 1.658, "Total charge": 0, "Transition dipole module/D": NaN, "HOMO": -10.7597, "LUMO": 0.7789, "HOMO occupancy": 2.0, "LUMO occupancy": 0, "mulliken charges": [-0.56779, 0.22185, -0.05481, -0.03899, -0.04697, -0.04355, -0.03704, -0.07389, 0.33602, 0.00809, 0.01918, 0.03582, 0.03635, 0.02012, 0.02061, 0.02326, 0.02009, 0.03232, 0.02014, 0.02161, 0.02121, 0.02636], "cm5 charges": [-0.77873, 0.17536, -0.15987, -0.14803, -0.15633, -0.15275, -0.14608, -0.17978, 0.50588, 0.07437, 0.07486, 0.09254, 0.09352, 0.07458, 0.07645, 0.0778, 0.07448, 0.08982, 0.07479, 0.07752, 0.07724, 0.08238], "FUKUI+": [-0.129, -0.029, 0.015, 0.01, 0.013, 0.016, 0.009, 0.013, -0.121, -0.109, -0.102, -0.056, -0.04, -0.062, -0.032, -0.047, -0.051, -0.027, -0.075, -0.039, -0.064, -0.092], "FUKUI-": [-0.096, 0.002, 0.011, 0.004, 0.012, 0.011, 0.012, 0.01, -0.049, -0.118, -0.047, -0.059, -0.041, -0.071, -0.062, -0.071, -0.083, -0.081, -0.099, -0.058, -0.061, -0.066], "FUKUIrad": [-0.112, -0.013, 0.013, 0.007, 0.013, 0.013, 0.01, 0.011, -0.085, -0.114, -0.074, -0.057, -0.041, -0.067, -0.047, -0.059, -0.067, -0.054, -0.087, -0.049, -0.062, -0.079], "s proportion": [1.696, 1.013, 1.033, 1.028, 1.028, 1.029, 1.027, 1.039, 0.664, 0.992, 0.981, 0.964, 0.964, 0.98, 0.979, 0.977, 0.98, 0.968, 0.98, 0.978, 0.979, 0.974], "p proportion": [4.872, 2.765, 3.021, 3.011, 3.019, 3.015, 3.01, 3.035, 0.0, 0.0, 0.0, 0.0, 0.0, 0.0, 0.0, 0.0, 0.0, 0.0, 0.0, 0.0, 0.0, 0.0], "d proportion": [0.0, 0.0, 0.0, 0.0, 0.0, 0.0, 0.0, 0.0, 0.0, 0.0, 0.0, 0.0, 0.0, 0.0, 0.0, 0.0, 0.0, 0.0, 0.0, 0.0, 0.0, 0.0], "Fermi-level/eV": -4.9904, "Coordination numbers": [1.653, 3.723, 3.8, 3.8, 3.799, 3.8, 3.799, 3.799, 0.804, 0.924, 0.924, 0.924, 0.924, 0.924, 0.924, 0.924, 0.924, 0.924, 0.924, 0.924, 0.923, 0.924], "Dispersion coefficient C6": [21.686, 18.682, 21.612, 21.509, 21.528, 21.531, 21.404, 21.74, 0.777, 2.983, 2.603, 2.466, 2.379, 2.669, 2.55, 2.658, 2.711, 2.41, 2.681, 2.659, 2.741, 2.556], "Total dispersion C6": 3438.152953, "Total dispersion C8": 72743.985335, "Polarizability alpha": [6.286, 6.172, 6.619, 6.603, 6.606, 6.607, 6.587, 6.639, 1.385, 2.701, 2.523, 2.456, 2.412, 2.555, 2.497, 2.55, 2.575, 2.427, 2.56, 2.55, 2.589, 2.5], "Total polarizability alpha": 86.400233, "Wiberg matrix": [[0.0, 0.983973607694458, 0.0, 0.0, 0.0, 0.0, 0.0, 0.0, 0.9048153712652953, 0.0, 0.0, 0.0, 0.0, 0.0, 0.0, 0.0, 0.0, 0.0, 0.0, 0.0, 0.0, 0.0], [0.983973607694458, 0.0, 0.993199546856264, 0.0, 0.0, 0.0, 0.0, 0.9870877136704898, 0.0, 0.9636497511465052, 0.0, 0.0, 0.0, 0.0, 0.0, 0.0, 0.0, 0.0, 0.0, 0.0, 0.0, 0.0], [0.0, 0.993199546856264, 0.0, 1.0083692847201973, 0.0, 0.0, 0.0, 0.0, 0.0, 0.0, 0.9757478114592357, 0.9756169403793536, 0.0, 0.0, 0.0, 0.0, 0.0, 0.0, 0.0, 0.0, 0.0, 0.0], [0.0, 0.0, 1.0083692847201973, 0.0, 1.0085061569625569, 0.0, 0.0, 0.0, 0.0, 0.0, 0.0, 0.0, 0.9752650595667649, 0.976912071069163, 0.0, 0.0, 0.0, 0.0, 0.0, 0.0, 0.0, 0.0], [0.0, 0.0, 0.0, 1.0085061569625569, 0.0, 1.0085129096086483, 0.0, 0.0, 0.0, 0.0, 0.0, 0.0, 0.0, 0.0, 0.9756857760852816, 0.9779872170196224, 0.0, 0.0, 0.0, 0.0, 0.0, 0.0], [0.0, 0.0, 0.0, 0.0, 1.0085129096086483, 0.0, 1.0056985247170187, 0.0, 0.0, 0.0, 0.0, 0.0, 0.0, 0.0, 0.0, 0.0, 0.9786347574907391, 0.97628209028404, 0.0, 0.0, 0.0, 0.0], [0.0, 0.0, 0.0, 0.0, 0.0, 1.0056985247170187, 0.0, 1.0050643203037584, 0.0, 0.0, 0.0, 0.0, 0.0, 0.0, 0.0, 0.0, 0.0, 0.0, 0.9795393058291191, 0.9797230735169375, 0.0, 0.0], [0.0, 0.9870877136704898, 0.0, 0.0, 0.0, 0.0, 1.0050643203037584, 0.0, 0.0, 0.0, 0.0, 0.0, 0.0, 0.0, 0.0, 0.0, 0.0, 0.0, 0.0, 0.0, 0.97764454647817, 0.9760443169510542], [0.9048153712652953, 0.0, 0.0, 0.0, 0.0, 0.0, 0.0, 0.0, 0.0, 0.0, 0.0, 0.0, 0.0, 0.0, 0.0, 0.0, 0.0, 0.0, 0.0, 0.0, 0.0, 0.0], [0.0, 0.9636497511465052, 0.0, 0.0, 0.0, 0.0, 0.0, 0.0, 0.0, 0.0, 0.0, 0.0, 0.0, 0.0, 0.0, 0.0, 0.0, 0.0, 0.0, 0.0, 0.0, 0.0], [0.0, 0.0, 0.9757478114592357, 0.0, 0.0, 0.0, 0.0, 0.0, 0.0, 0.0, 0.0, 0.0, 0.0, 0.0, 0.0, 0.0, 0.0, 0.0, 0.0, 0.0, 0.0, 0.0], [0.0, 0.0, 0.9756169403793536, 0.0, 0.0, 0.0, 0.0, 0.0, 0.0, 0.0, 0.0, 0.0, 0.0, 0.0, 0.0, 0.0, 0.0, 0.0, 0.0, 0.0, 0.0, 0.0], [0.0, 0.0, 0.0, 0.9752650595667649, 0.0, 0.0, 0.0, 0.0, 0.0, 0.0, 0.0, 0.0, 0.0, 0.0, 0.0, 0.0, 0.0, 0.0, 0.0, 0.0, 0.0, 0.0], [0.0, 0.0, 0.0, 0.976912071069163, 0.0, 0.0, 0.0, 0.0, 0.0, 0.0, 0.0, 0.0, 0.0, 0.0, 0.0, 0.0, 0.0, 0.0, 0.0, 0.0, 0.0, 0.0], [0.0, 0.0, 0.0, 0.0, 0.9756857760852816, 0.0, 0.0, 0.0, 0.0, 0.0, 0.0, 0.0, 0.0, 0.0, 0.0, 0.0, 0.0, 0.0, 0.0, 0.0, 0.0, 0.0], [0.0, 0.0, 0.0, 0.0, 0.9779872170196224, 0.0, 0.0, 0.0, 0.0, 0.0, 0.0, 0.0, 0.0, 0.0, 0.0, 0.0, 0.0, 0.0, 0.0, 0.0, 0.0, 0.0], [0.0, 0.0, 0.0, 0.0, 0.0, 0.9786347574907391, 0.0, 0.0, 0.0, 0.0, 0.0, 0.0, 0.0, 0.0, 0.0, 0.0, 0.0, 0.0, 0.0, 0.0, 0.0, 0.0], [0.0, 0.0, 0.0, 0.0, 0.0, 0.97628209028404, 0.0, 0.0, 0.0, 0.0, 0.0, 0.0, 0.0, 0.0, 0.0, 0.0, 0.0, 0.0, 0.0, 0.0, 0.0, 0.0], [0.0, 0.0, 0.0, 0.0, 0.0, 0.0, 0.9795393058291191, 0.0, 0.0, 0.0, 0.0, 0.0, 0.0, 0.0, 0.0, 0.0, 0.0, 0.0, 0.0, 0.0, 0.0, 0.0], [0.0, 0.0, 0.0, 0.0, 0.0, 0.0, 0.9797230735169375, 0.0, 0.0, 0.0, 0.0, 0.0, 0.0, 0.0, 0.0, 0.0, 0.0, 0.0, 0.0, 0.0, 0.0, 0.0], [0.0, 0.0, 0.0, 0.0, 0.0, 0.0, 0.0, 0.97764454647817, 0.0, 0.0, 0.0, 0.0, 0.0, 0.0, 0.0, 0.0, 0.0, 0.0, 0.0, 0.0, 0.0, 0.0], [0.0, 0.0, 0.0, 0.0, 0.0, 0.0, 0.0, 0.9760443169510542, 0.0, 0.0, 0.0, 0.0, 0.0, 0.0, 0.0, 0.0, 0.0, 0.0, 0.0, 0.0, 0.0, 0.0]], "Born radii": [], "Atomic SASAs": [], "Solvent H bonds": [], "Total SASA": NaN, "Total FOD": 0.0, "FOD": [0.0, 0.0, 0.0, 0.0, 0.0, 0.0, 0.0, 0.0, 0.0, 0.0, 0.0, 0.0, 0.0, 0.0, 0.0, 0.0, 0.0, 0.0, 0.0, 0.0, 0.0, 0.0], "FOD s proportion": [0.0, 0.0, 0.0, 0.0, 0.0, 0.0, 0.0, 0.0, 0.0, 0.0, 0.0, 0.0, 0.0, 0.0, 0.0, 0.0, 0.0, 0.0, 0.0, 0.0, 0.0, 0.0], "FOD p proportion": [0.0, 0.0, 0.0, 0.0, 0.0, 0.0, 0.0, 0.0, 0.0, 0.0, 0.0, 0.0, 0.0, 0.0, 0.0, 0.0, 0.0, 0.0, 0.0, 0.0, 0.0, 0.0], "FOD d proportion": [0.0, 0.0, 0.0, 0.0, 0.0, 0.0, 0.0, 0.0, 0.0, 0.0, 0.0, 0.0, 0.0, 0.0, 0.0, 0.0, 0.0, 0.0, 0.0, 0.0, 0.0, 0.0], "coordinates": [["1.56260", "-0.44130", "1.32780"], ["1.38560", "-0.62590", "-0.06990"], ["0.28620", "-1.65570", "-0.33440"], ["-1.08060", "-1.35870", "0.27630"], ["-1.69520", "-0.02160", "-0.13200"], ["-1.04080", "1.16550", "0.56520"], ["0.22280", "1.70440", "-0.09860"], ["1.14690", "0.70250", "-0.78730"], ["2.28060", "0.20310", "1.44960"], ["2.31990", "-1.05210", "-0.45650"], ["0.17470", "-1.79930", "-1.41650"], ["0.61610", "-2.62020", "0.07340"], ["-1.02040", "-1.42390", "1.36970"], ["-1.76460", "-2.15850", "-0.03520"], ["-1.68680", "0.10190", "-1.22090"], ["-2.75030", "-0.04330", "0.16970"], ["-1.76580", "1.98850", "0.61170"], ["-0.82510", "0.90930", "1.60990"], ["-0.06700", "2.45420", "-0.84640"], ["0.79350", "2.25730", "0.65890"], ["2.11710", "1.20350", "-0.90730"], ["0.79030", "0.51040", "-1.80700"]], "bond_dist": [[0.0, 1.4209051516550992, 2.422162909467487, 2.9889431660705763, 3.594499265544507, 3.1529441098757203, 2.904084966043521, 2.4402321487924055, 0.9724251127978958, 2.0323155316042834, 3.361787158640475, 2.6864450152571524, 2.7639007525596866, 3.9845708275798035, 4.1652776966248, 4.483381092434593, 4.182699344920694, 2.7576823711225336, 3.9707256326772313, 2.884680914763364, 2.829930970889573, 3.365880452422516], [1.4209051516550992, 0.0, 1.5294210179018723, 2.595956995021296, 3.140121580448757, 3.082188010164208, 2.6044626355545972, 1.5284917435171181, 1.9486267600543723, 1.0972795860672886, 2.157887376579232, 2.14240463731761, 2.9151480511287926, 3.5034021878739527, 3.3606748727004225, 4.1835988968829225, 4.151022510177462, 3.1726584389120744, 3.4928519894206795, 3.0322556109272845, 2.14080250607103, 2.1594157056944825], [2.422162909467487, 1.5294210179018723, 0.0, 1.5262063196042663, 2.5762753210788634, 3.244900399087775, 3.3689602565183225, 2.550888108090984, 3.2581321029080454, 2.124894599739008, 1.0972664307268314, 1.0979048683743051, 2.1598360146085165, 2.132629625603095, 2.7870717626211206, 3.474806875209038, 4.287890256291548, 3.4050719786812143, 4.156702088194438, 4.068853300378375, 3.4431720636645506, 2.667331396733447], [2.9889431660705763, 2.595956995021296, 1.5262063196042663, 0.0, 1.5271799042679943, 2.5409905332369895, 3.349922861798462, 3.2158275218052355, 3.8876107791290013, 3.4920480595203727, 2.1530160914400986, 2.1239918902858363, 1.0969952780208307, 1.0975282638729629, 2.1777140859166986, 2.1282713196394862, 3.433036562578383, 2.6434056083015336, 4.101956442967185, 4.090732155739361, 4.265098250919901, 3.3665918240855985], [3.594499265544507, 3.140121580448757, 2.5762753210788634, 1.5271799042679943, 0.0, 1.524314144131714, 2.5804874655769985, 3.0052073655573257, 4.284732697613704, 4.157915163877204, 2.8821317717967028, 3.4838224423756157, 2.162614903305718, 2.140216860507365, 1.0959133268648578, 1.09760183582208, 2.1444290755350246, 2.1582086159590785, 3.0481122420278424, 3.4659105167329405, 4.078675200356116, 3.044069521216623], [3.1529441098757203, 3.082188010164208, 3.244900399087775, 2.5409905332369895, 1.524314144131714, 0.0, 1.5256895523008602, 2.613361157589972, 3.5693241769276156, 4.1540251732506395, 3.7675740443951464, 4.161575343544798, 2.7115731172144333, 3.4544670500672026, 2.1768587850386623, 2.1307294384787574, 1.097777869152043, 1.0970701983009112, 2.145145377357908, 2.136694507878934, 3.4845419584215085, 3.0674771490591413], [2.904084966043521, 2.6044626355545972, 3.3689602565183225, 3.349922861798462, 2.5804874655769985, 1.5256895523008602, 0.0, 1.5271123436080267, 2.9808330664430036, 3.4819840708998084, 3.743673023916485, 4.345852511303162, 3.672562051211661, 4.344625959734624, 2.7338865558029286, 3.4591565142386953, 2.130673334887354, 2.1562121115511803, 1.097902053919201, 1.0978174483947685, 2.1197332355747034, 2.1601673106498023], [2.4402321487924055, 1.5284917435171181, 2.550888108090984, 3.2158275218052355, 3.0052073655573257, 2.613361157589972, 1.5271123436080267, 0.0, 2.5570290690565094, 2.13634706918141, 2.756822214071847, 3.47316691507909, 3.7244348900202295, 4.150639427847233, 2.9289221584057166, 4.081695049853676, 3.4777605279834893, 3.110967386521434, 2.132017567938876, 2.1526237571856353, 1.0984939872388926, 1.0972028344841256], [0.9724251127978958, 1.9486267600543723, 3.2581321029080454, 3.8876107791290013, 4.284732697613704, 3.5693241769276156, 2.9808330664430036, 2.5570290690565094, 0.0, 2.2826056908717285, 4.081537673475525, 3.554646196177617, 3.681047949972942, 4.913799816842359, 4.783521135105395, 5.197000267461991, 4.501453379743036, 3.1890103511904755, 3.98124264143747, 2.65639050969544, 2.5656402748631773, 3.5945613000754344], [2.0323155316042834, 1.0972795860672886, 2.124894599739008, 3.4920480595203727, 4.157915163877204, 4.1540251732506395, 3.4819840708998084, 2.13634706918141, 2.2826056908717285, 0.0, 2.4661287233232576, 2.3754296579776892, 3.8250288587146635, 4.2526174175441644, 4.239064548930578, 5.207372842422559, 5.203772102042902, 4.243597992270239, 4.259513271490066, 3.8113176829018074, 2.309129671542939, 2.5700063540777482], [3.361787158640475, 2.157887376579232, 1.0972664307268314, 2.1530160914400986, 2.8821317717967028, 3.7675740443951464, 3.743673023916485, 2.756822214071847, 4.081537673475525, 2.4661287233232576, 0.0, 1.757416507262863, 3.054848541253723, 2.40788264248904, 2.6679585922573836, 3.7623385599916443, 4.714505735493383, 4.1827276937424465, 4.298336323509364, 4.5984999902142, 3.612341379216532, 2.4220172790465386], [2.6864450152571524, 2.14240463731761, 1.0979048683743051, 2.1239918902858363, 3.4838224423756157, 4.161575343544798, 4.345852511303162, 3.47316691507909, 3.554646196177617, 2.3754296579776892, 1.757416507262863, 0.0, 2.4061711555913887, 2.4274870421899273, 3.793203040966829, 4.24055848444518, 5.21568118178249, 4.11038440294822, 5.202133505591721, 4.915718386970514, 4.223204373458619, 3.6560779750984524], [2.7639007525596866, 2.9151480511287926, 2.1598360146085165, 1.0969952780208307, 2.162614903305718, 2.7115731172144333, 3.672562051211661, 3.7244348900202295, 3.681047949972942, 3.8250288587146635, 3.054848541253723, 2.4061711555913887, 0.0, 1.7513465704993971, 3.0795069345594923, 2.5176597009921737, 3.574165485816234, 2.3536483106020745, 4.567245382065649, 4.1649373692769975, 4.683147019900186, 4.136613816879695], [3.9845708275798035, 3.5034021878739527, 2.132629625603095, 1.0975282638729629, 2.140216860507365, 3.4544670500672026, 4.344625959734624, 4.150639427847233, 4.913799816842359, 4.2526174175441644, 2.40788264248904, 2.4274870421899273, 1.7513465704993971, 0.0, 2.5536925206453502, 2.3425754075376104, 4.197152612188411, 3.605608284325961, 4.981655597288918, 5.150236893580722, 5.208761589859916, 4.097537853394401], [4.1652776966248, 3.3606748727004225, 2.7870717626211206, 2.1777140859166986, 1.0959133268648578, 2.1768587850386623, 2.7338865558029286, 2.9289221584057166, 4.783521135105395, 4.239064548930578, 2.6679585922573836, 3.793203040966829, 3.0795069345594923, 2.5536925206453502, 0.0, 1.7566683380763712, 2.6313348931673444, 3.067221917305626, 2.880506479770528, 3.7856684072961277, 3.972596472082208, 2.5780632013199365], [4.483381092434593, 4.1835988968829225, 3.474806875209038, 2.1282713196394862, 1.09760183582208, 2.1307294384787574, 3.4591565142386953, 4.081695049853676, 5.197000267461991, 5.207372842422559, 3.7623385599916443, 4.24055848444518, 2.5176597009921737, 2.3425754075376104, 1.7566683380763712, 0.0, 2.300611981625759, 2.5861202292236922, 3.803953778636118, 4.253304061550267, 5.138679013131682, 4.092648890388718], [4.182699344920694, 4.151022510177462, 4.287890256291548, 3.433036562578383, 2.1444290755350246, 1.097777869152043, 2.130673334887354, 3.4777605279834893, 4.501453379743036, 5.203772102042902, 4.714505735493383, 5.21568118178249, 3.574165485816234, 4.197152612188411, 2.6313348931673444, 2.300611981625759, 0.0, 1.7452771613700788, 2.286668655489903, 2.573809971617951, 4.242699424894486, 3.816875228508262], [2.7576823711225336, 3.1726584389120744, 3.4050719786812143, 2.6434056083015336, 2.1582086159590785, 1.0970701983009112, 2.1562121115511803, 3.110967386521434, 3.1890103511904755, 4.243597992270239, 4.1827276937424465, 4.11038440294822, 2.3536483106020745, 3.605608284325961, 3.067221917305626, 2.5861202292236922, 1.7452771613700788, 0.0, 2.9991400950939258, 2.3111406188287202, 3.883219066702264, 3.800505753186015], [3.9707256326772313, 3.4928519894206795, 4.156702088194438, 4.101956442967185, 3.0481122420278424, 2.145145377357908, 1.097902053919201, 2.132017567938876, 3.98124264143747, 4.259513271490066, 4.298336323509364, 5.202133505591721, 4.567245382065649, 4.981655597288918, 2.880506479770528, 3.803953778636118, 2.286668655489903, 2.9991400950939258, 0.0, 1.7450380941400678, 2.5175885505777154, 2.33153899602816], [2.884680914763364, 3.0322556109272845, 4.068853300378375, 4.090732155739361, 3.4659105167329405, 2.136694507878934, 1.0978174483947685, 2.1526237571856353, 2.65639050969544, 3.8113176829018074, 4.5984999902142, 4.915718386970514, 4.1649373692769975, 5.150236893580722, 3.7856684072961277, 4.253304061550267, 2.573809971617951, 2.3111406188287202, 1.7450380941400678, 0.0, 2.3055137908934746, 3.02197496018746], [2.829930970889573, 2.14080250607103, 3.4431720636645506, 4.265098250919901, 4.078675200356116, 3.4845419584215085, 2.1197332355747034, 1.0984939872388926, 2.5656402748631773, 2.309129671542939, 3.612341379216532, 4.223204373458619, 4.683147019900186, 5.208761589859916, 3.972596472082208, 5.138679013131682, 4.242699424894486, 3.883219066702264, 2.5175885505777154, 2.3055137908934746, 0.0, 1.746495330655081], [3.365880452422516, 2.1594157056944825, 2.667331396733447, 3.3665918240855985, 3.044069521216623, 3.0674771490591413, 2.1601673106498023, 1.0972028344841256, 3.5945613000754344, 2.5700063540777482, 2.4220172790465386, 3.6560779750984524, 4.136613816879695, 4.097537853394401, 2.5780632013199365, 4.092648890388718, 3.816875228508262, 3.800505753186015, 2.33153899602816, 3.02197496018746, 1.746495330655081, 0.0]]}