{"total energy": -50.37926168, "HOMO-LUMO gap/eV": 2.94909999, "electronic energy": -50.92004742, "dipole": [-0.57174518, -1.17121592, -1.23160283], "partial charges": [0.04035723, -0.26947773, 0.51419165, -0.39699009, -0.28147065, 0.04304873, -0.24201745, 0.14900683, -0.05752931, -0.03196301, 0.03699246, -0.19074899, -0.0447617, 0.02094805, -0.10673159, -0.06021396, 0.05729592, 0.06164709, 0.07010466, 0.06626416, 0.06910705, 0.055601, 0.05971794, 0.05856625, 0.05853656, 0.04808141, 0.04560975, 0.06460206, 0.06053098, 0.04539666, 0.05629803], "atomic dipole moments": [[0.08339427, 0.23598132, 0.15811095], [0.09644546, -0.0940693, -0.15148438], [-0.05138812, -0.20034093, -0.23039971], [-0.12212179, -0.36831865, -0.2718163], [-0.12918556, 0.09544063, 0.1125833], [0.18031776, -0.21837796, 0.084393], [0.06312902, 0.12382216, -0.03731479], [-0.3297533, 0.02106068, 0.08446978], [-0.03110029, -0.03513677, 0.02115567], [-0.02349931, -0.00829431, 0.01059015], [0.12398498, -0.01170459, -0.03414254], [-0.16484825, 0.1835413, 0.33711073], [-0.05165976, -0.06381066, -0.10607667], [0.0213503, -0.05488716, 0.00521135], [-0.04041257, 0.08393891, -0.01266612], [-0.02574895, 0.05293609, -0.00893251], [0.02682476, 0.03370251, -0.11626517], [0.07091161, -0.09320631, 0.04550156], [-0.12191572, -0.02800429, 0.01019533], [0.0538494, 0.10660414, 0.03930493], [-0.0183133, 0.00497452, -0.12371364], [-0.10638313, -0.03033099, 0.05860208], [-0.06392943, 0.13971516, -0.02811958], [0.06658607, 0.12517726, -0.05727655], [0.12944762, 0.00787074, -0.00922505], [-0.04705882, 0.12026125, 0.00633601], [-0.02912316, -0.06700395, 0.10684983], [0.04427428, -0.04806059, -0.11721522], [0.09580817, 0.01127901, 0.09095891], [-0.0750452, -0.09302959, 0.0456942], [-0.0728571, -0.12454275, 0.05571506]], "atomic quadrupole moments": [[-0.21400233, 0.18547198, 0.24680856, 0.11114445, 0.38073909, -0.03280623], [-0.01364776, 0.07149686, 0.03829551, -0.01534152, 0.088087, -0.02464775], [0.49569618, -0.31595953, -0.07627611, -0.03172461, -0.66764863, -0.41942007], [-0.29710422, 0.15254658, 0.14905563, 0.1337342, 0.51341134, 0.1480486], [-0.02436918, -0.09977563, 0.00796481, 0.01150382, -0.05506807, 0.01640438], [0.04697566, -0.40702415, 0.16044724, 0.1413611, -0.16921994, -0.20742291], [0.07249688, -0.04705948, 0.00562375, -0.03013022, 0.00617863, -0.07812062], [0.23601775, 0.01815464, -0.4504344, 0.00532986, 0.21671781, 0.21441666], [-0.17821903, 0.0542707, -0.1945336, 0.1490068, 0.1940816, 0.37275263], [-0.17920661, 0.05530142, -0.23823028, 0.16972199, 0.22002782, 0.41743689], [0.0935426, 0.02757235, -0.35910212, 0.04272804, 0.20535326, 0.26555953], [0.36585373, 0.16091499, -0.39740459, 0.04872733, 0.3600946, 0.03155086], [-0.10376966, 0.10472725, -0.07885433, 0.17272721, 0.23270857, 0.18262399], [-0.2258722, -0.06268865, -0.12525753, 0.19536616, 0.18364352, 0.35112972], [0.01205019, -0.11940549, 0.11831077, -0.00154022, -0.04452074, -0.13036097], [-0.19591095, -0.00191932, -0.15431838, 0.1694358, 0.17337778, 0.35022933], [-0.04637355, 0.02728514, -0.00710783, -0.01541631, -0.00500538, 0.05348138], [-0.01051281, -0.02922025, 0.03776878, 0.03856775, -0.00229769, -0.02725597], [0.0711793, 0.01651879, -0.03013967, -0.02048891, 0.01500547, -0.04103964], [-0.00977757, 0.01460976, 0.04818818, 0.03226581, 0.01924146, -0.03841062], [-0.0434618, -0.01771997, -0.03253959, 0.00896924, 0.00704735, 0.0760014], [0.04177752, -0.00647577, -0.01758986, -0.03156047, -0.03190366, -0.02418766], [0.04536129, -0.01093046, 0.00339894, -0.02219064, -0.01542977, -0.04876023], [0.0379189, -0.0154613, 0.01934318, -0.02277373, -0.0227111, -0.05726208], [0.08205873, 0.00906199, -0.04805003, -0.00931041, 0.01144794, -0.0340087], [-0.03312506, -0.0438067, 0.04972219, 0.01498519, 0.0147228, -0.01659713], [-0.04609347, 0.02972696, -4.466e-05, -0.01643762, -0.03144277, 0.04613813], [-0.03127085, -0.01050452, -0.02050001, -0.04605743, 0.01606641, 0.05177087], [0.02701834, 0.02177443, -0.02177282, 0.06063854, 0.0101567, -0.00524552], [0.02781597, 0.0446049, 0.01185095, -0.03429887, -0.03117188, -0.03966692], [0.02575628, -0.00494766, 0.02160877, -0.02106588, -0.02229891, -0.04736505]], "number of molecular orbitals": 94, "number of electrons": 90, "number of unpaired electrons": 0, "orbital energies/eV": [-20.75822005, -20.33002359, -20.091672, -19.3432824, -19.12875874, -18.57623732, -18.27624994, -18.07836164, -17.82843565, -17.47874038, -17.0200537, -16.86490164, -16.70662102, -16.47175804, -16.32466182, -16.10978664, -15.97709596, -15.65812033, -15.60486292, -15.46771988, -15.18037596, -15.10932397, -15.0992441, -14.32281427, -14.08523101, -13.88296914, -13.79191747, -13.66099729, -13.58067393, -13.43226416, -13.38305965, -13.27882744, -13.12884249, -13.09598534, -12.77154142, -12.63573518, -12.60085744, -12.42059603, -12.13439281, -11.96685389, -11.35646028, -11.11688816, -10.02223373, -9.9598988, -9.82026525, -6.87116525, -6.70157882, -5.29435243, -4.77708903, -4.09805248, -3.91332091, -3.51029973, -3.13604944, -1.3721554, -0.07954481, 0.31696974, 0.37486723, 0.76971596, 0.90275074, 1.00207126, 1.36658913, 1.78537126, 2.25025496, 2.92128559, 3.05782001, 3.21662386, 3.32612184, 3.36458813, 3.8430368, 3.92259547, 4.11129557, 4.37519376, 4.71482678, 4.86288791, 4.95559219, 5.08592607, 5.31244244, 5.55192378, 5.80952982, 5.97360524, 6.17410244, 6.26799307, 8.52871761, 9.76961589, 10.2002102, 10.81553737, 11.44660482, 11.5615196, 12.92307936, 15.8747869, 16.65414612, 27.58329586, 29.34444065, 35.38682364], "fractional occupation": [2.0, 2.0, 2.0, 2.0, 2.0, 2.0, 2.0, 2.0, 2.0, 2.0, 2.0, 2.0, 2.0, 2.0, 2.0, 2.0, 2.0, 2.0, 2.0, 2.0, 2.0, 2.0, 2.0, 2.0, 2.0, 2.0, 2.0, 2.0, 2.0, 2.0, 2.0, 2.0, 2.0, 2.0, 2.0, 2.0, 2.0, 2.0, 2.0, 2.0, 2.0, 2.0, 2.0, 2.0, 2.0, 0.0, 0.0, 0.0, 0.0, 0.0, 0.0, 0.0, 0.0, 0.0, 0.0, 0.0, 0.0, 0.0, 0.0, 0.0, 0.0, 0.0, 0.0, 0.0, 0.0, 0.0, 0.0, 0.0, 0.0, 0.0, 0.0, 0.0, 0.0, 0.0, 0.0, 0.0, 0.0, 0.0, 0.0, 0.0, 0.0, 0.0, 0.0, 0.0, 0.0, 0.0, 0.0, 0.0, 0.0, 0.0, 0.0, 0.0, 0.0, 0.0], "program call": "xtb /home/svss/Project-DBcg-Debug/aqme2_20220329/End-to-End-workflows-final/example-3/QDESCP/mol_230_rdkit_conf_9/mol_230_rdkit_conf_9.xyz --pop --wbo --acc 0.2 --gfn 2 --chrg 0 --uhf 0 --etemp 300 --input /home/svss/Project-DBcg-Debug/aqme2_20220329/End-to-End-workflows-final/example-3/QDESCP/mol_230_rdkit_conf_9/mol_230_rdkit_conf_9_xtb.inp", "method": "GFN2-xTB", "xtb version": "6.3.3 (7355c4f)", "Dipole module/D": 4.558, "Total charge": 0, "Transition dipole module/D": NaN, "HOMO": -9.8203, "LUMO": -6.8712, "HOMO occupancy": 2.0, "LUMO occupancy": 0, "mulliken charges": [0.18036, -0.36068, 0.44437, -0.18338, -0.37315, 0.17781, -0.3289, 0.26156, -0.07284, -0.03378, 0.03441, -0.12623, -0.01672, 0.0101, -0.08242, -0.08098, 0.03594, 0.03799, 0.02981, 0.03169, 0.03323, 0.03731, 0.05439, 0.03671, 0.03677, 0.02739, 0.02723, 0.04125, 0.03985, 0.03326, 0.04764], "cm5 charges": [0.06549, -0.42586, 0.40499, -0.15207, -0.44223, 0.06242, -0.37495, 0.28382, -0.12151, -0.08466, 0.04027, -0.16886, -0.14789, -0.0029, -0.2246, -0.12832, 0.10093, 0.10105, 0.08937, 0.0925, 0.09275, 0.10108, 0.11796, 0.09365, 0.08896, 0.08014, 0.07995, 0.09369, 0.09237, 0.08518, 0.1073], "FUKUI+": [0.012, -0.013, -0.068, -0.08, 0.01, 0.013, -0.014, -0.068, -0.019, -0.029, -0.037, -0.19, 0.022, -0.037, 0.025, -0.025, -0.009, -0.006, -0.026, -0.009, -0.02, -0.014, -0.058, -0.06, -0.053, -0.037, -0.038, -0.036, -0.035, -0.039, -0.062], "FUKUI-": [0.015, -0.0, -0.116, -0.274, 0.003, 0.018, -0.001, -0.006, -0.003, -0.005, 0.025, -0.335, 0.051, -0.014, 0.018, -0.01, -0.012, -0.013, -0.028, -0.008, -0.028, -0.014, -0.016, -0.019, -0.042, -0.047, -0.047, -0.018, -0.014, -0.028, -0.031], "FUKUIrad": [0.013, -0.007, -0.092, -0.177, 0.006, 0.015, -0.007, -0.037, -0.011, -0.017, -0.006, -0.262, 0.037, -0.025, 0.021, -0.017, -0.011, -0.009, -0.027, -0.009, -0.024, -0.014, -0.037, -0.039, -0.047, -0.042, -0.043, -0.027, -0.025, -0.033, -0.047], "s proportion": [0.972, 1.647, 1.431, 1.889, 1.647, 0.973, 1.638, 1.015, 1.062, 1.069, 1.09, 1.926, 1.012, 1.092, 1.007, 1.064, 0.964, 0.962, 0.97, 0.968, 0.967, 0.963, 0.946, 0.963, 0.963, 0.973, 0.973, 0.959, 0.96, 0.967, 0.952], "p proportion": [2.848, 4.714, 1.931, 4.308, 4.726, 2.85, 4.691, 2.724, 3.011, 2.965, 2.875, 4.196, 3.005, 2.898, 3.075, 3.017, 0.0, 0.0, 0.0, 0.0, 0.0, 0.0, 0.0, 0.0, 0.0, 0.0, 0.0, 0.0, 0.0, 0.0, 0.0], "d proportion": [0.0, 0.0, 1.194, -0.014, 0.0, 0.0, 0.0, 0.0, 0.0, 0.0, 0.0, 0.004, 0.0, 0.0, 0.0, 0.0, 0.0, 0.0, 0.0, 0.0, 0.0, 0.0, 0.0, 0.0, 0.0, 0.0, 0.0, 0.0, 0.0, 0.0, 0.0], "Fermi-level/eV": -8.3457, "Coordination numbers": [3.862, 1.657, 4.027, 0.924, 1.657, 3.874, 1.663, 3.023, 2.913, 2.952, 2.956, 2.004, 3.742, 2.98, 3.754, 2.918, 0.924, 0.924, 0.924, 0.924, 0.924, 0.924, 0.925, 0.925, 0.924, 0.924, 0.924, 0.924, 0.924, 0.924, 0.925], "Dispersion coefficient C6": [19.857, 18.484, 139.369, 156.481, 18.688, 19.807, 18.024, 24.743, 29.429, 28.796, 27.17, 149.154, 21.451, 27.534, 22.598, 29.497, 2.231, 2.18, 2.084, 2.127, 2.095, 2.251, 2.202, 2.216, 2.216, 2.344, 2.376, 2.146, 2.193, 2.378, 2.243], "Total dispersion C6": 14698.754196, "Total dispersion C8": 438934.884877, "Polarizability alpha": [6.337, 5.804, 21.207, 21.158, 5.836, 6.328, 5.731, 8.159, 8.896, 8.801, 8.55, 20.555, 6.608, 8.607, 6.779, 8.906, 2.336, 2.309, 2.258, 2.281, 2.264, 2.346, 2.321, 2.328, 2.328, 2.394, 2.41, 2.291, 2.316, 2.412, 2.342], "Total polarizability alpha": 193.19704, "Wiberg matrix": [[0.0, 0.9383922102354456, 0.0, 0.0, 0.0, 0.0, 0.0, 0.0, 0.0, 0.0, 0.0, 0.0, 0.0, 0.0, 0.0, 0.0, 0.9769073054472414, 0.9802165506137352, 0.9770451499775711, 0.0, 0.0, 0.0, 0.0, 0.0, 0.0, 0.0, 0.0, 0.0, 0.0, 0.0, 0.0], [0.9383922102354456, 0.0, 1.2198715111012823, 0.0, 0.0, 0.0, 0.0, 0.0, 0.0, 0.0, 0.0, 0.0, 0.0, 0.0, 0.0, 0.0, 0.0, 0.0, 0.0, 0.0, 0.0, 0.0, 0.0, 0.0, 0.0, 0.0, 0.0, 0.0, 0.0, 0.0, 0.0], [0.0, 1.2198715111012823, 0.0, 1.5978426319314982, 1.1866475382624722, 0.0, 1.211018664723218, 0.0, 0.0, 0.0, 0.0, 0.0, 0.0, 0.0, 0.0, 0.0, 0.0, 0.0, 0.0, 0.0, 0.0, 0.0, 0.0, 0.0, 0.0, 0.0, 0.0, 0.0, 0.0, 0.0, 0.0], [0.0, 0.0, 1.5978426319314982, 0.0, 0.0, 0.0, 0.0, 0.0, 0.0, 0.0, 0.0, 0.0, 0.0, 0.0, 0.0, 0.0, 0.0, 0.0, 0.0, 0.0, 0.0, 0.0, 0.0, 0.0, 0.0, 0.0, 0.0, 0.0, 0.0, 0.0, 0.0], [0.0, 0.0, 1.1866475382624722, 0.0, 0.0, 0.9430548427972274, 0.0, 0.0, 0.0, 0.0, 0.0, 0.0, 0.0, 0.0, 0.0, 0.0, 0.0, 0.0, 0.0, 0.0, 0.0, 0.0, 0.0, 0.0, 0.0, 0.0, 0.0, 0.0, 0.0, 0.0, 0.0], [0.0, 0.0, 0.0, 0.0, 0.9430548427972274, 0.0, 0.0, 0.0, 0.0, 0.0, 0.0, 0.0, 0.0, 0.0, 0.0, 0.0, 0.0, 0.0, 0.0, 0.9792053733867568, 0.9772757533024423, 0.9779995666877932, 0.0, 0.0, 0.0, 0.0, 0.0, 0.0, 0.0, 0.0, 0.0], [0.0, 0.0, 1.211018664723218, 0.0, 0.0, 0.0, 0.0, 0.9730799274252402, 0.0, 0.0, 0.0, 0.0, 0.0, 0.0, 0.0, 0.0, 0.0, 0.0, 0.0, 0.0, 0.0, 0.0, 0.0, 0.0, 0.0, 0.0, 0.0, 0.0, 0.0, 0.0, 0.0], [0.0, 0.0, 0.0, 0.0, 0.0, 0.0, 0.9730799274252402, 0.0, 1.3878658738290206, 0.0, 0.0, 0.0, 0.0, 0.0, 0.0, 1.3762389339478207, 0.0, 0.0, 0.0, 0.0, 0.0, 0.0, 0.0, 0.0, 0.0, 0.0, 0.0, 0.0, 0.0, 0.0, 0.0], [0.0, 0.0, 0.0, 0.0, 0.0, 0.0, 0.0, 1.3878658738290206, 0.0, 1.434905111204074, 0.0, 0.0, 0.0, 0.10089735851521443, 0.0, 0.0, 0.0, 0.0, 0.0, 0.0, 0.0, 0.0, 0.9540785608589201, 0.0, 0.0, 0.0, 0.0, 0.0, 0.0, 0.0, 0.0], [0.0, 0.0, 0.0, 0.0, 0.0, 0.0, 0.0, 0.0, 1.434905111204074, 0.0, 1.4187085147551748, 0.0, 0.0, 0.0, 0.0, 0.10722065689253615, 0.0, 0.0, 0.0, 0.0, 0.0, 0.0, 0.0, 0.9679148922808483, 0.0, 0.0, 0.0, 0.0, 0.0, 0.0, 0.0], [0.0, 0.0, 0.0, 0.0, 0.0, 0.0, 0.0, 0.0, 0.0, 1.4187085147551748, 0.0, 0.9956558160516304, 0.0, 1.3752605019512558, 0.0, 0.0, 0.0, 0.0, 0.0, 0.0, 0.0, 0.0, 0.0, 0.0, 0.0, 0.0, 0.0, 0.0, 0.0, 0.0, 0.0], [0.0, 0.0, 0.0, 0.0, 0.0, 0.0, 0.0, 0.0, 0.0, 0.0, 0.9956558160516304, 0.0, 0.9954521157234414, 0.0, 0.0, 0.0, 0.0, 0.0, 0.0, 0.0, 0.0, 0.0, 0.0, 0.0, 0.0, 0.0, 0.0, 0.0, 0.0, 0.0, 0.0], [0.0, 0.0, 0.0, 0.0, 0.0, 0.0, 0.0, 0.0, 0.0, 0.0, 0.0, 0.9954521157234414, 0.0, 0.0, 0.0, 0.0, 0.0, 0.0, 0.0, 0.0, 0.0, 0.0, 0.0, 0.0, 0.9804555053001378, 0.9844545365717311, 0.9856559041708978, 0.0, 0.0, 0.0, 0.0], [0.0, 0.0, 0.0, 0.0, 0.0, 0.0, 0.0, 0.0, 0.10089735851521443, 0.0, 1.3752605019512558, 0.0, 0.0, 0.0, 1.0304559333613714, 1.413689550206327, 0.0, 0.0, 0.0, 0.0, 0.0, 0.0, 0.0, 0.0, 0.0, 0.0, 0.0, 0.0, 0.0, 0.0, 0.0], [0.0, 0.0, 0.0, 0.0, 0.0, 0.0, 0.0, 0.0, 0.0, 0.0, 0.0, 0.0, 0.0, 1.0304559333613714, 0.0, 0.0, 0.0, 0.0, 0.0, 0.0, 0.0, 0.0, 0.0, 0.0, 0.0, 0.0, 0.0, 0.968368388307603, 0.9683232363391636, 0.9843232954298644, 0.0], [0.0, 0.0, 0.0, 0.0, 0.0, 0.0, 0.0, 1.3762389339478207, 0.0, 0.10722065689253615, 0.0, 0.0, 0.0, 1.413689550206327, 0.0, 0.0, 0.0, 0.0, 0.0, 0.0, 0.0, 0.0, 0.0, 0.0, 0.0, 0.0, 0.0, 0.0, 0.0, 0.0, 0.964140929961907], [0.9769073054472414, 0.0, 0.0, 0.0, 0.0, 0.0, 0.0, 0.0, 0.0, 0.0, 0.0, 0.0, 0.0, 0.0, 0.0, 0.0, 0.0, 0.0, 0.0, 0.0, 0.0, 0.0, 0.0, 0.0, 0.0, 0.0, 0.0, 0.0, 0.0, 0.0, 0.0], [0.9802165506137352, 0.0, 0.0, 0.0, 0.0, 0.0, 0.0, 0.0, 0.0, 0.0, 0.0, 0.0, 0.0, 0.0, 0.0, 0.0, 0.0, 0.0, 0.0, 0.0, 0.0, 0.0, 0.0, 0.0, 0.0, 0.0, 0.0, 0.0, 0.0, 0.0, 0.0], [0.9770451499775711, 0.0, 0.0, 0.0, 0.0, 0.0, 0.0, 0.0, 0.0, 0.0, 0.0, 0.0, 0.0, 0.0, 0.0, 0.0, 0.0, 0.0, 0.0, 0.0, 0.0, 0.0, 0.0, 0.0, 0.0, 0.0, 0.0, 0.0, 0.0, 0.0, 0.0], [0.0, 0.0, 0.0, 0.0, 0.0, 0.9792053733867568, 0.0, 0.0, 0.0, 0.0, 0.0, 0.0, 0.0, 0.0, 0.0, 0.0, 0.0, 0.0, 0.0, 0.0, 0.0, 0.0, 0.0, 0.0, 0.0, 0.0, 0.0, 0.0, 0.0, 0.0, 0.0], [0.0, 0.0, 0.0, 0.0, 0.0, 0.9772757533024423, 0.0, 0.0, 0.0, 0.0, 0.0, 0.0, 0.0, 0.0, 0.0, 0.0, 0.0, 0.0, 0.0, 0.0, 0.0, 0.0, 0.0, 0.0, 0.0, 0.0, 0.0, 0.0, 0.0, 0.0, 0.0], [0.0, 0.0, 0.0, 0.0, 0.0, 0.9779995666877932, 0.0, 0.0, 0.0, 0.0, 0.0, 0.0, 0.0, 0.0, 0.0, 0.0, 0.0, 0.0, 0.0, 0.0, 0.0, 0.0, 0.0, 0.0, 0.0, 0.0, 0.0, 0.0, 0.0, 0.0, 0.0], [0.0, 0.0, 0.0, 0.0, 0.0, 0.0, 0.0, 0.0, 0.9540785608589201, 0.0, 0.0, 0.0, 0.0, 0.0, 0.0, 0.0, 0.0, 0.0, 0.0, 0.0, 0.0, 0.0, 0.0, 0.0, 0.0, 0.0, 0.0, 0.0, 0.0, 0.0, 0.0], [0.0, 0.0, 0.0, 0.0, 0.0, 0.0, 0.0, 0.0, 0.0, 0.9679148922808483, 0.0, 0.0, 0.0, 0.0, 0.0, 0.0, 0.0, 0.0, 0.0, 0.0, 0.0, 0.0, 0.0, 0.0, 0.0, 0.0, 0.0, 0.0, 0.0, 0.0, 0.0], [0.0, 0.0, 0.0, 0.0, 0.0, 0.0, 0.0, 0.0, 0.0, 0.0, 0.0, 0.0, 0.9804555053001378, 0.0, 0.0, 0.0, 0.0, 0.0, 0.0, 0.0, 0.0, 0.0, 0.0, 0.0, 0.0, 0.0, 0.0, 0.0, 0.0, 0.0, 0.0], [0.0, 0.0, 0.0, 0.0, 0.0, 0.0, 0.0, 0.0, 0.0, 0.0, 0.0, 0.0, 0.9844545365717311, 0.0, 0.0, 0.0, 0.0, 0.0, 0.0, 0.0, 0.0, 0.0, 0.0, 0.0, 0.0, 0.0, 0.0, 0.0, 0.0, 0.0, 0.0], [0.0, 0.0, 0.0, 0.0, 0.0, 0.0, 0.0, 0.0, 0.0, 0.0, 0.0, 0.0, 0.9856559041708978, 0.0, 0.0, 0.0, 0.0, 0.0, 0.0, 0.0, 0.0, 0.0, 0.0, 0.0, 0.0, 0.0, 0.0, 0.0, 0.0, 0.0, 0.0], [0.0, 0.0, 0.0, 0.0, 0.0, 0.0, 0.0, 0.0, 0.0, 0.0, 0.0, 0.0, 0.0, 0.0, 0.968368388307603, 0.0, 0.0, 0.0, 0.0, 0.0, 0.0, 0.0, 0.0, 0.0, 0.0, 0.0, 0.0, 0.0, 0.0, 0.0, 0.0], [0.0, 0.0, 0.0, 0.0, 0.0, 0.0, 0.0, 0.0, 0.0, 0.0, 0.0, 0.0, 0.0, 0.0, 0.9683232363391636, 0.0, 0.0, 0.0, 0.0, 0.0, 0.0, 0.0, 0.0, 0.0, 0.0, 0.0, 0.0, 0.0, 0.0, 0.0, 0.0], [0.0, 0.0, 0.0, 0.0, 0.0, 0.0, 0.0, 0.0, 0.0, 0.0, 0.0, 0.0, 0.0, 0.0, 0.9843232954298644, 0.0, 0.0, 0.0, 0.0, 0.0, 0.0, 0.0, 0.0, 0.0, 0.0, 0.0, 0.0, 0.0, 0.0, 0.0, 0.0], [0.0, 0.0, 0.0, 0.0, 0.0, 0.0, 0.0, 0.0, 0.0, 0.0, 0.0, 0.0, 0.0, 0.0, 0.0, 0.964140929961907, 0.0, 0.0, 0.0, 0.0, 0.0, 0.0, 0.0, 0.0, 0.0, 0.0, 0.0, 0.0, 0.0, 0.0, 0.0]], "Born radii": [], "Atomic SASAs": [], "Solvent H bonds": [], "Total SASA": NaN, "Total FOD": 0.0, "FOD": [0.0, 0.0, 0.0, 0.0, 0.0, 0.0, 0.0, 0.0, 0.0, 0.0, 0.0, 0.0, 0.0, 0.0, 0.0, 0.0, 0.0, 0.0, 0.0, 0.0, 0.0, 0.0, 0.0, 0.0, 0.0, 0.0, 0.0, 0.0, 0.0, 0.0, 0.0], "FOD s proportion": [0.0, 0.0, 0.0, 0.0, 0.0, 0.0, 0.0, 0.0, 0.0, 0.0, 0.0, 0.0, 0.0, 0.0, 0.0, 0.0, 0.0, 0.0, 0.0, 0.0, 0.0, 0.0, 0.0, 0.0, 0.0, 0.0, 0.0, 0.0, 0.0, 0.0, 0.0], "FOD p proportion": [0.0, 0.0, 0.0, 0.0, 0.0, 0.0, 0.0, 0.0, 0.0, 0.0, 0.0, 0.0, 0.0, 0.0, 0.0, 0.0, 0.0, 0.0, 0.0, 0.0, 0.0, 0.0, 0.0, 0.0, 0.0, 0.0, 0.0, 0.0, 0.0, 0.0, 0.0], "FOD d proportion": [0.0, 0.0, 0.0, 0.0, 0.0, 0.0, 0.0, 0.0, 0.0, 0.0, 0.0, 0.0, 0.0, 0.0, 0.0, 0.0, 0.0, 0.0, 0.0, 0.0, 0.0, 0.0, 0.0, 0.0, 0.0, 0.0, 0.0, 0.0, 0.0, 0.0, 0.0], "coordinates": [["-4.24550", "-0.90400", "-0.03540"], ["-3.94260", "0.20820", "0.78310"], ["-2.51370", "0.95370", "0.59800"], ["-2.13900", "2.29290", "1.94960"], ["-2.61150", "1.46430", "-0.93770"], ["-3.53160", "2.49410", "-1.24380"], ["-1.49920", "-0.29920", "0.49730"], ["-0.18130", "-0.24730", "0.14370"], ["0.45750", "0.87660", "-0.36370"], ["1.81350", "0.81210", "-0.69590"], ["2.54380", "-0.37210", "-0.52330"], ["4.27540", "-0.36860", "-0.97520"], ["4.93760", "0.48340", "0.48010"], ["1.89830", "-1.51740", "-0.02520"], ["2.61850", "-2.82390", "0.16870"], ["0.53410", "-1.43630", "0.30520"], ["-4.03260", "-0.68940", "-1.08560"], ["-3.67070", "-1.77450", "0.29100"], ["-5.31000", "-1.13050", "0.06600"], ["-3.13180", "3.45880", "-0.92150"], ["-3.67610", "2.52000", "-2.32680"], ["-4.49790", "2.31120", "-0.76620"], ["-0.06160", "1.81610", "-0.52170"], ["2.29670", "1.70060", "-1.09780"], ["6.02570", "0.54640", "0.39450"], ["4.53620", "1.49800", "0.55070"], ["4.69170", "-0.06830", "1.39170"], ["3.01290", "-3.18930", "-0.78490"], ["3.43620", "-2.70740", "0.88710"], ["1.94860", "-3.59690", "0.56070"], ["0.01850", "-2.31110", "0.69710"]], "bond_dist": [[0.0, 1.4137466180330902, 2.6175133409402136, 4.312509346076829, 3.0154512398644417, 3.6765428570873477, 2.862117401505396, 4.120807365068161, 5.039496626648339, 6.331882852675023, 6.827558751852671, 8.58927319451419, 9.301609786483198, 6.17435357264224, 7.130369472895496, 4.821195682608206, 1.0928401575710875, 1.0930243592893982, 1.0930436679291453, 4.589065780744487, 4.15914730684067, 3.306854311880098, 5.014025419760055, 7.121307166524976, 10.382004797244123, 9.123122935705734, 9.088924729581603, 7.646483956695391, 7.944291831245878, 6.780407099134978, 4.5495255422955925], [1.4137466180330902, 0.0, 1.622278481025992, 2.9932706693515043, 2.5121240136585614, 3.0826260590606833, 2.5118399550926807, 3.8423547858051843, 4.595953525657108, 5.973677545699968, 6.642048931617412, 8.423766445599023, 8.889628568168638, 6.143871504190171, 7.253905911989761, 4.7930795476394925, 2.075048300642662, 2.0608714928398615, 2.043558871185266, 3.7589171525853025, 3.884188396563689, 2.670448947274596, 4.398864222728408, 6.6853501823015975, 9.98160278161779, 8.579489684124574, 8.660137568191397, 7.898139686027338, 7.934622158615998, 7.016728953721955, 4.695165779820773], [2.6175133409402136, 1.622278481025992, 0.0, 1.9392470935907058, 1.62131171894858, 2.6079071705104844, 1.6152737074564174, 2.6624949295726372, 3.1239143298112384, 4.518726326079064, 5.347276463771067, 7.093328861684054, 7.467057934019261, 5.095140572153039, 6.387020987126941, 3.8841880335534738, 2.80023995043282, 2.9792571624483846, 3.5279182714456407, 2.9944037586805154, 3.515526203856259, 2.7642173449278546, 2.830239611764347, 5.1549534828163095, 8.551529564937491, 7.07103880557871, 7.320671611949275, 7.04415849977838, 6.992034183983942, 6.3734977006350295, 4.132889629544927], [4.312509346076829, 2.9932706693515043, 1.9392470935907058, 0.0, 3.0407787653823153, 3.489644646665331, 3.0393258693335268, 3.6805543250983264, 3.7548734772292924, 4.981334674562631, 5.928412540469835, 7.535420668416595, 7.450636755338431, 5.892199285496036, 7.210204802916488, 4.874058638342382, 4.657496461619697, 4.651967498811659, 5.032182182711591, 3.253949885907895, 4.549928326908018, 3.5972647581183117, 3.2634724895423894, 5.414138947238055, 8.492992661600503, 6.866373297454778, 7.248791646888466, 8.004628704693303, 7.56404398321427, 7.302551678009544, 5.236447125675958], [3.0154512398644417, 2.5121240136585614, 1.62131171894858, 3.0407787653823153, 0.0, 1.4144855107069851, 2.5310805083995254, 3.163047985725161, 3.177047102263358, 4.479336678571951, 5.4882793669783245, 7.126732790697292, 7.743463854115933, 5.482835687853504, 6.853151114633326, 4.455679536277267, 2.5845354147312434, 3.6223519666095396, 3.875861579055681, 2.0613114223716904, 2.0438870957075883, 2.07488718247523, 2.607452636194951, 4.9164923410903425, 8.787406960531644, 7.301101666187097, 7.817397096220711, 7.301589974793161, 7.57018171644512, 6.975346587087985, 4.882941347179997], [3.6765428570873477, 3.0826260590606833, 2.6079071705104844, 3.489644646665331, 1.4144855107069851, 0.0, 3.8684110252143578, 4.545870686678186, 4.393609116660243, 5.630223123465002, 6.7560867260567345, 8.319642194830257, 8.873674229990643, 6.8600970998958894, 8.252273035958032, 5.863221098508907, 3.2265617133413085, 4.538271235834192, 4.244526800480826, 1.0928693517525323, 1.0929044148506308, 1.0932931262932184, 3.6086025563921558, 5.883879599379988, 9.8903764068917, 8.324772807710731, 9.00746451006053, 8.679983008047884, 8.952461890452257, 8.389820813938758, 6.281739397650941], [2.862117401505396, 2.5118399550926807, 1.6152737074564174, 3.0393258693335268, 2.5310805083995254, 3.8684110252143578, 0.0, 1.365498802635872, 2.4397748933047083, 3.6922479900461727, 4.1704661334196205, 5.959788399767227, 6.484223379865934, 3.6469197605650714, 4.8412334523342295, 2.3375644825330486, 3.0126307457104664, 2.6333404698215532, 3.924191129392145, 4.336005096860473, 4.545582807517645, 4.171668982553625, 2.7530980458385423, 4.577379256736326, 7.572960267293101, 6.297525907846668, 6.259433598976828, 5.5096062708690905, 5.505410469710682, 4.771390750085346, 2.5280575428577574], [4.120807365068161, 3.8423547858051843, 2.6624949295726372, 3.6805543250983264, 3.163047985725161, 4.545870686678186, 1.365498802635872, 0.0, 1.3887661466208054, 2.4096646156675, 2.80831516215684, 4.59661024995594, 5.181720241387024, 2.442625100173991, 3.8050456764669724, 1.396996925551377, 4.066834467986127, 3.8118170850658615, 5.204771197660853, 4.855438033792626, 5.096562231543926, 5.099693698645046, 2.1713371018798533, 3.3876423453487527, 6.262564117835441, 5.046437093633488, 5.033455473131753, 4.440785471062523, 4.4374589372747995, 3.991263355129551, 2.1460293660618905], [5.039496626648339, 4.595953525657108, 3.1239143298112384, 3.7548734772292924, 3.177047102263358, 4.393609116660243, 2.4397748933047083, 1.3887661466208054, 0.0, 1.3975883120575958, 2.4366722266238434, 4.06211960680628, 4.575795088287936, 2.814555540400651, 4.318225446870509, 2.408900408900293, 4.809833013733429, 4.949646304535305, 6.1218582758832305, 4.456677256656578, 4.862219054094539, 5.174560132996813, 1.0849373530301185, 2.1448858827452804, 5.6292761985889435, 4.2258796729201835, 4.680033633426152, 4.82068681932357, 4.825164280104875, 4.805215585174094, 3.388133546659577], [6.331882852675023, 5.973677545699968, 4.518726326079064, 4.981334674562631, 4.479336678571951, 5.630223123465002, 3.6922479900461727, 2.4096646156675, 1.3975883120575958, 0.0, 1.4019481053163132, 2.744633416323572, 3.3542540899580042, 2.425613279152306, 3.8230948405709215, 2.773872406943045, 6.0484091751468005, 6.143363965288073, 7.422832250563124, 5.6135468591613265, 5.9759907446380796, 6.48737334057475, 2.134095042400877, 1.0883189330338785, 4.359151005643185, 3.07206211851258, 3.6629514274693844, 4.178239260741299, 4.186397561149681, 4.586564789687376, 3.8622340995853683], [6.827558751852671, 6.642048931617412, 5.347276463771067, 5.928412540469835, 5.4882793669783245, 6.7560867260567345, 4.1704661334196205, 2.80831516215684, 2.4366722266238434, 1.4019481053163132, 0.0, 1.7895989550734548, 2.7329416843394223, 1.405875510135944, 2.548679526735364, 2.4202950192073693, 6.608017670981216, 6.422602315261315, 7.91230810130647, 6.859066511559718, 7.092532035176155, 7.539538327377877, 3.4024007641663854, 2.1649928290874314, 3.716130608576614, 2.936053093865981, 2.8936125950099125, 2.867944422404311, 2.8704062447674543, 3.453788366417375, 3.4097268585621343], [8.58927319451419, 8.423766445599023, 7.093328861684054, 7.535420668416595, 7.126732790697292, 8.319642194830257, 5.959788399767227, 4.59661024995594, 4.06211960680628, 2.744633416323572, 1.7895989550734548, 0.0, 1.8117149141076252, 2.80585919995997, 3.175267376143307, 4.095941056704796, 8.314924220941522, 8.168250881308678, 9.671839649725381, 8.337774660543424, 8.567215695311983, 9.175827043378705, 4.877309231533306, 2.865636594196829, 2.4035085146510293, 2.424991342252586, 2.4219210123371075, 3.096202323815419, 3.1052219518095643, 4.26554896115377, 4.969013096179159], [9.301609786483198, 8.889628568168638, 7.467057934019261, 7.450636755338431, 7.743463854115933, 8.873674229990643, 6.484223379865934, 5.181720241387024, 4.575795088287936, 3.3542540899580042, 2.7329416843394223, 1.8117149141076252, 0.0, 3.6736729876242387, 4.051348918570208, 4.806937731030016, 9.181032859651468, 8.901499879795539, 10.382170186430194, 8.713937346573017, 9.28559394223116, 9.691376413079825, 5.269885498756117, 3.308428185709945, 1.0932785418181403, 1.093398134258514, 1.0935512150786537, 4.335137873240019, 3.5497965575508688, 5.058603112520293, 5.661613202966094], [6.17435357264224, 6.143871504190171, 5.095140572153039, 5.892199285496036, 5.482835687853504, 6.8600970998958894, 3.6469197605650714, 2.442625100173991, 2.814555540400651, 2.425613279152306, 1.405875510135944, 2.80585919995997, 3.6736729876242387, 0.0, 1.504402705395068, 1.4059811556347406, 6.081579315441014, 5.583891461158607, 7.2192518961454715, 7.132168403788571, 7.257540677116457, 7.491237107447607, 3.8987103649796815, 3.4153648882659664, 4.6336647796317765, 4.04756894691122, 3.451170812927115, 2.14819153242908, 2.147912405104081, 2.1610481600371614, 2.164561161067065], [7.130369472895496, 7.253905911989761, 6.387020987126941, 7.210204802916488, 6.853151114633326, 8.252273035958032, 4.8412334523342295, 3.8050456764669724, 4.318225446870509, 3.8230948405709215, 2.548679526735364, 3.175267376143307, 4.051348918570208, 1.504402705395068, 0.0, 2.507745874286308, 7.096935250514831, 6.377321874423464, 8.107975277466009, 8.586431471804804, 8.62593627497908, 8.82532939781853, 5.402701932366805, 4.709424353357849, 4.797803619365845, 4.743660706669481, 3.6588548208421714, 1.0947243854048379, 1.094670772424294, 1.0954264055608667, 2.7022528379113604], [4.821195682608206, 4.7930795476394925, 3.8841880335534738, 4.874058638342382, 4.455679536277267, 5.863221098508907, 2.3375644825330486, 1.396996925551377, 2.408900408900293, 2.773872406943045, 2.4202950192073693, 4.095941056704796, 4.806937731030016, 1.4059811556347406, 2.507745874286308, 0.0, 4.831866424064309, 4.218403005877936, 5.856981738916383, 6.237436950382746, 6.348662672563412, 6.3649570469878265, 3.4083321229011703, 3.8620343563981923, 5.83924176070832, 4.968620648630765, 4.509716621917613, 3.2257985755468366, 3.2212555362777415, 2.5950496835320904, 1.0884410916535632], [1.0928401575710875, 2.075048300642662, 2.80023995043282, 4.657496461619697, 2.5845354147312434, 3.2265617133413085, 3.0126307457104664, 4.066834467986127, 4.809833013733429, 6.0484091751468005, 6.608017670981216, 8.314924220941522, 9.181032859651468, 6.081579315441014, 7.096935250514831, 4.831866424064309, 0.0, 1.7898159626062116, 1.775528802920414, 4.248050457562858, 3.459467885383531, 3.053214831943537, 4.729096579686231, 6.765521955473945, 10.241449923716855, 8.993693895724938, 9.090445038060567, 7.4819109023029675, 7.984161992970834, 6.851176058166948, 4.713739639606754], [1.0930243592893982, 2.0608714928398615, 2.9792571624483846, 4.651967498811659, 3.6223519666095396, 4.538271235834192, 2.6333404698215532, 3.8118170850658615, 4.949646304535305, 6.143363965288073, 6.422602315261315, 8.168250881308678, 8.901499879795539, 5.583891461158607, 6.377321874423464, 4.218403005877936, 1.7898159626062116, 0.0, 1.7755746928811524, 5.398888621744294, 5.0294767371964255, 4.300566959134574, 5.155433295078116, 7.04378791631321, 9.970830558183206, 8.83911239604973, 8.605369991464633, 6.915904048640351, 7.192611850364233, 5.913578640721708, 3.7500737872740584], [1.0930436679291453, 2.043558871185266, 3.5279182714456407, 5.032182182711591, 3.875861579055681, 4.244526800480826, 3.924191129392145, 5.204771197660853, 6.1218582758832305, 7.422832250563124, 7.91230810130647, 9.671839649725381, 10.382170186430194, 7.2192518961454715, 8.107975277466009, 5.856981738916383, 1.775528802920414, 1.7755746928811524, 0.0, 5.175073524115382, 4.660608468858975, 3.63281738324403, 6.047606585253376, 8.199478187055565, 11.463769028988676, 10.20252913644455, 10.144937270382702, 8.61587793901469, 8.925067689379167, 7.682130629584477, 5.494089171100156], [4.589065780744487, 3.7589171525853025, 2.9944037586805154, 3.253949885907895, 2.0613114223716904, 1.0928693517525323, 4.336005096860473, 4.855438033792626, 4.456677256656578, 5.6135468591613265, 6.859066511559718, 8.337774660543424, 8.713937346573017, 7.132168403788571, 8.586431471804804, 6.237436950382746, 4.248050457562858, 5.398888621744294, 5.175073524115382, 0.0, 1.7755213375231513, 1.7909028616873666, 3.504915315667413, 5.708849374436149, 9.69916161376848, 8.050486536849808, 8.888108960853259, 9.053906961085916, 9.188671307648347, 8.819880015623795, 6.7702290995209315], [4.15914730684067, 3.884188396563689, 3.515526203856259, 4.549928326908018, 2.0438870957075883, 1.0929044148506308, 4.545582807517645, 5.096562231543926, 4.862219054094539, 5.9759907446380796, 7.092532035176155, 8.567215695311983, 9.28559394223116, 7.257540677116457, 8.62593627497908, 6.348662672563412, 3.459467885383531, 5.0294767371964255, 4.660608468858975, 1.7755213375231513, 0.0, 1.7760701112287205, 4.101032975970811, 6.152738999827638, 10.267691750826959, 8.761641486616533, 9.515598561309739, 8.928397566192938, 9.393597567492446, 8.797236608731176, 6.792169578271732], [3.306854311880098, 2.670448947274596, 2.7642173449278546, 3.5972647581183117, 2.07488718247523, 1.0932931262932184, 4.171668982553625, 5.099693698645046, 5.174560132996813, 6.48737334057475, 7.539538327377877, 9.175827043378705, 9.691376413079825, 7.491237107447607, 8.82532939781853, 6.3649570469878265, 3.053214831943537, 4.300566959134574, 3.63281738324403, 1.7909028616873666, 1.7760701112287205, 0.0, 4.470532624866974, 6.830035144858333, 10.733494328036885, 9.165723248058496, 9.734849809832712, 9.309563178796306, 9.532559449591698, 8.844414704772724, 6.626067698114772], [5.014025419760055, 4.398864222728408, 2.830239611764347, 3.2634724895423894, 2.607452636194951, 3.6086025563921558, 2.7530980458385423, 2.1713371018798533, 1.0849373530301185, 2.134095042400877, 3.4024007641663854, 4.877309231533306, 5.269885498756117, 3.8987103649796815, 5.402701932366805, 3.4083321229011703, 4.729096579686231, 5.155433295078116, 6.047606585253376, 3.504915315667413, 4.101032975970811, 4.470532624866974, 0.0, 2.430393044344885, 6.285442054462041, 4.7319123206162645, 5.459480177635963, 5.88012360839464, 5.889089448293344, 5.874781936378576, 4.304145593494718], [7.121307166524976, 6.6853501823015975, 5.1549534828163095, 5.414138947238055, 4.9164923410903425, 5.883879599379988, 4.577379256736326, 3.3876423453487527, 2.1448858827452804, 1.0883189330338785, 2.1649928290874314, 2.865636594196829, 3.308428185709945, 3.4153648882659664, 4.709424353357849, 3.8620343563981923, 6.765521955473945, 7.04378791631321, 8.199478187055565, 5.708849374436149, 6.152738999827638, 6.830035144858333, 2.430393044344885, 0.0, 4.179064240951555, 2.7881820708124496, 3.8810620273322094, 4.951966362971381, 4.966764767934958, 5.561951286194441, 4.950312933542687], [10.382004797244123, 9.98160278161779, 8.551529564937491, 8.492992661600503, 8.787406960531644, 9.8903764068917, 7.572960267293101, 6.262564117835441, 5.6292761985889435, 4.359151005643185, 3.716130608576614, 2.4035085146510293, 1.0932785418181403, 4.6336647796317765, 4.797803619365845, 5.83924176070832, 10.241449923716855, 9.970830558183206, 11.463769028988676, 9.69916161376848, 10.267691750826959, 10.733494328036885, 6.285442054462041, 4.179064240951555, 0.0, 1.7744157489156815, 1.7753365680906814, 4.942003914405572, 4.187526650661462, 5.815264546003045, 6.659078378424449], [9.123122935705734, 8.579489684124574, 7.07103880557871, 6.866373297454778, 7.301101666187097, 8.324772807710731, 6.297525907846668, 5.046437093633488, 4.2258796729201835, 3.07206211851258, 2.936053093865981, 2.424991342252586, 1.093398134258514, 4.04756894691122, 4.743660706669481, 4.968620648630765, 8.993693895724938, 8.83911239604973, 10.20252913644455, 8.050486536849808, 8.761641486616533, 9.165723248058496, 4.7319123206162645, 2.7881820708124496, 1.7744157489156815, 0.0, 1.7845887313327966, 5.106373619311458, 4.359880057983247, 5.714348586671975, 5.911031133397962], [9.088924729581603, 8.660137568191397, 7.320671611949275, 7.248791646888466, 7.817397096220711, 9.00746451006053, 6.259433598976828, 5.033455473131753, 4.680033633426152, 3.6629514274693844, 2.8936125950099125, 2.4219210123371075, 1.0935512150786537, 3.451170812927115, 3.6588548208421714, 4.509716621917613, 9.090445038060567, 8.605369991464633, 10.144937270382702, 8.888108960853259, 9.515598561309739, 9.734849809832712, 5.459480177635963, 3.8810620273322094, 1.7753365680906814, 1.7845887313327966, 0.0, 4.158917888105029, 2.965763008063861, 4.5460066618956905, 5.229858434030504], [7.646483956695391, 7.898139686027338, 7.04415849977838, 8.004628704693303, 7.301589974793161, 8.679983008047884, 5.5096062708690905, 4.440785471062523, 4.82068681932357, 4.178239260741299, 2.867944422404311, 3.096202323815419, 4.335137873240019, 2.14819153242908, 1.0947243854048379, 3.2257985755468366, 7.4819109023029675, 6.915904048640351, 8.61587793901469, 9.053906961085916, 8.928397566192938, 9.309563178796306, 5.88012360839464, 4.951966362971381, 4.942003914405572, 5.106373619311458, 4.158917888105029, 0.0, 1.7908083370366579, 1.763380733137345, 3.4545608403963595], [7.944291831245878, 7.934622158615998, 6.992034183983942, 7.56404398321427, 7.57018171644512, 8.952461890452257, 5.505410469710682, 4.4374589372747995, 4.825164280104875, 4.186397561149681, 2.8704062447674543, 3.1052219518095643, 3.5497965575508688, 2.147912405104081, 1.094670772424294, 3.2212555362777415, 7.984161992970834, 7.192611850364233, 8.925067689379167, 9.188671307648347, 9.393597567492446, 9.532559449591698, 5.889089448293344, 4.966764767934958, 4.187526650661462, 4.359880057983247, 2.965763008063861, 1.7908083370366579, 0.0, 1.7637179394676463, 3.44584198418906], [6.780407099134978, 7.016728953721955, 6.3734977006350295, 7.302551678009544, 6.975346587087985, 8.389820813938758, 4.771390750085346, 3.991263355129551, 4.805215585174094, 4.586564789687376, 3.453788366417375, 4.26554896115377, 5.058603112520293, 2.1610481600371614, 1.0954264055608667, 2.5950496835320904, 6.851176058166948, 5.913578640721708, 7.682130629584477, 8.819880015623795, 8.797236608731176, 8.844414704772724, 5.874781936378576, 5.561951286194441, 5.815264546003045, 5.714348586671975, 4.5460066618956905, 1.763380733137345, 1.7637179394676463, 0.0, 2.3231815706052767], [4.5495255422955925, 4.695165779820773, 4.132889629544927, 5.236447125675958, 4.882941347179997, 6.281739397650941, 2.5280575428577574, 2.1460293660618905, 3.388133546659577, 3.8622340995853683, 3.4097268585621343, 4.969013096179159, 5.661613202966094, 2.164561161067065, 2.7022528379113604, 1.0884410916535632, 4.713739639606754, 3.7500737872740584, 5.494089171100156, 6.7702290995209315, 6.792169578271732, 6.626067698114772, 4.304145593494718, 4.950312933542687, 6.659078378424449, 5.911031133397962, 5.229858434030504, 3.4545608403963595, 3.44584198418906, 2.3231815706052767, 0.0]]}