{"total energy": -24.63378974, "HOMO-LUMO gap/eV": 3.77451292, "electronic energy": -25.03732915, "dipole": [-0.47549236, -0.06145142, 0.4048679], "partial charges": [-0.04390674, -0.03615317, -0.05696817, 0.06416458, -0.22373822, 0.01711208, -0.06132573, -0.00834246, -0.04087505, 0.02552864, 0.02781244, 0.02571819, 0.14585538, 0.01602494, 0.03486641, 0.04727362, 0.03959471, 0.02735856], "atomic dipole moments": [[-0.01207191, -0.00268874, -7.122e-05], [-0.00703524, 0.00613739, 0.00135917], [-0.01773122, -0.00186056, -0.00786217], [-0.14343744, 0.0365272, -0.00252409], [-6.907e-05, -0.11515456, 0.18996352], [0.15688732, 0.05172864, -0.03128756], [-0.0114279, 0.08595969, 0.02707813], [-0.09245517, -0.02370633, -0.01956731], [-0.00037429, -0.00988931, -7.614e-05], [0.13494935, -0.06647272, 0.00766674], [0.12513375, 0.08291116, 0.0151305], [-0.00725235, 0.15159884, 0.00137229], [-0.01494413, 0.08954508, 0.10139826], [-0.03096291, -0.00112207, 0.11737115], [-0.10509008, -0.00037432, -0.06928424], [-0.01439222, -0.02834171, -0.12831069], [-0.02615329, -0.10011988, 0.08475571], [0.0126738, -0.15171844, -0.01182702]], "atomic quadrupole moments": [[-0.21760967, 0.0032101, -0.26637058, -0.07120864, -0.04799834, 0.48398025], [-0.2342581, 0.01047465, -0.27746943, -0.07324879, -0.03946345, 0.51172753], [-0.21538737, 0.01994599, -0.24593998, -0.06365529, -0.0191564, 0.46132735], [-0.02268346, -0.0891301, -0.28916133, -0.05953443, -0.03955841, 0.3118448], [0.1039102, 0.05511972, 0.03168945, -0.0224795, -0.04418521, -0.13559965], [0.08779194, 0.08176911, 0.19332403, -0.09123878, 0.00545254, -0.28111597], [0.18133427, -0.06362594, 0.06358636, -0.01268896, 0.091601, -0.24492063], [-0.08379176, 0.13401545, -0.23354598, -0.03956943, -0.03067752, 0.31733774], [-0.24028527, 0.00427042, -0.26020621, -0.07843991, -0.0595554, 0.50049148], [0.03158184, 0.00307765, 0.03641072, 0.01135403, 0.00649643, -0.06799256], [0.0325154, -0.00518399, 0.03583297, 0.01025052, 0.00526409, -0.06834837], [0.02786566, -0.00342692, 0.03400734, 0.00799532, 0.00686446, -0.061873], [-0.00110592, -0.01574387, 0.03793655, -0.02687399, 0.02932258, -0.03683063], [-0.04093775, 0.0131065, 0.00420201, -0.01320113, -0.00177424, 0.03673573], [0.01936397, -0.00455409, -0.02663725, 0.04129196, 0.00143678, 0.00727328], [-0.01513933, -0.00831634, -0.02647401, 0.01336752, 0.02198124, 0.04161334], [-0.03108835, 0.00947571, 0.02943587, -0.01941012, -0.03153465, 0.00165247], [0.02970522, 0.00192423, 0.03215885, 0.01035235, 0.00638589, -0.06186407]], "number of molecular orbitals": 45, "number of electrons": 46, "number of unpaired electrons": 0, "orbital energies/eV": [-17.88942285, -17.25289354, -16.89784837, -16.52037833, -16.30128343, -15.6101508, -15.4577463, -15.2370412, -14.58099246, -14.29159591, -13.74608434, -13.58550329, -13.03851737, -13.00094899, -12.87071016, -12.65657695, -12.60059571, -12.19138331, -11.58799236, -11.38070553, -11.2318301, -10.6062415, -9.60806038, -5.83354746, -5.60368174, -2.32685833, 0.64374905, 1.77509265, 2.64980198, 3.19253119, 3.41350595, 3.94154594, 4.26779925, 4.49576985, 4.70106606, 5.59845231, 5.82789319, 6.8670786, 7.78297513, 10.0139472, 11.23352625, 12.42245276, 12.68466383, 16.81078945, 18.21380151], "fractional occupation": [2.0, 2.0, 2.0, 2.0, 2.0, 2.0, 2.0, 2.0, 2.0, 2.0, 2.0, 2.0, 2.0, 2.0, 2.0, 2.0, 2.0, 2.0, 2.0, 2.0, 2.0, 2.0, 2.0, 0.0, 0.0, 0.0, 0.0, 0.0, 0.0, 0.0, 0.0, 0.0, 0.0, 0.0, 0.0, 0.0, 0.0, 0.0, 0.0, 0.0, 0.0, 0.0, 0.0, 0.0, 0.0], "program call": "xtb /home/svss/Project-DBcg-Debug/aqme2_20220329/End-to-End-workflows-final/example-3/QDESCP/mol_936_rdkit_conf_1/mol_936_rdkit_conf_1.xyz --pop --wbo --acc 0.2 --gfn 2 --chrg 0 --uhf 0 --etemp 300 --input /home/svss/Project-DBcg-Debug/aqme2_20220329/End-to-End-workflows-final/example-3/QDESCP/mol_936_rdkit_conf_1/mol_936_rdkit_conf_1_xtb.inp", "method": "GFN2-xTB", "xtb version": "6.3.3 (7355c4f)", "Dipole module/D": 1.595, "Total charge": 0, "Transition dipole module/D": NaN, "HOMO": -9.6081, "LUMO": -5.8335, "HOMO occupancy": 2.0, "LUMO occupancy": 0, "mulliken charges": [-0.0481, -0.03124, -0.07083, 0.13059, -0.38102, 0.08995, -0.05166, -0.02576, -0.03919, 0.02555, 0.02631, 0.03013, 0.20924, 0.01738, 0.02103, 0.03895, 0.03119, 0.02749], "cm5 charges": [-0.10309, -0.08613, -0.11958, 0.18204, -0.72134, 0.03949, -0.14846, -0.03144, -0.09195, 0.08086, 0.08166, 0.08814, 0.39984, 0.08106, 0.08352, 0.0953, 0.08644, 0.08364], "FUKUI+": [-0.039, -0.069, -0.059, -0.047, -0.043, 0.022, 0.02, -0.084, -0.06, -0.091, -0.099, -0.094, -0.048, -0.041, -0.055, -0.06, -0.058, -0.095], "FUKUI-": [-0.058, -0.036, -0.028, -0.031, -0.136, 0.031, 0.017, -0.051, -0.019, -0.077, -0.072, -0.064, -0.075, -0.095, -0.078, -0.085, -0.077, -0.066], "FUKUIrad": [-0.048, -0.053, -0.044, -0.039, -0.09, 0.027, 0.018, -0.067, -0.04, -0.084, -0.085, -0.079, -0.062, -0.068, -0.066, -0.072, -0.068, -0.081], "s proportion": [1.056, 1.06, 1.053, 1.054, 1.474, 1.013, 1.027, 1.08, 1.055, 0.974, 0.974, 0.97, 0.791, 0.983, 0.979, 0.961, 0.969, 0.973], "p proportion": [2.992, 2.971, 3.018, 2.815, 3.907, 2.897, 3.024, 2.946, 2.984, 0.0, 0.0, 0.0, 0.0, 0.0, 0.0, 0.0, 0.0, 0.0], "d proportion": [0.0, 0.0, 0.0, 0.0, 0.0, 0.0, 0.0, 0.0, 0.0, 0.0, 0.0, 0.0, 0.0, 0.0, 0.0, 0.0, 0.0, 0.0], "Fermi-level/eV": -7.7208, "Coordination numbers": [2.916, 2.915, 2.911, 3.017, 2.693, 3.854, 3.835, 3.028, 2.909, 0.925, 0.925, 0.925, 0.86, 0.923, 0.924, 0.924, 0.924, 0.925], "Dispersion coefficient C6": [29.09, 28.899, 29.415, 26.542, 25.887, 20.251, 21.652, 28.198, 29.015, 2.651, 2.618, 2.648, 1.43, 2.795, 2.518, 2.354, 2.454, 2.624], "Total dispersion C6": 3631.361167, "Total dispersion C8": 86403.580382, "Polarizability alpha": [8.844, 8.815, 8.893, 8.451, 7.557, 6.4, 6.62, 8.71, 8.833, 2.546, 2.53, 2.545, 1.873, 2.614, 2.482, 2.4, 2.45, 2.533], "Total polarizability alpha": 95.096825, "Wiberg matrix": [[0.0, 1.4394224772278899, 0.0, 0.0, 0.0, 0.0, 0.0, 0.0, 1.4198975441291928, 0.9723514642879092, 0.0, 0.0, 0.0, 0.0, 0.0, 0.0, 0.0, 0.0], [1.4394224772278899, 0.0, 1.4347338703033143, 0.0, 0.0, 0.0, 0.0, 0.10609114168474107, 0.0, 0.0, 0.9725137179331794, 0.0, 0.0, 0.0, 0.0, 0.0, 0.0, 0.0], [0.0, 1.4347338703033143, 0.0, 1.3917577004141128, 0.0, 0.0, 0.0, 0.0, 0.0, 0.0, 0.0, 0.9694807902057149, 0.0, 0.0, 0.0, 0.0, 0.0, 0.0], [0.0, 0.0, 1.3917577004141128, 0.0, 1.0915106088173654, 0.0, 0.0, 1.328912169454985, 0.0, 0.0, 0.0, 0.0, 0.0, 0.0, 0.0, 0.0, 0.0, 0.0], [0.0, 0.0, 0.0, 1.0915106088173654, 0.0, 0.9964855277154765, 0.0, 0.0, 0.0, 0.0, 0.0, 0.0, 0.9495985754806338, 0.0, 0.0, 0.0, 0.0, 0.0], [0.0, 0.0, 0.0, 0.0, 0.9964855277154765, 0.0, 1.0008562986818066, 0.0, 0.0, 0.0, 0.0, 0.0, 0.0, 0.9779158060328372, 0.9772211951639864, 0.0, 0.0, 0.0], [0.0, 0.0, 0.0, 0.0, 0.0, 1.0008562986818066, 0.0, 1.0113474769374475, 0.0, 0.0, 0.0, 0.0, 0.0, 0.0, 0.0, 0.9630350847535882, 0.9715468002004408, 0.0], [0.0, 0.10609114168474107, 0.0, 1.328912169454985, 0.0, 0.0, 1.0113474769374475, 0.0, 1.4448004097576725, 0.0, 0.0, 0.0, 0.0, 0.0, 0.0, 0.0, 0.0, 0.0], [1.4198975441291928, 0.0, 0.0, 0.0, 0.0, 0.0, 0.0, 1.4448004097576725, 0.0, 0.0, 0.0, 0.0, 0.0, 0.0, 0.0, 0.0, 0.0, 0.9700456839582431], [0.9723514642879092, 0.0, 0.0, 0.0, 0.0, 0.0, 0.0, 0.0, 0.0, 0.0, 0.0, 0.0, 0.0, 0.0, 0.0, 0.0, 0.0, 0.0], [0.0, 0.9725137179331794, 0.0, 0.0, 0.0, 0.0, 0.0, 0.0, 0.0, 0.0, 0.0, 0.0, 0.0, 0.0, 0.0, 0.0, 0.0, 0.0], [0.0, 0.0, 0.9694807902057149, 0.0, 0.0, 0.0, 0.0, 0.0, 0.0, 0.0, 0.0, 0.0, 0.0, 0.0, 0.0, 0.0, 0.0, 0.0], [0.0, 0.0, 0.0, 0.0, 0.9495985754806338, 0.0, 0.0, 0.0, 0.0, 0.0, 0.0, 0.0, 0.0, 0.0, 0.0, 0.0, 0.0, 0.0], [0.0, 0.0, 0.0, 0.0, 0.0, 0.9779158060328372, 0.0, 0.0, 0.0, 0.0, 0.0, 0.0, 0.0, 0.0, 0.0, 0.0, 0.0, 0.0], [0.0, 0.0, 0.0, 0.0, 0.0, 0.9772211951639864, 0.0, 0.0, 0.0, 0.0, 0.0, 0.0, 0.0, 0.0, 0.0, 0.0, 0.0, 0.0], [0.0, 0.0, 0.0, 0.0, 0.0, 0.0, 0.9630350847535882, 0.0, 0.0, 0.0, 0.0, 0.0, 0.0, 0.0, 0.0, 0.0, 0.0, 0.0], [0.0, 0.0, 0.0, 0.0, 0.0, 0.0, 0.9715468002004408, 0.0, 0.0, 0.0, 0.0, 0.0, 0.0, 0.0, 0.0, 0.0, 0.0, 0.0], [0.0, 0.0, 0.0, 0.0, 0.0, 0.0, 0.0, 0.0, 0.9700456839582431, 0.0, 0.0, 0.0, 0.0, 0.0, 0.0, 0.0, 0.0, 0.0]], "Born radii": [], "Atomic SASAs": [], "Solvent H bonds": [], "Total SASA": NaN, "Total FOD": 0.0, "FOD": [0.0, 0.0, 0.0, 0.0, 0.0, 0.0, 0.0, 0.0, 0.0, 0.0, 0.0, 0.0, 0.0, 0.0, 0.0, 0.0, 0.0, 0.0], "FOD s proportion": [0.0, 0.0, 0.0, 0.0, 0.0, 0.0, 0.0, 0.0, 0.0, 0.0, 0.0, 0.0, 0.0, 0.0, 0.0, 0.0, 0.0, 0.0], "FOD p proportion": [0.0, 0.0, 0.0, 0.0, 0.0, 0.0, 0.0, 0.0, 0.0, 0.0, 0.0, 0.0, 0.0, 0.0, 0.0, 0.0, 0.0, 0.0], "FOD d proportion": [0.0, 0.0, 0.0, 0.0, 0.0, 0.0, 0.0, 0.0, 0.0, 0.0, 0.0, 0.0, 0.0, 0.0, 0.0, 0.0, 0.0, 0.0], "coordinates": [["2.35530", "-0.50120", "0.12550"], ["2.26130", "0.89830", "0.19770"], ["1.01980", "1.53470", "0.10690"], ["-0.11080", "0.75190", "-0.02960"], ["-1.43500", "1.22580", "-0.20310"], ["-2.24100", "0.00970", "0.00760"], ["-1.36750", "-1.20760", "-0.34850"], ["-0.01110", "-0.63630", "-0.12190"], ["1.21050", "-1.28220", "-0.04550"], ["3.33040", "-0.97810", "0.18810"], ["3.16400", "1.49310", "0.31150"], ["0.95010", "2.61610", "0.13450"], ["-1.63580", "1.98750", "0.43960"], ["-2.54280", "-0.03970", "1.06250"], ["-3.15330", "0.03810", "-0.59690"], ["-1.48920", "-1.48640", "-1.40030"], ["-1.58710", "-2.06240", "0.29680"], ["1.28210", "-2.36150", "-0.12470"]], "bond_dist": [[0.0, 1.404510266961406, 2.4349117068181343, 2.77055316317879, 4.178143253886827, 4.626109911145649, 3.8187585417253085, 2.383129818117343, 1.3963413049824176, 1.0872775082746813, 2.160051892895168, 3.419389906108983, 4.713933146534855, 5.008226718110913, 5.581879630554568, 4.251924849994412, 4.243725590798727, 2.1621920289373007], [1.404510266961406, 0.0, 1.398060030899961, 2.387458200681218, 3.7323626002841688, 4.593087551963276, 4.230997363506624, 2.760605564002217, 2.432674891965632, 2.159616616439131, 1.0870164534173348, 2.161961266998093, 4.053672490470833, 4.970623688230683, 5.539785768421014, 4.722991460928126, 4.856516020770445, 3.4189282589723926], [2.4349117068181343, 1.398060030899961, 0.0, 1.3819060930468468, 2.4935040104238855, 3.6011528890065194, 3.6642597806378303, 2.4141966054984008, 2.8274578440712426, 3.4146199847127936, 2.154341050066122, 1.0839952998053082, 2.7143928400288706, 4.010489431478407, 4.488865069257484, 4.206397276767852, 4.446472537866392, 3.9118811702299956], [2.77055316317879, 2.387458200681218, 1.3819060930468468, 0.0, 1.4171058887747239, 2.256102107618359, 2.3496025940571315, 1.3948328286931018, 2.4256234889199106, 3.85773906971428, 3.3749135825973378, 2.1512041418703154, 2.018038899525973, 2.780995679608295, 3.1761841854653206, 2.964589674811676, 3.194727396821206, 3.4121069707733374], [4.178143253886827, 3.7323626002841688, 2.4935040104238855, 1.4171058887747239, 0.0, 1.4740860558325624, 2.438674428864993, 2.3455278851465398, 3.648776782704034, 5.2649073885492035, 4.635414053782036, 2.7812964351179827, 1.0166468511730118, 2.1048644730718413, 2.12562099632084, 2.965173573334283, 3.329458463474203, 4.500833285070666], [4.626109911145649, 4.593087551963276, 3.6011528890065194, 2.256102107618359, 1.4740860558325624, 0.0, 1.5400093343872951, 2.3251968217766, 3.6857397452885903, 5.661168346728439, 5.613096807467336, 4.122201326961117, 2.112956194529361, 1.0983340156801118, 1.094768514344471, 2.18762447874401, 2.1919900227875124, 4.248802930238116], [3.8187585417253085, 4.230997363506624, 3.6642597806378303, 2.3496025940571315, 2.438674428864993, 1.5400093343872951, 0.0, 1.4891447914826816, 2.59681692847224, 4.734012486253072, 5.316377783792269, 4.497248097448038, 3.3017799002962023, 2.1762907664188624, 2.19147272171022, 1.0949080189678035, 1.0933065855467987, 2.898612048895126], [2.383129818117343, 2.760605564002217, 2.4141966054984008, 1.3948328286931018, 2.3455278851465398, 2.3251968217766, 1.4891447914826816, 0.0, 1.383954598243743, 3.373210561171656, 3.847523869971439, 3.401139832467933, 3.1367592798938206, 2.8580132627403954, 3.248670681986711, 2.1311396434771703, 2.166297971194175, 2.156081890838101], [1.3963413049824176, 2.432674891965632, 2.8274578440712426, 2.4256234889199106, 3.648776782704034, 3.6857397452885903, 2.59681692847224, 1.383954598243743, 0.0, 2.1543030845264095, 3.4126091689497646, 3.911131684052584, 4.362073336155641, 4.1059385212153385, 4.592383312616664, 3.0274677157651078, 2.9244567170672915, 1.0845679738955967], [1.0872775082746813, 2.159616616439131, 3.4146199847127936, 3.85773906971428, 5.2649073885492035, 5.661168346728439, 4.734012486253072, 3.373210561171656, 2.1543030845264095, 0.0, 2.479868133590978, 4.311261380385096, 5.78974766721314, 6.011626082849798, 6.609633358212845, 5.099992902936239, 5.036797437856718, 2.4914197338064095], [2.160051892895168, 1.0870164534173348, 2.154341050066122, 3.3749135825973378, 4.635414053782036, 5.613096807467336, 5.316377783792269, 3.847523869971439, 3.4126091689497646, 2.479868133590978, 0.0, 2.488736870382243, 4.826895587227883, 5.956596602087471, 6.546028937455135, 5.78445760032866, 5.934201509049048, 4.311584303942114], [3.419389906108983, 2.161961266998093, 1.0839952998053082, 2.1512041418703154, 2.7812964351179827, 4.122201326961117, 4.497248097448038, 3.401139832467933, 3.911131684052584, 4.311261380385096, 2.488736870382243, 0.0, 2.6786382323860005, 4.484953517038945, 4.900910274632663, 5.013611650297618, 5.324667818747006, 4.9953889137883944], [4.713933146534855, 4.053672490470833, 2.7143928400288706, 2.018038899525973, 1.0166468511730118, 2.112956194529361, 3.3017799002962023, 3.1367592798938206, 4.362073336155641, 5.78974766721314, 4.826895587227883, 2.6786382323860005, 0.0, 2.3065544108041327, 2.679048125734213, 3.9337901291248367, 4.052709407297789, 5.267482880845462], [5.008226718110913, 4.970623688230683, 4.010489431478407, 2.780995679608295, 2.1048644730718413, 1.0983340156801118, 2.1762907664188624, 2.8580132627403954, 4.1059385212153385, 6.011626082849798, 5.956596602087471, 4.484953517038945, 2.3065544108041327, 0.0, 1.7698506857924483, 3.044404324330131, 2.3645241106827397, 4.629261181873411], [5.581879630554568, 5.539785768421014, 4.488865069257484, 3.1761841854653206, 2.12562099632084, 1.094768514344471, 2.19147272171022, 3.248670681986711, 4.592383312616664, 6.609633358212845, 6.546028937455135, 4.900910274632663, 2.679048125734213, 1.7698506857924483, 0.0, 2.3955752169364253, 2.768353731010544, 5.0649606276850765], [4.251924849994412, 4.722991460928126, 4.206397276767852, 2.964589674811676, 2.965173573334283, 2.18762447874401, 1.0949080189678035, 2.1311396434771703, 3.0274677157651078, 5.099992902936239, 5.78445760032866, 5.013611650297618, 3.9337901291248367, 3.044404324330131, 2.3955752169364253, 0.0, 1.7948562115111062, 3.17380828973648], [4.243725590798727, 4.856516020770445, 4.446472537866392, 3.194727396821206, 3.329458463474203, 2.1919900227875124, 1.0933065855467987, 2.166297971194175, 2.9244567170672915, 5.036797437856718, 5.934201509049048, 5.324667818747006, 4.052709407297789, 2.3645241106827397, 2.768353731010544, 1.7948562115111062, 0.0, 2.9153784831475997], [2.1621920289373007, 3.4189282589723926, 3.9118811702299956, 3.4121069707733374, 4.500833285070666, 4.248802930238116, 2.898612048895126, 2.156081890838101, 1.0845679738955967, 2.4914197338064095, 4.311584303942114, 4.9953889137883944, 5.267482880845462, 4.629261181873411, 5.0649606276850765, 3.17380828973648, 2.9153784831475997, 0.0]]}