{"total energy": -61.56212211, "HOMO-LUMO gap/eV": 3.97218596, "electronic energy": -62.12966649, "dipole": [-0.57702375, -0.71717279, 2.06607189], "partial charges": [-0.10826692, 0.00500545, -0.09769244, -0.00083482, -0.11055622, 0.26092902, -0.41687312, 0.06792148, -0.0538875, 0.08946607, -0.29498008, 0.6868092, -0.49991332, -0.28789908, 0.03369891, -0.29037776, 0.03481518, -0.1227991, 0.04743138, 0.03928718, 0.05087027, 0.07135003, 0.04822365, 0.05719881, 0.05388184, 0.04863091, 0.04433884, 0.05211686, 0.0781885, 0.05231178, 0.07114931, 0.07203208, 0.06674844, 0.05732816, 0.06739715, 0.0579282, 0.06902166], "atomic dipole moments": [[-0.08276412, 0.09070468, 0.00381334], [0.14175804, 0.0829644, 0.07352317], [-0.01386977, -0.03403444, 0.02610399], [-0.06820247, 0.01902266, -0.1472545], [0.11677279, -0.04912699, -0.03385439], [0.00045929, -0.00079406, 0.0102719], [-0.01127723, 0.0315187, 0.19489439], [-0.20358798, 0.13196024, -0.06078573], [0.11364835, -0.12846292, 0.00245953], [0.03423959, -0.0246084, 0.27102843], [0.02735277, -0.10543859, -0.16765661], [-0.21951991, 0.05629265, 0.15173069], [-0.10970645, 0.02408371, 0.08324441], [0.11349482, 0.1211654, -0.1110242], [-0.22382672, -0.17854069, -0.10443064], [0.18085752, -0.07781603, 0.02993341], [-0.06408179, 0.29688437, -0.02426314], [0.08416201, -0.02557253, -0.10130051], [-0.05019698, -0.1051024, -0.05039285], [0.04293301, -0.03087986, 0.11363408], [0.10607011, 0.03077807, -0.07174197], [-0.04520149, 0.01825021, -0.11961132], [-0.09893917, -0.03576646, 0.06570298], [0.02118635, -0.1097016, 0.05756157], [0.09241417, 0.07722083, 0.04960549], [-0.00359272, 0.01711233, 0.12688871], [-0.09703773, -0.07502227, -0.02878077], [-0.0284824, 0.11435664, -0.05441232], [0.05043503, 0.13092924, 0.05175456], [-0.0385093, -0.11440832, -0.04146361], [0.10641451, 0.02747766, -0.05355568], [0.01202357, -0.0005924, 0.1232002], [0.10170785, -0.04613903, -0.05500664], [-0.03712732, 0.11115761, -0.04225408], [0.07153503, -0.02261217, -0.09974722], [0.05964642, -0.00230433, 0.10976573], [-0.09870799, -0.07299555, 0.00063071]], "atomic quadrupole moments": [[0.0375752, -0.18619808, 0.09149968, 0.00761611, 0.0151656, -0.12907488], [-0.04256922, 0.03144901, 0.23507958, 0.05457413, 0.13783972, -0.19251036], [-0.02538726, -0.00862743, -0.01161193, 0.01622647, 0.05596765, 0.03699919], [-0.01464961, -0.07568617, -0.20066763, -0.08762648, 0.070957, 0.21531723], [0.17258465, -0.12424987, -0.08791351, -0.09691713, 0.04866776, -0.08467114], [0.35662359, -0.3110126, -0.07742577, 0.141727, 0.00269681, -0.27919781], [0.11496524, -0.11960671, -0.05588001, 0.03202439, -0.01132039, -0.05908523], [-0.37215133, -0.12802839, 0.09147488, -0.24161671, -0.0697055, 0.28067645], [-0.25447356, -0.10670199, -0.11486108, -0.24624926, -0.21338542, 0.36933464], [-0.18688503, -0.1914673, -0.17116879, 0.22449503, -0.16425492, 0.35805381], [-0.0854, -0.07589731, -0.01705193, 0.05982439, -0.04725721, 0.10245193], [-0.74661541, 0.30430441, 0.81677681, 1.1895885, -0.29012072, -0.0701614], [0.03732539, -0.01848252, -0.04128103, -0.06364889, 0.01382072, 0.00395565], [0.00879608, 0.11138026, -0.03524078, 0.05628517, 0.02833733, 0.0264447], [0.15806973, 0.39344916, 0.02135457, 0.20493065, 0.16563323, -0.1794243], [-0.00990337, -0.0056983, 0.13593028, 0.01302324, -0.01717474, -0.1260269], [-0.22612, -0.18074516, 0.52993275, 0.02450672, -0.08682803, -0.30381275], [0.00272168, -0.34008143, 0.20247985, -0.02802597, 0.00834757, -0.20520154], [-0.01021007, 0.04103719, 0.04006984, 0.02927211, 0.04305766, -0.02985977], [-0.02929275, -0.01509463, -0.04338126, 0.02709803, -0.01505732, 0.07267402], [0.02374102, 0.02256126, -0.0194777, -0.04826661, -0.03263695, -0.00426333], [-0.03464727, -0.0094086, -5.556e-05, 0.01581637, -0.01012335, 0.03470284], [0.0007546, 0.01494164, -0.0072468, -0.04425247, -0.00762456, 0.0064922], [-0.03328975, -0.00638238, 0.04016218, -0.0112191, -0.01929379, -0.00687243], [0.01754681, 0.03856814, 0.00587514, -0.01118167, 0.01927024, -0.02342195], [-0.03249685, -0.00469105, -0.04992812, 0.00700758, 0.01469033, 0.08242497], [0.01967491, 0.05019751, 0.02203807, 0.02340791, 0.02886199, -0.04171299], [-0.02881783, -0.00641237, 0.04809798, -0.0007017, -0.05433417, -0.01928015], [0.03243949, -0.00218774, 0.01725218, 0.02276541, 0.02506827, -0.04969167], [-0.0143212, 0.02157416, 0.00471449, 0.03990882, -0.00351389, 0.00960671], [0.01741193, 0.01560164, -0.02692414, -0.01635079, -0.02853402, 0.00951221], [-0.03704668, 0.01767369, -0.04179146, 0.0017286, -0.01052127, 0.07883814], [0.04830559, -0.00490796, -0.02190049, -0.02250606, 0.03558125, -0.02640509], [-0.01658382, -0.00027168, 0.05159049, 0.03377283, -0.01720561, -0.03500667], [-0.02068948, -0.02132981, 0.01002311, -0.051862, 0.0083023, 0.01066637], [-0.03451578, -0.00893539, 0.01037757, 0.04867697, -0.00854312, 0.02413821], [0.05606757, 0.04447468, 0.00173152, 0.00188454, -0.00200061, -0.05779909]], "number of molecular orbitals": 101, "number of electrons": 106, "number of unpaired electrons": 0, "orbital energies/eV": [-28.99878299, -20.33345536, -19.90538671, -19.84319586, -19.16273915, -18.87348041, -18.27502933, -18.17768787, -18.0174519, -17.75901849, -17.69547938, -17.50732243, -17.35661717, -16.68325742, -16.64154986, -16.41965505, -16.24571353, -16.23299837, -16.06666536, -15.68627219, -15.46393831, -15.45040641, -15.30462922, -15.26028035, -15.16470004, -15.03518777, -15.00390885, -14.7221835, -14.59314949, -14.14346413, -14.08002829, -14.04150216, -13.77538846, -13.77136041, -13.41715012, -13.32266982, -13.23859795, -13.17200332, -13.13245753, -13.03265354, -12.89521828, -12.70218347, -12.42577989, -12.41037096, -12.36013596, -12.30402985, -12.185336, -11.94836105, -11.85619974, -11.83188791, -11.27445737, -10.90324383, -10.80787966, -6.8356937, -6.4382928, -4.001425, -2.11881335, -1.91821784, -1.67275263, -1.02829193, -0.00643052, 0.19140248, 0.19851452, 0.49698417, 0.52594672, 1.62002361, 1.81367588, 1.88522681, 2.20636508, 2.61014205, 2.96595444, 3.07620259, 3.168226, 3.31607417, 3.44012797, 3.6507632, 3.95627778, 4.18176444, 4.23903787, 4.36754273, 4.55945559, 4.62065713, 4.7182435, 4.83237902, 4.89223004, 5.15187186, 5.39693792, 5.94339134, 6.10827869, 6.48616601, 6.76997514, 7.08360801, 8.878633, 10.10102971, 12.06837568, 12.14263901, 14.9628269, 15.15285093, 26.87381604, 27.22163139, 31.24740323], "fractional occupation": [2.0, 2.0, 2.0, 2.0, 2.0, 2.0, 2.0, 2.0, 2.0, 2.0, 2.0, 2.0, 2.0, 2.0, 2.0, 2.0, 2.0, 2.0, 2.0, 2.0, 2.0, 2.0, 2.0, 2.0, 2.0, 2.0, 2.0, 2.0, 2.0, 2.0, 2.0, 2.0, 2.0, 2.0, 2.0, 2.0, 2.0, 2.0, 2.0, 2.0, 2.0, 2.0, 2.0, 2.0, 2.0, 2.0, 2.0, 2.0, 2.0, 2.0, 2.0, 2.0, 2.0, 0.0, 0.0, 0.0, 0.0, 0.0, 0.0, 0.0, 0.0, 0.0, 0.0, 0.0, 0.0, 0.0, 0.0, 0.0, 0.0, 0.0, 0.0, 0.0, 0.0, 0.0, 0.0, 0.0, 0.0, 0.0, 0.0, 0.0, 0.0, 0.0, 0.0, 0.0, 0.0, 0.0, 0.0, 0.0, 0.0, 0.0, 0.0, 0.0, 0.0, 0.0, 0.0, 0.0, 0.0, 0.0, 0.0, 0.0, 0.0], "program call": "xtb /home/svss/Project-DBcg-Debug/aqme2_20220329/End-to-End-workflows-final/example-3/QDESCP/mol_293_rdkit_conf_1/mol_293_rdkit_conf_1.xyz --pop --wbo --acc 0.2 --gfn 2 --chrg 0 --uhf 0 --etemp 300 --input /home/svss/Project-DBcg-Debug/aqme2_20220329/End-to-End-workflows-final/example-3/QDESCP/mol_293_rdkit_conf_1/mol_293_rdkit_conf_1_xtb.inp", "method": "GFN2-xTB", "xtb version": "6.3.3 (7355c4f)", "Dipole module/D": 5.749, "Total charge": 0, "Transition dipole module/D": NaN, "HOMO": -10.8079, "LUMO": -6.8357, "HOMO occupancy": 2.0, "LUMO occupancy": 0, "mulliken charges": [-0.0933, 0.10227, -0.27945, 0.08976, -0.09608, 0.45356, -0.54727, 0.07489, -0.07237, 0.2127, -0.34289, 0.52958, -0.42632, -0.33471, 0.18056, -0.33781, 0.1804, -0.07426, 0.03284, 0.03041, 0.04965, 0.05479, 0.02458, 0.04076, 0.038, 0.03767, 0.03571, 0.03645, 0.05177, 0.05048, 0.05319, 0.03519, 0.04541, 0.04219, 0.04645, 0.04315, 0.032], "cm5 charges": [-0.23782, 0.05228, -0.53548, 0.03816, -0.24094, 0.54961, -0.59033, 0.07493, -0.12492, 0.14305, -0.4018, 0.52419, -0.44221, -0.39896, 0.0662, -0.40428, 0.06577, -0.07508, 0.08414, 0.08537, 0.10481, 0.12374, 0.08975, 0.10636, 0.10583, 0.08888, 0.08913, 0.09071, 0.11098, 0.12326, 0.11937, 0.09468, 0.10804, 0.10548, 0.10901, 0.10651, 0.0916], "FUKUI+": [0.013, 0.02, -0.064, 0.018, 0.013, -0.051, -0.123, -0.077, -0.084, 0.014, -0.007, -0.047, -0.008, -0.009, 0.009, 0.013, 0.01, -0.176, -0.034, -0.018, -0.005, -0.022, -0.04, -0.041, -0.004, -0.03, -0.025, -0.001, -0.089, -0.032, -0.059, -0.018, -0.013, 0.0, -0.01, -0.014, -0.01], "FUKUI-": [0.007, 0.014, -0.076, 0.014, 0.008, -0.008, -0.117, -0.01, -0.028, 0.012, -0.004, -0.072, -0.053, -0.024, 0.014, 0.006, 0.013, -0.152, -0.038, -0.022, -0.015, -0.036, -0.044, -0.037, -0.029, -0.036, -0.03, -0.016, -0.049, -0.017, -0.044, -0.034, -0.031, -0.017, -0.016, -0.017, -0.018], "FUKUIrad": [0.01, 0.017, -0.07, 0.016, 0.01, -0.029, -0.12, -0.043, -0.056, 0.013, -0.005, -0.06, -0.03, -0.017, 0.012, 0.009, 0.011, -0.164, -0.036, -0.02, -0.01, -0.029, -0.042, -0.039, -0.017, -0.033, -0.027, -0.009, -0.069, -0.024, -0.051, -0.026, -0.022, -0.008, -0.013, -0.015, -0.014], "s proportion": [1.012, 1.004, 1.451, 1.007, 1.012, 0.998, 1.732, 1.095, 1.067, 0.993, 1.643, 1.308, 1.671, 1.639, 0.973, 1.641, 0.973, 1.944, 0.967, 0.97, 0.95, 0.945, 0.975, 0.959, 0.962, 0.962, 0.964, 0.964, 0.948, 0.95, 0.947, 0.965, 0.955, 0.958, 0.954, 0.957, 0.968], "p proportion": [3.081, 2.894, 3.828, 2.904, 3.084, 2.549, 4.816, 2.83, 3.005, 2.794, 4.7, 1.858, 4.755, 4.696, 2.846, 4.697, 2.846, 5.138, 0.0, 0.0, 0.0, 0.0, 0.0, 0.0, 0.0, 0.0, 0.0, 0.0, 0.0, 0.0, 0.0, 0.0, 0.0, 0.0, 0.0, 0.0, 0.0], "d proportion": [0.0, 0.0, 0.0, 0.0, 0.0, 0.0, 0.0, 0.0, 0.0, 0.0, 0.0, 1.304, 0.0, 0.0, 0.0, 0.0, 0.0, -0.008, 0.0, 0.0, 0.0, 0.0, 0.0, 0.0, 0.0, 0.0, 0.0, 0.0, 0.0, 0.0, 0.0, 0.0, 0.0, 0.0, 0.0, 0.0, 0.0], "Fermi-level/eV": -8.8218, "Coordination numbers": [3.749, 3.743, 2.729, 3.736, 3.749, 2.786, 0.858, 2.856, 2.935, 3.996, 1.659, 4.157, 0.808, 1.657, 3.925, 1.657, 3.927, 0.962, 0.924, 0.924, 0.924, 0.924, 0.924, 0.924, 0.924, 0.924, 0.924, 0.924, 0.925, 0.924, 0.924, 0.924, 0.924, 0.924, 0.924, 0.924, 0.924], "Dispersion coefficient C6": [22.635, 20.566, 23.152, 20.679, 22.68, 22.606, 22.021, 26.474, 29.338, 19.03, 18.921, 133.179, 23.809, 18.799, 19.946, 18.842, 19.927, 102.985, 2.352, 2.458, 2.309, 2.071, 2.342, 2.232, 2.272, 2.337, 2.392, 2.294, 1.998, 2.291, 2.073, 2.063, 2.122, 2.231, 2.114, 2.223, 2.096], "Total dispersion C6": 15411.77119, "Total dispersion C8": 390905.242128, "Polarizability alpha": [6.785, 6.47, 7.146, 6.49, 6.792, 7.788, 6.292, 8.433, 8.883, 6.197, 5.872, 20.73, 6.541, 5.853, 6.347, 5.86, 6.344, 15.526, 2.399, 2.452, 2.376, 2.25, 2.393, 2.336, 2.357, 2.391, 2.419, 2.368, 2.21, 2.367, 2.252, 2.246, 2.278, 2.336, 2.274, 2.332, 2.264], "Total polarizability alpha": 188.650803, "Wiberg matrix": [[0.0, 1.0108406637397604, 0.0, 0.0, 0.0, 0.0, 0.0, 0.0, 0.0, 0.0, 0.0, 0.0, 0.0, 0.0, 0.0, 0.0, 0.0, 0.0, 0.9834597992833052, 0.9847143719792807, 0.9853674858043916, 0.0, 0.0, 0.0, 0.0, 0.0, 0.0, 0.0, 0.0, 0.0, 0.0, 0.0, 0.0, 0.0, 0.0, 0.0, 0.0], [1.0108406637397604, 0.0, 0.9802251177534871, 0.0, 0.0, 0.0, 0.0, 0.0, 0.0, 0.0, 0.0, 0.0, 0.0, 0.0, 0.0, 0.0, 0.0, 0.0, 0.0, 0.0, 0.0, 0.9672876794036731, 0.9698834135647919, 0.0, 0.0, 0.0, 0.0, 0.0, 0.0, 0.0, 0.0, 0.0, 0.0, 0.0, 0.0, 0.0, 0.0], [0.0, 0.9802251177534871, 0.0, 0.983101943641765, 0.0, 1.2416095801602358, 0.21440314553159628, 0.0, 0.0, 0.0, 0.0, 0.0, 0.0, 0.0, 0.0, 0.0, 0.0, 0.0, 0.0, 0.0, 0.0, 0.0, 0.0, 0.0, 0.0, 0.0, 0.0, 0.0, 0.0, 0.0, 0.0, 0.0, 0.0, 0.0, 0.0, 0.0, 0.0], [0.0, 0.0, 0.983101943641765, 0.0, 1.0109699660988094, 0.0, 0.0, 0.0, 0.0, 0.0, 0.0, 0.0, 0.0, 0.0, 0.0, 0.0, 0.0, 0.0, 0.0, 0.0, 0.0, 0.0, 0.0, 0.9678395779992485, 0.9686520568122093, 0.0, 0.0, 0.0, 0.0, 0.0, 0.0, 0.0, 0.0, 0.0, 0.0, 0.0, 0.0], [0.0, 0.0, 0.0, 1.0109699660988094, 0.0, 0.0, 0.0, 0.0, 0.0, 0.0, 0.0, 0.0, 0.0, 0.0, 0.0, 0.0, 0.0, 0.0, 0.0, 0.0, 0.0, 0.0, 0.0, 0.0, 0.0, 0.9830962383589238, 0.9847504534007204, 0.9850386787381022, 0.0, 0.0, 0.0, 0.0, 0.0, 0.0, 0.0, 0.0, 0.0], [0.0, 0.0, 1.2416095801602358, 0.0, 0.0, 0.0, 1.6692005028704877, 0.9600912197817224, 0.0, 0.0, 0.0, 0.0, 0.0, 0.0, 0.0, 0.0, 0.0, 0.0, 0.0, 0.0, 0.0, 0.0, 0.0, 0.0, 0.0, 0.0, 0.0, 0.0, 0.0, 0.0, 0.0, 0.0, 0.0, 0.0, 0.0, 0.0, 0.0], [0.0, 0.0, 0.21440314553159628, 0.0, 0.0, 1.6692005028704877, 0.0, 0.0, 0.0, 0.0, 0.0, 0.0, 0.0, 0.0, 0.0, 0.0, 0.0, 0.0, 0.0, 0.0, 0.0, 0.0, 0.0, 0.0, 0.0, 0.0, 0.0, 0.0, 0.0, 0.0, 0.0, 0.0, 0.0, 0.0, 0.0, 0.0, 0.0], [0.0, 0.0, 0.0, 0.0, 0.0, 0.9600912197817224, 0.0, 0.0, 1.846392406834672, 0.0, 0.0, 0.0, 0.0, 0.0, 0.0, 0.0, 0.0, 0.9920261140723555, 0.0, 0.0, 0.0, 0.0, 0.0, 0.0, 0.0, 0.0, 0.0, 0.0, 0.0, 0.0, 0.0, 0.0, 0.0, 0.0, 0.0, 0.0, 0.0], [0.0, 0.0, 0.0, 0.0, 0.0, 0.0, 0.0, 1.846392406834672, 0.0, 1.0130267924588148, 0.0, 0.0, 0.0, 0.0, 0.0, 0.0, 0.0, 0.0, 0.0, 0.0, 0.0, 0.0, 0.0, 0.0, 0.0, 0.0, 0.0, 0.0, 0.9579778674690328, 0.0, 0.0, 0.0, 0.0, 0.0, 0.0, 0.0, 0.0], [0.0, 0.0, 0.0, 0.0, 0.0, 0.0, 0.0, 0.0, 1.0130267924588148, 0.0, 0.9272194798612933, 0.0, 0.0, 0.0, 0.0, 0.0, 0.0, 0.0, 0.0, 0.0, 0.0, 0.0, 0.0, 0.0, 0.0, 0.0, 0.0, 0.0, 0.0, 0.9661216176225516, 0.9555918231422649, 0.0, 0.0, 0.0, 0.0, 0.0, 0.0], [0.0, 0.0, 0.0, 0.0, 0.0, 0.0, 0.0, 0.0, 0.0, 0.9272194798612933, 0.0, 1.1649038275905175, 0.0, 0.0, 0.0, 0.0, 0.0, 0.0, 0.0, 0.0, 0.0, 0.0, 0.0, 0.0, 0.0, 0.0, 0.0, 0.0, 0.0, 0.0, 0.0, 0.0, 0.0, 0.0, 0.0, 0.0, 0.0], [0.0, 0.0, 0.0, 0.0, 0.0, 0.0, 0.0, 0.0, 0.0, 0.0, 1.1649038275905175, 0.0, 1.8213483781642044, 1.1732987137004744, 0.0, 1.1708439030332514, 0.0, 0.0, 0.0, 0.0, 0.0, 0.0, 0.0, 0.0, 0.0, 0.0, 0.0, 0.0, 0.0, 0.0, 0.0, 0.0, 0.0, 0.0, 0.0, 0.0, 0.0], [0.0, 0.0, 0.0, 0.0, 0.0, 0.0, 0.0, 0.0, 0.0, 0.0, 0.0, 1.8213483781642044, 0.0, 0.0, 0.0, 0.0, 0.0, 0.0, 0.0, 0.0, 0.0, 0.0, 0.0, 0.0, 0.0, 0.0, 0.0, 0.0, 0.0, 0.0, 0.0, 0.0, 0.0, 0.0, 0.0, 0.0, 0.0], [0.0, 0.0, 0.0, 0.0, 0.0, 0.0, 0.0, 0.0, 0.0, 0.0, 0.0, 1.1732987137004744, 0.0, 0.0, 0.9469436320519897, 0.0, 0.0, 0.0, 0.0, 0.0, 0.0, 0.0, 0.0, 0.0, 0.0, 0.0, 0.0, 0.0, 0.0, 0.0, 0.0, 0.0, 0.0, 0.0, 0.0, 0.0, 0.0], [0.0, 0.0, 0.0, 0.0, 0.0, 0.0, 0.0, 0.0, 0.0, 0.0, 0.0, 0.0, 0.0, 0.9469436320519897, 0.0, 0.0, 0.0, 0.0, 0.0, 0.0, 0.0, 0.0, 0.0, 0.0, 0.0, 0.0, 0.0, 0.0, 0.0, 0.0, 0.0, 0.9782608099521939, 0.9790469664126312, 0.9810292796041356, 0.0, 0.0, 0.0], [0.0, 0.0, 0.0, 0.0, 0.0, 0.0, 0.0, 0.0, 0.0, 0.0, 0.0, 1.1708439030332514, 0.0, 0.0, 0.0, 0.0, 0.9471535025488951, 0.0, 0.0, 0.0, 0.0, 0.0, 0.0, 0.0, 0.0, 0.0, 0.0, 0.0, 0.0, 0.0, 0.0, 0.0, 0.0, 0.0, 0.0, 0.0, 0.0], [0.0, 0.0, 0.0, 0.0, 0.0, 0.0, 0.0, 0.0, 0.0, 0.0, 0.0, 0.0, 0.0, 0.0, 0.0, 0.9471535025488951, 0.0, 0.0, 0.0, 0.0, 0.0, 0.0, 0.0, 0.0, 0.0, 0.0, 0.0, 0.0, 0.0, 0.0, 0.0, 0.0, 0.0, 0.0, 0.9790888759658729, 0.9810299207095474, 0.9779249008833412], [0.0, 0.0, 0.0, 0.0, 0.0, 0.0, 0.0, 0.9920261140723555, 0.0, 0.0, 0.0, 0.0, 0.0, 0.0, 0.0, 0.0, 0.0, 0.0, 0.0, 0.0, 0.0, 0.0, 0.0, 0.0, 0.0, 0.0, 0.0, 0.0, 0.0, 0.0, 0.0, 0.0, 0.0, 0.0, 0.0, 0.0, 0.0], [0.9834597992833052, 0.0, 0.0, 0.0, 0.0, 0.0, 0.0, 0.0, 0.0, 0.0, 0.0, 0.0, 0.0, 0.0, 0.0, 0.0, 0.0, 0.0, 0.0, 0.0, 0.0, 0.0, 0.0, 0.0, 0.0, 0.0, 0.0, 0.0, 0.0, 0.0, 0.0, 0.0, 0.0, 0.0, 0.0, 0.0, 0.0], [0.9847143719792807, 0.0, 0.0, 0.0, 0.0, 0.0, 0.0, 0.0, 0.0, 0.0, 0.0, 0.0, 0.0, 0.0, 0.0, 0.0, 0.0, 0.0, 0.0, 0.0, 0.0, 0.0, 0.0, 0.0, 0.0, 0.0, 0.0, 0.0, 0.0, 0.0, 0.0, 0.0, 0.0, 0.0, 0.0, 0.0, 0.0], [0.9853674858043916, 0.0, 0.0, 0.0, 0.0, 0.0, 0.0, 0.0, 0.0, 0.0, 0.0, 0.0, 0.0, 0.0, 0.0, 0.0, 0.0, 0.0, 0.0, 0.0, 0.0, 0.0, 0.0, 0.0, 0.0, 0.0, 0.0, 0.0, 0.0, 0.0, 0.0, 0.0, 0.0, 0.0, 0.0, 0.0, 0.0], [0.0, 0.9672876794036731, 0.0, 0.0, 0.0, 0.0, 0.0, 0.0, 0.0, 0.0, 0.0, 0.0, 0.0, 0.0, 0.0, 0.0, 0.0, 0.0, 0.0, 0.0, 0.0, 0.0, 0.0, 0.0, 0.0, 0.0, 0.0, 0.0, 0.0, 0.0, 0.0, 0.0, 0.0, 0.0, 0.0, 0.0, 0.0], [0.0, 0.9698834135647919, 0.0, 0.0, 0.0, 0.0, 0.0, 0.0, 0.0, 0.0, 0.0, 0.0, 0.0, 0.0, 0.0, 0.0, 0.0, 0.0, 0.0, 0.0, 0.0, 0.0, 0.0, 0.0, 0.0, 0.0, 0.0, 0.0, 0.0, 0.0, 0.0, 0.0, 0.0, 0.0, 0.0, 0.0, 0.0], [0.0, 0.0, 0.0, 0.9678395779992485, 0.0, 0.0, 0.0, 0.0, 0.0, 0.0, 0.0, 0.0, 0.0, 0.0, 0.0, 0.0, 0.0, 0.0, 0.0, 0.0, 0.0, 0.0, 0.0, 0.0, 0.0, 0.0, 0.0, 0.0, 0.0, 0.0, 0.0, 0.0, 0.0, 0.0, 0.0, 0.0, 0.0], [0.0, 0.0, 0.0, 0.9686520568122093, 0.0, 0.0, 0.0, 0.0, 0.0, 0.0, 0.0, 0.0, 0.0, 0.0, 0.0, 0.0, 0.0, 0.0, 0.0, 0.0, 0.0, 0.0, 0.0, 0.0, 0.0, 0.0, 0.0, 0.0, 0.0, 0.0, 0.0, 0.0, 0.0, 0.0, 0.0, 0.0, 0.0], [0.0, 0.0, 0.0, 0.0, 0.9830962383589238, 0.0, 0.0, 0.0, 0.0, 0.0, 0.0, 0.0, 0.0, 0.0, 0.0, 0.0, 0.0, 0.0, 0.0, 0.0, 0.0, 0.0, 0.0, 0.0, 0.0, 0.0, 0.0, 0.0, 0.0, 0.0, 0.0, 0.0, 0.0, 0.0, 0.0, 0.0, 0.0], [0.0, 0.0, 0.0, 0.0, 0.9847504534007204, 0.0, 0.0, 0.0, 0.0, 0.0, 0.0, 0.0, 0.0, 0.0, 0.0, 0.0, 0.0, 0.0, 0.0, 0.0, 0.0, 0.0, 0.0, 0.0, 0.0, 0.0, 0.0, 0.0, 0.0, 0.0, 0.0, 0.0, 0.0, 0.0, 0.0, 0.0, 0.0], [0.0, 0.0, 0.0, 0.0, 0.9850386787381022, 0.0, 0.0, 0.0, 0.0, 0.0, 0.0, 0.0, 0.0, 0.0, 0.0, 0.0, 0.0, 0.0, 0.0, 0.0, 0.0, 0.0, 0.0, 0.0, 0.0, 0.0, 0.0, 0.0, 0.0, 0.0, 0.0, 0.0, 0.0, 0.0, 0.0, 0.0, 0.0], [0.0, 0.0, 0.0, 0.0, 0.0, 0.0, 0.0, 0.0, 0.9579778674690328, 0.0, 0.0, 0.0, 0.0, 0.0, 0.0, 0.0, 0.0, 0.0, 0.0, 0.0, 0.0, 0.0, 0.0, 0.0, 0.0, 0.0, 0.0, 0.0, 0.0, 0.0, 0.0, 0.0, 0.0, 0.0, 0.0, 0.0, 0.0], [0.0, 0.0, 0.0, 0.0, 0.0, 0.0, 0.0, 0.0, 0.0, 0.9661216176225516, 0.0, 0.0, 0.0, 0.0, 0.0, 0.0, 0.0, 0.0, 0.0, 0.0, 0.0, 0.0, 0.0, 0.0, 0.0, 0.0, 0.0, 0.0, 0.0, 0.0, 0.0, 0.0, 0.0, 0.0, 0.0, 0.0, 0.0], [0.0, 0.0, 0.0, 0.0, 0.0, 0.0, 0.0, 0.0, 0.0, 0.9555918231422649, 0.0, 0.0, 0.0, 0.0, 0.0, 0.0, 0.0, 0.0, 0.0, 0.0, 0.0, 0.0, 0.0, 0.0, 0.0, 0.0, 0.0, 0.0, 0.0, 0.0, 0.0, 0.0, 0.0, 0.0, 0.0, 0.0, 0.0], [0.0, 0.0, 0.0, 0.0, 0.0, 0.0, 0.0, 0.0, 0.0, 0.0, 0.0, 0.0, 0.0, 0.0, 0.9782608099521939, 0.0, 0.0, 0.0, 0.0, 0.0, 0.0, 0.0, 0.0, 0.0, 0.0, 0.0, 0.0, 0.0, 0.0, 0.0, 0.0, 0.0, 0.0, 0.0, 0.0, 0.0, 0.0], [0.0, 0.0, 0.0, 0.0, 0.0, 0.0, 0.0, 0.0, 0.0, 0.0, 0.0, 0.0, 0.0, 0.0, 0.9790469664126312, 0.0, 0.0, 0.0, 0.0, 0.0, 0.0, 0.0, 0.0, 0.0, 0.0, 0.0, 0.0, 0.0, 0.0, 0.0, 0.0, 0.0, 0.0, 0.0, 0.0, 0.0, 0.0], [0.0, 0.0, 0.0, 0.0, 0.0, 0.0, 0.0, 0.0, 0.0, 0.0, 0.0, 0.0, 0.0, 0.0, 0.9810292796041356, 0.0, 0.0, 0.0, 0.0, 0.0, 0.0, 0.0, 0.0, 0.0, 0.0, 0.0, 0.0, 0.0, 0.0, 0.0, 0.0, 0.0, 0.0, 0.0, 0.0, 0.0, 0.0], [0.0, 0.0, 0.0, 0.0, 0.0, 0.0, 0.0, 0.0, 0.0, 0.0, 0.0, 0.0, 0.0, 0.0, 0.0, 0.0, 0.9790888759658729, 0.0, 0.0, 0.0, 0.0, 0.0, 0.0, 0.0, 0.0, 0.0, 0.0, 0.0, 0.0, 0.0, 0.0, 0.0, 0.0, 0.0, 0.0, 0.0, 0.0], [0.0, 0.0, 0.0, 0.0, 0.0, 0.0, 0.0, 0.0, 0.0, 0.0, 0.0, 0.0, 0.0, 0.0, 0.0, 0.0, 0.9810299207095474, 0.0, 0.0, 0.0, 0.0, 0.0, 0.0, 0.0, 0.0, 0.0, 0.0, 0.0, 0.0, 0.0, 0.0, 0.0, 0.0, 0.0, 0.0, 0.0, 0.0], [0.0, 0.0, 0.0, 0.0, 0.0, 0.0, 0.0, 0.0, 0.0, 0.0, 0.0, 0.0, 0.0, 0.0, 0.0, 0.0, 0.9779249008833412, 0.0, 0.0, 0.0, 0.0, 0.0, 0.0, 0.0, 0.0, 0.0, 0.0, 0.0, 0.0, 0.0, 0.0, 0.0, 0.0, 0.0, 0.0, 0.0, 0.0]], "Born radii": [], "Atomic SASAs": [], "Solvent H bonds": [], "Total SASA": NaN, "Total FOD": 0.0, "FOD": [0.0, 0.0, 0.0, 0.0, 0.0, 0.0, 0.0, 0.0, 0.0, 0.0, 0.0, 0.0, 0.0, 0.0, 0.0, 0.0, 0.0, 0.0, 0.0, 0.0, 0.0, 0.0, 0.0, 0.0, 0.0, 0.0, 0.0, 0.0, 0.0, 0.0, 0.0, 0.0, 0.0, 0.0, 0.0, 0.0, 0.0], "FOD s proportion": [0.0, 0.0, 0.0, 0.0, 0.0, 0.0, 0.0, 0.0, 0.0, 0.0, 0.0, 0.0, 0.0, 0.0, 0.0, 0.0, 0.0, 0.0, 0.0, 0.0, 0.0, 0.0, 0.0, 0.0, 0.0, 0.0, 0.0, 0.0, 0.0, 0.0, 0.0, 0.0, 0.0, 0.0, 0.0, 0.0, 0.0], "FOD p proportion": [0.0, 0.0, 0.0, 0.0, 0.0, 0.0, 0.0, 0.0, 0.0, 0.0, 0.0, 0.0, 0.0, 0.0, 0.0, 0.0, 0.0, 0.0, 0.0, 0.0, 0.0, 0.0, 0.0, 0.0, 0.0, 0.0, 0.0, 0.0, 0.0, 0.0, 0.0, 0.0, 0.0, 0.0, 0.0, 0.0, 0.0], "FOD d proportion": [0.0, 0.0, 0.0, 0.0, 0.0, 0.0, 0.0, 0.0, 0.0, 0.0, 0.0, 0.0, 0.0, 0.0, 0.0, 0.0, 0.0, 0.0, 0.0, 0.0, 0.0, 0.0, 0.0, 0.0, 0.0, 0.0, 0.0, 0.0, 0.0, 0.0, 0.0, 0.0, 0.0, 0.0, 0.0, 0.0, 0.0], "coordinates": [["-1.57330", "-2.08430", "-1.70520"], ["-2.59770", "-0.96150", "-1.65460"], ["-2.02760", "0.26920", "-1.10820"], ["-2.09970", "0.45150", "0.34590"], ["-3.44310", "1.01460", "0.78350"], ["-1.42960", "1.15580", "-1.99780"], ["-1.34550", "0.95000", "-3.20810"], ["-0.82060", "2.39340", "-1.43810"], ["0.45680", "2.43470", "-1.03110"], ["1.41450", "1.28940", "-1.05140"], ["1.77720", "1.03170", "0.29080"], ["2.54830", "-0.35590", "0.55030"], ["3.71890", "-0.60660", "-0.34540"], ["2.88620", "-0.30040", "2.12340"], ["3.92140", "0.57770", "2.51400"], ["1.36940", "-1.44920", "0.46690"], ["1.75580", "-2.79970", "0.61750"], ["-1.82400", "3.79230", "-1.39940"], ["-2.01720", "-2.98450", "-2.14090"], ["-1.21430", "-2.33360", "-0.70200"], ["-0.70530", "-1.80210", "-2.31000"], ["-2.97190", "-0.77180", "-2.66700"], ["-3.45830", "-1.26000", "-1.04670"], ["-1.92350", "-0.51840", "0.82430"], ["-1.30550", "1.11760", "0.69090"], ["-3.45920", "1.15510", "1.86870"], ["-4.26280", "0.33980", "0.51770"], ["-3.64340", "1.98030", "0.31050"], ["0.85650", "3.37030", "-0.64870"], ["0.99570", "0.38780", "-1.50730"], ["2.30960", "1.57220", "-1.61490"], ["4.00790", "0.55590", "3.60320"], ["4.87090", "0.25620", "2.07780"], ["3.69370", "1.59930", "2.19800"], ["2.39470", "-3.10140", "-0.21680"], ["2.28620", "-2.94180", "1.56300"], ["0.85880", "-3.42380", "0.61890"]], "bond_dist": [[0.0, 1.5207352037748056, 2.470174030306367, 3.3036933589544897, 4.392375318663012, 3.256457041018659, 3.3937556983377575, 4.548373004712785, 4.999707773460365, 4.553707826595817, 4.991925705576957, 5.006219468820759, 5.660391697577121, 6.14228112511956, 7.421564574265995, 3.7122572257320745, 4.121849009849827, 5.889888936983447, 1.0941854230430967, 1.0942768068455075, 1.094917293680212, 2.145646161416183, 2.1601661371292717, 2.995505483219819, 4.00813867774058, 5.1791015031567005, 4.24864160291263, 4.986916247542162, 6.064056517711555, 3.570742754666037, 5.334328331664635, 8.142454177949054, 7.830500807100398, 7.519652132911469, 4.358308269271461, 5.129539720091852, 3.620885453863461], [1.5207352037748056, 0.0, 1.4622549230554844, 2.499314556033314, 3.250231373302522, 2.4423765352623255, 2.7631864468399523, 3.802671517499244, 4.610086435198368, 4.639843735515239, 5.1862488765966495, 5.6311323346197435, 6.4606032388624515, 6.692047251775798, 7.889551787649283, 4.525096236545694, 5.243508357960346, 4.823106174448164, 2.16009188230501, 2.168847788573463, 2.1719427432600518, 1.0958857102818704, 1.0951150715792382, 2.6068809830907127, 3.390251893296426, 4.199502434812962, 3.03064794887166, 3.68907762726674, 5.630970048757141, 3.841201809329992, 5.5229344618599265, 8.577931857971361, 8.437629347749285, 7.8090932482587245, 5.618763085413017, 6.174707852198353, 4.814469419364921], [2.470174030306367, 1.4622549230554844, 0.0, 1.4672554344762194, 2.4774564173764992, 1.3910613645702334, 2.3104824301431073, 2.465341487502289, 3.296600979797221, 3.590555206371293, 4.124937610437279, 4.907161406556748, 5.8626915090255265, 5.908731941795972, 6.971807949879285, 4.119884412213527, 5.168201162880563, 3.5409721843019324, 3.413669746768132, 2.7569953155564124, 2.7355226593833946, 2.098866582229561, 2.0950268208307024, 2.0894273904589267, 2.116121872671799, 3.4199752893844133, 2.7648967810752, 2.7479779002022564, 4.259811529868428, 3.0518338191978933, 4.556957069141644, 7.662032830783226, 7.598688521712152, 6.7404301153561414, 5.631365341549063, 6.004556676391689, 4.995240571784306], [3.3036933589544897, 2.499314556033314, 1.4672554344762194, 0.0, 1.5209532964558774, 2.5373218538451128, 3.6671836455241777, 2.930823846634253, 3.5163764715968617, 3.8735158886985346, 3.920461919213092, 4.7220311434805256, 5.9542906596839895, 5.3464061452530895, 6.400799111048558, 3.9575189576298935, 5.050638400242092, 3.779289247993596, 4.242296134170739, 3.1046432291005672, 3.7519153948350166, 3.3667138488442996, 2.5912083995695907, 1.095727616700428, 1.0924595415849503, 2.159215841457264, 2.1727847891588348, 2.1728995121726182, 4.271737473206892, 3.6083111132495214, 4.954052040501796, 6.922693147179066, 7.185185040066817, 6.189604414661733, 5.756679690585536, 5.677317686196536, 4.883154855213994], [4.392375318663012, 3.250231373302522, 2.4774564173764992, 1.5209532964558774, 0.0, 3.436531591590567, 4.509652922343359, 3.7032556284977143, 4.529754648984865, 5.199870268574014, 5.243527227925874, 6.150571229568843, 7.429464896612676, 6.601863032508324, 7.577689100906687, 5.415782699665857, 6.450193927317224, 3.886149059158694, 5.155395909142188, 4.287738673240243, 4.999908997171849, 3.913975555621164, 2.919532195403914, 2.158920517295623, 2.142082519418895, 1.0943758495142333, 1.094492014589417, 1.0938124062196406, 5.1075512224548465, 5.034241583396649, 6.257539261562807, 7.979881877571874, 8.44825301763625, 7.2990820368043545, 7.212625384005466, 7.006111596313607, 6.1832702779354545], [3.256457041018659, 2.4423765352623255, 1.3910613645702334, 2.5373218538451128, 3.436531591590567, 0.0, 1.230549690179149, 1.4885559613262782, 2.475600747293473, 3.0004044277397006, 3.9416566326863123, 4.960014003004427, 5.687137396792872, 6.142551385214453, 7.02308620550823, 4.549194663893819, 5.712490481392507, 2.732172426842786, 4.18423654446065, 3.7284533106906403, 3.061250028991425, 2.557764588463919, 3.294890671934351, 3.3183024666235594, 2.691833527542147, 4.366817937583384, 3.875644267731496, 3.3028714143908178, 3.4569255517005284, 2.590848189300176, 3.7817480098494136, 7.829271183194512, 7.557519154458028, 6.6369897378254255, 5.993411660315017, 6.5785098647034035, 5.749489508643355], [3.3937556983377575, 2.7631864468399523, 2.3104824301431073, 3.6671836455241777, 4.509652922343359, 1.230549690179149, 0.0, 2.3434640108181735, 3.1924831056718217, 3.519111713202637, 4.69044042601545, 5.567101922005739, 6.022142659386276, 6.920670292681194, 7.785966305475512, 5.1606654270549255, 6.189792172601598, 3.4027969716102664, 4.1316324836558245, 4.132769000319278, 2.9648767360549746, 2.4295187609895095, 3.744285485910496, 4.330188485504991, 3.9028054986125045, 5.5030620512583726, 4.771223005687326, 4.326939849362365, 4.15417674756383, 2.9478817683211105, 4.035489448629496, 8.67225541943963, 8.18936665499842, 7.418965179861677, 6.273022691653522, 7.148338781842953, 6.21570542496988], [4.548373004712785, 3.802671517499244, 2.465341487502289, 2.930823846634253, 3.7032556284977143, 1.4885559613262782, 2.3434640108181735, 0.0, 1.3413073659679948, 2.522701904704557, 3.404686026640342, 4.781409024544962, 5.54986968675842, 5.803551234373657, 6.434471610008082, 4.815672306127151, 6.150741087869006, 1.7219844540529392, 5.554060479505062, 4.800142904122751, 4.286691492281664, 4.01954946977892, 4.523050608825862, 3.8488207817460145, 2.5289196606456286, 4.408006702581111, 4.459951506462823, 3.3461101909530715, 2.0952685698974247, 2.7066890641519947, 3.2409535201850708, 7.218415628792789, 7.02298717783252, 5.850702736424062, 6.482480606989889, 6.864631562582219, 6.394642226113983], [4.999707773460365, 4.610086435198368, 3.296600979797221, 3.5163764715968617, 4.529754648984865, 2.475600747293473, 3.1924831056718217, 1.3413073659679948, 0.0, 1.4930885673663166, 2.33651123900571, 3.829183538301605, 4.512314992329325, 4.830489273355237, 5.29335774060284, 4.261633720769535, 5.6395235898079195, 2.679696118965731, 6.059707969861254, 5.063355301576219, 4.575645950027165, 4.971297089291687, 5.383220175694098, 4.222456259098489, 2.7938750329962865, 5.037982949554316, 5.390919365933793, 4.33797302435135, 1.0868933756353474, 2.169557388040243, 2.125463838789077, 6.133264802696848, 5.821975632893013, 4.647849134814941, 5.921734890215872, 6.243621658941227, 6.0996824712438915], [4.553707826595817, 4.639843735515239, 3.590555206371293, 3.8735158886985346, 5.199870268574014, 3.0004044277397006, 3.519111713202637, 2.522701904704557, 1.4930885673663166, 0.0, 1.4140231327669288, 2.5608509171757734, 3.066514529559578, 3.8435296239264245, 4.416236141784087, 3.131644753160869, 4.429723660681329, 4.107735953052484, 5.588362582188096, 4.489855097884563, 3.9541115626648677, 5.108738959860838, 5.499421995991942, 4.234221927343913, 3.234737165520562, 5.683130492079168, 5.9662006553584845, 5.283414315572839, 2.19172902065926, 1.0936730818667892, 1.0948571139651055, 5.378572949212458, 4.775572828467806, 3.9811293636353993, 4.57563917283695, 5.049554603130854, 5.031198547066097], [4.991925705576957, 5.1862488765966495, 4.124937610437279, 3.920461919213092, 5.243527227925874, 3.9416566326863123, 4.69044042601545, 3.404686026640342, 2.33651123900571, 1.4140231327669288, 0.0, 1.6085301427079317, 2.6189647229392, 2.522457961988663, 3.1219109340274267, 2.520352526929517, 3.8453630270755976, 4.842141038838088, 6.036596614815338, 4.610853302806325, 4.577924128903842, 5.878362348477678, 5.869519178774357, 4.047544039290987, 3.1097424507505442, 5.470363875465689, 6.08373316475994, 5.503011394682007, 2.6831695250207352, 2.0636165026477182, 2.0511661317406737, 4.0217411515412085, 3.6559197119192866, 2.762707702599028, 4.209688779470521, 4.203126941932637, 4.560985465883442], [5.006219468820759, 5.6311323346197435, 4.907161406556748, 4.7220311434805256, 6.150571229568843, 4.960014003004427, 5.567101922005739, 4.781409024544962, 3.829183538301605, 2.5608509171757734, 1.6085301427079317, 0.0, 1.4951365623246595, 1.6099379708547783, 2.571600719396384, 1.6099893353684054, 2.5699670289713836, 6.3345008185333755, 5.9157320468391745, 4.4313329078280725, 4.5671351512737175, 6.402858747465854, 6.280688606355198, 4.4831325532489, 4.1282859699880285, 6.333352651637204, 6.846615547845519, 6.62212076075331, 4.264311747515652, 2.6827922413038245, 2.9090614190834816, 3.5045698466430943, 2.846470344127969, 2.8017250917961243, 2.85478644034891, 2.7894688580444846, 3.503016788426798], [5.660391697577121, 6.4606032388624515, 5.8626915090255265, 5.9542906596839895, 7.429464896612676, 5.687137396792872, 6.022142659386276, 5.54986968675842, 4.512314992329325, 3.066514529559578, 2.6189647229392, 1.4951365623246595, 0.0, 2.6233797228003426, 3.1015707472182545, 2.6248726254810917, 3.0968735250248756, 7.154367730274983, 6.463827957951852, 5.238907786934219, 4.98622292421829, 7.084061140334688, 7.240922116001525, 5.763042173192906, 5.412151022467868, 7.715629936045405, 8.083820226848195, 7.831073854204161, 4.909282866162837, 3.123245300965008, 2.8887585880443525, 4.126302122966761, 2.818408430302464, 3.3668254201844205, 2.8273787577896243, 3.338828969863536, 4.128760387816178], [6.14228112511956, 6.692047251775798, 5.908731941795972, 5.3464061452530895, 6.601863032508324, 6.142551385214453, 6.920670292681194, 5.803551234373657, 4.830489273355237, 3.8435296239264245, 2.522457961988663, 1.6099379708547783, 2.6233797228003426, 0.0, 1.4125392065355211, 2.5227794057348736, 3.129223459582265, 7.165633061356129, 7.030787925972451, 5.378744058792908, 5.899916160421265, 7.582050232621781, 7.157027764372582, 4.98682252541636, 4.651142777855782, 6.515171026151194, 7.3550207022142375, 7.150096157395367, 5.027748898861199, 4.1508543674766525, 4.220661702861294, 2.044815057651914, 2.0617752084065804, 2.0655462957774633, 3.6828941459129667, 2.766051720413051, 4.0161546994606665], [7.421564574265995, 7.889551787649283, 6.971807949879285, 6.400799111048558, 7.577689100906687, 7.02308620550823, 7.785966305475512, 6.434471610008082, 5.29335774060284, 4.416236141784087, 3.1219109340274267, 2.571600719396384, 3.1015707472182545, 1.4125392065355211, 0.0, 3.848590134062083, 4.4377208530956525, 7.658849383556253, 8.3441196545831, 6.722628814682542, 7.095123461223209, 8.728201197268541, 8.39736255439766, 6.182182244968196, 5.561984288902658, 7.431221919038618, 8.427510886376831, 8.003055544602947, 5.214872775054057, 4.976608904665907, 4.542548260613199, 1.0928468007914012, 1.0932442270599918, 1.093329707819192, 4.829478060826035, 3.9956426629517314, 5.383579201609279], [3.7122572257320745, 4.525096236545694, 4.119884412213527, 3.9575189576298935, 5.415782699665857, 4.549194663893819, 5.1606654270549255, 4.815672306127151, 4.261633720769535, 3.131644753160869, 2.520352526929517, 1.6099893353684054, 2.6248726254810917, 2.5227794057348736, 3.848590134062083, 0.0, 1.412740446791271, 6.415154051151072, 4.541676616625186, 2.9705212101582443, 3.4842634960634076, 5.3969515154390635, 5.062950611056758, 3.440539755619749, 3.7139908790948852, 5.662402289664697, 5.909718984858755, 6.075697083462934, 4.973450514481872, 2.72244124454505, 3.7877071217294507, 4.562727906636556, 4.214723030045984, 4.206237029697684, 2.061176998707292, 2.066352392502305, 2.04520451789057], [4.121849009849827, 5.243508357960346, 5.168201162880563, 5.050638400242092, 6.450193927317224, 5.712490481392507, 6.189792172601598, 6.150741087869006, 5.6395235898079195, 4.429723660681329, 3.8453630270755976, 2.5699670289713836, 3.0968735250248756, 3.129223459582265, 4.4377208530956525, 1.412740446791271, 0.0, 7.767709936010743, 4.6774406035779865, 3.2832641486788723, 3.952527700092689, 6.103397901988695, 5.685690506877771, 4.3340909565905505, 4.972140840724446, 6.663495290011091, 6.788959143344435, 7.217618003191912, 6.362460446242475, 3.905468384201823, 4.940021640640859, 5.024580605383896, 4.6016137288998955, 5.060102534534256, 1.0932852281083834, 1.0933831990660914, 1.0927542129866166], [5.889888936983447, 4.823106174448164, 3.5409721843019324, 3.779289247993596, 3.886149059158694, 2.732172426842786, 3.4027969716102664, 1.7219844540529392, 2.679696118965731, 4.107735953052484, 4.842141038838088, 6.3345008185333755, 7.154367730274983, 7.165633061356129, 7.658849383556253, 6.415154051151072, 7.767709936010743, 0.0, 6.819982898072398, 6.195542886624223, 5.777369073375874, 4.873960707679125, 5.321754322589497, 4.851481879797141, 3.4339796781576912, 4.506570812713365, 4.6414194057421705, 3.0850151328640187, 2.8154421926226796, 4.42187412190804, 4.697013223315429, 8.337346660059183, 8.331663042874453, 6.942301423159326, 8.168174345592778, 8.427197672417563, 7.958834709930844], [1.0941854230430967, 2.16009188230501, 3.413669746768132, 4.242296134170739, 5.155395909142188, 4.18423654446065, 4.1316324836558245, 5.554060479505062, 6.059707969861254, 5.588362582188096, 6.036596614815338, 5.9157320468391745, 6.463827957951852, 7.030787925972451, 8.3441196545831, 4.541676616625186, 4.6774406035779865, 6.819982898072398, 0.0, 1.7716524574532104, 1.7741888794601324, 2.4666322364714204, 2.4995885861477287, 3.8578283969093285, 5.035159634013603, 5.94075284118099, 4.812675327715345, 5.770886191911949, 7.132201313058963, 4.566335802369335, 6.305663258531968, 9.046045930681537, 8.703188369212745, 8.511853761666726, 4.814632699386319, 5.678023428975967, 4.0100943293144615], [1.0942768068455075, 2.168847788573463, 2.7569953155564124, 3.1046432291005672, 4.287738673240243, 3.7284533106906403, 4.132769000319278, 4.800142904122751, 5.063355301576219, 4.489855097884563, 4.610853302806325, 4.4313329078280725, 5.238907786934219, 5.378744058792908, 6.722628814682542, 2.9705212101582443, 3.2832641486788723, 6.195542886624223, 1.7716524574532104, 0.0, 1.768399629608647, 3.0642457473251064, 2.5113683620687746, 2.4753802475579385, 3.7228039553540824, 4.880481757982505, 4.2341572833327765, 5.053257985695961, 6.068404134531582, 3.59703017084928, 5.33915079951859, 7.359030515631797, 7.173842144903942, 6.925761070813806, 3.7215342105104985, 4.213505961785268, 2.689062375624634], [1.094917293680212, 2.1719427432600518, 2.7355226593833946, 3.7519153948350166, 4.999908997171849, 3.061250028991425, 2.9648767360549746, 4.286691492281664, 4.575645950027165, 3.9541115626648677, 4.577924128903842, 4.5671351512737175, 4.98622292421829, 5.899916160421265, 7.095123461223209, 3.4842634960634076, 3.952527700092689, 5.777369073375874, 1.7741888794601324, 1.768399629608647, 0.0, 2.515242065885509, 3.077142879360658, 3.599407370665343, 4.229691352805781, 5.812962303335537, 5.023885861561745, 5.459487303767635, 5.6526859712883395, 2.886761212847367, 4.578065804463715, 7.920880789407198, 7.388057536998478, 7.158406733345068, 3.959755892728742, 5.024750475396764, 3.695236786729641], [2.145646161416183, 1.0958857102818704, 2.098866582229561, 3.3667138488442996, 3.913975555621164, 2.557764588463919, 2.4295187609895095, 4.01954946977892, 4.971297089291687, 5.108738959860838, 5.878362348477678, 6.402858747465854, 7.084061140334688, 7.582050232621781, 8.728201197268541, 5.3969515154390635, 6.103397901988695, 4.873960707679125, 2.4666322364714204, 3.0642457473251064, 2.515242065885509, 0.0, 1.7607658248614435, 3.654111357088068, 4.197882052892863, 4.952068193189589, 3.611702017055117, 4.109802052410797, 5.990590443353644, 4.2931836683282025, 5.873286359441366, 9.476064761809093, 9.223850762019083, 8.586067992393259, 6.342784227766225, 7.088682219566624, 5.701272252752012], [2.1601661371292717, 1.0951150715792382, 2.0950268208307024, 2.5912083995695907, 2.919532195403914, 3.294890671934351, 3.744285485910496, 4.523050608825862, 5.383220175694098, 5.499421995991942, 5.869519178774357, 6.280688606355198, 7.240922116001525, 7.157027764372582, 8.39736255439766, 5.062950611056758, 5.685690506877771, 5.321754322589497, 2.4995885861477287, 2.5113683620687746, 3.077142879360658, 1.7607658248614435, 0.0, 2.531051678650596, 3.6478464002750997, 3.7857979317443764, 2.377798908654809, 3.517925232292466, 6.3415756031131565, 4.771321955181813, 6.450804483938418, 8.9812696908622, 9.024241537658442, 8.3579171197135, 6.191695807288984, 6.529798280192123, 5.108190110988431], [2.995505483219819, 2.6068809830907127, 2.0894273904589267, 1.095727616700428, 2.158920517295623, 3.3183024666235594, 4.330188485504991, 3.8488207817460145, 4.222456259098489, 4.234221927343913, 4.047544039290987, 4.4831325532489, 5.763042173192906, 4.98682252541636, 6.182182244968196, 3.440539755619749, 4.3340909565905505, 4.851481879797141, 3.8578283969093285, 2.4753802475579385, 3.599407370665343, 3.654111357088068, 2.531051678650596, 0.0, 1.753914353667248, 2.499949619492361, 2.5105448193569466, 3.07661309559717, 5.002011264481519, 3.844383648909146, 5.314079469672993, 6.6376134009145185, 6.952347716419252, 6.1582985328741575, 5.138348903101073, 4.91325954331745, 4.027993496767342], [4.00813867774058, 3.390251893296426, 2.116121872671799, 1.0924595415849503, 2.142082519418895, 2.691833527542147, 3.9028054986125045, 2.5289196606456286, 2.7938750329962865, 3.234737165520562, 3.1097424507505442, 4.1282859699880285, 5.412151022467868, 4.651142777855782, 5.561984288902658, 3.7139908790948852, 4.972140840724446, 3.4339796781576912, 5.035159634013603, 3.7228039553540824, 4.229691352805781, 4.197882052892863, 3.6478464002750997, 1.753914353667248, 0.0, 2.4550036211785917, 3.062775599027784, 2.520859349507624, 3.397562280518195, 3.264998119448157, 4.311881585804508, 6.08516373978548, 6.388538058898922, 5.243604289036312, 5.684660089222573, 5.489954067203113, 5.03127145461264], [5.1791015031567005, 4.199502434812962, 3.4199752893844133, 2.159215841457264, 1.0943758495142333, 4.366817937583384, 5.5030620512583726, 4.408006702581111, 5.037982949554316, 5.683130492079168, 5.470363875465689, 6.333352651637204, 7.715629936045405, 6.515171026151194, 7.431221919038618, 5.662402289664697, 6.663495290011091, 4.506570812713365, 5.94075284118099, 4.880481757982505, 5.812962303335537, 4.952068193189589, 3.7857979317443764, 2.499949619492361, 2.4550036211785917, 0.0, 1.7707874096005993, 1.7728146885673077, 5.465316119859857, 5.642008445580351, 6.751925266914616, 7.689285617012806, 8.381068549415403, 7.1742407640112, 7.532280379141499, 7.063119938101009, 6.416654054100158], [4.24864160291263, 3.03064794887166, 2.7648967810752, 2.1727847891588348, 1.094492014589417, 3.875644267731496, 4.771223005687326, 4.459951506462823, 5.390919365933793, 5.9662006553584845, 6.08373316475994, 6.846615547845519, 8.083820226848195, 7.3550207022142375, 8.427510886376831, 5.909718984858755, 6.788959143344435, 4.6414194057421705, 4.812675327715345, 4.2341572833327765, 5.023885861561745, 3.611702017055117, 2.377798908654809, 2.5105448193569466, 3.062775599027784, 1.7707874096005993, 0.0, 1.7657373672208445, 6.062314054880365, 5.635135424282189, 7.018777263882934, 8.830146541819113, 9.266357248671131, 8.228951366364976, 7.5301