{"total energy": -33.54311686, "HOMO-LUMO gap/eV": 12.06184295, "electronic energy": -33.9788611, "dipole": [0.62002606, 0.14538331, -0.51104186], "partial charges": [-0.10016933, -0.05197147, -0.0583252, -0.05827623, -0.05763242, -0.05869356, -0.05653306, -0.07050292, 0.07924391, -0.44540353, 0.03151162, 0.03240171, 0.03227037, 0.0287957, 0.02858592, 0.02981038, 0.03002617, 0.02951118, 0.02904045, 0.02915291, 0.0288131, 0.03202087, 0.03015472, 0.02703376, 0.03054899, 0.03214212, 0.04748479, 0.01743012, 0.04483501, 0.28669391], "atomic dipole moments": [[-0.0864246, -0.05288473, -0.00146976], [0.002548, 0.10969681, 0.01329202], [-0.00630056, -0.10900575, -0.01315742], [0.00229577, 0.10784505, 0.012943], [-0.00598838, -0.10871837, -0.0131631], [0.00125891, 0.1091794, 0.01265211], [-0.00856408, -0.10955282, -0.01084947], [-0.00698386, 0.11570797, 0.00209036], [0.06914929, 0.05306355, 0.1798586], [0.11167108, -0.01307995, -0.21211336], [0.09751734, -0.07616886, -0.01511542], [0.01516747, 0.06023794, 0.10954355], [0.00329002, 0.08507287, -0.09272731], [0.00652599, -0.08579663, 0.08865873], [-0.00496069, -0.06170146, -0.1068635], [-0.00298056, 0.08669047, -0.08871855], [0.00850574, 0.0626529, 0.10681776], [0.0029111, -0.0867089, 0.08888541], [-0.00857326, -0.06257254, -0.10685555], [0.00876079, 0.06247486, 0.10662471], [-0.00274886, 0.08643935, -0.08864034], [0.00302819, -0.08704789, 0.08923443], [-0.00836086, -0.06270979, -0.10716404], [-0.00228043, 0.08583512, -0.08874752], [0.01219771, 0.06128312, 0.10621423], [-0.00704034, -0.06676994, -0.10457014], [0.0039141, -0.0829122, 0.09684389], [-0.00785289, 0.0895177, -0.07865657], [-0.10200906, -0.07166511, -0.01503352], [0.05555703, 0.0549759, -0.00761906]], "atomic quadrupole moments": [[0.14482177, 0.15090216, -0.01643395, 0.00250772, 0.00485815, -0.12838782], [0.23140168, 0.00584475, -0.0004255, -0.02675366, 0.02877464, -0.23097618], [0.23555328, -0.00332564, 0.00289392, -0.02857706, 0.03045069, -0.2384472], [0.2347845, -0.00760181, 0.00269397, -0.02897164, 0.03092167, -0.23747847], [0.23433714, -0.00300964, 0.0028395, -0.02846495, 0.03036, -0.23717664], [0.2360339, -0.00838921, 0.00304726, -0.02857194, 0.03277855, -0.23908115], [0.22461646, 0.00032146, 0.00944715, -0.03316864, 0.02619968, -0.23406361], [0.23057819, -0.02513463, 0.00158834, -0.02534811, 0.04166331, -0.23216653], [-0.13047486, -0.13912641, -0.10372265, -0.02550636, 0.29497643, 0.23419751], [-0.07247796, 0.01529373, -0.04882172, -0.03177563, 0.10482481, 0.12129968], [0.03448864, -0.05351795, 0.01823597, -0.01181809, 0.01212098, -0.05272461], [-0.03639773, 0.01180069, -0.01968924, -0.00351905, 0.04956595, 0.05608697], [-0.03421173, 0.00280165, 0.00828059, 0.01441965, -0.06224031, 0.02593114], [-0.01701018, -0.00042176, -0.00504062, -0.00098208, -0.0463787, 0.0220508], [-0.0161391, 0.00346711, -0.02521108, 0.00712585, 0.03451483, 0.04135018], [-0.02033453, -0.00232128, -0.00395131, 0.00137903, -0.04524135, 0.02428584], [-0.01994621, 0.0019752, -0.02353671, 0.00502684, 0.03326073, 0.04348293], [-0.01978339, -0.00221566, -0.00417368, 0.00126223, -0.04499133, 0.02395707], [-0.01942201, 0.00205645, -0.02368091, 0.00507373, 0.03319988, 0.04310292], [-0.01953835, 0.00185414, -0.0237858, 0.00487299, 0.03330779, 0.04332415], [-0.01991672, -0.00240622, -0.00415333, 0.00140158, -0.04523457, 0.02407005], [-0.01975559, -0.0020176, -0.00410776, 0.00123748, -0.0445967, 0.02386335], [-0.01906058, 0.00194981, -0.02358964, 0.00502182, 0.03297685, 0.04265022], [-0.0209278, -0.00256504, -0.00345423, 0.0019438, -0.04614055, 0.02438203], [-0.02058277, 0.00240048, -0.02299812, 0.00257224, 0.03303029, 0.04358089], [-0.01636418, 0.00315125, -0.02341057, -0.00361718, 0.04606391, 0.03977475], [-0.0140797, 0.0065113, -0.00945916, 0.003946, -0.04633265, 0.02353886], [-0.04562996, 0.00369618, 0.01663072, -0.01350132, -0.02131283, 0.02899924], [0.02503655, 0.03628765, 0.0058531, -0.00911513, 0.01355049, -0.03088965], [0.01710799, 0.11421403, 0.02142448, 0.00046503, 0.01749943, -0.03853246]], "number of molecular orbitals": 60, "number of electrons": 62, "number of unpaired electrons": 0, "orbital energies/eV": [-18.55168812, -17.18586541, -17.01342378, -16.86141061, -16.60973995, -16.23071466, -15.74075427, -15.36998931, -15.21481115, -15.14305837, -15.02269157, -14.44096859, -14.22813152, -13.96607192, -13.89363798, -13.53613682, -13.40125793, -13.3491845, -12.9048753, -12.77696073, -12.63881107, -12.41223434, -12.15913043, -12.01401733, -11.92634137, -11.77582552, -11.74852415, -11.54997737, -11.44802782, -11.41447149, -11.07685302, 0.98498993, 1.39533963, 2.48614995, 2.59833911, 2.68249615, 2.83751759, 3.13385153, 3.25055897, 3.50279579, 3.91413134, 4.00987973, 4.21545535, 4.40620762, 4.60872491, 4.69188277, 4.8745082, 4.92401311, 5.28532864, 5.71805328, 5.97172419, 6.29928766, 6.62114385, 6.76980232, 7.11005341, 7.2634185, 7.35194166, 7.51777192, 8.06723361, 8.47128062], "fractional occupation": [2.0, 2.0, 2.0, 2.0, 2.0, 2.0, 2.0, 2.0, 2.0, 2.0, 2.0, 2.0, 2.0, 2.0, 2.0, 2.0, 2.0, 2.0, 2.0, 2.0, 2.0, 2.0, 2.0, 2.0, 2.0, 2.0, 2.0, 2.0, 2.0, 2.0, 2.0, 0.0, 0.0, 0.0, 0.0, 0.0, 0.0, 0.0, 0.0, 0.0, 0.0, 0.0, 0.0, 0.0, 0.0, 0.0, 0.0, 0.0, 0.0, 0.0, 0.0, 0.0, 0.0, 0.0, 0.0, 0.0, 0.0, 0.0, 0.0, 0.0], "program call": "xtb /home/svss/Project-DBcg-Debug/aqme2_20220329/End-to-End-workflows-final/example-3/QDESCP/mol_614_rdkit_conf_2/mol_614_rdkit_conf_2.xyz --pop --wbo --acc 0.2 --gfn 2 --chrg 0 --uhf 0 --etemp 300 --input /home/svss/Project-DBcg-Debug/aqme2_20220329/End-to-End-workflows-final/example-3/QDESCP/mol_614_rdkit_conf_2/mol_614_rdkit_conf_2_xtb.inp", "method": "GFN2-xTB", "xtb version": "6.3.3 (7355c4f)", "Dipole module/D": 2.075, "Total charge": 0, "Transition dipole module/D": NaN, "HOMO": -11.0769, "LUMO": 0.985, "HOMO occupancy": 2.0, "LUMO occupancy": 0, "mulliken charges": [-0.08348, -0.03846, -0.04661, -0.04535, -0.04561, -0.04475, -0.04624, -0.06903, 0.19641, -0.56526, 0.02834, 0.02682, 0.02665, 0.0223, 0.02204, 0.02255, 0.02287, 0.02321, 0.02263, 0.02299, 0.02222, 0.02522, 0.02286, 0.01883, 0.0231, 0.02435, 0.03806, 0.00913, 0.03087, 0.33336], "cm5 charges": [-0.23381, -0.15096, -0.15725, -0.15604, -0.15632, -0.1555, -0.15675, -0.17718, 0.10953, -0.77973, 0.07911, 0.07811, 0.07794, 0.077, 0.07674, 0.07789, 0.0782, 0.07857, 0.07798, 0.07834, 0.07757, 0.08058, 0.07821, 0.07458, 0.08045, 0.07958, 0.09531, 0.0714, 0.09332, 0.5031], "FUKUI+": [0.006, -0.012, -0.015, -0.017, -0.014, -0.016, -0.016, -0.0, -0.009, -0.071, -0.051, -0.028, -0.028, -0.032, -0.032, -0.037, -0.037, -0.04, -0.041, -0.04, -0.041, -0.042, -0.043, -0.039, -0.035, -0.058, -0.042, -0.05, -0.067, -0.056], "FUKUI-": [0.015, 0.002, 0.001, 0.002, -0.001, -0.004, 0.002, -0.007, 0.005, -0.11, -0.06, -0.051, -0.051, -0.064, -0.064, -0.055, -0.054, -0.04, -0.041, -0.032, -0.033, -0.031, -0.032, -0.031, -0.024, -0.044, -0.038, -0.059, -0.06, -0.04], "FUKUIrad": [0.01, -0.005, -0.007, -0.008, -0.007, -0.01, -0.007, -0.004, -0.002, -0.09, -0.055, -0.04, -0.04, -0.048, -0.048, -0.046, -0.045, -0.04, -0.041, -0.036, -0.037, -0.037, -0.037, -0.035, -0.03, -0.051, -0.04, -0.054, -0.063, -0.048], "s proportion": [1.007, 1.027, 1.032, 1.032, 1.033, 1.033, 1.032, 1.038, 0.991, 1.694, 0.972, 0.973, 0.973, 0.978, 0.978, 0.977, 0.977, 0.977, 0.977, 0.977, 0.978, 0.975, 0.977, 0.981, 0.977, 0.976, 0.962, 0.991, 0.969, 0.667], "p proportion": [3.076, 3.011, 3.014, 3.013, 3.013, 3.012, 3.014, 3.031, 2.813, 4.871, 0.0, 0.0, 0.0, 0.0, 0.0, 0.0, 0.0, 0.0, 0.0, 0.0, 0.0, 0.0, 0.0, 0.0, 0.0, 0.0, 0.0, 0.0, 0.0, 0.0], "d proportion": [0.0, 0.0, 0.0, 0.0, 0.0, 0.0, 0.0, 0.0, 0.0, 0.0, 0.0, 0.0, 0.0, 0.0, 0.0, 0.0, 0.0, 0.0, 0.0, 0.0, 0.0, 0.0, 0.0, 0.0, 0.0, 0.0, 0.0, 0.0, 0.0, 0.0], "Fermi-level/eV": -5.0459, "Coordination numbers": [3.75, 3.8, 3.802, 3.802, 3.802, 3.802, 3.801, 3.8, 3.674, 1.653, 0.924, 0.924, 0.924, 0.924, 0.924, 0.924, 0.924, 0.924, 0.924, 0.924, 0.924, 0.924, 0.924, 0.924, 0.924, 0.924, 0.924, 0.924, 0.924, 0.804], "Dispersion coefficient C6": [22.476, 21.507, 21.622, 21.622, 21.61, 21.63, 21.59, 21.85, 19.482, 21.751, 2.565, 2.553, 2.555, 2.604, 2.607, 2.589, 2.586, 2.594, 2.6, 2.599, 2.604, 2.558, 2.584, 2.629, 2.579, 2.556, 2.352, 2.773, 2.386, 0.763], "Total dispersion C6": 6017.034192, "Total dispersion C8": 125069.010787, "Polarizability alpha": [6.761, 6.603, 6.62, 6.62, 6.618, 6.621, 6.616, 6.655, 6.325, 6.296, 2.505, 2.499, 2.499, 2.523, 2.525, 2.516, 2.515, 2.518, 2.522, 2.521, 2.523, 2.501, 2.514, 2.536, 2.511, 2.5, 2.398, 2.604, 2.415, 1.372], "Total polarizability alpha": 114.755292, "Wiberg matrix": [[0.0, 1.0201069343120484, 0.0, 0.0, 0.0, 0.0, 0.0, 0.0, 0.0, 0.0, 0.9873757751922893, 0.9877065221994872, 0.9877149453484817, 0.0, 0.0, 0.0, 0.0, 0.0, 0.0, 0.0, 0.0, 0.0, 0.0, 0.0, 0.0, 0.0, 0.0, 0.0, 0.0, 0.0], [1.0201069343120484, 0.0, 1.0077229524794415, 0.0, 0.0, 0.0, 0.0, 0.0, 0.0, 0.0, 0.0, 0.0, 0.0, 0.9780826458202478, 0.9780913059420657, 0.0, 0.0, 0.0, 0.0, 0.0, 0.0, 0.0, 0.0, 0.0, 0.0, 0.0, 0.0, 0.0, 0.0, 0.0], [0.0, 1.0077229524794415, 0.0, 1.0070936176871594, 0.0, 0.0, 0.0, 0.0, 0.0, 0.0, 0.0, 0.0, 0.0, 0.0, 0.0, 0.9772318105556841, 0.9772190868343369, 0.0, 0.0, 0.0, 0.0, 0.0, 0.0, 0.0, 0.0, 0.0, 0.0, 0.0, 0.0, 0.0], [0.0, 0.0, 1.0070936176871594, 0.0, 1.006922436258718, 0.0, 0.0, 0.0, 0.0, 0.0, 0.0, 0.0, 0.0, 0.0, 0.0, 0.0, 0.0, 0.9772944242515949, 0.9773161272686905, 0.0, 0.0, 0.0, 0.0, 0.0, 0.0, 0.0, 0.0, 0.0, 0.0, 0.0], [0.0, 0.0, 0.0, 1.006922436258718, 0.0, 1.007000905151233, 0.0, 0.0, 0.0, 0.0, 0.0, 0.0, 0.0, 0.0, 0.0, 0.0, 0.0, 0.0, 0.0, 0.9773104540276758, 0.9773257684633603, 0.0, 0.0, 0.0, 0.0, 0.0, 0.0, 0.0, 0.0, 0.0], [0.0, 0.0, 0.0, 0.0, 1.007000905151233, 0.0, 1.0064859321545117, 0.0, 0.0, 0.0, 0.0, 0.0, 0.0, 0.0, 0.0, 0.0, 0.0, 0.0, 0.0, 0.0, 0.0, 0.9771908579333345, 0.9770736650588923, 0.0, 0.0, 0.0, 0.0, 0.0, 0.0, 0.0], [0.0, 0.0, 0.0, 0.0, 0.0, 1.0064859321545117, 0.0, 1.0073220533119447, 0.0, 0.0, 0.0, 0.0, 0.0, 0.0, 0.0, 0.0, 0.0, 0.0, 0.0, 0.0, 0.0, 0.0, 0.0, 0.9772601883510471, 0.9743073463528531, 0.0, 0.0, 0.0, 0.0, 0.0], [0.0, 0.0, 0.0, 0.0, 0.0, 0.0, 1.0073220533119447, 0.0, 0.999709229484249, 0.0, 0.0, 0.0, 0.0, 0.0, 0.0, 0.0, 0.0, 0.0, 0.0, 0.0, 0.0, 0.0, 0.0, 0.0, 0.0, 0.9754968071110259, 0.975449188090096, 0.0, 0.0, 0.0], [0.0, 0.0, 0.0, 0.0, 0.0, 0.0, 0.0, 0.999709229484249, 0.0, 0.9955113512171583, 0.0, 0.0, 0.0, 0.0, 0.0, 0.0, 0.0, 0.0, 0.0, 0.0, 0.0, 0.0, 0.0, 0.0, 0.0, 0.0, 0.0, 0.9730663597329453, 0.9732710294853241, 0.0], [0.0, 0.0, 0.0, 0.0, 0.0, 0.0, 0.0, 0.0, 0.9955113512171583, 0.0, 0.0, 0.0, 0.0, 0.0, 0.0, 0.0, 0.0, 0.0, 0.0, 0.0, 0.0, 0.0, 0.0, 0.0, 0.0, 0.0, 0.0, 0.0, 0.0, 0.9015546531087877], [0.9873757751922893, 0.0, 0.0, 0.0, 0.0, 0.0, 0.0, 0.0, 0.0, 0.0, 0.0, 0.0, 0.0, 0.0, 0.0, 0.0, 0.0, 0.0, 0.0, 0.0, 0.0, 0.0, 0.0, 0.0, 0.0, 0.0, 0.0, 0.0, 0.0, 0.0], [0.9877065221994872, 0.0, 0.0, 0.0, 0.0, 0.0, 0.0, 0.0, 0.0, 0.0, 0.0, 0.0, 0.0, 0.0, 0.0, 0.0, 0.0, 0.0, 0.0, 0.0, 0.0, 0.0, 0.0, 0.0, 0.0, 0.0, 0.0, 0.0, 0.0, 0.0], [0.9877149453484817, 0.0, 0.0, 0.0, 0.0, 0.0, 0.0, 0.0, 0.0, 0.0, 0.0, 0.0, 0.0, 0.0, 0.0, 0.0, 0.0, 0.0, 0.0, 0.0, 0.0, 0.0, 0.0, 0.0, 0.0, 0.0, 0.0, 0.0, 0.0, 0.0], [0.0, 0.9780826458202478, 0.0, 0.0, 0.0, 0.0, 0.0, 0.0, 0.0, 0.0, 0.0, 0.0, 0.0, 0.0, 0.0, 0.0, 0.0, 0.0, 0.0, 0.0, 0.0, 0.0, 0.0, 0.0, 0.0, 0.0, 0.0, 0.0, 0.0, 0.0], [0.0, 0.9780913059420657, 0.0, 0.0, 0.0, 0.0, 0.0, 0.0, 0.0, 0.0, 0.0, 0.0, 0.0, 0.0, 0.0, 0.0, 0.0, 0.0, 0.0, 0.0, 0.0, 0.0, 0.0, 0.0, 0.0, 0.0, 0.0, 0.0, 0.0, 0.0], [0.0, 0.0, 0.9772318105556841, 0.0, 0.0, 0.0, 0.0, 0.0, 0.0, 0.0, 0.0, 0.0, 0.0, 0.0, 0.0, 0.0, 0.0, 0.0, 0.0, 0.0, 0.0, 0.0, 0.0, 0.0, 0.0, 0.0, 0.0, 0.0, 0.0, 0.0], [0.0, 0.0, 0.9772190868343369, 0.0, 0.0, 0.0, 0.0, 0.0, 0.0, 0.0, 0.0, 0.0, 0.0, 0.0, 0.0, 0.0, 0.0, 0.0, 0.0, 0.0, 0.0, 0.0, 0.0, 0.0, 0.0, 0.0, 0.0, 0.0, 0.0, 0.0], [0.0, 0.0, 0.0, 0.9772944242515949, 0.0, 0.0, 0.0, 0.0, 0.0, 0.0, 0.0, 0.0, 0.0, 0.0, 0.0, 0.0, 0.0, 0.0, 0.0, 0.0, 0.0, 0.0, 0.0, 0.0, 0.0, 0.0, 0.0, 0.0, 0.0, 0.0], [0.0, 0.0, 0.0, 0.9773161272686905, 0.0, 0.0, 0.0, 0.0, 0.0, 0.0, 0.0, 0.0, 0.0, 0.0, 0.0, 0.0, 0.0, 0.0, 0.0, 0.0, 0.0, 0.0, 0.0, 0.0, 0.0, 0.0, 0.0, 0.0, 0.0, 0.0], [0.0, 0.0, 0.0, 0.0, 0.9773104540276758, 0.0, 0.0, 0.0, 0.0, 0.0, 0.0, 0.0, 0.0, 0.0, 0.0, 0.0, 0.0, 0.0, 0.0, 0.0, 0.0, 0.0, 0.0, 0.0, 0.0, 0.0, 0.0, 0.0, 0.0, 0.0], [0.0, 0.0, 0.0, 0.0, 0.9773257684633603, 0.0, 0.0, 0.0, 0.0, 0.0, 0.0, 0.0, 0.0, 0.0, 0.0, 0.0, 0.0, 0.0, 0.0, 0.0, 0.0, 0.0, 0.0, 0.0, 0.0, 0.0, 0.0, 0.0, 0.0, 0.0], [0.0, 0.0, 0.0, 0.0, 0.0, 0.9771908579333345, 0.0, 0.0, 0.0, 0.0, 0.0, 0.0, 0.0, 0.0, 0.0, 0.0, 0.0, 0.0, 0.0, 0.0, 0.0, 0.0, 0.0, 0.0, 0.0, 0.0, 0.0, 0.0, 0.0, 0.0], [0.0, 0.0, 0.0, 0.0, 0.0, 0.9770736650588923, 0.0, 0.0, 0.0, 0.0, 0.0, 0.0, 0.0, 0.0, 0.0, 0.0, 0.0, 0.0, 0.0, 0.0, 0.0, 0.0, 0.0, 0.0, 0.0, 0.0, 0.0, 0.0, 0.0, 0.0], [0.0, 0.0, 0.0, 0.0, 0.0, 0.0, 0.9772601883510471, 0.0, 0.0, 0.0, 0.0, 0.0, 0.0, 0.0, 0.0, 0.0, 0.0, 0.0, 0.0, 0.0, 0.0, 0.0, 0.0, 0.0, 0.0, 0.0, 0.0, 0.0, 0.0, 0.0], [0.0, 0.0, 0.0, 0.0, 0.0, 0.0, 0.9743073463528531, 0.0, 0.0, 0.0, 0.0, 0.0, 0.0, 0.0, 0.0, 0.0, 0.0, 0.0, 0.0, 0.0, 0.0, 0.0, 0.0, 0.0, 0.0, 0.0, 0.0, 0.0, 0.0, 0.0], [0.0, 0.0, 0.0, 0.0, 0.0, 0.0, 0.0, 0.9754968071110259, 0.0, 0.0, 0.0, 0.0, 0.0, 0.0, 0.0, 0.0, 0.0, 0.0, 0.0, 0.0, 0.0, 0.0, 0.0, 0.0, 0.0, 0.0, 0.0, 0.0, 0.0, 0.0], [0.0, 0.0, 0.0, 0.0, 0.0, 0.0, 0.0, 0.975449188090096, 0.0, 0.0, 0.0, 0.0, 0.0, 0.0, 0.0, 0.0, 0.0, 0.0, 0.0, 0.0, 0.0, 0.0, 0.0, 0.0, 0.0, 0.0, 0.0, 0.0, 0.0, 0.0], [0.0, 0.0, 0.0, 0.0, 0.0, 0.0, 0.0, 0.0, 0.9730663597329453, 0.0, 0.0, 0.0, 0.0, 0.0, 0.0, 0.0, 0.0, 0.0, 0.0, 0.0, 0.0, 0.0, 0.0, 0.0, 0.0, 0.0, 0.0, 0.0, 0.0, 0.0], [0.0, 0.0, 0.0, 0.0, 0.0, 0.0, 0.0, 0.0, 0.9732710294853241, 0.0, 0.0, 0.0, 0.0, 0.0, 0.0, 0.0, 0.0, 0.0, 0.0, 0.0, 0.0, 0.0, 0.0, 0.0, 0.0, 0.0, 0.0, 0.0, 0.0, 0.0], [0.0, 0.0, 0.0, 0.0, 0.0, 0.0, 0.0, 0.0, 0.0, 0.9015546531087877, 0.0, 0.0, 0.0, 0.0, 0.0, 0.0, 0.0, 0.0, 0.0, 0.0, 0.0, 0.0, 0.0, 0.0, 0.0, 0.0, 0.0, 0.0, 0.0, 0.0]], "Born radii": [], "Atomic SASAs": [], "Solvent H bonds": [], "Total SASA": NaN, "Total FOD": 0.0, "FOD": [0.0, 0.0, 0.0, 0.0, 0.0, 0.0, 0.0, 0.0, 0.0, 0.0, 0.0, 0.0, 0.0, 0.0, 0.0, 0.0, 0.0, 0.0, 0.0, 0.0, 0.0, 0.0, 0.0, 0.0, 0.0, 0.0, 0.0, 0.0, 0.0, 0.0], "FOD s proportion": [0.0, 0.0, 0.0, 0.0, 0.0, 0.0, 0.0, 0.0, 0.0, 0.0, 0.0, 0.0, 0.0, 0.0, 0.0, 0.0, 0.0, 0.0, 0.0, 0.0, 0.0, 0.0, 0.0, 0.0, 0.0, 0.0, 0.0, 0.0, 0.0, 0.0], "FOD p proportion": [0.0, 0.0, 0.0, 0.0, 0.0, 0.0, 0.0, 0.0, 0.0, 0.0, 0.0, 0.0, 0.0, 0.0, 0.0, 0.0, 0.0, 0.0, 0.0, 0.0, 0.0, 0.0, 0.0, 0.0, 0.0, 0.0, 0.0, 0.0, 0.0, 0.0], "FOD d proportion": [0.0, 0.0, 0.0, 0.0, 0.0, 0.0, 0.0, 0.0, 0.0, 0.0, 0.0, 0.0, 0.0, 0.0, 0.0, 0.0, 0.0, 0.0, 0.0, 0.0, 0.0, 0.0, 0.0, 0.0, 0.0, 0.0, 0.0, 0.0, 0.0, 0.0], "coordinates": [["5.19980", "0.15660", "-0.32520"], ["3.91170", "-0.65070", "-0.34880"], ["2.68630", "0.24460", "-0.16680"], ["1.39270", "-0.57130", "-0.19110"], ["0.16640", "0.32450", "-0.00890"], ["-1.12730", "-0.49140", "-0.03320"], ["-2.35430", "0.40480", "0.14860"], ["-3.64780", "-0.41450", "0.12510"], ["-4.89690", "0.45420", "0.22670"], ["-4.97580", "1.09050", "1.49400"], ["6.06310", "-0.50320", "-0.45710"], ["5.31620", "0.68190", "0.62810"], ["5.21290", "0.89810", "-1.13030"], ["3.94460", "-1.40360", "0.44730"], ["3.84190", "-1.18850", "-1.30150"], ["2.66040", "0.99840", "-0.96310"], ["2.76310", "0.78330", "0.78560"], ["1.41870", "-1.32490", "0.60540"], ["1.31600", "-1.10980", "-1.14350"], ["0.24320", "0.86310", "0.94350"], ["0.14030", "1.07810", "-0.80540"], ["-1.10160", "-1.24480", "0.76350"], ["-1.20350", "-1.03010", "-0.98560"], ["-2.38130", "1.15620", "-0.64980"], ["-2.26930", "0.94390", "1.09920"], ["-3.69570", "-0.99440", "-0.80400"], ["-3.63200", "-1.12510", "0.96030"], ["-4.92170", "1.21840", "-0.55710"], ["-5.78920", "-0.16980", "0.11590"], ["-4.28090", "1.76910", "1.52840"]], "bond_dist": [[0.0, 1.5203591220497867, 2.520023176480724, 3.8783800265059116, 5.0461224380706415, 6.366895822141274, 7.573012378835783, 8.877440569218134, 10.116150960716233, 10.379041054451994, 1.0945412463676283, 1.094655169448352, 1.0946140278655303, 2.1462775519489554, 2.146240459501218, 2.750290168327698, 2.750297514815442, 4.1662424101341, 4.166207662851193, 5.164941964823999, 5.165103536232357, 6.546512935143411, 6.54573417883739, 7.653603238344668, 7.644358145717662, 8.982425657360043, 9.016427029594373, 10.179683644396814, 11.002691814733339, 9.793858366343674], [1.5203591220497867, 0.0, 1.5284931305046812, 2.525180122288309, 3.885076465141967, 5.051386032565715, 6.373715008533092, 7.5780216349651575, 8.896259788248093, 9.242042281335873, 2.159168150005923, 2.1685886239672105, 2.16855830680201, 1.096228092141412, 1.0962381903582816, 2.159316324673159, 2.1592825938260143, 2.753196738338908, 2.7531762366401464, 4.173670085188814, 4.173810125053607, 5.169462543630624, 5.168629377310777, 6.55418474030142, 6.545549187043055, 7.628752944616833, 7.671128199945559, 9.031383020335259, 9.723922650350527, 8.746313888719065], [2.520023176480724, 1.5284931305046812, 0.0, 1.5296026477487545, 2.526106179478606, 3.8862694090863026, 5.052998076389897, 6.374985586650373, 7.596294929108532, 7.885529776749308, 3.470771840671755, 2.7819905301779877, 2.781924165033979, 2.1626374962068886, 2.162575099274011, 1.0968039660759803, 1.0968872731507098, 2.160192780748978, 2.160107483436877, 2.7539146591715586, 2.754024003163371, 4.175159501144837, 4.174426615716223, 5.1715445777833144, 5.162339377646534, 6.532309609931238, 6.562571705513015, 7.6799924824181955, 8.490332555324322, 7.3307352380235375], [3.8783800265059116, 2.525180122288309, 1.5296026477487545, 0.0, 1.5295313563310824, 2.526205933806664, 3.886923757935059, 5.052841668803803, 6.386335040537727, 6.794036613089452, 4.6784644671088405, 4.1994584329410864, 4.199423893821628, 2.7590707602379463, 2.759076773125387, 2.160325294949814, 2.160296324581422, 1.0968141182534077, 1.0967820658635878, 2.160132118644598, 2.160183003821667, 2.754341282412185, 2.753539927075691, 4.1758517622157045, 4.167847061733432, 5.1426135942728575, 5.184595113410497, 6.573327121785437, 7.199662412919095, 6.373687266410237], [5.0461224380706415, 3.885076465141967, 2.526106179478606, 1.5295313563310824, 0.0, 1.5296872196628954, 2.526891930811446, 3.88744114296281, 5.070437490000247, 5.411809794329435, 5.971351724693497, 5.201340577197382, 5.201318791422037, 4.179622386053553, 4.179627257304173, 2.7540288397182775, 2.7540113616323376, 2.160125028788843, 2.1601189342256135, 1.0968381649085703, 1.0968164933114382, 2.1603537326095466, 2.159979180455219, 2.755585779829762, 2.7466664267799246, 4.157823665092112, 4.1795372184011, 5.1950305157910295, 5.977380604411937, 4.922259414130872], [6.366895822141274, 5.051386032565715, 3.8862694090863026, 2.526205933806664, 1.5296872196628954, 0.0, 1.5302792816999122, 2.5266366477988087, 3.895072724609901, 4.4323469742338535, 7.2028940440631235, 6.58275343834174, 6.582740667837371, 5.17563123686377, 5.175662463878416, 4.1750316573650075, 4.174985711352795, 2.754024003163371, 2.754069632380416, 2.1602970605914367, 2.160192780748978, 1.0968149069008863, 1.0968454266668572, 2.160392862421092, 2.155592691117689, 2.728336526163882, 2.7680570857552778, 4.194682182239794, 4.67535763124063, 4.182540827057161], [7.573012378835783, 6.373715008533092, 5.052998076389897, 3.886923757935059, 2.526891930811446, 1.5302792816999122, 0.0, 1.5313219746349886, 2.5442788231638445, 3.025317818015158, 8.487871302629419, 7.6904664949533466, 7.690347582521873, 6.56015803620614, 6.560052540948128, 5.170633804476971, 5.170765321497389, 4.175650527762111, 4.175480530430001, 2.7547978419477532, 2.754356195193352, 2.160680323416678, 2.1609461562010286, 1.0967103172670527, 1.096126895026301, 2.1597595606918842, 2.1522007782732544, 2.784151614046908, 3.48278228719511, 2.7344012306170433], [8.877440569218134, 7.5780216349651575, 6.374985586650373, 5.052841668803803, 3.88744114296281, 2.5266366477988087, 1.5313219746349886, 0.0, 1.5248649317234622, 2.429505342657224, 9.728741097387678, 9.044799498054118, 9.044940707931701, 7.663332787371301, 7.6635415866295125, 6.555444522684942, 6.5551982349887785, 5.170003723402915, 5.170309322468047, 4.176352633578731, 4.17652805808844, 2.7531957957980397, 2.7544909402646436, 2.161386302815857, 2.166652630210944, 1.0962687763500336, 1.0967046275091576, 2.1805000481540926, 2.1553553512124166, 2.6717364128970504], [10.116150960716233, 8.896259788248093, 7.596294929108532, 6.386335040537727, 5.070437490000247, 3.895072724609901, 2.5442788231638445, 1.5248649317234622, 0.0, 1.4202648309382304, 11.022966805719776, 10.223520961977826, 10.210120089891205, 9.037267698259248, 9.022221675950995, 7.669717137548163, 7.687410228418932, 6.572321801311923, 6.551615865570874, 5.205922536880471, 5.179562284595098, 4.1927386431782265, 4.1610120571803195, 2.7548683471265916, 2.8116443765170582, 2.1456155037657605, 2.1522847070032345, 1.094969917394994, 1.094464220520708, 1.9500874082973816], [10.379041054451994, 9.242042281335873, 7.885529776749308, 6.794036613089452, 5.411809794329435, 4.4323469742338535, 3.025317818015158, 2.429505342657224, 1.4202648309382304, 0.0, 11.32271981946034, 10.336440430341579, 10.523002230352326, 9.32146189500338, 9.526830246204662, 8.022304734924996, 7.7773244506063905, 6.892996254895254, 7.168296421047332, 5.252877498095686, 5.609088458029521, 4.58221365499253, 4.98754526896749, 3.366247937986743, 2.7390693401226627, 3.3565261834223787, 2.6456601236742405, 2.0557958142772836, 2.0369426256033822, 0.9718885378478332], [1.0945412463676283, 2.159168150005923, 3.470771840671755, 4.6784644671088405, 5.971351724693497, 7.2028940440631235, 8.487871302629419, 9.728741097387678, 11.022966805719776, 11.32271981946034, 0.0, 1.771999057561826, 1.7719142106772552, 2.473196670303436, 2.4731309892522884, 3.753559091049454, 3.75358302692241, 4.834723208209545, 4.834673404688264, 6.140007496738095, 6.140145146492875, 7.305666363173177, 7.304821108008053, 8.60805628524814, 8.599131227048462, 9.777310186856097, 9.817878914511015, 11.119340699879647, 11.87082557575504, 10.775151671322313], [1.094655169448352, 2.1685886239672105, 2.7819905301779877, 4.1994584329410864, 5.201340577197382, 6.58275343834174, 7.6904664949533466, 9.044799498054118, 10.223520961977826, 10.336440430341579, 1.771999057561826, 0.0, 1.7746503571126342, 2.502655679473307, 3.0651774516331023, 3.1121316376400276, 2.5599624645685726, 4.383864480113408, 4.727616258750281, 5.086023948036423, 5.385335412024028, 6.7021386803019825, 6.931194686343762, 7.8172562418024905, 7.604629475523446, 9.277673938547313, 9.134872143604419, 10.320229052690642, 11.149782549000674, 9.700354237861626], [1.0946140278655303, 2.16855830680201, 2.781924165033979, 4.199423893821628, 5.201318791422037, 6.582740667837371, 7.690347582521873, 9.044940707931701, 10.210120089891205, 10.523002230352326, 1.7719142106772552, 1.7746503571126342, 0.0, 3.0651638683763713, 2.502568680376225, 2.559935971855546, 3.112133012902887, 4.727614316967914, 4.38379587344119, 5.385145265450135, 5.086180371359239, 6.931912369613454, 6.701423900187184, 7.613761849440788, 7.807437782653155, 9.113242117929271, 9.311079562005688, 10.155848930050112, 11.123831590778423, 9.897452456566791], [2.1462775519489554, 1.096228092141412, 2.1626374962068886, 2.7590707602379463, 4.179622386053553, 5.17563123686377, 6.56015803620614, 7.663332787371301, 9.037267698259248, 9.32146189500338, 2.473196670303436, 2.502655679473307, 3.0651638683763713, 0.0, 1.7649693311783072, 3.067246615451715, 2.508569462861254, 2.532066371562957, 3.086503043899357, 4.368581610774829, 4.711771500189711, 5.058590151415708, 5.35683099136047, 6.911817073678961, 6.674450020039104, 7.752894970267558, 7.599052494225843, 9.300267687007725, 9.817278178802923, 8.882209902383527], [2.146240459501218, 1.0962381903582816, 2.162575099274011, 2.759076773125387, 4.179627257304173, 5.175662463878416, 6.560052540948128, 7.6635415866295125, 9.022221675950995, 9.526830246204662, 2.4731309892522884, 3.0651774516331023, 2.502568680376225, 1.7649693311783072, 0.0, 2.508582950591827, 3.0672122668638373, 3.0865467451506383, 2.5320601296177783, 4.711658863924679, 4.3686878270254095, 5.357759507480716, 5.0577608217471095, 6.682106645362674, 6.903423476073303, 7.556493553229566, 7.808901331813587, 9.118551635539495, 9.787995691662314, 9.095911807510008], [2.750290168327698, 2.159316324673159, 1.0968039660759803, 2.160325294949814, 2.7540288397182775, 4.1750316573650075, 5.170633804476971, 6.555444522684942, 7.669717137548163, 8.022304734924996, 3.753559091049454, 3.1121316376400276, 2.559935971855546, 3.067246615451715, 2.508582950591827, 0.0, 1.764870247355312, 3.0658985681199566, 2.5068830766511625, 3.0816043694802877, 2.526286878008909, 4.70805031833773, 4.364062523612604, 5.053889256800153, 5.343967966782736, 6.663075255465753, 6.913972633009188, 7.596148788037265, 8.597945824439696, 7.4150655040936755], [2.750297514815442, 2.1592825938260143, 1.0968872731507098, 2.160296324581422, 2.7540113616323376, 4.174985711352795, 5.170765321497389, 6.5551982349887785, 7.687410228418932, 7.7773244506063905, 3.75358302692241, 2.5599624645685726, 3.112133012902887, 2.508569462861254, 3.0672122668638373, 1.764870247355312, 0.0, 2.5068686922134553, 3.065836399744774, 2.5261030184851925, 3.0817637612250555, 4.364582925091469, 4.707386170689632, 5.353903149105333, 5.044718731505256, 6.8849940370344545, 6.676062811268331, 7.813341560433668, 8.631264854585336, 7.151327812371631], [4.1662424101341, 2.753196738338908, 2.160192780748978, 1.0968141182534077, 2.160125028788843, 2.754024003163371, 4.175650527762111, 5.170003723402915, 6.572321801311923, 6.892996254895254, 4.834723208209545, 4.383864480113408, 4.727614316967914, 2.532066371562957, 3.0865467451506383, 3.0658985681199566, 2.5068686922134553, 0.0, 1.7650684151046383, 2.5066822415296275, 3.0657906321208563, 2.526524037091276, 3.081253134684004, 4.708649939207628, 4.358054139177254, 5.315329337867975, 5.067094289629906, 6.929679162847297, 7.316261932845215, 6.5505881537461965], [4.166207662851193, 2.7531762366401464, 2.160107483436877, 1.0967820658635878, 2.1601189342256135, 2.754069632380416, 4.175480530430001, 5.170309322468047, 6.551615865570874, 7.168296421047332, 4.834673404688264, 4.727616258750281, 4.38379587344119, 3.086503043899357, 2.5320601296177783, 2.5068830766511625, 3.065836399744774, 1.7650684151046383, 0.0, 3.0657467687335167, 2.5066887541136813, 3.0821524556711988, 2.525700843330421, 4.364461361955218, 4.701251223876469, 5.024511349375181, 5.37670089646058, 6.683807409702946, 7.2769193619278205, 6.8375729926634055], [5.164941964823999, 4.173670085188814, 2.7539146591715586, 2.160132118644598, 1.0968381649085703, 2.1602970605914367, 2.7547978419477532, 4.176352633578731, 5.205922536880471, 5.252877498095686, 6.140007496738095, 5.086023948036423, 5.385145265450135, 4.368581610774829, 4.711658863924679, 3.0816043694802877, 2.5261030184851925, 2.5066822415296275, 3.0657467687335167, 0.0, 1.7650678797145452, 2.5068165968016087, 3.065709369787032, 3.0842361696212564, 2.518616163689894, 4.69244027239559, 4.355501867753015, 5.390197627174722, 6.175892966203349, 4.650852053118869], [5.165103536232357, 4.173810125053607, 2.754024003163371, 2.160183003821667, 1.0968164933114382, 2.160192780748978, 2.754356195193352, 4.17652805808844, 5.179562284595098, 5.609088458029521, 6.140145146492875, 5.385335412024028, 5.086180371359239, 4.711771500189711, 4.3686878270254095, 2.526286878008909, 3.0817637612250555, 3.0657906321208563, 2.5066887541136813, 1.7650678797145452, 0.0, 3.0658811506645196, 2.506546971433011, 2.5276031195581314, 3.074358951066059, 4.360063555729434, 4.711903439163413, 5.070027709983448, 6.129030783900502, 5.0468914075894284], [6.546512935143411, 5.169462543630624, 4.175159501144837, 2.754341282412185, 2.1603537326095466, 1.0968149069008863, 2.160680323416678, 2.7531957957980397, 4.1927386431782265, 4.58221365499253, 7.305666363173177, 6.7021386803019825, 6.931912369613454, 5.058590151415708, 5.357759507480716, 4.70805031833773, 4.364582925091469, 2.526524037091276, 3.0821524556711988, 2.5068165968016087, 3.0658811506645196, 0.0, 1.7651715242434656, 3.0659174776891827, 2.5033228856861434, 3.041235147107175, 2.5408625484272074, 4.733339477578172, 4.852690441394341, 4.447090476929832], [6.54573417883739, 5.168629377310777, 4.174426615716223, 2.753539927075691, 2.159979180455219, 1.0968454266668572, 2.1609461562010286, 2.7544909402646436, 4.1610120571803195, 4.98754526896749, 7.304821108008053, 6.931194686343762, 6.701423900187184, 5.35683099136047, 5.0577608217471095, 4.364062523612604, 4.707386170689632, 3.081253134684004, 2.525700843330421, 3.065709369787032, 2.506546971433011, 1.7651715242434656, 0.0, 2.505969307473657, 3.0625147640460444, 2.4990626022570943, 3.1133846630315376, 4.366277102979151, 4.793961079316352, 4.86066943949082], [7.653603238344668, 6.55418474030142, 5.1715445777833144, 4.1758517622157045, 2.755585779829762, 2.160392862421092, 1.0967103172670527, 2.161386302815857, 2.7548683471265916, 3.366247937986743, 8.60805628524814, 7.8172562418024905, 7.613761849440788, 6.911817073678961, 6.682106645362674, 5.053889256800153, 5.353903149105333, 4.708649939207628, 4.364461361955218, 3.0842361696212564, 2.5276031195581314, 3.0659174776891827, 2.505969307473657, 0.0, 1.7653940891483693, 2.525174322695366, 3.0595754917962066, 2.5428516059731057, 3.7360881815074976, 2.9544342622573274], [7.644358145717662, 6.545549187043055, 5.162339377646534, 4.167847061733432, 2.7466664267799246, 2.155592691117689, 1.096126895026301, 2.166652630210944, 2.8116443765170582, 2.7390693401226627, 8.599131227048462, 7.604629475523446, 7.807437782653155, 6.674450020039104, 6.903423476073303, 5.343967966782736, 5.044718731505256, 4.358054139177254, 4.701251223876469, 2.518616163689894, 3.074358951066059, 2.5033228856861434, 3.0625147640460444, 1.7653940891483693, 0.0, 3.0681906867077213, 2.4813313966497907, 3.13909313337467, 3.820589298786249, 2.2162360524095805], [8.982425657360043, 7.628752944616833, 6.532309609931238, 5.1426135942728575, 4.157823665092112, 2.728336526163882, 2.1597595606918842, 1.0962687763500336, 2.1456155037657605, 3.3565261834223787, 9.777310186856097, 9.277673938547313, 9.113242117929271, 7.752894970267558, 7.556493553229566, 6.663075255465753, 6.8849940370344545, 5.315329337867975, 5.024511349375181, 4.69244027239559, 4.360063555729434, 3.041235147107175, 2.4990626022570943, 2.525174322695366, 3.0681906867077213, 0.0, 1.7702809579273004, 2.5417551908081153, 2.430827723225157, 3.6632609857884817], [9.016427029594373, 7.671128199945559, 6.562571705513015, 5.184595113410497, 4.1795372184011, 2.7680570857552778, 2.1522007782732544, 1.0967046275091576, 2.1522847070032345, 2.6456601236742405, 9.817878914511015, 9.134872143604419, 9.311079562005688, 7.599052494225843, 7.808901331813587, 6.913972633009188, 6.676062811268331, 5.067094289629906, 5.37670089646058, 4.355501867753015, 4.711903439163413, 2.5408625484272074, 3.1133846630315376, 3.0595754917962066, 2.4813313966497907, 1.7702809579273004, 0.0, 3.0753570686995033, 2.5058174893635012, 3.0199672945248923], [10.179683644396814, 9.031383020335259, 7.6799924824181955, 6.573327121785437, 5.1950305157910295, 4.194682182239794, 2.784151614046908, 2.1805000481540926, 1.094969917394994, 2.0557958142772836, 11.119340699879647, 10.320229052690642, 10.155848930050112, 9.300267687007725, 9.118551635539495, 7.596148788037265, 7.813341560433668, 6.929679162847297, 6.683807409702946, 5.390197627174722, 5.070027709983448, 4.733339477578172, 4.366277102979151, 2.5428516059731057, 3.13909313337467, 2.5417551908081153, 3.0753570686995033, 0.0, 1.7699108706372757, 2.250156745651289], [11.002691814733339, 9.723922650350527, 8.490332555324322, 7.199662412919095, 5.977380604411937, 4.67535763124063, 3.48278228719511, 2.1553553512124166, 1.094464220520708, 2.0369426256033822, 11.87082557575504, 11.149782549000674, 11.123831590778423, 9.817278178802923, 9.787995691662314, 8.597945824439696, 8.631264854585336, 7.316261932845215, 7.2769193619278205, 6.175892966203349, 6.129030783900502, 4.852690441394341, 4.793961079316352, 3.7360881815074976, 3.820589298786249, 2.430827723225157, 2.5058174893635012, 1.7699108706372757, 0.0, 2.8336298893821685], [9.793858366343674, 8.746313888719065, 7.3307352380235375, 6.373687266410237, 4.922259414130872, 4.182540827057161, 2.7344012306170433, 2.6717364128970504, 1.9500874082973816, 0.9718885378478332, 10.775151671322313, 9.700354237861626, 9.897452456566791, 8.882209902383527, 9.095911807510008, 7.4150655040936755, 7.151327812371631, 6.5505881537461965, 6.8375729926634055, 4.650852053118869, 5.0468914075894284, 4.447090476929832, 4.86066943949082, 2.9544342622573274, 2.2162360524095805, 3.6632609857884817, 3.0199672945248923, 2.250156745651289, 2.8336298893821685, 0.0]]}