{"total energy": -50.38079321, "HOMO-LUMO gap/eV": 2.95198069, "electronic energy": -50.92129781, "dipole": [-0.61761944, -0.34003529, 0.80166911], "partial charges": [0.03991809, -0.26314007, 0.5105984, -0.4251031, -0.26502673, 0.04103721, -0.24237992, 0.14972387, -0.0545185, -0.03337207, 0.03713253, -0.19221701, -0.04445739, 0.02229791, -0.10508948, -0.06232705, 0.05988563, 0.06425512, 0.07267416, 0.07182158, 0.0656078, 0.05735169, 0.0548167, 0.05868665, 0.0457653, 0.04610325, 0.05836608, 0.04678275, 0.06430846, 0.06006705, 0.0604311], "atomic dipole moments": [[0.20884057, -0.20216631, 0.08115006], [-0.13561565, -0.01527682, -0.13000632], [-0.05211102, -0.01852842, 0.2448093], [-0.07083881, -0.01197343, 0.4584237], [0.10600685, -0.13182115, -0.08132001], [0.06187013, 0.28956321, 0.05167611], [0.05778371, 0.11289067, -0.06601996], [-0.33070008, -0.05568299, -0.06058421], [-0.03870338, 0.04444137, -0.03059126], [-0.02046894, 0.00777682, -0.00819533], [0.12357391, 0.0287339, 0.02370106], [-0.16622296, -0.2316248, -0.30125157], [-0.05267337, 0.07145206, 0.10057268], [0.00970767, 0.0533169, -0.0218996], [-0.0320832, -0.08226026, 0.03327562], [-0.02078899, -0.03705692, 0.01174282], [-0.10492744, -0.07043519, -0.00174822], [0.03608823, 0.04274298, -0.11067394], [-0.01172593, 0.09581636, 0.08017071], [-0.09886419, -0.04298947, 0.06419326], [-0.02235236, -0.00890165, -0.12222229], [0.10584437, -0.05559317, 0.03854896], [-0.06008053, -0.13043337, 0.0560806], [0.07989948, -0.1029717, 0.07945674], [-0.0401353, 0.04932586, -0.11228319], [-0.03585346, -0.12329153, 0.01179566], [0.12980585, 0.00492375, 0.00264223], [-0.08514162, 0.07512014, -0.06067262], [0.04455928, 0.07640162, 0.10079698], [0.09238905, -0.02356987, -0.09182863], [-0.07746101, 0.11177867, -0.07607746]], "atomic quadrupole moments": [[0.1365396, -0.40429179, 0.08276078, 0.17746986, -0.14316989, -0.21930038], [-0.00050692, -0.09591492, 0.05000874, 0.0571096, 0.01405515, -0.04950182], [0.54947866, -0.11265373, 0.69533471, 0.44092104, -0.0394135, -1.24481337], [-0.3276703, -0.00070545, -0.36106162, -0.17696218, -0.00274, 0.68873191], [-0.0213261, 0.05994936, 0.10773433, -0.03979162, 0.03620903, -0.08640823], [-0.25326137, 0.15225835, 0.52596924, 0.01183983, 0.14400322, -0.27270787], [0.07666783, -0.01096169, -0.04653663, 0.05419364, -0.04000292, -0.0301312], [0.23340024, 0.0242326, -0.33160651, -0.02609364, 0.33389691, 0.09820627], [-0.18597392, -0.10592436, -0.09165459, -0.11497385, 0.27773334, 0.27762851], [-0.1867255, -0.07638047, -0.11918765, -0.14900983, 0.33471527, 0.30591315], [0.09097259, 0.01395809, -0.23910454, -0.05967772, 0.31976625, 0.14813195], [0.38366469, -0.06974299, -0.32698218, -0.0989782, 0.40573327, -0.0566825], [-0.10175834, -0.11768205, -0.03667995, -0.16703083, 0.24986587, 0.13843829], [-0.25039438, 0.01465726, -0.02136707, -0.19554778, 0.25620351, 0.27176146], [-0.00743603, 0.10404954, 0.10267873, -0.02414594, -0.10095208, -0.0952427], [-0.19860945, -0.05545851, -0.08222298, -0.14028485, 0.26398991, 0.28083242], [0.043697, 0.01762816, 0.01496409, 0.01177072, -0.00867291, -0.05866108], [-0.01634431, -0.01921164, -0.02229723, -0.02510168, -0.04038303, 0.03864154], [-0.03870727, -0.01310991, 0.01948525, 0.01323093, 0.05741764, 0.01922202], [0.02889589, 0.02384757, -0.01788001, -0.05944827, -0.00392353, -0.01101588], [-0.05540721, 0.01306292, -0.00052812, 0.01839511, 0.00904792, 0.05593533], [0.02717759, -0.02044695, 0.02399337, 0.03080814, -0.0057028, -0.05117096], [0.03176224, 0.01451663, 0.006772, 0.01688058, -0.03250981, -0.03853423], [0.03628718, 0.01923588, 0.0087057, 0.01705735, -0.03736883, -0.04499287], [-0.03835523, -0.03105641, -0.01279664, 0.02783758, -0.02068901, 0.05115186], [-0.04244332, 0.03331826, 0.05946654, -0.01975889, 0.001992, -0.01702322], [0.08308416, 0.00438438, -0.04533004, 0.00194139, 0.01352579, -0.03775412], [0.03869134, -0.03425451, -0.00994423, 0.04199496, -0.03301962, -0.02874711], [-0.02957154, 0.02098195, -0.00704119, 0.04460658, 0.03227455, 0.03661274], [0.02540754, -0.0305997, -0.02230363, -0.05691331, 0.0099786, -0.00310391], [0.03923005, 0.01072879, -0.00221244, 0.0196804, -0.0275971, -0.03701761]], "number of molecular orbitals": 94, "number of electrons": 90, "number of unpaired electrons": 0, "orbital energies/eV": [-20.71639556, -20.28787076, -20.08986141, -19.31619698, -19.12657232, -18.61945521, -18.28562417, -17.97277063, -17.825599, -17.39117498, -17.10405778, -16.7378623, -16.60401536, -16.4438596, -16.28360945, -16.08321603, -15.90341554, -15.74224579, -15.53316538, -15.452707, -15.22265204, -15.13340542, -14.98994714, -14.29355669, -14.0964393, -13.83731697, -13.77405285, -13.71859049, -13.56797262, -13.45047276, -13.32873689, -13.2578371, -13.17074641, -13.06944869, -12.74900438, -12.58687635, -12.57874899, -12.29082909, -12.07144769, -11.93640775, -11.34421448, -11.0661339, -10.02346518, -10.00556727, -9.79812667, -6.84614598, -6.68917872, -5.2711371, -4.7399994, -3.98778855, -3.85477575, -3.63512825, -3.11547971, -1.60693636, -0.04719382, 0.29773507, 0.35895348, 0.43139727, 0.78263961, 0.84662251, 1.00583256, 2.19780544, 2.76129712, 2.95481501, 3.06013911, 3.30377718, 3.40698903, 3.52030949, 3.69681253, 4.02174763, 4.26350056, 4.44009562, 4.65212492, 4.93165762, 5.09281813, 5.18574987, 5.35603017, 5.55191895, 5.78924647, 5.95172879, 6.01491729, 6.33311242, 8.48849178, 9.80801806, 10.20607444, 11.00513929, 11.57698837, 12.05812022, 12.9445807, 15.80686172, 16.66224201, 27.37094793, 29.11352439, 33.49543572], "fractional occupation": [2.0, 2.0, 2.0, 2.0, 2.0, 2.0, 2.0, 2.0, 2.0, 2.0, 2.0, 2.0, 2.0, 2.0, 2.0, 2.0, 2.0, 2.0, 2.0, 2.0, 2.0, 2.0, 2.0, 2.0, 2.0, 2.0, 2.0, 2.0, 2.0, 2.0, 2.0, 2.0, 2.0, 2.0, 2.0, 2.0, 2.0, 2.0, 2.0, 2.0, 2.0, 2.0, 2.0, 2.0, 2.0, 0.0, 0.0, 0.0, 0.0, 0.0, 0.0, 0.0, 0.0, 0.0, 0.0, 0.0, 0.0, 0.0, 0.0, 0.0, 0.0, 0.0, 0.0, 0.0, 0.0, 0.0, 0.0, 0.0, 0.0, 0.0, 0.0, 0.0, 0.0, 0.0, 0.0, 0.0, 0.0, 0.0, 0.0, 0.0, 0.0, 0.0, 0.0, 0.0, 0.0, 0.0, 0.0, 0.0, 0.0, 0.0, 0.0, 0.0, 0.0, 0.0], "program call": "xtb /home/svss/Project-DBcg-Debug/aqme2_20220329/End-to-End-workflows-final/example-3/QDESCP/mol_230_rdkit_conf_2/mol_230_rdkit_conf_2.xyz --pop --wbo --acc 0.2 --gfn 2 --chrg 0 --uhf 0 --etemp 300 --input /home/svss/Project-DBcg-Debug/aqme2_20220329/End-to-End-workflows-final/example-3/QDESCP/mol_230_rdkit_conf_2/mol_230_rdkit_conf_2_xtb.inp", "method": "GFN2-xTB", "xtb version": "6.3.3 (7355c4f)", "Dipole module/D": 2.714, "Total charge": 0, "Transition dipole module/D": NaN, "HOMO": -9.7981, "LUMO": -6.8461, "HOMO occupancy": 2.0, "LUMO occupancy": 0, "mulliken charges": [0.17876, -0.35323, 0.44402, -0.21132, -0.35657, 0.17819, -0.32616, 0.26234, -0.07017, -0.03444, 0.03416, -0.12684, -0.01698, 0.01169, -0.08221, -0.08303, 0.04052, 0.02909, 0.03527, 0.03503, 0.02964, 0.03887, 0.04665, 0.03577, 0.02662, 0.02665, 0.03654, 0.03471, 0.04154, 0.03925, 0.05565], "cm5 charges": [0.06373, -0.41896, 0.40459, -0.18114, -0.42218, 0.06317, -0.37118, 0.28461, -0.11952, -0.0852, 0.04002, -0.16951, -0.14815, -0.00143, -0.22449, -0.12973, 0.10435, 0.09006, 0.09475, 0.09449, 0.09057, 0.10268, 0.1055, 0.09273, 0.07938, 0.07939, 0.08874, 0.08663, 0.09398, 0.09181, 0.12032], "FUKUI+": [0.012, 0.01, -0.069, -0.077, -0.012, 0.012, -0.016, -0.069, -0.025, -0.026, -0.037, -0.19, 0.022, -0.04, 0.026, -0.019, -0.015, -0.009, -0.019, -0.023, -0.013, -0.002, -0.064, -0.059, -0.038, -0.039, -0.053, -0.039, -0.038, -0.036, -0.057], "FUKUI-": [0.018, 0.001, -0.11, -0.273, -0.007, 0.018, -0.003, -0.005, -0.011, -0.006, 0.026, -0.342, 0.052, -0.012, 0.018, -0.001, -0.015, -0.008, -0.028, -0.03, -0.01, -0.01, -0.033, -0.022, -0.047, -0.049, -0.042, -0.024, -0.018, -0.013, -0.016], "FUKUIrad": [0.015, 0.005, -0.089, -0.175, -0.009, 0.015, -0.009, -0.037, -0.018, -0.016, -0.005, -0.266, 0.037, -0.026, 0.022, -0.01, -0.015, -0.008, -0.023, -0.026, -0.011, -0.006, -0.048, -0.041, -0.043, -0.044, -0.048, -0.031, -0.028, -0.024, -0.037], "s proportion": [0.972, 1.646, 1.434, 1.889, 1.647, 0.972, 1.637, 1.014, 1.059, 1.069, 1.09, 1.926, 1.012, 1.093, 1.007, 1.067, 0.959, 0.971, 0.965, 0.965, 0.97, 0.961, 0.953, 0.964, 0.973, 0.973, 0.963, 0.965, 0.958, 0.961, 0.944], "p proportion": [2.849, 4.708, 1.929, 4.338, 4.71, 2.85, 4.69, 2.723, 3.011, 2.966, 2.876, 4.197, 3.005, 2.895, 3.075, 3.016, 0.0, 0.0, 0.0, 0.0, 0.0, 0.0, 0.0, 0.0, 0.0, 0.0, 0.0, 0.0, 0.0, 0.0, 0.0], "d proportion": [0.0, 0.0, 1.193, -0.015, 0.0, 0.0, 0.0, 0.0, 0.0, 0.0, 0.0, 0.004, 0.0, 0.0, 0.0, 0.0, 0.0, 0.0, 0.0, 0.0, 0.0, 0.0, 0.0, 0.0, 0.0, 0.0, 0.0, 0.0, 0.0, 0.0, 0.0], "Fermi-level/eV": -8.3221, "Coordination numbers": [3.875, 1.657, 4.038, 0.924, 1.657, 3.874, 1.663, 3.022, 2.913, 2.953, 2.956, 2.005, 3.742, 2.98, 3.754, 2.917, 0.924, 0.924, 0.924, 0.924, 0.924, 0.924, 0.925, 0.925, 0.924, 0.924, 0.924, 0.924, 0.924, 0.924, 0.925], "Dispersion coefficient C6": [19.859, 18.377, 139.502, 157.809, 18.409, 19.841, 18.03, 24.729, 29.354, 28.83, 27.167, 149.218, 21.445, 27.502, 22.566, 29.55, 2.2, 2.15, 2.056, 2.066, 2.135, 2.23, 2.261, 2.214, 2.374, 2.369, 2.218, 2.361, 2.149, 2.198, 2.194], "Total dispersion C6": 14693.197228, "Total dispersion C8": 439050.885829, "Polarizability alpha": [6.336, 5.787, 21.217, 21.248, 5.792, 6.334, 5.732, 8.157, 8.884, 8.807, 8.549, 20.56, 6.607, 8.602, 6.774, 8.914, 2.32, 2.293, 2.243, 2.248, 2.285, 2.335, 2.351, 2.327, 2.409, 2.407, 2.329, 2.403, 2.293, 2.319, 2.316], "Total polarizability alpha": 193.177229, "Wiberg matrix": [[0.0, 0.9418623842261536, 0.0, 0.0, 0.0, 0.0, 0.0, 0.0, 0.0, 0.0, 0.0, 0.0, 0.0, 0.0, 0.0, 0.0, 0.9798576509992457, 0.9788424895087137, 0.9768314927912096, 0.0, 0.0, 0.0, 0.0, 0.0, 0.0, 0.0, 0.0, 0.0, 0.0, 0.0, 0.0], [0.9418623842261536, 0.0, 1.2195201292701865, 0.0, 0.0, 0.0, 0.0, 0.0, 0.0, 0.0, 0.0, 0.0, 0.0, 0.0, 0.0, 0.0, 0.0, 0.0, 0.0, 0.0, 0.0, 0.0, 0.0, 0.0, 0.0, 0.0, 0.0, 0.0, 0.0, 0.0, 0.0], [0.0, 1.2195201292701865, 0.0, 1.5608343343079731, 1.2198584790868137, 0.0, 1.206709042645236, 0.0, 0.0, 0.0, 0.0, 0.0, 0.0, 0.0, 0.0, 0.0, 0.0, 0.0, 0.0, 0.0, 0.0, 0.0, 0.0, 0.0, 0.0, 0.0, 0.0, 0.0, 0.0, 0.0, 0.0], [0.0, 0.0, 1.5608343343079731, 0.0, 0.0, 0.0, 0.0, 0.0, 0.0, 0.0, 0.0, 0.0, 0.0, 0.0, 0.0, 0.0, 0.0, 0.0, 0.0, 0.0, 0.0, 0.0, 0.0, 0.0, 0.0, 0.0, 0.0, 0.0, 0.0, 0.0, 0.0], [0.0, 0.0, 1.2198584790868137, 0.0, 0.0, 0.9426293014551197, 0.0, 0.0, 0.0, 0.0, 0.0, 0.0, 0.0, 0.0, 0.0, 0.0, 0.0, 0.0, 0.0, 0.0, 0.0, 0.0, 0.0, 0.0, 0.0, 0.0, 0.0, 0.0, 0.0, 0.0, 0.0], [0.0, 0.0, 0.0, 0.0, 0.9426293014551197, 0.0, 0.0, 0.0, 0.0, 0.0, 0.0, 0.0, 0.0, 0.0, 0.0, 0.0, 0.0, 0.0, 0.0, 0.9771727284015914, 0.9787188155343433, 0.9795741465008432, 0.0, 0.0, 0.0, 0.0, 0.0, 0.0, 0.0, 0.0, 0.0], [0.0, 0.0, 1.206709042645236, 0.0, 0.0, 0.0, 0.0, 0.9739075599058244, 0.0, 0.0, 0.0, 0.0, 0.0, 0.0, 0.0, 0.0, 0.0, 0.0, 0.0, 0.0, 0.0, 0.0, 0.0, 0.0, 0.0, 0.0, 0.0, 0.0, 0.0, 0.0, 0.0], [0.0, 0.0, 0.0, 0.0, 0.0, 0.0, 0.9739075599058244, 0.0, 1.371268232552656, 0.0, 0.0, 0.0, 0.0, 0.0, 0.0, 1.3925885364081756, 0.0, 0.0, 0.0, 0.0, 0.0, 0.0, 0.0, 0.0, 0.0, 0.0, 0.0, 0.0, 0.0, 0.0, 0.0], [0.0, 0.0, 0.0, 0.0, 0.0, 0.0, 0.0, 1.371268232552656, 0.0, 1.4440493281837348, 0.0, 0.0, 0.0, 0.10372443423093938, 0.0, 0.0, 0.0, 0.0, 0.0, 0.0, 0.0, 0.0, 0.9663103972788855, 0.0, 0.0, 0.0, 0.0, 0.0, 0.0, 0.0, 0.0], [0.0, 0.0, 0.0, 0.0, 0.0, 0.0, 0.0, 0.0, 1.4440493281837348, 0.0, 1.413819925854399, 0.0, 0.0, 0.0, 0.0, 0.10447643171536011, 0.0, 0.0, 0.0, 0.0, 0.0, 0.0, 0.0, 0.9677457260085448, 0.0, 0.0, 0.0, 0.0, 0.0, 0.0, 0.0], [0.0, 0.0, 0.0, 0.0, 0.0, 0.0, 0.0, 0.0, 0.0, 1.413819925854399, 0.0, 0.9935045228229287, 0.0, 1.3814364249668147, 0.0, 0.0, 0.0, 0.0, 0.0, 0.0, 0.0, 0.0, 0.0, 0.0, 0.0, 0.0, 0.0, 0.0, 0.0, 0.0, 0.0], [0.0, 0.0, 0.0, 0.0, 0.0, 0.0, 0.0, 0.0, 0.0, 0.0, 0.9935045228229287, 0.0, 0.9949949728047458, 0.0, 0.0, 0.0, 0.0, 0.0, 0.0, 0.0, 0.0, 0.0, 0.0, 0.0, 0.0, 0.0, 0.0, 0.0, 0.0, 0.0, 0.0], [0.0, 0.0, 0.0, 0.0, 0.0, 0.0, 0.0, 0.0, 0.0, 0.0, 0.0, 0.9949949728047458, 0.0, 0.0, 0.0, 0.0, 0.0, 0.0, 0.0, 0.0, 0.0, 0.0, 0.0, 0.0, 0.985253662262173, 0.984995205466502, 0.9804948989636758, 0.0, 0.0, 0.0, 0.0], [0.0, 0.0, 0.0, 0.0, 0.0, 0.0, 0.0, 0.0, 0.10372443423093938, 0.0, 1.3814364249668147, 0.0, 0.0, 0.0, 1.0309386357085277, 1.4041622348906766, 0.0, 0.0, 0.0, 0.0, 0.0, 0.0, 0.0, 0.0, 0.0, 0.0, 0.0, 0.0, 0.0, 0.0, 0.0], [0.0, 0.0, 0.0, 0.0, 0.0, 0.0, 0.0, 0.0, 0.0, 0.0, 0.0, 0.0, 0.0, 1.0309386357085277, 0.0, 0.0, 0.0, 0.0, 0.0, 0.0, 0.0, 0.0, 0.0, 0.0, 0.0, 0.0, 0.0, 0.9839762123293448, 0.9681578046815396, 0.9679450539440256, 0.0], [0.0, 0.0, 0.0, 0.0, 0.0, 0.0, 0.0, 1.3925885364081756, 0.0, 0.10447643171536011, 0.0, 0.0, 0.0, 1.4041622348906766, 0.0, 0.0, 0.0, 0.0, 0.0, 0.0, 0.0, 0.0, 0.0, 0.0, 0.0, 0.0, 0.0, 0.0, 0.0, 0.0, 0.9509872450780212], [0.9798576509992457, 0.0, 0.0, 0.0, 0.0, 0.0, 0.0, 0.0, 0.0, 0.0, 0.0, 0.0, 0.0, 0.0, 0.0, 0.0, 0.0, 0.0, 0.0, 0.0, 0.0, 0.0, 0.0, 0.0, 0.0, 0.0, 0.0, 0.0, 0.0, 0.0, 0.0], [0.9788424895087137, 0.0, 0.0, 0.0, 0.0, 0.0, 0.0, 0.0, 0.0, 0.0, 0.0, 0.0, 0.0, 0.0, 0.0, 0.0, 0.0, 0.0, 0.0, 0.0, 0.0, 0.0, 0.0, 0.0, 0.0, 0.0, 0.0, 0.0, 0.0, 0.0, 0.0], [0.9768314927912096, 0.0, 0.0, 0.0, 0.0, 0.0, 0.0, 0.0, 0.0, 0.0, 0.0, 0.0, 0.0, 0.0, 0.0, 0.0, 0.0, 0.0, 0.0, 0.0, 0.0, 0.0, 0.0, 0.0, 0.0, 0.0, 0.0, 0.0, 0.0, 0.0, 0.0], [0.0, 0.0, 0.0, 0.0, 0.0, 0.9771727284015914, 0.0, 0.0, 0.0, 0.0, 0.0, 0.0, 0.0, 0.0, 0.0, 0.0, 0.0, 0.0, 0.0, 0.0, 0.0, 0.0, 0.0, 0.0, 0.0, 0.0, 0.0, 0.0, 0.0, 0.0, 0.0], [0.0, 0.0, 0.0, 0.0, 0.0, 0.9787188155343433, 0.0, 0.0, 0.0, 0.0, 0.0, 0.0, 0.0, 0.0, 0.0, 0.0, 0.0, 0.0, 0.0, 0.0, 0.0, 0.0, 0.0, 0.0, 0.0, 0.0, 0.0, 0.0, 0.0, 0.0, 0.0], [0.0, 0.0, 0.0, 0.0, 0.0, 0.9795741465008432, 0.0, 0.0, 0.0, 0.0, 0.0, 0.0, 0.0, 0.0, 0.0, 0.0, 0.0, 0.0, 0.0, 0.0, 0.0, 0.0, 0.0, 0.0, 0.0, 0.0, 0.0, 0.0, 0.0, 0.0, 0.0], [0.0, 0.0, 0.0, 0.0, 0.0, 0.0, 0.0, 0.0, 0.9663103972788855, 0.0, 0.0, 0.0, 0.0, 0.0, 0.0, 0.0, 0.0, 0.0, 0.0, 0.0, 0.0, 0.0, 0.0, 0.0, 0.0, 0.0, 0.0, 0.0, 0.0, 0.0, 0.0], [0.0, 0.0, 0.0, 0.0, 0.0, 0.0, 0.0, 0.0, 0.0, 0.9677457260085448, 0.0, 0.0, 0.0, 0.0, 0.0, 0.0, 0.0, 0.0, 0.0, 0.0, 0.0, 0.0, 0.0, 0.0, 0.0, 0.0, 0.0, 0.0, 0.0, 0.0, 0.0], [0.0, 0.0, 0.0, 0.0, 0.0, 0.0, 0.0, 0.0, 0.0, 0.0, 0.0, 0.0, 0.985253662262173, 0.0, 0.0, 0.0, 0.0, 0.0, 0.0, 0.0, 0.0, 0.0, 0.0, 0.0, 0.0, 0.0, 0.0, 0.0, 0.0, 0.0, 0.0], [0.0, 0.0, 0.0, 0.0, 0.0, 0.0, 0.0, 0.0, 0.0, 0.0, 0.0, 0.0, 0.984995205466502, 0.0, 0.0, 0.0, 0.0, 0.0, 0.0, 0.0, 0.0, 0.0, 0.0, 0.0, 0.0, 0.0, 0.0, 0.0, 0.0, 0.0, 0.0], [0.0, 0.0, 0.0, 0.0, 0.0, 0.0, 0.0, 0.0, 0.0, 0.0, 0.0, 0.0, 0.9804948989636758, 0.0, 0.0, 0.0, 0.0, 0.0, 0.0, 0.0, 0.0, 0.0, 0.0, 0.0, 0.0, 0.0, 0.0, 0.0, 0.0, 0.0, 0.0], [0.0, 0.0, 0.0, 0.0, 0.0, 0.0, 0.0, 0.0, 0.0, 0.0, 0.0, 0.0, 0.0, 0.0, 0.9839762123293448, 0.0, 0.0, 0.0, 0.0, 0.0, 0.0, 0.0, 0.0, 0.0, 0.0, 0.0, 0.0, 0.0, 0.0, 0.0, 0.0], [0.0, 0.0, 0.0, 0.0, 0.0, 0.0, 0.0, 0.0, 0.0, 0.0, 0.0, 0.0, 0.0, 0.0, 0.9681578046815396, 0.0, 0.0, 0.0, 0.0, 0.0, 0.0, 0.0, 0.0, 0.0, 0.0, 0.0, 0.0, 0.0, 0.0, 0.0, 0.0], [0.0, 0.0, 0.0, 0.0, 0.0, 0.0, 0.0, 0.0, 0.0, 0.0, 0.0, 0.0, 0.0, 0.0, 0.9679450539440256, 0.0, 0.0, 0.0, 0.0, 0.0, 0.0, 0.0, 0.0, 0.0, 0.0, 0.0, 0.0, 0.0, 0.0, 0.0, 0.0], [0.0, 0.0, 0.0, 0.0, 0.0, 0.0, 0.0, 0.0, 0.0, 0.0, 0.0, 0.0, 0.0, 0.0, 0.0, 0.9509872450780212, 0.0, 0.0, 0.0, 0.0, 0.0, 0.0, 0.0, 0.0, 0.0, 0.0, 0.0, 0.0, 0.0, 0.0, 0.0]], "Born radii": [], "Atomic SASAs": [], "Solvent H bonds": [], "Total SASA": NaN, "Total FOD": 0.0, "FOD": [0.0, 0.0, 0.0, 0.0, 0.0, 0.0, 0.0, 0.0, 0.0, 0.0, 0.0, 0.0, 0.0, 0.0, 0.0, 0.0, 0.0, 0.0, 0.0, 0.0, 0.0, 0.0, 0.0, 0.0, 0.0, 0.0, 0.0, 0.0, 0.0, 0.0, 0.0], "FOD s proportion": [0.0, 0.0, 0.0, 0.0, 0.0, 0.0, 0.0, 0.0, 0.0, 0.0, 0.0, 0.0, 0.0, 0.0, 0.0, 0.0, 0.0, 0.0, 0.0, 0.0, 0.0, 0.0, 0.0, 0.0, 0.0, 0.0, 0.0, 0.0, 0.0, 0.0, 0.0], "FOD p proportion": [0.0, 0.0, 0.0, 0.0, 0.0, 0.0, 0.0, 0.0, 0.0, 0.0, 0.0, 0.0, 0.0, 0.0, 0.0, 0.0, 0.0, 0.0, 0.0, 0.0, 0.0, 0.0, 0.0, 0.0, 0.0, 0.0, 0.0, 0.0, 0.0, 0.0, 0.0], "FOD d proportion": [0.0, 0.0, 0.0, 0.0, 0.0, 0.0, 0.0, 0.0, 0.0, 0.0, 0.0, 0.0, 0.0, 0.0, 0.0, 0.0, 0.0, 0.0, 0.0, 0.0, 0.0, 0.0, 0.0, 0.0, 0.0, 0.0, 0.0, 0.0, 0.0, 0.0, 0.0], "coordinates": [["-3.68070", "2.18800", "-0.21790"], ["-2.65460", "1.31930", "0.21840"], ["-2.51630", "-0.12890", "-0.49530"], ["-2.17310", "-0.13410", "-2.40670"], ["-3.90680", "-0.82450", "-0.03190"], ["-4.08770", "-2.20160", "-0.29680"], ["-1.45560", "-0.88490", "0.46000"], ["-0.14130", "-0.55610", "0.63150"], ["0.62230", "-1.47950", "1.34090"], ["1.97750", "-1.24090", "1.57130"], ["2.58640", "-0.07390", "1.09310"], ["4.32880", "0.15900", "1.42770"], ["5.00060", "-0.81150", "0.05370"], ["1.81720", "0.87280", "0.39110"], ["2.40950", "2.15610", "-0.12760"], ["0.45030", "0.61630", "0.16630"], ["-4.64090", "1.66770", "-0.26330"], ["-3.43220", "2.59900", "-1.19960"], ["-3.76380", "3.01300", "0.49430"], ["-4.95340", "-2.55380", "0.27010"], ["-4.28110", "-2.35680", "-1.36110"], ["-3.21080", "-2.77730", "0.01090"], ["0.16580", "-2.39040", "1.71930"], ["2.55390", "-1.97380", "2.13140"], ["4.66070", "-0.40780", "-0.90410"], ["4.69440", "-1.85800", "0.13490"], ["6.09250", "-0.76610", "0.08230"], ["1.65790", "2.76860", "-0.63760"], ["2.80960", "2.75420", "0.69740"], ["3.20310", "1.94640", "-0.85180"], ["-0.13220", "1.35960", "-0.37020"]], "bond_dist": [[0.0, 1.4134633316786114, 2.6078350657202227, 3.529284858154694, 3.0266934862982082, 4.409133970520741, 3.854002183445152, 4.55838979575025, 5.864829297601082, 6.853744895310884, 6.790541585175662, 8.424780745514983, 9.188892016995302, 5.685730951249804, 6.090952941863858, 4.436554015223978, 1.093049536846341, 1.0928898114631684, 1.093050524907243, 4.933819669383954, 4.724679189109034, 4.9927306696836755, 6.285702240004691, 7.855572982921106, 8.762876356539559, 9.307893631214315, 10.214316672690346, 5.386454716230333, 6.578932331313342, 6.917145524708874, 3.6470939253054615], [1.4134633316786114, 0.0, 1.6204251972861936, 3.038974139409547, 2.495302260248245, 3.8361365278102393, 2.5208072516557074, 3.162981767256966, 4.45324166198063, 5.4627202802266925, 5.493103615443641, 7.1816835171149105, 7.9479256268538405, 4.497352863629893, 5.144420185987921, 3.1839169932647424, 2.0733560089863974, 2.062284619057224, 2.0432976141521824, 4.504226675024249, 4.319031570850114, 4.139389598721047, 4.895838136621757, 6.452328948527035, 7.599769387948559, 8.006872581726277, 8.993284982696812, 4.629347982167683, 5.669731973382869, 5.987589810599921, 2.590477911505906], [2.6078350657202227, 1.6204251972861936, 0.0, 1.9419740574992241, 1.622371464862471, 2.6085983784400386, 1.6153075806173882, 2.6632316985196764, 3.878989657114337, 5.06967632102879, 5.344491262037951, 7.1159124095227595, 7.567769114474887, 4.535232088879245, 5.442419859768263, 3.129497269530683, 2.7920459738335257, 2.962490457368597, 3.5223713631586318, 3.5221348043480676, 2.9711390223279692, 2.7843475447580173, 4.148794502021039, 6.000844685542194, 7.194041398963451, 7.441850128832211, 8.651652041084407, 5.083276618481429, 6.17252053135508, 6.094710715038081, 2.813399202033014], [3.529284858154694, 3.038974139409547, 1.9419740574992241, 0.0, 3.020271989407577, 3.5202169563820918, 3.0490122630124, 3.6792600451721267, 4.865066092048493, 5.854653755774119, 5.908050806315057, 7.554021086811977, 7.614092894757721, 4.976346706169094, 5.607096896790708, 3.750420872382192, 3.732383104666508, 3.242261375953518, 4.566220088870005, 4.555246910980787, 3.236871738268293, 3.729358830952044, 5.252163259077158, 6.806127878610568, 7.002395368015148, 7.522906221667261, 8.655327166548933, 5.121712906831073, 6.542554011240564, 5.970738706391362, 3.2471132949128827], [3.0266934862982082, 2.495302260248245, 1.622371464862471, 3.020271989407577, 0.0, 1.41396648828747, 2.500798914347173, 3.832900777479114, 4.777693130580908, 6.112988278248208, 6.632546388831367, 8.421568248847716, 8.907820784007727, 5.985309707107895, 6.98489660195482, 4.593420108154707, 2.608353812273174, 3.648166758798178, 3.876047173345546, 2.043784247419478, 2.0627206354715124, 2.0735659333621395, 4.701575800728943, 6.9095153136815615, 8.621857571312578, 8.664674600352862, 10.000122633748049, 6.6515506605602885, 7.64519464369613, 7.674685715389263, 4.374053595922208], [4.409133970520741, 3.8361365278102393, 2.6085983784400386, 3.5202169563820918, 1.41396648828747, 0.0, 3.038814824894732, 4.3753267420845265, 5.038609897580879, 6.418675341532706, 7.141606269600698, 8.90975896755911, 9.200675255110355, 6.692756216985645, 7.825074170255513, 5.361759601101117, 3.9087894519914985, 4.9285381656227445, 5.284203211459605, 1.093095119374339, 1.0928060623916762, 1.0931895489804135, 4.710898735910166, 7.075231348867682, 8.95103537530715, 8.799415108971731, 10.28789818670461, 7.604666464743868, 8.551089671498014, 8.406526847634522, 5.322923374424997], [3.854002183445152, 2.5208072516557074, 1.6153075806173882, 3.0490122630124, 2.500798914347173, 3.038814824894732, 0.0, 1.3656156780002198, 2.333924244700329, 3.626003212905361, 4.170887268915332, 5.956966833884507, 6.46938835516929, 3.715572141676165, 4.952974133790727, 2.44383222419216, 4.145487394746245, 4.3357558660515005, 4.53018632508642, 3.8801925287284393, 3.6696519003851034, 2.61984648596058, 2.545840666656105, 4.478322389020246, 6.284705156966396, 6.234991068157195, 7.558477646986859, 4.924090805417788, 5.611714409162319, 5.607188655645536, 2.7346663141963043], [4.55838979575025, 3.162981767256966, 2.6632316985196764, 3.6792600451721267, 3.832900777479114, 4.3753267420845265, 1.3656156780002198, 0.0, 1.3924801183499893, 2.416917152076173, 2.808191355659368, 4.596422136836434, 5.180561514932528, 2.4362408788951884, 3.7998476666834953, 1.3931702552093193, 5.09826967117276, 4.913003768571728, 5.087219761323467, 5.222807832957288, 4.934665063608674, 3.8393624535852298, 2.1545941009851486, 3.394654082524463, 5.04373514867702, 5.032449667905284, 6.2614681249687765, 3.9876516322266666, 4.435114396495315, 4.432572221633845, 2.161802995187119], [5.864829297601082, 4.45324166198063, 3.878989657114337, 4.865066092048493, 4.777693130580908, 5.038609897580879, 2.333924244700329, 1.3924801183499893, 0.0, 1.3951993262613052, 2.427921953028968, 4.053437891469413, 4.612224921878811, 2.804143601886323, 4.309079188179303, 2.4086607897335814, 6.338738022666657, 6.287071874092104, 6.335389571289203, 5.778335713680887, 5.666903109282883, 4.259793475040779, 1.0868843636744434, 2.1448312987272447, 4.743125599222521, 4.26376554937065, 5.65827726079237, 4.799300284416469, 4.808595348955867, 4.8171830710488885, 3.3996503158413223], [6.853744895310884, 5.4627202802266925, 5.06967632102879, 5.854653755774119, 6.112988278248208, 6.418675341532706, 3.626003212905361, 2.416917152076173, 1.3951993262613052, 0.0, 1.4004725809525866, 2.7402468246491956, 3.4097841177998354, 2.426168959491486, 3.8226292273774076, 2.784880011777886, 7.458480386781211, 7.189406992930641, 7.2262106182978085, 7.173158485632393, 7.001019677875503, 5.631503352569365, 2.1507001511135857, 1.0877000413717013, 3.744492356782158, 3.1345817870969643, 4.401792934702858, 4.58884229626602, 4.173357836323169, 4.187169719512214, 3.870769508766958], [6.790541585175662, 5.493103615443641, 5.344491262037951, 5.908050806315057, 6.632546388831367, 7.141606269600698, 4.170887268915332, 2.808191355659368, 2.427921953028968, 1.4004725809525866, 0.0, 1.7894572724711817, 2.729975780112344, 1.4073782469542435, 2.5483920616733995, 2.4286328438032783, 7.556907886827786, 6.973120797749025, 7.086081645733415, 7.979712842577732, 7.641811715817133, 6.487453756289906, 3.408460510259727, 2.165350583623816, 2.898795877601595, 2.9231531006774176, 3.71397289839331, 3.455031257456291, 2.864357928052987, 2.8713354018644357, 3.403961677222586], [8.424780745514983, 7.1816835171149105, 7.1159124095227595, 7.554021086811977, 8.421568248847716, 8.90975896755911, 5.956966833884507, 4.596422136836434, 4.053437891469413, 2.7402468246491956, 1.7894572724711817, 0.0, 1.811370058822879, 2.809303216101815, 3.1766458710407113, 4.104024305483582, 9.251549858266992, 8.549235421369563, 8.631727887277263, 9.739535843149817, 9.393456929693135, 8.214301436519115, 4.890300596077914, 2.8625686961189247, 2.4225422782688435, 2.423485960347202, 2.4034452063652294, 4.267221937045226, 3.094571015504411, 3.107751518381095, 4.957257888187783], [9.188892016995302, 7.9479256268538405, 7.567769114474887, 7.614092894757721, 8.907820784007727, 9.200675255110355, 6.46938835516929, 5.180561514932528, 4.612224921878811, 3.4097841177998354, 2.729975780112344, 1.811370058822879, 0.0, 3.6172836231072627, 3.9437696002682516, 4.770379616969702, 9.96019296449622, 9.182286587773222, 9.572650415114927, 10.107648304625563, 9.515228111821598, 8.443535482249127, 5.351863190515991, 3.4138130396962283, 1.093565974232922, 1.093395687754438, 1.0932176041392672, 4.946580130757007, 4.234270560557037, 3.4142274250553375, 5.589186189419709], [5.685730951249804, 4.497352863629893, 4.535232088879245, 4.976346706169094, 5.985309707107895, 6.692756216985645, 3.715572141676165, 2.4362408788951884, 2.804143601886323, 2.426168959491486, 1.4073782469542435, 2.809303216101815, 3.6172836231072627, 0.0, 1.5055656312495977, 1.408809036030079, 6.539660616576368, 5.750329841843857, 5.978182606779421, 7.589285402460497, 7.119675827592152, 6.224834620293136, 3.89097821119574, 3.416797117184455, 3.376828637938266, 3.975070681132601, 4.58906752401836, 2.162789360987334, 2.1490331337603896, 2.148984918513855, 2.1486535993500673], [6.090952941863858, 5.144420185987921, 5.442419859768263, 5.607096896790708, 6.98489660195482, 7.825074170255513, 4.952974133790727, 3.7998476666834953, 4.309079188179303, 3.8226292273774076, 2.5483920616733995, 3.1766458710407113, 3.9437696002682516, 1.5055656312495977, 0.0, 2.509148439211997, 7.068598815182539, 5.9557370072896925, 6.2634391599184545, 8.74949254014197, 8.164062531607657, 7.479665092769863, 5.39591433864549, 4.709565412009902, 3.499205181180435, 4.62630231070128, 4.706144903208996, 1.0955175991283757, 1.09472764649478, 1.0946418089950702, 2.674603877212474], [4.436554015223978, 3.1839169932647424, 3.129497269530683, 3.750420872382192, 4.593420108154707, 5.361759601101117, 2.44383222419216, 1.3931702552093193, 2.4086607897335814, 2.784880011777886, 2.4286328438032783, 4.104024305483582, 4.770379616969702, 1.408809036030079, 2.509148439211997, 0.0, 5.216350789584612, 4.568433905617986, 4.859052757482676, 6.265802593443238, 5.792963000917579, 4.9944292296517725, 3.3960262278139135, 3.872385437943904, 4.463407345291263, 4.912792613168197, 5.8096907490846705, 2.5955631874412153, 3.2278444990426665, 3.2223596105959373, 1.086109290080883], [1.093049536846341, 2.0733560089863974, 2.7920459738335257, 3.732383104666508, 2.608353812273174, 3.9087894519914985, 4.145487394746245, 5.09826967117276, 6.338738022666657, 7.458480386781211, 7.556907886827786, 9.251549858266992, 9.96019296449622, 6.539660616576368, 7.068598815182539, 5.216350789584612, 0.0, 1.7902326859936395, 1.7756954299653982, 4.266524822381793, 4.187030108561437, 4.677434836531665, 6.59569884545982, 8.411911636483113, 9.551863035554897, 9.98683883018045, 11.011298622778332, 6.405229327666575, 7.590347619839291, 7.870981002390998, 4.5204788363623605], [1.0928898114631684, 2.062284619057224, 2.962490457368597, 3.242261375953518, 3.648166758798178, 4.9285381656227445, 4.3357558660515005, 4.913003768571728, 6.287071874092104, 7.189406992930641, 6.973120797749025, 8.549235421369563, 9.182286587773222, 5.750329841843857, 5.9557370072896925, 4.568433905617986, 1.7902326859936395, 0.0, 1.7750075408290522, 5.570046262824036, 5.030573237713571, 5.515335882790821, 6.808795309744595, 8.236470970628137, 8.638471907692935, 9.364153288471948, 10.182685093333681, 5.12383900703369, 6.525546971710494, 6.676380583070441, 3.6213280326421686], [1.093050524907243, 2.0432976141521824, 3.5223713631586318, 4.566220088870005, 3.876047173345546, 5.284203211459605, 4.53018632508642, 5.087219761323467, 6.335389571289203, 7.2262106182978085, 7.086081645733415, 8.631727887277263, 9.572650415114927, 5.978182606779421, 6.2634391599184545, 4.859052757482676, 1.7756954299653982, 1.7750075408290522, 0.0, 5.696900564341983, 5.704810293953691, 5.836699294121636, 6.792577766945329, 8.213501320387062, 9.199434517947285, 9.767136560937397, 10.563995006625099, 5.543984114335105, 6.581627048838303, 7.1754662831066245, 4.082843417276739], [4.933819669383954, 4.504226675024249, 3.5221348043480676, 4.555246910980787, 2.043784247419478, 1.093095119374339, 3.8801925287284393, 5.222807832957288, 5.778335713680887, 7.173158485632393, 7.979712842577732, 9.739535843149817, 10.107648304625563, 7.589285402460497, 8.74949254014197, 6.265802593443238, 4.266524822381793, 5.570046262824036, 5.696900564341983, 0.0, 1.7752773670612714, 1.7758917900592932, 5.322883508024575, 7.756312975892605, 9.920432472931813, 9.673802846864309, 11.191203998676817, 8.535874222362933, 9.413905581107132, 9.38290743320001, 6.242487732466921], [4.724679189109034, 4.319031570850114, 2.9711390223279692, 3.236871738268293, 2.0627206354715124, 1.0928060623916762, 3.6696519003851034, 4.934665063608674, 5.666903109282883, 7.001019677875503, 7.641811715817133, 9.393456929693135, 9.515228111821598, 7.119675827592152, 8.164062531607657, 5.792963000917579, 4.187030108561437, 5.030573237713571, 5.704810293953691, 1.7752773670612714, 0.0, 1.7901805327955058, 5.409705419891179, 7.685146078637674, 9.163145597446327, 9.112980724768379, 10.593644651865569, 7.878127849305316, 8.97985354780355, 8.648130802086657, 5.6574625920106625], [4.9927306696836755, 4.139389598721047, 2.7843475447580173, 3.729358830952044, 2.0735659333621395, 1.0931895489804135, 2.61984648596058, 3.8393624535852298, 4.259793475040779, 5.631503352569365, 6.487453756289906, 8.214301436519115, 8.443535482249127, 6.224834620293136, 7.479665092769863, 4.9944292296517725, 4.677434836531665, 5.515335882790821, 5.836699294121636, 1.7758917900592932, 1.7901805327955058, 0.0, 3.803912424070775, 6.1946669474637615, 8.271170866328418, 7.959439397972699, 9.518477519540612, 7.408225074199621, 8.204510385147916, 8.012222300335907, 5.170779126978834], [6.285702240004691, 4.895838136621757, 4.148794502021039, 5.252163259077158, 4.701575800728943, 4.710898735910166, 2.545840666656105, 2.1545941009851486, 1.0868843636744434, 2.1507001511135857, 3.408460510259727, 4.890300596077914, 5.351863190515991, 3.89097821119574, 5.39591433864549, 3.3960262278139135, 6.59569884545982, 6.808795309744595, 6.792577766945329, 5.322883508024575, 5.409705419891179, 3.803912424070775, 0.0, 2.4589435902435826, 5.569295855851079, 4.827213593782649, 6.359551271905904, 5.864863256717927, 5.87374388358907, 5.885879776210181, 4.303174903486959], [7.855572982921106, 6.452328948527035, 6.000844685542194, 6.806127878610568, 6.9095153136815615, 7.075231348867682, 4.478322389020246, 3.394654082524463, 2.1448312987272447, 1.0877000413717013, 2.165350583623816, 2.8625686961189247, 3.4138130396962283, 3.416797117184455, 4.709565412009902, 3.872385437943904, 8.411911636483113, 8.236470970628137, 8.213501320387062, 7.756312975892605, 7.685146078637674, 6.1946669474637615, 2.4589435902435826, 0.0, 4.013131257509528, 2.9293620704856544, 4.2636885510083875, 5.564219150968085, 4.947294461622433, 4.968793708738571, 4.958295203999053], [8.762876356539559, 7.599769387948559, 7.194041398963451, 7.002395368015148, 8.621857571312578, 8.95103537530715, 6.284705156966396, 5.04373514867702, 4.743125599222521, 3.744492356782158, 2.898795877601595, 2.4225422782688435, 1.093565974232922, 3.376828637938266, 3.499205181180435, 4.463407345291263, 9.551863035554897, 8.638471907692935, 9.199434517947285, 9.920432472931813, 9.163145597446327, 8.271170866328418, 5.569295855851079, 4.013131257509528, 0.0, 1.7843028694703151, 1.775222546612114, 4.379194794708269, 3.9987019718903785, 2.769402587201796, 5.136208950188846], [9.307893631214315, 8.006872581726277, 7.441850128832211, 7.522906221667261, 8.664674600352862, 8.799415108971731, 6.234991068157195, 5.032449667905284, 4.26376554937065, 3.1345817870969643, 2.9231531006774176, 2.423485960347202, 1.093395687754438, 3.975070681132601, 4.62630231070128, 4.912792613168197, 9.98683883018045, 9.364153288471948, 9.767136560937397, 9.673802846864309, 9.112980724768379, 7.959439397972699, 4.827213593782649, 2.9293620704856544, 1.7843028694703151, 0.0, 1.7747382849310491, 5.587711164689885, 5.014106713064651, 4.203690276411906, 5.82272645158606], [10.214316672690346, 8.993284982696812, 8.651652041084407, 8.655327166548933, 10.000122633748049, 10.28789818670461, 7.558477646986859, 6.2614681249687765, 5.65827726079237, 4.401792934702858, 3.71397289839331, 2.4034452063652294, 1.0932176041392672, 4.58906752401836, 4.706144903208996, 5.8096907490846705, 11.011298622778332, 10.182685093333681, 10.563995006625099, 11.191203998676817, 10.593644651865569, 9.518477519540612, 6.359551271905904, 4.2636885510083875, 1.775222546612114, 1.7747382849310491, 0.0, 5.716470699653765, 4.852658293142017, 4.07171111696299, 6.593197011314011], [5.386454716230333, 4.629347982167683, 5.083276618481429, 5.121712906831073, 6.6515506605602885, 7.604666464743868, 4.924090805417788, 3.9876516322266666, 4.799300284416469, 4.58884229626602, 3.455031257456291, 4.267221937045226, 4.946580130757007, 2.162789360987334, 1.0955175991283757, 2.5955631874412153, 6.405229327666575, 5.12383900703369, 5.543984114335105, 8.535874222362933, 7.878127849305316, 7.408225074199621, 5.864863256717927, 5.564219150968085, 4.379194794708269, 5.587711164689885, 5.716470699653765, 0.0, 1.763191779132378, 1.7633880798054637, 2.2937396909850083], [6.578932331313342, 5.669731973382869, 6.17252053135508, 6.542554011240564, 7.64519464369613, 8.551089671498014, 5.611714409162319, 4.435114396495315, 4.808595348955867, 4.173357836323169, 2.864357928052987, 3.094571015504411, 4.234270560557037, 2.1490331337603896, 1.09472764649478, 3.2278444990426665, 7.590347619839291, 6.525546971710494, 6.581627048838303, 9.413905581107132, 8.97985354780355, 8.204510385147916, 5.87374388358907, 4.947294461622433, 3.9987019718903785, 5.014106713064651, 4.852658293142017, 1.763191779132378, 0.0, 1.7909225918503568, 3.4262028778226195], [6.917145524708874, 5.987589810599921, 6.094710715038081, 5.970738706391362, 7.674685715389263, 8.406526847634522, 5.607188655645536, 4.432572221633845, 4.8171830710488885, 4.187169719512214, 2.8713354018644357, 3.107751518381095, 3.4142274250553375, 2.148984918513855, 1.0946418089950702, 3.2223596105959373, 7.870981002390998, 6.676380583070441, 7.1754662831066245, 9.38290743320001, 8.648130802086657, 8.012222300335907, 5.885879776210181, 4.968793708738571, 2.769402587201796, 4.203690276411906, 4.07171111696299, 1.7633880798054637, 1.7909225918503568, 0.0, 3.420599200432579], [3.6470939253054615, 2.590477911505906, 2.813399202033014, 3.2471132949128827, 4.374053595922208, 5.322923374424997, 2.7346663141963043, 2.161802995187119, 3.3996503158413223, 3.870769508766958, 3.403961677222586, 4.957257888187783, 5.589186189419709, 2.1486535993500673, 2.674603877212474, 1.086109290080883, 4.5204788363623605, 3.6213280326421686, 4.082843417276739, 6.242487732466921, 5.6574625920106625, 5.170779126978834, 4.303174903486959, 4.958295203999053, 5.136208950188846, 5.82272645158606, 6.593197011314011, 2.2937396909850083, 3.4262028778226195, 3.420599200432579, 0.0]]}