{"total energy": -27.11333801, "HOMO-LUMO gap/eV": 4.86058912, "electronic energy": -27.41521993, "dipole": [-0.29956166, 0.78321587, -0.03520229], "partial charges": [-0.10137214, -0.05827674, 0.07748917, -0.27423522, 0.35210107, -0.40434581, -0.08250691, -0.10228167, 0.03797784, 0.04199521, 0.03748613, 0.05218625, 0.04065846, 0.05188318, 0.05252451, 0.06806575, 0.06763882, 0.04124538, 0.05099003, 0.05077671], "atomic dipole moments": [[0.03829236, -0.0963541, -0.05449298], [0.03401364, 0.10638679, -0.06721441], [0.18047175, 0.10962504, 0.13849867], [-0.021025, -0.22391027, 0.00348957], [-0.13789332, 0.04897618, -0.05130425], [-0.00789391, 0.17629154, -0.01084706], [-0.01061332, -0.10047835, 0.00138831], [-0.1115737, 0.06793744, -0.04111291], [-0.07064204, -0.03257562, 0.09803172], [0.09674985, 0.07090244, 0.04601845], [-0.07069926, 0.0731865, -0.07470927], [0.06585814, -0.0685003, 0.08626595], [-0.09952122, -0.0683307, -0.03037879], [0.03026219, -0.10490163, -0.0676819], [-0.06683554, 0.06418979, -0.081934], [0.03438037, 0.06800501, -0.10842249], [-0.03574165, 0.07840617, 0.10017882], [0.09064724, 0.08095632, 0.02645694], [0.04442188, -0.08144664, -0.09032648], [-0.02173472, -0.07130273, 0.1056518]], "atomic quadrupole moments": [[-0.08907991, -0.10205352, 0.12759588, -0.0673416, 0.13508865, -0.03851597], [-0.08588917, -0.02449116, 0.01774492, -0.21085848, 0.05597399, 0.06814425], [0.25070993, 0.33005471, -0.13944497, 0.05278691, 0.04120309, -0.11126497], [0.05550393, 0.0450414, -0.00147068, 0.03845663, 0.00936378, -0.05403325], [-0.05858784, -0.11751122, -0.36650847, -0.16734547, 0.00591648, 0.42509631], [-0.07924543, -0.0111347, -0.10040595, -0.09456655, 0.01231899, 0.17965138], [0.17613746, 0.00877955, 0.03747598, 0.14654111, -0.01211094, -0.21361344], [0.14878391, -0.1477473, -0.0404743, 0.10729777, -0.05543947, -0.1083096], [-0.01168385, 0.0213128, -0.01676779, -0.06016882, -0.02611652, 0.02845164], [0.04700616, 0.04026451, -0.00761749, 0.02591706, 0.02201271, -0.03938867], [-0.01560743, -0.03800435, -0.00290391, 0.04722021, -0.03392788, 0.01851134], [0.00171477, -0.03993191, -0.0110924, 0.02735621, -0.01273501, 0.00937763], [0.03484526, 0.0363644, -0.01337788, 0.0160931, 0.02766265, -0.02146738], [0.00380477, -0.01170327, 0.02579491, -0.01491295, 0.02110675, -0.02959968], [0.00980874, -0.02266995, 0.00483298, 0.02341879, -0.04055357, -0.01464172], [-0.0029507, 0.00067711, -0.01939668, -0.00885907, -0.05295319, 0.02234738], [-0.00397314, -0.03271102, -0.00921845, -0.00563738, 0.04619276, 0.01319159], [0.02133275, 0.05531885, 0.02771059, 0.02329862, 0.01434037, -0.04904334], [-0.02894894, -0.02589505, -0.0050165, -0.01452162, 0.05166121, 0.03396544], [-0.0192946, 0.00845681, -0.01568859, -0.02912572, -0.05244688, 0.03498319]], "number of molecular orbitals": 44, "number of electrons": 48, "number of unpaired electrons": 0, "orbital energies/eV": [-19.99650496, -19.27679966, -18.26105985, -17.27320628, -16.9552168, -16.41208025, -15.944498, -15.80338584, -15.51717009, -15.19521616, -14.94102882, -14.21272836, -14.03162986, -13.59239557, -13.48633532, -13.23717137, -12.91570192, -12.71342086, -12.52120111, -12.23129499, -12.17024682, -12.00294725, -11.83950173, -11.24932553, -6.38873641, -0.03638907, 2.34209689, 2.70330279, 3.30112534, 3.34152206, 3.77862365, 3.90568709, 3.94979904, 4.11751047, 4.63406117, 4.76091674, 5.10442423, 5.40015665, 6.63231213, 6.80360696, 7.07492849, 7.28508182, 7.52137163, 16.28262909], "fractional occupation": [2.0, 2.0, 2.0, 2.0, 2.0, 2.0, 2.0, 2.0, 2.0, 2.0, 2.0, 2.0, 2.0, 2.0, 2.0, 2.0, 2.0, 2.0, 2.0, 2.0, 2.0, 2.0, 2.0, 2.0, 0.0, 0.0, 0.0, 0.0, 0.0, 0.0, 0.0, 0.0, 0.0, 0.0, 0.0, 0.0, 0.0, 0.0, 0.0, 0.0, 0.0, 0.0, 0.0, 0.0], "program call": "xtb /home/svss/Project-DBcg-Debug/aqme2_20220329/End-to-End-workflows-final/example-3/QDESCP/mol_62_rdkit_conf_4/mol_62_rdkit_conf_4.xyz --pop --wbo --acc 0.2 --gfn 2 --chrg 0 --uhf 0 --etemp 300 --input /home/svss/Project-DBcg-Debug/aqme2_20220329/End-to-End-workflows-final/example-3/QDESCP/mol_62_rdkit_conf_4/mol_62_rdkit_conf_4_xtb.inp", "method": "GFN2-xTB", "xtb version": "6.3.3 (7355c4f)", "Dipole module/D": 2.133, "Total charge": 0, "Transition dipole module/D": NaN, "HOMO": -11.2493, "LUMO": -6.3887, "HOMO occupancy": 2.0, "LUMO occupancy": 0, "mulliken charges": [-0.08159, -0.05284, 0.19735, -0.42337, 0.57356, -0.52842, -0.0708, -0.07749, 0.02983, 0.03534, 0.02647, 0.04591, 0.02843, 0.04417, 0.03134, 0.05496, 0.05426, 0.0293, 0.04198, 0.04161], "cm5 charges": [-0.23074, -0.16174, 0.11658, -0.50704, 0.6228, -0.5791, -0.17131, -0.22538, 0.08069, 0.08913, 0.07825, 0.10447, 0.08303, 0.11022, 0.09444, 0.11314, 0.1125, 0.08024, 0.0951, 0.09473], "FUKUI+": [0.016, 0.01, 0.031, -0.121, -0.19, -0.282, 0.028, 0.033, -0.033, 0.002, -0.025, -0.0, -0.046, -0.03, -0.066, -0.099, -0.099, -0.063, -0.033, -0.033], "FUKUI-": [0.019, 0.005, 0.019, -0.062, -0.018, -0.133, -0.008, 0.017, -0.061, -0.061, -0.09, -0.086, -0.082, -0.043, -0.078, -0.07, -0.06, -0.093, -0.056, -0.058], "FUKUIrad": [0.017, 0.007, 0.025, -0.092, -0.104, -0.207, 0.01, 0.025, -0.047, -0.029, -0.057, -0.043, -0.064, -0.036, -0.072, -0.085, -0.08, -0.078, -0.045, -0.046], "s proportion": [1.006, 1.031, 0.997, 1.699, 0.991, 1.731, 1.034, 1.005, 0.97, 0.965, 0.974, 0.954, 0.972, 0.956, 0.969, 0.945, 0.946, 0.971, 0.958, 0.958], "p proportion": [3.075, 3.022, 2.806, 4.725, 2.436, 4.798, 3.037, 3.072, 0.0, 0.0, 0.0, 0.0, 0.0, 0.0, 0.0, 0.0, 0.0, 0.0, 0.0, 0.0], "d proportion": [0.0, 0.0, 0.0, 0.0, 0.0, 0.0, 0.0, 0.0, 0.0, 0.0, 0.0, 0.0, 0.0, 0.0, 0.0, 0.0, 0.0, 0.0, 0.0, 0.0], "Fermi-level/eV": -8.819, "Coordination numbers": [3.75, 3.798, 3.696, 1.702, 2.712, 0.856, 3.801, 3.751, 0.924, 0.924, 0.924, 0.924, 0.924, 0.924, 0.924, 0.924, 0.924, 0.924, 0.924, 0.924], "Dispersion coefficient C6": [22.501, 21.625, 19.45, 18.55, 21.021, 21.769, 22.074, 22.516, 2.476, 2.423, 2.483, 2.293, 2.44, 2.297, 2.289, 2.107, 2.112, 2.432, 2.308, 2.31], "Total dispersion C6": 3022.764467, "Total dispersion C8": 64050.476109, "Polarizability alpha": [6.765, 6.621, 6.309, 5.815, 7.505, 6.255, 6.689, 6.767, 2.461, 2.434, 2.464, 2.368, 2.443, 2.37, 2.366, 2.27, 2.273, 2.439, 2.376, 2.377], "Total polarizability alpha": 81.366928, "Wiberg matrix": [[0.0, 1.0206580062740627, 0.0, 0.0, 0.0, 0.0, 0.0, 0.0, 0.9869418983832086, 0.9871818629131911, 0.9872004426902836, 0.0, 0.0, 0.0, 0.0, 0.0, 0.0, 0.0, 0.0, 0.0], [1.0206580062740627, 0.0, 1.000238452886231, 0.0, 0.0, 0.0, 0.0, 0.0, 0.0, 0.0, 0.0, 0.9752955044892173, 0.9748730144662688, 0.0, 0.0, 0.0, 0.0, 0.0, 0.0, 0.0], [0.0, 1.000238452886231, 0.0, 0.9435151804080735, 0.0, 0.0, 0.0, 0.0, 0.0, 0.0, 0.0, 0.0, 0.0, 0.9688974056538945, 0.9704980779593118, 0.0, 0.0, 0.0, 0.0, 0.0], [0.0, 0.0, 0.9435151804080735, 0.0, 1.116480130540126, 0.1703365897188469, 0.0, 0.0, 0.0, 0.0, 0.0, 0.0, 0.0, 0.0, 0.0, 0.0, 0.0, 0.0, 0.0, 0.0], [0.0, 0.0, 0.0, 1.116480130540126, 0.0, 1.7616046091980533, 0.9777879751536422, 0.0, 0.0, 0.0, 0.0, 0.0, 0.0, 0.0, 0.0, 0.0, 0.0, 0.0, 0.0, 0.0], [0.0, 0.0, 0.0, 0.1703365897188469, 1.7616046091980533, 0.0, 0.0, 0.0, 0.0, 0.0, 0.0, 0.0, 0.0, 0.0, 0.0, 0.0, 0.0, 0.0, 0.0, 0.0], [0.0, 0.0, 0.0, 0.0, 0.9777879751536422, 0.0, 0.0, 1.020520452060453, 0.0, 0.0, 0.0, 0.0, 0.0, 0.0, 0.0, 0.9545373481681966, 0.9548095134671575, 0.0, 0.0, 0.0], [0.0, 0.0, 0.0, 0.0, 0.0, 0.0, 1.020520452060453, 0.0, 0.0, 0.0, 0.0, 0.0, 0.0, 0.0, 0.0, 0.0, 0.0, 0.9868344865425078, 0.9864215634379739, 0.9864383937006934], [0.9869418983832086, 0.0, 0.0, 0.0, 0.0, 0.0, 0.0, 0.0, 0.0, 0.0, 0.0, 0.0, 0.0, 0.0, 0.0, 0.0, 0.0, 0.0, 0.0, 0.0], [0.9871818629131911, 0.0, 0.0, 0.0, 0.0, 0.0, 0.0, 0.0, 0.0, 0.0, 0.0, 0.0, 0.0, 0.0, 0.0, 0.0, 0.0, 0.0, 0.0, 0.0], [0.9872004426902836, 0.0, 0.0, 0.0, 0.0, 0.0, 0.0, 0.0, 0.0, 0.0, 0.0, 0.0, 0.0, 0.0, 0.0, 0.0, 0.0, 0.0, 0.0, 0.0], [0.0, 0.9752955044892173, 0.0, 0.0, 0.0, 0.0, 0.0, 0.0, 0.0, 0.0, 0.0, 0.0, 0.0, 0.0, 0.0, 0.0, 0.0, 0.0, 0.0, 0.0], [0.0, 0.9748730144662688, 0.0, 0.0, 0.0, 0.0, 0.0, 0.0, 0.0, 0.0, 0.0, 0.0, 0.0, 0.0, 0.0, 0.0, 0.0, 0.0, 0.0, 0.0], [0.0, 0.0, 0.9688974056538945, 0.0, 0.0, 0.0, 0.0, 0.0, 0.0, 0.0, 0.0, 0.0, 0.0, 0.0, 0.0, 0.0, 0.0, 0.0, 0.0, 0.0], [0.0, 0.0, 0.9704980779593118, 0.0, 0.0, 0.0, 0.0, 0.0, 0.0, 0.0, 0.0, 0.0, 0.0, 0.0, 0.0, 0.0, 0.0, 0.0, 0.0, 0.0], [0.0, 0.0, 0.0, 0.0, 0.0, 0.0, 0.9545373481681966, 0.0, 0.0, 0.0, 0.0, 0.0, 0.0, 0.0, 0.0, 0.0, 0.0, 0.0, 0.0, 0.0], [0.0, 0.0, 0.0, 0.0, 0.0, 0.0, 0.9548095134671575, 0.0, 0.0, 0.0, 0.0, 0.0, 0.0, 0.0, 0.0, 0.0, 0.0, 0.0, 0.0, 0.0], [0.0, 0.0, 0.0, 0.0, 0.0, 0.0, 0.0, 0.9868344865425078, 0.0, 0.0, 0.0, 0.0, 0.0, 0.0, 0.0, 0.0, 0.0, 0.0, 0.0, 0.0], [0.0, 0.0, 0.0, 0.0, 0.0, 0.0, 0.0, 0.9864215634379739, 0.0, 0.0, 0.0, 0.0, 0.0, 0.0, 0.0, 0.0, 0.0, 0.0, 0.0, 0.0], [0.0, 0.0, 0.0, 0.0, 0.0, 0.0, 0.0, 0.9864383937006934, 0.0, 0.0, 0.0, 0.0, 0.0, 0.0, 0.0, 0.0, 0.0, 0.0, 0.0, 0.0]], "Born radii": [], "Atomic SASAs": [], "Solvent H bonds": [], "Total SASA": NaN, "Total FOD": 0.0, "FOD": [0.0, 0.0, 0.0, 0.0, 0.0, 0.0, 0.0, 0.0, 0.0, 0.0, 0.0, 0.0, 0.0, 0.0, 0.0, 0.0, 0.0, 0.0, 0.0, 0.0], "FOD s proportion": [0.0, 0.0, 0.0, 0.0, 0.0, 0.0, 0.0, 0.0, 0.0, 0.0, 0.0, 0.0, 0.0, 0.0, 0.0, 0.0, 0.0, 0.0, 0.0, 0.0], "FOD p proportion": [0.0, 0.0, 0.0, 0.0, 0.0, 0.0, 0.0, 0.0, 0.0, 0.0, 0.0, 0.0, 0.0, 0.0, 0.0, 0.0, 0.0, 0.0, 0.0, 0.0], "FOD d proportion": [0.0, 0.0, 0.0, 0.0, 0.0, 0.0, 0.0, 0.0, 0.0, 0.0, 0.0, 0.0, 0.0, 0.0, 0.0, 0.0, 0.0, 0.0, 0.0, 0.0], "coordinates": [["-2.64070", "0.57830", "0.73010"], ["-2.15440", "-0.66690", "0.00250"], ["-1.32460", "-0.33050", "-1.23370"], ["-0.16520", "0.44200", "-0.88680"], ["0.92720", "-0.27160", "-0.49080"], ["0.98470", "-1.49000", "-0.41260"], ["2.05080", "0.68200", "-0.16140"], ["3.30140", "-0.04670", "0.29790"], ["-3.25920", "0.29620", "1.58810"], ["-1.80210", "1.17510", "1.10230"], ["-3.24480", "1.20740", "0.06870"], ["-1.55960", "-1.26530", "0.70160"], ["-3.01780", "-1.27130", "-0.29650"], ["-1.03920", "-1.24070", "-1.77440"], ["-1.91610", "0.27550", "-1.92880"], ["2.28090", "1.26910", "-1.05670"], ["1.71180", "1.35580", "0.63260"], ["4.09630", "0.66880", "0.52950"], ["3.66790", "-0.72650", "-0.47850"], ["3.10270", "-0.64080", "1.19610"]], "bond_dist": [[0.0, 1.5219765077030591, 2.532695617321592, 2.9599060035751137, 3.86559662018685, 4.327488109746808, 4.776578083733165, 5.990490317995681, 1.094662806529938, 1.094510411097126, 1.0946020190005135, 2.137393370439798, 2.148751295520261, 3.485123168555166, 2.772450578459425, 5.281288236784658, 4.4224731485900515, 6.740593416754937, 6.554513785171254, 5.889822100029847], [1.5219765077030591, 0.0, 1.5264086739795473, 2.4448783896136836, 3.1457694670779675, 3.271658666487077, 4.419287438037947, 5.498878325622417, 2.1592294945188204, 2.1740835609516025, 2.1694135359585087, 1.0957236923604416, 1.0955181057381023, 2.1749232377258743, 2.162134209525394, 4.953976860058997, 4.408610182359062, 6.413507151317445, 5.842438741655748, 5.390961192588943], [2.532695617321592, 1.5264086739795473, 0.0, 1.4357242841158604, 2.3719133331553244, 2.711367173586049, 3.683518521739778, 4.8812106080356745, 3.4782158199283724, 2.8198818432693242, 2.7836217792652795, 2.162050445757453, 2.1518305509495863, 1.0964824166396832, 1.0955693770820725, 3.94837680699297, 3.9428933969865327, 5.787368274094885, 5.064800024680145, 5.059762782977083], [2.9599060035751137, 2.4448783896136836, 1.4357242841158604, 0.0, 1.3635903783761458, 2.297772758564258, 2.3440266978001767, 3.695897365999224, 3.964747614918256, 2.678319628050394, 3.314023773300367, 2.7170276424799216, 3.3795233007038137, 2.093606708529565, 2.0442937802576227, 2.5877336860658593, 2.582002285049337, 4.496412590054431, 4.0279966174265835, 4.023692167649011], [3.86559662018685, 3.1457694670779675, 2.3719133331553244, 1.3635903783761458, 0.0, 1.2222602218840306, 1.5100775741663077, 2.511862524104375, 4.7085206817003575, 3.4756275677926145, 4.461621370085095, 2.931455558250884, 4.0743315500827855, 2.5403764937504834, 3.232880650441646, 2.127557987458861, 2.127452814987914, 3.4595605298939347, 2.7782227754447626, 2.777542168896811], [4.327488109746808, 3.271658666487077, 2.711367173586049, 2.297772758564258, 1.2222602218840306, 0.0, 2.4325407807475705, 2.8204652151728444, 5.020358367686514, 4.142937877883278, 5.039472859337572, 2.7866456933022543, 4.0101515121002596, 2.452105409642905, 3.718937123695425, 3.1157073129547967, 3.1176425532764336, 3.902566387648005, 2.7904905124368367, 2.791949199036401], [4.776578083733165, 4.419287438037947, 3.683518521739778, 2.3440266978001767, 1.5100775741663077, 2.4325407807475705, 0.0, 1.5185389491218195, 5.604078148098937, 4.084718314645454, 5.326572118163801, 4.191865270974247, 5.433630357320969, 3.9807843812495043, 4.361793280291948, 1.0950773990910412, 1.0951545279091897, 2.159070934453058, 2.1678185048568985, 2.167740690211816], [5.990490317995681, 5.498878325622417, 4.8812106080356745, 3.695897365999224, 2.511862524104375, 2.8204652151728444, 1.5185389491218195, 0.0, 6.6950480812313815, 5.309008085320647, 6.669185399282284, 5.027651603880286, 6.464150768662501, 4.9558926188931895, 5.681928544077267, 2.146553295401724, 2.146126394227516, 1.094278218735985, 1.0951014793159581, 1.0950797870475009], [1.094662806529938, 2.1592294945188204, 3.4782158199283724, 3.964747614918256, 4.7085206817003575, 5.020358367686514, 5.604078148098937, 6.6950480812313815, 0.0, 1.7696347815297935, 1.7717418434975227, 2.4724086757653962, 2.463137708289977, 4.3124085914950125, 3.7646954338963465, 6.215642320790345, 5.171708944826652, 7.440621275807552, 7.300785249546791, 6.442468828795372], [1.094510411097126, 2.1740835609516025, 2.8198818432693242, 2.678319628050394, 3.4756275677926145, 4.142937877883278, 4.084718314645454, 5.309008085320647, 1.7696347815297935, 0.0, 1.7750367714501016, 2.4849384096995246, 3.0691107653520753, 3.8332113090723294, 3.163833650810359, 4.619632669379677, 3.5497554549574257, 5.947735879307352, 6.002991854067437, 5.230999358631197], [1.0946020190005135, 2.1694135359585087, 2.7836217792652795, 3.314023773300367, 4.461621370085095, 5.039472859337572, 5.326572118163801, 6.669185399282284, 1.7717418434975227, 1.7750367714501016, 0.0, 3.0585465077386025, 2.515721314056865, 3.775563875767433, 2.5736914247826994, 5.639476264689835, 4.990780432958356, 7.375240728952514, 7.198945640856027, 6.706536382515195], [2.137393370439798, 1.0957236923604416, 2.162050445757453, 2.7170276424799216, 2.931455558250884, 2.7866456933022543, 4.191865270974247, 5.027651603880286, 2.4724086757653962, 2.4849384096995246, 3.0585465077386025, 0.0, 1.7670842792577832, 2.530216852366611, 3.069228086995165, 4.925874795404365, 4.1924914036882655, 5.979930269660342, 5.386065140712652, 4.729859595167705], [2.148751295520261, 1.0955181057381023, 2.1518305509495863, 3.3795233007038137, 4.0743315500827855, 4.0101515121002596, 5.433630357320969, 6.464150768662501, 2.463137708289977, 3.0691107653520753, 2.515721314056865, 1.7670842792577832, 0.0, 2.4698143108339137, 2.5041438497019297, 5.925179987983488, 5.4894441776923095, 7.420019057927008, 6.710329018013945, 6.331343085001791], [3.485123168555166, 2.1749232377258743, 1.0964824166396832, 2.093606708529565, 2.5403764937504834, 2.452105409642905, 3.9807843812495043, 4.9558926188931895, 4.3124085914950125, 3.8332113090723294, 3.775563875767433, 2.530216852366611, 2.4698143108339137, 0.0, 1.7583103850003277, 4.223417258571547, 4.483688464869075, 5.943694617828208, 4.909230984584041, 5.132161909955686], [2.772450578459425, 2.162134209525394, 1.0955693770820725, 2.0442937802576227, 3.232880650441646, 3.718937123695425, 4.361793280291948, 5.681928544077267, 3.7646954338963465, 3.163833650810359, 2.5736914247826994, 3.069228086995165, 2.5041438497019297, 1.7583103850003277, 0.0, 4.400296395698818, 4.570500679356694, 6.5074478515006176, 5.855632339039055, 5.982721716743977], [5.281288236784658, 4.953976860058997, 3.94837680699297, 2.5877336860658593, 2.127557987458861, 3.1157073129547967, 1.0950773990910412, 2.146553295401724, 6.215642320790345, 4.619632669379677, 5.639476264689835, 4.925874795404365, 5.925179987983488, 4.223417258571547, 4.400296395698818, 0.0, 1.7846921835431453, 2.484364645135653, 2.498099997998479, 3.0656452974863218], [4.4224731485900515, 4.408610182359062, 3.9428933969865327, 2.582002285049337, 2.127452814987914, 3.1176425532764336, 1.0951545279091897, 2.146126394227516, 5.171708944826652, 3.5497554549574257, 4.990780432958356, 4.1924914036882655, 5.4894441776923095, 4.483688464869075, 4.570500679356694, 1.7846921835431453, 0.0, 2.4836342041452077, 3.0654271659917156, 2.4977082735980196], [6.740593416754937, 6.413507151317445, 5.787368274094885, 4.496412590054431, 3.4595605298939347, 3.902566387648005, 2.159070934453058, 1.094278218735985, 7.440621275807552, 5.947735879307352, 7.375240728952514, 5.979930269660342, 7.420019057927008, 5.943694617828208, 6.5074478515006176, 2.484364645135653, 2.4836342041452077, 0.0, 1.773824300769386, 1.7738795562269725], [6.554513785171254, 5.842438741655748, 5.064800024680145, 4.0279966174265835, 2.7782227754447626, 2.7904905124368367, 2.1678185048568985, 1.0951014793159581, 7.300785249546791, 6.002991854067437, 7.198945640856027, 5.386065140712652, 6.710329018013945, 4.909230984584041, 5.855632339039055, 2.498099997998479, 3.0654271659917156, 1.773824300769386, 0.0, 1.7694859959886655], [5.889822100029847, 5.390961192588943, 5.059762782977083, 4.023692167649011, 2.777542168896811, 2.791949199036401, 2.167740690211816, 1.0950797870475009, 6.442468828795372, 5.230999358631197, 6.706536382515195, 4.729859595167705, 6.331343085001791, 5.132161909955686, 5.982721716743977, 3.0656452974863218, 2.4977082735980196, 1.7738795562269725, 1.7694859959886655, 0.0]]}