{"total energy": -34.87045157, "HOMO-LUMO gap/eV": 4.58448275, "electronic energy": -35.44111889, "dipole": [0.13972605, -0.11242399, -0.04515421], "partial charges": [-0.09930625, -0.05098006, -0.05679872, -0.05690658, -0.05207151, -0.0606451, 0.01438827, -0.03684065, -0.03136262, -0.03369996, -0.03162737, -0.03801291, 0.0328147, 0.03368436, 0.02978822, 0.02707059, 0.02860353, 0.02570598, 0.02902837, 0.03481702, 0.0295476, 0.02834468, 0.03111586, 0.03365877, 0.03467528, 0.0280251, 0.02684578, 0.02600352, 0.02670294, 0.02743116], "atomic dipole moments": [[0.03540262, -0.08479236, -0.04232017], [-0.09446673, 0.00375487, 0.05907837], [-0.03427457, 0.08527593, -0.05858849], [0.0387024, -0.09231958, 0.05560531], [-0.04352087, 0.08285588, -0.05906119], [0.04655126, 0.04845595, 0.07946844], [0.05334831, -0.06041456, -0.03457568], [0.00380138, -0.00062061, -0.00494822], [-0.0035525, 0.00110957, 0.00285794], [-0.00122575, -7.304e-05, 0.00034746], [-0.00205924, 0.00272912, -0.00129059], [0.00029911, -0.0051812, -0.00044979], [-0.01734069, -0.01267317, 0.12459921], [-0.10803666, 0.03928012, -0.05248059], [0.082118, 0.09180679, -0.01648291], [0.11088603, -0.02121791, 0.04292244], [0.01633595, 0.01856282, -0.12125073], [0.05998786, -0.09673281, -0.04147733], [-0.00952108, -0.0204146, 0.12243261], [-0.06208646, 0.09789206, 0.04948287], [0.01112402, 0.02363654, -0.12154143], [0.06197831, -0.09495823, -0.04382694], [-0.00954612, -0.02434139, 0.12326866], [0.01179032, 0.01536985, -0.12393527], [-0.05070818, -0.11261598, 0.00295929], [0.03042351, -0.12466382, 0.07996045], [-0.06224392, -0.02646021, 0.13455434], [-0.09616947, 0.0993303, 0.05938585], [-0.03403577, 0.12606945, -0.07488394], [0.05982442, 0.03311539, -0.13466613]], "atomic quadrupole moments": [[-0.06430236, -0.09033712, 0.12806052, -0.05763482, 0.12236561, -0.06375816], [-0.05644007, 0.0467053, 0.20794511, -0.08274259, 0.06586938, -0.15150504], [0.14638333, 0.12191858, 0.01119992, 0.08683851, -0.06034357, -0.15758325], [0.12651025, 0.11720178, 0.03512533, 0.11312257, -0.06929786, -0.16163558], [0.13271164, 0.12153067, 0.01361228, 0.11740012, -0.04551052, -0.14632392], [0.13200346, -0.11265846, -0.05183761, 0.05702867, 0.04346259, -0.08016586], [0.20725809, 0.17112293, -0.05233666, 0.20691683, 0.2528743, -0.15492142], [0.18971364, 0.26630596, -0.0767124, 0.26467903, 0.16964913, -0.11300124], [0.1920685, 0.28500436, -0.08534844, 0.27038504, 0.16275397, -0.10672007], [0.19150811, 0.27896985, -0.08578895, 0.26362702, 0.1629569, -0.10571917], [0.19462392, 0.284717, -0.09034403, 0.26721779, 0.16469871, -0.10427989], [0.19135029, 0.26981659, -0.08838032, 0.24892049, 0.17596662, -0.10296997], [-0.04665114, -0.00588289, -0.02689536, -0.01706398, -0.02556622, 0.0735465], [0.04880872, -0.02277965, -0.03501602, 0.05067483, 0.00255716, -0.0137927], [0.02244434, 0.05520757, 0.02605795, -0.02223593, -0.00776733, -0.04850229], [0.03311121, -0.01229816, -0.00502671, 0.0428827, -0.00203545, -0.0280845], [-0.04512339, -0.00064896, -0.01211434, 0.00403021, -0.00961826, 0.05723773], [-5.991e-05, -0.02230306, 0.02431751, -0.01580187, 0.03997641, -0.0242576], [-0.01603078, 0.00809036, -0.04040546, -0.01325177, 0.00023865, 0.05643624], [-0.00346995, -0.02555009, 0.01580586, -0.01891079, 0.03356431, -0.01233592], [-0.02338257, 0.00807177, -0.03344354, -0.011624, -0.00585483, 0.05682611], [0.00800119, -0.02448076, 0.01569447, -0.0198762, 0.03660839, -0.02369566], [-0.02287571, 0.01316998, -0.03147413, -0.0172772, -0.0007263, 0.05434985], [-0.01822985, -0.00853747, -0.02656291, -0.01849065, -0.03445546, 0.04479275], [-0.00412871, 0.02820915, 0.04441203, -0.01442942, -0.01892864, -0.04028332], [-0.02251415, -0.03935105, 0.01171135, -0.03606268, -0.01652414, 0.01080279], [-0.02529994, -0.04026229, 0.01601567, -0.0329563, -0.02174426, 0.00928427], [-0.02753311, -0.03486319, 0.01094354, -0.03443835, -0.02577597, 0.01658956], [-0.02403291, -0.03719565, 0.00766317, -0.03868643, -0.01848789, 0.01636975], [-0.02237462, -0.04014702, 0.01193857, -0.03445401, -0.01694945, 0.01043605]], "number of molecular orbitals": 66, "number of electrons": 66, "number of unpaired electrons": 0, "orbital energies/eV": [-17.31474733, -16.97271338, -16.81724273, -16.51389324, -16.47029114, -16.16277724, -15.73710615, -15.43293505, -15.33610379, -14.97384923, -14.92344879, -14.2340188, -13.96251177, -13.81232916, -13.51305315, -13.42538379, -13.37792896, -13.19967283, -12.89004419, -12.80071595, -12.72412238, -12.66880334, -12.37637475, -12.19862705, -12.04355284, -11.78997055, -11.57469365, -11.45522242, -11.41731021, -11.29907502, -11.21237048, -10.78125204, -10.55876098, -5.97427823, -5.93712354, -2.56558525, 1.70546218, 2.4041684, 2.71410754, 3.11044626, 3.14776411, 3.34385695, 3.7876687, 3.90661473, 3.96885805, 4.09569588, 4.44025139, 4.71455809, 4.77560643, 4.93606089, 5.00445084, 5.1946804, 5.72356353, 5.92799205, 6.46989304, 6.88121899, 7.02201959, 7.30397223, 7.96422305, 8.31922973, 10.59417809, 10.83838457, 11.65121351, 12.01018312, 16.50502734, 17.34828603], "fractional occupation": [2.0, 2.0, 2.0, 2.0, 2.0, 2.0, 2.0, 2.0, 2.0, 2.0, 2.0, 2.0, 2.0, 2.0, 2.0, 2.0, 2.0, 2.0, 2.0, 2.0, 2.0, 2.0, 2.0, 2.0, 2.0, 2.0, 2.0, 2.0, 2.0, 2.0, 2.0, 2.0, 2.0, 0.0, 0.0, 0.0, 0.0, 0.0, 0.0, 0.0, 0.0, 0.0, 0.0, 0.0, 0.0, 0.0, 0.0, 0.0, 0.0, 0.0, 0.0, 0.0, 0.0, 0.0, 0.0, 0.0, 0.0, 0.0, 0.0, 0.0, 0.0, 0.0, 0.0, 0.0, 0.0, 0.0], "program call": "xtb /home/svss/Project-DBcg-Debug/aqme2_20220329/End-to-End-workflows-final/example-3/QDESCP/mol_119_rdkit_conf_4/mol_119_rdkit_conf_4.xyz --pop --wbo --acc 0.2 --gfn 2 --chrg 0 --uhf 0 --etemp 300 --input /home/svss/Project-DBcg-Debug/aqme2_20220329/End-to-End-workflows-final/example-3/QDESCP/mol_119_rdkit_conf_4/mol_119_rdkit_conf_4_xtb.inp", "method": "GFN2-xTB", "xtb version": "6.3.3 (7355c4f)", "Dipole module/D": 0.47, "Total charge": 0, "Transition dipole module/D": NaN, "HOMO": -10.5588, "LUMO": -5.9743, "HOMO occupancy": 2.0, "LUMO occupancy": 0, "mulliken charges": [-0.08492, -0.03851, -0.04664, -0.04786, -0.04036, -0.04862, 0.00838, -0.04174, -0.02692, -0.0337, -0.02705, -0.04176, 0.02718, 0.02729, 0.02787, 0.02313, 0.02227, 0.02264, 0.02317, 0.0249, 0.02272, 0.02441, 0.02452, 0.02804, 0.03196, 0.02807, 0.02801, 0.02778, 0.02794, 0.02781], "cm5 charges": [-0.2354, -0.15091, -0.15723, -0.15819, -0.14975, -0.15231, -0.00747, -0.09518, -0.0823, -0.08909, -0.08245, -0.09538, 0.07859, 0.07903, 0.07866, 0.07734, 0.07687, 0.07755, 0.07838, 0.08197, 0.07834, 0.07934, 0.08018, 0.08381, 0.08716, 0.08444, 0.08342, 0.08319, 0.08334, 0.08406], "FUKUI+": [0.003, 0.005, 0.004, 0.004, 0.009, 0.018, -0.084, -0.055, -0.054, -0.061, -0.057, -0.052, -0.003, 0.01, -0.014, -0.017, -0.008, -0.014, -0.007, 0.013, -0.011, -0.04, -0.013, -0.043, -0.047, -0.096, -0.096, -0.098, -0.097, -0.095], "FUKUI-": [0.014, 0.003, 0.001, -0.004, -0.0, 0.005, -0.043, -0.024, -0.022, -0.049, -0.024, -0.02, -0.033, -0.044, -0.05, -0.082, -0.047, -0.04, -0.036, -0.02, -0.03, -0.045, -0.03, -0.041, -0.072, -0.049, -0.055, -0.062, -0.055, -0.047], "FUKUIrad": [0.009, 0.004, 0.002, 0.0, 0.004, 0.011, -0.064, -0.04, -0.038, -0.055, -0.041, -0.036, -0.018, -0.017, -0.032, -0.049, -0.028, -0.027, -0.021, -0.003, -0.021, -0.042, -0.022, -0.042, -0.06, -0.072, -0.076, -0.08, -0.076, -0.071], "s proportion": [1.007, 1.027, 1.032, 1.031, 1.033, 1.031, 1.089, 1.062, 1.06, 1.059, 1.06, 1.063, 0.973, 0.973, 0.972, 0.977, 0.978, 0.977, 0.977, 0.975, 0.977, 0.976, 0.975, 0.972, 0.968, 0.972, 0.972, 0.972, 0.972, 0.972], "p proportion": [3.078, 3.012, 3.015, 3.017, 3.008, 3.018, 2.902, 2.98, 2.967, 2.975, 2.967, 2.979, 0.0, 0.0, 0.0, 0.0, 0.0, 0.0, 0.0, 0.0, 0.0, 0.0, 0.0, 0.0, 0.0, 0.0, 0.0, 0.0, 0.0, 0.0], "d proportion": [0.0, 0.0, 0.0, 0.0, 0.0, 0.0, 0.0, 0.0, 0.0, 0.0, 0.0, 0.0, 0.0, 0.0, 0.0, 0.0, 0.0, 0.0, 0.0, 0.0, 0.0, 0.0, 0.0, 0.0, 0.0, 0.0, 0.0, 0.0, 0.0, 0.0], "Fermi-level/eV": -8.2665, "Coordination numbers": [3.749, 3.799, 3.801, 3.8, 3.8, 3.804, 2.961, 2.915, 2.911, 2.912, 2.911, 2.915, 0.924, 0.924, 0.924, 0.924, 0.924, 0.924, 0.924, 0.924, 0.924, 0.924, 0.924, 0.924, 0.924, 0.925, 0.925, 0.925, 0.925, 0.925], "Dispersion coefficient C6": [22.462, 21.491, 21.596, 21.599, 21.509, 21.663, 27.69, 28.916, 28.782, 28.839, 28.788, 28.945, 2.547, 2.535, 2.59, 2.629, 2.607, 2.649, 2.6, 2.519, 2.593, 2.61, 2.571, 2.535, 2.521, 2.615, 2.632, 2.644, 2.634, 2.623], "Total dispersion C6": 7909.192459, "Total dispersion C8": 179144.042511, "Polarizability alpha": [6.759, 6.601, 6.616, 6.617, 6.603, 6.626, 8.631, 8.818, 8.797, 8.806, 8.798, 8.822, 2.496, 2.49, 2.517, 2.535, 2.525, 2.545, 2.522, 2.482, 2.518, 2.527, 2.507, 2.49, 2.483, 2.529, 2.537, 2.543, 2.538, 2.533], "Total polarizability alpha": 137.810828, "Wiberg matrix": [[0.0, 1.0209963451679986, 0.0, 0.0, 0.0, 0.0, 0.0, 0.0, 0.0, 0.0, 0.0, 0.0, 0.9874226547131387, 0.9860457657334518, 0.9873397871216989, 0.0, 0.0, 0.0, 0.0, 0.0, 0.0, 0.0, 0.0, 0.0, 0.0, 0.0, 0.0, 0.0, 0.0, 0.0], [1.0209963451679986, 0.0, 1.0068742146466036, 0.0, 0.0, 0.0, 0.0, 0.0, 0.0, 0.0, 0.0, 0.0, 0.0, 0.0, 0.0, 0.9781403150794774, 0.9779058271301544, 0.0, 0.0, 0.0, 0.0, 0.0, 0.0, 0.0, 0.0, 0.0, 0.0, 0.0, 0.0, 0.0], [0.0, 1.0068742146466036, 0.0, 1.0077117410439045, 0.0, 0.0, 0.0, 0.0, 0.0, 0.0, 0.0, 0.0, 0.0, 0.0, 0.0, 0.0, 0.0, 0.977168474694037, 0.9773252865502979, 0.0, 0.0, 0.0, 0.0, 0.0, 0.0, 0.0, 0.0, 0.0, 0.0, 0.0], [0.0, 0.0, 1.0077117410439045, 0.0, 1.0074656493902587, 0.0, 0.0, 0.0, 0.0, 0.0, 0.0, 0.0, 0.0, 0.0, 0.0, 0.0, 0.0, 0.0, 0.0, 0.9752320542296484, 0.9771193684214657, 0.0, 0.0, 0.0, 0.0, 0.0, 0.0, 0.0, 0.0, 0.0], [0.0, 0.0, 0.0, 1.0074656493902587, 0.0, 0.9919052695193714, 0.0, 0.0, 0.0, 0.0, 0.0, 0.0, 0.0, 0.0, 0.0, 0.0, 0.0, 0.0, 0.0, 0.0, 0.0, 0.9763257650970862, 0.9768918999983608, 0.0, 0.0, 0.0, 0.0, 0.0, 0.0, 0.0], [0.0, 0.0, 0.0, 0.0, 0.9919052695193714, 0.0, 1.0121027287513633, 0.0, 0.0, 0.0, 0.0, 0.0, 0.0, 0.0, 0.0, 0.0, 0.0, 0.0, 0.0, 0.0, 0.0, 0.0, 0.0, 0.9749698159807718, 0.9673920334576341, 0.0, 0.0, 0.0, 0.0, 0.0], [0.0, 0.0, 0.0, 0.0, 0.0, 1.0121027287513633, 0.0, 1.410133141452289, 0.0, 0.10922248324315341, 0.0, 1.4133646002949936, 0.0, 0.0, 0.0, 0.0, 0.0, 0.0, 0.0, 0.0, 0.0, 0.0, 0.0, 0.0, 0.0, 0.0, 0.0, 0.0, 0.0, 0.0], [0.0, 0.0, 0.0, 0.0, 0.0, 0.0, 1.410133141452289, 0.0, 1.4462931245766064, 0.0, 0.11196447829078202, 0.0, 0.0, 0.0, 0.0, 0.0, 0.0, 0.0, 0.0, 0.0, 0.0, 0.0, 0.0, 0.0, 0.0, 0.9699037929302889, 0.0, 0.0, 0.0, 0.0], [0.0, 0.0, 0.0, 0.0, 0.0, 0.0, 0.0, 1.4462931245766064, 0.0, 1.4367510798696634, 0.0, 0.11051702000595406, 0.0, 0.0, 0.0, 0.0, 0.0, 0.0, 0.0, 0.0, 0.0, 0.0, 0.0, 0.0, 0.0, 0.0, 0.9715886929389161, 0.0, 0.0, 0.0], [0.0, 0.0, 0.0, 0.0, 0.0, 0.0, 0.10922248324315341, 0.0, 1.4367510798696634, 0.0, 1.4397123316312732, 0.0, 0.0, 0.0, 0.0, 0.0, 0.0, 0.0, 0.0, 0.0, 0.0, 0.0, 0.0, 0.0, 0.0, 0.0, 0.0, 0.9716948731209871, 0.0, 0.0], [0.0, 0.0, 0.0, 0.0, 0.0, 0.0, 0.0, 0.11196447829078202, 0.0, 1.4397123316312732, 0.0, 1.4420693798417092, 0.0, 0.0, 0.0, 0.0, 0.0, 0.0, 0.0, 0.0, 0.0, 0.0, 0.0, 0.0, 0.0, 0.0, 0.0, 0.0, 0.971584930432815, 0.0], [0.0, 0.0, 0.0, 0.0, 0.0, 0.0, 1.4133646002949936, 0.0, 0.11051702000595406, 0.0, 1.4420693798417092, 0.0, 0.0, 0.0, 0.0, 0.0, 0.0, 0.0, 0.0, 0.0, 0.0, 0.0, 0.0, 0.0, 0.0, 0.0, 0.0, 0.0, 0.0, 0.9696483359351887], [0.9874226547131387, 0.0, 0.0, 0.0, 0.0, 0.0, 0.0, 0.0, 0.0, 0.0, 0.0, 0.0, 0.0, 0.0, 0.0, 0.0, 0.0, 0.0, 0.0, 0.0, 0.0, 0.0, 0.0, 0.0, 0.0, 0.0, 0.0, 0.0, 0.0, 0.0], [0.9860457657334518, 0.0, 0.0, 0.0, 0.0, 0.0, 0.0, 0.0, 0.0, 0.0, 0.0, 0.0, 0.0, 0.0, 0.0, 0.0, 0.0, 0.0, 0.0, 0.0, 0.0, 0.0, 0.0, 0.0, 0.0, 0.0, 0.0, 0.0, 0.0, 0.0], [0.9873397871216989, 0.0, 0.0, 0.0, 0.0, 0.0, 0.0, 0.0, 0.0, 0.0, 0.0, 0.0, 0.0, 0.0, 0.0, 0.0, 0.0, 0.0, 0.0, 0.0, 0.0, 0.0, 0.0, 0.0, 0.0, 0.0, 0.0, 0.0, 0.0, 0.0], [0.0, 0.9781403150794774, 0.0, 0.0, 0.0, 0.0, 0.0, 0.0, 0.0, 0.0, 0.0, 0.0, 0.0, 0.0, 0.0, 0.0, 0.0, 0.0, 0.0, 0.0, 0.0, 0.0, 0.0, 0.0, 0.0, 0.0, 0.0, 0.0, 0.0, 0.0], [0.0, 0.9779058271301544, 0.0, 0.0, 0.0, 0.0, 0.0, 0.0, 0.0, 0.0, 0.0, 0.0, 0.0, 0.0, 0.0, 0.0, 0.0, 0.0, 0.0, 0.0, 0.0, 0.0, 0.0, 0.0, 0.0, 0.0, 0.0, 0.0, 0.0, 0.0], [0.0, 0.0, 0.977168474694037, 0.0, 0.0, 0.0, 0.0, 0.0, 0.0, 0.0, 0.0, 0.0, 0.0, 0.0, 0.0, 0.0, 0.0, 0.0, 0.0, 0.0, 0.0, 0.0, 0.0, 0.0, 0.0, 0.0, 0.0, 0.0, 0.0, 0.0], [0.0, 0.0, 0.9773252865502979, 0.0, 0.0, 0.0, 0.0, 0.0, 0.0, 0.0, 0.0, 0.0, 0.0, 0.0, 0.0, 0.0, 0.0, 0.0, 0.0, 0.0, 0.0, 0.0, 0.0, 0.0, 0.0, 0.0, 0.0, 0.0, 0.0, 0.0], [0.0, 0.0, 0.0, 0.9752320542296484, 0.0, 0.0, 0.0, 0.0, 0.0, 0.0, 0.0, 0.0, 0.0, 0.0, 0.0, 0.0, 0.0, 0.0, 0.0, 0.0, 0.0, 0.0, 0.0, 0.0, 0.0, 0.0, 0.0, 0.0, 0.0, 0.0], [0.0, 0.0, 0.0, 0.9771193684214657, 0.0, 0.0, 0.0, 0.0, 0.0, 0.0, 0.0, 0.0, 0.0, 0.0, 0.0, 0.0, 0.0, 0.0, 0.0, 0.0, 0.0, 0.0, 0.0, 0.0, 0.0, 0.0, 0.0, 0.0, 0.0, 0.0], [0.0, 0.0, 0.0, 0.0, 0.9763257650970862, 0.0, 0.0, 0.0, 0.0, 0.0, 0.0, 0.0, 0.0, 0.0, 0.0, 0.0, 0.0, 0.0, 0.0, 0.0, 0.0, 0.0, 0.0, 0.0, 0.0, 0.0, 0.0, 0.0, 0.0, 0.0], [0.0, 0.0, 0.0, 0.0, 0.9768918999983608, 0.0, 0.0, 0.0, 0.0, 0.0, 0.0, 0.0, 0.0, 0.0, 0.0, 0.0, 0.0, 0.0, 0.0, 0.0, 0.0, 0.0, 0.0, 0.0, 0.0, 0.0, 0.0, 0.0, 0.0, 0.0], [0.0, 0.0, 0.0, 0.0, 0.0, 0.9749698159807718, 0.0, 0.0, 0.0, 0.0, 0.0, 0.0, 0.0, 0.0, 0.0, 0.0, 0.0, 0.0, 0.0, 0.0, 0.0, 0.0, 0.0, 0.0, 0.0, 0.0, 0.0, 0.0, 0.0, 0.0], [0.0, 0.0, 0.0, 0.0, 0.0, 0.9673920334576341, 0.0, 0.0, 0.0, 0.0, 0.0, 0.0, 0.0, 0.0, 0.0, 0.0, 0.0, 0.0, 0.0, 0.0, 0.0, 0.0, 0.0, 0.0, 0.0, 0.0, 0.0, 0.0, 0.0, 0.0], [0.0, 0.0, 0.0, 0.0, 0.0, 0.0, 0.0, 0.9699037929302889, 0.0, 0.0, 0.0, 0.0, 0.0, 0.0, 0.0, 0.0, 0.0, 0.0, 0.0, 0.0, 0.0, 0.0, 0.0, 0.0, 0.0, 0.0, 0.0, 0.0, 0.0, 0.0], [0.0, 0.0, 0.0, 0.0, 0.0, 0.0, 0.0, 0.0, 0.9715886929389161, 0.0, 0.0, 0.0, 0.0, 0.0, 0.0, 0.0, 0.0, 0.0, 0.0, 0.0, 0.0, 0.0, 0.0, 0.0, 0.0, 0.0, 0.0, 0.0, 0.0, 0.0], [0.0, 0.0, 0.0, 0.0, 0.0, 0.0, 0.0, 0.0, 0.0, 0.9716948731209871, 0.0, 0.0, 0.0, 0.0, 0.0, 0.0, 0.0, 0.0, 0.0, 0.0, 0.0, 0.0, 0.0, 0.0, 0.0, 0.0, 0.0, 0.0, 0.0, 0.0], [0.0, 0.0, 0.0, 0.0, 0.0, 0.0, 0.0, 0.0, 0.0, 0.0, 0.971584930432815, 0.0, 0.0, 0.0, 0.0, 0.0, 0.0, 0.0, 0.0, 0.0, 0.0, 0.0, 0.0, 0.0, 0.0, 0.0, 0.0, 0.0, 0.0, 0.0], [0.0, 0.0, 0.0, 0.0, 0.0, 0.0, 0.0, 0.0, 0.0, 0.0, 0.0, 0.9696483359351887, 0.0, 0.0, 0.0, 0.0, 0.0, 0.0, 0.0, 0.0, 0.0, 0.0, 0.0, 0.0, 0.0, 0.0, 0.0, 0.0, 0.0, 0.0]], "Born radii": [], "Atomic SASAs": [], "Solvent H bonds": [], "Total SASA": NaN, "Total FOD": 0.0, "FOD": [0.0, 0.0, 0.0, 0.0, 0.0, 0.0, 0.0, 0.0, 0.0, 0.0, 0.0, 0.0, 0.0, 0.0, 0.0, 0.0, 0.0, 0.0, 0.0, 0.0, 0.0, 0.0, 0.0, 0.0, 0.0, 0.0, 0.0, 0.0, 0.0, 0.0], "FOD s proportion": [0.0, 0.0, 0.0, 0.0, 0.0, 0.0, 0.0, 0.0, 0.0, 0.0, 0.0, 0.0, 0.0, 0.0, 0.0, 0.0, 0.0, 0.0, 0.0, 0.0, 0.0, 0.0, 0.0, 0.0, 0.0, 0.0, 0.0, 0.0, 0.0, 0.0], "FOD p proportion": [0.0, 0.0, 0.0, 0.0, 0.0, 0.0, 0.0, 0.0, 0.0, 0.0, 0.0, 0.0, 0.0, 0.0, 0.0, 0.0, 0.0, 0.0, 0.0, 0.0, 0.0, 0.0, 0.0, 0.0, 0.0, 0.0, 0.0, 0.0, 0.0, 0.0], "FOD d proportion": [0.0, 0.0, 0.0, 0.0, 0.0, 0.0, 0.0, 0.0, 0.0, 0.0, 0.0, 0.0, 0.0, 0.0, 0.0, 0.0, 0.0, 0.0, 0.0, 0.0, 0.0, 0.0, 0.0, 0.0, 0.0, 0.0, 0.0, 0.0, 0.0, 0.0], "coordinates": [["2.94360", "1.97430", "0.56300"], ["3.46940", "0.69740", "-0.07450"], ["2.59160", "-0.52680", "0.19440"], ["1.20500", "-0.43110", "-0.44740"], ["0.40670", "-1.72200", "-0.23370"], ["-0.95950", "-1.70390", "-0.92870"], ["-1.93080", "-0.71180", "-0.33780"], ["-2.51660", "-0.94860", "0.91330"], ["-3.40960", "-0.02750", "1.46330"], ["-3.72560", "1.13840", "0.76880"], ["-3.14950", "1.38400", "-0.47600"], ["-2.25650", "0.46370", "-1.02750"], ["2.79010", "1.84250", "1.63870"], ["1.99680", "2.28730", "0.11340"], ["3.66190", "2.78800", "0.42060"], ["4.47240", "0.49850", "0.32170"], ["3.57980", "0.84770", "-1.15470"], ["3.10870", "-1.41110", "-0.19820"], ["2.48900", "-0.67520", "1.27630"], ["0.65820", "0.41330", "-0.01520"], ["1.31030", "-0.23830", "-1.52180"], ["0.98160", "-2.56560", "-0.63570"], ["0.28560", "-1.90620", "0.84070"], ["-0.82670", "-1.51040", "-2.00060"], ["-1.40900", "-2.70310", "-0.86130"], ["-2.27990", "-1.85440", "1.46670"], ["-3.85840", "-0.22030", "2.43400"], ["-4.42060", "1.85540", "1.19750"], ["-3.39480", "2.29340", "-1.01810"], ["-1.81310", "0.67230", "-1.99840"]], "bond_dist": [[0.0, 1.5209686058561498, 2.5525029226232046, 3.1352172620091254, 4.553375252491277, 5.566732770665393, 5.6379383829552445, 6.20321195349635, 6.7216734203619275, 6.724530547926747, 6.209174075511171, 5.643814545145863, 1.094561090117861, 1.0938644340136487, 1.094687325221225, 2.138560443382417, 2.150458390669301, 3.4738475225605394, 2.781242222461035, 2.827382075348148, 3.4510373353529515, 5.088911248980472, 4.711725961895492, 5.73849641805238, 6.546130766338234, 6.5391566451645735, 7.388106263448028, 7.392439996374676, 6.5404140985108885, 5.5571727389024], [1.5209686058561498, 0.0, 1.5301979251064224, 2.5573568425231548, 3.906273453049594, 5.1098977034770465, 5.587247226497142, 6.286275593704113, 7.0859685188405965, 7.257662219337575, 6.666517758170303, 5.809367908817618, 2.169736560045943, 2.175233132333176, 2.157032364152193, 1.0966059684316882, 1.0961798620664402, 2.1427035329228357, 2.160989486323337, 2.8261413163534477, 2.762593815601562, 4.141408369142073, 4.213419803437582, 5.200068966850344, 5.998436550468797, 6.476220438650927, 7.799448594612314, 8.075335782492267, 7.110192585296126, 5.621994972427492], [2.5525029226232046, 1.5301979251064224, 0.0, 1.5309230189660092, 2.5269666915098035, 3.9060503363372057, 4.557363667735986, 5.1757549874390305, 6.154170061023664, 6.558188945128068, 6.0877600158022, 5.096881739848396, 2.7819035263646366, 2.8774132219756, 3.4906457239313187, 2.145892359835414, 2.164684803845585, 1.0970477017887599, 1.096839518799355, 2.1600360483103054, 2.1610887024830796, 2.727246129339998, 2.763708387294144, 4.179745069977354, 4.67499567272527, 5.206993499131721, 6.834636084679271, 7.473421926400249, 6.727605015902761, 5.064345440429593], [3.1352172620091254, 2.5573568425231548, 1.5309230189660092, 0.0, 1.5327665804029003, 2.556702911955161, 3.1502454332956344, 3.996200357839932, 5.010808378894567, 5.315382305159244, 4.7177405842203735, 3.62203883192878, 3.4689497228988486, 2.8863718471465174, 4.141543965720996, 3.4830408740065053, 2.788418506967704, 2.155591410726996, 2.1631880408323263, 1.0948965430578361, 1.0966290576124635, 2.1544035601530185, 2.163427368783154, 2.775810443816364, 3.488021388982585, 4.2230427075747174, 5.8296588373591804, 6.291355467623809, 5.376500607272355, 3.5681956462615667], [4.553375252491277, 3.906273453049594, 2.5269666915098035, 1.5327665804029003, 0.0, 1.5329236934694435, 2.5485774659601774, 3.234105664631259, 4.507248045093592, 5.124724158430383, 4.727843454472662, 3.535539162560641, 4.6789034580764755, 4.327052450571867, 5.600404943394719, 4.6657267279599655, 4.1857093425129275, 2.720059385381135, 2.777024222076574, 2.161134098106825, 2.162651210898327, 1.0971667922426378, 1.0967817513069773, 2.1651756810937997, 2.15712898548047, 3.1822491228689183, 5.250028970396259, 6.17648358615159, 5.58481179360594, 3.711381228060518], [5.566732770665393, 5.1098977034770465, 3.9060503363372057, 2.556702911955161, 1.5329236934694435, 0.0, 1.5089230961185531, 2.527449801677572, 3.812475700906171, 4.314103006419758, 3.812632122300813, 2.5279359564672523, 5.764372982380651, 5.074973846238027, 6.584460043162233, 5.99329654947926, 5.2121956074192, 4.143623212841631, 4.220474018401251, 2.816730618997848, 2.766178412539582, 2.143885514667236, 2.1730107362827273, 1.0972910735078454, 1.0977220276554536, 2.7393516696474003, 4.681072682623077, 5.400792177079211, 4.681568726399304, 2.742119160430487], [5.6379383829552445, 5.587247226497142, 4.557363667735986, 3.1502454332956344, 2.5485774659601774, 1.5089230961185531, 0.0, 1.4016016160093423, 2.4288015851444102, 2.8051935120415488, 2.428313523826773, 1.4012732888341233, 5.719956079376834, 4.962280122080978, 6.640938479612652, 6.549865386402991, 5.784987313728527, 5.0897022407995545, 4.705453262970529, 2.8412746734520407, 3.4829280009784873, 3.465168482195346, 2.7799069354926256, 2.1498145524672587, 2.12405347861112, 2.164168620972035, 3.411757501640467, 3.891884629585004, 3.411353269598445, 2.1649892517054217], [6.20321195349635, 6.286275593704113, 5.1757549874390305, 3.996200357839932, 3.234105664631259, 2.527449801677572, 1.4016016160093423, 0.0, 1.395841756790504, 2.4162223097223485, 2.7877840052629614, 2.4143214243343825, 6.039661353089261, 5.610852731982902, 7.237319607423732, 7.161718367123913, 6.683517834942912, 5.752680991503005, 5.026186220187229, 3.577183095677379, 4.5912309580329325, 4.153491692540145, 2.962194011201832, 3.414995528547585, 2.730247822085021, 1.087544063475131, 2.1548495585539147, 3.4012353108833855, 3.8745458056396753, 3.4059104436259036], [6.7216734203619275, 7.0859685188405965, 6.154170061023664, 5.010808378894567, 4.507248045093592, 3.812475700906171, 2.4288015851444102, 1.395841756790504, 0.0, 1.3933804433822086, 2.4126476638746905, 2.788369001764293, 6.477958416816212, 6.034044249920612, 7.682471984329003, 7.981594487318935, 7.514759570338894, 6.867544401021372, 5.936999768401545, 4.3505475207150655, 5.588623682088462, 5.489115598163333, 4.191854898490643, 4.5682565635042875, 4.070012393101525, 2.1479751534875815, 1.0866700373158358, 2.1536209160388466, 3.3976671128879, 3.875809487062025], [6.724530547926747, 7.257662219337575, 6.558188945128068, 5.315382305159244, 5.124724158430383, 4.314103006419758, 2.8051935120415488, 2.4162223097223485, 1.3933804433822086, 0.0, 1.3934624537460636, 2.4166440759863668, 6.611114074798589, 5.873276949880705, 7.577438858215881, 8.235081931589995, 7.559975390171585, 7.358172037945294, 6.4936857307695455, 4.511998276817047, 5.701091128898046, 6.152232772741941, 5.036316531950707, 4.805136731665396, 4.772942888826558, 3.396169127119555, 2.1532748477609633, 1.0866911658792484, 2.1532452832875313, 3.3959242188246783], [6.209174075511171, 6.666517758170303, 6.0877600158022, 4.7177405842203735, 4.727843454472662, 3.812632122300813, 2.428313523826773, 2.7877840052629614, 2.4126476638746905, 1.3934624537460636, 0.0, 1.395905920898683, 6.321473443747115, 5.258112488336476, 7.012152131835133, 7.714518465205719, 6.784668736939188, 6.859651892771237, 6.253282512408983, 3.9564092836813534, 4.859564895132073, 5.717589654740886, 4.935486494764219, 4.012151088879879, 4.458944129499717, 3.8752447677533866, 3.3977077125615147, 2.1537212958040786, 1.0867625591636842, 2.147133812783917], [5.643814545145863, 5.809367908817618, 5.096881739848396, 3.62203883192878, 3.535539162560641, 2.5279359564672523, 1.4012732888341233, 2.4143214243343825, 2.788369001764293, 2.4166440759863668, 1.395905920898683, 0.0, 5.871787073796188, 4.766312060702698, 6.5212592848314195, 6.862918248820979, 5.850302003315726, 5.743516742380055, 5.396698796486607, 3.085898173951953, 3.6686780630085267, 4.4514556428206715, 3.9457406985254364, 2.624561384307862, 3.282453492435194, 3.4051679562100903, 3.87503830432681, 3.401585321581689, 2.1549054132374352, 1.0875496908187687], [1.094561090117861, 2.169736560045943, 2.7819035263646366, 3.4689497228988486, 4.6789034580764755, 5.764372982380651, 5.719956079376834, 6.039661353089261, 6.477958416816212, 6.611114074798589, 6.321473443747115, 5.871787073796188, 0.0, 1.775869370195905, 1.771376047032363, 2.5240757298464724, 3.068605007165308, 3.7498827354998716, 2.5614074763691934, 3.053358062854732, 4.063040355448122, 5.279669802175133, 4.578435970940294, 6.129248334012907, 6.674198091905873, 6.277065684696951, 7.006439764959091, 7.224196726280368, 6.7464720454471605, 5.9822499688662285], [1.0938644340136487, 2.175233132333176, 2.8774132219756, 2.8863718471465174, 4.327052450571867, 5.074973846238027, 4.962280122080978, 5.610852731982902, 6.034044249920612, 5.873276949880705, 5.258112488336476, 4.766312060702698, 1.775869370195905, 0.0, 1.765681267952968, 3.0613378921641434, 2.487250443763153, 3.8744778654678105, 3.2204042448115118, 2.306569730140409, 3.0860681538164383, 5.014221800040361, 4.587222795984516, 5.183017802400451, 6.119935121388135, 6.105347055655395, 6.779130413260981, 6.522640046790871, 5.509054367130533, 4.6457789712813495], [1.094687325221225, 2.157032364152193, 3.4906457239313187, 4.141543965720996, 5.600404943394719, 6.584460043162233, 6.640938479612652, 7.237319607423732, 7.682471984329003, 7.577438858215881, 7.012152131835133, 6.5212592848314195, 1.771376047032363, 1.765681267952968, 0.0, 2.4307409796191775, 2.500614842393766, 4.280348641173987, 3.7552191866787217, 3.8537430402142796, 4.296676856595107, 6.079540339532258, 5.7975339015826375, 6.669781252784832, 7.583500090987011, 7.612567911683942, 8.346170411631913, 8.173134198090716, 7.218829665534435, 6.348493718198042], [2.138560443382417, 1.0966059684316882, 2.145892359835414, 3.4830408740065053, 4.6657267279599655, 5.99329654947926, 6.549865386402991, 7.161718367123913, 7.981594487318935, 8.235081931589995, 7.714518465205719, 6.862918248820979, 2.5240757298464724, 3.0613378921641434, 2.4307409796191775, 0.0, 1.7602364500259617, 2.4034445822610517, 2.494535710307632, 3.829997687988859, 3.7336634690341337, 4.742468577650252, 4.856051619371442, 6.124476900927948, 6.800043935152185, 7.241596419298717, 8.624425393613189, 9.038454085185144, 8.179826764058026, 6.702281753253888], [2.150458390669301, 1.0961798620664402, 2.164684803845585, 2.788418506967704, 4.1857093425129275, 5.2121956074192, 5.784987313728527, 6.683517834942912, 7.514759570338894, 7.559975390171585, 6.784668736939188, 5.850302003315726, 3.068605007165308, 2.487250443763153, 2.500614842393766, 1.7602364500259617, 0.0, 2.4978000120105692, 3.069011249572083, 3.165898003726589, 2.5425948674533267, 4.320951414908527, 4.734695345003731, 5.0688681843188625, 6.130447751999849, 6.964852220973536, 8.327437236629287, 8.399684773251911, 7.124166843217529, 5.461315341563789], [3.4738475225605394, 2.1427035329228357, 1.0970477017887599, 2.155591410726996, 2.720059385381135, 4.143623212841631, 5.0897022407995545, 5.752680991503005, 6.867544401021372, 7.358172037945294, 6.859651892771237, 5.743516742380055, 3.7498827354998716, 3.8744778654678105, 4.280348641173987, 2.4034445822610517, 2.4978000120105692, 0.0, 1.7606042002676239, 3.060535020221138, 2.5222250811535436, 2.4594371124304026, 3.048660497661227, 4.329651188028892, 4.74537447415902, 5.657333016537033, 7.542344720973711, 8.325164216398376, 7.529347150317881, 5.639626835172695], [2.781242222461035, 2.160989486323337, 1.096839518799355, 2.1631880408323263, 2.777024222076574, 4.220474018401251, 4.705453262970529, 5.026186220187229, 5.936999768401545, 6.4936857307695455, 6.253282512408983, 5.396698796486607, 2.5614074763691934, 3.2204042448115118, 3.7552191866787217, 2.494535710307632, 3.069011249572083, 1.7606042002676239, 0.0, 2.49091010275361, 3.067503693559308, 3.0824683161388697, 2.5612652966844336, 4.73597921659291, 4.886319286538693, 4.916215211928787, 6.468128791234757, 7.358853032912126, 6.978249046859821, 5.572026628615481], [2.827382075348148, 2.8261413163534477, 2.1600360483103054, 1.0948965430578361, 2.161134098106825, 2.816730618997848, 2.8412746734520407, 3.577183095677379, 4.3505475207150655, 4.511998276817047, 3.9564092836813534, 3.085898173951953, 3.053358062854732, 2.306569730140409, 3.8537430402142796, 3.829997687988859, 3.165898003726589, 3.060535020221138, 2.49091010275361, 0.0, 1.7662560771303804, 3.059975983565884, 2.5002951465776992, 3.1380508058347303, 3.834207872559859, 3.9963636608797253, 5.176843165482223, 5.417056686061168, 4.579016643341668, 3.1792274108657277], [3.4510373353529515, 2.762593815601562, 2.1610887024830796, 1.0966290576124635, 2.162651210898327, 2.766178412539582, 3.4829280009784873, 4.5912309580329325, 5.588623682088462, 5.701091128898046, 4.859564895132073, 3.6686780630085267, 4.063040355448122, 3.0860681538164383, 4.296676856595107, 3.7336634690341337, 2.5425948674533267, 2.5222250811535436, 3.067503693559308, 1.7662560771303804, 0.0, 2.5118802101214937, 3.068111267539037, 2.5326383180391154, 3.729087258297934, 4.942918925088697, 6.508773873011721, 6.679924175467862, 5.366673512521514, 3.288155635002699], [5.088911248980472, 4.141408369142073, 2.727246129339998, 2.1544035601530185, 1.0971667922426378, 2.143885514667236, 3.465168482195346, 4.153491692540145, 5.489115598163333, 6.152232772741941, 5.717589654740886, 4.4514556428206715, 5.279669802175133, 5.014221800040361, 6.079540339532258, 4.742468577650252, 4.320951414908527, 2.4594371124304026, 3.0824683161388697, 3.059975983565884, 2.5118802101214937, 0.0, 1.7603923767160545, 2.4992694812684766, 2.4051548744311666, 3.9450314891011957, 6.192664223094936, 7.217314464535961, 6.550495227080163, 4.489019468659052], [4.711725961895492, 4.213419803437582, 2.763708387294144, 2.163427368783154, 1.0967817513069773, 2.1730107362827273, 2.7799069354926256, 2.962194011201832, 4.191854898490643, 5.036316531950707, 4.935486494764219, 3.9457406985254364, 4.578435970940294, 4.587222795984516, 5.7975339015826375, 4.856051619371442, 4.734695345003731, 3.048660497661227, 2.5612652966844336, 2.5002951465776992, 3.068111267539037, 1.7603923767160545, 0.0, 3.0768254126615635, 2.530518280906107, 2.6412780031643774, 4.749063033904688, 6.035334227696094, 5.885331066303747, 4.37192094507666], [5.73849641805238, 5.200068966850344, 4.179745069977354, 2.775810443816364, 2.1651756810937997, 1.0972910735078454, 2.1498145524672587, 3.414995528547585, 4.5682565635042875, 4.805136731665396, 4.012151088879879, 2.624561384307862, 6.129248334012907, 5.183017802400451, 6.669781252784832, 6.124476900927948, 5.0688681843188625, 4.329651188028892, 4.73597921659291, 3.1380508058347303, 2.5326383180391154, 2.4992694812684766, 3.0768254126615635, 0.0, 1.7491743966797593, 3.7752212557676668, 5.524603158598814, 5.871334640437386, 4.6935421911388, 2.395238837777978], [6.546130766338234, 5.998436550468797, 4.67499567272527, 3.488021388982585, 2.15712898548047, 1.0977220276554536, 2.12405347861112, 2.730247822085021, 4.070012393101525, 4.772942888826558, 4.458944129499717, 3.282453492435194, 6.674198091905873, 6.119935121388135, 7.583500090987011, 6.800043935152185, 6.130447751999849, 4.74537447415902, 4.886319286538693, 3.834207872559859, 3.729087258297934, 2.4051548744311666, 2.530518280906107, 1.7491743966797593, 0.0, 2.626469588630335, 4.798214072965066, 5.838519868083006, 5.378940428188437, 3.584636436237293], [6.5391566451645735, 6.476220438650927, 5.206993499131721, 4.2230427075747174, 3.1822491228689183, 2.7393516696474003, 2.164168620972035, 1.087544063475131, 2.1479751534875815, 3.396169127119555, 3.8752447677533866, 3.4051679562100903, 6.277065684696951, 6.105347055655395, 7.612567911683942, 7.241596419298717, 6.964852220973536, 5.657333016537033, 4.916215211928787, 3.9963636608797253, 4.942918925088697, 3.9450314891011957, 2.6412780031643774, 3.7752212557676668, 2.626469588630335, 0.0, 2.469334799090638, 4.291582595034145, 4.9620034149524725, 4.313818858042141], [7.388106263448028, 7.799448594612314, 6.834636084679271, 5.8296588373591804, 5.250028970396259, 4.681072682623077, 3.411757501640467, 2.1548495585539147, 1.0866700373158358, 2.1532748477609633, 3.3977077125615147, 3.87503830432681, 7.006439764959091, 6.779130413260981, 8.346170411631913, 8.624425393613189, 8.327437236629287, 7.542344720973711, 6.468128791234757, 5.176843165482223, 6.508773873011721, 6.192664223094936, 4.749063033904688, 5.524603158598814, 4.798214072965066, 2.469334799090638, 0.0, 2.4806312865881543, 4.2954169832508695, 4.96247484729142], [7.392439996374676, 8.075335782492267, 7.473421926400249, 6.291355467623809, 6.17648358615159, 5.400792177079211, 3.891884629585004, 3.4012353108833855, 2.1536209160388466, 1.0866911658792484, 2.1537212958040786, 3.401585321581689, 7.224196726280368, 6.522640046790871, 8.173134198090716, 9.038454085185144, 8.399684773251911, 8.325164216398376, 7.358853032912126, 5.417056686061168, 6.679924175467862, 7.217314464535961, 6.035334227696094, 5.871334640437386, 5.838519868083006, 4.291582595034145, 2.4806312865881543, 0.0, 2.4805227271686108, 4.290985745723237], [6.5404140985108885, 7.110192585296126, 6.727605015902761, 5.376500607272355, 5.58481179360594, 4.681568726399304, 3.411353269598445, 3.8745458056396753, 3.3976671128879, 2.1532452832875313, 1.0867625591636842, 2.1549054132374352, 6.7464720454471605, 5.509054367130533, 7.218829665534435, 8.179826764058026, 7.124166843217529, 7.529347150317881, 6.978249046859821, 4.579016643341668, 5.366673512521514, 6.550495227080163, 5.885331066303747, 4.6935421911388, 5.378940428188437, 4.9620034149524725, 4.2954169832508695, 2.4805227271686108, 0.0, 2.467940070179987], [5.5571727389024, 5.621994972427492, 5.064345440429593, 3.5681956462615667, 3.711381228060518, 2.742119160430487, 2.1649892517054217, 3.4059104436259036, 3.875809487062025, 3.3959242188246783, 2.147133812783917, 1.0875496908187687, 5.9822499688662285, 4.6457789712813495, 6.348493718198042, 6.702281753253888, 5.461315341563789, 5.639626835172695, 5.572026628615481, 3.1792274108657277, 3.288155635002699, 4.489019468659052, 4.37192094507666, 2.395238837777978, 3.584636436237293, 4.313818858042141, 4.96247484729142, 4.290985745723237, 2.467940070179987, 0.0]]}