{"total energy": -22.48362901, "HOMO-LUMO gap/eV": 3.17567917, "electronic energy": -22.84442937, "dipole": [0.23825429, -0.65867932, -0.05616997], "partial charges": [-0.10051809, -0.05827544, 0.0966078, -0.04854955, -0.01310545, -0.04207248, 0.05523339, -0.23283935, 0.04653988, 0.04661124, 0.03186099, 0.0443036, 0.04437455, 0.03005826, 0.03093592, 0.03205941, 0.03677532], "atomic dipole moments": [[0.0618096, -0.10286801, -0.01060047], [0.03074446, 0.08117586, 0.00183283], [-0.03965997, 0.0245351, 0.00459671], [-0.00125447, -0.0031087, -2.792e-05], [0.00543397, 0.00109861, -0.00041394], [0.00709447, -0.01466045, -0.00142239], [-0.03664319, -0.0335057, 0.00116369], [0.17738905, -0.20938086, -0.02631184], [0.01189958, 0.07908027, -0.10139046], [0.02892543, 0.06803773, 0.10588825], [-0.11976311, -0.0300963, 0.00823056], [-0.04167565, -0.06112721, -0.10356904], [-0.02471072, -0.07206184, 0.10196186], [-0.05115133, -0.14336268, -0.00374049], [0.09586689, -0.11420495, -0.01426507], [0.14873271, 0.03117012, -0.01054615], [0.0391441, 0.14307143, 0.00471361]], "atomic quadrupole moments": [[0.0077569, -0.16333134, 0.13075326, -0.02099349, 0.0279235, -0.13851016], [0.1475227, -0.08233674, 0.07273107, -0.0350895, 0.02270274, -0.22025377], [-0.13988655, 0.10436699, -0.32599862, 0.0565172, -0.05312552, 0.46588517], [-0.22393785, 0.00537931, -0.26930612, 0.06023335, -0.04319475, 0.49324397], [-0.28517029, 0.00058053, -0.27090922, 0.07032905, -0.04644958, 0.5560795], [-0.26545606, 0.00241953, -0.23688812, 0.06424526, -0.0417398, 0.50234418], [-0.22246834, 0.07631746, -0.32811059, 0.06895099, -0.05567487, 0.55057893], [-0.14564104, 0.02437735, -0.16394856, 0.03941952, -0.02865492, 0.30958961], [-0.03954019, 0.00310929, -0.00155086, -0.02504079, -0.04932519, 0.04109105], [-0.02916713, 0.00736399, -0.01142704, 0.038053, 0.04332228, 0.04059417], [0.07247246, 0.03476633, -0.01647018, -0.00876372, -0.00070173, -0.05600228], [-0.01167803, -0.01106327, -0.01364882, 0.02329275, 0.04660228, 0.02532685], [-0.01862935, -0.01660684, -0.00355904, -0.01834984, -0.04774246, 0.02218839], [0.03621632, 0.00053826, 0.02861131, -0.00840584, 0.00519788, -0.06482763], [0.03438297, 0.00657933, 0.03378839, -0.0082014, 0.00517917, -0.06817135], [0.02985974, -0.00222927, 0.03473333, -0.00803299, 0.00575864, -0.06459307], [0.04790509, 0.00492902, 0.02288471, -0.00963344, 0.004867, -0.0707898]], "number of molecular orbitals": 41, "number of electrons": 42, "number of unpaired electrons": 0, "orbital energies/eV": [-17.79934596, -17.14193112, -16.91309167, -16.55189393, -15.85817204, -15.80027192, -15.18462091, -14.41131505, -13.96486122, -13.93163174, -13.62513465, -13.20235873, -13.18895664, -12.85487424, -12.33573977, -12.21229165, -11.96393157, -11.64289448, -11.63456636, -10.95168569, -9.91019306, -6.73451389, -6.26994031, -3.05814162, 2.18733032, 2.77196781, 3.3241374, 3.77794128, 4.29192095, 4.33754248, 4.39367399, 5.02942133, 5.42456438, 6.71051933, 7.48332419, 7.75507557, 10.00257449, 11.25391211, 11.56033137, 16.11500903, 16.32597576], "fractional occupation": [2.0, 2.0, 2.0, 2.0, 2.0, 2.0, 2.0, 2.0, 2.0, 2.0, 2.0, 2.0, 2.0, 2.0, 2.0, 2.0, 2.0, 2.0, 2.0, 2.0, 2.0, 0.0, 0.0, 0.0, 0.0, 0.0, 0.0, 0.0, 0.0, 0.0, 0.0, 0.0, 0.0, 0.0, 0.0, 0.0, 0.0, 0.0, 0.0, 0.0, 0.0], "program call": "xtb /home/svss/Project-DBcg-Debug/aqme2_20220329/End-to-End-workflows-final/example-3/QDESCP/mol_869_rdkit_conf_2/mol_869_rdkit_conf_2.xyz --pop --wbo --acc 0.2 --gfn 2 --chrg 0 --uhf 0 --etemp 300 --input /home/svss/Project-DBcg-Debug/aqme2_20220329/End-to-End-workflows-final/example-3/QDESCP/mol_869_rdkit_conf_2/mol_869_rdkit_conf_2_xtb.inp", "method": "GFN2-xTB", "xtb version": "6.3.3 (7355c4f)", "Dipole module/D": 1.786, "Total charge": 0, "Transition dipole module/D": NaN, "HOMO": -9.9102, "LUMO": -6.7345, "HOMO occupancy": 2.0, "LUMO occupancy": 0, "mulliken charges": [-0.07427, -0.04955, 0.16895, -0.06396, -0.00095, -0.05676, 0.14067, -0.34218, 0.03316, 0.03318, 0.02419, 0.03322, 0.0333, 0.03297, 0.03, 0.03402, 0.02402], "cm5 charges": [-0.22094, -0.14975, 0.22863, -0.11213, -0.0542, -0.10708, 0.16139, -0.52774, 0.08663, 0.08665, 0.07508, 0.08907, 0.08915, 0.08975, 0.08562, 0.09013, 0.08974], "FUKUI+": [0.021, 0.016, -0.057, -0.041, -0.091, -0.04, -0.041, -0.17, -0.019, -0.019, -0.044, -0.053, -0.053, -0.098, -0.109, -0.099, -0.104], "FUKUI-": [0.015, 0.007, -0.022, -0.034, -0.024, -0.039, -0.015, -0.187, -0.054, -0.054, -0.06, -0.078, -0.078, -0.086, -0.104, -0.091, -0.097], "FUKUIrad": [0.018, 0.012, -0.04, -0.038, -0.058, -0.04, -0.028, -0.178, -0.036, -0.036, -0.052, -0.065, -0.065, -0.092, -0.107, -0.095, -0.101], "s proportion": [1.004, 1.028, 1.063, 1.063, 1.062, 1.059, 1.031, 1.558, 0.967, 0.967, 0.976, 0.967, 0.967, 0.967, 0.97, 0.966, 0.976], "p proportion": [3.07, 3.021, 2.768, 3.001, 2.939, 2.997, 2.829, 3.784, 0.0, 0.0, 0.0, 0.0, 0.0, 0.0, 0.0, 0.0, 0.0], "d proportion": [0.0, 0.0, 0.0, 0.0, 0.0, 0.0, 0.0, 0.0, 0.0, 0.0, 0.0, 0.0, 0.0, 0.0, 0.0, 0.0, 0.0], "Fermi-level/eV": -8.3224, "Coordination numbers": [3.748, 3.804, 2.931, 2.912, 2.924, 2.908, 2.885, 1.833, 0.924, 0.924, 0.924, 0.924, 0.924, 0.925, 0.925, 0.925, 0.925], "Dispersion coefficient C6": [22.486, 21.619, 25.857, 29.205, 28.341, 29.045, 26.759, 26.945, 2.364, 2.363, 2.56, 2.392, 2.392, 2.586, 2.573, 2.557, 2.492], "Total dispersion C6": 3030.429864, "Total dispersion C8": 70563.907103, "Polarizability alpha": [6.763, 6.619, 8.339, 8.862, 8.73, 8.837, 8.481, 7.692, 2.404, 2.404, 2.502, 2.419, 2.418, 2.515, 2.508, 2.501, 2.469], "Total polarizability alpha": 86.463946, "Wiberg matrix": [[0.0, 1.0206924256648808, 0.0, 0.0, 0.0, 0.0, 0.0, 0.0, 0.9868827420064135, 0.9868754378038671, 0.9874070009659469, 0.0, 0.0, 0.0, 0.0, 0.0, 0.0], [1.0206924256648808, 0.0, 1.009219189545839, 0.0, 0.0, 0.0, 0.0, 0.0, 0.0, 0.0, 0.0, 0.9607121126104574, 0.9606096493353173, 0.0, 0.0, 0.0, 0.0], [0.0, 1.009219189545839, 0.0, 1.395627015437017, 0.0, 0.10619595987766134, 0.0, 1.4094461930801487, 0.0, 0.0, 0.0, 0.0, 0.0, 0.0, 0.0, 0.0, 0.0], [0.0, 0.0, 1.395627015437017, 0.0, 1.4538349654064318, 0.0, 0.11504785278419243, 0.0, 0.0, 0.0, 0.0, 0.0, 0.0, 0.969263637781606, 0.0, 0.0, 0.0], [0.0, 0.0, 0.0, 1.4538349654064318, 0.0, 1.427061903331733, 0.0, 0.1049150467681344, 0.0, 0.0, 0.0, 0.0, 0.0, 0.0, 0.9705220700247711, 0.0, 0.0], [0.0, 0.0, 0.10619595987766134, 0.0, 1.427061903331733, 0.0, 1.4437994980894748, 0.0, 0.0, 0.0, 0.0, 0.0, 0.0, 0.0, 0.0, 0.9696662466538146, 0.0], [0.0, 0.0, 0.0, 0.11504785278419243, 0.0, 1.4437994980894748, 0.0, 1.4250354554201639, 0.0, 0.0, 0.0, 0.0, 0.0, 0.0, 0.0, 0.0, 0.9650175819554468], [0.0, 0.0, 1.4094461930801487, 0.0, 0.1049150467681344, 0.0, 1.4250354554201639, 0.0, 0.0, 0.0, 0.0, 0.0, 0.0, 0.0, 0.0, 0.0, 0.0], [0.9868827420064135, 0.0, 0.0, 0.0, 0.0, 0.0, 0.0, 0.0, 0.0, 0.0, 0.0, 0.0, 0.0, 0.0, 0.0, 0.0, 0.0], [0.9868754378038671, 0.0, 0.0, 0.0, 0.0, 0.0, 0.0, 0.0, 0.0, 0.0, 0.0, 0.0, 0.0, 0.0, 0.0, 0.0, 0.0], [0.9874070009659469, 0.0, 0.0, 0.0, 0.0, 0.0, 0.0, 0.0, 0.0, 0.0, 0.0, 0.0, 0.0, 0.0, 0.0, 0.0, 0.0], [0.0, 0.9607121126104574, 0.0, 0.0, 0.0, 0.0, 0.0, 0.0, 0.0, 0.0, 0.0, 0.0, 0.0, 0.0, 0.0, 0.0, 0.0], [0.0, 0.9606096493353173, 0.0, 0.0, 0.0, 0.0, 0.0, 0.0, 0.0, 0.0, 0.0, 0.0, 0.0, 0.0, 0.0, 0.0, 0.0], [0.0, 0.0, 0.0, 0.969263637781606, 0.0, 0.0, 0.0, 0.0, 0.0, 0.0, 0.0, 0.0, 0.0, 0.0, 0.0, 0.0, 0.0], [0.0, 0.0, 0.0, 0.0, 0.9705220700247711, 0.0, 0.0, 0.0, 0.0, 0.0, 0.0, 0.0, 0.0, 0.0, 0.0, 0.0, 0.0], [0.0, 0.0, 0.0, 0.0, 0.0, 0.9696662466538146, 0.0, 0.0, 0.0, 0.0, 0.0, 0.0, 0.0, 0.0, 0.0, 0.0, 0.0], [0.0, 0.0, 0.0, 0.0, 0.0, 0.0, 0.9650175819554468, 0.0, 0.0, 0.0, 0.0, 0.0, 0.0, 0.0, 0.0, 0.0, 0.0]], "Born radii": [], "Atomic SASAs": [], "Solvent H bonds": [], "Total SASA": NaN, "Total FOD": 0.0, "FOD": [0.0, 0.0, 0.0, 0.0, 0.0, 0.0, 0.0, 0.0, 0.0, 0.0, 0.0, 0.0, 0.0, 0.0, 0.0, 0.0, 0.0], "FOD s proportion": [0.0, 0.0, 0.0, 0.0, 0.0, 0.0, 0.0, 0.0, 0.0, 0.0, 0.0, 0.0, 0.0, 0.0, 0.0, 0.0, 0.0], "FOD p proportion": [0.0, 0.0, 0.0, 0.0, 0.0, 0.0, 0.0, 0.0, 0.0, 0.0, 0.0, 0.0, 0.0, 0.0, 0.0, 0.0, 0.0], "FOD d proportion": [0.0, 0.0, 0.0, 0.0, 0.0, 0.0, 0.0, 0.0, 0.0, 0.0, 0.0, 0.0, 0.0, 0.0, 0.0, 0.0, 0.0], "coordinates": [["-2.47650", "0.77940", "0.09730"], ["-1.62100", "-0.47320", "-0.03980"], ["-0.13590", "-0.21670", "-0.14860"], ["0.73170", "-1.30030", "-0.28050"], ["2.10010", "-1.06380", "-0.38060"], ["2.56840", "0.24290", "-0.34670"], ["1.64280", "1.26270", "-0.21340"], ["0.31020", "1.06180", "-0.11430"], ["-2.35630", "1.43930", "-0.76850"], ["-2.21130", "1.34520", "0.99680"], ["-3.53440", "0.50730", "0.16970"], ["-1.94490", "-1.02310", "-0.93160"], ["-1.79950", "-1.11670", "0.83000"], ["0.35010", "-2.31600", "-0.30540"], ["2.79340", "-1.89330", "-0.48400"], ["3.62710", "0.46220", "-0.42200"], ["1.95590", "2.30220", "-0.18150"]], "bond_dist": [[0.0, 1.5230506951510185, 2.5555998082641973, 3.8419307867269032, 4.956918620473812, 5.092738385191213, 4.159176104711125, 2.8089537571843364, 1.0952286017083375, 1.0952446895557175, 1.0947294551623246, 2.1424845437015407, 2.142515694224899, 4.211096770438789, 5.937430504014341, 6.133858597163779, 4.6949780659764535], [1.5230506951510185, 0.0, 1.5110101588010585, 2.505439719889505, 3.783059371725482, 4.26122742645825, 3.700793997238971, 2.468057675582157, 2.174701365705186, 2.174757965843556, 2.160178247274979, 1.0966350623612213, 1.0965885919523328, 2.7114000829829594, 4.658425164151508, 5.344492830007352, 4.5295847116485195], [2.5555998082641973, 1.5110101588010585, 0.0, 1.394387438985306, 2.402311056045823, 2.750220765684093, 2.3144323472506168, 1.354527205337715, 2.838448197519201, 2.838795154638672, 3.4893112701506013, 2.1297537322422984, 2.1296062828607547, 2.160519088089712, 3.391795867973189, 3.8335129802832286, 3.274380378025742], [3.8419307867269032, 2.505439719889505, 1.394387438985306, 0.0, 1.3922897758728243, 2.3998574061806255, 2.7209510506438734, 2.4051613459391867, 4.156837278508746, 4.158294667288503, 4.655073255062695, 2.768566165003105, 2.7701791729056082, 1.085304132490059, 2.1549172002654764, 3.3926051435438223, 3.8061099419223297], [4.956918620473812, 3.783059371725482, 2.402311056045823, 1.3922897758728243, 0.0, 1.3884952250548075, 2.3769058416352973, 2.7915646257967954, 5.125961078666126, 5.127248942659211, 5.875268125796473, 4.082558326588856, 4.083531673686394, 2.153174372873688, 1.086014134346326, 2.159194053344905, 3.3749652516729713], [5.092738385191213, 4.26122742645825, 2.750220765684093, 2.3998574061806255, 1.3884952250548075, 0.0, 1.383653240519459, 2.4133118758254186, 5.085465395615233, 5.085822414320028, 6.130313544999146, 4.723848102977064, 4.723524686079243, 3.3868170588326736, 2.1524002253298526, 1.0837934627963022, 2.1548001717096645], [4.159176104711125, 3.700793997238971, 2.3144323472506168, 2.7209510506438734, 2.3769058416352973, 1.383653240519459, 0.0, 1.3512972951945104, 4.04130231237407, 4.040479810616556, 5.246026554450521, 4.314195657361868, 4.31273198912244, 3.806130709789142, 3.3700802245643944, 2.1498280628924724, 1.086098278241891], [2.8089537571843364, 2.468057675582157, 1.354527205337715, 2.4051613459391867, 2.7915646257967954, 2.4133118758254186, 1.3512972951945104, 0.0, 2.7714086923440218, 2.769985743645624, 3.8947497236664645, 3.178091142494186, 3.1762239892677595, 3.383436723215021, 3.8775735118756933, 3.3846750301912296, 2.061901183374218], [1.0952286017083375, 2.174701365705186, 2.838448197519201, 4.156837278508746, 5.125961078666126, 5.085465395615233, 4.04130231237407, 2.7714086923440218, 0.0, 1.773742906962562, 1.7710908644109709, 2.501852379737861, 3.065675209476699, 4.652025436301913, 6.140567815764272, 6.072549894401855, 4.436691813727881], [1.0952446895557175, 2.174757965843556, 2.838795154638672, 4.158294667288503, 5.127248942659211, 5.085822414320028, 4.040479810616556, 2.769985743645624, 1.773742906962562, 0.0, 1.7710913104636927, 3.065703901227253, 2.501670060179799, 4.6541250778207495, 6.142285647867575, 6.072857399939505, 4.435064343388944], [1.0947294551623246, 2.160178247274979, 3.4893112701506013, 4.655073255062695, 5.875268125796473, 6.130313544999146, 5.246026554450521, 3.8947497236664645, 1.7710908644109709, 1.7710913104636927, 0.0, 2.4660689568623178, 2.4664245579380695, 4.825565578250906, 6.79935709387292, 7.186043775959065, 5.786916410317329], [2.1424845437015407, 1.0966350623612213, 2.1297537322422984, 2.768566165003105, 4.082558326588856, 4.723848102977064, 4.314195657361868, 3.178091142494186, 2.501852379737861, 3.065703901227253, 2.4660689568623178, 0.0, 1.7700668574943716, 2.7075342749446403, 4.838293158749272, 5.7890407020507295, 5.180396774379353], [2.142515694224899, 1.0965885919523328, 2.1296062828607547, 2.7701791729056082, 4.083531673686394, 4.723524686079243, 4.31273198912244, 3.1762239892677595, 3.065675209476699, 2.501670060179799, 2.4664245579380695, 1.7700668574943716, 0.0, 2.7107625882765904, 4.839879540856363, 5.788645503915403, 5.178323919957113], [4.211096770438789, 2.7114000829829594, 2.160519088089712, 1.085304132490059, 2.153174372873688, 3.3868170588326736, 3.806130709789142, 3.383436723215021, 4.652025436301913, 4.6541250778207495, 4.825565578250906, 2.7075342749446403, 2.7107625882765904, 0.0, 2.4860185317088854, 4.297757531550611, 4.890983141455305], [5.937430504014341, 4.658425164151508, 3.391795867973189, 2.1549172002654764, 1.086014134346326, 2.1524002253298526, 3.3700802245643944, 3.8775735118756933, 6.140567815764272, 6.142285647867575, 6.79935709387292, 4.838293158749272, 4.839879540856363, 2.4860185317088854, 0.0, 2.4994559287973055, 4.288954738628049], [6.133858597163779, 5.344492830007352, 3.8335129802832286, 3.3926051435438223, 2.159194053344905, 1.0837934627963022, 2.1498280628924724, 3.3846750301912296, 6.072549894401855, 6.072857399939505, 7.186043775959065, 5.7890407020507295, 5.788645503915403, 4.297757531550611, 2.4994559287973055, 0.0, 2.4972684457222454], [4.6949780659764535, 4.5295847116485195, 3.274380378025742, 3.8061099419223297, 3.3749652516729713, 2.1548001717096645, 1.086098278241891, 2.061901183374218, 4.436691813727881, 4.435064343388944, 5.786916410317329, 5.180396774379353, 5.178323919957113, 4.890983141455305, 4.288954738628049, 2.4972684457222454, 0.0]]}