{"total energy": -21.0863631, "HOMO-LUMO gap/eV": 4.98666926, "electronic energy": -21.41195277, "dipole": [-0.0036073, -0.14134487, 0.02812427], "partial charges": [-0.05207412, -0.05040722, -0.05025956, -0.04258604, -0.04259346, -0.0502626, -0.05039332, 0.02393611, 0.02393659, 0.03140256, 0.02414124, 0.03037296, 0.04008579, 0.01934479, 0.01934904, 0.03036314, 0.04009694, 0.02414288, 0.03140428], "atomic dipole moments": [[0.0027599, 0.10977653, -0.02186585], [-0.04365412, 0.00609072, -0.09704761], [-0.07135884, -0.01866803, 0.05764142], [0.1287341, -0.07955682, -0.01404232], [-0.13234908, -0.06168606, 0.04217955], [0.06977272, -0.04284048, -0.04540103], [0.04489988, 0.0405897, 0.08776431], [-0.04236661, -0.05585135, 0.09790729], [0.03862144, -0.0910646, -0.06866232], [-0.02383293, 0.05148744, 0.11162548], [0.09288809, -0.07283648, 0.02501387], [0.10891863, 0.0394592, 0.03355129], [0.01750233, -0.05396239, -0.11541643], [0.06338222, 0.12512933, -0.03794387], [-0.05676341, 0.13308169, -0.01347373], [-0.10717834, 0.02894517, -0.04717585], [-0.0189754, -0.00472326, 0.12710534], [-0.09659732, -0.07218099, 0.00384845], [0.02523098, 0.00359653, -0.12258974]], "atomic quadrupole moments": [[0.14389666, 0.03063891, -0.031809, 0.17593995, -0.02148304, -0.11208766], [0.0149514, 0.20112667, 0.04133815, -0.00231693, -0.10098031, -0.05628955], [-0.05220843, -0.04165975, 0.10406585, -0.06382571, -0.15349167, -0.05185741], [-0.32764567, -0.082789, -0.11566442, 0.19904547, 0.15053767, 0.44331009], [-0.31517147, 0.16034606, -0.15563578, 0.14875057, 0.0854916, 0.47080725], [-0.04882353, 0.02531843, 0.18784975, -0.07137491, 0.05707842, -0.13902622], [-0.00469561, -0.18196766, 0.1166397, 0.07770408, 0.03124141, -0.11194409], [0.00013325, 0.0256733, -0.0416062, -0.01598841, -0.02368375, 0.04147295], [-0.00278524, -0.03078344, -0.00967527, -0.00280226, 0.04601671, 0.01246051], [-0.02195425, 0.00201096, 0.01159032, -0.03532701, 0.03735812, 0.01036393], [0.03084734, -0.03074545, 0.01924922, 0.00662495, -0.00567359, -0.05009656], [0.03515114, 0.02710376, 0.00442344, 0.03689989, -0.01849877, -0.03957457], [-0.03851728, 0.00255364, -0.00553053, 0.00643332, 0.03795992, 0.04404781], [0.05657507, -0.01148906, 0.01612305, -0.01724056, -0.02536749, -0.07269813], [0.05729462, 0.0023474, 0.02072142, -0.01964636, -0.01246527, -0.07801603], [0.03314048, -0.01195999, 0.01219205, 0.04505421, -0.00479069, -0.04533253], [-0.03858927, 0.0008618, -0.02516799, 0.00543192, -0.00961586, 0.06375726], [0.03396804, 0.03012037, 0.01009472, -0.00589998, -0.01993963, -0.04406276], [-0.02279011, -0.01473378, -0.01353893, -0.03373337, -0.02538717, 0.03632904]], "number of molecular orbitals": 40, "number of electrons": 40, "number of unpaired electrons": 0, "orbital energies/eV": [-17.01752202, -16.58597505, -16.55500891, -15.81090982, -15.76011432, -14.72636405, -14.45917805, -14.15312731, -13.72973325, -13.24132141, -13.13189954, -13.0517137, -12.94754304, -12.47240227, -11.80515145, -11.73371878, -11.37690046, -11.33286502, -11.1678692, -10.25834395, -5.27167469, 2.32548769, 2.46747366, 2.72174002, 2.77386199, 3.05895579, 3.28406348, 3.34467801, 4.09841666, 4.93566704, 4.9680493, 5.9431509, 6.22650714, 6.3937302, 7.1993287, 7.37517656, 7.76443422, 8.54158911, 10.85960847, 16.30080028], "fractional occupation": [2.0, 2.0, 2.0, 2.0, 2.0, 2.0, 2.0, 2.0, 2.0, 2.0, 2.0, 2.0, 2.0, 2.0, 2.0, 2.0, 2.0, 2.0, 2.0, 2.0, 0.0, 0.0, 0.0, 0.0, 0.0, 0.0, 0.0, 0.0, 0.0, 0.0, 0.0, 0.0, 0.0, 0.0, 0.0, 0.0, 0.0, 0.0, 0.0, 0.0], "program call": "xtb /home/svss/Project-DBcg-Debug/aqme2_20220329/End-to-End-workflows-final/example-3/QDESCP/mol_1060_rdkit_conf_1/mol_1060_rdkit_conf_1.xyz --pop --wbo --acc 0.2 --gfn 2 --chrg 0 --uhf 0 --etemp 300 --input /home/svss/Project-DBcg-Debug/aqme2_20220329/End-to-End-workflows-final/example-3/QDESCP/mol_1060_rdkit_conf_1/mol_1060_rdkit_conf_1_xtb.inp", "method": "GFN2-xTB", "xtb version": "6.3.3 (7355c4f)", "Dipole module/D": 0.366, "Total charge": 0, "Transition dipole module/D": NaN, "HOMO": -10.2583, "LUMO": -5.2717, "HOMO occupancy": 2.0, "LUMO occupancy": 0, "mulliken charges": [-0.04727, -0.04337, -0.04097, -0.04695, -0.04696, -0.04097, -0.04335, 0.02243, 0.02243, 0.02455, 0.02364, 0.02656, 0.03256, 0.02517, 0.02517, 0.02656, 0.03257, 0.02364, 0.02455], "cm5 charges": [-0.15689, -0.15212, -0.14617, -0.10832, -0.10833, -0.14617, -0.1521, 0.07701, 0.07701, 0.08032, 0.07792, 0.08138, 0.08794, 0.08047, 0.08047, 0.08137, 0.08795, 0.07793, 0.08033], "FUKUI+": [0.023, 0.017, 0.027, -0.152, -0.152, 0.027, 0.017, -0.04, -0.04, -0.02, -0.055, -0.074, -0.086, -0.128, -0.128, -0.074, -0.086, -0.055, -0.02], "FUKUI-": [0.012, 0.012, 0.014, -0.058, -0.058, 0.014, 0.012, -0.064, -0.064, -0.062, -0.063, -0.089, -0.114, -0.082, -0.082, -0.089, -0.114, -0.063, -0.062], "FUKUIrad": [0.017, 0.014, 0.02, -0.105, -0.105, 0.02, 0.014, -0.052, -0.052, -0.041, -0.059, -0.081, -0.1, -0.105, -0.105, -0.081, -0.1, -0.059, -0.041], "s proportion": [1.029, 1.029, 1.024, 1.067, 1.067, 1.024, 1.029, 0.978, 0.978, 0.975, 0.976, 0.973, 0.967, 0.975, 0.975, 0.973, 0.967, 0.976, 0.975], "p proportion": [3.018, 3.014, 3.017, 2.98, 2.98, 3.017, 3.014, 0.0, 0.0, 0.0, 0.0, 0.0, 0.0, 0.0, 0.0, 0.0, 0.0, 0.0, 0.0], "d proportion": [0.0, 0.0, 0.0, 0.0, 0.0, 0.0, 0.0, 0.0, 0.0, 0.0, 0.0, 0.0, 0.0, 0.0, 0.0, 0.0, 0.0, 0.0, 0.0], "Fermi-level/eV": -7.765, "Coordination numbers": [3.799, 3.799, 3.802, 2.885, 2.885, 3.802, 3.799, 0.924, 0.924, 0.924, 0.924, 0.924, 0.924, 0.925, 0.925, 0.924, 0.924, 0.924, 0.924], "Dispersion coefficient C6": [21.51, 21.48, 21.475, 29.055, 29.056, 21.475, 21.48, 2.675, 2.675, 2.567, 2.672, 2.581, 2.448, 2.743, 2.743, 2.581, 2.448, 2.671, 2.567], "Total dispersion C6": 2837.794025, "Total dispersion C8": 62334.466887, "Polarizability alpha": [6.603, 6.599, 6.598, 8.837, 8.837, 6.598, 6.599, 2.558, 2.558, 2.505, 2.556, 2.513, 2.447, 2.59, 2.59, 2.513, 2.447, 2.556, 2.505], "Total polarizability alpha": 81.007646, "Wiberg matrix": [[0.0, 1.0070084286474177, 0.0, 0.0, 0.0, 0.0, 1.0070489668962515, 0.9791058196040822, 0.9791060434116716, 0.0, 0.0, 0.0, 0.0, 0.0, 0.0, 0.0, 0.0, 0.0, 0.0], [1.0070084286474177, 0.0, 1.0034297048244538, 0.0, 0.0, 0.0, 0.0, 0.0, 0.0, 0.9785379867488689, 0.9776770168250556, 0.0, 0.0, 0.0, 0.0, 0.0, 0.0, 0.0, 0.0], [0.0, 1.0034297048244538, 0.0, 1.0238217182914602, 0.0, 0.0, 0.0, 0.0, 0.0, 0.0, 0.0, 0.9715762002700461, 0.9574359682460583, 0.0, 0.0, 0.0, 0.0, 0.0, 0.0], [0.0, 0.0, 1.0238217182914602, 0.0, 1.9251373590866852, 0.0, 0.0, 0.0, 0.0, 0.0, 0.0, 0.0, 0.0, 0.9687022221876174, 0.0, 0.0, 0.0, 0.0, 0.0], [0.0, 0.0, 0.0, 1.9251373590866852, 0.0, 1.023802069837095, 0.0, 0.0, 0.0, 0.0, 0.0, 0.0, 0.0, 0.0, 0.9687064783386871, 0.0, 0.0, 0.0, 0.0], [0.0, 0.0, 0.0, 0.0, 1.023802069837095, 0.0, 1.0034242081653948, 0.0, 0.0, 0.0, 0.0, 0.0, 0.0, 0.0, 0.0, 0.9715814503550331, 0.9574442538106649, 0.0, 0.0], [1.0070489668962515, 0.0, 0.0, 0.0, 0.0, 1.0034242081653948, 0.0, 0.0, 0.0, 0.0, 0.0, 0.0, 0.0, 0.0, 0.0, 0.0, 0.0, 0.9776650748991403, 0.9785309555341927], [0.9791058196040822, 0.0, 0.0, 0.0, 0.0, 0.0, 0.0, 0.0, 0.0, 0.0, 0.0, 0.0, 0.0, 0.0, 0.0, 0.0, 0.0, 0.0, 0.0], [0.9791060434116716, 0.0, 0.0, 0.0, 0.0, 0.0, 0.0, 0.0, 0.0, 0.0, 0.0, 0.0, 0.0, 0.0, 0.0, 0.0, 0.0, 0.0, 0.0], [0.0, 0.9785379867488689, 0.0, 0.0, 0.0, 0.0, 0.0, 0.0, 0.0, 0.0, 0.0, 0.0, 0.0, 0.0, 0.0, 0.0, 0.0, 0.0, 0.0], [0.0, 0.9776770168250556, 0.0, 0.0, 0.0, 0.0, 0.0, 0.0, 0.0, 0.0, 0.0, 0.0, 0.0, 0.0, 0.0, 0.0, 0.0, 0.0, 0.0], [0.0, 0.0, 0.9715762002700461, 0.0, 0.0, 0.0, 0.0, 0.0, 0.0, 0.0, 0.0, 0.0, 0.0, 0.0, 0.0, 0.0, 0.0, 0.0, 0.0], [0.0, 0.0, 0.9574359682460583, 0.0, 0.0, 0.0, 0.0, 0.0, 0.0, 0.0, 0.0, 0.0, 0.0, 0.0, 0.0, 0.0, 0.0, 0.0, 0.0], [0.0, 0.0, 0.0, 0.9687022221876174, 0.0, 0.0, 0.0, 0.0, 0.0, 0.0, 0.0, 0.0, 0.0, 0.0, 0.0, 0.0, 0.0, 0.0, 0.0], [0.0, 0.0, 0.0, 0.0, 0.9687064783386871, 0.0, 0.0, 0.0, 0.0, 0.0, 0.0, 0.0, 0.0, 0.0, 0.0, 0.0, 0.0, 0.0, 0.0], [0.0, 0.0, 0.0, 0.0, 0.0, 0.9715814503550331, 0.0, 0.0, 0.0, 0.0, 0.0, 0.0, 0.0, 0.0, 0.0, 0.0, 0.0, 0.0, 0.0], [0.0, 0.0, 0.0, 0.0, 0.0, 0.9574442538106649, 0.0, 0.0, 0.0, 0.0, 0.0, 0.0, 0.0, 0.0, 0.0, 0.0, 0.0, 0.0, 0.0], [0.0, 0.0, 0.0, 0.0, 0.0, 0.0, 0.9776650748991403, 0.0, 0.0, 0.0, 0.0, 0.0, 0.0, 0.0, 0.0, 0.0, 0.0, 0.0, 0.0], [0.0, 0.0, 0.0, 0.0, 0.0, 0.0, 0.9785309555341927, 0.0, 0.0, 0.0, 0.0, 0.0, 0.0, 0.0, 0.0, 0.0, 0.0, 0.0, 0.0]], "Born radii": [], "Atomic SASAs": [], "Solvent H bonds": [], "Total SASA": NaN, "Total FOD": 0.0, "FOD": [0.0, 0.0, 0.0, 0.0, 0.0, 0.0, 0.0, 0.0, 0.0, 0.0, 0.0, 0.0, 0.0, 0.0, 0.0, 0.0, 0.0, 0.0, 0.0], "FOD s proportion": [0.0, 0.0, 0.0, 0.0, 0.0, 0.0, 0.0, 0.0, 0.0, 0.0, 0.0, 0.0, 0.0, 0.0, 0.0, 0.0, 0.0, 0.0, 0.0], "FOD p proportion": [0.0, 0.0, 0.0, 0.0, 0.0, 0.0, 0.0, 0.0, 0.0, 0.0, 0.0, 0.0, 0.0, 0.0, 0.0, 0.0, 0.0, 0.0, 0.0], "FOD d proportion": [0.0, 0.0, 0.0, 0.0, 0.0, 0.0, 0.0, 0.0, 0.0, 0.0, 0.0, 0.0, 0.0, 0.0, 0.0, 0.0, 0.0, 0.0, 0.0], "coordinates": [["-0.03940", "-1.53840", "0.30620"], ["1.14830", "-0.66670", "0.70490"], ["1.57710", "0.35160", "-0.34970"], ["0.69650", "1.56440", "-0.45750"], ["-0.61420", "1.65260", "-0.18280"], ["-1.55440", "0.53570", "0.17310"], ["-1.18650", "-0.82840", "-0.40730"], ["-0.42530", "-2.02320", "1.21190"], ["0.31340", "-2.35120", "-0.34120"], ["0.92330", "-0.15110", "1.64770"], ["1.99560", "-1.32920", "0.92290"], ["2.57660", "0.70780", "-0.06840"], ["1.68160", "-0.11930", "-1.33380"], ["1.21040", "2.47710", "-0.75830"], ["-1.07960", "2.63500", "-0.25930"], ["-2.53790", "0.80590", "-0.23290"], ["-1.67220", "0.48310", "1.26140"], ["-2.06750", "-1.48130", "-0.36350"], ["-0.94570", "-0.72460", "-1.47340"]], "bond_dist": [[0.0, 1.5262548509341423, 2.572037530830373, 3.279047779462813, 3.2790237937532565, 2.571931457096009, 1.526112925048471, 1.0973797610672433, 1.09737798410575, 2.15662116051939, 2.1366582623339654, 3.46831307698714, 2.7686252563321023, 4.338133301317515, 4.338095647862089, 3.468266649206776, 2.7685565065571622, 2.136573918683835, 2.156531077911932], [1.5262548509341423, 0.0, 1.5274113689507485, 2.5559937812913396, 3.0452536889395607, 3.0055222990355603, 2.591221096317333, 2.1385411405909402, 2.1514933116326436, 1.097879865923408, 1.0974276923788646, 2.1277415327055116, 2.1772352514140496, 3.4681823899558686, 4.098102358409316, 4.078736328815581, 3.096280436265423, 3.4851716399626573, 3.022115037519254], [2.572037530830373, 1.5274113689507485, 0.0, 1.5026513368043832, 2.5538700632569387, 3.180173721669934, 3.0055286922603153, 3.4767621949164136, 2.983645049264406, 2.1609647128076848, 2.1493584275313413, 1.0977287369837778, 1.0959561441955605, 2.1952615106178124, 3.5043034414844842, 4.141648914381807, 3.629171523915617, 4.079561497269038, 2.964022262062146], [3.279047779462813, 2.5559937812913396, 1.5026513368043832, 0.0, 1.3420781720898378, 2.5539050217265324, 3.045275173116545, 4.112931480100294, 3.936015073649998, 2.7251138563370154, 3.4592030772997417, 2.102364949289252, 2.1384969932174327, 1.089768388236693, 2.0832663799908064, 3.329731336008958, 3.120026697001165, 4.1139786691231155, 2.9947278090003437], [3.2790237937532565, 3.0452536889395607, 2.5538700632569387, 1.3420781720898378, 0.0, 1.5026997238304134, 2.5560298394189376, 3.9360356883544645, 4.112900042549053, 2.9946569402854815, 4.113971289399088, 3.329705548543294, 3.1201167045480847, 2.083306424892891, 1.0897518846049312, 2.1023873548896743, 2.138412469567085, 3.4591997036887014, 2.7251826452551766], [2.571931457096009, 3.0055222990355603, 3.180173721669934, 2.5539050217265324, 1.5026997238304134, 0.0, 1.527410678239484, 2.9836121497272394, 3.4766899401585984, 2.9639731257216217, 4.079528410245478, 4.141630314260316, 3.629251797547257, 3.5043771144099205, 2.1953280597669225, 1.0977778873706647, 1.0959199286444243, 2.1493022518947864, 2.1609798772778985], [1.526112925048471, 2.591221096317333, 3.0055286922603153, 3.045275173116545, 2.5560298394189376, 1.527410678239484, 0.0, 2.1514602297044676, 2.138454830011614, 3.0220880744941896, 3.485110197683855, 4.078686707752877, 3.0963240576528808, 4.098128946238759, 3.4682086399177314, 2.1278237262517776, 2.1772681116481727, 1.0974323897170157, 1.097874441819282], [1.0973797610672433, 2.1385411405909402, 3.4767621949164136, 4.112931480100294, 3.9360356883544645, 2.9836121497272394, 2.1514602297044676, 0.0, 1.7508230350323815, 2.3480634595342607, 2.534938620558691, 4.255459164414575, 3.813718829436696, 5.177827982851497, 4.928627108029172, 3.8150141035125937, 2.7997766964527724, 2.339307933983895, 3.0278728853767953], [1.09737798410575, 2.1514933116326436, 2.983645049264406, 3.936015073649998, 4.112900042549053, 3.4766899401585984, 2.138454830011614, 1.7508230350323815, 0.0, 3.0278938604250976, 2.3392797288909253, 3.814967244944575, 2.799750633538637, 4.928596382338485, 5.177774333630233, 4.255457788534625, 3.8136846500464614, 2.5349374962708646, 2.3479857772141637], [2.15662116051939, 1.097879865923408, 2.1609647128076848, 2.7251138563370154, 2.9946569402854815, 2.9639731257216217, 3.0220880744941896, 2.3480634595342607, 3.0278938604250976, 0.0, 1.7501662606735395, 2.5330040090769694, 3.076584531586935, 3.574730430396116, 3.9256350594521643, 4.053691009438189, 2.699640268628396, 3.8417759070513213, 3.6828424430051308], [2.1366582623339654, 1.0974276923788646, 2.1493584275313413, 3.4592030772997417, 4.113971289399088, 4.079528410245478, 3.485110197683855, 2.534938620558691, 2.3392797288909253, 1.7501662606735395, 0.0, 2.3387188137952797, 2.579757527365702, 4.234488418923825, 5.1545449382074455, 5.142679058623044, 4.105090788277404, 4.264591537298736, 3.8417496716990813], [3.46831307698714, 2.1277415327055116, 1.0977287369837778, 2.102364949289252, 3.329705548543294, 4.141630314260316, 4.078686707752877, 4.255459164414575, 3.814967244944575, 2.5330040090769694, 2.3387188137952797, 0.0, 1.7568029400020937, 2.3394202144976006, 4.137431702155336, 5.118085004178809, 4.457707882982016, 5.142655698177743, 4.053688696730424], [2.7686252563321023, 2.1772352514140496, 1.0959561441955605, 2.1384969932174327, 3.1201167045480847, 3.629251797547257, 3.0963240576528808, 3.813718829436696, 2.799750633538637, 3.076584531586935, 2.579757527365702, 1.7568029400020937, 0.0, 2.7008373979193934, 4.045360821978677, 4.4578196576353335, 4.283214124930016, 4.105152481942662, 2.6997373094432726], [4.338133301317515, 3.4681823899558686, 2.1952615106178124, 1.089768388236693, 2.083306424892891, 3.5043771144099205, 4.098128946238759, 5.177827982851497, 4.928596382338485, 3.574730430396116, 4.234488418923825, 2.3394202144976006, 2.7008373979193934, 0.0, 2.34904946946632, 4.137475980594933, 4.045319128325972, 5.154553909893658, 3.925686960265681], [4.338095647862089, 4.098102358409316, 3.5043034414844842, 2.0832663799908064, 1.0897518846049312, 2.1953280597669225, 3.4682086399177314, 4.928627108029172, 5.177774333630233, 3.9256350594521643, 5.1545449382074455, 4.137431702155336, 4.045360821978677, 2.34904946946632, 0.0, 2.339432123400891, 2.7008104080071966, 4.234469239467917, 3.574755960901387], [3.468266649206776, 4.078736328815581, 4.141648914381807, 3.329731336008958, 2.1023873548896743, 1.0977778873706647, 2.1278237262517776, 3.8150141035125937, 4.255457788534625, 4.053691009438189, 5.142679058623044, 5.118085004178809, 4.4578196576353335, 4.137475980594933, 2.339432123400891, 0.0, 1.7568633469908808, 2.3387210949576693, 2.53305573172009], [2.7685565065571622, 3.096280436265423, 3.629171523915617, 3.120026697001165, 2.138412469567085, 1.0959199286444243, 2.1772681116481727, 2.7997766964527724, 3.8136846500464614, 2.699640268628396, 4.105090788277404, 4.457707882982016, 4.283214124930016, 4.045319128325972, 2.7008104080071966, 1.7568633469908808, 0.0, 2.5798119039961036, 3.0766008158355547], [2.136573918683835, 3.4851716399626573, 4.079561497269038, 4.1139786691231155, 3.4591997036887014, 2.1493022518947864, 1.0974323897170157, 2.339307933983895, 2.5349374962708646, 3.8417759070513213, 4.264591537298736, 5.142655698177743, 4.105152481942662, 5.154553909893658, 4.234469239467917, 2.3387210949576693, 2.5798119039961036, 0.0, 1.7501166075436232], [2.156531077911932, 3.022115037519254, 2.964022262062146, 2.9947278090003437, 2.7251826452551766, 2.1609798772778985, 1.097874441819282, 3.0278728853767953, 2.3479857772141637, 3.6828424430051308, 3.8417496716990813, 4.053688696730424, 2.6997373094432726, 3.925686960265681, 3.574755960901387, 2.53305573172009, 3.0766008158355547, 1.7501166075436232, 0.0]]}