{"total energy": -27.22206264, "HOMO-LUMO gap/eV": 11.42857735, "electronic energy": -27.56325236, "dipole": [0.1315001, 0.6608209, -0.04029847], "partial charges": [-0.103292, -0.00670933, -0.1040816, -0.07566414, 0.15072395, -0.10904447, -0.11653448, -0.45177996, 0.03069133, 0.02760989, 0.04834967, 0.03129772, 0.03316192, 0.03178537, 0.02809147, 0.02837597, 0.03109119, 0.04745653, 0.05050038, 0.0365254, 0.02917916, 0.0457923, 0.03416895, 0.28230477], "atomic dipole moments": [[-0.01132402, 0.08390097, 0.06483194], [0.01417756, 0.04564368, -0.08786611], [-0.07883723, -0.05730588, -0.00698954], [-0.01944178, -0.09950232, 0.02085977], [-0.00105151, -0.0839828, -0.10943048], [0.02864172, 0.07007945, -0.08797873], [0.07452308, -0.06298361, 0.02090995], [0.03200609, 0.22216426, 0.05979313], [0.01333852, 0.03530883, -0.12103555], [0.1052446, -0.05938964, 0.0305887], [-0.08858662, -0.09248618, 0.00490519], [-0.01840723, -0.04588262, 0.11473661], [0.10015788, -0.06358999, 0.04351839], [0.03454735, 0.05190236, -0.10994958], [-0.01894451, 0.09345187, 0.08070848], [0.03032498, 0.05401476, -0.10668565], [-0.00886842, 0.09667709, 0.07656832], [-0.11521191, -0.05498369, -0.00721105], [0.07285461, -0.10426983, 0.02111947], [0.0011032, 0.0731796, 0.10562183], [0.01936612, 0.06095481, -0.10719858], [-0.11537559, -0.05289084, -0.02242261], [-0.01287338, 0.08717418, 0.09366191], [0.01906038, 0.04433778, -0.06091547]], "atomic quadrupole moments": [[-0.08178993, -0.05050848, 0.06045638, -0.02570445, 0.16502822, 0.02133355], [0.07624022, -0.01225571, 0.08249628, 0.04704412, 0.0911856, -0.1587365], [0.10573631, 0.14909157, 0.0187582, 0.01705511, 0.02369217, -0.12449451], [0.17363518, 0.00973077, -0.00968563, 0.09415418, -0.03563881, -0.16394955], [-0.15431651, -0.00098063, 0.05876781, -0.01071085, 0.17707553, 0.0955487], [-0.08404475, 0.03167394, -0.0421008, -0.05878236, -0.14146666, 0.12614555], [0.03980321, -0.16187486, 0.05676191, 0.03130182, -0.04295168, -0.09656512], [-0.10593333, 0.0068612, 0.0537062, -0.0130903, 0.10775453, 0.05222713], [-0.04987114, -0.00113958, -0.01201898, -0.00981355, -0.04437898, 0.06189011], [0.05043331, -0.04180874, -0.02238635, 0.04303408, -0.00415451, -0.02804696], [0.03534532, 0.0570749, 0.00125978, -0.0136228, 0.00315455, -0.0366051], [-0.01354659, 0.00881059, -0.00494329, -0.01603907, -0.01405759, 0.01848989], [0.02700348, -0.04653527, 0.01133431, 0.03098484, -0.02777758, -0.03833779], [-0.03530268, 0.01519582, -0.0308599, -0.01421533, -0.03860185, 0.06616259], [-0.02525519, -0.0153071, 0.02184889, -0.025338, 0.06197112, 0.0034063], [-0.00952856, 0.00091929, -0.04210994, -0.01396761, -0.0320804, 0.05163849], [-0.01047964, -0.01562311, 0.0019034, 0.0028258, 0.05603092, 0.00857625], [0.06828071, 0.03570887, -0.03320878, 0.02352204, -0.00517389, -0.03507194], [0.02749097, -0.06204707, 0.0147627, 0.0009378, -0.0132416, -0.04225366], [-0.05059536, 0.00966816, 0.01922055, 0.00293955, 0.06085828, 0.03137481], [-0.0227987, 0.01331149, -0.01994666, -0.03686651, -0.05480055, 0.04274536], [0.04597154, 0.05303949, 0.00192188, 0.00881188, -0.00158422, -0.04789342], [-0.04163831, -0.00892714, 0.00695156, 0.00353638, 0.06225016, 0.03468675], [-0.07962639, 0.02773629, -0.01308119, -0.04696328, -0.07217226, 0.09270758]], "number of molecular orbitals": 48, "number of electrons": 50, "number of unpaired electrons": 0, "orbital energies/eV": [-18.37745792, -17.121617, -16.82987597, -16.25438347, -16.07612112, -15.78507042, -15.45853358, -14.98165069, -14.45605927, -14.14836479, -13.9708033, -13.58676915, -13.3454502, -12.861682, -12.72548244, -12.69674441, -12.48812079, -12.43143925, -12.22201608, -12.17181816, -11.82409608, -11.76777469, -11.60854363, -11.3669122, -10.72532229, 0.70325506, 1.40535372, 2.08699906, 2.37661015, 2.89667347, 2.96396284, 3.65525402, 4.07118378, 4.38543143, 4.49753838, 5.09502058, 5.31731785, 5.67238195, 5.80626016, 5.94822626, 6.13788462, 6.23193686, 6.51699878, 6.89804567, 7.01577721, 7.41311825, 7.51893147, 8.2465397], "fractional occupation": [2.0, 2.0, 2.0, 2.0, 2.0, 2.0, 2.0, 2.0, 2.0, 2.0, 2.0, 2.0, 2.0, 2.0, 2.0, 2.0, 2.0, 2.0, 2.0, 2.0, 2.0, 2.0, 2.0, 2.0, 2.0, 0.0, 0.0, 0.0, 0.0, 0.0, 0.0, 0.0, 0.0, 0.0, 0.0, 0.0, 0.0, 0.0, 0.0, 0.0, 0.0, 0.0, 0.0, 0.0, 0.0, 0.0, 0.0, 0.0], "program call": "xtb /home/svss/Project-DBcg-Debug/aqme2_20220329/End-to-End-workflows-final/example-3/QDESCP/mol_874_rdkit_conf_1/mol_874_rdkit_conf_1.xyz --pop --wbo --acc 0.2 --gfn 2 --chrg 0 --uhf 0 --etemp 300 --input /home/svss/Project-DBcg-Debug/aqme2_20220329/End-to-End-workflows-final/example-3/QDESCP/mol_874_rdkit_conf_1/mol_874_rdkit_conf_1_xtb.inp", "method": "GFN2-xTB", "xtb version": "6.3.3 (7355c4f)", "Dipole module/D": 1.716, "Total charge": 0, "Transition dipole module/D": NaN, "HOMO": -10.7253, "LUMO": 0.7033, "HOMO occupancy": 2.0, "LUMO occupancy": 0, "mulliken charges": [-0.0892, 0.00618, -0.09165, -0.08374, 0.25248, -0.09709, -0.11384, -0.5672, 0.0235, 0.02484, 0.04008, 0.01853, 0.02974, 0.02648, 0.02623, 0.02524, 0.02648, 0.04127, 0.04336, 0.02508, 0.02791, 0.0417, 0.02929, 0.33433], "cm5 charges": [-0.23705, -0.06783, -0.24032, -0.18605, 0.24104, -0.24016, -0.25792, -0.77653, 0.07647, 0.07641, 0.09572, 0.07762, 0.08109, 0.07831, 0.0776, 0.0838, 0.08319, 0.09505, 0.09807, 0.07753, 0.08163, 0.09564, 0.08155, 0.50511], "FUKUI+": [0.024, -0.027, 0.015, -0.014, -0.052, 0.029, 0.023, -0.092, -0.031, -0.047, -0.019, -0.045, -0.069, -0.04, -0.039, -0.057, -0.084, -0.056, -0.047, -0.074, -0.051, -0.078, -0.072, -0.098], "FUKUI-": [0.018, -0.012, 0.01, -0.007, -0.021, 0.025, 0.003, -0.115, -0.047, -0.082, -0.057, -0.053, -0.07, -0.053, -0.052, -0.047, -0.058, -0.065, -0.052, -0.046, -0.048, -0.06, -0.059, -0.052], "FUKUIrad": [0.021, -0.019, 0.012, -0.011, -0.036, 0.027, 0.013, -0.104, -0.039, -0.064, -0.038, -0.049, -0.069, -0.047, -0.045, -0.052, -0.071, -0.06, -0.049, -0.06, -0.049, -0.069, -0.065, -0.075], "s proportion": [1.012, 1.051, 1.014, 1.05, 1.045, 1.015, 1.024, 1.701, 0.976, 0.975, 0.96, 0.981, 0.97, 0.974, 0.974, 0.975, 0.974, 0.959, 0.957, 0.975, 0.972, 0.958, 0.971, 0.666], "p proportion": [3.078, 2.943, 3.077, 3.034, 2.703, 3.082, 3.09, 4.866, 0.0, 0.0, 0.0, 0.0, 0.0, 0.0, 0.0, 0.0, 0.0, 0.0, 0.0, 0.0, 0.0, 0.0, 0.0, 0.0], "d proportion": [0.0, 0.0, 0.0, 0.0, 0.0, 0.0, 0.0, 0.0, 0.0, 0.0, 0.0, 0.0, 0.0, 0.0, 0.0, 0.0, 0.0, 0.0, 0.0, 0.0, 0.0, 0.0, 0.0, 0.0], "Fermi-level/eV": -5.011, "Coordination numbers": [3.752, 3.846, 3.753, 3.802, 3.77, 3.752, 3.753, 1.654, 0.924, 0.924, 0.924, 0.924, 0.924, 0.924, 0.924, 0.923, 0.923, 0.924, 0.924, 0.924, 0.924, 0.924, 0.924, 0.804], "Dispersion coefficient C6": [22.534, 20.665, 22.547, 21.945, 18.191, 22.645, 22.79, 21.881, 2.577, 2.621, 2.341, 2.568, 2.542, 2.561, 2.614, 2.61, 2.571, 2.352, 2.314, 2.496, 2.598, 2.373, 2.528, 0.777], "Total dispersion C6": 3809.777889, "Total dispersion C8": 79026.507079, "Polarizability alpha": [6.769, 6.466, 6.771, 6.669, 6.078, 6.786, 6.807, 6.315, 2.51, 2.532, 2.393, 2.506, 2.493, 2.503, 2.528, 2.526, 2.508, 2.398, 2.379, 2.471, 2.521, 2.409, 2.487, 1.385], "Total polarizability alpha": 91.210269, "Wiberg matrix": [[0.0, 1.0109613225590741, 0.0, 0.0, 0.0, 0.0, 0.0, 0.0, 0.9867862362875293, 0.9856658741482551, 0.9836392400699374, 0.0, 0.0, 0.0, 0.0, 0.0, 0.0, 0.0, 0.0, 0.0, 0.0, 0.0, 0.0, 0.0], [1.0109613225590741, 0.0, 1.0065273430779147, 0.9942239209866925, 0.0, 0.0, 0.0, 0.0, 0.0, 0.0, 0.0, 0.9678931636916157, 0.0, 0.0, 0.0, 0.0, 0.0, 0.0, 0.0, 0.0, 0.0, 0.0, 0.0, 0.0], [0.0, 1.0065273430779147, 0.0, 0.0, 0.0, 0.0, 0.0, 0.0, 0.0, 0.0, 0.0, 0.0, 0.9863287297774823, 0.9872074985614274, 0.986978530813433, 0.0, 0.0, 0.0, 0.0, 0.0, 0.0, 0.0, 0.0, 0.0], [0.0, 0.9942239209866925, 0.0, 0.0, 0.9757859473728518, 0.0, 0.0, 0.0, 0.0, 0.0, 0.0, 0.0, 0.0, 0.0, 0.0, 0.9732388025004707, 0.9746532884773167, 0.0, 0.0, 0.0, 0.0, 0.0, 0.0, 0.0], [0.0, 0.0, 0.0, 0.9757859473728518, 0.0, 0.997181568821084, 0.98908496347896, 0.9724106981538551, 0.0, 0.0, 0.0, 0.0, 0.0, 0.0, 0.0, 0.0, 0.0, 0.0, 0.0, 0.0, 0.0, 0.0, 0.0, 0.0], [0.0, 0.0, 0.0, 0.0, 0.997181568821084, 0.0, 0.0, 0.0, 0.0, 0.0, 0.0, 0.0, 0.0, 0.0, 0.0, 0.0, 0.0, 0.9838648208709743, 0.9817805352513804, 0.9860215221811696, 0.0, 0.0, 0.0, 0.0], [0.0, 0.0, 0.0, 0.0, 0.98908496347896, 0.0, 0.0, 0.0, 0.0, 0.0, 0.0, 0.0, 0.0, 0.0, 0.0, 0.0, 0.0, 0.0, 0.0, 0.0, 0.9847607538323131, 0.9845301538210027, 0.9859901556553494, 0.0], [0.0, 0.0, 0.0, 0.0, 0.9724106981538551, 0.0, 0.0, 0.0, 0.0, 0.0, 0.0, 0.0, 0.0, 0.0, 0.0, 0.0, 0.0, 0.0, 0.0, 0.0, 0.0, 0.0, 0.0, 0.9005348053750362], [0.9867862362875293, 0.0, 0.0, 0.0, 0.0, 0.0, 0.0, 0.0, 0.0, 0.0, 0.0, 0.0, 0.0, 0.0, 0.0, 0.0, 0.0, 0.0, 0.0, 0.0, 0.0, 0.0, 0.0, 0.0], [0.9856658741482551, 0.0, 0.0, 0.0, 0.0, 0.0, 0.0, 0.0, 0.0, 0.0, 0.0, 0.0, 0.0, 0.0, 0.0, 0.0, 0.0, 0.0, 0.0, 0.0, 0.0, 0.0, 0.0, 0.0], [0.9836392400699374, 0.0, 0.0, 0.0, 0.0, 0.0, 0.0, 0.0, 0.0, 0.0, 0.0, 0.0, 0.0, 0.0, 0.0, 0.0, 0.0, 0.0, 0.0, 0.0, 0.0, 0.0, 0.0, 0.0], [0.0, 0.9678931636916157, 0.0, 0.0, 0.0, 0.0, 0.0, 0.0, 0.0, 0.0, 0.0, 0.0, 0.0, 0.0, 0.0, 0.0, 0.0, 0.0, 0.0, 0.0, 0.0, 0.0, 0.0, 0.0], [0.0, 0.0, 0.9863287297774823, 0.0, 0.0, 0.0, 0.0, 0.0, 0.0, 0.0, 0.0, 0.0, 0.0, 0.0, 0.0, 0.0, 0.0, 0.0, 0.0, 0.0, 0.0, 0.0, 0.0, 0.0], [0.0, 0.0, 0.9872074985614274, 0.0, 0.0, 0.0, 0.0, 0.0, 0.0, 0.0, 0.0, 0.0, 0.0, 0.0, 0.0, 0.0, 0.0, 0.0, 0.0, 0.0, 0.0, 0.0, 0.0, 0.0], [0.0, 0.0, 0.986978530813433, 0.0, 0.0, 0.0, 0.0, 0.0, 0.0, 0.0, 0.0, 0.0, 0.0, 0.0, 0.0, 0.0, 0.0, 0.0, 0.0, 0.0, 0.0, 0.0, 0.0, 0.0], [0.0, 0.0, 0.0, 0.9732388025004707, 0.0, 0.0, 0.0, 0.0, 0.0, 0.0, 0.0, 0.0, 0.0, 0.0, 0.0, 0.0, 0.0, 0.0, 0.0, 0.0, 0.0, 0.0, 0.0, 0.0], [0.0, 0.0, 0.0, 0.9746532884773167, 0.0, 0.0, 0.0, 0.0, 0.0, 0.0, 0.0, 0.0, 0.0, 0.0, 0.0, 0.0, 0.0, 0.0, 0.0, 0.0, 0.0, 0.0, 0.0, 0.0], [0.0, 0.0, 0.0, 0.0, 0.0, 0.9838648208709743, 0.0, 0.0, 0.0, 0.0, 0.0, 0.0, 0.0, 0.0, 0.0, 0.0, 0.0, 0.0, 0.0, 0.0, 0.0, 0.0, 0.0, 0.0], [0.0, 0.0, 0.0, 0.0, 0.0, 0.9817805352513804, 0.0, 0.0, 0.0, 0.0, 0.0, 0.0, 0.0, 0.0, 0.0, 0.0, 0.0, 0.0, 0.0, 0.0, 0.0, 0.0, 0.0, 0.0], [0.0, 0.0, 0.0, 0.0, 0.0, 0.9860215221811696, 0.0, 0.0, 0.0, 0.0, 0.0, 0.0, 0.0, 0.0, 0.0, 0.0, 0.0, 0.0, 0.0, 0.0, 0.0, 0.0, 0.0, 0.0], [0.0, 0.0, 0.0, 0.0, 0.0, 0.0, 0.9847607538323131, 0.0, 0.0, 0.0, 0.0, 0.0, 0.0, 0.0, 0.0, 0.0, 0.0, 0.0, 0.0, 0.0, 0.0, 0.0, 0.0, 0.0], [0.0, 0.0, 0.0, 0.0, 0.0, 0.0, 0.9845301538210027, 0.0, 0.0, 0.0, 0.0, 0.0, 0.0, 0.0, 0.0, 0.0, 0.0, 0.0, 0.0, 0.0, 0.0, 0.0, 0.0, 0.0], [0.0, 0.0, 0.0, 0.0, 0.0, 0.0, 0.9859901556553494, 0.0, 0.0, 0.0, 0.0, 0.0, 0.0, 0.0, 0.0, 0.0, 0.0, 0.0, 0.0, 0.0, 0.0, 0.0, 0.0, 0.0], [0.0, 0.0, 0.0, 0.0, 0.0, 0.0, 0.0, 0.9005348053750362, 0.0, 0.0, 0.0, 0.0, 0.0, 0.0, 0.0, 0.0, 0.0, 0.0, 0.0, 0.0, 0.0, 0.0, 0.0, 0.0]], "Born radii": [], "Atomic SASAs": [], "Solvent H bonds": [], "Total SASA": NaN, "Total FOD": 0.0, "FOD": [0.0, 0.0, 0.0, 0.0, 0.0, 0.0, 0.0, 0.0, 0.0, 0.0, 0.0, 0.0, 0.0, 0.0, 0.0, 0.0, 0.0, 0.0, 0.0, 0.0, 0.0, 0.0, 0.0, 0.0], "FOD s proportion": [0.0, 0.0, 0.0, 0.0, 0.0, 0.0, 0.0, 0.0, 0.0, 0.0, 0.0, 0.0, 0.0, 0.0, 0.0, 0.0, 0.0, 0.0, 0.0, 0.0, 0.0, 0.0, 0.0, 0.0], "FOD p proportion": [0.0, 0.0, 0.0, 0.0, 0.0, 0.0, 0.0, 0.0, 0.0, 0.0, 0.0, 0.0, 0.0, 0.0, 0.0, 0.0, 0.0, 0.0, 0.0, 0.0, 0.0, 0.0, 0.0, 0.0], "FOD d proportion": [0.0, 0.0, 0.0, 0.0, 0.0, 0.0, 0.0, 0.0, 0.0, 0.0, 0.0, 0.0, 0.0, 0.0, 0.0, 0.0, 0.0, 0.0, 0.0, 0.0, 0.0, 0.0, 0.0, 0.0], "coordinates": [["1.61720", "-1.31940", "-0.56100"], ["1.30750", "-0.15360", "0.37750"], ["2.54610", "0.74240", "0.49880"], ["0.10160", "0.70080", "-0.07630"], ["-1.27230", "-0.00100", "-0.17940"], ["-1.64270", "-0.76320", "1.09300"], ["-2.35710", "1.03920", "-0.48760"], ["-1.26740", "-0.93590", "-1.25840"], ["1.72360", "-0.97940", "-1.59650"], ["2.55100", "-1.81420", "-0.27190"], ["0.83270", "-2.08020", "-0.52510"], ["1.10520", "-0.55880", "1.37600"], ["3.40490", "0.17220", "0.86890"], ["2.81910", "1.17660", "-0.46910"], ["2.36620", "1.56330", "1.20120"], ["0.34510", "1.13860", "-1.05440"], ["0.00530", "1.54120", "0.62490"], ["-2.64890", "-1.19070", "1.01010"], ["-0.97240", "-1.61240", "1.26200"], ["-1.61720", "-0.11320", "1.97350"], ["-2.13280", "1.57400", "-1.41770"], ["-3.33010", "0.55700", "-0.63650"], ["-2.45350", "1.77350", "0.31890"], ["-1.03110", "-0.45670", "-2.07090"]], "bond_dist": [[0.0, 1.5283278378672553, 2.497408755089963, 2.5716114578217293, 3.1989072149720132, 3.6975698032626783, 4.622060364166613, 2.9923830252826926, 1.0950713264440812, 1.0956223300024515, 1.0934101243357865, 2.1430411475284368, 2.7322803406678458, 2.771827054489511, 3.4606804432076648, 2.8113068082299377, 3.491076163591966, 4.548024638235813, 3.180441189520724, 4.282517022733243, 4.813335480724359, 5.291725096790271, 5.187567147517226, 3.168208040833177], [1.5283278378672553, 0.0, 1.5335121942782195, 1.5460040782611153, 2.6436324271728853, 3.096325636944538, 3.949742144748186, 3.149328834847197, 2.1798534010341153, 2.1738456637949257, 2.1798874649852915, 1.0964098594959824, 2.1786937279021115, 2.184284358777492, 2.178777866144229, 2.1555352490738815, 2.1515758503943103, 4.138702710995319, 2.847522028009617, 3.3320741663414397, 4.24770630929211, 4.800050220570614, 4.22637780729551, 3.399350251150946], [2.497408755089963, 1.5335121942782195, 0.0, 2.511583329296482, 3.9487690942874845, 4.490651449400188, 5.010234070380345, 4.521860787330809, 2.833969579935536, 2.670244569323192, 3.4570480948346667, 2.130444575669595, 1.0952805531004375, 1.0953944723249247, 1.095265529449366, 2.7228304537741606, 2.66639218608216, 5.566536472529395, 4.302022725416498, 4.498873007765389, 5.124122951296154, 5.987737944332567, 5.10798701838601, 4.564817492518184], [2.5716114578217293, 1.5460040782611153, 2.511583329296482, 0.0, 1.5462063445737118, 2.5599103460863626, 2.5157281132904643, 2.439325378050251, 2.786568513422916, 3.516112159758275, 2.9103074837549383, 2.1686356102397655, 3.476292837204599, 2.7866617537835485, 2.7394024275378017, 1.0989270676437086, 1.0987389544382233, 3.510454024766597, 2.880176579656185, 2.7961669263475666, 2.748522432144224, 3.4800958851732804, 2.799179226130403, 2.5692887537215428], [3.1989072149720132, 2.6436324271728853, 3.9487690942874845, 1.5462063445737118, 0.0, 1.5287729589445256, 1.5342080432588012, 1.4276915002898911, 3.455554337584637, 4.232478396873397, 2.978859870823064, 2.8953266223346894, 4.796366434083201, 4.267343647985243, 4.194254772900664, 2.1633991587314627, 2.1581337053111422, 2.173781014729865, 2.1827010629034844, 2.183236876749749, 2.180475209673341, 2.1805607650327015, 2.1891520230445396, 1.9605132440256556], [3.6975698032626783, 3.096325636944538, 4.490651449400188, 2.5599103460863626, 1.5287729589445256, 0.0, 2.5014614688217764, 2.387416457177088, 4.314177601814741, 4.533726138619314, 3.2373355973701585, 2.7699860595317083, 5.1384296949554535, 5.109857110526673, 4.636333540633159, 3.4899167382618175, 2.871459728082565, 1.096388206795385, 1.0949902876281599, 1.094728505155502, 3.4650131803501125, 2.7534373154295704, 2.77335074233318, 3.237014059283648], [4.622060364166613, 3.949742144748186, 5.010234070380345, 2.5157281132904643, 1.5342080432588012, 2.5014614688217764, 0.0, 2.383820198756609, 4.685778234189066, 5.681361074601754, 4.4617134208731954, 4.244305626365755, 5.98267709725337, 5.178056339013703, 5.043440208825718, 2.7627934124722393, 2.659058857942035, 2.7019819651507664, 3.4654692048840947, 2.8164678198055095, 1.0960873779037874, 1.096091716052995, 1.0949573964314776, 2.550065038386276], [2.9923830252826926, 3.149328834847197, 4.521860787330809, 2.439325378050251, 1.4276915002898911, 2.387416457177088, 2.383820198756609, 0.0, 3.0103629116769293, 4.040392518060591, 2.5015138196700013, 3.5653188539035328, 5.252016583180217, 4.667454658590697, 5.049621942284393, 2.635397977535841, 3.361935244766026, 2.6682499020893826, 2.6262317890848856, 3.3532630287527403, 2.659678864073631, 2.621114516765721, 3.3519482185737894, 0.9724333293342018], [1.0950713264440812, 2.1798534010341153, 2.833969579935536, 2.786568513422916, 3.455554337584637, 4.314177601814741, 4.685778234189066, 3.0103629116769293, 0.0, 1.7708887486231315, 1.7757706524210835, 3.0651393394102007, 3.1986167963668297, 2.6682366855284783, 3.834759880357569, 2.5845809447568096, 3.7736715821597406, 5.094876593206159, 3.9799657347771227, 4.9654956530038366, 4.62856802477829, 5.368613289295477, 5.35680688283608, 2.843702294544912], [1.0956223300024515, 2.1738456637949257, 2.670244569323192, 3.516112159758275, 4.232478396873397, 4.533726138619314, 5.681361074601754, 4.040392518060591, 1.7708887486231315, 0.0, 1.757105896068874, 2.5262504250370745, 2.4446584239930127, 3.0092607215061973, 3.6894011573695806, 3.7679343014442277, 4.30622199729647, 5.391774871042002, 3.848106028944629, 5.030816375102555, 5.893279165286504, 6.351602932331334, 6.185924036067692, 4.232097312208215], [1.0934101243357865, 2.1798874649852915, 3.4570480948346667, 2.9103074837549383, 2.978859870823064, 3.2373355973701585, 4.4617134208731954, 2.5015138196700013, 1.7757706524210835, 1.757105896068874, 0.0, 2.4501215112724513, 3.6922560312091037, 3.8151890123557446, 4.313563050425947, 3.2982701056766106, 3.8886538441985294, 3.9076320003296114, 2.5828180849606888, 4.014237283719038, 4.790000276617946, 4.929111242404659, 5.134437664438044, 2.915304500390997], [2.1430411475284368, 1.0964098594959824, 2.130444575669595, 2.1686356102397655, 2.8953266223346894, 2.7699860595317083, 4.244305626365755, 3.5653188539035328, 3.0651393394102007, 2.5262504250370745, 2.4501215112724513, 0.0, 2.46579226618951, 3.0583427505758736, 2.4746685535642947, 3.0603533995275773, 2.4867511375286426, 3.824453847283295, 2.332271579383499, 2.8225923138136686, 4.778937071148771, 4.996704111712039, 4.384225061513152, 4.056515957074494], [2.7322803406678458, 2.1786937279021115, 1.0952805531004375, 3.476292837204599, 4.796366434083201, 5.1384296949554535, 5.98267709725337, 5.252016583180217, 3.1986167963668297, 2.4446584239930127, 3.6922560312091037, 2.46579226618951, 0.0, 1.772632223559078, 1.7676199223815057, 3.7410410168828676, 3.6730065559429645, 6.206925832487448, 4.743424929310044, 5.1500565754174, 6.153023979312937, 6.911911833928438, 6.098156463227227, 5.358734482132885], [2.771827054489511, 2.184284358777492, 1.0953944723249247, 2.7866617537835485, 4.267343647985243, 5.109857110526673, 5.178056339013703, 4.667454658590697, 2.6682366855284783, 3.0092607215061973, 3.8151890123557446, 3.0583427505758736, 1.772632223559078, 0.0, 1.7732899903851036, 2.5425766635442875, 3.040927424323047, 6.1393131480646925, 5.015047403564597, 5.225957949505526, 5.0575767250729875, 6.182603623070139, 5.364470558219144, 4.4785569294137595], [3.4606804432076648, 2.178777866144229, 1.095265529449366, 2.7394024275378017, 4.194254772900664, 4.636333540633159, 5.043440208825718, 5.049621942284393, 3.834759880357569, 3.6894011573695806, 4.313563050425947, 2.4746685535642947, 1.7676199223815057, 1.7732899903851036, 0.0, 3.058258762760274, 2.4303207422066744, 5.724706387230703, 4.608146817322556, 4.390281892999583, 5.205742281365839, 6.06939986077701, 4.9042986674956905, 5.131148575124287], [2.8113068082299377, 2.1555352490738815, 2.7228304537741606, 1.0989270676437086, 2.1633991587314627, 3.4899167382618175, 2.7627934124722393, 2.635397977535841, 2.5845809447568096, 3.7679343014442277, 3.2982701056766106, 3.0603533995275773, 3.7410410168828676, 2.5425766635442875, 3.058258762760274, 0.0, 1.759999798295443, 4.318776995863528, 3.830080444324897, 3.81913641285566, 2.5419576038950766, 3.7443282454934423, 3.1813853680432995, 2.339269283344694], [3.491076163591966, 2.1515758503943103, 2.66639218608216, 1.0987389544382233, 2.1581337053111422, 2.871459728082565, 2.659058857942035, 3.361935244766026, 3.7736715821597406, 4.30622199729647, 3.8886538441985294, 2.4867511375286426, 3.6730065559429645, 3.040927424323047, 2.4303207422066744, 1.759999798295443, 0.0, 3.828372276829932, 3.3625863052121057, 2.681094472412339, 2.957154410916008, 3.6992800326550026, 2.4886335065654004, 3.5118466666413557], [4.548024638235813, 4.138702710995319, 5.566536472529395, 3.510454024766597, 2.173781014729865, 1.096388206795385, 2.7019819651507664, 2.6682499020893826, 5.094876593206159, 5.391774871042002, 3.9076320003296114, 3.824453847283295, 6.206925832487448, 6.1393131480646925, 5.724706387230703, 4.318776995863528, 3.828372276829932, 0.0, 1.7469793215719525, 1.775823949607618, 3.715392057374296, 2.4959527820053005, 3.0499869245621367, 3.556486164741823], [3.180441189520724, 2.847522028009617, 4.302022725416498, 2.880176579656185, 2.1827010629034844, 1.0949902876281599, 3.4654692048840947, 2.6262317890848856, 3.9799657347771227, 3.848106028944629, 2.5828180849606888, 2.332271579383499, 4.743424929310044, 5.015047403564597, 4.608146817322556, 3.830080444324897, 3.3625863052121057, 1.7469793215719525, 0.0, 1.780337027082232, 4.3220903750384485, 3.7241573409296227, 3.8141071864854563, 3.5280746293127074], [4.282517022733243, 3.3320741663414397, 4.498873007765389, 2.7961669263475666, 2.183236876749749, 1.094728505155502, 2.8164678198055095, 3.3532630287527403, 4.9654956530038366, 5.030816375102555, 4.014237283719038, 2.8225923138136686, 5.1500565754174, 5.225957949505526, 4.390281892999583, 3.81913641285566, 2.681094472412339, 1.775823949607618, 1.780337027082232, 0.0, 3.8226593675084364, 3.1930071171232925, 2.6451343519753396, 4.101058012269516], [4.813335480724359, 4.24770630929211, 5.124122951296154, 2.748522432144224, 2.180475209673341, 3.4650131803501125, 1.0960873779037874, 2.659678864073631, 4.62856802477829, 5.893279165286504, 4.790000276617946, 4.778937071148771, 6.153023979312937, 5.0575767250729875, 5.205742281365839, 2.5419576038950766, 2.957154410916008, 3.715392057374296, 4.3220903750384485, 3.8226593675084364, 0.0, 1.754448554389669, 1.7771967533168633, 2.4008655980708293], [5.291725096790271, 4.800050220570614, 5.987737944332567, 3.4800958851732804, 2.1805607650327015, 2.7534373154295704, 1.096091716052995, 2.621114516765721, 5.368613289295477, 6.351602932331334, 4.929111242404659, 4.996704111712039, 6.911911833928438, 6.182603623070139, 6.06939986077701, 3.7443282454934423, 3.6992800326550026, 2.4959527820053005, 3.7241573409296227, 3.1930071171232925, 1.754448554389669, 0.0, 1.777945153822243, 2.893180265728356], [5.187567147517226, 4.22637780729551, 5.10798701838601, 2.799179226130403, 2.1891520230445396, 2.77335074233318, 1.0949573964314776, 3.3519482185737894, 5.35680688283608, 6.185924036067692, 5.134437664438044, 4.384225061513152, 6.098156463227227, 5.364470558219144, 4.9042986674956905, 3.1813853680432995, 2.4886335065654004, 3.0499869245621367, 3.8141071864854563, 2.6451343519753396, 1.7771967533168633, 1.777945153822243, 0.0, 3.564850325048725], [3.168208040833177, 3.399350251150946, 4.564817492518184, 2.5692887537215428, 1.9605132440256556, 3.237014059283648, 2.550065038386276, 0.9724333293342018, 2.843702294544912, 4.232097312208215, 2.915304500390997, 4.056515957074494, 5.358734482132885, 4.4785569294137595, 5.131148575124287, 2.339269283344694, 3.5118466666413557, 3.556486164741823, 3.5280746293127074, 4.101058012269516, 2.4008655980708293, 2.893180265728356, 3.564850325048725, 0.0]]}