{"total energy": -23.94556412, "HOMO-LUMO gap/eV": 4.73889775, "electronic energy": -24.20173885, "dipole": [-0.11270952, -0.09102602, -0.87344722], "partial charges": [-0.10391895, -0.04413608, -0.08735678, 0.35054781, -0.40544642, -0.26289894, 0.03340562, 0.04037984, 0.03918359, 0.04046603, 0.04228034, 0.04158006, 0.06170438, 0.06555786, 0.06426572, 0.06235093, 0.06203499], "atomic dipole moments": [[0.11179954, -0.02210749, 0.02572331], [-0.02227148, 0.13068699, 0.00417824], [0.05159802, -0.11637426, 0.00212186], [0.11879152, -0.03424054, -0.11158991], [-0.06417063, 0.01016019, -0.16613343], [0.11216908, -0.02058139, 0.20004879], [-0.25421206, 0.05941017, -0.02742221], [-0.05956659, 0.05932241, 0.09496272], [-0.01092124, 0.07091373, -0.10409436], [-0.06175071, -0.10791034, -0.02148964], [0.00407615, -0.07810231, 0.09875856], [0.05036529, -0.06668146, -0.09339697], [-0.00114541, 0.08421281, -0.09818403], [-0.04790124, 0.069954, 0.09513221], [0.05953063, -0.01755365, -0.10971133], [0.056969, 0.10201802, 0.05863296], [0.00610004, -0.11274862, 0.06541446]], "atomic quadrupole moments": [[0.21917252, -0.06122608, -0.10195299, 0.08383139, -0.01347123, -0.11721953], [0.16526362, 0.09598592, 0.04599602, 0.10494225, 0.04593066, -0.21125963], [0.18339313, 0.05291544, -0.01429116, 0.10982985, 0.03086599, -0.16910197], [-0.19581596, 0.15582946, 0.45783827, -0.1620247, 0.01561117, -0.26202232], [-0.09630915, 0.07254357, 0.19495414, 0.00246863, -0.01092843, -0.09864499], [0.0861311, -0.03911461, -0.06499729, 0.014735, -0.0016258, -0.02113381], [0.48569387, -0.18334025, -0.26038588, 0.09587317, -0.02040275, -0.22530799], [-0.01664746, -0.02709021, -0.0215738, -0.02805442, 0.04778451, 0.03822126], [-0.02804126, -0.00164807, -0.00861669, -0.00494739, -0.0620642, 0.03665795], [-0.00895089, 0.04153142, 0.05847053, 0.01343223, 0.0167127, -0.04951964], [-0.01902681, 0.00696326, -0.01518201, 0.00641965, -0.03694338, 0.03420882], [-0.00165939, -0.00763851, -0.0235961, -0.0275789, 0.03114525, 0.02525549], [-0.03191665, 0.0011019, -0.0140917, -0.0002735, -0.03844075, 0.04600835], [-0.00728771, -0.01404814, -0.02142491, -0.03603597, 0.03171778, 0.02871262], [-0.01028214, -0.01204384, -0.05284633, -0.03873176, 0.01290843, 0.06312847], [0.00205158, 0.01414771, 0.02183057, 0.02267369, 0.04548399, -0.02388216], [-0.00551075, -0.00178627, 0.02295289, 7.562e-05, -0.05390751, -0.01744214]], "number of molecular orbitals": 38, "number of electrons": 42, "number of unpaired electrons": 0, "orbital energies/eV": [-20.16240274, -19.36675879, -18.34091631, -17.31304093, -16.68634121, -16.55911516, -15.99731089, -15.52376065, -15.30897216, -15.17234325, -14.16965233, -14.04571077, -13.87845224, -13.3135209, -13.12942643, -12.79827352, -12.73442675, -12.26934734, -12.2575182, -11.85924598, -11.27347308, -6.53457533, 0.26975986, 2.60426036, 2.99717953, 3.05028269, 3.43424628, 3.73976963, 3.90201552, 4.3781608, 4.95367427, 5.32184587, 5.42891346, 6.07393983, 6.53482572, 6.75403695, 7.76046494, 16.02785803], "fractional occupation": [2.0, 2.0, 2.0, 2.0, 2.0, 2.0, 2.0, 2.0, 2.0, 2.0, 2.0, 2.0, 2.0, 2.0, 2.0, 2.0, 2.0, 2.0, 2.0, 2.0, 2.0, 0.0, 0.0, 0.0, 0.0, 0.0, 0.0, 0.0, 0.0, 0.0, 0.0, 0.0, 0.0, 0.0, 0.0, 0.0, 0.0, 0.0], "program call": "xtb /home/svss/Project-DBcg-Debug/aqme2_20220329/End-to-End-workflows-final/example-3/QDESCP/mol_378_rdkit_conf_4/mol_378_rdkit_conf_4.xyz --pop --wbo --acc 0.2 --gfn 2 --chrg 0 --uhf 0 --etemp 300 --input /home/svss/Project-DBcg-Debug/aqme2_20220329/End-to-End-workflows-final/example-3/QDESCP/mol_378_rdkit_conf_4/mol_378_rdkit_conf_4_xtb.inp", "method": "GFN2-xTB", "xtb version": "6.3.3 (7355c4f)", "Dipole module/D": 2.25, "Total charge": 0, "Transition dipole module/D": NaN, "HOMO": -11.2735, "LUMO": -6.5346, "HOMO occupancy": 2.0, "LUMO occupancy": 0, "mulliken charges": [-0.08451, -0.02724, -0.07786, 0.57396, -0.5298, -0.41667, 0.17512, 0.03132, 0.02997, 0.03398, 0.03557, 0.03261, 0.04894, 0.051, 0.0359, 0.04414, 0.04357], "cm5 charges": [-0.23463, -0.13727, -0.17643, 0.62302, -0.57803, -0.50411, 0.05546, 0.08263, 0.08131, 0.08478, 0.09137, 0.08918, 0.10811, 0.10956, 0.09495, 0.10534, 0.10477], "FUKUI+": [0.019, -0.001, 0.022, -0.183, -0.279, -0.128, 0.047, -0.029, -0.029, -0.045, -0.028, -0.032, -0.087, -0.074, -0.076, -0.049, -0.048], "FUKUI-": [0.017, 0.005, -0.004, -0.014, -0.167, -0.079, 0.026, -0.093, -0.09, -0.081, -0.101, -0.094, -0.086, -0.066, -0.066, -0.058, -0.049], "FUKUIrad": [0.018, 0.002, 0.009, -0.099, -0.223, -0.103, 0.036, -0.061, -0.06, -0.063, -0.065, -0.063, -0.086, -0.07, -0.071, -0.054, -0.049], "s proportion": [1.009, 1.026, 1.039, 0.989, 1.731, 1.698, 0.973, 0.969, 0.97, 0.966, 0.964, 0.967, 0.951, 0.949, 0.964, 0.956, 0.956], "p proportion": [3.076, 3.001, 3.039, 2.437, 4.799, 4.719, 2.852, 0.0, 0.0, 0.0, 0.0, 0.0, 0.0, 0.0, 0.0, 0.0, 0.0], "d proportion": [0.0, 0.0, 0.0, 0.0, 0.0, 0.0, 0.0, 0.0, 0.0, 0.0, 0.0, 0.0, 0.0, 0.0, 0.0, 0.0, 0.0], "Fermi-level/eV": -8.904, "Coordination numbers": [3.75, 3.803, 3.804, 2.725, 0.856, 1.703, 3.656, 0.924, 0.924, 0.924, 0.924, 0.924, 0.924, 0.924, 0.924, 0.924, 0.924], "Dispersion coefficient C6": [22.548, 21.363, 22.163, 21.047, 21.791, 18.358, 20.303, 2.444, 2.46, 2.443, 2.419, 2.428, 2.179, 2.135, 2.15, 2.172, 2.175], "Total dispersion C6": 2223.970548, "Total dispersion C8": 47096.511894, "Polarizability alpha": [6.772, 6.58, 6.702, 7.511, 6.259, 5.785, 6.468, 2.445, 2.453, 2.444, 2.432, 2.437, 2.309, 2.285, 2.293, 2.305, 2.307], "Total polarizability alpha": 69.785297, "Wiberg matrix": [[0.0, 1.0182835639596861, 0.0, 0.0, 0.0, 0.0, 0.0, 0.9870163240559584, 0.9871354111897928, 0.9856561346982671, 0.0, 0.0, 0.0, 0.0, 0.0, 0.0, 0.0], [1.0182835639596861, 0.0, 0.9840647525792897, 0.0, 0.0, 0.0, 0.0, 0.0, 0.0, 0.0, 0.9769592439241952, 0.9768739440214553, 0.0, 0.0, 0.0, 0.0, 0.0], [0.0, 0.9840647525792897, 0.0, 0.9779261093594142, 0.0, 0.0, 0.0, 0.0, 0.0, 0.0, 0.0, 0.0, 0.965147677313599, 0.9693777081559634, 0.0, 0.0, 0.0], [0.0, 0.0, 0.9779261093594142, 0.0, 1.7608887959043307, 1.118226037089935, 0.0, 0.0, 0.0, 0.0, 0.0, 0.0, 0.0, 0.0, 0.0, 0.0, 0.0], [0.0, 0.0, 0.0, 1.7608887959043307, 0.0, 0.17107690927070704, 0.0, 0.0, 0.0, 0.0, 0.0, 0.0, 0.0, 0.0, 0.0, 0.0, 0.0], [0.0, 0.0, 0.0, 1.118226037089935, 0.17107690927070704, 0.0, 0.9607434206887784, 0.0, 0.0, 0.0, 0.0, 0.0, 0.0, 0.0, 0.0, 0.0, 0.0], [0.0, 0.0, 0.0, 0.0, 0.0, 0.9607434206887784, 0.0, 0.0, 0.0, 0.0, 0.0, 0.0, 0.0, 0.0, 0.9819339720290531, 0.9779725264287802, 0.9781757117036854], [0.9870163240559584, 0.0, 0.0, 0.0, 0.0, 0.0, 0.0, 0.0, 0.0, 0.0, 0.0, 0.0, 0.0, 0.0, 0.0, 0.0, 0.0], [0.9871354111897928, 0.0, 0.0, 0.0, 0.0, 0.0, 0.0, 0.0, 0.0, 0.0, 0.0, 0.0, 0.0, 0.0, 0.0, 0.0, 0.0], [0.9856561346982671, 0.0, 0.0, 0.0, 0.0, 0.0, 0.0, 0.0, 0.0, 0.0, 0.0, 0.0, 0.0, 0.0, 0.0, 0.0, 0.0], [0.0, 0.9769592439241952, 0.0, 0.0, 0.0, 0.0, 0.0, 0.0, 0.0, 0.0, 0.0, 0.0, 0.0, 0.0, 0.0, 0.0, 0.0], [0.0, 0.9768739440214553, 0.0, 0.0, 0.0, 0.0, 0.0, 0.0, 0.0, 0.0, 0.0, 0.0, 0.0, 0.0, 0.0, 0.0, 0.0], [0.0, 0.0, 0.965147677313599, 0.0, 0.0, 0.0, 0.0, 0.0, 0.0, 0.0, 0.0, 0.0, 0.0, 0.0, 0.0, 0.0, 0.0], [0.0, 0.0, 0.9693777081559634, 0.0, 0.0, 0.0, 0.0, 0.0, 0.0, 0.0, 0.0, 0.0, 0.0, 0.0, 0.0, 0.0, 0.0], [0.0, 0.0, 0.0, 0.0, 0.0, 0.0, 0.9819339720290531, 0.0, 0.0, 0.0, 0.0, 0.0, 0.0, 0.0, 0.0, 0.0, 0.0], [0.0, 0.0, 0.0, 0.0, 0.0, 0.0, 0.9779725264287802, 0.0, 0.0, 0.0, 0.0, 0.0, 0.0, 0.0, 0.0, 0.0, 0.0], [0.0, 0.0, 0.0, 0.0, 0.0, 0.0, 0.9781757117036854, 0.0, 0.0, 0.0, 0.0, 0.0, 0.0, 0.0, 0.0, 0.0, 0.0]], "Born radii": [], "Atomic SASAs": [], "Solvent H bonds": [], "Total SASA": NaN, "Total FOD": 0.0, "FOD": [0.0, 0.0, 0.0, 0.0, 0.0, 0.0, 0.0, 0.0, 0.0, 0.0, 0.0, 0.0, 0.0, 0.0, 0.0, 0.0, 0.0], "FOD s proportion": [0.0, 0.0, 0.0, 0.0, 0.0, 0.0, 0.0, 0.0, 0.0, 0.0, 0.0, 0.0, 0.0, 0.0, 0.0, 0.0, 0.0], "FOD p proportion": [0.0, 0.0, 0.0, 0.0, 0.0, 0.0, 0.0, 0.0, 0.0, 0.0, 0.0, 0.0, 0.0, 0.0, 0.0, 0.0, 0.0], "FOD d proportion": [0.0, 0.0, 0.0, 0.0, 0.0, 0.0, 0.0, 0.0, 0.0, 0.0, 0.0, 0.0, 0.0, 0.0, 0.0, 0.0, 0.0], "coordinates": [["-2.72040", "-0.26900", "-0.27880"], ["-1.26680", "-0.55490", "0.05920"], ["-0.49220", "0.72910", "0.32410"], ["0.93720", "0.42280", "0.68740"], ["1.35610", "0.35970", "1.83510"], ["1.67710", "0.20890", "-0.43530"], ["3.04590", "-0.10450", "-0.17580"], ["-3.21990", "0.25080", "0.54510"], ["-2.79940", "0.35290", "-1.17620"], ["-3.25740", "-1.20430", "-0.46530"], ["-1.21930", "-1.20770", "0.93910"], ["-0.80490", "-1.10870", "-0.76680"], ["-0.50520", "1.39430", "-0.54710"], ["-0.93870", "1.29140", "1.15250"], ["3.54730", "-0.25340", "-1.13600"], ["3.53660", "0.72280", "0.34650"], ["3.12400", "-1.03030", "0.40290"]], "bond_dist": [[0.0, 1.5195182690576645, 2.514869233180922, 3.8457986738777685, 4.634834317427107, 4.426159385968834, 5.769565403043804, 1.0947618462478494, 1.0946814011391623, 1.0945032389170897, 2.148892577585022, 2.1476453012543764, 2.7831030918742483, 2.7672952029012015, 6.326065008360252, 6.365902632777225, 5.933068678179953], [1.5195182690576645, 0.0, 1.5227715422872858, 2.4916156465233557, 3.2969559263053547, 3.0813094456740306, 4.342518445556679, 2.1679139535507397, 2.1677584644051096, 2.158543251825175, 1.0966440169900167, 1.096504468755144, 2.17876453294063, 2.1706630761129193, 4.969402791080634, 4.9787257546484724, 4.429814836988111], [2.514869233180922, 1.5227715422872858, 0.0, 1.5063170117873594, 2.4157380342247374, 2.3565141395714138, 3.669188000089393, 2.7781215200203175, 2.7776965943025527, 3.4651867135841323, 2.1582617195326423, 2.1599428094280646, 1.0961977376367824, 1.0962618756483327, 4.40621816414031, 4.028867196868123, 4.022263074439563], [3.8457986738777685, 2.4916156465233557, 1.5063170117873594, 0.0, 1.2233863290065, 1.3614920161352397, 2.3387550577176737, 4.16308944174876, 4.176131047991669, 4.644441932030156, 2.7152118499299465, 2.7377184479051166, 2.132679127295056, 2.118911225134267, 3.254943319014941, 2.63876735806702, 2.6409343233030236], [4.634834317427107, 3.2969559263053547, 2.4157380342247374, 1.2233863290065, 0.0, 2.2979333758836438, 2.6673253438603997, 4.75560040478592, 5.131876282608536, 5.387236620940276, 3.1451937809934702, 3.687275846746484, 3.1952639468438284, 2.5690688371470314, 3.742283294995182, 2.665023793514797, 2.666227156489109], [4.426159385968834, 3.0813094456740306, 2.3565141395714138, 1.3614920161352397, 2.2979333758836438, 0.0, 1.4279962359894371, 4.994351686655636, 4.539682925051044, 5.132964493350797, 3.5049770156165074, 2.8295381266206685, 2.4859818362168298, 3.2458164966615106, 2.0499633704044564, 2.0815966708274685, 2.081277369790005], [5.769565403043804, 4.342518445556679, 3.669188000089393, 2.3387550577176737, 2.6673253438603997, 1.4279962359894371, 0.0, 6.31713420310191, 5.947902740462389, 6.40507308155028, 4.544445322588886, 4.0232274705763285, 3.872283091407445, 4.426054095918847, 1.0934153876729555, 1.0945360067170016, 1.094577059872899], [1.0947618462478494, 2.1679139535507397, 2.7781215200203175, 4.16308944174876, 4.75560040478592, 4.994351686655636, 6.31713420310191, 0.0, 1.7748572759520693, 1.7719002285681889, 2.506962028033133, 3.066194198024646, 3.1416698076023204, 2.579855918457463, 6.991087947522903, 6.7758776708261195, 6.473523403835039], [1.0946814011391623, 2.1677584644051096, 2.7776965943025527, 4.176131047991669, 5.131876282608536, 4.539682925051044, 5.947902740462389, 1.7748572759520693, 0.0, 1.7720086483987598, 3.067031538800995, 2.5063745071317656, 2.596850864027428, 3.125032868627145, 6.375720870615338, 6.526893388128842, 6.284382754893277], [1.0945032389170897, 2.158543251825175, 3.4651867135841323, 4.644441932030156, 5.387236620940276, 5.132964493350797, 6.40507308155028, 1.7719002285681889, 1.7720086483987598, 0.0, 2.4751166699773974, 2.472811731612417, 3.7860293237110567, 3.7712285823057723, 6.903476761024115, 7.108527952396334, 6.442539344078544], [2.148892577585022, 1.0966440169900167, 2.1582617195326423, 2.7152118499299465, 3.1451937809934702, 3.5049770156165074, 4.544445322588886, 2.506962028033133, 3.067031538800995, 2.4751166699773974, 0.0, 1.7583012170842631, 3.0804436774594666, 2.523841661039773, 5.285565632928987, 5.166874279484649, 4.379867131546344], [2.1476453012543764, 1.096504468755144, 2.1599428094280646, 2.7377184479051166, 3.687275846746484, 2.8295381266206685, 4.0232274705763285, 3.066194198024646, 2.5063745071317656, 2.472811731612417, 1.7583012170842631, 0.0, 2.5304341880396732, 3.0760518428661117, 4.450785500335868, 4.841740533114099, 4.100073153005932], [2.7831030918742483, 2.17876453294063, 1.0961977376367824, 2.132679127295056, 3.1952639468438284, 2.4859818362168298, 3.872283091407445, 3.1416698076023204, 2.596850864027428, 3.7860293237110567, 3.0804436774594666, 2.5304341880396732, 0.0, 1.7570289752875452, 4.414122194729095, 4.193516477850064, 4.46679726425993], [2.7672952029012015, 2.1706630761129193, 1.0962618756483327, 2.118911225134267, 2.5690688371470314, 3.2458164966615106, 4.426054095918847, 2.579855918457463, 3.125032868627145, 3.7712285823057723, 2.523841661039773, 3.0760518428661117, 1.7570289752875452, 0.0, 5.267621407238755, 4.582712302774417, 4.738957938196962], [6.326065008360252, 4.969402791080634, 4.40621816414031, 3.254943319014941, 3.742283294995182, 2.0499633704044564, 1.0934153876729555, 6.991087947522903, 6.375720870615338, 6.903476761024115, 5.285565632928987, 4.450785500335868, 4.414122194729095, 5.267621407238755, 0.0, 1.7750738519847562, 1.7750970987526287], [6.365902632777225, 4.9787257546484724, 4.028867196868123, 2.63876735806702, 2.665023793514797, 2.0815966708274685, 1.0945360067170016, 6.7758776708261195, 6.526893388128842, 7.108527952396334, 5.166874279484649, 4.841740533114099, 4.193516477850064, 4.582712302774417, 1.7750738519847562, 0.0, 1.801882163183819], [5.933068678179953, 4.429814836988111, 4.022263074439563, 2.6409343233030236, 2.666227156489109, 2.081277369790005, 1.094577059872899, 6.473523403835039, 6.284382754893277, 6.442539344078544, 4.379867131546344, 4.100073153005932, 4.46679726425993, 4.738957938196962, 1.7750970987526287, 1.801882163183819, 0.0]]}