{"total energy": -50.0150324, "HOMO-LUMO gap/eV": 1.75157449, "electronic energy": -50.59473788, "dipole": [0.7472616, -0.20284105, -0.03615917], "partial charges": [-0.10274684, -0.05273942, -0.0660878, -0.01144578, -0.10453381, -0.02608755, -0.05328042, -0.10240708, 0.27770502, -0.38889319, -0.13562647, 0.19463421, -0.3321342, -0.13477674, 0.2789285, -0.38855734, 0.03483759, 0.03365405, 0.03693158, 0.03384334, 0.03726981, 0.04731553, 0.0444967, 0.06129023, 0.02588638, 0.03528978, 0.05512302, 0.06029447, 0.06492053, 0.03395458, 0.0493377, 0.03720234, 0.22830324, 0.22809805], "atomic dipole moments": [[-0.0388662, 0.04708378, -0.08564266], [-0.07084973, -0.0715792, 0.05963876], [0.01292068, 0.05581617, 0.12247246], [-0.09377864, 0.03862876, -0.09100358], [-0.01251669, -0.10594774, -0.0204179], [-0.01036937, 0.01522813, 0.00863823], [-0.09812006, 0.12004925, 0.033674], [0.10318961, 0.04452216, 0.01309947], [-0.0622215, 0.05090976, 0.01111764], [-0.02227726, 0.11573292, -0.1468371], [0.00812834, 0.00468476, -0.04163716], [0.08801047, -0.09899136, -0.01840695], [0.12204671, -0.13264256, -0.02573662], [-0.01467254, -0.03077823, 0.03403287], [-0.05570968, 0.06299621, 0.0054855], [-0.04565474, 0.02974102, 0.17997534], [0.12265577, 0.02504444, 0.01011961], [-0.05347793, 0.0425067, 0.10577144], [-0.01210052, -0.12631802, -0.0036481], [0.01756063, 0.12327581, 0.00461657], [0.07111311, -0.03324401, -0.09414859], [-0.02550533, 0.05315862, -0.11158113], [0.00259803, -0.12214908, -0.02627136], [0.03985232, -0.05859024, 0.10577195], [-0.07929127, 0.03780684, 0.09165861], [-0.01686193, 0.07834411, -0.10029832], [0.11210976, 0.03526151, 0.05192854], [0.0585643, -0.07886642, 0.08313831], [0.05809145, -0.0272321, -0.11146893], [-0.06666214, 0.06170255, -0.08978044], [0.00584175, -0.12097081, -0.03887533], [-0.06951105, -0.00276623, 0.10712176], [-0.0689418, 0.01208353, 0.12173515], [-0.04690898, 0.07634877, -0.10760054]], "atomic quadrupole moments": [[-0.05946918, -0.05094237, -0.05829879, 0.10009674, -0.13116512, 0.11776797], [0.10233791, 0.0320132, -0.13025864, 0.16093184, -0.09112311, 0.02792072], [0.16911523, 0.05786442, -0.1673929, -0.06793127, 0.08867122, -0.00172233], [0.09749899, 0.05903202, 0.0176926, -0.02925066, 0.13215066, -0.11519159], [-0.08301414, -0.00613061, 0.19417213, -0.0228818, 0.05592902, -0.11115799], [-0.0479249, -0.06559489, -0.01605196, -0.01188343, -0.01638037, 0.06397686], [0.06767388, 0.08845713, 0.14352487, 0.02252782, 0.10412805, -0.21119875], [0.19159395, 0.10607481, -0.07731031, 0.03809486, 0.01706441, -0.11428364], [0.16725263, 0.2940031, 0.06018615, 0.22328509, 0.20766242, -0.22743878], [0.04913608, 0.13883313, 0.02233903, 0.0957938, 0.05515024, -0.07147511], [0.01058539, -0.00379664, 0.06196416, 0.07439056, -0.02466316, -0.07254954], [0.08689267, 0.25771587, 0.00179035, 0.11883658, 0.08392359, -0.08868302], [0.26739867, -0.19096442, 0.24877612, 0.06560214, 0.24910131, -0.51617478], [0.03207862, 0.01697226, -0.00040936, -0.04609438, 0.08725607, -0.03166926], [0.25060054, 0.34798527, 0.08306604, 0.02979218, 0.07635942, -0.33366658], [0.08846175, 0.15921582, 0.00871939, 0.01135007, 0.03675717, -0.09718115], [0.07418919, 0.02965573, -0.04298329, 0.00517571, -0.01023623, -0.0312059], [-0.00830274, -0.03530835, -0.02340117, -0.0467438, 0.02808916, 0.03170391], [-0.04634988, 0.02063777, 0.07529263, 0.00969534, 0.01277148, -0.02894274], [-0.02814212, -0.00860737, 0.0537616, 0.01513064, 0.01865293, -0.02561948], [0.0021485, -0.02186913, -0.03005585, -0.02125391, 0.0284472, 0.02790735], [0.00130228, -0.01648959, -0.01536473, 0.01827412, -0.04464196, 0.01406245], [-0.00755056, 0.01417183, 0.05527134, -0.01311085, 0.00232845, -0.04772078], [-0.01281504, -0.00363196, 0.00267899, 0.0016931, -0.01895517, 0.01013604], [0.02748117, -0.00677504, -0.03290113, -0.06761216, 0.0091752, 0.00541996], [-0.04526689, -0.01158978, -0.00864691, 0.022394, -0.04373405, 0.0539138], [0.06956486, 0.00375709, -0.0297708, 0.03698451, 0.00489381, -0.03979406], [-0.01148971, -0.00045564, -0.00774955, 0.03542224, -0.03081097, 0.01923926], [-0.00106571, 0.02264555, -0.02867856, -0.03484287, 5.91e-05, 0.02974427], [-0.01107021, -0.02326966, -0.0008153, 0.03206303, -0.05794935, 0.01188551], [-0.0238089, -0.01511674, 0.0655212, -0.0066929, 0.03843362, -0.04171229], [-0.00855394, -0.0007232, -0.05156884, -0.04035611, 0.01450412, 0.06012278], [-0.01550958, -0.0352093, -0.00399191, -0.01818138, -0.01720352, 0.01950149], [-0.01799995, -0.036272, -0.00537148, -0.01739808, -0.01434573, 0.02337143]], "number of molecular orbitals": 87, "number of electrons": 90, "number of unpaired electrons": 0, "orbital energies/eV": [-20.30068845, -20.16146103, -20.14920581, -19.65321393, -19.28457555, -18.68676622, -18.32123108, -17.94286208, -17.60221642, -17.29384164, -17.06120999, -16.92645558, -16.73635061, -16.44488676, -16.40370684, -15.96266022, -15.85945828, -15.71785969, -15.62820631, -15.38433596, -15.16735026, -14.86222845, -14.54117571, -14.32794968, -14.24308876, -14.13729663, -14.01861238, -13.75518432, -13.7049877, -13.63668865, -13.45658791, -13.18899005, -12.92696358, -12.82691768, -12.71104636, -12.64219893, -12.50560712, -12.31494829, -12.18422504, -12.00967549, -11.88923234, -11.68616535, -11.60089465, -11.24177835, -10.36225057, -8.61067608, -7.15056457, -6.21268322, -4.66016619, -1.30715179, -0.95458625, -0.25460651, -0.0860426, 0.02887129, 0.38692211, 0.86991126, 1.16825093, 1.68530394, 1.82896975, 2.58261523, 2.82971607, 3.01280697, 3.03295162, 3.52106127, 3.56759268, 3.6901329, 3.90316686, 4.01681401, 4.24853034, 4.68707194, 4.72292227, 5.01170433, 5.11545019, 5.57991879, 5.7785531, 6.16799978, 6.57785798, 6.64656407, 6.96119729, 7.13895675, 7.38550926, 7.71409686, 7.78006332, 12.01016195, 14.25249514, 14.92295386, 15.97037453], "fractional occupation": [2.0, 2.0, 2.0, 2.0, 2.0, 2.0, 2.0, 2.0, 2.0, 2.0, 2.0, 2.0, 2.0, 2.0, 2.0, 2.0, 2.0, 2.0, 2.0, 2.0, 2.0, 2.0, 2.0, 2.0, 2.0, 2.0, 2.0, 2.0, 2.0, 2.0, 2.0, 2.0, 2.0, 2.0, 2.0, 2.0, 2.0, 2.0, 2.0, 2.0, 2.0, 2.0, 2.0, 2.0, 2.0, 0.0, 0.0, 0.0, 0.0, 0.0, 0.0, 0.0, 0.0, 0.0, 0.0, 0.0, 0.0, 0.0, 0.0, 0.0, 0.0, 0.0, 0.0, 0.0, 0.0, 0.0, 0.0, 0.0, 0.0, 0.0, 0.0, 0.0, 0.0, 0.0, 0.0, 0.0, 0.0, 0.0, 0.0, 0.0, 0.0, 0.0, 0.0, 0.0, 0.0, 0.0, 0.0], "program call": "xtb /home/svss/Project-DBcg-Debug/aqme2_20220329/End-to-End-workflows-final/example-3/QDESCP/mol_412_rdkit_conf_10/mol_412_rdkit_conf_10.xyz --pop --wbo --acc 0.2 --gfn 2 --chrg 0 --uhf 0 --etemp 300 --input /home/svss/Project-DBcg-Debug/aqme2_20220329/End-to-End-workflows-final/example-3/QDESCP/mol_412_rdkit_conf_10/mol_412_rdkit_conf_10_xtb.inp", "method": "GFN2-xTB", "xtb version": "6.3.3 (7355c4f)", "Dipole module/D": 1.97, "Total charge": 0, "Transition dipole module/D": NaN, "HOMO": -10.3623, "LUMO": -8.6107, "HOMO occupancy": 2.0, "LUMO occupancy": 0, "mulliken charges": [-0.08712, -0.03793, -0.05638, 0.0019, -0.10079, -0.06126, -0.02825, -0.08919, 0.46904, -0.52424, -0.30062, 0.32661, -0.25423, -0.30159, 0.46875, -0.52314, 0.03174, 0.02832, 0.03023, 0.02383, 0.03022, 0.04313, 0.03202, 0.04594, 0.0306, 0.03332, 0.04451, 0.04556, 0.04741, 0.03283, 0.03981, 0.03595, 0.26183, 0.26121], "cm5 charges": [-0.23782, -0.15095, -0.16458, -0.06183, -0.24714, -0.06225, -0.1322, -0.23769, 0.56665, -0.57021, -0.64644, 0.47695, -0.26349, -0.64698, 0.56705, -0.57043, 0.08252, 0.08029, 0.08169, 0.07896, 0.08443, 0.10247, 0.08912, 0.10911, 0.08731, 0.08823, 0.09704, 0.10363, 0.10683, 0.08687, 0.09071, 0.09052, 0.46108, 0.46057], "FUKUI+": [0.008, 0.005, 0.005, -0.003, 0.013, -0.003, 0.011, 0.014, -0.04, -0.122, -0.031, -0.037, -0.314, -0.031, -0.04, -0.121, -0.019, 0.001, -0.008, -0.009, -0.02, -0.003, -0.015, -0.025, 0.004, -0.007, -0.033, -0.029, -0.029, -0.004, -0.033, -0.005, -0.04, -0.04], "FUKUI-": [0.014, 0.005, 0.005, -0.0, 0.014, -0.006, 0.008, 0.011, -0.006, -0.069, -0.022, 0.021, -0.357, -0.021, -0.005, -0.065, -0.035, -0.043, -0.042, -0.056, -0.066, -0.025, -0.037, -0.027, -0.013, -0.015, -0.02, -0.022, -0.027, -0.012, -0.029, -0.018, -0.021, -0.02], "FUKUIrad": [0.011, 0.005, 0.005, -0.002, 0.014, -0.004, 0.01, 0.013, -0.023, -0.096, -0.026, -0.008, -0.335, -0.026, -0.022, -0.093, -0.027, -0.021, -0.025, -0.033, -0.043, -0.014, -0.026, -0.026, -0.005, -0.011, -0.026, -0.026, -0.028, -0.008, -0.031, -0.012, -0.03, -0.03], "s proportion": [1.008, 1.028, 1.038, 1.071, 1.015, 1.111, 1.035, 1.01, 1.011, 1.731, 1.425, 1.019, 1.926, 1.426, 1.01, 1.731, 0.968, 0.972, 0.97, 0.976, 0.97, 0.957, 0.968, 0.954, 0.969, 0.967, 0.955, 0.954, 0.953, 0.967, 0.96, 0.964, 0.738, 0.739], "p proportion": [3.079, 3.01, 3.018, 2.927, 3.086, 2.95, 2.993, 3.079, 2.52, 4.794, 3.875, 2.655, 4.337, 3.875, 2.521, 4.793, 0.0, 0.0, 0.0, 0.0, 0.0, 0.0, 0.0, 0.0, 0.0, 0.0, 0.0, 0.0, 0.0, 0.0, 0.0, 0.0, 0.0, 0.0], "d proportion": [0.0, 0.0, 0.0, 0.0, 0.0, 0.0, 0.0, 0.0, 0.0, 0.0, 0.0, 0.0, -0.009, 0.0, 0.0, 0.0, 0.0, 0.0, 0.0, 0.0, 0.0, 0.0, 0.0, 0.0, 0.0, 0.0, 0.0, 0.0, 0.0, 0.0, 0.0, 0.0, 0.0, 0.0], "Fermi-level/eV": -9.4865, "Coordination numbers": [3.749, 3.798, 3.798, 3.843, 3.748, 3.895, 3.803, 3.747, 2.762, 0.859, 2.753, 2.818, 1.096, 2.753, 2.76, 0.859, 0.924, 0.924, 0.924, 0.924, 0.924, 0.924, 0.924, 0.923, 0.924, 0.924, 0.924, 0.924, 0.924, 0.924, 0.924, 0.924, 0.86, 0.86], "Dispersion coefficient C6": [22.528, 21.524, 21.77, 20.75, 22.564, 20.984, 21.529, 22.524, 22.302, 21.459, 23.936, 23.852, 153.565, 23.918, 22.28, 21.453, 2.519, 2.535, 2.49, 2.533, 2.486, 2.354, 2.39, 2.184, 2.646, 2.513, 2.257, 2.196, 2.142, 2.531, 2.328, 2.487, 0.973, 0.973], "Total dispersion C6": 12011.568024, "Total dispersion C8": 295627.787498, "Polarizability alpha": [6.769, 6.606, 6.643, 6.48, 6.775, 6.512, 6.606, 6.769, 7.734, 6.211, 7.266, 8.002, 20.957, 7.264, 7.73, 6.21, 2.482, 2.49, 2.468, 2.489, 2.466, 2.399, 2.418, 2.311, 2.544, 2.479, 2.349, 2.317, 2.289, 2.488, 2.386, 2.466, 1.545, 1.546], "Total polarizability alpha": 166.464426, "Wiberg matrix": [[0.0, 1.0215067398433, 0.0, 0.0, 0.0, 0.0, 0.0, 0.0, 0.0, 0.0, 0.0, 0.0, 0.0, 0.0, 0.0, 0.0, 0.986588965349444, 0.9853795238913654, 0.9869585271131114, 0.0, 0.0, 0.0, 0.0, 0.0, 0.0, 0.0, 0.0, 0.0, 0.0, 0.0, 0.0, 0.0, 0.0, 0.0], [1.0215067398433, 0.0, 1.0027715515768167, 0.0, 0.0, 0.0, 0.0, 0.0, 0.0, 0.0, 0.0, 0.0, 0.0, 0.0, 0.0, 0.0, 0.0, 0.0, 0.0, 0.9756997928528142, 0.9758396938207037, 0.0, 0.0, 0.0, 0.0, 0.0, 0.0, 0.0, 0.0, 0.0, 0.0, 0.0, 0.0, 0.0], [0.0, 1.0027715515768167, 0.0, 0.9937372228320464, 0.0, 0.0, 0.0, 0.0, 0.0, 0.0, 0.0, 0.0, 0.0, 0.0, 0.0, 0.0, 0.0, 0.0, 0.0, 0.0, 0.0, 0.9746335773336843, 0.9724529519594266, 0.0, 0.0, 0.0, 0.0, 0.0, 0.0, 0.0, 0.0, 0.0, 0.0, 0.0], [0.0, 0.0, 0.9937372228320464, 0.0, 1.0105039182799642, 0.9074608054593584, 0.0, 0.0, 0.0, 0.0, 0.0, 0.0, 0.0, 0.0, 0.0, 0.0, 0.0, 0.0, 0.0, 0.0, 0.0, 0.0, 0.0, 0.9611463323961363, 0.0, 0.0, 0.0, 0.0, 0.0, 0.0, 0.0, 0.0, 0.0, 0.0], [0.0, 0.0, 0.0, 1.0105039182799642, 0.0, 0.0, 0.0, 0.0, 0.0, 0.0, 0.0, 0.0, 0.0, 0.0, 0.0, 0.0, 0.0, 0.0, 0.0, 0.0, 0.0, 0.0, 0.0, 0.0, 0.9850396241196743, 0.9864660249576038, 0.9797685527806974, 0.0, 0.0, 0.0, 0.0, 0.0, 0.0, 0.0], [0.0, 0.0, 0.0, 0.9074608054593584, 0.0, 0.0, 0.9572528120788814, 0.0, 0.9571343833978487, 0.0, 0.0, 0.0, 0.0, 0.0, 0.9623675893786385, 0.0, 0.0, 0.0, 0.0, 0.0, 0.0, 0.0, 0.0, 0.0, 0.0, 0.0, 0.0, 0.0, 0.0, 0.0, 0.0, 0.0, 0.0, 0.0], [0.0, 0.0, 0.0, 0.0, 0.0, 0.9572528120788814, 0.0, 1.0195629143452711, 0.0, 0.0, 0.0, 0.0, 0.0, 0.0, 0.0, 0.0, 0.0, 0.0, 0.0, 0.0, 0.0, 0.0, 0.0, 0.0, 0.0, 0.0, 0.0, 0.9735515499870747, 0.9695406148140053, 0.0, 0.0, 0.0, 0.0, 0.0], [0.0, 0.0, 0.0, 0.0, 0.0, 0.0, 1.0195629143452711, 0.0, 0.0, 0.0, 0.0, 0.0, 0.0, 0.0, 0.0, 0.0, 0.0, 0.0, 0.0, 0.0, 0.0, 0.0, 0.0, 0.0, 0.0, 0.0, 0.0, 0.0, 0.0, 0.9869943130439012, 0.9846446506430965, 0.9864125037279452, 0.0, 0.0], [0.0, 0.0, 0.0, 0.0, 0.0, 0.9571343833978487, 0.0, 0.0, 0.0, 1.7349468263057828, 1.1437787628671747, 0.0, 0.0, 0.0, 0.0, 0.0, 0.0, 0.0, 0.0, 0.0, 0.0, 0.0, 0.0, 0.0, 0.0, 0.0, 0.0, 0.0, 0.0, 0.0, 0.0, 0.0, 0.0, 0.0], [0.0, 0.0, 0.0, 0.0, 0.0, 0.0, 0.0, 0.0, 1.7349468263057828, 0.0, 0.130416057663958, 0.0, 0.0, 0.0, 0.0, 0.0, 0.0, 0.0, 0.0, 0.0, 0.0, 0.0, 0.0, 0.0, 0.0, 0.0, 0.0, 0.0, 0.0, 0.0, 0.0, 0.0, 0.0, 0.0], [0.0, 0.0, 0.0, 0.0, 0.0, 0.0, 0.0, 0.0, 1.1437787628671747, 0.130416057663958, 0.0, 1.1882122992202588, 0.0, 0.0, 0.0, 0.0, 0.0, 0.0, 0.0, 0.0, 0.0, 0.0, 0.0, 0.0, 0.0, 0.0, 0.0, 0.0, 0.0, 0.0, 0.0, 0.0, 0.9119210007794789, 0.0], [0.0, 0.0, 0.0, 0.0, 0.0, 0.0, 0.0, 0.0, 0.0, 0.0, 1.1882122992202588, 0.0, 1.5296016486122503, 1.1892507609814698, 0.0, 0.0, 0.0, 0.0, 0.0, 0.0, 0.0, 0.0, 0.0, 0.0, 0.0, 0.0, 0.0, 0.0, 0.0, 0.0, 0.0, 0.0, 0.0, 0.0], [0.0, 0.0, 0.0, 0.0, 0.0, 0.0, 0.0, 0.0, 0.0, 0.0, 0.0, 1.5296016486122503, 0.0, 0.0, 0.0, 0.0, 0.0, 0.0, 0.0, 0.0, 0.0, 0.0, 0.0, 0.0, 0.0, 0.0, 0.0, 0.0, 0.0, 0.0, 0.0, 0.0, 0.0, 0.0], [0.0, 0.0, 0.0, 0.0, 0.0, 0.0, 0.0, 0.0, 0.0, 0.0, 0.0, 1.1892507609814698, 0.0, 0.0, 1.1402246408156982, 0.12913861904269128, 0.0, 0.0, 0.0, 0.0, 0.0, 0.0, 0.0, 0.0, 0.0, 0.0, 0.0, 0.0, 0.0, 0.0, 0.0, 0.0, 0.0, 0.9117846232388632], [0.0, 0.0, 0.0, 0.0, 0.0, 0.9623675893786385, 0.0, 0.0, 0.0, 0.0, 0.0, 0.0, 0.0, 1.1402246408156982, 0.0, 1.7355394753896864, 0.0, 0.0, 0.0, 0.0, 0.0, 0.0, 0.0, 0.0, 0.0, 0.0, 0.0, 0.0, 0.0, 0.0, 0.0, 0.0, 0.0, 0.0], [0.0, 0.0, 0.0, 0.0, 0.0, 0.0, 0.0, 0.0, 0.0, 0.0, 0.0, 0.0, 0.0, 0.12913861904269128, 1.7355394753896864, 0.0, 0.0, 0.0, 0.0, 0.0, 0.0, 0.0, 0.0, 0.0, 0.0, 0.0, 0.0, 0.0, 0.0, 0.0, 0.0, 0.0, 0.0, 0.0], [0.986588965349444, 0.0, 0.0, 0.0, 0.0, 0.0, 0.0, 0.0, 0.0, 0.0, 0.0, 0.0, 0.0, 0.0, 0.0, 0.0, 0.0, 0.0, 0.0, 0.0, 0.0, 0.0, 0.0, 0.0, 0.0, 0.0, 0.0, 0.0, 0.0, 0.0, 0.0, 0.0, 0.0, 0.0], [0.9853795238913654, 0.0, 0.0, 0.0, 0.0, 0.0, 0.0, 0.0, 0.0, 0.0, 0.0, 0.0, 0.0, 0.0, 0.0, 0.0, 0.0, 0.0, 0.0, 0.0, 0.0, 0.0, 0.0, 0.0, 0.0, 0.0, 0.0, 0.0, 0.0, 0.0, 0.0, 0.0, 0.0, 0.0], [0.9869585271131114, 0.0, 0.0, 0.0, 0.0, 0.0, 0.0, 0.0, 0.0, 0.0, 0.0, 0.0, 0.0, 0.0, 0.0, 0.0, 0.0, 0.0, 0.0, 0.0, 0.0, 0.0, 0.0, 0.0, 0.0, 0.0, 0.0, 0.0, 0.0, 0.0, 0.0, 0.0, 0.0, 0.0], [0.0, 0.9756997928528142, 0.0, 0.0, 0.0, 0.0, 0.0, 0.0, 0.0, 0.0, 0.0, 0.0, 0.0, 0.0, 0.0, 0.0, 0.0, 0.0, 0.0, 0.0, 0.0, 0.0, 0.0, 0.0, 0.0, 0.0, 0.0, 0.0, 0.0, 0.0, 0.0, 0.0, 0.0, 0.0], [0.0, 0.9758396938207037, 0.0, 0.0, 0.0, 0.0, 0.0, 0.0, 0.0, 0.0, 0.0, 0.0, 0.0, 0.0, 0.0, 0.0, 0.0, 0.0, 0.0, 0.0, 0.0, 0.0, 0.0, 0.0, 0.0, 0.0, 0.0, 0.0, 0.0, 0.0, 0.0, 0.0, 0.0, 0.0], [0.0, 0.0, 0.9746335773336843, 0.0, 0.0, 0.0, 0.0, 0.0, 0.0, 0.0, 0.0, 0.0, 0.0, 0.0, 0.0, 0.0, 0.0, 0.0, 0.0, 0.0, 0.0, 0.0, 0.0, 0.0, 0.0, 0.0, 0.0, 0.0, 0.0, 0.0, 0.0, 0.0, 0.0, 0.0], [0.0, 0.0, 0.9724529519594266, 0.0, 0.0, 0.0, 0.0, 0.0, 0.0, 0.0, 0.0, 0.0, 0.0, 0.0, 0.0, 0.0, 0.0, 0.0, 0.0, 0.0, 0.0, 0.0, 0.0, 0.0, 0.0, 0.0, 0.0, 0.0, 0.0, 0.0, 0.0, 0.0, 0.0, 0.0], [0.0, 0.0, 0.0, 0.9611463323961363, 0.0, 0.0, 0.0, 0.0, 0.0, 0.0, 0.0, 0.0, 0.0, 0.0, 0.0, 0.0, 0.0, 0.0, 0.0, 0.0, 0.0, 0.0, 0.0, 0.0, 0.0, 0.0, 0.0, 0.0, 0.0, 0.0, 0.0, 0.0, 0.0, 0.0], [0.0, 0.0, 0.0, 0.0, 0.9850396241196743, 0.0, 0.0, 0.0, 0.0, 0.0, 0.0, 0.0, 0.0, 0.0, 0.0, 0.0, 0.0, 0.0, 0.0, 0.0, 0.0, 0.0, 0.0, 0.0, 0.0, 0.0, 0.0, 0.0, 0.0, 0.0, 0.0, 0.0, 0.0, 0.0], [0.0, 0.0, 0.0, 0.0, 0.9864660249576038, 0.0, 0.0, 0.0, 0.0, 0.0, 0.0, 0.0, 0.0, 0.0, 0.0, 0.0, 0.0, 0.0, 0.0, 0.0, 0.0, 0.0, 0.0, 0.0, 0.0, 0.0, 0.0, 0.0, 0.0, 0.0, 0.0, 0.0, 0.0, 0.0], [0.0, 0.0, 0.0, 0.0, 0.9797685527806974, 0.0, 0.0, 0.0, 0.0, 0.0, 0.0, 0.0, 0.0, 0.0, 0.0, 0.0, 0.0, 0.0, 0.0, 0.0, 0.0, 0.0, 0.0, 0.0, 0.0, 0.0, 0.0, 0.0, 0.0, 0.0, 0.0, 0.0, 0.0, 0.0], [0.0, 0.0, 0.0, 0.0, 0.0, 0.0, 0.9735515499870747, 0.0, 0.0, 0.0, 0.0, 0.0, 0.0, 0.0, 0.0, 0.0, 0.0, 0.0, 0.0, 0.0, 0.0, 0.0, 0.0, 0.0, 0.0, 0.0, 0.0, 0.0, 0.0, 0.0, 0.0, 0.0, 0.0, 0.0], [0.0, 0.0, 0.0, 0.0, 0.0, 0.0, 0.9695406148140053, 0.0, 0.0, 0.0, 0.0, 0.0, 0.0, 0.0, 0.0, 0.0, 0.0, 0.0, 0.0, 0.0, 0.0, 0.0, 0.0, 0.0, 0.0, 0.0, 0.0, 0.0, 0.0, 0.0, 0.0, 0.0, 0.0, 0.0], [0.0, 0.0, 0.0, 0.0, 0.0, 0.0, 0.0, 0.9869943130439012, 0.0, 0.0, 0.0, 0.0, 0.0, 0.0, 0.0, 0.0, 0.0, 0.0, 0.0, 0.0, 0.0, 0.0, 0.0, 0.0, 0.0, 0.0, 0.0, 0.0, 0.0, 0.0, 0.0, 0.0, 0.0, 0.0], [0.0, 0.0, 0.0, 0.0, 0.0, 0.0, 0.0, 0.9846446506430965, 0.0, 0.0, 0.0, 0.0, 0.0, 0.0, 0.0, 0.0, 0.0, 0.0, 0.0, 0.0, 0.0, 0.0, 0.0, 0.0, 0.0, 0.0, 0.0, 0.0, 0.0, 0.0, 0.0, 0.0, 0.0, 0.0], [0.0, 0.0, 0.0, 0.0, 0.0, 0.0, 0.0, 0.9864125037279452, 0.0, 0.0, 0.0, 0.0, 0.0, 0.0, 0.0, 0.0, 0.0, 0.0, 0.0, 0.0, 0.0, 0.0, 0.0, 0.0, 0.0, 0.0, 0.0, 0.0, 0.0, 0.0, 0.0, 0.0, 0.0, 0.0], [0.0, 0.0, 0.0, 0.0, 0.0, 0.0, 0.0, 0.0, 0.0, 0.0, 0.9119210007794789, 0.0, 0.0, 0.0, 0.0, 0.0, 0.0, 0.0, 0.0, 0.0, 0.0, 0.0, 0.0, 0.0, 0.0, 0.0, 0.0, 0.0, 0.0, 0.0, 0.0, 0.0, 0.0, 0.0], [0.0, 0.0, 0.0, 0.0, 0.0, 0.0, 0.0, 0.0, 0.0, 0.0, 0.0, 0.0, 0.0, 0.9117846232388632, 0.0, 0.0, 0.0, 0.0, 0.0, 0.0, 0.0, 0.0, 0.0, 0.0, 0.0, 0.0, 0.0, 0.0, 0.0, 0.0, 0.0, 0.0, 0.0, 0.0]], "Born radii": [], "Atomic SASAs": [], "Solvent H bonds": [], "Total SASA": NaN, "Total FOD": 0.0, "FOD": [0.0, 0.0, 0.0, 0.0, 0.0, 0.0, 0.0, 0.0, 0.0, 0.0, 0.0, 0.0, 0.0, 0.0, 0.0, 0.0, 0.0, 0.0, 0.0, 0.0, 0.0, 0.0, 0.0, 0.0, 0.0, 0.0, 0.0, 0.0, 0.0, 0.0, 0.0, 0.0, 0.0, 0.0], "FOD s proportion": [0.0, 0.0, 0.0, 0.0, 0.0, 0.0, 0.0, 0.0, 0.0, 0.0, 0.0, 0.0, 0.0, 0.0, 0.0, 0.0, 0.0, 0.0, 0.0, 0.0, 0.0, 0.0, 0.0, 0.0, 0.0, 0.0, 0.0, 0.0, 0.0, 0.0, 0.0, 0.0, 0.0, 0.0], "FOD p proportion": [0.0, 0.0, 0.0, 0.0, 0.0, 0.0, 0.0, 0.0, 0.0, 0.0, 0.0, 0.0, 0.0, 0.0, 0.0, 0.0, 0.0, 0.0, 0.0, 0.0, 0.0, 0.0, 0.0, 0.0, 0.0, 0.0, 0.0, 0.0, 0.0, 0.0, 0.0, 0.0, 0.0, 0.0], "FOD d proportion": [0.0, 0.0, 0.0, 0.0, 0.0, 0.0, 0.0, 0.0, 0.0, 0.0, 0.0, 0.0, 0.0, 0.0, 0.0, 0.0, 0.0, 0.0, 0.0, 0.0, 0.0, 0.0, 0.0, 0.0, 0.0, 0.0, 0.0, 0.0, 0.0, 0.0, 0.0, 0.0, 0.0, 0.0], "coordinates": [["3.71690", "-0.45420", "0.74810"], ["3.15800", "0.21060", "-0.50010"], ["1.69820", "-0.16180", "-0.79540"], ["0.66120", "0.19290", "0.30410"], ["0.74760", "1.68840", "0.66330"], ["-0.81750", "-0.26860", "-0.03970"], ["-0.85560", "-1.76730", "-0.46300"], ["-2.26170", "-2.33310", "-0.66660"], ["-1.62880", "-0.13520", "1.24720"], ["-1.48020", "-0.88080", "2.21490"], ["-2.51820", "0.90120", "1.32670"], ["-2.82700", "1.77210", "0.33290"], ["-3.93700", "2.98650", "0.56370"], ["-2.20560", "1.60300", "-0.86130"], ["-1.36760", "0.57200", "-1.18680"], ["-1.07310", "0.38520", "-2.36630"], ["4.78620", "-0.23820", "0.84130"], ["3.22600", "-0.08730", "1.65400"], ["3.59410", "-1.54090", "0.70300"], ["3.27350", "1.29700", "-0.42580"], ["3.76740", "-0.10010", "-1.35790"], ["1.41810", "0.32700", "-1.73530"], ["1.67950", "-1.24040", "-0.98410"], ["0.95610", "-0.35780", "1.20810"], ["0.02070", "1.96690", "1.43080"], ["0.58460", "2.32250", "-0.21390"], ["1.72950", "1.93910", "1.07640"], ["-0.34320", "-2.38100", "0.28890"], ["-0.31940", "-1.91310", "-1.40790"], ["-2.81390", "-1.77360", "-1.42760"], ["-2.19660", "-3.37380", "-1.00110"], ["-2.84310", "-2.32240", "0.25970"], ["-3.01130", "0.99060", "2.20670"], ["-2.51780", "2.17460", "-1.63690"]], "bond_dist": [[0.0, 1.5206352258184737, 2.557936609847867, 3.154865591431749, 3.662604031287029, 4.606067689472225, 4.909047878153156, 6.424585532156919, 5.3784170812609915, 5.416949160736142, 6.406899338213454, 6.924697100956836, 8.393724147242391, 6.472885480989139, 5.536159742998752, 5.774788283565035, 1.0948720153515663, 1.0937336193059075, 1.0945459058440627, 2.1543783813434447, 2.136158481948378, 3.47304339736779, 2.787404893444797, 2.800519523231359, 4.470984113145561, 4.294974991778183, 3.1281663223044904, 4.517503169893741, 4.802961888251874, 7.008982486067431, 6.822993994574523, 6.838296995597662, 7.034460621824533, 7.17428034927546], [1.5206352258184737, 0.0, 1.5352198181368035, 2.6231776855562035, 3.057355157648519, 4.0306576448515194, 4.4746452127515095, 5.989263730209248, 5.10745427488098, 5.48409319760341, 6.0027804424283255, 6.241185484345101, 7.6926143962894695, 5.553147590331091, 4.591647004071633, 4.627677042534407, 2.1568056565207727, 2.1756643169386214, 2.169189957103803, 1.0950459807697572, 1.097143422711908, 2.1369417423037063, 2.127350288504458, 2.844185192634263, 4.0811292297598225, 3.341320040044054, 2.7411086716874253, 4.426885248117461, 4.174507550598034, 6.360887949020953, 6.4630229397705214, 6.557940701927702, 6.781992976257053, 6.112635755547683], [2.557936609847867, 1.5352198181368035, 0.0, 1.5524436672549506, 2.5406074254004687, 2.628922825036901, 3.0348005618162124, 4.517957629283391, 3.9040813669799457, 4.4363378647258145, 4.838523160014841, 5.048808289091595, 6.5965464252137265, 4.284683919497446, 3.176599760750479, 3.2321880359904807, 3.4957642726591276, 2.8877817524875384, 2.7823652132673025, 2.1785939708904, 2.1451810599574106, 1.0958072184467484, 1.095141698594296, 2.1454931041604395, 3.507326101177363, 2.7838810499013777, 2.813964416974742, 3.2043515865148127, 2.7409702114397376, 4.832868970911585, 5.052595722002701, 5.138563423759601, 5.702632762154687, 4.893009627008718], [3.154865591431749, 2.6231776855562035, 1.5524436672549506, 0.0, 1.5404576754977721, 1.5867370229499278, 2.5945151165487554, 3.9832497913136202, 2.498236822240838, 3.064242531197555, 3.414086116371408, 3.8291306219558505, 5.386560717192372, 3.400747184075876, 2.5460811181107332, 3.1899548492102516, 4.182111434431177, 2.911862134442494, 3.430318652836789, 2.928464121344156, 3.535049001074808, 2.1794569920051186, 2.1796199255833573, 1.0988414353308669, 2.1969909285201887, 2.193031627678908, 2.1879046185791555, 2.7629715181304344, 2.885785224163434, 4.352266897836115, 4.753095493465285, 4.313794610317, 4.2122996450869925, 4.219082470158648], [3.662604031287029, 3.057355157648519, 2.5406074254004687, 1.5404576754977721, 0.0, 2.602613303969685, 3.9724884417704733, 5.195862079578324, 3.051840941137005, 3.737826111525254, 3.4242127620812357, 3.5908125835247935, 4.862145712542971, 3.3246185585717947, 3.023787361902288, 3.7671945649249388, 4.478142641765668, 3.205785947314636, 4.304940978689487, 2.778399463720075, 4.050083175689112, 2.838355539744801, 3.4871526794793484, 2.1277250127777316, 1.0931615205448828, 1.0945920016152135, 1.0943626958188952, 4.229661494729808, 4.289424284213442, 5.389024870976195, 6.088054684379896, 5.398382729114341, 4.1229040262902075, 4.0236982540941115], [4.606067689472225, 4.0306576448515194, 2.628922825036901, 1.5867370229499278, 2.602613303969685, 0.0, 1.557798507509877, 2.5963199918345965, 1.5271263405494648, 2.4284112687104713, 2.4754517749291747, 2.8881443004115983, 4.54874134459193, 2.470776139191894, 1.5248136869794944, 2.430196156691883, 5.672613053082327, 4.3876396422222275, 4.651082147199725, 4.397323910061664, 4.773609902369485, 2.8683978245703643, 2.8410025695166135, 2.170395917799331, 2.8039988837372958, 2.951275869856967, 3.550609454727456, 2.189788165553919, 2.196464226888296, 2.859528697180709, 3.5310726146597444, 2.9001362312829375, 3.3829951285805895, 3.3780607114141685], [4.909047878153156, 4.4746452127515095, 3.0348005618162124, 2.5945151165487554, 3.9724884417704733, 1.557798507509877, 0.0, 1.5292808146315051, 2.487241984608655, 2.8891444789072076, 3.6177558098909883, 4.1288287842922236, 5.757408556807481, 3.6524053690684446, 2.5016704279341035, 2.8815123442386983, 5.989094467446645, 4.895257660225864, 4.605501389642609, 5.142060398322836, 4.9952508295379925, 3.3428358425145555, 2.641193069429041, 2.839282013115288, 4.277689770191383, 4.343119948838623, 4.773876342135393, 1.0975131252062544, 1.0961770340597359, 2.1829868849812177, 2.160711655913394, 2.1864554763360724, 4.402312232225243, 4.436161139994804], [6.424585532156919, 5.989263730209248, 4.517957629283391, 3.9832497913136202, 5.195862079578324, 2.5963199918345965, 1.5292808146315051, 0.0, 2.9822738405451634, 3.320084304652519, 3.8078515766768013, 4.262772733796631, 5.711253132194369, 3.9413117752849742, 3.083768613239327, 3.4191965342752675, 7.505682036297568, 6.367389833361862, 6.065787553154166, 6.623748915078227, 6.46639246411784, 4.664673594154258, 4.102177102466445, 4.215512663959153, 5.3007958383623865, 5.475488319775689, 6.100772023277054, 2.143808972366708, 2.120956147590044, 1.0941142947608353, 1.0950729427759598, 1.0936965484081955, 4.456987181942528, 4.618054632634828], [5.3784170812609915, 5.10745427488098, 3.9040813669799457, 2.498236822240838, 3.051840941137005, 1.5271263405494648, 2.487241984608655, 2.9822738405451634, 0.0, 1.2306277300629953, 1.3680195795382464, 2.4309300730378895, 3.942076911984341, 2.7928139447517806, 2.5480803127060185, 3.692831014276175, 6.428653732314411, 4.872049229020577, 5.436067562126137, 5.374260054184204, 5.99222433325055, 4.288651851106592, 4.140654008728573, 2.594761565153916, 2.678317311298271, 3.615832139356029, 3.950958367282551, 2.7594789163898317, 3.4532611803916597, 3.3531137186203512, 3.9831871271633723, 2.689521254796102, 2.024690628219531, 3.8004644255669597], [5.416949160736142, 5.48409319760341, 4.4363378647258145, 3.064242531197555, 3.737826111525254, 2.4284112687104713, 2.8891444789072076, 3.320084304652519, 1.2306277300629953, 0.0, 2.2454102609545545, 3.5204648343649168, 4.870147530619581, 4.019760445598718, 3.7006579806839754, 4.770312343023253, 6.4472847525140375, 4.8054728695519655, 5.3357374476261485, 5.857795918261407, 6.396225300128194, 5.046087966930422, 4.510722475391276, 2.6875142660086477, 3.313141848759271, 4.519247655307241, 4.421559945313418, 2.6931106624125194, 3.9417990524632276, 3.980408745342619, 4.131698677299689, 2.785410923005796, 2.417947975039992, 5.024783195322958], [6.406899338213454, 6.0027804424283255, 4.838523160014841, 3.414086116371408, 3.4242127620812357, 2.4754517749291747, 3.6177558098909883, 3.8078515766768013, 1.3680195795382464, 2.2454102609545545, 0.0, 1.3570050442058053, 2.635078467522362, 2.3189622679120934, 2.7838705519474143, 3.999102275511343, 7.408650678767356, 5.837815617163666, 6.611585694067649, 6.06396757741992, 6.907853951119697, 5.019960889289877, 5.24851717059209, 3.69728379354358, 2.7554612154773657, 3.744450545807756, 4.379822118534039, 4.071914866497088, 4.498115504297328, 3.850735257064552, 4.878289085324895, 3.4111062677671007, 1.012689473629503, 3.225596484373084], [6.924697100956836, 6.241185484345101, 5.048808289091595, 3.8291306219558505, 3.5908125835247935, 2.8881443004115983, 4.1288287842922236, 4.262772733796631, 2.4309300730378895, 3.5204648343649168, 1.3570050442058053, 0.0, 1.6613657032694518, 1.3567779516192027, 2.4247837965476426, 3.5050445731830573, 7.890538060867586, 6.4684992517584785, 7.234878590550086, 6.165828893993087, 7.060456701942163, 4.938283027530925, 5.57836781684392, 4.428802847271484, 3.058222807448797, 3.498706183719919, 4.619780676612256, 4.8393633930507844, 4.785304738467551, 3.958727112343057, 5.353246395412787, 4.095185917635486, 2.0385865642645644, 2.034139358549458], [8.393724147242391, 7.6926143962894695, 6.5965464252137265, 5.386560717192372, 4.862145712542971, 4.54874134459193, 5.757408556807481, 5.711253132194369, 3.942076911984341, 4.870147530619581, 2.635078467522362, 1.6613657032694518, 0.0, 2.6348516485753044, 3.9364802628744373, 4.853203570838544, 9.304298473823806, 7.870550776788115, 8.788300316898598, 7.471601618796334, 8.519238550480905, 6.405890824858007, 7.197738582360435, 5.961712963570117, 4.1778984980489895, 4.635776560620668, 5.785251100859841, 6.465366944729432, 6.401587028229796, 5.280642130461029, 6.777241864505059, 5.4289457926930895, 2.745903548925199, 2.74152341044172], [6.472885480989139, 5.553147590331091, 4.284683919497446, 3.400747184075876, 3.3246185585717947, 2.470776139191894, 3.6524053690684446, 3.9413117752849742, 2.7928139447517806, 4.019760445598718, 2.3189622679120934, 1.3567779516192027, 2.6348516485753044, 0.0, 1.3679017691340267, 2.242903941322499, 7.427929148827417, 6.219817259373461, 6.779945559515946, 5.504891739171625, 6.230881973685587, 3.9399560517853494, 4.816015511810567, 4.2571704088514, 3.21598465636887, 2.953307137769453, 4.3991654333521035, 4.545739741780209, 4.027341705144971, 3.477377192655407, 4.978771262068584, 4.131804982087126, 3.2306052451514407, 1.0127935426334431], [5.536159742998752, 4.591647004071633, 3.176599760750479, 2.5460811181107332, 3.023787361902288, 1.5248136869794944, 2.5016704279341035, 3.083768613239327, 2.5480803127060185, 3.7006579806839754, 2.7838705519474143, 2.4247837965476426, 3.9364802628744373, 1.3679017691340267, 0.0, 1.2299775363802379, 6.52984441545126, 5.441137940725268, 5.714381623587981, 4.758629551667161, 5.181623164607785, 2.849737135245986, 3.5511546657390185, 3.464051925130453, 3.2748973510630837, 2.796760536763918, 4.072230968400492, 3.4564859105744956, 2.706165268419503, 2.7661539526931613, 4.036218915024309, 3.5562640312552722, 3.7937867494101463, 2.023333094179008], [5.774788283565035, 4.627677042534407, 3.2321880359904807, 3.1899548492102516, 3.7671945649249388, 2.430196156691883, 2.8815123442386983, 3.4191965342752675, 3.692831014276175, 4.770312343023253, 3.999102275511343, 3.5050445731830573, 4.853203570838544, 2.242903941322499, 1.2299775363802379, 0.0, 6.708853986337757, 5.904941079299606, 5.9087409437205825, 4.84663296010746, 4.968181447974701, 2.570530233239827, 3.482794705405416, 4.1768453406847605, 4.256306114461224, 3.3367538626635316, 4.703334483108766, 3.903165829169957, 2.601687364000525, 2.927790936866907, 4.154046736617199, 4.166518181887605, 5.003544483663556, 2.412702801838635], [1.0948720153515663, 2.1568056565207727, 3.4957642726591276, 4.182111434431177, 4.478142641765668, 5.672613053082327, 5.989094467446645, 7.505682036297568, 6.428653732314411, 6.4472847525140375, 7.408650678767356, 7.890538060867586, 9.304298473823806, 7.427929148827417, 6.52984441545126, 6.708853986337757, 0.0, 1.7656376015479507, 1.7712302475962858, 2.500128544695252, 2.4276543596649014, 4.278132327312936, 3.740063487429057, 3.849482096334518, 5.283934756410227, 5.032303060229978, 3.760229007653656, 5.586365720215604, 5.825061545597609, 8.078792012423639, 7.873113803318227, 7.930218577693808, 8.010947063237904, 8.081552764166055], [1.0937336193059075, 2.1756643169386214, 2.8877817524875384, 2.911862134442494, 3.205785947314636, 4.3876396422222275, 4.895257660225864, 6.367389833361862, 4.872049229020577, 4.8054728695519655, 5.837815617163666, 6.4684992517584785, 7.870550776788115, 6.219817259373461, 5.441137940725268, 5.904941079299606, 1.7656376015479507, 0.0, 1.7756270920438222, 2.4988218784059018, 3.0601992435134022, 3.863612479273769, 3.268160563681044, 2.3290433808755044, 3.8135946258090936, 4.034003025531835, 2.584459512161102, 4.456876298485296, 5.027786631312033, 6.987149508919928, 6.874243887148608, 6.616171046005386, 6.353837973225316, 6.995530920523474], [1.0945459058440627, 2.169189957103803, 2.7823652132673025, 3.430318652836789, 4.304940978689487, 4.651082147199725, 4.605501389642609, 6.065787553154166, 5.436067562126137, 5.3357374476261485, 6.611585694067649, 7.234878590550086, 8.788300316898598, 6.779945559515946, 5.714381623587981, 5.9087409437205825, 1.7712302475962858, 1.7756270920438222, 0.0, 3.0709363734861066, 2.5205646867319236, 3.7642174884031343, 2.569494078607694, 2.9349438870274844, 5.059994193672558, 4.982334334425982, 3.965672795377854, 4.047169147688295, 4.462052655449059, 6.7569275303202705, 6.308382178498699, 6.4996000630808055, 7.231937160954871, 7.525649066359659], [2.1543783813434447, 1.0950459807697572, 2.1785939708904, 2.928464121344156, 2.778399463720075, 4.397323910061664, 5.142060398322836, 6.623748915078227, 5.374260054184204, 5.857795918261407, 6.06396757741992, 6.165828893993087, 7.471601618796334, 5.504891739171625, 4.758629551667161, 4.84663296010746, 2.500128544695252, 2.4988218784059018, 3.0709363734861066, 0.0, 1.75061018790592, 2.469453261351589, 3.0481032872919513, 3.2830374670417637, 3.8047913753581812, 2.8856082668997187, 2.2478508068819867, 5.207590515775986, 4.917132582105143, 6.891199196076108, 7.2159085872813, 7.140221437042411, 6.820751296594826, 5.98131262015287], [2.136158481948378, 1.097143422711908, 2.1451810599574106, 3.535049001074808, 4.050083175689112, 4.773609902369485, 4.9952508295379925, 6.46639246411784, 5.99222433325055, 6.396225300128194, 6.907853951119697, 7.060456701942163, 8.519238550480905, 6.230881973685587, 5.181623164607785, 4.968181447974701, 2.4276543596649014, 3.0601992435134022, 2.5205646867319236, 1.75061018790592, 0.0, 2.417448171109362, 2.4081812514841983, 3.8149931821695304, 5.10755299336189, 4.160281552972106, 3.7732200492417616, 4.981113069385195, 4.471174704705689, 6.791094906566981, 6.812761109124553, 7.159186916123925, 7.7360696312791815, 6.6899805776997585], [3.47304339736779, 2.1369417423037063, 1.0958072184467484, 2.1794569920051186, 2.838355539744801, 2.8683978245703643, 3.3428358425145555, 4.664673594154258, 4.288651851106592, 5.046087966930422, 5.019960889289877, 4.938283027530925, 6.405890824858007, 3.9399560517853494, 2.849737135245986, 2.570530233239827, 4.278132327312936, 3.863612479273769, 3.7642174884031343, 2.469453261351589, 2.417448171109362, 0.0, 1.7576615601417698, 3.0571226014015203, 3.8296459340257556, 2.6441256513259725, 3.255993436725572, 3.8121945556332766, 2.853794845464544, 4.734661936189319, 5.2250384084712715, 5.399738030682601, 5.966516011878288, 4.349093828603839], [2.787404893444797, 2.127350288504458, 1.095141698594296, 2.1796199255833573, 3.4871526794793484, 2.8410025695166135, 2.641193069429041, 4.102177102466445, 4.140654008728573, 4.510722475391276, 5.24851717059209, 5.57836781684392, 7.197738582360435, 4.816015511810567, 3.5511546657390185, 3.482794705405416, 3.740063487429057, 3.268160563681044, 2.569494078607694, 3.0481032872919513, 2.4081812514841983, 1.7576615601417698, 0.0, 2.4714431330702307, 4.34397660444897, 3.8060833490610793, 3.7891134187300333, 2.648171567327162, 2.15121661856727, 4.546607312051481, 4.424458810973383, 4.813696417515339, 6.096078270494893, 5.4502935820008815], [2.800519523231359, 2.844185192634263, 2.1454931041604395, 1.0988414353308669, 2.1277250127777316, 2.170395917799331, 2.839282013115288, 4.215512663959153, 2.594761565153916, 2.6875142660086477, 3.69728379354358, 4.428802847271484, 5.961712963570117, 4.2571704088514, 3.464051925130453, 4.1768453406847605, 3.849482096334518, 2.3290433808755044, 2.9349438870274844, 3.2830374670417637, 3.8149931821695304, 3.0571226014015203, 2.4714431330702307, 0.0, 2.515710345011921, 3.0568127747704796, 2.4271880973669924, 2.574188681895715, 3.2998961104859044, 4.812930929277917, 4.890433306978023, 4.3809857749141345, 4.307626641202786, 5.155099996120347], [4.470984113145561, 4.0811292297598225, 3.507326101177363, 2.1969909285201887, 1.0931615205448828, 2.8039988837372958, 4.277689770191383, 5.3007958383623865, 2.678317311298271, 3.313141848759271, 2.7554612154773657, 3.058222807448797, 4.1778984980489895, 3.21598465636887, 3.2748973510630837, 4.256306114461224, 5.283934756410227, 3.8135946258090936, 5.059994193672558, 3.8047913753581812, 5.10755299336189, 3.8296459340257556, 4.34397660444897, 2.515710345011921, 0.0, 1.7746753674968274, 1.745385241143055, 4.510054681486689, 4.819573186496912, 5.495156773923743, 6.273247435738527, 5.288754119828223, 3.278445744556405, 3.987217680287847], [4.294974991778183, 3.341320040044054, 2.7838810499013777, 2.193031627678908, 1.0945920016152135, 2.951275869856967, 4.343119948838623, 5.475488319775689, 3.615832139356029, 4.519247655307241, 3.744450545807756, 3.498706183719919, 4.635776560620668, 2.953307137769453, 2.796760536763918, 3.3367538626635316, 5.032303060229978, 4.034003025531835, 4.982334334425982, 2.8856082668997187, 4.160281552972106, 2.6441256513259725, 3.8060833490610793, 3.0568127747704796, 1.7746753674968274, 0.0, 1.767106578562821, 4.8204287081130035, 4.4925671235942595, 5.459020530278303, 6.387690581892645, 5.79210844684386, 4.53472808225587, 3.416385395414282], [3.1281663223044904, 2.7411086716874253, 2.813964416974742, 2.1879046185791555, 1.0943626958188952, 3.550609454727456, 4.773876342135393, 6.100772023277054, 3.950958367282551, 4.421559945313418, 4.379822118534039, 4.619780676612256, 5.785251100859841, 4.3991654333521035, 4.072230968400492, 4.703334483108766, 3.760229007653656, 2.584459512161102, 3.965672795377854, 2.2478508068819867, 3.7732200492417616, 3.255993436725572, 3.7891134187300333, 2.4271880973669924, 1.745385241143055, 1.767106578562821, 0.0, 4.855873304566337, 5.020874678778589, 6.379391887162914, 6.9251118308659825, 6.3036538531236, 4.96511983541183, 5.04549446833509], [4.517503169893741, 4.426885248117461, 3.2043515865148127, 2.7629715181304344, 4.229661494729808, 2.189788165553919, 1.0975131252062544, 2.143808972366708, 2.7594789163898317, 2.6931106624125194, 4.071914866497088, 4.8393633930507844, 6.465366944729432, 4.545739741780209, 3.4564859105744956, 3.903165829169957, 5.586365720215604, 4.456876298485296, 4.047169147688295, 5.207590515775986, 4.981113069385195, 3.8121945556332766, 2.648171567327162, 2.574188681895715, 4.510054681486689, 4.8204287081130035, 4.855873304566337, 0.0, 1.760291762748437, 3.0691473571661554, 2.4667475347104335, 2.5007572073274127, 4.707908347663535, 5.402877211264383], [4.802961888251874, 4.174507550598034, 2.7409702114397376, 2.885785224163434, 4.289424284213442, 2.196464226888296, 1.0961770340597359, 2.120956147590044, 3.4532611803916597, 3.9417990524632276, 4.498115504297328, 4.785304738467551, 6.401587028229796, 4.027341705144971, 2.706165268419503, 2.601687364000525, 5.825061545597609, 5.027786631312033, 4.462052655449059, 4.917132582105143, 4.471174704705689, 2.853794845464544, 2.15121661856727, 3.2998961104859044, 4.819573186496912, 4.4925671235942595, 5.020874678778589, 1.760291762748437, 0.0, 2.498475253029335, 2.4130914964004164, 3.052454412435999, 5.361262207726834, 4.647009237133061], [7.008982486067431, 6.360887949020953, 4.832868970911585, 4.352266897836115, 5.389024870976195, 2.859528697180709, 2.1829868849812177, 1.0941142947608353, 3.3531137186203512, 3.980408745342619, 3.850735257064552, 3.958727112343057, 5.280642130461029, 3.477377192655407, 2.7661539526931613, 2.927790936866907, 8.078792012423639, 6.987149508919928, 6.7569275303202705, 6.891199196076108, 6.791094906566981, 4.734661936189319, 4.546607312051481, 4.812930929277917, 5.495156773923743, 5.459020530278303, 6.379391887162914, 3.0691473571661554, 2.498475253029335, 0.0, 1.7673713758007963, 1.7745465251719945, 4.570328750757433, 3.9648158771877413], [6.822993994574523, 6.4630229397705214, 5.052595722002701, 4.753095493465285, 6.088054684379896, 3.5310726146597444, 2.160711655913394, 1.0950729427759598, 3.9831871271633723, 4.131698677299689, 4.878289085324895, 5.353246395412787, 6.777241864505059, 4.978771262068584, 4.036218915024309, 4.154046736617199, 7.873113803318227, 6.874243887148608, 6.308382178498699, 7.2159085872813, 6.812761109124553, 5.2250384084712715, 4.424458810973383, 4.890433306978023, 6.273247435738527, 6.387690581892645, 6.9251118308659825, 2.4667475347104335, 2.4130914964004164, 1.7673713758007963, 0.0, 1.7643754844136779, 5.477381152521705, 5.593939009320713], [6.838296995597662, 6.557940701927702, 5.138563423759601, 4.313794610317, 5.398382729114341, 2.9001362312829375, 2.1864554763360724, 1.0936965484081955, 2.689521254796102, 2.785410923005796, 3.4111062677671007, 4.095185917635486, 5.4289457926930895, 4.131804982087126, 3.5562640312552722, 4.166518181887605, 7.930218577693808, 6.616171046005386, 6.4996000630808055, 7.140221437042411, 7.159186916123925, 5.399738030682601, 4.813696417515339, 4.3809857749141345, 5.288754119828223, 5.79210844684386, 6.3036538531236, 2.5007572073274127, 3.052454412435999, 1.7745465251719945, 1.7643754844136779, 0.0, 3.8464359139338327, 4.89141295026294], [7.034460621824533, 6.781992976257053, 5.702632762154687, 4.2122996450869925, 4.1229040262902075, 3.3829951285805895, 4.402312232225243, 4.456987181942528, 2.024690628219531, 2.417947975039992, 1.012689473629503, 2.0385865642645644, 2.745903548925199, 3.2306052451514407, 3.7937867494101463, 5.003544483663556, 8.010947063237904, 6.353837973225316, 7.231937160954871