{"total energy": -29.35818184, "HOMO-LUMO gap/eV": 11.31255498, "electronic energy": -29.72656464, "dipole": [-0.41104256, 0.55095016, 0.22755927], "partial charges": [-0.46032409, 0.11746827, -0.06530259, -0.05519649, -0.05551618, -0.05621896, -0.05675185, -0.0577321, -0.0629339, 0.27943062, 0.01921375, 0.03938045, 0.02149534, 0.02793015, 0.03724515, 0.02690492, 0.02690698, 0.03068901, 0.02537345, 0.0271364, 0.03626588, 0.02939787, 0.03093959, 0.04054086, 0.05365749], "atomic dipole moments": [[-0.17497525, 0.14646939, 0.05816923], [0.16888339, -0.01826357, -0.05359193], [-0.08628586, -0.06750799, -0.00318406], [0.0074964, -0.03442715, 0.10822626], [0.0513872, -0.09573561, -0.02405075], [0.03917889, 0.00984803, -0.10563348], [0.0821983, 0.01393992, 0.07739404], [0.02554324, 0.10446414, -0.03050572], [-0.05452513, 0.05599667, 0.10003419], [0.0186134, 0.05328645, 0.0536289], [-0.03709329, -0.0100929, 0.11548437], [0.0925445, 0.0243866, -0.07746289], [0.03491907, 0.07421423, 0.08733086], [0.01977365, 0.1099841, -0.03650923], [-0.02095232, -0.05282424, -0.11048267], [0.01593606, 0.07473967, 0.09516317], [-0.08758721, 0.05432051, -0.05882723], [0.05151051, -0.02908296, 0.11094127], [-0.11179638, 0.01793413, 0.03360673], [-0.10201034, -0.05719603, 0.0176892], [-0.01401747, 0.03860995, -0.12176504], [-0.02575425, -0.09186299, -0.07033621], [-0.00299191, -0.05405971, 0.11176986], [0.00941038, 0.03459055, -0.12174472], [0.06862293, -0.10587114, -0.00581774]], "atomic quadrupole moments": [[0.14727654, -0.07035643, -0.04976459, 0.03798858, 0.02461637, -0.09751195], [0.30570677, -0.08546771, -0.02468709, 0.13856793, 0.01926081, -0.28101968], [0.01237293, -0.09196384, 0.09631074, 0.12569375, -0.13752836, -0.10868367], [0.21588796, -0.08905967, -0.15026129, -0.02783277, -0.03257604, -0.06562668], [0.02617343, 0.08223612, 0.02786658, -0.18193249, -0.08219614, -0.05404001], [-0.1556909, 0.0887106, 0.20526506, -0.024026, 0.05868339, -0.04957416], [-0.03496728, -0.13657374, 0.10808286, 0.01671153, 0.12730359, -0.07311559], [0.21509347, -0.05378846, -0.035548, -0.03874294, -0.02258944, -0.17954548], [0.09835539, 0.16808737, -0.03394619, 0.01608047, 0.11171329, -0.0644092], [-0.01625357, 0.04235557, 0.00396497, 0.05659762, 0.09985759, 0.01228861], [0.03168978, 0.00619995, -0.02251339, -0.01844327, 0.00532355, -0.00917639], [0.01389336, -0.02137388, -0.03567811, -0.04429688, -0.01155725, 0.02178475], [-0.05131359, -0.00423483, 0.00892126, 0.01409786, 0.03503845, 0.04239234], [-0.00493627, 0.0113185, 0.05229278, -0.00777188, -0.02103376, -0.04735652], [-0.00516964, 0.00951356, 0.00669291, 0.01268729, 0.05559435, -0.00152327], [-0.03349808, 0.03069879, -0.00659563, 0.01417591, 0.02789262, 0.04009371], [0.03426578, -0.00601803, -0.03382083, 0.02386294, -0.04329962, -0.00044495], [0.00080352, -0.02330313, 0.00392673, 0.05068188, -0.01281051, -0.00473025], [0.04918835, -0.00631921, 0.00304489, -0.01590828, 0.00796912, -0.05223324], [0.03203104, 0.02301146, 0.01417931, -0.03558786, 0.01175448, -0.04621035], [-0.04478535, 0.00371516, 0.00860434, -0.01754245, -0.03584194, 0.03618101], [0.0012637, 0.00404024, 0.00143868, 0.01177789, 0.05821895, -0.00270237], [-0.00773962, -0.01059115, -0.04574889, -0.00054581, -0.02104652, 0.05348851], [-0.03713443, 0.01259902, 0.00266864, 0.01310368, -0.04152463, 0.03446579], [0.01886988, -0.03234671, 0.02961605, 0.01726742, -0.01059692, -0.04848594]], "number of molecular orbitals": 52, "number of electrons": 54, "number of unpaired electrons": 0, "orbital energies/eV": [-18.41641104, -17.17536845, -16.85543651, -16.82362046, -16.29303744, -16.19178264, -15.5196291, -15.33148625, -14.92427493, -14.82862623, -14.1401611, -14.09105328, -13.72844315, -13.60102851, -13.4855537, -13.35370449, -12.90722151, -12.5899571, -12.41546549, -12.08948466, -11.99202848, -11.9028118, -11.69531532, -11.49145098, -11.27173638, -11.12787006, -10.82954684, 0.48300815, 1.76911495, 2.22698313, 2.3053079, 2.46721049, 2.59495527, 2.66163428, 2.93416595, 2.96664757, 4.04816438, 4.54631932, 4.5925748, 4.90444181, 5.03449154, 5.2440192, 5.28111014, 5.8728335, 6.0456365, 6.645156, 7.03653534, 7.43732887, 7.76908993, 8.30513755, 8.92998031, 9.03383547], "fractional occupation": [2.0, 2.0, 2.0, 2.0, 2.0, 2.0, 2.0, 2.0, 2.0, 2.0, 2.0, 2.0, 2.0, 2.0, 2.0, 2.0, 2.0, 2.0, 2.0, 2.0, 2.0, 2.0, 2.0, 2.0, 2.0, 2.0, 2.0, 0.0, 0.0, 0.0, 0.0, 0.0, 0.0, 0.0, 0.0, 0.0, 0.0, 0.0, 0.0, 0.0, 0.0, 0.0, 0.0, 0.0, 0.0, 0.0, 0.0, 0.0, 0.0, 0.0, 0.0, 0.0], "program call": "xtb /home/svss/Project-DBcg-Debug/aqme2_20220329/End-to-End-workflows-final/example-3/QDESCP/mol_310_rdkit_conf_9/mol_310_rdkit_conf_9.xyz --pop --wbo --acc 0.2 --gfn 2 --chrg 0 --uhf 0 --etemp 300 --input /home/svss/Project-DBcg-Debug/aqme2_20220329/End-to-End-workflows-final/example-3/QDESCP/mol_310_rdkit_conf_9/mol_310_rdkit_conf_9_xtb.inp", "method": "GFN2-xTB", "xtb version": "6.3.3 (7355c4f)", "Dipole module/D": 1.84, "Total charge": 0, "Transition dipole module/D": NaN, "HOMO": -10.8295, "LUMO": 0.483, "HOMO occupancy": 2.0, "LUMO occupancy": 0, "mulliken charges": [-0.5734, 0.21711, -0.07292, -0.04745, -0.04934, -0.05086, -0.05005, -0.05059, -0.05908, 0.33258, 0.01165, 0.03803, 0.0205, 0.02769, 0.02606, 0.02378, 0.02483, 0.0227, 0.0257, 0.02597, 0.02642, 0.02769, 0.02496, 0.02828, 0.04976], "cm5 charges": [-0.78525, 0.16915, -0.17847, -0.15778, -0.15937, -0.16118, -0.16014, -0.16082, -0.16372, 0.50179, 0.08027, 0.09641, 0.07734, 0.08218, 0.08269, 0.07854, 0.07956, 0.07908, 0.08009, 0.08047, 0.08234, 0.08208, 0.08034, 0.08544, 0.10899], "FUKUI+": [-0.135, -0.039, 0.011, -0.003, 0.017, 0.014, 0.015, -0.012, -0.004, -0.109, -0.093, -0.06, -0.049, -0.059, -0.036, -0.031, -0.04, -0.02, -0.046, -0.05, -0.044, -0.063, -0.047, -0.055, -0.059], "FUKUI-": [-0.098, -0.0, 0.008, 0.01, 0.01, 0.004, 0.009, 0.006, 0.008, -0.048, -0.086, -0.065, -0.052, -0.074, -0.044, -0.055, -0.061, -0.051, -0.094, -0.081, -0.042, -0.064, -0.04, -0.047, -0.053], "FUKUIrad": [-0.117, -0.02, 0.009, 0.003, 0.013, 0.009, 0.012, -0.003, 0.002, -0.079, -0.09, -0.063, -0.051, -0.066, -0.04, -0.043, -0.051, -0.036, -0.07, -0.066, -0.043, -0.064, -0.043, -0.051, -0.056], "s proportion": [1.701, 1.024, 1.042, 1.03, 1.031, 1.031, 1.031, 1.034, 1.036, 0.667, 0.988, 0.962, 0.979, 0.972, 0.974, 0.976, 0.975, 0.977, 0.974, 0.974, 0.974, 0.972, 0.975, 0.972, 0.95], "p proportion": [4.872, 2.759, 3.031, 3.018, 3.019, 3.02, 3.019, 3.016, 3.023, 0.0, 0.0, 0.0, 0.0, 0.0, 0.0, 0.0, 0.0, 0.0, 0.0, 0.0, 0.0, 0.0, 0.0, 0.0, 0.0], "d proportion": [0.0, 0.0, 0.0, 0.0, 0.0, 0.0, 0.0, 0.0, 0.0, 0.0, 0.0, 0.0, 0.0, 0.0, 0.0, 0.0, 0.0, 0.0, 0.0, 0.0, 0.0, 0.0, 0.0, 0.0, 0.0], "Fermi-level/eV": -5.1733, "Coordination numbers": [1.652, 3.722, 3.799, 3.799, 3.799, 3.799, 3.798, 3.798, 3.798, 0.804, 0.924, 0.923, 0.923, 0.923, 0.924, 0.924, 0.923, 0.924, 0.923, 0.923, 0.924, 0.923, 0.924, 0.924, 0.923], "Dispersion coefficient C6": [22.057, 18.764, 21.754, 21.568, 21.574, 21.587, 21.597, 21.615, 21.711, 0.786, 2.745, 2.457, 2.711, 2.616, 2.486, 2.631, 2.631, 2.577, 2.653, 2.628, 2.499, 2.595, 2.573, 2.442, 2.275], "Total dispersion C6": 4405.498264, "Total dispersion C8": 93392.001189, "Polarizability alpha": [6.34, 6.186, 6.641, 6.613, 6.613, 6.615, 6.617, 6.62, 6.634, 1.393, 2.591, 2.451, 2.575, 2.53, 2.466, 2.537, 2.537, 2.51, 2.547, 2.535, 2.472, 2.519, 2.509, 2.444, 2.359], "Total polarizability alpha": 97.854233, "Wiberg matrix": [[0.0, 0.9697131374864111, 0.0, 0.0, 0.0, 0.0, 0.0, 0.0, 0.0, 0.905968502510347, 0.0, 0.0, 0.0, 0.0, 0.0, 0.0, 0.0, 0.0, 0.0, 0.0, 0.0, 0.0, 0.0, 0.0, 0.0], [0.9697131374864111, 0.0, 0.9903346573327191, 0.0, 0.0, 0.0, 0.0, 0.0, 0.9950080898717254, 0.0, 0.9626585649319126, 0.0, 0.0, 0.0, 0.0, 0.0, 0.0, 0.0, 0.0, 0.0, 0.0, 0.0, 0.0, 0.0, 0.0], [0.0, 0.9903346573327191, 0.0, 1.0070821150842089, 0.0, 0.0, 0.0, 0.0, 0.0, 0.0, 0.0, 0.9742758754651639, 0.9758951077120908, 0.0, 0.0, 0.0, 0.0, 0.0, 0.0, 0.0, 0.0, 0.0, 0.0, 0.0, 0.0], [0.0, 0.0, 1.0070821150842089, 0.0, 1.008740281281265, 0.0, 0.0, 0.0, 0.0, 0.0, 0.0, 0.0, 0.0, 0.9752232139851903, 0.9709031712216522, 0.0, 0.0, 0.0, 0.0, 0.0, 0.0, 0.0, 0.0, 0.0, 0.0], [0.0, 0.0, 0.0, 1.008740281281265, 0.0, 1.0059891486231096, 0.0, 0.0, 0.0, 0.0, 0.0, 0.0, 0.0, 0.0, 0.0, 0.9773829825179188, 0.978455532194799, 0.0, 0.0, 0.0, 0.0, 0.0, 0.0, 0.0, 0.0], [0.0, 0.0, 0.0, 0.0, 1.0059891486231096, 0.0, 1.005547340572446, 0.0, 0.0, 0.0, 0.0, 0.0, 0.0, 0.0, 0.0, 0.0, 0.0, 0.9735039994789321, 0.979175258776452, 0.0, 0.0, 0.0, 0.0, 0.0, 0.0], [0.0, 0.0, 0.0, 0.0, 0.0, 1.005547340572446, 0.0, 1.0084774712689024, 0.0, 0.0, 0.0, 0.0, 0.0, 0.0, 0.0, 0.0, 0.0, 0.0, 0.0, 0.9784980567172409, 0.9737375648096795, 0.0, 0.0, 0.0, 0.0], [0.0, 0.0, 0.0, 0.0, 0.0, 0.0, 1.0084774712689024, 0.0, 1.0076326332471084, 0.0, 0.0, 0.0, 0.0, 0.0, 0.0, 0.0, 0.0, 0.0, 0.0, 0.0, 0.0, 0.976800998442706, 0.9762474491431438, 0.0, 0.0], [0.0, 0.9950080898717254, 0.0, 0.0, 0.0, 0.0, 0.0, 1.0076326332471084, 0.0, 0.0, 0.0, 0.0, 0.0, 0.0, 0.0, 0.0, 0.0, 0.0, 0.0, 0.0, 0.0, 0.0, 0.0, 0.97373844715186, 0.9713254590882963], [0.905968502510347, 0.0, 0.0, 0.0, 0.0, 0.0, 0.0, 0.0, 0.0, 0.0, 0.0, 0.0, 0.0, 0.0, 0.0, 0.0, 0.0, 0.0, 0.0, 0.0, 0.0, 0.0, 0.0, 0.0, 0.0], [0.0, 0.9626585649319126, 0.0, 0.0, 0.0, 0.0, 0.0, 0.0, 0.0, 0.0, 0.0, 0.0, 0.0, 0.0, 0.0, 0.0, 0.0, 0.0, 0.0, 0.0, 0.0, 0.0, 0.0, 0.0, 0.0], [0.0, 0.0, 0.9742758754651639, 0.0, 0.0, 0.0, 0.0, 0.0, 0.0, 0.0, 0.0, 0.0, 0.0, 0.0, 0.0, 0.0, 0.0, 0.0, 0.0, 0.0, 0.0, 0.0, 0.0, 0.0, 0.0], [0.0, 0.0, 0.9758951077120908, 0.0, 0.0, 0.0, 0.0, 0.0, 0.0, 0.0, 0.0, 0.0, 0.0, 0.0, 0.0, 0.0, 0.0, 0.0, 0.0, 0.0, 0.0, 0.0, 0.0, 0.0, 0.0], [0.0, 0.0, 0.0, 0.9752232139851903, 0.0, 0.0, 0.0, 0.0, 0.0, 0.0, 0.0, 0.0, 0.0, 0.0, 0.0, 0.0, 0.0, 0.0, 0.0, 0.0, 0.0, 0.0, 0.0, 0.0, 0.0], [0.0, 0.0, 0.0, 0.9709031712216522, 0.0, 0.0, 0.0, 0.0, 0.0, 0.0, 0.0, 0.0, 0.0, 0.0, 0.0, 0.0, 0.0, 0.0, 0.0, 0.0, 0.0, 0.0, 0.0, 0.0, 0.0], [0.0, 0.0, 0.0, 0.0, 0.9773829825179188, 0.0, 0.0, 0.0, 0.0, 0.0, 0.0, 0.0, 0.0, 0.0, 0.0, 0.0, 0.0, 0.0, 0.0, 0.0, 0.0, 0.0, 0.0, 0.0, 0.0], [0.0, 0.0, 0.0, 0.0, 0.978455532194799, 0.0, 0.0, 0.0, 0.0, 0.0, 0.0, 0.0, 0.0, 0.0, 0.0, 0.0, 0.0, 0.0, 0.0, 0.0, 0.0, 0.0, 0.0, 0.0, 0.0], [0.0, 0.0, 0.0, 0.0, 0.0, 0.9735039994789321, 0.0, 0.0, 0.0, 0.0, 0.0, 0.0, 0.0, 0.0, 0.0, 0.0, 0.0, 0.0, 0.0, 0.0, 0.0, 0.0, 0.0, 0.0, 0.0], [0.0, 0.0, 0.0, 0.0, 0.0, 0.979175258776452, 0.0, 0.0, 0.0, 0.0, 0.0, 0.0, 0.0, 0.0, 0.0, 0.0, 0.0, 0.0, 0.0, 0.0, 0.0, 0.0, 0.0, 0.0, 0.0], [0.0, 0.0, 0.0, 0.0, 0.0, 0.0, 0.9784980567172409, 0.0, 0.0, 0.0, 0.0, 0.0, 0.0, 0.0, 0.0, 0.0, 0.0, 0.0, 0.0, 0.0, 0.0, 0.0, 0.0, 0.0, 0.0], [0.0, 0.0, 0.0, 0.0, 0.0, 0.0, 0.9737375648096795, 0.0, 0.0, 0.0, 0.0, 0.0, 0.0, 0.0, 0.0, 0.0, 0.0, 0.0, 0.0, 0.0, 0.0, 0.0, 0.0, 0.0, 0.0], [0.0, 0.0, 0.0, 0.0, 0.0, 0.0, 0.0, 0.976800998442706, 0.0, 0.0, 0.0, 0.0, 0.0, 0.0, 0.0, 0.0, 0.0, 0.0, 0.0, 0.0, 0.0, 0.0, 0.0, 0.0, 0.0], [0.0, 0.0, 0.0, 0.0, 0.0, 0.0, 0.0, 0.9762474491431438, 0.0, 0.0, 0.0, 0.0, 0.0, 0.0, 0.0, 0.0, 0.0, 0.0, 0.0, 0.0, 0.0, 0.0, 0.0, 0.0, 0.0], [0.0, 0.0, 0.0, 0.0, 0.0, 0.0, 0.0, 0.0, 0.97373844715186, 0.0, 0.0, 0.0, 0.0, 0.0, 0.0, 0.0, 0.0, 0.0, 0.0, 0.0, 0.0, 0.0, 0.0, 0.0, 0.0], [0.0, 0.0, 0.0, 0.0, 0.0, 0.0, 0.0, 0.0, 0.9713254590882963, 0.0, 0.0, 0.0, 0.0, 0.0, 0.0, 0.0, 0.0, 0.0, 0.0, 0.0, 0.0, 0.0, 0.0, 0.0, 0.0]], "Born radii": [], "Atomic SASAs": [], "Solvent H bonds": [], "Total SASA": NaN, "Total FOD": 0.0, "FOD": [0.0, 0.0, 0.0, 0.0, 0.0, 0.0, 0.0, 0.0, 0.0, 0.0, 0.0, 0.0, 0.0, 0.0, 0.0, 0.0, 0.0, 0.0, 0.0, 0.0, 0.0, 0.0, 0.0, 0.0, 0.0], "FOD s proportion": [0.0, 0.0, 0.0, 0.0, 0.0, 0.0, 0.0, 0.0, 0.0, 0.0, 0.0, 0.0, 0.0, 0.0, 0.0, 0.0, 0.0, 0.0, 0.0, 0.0, 0.0, 0.0, 0.0, 0.0, 0.0], "FOD p proportion": [0.0, 0.0, 0.0, 0.0, 0.0, 0.0, 0.0, 0.0, 0.0, 0.0, 0.0, 0.0, 0.0, 0.0, 0.0, 0.0, 0.0, 0.0, 0.0, 0.0, 0.0, 0.0, 0.0, 0.0, 0.0], "FOD d proportion": [0.0, 0.0, 0.0, 0.0, 0.0, 0.0, 0.0, 0.0, 0.0, 0.0, 0.0, 0.0, 0.0, 0.0, 0.0, 0.0, 0.0, 0.0, 0.0, 0.0, 0.0, 0.0, 0.0, 0.0, 0.0], "coordinates": [["2.81560", "-0.71240", "0.47580"], ["1.43950", "-0.37130", "0.25200"], ["1.41280", "1.07600", "-0.24800"], ["0.13040", "1.57980", "-0.90030"], ["-1.10860", "1.61360", "-0.01190"], ["-1.65530", "0.27880", "0.49430"], ["-1.68330", "-0.84940", "-0.53670"], ["-0.55390", "-1.87190", "-0.39330"], ["0.86460", "-1.40050", "-0.72650"], ["3.17010", "-0.08440", "1.12840"], ["0.95610", "-0.45300", "1.22900"], ["2.22850", "1.20940", "-0.97250"], ["1.67690", "1.73680", "0.58850"], ["0.31960", "2.61040", "-1.23040"], ["-0.07190", "1.02500", "-1.82200"], ["-0.92210", "2.26580", "0.85040"], ["-1.90600", "2.10280", "-0.58740"], ["-1.13170", "-0.03150", "1.40380"], ["-2.68780", "0.46640", "0.81960"], ["-2.62130", "-1.40170", "-0.38910"], ["-1.73050", "-0.46320", "-1.56050"], ["-0.78530", "-2.71060", "-1.06320"], ["-0.56760", "-2.28910", "0.62160"], ["0.90690", "-1.03210", "-1.75790"], ["1.50410", "-2.29390", "-0.71740"]], "bond_dist": [[0.0, 1.4353002682365803, 2.3853949023170147, 3.789212463032391, 4.587752492234078, 4.579494131451639, 4.613461440176995, 3.6678747674913876, 2.3927824598153506, 0.9725949876490215, 2.0229530024199773, 2.477009192554602, 2.7033164113732595, 4.4924530359259185, 4.078737531393752, 4.793787822797333, 5.599040260616099, 4.111688959539619, 5.638721436637919, 5.548249103095498, 4.98754885088858, 4.396339960694577, 3.7354093175982737, 2.9554626490619027, 2.37589998526874], [1.4353002682365803, 0.0, 1.5314666760984386, 2.61693127727879, 3.240722886949762, 3.1716125772231387, 3.256149127420303, 2.577179855966595, 1.5320655664820617, 1.9609602061235207, 1.093105415776539, 2.14954268159532, 2.1479470710424873, 3.513149677995516, 2.9215508980676685, 3.5901996504372846, 4.244777193210498, 2.8378119599437874, 4.24953130827389, 4.238257898004793, 3.652738953169252, 3.4859447170028384, 2.8005377001568825, 2.181746412853703, 2.154135622471343], [2.3853949023170147, 1.5314666760984386, 0.0, 1.5244210343602582, 2.58886363681056, 3.255729525006646, 3.657369007907187, 3.5467076831901436, 2.581189210422204, 2.515771931237011, 2.17438379546942, 1.0991188743716487, 1.098243005896236, 2.1247539528143013, 2.16435003869522, 2.841454664428064, 3.490550678617917, 3.229470504587401, 4.280923064013181, 4.736335008210463, 3.737930949067947, 4.4535978949608825, 4.000260782749045, 2.641934599871844, 3.4036595099980254], [3.789212463032391, 2.61693127727879, 1.5244210343602582, 0.0, 1.524964917629255, 2.6127063841924527, 3.053313821080303, 3.555214252334168, 3.074320115082358, 4.015589797277606, 3.057445800010198, 2.1317674849757893, 2.1524025390247057, 1.0985895548383844, 1.0946502729182506, 2.154832415757662, 2.1256435190313545, 3.0818924234956677, 3.484245515172546, 4.089317862431337, 2.841243011430033, 4.390054106728071, 4.215657815810007, 2.8566504196348563, 4.11412880085201], [4.587752492234078, 3.240722886949762, 2.58886363681056, 1.524964917629255, 0.0, 1.5286629353784957, 2.5830339002808307, 3.5499110270540584, 3.6727333431655507, 4.742442596384273, 3.173902087336659, 3.496050115487477, 2.852134051898683, 2.1255840914910893, 2.1674083279345404, 1.0971364454797774, 1.0983458699335105, 2.170505496422435, 2.1216344477784106, 3.3944918942310056, 2.6642109169508332, 4.461889758835374, 3.99062282607615, 3.7563925167639227, 4.753155561308718], [4.579494131451639, 3.1716125772231387, 3.255729525006646, 2.6127063841924527, 1.5286629353784957, 0.0, 1.5285876618630676, 2.5741845718596017, 3.265011047454511, 4.880418241298588, 2.809755379032132, 4.254576481860445, 3.6384329703871146, 3.508728923698723, 2.9033111596933594, 2.147686767198606, 2.135392558758225, 1.0943643360417041, 1.0986674201049198, 2.130171779458173, 2.185960219217175, 3.4812668110904683, 2.7916674210944254, 3.654549560479376, 4.250742351636946], [4.613461440176995, 3.256149127420303, 3.657369007907187, 3.053313821080303, 2.5830339002808307, 1.5285876618630676, 0.0, 1.5302333710908278, 2.613719506756607, 5.18780055225719, 3.200197151739249, 4.441931822979726, 4.38696358772215, 4.057467700425969, 2.786033275106383, 3.493986675704417, 2.96102188779482, 2.176870051243298, 2.1400699941824337, 1.0984830676892567, 1.0952372893578817, 2.1325270666512064, 2.1585137178160347, 2.869467680598616, 3.5041049499123167], [3.6678747674913876, 2.577179855966595, 3.5467076831901436, 3.555214252334168, 3.5499110270540584, 2.5741845718596017, 1.5302333710908278, 0.0, 1.5314641523718404, 4.402147559998415, 2.631584028679305, 4.191853061594597, 4.354665953893593, 4.642709548313355, 3.265813420880011, 4.336233644535312, 4.2028667966044315, 2.636378844172438, 3.3900298685999806, 2.1202000943307215, 2.1751273732818497, 1.0980572207312331, 1.0973903316505025, 2.168255944301779, 2.1256737308439413], [2.3927824598153506, 1.5320655664820617, 2.581189210422204, 3.074320115082358, 3.6727333431655507, 3.265011047454511, 2.613719506756607, 1.5314641523718404, 0.0, 3.2385341545211475, 2.1748813186010865, 2.955049444594794, 3.49738582086678, 4.079002208874126, 2.8213831271204555, 4.372718398204943, 4.468633354841276, 3.224523651642208, 4.300614674671517, 3.502190601609227, 2.882469652919177, 2.133517965708281, 2.1582818189476556, 1.0960354966879495, 1.0987295481600554], [0.9725949876490215, 1.9609602061235207, 2.515771931237011, 4.015589797277606, 4.742442596384273, 4.880418241298588, 5.18780055225719, 4.402147559998415, 3.2385341545211475, 0.0, 2.2467270239172366, 2.640891858823455, 2.416176253918575, 4.5772518753068425, 4.521746622711184, 4.727242841234201, 5.787452348831911, 4.310931083884316, 5.8918359184553, 6.130122307099591, 5.60263804024497, 5.229266311826163, 4.368975809042665, 3.7882630874848173, 3.3263228781944787], [2.0229530024199773, 1.093105415776539, 2.17438379546942, 3.057445800010198, 3.173902087336659, 2.809755379032132, 3.200197151739249, 2.631584028679305, 2.1748813186010865, 2.2467270239172366, 0.0, 3.0379561830283204, 2.392700760646847, 3.979723629851701, 3.5425794274793616, 3.32608578362014, 4.245354992223854, 2.1370835570936384, 3.7803322512710444, 4.039315543504864, 3.8728844354047025, 3.6583346703110693, 2.462084413662537, 3.0429178529825616, 2.734536481746038], [2.477009192554602, 2.14954268159532, 1.0991188743716487, 2.1317674849757893, 3.496050115487477, 4.254576481860445, 4.441931822979726, 4.191853061594597, 2.955049444594794, 2.640891858823455, 3.0379561830283204, 0.0, 1.7375656304151506, 2.3818506712218546, 2.45916525878193, 3.7901485102829415, 4.2474175471691025, 4.298555401527355, 5.285231981663624, 5.538840926583828, 4.3378584301473, 4.945464278508136, 4.753822911089558, 2.7180511345447496, 3.586494424922476], [2.7033164113732595, 2.1479470710424873, 1.098243005896236, 2.1524025390247057, 2.852134051898683, 3.6384329703871146, 4.38696358772215, 4.354665953893593, 3.49738582086678, 2.416176253918575, 2.392700760646847, 1.7375656304151506, 0.0, 2.431838288209148, 3.0619390800602155, 2.665189225927495, 3.7886500524593187, 3.417577056922053, 4.551695229252503, 5.411137334239448, 4.590051825415482, 5.345082645759558, 4.609419341956208, 3.7101617444526593, 4.240492558654005], [4.4924530359259185, 3.513149677995516, 2.1247539528143013, 1.0985895548383844, 2.1255840914910893, 3.508728923698723, 4.057467700425969, 4.642709548313355, 4.079002208874126, 4.5772518753068425, 3.979723629851701, 2.3818506712218546, 2.431838288209148, 0.0, 1.736881104163437, 2.4475082614773744, 2.371582197605641, 4.00311340583801, 4.2241793001718095, 5.045158561432931, 3.7092981789012325, 5.437076498450247, 5.312450290590962, 3.7270610123795938, 5.0713280055622505], [4.078737531393752, 2.9215508980676685, 2.16435003869522, 1.0946502729182506, 2.1674083279345404, 2.9033111596933594, 2.786033275106383, 3.265813420880011, 2.8213831271204555, 4.521746622711184, 3.5425794274793616, 2.45916525878193, 3.0619390800602155, 1.736881104163437, 0.0, 3.0666180786005945, 2.459636723176819, 3.5560025210902197, 3.7593905530019094, 3.800199423714498, 2.2436745419066466, 3.878069669307141, 4.147307350558914, 2.2789950987222416, 3.8365367677112125], [4.793787822797333, 3.5901996504372846, 2.841454664428064, 2.154832415757662, 1.0971364454797774, 2.147686767198606, 3.493986675704417, 4.336233644535312, 4.372718398204943, 4.727242841234201, 3.32608578362014, 3.7901485102829415, 2.665189225927495, 2.4475082614773744, 3.0666180786005945, 0.0, 1.7498277200913237, 2.3722923533999767, 2.521207149363178, 4.227788682041713, 3.730065732664774, 5.3333981812724245, 4.5743998185554355, 4.58526054875838, 5.39771316114519], [5.599040260616099, 4.244777193210498, 3.490550678617917, 2.1256435190313545, 1.0983458699335105, 2.135392558758225, 2.96102188779482, 4.2028667966044315, 4.468633354841276, 5.787452348831911, 4.245354992223854, 4.2474175471691025, 3.7886500524593187, 2.371582197605641, 2.459636723176819, 1.7498277200913237, 0.0, 3.0198765570797756, 2.2953573142323616, 3.5822475109908303, 2.749923609848099, 4.964994832827119, 4.747818569616998, 4.371507139419997, 5.565667336447624], [4.111688959539619, 2.8378119599437874, 3.229470504587401, 3.0818924234956677, 2.170505496422435, 1.0943643360417041, 2.176870051243298, 2.636378844172438, 3.224523651642208, 4.310931083884316, 2.1370835570936384, 4.298555401527355, 3.417577056922053, 4.00311340583801, 3.5560025210902197, 2.3722923533999767, 3.0198765570797756, 0.0, 1.7351199555073995, 2.7038577273961737, 3.0548323718331907, 3.6583683207134845, 2.454954869238944, 3.8927416058608353, 4.0700595622177325], [5.638721436637919, 4.24953130827389, 4.280923064013181, 3.484245515172546, 2.1216344477784106, 1.0986674201049198, 2.1400699941824337, 3.3900298685999806, 4.300614674671517, 5.8918359184553, 3.7803322512710444, 5.285231981663624, 4.551695229252503, 4.2241793001718095, 3.7593905530019094, 2.521207149363178, 2.2953573142323616, 1.7351199555073995, 0.0, 2.226022360624439, 2.728636190480512, 4.154247355418308, 3.482417592707687, 4.670211621543504, 5.249157141865731], [5.548249103095498, 4.238257898004793, 4.736335008210463, 4.089317862431337, 3.3944918942310056, 2.130171779458173, 1.0984830676892567, 2.1202000943307215, 3.502190601609227, 6.130122307099591, 4.039315543504864, 5.538840926583828, 5.411137334239448, 5.045158561432931, 3.800199423714498, 4.227788682041713, 3.5822475109908303, 2.7038577273961737, 2.226022360624439, 0.0, 1.7454182450060503, 2.353407321310954, 2.4549291109928206, 3.8024219702710536, 4.233524169058209], [4.98754885088858, 3.652738953169252, 3.737930949067947, 2.841243011430033, 2.6642109169508332, 2.185960219217175, 1.0952372893578817, 2.1751273732818497, 2.882469652919177, 5.60263804024497, 3.8728844354047025, 4.3378584301473, 4.590051825415482, 3.7092981789012325, 2.2436745419066466, 3.730065732664774, 2.749923609848099, 3.0548323718331907, 2.728636190480512, 1.7454182450060503, 0.0, 2.488275927223506, 3.0737286200964458, 2.705271285841773, 3.8111569450758647], [4.396339960694577, 3.4859447170028384, 4.4535978949608825, 4.390054106728071, 4.461889758835374, 3.4812668110904683, 2.1325270666512064, 1.0980572207312331, 2.133517965708281, 5.229266311826163, 3.6583346703110693, 4.945464278508136, 5.345082645759558, 5.437076498450247, 3.878069669307141, 5.3333981812724245, 4.964994832827119, 3.6583683207134845, 4.154247355418308, 2.353407321310954, 2.488275927223506, 0.0, 1.7503161371592277, 2.4826419757991687, 2.352566447520665], [3.7354093175982737, 2.8005377001568825, 4.000260782749045, 4.215657815810007, 3.99062282607615, 2.7916674210944254, 2.1585137178160347, 1.0973903316505025, 2.1582818189476556, 4.368975809042665, 2.462084413662537, 4.753822911089558, 4.609419341956208, 5.312450290590962, 4.147307350558914, 4.5743998185554355, 4.747818569616998, 2.454954869238944, 3.482417592707687, 2.4549291109928206, 3.0737286200964458, 1.7503161371592277, 0.0, 3.0685859121100063, 2.4667559526633354], [2.9554626490619027, 2.181746412853703, 2.641934599871844, 2.8566504196348563, 3.7563925167639227, 3.654549560479376, 2.869467680598616, 2.168255944301779, 1.0960354966879495, 3.7882630874848173, 3.0429178529825616, 2.7180511345447496, 3.7101617444526593, 3.7270610123795938, 2.2789950987222416, 4.58526054875838, 4.371507139419997, 3.8927416058608353, 4.670211621543504, 3.8024219702710536, 2.705271285841773, 2.4826419757991687, 3.0685859121100063, 0.0, 1.74109946011134], [2.37589998526874, 2.154135622471343, 3.4036595099980254, 4.11412880085201, 4.753155561308718, 4.250742351636946, 3.5041049499123167, 2.1256737308439413, 1.0987295481600554, 3.3263228781944787, 2.734536481746038, 3.586494424922476, 4.240492558654005, 5.0713280055622505, 3.8365367677112125, 5.39771316114519, 5.565667336447624, 4.0700595622177325, 5.249157141865731, 4.233524169058209, 3.8111569450758647, 2.352566447520665, 2.4667559526633354, 1.74109946011134, 0.0]]}