{"total energy": -46.12512432, "HOMO-LUMO gap/eV": 3.57963354, "electronic energy": -46.74991777, "dipole": [-1.67151309, 0.98039024, -0.28865044], "partial charges": [-0.09968892, -0.05015042, -0.05467666, -0.05061481, -0.05590557, 0.09368327, -0.11379842, -0.31583936, 0.22040631, -0.20419555, 0.01538493, -0.11421252, -0.16260387, 0.2662803, -0.46328824, 0.03154889, 0.03303762, 0.0297744, 0.02528636, 0.02790292, 0.03084484, 0.04718629, 0.05158563, 0.03095741, 0.05830078, 0.05495035, 0.04712732, 0.19088744, 0.03502986, 0.04713453, 0.04719991, 0.05265065, 0.05477412, 0.19304024], "atomic dipole moments": [[-0.07623801, -0.01435073, -0.06406239], [0.04501651, -0.07944098, 0.06283137], [-0.0487755, 0.07755507, -0.07792863], [-0.00465534, 0.06780152, 0.08679057], [0.06054922, -0.08195663, 0.03582453], [-0.07364121, 0.07774745, -0.03063714], [-0.04340798, -0.05283909, 0.06320448], [0.08663913, -0.22711262, 0.15754782], [-0.04029497, -0.07612945, 0.09640068], [-0.03083609, -0.13322777, -0.08948178], [0.07824421, 0.1385015, -0.03325698], [0.09970522, -0.08164344, -0.02639518], [0.01712236, 0.01859661, -0.01685354], [-0.12450383, 0.01906561, 0.06262777], [-0.05920628, 0.16803318, -0.11079722], [0.10059987, -0.06803915, -0.03154673], [-0.03311614, -0.02996758, 0.11841874], [0.03391831, 0.1193524, -0.00046442], [0.03752484, 0.03695694, -0.10958835], [-0.09130355, 0.07765908, 0.03438188], [0.09414576, -0.07273111, -0.02672693], [-0.0333464, -0.0385816, 0.1183545], [-0.01408846, -0.12452878, -0.01078807], [0.04179291, 0.01559369, -0.11387643], [0.00471189, 0.12799427, 0.0255453], [-0.06022043, -0.01729952, -0.11521197], [0.12411955, -0.02485994, -0.02075593], [-0.01554613, 0.08874178, -0.09369656], [-0.02605174, -0.07361168, -0.09254682], [0.01321627, -0.06869493, 0.10330074], [-0.03062903, 0.07139608, -0.10150017], [-0.10515721, -0.06767939, 0.03183131], [0.02414399, 0.08267971, 0.09630339], [-0.06615302, -0.05432062, 0.1040719]], "atomic quadrupole moments": [[0.07879798, 0.04171507, -0.09604054, 0.17480497, 0.03097728, 0.01724256], [-0.00204238, 0.11405576, 0.0767433, 0.17745246, 0.01637328, -0.07470092], [-0.01249393, 0.12429482, 0.09300803, 0.17536186, 0.04208474, -0.08051411], [0.14180147, -0.05448667, -0.11494378, 0.08848777, 0.02685027, -0.02685769], [-0.0230352, 0.15088041, -0.04926809, 0.09047448, 0.22976318, 0.07230329], [-0.00456586, 0.25657017, -0.11452147, 0.07142483, 0.31688275, 0.11908733], [-0.03024059, 0.02679657, -0.01793078, -0.09846051, -0.12421746, 0.04817137], [0.00435823, 0.07683996, -0.03481623, 0.04792045, 0.13593969, 0.03045801], [-0.0348461, 0.05545943, 0.03834242, 0.22383106, 0.26848821, -0.00349632], [0.09760371, 0.04197352, -0.02056454, -0.05920866, 0.01647488, -0.07703918], [0.23486389, 0.05135733, 0.01139096, -0.14344511, -0.04887102, -0.24625485], [0.11615681, -0.18223569, 0.0136726, -0.06329182, 0.03539172, -0.12982941], [-0.00153398, -0.02953429, 0.03022228, 0.04626551, 0.01500683, -0.0286883], [-0.05575571, 0.0793803, 0.03605221, 0.24008398, 0.31520425, 0.0197035], [-0.05942593, 0.04935144, 0.03257473, 0.09536394, 0.0774847, 0.0268512], [0.02725094, -0.05579025, -0.00518872, -0.02100977, 0.03024712, -0.02206222], [-0.01471855, 0.01524868, -0.04204839, -0.03307672, -0.03176035, 0.05676693], [-0.03317522, 0.02877258, 0.07591812, 0.01218968, -0.00784606, -0.0427429], [-0.02038079, 0.01480976, -0.02739456, -0.02589799, -0.01108097, 0.04777534], [0.03115285, -0.03013828, -0.00846761, -0.01941669, 0.02024998, -0.02268524], [0.03338205, -0.02877228, -0.00372456, -0.01861543, 0.02657308, -0.02965749], [-0.01572186, 0.01825933, -0.02230155, -0.03157485, -0.00445209, 0.0380234], [-0.01059748, 0.01940322, 0.05159543, 0.00089455, -0.014631, -0.04099795], [-0.01011154, 0.00710416, -0.02646709, -0.01994767, -0.05109751, 0.03657863], [-0.03803412, -0.00943718, 0.07382846, -0.01665042, 0.03236858, -0.03579434], [0.00120546, 0.0164677, -0.04616712, 0.05308444, 0.01694605, 0.04496166], [0.06242679, -0.05186024, -0.02058285, -0.00593681, -0.01167409, -0.04184394], [0.02205075, -0.02854807, 0.01825507, -0.00110692, -0.04463808, -0.04030583], [-0.00255685, 0.01437451, -0.01576578, -0.00159441, 0.03342475, 0.01832262], [-0.00945139, -0.01318763, -0.01640034, 0.01744921, -0.03341624, 0.02585173], [-0.04152222, -0.01921638, -0.01049713, 0.00908561, -0.0478471, 0.05201935], [0.0367403, 0.05074949, 0.00746272, -0.02602206, -0.01747099, -0.04420302], [-0.02572811, 0.01084887, 0.00012306, 0.0328191, 0.05385892, 0.02560505], [0.0118896, -0.01104321, -0.00911566, -0.0320488, -0.03094106, -0.00277393]], "number of molecular orbitals": 79, "number of electrons": 84, "number of unpaired electrons": 0, "orbital energies/eV": [-18.99141995, -18.70872239, -18.30976289, -17.92618658, -17.70503665, -17.03122984, -16.81014366, -16.74098883, -16.55339023, -16.41867342, -16.07834824, -15.72469622, -15.70304668, -15.37775337, -15.21891867, -15.03786365, -14.86048964, -14.78134804, -14.55986911, -14.29623776, -13.76258626, -13.65257165, -13.55723523, -13.39443356, -13.25976107, -13.19507169, -13.16032248, -13.03604633, -12.97790915, -12.80105076, -12.50144352, -12.37788676, -12.18020689, -11.93995298, -11.81052355, -11.60910566, -11.35999145, -11.25529343, -11.18380617, -10.42696741, -10.29851944, -9.99257395, -6.41294041, -5.86271252, -3.08875306, -0.10082506, 0.66216076, 1.89016313, 2.32406985, 2.61458747, 2.70831864, 2.93301193, 2.99554553, 3.55796607, 3.85572068, 3.93881794, 3.9724616, 4.30582755, 4.56059845, 4.6661921, 4.76840203, 5.14549979, 5.45602252, 5.63093414, 5.80319884, 5.894306, 6.12728448, 6.36808062, 6.69111724, 6.98163545, 7.11758264, 7.55921212, 8.50360849, 9.23443556, 10.07940895, 11.47262441, 13.14574351, 16.47114813, 19.13319312], "fractional occupation": [2.0, 2.0, 2.0, 2.0, 2.0, 2.0, 2.0, 2.0, 2.0, 2.0, 2.0, 2.0, 2.0, 2.0, 2.0, 2.0, 2.0, 2.0, 2.0, 2.0, 2.0, 2.0, 2.0, 2.0, 2.0, 2.0, 2.0, 2.0, 2.0, 2.0, 2.0, 2.0, 2.0, 2.0, 2.0, 2.0, 2.0, 2.0, 2.0, 2.0, 2.0, 2.0, 0.0, 0.0, 0.0, 0.0, 0.0, 0.0, 0.0, 0.0, 0.0, 0.0, 0.0, 0.0, 0.0, 0.0, 0.0, 0.0, 0.0, 0.0, 0.0, 0.0, 0.0, 0.0, 0.0, 0.0, 0.0, 0.0, 0.0, 0.0, 0.0, 0.0, 0.0, 0.0, 0.0, 0.0, 0.0, 0.0, 0.0], "program call": "xtb /home/svss/Project-DBcg-Debug/aqme2_20220329/End-to-End-workflows-final/example-3/QDESCP/mol_571_rdkit_conf_19/mol_571_rdkit_conf_19.xyz --pop --wbo --acc 0.2 --gfn 2 --chrg 0 --uhf 0 --etemp 300 --input /home/svss/Project-DBcg-Debug/aqme2_20220329/End-to-End-workflows-final/example-3/QDESCP/mol_571_rdkit_conf_19/mol_571_rdkit_conf_19_xtb.inp", "method": "GFN2-xTB", "xtb version": "6.3.3 (7355c4f)", "Dipole module/D": 4.98, "Total charge": 0, "Transition dipole module/D": NaN, "HOMO": -9.9926, "LUMO": -6.4129, "HOMO occupancy": 2.0, "LUMO occupancy": 0, "mulliken charges": [-0.08267, -0.04133, -0.04275, -0.02733, -0.1045, 0.17269, -0.09373, -0.43617, 0.41894, -0.36778, 0.09965, -0.09291, -0.30554, 0.46051, -0.5755, 0.02555, 0.02835, 0.02535, 0.01719, 0.02012, 0.02331, 0.04073, 0.04653, 0.01991, 0.04361, 0.04301, 0.03233, 0.22708, 0.02985, 0.02846, 0.03644, 0.03989, 0.0414, 0.24931], "cm5 charges": [-0.23309, -0.15354, -0.15162, -0.12947, -0.10198, 0.23224, -0.23126, -0.61642, 0.63308, -0.71607, 0.0489, -0.2377, -0.65236, 0.56256, -0.61956, 0.07684, 0.07965, 0.07612, 0.07225, 0.07618, 0.07827, 0.09864, 0.10481, 0.07652, 0.09818, 0.0966, 0.08587, 0.4263, 0.09487, 0.09467, 0.08976, 0.09108, 0.09479, 0.45486], "FUKUI+": [0.009, 0.004, 0.007, 0.016, -0.074, -0.084, 0.029, -0.06, -0.062, -0.049, 0.013, 0.013, -0.064, -0.027, -0.115, -0.017, -0.009, -0.018, -0.011, 0.011, -0.037, -0.012, -0.041, -0.04, -0.056, -0.059, -0.048, -0.043, -0.027, -0.021, -0.018, -0.029, -0.018, -0.063], "FUKUI-": [0.011, 0.002, -0.0, 0.007, -0.058, -0.028, 0.02, -0.074, -0.012, -0.073, 0.016, 0.013, -0.023, -0.009, -0.1, -0.039, -0.027, -0.042, -0.035, -0.022, -0.043, -0.032, -0.061, -0.046, -0.043, -0.05, -0.03, -0.04, -0.046, -0.031, -0.019, -0.028, -0.021, -0.035], "FUKUIrad": [0.01, 0.003, 0.003, 0.011, -0.066, -0.056, 0.025, -0.067, -0.037, -0.061, 0.015, 0.013, -0.043, -0.018, -0.107, -0.028, -0.018, -0.03, -0.023, -0.006, -0.04, -0.022, -0.051, -0.043, -0.05, -0.055, -0.039, -0.042, -0.037, -0.026, -0.018, -0.029, -0.019, -0.049], "s proportion": [1.007, 1.027, 1.033, 1.024, 1.093, 1.055, 1.01, 1.526, 0.96, 1.437, 1.001, 1.012, 1.421, 0.985, 1.728, 0.974, 0.972, 0.975, 0.983, 0.98, 0.977, 0.959, 0.953, 0.98, 0.956, 0.957, 0.968, 0.773, 0.97, 0.972, 0.964, 0.96, 0.959, 0.751], "p proportion": [3.075, 3.014, 3.01, 3.003, 3.011, 2.772, 3.084, 3.91, 2.621, 3.931, 2.899, 3.081, 3.885, 2.554, 4.848, 0.0, 0.0, 0.0, 0.0, 0.0, 0.0, 0.0, 0.0, 0.0, 0.0, 0.0, 0.0, 0.0, 0.0, 0.0, 0.0, 0.0, 0.0, 0.0], "d proportion": [0.0, 0.0, 0.0, 0.0, 0.0, 0.0, 0.0, 0.0, 0.0, 0.0, 0.0, 0.0, 0.0, 0.0, 0.0, 0.0, 0.0, 0.0, 0.0, 0.0, 0.0, 0.0, 0.0, 0.0, 0.0, 0.0, 0.0, 0.0, 0.0, 0.0, 0.0, 0.0, 0.0, 0.0], "Fermi-level/eV": -8.2028, "Coordination numbers": [3.75, 3.799, 3.801, 3.803, 2.951, 2.936, 3.757, 1.853, 2.809, 2.699, 3.736, 3.751, 2.701, 2.779, 0.859, 0.924, 0.924, 0.924, 0.924, 0.924, 0.924, 0.924, 0.923, 0.924, 0.924, 0.924, 0.924, 0.86, 0.924, 0.924, 0.924, 0.924, 0.924, 0.86], "Dispersion coefficient C6": [22.467, 21.475, 21.557, 21.48, 29.388, 25.92, 22.729, 29.038, 23.358, 25.439, 20.4, 22.748, 24.517, 22.508, 22.987, 2.565, 2.544, 2.59, 2.655, 2.617, 2.575, 2.356, 2.3, 2.573, 2.219, 2.259, 2.356, 1.154, 2.516, 2.356, 2.355, 2.287, 2.261, 1.142], "Total dispersion C6": 10289.456295, "Total dispersion C8": 227050.463744, "Polarizability alpha": [6.76, 6.598, 6.61, 6.598, 8.891, 8.35, 6.797, 7.987, 7.918, 7.491, 6.446, 6.802, 7.354, 7.771, 6.428, 2.504, 2.494, 2.517, 2.548, 2.53, 2.509, 2.4, 2.372, 2.508, 2.33, 2.351, 2.4, 1.683, 2.481, 2.4, 2.4, 2.365, 2.352, 1.674], "Total polarizability alpha": 153.618869, "Wiberg matrix": [[0.0, 1.0195946185265148, 0.0, 0.0, 0.0, 0.0, 0.0, 0.0, 0.0, 0.0, 0.0, 0.0, 0.0, 0.0, 0.0, 0.9877008355199095, 0.987728794615166, 0.9874857063712174, 0.0, 0.0, 0.0, 0.0, 0.0, 0.0, 0.0, 0.0, 0.0, 0.0, 0.0, 0.0, 0.0, 0.0, 0.0, 0.0], [1.0195946185265148, 0.0, 1.0086979901367215, 0.0, 0.0, 0.0, 0.0, 0.0, 0.0, 0.0, 0.0, 0.0, 0.0, 0.0, 0.0, 0.0, 0.0, 0.0, 0.9771304010204579, 0.9780550475663151, 0.0, 0.0, 0.0, 0.0, 0.0, 0.0, 0.0, 0.0, 0.0, 0.0, 0.0, 0.0, 0.0, 0.0], [0.0, 1.0086979901367215, 0.0, 0.9899720575817615, 0.0, 0.0, 0.0, 0.0, 0.0, 0.0, 0.0, 0.0, 0.0, 0.0, 0.0, 0.0, 0.0, 0.0, 0.0, 0.0, 0.9760218254335093, 0.975827246031024, 0.0, 0.0, 0.0, 0.0, 0.0, 0.0, 0.0, 0.0, 0.0, 0.0, 0.0, 0.0], [0.0, 0.0, 0.9899720575817615, 0.0, 1.0144151538454538, 0.0, 0.0, 0.0, 0.0, 0.0, 0.0, 0.0, 0.0, 0.0, 0.0, 0.0, 0.0, 0.0, 0.0, 0.0, 0.0, 0.0, 0.963919636974753, 0.9700939269441521, 0.0, 0.0, 0.0, 0.0, 0.0, 0.0, 0.0, 0.0, 0.0, 0.0], [0.0, 0.0, 0.0, 1.0144151538454538, 0.0, 1.602756585903418, 0.0, 0.0, 0.0, 0.0, 0.0, 0.0, 0.0, 1.0788137179563266, 0.0, 0.0, 0.0, 0.0, 0.0, 0.0, 0.0, 0.0, 0.0, 0.0, 0.0, 0.0, 0.0, 0.0, 0.0, 0.0, 0.0, 0.0, 0.0, 0.0], [0.0, 0.0, 0.0, 0.0, 1.602756585903418, 0.0, 1.0193154967806561, 1.1958843555195533, 0.0, 0.0, 0.0, 0.0, 0.0, 0.0, 0.0, 0.0, 0.0, 0.0, 0.0, 0.0, 0.0, 0.0, 0.0, 0.0, 0.0, 0.0, 0.0, 0.0, 0.0, 0.0, 0.0, 0.0, 0.0, 0.0], [0.0, 0.0, 0.0, 0.0, 0.0, 1.0193154967806561, 0.0, 0.0, 0.0, 0.0, 0.0, 0.0, 0.0, 0.0, 0.0, 0.0, 0.0, 0.0, 0.0, 0.0, 0.0, 0.0, 0.0, 0.0, 0.9723803415286034, 0.9672984636411728, 0.9790792542405978, 0.0, 0.0, 0.0, 0.0, 0.0, 0.0, 0.0], [0.0, 0.0, 0.0, 0.0, 0.0, 1.1958843555195533, 0.0, 0.0, 1.4923837080246276, 0.0, 0.0, 0.0, 0.0, 0.0, 0.0, 0.0, 0.0, 0.0, 0.0, 0.0, 0.0, 0.0, 0.0, 0.0, 0.0, 0.0, 0.0, 0.0, 0.0, 0.0, 0.0, 0.0, 0.0, 0.0], [0.0, 0.0, 0.0, 0.0, 0.0, 0.0, 0.0, 1.4923837080246276, 0.0, 1.1782215373033267, 0.0, 0.0, 1.164302055278955, 0.0, 0.0, 0.0, 0.0, 0.0, 0.0, 0.0, 0.0, 0.0, 0.0, 0.0, 0.0, 0.0, 0.0, 0.0, 0.0, 0.0, 0.0, 0.0, 0.0, 0.0], [0.0, 0.0, 0.0, 0.0, 0.0, 0.0, 0.0, 0.0, 1.1782215373033267, 0.0, 0.9869010710598085, 0.0, 0.0, 0.0, 0.0, 0.0, 0.0, 0.0, 0.0, 0.0, 0.0, 0.0, 0.0, 0.0, 0.0, 0.0, 0.0, 0.930239493980761, 0.0, 0.0, 0.0, 0.0, 0.0, 0.0], [0.0, 0.0, 0.0, 0.0, 0.0, 0.0, 0.0, 0.0, 0.0, 0.9869010710598085, 0.0, 1.0195314095435608, 0.0, 0.0, 0.0, 0.0, 0.0, 0.0, 0.0, 0.0, 0.0, 0.0, 0.0, 0.0, 0.0, 0.0, 0.0, 0.0, 0.9683251814776928, 0.9687718196518951, 0.0, 0.0, 0.0, 0.0], [0.0, 0.0, 0.0, 0.0, 0.0, 0.0, 0.0, 0.0, 0.0, 0.0, 1.0195314095435608, 0.0, 0.0, 0.0, 0.0, 0.0, 0.0, 0.0, 0.0, 0.0, 0.0, 0.0, 0.0, 0.0, 0.0, 0.0, 0.0, 0.0, 0.0, 0.0, 0.985107983500519, 0.9836756850146549, 0.9856326887168074, 0.0], [0.0, 0.0, 0.0, 0.0, 0.0, 0.0, 0.0, 0.0, 1.164302055278955, 0.0, 0.0, 0.0, 0.0, 1.126749681397684, 0.13812893170952478, 0.0, 0.0, 0.0, 0.0, 0.0, 0.0, 0.0, 0.0, 0.0, 0.0, 0.0, 0.0, 0.0, 0.0, 0.0, 0.0, 0.0, 0.0, 0.9213183286179506], [0.0, 0.0, 0.0, 0.0, 1.0788137179563266, 0.0, 0.0, 0.0, 0.0, 0.0, 0.0, 0.0, 1.126749681397684, 0.0, 1.6380148629077456, 0.0, 0.0, 0.0, 0.0, 0.0, 0.0, 0.0, 0.0, 0.0, 0.0, 0.0, 0.0, 0.0, 0.0, 0.0, 0.0, 0.0, 0.0, 0.0], [0.0, 0.0, 0.0, 0.0, 0.0, 0.0, 0.0, 0.0, 0.0, 0.0, 0.0, 0.0, 0.13812893170952478, 1.6380148629077456, 0.0, 0.0, 0.0, 0.0, 0.0, 0.0, 0.0, 0.0, 0.0, 0.0, 0.0, 0.0, 0.0, 0.0, 0.0, 0.0, 0.0, 0.0, 0.0, 0.0], [0.9877008355199095, 0.0, 0.0, 0.0, 0.0, 0.0, 0.0, 0.0, 0.0, 0.0, 0.0, 0.0, 0.0, 0.0, 0.0, 0.0, 0.0, 0.0, 0.0, 0.0, 0.0, 0.0, 0.0, 0.0, 0.0, 0.0, 0.0, 0.0, 0.0, 0.0, 0.0, 0.0, 0.0, 0.0], [0.987728794615166, 0.0, 0.0, 0.0, 0.0, 0.0, 0.0, 0.0, 0.0, 0.0, 0.0, 0.0, 0.0, 0.0, 0.0, 0.0, 0.0, 0.0, 0.0, 0.0, 0.0, 0.0, 0.0, 0.0, 0.0, 0.0, 0.0, 0.0, 0.0, 0.0, 0.0, 0.0, 0.0, 0.0], [0.9874857063712174, 0.0, 0.0, 0.0, 0.0, 0.0, 0.0, 0.0, 0.0, 0.0, 0.0, 0.0, 0.0, 0.0, 0.0, 0.0, 0.0, 0.0, 0.0, 0.0, 0.0, 0.0, 0.0, 0.0, 0.0, 0.0, 0.0, 0.0, 0.0, 0.0, 0.0, 0.0, 0.0, 0.0], [0.0, 0.9771304010204579, 0.0, 0.0, 0.0, 0.0, 0.0, 0.0, 0.0, 0.0, 0.0, 0.0, 0.0, 0.0, 0.0, 0.0, 0.0, 0.0, 0.0, 0.0, 0.0, 0.0, 0.0, 0.0, 0.0, 0.0, 0.0, 0.0, 0.0, 0.0, 0.0, 0.0, 0.0, 0.0], [0.0, 0.9780550475663151, 0.0, 0.0, 0.0, 0.0, 0.0, 0.0, 0.0, 0.0, 0.0, 0.0, 0.0, 0.0, 0.0, 0.0, 0.0, 0.0, 0.0, 0.0, 0.0, 0.0, 0.0, 0.0, 0.0, 0.0, 0.0, 0.0, 0.0, 0.0, 0.0, 0.0, 0.0, 0.0], [0.0, 0.0, 0.9760218254335093, 0.0, 0.0, 0.0, 0.0, 0.0, 0.0, 0.0, 0.0, 0.0, 0.0, 0.0, 0.0, 0.0, 0.0, 0.0, 0.0, 0.0, 0.0, 0.0, 0.0, 0.0, 0.0, 0.0, 0.0, 0.0, 0.0, 0.0, 0.0, 0.0, 0.0, 0.0], [0.0, 0.0, 0.975827246031024, 0.0, 0.0, 0.0, 0.0, 0.0, 0.0, 0.0, 0.0, 0.0, 0.0, 0.0, 0.0, 0.0, 0.0, 0.0, 0.0, 0.0, 0.0, 0.0, 0.0, 0.0, 0.0, 0.0, 0.0, 0.0, 0.0, 0.0, 0.0, 0.0, 0.0, 0.0], [0.0, 0.0, 0.0, 0.963919636974753, 0.0, 0.0, 0.0, 0.0, 0.0, 0.0, 0.0, 0.0, 0.0, 0.0, 0.0, 0.0, 0.0, 0.0, 0.0, 0.0, 0.0, 0.0, 0.0, 0.0, 0.0, 0.0, 0.0, 0.0, 0.0, 0.0, 0.0, 0.0, 0.0, 0.0], [0.0, 0.0, 0.0, 0.9700939269441521, 0.0, 0.0, 0.0, 0.0, 0.0, 0.0, 0.0, 0.0, 0.0, 0.0, 0.0, 0.0, 0.0, 0.0, 0.0, 0.0, 0.0, 0.0, 0.0, 0.0, 0.0, 0.0, 0.0, 0.0, 0.0, 0.0, 0.0, 0.0, 0.0, 0.0], [0.0, 0.0, 0.0, 0.0, 0.0, 0.0, 0.9723803415286034, 0.0, 0.0, 0.0, 0.0, 0.0, 0.0, 0.0, 0.0, 0.0, 0.0, 0.0, 0.0, 0.0, 0.0, 0.0, 0.0, 0.0, 0.0, 0.0, 0.0, 0.0, 0.0, 0.0, 0.0, 0.0, 0.0, 0.0], [0.0, 0.0, 0.0, 0.0, 0.0, 0.0, 0.9672984636411728, 0.0, 0.0, 0.0, 0.0, 0.0, 0.0, 0.0, 0.0, 0.0, 0.0, 0.0, 0.0, 0.0, 0.0, 0.0, 0.0, 0.0, 0.0, 0.0, 0.0, 0.0, 0.0, 0.0, 0.0, 0.0, 0.0, 0.0], [0.0, 0.0, 0.0, 0.0, 0.0, 0.0, 0.9790792542405978, 0.0, 0.0, 0.0, 0.0, 0.0, 0.0, 0.0, 0.0, 0.0, 0.0, 0.0, 0.0, 0.0, 0.0, 0.0, 0.0, 0.0, 0.0, 0.0, 0.0, 0.0, 0.0, 0.0, 0.0, 0.0, 0.0, 0.0], [0.0, 0.0, 0.0, 0.0, 0.0, 0.0, 0.0, 0.0, 0.0, 0.930239493980761, 0.0, 0.0, 0.0, 0.0, 0.0, 0.0, 0.0, 0.0, 0.0, 0.0, 0.0, 0.0, 0.0, 0.0, 0.0, 0.0, 0.0, 0.0, 0.0, 0.0, 0.0, 0.0, 0.0, 0.0], [0.0, 0.0, 0.0, 0.0, 0.0, 0.0, 0.0, 0.0, 0.0, 0.0, 0.9683251814776928, 0.0, 0.0, 0.0, 0.0, 0.0, 0.0, 0.0, 0.0, 0.0, 0.0, 0.0, 0.0, 0.0, 0.0, 0.0, 0.0, 0.0, 0.0, 0.0, 0.0, 0.0, 0.0, 0.0], [0.0, 0.0, 0.0, 0.0, 0.0, 0.0, 0.0, 0.0, 0.0, 0.0, 0.9687718196518951, 0.0, 0.0, 0.0, 0.0, 0.0, 0.0, 0.0, 0.0, 0.0, 0.0, 0.0, 0.0, 0.0, 0.0, 0.0, 0.0, 0.0, 0.0, 0.0, 0.0, 0.0, 0.0, 0.0], [0.0, 0.0, 0.0, 0.0, 0.0, 0.0, 0.0, 0.0, 0.0, 0.0, 0.0, 0.985107983500519, 0.0, 0.0, 0.0, 0.0, 0.0, 0.0, 0.0, 0.0, 0.0, 0.0, 0.0, 0.0, 0.0, 0.0, 0.0, 0.0, 0.0, 0.0, 0.0, 0.0, 0.0, 0.0], [0.0, 0.0, 0.0, 0.0, 0.0, 0.0, 0.0, 0.0, 0.0, 0.0, 0.0, 0.9836756850146549, 0.0, 0.0, 0.0, 0.0, 0.0, 0.0, 0.0, 0.0, 0.0, 0.0, 0.0, 0.0, 0.0, 0.0, 0.0, 0.0, 0.0, 0.0, 0.0, 0.0, 0.0, 0.0], [0.0, 0.0, 0.0, 0.0, 0.0, 0.0, 0.0, 0.0, 0.0, 0.0, 0.0, 0.9856326887168074, 0.0, 0.0, 0.0, 0.0, 0.0, 0.0, 0.0, 0.0, 0.0, 0.0, 0.0, 0.0, 0.0, 0.0, 0.0, 0.0, 0.0, 0.0, 0.0, 0.0, 0.0, 0.0], [0.0, 0.0, 0.0, 0.0, 0.0, 0.0, 0.0, 0.0, 0.0, 0.0, 0.0, 0.0, 0.9213183286179506, 0.0, 0.0, 0.0, 0.0, 0.0, 0.0, 0.0, 0.0, 0.0, 0.0, 0.0, 0.0, 0.0, 0.0, 0.0, 0.0, 0.0, 0.0, 0.0, 0.0, 0.0]], "Born radii": [], "Atomic SASAs": [], "Solvent H bonds": [], "Total SASA": NaN, "Total FOD": 0.0, "FOD": [0.0, 0.0, 0.0, 0.0, 0.0, 0.0, 0.0, 0.0, 0.0, 0.0, 0.0, 0.0, 0.0, 0.0, 0.0, 0.0, 0.0, 0.0, 0.0, 0.0, 0.0, 0.0, 0.0, 0.0, 0.0, 0.0, 0.0, 0.0, 0.0, 0.0, 0.0, 0.0, 0.0, 0.0], "FOD s proportion": [0.0, 0.0, 0.0, 0.0, 0.0, 0.0, 0.0, 0.0, 0.0, 0.0, 0.0, 0.0, 0.0, 0.0, 0.0, 0.0, 0.0, 0.0, 0.0, 0.0, 0.0, 0.0, 0.0, 0.0, 0.0, 0.0, 0.0, 0.0, 0.0, 0.0, 0.0, 0.0, 0.0, 0.0], "FOD p proportion": [0.0, 0.0, 0.0, 0.0, 0.0, 0.0, 0.0, 0.0, 0.0, 0.0, 0.0, 0.0, 0.0, 0.0, 0.0, 0.0, 0.0, 0.0, 0.0, 0.0, 0.0, 0.0, 0.0, 0.0, 0.0, 0.0, 0.0, 0.0, 0.0, 0.0, 0.0, 0.0, 0.0, 0.0], "FOD d proportion": [0.0, 0.0, 0.0, 0.0, 0.0, 0.0, 0.0, 0.0, 0.0, 0.0, 0.0, 0.0, 0.0, 0.0, 0.0, 0.0, 0.0, 0.0, 0.0, 0.0, 0.0, 0.0, 0.0, 0.0, 0.0, 0.0, 0.0, 0.0, 0.0, 0.0, 0.0, 0.0, 0.0, 0.0], "coordinates": [["4.59010", "0.49240", "1.03610"], ["3.44160", "0.28200", "0.06120"], ["2.99310", "-1.18050", "0.03580"], ["1.88060", "-1.46190", "-0.98350"], ["0.57370", "-0.77710", "-0.67700"], ["0.04920", "0.30460", "-1.28840"], ["0.74590", "1.06090", "-2.39110"], ["-1.17210", "0.85360", "-0.96410"], ["-1.88100", "0.29610", "-0.03450"], ["-3.09030", "0.84020", "0.28560"], ["-4.26240", "0.05760", "0.62800"], ["-5.43880", "0.98090", "0.89610"], ["-1.45280", "-0.80590", "0.63340"], ["-0.25130", "-1.39550", "0.39280"], ["0.11600", "-2.38060", "1.02610"], ["5.45810", "-0.11330", "0.75700"], ["4.29440", "0.22140", "2.05470"], ["4.89640", "1.54320", "1.03940"], ["3.76250", "0.59020", "-0.94030"], ["2.60960", "0.93170", "0.35360"], ["3.85370", "-1.81300", "-0.21640"], ["2.67080", "-1.48200", "1.03980"], ["1.70940", "-2.54610", "-1.02060"], ["2.23850", "-1.21010", "-1.98730"], ["0.74440", "2.13410", "-2.16870"], ["0.21940", "0.90840", "-3.33920"], ["1.78910", "0.77330", "-2.53420"], ["-3.29000", "1.60210", "-0.35900"], ["-4.50870", "-0.62250", "-0.19470"], ["-4.07370", "-0.54410", "1.52310"], ["-5.67800", "1.58100", "0.01180"], ["-6.32630", "0.39970", "1.16480"], ["-5.21740", "1.66980", "1.71820"], ["-1.99370", "-1.19050", "1.38700"]], "bond_dist": [[0.0, 1.5211017125754605, 2.5198419593299892, 3.9037754674161262, 4.547286093924595, 5.104737201854763, 5.181386467925356, 6.110173018826881, 6.56200070557753, 7.724814512336202, 8.872561800291953, 10.041766152425579, 6.193899465603232, 5.23613934688526, 5.317123264510613, 1.094620162430786, 1.094726198645122, 1.0945369888678957, 2.1449110844041996, 2.1403670222651066, 2.725052360964831, 2.7535398199408703, 4.664861158705584, 4.19159592160313, 5.268332793208873, 6.198332403154899, 4.546597398054945, 8.079214943916272, 9.24910979986723, 8.739160811542488, 10.376324882153604, 10.917552195432819, 9.901443703824205, 6.804535668214253], [1.5211017125754605, 0.0, 1.5299358352558452, 2.5630658009501044, 3.145072727299005, 3.651069525495235, 3.7265612822010588, 4.760692632380293, 5.323478943322685, 6.559547256480435, 7.728080848438376, 8.946900210687499, 5.046393822325007, 4.069579243607379, 4.368075792611662, 2.169486570596831, 2.1690971508902037, 2.1596165678193895, 1.0958860798458936, 1.0953683626981383, 2.1531170822786203, 2.15951073162418, 3.4884033152719027, 2.805381305633871, 3.9594969705759344, 4.726274427072554, 3.115803764680953, 6.87267565144755, 8.00567768212036, 7.700605619689922, 9.211782971824727, 9.830750564427928, 8.924680321445692, 5.785195587013459], [2.5198419593299892, 1.5299358352558452, 0.0, 1.5348663459728342, 2.554273235188436, 3.5532484939840616, 3.9954505891075667, 4.7419672984954255, 5.0933427589354325, 6.4150903415306635, 7.384163642552893, 8.746925383241816, 4.501497276462577, 3.2710556950318046, 3.2708773303198027, 2.7812353873773428, 2.7811261226344985, 3.4710669166698587, 2.1633599007100046, 2.1701285514918234, 1.0974030481094899, 1.0967203563351964, 2.1514483516924128, 2.159451534533711, 4.571984809686052, 4.842265988150589, 3.44555517152171, 6.883028069825082, 7.5260545766025375, 7.249601953900641, 9.100243593442979, 9.519605527541568, 8.85251320812344, 5.166625173166717], [3.9037754674161262, 2.5630658009501044, 1.5348663459728342, 0.0, 1.5069442259088424, 2.5627157899384785, 3.103772171084727, 3.8315654633582863, 4.259201751502269, 5.623177574112345, 6.530104248785007, 7.941900550875716, 3.762480188652161, 2.538426335350309, 2.8277756293595853, 4.200781886744418, 4.229726772499614, 4.713576143439289, 2.7846953621536414, 2.8370051762377875, 2.1458884477064504, 2.1722253428224243, 1.0982602105147943, 1.095038853191977, 3.9530830347970176, 3.7319204198374862, 2.7219775495033014, 6.0426153782944025, 6.4922994608998135, 6.525265426785334, 8.208672027800842, 8.685272307763297, 8.215128226631645, 4.550069087387575], [4.547286093924595, 3.145072727299005, 2.554273235188436, 1.5069442259088424, 0.0, 1.3486975569044382, 2.519133908707514, 2.406122719231087, 2.7550166206395197, 4.119120543271342, 5.0781504802437665, 6.458743210563491, 2.4134373515796925, 1.4857710456190751, 2.3835375285486906, 5.133648780351067, 4.722583575755966, 5.1976491166680345, 3.479551928050507, 2.8507933299346693, 3.4703949587907132, 2.8003775923971395, 2.130078977409054, 2.1623908365510616, 3.275575189184336, 3.1707645103350073, 2.707421127198353, 4.548614550607691, 5.107573221207896, 5.147140543058835, 6.717055451609729, 7.237892336861608, 6.72764014049503, 3.3200208312599484], [5.104737201854763, 3.651069525495235, 3.5532484939840616, 2.5627157899384785, 1.3486975569044382, 0.0, 1.5077559053109357, 1.3777318969959285, 2.3017405370718915, 3.5525770378698334, 4.724774335351901, 5.9453819002651125, 2.680024158473203, 2.40978706528191, 3.545655303325465, 5.7978013746591905, 5.4041616269316, 5.5179824791313, 3.7404996805239805, 3.1056507482329687, 4.484153655931072, 3.935129141464102, 3.3097539742403814, 2.7524192613044987, 2.1459965936599246, 2.1446032546837186, 2.1906504376554468, 3.7010197581207267, 4.778090257623855, 5.061929311043369, 6.010036342652181, 6.831854396867661, 6.216147533641716, 3.683277016462378], [5.181386467925356, 3.7265612822010588, 3.9954505891075667, 3.103772171084727, 2.519133908707514, 1.5077559053109357, 0.0, 2.3995887751862814, 3.610967489468716, 4.682933036036283, 5.9333501995078635, 7.004469853600628, 4.179332982666013, 3.844269502779429, 4.890598337627002, 5.7874094455118685, 5.749934794412891, 5.406255061500521, 3.3802743512916225, 3.3201578908238685, 4.758890851868742, 4.684298798112691, 3.977065689676247, 2.747426104556772, 1.0960028512736637, 1.0951493551109823, 1.091539101452623, 4.550913826914327, 5.93875657692753, 6.41291905453359, 6.878293656859963, 7.943401229322361, 7.267602946639283, 5.181529670859755], [6.110173018826881, 4.760692632380293, 4.7419672984954255, 3.8315654633582863, 2.406122719231087, 1.3777318969959285, 2.3995887751862814, 0.0, 1.2951840100927745, 2.2894149667546073, 3.5662799245151806, 4.656315949331617, 2.3205040379193482, 2.7834333223556835, 4.010005896504393, 6.917848860736985, 6.276579684031741, 6.427771982576856, 4.941682219649499, 4.005457251051371, 5.738333947235906, 4.9232634481611885, 4.456926585664162, 4.115578730871273, 2.6007140673284326, 2.7532481362928403, 3.352665736395443, 2.326348785113703, 3.728772871870852, 4.069276556096918, 4.667400387796188, 5.594999379803361, 4.921927246516347, 3.221962535474303], [6.56200070557753, 5.323478943322685, 5.0933427589354325, 4.259201751502269, 2.7550166206395197, 2.3017405370718915, 3.610967489468716, 1.2951840100927745, 0.0, 1.364153697352318, 2.4833152155938643, 3.7407095904386907, 1.357884255008504, 2.3874710343792658, 3.5039412452265806, 7.393001381035987, 6.5196550437887435, 6.974358062216193, 5.723291072451235, 4.551933361770578, 6.112951374745263, 5.0034631346698255, 4.684171880919828, 4.801285924624777, 3.8504257946362244, 3.963285700022142, 4.46607813859095, 1.948388372476083, 2.788242688504715, 2.8177982699263615, 4.008780450461212, 4.6054039497095145, 4.011305764959833, 2.059937644687334], [7.724814512336202, 6.559547256480435, 6.4150903415306635, 5.623177574112345, 4.119120543271342, 3.5525770378698334, 4.682933036036283, 2.2894149667546073, 1.364153697352318, 0.0, 1.450351312613603, 2.4306293403149724, 2.347768365916876, 3.6152133173576355, 4.604590381347726, 8.614320795628638, 7.618820272194378, 8.052937372785163, 6.966074838099287, 5.701039927942971, 7.450544291526627, 6.257132225708515, 6.0174999975072705, 6.145397785334974, 4.7331479788825535, 4.9089653054386115, 5.6359819029162965, 1.017782324468253, 2.0933317797234148, 2.101135002802057, 2.705539201342313, 3.3821189940627456, 2.695391127461838, 2.5572164574005067], [8.872561800291953, 7.728080848438376, 7.384163642552893, 6.530104248785007, 5.0781504802437665, 4.724774335351901, 5.9333501995078635, 3.5662799245151806, 2.4833152155938643, 1.450351312613603, 0.0, 1.5193016356207867, 2.9393049467518684, 4.27267385368928, 5.027294442341725, 9.722858019121746, 8.676469879507449, 9.287619434494504, 8.194037323566448, 6.932801033492884, 8.371573026020856, 7.114015015446622, 6.7200841430744, 7.12099418550528, 6.09929744970681, 6.045582496335652, 6.8653031673772436, 2.0749002409754547, 1.0954610855708202, 1.094922184449653, 2.1689567446124873, 2.159830979498164, 2.1678906522239534, 2.6983021142933574], [10.041766152425579, 8.946900210687499, 8.746925383241816, 7.941900550875716, 6.458743210563491, 5.9453819002651125, 7.004469853600628, 4.656315949331617, 3.7407095904386907, 2.4306293403149724, 1.5193016356207867, 0.0, 4.376055476110878, 5.728066349126903, 6.494026893230424, 10.952581981432505, 9.83129576658133, 10.351476958386181, 9.390896290557148, 8.06681284337253, 9.766989797783143, 8.476564059806309, 8.198184624049398, 8.488545920827665, 6.996772936147063, 7.068114994820047, 8.003286466196247, 2.5648600137239455, 2.1507724682076437, 2.1406195388251503, 1.095136128524669, 1.0943716827476853, 1.0951938549864129, 4.1017892169149786], [6.193899465603232, 5.046393822325007, 4.501497276462577, 3.762480188652161, 2.4134373515796925, 2.680024158473203, 4.179332982666013, 2.3205040379193482, 1.357884255008504, 2.347768365916876, 2.9393049467518684, 4.376055476110878, 0.0, 1.3598230656964163, 2.2572166090120818, 6.9466186400291186, 6.008805773196535, 6.7819943563821985, 5.623609249405581, 4.4272605028392, 5.467664281939775, 4.19837458190667, 3.9703300719209738, 4.545012851466979, 4.617689059475529, 4.638601954253027, 4.799737285518865, 3.1872598889955617, 3.171420814083177, 2.780147862974198, 4.892442458527233, 5.0484512050727, 4.634446535455987, 1.00419267573509], [5.23613934688526, 4.069579243607379, 3.2710556950318046, 2.538426335350309, 1.4857710456190751, 2.40978706528191, 3.844269502779429, 2.7834333223556835, 2.3874710343792658, 3.6152133173576355, 4.27267385368928, 5.728066349126903, 1.3598230656964163, 0.0, 1.2273549568075242, 5.8629281796726795, 5.1029075741188965, 5.962622287215583, 4.672338872556228, 3.6881086331614474, 4.17090588361809, 2.994120849264438, 2.67692443113361, 3.449398963587715, 4.4733406867798475, 4.411047233934363, 4.175434660008464, 4.334109676738696, 4.366708143441694, 4.075929563915451, 6.201111685818923, 6.38156344793343, 5.984554992645651, 2.0165357423065924], [5.317123264510613, 4.368075792611662, 3.2708773303198027, 2.8277756293595853, 2.3835375285486906, 3.545655303325465, 4.890598337627002, 4.010005896504393, 3.5039412452265806, 4.604590381347726, 5.027294442341725, 6.494026893230424, 2.2572166090120818, 1.2273549568075242, 0.0, 5.8095693910994815, 5.028662696980183, 6.184545859640787, 5.097974485028343, 4.200193864573396, 3.979494603589757, 2.7082600853684635, 2.599094977102607, 3.867254330917479, 5.566340780979907, 5.466631197547535, 5.042031823580648, 5.420446227018584, 5.095990417965873, 4.601448395885798, 7.091792090156055, 7.018015037743934, 6.732748185548008, 2.4489632316553878], [1.094620162430786, 2.169486570596831, 2.7812353873773428, 4.200781886744418, 5.133648780351067, 5.7978013746591905, 5.7874094455118685, 6.917848860736985, 7.393001381035987, 8.614320795628638, 9.722858019121746, 10.952581981432505, 6.9466186400291186, 5.8629281796726795, 5.8095693910994815, 0.0, 1.7748935376523287, 1.7717925668655456, 2.5001597748943967, 3.060834659043183, 2.5319137050855427, 3.118069405898464, 4.809483266422704, 4.370352032731459, 5.985774380980293, 6.7280534346867364, 5.00795547104804, 8.98428109366576, 10.025074551842494, 9.57223636826839, 11.288874998865031, 11.802607898257063, 10.865985979192132, 7.555566363946518], [1.094726198645122, 2.1690971508902037, 2.7811261226344985, 4.229726772499614, 4.722583575755966, 5.4041616269316, 5.749934794412891, 6.276579684031741, 6.5196550437887435, 7.618820272194378, 8.676469879507449, 9.83129576658133, 6.008805773196535, 5.1029075741188965, 5.028662696980183, 1.7748935376523287, 0.0, 1.7721154956717686, 3.064140344370669, 2.4973622764829297, 3.080729631110137, 2.5627466769074156, 4.87839639020857, 4.755384428203466, 5.839351749124213, 6.794979853538935, 5.257292545597972, 8.07808167450664, 9.125049982328864, 8.41983885950319, 10.269893589030024, 10.659408116307395, 9.627327461450557, 6.479157854999366], [1.0945369888678957, 2.1596165678193895, 3.4710669166698587, 4.713576143439289, 5.1976491166680345, 5.5179824791313, 5.406255061500521, 6.427771982576856, 6.974358062216193, 8.052937372785163, 9.287619434494504, 10.351476958386181, 6.7819943563821985, 5.962622287215583, 6.184545859640787, 1.7717925668655456, 1.7721154956717686, 0.0, 2.4724785742246587, 2.464489425824343, 3.732068510893121, 3.755679773356616, 5.578794089227528, 4.8791399026877675, 5.2801678401353875, 6.438123795019789, 4.797778262904612, 8.305187338645649, 9.72980808186883, 9.222444415121188, 10.624280020782585, 11.281503122368047, 10.137344200529052, 7.420742514061515], [2.1449110844041996, 1.0958860798458936, 2.1633599007100046, 2.7846953621536414, 3.479551928050507, 3.7404996805239805, 3.3802743512916225, 4.941682219649499, 5.723291072451235, 6.966074838099287, 8.194037323566448, 9.390896290557148, 5.623609249405581, 4.672338872556228, 5.097974485028343, 2.5001597748943967, 3.064140344370669, 2.4724785742246587, 0.0, 1.76634590893177, 2.5115172485969515, 3.0670209878642827, 3.749406004955985, 2.580671441698846, 3.605762246737852, 4.290632827450981, 2.5432951814525975, 7.148398950114634, 8.392813002206115, 8.292225665646106, 9.539980047148946, 10.307842727748612, 9.427182103895099, 6.459183866402937], [2.1403670222651066, 1.0953683626981383, 2.1701285514918234, 2.8370051762377875, 2.8507933299346693, 3.1056507482329687, 3.3201578908238685, 4.005457251051371, 4.551933361770578, 5.701039927942971, 6.932801033492884, 8.06681284337253, 4.4272605028392, 3.6881086331614474, 4.200193864573396, 3.060834659043183, 2.4973622764829297, 2.464489425824343, 1.76634590893177, 0.0, 3.0669305339378, 2.5100923429228654, 3.8462811285708174, 3.194500784160179, 3.359573498228607, 4.398905633222881, 3.0062767088210625, 5.980176843538993, 7.306597390030465, 6.943501622380453, 8.32001992125019, 8.98840243035435, 7.979276519208994, 5.173202034523686], [2.725052360964831, 2.1531170822786203, 1.0974030481094899, 2.1458884477064504, 3.4703949587907132, 4.484153655931072, 4.758890851868742, 5.738333947235906, 6.112951374745263, 7.450544291526627, 8.371573026020856, 9.766989797783143, 5.467664281939775, 4.17090588361809, 3.979494603589757, 2.5319137050855427, 3.080729631110137, 3.732068510893121, 2.5115172485969515, 3.0669305339378, 0.0, 1.7569438949494092, 2.4046196663921715, 2.4715271109174584, 5.390623358202649, 5.510538475503098, 4.040262081845682, 7.919323990089053, 8.446744633289207, 8.214599090643437, 10.120504736919004, 10.508860772224551, 9.90744307124699, 6.09511973385265], [2.7535398199408703, 2.15951073162418, 1.0967203563351964, 2.1722253428224243, 2.8003775923971395, 3.935129141464102, 4.684298798112691, 4.9232634481611885, 5.0034631346698255, 6.257132225708515, 7.114015015446622, 8.476564059806309, 4.19837458190667, 2.994120849264438, 2.7082600853684635, 3.118069405898464, 2.5627466769074156, 3.755679773356616, 3.0670209878642827, 2.5100923429228654, 1.7569438949494092, 0.0, 2.510347969903774, 3.069877409604494, 5.204005036507939, 5.558688255335065, 4.317088020877035, 6.855614552321331, 7.335390292956469, 6.82653027166803, 8.95216255661167, 9.192618141748301, 8.52160601295319, 4.686478458288271], [4.664861158705584, 3.4884033152719027, 2.1514483516924128, 1.0982602105147943, 2.130078977409054, 3.3097539742403814, 3.977065689676247, 4.456926585664162, 4.684171880919828, 6.0174999975072705, 6.7200841430744, 8.198184624049398, 3.9703300719209738, 2.67692443113361, 2.599094977102607, 4.809483266422704, 4.87839639020857, 5.578794089227528, 3.749406004955985, 3.8462811285708174, 2.4046196663921715, 2.510347969903774, 0.0, 1.7318636493673516, 4.914634335329537, 4.419228010637152, 3.6490756925555816, 6.5298758150519225, 6.561030054800846, 6.627417242033278, 8.524815712377599, 8.833243192055793, 8.558936644817509, 4.620296389843405], [4.19159592160313, 2.805381305633871, 2.159451534533711, 1.095038853191977, 2.1623908365510616, 2.7524192613044987, 2.747426104556772, 4.115578730871273, 4.801285924624777, 6.145397785334974, 7.12099418550528, 8.488545920827665, 4.545012851466979, 3.449398963587715, 3.867254330917479, 4.370352032731459, 4.755384428203466, 4.8791399026877675, 2.580671441698846, 3.194500784160179, 2.4715271109174584, 3.069877409604494, 1.7318636493673516, 0.0, 3.6672761567681267, 3.223730861905193, 2.105928662134594, 6.412810770637162, 7.0059543504079445, 7.253298077426572, 8.628882446180386, 9.267307564228133, 8.809937517939613, 5.412744358456254], [5.268332793208873, 3.9594969705759344, 4.571984809686052, 3.9530830347970176, 3.275575189184336, 2.1459965936599246, 1.0960028512736637, 2.6007140673284326, 3.8504257946362244, 4.7331479788825535, 6.09929744970681, 6.996772936147063, 4.617689059475529, 4.4733406867798475, 5.566340780979907, 5.985774380980293, 5.839351749124213, 5.2801678401353875, 3.605762246737852, 3.359573498228607, 5.390623358202649, 5.204005036507939, 4.914634335329537, 3.6672761567681267, 0.0, 1.7742704810710235, 1.7540709734785538, 4.453585235515314, 6.252245930063852, 6.634472856979671, 6.804977709000963, 8.007194521179063, 7.13208422131988, 5.58508363948115], [6.198332403154899, 4.726274427072554, 4.842265988150589, 3.7319204198374862, 3.1707645103350073, 2.1446032546837186, 1.0951493551109823, 2.7532481362928403, 3.963285700022142, 4.9089653054386115, 6.045582496335652, 7.068114994820047, 4.638601954253027, 4.411047233934363, 5.466631197547535, 6.7280534346867364, 6.794979853538935, 6.438123795019789, 4.290632827450981, 4.398905633222881, 5.510538475503098, 5.558688255335065, 4.419228010637152, 3.223730861905193, 1.7742704810710235, 0.0, 1.7692470432361898, 4.65603909884786, 5.881025817831444, 6.646986170438448, 6.816224652987899, 7.9618452748091, 7.464302978845379, 5.624958600736543], [4.546597398054945, 3.115803764680953, 3.44555517152171, 2.7219775495033014, 2.707421127198353, 2.1906504376554468, 1.091539101452623, 3.352665736395443, 4.46607813859095, 5.6359819029162965, 6.8653031673772436, 8.003286466196247, 4.799737285518865, 4.175434660008464, 5.042031823580648, 5.00795547104804, 5.257292545597972, 4.797778262904612, 2.5432951814525975, 3.0062767088210625, 4.040262081845682, 4.317088020877035, 3.6490756925555816, 2.105928662134594, 1.7540709734785538, 1.7692470432361898, 0.0, 5.587097751963895, 6.861763820622217, 7.25049307909469, 7.930452553291016, 8.92647159408464, 8.244856594265299, 5.791536559497834], [8.079214943916272, 6.87267565144755, 6.883028069825082, 6.0426153782944025, 4.548614550607691, 3.7010197581207267, 4.550913826914327, 2.326348785113703, 1.948388372476083, 1.017782324468253, 2.0749002409754547, 2.5648600137239455, 3.1872598889955617, 4.334109676738696, 5.420446227018584, 8.98428109366576, 8.07808167450664, 8.305187338645649, 7.148398950114634, 5.980176843538993, 7.919323990089053, 6.855614552321331, 6.5298758150519225, 6.412810770637162, 4.453585235515314, 4.65603909884786, 5.587097751963895, 0.0, 2.5418633598209013, 2.960179139849479, 2.416708888136922, 3.6037272219189953, 2.83446889028615, 3.53942431053413], [9.24910979986723, 8.00567768212036, 7.5260545766025375, 6.4922994608998135, 5.107573221207896, 4.778090257623855, 5.93875657692753, 3.728772871870852, 2.788242688504715, 2.0933317797234148, 1.0954610855708202, 2.1507724682076437, 3.171420814083177, 4.366708143441694, 5.095990417965873, 10.025074551842494, 9.125049982328864, 9.72980808186883, 8.392813002206115, 7.306597390030465, 8.446744633289207, 7.335390292956469, 6.561030054800846, 7.0059543504079445, 6.252245930063852, 5.881025817831444, 6.861763820622217, 2.5418633598209013, 0.0, 1.7737554510134705, 2.5030615234148756, 2.4893378336417094, 3.0685634081765363, 3.0248345227466578], [8.739160811542488, 7.700605619689922, 7.249601953900641, 6.525265426785334, 5.147140543058835, 5.061929311043369, 6.41291905453359, 4.069276556096918, 2.8177982699263615, 2.101135002802057, 1.094922184449653, 2.1406195388251503, 2.780147862974198, 4.075929563915451, 4.601448395885798, 9.57223636826839, 8.41983885950319, 9.222444415121188, 8.292225665646106, 6.943501622380453, 8.214599090643437, 6.82653027166803, 6.627417242033278, 7.253298077426572, 6.634472856979671, 6.646986170438448, 7.25049307909469, 2.960179139849479, 1.7737554510134705, 0.0, 3.061675389390586, 2.46846998968997, 2.499493330657235, 2.182373975742929], [10.376324882153604, 9.211782971824727, 9.100243593442979, 8.208672027800842, 6.717055451609729, 6.010036342652181, 6.878293656859963, 4.667400387796188, 4.008780450461212, 2.705539201342313, 2.1689567446124873, 1.095136128524669, 4.892442458527233, 6.201111685818923, 7.091792090156055, 11.288874998865031, 10.269893589030024, 10.624280020782585, 9.539980047148946, 8.32001992125019, 10.120504736919004, 8.95216255661167, 8.524815712377599, 8.628882446180386, 6.804977709000963, 6.816224652987899, 7.930452553291016, 2.416708888136922, 2.5030615234148756, 3.061675389390586, 0.0, 1.7734631600346256, 1.769700189297611, 4.8110761561214135], [10.917552195432819, 9.830750564427928, 9.519605527541568, 8.685272307763297, 7.237892336861608, 6.831854396867661, 7.943401229322361, 5.594999379803361, 4.6054039497095145, 3.3821189940627456, 2.159830979498164, 1.0943716827476853, 5.0484512050727, 6.38156344793343, 7.018015037743934, 11.802607898257063, 10.659408116307395, 11.281503122368047, 10.307842727748612, 8.98840243035435, 10.508860772224551, 9.192618141748301, 8.833243192055793, 9.267307564228133, 8.007194521179063, 7.9618452748091, 8.92647159408464, 3.6037272219189953, 2.4893378336417094, 2.46846998968997, 1.7734631600346256, 0.0, 1.7745604469839849, 4.6205553389176055], [9.901443703824205, 8.924680321445692, 8.85251320812344, 8.215128226631645, 6.72764014049503, 6.216147533641716, 7.267602946639283, 4.921927246516347, 4.011305764959833, 2.695391127461838, 2.1678906522239534, 1.0951938549864129, 4.634446535455987, 5.984554992645651, 6.732748185548008, 10.865985979192132, 9.627327461450557, 10.137344200529052, 9.427182103895099, 7.979276519208994, 9.90744307124699, 8.52160601295319, 8.558936644817509, 8.809937517939613, 7.13208422131988, 7.464302978845379, 8.244856594265299, 2.83446889028615, 3.0685634081765363, 2.499493330657235, 1.769700189297611, 1.7745604469839849, 0.0, 4.