{"total energy": -49.16274674, "HOMO-LUMO gap/eV": 1.94345737, "electronic energy": -49.68654921, "dipole": [-1.0063072, 0.30144734, -0.07757841], "partial charges": [-0.10759352, 0.00889314, -0.11144991, 0.00102158, -0.11460842, 0.25964642, -0.43233947, -0.03522592, -0.08551276, 0.1261461, -0.01541631, -0.02586629, 0.1729994, -0.12661359, -0.14371978, -0.15785976, 0.03601241, 0.04548547, 0.05430041, 0.04527466, 0.06648679, 0.04303467, 0.0531414, 0.05874031, 0.04700677, 0.04713796, 0.07844676, 0.07118044, 0.0707096, 0.07054144], "atomic dipole moments": [[0.09095702, 0.04681016, -0.06891468], [-0.01023704, 0.11412826, 0.12766628], [-0.04023391, -0.00060806, -0.03345966], [0.11377522, -0.107897, -0.02557065], [-0.06004223, -0.04738582, 0.10514691], [-0.00241724, 0.0143976, -0.0104428], [-0.06574681, 0.17115216, -0.05327176], [0.09929882, -0.0888335, 0.03953513], [-0.19919894, -0.04508498, -0.36806933], [-0.04919713, 0.0187975, 0.07672492], [-0.00893809, 0.01522503, -0.01438721], [-0.01480377, 0.01703787, -0.02925177], [0.08990967, -0.05122553, -0.17493511], [-0.06974033, 0.08844124, -0.08109101], [0.08542634, -0.14585812, 0.2490792], [0.21849743, -0.21701996, -0.00101143], [-0.09527789, 0.07966762, 0.01316401], [-0.04585562, -0.1050428, -0.05629854], [0.03510849, -0.03335406, 0.12188715], [-0.03681821, 0.0243878, -0.11634286], [0.09124932, -0.09096918, -0.01298327], [0.0080481, 0.08468227, 0.09386051], [-0.12252011, -0.01405843, -0.01976283], [0.12878025, 0.0192482, 0.01257176], [-0.05168803, 0.11215325, -0.031367], [-0.01202792, -0.07604584, -0.10268766], [0.01246317, 0.10113087, -0.08625492], [-0.07844932, 0.03848767, 0.09900441], [0.03389204, -0.07004265, 0.13386879], [0.10988859, -0.1102031, 0.00232081]], "atomic quadrupole moments": [[0.09746079, 0.11399179, -0.05940941, -0.1547009, -0.0625186, -0.03805138], [-0.0214356, 0.21869965, 0.08736717, -0.01906456, 0.11184239, -0.06593157], [-0.04831765, -0.0124464, 0.0928005, -0.01202159, -0.01250658, -0.04448285], [-0.11307884, -0.11126315, 0.13466673, -0.03335704, -0.16570837, -0.02158789], [-0.07170894, 0.05267585, -0.05944932, -0.13869407, -0.1282523, 0.13115826], [0.08726507, 0.01953041, -0.22570981, -0.39523217, 0.02046439, 0.13844474], [0.02912693, -0.01339278, -0.0857488, -0.13391324, -0.01674888, 0.05662187], [0.21481937, -0.07311632, -0.05893589, 0.25093639, 0.04112287, -0.15588348], [0.33602862, -0.21245609, -0.46656616, -0.03317426, 0.14303627, 0.13053754], [0.06184627, 0.34456366, -0.00415341, -0.03854815, 0.16755638, -0.05769285], [0.14261811, 0.41123321, 0.13193331, 0.08326589, 0.1244823, -0.27455142], [0.11143973, 0.41943189, 0.11588133, 0.10255499, 0.08325495, -0.22732106], [0.06400266, 0.29326066, -0.03234146, -0.15043536, 0.23391229, -0.0316612], [-0.07576718, -0.04940792, -0.17909789, -0.26599712, 0.15577072, 0.25486508], [0.05125122, 0.25842754, 0.03050575, 0.00428952, 0.09197691, -0.08175697], [0.07553042, 0.23146433, 0.04953088, -0.0156359, 0.12396132, -0.1250613], [0.01752027, -0.06327369, 0.02408668, -0.01014799, -0.00645325, -0.04160695], [-0.02838898, 0.0366828, 0.03848223, 0.0108839, 0.05371842, -0.01009324], [-0.00785874, -0.0095872, -0.0437415, 0.0378402, -0.02496597, 0.05160024], [-0.01590466, 0.00226459, -0.00878831, 0.03260486, -0.02738141, 0.02469297], [0.02337711, -0.02090973, 0.01546665, 0.00181926, -0.00285325, -0.03884376], [-0.03243152, 0.01472293, 0.0074646, 0.02253824, 0.0240916, 0.02496692], [0.03452696, 0.01974628, -0.01131622, 0.02359417, -0.00758859, -0.02321074], [0.06685387, 0.0134099, -0.04711646, 0.02773964, 0.00066623, -0.01973741], [-0.01936346, -0.05332687, 0.05325163, 0.00151233, -0.02403757, -0.03388817], [-0.03656775, 0.02235201, 0.01476981, 0.00634313, 0.05774221, 0.02179793], [0.00541348, 0.01002973, -0.01199829, 0.03040692, -0.04939782, 0.00658481], [0.02172563, -0.01906079, -0.04246415, -0.04027634, 0.02408793, 0.02073852], [-0.00827165, -0.04971283, -0.01404126, -0.01463734, -0.0046787, 0.02231291], [-0.01565954, -0.04047827, -0.01602661, -0.01251903, -0.0087129, 0.03168616]], "number of molecular orbitals": 88, "number of electrons": 88, "number of unpaired electrons": 0, "orbital energies/eV": [-29.09839317, -19.82689761, -18.99883928, -18.96944148, -18.15734347, -17.9470812, -17.91707576, -17.66449601, -17.42708137, -16.97356768, -16.85776476, -16.63934124, -16.38171905, -16.18446907, -15.37108145, -15.32563824, -15.28417908, -15.10910108, -15.0394989, -14.92591744, -14.63651045, -14.33295917, -14.06005621, -13.96310496, -13.79431298, -13.7472528, -13.59343899, -13.5054993, -13.3125116, -13.23170537, -13.04164912, -12.92938368, -12.82576535, -12.67530739, -12.63974694, -12.41250047, -12.12707844, -11.96394487, -11.73623928, -11.7047677, -11.02376133, -10.71940641, -10.56385455, -10.25690911, -8.31345174, -7.42608147, -6.2154134, -5.87060054, -4.52631514, -4.19258217, -3.93066844, -1.2226365, -0.6387465, -0.25123089, -0.07236686, 0.11929708, 0.12152671, 0.47612454, 0.74896223, 1.60788428, 1.87895694, 2.22662279, 2.61488654, 2.84733747, 2.95418399, 3.22198805, 3.52501154, 3.76728059, 4.21088562, 4.31033473, 4.58320291, 4.63667725, 4.75548413, 4.90189767, 5.01822598, 5.69454986, 6.03563982, 6.62862307, 6.73678359, 7.23577824, 7.52005997, 8.36662096, 9.37881582, 10.84812479, 11.88661965, 14.47904506, 14.99728365, 15.19432344], "fractional occupation": [2.0, 2.0, 2.0, 2.0, 2.0, 2.0, 2.0, 2.0, 2.0, 2.0, 2.0, 2.0, 2.0, 2.0, 2.0, 2.0, 2.0, 2.0, 2.0, 2.0, 2.0, 2.0, 2.0, 2.0, 2.0, 2.0, 2.0, 2.0, 2.0, 2.0, 2.0, 2.0, 2.0, 2.0, 2.0, 2.0, 2.0, 2.0, 2.0, 2.0, 2.0, 2.0, 2.0, 2.0, 0.0, 0.0, 0.0, 0.0, 0.0, 0.0, 0.0, 0.0, 0.0, 0.0, 0.0, 0.0, 0.0, 0.0, 0.0, 0.0, 0.0, 0.0, 0.0, 0.0, 0.0, 0.0, 0.0, 0.0, 0.0, 0.0, 0.0, 0.0, 0.0, 0.0, 0.0, 0.0, 0.0, 0.0, 0.0, 0.0, 0.0, 0.0, 0.0, 0.0, 0.0, 0.0, 0.0, 0.0], "program call": "xtb /home/svss/Project-DBcg-Debug/aqme2_20220329/End-to-End-workflows-final/example-3/QDESCP/mol_327_rdkit_conf_1/mol_327_rdkit_conf_1.xyz --pop --wbo --acc 0.2 --gfn 2 --chrg 0 --uhf 0 --etemp 300 --input /home/svss/Project-DBcg-Debug/aqme2_20220329/End-to-End-workflows-final/example-3/QDESCP/mol_327_rdkit_conf_1/mol_327_rdkit_conf_1_xtb.inp", "method": "GFN2-xTB", "xtb version": "6.3.3 (7355c4f)", "Dipole module/D": 2.677, "Total charge": 0, "Transition dipole module/D": NaN, "HOMO": -10.2569, "LUMO": -8.3135, "HOMO occupancy": 2.0, "LUMO occupancy": 0, "mulliken charges": [-0.09379, 0.10425, -0.28722, 0.08996, -0.09676, 0.45771, -0.55576, -0.01333, -0.079, 0.20948, -0.0167, -0.03582, 0.24154, -0.09328, -0.19134, -0.20079, 0.02551, 0.03307, 0.04938, 0.02345, 0.05462, 0.02725, 0.03422, 0.04469, 0.03484, 0.03918, 0.04155, 0.05481, 0.05028, 0.04801], "cm5 charges": [-0.23809, 0.0542, -0.54465, 0.0377, -0.24178, 0.54871, -0.59923, -0.09144, -0.10915, 0.29621, -0.05947, -0.08, 0.31748, -0.08675, -0.28719, -0.30005, 0.07901, 0.08432, 0.10419, 0.08858, 0.12365, 0.09288, 0.09931, 0.09987, 0.08605, 0.09266, 0.10616, 0.11369, 0.10786, 0.1053], "FUKUI+": [0.007, 0.008, -0.025, 0.011, 0.006, -0.008, -0.024, 0.022, -0.159, 0.001, -0.048, -0.058, -0.011, -0.125, -0.131, -0.132, -0.012, -0.017, -0.005, -0.017, -0.002, -0.009, -0.025, 0.013, -0.02, -0.01, -0.025, -0.041, -0.079, -0.085], "FUKUI-": [0.006, 0.011, -0.063, 0.014, 0.006, -0.003, -0.058, 0.036, -0.265, 0.021, -0.011, -0.016, -0.009, -0.117, -0.078, -0.062, -0.022, -0.031, -0.015, -0.034, -0.022, -0.024, -0.036, -0.0, -0.031, -0.018, -0.039, -0.043, -0.044, -0.054], "FUKUIrad": [0.006, 0.009, -0.044, 0.012, 0.006, -0.005, -0.041, 0.029, -0.212, 0.011, -0.03, -0.037, -0.01, -0.121, -0.105, -0.097, -0.017, -0.024, -0.01, -0.025, -0.012, -0.016, -0.03, 0.006, -0.026, -0.014, -0.032, -0.042, -0.061, -0.069], "s proportion": [1.011, 1.003, 1.449, 1.006, 1.013, 1.01, 1.734, 1.048, 1.927, 1.058, 1.066, 1.065, 1.046, 1.942, 1.571, 1.573, 0.974, 0.967, 0.951, 0.977, 0.945, 0.973, 0.966, 0.955, 0.965, 0.961, 0.958, 0.945, 0.95, 0.952], "p proportion": [3.083, 2.892, 3.838, 2.904, 3.084, 2.533, 4.822, 2.965, 4.148, 2.733, 2.951, 2.971, 2.712, 5.162, 3.62, 3.628, 0.0, 0.0, 0.0, 0.0, 0.0, 0.0, 0.0, 0.0, 0.0, 0.0, 0.0, 0.0, 0.0, 0.0], "d proportion": [0.0, 0.0, 0.0, 0.0, 0.0, 0.0, 0.0, 0.0, 0.003, 0.0, 0.0, 0.0, 0.0, -0.01, 0.0, 0.0, 0.0, 0.0, 0.0, 0.0, 0.0, 0.0, 0.0, 0.0, 0.0, 0.0, 0.0, 0.0, 0.0, 0.0], "Fermi-level/eV": -9.2852, "Coordination numbers": [3.749, 3.742, 2.729, 3.736, 3.749, 2.775, 0.857, 3.793, 2.037, 2.892, 2.955, 2.947, 2.819, 0.987, 1.967, 1.943, 0.924, 0.924, 0.924, 0.924, 0.924, 0.924, 0.924, 0.924, 0.924, 0.924, 0.924, 0.924, 0.925, 0.925], "Dispersion coefficient C6": [22.622, 20.501, 23.433, 20.647, 22.759, 22.628, 22.338, 21.211, 144.616, 25.234, 28.395, 28.648, 24.275, 103.112, 24.87, 25.195, 2.503, 2.377, 2.267, 2.38, 2.125, 2.409, 2.281, 2.214, 2.358, 2.356, 1.995, 2.073, 2.078, 2.08], "Total dispersion C6": 12343.415844, "Total dispersion C8": 329254.033711, "Polarizability alpha": [6.783, 6.46, 7.19, 6.484, 6.804, 7.791, 6.337, 6.559, 20.24, 8.236, 8.74, 8.779, 8.073, 15.535, 7.395, 7.443, 2.474, 2.411, 2.355, 2.413, 2.28, 2.427, 2.362, 2.327, 2.401, 2.4, 2.209, 2.251, 2.254, 2.255], "Total polarizability alpha": 171.667342, "Wiberg matrix": [[0.0, 1.0114228106880445, 0.0, 0.0, 0.0, 0.0, 0.0, 0.0, 0.0, 0.0, 0.0, 0.0, 0.0, 0.0, 0.0, 0.0, 0.9860577466726113, 0.9837241144370354, 0.9855421674408407, 0.0, 0.0, 0.0, 0.0, 0.0, 0.0, 0.0, 0.0, 0.0, 0.0, 0.0], [1.0114228106880445, 0.0, 0.980811228525021, 0.0, 0.0, 0.0, 0.0, 0.0, 0.0, 0.0, 0.0, 0.0, 0.0, 0.0, 0.0, 0.0, 0.0, 0.0, 0.0, 0.9703867645906177, 0.9680500273662889, 0.0, 0.0, 0.0, 0.0, 0.0, 0.0, 0.0, 0.0, 0.0], [0.0, 0.980811228525021, 0.0, 0.9860433837332565, 0.0, 1.2307126900058802, 0.19720959134667285, 0.0, 0.0, 0.0, 0.0, 0.0, 0.0, 0.0, 0.0, 0.0, 0.0, 0.0, 0.0, 0.0, 0.0, 0.0, 0.0, 0.0, 0.0, 0.0, 0.0, 0.0, 0.0, 0.0], [0.0, 0.0, 0.9860433837332565, 0.0, 1.0104372774955444, 0.0, 0.0, 0.0, 0.0, 0.0, 0.0, 0.0, 0.0, 0.0, 0.0, 0.0, 0.0, 0.0, 0.0, 0.0, 0.0, 0.9698183803335338, 0.9687955390620648, 0.0, 0.0, 0.0, 0.0, 0.0, 0.0, 0.0], [0.0, 0.0, 0.0, 1.0104372774955444, 0.0, 0.0, 0.0, 0.0, 0.0, 0.0, 0.0, 0.0, 0.0, 0.0, 0.0, 0.0, 0.0, 0.0, 0.0, 0.0, 0.0, 0.0, 0.0, 0.9826037462866982, 0.9831935172210062, 0.984748345099745, 0.0, 0.0, 0.0, 0.0], [0.0, 0.0, 1.2307126900058802, 0.0, 0.0, 0.0, 1.6845716926995475, 0.9671888281862173, 0.0, 0.0, 0.0, 0.0, 0.0, 0.0, 0.0, 0.0, 0.0, 0.0, 0.0, 0.0, 0.0, 0.0, 0.0, 0.0, 0.0, 0.0, 0.0, 0.0, 0.0, 0.0], [0.0, 0.0, 0.19720959134667285, 0.0, 0.0, 1.6845716926995475, 0.0, 0.0, 0.0, 0.0, 0.0, 0.0, 0.0, 0.0, 0.0, 0.0, 0.0, 0.0, 0.0, 0.0, 0.0, 0.0, 0.0, 0.0, 0.0, 0.0, 0.0, 0.0, 0.0, 0.0], [0.0, 0.0, 0.0, 0.0, 0.0, 0.9671888281862173, 0.0, 0.0, 0.986314061606877, 0.0, 0.0, 0.0, 0.0, 0.0, 0.0, 0.0, 0.0, 0.0, 0.0, 0.0, 0.0, 0.0, 0.0, 0.0, 0.0, 0.0, 0.9618676264352667, 0.952632379810014, 0.0, 0.0], [0.0, 0.0, 0.0, 0.0, 0.0, 0.0, 0.0, 0.986314061606877, 0.0, 1.0585978294108511, 0.0, 0.0, 0.0, 0.0, 0.0, 0.0, 0.0, 0.0, 0.0, 0.0, 0.0, 0.0, 0.0, 0.0, 0.0, 0.0, 0.0, 0.0, 0.0, 0.0], [0.0, 0.0, 0.0, 0.0, 0.0, 0.0, 0.0, 0.0, 1.0585978294108511, 0.0, 1.3410470360782287, 0.0, 0.0, 0.0, 0.0, 1.4330209729938677, 0.0, 0.0, 0.0, 0.0, 0.0, 0.0, 0.0, 0.0, 0.0, 0.0, 0.0, 0.0, 0.0, 0.0], [0.0, 0.0, 0.0, 0.0, 0.0, 0.0, 0.0, 0.0, 0.0, 1.3410470360782287, 0.0, 1.485672517674725, 0.0, 0.0, 0.11641711568203543, 0.0, 0.0, 0.0, 0.0, 0.0, 0.0, 0.0, 0.0, 0.0, 0.0, 0.0, 0.0, 0.0, 0.9635189864156908, 0.0], [0.0, 0.0, 0.0, 0.0, 0.0, 0.0, 0.0, 0.0, 0.0, 0.0, 1.485672517674725, 0.0, 1.3459926083647946, 0.0, 0.0, 0.1074303098660406, 0.0, 0.0, 0.0, 0.0, 0.0, 0.0, 0.0, 0.0, 0.0, 0.0, 0.0, 0.0, 0.0, 0.962930121220475], [0.0, 0.0, 0.0, 0.0, 0.0, 0.0, 0.0, 0.0, 0.0, 0.0, 0.0, 1.3459926083647946, 0.0, 1.004736598874894, 1.445671903944939, 0.0, 0.0, 0.0, 0.0, 0.0, 0.0, 0.0, 0.0, 0.0, 0.0, 0.0, 0.0, 0.0, 0.0, 0.0], [0.0, 0.0, 0.0, 0.0, 0.0, 0.0, 0.0, 0.0, 0.0, 0.0, 0.0, 0.0, 1.004736598874894, 0.0, 0.0, 0.0, 0.0, 0.0, 0.0, 0.0, 0.0, 0.0, 0.0, 0.0, 0.0, 0.0, 0.0, 0.0, 0.0, 0.0], [0.0, 0.0, 0.0, 0.0, 0.0, 0.0, 0.0, 0.0, 0.0, 0.0, 0.11641711568203543, 0.0, 1.445671903944939, 0.0, 0.0, 1.3354109478480005, 0.0, 0.0, 0.0, 0.0, 0.0, 0.0, 0.0, 0.0, 0.0, 0.0, 0.0, 0.0, 0.0, 0.0], [0.0, 0.0, 0.0, 0.0, 0.0, 0.0, 0.0, 0.0, 0.0, 1.4330209729938677, 0.0, 0.1074303098660406, 0.0, 0.0, 1.3354109478480005, 0.0, 0.0, 0.0, 0.0, 0.0, 0.0, 0.0, 0.0, 0.0, 0.0, 0.0, 0.0, 0.0, 0.0, 0.0], [0.9860577466726113, 0.0, 0.0, 0.0, 0.0, 0.0, 0.0, 0.0, 0.0, 0.0, 0.0, 0.0, 0.0, 0.0, 0.0, 0.0, 0.0, 0.0, 0.0, 0.0, 0.0, 0.0, 0.0, 0.0, 0.0, 0.0, 0.0, 0.0, 0.0, 0.0], [0.9837241144370354, 0.0, 0.0, 0.0, 0.0, 0.0, 0.0, 0.0, 0.0, 0.0, 0.0, 0.0, 0.0, 0.0, 0.0, 0.0, 0.0, 0.0, 0.0, 0.0, 0.0, 0.0, 0.0, 0.0, 0.0, 0.0, 0.0, 0.0, 0.0, 0.0], [0.9855421674408407, 0.0, 0.0, 0.0, 0.0, 0.0, 0.0, 0.0, 0.0, 0.0, 0.0, 0.0, 0.0, 0.0, 0.0, 0.0, 0.0, 0.0, 0.0, 0.0, 0.0, 0.0, 0.0, 0.0, 0.0, 0.0, 0.0, 0.0, 0.0, 0.0], [0.0, 0.9703867645906177, 0.0, 0.0, 0.0, 0.0, 0.0, 0.0, 0.0, 0.0, 0.0, 0.0, 0.0, 0.0, 0.0, 0.0, 0.0, 0.0, 0.0, 0.0, 0.0, 0.0, 0.0, 0.0, 0.0, 0.0, 0.0, 0.0, 0.0, 0.0], [0.0, 0.9680500273662889, 0.0, 0.0, 0.0, 0.0, 0.0, 0.0, 0.0, 0.0, 0.0, 0.0, 0.0, 0.0, 0.0, 0.0, 0.0, 0.0, 0.0, 0.0, 0.0, 0.0, 0.0, 0.0, 0.0, 0.0, 0.0, 0.0, 0.0, 0.0], [0.0, 0.0, 0.0, 0.9698183803335338, 0.0, 0.0, 0.0, 0.0, 0.0, 0.0, 0.0, 0.0, 0.0, 0.0, 0.0, 0.0, 0.0, 0.0, 0.0, 0.0, 0.0, 0.0, 0.0, 0.0, 0.0, 0.0, 0.0, 0.0, 0.0, 0.0], [0.0, 0.0, 0.0, 0.9687955390620648, 0.0, 0.0, 0.0, 0.0, 0.0, 0.0, 0.0, 0.0, 0.0, 0.0, 0.0, 0.0, 0.0, 0.0, 0.0, 0.0, 0.0, 0.0, 0.0, 0.0, 0.0, 0.0, 0.0, 0.0, 0.0, 0.0], [0.0, 0.0, 0.0, 0.0, 0.9826037462866982, 0.0, 0.0, 0.0, 0.0, 0.0, 0.0, 0.0, 0.0, 0.0, 0.0, 0.0, 0.0, 0.0, 0.0, 0.0, 0.0, 0.0, 0.0, 0.0, 0.0, 0.0, 0.0, 0.0, 0.0, 0.0], [0.0, 0.0, 0.0, 0.0, 0.9831935172210062, 0.0, 0.0, 0.0, 0.0, 0.0, 0.0, 0.0, 0.0, 0.0, 0.0, 0.0, 0.0, 0.0, 0.0, 0.0, 0.0, 0.0, 0.0, 0.0, 0.0, 0.0, 0.0, 0.0, 0.0, 0.0], [0.0, 0.0, 0.0, 0.0, 0.984748345099745, 0.0, 0.0, 0.0, 0.0, 0.0, 0.0, 0.0, 0.0, 0.0, 0.0, 0.0, 0.0, 0.0, 0.0, 0.0, 0.0, 0.0, 0.0, 0.0, 0.0, 0.0, 0.0, 0.0, 0.0, 0.0], [0.0, 0.0, 0.0, 0.0, 0.0, 0.0, 0.0, 0.9618676264352667, 0.0, 0.0, 0.0, 0.0, 0.0, 0.0, 0.0, 0.0, 0.0, 0.0, 0.0, 0.0, 0.0, 0.0, 0.0, 0.0, 0.0, 0.0, 0.0, 0.0, 0.0, 0.0], [0.0, 0.0, 0.0, 0.0, 0.0, 0.0, 0.0, 0.952632379810014, 0.0, 0.0, 0.0, 0.0, 0.0, 0.0, 0.0, 0.0, 0.0, 0.0, 0.0, 0.0, 0.0, 0.0, 0.0, 0.0, 0.0, 0.0, 0.0, 0.0, 0.0, 0.0], [0.0, 0.0, 0.0, 0.0, 0.0, 0.0, 0.0, 0.0, 0.0, 0.0, 0.9635189864156908, 0.0, 0.0, 0.0, 0.0, 0.0, 0.0, 0.0, 0.0, 0.0, 0.0, 0.0, 0.0, 0.0, 0.0, 0.0, 0.0, 0.0, 0.0, 0.0], [0.0, 0.0, 0.0, 0.0, 0.0, 0.0, 0.0, 0.0, 0.0, 0.0, 0.0, 0.962930121220475, 0.0, 0.0, 0.0, 0.0, 0.0, 0.0, 0.0, 0.0, 0.0, 0.0, 0.0, 0.0, 0.0, 0.0, 0.0, 0.0, 0.0, 0.0]], "Born radii": [], "Atomic SASAs": [], "Solvent H bonds": [], "Total SASA": NaN, "Total FOD": 0.0, "FOD": [0.0, 0.0, 0.0, 0.0, 0.0, 0.0, 0.0, 0.0, 0.0, 0.0, 0.0, 0.0, 0.0, 0.0, 0.0, 0.0, 0.0, 0.0, 0.0, 0.0, 0.0, 0.0, 0.0, 0.0, 0.0, 0.0, 0.0, 0.0, 0.0, 0.0], "FOD s proportion": [0.0, 0.0, 0.0, 0.0, 0.0, 0.0, 0.0, 0.0, 0.0, 0.0, 0.0, 0.0, 0.0, 0.0, 0.0, 0.0, 0.0, 0.0, 0.0, 0.0, 0.0, 0.0, 0.0, 0.0, 0.0, 0.0, 0.0, 0.0, 0.0, 0.0], "FOD p proportion": [0.0, 0.0, 0.0, 0.0, 0.0, 0.0, 0.0, 0.0, 0.0, 0.0, 0.0, 0.0, 0.0, 0.0, 0.0, 0.0, 0.0, 0.0, 0.0, 0.0, 0.0, 0.0, 0.0, 0.0, 0.0, 0.0, 0.0, 0.0, 0.0, 0.0], "FOD d proportion": [0.0, 0.0, 0.0, 0.0, 0.0, 0.0, 0.0, 0.0, 0.0, 0.0, 0.0, 0.0, 0.0, 0.0, 0.0, 0.0, 0.0, 0.0, 0.0, 0.0, 0.0, 0.0, 0.0, 0.0, 0.0, 0.0, 0.0, 0.0, 0.0, 0.0], "coordinates": [["-3.22250", "-1.82040", "0.34180"], ["-2.07070", "-1.23430", "-0.45970"], ["-1.52610", "-0.03190", "0.17200"], ["-2.11550", "1.24990", "-0.21920"], ["-1.45560", "1.82320", "-1.46370"], ["-0.50190", "-0.18610", "1.10910"], ["-0.11030", "-1.30790", "1.44450"], ["0.08030", "1.08720", "1.72650"], ["1.74500", "0.82230", "2.42630"], ["2.59830", "0.32890", "0.94640"], ["3.58150", "-0.64730", "1.00050"], ["4.23460", "-1.00780", "-0.17520"], ["3.87130", "-0.36350", "-1.33970"], ["4.60920", "-0.73240", "-2.83860"], ["2.92400", "0.59340", "-1.37750"], ["2.28410", "0.94510", "-0.21670"], ["-4.04320", "-1.10210", "0.43640"], ["-3.60930", "-2.71830", "-0.14980"], ["-2.90190", "-2.09460", "1.35210"], ["-2.40080", "-0.98640", "-1.47430"], ["-1.27930", "-1.98620", "-0.55660"], ["-2.03370", "1.96420", "0.60510"], ["-3.18650", "1.10080", "-0.39660"], ["-0.38300", "1.97750", "-1.31270"], ["-1.90690", "2.78600", "-1.72260"], ["-1.57500", "1.15100", "-2.31940"], ["0.14690", "1.89650", "0.99740"], ["-0.58390", "1.40250", "2.53710"], ["3.83020", "-1.13520", "1.93740"], ["5.00060", "-1.77430", "-0.17250"]], "bond_dist": [[0.0, 1.5207099328931866, 2.470898065481456, 3.3116328434776703, 4.43368772242701, 3.2651722986697043, 3.3413159653046884, 4.613027172042237, 6.00042163435204, 6.234319873891619, 6.935738266399619, 7.519039045649385, 7.434513992185367, 8.522570800527268, 6.82362698130547, 6.187289880068657, 1.0947385715320344, 1.094307639560284, 1.0948406687733152, 2.1607790493245718, 2.147239725787505, 3.975647052996531, 3.0132938787977515, 5.022367460670317, 5.216461605341307, 4.315722378698611, 5.059447927392869, 4.708358149079146, 7.263333648539078, 8.239296287305125], [1.5207099328931866, 0.0, 1.463352250826847, 2.4962165230604496, 3.2763806646969456, 2.453770592374112, 2.733964659610654, 3.8465092863530175, 5.207510542476126, 5.120573449331627, 5.867206991405706, 6.31577790853985, 6.069601028074251, 7.1085957002772355, 5.397209669820138, 4.875768288177772, 2.1705364083562384, 2.159996289348665, 2.1710893049342763, 1.0953691523865365, 1.0959275432253721, 3.3712861477483633, 2.5887609507252693, 3.727143615424552, 4.217174283806634, 3.0649402392216394, 4.10399790570122, 4.259589031819854, 6.369970959902408, 7.097701566704536], [2.470898065481456, 1.463352250826847, 0.0, 1.4640495346811186, 2.474243470234892, 1.3967532674026577, 2.291707199883964, 2.499875200885036, 4.063449438592782, 4.211952915216408, 5.210825958521355, 5.853084070812583, 5.614901798785087, 6.869957692737272, 4.753455621965982, 3.952624536937451, 2.7479133556209514, 3.414677501609779, 2.7459411756263097, 2.0943910881208407, 2.1002515777877657, 2.10467303398889, 2.08883781323491, 2.7474897743212803, 3.4168813573198586, 2.7583903965900114, 2.6830841805653436, 2.9221468494926808, 5.746638821084896, 6.764055802549237], [3.3116328434776703, 2.4962165230604496, 1.4640495346811186, 0.0, 1.5208290995374858, 2.5357803236873657, 3.651173177213045, 2.938325615039967, 4.699465103604878, 4.942345070915223, 6.12722163219187, 6.739652461366239, 6.300821696413889, 7.484140547851838, 5.212409365159264, 4.410146193721927, 3.1109070461844404, 4.240620949813836, 3.777974179371797, 2.5802538227856577, 3.3593767889297563, 1.093794413955383, 1.0957839978754937, 2.174097573707307, 2.1594741790537806, 2.170889564210948, 2.6488980501333, 3.156940767578638, 6.759509897914198, 7.7321954023420805], [4.43368772242701, 3.2763806646969456, 2.474243470234892, 1.5208290995374858, 0.0, 3.4009013540530693, 4.480094478914479, 3.6163601659679863, 5.135926515245326, 4.947284074115817, 6.127644596417126, 6.484841500761603, 5.759591695597876, 6.72333551222903, 4.5498060002597915, 4.0387404843589545, 4.343205482129529, 5.195188076480004, 5.036831362076757, 2.9643494328435707, 3.919877607783182, 2.1526760206775193, 2.1579107905564587, 1.094111625932199, 1.0943878380172178, 1.094683374314235, 2.9377529423013096, 4.116217926689499, 6.946890916805877, 7.502780959750858], [3.2651722986697043, 2.453770592374112, 1.3967532674026577, 2.5357803236873657, 3.4009013540530693, 0.0, 1.2346169284437989, 1.5301740064450187, 2.7929278562111124, 3.1468931233837605, 4.1107973630428445, 4.97584662444493, 5.0152737153619045, 6.4812130184094405, 4.304368782992461, 3.2862067920324187, 3.719191710573683, 4.201523629589627, 3.0759423352852373, 3.30458119282913, 2.5727936683690746, 2.687790417796745, 3.336213611266521, 3.249679585743801, 4.338885605774829, 3.833274353604239, 2.184179729326321, 2.1376524413477513, 4.511536557537798, 5.868763417450052], [3.3413159653046884, 2.733964659610654, 2.291707199883964, 3.651173177213045, 4.480094478914479, 1.2346169284437989, 0.0, 2.4191643949926185, 2.990622237929759, 3.203705949365516, 3.7766275431924714, 4.646680977859358, 4.949424164486208, 6.399205115481141, 4.559122961710948, 3.683577853120523, 4.065257883578851, 4.095610046134763, 2.9018037855788936, 3.7241302259722335, 2.4147573584109856, 3.8872481693352174, 4.31908454883671, 4.297716869455223, 5.478896894448735, 4.728475283852079, 3.245647795125035, 2.9604627813907745, 3.974961125596073, 5.380847216749421], [4.613027172042237, 3.8465092863530175, 2.499875200885036, 2.938325615039967, 3.6163601659679863, 1.5301740064450187, 2.4191643949926185, 0.0, 1.8251351018486275, 2.7429726393094045, 3.974162514291533, 5.026300466545947, 5.087022108267272, 6.682964714855227, 4.2385474080161005, 2.9415902314904434, 4.8436189724213445, 5.622764453540625, 4.3769331089245584, 4.549812612624832, 4.062861716819809, 2.5486590513444516, 3.896116118649443, 3.200627691563016, 4.327952875205551, 4.371886931291796, 1.0913243605821323, 1.0943710933682416, 4.364091037088938, 6.000311270259235], [6.00042163435204, 5.207510542476126, 4.063449438592782, 4.699465103604878, 5.135926515245326, 2.7929278562111124, 2.990622237929759, 1.8251351018486275, 0.0, 1.7781081125735856, 2.750520323502446, 4.039204924239423, 4.484420735167475, 6.191922620640539, 3.9889009325878226, 2.7002143711194484, 6.4160951216452515, 6.916694879781817, 5.590696813457157, 5.972749257251638, 5.092323158441538, 4.347330070284519, 5.689114070749504, 4.45454734400702, 5.86565107298414, 5.80104405947757, 2.3978291140112553, 2.4026410239567624, 2.9015320952903485, 4.908668287835306], [6.234319873891619, 5.120573449331627, 4.211952915216408, 4.942345070915223, 4.947284074115817, 3.1468931233837605, 3.203705949365516, 2.7429726393094045, 1.7781081125735856, 0.0, 1.3865696845092208, 2.392118546393552, 2.7066953966045015, 4.415461640644158, 2.361472411441641, 1.3532278780752338, 6.813030401370598, 7.0015269791667585, 6.0241302094161275, 5.7079596520998646, 4.759672128413889, 4.9240345023161645, 5.988604983633501, 4.087733413519038, 5.784265592968567, 5.362623512796699, 2.9102117998523753, 3.7160920723254423, 2.1548195794543914, 3.3832577111417335], [6.935738266399619, 5.867206991405706, 5.210825958521355, 6.12722163219187, 6.127644596417126, 4.1107973630428445, 3.7766275431924714, 3.974162514291533, 2.750520323502446, 1.3865696845092208, 0.0, 1.3923973391241453, 2.3750921076876153, 3.975185292536689, 2.761616689549801, 2.3875846288665876, 7.659053592970871, 7.570986443654486, 6.652275957144291, 6.482864886761099, 5.276797348771318, 6.205380282464564, 7.128363488206814, 5.287506929546287, 7.023201339844957, 6.391018005764027, 4.274038512928961, 4.89013054631469, 1.085209523548333, 2.1586808031758657], [7.519039045649385, 6.31577790853985, 5.853084070812583, 6.739652461366239, 6.484841500761603, 4.97584662444493, 4.646680977859358, 5.026300466545947, 4.039204924239423, 2.392118546393552, 1.3923973391241453, 0.0, 1.3795541417429038, 2.7036771035018217, 2.3931232918510488, 2.7604331018881805, 8.300898739895578, 8.028276441428758, 7.378577896857903, 6.761409019575728, 5.61300505344508, 6.98091949387758, 7.7180267640116424, 5.614993508455731, 7.382776405255682, 6.558160049892043, 5.149683537849681, 6.031920061638749, 2.154727101050154, 1.0836445634985672], [7.434513992185367, 6.069601028074251, 5.614901798785087, 6.300821696413889, 5.759591695597876, 5.0152737153619045, 4.949424164486208, 5.087022108267272, 4.484420735167475, 2.7066953966045015, 2.3750921076876153, 1.3795541417429038, 0.0, 1.7109309834122475, 1.3470203190746606, 2.3436652491343555, 8.144898490466288, 7.93223306578923, 7.491243734520991, 6.304392118198233, 5.456654768262329, 6.638483210041282, 7.269535950801812, 4.855932298745525, 6.591931272396581, 5.73722110694716, 4.943762916038754, 6.164182125797388, 3.3669859681917296, 2.1512858875565564], [8.522570800527268, 7.1085957002772355, 6.869957692737272, 7.484140547851838, 6.72333551222903, 6.4812130184094405, 6.399205115481141, 6.682964714855227, 6.191922620640539, 4.415461640644158, 3.975185292536689, 2.7036771035018217, 1.7109309834122475, 0.0, 2.5946980344541064, 3.8851584098978518, 9.25885137854583, 8.872270650740994, 8.708282180774805, 7.146042995252687, 6.438475804878046, 7.953542711270243, 8.372390622158047, 5.881665551525351, 7.488935423009068, 6.485452477661062, 6.445008339792898, 7.773302780028577, 4.855848519054111, 2.889089610932828], [6.82362698130547, 5.397209669820138, 4.753455621965982, 5.212409365159264, 4.5498060002597915, 4.304368782992461, 4.559122961710948, 4.2385474080161005, 3.9889009325878226, 2.361472411441641, 2.761616689549801, 2.3931232918510488, 1.3470203190746606, 2.5946980344541064, 0.0, 1.371357553667168, 7.396406512624898, 7.426884479376262, 6.972601449244033, 5.555054754005581, 4.999594369546394, 5.512584211601669, 6.209495134066859, 3.5855516800068576, 5.316407017902223, 4.630236966938085, 3.87949790952386, 5.318279644772358, 3.846793263225878, 3.37198692909685], [6.187289880068657, 4.875768288177772, 3.952624536937451, 4.410146193721927, 4.0387404843589545, 3.2862067920324187, 3.683577853120523, 2.9415902314904434, 2.7002143711194484, 1.3532278780752338, 2.3875846288665876, 2.7604331018881805, 2.3436652491343555, 3.8851584098978518, 1.371357553667168, 0.0, 6.682237105939895, 6.939534475020641, 6.212528111002798, 5.221162516145231, 4.626647950730637, 4.511908342375762, 5.4757712570924655, 3.062758261763406, 4.818830627859834, 4.399590311608571, 2.6356829494459304, 4.002256013800216, 3.370195856326454, 3.8440164216610735], [1.0947385715320344, 2.1705364083562384, 2.7479133556209514, 3.1109070461844404, 4.343205482129529, 3.719191710573683, 4.065257883578851, 4.8436189724213445, 6.4160951216452515, 6.813030401370598, 7.659053592970871, 8.300898739895578, 8.144898490466288, 9.25885137854583, 7.396406512624898, 6.682237105939895, 0.0, 1.7731334100963752, 1.7680860923608892, 2.522228922996483, 3.067054779426021, 3.6699789686045885, 2.506110991157415, 5.093167090327982, 4.933799783128618, 4.331616844782095, 5.1829780020756395, 4.759487171954558, 8.01526819077191, 9.089165555209126], [1.094307639560284, 2.159996289348665, 3.414677501609779, 4.240620949813836, 5.195188076480004, 4.201523629589627, 4.095610046134763, 5.622764453540625, 6.916694879781817, 7.0015269791667585, 7.570986443654486, 8.028276441428758, 7.93223306578923, 8.872270650740994, 7.426884479376262, 6.939534475020641, 1.7731334100963752, 0.0, 1.7734486347227543, 2.4928397682161605, 2.475955704369527, 4.99781908636157, 3.8503499698079393, 5.814798856366401, 5.972368381973772, 4.880268756943617, 6.059825518940294, 5.775246264013337, 7.887253622142501, 8.66152580669249], [1.0948406687733152, 2.1710893049342763, 2.7459411756263097, 3.777974179371797, 5.036831362076757, 3.0759423352852373, 2.9018037855788936, 4.3769331089245584, 5.590696813457157, 6.0241302094161275, 6.652275957144291, 7.378577896857903, 7.491243734520991, 8.708282180774805, 6.972601449244033, 6.212528111002798, 1.7680860923608892, 1.7734486347227543, 0.0, 3.0769701672261953, 2.5075320556276046, 4.21730218030437, 3.6537008648765976, 5.479782355167036, 5.853551182829103, 5.076858794569729, 5.0348657122112, 4.359708408827361, 6.825261523194551, 8.054595179150843], [2.1607790493245718, 1.0953691523865365, 2.0943910881208407, 2.5802538227856577, 2.9643494328435707, 3.30458119282913, 3.7241302259722335, 4.549812612624832, 5.972749257251638, 5.7079596520998646, 6.482864886761099, 6.761409019575728, 6.304392118198233, 7.146042995252687, 5.555054754005581, 5.221162516145231, 2.522228922996483, 2.4928397682161605, 3.0769701672261953, 0.0, 1.7605497948084283, 3.6283201526326203, 2.4769266480862933, 3.589196931069679, 3.812688272072607, 2.442256827198974, 4.572875308818293, 5.009920037286024, 7.105434492696418, 7.5562021948860005], [2.147239725787505, 1.0959275432253721, 2.1002515777877657, 3.3593767889297563, 3.919877607783182, 2.5727936683690746, 2.4147573584109856, 4.062861716819809, 5.092323158441538, 4.759672128413889, 5.276797348771318, 5.61300505344508, 5.456654768262329, 6.438475804878046, 4.999594369546394, 4.626647950730637, 3.067054779426021, 2.475955704369527, 2.5075320556276046, 1.7605497948084283, 0.0, 4.186206685055099, 3.632159253116526, 4.133516492044032, 4.952507506304256, 3.6106683827236195, 4.418633468619002, 4.640888766173997, 5.749019677301514, 6.295202810871148], [3.975647052996531, 3.3712861477483633, 2.10467303398889, 1.093794413955383, 2.1526760206775193, 2.687790417796745, 3.8872481693352174, 2.5486590513444516, 4.347330070284519, 4.9240345023161645, 6.205380282464564, 6.98091949387758, 6.638483210041282, 7.953542711270243, 5.512584211601669, 4.511908342375762, 3.6699789686045885, 4.99781908636157, 4.21730218030437, 3.6283201526326203, 4.186206685055099, 0.0, 1.7543689150232913, 2.530403963797085, 2.4717647076532185, 3.0699185950119263, 2.216641364767878, 2.4799296219852693, 6.765103610440863, 8.003900330463892], [3.0132938787977515, 2.5887609507252693, 2.08883781323491, 1.0957839978754937, 2.1579107905564587, 3.336213611266521, 4.31908454883671, 3.896116118649443, 5.689114070749504, 5.988604983633501, 7.128363488206814, 7.7180267640116424, 7.269535950801812, 8.372390622158047, 6.209495134066859, 5.4757712570924655, 2.506110991157415, 3.8503499698079393, 3.6537008648765976, 2.4769266480862933, 3.632159253116526, 1.7543689150232913, 0.0, 3.0769228703365314, 2.49710856792411, 2.5093051089893392, 3.6997202664525872, 3.9333376844608705, 7.725369304441051, 8.680151336814355], [5.022367460670317, 3.727143615424552, 2.7474897743212803, 2.174097573707307, 1.094111625932199, 3.249679585743801, 4.297716869455223, 3.200627691563016, 4.45454734400702, 4.087733413519038, 5.287506929546287, 5.614993508455731, 4.855932298745525, 5.881665551525351, 3.5855516800068576, 3.062758261763406, 5.093167090327982, 5.814798856366401, 5.479782355167036, 3.589196931069679, 4.133516492044032, 2.530403963797085, 3.0769228703365314, 0.0, 1.773121955760517, 1.7656191945037298, 2.3714799219053067, 3.8976846781134054, 6.164665890378814, 6.660270883380045], [5.216461605341307, 4.217174283806634, 3.4168813573198586, 2.1594741790537806, 1.0943878380172178, 4.338885605774829, 5.478896894448735, 4.327952875205551, 5.86565107298414, 5.784265592968567, 7.023201339844957, 7.382776405255682, 6.591931272396581, 7.488935423009068, 5.316407017902223, 4.818830627859834, 4.933799783128618, 5.972368381973772, 5.853551182829103, 3.812688272072607, 4.952507506304256, 2.4717647076532185, 2.49710856792411, 1.773121955760517, 0.0, 1.7718783395030258, 3.5224571949138004, 4.670058387215303, 7.854026091757016, 8.420968017395625], [4.315722378698611, 3.0649402392216394, 2.7583903965900114, 2.170889564210948, 1.094683374314235, 3.833274353604239, 4.728475283852079, 4.371886931291796, 5.80104405947757, 5.362623512796699, 6.391018005764027, 6.558160049892043, 5.73722110694716, 6.485452477661062, 4.630236966938085, 4.399590311608571, 4.331616844782095, 4.880268756943617, 5.076858794569729, 2.442256827198974, 3.6106683827236195, 3.0699185950119263, 2.5093051089893392, 1.7656191945037298, 1.7718783395030258, 0.0, 3.8107574181519346, 4.9629752880706555, 7.250051290853052, 7.510331221723847], [5.059447927392869, 4.10399790570122, 2.6830841805653436, 2.6488980501333, 2.9377529423013096, 2.184179729326321, 3.245647795125035, 1.0913243605821323, 2.3978291140112553, 2.9102117998523753, 4.274038512928961, 5.149683537849681, 4.943762916038754, 6.445008339792898, 3.87949790952386, 2.6356829494459304, 5.1829780020756395, 6.059825518940294, 5.0348657122112, 4.572875308818293, 4.418633468619002, 2.216641364767878, 3.6997202664525872, 2.3714799219053067, 3.5224571949138004, 3.8107574181519346, 0.0, 1.7744804112753685, 4.862252953107232, 6.196922005318448], [4.708358149079146, 4.259589031819854, 2.9221468494926808, 3.156940767578638, 4.116217926689499, 2.1376524413477513, 2.9604627813907745, 1.0943710933682416, 2.4026410239567624, 3.7160920723254423, 4.89013054631469, 6.031920061638749, 6.164182125797388, 7.773302780028577, 5.318279644772358, 4.002256013800216, 4.759487171954558, 5.775246264013337, 4.359708408827361, 5.009920037286024, 4.640888766173997, 2.4799296219852693, 3.9333376844608705, 3.8976846781134054, 4.670058387215303, 4.9629752880706555, 1.7744804112753685, 0.0, 5.126776783711185, 6.972849535878428], [7.263333648539078, 6.369970959902408, 5.746638821084896, 6.759509897914198, 6.946890916805877, 4.511536557537798, 3.974961125596073, 4.364091037088938, 2.9015320952903485, 2.1548195794543914, 1.085209523548333, 2.154727101050154, 3.3669859681917296, 4.855848519054111, 3.846793263225878, 3.370195856326454, 8.01526819077191, 7.887253622142501, 6.825261523194551, 7.105434492696418, 5.749019677301514, 6.765103610440863, 7.725369304441051, 6.164665890378814, 7.854026091757016, 7.250051290853052, 4.862252953107232, 5.126776783711185, 0.0, 2.495989378983813], [8.239296287305125, 7.097701566704536, 6.764055802549237, 7.7321954023420805, 7.502780959750858, 5.868763417450052, 5.380847216749421, 6.000311270259235, 4.908668287835306, 3.3832577111417335, 2.1586808031758657, 1.0836445634985672, 2.1512858875565564, 2.889089610932828, 3.37198692909685, 3.8440164216610735, 9.089165555209126, 8.66152580669249, 8.054595179150843, 7.5562021948860005, 6.295202810871148, 8.003900330463892, 8.680151336814355, 6.660270883380045, 8.420968017395625, 7.510331221723847, 6.196922005318448, 6.972849535878428, 2.495989378983813, 0.0]]}