{"total energy": -53.52589928, "HOMO-LUMO gap/eV": 2.72133989, "electronic energy": -54.25561973, "dipole": [-0.14689442, 0.31982362, 1.00501222], "partial charges": [-0.27539444, 0.12922876, -0.05749428, 0.01621082, -0.11018899, -0.04740863, -0.05303754, 0.03635822, -0.08390973, -0.04050524, 0.26635671, -0.43475443, -0.03927678, -0.03260226, 0.06804222, -0.27903113, 0.03160813, -0.24153524, 0.21284408, 0.06443786, 0.05474578, 0.04659796, 0.04902477, 0.04276051, 0.04659111, 0.08311737, 0.0538253, 0.05037855, 0.06155009, 0.16801502, 0.16364386, 0.04980159], "atomic dipole moments": [[0.04111807, -0.02698328, 0.22391833], [0.22232785, 0.02885339, -0.13493559], [0.01910108, -0.03611643, -0.00908533], [-0.04515019, 0.05939836, 0.00270588], [0.05490678, -0.06179392, -0.01308887], [0.00785969, 0.00520806, -0.00858385], [0.03720425, 0.0075477, -0.03839774], [0.12519768, -0.08882511, -0.02372211], [-0.02539456, -0.04227335, 0.02673529], [0.04053173, 0.17269123, -0.02347348], [-0.04957805, -0.03341674, -0.0137678], [-0.12606309, 0.15315793, 0.01514098], [-0.01508556, -0.0686091, -0.00211825], [-0.02021242, 0.0310833, -0.00843588], [0.13127507, 0.01406908, 0.036011], [0.00616986, -0.04450345, -0.15817404], [-0.03886259, -0.0646715, 0.00577394], [0.12547601, -0.21269504, 0.0980141], [-0.17907535, -0.00979368, -0.08617092], [0.0102506, 0.13272164, -0.08474518], [-0.08961594, -0.02325264, -0.09404562], [-0.05594132, 0.00025843, 0.116184], [0.04670469, 0.12065947, -0.01032734], [-0.1202559, -0.03056298, 0.08785077], [-0.02404276, -0.12464788, 0.08497987], [0.08180003, -0.09205844, -0.0547453], [-0.11522017, -0.02652482, -0.05351847], [0.00467895, -0.01551482, 0.12583944], [0.07260741, -0.11678699, 0.06890136], [0.07625599, -0.10673967, 0.00166247], [0.0642387, 0.0985927, -0.05843679], [0.04049338, 0.14224561, -0.00739707]], "atomic quadrupole moments": [[0.10529588, 0.03674239, -0.09522372, -0.01299038, -0.00349225, -0.01007215], [0.13407473, 0.28469086, -0.33478474, -0.04837394, 0.16672924, 0.20071001], [-0.04671235, 0.12899776, -0.11662308, 0.24053149, 0.27693857, 0.16333543], [-0.03086334, 0.0287078, -0.09144135, 0.26718794, 0.26847428, 0.12230469], [0.06615322, -0.14789302, 0.03859894, -0.0301984, -0.0166117, -0.10475216], [-0.09176891, 0.13167305, -0.10957753, 0.28513244, 0.2391303, 0.20134644], [-0.09551265, 0.13792325, -0.10265793, 0.26351087, 0.23662752, 0.19817058], [-0.02399606, -0.00915254, -0.04486581, 0.23108782, 0.22595872, 0.06886187], [-0.04446766, -0.00397711, 0.04307301, -0.00280239, -0.02074411, 0.00139465], [-0.08486245, 0.13925912, 0.26888902, -0.051121, -0.10701784, -0.18402657], [-0.25933142, -0.01561058, -0.22353687, 0.12463644, -0.01472872, 0.4828683], [-0.09515497, -0.02118764, -0.07888277, 0.03415888, 0.01091898, 0.17403775], [-0.15491216, -0.05306131, -0.03142624, -0.25324347, 0.13188318, 0.1863384], [-0.1090763, -0.05893574, -0.20219404, -0.26914468, 0.20605992, 0.31127034], [0.02229117, -0.01310886, -0.27686645, -0.16517686, 0.16327818, 0.25457528], [0.06192832, 0.02689872, -0.05030059, 0.04994839, 0.01771664, -0.01162773], [-0.05455639, 0.01222959, -0.29554142, -0.25992247, 0.15996704, 0.35009781], [-0.06400494, -0.00318537, -0.12563862, -0.16673636, 0.10776939, 0.18964355], [0.21233335, 0.04835844, -0.40432496, -0.0950347, 0.21896457, 0.19199162], [0.01093095, -0.01454834, 0.00952651, -0.03273474, -0.02804227, -0.02045745], [0.00958287, 0.01152772, -0.03175813, 0.05673204, 0.02391538, 0.02217527], [-0.02191276, -0.00614915, -0.03238897, -0.05140059, -0.02171151, 0.05430174], [-0.0061309, 0.04041043, 0.05627517, -0.01875778, -0.01959088, -0.05014427], [0.00981959, -0.02333862, 0.0194404, -0.03499545, -0.0320548, -0.02925998], [0.01008168, -0.03691015, 0.0272531, -0.03217547, -0.02399063, -0.03733478], [0.02231293, -0.02882958, 0.00047211, -0.042174, 0.01776992, -0.02278504], [0.05393337, 0.00801144, -0.01985265, 0.04058861, -0.00589463, -0.03408071], [-0.05088366, 0.01277221, -0.01378346, -0.00415758, -0.01106549, 0.06466712], [0.01878341, 0.00911464, 0.0202158, 0.03140471, -0.02088155, -0.03899921], [0.01383731, -0.03445635, 0.03988433, 0.02909082, -0.02078921, -0.05372164], [0.00342662, 0.04026732, 0.04277833, 0.0069988, -0.03484756, -0.04620495], [0.02626028, 0.02107594, 0.02024335, 0.03898322, -0.01357713, -0.04650363]], "number of molecular orbitals": 89, "number of electrons": 96, "number of unpaired electrons": 0, "orbital energies/eV": [-19.64152981, -18.91368065, -18.41974445, -18.27135578, -18.0994185, -17.8973022, -17.65398329, -17.47035448, -17.31614219, -17.16457768, -16.8283568, -16.70909085, -16.53453801, -16.34632651, -16.18603616, -15.86130864, -15.70395326, -15.49821355, -15.22383358, -15.19853598, -14.87049109, -14.67890084, -14.61044707, -14.49589079, -14.16254351, -13.95918052, -13.80219561, -13.7265076, -13.64959572, -13.52858715, -13.47229457, -13.41223368, -13.25477368, -12.92440255, -12.84970642, -12.78311248, -12.60008306, -12.56092796, -12.34283038, -12.00924496, -11.79022199, -11.63070163, -11.54532029, -11.00152356, -10.98033296, -10.4155953, -10.37324313, -10.14441111, -7.42307122, -6.70381906, -6.3816097, -6.16588939, -5.23233876, -3.10262765, -2.87668148, -0.96387344, 0.32659454, 1.44534409, 1.83673177, 2.76362132, 2.81566987, 3.35955504, 3.53861741, 3.61057892, 3.93989955, 4.20852544, 4.40658531, 4.41502646, 4.71571951, 4.83245645, 4.8643856, 5.25138898, 5.56999307, 5.93076077, 5.98870339, 7.15676641, 7.80947921, 9.68283855, 9.97758663, 10.65700902, 10.74928325, 11.55074955, 11.80463546, 11.98312265, 14.47321576, 15.75917617, 16.1786908, 16.77689827, 17.37105179], "fractional occupation": [2.0, 2.0, 2.0, 2.0, 2.0, 2.0, 2.0, 2.0, 2.0, 2.0, 2.0, 2.0, 2.0, 2.0, 2.0, 2.0, 2.0, 2.0, 2.0, 2.0, 2.0, 2.0, 2.0, 2.0, 2.0, 2.0, 2.0, 2.0, 2.0, 2.0, 2.0, 2.0, 2.0, 2.0, 2.0, 2.0, 2.0, 2.0, 2.0, 2.0, 2.0, 2.0, 2.0, 2.0, 2.0, 2.0, 2.0, 2.0, 0.0, 0.0, 0.0, 0.0, 0.0, 0.0, 0.0, 0.0, 0.0, 0.0, 0.0, 0.0, 0.0, 0.0, 0.0, 0.0, 0.0, 0.0, 0.0, 0.0, 0.0, 0.0, 0.0, 0.0, 0.0, 0.0, 0.0, 0.0, 0.0, 0.0, 0.0, 0.0, 0.0, 0.0, 0.0, 0.0, 0.0, 0.0, 0.0, 0.0, 0.0], "program call": "xtb /home/svss/Project-DBcg-Debug/aqme2_20220329/End-to-End-workflows-final/example-3/QDESCP/mol_165_rdkit_conf_1/mol_165_rdkit_conf_1.xyz --pop --wbo --acc 0.2 --gfn 2 --chrg 0 --uhf 0 --etemp 300 --input /home/svss/Project-DBcg-Debug/aqme2_20220329/End-to-End-workflows-final/example-3/QDESCP/mol_165_rdkit_conf_1/mol_165_rdkit_conf_1_xtb.inp", "method": "GFN2-xTB", "xtb version": "6.3.3 (7355c4f)", "Dipole module/D": 2.707, "Total charge": 0, "Transition dipole module/D": NaN, "HOMO": -10.1444, "LUMO": -7.4231, "HOMO occupancy": 2.0, "LUMO occupancy": 0, "mulliken charges": [-0.41579, 0.23021, -0.06985, 0.01101, -0.08507, -0.05029, -0.05951, 0.08927, -0.24842, 0.0646, 0.46616, -0.55265, -0.07109, -0.02881, 0.12319, -0.43969, 0.10039, -0.33685, 0.37036, 0.05627, 0.0437, 0.03603, 0.03832, 0.03515, 0.03829, 0.06618, 0.03348, 0.03608, 0.05677, 0.2177, 0.21419, 0.03068], "cm5 charges": [-0.47133, 0.25609, -0.11704, -0.00631, -0.22834, -0.1034, -0.10784, 0.14555, -0.48571, -0.0219, 0.56225, -0.59818, -0.06069, -0.07016, 0.17712, -0.88192, 0.12815, -0.51231, 0.46773, 0.11598, 0.09541, 0.08784, 0.09014, 0.09117, 0.0977, 0.13236, 0.09518, 0.0982, 0.1198, 0.40428, 0.40093, 0.09925], "FUKUI+": [-0.029, -0.006, -0.016, -0.04, 0.017, -0.013, -0.021, -0.019, -0.035, 0.023, -0.039, -0.104, -0.036, -0.038, -0.024, -0.024, -0.041, -0.073, -0.011, -0.036, -0.033, -0.028, -0.025, -0.044, -0.039, -0.023, -0.03, -0.027, -0.053, -0.032, -0.035, -0.067], "FUKUI-": [-0.057, -0.015, -0.012, -0.038, 0.016, -0.021, -0.015, -0.019, -0.06, 0.023, -0.006, -0.083, -0.017, -0.012, -0.021, -0.051, -0.015, -0.07, -0.01, -0.036, -0.05, -0.034, -0.033, -0.045, -0.038, -0.033, -0.036, -0.041, -0.039, -0.039, -0.039, -0.053], "FUKUIrad": [-0.043, -0.011, -0.014, -0.039, 0.017, -0.017, -0.018, -0.019, -0.047, 0.023, -0.023, -0.094, -0.026, -0.025, -0.022, -0.037, -0.028, -0.072, -0.011, -0.036, -0.041, -0.031, -0.029, -0.044, -0.039, -0.028, -0.033, -0.034, -0.046, -0.036, -0.037, -0.06], "s proportion": [1.669, 1.019, 1.066, 1.084, 1.007, 1.06, 1.061, 1.047, 1.446, 0.983, 0.997, 1.733, 1.084, 1.065, 1.045, 1.436, 1.031, 1.558, 0.989, 0.944, 0.956, 0.964, 0.962, 0.965, 0.962, 0.934, 0.967, 0.964, 0.943, 0.782, 0.786, 0.969], "p proportion": [4.746, 2.751, 3.004, 2.905, 3.078, 2.99, 2.999, 2.863, 3.802, 2.952, 2.537, 4.82, 2.987, 2.964, 2.832, 4.004, 2.869, 3.778, 2.641, 0.0, 0.0, 0.0, 0.0, 0.0, 0.0, 0.0, 0.0, 0.0, 0.0, 0.0, 0.0, 0.0], "d proportion": [0.0, 0.0, 0.0, 0.0, 0.0, 0.0, 0.0, 0.0, 0.0, 0.0, 0.0, 0.0, 0.0, 0.0, 0.0, 0.0, 0.0, 0.0, 0.0, 0.0, 0.0, 0.0, 0.0, 0.0, 0.0, 0.0, 0.0, 0.0, 0.0, 0.0, 0.0, 0.0], "Fermi-level/eV": -8.7837, "Coordination numbers": [1.709, 2.913, 2.915, 2.96, 3.755, 2.913, 2.917, 2.894, 2.73, 3.695, 2.765, 0.86, 2.96, 2.94, 2.885, 2.636, 2.896, 1.83, 2.889, 0.925, 0.924, 0.924, 0.924, 0.925, 0.925, 0.924, 0.924, 0.924, 0.925, 0.86, 0.86, 0.925], "Dispersion coefficient C6": [18.567, 25.171, 29.429, 27.647, 22.663, 29.177, 29.317, 27.185, 22.875, 21.476, 22.506, 22.386, 28.974, 28.812, 26.475, 27.211, 27.294, 27.155, 23.511, 2.148, 2.262, 2.363, 2.332, 2.412, 2.363, 1.947, 2.273, 2.315, 2.181, 1.285, 1.312, 2.322], "Total dispersion C6": 13158.106222, "Total dispersion C8": 316851.928136, "Polarizability alpha": [5.818, 8.227, 8.896, 8.624, 6.788, 8.857, 8.879, 8.549, 7.103, 6.63, 7.769, 6.344, 8.829, 8.803, 8.436, 7.747, 8.566, 7.722, 7.95, 2.292, 2.352, 2.404, 2.388, 2.429, 2.404, 2.182, 2.358, 2.38, 2.309, 1.776, 1.794, 2.383], "Total polarizability alpha": 179.986556, "Wiberg matrix": [[0.0, 0.9813753551399623, 0.0, 0.0, 0.0, 0.0, 0.0, 0.0, 0.0, 0.0, 0.0, 0.0, 0.0, 0.0, 0.0, 0.0, 0.0, 0.0, 0.9979476938900256, 0.0, 0.0, 0.0, 0.0, 0.0, 0.0, 0.0, 0.0, 0.0, 0.0, 0.0, 0.0, 0.0], [0.9813753551399623, 0.0, 1.3960844449485081, 0.0, 0.0, 0.0, 0.0, 1.3353257855069842, 0.0, 0.0, 0.0, 0.0, 0.0, 0.0, 0.0, 0.0, 0.0, 0.0, 0.0, 0.0, 0.0, 0.0, 0.0, 0.0, 0.0, 0.0, 0.0, 0.0, 0.0, 0.0, 0.0, 0.0], [0.0, 1.3960844449485081, 0.0, 1.408423935164824, 0.0, 0.0, 0.10511621561262927, 0.0, 0.0, 0.0, 0.0, 0.0, 0.0, 0.0, 0.0, 0.0, 0.0, 0.0, 0.0, 0.9646906095265017, 0.0, 0.0, 0.0, 0.0, 0.0, 0.0, 0.0, 0.0, 0.0, 0.0, 0.0, 0.0], [0.0, 0.0, 1.408423935164824, 0.0, 1.0269049377513835, 1.4038703052107806, 0.0, 0.0, 0.0, 0.0, 0.0, 0.0, 0.0, 0.0, 0.0, 0.0, 0.0, 0.0, 0.0, 0.0, 0.0, 0.0, 0.0, 0.0, 0.0, 0.0, 0.0, 0.0, 0.0, 0.0, 0.0, 0.0], [0.0, 0.0, 0.0, 1.0269049377513835, 0.0, 0.0, 0.0, 0.0, 0.0, 0.0, 0.0, 0.0, 0.0, 0.0, 0.0, 0.0, 0.0, 0.0, 0.0, 0.0, 0.9660625698958769, 0.9813385972329257, 0.9812179493780009, 0.0, 0.0, 0.0, 0.0, 0.0, 0.0, 0.0, 0.0, 0.0], [0.0, 0.0, 0.0, 1.4038703052107806, 0.0, 0.0, 1.447014698579495, 0.0, 0.0, 0.0, 0.0, 0.0, 0.0, 0.0, 0.0, 0.0, 0.0, 0.0, 0.0, 0.0, 0.0, 0.0, 0.0, 0.9689337096369286, 0.0, 0.0, 0.0, 0.0, 0.0, 0.0, 0.0, 0.0], [0.0, 0.0, 0.10511621561262927, 0.0, 0.0, 1.447014698579495, 0.0, 1.3719091707005984, 0.0, 0.0, 0.0, 0.0, 0.0, 0.0, 0.0, 0.0, 0.0, 0.0, 0.0, 0.0, 0.0, 0.0, 0.0, 0.0, 0.9666539466992965, 0.0, 0.0, 0.0, 0.0, 0.0, 0.0, 0.0], [0.0, 1.3353257855069842, 0.0, 0.0, 0.0, 0.0, 1.3719091707005984, 0.0, 1.0516155291879516, 0.0, 0.0, 0.0, 0.0, 0.0, 0.0, 0.0, 0.0, 0.0, 0.0, 0.0, 0.0, 0.0, 0.0, 0.0, 0.0, 0.0, 0.0, 0.0, 0.0, 0.0, 0.0, 0.0], [0.0, 0.0, 0.0, 0.0, 0.0, 0.0, 0.0, 1.0516155291879516, 0.0, 0.9916942994474022, 1.1735047649204626, 0.17157115136312484, 0.0, 0.0, 0.0, 0.0, 0.0, 0.0, 0.0, 0.0, 0.0, 0.0, 0.0, 0.0, 0.0, 0.0, 0.0, 0.0, 0.0, 0.0, 0.0, 0.0], [0.0, 0.0, 0.0, 0.0, 0.0, 0.0, 0.0, 0.0, 0.9916942994474022, 0.0, 0.0, 0.0, 0.0, 0.0, 0.0, 0.0, 0.0, 0.0, 0.0, 0.0, 0.0, 0.0, 0.0, 0.0, 0.0, 0.9735702849178599, 0.9801479068654846, 0.9751722335648227, 0.0, 0.0, 0.0, 0.0], [0.0, 0.0, 0.0, 0.0, 0.0, 0.0, 0.0, 0.0, 1.1735047649204626, 0.0, 0.0, 1.663990099928454, 1.0120775475503339, 0.0, 0.0, 0.0, 0.0, 0.0, 0.0, 0.0, 0.0, 0.0, 0.0, 0.0, 0.0, 0.0, 0.0, 0.0, 0.0, 0.0, 0.0, 0.0], [0.0, 0.0, 0.0, 0.0, 0.0, 0.0, 0.0, 0.0, 0.17157115136312484, 0.0, 1.663990099928454, 0.0, 0.0, 0.0, 0.0, 0.0, 0.0, 0.0, 0.0, 0.0, 0.0, 0.0, 0.0, 0.0, 0.0, 0.0, 0.0, 0.0, 0.0, 0.0, 0.0, 0.0], [0.0, 0.0, 0.0, 0.0, 0.0, 0.0, 0.0, 0.0, 0.0, 0.0, 1.0120775475503339, 0.0, 0.0, 1.3909903025779926, 0.0, 0.0, 0.0, 0.0, 1.3461779331977202, 0.0, 0.0, 0.0, 0.0, 0.0, 0.0, 0.0, 0.0, 0.0, 0.0, 0.0, 0.0, 0.0], [0.0, 0.0, 0.0, 0.0, 0.0, 0.0, 0.0, 0.0, 0.0, 0.0, 0.0, 0.0, 1.3909903025779926, 0.0, 1.364699934892435, 0.0, 0.0, 0.10277807785857784, 0.0, 0.0, 0.0, 0.0, 0.0, 0.0, 0.0, 0.0, 0.0, 0.0, 0.9630697144482743, 0.0, 0.0, 0.0], [0.0, 0.0, 0.0, 0.0, 0.0, 0.0, 0.0, 0.0, 0.0, 0.0, 0.0, 0.0, 0.0, 1.364699934892435, 0.0, 1.1429319719708302, 1.341770890390424, 0.0, 0.0, 0.0, 0.0, 0.0, 0.0, 0.0, 0.0, 0.0, 0.0, 0.0, 0.0, 0.0, 0.0, 0.0], [0.0, 0.0, 0.0, 0.0, 0.0, 0.0, 0.0, 0.0, 0.0, 0.0, 0.0, 0.0, 0.0, 0.0, 1.1429319719708302, 0.0, 0.0, 0.0, 0.0, 0.0, 0.0, 0.0, 0.0, 0.0, 0.0, 0.0, 0.0, 0.0, 0.0, 0.9524578152177364, 0.9545434781577242, 0.0], [0.0, 0.0, 0.0, 0.0, 0.0, 0.0, 0.0, 0.0, 0.0, 0.0, 0.0, 0.0, 0.0, 0.0, 1.341770890390424, 0.0, 0.0, 1.436914283132685, 0.0, 0.0, 0.0, 0.0, 0.0, 0.0, 0.0, 0.0, 0.0, 0.0, 0.0, 0.0, 0.0, 0.9620885259548766], [0.0, 0.0, 0.0, 0.0, 0.0, 0.0, 0.0, 0.0, 0.0, 0.0, 0.0, 0.0, 0.0, 0.10277807785857784, 0.0, 0.0, 1.436914283132685, 0.0, 1.3733052592327917, 0.0, 0.0, 0.0, 0.0, 0.0, 0.0, 0.0, 0.0, 0.0, 0.0, 0.0, 0.0, 0.0], [0.9979476938900256, 0.0, 0.0, 0.0, 0.0, 0.0, 0.0, 0.0, 0.0, 0.0, 0.0, 0.0, 1.3461779331977202, 0.0, 0.0, 0.0, 0.0, 1.3733052592327917, 0.0, 0.0, 0.0, 0.0, 0.0, 0.0, 0.0, 0.0, 0.0, 0.0, 0.0, 0.0, 0.0, 0.0], [0.0, 0.0, 0.9646906095265017, 0.0, 0.0, 0.0, 0.0, 0.0, 0.0, 0.0, 0.0, 0.0, 0.0, 0.0, 0.0, 0.0, 0.0, 0.0, 0.0, 0.0, 0.0, 0.0, 0.0, 0.0, 0.0, 0.0, 0.0, 0.0, 0.0, 0.0, 0.0, 0.0], [0.0, 0.0, 0.0, 0.0, 0.9660625698958769, 0.0, 0.0, 0.0, 0.0, 0.0, 0.0, 0.0, 0.0, 0.0, 0.0, 0.0, 0.0, 0.0, 0.0, 0.0, 0.0, 0.0, 0.0, 0.0, 0.0, 0.0, 0.0, 0.0, 0.0, 0.0, 0.0, 0.0], [0.0, 0.0, 0.0, 0.0, 0.9813385972329257, 0.0, 0.0, 0.0, 0.0, 0.0, 0.0, 0.0, 0.0, 0.0, 0.0, 0.0, 0.0, 0.0, 0.0, 0.0, 0.0, 0.0, 0.0, 0.0, 0.0, 0.0, 0.0, 0.0, 0.0, 0.0, 0.0, 0.0], [0.0, 0.0, 0.0, 0.0, 0.9812179493780009, 0.0, 0.0, 0.0, 0.0, 0.0, 0.0, 0.0, 0.0, 0.0, 0.0, 0.0, 0.0, 0.0, 0.0, 0.0, 0.0, 0.0, 0.0, 0.0, 0.0, 0.0, 0.0, 0.0, 0.0, 0.0, 0.0, 0.0], [0.0, 0.0, 0.0, 0.0, 0.0, 0.9689337096369286, 0.0, 0.0, 0.0, 0.0, 0.0, 0.0, 0.0, 0.0, 0.0, 0.0, 0.0, 0.0, 0.0, 0.0, 0.0, 0.0, 0.0, 0.0, 0.0, 0.0, 0.0, 0.0, 0.0, 0.0, 0.0, 0.0], [0.0, 0.0, 0.0, 0.0, 0.0, 0.0, 0.9666539466992965, 0.0, 0.0, 0.0, 0.0, 0.0, 0.0, 0.0, 0.0, 0.0, 0.0, 0.0, 0.0, 0.0, 0.0, 0.0, 0.0, 0.0, 0.0, 0.0, 0.0, 0.0, 0.0, 0.0, 0.0, 0.0], [0.0, 0.0, 0.0, 0.0, 0.0, 0.0, 0.0, 0.0, 0.0, 0.9735702849178599, 0.0, 0.0, 0.0, 0.0, 0.0, 0.0, 0.0, 0.0, 0.0, 0.0, 0.0, 0.0, 0.0, 0.0, 0.0, 0.0, 0.0, 0.0, 0.0, 0.0, 0.0, 0.0], [0.0, 0.0, 0.0, 0.0, 0.0, 0.0, 0.0, 0.0, 0.0, 0.9801479068654846, 0.0, 0.0, 0.0, 0.0, 0.0, 0.0, 0.0, 0.0, 0.0, 0.0, 0.0, 0.0, 0.0, 0.0, 0.0, 0.0, 0.0, 0.0, 0.0, 0.0, 0.0, 0.0], [0.0, 0.0, 0.0, 0.0, 0.0, 0.0, 0.0, 0.0, 0.0, 0.9751722335648227, 0.0, 0.0, 0.0, 0.0, 0.0, 0.0, 0.0, 0.0, 0.0, 0.0, 0.0, 0.0, 0.0, 0.0, 0.0, 0.0, 0.0, 0.0, 0.0, 0.0, 0.0, 0.0], [0.0, 0.0, 0.0, 0.0, 0.0, 0.0, 0.0, 0.0, 0.0, 0.0, 0.0, 0.0, 0.0, 0.9630697144482743, 0.0, 0.0, 0.0, 0.0, 0.0, 0.0, 0.0, 0.0, 0.0, 0.0, 0.0, 0.0, 0.0, 0.0, 0.0, 0.0, 0.0, 0.0], [0.0, 0.0, 0.0, 0.0, 0.0, 0.0, 0.0, 0.0, 0.0, 0.0, 0.0, 0.0, 0.0, 0.0, 0.0, 0.9524578152177364, 0.0, 0.0, 0.0, 0.0, 0.0, 0.0, 0.0, 0.0, 0.0, 0.0, 0.0, 0.0, 0.0, 0.0, 0.0, 0.0], [0.0, 0.0, 0.0, 0.0, 0.0, 0.0, 0.0, 0.0, 0.0, 0.0, 0.0, 0.0, 0.0, 0.0, 0.0, 0.9545434781577242, 0.0, 0.0, 0.0, 0.0, 0.0, 0.0, 0.0, 0.0, 0.0, 0.0, 0.0, 0.0, 0.0, 0.0, 0.0, 0.0], [0.0, 0.0, 0.0, 0.0, 0.0, 0.0, 0.0, 0.0, 0.0, 0.0, 0.0, 0.0, 0.0, 0.0, 0.0, 0.0, 0.9620885259548766, 0.0, 0.0, 0.0, 0.0, 0.0, 0.0, 0.0, 0.0, 0.0, 0.0, 0.0, 0.0, 0.0, 0.0, 0.0]], "Born radii": [], "Atomic SASAs": [], "Solvent H bonds": [], "Total SASA": NaN, "Total FOD": 0.0, "FOD": [0.0, 0.0, 0.0, 0.0, 0.0, 0.0, 0.0, 0.0, 0.0, 0.0, 0.0, 0.0, 0.0, 0.0, 0.0, 0.0, 0.0, 0.0, 0.0, 0.0, 0.0, 0.0, 0.0, 0.0, 0.0, 0.0, 0.0, 0.0, 0.0, 0.0, 0.0, 0.0], "FOD s proportion": [0.0, 0.0, 0.0, 0.0, 0.0, 0.0, 0.0, 0.0, 0.0, 0.0, 0.0, 0.0, 0.0, 0.0, 0.0, 0.0, 0.0, 0.0, 0.0, 0.0, 0.0, 0.0, 0.0, 0.0, 0.0, 0.0, 0.0, 0.0, 0.0, 0.0, 0.0, 0.0], "FOD p proportion": [0.0, 0.0, 0.0, 0.0, 0.0, 0.0, 0.0, 0.0, 0.0, 0.0, 0.0, 0.0, 0.0, 0.0, 0.0, 0.0, 0.0, 0.0, 0.0, 0.0, 0.0, 0.0, 0.0, 0.0, 0.0, 0.0, 0.0, 0.0, 0.0, 0.0, 0.0, 0.0], "FOD d proportion": [0.0, 0.0, 0.0, 0.0, 0.0, 0.0, 0.0, 0.0, 0.0, 0.0, 0.0, 0.0, 0.0, 0.0, 0.0, 0.0, 0.0, 0.0, 0.0, 0.0, 0.0, 0.0, 0.0, 0.0, 0.0, 0.0, 0.0, 0.0, 0.0, 0.0, 0.0, 0.0], "coordinates": [["-0.00040", "0.52530", "-1.70310"], ["-1.00460", "0.25740", "-0.80870"], ["-2.02430", "1.21570", "-0.72890"], ["-3.13600", "1.00180", "0.08740"], ["-4.23750", "2.01630", "0.15790"], ["-3.22990", "-0.20380", "0.78400"], ["-2.21590", "-1.16600", "0.68480"], ["-1.07460", "-0.95120", "-0.10620"], ["-0.06570", "-1.96120", "-0.21800"], ["-0.45220", "-3.34590", "0.03990"], ["1.29950", "-1.73390", "-0.45090"], ["2.11650", "-2.65620", "-0.53030"], ["1.86250", "-0.37370", "-0.50020"], ["3.14140", "-0.14520", "0.02810"], ["3.73530", "1.11120", "-0.07590"], ["4.94920", "1.37820", "0.56440"], ["2.96060", "2.12030", "-0.64470"], ["1.73310", "1.93750", "-1.18490"], ["1.21450", "0.68830", "-1.09530"], ["-1.93820", "2.12940", "-1.31390"], ["-4.97740", "1.82060", "-0.62420"], ["-4.73570", "1.98460", "1.13260"], ["-3.84360", "3.02980", "0.02770"], ["-4.09470", "-0.40800", "1.41250"], ["-2.33670", "-2.07690", "1.26480"], ["0.24990", "-4.04990", "-0.41740"], ["-1.43960", "-3.55350", "-0.38500"], ["-0.45410", "-3.51930", "1.12070"], ["3.67160", "-0.96070", "0.51460"], ["5.55110", "0.56540", "0.66830"], ["5.45220", "2.18020", "0.19510"], ["3.32360", "3.14350", "-0.68850"]], "bond_dist": [[0.0, 1.3711817567339497, 2.349869998531834, 3.6421051412610264, 4.86203850354972, 4.140884382592684, 3.670286412529682, 2.4257055674586727, 2.8969757247861088, 4.269468547723475, 2.891665521805729, 3.9973325731042197, 2.3928154588266937, 3.6493192419956904, 4.116614281178163, 5.51067462476238, 3.5258696175553625, 2.2951824175868896, 1.3682002229206074, 2.545522007369019, 5.254746073788914, 5.709099497293772, 4.902894566478051, 5.228891349033751, 4.586738813143823, 4.7590051082132705, 4.521647231927763, 4.953632938561355, 4.539820843381377, 6.036911314571384, 6.006055611630648, 4.3512481427746685], [1.3711817567339497, 0.0, 1.4016044449130434, 2.4289900226225716, 3.805218414230647, 2.7751322166700456, 2.3924584635892847, 1.3996857540176653, 2.4804527127119353, 3.7428650269546186, 3.0662963555403446, 4.278765795179726, 2.951901399098553, 4.248721807791139, 4.871613930721522, 6.212031124358602, 4.384073841759511, 3.2340784993565017, 2.2786441538774764, 2.152026951504093, 4.27326272653578, 4.546754088357979, 4.055328312233178, 3.863315235649299, 3.3945322431816733, 4.503300925987514, 3.8589772608814377, 4.276575440700187, 5.010163364601997, 6.727079268895231, 6.811390498275665, 5.2035888086973205], [2.349869998531834, 1.4016044449130434, 0.0, 1.395699032743091, 2.5150802850008582, 2.399441189110498, 2.7762840524701358, 2.4464547798804706, 3.7669385951990244, 4.885769786840146, 4.452535300253104, 5.672501759365087, 4.20543818049915, 5.395327079983196, 5.797440936309744, 7.094274690903927, 5.067012809338457, 3.853178687784931, 3.301851777412185, 1.0883408932866576, 3.016233696184697, 3.3775848501555066, 2.678293273709957, 3.392425652833087, 3.8618192875897237, 5.744176289947933, 4.817199387611021, 5.320410999161624, 6.223044754780412, 7.730571976897958, 7.594872513742414, 5.684899243610216], [3.6421051412610264, 2.4289900226225716, 1.395699032743091, 0.0, 1.4991606818483467, 1.3955429516858304, 2.4295735448839575, 2.846236097023576, 4.27777748953823, 5.109553207473232, 5.239034417714776, 6.430495590543546, 5.217497126017417, 6.381604520024726, 6.874110774492945, 8.10800006166749, 6.241437672523856, 5.11882961134672, 4.519282220662923, 2.1609831767045296, 2.1371855230653236, 2.148808732763342, 2.1487312186497403, 2.1592896378207342, 3.391687624177675, 6.102361406865379, 4.883819489907464, 5.357297985925367, 7.097698489651417, 8.717430595077886, 8.669337061736615, 6.849476758118097], [4.86203850354972, 3.805218414230647, 2.5150802850008582, 1.4991606818483467, 0.0, 2.517161691270547, 3.8067733659885765, 4.345082446858747, 5.776306977645838, 6.564724589044083, 6.7151326479824665, 7.917019103804158, 6.584466235770368, 7.690064726645674, 8.027416040669625, 9.217801839375808, 7.2434540358864705, 6.120243919975739, 5.749643314154366, 2.732355639370541, 1.0942718629298667, 1.095101922197199, 1.0951216827366717, 2.7334307179806117, 4.64677893707028, 7.567463993307137, 6.2566490120511, 6.773770498031359, 8.458346570104585, 9.908698649671408, 9.691157471633613, 7.691372179916923], [4.140884382592684, 2.7751322166700456, 2.399441189110498, 1.3955429516858304, 2.517161691270547, 0.0, 1.4013798485778224, 2.44875088361393, 3.755611854278874, 4.259353766711565, 4.937777676242624, 6.027075842396543, 5.254576425364847, 6.416251433664364, 7.140214566103739, 8.333584161091794, 6.7649770694363776, 5.752660419319048, 4.907168456452254, 3.39315421694918, 3.0224127530832052, 2.6791883397775527, 3.3770973246265794, 1.088388225772403, 2.13013579144617, 5.323988656073565, 3.9739432784074817, 4.337161834656392, 6.94810594478812, 8.815385194646913, 9.022700239950344, 7.504734225140821], [3.670286412529682, 2.3924584635892847, 2.7762840524701358, 2.4295735448839575, 3.8067733659885765, 1.4013798485778224, 0.0, 1.4051283678013193, 2.4638893887510456, 2.877237861213424, 3.7376947521166035, 4.73992128732113, 4.320336890799143, 5.4930820874987845, 6.417249081187359, 7.604347954295622, 6.27403300836073, 5.359299519526782, 4.286587064320519, 3.864140284720522, 4.273071823641629, 4.059088227668869, 4.548178244088506, 2.152672926851638, 1.086614674114058, 3.9511888957628942, 2.728968665998201, 2.9718628736871424, 5.893536491784878, 7.957657143280301, 8.380728974259938, 7.151489592385631], [2.4257055674586727, 1.3996857540176653, 2.4464547798804706, 2.846236097023576, 4.345082446858747, 2.44875088361393, 1.4051283678013193, 0.0, 1.4319491785674516, 2.478571173075326, 2.5234476792673948, 3.6428018090475356, 3.0191552891495994, 4.294453223636276, 5.233502637813418, 6.493225327986085, 5.099699357805321, 4.170295033927456, 2.9843354151301424, 3.419713527475657, 4.814877680689302, 4.853576031134157, 4.851149473063059, 3.4238165751102962, 2.177093911617044, 3.3842410345600387, 2.6425214720035863, 2.912978110113428, 4.7866373718927155, 6.841039855168219, 7.245382383973948, 6.037367358377325], [2.8969757247861088, 2.4804527127119353, 3.7669385951990244, 4.27777748953823, 5.776306977645838, 3.755611854278874, 2.4638893887510456, 1.4319491785674516, 0.0, 1.4605782245398566, 1.403452435959267, 2.311396359346445, 2.5135131449825363, 3.6937665898104606, 4.889523000252683, 6.075604013594039, 5.098941736282147, 4.401186060597757, 3.07057284232112, 4.630362990090518, 6.2122304021985535, 6.2611786430351914, 6.264421593411478, 4.6156041305553925, 2.7146865988544606, 2.1217990974642253, 2.1097178721336176, 2.0906094470273495, 3.937653400186462, 6.222353050896421, 6.911516908754546, 6.145460668656176], [4.269468547723475, 3.7428650269546186, 4.885769786840146, 5.109553207473232, 6.564724589044083, 4.259353766711565, 2.877237861213424, 2.478571173075326, 1.4605782245398566, 0.0, 2.430613406117888, 2.720116508534147, 3.8057216056879413, 4.81233630267046, 6.116723493832298, 7.194952607210141, 6.4803721683249025, 5.84722042426998, 4.510137200795559, 5.832656387101849, 6.900085948740059, 6.925070092786065, 7.221585233866592, 4.876791303716, 2.581100784549104, 1.0943873628656355, 1.0948043341163756, 1.0946231360609915, 4.787509328450442, 7.192549279636532, 8.088498476849704, 7.54317867745422], [2.891665521805729, 3.0662963555403446, 4.452535300253104, 5.239034417714776, 6.7151326479824665, 4.937777676242624, 3.7376947521166035, 2.5234476792673948, 1.403452435959267, 2.430613406117888, 0.0, 1.2346783589259187, 1.472937042103294, 2.4791136117572345, 3.764085632660341, 4.902684018983887, 4.201388971518823, 3.7690771974052217, 2.5078933789138644, 5.11395709602652, 7.215537176815043, 7.2634945818111545, 7.026618906700434, 5.858981482305606, 4.035247939098662, 2.5429585938430064, 3.289066095413712, 2.955112972459767, 2.675235858760868, 4.961400174345948, 5.7430316123106975, 5.286063311198609], [3.9973325731042197, 4.278765795179726, 5.672501759365087, 6.430495590543546, 7.917019103804158, 6.027075842396543, 4.73992128732113, 3.6428018090475356, 2.311396359346445, 2.720116508534147, 1.2346783589259187, 0.0, 2.2967865072748928, 2.7689982972186895, 4.125566089641517, 5.049647585723186, 4.851859892865828, 4.6559184281943775, 3.5097733901207926, 6.3211224011246605, 8.388919636043726, 8.441262102908546, 8.25619476575014, 6.885338083202596, 4.836213678075029, 2.332239623194838, 3.6704368391241937, 3.174701083566766, 2.526830479078484, 4.859200107013499, 5.919785858458058, 5.926098019776588], [2.3928154588266937, 2.951901399098553, 4.20543818049915, 5.217497126017417, 6.584466235770368, 5.254576425364847, 4.320336890799143, 3.0191552891495994, 2.5135131449825363, 3.8057216056879413, 1.472937042103294, 2.2967865072748928, 0.0, 1.4024615324492862, 2.427413920203969, 3.70543434161233, 2.7288715360016487, 2.4139602088684065, 1.3790910085995052, 4.62308747375604, 7.184327421547546, 7.194710415993127, 6.664988212292651, 6.256822645720429, 4.863064453613585, 4.015193773655264, 4.585658457626342, 4.229509632333281, 2.155743688382272, 3.9815915184759976, 4.460021680440579, 3.813261850437234], [3.6493192419956904, 4.248721807791139, 5.395327079983196, 6.381604520024726, 7.690064726645674, 6.416251433664364, 5.4930820874987845, 4.294453223636276, 3.6937665898104606, 4.81233630267046, 2.4791136117572345, 2.7689982972186895, 1.4024615324492862, 0.0, 1.393583212441941, 2.424150591444352, 2.3701980360299006, 2.791472224472241, 2.381111803338936, 5.725129284129748, 8.378829176561604, 8.234359276835084, 7.6727342036590835, 7.37202620790241, 5.938894795330188, 4.879131540551043, 5.724746413597724, 5.050341158773335, 1.0875819693246116, 2.5925783479000204, 3.282555528852483, 3.370795171765855], [4.116614281178163, 4.871613930721522, 5.797440936309744, 6.874110774492945, 8.027416040669625, 7.140214566103739, 6.417249081187359, 5.233502637813418, 4.889523000252683, 6.116723493832298, 3.764085632660341, 4.125566089641517, 2.427413920203969, 1.393583212441941, 0.0, 1.3981510290379937, 1.393548111835397, 2.433404514255696, 2.751809115836344, 5.895589664316878, 8.758711237391037, 8.601229029039978, 7.818662553787572, 8.11370465323948, 6.987892536380336, 6.237113805278849, 6.973848213862989, 6.358022819241842, 2.1553462714840044, 2.036875283369112, 2.0405753134839206, 2.1621792108888664], [5.51067462476238, 6.212031124358602, 7.094274690903927, 8.10800006166749, 9.217801839375808, 8.333584161091794, 7.604347954295622, 6.493225327986085, 6.075604013594039, 7.194952607210141, 4.902684018983887, 5.049647585723186, 3.70543434161233, 2.424150591444352, 1.3981510290379937, 0.0, 2.4427781683976137, 3.703534283626925, 4.144701459695257, 7.17834180643413, 10.007291105988674, 9.720486624135644, 8.962653696869024, 9.257532676690913, 8.093986346665035, 7.246490277368763, 8.126486983315731, 7.3137286543869, 2.6655571668977576, 1.0167215252958892, 1.016167058115938, 2.7071420095739347], [3.5258696175553625, 4.384073841759511, 5.067012809338457, 6.241437672523856, 7.2434540358864705, 6.7649770694363776, 6.27403300836073, 5.099699357805321, 5.098941736282147, 6.4803721683249025, 4.201388971518823, 4.851859892865828, 2.7288715360016487, 2.3701980360299006, 1.393548111835397, 2.4427781683976137, 0.0, 1.353509560365201, 2.302722208604416, 4.944305096775481, 7.94368203920575, 7.900015409478641, 6.897568386757756, 7.771848610208513, 7.023109381178682, 6.743213463920596, 7.184790224495075, 6.825093509249525, 3.3677972756684746, 3.2942940457706564, 2.630004298475575, 1.086566003517504], [2.2951824175868896, 3.2340784993565017, 3.853178687784931, 5.11882961134672, 6.120243919975739, 5.752660419319048, 5.359299519526782, 4.170295033927456, 4.401186060597757, 5.84722042426998, 3.7690771974052217, 4.6559184281943775, 2.4139602088684065, 2.791472224472241, 2.433404514255696, 3.703534283626925, 1.353509560365201, 0.0, 1.3555348612263725, 3.6785744929252147, 6.734898688918788, 6.871564457967341, 5.8106024592980035, 6.7978753923560555, 6.219301366713146, 6.215938967686218, 6.391943859265348, 6.314768518322741, 3.878871709659911, 4.460283920335117, 3.9742934088967314, 2.056827462379866], [1.3682002229206074, 2.2786441538774764, 3.301851777412185, 4.519282220662923, 5.749643314154366, 4.907168456452254, 4.286587064320519, 2.9843354151301424, 3.07057284232112, 4.510137200795559, 2.5078933789138644, 3.5097733901207926, 1.3790910085995052, 2.381111803338936, 2.751809115836344, 4.144701459695257, 2.302722208604416, 1.3555348612263725, 0.0, 3.473337366280448, 6.312183782970835, 6.484505543216074, 5.685782871337947, 5.973151527460189, 5.082068918265473, 4.8826776270812715, 5.0538737756299374, 5.039720202550932, 3.3687266763571073, 4.68310676047429, 4.674291289596745, 3.2621765878014637], [2.545522007369019, 2.152026951504093, 1.0883408932866576, 2.1609831767045296, 2.732355639370541, 3.39315421694918, 3.864140284720522, 3.419713527475657, 4.630362990090518, 5.832656387101849, 5.11395709602652, 6.3211224011246605, 4.62308747375604, 5.725129284129748, 5.895589664316878, 7.17834180643413, 4.944305096775481, 3.6785744929252147, 3.473337366280448, 0.0, 3.131737564036936, 3.7191847950861487, 2.4982313503757014, 4.303736512613196, 4.9498945069566895, 6.616286144809639, 5.779862418777803, 6.327530455082773, 6.6604794346953735, 7.9034693223925405, 7.5430546730088075, 5.395003541240729], [5.254746073788914, 4.27326272653578, 3.016233696184697, 2.1371855230653236, 1.0942718629298667, 3.0224127530832052, 4.273071823641629, 4.814877680689302, 6.2122304021985535, 6.900085948740059, 7.215537176815043, 8.388919636043726, 7.184327421547546, 8.378829176561604, 8.758711237391037, 10.007291105988674, 7.94368203920575, 6.734898688918788, 6.312183782970835, 3.131737564036936, 0.0, 1.7809158121595756, 1.7811908067357636, 3.145467237152535, 5.0726840765023, 7.863218283883515, 6.438493324528651, 7.212451102780524, 9.156292706658084, 10.681544623321106, 10.46790909446581, 8.40599785272397], [5.709099497293772, 4.546754088357979, 3.3775848501555066, 2.148808732763342, 1.095101922197199, 2.6791883397775527, 4.059088227668869, 4.853576031134157, 6.2611786430351914, 6.925070092786065, 7.2634945818111545, 8.441262102908546, 7.194710415993127, 8.234359276835084, 8.601229029039978, 9.720486624135644, 7.900015409478641, 6.871564457967341, 6.484505543216074, 3.7191847950861487, 1.7809158121595756, 0.0, 1.7632610300236318, 2.4927414165933857, 4.718946925957105, 7.9795925716793334, 6.6210223213639745, 6.973173981767556, 8.929692569176163, 10.39461193936551, 10.232813494831223, 8.34336688094201], [4.902894566478051, 4.055328312233178, 2.678293273709957, 2.1487312186497403, 1.0951216827366717, 3.3770973246265794, 4.548178244088506, 4.851149473063059, 6.264421593411478, 7.221585233866592, 7.026618906700434, 8.25619476575014, 6.664988212292651, 7.6727342036590835, 7.818662553787572, 8.962653696869024, 6.897568386757756, 5.8106024592980035, 5.685782871337947, 2.4982313503757014, 1.7811908067357636, 1.7632610300236318, 0.0, 3.7147262469797147, 5.466218886030818, 8.190055454635212, 7.020639299949827, 7.45480181225497, 8.522874685222117, 9.73365418586463, 9.336045231252898, 7.2037924713306385], [5.228891349033751, 3.863315235649299, 3.392425652833087, 2.1592896378207342, 2.7334307179806117, 1.088388225772403, 2.152672926851638, 3.4238165751102962, 4.6156041305553925, 4.876791303716, 5.858981482305606, 6.885338083202596, 6.256822645720429, 7.37202620790241, 8.11370465323948, 9.257532676690913, 7.771848610208513, 6.7978753923560555, 5.973151527460189, 4.303736512613196, 3.145467237152535, 2.4927414165933857, 3.7147262469797147, 0.0, 2.4284988161413623, 5.957140151112781, 4.491629159892878, 4.797843608330726, 7.837545367651787, 9.723312133218803, 9.966149788659612, 8.488729477371745], [4.586738813143823, 3.3945322431816733, 3.8618192875897237, 3.391687624177675, 4.64677893707028, 2.13013579144617, 1.086614674114058, 2.177093911617044, 2.7146865988544606, 2.581100784549104, 4.035247939098662, 4.836213678075029, 4.863064453613585, 5.938894795330188, 6.987892536380336, 8.093986346665035, 7.023109381178682, 6.219301366713146, 5.082068918265473, 4.9498945069566895, 5.0726840765023, 4.718946925957105, 5.466218886030818, 2.4284988161413623, 0.0, 3.662379745466054, 2.388927795057858, 2.3760187983263092, 6.156977454075985, 8.339961053865899, 8.940588443161893, 7.943988490676455], [4.7590051082132705, 4.503300925987514, 5.744176289947933, 6.102361406865379, 7.567463993307137, 5.323988656073565, 3.9511888957628942, 3.3842410345600387, 2.1217990974642253, 1.0943873628656355, 2.5429585938430064, 2.332239623194838, 4.015193773655264, 4.879131540551043, 6.237113805278849, 7.246490277368763, 6.743213463920596, 6.215938967686218, 4.8826776270812715, 6.616286144809639, 7.863218283883515, 7.9795925716793334, 8.190055454635212, 5.957140151112781, 3.662379745466054, 0.0, 1.7612134935890082, 1.7728237278421113, 4.703170370080166, 7.1121347020427, 8.13960856245557, 7.827268390696719], [4.521647231927763, 3.8589772608814377, 4.817199387611021, 4.883819489907464, 6.2566490120511, 3.9739432784074817, 2.728968665998201, 2.6425214720035863, 2.1097178721336176, 1.0948043341163756, 3.289066095413712, 3.6704368391241937, 4.585658457626342, 5.724746413597724, 6.973848213862989, 8.126486983315731, 7.184790224495075, 6.391943859265348, 5.0538737756299374, 5.779862418777803, 6.438493324528651, 6.6210223213639745, 7.020639299949827, 4.491629159892878, 2.388927795057858, 1.7612134935890082, 0.0, 1.7998645449033104, 5.801401334160567, 8.181971925520156, 8.983804257662786, 8.223745830824296], [4.953632938561355, 4.276575440700187, 5.320410999161624, 5.357297985925367, 6.773770498031359, 4.337161834656392, 2.9718628736871424, 2.912978110113428, 2.0906094470273495, 1.0946231360609915, 2.955112972459767, 3.174701083566766, 4.229509632333281, 5.050341158773335, 6.358022819241842, 7.3137286543869, 6.825093509249525, 6.314768518322741, 5.039720202550932, 6.327530455082773, 7.212451102780524, 6.973173981767556, 7.45480181225497, 4.797843608330726, 2.3760187983263092, 1.7728237278421113, 1.7998645449033104, 0.0, 4.892360540679724, 7.276803342814755, 8.25986775317862, 7.87001434369722], [4.539820843381377, 5.010163364601997, 6.223044754780412, 7.097698489651417, 8.458346570104585, 6.94810594478812, 5.893536491784878, 4.7866373718927155, 3.937653400186462, 4.787509328450442, 2.675235858760868, 2.526830479078484, 2.155743688382272, 1.0875819693246116, 2.1553462714840044, 2.6655571668977576, 3.3677972756684746, 3.878871709659911, 3.3687266763571073, 6.6604794346953735, 9.156292706658084, 8.929692569176163, 8.522874685222117, 7.837545367651787, 6.156977454075985, 4.703170370080166, 5.801401334160567, 4.892360540679724, 0.0, 2.4259276885348418, 3.624619900072282, 4.291038481533345], [6.036911314571384, 6.727079268895231, 7.730571976897958, 8.717430595077886, 9.908698649671408, 8.815385194646913, 7.957657143280301, 6.841039855168219, 6.222353050896421, 7.192549279636532, 4.961400174345948, 4.859200107013499, 3.9815915184759976, 2.5925783479000204, 2.036875283369112, 1.0167215252958892, 3.2942940457706564, 4.460283920335117, 4.68310676047429, 7.9034693223925405, 10.681544623321106, 10.39461193936551, 9.73365418586463, 9.723312133218803, 8.339961053865899, 7.1121347020427, 8.181971925520156, 7.276803342814755, 2.4259276885348418, 0.0, 1.6856092340753241, 3.6673235608547006], [6.006055611630648, 6.811390498275665, 7.594872513742414, 8.669337061736615, 9.691157471633613, 9.022700239950344, 8.380728974259938, 7.245382383973948, 6.911516908754546, 8.088498476849704, 5.7430316123106975, 5.919785858458058, 4.460021680440579, 3.282555528852483, 2.0405753134839206, 1.016167058115938, 2.630004298475575, 3.9742934088967314, 4.674291289596745, 7.5430546730088075, 10.46790909446581, 10.232813494831223, 9.336045231252898, 9.966149788659612, 8.940588443161893, 8.13960856245557, 8.983804257662786, 8.25986775317862, 3.624619900072282, 1.6856092340753241, 0.0, 2.497925901623185], [4.3512481427746685, 5.2035888086973205, 5.684899243610216, 6.849476758118097, 7.691372179916923, 7.504734225140821, 7.151489592385631, 6.037367358377325, 6.145460668656176, 7.54317867745422, 5.286063311198609, 5.926098019776588, 3.813261850437234, 3.370795171765855, 2.1621792108888664, 2.7071420095739347, 1.086566003517504, 2.056827462379866, 3.2621765878014637, 5.395003541240729, 8.40599785272397, 8.34336688094201, 7.2037924713306385, 8.488729477371745, 7.943988490676455, 7.827268390696719, 8.223745830824296, 7.87001434369722, 4.291038481533345, 3.6673235608547006, 2.497925901623185, 0.0]]}