{"total energy": -29.48552332, "HOMO-LUMO gap/eV": 12.51253958, "electronic energy": -29.91679276, "dipole": [0.00325399, -0.00556071, 0.00325689], "partial charges": [-0.09933567, -0.0512779, -0.05699652, -0.05763976, -0.05757112, -0.05761597, -0.05812832, -0.05174429, -0.09989394, 0.03328556, 0.02949727, 0.0328002, 0.02681853, 0.02848727, 0.02637469, 0.02942899, 0.02862678, 0.03215177, 0.02818398, 0.02769795, 0.02816893, 0.02807596, 0.02952166, 0.02958363, 0.02822339, 0.02821095, 0.03208016, 0.03091436, 0.03207147], "atomic dipole moments": [[-0.03478261, 0.08964576, -0.03171852], [-0.05583877, -0.0664742, 0.06933822], [0.01414316, -0.08400666, -0.06797823], [-0.01657994, 0.09072699, 0.0628497], [0.01253078, -0.08767682, -0.06133086], [-0.01458077, 0.0872879, 0.06142277], [0.01553648, -0.08837749, -0.06239943], [-0.01376308, 0.0893787, 0.06276863], [0.0899614, -0.02958034, -0.03449359], [-0.06831893, -0.09679809, -0.04311819], [0.11537596, -0.01672445, -0.04324072], [0.00599351, -0.00705667, 0.12588143], [0.07949184, 0.08558499, 0.0305917], [-0.00217939, 0.00195679, -0.12382494], [-0.02386199, 0.1149861, -0.03177705], [0.00627991, 0.00377207, 0.12405053], [-0.00348203, -0.00580822, -0.12407859], [0.02053789, -0.116298, 0.0389409], [0.00299236, 0.00599447, 0.12382392], [-0.02311483, 0.11557679, -0.03813198], [-0.00286992, -0.00601844, -0.12378212], [0.02305084, -0.11563566, 0.03803539], [-0.02293796, 0.11591843, -0.03805044], [0.00305888, 0.00615774, 0.12390785], [-0.00658522, -0.00593824, -0.12311303], [0.01938756, -0.11559316, 0.0386895], [-0.00268405, 0.00154597, 0.12585197], [-0.0887951, -0.078205, -0.03872314], [-0.0295715, 0.11507852, -0.04166706]], "atomic quadrupole moments": [[-0.06098357, -0.10429107, 0.1490406, 0.02771693, -0.10047261, -0.08805703], [0.07581016, -0.15375464, 0.06169176, -0.07893906, -0.06251221, -0.13750192], [0.20942628, 0.06653161, -0.06618148, -0.04857899, 0.09448171, -0.1432448], [0.21632626, 0.05162809, -0.05918899, -0.03431957, 0.1170675, -0.15713727], [0.22145881, 0.0603683, -0.05985982, -0.03380732, 0.11195954, -0.16159899], [0.22340369, 0.05987965, -0.06247756, -0.03396586, 0.1116265, -0.16092613], [0.22484407, 0.05981428, -0.06315656, -0.03465511, 0.11267032, -0.16168751], [0.22318357, 0.04966275, -0.06629969, -0.04000009, 0.10679142, -0.15688388], [0.16776638, -0.08554957, -0.08526022, -0.10556531, 0.04323967, -0.08250616], [0.00946482, 0.04956577, 0.01941347, 0.03800037, 0.02212946, -0.02887829], [0.06271126, -0.01169326, -0.02905932, -0.04720674, -0.00506012, -0.03365194], [-0.0515684, -0.0062815, -0.02989118, -0.0020985, 0.00534301, 0.08145957], [0.01748254, 0.02576471, 0.02002775, 0.02309887, 0.02644147, -0.03751029], [-0.02941009, -0.01432613, -0.02587668, 0.01524469, 0.00938425, 0.05528676], [-0.00658626, -0.01673291, 0.03922289, 0.00854244, -0.03495611, -0.03263662], [-0.01873139, 0.00811841, -0.03762231, 0.00687613, -0.01519552, 0.0563537], [-0.02078758, 0.00266507, -0.036459, 0.0032225, -0.00849424, 0.05724658], [-0.01503557, -0.01493763, 0.03553697, 0.00800158, -0.03523608, -0.0205014], [-0.02051392, 0.00273284, -0.03595595, 0.0040508, -0.00837354, 0.05646987], [-0.01716551, -0.01217286, 0.03672431, 0.00682391, -0.03640468, -0.0195588], [-0.02033134, 0.00276221, -0.0361259, 0.00408109, -0.00837568, 0.05645723], [-0.0174588, -0.01197959, 0.03696184, 0.00689666, -0.03658965, -0.01950303], [-0.01779617, -0.0120412, 0.03705394, 0.0069322, -0.03652833, -0.01925776], [-0.02071475, 0.00267248, -0.03599797, 0.00407133, -0.00836394, 0.05671272], [-0.01763328, 0.00356008, -0.03864297, 0.0010595, -0.00803764, 0.05627625], [-0.01355122, -0.01388685, 0.03596016, 0.00744538, -0.03643376, -0.02240893], [-0.03143973, -0.00992375, -0.04837113, 0.00973394, -0.00030409, 0.07981085], [0.0228261, 0.05107434, 0.01098159, 0.0221209, 0.03652899, -0.03380768], [-0.03343486, -0.01851963, 0.06000403, -0.00507951, -0.04424115, -0.02656916]], "number of molecular orbitals": 56, "number of electrons": 56, "number of unpaired electrons": 0, "orbital energies/eV": [-16.9166923, -16.82655793, -16.62410446, -16.28413083, -15.87838312, -15.4622624, -15.07918681, -15.00803131, -14.85039132, -14.16427808, -13.8351847, -13.72361075, -13.48694413, -13.3268283, -13.23760885, -12.95612651, -12.68911352, -12.54331175, -12.40123697, -12.11175654, -11.94405887, -11.87567402, -11.70206619, -11.6053216, -11.50287349, -11.374216, -11.32010744, -11.16336725, 1.34917233, 2.64384689, 2.85310856, 2.91074893, 3.16890425, 3.24752658, 3.49180368, 3.6877954, 3.9112392, 4.02241093, 4.20468737, 4.53875199, 4.75389118, 4.84345803, 5.05559829, 5.11585935, 5.568372, 5.68013148, 6.18856326, 6.47316423, 6.6166647, 7.08705556, 7.23475204, 7.37854915, 7.48836722, 7.97656897, 8.14318235, 8.60147542], "fractional occupation": [2.0, 2.0, 2.0, 2.0, 2.0, 2.0, 2.0, 2.0, 2.0, 2.0, 2.0, 2.0, 2.0, 2.0, 2.0, 2.0, 2.0, 2.0, 2.0, 2.0, 2.0, 2.0, 2.0, 2.0, 2.0, 2.0, 2.0, 2.0, 0.0, 0.0, 0.0, 0.0, 0.0, 0.0, 0.0, 0.0, 0.0, 0.0, 0.0, 0.0, 0.0, 0.0, 0.0, 0.0, 0.0, 0.0, 0.0, 0.0, 0.0, 0.0, 0.0, 0.0, 0.0, 0.0, 0.0, 0.0], "program call": "xtb /home/svss/Project-DBcg-Debug/aqme2_20220329/End-to-End-workflows-final/example-3/QDESCP/mol_735_rdkit_conf_2/mol_735_rdkit_conf_2.xyz --pop --wbo --acc 0.2 --gfn 2 --chrg 0 --uhf 0 --etemp 300 --input /home/svss/Project-DBcg-Debug/aqme2_20220329/End-to-End-workflows-final/example-3/QDESCP/mol_735_rdkit_conf_2/mol_735_rdkit_conf_2_xtb.inp", "method": "GFN2-xTB", "xtb version": "6.3.3 (7355c4f)", "Dipole module/D": 0.018, "Total charge": 0, "Transition dipole module/D": NaN, "HOMO": -11.1634, "LUMO": 1.3492, "HOMO occupancy": 2.0, "LUMO occupancy": 0, "mulliken charges": [-0.08489, -0.03874, -0.04685, -0.04653, -0.04526, -0.04548, -0.04661, -0.0385, -0.08348, 0.0267, 0.02766, 0.02681, 0.02291, 0.0222, 0.02309, 0.02273, 0.02247, 0.02307, 0.02239, 0.02219, 0.0223, 0.0223, 0.02248, 0.02251, 0.02185, 0.02185, 0.02651, 0.02781, 0.0265], "cm5 charges": [-0.23535, -0.15113, -0.15736, -0.15734, -0.15603, -0.15618, -0.15725, -0.15101, -0.23381, 0.07845, 0.07844, 0.07822, 0.07712, 0.0768, 0.078, 0.07793, 0.07793, 0.07903, 0.07773, 0.07754, 0.07766, 0.07765, 0.07781, 0.07786, 0.07656, 0.07655, 0.0778, 0.07859, 0.07779], "FUKUI+": [0.018, -0.009, -0.022, -0.019, -0.022, -0.022, -0.02, -0.016, 0.007, -0.015, -0.041, -0.027, -0.06, -0.039, -0.045, -0.046, -0.05, -0.049, -0.052, -0.051, -0.051, -0.051, -0.047, -0.047, -0.042, -0.041, -0.037, -0.066, -0.037], "FUKUI-": [0.017, 0.003, 0.001, -0.005, 0.002, 0.002, 0.002, 0.002, 0.015, -0.065, -0.056, -0.041, -0.098, -0.051, -0.042, -0.04, -0.038, -0.044, -0.038, -0.043, -0.04, -0.039, -0.055, -0.054, -0.065, -0.064, -0.053, -0.06, -0.052], "FUKUIrad": [0.017, -0.003, -0.01, -0.012, -0.01, -0.01, -0.009, -0.007, 0.011, -0.04, -0.048, -0.034, -0.079, -0.045, -0.044, -0.043, -0.044, -0.046, -0.045, -0.047, -0.045, -0.045, -0.051, -0.05, -0.053, -0.053, -0.045, -0.063, -0.045], "s proportion": [1.007, 1.027, 1.032, 1.032, 1.033, 1.032, 1.032, 1.027, 1.007, 0.973, 0.972, 0.973, 0.977, 0.978, 0.977, 0.977, 0.978, 0.977, 0.978, 0.978, 0.978, 0.978, 0.978, 0.977, 0.978, 0.978, 0.973, 0.972, 0.973], "p proportion": [3.078, 3.012, 3.015, 3.015, 3.013, 3.013, 3.014, 3.011, 3.076, 0.0, 0.0, 0.0, 0.0, 0.0, 0.0, 0.0, 0.0, 0.0, 0.0, 0.0, 0.0, 0.0, 0.0, 0.0, 0.0, 0.0, 0.0, 0.0, 0.0], "d proportion": [0.0, 0.0, 0.0, 0.0, 0.0, 0.0, 0.0, 0.0, 0.0, 0.0, 0.0, 0.0, 0.0, 0.0, 0.0, 0.0, 0.0, 0.0, 0.0, 0.0, 0.0, 0.0, 0.0, 0.0, 0.0, 0.0, 0.0, 0.0, 0.0], "Fermi-level/eV": -4.9071, "Coordination numbers": [3.749, 3.799, 3.801, 3.801, 3.802, 3.802, 3.802, 3.8, 3.75, 0.924, 0.924, 0.924, 0.924, 0.924, 0.924, 0.924, 0.924, 0.924, 0.924, 0.924, 0.924, 0.924, 0.924, 0.924, 0.924, 0.924, 0.924, 0.924, 0.924], "Dispersion coefficient C6": [22.462, 21.496, 21.599, 21.611, 21.609, 21.61, 21.619, 21.503, 22.471, 2.54, 2.594, 2.547, 2.632, 2.608, 2.639, 2.595, 2.606, 2.556, 2.613, 2.62, 2.613, 2.614, 2.593, 2.593, 2.612, 2.612, 2.557, 2.574, 2.557], "Total dispersion C6": 5489.372397, "Total dispersion C8": 113814.5949, "Polarizability alpha": [6.76, 6.601, 6.617, 6.619, 6.618, 6.618, 6.62, 6.602, 6.761, 2.492, 2.519, 2.496, 2.537, 2.526, 2.54, 2.519, 2.525, 2.5, 2.528, 2.531, 2.528, 2.528, 2.518, 2.518, 2.527, 2.528, 2.501, 2.509, 2.501], "Total polarizability alpha": 110.186379, "Wiberg matrix": [[0.0, 1.0209898833515312, 0.0, 0.0, 0.0, 0.0, 0.0, 0.0, 0.0, 0.9861302527881524, 0.9873852222029306, 0.9874265569071344, 0.0, 0.0, 0.0, 0.0, 0.0, 0.0, 0.0, 0.0, 0.0, 0.0, 0.0, 0.0, 0.0, 0.0, 0.0, 0.0, 0.0], [1.0209898833515312, 0.0, 1.0068616803437236, 0.0, 0.0, 0.0, 0.0, 0.0, 0.0, 0.0, 0.0, 0.0, 0.9781763235863943, 0.9778862308999796, 0.0, 0.0, 0.0, 0.0, 0.0, 0.0, 0.0, 0.0, 0.0, 0.0, 0.0, 0.0, 0.0, 0.0, 0.0], [0.0, 1.0068616803437236, 0.0, 1.0078775142774303, 0.0, 0.0, 0.0, 0.0, 0.0, 0.0, 0.0, 0.0, 0.0, 0.0, 0.9772498488651626, 0.9772226851953141, 0.0, 0.0, 0.0, 0.0, 0.0, 0.0, 0.0, 0.0, 0.0, 0.0, 0.0, 0.0, 0.0], [0.0, 0.0, 1.0078775142774303, 0.0, 1.006645121663051, 0.0, 0.0, 0.0, 0.0, 0.0, 0.0, 0.0, 0.0, 0.0, 0.0, 0.0, 0.977284229268505, 0.9756645451571794, 0.0, 0.0, 0.0, 0.0, 0.0, 0.0, 0.0, 0.0, 0.0, 0.0, 0.0], [0.0, 0.0, 0.0, 1.006645121663051, 0.0, 1.0070132428486311, 0.0, 0.0, 0.0, 0.0, 0.0, 0.0, 0.0, 0.0, 0.0, 0.0, 0.0, 0.0, 0.9774620596852843, 0.9772918820320912, 0.0, 0.0, 0.0, 0.0, 0.0, 0.0, 0.0, 0.0, 0.0], [0.0, 0.0, 0.0, 0.0, 1.0070132428486311, 0.0, 1.0070467125504137, 0.0, 0.0, 0.0, 0.0, 0.0, 0.0, 0.0, 0.0, 0.0, 0.0, 0.0, 0.0, 0.0, 0.9773863043151215, 0.9773658228657114, 0.0, 0.0, 0.0, 0.0, 0.0, 0.0, 0.0], [0.0, 0.0, 0.0, 0.0, 0.0, 1.0070467125504137, 0.0, 1.00773718699702, 0.0, 0.0, 0.0, 0.0, 0.0, 0.0, 0.0, 0.0, 0.0, 0.0, 0.0, 0.0, 0.0, 0.0, 0.9772441827961587, 0.9772465999721388, 0.0, 0.0, 0.0, 0.0, 0.0], [0.0, 0.0, 0.0, 0.0, 0.0, 0.0, 1.00773718699702, 0.0, 1.0200629124198193, 0.0, 0.0, 0.0, 0.0, 0.0, 0.0, 0.0, 0.0, 0.0, 0.0, 0.0, 0.0, 0.0, 0.0, 0.0, 0.9781177442317246, 0.9781137552017583, 0.0, 0.0, 0.0], [0.0, 0.0, 0.0, 0.0, 0.0, 0.0, 0.0, 1.0200629124198193, 0.0, 0.0, 0.0, 0.0, 0.0, 0.0, 0.0, 0.0, 0.0, 0.0, 0.0, 0.0, 0.0, 0.0, 0.0, 0.0, 0.0, 0.0, 0.9877315405168939, 0.9874291841485596, 0.9877311755599876], [0.9861302527881524, 0.0, 0.0, 0.0, 0.0, 0.0, 0.0, 0.0, 0.0, 0.0, 0.0, 0.0, 0.0, 0.0, 0.0, 0.0, 0.0, 0.0, 0.0, 0.0, 0.0, 0.0, 0.0, 0.0, 0.0, 0.0, 0.0, 0.0, 0.0], [0.9873852222029306, 0.0, 0.0, 0.0, 0.0, 0.0, 0.0, 0.0, 0.0, 0.0, 0.0, 0.0, 0.0, 0.0, 0.0, 0.0, 0.0, 0.0, 0.0, 0.0, 0.0, 0.0, 0.0, 0.0, 0.0, 0.0, 0.0, 0.0, 0.0], [0.9874265569071344, 0.0, 0.0, 0.0, 0.0, 0.0, 0.0, 0.0, 0.0, 0.0, 0.0, 0.0, 0.0, 0.0, 0.0, 0.0, 0.0, 0.0, 0.0, 0.0, 0.0, 0.0, 0.0, 0.0, 0.0, 0.0, 0.0, 0.0, 0.0], [0.0, 0.9781763235863943, 0.0, 0.0, 0.0, 0.0, 0.0, 0.0, 0.0, 0.0, 0.0, 0.0, 0.0, 0.0, 0.0, 0.0, 0.0, 0.0, 0.0, 0.0, 0.0, 0.0, 0.0, 0.0, 0.0, 0.0, 0.0, 0.0, 0.0], [0.0, 0.9778862308999796, 0.0, 0.0, 0.0, 0.0, 0.0, 0.0, 0.0, 0.0, 0.0, 0.0, 0.0, 0.0, 0.0, 0.0, 0.0, 0.0, 0.0, 0.0, 0.0, 0.0, 0.0, 0.0, 0.0, 0.0, 0.0, 0.0, 0.0], [0.0, 0.0, 0.9772498488651626, 0.0, 0.0, 0.0, 0.0, 0.0, 0.0, 0.0, 0.0, 0.0, 0.0, 0.0, 0.0, 0.0, 0.0, 0.0, 0.0, 0.0, 0.0, 0.0, 0.0, 0.0, 0.0, 0.0, 0.0, 0.0, 0.0], [0.0, 0.0, 0.9772226851953141, 0.0, 0.0, 0.0, 0.0, 0.0, 0.0, 0.0, 0.0, 0.0, 0.0, 0.0, 0.0, 0.0, 0.0, 0.0, 0.0, 0.0, 0.0, 0.0, 0.0, 0.0, 0.0, 0.0, 0.0, 0.0, 0.0], [0.0, 0.0, 0.0, 0.977284229268505, 0.0, 0.0, 0.0, 0.0, 0.0, 0.0, 0.0, 0.0, 0.0, 0.0, 0.0, 0.0, 0.0, 0.0, 0.0, 0.0, 0.0, 0.0, 0.0, 0.0, 0.0, 0.0, 0.0, 0.0, 0.0], [0.0, 0.0, 0.0, 0.9756645451571794, 0.0, 0.0, 0.0, 0.0, 0.0, 0.0, 0.0, 0.0, 0.0, 0.0, 0.0, 0.0, 0.0, 0.0, 0.0, 0.0, 0.0, 0.0, 0.0, 0.0, 0.0, 0.0, 0.0, 0.0, 0.0], [0.0, 0.0, 0.0, 0.0, 0.9774620596852843, 0.0, 0.0, 0.0, 0.0, 0.0, 0.0, 0.0, 0.0, 0.0, 0.0, 0.0, 0.0, 0.0, 0.0, 0.0, 0.0, 0.0, 0.0, 0.0, 0.0, 0.0, 0.0, 0.0, 0.0], [0.0, 0.0, 0.0, 0.0, 0.9772918820320912, 0.0, 0.0, 0.0, 0.0, 0.0, 0.0, 0.0, 0.0, 0.0, 0.0, 0.0, 0.0, 0.0, 0.0, 0.0, 0.0, 0.0, 0.0, 0.0, 0.0, 0.0, 0.0, 0.0, 0.0], [0.0, 0.0, 0.0, 0.0, 0.0, 0.9773863043151215, 0.0, 0.0, 0.0, 0.0, 0.0, 0.0, 0.0, 0.0, 0.0, 0.0, 0.0, 0.0, 0.0, 0.0, 0.0, 0.0, 0.0, 0.0, 0.0, 0.0, 0.0, 0.0, 0.0], [0.0, 0.0, 0.0, 0.0, 0.0, 0.9773658228657114, 0.0, 0.0, 0.0, 0.0, 0.0, 0.0, 0.0, 0.0, 0.0, 0.0, 0.0, 0.0, 0.0, 0.0, 0.0, 0.0, 0.0, 0.0, 0.0, 0.0, 0.0, 0.0, 0.0], [0.0, 0.0, 0.0, 0.0, 0.0, 0.0, 0.9772441827961587, 0.0, 0.0, 0.0, 0.0, 0.0, 0.0, 0.0, 0.0, 0.0, 0.0, 0.0, 0.0, 0.0, 0.0, 0.0, 0.0, 0.0, 0.0, 0.0, 0.0, 0.0, 0.0], [0.0, 0.0, 0.0, 0.0, 0.0, 0.0, 0.9772465999721388, 0.0, 0.0, 0.0, 0.0, 0.0, 0.0, 0.0, 0.0, 0.0, 0.0, 0.0, 0.0, 0.0, 0.0, 0.0, 0.0, 0.0, 0.0, 0.0, 0.0, 0.0, 0.0], [0.0, 0.0, 0.0, 0.0, 0.0, 0.0, 0.0, 0.9781177442317246, 0.0, 0.0, 0.0, 0.0, 0.0, 0.0, 0.0, 0.0, 0.0, 0.0, 0.0, 0.0, 0.0, 0.0, 0.0, 0.0, 0.0, 0.0, 0.0, 0.0, 0.0], [0.0, 0.0, 0.0, 0.0, 0.0, 0.0, 0.0, 0.9781137552017583, 0.0, 0.0, 0.0, 0.0, 0.0, 0.0, 0.0, 0.0, 0.0, 0.0, 0.0, 0.0, 0.0, 0.0, 0.0, 0.0, 0.0, 0.0, 0.0, 0.0, 0.0], [0.0, 0.0, 0.0, 0.0, 0.0, 0.0, 0.0, 0.0, 0.9877315405168939, 0.0, 0.0, 0.0, 0.0, 0.0, 0.0, 0.0, 0.0, 0.0, 0.0, 0.0, 0.0, 0.0, 0.0, 0.0, 0.0, 0.0, 0.0, 0.0, 0.0], [0.0, 0.0, 0.0, 0.0, 0.0, 0.0, 0.0, 0.0, 0.9874291841485596, 0.0, 0.0, 0.0, 0.0, 0.0, 0.0, 0.0, 0.0, 0.0, 0.0, 0.0, 0.0, 0.0, 0.0, 0.0, 0.0, 0.0, 0.0, 0.0, 0.0], [0.0, 0.0, 0.0, 0.0, 0.0, 0.0, 0.0, 0.0, 0.9877311755599876, 0.0, 0.0, 0.0, 0.0, 0.0, 0.0, 0.0, 0.0, 0.0, 0.0, 0.0, 0.0, 0.0, 0.0, 0.0, 0.0, 0.0, 0.0, 0.0, 0.0]], "Born radii": [], "Atomic SASAs": [], "Solvent H bonds": [], "Total SASA": NaN, "Total FOD": 0.0, "FOD": [0.0, 0.0, 0.0, 0.0, 0.0, 0.0, 0.0, 0.0, 0.0, 0.0, 0.0, 0.0, 0.0, 0.0, 0.0, 0.0, 0.0, 0.0, 0.0, 0.0, 0.0, 0.0, 0.0, 0.0, 0.0, 0.0, 0.0, 0.0, 0.0], "FOD s proportion": [0.0, 0.0, 0.0, 0.0, 0.0, 0.0, 0.0, 0.0, 0.0, 0.0, 0.0, 0.0, 0.0, 0.0, 0.0, 0.0, 0.0, 0.0, 0.0, 0.0, 0.0, 0.0, 0.0, 0.0, 0.0, 0.0, 0.0, 0.0, 0.0], "FOD p proportion": [0.0, 0.0, 0.0, 0.0, 0.0, 0.0, 0.0, 0.0, 0.0, 0.0, 0.0, 0.0, 0.0, 0.0, 0.0, 0.0, 0.0, 0.0, 0.0, 0.0, 0.0, 0.0, 0.0, 0.0, 0.0, 0.0, 0.0, 0.0, 0.0], "FOD d proportion": [0.0, 0.0, 0.0, 0.0, 0.0, 0.0, 0.0, 0.0, 0.0, 0.0, 0.0, 0.0, 0.0, 0.0, 0.0, 0.0, 0.0, 0.0, 0.0, 0.0, 0.0, 0.0, 0.0, 0.0, 0.0, 0.0, 0.0, 0.0, 0.0], "coordinates": [["4.40800", "-0.65740", "-0.02460"], ["3.87500", "0.68620", "-0.49740"], ["2.51030", "1.04500", "0.09450"], ["1.38690", "0.11140", "-0.36190"], ["0.02970", "0.57600", "0.17130"], ["-1.09480", "-0.35730", "-0.28060"], ["-2.45130", "0.10730", "0.25200"], ["-3.57490", "-0.82530", "-0.19960"], ["-4.92520", "-0.36690", "0.32780"], ["3.79090", "-1.48440", "-0.38760"], ["5.42370", "-0.81220", "-0.40260"], ["4.44280", "-0.70410", "1.06840"], ["4.59240", "1.46490", "-0.21190"], ["3.82030", "0.69230", "-1.59220"], ["2.26690", "2.07200", "-0.20500"], ["2.57230", "1.04190", "1.18960"], ["1.35870", "0.07840", "-1.45770"], ["1.57990", "-0.90830", "-0.01030"], ["0.05900", "0.61250", "1.26720"], ["-0.17480", "1.59430", "-0.18110"], ["-1.12340", "-0.39410", "-1.37640"], ["-0.89110", "-1.37570", "0.07200"], ["-2.65530", "1.12580", "-0.10050"], ["-2.42280", "0.14440", "1.34780"], ["-3.61050", "-0.86270", "-1.29460"], ["-3.37800", "-1.84420", "0.15370"], ["-4.93350", "-0.34940", "1.42230"], ["-5.71390", "-1.04790", "-0.00700"], ["-5.16730", "0.63750", "-0.03410"]], "bond_dist": [[0.0, 1.520818792624552, 2.552178649703034, 3.1355812762548516, 4.55292908576446, 5.516919779188384, 6.907334517742717, 7.98658298773637, 9.344367193662716, 1.0938511827483663, 1.0947572927366136, 1.0945505607325776, 2.138513955998417, 2.1504537056165614, 3.473683596702498, 2.780592854051093, 3.4486820294135563, 2.8392437214864104, 4.711177586336563, 5.108493024366385, 5.70026982606964, 5.348434094199909, 7.2853119315510435, 7.013286935524598, 8.121046135812799, 7.877949043374171, 9.457907054946142, 10.129445178290862, 9.662464817529738], [1.520818792624552, 0.0, 1.5301925172997024, 2.5572244524092915, 3.9045660219799077, 5.082795149324828, 6.396780226019962, 7.607517801490838, 8.901319828542283, 2.175001887355503, 2.157002848862282, 2.1695761268044964, 1.096606903133479, 1.096182621646594, 2.1428777403295785, 2.1609069345994523, 2.7610437555388363, 2.836755306684029, 4.2048901115249135, 4.162399709302316, 5.188804452858096, 5.224113051992654, 6.557102703176152, 6.584876241813509, 7.685527262328851, 7.709271325488551, 9.074546142920868, 9.756771913906771, 9.054292234625521], [2.552178649703034, 1.5301925172997024, 0.0, 1.530339008193936, 2.525714869101419, 3.886372513025482, 5.051886984088223, 6.372925226299144, 7.571958184644181, 2.8757992158702597, 3.4905873159111778, 2.7825147385054407, 2.1460049813548894, 2.1645909960082528, 1.0971202349788285, 1.096858067390672, 2.160977315938323, 2.1661043580584938, 2.751572864744817, 2.7545322397822827, 4.175922809391955, 4.174903196482524, 5.169910734239035, 5.168879652303775, 6.55996270873547, 6.559196457646317, 7.688794615542803, 8.48693102953005, 7.689482165269648], [3.1355812762548516, 2.5572244524092915, 1.530339008193936, 0.0, 1.5304075404937079, 2.526880343427445, 3.8869871700328513, 5.052049823586462, 6.367657606215963, 2.8855595869778883, 4.141309900261028, 3.4712134981876295, 3.4827708078482567, 2.787923682599651, 2.1547551995528402, 2.1629044500393446, 1.0966594184157634, 1.0957461612983184, 2.160644910669035, 2.161154307308944, 2.7543323310740844, 2.7548175293474517, 4.175729656000255, 4.175880407770319, 5.176176857488546, 5.17633912432329, 6.583552417957952, 7.203561004114563, 6.583446794043375], [4.55292908576446, 3.9045660219799077, 2.525714869101419, 1.5304075404937079, 0.0, 1.529628304523684, 2.5261736242784263, 3.8851447411904743, 5.046244808766218, 4.324840206296645, 5.599258562524149, 4.681762064650445, 4.664248786246291, 4.1823565486457515, 2.717477052341013, 2.7782750871718944, 2.160436937288381, 2.1538906866412697, 1.0968990609896612, 1.0967866246449216, 2.160117800028508, 2.1602930403072635, 2.7541569091103, 2.7541218310016715, 4.179686177214744, 4.179724523219204, 5.201415230492564, 5.9714138242128225, 5.201420999111685], [5.516919779188384, 5.082795149324828, 3.886372513025482, 2.526880343427445, 1.529628304523684, 0.0, 1.5295777750738926, 2.5251695012414515, 3.8784284033613408, 5.015163795929301, 6.535492350236515, 5.710086251537712, 5.972384479418585, 5.194243229768895, 4.148281661121867, 4.19128513585034, 2.7559138502500398, 2.744209026295191, 2.1604285037927085, 2.1598710169822644, 1.0967907001793917, 1.096794880549686, 2.1603661425786136, 2.1603179048464143, 2.759052672567162, 2.7590741816776148, 4.199470027277251, 4.678447405924319, 4.1994815799095955], [6.907334517742717, 6.396780226019962, 5.051886984088223, 3.8869871700328513, 2.5261736242784263, 1.5295777750738926, 0.0, 1.5284509413128053, 2.5200778737967604, 6.473612429702601, 7.955476504270502, 6.989527432523604, 7.188323216161053, 6.563251115110559, 5.131306493477075, 5.1951061471350135, 4.176123717037128, 4.165431321003864, 2.754535200355951, 2.753397330571816, 2.1601867812761006, 2.1600724617475215, 1.0969113455516812, 1.096798203864321, 2.1625485428077678, 2.1625882710308035, 2.7819945758394287, 3.470753059495878, 2.782017478377877], [7.98658298773637, 7.607517801490838, 6.372925226299144, 5.052049823586462, 3.8851447411904743, 2.5251695012414515, 1.5284509413128053, 0.0, 1.5203918606727678, 7.397618971669195, 9.000898986767933, 8.118252689464647, 8.482332027219872, 7.676680764497114, 6.5208131157088065, 6.57300390384792, 5.171063552113821, 5.158942384830441, 4.174206546159402, 4.173186602585607, 2.7532969200578425, 2.7530872053024398, 2.1592304601408343, 2.159189491452753, 1.096216730395956, 1.0962425415937842, 2.1686019413437774, 2.1591587528479694, 2.168619803008356], [9.344367193662716, 8.901319828542283, 7.571958184644181, 6.367657606215963, 5.046244808766218, 3.8784284033613408, 2.5200778737967604, 1.5203918606727678, 0.0, 8.816518735873021, 10.384195080024258, 9.403276886277464, 9.707289894198071, 9.016211781563252, 7.6130421948127935, 7.677234067683491, 6.547801276000976, 6.5363408402561145, 5.165650623106445, 5.164453970169547, 4.166379809858914, 4.1661821719651195, 2.7502800202888436, 2.7502424347682517, 2.146260815930813, 2.14628841025618, 1.0946713616423882, 1.0944860574717246, 1.0947161184526333], [1.0938511827483663, 2.175001887355503, 2.8757992158702597, 2.8855595869778883, 4.324840206296645, 5.015163795929301, 6.473612429702601, 7.397618971669195, 8.816518735873021, 0.0, 1.7658181333308365, 1.77588786245078, 3.06131397115683, 2.487960693017476, 3.873486765176822, 3.217877792893944, 3.082702497809349, 2.3157649923945223, 4.589382339705421, 5.024720134495055, 5.129992594536565, 4.705759433927748, 6.9605362501749815, 6.653921421988691, 7.48263869567414, 7.198304587887346, 8.9821555525386, 9.522426773149794, 9.212858899386227], [1.0947572927366136, 2.157002848862282, 3.4905873159111778, 4.141309900261028, 5.599258562524149, 6.535492350236515, 7.955476504270502, 9.000898986767933, 10.384195080024258, 1.7658181333308365, 0.0, 1.7713529913599944, 2.431586023565689, 2.4999119924509343, 4.280542213318308, 3.75543201376353, 4.293090887693854, 3.8649622171503824, 5.796378888582077, 6.09782803545656, 6.632315769020652, 6.357631355308358, 8.313684466588807, 8.09608213705864, 9.07826987316416, 8.879437852702162, 10.526919572695519, 11.147115663255674, 10.696106924484255], [1.0945505607325776, 2.1695761268044964, 2.7825147385054407, 3.4712134981876295, 4.681762064650445, 5.710086251537712, 6.989527432523604, 8.118252689464647, 9.403276886277464, 1.77588786245078, 1.7713529913599944, 0.0, 2.5231149894525218, 3.068587878813315, 3.7500426104245803, 2.5616353546123616, 4.062654337991358, 3.066184557393765, 4.581556442956913, 5.307176515813281, 6.087341741680025, 5.467572471398984, 7.422794947322741, 6.923473114701898, 8.394317354615563, 7.956218746364381, 9.389678321966095, 10.219258216230767, 9.765726743053994], [2.138513955998417, 1.096606903133479, 2.1460049813548894, 3.4827708078482567, 4.664248786246291, 5.972384479418585, 7.188323216161053, 8.482332027219872, 9.707289894198071, 3.06131397115683, 2.431586023565689, 2.5231149894525218, 0.0, 1.7601923928934586, 2.4034492443153437, 2.4947816056721273, 3.7324543640880594, 3.8402964794400964, 4.844175691487664, 4.769055340421203, 6.122279876810598, 6.182101569854704, 7.256483587799258, 7.306806099794904, 8.595203863783569, 8.637770680563358, 9.833873343703385, 10.610182257624041, 9.796323171986517], [2.1504537056165614, 1.096182621646594, 2.1645909960082528, 2.787923682599651, 4.1823565486457515, 5.194243229768895, 6.563251115110559, 7.676680764497114, 9.016211781563252, 2.487960693017476, 2.4999119924509343, 3.068587878813315, 1.7601923928934586, 0.0, 2.4981888419412974, 3.068898075857196, 2.5405586039294588, 3.175487384638774, 4.72545385016085, 4.331931580715467, 5.066261372057308, 5.40772369856301, 6.659315768155164, 6.922433966460064, 7.5975903680048456, 7.829273398598366, 9.316724938517826, 9.82049513619349, 9.121821770348289], [3.473683596702498, 2.1428777403295785, 1.0971202349788285, 2.1547551995528402, 2.717477052341013, 4.148281661121867, 5.131306493477075, 6.5208131157088065, 7.6130421948127935, 3.873486765176822, 4.280542213318308, 3.7500426104245803, 2.4034492443153437, 2.4981888419412974, 0.0, 1.7604784378117215, 2.5235937648520212, 3.064647643694133, 3.028586386418588, 2.4881051806545478, 4.352925597802011, 4.683623414622487, 5.013408773479378, 5.302840341741396, 6.659093257343676, 6.879693608003193, 7.768979560405601, 8.571239621548333, 7.573263939676209], [2.780592854051093, 2.1609069345994523, 1.096858067390672, 2.1629044500393446, 2.7782750871718944, 4.19128513585034, 5.1951061471350135, 6.57300390384792, 7.677234067683491, 3.217877792893944, 3.75543201376353, 2.5616353546123616, 2.4947816056721273, 3.068898075857196, 1.7604784378117215, 0.0, 3.0674671147381516, 2.495575647020142, 2.550898471127379, 3.1193785695231027, 4.722779953586658, 4.369091333446807, 5.385090433781033, 5.077554283313965, 6.930062527856442, 6.693932484720772, 7.6372048957717515, 8.629033899574157, 7.846170353108579], [3.4486820294135563, 2.7610437555388363, 2.160977315938323, 1.0966594184157634, 2.160436937288381, 2.7559138502500398, 4.176123717037128, 5.171063552113821, 6.547801276000976, 3.082702497809349, 4.293090887693854, 4.062654337991358, 3.7324543640880594, 2.5405586039294588, 2.5235937648520212, 3.0674671147381516, 0.0, 1.7656367378370899, 3.0658706610031676, 2.5058496802481987, 2.527980686239513, 3.0847996596213503, 4.364771998627191, 4.7090262793915265, 5.060160023161322, 5.359974590424846, 6.9331950556723845, 7.307171336433819, 6.702828191890346], [2.8392437214864104, 2.836755306684029, 2.1661043580584938, 1.0957461612983184, 2.1538906866412697, 2.744209026295191, 4.165431321003864, 5.158942384830441, 6.5363408402561145, 2.3157649923945223, 3.8649622171503824, 3.066184557393765, 3.8402964794400964, 3.175487384638774, 3.064647643694133, 2.495575647020142, 1.7656367378370899, 0.0, 2.5015946314301205, 3.0612336549175727, 3.072207958455938, 2.516163160448861, 4.6992146035268485, 4.355940792756486, 5.347126144949266, 5.048126109755976, 6.692465280447857, 7.295136564177534, 6.922049690662442], [4.711177586336563, 4.2048901115249135, 2.751572864744817, 2.160644910669035, 1.0968990609896612, 2.1604285037927085, 2.754535200355951, 4.174206546159402, 5.165650623106445, 4.589382339705421, 5.796378888582077, 4.581556442956913, 4.844175691487664, 4.72545385016085, 3.028586386418588, 2.550898471127379, 3.0658706610031676, 2.5015946314301205, 0.0, 1.7652667135591722, 3.065931225582205, 2.5068171632570255, 3.0824510815258694, 2.526844912138456, 4.712140122067679, 4.369007454788788, 5.086684958791925, 6.140593473761311, 5.385927810507675], [5.108493024366385, 4.162399709302316, 2.7545322397822827, 2.161154307308944, 1.0967866246449216, 2.1598710169822644, 2.753397330571816, 4.173186602585607, 5.164453970169547, 5.024720134495055, 6.09782803545656, 5.307176515813281, 4.769055340421203, 4.331931580715467, 2.4881051806545478, 3.1193785695231027, 2.5058496802481987, 3.0612336549175727, 1.7652667135591722, 0.0, 2.5064553875942015, 3.0656231503562203, 2.5256422668303604, 3.0811116857394185, 4.368153584754089, 4.7112486168742995, 5.384615765307679, 6.139475585096825, 5.08548242450999], [5.70026982606964, 5.188804452858096, 4.175922809391955, 2.7543323310740844, 2.160117800028508, 1.0967907001793917, 2.1601867812761006, 2.7532969200578425, 4.166379809858914, 5.129992594536565, 6.632315769020652, 6.087341741680025, 6.122279876810598, 5.066261372057308, 4.352925597802011, 4.722779953586658, 2.527980686239513, 3.072207958455938, 3.065931225582205, 2.5064553875942015, 0.0, 1.7650394924760182, 2.50693726088229, 3.065891102110445, 2.5321815910396315, 3.0866190532684787, 4.72774595235404, 4.834811376879143, 4.383958834204536], [5.348434094199909, 5.224113051992654, 4.174903196482524, 2.7548175293474517, 2.1602930403072635, 1.096794880549686, 2.1600724617475215, 2.7530872053024398, 4.1661821719651195, 4.705759433927748, 6.357631355308358, 5.467572471398984, 6.182101569854704, 5.40772369856301, 4.683623414622487, 4.369091333446807, 3.0847996596213503, 2.516163160448861, 2.5068171632570255, 3.0656231503562203, 1.7650394924760182, 0.0, 3.0658865177954646, 2.5068854261812605, 3.086405825551786, 2.5319634179821797, 4.383788263591206, 4.834572750512707, 4.7275911297403885], [7.2853119315510435, 6.557102703176152, 5.169910734239035, 4.175729656000255, 2.7541569091103, 2.1603661425786136, 1.0969113455516812, 2.1592304601408343, 2.7502800202888436, 6.9605362501749815, 8.313684466588807, 7.422794947322741, 7.256483587799258, 6.659315768155164, 5.013408773479378, 5.385090433781033, 4.364771998627191, 4.6992146035268485, 3.0824510815258694, 2.5256422668303604, 2.50693726088229, 3.0658865177954646, 0.0, 1.764872544973149, 2.5084684769795293, 3.0672158270979235, 3.1121263020642336, 3.7534980884502924, 2.5598808273042715], [7.013286935524598, 6.584876241813509, 5.168879652303775, 4.175880407770319, 2.7541218310016715, 2.1603179048464143, 1.096798203864321, 2.159189491452753, 2.7502424347682517, 6.653921421988691, 8.09608213705864, 6.923473114701898, 7.306806099794904, 6.922433966460064, 5.302840341741396, 5.077554283313965, 4.7090262793915265, 4.355940792756486, 2.526844912138456, 3.0811116857394185, 3.065891102110445, 2.5068854261812605, 1.764872544973149, 0.0, 3.0671093003021594, 2.508547749196734, 2.5598834309397764, 3.753451949872277, 3.1120853892526794], [8.121046135812799, 7.685527262328851, 6.55996270873547, 5.176176857488546, 4.179686177214744, 2.759052672567162, 2.1625485428077678, 1.096216730395956, 2.146260815930813, 7.48263869567414, 9.07826987316416, 8.394317354615563, 8.595203863783569, 7.5975903680048456, 6.659093257343676, 6.930062527856442, 5.060160023161322, 5.347126144949266, 4.712140122067679, 4.368153584754089, 2.5321815910396315, 3.086405825551786, 2.5084684769795293, 3.0671093003021594, 0.0, 1.7649281543450996, 3.0651837628435916, 2.4731567600942723, 2.5026159373743306], [7.877949043374171, 7.709271325488551, 6.559196457646317, 5.17633912432329, 4.179724523219204, 2.7590741816776148, 2.1625882710308035, 1.0962425415937842, 2.14628841025618, 7.198304587887346, 8.879437852702162, 7.956218746364381, 8.637770680563358, 7.829273398598366, 6.879693608003193, 6.693932484720772, 5.359974590424846, 5.048126109755976, 4.369007454788788, 4.7112486168742995, 3.0866190532684787, 2.5319634179821797, 3.0672158270979235, 2.508547749196734, 1.7649281543450996, 0.0, 2.502669225047529, 2.4731249442759657, 3.0652403201054237], [9.457907054946142, 9.074546142920868, 7.688794615542803, 6.583552417957952, 5.201415230492564, 4.199470027277251, 2.7819945758394287, 2.1686019413437774, 1.0946713616423882, 8.9821555525386, 10.526919572695519, 9.389678321966095, 9.833873343703385, 9.316724938517826, 7.768979560405601, 7.6372048957717515, 6.9331950556723845, 6.692465280447857, 5.086684958791925, 5.384615765307679, 4.72774595235404, 4.383788263591206, 3.1121263020642336, 2.5598834309397764, 3.0651837628435916, 2.502669225047529, 0.0, 1.771955106654793, 1.7747492808844858], [10.129445178290862, 9.756771913906771, 8.48693102953005, 7.203561004114563, 5.9714138242128225, 4.678447405924319, 3.470753059495878, 2.1591587528479694, 1.0944860574717246, 9.522426773149794, 11.147115663255674, 10.219258216230767, 10.610182257624041, 9.82049513619349, 8.571239621548333, 8.629033899574157, 7.307171336433819, 7.295136564177534, 6.140593473761311, 6.139475585096825, 4.834811376879143, 4.834572750512707, 3.7534980884502924, 3.753451949872277, 2.4731567600942723, 2.4731249442759657, 1.771955106654793, 0.0, 1.7720268423474854], [9.662464817529738, 9.054292234625521, 7.689482165269648, 6.583446794043375, 5.201420999111685, 4.1994815799095955, 2.782017478377877, 2.168619803008356, 1.0947161184526333, 9.212858899386227, 10.696106924484255, 9.765726743053994, 9.796323171986517, 9.121821770348289, 7.573263939676209, 7.846170353108579, 6.702828191890346, 6.922049690662442, 5.385927810507675, 5.08548242450999, 4.383958834204536, 4.7275911297403885, 2.5598808273042715, 3.1120853892526794, 2.5026159373743306, 3.0652403201054237, 1.7747492808844858, 1.7720268423474854, 0.0]]}