{"total energy": -29.9039418, "HOMO-LUMO gap/eV": 10.30573264, "electronic energy": -30.11896536, "dipole": [1.43607091, -0.05554655, 0.14753082], "partial charges": [-0.46048448, 0.06520413, 0.08966201, -0.45017402, 0.09912617, -0.45667654, 0.06906092, -0.4549459, 0.32315299, 0.05882866, 0.02770064, 0.04229979, 0.31797048, 0.03574038, 0.31566002, 0.03106211, 0.05222656, 0.29458609], "atomic dipole moments": [[0.19943181, -0.12891361, -0.03185907], [0.00828155, 0.18191574, 0.06094646], [-0.04290757, 0.15176769, -0.001797], [-0.03462057, -0.12684118, 0.19504805], [-0.06639356, 0.15855099, 0.02128545], [0.19341445, -0.10081144, -0.07542472], [0.04792072, -0.00558937, 0.195777], [-0.02804018, 0.00832497, -0.23819023], [0.05479602, 0.02729908, 0.04672055], [-0.07683715, -0.03936963, -0.09442828], [0.0085678, -0.08877637, 0.08288734], [0.05291223, -0.08866126, -0.07726236], [-0.05537452, 0.03386681, 0.04456471], [0.02560002, -0.09315401, 0.07643812], [0.07482068, 0.02484234, 0.03682863], [0.07110588, -0.07373964, -0.07077038], [-0.0163465, 0.11507761, -0.05071457], [0.06216093, 0.03573516, -0.04281555]], "atomic quadrupole moments": [[0.01639336, -0.09886356, 0.04141639, -0.04593731, 0.10654231, -0.05780975], [0.04482123, -0.13208825, 0.10867913, -0.25708143, 0.18314776, -0.15350036], [-0.0455664, 0.00441147, 0.06585677, 0.11202741, -0.25282426, -0.02029038], [-0.07771393, -0.04544934, 0.06536483, 0.00942058, -0.13305264, 0.0123491], [0.03456949, -0.04244255, -0.05816931, -0.13318969, 0.27664802, 0.02359982], [0.00232109, -0.07874332, 0.00971399, -0.07259338, 0.11945098, -0.01203508], [0.11632267, 0.21476092, -0.29824082, 0.23311982, 0.09397431, 0.18191814], [-0.00059721, 0.05342436, -0.10171593, 0.11551154, 0.03342232, 0.10231314], [0.01448556, 0.02896416, -0.02279729, 0.06039432, 0.06767584, 0.00831173], [0.00215124, 0.00068757, -0.02521136, 0.03081615, 0.02750934, 0.02306012], [-0.02794149, -0.03148665, 0.01800391, 0.00250218, -0.03003738, 0.00993758], [-0.00606271, -0.02585027, 0.00499306, -0.01006688, 0.02094741, 0.00106965], [0.01261227, -0.08580951, 0.01402247, -0.06260782, 0.03082725, -0.02663475], [-0.02306032, -0.02717779, 0.02285229, -0.00386278, -0.00471544, 0.00020803], [0.0210421, 0.04177089, -0.03009939, 0.06251727, 0.06556098, 0.00905729], [1.281e-05, -0.01816871, -0.00407132, -0.0061269, 0.04240839, 0.00405852], [-0.0118575, -0.01095173, 0.0168381, 0.0371459, -0.02117667, -0.00498059], [0.06729133, 0.08440349, -0.0422848, -0.04368317, -0.02818605, -0.02500653]], "number of molecular orbitals": 42, "number of electrons": 50, "number of unpaired electrons": 0, "orbital energies/eV": [-19.31167818, -19.12599378, -18.75924522, -18.45760233, -17.86102085, -17.41363196, -16.85192746, -16.45267742, -16.14874304, -15.75051283, -15.52964907, -15.06093559, -14.89719601, -14.80441113, -14.32501626, -14.22868858, -13.74528309, -13.50294131, -13.30445959, -12.7814962, -12.33241982, -11.82262968, -11.69076727, -11.44932887, -11.0647759, -0.75904325, -0.04645873, 0.77326133, 1.478291, 1.88050679, 2.27726109, 2.96278416, 3.3087577, 3.67922027, 4.24032534, 4.35875385, 5.12250931, 5.41868087, 5.92750078, 6.05729922, 6.83236683, 7.64524316], "fractional occupation": [2.0, 2.0, 2.0, 2.0, 2.0, 2.0, 2.0, 2.0, 2.0, 2.0, 2.0, 2.0, 2.0, 2.0, 2.0, 2.0, 2.0, 2.0, 2.0, 2.0, 2.0, 2.0, 2.0, 2.0, 2.0, 0.0, 0.0, 0.0, 0.0, 0.0, 0.0, 0.0, 0.0, 0.0, 0.0, 0.0, 0.0, 0.0, 0.0, 0.0, 0.0, 0.0], "program call": "xtb /home/svss/Project-DBcg-Debug/aqme2_20220329/End-to-End-workflows-final/example-3/QDESCP/mol_803_rdkit_conf_8/mol_803_rdkit_conf_8.xyz --pop --wbo --acc 0.2 --gfn 2 --chrg 0 --uhf 0 --etemp 300 --input /home/svss/Project-DBcg-Debug/aqme2_20220329/End-to-End-workflows-final/example-3/QDESCP/mol_803_rdkit_conf_8/mol_803_rdkit_conf_8_xtb.inp", "method": "GFN2-xTB", "xtb version": "6.3.3 (7355c4f)", "Dipole module/D": 3.672, "Total charge": 0, "Transition dipole module/D": NaN, "HOMO": -11.0648, "LUMO": -0.759, "HOMO occupancy": 2.0, "LUMO occupancy": 0, "mulliken charges": [-0.58031, 0.17926, 0.18287, -0.57183, 0.19031, -0.57932, 0.17988, -0.57824, 0.35881, 0.03872, 0.01422, 0.02497, 0.35642, 0.02488, 0.36195, 0.01742, 0.03595, 0.34404], "cm5 charges": [-0.79225, 0.09662, 0.14158, -0.77548, 0.14905, -0.80091, 0.09688, -0.79569, 0.54683, 0.10354, 0.07741, 0.09166, 0.53374, 0.0943, 0.53694, 0.08052, 0.10374, 0.51151], "FUKUI+": [-0.07, 0.008, -0.008, -0.053, -0.021, -0.091, 0.006, -0.065, -0.051, -0.067, -0.058, -0.088, -0.031, -0.071, -0.094, -0.084, -0.058, -0.104], "FUKUI-": [-0.138, 0.015, -0.002, -0.119, 0.006, -0.044, 0.018, -0.099, -0.045, -0.068, -0.105, -0.068, -0.042, -0.069, -0.04, -0.075, -0.071, -0.055], "FUKUIrad": [-0.104, 0.012, -0.005, -0.086, -0.008, -0.068, 0.012, -0.082, -0.048, -0.068, -0.082, -0.078, -0.036, -0.07, -0.067, -0.08, -0.065, -0.079], "s proportion": [1.709, 1.0, 1.029, 1.709, 1.032, 1.712, 1.004, 1.702, 0.641, 0.961, 0.986, 0.975, 0.644, 0.975, 0.638, 0.983, 0.964, 0.656], "p proportion": [4.872, 2.821, 2.788, 4.862, 2.778, 4.867, 2.817, 4.876, 0.0, 0.0, 0.0, 0.0, 0.0, 0.0, 0.0, 0.0, 0.0, 0.0], "d proportion": [0.0, 0.0, 0.0, 0.0, 0.0, 0.0, 0.0, 0.0, 0.0, 0.0, 0.0, 0.0, 0.0, 0.0, 0.0, 0.0, 0.0, 0.0], "Fermi-level/eV": -5.9119, "Coordination numbers": [1.65, 3.672, 3.721, 1.651, 3.721, 1.65, 3.672, 1.652, 0.802, 0.924, 0.924, 0.924, 0.803, 0.924, 0.803, 0.924, 0.924, 0.804], "Dispersion coefficient C6": [22.061, 19.716, 19.201, 21.85, 19.052, 21.983, 19.652, 21.947, 0.656, 2.213, 2.619, 2.419, 0.67, 2.507, 0.676, 2.571, 2.292, 0.738], "Total dispersion C6": 2390.978494, "Total dispersion C8": 49499.411799, "Polarizability alpha": [6.34, 6.364, 6.258, 6.31, 6.234, 6.329, 6.354, 6.324, 1.272, 2.326, 2.531, 2.432, 1.286, 2.476, 1.292, 2.508, 2.368, 1.349], "Total polarizability alpha": 70.352705, "Wiberg matrix": [[0.0, 1.0076729813741723, 0.0, 0.0, 0.0, 0.0, 0.0, 0.0, 0.8503682349610777, 0.0, 0.0, 0.0, 0.0, 0.0, 0.0, 0.0, 0.0, 0.0], [1.0076729813741723, 0.0, 0.9813949927819131, 0.0, 0.0, 0.0, 0.0, 0.0, 0.0, 0.971850868072634, 0.9699137067941666, 0.0, 0.0, 0.0, 0.0, 0.0, 0.0, 0.0], [0.0, 0.9813949927819131, 0.0, 0.9988682924072739, 0.9713722424657694, 0.0, 0.0, 0.0, 0.0, 0.0, 0.0, 0.9626101945054946, 0.0, 0.0, 0.0, 0.0, 0.0, 0.0], [0.0, 0.0, 0.9988682924072739, 0.0, 0.0, 0.0, 0.0, 0.0, 0.0, 0.0, 0.0, 0.0, 0.8740234082682665, 0.0, 0.0, 0.0, 0.0, 0.0], [0.0, 0.0, 0.9713722424657694, 0.0, 0.0, 0.9782711724394076, 0.9912580648151219, 0.0, 0.0, 0.0, 0.0, 0.0, 0.0, 0.9611434920766561, 0.0, 0.0, 0.0, 0.0], [0.0, 0.0, 0.0, 0.0, 0.9782711724394076, 0.0, 0.0, 0.0, 0.0, 0.0, 0.0, 0.0, 0.0, 0.0, 0.871782453896337, 0.0, 0.0, 0.0], [0.0, 0.0, 0.0, 0.0, 0.9912580648151219, 0.0, 0.0, 0.9840291385362422, 0.0, 0.0, 0.0, 0.0, 0.0, 0.0, 0.0, 0.972821731030918, 0.9711309057559481, 0.0], [0.0, 0.0, 0.0, 0.0, 0.0, 0.0, 0.9840291385362422, 0.0, 0.0, 0.0, 0.0, 0.0, 0.0, 0.0, 0.0, 0.0, 0.0, 0.9000299086716015], [0.8503682349610777, 0.0, 0.0, 0.0, 0.0, 0.0, 0.0, 0.0, 0.0, 0.0, 0.0, 0.0, 0.0, 0.0, 0.0, 0.0, 0.0, 0.0], [0.0, 0.971850868072634, 0.0, 0.0, 0.0, 0.0, 0.0, 0.0, 0.0, 0.0, 0.0, 0.0, 0.0, 0.0, 0.0, 0.0, 0.0, 0.0], [0.0, 0.9699137067941666, 0.0, 0.0, 0.0, 0.0, 0.0, 0.0, 0.0, 0.0, 0.0, 0.0, 0.0, 0.0, 0.0, 0.0, 0.0, 0.0], [0.0, 0.0, 0.9626101945054946, 0.0, 0.0, 0.0, 0.0, 0.0, 0.0, 0.0, 0.0, 0.0, 0.0, 0.0, 0.0, 0.0, 0.0, 0.0], [0.0, 0.0, 0.0, 0.8740234082682665, 0.0, 0.0, 0.0, 0.0, 0.0, 0.0, 0.0, 0.0, 0.0, 0.0, 0.0, 0.0, 0.0, 0.0], [0.0, 0.0, 0.0, 0.0, 0.9611434920766561, 0.0, 0.0, 0.0, 0.0, 0.0, 0.0, 0.0, 0.0, 0.0, 0.0, 0.0, 0.0, 0.0], [0.0, 0.0, 0.0, 0.0, 0.0, 0.871782453896337, 0.0, 0.0, 0.0, 0.0, 0.0, 0.0, 0.0, 0.0, 0.0, 0.0, 0.0, 0.0], [0.0, 0.0, 0.0, 0.0, 0.0, 0.0, 0.972821731030918, 0.0, 0.0, 0.0, 0.0, 0.0, 0.0, 0.0, 0.0, 0.0, 0.0, 0.0], [0.0, 0.0, 0.0, 0.0, 0.0, 0.0, 0.9711309057559481, 0.0, 0.0, 0.0, 0.0, 0.0, 0.0, 0.0, 0.0, 0.0, 0.0, 0.0], [0.0, 0.0, 0.0, 0.0, 0.0, 0.0, 0.0, 0.9000299086716015, 0.0, 0.0, 0.0, 0.0, 0.0, 0.0, 0.0, 0.0, 0.0, 0.0]], "Born radii": [], "Atomic SASAs": [], "Solvent H bonds": [], "Total SASA": NaN, "Total FOD": 0.0, "FOD": [0.0, 0.0, 0.0, 0.0, 0.0, 0.0, 0.0, 0.0, 0.0, 0.0, 0.0, 0.0, 0.0, 0.0, 0.0, 0.0, 0.0, 0.0], "FOD s proportion": [0.0, 0.0, 0.0, 0.0, 0.0, 0.0, 0.0, 0.0, 0.0, 0.0, 0.0, 0.0, 0.0, 0.0, 0.0, 0.0, 0.0, 0.0], "FOD p proportion": [0.0, 0.0, 0.0, 0.0, 0.0, 0.0, 0.0, 0.0, 0.0, 0.0, 0.0, 0.0, 0.0, 0.0, 0.0, 0.0, 0.0, 0.0], "FOD d proportion": [0.0, 0.0, 0.0, 0.0, 0.0, 0.0, 0.0, 0.0, 0.0, 0.0, 0.0, 0.0, 0.0, 0.0, 0.0, 0.0, 0.0, 0.0], "coordinates": [["-2.54780", "-0.07960", "0.58720"], ["-1.81990", "-1.11560", "-0.07740"], ["-0.48990", "-0.57490", "-0.62250"], ["-0.77340", "0.55930", "-1.45410"], ["0.47850", "-0.16870", "0.50270"], ["-0.16450", "0.74020", "1.41970"], ["1.74330", "0.50770", "-0.03390"], ["2.57530", "0.83510", "1.08490"], ["-1.91480", "0.34200", "1.21120"], ["-2.45010", "-1.46440", "-0.90130"], ["-1.66310", "-1.94380", "0.62030"], ["-0.01430", "-1.33350", "-1.25340"], ["-1.45960", "1.06570", "-0.97130"], ["0.75230", "-1.05050", "1.09390"], ["0.57630", "1.11590", "1.94260"], ["2.29680", "-0.15620", "-0.70440"], ["1.50960", "1.44550", "-0.54730"], ["3.36510", "1.27570", "0.72220"]], "bond_dist": [[0.0, 1.4299746746009177, 2.4379599237887404, 2.779135523863491, 3.028790311328931, 2.6542884507905318, 4.375411490362935, 5.227861416487626, 0.9837741407457303, 2.0353988749137106, 2.063742072062301, 3.373232251120578, 2.219192100742971, 3.4770751659979973, 3.6092007730244107, 5.0144039805344764, 4.480570836400202, 6.067738417235866], [1.4299746746009177, 0.0, 1.5357052125977824, 2.4074374654391337, 2.55260223693391, 2.9026972301636973, 3.915787197997358, 4.947115808226041, 1.9478433535579804, 1.09436040224416, 1.0942059998007687, 2.1657903338042677, 2.3847312196555825, 2.827082336968628, 3.8473064200814577, 4.273265291319976, 4.226772938069893, 5.765578969192947], [2.4379599237887404, 1.5357052125977824, 0.0, 1.4346917613201797, 1.5391140438576993, 2.4507047986242654, 2.5506185445887435, 3.781370888976642, 2.4966980814668003, 2.1705583912901303, 2.189711691068027, 1.0953100611242461, 1.937407517792785, 2.1714707366206896, 3.2519724921960824, 2.81916906020196, 2.8435315102878675, 4.48262907789614], [2.779135523863491, 2.4074374654391337, 1.4346917613201797, 0.0, 2.4344001006408127, 2.943163342391992, 2.8902265464838566, 4.211457981507117, 2.907548338377197, 2.68556742979952, 3.3704912193922114, 2.0491962180328165, 0.9800036938705894, 3.37809421567842, 3.6971698013480525, 3.240388615583014, 2.6114604496334994, 4.730400923811849], [3.028790311328931, 2.55260223693391, 1.5391140438576993, 2.4344001006408127, 0.0, 1.442372077516755, 1.531396604410497, 2.396485243017365, 2.547679656079233, 3.4966773442798518, 2.784108534163135, 2.1641391105934016, 2.7299543897288836, 1.0963827433884574, 1.9321164587053234, 2.1825355781750733, 2.1843325868557657, 3.2352636940441193], [2.6542884507905318, 2.9026972301636973, 2.4507047986242654, 2.943163342391992, 1.442372077516755, 0.0, 2.409711611375934, 2.7618111973847883, 1.8070931298635384, 3.933353470004952, 3.176271134522366, 3.3864812623134353, 2.7386338309456413, 2.0379583827939176, 0.9815088079074992, 3.37243702090936, 2.6775264517834367, 3.637491259096027], [4.375411490362935, 3.915787197997358, 2.5506185445887435, 2.8902265464838566, 1.531396604410497, 2.409711611375934, 0.0, 1.4321760366658842, 3.867741732587635, 4.714463355462635, 4.247515844584927, 2.822473285967469, 3.383585549383967, 2.163793215628518, 2.374520686370199, 1.0939358802050512, 1.0943784034784312, 1.9472407272856636], [5.227861416487626, 4.947115808226041, 3.781370888976642, 4.211457981507117, 2.396485243017365, 2.7618111973847883, 1.4321760366658842, 0.0, 4.5188601781865305, 5.87259191924656, 5.089417739781242, 4.108101874345377, 4.53448484505131, 2.6227652125190315, 2.1932849632457705, 2.064420603946783, 2.0426408127715456, 0.9744042744159122], [0.9837741407457303, 1.9478433535579804, 2.4966980814668003, 2.907548338377197, 2.547679656079233, 1.8070931298635384, 3.867741732587635, 4.5188601781865305, 0.0, 2.8305976930676673, 2.3743203953973864, 3.5346079924087763, 2.343982717513079, 3.0110194203956904, 2.709141262466762, 4.653525669855062, 4.004566126311314, 5.384074730164877], [2.0353988749137106, 1.09436040224416, 2.1705583912901303, 2.68556742979952, 3.4966773442798518, 3.933353470004952, 4.714463355462635, 5.87259191924656, 2.8305976930676673, 0.0, 1.778892891660428, 2.4645954759351483, 2.71797650100217, 3.795721540102751, 4.889254775525612, 4.927800367303854, 4.926668052548294, 6.630267815103701], [2.063742072062301, 1.0942059998007687, 2.189711691068027, 3.3704912193922114, 2.784108534163135, 3.176271134522366, 4.247515844584927, 5.089417739781242, 2.3743203953973864, 1.778892891660428, 0.0, 2.5693888806484706, 3.410526800950258, 2.618480286349317, 4.015613743875274, 4.542152778143861, 4.78713583889156, 5.971462057151498], [3.373232251120578, 2.1657903338042677, 1.0953100611242461, 2.0491962180328165, 2.1641391105934016, 3.3864812623134353, 2.822473285967469, 4.108101874345377, 3.5346079924087763, 2.4645954759351483, 2.5693888806484706, 0.0, 2.815072492849873, 2.4854741700528695, 4.069740129295727, 2.651154371212661, 3.2471047750265156, 4.704387777384002], [2.219192100742971, 2.3847312196555825, 1.937407517792785, 0.9800036938705894, 2.7299543897288836, 2.7386338309456413, 3.383585549383967, 4.53448484505131, 2.343982717513079, 2.71797650100217, 3.410526800950258, 2.815072492849873, 0.0, 3.692675871234842, 3.555027715785068, 3.9591433644160956, 3.023271850164983, 5.117594389945338], [3.4770751659979973, 2.827082336968628, 2.1714707366206896, 3.37809421567842, 1.0963827433884574, 2.0379583827939176, 2.163793215628518, 2.6227652125190315, 3.0110194203956904, 3.795721540102751, 2.618480286349317, 2.4854741700528695, 3.692675871234842, 0.0, 2.3333573772570713, 2.533601316308468, 3.081729503055062, 3.5179669085993406], [3.6092007730244107, 3.8473064200814577, 3.2519724921960824, 3.6971698013480525, 1.9321164587053234, 0.9815088079074992, 2.374520686370199, 2.1932849632457705, 2.709141262466762, 4.889254775525612, 4.015613743875274, 4.069740129295727, 3.555027715785068, 2.3333573772570713, 0.0, 3.403669734272114, 2.6794191646698358, 3.048330303625249], [5.0144039805344764, 4.273265291319976, 2.81916906020196, 3.240388615583014, 2.1825355781750733, 3.37243702090936, 1.0939358802050512, 2.064420603946783, 4.653525669855062, 4.927800367303854, 4.542152778143861, 2.651154371212661, 3.9591433644160956, 2.533601316308468, 3.403669734272114, 0.0, 1.7915934639309221, 2.286217413108386], [4.480570836400202, 4.226772938069893, 2.8435315102878675, 2.6114604496334994, 2.1843325868557657, 2.6775264517834367, 1.0943784034784312, 2.0426408127715456, 4.004566126311314, 4.926668052548294, 4.78713583889156, 3.2471047750265156, 3.023271850164983, 3.081729503055062, 2.6794191646698358, 1.7915934639309221, 0.0, 2.2546269181396728], [6.067738417235866, 5.765578969192947, 4.48262907789614, 4.730400923811849, 3.2352636940441193, 3.637491259096027, 1.9472407272856636, 0.9744042744159122, 5.384074730164877, 6.630267815103701, 5.971462057151498, 4.704387777384002, 5.117594389945338, 3.5179669085993406, 3.048330303625249, 2.286217413108386, 2.2546269181396728, 0.0]]}