{"total energy": -56.23845864, "HOMO-LUMO gap/eV": 3.19961321, "electronic energy": -56.89506036, "dipole": [-0.1851991, -1.52117107, 0.49704475], "partial charges": [0.03769264, -0.31967797, 0.08186748, -0.06871133, 0.01158163, -0.20556462, 0.26220006, -0.3440373, 0.26269701, -0.1981744, 0.0527656, -0.11558975, -0.11051026, -0.34644451, 0.23270302, -0.11839511, -0.05229756, -0.33677735, 0.03135369, 0.05818562, 0.03160396, 0.02679837, 0.02557247, 0.05405052, 0.05228685, 0.04671244, 0.06694983, 0.18578777, 0.18255756, 0.06513086, 0.04529346, 0.04150962, 0.04833822, 0.04362395, 0.03917872, 0.03717043, 0.06180743, 0.06385325, 0.06690773], "atomic dipole moments": [[-0.10552162, 0.13538236, -0.13524376], [0.08924236, -0.25034212, -0.09908529], [-0.0128994, 0.12212737, 0.16068129], [-0.05092158, -0.07039612, 0.10336899], [-0.00231029, 0.11643167, -0.1266284], [0.00826364, 0.01310081, 0.17834527], [0.03191941, -0.00165323, -0.00553804], [-0.0845068, 0.2761144, -0.03850937], [-0.0132638, -0.01207229, 0.00997317], [0.00556931, -0.04250365, -0.1491716], [-0.08544209, 0.13156317, 0.00254201], [0.06439543, 0.06485915, -0.08666753], [0.04111868, 0.01925937, 0.1020633], [0.25386542, -0.09726805, -0.06751513], [-0.01015443, 0.03544777, -0.00504269], [-0.12602485, -0.31055379, 0.21474089], [0.13011859, -0.01430856, -0.10117392], [-0.16328859, -0.19605781, 0.10472259], [-0.06666823, -0.10041713, 0.00628741], [0.01411657, 0.04513125, 0.11767003], [0.10991197, -0.0163017, -0.04703226], [0.10455558, -0.01661482, -0.04872407], [-0.06174554, -0.10182516, 0.00156866], [0.06604635, 0.10776145, 0.00190353], [-0.00649992, -0.03351144, -0.12094002], [0.00699014, 0.04800526, 0.11722463], [-0.06155343, -0.1144925, 0.00667389], [0.04383235, 0.12241682, 0.00237586], [-0.10953462, 0.06836899, -0.02531423], [0.12290632, -0.05477574, 0.00593758], [0.00412523, -0.12523454, -0.02466344], [-0.12278346, 0.03187391, 0.00649375], [0.04490286, 0.01628341, 0.11883725], [0.00148831, -0.12255092, -0.03303884], [0.06622763, 0.06167257, -0.09249875], [-0.11976763, 0.03934373, -0.01464247], [0.03968756, -0.02851194, 0.12281164], [-0.04401945, 0.11867604, 0.00146128], [-0.09824835, -0.07755815, -0.03831653]], "atomic quadrupole moments": [[-0.08607085, -0.24118971, 0.0740122, 0.20927315, -0.26456602, 0.01205866], [-0.10526422, -0.08396451, 0.01259271, 0.07387267, 0.00765454, 0.09267151], [-0.25441599, -0.10639574, -0.10043442, 0.17287215, 0.07942595, 0.35485041], [0.14012389, -0.18956514, -0.05434059, -0.02894091, -0.12747521, -0.0857833], [0.15733153, -0.2374131, -0.04784431, 0.00980048, -0.19686452, -0.10948722], [0.0520712, -0.09752796, -0.04121278, 0.01945208, -0.05452132, -0.01085842], [-0.02424363, -0.01054938, -0.27602582, 0.21988241, 0.17543596, 0.30026944], [-0.03885299, 0.03708113, -0.0976322, 0.08577681, 0.06286913, 0.13648519], [-0.15725437, 0.15979827, -0.16439677, 0.20029487, 0.1107159, 0.32165114], [-0.07248663, 0.05882576, 0.09849391, -0.02752892, 0.01282308, -0.02600727], [-0.22572485, 0.10253835, 0.19192032, -0.025171, 0.01480158, 0.03380452], [-0.03114336, 0.11016807, -0.01123091, -0.13135162, -0.12975575, 0.04237427], [-0.08093321, 0.02522521, -0.09415721, 0.11811296, 0.04758294, 0.17509041], [-0.09749854, 0.02638345, -0.03259395, 0.1063754, 0.05033232, 0.13009249], [-0.26043967, -0.04821913, 0.00251391, 0.27291209, 0.12077566, 0.25792576], [0.02728589, -0.24847957, 0.17966817, -0.37354326, -0.07805003, -0.20695406], [0.15127199, -0.04598384, -0.17985557, -0.31360245, 0.0201765, 0.02858358], [-0.06845201, -0.014817, -0.06511883, 0.11251489, 0.07236116, 0.13357084], [0.00020142, 0.0412359, 0.04553603, 0.01350851, -0.01446887, -0.04573746], [-0.04642308, -0.00701627, -0.01289275, 0.01427347, 0.04199778, 0.05931583], [0.04827542, -0.02642112, -0.0300737, -0.03937591, -0.01201825, -0.01820172], [0.03392604, -0.00845162, -0.038817, -0.02490557, 0.00669342, 0.00489096], [-0.0061916, 0.04239592, 0.01390086, 0.00517208, 0.00089296, -0.00770926], [0.00479952, 0.03278404, 0.03547028, -2.257e-05, 0.01392222, -0.0402698], [-0.02276845, -0.00122439, -0.02734657, 0.01737436, 0.03255553, 0.05011503], [-0.01556192, -0.01675655, -0.00381474, 0.014468, 0.0213938, 0.01937666], [0.00870732, 0.02955758, 0.02483011, 0.00484511, 0.00647633, -0.03353743], [0.04482802, 0.03309276, 0.00234878, -0.01677354, -0.03762516, -0.0471768], [0.06472906, -0.00068761, -0.00332619, -0.02729256, 0.00305506, -0.06140287], [0.02528741, 0.0039362, -0.01745038, -0.00301344, -0.00363326, -0.00783703], [-0.04420074, -0.00819443, 0.07339754, -0.01281298, 0.03277228, -0.02919679], [0.06721475, -0.04143471, -0.02906172, 0.00739793, -0.01256734, -0.03815303], [-0.01263004, 0.01846225, -0.0425651, 0.0433191, 0.01728877, 0.05519514], [-0.05098207, -0.00702791, 0.08287246, 0.00517022, 0.01818799, -0.03189038], [0.00642263, 0.04349261, -0.0125577, -0.03678264, -0.03938423, 0.00613507], [0.06863335, -0.04391089, -0.03611118, -0.0073788, 0.00487114, -0.03252217], [-0.00017692, -0.01488215, -0.05066716, 0.01983287, -0.03018646, 0.05084408], [-0.02638347, -0.04273124, 0.07241795, -0.01420037, -0.00341495, -0.04603448], [0.02098815, 0.05362694, -0.00604692, 0.00396393, 0.02904464, -0.01494123]], "number of molecular orbitals": 98, "number of electrons": 102, "number of unpaired electrons": 0, "orbital energies/eV": [-19.36739174, -18.94948803, -18.57475156, -18.068049, -17.82934594, -17.67990796, -17.54721201, -17.35058582, -17.10890206, -16.87807169, -16.59750244, -16.36337476, -16.33059751, -16.23819538, -16.05260639, -15.92035434, -15.49866712, -15.20092797, -15.11295141, -15.02662617, -14.87712002, -14.77837611, -14.52583065, -14.2316787, -14.07276516, -14.02683185, -13.89359921, -13.71114188, -13.58522204, -13.51621891, -13.42332202, -13.14672237, -13.01912014, -12.933763, -12.88774258, -12.72257302, -12.69828097, -12.58063917, -12.51883641, -12.35702947, -12.23411169, -12.17688822, -12.1162015, -12.04356113, -11.91356656, -11.00210749, -10.65015499, -10.56563483, -10.16140908, -10.03380393, -9.95630184, -6.75668863, -6.32655322, -5.30057881, -3.59183088, -3.24323278, -0.09138788, 0.2208077, 0.35600126, 0.56881133, 0.88552239, 1.223423, 2.152304, 2.21522874, 2.69290817, 2.7696156, 3.02448147, 3.24526409, 3.35735713, 3.57540215, 3.85282191, 4.03563438, 4.12016925, 4.14565284, 4.68661765, 4.8959785, 5.00828994, 5.02494185, 5.169619, 5.40880169, 5.4950505, 5.65000603, 5.94556461, 6.03297415, 6.14030524, 6.35576517, 6.44340769, 6.59884919, 6.74364525, 6.93798559, 7.35032356, 7.63550994, 8.16778822, 10.35803156, 12.15364269, 12.3666313, 14.09358134, 17.66948475], "fractional occupation": [2.0, 2.0, 2.0, 2.0, 2.0, 2.0, 2.0, 2.0, 2.0, 2.0, 2.0, 2.0, 2.0, 2.0, 2.0, 2.0, 2.0, 2.0, 2.0, 2.0, 2.0, 2.0, 2.0, 2.0, 2.0, 2.0, 2.0, 2.0, 2.0, 2.0, 2.0, 2.0, 2.0, 2.0, 2.0, 2.0, 2.0, 2.0, 2.0, 2.0, 2.0, 2.0, 2.0, 2.0, 2.0, 2.0, 2.0, 2.0, 2.0, 2.0, 2.0, 0.0, 0.0, 0.0, 0.0, 0.0, 0.0, 0.0, 0.0, 0.0, 0.0, 0.0, 0.0, 0.0, 0.0, 0.0, 0.0, 0.0, 0.0, 0.0, 0.0, 0.0, 0.0, 0.0, 0.0, 0.0, 0.0, 0.0, 0.0, 0.0, 0.0, 0.0, 0.0, 0.0, 0.0, 0.0, 0.0, 0.0, 0.0, 0.0, 0.0, 0.0, 0.0, 0.0, 0.0, 0.0, 0.0, 0.0], "program call": "xtb /home/svss/Project-DBcg-Debug/aqme2_20220329/End-to-End-workflows-final/example-3/QDESCP/mol_708_rdkit_conf_11/mol_708_rdkit_conf_11.xyz --pop --wbo --acc 0.2 --gfn 2 --chrg 0 --uhf 0 --etemp 300 --input /home/svss/Project-DBcg-Debug/aqme2_20220329/End-to-End-workflows-final/example-3/QDESCP/mol_708_rdkit_conf_11/mol_708_rdkit_conf_11_xtb.inp", "method": "GFN2-xTB", "xtb version": "6.3.3 (7355c4f)", "Dipole module/D": 4.095, "Total charge": 0, "Transition dipole module/D": NaN, "HOMO": -9.9563, "LUMO": -6.7567, "HOMO occupancy": 2.0, "LUMO occupancy": 0, "mulliken charges": [0.17115, -0.46963, 0.1954, -0.06143, 0.10081, -0.36453, 0.44203, -0.4345, 0.44375, -0.36032, 0.13541, -0.10003, -0.1047, -0.43654, 0.37706, -0.09374, -0.00949, -0.42657, 0.01465, 0.03457, 0.01484, 0.01444, 0.01231, 0.03816, 0.02971, 0.03767, 0.03022, 0.21642, 0.2172, 0.03391, 0.03005, 0.02915, 0.03721, 0.03143, 0.04177, 0.02896, 0.03563, 0.03426, 0.03332], "cm5 charges": [0.0485, -0.5753, 0.11211, -0.16298, 0.05429, -0.70408, 0.65896, -0.61081, 0.66192, -0.69965, 0.12343, -0.24223, -0.2468, -0.61518, 0.54598, -0.12045, -0.13828, -0.59995, 0.07361, 0.09349, 0.07379, 0.07707, 0.07536, 0.09753, 0.08734, 0.10638, 0.09915, 0.41768, 0.41908, 0.10551, 0.08181, 0.0831, 0.09086, 0.08328, 0.09709, 0.083, 0.09019, 0.0866, 0.08859], "FUKUI+": [0.005, 0.003, 0.005, 0.004, 0.014, -0.049, -0.032, -0.106, -0.023, -0.045, 0.008, 0.011, 0.011, -0.078, -0.048, -0.239, 0.037, -0.07, -0.004, -0.007, -0.01, -0.017, -0.007, -0.012, -0.012, -0.02, -0.017, -0.035, -0.033, -0.013, -0.025, -0.015, -0.013, -0.029, 0.003, -0.015, -0.039, -0.051, -0.038], "FUKUI-": [0.018, -0.064, 0.013, 0.007, 0.01, -0.042, 0.001, -0.077, 0.0, -0.043, 0.003, 0.009, 0.007, -0.054, 0.022, -0.252, 0.04, -0.061, -0.035, -0.027, -0.04, -0.045, -0.034, -0.018, -0.022, -0.026, -0.018, -0.026, -0.027, -0.01, -0.022, -0.017, -0.013, -0.025, -0.004, -0.017, -0.037, -0.039, -0.038], "FUKUIrad": [0.012, -0.03, 0.009, 0.005, 0.012, -0.046, -0.016, -0.092, -0.011, -0.044, 0.006, 0.01, 0.009, -0.066, -0.013, -0.245, 0.039, -0.066, -0.019, -0.017, -0.025, -0.031, -0.02, -0.015, -0.017, -0.023, -0.017, -0.031, -0.03, -0.011, -0.023, -0.016, -0.013, -0.027, -0.0, -0.016, -0.038, -0.045, -0.038], "s proportion": [0.971, 1.693, 0.994, 1.036, 1.006, 1.462, 0.979, 1.527, 0.976, 1.451, 1.028, 1.016, 1.018, 1.537, 1.02, 1.926, 1.009, 1.535, 0.985, 0.965, 0.985, 0.986, 0.988, 0.962, 0.97, 0.962, 0.97, 0.784, 0.783, 0.966, 0.97, 0.971, 0.963, 0.969, 0.958, 0.971, 0.964, 0.966, 0.967], "p proportion": [2.858, 4.776, 2.81, 3.026, 2.893, 3.903, 2.579, 3.908, 2.581, 3.909, 2.836, 3.084, 3.087, 3.899, 2.603, 4.166, 3.0, 3.891, 0.0, 0.0, 0.0, 0.0, 0.0, 0.0, 0.0, 0.0, 0.0, 0.0, 0.0, 0.0, 0.0, 0.0, 0.0, 0.0, 0.0, 0.0, 0.0, 0.0, 0.0], "d proportion": [0.0, 0.0, 0.0, 0.0, 0.0, 0.0, 0.0, 0.0, 0.0, 0.0, 0.0, 0.0, 0.0, 0.0, 0.0, 0.001, 0.0, 0.0, 0.0, 0.0, 0.0, 0.0, 0.0, 0.0, 0.0, 0.0, 0.0, 0.0, 0.0, 0.0, 0.0, 0.0, 0.0, 0.0, 0.0, 0.0, 0.0, 0.0, 0.0], "Fermi-level/eV": -8.3565, "Coordination numbers": [3.65, 1.698, 3.702, 3.801, 3.75, 2.697, 2.942, 1.842, 2.935, 2.702, 3.791, 3.754, 3.752, 1.882, 3.004, 2.035, 3.742, 1.898, 0.924, 0.924, 0.924, 0.924, 0.924, 0.924, 0.924, 0.924, 0.924, 0.86, 0.86, 0.924, 0.924, 0.924, 0.924, 0.924, 0.924, 0.924, 0.924, 0.924, 0.924], "Dispersion coefficient C6": [20.253, 19.342, 19.364, 21.815, 20.443, 25.47, 22.596, 29.789, 22.587, 25.303, 19.701, 22.769, 22.673, 29.856, 23.126, 146.015, 21.589, 29.593, 2.567, 2.22, 2.564, 2.633, 2.65, 2.27, 2.292, 2.362, 2.12, 1.181, 1.199, 2.14, 2.38, 2.429, 2.341, 2.401, 2.46, 2.487, 2.178, 2.154, 2.12], "Total dispersion C6": 15626.252792, "Total dispersion C8": 372662.119456, "Polarizability alpha": [6.465, 5.938, 6.292, 6.65, 6.448, 7.495, 7.796, 8.089, 7.794, 7.471, 6.321, 6.804, 6.79, 8.1, 7.888, 20.338, 6.629, 8.065, 2.506, 2.33, 2.504, 2.537, 2.546, 2.356, 2.367, 2.403, 2.277, 1.703, 1.716, 2.288, 2.412, 2.437, 2.393, 2.423, 2.453, 2.466, 2.308, 2.295, 2.277], "Total polarizability alpha": 190.371408, "Wiberg matrix": [[0.0, 0.9944100695820229, 0.0, 0.0, 0.0, 0.0, 0.0, 0.0, 0.0, 0.0, 0.0, 0.0, 0.0, 0.0, 0.0, 0.0, 0.0, 0.0, 0.978772346560616, 0.9806212407354186, 0.9786352803964615, 0.0, 0.0, 0.0, 0.0, 0.0, 0.0, 0.0, 0.0, 0.0, 0.0, 0.0, 0.0, 0.0, 0.0, 0.0, 0.0, 0.0, 0.0], [0.9944100695820229, 0.0, 0.980535499233541, 0.0, 0.0, 0.0, 0.0, 0.0, 0.0, 0.0, 0.0, 0.0, 0.0, 0.0, 0.0, 0.0, 0.0, 0.0, 0.0, 0.0, 0.0, 0.0, 0.0, 0.0, 0.0, 0.0, 0.0, 0.0, 0.0, 0.0, 0.0, 0.0, 0.0, 0.0, 0.0, 0.0, 0.0, 0.0, 0.0], [0.0, 0.980535499233541, 0.0, 1.0050111481209212, 0.0, 0.0, 0.0, 0.0, 0.0, 0.0, 0.0, 0.0, 0.0, 0.0, 0.0, 0.0, 0.0, 0.0, 0.0, 0.0, 0.0, 0.9686660333611787, 0.9681970827447459, 0.0, 0.0, 0.0, 0.0, 0.0, 0.0, 0.0, 0.0, 0.0, 0.0, 0.0, 0.0, 0.0, 0.0, 0.0, 0.0], [0.0, 0.0, 1.0050111481209212, 0.0, 1.0059740315854058, 0.0, 0.0, 0.0, 0.0, 0.0, 0.0, 0.0, 0.0, 0.0, 0.0, 0.0, 0.0, 0.0, 0.0, 0.0, 0.0, 0.0, 0.0, 0.9744552614703439, 0.9737696235456773, 0.0, 0.0, 0.0, 0.0, 0.0, 0.0, 0.0, 0.0, 0.0, 0.0, 0.0, 0.0, 0.0, 0.0], [0.0, 0.0, 0.0, 1.0059740315854058, 0.0, 0.9852229077854572, 0.0, 0.0, 0.0, 0.0, 0.0, 0.0, 0.0, 0.0, 0.0, 0.0, 0.0, 0.0, 0.0, 0.0, 0.0, 0.0, 0.0, 0.0, 0.0, 0.9691571351019324, 0.9692805457878374, 0.0, 0.0, 0.0, 0.0, 0.0, 0.0, 0.0, 0.0, 0.0, 0.0, 0.0, 0.0], [0.0, 0.0, 0.0, 0.0, 0.9852229077854572, 0.0, 1.1721309269535944, 0.0, 0.0, 0.0, 0.0, 0.0, 0.0, 0.0, 0.0, 0.0, 0.0, 0.0, 0.0, 0.0, 0.0, 0.0, 0.0, 0.0, 0.0, 0.0, 0.0, 0.9322972980175763, 0.0, 0.0, 0.0, 0.0, 0.0, 0.0, 0.0, 0.0, 0.0, 0.0, 0.0], [0.0, 0.0, 0.0, 0.0, 0.0, 1.1721309269535944, 0.0, 1.3379090329916263, 0.0, 0.0, 0.0, 0.0, 0.0, 0.0, 0.0, 0.0, 0.0, 1.3191320797425004, 0.0, 0.0, 0.0, 0.0, 0.0, 0.0, 0.0, 0.0, 0.0, 0.0, 0.0, 0.0, 0.0, 0.0, 0.0, 0.0, 0.0, 0.0, 0.0, 0.0, 0.0], [0.0, 0.0, 0.0, 0.0, 0.0, 0.0, 1.3379090329916263, 0.0, 1.3346380262044406, 0.0, 0.0, 0.0, 0.0, 0.0, 0.0, 0.0, 0.0, 0.0, 0.0, 0.0, 0.0, 0.0, 0.0, 0.0, 0.0, 0.0, 0.0, 0.0, 0.0, 0.0, 0.0, 0.0, 0.0, 0.0, 0.0, 0.0, 0.0, 0.0, 0.0], [0.0, 0.0, 0.0, 0.0, 0.0, 0.0, 0.0, 1.3346380262044406, 0.0, 1.1885996576878255, 0.0, 0.0, 0.0, 1.3062119108030126, 0.0, 0.0, 0.0, 0.0, 0.0, 0.0, 0.0, 0.0, 0.0, 0.0, 0.0, 0.0, 0.0, 0.0, 0.0, 0.0, 0.0, 0.0, 0.0, 0.0, 0.0, 0.0, 0.0, 0.0, 0.0], [0.0, 0.0, 0.0, 0.0, 0.0, 0.0, 0.0, 0.0, 1.1885996576878255, 0.0, 0.9781994266111667, 0.0, 0.0, 0.0, 0.0, 0.0, 0.0, 0.0, 0.0, 0.0, 0.0, 0.0, 0.0, 0.0, 0.0, 0.0, 0.0, 0.0, 0.93286687924004, 0.0, 0.0, 0.0, 0.0, 0.0, 0.0, 0.0, 0.0, 0.0, 0.0], [0.0, 0.0, 0.0, 0.0, 0.0, 0.0, 0.0, 0.0, 0.0, 0.9781994266111667, 0.0, 1.0052866978695298, 0.9994284181338127, 0.0, 0.0, 0.0, 0.0, 0.0, 0.0, 0.0, 0.0, 0.0, 0.0, 0.0, 0.0, 0.0, 0.0, 0.0, 0.0, 0.961081295681493, 0.0, 0.0, 0.0, 0.0, 0.0, 0.0, 0.0, 0.0, 0.0], [0.0, 0.0, 0.0, 0.0, 0.0, 0.0, 0.0, 0.0, 0.0, 0.0, 1.0052866978695298, 0.0, 0.0, 0.0, 0.0, 0.0, 0.0, 0.0, 0.0, 0.0, 0.0, 0.0, 0.0, 0.0, 0.0, 0.0, 0.0, 0.0, 0.0, 0.0, 0.9851391987530215, 0.98581889193941, 0.9857881924643824, 0.0, 0.0, 0.0, 0.0, 0.0, 0.0], [0.0, 0.0, 0.0, 0.0, 0.0, 0.0, 0.0, 0.0, 0.0, 0.0, 0.9994284181338127, 0.0, 0.0, 0.0, 0.0, 0.0, 0.0, 0.0, 0.0, 0.0, 0.0, 0.0, 0.0, 0.0, 0.0, 0.0, 0.0, 0.0, 0.0, 0.0, 0.0, 0.0, 0.0, 0.9841804362464117, 0.9855908428191289, 0.9855206426067291, 0.0, 0.0, 0.0], [0.0, 0.0, 0.0, 0.0, 0.0, 0.0, 0.0, 0.0, 1.3062119108030126, 0.0, 0.0, 0.0, 0.0, 0.0, 1.3811077464369426, 0.0, 0.0, 0.0, 0.0, 0.0, 0.0, 0.0, 0.0, 0.0, 0.0, 0.0, 0.0, 0.0, 0.0, 0.0, 0.0, 0.0, 0.0, 0.0, 0.0, 0.0, 0.0, 0.0, 0.0], [0.0, 0.0, 0.0, 0.0, 0.0, 0.0, 0.0, 0.0, 0.0, 0.0, 0.0, 0.0, 0.0, 1.3811077464369426, 0.0, 1.0625835683049223, 0.0, 1.3799772776565042, 0.0, 0.0, 0.0, 0.0, 0.0, 0.0, 0.0, 0.0, 0.0, 0.0, 0.0, 0.0, 0.0, 0.0, 0.0, 0.0, 0.0, 0.0, 0.0, 0.0, 0.0], [0.0, 0.0, 0.0, 0.0, 0.0, 0.0, 0.0, 0.0, 0.0, 0.0, 0.0, 0.0, 0.0, 0.0, 1.0625835683049223, 0.0, 1.0113112279469088, 0.0, 0.0, 0.0, 0.0, 0.0, 0.0, 0.0, 0.0, 0.0, 0.0, 0.0, 0.0, 0.0, 0.0, 0.0, 0.0, 0.0, 0.0, 0.0, 0.0, 0.0, 0.0], [0.0, 0.0, 0.0, 0.0, 0.0, 0.0, 0.0, 0.0, 0.0, 0.0, 0.0, 0.0, 0.0, 0.0, 0.0, 1.0113112279469088, 0.0, 0.0, 0.0, 0.0, 0.0, 0.0, 0.0, 0.0, 0.0, 0.0, 0.0, 0.0, 0.0, 0.0, 0.0, 0.0, 0.0, 0.0, 0.0, 0.0, 0.9819971641444931, 0.9799787254705281, 0.9810519491227818], [0.0, 0.0, 0.0, 0.0, 0.0, 0.0, 1.3191320797425004, 0.0, 0.0, 0.0, 0.0, 0.0, 0.0, 0.0, 1.3799772776565042, 0.0, 0.0, 0.0, 0.0, 0.0, 0.0, 0.0, 0.0, 0.0, 0.0, 0.0, 0.0, 0.0, 0.0, 0.0, 0.0, 0.0, 0.0, 0.0, 0.0, 0.0, 0.0, 0.0, 0.0], [0.978772346560616, 0.0, 0.0, 0.0, 0.0, 0.0, 0.0, 0.0, 0.0, 0.0, 0.0, 0.0, 0.0, 0.0, 0.0, 0.0, 0.0, 0.0, 0.0, 0.0, 0.0, 0.0, 0.0, 0.0, 0.0, 0.0, 0.0, 0.0, 0.0, 0.0, 0.0, 0.0, 0.0, 0.0, 0.0, 0.0, 0.0, 0.0, 0.0], [0.9806212407354186, 0.0, 0.0, 0.0, 0.0, 0.0, 0.0, 0.0, 0.0, 0.0, 0.0, 0.0, 0.0, 0.0, 0.0, 0.0, 0.0, 0.0, 0.0, 0.0, 0.0, 0.0, 0.0, 0.0, 0.0, 0.0, 0.0, 0.0, 0.0, 0.0, 0.0, 0.0, 0.0, 0.0, 0.0, 0.0, 0.0, 0.0, 0.0], [0.9786352803964615, 0.0, 0.0, 0.0, 0.0, 0.0, 0.0, 0.0, 0.0, 0.0, 0.0, 0.0, 0.0, 0.0, 0.0, 0.0, 0.0, 0.0, 0.0, 0.0, 0.0, 0.0, 0.0, 0.0, 0.0, 0.0, 0.0, 0.0, 0.0, 0.0, 0.0, 0.0, 0.0, 0.0, 0.0, 0.0, 0.0, 0.0, 0.0], [0.0, 0.0, 0.9686660333611787, 0.0, 0.0, 0.0, 0.0, 0.0, 0.0, 0.0, 0.0, 0.0, 0.0, 0.0, 0.0, 0.0, 0.0, 0.0, 0.0, 0.0, 0.0, 0.0, 0.0, 0.0, 0.0, 0.0, 0.0, 0.0, 0.0, 0.0, 0.0, 0.0, 0.0, 0.0, 0.0, 0.0, 0.0, 0.0, 0.0], [0.0, 0.0, 0.9681970827447459, 0.0, 0.0, 0.0, 0.0, 0.0, 0.0, 0.0, 0.0, 0.0, 0.0, 0.0, 0.0, 0.0, 0.0, 0.0, 0.0, 0.0, 0.0, 0.0, 0.0, 0.0, 0.0, 0.0, 0.0, 0.0, 0.0, 0.0, 0.0, 0.0, 0.0, 0.0, 0.0, 0.0, 0.0, 0.0, 0.0], [0.0, 0.0, 0.0, 0.9744552614703439, 0.0, 0.0, 0.0, 0.0, 0.0, 0.0, 0.0, 0.0, 0.0, 0.0, 0.0, 0.0, 0.0, 0.0, 0.0, 0.0, 0.0, 0.0, 0.0, 0.0, 0.0, 0.0, 0.0, 0.0, 0.0, 0.0, 0.0, 0.0, 0.0, 0.0, 0.0, 0.0, 0.0, 0.0, 0.0], [0.0, 0.0, 0.0, 0.9737696235456773, 0.0, 0.0, 0.0, 0.0, 0.0, 0.0, 0.0, 0.0, 0.0, 0.0, 0.0, 0.0, 0.0, 0.0, 0.0, 0.0, 0.0, 0.0, 0.0, 0.0, 0.0, 0.0, 0.0, 0.0, 0.0, 0.0, 0.0, 0.0, 0.0, 0.0, 0.0, 0.0, 0.0, 0.0, 0.0], [0.0, 0.0, 0.0, 0.0, 0.9691571351019324, 0.0, 0.0, 0.0, 0.0, 0.0, 0.0, 0.0, 0.0, 0.0, 0.0, 0.0, 0.0, 0.0, 0.0, 0.0, 0.0, 0.0, 0.0, 0.0, 0.0, 0.0, 0.0, 0.0, 0.0, 0.0, 0.0, 0.0, 0.0, 0.0, 0.0, 0.0, 0.0, 0.0, 0.0], [0.0, 0.0, 0.0, 0.0, 0.9692805457878374, 0.0, 0.0, 0.0, 0.0, 0.0, 0.0, 0.0, 0.0, 0.0, 0.0, 0.0, 0.0, 0.0, 0.0, 0.0, 0.0, 0.0, 0.0, 0.0, 0.0, 0.0, 0.0, 0.0, 0.0, 0.0, 0.0, 0.0, 0.0, 0.0, 0.0, 0.0, 0.0, 0.0, 0.0], [0.0, 0.0, 0.0, 0.0, 0.0, 0.9322972980175763, 0.0, 0.0, 0.0, 0.0, 0.0, 0.0, 0.0, 0.0, 0.0, 0.0, 0.0, 0.0, 0.0, 0.0, 0.0, 0.0, 0.0, 0.0, 0.0, 0.0, 0.0, 0.0, 0.0, 0.0, 0.0, 0.0, 0.0, 0.0, 0.0, 0.0, 0.0, 0.0, 0.0], [0.0, 0.0, 0.0, 0.0, 0.0, 0.0, 0.0, 0.0, 0.0, 0.93286687924004, 0.0, 0.0, 0.0, 0.0, 0.0, 0.0, 0.0, 0.0, 0.0, 0.0, 0.0, 0.0, 0.0, 0.0, 0.0, 0.0, 0.0, 0.0, 0.0, 0.0, 0.0, 0.0, 0.0, 0.0, 0.0, 0.0, 0.0, 0.0, 0.0], [0.0, 0.0, 0.0, 0.0, 0.0, 0.0, 0.0, 0.0, 0.0, 0.0, 0.961081295681493, 0.0, 0.0, 0.0, 0.0, 0.0, 0.0, 0.0, 0.0, 0.0, 0.0, 0.0, 0.0, 0.0, 0.0, 0.0, 0.0, 0.0, 0.0, 0.0, 0.0, 0.0, 0.0, 0.0, 0.0, 0.0, 0.0, 0.0, 0.0], [0.0, 0.0, 0.0, 0.0, 0.0, 0.0, 0.0, 0.0, 0.0, 0.0, 0.0, 0.9851391987530215, 0.0, 0.0, 0.0, 0.0, 0.0, 0.0, 0.0, 0.0, 0.0, 0.0, 0.0, 0.0, 0.0, 0.0, 0.0, 0.0, 0.0, 0.0, 0.0, 0.0, 0.0, 0.0, 0.0, 0.0, 0.0, 0.0, 0.0], [0.0, 0.0, 0.0, 0.0, 0.0, 0.0, 0.0, 0.0, 0.0, 0.0, 0.0, 0.98581889193941, 0.0, 0.0, 0.0, 0.0, 0.0, 0.0, 0.0, 0.0, 0.0, 0.0, 0.0, 0.0, 0.0, 0.0, 0.0, 0.0, 0.0, 0.0, 0.0, 0.0, 0.0, 0.0, 0.0, 0.0, 0.0, 0.0, 0.0], [0.0, 0.0, 0.0, 0.0, 0.0, 0.0, 0.0, 0.0, 0.0, 0.0, 0.0, 0.9857881924643824, 0.0, 0.0, 0.0, 0.0, 0.0, 0.0, 0.0, 0.0, 0.0, 0.0, 0.0, 0.0, 0.0, 0.0, 0.0, 0.0, 0.0, 0.0, 0.0, 0.0, 0.0, 0.0, 0.0, 0.0, 0.0, 0.0, 0.0], [0.0, 0.0, 0.0, 0.0, 0.0, 0.0, 0.0, 0.0, 0.0, 0.0, 0.0, 0.0, 0.9841804362464117, 0.0, 0.0, 0.0, 0.0, 0.0, 0.0, 0.0, 0.0, 0.0, 0.0, 0.0, 0.0, 0.0, 0.0, 0.0, 0.0, 0.0, 0.0, 0.0, 0.0, 0.0, 0.0, 0.0, 0.0, 0.0, 0.0], [0.0, 0.0, 0.0, 0.0, 0.0, 0.0, 0.0, 0.0, 0.0, 0.0, 0.0, 0.0, 0.9855908428191289, 0.0, 0.0, 0.0, 0.0, 0.0, 0.0, 0.0, 0.0, 0.0, 0.0, 0.0, 0.0, 0.0, 0.0, 0.0, 0.0, 0.0, 0.0, 0.0, 0.0, 0.0, 0.0, 0.0, 0.0, 0.0, 0.0], [0.0, 0.0, 0.0, 0.0, 0.0, 0.0, 0.0, 0.0, 0.0, 0.0, 0.0, 0.0, 0.9855206426067291, 0.0, 0.0, 0.0, 0.0, 0.0, 0.0, 0.0, 0.0, 0.0, 0.0, 0.0, 0.0, 0.0, 0.0, 0.0, 0.0, 0.0, 0.0, 0.0, 0.0, 0.0, 0.0, 0.0, 0.0, 0.0, 0.0], [0.0, 0.0, 0.0, 0.0, 0.0, 0.0, 0.0, 0.0, 0.0, 0.0, 0.0, 0.0, 0.0, 0.0, 0.0, 0.0, 0.9819971641444931, 0.0, 0.0, 0.0, 0.0, 0.0, 0.0, 0.0, 0.0, 0.0, 0.0, 0.0, 0.0, 0.0, 0.0, 0.0, 0.0, 0.0, 0.0, 0.0, 0.0, 0.0, 0.0], [0.0, 0.0, 0.0, 0.0, 0.0, 0.0, 0.0, 0.0, 0.0, 0.0, 0.0, 0.0, 0.0, 0.0, 0.0, 0.0, 0.9799787254705281, 0.0, 0.0, 0.0, 0.0, 0.0, 0.0, 0.0, 0.0, 0.0, 0.0, 0.0, 0.0, 0.0, 0.0, 0.0, 0.0, 0.0, 0.0, 0.0, 0.0, 0.0, 0.0], [0.0, 0.0, 0.0, 0.0, 0.0, 0.0, 0.0, 0.0, 0.0, 0.0, 0.0, 0.0, 0.0, 0.0, 0.0, 0.0, 0.9810519491227818, 0.0, 0.0, 0.0, 0.0, 0.0, 0.0, 0.0, 0.0, 0.0, 0.0, 0.0, 0.0, 0.0, 0.0, 0.0, 0.0, 0.0, 0.0, 0.0, 0.0, 0.0, 0.0]], "Born radii": [], "Atomic SASAs": [], "Solvent H bonds": [], "Total SASA": NaN, "Total FOD": 0.0, "FOD": [0.0, 0.0, 0.0, 0.0, 0.0, 0.0, 0.0, 0.0, 0.0, 0.0, 0.0, 0.0, 0.0, 0.0, 0.0, 0.0, 0.0, 0.0, 0.0, 0.0, 0.0, 0.0, 0.0, 0.0, 0.0, 0.0, 0.0, 0.0, 0.0, 0.0, 0.0, 0.0, 0.0, 0.0, 0.0, 0.0, 0.0, 0.0, 0.0], "FOD s proportion": [0.0, 0.0, 0.0, 0.0, 0.0, 0.0, 0.0, 0.0, 0.0, 0.0, 0.0, 0.0, 0.0, 0.0, 0.0, 0.0, 0.0, 0.0, 0.0, 0.0, 0.0, 0.0, 0.0, 0.0, 0.0, 0.0, 0.0, 0.0, 0.0, 0.0, 0.0, 0.0, 0.0, 0.0, 0.0, 0.0, 0.0, 0.0, 0.0], "FOD p proportion": [0.0, 0.0, 0.0, 0.0, 0.0, 0.0, 0.0, 0.0, 0.0, 0.0, 0.0, 0.0, 0.0, 0.0, 0.0, 0.0, 0.0, 0.0, 0.0, 0.0, 0.0, 0.0, 0.0, 0.0, 0.0, 0.0, 0.0, 0.0, 0.0, 0.0, 0.0, 0.0, 0.0, 0.0, 0.0, 0.0, 0.0, 0.0, 0.0], "FOD d proportion": [0.0, 0.0, 0.0, 0.0, 0.0, 0.0, 0.0, 0.0, 0.0, 0.0, 0.0, 0.0, 0.0, 0.0, 0.0, 0.0, 0.0, 0.0, 0.0, 0.0, 0.0, 0.0, 0.0, 0.0, 0.0, 0.0, 0.0, 0.0, 0.0, 0.0, 0.0, 0.0, 0.0, 0.0, 0.0, 0.0, 0.0, 0.0, 0.0], "coordinates": [["5.17180", "-1.91070", "1.75070"], ["4.47570", "-0.94580", "0.97220"], ["4.28190", "-1.39070", "-0.36840"], ["3.54450", "-0.31380", "-1.15370"], ["2.15140", "-0.04740", "-0.58160"], ["1.46760", "0.91900", "-1.43020"], ["0.19420", "1.26830", "-0.99080"], ["-0.59510", "0.36120", "-0.43230"], ["-1.79830", "0.77510", "-0.06240"], ["-2.69130", "-0.10210", "0.53280"], ["-2.60720", "-1.50750", "0.15630"], ["-3.40460", "-2.31930", "1.17810"], ["-3.17370", "-1.73010", "-1.24610"], ["-2.23710", "2.01290", "-0.21540"], ["-1.36990", "2.84780", "-0.77670"], ["-1.86020", "4.53990", "-1.03630"], ["-3.24220", "4.65300", "0.12520"], ["-0.14780", "2.52930", "-1.18610"], ["4.60180", "-2.84330", "1.80330"], ["5.28990", "-1.51570", "2.76330"], ["6.16450", "-2.09810", "1.33030"], ["5.25690", "-1.57620", "-0.83350"], ["3.70800", "-2.32460", "-0.36990"], ["4.12340", "0.61820", "-1.13100"], ["3.46520", "-0.62200", "-2.20310"], ["2.23210", "0.33840", "0.44220"], ["1.59430", "-0.99210", "-0.55120"], ["1.96290", "1.79680", "-1.55680"], ["-3.61340", "0.31590", "0.48260"], ["-1.57060", "-1.86490", "0.19420"], ["-3.35890", "-3.38900", "0.94850"], ["-4.45840", "-2.01840", "1.19430"], ["-3.00400", "-2.17260", "2.18730"], ["-3.15460", "-2.79310", "-1.50840"], ["-2.59160", "-1.19120", "-2.00100"], ["-4.21000", "-1.38070", "-1.31750"], ["-2.91970", "4.39930", "1.13900"], ["-3.61690", "5.68030", "0.13190"], ["-4.06090", "3.99410", "-0.17700"]], "bond_dist": [[0.0, 1.4218472034645637, 2.3564606553049003, 3.6923886929736964, 4.246684158258064, 5.643263642609655, 6.51140269143293, 6.571465150177699, 7.68655626792649, 8.159819604623623, 7.950944761473318, 8.605199688560399, 8.869092222431787, 8.611154706541974, 8.474957929099117, 9.941158552201047, 10.794433933282466, 7.525725107921495, 1.0942620892638109, 1.0933121100582397, 1.0942157968152353, 2.6071482313056156, 2.609783134668473, 3.974754415055099, 4.495082389678748, 3.9258704958263717, 4.352134627972807, 5.914571134917561, 9.151260252555382, 6.919880609519214, 8.694926004285486, 9.64686126623577, 8.19163700428675, 8.984948499017676, 8.652358793993693, 9.88498469801547, 10.279233879039818, 11.725401576491954, 11.127687972800102], [1.4218472034645637, 0.0, 1.4257288697364587, 2.4054122827490505, 2.9366285924508735, 4.277577633427592, 5.2045028638670185, 5.421612480618658, 6.587485861085396, 7.229854151364328, 7.151829983297982, 8.00175138016672, 8.003080765555225, 7.43141865931398, 7.184781940323589, 8.618039542146462, 9.572353464535249, 6.173437547266515, 2.075363744021756, 2.048352230452566, 2.075590600287061, 2.06596952784885, 2.071638274409893, 2.64455318154126, 3.347907821311692, 2.638903294931438, 3.2596559956535294, 4.497983948392879, 8.201532409251335, 6.165044403733034, 8.206749971212721, 9.000996721474795, 7.676419630270351, 8.233308675131767, 7.671171272367734, 8.99295549805513, 9.126327706695614, 10.492925238464247, 9.929592751467705], [2.3564606553049003, 1.4257288697364587, 0.0, 1.5232099198731603, 2.5276351358532745, 3.79241582899344, 4.91598963078646, 5.182505747223056, 6.461668335654501, 7.148298373739026, 6.910039879769148, 7.895330421204676, 7.514753556172019, 7.355627978629697, 7.0763291599529206, 8.56408192277491, 9.663437869619694, 5.971371314865623, 2.6322354871857496, 3.2922991799045236, 2.632523354122428, 1.0960626168244219, 1.09614445672092, 2.1546137055166064, 2.1503540801458723, 2.8015244439411915, 2.7231400184346013, 4.117063493559456, 8.122342436144883, 5.898571068487689, 8.006825409611478, 8.901060760943048, 7.760625548884574, 7.6529640016140155, 7.06754450003677, 8.544779483403888, 9.362659735352983, 10.613217350549267, 9.931516341425413], [3.6923886929736964, 2.4054122827490505, 1.5232099198731603, 0.0, 1.529377317734247, 2.4310001439736695, 3.7086502814366313, 4.255858446894116, 5.560768898272972, 6.463304168921652, 6.401908510748962, 7.599296829312564, 6.866487798722139, 6.302447012073961, 5.855695596596531, 7.265188816541522, 8.50670231876019, 4.660187406102892, 4.032381745321244, 4.45352374755092, 4.027205295238871, 2.1513938644516024, 2.1643454738095764, 1.09738985779895, 1.0965929463570336, 2.166715350478692, 2.1509014807749796, 2.6680668151303855, 7.369500131623582, 5.5124398980850575, 7.844299295666886, 8.512647858921454, 7.582893292800579, 7.151970455056424, 6.256154670402579, 7.829264096963392, 8.321998950973256, 9.426964099326993, 8.795115375024935], [4.246684158258064, 2.9366285924508735, 2.5276351358532745, 1.529377317734247, 0.0, 1.456582767988143, 2.393562819313502, 2.7807385170130616, 4.067702666124947, 4.9695696735230515, 5.031964067836733, 6.255174633853159, 5.624031432166787, 4.861879346507892, 4.562871983740065, 6.110892564920447, 7.189175707965413, 3.505869903461907, 4.41692936099277, 4.816060957878336, 4.895477883720853, 3.4705638302731154, 2.76648880171238, 2.152590931877211, 2.1646010833407616, 1.0970508511459256, 1.0971520678556825, 2.0946648729570083, 5.873451078369514, 4.214078296614813, 6.6235113542591595, 7.1223674329537365, 6.225867924233536, 6.045780572432314, 5.081242348087719, 6.5411503315548405, 6.96057903194842, 8.16020308754629, 7.422270185057939], [5.643263642609655, 4.277577633427592, 3.79241582899344, 2.4310001439736695, 1.456582767988143, 0.0, 1.3916286897013872, 2.3583207033819638, 3.5436826692016314, 4.710887752855082, 5.000887875167768, 6.405321898234311, 5.347269332098394, 4.0493404821032275, 3.492669171278608, 4.933591679496794, 6.20840085690349, 2.293941599082243, 5.868017823762979, 6.174397430519031, 6.2276899625784194, 4.576119362516673, 4.0822260116265, 2.689474840930846, 2.638647602466081, 2.10414789641793, 2.107367338647916, 1.015816169392868, 5.462517226517459, 4.429383005566351, 6.8929079451273685, 7.115742758841131, 6.529893059614376, 5.928788619102557, 4.610407934228814, 6.126700836502465, 6.161304895880416, 7.138786616085397, 6.449113311145959], [6.51140269143293, 5.2045028638670185, 4.91598963078646, 3.7086502814366313, 2.393562819313502, 1.3916286897013872, 0.0, 1.325800569467369, 2.2528269019167895, 3.539133138213368, 4.107157899326492, 5.525066733533632, 4.516451157712214, 2.6583630320180123, 2.2331743931005477, 3.863417679982324, 4.950807514941376, 1.3210704333986134, 6.643732921332704, 6.914483444191619, 7.236341358725416, 5.809204319870322, 5.063717770571342, 3.9850845273343953, 3.967662583940323, 2.659180215780796, 2.6949835491149106, 1.9307946395202158, 4.192349112371249, 3.7862496325519794, 6.1705629718851425, 6.1011265894095335, 5.6717365647568645, 5.289361129663959, 3.8510162204280576, 5.149845777302462, 4.9026097387003995, 5.937228520109362, 5.1184110903677915], [6.571465150177699, 5.421612480618658, 5.182505747223056, 4.255858446894116, 2.7807385170130616, 2.3583207033819638, 1.325800569467369, 0.0, 1.3250771524707534, 2.353745810405193, 2.80838673618859, 4.2037790926736385, 3.4183305998688893, 2.339085825701998, 2.627185939365541, 4.407587514729571, 5.073213173128051, 2.3385784870301016, 6.5018841284661475, 6.954698984859085, 7.405883297082125, 6.177409181849621, 5.072877389608387, 4.776868528649287, 4.537449831127613, 2.959447571760649, 2.5766316112319974, 3.1414664744351484, 3.154239843448814, 2.509905119720664, 4.858929832792402, 4.8201048339221835, 4.368666365150811, 4.2022184557683335, 2.976033887575879, 4.1091722597136275, 4.91721470550148, 6.143486118646317, 5.027415851110787], [7.68655626792649, 6.587485861085396, 6.461668335654501, 5.560768898272972, 4.067702666124947, 3.5436826692016314, 2.2528269019167895, 1.3250771524707534, 0.0, 1.3860706619793957, 2.4315451178211767, 3.700587966796628, 3.0933635237391677, 1.322158568402444, 2.2337941579295078, 3.889219955209528, 4.142239657479996, 2.657831744110225, 7.585178643908132, 7.967115184933628, 8.579106909812932, 7.476566988932822, 6.326297181606315, 6.019389874397571, 5.851403006971918, 4.085272599227621, 3.8563786173040633, 4.174173893119452, 1.9499942692223482, 2.662196621213392, 4.560385946386555, 4.056977834546302, 3.899204774053294, 4.081974636128941, 2.872948057309773, 3.4697329205574308, 3.9794127154644316, 5.235078365220524, 3.9362993941010127], [8.159819604623623, 7.229854151364328, 7.148298373739026, 6.463304168921652, 4.9695696735230515, 4.710887752855082, 3.539133138213368, 2.353745810405193, 1.3860706619793957, 0.0, 1.4573860916037316, 2.416854323288849, 2.459182581672211, 2.28895737837121, 3.4875203540624677, 4.970006641846669, 4.804227781860473, 4.043300065540524, 7.89415323514815, 8.406720445572102, 9.112914785621557, 8.198391899634952, 6.834135938800165, 7.051751457616753, 6.757065714494717, 4.943896860776932, 4.509270823536773, 5.443696079870735, 1.0136628877491767, 2.1161479839557535, 3.3796757033774703, 2.689317822422631, 2.6687303704196124, 3.4091971679561155, 2.7597502314521143, 2.7138308237618642, 4.547773846619904, 5.869719408114838, 4.377039483486526], [7.950944761473318, 7.151829983297982, 6.910039879769148, 6.401908510748962, 5.031964067836733, 5.000887875167768, 4.107157899326492, 2.80838673618859, 2.4315451178211767, 1.4573860916037316, 0.0, 1.5293597483914632, 1.5287899692240268, 3.5592627129786307, 4.622773883719601, 6.20897338696181, 6.19321826355248, 4.9139027625707055, 7.514429561849655, 8.316291520263103, 8.869600061445839, 7.926442615700943, 6.38954535863077, 7.174727739782187, 6.5745661735205, 5.187283500060508, 4.29171243910866, 5.8939735416779735, 2.108007990971571, 1.0971375164490549, 2.1754714385622256, 2.1829805885531828, 2.1736534337377704, 2.1733937080059835, 2.1804202209665915, 2.181085170276484, 5.996135570515397, 7.25841293190185, 5.700169746595271], [8.605199688560399, 8.00175138016672, 7.895330421204676, 7.599296829312564, 6.255174633853159, 6.405321898234311, 5.525066733533632, 4.2037790926736385, 3.700587966796628, 2.416854323288849, 1.5293597483914632, 0.0, 2.505437504708509, 4.698175745967791, 5.887288810649601, 7.371388156921327, 7.053221920512638, 6.301199079540337, 8.047850147710257, 8.8742865769593, 9.572866294375997, 8.92302159697039, 7.279107833381781, 8.404262790988868, 7.84267127769614, 6.275133862317201, 5.453525423063507, 7.29602723884718, 2.733422164613436, 2.130280397036972, 1.0950172327411103, 1.0960372667021867, 1.0956668699928824, 2.7393920292648875, 3.469907119794419, 2.785257345381212, 6.736189039805816, 8.070514598834452, 6.490458016195775], [8.869092222431787, 8.003080765555225, 7.514753556172019, 6.866487798722139, 5.624031432166787, 5.347269332098394, 4.516451157712214, 3.4183305998688893, 3.0933635237391677, 2.459182581672211, 1.5287899692240268, 2.505437504708509, 0.0, 3.993696414350996, 4.942792652944284, 6.409539631674026, 6.529098065583025, 5.225146808463855, 8.425939404600534, 9.367698793193556, 9.694082741549096, 8.442093361838639, 6.9626827861105385, 7.66651350419472, 6.798435689186153, 6.029238988462806, 4.874561930060999, 6.2386070288166104, 2.7143794465770625, 2.159297279209141, 2.7572662929067984, 2.772926818363586, 3.4659543995846223, 1.0950502728185587, 1.095046862010937, 1.095945258669428, 6.582002914766902, 7.550452860590549, 5.890378959795371], [8.611154706541974, 7.43141865931398, 7.355627978629697, 6.302447012073961, 4.861879346507892, 4.0493404821032275, 2.6583630320180123, 2.339085825701998, 1.322158568402444, 2.28895737837121, 3.5592627129786307, 4.698175745967791, 3.993696414350996, 0.0, 1.3282136650403802, 2.683590769845507, 2.8454107576938688, 2.3609536081846247, 8.627188495680386, 8.830594580774276, 9.480316031124701, 8.33208991910193, 7.360841698474435, 6.575672718437255, 6.588617046846781, 4.817689970307346, 4.880820894070996, 4.41430098316823, 2.293733787953607, 3.955923059160782, 5.638583338038021, 4.813814233017307, 4.886666875284216, 5.060759947873442, 3.6851451016208308, 4.077190181975817, 2.8275867944238247, 3.9337371658513227, 2.6931161207790506], [8.474957929099117, 7.184781940323589, 7.0763291599529206, 5.855695596596531, 4.562871983740065, 3.492669171278608, 2.2331743931005477, 2.627185939365541, 2.2337941579295078, 3.4875203540624677, 4.622773883719601, 5.887288810649601, 4.942792652944284, 1.3282136650403802, 0.0, 1.780727003220876, 2.752758242199994, 1.3276215650553436, 8.643276005080482, 8.713476246022594, 9.255731152642669, 7.968028644526825, 7.259771099008563, 5.939106796480427, 6.119830145518746, 4.556008073961239, 4.856147022074188, 3.58060230268596, 3.60966014328219, 4.815855956109983, 6.769793961414187, 6.091270449586031, 6.054749785911884, 5.961567896954627, 4.393743549639646, 5.122386641010224, 2.9118617377890734, 3.7279510739815245, 2.985820620867905], [9.941158552201047, 8.618039542146462, 8.56408192277491, 7.265188816541522, 6.110892564920447, 4.933591679496794, 3.863417679982324, 4.407587514729571, 3.889219955209528, 4.970006641846669, 6.20897338696181, 7.371388156921327, 6.409539631674026, 2.683590769845507, 1.780727003220876, 0.0, 1.8088111731189631, 2.645234613413336, 10.214323981546698, 10.110943651806195, 10.679871237519674, 9.386209003639328, 8.863988969420031, 7.1548702252381915, 7.507763915441135, 6.048593538170671, 6.540024178854387, 4.734090352961169, 4.819018930238809, 6.528358250739615, 8.309812749996237, 7.398480823114974, 7.533759463242771, 7.461316155344176, 5.857567691456925, 6.376059742505555, 2.4236828794213157, 2.3981656093773003, 2.424742175984903], [10.794433933282466, 9.572353464535249, 9.663437869619694, 8.50670231876019, 7.189175707965413, 6.20840085690349, 4.950807514941376, 5.073213173128051, 4.142239657479996, 4.804227781860473, 6.19321826355248, 7.053221920512638, 6.529098065583025, 2.8454107576938688, 2.752758242199994, 1.8088111731189631, 0.0, 3.975540307932998, 10.979019505402109, 10.853992892479706, 11.641117734564839, 10.580961163334832, 9.860897819671392, 8.491743804425568, 8.845101505918402, 6.977408018025031, 7.464342115685748, 6.170904994407222, 4.367603531686455, 6.729192222696569, 8.084875124576755, 6.86510707928143, 7.1342701806141315, 7.623695162452392, 6.252893765289795, 6.278818027304183, 1.093691172132243, 1.0935219567983079, 1.09350068129837], [7.525725107921495, 6.173437547266515, 5.971371314865623, 4.660187406102892, 3.505869903461907, 2.293941599082243, 1.3210704333986134, 2.3385784870301016, 2.657831744110225, 4.043300065540524, 4.9139027625707055, 6.301199079540337, 5.225146808463855, 2.3609536081846247, 1.3276215650553436, 2.645234613413336, 3.975540307932998, 0.0, 7.769172625189892, 7.844001953722347, 8.221327813072532, 6.796340125391018, 6.252497204317648, 4.679582103136989, 4.900892744184471, 3.621509037680287, 3.9797321995330286, 2.2647360177292186, 4.437801551444138, 4.820641199052258, 7.063565336287334, 6.702921140070202, 6.453337865786976, 6.121492080367335, 4.525300067398846, 5.639754852828268, 4.072642829907872, 4.868324127459058, 4.298403594359189], [1.0942620892638109, 2.075363744021756, 2.6322354871857496, 4.032381745321244, 4.41692936099277, 5.868017823762979, 6.643732921332704, 6.5018841284661475, 7.585178643908132, 7.89415323514815, 7.514429561849655, 8.047850147710257, 8.425939404600534, 8.627188495680386, 8.643276005080482, 10.214323981546698, 10.979019505402109, 7.769172625189892, 0.0, 1.77696465074576, 1.7947376772107955, 2.9979013759628583, 2.406392812904826, 4.562999594564961, 4.719880741078105, 4.194196727622585, 4.244486769916946, 6.307502931430156, 8.900241804018586, 6.453293045414875, 8.025036823591527, 9.118035152926314, 7.644964887427541, 8.433956241883164, 8.303441242039352, 9.461839706949172, 10.46276786992811, 11.957941487145685, 11.212225387495563], [1.0933121100582397, 2.048352230452566, 3.2922991799045236, 4.45352374755092, 4.816060957878336, 6.174397430519031, 6.914483444191619, 6.954698984859085, 7.967115184933628, 8.406720445572102, 8.316291520263103, 8.8742865769593, 9.367698793193556, 8.830594580774276, 8.713476246022594, 10.110943651806195, 10.853992892479706, 7.844001953722347, 1.77696465074576, 0.0, 1.7769648055040372, 3.597460144324048, 3.6018979802320885, 4.591276941113442, 5.365944347456466, 4.263253787894875, 4.991745843890693, 6.3800352083668, 9.37150478525194, 7.334076335844889, 9.033520541295074, 9.886547485345934, 8.339788415781303, 9.549280177060467, 9.21530775340683, 10.340176674022548, 10.248078241797337, 11.74894753584337, 11.24458628718727], [1.0942157968152353, 2.075590600287061, 2.632523354122428, 4.027205295238871, 4.895477883720853, 6.2276899625784194, 7.236341358725416, 7.405883297082125, 8.579106909812932, 9.112914785621557, 8.869600061445839, 9.572866294375997, 9.694082741549096, 9.480316031124701, 9.255731152642669, 10.679871237519674, 11.641117734564839, 8.221327813072532, 1.7947376772107955, 1.7769648055040372, 0.0, 2.4037778204318307, 2.99605983585108, 4.195518155126969, 4.685083484848483, 4.710522648284371, 5.064583525819275, 6.415530763701472, 10.107092544347262, 7.8215648984074795, 9.618073695392441, 10.624069488665821, 9.208767099889105, 9.766620065304068, 9.412189676690542, 10.731065084603673, 11.170295076227845, 12.55449939583415, 11.997735590101993], [2.6071482313056156, 2.06596952784885, 1.0960626168244219, 2.1513938644516024, 3.4705638302731154, 4.576119362516673, 5.809204319870322, 6.177409181849621, 7.476566988932822, 8.198391899634952, 7.926442615700943, 8.92302159697039, 8.442093361838639, 8.33208991910193, 7.968028644526825, 9.386209003639328, 10.580961163334832, 6.796340125391018, 2.9979013759628583, 3.597460144324048, 2.4037778204318307, 0.0, 1.7816056606331265, 2.4877137817683126, 2.4487733031050465, 3.8003313921288497, 3.71961084792482, 4.769772310079381, 9.164844991051403, 6.9104465289878325, 8.982971528397494, 9.934513967477221, 8.816087250589119, 8.525823588956085, 7.944194956066976, 9.48128007496878, 10.317661753517607, 11.503613165001681, 10.875689917425928], [2.609783134668473, 2.071638274409893, 1.09614445672092, 2.1643454738095764, 2.76648880171238, 4.0822260116265, 5.063717770571342, 5.072877389608387, 6.326297181606315, 6.834135938800165, 6.38954535863077, 7.279107833381781, 6.9626827861105385, 7.360841698474435, 7.259771099008563, 8.863988969420031, 9.860897819671392, 6.252497204317648, 2.406392812904826, 3.6018979802320885, 2.99605983585108, 1.7816056606331265, 0.0, 3.067882365736992, 2.5136469203131933, 3.151088100958144, 2.5052252653204663, 4.630339467036948, 7.829552634729523, 5.328522389931377, 7.2672003914850185, 8.320490913401684, 7.184241076133233, 6.972155567684933, 6.605304151210601, 8.03016917443213, 9.561067812226835, 10.862061832819771, 10.015936666632832], [3.974754415055099, 2.64455318154126, 2.1546137055166064, 1.09738985779895, 2.152590931877211, 2.689474840930846, 3.9850845273343953, 4.776868528649287, 6.019389874397571, 7.051751457616753, 7.174727739782187, 8.404262790988868, 7.66651350419472, 6.575672718437255, 5.939106796480427, 7.1548702252381915, 8.491743804425568, 4.679582103136989, 4.562999594564961, 4.591276941113442, 4.195518155126969, 2.4877137817683126, 3.067882365736992, 0.0, 1.7665564497066037, 2.47593658440599, 3.0537814165391737, 2.497631648181933, 7.909055853260869, 6.35165936193055, 8.738809151137243, 9.2739404187217, 8.342632096047385, 8.0466566007