{"total energy": -55.89795153, "HOMO-LUMO gap/eV": 3.63471146, "electronic energy": -56.52309045, "dipole": [0.07114169, 0.0260006, 0.28978593], "partial charges": [-0.10316766, -0.05320621, -0.05843275, 0.00677733, -0.12043538, 0.22285666, -0.42806212, -0.11970572, 0.00611869, -0.05928004, -0.05209323, -0.1024979, -0.11616585, 0.00502058, -0.05853977, -0.05482696, -0.10252454, 0.03847616, 0.03739752, 0.03489533, 0.03582117, 0.03960901, 0.04546241, 0.0487312, 0.06152356, 0.05561562, 0.0608589, 0.05140754, 0.04898384, 0.04847013, 0.03461127, 0.03523394, 0.03787399, 0.03772172, 0.03882161, 0.05993225, 0.05222789, 0.04742954, 0.0487142, 0.0359375, 0.04411875, 0.03808758, 0.03408382, 0.03611841], "atomic dipole moments": [[0.10591117, -0.02818028, -0.00147466], [-0.07278064, -0.07474529, -0.06242725], [-0.07300081, -0.03422423, 0.10728412], [0.07856287, -0.07083189, -0.13406053], [-0.31739924, -0.01185241, 0.43728745], [-0.04212019, -0.01691382, -0.2589427], [-0.01869364, -0.00568685, -0.10095415], [0.23837269, 0.37543894, 0.31577688], [-0.1228594, -0.05870583, -0.09492569], [0.02861897, 0.10694819, 0.07555051], [-0.0650228, -0.07461903, -0.071117], [-0.05251122, 0.09347674, 0.03301532], [0.30682897, -0.31346153, 0.35123626], [-0.01628094, 0.10822224, -0.13095217], [0.10109915, -0.02908699, -0.06855448], [-0.0596786, 0.0366022, 0.10297759], [0.10781776, 0.01354468, 0.00045442], [-0.04874738, 0.01524857, -0.11614003], [-0.01537977, 0.10853707, 0.06094426], [-0.06938608, -0.08592121, 0.06240423], [0.04236815, -0.01193906, 0.11672905], [0.06131854, 0.09631729, -0.04510707], [0.12426061, -0.00803472, -0.00764458], [-0.03868731, 0.01887983, -0.1194583], [0.04050457, -0.02215723, 0.11971497], [-0.1281182, 0.00102534, -0.00252888], [-0.010455, 0.00538975, 0.12740892], [0.06089617, 0.10443504, -0.04158302], [0.00352141, -0.00571461, -0.12669613], [-0.06460712, -0.10228424, 0.03811358], [0.06787015, 0.09707189, -0.03708501], [0.0009437, 0.00273622, 0.12411795], [0.00945463, -0.0064192, -0.12610412], [-0.05973876, -0.10394331, 0.04061036], [0.11679691, -0.00291805, 0.04679592], [0.03274538, 0.03963431, 0.11466529], [0.05792784, -0.11272471, -0.0203587], [-0.04144355, -0.06811902, 0.09507282], [-0.05583405, 0.11334082, 0.0188969], [0.051339, -0.11185069, -0.01855775], [0.02754605, 0.06873504, -0.10306875], [-0.03740251, -0.05287692, -0.10791524], [-0.03731734, -0.07518225, 0.09349551], [-0.06041914, 0.11064563, 0.01127267]], "atomic quadrupole moments": [[0.21643668, -0.07850359, -0.08975935, -0.00589479, 0.01163588, -0.12667733], [0.0984612, -0.11849789, 0.01815754, -0.04413796, 0.15989131, -0.11661875], [-0.15182415, 0.06512117, 0.22306389, -0.10685313, 0.03389356, -0.07123974], [-0.22011377, -0.0539397, 0.27777412, -0.17964753, 0.19586992, -0.05766035], [-0.29439359, 0.17959356, 0.40265304, -0.39151232, 0.0136618, -0.10825945], [0.57851561, -0.02507198, 0.64802946, -0.354677, -0.10477148, -1.22654507], [-0.03139052, 0.00094152, -0.03451895, 0.01878851, 0.00552133, 0.06590947], [0.18241688, -0.2646987, 0.18490261, 0.19992529, 0.32489748, -0.36731949], [0.31038771, -0.11795872, -0.10298968, 0.20295029, 0.08772886, -0.20739803], [0.13350611, -0.15693128, 0.0342241, 0.0715596, 0.10808808, -0.16773021], [0.14482247, -0.13750424, 0.01080334, 0.07939861, 0.0900963, -0.15562581], [-0.0340672, -0.14449204, 0.13033911, -0.04347506, 0.09428124, -0.09627191], [0.44482019, 0.06503206, -0.22781962, -0.00353692, -0.40183078, -0.21700057], [0.04810504, 0.15498829, -0.03030679, -0.11217336, -0.29089685, -0.01779825], [0.17512438, 0.07064777, -0.18363288, 0.08851268, 0.10272419, 0.0085085], [0.15106512, 0.08069484, -0.1745294, 0.0756901, 0.13343532, 0.02346428], [0.2368863, 0.04645865, -0.12356124, -0.00067984, 0.00515377, -0.11332506], [-0.02037528, -0.00507748, -0.05183537, 0.02857892, -0.00843007, 0.07221065], [-0.02633006, -0.00518972, 0.04858678, -0.0035906, 0.05855336, -0.02225671], [-0.00757965, 0.03455399, 0.03109419, -0.02139574, -0.04969214, -0.02351453], [-0.01729998, -0.02010299, -0.03054472, 0.01594035, -0.01788483, 0.0478447], [-0.00421871, 0.01715488, 0.02595289, -0.03296957, -0.02881221, -0.02173418], [0.05050867, -0.01172595, -0.00492038, 0.0037524, 0.00316274, -0.04558828], [-0.02049024, 0.00105215, -0.01004029, 0.03982039, -0.00883113, 0.03053053], [-0.02793629, -0.0098347, -0.00637244, 0.02562692, 0.00851472, 0.03430873], [0.03956305, -0.01618165, -0.00562364, 0.00289155, 0.01597356, -0.03393941], [-0.00241734, -0.00776322, -0.03905427, 0.00544415, -0.00640495, 0.04147161], [0.01593927, 0.02306509, 0.00907205, -0.00540928, -0.02815321, -0.02501133], [-0.02009068, -0.00933552, -0.03023951, -0.00665054, -0.00721416, 0.05033018], [0.0012467, 0.02426802, 0.0195805, -0.01812926, -0.02874356, -0.0208272], [-0.00246791, 0.02461508, 0.02510323, -0.01817094, -0.03088064, -0.02263532], [-0.02243056, -0.00970355, -0.03194654, -0.01018832, -0.00456931, 0.05437709], [-0.0492891, -0.00853941, -0.03033973, -0.0014941, -0.00472737, 0.07962883], [-0.00394401, 0.045966, 0.03310304, -0.03350826, -0.02713509, -0.02915903], [0.06112429, -0.00106714, -0.03341662, 0.04719156, 0.01167063, -0.02770767], [-0.02478085, 0.02920705, -0.01707562, -0.00016455, 0.00918037, 0.04185646], [-0.01633067, -0.01248971, 0.03995864, -0.02758822, 0.00454214, -0.02362797], [-0.02461019, 0.02560797, 0.00247328, -0.00365313, -0.0414037, 0.0221369], [-0.01389099, -0.02492295, 0.04487402, 0.0113613, 0.00323617, -0.03098303], [-0.00702606, -0.03141709, 0.04092911, 0.00848624, 0.00397728, -0.03390305], [-0.0156665, 0.02197192, 0.0056168, -0.00754355, -0.03955922, 0.01004969], [-0.02153126, 0.01400088, -0.03035387, 0.02149142, 0.04962941, 0.05188513], [-0.02345485, 0.01153515, -0.00544577, -0.01690952, -0.06275101, 0.02890062], [-0.01265679, -0.03693581, 0.06341671, -0.00789714, 0.01157574, -0.05075992]], "number of molecular orbitals": 115, "number of electrons": 104, "number of unpaired electrons": 0, "orbital energies/eV": [-19.82629416, -19.81647379, -19.79539177, -18.66738105, -17.42282099, -17.40475003, -17.36022933, -16.86735193, -16.77440291, -16.73937406, -16.46854751, -16.09106039, -15.92338554, -15.89814553, -15.49898489, -15.40498914, -15.38194708, -14.58229495, -14.48308198, -14.43629617, -14.256505, -14.22453957, -14.10928885, -13.9639157, -13.8587789, -13.79670553, -13.68677693, -13.63947489, -13.49438943, -13.46884592, -13.28416999, -13.18283776, -12.97795311, -12.90879802, -12.72806673, -12.69318727, -12.53016811, -12.4265547, -12.39748615, -12.32730765, -12.10190725, -12.08697804, -12.06670462, -12.01735423, -11.92130459, -11.85284641, -11.74230915, -11.42027384, -11.41148318, -10.56143347, -10.55435482, -10.53009974, -6.89538828, -6.06940566, -6.05741753, -5.44097817, -4.29348749, -4.28483597, -2.29988044, -0.91950495, -0.9117176, -0.65704534, -0.64894687, -0.56940582, -0.07812237, -0.06800374, -0.0417283, 1.75206044, 2.08781866, 2.19027402, 2.33870423, 2.50928641, 2.55599182, 2.79451739, 2.88108047, 3.0237079, 3.20457991, 3.29980675, 3.40793534, 3.52790567, 3.6801881, 3.76611614, 3.84389439, 3.92456503, 4.1578484, 4.19070682, 4.3941444, 4.50836571, 4.68929403, 4.86597763, 4.9891315, 5.256459, 5.37644552, 5.61838118, 5.74400879, 6.01422117, 6.08463096, 6.15789219, 6.39828962, 6.72994568, 6.77108224, 6.79141906, 7.16199632, 7.39721276, 7.6394248, 7.72032228, 7.95811474, 8.43156208, 8.68445667, 11.70165187, 11.70839421, 12.30494095, 25.43643054, 25.45504319, 31.74442458], "fractional occupation": [2.0, 2.0, 2.0, 2.0, 2.0, 2.0, 2.0, 2.0, 2.0, 2.0, 2.0, 2.0, 2.0, 2.0, 2.0, 2.0, 2.0, 2.0, 2.0, 2.0, 2.0, 2.0, 2.0, 2.0, 2.0, 2.0, 2.0, 2.0, 2.0, 2.0, 2.0, 2.0, 2.0, 2.0, 2.0, 2.0, 2.0, 2.0, 2.0, 2.0, 2.0, 2.0, 2.0, 2.0, 2.0, 2.0, 2.0, 2.0, 2.0, 2.0, 2.0, 2.0, 0.0, 0.0, 0.0, 0.0, 0.0, 0.0, 0.0, 0.0, 0.0, 0.0, 0.0, 0.0, 0.0, 0.0, 0.0, 0.0, 0.0, 0.0, 0.0, 0.0, 0.0, 0.0, 0.0, 0.0, 0.0, 0.0, 0.0, 0.0, 0.0, 0.0, 0.0, 0.0, 0.0, 0.0, 0.0, 0.0, 0.0, 0.0, 0.0, 0.0, 0.0, 0.0, 0.0, 0.0, 0.0, 0.0, 0.0, 0.0, 0.0, 0.0, 0.0, 0.0, 0.0, 0.0, 0.0, 0.0, 0.0, 0.0, 0.0, 0.0, 0.0, 0.0, 0.0], "program call": "xtb /home/svss/Project-DBcg-Debug/aqme2_20220329/End-to-End-workflows-final/example-3/QDESCP/mol_760_rdkit_conf_10/mol_760_rdkit_conf_10.xyz --pop --wbo --acc 0.2 --gfn 2 --chrg 0 --uhf 0 --etemp 300 --input /home/svss/Project-DBcg-Debug/aqme2_20220329/End-to-End-workflows-final/example-3/QDESCP/mol_760_rdkit_conf_10/mol_760_rdkit_conf_10_xtb.inp", "method": "GFN2-xTB", "xtb version": "6.3.3 (7355c4f)", "Dipole module/D": 0.761, "Total charge": 0, "Transition dipole module/D": NaN, "HOMO": -10.5301, "LUMO": -6.8954, "HOMO occupancy": 2.0, "LUMO occupancy": 0, "mulliken charges": [-0.08649, -0.03888, -0.04865, 0.03238, -0.08582, 0.32587, -0.48125, -0.08594, 0.03321, -0.04828, -0.03852, -0.0828, -0.0868, 0.03207, -0.04834, -0.04009, -0.08354, 0.02807, 0.03104, 0.02916, 0.02659, 0.02712, 0.03065, 0.02762, 0.04687, 0.033, 0.04677, 0.03232, 0.02745, 0.02992, 0.02416, 0.02621, 0.02804, 0.02872, 0.03087, 0.04777, 0.03363, 0.03164, 0.03069, 0.02349, 0.02487, 0.0301, 0.02708, 0.02802], "cm5 charges": [-0.23691, -0.1512, -0.15614, -0.05761, -0.08902, 0.25976, -0.49831, -0.08905, -0.05661, -0.15588, -0.15095, -0.23315, -0.09018, -0.05774, -0.15605, -0.15173, -0.23395, 0.07949, 0.08182, 0.08093, 0.0812, 0.08133, 0.08605, 0.08324, 0.10558, 0.09166, 0.10539, 0.0903, 0.08323, 0.08572, 0.07888, 0.08093, 0.07932, 0.08001, 0.08165, 0.10592, 0.09161, 0.08664, 0.08624, 0.07833, 0.08067, 0.08088, 0.07837, 0.07932], "FUKUI+": [0.008, 0.005, 0.002, 0.029, -0.198, -0.144, -0.013, -0.197, 0.029, 0.002, 0.003, 0.007, -0.198, 0.029, 0.006, 0.003, 0.008, -0.007, -0.018, 0.002, -0.011, -0.02, -0.01, -0.01, -0.029, -0.023, -0.029, -0.023, -0.009, -0.011, -0.008, -0.01, -0.008, -0.009, -0.017, -0.028, -0.023, -0.029, -0.012, -0.006, 0.006, -0.014, -0.012, -0.009], "FUKUI-": [0.008, 0.005, 0.006, 0.022, -0.15, -0.054, -0.016, -0.145, 0.022, 0.006, 0.003, 0.008, -0.155, 0.024, 0.008, 0.002, 0.009, -0.014, -0.023, -0.012, -0.017, -0.032, -0.017, -0.015, -0.031, -0.026, -0.03, -0.024, -0.016, -0.017, -0.021, -0.022, -0.022, -0.022, -0.022, -0.036, -0.025, -0.031, -0.018, -0.017, -0.019, -0.025, -0.03, -0.02], "FUKUIrad": [0.008, 0.005, 0.004, 0.025, -0.174, -0.099, -0.014, -0.171, 0.026, 0.004, 0.003, 0.008, -0.176, 0.027, 0.007, 0.003, 0.008, -0.01, -0.021, -0.005, -0.014, -0.026, -0.013, -0.013, -0.03, -0.024, -0.029, -0.024, -0.013, -0.014, -0.015, -0.016, -0.015, -0.015, -0.019, -0.032, -0.024, -0.03, -0.015, -0.012, -0.006, -0.02, -0.021, -0.014], "s proportion": [1.008, 1.028, 1.034, 1.039, 1.911, 1.553, 1.691, 1.911, 1.039, 1.034, 1.028, 1.008, 1.911, 1.039, 1.035, 1.027, 1.008, 0.972, 0.969, 0.971, 0.973, 0.973, 0.969, 0.972, 0.953, 0.967, 0.953, 0.968, 0.973, 0.97, 0.976, 0.974, 0.972, 0.971, 0.969, 0.952, 0.966, 0.968, 0.969, 0.977, 0.975, 0.97, 0.973, 0.972], "p proportion": [3.079, 3.011, 3.015, 2.929, 4.181, 2.126, 4.79, 4.181, 2.927, 3.014, 3.01, 3.075, 4.182, 2.929, 3.014, 3.013, 3.076, 0.0, 0.0, 0.0, 0.0, 0.0, 0.0, 0.0, 0.0, 0.0, 0.0, 0.0, 0.0, 0.0, 0.0, 0.0, 0.0, 0.0, 0.0, 0.0, 0.0, 0.0, 0.0, 0.0, 0.0, 0.0, 0.0, 0.0], "d proportion": [0.0, 0.0, 0.0, 0.0, -0.006, 0.995, 0.0, -0.006, 0.0, 0.0, 0.0, 0.0, -0.006, 0.0, 0.0, 0.0, 0.0, 0.0, 0.0, 0.0, 0.0, 0.0, 0.0, 0.0, 0.0, 0.0, 0.0, 0.0, 0.0, 0.0, 0.0, 0.0, 0.0, 0.0, 0.0, 0.0, 0.0, 0.0, 0.0, 0.0, 0.0, 0.0, 0.0, 0.0], "Fermi-level/eV": -8.7127, "Coordination numbers": [3.749, 3.799, 3.839, 3.799, 1.938, 3.587, 0.809, 1.939, 3.8, 3.84, 3.801, 3.75, 1.925, 3.798, 3.826, 3.799, 3.75, 0.924, 0.924, 0.924, 0.924, 0.924, 0.924, 0.924, 0.924, 0.924, 0.924, 0.924, 0.924, 0.924, 0.924, 0.924, 0.924, 0.924, 0.924, 0.924, 0.924, 0.924, 0.924, 0.924, 0.924, 0.924, 0.924, 0.924], "Dispersion coefficient C6": [22.536, 21.531, 21.596, 20.467, 146.1, 150.71, 22.273, 146.069, 20.477, 21.61, 21.509, 22.521, 145.916, 20.498, 21.606, 21.561, 22.522, 2.469, 2.484, 2.518, 2.505, 2.454, 2.378, 2.336, 2.181, 2.251, 2.189, 2.302, 2.333, 2.339, 2.522, 2.513, 2.477, 2.48, 2.465, 2.2, 2.292, 2.352, 2.336, 2.504, 2.395, 2.475, 2.529, 2.501], "Total dispersion C6": 22566.982641, "Total dispersion C8": 652955.321197, "Polarizability alpha": [6.771, 6.607, 6.611, 6.441, 20.344, 22.053, 6.326, 20.342, 6.443, 6.613, 6.603, 6.768, 20.331, 6.446, 6.614, 6.611, 6.768, 2.457, 2.465, 2.482, 2.475, 2.45, 2.411, 2.39, 2.31, 2.346, 2.314, 2.373, 2.389, 2.392, 2.484, 2.479, 2.461, 2.462, 2.455, 2.319, 2.368, 2.399, 2.39, 2.475, 2.42, 2.46, 2.487, 2.473], "Total polarizability alpha": 234.079174, "Wiberg matrix": [[0.0, 1.0214169841385814, 0.0, 0.0, 0.0, 0.0, 0.0, 0.0, 0.0, 0.0, 0.0, 0.0, 0.0, 0.0, 0.0, 0.0, 0.0, 0.9869303785676957, 0.9864856958497814, 0.9860968261191978, 0.0, 0.0, 0.0, 0.0, 0.0, 0.0, 0.0, 0.0, 0.0, 0.0, 0.0, 0.0, 0.0, 0.0, 0.0, 0.0, 0.0, 0.0, 0.0, 0.0, 0.0, 0.0, 0.0, 0.0], [1.0214169841385814, 0.0, 0.9995211075351812, 0.0, 0.0, 0.0, 0.0, 0.0, 0.0, 0.0, 0.0, 0.0, 0.0, 0.0, 0.0, 0.0, 0.0, 0.0, 0.0, 0.0, 0.9772647635353402, 0.9757292293060701, 0.0, 0.0, 0.0, 0.0, 0.0, 0.0, 0.0, 0.0, 0.0, 0.0, 0.0, 0.0, 0.0, 0.0, 0.0, 0.0, 0.0, 0.0, 0.0, 0.0, 0.0, 0.0], [0.0, 0.9995211075351812, 0.0, 1.007433690760718, 0.0, 0.0, 0.0, 0.0, 0.0, 0.0, 0.0, 0.0, 0.0, 0.0, 0.0, 0.0, 0.0, 0.0, 0.0, 0.0, 0.0, 0.0, 0.9753828601926839, 0.9754935071399604, 0.0, 0.0, 0.0, 0.0, 0.0, 0.0, 0.0, 0.0, 0.0, 0.0, 0.0, 0.0, 0.0, 0.0, 0.0, 0.0, 0.0, 0.0, 0.0, 0.0], [0.0, 0.0, 1.007433690760718, 0.0, 0.9531347386507107, 0.0, 0.0, 0.0, 0.0, 0.0, 0.0, 0.0, 0.0, 0.0, 0.0, 0.0, 0.0, 0.0, 0.0, 0.0, 0.0, 0.0, 0.0, 0.0, 0.9722929873059756, 0.9710978432117433, 0.0, 0.0, 0.0, 0.0, 0.0, 0.0, 0.0, 0.0, 0.0, 0.0, 0.0, 0.0, 0.0, 0.0, 0.0, 0.0, 0.0, 0.0], [0.0, 0.0, 0.0, 0.9531347386507107, 0.0, 1.0407351532815114, 0.0, 0.0, 0.0, 0.0, 0.0, 0.0, 0.0, 0.0, 0.0, 0.0, 0.0, 0.0, 0.0, 0.0, 0.0, 0.0, 0.0, 0.0, 0.0, 0.0, 0.0, 0.0, 0.0, 0.0, 0.0, 0.0, 0.0, 0.0, 0.0, 0.0, 0.0, 0.0, 0.0, 0.0, 0.0, 0.0, 0.0, 0.0], [0.0, 0.0, 0.0, 0.0, 1.0407351532815114, 0.0, 1.9322626481812397, 1.0393760695819163, 0.0, 0.0, 0.0, 0.0, 1.0407482950124232, 0.0, 0.0, 0.0, 0.0, 0.0, 0.0, 0.0, 0.0, 0.0, 0.0, 0.0, 0.0, 0.0, 0.0, 0.0, 0.0, 0.0, 0.0, 0.0, 0.0, 0.0, 0.0, 0.0, 0.0, 0.0, 0.0, 0.0, 0.0, 0.0, 0.0, 0.0], [0.0, 0.0, 0.0, 0.0, 0.0, 1.9322626481812397, 0.0, 0.0, 0.0, 0.0, 0.0, 0.0, 0.0, 0.0, 0.0, 0.0, 0.0, 0.0, 0.0, 0.0, 0.0, 0.0, 0.0, 0.0, 0.0, 0.0, 0.0, 0.0, 0.0, 0.0, 0.0, 0.0, 0.0, 0.0, 0.0, 0.0, 0.0, 0.0, 0.0, 0.0, 0.0, 0.0, 0.0, 0.0], [0.0, 0.0, 0.0, 0.0, 0.0, 1.0393760695819163, 0.0, 0.0, 0.9538814033102914, 0.0, 0.0, 0.0, 0.0, 0.0, 0.0, 0.0, 0.0, 0.0, 0.0, 0.0, 0.0, 0.0, 0.0, 0.0, 0.0, 0.0, 0.0, 0.0, 0.0, 0.0, 0.0, 0.0, 0.0, 0.0, 0.0, 0.0, 0.0, 0.0, 0.0, 0.0, 0.0, 0.0, 0.0, 0.0], [0.0, 0.0, 0.0, 0.0, 0.0, 0.0, 0.0, 0.9538814033102914, 0.0, 1.0067256058253542, 0.0, 0.0, 0.0, 0.0, 0.0, 0.0, 0.0, 0.0, 0.0, 0.0, 0.0, 0.0, 0.0, 0.0, 0.0, 0.0, 0.9725534539265334, 0.9728987140092922, 0.0, 0.0, 0.0, 0.0, 0.0, 0.0, 0.0, 0.0, 0.0, 0.0, 0.0, 0.0, 0.0, 0.0, 0.0, 0.0], [0.0, 0.0, 0.0, 0.0, 0.0, 0.0, 0.0, 0.0, 1.0067256058253542, 0.0, 0.9998552728172838, 0.0, 0.0, 0.0, 0.0, 0.0, 0.0, 0.0, 0.0, 0.0, 0.0, 0.0, 0.0, 0.0, 0.0, 0.0, 0.0, 0.0, 0.9753979476335141, 0.9753203711547332, 0.0, 0.0, 0.0, 0.0, 0.0, 0.0, 0.0, 0.0, 0.0, 0.0, 0.0, 0.0, 0.0, 0.0], [0.0, 0.0, 0.0, 0.0, 0.0, 0.0, 0.0, 0.0, 0.0, 0.9998552728172838, 0.0, 1.0191137294314725, 0.0, 0.0, 0.0, 0.0, 0.0, 0.0, 0.0, 0.0, 0.0, 0.0, 0.0, 0.0, 0.0, 0.0, 0.0, 0.0, 0.0, 0.0, 0.9775318465087897, 0.977525078237271, 0.0, 0.0, 0.0, 0.0, 0.0, 0.0, 0.0, 0.0, 0.0, 0.0, 0.0, 0.0], [0.0, 0.0, 0.0, 0.0, 0.0, 0.0, 0.0, 0.0, 0.0, 0.0, 1.0191137294314725, 0.0, 0.0, 0.0, 0.0, 0.0, 0.0, 0.0, 0.0, 0.0, 0.0, 0.0, 0.0, 0.0, 0.0, 0.0, 0.0, 0.0, 0.0, 0.0, 0.0, 0.0, 0.9872655035117006, 0.9872845979911348, 0.9862460527084392, 0.0, 0.0, 0.0, 0.0, 0.0, 0.0, 0.0, 0.0, 0.0], [0.0, 0.0, 0.0, 0.0, 0.0, 1.0407482950124232, 0.0, 0.0, 0.0, 0.0, 0.0, 0.0, 0.0, 0.9524947038904046, 0.0, 0.0, 0.0, 0.0, 0.0, 0.0, 0.0, 0.0, 0.0, 0.0, 0.0, 0.0, 0.0, 0.0, 0.0, 0.0, 0.0, 0.0, 0.0, 0.0, 0.0, 0.0, 0.0, 0.0, 0.0, 0.0, 0.0, 0.0, 0.0, 0.0], [0.0, 0.0, 0.0, 0.0, 0.0, 0.0, 0.0, 0.0, 0.0, 0.0, 0.0, 0.0, 0.9524947038904046, 0.0, 1.0078377296542869, 0.0, 0.0, 0.0, 0.0, 0.0, 0.0, 0.0, 0.0, 0.0, 0.0, 0.0, 0.0, 0.0, 0.0, 0.0, 0.0, 0.0, 0.0, 0.0, 0.0, 0.9730212471547982, 0.9722685774582153, 0.0, 0.0, 0.0, 0.0, 0.0, 0.0, 0.0], [0.0, 0.0, 0.0, 0.0, 0.0, 0.0, 0.0, 0.0, 0.0, 0.0, 0.0, 0.0, 0.0, 1.0078377296542869, 0.0, 1.0081599238914198, 0.0, 0.0, 0.0, 0.0, 0.0, 0.0, 0.0, 0.0, 0.0, 0.0, 0.0, 0.0, 0.0, 0.0, 0.0, 0.0, 0.0, 0.0, 0.0, 0.0, 0.0, 0.9664096043367633, 0.9746796265615296, 0.0, 0.0, 0.0, 0.0, 0.0], [0.0, 0.0, 0.0, 0.0, 0.0, 0.0, 0.0, 0.0, 0.0, 0.0, 0.0, 0.0, 0.0, 0.0, 1.0081599238914198, 0.0, 1.019871918155007, 0.0, 0.0, 0.0, 0.0, 0.0, 0.0, 0.0, 0.0, 0.0, 0.0, 0.0, 0.0, 0.0, 0.0, 0.0, 0.0, 0.0, 0.0, 0.0, 0.0, 0.0, 0.0, 0.9773361885897646, 0.9760856373719852, 0.0, 0.0, 0.0], [0.0, 0.0, 0.0, 0.0, 0.0, 0.0, 0.0, 0.0, 0.0, 0.0, 0.0, 0.0, 0.0, 0.0, 0.0, 1.019871918155007, 0.0, 0.0, 0.0, 0.0, 0.0, 0.0, 0.0, 0.0, 0.0, 0.0, 0.0, 0.0, 0.0, 0.0, 0.0, 0.0, 0.0, 0.0, 0.0, 0.0, 0.0, 0.0, 0.0, 0.0, 0.0, 0.9868683633819918, 0.9873457528245222, 0.9875108045496649], [0.9869303785676957, 0.0, 0.0, 0.0, 0.0, 0.0, 0.0, 0.0, 0.0, 0.0, 0.0, 0.0, 0.0, 0.0, 0.0, 0.0, 0.0, 0.0, 0.0, 0.0, 0.0, 0.0, 0.0, 0.0, 0.0, 0.0, 0.0, 0.0, 0.0, 0.0, 0.0, 0.0, 0.0, 0.0, 0.0, 0.0, 0.0, 0.0, 0.0, 0.0, 0.0, 0.0, 0.0, 0.0], [0.9864856958497814, 0.0, 0.0, 0.0, 0.0, 0.0, 0.0, 0.0, 0.0, 0.0, 0.0, 0.0, 0.0, 0.0, 0.0, 0.0, 0.0, 0.0, 0.0, 0.0, 0.0, 0.0, 0.0, 0.0, 0.0, 0.0, 0.0, 0.0, 0.0, 0.0, 0.0, 0.0, 0.0, 0.0, 0.0, 0.0, 0.0, 0.0, 0.0, 0.0, 0.0, 0.0, 0.0, 0.0], [0.9860968261191978, 0.0, 0.0, 0.0, 0.0, 0.0, 0.0, 0.0, 0.0, 0.0, 0.0, 0.0, 0.0, 0.0, 0.0, 0.0, 0.0, 0.0, 0.0, 0.0, 0.0, 0.0, 0.0, 0.0, 0.0, 0.0, 0.0, 0.0, 0.0, 0.0, 0.0, 0.0, 0.0, 0.0, 0.0, 0.0, 0.0, 0.0, 0.0, 0.0, 0.0, 0.0, 0.0, 0.0], [0.0, 0.9772647635353402, 0.0, 0.0, 0.0, 0.0, 0.0, 0.0, 0.0, 0.0, 0.0, 0.0, 0.0, 0.0, 0.0, 0.0, 0.0, 0.0, 0.0, 0.0, 0.0, 0.0, 0.0, 0.0, 0.0, 0.0, 0.0, 0.0, 0.0, 0.0, 0.0, 0.0, 0.0, 0.0, 0.0, 0.0, 0.0, 0.0, 0.0, 0.0, 0.0, 0.0, 0.0, 0.0], [0.0, 0.9757292293060701, 0.0, 0.0, 0.0, 0.0, 0.0, 0.0, 0.0, 0.0, 0.0, 0.0, 0.0, 0.0, 0.0, 0.0, 0.0, 0.0, 0.0, 0.0, 0.0, 0.0, 0.0, 0.0, 0.0, 0.0, 0.0, 0.0, 0.0, 0.0, 0.0, 0.0, 0.0, 0.0, 0.0, 0.0, 0.0, 0.0, 0.0, 0.0, 0.0, 0.0, 0.0, 0.0], [0.0, 0.0, 0.9753828601926839, 0.0, 0.0, 0.0, 0.0, 0.0, 0.0, 0.0, 0.0, 0.0, 0.0, 0.0, 0.0, 0.0, 0.0, 0.0, 0.0, 0.0, 0.0, 0.0, 0.0, 0.0, 0.0, 0.0, 0.0, 0.0, 0.0, 0.0, 0.0, 0.0, 0.0, 0.0, 0.0, 0.0, 0.0, 0.0, 0.0, 0.0, 0.0, 0.0, 0.0, 0.0], [0.0, 0.0, 0.9754935071399604, 0.0, 0.0, 0.0, 0.0, 0.0, 0.0, 0.0, 0.0, 0.0, 0.0, 0.0, 0.0, 0.0, 0.0, 0.0, 0.0, 0.0, 0.0, 0.0, 0.0, 0.0, 0.0, 0.0, 0.0, 0.0, 0.0, 0.0, 0.0, 0.0, 0.0, 0.0, 0.0, 0.0, 0.0, 0.0, 0.0, 0.0, 0.0, 0.0, 0.0, 0.0], [0.0, 0.0, 0.0, 0.9722929873059756, 0.0, 0.0, 0.0, 0.0, 0.0, 0.0, 0.0, 0.0, 0.0, 0.0, 0.0, 0.0, 0.0, 0.0, 0.0, 0.0, 0.0, 0.0, 0.0, 0.0, 0.0, 0.0, 0.0, 0.0, 0.0, 0.0, 0.0, 0.0, 0.0, 0.0, 0.0, 0.0, 0.0, 0.0, 0.0, 0.0, 0.0, 0.0, 0.0, 0.0], [0.0, 0.0, 0.0, 0.9710978432117433, 0.0, 0.0, 0.0, 0.0, 0.0, 0.0, 0.0, 0.0, 0.0, 0.0, 0.0, 0.0, 0.0, 0.0, 0.0, 0.0, 0.0, 0.0, 0.0, 0.0, 0.0, 0.0, 0.0, 0.0, 0.0, 0.0, 0.0, 0.0, 0.0, 0.0, 0.0, 0.0, 0.0, 0.0, 0.0, 0.0, 0.0, 0.0, 0.0, 0.0], [0.0, 0.0, 0.0, 0.0, 0.0, 0.0, 0.0, 0.0, 0.9725534539265334, 0.0, 0.0, 0.0, 0.0, 0.0, 0.0, 0.0, 0.0, 0.0, 0.0, 0.0, 0.0, 0.0, 0.0, 0.0, 0.0, 0.0, 0.0, 0.0, 0.0, 0.0, 0.0, 0.0, 0.0, 0.0, 0.0, 0.0, 0.0, 0.0, 0.0, 0.0, 0.0, 0.0, 0.0, 0.0], [0.0, 0.0, 0.0, 0.0, 0.0, 0.0, 0.0, 0.0, 0.9728987140092922, 0.0, 0.0, 0.0, 0.0, 0.0, 0.0, 0.0, 0.0, 0.0, 0.0, 0.0, 0.0, 0.0, 0.0, 0.0, 0.0, 0.0, 0.0, 0.0, 0.0, 0.0, 0.0, 0.0, 0.0, 0.0, 0.0, 0.0, 0.0, 0.0, 0.0, 0.0, 0.0, 0.0, 0.0, 0.0], [0.0, 0.0, 0.0, 0.0, 0.0, 0.0, 0.0, 0.0, 0.0, 0.9753979476335141, 0.0, 0.0, 0.0, 0.0, 0.0, 0.0, 0.0, 0.0, 0.0, 0.0, 0.0, 0.0, 0.0, 0.0, 0.0, 0.0, 0.0, 0.0, 0.0, 0.0, 0.0, 0.0, 0.0, 0.0, 0.0, 0.0, 0.0, 0.0, 0.0, 0.0, 0.0, 0.0, 0.0, 0.0], [0.0, 0.0, 0.0, 0.0, 0.0, 0.0, 0.0, 0.0, 0.0, 0.9753203711547332, 0.0, 0.0, 0.0, 0.0, 0.0, 0.0, 0.0, 0.0, 0.0, 0.0, 0.0, 0.0, 0.0, 0.0, 0.0, 0.0, 0.0, 0.0, 0.0, 0.0, 0.0, 0.0, 0.0, 0.0, 0.0, 0.0, 0.0, 0.0, 0.0, 0.0, 0.0, 0.0, 0.0, 0.0], [0.0, 0.0, 0.0, 0.0, 0.0, 0.0, 0.0, 0.0, 0.0, 0.0, 0.9775318465087897, 0.0, 0.0, 0.0, 0.0, 0.0, 0.0, 0.0, 0.0, 0.0, 0.0, 0.0, 0.0, 0.0, 0.0, 0.0, 0.0, 0.0, 0.0, 0.0, 0.0, 0.0, 0.0, 0.0, 0.0, 0.0, 0.0, 0.0, 0.0, 0.0, 0.0, 0.0, 0.0, 0.0], [0.0, 0.0, 0.0, 0.0, 0.0, 0.0, 0.0, 0.0, 0.0, 0.0, 0.977525078237271, 0.0, 0.0, 0.0, 0.0, 0.0, 0.0, 0.0, 0.0, 0.0, 0.0, 0.0, 0.0, 0.0, 0.0, 0.0, 0.0, 0.0, 0.0, 0.0, 0.0, 0.0, 0.0, 0.0, 0.0, 0.0, 0.0, 0.0, 0.0, 0.0, 0.0, 0.0, 0.0, 0.0], [0.0, 0.0, 0.0, 0.0, 0.0, 0.0, 0.0, 0.0, 0.0, 0.0, 0.0, 0.9872655035117006, 0.0, 0.0, 0.0, 0.0, 0.0, 0.0, 0.0, 0.0, 0.0, 0.0, 0.0, 0.0, 0.0, 0.0, 0.0, 0.0, 0.0, 0.0, 0.0, 0.0, 0.0, 0.0, 0.0, 0.0, 0.0, 0.0, 0.0, 0.0, 0.0, 0.0, 0.0, 0.0], [0.0, 0.0, 0.0, 0.0, 0.0, 0.0, 0.0, 0.0, 0.0, 0.0, 0.0, 0.9872845979911348, 0.0, 0.0, 0.0, 0.0, 0.0, 0.0, 0.0, 0.0, 0.0, 0.0, 0.0, 0.0, 0.0, 0.0, 0.0, 0.0, 0.0, 0.0, 0.0, 0.0, 0.0, 0.0, 0.0, 0.0, 0.0, 0.0, 0.0, 0.0, 0.0, 0.0, 0.0, 0.0], [0.0, 0.0, 0.0, 0.0, 0.0, 0.0, 0.0, 0.0, 0.0, 0.0, 0.0, 0.9862460527084392, 0.0, 0.0, 0.0, 0.0, 0.0, 0.0, 0.0, 0.0, 0.0, 0.0, 0.0, 0.0, 0.0, 0.0, 0.0, 0.0, 0.0, 0.0, 0.0, 0.0, 0.0, 0.0, 0.0, 0.0, 0.0, 0.0, 0.0, 0.0, 0.0, 0.0, 0.0, 0.0], [0.0, 0.0, 0.0, 0.0, 0.0, 0.0, 0.0, 0.0, 0.0, 0.0, 0.0, 0.0, 0.0, 0.9730212471547982, 0.0, 0.0, 0.0, 0.0, 0.0, 0.0, 0.0, 0.0, 0.0, 0.0, 0.0, 0.0, 0.0, 0.0, 0.0, 0.0, 0.0, 0.0, 0.0, 0.0, 0.0, 0.0, 0.0, 0.0, 0.0, 0.0, 0.0, 0.0, 0.0, 0.0], [0.0, 0.0, 0.0, 0.0, 0.0, 0.0, 0.0, 0.0, 0.0, 0.0, 0.0, 0.0, 0.0, 0.9722685774582153, 0.0, 0.0, 0.0, 0.0, 0.0, 0.0, 0.0, 0.0, 0.0, 0.0, 0.0, 0.0, 0.0, 0.0, 0.0, 0.0, 0.0, 0.0, 0.0, 0.0, 0.0, 0.0, 0.0, 0.0, 0.0, 0.0, 0.0, 0.0, 0.0, 0.0], [0.0, 0.0, 0.0, 0.0, 0.0, 0.0, 0.0, 0.0, 0.0, 0.0, 0.0, 0.0, 0.0, 0.0, 0.9664096043367633, 0.0, 0.0, 0.0, 0.0, 0.0, 0.0, 0.0, 0.0, 0.0, 0.0, 0.0, 0.0, 0.0, 0.0, 0.0, 0.0, 0.0, 0.0, 0.0, 0.0, 0.0, 0.0, 0.0, 0.0, 0.0, 0.0, 0.0, 0.0, 0.0], [0.0, 0.0, 0.0, 0.0, 0.0, 0.0, 0.0, 0.0, 0.0, 0.0, 0.0, 0.0, 0.0, 0.0, 0.9746796265615296, 0.0, 0.0, 0.0, 0.0, 0.0, 0.0, 0.0, 0.0, 0.0, 0.0, 0.0, 0.0, 0.0, 0.0, 0.0, 0.0, 0.0, 0.0, 0.0, 0.0, 0.0, 0.0, 0.0, 0.0, 0.0, 0.0, 0.0, 0.0, 0.0], [0.0, 0.0, 0.0, 0.0, 0.0, 0.0, 0.0, 0.0, 0.0, 0.0, 0.0, 0.0, 0.0, 0.0, 0.0, 0.9773361885897646, 0.0, 0.0, 0.0, 0.0, 0.0, 0.0, 0.0, 0.0, 0.0, 0.0, 0.0, 0.0, 0.0, 0.0, 0.0, 0.0, 0.0, 0.0, 0.0, 0.0, 0.0, 0.0, 0.0, 0.0, 0.0, 0.0, 0.0, 0.0], [0.0, 0.0, 0.0, 0.0, 0.0, 0.0, 0.0, 0.0, 0.0, 0.0, 0.0, 0.0, 0.0, 0.0, 0.0, 0.9760856373719852, 0.0, 0.0, 0.0, 0.0, 0.0, 0.0, 0.0, 0.0, 0.0, 0.0, 0.0, 0.0, 0.0, 0.0, 0.0, 0.0, 0.0, 0.0, 0.0, 0.0, 0.0, 0.0, 0.0, 0.0, 0.0, 0.0, 0.0, 0.0], [0.0, 0.0, 0.0, 0.0, 0.0, 0.0, 0.0, 0.0, 0.0, 0.0, 0.0, 0.0, 0.0, 0.0, 0.0, 0.0, 0.9868683633819918, 0.0, 0.0, 0.0, 0.0, 0.0, 0.0, 0.0, 0.0, 0.0, 0.0, 0.0, 0.0, 0.0, 0.0, 0.0, 0.0, 0.0, 0.0, 0.0, 0.0, 0.0, 0.0, 0.0, 0.0, 0.0, 0.0, 0.0], [0.0, 0.0, 0.0, 0.0, 0.0, 0.0, 0.0, 0.0, 0.0, 0.0, 0.0, 0.0, 0.0, 0.0, 0.0, 0.0, 0.9873457528245222, 0.0, 0.0, 0.0, 0.0, 0.0, 0.0, 0.0, 0.0, 0.0, 0.0, 0.0, 0.0, 0.0, 0.0, 0.0, 0.0, 0.0, 0.0, 0.0, 0.0, 0.0, 0.0, 0.0, 0.0, 0.0, 0.0, 0.0], [0.0, 0.0, 0.0, 0.0, 0.0, 0.0, 0.0, 0.0, 0.0, 0.0, 0.0, 0.0, 0.0, 0.0, 0.0, 0.0, 0.9875108045496649, 0.0, 0.0, 0.0, 0.0, 0.0, 0.0, 0.0, 0.0, 0.0, 0.0, 0.0, 0.0, 0.0, 0.0, 0.0, 0.0, 0.0, 0.0, 0.0, 0.0, 0.0, 0.0, 0.0, 0.0, 0.0, 0.0, 0.0]], "Born radii": [], "Atomic SASAs": [], "Solvent H bonds": [], "Total SASA": NaN, "Total FOD": 0.0, "FOD": [0.0, 0.0, 0.0, 0.0, 0.0, 0.0, 0.0, 0.0, 0.0, 0.0, 0.0, 0.0, 0.0, 0.0, 0.0, 0.0, 0.0, 0.0, 0.0, 0.0, 0.0, 0.0, 0.0, 0.0, 0.0, 0.0, 0.0, 0.0, 0.0, 0.0, 0.0, 0.0, 0.0, 0.0, 0.0, 0.0, 0.0, 0.0, 0.0, 0.0, 0.0, 0.0, 0.0, 0.0], "FOD s proportion": [0.0, 0.0, 0.0, 0.0, 0.0, 0.0, 0.0, 0.0, 0.0, 0.0, 0.0, 0.0, 0.0, 0.0, 0.0, 0.0, 0.0, 0.0, 0.0, 0.0, 0.0, 0.0, 0.0, 0.0, 0.0, 0.0, 0.0, 0.0, 0.0, 0.0, 0.0, 0.0, 0.0, 0.0, 0.0, 0.0, 0.0, 0.0, 0.0, 0.0, 0.0, 0.0, 0.0, 0.0], "FOD p proportion": [0.0, 0.0, 0.0, 0.0, 0.0, 0.0, 0.0, 0.0, 0.0, 0.0, 0.0, 0.0, 0.0, 0.0, 0.0, 0.0, 0.0, 0.0, 0.0, 0.0, 0.0, 0.0, 0.0, 0.0, 0.0, 0.0, 0.0, 0.0, 0.0, 0.0, 0.0, 0.0, 0.0, 0.0, 0.0, 0.0, 0.0, 0.0, 0.0, 0.0, 0.0, 0.0, 0.0, 0.0], "FOD d proportion": [0.0, 0.0, 0.0, 0.0, 0.0, 0.0, 0.0, 0.0, 0.0, 0.0, 0.0, 0.0, 0.0, 0.0, 0.0, 0.0, 0.0, 0.0, 0.0, 0.0, 0.0, 0.0, 0.0, 0.0, 0.0, 0.0, 0.0, 0.0, 0.0, 0.0, 0.0, 0.0, 0.0, 0.0, 0.0, 0.0, 0.0, 0.0, 0.0, 0.0, 0.0, 0.0, 0.0, 0.0], "coordinates": [["-0.60830", "5.94160", "0.30720"], ["0.86790", "5.57750", "0.26720"], ["1.16830", "4.33310", "-0.57380"], ["0.56220", "3.06010", "0.01170"], ["1.06000", "1.61820", "-0.96990"], ["0.10710", "0.02470", "-0.00740"], ["0.38060", "0.10680", "1.47080"], ["0.84390", "-1.78990", "-0.74090"], ["2.53060", "-1.85730", "-0.08030"], ["3.22900", "-3.13480", "-0.53770"], ["4.65470", "-3.20500", "0.01300"], ["5.36350", "-4.47330", "-0.43480"], ["-1.95620", "0.13340", "-0.32950"], ["-2.63020", "-1.07570", "0.84300"], ["-4.15150", "-1.19560", "0.75430"], ["-4.64150", "-1.83640", "-0.54730"], ["-6.15180", "-2.01910", "-0.53970"], ["-1.01200", "6.05850", "-0.70340"], ["-0.74690", "6.88850", "0.83890"], ["-1.19550", "5.18050", "0.82930"], ["1.23640", "5.43480", "1.28970"], ["1.42360", "6.42360", "-0.15460"], ["2.25910", "4.22790", "-0.63640"], ["0.80250", "4.49220", "-1.59610"], ["0.89920", "2.91530", "1.04290"], ["-0.52990", "3.11250", "0.01260"], ["2.48130", "-1.81950", "1.01250"], ["3.08070", "-0.97680", "-0.42650"], ["3.26460", "-3.17330", "-1.63390"], ["2.66800", "-4.01420", "-0.19690"], ["5.22800", "-2.33410", "-0.32550"], ["4.63260", "-3.17330", "1.10860"], ["5.43120", "-4.52040", "-1.52640"], ["4.83250", "-5.36410", "-0.08440"], ["6.37990", "-4.50250", "-0.02990"], ["-2.35280", "-0.75520", "1.85230"], ["-2.16180", "-2.04860", "0.66380"], ["-4.48880", "-1.81460", "1.59560"], ["-4.61840", "-0.21170", "0.88880"], ["-4.16330", "-2.81340", "-0.68310"], ["-4.36840", "-1.21820", "-1.40900"], ["-6.48250", "-2.47810", "-1.47660"], ["-6.46490", "-2.66750", "0.28480"], ["-6.66240", "-1.05660", "-0.43380"]], "bond_dist": [[0.0, 1.520965236289114, 2.5533783131373227, 3.1241691295446863, 4.806869756920817, 5.968289196243761, 6.031316540358333, 7.936213876906292, 8.41580006119442, 9.890387467637453, 10.556799429751424, 12.028428877039595, 5.996449661257902, 7.322408110724231, 7.980838833731703, 8.803076535507346, 9.737575486228593, 1.0945097806780897, 1.0947759862181847, 1.0939220538959802, 2.150597726214738, 2.1387381443271636, 3.471185879494211, 2.7773490760075514, 3.460101505736501, 2.845477557458502, 8.38318253767625, 7.874725090439666, 10.092008007824806, 10.493150725115884, 10.146423875927912, 10.544698989539722, 12.218473440246125, 12.55286850444949, 12.57091088425974, 7.090680115475526, 8.147626761824574, 8.767946923311067, 7.367649656437255, 9.500986479834609, 8.267189999631073, 10.420149527238081, 10.412342105885688, 9.283103524683973], [1.520965236289114, 0.0, 1.531682904520384, 2.5487321357883017, 4.152514335917457, 5.611399971486616, 5.6226926592158675, 7.436089319662587, 7.6263738814721105, 9.062385365343937, 9.56748546536654, 11.03276048865378, 6.1619653123009375, 7.538787667125265, 8.444319178003635, 9.27269172462883, 10.374758178386617, 2.169665727710147, 2.1571140280476597, 2.175128724926412, 1.096203352485295, 1.0966325455684784, 2.1385393519877063, 2.1573224469235006, 2.7730847480738845, 2.845152192765793, 7.607505547155387, 6.952449354004673, 9.270105325183744, 9.770182071486692, 9.052910021644974, 9.563337319680823, 11.225341520862516, 11.643035956313112, 11.492467637979235, 7.279322756273416, 8.215459503886558, 9.225075818658619, 8.000044430501621, 9.829712424074266, 8.741282664460634, 11.043636627488247, 11.03405141369207, 10.060223749996815], [2.5533783131373227, 1.531682904520384, 0.0, 1.5266618682602904, 2.745779690725387, 4.473171689081473, 4.76051175190231, 6.133863934747819, 6.357708368586908, 7.747084490955292, 8.32599968832572, 9.755598648981005, 5.240196831226857, 6.759514918246723, 7.7865682646465, 8.474503439140253, 9.692031348484177, 2.7834348223013956, 3.4919595487347785, 2.876512960165485, 2.1658745923991076, 2.147346497424205, 1.0976476848242338, 1.0973694637632305, 2.1670926468427694, 2.172006574575685, 6.488050820546953, 5.6457071355145585, 7.865387889989914, 8.489320996993811, 7.809889424313252, 8.436698715137336, 9.872397146590083, 10.377936299669601, 10.272508414695993, 6.646420338046639, 7.30392460667551, 8.63152895262479, 7.502019907331625, 8.916858600426497, 7.884766174085316, 10.283104293937702, 10.392850261598115, 9.507277663979316], [3.1241691295446863, 2.5487321357883017, 1.5266618682602904, 0.0, 1.8139512148897499, 3.069386580409838, 3.299080517356313, 4.916122623572361, 5.297535778076445, 6.766864015923477, 7.483317175557909, 8.944493250039379, 3.8761229198775413, 5.290304253065224, 6.393856812597543, 7.167055667427175, 8.436830601594417, 3.4611957774734448, 4.129727498273947, 2.8729906386899353, 2.779753537636026, 3.476031918725719, 2.1594582792913597, 2.1664891737555494, 1.0944905116080266, 1.0933567487330016, 5.338074710042938, 4.7782238436473445, 6.990439233696263, 7.3840116528889626, 7.140083131168712, 7.525066201037703, 9.139851905802413, 9.445202112183729, 9.541503163024156, 5.1421345227444215, 5.826167359422487, 7.196112860426801, 6.189716957179867, 7.570409469771103, 6.680797537719579, 9.083748907802327, 9.069736477979943, 8.327096390699461], [4.806869756920817, 4.152514335917457, 2.745779690725387, 1.8139512148897499, 0.0, 2.0913313725949796, 2.950073017740409, 3.4226138870751988, 3.8772609881203515, 5.242362715417543, 6.095179959607428, 7.477487312593716, 3.422309985959776, 4.915412460821574, 6.168473743966169, 6.679816926383536, 8.088577289610331, 4.907185582388341, 5.857704937942846, 4.5841446508590895, 4.438844971386137, 4.887615800162694, 2.891296793827988, 2.9526782232407247, 2.399935184541449, 2.392910518594458, 4.215185018477837, 3.333547217304714, 5.31597868788053, 5.908225009256164, 5.779978429890547, 6.3278831578972765, 7.556420558042015, 7.98551061548352, 8.163816785058323, 5.024444669811779, 5.147270458213751, 7.011068929200454, 6.248801985980993, 6.855960595715235, 6.140480464100509, 8.59800702663123, 8.750178089044818, 8.190080586294618], [5.968289196243761, 5.611399971486616, 4.473171689081473, 3.069386580409838, 2.0913313725949796, 0.0, 1.5055291096488306, 2.0913320276799663, 3.069298072849882, 4.473244678083237, 5.57781713665839, 6.931407917587884, 2.091117163145097, 3.070321092328944, 4.494996433813935, 5.128780281899391, 6.605625703898155, 6.176045923566308, 6.968306116266707, 5.383224618200507, 5.676880209234646, 6.534581952963785, 4.763783710455377, 4.792296432817987, 3.1758653718317467, 3.1528840511506284, 3.1746015954761946, 3.165587468385608, 4.779384113042181, 4.786108259327196, 5.64701176375612, 5.652681686597964, 7.163193130161995, 7.1676006864222, 7.7358946431553735, 3.18085461943799, 3.145948114638892, 5.203357598704898, 4.815538355158227, 5.171817694002757, 4.8517402259395555, 7.200373923623689, 7.1080592062812755, 6.868562942857843], [6.031316540358333, 5.6226926592158675, 4.76051175190231, 3.299080517356313, 2.950073017740409, 1.5055291096488306, 0.0, 2.950209258679797, 3.2994090410253776, 4.759771566997728, 5.60010097141114, 7.0312104064663, 2.949986760987242, 3.2950501862642394, 4.769648668403157, 5.750673200591388, 7.157779740953195, 6.487620001972989, 6.903767721324349, 5.351452620550798, 5.399330963184235, 6.605432340127329, 4.995249673439758, 5.3680171739665665, 2.8878567519875356, 3.4625987321663483, 2.8867994509490957, 3.4733954943254015, 5.358700784705189, 4.999606289499204, 5.716814957649057, 5.382355325505739, 7.476814030053175, 7.2227977584866645, 7.712933778401057, 2.8913771476581878, 3.4294016854256077, 5.236259099777246, 5.042833256216192, 5.8149703748170545, 5.709805078984746, 7.903860852773157, 7.480922853498758, 7.388156043289828], [7.936213876906292, 7.436089319662587, 6.133863934747819, 4.916122623572361, 3.4226138870751988, 2.0913320276799663, 2.950209258679797, 0.0, 1.8127029569126873, 2.7456781056780857, 4.1343765987147325, 5.265084703022355, 3.4218259540777347, 3.8843521544782726, 5.248126969691187, 5.489012331011836, 7.002344790853989, 8.064933578151777, 8.963316308152915, 7.4304210217187565, 7.514897384528947, 8.254779344719033, 6.182849515393367, 6.340178342128872, 5.032286515094306, 5.146709089311344, 2.3992428972490467, 2.400677656412872, 2.9276326699229194, 2.9275906988511897, 4.4372337790564975, 4.4371943275002055, 5.395920847269722, 5.395815772429596, 6.205724434745713, 4.244311630877261, 3.327813136280341, 5.822158674409347, 5.914673162567819, 5.111061037592878, 5.285950225834519, 7.395337091032429, 7.432415468069583, 7.548283181624812], [8.41580006119442, 7.6263738814721105, 6.357708368586908, 5.297535778076445, 3.8772609881203515, 3.069298072849882, 3.2994090410253776, 1.8127029569126873, 0.0, 1.5261007732125687, 2.5173003376633467, 3.8722666049744046, 4.914912142653214, 5.300682794697302, 6.766451393455805, 7.1873182912683085, 8.696050676025296, 8.69472012258014, 9.38487892995962, 8.015099638182923, 7.531704724031605, 8.354895229744058, 6.116585526255642, 6.752786795094305, 5.16727732563291, 5.837311256049312, 1.0945643745344538, 1.094415231984643, 2.164320900421192, 2.1644149163226536, 2.7501687293691632, 2.750226028892898, 4.19485246224465, 4.194807106411449, 4.670838649536076, 5.366298792463946, 4.754881519028629, 7.216816504526078, 7.399686153479755, 6.788651726226644, 7.054792236487196, 9.14171854412506, 9.039288816051847, 9.234572634399493], [9.890387467637453, 9.062385365343937, 7.747084490955292, 6.766864015923477, 5.242362715417543, 4.473244678083237, 4.759771566997728, 2.7456781056780857, 1.5261007732125687, 0.0, 1.5299735357188373, 2.5215592219894423, 6.132762633593444, 6.362110494167796, 7.739608574727795, 7.97688566860526, 9.446914794259554, 10.12572478294764, 10.870572719962826, 9.517830810641676, 8.985982955692716, 9.734949682972173, 7.426964318616322, 8.073366200662521, 6.673078330875488, 7.311697244142429, 2.1661462139015453, 2.165946058885124, 1.0974534386478545, 1.0973650258687853, 2.163827703399695, 2.163764982617105, 2.783361257544554, 2.783248395310774, 3.472266542188258, 6.521586264092502, 5.6288682103954075, 8.115314767154754, 8.494769132825212, 7.400712020474786, 7.883717778434233, 9.778855779179894, 9.73994726628435, 10.107893173653945], [10.556799429751424, 9.56748546536654, 8.32599968832572, 7.483317175557909, 6.095179959607428, 5.57781713665839, 5.60010097141114, 4.1343765987147325, 2.5173003376633467, 1.5299735357188373, 0.0, 1.5203641570360702, 7.413920664533713, 7.634958185871092, 9.06291192112116, 9.413093885115563, 10.885415855629953, 10.882883354148387, 11.47772345110301, 10.257085160024753, 9.37874628188651, 10.157658929595934, 7.836365364759354, 8.756456788564654, 7.254139945575905, 8.172568970036288, 2.7644670480944424, 2.763242929964718, 2.1553798992289037, 2.1554209658440273, 1.0962307923060728, 1.0962812868967526, 2.16863592380095, 2.168596875862362, 2.159088164017394, 7.647849421896328, 6.944456339412034, 9.383039335417921, 9.783519517024535, 8.854096778892808, 9.348036791219855, 11.25986303691124, 11.135900756113086, 11.527879475861985], [12.028428877039595, 11.03276048865378, 9.755598648981005, 8.944493250039379, 7.477487312593716, 6.931407917587884, 7.0312104064663, 5.265084703022355, 3.8722666049744046, 2.5215592219894423, 1.5203641570360702, 0.0, 8.64932257867632, 8.779276638197478, 10.133730857882501, 10.347266443848829, 11.774388975229245, 12.314136488199244, 12.96340229607953, 11.73943287599533, 10.87093833438494, 11.590675289214172, 9.240607304717585, 10.125785349295136, 8.758138029284535, 9.616480227193316, 4.176650400739809, 4.175734304287092, 2.744671568694513, 2.7446474218012047, 2.146271972514201, 2.1462288717655444, 1.0947110394985518, 1.0946532784402556, 1.0944704701361294, 8.865459926591514, 7.982244805817471, 10.40475973485212, 10.933959901609297, 9.67351224426785, 10.307988128631115, 12.057938724342565, 11.98706737947193, 12.50184429194349], [5.996449661257902, 6.1619653123009375, 5.240196831226857, 3.8761229198775413, 3.422309985959776, 2.091117163145097, 2.949986760987242, 3.4218259540777347, 4.914912142653214, 6.132762633593444, 7.413920664533713, 8.64932257867632, 0.0, 1.81409896642934, 2.785714545677644, 3.3374219047042883, 4.720222415310532, 6.011499385344725, 6.961245654335149, 5.23399468284025, 6.396823067742298, 7.142846357720429, 5.884545177836602, 5.311670047169723, 4.216130753427839, 3.3206024920185793, 5.030525684260046, 5.1587124992579305, 6.316049151962008, 6.21316297549002, 7.5961373006285235, 7.510970772143905, 8.812723915453155, 8.738937461156246, 9.543159444334984, 2.3889647883549894, 2.406250246753234, 3.730251569264465, 2.9479921539922733, 3.6986421305662973, 2.9683078765518918, 5.350061901511047, 5.343293084793309, 4.855439931664277], [7.322408110724231, 7.538787667125265, 6.759514918246723, 5.290304253065224, 4.915412460821574, 3.070321092328944, 3.2950501862642394, 3.8843521544782726, 5.300682794697302, 6.362110494167796, 7.634958185871092, 8.779276638197478, 1.81409896642934, 0.0, 1.5285932716062836, 2.560649579696527, 3.8991703489332186, 7.4770805693131335, 8.183844899556687, 6.41861279561246, 7.585298062699976, 8.583006506463805, 7.363562440150827, 6.980984780817103, 5.331482473946623, 4.758344616565723, 5.168113866779639, 5.851135810250861, 6.729310990733004, 6.147121074128929, 8.04364780743165, 7.564306508861207, 9.08108938453972, 8.656924200315029, 9.67919493862997, 1.0946951630476862, 1.0945526985942704, 2.1370011534858846, 2.1683018424564424, 2.774703247195995, 2.8483590872641043, 4.710359350410539, 4.189312422104611, 4.229564976448524], [7.980838833731703, 8.444319178003635, 7.7865682646465, 6.393856812597543, 6.168473743966169, 4.494996433813935, 4.769648668403157, 5.248126969691187, 6.766451393455805, 7.739608574727795, 9.06291192112116, 10.133730857882501, 2.785714545677644, 1.5285932716062836, 0.0, 1.5313024521628638, 2.5206722000291903, 8.037618823382957, 8.77217938314077, 7.028386173937799, 8.56027591436164, 9.484727084107377, 8.511415340588192, 7.9004787829599294, 6.518616360854504, 5.676779990452333, 6.6670798922766785, 7.331226290328242, 8.038242080206343, 7.440085191044522, 9.50984597877379, 9.010951036932783, 10.39634680164143, 9.93941979896211, 11.06620726400875, 2.1528766453282926, 2.166726872496855, 1.0975964558980682, 1.097335440965979, 2.1641476012508942, 2.1742638432352224, 3.472071724489573, 2.781858986361458, 2.7812805360121438], [8.803076535507346, 9.27269172462883, 8.474503439140253, 7.167055667427175, 6.679816926383536, 5.128780281899391, 5.750673200591388, 5.489012331011836, 7.1873182912683085, 7.97688566860526, 9.413093885115563, 10.347266443848829, 3.3374219047042883, 2.560649579696527, 1.5313024521628638, 0.0, 1.5213293989139893, 8.690631937321935, 9.654705568270842, 7.937684118809466, 9.528621455908509, 10.255108546475752, 9.18705358969893, 8.413578037909913, 7.470391249459428, 6.458355346371086, 7.291607606694151, 7.770835067095428, 8.09162643601396, 7.635075850965725, 9.884529871470873, 9.51515828717526, 10.470041934013445, 10.120060261678287, 11.351081443192978, 3.4878677282832844, 2.7677977057581353, 2.148444306934671, 2.1685402717035256, 1.096196095596039, 1.0951172266017917, 2.1597820214086423, 2.1697707666940307, 2.1691028329703506], [9.737575486228593, 10.374758178386617, 9.692031348484177, 8.436830601594417, 8.088577289610331, 6.605625703898155, 7.157779740953195, 7.002344790853989, 8.696050676025296, 9.446914794259554, 10.885415855629953, 11.774388975229245, 4.720222415310532, 3.8991703489332186, 2.5206722000291903, 1.5213293989139893, 0.0, 9.575592069945335, 10.509939092592305, 