{"total energy": -43.03553302, "HOMO-LUMO gap/eV": 11.94161568, "electronic energy": -43.60750933, "dipole": [0.70040223, -0.16842137, 0.41832572], "partial charges": [-0.10004615, -0.05184076, -0.0583425, -0.05794062, -0.05784375, -0.057663, -0.05839777, -0.05833994, -0.05796107, -0.06016964, -0.06893527, 0.07838354, -0.44607631, 0.0322385, 0.0322672, 0.03119091, 0.02833986, 0.02837418, 0.02992417, 0.02987089, 0.0284647, 0.02843722, 0.02914421, 0.02924759, 0.0286747, 0.02888261, 0.0291271, 0.02966235, 0.03059019, 0.02985816, 0.03241793, 0.03100778, 0.0304479, 0.03096619, 0.04507027, 0.03144362, 0.01798836, 0.04650142, 0.2850352], "atomic dipole moments": [[-0.08930618, 0.03655081, 0.03036687], [0.00948858, -0.08960464, -0.06354267], [-0.01237877, 0.08884436, 0.06320177], [0.0096035, -0.08784912, -0.06228475], [-0.01134018, 0.08836775, 0.06290114], [0.0102165, -0.08860971, -0.0628912], [-0.01111072, 0.08862634, 0.06274474], [0.00948619, -0.09083885, -0.06461389], [-0.01793736, 0.08687768, 0.07116414], [0.05568893, 0.06912918, -0.06573328], [-0.07248009, -0.06267879, 0.06933255], [0.03446909, 0.17236231, -0.09050124], [0.14983481, -0.13152693, 0.13514578], [0.0178906, -0.11763287, 0.04124356], [0.00930221, -0.00023381, -0.12559814], [0.09271185, 0.07019597, 0.04461257], [0.00045673, 0.00386428, 0.12335533], [-0.00783722, 0.11727156, -0.03775002], [0.0031102, -0.00437602, -0.1240251], [0.01137674, -0.11784902, 0.03726989], [-0.01151539, 0.11765666, -0.03730038], [-0.00323043, 0.00426989, 0.12384688], [0.01159717, -0.11771252, 0.03730611], [0.00330071, -0.00424813, -0.12391509], [-0.01144997, 0.11752696, -0.0372498], [-0.00321652, 0.00426667, 0.123791], [0.01175345, -0.11768921, 0.03745484], [0.00328665, -0.00421142, -0.12411628], [-0.00857773, 0.11761829, -0.0380631], [-0.00255641, 0.00402084, 0.12404571], [-0.00021616, -0.00119718, -0.12468162], [0.01336697, -0.11737807, 0.03064125], [-0.00187147, -0.00600123, 0.1240671], [-0.08194565, -0.08393522, -0.03495805], [0.00816781, 0.01120381, -0.12565525], [0.0788112, 0.08629821, 0.03699774], [-0.01326308, 0.00995282, 0.11710898], [-0.08685527, -0.08393187, -0.04357652], [0.05460596, 0.04424207, 0.03497662]], "atomic quadrupole moments": [[0.16260245, -0.10668438, -0.07090425, -0.09007795, 0.04628883, -0.09169821], [0.23148541, 0.0201225, -0.07512332, -0.00988863, 0.11205708, -0.15636209], [0.23466798, 0.02889954, -0.07399387, -0.00422085, 0.11806172, -0.1606741], [0.2330591, 0.03082713, -0.0734526, -0.00271429, 0.11713345, -0.1596065], [0.23384703, 0.02937262, -0.07370428, -0.00384216, 0.11757779, -0.16014274], [0.23264133, 0.03063125, -0.07275952, -0.00275965, 0.11740104, -0.15988182], [0.23250042, 0.02889849, -0.07103447, -0.00449898, 0.11789346, -0.16146595], [0.22275635, 0.02376014, -0.06611411, -0.00246078, 0.12150589, -0.15664224], [0.22652003, 0.03696044, -0.08156191, -0.02529344, 0.10334057, -0.14495812], [0.06594245, -0.15570833, 0.08341723, -0.07785507, -0.06353744, -0.14935969], [0.11309442, -0.16021871, 0.073093, -0.07726816, -0.07730019, -0.18618742], [-0.04945883, -0.20817191, 0.28839259, -0.03428514, -0.21918253, -0.23893377], [-0.05303168, -0.05505556, 0.12295045, 0.05156167, -0.0849944, -0.06991877], [-0.03486335, -0.00821304, 0.0634356, -0.00921802, -0.04307913, -0.02857225], [-0.03383717, -0.01114556, -0.04654877, 0.00345323, -0.00324845, 0.08038594], [0.02813518, 0.0471328, 0.0018839, 0.02889289, 0.0375884, -0.03001909], [-0.0170279, 0.00227656, -0.0388824, -0.00351872, -0.00912841, 0.05591031], [-0.01595908, -0.00777036, 0.03875446, 0.00470602, -0.0366312, -0.02279538], [-0.0205025, 0.00187517, -0.03606902, -0.00071533, -0.00970926, 0.05657151], [-0.0198352, -0.00550214, 0.03957579, 0.00384028, -0.03662254, -0.01974059], [-0.01942706, -0.00547237, 0.0393304, 0.00384194, -0.03660221, -0.01990334], [-0.02010506, 0.00190444, -0.03623887, -0.00074635, -0.00971679, 0.05634393], [-0.01939263, -0.00537183, 0.03934297, 0.00384635, -0.03658906, -0.01995034], [-0.02006266, 0.00194376, -0.03624336, -0.00067372, -0.00968365, 0.05630602], [-0.01948615, -0.00552383, 0.0394744, 0.00387598, -0.03668472, -0.01998824], [-0.0201815, 0.0019337, -0.03623314, -0.00077653, -0.00975067, 0.05641464], [-0.0191885, -0.00551977, 0.03920456, 0.00376634, -0.03635471, -0.02001606], [-0.02021916, 0.00195004, -0.03591433, -0.00056742, -0.00966832, 0.05613349], [-0.01769333, -0.00914023, 0.03871228, 0.00536635, -0.03558086, -0.02101895], [-0.02063855, 0.00175071, -0.03649136, -0.00187235, -0.00994334, 0.05712991], [-0.01774422, 0.00705153, -0.03772766, 0.00216803, -0.01680546, 0.05547188], [-0.00879598, -0.01039741, 0.04210858, 0.00664403, -0.034874, -0.03331261], [-0.03264168, -0.01201526, -0.02441552, 0.00988924, 0.00910778, 0.05705719], [0.02032787, 0.02573836, 0.01015136, 0.02814918, 0.02527825, -0.03047922], [-0.02881396, -0.00432699, -0.02927501, 0.00586758, 0.00953808, 0.05808897], [0.00923541, 0.03333985, 0.00346296, 0.03017967, 0.0294365, -0.01269837], [-0.03672029, -0.01169003, -0.00876977, 0.00799016, -0.00638984, 0.04549006], [0.00645756, 0.02539434, 0.00792674, 0.0252218, 0.02484751, -0.0143843], [0.00896219, 0.08623897, 0.0372078, 0.06462875, 0.03480666, -0.04617]], "number of molecular orbitals": 78, "number of electrons": 80, "number of unpaired electrons": 0, "orbital energies/eV": [-18.58060127, -17.19209792, -17.0100087, -16.92570591, -16.79396027, -16.58385353, -16.29525069, -16.02782395, -15.69648029, -15.25522441, -15.20985847, -15.12712185, -15.05372398, -14.97723406, -14.32379552, -14.28199081, -14.13606477, -13.93620409, -13.76271259, -13.53587115, -13.46112388, -13.40642933, -13.10278917, -13.02922658, -12.87058756, -12.67503734, -12.6017034, -12.32920227, -12.21246986, -12.04223362, -11.96341181, -11.86875668, -11.7704325, -11.7254758, -11.62879461, -11.53630646, -11.43759435, -11.40263512, -11.24040169, -11.06125095, 0.88036473, 1.12245348, 2.12618219, 2.42503222, 2.54703815, 2.75542403, 2.89681944, 3.04852917, 3.09974666, 3.38355909, 3.69635613, 3.69678905, 3.80452618, 4.01836989, 4.20059199, 4.21180967, 4.36360725, 4.49115946, 4.68787192, 4.90990413, 4.97598653, 5.11090042, 5.27039128, 5.44125438, 5.80807636, 6.02901835, 6.0419488, 6.48561528, 6.7178285, 6.75460877, 7.13459142, 7.14502181, 7.23109414, 7.40776885, 7.75177962, 8.0221308, 8.2537618, 8.56087891], "fractional occupation": [2.0, 2.0, 2.0, 2.0, 2.0, 2.0, 2.0, 2.0, 2.0, 2.0, 2.0, 2.0, 2.0, 2.0, 2.0, 2.0, 2.0, 2.0, 2.0, 2.0, 2.0, 2.0, 2.0, 2.0, 2.0, 2.0, 2.0, 2.0, 2.0, 2.0, 2.0, 2.0, 2.0, 2.0, 2.0, 2.0, 2.0, 2.0, 2.0, 2.0, 0.0, 0.0, 0.0, 0.0, 0.0, 0.0, 0.0, 0.0, 0.0, 0.0, 0.0, 0.0, 0.0, 0.0, 0.0, 0.0, 0.0, 0.0, 0.0, 0.0, 0.0, 0.0, 0.0, 0.0, 0.0, 0.0, 0.0, 0.0, 0.0, 0.0, 0.0, 0.0, 0.0, 0.0, 0.0, 0.0, 0.0, 0.0], "program call": "xtb /home/svss/Project-DBcg-Debug/aqme2_20220329/End-to-End-workflows-final/example-3/QDESCP/mol_925_rdkit_conf_2/mol_925_rdkit_conf_2.xyz --pop --wbo --acc 0.2 --gfn 2 --chrg 0 --uhf 0 --etemp 300 --input /home/svss/Project-DBcg-Debug/aqme2_20220329/End-to-End-workflows-final/example-3/QDESCP/mol_925_rdkit_conf_2/mol_925_rdkit_conf_2_xtb.inp", "method": "GFN2-xTB", "xtb version": "6.3.3 (7355c4f)", "Dipole module/D": 2.117, "Total charge": 0, "Transition dipole module/D": NaN, "HOMO": -11.0613, "LUMO": 0.8804, "HOMO occupancy": 2.0, "LUMO occupancy": 0, "mulliken charges": [-0.08345, -0.03849, -0.04661, -0.04546, -0.04526, -0.04532, -0.04509, -0.04708, -0.04471, -0.04761, -0.07119, 0.19634, -0.56444, 0.02665, 0.0267, 0.02811, 0.02193, 0.022, 0.02277, 0.02268, 0.0225, 0.02239, 0.02279, 0.02294, 0.02265, 0.02253, 0.0229, 0.02341, 0.02293, 0.02253, 0.02511, 0.02529, 0.02224, 0.02536, 0.03654, 0.02262, 0.00948, 0.02988, 0.33343], "cm5 charges": [-0.23376, -0.151, -0.15725, -0.15613, -0.15598, -0.15605, -0.15589, -0.15795, -0.15526, -0.15787, -0.1796, 0.1092, -0.77821, 0.07794, 0.07798, 0.07889, 0.07664, 0.0767, 0.07811, 0.07803, 0.07784, 0.07774, 0.07815, 0.07829, 0.078, 0.07788, 0.07825, 0.07876, 0.0789, 0.078, 0.08033, 0.08022, 0.07752, 0.08035, 0.09379, 0.08034, 0.07192, 0.09266, 0.50247], "FUKUI+": [0.005, -0.009, -0.011, -0.013, -0.012, -0.011, -0.011, -0.006, -0.007, -0.013, 0.004, -0.013, -0.079, -0.021, -0.021, -0.037, -0.024, -0.024, -0.028, -0.028, -0.03, -0.031, -0.032, -0.032, -0.03, -0.031, -0.032, -0.031, -0.023, -0.029, -0.033, -0.036, -0.034, -0.043, -0.033, -0.021, -0.044, -0.047, -0.05], "FUKUI-": [0.012, 0.0, -0.001, -0.001, -0.003, -0.004, -0.003, -0.001, -0.001, 0.002, -0.002, 0.008, -0.093, -0.039, -0.04, -0.051, -0.05, -0.049, -0.043, -0.044, -0.031, -0.032, -0.026, -0.026, -0.025, -0.025, -0.028, -0.026, -0.025, -0.025, -0.028, -0.039, -0.027, -0.04, -0.031, -0.024, -0.062, -0.041, -0.036], "FUKUIrad": [0.008, -0.004, -0.006, -0.007, -0.007, -0.007, -0.007, -0.003, -0.004, -0.006, 0.001, -0.003, -0.086, -0.03, -0.03, -0.044, -0.037, -0.036, -0.036, -0.036, -0.031, -0.031, -0.029, -0.029, -0.027, -0.028, -0.03, -0.029, -0.024, -0.027, -0.03, -0.038, -0.03, -0.041, -0.032, -0.022, -0.053, -0.044, -0.043], "s proportion": [1.007, 1.027, 1.032, 1.032, 1.032, 1.032, 1.033, 1.032, 1.032, 1.032, 1.039, 0.993, 1.695, 0.973, 0.973, 0.972, 0.978, 0.978, 0.977, 0.977, 0.978, 0.978, 0.977, 0.977, 0.977, 0.977, 0.977, 0.977, 0.977, 0.977, 0.975, 0.975, 0.978, 0.975, 0.963, 0.977, 0.991, 0.97, 0.667], "p proportion": [3.076, 3.011, 3.014, 3.013, 3.013, 3.013, 3.012, 3.015, 3.013, 3.016, 3.032, 2.811, 4.869, 0.0, 0.0, 0.0, 0.0, 0.0, 0.0, 0.0, 0.0, 0.0, 0.0, 0.0, 0.0, 0.0, 0.0, 0.0, 0.0, 0.0, 0.0, 0.0, 0.0, 0.0, 0.0, 0.0, 0.0, 0.0, 0.0], "d proportion": [0.0, 0.0, 0.0, 0.0, 0.0, 0.0, 0.0, 0.0, 0.0, 0.0, 0.0, 0.0, 0.0, 0.0, 0.0, 0.0, 0.0, 0.0, 0.0, 0.0, 0.0, 0.0, 0.0, 0.0, 0.0, 0.0, 0.0, 0.0, 0.0, 0.0, 0.0, 0.0, 0.0, 0.0, 0.0, 0.0, 0.0, 0.0, 0.0], "Fermi-level/eV": -5.0904, "Coordination numbers": [3.75, 3.8, 3.802, 3.802, 3.802, 3.802, 3.802, 3.801, 3.801, 3.801, 3.799, 3.675, 1.653, 0.924, 0.924, 0.924, 0.924, 0.924, 0.924, 0.924, 0.924, 0.924, 0.924, 0.924, 0.924, 0.924, 0.924, 0.924, 0.924, 0.924, 0.924, 0.924, 0.924, 0.924, 0.924, 0.924, 0.924, 0.924, 0.804], "Dispersion coefficient C6": [22.474, 21.505, 21.623, 21.616, 21.614, 21.61, 21.624, 21.624, 21.617, 21.658, 21.821, 19.493, 21.765, 2.555, 2.555, 2.57, 2.61, 2.61, 2.588, 2.588, 2.609, 2.609, 2.599, 2.597, 2.606, 2.603, 2.599, 2.591, 2.578, 2.589, 2.553, 2.572, 2.58, 2.573, 2.383, 2.566, 2.764, 2.364, 0.768], "Total dispersion C6": 10230.433845, "Total dispersion C8": 213559.9094, "Polarizability alpha": [6.761, 6.603, 6.62, 6.619, 6.619, 6.618, 6.621, 6.621, 6.62, 6.626, 6.651, 6.326, 6.298, 2.5, 2.499, 2.507, 2.527, 2.526, 2.516, 2.516, 2.526, 2.526, 2.521, 2.52, 2.524, 2.523, 2.521, 2.517, 2.511, 2.516, 2.498, 2.508, 2.512, 2.508, 2.414, 2.505, 2.6, 2.405, 1.377], "Total polarizability alpha": 149.726597, "Wiberg matrix": [[0.0, 1.0201080467750079, 0.0, 0.0, 0.0, 0.0, 0.0, 0.0, 0.0, 0.0, 0.0, 0.0, 0.0, 0.9877135078588083, 0.9877106398767352, 0.987398723469867, 0.0, 0.0, 0.0, 0.0, 0.0, 0.0, 0.0, 0.0, 0.0, 0.0, 0.0, 0.0, 0.0, 0.0, 0.0, 0.0, 0.0, 0.0, 0.0, 0.0, 0.0, 0.0, 0.0], [1.0201080467750079, 0.0, 1.0077076966548093, 0.0, 0.0, 0.0, 0.0, 0.0, 0.0, 0.0, 0.0, 0.0, 0.0, 0.0, 0.0, 0.0, 0.9781069390186556, 0.9781037740656207, 0.0, 0.0, 0.0, 0.0, 0.0, 0.0, 0.0, 0.0, 0.0, 0.0, 0.0, 0.0, 0.0, 0.0, 0.0, 0.0, 0.0, 0.0, 0.0, 0.0, 0.0], [0.0, 1.0077076966548093, 0.0, 1.0070892555912445, 0.0, 0.0, 0.0, 0.0, 0.0, 0.0, 0.0, 0.0, 0.0, 0.0, 0.0, 0.0, 0.0, 0.0, 0.9772220994387153, 0.9772282099977421, 0.0, 0.0, 0.0, 0.0, 0.0, 0.0, 0.0, 0.0, 0.0, 0.0, 0.0, 0.0, 0.0, 0.0, 0.0, 0.0, 0.0, 0.0, 0.0], [0.0, 0.0, 1.0070892555912445, 0.0, 1.0069338746324104, 0.0, 0.0, 0.0, 0.0, 0.0, 0.0, 0.0, 0.0, 0.0, 0.0, 0.0, 0.0, 0.0, 0.0, 0.0, 0.9773538421062548, 0.9773525558733467, 0.0, 0.0, 0.0, 0.0, 0.0, 0.0, 0.0, 0.0, 0.0, 0.0, 0.0, 0.0, 0.0, 0.0, 0.0, 0.0, 0.0], [0.0, 0.0, 0.0, 1.0069338746324104, 0.0, 1.006831869041312, 0.0, 0.0, 0.0, 0.0, 0.0, 0.0, 0.0, 0.0, 0.0, 0.0, 0.0, 0.0, 0.0, 0.0, 0.0, 0.0, 0.9773139682154429, 0.9773014670118604, 0.0, 0.0, 0.0, 0.0, 0.0, 0.0, 0.0, 0.0, 0.0, 0.0, 0.0, 0.0, 0.0, 0.0, 0.0], [0.0, 0.0, 0.0, 0.0, 1.006831869041312, 0.0, 1.0069493843774149, 0.0, 0.0, 0.0, 0.0, 0.0, 0.0, 0.0, 0.0, 0.0, 0.0, 0.0, 0.0, 0.0, 0.0, 0.0, 0.0, 0.0, 0.9773120636649574, 0.9773240233115346, 0.0, 0.0, 0.0, 0.0, 0.0, 0.0, 0.0, 0.0, 0.0, 0.0, 0.0, 0.0, 0.0], [0.0, 0.0, 0.0, 0.0, 0.0, 1.0069493843774149, 0.0, 1.0065622430977712, 0.0, 0.0, 0.0, 0.0, 0.0, 0.0, 0.0, 0.0, 0.0, 0.0, 0.0, 0.0, 0.0, 0.0, 0.0, 0.0, 0.0, 0.0, 0.9771922950923603, 0.9773667687912753, 0.0, 0.0, 0.0, 0.0, 0.0, 0.0, 0.0, 0.0, 0.0, 0.0, 0.0], [0.0, 0.0, 0.0, 0.0, 0.0, 0.0, 1.0065622430977712, 0.0, 1.0079803732704538, 0.0, 0.0, 0.0, 0.0, 0.0, 0.0, 0.0, 0.0, 0.0, 0.0, 0.0, 0.0, 0.0, 0.0, 0.0, 0.0, 0.0, 0.0, 0.0, 0.9755308047577856, 0.9771595377109229, 0.0, 0.0, 0.0, 0.0, 0.0, 0.0, 0.0, 0.0, 0.0], [0.0, 0.0, 0.0, 0.0, 0.0, 0.0, 0.0, 1.0079803732704538, 0.0, 1.0062743344726242, 0.0, 0.0, 0.0, 0.0, 0.0, 0.0, 0.0, 0.0, 0.0, 0.0, 0.0, 0.0, 0.0, 0.0, 0.0, 0.0, 0.0, 0.0, 0.0, 0.0, 0.9770742291836907, 0.9766462303038215, 0.0, 0.0, 0.0, 0.0, 0.0, 0.0, 0.0], [0.0, 0.0, 0.0, 0.0, 0.0, 0.0, 0.0, 0.0, 1.0062743344726242, 0.0, 1.0074824394901283, 0.0, 0.0, 0.0, 0.0, 0.0, 0.0, 0.0, 0.0, 0.0, 0.0, 0.0, 0.0, 0.0, 0.0, 0.0, 0.0, 0.0, 0.0, 0.0, 0.0, 0.0, 0.9769438371181489, 0.9767254787401484, 0.0, 0.0, 0.0, 0.0, 0.0], [0.0, 0.0, 0.0, 0.0, 0.0, 0.0, 0.0, 0.0, 0.0, 1.0074824394901283, 0.0, 1.0011882844746465, 0.0, 0.0, 0.0, 0.0, 0.0, 0.0, 0.0, 0.0, 0.0, 0.0, 0.0, 0.0, 0.0, 0.0, 0.0, 0.0, 0.0, 0.0, 0.0, 0.0, 0.0, 0.0, 0.9754987142135239, 0.973116664147236, 0.0, 0.0, 0.0], [0.0, 0.0, 0.0, 0.0, 0.0, 0.0, 0.0, 0.0, 0.0, 0.0, 1.0011882844746465, 0.0, 0.9931907060555144, 0.0, 0.0, 0.0, 0.0, 0.0, 0.0, 0.0, 0.0, 0.0, 0.0, 0.0, 0.0, 0.0, 0.0, 0.0, 0.0, 0.0, 0.0, 0.0, 0.0, 0.0, 0.0, 0.0, 0.9730770068491534, 0.9732459636749624, 0.0], [0.0, 0.0, 0.0, 0.0, 0.0, 0.0, 0.0, 0.0, 0.0, 0.0, 0.0, 0.9931907060555144, 0.0, 0.0, 0.0, 0.0, 0.0, 0.0, 0.0, 0.0, 0.0, 0.0, 0.0, 0.0, 0.0, 0.0, 0.0, 0.0, 0.0, 0.0, 0.0, 0.0, 0.0, 0.0, 0.0, 0.0, 0.0, 0.0, 0.904099737589376], [0.9877135078588083, 0.0, 0.0, 0.0, 0.0, 0.0, 0.0, 0.0, 0.0, 0.0, 0.0, 0.0, 0.0, 0.0, 0.0, 0.0, 0.0, 0.0, 0.0, 0.0, 0.0, 0.0, 0.0, 0.0, 0.0, 0.0, 0.0, 0.0, 0.0, 0.0, 0.0, 0.0, 0.0, 0.0, 0.0, 0.0, 0.0, 0.0, 0.0], [0.9877106398767352, 0.0, 0.0, 0.0, 0.0, 0.0, 0.0, 0.0, 0.0, 0.0, 0.0, 0.0, 0.0, 0.0, 0.0, 0.0, 0.0, 0.0, 0.0, 0.0, 0.0, 0.0, 0.0, 0.0, 0.0, 0.0, 0.0, 0.0, 0.0, 0.0, 0.0, 0.0, 0.0, 0.0, 0.0, 0.0, 0.0, 0.0, 0.0], [0.987398723469867, 0.0, 0.0, 0.0, 0.0, 0.0, 0.0, 0.0, 0.0, 0.0, 0.0, 0.0, 0.0, 0.0, 0.0, 0.0, 0.0, 0.0, 0.0, 0.0, 0.0, 0.0, 0.0, 0.0, 0.0, 0.0, 0.0, 0.0, 0.0, 0.0, 0.0, 0.0, 0.0, 0.0, 0.0, 0.0, 0.0, 0.0, 0.0], [0.0, 0.9781069390186556, 0.0, 0.0, 0.0, 0.0, 0.0, 0.0, 0.0, 0.0, 0.0, 0.0, 0.0, 0.0, 0.0, 0.0, 0.0, 0.0, 0.0, 0.0, 0.0, 0.0, 0.0, 0.0, 0.0, 0.0, 0.0, 0.0, 0.0, 0.0, 0.0, 0.0, 0.0, 0.0, 0.0, 0.0, 0.0, 0.0, 0.0], [0.0, 0.9781037740656207, 0.0, 0.0, 0.0, 0.0, 0.0, 0.0, 0.0, 0.0, 0.0, 0.0, 0.0, 0.0, 0.0, 0.0, 0.0, 0.0, 0.0, 0.0, 0.0, 0.0, 0.0, 0.0, 0.0, 0.0, 0.0, 0.0, 0.0, 0.0, 0.0, 0.0, 0.0, 0.0, 0.0, 0.0, 0.0, 0.0, 0.0], [0.0, 0.0, 0.9772220994387153, 0.0, 0.0, 0.0, 0.0, 0.0, 0.0, 0.0, 0.0, 0.0, 0.0, 0.0, 0.0, 0.0, 0.0, 0.0, 0.0, 0.0, 0.0, 0.0, 0.0, 0.0, 0.0, 0.0, 0.0, 0.0, 0.0, 0.0, 0.0, 0.0, 0.0, 0.0, 0.0, 0.0, 0.0, 0.0, 0.0], [0.0, 0.0, 0.9772282099977421, 0.0, 0.0, 0.0, 0.0, 0.0, 0.0, 0.0, 0.0, 0.0, 0.0, 0.0, 0.0, 0.0, 0.0, 0.0, 0.0, 0.0, 0.0, 0.0, 0.0, 0.0, 0.0, 0.0, 0.0, 0.0, 0.0, 0.0, 0.0, 0.0, 0.0, 0.0, 0.0, 0.0, 0.0, 0.0, 0.0], [0.0, 0.0, 0.0, 0.9773538421062548, 0.0, 0.0, 0.0, 0.0, 0.0, 0.0, 0.0, 0.0, 0.0, 0.0, 0.0, 0.0, 0.0, 0.0, 0.0, 0.0, 0.0, 0.0, 0.0, 0.0, 0.0, 0.0, 0.0, 0.0, 0.0, 0.0, 0.0, 0.0, 0.0, 0.0, 0.0, 0.0, 0.0, 0.0, 0.0], [0.0, 0.0, 0.0, 0.9773525558733467, 0.0, 0.0, 0.0, 0.0, 0.0, 0.0, 0.0, 0.0, 0.0, 0.0, 0.0, 0.0, 0.0, 0.0, 0.0, 0.0, 0.0, 0.0, 0.0, 0.0, 0.0, 0.0, 0.0, 0.0, 0.0, 0.0, 0.0, 0.0, 0.0, 0.0, 0.0, 0.0, 0.0, 0.0, 0.0], [0.0, 0.0, 0.0, 0.0, 0.9773139682154429, 0.0, 0.0, 0.0, 0.0, 0.0, 0.0, 0.0, 0.0, 0.0, 0.0, 0.0, 0.0, 0.0, 0.0, 0.0, 0.0, 0.0, 0.0, 0.0, 0.0, 0.0, 0.0, 0.0, 0.0, 0.0, 0.0, 0.0, 0.0, 0.0, 0.0, 0.0, 0.0, 0.0, 0.0], [0.0, 0.0, 0.0, 0.0, 0.9773014670118604, 0.0, 0.0, 0.0, 0.0, 0.0, 0.0, 0.0, 0.0, 0.0, 0.0, 0.0, 0.0, 0.0, 0.0, 0.0, 0.0, 0.0, 0.0, 0.0, 0.0, 0.0, 0.0, 0.0, 0.0, 0.0, 0.0, 0.0, 0.0, 0.0, 0.0, 0.0, 0.0, 0.0, 0.0], [0.0, 0.0, 0.0, 0.0, 0.0, 0.9773120636649574, 0.0, 0.0, 0.0, 0.0, 0.0, 0.0, 0.0, 0.0, 0.0, 0.0, 0.0, 0.0, 0.0, 0.0, 0.0, 0.0, 0.0, 0.0, 0.0, 0.0, 0.0, 0.0, 0.0, 0.0, 0.0, 0.0, 0.0, 0.0, 0.0, 0.0, 0.0, 0.0, 0.0], [0.0, 0.0, 0.0, 0.0, 0.0, 0.9773240233115346, 0.0, 0.0, 0.0, 0.0, 0.0, 0.0, 0.0, 0.0, 0.0, 0.0, 0.0, 0.0, 0.0, 0.0, 0.0, 0.0, 0.0, 0.0, 0.0, 0.0, 0.0, 0.0, 0.0, 0.0, 0.0, 0.0, 0.0, 0.0, 0.0, 0.0, 0.0, 0.0, 0.0], [0.0, 0.0, 0.0, 0.0, 0.0, 0.0, 0.9771922950923603, 0.0, 0.0, 0.0, 0.0, 0.0, 0.0, 0.0, 0.0, 0.0, 0.0, 0.0, 0.0, 0.0, 0.0, 0.0, 0.0, 0.0, 0.0, 0.0, 0.0, 0.0, 0.0, 0.0, 0.0, 0.0, 0.0, 0.0, 0.0, 0.0, 0.0, 0.0, 0.0], [0.0, 0.0, 0.0, 0.0, 0.0, 0.0, 0.9773667687912753, 0.0, 0.0, 0.0, 0.0, 0.0, 0.0, 0.0, 0.0, 0.0, 0.0, 0.0, 0.0, 0.0, 0.0, 0.0, 0.0, 0.0, 0.0, 0.0, 0.0, 0.0, 0.0, 0.0, 0.0, 0.0, 0.0, 0.0, 0.0, 0.0, 0.0, 0.0, 0.0], [0.0, 0.0, 0.0, 0.0, 0.0, 0.0, 0.0, 0.9755308047577856, 0.0, 0.0, 0.0, 0.0, 0.0, 0.0, 0.0, 0.0, 0.0, 0.0, 0.0, 0.0, 0.0, 0.0, 0.0, 0.0, 0.0, 0.0, 0.0, 0.0, 0.0, 0.0, 0.0, 0.0, 0.0, 0.0, 0.0, 0.0, 0.0, 0.0, 0.0], [0.0, 0.0, 0.0, 0.0, 0.0, 0.0, 0.0, 0.9771595377109229, 0.0, 0.0, 0.0, 0.0, 0.0, 0.0, 0.0, 0.0, 0.0, 0.0, 0.0, 0.0, 0.0, 0.0, 0.0, 0.0, 0.0, 0.0, 0.0, 0.0, 0.0, 0.0, 0.0, 0.0, 0.0, 0.0, 0.0, 0.0, 0.0, 0.0, 0.0], [0.0, 0.0, 0.0, 0.0, 0.0, 0.0, 0.0, 0.0, 0.9770742291836907, 0.0, 0.0, 0.0, 0.0, 0.0, 0.0, 0.0, 0.0, 0.0, 0.0, 0.0, 0.0, 0.0, 0.0, 0.0, 0.0, 0.0, 0.0, 0.0, 0.0, 0.0, 0.0, 0.0, 0.0, 0.0, 0.0, 0.0, 0.0, 0.0, 0.0], [0.0, 0.0, 0.0, 0.0, 0.0, 0.0, 0.0, 0.0, 0.9766462303038215, 0.0, 0.0, 0.0, 0.0, 0.0, 0.0, 0.0, 0.0, 0.0, 0.0, 0.0, 0.0, 0.0, 0.0, 0.0, 0.0, 0.0, 0.0, 0.0, 0.0, 0.0, 0.0, 0.0, 0.0, 0.0, 0.0, 0.0, 0.0, 0.0, 0.0], [0.0, 0.0, 0.0, 0.0, 0.0, 0.0, 0.0, 0.0, 0.0, 0.9769438371181489, 0.0, 0.0, 0.0, 0.0, 0.0, 0.0, 0.0, 0.0, 0.0, 0.0, 0.0, 0.0, 0.0, 0.0, 0.0, 0.0, 0.0, 0.0, 0.0, 0.0, 0.0, 0.0, 0.0, 0.0, 0.0, 0.0, 0.0, 0.0, 0.0], [0.0, 0.0, 0.0, 0.0, 0.0, 0.0, 0.0, 0.0, 0.0, 0.9767254787401484, 0.0, 0.0, 0.0, 0.0, 0.0, 0.0, 0.0, 0.0, 0.0, 0.0, 0.0, 0.0, 0.0, 0.0, 0.0, 0.0, 0.0, 0.0, 0.0, 0.0, 0.0, 0.0, 0.0, 0.0, 0.0, 0.0, 0.0, 0.0, 0.0], [0.0, 0.0, 0.0, 0.0, 0.0, 0.0, 0.0, 0.0, 0.0, 0.0, 0.9754987142135239, 0.0, 0.0, 0.0, 0.0, 0.0, 0.0, 0.0, 0.0, 0.0, 0.0, 0.0, 0.0, 0.0, 0.0, 0.0, 0.0, 0.0, 0.0, 0.0, 0.0, 0.0, 0.0, 0.0, 0.0, 0.0, 0.0, 0.0, 0.0], [0.0, 0.0, 0.0, 0.0, 0.0, 0.0, 0.0, 0.0, 0.0, 0.0, 0.973116664147236, 0.0, 0.0, 0.0, 0.0, 0.0, 0.0, 0.0, 0.0, 0.0, 0.0, 0.0, 0.0, 0.0, 0.0, 0.0, 0.0, 0.0, 0.0, 0.0, 0.0, 0.0, 0.0, 0.0, 0.0, 0.0, 0.0, 0.0, 0.0], [0.0, 0.0, 0.0, 0.0, 0.0, 0.0, 0.0, 0.0, 0.0, 0.0, 0.0, 0.9730770068491534, 0.0, 0.0, 0.0, 0.0, 0.0, 0.0, 0.0, 0.0, 0.0, 0.0, 0.0, 0.0, 0.0, 0.0, 0.0, 0.0, 0.0, 0.0, 0.0, 0.0, 0.0, 0.0, 0.0, 0.0, 0.0, 0.0, 0.0], [0.0, 0.0, 0.0, 0.0, 0.0, 0.0, 0.0, 0.0, 0.0, 0.0, 0.0, 0.9732459636749624, 0.0, 0.0, 0.0, 0.0, 0.0, 0.0, 0.0, 0.0, 0.0, 0.0, 0.0, 0.0, 0.0, 0.0, 0.0, 0.0, 0.0, 0.0, 0.0, 0.0, 0.0, 0.0, 0.0, 0.0, 0.0, 0.0, 0.0], [0.0, 0.0, 0.0, 0.0, 0.0, 0.0, 0.0, 0.0, 0.0, 0.0, 0.0, 0.0, 0.904099737589376, 0.0, 0.0, 0.0, 0.0, 0.0, 0.0, 0.0, 0.0, 0.0, 0.0, 0.0, 0.0, 0.0, 0.0, 0.0, 0.0, 0.0, 0.0, 0.0, 0.0, 0.0, 0.0, 0.0, 0.0, 0.0, 0.0]], "Born radii": [], "Atomic SASAs": [], "Solvent H bonds": [], "Total SASA": NaN, "Total FOD": 0.0, "FOD": [0.0, 0.0, 0.0, 0.0, 0.0, 0.0, 0.0, 0.0, 0.0, 0.0, 0.0, 0.0, 0.0, 0.0, 0.0, 0.0, 0.0, 0.0, 0.0, 0.0, 0.0, 0.0, 0.0, 0.0, 0.0, 0.0, 0.0, 0.0, 0.0, 0.0, 0.0, 0.0, 0.0, 0.0, 0.0, 0.0, 0.0, 0.0, 0.0], "FOD s proportion": [0.0, 0.0, 0.0, 0.0, 0.0, 0.0, 0.0, 0.0, 0.0, 0.0, 0.0, 0.0, 0.0, 0.0, 0.0, 0.0, 0.0, 0.0, 0.0, 0.0, 0.0, 0.0, 0.0, 0.0, 0.0, 0.0, 0.0, 0.0, 0.0, 0.0, 0.0, 0.0, 0.0, 0.0, 0.0, 0.0, 0.0, 0.0, 0.0], "FOD p proportion": [0.0, 0.0, 0.0, 0.0, 0.0, 0.0, 0.0, 0.0, 0.0, 0.0, 0.0, 0.0, 0.0, 0.0, 0.0, 0.0, 0.0, 0.0, 0.0, 0.0, 0.0, 0.0, 0.0, 0.0, 0.0, 0.0, 0.0, 0.0, 0.0, 0.0, 0.0, 0.0, 0.0, 0.0, 0.0, 0.0, 0.0, 0.0, 0.0], "FOD d proportion": [0.0, 0.0, 0.0, 0.0, 0.0, 0.0, 0.0, 0.0, 0.0, 0.0, 0.0, 0.0, 0.0, 0.0, 0.0, 0.0, 0.0, 0.0, 0.0, 0.0, 0.0, 0.0, 0.0, 0.0, 0.0, 0.0, 0.0, 0.0, 0.0, 0.0, 0.0, 0.0, 0.0, 0.0, 0.0, 0.0, 0.0, 0.0, 0.0], "coordinates": [["6.97360", "-0.06100", "-0.11240"], ["5.63880", "0.50010", "0.35100"], ["4.46890", "-0.33180", "-0.17410"], ["3.12810", "0.23590", "0.29430"], ["1.95730", "-0.59650", "-0.23110"], ["0.61650", "-0.02870", "0.23730"], ["-0.55430", "-0.86110", "-0.28830"], ["-1.89590", "-0.29330", "0.18090"], ["-3.06520", "-1.12570", "-0.34970"], ["-4.42730", "-0.67000", "0.18130"], ["-4.83340", "0.72130", "-0.30190"], ["-6.24060", "1.08340", "0.15760"], ["-6.58750", "2.37520", "-0.32300"], ["7.11370", "-1.08620", "0.24500"], ["7.03910", "-0.06580", "-1.20520"], ["7.79600", "0.54890", "0.27440"], ["5.61860", "0.52110", "1.44680"], ["5.54440", "1.53590", "0.00470"], ["4.49620", "-0.35310", "-1.27040"], ["4.57030", "-1.36770", "0.17170"], ["3.02680", "1.27180", "-0.05170"], ["3.10100", "0.25700", "1.39060"], ["2.05860", "-1.63230", "0.11480"], ["1.98440", "-0.61750", "-1.32740"], ["0.51540", "1.00720", "-0.10860"], ["0.58930", "-0.00770", "1.33360"], ["-0.45220", "-1.89690", "0.05750"], ["-0.52770", "-0.88170", "-1.38460"], ["-1.98540", "0.74300", "-0.16340"], ["-1.92390", "-0.27630", "1.27700"], ["-3.07080", "-1.10070", "-1.44620"], ["-2.91920", "-2.17350", "-0.05890"], ["-4.42170", "-0.69460", "1.27780"], ["-5.18140", "-1.39650", "-0.14650"], ["-4.78540", "0.77340", "-1.39660"], ["-4.13360", "1.47940", "0.06780"], ["-6.31440", "1.08790", "1.24990"], ["-6.97390", "0.37110", "-0.23300"], ["-5.94340", "3.00600", "0.04140"]], "bond_dist": [[0.0, 1.5202841214720362, 2.520051908195544, 3.8783275712605816, 5.046198136220971, 6.366793053806602, 7.572343047564605, 8.877388040972413, 10.097891008522522, 11.420930850854495, 11.834405457816628, 13.266409951452578, 13.779798837791501, 1.0947135744111334, 1.0947717250641797, 1.094501717677958, 2.146152382753844, 2.146255963299811, 2.7502358389781776, 2.7502779114118634, 4.166205776242935, 4.1661929576053005, 5.16505842464536, 5.165078304343508, 6.545946296754963, 6.54622359685338, 7.651267898851798, 7.652551405903786, 8.995148581318709, 9.007901681301812, 10.185772915689805, 10.115977972494802, 11.497259112066669, 12.22819479972412, 11.858308226724418, 11.214954125630653, 13.406967460988335, 13.954712860535684, 13.27701142727534], [1.5202841214720362, 0.0, 1.528546247255869, 2.525199204023318, 3.8852045274348166, 5.051341843510494, 6.373072849105053, 7.578266402020979, 8.882219437167718, 10.135299764190497, 10.494864491264288, 11.89528422569213, 12.387602177176985, 2.168620229546889, 2.168603546063688, 2.159111122661361, 1.0961873380038654, 1.0962283931736123, 2.159264448834371, 2.1592863589621456, 2.7532221450511396, 2.7532334826527154, 4.173817466061495, 4.173810690484176, 5.168908021042743, 5.169217914733331, 6.552253982409413, 6.553426649471252, 7.645392953275849, 7.658635926194689, 9.036017963682896, 8.975272640427141, 10.173491366291124, 10.996423320789354, 10.57320879818421, 9.825427852770586, 12.001354935589564, 12.626872070706982, 11.854228942027397], [2.520051908195544, 1.528546247255869, 0.0, 1.5295183849826715, 2.5261531327296844, 3.886142731552715, 5.05230030481166, 6.3748087257579735, 7.577847674636908, 8.909717326604701, 9.362592468969265, 10.807691991355044, 11.383936101805913, 2.782037240944125, 2.782058814978577, 3.470789413087461, 2.1625367765658927, 2.162631031868359, 1.0968466939367598, 1.0967900482772441, 2.160131276103376, 2.1601208160656196, 2.753962517900343, 2.753990855104642, 4.174610580641025, 4.174864819368406, 5.169178056519237, 5.170465338825897, 6.5431871454208, 6.555658876116113, 7.684824117050435, 7.615060836263884, 9.015675560378156, 9.708894784680695, 9.399895838784598, 8.794428196307022, 10.9691787741836, 11.464519591330463, 10.936331212065587], [3.8783275712605816, 2.525199204023318, 1.5295183849826715, 0.0, 1.5296102640869012, 2.526142656304271, 3.8862451698265255, 5.053067207152504, 6.373825809511898, 7.610354326179563, 7.998534231345141, 9.40794785434103, 9.967474461467157, 4.199450709319017, 4.199457600690833, 4.678424459152889, 2.75901894520498, 2.759053071254702, 2.1603019927778617, 2.1602093787408663, 1.0968438813249586, 1.0968378686022835, 2.160143916501861, 2.1601509530586047, 2.7538034406979737, 2.7540862168784765, 4.174141608762214, 4.175237551325672, 5.158926433861992, 5.172112927034753, 6.575880246780654, 6.519186750661465, 7.670240057521016, 8.47978918664845, 8.109964938888453, 7.370880638702543, 9.528897187502864, 10.116655985551747, 9.488388939646182], [5.046198136220971, 3.8852045274348166, 2.5261531327296844, 1.5296102640869012, 0.0, 1.5295555040599214, 2.526147177026707, 3.8870071366026586, 5.051695245162756, 6.3983273728373735, 6.917746451699426, 8.377273787456156, 9.047267738936435, 5.201436172827654, 5.201461769541328, 5.971422703175517, 4.179652600396353, 4.179715039329834, 2.754160717895744, 2.7540454389860742, 2.1602220950633755, 2.1601904615102807, 1.0967178944468812, 1.096835949447318, 2.1600776722145896, 2.1601841426137725, 2.753183678943343, 2.7544738680916905, 4.164580030447248, 4.176195288776615, 5.197352716527906, 5.128043885342636, 6.555764167509384, 7.183884384509539, 6.978468281077159, 6.441875878189521, 8.570390029047685, 8.983461849977434, 8.68753837344043], [6.366793053806602, 5.051341843510494, 3.886142731552715, 2.526142656304271, 1.5295555040599214, 0.0, 1.5296789728567233, 2.5269245892982246, 3.886244059500124, 5.0847143607089675, 5.527625769713431, 6.947153295415324, 7.615135409170345, 6.582702589362518, 6.582702592400784, 7.202792404338751, 5.175536175122342, 5.175545800203105, 4.174981046663565, 4.174896262184247, 2.7539730100347755, 2.753990855104642, 2.160136944732903, 2.16012081606562, 1.0967938867444513, 1.096838424746325, 2.1597728977834683, 2.160407889728234, 2.7433492285890253, 2.7560685786097556, 4.192795909652651, 4.145971052720943, 5.187438896025669, 5.9694073148010265, 5.700308520597812, 4.98663672929962, 7.092921057646138, 7.615457589009344, 7.230495758245073], [7.572343047564605, 6.373072849105053, 5.05230030481166, 3.8862451698265255, 2.526147177026707, 1.5296789728567233, 0.0, 1.530501891537544, 2.525549827265342, 3.9060430578783945, 4.562331808406749, 6.0261027828937666, 6.8464840626412045, 7.689818131789593, 7.689793967330985, 8.487181003136437, 6.5594011357745154, 6.559390191930955, 5.170119404810685, 5.170084014791248, 4.174867564366564, 4.174933641388806, 2.753994455332109, 2.753918564518566, 2.1603460532979435, 2.16024816398487, 1.0967605436010177, 1.0968161240609111, 2.153319305165864, 2.160546062920205, 2.780451909312585, 2.7143636694444613, 4.175784264063459, 4.660130342597727, 4.669274713486025, 4.291402562100181, 6.27243272183927, 6.53702065852633, 6.64120194768989], [8.877388040972413, 7.578266402020979, 6.3748087257579735, 5.053067207152504, 3.8870071366026586, 2.5269245892982246, 1.530501891537544, 0.0, 1.5302576939849053, 2.55927509463129, 3.1450620423133153, 4.557659911621313, 5.420877975014749, 9.044649876031686, 9.044736284712783, 9.728872940890945, 7.6637758591963, 7.66388172990685, 6.555058362821799, 6.554857926759358, 5.170746180194885, 5.17061058193324, 4.17556708244521, 4.175739769190604, 2.7549007586481222, 2.7543608496346295, 2.1612566275202028, 2.160781351733673, 1.0956598149060686, 1.0965893534044546, 2.1632704823946542, 2.154019259431076, 2.7827858235947662, 3.4811996854532774, 3.4605729857929597, 2.8570191091415547, 4.751170033791676, 5.137978646316078, 5.223705293180311], [10.097891008522522, 8.882219437167718, 7.577847674636908, 6.373825809511898, 5.051695245162756, 3.886244059500124, 2.525549827265342, 1.5302576939849053, 0.0, 1.5313196596400112, 2.557386376752641, 3.901364025568493, 4.9662471736714835, 10.196334319254149, 10.195692558624941, 11.007245405186532, 9.019298472165115, 9.01858780962962, 7.656328703105687, 7.6571066474223795, 6.553569580770468, 6.554580522047159, 5.16969343868667, 5.168425745814677, 4.174696154212903, 4.175978105785518, 2.7546924111413964, 2.7512652107712188, 2.1662676242791425, 2.1610643072338225, 1.0967992569289968, 1.0971624674586715, 2.162104463248712, 2.143111131042905, 2.76797190375914, 2.8464593480322185, 4.244531276831401, 4.1871189163910785, 5.050538519801625], [11.420930850854495, 10.135299764190497, 8.909717326604701, 7.610354326179563, 6.3983273728373735, 5.0847143607089675, 3.9060430578783945, 2.55927509463129, 1.5313196596400112, 0.0, 1.5277811165216046, 2.522504735377121, 3.7674959283322393, 11.548677895326373, 11.56571523296333, 12.284276442265535, 10.195112371622002, 10.214302876848718, 9.046364504595203, 9.024615405101757, 7.70639234986125, 7.680952830215793, 6.557235877258038, 6.587019722909595, 5.227554412916234, 5.189673606307047, 4.161974298334866, 4.207581236292414, 2.8422284742785893, 2.760900168423335, 2.1620247431516595, 2.1430291411924385, 1.0967902123925068, 1.0972337490252477, 2.1682729486851975, 2.1723402818159037, 2.791641950537354, 2.782212295997558, 3.9788323940573314], [11.834405457816628, 10.494864491264288, 9.362592468969265, 7.998534231345141, 6.917746451699426, 5.527625769713431, 4.562331808406749, 3.1450620423133153, 2.557386376752641, 1.5277811165216046, 0.0, 1.5239647305630137, 2.4109535934978092, 12.095426998250206, 11.93280074207225, 12.64371732561275, 10.59916674696648, 10.414235908601265, 9.441067935885219, 9.644573170959927, 7.88342529171172, 8.126182012482861, 7.294706015323715, 7.02327790493869, 5.359922120702874, 5.710689672885404, 5.116546984050864, 4.720264905701797, 2.85144825308123, 3.4573575487646635, 2.781342346781496, 3.478947783454072, 2.1609539074214426, 2.1518201597717224, 1.0969897447104964, 1.0959533475472392, 2.176198474404391, 2.170052418721723, 2.5631638613245156], [13.266409951452578, 11.89528422569213, 10.807691991355044, 9.40794785434103, 8.377273787456156, 6.947153295415324, 6.0261027828937666, 4.557659911621313, 3.901364025568493, 2.522504735377121, 1.5239647305630137, 0.0, 1.4212892773816315, 13.529675953621355, 13.398817730307401, 14.047258524352713, 11.94231311639416, 11.79467505529508, 10.926188287321429, 11.085289749483321, 9.271677507873104, 9.458790436414162, 8.732329527107872, 8.529297204928433, 6.761671751867285, 7.015768612204937, 6.511357973572025, 6.235160403710557, 4.280845734197857, 4.662160372616969, 4.170143797280856, 4.656819496179769, 2.7793037347508456, 2.7137216990693793, 2.151567958489808, 2.145770034276739, 1.094799515893207, 1.0943804365941494, 1.948902521933819], [13.779798837791501, 12.387602177176985, 11.383936101805913, 9.967474461467157, 9.047267738936435, 7.615135409170345, 6.8464840626412045, 5.420877975014749, 4.9662471736714835, 3.7674959283322393, 2.4109535934978092, 1.4212892773816315, 0.0, 14.143082952454177, 13.871589144723108, 14.511282875748789, 12.4723195942054, 12.16531172596905, 11.45380257119879, 11.779241458599955, 9.681211687593656, 10.064304667983775, 9.539746867710905, 9.134688952558811, 7.23661383314047, 7.741381931541681, 7.485821581496583, 6.961003391034945, 4.885578103970911, 5.598179812224685, 5.070565840219413, 5.849516680034343, 4.083738767355229, 4.029142632124111, 2.639307600489189, 2.641364702194682, 2.050789923419754, 2.0429933357698458, 0.9723995115177716], [1.0947135744111334, 2.168620229546889, 2.782037240944125, 4.199450709319017, 5.201436172827654, 6.582702589362518, 7.689818131789593, 9.044649876031686, 10.196334319254149, 11.548677895326373, 12.095426998250206, 13.529675953621355, 14.143082952454177, 0.0, 1.7747848771048282, 1.771990310357255, 2.502610744802315, 3.0652658922188136, 3.1121020259625163, 2.559980214767294, 4.727678764467822, 4.383873502965157, 5.086178650027936, 5.385335638565158, 6.931444251380805, 6.701940582398504, 7.611519792393632, 7.815907520563432, 9.290122927604349, 9.132314918463992, 10.32397248833994, 10.096220030783797, 11.588161181136547, 12.305244505900726, 12.154897923471017, 11.53756735581639, 13.640029487871352, 14.170839108888366, 13.684860766920501], [1.0947717250641797, 2.168603546063688, 2.782058814978577, 4.199457600690833, 5.201461769541328, 6.582702592400784, 7.689793967330985, 9.044736284712783, 10.195692558624941, 11.56571523296333, 11.93280074207225, 13.398817730307401, 13.871589144723108, 1.7747848771048282, 0.0, 1.7719960101535217, 3.0651877365016325, 2.502684356845665, 2.559908736654493, 3.112197079235183, 4.383866706459036, 4.727685383990775, 5.385322877971199, 5.086186962745275, 6.701680554159531, 6.931724250862841, 7.814532243839039, 7.612774751035263, 9.120367587438569, 9.302741321245046, 10.165587883639589, 10.243248599443442, 11.743535033370488, 12.338242517879118, 11.855787230293904, 11.350656251072007, 13.626243134114407, 14.053477272547177, 13.399077320845642], [1.094501717677958, 2.159111122661361, 3.470789413087461, 4.678424459152889, 5.971422703175517, 7.202792404338751, 8.487181003136437, 9.728872940890945, 11.007245405186532, 12.284276442265535, 12.64371732561275, 14.047258524352713, 14.511282875748789, 1.771990310357255, 1.7719960101535217, 0.0, 2.473128658197952, 2.473178046562762, 3.7534905195031465, 3.7535374435324345, 4.83468657308827, 4.834680242787521, 6.140102960048797, 6.140109670030332, 7.305057443305974, 7.305356465635335, 8.605915784505447, 8.60714116591566, 9.793116440132835, 9.806254015168076, 11.125151089311103, 11.060653764131667, 12.321740830743032, 13.129152628025922, 12.693867307089672, 11.967617556138732, 14.154345954864889, 14.779682459714756, 13.959324545621826], [2.146152382753844, 1.0961873380038654, 2.1625367765658927, 2.75901894520498, 4.179652600396353, 5.175536175122342, 6.5594011357745154, 7.6637758591963, 9.019298472165115, 10.195112371622002, 10.59916674696648, 11.94231311639416, 12.4723195942054, 2.502610744802315, 3.0651877365016325, 2.473128658197952, 0.0, 1.7649297691409709, 3.0671131769140834, 2.5084613491142336, 3.086499632269539, 2.5320381138521593, 4.368633145504438, 4.711688151819898, 5.357071271693144, 5.058290439466679, 6.680680439146899, 6.910982382411346, 7.775782896274818, 7.586434277709126, 9.30082558701108, 9.07865796745312, 10.115043824917418, 11.084033320502064, 10.788502901237038, 9.895725578753687, 11.948076031311485, 12.70493149489599, 11.909228403637238], [2.146255963299811, 1.0962283931736123, 2.162631031868359, 2.759053071254702, 4.179715039329834, 5.175545800203105, 6.559390191930955, 7.66388172990685, 9.01858780962962, 10.214302876848718, 10.414235908601265, 11.79467505529508, 12.16531172596905, 3.0652658922188136, 2.502684356845665, 2.473178046562762, 1.7649297691409709, 0.0, 2.508570160469904, 3.067189718618658, 2.532042560858723, 3.086504103350586, 4.711731623299443, 4.368663636628483, 5.057983944221255, 5.357396026055943, 6.909856383456896, 6.681717044293331, 7.573297568430809, 7.789629068190603, 9.125702242019516, 9.241007427764572, 10.291698745591033, 11.120459380798978, 10.452263677309332, 9.678370620099233, 11.932408159294585, 12.574621076597099, 11.581540905250908], [2.7502358389781776, 2.159264448834371, 1.0968466939367598, 2.1603019927778617, 2.754160717895744, 4.174981046663565, 5.170119404810685, 6.555058362821799, 7.656328703105687, 9.046364504595203, 9.441067935885219, 10.926188287321429, 11.45380257119879, 3.1121020259625163, 2.559908736654493, 3.7534905195031465, 3.0671131769140834, 2.508570160469904, 0.0, 1.7648105790707398, 2.506923624684246, 3.065897266706763, 3.0817244263561268, 2.526320565565661, 4.364282755505193, 4.707864140987928, 5.35100919546958, 5.0529229966426366, 6.666185023684837, 6.907447358467526, 7.6058727572843345, 7.731089546111854, 9.28110370053045, 9.798355807481173, 9.350562937599, 8.923131935032677, 11.193635041844093, 11.539664570948327, 11.044891136176942], [2.7502779114118634, 2.1592863589621456, 1.0967900482772441, 2.1602093787408663, 2.7540454389860742, 4.174896262184247, 5.170084014791248, 6.554857926759358, 7.6571066474223795, 9.024615405101757, 9.644573170959927, 11.085289749483321, 11.779241458599955, 2.559980214767294, 3.112197079235183, 3.7535374435324345, 2.5084613491142336, 3.067189718618658, 1.7648105790707398, 0.0, 3.065821270067777, 2.5068326210578955, 2.526239826303116, 3.0817169986875816, 4.707539921232745, 4.3643983101912225, 5.051593860357343, 5.352370473911536, 6.8952555420375825, 6.677385393250864, 7.8150686893974255, 7.536252400895289, 9.08474462051631, 9.75693259021502, 9.724864862300143, 9.158310369822592, 11.210226611893265, 11.681428044978063, 11.387893460601044], [4.166205776242935, 2.7532221450511396, 2.160131276103376, 1.0968438813249586, 2.1602220950633755, 2.7539730100347755, 4.174867564366564, 5.170746180194885, 6.553569580770468, 7.70639234986125, 7.88342529171172, 9.271677507873104, 9.681211687593656, 4.727678764467822, 4.383866706459036, 4.83468657308827, 3.086499632269539, 2.532042560858723, 2.506923624684246, 3.065821270067777, 0.0, 1.7650931901743887, 3.065767489552983, 2.506683613861151, 2.5259415531638894, 3.0818148208482614, 4.707018730576712, 4.364476476050708, 5.041255316882889, 5.354576340850881, 6.689851437812353, 6.872049179829841, 7.817573246219061, 8.631532840115943, 7.942772023040823, 7.164405500109553, 9.433239062485379, 10.042814877811898, 9.136772148302704], [4.1661929576053005, 2.7532334826527154, 2.1601208160656196, 1.0968378686022835, 2.1601904615102807, 2.753990855104642, 4.174933641388806, 5.17061058193324, 6.554580522047159, 7.680952830215793, 8.126182012482861, 9.458790436414162, 10.064304667983775, 4.383873502965157, 4.727685383990775, 4.834680242787521, 2.5320381138521593, 3.086504103350586, 3.065897266706763, 2.5068326210578955, 1.7650931901743887, 0.0, 2.506734507282333, 3.0657902423355714, 3.081513920137308, 2.5262525566538274, 4.363676323926879, 4.708060791875993, 5.340653233453751, 5.054397477444764, 6.926896763342153, 6.652156683362171, 7.583487435870123, 8.584572698742786, 8.380361433733034, 7.455434176491669, 9.453039112370158, 10.205523297705023, 9.548744053539188], [5.16505842464536, 4.173817466061495, 2.753962517900343, 2.160143916501861, 1.0967178944468812, 2.160136944732903, 2.753994455332109, 4.17556708244521, 5.16969343868667, 6.557235877258038, 7.294706015323715, 8.732329527107872, 9.539746867710905, 5.086178650027936, 5.385322877971199, 6.140102960048797, 4.368633145504438, 4.711731623299443, 3.0817244263561268, 2.526239826303116, 3.065767489552983, 2.506734507282333, 0.0, 1.7650114787162152, 3.065670244824123, 2.5067191885011773, 2.525354052405326, 3.0822959640501755, 4.698231723744584, 4.364602054025085, 5.387955448962065, 5.0101459030651, 6.650273556779451, 7.2485501536514185, 7.410267097075517, 6.930240019653, 8.876658664722893, 9.258543765085307, 9.249390166383943], [5.165078304343508, 4.173810690484176, 2.753990855104642, 2.1601509530586047, 1.096835949447318, 2.16012081606562, 2.753918564518566, 4.175739769190604, 5.168425745814677, 6.587019722909595, 7.02327790493869, 8.529297204928433, 9.134688952558811, 5.385335638565158, 5.086186962745275, 6.140109670030332, 4.711688151819898, 4.368663636628483, 2.526320565565661, 3.0817169986875816, 2.506683613861151, 3.0657902423355714, 1.7650114787162152, 0.0, 2.506608172411476, 3.0657920754676105, 3.0808816806232597, 2.526602440036817, 4.354901639532172, 4.708941037006091, 5.079630175514749, 5.298633900355827, 6.9160052530344425, 7.304112228738, 6.911554346888983, 6.6161542190308715, 8.855560168052612, 9.078886507165954, 8.823456155611586], [6.545946296754963, 5.168908021042743, 4.174610580641025, 2.7538034406979737, 2.1600776722145896, 1.0967938867444513, 2.1603460532979435, 2.7549007586481222, 4.174696154212903, 5.2275