{"total energy": -37.79219107, "HOMO-LUMO gap/eV": 1.08258904, "electronic energy": -38.12446389, "dipole": [-0.14223779, 0.33619596, 2.87965871], "partial charges": [-0.04816758, -0.05665248, -0.05073395, 0.13881028, -0.3238828, -0.06644399, -0.06645084, 0.13880834, -0.32388042, -0.05661773, -0.04816304, -0.05073572, 0.06546728, 0.05914052, 0.07625358, 0.06106456, 0.06492958, 0.08020483, 0.07626394, 0.05912861, 0.06545591, 0.06107071, 0.06491572, 0.08021467], "atomic dipole moments": [[0.02116411, -0.09995612, -0.13383445], [-0.04247585, -0.01595423, 0.05701594], [0.04477567, 0.15850578, -0.03842719], [0.00684295, -0.10365127, -0.015599], [-0.03536731, -0.13015274, -0.05265833], [0.24469501, 0.2469624, 0.128984], [-0.25887462, -0.213447, 0.1578348], [-0.00412055, 0.09720984, -0.03956055], [0.04178887, 0.11497239, -0.07746768], [0.03689397, 0.02910718, 0.05568516], [-0.00693342, 0.06626426, -0.15468503], [-0.04265147, -0.16360593, -0.00517485], [-0.12713038, 0.02476139, 0.00526527], [0.03986599, -0.05865048, 0.1059044], [0.07078504, 0.11529785, -0.00382901], [0.09253585, -0.04834327, 0.0717889], [-0.11086074, -0.00284964, 0.06417017], [-0.02159557, -0.08050505, -0.11274848], [-0.07137983, -0.11386708, 0.01592403], [-0.04929778, 0.0809463, 0.08520977], [0.12573094, -0.02143111, 0.02317794], [-0.09850609, 0.0625047, 0.04942364], [0.10412496, 0.01879041, 0.07228194], [0.03338219, 0.05268804, -0.12556705]], "atomic quadrupole moments": [[-0.19450815, -0.04227219, 0.02199343, -0.0832472, 0.21574028, 0.17251471], [0.01346111, -0.03093674, 0.05468002, 0.01768356, 0.03898094, -0.06814113], [-0.16642198, 0.10521908, 0.27817729, -0.05741898, -0.10972691, -0.11175532], [0.31245189, -0.01538266, -0.17989929, 0.15384372, 0.18270283, -0.13255261], [0.11811148, 0.00212798, 0.28755008, 0.22964399, -0.18259195, -0.40566156], [0.42966937, -0.08352206, -0.20245215, -0.02264548, 0.32771207, -0.22721722], [0.41787289, -0.03793254, -0.35200158, 0.09314585, -0.30327955, -0.06587132], [0.33799975, -0.0285888, -0.26020824, -0.10624132, -0.15798972, -0.07779152], [0.1572347, -0.05343265, 0.33143289, -0.16470203, 0.00054423, -0.48866759], [0.01551437, -0.02813142, 0.02995086, -0.00356487, -0.06547697, -0.04546523], [-0.20760563, -0.00797151, -0.06703789, 0.04673133, -0.15974736, 0.27464353], [-0.17480263, 0.1085584, 0.30921128, 0.02820079, 0.02192529, -0.13440865], [0.06020394, -0.02280182, -0.03596131, -0.00406372, 0.02205597, -0.02424262], [-0.04434178, -0.02359738, 0.00922052, 0.02541052, -0.03784298, 0.03512125], [-0.01503551, 0.04649532, 0.02996694, -0.02192502, -0.01654055, -0.01493143], [0.02122878, -0.01800484, -0.00313561, 0.04789688, -0.03028734, -0.01809318], [0.03457864, -0.00459155, -0.01497095, -0.05379258, 0.0049578, -0.01960769], [-0.04769257, 0.00682872, -0.01699435, -0.0082075, 0.02150664, 0.06468692], [-0.01827402, 0.04901313, 0.03615654, 0.01077664, 0.00969801, -0.01788252], [-0.03928196, -0.03331297, 0.02686299, -0.0252364, 0.0363526, 0.01241897], [0.05813128, -0.01831132, -0.04567075, 0.01651004, -0.01886746, -0.01246054], [0.02967512, -0.03051913, 0.0089585, -0.03683141, 0.0203796, -0.03863362], [0.02354871, 0.00890237, -0.01723855, 0.05742672, -0.00402429, -0.00631016], [-0.04802077, 0.00828484, -0.02212134, -0.00510501, -9.176e-05, 0.07014211]], "number of molecular orbitals": 80, "number of electrons": 70, "number of unpaired electrons": 0, "orbital energies/eV": [-20.23097302, -19.93277047, -19.17006363, -19.16256132, -18.71668834, -18.70198647, -17.8422263, -17.83370964, -17.65877567, -17.60662601, -16.07251428, -15.98421617, -15.54220411, -15.40476128, -15.39465647, -15.29066257, -14.83478048, -14.82335295, -14.06010335, -13.98262399, -13.93990137, -13.80347871, -13.66734048, -13.58989447, -13.57219207, -13.39346037, -13.13037805, -12.73458241, -12.19279986, -11.05669424, -10.88485439, -10.64736136, -10.57394469, -9.87391246, -9.75092484, -8.6683358, -7.88235652, -6.58676436, -5.84436768, -5.53172408, -3.91319898, -3.70883136, -2.01410526, -1.90738855, -0.96740159, -0.92130836, -0.24746369, -0.14337153, 0.06035324, 0.1683109, 0.21021724, 0.2858868, 0.31351275, 0.52190823, 0.62503615, 0.71668983, 0.90451441, 2.01615499, 2.03955528, 2.41861262, 2.46855289, 2.60839948, 3.04635828, 3.46997219, 3.58976268, 4.09608131, 4.25796843, 4.57001154, 4.64134065, 4.79106622, 4.91884802, 5.41584933, 5.73507329, 6.90309131, 8.45068228, 8.51958182, 10.45950583, 12.74609655, 14.76048022, 15.57923163], "fractional occupation": [2.0, 2.0, 2.0, 2.0, 2.0, 2.0, 2.0, 2.0, 2.0, 2.0, 2.0, 2.0, 2.0, 2.0, 2.0, 2.0, 2.0, 2.0, 2.0, 2.0, 2.0, 2.0, 2.0, 2.0, 2.0, 2.0, 2.0, 2.0, 2.0, 2.0, 2.0, 2.0, 2.0, 2.0, 2.0, 0.0, 0.0, 0.0, 0.0, 0.0, 0.0, 0.0, 0.0, 0.0, 0.0, 0.0, 0.0, 0.0, 0.0, 0.0, 0.0, 0.0, 0.0, 0.0, 0.0, 0.0, 0.0, 0.0, 0.0, 0.0, 0.0, 0.0, 0.0, 0.0, 0.0, 0.0, 0.0, 0.0, 0.0, 0.0, 0.0, 0.0, 0.0, 0.0, 0.0, 0.0, 0.0, 0.0, 0.0, 0.0], "program call": "xtb /home/svss/Project-DBcg-Debug/aqme2_20220329/End-to-End-workflows-final/example-3/QDESCP/mol_1061_rdkit_conf_2/mol_1061_rdkit_conf_2.xyz --pop --wbo --acc 0.2 --gfn 2 --chrg 0 --uhf 0 --etemp 300 --input /home/svss/Project-DBcg-Debug/aqme2_20220329/End-to-End-workflows-final/example-3/QDESCP/mol_1061_rdkit_conf_2/mol_1061_rdkit_conf_2_xtb.inp", "method": "GFN2-xTB", "xtb version": "6.3.3 (7355c4f)", "Dipole module/D": 7.378, "Total charge": 0, "Transition dipole module/D": NaN, "HOMO": -9.7509, "LUMO": -8.6683, "HOMO occupancy": 2.0, "LUMO occupancy": 0, "mulliken charges": [0.06022, -0.25526, 0.05705, 0.24131, -0.26249, -0.05948, -0.05948, 0.2413, -0.26249, -0.25524, 0.06023, 0.05705, 0.03873, 0.02925, 0.03857, 0.03419, 0.03461, 0.04329, 0.03857, 0.02924, 0.03873, 0.03419, 0.0346, 0.04329], "cm5 charges": [-0.02833, -0.51333, -0.03165, 0.33039, -0.27663, -0.07148, -0.07148, 0.33039, -0.27664, -0.51332, -0.02831, -0.03164, 0.10019, 0.09076, 0.1008, 0.09692, 0.09604, 0.10633, 0.10081, 0.09075, 0.10018, 0.09692, 0.09601, 0.10634], "FUKUI+": [0.028, -0.049, 0.028, 0.02, -0.203, -0.166, -0.166, 0.02, -0.203, -0.049, 0.028, 0.028, -0.036, -0.031, -0.016, -0.021, -0.041, -0.013, -0.016, -0.031, -0.036, -0.021, -0.041, -0.013], "FUKUI-": [0.025, -0.039, 0.025, 0.044, -0.275, -0.14, -0.14, 0.044, -0.275, -0.039, 0.025, 0.025, -0.032, -0.03, -0.011, -0.019, -0.037, -0.012, -0.011, -0.03, -0.032, -0.019, -0.037, -0.012], "FUKUIrad": [0.027, -0.044, 0.026, 0.032, -0.239, -0.153, -0.153, 0.032, -0.239, -0.044, 0.027, 0.026, -0.034, -0.03, -0.013, -0.02, -0.039, -0.012, -0.013, -0.03, -0.034, -0.02, -0.039, -0.012], "s proportion": [0.986, 1.451, 0.986, 1.094, 1.935, 1.937, 1.937, 1.094, 1.935, 1.451, 0.986, 0.986, 0.961, 0.971, 0.961, 0.966, 0.965, 0.957, 0.961, 0.971, 0.961, 0.966, 0.965, 0.957], "p proportion": [2.954, 3.805, 2.957, 2.665, 4.331, 4.08, 4.08, 2.665, 4.331, 3.805, 2.954, 2.957, 0.0, 0.0, 0.0, 0.0, 0.0, 0.0, 0.0, 0.0, 0.0, 0.0, 0.0, 0.0], "d proportion": [0.0, 0.0, 0.0, 0.0, -0.003, 0.043, 0.043, 0.0, -0.003, 0.0, 0.0, 0.0, 0.0, 0.0, 0.0, 0.0, 0.0, 0.0, 0.0, 0.0, 0.0, 0.0, 0.0, 0.0], "Fermi-level/eV": -9.2095, "Coordination numbers": [3.691, 2.772, 3.69, 2.865, 1.149, 2.134, 2.134, 2.865, 1.149, 2.772, 3.691, 3.69, 0.924, 0.924, 0.924, 0.924, 0.924, 0.925, 0.924, 0.924, 0.924, 0.924, 0.924, 0.925], "Dispersion coefficient C6": [21.627, 22.335, 21.676, 24.97, 153.249, 143.814, 143.814, 24.97, 153.249, 22.334, 21.627, 21.676, 2.136, 2.209, 2.018, 2.187, 2.142, 1.977, 2.018, 2.209, 2.136, 2.187, 2.142, 1.977], "Total dispersion C6": 10814.584822, "Total dispersion C8": 358386.906337, "Polarizability alpha": [6.655, 7.019, 6.663, 8.191, 20.932, 20.184, 20.184, 8.191, 20.932, 7.019, 6.655, 6.663, 2.286, 2.324, 2.222, 2.312, 2.289, 2.199, 2.222, 2.324, 2.286, 2.312, 2.289, 2.199], "Total polarizability alpha": 166.550571, "Wiberg matrix": [[0.0, 0.9966585615128218, 0.0, 0.0, 0.0, 0.0, 0.0, 0.0, 0.0, 0.0, 0.0, 0.0, 0.9701776597672509, 0.9761627869588325, 0.976339497423606, 0.0, 0.0, 0.0, 0.0, 0.0, 0.0, 0.0, 0.0, 0.0], [0.9966585615128218, 0.0, 0.9944683933912324, 1.2840816645468482, 0.21847685391715632, 0.0, 0.0, 0.0, 0.0, 0.0, 0.0, 0.0, 0.0, 0.0, 0.0, 0.0, 0.0, 0.0, 0.0, 0.0, 0.0, 0.0, 0.0, 0.0], [0.0, 0.9944683933912324, 0.0, 0.0, 0.0, 0.0, 0.0, 0.0, 0.0, 0.0, 0.0, 0.0, 0.0, 0.0, 0.0, 0.9717441350346565, 0.9723629153083129, 0.9753352112779916, 0.0, 0.0, 0.0, 0.0, 0.0, 0.0], [0.0, 1.2840816645468482, 0.0, 0.0, 1.5692388905098398, 0.9998581948110711, 0.0, 0.0, 0.0, 0.0, 0.0, 0.0, 0.0, 0.0, 0.0, 0.0, 0.0, 0.0, 0.0, 0.0, 0.0, 0.0, 0.0, 0.0], [0.0, 0.21847685391715632, 0.0, 1.5692388905098398, 0.0, 0.0, 0.0, 0.0, 0.0, 0.0, 0.0, 0.0, 0.0, 0.0, 0.0, 0.0, 0.0, 0.0, 0.0, 0.0, 0.0, 0.0, 0.0, 0.0], [0.0, 0.0, 0.0, 0.9998581948110711, 0.0, 0.0, 1.1410655523479847, 0.0, 0.0, 0.0, 0.0, 0.0, 0.0, 0.0, 0.0, 0.0, 0.0, 0.0, 0.0, 0.0, 0.0, 0.0, 0.0, 0.0], [0.0, 0.0, 0.0, 0.0, 0.0, 1.1410655523479847, 0.0, 0.9998071254964067, 0.0, 0.0, 0.0, 0.0, 0.0, 0.0, 0.0, 0.0, 0.0, 0.0, 0.0, 0.0, 0.0, 0.0, 0.0, 0.0], [0.0, 0.0, 0.0, 0.0, 0.0, 0.0, 0.9998071254964067, 0.0, 1.5692513507351002, 1.284113444399178, 0.0, 0.0, 0.0, 0.0, 0.0, 0.0, 0.0, 0.0, 0.0, 0.0, 0.0, 0.0, 0.0, 0.0], [0.0, 0.0, 0.0, 0.0, 0.0, 0.0, 0.0, 1.5692513507351002, 0.0, 0.2184695622781507, 0.0, 0.0, 0.0, 0.0, 0.0, 0.0, 0.0, 0.0, 0.0, 0.0, 0.0, 0.0, 0.0, 0.0], [0.0, 0.0, 0.0, 0.0, 0.0, 0.0, 0.0, 1.284113444399178, 0.2184695622781507, 0.0, 0.9966764642718606, 0.9944639542929302, 0.0, 0.0, 0.0, 0.0, 0.0, 0.0, 0.0, 0.0, 0.0, 0.0, 0.0, 0.0], [0.0, 0.0, 0.0, 0.0, 0.0, 0.0, 0.0, 0.0, 0.0, 0.9966764642718606, 0.0, 0.0, 0.0, 0.0, 0.0, 0.0, 0.0, 0.0, 0.9763383301603671, 0.9761580957421759, 0.9701694554655046, 0.0, 0.0, 0.0], [0.0, 0.0, 0.0, 0.0, 0.0, 0.0, 0.0, 0.0, 0.0, 0.9944639542929302, 0.0, 0.0, 0.0, 0.0, 0.0, 0.0, 0.0, 0.0, 0.0, 0.0, 0.0, 0.9717444319470646, 0.972360438513073, 0.975339296207298], [0.9701776597672509, 0.0, 0.0, 0.0, 0.0, 0.0, 0.0, 0.0, 0.0, 0.0, 0.0, 0.0, 0.0, 0.0, 0.0, 0.0, 0.0, 0.0, 0.0, 0.0, 0.0, 0.0, 0.0, 0.0], [0.9761627869588325, 0.0, 0.0, 0.0, 0.0, 0.0, 0.0, 0.0, 0.0, 0.0, 0.0, 0.0, 0.0, 0.0, 0.0, 0.0, 0.0, 0.0, 0.0, 0.0, 0.0, 0.0, 0.0, 0.0], [0.976339497423606, 0.0, 0.0, 0.0, 0.0, 0.0, 0.0, 0.0, 0.0, 0.0, 0.0, 0.0, 0.0, 0.0, 0.0, 0.0, 0.0, 0.0, 0.0, 0.0, 0.0, 0.0, 0.0, 0.0], [0.0, 0.0, 0.9717441350346565, 0.0, 0.0, 0.0, 0.0, 0.0, 0.0, 0.0, 0.0, 0.0, 0.0, 0.0, 0.0, 0.0, 0.0, 0.0, 0.0, 0.0, 0.0, 0.0, 0.0, 0.0], [0.0, 0.0, 0.9723629153083129, 0.0, 0.0, 0.0, 0.0, 0.0, 0.0, 0.0, 0.0, 0.0, 0.0, 0.0, 0.0, 0.0, 0.0, 0.0, 0.0, 0.0, 0.0, 0.0, 0.0, 0.0], [0.0, 0.0, 0.9753352112779916, 0.0, 0.0, 0.0, 0.0, 0.0, 0.0, 0.0, 0.0, 0.0, 0.0, 0.0, 0.0, 0.0, 0.0, 0.0, 0.0, 0.0, 0.0, 0.0, 0.0, 0.0], [0.0, 0.0, 0.0, 0.0, 0.0, 0.0, 0.0, 0.0, 0.0, 0.0, 0.9763383301603671, 0.0, 0.0, 0.0, 0.0, 0.0, 0.0, 0.0, 0.0, 0.0, 0.0, 0.0, 0.0, 0.0], [0.0, 0.0, 0.0, 0.0, 0.0, 0.0, 0.0, 0.0, 0.0, 0.0, 0.9761580957421759, 0.0, 0.0, 0.0, 0.0, 0.0, 0.0, 0.0, 0.0, 0.0, 0.0, 0.0, 0.0, 0.0], [0.0, 0.0, 0.0, 0.0, 0.0, 0.0, 0.0, 0.0, 0.0, 0.0, 0.9701694554655046, 0.0, 0.0, 0.0, 0.0, 0.0, 0.0, 0.0, 0.0, 0.0, 0.0, 0.0, 0.0, 0.0], [0.0, 0.0, 0.0, 0.0, 0.0, 0.0, 0.0, 0.0, 0.0, 0.0, 0.0, 0.9717444319470646, 0.0, 0.0, 0.0, 0.0, 0.0, 0.0, 0.0, 0.0, 0.0, 0.0, 0.0, 0.0], [0.0, 0.0, 0.0, 0.0, 0.0, 0.0, 0.0, 0.0, 0.0, 0.0, 0.0, 0.972360438513073, 0.0, 0.0, 0.0, 0.0, 0.0, 0.0, 0.0, 0.0, 0.0, 0.0, 0.0, 0.0], [0.0, 0.0, 0.0, 0.0, 0.0, 0.0, 0.0, 0.0, 0.0, 0.0, 0.0, 0.975339296207298, 0.0, 0.0, 0.0, 0.0, 0.0, 0.0, 0.0, 0.0, 0.0, 0.0, 0.0, 0.0]], "Born radii": [], "Atomic SASAs": [], "Solvent H bonds": [], "Total SASA": NaN, "Total FOD": 0.0, "FOD": [0.0, 0.0, 0.0, 0.0, 0.0, 0.0, 0.0, 0.0, 0.0, 0.0, 0.0, 0.0, 0.0, 0.0, 0.0, 0.0, 0.0, 0.0, 0.0, 0.0, 0.0, 0.0, 0.0, 0.0], "FOD s proportion": [0.0, 0.0, 0.0, 0.0, 0.0, 0.0, 0.0, 0.0, 0.0, 0.0, 0.0, 0.0, 0.0, 0.0, 0.0, 0.0, 0.0, 0.0, 0.0, 0.0, 0.0, 0.0, 0.0, 0.0], "FOD p proportion": [0.0, 0.0, 0.0, 0.0, 0.0, 0.0, 0.0, 0.0, 0.0, 0.0, 0.0, 0.0, 0.0, 0.0, 0.0, 0.0, 0.0, 0.0, 0.0, 0.0, 0.0, 0.0, 0.0, 0.0], "FOD d proportion": [0.0, 0.0, 0.0, 0.0, 0.0, 0.0, 0.0, 0.0, 0.0, 0.0, 0.0, 0.0, 0.0, 0.0, 0.0, 0.0, 0.0, 0.0, 0.0, 0.0, 0.0, 0.0, 0.0, 0.0], "coordinates": [["-1.93770", "1.23810", "1.07660"], ["-1.74920", "0.35670", "-0.07420"], ["-2.10710", "-1.03860", "0.18670"], ["-1.36420", "0.85100", "-1.33230"], ["-1.33130", "2.48380", "-1.75720"], ["-0.89880", "-0.35670", "-2.54430"], ["1.16230", "-0.26640", "-2.45310"], ["1.49400", "-1.15790", "-0.95660"], ["1.48410", "-2.84490", "-0.99610"], ["1.76050", "-0.38340", "0.18550"], ["1.82620", "-0.97460", "1.52070"], ["2.10710", "1.03850", "0.15230"], ["-3.00210", "1.47580", "1.16230"], ["-1.60600", "0.72040", "1.98250"], ["-1.36200", "2.16190", "0.99340"], ["-1.32370", "-1.48700", "0.80380"], ["-3.05230", "-1.06000", "0.73940"], ["-2.24550", "-1.63180", "-0.71700"], ["1.25090", "-1.89920", "1.59650"], ["1.41390", "-0.26640", "2.24680"], ["2.87450", "-1.17410", "1.76190"], ["1.27260", "1.60780", "0.57070"], ["2.99430", "1.19710", "0.77460"], ["2.33950", "1.40970", "-0.84560"]], "bond_dist": [[0.0, 1.4617588207361705, 2.450302279311677, 2.5063016318871116, 3.154348092712661, 4.090674401611548, 4.932778359099464, 4.653093930923811, 5.716265348109726, 4.135215193916757, 4.388645498328613, 4.153862984018612, 1.093980411159176, 1.0948483867641217, 1.0916772279387348, 2.8067037339199166, 2.576295908858297, 3.398244813135157, 4.503345118908832, 3.855659586893013, 5.4263812776103375, 3.270877403694611, 4.941407592984008, 4.692412944317668], [1.4617588207361705, 0.0, 1.4639068652069367, 1.4054796690098366, 2.744391338712466, 2.708046109282484, 3.8110695441043845, 3.6865958769574947, 4.6426685279050455, 3.5962739314462686, 4.135160318536634, 3.922652569371904, 2.0859231697260565, 2.0935135108233713, 2.132707349825569, 2.0859443760560827, 2.0897496165808955, 2.147938029832332, 4.108640080367225, 3.972467271104949, 5.205114171658485, 3.3335300298632378, 4.891577030978865, 4.292008230420813], [2.450302279311677, 1.4639068652069367, 0.0, 2.5357148045472306, 4.097305774530381, 3.0632233839535763, 4.272448155332023, 3.780117536532429, 4.190280774602103, 3.9227054745417735, 4.1538537396013355, 4.698404985737181, 2.8416593251127065, 2.563216699773938, 3.3836576585109785, 1.0934306242281675, 1.0951430454511408, 1.0898231462030892, 3.74223628329372, 4.1518364430695005, 5.226466669749268, 4.309670642868199, 5.600737706766851, 5.179967928472144], [2.5063016318871116, 1.4054796690098366, 2.5357148045472306, 0.0, 1.6875005955554505, 1.7731555064347853, 2.9812711466755255, 3.5137070082748787, 4.678196248555634, 3.6866258679177086, 4.653071729513742, 3.7800948533072556, 3.0489540190038946, 3.326172370758918, 2.6697086245506267, 3.167145001416891, 3.2853528729803134, 2.705472162118842, 4.793768610394123, 4.666516814498797, 5.625093896105201, 3.338692780116194, 4.853383878285335, 3.777090979841497], [3.154348092712661, 2.744391338712466, 4.097305774530381, 1.6875005955554505, 0.0, 2.979097667079748, 3.77702499462209, 4.67816837448162, 6.074602378756983, 4.642644329474313, 5.716201992582137, 4.190188169999051, 3.5115690068685823, 4.143717623101265, 2.769541922412441, 4.725043005095298, 4.664050921677421, 4.342342805445005, 6.093090310343348, 5.579582339207836, 6.591892813145553, 3.600942879302586, 5.174594041081869, 3.9318542712058897], [4.090674401611548, 2.708046109282484, 3.0632233839535763, 1.7731555064347853, 2.979097667079748, 0.0, 2.065091944684304, 2.981309204024299, 3.7770722643338455, 3.811088744702752, 4.93271227723653, 4.272431323029078, 4.639052780471461, 4.706611784500608, 4.367289948011238, 3.559198183580116, 3.9893456643915925, 2.603556450319447, 4.913933351196371, 5.3208434096485115, 5.7835364691510325, 4.275214989915712, 5.3465520908338675, 4.061075909164959], [4.932778359099464, 3.8110695441043845, 4.272448155332023, 2.9812711466755255, 3.77702499462209, 2.065091944684304, 0.0, 1.7732200624851955, 2.979104981366048, 2.7080882925045118, 4.090647490312505, 3.0632532069680427, 5.7834769265555135, 5.320883995164713, 4.913969233725421, 4.2752143770809905, 5.346467092389141, 4.060968013909984, 4.367281300763668, 4.706629640199024, 4.639156510616989, 3.5592356159714966, 3.989499159042398, 2.6036834100942454], [4.653093930923811, 3.6865958769574947, 3.780117536532429, 3.5137070082748787, 4.67816837448162, 2.981309204024299, 1.7732200624851955, 0.0, 1.687491410348509, 1.4054411798435393, 2.5061865493214985, 2.535690000769021, 5.6250358318858735, 4.666510441432656, 4.793778054937462, 3.3386746262551554, 4.853333297847985, 3.7770159676654793, 2.6696334785883997, 3.326102797569552, 3.048980967470935, 3.167137467809062, 3.2854190798131064, 2.7055056847103462], [5.716265348109726, 4.6426685279050455, 4.190280774602103, 4.678196248555634, 6.074602378756983, 3.7770722643338455, 2.979104981366048, 1.687491410348509, 0.0, 2.7443683735971014, 3.1542569235875506, 4.097285335438575, 6.591898777287164, 5.579618271889216, 6.093147109663445, 3.601010033310099, 5.1746259014541325, 3.93184747669591, 2.7695316372989858, 4.143668748826334, 3.5116020275651967, 4.725053627208902, 4.66410189961583, 4.342347357133006], [4.135215193916757, 3.5962739314462686, 3.9227054745417735, 3.6866258679177086, 4.642644329474313, 3.811088744702752, 2.7080882925045118, 1.4054411798435393, 2.7443683735971014, 0.0, 1.4617089210920209, 1.4639103148758805, 5.205105343794687, 3.9725188092695043, 4.108681144844414, 3.3335442834916718, 4.891588352467938, 4.291974465208292, 2.1326656559339066, 2.093508598023901, 2.085962475693175, 2.0859776820474374, 2.089804177429072, 2.147932917946927], [4.388645498328613, 4.135160318536634, 4.1538537396013355, 4.653071729513742, 5.716201992582137, 4.93271227723653, 4.090647490312505, 2.5061865493214985, 3.1542569235875506, 1.4617089210920209, 0.0, 2.450305078964658, 5.426360807207719, 3.855681662170776, 4.503365050714854, 3.2708361897227443, 4.941405174644151, 4.692329274464869, 1.0916047315764073, 1.0948788700125691, 1.0940340853922237, 2.8067352422342937, 2.5763159181280546, 3.3981964437036303], [4.153862984018612, 3.922652569371904, 4.698404985737181, 3.7800948533072556, 4.190188169999051, 4.272431323029078, 3.0632532069680427, 2.535690000769021, 4.097285335438575, 1.4639103148758805, 2.450305078964658, 0.0, 5.226399901461808, 4.151858771682871, 3.7422094516475157, 4.309639328296511, 5.600696119233751, 5.179894915922523, 3.383618384215336, 2.563244135855966, 2.8417096403397726, 1.0934126851285382, 1.0952328930414754, 1.089772274376624], [1.093980411159176, 2.0859231697260565, 2.8416593251127065, 3.0489540190038946, 3.5115690068685823, 4.639052780471461, 5.7834769265555135, 5.6250358318858735, 6.591898777287164, 5.205105343794687, 5.426360807207719, 5.226399901461808, 0.0, 1.7867435210460396, 1.7858298995145085, 3.4239936696787274, 2.5713121339114005, 3.709634727301328, 5.446757167342785, 4.869543827711175, 6.474250360466453, 4.317461597976292, 6.015380116002644, 5.706901276524765], [1.0948483867641217, 2.0935135108233713, 2.563216699773938, 3.326172370758918, 4.143717623101265, 4.706611784500608, 5.320883995164713, 4.666510441432656, 5.579618271889216, 3.9725188092695043, 3.855681662170776, 4.151858771682871, 1.7867435210460396, 0.0, 1.765156384006811, 2.518261650424753, 2.609004687615567, 3.6371837099602216, 3.89527634064645, 3.188012663086519, 4.869566188070555, 3.326709479350429, 4.780065416916384, 4.903086206666164], [1.0916772279387348, 2.132707349825569, 3.3836576585109785, 2.6697086245506267, 2.769541922412441, 4.367289948011238, 4.913969233725421, 4.793778054937462, 6.093147109663445, 4.108681144844414, 4.503365050714854, 3.7422094516475157, 1.7858298995145085, 1.765156384006811, 0.0, 3.654023297681612, 3.6472276731786297, 4.254197938507328, 4.866570582042348, 3.8952885977806573, 5.446780746459325, 2.7252191214652814, 4.467220855296948, 4.201050831637247], [2.8067037339199166, 2.0859443760560827, 1.0934306242281675, 3.167145001416891, 4.725043005095298, 3.559198183580116, 4.2752143770809905, 3.3386746262551554, 3.601010033310099, 3.3335442834916718, 3.2708361897227443, 4.309639328296511, 3.4239936696787274, 2.518261650424753, 3.654023297681612, 0.0, 1.7817222903696297, 1.7842407124600648, 2.725224264166162, 3.326645024645702, 4.317492936878994, 4.046343576613336, 5.084325859934628, 4.952819953319524], [2.576295908858297, 2.0897496165808955, 1.0951430454511408, 3.2853528729803134, 4.664050921677421, 3.9893456643915925, 5.346467092389141, 4.853333297847985, 5.1746259014541325, 4.891588352467938, 4.941405174644151, 5.600696119233751, 2.5713121339114005, 2.609004687615567, 3.6472276731786297, 1.7817222903696297, 0.0, 1.760392694826924, 4.467259483173101, 4.780062568628155, 6.015437083038938, 5.084326557175492, 6.4542320232542, 6.138660304170609], [3.398244813135157, 2.147938029832332, 1.0898231462030892, 2.705472162118842, 4.342342805445005, 2.603556450319447, 4.060968013909984, 3.7770159676654793, 3.93184747669591, 4.291974465208292, 4.692329274464869, 5.179894915922523, 3.709634727301328, 3.6371837099602216, 4.254197938507328, 1.7842407124600648, 1.760392694826924, 0.0, 4.201023443162391, 4.903023144958628, 5.706911117233209, 4.952797902196292, 6.138652116710964, 5.503588393948079], [4.503345118908832, 4.108640080367225, 3.74223628329372, 4.793768610394123, 6.093090310343348, 4.913933351196371, 4.367281300763668, 2.6696334785883997, 2.7695316372989858, 2.1326656559339066, 1.0916047315764073, 3.383618384215336, 5.446757167342785, 3.89527634064645, 4.866570582042348, 2.725224264166162, 4.467259483173101, 4.201023443162391, 0.0, 1.7650764657657185, 1.7858342952245037, 3.6540095142185933, 3.6471957529038668, 4.25414169721696], [3.855659586893013, 3.972467271104949, 4.1518364430695005, 4.666516814498797, 5.579582339207836, 5.3208434096485115, 4.706629640199024, 3.326102797569552, 4.143668748826334, 2.093508598023901, 1.0948788700125691, 2.563244135855966, 4.869543827711175, 3.188012663086519, 3.8952885977806573, 3.326645024645702, 4.780062568628155, 4.903023144958628, 1.7650764657657185, 0.0, 1.7867287594931691, 2.518313431644282, 2.6089977481784072, 3.637167074798737], [5.4263812776103375, 5.205114171658485, 5.226466669749268, 5.625093896105201, 6.591892813145553, 5.7835364691510325, 4.639156510616989, 3.048980967470935, 3.5116020275651967, 2.085962475693175, 1.0940340853922237, 2.8417096403397726, 6.474250360466453, 4.869566188070555, 5.446780746459325, 4.317492936878994, 6.015437083038938, 5.706911117233209, 1.7858342952245037, 1.7867287594931691, 0.0, 3.4240339747146202, 2.5713231554979625, 3.709623119671323], [3.270877403694611, 3.3335300298632378, 4.309670642868199, 3.338692780116194, 3.600942879302586, 4.275214989915712, 3.5592356159714966, 3.167137467809062, 4.725053627208902, 2.0859776820474374, 2.8067352422342937, 1.0934126851285382, 4.317461597976292, 3.326709479350429, 2.7252191214652814, 4.046343576613336, 5.084326557175492, 4.952797902196292, 3.6540095142185933, 2.518313431644282, 3.4240339747146202, 0.0, 1.7817128247840615, 1.7842154886672184], [4.941407592984008, 4.891577030978865, 5.600737706766851, 4.853383878285335, 5.174594041081869, 5.3465520908338675, 3.989499159042398, 3.2854190798131064, 4.66410189961583, 2.089804177429072, 2.5763159181280546, 1.0952328930414754, 6.015380116002644, 4.780065416916384, 4.467220855296948, 5.084325859934628, 6.4542320232542, 6.138652116710964, 3.6471957529038668, 2.6089977481784072, 2.5713231554979625, 1.7817128247840615, 0.0, 1.760400477164216], [4.692412944317668, 4.292008230420813, 5.179967928472144, 3.777090979841497, 3.9318542712058897, 4.061075909164959, 2.6036834100942454, 2.7055056847103462, 4.342347357133006, 2.147932917946927, 3.3981964437036303, 1.089772274376624, 5.706901276524765, 4.903086206666164, 4.201050831637247, 4.952819953319524, 6.138660304170609, 5.503588393948079, 4.25414169721696, 3.637167074798737, 3.709623119671323, 1.7842154886672184, 1.760400477164216, 0.0]]}