{"total energy": -47.26166027, "HOMO-LUMO gap/eV": 1.89487864, "electronic energy": -47.64493538, "dipole": [-2.09592748, 0.13253823, 0.00826559], "partial charges": [0.04470712, -0.26602876, 0.3991243, -0.37597495, -0.2780415, 0.04565066, -0.06846299, -0.03979994, 0.27352808, -0.38076728, -0.06864383, -0.05228243, 0.25214608, -0.35874332, 0.06125933, 0.07597852, 0.06579773, 0.06202854, 0.06949492, 0.06619892, 0.07853014, 0.09994551, 0.09976597, 0.0716574, 0.06308693, 0.05984484], "atomic dipole moments": [[-0.15519185, 0.23367547, -0.11092512], [0.11345194, -0.00964108, 0.14046057], [-0.21251977, -0.14797499, -0.01874204], [-0.37088775, -0.13975921, 0.02633822], [0.15305849, -0.06818122, -0.11276537], [-0.05208823, -0.02540757, 0.2869012], [-0.09157292, -0.0658547, -0.48481827], [0.14703789, -0.06626836, 0.00249396], [-0.02024405, 0.01052564, -0.06912036], [-0.07479937, 0.16099073, -0.05389215], [0.00509382, 0.03584992, -0.00859811], [0.12313963, -0.15909362, 0.05251365], [-0.06914005, 0.12163768, 0.0405385], [0.0665743, -0.01951443, 0.16530792], [-0.01224287, 0.0148151, 0.12489647], [-0.04605371, -0.11363664, -0.03530321], [0.11717474, 0.01130381, -0.04143157], [0.04397863, -0.11669793, -0.03114715], [0.08289645, 0.09388229, -0.01460203], [-0.10247534, 0.02608387, -0.06657], [-0.0242658, 0.11549998, -0.05804584], [-0.07823722, -0.01208673, 0.11099369], [-0.09635395, -0.02676389, -0.09372249], [0.0794852, 0.0899385, -0.04572573], [-0.06001641, 0.04149314, 0.10865371], [0.08444615, -0.11461652, 0.02915057]], "atomic quadrupole moments": [[-0.06553029, -0.34172896, 0.2214042, 0.18577418, -0.2592287, -0.1558739], [-0.04175941, -0.06219172, 0.08511929, 0.0629859, -0.01751454, -0.04335989], [-0.73772379, -0.65338903, 0.15023372, -0.05971245, -0.25632111, 0.58749008], [0.51966245, 0.38761585, -0.20933153, -0.08485551, -0.03525663, -0.31033092], [-0.01358187, -0.0429244, -0.08999956, -0.00915377, -0.03251616, 0.10358144], [-0.24116088, -0.00572069, -0.30286015, -0.14377742, -0.05761271, 0.54402103], [0.37845138, 0.14353921, -0.60010075, -0.10377418, 0.06859378, 0.22164938], [0.24710114, 0.03668453, -0.10053099, 0.20127319, 0.13853617, -0.14657015], [0.30873924, 0.14800282, -0.26327494, -0.32731679, -0.06243498, -0.0454643], [0.11595946, 0.05376756, -0.09406572, -0.14425698, -0.04391328, -0.02189374], [-0.01333681, -0.0186037, 0.04476003, -0.00285544, -0.0441323, -0.03142322], [-0.0382408, -0.27138746, 0.19300639, 0.06525307, -0.06910793, -0.15476559], [0.27257374, 0.45048817, -0.09505806, -0.22062441, -0.04686714, -0.17751568], [0.1205796, 0.15990576, -0.03191563, -0.07122404, -0.05216519, -0.08866397], [-0.0425622, -0.02867502, -0.01083169, -0.00101111, -0.00082912, 0.05339389], [-0.01109794, 0.03254712, 0.04472357, 0.0314491, 0.02677223, -0.03362563], [0.05449426, -0.00357493, -0.01742075, -0.02691586, -0.02603125, -0.03707351], [-0.04488211, -0.03648543, 0.03135629, -0.01272801, 0.00974723, 0.01352582], [-0.00346368, 0.05907586, 0.00159518, -0.00994915, -0.00598421, 0.00186849], [0.05594032, -0.02392546, -0.05108416, 0.03466888, -0.0143671, -0.00485615], [0.01384601, -0.00483255, 0.00229965, 0.04676598, -0.03546388, -0.01614566], [0.00366607, 0.00901746, -0.03329064, -0.04007612, -0.01330984, 0.02962457], [0.00072094, 0.01229439, -0.00383544, 0.04653476, 0.02775972, 0.00311449], [0.01216752, 0.03018455, 0.02608582, -0.01907004, -0.0344853, -0.03825334], [-0.01979877, -0.0256477, -0.0291872, -0.03195068, 0.01702992, 0.04898598], [-0.05043329, -0.01878938, -0.02106083, 0.02998427, 0.03118901, 0.07149413]], "number of molecular orbitals": 83, "number of electrons": 82, "number of unpaired electrons": 0, "orbital energies/eV": [-20.80134276, -20.55827668, -20.40259237, -20.32973727, -20.07360048, -19.55753956, -19.14607386, -18.75976519, -18.7013075, -18.4165875, -18.13025611, -17.72365889, -17.17959459, -16.67127752, -16.58439583, -16.4331881, -16.37226993, -16.0249557, -15.96006481, -15.94423224, -15.647436, -15.2810494, -15.26153735, -15.05549902, -14.86198591, -14.68866117, -14.61454653, -14.34078208, -14.21346793, -13.92857496, -13.56269082, -13.34457563, -13.27115365, -12.71017741, -12.51864133, -12.41161168, -12.2340722, -11.83024016, -11.33533276, -10.26120931, -10.17753359, -8.28265495, -7.00806491, -6.74087497, -6.16641458, -4.81962654, -3.98737953, -3.18985954, -1.43454894, -0.94331798, -0.85807645, -0.7522968, 0.09192707, 0.26539585, 0.58683921, 0.64890396, 1.37211113, 1.93702027, 2.31415277, 2.44736158, 2.92275093, 3.10323923, 3.23509601, 3.54211338, 3.68402088, 4.08134431, 4.35063539, 4.51377126, 4.5768478, 4.82966379, 4.95859574, 5.32156809, 6.13586169, 6.24808998, 8.04399214, 9.06464942, 10.80597145, 11.13700059, 13.89891713, 14.27883663, 25.4300656, 26.59806351, 35.49572275], "fractional occupation": [2.0, 2.0, 2.0, 2.0, 2.0, 2.0, 2.0, 2.0, 2.0, 2.0, 2.0, 2.0, 2.0, 2.0, 2.0, 2.0, 2.0, 2.0, 2.0, 2.0, 2.0, 2.0, 2.0, 2.0, 2.0, 2.0, 2.0, 2.0, 2.0, 2.0, 2.0, 2.0, 2.0, 2.0, 2.0, 2.0, 2.0, 2.0, 2.0, 2.0, 2.0, 0.0, 0.0, 0.0, 0.0, 0.0, 0.0, 0.0, 0.0, 0.0, 0.0, 0.0, 0.0, 0.0, 0.0, 0.0, 0.0, 0.0, 0.0, 0.0, 0.0, 0.0, 0.0, 0.0, 0.0, 0.0, 0.0, 0.0, 0.0, 0.0, 0.0, 0.0, 0.0, 0.0, 0.0, 0.0, 0.0, 0.0, 0.0, 0.0, 0.0, 0.0, 0.0], "program call": "xtb /home/svss/Project-DBcg-Debug/aqme2_20220329/End-to-End-workflows-final/example-3/QDESCP/mol_81_rdkit_conf_1/mol_81_rdkit_conf_1.xyz --pop --wbo --acc 0.2 --gfn 2 --chrg 0 --uhf 0 --etemp 300 --input /home/svss/Project-DBcg-Debug/aqme2_20220329/End-to-End-workflows-final/example-3/QDESCP/mol_81_rdkit_conf_1/mol_81_rdkit_conf_1_xtb.inp", "method": "GFN2-xTB", "xtb version": "6.3.3 (7355c4f)", "Dipole module/D": 5.338, "Total charge": 0, "Transition dipole module/D": NaN, "HOMO": -10.1775, "LUMO": -8.2827, "HOMO occupancy": 2.0, "LUMO occupancy": 0, "mulliken charges": [0.17828, -0.3685, 0.37637, -0.20359, -0.38699, 0.18115, -0.04764, -0.00631, 0.47731, -0.52256, -0.23903, 0.05655, 0.47414, -0.51359, 0.03409, 0.04271, 0.02887, 0.04428, 0.03205, 0.03206, 0.04803, 0.0666, 0.07098, 0.05465, 0.03531, 0.0548], "cm5 charges": [0.06294, -0.4365, 0.31673, -0.17399, -0.45384, 0.06566, -0.04799, -0.08345, 0.57173, -0.5673, -0.49692, -0.02965, 0.52894, -0.56366, 0.09716, 0.10306, 0.08947, 0.1089, 0.09278, 0.09196, 0.11248, 0.1253, 0.13611, 0.11904, 0.0975, 0.13354], "FUKUI+": [0.019, 0.013, -0.049, -0.108, 0.007, 0.016, -0.172, 0.029, -0.06, -0.129, -0.049, 0.033, -0.034, -0.14, -0.004, -0.015, -0.025, -0.009, -0.023, -0.017, -0.056, -0.061, -0.037, -0.032, -0.035, -0.062], "FUKUI-": [0.027, 0.001, -0.118, -0.371, 0.002, 0.025, -0.154, 0.024, 0.004, -0.04, -0.026, 0.019, 0.003, -0.088, -0.013, -0.035, -0.019, -0.015, -0.016, -0.035, -0.034, -0.04, -0.025, -0.011, -0.022, -0.044], "FUKUIrad": [0.023, 0.007, -0.083, -0.239, 0.004, 0.021, -0.163, 0.026, -0.028, -0.084, -0.038, 0.026, -0.016, -0.114, -0.008, -0.025, -0.022, -0.012, -0.02, -0.026, -0.045, -0.051, -0.031, -0.022, -0.029, -0.053], "s proportion": [0.972, 1.655, 1.519, 1.891, 1.654, 0.974, 1.913, 1.046, 1.014, 1.733, 1.444, 0.986, 0.994, 1.732, 0.966, 0.957, 0.971, 0.956, 0.968, 0.968, 0.952, 0.933, 0.929, 0.945, 0.965, 0.945], "p proportion": [2.849, 4.714, 2.025, 4.327, 4.733, 2.845, 4.14, 2.96, 2.508, 4.789, 3.795, 2.958, 2.531, 4.781, 0.0, 0.0, 0.0, 0.0, 0.0, 0.0, 0.0, 0.0, 0.0, 0.0, 0.0, 0.0], "d proportion": [0.0, 0.0, 1.08, -0.014, 0.0, 0.0, -0.005, 0.0, 0.0, 0.0, 0.0, 0.0, 0.0, 0.0, 0.0, 0.0, 0.0, 0.0, 0.0, 0.0, 0.0, 0.0, 0.0, 0.0, 0.0, 0.0], "Fermi-level/eV": -9.2301, "Coordination numbers": [3.86, 1.657, 3.927, 0.926, 1.657, 3.847, 1.929, 3.799, 2.803, 0.857, 2.73, 3.696, 2.723, 0.856, 0.924, 0.924, 0.924, 0.924, 0.924, 0.924, 0.925, 0.924, 0.924, 0.924, 0.924, 0.923], "Dispersion coefficient C6": [19.786, 18.426, 143.709, 155.498, 18.63, 19.777, 143.894, 21.288, 22.381, 21.3, 22.572, 21.689, 22.76, 20.874, 2.184, 2.021, 2.132, 2.175, 2.091, 2.128, 1.994, 1.786, 1.787, 2.068, 2.163, 2.201], "Total dispersion C6": 10683.556333, "Total dispersion C8": 323145.807742, "Polarizability alpha": [6.326, 5.795, 21.534, 21.092, 5.827, 6.326, 20.19, 6.569, 7.75, 6.188, 7.056, 6.662, 7.81, 6.126, 2.311, 2.223, 2.284, 2.307, 2.261, 2.281, 2.208, 2.09, 2.091, 2.249, 2.3, 2.32], "Total polarizability alpha": 162.174766, "Wiberg matrix": [[0.0, 0.9384453862085692, 0.0, 0.0, 0.0, 0.0, 0.0, 0.0, 0.0, 0.0, 0.0, 0.0, 0.0, 0.0, 0.9756576295890409, 0.9762360458195947, 0.9788748600266002, 0.0, 0.0, 0.0, 0.0, 0.0, 0.0, 0.0, 0.0, 0.0], [0.9384453862085692, 0.0, 1.227138533412869, 0.0, 0.0, 0.0, 0.0, 0.0, 0.0, 0.0, 0.0, 0.0, 0.0, 0.0, 0.0, 0.0, 0.0, 0.0, 0.0, 0.0, 0.0, 0.0, 0.0, 0.0, 0.0, 0.0], [0.0, 1.227138533412869, 0.0, 1.592241826373425, 1.2181903740032034, 0.0, 1.0227639805861901, 0.0, 0.0, 0.0, 0.0, 0.0, 0.0, 0.0, 0.0, 0.0, 0.0, 0.0, 0.0, 0.0, 0.0, 0.0, 0.0, 0.0, 0.0, 0.0], [0.0, 0.0, 1.592241826373425, 0.0, 0.0, 0.0, 0.11990745822418601, 0.0, 0.0, 0.0, 0.0, 0.0, 0.0, 0.0, 0.0, 0.0, 0.0, 0.0, 0.0, 0.0, 0.0, 0.0, 0.0, 0.0, 0.0, 0.0], [0.0, 0.0, 1.2181903740032034, 0.0, 0.0, 0.9333530688974532, 0.0, 0.0, 0.0, 0.0, 0.0, 0.0, 0.0, 0.0, 0.0, 0.0, 0.0, 0.0, 0.0, 0.0, 0.0, 0.0, 0.0, 0.0, 0.0, 0.0], [0.0, 0.0, 0.0, 0.0, 0.9333530688974532, 0.0, 0.0, 0.0, 0.0, 0.0, 0.0, 0.0, 0.0, 0.0, 0.0, 0.0, 0.0, 0.9783646694002535, 0.9786758250195067, 0.9759120630181896, 0.0, 0.0, 0.0, 0.0, 0.0, 0.0], [0.0, 0.0, 1.0227639805861901, 0.11990745822418601, 0.0, 0.0, 0.0, 0.966167267731986, 0.0, 0.0, 0.0, 0.0, 0.0, 0.0, 0.0, 0.0, 0.0, 0.0, 0.0, 0.0, 0.0, 0.0, 0.0, 0.0, 0.0, 0.0], [0.0, 0.0, 0.0, 0.0, 0.0, 0.0, 0.966167267731986, 0.0, 0.9769677099100749, 0.0, 0.0, 0.0, 0.0, 0.0, 0.0, 0.0, 0.0, 0.0, 0.0, 0.0, 0.9675775211226514, 0.9444674846480654, 0.0, 0.0, 0.0, 0.0], [0.0, 0.0, 0.0, 0.0, 0.0, 0.0, 0.0, 0.9769677099100749, 0.0, 1.743849715172483, 1.1373773905192173, 0.0, 0.0, 0.0, 0.0, 0.0, 0.0, 0.0, 0.0, 0.0, 0.0, 0.0, 0.0, 0.0, 0.0, 0.0], [0.0, 0.0, 0.0, 0.0, 0.0, 0.0, 0.0, 0.0, 1.743849715172483, 0.0, 0.13219916512746172, 0.0, 0.0, 0.0, 0.0, 0.0, 0.0, 0.0, 0.0, 0.0, 0.0, 0.0, 0.0, 0.0, 0.0, 0.0], [0.0, 0.0, 0.0, 0.0, 0.0, 0.0, 0.0, 0.0, 1.1373773905192173, 0.13219916512746172, 0.0, 0.9814843153109136, 1.1481893912058754, 0.14348136012162876, 0.0, 0.0, 0.0, 0.0, 0.0, 0.0, 0.0, 0.0, 0.0, 0.0, 0.0, 0.0], [0.0, 0.0, 0.0, 0.0, 0.0, 0.0, 0.0, 0.0, 0.0, 0.0, 0.9814843153109136, 0.0, 0.0, 0.0, 0.0, 0.0, 0.0, 0.0, 0.0, 0.0, 0.0, 0.0, 0.9710567133358143, 0.9707235984885475, 0.9795327428308953, 0.0], [0.0, 0.0, 0.0, 0.0, 0.0, 0.0, 0.0, 0.0, 0.0, 0.0, 1.1481893912058754, 0.0, 0.0, 1.799898688152446, 0.0, 0.0, 0.0, 0.0, 0.0, 0.0, 0.0, 0.0, 0.0, 0.0, 0.0, 0.927268827002259], [0.0, 0.0, 0.0, 0.0, 0.0, 0.0, 0.0, 0.0, 0.0, 0.0, 0.14348136012162876, 0.0, 1.799898688152446, 0.0, 0.0, 0.0, 0.0, 0.0, 0.0, 0.0, 0.0, 0.0, 0.0, 0.0, 0.0, 0.0], [0.9756576295890409, 0.0, 0.0, 0.0, 0.0, 0.0, 0.0, 0.0, 0.0, 0.0, 0.0, 0.0, 0.0, 0.0, 0.0, 0.0, 0.0, 0.0, 0.0, 0.0, 0.0, 0.0, 0.0, 0.0, 0.0, 0.0], [0.9762360458195947, 0.0, 0.0, 0.0, 0.0, 0.0, 0.0, 0.0, 0.0, 0.0, 0.0, 0.0, 0.0, 0.0, 0.0, 0.0, 0.0, 0.0, 0.0, 0.0, 0.0, 0.0, 0.0, 0.0, 0.0, 0.0], [0.9788748600266002, 0.0, 0.0, 0.0, 0.0, 0.0, 0.0, 0.0, 0.0, 0.0, 0.0, 0.0, 0.0, 0.0, 0.0, 0.0, 0.0, 0.0, 0.0, 0.0, 0.0, 0.0, 0.0, 0.0, 0.0, 0.0], [0.0, 0.0, 0.0, 0.0, 0.0, 0.9783646694002535, 0.0, 0.0, 0.0, 0.0, 0.0, 0.0, 0.0, 0.0, 0.0, 0.0, 0.0, 0.0, 0.0, 0.0, 0.0, 0.0, 0.0, 0.0, 0.0, 0.0], [0.0, 0.0, 0.0, 0.0, 0.0, 0.9786758250195067, 0.0, 0.0, 0.0, 0.0, 0.0, 0.0, 0.0, 0.0, 0.0, 0.0, 0.0, 0.0, 0.0, 0.0, 0.0, 0.0, 0.0, 0.0, 0.0, 0.0], [0.0, 0.0, 0.0, 0.0, 0.0, 0.9759120630181896, 0.0, 0.0, 0.0, 0.0, 0.0, 0.0, 0.0, 0.0, 0.0, 0.0, 0.0, 0.0, 0.0, 0.0, 0.0, 0.0, 0.0, 0.0, 0.0, 0.0], [0.0, 0.0, 0.0, 0.0, 0.0, 0.0, 0.0, 0.9675775211226514, 0.0, 0.0, 0.0, 0.0, 0.0, 0.0, 0.0, 0.0, 0.0, 0.0, 0.0, 0.0, 0.0, 0.0, 0.0, 0.0, 0.0, 0.0], [0.0, 0.0, 0.0, 0.0, 0.0, 0.0, 0.0, 0.9444674846480654, 0.0, 0.0, 0.0, 0.0, 0.0, 0.0, 0.0, 0.0, 0.0, 0.0, 0.0, 0.0, 0.0, 0.0, 0.0, 0.0, 0.0, 0.0], [0.0, 0.0, 0.0, 0.0, 0.0, 0.0, 0.0, 0.0, 0.0, 0.0, 0.0, 0.9710567133358143, 0.0, 0.0, 0.0, 0.0, 0.0, 0.0, 0.0, 0.0, 0.0, 0.0, 0.0, 0.0, 0.0, 0.0], [0.0, 0.0, 0.0, 0.0, 0.0, 0.0, 0.0, 0.0, 0.0, 0.0, 0.0, 0.9707235984885475, 0.0, 0.0, 0.0, 0.0, 0.0, 0.0, 0.0, 0.0, 0.0, 0.0, 0.0, 0.0, 0.0, 0.0], [0.0, 0.0, 0.0, 0.0, 0.0, 0.0, 0.0, 0.0, 0.0, 0.0, 0.0, 0.9795327428308953, 0.0, 0.0, 0.0, 0.0, 0.0, 0.0, 0.0, 0.0, 0.0, 0.0, 0.0, 0.0, 0.0, 0.0], [0.0, 0.0, 0.0, 0.0, 0.0, 0.0, 0.0, 0.0, 0.0, 0.0, 0.0, 0.0, 0.927268827002259, 0.0, 0.0, 0.0, 0.0, 0.0, 0.0, 0.0, 0.0, 0.0, 0.0, 0.0, 0.0, 0.0]], "Born radii": [], "Atomic SASAs": [], "Solvent H bonds": [], "Total SASA": NaN, "Total FOD": 0.0, "FOD": [0.0, 0.0, 0.0, 0.0, 0.0, 0.0, 0.0, 0.0, 0.0, 0.0, 0.0, 0.0, 0.0, 0.0, 0.0, 0.0, 0.0, 0.0, 0.0, 0.0, 0.0, 0.0, 0.0, 0.0, 0.0, 0.0], "FOD s proportion": [0.0, 0.0, 0.0, 0.0, 0.0, 0.0, 0.0, 0.0, 0.0, 0.0, 0.0, 0.0, 0.0, 0.0, 0.0, 0.0, 0.0, 0.0, 0.0, 0.0, 0.0, 0.0, 0.0, 0.0, 0.0, 0.0], "FOD p proportion": [0.0, 0.0, 0.0, 0.0, 0.0, 0.0, 0.0, 0.0, 0.0, 0.0, 0.0, 0.0, 0.0, 0.0, 0.0, 0.0, 0.0, 0.0, 0.0, 0.0, 0.0, 0.0, 0.0, 0.0, 0.0, 0.0], "FOD d proportion": [0.0, 0.0, 0.0, 0.0, 0.0, 0.0, 0.0, 0.0, 0.0, 0.0, 0.0, 0.0, 0.0, 0.0, 0.0, 0.0, 0.0, 0.0, 0.0, 0.0, 0.0, 0.0, 0.0, 0.0, 0.0, 0.0], "coordinates": [["2.47520", "-1.74100", "0.59100"], ["1.73010", "-0.71230", "-0.03410"], ["1.80050", "0.78980", "0.57910"], ["3.58630", "1.56790", "0.51750"], ["0.76360", "1.52080", "-0.44600"], ["1.07780", "1.56480", "-1.82700"], ["0.77450", "0.78240", "2.42240"], ["-0.96100", "0.56590", "1.93460"], ["-1.13130", "-0.67990", "1.07030"], ["-0.64690", "-1.75730", "1.43020"], ["-1.86820", "-0.56310", "-0.09390"], ["-2.70200", "0.58440", "-0.40780"], ["-1.65450", "-1.48100", "-1.10640"], ["-2.08180", "-1.38500", "-2.25260"], ["2.41390", "-1.67100", "1.67960"], ["2.06540", "-2.70480", "0.27810"], ["3.51960", "-1.68640", "0.27390"], ["1.46440", "0.60490", "-2.17830"], ["1.80720", "2.35550", "-2.01850"], ["0.16370", "1.79410", "-2.38070"], ["-1.26030", "1.48010", "1.42190"], ["-1.58280", "0.45360", "2.82760"], ["-3.45400", "0.32890", "-1.16030"], ["-2.06880", "1.38500", "-0.80090"], ["-3.21650", "0.93280", "0.49230"], ["-1.01370", "-2.32900", "-0.81190"]], "bond_dist": [[0.0, 1.4156792397997509, 2.619219414253033, 3.4912411360431697, 3.8267849168721257, 4.327558711329056, 3.551612874455773, 4.351381276100728, 3.789789433464609, 3.2329600585222207, 4.55210500537938, 5.762680490882693, 4.472492465057934, 5.383218921797627, 1.0925692884206475, 1.0930475241269249, 1.092842591593135, 3.7674906688670116, 4.902757030488051, 5.164393977031574, 5.001983633519806, 5.126988660022567, 6.5197354501544, 5.688338739034448, 6.289228650637533, 3.8060866542946705], [1.4156792397997509, 0.0, 1.6239688451445118, 2.9914967892344464, 2.4678977835396667, 2.9707187867585176, 3.030130640748019, 3.5709374315437117, 3.067304856058491, 2.9809945471268473, 3.6018883339159755, 4.632989638451613, 3.6326635049230753, 4.461485083467163, 2.079292143975925, 2.0444928906699578, 2.0605933757051633, 2.5304556842592603, 3.6544746010883697, 3.773881487275402, 3.9835971081423383, 4.5303373064265315, 5.4062294337181065, 4.406618969232534, 5.23949449183793, 3.278281587966476], [2.619219414253033, 1.6239688451445118, 0.0, 1.948926835466124, 1.6310587420445655, 2.6291134437296537, 2.1096174179220273, 3.0843789828748345, 3.316134311212379, 3.6334358918247065, 3.9676979597746604, 4.613964349667214, 4.464803230826639, 5.274517344743498, 2.7645788919833705, 3.517527849214559, 3.02985449980688, 2.7839550966206335, 3.032983207998356, 3.5281934144828284, 3.2488955923513454, 4.076211670166308, 5.554071607388583, 4.1509210459848545, 5.0197880672394914, 4.425100685860154], [3.4912411360431697, 2.9914967892344464, 1.948926835466124, 0.0, 2.9829827270703397, 3.4335494914155524, 3.485953743238714, 4.867249089578219, 5.254896996136081, 5.459849683828302, 5.887829923664576, 6.431653693258056, 6.276848497454755, 6.9656607748296215, 3.6353089799905596, 4.541631255397118, 3.2640861416329074, 3.5633083293478833, 3.1963739721753464, 4.490536765243104, 4.931042461792435, 5.7704264409140515, 7.342748663136987, 5.80962881602603, 6.832428184035306, 6.1735835598135385], [3.8267849168721257, 2.4678977835396667, 1.6310587420445655, 2.9829827270703397, 0.0, 1.4169751726829938, 2.961937192109245, 3.090847057037925, 3.2761093067844973, 4.031820469713402, 3.3753495907831534, 3.590081831936425, 3.910772175670682, 4.450143633637008, 4.174835648262096, 4.480479819171157, 4.289513241616116, 2.0810710559709396, 2.063633034238404, 2.0439268553448775, 2.75442881737757, 4.166649224496826, 4.440608050706569, 2.857776305101573, 4.131264564270848, 4.256011999513159], [4.327558711329056, 2.9707187867585176, 2.6291134437296537, 3.4335494914155524, 1.4169751726829938, 0.0, 4.331459454964342, 4.393647824985521, 4.279386426814012, 4.961883749142053, 4.0262277655393515, 4.15478048036235, 4.154711216197825, 4.343446507095488, 4.954978144250487, 4.861716150702343, 4.576731310662665, 1.0928308469292034, 1.0926587298877908, 1.0930420806172105, 4.00365294574842, 5.475295330847461, 4.744380775190795, 3.314558916356745, 4.921340160972415, 4.535027971247807], [3.551612874455773, 3.030130640748019, 2.1096174179220273, 3.485953743238714, 2.961937192109245, 4.331459454964342, 0.0, 1.815704089327333, 2.7565502607425825, 3.0748845327914345, 3.889215760278671, 4.487236152689091, 4.845147056591781, 5.891663385666225, 3.0427874983310943, 4.292436270930531, 4.271603879106769, 4.655524540800961, 4.823142721296977, 4.946350486975221, 2.3723820476474695, 2.4143652934052873, 5.5607206178695945, 4.340177938748595, 4.43576229863594, 4.831062583945689], [4.351381276100728, 3.5709374315437117, 3.0843789828748345, 4.867249089578219, 3.090847057037925, 4.393647824985521, 1.815704089327333, 0.0, 1.5257897037272208, 2.3979859069644256, 2.4924817130723347, 2.9186060045850657, 3.7307402563030303, 4.75340375836095, 4.056931922031722, 4.754005437523184, 5.282665628260036, 4.774937965042058, 5.147096172600625, 4.625498829315602, 1.0900474393346375, 1.0939357979333155, 3.9811586265809606, 3.0628591054764502, 2.702244465254763, 3.990800114012227], [3.789789433464609, 3.067304856058491, 3.316134311212379, 5.254896996136081, 3.2761093067844973, 4.279386426814012, 2.7565502607425825, 1.5257897037272208, 0.0, 1.2348935703128427, 1.3827600984986514, 2.5000665171150946, 2.3777136791464195, 3.527361715220031, 3.73121545076132, 3.866095154028157, 4.824745176690683, 4.352214550088266, 5.233461650762333, 4.439268182932858, 2.1922279899681967, 2.1393405035197177, 3.374639105148875, 2.94008634226956, 2.6986930781398613, 2.5052020696941795], [3.2329600585222207, 2.9809945471268473, 3.6334358918247065, 5.459849683828302, 4.031820469713402, 4.961883749142053, 3.0748845327914345, 2.3979859069644256, 1.2348935703128427, 0.0, 2.289228721644039, 3.617352471076049, 2.7433444934969433, 3.9699573221887414, 3.072156358325533, 3.095425972301712, 4.324555323961066, 4.801963013185337, 5.901801618150173, 5.2718567061330495, 3.2950094400471754, 2.777897474709965, 4.352324792567761, 4.107755604950226, 3.836552955453632, 2.342732494332206], [4.55210500537938, 3.6018883339159755, 3.9676979597746604, 5.887829923664576, 3.3753495907831534, 4.0262277655393515, 3.889215760278671, 2.4924817130723347, 1.3827600984986514, 2.289228721644039, 0.0, 1.4527600971943024, 1.3832441396947974, 2.319726332997063, 4.765409223770819, 4.494271003177268, 5.515928622634633, 4.100630453966804, 5.072561116438125, 3.861924868507931, 2.6156946094680094, 3.1064922823016956, 2.1089415828799054, 2.0821102204254225, 2.097441331718244, 2.089042139354781], [5.762680490882693, 4.632989638451613, 4.613964349667214, 6.431653693258056, 3.590081831936425, 4.15478048036235, 4.487236152689091, 2.9186060045850657, 2.5000665171150946, 3.617352471076049, 1.4527600971943024, 0.0, 2.418920290129462, 2.7688393669550426, 5.967956160194208, 5.832443588239838, 6.658044314211194, 4.527027662826901, 5.105294735860017, 3.6834691514929236, 2.4957122169833603, 3.426007945116298, 1.0940934603588492, 1.093814522668263, 1.0937425748319392, 3.39139399952291], [4.472492465057934, 3.6326635049230753, 4.464803230826639, 6.276848497454755, 3.910772175670682, 4.154711216197825, 4.845147056591781, 3.7307402563030303, 2.3777136791464195, 2.7433444934969433, 1.3832441396947974, 2.418920290129462, 0.0, 1.2270190422320266, 4.934549073623648, 4.153574689348923, 5.358985730527746, 3.902241103519873, 5.247287446862426, 3.9567627854093046, 3.9135415853162976, 4.3845380657487745, 2.552810895855782, 2.911860357228691, 3.289698486183802, 1.1029319516633835], [5.383218921797627, 4.461485083467163, 5.274517344743498, 6.9656607748296215, 4.450143633637008, 4.343446507095488, 5.891663385666225, 4.75340375836095, 3.527361715220031, 3.9699573221887414, 2.319726332997063, 2.7688393669550426, 1.2270190422320266, 0.0, 5.979574510782518, 5.034439628200938, 6.152213111555873, 4.0670329406091605, 5.400968807538144, 3.8942722901718105, 4.731343414929844, 5.425668898854775, 2.452244959215943, 3.127379396555525, 3.7675213257525164, 2.0267190481169313], [1.0925692884206475, 2.079292143975925, 2.7645788919833705, 3.6353089799905596, 4.174835648262096, 4.954978144250487, 3.0427874983310943, 4.056931922031722, 3.73121545076132, 3.072156358325533, 4.765409223770819, 5.967956160194208, 4.934549073623648, 5.979574510782518, 0.0, 1.776062200487359, 1.7885195386128718, 4.578718540159462, 5.500611852330612, 5.792784661973894, 4.84722458113919, 4.66962954098074, 6.818862253338163, 5.965451830331044, 6.315921143427932, 4.288237168114655], [1.0930475241269249, 2.0444928906699578, 3.517527849214559, 4.541631255397118, 4.480479819171157, 4.861716150702343, 4.292436270930531, 4.754005437523184, 3.866095154028157, 3.095425972301712, 4.494271003177268, 5.832443588239838, 4.153574689348923, 5.034439628200938, 1.776062200487359, 0.0, 1.7753461183667822, 4.165239014750535, 5.563063444721801, 5.561095354334432, 5.466438231609317, 5.457545606772334, 6.460348799407042, 5.914584911893648, 6.416890447093515, 3.2878841904787337], [1.092842591593135, 2.0605933757051633, 3.02985449980688, 3.2640861416329074, 4.289513241616116, 4.576731310662665, 4.271603879106769, 5.282665628260036, 4.824745176690683, 4.324555323961066, 5.515928622634633, 6.658044314211194, 5.358985730527746, 6.152213111555873, 1.7885195386128718, 1.7753461183667822, 0.0, 3.935376420369467, 4.952208308421607, 5.515690910484379, 5.847398589116359, 6.093887876388932, 7.399287850192071, 6.466754020372199, 7.230695015695241, 4.705603605277436], [3.7674906688670116, 2.5304556842592603, 2.7839550966206335, 3.5633083293478833, 2.0810710559709396, 1.0928308469292034, 4.655524540800961, 4.774937965042058, 4.352214550088266, 4.801963013185337, 4.100630453966804, 4.527027662826901, 3.902241103519873, 4.0670329406091605, 4.578718540159462, 4.165239014750535, 3.935376420369467, 0.0, 1.7909908542480055, 1.7739737568521132, 4.599065684462443, 5.862367639443982, 5.030224503936181, 3.871600316406641, 5.3991154442186176, 4.076248002759401], [4.902757030488051, 3.6544746010883697, 3.032983207998356, 3.1963739721753464, 2.063633034238404, 1.0926587298877908, 4.823142721296977, 5.147096172600625, 5.233461650762333, 5.901801618150173, 5.072561116438125, 5.105294735860017, 5.247287446862426, 5.400968807538144, 5.500611852330612, 5.563063444721801, 4.952208308421607, 1.7909908542480055, 0.0, 1.7741057042916017, 4.691719681524035, 6.212407650822667, 5.702967669555913, 4.177055902187568, 5.793595914455892, 5.59981255221994], [5.164393977031574, 3.773881487275402, 3.5281934144828284, 4.490536765243104, 2.0439268553448775, 1.0930420806172105, 4.946350486975221, 4.625498829315602, 4.439268182932858, 5.2718567061330495, 3.861924868507931, 3.6834691514929236, 3.9567627854093046, 3.8942722901718105, 5.792784661973894, 5.561095354334432, 5.515690910484379, 1.7739737568521132, 1.7741057042916017, 0.0, 4.072608348466618, 5.654519554303442, 4.089491470831062, 2.7653547873645437, 4.519039580486102, 4.56589069185849], [5.001983633519806, 3.9835971081423383, 3.2488955923513454, 4.931042461792435, 2.75442881737757, 4.00365294574842, 2.3723820476474695, 1.0900474393346375, 2.1922279899681967, 3.2950094400471754, 2.6156946094680094, 2.4957122169833603, 3.9135415853162976, 4.731343414929844, 4.84722458113919, 5.466438231609317, 5.847398589116359, 4.599065684462443, 4.691719681524035, 4.072608348466618, 0.0, 1.7702262539008962, 3.5784546902259367, 2.3671831572567426, 2.233922982110171, 4.422659472534597], [5.126988660022567, 4.5303373064265315, 4.076211670166308, 5.7704264409140515, 4.166649224496826, 5.475295330847461, 2.4143652934052873, 1.0939357979333155, 2.1393405035197177, 2.777897474709965, 3.1064922823016956, 3.426007945116298, 4.3845380657487745, 5.425668898854775, 4.66962954098074, 5.457545606772334, 6.093887876388932, 5.862367639443982, 6.212407650822667, 5.654519554303442, 1.7702262539008962, 0.0, 4.406845350134266, 3.777527526041339, 2.890023255961792, 4.616567753212337], [6.5197354501544, 5.4062294337181065, 5.554071607388583, 7.342748663136987, 4.440608050706569, 4.744380775190795, 5.5607206178695945, 3.9811586265809606, 3.374639105148875, 4.352324792567761, 2.1089415828799054, 1.0940934603588492, 2.552810895855782, 2.452244959215943, 6.818862253338163, 6.460348799407042, 7.399287850192071, 5.030224503936181, 5.702967669555913, 4.089491470831062, 3.5784546902259367, 4.406845350134266, 0.0, 1.7785653235121843, 1.775440289055084, 3.625035042589244], [5.688338739034448, 4.406618969232534, 4.1509210459848545, 5.80962881602603, 2.857776305101573, 3.314558916356745, 4.340177938748595, 3.0628591054764502, 2.94008634226956, 4.107755604950226, 2.0821102204254225, 1.093814522668263, 2.911860357228691, 3.127379396555525, 5.965451830331044, 5.914584911893648, 6.466754020372199, 3.871600316406641, 4.177055902187568, 2.7653547873645437, 2.3671831572567426, 3.777527526041339, 1.7785653235121843, 0.0, 1.7871951124597447, 3.860978245211957], [6.289228650637533, 5.23949449183793, 5.0197880672394914, 6.832428184035306, 4.131264564270848, 4.921340160972415, 4.43576229863594, 2.702244465254763, 2.6986930781398613, 3.836552955453632, 2.097441331718244, 1.0937425748319392, 3.289698486183802, 3.7675213257525164, 6.315921143427932, 6.416890447093515, 7.230695015695241, 5.3991154442186176, 5.793595914455892, 4.519039580486102, 2.233922982110171, 2.890023255961792, 1.775440289055084, 1.7871951124597447, 0.0, 4.146396594634912], [3.8060866542946705, 3.278281587966476, 4.425100685860154, 6.1735835598135385, 4.256011999513159, 4.535027971247807, 4.831062583945689, 3.990800114012227, 2.5052020696941795, 2.342732494332206, 2.089042139354781, 3.39139399952291, 1.1029319516633835, 2.0267190481169313, 4.288237168114655, 3.2878841904787337, 4.705603605277436, 4.076248002759401, 5.59981255221994, 4.56589069185849, 4.422659472534597, 4.616567753212337, 3.625035042589244, 3.860978245211957, 4.146396594634912, 0.0]]}