{"total energy": -60.37129044, "HOMO-LUMO gap/eV": 2.34173365, "electronic energy": -61.04519174, "dipole": [0.90620275, -1.82031892, -1.69953062], "partial charges": [-0.11254203, 0.09723957, -0.27855747, 0.53286121, -0.39493354, -0.28673472, 0.09492482, -0.11273276, -0.2506759, 0.25187542, -0.08363192, 0.12326082, -0.12079078, -0.26533596, 0.18896507, -0.27591643, -0.01442384, -0.1029464, -0.10031595, 0.06133321, 0.05279571, 0.05628003, 0.03924382, 0.04321792, 0.04220641, 0.05565526, 0.05239661, 0.06134717, 0.05650258, 0.06144969, 0.06267932, 0.07245313, 0.06545078, 0.05639226, 0.05892139, 0.03955774, 0.0447847, 0.03215367, 0.0503396, 0.04524979], "atomic dipole moments": [[-0.03185181, -0.08416868, 0.11678423], [-0.06567106, 0.2134212, 0.15758278], [0.04897947, -0.1993535, 0.01389398], [0.08696981, -0.23834527, -0.1934579], [0.14020123, -0.34586414, -0.35276156], [-0.00754349, 0.19554662, -0.02965732], [-0.1630651, -0.22676673, -0.03490897], [-0.12445253, 0.07752454, 0.02059437], [-0.07832364, 0.12568041, -0.04908424], [0.24961829, 0.08682639, 0.06439329], [0.02548606, 0.03891492, -0.00755385], [-0.02025713, 0.0047291, -0.00546505], [0.06978519, 0.07424994, -0.00812802], [0.26118264, 0.01075209, 0.0876805], [0.04043885, -0.01124069, 0.02704948], [-0.1133994, -0.23245219, 0.06814295], [0.10575843, 0.0173809, 0.02974604], [-0.00207181, -0.10880254, -0.07336293], [-0.06314341, -0.03280143, 0.1039041], [-0.09859875, 0.07258324, -0.0410291], [0.03681413, -0.07834498, -0.09452432], [0.09284053, 0.08518407, 0.02233959], [-0.09548747, -0.0723581, -0.01930355], [0.09472214, -0.05903871, 0.04396692], [-0.02358047, 0.08003482, -0.08863518], [-0.00609965, 0.04915416, 0.11287672], [0.00238622, -0.06116061, -0.11091877], [0.01885621, -0.09384773, 0.08639954], [0.09904252, 0.08247503, 0.00433899], [0.07000178, -0.11876006, 0.07550352], [0.0534819, -0.10501566, -0.06189462], [-0.1221293, 0.0128032, -0.04801492], [-0.01345335, -0.02207581, 0.13146975], [-0.11677979, -0.03145793, -0.02926199], [0.1167257, 0.04966798, 0.0342074], [-0.06128931, -0.02377765, 0.11059925], [-0.06203025, 0.09413074, -0.05457985], [0.00703727, -0.1011584, -0.0755859], [0.12180192, 0.04057034, 0.0150871], [-0.05804305, 0.0894724, -0.06629406]], "atomic quadrupole moments": [[-0.12673584, 0.05255078, -0.03393865, -0.09209938, -0.1693965, 0.16067449], [-0.31196937, -0.102021, 0.04637083, -0.22283169, 0.22946911, 0.26559855], [-0.09888242, -0.04217382, 0.01876437, -0.03462267, 0.03790053, 0.08011805], [0.45683588, 0.72789203, -0.25052898, 0.27012699, -0.33910805, -0.2063069], [-0.25702204, -0.23008742, 0.12629938, -0.23062762, 0.4651632, 0.13072267], [0.07744525, 0.03861013, 0.03098159, 0.03425548, -0.00362146, -0.10842684], [0.32036734, 0.27091004, 0.06937704, -0.00265137, 0.05110197, -0.38974437], [0.19101368, -0.16416276, -0.05387246, -0.05342015, 0.03622471, -0.13714122], [0.0396488, 0.0400045, 0.0310898, 0.02811171, -0.00728408, -0.0707386], [0.20513714, -0.0605874, -0.39932985, -0.00924534, 0.30164808, 0.19419272], [-0.14176026, -0.00906165, -0.12249037, -0.19688136, 0.22782431, 0.26425063], [-0.2646321, -0.02191224, -0.04818702, -0.25870713, 0.23210108, 0.31281912], [-0.0189699, 0.13954059, 0.13191105, -0.02161648, -0.06338697, -0.11294115], [-0.12343924, -0.0573065, -0.05828465, -0.1175944, 0.12382387, 0.18172388], [-0.21465431, -0.17774406, -0.15771558, -0.18564668, 0.23874433, 0.37236989], [-0.09893822, -0.08122896, -0.06973371, -0.0905607, 0.11780302, 0.16867194], [-0.15821956, -0.06490893, 0.08475854, -0.06302829, -0.02952367, 0.07346102], [-0.13906638, -0.01936401, 0.12766508, -0.01575074, 0.17520365, 0.01140129], [-0.04948094, 0.03275928, -0.0969704, -0.15369414, -0.05855374, 0.14645134], [0.04779016, -0.04280093, -0.01426987, 0.02230729, -0.02532903, -0.03352029], [-0.04203592, -0.02347075, 0.01924799, -0.02877637, 0.05617484, 0.02278793], [0.02765523, 0.05791225, -0.00050347, 0.03048891, 0.00926233, -0.02715176], [0.00965847, 0.03187145, -0.01270057, -0.00342315, 0.0222574, 0.00304211], [0.01227616, -0.03498078, -0.02127338, 0.00691897, 0.0055384, 0.00899722], [0.00723018, 0.01338683, -0.00433402, 0.00835387, -0.03590581, -0.00289616], [0.00072089, 0.01632934, -0.02434957, -0.00106997, 0.02704832, 0.02362868], [-0.03889611, -0.00853207, -0.02440665, 0.01167746, 0.04487175, 0.06330276], [-0.03929239, -0.01548418, 0.00840468, -0.00101835, -0.05832054, 0.03088772], [0.02845558, 0.06085611, 0.02302873, 0.00318362, 0.00707915, -0.05148431], [0.01860108, 0.0039213, 0.01427711, 0.02364207, -0.02785829, -0.03287819], [0.00137658, -0.04128178, 0.03000332, -0.02726138, 0.04335829, -0.0313799], [0.05948676, -0.01305838, -0.02927739, 0.04404951, -0.01414032, -0.03020936], [-0.03394177, 0.01114305, -0.04416327, 0.00578928, -0.018124, 0.07810503], [0.02788449, 0.01487362, -0.01333186, 0.01002173, 0.0042714, -0.01455263], [0.06856496, 0.02346866, -0.03005991, 0.01545053, 0.01236056, -0.03850506], [-0.02020313, 0.02243783, -0.02000018, -0.05098469, -0.02494328, 0.04020331], [-0.0185678, -0.04395994, 0.01833402, 0.04185467, -0.03819043, 0.00023378], [-0.04592664, 0.00619711, 0.05236056, -0.00886689, 0.05182981, -0.00643392], [0.0567331, 0.03503802, -0.0366597, 0.03080715, 0.00946978, -0.0200734], [-0.00037427, -0.05341114, 0.01720468, 0.01930467, -0.04311265, -0.01683041]], "number of molecular orbitals": 107, "number of electrons": 108, "number of unpaired electrons": 0, "orbital energies/eV": [-20.63323012, -20.14205624, -19.75122405, -19.11507978, -18.74392162, -18.34175584, -18.08537231, -17.99007052, -17.8140757, -17.48808057, -17.18072147, -17.05627187, -16.82708707, -16.64098875, -16.49286505, -16.44818359, -16.17338102, -16.13240554, -16.0137876, -15.70121812, -15.55836916, -15.49322455, -15.0937255, -15.03530277, -14.88553172, -14.82877043, -14.58894869, -14.22882446, -14.16100942, -13.89618858, -13.71956351, -13.66112045, -13.60929679, -13.47087107, -13.289583, -13.22699386, -13.16446072, -13.10691588, -13.0290788, -12.94915397, -12.79014597, -12.53502751, -12.51829525, -12.26029438, -12.23716733, -12.13095147, -12.09045493, -11.98750348, -11.68344416, -11.66981997, -11.24005784, -10.42763572, -9.7908761, -9.711599, -7.36986535, -7.0911815, -4.73826382, -4.10318276, -3.64684898, -3.0487069, -1.32390057, 0.98161739, 1.02207251, 1.30042443, 1.40558035, 1.72851652, 1.9020295, 2.08988054, 2.54215723, 2.7639324, 2.92964238, 3.1563779, 3.27187716, 3.37401568, 3.59292152, 3.60927462, 3.70330549, 3.74866125, 3.92771961, 4.13299098, 4.30824667, 4.33849563, 4.47056759, 4.59001303, 5.09153777, 5.28686176, 5.51434582, 5.7767258, 5.92447824, 6.18791795, 6.33424795, 6.45650063, 6.54420618, 6.66477265, 6.74826111, 6.85277259, 7.09777467, 7.77938415, 10.44992813, 10.96427649, 11.3397974, 12.08518475, 14.83132364, 16.18693234, 26.89698855, 28.21857548, 37.1354244], "fractional occupation": [2.0, 2.0, 2.0, 2.0, 2.0, 2.0, 2.0, 2.0, 2.0, 2.0, 2.0, 2.0, 2.0, 2.0, 2.0, 2.0, 2.0, 2.0, 2.0, 2.0, 2.0, 2.0, 2.0, 2.0, 2.0, 2.0, 2.0, 2.0, 2.0, 2.0, 2.0, 2.0, 2.0, 2.0, 2.0, 2.0, 2.0, 2.0, 2.0, 2.0, 2.0, 2.0, 2.0, 2.0, 2.0, 2.0, 2.0, 2.0, 2.0, 2.0, 2.0, 2.0, 2.0, 2.0, 0.0, 0.0, 0.0, 0.0, 0.0, 0.0, 0.0, 0.0, 0.0, 0.0, 0.0, 0.0, 0.0, 0.0, 0.0, 0.0, 0.0, 0.0, 0.0, 0.0, 0.0, 0.0, 0.0, 0.0, 0.0, 0.0, 0.0, 0.0, 0.0, 0.0, 0.0, 0.0, 0.0, 0.0, 0.0, 0.0, 0.0, 0.0, 0.0, 0.0, 0.0, 0.0, 0.0, 0.0, 0.0, 0.0, 0.0, 0.0, 0.0, 0.0, 0.0, 0.0, 0.0], "program call": "xtb /home/svss/Project-DBcg-Debug/aqme2_20220329/End-to-End-workflows-final/example-3/QDESCP/mol_19_rdkit_conf_3/mol_19_rdkit_conf_3.xyz --pop --wbo --acc 0.2 --gfn 2 --chrg 0 --uhf 0 --etemp 300 --input /home/svss/Project-DBcg-Debug/aqme2_20220329/End-to-End-workflows-final/example-3/QDESCP/mol_19_rdkit_conf_3/mol_19_rdkit_conf_3_xtb.inp", "method": "GFN2-xTB", "xtb version": "6.3.3 (7355c4f)", "Dipole module/D": 6.736, "Total charge": 0, "Transition dipole module/D": NaN, "HOMO": -9.7116, "LUMO": -7.3699, "HOMO occupancy": 2.0, "LUMO occupancy": 0, "mulliken charges": [-0.09736, 0.21147, -0.37001, 0.45063, -0.17912, -0.37211, 0.21044, -0.09599, -0.33257, 0.41521, -0.11296, 0.19963, -0.09771, -0.3781, 0.31144, -0.36458, -0.00821, -0.08319, -0.08337, 0.0419, 0.03023, 0.03844, 0.02981, 0.03206, 0.03117, 0.02802, 0.03799, 0.04376, 0.03169, 0.05959, 0.04399, 0.04879, 0.04556, 0.03132, 0.04135, 0.03345, 0.02968, 0.0294, 0.03813, 0.03012], "cm5 charges": [-0.24391, 0.13393, -0.43171, 0.41681, -0.14721, -0.43426, 0.13231, -0.24256, -0.37018, 0.51894, -0.14982, 0.26126, -0.23517, -0.55648, 0.45219, -0.54508, -0.06491, -0.22815, -0.22833, 0.09533, 0.08148, 0.09185, 0.09796, 0.10098, 0.09893, 0.0922, 0.09145, 0.09708, 0.08292, 0.12029, 0.09648, 0.10415, 0.09804, 0.09447, 0.09559, 0.08586, 0.08115, 0.08183, 0.09267, 0.0816], "FUKUI+": [0.007, 0.005, 0.003, -0.058, -0.076, -0.008, 0.006, 0.006, -0.028, -0.062, -0.026, -0.081, 0.029, -0.102, -0.036, -0.111, 0.001, 0.014, 0.014, -0.005, -0.017, -0.016, 0.013, -0.014, -0.008, -0.01, -0.007, -0.01, -0.017, -0.078, -0.059, -0.048, -0.058, -0.033, -0.013, -0.014, -0.038, -0.015, -0.014, -0.037], "FUKUI-": [0.009, 0.009, 0.007, -0.132, -0.343, -0.006, 0.012, 0.008, -0.004, 0.004, -0.015, -0.013, 0.01, -0.1, -0.005, -0.056, 0.001, 0.009, 0.01, -0.01, -0.024, -0.014, -0.008, -0.015, -0.01, -0.008, -0.014, -0.016, -0.024, -0.042, -0.037, -0.027, -0.034, -0.028, -0.0, -0.013, -0.029, -0.017, -0.007, -0.027], "FUKUIrad": [0.008, 0.007, 0.005, -0.095, -0.21, -0.007, 0.009, 0.007, -0.016, -0.029, -0.021, -0.047, 0.02, -0.101, -0.02, -0.083, 0.001, 0.011, 0.012, -0.007, -0.02, -0.015, 0.003, -0.015, -0.009, -0.009, -0.01, -0.013, -0.021, -0.06, -0.048, -0.038, -0.046, -0.031, -0.007, -0.014, -0.033, -0.016, -0.011, -0.032], "s proportion": [1.012, 0.992, 1.646, 1.435, 1.89, 1.644, 0.993, 1.012, 1.638, 0.991, 1.056, 1.058, 1.011, 1.554, 1.037, 1.544, 1.052, 1.012, 1.012, 0.958, 0.97, 0.962, 0.97, 0.968, 0.969, 0.972, 0.962, 0.956, 0.968, 0.94, 0.956, 0.951, 0.954, 0.969, 0.959, 0.967, 0.97, 0.971, 0.962, 0.97], "p proportion": [3.085, 2.796, 4.724, 1.928, 4.303, 4.728, 2.796, 3.084, 4.695, 2.594, 3.057, 2.742, 3.086, 3.824, 2.651, 3.82, 2.957, 3.071, 3.071, 0.0, 0.0, 0.0, 0.0, 0.0, 0.0, 0.0, 0.0, 0.0, 0.0, 0.0, 0.0, 0.0, 0.0, 0.0, 0.0, 0.0, 0.0, 0.0, 0.0, 0.0], "d proportion": [0.0, 0.0, 0.0, 1.186, -0.014, 0.0, 0.0, 0.0, 0.0, 0.0, 0.0, 0.0, 0.0, 0.0, 0.0, 0.0, 0.0, 0.0, 0.0, 0.0, 0.0, 0.0, 0.0, 0.0, 0.0, 0.0, 0.0, 0.0, 0.0, 0.0, 0.0, 0.0, 0.0, 0.0, 0.0, 0.0, 0.0, 0.0, 0.0, 0.0], "Fermi-level/eV": -8.5407, "Coordination numbers": [3.749, 3.9, 1.658, 4.081, 0.924, 1.657, 3.91, 3.749, 1.663, 3.107, 2.906, 2.96, 3.757, 1.837, 2.927, 1.851, 3.855, 3.753, 3.753, 0.924, 0.924, 0.924, 0.924, 0.924, 0.924, 0.924, 0.924, 0.924, 0.924, 0.926, 0.924, 0.924, 0.924, 0.924, 0.924, 0.924, 0.924, 0.924, 0.924, 0.924], "Dispersion coefficient C6": [22.719, 18.927, 18.638, 138.682, 156.385, 18.779, 18.96, 22.723, 18.167, 22.669, 30.093, 25.293, 22.868, 27.743, 23.972, 28.011, 20.796, 22.526, 22.475, 2.184, 2.285, 2.243, 2.459, 2.407, 2.42, 2.251, 2.29, 2.183, 2.24, 2.182, 2.168, 2.059, 2.136, 2.242, 2.212, 2.455, 2.386, 2.556, 2.316, 2.38], "Total dispersion C6": 18564.19379, "Total dispersion C8": 487442.933675, "Polarizability alpha": [6.798, 6.184, 5.828, 21.154, 21.152, 5.85, 6.189, 6.799, 5.754, 7.801, 8.995, 8.249, 6.818, 7.806, 8.029, 7.844, 6.486, 6.768, 6.76, 2.311, 2.364, 2.342, 2.452, 2.426, 2.433, 2.346, 2.367, 2.311, 2.341, 2.31, 2.303, 2.244, 2.286, 2.342, 2.326, 2.45, 2.416, 2.5, 2.38, 2.413], "Total polarizability alpha": 210.925023, "Wiberg matrix": [[0.0, 1.0153019808172157, 0.0, 0.0, 0.0, 0.0, 0.0, 0.0, 0.0, 0.0, 0.0, 0.0, 0.0, 0.0, 0.0, 0.0, 0.0, 0.0, 0.0, 0.9840959752652955, 0.9820365410882215, 0.985035397151008, 0.0, 0.0, 0.0, 0.0, 0.0, 0.0, 0.0, 0.0, 0.0, 0.0, 0.0, 0.0, 0.0, 0.0, 0.0, 0.0, 0.0, 0.0], [1.0153019808172157, 0.0, 0.9224745386495833, 0.0, 0.0, 0.0, 0.0, 0.0, 0.0, 0.0, 0.0, 0.0, 0.0, 0.0, 0.0, 0.0, 0.0, 0.0, 0.0, 0.0, 0.0, 0.0, 0.970743879472157, 0.9672624439554659, 0.0, 0.0, 0.0, 0.0, 0.0, 0.0, 0.0, 0.0, 0.0, 0.0, 0.0, 0.0, 0.0, 0.0, 0.0, 0.0], [0.0, 0.9224745386495833, 0.0, 1.2013012500239282, 0.0, 0.0, 0.0, 0.0, 0.0, 0.0, 0.0, 0.0, 0.0, 0.0, 0.0, 0.0, 0.0, 0.0, 0.0, 0.0, 0.0, 0.0, 0.0, 0.0, 0.0, 0.0, 0.0, 0.0, 0.0, 0.0, 0.0, 0.0, 0.0, 0.0, 0.0, 0.0, 0.0, 0.0, 0.0, 0.0], [0.0, 0.0, 1.2013012500239282, 0.0, 1.5894093090227677, 1.1971863658975592, 0.0, 0.0, 1.1530291138903448, 0.0, 0.0, 0.0, 0.0, 0.0, 0.0, 0.0, 0.0, 0.0, 0.0, 0.0, 0.0, 0.0, 0.0, 0.0, 0.0, 0.0, 0.0, 0.0, 0.0, 0.0, 0.0, 0.0, 0.0, 0.0, 0.0, 0.0, 0.0, 0.0, 0.0, 0.0], [0.0, 0.0, 0.0, 1.5894093090227677, 0.0, 0.0, 0.0, 0.0, 0.0, 0.0, 0.0, 0.0, 0.0, 0.0, 0.0, 0.0, 0.0, 0.0, 0.0, 0.0, 0.0, 0.0, 0.0, 0.0, 0.0, 0.0, 0.0, 0.0, 0.0, 0.0, 0.0, 0.0, 0.0, 0.0, 0.0, 0.0, 0.0, 0.0, 0.0, 0.0], [0.0, 0.0, 0.0, 1.1971863658975592, 0.0, 0.0, 0.9239723580433935, 0.0, 0.0, 0.0, 0.0, 0.0, 0.0, 0.0, 0.0, 0.0, 0.0, 0.0, 0.0, 0.0, 0.0, 0.0, 0.0, 0.0, 0.0, 0.0, 0.0, 0.0, 0.0, 0.0, 0.0, 0.0, 0.0, 0.0, 0.0, 0.0, 0.0, 0.0, 0.0, 0.0], [0.0, 0.0, 0.0, 0.0, 0.0, 0.9239723580433935, 0.0, 1.015602069130986, 0.0, 0.0, 0.0, 0.0, 0.0, 0.0, 0.0, 0.0, 0.0, 0.0, 0.0, 0.0, 0.0, 0.0, 0.0, 0.0, 0.9687091538083262, 0.9710339143646266, 0.0, 0.0, 0.0, 0.0, 0.0, 0.0, 0.0, 0.0, 0.0, 0.0, 0.0, 0.0, 0.0, 0.0], [0.0, 0.0, 0.0, 0.0, 0.0, 0.0, 1.015602069130986, 0.0, 0.0, 0.0, 0.0, 0.0, 0.0, 0.0, 0.0, 0.0, 0.0, 0.0, 0.0, 0.0, 0.0, 0.0, 0.0, 0.0, 0.0, 0.0, 0.9850439915096045, 0.9842802853796548, 0.9818078299582872, 0.0, 0.0, 0.0, 0.0, 0.0, 0.0, 0.0, 0.0, 0.0, 0.0, 0.0], [0.0, 0.0, 0.0, 1.1530291138903448, 0.0, 0.0, 0.0, 0.0, 0.0, 0.9967474029558204, 0.0, 0.0, 0.0, 0.0, 0.0, 0.0, 0.0, 0.0, 0.0, 0.0, 0.0, 0.0, 0.0, 0.0, 0.0, 0.0, 0.0, 0.0, 0.0, 0.0, 0.0, 0.0, 0.0, 0.0, 0.0, 0.0, 0.0, 0.0, 0.0, 0.0], [0.0, 0.0, 0.0, 0.0, 0.0, 0.0, 0.0, 0.0, 0.9967474029558204, 0.0, 1.3756783748541879, 0.0, 0.0, 0.0, 0.0, 1.3759721461259105, 0.0, 0.0, 0.0, 0.0, 0.0, 0.0, 0.0, 0.0, 0.0, 0.0, 0.0, 0.0, 0.0, 0.0, 0.0, 0.0, 0.0, 0.0, 0.0, 0.0, 0.0, 0.0, 0.0, 0.0], [0.0, 0.0, 0.0, 0.0, 0.0, 0.0, 0.0, 0.0, 0.0, 1.3756783748541879, 0.0, 1.4071365124625372, 0.0, 0.0, 0.10026303873271536, 0.0, 0.0, 0.0, 0.0, 0.0, 0.0, 0.0, 0.0, 0.0, 0.0, 0.0, 0.0, 0.0, 0.0, 0.962600151704848, 0.0, 0.0, 0.0, 0.0, 0.0, 0.0, 0.0, 0.0, 0.0, 0.0], [0.0, 0.0, 0.0, 0.0, 0.0, 0.0, 0.0, 0.0, 0.0, 0.0, 1.4071365124625372, 0.0, 1.0278976532502788, 1.384320377217264, 0.0, 0.0, 0.0, 0.0, 0.0, 0.0, 0.0, 0.0, 0.0, 0.0, 0.0, 0.0, 0.0, 0.0, 0.0, 0.0, 0.0, 0.0, 0.0, 0.0, 0.0, 0.0, 0.0, 0.0, 0.0, 0.0], [0.0, 0.0, 0.0, 0.0, 0.0, 0.0, 0.0, 0.0, 0.0, 0.0, 0.0, 1.0278976532502788, 0.0, 0.0, 0.0, 0.0, 0.0, 0.0, 0.0, 0.0, 0.0, 0.0, 0.0, 0.0, 0.0, 0.0, 0.0, 0.0, 0.0, 0.0, 0.965278029650514, 0.9828435104503435, 0.9647264300402996, 0.0, 0.0, 0.0, 0.0, 0.0, 0.0, 0.0], [0.0, 0.0, 0.0, 0.0, 0.0, 0.0, 0.0, 0.0, 0.0, 0.0, 0.0, 1.384320377217264, 0.0, 0.0, 1.4045631402012226, 0.0, 0.0, 0.0, 0.0, 0.0, 0.0, 0.0, 0.0, 0.0, 0.0, 0.0, 0.0, 0.0, 0.0, 0.0, 0.0, 0.0, 0.0, 0.0, 0.0, 0.0, 0.0, 0.0, 0.0, 0.0], [0.0, 0.0, 0.0, 0.0, 0.0, 0.0, 0.0, 0.0, 0.0, 0.0, 0.10026303873271536, 0.0, 0.0, 1.4045631402012226, 0.0, 1.3746227918316243, 0.9960571564112005, 0.0, 0.0, 0.0, 0.0, 0.0, 0.0, 0.0, 0.0, 0.0, 0.0, 0.0, 0.0, 0.0, 0.0, 0.0, 0.0, 0.0, 0.0, 0.0, 0.0, 0.0, 0.0, 0.0], [0.0, 0.0, 0.0, 0.0, 0.0, 0.0, 0.0, 0.0, 0.0, 1.3759721461259105, 0.0, 0.0, 0.0, 0.0, 1.3746227918316243, 0.0, 0.0, 0.0, 0.0, 0.0, 0.0, 0.0, 0.0, 0.0, 0.0, 0.0, 0.0, 0.0, 0.0, 0.0, 0.0, 0.0, 0.0, 0.0, 0.0, 0.0, 0.0, 0.0, 0.0, 0.0], [0.0, 0.0, 0.0, 0.0, 0.0, 0.0, 0.0, 0.0, 0.0, 0.0, 0.0, 0.0, 0.0, 0.0, 0.9960571564112005, 0.0, 0.0, 0.9900221937614816, 0.9915947533332978, 0.0, 0.0, 0.0, 0.0, 0.0, 0.0, 0.0, 0.0, 0.0, 0.0, 0.0, 0.0, 0.0, 0.0, 0.9656817606273564, 0.0, 0.0, 0.0, 0.0, 0.0, 0.0], [0.0, 0.0, 0.0, 0.0, 0.0, 0.0, 0.0, 0.0, 0.0, 0.0, 0.0, 0.0, 0.0, 0.0, 0.0, 0.0, 0.9900221937614816, 0.0, 0.0, 0.0, 0.0, 0.0, 0.0, 0.0, 0.0, 0.0, 0.0, 0.0, 0.0, 0.0, 0.0, 0.0, 0.0, 0.0, 0.9842548607638214, 0.9866940929894026, 0.9835208848895913, 0.0, 0.0, 0.0], [0.0, 0.0, 0.0, 0.0, 0.0, 0.0, 0.0, 0.0, 0.0, 0.0, 0.0, 0.0, 0.0, 0.0, 0.0, 0.0, 0.9915947533332978, 0.0, 0.0, 0.0, 0.0, 0.0, 0.0, 0.0, 0.0, 0.0, 0.0, 0.0, 0.0, 0.0, 0.0, 0.0, 0.0, 0.0, 0.0, 0.0, 0.0, 0.987504522603614, 0.9850344800668478, 0.9840600272722351], [0.9840959752652955, 0.0, 0.0, 0.0, 0.0, 0.0, 0.0, 0.0, 0.0, 0.0, 0.0, 0.0, 0.0, 0.0, 0.0, 0.0, 0.0, 0.0, 0.0, 0.0, 0.0, 0.0, 0.0, 0.0, 0.0, 0.0, 0.0, 0.0, 0.0, 0.0, 0.0, 0.0, 0.0, 0.0, 0.0, 0.0, 0.0, 0.0, 0.0, 0.0], [0.9820365410882215, 0.0, 0.0, 0.0, 0.0, 0.0, 0.0, 0.0, 0.0, 0.0, 0.0, 0.0, 0.0, 0.0, 0.0, 0.0, 0.0, 0.0, 0.0, 0.0, 0.0, 0.0, 0.0, 0.0, 0.0, 0.0, 0.0, 0.0, 0.0, 0.0, 0.0, 0.0, 0.0, 0.0, 0.0, 0.0, 0.0, 0.0, 0.0, 0.0], [0.985035397151008, 0.0, 0.0, 0.0, 0.0, 0.0, 0.0, 0.0, 0.0, 0.0, 0.0, 0.0, 0.0, 0.0, 0.0, 0.0, 0.0, 0.0, 0.0, 0.0, 0.0, 0.0, 0.0, 0.0, 0.0, 0.0, 0.0, 0.0, 0.0, 0.0, 0.0, 0.0, 0.0, 0.0, 0.0, 0.0, 0.0, 0.0, 0.0, 0.0], [0.0, 0.970743879472157, 0.0, 0.0, 0.0, 0.0, 0.0, 0.0, 0.0, 0.0, 0.0, 0.0, 0.0, 0.0, 0.0, 0.0, 0.0, 0.0, 0.0, 0.0, 0.0, 0.0, 0.0, 0.0, 0.0, 0.0, 0.0, 0.0, 0.0, 0.0, 0.0, 0.0, 0.0, 0.0, 0.0, 0.0, 0.0, 0.0, 0.0, 0.0], [0.0, 0.9672624439554659, 0.0, 0.0, 0.0, 0.0, 0.0, 0.0, 0.0, 0.0, 0.0, 0.0, 0.0, 0.0, 0.0, 0.0, 0.0, 0.0, 0.0, 0.0, 0.0, 0.0, 0.0, 0.0, 0.0, 0.0, 0.0, 0.0, 0.0, 0.0, 0.0, 0.0, 0.0, 0.0, 0.0, 0.0, 0.0, 0.0, 0.0, 0.0], [0.0, 0.0, 0.0, 0.0, 0.0, 0.0, 0.9687091538083262, 0.0, 0.0, 0.0, 0.0, 0.0, 0.0, 0.0, 0.0, 0.0, 0.0, 0.0, 0.0, 0.0, 0.0, 0.0, 0.0, 0.0, 0.0, 0.0, 0.0, 0.0, 0.0, 0.0, 0.0, 0.0, 0.0, 0.0, 0.0, 0.0, 0.0, 0.0, 0.0, 0.0], [0.0, 0.0, 0.0, 0.0, 0.0, 0.0, 0.9710339143646266, 0.0, 0.0, 0.0, 0.0, 0.0, 0.0, 0.0, 0.0, 0.0, 0.0, 0.0, 0.0, 0.0, 0.0, 0.0, 0.0, 0.0, 0.0, 0.0, 0.0, 0.0, 0.0, 0.0, 0.0, 0.0, 0.0, 0.0, 0.0, 0.0, 0.0, 0.0, 0.0, 0.0], [0.0, 0.0, 0.0, 0.0, 0.0, 0.0, 0.0, 0.9850439915096045, 0.0, 0.0, 0.0, 0.0, 0.0, 0.0, 0.0, 0.0, 0.0, 0.0, 0.0, 0.0, 0.0, 0.0, 0.0, 0.0, 0.0, 0.0, 0.0, 0.0, 0.0, 0.0, 0.0, 0.0, 0.0, 0.0, 0.0, 0.0, 0.0, 0.0, 0.0, 0.0], [0.0, 0.0, 0.0, 0.0, 0.0, 0.0, 0.0, 0.9842802853796548, 0.0, 0.0, 0.0, 0.0, 0.0, 0.0, 0.0, 0.0, 0.0, 0.0, 0.0, 0.0, 0.0, 0.0, 0.0, 0.0, 0.0, 0.0, 0.0, 0.0, 0.0, 0.0, 0.0, 0.0, 0.0, 0.0, 0.0, 0.0, 0.0, 0.0, 0.0, 0.0], [0.0, 0.0, 0.0, 0.0, 0.0, 0.0, 0.0, 0.9818078299582872, 0.0, 0.0, 0.0, 0.0, 0.0, 0.0, 0.0, 0.0, 0.0, 0.0, 0.0, 0.0, 0.0, 0.0, 0.0, 0.0, 0.0, 0.0, 0.0, 0.0, 0.0, 0.0, 0.0, 0.0, 0.0, 0.0, 0.0, 0.0, 0.0, 0.0, 0.0, 0.0], [0.0, 0.0, 0.0, 0.0, 0.0, 0.0, 0.0, 0.0, 0.0, 0.0, 0.962600151704848, 0.0, 0.0, 0.0, 0.0, 0.0, 0.0, 0.0, 0.0, 0.0, 0.0, 0.0, 0.0, 0.0, 0.0, 0.0, 0.0, 0.0, 0.0, 0.0, 0.0, 0.0, 0.0, 0.0, 0.0, 0.0, 0.0, 0.0, 0.0, 0.0], [0.0, 0.0, 0.0, 0.0, 0.0, 0.0, 0.0, 0.0, 0.0, 0.0, 0.0, 0.0, 0.965278029650514, 0.0, 0.0, 0.0, 0.0, 0.0, 0.0, 0.0, 0.0, 0.0, 0.0, 0.0, 0.0, 0.0, 0.0, 0.0, 0.0, 0.0, 0.0, 0.0, 0.0, 0.0, 0.0, 0.0, 0.0, 0.0, 0.0, 0.0], [0.0, 0.0, 0.0, 0.0, 0.0, 0.0, 0.0, 0.0, 0.0, 0.0, 0.0, 0.0, 0.9828435104503435, 0.0, 0.0, 0.0, 0.0, 0.0, 0.0, 0.0, 0.0, 0.0, 0.0, 0.0, 0.0, 0.0, 0.0, 0.0, 0.0, 0.0, 0.0, 0.0, 0.0, 0.0, 0.0, 0.0, 0.0, 0.0, 0.0, 0.0], [0.0, 0.0, 0.0, 0.0, 0.0, 0.0, 0.0, 0.0, 0.0, 0.0, 0.0, 0.0, 0.9647264300402996, 0.0, 0.0, 0.0, 0.0, 0.0, 0.0, 0.0, 0.0, 0.0, 0.0, 0.0, 0.0, 0.0, 0.0, 0.0, 0.0, 0.0, 0.0, 0.0, 0.0, 0.0, 0.0, 0.0, 0.0, 0.0, 0.0, 0.0], [0.0, 0.0, 0.0, 0.0, 0.0, 0.0, 0.0, 0.0, 0.0, 0.0, 0.0, 0.0, 0.0, 0.0, 0.0, 0.0, 0.9656817606273564, 0.0, 0.0, 0.0, 0.0, 0.0, 0.0, 0.0, 0.0, 0.0, 0.0, 0.0, 0.0, 0.0, 0.0, 0.0, 0.0, 0.0, 0.0, 0.0, 0.0, 0.0, 0.0, 0.0], [0.0, 0.0, 0.0, 0.0, 0.0, 0.0, 0.0, 0.0, 0.0, 0.0, 0.0, 0.0, 0.0, 0.0, 0.0, 0.0, 0.0, 0.9842548607638214, 0.0, 0.0, 0.0, 0.0, 0.0, 0.0, 0.0, 0.0, 0.0, 0.0, 0.0, 0.0, 0.0, 0.0, 0.0, 0.0, 0.0, 0.0, 0.0, 0.0, 0.0, 0.0], [0.0, 0.0, 0.0, 0.0, 0.0, 0.0, 0.0, 0.0, 0.0, 0.0, 0.0, 0.0, 0.0, 0.0, 0.0, 0.0, 0.0, 0.9866940929894026, 0.0, 0.0, 0.0, 0.0, 0.0, 0.0, 0.0, 0.0, 0.0, 0.0, 0.0, 0.0, 0.0, 0.0, 0.0, 0.0, 0.0, 0.0, 0.0, 0.0, 0.0, 0.0], [0.0, 0.0, 0.0, 0.0, 0.0, 0.0, 0.0, 0.0, 0.0, 0.0, 0.0, 0.0, 0.0, 0.0, 0.0, 0.0, 0.0, 0.9835208848895913, 0.0, 0.0, 0.0, 0.0, 0.0, 0.0, 0.0, 0.0, 0.0, 0.0, 0.0, 0.0, 0.0, 0.0, 0.0, 0.0, 0.0, 0.0, 0.0, 0.0, 0.0, 0.0], [0.0, 0.0, 0.0, 0.0, 0.0, 0.0, 0.0, 0.0, 0.0, 0.0, 0.0, 0.0, 0.0, 0.0, 0.0, 0.0, 0.0, 0.0, 0.987504522603614, 0.0, 0.0, 0.0, 0.0, 0.0, 0.0, 0.0, 0.0, 0.0, 0.0, 0.0, 0.0, 0.0, 0.0, 0.0, 0.0, 0.0, 0.0, 0.0, 0.0, 0.0], [0.0, 0.0, 0.0, 0.0, 0.0, 0.0, 0.0, 0.0, 0.0, 0.0, 0.0, 0.0, 0.0, 0.0, 0.0, 0.0, 0.0, 0.0, 0.9850344800668478, 0.0, 0.0, 0.0, 0.0, 0.0, 0.0, 0.0, 0.0, 0.0, 0.0, 0.0, 0.0, 0.0, 0.0, 0.0, 0.0, 0.0, 0.0, 0.0, 0.0, 0.0], [0.0, 0.0, 0.0, 0.0, 0.0, 0.0, 0.0, 0.0, 0.0, 0.0, 0.0, 0.0, 0.0, 0.0, 0.0, 0.0, 0.0, 0.0, 0.9840600272722351, 0.0, 0.0, 0.0, 0.0, 0.0, 0.0, 0.0, 0.0, 0.0, 0.0, 0.0, 0.0, 0.0, 0.0, 0.0, 0.0, 0.0, 0.0, 0.0, 0.0, 0.0]], "Born radii": [], "Atomic SASAs": [], "Solvent H bonds": [], "Total SASA": NaN, "Total FOD": 0.0, "FOD": [0.0, 0.0, 0.0, 0.0, 0.0, 0.0, 0.0, 0.0, 0.0, 0.0, 0.0, 0.0, 0.0, 0.0, 0.0, 0.0, 0.0, 0.0, 0.0, 0.0, 0.0, 0.0, 0.0, 0.0, 0.0, 0.0, 0.0, 0.0, 0.0, 0.0, 0.0, 0.0, 0.0, 0.0, 0.0, 0.0, 0.0, 0.0, 0.0, 0.0], "FOD s proportion": [0.0, 0.0, 0.0, 0.0, 0.0, 0.0, 0.0, 0.0, 0.0, 0.0, 0.0, 0.0, 0.0, 0.0, 0.0, 0.0, 0.0, 0.0, 0.0, 0.0, 0.0, 0.0, 0.0, 0.0, 0.0, 0.0, 0.0, 0.0, 0.0, 0.0, 0.0, 0.0, 0.0, 0.0, 0.0, 0.0, 0.0, 0.0, 0.0, 0.0], "FOD p proportion": [0.0, 0.0, 0.0, 0.0, 0.0, 0.0, 0.0, 0.0, 0.0, 0.0, 0.0, 0.0, 0.0, 0.0, 0.0, 0.0, 0.0, 0.0, 0.0, 0.0, 0.0, 0.0, 0.0, 0.0, 0.0, 0.0, 0.0, 0.0, 0.0, 0.0, 0.0, 0.0, 0.0, 0.0, 0.0, 0.0, 0.0, 0.0, 0.0, 0.0], "FOD d proportion": [0.0, 0.0, 0.0, 0.0, 0.0, 0.0, 0.0, 0.0, 0.0, 0.0, 0.0, 0.0, 0.0, 0.0, 0.0, 0.0, 0.0, 0.0, 0.0, 0.0, 0.0, 0.0, 0.0, 0.0, 0.0, 0.0, 0.0, 0.0, 0.0, 0.0, 0.0, 0.0, 0.0, 0.0, 0.0, 0.0, 0.0, 0.0, 0.0, 0.0], "coordinates": [["2.30620", "0.77270", "-2.30260"], ["1.94430", "0.00770", "-1.04610"], ["1.54360", "0.93750", "-0.05580"], ["1.39950", "0.45780", "1.48520"], ["0.73200", "1.77190", "2.75180"], ["2.91730", "-0.04160", "1.79290"], ["3.95090", "0.92950", "1.84440"], ["5.27730", "0.23180", "1.62270"], ["0.64870", "-0.97120", "1.41940"], ["-0.66340", "-1.07470", "1.04480"], ["-1.31140", "-2.25290", "1.32050"], ["-2.61990", "-2.32890", "0.89670"], ["-3.42830", "-3.56500", "1.15040"], ["-3.22440", "-1.31460", "0.24430"], ["-2.49870", "-0.20250", "0.01930"], ["-1.21700", "-0.04800", "0.39290"], ["-3.17320", "0.93810", "-0.70840"], ["-3.25580", "2.17690", "0.18240"], ["-2.45030", "1.25010", "-2.01850"], ["1.45280", "1.36180", "-2.65460"], ["2.61700", "0.09080", "-3.09900"], ["3.12000", "1.47780", "-2.10310"], ["1.12090", "-0.68010", "-1.25730"], ["2.80650", "-0.57020", "-0.70120"], ["3.79900", "1.69260", "1.07470"], ["3.94200", "1.40930", "2.82760"], ["5.29090", "-0.26850", "0.64860"], ["5.43800", "-0.54210", "2.38050"], ["6.10530", "0.94480", "1.66480"], ["-0.82210", "-3.06440", "1.84080"], ["-2.96190", "-4.42830", "0.66560"], ["-4.44210", "-3.45670", "0.75140"], ["-3.50400", "-3.75350", "2.22590"], ["-4.19790", "0.63120", "-0.95440"], ["-2.26130", "2.55670", "0.44240"], ["-3.78080", "1.95260", "1.11770"], ["-3.79980", "2.98150", "-0.32390"], ["-2.40060", "0.36260", "-2.65920"], ["-1.42350", "1.59180", "-1.84460"], ["-2.97560", "2.03560", "-2.57230"]], "bond_dist": [[0.0, 1.5149220640019736, 2.378408720132013, 3.9075178489675513, 5.387343096555109, 4.220147858784096, 4.4639929805052345, 4.952573887384216, 4.431904495812156, 4.841125662488013, 5.947111797334904, 6.642432104282285, 7.9764240446455705, 6.436696144762466, 5.424877755304722, 4.511342037575958, 5.70899773690619, 6.251627519294475, 4.788832406756369, 1.0950955985666273, 1.0935434193483131, 1.0950966624001737, 2.1466755739980834, 2.148991033019915, 3.805367674745766, 5.422181594155622, 4.324593965911713, 5.785178985130883, 5.495729431112852, 6.455800559187064, 7.975806532884308, 8.529612725675182, 8.645936775734599, 6.643868022470042, 5.61958514927926, 7.08111467920129, 6.788025274702504, 4.738070473304507, 3.84595253480851, 5.437376733315433], [1.5149220640019736, 0.0, 1.4162565516176793, 2.628093746425344, 4.359600594091161, 3.0015130334549607, 3.6374646458763005, 4.275699153354923, 2.9522050775649036, 3.5133391325062826, 4.616350334409208, 5.4832556971200965, 6.815689862369033, 5.488995276004526, 4.5737851064517665, 3.473851058983387, 5.212340328489688, 5.766773872799245, 4.669221421179338, 2.1592663823623055, 2.161904093617476, 2.1588685694131544, 1.0934632321207696, 1.09376106165835, 3.2827721121028186, 4.57830094467369, 3.7613861926156957, 4.92440933412323, 5.053816005752484, 5.042316826618494, 6.8321893511523815, 7.4845960859621545, 7.384888782507154, 6.174445884449875, 5.138103211302786, 6.421949584043774, 6.508436378270897, 4.64824715672478, 3.8064487255183144, 5.53598056896879], [2.378408720132013, 1.4162565516176793, 0.0, 1.6203573371327697, 3.039331452803396, 2.5026746072951633, 3.0669068016488534, 4.154020995373037, 2.572974298355893, 3.182941752530197, 4.497096713436347, 5.376928255054181, 6.8152193141527, 5.2816511073716335, 4.200646295512157, 2.965375912089393, 4.7617317606097895, 4.962569088687834, 4.461070192229663, 2.63477448181054, 3.3361886472440374, 2.639772403068113, 2.058860680084983, 2.0699316075658154, 2.633445541491223, 3.780067904151988, 3.9991089820108674, 4.826087981999499, 4.875410191973595, 5.020839736538102, 7.0435614464559055, 7.469214816163745, 7.258781003033499, 5.81946079117301, 4.165006109239217, 5.545878255064748, 5.727280084822114, 4.760768342400205, 3.5258468968462036, 5.287888472727086], [3.9075178489675513, 2.628093746425344, 1.6203573371327697, 0.0, 1.943370942460548, 1.6272051161423997, 2.6193830361365635, 3.8868129733754886, 1.6155715025959079, 2.6073098818514073, 3.8371863897913534, 4.926216144263262, 6.293064731909247, 5.105064718492803, 4.216731215052722, 2.8801085361492893, 5.094325700227657, 5.130731988712721, 5.265416699559495, 4.237688158654433, 4.757298066129555, 4.108091666455363, 2.9822375190450545, 2.7958501318919082, 2.729622966638433, 3.0284808501953586, 4.046035740079417, 4.255683769971636, 4.734340376441052, 4.179455797110433, 6.600570227639428, 7.070082266140897, 6.505996958960249, 6.108404249883925, 4.3467539256323215, 5.404164262862483, 6.055957809463338, 5.623688683595492, 4.510305204750561, 6.1720546902956075], [5.387343096555109, 4.359600594091161, 3.039331452803396, 1.943370942460548, 0.0, 2.997300043372368, 3.4488156996279167, 4.930164998253101, 3.0507091405114317, 3.60057241560283, 4.7353055117911875, 5.611879387513597, 6.953781680495873, 5.609557866712849, 4.669286251666308, 3.5602031149921767, 5.2838237593621535, 4.761133289459559, 5.758043992537743, 5.469633955759745, 6.3726903933895915, 5.418403161448952, 4.715551931640665, 4.659634283932593, 3.4964899399254676, 3.231303823536252, 5.419432775669424, 5.257270745358279, 5.54418761406935, 5.1609054922561794, 7.512629878411421, 7.623068209717135, 6.982142362484454, 6.272242736055421, 3.861228339531346, 4.802946922463334, 5.608945880466311, 6.409230082467004, 5.079912324046548, 6.493217712351866], [4.220147858784096, 3.0015130334549607, 2.5026746072951633, 1.6272051161423997, 2.997300043372368, 0.0, 1.4191604630907668, 2.3818722887678088, 2.4799605581541013, 3.801100065770435, 4.795301152169694, 6.05768103897853, 7.286548783203198, 6.460585875135474, 5.701280713138058, 4.364914369148609, 6.656613555705333, 6.754451577293304, 6.708680094474619, 4.888204993655647, 4.902896639742673, 4.186702718130343, 3.59700642896284, 2.551907014371801, 2.0738022494924633, 2.0556568269047246, 2.6447841235155654, 2.6362288405978718, 3.3395716147434236, 4.808609633771492, 7.421518363515649, 8.17975541321377, 7.429588434092429, 7.656787065734556, 5.949194155513837, 7.021201627214533, 7.6641638982996705, 6.9472751824006505, 5.89422992849787, 7.622073293402524], [4.4639929805052345, 3.6374646458763005, 3.0669068016488534, 2.6193830361365635, 3.4488156996279167, 1.4191604630907668, 0.0, 1.5150158877054727, 3.8337723367461454, 5.093912277415072, 6.172029022938891, 7.395317335314287, 8.668030854236735, 7.686431871161027, 6.797775678117071, 5.45614780866501, 7.56767220550679, 7.500318369909373, 7.483324275347153, 5.1641444499549, 5.188440079638581, 4.071091248056226, 4.496693790998004, 3.168411401633317, 1.0944557140423727, 1.0940610083537388, 2.1588750867060376, 2.159739840814166, 2.1619272906367595, 6.223566434931019, 8.825100232858547, 9.532882483278602, 8.812012554462234, 8.621206746737952, 6.573036792837843, 7.832880146536139, 8.305755798240158, 7.806749696256438, 6.552216239563526, 8.288974505329353], [4.952573887384216, 4.275699153354923, 4.154020995373037, 3.8868129733754886, 4.930164998253101, 2.3818722887678088, 1.5150158877054727, 0.0, 4.786698011155498, 6.110059504620229, 7.048122205240202, 8.333668359732105, 9.509270681287814, 8.75044241224408, 7.951457982659532, 6.615635159982751, 8.794534504452182, 8.86970539025959, 8.602968911370075, 5.8479907267368345, 5.421395390487582, 4.48196886758487, 5.138250925168992, 3.4854795724548437, 2.1493281578204853, 2.1497247149344494, 1.0951510672048856, 1.0949915707438116, 1.0934922999271641, 6.9365108238941, 9.514041678487645, 10.432206492396515, 9.662178637346756, 9.82753172520954, 7.976763633203632, 9.233924043980435, 9.682140572208192, 8.79215131011745, 7.666321799272452, 9.431971047983556], [4.431904495812156, 2.9522050775649036, 2.572974298355893, 1.6155715025959079, 3.0507091405114317, 2.4799605581541013, 3.8337723367461454, 4.786698011155498, 0.0, 1.3684457680156712, 2.3440409787373597, 3.577752163020798, 4.83963722194133, 4.061980696655266, 3.5294909632976825, 2.320956048700621, 4.772827143318727, 5.165832252406189, 5.133919662402207, 4.763081125700044, 5.041625476966729, 4.951053518191861, 2.7335754864279864, 3.0518594659649714, 4.139932199927917, 4.300654878038925, 4.757934506695106, 4.903594040089371, 5.788416080414399, 2.5927431110698183, 5.055312770739314, 5.70439995880373, 5.063255161454931, 5.629577582732118, 4.676398978915294, 5.316022910033403, 6.200974474225805, 5.264240770519524, 4.638607316857076, 6.173335048415889], [4.841125662488013, 3.5133391325062826, 3.182941752530197, 2.6073098818514073, 3.60057241560283, 3.801100065770435, 5.093912277415072, 6.110059504620229, 1.3684457680156712, 0.0, 1.3726141956136109, 2.3286999592047057, 3.7225552326325526, 2.693895554768224, 2.2761171279176295, 1.3362482778286378, 3.6639009429841307, 4.247019434850752, 4.240461477245136, 4.909215319172708, 5.4120691837780495, 5.544244422822645, 2.9392346044506215, 3.9170450929240017, 5.250891072951333, 5.527959931113829, 6.0216792815625775, 6.268559580158747, 7.090703769020393, 2.1488852412355572, 4.08332313808251, 4.476447391626533, 4.079212547784192, 4.404496077873154, 4.012883767317464, 4.346037558512351, 5.306892036776328, 4.33627848851985, 4.004573213215111, 5.301287328564638], [5.947111797334904, 4.616350334409208, 4.497096713436347, 3.8371863897913534, 4.7353055117911875, 4.795301152169694, 6.172029022938891, 7.048122205240202, 2.3440409787373597, 1.3726141956136109, 0.0, 1.3775175824649208, 2.4963585539741686, 2.387086577818241, 2.7031357513080985, 2.393937578551287, 4.214880241477805, 4.969818005722141, 4.971621788712412, 6.042208018597175, 6.360600325440988, 6.728778894420591, 3.8774780424910205, 4.886292110588561, 6.460926872361272, 6.578850265053917, 6.926735036075798, 7.043070140215842, 8.084013030048874, 1.0810452488217133, 2.808097117266424, 3.4021010772756295, 2.8069635337852183, 4.671732555487311, 4.980524247506481, 4.881116106998481, 6.024543906388267, 4.88520306435669, 4.9811788273459925, 6.0261667525882485], [6.642432104282285, 5.4832556971200965, 5.376928255054181, 4.926216144263262, 5.611879387513597, 6.05768103897853, 7.395317335314287, 8.333668359732105, 3.577752163020798, 2.3286999592047057, 1.3775175824649208, 0.0, 1.4986051714844708, 1.3490183467988863, 2.3034967245472697, 2.724783965748477, 3.6818169291804828, 4.606172699758445, 4.619133706659723, 6.543690355602105, 7.017527213342318, 7.5124042050464785, 4.620805349719895, 5.923860823820897, 7.576702677286472, 7.794937181273496, 8.178481424445495, 8.385944734494737, 9.350732823688205, 2.1597152358586533, 2.139591449319239, 2.1478961264455974, 2.139600572536846, 3.831298372614693, 4.919763186373913, 4.44159566597411, 5.575157085679289, 4.465052020973552, 4.931327117521206, 5.5865323537951515], [7.9764240446455705, 6.815689862369033, 6.8152193141527, 6.293064731909247, 6.953781680495873, 7.286548783203198, 8.668030854236735, 9.509270681287814, 4.83963722194133, 3.7225552326325526, 2.4963585539741686, 1.4986051714844708, 0.0, 2.4345210165451436, 3.667417295590999, 4.222906930066065, 4.8783319956722915, 5.825478165781758, 5.846674201629504, 7.910532248211873, 8.244266255404419, 8.882304148136338, 5.900414217663028, 7.160305904079797, 8.937670476136384, 9.048645336181544, 9.335050301417771, 9.44787521668232, 10.558997696751335, 2.7421763181823304, 1.0944619180218198, 1.0948608724399642, 1.0945149564989964, 4.757158988303838, 6.2720302845250995, 5.5289452249050175, 6.720731730250806, 5.567338790661118, 6.291409562252326, 6.740189384579635], [6.436696144762466, 5.488995276004526, 5.2816511073716335, 5.105064718492803, 5.609557866712849, 6.460585875135474, 7.686431871161027, 8.75044241224408, 4.061980696655266, 2.693895554768224, 2.387086577818241, 1.3490183467988863, 2.4345210165451436, 0.0, 1.3468600149978467, 2.3782372211366973, 2.4464088006708935, 3.4921898316099598, 3.506733628321376, 6.119063491254197, 6.8756641868258805, 7.318414847492591, 4.641015503098433, 6.149785071041102, 7.685113113025729, 8.090139619314368, 8.588836812397822, 8.955293431820087, 9.70391728633339, 3.373671231759254, 3.1530188121861884, 2.51565818624073, 3.1548610001076116, 2.484093714013221, 3.994216933267396, 3.427390313343375, 4.371545677446365, 3.4528189251682457, 4.006732456753259, 4.38394537374726], [5.424877755304722, 4.5737851064517665, 4.200646295512157, 4.216731215052722, 4.669286251666308, 5.701280713138058, 6.797775678117071, 7.951457982659532, 3.5294909632976825, 2.2761171279176295, 2.7031357513080985, 2.3034967245472697, 3.667417295590999, 1.3468600149978467, 0.0, 1.343950185088718, 1.5117757439514632, 2.5022682470110995, 2.5030018298035657, 5.021068407221714, 5.998350295706312, 6.23680844182343, 3.867727172384319, 5.366513819976615, 6.660803139261811, 7.208818531493216, 7.815257043117648, 8.287448370276584, 8.834748640453784, 3.784087924454187, 4.299958554451427, 3.8603874947989354, 4.299920074838601, 2.1284802136735967, 2.8015276207812057, 2.7376484398110725, 3.456660736896232, 2.7392195731631297, 2.8017299548671715, 3.457298913892173], [4.511342037575958, 3.473851058983387, 2.965375912089393, 2.8801085361492893, 3.5602031149921767, 4.364914369148609, 5.45614780866501, 6.615635159982751, 2.320956048700621, 1.3362482778286378, 2.393937578551287, 2.724783965748477, 4.222906930066065, 2.3782372211366973, 1.343950185088718, 0.0, 2.4519325724823675, 3.0250943291077714, 3.003488381865327, 4.289828007041774, 5.187695736066255, 5.231410004960421, 2.930612028228916, 4.20217799480222, 5.353017429450422, 5.887849215120918, 6.516652910045155, 6.963024742882936, 7.4979636395490745, 3.369128875540382, 4.722930169926292, 4.706275379745644, 4.724509313145652, 3.3410020562699443, 2.8066839562016956, 3.3317871840800395, 4.045062215837971, 3.299214411037876, 2.781724741954171, 4.028209771101798], [5.70899773690619, 5.212340328489688, 4.7617317606097895, 5.094325700227657, 5.2838237593621535, 6.656613555705333, 7.56767220550679, 8.794534504452182, 4.772827143318727, 3.6639009429841307, 4.214880241477805, 3.6818169291804828, 4.8783319956722915, 2.4464088006708935, 1.5117757439514632, 2.4519325724823675, 0.0, 1.5280617919442918, 1.5284928589954223, 5.036575436742709, 6.3213370175936685, 6.468448841878554, 4.621596830101042, 6.166995445109394, 7.236040954831585, 7.959359049571768, 8.656692288050904, 9.267419311221436, 9.577196112641737, 5.295856691792179, 5.543534310347507, 4.801602887578272, 5.543523761110798, 1.097594506181586, 2.185353108767551, 2.1755526240475085, 2.171624131842341, 2.175714055201188, 2.18625804057984, 2.17202099897768], [6.251627519294475, 5.766773872799245, 4.962569088687834, 5.130731988712721, 4.761133289459559, 6.754451577293304, 7.500318369909373, 8.86970539025959, 5.165832252406189, 4.247019434850752, 4.969818005722141, 4.606172699758445, 5.825478165781758, 3.4921898316099598, 2.5022682470110995, 3.0250943291077714, 1.5280617919442918, 0.0, 2.520267704034633, 5.55732588301244, 7.0433783804364785, 6.809043743434169, 5.4213179191041725, 6.714073924228121, 7.127478433499466, 7.706790359157306, 8.901876458927072, 9.37052629525151, 9.557498280407902, 6.012022283724503, 6.629368483498259, 5.785198151316858, 6.277510625239913, 2.1375348277864386, 1.0958459243890084, 1.095774420216132, 1.0952884779819425, 3.478180859299872, 2.7943504254119595, 2.772516874610504], [4.788832406756369, 4.669221421179338, 4.461070192229663, 5.265416699559495, 5.758043992537743, 6.708680094474619, 7.483324275347153, 8.602968911370075, 5.133919662402207, 4.240461477245136, 4.971621788712412, 4.619133706659723, 5.846674201629504, 3.506733628321376, 2.5030018298035657, 3.003488381865327, 1.5284928589954223, 2.520267704034633, 0.0, 3.9561710921040816, 5.309330092393954, 5.575593828463475, 4.130201801365159, 5.716880059962777, 6.986948044747434, 8.023186969029203, 8.32740930962325, 9.20806487433706, 9.319774586329865, 6.013330356798968, 6.30161518422063, 5.8132245346279205, 6.645391486586776, 2.1376276055477947, 2.792660625640001, 3.478431678213617, 2.773186861717039, 1.0957293598329834, 1.0960466869618284, 1.0952829680041591], [1.0950955985666273, 2.1592663823623055, 2.63477448181054, 4.237688158654433, 5.469633955759745, 4.888204993655647, 5.1641444499549, 5.8479907267368345, 4.763081125700044, 4.909215319172708, 6.042208018597175, 6.543690355602105, 7.910532248211873, 6.119063491254197, 5.021068407221714, 4.289828007041774, 5.036575436742709, 5.55732588301244, 3.9561710921040816, 0.0, 1.7799702244700613, 1.7598761575747313, 2.496389494850513, 3.062825370470866, 4.418343758695106, 6.021037263628253, 5.319776305447438, 6.697677676627921, 6.362142847343181, 6.706343087704356, 8.00240977081279, 8.340780794386099, 8.634549240116707, 5.945995870331562, 4.981338557054721, 6.478414998284688, 5.970376649760047, 3.980843297594116, 2.997015463757236, 4.480123468164689], [1.0935434193483131, 2.161904093617476, 3.3361886472440374, 4.757298066129555, 6.3726903933895915, 4.902896639742673, 5.188440079638581, 5.421395390487582, 5.041625476966729, 5.4120691837780495, 6.360600325440988, 7.017527213342318, 8.244266255404419, 6.8756641868258805, 5.998350295706312, 5.187695736066255, 6.3213370175936685, 7.0433783804364785, 5.309330092393954, 1.7799702244700613, 0.0, 1.7800547210689903, 2.4948869533507927, 2.494449055402816, 4.624138723048866, 6.214390944412816, 4.61772059137406, 6.195443782329075, 5.965848081371163, 6.79590464103198, 8.106701128079164, 8.788698949218821, 8.977741558989099, 7.16478913367309, 6.5130628478466255, 7.885347358867586, 7.565226284784878, 5.044165841841443, 4.489115793783894, 5.944479345577711], [1.0950966624001737, 2.1588685694131544, 2.639772403068113, 4.108091666455363, 5.418403161448952, 4.186702718130343, 4.071091248056226, 4.48196886758487, 4.951053518191861, 5.544244422822645, 6.728778894420591, 7.5124042050464785, 8.882304148136338, 7.318414847492591, 6.23680844182343, 5.231410004960421, 6.468448841878554, 6.809043743434169, 5.575593828463475, 1.7598761575747313, 1.7800547210689903, 0.0, 3.060769651574584, 2.501581471789396, 3.2566229256700874, 4.999217812818321, 3.915893689823563, 5.436523610727723, 4.836649201668444, 7.192084569858728, 8.918364452633678, 9.470101209068464, 9.485995819628005, 7.455729586029793, 6.049957450263596, 7.6302049985567235, 7.3013901669476615, 5.65950020849898, 4.5522753102157605, 6.139025072436176], [2.1466755739980834, 1.09346323212076