{"total energy": -39.7711674, "HOMO-LUMO gap/eV": 4.80315178, "electronic energy": -40.25457031, "dipole": [0.17139955, 0.43490835, -0.65440177], "partial charges": [-0.10030649, -0.0523303, -0.05859729, -0.05924761, -0.05950147, -0.05767743, -0.08840049, 0.35208017, -0.405473, -0.27664168, 0.08138565, -0.11092164, 0.03231036, 0.03178024, 0.03234567, 0.02941413, 0.02942741, 0.0303418, 0.03030854, 0.03207293, 0.03202751, 0.03114611, 0.03109529, 0.04658323, 0.04673804, 0.06879916, 0.06827477, 0.05232188, 0.05546999, 0.05696427, 0.04784143, 0.05036882], "atomic dipole moments": [[0.08525562, -0.02599909, 0.04884382], [0.00033724, 0.06845517, -0.08779531], [0.0057953, -0.06771084, 0.08791486], [0.00382605, 0.06912179, -0.08796133], [0.011326, -0.06914814, 0.09081292], [0.02637878, 0.08390466, -0.10274674], [0.02035383, -0.05731404, 0.07767861], [0.1403783, 0.05440648, -0.04041925], [-0.00981186, 0.10771294, -0.14036179], [0.0445234, -0.13151841, 0.17684407], [-0.21481886, -0.03267381, -0.12975093], [-0.04270425, 0.11360082, 0.05502483], [0.00353105, -0.03560022, -0.12067516], [-0.09856979, -0.05512183, 0.05280194], [-0.01908474, 0.12435776, 0.00403258], [0.00871742, -0.1233215, -0.00185915], [-0.01319259, 0.03150186, 0.11884532], [-0.01230823, 0.12339681, 0.00087481], [0.00955642, -0.03117866, -0.11961727], [-0.00975899, 0.03139081, 0.12021644], [0.01222149, -0.12398034, -0.00097867], [-0.01285912, 0.1229634, 0.00095907], [0.00891923, -0.03125174, -0.11924219], [0.01259792, -0.12648019, 0.00102533], [-0.00952743, 0.03011483, 0.12322839], [0.00935603, -0.04114714, -0.12568802], [-0.01495411, 0.13160163, 0.00886023], [0.07492041, 0.09398694, -0.02447553], [-0.00358969, -0.00309851, 0.12994066], [-0.0741567, -0.10467889, 0.02230358], [0.11779532, -0.02291519, 0.04602982], [0.00484228, 0.00551235, -0.12765388]], "atomic quadrupole moments": [[0.13639858, -0.07051327, -0.0986875, 0.13851713, -0.0513258, -0.03771108], [0.22750901, 0.03687303, -0.14305934, 0.03695317, -0.11361618, -0.08444967], [0.23130257, 0.04240165, -0.14546357, 0.03182976, -0.11886122, -0.085839], [0.23231117, 0.04763353, -0.14529211, 0.02562649, -0.1202441, -0.08701905], [0.23018104, 0.03781614, -0.14597324, 0.03752912, -0.11978602, -0.0842078], [0.24973273, 0.06112838, -0.15358464, 0.01406691, -0.12686151, -0.09614809], [0.22244719, 0.04554554, -0.14770417, 0.02973995, -0.14773868, -0.07474302], [-0.13431388, 0.03547484, 0.17853985, -0.14548079, 0.39225455, -0.04422597], [-0.10710464, -0.02281973, 0.09115962, -0.02458162, 0.14835393, 0.01594501], [0.07892779, -0.01310164, -0.04666821, 0.03791597, -0.02612624, -0.03225957], [0.3334811, -0.18342048, -0.1206486, 0.21456113, 0.04479626, -0.2128325], [-0.05836687, -0.14004418, 0.13851516, -0.05448442, 0.12806799, -0.08014829], [-0.03259842, -0.01553289, -0.0345933, -0.01092489, 0.0360239, 0.06719172], [0.03573919, 0.04117537, -0.02078506, -0.03638599, -0.03627408, -0.01495413], [-0.03728117, -0.00701429, 0.07949274, 0.01191013, 0.01036998, -0.04221158], [-0.01548175, -0.01062539, 0.05344418, -2.559e-05, 0.01276413, -0.03796243], [-0.01681214, -0.00026601, -0.02606979, -0.00363083, 0.0335828, 0.04288193], [-0.01961833, -0.00810639, 0.05477362, -0.00058652, 0.01370025, -0.0351553], [-0.01993358, -0.00154694, -0.02317797, -0.00685154, 0.03348376, 0.04311155], [-0.01917946, -0.00142299, -0.02312947, -0.0061713, 0.03310123, 0.04230893], [-0.01875449, -0.0084517, 0.0537564, -0.00041916, 0.01349598, -0.03500191], [-0.01987377, -0.00768245, 0.05481068, -0.00075558, 0.01370732, -0.03493692], [-0.02007943, -0.00154458, -0.02296138, -0.00733552, 0.03338184, 0.04304081], [-0.01621992, -0.00856391, 0.05051618, -0.00068518, 0.01562467, -0.03429626], [-0.01681671, -0.00114425, -0.02149401, -0.00542242, 0.03412455, 0.03831072], [-0.01469927, 0.01588983, -0.03629564, -0.01416517, 0.02768863, 0.05099491], [-0.0111394, -0.00326257, 0.05978699, -0.01492885, 0.00131398, -0.04864759], [0.00810286, 0.02818249, 0.02504385, -0.01854728, -0.02333915, -0.03314671], [-0.00526922, -0.01019549, -0.02528437, -0.01350276, -0.01515066, 0.03055359], [0.0046356, 0.05268936, 0.02321971, -0.03145408, -0.01860317, -0.02785531], [0.06421681, -0.01797213, -0.03677819, 0.04886376, 0.00104555, -0.02743862], [-0.05282639, -0.00135396, -0.02416001, -0.0077894, -0.0208697, 0.0769864]], "number of molecular orbitals": 68, "number of electrons": 72, "number of unpaired electrons": 0, "orbital energies/eV": [-20.02038979, -19.28856083, -18.27609584, -17.28687375, -16.97312034, -16.83375966, -16.66497607, -16.22748128, -16.16574194, -15.66171329, -15.51968664, -15.30700712, -15.10531506, -15.02861252, -14.95219845, -14.31200838, -14.01345974, -13.95225497, -13.69504776, -13.55265403, -13.46092268, -13.21580772, -13.17956844, -12.89902784, -12.68883779, -12.55418777, -12.5429031, -12.20691674, -12.09589936, -12.0548922, -11.89131926, -11.78554744, -11.58148176, -11.5559409, -11.42411338, -11.19761979, -6.39446801, -0.14887298, 1.56507471, 2.67706597, 2.70716528, 2.85260896, 2.98994161, 3.1412239, 3.54103174, 3.61774763, 3.70273576, 3.75878042, 4.06880935, 4.08498279, 4.4909028, 4.69168294, 4.77258477, 4.88189904, 4.8936414, 5.03091149, 5.75925815, 6.08921507, 6.10204541, 6.39279338, 6.59133388, 7.02362809, 7.11808306, 7.31711231, 7.38540226, 7.89341312, 8.45353828, 16.26271265], "fractional occupation": [2.0, 2.0, 2.0, 2.0, 2.0, 2.0, 2.0, 2.0, 2.0, 2.0, 2.0, 2.0, 2.0, 2.0, 2.0, 2.0, 2.0, 2.0, 2.0, 2.0, 2.0, 2.0, 2.0, 2.0, 2.0, 2.0, 2.0, 2.0, 2.0, 2.0, 2.0, 2.0, 2.0, 2.0, 2.0, 2.0, 0.0, 0.0, 0.0, 0.0, 0.0, 0.0, 0.0, 0.0, 0.0, 0.0, 0.0, 0.0, 0.0, 0.0, 0.0, 0.0, 0.0, 0.0, 0.0, 0.0, 0.0, 0.0, 0.0, 0.0, 0.0, 0.0, 0.0, 0.0, 0.0, 0.0, 0.0, 0.0], "program call": "xtb /home/svss/Project-DBcg-Debug/aqme2_20220329/End-to-End-workflows-final/example-3/QDESCP/mol_565_rdkit_conf_4/mol_565_rdkit_conf_4.xyz --pop --wbo --acc 0.2 --gfn 2 --chrg 0 --uhf 0 --etemp 300 --input /home/svss/Project-DBcg-Debug/aqme2_20220329/End-to-End-workflows-final/example-3/QDESCP/mol_565_rdkit_conf_4/mol_565_rdkit_conf_4_xtb.inp", "method": "GFN2-xTB", "xtb version": "6.3.3 (7355c4f)", "Dipole module/D": 2.044, "Total charge": 0, "Transition dipole module/D": NaN, "HOMO": -11.1976, "LUMO": -6.3945, "HOMO occupancy": 2.0, "LUMO occupancy": 0, "mulliken charges": [-0.0835, -0.0384, -0.04674, -0.04484, -0.04788, -0.04069, -0.07774, 0.57448, -0.52837, -0.42365, 0.20463, -0.09832, 0.02666, 0.02863, 0.02669, 0.02276, 0.02278, 0.0227, 0.02265, 0.02506, 0.02498, 0.02275, 0.02263, 0.03697, 0.03723, 0.05487, 0.05514, 0.03113, 0.0438, 0.0506, 0.0342, 0.03876], "cm5 charges": [-0.23383, -0.1509, -0.15739, -0.15552, -0.15845, -0.14896, -0.17643, 0.6237, -0.57921, -0.50644, 0.12201, -0.24484, 0.07795, 0.07942, 0.07799, 0.07746, 0.07748, 0.07805, 0.078, 0.08041, 0.08034, 0.07814, 0.07801, 0.09429, 0.09456, 0.11373, 0.11398, 0.09371, 0.1097, 0.10553, 0.08545, 0.09206], "FUKUI+": [0.005, 0.002, 0.003, 0.004, 0.006, 0.015, 0.029, -0.189, -0.28, -0.121, 0.03, 0.019, -0.005, -0.011, -0.005, -0.005, -0.005, -0.007, -0.007, -0.01, -0.01, -0.017, -0.017, -0.022, -0.023, -0.096, -0.096, -0.067, -0.032, -0.005, -0.051, -0.032], "FUKUI-": [0.016, 0.004, 0.005, 0.005, 0.001, 0.004, -0.006, -0.012, -0.096, -0.049, 0.011, 0.01, -0.052, -0.055, -0.052, -0.066, -0.066, -0.058, -0.058, -0.043, -0.043, -0.034, -0.034, -0.027, -0.027, -0.036, -0.038, -0.062, -0.031, -0.039, -0.038, -0.033], "FUKUIrad": [0.01, 0.003, 0.004, 0.004, 0.004, 0.009, 0.011, -0.101, -0.188, -0.085, 0.021, 0.015, -0.029, -0.033, -0.029, -0.036, -0.036, -0.033, -0.033, -0.026, -0.026, -0.026, -0.026, -0.025, -0.025, -0.066, -0.067, -0.064, -0.032, -0.022, -0.044, -0.032], "s proportion": [1.007, 1.027, 1.032, 1.032, 1.033, 1.031, 1.039, 0.991, 1.731, 1.699, 0.993, 1.012, 0.973, 0.971, 0.973, 0.977, 0.977, 0.977, 0.977, 0.975, 0.975, 0.977, 0.977, 0.963, 0.963, 0.945, 0.945, 0.969, 0.956, 0.949, 0.966, 0.961], "p proportion": [3.076, 3.011, 3.014, 3.012, 3.015, 3.01, 3.038, 2.435, 4.798, 4.725, 2.803, 3.086, 0.0, 0.0, 0.0, 0.0, 0.0, 0.0, 0.0, 0.0, 0.0, 0.0, 0.0, 0.0, 0.0, 0.0, 0.0, 0.0, 0.0, 0.0, 0.0, 0.0], "d proportion": [0.0, 0.0, 0.0, 0.0, 0.0, 0.0, 0.0, 0.0, 0.0, 0.0, 0.0, 0.0, 0.0, 0.0, 0.0, 0.0, 0.0, 0.0, 0.0, 0.0, 0.0, 0.0, 0.0, 0.0, 0.0, 0.0, 0.0, 0.0, 0.0, 0.0, 0.0, 0.0], "Fermi-level/eV": -8.796, "Coordination numbers": [3.75, 3.8, 3.802, 3.802, 3.802, 3.802, 3.803, 2.712, 0.856, 1.702, 3.695, 3.748, 0.924, 0.924, 0.924, 0.924, 0.924, 0.924, 0.924, 0.924, 0.924, 0.924, 0.924, 0.924, 0.924, 0.924, 0.924, 0.924, 0.924, 0.924, 0.924, 0.924], "Dispersion coefficient C6": [22.479, 21.514, 21.627, 21.64, 21.644, 21.61, 22.184, 21.021, 21.791, 18.59, 19.391, 22.689, 2.554, 2.561, 2.553, 2.595, 2.595, 2.582, 2.582, 2.557, 2.558, 2.57, 2.571, 2.363, 2.361, 2.099, 2.105, 2.291, 2.253, 2.235, 2.347, 2.315], "Total dispersion C6": 7466.368443, "Total dispersion C8": 158177.996371, "Polarizability alpha": [6.762, 6.604, 6.621, 6.623, 6.624, 6.618, 6.705, 7.505, 6.259, 5.821, 6.3, 6.794, 2.499, 2.503, 2.499, 2.519, 2.519, 2.513, 2.513, 2.501, 2.501, 2.507, 2.508, 2.404, 2.403, 2.266, 2.269, 2.367, 2.347, 2.338, 2.396, 2.38], "Total polarizability alpha": 127.986499, "Wiberg matrix": [[0.0, 1.0201402284673138, 0.0, 0.0, 0.0, 0.0, 0.0, 0.0, 0.0, 0.0, 0.0, 0.0, 0.9877032192951838, 0.9873600791213609, 0.9877024798028561, 0.0, 0.0, 0.0, 0.0, 0.0, 0.0, 0.0, 0.0, 0.0, 0.0, 0.0, 0.0, 0.0, 0.0, 0.0, 0.0, 0.0], [1.0201402284673138, 0.0, 1.0077236945998362, 0.0, 0.0, 0.0, 0.0, 0.0, 0.0, 0.0, 0.0, 0.0, 0.0, 0.0, 0.0, 0.9780337998580687, 0.9780297091400485, 0.0, 0.0, 0.0, 0.0, 0.0, 0.0, 0.0, 0.0, 0.0, 0.0, 0.0, 0.0, 0.0, 0.0, 0.0], [0.0, 1.0077236945998362, 0.0, 1.0071557747442892, 0.0, 0.0, 0.0, 0.0, 0.0, 0.0, 0.0, 0.0, 0.0, 0.0, 0.0, 0.0, 0.0, 0.977179552558424, 0.9771786785635949, 0.0, 0.0, 0.0, 0.0, 0.0, 0.0, 0.0, 0.0, 0.0, 0.0, 0.0, 0.0, 0.0], [0.0, 0.0, 1.0071557747442892, 0.0, 1.0070384277258104, 0.0, 0.0, 0.0, 0.0, 0.0, 0.0, 0.0, 0.0, 0.0, 0.0, 0.0, 0.0, 0.0, 0.0, 0.9770703190011106, 0.9770743703213385, 0.0, 0.0, 0.0, 0.0, 0.0, 0.0, 0.0, 0.0, 0.0, 0.0, 0.0], [0.0, 0.0, 0.0, 1.0070384277258104, 0.0, 1.0071651041408232, 0.0, 0.0, 0.0, 0.0, 0.0, 0.0, 0.0, 0.0, 0.0, 0.0, 0.0, 0.0, 0.0, 0.0, 0.0, 0.9769949748472784, 0.9769884605836714, 0.0, 0.0, 0.0, 0.0, 0.0, 0.0, 0.0, 0.0, 0.0], [0.0, 0.0, 0.0, 0.0, 1.0071651041408232, 0.0, 1.0065375314778158, 0.0, 0.0, 0.0, 0.0, 0.0, 0.0, 0.0, 0.0, 0.0, 0.0, 0.0, 0.0, 0.0, 0.0, 0.0, 0.0, 0.9760091597387555, 0.9760059518842759, 0.0, 0.0, 0.0, 0.0, 0.0, 0.0, 0.0], [0.0, 0.0, 0.0, 0.0, 0.0, 1.0065375314778158, 0.0, 0.9783668083673908, 0.0, 0.0, 0.0, 0.0, 0.0, 0.0, 0.0, 0.0, 0.0, 0.0, 0.0, 0.0, 0.0, 0.0, 0.0, 0.0, 0.0, 0.9530367666281381, 0.95312204539447, 0.0, 0.0, 0.0, 0.0, 0.0], [0.0, 0.0, 0.0, 0.0, 0.0, 0.0, 0.9783668083673908, 0.0, 1.760911928523772, 1.1152942676262865, 0.0, 0.0, 0.0, 0.0, 0.0, 0.0, 0.0, 0.0, 0.0, 0.0, 0.0, 0.0, 0.0, 0.0, 0.0, 0.0, 0.0, 0.0, 0.0, 0.0, 0.0, 0.0], [0.0, 0.0, 0.0, 0.0, 0.0, 0.0, 0.0, 1.760911928523772, 0.0, 0.169786058602181, 0.0, 0.0, 0.0, 0.0, 0.0, 0.0, 0.0, 0.0, 0.0, 0.0, 0.0, 0.0, 0.0, 0.0, 0.0, 0.0, 0.0, 0.0, 0.0, 0.0, 0.0, 0.0], [0.0, 0.0, 0.0, 0.0, 0.0, 0.0, 0.0, 1.1152942676262865, 0.169786058602181, 0.0, 0.9421148491312699, 0.0, 0.0, 0.0, 0.0, 0.0, 0.0, 0.0, 0.0, 0.0, 0.0, 0.0, 0.0, 0.0, 0.0, 0.0, 0.0, 0.0, 0.0, 0.0, 0.0, 0.0], [0.0, 0.0, 0.0, 0.0, 0.0, 0.0, 0.0, 0.0, 0.0, 0.9421148491312699, 0.0, 1.014752521750156, 0.0, 0.0, 0.0, 0.0, 0.0, 0.0, 0.0, 0.0, 0.0, 0.0, 0.0, 0.0, 0.0, 0.0, 0.0, 0.9716549870966746, 0.969108808656608, 0.0, 0.0, 0.0], [0.0, 0.0, 0.0, 0.0, 0.0, 0.0, 0.0, 0.0, 0.0, 0.0, 1.014752521750156, 0.0, 0.0, 0.0, 0.0, 0.0, 0.0, 0.0, 0.0, 0.0, 0.0, 0.0, 0.0, 0.0, 0.0, 0.0, 0.0, 0.0, 0.0, 0.9846562854687051, 0.9837639424789083, 0.9857860655684791], [0.9877032192951838, 0.0, 0.0, 0.0, 0.0, 0.0, 0.0, 0.0, 0.0, 0.0, 0.0, 0.0, 0.0, 0.0, 0.0, 0.0, 0.0, 0.0, 0.0, 0.0, 0.0, 0.0, 0.0, 0.0, 0.0, 0.0, 0.0, 0.0, 0.0, 0.0, 0.0, 0.0], [0.9873600791213609, 0.0, 0.0, 0.0, 0.0, 0.0, 0.0, 0.0, 0.0, 0.0, 0.0, 0.0, 0.0, 0.0, 0.0, 0.0, 0.0, 0.0, 0.0, 0.0, 0.0, 0.0, 0.0, 0.0, 0.0, 0.0, 0.0, 0.0, 0.0, 0.0, 0.0, 0.0], [0.9877024798028561, 0.0, 0.0, 0.0, 0.0, 0.0, 0.0, 0.0, 0.0, 0.0, 0.0, 0.0, 0.0, 0.0, 0.0, 0.0, 0.0, 0.0, 0.0, 0.0, 0.0, 0.0, 0.0, 0.0, 0.0, 0.0, 0.0, 0.0, 0.0, 0.0, 0.0, 0.0], [0.0, 0.9780337998580687, 0.0, 0.0, 0.0, 0.0, 0.0, 0.0, 0.0, 0.0, 0.0, 0.0, 0.0, 0.0, 0.0, 0.0, 0.0, 0.0, 0.0, 0.0, 0.0, 0.0, 0.0, 0.0, 0.0, 0.0, 0.0, 0.0, 0.0, 0.0, 0.0, 0.0], [0.0, 0.9780297091400485, 0.0, 0.0, 0.0, 0.0, 0.0, 0.0, 0.0, 0.0, 0.0, 0.0, 0.0, 0.0, 0.0, 0.0, 0.0, 0.0, 0.0, 0.0, 0.0, 0.0, 0.0, 0.0, 0.0, 0.0, 0.0, 0.0, 0.0, 0.0, 0.0, 0.0], [0.0, 0.0, 0.977179552558424, 0.0, 0.0, 0.0, 0.0, 0.0, 0.0, 0.0, 0.0, 0.0, 0.0, 0.0, 0.0, 0.0, 0.0, 0.0, 0.0, 0.0, 0.0, 0.0, 0.0, 0.0, 0.0, 0.0, 0.0, 0.0, 0.0, 0.0, 0.0, 0.0], [0.0, 0.0, 0.9771786785635949, 0.0, 0.0, 0.0, 0.0, 0.0, 0.0, 0.0, 0.0, 0.0, 0.0, 0.0, 0.0, 0.0, 0.0, 0.0, 0.0, 0.0, 0.0, 0.0, 0.0, 0.0, 0.0, 0.0, 0.0, 0.0, 0.0, 0.0, 0.0, 0.0], [0.0, 0.0, 0.0, 0.9770703190011106, 0.0, 0.0, 0.0, 0.0, 0.0, 0.0, 0.0, 0.0, 0.0, 0.0, 0.0, 0.0, 0.0, 0.0, 0.0, 0.0, 0.0, 0.0, 0.0, 0.0, 0.0, 0.0, 0.0, 0.0, 0.0, 0.0, 0.0, 0.0], [0.0, 0.0, 0.0, 0.9770743703213385, 0.0, 0.0, 0.0, 0.0, 0.0, 0.0, 0.0, 0.0, 0.0, 0.0, 0.0, 0.0, 0.0, 0.0, 0.0, 0.0, 0.0, 0.0, 0.0, 0.0, 0.0, 0.0, 0.0, 0.0, 0.0, 0.0, 0.0, 0.0], [0.0, 0.0, 0.0, 0.0, 0.9769949748472784, 0.0, 0.0, 0.0, 0.0, 0.0, 0.0, 0.0, 0.0, 0.0, 0.0, 0.0, 0.0, 0.0, 0.0, 0.0, 0.0, 0.0, 0.0, 0.0, 0.0, 0.0, 0.0, 0.0, 0.0, 0.0, 0.0, 0.0], [0.0, 0.0, 0.0, 0.0, 0.9769884605836714, 0.0, 0.0, 0.0, 0.0, 0.0, 0.0, 0.0, 0.0, 0.0, 0.0, 0.0, 0.0, 0.0, 0.0, 0.0, 0.0, 0.0, 0.0, 0.0, 0.0, 0.0, 0.0, 0.0, 0.0, 0.0, 0.0, 0.0], [0.0, 0.0, 0.0, 0.0, 0.0, 0.9760091597387555, 0.0, 0.0, 0.0, 0.0, 0.0, 0.0, 0.0, 0.0, 0.0, 0.0, 0.0, 0.0, 0.0, 0.0, 0.0, 0.0, 0.0, 0.0, 0.0, 0.0, 0.0, 0.0, 0.0, 0.0, 0.0, 0.0], [0.0, 0.0, 0.0, 0.0, 0.0, 0.9760059518842759, 0.0, 0.0, 0.0, 0.0, 0.0, 0.0, 0.0, 0.0, 0.0, 0.0, 0.0, 0.0, 0.0, 0.0, 0.0, 0.0, 0.0, 0.0, 0.0, 0.0, 0.0, 0.0, 0.0, 0.0, 0.0, 0.0], [0.0, 0.0, 0.0, 0.0, 0.0, 0.0, 0.9530367666281381, 0.0, 0.0, 0.0, 0.0, 0.0, 0.0, 0.0, 0.0, 0.0, 0.0, 0.0, 0.0, 0.0, 0.0, 0.0, 0.0, 0.0, 0.0, 0.0, 0.0, 0.0, 0.0, 0.0, 0.0, 0.0], [0.0, 0.0, 0.0, 0.0, 0.0, 0.0, 0.95312204539447, 0.0, 0.0, 0.0, 0.0, 0.0, 0.0, 0.0, 0.0, 0.0, 0.0, 0.0, 0.0, 0.0, 0.0, 0.0, 0.0, 0.0, 0.0, 0.0, 0.0, 0.0, 0.0, 0.0, 0.0, 0.0], [0.0, 0.0, 0.0, 0.0, 0.0, 0.0, 0.0, 0.0, 0.0, 0.0, 0.9716549870966746, 0.0, 0.0, 0.0, 0.0, 0.0, 0.0, 0.0, 0.0, 0.0, 0.0, 0.0, 0.0, 0.0, 0.0, 0.0, 0.0, 0.0, 0.0, 0.0, 0.0, 0.0], [0.0, 0.0, 0.0, 0.0, 0.0, 0.0, 0.0, 0.0, 0.0, 0.0, 0.969108808656608, 0.0, 0.0, 0.0, 0.0, 0.0, 0.0, 0.0, 0.0, 0.0, 0.0, 0.0, 0.0, 0.0, 0.0, 0.0, 0.0, 0.0, 0.0, 0.0, 0.0, 0.0], [0.0, 0.0, 0.0, 0.0, 0.0, 0.0, 0.0, 0.0, 0.0, 0.0, 0.0, 0.9846562854687051, 0.0, 0.0, 0.0, 0.0, 0.0, 0.0, 0.0, 0.0, 0.0, 0.0, 0.0, 0.0, 0.0, 0.0, 0.0, 0.0, 0.0, 0.0, 0.0, 0.0], [0.0, 0.0, 0.0, 0.0, 0.0, 0.0, 0.0, 0.0, 0.0, 0.0, 0.0, 0.9837639424789083, 0.0, 0.0, 0.0, 0.0, 0.0, 0.0, 0.0, 0.0, 0.0, 0.0, 0.0, 0.0, 0.0, 0.0, 0.0, 0.0, 0.0, 0.0, 0.0, 0.0], [0.0, 0.0, 0.0, 0.0, 0.0, 0.0, 0.0, 0.0, 0.0, 0.0, 0.0, 0.9857860655684791, 0.0, 0.0, 0.0, 0.0, 0.0, 0.0, 0.0, 0.0, 0.0, 0.0, 0.0, 0.0, 0.0, 0.0, 0.0, 0.0, 0.0, 0.0, 0.0, 0.0]], "Born radii": [], "Atomic SASAs": [], "Solvent H bonds": [], "Total SASA": NaN, "Total FOD": 0.0, "FOD": [0.0, 0.0, 0.0, 0.0, 0.0, 0.0, 0.0, 0.0, 0.0, 0.0, 0.0, 0.0, 0.0, 0.0, 0.0, 0.0, 0.0, 0.0, 0.0, 0.0, 0.0, 0.0, 0.0, 0.0, 0.0, 0.0, 0.0, 0.0, 0.0, 0.0, 0.0, 0.0], "FOD s proportion": [0.0, 0.0, 0.0, 0.0, 0.0, 0.0, 0.0, 0.0, 0.0, 0.0, 0.0, 0.0, 0.0, 0.0, 0.0, 0.0, 0.0, 0.0, 0.0, 0.0, 0.0, 0.0, 0.0, 0.0, 0.0, 0.0, 0.0, 0.0, 0.0, 0.0, 0.0, 0.0], "FOD p proportion": [0.0, 0.0, 0.0, 0.0, 0.0, 0.0, 0.0, 0.0, 0.0, 0.0, 0.0, 0.0, 0.0, 0.0, 0.0, 0.0, 0.0, 0.0, 0.0, 0.0, 0.0, 0.0, 0.0, 0.0, 0.0, 0.0, 0.0, 0.0, 0.0, 0.0, 0.0, 0.0], "FOD d proportion": [0.0, 0.0, 0.0, 0.0, 0.0, 0.0, 0.0, 0.0, 0.0, 0.0, 0.0, 0.0, 0.0, 0.0, 0.0, 0.0, 0.0, 0.0, 0.0, 0.0, 0.0, 0.0, 0.0, 0.0, 0.0, 0.0, 0.0, 0.0, 0.0, 0.0, 0.0, 0.0], "coordinates": [["-5.84200", "-0.18220", "-0.60000"], ["-4.57530", "-0.58060", "0.14040"], ["-3.33810", "0.07360", "-0.47420"], ["-2.06620", "-0.32970", "0.27360"], ["-0.82800", "0.32490", "-0.34140"], ["0.44360", "-0.07820", "0.40610"], ["1.68040", "0.57520", "-0.20780"], ["2.94560", "0.18540", "0.52050"], ["3.00710", "-0.55940", "1.48770"], ["4.01130", "0.79430", "-0.07410"], ["5.29280", "0.52230", "0.51220"], ["5.88090", "-0.74490", "-0.07930"], ["-5.79590", "-0.48940", "-1.64970"], ["-6.71410", "-0.66110", "-0.14400"], ["-5.99250", "0.90150", "-0.56510"], ["-4.47160", "-1.67160", "0.11440"], ["-4.66720", "-0.28830", "1.19300"], ["-3.44880", "1.16450", "-0.44940"], ["-3.25320", "-0.21870", "-1.52790"], ["-2.15120", "-0.03730", "1.32730"], ["-1.95560", "-1.42060", "0.24860"], ["-0.93850", "1.41580", "-0.31640"], ["-0.74300", "0.03240", "-1.39510"], ["0.55430", "-1.16970", "0.38560"], ["0.35930", "0.21000", "1.46140"], ["1.78030", "0.26690", "-1.25460"], ["1.58310", "1.66570", "-0.16370"], ["5.93960", "1.37340", "0.27540"], ["5.22700", "0.46290", "1.60470"], ["5.25140", "-1.61200", "0.14420"], ["6.88310", "-0.92940", "0.31760"], ["5.94130", "-0.66790", "-1.16990"]], "bond_dist": [[0.0, 1.5203432540054886, 2.52007430247602, 3.878350016437402, 5.046208514320429, 6.36646059989379, 7.570599537685241, 8.866372638796545, 9.099853951575266, 9.915525399594316, 11.212362825470818, 11.747942125751214, 1.0946995660910805, 1.09445859675001, 1.0946570010738523, 2.146316817247631, 2.1462202240217567, 2.750215898797765, 2.750312000482854, 4.166231623421818, 4.166276692683768, 5.165108441262389, 5.165078718664411, 6.546695143352865, 6.546702413429221, 7.6635272074939484, 7.664019970615943, 11.91605283136996, 11.304849273652435, 11.209892293862595, 12.780002645148395, 11.807067772736803], [1.5203432540054886, 0.0, 1.528520408761362, 2.5251288798792038, 3.8851407670765292, 5.050976089826599, 6.371098756886445, 7.5693572263435955, 7.701198380122407, 8.698624018774465, 9.93649944698836, 10.459798325971681, 2.1685570801802747, 2.1591269184556983, 2.1685955132297026, 1.0962256565142052, 1.0962899525216858, 2.159222151609232, 2.159200062523156, 2.7532103642838486, 2.753204556512284, 4.173798442665865, 4.173733645071281, 5.169135131721746, 5.169174645917858, 6.561854357573019, 6.562334269145393, 10.695768462808084, 9.965849287943302, 9.880679798981445, 11.46507705338259, 10.5982726394446], [2.52007430247602, 1.528520408761362, 0.0, 1.529570312211897, 2.5261412351648116, 3.885772281027286, 5.050535988387766, 6.362924879330259, 6.671679222654519, 7.395483003834165, 8.698663774396618, 9.263684432233214, 2.782004689068658, 3.4707624709853024, 2.781999385334224, 2.1626361806831955, 2.162645199749603, 1.0967827223292679, 1.0967821068927046, 2.1601927390860287, 2.1601804855150415, 2.753993798104854, 2.7539604681258587, 4.175623149902299, 4.175633973422479, 5.181158906074971, 5.181640869454386, 9.398249703535226, 8.822375967391098, 8.775145364607928, 10.300771120649172, 9.334938944631615], [3.878350016437402, 2.5251288798792038, 1.529570312211897, 0.0, 1.5296618580588326, 2.5258472915043773, 3.884276191261378, 5.044246907121023, 5.221606437677968, 6.190337433452235, 7.4119980410143125, 7.965759716436342, 4.199434375008139, 4.678374731677658, 4.199416961912688, 2.7589834015448513, 2.7590236171515463, 2.160311412736599, 2.160252820852226, 1.096816506987381, 1.096777174270143, 2.160226270555934, 2.160216271580232, 2.7541176899326576, 2.7541233051553813, 4.181732780797931, 4.182133778348081, 8.18494877748175, 7.455924369922217, 7.430229297269365, 8.969478612494708, 8.143594276485047], [5.046208514320429, 3.8851407670765292, 2.5261412351648116, 1.5296618580588326, 0.0, 1.5291214536458508, 2.524394899773013, 3.873291729265948, 4.339998307603357, 4.869354180997723, 6.1831862627612955, 6.798713676865647, 5.201419401471101, 5.971376388237473, 5.2014007248048095, 4.179663485258113, 4.179695472160621, 2.7541214207075186, 2.7540657671885764, 2.160233036040325, 2.160174069374966, 1.0967670946923964, 1.096843170193442, 2.161738062300796, 2.1617056090041493, 2.7641503450427583, 2.764547908790875, 6.876060227339491, 6.361554386311572, 6.398944704402439, 7.840192134125285, 6.891696930364829], [6.36646059989379, 5.050976089826599, 3.885772281027286, 2.5258472915043773, 1.5291214536458508, 0.0, 1.5275729147899946, 2.518447204131943, 2.8236402479777767, 3.7040965943128428, 4.887391748161794, 5.499484824963153, 6.582306535706158, 7.2024337352036785, 6.582281119794262, 5.175249123472222, 5.1752903551395075, 4.1745612104747005, 4.174497154149227, 2.7537736453819144, 2.7537255945355197, 2.159685778070504, 2.1597623387771168, 1.0972907499837952, 1.0971890539009217, 2.159579910538158, 2.1597035676221865, 5.685968787286825, 4.960881648457258, 5.053323153133985, 6.4961168354640915, 5.749454528909678], [7.570599537685241, 6.371098756886445, 5.050535988387766, 3.884276191261378, 2.524394899773013, 1.5275729147899946, 0.0, 1.510991717382991, 2.4335509651535965, 2.344989405093337, 3.683833895549581, 4.404926390985438, 7.688140897512219, 8.485289528354352, 7.688142128628996, 6.557364339427846, 6.557430796432396, 5.168591460930144, 5.168495930152214, 4.172870333475508, 4.172770614352052, 2.7526422815178875, 2.752667922216554, 2.159838137453823, 2.1598390889138015, 1.0958189357736066, 1.095720014419742, 4.360205284158076, 3.9844873070446596, 4.202355153958314, 5.441319105694868, 4.541607956440098], [8.866372638796545, 7.5693572263435955, 6.362924879330259, 5.044246907121023, 3.873291729265948, 2.518447204131943, 1.510991717382991, 0.0, 1.2222868444027368, 1.3638272837863306, 2.371269352055982, 3.137069368056753, 9.032106361751948, 9.719461229409786, 9.032217788561125, 7.656906819989387, 7.657112496235118, 6.5412303261695355, 6.540975524338858, 5.165064546547313, 5.164777541191876, 4.159389207564015, 4.159170869295947, 2.7518738543036454, 2.752243750106447, 2.124981494037066, 2.1250468183077755, 3.2303953333918747, 2.5411182282609364, 2.9477045459136506, 4.097298341590467, 3.5439796190158876], [9.099853951575266, 7.701198380122407, 6.671679222654519, 5.221606437677968, 4.339998307603357, 2.8236402479777767, 2.4335509651535965, 1.2222868444027368, 0.0, 2.297855646031752, 2.710368910314609, 3.278509675142045, 9.345640040147062, 9.857713589874683, 9.345641594347601, 7.6846532400623, 7.684739669630976, 6.957214415985754, 6.957102553506021, 5.187135573705395, 5.187044007910479, 4.7669645698284775, 4.766971060327512, 2.75741152895247, 2.7574468063772324, 3.115769442689879, 3.1154402529979612, 3.7155004212084273, 2.4467820295236766, 2.8195463287557456, 4.065637712585812, 3.960320649896925], [9.915525399594316, 8.698624018774465, 7.395483003834165, 6.190337433452235, 4.869354180997723, 3.7040965943128428, 2.344989405093337, 1.3638272837863306, 2.297855646031752, 0.0, 1.4352609309808437, 2.4216869822501828, 10.015566528659274, 10.823921670540674, 10.016415889927893, 8.83605044519326, 8.837076859459806, 7.478702436920459, 7.477477093913428, 6.374314611783764, 6.3728967440246524, 4.994546183588656, 4.992885047745442, 4.002432896376902, 4.004531275942292, 2.578583333925821, 2.581379739596637, 2.043489160724862, 2.0990764373885957, 2.715839205475906, 3.372210820811771, 2.6577634356729343], [11.212362825470818, 9.93649944698836, 8.698663774396618, 7.4119980410143125, 6.1831862627612955, 4.887391748161794, 3.683833895549581, 2.371269352055982, 2.710368910314609, 1.4352609309808437, 0.0, 1.5170793321379075, 11.342689989151603, 12.082908656859077, 11.342943357876736, 10.015735090845801, 10.016095097391997, 8.817747215700845, 8.817324141143954, 7.509372555014166, 7.508904575901868, 6.349332240480096, 6.348911476780882, 5.033117702776282, 5.03367998386866, 3.940110106329517, 3.9403145128276242, 1.0948952872307018, 1.096090438786873, 2.1661889229704783, 2.1620259341645283, 2.160228853617135], [11.747942125751214, 10.459798325971681, 9.263684432233214, 7.965759716436342, 6.798713676865647, 5.499484824963153, 4.404926390985438, 3.137069368056753, 3.278509675142045, 2.4216869822501828, 1.5170793321379075, 0.0, 11.784697478085723, 12.595444951648194, 11.99684384161101, 10.395698573448538, 10.634361497523019, 9.53027200346349, 9.263212790927346, 8.184977197891268, 7.872408853076673, 7.15744767776894, 6.797909689014705, 5.36369784849967, 5.811510738181595, 4.38406086750629, 4.928407507501789, 2.148593183922913, 2.173067428774358, 1.0945706509860382, 1.0936062819863464, 1.0949819724543415], [1.0946995660910805, 2.1685570801802747, 2.782004689068658, 4.199434375008139, 5.201419401471101, 6.582306535706158, 7.688140897512219, 9.032106361751948, 9.345640040147062, 10.015566528659274, 11.342689989151603, 11.784697478085723, 0.0, 1.7719211664179648, 1.7747144925311227, 2.5026817896009073, 3.065183222908542, 3.1120706466916843, 2.5599681677708412, 4.727659198800184, 4.38390013800497, 5.385332922856302, 5.086147344503499, 6.703006356852125, 6.932141848664091, 7.6240999560603875, 7.829578086333899, 12.037358269155238, 11.532663138234811, 11.24816186138873, 12.838259628547787, 11.74835878452816], [1.09445859675001, 2.1591269184556983, 3.4707624709853024, 4.678374731677658, 5.971376388237473, 7.2024337352036785, 8.485289528354352, 9.719461229409786, 9.857713589874683, 10.823921670540674, 12.082908656859077, 12.595444951648194, 1.7719211664179648, 0.0, 1.7719341212358888, 2.4731936964176504, 2.473125239449066, 3.7534342421307985, 3.7534951418644464, 4.8346568171898205, 4.834697225266542, 6.140096964218073, 6.140051194411981, 7.305394491743756, 7.305416615772163, 8.616811923211507, 8.617303184291476, 12.823073356259023, 12.120692921611372, 12.006683984348053, 13.607678247592425, 12.696915617975886], [1.0946570010738523, 2.1685955132297026, 2.781999385334224, 4.199416961912688, 5.2014007248048095, 6.582281119794262, 7.688142128628996, 9.032217788561125, 9.345641594347601, 10.016415889927893, 11.342943357876736, 11.99684384161101, 1.7747144925311227, 1.7719341212358888, 0.0, 3.0652407197477984, 2.502590605752367, 2.559876008716047, 3.1121690779904614, 4.383846357937285, 4.727665143598898, 5.0861844421923985, 5.385302689728777, 6.932120178560091, 6.7030021438158585, 7.829083423364449, 7.624620578100919, 11.970970732150338, 11.43580265001106, 11.54322640989078, 13.035046200915437, 12.051737710388489], [2.146316817247631, 1.0962256565142052, 2.1626361806831955, 2.7589834015448513, 4.179663485258113, 5.175249123472222, 6.557364339427846, 7.656906819989387, 7.6846532400623, 8.83605044519326, 10.015735090845801, 10.395698573448538, 2.5026817896009073, 2.4731936964176504, 3.0652407197477984, 0.0, 1.7649805126402955, 3.067157232683059, 2.5084988060591136, 3.0864735637941236, 2.5320479142385905, 4.711732484978322, 4.368599799706995, 5.0581739649798525, 5.356530814809152, 6.687166579351825, 6.919125883375732, 10.84854973902042, 10.041908498886055, 9.723228332195022, 11.380745281834578, 10.53970239570359], [2.1462202240217567, 1.0962899525216858, 2.162645199749603, 2.7590236171515463, 4.179695472160621, 5.1752903551395075, 6.557430796432396, 7.657112496235118, 7.684739669630976, 8.837076859459806, 10.016095097391997, 10.634361497523019, 3.065183222908542, 2.473125239449066, 2.502590605752367, 1.7649805126402955, 0.0, 2.508506360366663, 3.06717084134549, 2.532053216265409, 3.0865464859612923, 4.368689604446624, 4.711735958221768, 5.356568208284107, 5.058264890256342, 6.918760658528376, 6.68767530461819, 10.775316370761464, 9.931213016041898, 10.061351255671378, 11.601153583157151, 10.875093784423195], [2.750215898797765, 2.159222151609232, 1.0967827223292679, 2.160311412736599, 2.7541214207075186, 4.1745612104747005, 5.168591460930144, 6.5412303261695355, 6.957214415985754, 7.478702436920459, 8.817747215700845, 9.53027200346349, 3.1120706466916843, 3.7534342421307985, 2.559876008716047, 3.067157232683059, 2.508506360366663, 0.0, 1.764841026834995, 2.50694074321672, 3.0658754459370985, 2.526350486373575, 3.081777496835228, 4.708558617029206, 4.36621718424542, 5.36633204432972, 5.064863625014992, 9.418653237591881, 8.943213908321773, 9.151764488337754, 10.56980907206937, 9.594310189899012], [2.750312000482854, 2.159200062523156, 1.0967821068927046, 2.160252820852226, 2.7540657671885764, 4.174497154149227, 5.168495930152214, 6.540975524338858, 6.957102553506021, 7.477477093913428, 8.817324141143954, 9.263212790927346, 2.5599681677708412, 3.7534951418644464, 3.1121690779904614, 2.5084988060591136, 3.06717084134549, 1.764841026834995, 0.0, 3.06585665026922, 2.506846947860998, 3.0817460294449965, 2.5262207128435947, 4.366112630246728, 4.708487488567853, 5.0642494508070985, 5.366731099095612, 9.502328406238126, 9.065955733401747, 8.778691500445838, 10.327417026052546, 9.212425027646086], [4.166231623421818, 2.7532103642838486, 2.1601927390860287, 1.096816506987381, 2.160233036040325, 2.7537736453819144, 4.172870333475508, 5.165064546547313, 5.187135573705395, 6.374314611783764, 7.509372555014166, 8.184977197891268, 4.727659198800184, 4.8346568171898205, 4.383846357937285, 3.0864735637941236, 2.532053216265409, 2.50694074321672, 3.06585665026922, 0.0, 1.7650416255714765, 2.5067689542516676, 3.065835463621621, 3.080399146214659, 2.5262126494022628, 4.713325524510269, 4.366724915769254, 8.27995246000845, 7.400336886926162, 7.660149636919634, 9.134216605161058, 8.492480229591353], [4.166276692683768, 2.753204556512284, 2.1601804855150415, 1.096777174270143, 2.160174069374966, 2.7537255945355197, 4.172770614352052, 5.164777541191876, 5.187044007910479, 6.3728967440246524, 7.508904575901868, 7.872408853076673, 4.38390013800497, 4.834697225266542, 4.727665143598898, 2.5320479142385905, 3.0865464859612923, 3.0658754459370985, 2.506846947860998, 1.7650416255714765, 0.0, 3.0657596725770926, 2.5066626119204796, 2.526127039560758, 3.080341248952785, 4.366258730309051, 4.713558811556296, 8.375042524071148, 7.548266173102272, 7.21029696475811, 8.852607306889874, 8.058519041982839], [5.165108441262389, 4.173798442665865, 2.753993798104854, 2.160226270555934, 1.0967670946923964, 2.159685778070504, 2.7526422815178875, 4.159389207564015, 4.7669645698284775, 4.994546183588656, 6.349332240480096, 7.15744767776894, 5.385332922856302, 6.140096964218073, 5.0861844421923985, 4.711732484978322, 4.368689604446624, 2.526350486373575, 3.0817460294449965, 2.5067689542516676, 3.0657596725770926, 0.0, 1.7651089201519548, 3.066931054001703, 2.5097432777079014, 3.097105727933743, 2.538549558310808, 6.903642850698464, 6.52778935551692, 6.906126787860183, 8.19019814168131, 7.238916768412246], [5.165078718664411, 4.173733645071281, 2.7539604681258587, 2.160216271580232, 1.096843170193442, 2.1597623387771168, 2.752667922216554, 4.159170869295947, 4.766971060327512, 4.992885047745442, 6.348911476780882, 6.797909689014705, 5.086147344503499, 6.140051194411981, 5.385302689728777, 4.368599799706995, 4.711735958221768, 3.081777496835228, 2.5262207128435947, 3.065835463621621, 2.5066626119204796, 1.7651089201519548, 0.0, 2.509765763970813, 3.066952771074247, 2.5380648908174117, 3.0975403241927295, 7.017549003035178, 6.695149758593904, 6.403618290466727, 7.875011221579307, 6.72465624548943], [6.546695143352865, 5.169135131721746, 4.175623149902299, 2.7541176899326576, 2.161738062300796, 1.0972907499837952, 2.159838137453823, 2.7518738543036454, 2.75741152895247, 4.002432896376902, 5.033117702776282, 5.36369784849967, 6.703006356852125, 7.305394491743756, 6.932120178560091, 5.0581739649798525, 5.356568208284107, 4.708558617029206, 4.366112630246728, 3.080399146214659, 2.526127039560758, 3.066931054001703, 2.509765763970813, 0.0, 1.760381416057327, 2.5014299110708658, 3.065885368046235, 5.956589438596554, 5.09761835174035, 4.724050344778304, 6.333725406899164, 5.629489540802079], [6.546702413429221, 5.169174645917858, 4.175633973422479, 2.7541233051553813, 2.1617056090041493, 1.0971890539009217, 2.1598390889138015, 2.752243750106447, 2.7574468063772324, 4.004531275942292, 5.03367998386866, 5.811510738181595, 6.932141848664091, 7.305416615772163, 6.7030021438158585, 5.356530814809152, 5.058264890256342, 4.36621718424542, 4.708487488567853, 2.5262126494022628, 3.080341248952785, 2.5097432777079014, 3.066952771074247, 1.760381416057327, 0.0, 3.06580081055505, 2.501539314102419, 5.82235722452685, 4.876371252273559, 5.383989436282356, 6.720600958247707, 6.2332312727830015], [7.6635272074939484, 6.561854357573019, 5.181158906074971, 4.181732780797931, 2.7641503450427583, 2.159579910538158, 1.0958189357736066, 2.124981494037066, 3.115769442689879, 2.578583333925821, 3.940110106329517, 4.38406086750629, 7.6240999560603875, 8.616811923211507, 7.829083423364449, 6.687166579351825, 6.918760658528376, 5.36633204432972, 5.0642494508070985, 4.713325524510269, 4.366258730309051, 3.097105727933743, 2.5380648908174117, 2.5014299110708658, 3.06580081055505, 0.0, 1.7848227054808554, 4.567824289527783, 4.482605646273159, 4.187534102547704, 5.47188398725704, 4.265553437714735], [7.664019970615943, 6.562334269145393, 5.181640869454386, 4.182133778348081, 2.764547908790875, 2.1597035676221865, 1.095720014419742, 2.1250468183077755, 3.1154402529979612, 2.581379739596637, 3.9403145128276242, 4.928407507501789, 7.829578086333899, 8.617303184291476, 7.624620578100919, 6.919125883375732, 6.68767530461819, 5.064863625014992, 5.366731099095612, 4.366724915769254, 4.713558811556296, 2.538549558310808, 3.0975403241927295, 3.065885368046235, 2.501539314102419, 1.7848227054808554, 0.0, 4.388318624484781, 4.22515959580227, 4.928949643686777, 5.920827112828071, 5.045000955401298], [11.91605283136996, 10.695768462808084, 9.398249703535226, 8.18494877748175, 6.876060227339491, 5.685968787286825, 4.360205284158076, 3.2303953333918747, 3.7155004212084273, 2.043489160724862, 1.0948952872307018, 2.148593183922913, 12.037358269155238, 12.823073356259023, 11.970970732150338, 10.84854973902042, 10.775316370761464, 9.418653237591881, 9.502328406238126, 8.27995246000845, 8.375042524071148, 6.903642850698464, 7.017549003035178, 5.956589438596554, 5.82235722452685, 4.567824289527783, 4.388318624484781, 0.0, 1.7617739639352148, 3.066503846402284, 2.48894775557865, 2.501159864942663], [11.304849273652435, 9.965849287943302, 8.822375967391098, 7.455924369922217, 6.361554386311572, 4.960881648457258, 3.9844873070446596, 2.5411182282609364, 2.4467820295236766, 2.0990764373885957, 1.096090438786873, 2.173067428774358, 11.532663138234811, 12.120692921611372, 11.43580265001106, 10.041908498886055, 9.931213016041898, 8.943213908321773, 9.065955733401747, 7.400336886926162, 7.548266173102272, 6.52778935551692, 6.695149758593904, 5.09761835174035, 4.876371252273559, 4.482605646273159, 4.22515959580227, 1.7617739639352148, 0.0, 2.5374919940760403, 2.517497350544782, 3.0801523160389324], [11.209892293862595, 9.880679798981445, 8.775145364607928, 7.430229297269365, 6.398944704402439, 5.053323153133985, 4.202355153958314, 2.9477045459136506, 2.8195463287557456, 2.715839205475906, 2.1661889229704783, 1.0945706509860382, 11.24816186138873, 12.006683984348053, 11.54322640989078, 9.723228332195022, 10.061351255671378, 9.151764488337754, 8.778691500445838, 7.660149636919634, 7.21029696475811, 6.906126787860183, 6.403618290466727, 4.724050344778304, 5.383989436282356, 4.187534102547704, 4.928949643686777, 3.066503846402284, 2.5374919940760403, 0.0, 1.7772043242126097, 1.7590183711377203], [12.780002645148395, 11.46507705338259, 10.300771120649172, 8.969478612494708, 7.840192134125285, 6.4961168354640915, 5.441319105694868, 4.097298341590467, 4.065637712585812, 3.372210820811771, 2.1620259341645283, 1.0936062819863464, 12.838259628547787, 13.607678247592425, 13.035046200915437, 11.380745281834578, 11.601153583157151, 10.56980907206937, 10.327417026052546, 9.134216605161058, 8.852607306889874, 8.19019814168131, 7.875011221579307, 6.333725406899164, 6.720600958247707, 5.47188398725704, 5.920827112828071, 2.48894775557865, 2.517497350544782, 1.7772043242126097, 0.0, 1.7798948676817963], [11.807067772736803, 10.5982726394446, 9.334938944631615, 8.143594276485047, 6.891696930364829, 5.749454528909678, 4.541607956440098, 3.5439796190158876, 3.960320649896925, 2.6577634356729343, 2.160228853617135, 1.0949819724543415, 11.74835878452816, 12.696915617975886, 12.051737710388489, 10.53970239570359, 10.875093784423195, 9.594310189899012, 9.212425027646086, 8.492480229591353, 8.058519041982839, 7.238916768412246, 6.72465624548943, 5.629489540802079, 6.2332312727830015, 4.265553437714735, 5.045000955401298, 2.501159864942663, 3.0801523160389324, 1.7590183711377203, 1.7798948676817963, 0.0]]}