{"total energy": -66.24935443, "HOMO-LUMO gap/eV": 2.78502919, "electronic energy": -66.89874013, "dipole": [0.18778415, 1.53625425, -2.57269135], "partial charges": [-0.11536768, 0.0909134, -0.25212259, 0.38482114, -0.39611085, -0.27028911, 0.09396165, -0.11380079, -0.10811809, 0.05933821, -0.07643289, 0.38496983, -0.39618374, -0.23210386, 0.12606602, -0.05478186, 0.0933151, -0.14266745, -0.0441333, -0.04384031, 0.04315231, 0.05999214, 0.06083172, 0.05981915, 0.05816552, 0.04549801, 0.05032374, 0.05342603, 0.05695089, 0.05870061, 0.05871201, 0.09868375, 0.07615269, 0.08835933, 0.07547547, 0.06832382], "atomic dipole moments": [[0.01356225, 0.02335875, 0.14892289], [0.15612732, 0.23600587, -0.03293259], [-0.03278788, -0.13496887, 0.10904822], [0.11474671, -0.03915609, -0.20065694], [0.21751487, -0.01000148, -0.32335643], [-0.19591681, 0.013735, -0.01135952], [0.21195161, -0.18048709, 0.03252766], [-0.08646265, -0.09716698, 0.06932269], [-0.16435507, 0.41566974, 0.2989409], [0.07241465, -0.13782524, -0.13422128], [-0.04636207, 0.00916641, -0.00576814], [0.15972005, 0.02940777, -0.098292], [0.11064838, 0.08244124, -0.14018703], [-0.11105984, 0.12412256, -0.09415506], [-0.11684596, -0.1411751, 0.20365966], [-0.04603274, 0.02056082, -0.00483401], [0.20215391, 0.00146875, -0.08428813], [0.01081646, -0.01281872, 0.00550851], [0.01182852, -0.03712452, 0.0352485], [0.00322548, -0.03281076, 0.03352385], [-0.12026593, -0.04799504, 0.09939273], [0.11272904, -0.00761862, -0.06167968], [-0.06151221, 0.09437169, -0.06166816], [-0.06519551, -0.11130626, -0.0165681], [-0.10852826, 0.01771414, 0.05470163], [0.06888428, -0.08586771, 0.05641351], [-0.08738902, -0.04916789, -0.07411269], [-0.04499708, 0.04314197, 0.10570587], [0.09744108, 0.04153256, 0.07173686], [-0.07463544, 0.10134455, -0.03349806], [0.05758553, -0.04608239, -0.10463846], [-0.06928563, -0.02474634, 0.10880231], [0.00642436, 0.12678951, -0.01633713], [0.1194558, -0.09216882, 0.05415594], [0.01914558, 0.09900781, -0.11911595], [-0.11610196, 0.08962447, -0.05551039]], "atomic quadrupole moments": [[-0.13918009, 0.01938646, -0.12065161, 0.05476877, 0.09477825, 0.25983169], [-0.16969529, 0.38560555, 0.23873444, 0.08219068, 0.12378923, -0.06903915], [-0.0463404, 0.10833296, 0.04928426, 0.0465892, 0.01969469, -0.00294385], [0.01367027, -0.07858566, 0.77435872, 0.7819434, 0.1070611, -0.78802899], [0.06733041, -0.07685135, -0.34490515, -0.50600952, 0.0591979, 0.27757474], [0.02217445, -0.03810382, 0.07541718, 0.00136956, -0.06231465, -0.09759163], [0.02347386, -0.25515908, 0.2605559, 0.02717548, -0.25833563, -0.28402975], [-0.02710181, 0.15371236, 0.07909914, -0.10425796, -0.14705935, -0.05199733], [0.21265428, -0.29328465, -0.13594851, 0.38554813, 0.29923697, -0.07670577], [0.16950032, -0.06469025, -0.16236941, 0.24133896, 0.19261338, -0.00713091], [0.06720981, -0.01413386, -0.03913292, -0.02077915, 0.00368478, -0.02807689], [-0.01760333, 0.09713071, 0.03629623, 0.03291479, 0.29940293, -0.0186929], [-0.07656622, 0.06267172, 0.0490864, 0.03183612, 0.11649581, 0.02747983], [0.01463353, 0.00375683, -0.02121722, -0.03744263, -0.05287423, 0.00658369], [-0.27234624, 0.19109337, 0.09841517, -0.02783503, 0.01881997, 0.17393107], [-0.16393478, 0.16442017, 0.10671029, 0.07909792, 0.35313406, 0.05722449], [0.09369537, 0.20012434, -0.07746988, -0.14631155, 0.32259874, -0.01622549], [0.31669607, 0.05365643, -0.22389677, -0.27267564, -0.00541254, -0.0927993], [-0.19274816, 0.1512066, 0.1333178, 0.11648043, 0.35954316, 0.05943037], [-0.23523727, 0.16321696, 0.14818077, 0.11248788, 0.32533062, 0.0870565], [0.00814089, 0.13308191, -0.01127709, -0.05297272, 0.2393998, 0.0031362], [0.06473799, -0.01457616, -0.05092018, -0.03569392, 0.00284773, -0.01381781], [-0.01103545, -0.05732951, 0.02527181, 0.01983007, -0.03036899, -0.01423636], [-0.01646024, 0.05973623, 0.05009041, 0.00388728, 0.00574144, -0.03363018], [0.03034923, 0.0055528, -0.0120086, -0.01949345, 0.02190907, -0.01834063], [-0.00545778, -0.00590209, 0.02635704, 0.02979329, -0.00124835, -0.02089927], [-0.00657957, 0.00331157, 0.0156561, 0.03629418, -0.00158526, -0.00907654], [-0.02877096, -0.02198671, 0.0054349, -0.01814848, 0.0089968, 0.02333606], [0.01573008, 0.03352512, -0.03670245, 0.05086664, 0.01975348, 0.02097236], [0.01337654, -0.05739309, 0.02818018, 0.0140761, -0.02623337, -0.04155672], [-0.02657565, -0.00719285, -0.0134358, -0.03941466, 0.04732577, 0.04001145], [0.00329537, 0.02057588, -0.03827081, -0.00302737, -0.00248335, 0.03497543], [-0.00868403, 0.01138462, 0.02877742, 0.03163854, -0.01278732, -0.02009338], [0.02140167, -0.01561857, -0.01372988, -0.01090934, -0.03243578, -0.00767179], [0.0295993, -0.01541794, -0.02014898, -0.01954845, -0.03929164, -0.00945032], [0.02968696, -0.01490454, -0.01842526, -0.01792221, -0.03636299, -0.0112617]], "number of molecular orbitals": 119, "number of electrons": 116, "number of unpaired electrons": 0, "orbital energies/eV": [-29.16411788, -21.11401017, -20.76391358, -20.62554215, -20.2684238, -20.10031627, -19.86713219, -19.21802201, -19.14321948, -18.88788996, -18.75571436, -18.56892521, -18.26132353, -18.24584619, -17.66250118, -17.37155475, -17.28554843, -17.02545537, -16.95829165, -16.89825528, -16.8670042, -16.40931008, -16.12773895, -16.03210088, -16.00514285, -15.77995939, -15.53852943, -15.33288197, -15.2780845, -15.18782862, -15.14171433, -14.79428108, -14.66837147, -14.64332336, -14.52972515, -14.4584383, -14.26036738, -14.05443469, -13.8914704, -13.70540814, -13.51051866, -13.49827896, -13.46421495, -13.39590486, -13.25573874, -13.19144197, -12.98810753, -12.87354346, -12.36330694, -12.26165846, -12.24326745, -12.19192434, -11.95750704, -11.89826926, -11.35831356, -11.12538023, -10.28466969, -10.25860243, -7.47357324, -7.22106162, -7.07525043, -6.54821502, -5.75436733, -4.61495049, -4.29846639, -4.1304487, -3.66692882, -3.63516667, -1.87498284, -1.0831087, -0.84199207, -0.31942089, -0.21013659, -0.14554667, 0.06957041, 0.072857, 0.33869351, 0.42768754, 0.46949375, 0.52877779, 0.7634838, 0.99310385, 2.11527976, 2.34974644, 2.42939639, 2.56101876, 2.75892635, 2.86527353, 3.07655776, 3.20576352, 3.24507891, 3.55085975, 3.5755305, 3.80357115, 3.98605179, 4.14018247, 4.17655337, 4.24544884, 4.51950212, 5.50800202, 5.73751262, 6.00910938, 6.08521958, 6.3424661, 6.41290285, 6.52387735, 8.72053697, 9.06852582, 9.85928713, 10.96642213, 11.2433957, 11.5970342, 11.82110476, 15.01108273, 15.81312583, 17.81875613, 25.69486147, 26.91474082, 34.24661029], "fractional occupation": [2.0, 2.0, 2.0, 2.0, 2.0, 2.0, 2.0, 2.0, 2.0, 2.0, 2.0, 2.0, 2.0, 2.0, 2.0, 2.0, 2.0, 2.0, 2.0, 2.0, 2.0, 2.0, 2.0, 2.0, 2.0, 2.0, 2.0, 2.0, 2.0, 2.0, 2.0, 2.0, 2.0, 2.0, 2.0, 2.0, 2.0, 2.0, 2.0, 2.0, 2.0, 2.0, 2.0, 2.0, 2.0, 2.0, 2.0, 2.0, 2.0, 2.0, 2.0, 2.0, 2.0, 2.0, 2.0, 2.0, 2.0, 2.0, 0.0, 0.0, 0.0, 0.0, 0.0, 0.0, 0.0, 0.0, 0.0, 0.0, 0.0, 0.0, 0.0, 0.0, 0.0, 0.0, 0.0, 0.0, 0.0, 0.0, 0.0, 0.0, 0.0, 0.0, 0.0, 0.0, 0.0, 0.0, 0.0, 0.0, 0.0, 0.0, 0.0, 0.0, 0.0, 0.0, 0.0, 0.0, 0.0, 0.0, 0.0, 0.0, 0.0, 0.0, 0.0, 0.0, 0.0, 0.0, 0.0, 0.0, 0.0, 0.0, 0.0, 0.0, 0.0, 0.0, 0.0, 0.0, 0.0, 0.0, 0.0], "program call": "xtb /home/svss/Project-DBcg-Debug/aqme2_20220329/End-to-End-workflows-final/example-3/QDESCP/mol_487_rdkit_conf_7/mol_487_rdkit_conf_7.xyz --pop --wbo --acc 0.2 --gfn 2 --chrg 0 --uhf 0 --etemp 300 --input /home/svss/Project-DBcg-Debug/aqme2_20220329/End-to-End-workflows-final/example-3/QDESCP/mol_487_rdkit_conf_7/mol_487_rdkit_conf_7_xtb.inp", "method": "GFN2-xTB", "xtb version": "6.3.3 (7355c4f)", "Dipole module/D": 7.631, "Total charge": 0, "Transition dipole module/D": NaN, "HOMO": -10.2586, "LUMO": -7.4736, "HOMO occupancy": 2.0, "LUMO occupancy": 0, "mulliken charges": [-0.09595, 0.20584, -0.36639, 0.37673, -0.22366, -0.38289, 0.21269, -0.0965, -0.07472, 0.16135, -0.23826, 0.63908, -0.52793, -0.37706, 0.22202, -0.07559, 0.10173, -0.0975, -0.05607, -0.05183, 0.09036, 0.04306, 0.04342, 0.03508, 0.03082, 0.02776, 0.03691, 0.02633, 0.03896, 0.03367, 0.04201, 0.06928, 0.05479, 0.06883, 0.04954, 0.05412], "cm5 charges": [-0.24241, 0.12763, -0.42981, 0.31572, -0.19465, -0.44423, 0.13466, -0.24296, -0.07011, 0.13968, -0.48794, 0.76387, -0.56425, -0.42658, 0.25105, -0.12231, 0.09493, -0.09946, -0.10737, -0.09999, 0.15709, 0.0964, 0.09674, 0.0863, 0.09488, 0.09346, 0.10491, 0.09067, 0.09227, 0.0849, 0.09537, 0.14045, 0.12505, 0.12761, 0.10585, 0.11258], "FUKUI+": [0.007, 0.008, 0.003, -0.088, -0.108, -0.0, 0.008, 0.007, -0.168, 0.027, -0.017, -0.019, -0.071, -0.042, -0.018, -0.042, -0.022, -0.083, -0.018, -0.036, -0.01, -0.004, -0.013, -0.017, -0.014, 0.003, -0.014, -0.013, -0.007, -0.021, -0.007, -0.036, -0.037, -0.053, -0.047, -0.039], "FUKUI-": [0.007, 0.01, -0.005, -0.09, -0.288, 0.001, 0.011, 0.007, -0.08, 0.026, -0.029, -0.002, -0.056, -0.034, -0.016, -0.012, -0.016, -0.151, -0.017, -0.009, -0.016, -0.009, -0.014, -0.019, -0.009, -0.004, -0.011, -0.007, -0.009, -0.021, -0.01, -0.017, -0.021, -0.033, -0.033, -0.022], "FUKUIrad": [0.007, 0.009, -0.001, -0.089, -0.198, 0.001, 0.01, 0.007, -0.124, 0.026, -0.023, -0.011, -0.063, -0.038, -0.017, -0.027, -0.019, -0.117, -0.018, -0.022, -0.013, -0.006, -0.014, -0.018, -0.012, -0.001, -0.013, -0.01, -0.008, -0.021, -0.009, -0.027, -0.029, -0.043, -0.04, -0.031], "s proportion": [1.012, 0.993, 1.659, 1.519, 1.889, 1.654, 0.993, 1.012, 1.909, 1.005, 1.43, 0.93, 1.718, 1.708, 1.015, 1.056, 1.079, 1.943, 1.063, 1.052, 1.033, 0.957, 0.957, 0.965, 0.969, 0.972, 0.963, 0.974, 0.961, 0.966, 0.958, 0.931, 0.945, 0.931, 0.95, 0.946], "p proportion": [3.084, 2.801, 4.708, 2.022, 4.35, 4.729, 2.794, 3.084, 4.172, 2.833, 3.808, 2.431, 4.81, 4.669, 2.763, 3.019, 2.819, 5.165, 2.993, 3.0, 2.877, 0.0, 0.0, 0.0, 0.0, 0.0, 0.0, 0.0, 0.0, 0.0, 0.0, 0.0, 0.0, 0.0, 0.0, 0.0], "d proportion": [0.0, 0.0, 0.0, 1.083, -0.015, 0.0, 0.0, 0.0, -0.006, 0.0, 0.0, 0.0, 0.0, 0.0, 0.0, 0.0, 0.0, -0.01, 0.0, 0.0, 0.0, 0.0, 0.0, 0.0, 0.0, 0.0, 0.0, 0.0, 0.0, 0.0, 0.0, 0.0, 0.0, 0.0, 0.0, 0.0], "Fermi-level/eV": -8.8661, "Coordination numbers": [3.749, 3.904, 1.658, 3.919, 0.926, 1.658, 3.893, 3.749, 1.932, 3.742, 2.846, 2.903, 0.856, 1.707, 3.101, 2.947, 2.887, 0.963, 2.953, 2.909, 3.028, 0.924, 0.924, 0.924, 0.924, 0.924, 0.924, 0.924, 0.924, 0.924, 0.924, 0.924, 0.924, 0.925, 0.925, 0.925], "Dispersion coefficient C6": [22.775, 19.025, 18.193, 144.261, 156.441, 18.498, 18.98, 22.744, 145.573, 19.655, 22.721, 20.502, 21.605, 17.847, 25.121, 29.36, 25.926, 103.614, 29.095, 29.088, 27.004, 2.199, 2.189, 2.201, 2.221, 2.377, 2.316, 2.278, 2.235, 2.214, 2.214, 1.797, 2.019, 1.895, 2.026, 2.104], "Total dispersion C6": 22243.578355, "Total dispersion C8": 667678.181177, "Polarizability alpha": [6.807, 6.2, 5.758, 21.576, 21.156, 5.806, 6.193, 6.802, 20.307, 6.325, 7.079, 7.424, 6.232, 5.704, 8.213, 8.887, 8.348, 15.573, 8.847, 8.844, 8.524, 2.319, 2.314, 2.32, 2.33, 2.411, 2.38, 2.36, 2.338, 2.327, 2.327, 2.096, 2.222, 2.153, 2.226, 2.268], "Total polarizability alpha": 234.996964, "Wiberg matrix": [[0.0, 1.0164487129219617, 0.0, 0.0, 0.0, 0.0, 0.0, 0.0, 0.0, 0.0, 0.0, 0.0, 0.0, 0.0, 0.0, 0.0, 0.0, 0.0, 0.0, 0.0, 0.0, 0.9844690292457321, 0.9839871953400566, 0.9811833447329837, 0.0, 0.0, 0.0, 0.0, 0.0, 0.0, 0.0, 0.0, 0.0, 0.0, 0.0, 0.0], [1.0164487129219617, 0.0, 0.9190819700695175, 0.0, 0.0, 0.0, 0.0, 0.0, 0.0, 0.0, 0.0, 0.0, 0.0, 0.0, 0.0, 0.0, 0.0, 0.0, 0.0, 0.0, 0.0, 0.0, 0.0, 0.0, 0.9697230580388335, 0.9691764063484644, 0.0, 0.0, 0.0, 0.0, 0.0, 0.0, 0.0, 0.0, 0.0, 0.0], [0.0, 0.9190819700695175, 0.0, 1.2629679771251665, 0.0, 0.0, 0.0, 0.0, 0.0, 0.0, 0.0, 0.0, 0.0, 0.0, 0.0, 0.0, 0.0, 0.0, 0.0, 0.0, 0.0, 0.0, 0.0, 0.0, 0.0, 0.0, 0.0, 0.0, 0.0, 0.0, 0.0, 0.0, 0.0, 0.0, 0.0, 0.0], [0.0, 0.0, 1.2629679771251665, 0.0, 1.563882543238127, 1.2364016060577938, 0.0, 0.0, 1.008856454716155, 0.0, 0.0, 0.0, 0.0, 0.0, 0.0, 0.0, 0.0, 0.0, 0.0, 0.0, 0.0, 0.0, 0.0, 0.0, 0.0, 0.0, 0.0, 0.0, 0.0, 0.0, 0.0, 0.0, 0.0, 0.0, 0.0, 0.0], [0.0, 0.0, 0.0, 1.563882543238127, 0.0, 0.0, 0.0, 0.0, 0.15123771287417026, 0.0, 0.0, 0.0, 0.0, 0.0, 0.0, 0.0, 0.0, 0.0, 0.0, 0.0, 0.0, 0.0, 0.0, 0.0, 0.0, 0.0, 0.0, 0.0, 0.0, 0.0, 0.0, 0.0, 0.0, 0.0, 0.0, 0.0], [0.0, 0.0, 0.0, 1.2364016060577938, 0.0, 0.0, 0.9127281695806239, 0.0, 0.0, 0.0, 0.0, 0.0, 0.0, 0.0, 0.0, 0.0, 0.0, 0.0, 0.0, 0.0, 0.0, 0.0, 0.0, 0.0, 0.0, 0.0, 0.0, 0.0, 0.0, 0.0, 0.0, 0.0, 0.0, 0.0, 0.0, 0.0], [0.0, 0.0, 0.0, 0.0, 0.0, 0.9127281695806239, 0.0, 1.0153425803262286, 0.0, 0.0, 0.0, 0.0, 0.0, 0.0, 0.0, 0.0, 0.0, 0.0, 0.0, 0.0, 0.0, 0.0, 0.0, 0.0, 0.0, 0.0, 0.9700151438390996, 0.9703292274194226, 0.0, 0.0, 0.0, 0.0, 0.0, 0.0, 0.0, 0.0], [0.0, 0.0, 0.0, 0.0, 0.0, 0.0, 1.0153425803262286, 0.0, 0.0, 0.0, 0.0, 0.0, 0.0, 0.0, 0.0, 0.0, 0.0, 0.0, 0.0, 0.0, 0.0, 0.0, 0.0, 0.0, 0.0, 0.0, 0.0, 0.0, 0.9847383895903695, 0.9804236598127345, 0.984767446972743, 0.0, 0.0, 0.0, 0.0, 0.0], [0.0, 0.0, 0.0, 1.008856454716155, 0.15123771287417026, 0.0, 0.0, 0.0, 0.0, 0.9466369784004334, 0.0, 0.0, 0.0, 0.0, 0.0, 0.0, 0.0, 0.0, 0.0, 0.0, 0.0, 0.0, 0.0, 0.0, 0.0, 0.0, 0.0, 0.0, 0.0, 0.0, 0.0, 0.0, 0.0, 0.0, 0.0, 0.0], [0.0, 0.0, 0.0, 0.0, 0.0, 0.0, 0.0, 0.0, 0.9466369784004334, 0.0, 1.0158786135586217, 0.0, 0.0, 0.0, 0.0, 0.0, 0.0, 0.0, 0.0, 0.0, 0.0, 0.0, 0.0, 0.0, 0.0, 0.0, 0.0, 0.0, 0.0, 0.0, 0.0, 0.9611248258162464, 0.962440441777394, 0.0, 0.0, 0.0], [0.0, 0.0, 0.0, 0.0, 0.0, 0.0, 0.0, 0.0, 0.0, 1.0158786135586217, 0.0, 1.1303313283040115, 0.1464464993783919, 0.0, 0.0, 0.0, 0.0, 0.0, 0.0, 0.0, 1.0897707979696365, 0.0, 0.0, 0.0, 0.0, 0.0, 0.0, 0.0, 0.0, 0.0, 0.0, 0.0, 0.0, 0.0, 0.0, 0.0], [0.0, 0.0, 0.0, 0.0, 0.0, 0.0, 0.0, 0.0, 0.0, 0.0, 1.1303313283040115, 0.0, 1.6904569120928215, 1.028532429023973, 0.0, 0.0, 0.0, 0.0, 0.0, 0.0, 0.0, 0.0, 0.0, 0.0, 0.0, 0.0, 0.0, 0.0, 0.0, 0.0, 0.0, 0.0, 0.0, 0.0, 0.0, 0.0], [0.0, 0.0, 0.0, 0.0, 0.0, 0.0, 0.0, 0.0, 0.0, 0.0, 0.1464464993783919, 1.6904569120928215, 0.0, 0.13082738259553936, 0.0, 0.0, 0.0, 0.0, 0.0, 0.0, 0.0, 0.0, 0.0, 0.0, 0.0, 0.0, 0.0, 0.0, 0.0, 0.0, 0.0, 0.0, 0.0, 0.0, 0.0, 0.0], [0.0, 0.0, 0.0, 0.0, 0.0, 0.0, 0.0, 0.0, 0.0, 0.0, 0.0, 1.028532429023973, 0.13082738259553936, 0.0, 1.0347161289178117, 0.0, 0.0, 0.0, 0.0, 0.0, 0.0, 0.0, 0.0, 0.0, 0.0, 0.0, 0.0, 0.0, 0.0, 0.0, 0.0, 0.0, 0.0, 0.0, 0.0, 0.0], [0.0, 0.0, 0.0, 0.0, 0.0, 0.0, 0.0, 0.0, 0.0, 0.0, 0.0, 0.0, 0.0, 1.0347161289178117, 0.0, 1.3979008528229455, 0.0, 0.0, 0.0, 0.0, 1.298069607953453, 0.0, 0.0, 0.0, 0.0, 0.0, 0.0, 0.0, 0.0, 0.0, 0.0, 0.0, 0.0, 0.0, 0.0, 0.0], [0.0, 0.0, 0.0, 0.0, 0.0, 0.0, 0.0, 0.0, 0.0, 0.0, 0.0, 0.0, 0.0, 0.0, 1.3979008528229455, 0.0, 1.3967815410190683, 0.0, 0.0, 0.10308763070798477, 0.0, 0.0, 0.0, 0.0, 0.0, 0.0, 0.0, 0.0, 0.0, 0.0, 0.0, 0.0, 0.0, 0.9610425659160808, 0.0, 0.0], [0.0, 0.0, 0.0, 0.0, 0.0, 0.0, 0.0, 0.0, 0.0, 0.0, 0.0, 0.0, 0.0, 0.0, 0.0, 1.3967815410190683, 0.0, 0.9975075594886085, 1.3881834124422303, 0.0, 0.0, 0.0, 0.0, 0.0, 0.0, 0.0, 0.0, 0.0, 0.0, 0.0, 0.0, 0.0, 0.0, 0.0, 0.0, 0.0], [0.0, 0.0, 0.0, 0.0, 0.0, 0.0, 0.0, 0.0, 0.0, 0.0, 0.0, 0.0, 0.0, 0.0, 0.0, 0.0, 0.9975075594886085, 0.0, 0.0, 0.0, 0.0, 0.0, 0.0, 0.0, 0.0, 0.0, 0.0, 0.0, 0.0, 0.0, 0.0, 0.0, 0.0, 0.0, 0.0, 0.0], [0.0, 0.0, 0.0, 0.0, 0.0, 0.0, 0.0, 0.0, 0.0, 0.0, 0.0, 0.0, 0.0, 0.0, 0.0, 0.0, 1.3881834124422303, 0.0, 0.0, 1.4423688148887897, 0.0, 0.0, 0.0, 0.0, 0.0, 0.0, 0.0, 0.0, 0.0, 0.0, 0.0, 0.0, 0.0, 0.0, 0.9664749039820324, 0.0], [0.0, 0.0, 0.0, 0.0, 0.0, 0.0, 0.0, 0.0, 0.0, 0.0, 0.0, 0.0, 0.0, 0.0, 0.0, 0.10308763070798477, 0.0, 0.0, 1.4423688148887897, 0.0, 1.3744787451132179, 0.0, 0.0, 0.0, 0.0, 0.0, 0.0, 0.0, 0.0, 0.0, 0.0, 0.0, 0.0, 0.0, 0.0, 0.9640381240972109], [0.0, 0.0, 0.0, 0.0, 0.0, 0.0, 0.0, 0.0, 0.0, 0.0, 1.0897707979696365, 0.0, 0.0, 0.0, 1.298069607953453, 0.0, 0.0, 0.0, 0.0, 1.3744787451132179, 0.0, 0.0, 0.0, 0.0, 0.0, 0.0, 0.0, 0.0, 0.0, 0.0, 0.0, 0.0, 0.0, 0.0, 0.0, 0.0], [0.9844690292457321, 0.0, 0.0, 0.0, 0.0, 0.0, 0.0, 0.0, 0.0, 0.0, 0.0, 0.0, 0.0, 0.0, 0.0, 0.0, 0.0, 0.0, 0.0, 0.0, 0.0, 0.0, 0.0, 0.0, 0.0, 0.0, 0.0, 0.0, 0.0, 0.0, 0.0, 0.0, 0.0, 0.0, 0.0, 0.0], [0.9839871953400566, 0.0, 0.0, 0.0, 0.0, 0.0, 0.0, 0.0, 0.0, 0.0, 0.0, 0.0, 0.0, 0.0, 0.0, 0.0, 0.0, 0.0, 0.0, 0.0, 0.0, 0.0, 0.0, 0.0, 0.0, 0.0, 0.0, 0.0, 0.0, 0.0, 0.0, 0.0, 0.0, 0.0, 0.0, 0.0], [0.9811833447329837, 0.0, 0.0, 0.0, 0.0, 0.0, 0.0, 0.0, 0.0, 0.0, 0.0, 0.0, 0.0, 0.0, 0.0, 0.0, 0.0, 0.0, 0.0, 0.0, 0.0, 0.0, 0.0, 0.0, 0.0, 0.0, 0.0, 0.0, 0.0, 0.0, 0.0, 0.0, 0.0, 0.0, 0.0, 0.0], [0.0, 0.9697230580388335, 0.0, 0.0, 0.0, 0.0, 0.0, 0.0, 0.0, 0.0, 0.0, 0.0, 0.0, 0.0, 0.0, 0.0, 0.0, 0.0, 0.0, 0.0, 0.0, 0.0, 0.0, 0.0, 0.0, 0.0, 0.0, 0.0, 0.0, 0.0, 0.0, 0.0, 0.0, 0.0, 0.0, 0.0], [0.0, 0.9691764063484644, 0.0, 0.0, 0.0, 0.0, 0.0, 0.0, 0.0, 0.0, 0.0, 0.0, 0.0, 0.0, 0.0, 0.0, 0.0, 0.0, 0.0, 0.0, 0.0, 0.0, 0.0, 0.0, 0.0, 0.0, 0.0, 0.0, 0.0, 0.0, 0.0, 0.0, 0.0, 0.0, 0.0, 0.0], [0.0, 0.0, 0.0, 0.0, 0.0, 0.0, 0.9700151438390996, 0.0, 0.0, 0.0, 0.0, 0.0, 0.0, 0.0, 0.0, 0.0, 0.0, 0.0, 0.0, 0.0, 0.0, 0.0, 0.0, 0.0, 0.0, 0.0, 0.0, 0.0, 0.0, 0.0, 0.0, 0.0, 0.0, 0.0, 0.0, 0.0], [0.0, 0.0, 0.0, 0.0, 0.0, 0.0, 0.9703292274194226, 0.0, 0.0, 0.0, 0.0, 0.0, 0.0, 0.0, 0.0, 0.0, 0.0, 0.0, 0.0, 0.0, 0.0, 0.0, 0.0, 0.0, 0.0, 0.0, 0.0, 0.0, 0.0, 0.0, 0.0, 0.0, 0.0, 0.0, 0.0, 0.0], [0.0, 0.0, 0.0, 0.0, 0.0, 0.0, 0.0, 0.9847383895903695, 0.0, 0.0, 0.0, 0.0, 0.0, 0.0, 0.0, 0.0, 0.0, 0.0, 0.0, 0.0, 0.0, 0.0, 0.0, 0.0, 0.0, 0.0, 0.0, 0.0, 0.0, 0.0, 0.0, 0.0, 0.0, 0.0, 0.0, 0.0], [0.0, 0.0, 0.0, 0.0, 0.0, 0.0, 0.0, 0.9804236598127345, 0.0, 0.0, 0.0, 0.0, 0.0, 0.0, 0.0, 0.0, 0.0, 0.0, 0.0, 0.0, 0.0, 0.0, 0.0, 0.0, 0.0, 0.0, 0.0, 0.0, 0.0, 0.0, 0.0, 0.0, 0.0, 0.0, 0.0, 0.0], [0.0, 0.0, 0.0, 0.0, 0.0, 0.0, 0.0, 0.984767446972743, 0.0, 0.0, 0.0, 0.0, 0.0, 0.0, 0.0, 0.0, 0.0, 0.0, 0.0, 0.0, 0.0, 0.0, 0.0, 0.0, 0.0, 0.0, 0.0, 0.0, 0.0, 0.0, 0.0, 0.0, 0.0, 0.0, 0.0, 0.0], [0.0, 0.0, 0.0, 0.0, 0.0, 0.0, 0.0, 0.0, 0.0, 0.9611248258162464, 0.0, 0.0, 0.0, 0.0, 0.0, 0.0, 0.0, 0.0, 0.0, 0.0, 0.0, 0.0, 0.0, 0.0, 0.0, 0.0, 0.0, 0.0, 0.0, 0.0, 0.0, 0.0, 0.0, 0.0, 0.0, 0.0], [0.0, 0.0, 0.0, 0.0, 0.0, 0.0, 0.0, 0.0, 0.0, 0.962440441777394, 0.0, 0.0, 0.0, 0.0, 0.0, 0.0, 0.0, 0.0, 0.0, 0.0, 0.0, 0.0, 0.0, 0.0, 0.0, 0.0, 0.0, 0.0, 0.0, 0.0, 0.0, 0.0, 0.0, 0.0, 0.0, 0.0], [0.0, 0.0, 0.0, 0.0, 0.0, 0.0, 0.0, 0.0, 0.0, 0.0, 0.0, 0.0, 0.0, 0.0, 0.0, 0.9610425659160808, 0.0, 0.0, 0.0, 0.0, 0.0, 0.0, 0.0, 0.0, 0.0, 0.0, 0.0, 0.0, 0.0, 0.0, 0.0, 0.0, 0.0, 0.0, 0.0, 0.0], [0.0, 0.0, 0.0, 0.0, 0.0, 0.0, 0.0, 0.0, 0.0, 0.0, 0.0, 0.0, 0.0, 0.0, 0.0, 0.0, 0.0, 0.0, 0.9664749039820324, 0.0, 0.0, 0.0, 0.0, 0.0, 0.0, 0.0, 0.0, 0.0, 0.0, 0.0, 0.0, 0.0, 0.0, 0.0, 0.0, 0.0], [0.0, 0.0, 0.0, 0.0, 0.0, 0.0, 0.0, 0.0, 0.0, 0.0, 0.0, 0.0, 0.0, 0.0, 0.0, 0.0, 0.0, 0.0, 0.0, 0.9640381240972109, 0.0, 0.0, 0.0, 0.0, 0.0, 0.0, 0.0, 0.0, 0.0, 0.0, 0.0, 0.0, 0.0, 0.0, 0.0, 0.0]], "Born radii": [], "Atomic SASAs": [], "Solvent H bonds": [], "Total SASA": NaN, "Total FOD": 0.0, "FOD": [0.0, 0.0, 0.0, 0.0, 0.0, 0.0, 0.0, 0.0, 0.0, 0.0, 0.0, 0.0, 0.0, 0.0, 0.0, 0.0, 0.0, 0.0, 0.0, 0.0, 0.0, 0.0, 0.0, 0.0, 0.0, 0.0, 0.0, 0.0, 0.0, 0.0, 0.0, 0.0, 0.0, 0.0, 0.0, 0.0], "FOD s proportion": [0.0, 0.0, 0.0, 0.0, 0.0, 0.0, 0.0, 0.0, 0.0, 0.0, 0.0, 0.0, 0.0, 0.0, 0.0, 0.0, 0.0, 0.0, 0.0, 0.0, 0.0, 0.0, 0.0, 0.0, 0.0, 0.0, 0.0, 0.0, 0.0, 0.0, 0.0, 0.0, 0.0, 0.0, 0.0, 0.0], "FOD p proportion": [0.0, 0.0, 0.0, 0.0, 0.0, 0.0, 0.0, 0.0, 0.0, 0.0, 0.0, 0.0, 0.0, 0.0, 0.0, 0.0, 0.0, 0.0, 0.0, 0.0, 0.0, 0.0, 0.0, 0.0, 0.0, 0.0, 0.0, 0.0, 0.0, 0.0, 0.0, 0.0, 0.0, 0.0, 0.0, 0.0], "FOD d proportion": [0.0, 0.0, 0.0, 0.0, 0.0, 0.0, 0.0, 0.0, 0.0, 0.0, 0.0, 0.0, 0.0, 0.0, 0.0, 0.0, 0.0, 0.0, 0.0, 0.0, 0.0, 0.0, 0.0, 0.0, 0.0, 0.0, 0.0, 0.0, 0.0, 0.0, 0.0, 0.0, 0.0, 0.0, 0.0, 0.0], "coordinates": [["-3.88960", "-1.80400", "-2.54490"], ["-3.69580", "-1.47680", "-1.07850"], ["-2.99210", "-0.24860", "-0.98060"], ["-2.21470", "0.10480", "0.40280"], ["-3.39120", "0.20270", "1.95380"], ["-1.60520", "1.55880", "-0.00590"], ["-2.49190", "2.61470", "-0.34370"], ["-1.70100", "3.69260", "-1.05700"], ["-0.52950", "-1.14490", "0.48370"], ["0.39750", "-0.39690", "1.83860"], ["1.72130", "-0.94140", "1.92850"], ["2.13000", "-1.90090", "2.83030"], ["1.43860", "-2.41730", "3.69690"], ["3.48280", "-2.22180", "2.64210"], ["3.84290", "-1.40290", "1.58350"], ["5.09530", "-1.34430", "1.01080"], ["5.26450", "-0.45410", "-0.05130"], ["6.80270", "-0.32860", "-0.81450"], ["4.19910", "0.34520", "-0.51190"], ["2.93730", "0.26630", "0.08800"], ["2.79690", "-0.62020", "1.13450"], ["-2.92230", "-1.89380", "-3.05030"], ["-4.43970", "-1.00310", "-3.04980"], ["-4.43980", "-2.74120", "-2.66640"], ["-4.66840", "-1.37010", "-0.58890"], ["-3.13930", "-2.28030", "-0.58720"], ["-3.29390", "2.25170", "-0.99320"], ["-2.93190", "3.02270", "0.57100"], ["-0.88850", "4.05980", "-0.42120"], ["-2.34450", "4.53390", "-1.32890"], ["-1.23850", "3.29300", "-1.96570"], ["-0.13680", "-0.58440", "2.77490"], ["0.46680", "0.68660", "1.69920"], ["5.90710", "-1.96440", "1.37250"], ["4.35530", "1.02980", "-1.34300"], ["2.11650", "0.87730", "-0.26910"]], "bond_dist": [[0.0, 1.514908327259442, 2.3815561929125253, 3.8907252203156166, 4.951115948955347, 4.793060421067108, 5.1306682235358, 6.100526856755899, 4.571334901317119, 6.290805120968222, 7.22755734186869, 8.070796045620284, 8.229575892474655, 9.023957424544955, 8.774743530155169, 9.6738179944632, 9.583204984763709, 10.931439457363334, 8.612735763391328, 7.604266441281499, 7.723253786455551, 1.0950627790222807, 1.0949770910845575, 1.0935383532368674, 2.1495894142835748, 2.149976992900157, 4.383073564292528, 5.824350177487614, 6.921044237685525, 6.63588475035545, 5.774358219750487, 6.623534104992592, 6.572190968771373, 10.552112670456092, 8.800759175207556, 6.960019578995451], [1.514908327259442, 0.0, 1.4188915885295816, 2.6247600766546264, 3.4797046857456166, 3.8387428254573135, 4.327779858079659, 5.54097334860943, 3.5462772226660455, 5.14108561589865, 6.218816171105237, 7.028408346844967, 7.074676584127362, 8.119740594378616, 7.995230009199235, 9.036933658603454, 9.076785291059824, 10.564400668755422, 8.122202014847943, 6.956804975705443, 6.912762533893378, 2.158746508972279, 2.1595838927904603, 2.161867195273567, 1.0940949730256508, 1.093928786530458, 3.751068107886072, 4.85282327207575, 6.242348607695664, 6.165811085331759, 5.438422489104722, 5.3208599229823745, 5.451894680750904, 9.922743731952368, 8.4364219323123, 6.322953934673255], [2.3815561929125253, 1.4188915885295816, 0.0, 1.6257422550945768, 2.9956060922624657, 2.477948034160523, 2.975622378595779, 4.147991515179365, 3.0019871651957475, 4.41126622297952, 5.58202241217285, 6.59461617609395, 6.7980415142892445, 7.677356546364119, 7.390821490199856, 8.400730397411884, 8.311273807305353, 9.796534910364992, 7.230880691174486, 6.04688451435944, 6.174484235140616, 2.6448465305193043, 2.6356032800859843, 3.3392831101899696, 2.054549300941693, 2.074665344097693, 2.5184801150694045, 3.6211172709538144, 4.827045875066862, 4.838698678363842, 4.072893999357214, 4.729617318557602, 4.474362109843145, 9.363589583594532, 7.466587378448068, 5.279363315779659], [3.8907252203156166, 2.6247600766546264, 1.6257422550945768, 0.0, 1.9491889749329077, 1.6286933228818739, 2.633191998316872, 3.9073280601966354, 2.0995699416785336, 3.0227162238622403, 4.349067823108763, 5.365818374675013, 5.527990965079447, 6.5489723086908835, 6.353088189219477, 7.477008413128877, 7.51378790358099, 9.10950918600997, 6.483154995062203, 5.164134515095439, 5.116360469122558, 4.052036442333657, 4.2542348512981745, 4.740334866863311, 3.0297594937552383, 2.742934044048453, 2.778968918501968, 3.0094530217300286, 4.252035681882267, 4.757368993466872, 4.089911726431269, 3.227928664019699, 3.0347300456548028, 8.43715247995436, 6.860637189066334, 4.450561683652975], [4.951115948955347, 3.4797046857456166, 2.9956060922624657, 1.9491889749329077, 0.0, 2.978124795907653, 3.4503609579288947, 4.909286576479316, 3.488057720279296, 3.837582427779239, 5.239013375627132, 5.9730255859154004, 5.764526489660708, 7.3214638659218965, 7.419385167249373, 8.677738198977888, 8.909150057104211, 10.576453176277953, 7.982019595941868, 6.598118432553329, 6.296109791768248, 5.4457502944957, 5.252553555176758, 5.577845212086832, 3.25119408371755, 3.561660232251246, 3.5906374489775486, 3.174191602597423, 5.175070308701129, 5.534527407105326, 5.43567398120969, 3.4474412221240263, 3.8965554493680696, 9.565177206408672, 8.459388092527732, 5.977552079237788], [4.793060421067108, 3.8387428254573135, 2.477948034160523, 1.6286933228818739, 2.978124795907653, 0.0, 1.419602247110084, 2.3805653299164047, 2.9507342035500246, 3.3522753511607606, 4.588954744819348, 5.827973367303594, 6.227745779172428, 6.869685899660915, 6.401535195560515, 7.372812811268166, 7.158673456723668, 8.654992497397094, 5.95136618349098, 4.723735779020669, 5.042522936983033, 4.787856569489107, 4.884981992802021, 5.796828219811244, 4.278029739260821, 4.174932491669776, 2.075229960751338, 2.0581422958580875, 2.634603192133495, 3.338879078373459, 2.642486437051286, 3.805568740674645, 2.821574533837446, 8.411157832902674, 6.131495548396002, 3.792725587226157], [5.1306682235358, 4.327779858079659, 2.975622378595779, 2.633191998316872, 3.4503609579288947, 1.419602247110084, 0.0, 1.5153178247483263, 4.320902299288888, 4.709649690794422, 5.963203358095378, 7.1990887596972994, 7.556209539842049, 8.246440079209938, 7.744991971590416, 8.664522784897041, 8.346542527298354, 9.760853276737643, 7.067418375191891, 5.931067365154437, 6.373465202697823, 5.276125469508851, 4.919896227564155, 6.154259866953947, 4.547076679582169, 4.943626605034, 1.0939941727449922, 1.0939561645696778, 2.1599101416494157, 2.162330788755504, 2.159163368066437, 5.050386399078787, 4.079818097660728, 9.7188836936142, 7.098919378327943, 4.925593820038351], [6.100526856755899, 5.54097334860943, 4.147991515179365, 3.9073280601966354, 4.909286576479316, 2.3805653299164047, 1.5153178247483263, 0.0, 5.2103334816497116, 5.432514322116417, 6.488397609579733, 7.815043476526538, 8.353893187011671, 8.691101806445486, 7.979422767970125, 8.708378272675114, 8.16852150820453, 9.409663616729347, 6.8053949760465775, 5.879148201908165, 6.605605233436221, 6.05579751477871, 5.789760618540287, 7.175303215892691, 5.886893209495141, 6.16157068773864, 2.1488586877689277, 2.1480839881159213, 1.0950953063546571, 1.0935298578456831, 1.095135653697751, 5.9517147319071, 4.618661199958274, 9.787098899060947, 6.622014008592854, 4.808326813975938], [4.571334901317119, 3.5462772226660455, 3.0019871651957475, 2.0995699416785336, 3.488057720279296, 2.9507342035500246, 4.320902299288888, 5.2103334816497116, 0.0, 1.8040473968274782, 2.6823422469923557, 3.626431828947016, 3.977068469362829, 4.681554812239199, 4.51597229840928, 5.652961154120908, 5.859510699708637, 7.49084946918572, 5.056804853857819, 3.7638764817671686, 3.4298378518524753, 4.333070395227846, 5.272133679071501, 5.268941999111396, 4.28155100518492, 3.0408906606453314, 4.621691522592134, 4.811240672633203, 5.294962426684442, 6.231252939818765, 5.118319819042182, 2.3912279230554327, 2.4133889429596715, 6.549149963926616, 5.6504357371799205, 3.414281283081404], [6.290805120968222, 5.14108561589865, 4.41126622297952, 3.0227162238622403, 3.837582427779239, 3.3522753511607606, 4.709649690794422, 5.432514322116417, 1.8040473968274782, 0.0, 1.4342275621392861, 2.499408157944596, 2.935844726820545, 3.6735471073609496, 3.598318102947543, 4.863347040876273, 5.2213679098489125, 6.933267017791828, 4.53075327291169, 3.1551574667518576, 2.5105258532825347, 6.096156564590513, 6.90379872533955, 7.0135753207618725, 5.701159294389169, 4.68408533654117, 5.353560232219303, 4.938155351950766, 5.159715779963078, 6.470271160469243, 5.546580613314838, 1.0942076722450818, 1.0946264659690994, 5.7471730111420865, 5.274678406310663, 3.003488959526903], [7.22755734186869, 6.218816171105237, 5.58202241217285, 4.349067823108763, 5.239013375627132, 4.588954744819348, 5.963203358095378, 6.488397609579733, 2.6823422469923557, 1.4342275621392861, 0.0, 1.3787382565229702, 2.3206547912173408, 2.291621995443402, 2.198452594440007, 3.519712729755086, 4.087950044949179, 5.806909573947229, 3.708151097245094, 2.514882808402809, 1.3749621085688144, 6.8744844286680875, 7.921186702761147, 7.893765847806736, 6.881086581347455, 5.6344327185618255, 6.624533911151788, 6.261722231143761, 6.110985809998253, 7.557796933630859, 6.469571318101377, 2.0727705058688963, 2.0680262909353937, 4.344719397153284, 4.639644133982691, 2.879808759275518], [8.070796045620284, 7.028408346844967, 6.59461617609395, 5.365818374675013, 5.9730255859154004, 5.827973367303594, 7.1990887596972994, 7.815043476526538, 3.626431828947016, 2.499408157944596, 1.3787382565229702, 0.0, 1.22298752242204, 1.40301956151723, 2.176359494660751, 3.5232638135683225, 4.496881035784692, 6.131135263554377, 4.527299510745893, 3.5872968123644298, 2.2272596929859794, 7.752886047143992, 8.862425116185749, 8.607095155742151, 7.62829730936072, 6.291960990025288, 7.828277602384831, 7.414115258073616, 7.430581335938663, 8.872809359498264, 7.8310283781889085, 2.6219503523140935, 3.277312572825485, 4.0491600980944185, 5.56393704763093, 4.162314001850413], [8.229575892474655, 7.074676584127362, 6.7980415142892445, 5.527990965079447, 5.764526489660708, 6.227745779172428, 7.556209539842049, 8.353893187011671, 3.977068469362829, 2.935844726820545, 2.3206547912173408, 1.22298752242204, 0.0, 2.30858764832527, 3.357994254015334, 4.662393923726308, 5.704442855354062, 7.313615143005544, 5.741582006729504, 4.740460933284864, 3.411809059721836, 8.050851439444154, 9.059378202724512, 8.66903020296965, 7.533933798488012, 6.271319655383546, 8.135917604056717, 7.646314214051107, 8.020409367981163, 9.37495027666814, 8.475814371492572, 2.5867917523449777, 3.816987783580136, 5.0572172209625315, 6.766847811943164, 5.200297450146482], [9.023957424544955, 8.119740594378616, 7.677356546364119, 6.5489723086908835, 7.3214638659218965, 6.869685899660915, 8.246440079209938, 8.691101806445486, 4.681554812239199, 3.6735471073609496, 2.291621995443402, 1.40301956151723, 2.30858764832527, 0.0, 1.3859665147470195, 2.4558709636298075, 3.6815243772111574, 5.153059849254615, 4.129199763876773, 3.607164907513933, 2.3040050195257824, 8.575331350449382, 9.831020371762028, 9.55078736911256, 8.80947304496699, 7.367768261149369, 8.89670001910821, 8.54064467999928, 8.243213520223772, 9.765538837155889, 8.598576252496688, 3.9749489003004808, 4.294660285750202, 2.7487032233400535, 5.216817115828386, 4.4661260550951765], [8.774743530155169, 7.995230009199235, 7.390821490199856, 6.353088189219477, 7.419385167249373, 6.401535195560515, 7.744991971590416, 7.979422767970125, 4.51597229840928, 3.598318102947543, 2.198452594440007, 2.176359494660751, 3.357994254015334, 1.3859665147470195, 0.0, 1.3783776732086164, 2.365108674035931, 3.957895972609689, 2.7519871384147128, 2.417200912212305, 1.3814254558245265, 8.214682969536925, 9.498882654817882, 9.405095224929942, 8.784225935732756, 7.364298071778465, 8.421959290450173, 8.155305429596122, 7.499737284732046, 9.056024887333294, 7.776176657586941, 4.234074668685001, 3.9720835779222976, 2.1495871440813925, 3.839919960103335, 3.407623183393375], [9.6738179944632, 9.036933658603454, 8.400730397411884, 7.477008413128877, 8.677738198977888, 7.372812811268166, 8.664522784897041, 8.708378272675114, 5.652961154120908, 4.863347040876273, 3.519712729755086, 3.5232638135683225, 4.662393923726308, 2.4558709636298075, 1.3783776732086164, 0.0, 1.3961164313910213, 2.6978846046486122, 2.44462675678722, 2.8464989372912117, 2.412937019484761, 9.00424306757653, 10.369238872742782, 10.314613975326465, 9.89391446395207, 8.440280632775192, 9.344833259079586, 9.148773299191538, 8.189064858089719, 9.766168919796543, 8.395303805104374, 5.573541713309411, 5.10112356447087, 1.0836835977350583, 3.424080204960158, 3.9302544459614825], [9.583204984763709, 9.076785291059824, 8.311273807305353, 7.51378790358099, 8.909150057104211, 7.158673456723668, 8.346542527298354, 8.16852150820453, 5.859510699708637, 5.2213679098489125, 4.087950044949179, 4.496881035784692, 5.704442855354062, 3.6815243772111574, 2.365108674035931, 1.3961164313910213, 0.0, 1.721709537059024, 1.4092941531135368, 2.4401312444210865, 2.7427651394167896, 8.836879049189255, 10.17172064549553, 10.307425134823925, 9.989523120249535, 8.616614746523139, 9.025227964433917, 8.925041652003648, 7.640126191366213, 9.18745268069447, 7.745624233720611, 6.097411436011186, 5.232912385087294, 2.172820123710198, 2.1672777256272444, 3.4249039110608637], [10.931439457363334, 10.564400668755422, 9.796534910364992, 9.10950918600997, 10.576453176277953, 8.654992497397094, 9.760853276737643, 9.409663616729347, 7.49084946918572, 6.933267017791828, 5.806909573947229, 6.131135263554377, 7.313615143005544, 5.153059849254615, 3.957895972609689, 2.6978846046486122, 1.721709537059024, 0.0, 2.706345535958038, 4.013692741105128, 4.46431015947593, 10.100706791111204, 11.482293938930496, 11.646629496124618, 11.520492733386016, 10.13430620121575, 10.422629866785062, 10.388130683621572, 8.863819542950996, 10.37206736624864, 8.89393869104122, 7.817025409322909, 6.891512717829083, 2.8741798830275047, 2.8485662305798685, 4.869509873693655], [8.612735763391328, 8.122202014847943, 7.230880691174486, 6.483154995062203, 7.982019595941868, 5.95136618349098, 7.067418375191891, 6.8053949760465775, 5.056804853857819, 4.53075327291169, 3.708151097245094, 4.527299510745893, 5.741582006729504, 4.129199763876773, 2.7519871384147128, 2.44462675678722, 1.4092941531135368, 2.706345535958038, 0.0, 1.3993728809720443, 2.3682894586599836, 7.8848546923833664, 9.104269039302386, 9.423286497820174, 9.032205674141837, 7.794295022643165, 7.746705166714427, 7.693688300158773, 6.30001217538506, 7.812259445896558, 6.353782577331396, 5.519713689132798, 4.3515032414098, 3.4354736965955657, 1.08802702631874, 2.1631701296939174], [7.604266441281499, 6.956804975705443, 6.04688451435944, 5.164134515095439, 6.598118432553329, 4.723735779020669, 5.931067365154437, 5.879148201908165, 3.7638764817671686, 3.1551574667518576, 2.514882808402809, 3.5872968123644298, 4.740460933284864, 3.607164907513933, 2.417200912212305, 2.8464989372912117, 2.4401312444210865, 4.013692741105128, 1.3993728809720443, 0.0, 1.3786793173178453, 6.989268277867148, 8.116482871293453, 8.429316699472146, 7.809140225402539, 6.623151376799417, 6.628624294678346, 6.502194906337398, 5.411716227778393, 6.936672589217398, 5.55120727589954, 4.1705171034297415, 2.979259602652981, 3.9300985712829135, 2.15439486863481, 1.083768448516564], [7.723253786455551, 6.912762533893378, 6.174484235140616, 5.116360469122558, 6.296109791768248, 5.042522936983033, 6.373465202697823, 6.605605233436221, 3.4298378518524753, 2.5105258532825347, 1.3749621085688144, 2.2272596929859794, 3.411809059721836, 2.3040050195257824, 1.3814254558245265, 2.412937019484761, 2.7427651394167896, 4.46431015947593, 2.3682894586599836, 1.3786793173178453, 0.0, 7.200267817241245, 8.367996083890098, 8.444839175496476, 7.698257053385526, 6.399894791322745, 7.062064962884439, 6.812297857551444, 6.156685443483368, 7.685511064984553, 6.419410209668798, 3.361367205468632, 2.7305637403290914, 3.3965956014809886, 3.3599280959568167, 2.162300480969285], [1.0950627790222807, 2.158746508972279, 2.6448465305193043, 4.052036442333657, 5.4457502944957, 4.787856569489107, 5.276125469508851, 6.05579751477871, 4.333070395227846, 6.096156564590513, 6.8744844286680875, 7.752886047143992, 8.050851439444154, 8.575331350449382, 8.214682969536925, 9.00424306757653, 8.836879049189255, 10.100706791111204, 7.8848546923833664, 6.989268277867148, 7.200267817241245, 0.0, 1.7595026285857036, 1.7799641063796765, 3.0629425166006627, 2.5026651513936096, 4.642727347152749, 6.106216348934911, 6.818640789042931, 6.679251312085809, 5.560074985105866, 6.5883604675214915, 6.379828619955242, 9.875446752425937, 8.026566638980828, 6.387767535688818], [1.0949770910845575, 2.1595838927904603, 2.6356032800859843, 4.2542348512981745, 5.252553555176758, 4.884981992802021, 4.919896227564155, 5.789760618540287, 5.272133679071501, 6.90379872533955, 7.921186702761147, 8.862425116185749, 9.059378202724512, 9.831020371762028, 9.498882654817882, 10.369238872742782, 10.17172064549553, 11.482293938930496, 9.104269039302386, 8.116482871293453, 8.367996083890098, 1.7595026285857036, 0.0, 1.7798840355483836, 2.498603910186646, 3.0637687184250706, 4.016986960397059, 5.620562171171136, 6.719636583179183, 6.165203066404221, 5.466207959820044, 7.253784404709035, 7.034332188630276, 11.293232717871353, 9.186831534865544, 7.365592650289589], [1.0935383532368674, 2.161867195273567, 3.3392831101899696, 4.740334866863311, 5.577845212086832, 5.796828219811244, 6.154259866953947, 7.175303215892691, 5.268941999111396, 7.0135753207618725, 7.893765847806736, 8.607095155742151, 8.66903020296965, 9.55078736911256, 9.405095224929942, 10.314613975326465, 10.307425134823925, 11.646629496124618, 9.423286497820174, 8.429316699472146, 8.444839175496476, 1.7799641063796765, 1.7798840355483836, 0.0, 2.499635857480045, 2.4953560267024018, 5.3890384541214775, 6.780638935970562, 7.99413883604732, 7.688060116180154, 6.866649242534527, 7.2646638552654315, 7.408306132983436, 11.134382383410406, 9.660518235063789, 7.862929430562123], [2.1495894142835748, 1.0940949730256508, 2.054549300941693, 3.0297594937552383, 3.25119408371755, 4.278029739260821, 4.547076679582169, 5.886893209495141, 4.28155100518492, 5.701159294389169, 6.881086581347455, 7.62829730936072, 7.533933798488012, 8.80947304496699, 8.784225935732756, 9.89391446395207, 9.989523120249535, 11.520492733386016, 9.032205674141837, 7.809140225402539, 7.698257053385526, 3.0629425166006627, 2.498603910186646, 2.499635857480045, 0.0, 1.7794981708335642, 3.894886902080727, 4.863896801948002, 6.618125211115305, 6.387904758995707, 5.950150742628291, 5.698058747503399, 5.98629230325416, 10.772255228131202, 9.367782475591541, 7.154575236168812], [2.149976992900157, 1.093928786530458, 2.074665344097693, 2.742934044048453, 3.561660232251246, 4.174932491669776, 4.943626605034, 6.16157068773864, 3.0408906606453314, 4.68408533654117, 5.6344327185618255, 6.291960990025288, 6.271319655383546, 7.367768261149369, 7.364298071778465, 8.440280632775192, 8.616614746523139, 10.13430620121575, 7.794295022643165, 6.623151376799417, 6.399894791322745, 2.5026651513936096, 3.0637687184250706, 2.4953560267024018, 1.7794981708335642, 0.0, 4.552775105361564, 5.431965666312702, 6.7298235229462, 6.900373002236908, 6.047724843277842, 4.816097950623512, 5.199430524586322, 9.26161810160622, 8.227820173654745, 6.139630201404641], [4.383073564292528, 3.751068107886072, 2.5184801150694045, 2.778968918501968, 3.5906374489775486, 2.075229960751338, 1.0939941727449922, 2.1488586877689277, 4.621691522592134, 5.353560232219303, 6.624533911151788, 7.828277602384831, 8.135917604056717, 8.89670001910821, 8.421959290450173, 9.344833259079586, 9.025227964433917, 10.422629866785062, 7.746705166714427, 6.628624294678346, 7.062064962884439, 4.642727347152749, 4.016986960397059, 5.3890384541214775, 3.894886902080727, 4.552775105361564, 0.0, 1.781068959922664, 3.063063624869715, 2.494492270984218, 2.5009460410012845, 5.675325649687426, 4.882767684418336, 10.393769128665502, 7.75407378672656, 5.629007401842707], [5.824350177487614, 4.85282327207575, 3.6211172709538144, 3.0094530217300286, 3.174191602597423, 2.0581422958580875, 1.0939561645696778, 2.1480839881159213, 4.811240672633203, 4.938155351950766, 6.261722231143761, 7.414115258073616, 7.646314214051107, 8.54064467999928, 8.155305429596122, 9.148773299191538, 8.925041652003648, 10.388130683621572, 7.693688300158773, 6.502194906337398, 6.812297857551444, 6.106216348934911, 5.620562171171136, 6.780638935970562, 4.863896801948002, 5.431965666312702, 1.781068959922664, 0.0, 2.4971024828789066, 2.497675761583156, 3.0619458747665673, 5.067635506821698, 4.275670723991735, 10.18044643716571, 7.793479983293728, 5.54931092388956