{"total energy": -52.94872508, "HOMO-LUMO gap/eV": 3.20111131, "electronic energy": -53.58941376, "dipole": [-0.04423515, 0.958854, 0.150743], "partial charges": [-0.38041044, 0.28138883, -0.17650335, 0.33937453, -0.42176425, -0.17874956, 0.28079562, -0.37722512, -0.02370185, -0.01071637, -0.10433312, -0.06784383, -0.05271219, -0.10190381, -0.04986267, -0.02690479, -0.08764483, 0.23331671, 0.23358086, 0.06364024, 0.04917083, 0.04517095, 0.0283097, 0.05321553, 0.0362134, 0.03557753, 0.03214641, 0.03224881, 0.03480093, 0.03307303, 0.04521049, 0.06238313, 0.04721191, 0.0438574, 0.04958932], "atomic dipole moments": [[-0.05577329, -0.00144901, 0.17732831], [-0.07893702, -0.04180325, 0.01679454], [0.04737665, -0.05269936, 0.0407805], [0.06726745, 0.06011444, -0.00914197], [0.15640331, 0.14535646, -0.02154523], [0.02390354, -0.04287444, -0.06810478], [-0.08047266, -0.04191178, 0.01137778], [-0.12889003, 0.03639643, -0.12982574], [-0.04440007, -0.00261148, 0.00927741], [-0.07148523, -0.05268213, 0.10462563], [-0.04859472, 0.10534953, 0.00599326], [0.02543625, -0.05180862, -0.12420579], [-0.092929, 0.03934835, -0.05617467], [-0.01244157, -0.04837055, 0.08925779], [0.05531618, -0.10076156, -0.07972981], [-0.04991973, -0.15191637, 0.08111781], [0.0215563, 0.06240602, 0.01015599], [-0.0646341, -0.06051916, -0.10349624], [-0.01494909, -0.08352317, 0.10583505], [0.01507522, 0.05241937, -0.11469173], [0.10943863, -0.00133072, -0.06469242], [0.0242051, -0.06390663, 0.10926559], [-0.07384109, -0.07819993, -0.07070662], [0.00624723, -0.04723132, 0.11664512], [-0.03922651, 0.11436291, 0.02360217], [0.06042491, -0.10950417, -0.002493], [0.06113649, 0.06212699, 0.08456333], [0.12128008, 0.02053286, -0.0206061], [-0.04131454, -0.06702059, -0.09850718], [-0.05748849, 0.1127828, -8.155e-05], [-0.12425115, 0.00157806, 0.02532979], [0.0397745, 0.04535138, 0.11553316], [-0.04801584, -0.0214635, -0.14547913], [0.05120468, 0.04235873, 0.13694841], [0.01321059, 0.09313046, -0.12046435]], "atomic quadrupole moments": [[-0.05498919, -0.12159757, 0.15905017, -0.00337283, -0.03944251, -0.10406099], [-0.07887625, -0.25842291, 0.40546063, 0.00440274, -0.12017575, -0.32658438], [0.00042393, 0.00120634, 0.00814502, -0.08992708, -0.06664043, -0.00856895], [0.04590335, -0.32845352, 0.08802275, -0.08314443, 0.1026316, -0.1339261], [0.04259661, -0.09434294, 0.06106504, -0.04764373, 0.04096138, -0.10366166], [0.0746742, 0.01636212, -0.02222302, 0.05839721, 0.06753107, -0.05245118], [-0.1533378, -0.12643854, 0.30271931, -0.1158861, 0.35421349, -0.14938151], [-0.06694373, -0.07113642, 0.11885326, -0.02835642, 0.1370905, -0.05190953], [-0.0620051, 0.00841003, -0.02008861, 0.00270809, 0.00525252, 0.08209371], [0.11949721, -0.01059538, 0.01697801, -0.01248005, 0.11926422, -0.13647523], [-0.05388243, -0.0887469, 0.17523066, 0.00223533, 0.0343005, -0.12134823], [0.15913567, 0.08338428, -0.12602215, 0.00833558, 0.10620226, -0.03311352], [0.06980987, 0.03846951, -0.14232464, -0.11940325, -0.134968, 0.07251477], [-0.09569016, 0.02108979, -0.04568921, -0.03024688, -0.14833215, 0.14137937], [-0.12577901, -0.05948198, 0.20758684, -0.06182851, -0.02961817, -0.08180783], [0.3566743, -0.33267088, -0.20734771, -0.23424629, -0.06779928, -0.14932658], [0.4593544, -0.34916694, -0.21517574, -0.19253281, 0.07339224, -0.24417866], [0.00550799, 0.03052847, -0.03682021, 0.01822765, -0.00334924, 0.03131222], [-0.0013652, 0.0270597, -0.03279835, 0.00388813, -0.0256686, 0.03416355], [-0.01268013, -0.00109916, -0.00205914, 0.00500591, -0.02116754, 0.01473927], [0.0486653, 0.01693052, -0.02353553, -0.05325856, -0.01504235, -0.02512977], [-0.04837945, -0.008574, -0.01965518, 0.00750509, -0.03333379, 0.06803463], [0.02885669, 0.03256931, -0.01299575, 0.05413755, 0.02981665, -0.01586094], [-0.01450974, 0.01449372, -0.00720322, -0.00189272, -0.04884062, 0.02171296], [0.01107915, -0.033203, 0.04113298, 0.00864266, -3.479e-05, -0.05221214], [-0.0270339, -0.02189344, 0.05006687, -0.01933779, 0.00839719, -0.02303297], [-0.01471309, 0.03237596, -0.00737016, 0.01137138, 0.03456144, 0.02208326], [0.07870631, 0.01726153, -0.04992747, -0.01087545, -0.01152818, -0.02877884], [-0.02955087, 0.0361524, 0.00919735, 0.03534512, 0.04168342, 0.02035351], [-0.01775297, -0.05687264, 0.04633212, -0.01087924, 0.00696126, -0.02857915], [0.05810017, 0.02560453, -0.01614658, -0.00197903, -0.00578432, -0.04195359], [-0.00877976, 0.0153382, -0.00652899, 0.04832203, 0.0099508, 0.01530874], [-0.04067826, 0.04337047, 0.03447429, 0.01580865, 0.00228065, 0.00620397], [-0.04085951, 0.02852457, 0.00403123, 0.02627814, 0.00215315, 0.03682828], [-0.04762705, 0.03106137, 0.02518042, 0.01676258, -0.02001367, 0.02244663]], "number of molecular orbitals": 86, "number of electrons": 94, "number of unpaired electrons": 0, "orbital energies/eV": [-20.63849418, -20.30505281, -20.22672666, -19.80568963, -19.40761914, -18.70379859, -18.24870074, -18.10946873, -17.63453006, -17.20634337, -17.04950797, -16.93472265, -16.78282592, -16.57096477, -16.34829131, -16.09048441, -15.73518699, -15.71690463, -15.64603024, -15.52257995, -15.35221186, -15.2136798, -14.93539029, -14.8652744, -14.58341011, -14.48523857, -14.2345067, -13.97634468, -13.86252517, -13.66993621, -13.2303471, -13.19511837, -13.1220976, -12.98740452, -12.95626567, -12.75983345, -12.53919918, -12.49051021, -12.41432155, -12.30853555, -12.2278869, -12.10286615, -11.80346174, -11.74495849, -11.54326586, -11.39112374, -11.30206472, -8.10095341, -7.17438352, -6.27237165, -5.90283012, -0.71009229, -0.17779898, 0.29536718, 0.98041613, 1.2551927, 2.14049014, 2.54667422, 2.75794969, 3.03515088, 3.40859806, 3.45143532, 3.53376717, 3.68923071, 3.88695121, 4.1179523, 4.26886612, 4.31296712, 4.53658966, 4.7717424, 5.26831363, 5.367414, 5.54239537, 6.26234702, 6.38663182, 7.09892015, 7.2654085, 7.63754473, 7.69522654, 7.95259254, 10.57279203, 11.16611625, 14.08775254, 14.20620718, 14.75755788, 16.21969429], "fractional occupation": [2.0, 2.0, 2.0, 2.0, 2.0, 2.0, 2.0, 2.0, 2.0, 2.0, 2.0, 2.0, 2.0, 2.0, 2.0, 2.0, 2.0, 2.0, 2.0, 2.0, 2.0, 2.0, 2.0, 2.0, 2.0, 2.0, 2.0, 2.0, 2.0, 2.0, 2.0, 2.0, 2.0, 2.0, 2.0, 2.0, 2.0, 2.0, 2.0, 2.0, 2.0, 2.0, 2.0, 2.0, 2.0, 2.0, 2.0, 0.0, 0.0, 0.0, 0.0, 0.0, 0.0, 0.0, 0.0, 0.0, 0.0, 0.0, 0.0, 0.0, 0.0, 0.0, 0.0, 0.0, 0.0, 0.0, 0.0, 0.0, 0.0, 0.0, 0.0, 0.0, 0.0, 0.0, 0.0, 0.0, 0.0, 0.0, 0.0, 0.0, 0.0, 0.0, 0.0, 0.0, 0.0, 0.0], "program call": "xtb /home/svss/Project-DBcg-Debug/aqme2_20220329/End-to-End-workflows-final/example-3/QDESCP/mol_426_rdkit_conf_11/mol_426_rdkit_conf_11.xyz --pop --wbo --acc 0.2 --gfn 2 --chrg 0 --uhf 0 --etemp 300 --input /home/svss/Project-DBcg-Debug/aqme2_20220329/End-to-End-workflows-final/example-3/QDESCP/mol_426_rdkit_conf_11/mol_426_rdkit_conf_11_xtb.inp", "method": "GFN2-xTB", "xtb version": "6.3.3 (7355c4f)", "Dipole module/D": 2.47, "Total charge": 0, "Transition dipole module/D": NaN, "HOMO": -11.3021, "LUMO": -8.101, "HOMO occupancy": 2.0, "LUMO occupancy": 0, "mulliken charges": [-0.50608, 0.47468, -0.32687, 0.57512, -0.53553, -0.32823, 0.47573, -0.50385, -0.05859, 0.00409, -0.09466, -0.05704, -0.03701, -0.08703, -0.03647, -0.02272, -0.06984, 0.28017, 0.27987, 0.04253, 0.03914, 0.04079, 0.03561, 0.04392, 0.02146, 0.02644, 0.02704, 0.03065, 0.02997, 0.02598, 0.03831, 0.05173, 0.04338, 0.03448, 0.04284], "cm5 charges": [-0.55336, 0.57306, -0.67067, 0.74289, -0.57271, -0.67155, 0.57441, -0.55249, -0.05887, -0.05905, -0.24128, -0.16515, -0.14995, -0.23773, -0.13303, -0.08633, -0.17247, 0.48311, 0.48288, 0.10755, 0.09149, 0.09635, 0.09146, 0.10461, 0.07953, 0.0816, 0.08125, 0.08144, 0.0819, 0.07759, 0.09973, 0.1101, 0.10129, 0.08736, 0.09503], "FUKUI+": [-0.131, -0.049, -0.031, -0.048, -0.135, -0.031, -0.051, -0.136, -0.005, 0.007, 0.014, 0.005, 0.006, 0.008, -0.002, -0.01, -0.027, -0.044, -0.045, -0.019, -0.033, -0.01, 0.001, -0.003, -0.006, -0.012, -0.02, -0.021, -0.0, -0.003, -0.022, -0.035, -0.023, -0.041, -0.05], "FUKUI-": [-0.046, -0.001, -0.017, -0.001, -0.076, -0.022, -0.005, -0.064, -0.01, -0.003, 0.017, 0.004, 0.007, 0.014, 0.011, -0.018, -0.024, -0.027, -0.027, -0.054, -0.036, -0.045, -0.037, -0.05, -0.034, -0.06, -0.075, -0.044, -0.05, -0.041, -0.041, -0.024, -0.036, -0.038, -0.048], "FUKUIrad": [-0.089, -0.025, -0.024, -0.024, -0.105, -0.027, -0.028, -0.1, -0.007, 0.002, 0.016, 0.004, 0.006, 0.011, 0.005, -0.014, -0.025, -0.035, -0.036, -0.037, -0.034, -0.027, -0.018, -0.027, -0.02, -0.036, -0.047, -0.032, -0.025, -0.022, -0.032, -0.03, -0.029, -0.04, -0.049], "s proportion": [1.73, 1.016, 1.432, 0.938, 1.72, 1.433, 1.015, 1.729, 1.115, 1.062, 1.014, 1.037, 1.028, 1.008, 1.039, 1.07, 1.052, 0.72, 0.72, 0.957, 0.961, 0.959, 0.964, 0.956, 0.979, 0.974, 0.973, 0.969, 0.97, 0.974, 0.962, 0.948, 0.957, 0.966, 0.957], "p proportion": [4.776, 2.51, 3.895, 2.487, 4.815, 3.895, 2.509, 4.775, 2.943, 2.934, 3.081, 3.02, 3.009, 3.079, 2.997, 2.953, 3.017, 0.0, 0.0, 0.0, 0.0, 0.0, 0.0, 0.0, 0.0, 0.0, 0.0, 0.0, 0.0, 0.0, 0.0, 0.0, 0.0, 0.0, 0.0], "d proportion": [0.0, 0.0, 0.0, 0.0, 0.0, 0.0, 0.0, 0.0, 0.0, 0.0, 0.0, 0.0, 0.0, 0.0, 0.0, 0.0, 0.0, 0.0, 0.0, 0.0, 0.0, 0.0, 0.0, 0.0, 0.0, 0.0, 0.0, 0.0, 0.0, 0.0, 0.0, 0.0, 0.0, 0.0, 0.0], "Fermi-level/eV": -9.7015, "Coordination numbers": [0.859, 2.768, 2.696, 2.708, 0.86, 2.697, 2.768, 0.859, 3.895, 3.842, 3.748, 3.798, 3.798, 3.749, 3.81, 2.882, 2.834, 0.86, 0.86, 0.924, 0.924, 0.924, 0.924, 0.924, 0.924, 0.924, 0.924, 0.924, 0.924, 0.924, 0.923, 0.923, 0.925, 0.925, 0.925], "Dispersion coefficient C6": [21.293, 22.237, 24.821, 21.233, 22.119, 24.87, 22.248, 21.23, 20.942, 20.738, 22.56, 21.802, 21.524, 22.512, 21.461, 28.671, 30.187, 0.951, 0.95, 2.157, 2.33, 2.381, 2.611, 2.28, 2.5, 2.509, 2.556, 2.555, 2.519, 2.543, 2.381, 2.171, 2.355, 2.398, 2.325], "Total dispersion C6": 11636.190949, "Total dispersion C8": 260434.3685, "Polarizability alpha": [6.187, 7.723, 7.399, 7.542, 6.306, 7.407, 7.725, 6.178, 6.505, 6.478, 6.774, 6.648, 6.606, 6.767, 6.594, 8.778, 9.004, 1.528, 1.527, 2.297, 2.387, 2.413, 2.527, 2.361, 2.473, 2.477, 2.5, 2.5, 2.482, 2.494, 2.413, 2.304, 2.4, 2.422, 2.384], "Total polarizability alpha": 162.510201, "Wiberg matrix": [[0.0, 1.7525295018407507, 0.13162679330788762, 0.0, 0.0, 0.0, 0.0, 0.0, 0.0, 0.0, 0.0, 0.0, 0.0, 0.0, 0.0, 0.0, 0.0, 0.0, 0.0, 0.0, 0.0, 0.0, 0.0, 0.0, 0.0, 0.0, 0.0, 0.0, 0.0, 0.0, 0.0, 0.0, 0.0, 0.0, 0.0], [1.7525295018407507, 0.0, 1.1364026197820256, 0.0, 0.0, 0.0, 0.0, 0.0, 0.9478983411150863, 0.0, 0.0, 0.0, 0.0, 0.0, 0.0, 0.0, 0.0, 0.0, 0.0, 0.0, 0.0, 0.0, 0.0, 0.0, 0.0, 0.0, 0.0, 0.0, 0.0, 0.0, 0.0, 0.0, 0.0, 0.0, 0.0], [0.13162679330788762, 1.1364026197820256, 0.0, 1.1219983865023182, 0.1150098477331949, 0.0, 0.0, 0.0, 0.0, 0.0, 0.0, 0.0, 0.0, 0.0, 0.0, 0.0, 0.0, 0.9085225866856952, 0.0, 0.0, 0.0, 0.0, 0.0, 0.0, 0.0, 0.0, 0.0, 0.0, 0.0, 0.0, 0.0, 0.0, 0.0, 0.0, 0.0], [0.0, 0.0, 1.1219983865023182, 0.0, 1.6536166473885556, 1.121466659180503, 0.0, 0.0, 0.0, 0.0, 0.0, 0.0, 0.0, 0.0, 0.0, 0.0, 0.0, 0.0, 0.0, 0.0, 0.0, 0.0, 0.0, 0.0, 0.0, 0.0, 0.0, 0.0, 0.0, 0.0, 0.0, 0.0, 0.0, 0.0, 0.0], [0.0, 0.0, 0.1150098477331949, 1.6536166473885556, 0.0, 0.11509633147668212, 0.0, 0.0, 0.0, 0.0, 0.0, 0.0, 0.0, 0.0, 0.0, 0.0, 0.0, 0.0, 0.0, 0.0, 0.0, 0.0, 0.0, 0.0, 0.0, 0.0, 0.0, 0.0, 0.0, 0.0, 0.0, 0.0, 0.0, 0.0, 0.0], [0.0, 0.0, 0.0, 1.121466659180503, 0.11509633147668212, 0.0, 1.133356122804319, 0.13181913894861658, 0.0, 0.0, 0.0, 0.0, 0.0, 0.0, 0.0, 0.0, 0.0, 0.0, 0.9083135386955794, 0.0, 0.0, 0.0, 0.0, 0.0, 0.0, 0.0, 0.0, 0.0, 0.0, 0.0, 0.0, 0.0, 0.0, 0.0, 0.0], [0.0, 0.0, 0.0, 0.0, 0.0, 1.133356122804319, 0.0, 1.7540670702072612, 0.949564568570615, 0.0, 0.0, 0.0, 0.0, 0.0, 0.0, 0.0, 0.0, 0.0, 0.0, 0.0, 0.0, 0.0, 0.0, 0.0, 0.0, 0.0, 0.0, 0.0, 0.0, 0.0, 0.0, 0.0, 0.0, 0.0, 0.0], [0.0, 0.0, 0.0, 0.0, 0.0, 0.13181913894861658, 1.7540670702072612, 0.0, 0.0, 0.0, 0.0, 0.0, 0.0, 0.0, 0.0, 0.0, 0.0, 0.0, 0.0, 0.0, 0.0, 0.0, 0.0, 0.0, 0.0, 0.0, 0.0, 0.0, 0.0, 0.0, 0.0, 0.0, 0.0, 0.0, 0.0], [0.0, 0.9478983411150863, 0.0, 0.0, 0.0, 0.0, 0.949564568570615, 0.0, 0.0, 0.9566340799952924, 0.0, 0.0, 0.0, 0.0, 0.9158255523674358, 0.0, 0.0, 0.0, 0.0, 0.0, 0.0, 0.0, 0.0, 0.0, 0.0, 0.0, 0.0, 0.0, 0.0, 0.0, 0.0, 0.0, 0.0, 0.0, 0.0], [0.0, 0.0, 0.0, 0.0, 0.0, 0.0, 0.0, 0.0, 0.9566340799952924, 0.0, 1.008887822732713, 0.9948239959025957, 0.0, 0.0, 0.0, 0.0, 0.0, 0.0, 0.0, 0.9606844232145226, 0.0, 0.0, 0.0, 0.0, 0.0, 0.0, 0.0, 0.0, 0.0, 0.0, 0.0, 0.0, 0.0, 0.0, 0.0], [0.0, 0.0, 0.0, 0.0, 0.0, 0.0, 0.0, 0.0, 0.0, 1.008887822732713, 0.0, 0.0, 0.0, 0.0, 0.0, 0.0, 0.0, 0.0, 0.0, 0.0, 0.9825231428997948, 0.9858310876895442, 0.9852787142120882, 0.0, 0.0, 0.0, 0.0, 0.0, 0.0, 0.0, 0.0, 0.0, 0.0, 0.0, 0.0], [0.0, 0.0, 0.0, 0.0, 0.0, 0.0, 0.0, 0.0, 0.0, 0.9948239959025957, 0.0, 0.0, 1.005384242215806, 0.0, 0.0, 0.0, 0.0, 0.0, 0.0, 0.0, 0.0, 0.0, 0.0, 0.9735058010904631, 0.9731217812608404, 0.0, 0.0, 0.0, 0.0, 0.0, 0.0, 0.0, 0.0, 0.0, 0.0], [0.0, 0.0, 0.0, 0.0, 0.0, 0.0, 0.0, 0.0, 0.0, 0.0, 0.0, 1.005384242215806, 0.0, 1.0213345061308916, 0.0, 0.0, 0.0, 0.0, 0.0, 0.0, 0.0, 0.0, 0.0, 0.0, 0.0, 0.9760273415447779, 0.9769050463631741, 0.0, 0.0, 0.0, 0.0, 0.0, 0.0, 0.0, 0.0], [0.0, 0.0, 0.0, 0.0, 0.0, 0.0, 0.0, 0.0, 0.0, 0.0, 0.0, 0.0, 1.0213345061308916, 0.0, 0.0, 0.0, 0.0, 0.0, 0.0, 0.0, 0.0, 0.0, 0.0, 0.0, 0.0, 0.0, 0.0, 0.986859687678283, 0.9852477502916877, 0.9872151412184051, 0.0, 0.0, 0.0, 0.0, 0.0], [0.0, 0.0, 0.0, 0.0, 0.0, 0.0, 0.0, 0.0, 0.9158255523674358, 0.0, 0.0, 0.0, 0.0, 0.0, 0.0, 1.0205613445224058, 0.0, 0.0, 0.0, 0.0, 0.0, 0.0, 0.0, 0.0, 0.0, 0.0, 0.0, 0.0, 0.0, 0.0, 0.9586180618624429, 0.965808852655309, 0.0, 0.0, 0.0], [0.0, 0.0, 0.0, 0.0, 0.0, 0.0, 0.0, 0.0, 0.0, 0.0, 0.0, 0.0, 0.0, 0.0, 1.0205613445224058, 0.0, 1.9756475844358374, 0.0, 0.0, 0.0, 0.0, 0.0, 0.0, 0.0, 0.0, 0.0, 0.0, 0.0, 0.0, 0.0, 0.0, 0.0, 0.9658896339787942, 0.0, 0.0], [0.0, 0.0, 0.0, 0.0, 0.0, 0.0, 0.0, 0.0, 0.0, 0.0, 0.0, 0.0, 0.0, 0.0, 0.0, 1.9756475844358374, 0.0, 0.0, 0.0, 0.0, 0.0, 0.0, 0.0, 0.0, 0.0, 0.0, 0.0, 0.0, 0.0, 0.0, 0.0, 0.0, 0.0, 0.9747713571819099, 0.9760236072001929], [0.0, 0.0, 0.9085225866856952, 0.0, 0.0, 0.0, 0.0, 0.0, 0.0, 0.0, 0.0, 0.0, 0.0, 0.0, 0.0, 0.0, 0.0, 0.0, 0.0, 0.0, 0.0, 0.0, 0.0, 0.0, 0.0, 0.0, 0.0, 0.0, 0.0, 0.0, 0.0, 0.0, 0.0, 0.0, 0.0], [0.0, 0.0, 0.0, 0.0, 0.0, 0.9083135386955794, 0.0, 0.0, 0.0, 0.0, 0.0, 0.0, 0.0, 0.0, 0.0, 0.0, 0.0, 0.0, 0.0, 0.0, 0.0, 0.0, 0.0, 0.0, 0.0, 0.0, 0.0, 0.0, 0.0, 0.0, 0.0, 0.0, 0.0, 0.0, 0.0], [0.0, 0.0, 0.0, 0.0, 0.0, 0.0, 0.0, 0.0, 0.0, 0.9606844232145226, 0.0, 0.0, 0.0, 0.0, 0.0, 0.0, 0.0, 0.0, 0.0, 0.0, 0.0, 0.0, 0.0, 0.0, 0.0, 0.0, 0.0, 0.0, 0.0, 0.0, 0.0, 0.0, 0.0, 0.0, 0.0], [0.0, 0.0, 0.0, 0.0, 0.0, 0.0, 0.0, 0.0, 0.0, 0.0, 0.9825231428997948, 0.0, 0.0, 0.0, 0.0, 0.0, 0.0, 0.0, 0.0, 0.0, 0.0, 0.0, 0.0, 0.0, 0.0, 0.0, 0.0, 0.0, 0.0, 0.0, 0.0, 0.0, 0.0, 0.0, 0.0], [0.0, 0.0, 0.0, 0.0, 0.0, 0.0, 0.0, 0.0, 0.0, 0.0, 0.9858310876895442, 0.0, 0.0, 0.0, 0.0, 0.0, 0.0, 0.0, 0.0, 0.0, 0.0, 0.0, 0.0, 0.0, 0.0, 0.0, 0.0, 0.0, 0.0, 0.0, 0.0, 0.0, 0.0, 0.0, 0.0], [0.0, 0.0, 0.0, 0.0, 0.0, 0.0, 0.0, 0.0, 0.0, 0.0, 0.9852787142120882, 0.0, 0.0, 0.0, 0.0, 0.0, 0.0, 0.0, 0.0, 0.0, 0.0, 0.0, 0.0, 0.0, 0.0, 0.0, 0.0, 0.0, 0.0, 0.0, 0.0, 0.0, 0.0, 0.0, 0.0], [0.0, 0.0, 0.0, 0.0, 0.0, 0.0, 0.0, 0.0, 0.0, 0.0, 0.0, 0.9735058010904631, 0.0, 0.0, 0.0, 0.0, 0.0, 0.0, 0.0, 0.0, 0.0, 0.0, 0.0, 0.0, 0.0, 0.0, 0.0, 0.0, 0.0, 0.0, 0.0, 0.0, 0.0, 0.0, 0.0], [0.0, 0.0, 0.0, 0.0, 0.0, 0.0, 0.0, 0.0, 0.0, 0.0, 0.0, 0.9731217812608404, 0.0, 0.0, 0.0, 0.0, 0.0, 0.0, 0.0, 0.0, 0.0, 0.0, 0.0, 0.0, 0.0, 0.0, 0.0, 0.0, 0.0, 0.0, 0.0, 0.0, 0.0, 0.0, 0.0], [0.0, 0.0, 0.0, 0.0, 0.0, 0.0, 0.0, 0.0, 0.0, 0.0, 0.0, 0.0, 0.9760273415447779, 0.0, 0.0, 0.0, 0.0, 0.0, 0.0, 0.0, 0.0, 0.0, 0.0, 0.0, 0.0, 0.0, 0.0, 0.0, 0.0, 0.0, 0.0, 0.0, 0.0, 0.0, 0.0], [0.0, 0.0, 0.0, 0.0, 0.0, 0.0, 0.0, 0.0, 0.0, 0.0, 0.0, 0.0, 0.9769050463631741, 0.0, 0.0, 0.0, 0.0, 0.0, 0.0, 0.0, 0.0, 0.0, 0.0, 0.0, 0.0, 0.0, 0.0, 0.0, 0.0, 0.0, 0.0, 0.0, 0.0, 0.0, 0.0], [0.0, 0.0, 0.0, 0.0, 0.0, 0.0, 0.0, 0.0, 0.0, 0.0, 0.0, 0.0, 0.0, 0.986859687678283, 0.0, 0.0, 0.0, 0.0, 0.0, 0.0, 0.0, 0.0, 0.0, 0.0, 0.0, 0.0, 0.0, 0.0, 0.0, 0.0, 0.0, 0.0, 0.0, 0.0, 0.0], [0.0, 0.0, 0.0, 0.0, 0.0, 0.0, 0.0, 0.0, 0.0, 0.0, 0.0, 0.0, 0.0, 0.9852477502916877, 0.0, 0.0, 0.0, 0.0, 0.0, 0.0, 0.0, 0.0, 0.0, 0.0, 0.0, 0.0, 0.0, 0.0, 0.0, 0.0, 0.0, 0.0, 0.0, 0.0, 0.0], [0.0, 0.0, 0.0, 0.0, 0.0, 0.0, 0.0, 0.0, 0.0, 0.0, 0.0, 0.0, 0.0, 0.9872151412184051, 0.0, 0.0, 0.0, 0.0, 0.0, 0.0, 0.0, 0.0, 0.0, 0.0, 0.0, 0.0, 0.0, 0.0, 0.0, 0.0, 0.0, 0.0, 0.0, 0.0, 0.0], [0.0, 0.0, 0.0, 0.0, 0.0, 0.0, 0.0, 0.0, 0.0, 0.0, 0.0, 0.0, 0.0, 0.0, 0.9586180618624429, 0.0, 0.0, 0.0, 0.0, 0.0, 0.0, 0.0, 0.0, 0.0, 0.0, 0.0, 0.0, 0.0, 0.0, 0.0, 0.0, 0.0, 0.0, 0.0, 0.0], [0.0, 0.0, 0.0, 0.0, 0.0, 0.0, 0.0, 0.0, 0.0, 0.0, 0.0, 0.0, 0.0, 0.0, 0.965808852655309, 0.0, 0.0, 0.0, 0.0, 0.0, 0.0, 0.0, 0.0, 0.0, 0.0, 0.0, 0.0, 0.0, 0.0, 0.0, 0.0, 0.0, 0.0, 0.0, 0.0], [0.0, 0.0, 0.0, 0.0, 0.0, 0.0, 0.0, 0.0, 0.0, 0.0, 0.0, 0.0, 0.0, 0.0, 0.0, 0.9658896339787942, 0.0, 0.0, 0.0, 0.0, 0.0, 0.0, 0.0, 0.0, 0.0, 0.0, 0.0, 0.0, 0.0, 0.0, 0.0, 0.0, 0.0, 0.0, 0.0], [0.0, 0.0, 0.0, 0.0, 0.0, 0.0, 0.0, 0.0, 0.0, 0.0, 0.0, 0.0, 0.0, 0.0, 0.0, 0.0, 0.9747713571819099, 0.0, 0.0, 0.0, 0.0, 0.0, 0.0, 0.0, 0.0, 0.0, 0.0, 0.0, 0.0, 0.0, 0.0, 0.0, 0.0, 0.0, 0.0], [0.0, 0.0, 0.0, 0.0, 0.0, 0.0, 0.0, 0.0, 0.0, 0.0, 0.0, 0.0, 0.0, 0.0, 0.0, 0.0, 0.9760236072001929, 0.0, 0.0, 0.0, 0.0, 0.0, 0.0, 0.0, 0.0, 0.0, 0.0, 0.0, 0.0, 0.0, 0.0, 0.0, 0.0, 0.0, 0.0]], "Born radii": [], "Atomic SASAs": [], "Solvent H bonds": [], "Total SASA": NaN, "Total FOD": 0.0, "FOD": [0.0, 0.0, 0.0, 0.0, 0.0, 0.0, 0.0, 0.0, 0.0, 0.0, 0.0, 0.0, 0.0, 0.0, 0.0, 0.0, 0.0, 0.0, 0.0, 0.0, 0.0, 0.0, 0.0, 0.0, 0.0, 0.0, 0.0, 0.0, 0.0, 0.0, 0.0, 0.0, 0.0, 0.0, 0.0], "FOD s proportion": [0.0, 0.0, 0.0, 0.0, 0.0, 0.0, 0.0, 0.0, 0.0, 0.0, 0.0, 0.0, 0.0, 0.0, 0.0, 0.0, 0.0, 0.0, 0.0, 0.0, 0.0, 0.0, 0.0, 0.0, 0.0, 0.0, 0.0, 0.0, 0.0, 0.0, 0.0, 0.0, 0.0, 0.0, 0.0], "FOD p proportion": [0.0, 0.0, 0.0, 0.0, 0.0, 0.0, 0.0, 0.0, 0.0, 0.0, 0.0, 0.0, 0.0, 0.0, 0.0, 0.0, 0.0, 0.0, 0.0, 0.0, 0.0, 0.0, 0.0, 0.0, 0.0, 0.0, 0.0, 0.0, 0.0, 0.0, 0.0, 0.0, 0.0, 0.0, 0.0], "FOD d proportion": [0.0, 0.0, 0.0, 0.0, 0.0, 0.0, 0.0, 0.0, 0.0, 0.0, 0.0, 0.0, 0.0, 0.0, 0.0, 0.0, 0.0, 0.0, 0.0, 0.0, 0.0, 0.0, 0.0, 0.0, 0.0, 0.0, 0.0, 0.0, 0.0, 0.0, 0.0, 0.0, 0.0, 0.0, 0.0], "coordinates": [["-1.36510", "-0.99270", "-2.15380"], ["-1.71830", "-1.00060", "-0.97660"], ["-2.95080", "-1.49370", "-0.64760"], ["-3.23370", "-2.05950", "0.55450"], ["-4.12510", "-2.89260", "0.67690"], ["-2.42450", "-1.72790", "1.59440"], ["-1.14540", "-1.26800", "1.43520"], ["-0.31380", "-1.50060", "2.30760"], ["-0.88450", "-0.43350", "0.17900"], ["0.64130", "-0.40860", "-0.22090"], ["1.20060", "-1.83040", "-0.43070"], ["1.55070", "0.39100", "0.75010"], ["3.01690", "0.54100", "0.31950"], ["3.19470", "1.27240", "-1.00180"], ["-1.46630", "0.98470", "0.48400"], ["-1.27980", "2.01640", "-0.60110"], ["-0.71490", "3.21510", "-0.40880"], ["-3.47590", "-1.87730", "-1.42280"], ["-2.57130", "-2.28680", "2.42540"], ["0.70210", "0.08860", "-1.19770"], ["2.15130", "-1.79750", "-0.97250"], ["1.38030", "-2.34000", "0.52090"], ["0.52620", "-2.45510", "-1.02340"], ["1.55080", "-0.08110", "1.73790"], ["1.15320", "1.39890", "0.89710"], ["3.50760", "-0.43680", "0.27000"], ["3.54310", "1.10610", "1.09900"], ["4.25790", "1.45410", "-1.18950"], ["2.80790", "0.68690", "-1.84080"], ["2.68340", "2.24000", "-0.98790"], ["-2.54890", "0.91540", "0.66090"], ["-1.05280", "1.35470", "1.43190"], ["-1.64380", "1.77280", "-1.59890"], ["-0.33950", "3.52620", "0.56130"], ["-0.61380", "3.91840", "-1.23060"]], "bond_dist": [[0.0, 1.2290697661239576, 2.243676431662997, 3.4589907617685243, 4.386351844072702, 3.9638176850102473, 3.606241697390789, 4.6116465671167814, 2.446556118301806, 2.846562168651863, 3.2021291963317156, 4.341560841448615, 5.260358598042533, 5.220110923150963, 3.298233017844555, 3.387157538408865, 4.601452583695718, 2.402572537926795, 4.90904123938677, 2.5212403177801197, 3.795818974872221, 4.062814115856152, 2.6445100888444344, 4.947607124661375, 4.6227239004725345, 5.47056089811639, 6.251087626965407, 6.207643170318346, 4.509207708677878, 5.310369511625344, 3.6006616253127706, 4.297099316981166, 2.8343567083202497, 5.370668541252569, 5.053281422996348], [1.2290697661239576, 0.0, 1.3676420803704457, 2.4004111272863238, 3.4794270347285625, 2.763643379671118, 2.493290277925938, 3.60674228217099, 1.5337001695246695, 2.5474023337509917, 3.083269702766853, 3.950241062264429, 5.145728792892218, 5.413384619625693, 2.4775537229291316, 3.0717375376161287, 4.370507395028636, 2.0141636204638393, 3.7357092285133753, 2.6633771813244924, 3.950806320233884, 3.6929419938580135, 2.6749842504209256, 4.347528643953941, 4.184956892251102, 5.402028582856629, 6.035613490772914, 6.464197161287704, 4.907237953268621, 5.465947213429709, 2.653744262358376, 3.4338317649529655, 2.843335207111535, 4.975755630052585, 5.047870565892118], [2.243676431662997, 1.3676420803704457, 0.0, 1.3583837675708583, 2.2561475904736374, 2.3148229586730817, 2.765585921644815, 3.960684745091434, 2.465134335081965, 3.776598642959032, 4.17067554000548, 5.076333482938252, 6.378771808898638, 6.7486248302895016, 3.1026964675907314, 3.887827833122244, 5.21814830088222, 1.0118369483271503, 3.1963036245012764, 4.018701495508219, 5.121452807553732, 4.565089610292442, 3.6269883650213166, 5.28681866248503, 5.253194156891595, 6.60832489591727, 7.2097370832784184, 7.8069543446852565, 6.272269787724377, 6.767608840646746, 2.7708227424358998, 4.005010213470123, 3.6446183531338368, 5.786166512467473, 5.923874104840515], [3.4589907617685243, 2.4004111272863238, 1.3583837675708583, 0.0, 1.226226459509009, 1.3587329428552175, 2.400646085952696, 3.4513105959910355, 2.8815997102304127, 4.282795929063163, 4.548199901059759, 5.379004830821404, 6.774055329712033, 7.4059404439949414, 3.5207707465837648, 4.6654150276261594, 5.923994048781615, 2.000393203847684, 1.997675113725953, 4.8140482018775, 5.603445190237877, 4.622640501920952, 4.096720124685112, 5.310926695973123, 5.596677311584079, 6.939684519486458, 7.499501440095868, 8.456417179869971, 7.055572663505068, 7.475076616329761, 3.0545543062777587, 4.14522824582676, 4.674552049127274, 6.290984372099489, 6.766516565412369], [4.386351844072702, 3.4794270347285625, 2.2561475904736374, 1.226226459509009, 0.0, 2.2561854312090572, 3.477492795103967, 4.372968577522596, 4.098361328628797, 5.4492999366891155, 5.542393624599393, 6.557598099914327, 7.932559972669604, 8.587475224418409, 4.705303724521936, 5.816123888811173, 7.078997656448263, 2.4209574180476614, 2.416307167973476, 5.975243797536632, 6.581258339405922, 5.535262588170501, 4.97162126775562, 6.4223122051174055, 6.806314067099755, 8.028364126022186, 8.658467609225086, 9.62558771452424, 8.198665900010806, 8.687393973453718, 4.121350074914772, 5.296093803927571, 5.753440057044133, 7.452860132861745, 7.896676828894545], [3.9638176850102473, 2.763643379671118, 2.3148229586730817, 1.3587329428552175, 2.2561854312090572, 0.0, 1.368557437596245, 2.2395030743448423, 2.459761882784592, 3.799341550847989, 4.153659383001933, 4.583098814121293, 6.031758547886345, 6.878769015601557, 3.083720830425478, 4.488913101186077, 5.600784891423701, 3.198633795857225, 1.0121662165869791, 4.568492335552288, 5.247072079741234, 4.000446437586685, 4.011025700491086, 4.30529355328995, 4.802399693903039, 6.213757718160566, 6.624894483688023, 7.9075718757403655, 6.708939397550108, 6.96442001246335, 2.8060528327171603, 3.377926864217164, 4.8022450864153114, 5.746310766048073, 6.56810194652915], [3.606241697390789, 2.493290277925938, 2.765585921644815, 2.400646085952696, 3.477492795103967, 1.368557437596245, 0.0, 1.227494635426159, 1.5305219697867782, 2.5833181104927827, 3.0498512373556848, 3.238919298161039, 4.673543492897012, 5.588297519817641, 2.46625536796172, 3.866764074778806, 4.866605784322375, 3.7377320315934903, 2.012868671821388, 3.490813976710876, 4.116505852054629, 2.8921080512318347, 3.2012758284783898, 2.9613938171070733, 3.5616666295429726, 4.868161201110744, 5.26606242841841, 6.595038240222721, 5.493850280085907, 5.730374075922095, 2.7086137229217457, 2.624336285615851, 4.324422505953829, 4.939385554904578, 5.855581368233217], [4.6116465671167814, 3.60674228217099, 3.960684745091434, 3.4513105959910355, 4.372968577522596, 2.2395030743448423, 1.227494635426159, 0.0, 2.4485381067077556, 2.9151316025181435, 3.1465000063562685, 3.0790123513880223, 4.383404460005944, 5.563382928578618, 3.2909708749850703, 4.6650809950096255, 5.456879754951541, 4.9047592662637385, 2.393385370139961, 3.980544879787188, 4.1138696661416, 2.601319676625693, 3.565421609010637, 2.4116947360725405, 3.542414360291579, 4.459437426402572, 4.809498566378828, 6.469961467427762, 5.63377224424275, 5.816839042813545, 3.680264786669568, 3.0766393321284826, 5.2673323238618615, 5.321554511606547, 6.47876687649741], [2.446556118301806, 1.5337001695246695, 2.465134335081965, 2.8815997102304127, 4.098361328628797, 2.459761882784592, 1.5305219697867782, 2.4485381067077556, 0.0, 1.5775315084016546, 2.5827709364169325, 2.6336580074109848, 4.023718735200064, 4.576489494142863, 1.562948329280274, 2.6013127666622484, 3.6995344247621214, 3.371301772312885, 3.3654610516242793, 2.1645301707298974, 3.521722574252549, 2.9800934381324358, 2.742755331778611, 2.9129093806708095, 2.832945227144358, 4.393043853639524, 4.777071270140315, 5.64624687469473, 4.355307791649174, 4.608597212818669, 2.1959021335205264, 2.1899183866071357, 2.9334663096752958, 4.015271146510531, 4.582497600654037], [2.846562168651863, 2.5474023337509917, 3.776598642959032, 4.282795929063163, 5.4492999366891155, 3.799341550847989, 2.5833181104927827, 2.9151316025181435, 1.5775315084016546, 0.0, 1.542189278266452, 1.552162852280649, 2.6148131252538875, 3.1552206531398084, 2.62300336637222, 3.117018166453317, 3.873730313276855, 4.533539361249663, 4.566326498401095, 1.0977443782593468, 2.18495898588509, 2.196973873308465, 2.2012306807783686, 2.1843406190427355, 2.1860974040513383, 2.9081701703992495, 3.5294327221240525, 4.181821709494559, 2.918621561628023, 3.4312597351410163, 3.5648174258999576, 2.9514317779681103, 3.44660296088772, 4.1299463095783695, 4.617109387917942], [3.2021291963317156, 3.083269702766853, 4.17067554000548, 4.548199901059759, 5.542393624599393, 4.153659383001933, 3.0498512373556848, 3.1465000063562685, 2.5827709364169325, 1.542189278266452, 0.0, 2.539975710513784, 3.079818775512611, 3.732285875974669, 3.984196243911688, 4.580315552448324, 5.396914869626906, 4.780806863909062, 4.7531923777604455, 2.12587681910312, 1.0947420426748944, 1.0943156811450705, 1.093781852107631, 2.8081161817132854, 3.4919447432627, 2.7848429848018363, 4.055899479770178, 4.550912104183073, 3.3028161604909227, 4.367759590453669, 4.773862005755928, 4.3234190555623915, 4.736913851866001, 5.66119559545508, 6.081166730981811], [4.341560841448615, 3.950241062264429, 5.076333482938252, 5.379004830821404, 6.557598099914327, 4.583098814121293, 3.238919298161039, 3.0790123513880223, 2.6336580074109848, 1.552162852280649, 2.539975710513784, 0.0, 1.5354669648025647, 2.559053647347003, 3.0863534956320215, 3.532618978888043, 3.801517247100163, 5.927342310007075, 5.193084529448755, 2.146041136604795, 2.849140812595966, 2.745893260853378, 3.5064494449514023, 1.0948183684977157, 1.0933790102247252, 2.1783494806848602, 2.1454036869549746, 3.4958778024982515, 2.8949734817438313, 2.778930421942946, 4.1339656699106735, 2.8586327466115686, 4.199047807539229, 3.6657851164518633, 4.588113283257074], [5.260358598042533, 5.145728792892218, 6.378771808898638, 6.774055329712033, 7.932559972669604, 6.031758547886345, 4.673543492897012, 4.383404460005944, 4.023718735200064, 2.6148131252538875, 3.079818775512611, 1.5354669648025647, 0.0, 1.5206552830934432, 4.5081051651442205, 4.635292915232003, 4.648393587036279, 7.144244958006411, 6.607514426015277, 2.8044358862345202, 2.8083998308645444, 3.319515404392635, 4.121114183082046, 2.1326781707515083, 2.1314295343735856, 1.0951390687944613, 1.0971985690840105, 2.1565976931268382, 2.175284785953324, 2.169589364372899, 5.588815523883393, 4.296742898987557, 5.188421175078215, 4.49836717487579, 5.195346307995262], [5.220110923150963, 5.413384619625693, 6.7486248302895016, 7.4059404439949414, 8.587475224418409, 6.878769015601557, 5.588297519817641, 5.563382928578618, 4.576489494142863, 3.1552206531398084, 3.732285875974669, 2.559053647347003, 1.5206552830934432, 0.0, 4.900540167165248, 4.553597120958331, 4.405758101621105, 7.388826391924498, 7.593441938936518, 2.766371994146847, 3.242503363143977, 4.319733372559005, 4.58427912108327, 3.469917225237513, 2.7909757630620873, 2.1533105419330485, 2.135977268137468, 1.0948243786105607, 1.0937757951243938, 1.094472777185436, 5.990071890219683, 4.896011155011803, 4.9008173624406774, 4.473641211585927, 4.64309570114595], [3.298233017844555, 2.4775537229291316, 3.1026964675907314, 3.5207707465837648, 4.705303724521936, 3.083720830425478, 2.46625536796172, 3.2909708749850703, 1.562948329280274, 2.62300336637222, 3.984196243911688, 3.0863534956320215, 4.5081051651442205, 4.900540167165248, 0.0, 1.508850274215437, 2.5172163117221373, 3.983142277147529, 3.9614102551995294, 2.886705502818048, 4.790517597295724, 4.3769993442996995, 4.25141565246213, 3.4367262416433464, 2.684025614631872, 5.177464578343343, 5.048470196009876, 5.982257454339456, 4.874645168625097, 4.578458014441106, 1.0991446037714967, 1.0983608969733036, 2.2340725749178336, 2.781164464752129, 3.5033134458680686], [3.387157538408865, 3.0717375376161287, 3.887827833122244, 4.6654150276261594, 5.816123888811173, 4.488913101186077, 3.866764074778806, 4.6650809950096255, 2.6013127666622484, 3.117018166453317, 4.580315552448324, 3.532618978888043, 4.635292915232003, 4.553597120958331, 1.508850274215437, 0.0, 1.3390194136008635, 4.545211303118921, 5.417121444088179, 2.828475209366347, 5.143560865781604, 5.226206747728222, 4.840897183374173, 4.228796945941009, 2.9232513559391364, 5.449422373976897, 5.194165044547583, 5.597188324507226, 4.473669369767953, 3.9883035792176096, 2.1012995526578306, 2.1499918348682163, 1.0896980315665437, 2.124813848317071, 2.1112627145857523], [4.601452583695718, 4.370507395028636, 5.21814830088222, 5.923994048781615, 7.078997656448263, 5.600784891423701, 4.866605784322375, 5.456879754951541, 3.6995344247621214, 3.873730313276855, 5.396914869626906, 3.801517247100163, 4.648393587036279, 4.405758101621105, 2.5172163117221373, 1.3390194136008635, 0.0, 5.880803921233898, 6.461409614782211, 3.5221093764958518, 5.801639327810718, 6.009437672528104, 5.836885334662657, 4.539455013545128, 2.9144047179484187, 5.623757578345638, 4.985168586918601, 5.3328560199952895, 4.566458045356379, 3.582543748511663, 3.1299255869748728, 2.6388332762795, 2.0879230134274587, 1.08572665989189, 1.0863734808987193], [2.402572537926795, 2.0141636204638393, 1.0118369483271503, 2.000393203847684, 2.4209574180476614, 3.198633795857225, 3.7377320315934903, 4.9047592662637385, 3.371301772312885, 4.533539361249663, 4.780806863909062, 5.927342310007075, 7.144244958006411, 7.388826391924498, 3.983142277147529, 4.545211303118921, 5.880803921233898, 0.0, 3.9742464254245733, 4.622890526499627, 5.645752205862387, 5.251165529670532, 4.063271786381019, 6.203553160890942, 6.127315012303513, 7.328702773342633, 8.03283958510314, 8.424032127787738, 6.799704999483433, 7.421473828694675, 3.6055939843526477, 4.946367323602242, 4.087888407234229, 6.555262772765101, 6.466737642737643], [4.90904123938677, 3.7357092285133753, 3.1963036245012764, 1.997675113725953, 2.416307167973476, 1.0121662165869791, 2.012868671821388, 2.393385370139961, 3.3654610516242793, 4.566326498401095, 4.7531923777604455, 5.193084529448755, 6.607514426015277, 7.593441938936518, 3.9614102551995294, 5.417121444088179, 6.461409614782211, 3.9742464254245733, 0.0, 5.429965591972015, 5.8385006345807655, 4.386922959205005, 4.638647710270742, 4.725407617338424, 5.458203516725993, 6.709789443045139, 7.117372740695824, 8.584859198612405, 7.481921328776452, 7.730097490976423, 3.656233970905035, 4.068587807827182, 5.790992911409925, 6.499751460632936, 7.463420749897462], [2.5212403177801197, 2.6633771813244924, 4.018701495508219, 4.8140482018775, 5.975243797536632, 4.568492335552288, 3.490813976710876, 3.980544879787188, 2.1645301707298974, 1.0977443782593468, 2.12587681910312, 2.146041136604795, 2.8044358862345202, 2.766371994146847, 2.886705502818048, 2.828475209366347, 3.5221093764958518, 4.622890526499627, 5.429965591972015, 0.0, 2.3891983781176482, 3.051497855152449, 2.555725139759751, 3.0605288987362953, 2.511685557548954, 3.209520010842743, 3.7922840268102282, 3.8089855775521126, 2.2816516254678323, 2.9322495954471544, 3.834969778238155, 3.405507213323736, 2.915602491767353, 3.999513135370354, 4.0496966874075895], [3.795818974872221, 3.950806320233884, 5.121452807553732, 5.603445190237877, 6.581258339405922, 5.247072079741234, 4.116505852054629, 4.1138696661416, 3.521722574252549, 2.18495898588509, 1.0947420426748944, 2.849140812595966, 2.8083998308645444, 3.242503363143977, 4.790517597295724, 5.143560865781604, 5.801639327810718, 5.645752205862387, 5.8385006345807655, 2.3891983781176482, 0.0, 1.7660664794961711, 1.7538467949054157, 3.2638776585527833, 3.835176753423498, 2.2879817372522884, 3.8287220387486998, 3.8804323367377505, 2.7124365080126758, 4.072440769366695, 5.66742463646408, 5.097426900898139, 5.248066602092622, 6.0744060425691, 6.3548333125267735], [4.062814115856152, 3.6929419938580135, 4.565089610292442, 4.622640501920952, 5.535262588170501, 4.000446437586685, 2.8921080512318347, 2.601319676625693, 2.9800934381324358, 2.196973873308465, 1.0943156811450705, 2.745893260853378, 3.319515404392635, 4.319733372559005, 4.3769993442996995, 5.226206747728222, 6.009437672528104, 5.251165529670532, 4.386922959205005, 3.051497855152449, 1.7660664794961711, 0.0, 1.7685014305903177, 2.5715342618755828, 3.764634651596354, 2.865401601870146, 4.109441404862709, 5.059767260457737, 4.096070343634249, 4.995092296444581, 5.104492315598095, 4.516713927182017, 5.527554313618275, 6.113235365990745, 6.797923037222472], [2.6445100888444344, 2.6749842504209256, 3.6269883650213166, 4.096720124685112, 4.97162126775562, 4.011025700491086, 3.2012758284783898, 3.565421609010637, 2.742755331778611, 2.2012306807783686, 1.093781852107631, 3.5064494449514023, 4.121114183082046, 4.58427912108327, 4.25141565246213, 4.840897183374173, 5.836885334662657, 4.063271786381019, 4.638647710270742, 2.555725139759751, 1.7538467949054157, 1.7685014305903177, 0.0, 3.7829167120093987, 4.351409570472539, 3.825593340908048, 5.1272227189775945, 5.406941717829035, 3.9681811513588943, 5.167081971480615, 4.863473732837466, 4.799616144026521, 4.786986386026181, 6.24793247962876, 6.477965273911246], [4.947607124661375, 4.347528643953941, 5.28681866248503, 5.310926695973123, 6.4223122051174055, 4.30529355328995, 2.9613938171070733, 2.4116947360725405, 2.9129093806708095, 2.1843406190427355, 2.8081161817132854, 1.0948183684977157, 2.1326781707515083, 3.469917225237513, 3.4367262416433464, 4.228796945941009, 4.539455013545128, 6.203553160890942, 4.725407617338424, 3.0605288987362953, 3.2638776585527833, 2.5715342618755828, 3.7829167120093987, 0.0, 1.7479789472416423, 2.4719059731308555, 2.4055968781156998, 4.272575360365222, 3.870041097972992, 3.755033103715599, 4.3543634827607125, 2.988961458433347, 4.977614751063003, 4.239131389801453, 5.430790518883968], [4.6227239004725345, 4.184956892251102, 5.253194156891595, 5.596677311584079, 6.806314067099755, 4.802399693903039, 3.5616666295429726, 3.542414360291579, 2.832945227144358, 2.1860974040513383, 3.4919447432627, 1.0933790102247252, 2.1314295343735856, 2.7909757630620873, 2.684025614631872, 2.9232513559391364, 2.9144047179484187, 6.127315012303513, 5.458203516725993, 2.511685557548954, 3.835176753423498, 3.764634651596354, 4.351409570472539, 1.7479789472416423, 0.0, 3.0506144069678816, 2.41621966302735, 3.74113735246382, 3.2773575483916915, 2.5694719788314484, 3.741003488370467, 2.270330522192749, 3.7673632967899446, 2.620366428574447, 3.7412934314218123], [5.47056089811639, 5.402028582856629, 6.60832489591727, 6.939684519486458, 8.028364126022186, 6.213757718160566, 4.868161201110744, 4.459437426402572, 4.393043853639524, 2.9081701703992495, 2.7848429848018363, 2.1783494806848602, 1.0951390687944613, 2.1533105419330485, 5.177464578343343, 5.449422373976897, 5.623757578345638, 7.328702773342633, 6.709789443045139, 3.209520010842743, 2.2879817372522884, 2.865401601870146, 3.825593340908048, 2.4719059731308555, 3.0506144069678816, 0.0, 1.7518680486840328, 2.5037158684643113, 2.491537360747376, 3.070321854464121, 6.21791282505633, 5.035546844186835, 5.908641242282357, 5.530859164722964, 6.181060213264388], [6.251087626965407, 6.035613490772914, 7.2097370832784184, 7.499501440095868, 8.658467609225086, 6.624894483688023, 5.26606242841841, 4.809498566378828, 4.777071270140315, 3.5294327221240525, 4.055899479770178, 2.1454036869549746, 1.0971985690840105, 2.135977268137468, 5.048470196009876, 5.194165044547583, 4.985168586918601, 8.03283958510314, 7.117372740695824, 3.7922840268102282, 3.8287220387486998, 4.109441404862709, 5.1272227189775945, 2.4055968781156998, 2.41621966302735, 1.7518680486840328, 0.0, 2.422658723386354, 3.0591946195036366, 2.5258592419214496, 6.110708805040542, 4.614642042455731, 5.884478303979036, 4.606580951204483, 5.533162301975246], [6.207643170318346, 6.464197161287704, 7.8069543446852565, 8.456417179869971, 9.62558771452424, 7.9075718757403655, 6.595038240222721, 6.469961467427762, 5.64624687469473, 4.181821709494559, 4.550912104183073, 3.4958778024982515, 2.1565976931268382, 1.0948243786105607, 5.982257454339456, 5.597188324507226, 5.3328560199952895, 8.424032127787738, 8.584859198612405, 3.8089855775521126, 3.8804323367377505, 5.059767260457737, 5.406941717829035, 4.272575360365222, 3.74113735246382, 2.5037158684643113, 2.422658723386354, 0.0, 1.765017713792131, 1.7712514276635043, 7.074369518904142, 5.923272137087744, 5.924461236264442, 5.338069483436874, 5.459663413618096], [4.509207708677878, 4.907237953268621, 6.272269787724377, 7.055572663505068, 8.198665900010806, 6.708939397550108, 5.493850280085907, 5.63377224424275, 4.355307791649174, 2.918621561628023, 3.3028161604909227, 2.8949734817438313, 2.175284785953324, 1.0937757951243938, 4.874645168625097, 4.473669369767953, 4.566458045356379, 6.799704999483433, 7.481921328776452, 2.2816516254678323, 2.7124365080126758, 4.096070343634249, 3.9681811513588943, 3.870041097972992, 3.2773575483916915, 2.491537360747376, 3.0591946195036366, 1.765017713792131, 0.0, 1.7762483694573798, 5.916588660706438, 5.105049130028036, 4.5886084284889685, 4.872148977607314, 4.745836826103485], [5.310369511625344, 5.465947213429709, 6.767608840646746, 7.475076616329761, 8.687393973453718, 6.96442001246335, 5.730374075922095, 5.816839042813545, 4.608597212818669, 3.4312597351410163, 4.367759590453669, 2.778930421942946, 2.169589364372899, 1.094472777185436, 4.578458014441106, 3.9883035792176096, 3.582543748511663, 7.421473828694675, 7.730097490976423, 2.9322495954471544, 4.072440769366695, 4.995092296444581, 5.167081971480615, 3.755033103715599, 2.5694719788314484, 3.070321854464121, 2.5258592419214496, 1.7712514276635043, 1.7762483694573798, 0.0, 5.643586615796732, 4.538543661792844, 4.395026357145085, 3.6321144654319473, 3.707756422690142], [3.6006616253127706, 2.653744262358376, 2.7708227424358998, 3.0545543062777587, 4.121350074914772, 2.8060528327171603, 2.7086137229217457, 3.680264786669568, 2.1959021335205264, 3.5648174258999576, 4.773862005755928, 4.1339656699106735, 5.588815523883393, 5.990071890219683, 1.0991446037714967, 2.1012995526578306, 3.1299255869748728, 3.6055939843526477, 3.656233970905035, 3.834969778238155, 5.66742463646408, 5.104492315598095, 