{"total energy": -52.11851312, "HOMO-LUMO gap/eV": 1.72885609, "electronic energy": -52.74734785, "dipole": [0.14889808, -0.61971056, -0.45478154], "partial charges": [-0.1012469, -0.05289915, -0.0691115, -0.01084454, -0.10454452, -0.02173005, -0.04709694, -0.02725053, -0.08666157, 0.27648245, -0.38330705, -0.1393523, 0.19283821, -0.32831893, -0.14034674, 0.27601193, -0.38037808, 0.03623026, 0.03196099, 0.03385561, 0.03381906, 0.02904705, 0.0396068, 0.05804115, 0.06004951, 0.04207454, 0.02978496, 0.04853436, 0.06183059, 0.04045675, 0.04832987, 0.05003933, 0.04426758, 0.22980878, 0.23001902], "atomic dipole moments": [[-0.07700742, 0.03222065, 0.0620953], [0.01544568, 0.04397636, -0.10782779], [-0.05248891, -0.04775446, 0.11847604], [-0.00391451, 0.1194375, -0.05626438], [-0.04186211, -0.05951032, -0.08772057], [-0.02861928, 0.0175747, -0.02176379], [0.01647557, 0.0151037, 0.13651474], [0.00786577, 0.17769284, 0.02366944], [0.02045413, -0.050626, -0.03885152], [-0.05097348, 0.06453629, -0.00713317], [0.05074645, 0.12282827, -0.13001341], [0.0448596, 0.02238867, -0.00199266], [0.08310902, -0.10494131, 0.01531609], [0.1094169, -0.14156006, 0.0146178], [-0.01664854, -0.02088941, 0.04120112], [-0.05002194, 0.06580593, -0.00338676], [-0.17898733, -0.03635824, 0.04080222], [0.07926605, 0.09367194, -0.03077411], [-0.04469538, -0.05065426, -0.10584769], [0.06681421, -0.08851274, 0.05841213], [0.05389578, 0.03998599, 0.10417033], [-0.06887387, -0.0979144, 0.03016688], [-0.03033187, -0.04431892, -0.11232699], [0.08029176, 0.09629766, -0.02845365], [-0.04804633, -0.10697698, 0.0511604], [0.07519884, 0.10082285, -0.02552934], [-0.09371985, 0.04454041, 0.0747093], [0.06614076, -0.0721548, 0.08188755], [0.08561861, 0.01250968, -0.09719897], [-0.09568283, 0.05796774, -0.05842892], [-0.11295159, -0.04271583, 0.09659037], [-0.05467466, -0.1401101, 0.02734717], [0.11035453, 0.02180589, -0.10250638], [-0.11766719, 0.00975434, 0.07672557], [0.04793435, 0.12354137, -0.04703998]], "atomic quadrupole moments": [[0.07168387, -0.0933382, -0.08481573, -0.15268452, 0.06179538, 0.01313186], [0.03822175, -0.19975104, -0.02944991, -0.08308938, -0.05164866, -0.00877183], [0.05723923, -0.18929863, -0.05183025, -0.06269597, -0.06750791, -0.00540898], [0.04357621, -0.12607884, -0.10379137, 0.06117737, 0.06046112, 0.06021516], [-0.05966261, 0.03822342, -0.01917793, 0.07135074, 0.14705903, 0.07884054], [-0.02019157, 0.02889316, 0.0004563, -0.05724964, -0.02876476, 0.01973527], [-0.15070005, 0.06669746, 0.09415906, 0.07062573, 0.11489394, 0.05654099], [0.06353673, 0.0160545, -0.15471865, 0.45885783, -0.19436918, 0.09118192], [0.14693178, -0.08004672, -0.31533998, 0.47608132, -0.13323182, 0.1684082], [-0.07868451, 0.16084401, 0.00751285, 0.31551199, 0.28999354, 0.07117166], [-0.04532317, 0.0863908, -0.00713903, 0.12137265, 0.10716713, 0.05246221], [-0.07822995, -0.00316, 0.06422936, 0.07267825, -0.0245354, 0.01400059], [-0.09997637, 0.10686095, -0.11755082, 0.1474252, 0.15912453, 0.21752718], [-0.10745415, -0.41198069, 0.16164812, 0.29537785, 0.160089, -0.05419397], [0.06256116, -0.0559493, -0.07491092, 0.01979904, 0.0512659, 0.01234976], [-0.24205457, -0.032888, -0.19528979, 0.14390588, 0.22946137, 0.43734436], [-0.07694039, 0.00601629, -0.09678457, 0.05579105, 0.09662883, 0.17372496], [-0.00470267, 0.05262426, 0.04107334, -0.02294771, -0.01193791, -0.03637067], [-0.00528934, 0.01950927, -0.03530162, 0.03922022, 0.04112311, 0.04059097], [-0.01059434, -0.04960543, 0.01236748, 0.02219678, -0.04610328, -0.00177315], [-0.0119558, 0.00575479, -0.00877199, 0.02648632, 0.03703755, 0.02072779], [0.01313689, 0.03573228, 0.02414965, -0.01093936, -0.00944165, -0.03728654], [-0.00295473, 0.00103175, -0.01831013, 0.04244323, 0.03226697, 0.02126486], [-0.00133976, 0.0310651, 0.03740423, 0.00038558, -0.00436505, -0.03606447], [0.00582017, 0.01965992, 0.01381537, -0.00529383, -0.00601592, -0.01963554], [-0.01414093, 0.05405444, 0.02472279, -0.02648344, -0.03231737, -0.01058185], [0.05782552, -0.02796982, -0.03706437, -0.04012244, 0.02360755, -0.02076114], [-0.01333724, -0.04435757, 0.0265316, 0.03951996, -0.03293089, -0.01319436], [0.03480907, 0.00776344, -0.01827169, -0.04157817, 0.01520157, -0.01653738], [0.0297364, -0.04489005, 0.00552871, 0.01668488, -0.00207015, -0.03526511], [-0.01987417, -0.00800286, 0.03377915, -0.04473302, 0.02494098, -0.01390497], [-0.01735172, 0.01510941, 0.04196299, -0.04025342, 0.01267315, -0.02461127], [-0.00190113, 0.01077138, 0.01140297, -0.05269702, 0.00457115, -0.00950184], [0.01292496, -0.01040731, 0.01480688, -0.02784372, -0.0274416, -0.02773184], [0.01907984, -0.00810859, 0.01556154, -0.02559183, -0.02445397, -0.03464138]], "number of molecular orbitals": 91, "number of electrons": 94, "number of unpaired electrons": 0, "orbital energies/eV": [-20.37398976, -20.23793455, -20.23347307, -19.71688747, -19.33807259, -18.77586349, -18.36113898, -18.00774115, -17.657167, -17.2933704, -17.05913449, -16.96405771, -16.83718343, -16.48396771, -16.35381186, -16.11912599, -15.80295259, -15.70235334, -15.601404, -15.45074854, -15.26151108, -15.12256424, -14.88932524, -14.59370266, -14.46009958, -14.18850215, -14.11535022, -13.9893976, -13.78515248, -13.67502643, -13.54171207, -13.20235065, -12.99049639, -12.95039959, -12.79063017, -12.65082694, -12.51832158, -12.43975227, -12.27599535, -12.03285325, -11.97267838, -11.69465707, -11.62412727, -11.43877162, -11.41412154, -11.2874631, -10.41193873, -8.68308265, -7.20497506, -6.49054772, -6.08226892, -4.69662435, -1.39126018, -1.05711888, -0.14040379, -0.11229823, 0.06359872, 0.3461528, 0.92358363, 1.09424459, 1.29654907, 2.00760372, 2.46262742, 2.88887096, 3.07269619, 3.43060437, 3.48705904, 3.65951636, 3.82686368, 4.16161875, 4.31496219, 4.40951513, 4.56278824, 4.70289555, 4.77676783, 5.12199885, 5.57572595, 5.75535785, 6.15578682, 6.6864869, 6.81503579, 7.05603524, 7.43616934, 7.64071399, 8.23469602, 10.5933399, 11.59720084, 14.25311848, 14.73056518, 14.96139419, 15.9241196], "fractional occupation": [2.0, 2.0, 2.0, 2.0, 2.0, 2.0, 2.0, 2.0, 2.0, 2.0, 2.0, 2.0, 2.0, 2.0, 2.0, 2.0, 2.0, 2.0, 2.0, 2.0, 2.0, 2.0, 2.0, 2.0, 2.0, 2.0, 2.0, 2.0, 2.0, 2.0, 2.0, 2.0, 2.0, 2.0, 2.0, 2.0, 2.0, 2.0, 2.0, 2.0, 2.0, 2.0, 2.0, 2.0, 2.0, 2.0, 2.0, 0.0, 0.0, 0.0, 0.0, 0.0, 0.0, 0.0, 0.0, 0.0, 0.0, 0.0, 0.0, 0.0, 0.0, 0.0, 0.0, 0.0, 0.0, 0.0, 0.0, 0.0, 0.0, 0.0, 0.0, 0.0, 0.0, 0.0, 0.0, 0.0, 0.0, 0.0, 0.0, 0.0, 0.0, 0.0, 0.0, 0.0, 0.0, 0.0, 0.0, 0.0, 0.0, 0.0, 0.0], "program call": "xtb /home/svss/Project-DBcg-Debug/aqme2_20220329/End-to-End-workflows-final/example-3/QDESCP/mol_92_rdkit_conf_4/mol_92_rdkit_conf_4.xyz --pop --wbo --acc 0.2 --gfn 2 --chrg 0 --uhf 0 --etemp 300 --input /home/svss/Project-DBcg-Debug/aqme2_20220329/End-to-End-workflows-final/example-3/QDESCP/mol_92_rdkit_conf_4/mol_92_rdkit_conf_4_xtb.inp", "method": "GFN2-xTB", "xtb version": "6.3.3 (7355c4f)", "Dipole module/D": 1.99, "Total charge": 0, "Transition dipole module/D": NaN, "HOMO": -10.4119, "LUMO": -8.6831, "HOMO occupancy": 2.0, "LUMO occupancy": 0, "mulliken charges": [-0.0825, -0.03807, -0.05518, 0.00503, -0.09507, -0.05481, -0.03622, -0.02185, -0.07244, 0.4686, -0.51812, -0.30464, 0.32629, -0.25138, -0.30522, 0.46971, -0.51657, 0.03008, 0.02591, 0.02899, 0.02459, 0.02198, 0.02389, 0.04357, 0.04199, 0.03789, 0.0346, 0.03789, 0.05122, 0.03659, 0.04355, 0.04099, 0.03337, 0.26269, 0.26264], "cm5 charges": [-0.23306, -0.15123, -0.16322, -0.05794, -0.2417, -0.05517, -0.13292, -0.08543, -0.17497, 0.56642, -0.56519, -0.64895, 0.47633, -0.26065, -0.64893, 0.56775, -0.56462, 0.08139, 0.0772, 0.07977, 0.07994, 0.07685, 0.08256, 0.10428, 0.10629, 0.09293, 0.0901, 0.09003, 0.10987, 0.09742, 0.10162, 0.0932, 0.08627, 0.4619, 0.46185], "FUKUI+": [0.007, 0.003, 0.005, 0.006, 0.013, -0.003, -0.001, 0.001, -0.017, -0.038, -0.118, -0.029, -0.033, -0.303, -0.029, -0.038, -0.12, -0.007, -0.006, -0.016, -0.01, -0.008, -0.006, -0.005, -0.019, -0.007, 0.001, -0.03, -0.028, -0.01, -0.012, -0.037, -0.028, -0.039, -0.039], "FUKUI-": [0.015, 0.006, 0.007, 0.004, 0.012, -0.004, 0.01, -0.013, -0.019, -0.002, -0.049, -0.019, 0.019, -0.328, -0.02, -0.004, -0.052, -0.041, -0.04, -0.034, -0.061, -0.054, -0.037, -0.044, -0.024, -0.017, -0.018, -0.024, -0.018, -0.023, -0.025, -0.038, -0.028, -0.019, -0.019], "FUKUIrad": [0.011, 0.005, 0.006, 0.005, 0.012, -0.003, 0.004, -0.006, -0.018, -0.02, -0.084, -0.024, -0.007, -0.316, -0.024, -0.021, -0.086, -0.024, -0.023, -0.025, -0.035, -0.031, -0.021, -0.025, -0.022, -0.012, -0.009, -0.027, -0.023, -0.017, -0.019, -0.037, -0.028, -0.029, -0.029], "s proportion": [1.008, 1.028, 1.038, 1.063, 1.014, 1.114, 1.039, 1.071, 1.052, 1.013, 1.73, 1.427, 1.02, 1.926, 1.427, 1.012, 1.729, 0.97, 0.974, 0.971, 0.975, 0.978, 0.976, 0.956, 0.958, 0.962, 0.965, 0.962, 0.949, 0.963, 0.956, 0.959, 0.967, 0.737, 0.737], "p proportion": [3.075, 3.01, 3.018, 2.932, 3.081, 2.941, 2.997, 2.951, 3.021, 2.519, 4.788, 3.877, 2.654, 4.334, 3.878, 2.519, 4.787, 0.0, 0.0, 0.0, 0.0, 0.0, 0.0, 0.0, 0.0, 0.0, 0.0, 0.0, 0.0, 0.0, 0.0, 0.0, 0.0, 0.0, 0.0], "d proportion": [0.0, 0.0, 0.0, 0.0, 0.0, 0.0, 0.0, 0.0, 0.0, 0.0, 0.0, 0.0, 0.0, -0.009, 0.0, 0.0, 0.0, 0.0, 0.0, 0.0, 0.0, 0.0, 0.0, 0.0, 0.0, 0.0, 0.0, 0.0, 0.0, 0.0, 0.0, 0.0, 0.0, 0.0, 0.0], "Fermi-level/eV": -9.5475, "Coordination numbers": [3.75, 3.798, 3.8, 3.843, 3.749, 3.895, 3.811, 2.882, 2.834, 2.763, 0.859, 2.752, 2.819, 1.094, 2.753, 2.763, 0.859, 0.924, 0.924, 0.924, 0.924, 0.924, 0.924, 0.924, 0.923, 0.924, 0.924, 0.924, 0.923, 0.923, 0.925, 0.925, 0.925, 0.86, 0.86], "Dispersion coefficient C6": [22.498, 21.526, 21.824, 20.74, 22.563, 20.907, 21.409, 28.68, 30.161, 22.324, 21.349, 24.014, 23.887, 153.389, 24.035, 22.332, 21.292, 2.5, 2.559, 2.532, 2.533, 2.6, 2.454, 2.222, 2.199, 2.422, 2.59, 2.338, 2.178, 2.443, 2.341, 2.319, 2.393, 0.966, 0.965], "Total dispersion C6": 13380.392563, "Total dispersion C8": 332230.219457, "Polarizability alpha": [6.765, 6.606, 6.651, 6.478, 6.775, 6.5, 6.586, 8.78, 9.0, 7.738, 6.195, 7.278, 8.008, 20.945, 7.281, 7.739, 6.187, 2.473, 2.502, 2.489, 2.489, 2.522, 2.45, 2.331, 2.319, 2.434, 2.517, 2.391, 2.308, 2.444, 2.393, 2.382, 2.419, 1.54, 1.539], "Total polarizability alpha": 177.449516, "Wiberg matrix": [[0.0, 1.0197185756476612, 0.0, 0.0, 0.0, 0.0, 0.0, 0.0, 0.0, 0.0, 0.0, 0.0, 0.0, 0.0, 0.0, 0.0, 0.0, 0.9875025247109378, 0.9875251616974678, 0.9869721173218744, 0.0, 0.0, 0.0, 0.0, 0.0, 0.0, 0.0, 0.0, 0.0, 0.0, 0.0, 0.0, 0.0, 0.0, 0.0], [1.0197185756476612, 0.0, 1.0059789975507167, 0.0, 0.0, 0.0, 0.0, 0.0, 0.0, 0.0, 0.0, 0.0, 0.0, 0.0, 0.0, 0.0, 0.0, 0.0, 0.0, 0.0, 0.9759854251827041, 0.9777075368021187, 0.0, 0.0, 0.0, 0.0, 0.0, 0.0, 0.0, 0.0, 0.0, 0.0, 0.0, 0.0, 0.0], [0.0, 1.0059789975507167, 0.0, 0.9946295987382423, 0.0, 0.0, 0.0, 0.0, 0.0, 0.0, 0.0, 0.0, 0.0, 0.0, 0.0, 0.0, 0.0, 0.0, 0.0, 0.0, 0.0, 0.0, 0.9716925752286162, 0.9732891286489147, 0.0, 0.0, 0.0, 0.0, 0.0, 0.0, 0.0, 0.0, 0.0, 0.0, 0.0], [0.0, 0.0, 0.9946295987382423, 0.0, 1.0087454836881287, 0.9542600966192756, 0.0, 0.0, 0.0, 0.0, 0.0, 0.0, 0.0, 0.0, 0.0, 0.0, 0.0, 0.0, 0.0, 0.0, 0.0, 0.0, 0.0, 0.0, 0.9623831396281408, 0.0, 0.0, 0.0, 0.0, 0.0, 0.0, 0.0, 0.0, 0.0, 0.0], [0.0, 0.0, 0.0, 1.0087454836881287, 0.0, 0.0, 0.0, 0.0, 0.0, 0.0, 0.0, 0.0, 0.0, 0.0, 0.0, 0.0, 0.0, 0.0, 0.0, 0.0, 0.0, 0.0, 0.0, 0.0, 0.0, 0.9860781517981201, 0.9852347598272935, 0.9820182977410219, 0.0, 0.0, 0.0, 0.0, 0.0, 0.0, 0.0], [0.0, 0.0, 0.0, 0.9542600966192756, 0.0, 0.0, 0.9138691638654126, 0.0, 0.0, 0.9509122024566845, 0.0, 0.0, 0.0, 0.0, 0.0, 0.9519823837418631, 0.0, 0.0, 0.0, 0.0, 0.0, 0.0, 0.0, 0.0, 0.0, 0.0, 0.0, 0.0, 0.0, 0.0, 0.0, 0.0, 0.0, 0.0, 0.0], [0.0, 0.0, 0.0, 0.0, 0.0, 0.9138691638654126, 0.0, 1.0202473640867218, 0.0, 0.0, 0.0, 0.0, 0.0, 0.0, 0.0, 0.0, 0.0, 0.0, 0.0, 0.0, 0.0, 0.0, 0.0, 0.0, 0.0, 0.0, 0.0, 0.0, 0.964616201751594, 0.9598274601958044, 0.0, 0.0, 0.0, 0.0, 0.0], [0.0, 0.0, 0.0, 0.0, 0.0, 0.0, 1.0202473640867218, 0.0, 1.9757457484483356, 0.0, 0.0, 0.0, 0.0, 0.0, 0.0, 0.0, 0.0, 0.0, 0.0, 0.0, 0.0, 0.0, 0.0, 0.0, 0.0, 0.0, 0.0, 0.0, 0.0, 0.0, 0.9657864437697812, 0.0, 0.0, 0.0, 0.0], [0.0, 0.0, 0.0, 0.0, 0.0, 0.0, 0.0, 1.9757457484483356, 0.0, 0.0, 0.0, 0.0, 0.0, 0.0, 0.0, 0.0, 0.0, 0.0, 0.0, 0.0, 0.0, 0.0, 0.0, 0.0, 0.0, 0.0, 0.0, 0.0, 0.0, 0.0, 0.0, 0.9759730343282348, 0.9747795396206569, 0.0, 0.0], [0.0, 0.0, 0.0, 0.0, 0.0, 0.9509122024566845, 0.0, 0.0, 0.0, 0.0, 1.741052750499054, 1.1377786266205618, 0.0, 0.0, 0.0, 0.0, 0.0, 0.0, 0.0, 0.0, 0.0, 0.0, 0.0, 0.0, 0.0, 0.0, 0.0, 0.0, 0.0, 0.0, 0.0, 0.0, 0.0, 0.0, 0.0], [0.0, 0.0, 0.0, 0.0, 0.0, 0.0, 0.0, 0.0, 0.0, 1.741052750499054, 0.0, 0.12810192529607758, 0.0, 0.0, 0.0, 0.0, 0.0, 0.0, 0.0, 0.0, 0.0, 0.0, 0.0, 0.0, 0.0, 0.0, 0.0, 0.0, 0.0, 0.0, 0.0, 0.0, 0.0, 0.0, 0.0], [0.0, 0.0, 0.0, 0.0, 0.0, 0.0, 0.0, 0.0, 0.0, 1.1377786266205618, 0.12810192529607758, 0.0, 1.1867482276607029, 0.0, 0.0, 0.0, 0.0, 0.0, 0.0, 0.0, 0.0, 0.0, 0.0, 0.0, 0.0, 0.0, 0.0, 0.0, 0.0, 0.0, 0.0, 0.0, 0.0, 0.9110462560127084, 0.0], [0.0, 0.0, 0.0, 0.0, 0.0, 0.0, 0.0, 0.0, 0.0, 0.0, 0.0, 1.1867482276607029, 0.0, 1.5318025213906648, 1.187260960133688, 0.0, 0.0, 0.0, 0.0, 0.0, 0.0, 0.0, 0.0, 0.0, 0.0, 0.0, 0.0, 0.0, 0.0, 0.0, 0.0, 0.0, 0.0, 0.0, 0.0], [0.0, 0.0, 0.0, 0.0, 0.0, 0.0, 0.0, 0.0, 0.0, 0.0, 0.0, 0.0, 1.5318025213906648, 0.0, 0.0, 0.0, 0.0, 0.0, 0.0, 0.0, 0.0, 0.0, 0.0, 0.0, 0.0, 0.0, 0.0, 0.0, 0.0, 0.0, 0.0, 0.0, 0.0, 0.0, 0.0], [0.0, 0.0, 0.0, 0.0, 0.0, 0.0, 0.0, 0.0, 0.0, 0.0, 0.0, 0.0, 1.187260960133688, 0.0, 0.0, 1.136675417194877, 0.12909899612505196, 0.0, 0.0, 0.0, 0.0, 0.0, 0.0, 0.0, 0.0, 0.0, 0.0, 0.0, 0.0, 0.0, 0.0, 0.0, 0.0, 0.0, 0.9110561219594968], [0.0, 0.0, 0.0, 0.0, 0.0, 0.9519823837418631, 0.0, 0.0, 0.0, 0.0, 0.0, 0.0, 0.0, 0.0, 1.136675417194877, 0.0, 1.7417530773631673, 0.0, 0.0, 0.0, 0.0, 0.0, 0.0, 0.0, 0.0, 0.0, 0.0, 0.0, 0.0, 0.0, 0.0, 0.0, 0.0, 0.0, 0.0], [0.0, 0.0, 0.0, 0.0, 0.0, 0.0, 0.0, 0.0, 0.0, 0.0, 0.0, 0.0, 0.0, 0.0, 0.12909899612505196, 1.7417530773631673, 0.0, 0.0, 0.0, 0.0, 0.0, 0.0, 0.0, 0.0, 0.0, 0.0, 0.0, 0.0, 0.0, 0.0, 0.0, 0.0, 0.0, 0.0, 0.0], [0.9875025247109378, 0.0, 0.0, 0.0, 0.0, 0.0, 0.0, 0.0, 0.0, 0.0, 0.0, 0.0, 0.0, 0.0, 0.0, 0.0, 0.0, 0.0, 0.0, 0.0, 0.0, 0.0, 0.0, 0.0, 0.0, 0.0, 0.0, 0.0, 0.0, 0.0, 0.0, 0.0, 0.0, 0.0, 0.0], [0.9875251616974678, 0.0, 0.0, 0.0, 0.0, 0.0, 0.0, 0.0, 0.0, 0.0, 0.0, 0.0, 0.0, 0.0, 0.0, 0.0, 0.0, 0.0, 0.0, 0.0, 0.0, 0.0, 0.0, 0.0, 0.0, 0.0, 0.0, 0.0, 0.0, 0.0, 0.0, 0.0, 0.0, 0.0, 0.0], [0.9869721173218744, 0.0, 0.0, 0.0, 0.0, 0.0, 0.0, 0.0, 0.0, 0.0, 0.0, 0.0, 0.0, 0.0, 0.0, 0.0, 0.0, 0.0, 0.0, 0.0, 0.0, 0.0, 0.0, 0.0, 0.0, 0.0, 0.0, 0.0, 0.0, 0.0, 0.0, 0.0, 0.0, 0.0, 0.0], [0.0, 0.9759854251827041, 0.0, 0.0, 0.0, 0.0, 0.0, 0.0, 0.0, 0.0, 0.0, 0.0, 0.0, 0.0, 0.0, 0.0, 0.0, 0.0, 0.0, 0.0, 0.0, 0.0, 0.0, 0.0, 0.0, 0.0, 0.0, 0.0, 0.0, 0.0, 0.0, 0.0, 0.0, 0.0, 0.0], [0.0, 0.9777075368021187, 0.0, 0.0, 0.0, 0.0, 0.0, 0.0, 0.0, 0.0, 0.0, 0.0, 0.0, 0.0, 0.0, 0.0, 0.0, 0.0, 0.0, 0.0, 0.0, 0.0, 0.0, 0.0, 0.0, 0.0, 0.0, 0.0, 0.0, 0.0, 0.0, 0.0, 0.0, 0.0, 0.0], [0.0, 0.0, 0.9716925752286162, 0.0, 0.0, 0.0, 0.0, 0.0, 0.0, 0.0, 0.0, 0.0, 0.0, 0.0, 0.0, 0.0, 0.0, 0.0, 0.0, 0.0, 0.0, 0.0, 0.0, 0.0, 0.0, 0.0, 0.0, 0.0, 0.0, 0.0, 0.0, 0.0, 0.0, 0.0, 0.0], [0.0, 0.0, 0.9732891286489147, 0.0, 0.0, 0.0, 0.0, 0.0, 0.0, 0.0, 0.0, 0.0, 0.0, 0.0, 0.0, 0.0, 0.0, 0.0, 0.0, 0.0, 0.0, 0.0, 0.0, 0.0, 0.0, 0.0, 0.0, 0.0, 0.0, 0.0, 0.0, 0.0, 0.0, 0.0, 0.0], [0.0, 0.0, 0.0, 0.9623831396281408, 0.0, 0.0, 0.0, 0.0, 0.0, 0.0, 0.0, 0.0, 0.0, 0.0, 0.0, 0.0, 0.0, 0.0, 0.0, 0.0, 0.0, 0.0, 0.0, 0.0, 0.0, 0.0, 0.0, 0.0, 0.0, 0.0, 0.0, 0.0, 0.0, 0.0, 0.0], [0.0, 0.0, 0.0, 0.0, 0.9860781517981201, 0.0, 0.0, 0.0, 0.0, 0.0, 0.0, 0.0, 0.0, 0.0, 0.0, 0.0, 0.0, 0.0, 0.0, 0.0, 0.0, 0.0, 0.0, 0.0, 0.0, 0.0, 0.0, 0.0, 0.0, 0.0, 0.0, 0.0, 0.0, 0.0, 0.0], [0.0, 0.0, 0.0, 0.0, 0.9852347598272935, 0.0, 0.0, 0.0, 0.0, 0.0, 0.0, 0.0, 0.0, 0.0, 0.0, 0.0, 0.0, 0.0, 0.0, 0.0, 0.0, 0.0, 0.0, 0.0, 0.0, 0.0, 0.0, 0.0, 0.0, 0.0, 0.0, 0.0, 0.0, 0.0, 0.0], [0.0, 0.0, 0.0, 0.0, 0.9820182977410219, 0.0, 0.0, 0.0, 0.0, 0.0, 0.0, 0.0, 0.0, 0.0, 0.0, 0.0, 0.0, 0.0, 0.0, 0.0, 0.0, 0.0, 0.0, 0.0, 0.0, 0.0, 0.0, 0.0, 0.0, 0.0, 0.0, 0.0, 0.0, 0.0, 0.0], [0.0, 0.0, 0.0, 0.0, 0.0, 0.0, 0.964616201751594, 0.0, 0.0, 0.0, 0.0, 0.0, 0.0, 0.0, 0.0, 0.0, 0.0, 0.0, 0.0, 0.0, 0.0, 0.0, 0.0, 0.0, 0.0, 0.0, 0.0, 0.0, 0.0, 0.0, 0.0, 0.0, 0.0, 0.0, 0.0], [0.0, 0.0, 0.0, 0.0, 0.0, 0.0, 0.9598274601958044, 0.0, 0.0, 0.0, 0.0, 0.0, 0.0, 0.0, 0.0, 0.0, 0.0, 0.0, 0.0, 0.0, 0.0, 0.0, 0.0, 0.0, 0.0, 0.0, 0.0, 0.0, 0.0, 0.0, 0.0, 0.0, 0.0, 0.0, 0.0], [0.0, 0.0, 0.0, 0.0, 0.0, 0.0, 0.0, 0.9657864437697812, 0.0, 0.0, 0.0, 0.0, 0.0, 0.0, 0.0, 0.0, 0.0, 0.0, 0.0, 0.0, 0.0, 0.0, 0.0, 0.0, 0.0, 0.0, 0.0, 0.0, 0.0, 0.0, 0.0, 0.0, 0.0, 0.0, 0.0], [0.0, 0.0, 0.0, 0.0, 0.0, 0.0, 0.0, 0.0, 0.9759730343282348, 0.0, 0.0, 0.0, 0.0, 0.0, 0.0, 0.0, 0.0, 0.0, 0.0, 0.0, 0.0, 0.0, 0.0, 0.0, 0.0, 0.0, 0.0, 0.0, 0.0, 0.0, 0.0, 0.0, 0.0, 0.0, 0.0], [0.0, 0.0, 0.0, 0.0, 0.0, 0.0, 0.0, 0.0, 0.9747795396206569, 0.0, 0.0, 0.0, 0.0, 0.0, 0.0, 0.0, 0.0, 0.0, 0.0, 0.0, 0.0, 0.0, 0.0, 0.0, 0.0, 0.0, 0.0, 0.0, 0.0, 0.0, 0.0, 0.0, 0.0, 0.0, 0.0], [0.0, 0.0, 0.0, 0.0, 0.0, 0.0, 0.0, 0.0, 0.0, 0.0, 0.0, 0.9110462560127084, 0.0, 0.0, 0.0, 0.0, 0.0, 0.0, 0.0, 0.0, 0.0, 0.0, 0.0, 0.0, 0.0, 0.0, 0.0, 0.0, 0.0, 0.0, 0.0, 0.0, 0.0, 0.0, 0.0], [0.0, 0.0, 0.0, 0.0, 0.0, 0.0, 0.0, 0.0, 0.0, 0.0, 0.0, 0.0, 0.0, 0.0, 0.9110561219594968, 0.0, 0.0, 0.0, 0.0, 0.0, 0.0, 0.0, 0.0, 0.0, 0.0, 0.0, 0.0, 0.0, 0.0, 0.0, 0.0, 0.0, 0.0, 0.0, 0.0]], "Born radii": [], "Atomic SASAs": [], "Solvent H bonds": [], "Total SASA": NaN, "Total FOD": 0.0, "FOD": [0.0, 0.0, 0.0, 0.0, 0.0, 0.0, 0.0, 0.0, 0.0, 0.0, 0.0, 0.0, 0.0, 0.0, 0.0, 0.0, 0.0, 0.0, 0.0, 0.0, 0.0, 0.0, 0.0, 0.0, 0.0, 0.0, 0.0, 0.0, 0.0, 0.0, 0.0, 0.0, 0.0, 0.0, 0.0], "FOD s proportion": [0.0, 0.0, 0.0, 0.0, 0.0, 0.0, 0.0, 0.0, 0.0, 0.0, 0.0, 0.0, 0.0, 0.0, 0.0, 0.0, 0.0, 0.0, 0.0, 0.0, 0.0, 0.0, 0.0, 0.0, 0.0, 0.0, 0.0, 0.0, 0.0, 0.0, 0.0, 0.0, 0.0, 0.0, 0.0], "FOD p proportion": [0.0, 0.0, 0.0, 0.0, 0.0, 0.0, 0.0, 0.0, 0.0, 0.0, 0.0, 0.0, 0.0, 0.0, 0.0, 0.0, 0.0, 0.0, 0.0, 0.0, 0.0, 0.0, 0.0, 0.0, 0.0, 0.0, 0.0, 0.0, 0.0, 0.0, 0.0, 0.0, 0.0, 0.0, 0.0], "FOD d proportion": [0.0, 0.0, 0.0, 0.0, 0.0, 0.0, 0.0, 0.0, 0.0, 0.0, 0.0, 0.0, 0.0, 0.0, 0.0, 0.0, 0.0, 0.0, 0.0, 0.0, 0.0, 0.0, 0.0, 0.0, 0.0, 0.0, 0.0, 0.0, 0.0, 0.0, 0.0, 0.0, 0.0, 0.0, 0.0], "coordinates": [["3.49080", "-2.13700", "-0.08660"], ["2.36990", "-1.64980", "0.82000"], ["1.53260", "-0.56080", "0.13660"], ["0.31070", "-0.11530", "0.98190"], ["0.78680", "0.64980", "2.23400"], ["-0.78260", "0.69900", "0.19150"], ["-1.25710", "-0.00440", "-1.12210"], ["-1.70320", "-1.43810", "-0.97590"], ["-1.19230", "-2.45880", "-1.67610"], ["-2.03760", "0.85380", "1.05900"], ["-2.38300", "0.04830", "1.92150"], ["-2.84340", "1.92840", "0.78670"], ["-2.46170", "3.04250", "0.11100"], ["-3.47170", "4.35300", "-0.03590"], ["-1.20910", "3.05360", "-0.41400"], ["-0.26770", "2.06910", "-0.25370"], ["0.90060", "2.31160", "-0.54490"], ["4.16480", "-1.31640", "-0.35220"], ["3.09010", "-2.56630", "-1.01050"], ["4.07830", "-2.90950", "0.41930"], ["2.81250", "-1.26970", "1.74620"], ["1.73090", "-2.49980", "1.08540"], ["1.20730", "-0.95150", "-0.83070"], ["2.18380", "0.29390", "-0.07590"], ["-0.16990", "-1.03260", "1.35000"], ["1.41710", "1.50470", "1.96980"], ["-0.05220", "1.02310", "2.82860"], ["1.37020", "-0.00100", "2.89260"], ["-0.47000", "0.06690", "-1.88490"], ["-2.10830", "0.54370", "-1.55050"], ["-2.50160", "-1.64820", "-0.26470"], ["-1.55970", "-3.47040", "-1.52910"], ["-0.40100", "-2.31760", "-2.40600"], ["-3.70770", "1.97440", "1.31290"], ["-0.86640", "3.93120", "-0.78640"]], "bond_dist": [[0.0, 1.5217438056387813, 2.523642589591482, 3.916886410147734, 4.523610792276453, 5.136358940923035, 5.306863237355944, 5.315726827067019, 4.955955114808849, 6.38909152853518, 6.58099750341846, 7.577085171093169, 7.892941293332924, 9.518354728628262, 7.009891520558646, 5.64318366438662, 5.168096060446246, 1.094624922062347, 1.0947374982158964, 1.0944621098969116, 2.1380963542366374, 2.1453335055417373, 2.678332934868255, 2.760006938397076, 4.084635040000514, 4.668082212215205, 5.5711284359634, 4.234982054271304, 4.876371062583322, 6.378015091703688, 6.014939967281469, 5.419069298320515, 4.534130562742983, 8.407176247706479, 7.50319686000574], [1.5217438056387813, 0.0, 1.5342841490415, 2.5731705151427486, 3.129498645150689, 3.981222166621702, 4.431052083873535, 4.4564803724464, 4.424281303217507, 5.074563056066995, 5.165936920830529, 6.323220779001789, 6.77234958120149, 8.419647451645465, 6.037712195856971, 4.68401352047579, 4.440099600234211, 2.169533223990819, 2.1701130247063167, 2.1601007245033736, 1.0946310839730433, 1.0960192334078813, 2.136368914771042, 2.1483108969606795, 2.6669120495434417, 3.4900914214386987, 4.128611967719902, 2.830832437640914, 4.281188492696859, 5.521321195148856, 4.990800426785266, 4.926927169138996, 4.304755469245611, 7.093306549839786, 6.648437384077555], [2.523642589591482, 1.5342841490415, 0.0, 1.5511421437121744, 2.533940954323916, 2.6363347833687585, 3.110680430388181, 3.532380667481918, 3.783300847143933, 3.9494610974156967, 4.346124041027821, 5.076231146234379, 5.379484988360875, 7.015568770955068, 4.569897877414768, 3.210885888660636, 3.0190309720173456, 2.7817860521614524, 2.786337185266708, 3.475183372140238, 2.1752000781537317, 2.167778893245342, 1.0927652401133559, 1.0953217700748947, 2.1432314504038055, 2.7641007109003826, 3.5024554601022406, 2.816963933031447, 2.913910825677409, 4.162016274595763, 4.197409926371262, 4.56099199078446, 3.645541106612296, 5.938995270245633, 5.1754414304482275], [3.916886410147734, 2.5731705151427486, 1.5511421437121744, 0.0, 1.5426612168587113, 1.5757923530719395, 2.62623526173875, 3.104605271205987, 3.849151237610702, 2.541576697642627, 2.8575571402860866, 3.7633973401701817, 4.291429762911191, 5.942067947272228, 3.7815679367161974, 2.5754334159515753, 2.9272758428272523, 4.251652717473523, 4.2073891096498315, 4.724286418074162, 2.859335078300548, 2.777322548786871, 2.188296314487597, 2.1897235190772375, 1.0990510725166507, 2.19646702001191, 2.1995344643810424, 2.187779520427047, 2.9767820830554594, 3.5635504430272906, 3.436979089258472, 4.589140787772805, 4.102987763813098, 4.5413594495481195, 4.570187255463391], [4.523610792276453, 3.129498645150689, 2.533940954323916, 1.5426612168587113, 0.0, 2.5762847765726518, 3.983580306709029, 4.567590658104117, 5.372998490600942, 3.0658565458938223, 3.241464258633743, 4.111915282444423, 4.559045354018756, 6.0828413180026315, 4.095579965035477, 3.0520540673454657, 3.239878838783944, 4.686710667408433, 5.116177318076456, 5.176458715183576, 2.8330001023649825, 3.482899213299173, 3.4832984411330594, 2.722849944451585, 2.127721939070047, 1.0945015943341516, 1.0939940813368232, 1.0943720391164973, 4.34564792177185, 4.766057224792837, 4.726296673929811, 6.053348816977261, 5.634352811104396, 4.775303196656732, 4.756413812947734], [5.136358940923035, 3.981222166621702, 2.6363347833687585, 1.5757923530719395, 2.5762847765726518, 0.0, 1.5637988265758485, 2.603367728539324, 3.691542318598014, 1.5334745808131283, 2.444911174255621, 2.4723640589524836, 2.8840681874740755, 4.542541752147139, 2.4683341872607123, 1.5298689682453204, 2.4445707107792973, 5.369749864751616, 5.20622640498855, 6.058177440451871, 4.383790117010622, 4.165220390327503, 2.7800620676524472, 3.0058505834455578, 2.1716266023421245, 2.9411194246408967, 2.7555074632452, 3.524271421159273, 2.1928762231370924, 2.1945757175363076, 2.9448985177761218, 4.5769252921584815, 3.9990624363718057, 3.382365020218841, 3.377932457880116], [5.306863237355944, 4.431052083873535, 3.110680430388181, 2.62623526173875, 3.983580306709029, 1.5637988265758485, 0.0, 1.508600457377632, 2.516981207716895, 2.470401728464421, 3.245601494330442, 3.145724236165656, 3.5007422612925962, 5.00711677115683, 3.139279154519394, 2.4561012133053475, 3.217558877472175, 5.631260038392828, 5.047170891697645, 6.267536448238653, 5.137097735102964, 4.475290092273349, 2.656158829964805, 3.608782362515091, 2.889719275293017, 4.357588101232148, 4.256239038165033, 4.797971752730522, 1.0983960761036977, 1.0993096060710101, 2.23293382123161, 3.5029090424959652, 2.78068348792163, 3.981245383042849, 3.96916720988169], [5.315726827067019, 4.4564803724464, 3.532380667481918, 3.104605271205987, 4.567590658104117, 2.603367728539324, 1.508600457377632, 0.0, 1.3390770478206249, 3.0830904916982242, 3.3266258821815238, 3.967384157098982, 4.672520756508204, 6.1276448542649735, 4.5535958659064155, 3.8578083065388307, 4.585388263822378, 5.902307733420886, 4.924404257369616, 6.126772661850609, 5.275389413114448, 4.1435742288512225, 2.9544665931433376, 4.349550896357002, 2.8151820456233376, 5.203219428392387, 4.822605798735783, 5.14551612765911, 2.1475772954657533, 2.1028082199763247, 1.089674267843377, 2.111129029690038, 2.124719063782316, 4.571846666282674, 5.437419146985084], [4.955955114808849, 4.424281303217507, 3.783300847143933, 3.849151237610702, 5.372998490600942, 3.691542318598014, 2.516981207716895, 1.3390770478206249, 0.0, 4.378198586176739, 4.543791661157012, 5.295190165612563, 5.921942625524162, 7.367939986183384, 5.655062546957372, 4.835285444521348, 5.330718526615338, 5.635273673922145, 4.335150443756249, 5.689732507772224, 5.400418422678006, 4.021524771775004, 2.9571497442638917, 4.640694833750653, 3.498089394226511, 5.984219867284289, 5.806528886520758, 5.786208324974137, 2.6352372227182888, 3.1416297697214417, 2.0888726169874503, 1.086244134621679, 1.0857472726191857, 5.908859483859809, 6.459866631750226], [6.38909152853518, 5.074563056066995, 3.9494610974156967, 2.541576697642627, 3.0658565458938223, 1.5334745808131283, 2.470401728464421, 3.0830904916982242, 4.378198586176739, 0.0, 1.2296494053184428, 1.3704838889968753, 2.422596231318789, 3.936984818360365, 2.774033397419721, 2.5164819470840634, 3.6511224698714226, 6.720938865962105, 6.501786027700389, 7.2094296438761365, 5.3390042236357145, 5.044692475265465, 4.166467351366142, 4.40700623779908, 2.6704848342576297, 3.631553323303955, 2.6649502453141594, 3.9630635674942183, 3.4268248540011497, 2.6288116611883776, 2.868358710133724, 5.062149312298088, 4.9741795826045525, 2.027176257753627, 3.7745994966353713], [6.58099750341846, 5.165936920830529, 4.346124041027821, 2.8575571402860866, 3.241464258633743, 2.444911174255621, 3.245601494330442, 3.3266258821815238, 4.543791661157012, 1.2296494053184428, 0.0, 2.243772539719657, 3.4999053672920932, 4.85253794833178, 3.983017643696799, 3.6454933507002862, 4.689102772386206, 7.064403911159101, 6.737030560269116, 7.263166208341923, 5.3629352354843896, 4.910809508624825, 4.632975174766211, 4.99054990557153, 2.5283925071080238, 4.069913249689728, 2.6843423943305, 3.877109224667265, 4.260116890415098, 3.5179063731145543, 2.7697741153386497, 4.996570117590665, 5.315361047003298, 2.4155921137476835, 4.970886277113972], [7.577085171093169, 6.323220779001789, 5.076231146234379, 3.7633973401701817, 4.111915282444423, 2.4723640589524836, 3.145724236165656, 3.967384157098982, 5.295190165612563, 1.3704838889968753, 2.243772539719657, 0.0, 1.3577496786963346, 2.636307419478995, 2.3192007286994367, 2.7814491079291743, 3.9921844646759492, 7.8064516580838434, 7.657589580279162, 8.452821426009187, 6.567928796051309, 6.3735702255486295, 5.226660239579382, 5.356156163705462, 4.028949011839192, 4.441971133404629, 3.5748735837788725, 5.090365814948862, 4.029349373037786, 2.8142974149865543, 3.7435727266877024, 6.013140341784815, 5.846979309865907, 1.0129249379889904, 3.224031707350286], [7.892941293332924, 6.77234958120149, 5.379484988360875, 4.291429762911191, 4.559045354018756, 2.8840681874740755, 3.5007422612925962, 4.672520756508204, 5.921942625524162, 2.422596231318789, 3.4999053672920932, 1.3577496786963346, 0.0, 1.6610508300470515, 1.358217570936262, 2.4277869861254304, 3.5027818815906877, 7.945128425645491, 7.971128083903809, 8.848330514283472, 7.006149692948332, 7.017438236992186, 5.504579537984713, 5.40096323075801, 4.836724950831916, 4.567828337404986, 4.1556006028009955, 5.6288230048563435, 4.099351297461587, 3.0215021512486135, 4.705890881650359, 6.776532920306667, 6.269963755876105, 2.0341871152870867, 2.034722718210027], [9.518354728628262, 8.419647451645465, 7.015568770955068, 5.942067947272228, 6.0828413180026315, 4.542541752147139, 5.00711677115683, 6.1276448542649735, 7.367939986183384, 3.936984818360365, 4.85253794833178, 2.636307419478995, 1.6610508300470515, 0.0, 2.636429162712323, 3.9407171999523127, 4.852154392638387, 9.516211131537593, 9.585602583562496, 10.485876848885837, 8.618689305225013, 8.676706073735586, 7.117757251410026, 6.961506522298173, 6.467402060333036, 6.00300015159087, 5.566558587673357, 7.139847607617407, 5.549743876973062, 4.320143424702471, 6.083407342106889, 8.190908240238075, 7.716441981898134, 2.7445756320422285, 2.7438574270541096], [7.009891520558646, 6.037712195856971, 4.569897877414768, 3.7815679367161974, 4.095579965035477, 2.4683341872607123, 3.139279154519394, 4.5535958659064155, 5.655062546957372, 2.774033397419721, 3.983017643696799, 2.3192007286994367, 1.358217570936262, 2.636429162712323, 0.0, 1.3715576181845222, 2.2402082269289165, 6.926725088380511, 7.100859729638376, 8.01308612583192, 6.287340732774071, 6.460034978233478, 4.6961105033846895, 4.38657339047234, 4.570411696991859, 3.8702093082932865, 3.9969741830539762, 5.188157014778947, 3.4103068058460666, 2.898239275836279, 4.878500792251653, 6.627891396967817, 5.78540223752852, 3.22333029799926, 1.0130680184469354], [5.64318366438662, 4.68401352047579, 3.210885888660636, 2.5754334159515753, 3.0520540673454657, 1.5298689682453204, 2.4561012133053475, 3.8578083065388307, 4.835285444521348, 2.5164819470840634, 3.6454933507002862, 2.7814491079291743, 2.4277869861254304, 3.9407171999523127, 1.3715576181845222, 0.0, 1.2282217145124896, 5.57838406261168, 5.773603748093561, 6.642823417794574, 4.963347407748122, 5.163568337884181, 3.4106565878141413, 3.0319630818992502, 3.4931306044864683, 2.846234468556658, 3.2620744228174807, 4.106973838484974, 2.5904716887084485, 2.7196219884388344, 4.336905521221324, 5.829405579473777, 4.888077441080491, 3.7811114305188096, 2.027221593708986], [5.168096060446246, 4.440099600234211, 3.0190309720173456, 2.9272758428272523, 3.239878838783944, 2.4445707107792973, 3.217558877472175, 4.585388263822378, 5.330718526615338, 3.6511224698714226, 4.689102772386206, 3.9921844646759492, 3.5027818815906877, 4.852154392638387, 2.2402082269289165, 1.2282217145124896, 0.0, 4.884108816355344, 5.366991896770481, 6.1876767966660955, 4.661567387692685, 5.147508731415615, 3.289919169219815, 2.4367348091247027, 3.990023796921517, 2.6910176420826377, 3.7347774150543427, 4.169538244218417, 2.9517490492926393, 3.631828875373948, 5.228144309408454, 6.36028692198709, 5.156292118373434, 4.980115818934335, 2.409090162281188], [1.094624922062347, 2.169533223990819, 2.7817860521614524, 4.251652717473523, 4.686710667408433, 5.369749864751616, 5.631260038392828, 5.902307733420886, 5.635273673922145, 6.720938865962105, 7.064403911159101, 7.8064516580838434, 7.945128425645491, 9.516211131537593, 6.926725088380511, 5.57838406261168, 4.884108816355344, 0.0, 1.7749898563090436, 1.772191329964121, 2.496833742963275, 3.064473613852793, 3.018098823763065, 2.567833479803548, 4.665581568250628, 4.571667584153511, 5.777009424434064, 4.479820683911354, 5.073860386333072, 6.6518928516626, 6.675225572967553, 6.228539946086883, 5.1055876762621555, 8.693571124687482, 7.282774803603362], [1.0947374982158964, 2.1701130247063167, 2.786337185266708, 4.2073891096498315, 5.116177318076456, 5.20622640498855, 5.047170891697645, 4.924404257369616, 4.335150443756249, 6.501786027700389, 6.737030560269116, 7.657589580279162, 7.971128083903809, 9.585602583562496, 7.100859729638376, 5.773603748093561, 5.366991896770481, 1.7749898563090436, 0.0, 1.771624542616183, 3.059024061690264, 2.4989285103819996, 2.4869344422400848, 3.1425468795230405, 4.307179580653679, 5.3154640521783225, 6.123441063650405, 4.977249211160719, 4.513604946159998, 6.0816989863030875, 5.715438228167635, 4.765184446587561, 3.7678974441988204, 8.498601584378456, 7.610625421737691], [1.0944621098969116, 2.1601007245033736, 3.475183372140238, 4.724286418074162, 5.176458715183576, 6.058177440451871, 6.267536448238653, 6.126772661850609, 5.689732507772224, 7.2094296438761365, 7.263166208341923, 8.452821426009187, 8.848330514283472, 10.485876848885837, 8.01308612583192, 6.642823417794574, 6.1876767966660955, 1.772191329964121, 1.771624542616183, 0.0, 2.4600522941596177, 2.4742332266785194, 3.69308881561221, 3.754480636519517, 4.736682313603056, 5.382489882015571, 6.1912114727248655, 4.680853634755096, 5.903840063043713, 7.3538236204031975, 6.734524311337808, 5.991486908105533, 5.328864249537607, 9.234327055611578, 8.526367753621702], [2.1380963542366374, 1.0946310839730433, 2.1752000781537317, 2.859335078300548, 2.8330001023649825, 4.383790117010622, 5.137097735102964, 5.275389413114448, 5.400418422678006, 5.3390042236357145, 5.3629352354843896, 6.567928796051309, 7.006149692948332, 8.618689305225013, 6.287340732774071, 4.963347407748122, 4.661567387692685, 2.496833742963275, 3.059024061690264, 2.4600522941596177, 0.0, 1.7662562696279382, 3.052594288470055, 2.481966369635173, 3.01792985504965, 3.1135885213046373, 3.8255754717427806, 2.23697607050232, 5.074070655795009, 6.194426776546801, 5.694439381537045, 5.889550358049416, 5.354011720196362, 7.295542593940495, 6.855488952656842], [2.1453335055417373, 1.0960192334078813, 2.167778893245342, 2.777322548786871, 3.482899213299173, 4.165220390327503, 4.475290092273349, 4.1435742288512225, 4.021524771775004, 5.044692475265465, 4.910809508624825, 6.3735702255486295, 7.017438236992186, 8.676706073735586, 6.460034978233478, 5.163568337884181, 5.147508731415615, 3.064473613852793, 2.4989285103819996, 2.4742332266785194, 1.7662562696279382, 0.0, 2.518497381376443, 3.0591658650684503, 2.4157254893716713, 4.112986025991336, 4.316134411716114, 3.104847463241955, 4.500510169969623, 5.563300971545581, 4.52349962086878, 4.31343517048767, 4.09488319857844, 7.046175689691536, 7.183826524213959], [2.678332934868255, 2.136368914771042, 1.0927652401133559, 2.188296314487597, 3.4832984411330594, 2.7800620676524472, 2.656158829964805, 2.9544665931433376, 2.9571497442638917, 4.166467351366142, 4.632975174766211, 5.226660239579382, 5.504579537984713, 7.117757251410026, 4.6961105033846895, 3.4106565878141413, 3.289919169219815, 3.018098823763065, 2.4869344422400848, 3.69308881561221, 3.052594288470055, 2.518497381376443, 0.0, 1.7533671748952073, 2.580447546453909, 3.730916071154643, 4.344635991656838, 3.8461603645713995, 2.227512399516555, 3.707686399899538, 3.8159777384046674, 3.8064299244830457, 2.633330247044605, 6.108447983735312, 5.304993258242653], [2.760006938397076, 2.1483108969606795, 1.0953217700748947, 2.1897235190772375, 2.722849944451585, 3.0058505834455578, 3.608782362515091, 4.349550896357002, 4.640694833750653, 4.40700623779908, 4.99054990557153, 5.356156163705462, 5.40096323075801, 6.961506522298173, 4.38657339047234, 3.0319630818992502, 2.4367348091247027, 2.567833479803548, 3.1425468795230405, 3.754480636519517, 2.481966369635173, 3.0591658650684503, 1.7533671748952073, 0.0, 3.054946276123363, 2.4977497913121725, 3.7373184089665146, 3.0920710244106617, 3.219730491826917, 4.545213703446737, 5.075467565653434, 5.504138168687265, 4.350918213434953, 6.281927884017772, 4.79984182864394], [4.084635040000514, 2.6669120495434417, 2.1432314504038055, 1.0990510725166507, 2.127721939070047, 2.1716266023421245, 2.889719275293017, 2.8151820456233376, 3.498089394226511, 2.6704848342576297, 2.5283925071080238, 4.028949011839192, 4.836724950831916, 6.467402060333036, 4.570411696991859, 3.4931306044864683, 3.990023796921517, 4.665581568250628, 4.307179580653679, 4.736682313603056, 3.01792985504965, 2.4157254893716713, 2.580447546453909, 3.054946276123363, 0.0, 3.0562415365935984, 2.5349583310184802, 2.4115806704317397, 3.4298014913402786, 3.82818710357788, 2.902248152725745, 4.020401682668039, 3.97645171101071, 4.643215938334119, 5.4487271587041315], [4.668082212215205, 3.4900914214386987, 2.7641007109003826, 2.19646702001191, 1.0945015943341516, 2.9411194246408967, 4.357588101232148, 5.203219428392387, 5.984219867284289, 3.631553323303955, 4.069913249689728, 4.441971133404629, 4.567828337404986, 6.00300015159087, 3.8702093082932865, 2.846234468556658, 2.6910176420826377, 4.571667584153511, 5.3154640521783225, 5.382489882015571, 3.1135885213046373, 4.112986025991336, 3.730916071154643, 2.4977497913121725, 3.0562415365935984, 0.0, 1.7687053146298848, 1.7666046360179175, 4.526270798350448, 5.073901679181416, 5.503633195444624, 6.77165116201359, 6.087946331892225, 5.188035344906587, 4.324223969685197], [5.5711284359634, 4.128611967719902, 3.5024554601022406, 2.1995344643810424, 1.0939940813368232, 2.7555074632452, 4.256239038165033, 4.822605798735783, 5.806528886520758, 2.6649502453141594, 2.6843423943305, 3.5748735837788725, 4.1556006028009955, 5.566558587673357, 3.9969741830539762, 3.2620744228174807, 3.7347774150543427, 5.777009424434064, 6.123441063650405, 6.1912114727248655, 3.8255754717427806, 4.316134411716114, 4.344635991656838, 3.7373184089665146, 2.5349583310184802, 1.7687053146298848, 0.0, 1.7538810022347582, 4.827624418904188, 4.8614697756954115, 4.764861901461573, 6.438450729018589, 6.2195638986990085, 4.0700120921196286, 4.710434401411403], [4.234982054271304, 2.830832437640914, 2.816963933031447, 2.187779520427047, 1.0943720391164973, 3.524271421159273, 4.797971752730522, 5.14551612765911, 5.786208324974137, 3.9630635674942183, 3.877109224667265, 5.090365814948862, 5.6288230048563435, 7.139847607617407, 5.188157014778947, 4.106973838484974, 4.169538244218417, 4.479820683911354, 4.977249211160719, 4.680853634755096, 2.23697607050232, 3.104847463241955, 3.8461603645713995, 3.0920710244106617, 2.4115806704317397, 1.7666046360179175, 1.7538810022347582, 0.0, 5.120102801702325, 5.669020898709053, 5.260479671094642, 6.338176493282591, 6.048053154528324, 5.672982078237159, 5.830919087073666], [4.876371062583322, 4.281188492696859, 2.913910825677409, 2.9767820830554594, 4.34564792177185, 2.1928762231370924, 1.0983960761036977, 2.1475772954657533, 2.6352372227182888, 3.4268248540011497, 4.260116890415098, 4.029349373037786, 4.099351297461587, 5.549743876973062, 3.4103068058460666, 2.5904716887084485, 2.9517490492926393, 5.073860386333072, 4.513604946159998, 5.903840063043713, 5.074070655795009, 4.500510169969623, 2.227512399516555, 3.219730491826917, 3.4298014913402786, 4.526270798350448, 4.827624418904188, 5.120102801702325, 0.0, 1.7387318625941148, 3.1135212557488665, 3.718404364777989, 2.441750695709945, 4.934286410414377, 4.036910910584973], [6.378015091703688, 5.521321195148856, 4.162016274595763, 3.5635504430272906, 4.766057224792837, 2.1945757175363076, 1.0993096060710101, 2.1028082199763247, 3.1416297697214417, 2.6288116611883776, 3.5179063731145543, 2.8142974149865543, 3.0215021512486135, 4.320143424702471, 2.898239275836279, 2.7196219884388344, 3.631828875373948, 6.6518928516626, 6.0816989863030875, 7.3538236204031975, 6.194426776546801, 5.563300971545581, 3.707686399899538, 4.545213703446737, 3.82818710357788, 5.073901679181416, 4.8614697756954115, 5.669020898709053, 1.7387318625941148, 0.0, 2.571457201666013, 4.05147118094156, 3.440027794945849, 3.578273663374561, 3.687996837037689], [6.014939967281469, 4.990800426785266, 4.197409926371262, 3.436979089258472, 4.726296673929811, 2.9448985177761218, 2.23293382123161, 1.089674267843377, 2.0888726169874503, 2.868358710133724, 2.7697741153386497, 3.7435727266877024, 4.705890881650359, 6.083407342106889, 4.878500792251653, 4.336905521221324, 5.228144309408454, 6.675225572967553, 5.715438228167635, 6.734524311337808, 5.694439381537045, 4