{"total energy": -18.9859407, "HOMO-LUMO gap/eV": 13.5780729, "electronic energy": -19.26081813, "dipole": [0.0, 0.0, -0.0], "partial charges": [-0.05267922, -0.05266783, -0.05267766, -0.05267922, -0.05266783, -0.05267766, 0.0286693, 0.02401335, 0.02401594, 0.02865257, 0.02401857, 0.02865498, 0.0286693, 0.02401335, 0.02865257, 0.02401594, 0.02401857, 0.02865498], "atomic dipole moments": [[-0.07972036, -0.03468704, 0.0690999], [-0.02578826, -0.07864564, -0.07409628], [0.07063392, -0.06800562, 0.05211531], [0.07972036, 0.03468704, -0.0690999], [0.02578826, 0.07864564, 0.07409628], [-0.07063392, 0.06800562, -0.05211531], [0.00271065, 0.01905998, -0.12172982], [0.11279877, 0.02863203, 0.03894043], [0.02206168, 0.1162288, -0.03256609], [0.01347406, -0.0016573, 0.12250259], [-0.07939997, 0.07123905, 0.06068915], [-0.02034534, 0.02415948, -0.11915005], [-0.00271065, -0.01905998, 0.12172982], [-0.11279877, -0.02863203, -0.03894043], [-0.01347406, 0.0016573, -0.12250259], [-0.02206168, -0.1162288, 0.03256609], [0.07939997, -0.07123905, -0.06068915], [0.02034534, -0.02415948, 0.11915005]], "atomic quadrupole moments": [[-0.0487739, -0.06570355, 0.19496472, -0.10640699, 0.02208389, -0.14619082], [0.20510622, -0.05116089, -0.06680058, -0.01679625, 0.10615332, -0.13830564], [0.08171836, 0.12450047, 0.10427823, 0.06208043, -0.0400362, -0.18599659], [-0.0487739, -0.06570355, 0.19496472, -0.10640699, 0.02208389, -0.14619082], [0.20510622, -0.05116089, -0.06680058, -0.01679625, 0.10615332, -0.13830564], [0.08171836, 0.12450047, 0.10427823, 0.06208043, -0.0400362, -0.18599659], [-0.04550331, -0.01330553, -0.01108243, 0.01206189, -0.00598065, 0.05658574], [0.04046788, 0.01329272, -0.01774057, 0.0350823, 0.011119, -0.02272732], [-0.01862973, 0.01086879, 0.04527946, -0.0078602, -0.03214587, -0.02664973], [-0.00979604, -0.01032784, -0.04587865, 0.00344691, -0.01691569, 0.0556747], [0.00646257, -0.02323984, 0.00011153, -0.03448241, 0.03150324, -0.0065741], [-0.03064852, 0.02089634, -0.02694154, 0.00658311, -0.00900497, 0.05759006], [-0.04550331, -0.01330553, -0.01108243, 0.01206189, -0.00598065, 0.05658574], [0.04046788, 0.01329272, -0.01774057, 0.0350823, 0.011119, -0.02272732], [-0.00979604, -0.01032784, -0.04587865, 0.00344691, -0.01691569, 0.0556747], [-0.01862973, 0.01086879, 0.04527946, -0.0078602, -0.03214587, -0.02664973], [0.00646257, -0.02323984, 0.00011153, -0.03448241, 0.03150324, -0.0065741], [-0.03064852, 0.02089634, -0.02694154, 0.00658311, -0.00900497, 0.05759006]], "number of molecular orbitals": 36, "number of electrons": 36, "number of unpaired electrons": 0, "orbital energies/eV": [-17.08687997, -16.47111892, -16.47098471, -15.40931267, -15.40923295, -14.77292572, -14.10561054, -13.4582306, -13.45816391, -13.39821479, -12.74036681, -12.54725023, -12.54706395, -11.80156848, -11.80144569, -11.23603108, -11.1670661, -11.16660225, 2.41147066, 2.76115058, 2.76339715, 2.99630082, 2.99767161, 3.1489167, 3.76086041, 4.7297061, 4.73156231, 5.35782677, 5.35935788, 5.60364551, 6.60950527, 6.61053407, 7.76100407, 7.95538578, 8.15192426, 8.15279561], "fractional occupation": [2.0, 2.0, 2.0, 2.0, 2.0, 2.0, 2.0, 2.0, 2.0, 2.0, 2.0, 2.0, 2.0, 2.0, 2.0, 2.0, 2.0, 2.0, 0.0, 0.0, 0.0, 0.0, 0.0, 0.0, 0.0, 0.0, 0.0, 0.0, 0.0, 0.0, 0.0, 0.0, 0.0, 0.0, 0.0, 0.0], "program call": "xtb /home/svss/Project-DBcg-Debug/aqme2_20220329/End-to-End-workflows-final/example-3/QDESCP/mol_432_rdkit_conf_1/mol_432_rdkit_conf_1.xyz --pop --wbo --acc 0.2 --gfn 2 --chrg 0 --uhf 0 --etemp 300 --input /home/svss/Project-DBcg-Debug/aqme2_20220329/End-to-End-workflows-final/example-3/QDESCP/mol_432_rdkit_conf_1/mol_432_rdkit_conf_1_xtb.inp", "method": "GFN2-xTB", "xtb version": "6.3.3 (7355c4f)", "Dipole module/D": 0.0, "Total charge": 0, "Transition dipole module/D": NaN, "HOMO": -11.1666, "LUMO": 2.4115, "HOMO occupancy": 2.0, "LUMO occupancy": 0, "mulliken charges": [-0.04541, -0.0454, -0.04541, -0.04541, -0.0454, -0.04541, 0.02206, 0.02336, 0.02336, 0.02205, 0.02336, 0.02205, 0.02206, 0.02336, 0.02205, 0.02336, 0.02336, 0.02205], "cm5 charges": [-0.15492, -0.15491, -0.15491, -0.15492, -0.15491, -0.15491, 0.07736, 0.07757, 0.07757, 0.07734, 0.07757, 0.07734, 0.07736, 0.07757, 0.07734, 0.07757, 0.07757, 0.07734], "FUKUI+": [0.011, 0.011, 0.011, 0.011, 0.011, 0.011, -0.092, -0.086, -0.086, -0.092, -0.086, -0.092, -0.092, -0.086, -0.092, -0.086, -0.086, -0.092], "FUKUI-": [0.007, 0.007, 0.007, 0.007, 0.007, 0.007, -0.086, -0.088, -0.088, -0.086, -0.087, -0.086, -0.086, -0.088, -0.086, -0.088, -0.087, -0.086], "FUKUIrad": [0.009, 0.009, 0.009, 0.009, 0.009, 0.009, -0.089, -0.087, -0.087, -0.089, -0.087, -0.089, -0.089, -0.087, -0.089, -0.087, -0.087, -0.089], "s proportion": [1.028, 1.028, 1.028, 1.028, 1.028, 1.028, 0.978, 0.977, 0.977, 0.978, 0.977, 0.978, 0.978, 0.977, 0.978, 0.977, 0.977, 0.978], "p proportion": [3.018, 3.018, 3.018, 3.018, 3.018, 3.018, 0.0, 0.0, 0.0, 0.0, 0.0, 0.0, 0.0, 0.0, 0.0, 0.0, 0.0, 0.0], "d proportion": [0.0, 0.0, 0.0, 0.0, 0.0, 0.0, 0.0, 0.0, 0.0, 0.0, 0.0, 0.0, 0.0, 0.0, 0.0, 0.0, 0.0, 0.0], "Fermi-level/eV": -4.3776, "Coordination numbers": [3.803, 3.803, 3.803, 3.803, 3.803, 3.803, 0.924, 0.924, 0.924, 0.924, 0.924, 0.924, 0.924, 0.924, 0.924, 0.924, 0.924, 0.924], "Dispersion coefficient C6": [21.518, 21.518, 21.518, 21.518, 21.518, 21.518, 2.606, 2.673, 2.673, 2.606, 2.673, 2.606, 2.606, 2.673, 2.606, 2.673, 2.673, 2.606], "Total dispersion C6": 2233.045525, "Total dispersion C8": 47161.211943, "Polarizability alpha": [6.604, 6.604, 6.604, 6.604, 6.604, 6.604, 2.524, 2.557, 2.557, 2.524, 2.557, 2.524, 2.524, 2.557, 2.524, 2.557, 2.557, 2.524], "Total polarizability alpha": 70.113191, "Wiberg matrix": [[0.0, 1.0088180310108918, 0.0, 0.0, 0.0, 1.0087893626289883, 0.9780562045170378, 0.9777390062461357, 0.0, 0.0, 0.0, 0.0, 0.0, 0.0, 0.0, 0.0, 0.0, 0.0], [1.0088180310108918, 0.0, 1.0088089564711589, 0.0, 0.0, 0.0, 0.0, 0.0, 0.9777334893362772, 0.978050974839883, 0.0, 0.0, 0.0, 0.0, 0.0, 0.0, 0.0, 0.0], [0.0, 1.0088089564711589, 0.0, 1.0087893626289908, 0.0, 0.0, 0.0, 0.0, 0.0, 0.0, 0.9777431566827709, 0.9780564206445863, 0.0, 0.0, 0.0, 0.0, 0.0, 0.0], [0.0, 0.0, 1.0087893626289908, 0.0, 1.008818031010892, 0.0, 0.0, 0.0, 0.0, 0.0, 0.0, 0.0, 0.9780562045170383, 0.9777390062461362, 0.0, 0.0, 0.0, 0.0], [0.0, 0.0, 0.0, 1.008818031010892, 0.0, 1.0088089564711564, 0.0, 0.0, 0.0, 0.0, 0.0, 0.0, 0.0, 0.0, 0.9780509748398823, 0.9777334893362764, 0.0, 0.0], [1.0087893626289883, 0.0, 0.0, 0.0, 1.0088089564711564, 0.0, 0.0, 0.0, 0.0, 0.0, 0.0, 0.0, 0.0, 0.0, 0.0, 0.0, 0.9777431566827708, 0.9780564206445905], [0.9780562045170378, 0.0, 0.0, 0.0, 0.0, 0.0, 0.0, 0.0, 0.0, 0.0, 0.0, 0.0, 0.0, 0.0, 0.0, 0.0, 0.0, 0.0], [0.9777390062461357, 0.0, 0.0, 0.0, 0.0, 0.0, 0.0, 0.0, 0.0, 0.0, 0.0, 0.0, 0.0, 0.0, 0.0, 0.0, 0.0, 0.0], [0.0, 0.9777334893362772, 0.0, 0.0, 0.0, 0.0, 0.0, 0.0, 0.0, 0.0, 0.0, 0.0, 0.0, 0.0, 0.0, 0.0, 0.0, 0.0], [0.0, 0.978050974839883, 0.0, 0.0, 0.0, 0.0, 0.0, 0.0, 0.0, 0.0, 0.0, 0.0, 0.0, 0.0, 0.0, 0.0, 0.0, 0.0], [0.0, 0.0, 0.9777431566827709, 0.0, 0.0, 0.0, 0.0, 0.0, 0.0, 0.0, 0.0, 0.0, 0.0, 0.0, 0.0, 0.0, 0.0, 0.0], [0.0, 0.0, 0.9780564206445863, 0.0, 0.0, 0.0, 0.0, 0.0, 0.0, 0.0, 0.0, 0.0, 0.0, 0.0, 0.0, 0.0, 0.0, 0.0], [0.0, 0.0, 0.0, 0.9780562045170383, 0.0, 0.0, 0.0, 0.0, 0.0, 0.0, 0.0, 0.0, 0.0, 0.0, 0.0, 0.0, 0.0, 0.0], [0.0, 0.0, 0.0, 0.9777390062461362, 0.0, 0.0, 0.0, 0.0, 0.0, 0.0, 0.0, 0.0, 0.0, 0.0, 0.0, 0.0, 0.0, 0.0], [0.0, 0.0, 0.0, 0.0, 0.9780509748398823, 0.0, 0.0, 0.0, 0.0, 0.0, 0.0, 0.0, 0.0, 0.0, 0.0, 0.0, 0.0, 0.0], [0.0, 0.0, 0.0, 0.0, 0.9777334893362764, 0.0, 0.0, 0.0, 0.0, 0.0, 0.0, 0.0, 0.0, 0.0, 0.0, 0.0, 0.0, 0.0], [0.0, 0.0, 0.0, 0.0, 0.0, 0.9777431566827708, 0.0, 0.0, 0.0, 0.0, 0.0, 0.0, 0.0, 0.0, 0.0, 0.0, 0.0, 0.0], [0.0, 0.0, 0.0, 0.0, 0.0, 0.9780564206445905, 0.0, 0.0, 0.0, 0.0, 0.0, 0.0, 0.0, 0.0, 0.0, 0.0, 0.0, 0.0]], "Born radii": [], "Atomic SASAs": [], "Solvent H bonds": [], "Total SASA": NaN, "Total FOD": 0.0, "FOD": [0.0, 0.0, 0.0, 0.0, 0.0, 0.0, 0.0, 0.0, 0.0, 0.0, 0.0, 0.0, 0.0, 0.0, 0.0, 0.0, 0.0, 0.0], "FOD s proportion": [0.0, 0.0, 0.0, 0.0, 0.0, 0.0, 0.0, 0.0, 0.0, 0.0, 0.0, 0.0, 0.0, 0.0, 0.0, 0.0, 0.0, 0.0], "FOD p proportion": [0.0, 0.0, 0.0, 0.0, 0.0, 0.0, 0.0, 0.0, 0.0, 0.0, 0.0, 0.0, 0.0, 0.0, 0.0, 0.0, 0.0, 0.0], "FOD d proportion": [0.0, 0.0, 0.0, 0.0, 0.0, 0.0, 0.0, 0.0, 0.0, 0.0, 0.0, 0.0, 0.0, 0.0, 0.0, 0.0, 0.0, 0.0], "coordinates": [["1.37100", "0.46250", "-0.28860"], ["0.34870", "1.38510", "0.36970"], ["-1.07970", "1.00550", "-0.01150"], ["-1.37100", "-0.46250", "0.28860"], ["-0.34870", "-1.38510", "-0.36970"], ["1.07970", "-1.00550", "0.01150"], ["1.35960", "0.62160", "-1.37390"], ["2.37760", "0.71780", "0.06120"], ["0.54540", "2.42250", "0.07670"], ["0.46060", "1.33400", "1.45980"], ["-1.78790", "1.64080", "0.53220"], ["-1.23430", "1.19630", "-1.08070"], ["-1.35960", "-0.62160", "1.37390"], ["-2.37760", "-0.71780", "-0.06120"], ["-0.46060", "-1.33400", "-1.45980"], ["-0.54540", "-2.42250", "-0.07670"], ["1.78790", "-1.64080", "-0.53220"], ["1.23430", "-1.19630", "1.08070"]], "bond_dist": [[0.0, 1.526318099217853, 2.525383911408323, 2.950821722842639, 2.5253853290141683, 1.5264140001978495, 1.096958914453955, 1.095801847963399, 2.1579294358249994, 2.1552825731212137, 3.46997878091495, 2.8201902311723583, 3.3757007302188384, 3.936600158766445, 2.820262443461601, 3.4699734249702834, 2.158012386433405, 2.155292745777241], [1.526318099217853, 0.0, 1.5263473261351757, 2.5253853290141683, 2.95077738231809, 2.5253983052184066, 2.1552243549106436, 2.15798441838675, 1.0957822092003502, 1.0970190654678706, 2.157973192604579, 2.1552713518255655, 2.820204145093046, 3.4699531567443387, 3.3757282991970787, 3.93656011385575, 3.4699843025581543, 2.8201833841082036], [2.525383911408323, 1.5263473261351757, 0.0, 1.5264140001978495, 2.5253983052184066, 2.9508741687845657, 2.820230036716864, 3.4700115086264485, 2.1579198896159233, 2.155263331938815, 1.0957933290543431, 1.0970389418794575, 2.155256731807141, 2.157956762773527, 2.8203045846149313, 3.4700016613828875, 3.9366434865250377, 3.375710307476043], [2.950821722842639, 2.5253853290141683, 1.5264140001978495, 0.0, 1.526318099217853, 2.525383911408323, 3.3757007302188384, 3.936600158766445, 3.4699734249702834, 2.820262443461601, 2.158012386433405, 2.155292745777241, 1.096958914453955, 1.095801847963399, 2.1552825731212137, 2.1579294358249994, 3.46997878091495, 2.8201902311723583], [2.5253853290141683, 2.95077738231809, 2.5253983052184066, 1.526318099217853, 0.0, 1.5263473261351757, 2.820204145093046, 3.4699531567443387, 3.93656011385575, 3.3757282991970787, 3.4699843025581543, 2.8201833841082036, 2.1552243549106436, 2.15798441838675, 1.0970190654678706, 1.0957822092003502, 2.157973192604579, 2.1552713518255655], [1.5264140001978495, 2.5253983052184066, 2.9508741687845657, 2.525383911408323, 1.5263473261351757, 0.0, 2.155256731807141, 2.157956762773527, 3.4700016613828875, 2.8203045846149313, 3.9366434865250377, 3.375710307476043, 2.820230036716864, 3.4700115086264485, 2.155263331938815, 2.1579198896159233, 1.0957933290543431, 1.0970389418794575], [1.096958914453955, 2.1552243549106436, 2.820230036716864, 3.3757007302188384, 2.820204145093046, 2.155256731807141, 0.0, 1.7621266838681036, 2.451612287862826, 3.057052575602847, 3.818211898258136, 2.6729316377341186, 4.060788066373324, 4.181367896992562, 2.6729904994219487, 3.818153696487348, 2.4516022393528685, 3.057044595683877], [1.095801847963399, 2.15798441838675, 3.4700115086264485, 3.936600158766445, 3.4699531567443387, 2.157956762773527, 1.7621266838681036, 0.0, 2.5026384437229443, 2.4516674733739894, 4.2924538727865205, 3.8182089348279518, 4.181367896992562, 4.968687569167537, 3.818206840913677, 4.292368751633531, 2.502571399580839, 2.451590086046197], [2.1579294358249994, 1.0957822092003502, 2.1579198896159233, 3.4699734249702834, 3.93656011385575, 3.4700016613828875, 2.451612287862826, 2.5026384437229443, 0.0, 1.7620978690186306, 2.5025634917020585, 2.4516266620348213, 3.818153696487348, 4.292368751633531, 4.181406521734044, 4.968641786242997, 4.2924319854832875, 3.8181556607870246], [2.1552825731212137, 1.0970190654678706, 2.155263331938815, 2.820262443461601, 3.3757282991970787, 2.8203045846149313, 3.057052575602847, 2.4516674733739894, 1.7620978690186306, 0.0, 2.45159544990604, 3.0570880834545804, 2.6729904994219487, 3.818206840913677, 4.060898619763857, 4.181406521734044, 3.8182750464051174, 2.6729658789442112], [3.46997878091495, 2.157973192604579, 1.0957933290543431, 2.158012386433405, 3.4699843025581543, 3.9366434865250377, 3.818211898258136, 4.2924538727865205, 2.5025634917020585, 2.45159544990604, 0.0, 1.7622427812307815, 2.4516022393528685, 2.502571399580839, 3.8182750464051174, 4.2924319854832875, 4.968721320420376, 4.181349243964201], [2.8201902311723583, 2.1552713518255655, 1.0970389418794575, 2.155292745777241, 2.8201833841082036, 3.375710307476043, 2.6729316377341186, 3.8182089348279518, 2.4516266620348213, 3.0570880834545804, 1.7622427812307815, 0.0, 3.057044595683877, 2.451590086046197, 2.6729658789442112, 3.8181556607870246, 4.181349243964201, 4.060809116420026], [3.3757007302188384, 2.820204145093046, 2.155256731807141, 1.096958914453955, 2.1552243549106436, 2.820230036716864, 4.060788066373324, 4.181367896992562, 3.818153696487348, 2.6729904994219487, 2.4516022393528685, 3.057044595683877, 0.0, 1.7621266838681036, 3.057052575602847, 2.451612287862826, 3.818211898258136, 2.6729316377341186], [3.936600158766445, 3.4699531567443387, 2.157956762773527, 1.095801847963399, 2.15798441838675, 3.4700115086264485, 4.181367896992562, 4.968687569167537, 4.292368751633531, 3.818206840913677, 2.502571399580839, 2.451590086046197, 1.7621266838681036, 0.0, 2.4516674733739894, 2.5026384437229443, 4.2924538727865205, 3.8182089348279518], [2.820262443461601, 3.3757282991970787, 2.8203045846149313, 2.1552825731212137, 1.0970190654678706, 2.155263331938815, 2.6729904994219487, 3.818206840913677, 4.181406521734044, 4.060898619763857, 3.8182750464051174, 2.6729658789442112, 3.057052575602847, 2.4516674733739894, 0.0, 1.7620978690186306, 2.45159544990604, 3.0570880834545804], [3.4699734249702834, 3.93656011385575, 3.4700016613828875, 2.1579294358249994, 1.0957822092003502, 2.1579198896159233, 3.818153696487348, 4.292368751633531, 4.968641786242997, 4.181406521734044, 4.2924319854832875, 3.8181556607870246, 2.451612287862826, 2.5026384437229443, 1.7620978690186306, 0.0, 2.5025634917020585, 2.4516266620348213], [2.158012386433405, 3.4699843025581543, 3.9366434865250377, 3.46997878091495, 2.157973192604579, 1.0957933290543431, 2.4516022393528685, 2.502571399580839, 4.2924319854832875, 3.8182750464051174, 4.968721320420376, 4.181349243964201, 3.818211898258136, 4.2924538727865205, 2.45159544990604, 2.5025634917020585, 0.0, 1.7622427812307815], [2.155292745777241, 2.8201833841082036, 3.375710307476043, 2.8201902311723583, 2.1552713518255655, 1.0970389418794575, 3.057044595683877, 2.451590086046197, 3.8181556607870246, 2.6729658789442112, 4.181349243964201, 4.060809116420026, 2.6729316377341186, 3.8182089348279518, 3.0570880834545804, 2.4516266620348213, 1.7622427812307815, 0.0]]}