{"total energy": -30.37679446, "HOMO-LUMO gap/eV": 11.78960044, "electronic energy": -30.7650529, "dipole": [-0.78216709, -0.04767816, 0.02271881], "partial charges": [-0.10042523, -0.05162226, -0.05673763, -0.06257149, -0.02872848, -0.05200744, -0.09956466, 0.07690646, -0.44292261, 0.03207359, 0.03225118, 0.03142571, 0.02824394, 0.02949793, 0.03560716, 0.03015206, 0.03248671, 0.0260782, 0.02520093, 0.03056549, 0.03831831, 0.03194402, 0.0386395, 0.02989445, 0.01433465, 0.04749767, 0.28346184], "atomic dipole moments": [[0.07755441, -0.0040488, -0.06321841], [-0.01408805, 0.08183771, 0.07518261], [0.01506723, -0.07445776, -0.08609169], [-0.0076295, -0.08973948, 0.06280227], [0.05450174, 0.07339846, 0.00652852], [0.00776254, 0.09827834, -0.0605937], [-0.05879663, -0.07647473, -0.03803017], [0.05890737, -0.18558067, 0.04386005], [-0.22397166, 0.08294535, -0.01154196], [-0.0684409, 0.10445567, -0.01704615], [0.03852087, -0.00320998, 0.11997703], [-0.07536603, -0.09777894, -0.01815138], [-0.04562898, -0.00345304, -0.11490064], [0.05569211, -0.1086255, 0.01857195], [0.04440715, 0.00435974, 0.11669724], [-0.06092405, 0.10512368, -0.00866642], [0.06024118, 0.1065663, 0.0154301], [-0.049335, 0.01758271, -0.11014765], [-0.06283637, -0.09821879, -0.02852136], [-0.08255189, -0.0325156, 0.0835419], [0.06914207, -0.10337267, -0.00261158], [-0.06499988, 0.10502953, 0.02282304], [0.1012682, 0.02832693, -0.07261544], [0.04606401, -0.03612776, 0.10979465], [-0.04308782, 0.00779344, -0.10818616], [0.07254578, 0.10593475, 0.01473064], [-0.05220713, -0.05666593, -0.01617366]], "atomic quadrupole moments": [[0.0929797, -0.00273955, -0.11074279, -0.17521202, 0.01478209, 0.0177631], [0.09914473, 0.13289225, -0.02638709, -0.14925076, 0.05974981, -0.07275764], [0.07595511, 0.15588551, -0.0160828, -0.14275524, 0.02524815, -0.05987232], [0.05325203, -0.12709073, -0.00846995, -0.15904495, -0.00498826, -0.04478208], [0.01557854, -0.12504264, -0.07902896, -0.06924612, -0.07571407, 0.06345042], [-0.04914212, 0.10924466, -0.02743323, 0.1692517, 0.04440389, 0.07657535], [-0.01857207, 0.13616896, 0.07684445, 0.07980791, 0.0826724, -0.05827238], [0.0485269, -0.31848999, 0.15061732, -0.14712593, -0.01349204, -0.19914422], [0.03825803, -0.11179691, 0.07700837, -0.00503469, 0.01281747, -0.11526639], [-0.01515496, -0.05133655, 0.04640905, 0.00044867, -0.02610474, -0.03125409], [-0.01031762, -0.00501302, -0.05205901, 0.04060364, -0.00023319, 0.06237663], [0.00121405, 0.05763366, 0.03522332, 0.00183717, 0.02574699, -0.03643737], [-0.01148796, 0.00378642, -0.03487797, 0.0260874, -0.01269242, 0.04636593], [0.00878014, -0.03562021, 0.02451962, 0.00381118, -0.01974508, -0.03329976], [-0.00550275, 0.00325375, -0.03104014, 0.0349576, -0.02115769, 0.03654289], [0.00752318, -0.03524078, 0.02878817, 0.00136286, -0.02010521, -0.03631136], [0.01611166, 0.03762903, 0.01612236, 0.00527826, 0.03079036, -0.03223403], [-0.00528846, -0.01449297, -0.03870428, 0.03043331, 0.01238439, 0.04399274], [-0.00485334, 0.0294925, 0.01140228, 0.01774934, 0.00108208, -0.00654894], [0.0336387, 0.01491086, -0.04427018, -0.0365077, 0.00624847, 0.01063148], [0.00871088, -0.04027755, 0.01549911, 0.0016828, 0.02821318, -0.02420998], [0.01483849, -0.05506561, 0.03660827, -0.00023155, 0.0117004, -0.05144676], [0.01494718, 0.02052657, -0.03252207, -0.0601547, -0.00281053, 0.01757489], [-0.03347297, -0.0045151, -0.01673974, 0.0430143, -0.03903653, 0.05021271], [0.00099754, -0.0243232, -0.02022885, 0.03496207, 0.00140232, 0.01923132], [0.00848682, 0.03116013, 0.01600503, 0.01386337, 0.02813431, -0.02449186], [0.0069815, 0.07881807, 0.077711, 0.02863817, 0.0313237, -0.0846925]], "number of molecular orbitals": 54, "number of electrons": 56, "number of unpaired electrons": 0, "orbital energies/eV": [-18.52298462, -17.21485654, -16.89060728, -16.52010986, -16.43121659, -16.04690956, -15.61125692, -15.31648563, -15.07945249, -14.6532878, -14.29217657, -14.27219301, -13.87516886, -13.64421973, -13.38337665, -13.21905319, -13.05678356, -12.85748852, -12.69388442, -12.30011664, -12.28049441, -11.93301845, -11.9072069, -11.77368448, -11.51057807, -11.41542371, -11.32046931, -10.96466571, 0.82493472, 1.58383289, 1.90373269, 2.51192825, 2.87778788, 3.08139984, 3.1273504, 3.4728925, 3.52149597, 4.09018579, 4.20507787, 4.32818232, 4.71414024, 4.88209724, 4.93230069, 5.57267771, 5.82323374, 6.09226011, 6.30809223, 6.83373717, 7.02604055, 7.41376258, 7.46585873, 7.8241121, 7.90429597, 8.21480133], "fractional occupation": [2.0, 2.0, 2.0, 2.0, 2.0, 2.0, 2.0, 2.0, 2.0, 2.0, 2.0, 2.0, 2.0, 2.0, 2.0, 2.0, 2.0, 2.0, 2.0, 2.0, 2.0, 2.0, 2.0, 2.0, 2.0, 2.0, 2.0, 2.0, 0.0, 0.0, 0.0, 0.0, 0.0, 0.0, 0.0, 0.0, 0.0, 0.0, 0.0, 0.0, 0.0, 0.0, 0.0, 0.0, 0.0, 0.0, 0.0, 0.0, 0.0, 0.0, 0.0, 0.0, 0.0, 0.0], "program call": "xtb /home/svss/Project-DBcg-Debug/aqme2_20220329/End-to-End-workflows-final/example-3/QDESCP/mol_1056_rdkit_conf_26/mol_1056_rdkit_conf_26.xyz --pop --wbo --acc 0.2 --gfn 2 --chrg 0 --uhf 0 --etemp 300 --input /home/svss/Project-DBcg-Debug/aqme2_20220329/End-to-End-workflows-final/example-3/QDESCP/mol_1056_rdkit_conf_26/mol_1056_rdkit_conf_26_xtb.inp", "method": "GFN2-xTB", "xtb version": "6.3.3 (7355c4f)", "Dipole module/D": 1.993, "Total charge": 0, "Transition dipole module/D": NaN, "HOMO": -10.9647, "LUMO": 0.8249, "HOMO occupancy": 2.0, "LUMO occupancy": 0, "mulliken charges": [-0.08319, -0.04034, -0.04543, -0.05469, -0.03832, -0.04027, -0.08547, 0.19003, -0.5629, 0.02702, 0.02743, 0.02862, 0.02176, 0.02234, 0.0257, 0.02535, 0.0259, 0.02259, 0.01921, 0.02168, 0.03279, 0.02348, 0.03353, 0.02909, 0.01065, 0.02992, 0.33353], "cm5 charges": [-0.23365, -0.15318, -0.15627, -0.16308, -0.10689, -0.14991, -0.23595, 0.10457, -0.77839, 0.0783, 0.07873, 0.0794, 0.07662, 0.07789, 0.08164, 0.08028, 0.08174, 0.07813, 0.08064, 0.07737, 0.09052, 0.07563, 0.08603, 0.07992, 0.07346, 0.09358, 0.50284], "FUKUI+": [0.007, 0.0, -0.012, -0.034, -0.017, 0.005, 0.018, -0.02, -0.125, -0.035, -0.031, -0.052, -0.034, -0.021, -0.048, -0.062, -0.061, -0.059, -0.043, -0.034, -0.031, -0.018, -0.018, -0.046, -0.076, -0.076, -0.077], "FUKUI-": [0.017, 0.007, 0.009, 0.011, -0.012, 0.007, 0.017, 0.012, -0.1, -0.066, -0.047, -0.049, -0.061, -0.066, -0.046, -0.069, -0.045, -0.043, -0.039, -0.059, -0.052, -0.044, -0.05, -0.06, -0.081, -0.048, -0.043], "FUKUIrad": [0.012, 0.003, -0.001, -0.012, -0.014, 0.006, 0.018, -0.004, -0.112, -0.05, -0.039, -0.051, -0.048, -0.044, -0.047, -0.065, -0.053, -0.051, -0.041, -0.046, -0.042, -0.031, -0.034, -0.053, -0.079, -0.062, -0.06], "s proportion": [1.008, 1.027, 1.032, 1.036, 1.067, 1.029, 1.007, 0.996, 1.696, 0.973, 0.973, 0.971, 0.978, 0.978, 0.974, 0.975, 0.974, 0.977, 0.981, 0.978, 0.967, 0.977, 0.966, 0.971, 0.989, 0.97, 0.666], "p proportion": [3.076, 3.014, 3.014, 3.019, 2.971, 3.011, 3.079, 2.814, 4.867, 0.0, 0.0, 0.0, 0.0, 0.0, 0.0, 0.0, 0.0, 0.0, 0.0, 0.0, 0.0, 0.0, 0.0, 0.0, 0.0, 0.0, 0.0], "d proportion": [0.0, 0.0, 0.0, 0.0, 0.0, 0.0, 0.0, 0.0, 0.0, 0.0, 0.0, 0.0, 0.0, 0.0, 0.0, 0.0, 0.0, 0.0, 0.0, 0.0, 0.0, 0.0, 0.0, 0.0, 0.0, 0.0, 0.0], "Fermi-level/eV": -5.0699, "Coordination numbers": [3.75, 3.799, 3.8, 3.8, 3.845, 3.798, 3.748, 3.675, 1.653, 0.924, 0.924, 0.924, 0.924, 0.924, 0.924, 0.924, 0.924, 0.923, 0.923, 0.924, 0.924, 0.924, 0.924, 0.924, 0.924, 0.924, 0.804], "Dispersion coefficient C6": [22.481, 21.502, 21.595, 21.702, 21.054, 21.51, 22.468, 19.516, 21.701, 2.557, 2.555, 2.566, 2.612, 2.594, 2.508, 2.584, 2.552, 2.643, 2.656, 2.579, 2.472, 2.559, 2.467, 2.588, 2.821, 2.351, 0.773], "Total dispersion C6": 4859.552042, "Total dispersion C8": 100805.507593, "Polarizability alpha": [6.762, 6.602, 6.616, 6.633, 6.527, 6.604, 6.761, 6.33, 6.289, 2.501, 2.5, 2.505, 2.527, 2.519, 2.477, 2.514, 2.498, 2.542, 2.549, 2.511, 2.459, 2.502, 2.456, 2.516, 2.627, 2.398, 1.381], "Total polarizability alpha": 103.10414, "Wiberg matrix": [[0.0, 1.0197352041532135, 0.0, 0.0, 0.0, 0.0, 0.0, 0.0, 0.0, 0.9876195222851796, 0.9877925843372586, 0.9874521005521861, 0.0, 0.0, 0.0, 0.0, 0.0, 0.0, 0.0, 0.0, 0.0, 0.0, 0.0, 0.0, 0.0, 0.0, 0.0], [1.0197352041532135, 0.0, 1.008840592781745, 0.0, 0.0, 0.0, 0.0, 0.0, 0.0, 0.0, 0.0, 0.0, 0.9779805523344888, 0.9760587772279748, 0.0, 0.0, 0.0, 0.0, 0.0, 0.0, 0.0, 0.0, 0.0, 0.0, 0.0, 0.0, 0.0], [0.0, 1.008840592781745, 0.0, 1.0066100756367165, 0.0, 0.0, 0.0, 0.0, 0.0, 0.0, 0.0, 0.0, 0.0, 0.0, 0.974805243395271, 0.9760079219039974, 0.0, 0.0, 0.0, 0.0, 0.0, 0.0, 0.0, 0.0, 0.0, 0.0, 0.0], [0.0, 0.0, 1.0066100756367165, 0.0, 0.9942942176125834, 0.0, 0.0, 0.0, 0.0, 0.0, 0.0, 0.0, 0.0, 0.0, 0.0, 0.0, 0.9750710207261294, 0.9762706972854189, 0.0, 0.0, 0.0, 0.0, 0.0, 0.0, 0.0, 0.0, 0.0], [0.0, 0.0, 0.0, 0.9942942176125834, 0.0, 0.994937919923776, 0.0, 0.9863103894708155, 0.0, 0.0, 0.0, 0.0, 0.0, 0.0, 0.0, 0.0, 0.0, 0.0, 0.9651447998331644, 0.0, 0.0, 0.0, 0.0, 0.0, 0.0, 0.0, 0.0], [0.0, 0.0, 0.0, 0.0, 0.994937919923776, 0.0, 1.0217101498171994, 0.0, 0.0, 0.0, 0.0, 0.0, 0.0, 0.0, 0.0, 0.0, 0.0, 0.0, 0.0, 0.974716656220509, 0.9753874135022536, 0.0, 0.0, 0.0, 0.0, 0.0, 0.0], [0.0, 0.0, 0.0, 0.0, 0.0, 1.0217101498171994, 0.0, 0.0, 0.0, 0.0, 0.0, 0.0, 0.0, 0.0, 0.0, 0.0, 0.0, 0.0, 0.0, 0.0, 0.0, 0.9858191675110889, 0.9855136434152008, 0.9868705347309048, 0.0, 0.0, 0.0], [0.0, 0.0, 0.0, 0.0, 0.9863103894708155, 0.0, 0.0, 0.0, 0.9951453833901254, 0.0, 0.0, 0.0, 0.0, 0.0, 0.0, 0.0, 0.0, 0.0, 0.0, 0.0, 0.0, 0.0, 0.0, 0.0, 0.9723015649912057, 0.9707857592278045, 0.0], [0.0, 0.0, 0.0, 0.0, 0.0, 0.0, 0.0, 0.9951453833901254, 0.0, 0.0, 0.0, 0.0, 0.0, 0.0, 0.0, 0.0, 0.0, 0.0, 0.0, 0.0, 0.0, 0.0, 0.0, 0.0, 0.0, 0.0, 0.9046033117999114], [0.9876195222851796, 0.0, 0.0, 0.0, 0.0, 0.0, 0.0, 0.0, 0.0, 0.0, 0.0, 0.0, 0.0, 0.0, 0.0, 0.0, 0.0, 0.0, 0.0, 0.0, 0.0, 0.0, 0.0, 0.0, 0.0, 0.0, 0.0], [0.9877925843372586, 0.0, 0.0, 0.0, 0.0, 0.0, 0.0, 0.0, 0.0, 0.0, 0.0, 0.0, 0.0, 0.0, 0.0, 0.0, 0.0, 0.0, 0.0, 0.0, 0.0, 0.0, 0.0, 0.0, 0.0, 0.0, 0.0], [0.9874521005521861, 0.0, 0.0, 0.0, 0.0, 0.0, 0.0, 0.0, 0.0, 0.0, 0.0, 0.0, 0.0, 0.0, 0.0, 0.0, 0.0, 0.0, 0.0, 0.0, 0.0, 0.0, 0.0, 0.0, 0.0, 0.0, 0.0], [0.0, 0.9779805523344888, 0.0, 0.0, 0.0, 0.0, 0.0, 0.0, 0.0, 0.0, 0.0, 0.0, 0.0, 0.0, 0.0, 0.0, 0.0, 0.0, 0.0, 0.0, 0.0, 0.0, 0.0, 0.0, 0.0, 0.0, 0.0], [0.0, 0.9760587772279748, 0.0, 0.0, 0.0, 0.0, 0.0, 0.0, 0.0, 0.0, 0.0, 0.0, 0.0, 0.0, 0.0, 0.0, 0.0, 0.0, 0.0, 0.0, 0.0, 0.0, 0.0, 0.0, 0.0, 0.0, 0.0], [0.0, 0.0, 0.974805243395271, 0.0, 0.0, 0.0, 0.0, 0.0, 0.0, 0.0, 0.0, 0.0, 0.0, 0.0, 0.0, 0.0, 0.0, 0.0, 0.0, 0.0, 0.0, 0.0, 0.0, 0.0, 0.0, 0.0, 0.0], [0.0, 0.0, 0.9760079219039974, 0.0, 0.0, 0.0, 0.0, 0.0, 0.0, 0.0, 0.0, 0.0, 0.0, 0.0, 0.0, 0.0, 0.0, 0.0, 0.0, 0.0, 0.0, 0.0, 0.0, 0.0, 0.0, 0.0, 0.0], [0.0, 0.0, 0.0, 0.9750710207261294, 0.0, 0.0, 0.0, 0.0, 0.0, 0.0, 0.0, 0.0, 0.0, 0.0, 0.0, 0.0, 0.0, 0.0, 0.0, 0.0, 0.0, 0.0, 0.0, 0.0, 0.0, 0.0, 0.0], [0.0, 0.0, 0.0, 0.9762706972854189, 0.0, 0.0, 0.0, 0.0, 0.0, 0.0, 0.0, 0.0, 0.0, 0.0, 0.0, 0.0, 0.0, 0.0, 0.0, 0.0, 0.0, 0.0, 0.0, 0.0, 0.0, 0.0, 0.0], [0.0, 0.0, 0.0, 0.0, 0.9651447998331644, 0.0, 0.0, 0.0, 0.0, 0.0, 0.0, 0.0, 0.0, 0.0, 0.0, 0.0, 0.0, 0.0, 0.0, 0.0, 0.0, 0.0, 0.0, 0.0, 0.0, 0.0, 0.0], [0.0, 0.0, 0.0, 0.0, 0.0, 0.974716656220509, 0.0, 0.0, 0.0, 0.0, 0.0, 0.0, 0.0, 0.0, 0.0, 0.0, 0.0, 0.0, 0.0, 0.0, 0.0, 0.0, 0.0, 0.0, 0.0, 0.0, 0.0], [0.0, 0.0, 0.0, 0.0, 0.0, 0.9753874135022536, 0.0, 0.0, 0.0, 0.0, 0.0, 0.0, 0.0, 0.0, 0.0, 0.0, 0.0, 0.0, 0.0, 0.0, 0.0, 0.0, 0.0, 0.0, 0.0, 0.0, 0.0], [0.0, 0.0, 0.0, 0.0, 0.0, 0.0, 0.9858191675110889, 0.0, 0.0, 0.0, 0.0, 0.0, 0.0, 0.0, 0.0, 0.0, 0.0, 0.0, 0.0, 0.0, 0.0, 0.0, 0.0, 0.0, 0.0, 0.0, 0.0], [0.0, 0.0, 0.0, 0.0, 0.0, 0.0, 0.9855136434152008, 0.0, 0.0, 0.0, 0.0, 0.0, 0.0, 0.0, 0.0, 0.0, 0.0, 0.0, 0.0, 0.0, 0.0, 0.0, 0.0, 0.0, 0.0, 0.0, 0.0], [0.0, 0.0, 0.0, 0.0, 0.0, 0.0, 0.9868705347309048, 0.0, 0.0, 0.0, 0.0, 0.0, 0.0, 0.0, 0.0, 0.0, 0.0, 0.0, 0.0, 0.0, 0.0, 0.0, 0.0, 0.0, 0.0, 0.0, 0.0], [0.0, 0.0, 0.0, 0.0, 0.0, 0.0, 0.0, 0.9723015649912057, 0.0, 0.0, 0.0, 0.0, 0.0, 0.0, 0.0, 0.0, 0.0, 0.0, 0.0, 0.0, 0.0, 0.0, 0.0, 0.0, 0.0, 0.0, 0.0], [0.0, 0.0, 0.0, 0.0, 0.0, 0.0, 0.0, 0.9707857592278045, 0.0, 0.0, 0.0, 0.0, 0.0, 0.0, 0.0, 0.0, 0.0, 0.0, 0.0, 0.0, 0.0, 0.0, 0.0, 0.0, 0.0, 0.0, 0.0], [0.0, 0.0, 0.0, 0.0, 0.0, 0.0, 0.0, 0.0, 0.9046033117999114, 0.0, 0.0, 0.0, 0.0, 0.0, 0.0, 0.0, 0.0, 0.0, 0.0, 0.0, 0.0, 0.0, 0.0, 0.0, 0.0, 0.0, 0.0]], "Born radii": [], "Atomic SASAs": [], "Solvent H bonds": [], "Total SASA": NaN, "Total FOD": 0.0, "FOD": [0.0, 0.0, 0.0, 0.0, 0.0, 0.0, 0.0, 0.0, 0.0, 0.0, 0.0, 0.0, 0.0, 0.0, 0.0, 0.0, 0.0, 0.0, 0.0, 0.0, 0.0, 0.0, 0.0, 0.0, 0.0, 0.0, 0.0], "FOD s proportion": [0.0, 0.0, 0.0, 0.0, 0.0, 0.0, 0.0, 0.0, 0.0, 0.0, 0.0, 0.0, 0.0, 0.0, 0.0, 0.0, 0.0, 0.0, 0.0, 0.0, 0.0, 0.0, 0.0, 0.0, 0.0, 0.0, 0.0], "FOD p proportion": [0.0, 0.0, 0.0, 0.0, 0.0, 0.0, 0.0, 0.0, 0.0, 0.0, 0.0, 0.0, 0.0, 0.0, 0.0, 0.0, 0.0, 0.0, 0.0, 0.0, 0.0, 0.0, 0.0, 0.0, 0.0, 0.0, 0.0], "FOD d proportion": [0.0, 0.0, 0.0, 0.0, 0.0, 0.0, 0.0, 0.0, 0.0, 0.0, 0.0, 0.0, 0.0, 0.0, 0.0, 0.0, 0.0, 0.0, 0.0, 0.0, 0.0, 0.0, 0.0, 0.0, 0.0, 0.0, 0.0], "coordinates": [["-3.41230", "-0.25000", "1.11340"], ["-2.24090", "-0.31870", "0.14530"], ["-1.28910", "0.86230", "0.33810"], ["-0.15280", "0.90500", "-0.69000"], ["0.79320", "-0.31380", "-0.70600"], ["1.43330", "-0.63430", "0.66270"], ["2.29040", "0.47730", "1.25220"], ["1.84570", "-0.12340", "-1.81270"], ["2.69780", "-1.25680", "-1.91180"], ["-3.99340", "0.66540", "0.96260"], ["-3.06470", "-0.27000", "2.15120"], ["-4.07950", "-1.10430", "0.96190"], ["-2.62350", "-0.32530", "-0.88170"], ["-1.71270", "-1.26470", "0.30340"], ["-0.88090", "0.85140", "1.35500"], ["-1.85850", "1.79630", "0.24880"], ["0.42950", "1.81930", "-0.52000"], ["-0.59810", "1.01660", "-1.68760"], ["0.20780", "-1.20110", "-0.98140"], ["0.64770", "-0.89000", "1.38310"], ["2.05040", "-1.53670", "0.57220"], ["1.70910", "1.38780", "1.42310"], ["3.13630", "0.72070", "0.60330"], ["2.69680", "0.15960", "2.21810"], ["1.36230", "0.01770", "-2.78560"], ["2.47030", "0.75570", "-1.62700"], ["2.13600", "-2.03000", "-2.09080"]], "bond_dist": [[0.0, 1.5212216340822926, 2.5191823316306423, 3.9000790774034315, 4.582632109388664, 4.8816653244563994, 5.7505667564162755, 6.018691948422016, 6.891937557029953, 1.0947031606787292, 1.0946481626531877, 1.0945028917275643, 2.14669502724537, 2.13877447385179, 2.7711799797198307, 2.7109355008926346, 4.659337430364966, 4.167684992894737, 4.289277591856233, 4.118972941158998, 5.638225396345911, 5.385818497684452, 6.639775783864995, 6.2216747793500105, 6.170143389743872, 6.5670546982646645, 6.6497316133811], [1.5212216340822926, 0.0, 1.529004931319713, 2.5603377492041943, 3.1512693490084276, 3.7238490517205447, 4.731968226858672, 4.535659340162133, 5.4316157550032935, 2.169720800010914, 2.1690211939951163, 2.1597344466392165, 1.095972317168641, 1.094946048899214, 2.163817945207036, 2.1517822868496714, 3.4849252861431617, 2.8002393361996756, 2.8362324199543307, 3.19414190198244, 4.481185479312366, 4.48858720423253, 5.495852636306763, 5.376444179939004, 4.656864826253818, 5.146920252927958, 5.204415866358106], [2.5191823316306423, 1.529004931319713, 0.0, 1.5329679024689329, 2.6094691624926325, 3.123561825864825, 3.714380710158828, 3.9274057811741323, 5.044601711731066, 2.7824464684877586, 2.7788829158494606, 3.4702988574472955, 2.1630832531365964, 2.1690481898749967, 1.0958246483813, 1.0975184964272813, 2.146105908383834, 2.145868118035216, 2.870437147892286, 2.813143176235436, 4.118526928405349, 3.231497870957058, 4.435599932365406, 4.4626882145182405, 4.183392500112797, 4.243355974933048, 5.0986532055043705], [3.9000790774034315, 2.5603377492041943, 1.5329679024689329, 0.0, 1.5429340361791233, 2.591323019231682, 3.150284807759451, 2.512382156440377, 3.7804887038582726, 4.187923504554495, 4.2346433202809415, 4.710099042483077, 2.7667210683406447, 2.8509173365778246, 2.1714114234755235, 2.141301851678086, 1.0972318715750102, 1.0981586451874794, 2.156525800912199, 2.8566709400979313, 3.522660637926963, 2.8574392486980367, 3.5390352060978425, 4.139189163350716, 2.7339291614816945, 2.789428812499075, 3.9768167018357783], [4.582632109388664, 3.1512693490084276, 2.6094691624926325, 1.5429340361791233, 0.0, 1.5445996083127822, 2.5888210231686544, 1.5390884639941915, 2.443502363411994, 5.162809134570055, 4.80092727397531, 5.2105648398230295, 3.4212339338314766, 2.8640240885858486, 2.8996590920313374, 3.52074962756513, 2.1718630942119717, 2.1608374325709927, 1.0981072852868248, 2.171984231066147, 2.170214618419109, 2.87530558028186, 2.8765559876352134, 3.521102289056653, 2.1813993719628693, 2.1919707251694764, 2.5818840640121703], [4.8816653244563994, 3.7238490517205447, 3.123561825864825, 2.591323019231682, 1.5445996083127822, 0.0, 1.5224274104206084, 2.560995456848762, 2.935049701453112, 5.588222704044641, 4.751878653753693, 5.540883005442364, 4.351813254265399, 3.228593602483905, 2.8358606136409454, 4.112794282479979, 2.9028514757045354, 3.5179492406798594, 2.127481445277491, 1.0961414187959508, 1.0969632719466955, 2.177880210204409, 2.1770995291901563, 2.1554532284417585, 3.51011650661342, 2.872315283878147, 3.165995582751183], [5.7505667564162755, 4.731968226858672, 3.714380710158828, 3.150284807759451, 2.5888210231686544, 1.5224274104206084, 0.0, 3.1547124417290395, 3.6309741902139705, 6.29328151364612, 5.481218322599457, 6.569730486100629, 5.41702032301892, 4.467616260378682, 3.1949432451923148, 4.4676552877320335, 2.89906979046728, 4.156525084731235, 3.4847120799285554, 2.1412863867311165, 2.1392045250513094, 1.0936757974829652, 1.0935545619675315, 1.0950146391715503, 4.168504601172943, 2.8982172468605594, 4.181631457936005], [6.018691948422016, 4.535659340162133, 3.9274057811741323, 2.512382156440377, 1.5390884639941915, 2.560995456848762, 3.1547124417290395, 0.0, 1.4214396856708342, 6.5130318853818, 6.312370626793076, 6.615781511658317, 4.569603182990838, 4.294491292341853, 4.2917252812825755, 4.6536145070256945, 2.729611514483334, 2.6995200406738973, 2.129604045356789, 3.4980018867919442, 2.7797602396609675, 3.5739035577362745, 2.866218618668157, 4.129383592014673, 1.0954995116384123, 1.0942698296124225, 1.9485218140939555], [6.891937557029953, 5.4316157550032935, 5.044601711731066, 3.7804887038582726, 2.443502363411994, 2.935049701453112, 3.6309741902139705, 1.4214396856708342, 0.0, 7.531877962367686, 7.119561046160079, 7.362961580098053, 5.499548340545794, 4.9355530287901885, 5.284276977032904, 5.894869096086867, 4.067515622588314, 4.010183288828578, 2.658730270260599, 3.8979248658741485, 2.5821941774390247, 4.3695531647984325, 3.22932136988563, 4.366035268982604, 2.042409591634352, 2.0452441272376265, 0.9723674614054091], [1.0947031606787292, 2.169720800010914, 2.7824464684877586, 4.187923504554495, 5.162809134570055, 5.588222704044641, 6.29328151364612, 6.5130318853818, 7.531877962367686, 0.0, 1.7748878302585769, 1.7717933824235828, 2.5019102681751, 3.0596442832460116, 3.1426469750832653, 2.519175114993001, 4.805375363069986, 4.321453872251791, 4.991296393723779, 4.912830001129695, 6.44431338545853, 5.766491850336736, 7.138961876211415, 6.82575196809846, 6.569021313711807, 6.963734625902971, 7.359210357096745], [1.0946481626531877, 2.1690211939951163, 2.7788829158494606, 4.2346433202809415, 4.80092727397531, 4.751878653753693, 5.481218322599457, 6.312370626793076, 7.119561046160079, 1.7748878302585769, 0.0, 1.772091989711595, 3.065321833021779, 2.4963367020496254, 2.5807857020682676, 3.056736804175328, 4.869283065298217, 4.740869177693052, 4.624866075898847, 3.841391853221954, 5.50109242787285, 5.105643631316233, 6.4676024846924545, 5.777881447381904, 6.637250524878506, 6.779607712102522, 6.938259471221872], [1.0945028917275643, 2.1597344466392165, 3.4702988574472955, 4.710099042483077, 5.2105648398230295, 5.540883005442364, 6.569730486100629, 6.615781511658317, 7.362961580098053, 1.7717933824235828, 1.772091989711595, 0.0, 2.4750026181804334, 2.4619286443761936, 3.7696594090182742, 3.7222080772036374, 5.5744547329761325, 4.861914542646755, 4.708155309672781, 4.750763493376618, 6.1574759325554815, 6.319110523641758, 7.4516433489533025, 7.00669132615388, 6.701927147470347, 7.284358808433314, 6.9862964459003605], [2.14669502724537, 1.095972317168641, 2.1630832531365964, 2.7667210683406447, 3.4212339338314766, 4.351813254265399, 5.41702032301892, 4.569603182990838, 5.499548340545794, 2.5019102681751, 3.065321833021779, 2.4750026181804334, 0.0, 1.7653586066292595, 3.0698704435203776, 2.5227845349930305, 3.748459023385476, 2.5597686575157526, 2.965337319766505, 4.018576186909986, 5.042485139293917, 5.1979070220618615, 6.0394235685204265, 6.176526543292758, 4.430472418377074, 5.260307170688799, 5.198150166164883], [2.13877447385179, 1.094946048899214, 2.1690481898749967, 2.8509173365778246, 2.8640240885858486, 3.228593602483905, 4.467616260378682, 4.294491292341853, 4.9355530287901885, 3.0596442832460116, 2.4963367020496254, 2.4619286443761936, 1.7653586066292595, 0.0, 2.505121356341844, 3.0649567370519275, 3.844224811324124, 3.2265684325611317, 2.3115095176096507, 2.622525565175676, 3.782480541919548, 4.471934657393822, 5.248290595041399, 5.013820582150901, 4.543357322509424, 5.030501895437472, 4.596778156491784], [2.7711799797198307, 2.163817945207036, 1.0958246483813, 2.1714114234755235, 2.8996590920313374, 2.8358606136409454, 3.1949432451923148, 4.2917252812825755, 5.284276977032904, 3.1426469750832653, 2.5807857020682676, 3.7696594090182742, 3.0698704435203776, 2.505121356341844, 0.0, 1.752773861626194, 2.4838686700387362, 3.06017673345838, 3.2949641727945997, 2.317300483321056, 3.8611289981040517, 2.6458387271336097, 4.0890134776006795, 3.7447918687158035, 4.782423056359611, 4.486872399567432, 5.410886176034384], [2.7109355008926346, 2.1517822868496714, 1.0975184964272813, 2.141301851678086, 3.52074962756513, 4.112794282479979, 4.4676552877320335, 4.6536145070256945, 5.894869096086867, 2.519175114993001, 3.056736804175328, 3.7222080772036374, 2.5227845349930305, 3.0649567370519275, 1.752773861626194, 0.0, 2.4138198855755584, 2.4384801024408627, 3.842836776393189, 3.844981485000936, 5.147132771747781, 3.778044798569758, 5.121583021879075, 5.225675790747069, 4.769125072798993, 4.831147217794134, 6.005857982003904], [4.659337430364966, 3.4849252861431617, 2.146105908383834, 1.0972318715750102, 2.1718630942119717, 2.9028514757045354, 2.89906979046728, 2.729611514483334, 4.067515622588314, 4.805375363069986, 4.869283065298217, 5.5744547329761325, 3.748459023385476, 3.844224811324124, 2.4838686700387362, 2.4138198855755584, 0.0, 1.7503082042886047, 3.0634713985934323, 3.3180879042002487, 3.8836778509551997, 2.3662641483993285, 3.129774926412441, 3.9233206585748253, 3.041187557517622, 2.553734246157967, 4.494070023931536], [4.167684992894737, 2.8002393361996756, 2.145868118035216, 1.0981586451874794, 2.1608374325709927, 3.5179492406798594, 4.156525084731235, 2.6995200406738973, 4.010183288828578, 4.321453872251791, 4.740869177693052, 4.861914542646755, 2.5597686575157526, 3.2265684325611317, 3.06017673345838, 2.4384801024408627, 1.7503082042886047, 0.0, 2.4630035606957614, 3.82313218317128, 4.317474861536544, 3.8906832009301398, 4.391073101190641, 5.181245747887279, 2.458978114990046, 3.0800681372333307, 4.1133495608810104], [4.289277591856233, 2.8362324199543307, 2.870437147892286, 2.156525800912199, 1.0981072852868248, 2.127481445277491, 3.4847120799285554, 2.129604045356789, 2.658730270260599, 4.991296393723779, 4.624866075898847, 4.708155309672781, 2.965337319766505, 2.3115095176096507, 3.2949641727945997, 3.842836776393189, 3.0634713985934323, 2.4630035606957614, 0.0, 2.4251093727912565, 2.4334081203119218, 3.839000540505302, 3.8445678014570115, 4.2759122699138725, 2.464443411807218, 3.0601914727676762, 2.373983742572809], [4.118972941158998, 3.19414190198244, 2.813143176235436, 2.8566709400979313, 2.171984231066147, 1.0961414187959508, 2.1412863867311165, 3.4980018867919442, 3.8979248658741485, 4.912830001129695, 3.841391853221954, 4.750763493376618, 4.018576186909986, 2.622525565175676, 2.317300483321056, 3.844981485000936, 3.3180879042002487, 3.82313218317128, 2.4251093727912565, 0.0, 1.7445191285852957, 2.513273323775192, 3.0652198110412896, 2.449019389469998, 4.325809998139078, 3.884700922851076, 3.947482501544497], [5.638225396345911, 4.481185479312366, 4.118526928405349, 3.522660637926963, 2.170214618419109, 1.0969632719466955, 2.1392045250513094, 2.7797602396609675, 2.5821941774390247, 6.44431338545853, 5.50109242787285, 6.1574759325554815, 5.042485139293917, 3.782480541919548, 3.8611289981040517, 5.147132771747781, 3.8836778509551997, 4.317474861536544, 2.4334081203119218, 1.7445191285852957, 0.0, 3.0648355176093873, 2.5051947588960024, 2.450357822849553, 3.763570354065405, 3.204355537389695, 2.7096570354936067], [5.385818497684452, 4.48858720423253, 3.231497870957058, 2.8574392486980367, 2.87530558028186, 2.177880210204409, 1.0936757974829652, 3.5739035577362745, 4.3695531647984325, 5.766491850336736, 5.105643631316233, 6.319110523641758, 5.1979070220618615, 4.471934657393822, 2.6458387271336097, 3.778044798569758, 2.3662641483993285, 3.8906832009301398, 3.839000540505302, 2.513273323775192, 3.0648355176093873, 0.0, 1.7759488421686025, 1.7652341289472058, 4.43966214255094, 3.2065691728075976, 4.920476974847053], [6.639775783864995, 5.495852636306763, 4.435599932365406, 3.5390352060978425, 2.8765559876352134, 2.1770995291901563, 1.0935545619675315, 2.866218618668157, 3.22932136988563, 7.138961876211415, 6.4676024846924545, 7.4516433489533025, 6.0394235685204265, 5.248290595041399, 4.0890134776006795, 5.121583021879075, 3.129774926412441, 4.391073101190641, 3.8445678014570115, 3.0652198110412896, 2.5051947588960024, 1.7759488421686025, 0.0, 1.765098439181226, 3.8892066298925285, 2.3278786673707885, 3.9780806163274267], [6.2216747793500105, 5.376444179939004, 4.4626882145182405, 4.139189163350716, 3.521102289056653, 2.1554532284417585, 1.0950146391715503, 4.129383592014673, 4.366035268982604, 6.82575196809846, 5.777881447381904, 7.00669132615388, 6.176526543292758, 5.013820582150901, 3.7447918687158035, 5.225675790747069, 3.9233206585748253, 5.181245747887279, 4.2759122699138725, 2.449019389469998, 2.450357822849553, 1.7652341289472058, 1.765098439181226, 0.0, 5.180544329508242, 3.8976186922273457, 4.865743931815566], [6.170143389743872, 4.656864826253818, 4.183392500112797, 2.7339291614816945, 2.1813993719628693, 3.51011650661342, 4.168504601172943, 1.0954995116384123, 2.042409591634352, 6.569021313711807, 6.637250524878506, 6.701927147470347, 4.430472418377074, 4.543357322509424, 4.782423056359611, 4.769125072798993, 3.041187557517622, 2.458978114990046, 2.464443411807218, 4.325809998139078, 3.763570354065405, 4.43966214255094, 3.8892066298925285, 5.180544329508242, 0.0, 1.7648404913759204, 2.296613598322539], [6.5670546982646645, 5.146920252927958, 4.243355974933048, 2.789428812499075, 2.1919707251694764, 2.872315283878147, 2.8982172468605594, 1.0942698296124225, 2.0452441272376265, 6.963734625902971, 6.779607712102522, 7.284358808433314, 5.260307170688799, 5.030501895437472, 4.486872399567432, 4.831147217794134, 2.553734246157967, 3.0800681372333307, 3.0601914727676762, 3.884700922851076, 3.204355537389695, 3.2065691728075976, 2.3278786673707885, 3.8976186922273457, 1.7648404913759204, 0.0, 2.8437636012861547], [6.6497316133811, 5.204415866358106, 5.0986532055043705, 3.9768167018357783, 2.5818840640121703, 3.165995582751183, 4.181631457936005, 1.9485218140939555, 0.9723674614054091, 7.359210357096745, 6.938259471221872, 6.9862964459003605, 5.198150166164883, 4.596778156491784, 5.410886176034384, 6.005857982003904, 4.494070023931536, 4.1133495608810104, 2.373983742572809, 3.947482501544497, 2.7096570354936067, 4.920476974847053, 3.9780806163274267, 4.865743931815566, 2.296613598322539, 2.8437636012861547, 0.0]]}