{"total energy": -42.23721807, "HOMO-LUMO gap/eV": 3.71701131, "electronic energy": -42.77563247, "dipole": [1.4009594, -1.06469233, 0.56917956], "partial charges": [-0.11087105, 0.05475336, -0.11097194, -0.10750108, 0.26532318, -0.40784017, 0.00810954, -0.1689633, 0.06205328, -0.04277194, -0.0270069, -0.03170313, -0.02861313, -0.04418535, 0.03759724, 0.06818208, 0.04162698, 0.04497166, 0.06305895, 0.03522237, 0.04502367, 0.08242184, 0.06351307, 0.04938568, 0.04247305, 0.0379929, 0.03925363, 0.03946551], "atomic dipole moments": [[0.07628168, 0.00467024, 0.10459636], [-0.0191971, 0.15603258, 0.00727755], [0.07739366, 0.01505466, -0.09814928], [-0.00794194, -0.02773822, -0.03449076], [0.02926566, 0.01026451, -0.0042629], [0.18862144, 0.00434946, 0.02277815], [-0.04724571, 0.07534837, -0.178113], [-0.10670609, -0.07875079, 0.105499], [-0.16939278, -0.00115844, 0.02424904], [-0.00762384, -0.00832734, 0.0335613], [-0.00842518, -0.00092294, 0.00252923], [-0.0075834, -0.00048851, 0.00189903], [-0.00737653, 0.0010707, 0.00108641], [-0.02180698, 0.00852554, -0.0254489], [0.0699142, 0.02636778, -0.10415977], [-0.11078153, 0.07219292, -0.01210234], [-0.03995008, -0.11979091, -0.01378422], [0.0793766, -0.09561455, -0.00381178], [-0.10944139, 0.07364794, 0.0128283], [0.0643659, 0.01621299, 0.10786555], [-0.04218918, -0.12054249, 0.00130325], [-0.06177427, 0.05270568, 0.10694083], [0.12740503, -0.00360573, 0.04199697], [-0.08325779, 0.08255334, -0.10110415], [0.05976616, 0.08675144, -0.11071101], [0.14992474, 0.00210844, -0.02313609], [0.0921947, -0.08553965, 0.0856474], [-0.05050143, -0.08936415, 0.11343547]], "atomic quadrupole moments": [[-0.0449313, 0.03919828, -0.10559085, 0.15392594, 0.0292199, 0.15052214], [-0.05662414, 0.18978817, 0.04009193, 0.00428733, -0.00089822, 0.01653222], [-0.02485059, 0.05212315, -0.10454989, -0.15418516, -0.04487702, 0.12940049], [0.03111712, 0.03811785, -0.03290877, 0.01210623, -0.01427606, 0.00179165], [-0.2716225, 0.05652874, -0.22218928, -0.089004, -0.13513659, 0.49381178], [-0.08416549, 0.00256207, -0.10117526, -0.02280263, -0.0615074, 0.18534075], [-0.22022928, 0.04559258, 0.15199176, 0.07442307, -0.2899604, 0.06823752], [-0.28912365, -0.03092297, 0.07631833, 0.04690417, -0.43446266, 0.21280533], [-0.00123741, 0.06879615, 0.07496005, -0.00147265, 0.38558441, -0.07372264], [-0.2455418, 0.03439652, 0.20850656, 0.02614789, 0.37978185, 0.03703524], [-0.25353047, 0.049261, 0.19064362, 0.05672494, 0.40109371, 0.06288685], [-0.26649624, 0.05110808, 0.18106732, 0.04710183, 0.38659491, 0.08542893], [-0.26131349, 0.05551259, 0.17769579, 0.03398893, 0.39640594, 0.0836177], [-0.2349285, 0.06138484, 0.16538551, 0.04810222, 0.36922327, 0.06954299], [0.01639645, 0.02148482, -0.04454512, -0.05242105, -0.02414291, 0.02814867], [0.02344367, -0.05965674, 0.00762899, -0.00676397, 0.01242852, -0.03107266], [-0.03746796, 0.03068456, 0.07747214, 0.01118785, -0.00558889, -0.04000418], [0.03152619, -0.0109427, -0.01305452, 0.00294035, -0.00077734, -0.01847168], [0.02213592, -0.05938191, 0.0103876, 0.0037927, -0.01178918, -0.03252352], [0.01182432, 0.01482978, -0.05019345, 0.0545344, 0.01691357, 0.03836913], [-0.03568493, 0.03303226, 0.07355522, -0.00723958, 0.01732668, -0.03787029], [-0.00174517, -0.0196559, -0.00753776, -0.0346985, 0.01164866, 0.00928292], [0.05153195, -0.01138071, -0.02026665, -0.00028047, -0.01873416, -0.0312653], [0.04160987, -0.00998901, -0.02490321, -0.00902311, -0.03609016, -0.01670666], [0.03803645, -0.01155141, -0.02544081, -0.00074859, -0.04744748, -0.01259564], [0.02771205, -0.00699064, -0.02037462, -0.0039304, -0.05310722, -0.00733743], [0.03378031, -0.00107382, -0.02321797, -0.01143646, -0.05036489, -0.01056234], [0.04322378, -0.00107424, -0.02701205, -0.0075183, -0.04231462, -0.01621173]], "number of molecular orbitals": 75, "number of electrons": 76, "number of unpaired electrons": 0, "orbital energies/eV": [-28.67305651, -19.12444653, -18.31404452, -17.94218816, -17.79066133, -17.35333022, -17.17680117, -17.05785421, -16.48539756, -16.34850825, -16.11054499, -15.88811245, -15.48423477, -15.32721852, -14.86821463, -14.73830524, -14.42444176, -14.20026386, -14.0167494, -13.92903014, -13.78058047, -13.61801825, -13.4898421, -13.40651737, -13.3413856, -13.3263956, -12.78363384, -12.6561729, -12.38031896, -12.20338176, -12.12821257, -12.04596898, -11.68504767, -11.5766089, -11.40198118, -11.3079648, -10.8358042, -10.65666752, -6.93965622, -6.60488118, -6.21661099, -4.12092184, -3.15579908, -1.3031985, 0.30662599, 0.42499611, 0.61679889, 0.63024699, 1.58919673, 2.19711295, 2.65354177, 2.81460353, 3.15764716, 3.3789256, 3.639345, 3.82302439, 4.13617681, 4.25471498, 4.46800509, 4.51953298, 4.56728859, 4.96246497, 5.15738626, 5.71875569, 6.2413331, 6.62816913, 6.92979947, 8.00264179, 10.14616427, 10.34193307, 11.06316239, 11.38390914, 14.69840709, 15.83735541, 16.85096401], "fractional occupation": [2.0, 2.0, 2.0, 2.0, 2.0, 2.0, 2.0, 2.0, 2.0, 2.0, 2.0, 2.0, 2.0, 2.0, 2.0, 2.0, 2.0, 2.0, 2.0, 2.0, 2.0, 2.0, 2.0, 2.0, 2.0, 2.0, 2.0, 2.0, 2.0, 2.0, 2.0, 2.0, 2.0, 2.0, 2.0, 2.0, 2.0, 2.0, 0.0, 0.0, 0.0, 0.0, 0.0, 0.0, 0.0, 0.0, 0.0, 0.0, 0.0, 0.0, 0.0, 0.0, 0.0, 0.0, 0.0, 0.0, 0.0, 0.0, 0.0, 0.0, 0.0, 0.0, 0.0, 0.0, 0.0, 0.0, 0.0, 0.0, 0.0, 0.0, 0.0, 0.0, 0.0, 0.0, 0.0], "program call": "xtb /home/svss/Project-DBcg-Debug/aqme2_20220329/End-to-End-workflows-final/example-3/QDESCP/mol_839_rdkit_conf_1/mol_839_rdkit_conf_1.xyz --pop --wbo --acc 0.2 --gfn 2 --chrg 0 --uhf 0 --etemp 300 --input /home/svss/Project-DBcg-Debug/aqme2_20220329/End-to-End-workflows-final/example-3/QDESCP/mol_839_rdkit_conf_1/mol_839_rdkit_conf_1_xtb.inp", "method": "GFN2-xTB", "xtb version": "6.3.3 (7355c4f)", "Dipole module/D": 4.701, "Total charge": 0, "Transition dipole module/D": NaN, "HOMO": -10.6567, "LUMO": -6.9397, "HOMO occupancy": 2.0, "LUMO occupancy": 0, "mulliken charges": [-0.09625, 0.13945, -0.09727, -0.27752, 0.46112, -0.53539, 0.03064, -0.11542, 0.13072, -0.05613, -0.02076, -0.03333, -0.02254, -0.05496, 0.03341, 0.05762, 0.03042, 0.02252, 0.05607, 0.02991, 0.0322, 0.06101, 0.03319, 0.04238, 0.03801, 0.03537, 0.03596, 0.03956], "cm5 charges": [-0.23874, 0.12537, -0.23981, -0.51195, 0.55076, -0.58315, -0.05897, -0.12254, 0.18108, -0.10449, -0.07596, -0.08861, -0.07771, -0.10354, 0.08746, 0.11533, 0.08216, 0.09239, 0.11337, 0.08382, 0.08395, 0.11929, 0.09373, 0.10277, 0.09335, 0.09072, 0.09131, 0.09863], "FUKUI+": [0.014, 0.011, 0.015, -0.042, -0.06, -0.138, 0.021, -0.102, -0.044, -0.019, -0.029, -0.049, -0.025, -0.03, -0.009, -0.01, -0.033, -0.02, -0.01, -0.012, -0.033, -0.058, -0.04, -0.046, -0.061, -0.069, -0.063, -0.058], "FUKUI-": [0.009, 0.006, 0.013, -0.073, -0.012, -0.116, 0.021, -0.165, -0.017, -0.016, -0.018, -0.039, -0.021, -0.019, -0.024, -0.028, -0.051, -0.038, -0.023, -0.025, -0.038, -0.052, -0.045, -0.032, -0.049, -0.056, -0.053, -0.041], "FUKUIrad": [0.012, 0.009, 0.014, -0.057, -0.036, -0.127, 0.021, -0.134, -0.031, -0.017, -0.023, -0.044, -0.023, -0.024, -0.017, -0.019, -0.042, -0.029, -0.016, -0.019, -0.035, -0.055, -0.042, -0.039, -0.055, -0.062, -0.058, -0.05], "s proportion": [1.014, 1.034, 1.014, 1.454, 1.011, 1.733, 1.05, 1.949, 1.05, 1.066, 1.062, 1.06, 1.061, 1.063, 0.967, 0.942, 0.97, 0.977, 0.944, 0.97, 0.968, 0.939, 0.967, 0.958, 0.962, 0.965, 0.964, 0.96], "p proportion": [3.082, 2.827, 3.083, 3.823, 2.528, 4.802, 2.919, 5.181, 2.819, 2.99, 2.959, 2.973, 2.961, 2.992, 0.0, 0.0, 0.0, 0.0, 0.0, 0.0, 0.0, 0.0, 0.0, 0.0, 0.0, 0.0, 0.0, 0.0], "d proportion": [0.0, 0.0, 0.0, 0.0, 0.0, 0.0, 0.0, -0.015, 0.0, 0.0, 0.0, 0.0, 0.0, 0.0, 0.0, 0.0, 0.0, 0.0, 0.0, 0.0, 0.0, 0.0, 0.0, 0.0, 0.0, 0.0, 0.0, 0.0], "Fermi-level/eV": -8.7982, "Coordination numbers": [3.75, 3.788, 3.75, 2.732, 2.783, 0.857, 3.713, 0.923, 2.902, 2.915, 2.911, 2.912, 2.911, 2.915, 0.924, 0.924, 0.924, 0.924, 0.924, 0.924, 0.924, 0.924, 0.925, 0.925, 0.925, 0.925, 0.925, 0.925], "Dispersion coefficient C6": [22.685, 19.672, 22.687, 23.352, 22.526, 21.838, 20.569, 104.439, 26.609, 29.062, 28.676, 28.79, 28.715, 29.097, 2.481, 2.106, 2.427, 2.384, 2.164, 2.514, 2.383, 1.954, 2.158, 2.328, 2.416, 2.476, 2.459, 2.456], "Total dispersion C6": 9257.445694, "Total dispersion C8": 230893.791173, "Polarizability alpha": [6.793, 6.317, 6.793, 7.177, 7.774, 6.265, 6.48, 15.635, 8.458, 8.84, 8.781, 8.798, 8.787, 8.845, 2.463, 2.269, 2.436, 2.415, 2.3, 2.479, 2.414, 2.186, 2.297, 2.386, 2.431, 2.461, 2.452, 2.451], "Total polarizability alpha": 149.185117, "Wiberg matrix": [[0.0, 1.0004480091205612, 0.0, 0.0, 0.0, 0.0, 0.0, 0.0, 0.0, 0.0, 0.0, 0.0, 0.0, 0.0, 0.9861233167724511, 0.9819822591046778, 0.9833693878845777, 0.0, 0.0, 0.0, 0.0, 0.0, 0.0, 0.0, 0.0, 0.0, 0.0, 0.0], [1.0004480091205612, 0.0, 1.004547654416076, 0.9463703490235092, 0.0, 0.0, 0.0, 0.0, 0.0, 0.0, 0.0, 0.0, 0.0, 0.0, 0.0, 0.0, 0.0, 0.9635212674052338, 0.0, 0.0, 0.0, 0.0, 0.0, 0.0, 0.0, 0.0, 0.0, 0.0], [0.0, 1.004547654416076, 0.0, 0.0, 0.0, 0.0, 0.0, 0.0, 0.0, 0.0, 0.0, 0.0, 0.0, 0.0, 0.0, 0.0, 0.0, 0.0, 0.982904467926196, 0.9861164851353889, 0.9833461725051563, 0.0, 0.0, 0.0, 0.0, 0.0, 0.0, 0.0], [0.0, 0.9463703490235092, 0.0, 0.0, 1.201235541902463, 0.18616432810505673, 0.0, 0.0, 1.0266946352925728, 0.0, 0.0, 0.0, 0.0, 0.0, 0.0, 0.0, 0.0, 0.0, 0.0, 0.0, 0.0, 0.0, 0.0, 0.0, 0.0, 0.0, 0.0, 0.0], [0.0, 0.0, 0.0, 1.201235541902463, 0.0, 1.7047576097370962, 0.9710052278413953, 0.0, 0.0, 0.0, 0.0, 0.0, 0.0, 0.0, 0.0, 0.0, 0.0, 0.0, 0.0, 0.0, 0.0, 0.0, 0.0, 0.0, 0.0, 0.0, 0.0, 0.0], [0.0, 0.0, 0.0, 0.18616432810505673, 1.7047576097370962, 0.0, 0.0, 0.0, 0.0, 0.0, 0.0, 0.0, 0.0, 0.0, 0.0, 0.0, 0.0, 0.0, 0.0, 0.0, 0.0, 0.0, 0.0, 0.0, 0.0, 0.0, 0.0, 0.0], [0.0, 0.0, 0.0, 0.0, 0.9710052278413953, 0.0, 0.0, 0.9536302937054159, 0.0, 0.0, 0.0, 0.0, 0.0, 0.0, 0.0, 0.0, 0.0, 0.0, 0.0, 0.0, 0.0, 0.964623433877522, 0.9751728682858303, 0.0, 0.0, 0.0, 0.0, 0.0], [0.0, 0.0, 0.0, 0.0, 0.0, 0.0, 0.9536302937054159, 0.0, 0.0, 0.0, 0.0, 0.0, 0.0, 0.0, 0.0, 0.0, 0.0, 0.0, 0.0, 0.0, 0.0, 0.0, 0.0, 0.0, 0.0, 0.0, 0.0, 0.0], [0.0, 0.0, 0.0, 1.0266946352925728, 0.0, 0.0, 0.0, 0.0, 0.0, 1.3875141320852902, 0.0, 0.10109793232431269, 0.0, 1.385932241513777, 0.0, 0.0, 0.0, 0.0, 0.0, 0.0, 0.0, 0.0, 0.0, 0.0, 0.0, 0.0, 0.0, 0.0], [0.0, 0.0, 0.0, 0.0, 0.0, 0.0, 0.0, 0.0, 1.3875141320852902, 0.0, 1.4426041824728186, 0.0, 0.10924147310777532, 0.0, 0.0, 0.0, 0.0, 0.0, 0.0, 0.0, 0.0, 0.0, 0.0, 0.9670974049497463, 0.0, 0.0, 0.0, 0.0], [0.0, 0.0, 0.0, 0.0, 0.0, 0.0, 0.0, 0.0, 0.0, 1.4426041824728186, 0.0, 1.437976637023932, 0.0, 0.11024765576656911, 0.0, 0.0, 0.0, 0.0, 0.0, 0.0, 0.0, 0.0, 0.0, 0.0, 0.9702608956526393, 0.0, 0.0, 0.0], [0.0, 0.0, 0.0, 0.0, 0.0, 0.0, 0.0, 0.0, 0.10109793232431269, 0.0, 1.437976637023932, 0.0, 1.4351977603360495, 0.0, 0.0, 0.0, 0.0, 0.0, 0.0, 0.0, 0.0, 0.0, 0.0, 0.0, 0.0, 0.9707548293926268, 0.0, 0.0], [0.0, 0.0, 0.0, 0.0, 0.0, 0.0, 0.0, 0.0, 0.0, 0.10924147310777532, 0.0, 1.4351977603360495, 0.0, 1.4461362667637931, 0.0, 0.0, 0.0, 0.0, 0.0, 0.0, 0.0, 0.0, 0.0, 0.0, 0.0, 0.0, 0.9706899461418216, 0.0], [0.0, 0.0, 0.0, 0.0, 0.0, 0.0, 0.0, 0.0, 1.385932241513777, 0.0, 0.11024765576656911, 0.0, 1.4461362667637931, 0.0, 0.0, 0.0, 0.0, 0.0, 0.0, 0.0, 0.0, 0.0, 0.0, 0.0, 0.0, 0.0, 0.0, 0.9676096526060343], [0.9861233167724511, 0.0, 0.0, 0.0, 0.0, 0.0, 0.0, 0.0, 0.0, 0.0, 0.0, 0.0, 0.0, 0.0, 0.0, 0.0, 0.0, 0.0, 0.0, 0.0, 0.0, 0.0, 0.0, 0.0, 0.0, 0.0, 0.0, 0.0], [0.9819822591046778, 0.0, 0.0, 0.0, 0.0, 0.0, 0.0, 0.0, 0.0, 0.0, 0.0, 0.0, 0.0, 0.0, 0.0, 0.0, 0.0, 0.0, 0.0, 0.0, 0.0, 0.0, 0.0, 0.0, 0.0, 0.0, 0.0, 0.0], [0.9833693878845777, 0.0, 0.0, 0.0, 0.0, 0.0, 0.0, 0.0, 0.0, 0.0, 0.0, 0.0, 0.0, 0.0, 0.0, 0.0, 0.0, 0.0, 0.0, 0.0, 0.0, 0.0, 0.0, 0.0, 0.0, 0.0, 0.0, 0.0], [0.0, 0.9635212674052338, 0.0, 0.0, 0.0, 0.0, 0.0, 0.0, 0.0, 0.0, 0.0, 0.0, 0.0, 0.0, 0.0, 0.0, 0.0, 0.0, 0.0, 0.0, 0.0, 0.0, 0.0, 0.0, 0.0, 0.0, 0.0, 0.0], [0.0, 0.0, 0.982904467926196, 0.0, 0.0, 0.0, 0.0, 0.0, 0.0, 0.0, 0.0, 0.0, 0.0, 0.0, 0.0, 0.0, 0.0, 0.0, 0.0, 0.0, 0.0, 0.0, 0.0, 0.0, 0.0, 0.0, 0.0, 0.0], [0.0, 0.0, 0.9861164851353889, 0.0, 0.0, 0.0, 0.0, 0.0, 0.0, 0.0, 0.0, 0.0, 0.0, 0.0, 0.0, 0.0, 0.0, 0.0, 0.0, 0.0, 0.0, 0.0, 0.0, 0.0, 0.0, 0.0, 0.0, 0.0], [0.0, 0.0, 0.9833461725051563, 0.0, 0.0, 0.0, 0.0, 0.0, 0.0, 0.0, 0.0, 0.0, 0.0, 0.0, 0.0, 0.0, 0.0, 0.0, 0.0, 0.0, 0.0, 0.0, 0.0, 0.0, 0.0, 0.0, 0.0, 0.0], [0.0, 0.0, 0.0, 0.0, 0.0, 0.0, 0.964623433877522, 0.0, 0.0, 0.0, 0.0, 0.0, 0.0, 0.0, 0.0, 0.0, 0.0, 0.0, 0.0, 0.0, 0.0, 0.0, 0.0, 0.0, 0.0, 0.0, 0.0, 0.0], [0.0, 0.0, 0.0, 0.0, 0.0, 0.0, 0.9751728682858303, 0.0, 0.0, 0.0, 0.0, 0.0, 0.0, 0.0, 0.0, 0.0, 0.0, 0.0, 0.0, 0.0, 0.0, 0.0, 0.0, 0.0, 0.0, 0.0, 0.0, 0.0], [0.0, 0.0, 0.0, 0.0, 0.0, 0.0, 0.0, 0.0, 0.0, 0.9670974049497463, 0.0, 0.0, 0.0, 0.0, 0.0, 0.0, 0.0, 0.0, 0.0, 0.0, 0.0, 0.0, 0.0, 0.0, 0.0, 0.0, 0.0, 0.0], [0.0, 0.0, 0.0, 0.0, 0.0, 0.0, 0.0, 0.0, 0.0, 0.0, 0.9702608956526393, 0.0, 0.0, 0.0, 0.0, 0.0, 0.0, 0.0, 0.0, 0.0, 0.0, 0.0, 0.0, 0.0, 0.0, 0.0, 0.0, 0.0], [0.0, 0.0, 0.0, 0.0, 0.0, 0.0, 0.0, 0.0, 0.0, 0.0, 0.0, 0.9707548293926268, 0.0, 0.0, 0.0, 0.0, 0.0, 0.0, 0.0, 0.0, 0.0, 0.0, 0.0, 0.0, 0.0, 0.0, 0.0, 0.0], [0.0, 0.0, 0.0, 0.0, 0.0, 0.0, 0.0, 0.0, 0.0, 0.0, 0.0, 0.0, 0.9706899461418216, 0.0, 0.0, 0.0, 0.0, 0.0, 0.0, 0.0, 0.0, 0.0, 0.0, 0.0, 0.0, 0.0, 0.0, 0.0], [0.0, 0.0, 0.0, 0.0, 0.0, 0.0, 0.0, 0.0, 0.0, 0.0, 0.0, 0.0, 0.0, 0.9676096526060343, 0.0, 0.0, 0.0, 0.0, 0.0, 0.0, 0.0, 0.0, 0.0, 0.0, 0.0, 0.0, 0.0, 0.0]], "Born radii": [], "Atomic SASAs": [], "Solvent H bonds": [], "Total SASA": NaN, "Total FOD": 0.0, "FOD": [0.0, 0.0, 0.0, 0.0, 0.0, 0.0, 0.0, 0.0, 0.0, 0.0, 0.0, 0.0, 0.0, 0.0, 0.0, 0.0, 0.0, 0.0, 0.0, 0.0, 0.0, 0.0, 0.0, 0.0, 0.0, 0.0, 0.0, 0.0], "FOD s proportion": [0.0, 0.0, 0.0, 0.0, 0.0, 0.0, 0.0, 0.0, 0.0, 0.0, 0.0, 0.0, 0.0, 0.0, 0.0, 0.0, 0.0, 0.0, 0.0, 0.0, 0.0, 0.0, 0.0, 0.0, 0.0, 0.0, 0.0, 0.0], "FOD p proportion": [0.0, 0.0, 0.0, 0.0, 0.0, 0.0, 0.0, 0.0, 0.0, 0.0, 0.0, 0.0, 0.0, 0.0, 0.0, 0.0, 0.0, 0.0, 0.0, 0.0, 0.0, 0.0, 0.0, 0.0, 0.0, 0.0, 0.0, 0.0], "FOD d proportion": [0.0, 0.0, 0.0, 0.0, 0.0, 0.0, 0.0, 0.0, 0.0, 0.0, 0.0, 0.0, 0.0, 0.0, 0.0, 0.0, 0.0, 0.0, 0.0, 0.0, 0.0, 0.0, 0.0, 0.0, 0.0, 0.0, 0.0, 0.0], "coordinates": [["-2.02720", "-1.45690", "-1.20160"], ["-1.23720", "-1.25370", "0.09540"], ["-2.09220", "-1.55830", "1.32820"], ["-0.60300", "0.08810", "0.16950"], ["-1.40470", "1.23690", "0.22970"], ["-2.63250", "1.19240", "0.09810"], ["-0.74560", "2.56280", "0.59010"], ["-0.90850", "3.70490", "-0.75950"], ["0.80680", "0.12590", "-0.04400"], ["1.36220", "0.92540", "-1.04980"], ["2.74360", "0.94660", "-1.25640"], ["3.58040", "0.16210", "-0.46600"], ["3.03670", "-0.65130", "0.52560"], ["1.65530", "-0.67460", "0.73150"], ["-1.40700", "-1.22280", "-2.07350"], ["-2.92210", "-0.83040", "-1.25030"], ["-2.35320", "-2.49890", "-1.29010"], ["-0.44460", "-2.01220", "0.07890"], ["-2.97870", "-0.92040", "1.38890"], ["-1.51240", "-1.41210", "2.24590"], ["-2.43610", "-2.59800", "1.30840"], ["-1.27700", "2.97950", "1.45200"], ["0.30430", "2.48080", "0.87240"], ["0.73020", "1.50790", "-1.71480"], ["3.16390", "1.56770", "-2.04390"], ["4.65520", "0.17830", "-0.62890"], ["3.68820", "-1.26700", "1.14080"], ["1.25520", "-1.30270", "1.52350"]], "bond_dist": [[0.0, 1.5321877300122202, 2.532665591822181, 2.509040822704964, 3.113307626945979, 3.0123742579566706, 4.583740343867659, 5.300105785736734, 3.4462805457478356, 4.1456518052050635, 5.342316719364361, 5.882809373080177, 5.410664876888976, 4.231982413715823, 1.0952901259483718, 1.0934898033360894, 1.0953868038277619, 2.1101329578962553, 2.811383067104161, 3.4860123823646982, 2.787365856861994, 5.223603924495041, 5.024226262818983, 4.081258144249149, 6.066728414887221, 6.903356726260059, 6.179700391604759, 4.2689691273186785], [1.5321877300122202, 0.0, 1.5308827518787975, 1.485977015300035, 2.499836214634871, 2.8160743225277276, 3.879699846637624, 5.0424807049705205, 2.469952331523829, 3.5800614813156493, 4.745044991356773, 5.052616090699946, 4.337531441960969, 3.0177038075331386, 2.1757559743684496, 2.1974938885011714, 2.17154076406592, 1.0971824187435744, 2.1947786653783563, 2.1738159650715603, 2.171606018595454, 4.445439217895123, 4.114175676851925, 3.8436859080835415, 5.648591298722186, 6.107013365795101, 5.035136861099209, 2.8729650833241953], [2.532665591822181, 1.5308827518787975, 0.0, 2.5041835575692133, 3.08099035052043, 3.0612776074704495, 4.397907272783272, 5.7845407095118615, 3.6226597245670207, 4.8740669927689755, 6.028237122907492, 6.193328714027699, 5.269955499812119, 3.8962459919774064, 3.4862045522315523, 2.8048591176741837, 2.794341469827909, 2.116922639115563, 1.0938387221158334, 1.0953153746752575, 1.095278658607023, 4.612104326660445, 4.718611522471414, 5.160171818844795, 6.983517854204999, 7.236948716828108, 5.790768395472228, 3.3628202761967523], [2.509040822704964, 1.485977015300035, 2.5041835575692133, 0.0, 1.402172731870079, 2.3115896478397713, 2.5142353131717807, 3.7466803293048634, 1.4263755220838583, 2.459629000479544, 3.737638909793186, 4.23204109266439, 3.73107701073028, 2.448974107662227, 2.7195447799218164, 2.8701392126515395, 3.4476370458619914, 2.108212278211091, 2.8544630142988368, 2.718279853142424, 3.445646823166878, 3.2340804272621297, 2.653728507213954, 2.70995217116465, 4.612796476108608, 5.319233576371693, 4.603706891191054, 2.68710771648626], [3.113307626945979, 2.499836214634871, 3.08099035052043, 1.402172731870079, 0.0, 1.235634108464152, 1.523913311182759, 2.704765254139442, 2.489972879370376, 3.0642924321937683, 4.416011796859243, 5.146884061254926, 4.835172179974566, 3.6426961841471215, 3.369697259398832, 2.9608498864346364, 4.143144449569675, 3.3913394787310813, 2.911213480664034, 3.330745071301615, 4.11507444161099, 2.1323647295901322, 2.2093056601566023, 2.900399844848982, 5.113784465540173, 6.211297443368816, 5.747803826680239, 3.8985323661603735], [3.0123742579566706, 2.8160743225277276, 3.0612776074704495, 2.3115896478397713, 1.235634108464152, 0.0, 2.383369834918618, 3.165487325831522, 3.603664683346662, 4.164923948885502, 5.5495530540756155, 6.322962384041202, 5.9767729235767355, 4.719333999623252, 3.47143887314756, 2.448217833445382, 3.9535810880769855, 3.880301046310711, 2.4999885839739346, 3.556836951562441, 3.983783529510608, 2.6199526465186347, 3.299137658540486, 3.83326205078651, 6.190901957711817, 7.39374729754811, 6.862005547942962, 4.83440797409569], [4.583740343867659, 3.879699846637624, 4.397907272783272, 2.5142353131717807, 1.523913311182759, 2.383369834918618, 0.0, 1.775485561754868, 2.9581261264523526, 3.132598220327657, 4.265698223034536, 5.058950849731593, 4.963908978819012, 4.032998082072443, 4.675786808655844, 4.4314817668585755, 5.633856289434441, 4.613301576961992, 4.213964794584786, 4.3737267735879435, 5.477919475494323, 1.0949413043629324, 1.0902785423918055, 2.93314910292675, 4.817921778111388, 6.028303400626084, 5.8846598007021615, 4.4515757266388265], [5.300105785736734, 5.0424807049705205, 5.7845407095118615, 3.7466803293048634, 2.704765254139442, 3.165487325831522, 1.775485561754868, 0.0, 4.03279497867174, 3.600829464165166, 4.603581530721488, 5.726062984285101, 6.016025555963006, 5.289250579240882, 5.124190232612369, 4.986423135876056, 6.391856450985112, 5.796839671752187, 5.504066741056108, 5.964965496128205, 6.807078711165311, 2.356423064731798, 2.3732682654938104, 2.9025410901484237, 4.77511769069622, 6.588529548389382, 7.032821666301514, 5.913522169570348], [3.4462805457478356, 2.469952331523829, 3.6226597245670207, 1.4263755220838583, 2.489972879370376, 3.603664683346662, 2.9581261264523526, 4.03279497867174, 0.0, 1.3997510671544424, 2.4278913670096527, 2.80575326784092, 2.4291846389272265, 1.4007686282894831, 3.292229089841714, 4.03414979766493, 4.2927776846699155, 2.4804390700035346, 4.180664582336163, 3.60385552568357, 4.44578647485459, 3.8370915287493466, 2.5764023792878312, 2.169646100173943, 3.4109100926292384, 3.8929469980979703, 3.412680384976009, 2.1677215619170283], [4.1456518052050635, 3.5800614813156493, 4.8740669927689755, 2.459629000479544, 3.0642924321937683, 4.164923948885502, 3.132598220327657, 3.600829464165166, 1.3997510671544424, 0.0, 1.3969248226014166, 2.4174078203728886, 2.7877981096198488, 2.4122473546467, 3.6511907057835256, 4.63446441134248, 5.058435700886194, 3.6287716502971086, 5.310145773893594, 4.958716557739513, 5.692322697282718, 4.176566375624838, 2.689474746116795, 1.0867176496220168, 2.1556685714645467, 3.402817100580047, 3.874999628387079, 3.4055471660219303], [5.342316719364361, 4.745044991356773, 6.028237122907492, 3.737638909793186, 4.416011796859243, 5.5495530540756155, 4.265698223034536, 4.603581530721488, 2.4278913670096527, 1.3969248226014166, 0.0, 1.392984798912034, 2.4113722275915843, 2.786473172309398, 4.754096037103163, 5.937838217735474, 6.152233430226782, 4.549960743786698, 6.5748017749586944, 5.995257040361156, 6.780241904976547, 5.256742083267924, 3.5827005973148243, 2.1398522869581442, 1.0874619763467595, 2.1536609993218523, 3.3968900423769974, 3.873309832688317], [5.882809373080177, 5.052616090699946, 6.193328714027699, 4.23204109266439, 5.146884061254926, 6.322962384041202, 5.058950849731593, 5.726062984285101, 2.80575326784092, 2.4174078203728886, 1.392984798912034, 0.0, 1.3930182374972697, 2.416626398515087, 5.4199781383322945, 6.624401028772336, 6.554972980112123, 4.60707298618114, 6.901757245078967, 5.9807289764710125, 6.853095623147251, 5.933869017765728, 4.230900076815806, 3.390327288035773, 2.153822652866294, 1.087195424015388, 2.153080093726195, 3.3926839419551005], [5.410664876888976, 4.337531441960969, 5.269955499812119, 3.73107701073028, 4.835172179974566, 5.9767729235767355, 4.963908978819012, 6.016025555963006, 2.4291846389272265, 2.7877981096198488, 2.4113722275915843, 1.3930182374972697, 0.0, 1.3968549173053013, 5.179614150687288, 6.220385443041291, 5.980084803746516, 3.7644441010592784, 6.082987659037292, 4.922657771976435, 5.861224835305331, 5.713924508601772, 4.170890841295178, 3.8731742860346476, 3.3974212411769016, 2.1542164840145475, 1.0872027317846473, 2.143331196992196], [4.231982413715823, 3.0177038075331386, 3.8962459919774064, 2.448974107662227, 3.6426961841471215, 4.719333999623252, 4.032998082072443, 5.289250579240882, 1.4007686282894831, 2.4122473546467, 2.786473172309398, 2.416626398515087, 1.3968549173053013, 0.0, 4.188821974016084, 4.990430406287618, 4.845927083644573, 2.5738377046737035, 4.686848450718244, 3.587706356434428, 4.557612876276352, 4.740247920731573, 3.4353461208443026, 3.4063910447862558, 3.873838975744862, 3.402576462035791, 2.156651724317119, 1.0871309120800494], [1.0952901259483718, 2.1757559743684496, 3.4862045522315523, 2.7195447799218164, 3.369697259398832, 3.47143887314756, 4.675786808655844, 5.124190232612369, 3.292229089841714, 3.6511907057835256, 4.754096037103163, 5.4199781383322945, 5.179614150687288, 4.188821974016084, 0.0, 1.768378921498444, 1.7712823631482362, 2.486401391569752, 3.814433170210221, 4.32483063367804, 3.7930817892579114, 5.486836569463319, 5.0322487478263636, 3.486117040490752, 5.355454529729479, 6.387504928373832, 6.024511695565044, 4.4757236118866865], [1.0934898033360894, 2.1974938885011714, 2.8048591176741837, 2.8701392126515395, 2.9608498864346364, 2.448217833445382, 4.4314817668585755, 4.986423135876056, 4.03414979766493, 4.63446441134248, 5.937838217735474, 6.624401028772336, 6.220385443041291, 4.990430406287618, 1.768378921498444, 0.0, 1.7632706825669164, 3.0498246064323107, 2.641340606585981, 3.814320833385676, 3.1476263199433316, 4.952183085266538, 5.087195464103969, 4.361502313423667, 6.589391517431636, 7.669360399668279, 7.043013904572389, 5.0365532877157175], [1.0953868038277619, 2.17154076406592, 2.794341469827909, 3.4476370458619914, 4.143144449569675, 3.9535810880769855, 5.633856289434441, 6.391856450985112, 4.2927776846699155, 5.058435700886194, 6.152233430226782, 6.554972980112123, 5.980084803746516, 4.845927083644573, 1.7712823631482362, 1.7632706825669164, 0.0, 2.3987062867304116, 3.171742975084835, 3.7935965626302433, 2.6017101049117675, 6.220143520048392, 6.044511939768173, 5.073674397317983, 6.89520430516747, 7.531417916966234, 6.6276214722930575, 4.7294597957906355], [2.1101329578962553, 1.0971824187435744, 2.116922639115563, 2.108212278211091, 3.3913394787310813, 3.880301046310711, 4.613301576961992, 5.796839671752187, 2.4804390700035346, 3.6287716502971086, 4.549960743786698, 4.60707298618114, 3.7644441010592784, 2.5738377046737035, 2.486401391569752, 3.0498246064323107, 2.3987062867304116, 0.0, 3.0544705023948096, 2.48921791934736, 2.412654998129654, 5.243602031046978, 4.623585455033788, 4.12172521403356, 5.508469487979397, 5.595286510090435, 4.3316267717798596, 2.340850155392267], [2.811383067104161, 2.1947786653783563, 1.0938387221158334, 2.8544630142988368, 2.911213480664034, 2.4999885839739346, 4.213964794584786, 5.504066741056108, 4.180664582336163, 5.310145773893594, 6.5748017749586944, 6.901757245078967, 6.082987659037292, 4.686848450718244, 3.814433170210221, 2.641340606585981, 3.171742975084835, 3.0544705023948096, 0.0, 1.7681214833828582, 1.7650033342744709, 4.255465251884922, 4.755315204063764, 5.411611016139279, 7.463664797537467, 7.972144488153736, 6.680512014808445, 4.2532551839738], [3.4860123823646982, 2.1738159650715603, 1.0953153746752575, 2.718279853142424, 3.330745071301615, 3.556836951562441, 4.3737267735879435, 5.964965496128205, 3.60385552568357, 4.958716557739513, 5.995257040361156, 5.9807289764710125, 4.922657771976435, 3.587706356434428, 4.32483063367804, 3.814320833385676, 3.7935965626302433, 2.48921791934736, 1.7681214833828582, 0.0, 1.7715774750204971, 4.468986566325747, 4.510163140064891, 5.407661162646935, 7.010661435984482, 6.988071047148849, 5.318697244626732, 2.8624185368320965], [2.787365856861994, 2.171606018595454, 1.095278658607023, 3.445646823166878, 4.11507444161099, 3.983783529510608, 5.477919475494323, 6.807078711165311, 4.44578647485459, 5.692322697282718, 6.780241904976547, 6.853095623147251, 5.861224835305331, 4.557612876276352, 3.7930817892579114, 3.1476263199433316, 2.6017101049117675, 2.412654998129654, 1.7650033342744709, 1.7715774750204971, 0.0, 5.698476991267053, 5.787408539234118, 6.001967072552131, 7.742801287647772, 7.8579583016200845, 6.269505662330962, 3.9178777150391], [5.223603924495041, 4.445439217895123, 4.612104326660445, 3.2340804272621297, 2.1323647295901322, 2.6199526465186347, 1.0949413043629324, 2.356423064731798, 3.8370915287493466, 4.176566375624838, 5.256742083267924, 5.933869017765728, 5.713924508601772, 4.740247920731573, 5.486836569463319, 4.952183085266538, 6.220143520048392, 5.243602031046978, 4.255465251884922, 4.468986566325747, 5.698476991267053, 0.0, 1.7564588068041902, 4.027788554529645, 5.825468981979047, 6.882431480952062, 6.54085764483527, 4.97537796855676], [5.024226262818983, 4.114175676851925, 4.718611522471414, 2.653728507213954, 2.2093056601566023, 3.299137658540486, 1.0902785423918055, 2.3732682654938104, 2.5764023792878312, 2.689474746116795, 3.5827005973148243, 4.230900076815806, 4.170890841295178, 3.4353461208443026, 5.0322487478263636, 5.087195464103969, 6.044511939768173, 4.623585455033788, 4.755315204063764, 4.510163140064891, 5.787408539234118, 1.7564588068041902, 0.0, 2.7966996728286717, 4.185196466117212, 5.1464297090313, 5.056562331268151, 3.955125063762207], [4.081258144249149, 3.8436859080835415, 5.160171818844795, 2.70995217116465, 2.900399844848982, 3.83326205078651, 2.93314910292675, 2.9025410901484237, 2.169646100173943, 1.0867176496220168, 2.1398522869581442, 3.390327288035773, 3.8731742860346476, 3.4063910447862558, 3.486117040490752, 4.361502313423667, 5.073674397317983, 4.12172521403356, 5.411611016139279, 5.407661162646935, 6.001967072552131, 4.027788554529645, 2.7966996728286717, 0.0, 2.4565786248357697, 4.283998129084559, 4.960270695234283, 4.319917157770505], [6.066728414887221, 5.648591298722186, 6.983517854204999, 4.612796476108608, 5.113784465540173, 6.190901957711817, 4.817921778111388, 4.77511769069622, 3.4109100926292384, 2.1556685714645467, 1.0874619763467595, 2.153822652866294, 3.3974212411769016, 3.873838975744862, 5.355454529729479, 6.589391517431636, 6.89520430516747, 5.508469487979397, 7.463664797537467, 7.010661435984482, 7.742801287647772, 5.825468981979047, 4.185196466117212, 2.4565786248357697, 0.0, 2.481256345080048, 4.295663938205594, 4.960713115067228], [6.903356726260059, 6.107013365795101, 7.236948716828108, 5.319233576371693, 6.211297443368816, 7.39374729754811, 6.028303400626084, 6.588529548389382, 3.8929469980979703, 3.402817100580047, 2.1536609993218523, 1.087195424015388, 2.1542164840145475, 3.402576462035791, 6.387504928373832, 7.669360399668279, 7.531417916966234, 5.595286510090435, 7.972144488153736, 6.988071047148849, 7.8579583016200845, 6.882431480952062, 5.1464297090313, 4.283998129084559, 2.481256345080048, 0.0, 2.481092336048781, 4.287911701516252], [6.179700391604759, 5.035136861099209, 5.790768395472228, 4.603706891191054, 5.747803826680239, 6.862005547942962, 5.8846598007021615, 7.032821666301514, 3.412680384976009, 3.874999628387079, 3.3968900423769974, 2.153080093726195, 1.0872027317846473, 2.156651724317119, 6.024511695565044, 7.043013904572389, 6.6276214722930575, 4.3316267717798596, 6.680512014808445, 5.318697244626732, 6.269505662330962, 6.54085764483527, 5.056562331268151, 4.960270695234283, 4.295663938205594, 2.481092336048781, 0.0, 2.463173315055195], [4.2689691273186785, 2.8729650833241953, 3.3628202761967523, 2.68710771648626, 3.8985323661603735, 4.83440797409569, 4.4515757266388265, 5.913522169570348, 2.1677215619170283, 3.4055471660219303, 3.873309832688317, 3.3926839419551005, 2.143331196992196, 1.0871309120800494, 4.4757236118866865, 5.0365532877157175, 4.7294597957906355, 2.340850155392267, 4.2532551839738, 2.8624185368320965, 3.9178777150391, 4.97537796855676, 3.955125063762207, 4.319917157770505, 4.960713115067228, 4.287911701516252, 2.463173315055195, 0.0]]}