{"total energy": -60.62160024, "HOMO-LUMO gap/eV": 3.83230475, "electronic energy": -61.27759871, "dipole": [0.56206739, 0.50088032, 0.74032969], "partial charges": [-0.11006572, 0.0876888, -0.31257432, 0.23707199, -0.29870295, 0.13429901, -0.05536826, -0.05299224, 0.13953884, -0.40357465, 1.30176727, -0.22602232, -0.58911027, -0.58915011, -0.06541807, -0.01849941, 0.01861807, -0.10349979, -0.11077746, 0.04574941, 0.05262842, 0.05575174, 0.04008393, 0.02259314, 0.01454493, 0.06490777, 0.06178587, 0.10005905, 0.09957261, 0.1015219, 0.06014498, 0.04706622, 0.05899656, 0.04824771, 0.03789302, 0.05114406, 0.05408028], "atomic dipole moments": [[0.12244521, -0.00513319, 0.0648406], [0.09187673, -0.07075081, -0.19363793], [0.07657462, 0.0371389, 0.25854117], [-0.03820754, 0.20513662, -0.02936373], [0.10540515, -0.18819421, -0.10349168], [-0.24266742, 0.00507504, 0.03969067], [-0.00885194, -0.0246937, -0.02562884], [-0.00073075, -0.05003051, -0.04176151], [0.30610077, -0.06774418, -0.08336908], [-0.10170212, -0.12313323, -0.06735693], [-0.07027189, 0.18217894, 0.12860623], [-0.15172275, -0.05213646, -0.02363986], [0.04180614, -0.02904567, 0.1782219], [0.02125593, 0.15478735, -0.09811885], [0.0355074, 0.02019671, 0.01908562], [-0.06398525, -0.03240093, -0.0198867], [-0.02349091, 0.01453694, 0.02815369], [0.03863287, -0.04189058, 0.12273959], [-0.00272346, 0.12479254, 0.00671316], [-0.08585554, 0.03600639, 0.08684019], [-0.03581771, -0.11094668, -0.05130361], [-0.00307848, 0.08138368, -0.09924294], [0.03404215, 0.1109224, 0.04093193], [-0.00218917, -0.08116632, 0.08625938], [-0.00439376, -0.07441973, 0.09512682], [-0.03709076, 0.11498242, 0.09625677], [0.10696495, 0.09201845, 0.06172546], [0.00920349, 0.11863492, -0.05481502], [0.02253134, -0.00399401, 0.12892213], [0.06538194, -0.09232942, -0.06630618], [0.02519628, -0.11797576, -0.1052946], [0.08480523, -0.02839498, -0.09092218], [-0.11282941, -0.04710657, -0.0443278], [-0.01124796, 0.13035653, -0.00846109], [0.03780572, -0.05023376, 0.11174007], [-0.11483967, -0.05229598, -0.02483934], [0.08072962, -0.05116453, -0.08537855]], "atomic quadrupole moments": [[0.21837268, -0.0268962, -0.14121545, 0.14047878, -0.004499, -0.07715723], [0.23240595, -0.15956053, -0.31942063, -0.20159904, 0.13395674, 0.08701468], [0.10055184, -0.05907422, -0.13555096, -0.00868721, 0.04133937, 0.03499912], [0.27305652, 0.08914475, 0.02685526, 0.12711752, 0.2046843, -0.29991179], [0.05132621, 0.03808794, 0.04539071, -0.01464568, 0.06078528, -0.09671693], [0.14527465, -0.0781158, -0.14587723, -0.0639302, -0.31218549, 0.00060258], [-0.20363363, -0.00989747, 0.02102067, 0.07233936, -0.36165351, 0.18261295], [-0.22135021, -0.05355604, 0.0307855, 0.03103459, -0.34096589, 0.19056472], [0.19516623, -0.16450767, -0.18658329, -0.12611323, -0.35221529, -0.00858295], [0.01974663, -0.06931368, 0.02536633, -0.06460051, 0.10900507, -0.04511296], [0.27738415, -0.18475711, -0.01139019, -0.18539512, 0.34911342, -0.26599397], [0.40531984, 0.18523179, -0.18192896, 0.07705345, 0.02052273, -0.22339087], [-0.05983235, -0.01048685, -0.09667489, 0.06346514, -0.03465627, 0.15650724], [-0.07234054, 0.03187839, 0.10107186, -0.0225845, -0.12033689, -0.02873132], [-0.21352794, -0.05452942, 0.04658864, 0.03317755, -0.36364107, 0.1669393], [-0.14298985, 0.05427903, 0.03300824, 0.09018674, -0.2632791, 0.10998161], [0.00089507, 0.00675944, 0.00296946, -0.03370008, 0.05490074, -0.00386453], [-0.10390051, -0.03716415, -0.07733743, 0.08322547, -0.10541515, 0.18123794], [-0.13428138, -0.0069776, 0.23146715, 0.00128023, -0.00241871, -0.09718577], [0.01315937, -0.02487289, -0.0421035, -0.05505573, 0.0300938, 0.02894412], [-0.03351312, 0.01972325, 0.06659478, 0.01913331, 0.03306974, -0.03308167], [-0.03389141, 0.01354142, 0.01670635, 0.00168338, -0.06323094, 0.01718505], [-0.00113902, 0.0125619, 0.02601839, -0.00460929, 0.02336858, -0.02487937], [-0.01901659, -0.00726389, 0.00825639, -0.01148736, -0.03719606, 0.0107602], [-0.00330727, 0.0063822, 0.00524345, 0.01713743, -0.00564464, -0.00193618], [0.02622186, 0.00334288, -0.00358392, -0.00738973, 0.04381024, -0.02263794], [0.04048065, 0.00539651, -0.01152909, -0.00617381, 0.03957949, -0.02895156], [-0.02848728, 0.03409785, 0.06318781, -0.00837508, -0.04551454, -0.03470053], [-0.02120396, 0.00743798, -0.05187726, 0.04459775, 0.00462725, 0.07308122], [0.01750462, -0.05523639, 0.00401878, -0.04196053, 0.04170526, -0.02152341], [0.04020103, -0.00811076, -0.01429894, -0.01681239, 0.03350577, -0.02590209], [0.0307802, -0.03815681, -0.03380943, -0.05267179, 0.01889104, 0.00302922], [0.04872114, 0.04955999, -0.01851408, 0.02142944, 0.00223001, -0.03020707], [-0.04711377, -0.00741875, 0.07645432, 0.00305822, 0.01576892, -0.02934055], [-0.04074786, -0.0083052, -0.02376539, 0.0364373, -0.02220825, 0.06451325], [0.06697459, 0.02822061, -0.02258367, 0.02738648, 0.00594696, -0.04439093], [0.00561948, -0.01729782, -0.02712121, -0.06404099, 0.01646107, 0.02150173]], "number of molecular orbitals": 99, "number of electrons": 106, "number of unpaired electrons": 0, "orbital energies/eV": [-21.64983812, -19.96528874, -19.62652442, -19.14278207, -18.41489467, -18.25300066, -18.08315862, -17.97053472, -17.53785029, -17.36628629, -17.22171034, -16.99978081, -16.86519634, -16.57888477, -16.4524882, -16.22808273, -15.98630931, -15.66358376, -15.56122422, -15.51466617, -15.38381141, -15.36116484, -14.85000082, -14.75384322, -14.49387008, -14.40980137, -14.32516619, -14.25001053, -14.14345612, -13.9718835, -13.83503403, -13.75875767, -13.57275081, -13.41280023, -13.34401058, -13.25070431, -12.87942289, -12.86306725, -12.71775229, -12.66543877, -12.59602704, -12.50236579, -12.43471691, -12.42741086, -12.30352174, -12.25076577, -12.08643309, -12.00739683, -11.83479271, -11.58371621, -11.25174859, -11.17807102, -10.3504527, -6.51814795, -6.08243356, -4.41663505, -3.11249374, -2.9117765, -2.11874135, -0.27167594, -0.13663689, 0.09207991, 0.57970044, 1.86390654, 2.36651711, 2.4055643, 2.6844019, 2.87089843, 3.06138692, 3.28001382, 3.54586198, 3.76812566, 3.81536546, 3.99539416, 4.13466491, 4.27229527, 4.34018434, 4.64504258, 4.84765042, 5.09016192, 5.26317142, 5.55230089, 5.71646652, 5.8176006, 6.45015108, 6.62693446, 6.65561886, 6.92222331, 7.14390156, 7.24580989, 9.26647715, 10.93490385, 11.59071967, 12.15875138, 15.0226059, 16.62389164, 17.53458066, 26.83238922, 30.70809969], "fractional occupation": [2.0, 2.0, 2.0, 2.0, 2.0, 2.0, 2.0, 2.0, 2.0, 2.0, 2.0, 2.0, 2.0, 2.0, 2.0, 2.0, 2.0, 2.0, 2.0, 2.0, 2.0, 2.0, 2.0, 2.0, 2.0, 2.0, 2.0, 2.0, 2.0, 2.0, 2.0, 2.0, 2.0, 2.0, 2.0, 2.0, 2.0, 2.0, 2.0, 2.0, 2.0, 2.0, 2.0, 2.0, 2.0, 2.0, 2.0, 2.0, 2.0, 2.0, 2.0, 2.0, 2.0, 0.0, 0.0, 0.0, 0.0, 0.0, 0.0, 0.0, 0.0, 0.0, 0.0, 0.0, 0.0, 0.0, 0.0, 0.0, 0.0, 0.0, 0.0, 0.0, 0.0, 0.0, 0.0, 0.0, 0.0, 0.0, 0.0, 0.0, 0.0, 0.0, 0.0, 0.0, 0.0, 0.0, 0.0, 0.0, 0.0, 0.0, 0.0, 0.0, 0.0, 0.0, 0.0, 0.0, 0.0, 0.0, 0.0], "program call": "xtb /home/svss/Project-DBcg-Debug/aqme2_20220329/End-to-End-workflows-final/example-3/QDESCP/mol_338_rdkit_conf_1/mol_338_rdkit_conf_1.xyz --pop --wbo --acc 0.2 --gfn 2 --chrg 0 --uhf 0 --etemp 300 --input /home/svss/Project-DBcg-Debug/aqme2_20220329/End-to-End-workflows-final/example-3/QDESCP/mol_338_rdkit_conf_1/mol_338_rdkit_conf_1_xtb.inp", "method": "GFN2-xTB", "xtb version": "6.3.3 (7355c4f)", "Dipole module/D": 2.684, "Total charge": 0, "Transition dipole module/D": NaN, "HOMO": -10.3505, "LUMO": -6.5181, "HOMO occupancy": 2.0, "LUMO occupancy": 0, "mulliken charges": [-0.09103, 0.20625, -0.46617, 0.40479, -0.43515, 0.2391, -0.06422, -0.06361, 0.24524, -0.33828, 0.56917, 0.01004, -0.37377, -0.37525, -0.06458, -0.05255, 0.02112, -0.07916, -0.09548, 0.02754, 0.03798, 0.04224, 0.02863, 0.00993, 0.02546, 0.05348, 0.04884, 0.07523, 0.07455, 0.07748, 0.06762, 0.03185, 0.04361, 0.04363, 0.03116, 0.04155, 0.04276], "cm5 charges": [-0.23777, 0.12258, -0.55708, 0.39448, -0.50533, 0.25859, -0.11441, -0.11278, 0.26487, -0.40473, 0.64786, -0.11674, -0.42291, -0.42383, -0.11147, -0.05756, 0.00174, -0.22127, -0.23957, 0.07873, 0.09123, 0.0955, 0.09425, 0.07297, 0.10108, 0.11138, 0.10756, 0.13216, 0.13148, 0.13336, 0.13176, 0.0842, 0.09828, 0.09834, 0.0836, 0.09442, 0.09502], "FUKUI+": [0.007, 0.006, -0.018, 0.008, -0.047, -0.031, -0.058, -0.07, -0.035, -0.02, -0.054, 0.011, -0.018, -0.018, -0.053, -0.086, -0.002, 0.013, 0.015, -0.017, -0.01, -0.008, -0.005, -0.011, -0.028, -0.084, -0.087, -0.021, -0.021, -0.032, -0.077, -0.018, -0.041, -0.016, -0.016, -0.038, -0.018], "FUKUI-": [0.013, 0.012, -0.054, 0.012, -0.088, -0.035, -0.023, -0.031, -0.046, -0.049, -0.034, 0.01, -0.022, -0.021, -0.014, -0.032, -0.009, 0.01, 0.015, -0.032, -0.037, -0.034, -0.044, -0.048, -0.061, -0.051, -0.056, -0.017, -0.016, -0.026, -0.045, -0.029, -0.032, -0.016, -0.018, -0.03, -0.026], "FUKUIrad": [0.01, 0.009, -0.036, 0.01, -0.068, -0.033, -0.04, -0.05, -0.041, -0.034, -0.044, 0.011, -0.02, -0.019, -0.033, -0.059, -0.006, 0.011, 0.015, -0.025, -0.024, -0.021, -0.024, -0.029, -0.045, -0.068, -0.071, -0.019, -0.018, -0.029, -0.061, -0.024, -0.036, -0.016, -0.017, -0.034, -0.022], "s proportion": [1.009, 0.99, 1.697, 1.004, 1.707, 1.019, 1.053, 1.06, 1.013, 1.682, 1.694, 1.023, 1.724, 1.724, 1.059, 1.088, 1.084, 1.013, 1.017, 0.972, 0.962, 0.958, 0.971, 0.99, 0.975, 0.947, 0.951, 0.925, 0.925, 0.923, 0.932, 0.968, 0.956, 0.956, 0.969, 0.958, 0.957], "p proportion": [3.082, 2.804, 4.77, 2.591, 4.728, 2.742, 3.012, 3.004, 2.742, 4.656, 2.722, 2.967, 4.65, 4.651, 3.005, 2.964, 2.894, 3.066, 3.079, 0.0, 0.0, 0.0, 0.0, 0.0, 0.0, 0.0, 0.0, 0.0, 0.0, 0.0, 0.0, 0.0, 0.0, 0.0, 0.0, 0.0, 0.0], "d proportion": [0.0, 0.0, 0.0, 0.0, 0.0, 0.0, 0.0, 0.0, 0.0, 0.0, 1.015, 0.0, 0.0, 0.0, 0.0, 0.0, 0.0, 0.0, 0.0, 0.0, 0.0, 0.0, 0.0, 0.0, 0.0, 0.0, 0.0, 0.0, 0.0, 0.0, 0.0, 0.0, 0.0, 0.0, 0.0, 0.0, 0.0], "Fermi-level/eV": -8.4343, "Coordination numbers": [3.748, 3.697, 1.697, 3.79, 1.701, 3.004, 2.909, 2.92, 2.946, 1.711, 3.655, 3.745, 0.86, 0.86, 2.911, 3.031, 3.931, 3.754, 3.753, 0.924, 0.924, 0.924, 0.924, 0.924, 0.923, 0.925, 0.925, 0.925, 0.925, 0.925, 0.925, 0.924, 0.924, 0.924, 0.924, 0.924, 0.924], "Dispersion coefficient C6": [22.671, 19.283, 19.216, 16.944, 18.971, 25.053, 29.375, 29.316, 24.958, 20.899, 98.421, 25.083, 25.851, 25.852, 29.628, 28.439, 20.198, 22.534, 22.677, 2.374, 2.287, 2.25, 2.448, 2.694, 2.818, 2.142, 2.178, 1.784, 1.789, 1.771, 2.197, 2.357, 2.211, 2.342, 2.477, 2.306, 2.27], "Total dispersion C6": 15354.86067, "Total dispersion C8": 372732.228475, "Polarizability alpha": [6.791, 6.281, 5.918, 5.862, 5.881, 8.211, 8.887, 8.879, 8.194, 6.172, 16.697, 7.144, 6.817, 6.817, 8.926, 8.747, 6.387, 6.769, 6.791, 2.409, 2.365, 2.346, 2.447, 2.567, 2.625, 2.289, 2.308, 2.089, 2.092, 2.081, 2.318, 2.401, 2.325, 2.393, 2.461, 2.375, 2.356], "Total polarizability alpha": 188.41779, "Wiberg matrix": [[0.0, 1.016878723896161, 0.0, 0.0, 0.0, 0.0, 0.0, 0.0, 0.0, 0.0, 0.0, 0.0, 0.0, 0.0, 0.0, 0.0, 0.0, 0.0, 0.0, 0.9848225470743062, 0.9858290257863507, 0.9855766323029996, 0.0, 0.0, 0.0, 0.0, 0.0, 0.0, 0.0, 0.0, 0.0, 0.0, 0.0, 0.0, 0.0, 0.0, 0.0], [1.016878723896161, 0.0, 0.96437805387107, 0.0, 0.0, 0.0, 0.0, 0.0, 0.0, 0.0, 0.0, 0.0, 0.0, 0.0, 0.0, 0.0, 0.0, 0.0, 0.0, 0.0, 0.0, 0.0, 0.9717310745939379, 0.9694321084892057, 0.0, 0.0, 0.0, 0.0, 0.0, 0.0, 0.0, 0.0, 0.0, 0.0, 0.0, 0.0, 0.0], [0.0, 0.96437805387107, 0.0, 1.0005382372395266, 0.0, 0.0, 0.0, 0.0, 0.0, 0.0, 0.0, 0.0, 0.0, 0.0, 0.0, 0.0, 0.0, 0.0, 0.0, 0.0, 0.0, 0.0, 0.0, 0.0, 0.0, 0.0, 0.0, 0.0, 0.0, 0.0, 0.0, 0.0, 0.0, 0.0, 0.0, 0.0, 0.0], [0.0, 0.0, 1.0005382372395266, 0.0, 0.9300528195471089, 0.0, 0.0, 0.0, 0.0, 0.0, 0.0, 0.0, 0.0, 0.0, 0.0, 0.0, 0.9522413405192184, 0.0, 0.0, 0.0, 0.0, 0.0, 0.0, 0.0, 0.9519666101375408, 0.0, 0.0, 0.0, 0.0, 0.0, 0.0, 0.0, 0.0, 0.0, 0.0, 0.0, 0.0], [0.0, 0.0, 0.0, 0.9300528195471089, 0.0, 1.0457785328122913, 0.0, 0.0, 0.0, 0.0, 0.0, 0.0, 0.0, 0.0, 0.0, 0.0, 0.0, 0.0, 0.0, 0.0, 0.0, 0.0, 0.0, 0.0, 0.0, 0.0, 0.0, 0.0, 0.0, 0.0, 0.0, 0.0, 0.0, 0.0, 0.0, 0.0, 0.0], [0.0, 0.0, 0.0, 0.0, 1.0457785328122913, 0.0, 1.388050120105786, 0.0, 0.0, 0.0, 0.0, 0.0, 0.0, 0.0, 0.0, 1.3344092508183272, 0.0, 0.0, 0.0, 0.0, 0.0, 0.0, 0.0, 0.0, 0.0, 0.0, 0.0, 0.0, 0.0, 0.0, 0.0, 0.0, 0.0, 0.0, 0.0, 0.0, 0.0], [0.0, 0.0, 0.0, 0.0, 0.0, 1.388050120105786, 0.0, 1.4369874690857525, 0.0, 0.0, 0.0, 0.0, 0.0, 0.0, 0.0, 0.0, 0.0, 0.0, 0.0, 0.0, 0.0, 0.0, 0.0, 0.0, 0.0, 0.9657597097958917, 0.0, 0.0, 0.0, 0.0, 0.0, 0.0, 0.0, 0.0, 0.0, 0.0, 0.0], [0.0, 0.0, 0.0, 0.0, 0.0, 0.0, 1.4369874690857525, 0.0, 1.3744253514120204, 0.0, 0.0, 0.0, 0.0, 0.0, 0.0, 0.10723413169283708, 0.0, 0.0, 0.0, 0.0, 0.0, 0.0, 0.0, 0.0, 0.0, 0.0, 0.9677977534022325, 0.0, 0.0, 0.0, 0.0, 0.0, 0.0, 0.0, 0.0, 0.0, 0.0], [0.0, 0.0, 0.0, 0.0, 0.0, 0.0, 0.0, 1.3744253514120204, 0.0, 0.9807940552019446, 0.0, 0.0, 0.0, 0.0, 1.377797418252646, 0.0, 0.0, 0.0, 0.0, 0.0, 0.0, 0.0, 0.0, 0.0, 0.0, 0.0, 0.0, 0.0, 0.0, 0.0, 0.0, 0.0, 0.0, 0.0, 0.0, 0.0, 0.0], [0.0, 0.0, 0.0, 0.0, 0.0, 0.0, 0.0, 0.0, 0.9807940552019446, 0.0, 0.9091340349186827, 0.0, 0.0, 0.0, 0.0, 0.0, 0.0, 0.0, 0.0, 0.0, 0.0, 0.0, 0.0, 0.0, 0.0, 0.0, 0.0, 0.0, 0.0, 0.0, 0.0, 0.0, 0.0, 0.0, 0.0, 0.0, 0.0], [0.0, 0.0, 0.0, 0.0, 0.0, 0.0, 0.0, 0.0, 0.0, 0.9091340349186827, 0.0, 0.7774204867040894, 1.5628112584383071, 1.5637138313075414, 0.0, 0.0, 0.0, 0.0, 0.0, 0.0, 0.0, 0.0, 0.0, 0.0, 0.0, 0.0, 0.0, 0.0, 0.0, 0.0, 0.0, 0.0, 0.0, 0.0, 0.0, 0.0, 0.0], [0.0, 0.0, 0.0, 0.0, 0.0, 0.0, 0.0, 0.0, 0.0, 0.0, 0.7774204867040894, 0.0, 0.10066044493858617, 0.10018165784926533, 0.0, 0.0, 0.0, 0.0, 0.0, 0.0, 0.0, 0.0, 0.0, 0.0, 0.0, 0.0, 0.0, 0.9786478896109702, 0.9788251379396786, 0.9725942224790838, 0.0, 0.0, 0.0, 0.0, 0.0, 0.0, 0.0], [0.0, 0.0, 0.0, 0.0, 0.0, 0.0, 0.0, 0.0, 0.0, 0.0, 1.5628112584383071, 0.10066044493858617, 0.0, 0.1280436193106861, 0.0, 0.0, 0.0, 0.0, 0.0, 0.0, 0.0, 0.0, 0.0, 0.0, 0.0, 0.0, 0.0, 0.0, 0.0, 0.0, 0.0, 0.0, 0.0, 0.0, 0.0, 0.0, 0.0], [0.0, 0.0, 0.0, 0.0, 0.0, 0.0, 0.0, 0.0, 0.0, 0.0, 1.5637138313075414, 0.10018165784926533, 0.1280436193106861, 0.0, 0.0, 0.0, 0.0, 0.0, 0.0, 0.0, 0.0, 0.0, 0.0, 0.0, 0.0, 0.0, 0.0, 0.0, 0.0, 0.0, 0.0, 0.0, 0.0, 0.0, 0.0, 0.0, 0.0], [0.0, 0.0, 0.0, 0.0, 0.0, 0.0, 0.0, 0.0, 1.377797418252646, 0.0, 0.0, 0.0, 0.0, 0.0, 0.0, 1.4326150489743052, 0.0, 0.0, 0.0, 0.0, 0.0, 0.0, 0.0, 0.0, 0.0, 0.0, 0.0, 0.0, 0.0, 0.0, 0.9612350576764472, 0.0, 0.0, 0.0, 0.0, 0.0, 0.0], [0.0, 0.0, 0.0, 0.0, 0.0, 1.3344092508183272, 0.0, 0.10723413169283708, 0.0, 0.0, 0.0, 0.0, 0.0, 0.0, 1.4326150489743052, 0.0, 0.9894374944894349, 0.0, 0.0, 0.0, 0.0, 0.0, 0.0, 0.0, 0.0, 0.0, 0.0, 0.0, 0.0, 0.0, 0.0, 0.0, 0.0, 0.0, 0.0, 0.0, 0.0], [0.0, 0.0, 0.0, 0.9522413405192184, 0.0, 0.0, 0.0, 0.0, 0.0, 0.0, 0.0, 0.0, 0.0, 0.0, 0.0, 0.9894374944894349, 0.0, 0.9815577696507558, 0.9941751812208389, 0.0, 0.0, 0.0, 0.0, 0.0, 0.0, 0.0, 0.0, 0.0, 0.0, 0.0, 0.0, 0.0, 0.0, 0.0, 0.0, 0.0, 0.0], [0.0, 0.0, 0.0, 0.0, 0.0, 0.0, 0.0, 0.0, 0.0, 0.0, 0.0, 0.0, 0.0, 0.0, 0.0, 0.0, 0.9815577696507558, 0.0, 0.0, 0.0, 0.0, 0.0, 0.0, 0.0, 0.0, 0.0, 0.0, 0.0, 0.0, 0.0, 0.0, 0.9836819312028005, 0.9813723019363734, 0.9855915788992274, 0.0, 0.0, 0.0], [0.0, 0.0, 0.0, 0.0, 0.0, 0.0, 0.0, 0.0, 0.0, 0.0, 0.0, 0.0, 0.0, 0.0, 0.0, 0.0, 0.9941751812208389, 0.0, 0.0, 0.0, 0.0, 0.0, 0.0, 0.0, 0.0, 0.0, 0.0, 0.0, 0.0, 0.0, 0.0, 0.0, 0.0, 0.0, 0.9854623513331379, 0.9838604309063386, 0.9825204746940422], [0.9848225470743062, 0.0, 0.0, 0.0, 0.0, 0.0, 0.0, 0.0, 0.0, 0.0, 0.0, 0.0, 0.0, 0.0, 0.0, 0.0, 0.0, 0.0, 0.0, 0.0, 0.0, 0.0, 0.0, 0.0, 0.0, 0.0, 0.0, 0.0, 0.0, 0.0, 0.0, 0.0, 0.0, 0.0, 0.0, 0.0, 0.0], [0.9858290257863507, 0.0, 0.0, 0.0, 0.0, 0.0, 0.0, 0.0, 0.0, 0.0, 0.0, 0.0, 0.0, 0.0, 0.0, 0.0, 0.0, 0.0, 0.0, 0.0, 0.0, 0.0, 0.0, 0.0, 0.0, 0.0, 0.0, 0.0, 0.0, 0.0, 0.0, 0.0, 0.0, 0.0, 0.0, 0.0, 0.0], [0.9855766323029996, 0.0, 0.0, 0.0, 0.0, 0.0, 0.0, 0.0, 0.0, 0.0, 0.0, 0.0, 0.0, 0.0, 0.0, 0.0, 0.0, 0.0, 0.0, 0.0, 0.0, 0.0, 0.0, 0.0, 0.0, 0.0, 0.0, 0.0, 0.0, 0.0, 0.0, 0.0, 0.0, 0.0, 0.0, 0.0, 0.0], [0.0, 0.9717310745939379, 0.0, 0.0, 0.0, 0.0, 0.0, 0.0, 0.0, 0.0, 0.0, 0.0, 0.0, 0.0, 0.0, 0.0, 0.0, 0.0, 0.0, 0.0, 0.0, 0.0, 0.0, 0.0, 0.0, 0.0, 0.0, 0.0, 0.0, 0.0, 0.0, 0.0, 0.0, 0.0, 0.0, 0.0, 0.0], [0.0, 0.9694321084892057, 0.0, 0.0, 0.0, 0.0, 0.0, 0.0, 0.0, 0.0, 0.0, 0.0, 0.0, 0.0, 0.0, 0.0, 0.0, 0.0, 0.0, 0.0, 0.0, 0.0, 0.0, 0.0, 0.0, 0.0, 0.0, 0.0, 0.0, 0.0, 0.0, 0.0, 0.0, 0.0, 0.0, 0.0, 0.0], [0.0, 0.0, 0.0, 0.9519666101375408, 0.0, 0.0, 0.0, 0.0, 0.0, 0.0, 0.0, 0.0, 0.0, 0.0, 0.0, 0.0, 0.0, 0.0, 0.0, 0.0, 0.0, 0.0, 0.0, 0.0, 0.0, 0.0, 0.0, 0.0, 0.0, 0.0, 0.0, 0.0, 0.0, 0.0, 0.0, 0.0, 0.0], [0.0, 0.0, 0.0, 0.0, 0.0, 0.0, 0.9657597097958917, 0.0, 0.0, 0.0, 0.0, 0.0, 0.0, 0.0, 0.0, 0.0, 0.0, 0.0, 0.0, 0.0, 0.0, 0.0, 0.0, 0.0, 0.0, 0.0, 0.0, 0.0, 0.0, 0.0, 0.0, 0.0, 0.0, 0.0, 0.0, 0.0, 0.0], [0.0, 0.0, 0.0, 0.0, 0.0, 0.0, 0.0, 0.9677977534022325, 0.0, 0.0, 0.0, 0.0, 0.0, 0.0, 0.0, 0.0, 0.0, 0.0, 0.0, 0.0, 0.0, 0.0, 0.0, 0.0, 0.0, 0.0, 0.0, 0.0, 0.0, 0.0, 0.0, 0.0, 0.0, 0.0, 0.0, 0.0, 0.0], [0.0, 0.0, 0.0, 0.0, 0.0, 0.0, 0.0, 0.0, 0.0, 0.0, 0.0, 0.9786478896109702, 0.0, 0.0, 0.0, 0.0, 0.0, 0.0, 0.0, 0.0, 0.0, 0.0, 0.0, 0.0, 0.0, 0.0, 0.0, 0.0, 0.0, 0.0, 0.0, 0.0, 0.0, 0.0, 0.0, 0.0, 0.0], [0.0, 0.0, 0.0, 0.0, 0.0, 0.0, 0.0, 0.0, 0.0, 0.0, 0.0, 0.9788251379396786, 0.0, 0.0, 0.0, 0.0, 0.0, 0.0, 0.0, 0.0, 0.0, 0.0, 0.0, 0.0, 0.0, 0.0, 0.0, 0.0, 0.0, 0.0, 0.0, 0.0, 0.0, 0.0, 0.0, 0.0, 0.0], [0.0, 0.0, 0.0, 0.0, 0.0, 0.0, 0.0, 0.0, 0.0, 0.0, 0.0, 0.9725942224790838, 0.0, 0.0, 0.0, 0.0, 0.0, 0.0, 0.0, 0.0, 0.0, 0.0, 0.0, 0.0, 0.0, 0.0, 0.0, 0.0, 0.0, 0.0, 0.0, 0.0, 0.0, 0.0, 0.0, 0.0, 0.0], [0.0, 0.0, 0.0, 0.0, 0.0, 0.0, 0.0, 0.0, 0.0, 0.0, 0.0, 0.0, 0.0, 0.0, 0.9612350576764472, 0.0, 0.0, 0.0, 0.0, 0.0, 0.0, 0.0, 0.0, 0.0, 0.0, 0.0, 0.0, 0.0, 0.0, 0.0, 0.0, 0.0, 0.0, 0.0, 0.0, 0.0, 0.0], [0.0, 0.0, 0.0, 0.0, 0.0, 0.0, 0.0, 0.0, 0.0, 0.0, 0.0, 0.0, 0.0, 0.0, 0.0, 0.0, 0.0, 0.9836819312028005, 0.0, 0.0, 0.0, 0.0, 0.0, 0.0, 0.0, 0.0, 0.0, 0.0, 0.0, 0.0, 0.0, 0.0, 0.0, 0.0, 0.0, 0.0, 0.0], [0.0, 0.0, 0.0, 0.0, 0.0, 0.0, 0.0, 0.0, 0.0, 0.0, 0.0, 0.0, 0.0, 0.0, 0.0, 0.0, 0.0, 0.9813723019363734, 0.0, 0.0, 0.0, 0.0, 0.0, 0.0, 0.0, 0.0, 0.0, 0.0, 0.0, 0.0, 0.0, 0.0, 0.0, 0.0, 0.0, 0.0, 0.0], [0.0, 0.0, 0.0, 0.0, 0.0, 0.0, 0.0, 0.0, 0.0, 0.0, 0.0, 0.0, 0.0, 0.0, 0.0, 0.0, 0.0, 0.9855915788992274, 0.0, 0.0, 0.0, 0.0, 0.0, 0.0, 0.0, 0.0, 0.0, 0.0, 0.0, 0.0, 0.0, 0.0, 0.0, 0.0, 0.0, 0.0, 0.0], [0.0, 0.0, 0.0, 0.0, 0.0, 0.0, 0.0, 0.0, 0.0, 0.0, 0.0, 0.0, 0.0, 0.0, 0.0, 0.0, 0.0, 0.0, 0.9854623513331379, 0.0, 0.0, 0.0, 0.0, 0.0, 0.0, 0.0, 0.0, 0.0, 0.0, 0.0, 0.0, 0.0, 0.0, 0.0, 0.0, 0.0, 0.0], [0.0, 0.0, 0.0, 0.0, 0.0, 0.0, 0.0, 0.0, 0.0, 0.0, 0.0, 0.0, 0.0, 0.0, 0.0, 0.0, 0.0, 0.0, 0.9838604309063386, 0.0, 0.0, 0.0, 0.0, 0.0, 0.0, 0.0, 0.0, 0.0, 0.0, 0.0, 0.0, 0.0, 0.0, 0.0, 0.0, 0.0, 0.0], [0.0, 0.0, 0.0, 0.0, 0.0, 0.0, 0.0, 0.0, 0.0, 0.0, 0.0, 0.0, 0.0, 0.0, 0.0, 0.0, 0.0, 0.0, 0.9825204746940422, 0.0, 0.0, 0.0, 0.0, 0.0, 0.0, 0.0, 0.0, 0.0, 0.0, 0.0, 0.0, 0.0, 0.0, 0.0, 0.0, 0.0, 0.0]], "Born radii": [], "Atomic SASAs": [], "Solvent H bonds": [], "Total SASA": NaN, "Total FOD": 0.0, "FOD": [0.0, 0.0, 0.0, 0.0, 0.0, 0.0, 0.0, 0.0, 0.0, 0.0, 0.0, 0.0, 0.0, 0.0, 0.0, 0.0, 0.0, 0.0, 0.0, 0.0, 0.0, 0.0, 0.0, 0.0, 0.0, 0.0, 0.0, 0.0, 0.0, 0.0, 0.0, 0.0, 0.0, 0.0, 0.0, 0.0, 0.0], "FOD s proportion": [0.0, 0.0, 0.0, 0.0, 0.0, 0.0, 0.0, 0.0, 0.0, 0.0, 0.0, 0.0, 0.0, 0.0, 0.0, 0.0, 0.0, 0.0, 0.0, 0.0, 0.0, 0.0, 0.0, 0.0, 0.0, 0.0, 0.0, 0.0, 0.0, 0.0, 0.0, 0.0, 0.0, 0.0, 0.0, 0.0, 0.0], "FOD p proportion": [0.0, 0.0, 0.0, 0.0, 0.0, 0.0, 0.0, 0.0, 0.0, 0.0, 0.0, 0.0, 0.0, 0.0, 0.0, 0.0, 0.0, 0.0, 0.0, 0.0, 0.0, 0.0, 0.0, 0.0, 0.0, 0.0, 0.0, 0.0, 0.0, 0.0, 0.0, 0.0, 0.0, 0.0, 0.0, 0.0, 0.0], "FOD d proportion": [0.0, 0.0, 0.0, 0.0, 0.0, 0.0, 0.0, 0.0, 0.0, 0.0, 0.0, 0.0, 0.0, 0.0, 0.0, 0.0, 0.0, 0.0, 0.0, 0.0, 0.0, 0.0, 0.0, 0.0, 0.0, 0.0, 0.0, 0.0, 0.0, 0.0, 0.0, 0.0, 0.0, 0.0, 0.0, 0.0, 0.0], "coordinates": [["-5.60130", "0.62370", "0.59940"], ["-4.21000", "0.53120", "1.19470"], ["-3.31150", "0.12370", "0.16760"], ["-1.97700", "-0.03590", "0.65230"], ["-1.41710", "1.21660", "1.12930"], ["-0.07700", "1.08470", "0.87730"], ["0.89460", "1.89940", "1.41650"], ["2.22290", "1.64740", "1.06590"], ["2.55310", "0.60060", "0.18360"], ["3.89500", "0.47060", "-0.07670"], ["4.50220", "-0.76690", "-0.94620"], ["6.21170", "-0.32240", "-0.77380"], ["4.13540", "-0.60830", "-2.33910"], ["4.28800", "-2.01200", "-0.23620"], ["1.54600", "-0.19850", "-0.36630"], ["0.23030", "0.05850", "-0.00490"], ["-1.04120", "-0.58140", "-0.46600"], ["-1.41120", "-0.06650", "-1.86530"], ["-1.00680", "-2.11070", "-0.46200"], ["-6.32910", "0.93400", "1.35440"], ["-5.90940", "-0.34290", "0.18740"], ["-5.62020", "1.34260", "-0.22640"], ["-3.91380", "1.50910", "1.58870"], ["-4.20420", "-0.20210", "2.00850"], ["-1.99280", "-0.72690", "1.50880"], ["0.63400", "2.70590", "2.09260"], ["3.00940", "2.27310", "1.48140"], ["6.36520", "0.66790", "-1.20670"], ["6.47360", "-0.32810", "0.28590"], ["6.81050", "-1.06130", "-1.31030"], ["1.75600", "-0.99530", "-1.07210"], ["-0.64920", "-0.34480", "-2.60290"], ["-2.36540", "-0.48540", "-2.20390"], ["-1.49950", "1.02630", "-1.88670"], ["-0.68700", "-2.50380", "0.51010"], ["-1.99680", "-2.52520", "-0.68200"], ["-0.30760", "-2.49680", "-1.21250"]], "bond_dist": [[0.0, 1.5161312707018482, 2.383198539778002, 3.6842124070145577, 4.25909075507907, 5.550463034738634, 6.670215866821703, 7.904662521575479, 8.165026797873967, 9.521568384987843, 10.31520043285636, 11.930119548856165, 10.244800297712004, 10.268563499341084, 7.258959058983596, 5.8900074779239455, 4.835478795321101, 4.909995940935186, 5.45095804148225, 1.0936196459464325, 1.094981812634347, 1.0950434055324019, 2.14716182436257, 2.1492782183793704, 3.958838335926336, 6.7412290548534255, 8.811503779151433, 12.102110274658715, 12.116410999136667, 12.67039692866802, 7.7165365637700445, 5.9762874721686545, 4.42262846167299, 4.813267415176514, 5.825768209429551, 4.954793378133946, 6.406540529021885], [1.5161312707018482, 0.0, 1.4241814877325152, 2.366873289806617, 2.8765153797607272, 4.18196054620318, 5.289433584042813, 6.530290521102411, 6.8386154432019355, 8.204337591786434, 9.064819096926314, 10.64027518911048, 9.134106625718797, 8.985062328665284, 6.008387395133573, 4.623715988250143, 3.746611360950052, 4.189764519635919, 4.470434066172992, 2.1629463100132655, 2.1602463887251377, 2.1602220279406463, 1.0951067756159671, 1.0954601635842356, 2.56855022532167, 5.385153711826618, 7.432102586751612, 10.845287635189763, 10.756561852655336, 11.413259898030885, 6.562144503895049, 5.279056582382879, 3.9983129792451217, 4.133637649818862, 4.700152248597911, 4.214479575226341, 5.494735808025714], [2.383198539778002, 1.4241814877325152, 0.0, 1.4287394794013357, 2.3891522889928973, 3.4480697991775053, 4.73330105845804, 5.810179682247357, 5.883980180965942, 7.218979453496179, 7.942771965126533, 9.580009259390097, 7.8914946936559485, 7.904218442072563, 4.897363402893439, 3.5465975991081935, 2.460259551348191, 2.7892648744785786, 3.2711743472337274, 3.3423031116282678, 2.639543901889112, 2.640274398618446, 2.0740355975730025, 2.071707445562718, 2.0642934602425114, 5.093167196352384, 6.804393258035576, 9.788941567912234, 9.796239081402618, 10.297732634420065, 5.335594937774044, 3.8707885230273176, 2.6249038591917992, 2.8841253873574915, 3.729485587852566, 3.0768372495145075, 4.218425235795936], [3.6842124070145577, 2.366873289806617, 1.4287394794013357, 0.0, 1.4525058554098844, 2.2172887407823096, 3.5461915190807165, 4.54353649264535, 4.598545199299448, 5.938717643565823, 6.7133892997501645, 8.316889511710494, 6.829169018262764, 6.629074479895365, 3.6709009411859643, 2.3049938156099246, 1.5568836758088256, 2.580576633235293, 2.5471057241504527, 4.513803809427255, 3.971668512099165, 3.9931544147453146, 2.6485966472832363, 2.612914219793677, 1.100601149372469, 4.050833535212228, 5.557254067432943, 8.575751645191225, 8.46358494729036, 9.062196211184128, 4.2224747151404, 3.529135742642949, 2.9173246733951297, 2.7933485443102155, 2.7883420252902984, 2.824422599399743, 3.5100433344903306], [4.25909075507907, 2.8765153797607272, 2.3891522889928973, 1.4525058554098844, 0.0, 1.3699524152320037, 2.427479468502257, 3.665952563795664, 4.127504394909835, 5.498123171592284, 6.578760140786407, 8.011797554232134, 6.796345696034009, 6.696014801357595, 3.608225184214533, 2.3111754606693102, 2.4329173639891675, 3.2579149129466227, 3.710998123146925, 4.925269207870775, 4.847677294333854, 4.41812721636668, 2.555409067057562, 3.2486349040789424, 2.062193732412161, 2.7116365150956354, 4.564435223551759, 8.143841905390845, 8.08458830986464, 8.878844425374286, 4.450531112125832, 4.117882612459952, 3.860867665434805, 3.0231208791578283, 3.8415922232845063, 4.197371441747799, 4.528173699186019], [5.550463034738634, 4.18196054620318, 3.4480697991775053, 2.2172887407823096, 1.3699524152320037, 0.0, 1.3778531452952452, 2.3752349904798895, 2.762788176824275, 4.130861751499316, 5.2652300472059155, 6.6523536669362375, 5.563792925693766, 5.466503282721049, 2.4139743577759893, 1.3877307267622203, 2.3473444016590324, 3.259939545451725, 3.587315666344405, 6.272088114017532, 6.044079212750276, 5.657891156605966, 3.9252056710445125, 4.468696400517717, 2.7112684208687265, 2.147269086537596, 3.3620077825608905, 6.783709831648166, 6.7272667674175075, 7.5384723923352, 3.389166469797552, 3.8056110061329176, 4.146779715634772, 3.1091176899564292, 3.658451597329121, 4.375891513737515, 4.153020906520939], [6.670215866821703, 5.289433584042813, 4.73330105845804, 3.5461915190807165, 2.427479468502257, 1.3778531452952452, 0.0, 1.3967123003682613, 2.4408084931022342, 3.6432836617535016, 5.070136560291054, 6.164848882170594, 5.558405822715718, 5.435589279001864, 2.8291133257612713, 2.4187983090782907, 3.666810130072186, 4.466731208613297, 4.819230874320092, 7.288188750300036, 7.268632065251342, 6.7417924686243484, 4.827286762768502, 5.546578016218649, 3.9042348469322383, 1.0841890148862423, 2.148544330471214, 6.190737827593735, 6.112712459293339, 7.155351531546162, 3.913365304951737, 4.855443176477303, 5.424220423249778, 4.171947825656501, 4.765625851868776, 5.6869131670880995, 5.261511216371205], [7.904662521575479, 6.530290521102411, 5.810179682247357, 4.54353649264535, 3.665952563795664, 2.3752349904798895, 1.3967123003682613, 0.0, 1.4082881700845178, 2.34228764459022, 3.8823445738367943, 4.814055833701973, 4.509973807019283, 4.399012477818175, 2.4324344307709507, 2.76435717844131, 4.238940417132564, 4.97353691652128, 5.18543692566017, 8.586552032684597, 8.418275335839283, 7.95469420782471, 6.160481606173336, 6.754018020408297, 4.8585581595777985, 2.167749605005154, 1.0875306846245762, 4.825223341981177, 4.751783953422125, 5.833477169750474, 3.4311664051747766, 5.067337830656251, 6.024360942871866, 4.791646244246334, 5.0998914782571605, 6.18640552017082, 5.363667630455862], [8.165026797873967, 6.8386154432019355, 5.883980180965942, 4.598545199299448, 4.127504394909835, 2.762788176824275, 2.4408084931022342, 1.4082881700845178, 0.0, 1.373081097386458, 2.6354307238096775, 3.892800755240371, 3.2138960453007814, 3.1641410856660612, 1.3982851032604189, 2.392656368975704, 3.8390228769831523, 4.512060295474785, 4.521154173438459, 8.965233128034097, 8.51493469969089, 8.217146517496204, 6.679855827036989, 7.045260150626094, 4.917684221256993, 3.4292147643447475, 2.1655832424545585, 4.058271773797314, 4.030293938411937, 4.808232895773664, 2.1815241713077578, 4.348918106839907, 5.574154151079785, 4.570659617604444, 4.499127651000802, 5.587618366531487, 4.4414621984206955], [9.521568384987843, 8.204337591786434, 7.218979453496179, 5.938717643565823, 5.498123171592284, 4.130861751499316, 3.6432836617535016, 2.34228764459022, 1.373081097386458, 0.0, 1.6297632772890671, 2.5459568535228563, 2.5179895015666762, 2.518569437200412, 2.4595454803682735, 3.688496677509687, 5.062047898825138, 5.6252399779920506, 5.553306134187093, 10.334166999811838, 9.841635556146143, 9.556245346892261, 8.051670438486662, 8.390329252776674, 6.214016844199894, 4.509606366413814, 2.541843665530986, 2.7235482977175196, 2.7237067408221467, 3.516905858848087, 2.777589777126925, 5.262729067698621, 6.680682899225198, 5.717126265878688, 5.494189075741751, 6.637357378505394, 5.268524571452619], [10.31520043285636, 9.064819096926314, 7.942771965126533, 6.7133892997501645, 6.578760140786407, 5.2652300472059155, 5.070136560291054, 3.8823445738367943, 2.6354307238096775, 1.6297632772890671, 0.0, 1.774737236888887, 1.4490916499655915, 1.4492258795646729, 3.065694213387891, 4.451568314650467, 5.567251193362844, 6.025247258826812, 5.691162366336072, 11.202806829540533, 10.481709761293718, 10.364896721627282, 9.07936947205036, 9.211441368754404, 6.9436049714827535, 6.021429773733146, 4.166928557102941, 2.3658571998326523, 2.365805108203125, 2.3553108202528175, 2.758556109634169, 5.427683231361241, 6.987487481205244, 6.334075258473017, 5.662634363968771, 6.737835077382052, 5.118363580286183], [11.930119548856165, 10.64027518911048, 9.580009259390097, 8.316889511710494, 8.011797554232134, 6.6523536669362375, 6.164848882170594, 4.814055833701973, 3.892800755240371, 2.5459568535228563, 1.774737236888887, 0.0, 2.615898428838552, 2.6161772894817354, 4.685100207039333, 6.042635019592033, 7.264047098553258, 7.70489853729431, 7.4432505251402095, 12.781996746987538, 12.15916900532269, 11.961008710388937, 10.557535164516386, 10.78177342509107, 8.525708372915414, 6.964020903185171, 4.6986458240646325, 1.0916312335216505, 1.091598914436983, 1.0919555393879365, 4.51608677839565, 7.100567398454859, 8.697033943822458, 7.906968037117641, 7.3483989317401655, 8.49942511761825, 6.886344860664473], [10.244800297712004, 9.134106625718797, 7.8914946936559485, 6.829169018262764, 6.796345696034009, 5.563792925693766, 5.558405822715718, 4.509973807019283, 3.2138960453007814, 2.5179895015666762, 1.4490916499655915, 2.615898428838552, 0.0, 2.532952597266676, 3.2809858640353813, 4.598142874030775, 5.505126227435662, 5.593103363965303, 5.676524553809311, 11.203856112517691, 10.36106396322308, 10.170606838335654, 9.203293771253854, 9.413583396348068, 7.237073691071551, 6.548563849425308, 4.915949777001388, 2.807672388296042, 3.5265161675512, 2.9016888961430722, 2.723343966523509, 4.799106151149398, 6.503367134800249, 5.884613915117966, 5.913239607017459, 6.635085746243223, 4.957409485810103], [10.268563499341084, 8.985062328665284, 7.904218442072563, 6.629074479895365, 6.696014801357595, 5.466503282721049, 5.435589279001864, 4.399012477818175, 3.1641410856660612, 2.518569437200412, 1.4492258795646729, 2.6161772894817354, 2.532952597266676, 0.0, 3.29002617922715, 4.561293591734696, 5.522662133428044, 6.238574973501561, 5.300531517687637, 11.132463194190224, 10.341774438170656, 10.460681834373897, 9.110319887907341, 8.968382069247497, 6.644167039591946, 6.405747875931428, 4.790307895114885, 3.5268249318615177, 2.8080162000957185, 2.9018145271536566, 2.8536698652787433, 5.723352913284311, 7.104229895632602, 6.741704042005998, 5.054646963933288, 6.321457341468026, 4.723106190845173], [7.258959058983596, 6.008387395133573, 4.897363402893439, 3.6709009411859643, 3.608225184214533, 2.4139743577759893, 2.8291133257612713, 2.4324344307709507, 1.3982851032604189, 2.4595454803682735, 3.065694213387891, 4.685100207039333, 3.2809858640353813, 3.29002617922715, 0.0, 1.3884255291516359, 2.617280332711802, 3.3180501563418234, 3.190995952676844, 8.140059259612304, 7.477327344044796, 7.331369835167232, 6.0454395042875095, 6.221293116386657, 4.039593050048483, 3.913243229087607, 3.4153098556353565, 4.968058952951344, 4.97226334379023, 5.4176120283756015, 1.0849626168675122, 3.137305578039857, 4.331066304041073, 3.617571208697902, 3.3269767131736887, 4.250250724369093, 3.07149316945358], [5.8900074779239455, 4.623715988250143, 3.5465975991081935, 2.3049938156099246, 2.3111754606693102, 1.3877307267622203, 2.4187983090782907, 2.76435717844131, 2.392656368975704, 3.688496677509687, 4.451568314650467, 6.042635019592033, 4.598142874030775, 4.561293591734696, 1.3884255291516359, 0.0, 1.496261163701043, 2.48419713589723, 2.538658200703671, 6.755732758183971, 6.1558116719081, 5.993857298101114, 4.670906349949654, 4.87713872777882, 2.8018412624558158, 3.4016476448921047, 3.851874564416655, 6.281137604765557, 6.2620139803421075, 6.801253799116749, 2.1394323476099917, 2.772323058375412, 3.4451540894421546, 2.733133022741484, 2.7698457682694175, 3.477634901768729, 2.877010994070061], [4.835478795321101, 3.746611360950052, 2.460259551348191, 1.5568836758088256, 2.4329173639891675, 2.3473444016590324, 3.666810130072186, 4.238940417132564, 3.8390228769831523, 5.062047898825138, 5.567251193362844, 7.264047098553258, 5.505126227435662, 5.522662133428044, 2.617280332711802, 1.496261163701043, 0.0, 1.5362494914563845, 1.5296920768573004, 5.794150475263824, 4.917640191189266, 4.972567260480244, 4.104121477246989, 4.033805615048896, 2.196940565877921, 4.4898853314978995, 5.3242743514961735, 7.547459701117986, 7.556568899970409, 7.911532050747188, 2.891884897432815, 2.185402747778999, 2.18701121396302, 2.1938839235474608, 2.184914325551462, 2.176737421004196, 2.1827020799916785], [4.909995940935186, 4.189764519635919, 2.7892648744785786, 2.580576633235293, 3.2579149129466227, 3.259939545451725, 4.466731208613297, 4.97353691652128, 4.512060295474785, 5.6252399779920506, 6.025247258826812, 7.70489853729431, 5.593103363965303, 6.238574973501561, 3.3180501563418234, 2.48419713589723, 1.5362494914563845, 0.0, 2.512278625073262, 5.9626511511239695, 4.952148775026856, 4.731515298506388, 4.547047186911524, 4.777610574335251, 3.486966809420474, 5.247286652166051, 6.017959239642622, 7.838717642573942, 8.17717353613093, 8.300241136858617, 3.3945532136055845, 1.0964253964588746, 1.09573026334039, 1.0965704218152157, 3.4795721130621793, 2.790758309133917, 2.7478061958587983], [5.45095804148225, 4.470434066172992, 3.2711743472337274, 2.5471057241504527, 3.710998123146925, 3.587315666344405, 4.819230874320092, 5.18543692566017, 4.521154173438459, 5.553306134187093, 5.691162366336072, 7.4432505251402095, 5.676524553809311, 5.300531517687637, 3.190995952676844, 2.538658200703671, 1.5296920768573004, 2.512278625073262, 0.0, 6.395028095325306, 5.251887656833493, 5.767516606824812, 5.075329696679813, 4.4687236399222545, 2.602143554840893, 5.693666776340182, 6.254947516966069, 7.913379812065133, 7.726150485849987, 7.932908201914352, 3.041283119014078, 2.7981660744137398, 2.742555315759374, 3.4804155470288314, 1.096256384245948, 1.09558671496144, 1.0959945711544377], [1.0936196459464325, 2.1629463100132655, 3.3423031116282678, 4.513803809427255, 4.925269207870775, 6.272088114017532, 7.288188750300036, 8.586552032684597, 8.965233128034097, 10.334166999811838, 11.202806829540533, 12.781996746987538, 11.203856112517691, 11.132463194190224, 8.140059259612304, 6.755732758183971, 5.794150475263824, 5.9626511511239695, 6.395028095325306, 0.0, 1.7800310952340133, 1.7800061263939517, 2.4938545647250567, 2.4967518959640347, 4.646065632338829, 7.222833963203087, 9.434876790928433, 12.952810309349859, 12.909055579321056, 13.554738519794471, 8.65903821160295, 7.039660271632432, 5.512450719961132, 5.817068390521122, 6.66067592215685, 5.906082702604155, 7.3903874390995234], [1.094981812634347, 2.1602463887251377, 2.639543901889112, 3.971668512099165, 4.847677294333854, 6.044079212750276, 7.268632065251342, 8.418275335839283, 8.51493469969089, 9.841635556146143, 10.481709761293718, 12.15916900532269, 10.36106396322308, 10.341774438170656, 7.477327344044796, 6.1558116719081, 4.917640191189266, 4.952148775026856, 5.251887656833493, 1.7800310952340133, 0.0, 1.759482119829582, 3.0620197664286883, 2.498787083766842, 4.151302147519498, 7.4659930377679835, 9.384182726268707, 12.39479877246904, 12.383400594747792, 12.827901615618977, 7.795532257004649, 5.954450582547477, 4.277681374296127, 5.06199737850584, 5.661014561012893, 4.5636310554206725, 6.162724110326536], [1.0950434055324019, 2.1602220279406463, 2.640274398618446, 3.9931544147453146, 4.41812721636668, 5.657891156605966, 6.7417924686243484, 7.95469420782471, 8.217146517496204, 9.556245346892261, 10.364896721627282, 11.961008710388937, 10.170606838335654, 10.460681834373897, 7.331369835167232, 5.993857298101114, 4.972567260480244, 4.731515298506388, 5.767516606824812, 1.7800061263939517, 1.759482119829582, 0.0, 2.496820221802122, 3.063646862809093, 4.522364431356677, 6.808183717409512, 8.84603907124539, 12.044335653741967, 12.219398030181356, 12.707315881412564, 7.783913626190876, 5.76245711567557, 4.224430528485467, 4.453853418108862, 6.298705220122623, 5.319443181386562, 6.628506945760862], [2.14716182436257, 1.0951067756159671, 2.0740355975730025, 2.6485966472832363, 2.555409067057562, 3.9252056710445125, 4.827286762768502, 6.160481606173336, 6.679855827036989, 8.051670438486662, 9.07936947205036, 10.557535164516386, 9.203293771253854, 9.110319887907341, 6.0454395042875095, 4.670906349949654, 4.104121477246989, 4.547047186911524, 5.075329696679813, 2.4938545647250567, 3.0620197664286883, 2.496820221802122, 0.0, 1.7857126420563865, 2.9489525275934847, 4.729559206733753, 6.966053942512934, 10.68549107902861, 10.628766176748833, 11.402708785635104, 6.745258189276376, 5.627083519017645, 4.55624709272884, 4.259148446579434, 5.26108188588621, 5.010643070505022, 6.07442463859747], [2.1492782183793704, 1.0954601635842356, 2.071707445562718, 2.612914219793677, 3.2486349040789424, 4.468696400517717, 5.546578016218649, 6.754018020408297, 7.045260150626094, 8.390329252776674, 9.211441368754404, 10.78177342509107, 9.413583396348068, 8.968382069247497, 6.221293116386657, 4.87713872777882, 4.033805615048896, 4.777610574335251, 4.4687236399222545, 2.4967518959640347, 2.498787083766842, 3.063646862809093, 1.7857126420563865, 0.0, 2.3271022947004285, 5.645504056326592, 7.644636970451899, 11.081815167200723, 10.816590941696928, 11.53586902534872, 6.7559785849275755, 5.824379645078092, 4.604971019452783, 4.8986683588501885, 4.462479276142355, 4.184279940443756, 5.551934856426181], [3.958838335926336, 2.56855022532167, 2.0642934602425114, 1.100601149372469, 2.062193732412161, 2.7112684208687265, 3.9042348469322383, 4.8585581595777985, 4.917684221256993, 6.214016844199894, 6.9436049714827535, 8.525708372915414, 7.237073691071551, 6.644167039591946, 4.039593050048483, 2.8018412624558158, 2.196940565877921, 3.486966809420474, 2.602143554840893, 4.646065632338829, 4.151302147519498, 4.522364431356677, 2.9489525275934847, 2.3271022947004285, 0.0, 4.361767591240964, 5.832902845067797, 8.898065592588088, 8.563553865656477, 9.249715620493422, 4.559230725681691, 4.342503685663376, 3.7391568969488294, 3.853112427635612, 2.420720748041789, 2.834343580090459, 3.6575837297319658], [6.7412290548534255, 5.385153711826618, 5.093167196352384, 4.050833535212228, 2.7116365150956354, 2.147269086537596, 1.0841890148862423, 2.167749605005154, 3.4292147643447475, 4.509606366413814, 6.021429773733146, 6.964020903185171, 6.548563849425308, 6.405747875931428, 3.913243229087607, 3.4016476448921047, 4.4898853314978995, 5.247286652166051, 5.693666776340182, 7.222833963203087, 7.4659930377679835, 6.808183717409512, 4.729559206733753, 5.645504056326592, 4.361767591240964, 0.0, 2.4906638552803546, 6.9199333761243675, 6.824239814807214, 7.995040744111314, 4.99730842854431, 5.74465777744854, 6.135202384599876, 4.817437794097605, 5.6027066084170425, 6.4795000586465, 6.235253311614533], [8.811503779151433, 7.432102586751612, 6.804393258035576, 5.557254067432943, 4.564435223551759, 3.3620077825608905, 2.148544330471214, 1.0875306846245762, 2.1655832424545585, 2.541843665530986, 4.166928557102941, 4.6986458240646325, 4.915949777001388, 4.790307895114885, 3.4153098556353565, 3.851874564416655, 5.3242743514961735, 6.017959239642622, 6.254947516966069, 9.434876790928433, 9.384182726268707, 8.84603907124539, 6.966053942512934, 7.64463