{"total energy": -32.51653932, "HOMO-LUMO gap/eV": 3.70634215, "electronic energy": -32.9500477, "dipole": [-0.59490887, -0.43063288, 1.06689288], "partial charges": [-0.10068533, -0.05107745, -0.05340981, -0.08166061, 0.22984593, -0.36502663, -0.08318388, -0.04979422, -0.05246387, -0.10196057, 0.03082744, 0.03692372, 0.03272861, 0.02449666, 0.03854512, 0.05219205, 0.03107758, 0.04992772, 0.06160609, 0.05962538, 0.04443755, 0.03290153, 0.04083035, 0.03211605, 0.03557181, 0.03367202, 0.03598197, 0.03595479], "atomic dipole moments": [[-0.10196747, -0.01926576, 0.00360796], [0.04426343, 0.09915774, 0.04060982], [-0.07278109, -0.10148282, -0.02838769], [0.04389015, 0.0227351, -0.07188564], [0.00516117, 0.00082715, -0.01634464], [-0.06871992, -0.06589589, 0.13180423], [0.00096066, 0.0985039, 0.05639712], [-0.00338578, -0.10802942, -0.05630185], [0.03466703, 0.10158757, 0.04982177], [0.07384554, -0.06341445, -0.04184394], [0.04607309, 0.02112689, 0.1142731], [0.02733115, 0.10001369, -0.07333334], [0.06011161, -0.09902742, -0.04704242], [-0.01755284, -0.10096658, 0.06590529], [-0.03644195, -0.02920559, -0.1179365], [0.02666829, 0.10725551, -0.0675546], [0.03924403, 0.02431189, 0.11182549], [-0.01972947, -0.11396558, 0.05794701], [-0.04871544, 0.09586763, 0.07490506], [-0.02400155, -0.02783863, -0.12383839], [0.0055934, -0.11472573, 0.05415593], [0.02527675, 0.02231014, 0.1189845], [0.00558414, 0.11494308, -0.05336035], [-0.0083399, -0.11009467, 0.0553879], [-0.03013134, -0.01899005, -0.11934957], [0.01985971, 0.01808888, 0.1231048], [-0.002343, 0.11317168, -0.05691759], [-0.11389885, -0.05121408, -0.01278068]], "atomic quadrupole moments": [[0.2272522, 0.05717609, -0.10386323, -0.01077857, 0.00918397, -0.12338896], [0.18911702, -0.05444607, 0.00196127, -0.06985372, 0.0961822, -0.19107828], [0.20887015, -0.05185887, -0.03027352, -0.0681988, 0.10467366, -0.17859664], [0.14642242, 0.06840019, -0.20276283, 0.06107472, -0.01064617, 0.05634041], [-0.13271536, -0.35123904, 0.42399837, -0.08731242, 0.19641163, -0.29128301], [-0.05940589, -0.15055891, 0.17921329, -0.03986942, 0.0827289, -0.1198074], [0.19640187, 0.00814842, -0.04956293, -0.08848659, 0.06045164, -0.14683894], [0.21481375, -0.03912994, -0.0515029, -0.07599264, 0.1170206, -0.16331084], [0.21858686, -0.01917803, -0.04025332, -0.06843668, 0.10694202, -0.17833354], [0.0615823, -0.14444971, 0.00755137, -0.09923645, 0.09192919, -0.06913367], [-0.02249453, 0.01239595, -0.0480646, 0.02703497, 0.01984115, 0.07055913], [-0.02709214, 0.01227133, 0.03277622, -0.00217408, -0.06160146, -0.00568408], [-0.00719377, -0.03796619, 0.04136537, -0.02031473, 0.04416235, -0.0341716], [-0.02055258, 0.00497324, 0.01768164, -0.01562692, -0.04598969, 0.00287094], [-0.00841178, -0.00439828, -0.03559563, 0.02519114, 0.00634453, 0.0440074], [-0.0217223, -0.00113043, 0.01731535, -0.011371, -0.04223969, 0.00440695], [-0.00965801, -0.00982529, -0.04036138, 0.02580089, 0.01358593, 0.05001939], [-0.00467452, 0.01846137, 0.03554873, 0.00966606, -0.04642426, -0.03087421], [0.00690564, -0.02658731, 0.01472033, -0.02058414, 0.04838274, -0.02162597], [-0.01689585, -0.00064156, -0.03613263, 0.01943421, 0.00367239, 0.05302848], [-0.03590712, 0.0014046, 0.02856516, 0.00200949, -0.04788619, 0.00734196], [-0.01601884, -0.00225988, -0.03788061, 0.01627952, 0.00126253, 0.05389945], [-0.01855356, -0.00107532, 0.02414608, -0.00330938, -0.04300098, -0.00559252], [-0.01856883, -0.00520464, 0.02947425, -0.00334659, -0.04296949, -0.01090542], [-0.01543724, -0.00292158, -0.03818172, 0.01113323, 0.00459991, 0.05361896], [-0.03167096, -0.00960693, -0.03963784, 0.03048771, 0.01360819, 0.0713088], [-0.04150575, 0.00127782, 0.04978513, -0.01525139, -0.05058776, -0.00827939], [0.05746984, 0.04495032, -0.01116518, 0.00983071, 0.0173268, -0.04630466]], "number of molecular orbitals": 58, "number of electrons": 60, "number of unpaired electrons": 0, "orbital energies/eV": [-19.03095711, -17.4792394, -17.24700817, -16.951718, -16.63278984, -16.20464185, -15.83817696, -15.4452409, -15.32909113, -15.1314997, -14.67586862, -14.47736325, -14.3375008, -13.95418857, -13.73714616, -13.59805802, -13.3634928, -13.22742536, -13.12851392, -12.93334587, -12.65012174, -12.30952437, -12.26023193, -12.13463743, -12.10558873, -12.00154622, -11.77356745, -11.67207947, -11.48673392, -10.59824327, -6.89190112, 1.19993096, 2.14797361, 2.40176628, 2.79746615, 2.96221618, 3.16047816, 3.54716027, 3.74965136, 3.90007211, 3.98668112, 4.24767282, 4.36414534, 4.62495821, 4.80209454, 4.88153473, 5.45691962, 5.58330667, 5.86030149, 6.24312522, 6.48834325, 6.75494646, 6.9096263, 7.20523271, 7.41355623, 8.00049823, 8.32540801, 15.0645534], "fractional occupation": [2.0, 2.0, 2.0, 2.0, 2.0, 2.0, 2.0, 2.0, 2.0, 2.0, 2.0, 2.0, 2.0, 2.0, 2.0, 2.0, 2.0, 2.0, 2.0, 2.0, 2.0, 2.0, 2.0, 2.0, 2.0, 2.0, 2.0, 2.0, 2.0, 2.0, 0.0, 0.0, 0.0, 0.0, 0.0, 0.0, 0.0, 0.0, 0.0, 0.0, 0.0, 0.0, 0.0, 0.0, 0.0, 0.0, 0.0, 0.0, 0.0, 0.0, 0.0, 0.0, 0.0, 0.0, 0.0, 0.0, 0.0, 0.0], "program call": "xtb /home/svss/Project-DBcg-Debug/aqme2_20220329/End-to-End-workflows-final/example-3/QDESCP/mol_179_rdkit_conf_10/mol_179_rdkit_conf_10.xyz --pop --wbo --acc 0.2 --gfn 2 --chrg 0 --uhf 0 --etemp 300 --input /home/svss/Project-DBcg-Debug/aqme2_20220329/End-to-End-workflows-final/example-3/QDESCP/mol_179_rdkit_conf_10/mol_179_rdkit_conf_10_xtb.inp", "method": "GFN2-xTB", "xtb version": "6.3.3 (7355c4f)", "Dipole module/D": 3.292, "Total charge": 0, "Transition dipole module/D": NaN, "HOMO": -10.5982, "LUMO": -6.8919, "HOMO occupancy": 2.0, "LUMO occupancy": 0, "mulliken charges": [-0.0826, -0.03995, -0.03346, -0.08431, 0.39172, -0.49494, -0.08479, -0.03639, -0.03837, -0.0835, 0.02406, 0.03162, 0.02903, 0.01649, 0.03569, 0.04292, 0.02239, 0.03725, 0.05368, 0.05584, 0.03596, 0.02154, 0.0379, 0.02349, 0.0282, 0.0278, 0.0306, 0.03215], "cm5 charges": [-0.23295, -0.15173, -0.14189, -0.1866, 0.40858, -0.54654, -0.18682, -0.14556, -0.15076, -0.23383, 0.07535, 0.08295, 0.07981, 0.07136, 0.0929, 0.101, 0.07738, 0.09385, 0.11014, 0.11447, 0.0922, 0.07754, 0.09406, 0.07823, 0.08294, 0.07909, 0.08189, 0.08293], "FUKUI+": [0.012, 0.006, 0.02, 0.026, -0.188, -0.288, 0.021, -0.0, 0.006, 0.013, -0.021, -0.013, -0.026, -0.019, 0.012, -0.021, -0.053, -0.086, -0.095, -0.064, -0.084, -0.03, -0.023, -0.023, -0.022, -0.016, -0.015, -0.031], "FUKUI-": [0.018, 0.007, 0.014, -0.001, -0.024, -0.128, -0.007, 0.003, 0.0, 0.013, -0.061, -0.048, -0.042, -0.057, -0.067, -0.041, -0.078, -0.045, -0.052, -0.043, -0.046, -0.033, -0.037, -0.049, -0.047, -0.044, -0.047, -0.058], "FUKUIrad": [0.015, 0.007, 0.017, 0.013, -0.106, -0.208, 0.007, 0.002, 0.003, 0.013, -0.041, -0.031, -0.034, -0.038, -0.028, -0.031, -0.066, -0.065, -0.074, -0.054, -0.065, -0.032, -0.03, -0.036, -0.034, -0.03, -0.031, -0.044], "s proportion": [1.007, 1.027, 1.028, 1.042, 1.081, 1.74, 1.043, 1.032, 1.028, 1.008, 0.976, 0.968, 0.971, 0.984, 0.964, 0.957, 0.978, 0.963, 0.946, 0.944, 0.964, 0.978, 0.962, 0.977, 0.972, 0.972, 0.969, 0.968], "p proportion": [3.075, 3.013, 3.005, 3.042, 2.527, 4.755, 3.042, 3.005, 3.01, 3.076, 0.0, 0.0, 0.0, 0.0, 0.0, 0.0, 0.0, 0.0, 0.0, 0.0, 0.0, 0.0, 0.0, 0.0, 0.0, 0.0, 0.0, 0.0], "d proportion": [0.0, 0.0, 0.0, 0.0, 0.0, 0.0, 0.0, 0.0, 0.0, 0.0, 0.0, 0.0, 0.0, 0.0, 0.0, 0.0, 0.0, 0.0, 0.0, 0.0, 0.0, 0.0, 0.0, 0.0, 0.0, 0.0, 0.0, 0.0], "Fermi-level/eV": -8.7451, "Coordination numbers": [3.75, 3.8, 3.801, 3.801, 2.812, 0.856, 3.803, 3.804, 3.801, 3.75, 0.924, 0.924, 0.924, 0.924, 0.924, 0.924, 0.924, 0.924, 0.924, 0.924, 0.924, 0.924, 0.924, 0.924, 0.924, 0.924, 0.924, 0.924], "Dispersion coefficient C6": [22.486, 21.492, 21.533, 22.058, 23.181, 20.995, 22.085, 21.465, 21.516, 22.511, 2.575, 2.49, 2.548, 2.666, 2.468, 2.293, 2.571, 2.321, 2.18, 2.204, 2.391, 2.546, 2.438, 2.557, 2.509, 2.535, 2.503, 2.504], "Total dispersion C6": 5610.844209, "Total dispersion C8": 119224.781361, "Polarizability alpha": [6.763, 6.601, 6.607, 6.687, 7.888, 6.143, 6.691, 6.596, 6.604, 6.767, 2.509, 2.468, 2.496, 2.554, 2.457, 2.368, 2.508, 2.382, 2.309, 2.321, 2.418, 2.495, 2.442, 2.501, 2.477, 2.49, 2.474, 2.474], "Total polarizability alpha": 111.489466, "Wiberg matrix": [[0.0, 1.0203440652908327, 0.0, 0.0, 0.0, 0.0, 0.0, 0.0, 0.0, 0.0, 0.9876976647055358, 0.9874852568130136, 0.9872853896002755, 0.0, 0.0, 0.0, 0.0, 0.0, 0.0, 0.0, 0.0, 0.0, 0.0, 0.0, 0.0, 0.0, 0.0, 0.0], [1.0203440652908327, 0.0, 1.0084795538640772, 0.0, 0.0, 0.0, 0.0, 0.0, 0.0, 0.0, 0.0, 0.0, 0.0, 0.9780638068935497, 0.9774367772422481, 0.0, 0.0, 0.0, 0.0, 0.0, 0.0, 0.0, 0.0, 0.0, 0.0, 0.0, 0.0, 0.0], [0.0, 1.0084795538640772, 0.0, 1.0047722722385213, 0.0, 0.0, 0.0, 0.0, 0.0, 0.0, 0.0, 0.0, 0.0, 0.0, 0.0, 0.9744540115509623, 0.9766641036190015, 0.0, 0.0, 0.0, 0.0, 0.0, 0.0, 0.0, 0.0, 0.0, 0.0, 0.0], [0.0, 0.0, 1.0047722722385213, 0.0, 0.9929324252859177, 0.0, 0.0, 0.0, 0.0, 0.0, 0.0, 0.0, 0.0, 0.0, 0.0, 0.0, 0.0, 0.9626788104883618, 0.9423845326529617, 0.0, 0.0, 0.0, 0.0, 0.0, 0.0, 0.0, 0.0, 0.0], [0.0, 0.0, 0.0, 0.9929324252859177, 0.0, 1.858240675391981, 0.9889303005116024, 0.0, 0.0, 0.0, 0.0, 0.0, 0.0, 0.0, 0.0, 0.0, 0.0, 0.0, 0.0, 0.0, 0.0, 0.0, 0.0, 0.0, 0.0, 0.0, 0.0, 0.0], [0.0, 0.0, 0.0, 0.0, 1.858240675391981, 0.0, 0.0, 0.0, 0.0, 0.0, 0.0, 0.0, 0.0, 0.0, 0.0, 0.0, 0.0, 0.0, 0.0, 0.0, 0.0, 0.0, 0.0, 0.0, 0.0, 0.0, 0.0, 0.0], [0.0, 0.0, 0.0, 0.0, 0.9889303005116024, 0.0, 0.0, 0.9836252510641572, 0.0, 0.0, 0.0, 0.0, 0.0, 0.0, 0.0, 0.0, 0.0, 0.0, 0.0, 0.9712033621714463, 0.9641702452122873, 0.0, 0.0, 0.0, 0.0, 0.0, 0.0, 0.0], [0.0, 0.0, 0.0, 0.0, 0.0, 0.0, 0.9836252510641572, 0.0, 1.004961345556483, 0.0, 0.0, 0.0, 0.0, 0.0, 0.0, 0.0, 0.0, 0.0, 0.0, 0.0, 0.0, 0.9755829602478572, 0.9764279467724956, 0.0, 0.0, 0.0, 0.0, 0.0], [0.0, 0.0, 0.0, 0.0, 0.0, 0.0, 0.0, 1.004961345556483, 0.0, 1.0195003107900515, 0.0, 0.0, 0.0, 0.0, 0.0, 0.0, 0.0, 0.0, 0.0, 0.0, 0.0, 0.0, 0.0, 0.9777757060265863, 0.9775330458063891, 0.0, 0.0, 0.0], [0.0, 0.0, 0.0, 0.0, 0.0, 0.0, 0.0, 0.0, 1.0195003107900515, 0.0, 0.0, 0.0, 0.0, 0.0, 0.0, 0.0, 0.0, 0.0, 0.0, 0.0, 0.0, 0.0, 0.0, 0.0, 0.0, 0.9875439432547802, 0.9874238880636428, 0.9866327162037815], [0.9876976647055358, 0.0, 0.0, 0.0, 0.0, 0.0, 0.0, 0.0, 0.0, 0.0, 0.0, 0.0, 0.0, 0.0, 0.0, 0.0, 0.0, 0.0, 0.0, 0.0, 0.0, 0.0, 0.0, 0.0, 0.0, 0.0, 0.0, 0.0], [0.9874852568130136, 0.0, 0.0, 0.0, 0.0, 0.0, 0.0, 0.0, 0.0, 0.0, 0.0, 0.0, 0.0, 0.0, 0.0, 0.0, 0.0, 0.0, 0.0, 0.0, 0.0, 0.0, 0.0, 0.0, 0.0, 0.0, 0.0, 0.0], [0.9872853896002755, 0.0, 0.0, 0.0, 0.0, 0.0, 0.0, 0.0, 0.0, 0.0, 0.0, 0.0, 0.0, 0.0, 0.0, 0.0, 0.0, 0.0, 0.0, 0.0, 0.0, 0.0, 0.0, 0.0, 0.0, 0.0, 0.0, 0.0], [0.0, 0.9780638068935497, 0.0, 0.0, 0.0, 0.0, 0.0, 0.0, 0.0, 0.0, 0.0, 0.0, 0.0, 0.0, 0.0, 0.0, 0.0, 0.0, 0.0, 0.0, 0.0, 0.0, 0.0, 0.0, 0.0, 0.0, 0.0, 0.0], [0.0, 0.9774367772422481, 0.0, 0.0, 0.0, 0.0, 0.0, 0.0, 0.0, 0.0, 0.0, 0.0, 0.0, 0.0, 0.0, 0.0, 0.0, 0.0, 0.0, 0.0, 0.0, 0.0, 0.0, 0.0, 0.0, 0.0, 0.0, 0.0], [0.0, 0.0, 0.9744540115509623, 0.0, 0.0, 0.0, 0.0, 0.0, 0.0, 0.0, 0.0, 0.0, 0.0, 0.0, 0.0, 0.0, 0.0, 0.0, 0.0, 0.0, 0.0, 0.0, 0.0, 0.0, 0.0, 0.0, 0.0, 0.0], [0.0, 0.0, 0.9766641036190015, 0.0, 0.0, 0.0, 0.0, 0.0, 0.0, 0.0, 0.0, 0.0, 0.0, 0.0, 0.0, 0.0, 0.0, 0.0, 0.0, 0.0, 0.0, 0.0, 0.0, 0.0, 0.0, 0.0, 0.0, 0.0], [0.0, 0.0, 0.0, 0.9626788104883618, 0.0, 0.0, 0.0, 0.0, 0.0, 0.0, 0.0, 0.0, 0.0, 0.0, 0.0, 0.0, 0.0, 0.0, 0.0, 0.0, 0.0, 0.0, 0.0, 0.0, 0.0, 0.0, 0.0, 0.0], [0.0, 0.0, 0.0, 0.9423845326529617, 0.0, 0.0, 0.0, 0.0, 0.0, 0.0, 0.0, 0.0, 0.0, 0.0, 0.0, 0.0, 0.0, 0.0, 0.0, 0.0, 0.0, 0.0, 0.0, 0.0, 0.0, 0.0, 0.0, 0.0], [0.0, 0.0, 0.0, 0.0, 0.0, 0.0, 0.9712033621714463, 0.0, 0.0, 0.0, 0.0, 0.0, 0.0, 0.0, 0.0, 0.0, 0.0, 0.0, 0.0, 0.0, 0.0, 0.0, 0.0, 0.0, 0.0, 0.0, 0.0, 0.0], [0.0, 0.0, 0.0, 0.0, 0.0, 0.0, 0.9641702452122873, 0.0, 0.0, 0.0, 0.0, 0.0, 0.0, 0.0, 0.0, 0.0, 0.0, 0.0, 0.0, 0.0, 0.0, 0.0, 0.0, 0.0, 0.0, 0.0, 0.0, 0.0], [0.0, 0.0, 0.0, 0.0, 0.0, 0.0, 0.0, 0.9755829602478572, 0.0, 0.0, 0.0, 0.0, 0.0, 0.0, 0.0, 0.0, 0.0, 0.0, 0.0, 0.0, 0.0, 0.0, 0.0, 0.0, 0.0, 0.0, 0.0, 0.0], [0.0, 0.0, 0.0, 0.0, 0.0, 0.0, 0.0, 0.9764279467724956, 0.0, 0.0, 0.0, 0.0, 0.0, 0.0, 0.0, 0.0, 0.0, 0.0, 0.0, 0.0, 0.0, 0.0, 0.0, 0.0, 0.0, 0.0, 0.0, 0.0], [0.0, 0.0, 0.0, 0.0, 0.0, 0.0, 0.0, 0.0, 0.9777757060265863, 0.0, 0.0, 0.0, 0.0, 0.0, 0.0, 0.0, 0.0, 0.0, 0.0, 0.0, 0.0, 0.0, 0.0, 0.0, 0.0, 0.0, 0.0, 0.0], [0.0, 0.0, 0.0, 0.0, 0.0, 0.0, 0.0, 0.0, 0.9775330458063891, 0.0, 0.0, 0.0, 0.0, 0.0, 0.0, 0.0, 0.0, 0.0, 0.0, 0.0, 0.0, 0.0, 0.0, 0.0, 0.0, 0.0, 0.0, 0.0], [0.0, 0.0, 0.0, 0.0, 0.0, 0.0, 0.0, 0.0, 0.0, 0.9875439432547802, 0.0, 0.0, 0.0, 0.0, 0.0, 0.0, 0.0, 0.0, 0.0, 0.0, 0.0, 0.0, 0.0, 0.0, 0.0, 0.0, 0.0, 0.0], [0.0, 0.0, 0.0, 0.0, 0.0, 0.0, 0.0, 0.0, 0.0, 0.9874238880636428, 0.0, 0.0, 0.0, 0.0, 0.0, 0.0, 0.0, 0.0, 0.0, 0.0, 0.0, 0.0, 0.0, 0.0, 0.0, 0.0, 0.0, 0.0], [0.0, 0.0, 0.0, 0.0, 0.0, 0.0, 0.0, 0.0, 0.0, 0.9866327162037815, 0.0, 0.0, 0.0, 0.0, 0.0, 0.0, 0.0, 0.0, 0.0, 0.0, 0.0, 0.0, 0.0, 0.0, 0.0, 0.0, 0.0, 0.0]], "Born radii": [], "Atomic SASAs": [], "Solvent H bonds": [], "Total SASA": NaN, "Total FOD": 0.0, "FOD": [0.0, 0.0, 0.0, 0.0, 0.0, 0.0, 0.0, 0.0, 0.0, 0.0, 0.0, 0.0, 0.0, 0.0, 0.0, 0.0, 0.0, 0.0, 0.0, 0.0, 0.0, 0.0, 0.0, 0.0, 0.0, 0.0, 0.0, 0.0], "FOD s proportion": [0.0, 0.0, 0.0, 0.0, 0.0, 0.0, 0.0, 0.0, 0.0, 0.0, 0.0, 0.0, 0.0, 0.0, 0.0, 0.0, 0.0, 0.0, 0.0, 0.0, 0.0, 0.0, 0.0, 0.0, 0.0, 0.0, 0.0, 0.0], "FOD p proportion": [0.0, 0.0, 0.0, 0.0, 0.0, 0.0, 0.0, 0.0, 0.0, 0.0, 0.0, 0.0, 0.0, 0.0, 0.0, 0.0, 0.0, 0.0, 0.0, 0.0, 0.0, 0.0, 0.0, 0.0, 0.0, 0.0, 0.0, 0.0], "FOD d proportion": [0.0, 0.0, 0.0, 0.0, 0.0, 0.0, 0.0, 0.0, 0.0, 0.0, 0.0, 0.0, 0.0, 0.0, 0.0, 0.0, 0.0, 0.0, 0.0, 0.0, 0.0, 0.0, 0.0, 0.0, 0.0, 0.0, 0.0, 0.0], "coordinates": [["4.71060", "-0.50500", "-0.02550"], ["3.21560", "-0.78080", "0.01350"], ["2.44330", "0.40850", "0.58950"], ["0.94010", "0.14470", "0.66680"], ["0.25430", "0.13210", "-0.69080"], ["0.76130", "0.63760", "-1.69220"], ["-1.12630", "-0.49070", "-0.75440"], ["-2.17510", "0.43150", "-0.14390"], ["-3.57840", "-0.15730", "-0.27920"], ["-4.62790", "0.75780", "0.33140"], ["5.10060", "-0.31210", "0.97900"], ["4.93280", "0.36360", "-0.65360"], ["5.24440", "-1.36730", "-0.43710"], ["3.03170", "-1.67320", "0.62300"], ["2.86930", "-1.00560", "-1.00130"], ["2.64160", "1.30620", "-0.00830"], ["2.81140", "0.61350", "1.60240"], ["0.75630", "-0.81300", "1.16560"], ["0.46770", "0.93450", "1.26110"], ["-1.35830", "-0.69350", "-1.80660"], ["-1.09960", "-1.45870", "-0.24210"], ["-1.94970", "0.60270", "0.91560"], ["-2.13420", "1.41200", "-0.63450"], ["-3.62130", "-1.13440", "0.21590"], ["-3.81450", "-0.31870", "-1.33740"], ["-4.43950", "0.91380", "1.39840"], ["-4.63250", "1.73430", "-0.16340"], ["-5.62400", "0.31740", "0.22320"]], "bond_dist": [[0.0, 1.5207273391374279, 2.520586546818022, 3.8881949063800803, 4.550508783641671, 4.4362590253500755, 5.882253081090613, 6.950101819398044, 8.30016746698523, 9.430250457967698, 1.0946829038584642, 1.0946910111990507, 1.0944945363043157, 2.14568140691949, 2.1431686097925198, 2.7498185903801002, 2.740084177539077, 4.141264504954978, 4.661512653635084, 6.327669134049284, 5.891933747930301, 6.81705688622297, 7.134217338993816, 8.35912530890643, 8.627463086562585, 9.368287712276988, 9.608693902399015, 10.370253160362093], [1.5207273391374279, 0.0, 1.5305743301127195, 2.5418991699121345, 3.1778487361735763, 3.3083016095876143, 4.418814776611484, 5.527575647605377, 6.828825780469143, 7.999302633354986, 2.169123080878538, 2.1687437861582457, 2.1594101162122956, 1.0962149515491932, 1.0955718917533437, 2.164606255188227, 2.1522205602586366, 2.7159763879680545, 3.4712698339368546, 4.923509572449311, 4.375594909266624, 5.422931010993962, 5.817958050725358, 6.849029152368969, 7.173616468002732, 7.961794595441407, 8.243160512206469, 8.910024999403761], [2.520586546818022, 1.5305743301127195, 0.0, 1.5281282570517432, 2.550938268559237, 2.843899734519485, 3.9187589885064376, 4.67632581414084, 6.110289700169705, 7.084525075119715, 2.7806865878771743, 2.7829703322170007, 3.471820042859364, 2.163518361373437, 2.1706679732285177, 1.0966097847456953, 1.0970364715906213, 2.161000337806544, 2.1519102955281384, 4.626863059352416, 4.090248746714556, 4.4093654702235785, 4.843417646662323, 6.268930573072253, 6.588006093652312, 6.948566984637911, 7.238200721864517, 8.076125567993603], [3.8881949063800803, 2.5418991699121345, 1.5281282570517432, 0.0, 1.52103851364783, 2.4165679899394514, 2.587189896393382, 3.2317115852130125, 4.626333564497916, 5.611685020562006, 4.197129415445752, 4.211060039942437, 4.693797790702109, 2.77154639326135, 2.7977777502868233, 2.1679355410159222, 2.1440346289181056, 1.0953415768608439, 1.0955082336523083, 3.4789264665985686, 2.749066543392502, 2.936428013760937, 3.5708194395684587, 4.75875798712227, 5.180519120705955, 5.48332467851394, 5.854052524533753, 6.5813383942781725], [4.550508783641671, 3.1778487361735763, 2.550938268559237, 1.52103851364783, 0.0, 1.2310082087459855, 1.5159093508518244, 2.508131641282012, 3.8655861405484164, 5.027153286901047, 5.145111210654246, 4.684371712407119, 5.216671549944466, 3.563583770588254, 2.8686227601411796, 2.7465466225789794, 3.4683241789083095, 2.142764329085212, 2.121155093339476, 2.1276991704655996, 2.136591102667986, 2.767598475212761, 2.7103959028156757, 4.176889093571914, 4.144447567529356, 5.196880792359971, 5.169720479871228, 5.951818459933064], [4.4362590253500755, 3.3083016095876143, 2.843899734519485, 2.4165679899394514, 1.2310082087459855, 0.0, 2.3907244696953263, 3.325981818952112, 4.632648389420462, 5.757853909226945, 5.183315929016868, 4.30757219440371, 5.068834740845276, 3.981791536482039, 2.760636348742804, 2.6111440519435156, 3.8804484251179012, 3.2048847405172, 2.9826718659617923, 2.505517657092043, 3.155980435617433, 3.7618293222845716, 3.1784186162304042, 5.097843894236072, 4.688106053621228, 6.056105633160637, 5.712535231401204, 6.674079808482964], [5.882253081090613, 4.418814776611484, 3.9187589885064376, 2.587189896393382, 1.5159093508518244, 2.3907244696953263, 0.0, 1.5241865141773168, 2.5198740067709733, 3.872843457977614, 6.466131542893325, 6.119859634011226, 6.4385499407863565, 4.537014548136252, 4.036198828105474, 4.240587840146693, 4.720089529871229, 2.708220827406805, 2.9384130563962585, 1.0963925756771613, 1.0955310036689971, 2.1592617071582594, 2.1565031207953305, 2.7533355734454164, 2.7560646291406155, 4.193383160408788, 4.194442089241429, 4.673118087529995], [6.950101819398044, 5.527575647605377, 4.67632581414084, 3.2317115852130125, 2.508131641282012, 3.325981818952112, 1.5241865141773168, 0.0, 1.527822771135448, 2.519644740831533, 7.399301038611688, 7.12647506906465, 7.64006727260958, 5.66821523409265, 5.3147307109579875, 4.897355035118446, 5.28657449961693, 3.4433525030121443, 3.0350330871343068, 2.1673390436200792, 2.176970263921857, 1.0966562132227218, 1.0971515027561143, 2.1617107322673865, 2.162145843832002, 2.781871661310061, 2.7814533700926933, 3.4702582656050254], [8.30016746698523, 6.828825780469143, 6.110289700169705, 4.626333564497916, 3.8655861405484164, 4.632648389420462, 2.5198740067709733, 1.527822771135448, 0.0, 1.520424486779926, 8.771092935318837, 8.535340509317717, 8.906785741781375, 6.841442805432198, 6.5432313569061575, 6.395593722243463, 6.705527215663209, 4.615952081640362, 4.464916185103591, 2.747599899912649, 2.799904964458615, 2.1581961750498952, 2.162094868408877, 1.096215685893976, 1.0961662328314987, 2.1686609186315873, 2.1685679629654224, 2.159218657292494], [9.430250457967698, 7.999302633354986, 7.084525075119715, 5.611685020562006, 5.027153286901047, 5.757853909226945, 3.872843457977614, 2.519644740831533, 1.520424486779926, 0.0, 9.808556673639604, 9.61938683752764, 10.127632968764221, 8.041409311805985, 7.816244410840798, 7.29806610685324, 7.548473221784654, 5.670353773795775, 5.182731359042257, 4.167445242591677, 4.206028458058743, 2.745560214236796, 2.7530855671409857, 2.146393405226544, 2.146011474806228, 1.094677833885386, 1.094714780205328, 1.0944745817057602], [1.0946829038584642, 2.169123080878538, 2.7806865878771743, 4.197129415445752, 5.145111210654246, 5.183315929016868, 6.466131542893325, 7.399301038611688, 8.771092935318837, 9.808556673639604, 0.0, 1.7748549490028755, 1.7718534617738566, 2.5019345355144686, 3.0628793691557625, 3.1048892379600277, 2.5467232986722372, 4.377060984267868, 4.805970701117517, 7.044318457452077, 6.42248058074137, 7.109684148399281, 7.6104030182376015, 8.793749968585642, 9.211121567431405, 9.627680675012025, 10.011296935462457, 10.769612298035616], [1.0946910111990507, 2.1687437861582457, 2.7829703322170007, 4.211060039942437, 4.684371712407119, 4.30757219440371, 6.119859634011226, 7.12647506906465, 8.535340509317717, 9.61938683752764, 1.7748549490028755, 0.0, 1.7719993284423103, 3.064709286376116, 2.500727130256318, 2.5601766130484047, 3.106818947090416, 4.70500036663123, 4.891740069750232, 6.482654442433285, 6.315058139083123, 7.063169522247077, 7.144368157507002, 8.72769505998004, 8.800475726913858, 9.610069267700414, 9.67543686972325, 10.593249686474874], [1.0944945363043157, 2.1594101162122956, 3.471820042859364, 4.693797790702109, 5.216671549944466, 5.068834740845276, 6.4385499407863565, 7.64006727260958, 8.906785741781375, 10.127632968764221, 1.7718534617738566, 1.7719993284423103, 0.0, 2.4725347540530143, 2.4678428920820705, 3.755800784120478, 3.7420072006878873, 4.797805476465255, 5.567677197000559, 6.7768122284743875, 6.347654288002773, 7.580618187192915, 7.88715495029735, 8.892766043251111, 9.16372038311951, 10.116837285930815, 10.356060441113694, 11.018000215102557], [2.14568140691949, 1.0962149515491932, 2.163518361373437, 2.77154639326135, 3.563583770588254, 3.981791536482039, 4.537014548136252, 5.66821523409265, 6.841442805432198, 8.041409311805985, 2.5019345355144686, 3.064709286376116, 2.4725347540530143, 0.0, 1.763636586715075, 3.0704302727793706, 2.497349262718373, 2.4923490846990113, 3.71232634610698, 5.112227327691913, 4.226351612206442, 5.484494646729085, 6.147055238079449, 6.687185121558996, 7.249020130334857, 7.944346643997855, 8.424336344781112, 8.890639509619092], [2.1431686097925198, 1.0955718917533437, 2.1706679732285177, 2.7977777502868233, 2.8686227601411796, 2.760636348742804, 4.036198828105474, 5.3147307109579875, 6.5432313569061575, 7.816244410840798, 3.0628793691557625, 2.500727130256318, 2.4678428920820705, 1.763636586715075, 0.0, 2.526324510034291, 3.0666090246394306, 3.032708256657735, 3.8275480833034616, 4.314917874073619, 4.066183894021518, 5.429907503816248, 5.569052365528627, 6.605002168054148, 6.727404942472245, 7.928506409784884, 8.030325750553336, 8.682503909587371], [2.7498185903801002, 2.164606255188227, 1.0966097847456953, 2.1679355410159222, 2.7465466225789794, 2.6111440519435156, 4.240587840146693, 4.897355035118446, 6.395593722243463, 7.29806610685324, 3.1048892379600277, 2.5601766130484047, 3.755800784120478, 3.0704302727793706, 2.526324510034291, 0.0, 1.761539048673063, 3.069756658108261, 2.54467649417367, 4.81994636795888, 4.657887062821511, 4.735877864768052, 4.8178403585008915, 6.725378086769546, 6.788816835796941, 7.230128619879455, 7.28833701402453, 8.327752460898438], [2.740084177539077, 2.1522205602586366, 1.0970364715906213, 2.1440346289181056, 3.4683241789083095, 3.8804484251179012, 4.720089529871229, 5.28657449961693, 6.705527215663209, 7.548473221784654, 2.5467232986722372, 3.106818947090416, 3.7420072006878873, 2.497349262718373, 3.0666090246394306, 1.761539048673063, 0.0, 2.539514225201347, 2.3900745553224905, 5.542195241057463, 4.7950092898762975, 4.810393340466037, 5.4863725010246975, 6.8086096928815065, 7.308486278977337, 7.259982568849597, 7.732133566487326, 8.55253418642685], [4.141264504954978, 2.7159763879680545, 2.161000337806544, 1.0953415768608439, 2.142764329085212, 3.2048847405172, 2.708220827406805, 3.4433525030121443, 4.615952081640362, 5.670353773795775, 4.377060984267868, 4.70500036663123, 4.797805476465255, 2.4923490846990113, 3.032708256657735, 3.069756658108261, 2.539514225201347, 0.0, 1.7737436286002553, 3.6496282344918365, 2.417211738760177, 3.0641707671081257, 4.067674428958148, 4.490947540330437, 5.2346493798534395, 5.480179898506982, 6.106893132354617, 6.547835520994705], [4.661512653635084, 3.4712698339368546, 2.1519102955281384, 1.0955082336523083, 2.121155093339476, 2.9826718659617923, 2.9384130563962585, 3.0350330871343068, 4.464916185103591, 5.182731359042257, 4.805970701117517, 4.891740069750232, 5.567677197000559, 3.71232634610698, 3.8275480833034616, 2.54467649417367, 2.3900745553224905, 1.7737436286002553, 0.0, 3.923702752503049, 3.2316320598112656, 2.464403426795215, 3.2544107331435588, 4.700288422001356, 5.163327350652871, 4.90916404492659, 5.355457060793224, 6.210222033872862], [6.327669134049284, 4.923509572449311, 4.626863059352416, 3.4789264665985686, 2.1276991704655996, 2.505517657092043, 1.0963925756771613, 2.1673390436200792, 2.747599899912649, 4.167445242591677, 7.044318457452077, 6.482654442433285, 6.7768122284743875, 5.112227327691913, 4.314917874073619, 4.81994636795888, 5.542195241057463, 3.6496282344918365, 3.923702752503049, 0.0, 1.7607149059401979, 3.0725008120422035, 2.531594254615064, 3.06693137516965, 2.5285454553952555, 4.72749740666243, 4.394849794930426, 4.83096298267747], [5.891933747930301, 4.375594909266624, 4.090248746714556, 2.749066543392502, 2.136591102667986, 3.155980435617433, 1.0955310036689971, 2.176970263921857, 2.799904964458615, 4.206028458058743, 6.42248058074137, 6.315058139083123, 6.347654288002773, 4.226351612206442, 4.066183894021518, 4.657887062821511, 4.7950092898762975, 2.417211738760177, 3.2316320598112656, 1.7607149059401979, 0.0, 2.512430946314744, 3.076571697523073, 2.583390287974312, 3.141649900927855, 4.413040732873424, 4.762648958300413, 4.882748269161539], [6.81705688622297, 5.422931010993962, 4.4093654702235785, 2.936428013760937, 2.767598475212761, 3.7618293222845716, 2.1592617071582594, 1.0966562132227218, 2.1581961750498952, 2.745560214236796, 7.109684148399281, 7.063169522247077, 7.580618187192915, 5.484494646729085, 5.429907503816248, 4.735877864768052, 4.810393340466037, 3.0641707671081257, 2.464403426795215, 3.0725008120422035, 2.512430946314744, 0.0, 1.7583562636735481, 2.510247609300724, 3.066344077235952, 2.5551874862718, 3.1051852440716, 3.749839241887577], [7.134217338993816, 5.817958050725358, 4.843417646662323, 3.5708194395684587, 2.7103959028156757, 3.1784186162304042, 2.1565031207953305, 1.0971515027561143, 2.162094868408877, 2.7530855671409857, 7.6104030182376015, 7.144368157507002, 7.88715495029735, 6.147055238079449, 5.569052365528627, 4.8178403585008915, 5.4863725010246975, 4.067674428958148, 3.2544107331435588, 2.531594254615064, 3.076571697523073, 1.7583562636735481, 0.0, 3.0690062772826, 2.5125284058095736, 3.113726664304367, 2.562677387030994, 3.7566610826636992], [8.35912530890643, 6.849029152368969, 6.268930573072253, 4.75875798712227, 4.176889093571914, 5.097843894236072, 2.7533355734454164, 2.1617107322673865, 1.096215685893976, 2.146393405226544, 8.793749968585642, 8.72769505998004, 8.892766043251111, 6.687185121558996, 6.605002168054148, 6.725378086769546, 6.8086096928815065, 4.490947540330437, 4.700288422001356, 3.06693137516965, 2.583390287974312, 2.510247609300724, 3.0690062772826, 0.0, 1.7650590981607386, 2.5025748200603313, 3.065262406385463, 2.473577130392339], [8.627463086562585, 7.173616468002732, 6.588006093652312, 5.180519120705955, 4.144447567529356, 4.688106053621228, 2.7560646291406155, 2.162145843832002, 1.0961662328314987, 2.146011474806228, 9.211121567431405, 8.800475726913858, 9.16372038311951, 7.249020130334857, 6.727404942472245, 6.788816835796941, 7.308486278977337, 5.2346493798534395, 5.163327350652871, 2.5285454553952555, 3.141649900927855, 3.066344077235952, 2.5125284058095736, 1.7650590981607386, 0.0, 3.0650094437048643, 2.5024406086858484, 2.4727284161427834], [9.368287712276988, 7.961794595441407, 6.948566984637911, 5.48332467851394, 5.196880792359971, 6.056105633160637, 4.193383160408788, 2.781871661310061, 2.1686609186315873, 1.094677833885386, 9.627680675012025, 9.610069267700414, 10.116837285930815, 7.944346643997855, 7.928506409784884, 7.230128619879455, 7.259982568849597, 5.480179898506982, 4.90916404492659, 4.72749740666243, 4.413040732873424, 2.5551874862718, 3.113726664304367, 2.5025748200603313, 3.0650094437048643, 0.0, 1.774736174759505, 1.7719560519380835], [9.608693902399015, 8.243160512206469, 7.238200721864517, 5.854052524533753, 5.169720479871228, 5.712535231401204, 4.194442089241429, 2.7814533700926933, 2.1685679629654224, 1.094714780205328, 10.011296935462457, 9.67543686972325, 10.356060441113694, 8.424336344781112, 8.030325750553336, 7.28833701402453, 7.732133566487326, 6.106893132354617, 5.355457060793224, 4.394849794930426, 4.762648958300413, 3.1051852440716, 2.562677387030994, 3.065262406385463, 2.5024406086858484, 1.774736174759505, 0.0, 1.7720432895389433], [10.370253160362093, 8.910024999403761, 8.076125567993603, 6.5813383942781725, 5.951818459933064, 6.674079808482964, 4.673118087529995, 3.4702582656050254, 2.159218657292494, 1.0944745817057602, 10.769612298035616, 10.593249686474874, 11.018000215102557, 8.890639509619092, 8.682503909587371, 8.327752460898438, 8.55253418642685, 6.547835520994705, 6.210222033872862, 4.83096298267747, 4.882748269161539, 3.749839241887577, 3.7566610826636992, 2.473577130392339, 2.4727284161427834, 1.7719560519380835, 1.7720432895389433, 0.0]]}