{"total energy": -40.32668466, "HOMO-LUMO gap/eV": 3.26447181, "electronic energy": -40.78969836, "dipole": [0.43907173, -1.46954389, -0.56682984], "partial charges": [-0.11344526, 0.01364152, -0.19075054, 0.26036855, -0.31086888, 0.28183534, -0.11503254, -0.32217577, 0.26010974, -0.19238674, 0.01403132, -0.11364638, -0.34738911, 0.04172304, 0.05287047, 0.04965304, 0.03366426, 0.07235791, 0.18818112, 0.19080426, 0.06793866, 0.03323945, 0.0487962, 0.0530844, 0.04339594], "atomic dipole moments": [[0.0739145, 0.10797786, 0.01557108], [0.14259091, -0.10670072, 0.02201512], [-0.02531324, 0.1132771, -0.11998675], [-0.0233319, 0.00899385, 0.00407596], [0.26324511, -0.0647402, -0.06280391], [-0.03104924, 0.10182252, 0.04136592], [0.04644817, -0.16813458, -0.06695223], [-0.18094181, -0.2038019, -0.04576305], [0.01359468, 0.01611463, 0.0045045], [-0.03550534, -0.08301957, 0.14190693], [0.00488544, 0.17511972, -0.02704693], [-0.12863403, 0.00513958, 0.03138723], [-0.07966989, 0.25809739, 0.10593961], [0.04562798, -0.0739616, -0.09146512], [-0.00778383, -0.07349786, 0.10529074], [-0.11896636, 0.0329961, -0.03351524], [0.00361447, 0.06447049, -0.10481264], [-0.06371374, 0.07101305, 0.09087256], [0.07325841, -0.06433336, -0.08776356], [0.04705302, 0.09673307, 0.07556782], [-0.0562583, -0.09147159, -0.07466652], [-0.01586758, -0.03048245, 0.11800345], [0.04467733, -0.11797628, 0.01951792], [0.02502723, 0.03173092, -0.12214316], [0.0684995, 0.07856628, 0.07183702]], "atomic quadrupole moments": [[0.00916468, 0.18032311, 0.12614631, 0.0377683, 0.05405064, -0.13531099], [0.28465135, 0.04767325, -0.0118187, 0.15965149, 0.01436665, -0.27283265], [0.09305607, 0.02950005, -0.02057201, 0.07075184, -0.02357359, -0.07248406], [-0.21137524, 0.05662163, -0.13921636, 0.16461133, -0.18992493, 0.3505916], [-0.13659663, -0.01749553, -0.03753274, 0.05206116, -0.07620948, 0.17412937], [-0.42834298, -0.19408227, 0.09403584, 0.07510582, -0.05765992, 0.33430714], [-0.20118101, -0.16710051, 0.31455361, -0.05296257, 0.19615411, -0.1133726], [-0.10838417, -0.06591213, -0.0554296, 0.03183237, -0.07836158, 0.16381377], [-0.12290998, -0.12469163, -0.22100127, 0.08573812, -0.21796416, 0.34391124], [0.0362582, -0.08663089, 0.03414287, -0.02341394, -0.04595148, -0.07040107], [0.13093619, -0.18807892, 0.15596486, -0.05273375, -0.06456148, -0.28690105], [0.25110412, -0.02712546, -0.11982881, -0.07999037, 0.00509011, -0.13127531], [-0.05209607, 0.0059316, -0.09223593, 0.04878131, -0.09285525, 0.144332], [-0.01812389, -0.01870823, -0.00446884, -0.04879758, 0.04506494, 0.02259273], [-0.04846001, 0.00676575, -0.00642365, 0.0040955, -0.04536205, 0.05488365], [0.0630925, -0.03357925, -0.019663, 0.03269613, -0.00876582, -0.04342951], [0.00488501, 0.01380064, -0.0219316, -0.00290102, -0.03267902, 0.01704659], [-0.01096158, -0.0018183, -0.00894375, -0.01307072, 0.03471042, 0.01990533], [-0.0056115, -0.00699505, 0.03857069, 0.00997672, 0.05794466, -0.03295919], [0.04766633, 0.02817538, 0.01390793, 0.02278224, 0.01227349, -0.06157426], [0.00705248, 0.01266112, -0.00814161, 0.02721811, 0.02787265, 0.00108913], [-0.01966467, -0.02213084, -0.01482687, -0.01548272, -0.00710546, 0.03449155], [-0.02207221, -0.03284393, 0.06988671, 0.00205789, -0.02309747, -0.0478145], [-0.0278153, 0.00508123, -0.04292631, -0.0051557, -0.030952, 0.0707416], [-0.01124187, 0.03621614, 0.00335196, 0.02454971, 0.05581475, 0.00788992]], "number of molecular orbitals": 69, "number of electrons": 72, "number of unpaired electrons": 0, "orbital energies/eV": [-28.77766674, -19.15105905, -18.53150366, -18.26874492, -17.89399192, -17.86854882, -17.43606607, -17.31799995, -16.70939283, -16.42898295, -16.25284984, -15.83149406, -15.61965344, -15.40836753, -15.29293142, -14.68047838, -14.66619167, -14.51748964, -14.15320462, -13.97321584, -13.7211547, -13.52311469, -13.46780372, -12.90167899, -12.87032519, -12.79424195, -12.7671489, -12.58884043, -12.49746909, -12.40875232, -11.62276681, -11.58002088, -11.00602952, -10.99944249, -10.66131637, -10.52158855, -7.25711674, -6.78877709, -3.80065026, -3.70805602, 0.22722561, 0.4176468, 0.42229211, 0.44986667, 0.80377625, 0.94607266, 2.26306022, 2.47718308, 3.24536317, 3.26553474, 3.53301803, 3.60730654, 4.0477464, 4.10948703, 4.22004611, 4.50732847, 5.13577004, 5.4901257, 5.74371027, 6.2051446, 6.38469546, 6.58914214, 7.01809156, 7.05149236, 7.37433531, 11.12310714, 11.91812949, 12.41372528, 17.12446482], "fractional occupation": [2.0, 2.0, 2.0, 2.0, 2.0, 2.0, 2.0, 2.0, 2.0, 2.0, 2.0, 2.0, 2.0, 2.0, 2.0, 2.0, 2.0, 2.0, 2.0, 2.0, 2.0, 2.0, 2.0, 2.0, 2.0, 2.0, 2.0, 2.0, 2.0, 2.0, 2.0, 2.0, 2.0, 2.0, 2.0, 2.0, 0.0, 0.0, 0.0, 0.0, 0.0, 0.0, 0.0, 0.0, 0.0, 0.0, 0.0, 0.0, 0.0, 0.0, 0.0, 0.0, 0.0, 0.0, 0.0, 0.0, 0.0, 0.0, 0.0, 0.0, 0.0, 0.0, 0.0, 0.0, 0.0, 0.0, 0.0, 0.0, 0.0], "program call": "xtb /home/svss/Project-DBcg-Debug/aqme2_20220329/End-to-End-workflows-final/example-3/QDESCP/mol_687_rdkit_conf_2/mol_687_rdkit_conf_2.xyz --pop --wbo --acc 0.2 --gfn 2 --chrg 0 --uhf 0 --etemp 300 --input /home/svss/Project-DBcg-Debug/aqme2_20220329/End-to-End-workflows-final/example-3/QDESCP/mol_687_rdkit_conf_2/mol_687_rdkit_conf_2_xtb.inp", "method": "GFN2-xTB", "xtb version": "6.3.3 (7355c4f)", "Dipole module/D": 4.156, "Total charge": 0, "Transition dipole module/D": NaN, "HOMO": -10.5216, "LUMO": -7.2571, "HOMO occupancy": 2.0, "LUMO occupancy": 0, "mulliken charges": [-0.09529, 0.10333, -0.3559, 0.44234, -0.41195, 0.41547, -0.09475, -0.41871, 0.44215, -0.35635, 0.10371, -0.09536, -0.43871, 0.02976, 0.03729, 0.03392, 0.02451, 0.03734, 0.21809, 0.21982, 0.03359, 0.02414, 0.03319, 0.0374, 0.03098], "cm5 charges": [-0.23978, 0.05463, -0.69649, 0.65958, -0.58723, 0.57504, -0.07978, -0.59425, 0.65924, -0.69684, 0.05498, -0.23985, -0.61309, 0.08313, 0.09071, 0.08512, 0.0901, 0.10462, 0.41918, 0.42082, 0.10093, 0.08972, 0.08437, 0.09082, 0.08434], "FUKUI+": [0.013, 0.016, -0.057, -0.031, -0.104, -0.068, -0.19, -0.103, -0.03, -0.057, 0.017, 0.013, -0.119, -0.018, -0.018, -0.028, -0.024, -0.021, -0.041, -0.041, -0.021, -0.024, -0.028, -0.018, -0.017], "FUKUI-": [0.015, 0.017, -0.07, 0.005, -0.095, 0.006, -0.137, -0.088, 0.004, -0.074, 0.016, 0.015, -0.089, -0.036, -0.039, -0.037, -0.067, -0.049, -0.038, -0.042, -0.045, -0.064, -0.036, -0.037, -0.036], "FUKUIrad": [0.014, 0.017, -0.063, -0.013, -0.1, -0.031, -0.163, -0.095, -0.013, -0.065, 0.017, 0.014, -0.104, -0.027, -0.029, -0.032, -0.045, -0.035, -0.04, -0.042, -0.033, -0.044, -0.032, -0.028, -0.027], "s proportion": [1.012, 1.001, 1.456, 0.979, 1.535, 1.01, 1.941, 1.538, 0.979, 1.456, 1.001, 1.012, 1.53, 0.97, 0.963, 0.966, 0.975, 0.963, 0.782, 0.78, 0.966, 0.976, 0.967, 0.963, 0.969], "p proportion": [3.084, 2.895, 3.9, 2.579, 3.877, 2.575, 5.166, 3.881, 2.579, 3.9, 2.895, 3.084, 3.908, 0.0, 0.0, 0.0, 0.0, 0.0, 0.0, 0.0, 0.0, 0.0, 0.0, 0.0, 0.0], "d proportion": [0.0, 0.0, 0.0, 0.0, 0.0, 0.0, -0.012, 0.0, 0.0, 0.0, 0.0, 0.0, 0.0, 0.0, 0.0, 0.0, 0.0, 0.0, 0.0, 0.0, 0.0, 0.0, 0.0, 0.0, 0.0], "Fermi-level/eV": -8.8894, "Coordination numbers": [3.751, 3.747, 2.697, 2.958, 1.904, 2.977, 1.03, 1.911, 2.96, 2.698, 3.748, 3.751, 1.849, 0.924, 0.924, 0.924, 0.924, 0.924, 0.86, 0.86, 0.924, 0.924, 0.924, 0.924, 0.924], "Dispersion coefficient C6": [22.732, 20.411, 25.137, 22.628, 28.905, 22.24, 102.755, 29.2, 22.632, 25.173, 20.404, 22.736, 29.881, 2.426, 2.285, 2.324, 2.535, 2.06, 1.168, 1.154, 2.108, 2.541, 2.335, 2.282, 2.404], "Total dispersion C6": 7484.34653, "Total dispersion C8": 180888.081119, "Polarizability alpha": [6.799, 6.444, 7.446, 7.802, 7.971, 7.736, 15.508, 8.012, 7.803, 7.452, 6.443, 6.8, 8.102, 2.436, 2.364, 2.384, 2.49, 2.245, 1.693, 1.683, 2.271, 2.493, 2.39, 2.362, 2.425], "Total polarizability alpha": 131.552564, "Wiberg matrix": [[0.0, 1.019507311495739, 0.0, 0.0, 0.0, 0.0, 0.0, 0.0, 0.0, 0.0, 0.0, 0.0, 0.0, 0.9861129726545441, 0.9861189487095293, 0.9845562420939253, 0.0, 0.0, 0.0, 0.0, 0.0, 0.0, 0.0, 0.0, 0.0], [1.019507311495739, 0.0, 0.9842148853304153, 0.0, 0.0, 0.0, 0.0, 0.0, 0.0, 0.0, 0.0, 0.0, 0.0, 0.0, 0.0, 0.0, 0.9695692102825383, 0.9692041198795185, 0.0, 0.0, 0.0, 0.0, 0.0, 0.0, 0.0], [0.0, 0.9842148853304153, 0.0, 1.1946579256058747, 0.0, 0.0, 0.0, 0.0, 0.0, 0.0, 0.0, 0.0, 0.0, 0.0, 0.0, 0.0, 0.0, 0.0, 0.9304495197672158, 0.0, 0.0, 0.0, 0.0, 0.0, 0.0], [0.0, 0.0, 1.1946579256058747, 0.0, 1.303403028291236, 0.0, 0.0, 0.0, 0.0, 0.0, 0.0, 0.0, 1.333644379404056, 0.0, 0.0, 0.0, 0.0, 0.0, 0.0, 0.0, 0.0, 0.0, 0.0, 0.0, 0.0], [0.0, 0.0, 0.0, 1.303403028291236, 0.0, 1.3982925728578217, 0.0, 0.0, 0.0, 0.0, 0.0, 0.0, 0.0, 0.0, 0.0, 0.0, 0.0, 0.0, 0.0, 0.0, 0.0, 0.0, 0.0, 0.0, 0.0], [0.0, 0.0, 0.0, 0.0, 1.3982925728578217, 0.0, 1.0087802318981458, 1.4004414430989782, 0.0, 0.0, 0.0, 0.0, 0.0, 0.0, 0.0, 0.0, 0.0, 0.0, 0.0, 0.0, 0.0, 0.0, 0.0, 0.0, 0.0], [0.0, 0.0, 0.0, 0.0, 0.0, 1.0087802318981458, 0.0, 0.0, 0.0, 0.0, 0.0, 0.0, 0.0, 0.0, 0.0, 0.0, 0.0, 0.0, 0.0, 0.0, 0.0, 0.0, 0.0, 0.0, 0.0], [0.0, 0.0, 0.0, 0.0, 0.0, 1.4004414430989782, 0.0, 0.0, 1.2980949426239519, 0.0, 0.0, 0.0, 0.0, 0.0, 0.0, 0.0, 0.0, 0.0, 0.0, 0.0, 0.0, 0.0, 0.0, 0.0, 0.0], [0.0, 0.0, 0.0, 0.0, 0.0, 0.0, 0.0, 1.2980949426239519, 0.0, 1.1926661531220535, 0.0, 0.0, 1.3403369492823864, 0.0, 0.0, 0.0, 0.0, 0.0, 0.0, 0.0, 0.0, 0.0, 0.0, 0.0, 0.0], [0.0, 0.0, 0.0, 0.0, 0.0, 0.0, 0.0, 0.0, 1.1926661531220535, 0.0, 0.9848420652997965, 0.0, 0.0, 0.0, 0.0, 0.0, 0.0, 0.0, 0.0, 0.929917748752715, 0.0, 0.0, 0.0, 0.0, 0.0], [0.0, 0.0, 0.0, 0.0, 0.0, 0.0, 0.0, 0.0, 0.0, 0.9848420652997965, 0.0, 1.0194409742335269, 0.0, 0.0, 0.0, 0.0, 0.0, 0.0, 0.0, 0.0, 0.9698627700917025, 0.9695411943385366, 0.0, 0.0, 0.0], [0.0, 0.0, 0.0, 0.0, 0.0, 0.0, 0.0, 0.0, 0.0, 0.0, 1.0194409742335269, 0.0, 0.0, 0.0, 0.0, 0.0, 0.0, 0.0, 0.0, 0.0, 0.0, 0.0, 0.9846349846781943, 0.9860995155604431, 0.9860044454645632], [0.0, 0.0, 0.0, 1.333644379404056, 0.0, 0.0, 0.0, 0.0, 1.3403369492823864, 0.0, 0.0, 0.0, 0.0, 0.0, 0.0, 0.0, 0.0, 0.0, 0.0, 0.0, 0.0, 0.0, 0.0, 0.0, 0.0], [0.9861129726545441, 0.0, 0.0, 0.0, 0.0, 0.0, 0.0, 0.0, 0.0, 0.0, 0.0, 0.0, 0.0, 0.0, 0.0, 0.0, 0.0, 0.0, 0.0, 0.0, 0.0, 0.0, 0.0, 0.0, 0.0], [0.9861189487095293, 0.0, 0.0, 0.0, 0.0, 0.0, 0.0, 0.0, 0.0, 0.0, 0.0, 0.0, 0.0, 0.0, 0.0, 0.0, 0.0, 0.0, 0.0, 0.0, 0.0, 0.0, 0.0, 0.0, 0.0], [0.9845562420939253, 0.0, 0.0, 0.0, 0.0, 0.0, 0.0, 0.0, 0.0, 0.0, 0.0, 0.0, 0.0, 0.0, 0.0, 0.0, 0.0, 0.0, 0.0, 0.0, 0.0, 0.0, 0.0, 0.0, 0.0], [0.0, 0.9695692102825383, 0.0, 0.0, 0.0, 0.0, 0.0, 0.0, 0.0, 0.0, 0.0, 0.0, 0.0, 0.0, 0.0, 0.0, 0.0, 0.0, 0.0, 0.0, 0.0, 0.0, 0.0, 0.0, 0.0], [0.0, 0.9692041198795185, 0.0, 0.0, 0.0, 0.0, 0.0, 0.0, 0.0, 0.0, 0.0, 0.0, 0.0, 0.0, 0.0, 0.0, 0.0, 0.0, 0.0, 0.0, 0.0, 0.0, 0.0, 0.0, 0.0], [0.0, 0.0, 0.9304495197672158, 0.0, 0.0, 0.0, 0.0, 0.0, 0.0, 0.0, 0.0, 0.0, 0.0, 0.0, 0.0, 0.0, 0.0, 0.0, 0.0, 0.0, 0.0, 0.0, 0.0, 0.0, 0.0], [0.0, 0.0, 0.0, 0.0, 0.0, 0.0, 0.0, 0.0, 0.0, 0.929917748752715, 0.0, 0.0, 0.0, 0.0, 0.0, 0.0, 0.0, 0.0, 0.0, 0.0, 0.0, 0.0, 0.0, 0.0, 0.0], [0.0, 0.0, 0.0, 0.0, 0.0, 0.0, 0.0, 0.0, 0.0, 0.0, 0.9698627700917025, 0.0, 0.0, 0.0, 0.0, 0.0, 0.0, 0.0, 0.0, 0.0, 0.0, 0.0, 0.0, 0.0, 0.0], [0.0, 0.0, 0.0, 0.0, 0.0, 0.0, 0.0, 0.0, 0.0, 0.0, 0.9695411943385366, 0.0, 0.0, 0.0, 0.0, 0.0, 0.0, 0.0, 0.0, 0.0, 0.0, 0.0, 0.0, 0.0, 0.0], [0.0, 0.0, 0.0, 0.0, 0.0, 0.0, 0.0, 0.0, 0.0, 0.0, 0.0, 0.9846349846781943, 0.0, 0.0, 0.0, 0.0, 0.0, 0.0, 0.0, 0.0, 0.0, 0.0, 0.0, 0.0, 0.0], [0.0, 0.0, 0.0, 0.0, 0.0, 0.0, 0.0, 0.0, 0.0, 0.0, 0.0, 0.9860995155604431, 0.0, 0.0, 0.0, 0.0, 0.0, 0.0, 0.0, 0.0, 0.0, 0.0, 0.0, 0.0, 0.0], [0.0, 0.0, 0.0, 0.0, 0.0, 0.0, 0.0, 0.0, 0.0, 0.0, 0.0, 0.9860044454645632, 0.0, 0.0, 0.0, 0.0, 0.0, 0.0, 0.0, 0.0, 0.0, 0.0, 0.0, 0.0, 0.0]], "Born radii": [], "Atomic SASAs": [], "Solvent H bonds": [], "Total SASA": NaN, "Total FOD": 0.0, "FOD": [0.0, 0.0, 0.0, 0.0, 0.0, 0.0, 0.0, 0.0, 0.0, 0.0, 0.0, 0.0, 0.0, 0.0, 0.0, 0.0, 0.0, 0.0, 0.0, 0.0, 0.0, 0.0, 0.0, 0.0, 0.0], "FOD s proportion": [0.0, 0.0, 0.0, 0.0, 0.0, 0.0, 0.0, 0.0, 0.0, 0.0, 0.0, 0.0, 0.0, 0.0, 0.0, 0.0, 0.0, 0.0, 0.0, 0.0, 0.0, 0.0, 0.0, 0.0, 0.0], "FOD p proportion": [0.0, 0.0, 0.0, 0.0, 0.0, 0.0, 0.0, 0.0, 0.0, 0.0, 0.0, 0.0, 0.0, 0.0, 0.0, 0.0, 0.0, 0.0, 0.0, 0.0, 0.0, 0.0, 0.0, 0.0, 0.0], "FOD d proportion": [0.0, 0.0, 0.0, 0.0, 0.0, 0.0, 0.0, 0.0, 0.0, 0.0, 0.0, 0.0, 0.0, 0.0, 0.0, 0.0, 0.0, 0.0, 0.0, 0.0, 0.0, 0.0, 0.0, 0.0, 0.0], "coordinates": [["-4.12680", "-1.52540", "-0.53150"], ["-3.27050", "-0.28970", "-0.30310"], ["-1.93180", "-0.69740", "0.08460"], ["-1.02620", "0.34190", "0.25890"], ["-1.43000", "1.51290", "0.71450"], ["-0.44970", "2.39170", "0.84420"], ["-0.90100", "3.93180", "1.43480"], ["0.83620", "2.23080", "0.57310"], ["1.12640", "1.02820", "0.11610"], ["2.46190", "0.81530", "-0.20340"], ["2.94130", "-0.53410", "0.03800"], ["4.42720", "-0.60430", "-0.27760"], ["0.23260", "0.05850", "-0.05330"], ["-3.71040", "-2.15060", "-1.32860"], ["-4.18550", "-2.13540", "0.37630"], ["-5.14300", "-1.23770", "-0.81790"], ["-3.24210", "0.30240", "-1.22600"], ["-3.73590", "0.31700", "0.48280"], ["-1.48340", "-1.36660", "-0.53320"], ["2.98990", "1.55260", "0.25300"], ["2.41500", "-1.25450", "-0.59940"], ["2.78350", "-0.81880", "1.08540"], ["4.80560", "-1.61720", "-0.10850"], ["4.61980", "-0.33570", "-1.32180"], ["4.99690", "0.08410", "0.35570"]], "bond_dist": [[0.0, 1.520648131554437, 2.4255284393302836, 3.7047620449902046, 4.249295603979559, 5.545925288894542, 6.637254942368871, 6.3214356439024195, 5.8767651782251775, 6.999820982710915, 7.159961141654332, 8.607195037873836, 4.662808468080155, 1.0952773210470488, 1.0952837668841806, 1.0942845562284058, 2.1461307462500976, 2.139169245291265, 2.6481661371598273, 7.793390991089822, 6.547758735628552, 7.132033038341873, 8.94288130302533, 8.862447277135137, 9.306960609135508], [1.520648131554437, 0.0, 1.452118545436288, 2.3982587537628213, 2.769894721826084, 4.057476542137983, 5.143528838258808, 4.897512795287012, 4.609264438063844, 5.838781966300848, 6.225956939298569, 7.704168267892388, 3.529214202906931, 2.169818211279461, 2.1691975129065586, 2.161013486769576, 1.0968743683758866, 1.0965039261215621, 2.0991393545927344, 6.549498046415466, 5.774386805540481, 6.233682303422271, 8.186789152042454, 7.955922308569887, 8.302026658593672], [2.4255284393302836, 1.452118545436288, 0.0, 1.389473403847659, 2.352446245932094, 3.509437473442147, 4.931032480120162, 4.058917526878317, 3.5115914981671774, 4.655728190090139, 4.87605804518363, 6.369987240960534, 2.2967430374336613, 2.6967280990118376, 2.689255766936273, 3.3790880100997667, 2.1057441653724225, 2.107687692709715, 1.0151689711570187, 5.4142395080011, 4.435412793641647, 4.82186610038064, 6.802637606840452, 6.710607305602079, 6.977902345977622], [3.7047620449902046, 2.3982587537628213, 1.389473403847659, 0.0, 1.3197980148492419, 2.208304412892389, 3.7796557859149025, 2.6711792545615505, 2.2638653427269038, 3.5503056854304815, 4.069057514953555, 5.5608181277578215, 1.3275397696491056, 3.992197657932282, 4.0164629389551205, 4.539017144713159, 2.667714578061154, 2.719048603831862, 1.937892282868168, 4.194626146630948, 3.8893481831792847, 4.067448933914229, 6.163030651392219, 5.902124215060201, 6.029391734661135], [4.249295603979559, 2.769894721826084, 2.352446245932094, 1.3197980148492419, 0.0, 1.3229133078172584, 2.5787109764376464, 2.3813938796427605, 2.6698684630520657, 4.059072773429912, 4.874025537479261, 6.306630644805512, 2.3385967929508498, 4.774485733563354, 4.5844576974817866, 4.868307623805217, 2.917971368947955, 2.607879696228337, 3.1386505221193395, 4.444105573678465, 4.916183577735884, 4.829904134659403, 7.025493745638095, 6.645594005805651, 6.593576456673571], [5.545925288894542, 4.057476542137983, 3.509437473442147, 2.208304412892389, 1.3229133078172584, 0.0, 1.710084225995901, 1.3239799205426042, 2.2075672288743555, 3.4727391609506175, 4.550730169983714, 5.832547029386046, 2.591305034147852, 5.998809350196087, 5.888103808527836, 6.161346091561486, 4.055662743621565, 3.903088583416984, 4.134076116860936, 3.5894922217494774, 4.8564659465500215, 4.5627919007993345, 6.67810561386985, 6.150617612077668, 5.9354108172897355], [6.637254942368871, 5.143528838258808, 4.931032480120162, 3.7796557859149025, 2.5787109764376464, 1.710084225995901, 0.0, 2.579494471790936, 3.778916962570096, 4.868815862198939, 6.054633130091368, 7.204042768473824, 4.301388550224218, 7.247392474538687, 6.979919651400007, 7.056412086889484, 5.072785251713303, 4.691454044323572, 5.682011643775469, 4.711299893872178, 6.4831730911645415, 6.022111006117373, 8.107925718085976, 7.502641698095411, 7.124217606867437], [6.3214356439024195, 4.897512795287012, 4.058917526878317, 2.6711792545615505, 2.3813938796427605, 1.3239799205426042, 2.579494471790936, 0.0, 1.3188297084915852, 2.2911772061540763, 3.5160275923263176, 4.653682788931794, 2.339999403846078, 6.594293018209003, 6.657319548436893, 7.050971981932703, 4.8567497629587635, 4.957306016376234, 4.421055372871957, 2.280535669530297, 4.0018348016878456, 3.6543793919077423, 5.570262015381323, 4.949060236044819, 4.68689749621218], [5.8767651782251775, 4.609264438063844, 3.5115914981671774, 2.2638653427269038, 2.6698684630520657, 2.2075672288743555, 3.778916962570096, 1.3188297084915852, 0.0, 1.3895923538937596, 2.3959847474472786, 3.7034222794599048, 1.329621333312609, 5.965447323545821, 6.18808133511511, 6.731421482123965, 4.627289735903729, 4.927700845221836, 3.6010711698048956, 1.940713585256722, 2.7171951530944556, 2.664006737979467, 4.537080444514952, 4.016419198739095, 3.9911781744241885], [6.999820982710915, 5.838781966300848, 4.655728190090139, 3.5503056854304815, 4.059072773429912, 3.4727391609506175, 4.868815862198939, 2.2911772061540763, 1.3895923538937596, 0.0, 1.452232309239813, 2.4255254873944327, 2.3590368246383946, 6.939735235583559, 7.295931012557617, 7.901071019804847, 5.81759341738489, 6.255549389941702, 4.520491979862369, 1.0152321163162639, 2.1078632901590177, 2.1058762570483576, 3.3791998979048286, 2.689266065304807, 2.6969373834036268], [7.159961141654332, 6.225956939298569, 4.87605804518363, 4.069057514953555, 4.874025537479261, 4.550730169983714, 6.054633130091368, 3.5160275923263176, 2.3959847474472786, 1.452232309239813, 0.0, 1.5206676855907737, 2.774268577481279, 6.980385426321386, 7.312310634813048, 8.159872809057747, 6.366463995814318, 6.745903800826098, 4.538424371959943, 2.098309760259433, 1.0964700679909143, 1.0968143370689498, 2.1610604688439423, 2.1692811827884366, 2.1699299274400548], [8.607195037873836, 7.704168267892388, 6.369987240960534, 5.5608181277578215, 6.306630644805512, 5.832547029386046, 7.204042768473824, 4.653682788931794, 3.7034222794599048, 2.4255254873944327, 1.5206676855907737, 0.0, 4.252561991317705, 8.34962145549126, 8.772140771214287, 9.606344137599901, 7.7807281111731434, 8.250042633829233, 5.96503352966268, 2.6456729314108345, 2.1389867040259976, 2.1460496126604345, 1.0944166391278964, 1.0952599508792422, 1.095226707125059], [4.662808468080155, 3.529214202906931, 2.2967430374336613, 1.3275397696491056, 2.3385967929508498, 2.591305034147852, 4.301388550224218, 2.339999403846078, 1.329621333312609, 2.3590368246383946, 2.774268577481279, 4.252561991317705, 0.0, 4.696143300624461, 4.951500881550967, 5.582277578193331, 3.6753574778516445, 4.012881472209215, 2.2816375741997237, 3.1510090114120586, 2.6048155347356174, 2.9280341169460438, 4.8706618164270035, 4.5838858766334925, 4.781891973894852], [1.0952773210470488, 2.169818211279461, 2.6967280990118376, 3.992197657932282, 4.774485733563354, 5.998809350196087, 7.247392474538687, 6.594293018209003, 5.965447323545821, 6.939735235583559, 6.980385426321386, 8.34962145549126, 4.696143300624461, 0.0, 1.7699251566097365, 1.7738499541956754, 2.4994080599213886, 3.0611876731098993, 2.491354282313136, 7.817235373839015, 6.233398191195554, 7.054914914440854, 8.61947884561474, 8.525616710244485, 9.145918426817506], [1.0952837668841806, 2.1691975129065586, 2.689255766936273, 4.0164629389551205, 4.5844576974817866, 5.888103808527836, 6.979919651400007, 6.657319548436893, 6.18808133511511, 7.295931012557617, 7.312310634813048, 8.772140771214287, 4.951500881550967, 1.7699251566097365, 0.0, 1.7744816651630975, 3.065980706071061, 2.495545665781334, 2.95289486775266, 8.068637558472929, 6.73012448250402, 7.127637713155742, 9.019059900566134, 9.146352922886804, 9.44685526352553], [1.0942845562284058, 2.161013486769576, 3.3790880100997667, 4.539017144713159, 4.868307623805217, 6.161346091561486, 7.056412086889484, 7.050971981932703, 6.731421482123965, 7.901071019804847, 8.159872809057747, 9.606344137599901, 5.582277578193331, 1.7738499541956754, 1.7744816651630975, 0.0, 2.4802972462993216, 2.467558102659388, 3.672920018187164, 8.664679065608835, 7.5611763959055995, 8.162562731765068, 9.981077625687519, 9.817320563677239, 10.292816145739708], [2.1461307462500976, 1.0968743683758866, 2.1057441653724225, 2.667714578061154, 2.917971368947955, 4.055662743621565, 5.072785251713303, 4.8567497629587635, 4.627289735903729, 5.81759341738489, 6.366463995814318, 7.7807281111731434, 3.6753574778516445, 2.4994080599213886, 3.065980706071061, 2.4802972462993216, 0.0, 1.7787774003511514, 2.5216182363712396, 6.525968513561799, 5.900791945154481, 6.550382794921226, 8.34860142179515, 7.888334479470302, 8.392291152003725], [2.139169245291265, 1.0965039261215621, 2.107687692709715, 2.719048603831862, 2.607879696228337, 3.903088583416984, 4.691454044323572, 4.957306016376234, 4.927700845221836, 6.255549389941702, 6.745903800826098, 8.250042633829233, 4.012881472209215, 3.0611876731098993, 2.495545665781334, 2.467558102659388, 1.7787774003511514, 0.0, 2.990070435625221, 6.842214629781793, 6.440057445395965, 6.644978913435317, 8.777698307643067, 8.573232817321596, 8.736829668707065], [2.6481661371598273, 2.0991393545927344, 1.0151689711570187, 1.937892282868168, 3.1386505221193395, 4.134076116860936, 5.682011643775469, 4.421055372871957, 3.6010711698048956, 4.520491979862369, 4.538424371959943, 5.96503352966268, 2.2816375741997237, 2.491354282313136, 2.95289486775266, 3.672920018187164, 2.5216182363712396, 2.990070435625221, 0.0, 5.399097329183833, 3.9005732155671686, 4.596344896763078, 6.308303373332642, 6.239687092314805, 6.699922521193808], [7.793390991089822, 6.549498046415466, 5.4142395080011, 4.194626146630948, 4.444105573678465, 3.5894922217494774, 4.711299893872178, 2.280535669530297, 1.940713585256722, 1.0152321163162639, 2.098309760259433, 2.6456729314108345, 3.1510090114120586, 7.817235373839015, 8.068637558472929, 8.664679065608835, 6.525968513561799, 6.842214629781793, 5.399097329183833, 0.0, 2.989465868679554, 2.5217114585138405, 3.67084197153732, 2.949956938668766, 2.488993479300418], [6.547758735628552, 5.774386805540481, 4.435412793641647, 3.8893481831792847, 4.916183577735884, 4.8564659465500215, 6.4831730911645415, 4.0018348016878456, 2.7171951530944556, 2.1078632901590177, 1.0964700679909143, 2.1389867040259976, 2.6048155347356174, 6.233398191195554, 6.73012448250402, 7.5611763959055995, 5.900791945154481, 6.440057445395965, 3.9005732155671686, 2.989465868679554, 0.0, 1.7788135877601117, 2.4672864568185027, 2.4954354810333204, 3.061090260021746], [7.132033038341873, 6.233682303422271, 4.82186610038064, 4.067448933914229, 4.829904134659403, 4.5627919007993345, 6.022111006117373, 3.6543793919077423, 2.664006737979467, 2.1058762570483576, 1.0968143370689498, 2.1460496126604345, 2.9280341169460438, 7.054914914440854, 7.127637713155742, 8.162562731765068, 6.550382794921226, 6.644978913435317, 4.596344896763078, 2.5217114585138405, 1.7788135877601117, 0.0, 2.4802677637706783, 3.065941150772467, 2.4993659315914507], [8.94288130302533, 8.186789152042454, 6.802637606840452, 6.163030651392219, 7.025493745638095, 6.67810561386985, 8.107925718085976, 5.570262015381323, 4.537080444514952, 3.3791998979048286, 2.1610604688439423, 1.0944166391278964, 4.8706618164270035, 8.61947884561474, 9.019059900566134, 9.981077625687519, 8.34860142179515, 8.777698307643067, 6.308303373332642, 3.67084197153732, 2.4672864568185027, 2.4802677637706783, 0.0, 1.7745029670304864, 1.7738373713505982], [8.862447277135137, 7.955922308569887, 6.710607305602079, 5.902124215060201, 6.645594005805651, 6.150617612077668, 7.502641698095411, 4.949060236044819, 4.016419198739095, 2.689266065304807, 2.1692811827884366, 1.0952599508792422, 4.5838858766334925, 8.525616710244485, 9.146352922886804, 9.817320563677239, 7.888334479470302, 8.573232817321596, 6.239687092314805, 2.949956938668766, 2.4954354810333204, 3.065941150772467, 1.7745029670304864, 0.0, 1.7698708144946629], [9.306960609135508, 8.302026658593672, 6.977902345977622, 6.029391734661135, 6.593576456673571, 5.9354108172897355, 7.124217606867437, 4.68689749621218, 3.9911781744241885, 2.6969373834036268, 2.1699299274400548, 1.095226707125059, 4.781891973894852, 9.145918426817506, 9.44685526352553, 10.292816145739708, 8.392291152003725, 8.736829668707065, 6.699922521193808, 2.488993479300418, 3.061090260021746, 2.4993659315914507, 1.7738373713505982, 1.7698708144946629, 0.0]]}