{"total energy": -33.54483332, "HOMO-LUMO gap/eV": 11.58622233, "electronic energy": -33.98055017, "dipole": [-0.70736581, 0.11676932, 0.22663859], "partial charges": [-0.10024254, -0.05197644, -0.05827888, -0.0582529, -0.05903764, -0.06017834, -0.07022682, 0.12079019, -0.10775784, -0.45295329, 0.03162842, 0.03236749, 0.03251245, 0.02866171, 0.02874228, 0.03005883, 0.03003404, 0.02877757, 0.02907475, 0.03002472, 0.0294896, 0.03454376, 0.03240726, 0.04199223, 0.02499318, 0.01412683, 0.04909912, 0.03972268, 0.04963295, 0.28022463], "atomic dipole moments": [[0.07458097, -0.04499205, 0.0520532], [0.01329564, 0.09710838, -0.05128299], [-0.00928795, -0.09660745, 0.05239937], [0.013574, 0.0951639, -0.0509865], [-0.00898952, -0.09712193, 0.05177919], [0.01523664, 0.10342243, -0.04559301], [-0.04285219, -0.02366875, -0.10304208], [0.15900516, 0.02611684, 0.07910683], [-0.04579666, 0.09237102, 0.06241379], [-0.23483823, -0.00882007, 0.02279865], [-0.1033807, -0.06959117, 0.00392863], [-0.02808643, 0.11284235, 0.04826188], [0.03119494, 0.01535696, -0.12106643], [-0.03982924, -0.0181755, 0.11550099], [0.0174451, -0.11244112, -0.04812109], [0.03655887, 0.01890851, -0.117093], [-0.02069627, 0.11313833, 0.04654791], [0.02082662, -0.11318502, -0.04670947], [-0.03657851, -0.01866275, 0.11694911], [0.03447582, 0.01816222, -0.11841663], [-0.02146647, 0.11284514, 0.04676641], [0.0240967, -0.11363267, -0.04653], [-0.03711402, -0.02466383, 0.11312548], [0.07843247, -0.05737945, 0.07762116], [-0.02045158, 0.09768416, 0.06790642], [-0.06125886, 0.07828153, -0.06646351], [0.08087293, -0.07823034, 0.06248765], [-0.0985681, -0.06856162, -0.0425186], [0.06981635, 0.03445145, -0.10204571], [-0.03093245, 0.06120053, 0.03712447]], "atomic quadrupole moments": [[0.07939833, -0.10750681, -0.04656157, 0.13489829, -0.08495222, -0.03283675], [0.18820341, 0.03473364, -0.05143561, 0.1285087, -0.09423932, -0.1367678], [0.19368878, 0.04382182, -0.05014776, 0.12789971, -0.09645964, -0.14354102], [0.19315022, 0.04850544, -0.04993236, 0.12476604, -0.09593418, -0.14321786], [0.18522266, 0.04594629, -0.0419353, 0.11861933, -0.09955457, -0.14328737], [0.17719108, 0.05159596, -0.04932615, 0.13845437, -0.06697454, -0.12786494], [0.06236188, 0.18538384, -0.08735332, -0.09633456, -0.04751201, 0.02499144], [0.14212832, 0.2638341, -0.04476442, -0.00543452, 0.15137181, -0.09736391], [-0.09432585, -0.0683968, 0.1169186, -0.05746446, 0.15502394, -0.02259275], [0.11279775, 0.09883419, -0.02287638, 0.02443287, 0.05331802, -0.08992137], [0.04145234, 0.05618576, 0.00456867, 0.001388, -0.01455914, -0.04602101], [-0.04050604, -0.0204173, 0.05304867, 0.00350478, 0.04803098, -0.01254263], [-0.02059052, -0.00719524, -0.04433677, -0.03844055, -0.01415189, 0.0649273], [-0.01174227, 0.00123409, -0.03980271, -0.01895327, -0.00195309, 0.05154498], [-0.01435458, -0.0178507, 0.03003922, -0.00345645, 0.03929242, -0.01568463], [-0.01313487, 0.00122291, -0.03720042, -0.02257026, -0.00096577, 0.05033529], [-0.01811533, -0.01538613, 0.03076444, -0.00456289, 0.03987527, -0.01264912], [-0.01780538, -0.01553437, 0.03036585, -0.00447138, 0.03954205, -0.01256047], [-0.0127626, 0.00136266, -0.03728929, -0.02240493, -0.00110574, 0.05005189], [-0.00855072, 0.00318768, -0.03755074, -0.02441802, -0.00205147, 0.04610145], [-0.01857985, -0.01437778, 0.0314328, -0.0044874, 0.04047774, -0.01285295], [-0.01363824, -0.02096919, 0.01926335, -0.00287051, 0.04513738, -0.00562511], [-0.00474332, 0.00608523, -0.04314583, -0.02432857, -0.00633374, 0.04788915], [0.02102237, -0.03301905, 0.00263049, 0.02201467, -0.03376019, -0.02365286], [-0.02312657, -0.0201812, 0.04685702, -0.02548384, 0.02880258, -0.02373045], [0.01847496, -0.00555146, -0.00620443, 0.02116581, 0.00043305, -0.01227053], [-0.01034941, -0.04395741, -0.00355576, 0.04213379, -0.03878606, 0.01390517], [0.05384776, 0.04960109, -0.01314757, 0.02475451, 0.02241442, -0.04070018], [-0.02113651, 0.01857017, -0.01389434, -0.05154507, -0.03627312, 0.03503085], [-0.03734965, -0.03460363, 0.06954287, -0.01966295, 0.10036844, -0.03219322]], "number of molecular orbitals": 60, "number of electrons": 62, "number of unpaired electrons": 0, "orbital energies/eV": [-18.48114966, -17.17663522, -16.98733679, -16.7947343, -16.53379942, -16.12265662, -15.72324067, -15.36472295, -15.28177339, -15.12779081, -14.93810194, -14.35848154, -14.08504279, -13.95992548, -13.61668261, -13.54137475, -13.34606973, -13.05665848, -12.8599422, -12.6421342, -12.51741844, -12.35815782, -12.29939734, -12.14985192, -12.01862953, -11.83258943, -11.74046413, -11.57794505, -11.46422909, -11.39100238, -10.8850228, 0.70119953, 1.49158325, 2.3330425, 2.47673282, 2.72457948, 2.85280243, 3.27966764, 3.45915697, 3.53905455, 3.65073912, 3.95403427, 4.34202737, 4.42581963, 4.68141057, 4.86032862, 5.00326053, 5.20255171, 5.30080538, 5.84421154, 6.05428564, 6.29888473, 6.63330008, 6.9913504, 7.09902026, 7.23594206, 7.38209621, 7.78273068, 7.86911614, 8.43178508], "fractional occupation": [2.0, 2.0, 2.0, 2.0, 2.0, 2.0, 2.0, 2.0, 2.0, 2.0, 2.0, 2.0, 2.0, 2.0, 2.0, 2.0, 2.0, 2.0, 2.0, 2.0, 2.0, 2.0, 2.0, 2.0, 2.0, 2.0, 2.0, 2.0, 2.0, 2.0, 2.0, 0.0, 0.0, 0.0, 0.0, 0.0, 0.0, 0.0, 0.0, 0.0, 0.0, 0.0, 0.0, 0.0, 0.0, 0.0, 0.0, 0.0, 0.0, 0.0, 0.0, 0.0, 0.0, 0.0, 0.0, 0.0, 0.0, 0.0, 0.0, 0.0], "program call": "xtb /home/svss/Project-DBcg-Debug/aqme2_20220329/End-to-End-workflows-final/example-3/QDESCP/mol_394_rdkit_conf_17/mol_394_rdkit_conf_17.xyz --pop --wbo --acc 0.2 --gfn 2 --chrg 0 --uhf 0 --etemp 300 --input /home/svss/Project-DBcg-Debug/aqme2_20220329/End-to-End-workflows-final/example-3/QDESCP/mol_394_rdkit_conf_17/mol_394_rdkit_conf_17_xtb.inp", "method": "GFN2-xTB", "xtb version": "6.3.3 (7355c4f)", "Dipole module/D": 1.911, "Total charge": 0, "Transition dipole module/D": NaN, "HOMO": -10.885, "LUMO": 0.7012, "HOMO occupancy": 2.0, "LUMO occupancy": 0, "mulliken charges": [-0.08347, -0.03841, -0.04664, -0.04489, -0.04883, -0.04781, -0.07421, 0.22457, -0.0935, -0.57072, 0.02858, 0.0268, 0.02692, 0.02224, 0.02233, 0.02289, 0.02276, 0.02316, 0.0231, 0.02155, 0.02274, 0.02458, 0.02726, 0.03737, 0.02295, 0.00807, 0.03905, 0.02475, 0.04357, 0.33325], "cm5 charges": [-0.23381, -0.15091, -0.1573, -0.15568, -0.15968, -0.15827, -0.18025, 0.17478, -0.23846, -0.78109, 0.07936, 0.07809, 0.07821, 0.07694, 0.07704, 0.07823, 0.07809, 0.07852, 0.07846, 0.07778, 0.07827, 0.08034, 0.08222, 0.09465, 0.08018, 0.07472, 0.09275, 0.07717, 0.09717, 0.50248], "FUKUI+": [0.005, -0.011, -0.013, -0.016, -0.006, -0.018, -0.006, -0.028, 0.025, -0.108, -0.05, -0.027, -0.027, -0.031, -0.031, -0.033, -0.035, -0.038, -0.039, -0.03, -0.038, -0.044, -0.05, -0.05, -0.041, -0.052, -0.04, -0.049, -0.044, -0.075], "FUKUI-": [0.017, 0.007, 0.011, 0.012, 0.009, 0.01, -0.0, -0.003, 0.02, -0.104, -0.041, -0.055, -0.053, -0.071, -0.071, -0.052, -0.054, -0.035, -0.041, -0.039, -0.03, -0.035, -0.065, -0.047, -0.036, -0.081, -0.051, -0.029, -0.049, -0.045], "FUKUIrad": [0.011, -0.002, -0.001, -0.002, 0.002, -0.004, -0.003, -0.015, 0.023, -0.106, -0.045, -0.041, -0.04, -0.051, -0.051, -0.042, -0.044, -0.036, -0.04, -0.035, -0.034, -0.04, -0.058, -0.049, -0.038, -0.067, -0.046, -0.039, -0.046, -0.06], "s proportion": [1.007, 1.027, 1.032, 1.033, 1.032, 1.032, 1.043, 1.016, 1.011, 1.699, 0.971, 0.973, 0.973, 0.978, 0.978, 0.977, 0.977, 0.977, 0.977, 0.978, 0.977, 0.975, 0.973, 0.963, 0.977, 0.992, 0.961, 0.975, 0.956, 0.667], "p proportion": [3.076, 3.011, 3.014, 3.012, 3.017, 3.016, 3.031, 2.76, 3.082, 4.872, 0.0, 0.0, 0.0, 0.0, 0.0, 0.0, 0.0, 0.0, 0.0, 0.0, 0.0, 0.0, 0.0, 0.0, 0.0, 0.0, 0.0, 0.0, 0.0, 0.0], "d proportion": [0.0, 0.0, 0.0, 0.0, 0.0, 0.0, 0.0, 0.0, 0.0, 0.0, 0.0, 0.0, 0.0, 0.0, 0.0, 0.0, 0.0, 0.0, 0.0, 0.0, 0.0, 0.0, 0.0, 0.0, 0.0, 0.0, 0.0, 0.0, 0.0, 0.0], "Fermi-level/eV": -5.0919, "Coordination numbers": [3.75, 3.8, 3.802, 3.802, 3.801, 3.8, 3.8, 3.723, 3.75, 1.653, 0.924, 0.924, 0.924, 0.924, 0.924, 0.924, 0.924, 0.924, 0.924, 0.924, 0.924, 0.924, 0.924, 0.923, 0.923, 0.924, 0.924, 0.924, 0.924, 0.804], "Dispersion coefficient C6": [22.478, 21.508, 21.621, 21.621, 21.637, 21.659, 21.845, 18.712, 22.624, 21.905, 2.564, 2.553, 2.551, 2.606, 2.605, 2.586, 2.586, 2.604, 2.6, 2.586, 2.594, 2.523, 2.553, 2.423, 2.659, 2.824, 2.331, 2.453, 2.325, 0.784], "Total dispersion C6": 6008.419739, "Total dispersion C8": 124981.207544, "Polarizability alpha": [6.762, 6.603, 6.62, 6.62, 6.623, 6.626, 6.655, 6.177, 6.784, 6.318, 2.504, 2.499, 2.498, 2.524, 2.524, 2.515, 2.515, 2.524, 2.522, 2.515, 2.519, 2.484, 2.499, 2.434, 2.55, 2.628, 2.388, 2.449, 2.384, 1.391], "Total polarizability alpha": 114.651186, "Wiberg matrix": [[0.0, 1.020103239634348, 0.0, 0.0, 0.0, 0.0, 0.0, 0.0, 0.0, 0.0, 0.9873713162163457, 0.9877084758155406, 0.9876977759573133, 0.0, 0.0, 0.0, 0.0, 0.0, 0.0, 0.0, 0.0, 0.0, 0.0, 0.0, 0.0, 0.0, 0.0, 0.0, 0.0, 0.0], [1.020103239634348, 0.0, 1.007739297625274, 0.0, 0.0, 0.0, 0.0, 0.0, 0.0, 0.0, 0.0, 0.0, 0.0, 0.9780766256505821, 0.9780753100878229, 0.0, 0.0, 0.0, 0.0, 0.0, 0.0, 0.0, 0.0, 0.0, 0.0, 0.0, 0.0, 0.0, 0.0, 0.0], [0.0, 1.007739297625274, 0.0, 1.0071744779083407, 0.0, 0.0, 0.0, 0.0, 0.0, 0.0, 0.0, 0.0, 0.0, 0.0, 0.0, 0.977171259076186, 0.9772136807593299, 0.0, 0.0, 0.0, 0.0, 0.0, 0.0, 0.0, 0.0, 0.0, 0.0, 0.0, 0.0, 0.0], [0.0, 0.0, 1.0071744779083407, 0.0, 1.0065998775521787, 0.0, 0.0, 0.0, 0.0, 0.0, 0.0, 0.0, 0.0, 0.0, 0.0, 0.0, 0.0, 0.9774157260056486, 0.9771963400743306, 0.0, 0.0, 0.0, 0.0, 0.0, 0.0, 0.0, 0.0, 0.0, 0.0, 0.0], [0.0, 0.0, 0.0, 1.0065998775521787, 0.0, 1.0078734182453448, 0.0, 0.0, 0.0, 0.0, 0.0, 0.0, 0.0, 0.0, 0.0, 0.0, 0.0, 0.0, 0.0, 0.9757775829469749, 0.97723437287771, 0.0, 0.0, 0.0, 0.0, 0.0, 0.0, 0.0, 0.0, 0.0], [0.0, 0.0, 0.0, 0.0, 1.0078734182453448, 0.0, 1.005825306456166, 0.0, 0.0, 0.0, 0.0, 0.0, 0.0, 0.0, 0.0, 0.0, 0.0, 0.0, 0.0, 0.0, 0.0, 0.9754946442623995, 0.9763129814989906, 0.0, 0.0, 0.0, 0.0, 0.0, 0.0, 0.0], [0.0, 0.0, 0.0, 0.0, 0.0, 1.005825306456166, 0.0, 0.9893758621957178, 0.0, 0.0, 0.0, 0.0, 0.0, 0.0, 0.0, 0.0, 0.0, 0.0, 0.0, 0.0, 0.0, 0.0, 0.0, 0.9749474670393645, 0.974629696369732, 0.0, 0.0, 0.0, 0.0, 0.0], [0.0, 0.0, 0.0, 0.0, 0.0, 0.0, 0.9893758621957178, 0.0, 1.0092447767313346, 0.9753575651833526, 0.0, 0.0, 0.0, 0.0, 0.0, 0.0, 0.0, 0.0, 0.0, 0.0, 0.0, 0.0, 0.0, 0.0, 0.0, 0.9637613600701064, 0.0, 0.0, 0.0, 0.0], [0.0, 0.0, 0.0, 0.0, 0.0, 0.0, 0.0, 1.0092447767313346, 0.0, 0.0, 0.0, 0.0, 0.0, 0.0, 0.0, 0.0, 0.0, 0.0, 0.0, 0.0, 0.0, 0.0, 0.0, 0.0, 0.0, 0.0, 0.9852007747488285, 0.9834301727938194, 0.9842427595941782, 0.0], [0.0, 0.0, 0.0, 0.0, 0.0, 0.0, 0.0, 0.9753575651833526, 0.0, 0.0, 0.0, 0.0, 0.0, 0.0, 0.0, 0.0, 0.0, 0.0, 0.0, 0.0, 0.0, 0.0, 0.0, 0.0, 0.0, 0.0, 0.0, 0.0, 0.0, 0.9052940378024533], [0.9873713162163457, 0.0, 0.0, 0.0, 0.0, 0.0, 0.0, 0.0, 0.0, 0.0, 0.0, 0.0, 0.0, 0.0, 0.0, 0.0, 0.0, 0.0, 0.0, 0.0, 0.0, 0.0, 0.0, 0.0, 0.0, 0.0, 0.0, 0.0, 0.0, 0.0], [0.9877084758155406, 0.0, 0.0, 0.0, 0.0, 0.0, 0.0, 0.0, 0.0, 0.0, 0.0, 0.0, 0.0, 0.0, 0.0, 0.0, 0.0, 0.0, 0.0, 0.0, 0.0, 0.0, 0.0, 0.0, 0.0, 0.0, 0.0, 0.0, 0.0, 0.0], [0.9876977759573133, 0.0, 0.0, 0.0, 0.0, 0.0, 0.0, 0.0, 0.0, 0.0, 0.0, 0.0, 0.0, 0.0, 0.0, 0.0, 0.0, 0.0, 0.0, 0.0, 0.0, 0.0, 0.0, 0.0, 0.0, 0.0, 0.0, 0.0, 0.0, 0.0], [0.0, 0.9780766256505821, 0.0, 0.0, 0.0, 0.0, 0.0, 0.0, 0.0, 0.0, 0.0, 0.0, 0.0, 0.0, 0.0, 0.0, 0.0, 0.0, 0.0, 0.0, 0.0, 0.0, 0.0, 0.0, 0.0, 0.0, 0.0, 0.0, 0.0, 0.0], [0.0, 0.9780753100878229, 0.0, 0.0, 0.0, 0.0, 0.0, 0.0, 0.0, 0.0, 0.0, 0.0, 0.0, 0.0, 0.0, 0.0, 0.0, 0.0, 0.0, 0.0, 0.0, 0.0, 0.0, 0.0, 0.0, 0.0, 0.0, 0.0, 0.0, 0.0], [0.0, 0.0, 0.977171259076186, 0.0, 0.0, 0.0, 0.0, 0.0, 0.0, 0.0, 0.0, 0.0, 0.0, 0.0, 0.0, 0.0, 0.0, 0.0, 0.0, 0.0, 0.0, 0.0, 0.0, 0.0, 0.0, 0.0, 0.0, 0.0, 0.0, 0.0], [0.0, 0.0, 0.9772136807593299, 0.0, 0.0, 0.0, 0.0, 0.0, 0.0, 0.0, 0.0, 0.0, 0.0, 0.0, 0.0, 0.0, 0.0, 0.0, 0.0, 0.0, 0.0, 0.0, 0.0, 0.0, 0.0, 0.0, 0.0, 0.0, 0.0, 0.0], [0.0, 0.0, 0.0, 0.9774157260056486, 0.0, 0.0, 0.0, 0.0, 0.0, 0.0, 0.0, 0.0, 0.0, 0.0, 0.0, 0.0, 0.0, 0.0, 0.0, 0.0, 0.0, 0.0, 0.0, 0.0, 0.0, 0.0, 0.0, 0.0, 0.0, 0.0], [0.0, 0.0, 0.0, 0.9771963400743306, 0.0, 0.0, 0.0, 0.0, 0.0, 0.0, 0.0, 0.0, 0.0, 0.0, 0.0, 0.0, 0.0, 0.0, 0.0, 0.0, 0.0, 0.0, 0.0, 0.0, 0.0, 0.0, 0.0, 0.0, 0.0, 0.0], [0.0, 0.0, 0.0, 0.0, 0.9757775829469749, 0.0, 0.0, 0.0, 0.0, 0.0, 0.0, 0.0, 0.0, 0.0, 0.0, 0.0, 0.0, 0.0, 0.0, 0.0, 0.0, 0.0, 0.0, 0.0, 0.0, 0.0, 0.0, 0.0, 0.0, 0.0], [0.0, 0.0, 0.0, 0.0, 0.97723437287771, 0.0, 0.0, 0.0, 0.0, 0.0, 0.0, 0.0, 0.0, 0.0, 0.0, 0.0, 0.0, 0.0, 0.0, 0.0, 0.0, 0.0, 0.0, 0.0, 0.0, 0.0, 0.0, 0.0, 0.0, 0.0], [0.0, 0.0, 0.0, 0.0, 0.0, 0.9754946442623995, 0.0, 0.0, 0.0, 0.0, 0.0, 0.0, 0.0, 0.0, 0.0, 0.0, 0.0, 0.0, 0.0, 0.0, 0.0, 0.0, 0.0, 0.0, 0.0, 0.0, 0.0, 0.0, 0.0, 0.0], [0.0, 0.0, 0.0, 0.0, 0.0, 0.9763129814989906, 0.0, 0.0, 0.0, 0.0, 0.0, 0.0, 0.0, 0.0, 0.0, 0.0, 0.0, 0.0, 0.0, 0.0, 0.0, 0.0, 0.0, 0.0, 0.0, 0.0, 0.0, 0.0, 0.0, 0.0], [0.0, 0.0, 0.0, 0.0, 0.0, 0.0, 0.9749474670393645, 0.0, 0.0, 0.0, 0.0, 0.0, 0.0, 0.0, 0.0, 0.0, 0.0, 0.0, 0.0, 0.0, 0.0, 0.0, 0.0, 0.0, 0.0, 0.0, 0.0, 0.0, 0.0, 0.0], [0.0, 0.0, 0.0, 0.0, 0.0, 0.0, 0.974629696369732, 0.0, 0.0, 0.0, 0.0, 0.0, 0.0, 0.0, 0.0, 0.0, 0.0, 0.0, 0.0, 0.0, 0.0, 0.0, 0.0, 0.0, 0.0, 0.0, 0.0, 0.0, 0.0, 0.0], [0.0, 0.0, 0.0, 0.0, 0.0, 0.0, 0.0, 0.9637613600701064, 0.0, 0.0, 0.0, 0.0, 0.0, 0.0, 0.0, 0.0, 0.0, 0.0, 0.0, 0.0, 0.0, 0.0, 0.0, 0.0, 0.0, 0.0, 0.0, 0.0, 0.0, 0.0], [0.0, 0.0, 0.0, 0.0, 0.0, 0.0, 0.0, 0.0, 0.9852007747488285, 0.0, 0.0, 0.0, 0.0, 0.0, 0.0, 0.0, 0.0, 0.0, 0.0, 0.0, 0.0, 0.0, 0.0, 0.0, 0.0, 0.0, 0.0, 0.0, 0.0, 0.0], [0.0, 0.0, 0.0, 0.0, 0.0, 0.0, 0.0, 0.0, 0.9834301727938194, 0.0, 0.0, 0.0, 0.0, 0.0, 0.0, 0.0, 0.0, 0.0, 0.0, 0.0, 0.0, 0.0, 0.0, 0.0, 0.0, 0.0, 0.0, 0.0, 0.0, 0.0], [0.0, 0.0, 0.0, 0.0, 0.0, 0.0, 0.0, 0.0, 0.9842427595941782, 0.0, 0.0, 0.0, 0.0, 0.0, 0.0, 0.0, 0.0, 0.0, 0.0, 0.0, 0.0, 0.0, 0.0, 0.0, 0.0, 0.0, 0.0, 0.0, 0.0, 0.0], [0.0, 0.0, 0.0, 0.0, 0.0, 0.0, 0.0, 0.0, 0.0, 0.9052940378024533, 0.0, 0.0, 0.0, 0.0, 0.0, 0.0, 0.0, 0.0, 0.0, 0.0, 0.0, 0.0, 0.0, 0.0, 0.0, 0.0, 0.0, 0.0, 0.0, 0.0]], "Born radii": [], "Atomic SASAs": [], "Solvent H bonds": [], "Total SASA": NaN, "Total FOD": 0.0, "FOD": [0.0, 0.0, 0.0, 0.0, 0.0, 0.0, 0.0, 0.0, 0.0, 0.0, 0.0, 0.0, 0.0, 0.0, 0.0, 0.0, 0.0, 0.0, 0.0, 0.0, 0.0, 0.0, 0.0, 0.0, 0.0, 0.0, 0.0, 0.0, 0.0, 0.0], "FOD s proportion": [0.0, 0.0, 0.0, 0.0, 0.0, 0.0, 0.0, 0.0, 0.0, 0.0, 0.0, 0.0, 0.0, 0.0, 0.0, 0.0, 0.0, 0.0, 0.0, 0.0, 0.0, 0.0, 0.0, 0.0, 0.0, 0.0, 0.0, 0.0, 0.0, 0.0], "FOD p proportion": [0.0, 0.0, 0.0, 0.0, 0.0, 0.0, 0.0, 0.0, 0.0, 0.0, 0.0, 0.0, 0.0, 0.0, 0.0, 0.0, 0.0, 0.0, 0.0, 0.0, 0.0, 0.0, 0.0, 0.0, 0.0, 0.0, 0.0, 0.0, 0.0, 0.0], "FOD d proportion": [0.0, 0.0, 0.0, 0.0, 0.0, 0.0, 0.0, 0.0, 0.0, 0.0, 0.0, 0.0, 0.0, 0.0, 0.0, 0.0, 0.0, 0.0, 0.0, 0.0, 0.0, 0.0, 0.0, 0.0, 0.0, 0.0, 0.0, 0.0, 0.0, 0.0], "coordinates": [["-4.68810", "-0.01260", "-1.09190"], ["-3.57970", "-0.69810", "-0.30890"], ["-2.28990", "0.12160", "-0.32950"], ["-1.17750", "-0.57150", "0.45910"], ["0.11390", "0.24950", "0.43870"], ["1.22600", "-0.44820", "1.22420"], ["2.50660", "0.38320", "1.33310"], ["3.17670", "0.75590", "0.00590"], ["3.58720", "-0.45220", "-0.82330"], ["4.36090", "1.50280", "0.29030"], ["-5.60090", "-0.61580", "-1.06390"], ["-4.91740", "0.97040", "-0.66830"], ["-4.40220", "0.12270", "-2.13990"], ["-3.90980", "-0.84740", "0.72580"], ["-3.39740", "-1.69040", "-0.73770"], ["-1.96650", "0.27160", "-1.36680"], ["-2.47860", "1.11450", "0.09670"], ["-0.98810", "-1.56400", "0.03240"], ["-1.50160", "-0.72140", "1.49610"], ["0.42580", "0.39920", "-0.60100"], ["-0.07410", "1.24050", "0.86890"], ["1.44700", "-1.42200", "0.77230"], ["0.87000", "-0.65580", "2.24120"], ["3.22780", "-0.16130", "1.95710"], ["2.28990", "1.30450", "1.88990"], ["2.52450", "1.40230", "-0.59040"], ["4.24480", "-1.11530", "-0.25050"], ["2.72060", "-1.02520", "-1.16450"], ["4.15490", "-0.13400", "-1.70480"], ["4.09490", "2.29630", "0.78560"]], "bond_dist": [[0.0, 1.520378179927613, 2.520044967852757, 3.8784381611674563, 5.046844238729784, 6.366368303829115, 7.602696280267943, 7.978147412150268, 8.291319811103659, 9.278540564118906, 1.0944578932055813, 1.0946709322896995, 1.0946912350064744, 2.14631666349586, 2.1462471828752627, 2.7501720328008576, 2.7504571656362877, 4.166640427250712, 4.16580408684806, 5.153885452743396, 5.167590565244117, 6.5651429542699224, 6.512736556932117, 8.484101926544731, 7.701841834911957, 7.367159766151404, 9.039944892531148, 7.477931880540234, 8.86504559322737, 9.27346291630047], [1.520378179927613, 0.0, 1.5283705342618983, 2.5251567080084354, 3.885811688695169, 5.050504738142515, 6.395969150957499, 6.918248044122152, 7.189543085620949, 8.261726805577633, 2.159177558701461, 2.168525282305927, 2.1685893779136705, 1.0962940253417421, 1.0962490684146553, 2.159139814833676, 2.159271018191093, 2.7536628442857705, 2.752647362086179, 4.163342401244461, 4.175477716381684, 5.192373016261447, 5.12880389467174, 7.194787452732707, 6.5800708476429035, 6.461592686791702, 7.83583222446729, 6.366539551436086, 7.879770477621793, 8.310466098240218], [2.520044967852757, 1.5283705342618983, 0.0, 1.5296114964264618, 2.526805115160249, 3.8858986785555794, 5.083216065641908, 5.513487572308474, 5.925655178121657, 6.82092413973356, 3.470709310789367, 2.781906384118632, 2.7819706432671065, 2.1625667850958963, 2.162528032188254, 1.096849511099859, 1.0968612218507863, 2.16030141646947, 2.159833616276958, 2.7433192486475213, 2.7564233002207765, 4.190594923158286, 4.1470251096418504, 5.979430178537082, 5.224897779861343, 4.988658001907928, 6.651200395417356, 5.207445197983365, 6.594863796167438, 6.836551699504656], [3.8784381611674563, 2.5251567080084354, 1.5296114964264618, 0.0, 1.5304153423172415, 2.5253501044409665, 3.9048586274025334, 4.574542451437083, 4.935701403042936, 5.916509823367151, 4.678456909067347, 4.199445008569584, 4.199452908415571, 2.7591145300621363, 2.7590258172043263, 2.160381776446006, 2.16027566990882, 1.0968142504544696, 1.0967587793129354, 2.153286183952333, 2.160734041940377, 2.7765886875804995, 2.7157398899747376, 4.671074408527443, 4.193975131065991, 4.324597170835684, 5.4955061541226575, 4.2470112149604695, 5.771339464976913, 6.010747112464473], [5.046844238729784, 3.885811688695169, 2.526805115160249, 1.5304153423172415, 0.0, 1.529889522155113, 2.557897640641627, 3.134405946906048, 3.761494354641517, 4.430552160848578, 5.972059099674082, 5.201838665318254, 5.201962649808243, 4.180404012771971, 4.180473257897962, 2.7547019475798105, 2.7543139345397796, 2.1606170276104, 2.1611528913984777, 1.095749875655936, 1.0965842603284073, 2.1638754169313907, 2.1541266327679067, 3.488648507660237, 2.8202805605116663, 2.8633873314660034, 4.404771332316809, 3.3151161699101888, 4.590353526690509, 4.489776258345175], [6.366368303829115, 5.050504738142515, 3.8858986785555794, 2.5253501044409665, 1.529889522155113, 0.0, 1.5306931534438901, 2.596024304585764, 3.1253060154167307, 3.808696393780948, 7.202086848962598, 6.582958739806896, 6.581772622933733, 5.175345866703016, 5.173774251936394, 4.174140545070326, 4.175805155895088, 2.7509336033426908, 2.754699549860202, 2.165585796037645, 2.160603107930746, 1.0960570468730175, 1.0973252753855622, 2.1509665873741506, 2.1556894465576435, 2.898831775043181, 3.42533442746836, 2.8762207582172827, 4.154060405193935, 3.994400758561915], [7.602696280267943, 6.395969150957499, 5.083216065641908, 3.9048586274025334, 2.557897640641627, 1.5306931534438901, 0.0, 1.532774980223777, 2.552577223121761, 2.4040308837450484, 8.513234770050689, 7.7114318903819665, 7.736995973244396, 6.561507342829085, 6.5913007517484745, 5.225948543566039, 5.188034665458589, 4.206701370432658, 4.1608145116070725, 2.8409025766470766, 2.758705750891168, 2.167024651451847, 2.1407069323006365, 1.098173797720561, 1.0980796054931536, 2.1768641367802446, 2.7883024315880798, 2.8753073435721617, 3.494742499813112, 2.546056705967092], [7.978147412150268, 6.918248044122152, 5.513487572308474, 4.574542451437083, 3.134405946906048, 2.596024304585764, 1.532774980223777, 0.0, 1.5217057862806462, 1.428661124969809, 8.948312393406926, 8.124962196835133, 7.90222279425226, 7.301185461964379, 7.053801489976876, 5.345218238762567, 5.667385348641824, 4.767409915247481, 5.127338707360769, 2.8395445603124454, 3.3981328402521287, 2.8848707874010575, 3.508607682543034, 2.156628964379362, 2.153330490194201, 1.0948842358898039, 2.1697852451337205, 2.179490899269827, 2.1622422944711817, 1.9554680999699279], [8.291319811103659, 7.189543085620949, 5.925655178121657, 4.935701403042936, 3.761494354641517, 3.1253060154167307, 2.552577223121761, 1.5217057862806462, 0.0, 2.379231314941866, 9.192705528297967, 8.624154272738863, 8.117540140338082, 7.665566048896846, 7.094018872261336, 5.626976308818085, 6.332051684091026, 4.78557121146473, 5.598925829121154, 3.281577244253135, 4.374230426029246, 2.840230173771133, 4.100705920936053, 2.818583922823658, 3.482877606233099, 2.1500567318096513, 1.0955542934971316, 1.0934998856881513, 1.0957083462308752, 3.224991589136319], [9.278540564118906, 8.261726805577633, 6.82092413973356, 5.916509823367151, 4.430552160848578, 3.808696393780948, 2.4040308837450484, 1.428661124969809, 2.379231314941866, 0.0, 10.274229063048965, 9.342869720273315, 9.197960081452843, 8.609156682277305, 8.452486564910943, 6.655661094887569, 6.853248725969313, 6.17118916012141, 6.385133164625464, 4.182984659307275, 4.480268323437782, 4.156632320761604, 4.544441393614841, 2.6136883249538383, 2.624325446662437, 2.039141412457704, 2.675890778787505, 3.346313065150958, 2.5888171526780335, 0.9724815370998053], [1.0944578932055813, 2.159177558701461, 3.470709310789367, 4.678456909067347, 5.972059099674082, 7.202086848962598, 8.513234770050689, 8.948312393406926, 9.192705528297967, 10.274229063048965, 0.0, 1.771920441216253, 1.772015784354079, 2.4731526155900694, 2.4731728305963574, 3.7534105197806436, 3.753623281577415, 4.835171224475923, 4.8341505820567905, 6.129079400693061, 6.142237684264588, 7.327651962941472, 7.266211724137965, 9.342320639969493, 8.641597720907866, 8.385645772389866, 9.891861720626709, 8.332172043951086, 9.788693359688004, 10.291234828726823], [1.0946709322896995, 2.168525282305927, 2.781906384118632, 4.199445008569584, 5.201838665318254, 6.582958739806896, 7.7114318903819665, 8.124962196835133, 8.624154272738863, 9.342869720273315, 1.771920441216253, 0.0, 1.774720510390298, 2.5026324959929696, 3.0651383329305055, 3.111918138383463, 2.560026415879336, 4.727955407996145, 4.38343520996946, 5.374065962565029, 5.088564899851431, 6.950143414347649, 6.678601309406035, 8.632366598447959, 7.655140974534695, 7.454829416559443, 9.405881679566248, 7.909973312217938, 9.19786164823107, 9.224607704937918], [1.0946912350064744, 2.1685893779136705, 2.7819706432671065, 4.199452908415571, 5.201962649808243, 6.581772622933733, 7.736995973244396, 7.90222279425226, 8.117540140338082, 9.197960081452843, 1.772015784354079, 1.774720510390298, 0.0, 3.065255007336257, 2.5026225224751735, 2.559783059167319, 3.1122795118690734, 4.384053260397277, 4.727206486922271, 5.074864477008227, 5.38839529823119, 6.7141751220831285, 6.898999369473808, 8.665042700414118, 7.900641853039536, 7.21231580700679, 8.937174349871439, 7.280340610850566, 8.57199902648151, 9.245744730415176], [2.14631666349586, 1.0962940253417421, 2.1625667850958963, 2.7591145300621363, 4.180404012771971, 5.175345866703016, 6.561507342829085, 7.301185461964379, 7.665566048896846, 8.609156682277305, 2.4731526155900694, 2.5026324959929696, 3.065255007336257, 0.0, 1.7649461776496187, 3.067173071412828, 2.508615526540486, 3.087175085737769, 2.5315341850348374, 4.702322528283232, 4.369484925022628, 5.3877299162077525, 5.017931422409038, 7.275449584733578, 6.664989310569072, 6.942171779781886, 8.21720349389012, 6.896887057941431, 8.453173487513432, 8.600095802954755], [2.1462471828752627, 1.0962490684146553, 2.162528032188254, 2.7590258172043263, 4.180473257897962, 5.173774251936394, 6.5913007517484745, 7.053801489976876, 7.094018872261336, 8.452486564910943, 2.4731728305963574, 3.0651383329305055, 2.5026225224751735, 1.7649461776496187, 0.0, 2.5085225970678438, 3.0672268924877404, 2.532539725256052, 3.085916570485988, 4.359125289550646, 4.713349261406372, 5.081372838121604, 5.306123361739718, 7.313916111769398, 6.9439966201028644, 6.68246886936258, 7.679278917320297, 6.168838892368645, 7.77141548625474, 8.622573807744415], [2.7501720328008576, 2.159139814833676, 1.096849511099859, 2.160381776446006, 2.7547019475798105, 4.174140545070326, 5.225948543566039, 5.345218238762567, 5.626976308818085, 6.655661094887569, 3.7534105197806436, 3.111918138383463, 2.559783059167319, 3.067173071412828, 2.5085225970678438, 0.0, 1.7648113411920268, 2.50688144115353, 3.0656773183099357, 2.5151204126244133, 3.085174137710868, 4.369898399276578, 4.682250207966251, 6.181946789644829, 5.458014131531724, 4.695781133102351, 6.461413544264134, 4.867393752307286, 6.144126733718958, 6.743352712857307], [2.7504571656362877, 2.159271018191093, 1.0968612218507863, 2.16027566990882, 2.7543139345397796, 4.175805155895088, 5.188034665458589, 5.667385348641824, 6.332051684091026, 6.853248725969313, 3.753623281577415, 2.560026415879336, 3.1122795118690734, 2.508615526540486, 3.0672268924877404, 1.7648113411920268, 0.0, 3.065956129823126, 2.506666744902481, 3.071478266242495, 2.528594291300999, 4.7223514238142, 4.352696210396495, 6.136102570850654, 5.098064190455039, 5.0582551200982335, 7.092014060899767, 5.7619981056921565, 6.986234804957531, 6.71432324959113], [4.166640427250712, 2.7536628442857705, 2.16030141646947, 1.0968142504544696, 2.1606170276104, 2.7509336033426908, 4.206701370432658, 4.767409915247481, 4.78557121146473, 6.17118916012141, 4.835171224475923, 4.727955407996145, 4.384053260397277, 3.087175085737769, 2.532539725256052, 2.50688144115353, 3.065956129823126, 0.0, 1.7652406918038117, 2.500892442709202, 3.0659987769077794, 2.5489856845419907, 3.025914785647474, 4.842091509874632, 4.735386203890871, 4.639523067083513, 5.259715440021447, 3.9341238846787734, 5.613663050094831, 6.426983377137364], [4.16580408684806, 2.752647362086179, 2.159833616276958, 1.0967587793129354, 2.1611528913984777, 2.754699549860202, 4.1608145116070725, 5.127338707360769, 5.598925829121154, 6.385133164625464, 4.8341505820567905, 4.38343520996946, 4.727206486922271, 2.5315341850348374, 3.085916570485988, 3.0656773183099357, 2.506666744902481, 1.7652406918038117, 0.0, 3.0607913241513214, 2.506030267175558, 3.1159218154504456, 2.4867577143742814, 4.784710792723004, 4.316806863875196, 5.007301184270825, 6.018877115376256, 4.999805960234857, 6.525855638918164, 6.397822738244629], [5.153885452743396, 4.163342401244461, 2.7433192486475213, 2.153286183952333, 1.095749875655936, 2.165585796037645, 2.8409025766470766, 2.8395445603124454, 3.281577244253135, 4.182984659307275, 6.129079400693061, 5.374065962565029, 5.074864477008227, 4.702322528283232, 4.359125289550646, 2.5151204126244133, 3.071478266242495, 2.500892442709202, 3.0607913241513214, 0.0, 1.7658685426724152, 2.499114197070634, 3.0640560504011676, 3.8352626846149662, 3.240219083642339, 2.3261263207315293, 4.123265877917649, 2.7590858359246453, 3.925412524818251, 4.357056664768086], [5.167590565244117, 4.175477716381684, 2.7564233002207765, 2.160734041940377, 1.0965842603284073, 2.160603107930746, 2.758705750891168, 3.3981328402521287, 4.374230426029246, 4.480268323437782, 6.142237684264588, 5.088564899851431, 5.38839529823119, 4.369484925022628, 4.713349261406372, 3.085174137710868, 2.528594291300999, 3.0659987769077794, 2.506030267175558, 1.7658685426724152, 0.0, 3.067895536031173, 2.5239821294929965, 3.7485685387891734, 2.575855780124345, 2.984703953493546, 5.045368887405558, 4.132609362134292, 5.137861708921328, 4.301419943460531], [6.5651429542699224, 5.192373016261447, 4.190594923158286, 2.7765886875804995, 2.1638754169313907, 1.0960570468730175, 2.167024651451847, 2.8848707874010575, 2.840230173771133, 4.156632320761604, 7.327651962941472, 6.950143414347649, 6.7141751220831285, 5.3877299162077525, 5.081372838121604, 4.369898399276578, 4.7223514238142, 2.5489856845419907, 3.1159218154504456, 2.499114197070634, 3.067895536031173, 0.0, 1.754325696670946, 2.4828137606353, 3.064851125258778, 3.3158148365070086, 2.9946401403173635, 2.3517443398464897, 3.889433226062635, 4.564789829773108], [6.512736556932117, 5.12880389467174, 4.1470251096418504, 2.7157398899747376, 2.1541266327679067, 1.0973252753855622, 2.1407069323006365, 3.508607682543034, 4.100705920936053, 4.544441393614841, 7.266211724137965, 6.678601309406035, 6.898999369473808, 5.017931422409038, 5.306123361739718, 4.682250207966251, 4.352696210396495, 3.025914785647474, 2.4867577143742814, 3.0640560504011676, 2.5239821294929965, 1.754325696670946, 0.0, 2.425791396637394, 2.4458748516635107, 3.8718347614535413, 4.220069215072189, 3.893580512844187, 5.160790564438747, 4.607998023003048], [8.484101926544731, 7.194787452732707, 5.979430178537082, 4.671074408527443, 3.488648507660237, 2.1509665873741506, 1.098173797720561, 2.156628964379362, 2.818583922823658, 2.6136883249538383, 9.342320639969493, 8.632366598447959, 8.665042700414118, 7.275449584733578, 7.313916111769398, 6.181946789644829, 6.136102570850654, 4.842091509874632, 4.784710792723004, 3.8352626846149662, 3.7485685387891734, 2.4828137606353, 2.425791396637394, 0.0, 1.7414769277828517, 3.0707054726886462, 2.611111403215114, 3.2784083958530847, 3.7775350838873756, 2.8572840985803283], [7.701841834911957, 6.5800708476429035, 5.224897779861343, 4.193975131065991, 2.8202805605116663, 2.1556894465576435, 1.0980796054931536, 2.153330490194201, 3.482877606233099, 2.624325446662437, 8.641597720907866, 7.655140974534695, 7.900641853039536, 6.664989310569072, 6.9439966201028644, 5.458014131531724, 5.098064190455039, 4.735386203890871, 4.316806863875196, 3.240219083642339, 2.575855780124345, 3.064851125258778, 2.4458748516635107, 1.7414769277828517, 0.0, 2.4932890105240504, 3.7760267755936265, 3.8655354014676933, 4.297601114575432, 2.336914788776005], [7.367159766151404, 6.461592686791702, 4.988658001907928, 4.324597170835684, 2.8633873314660034, 2.898831775043181, 2.1768641367802446, 1.0948842358898039, 2.1500567318096513, 2.039141412457704, 8.385645772389866, 7.454829416559443, 7.21231580700679, 6.942171779781886, 6.68246886936258, 4.695781133102351, 5.0582551200982335, 4.639523067083513, 5.007301184270825, 2.3261263207315293, 2.984703953493546, 3.3158148365070086, 3.8718347614535413, 3.0707054726886462, 2.4932890105240504, 0.0, 3.068105907559255, 2.502159521293557, 2.502060992462014, 2.271292178474623], [9.039944892531148, 7.83583222446729, 6.651200395417356, 5.4955061541226575, 4.404771332316809, 3.42533442746836, 2.7883024315880798, 2.1697852451337205, 1.0955542934971316, 2.675890778787505, 9.891861720626709, 9.405881679566248, 8.937174349871439, 8.21720349389012, 7.679278917320297, 6.461413544264134, 7.092014060899767, 5.259715440021447, 6.018877115376256, 4.123265877917649, 5.045368887405558, 2.9946401403173635, 4.220069215072189, 2.611111403215114, 3.7760267755936265, 3.068105907559255, 0.0, 1.779522309497692, 1.7567072009871196, 3.568611463860979], [7.477931880540234, 6.366539551436086, 5.207445197983365, 4.2470112149604695, 3.3151161699101888, 2.8762207582172827, 2.8753073435721617, 2.179490899269827, 1.0934998856881513, 3.346313065150958, 8.332172043951086, 7.909973312217938, 7.280340610850566, 6.896887057941431, 6.168838892368645, 4.867393752307286, 5.7619981056921565, 3.9341238846787734, 4.999805960234857, 2.7590858359246453, 4.132609362134292, 2.3517443398464897, 3.893580512844187, 3.2784083958530847, 3.8655354014676933, 2.502159521293557, 1.779522309497692, 0.0, 1.7729574219365785, 4.089492969794666], [8.86504559322737, 7.879770477621793, 6.594863796167438, 5.771339464976913, 4.590353526690509, 4.154060405193935, 3.494742499813112, 2.1622422944711817, 1.0957083462308752, 2.5888171526780335, 9.788693359688004, 9.19786164823107, 8.57199902648151, 8.453173487513432, 7.77141548625474, 6.144126733718958, 6.986234804957531, 5.613663050094831, 6.525855638918164, 3.925412524818251, 5.137861708921328, 3.889433226062635, 5.160790564438747, 3.7775350838873756, 4.297601114575432, 2.502060992462014, 1.7567072009871196, 1.7729574219365785, 0.0, 3.4802370968082044], [9.27346291630047, 8.310466098240218, 6.836551699504656, 6.010747112464473, 4.489776258345175, 3.994400758561915, 2.546056705967092, 1.9554680999699279, 3.224991589136319, 0.9724815370998053, 10.291234828726823, 9.224607704937918, 9.245744730415176, 8.600095802954755, 8.622573807744415, 6.743352712857307, 6.71432324959113, 6.426983377137364, 6.397822738244629, 4.357056664768086, 4.301419943460531, 4.564789829773108, 4.607998023003048, 2.8572840985803283, 2.336914788776005, 2.271292178474623, 3.568611463860979, 4.089492969794666, 3.4802370968082044, 0.0]]}