{"total energy": -42.93450988, "HOMO-LUMO gap/eV": 4.73977356, "electronic energy": -43.46284002, "dipole": [0.2929659, 0.2593359, -0.66939018], "partial charges": [-0.10009577, -0.05171039, -0.05878468, -0.05906073, -0.05840574, -0.05790068, -0.05673335, -0.08838629, 0.35324402, -0.40497873, -0.27733442, 0.08178463, -0.11084478, 0.03249638, 0.03225582, 0.03089275, 0.02803635, 0.02803039, 0.02972641, 0.03064567, 0.02985798, 0.0286564, 0.03076582, 0.03457789, 0.02805677, 0.03802554, 0.03790264, 0.05266318, 0.06862763, 0.06625024, 0.05190574, 0.05517666, 0.05686498, 0.04764561, 0.05014605], "atomic dipole moments": [[0.08792967, 0.01480251, -0.04727675], [-0.01113808, 0.00545048, 0.10957785], [0.01311037, -0.00507494, -0.10899031], [-0.01082828, 0.00492259, 0.10960184], [0.01653051, 0.004509, -0.11202766], [-0.04386773, -0.10789375, -0.0162199], [0.08410332, 0.10792465, -0.00065594], [0.00484174, -0.01954238, 0.0981876], [0.14279294, 0.06762219, -0.02879677], [0.01155479, 0.06226473, -0.16631965], [0.01788208, -0.06926021, 0.2129907], [-0.17461381, -0.1012728, -0.15127187], [-0.06507511, 0.11549353, 0.00873849], [0.00617334, -0.09768619, 0.07938209], [-0.03472988, 0.10196394, 0.0652731], [-0.08971091, -0.02420495, -0.08280661], [0.02433024, -0.10053598, -0.06714262], [-0.01509066, 0.09200992, -0.08068439], [-0.02796712, 0.10009888, 0.06783135], [0.01177773, -0.09312632, 0.0817462], [0.02534525, -0.10108702, -0.06727532], [-0.01215923, 0.0928278, -0.0810825], [-0.02909069, 0.09404604, 0.07202972], [0.01572398, -0.09537612, 0.07979833], [-0.01451921, 0.09857547, -0.07188564], [0.07650312, 0.04036137, 0.09013662], [-0.0712368, -0.02930949, -0.09342416], [0.00453581, -0.10604778, 0.0739137], [0.02738413, -0.09474125, -0.08641429], [-0.00877374, 0.11752938, -0.06138704], [0.06873723, 0.09461087, -0.03723889], [-0.03268574, 0.03217598, 0.12160042], [-0.06637071, -0.10514306, 0.03852044], [0.10584921, 0.01015748, 0.07215918], [0.03327278, -0.02906979, -0.12005681]], "atomic quadrupole moments": [[0.15508015, 0.04856408, -0.12064035, -0.13720126, -0.02126762, -0.03443979], [0.21260762, 0.09220176, -0.21506265, 0.00669903, 0.01835353, 0.00245503], [0.21415866, 0.09551212, -0.22297057, 0.01685207, 0.0234541, 0.00881191], [0.20494902, 0.08865755, -0.22155086, 0.01336314, 0.02101289, 0.01660184], [0.20171639, 0.11303945, -0.19613051, 0.01510522, 0.01324324, -0.00558588], [0.07062538, -0.01853419, 0.00271159, -0.18662675, 0.09337381, -0.07333696], [0.13175338, 0.00441952, -0.02701177, -0.17953714, 0.10011908, -0.10474162], [0.19614935, 0.0891404, -0.22134387, 0.03845714, -0.02651885, 0.02519452], [-0.05752189, -0.13327832, 0.35442904, -0.16040484, 0.2250902, -0.29690715], [-0.07707536, -0.08893009, 0.14706711, -0.03879225, 0.08761936, -0.06999176], [0.05560288, 0.02176292, -0.05604037, 0.0576786, -0.0079881, 0.00043749], [0.2436931, -0.05035385, -0.12966112, 0.34305908, 0.04588517, -0.11403198], [-8.62e-05, -0.18724007, 0.13501972, 0.0043076, 0.01115395, -0.13493352], [-0.02905314, -0.01959259, 0.02837156, 0.0033363, -0.06165978, 0.00068158], [-0.03320856, -0.01160593, 0.04852119, -0.02064765, 0.05126094, -0.01531263], [0.02357773, 0.01984416, -0.04982184, 0.05292422, 0.01659797, 0.02624411], [-0.01193496, -0.01663511, 0.03350678, -0.00902463, 0.03673322, -0.02157182], [-0.0173493, -0.00294927, 0.02749223, 0.00665996, -0.04406909, -0.01014292], [-0.01604781, -0.01556142, 0.03577821, -0.007835, 0.03576921, -0.0197304], [-0.01989545, -0.00613561, 0.02851981, 0.00785485, -0.04226203, -0.00862435], [-0.01317779, -0.01801078, 0.03297989, -0.00917502, 0.03530657, -0.0198021], [-0.02024927, -0.00542622, 0.02925996, 0.00711683, -0.0434516, -0.0090107], [-0.00376795, -0.01747657, 0.02586924, -0.01087875, 0.04331472, -0.02210129], [-0.01691717, -0.00518202, 0.03442391, 0.0136109, -0.03986373, -0.01750674], [-0.02921492, -0.02184684, 0.01112636, 0.00385979, -0.04257051, 0.01808856], [0.02363889, 0.00277749, -0.04006763, 0.03431921, 0.01680684, 0.01642873], [0.01783293, -0.00174584, -0.04032165, 0.03770324, 0.01905021, 0.02248873], [-0.02361635, -0.01756195, 0.01435424, 0.00170252, -0.04038848, 0.00926211], [-0.00325199, -0.00558681, 0.008295, -0.02360972, 0.05482305, -0.00504301], [-0.00493734, 0.00020348, 0.03496235, -0.00042272, -0.04588736, -0.03002502], [0.0077579, 0.02769472, 0.01500146, -0.01484777, -0.03429358, -0.02275936], [0.00374342, -0.00898785, -0.0329023, -0.01640422, -0.00126568, 0.02915888], [0.00592667, 0.04514346, 0.02267978, -0.03562103, -0.02824043, -0.02860646], [0.0404095, 0.01003667, -0.03402966, 0.06416481, 0.01397167, -0.00637984], [-0.04298179, -0.00876394, -0.02924511, -0.03255198, 0.00649038, 0.07222689]], "number of molecular orbitals": 74, "number of electrons": 78, "number of unpaired electrons": 0, "orbital energies/eV": [-20.00891225, -19.26991426, -18.26391373, -17.25914516, -16.91042068, -16.82417445, -16.68128474, -16.32289645, -16.16214914, -15.88673445, -15.63811235, -15.45465779, -15.20118674, -15.04951004, -14.95355914, -14.91141476, -14.11132861, -14.03689979, -13.94735648, -13.63697098, -13.60611543, -13.49288804, -13.34265223, -13.15554449, -12.98915321, -12.88870733, -12.79285791, -12.45029173, -12.27659, -12.26197661, -12.18741437, -12.0728954, -11.91133359, -11.77716799, -11.55649021, -11.49086367, -11.3591714, -11.32664947, -11.11790524, -6.37813168, -0.05696311, 1.54974808, 2.11438171, 2.62690661, 2.82305881, 3.06137478, 3.13806547, 3.25440167, 3.52189333, 3.69501587, 3.8698153, 3.96071724, 4.055256, 4.12611293, 4.23624948, 4.61440988, 4.67702627, 4.79438964, 4.87001233, 5.00612476, 5.2774092, 5.87336822, 6.01838393, 6.26499165, 6.39580153, 6.60706153, 7.01601218, 7.10561589, 7.38988656, 7.45273915, 7.76436888, 8.15316328, 8.53334554, 16.29517736], "fractional occupation": [2.0, 2.0, 2.0, 2.0, 2.0, 2.0, 2.0, 2.0, 2.0, 2.0, 2.0, 2.0, 2.0, 2.0, 2.0, 2.0, 2.0, 2.0, 2.0, 2.0, 2.0, 2.0, 2.0, 2.0, 2.0, 2.0, 2.0, 2.0, 2.0, 2.0, 2.0, 2.0, 2.0, 2.0, 2.0, 2.0, 2.0, 2.0, 2.0, 0.0, 0.0, 0.0, 0.0, 0.0, 0.0, 0.0, 0.0, 0.0, 0.0, 0.0, 0.0, 0.0, 0.0, 0.0, 0.0, 0.0, 0.0, 0.0, 0.0, 0.0, 0.0, 0.0, 0.0, 0.0, 0.0, 0.0, 0.0, 0.0, 0.0, 0.0, 0.0, 0.0, 0.0, 0.0], "program call": "xtb /home/svss/Project-DBcg-Debug/aqme2_20220329/End-to-End-workflows-final/example-3/QDESCP/mol_191_rdkit_conf_37/mol_191_rdkit_conf_37.xyz --pop --wbo --acc 0.2 --gfn 2 --chrg 0 --uhf 0 --etemp 300 --input /home/svss/Project-DBcg-Debug/aqme2_20220329/End-to-End-workflows-final/example-3/QDESCP/mol_191_rdkit_conf_37/mol_191_rdkit_conf_37_xtb.inp", "method": "GFN2-xTB", "xtb version": "6.3.3 (7355c4f)", "Dipole module/D": 1.971, "Total charge": 0, "Transition dipole module/D": NaN, "HOMO": -11.1179, "LUMO": -6.3781, "HOMO occupancy": 2.0, "LUMO occupancy": 0, "mulliken charges": [-0.08343, -0.03855, -0.04629, -0.04792, -0.04497, -0.04748, -0.0407, -0.07813, 0.57393, -0.52873, -0.42339, 0.20461, -0.09829, 0.02691, 0.02668, 0.02777, 0.02163, 0.0215, 0.02275, 0.02351, 0.02166, 0.02157, 0.02548, 0.02795, 0.0196, 0.03645, 0.02493, 0.04123, 0.05848, 0.05289, 0.0311, 0.04361, 0.05066, 0.03417, 0.03876], "cm5 charges": [-0.23375, -0.15107, -0.15701, -0.15879, -0.15555, -0.15734, -0.14927, -0.17685, 0.62305, -0.58069, -0.50634, 0.12199, -0.24481, 0.07819, 0.07798, 0.07855, 0.07634, 0.0762, 0.07809, 0.07884, 0.07764, 0.07704, 0.08042, 0.08321, 0.07495, 0.09409, 0.08056, 0.09936, 0.11639, 0.11232, 0.09366, 0.10953, 0.1056, 0.08543, 0.09205], "FUKUI+": [0.004, 0.001, 0.003, 0.004, 0.005, 0.007, 0.02, 0.028, -0.19, -0.28, -0.121, 0.03, 0.019, -0.004, -0.005, -0.009, -0.002, -0.004, -0.008, -0.005, 0.0, -0.008, -0.021, -0.008, -0.02, 0.015, -0.054, -0.023, -0.098, -0.091, -0.067, -0.032, -0.005, -0.051, -0.032], "FUKUI-": [0.015, 0.005, 0.008, 0.004, 0.007, 0.007, 0.007, -0.001, -0.01, -0.08, -0.044, 0.01, 0.009, -0.046, -0.048, -0.046, -0.06, -0.059, -0.059, -0.052, -0.044, -0.037, -0.04, -0.027, -0.034, -0.057, -0.057, -0.03, -0.041, -0.034, -0.051, -0.024, -0.031, -0.033, -0.028], "FUKUIrad": [0.01, 0.003, 0.005, 0.004, 0.006, 0.007, 0.014, 0.013, -0.1, -0.18, -0.082, 0.02, 0.014, -0.025, -0.027, -0.028, -0.031, -0.032, -0.034, -0.028, -0.022, -0.022, -0.03, -0.018, -0.027, -0.021, -0.056, -0.026, -0.07, -0.063, -0.059, -0.028, -0.018, -0.042, -0.03], "s proportion": [1.007, 1.027, 1.032, 1.032, 1.032, 1.032, 1.03, 1.04, 0.991, 1.731, 1.699, 0.993, 1.012, 0.973, 0.973, 0.972, 0.978, 0.978, 0.977, 0.976, 0.978, 0.978, 0.975, 0.972, 0.98, 0.964, 0.975, 0.959, 0.942, 0.947, 0.969, 0.956, 0.949, 0.966, 0.961], "p proportion": [3.076, 3.011, 3.014, 3.016, 3.013, 3.015, 3.011, 3.039, 2.435, 4.798, 4.725, 2.803, 3.086, 0.0, 0.0, 0.0, 0.0, 0.0, 0.0, 0.0, 0.0, 0.0, 0.0, 0.0, 0.0, 0.0, 0.0, 0.0, 0.0, 0.0, 0.0, 0.0, 0.0, 0.0, 0.0], "d proportion": [0.0, 0.0, 0.0, 0.0, 0.0, 0.0, 0.0, 0.0, 0.0, 0.0, 0.0, 0.0, 0.0, 0.0, 0.0, 0.0, 0.0, 0.0, 0.0, 0.0, 0.0, 0.0, 0.0, 0.0, 0.0, 0.0, 0.0, 0.0, 0.0, 0.0, 0.0, 0.0, 0.0, 0.0, 0.0], "Fermi-level/eV": -8.748, "Coordination numbers": [3.75, 3.8, 3.802, 3.801, 3.8, 3.8, 3.8, 3.802, 2.711, 0.856, 1.702, 3.695, 3.748, 0.924, 0.924, 0.924, 0.924, 0.924, 0.924, 0.924, 0.924, 0.924, 0.924, 0.924, 0.924, 0.924, 0.924, 0.924, 0.924, 0.924, 0.924, 0.924, 0.924, 0.924, 0.924], "Dispersion coefficient C6": [22.475, 21.503, 21.631, 21.637, 21.625, 21.617, 21.595, 22.185, 21.002, 21.781, 18.602, 19.384, 22.687, 2.551, 2.555, 2.574, 2.615, 2.615, 2.59, 2.577, 2.589, 2.606, 2.576, 2.522, 2.614, 2.475, 2.477, 2.287, 2.101, 2.127, 2.296, 2.256, 2.236, 2.35, 2.318], "Total dispersion C6": 8888.972926, "Total dispersion C8": 188274.802919, "Polarizability alpha": [6.761, 6.602, 6.622, 6.623, 6.621, 6.62, 6.616, 6.706, 7.501, 6.257, 5.823, 6.299, 6.794, 2.498, 2.5, 2.509, 2.529, 2.529, 2.517, 2.511, 2.516, 2.524, 2.51, 2.484, 2.529, 2.46, 2.461, 2.365, 2.267, 2.281, 2.37, 2.349, 2.339, 2.397, 2.381], "Total polarizability alpha": 139.66896, "Wiberg matrix": [[0.0, 1.020069491263107, 0.0, 0.0, 0.0, 0.0, 0.0, 0.0, 0.0, 0.0, 0.0, 0.0, 0.0, 0.987703196706213, 0.9877217810368222, 0.9874239912564536, 0.0, 0.0, 0.0, 0.0, 0.0, 0.0, 0.0, 0.0, 0.0, 0.0, 0.0, 0.0, 0.0, 0.0, 0.0, 0.0, 0.0, 0.0, 0.0], [1.020069491263107, 0.0, 1.0078217947813726, 0.0, 0.0, 0.0, 0.0, 0.0, 0.0, 0.0, 0.0, 0.0, 0.0, 0.0, 0.0, 0.0, 0.9781059814907975, 0.9781282976316388, 0.0, 0.0, 0.0, 0.0, 0.0, 0.0, 0.0, 0.0, 0.0, 0.0, 0.0, 0.0, 0.0, 0.0, 0.0, 0.0, 0.0], [0.0, 1.0078217947813726, 0.0, 1.006784791912175, 0.0, 0.0, 0.0, 0.0, 0.0, 0.0, 0.0, 0.0, 0.0, 0.0, 0.0, 0.0, 0.0, 0.0, 0.977107807834414, 0.9772761094831455, 0.0, 0.0, 0.0, 0.0, 0.0, 0.0, 0.0, 0.0, 0.0, 0.0, 0.0, 0.0, 0.0, 0.0, 0.0], [0.0, 0.0, 1.006784791912175, 0.0, 1.0080093537555117, 0.0, 0.0, 0.0, 0.0, 0.0, 0.0, 0.0, 0.0, 0.0, 0.0, 0.0, 0.0, 0.0, 0.0, 0.0, 0.9755625511507688, 0.9772120611406844, 0.0, 0.0, 0.0, 0.0, 0.0, 0.0, 0.0, 0.0, 0.0, 0.0, 0.0, 0.0, 0.0], [0.0, 0.0, 0.0, 1.0080093537555117, 0.0, 1.0064337913841552, 0.0, 0.0, 0.0, 0.0, 0.0, 0.0, 0.0, 0.0, 0.0, 0.0, 0.0, 0.0, 0.0, 0.0, 0.0, 0.0, 0.9766672258866733, 0.9769315262272221, 0.0, 0.0, 0.0, 0.0, 0.0, 0.0, 0.0, 0.0, 0.0, 0.0, 0.0], [0.0, 0.0, 0.0, 0.0, 1.0064337913841552, 0.0, 1.0086011115068647, 0.0, 0.0, 0.0, 0.0, 0.0, 0.0, 0.0, 0.0, 0.0, 0.0, 0.0, 0.0, 0.0, 0.0, 0.0, 0.0, 0.0, 0.9770725218644296, 0.9763323941312655, 0.0, 0.0, 0.0, 0.0, 0.0, 0.0, 0.0, 0.0, 0.0], [0.0, 0.0, 0.0, 0.0, 0.0, 1.0086011115068647, 0.0, 1.0049324986937929, 0.0, 0.0, 0.0, 0.0, 0.0, 0.0, 0.0, 0.0, 0.0, 0.0, 0.0, 0.0, 0.0, 0.0, 0.0, 0.0, 0.0, 0.0, 0.9750175390987069, 0.9745857151634423, 0.0, 0.0, 0.0, 0.0, 0.0, 0.0, 0.0], [0.0, 0.0, 0.0, 0.0, 0.0, 0.0, 1.0049324986937929, 0.0, 0.9782014837009771, 0.0, 0.0, 0.0, 0.0, 0.0, 0.0, 0.0, 0.0, 0.0, 0.0, 0.0, 0.0, 0.0, 0.0, 0.0, 0.0, 0.0, 0.0, 0.0, 0.947602326767778, 0.9603344878851806, 0.0, 0.0, 0.0, 0.0, 0.0], [0.0, 0.0, 0.0, 0.0, 0.0, 0.0, 0.0, 0.9782014837009771, 0.0, 1.7604383001438286, 1.1151361304443248, 0.0, 0.0, 0.0, 0.0, 0.0, 0.0, 0.0, 0.0, 0.0, 0.0, 0.0, 0.0, 0.0, 0.0, 0.0, 0.0, 0.0, 0.0, 0.0, 0.0, 0.0, 0.0, 0.0, 0.0], [0.0, 0.0, 0.0, 0.0, 0.0, 0.0, 0.0, 0.0, 1.7604383001438286, 0.0, 0.16950117265082504, 0.0, 0.0, 0.0, 0.0, 0.0, 0.0, 0.0, 0.0, 0.0, 0.0, 0.0, 0.0, 0.0, 0.0, 0.0, 0.0, 0.0, 0.0, 0.0, 0.0, 0.0, 0.0, 0.0, 0.0], [0.0, 0.0, 0.0, 0.0, 0.0, 0.0, 0.0, 0.0, 1.1151361304443248, 0.16950117265082504, 0.0, 0.9424167714950693, 0.0, 0.0, 0.0, 0.0, 0.0, 0.0, 0.0, 0.0, 0.0, 0.0, 0.0, 0.0, 0.0, 0.0, 0.0, 0.0, 0.0, 0.0, 0.0, 0.0, 0.0, 0.0, 0.0], [0.0, 0.0, 0.0, 0.0, 0.0, 0.0, 0.0, 0.0, 0.0, 0.0, 0.9424167714950693, 0.0, 1.0147847607695846, 0.0, 0.0, 0.0, 0.0, 0.0, 0.0, 0.0, 0.0, 0.0, 0.0, 0.0, 0.0, 0.0, 0.0, 0.0, 0.0, 0.0, 0.9716943508758852, 0.9691045684882174, 0.0, 0.0, 0.0], [0.0, 0.0, 0.0, 0.0, 0.0, 0.0, 0.0, 0.0, 0.0, 0.0, 0.0, 1.0147847607695846, 0.0, 0.0, 0.0, 0.0, 0.0, 0.0, 0.0, 0.0, 0.0, 0.0, 0.0, 0.0, 0.0, 0.0, 0.0, 0.0, 0.0, 0.0, 0.0, 0.0, 0.9846715015564944, 0.9838050449418594, 0.9858136903941911], [0.987703196706213, 0.0, 0.0, 0.0, 0.0, 0.0, 0.0, 0.0, 0.0, 0.0, 0.0, 0.0, 0.0, 0.0, 0.0, 0.0, 0.0, 0.0, 0.0, 0.0, 0.0, 0.0, 0.0, 0.0, 0.0, 0.0, 0.0, 0.0, 0.0, 0.0, 0.0, 0.0, 0.0, 0.0, 0.0], [0.9877217810368222, 0.0, 0.0, 0.0, 0.0, 0.0, 0.0, 0.0, 0.0, 0.0, 0.0, 0.0, 0.0, 0.0, 0.0, 0.0, 0.0, 0.0, 0.0, 0.0, 0.0, 0.0, 0.0, 0.0, 0.0, 0.0, 0.0, 0.0, 0.0, 0.0, 0.0, 0.0, 0.0, 0.0, 0.0], [0.9874239912564536, 0.0, 0.0, 0.0, 0.0, 0.0, 0.0, 0.0, 0.0, 0.0, 0.0, 0.0, 0.0, 0.0, 0.0, 0.0, 0.0, 0.0, 0.0, 0.0, 0.0, 0.0, 0.0, 0.0, 0.0, 0.0, 0.0, 0.0, 0.0, 0.0, 0.0, 0.0, 0.0, 0.0, 0.0], [0.0, 0.9781059814907975, 0.0, 0.0, 0.0, 0.0, 0.0, 0.0, 0.0, 0.0, 0.0, 0.0, 0.0, 0.0, 0.0, 0.0, 0.0, 0.0, 0.0, 0.0, 0.0, 0.0, 0.0, 0.0, 0.0, 0.0, 0.0, 0.0, 0.0, 0.0, 0.0, 0.0, 0.0, 0.0, 0.0], [0.0, 0.9781282976316388, 0.0, 0.0, 0.0, 0.0, 0.0, 0.0, 0.0, 0.0, 0.0, 0.0, 0.0, 0.0, 0.0, 0.0, 0.0, 0.0, 0.0, 0.0, 0.0, 0.0, 0.0, 0.0, 0.0, 0.0, 0.0, 0.0, 0.0, 0.0, 0.0, 0.0, 0.0, 0.0, 0.0], [0.0, 0.0, 0.977107807834414, 0.0, 0.0, 0.0, 0.0, 0.0, 0.0, 0.0, 0.0, 0.0, 0.0, 0.0, 0.0, 0.0, 0.0, 0.0, 0.0, 0.0, 0.0, 0.0, 0.0, 0.0, 0.0, 0.0, 0.0, 0.0, 0.0, 0.0, 0.0, 0.0, 0.0, 0.0, 0.0], [0.0, 0.0, 0.9772761094831455, 0.0, 0.0, 0.0, 0.0, 0.0, 0.0, 0.0, 0.0, 0.0, 0.0, 0.0, 0.0, 0.0, 0.0, 0.0, 0.0, 0.0, 0.0, 0.0, 0.0, 0.0, 0.0, 0.0, 0.0, 0.0, 0.0, 0.0, 0.0, 0.0, 0.0, 0.0, 0.0], [0.0, 0.0, 0.0, 0.9755625511507688, 0.0, 0.0, 0.0, 0.0, 0.0, 0.0, 0.0, 0.0, 0.0, 0.0, 0.0, 0.0, 0.0, 0.0, 0.0, 0.0, 0.0, 0.0, 0.0, 0.0, 0.0, 0.0, 0.0, 0.0, 0.0, 0.0, 0.0, 0.0, 0.0, 0.0, 0.0], [0.0, 0.0, 0.0, 0.9772120611406844, 0.0, 0.0, 0.0, 0.0, 0.0, 0.0, 0.0, 0.0, 0.0, 0.0, 0.0, 0.0, 0.0, 0.0, 0.0, 0.0, 0.0, 0.0, 0.0, 0.0, 0.0, 0.0, 0.0, 0.0, 0.0, 0.0, 0.0, 0.0, 0.0, 0.0, 0.0], [0.0, 0.0, 0.0, 0.0, 0.9766672258866733, 0.0, 0.0, 0.0, 0.0, 0.0, 0.0, 0.0, 0.0, 0.0, 0.0, 0.0, 0.0, 0.0, 0.0, 0.0, 0.0, 0.0, 0.0, 0.0, 0.0, 0.0, 0.0, 0.0, 0.0, 0.0, 0.0, 0.0, 0.0, 0.0, 0.0], [0.0, 0.0, 0.0, 0.0, 0.9769315262272221, 0.0, 0.0, 0.0, 0.0, 0.0, 0.0, 0.0, 0.0, 0.0, 0.0, 0.0, 0.0, 0.0, 0.0, 0.0, 0.0, 0.0, 0.0, 0.0, 0.0, 0.0, 0.0, 0.0, 0.0, 0.0, 0.0, 0.0, 0.0, 0.0, 0.0], [0.0, 0.0, 0.0, 0.0, 0.0, 0.9770725218644296, 0.0, 0.0, 0.0, 0.0, 0.0, 0.0, 0.0, 0.0, 0.0, 0.0, 0.0, 0.0, 0.0, 0.0, 0.0, 0.0, 0.0, 0.0, 0.0, 0.0, 0.0, 0.0, 0.0, 0.0, 0.0, 0.0, 0.0, 0.0, 0.0], [0.0, 0.0, 0.0, 0.0, 0.0, 0.9763323941312655, 0.0, 0.0, 0.0, 0.0, 0.0, 0.0, 0.0, 0.0, 0.0, 0.0, 0.0, 0.0, 0.0, 0.0, 0.0, 0.0, 0.0, 0.0, 0.0, 0.0, 0.0, 0.0, 0.0, 0.0, 0.0, 0.0, 0.0, 0.0, 0.0], [0.0, 0.0, 0.0, 0.0, 0.0, 0.0, 0.9750175390987069, 0.0, 0.0, 0.0, 0.0, 0.0, 0.0, 0.0, 0.0, 0.0, 0.0, 0.0, 0.0, 0.0, 0.0, 0.0, 0.0, 0.0, 0.0, 0.0, 0.0, 0.0, 0.0, 0.0, 0.0, 0.0, 0.0, 0.0, 0.0], [0.0, 0.0, 0.0, 0.0, 0.0, 0.0, 0.9745857151634423, 0.0, 0.0, 0.0, 0.0, 0.0, 0.0, 0.0, 0.0, 0.0, 0.0, 0.0, 0.0, 0.0, 0.0, 0.0, 0.0, 0.0, 0.0, 0.0, 0.0, 0.0, 0.0, 0.0, 0.0, 0.0, 0.0, 0.0, 0.0], [0.0, 0.0, 0.0, 0.0, 0.0, 0.0, 0.0, 0.947602326767778, 0.0, 0.0, 0.0, 0.0, 0.0, 0.0, 0.0, 0.0, 0.0, 0.0, 0.0, 0.0, 0.0, 0.0, 0.0, 0.0, 0.0, 0.0, 0.0, 0.0, 0.0, 0.0, 0.0, 0.0, 0.0, 0.0, 0.0], [0.0, 0.0, 0.0, 0.0, 0.0, 0.0, 0.0, 0.9603344878851806, 0.0, 0.0, 0.0, 0.0, 0.0, 0.0, 0.0, 0.0, 0.0, 0.0, 0.0, 0.0, 0.0, 0.0, 0.0, 0.0, 0.0, 0.0, 0.0, 0.0, 0.0, 0.0, 0.0, 0.0, 0.0, 0.0, 0.0], [0.0, 0.0, 0.0, 0.0, 0.0, 0.0, 0.0, 0.0, 0.0, 0.0, 0.0, 0.9716943508758852, 0.0, 0.0, 0.0, 0.0, 0.0, 0.0, 0.0, 0.0, 0.0, 0.0, 0.0, 0.0, 0.0, 0.0, 0.0, 0.0, 0.0, 0.0, 0.0, 0.0, 0.0, 0.0, 0.0], [0.0, 0.0, 0.0, 0.0, 0.0, 0.0, 0.0, 0.0, 0.0, 0.0, 0.0, 0.9691045684882174, 0.0, 0.0, 0.0, 0.0, 0.0, 0.0, 0.0, 0.0, 0.0, 0.0, 0.0, 0.0, 0.0, 0.0, 0.0, 0.0, 0.0, 0.0, 0.0, 0.0, 0.0, 0.0, 0.0], [0.0, 0.0, 0.0, 0.0, 0.0, 0.0, 0.0, 0.0, 0.0, 0.0, 0.0, 0.0, 0.9846715015564944, 0.0, 0.0, 0.0, 0.0, 0.0, 0.0, 0.0, 0.0, 0.0, 0.0, 0.0, 0.0, 0.0, 0.0, 0.0, 0.0, 0.0, 0.0, 0.0, 0.0, 0.0, 0.0], [0.0, 0.0, 0.0, 0.0, 0.0, 0.0, 0.0, 0.0, 0.0, 0.0, 0.0, 0.0, 0.9838050449418594, 0.0, 0.0, 0.0, 0.0, 0.0, 0.0, 0.0, 0.0, 0.0, 0.0, 0.0, 0.0, 0.0, 0.0, 0.0, 0.0, 0.0, 0.0, 0.0, 0.0, 0.0, 0.0], [0.0, 0.0, 0.0, 0.0, 0.0, 0.0, 0.0, 0.0, 0.0, 0.0, 0.0, 0.0, 0.9858136903941911, 0.0, 0.0, 0.0, 0.0, 0.0, 0.0, 0.0, 0.0, 0.0, 0.0, 0.0, 0.0, 0.0, 0.0, 0.0, 0.0, 0.0, 0.0, 0.0, 0.0, 0.0, 0.0]], "Born radii": [], "Atomic SASAs": [], "Solvent H bonds": [], "Total SASA": NaN, "Total FOD": 0.0, "FOD": [0.0, 0.0, 0.0, 0.0, 0.0, 0.0, 0.0, 0.0, 0.0, 0.0, 0.0, 0.0, 0.0, 0.0, 0.0, 0.0, 0.0, 0.0, 0.0, 0.0, 0.0, 0.0, 0.0, 0.0, 0.0, 0.0, 0.0, 0.0, 0.0, 0.0, 0.0, 0.0, 0.0, 0.0, 0.0], "FOD s proportion": [0.0, 0.0, 0.0, 0.0, 0.0, 0.0, 0.0, 0.0, 0.0, 0.0, 0.0, 0.0, 0.0, 0.0, 0.0, 0.0, 0.0, 0.0, 0.0, 0.0, 0.0, 0.0, 0.0, 0.0, 0.0, 0.0, 0.0, 0.0, 0.0, 0.0, 0.0, 0.0, 0.0, 0.0, 0.0], "FOD p proportion": [0.0, 0.0, 0.0, 0.0, 0.0, 0.0, 0.0, 0.0, 0.0, 0.0, 0.0, 0.0, 0.0, 0.0, 0.0, 0.0, 0.0, 0.0, 0.0, 0.0, 0.0, 0.0, 0.0, 0.0, 0.0, 0.0, 0.0, 0.0, 0.0, 0.0, 0.0, 0.0, 0.0, 0.0, 0.0], "FOD d proportion": [0.0, 0.0, 0.0, 0.0, 0.0, 0.0, 0.0, 0.0, 0.0, 0.0, 0.0, 0.0, 0.0, 0.0, 0.0, 0.0, 0.0, 0.0, 0.0, 0.0, 0.0, 0.0, 0.0, 0.0, 0.0, 0.0, 0.0, 0.0, 0.0, 0.0, 0.0, 0.0, 0.0, 0.0, 0.0], "coordinates": [["-6.12620", "-0.57230", "0.47360"], ["-4.80770", "-0.35320", "-0.25100"], ["-3.67360", "-0.05190", "0.72860"], ["-2.34840", "0.16850", "-0.00470"], ["-1.21440", "0.46580", "0.97880"], ["0.11230", "0.81040", "0.29490"], ["0.71200", "-0.35980", "-0.49240"], ["2.08420", "-0.02340", "-1.07800"], ["3.17930", "0.02880", "-0.03650"], ["3.09670", "-0.40830", "1.10200"], ["4.28710", "0.61230", "-0.57700"], ["5.42170", "0.72460", "0.29470"], ["6.25360", "-0.54280", "0.23700"], ["-6.05760", "-1.41750", "1.16600"], ["-6.41300", "0.31700", "1.04380"], ["-6.92290", "-0.78620", "-0.24570"], ["-4.56630", "-1.24790", "-0.83660"], ["-4.91950", "0.47710", "-0.95800"], ["-3.92270", "0.84110", "1.31470"], ["-3.56790", "-0.88370", "1.43580"], ["-2.11200", "-0.72580", "-0.59180"], ["-2.45310", "1.00280", "-0.70870"], ["-1.50250", "1.31530", "1.61050"], ["-1.07060", "-0.39060", "1.64880"], ["-0.03160", "1.66870", "-0.37270"], ["0.81750", "1.13150", "1.07050"], ["0.04560", "-0.61650", "-1.32360"], ["0.78070", "-1.24560", "0.15020"], ["2.36460", "-0.79700", "-1.80190"], ["2.03780", "0.93990", "-1.59850"], ["6.01660", "1.57160", "-0.06260"], ["5.11500", "0.95750", "1.32080"], ["5.68010", "-1.40580", "0.58970"], ["7.15210", "-0.44530", "0.85270"], ["6.55320", "-0.75940", "-0.79370"]], "bond_dist": [[0.0, 1.5203592404428634, 2.520136488367247, 3.8793463843797196, 5.0456573298233405, 6.392391980315351, 6.909362596506279, 8.373734049395168, 9.338835766304063, 9.245737773157964, 10.532988864040442, 11.621873740064466, 12.382095858537035, 1.094754200722701, 1.0946400184535554, 1.0944754862490071, 2.146240296425356, 2.1463559373971504, 2.749647435581515, 2.750944872221179, 4.15601263833497, 4.1677856122886165, 5.121930989382813, 5.1935730754462295, 6.548469580749383, 7.1745518145735065, 6.42829656440958, 6.947171227197441, 8.793297162043372, 8.557525533119957, 12.342261117396601, 11.37640599310696, 11.836254523708082, 13.284317697947456, 12.743949154794992], [1.5203592404428634, 0.0, 1.5285877992447798, 2.5260623646299787, 3.8852250809959514, 5.085112758828461, 5.524980145665683, 6.949171364270707, 7.999006391421375, 8.019550135138504, 9.151713134162367, 10.300488614138652, 11.073682759136636, 2.168610960960956, 2.1685624662434795, 2.1590711266653546, 1.096215950440423, 1.0962419121708493, 2.1589335283884954, 2.1595898985687074, 2.742585256651103, 2.7554249127856845, 4.144082713942857, 4.192440245250968, 5.187872561079348, 5.966034812167961, 4.977380690684609, 5.6734075968504145, 7.35147172612396, 7.095684188998266, 10.99571826166895, 10.131557877246715, 10.573962932127197, 12.0109721563244, 11.38110585751666], [2.520136488367247, 1.5285877992447798, 0.0, 1.5305097484171737, 2.5255252859553794, 3.907005987965721, 4.562798567765182, 6.034639728268789, 6.89595018180961, 6.7899492347144985, 8.094349726197898, 9.138692660878798, 9.951479950740994, 2.7820205103485485, 2.782040727595483, 3.4707934928485735, 2.1626789706287894, 2.1625742461242803, 1.0968195020148028, 1.0969027167438323, 2.1531818153607, 2.1605192963729807, 2.713053383182867, 2.7815633607739367, 4.1758220807405095, 4.656963643834897, 4.285177550580605, 4.647607421028587, 6.58926881376075, 6.246531166175351, 9.857064762392506, 8.866176129538598, 9.45219773967938, 10.833556427138781, 10.36365725890238], [3.8793463843797196, 2.5260623646299787, 1.5305097484171737, 0.0, 1.5302338187349016, 2.560632785074814, 3.143723960528341, 4.564727950272612, 5.529556457800209, 5.5862865250540095, 6.674904192570856, 7.795725853312185, 8.634742067948526, 4.200487963320453, 4.200283045224453, 4.679271667685048, 2.7599505394118933, 2.759451043233056, 2.1613948297337995, 2.1608668029288616, 1.0956020536672975, 1.0966469714543507, 2.153965665928777, 2.163198534577906, 2.7845262218194318, 3.4794176021282643, 2.843757762187208, 3.4372866668347575, 5.135609709664472, 4.730117000667108, 8.482055589301453, 7.621142355972626, 8.202959472044222, 9.558838080540959, 8.984542390684124], [5.0456573298233405, 3.8852250809959514, 2.5255252859553794, 1.5302338187349016, 0.0, 1.5318620238128497, 2.560676035737438, 3.9179720315489748, 4.530607330149016, 4.4005468137494, 5.719132638783612, 6.67628590310511, 7.57222326665029, 5.199850860361285, 5.201135299143833, 5.97108671013912, 4.179435184328141, 4.180799916283964, 2.754735520880362, 2.7511745673439187, 2.1661903609793853, 2.161111505684054, 1.0971311453057926, 1.0968132931360743, 2.161605074938528, 2.14013620828208, 2.83901726835185, 2.756064572901005, 4.704912042748514, 4.176607587504481, 7.388820514804782, 6.357675459631452, 7.154607999045092, 8.416907191480728, 8.060923089200145], [6.392391980315351, 5.085112758828461, 3.907005987965721, 2.560632785074814, 1.5318620238128497, 0.0, 1.5325956479123903, 2.5433180021381516, 3.182328317443064, 3.3231436111007904, 4.269474002731483, 5.310093223287139, 6.288884506810408, 6.6174027858367515, 6.586640635407401, 7.234322287540141, 5.235092081329611, 5.196138810693957, 4.161989852222132, 4.208978458010922, 2.844935468512423, 2.7614322153549233, 2.1432000396603206, 2.1621051362040657, 1.0968481481043764, 1.0963428341536237, 2.158711363290609, 2.1667562507121096, 3.471766162920539, 2.7035687636899493, 5.963890523810779, 5.108925181483871, 5.999903859229746, 7.17263601265253, 6.718222593067306], [6.909362596506279, 5.524980145665683, 4.562798567765182, 3.143723960528341, 2.560676035737438, 1.5325956479123903, 0.0, 1.5293871844631104, 2.5389809097352423, 2.869016852512372, 3.7058704213720155, 4.896603298205808, 5.592391610035906, 7.049574739656286, 7.32008153506503, 7.650776160625796, 5.36354790600401, 5.712353037059247, 5.117442262497936, 4.723343144426413, 2.849352972167541, 3.45272681514191, 3.4831248427238437, 2.7862786723513495, 2.163811752440586, 2.1628135264049, 1.0958454681203915, 1.09649263107419, 2.1533742939860687, 2.1611161329276127, 5.66160888440733, 4.94058524164901, 5.191057119701151, 6.5796270616198305, 5.862600045201788], [8.373734049395168, 6.949171364270707, 6.034639728268789, 4.564727950272612, 3.9179720315489748, 2.5433180021381516, 1.5293871844631104, 0.0, 1.512180908489457, 2.434276948089514, 2.3468881311217196, 3.6854735842222506, 4.402601244718854, 8.559670440501783, 8.764719917943754, 9.07757883689258, 6.766596224099677, 7.022585986657622, 6.523436299221446, 6.2454416128885555, 4.282271668168661, 4.666536212224223, 4.6780943588174875, 4.186052689587172, 2.799510696532521, 2.748522357558694, 2.137282604149484, 2.1682620528893644, 1.0959527042714936, 1.0959106259180078, 4.363350996653834, 3.9877506052911587, 4.19794590960865, 5.439596723103653, 4.53811453028678], [9.338835766304063, 7.999006391421375, 6.89595018180961, 5.529556457800209, 4.530607330149016, 3.182328317443064, 2.5389809097352423, 1.512180908489457, 0.0, 1.22231805189975, 1.3637570678093658, 2.371115526498024, 3.1389248637073166, 9.426458059631942, 9.657242185013276, 10.137180795467742, 7.890782106990409, 8.163375317844944, 7.274886715956477, 6.965991055119148, 5.373605394890845, 5.75538518259204, 5.127079333304684, 4.591054613049163, 3.621074600170507, 2.831871383025719, 3.4486394694139895, 2.7225418656101508, 2.112420149970171, 2.1384502472585143, 3.2297344070372103, 2.5400160373509455, 2.950288840096847, 4.098607969786816, 3.546521153186599], [9.245737773157964, 8.019550135138504, 6.7899492347144985, 5.5862865250540095, 4.4005468137494, 3.3231436111007904, 2.869016852512372, 2.434276948089514, 1.22231805189975, 0.0, 2.297328343968271, 2.709394895544022, 3.276023940693962, 9.20998312322015, 9.53749660131001, 10.116891215190565, 7.94887835609528, 8.323881041917886, 7.132896887660721, 6.6898670210998965, 5.486375887596475, 6.005840302572155, 4.9378142786054635, 4.203057556113168, 4.034219872540414, 2.750768788902477, 3.9033439266864507, 2.6402368321800225, 3.019882996077828, 3.1986892159132934, 3.7151195377807165, 2.4467974926421685, 2.8162764601508856, 4.063223923192027, 3.957820353426871], [10.532988864040442, 9.151713134162367, 8.094349726197898, 6.674904192570856, 5.719132638783612, 4.269474002731483, 3.7058704213720155, 2.3468881311217196, 1.3637570678093658, 2.297328343968271, 0.0, 1.4351966206760667, 2.421564424086214, 10.685080960385841, 10.82618745173018, 11.301754816841498, 9.05043798719156, 9.215471968380132, 8.428030278184814, 8.245629438678408, 6.537523342979358, 6.75278691948739, 6.228870957886349, 5.887694229492561, 4.4507178230033855, 3.875815920551439, 4.478580494978291, 4.034284720988344, 2.6800210353652076, 2.4920141452247013, 2.0435347073147554, 2.0991013053209224, 2.7155782993682953, 3.372059437495134, 2.657767670433216], [11.621873740064466, 10.300488614138652, 9.138692660878798, 7.795725853312185, 6.67628590310511, 5.310093223287139, 4.896603298205808, 3.6854735842222506, 2.371115526498024, 2.709394895544022, 1.4351966206760667, 0.0, 1.5171320509434894, 11.709913944602668, 11.865387168567237, 12.44844158760445, 10.243570663591871, 10.41973756771254, 9.400626766870388, 9.203349730397079, 7.723093816599667, 7.943341981810931, 7.072821344414123, 6.725118373679382, 5.5745159843703025, 4.686799642613284, 5.772338807623822, 5.043951753337853, 4.0071010132014395, 3.8834700385093748, 1.0949786755914475, 1.0959874588698542, 2.1661947557872074, 2.162016227968698, 2.1603617312848327], [12.382095858537035, 11.073682759136636, 9.951479950740994, 8.634742067948526, 7.57222326665029, 6.288884506810408, 5.592391610035906, 4.402601244718854, 3.1389248637073166, 3.276023940693962, 2.421564424086214, 1.5171320509434894, 0.0, 12.377147754228355, 12.72135754705448, 13.187584885034864, 10.895871648473106, 11.283013100231694, 10.326359387025033, 9.900262446016267, 8.408546949384299, 8.89324759241527, 8.092967630603745, 7.460579717421428, 6.6907552174623754, 5.7488421399443554, 6.401575435000355, 5.518523035197007, 4.398414697365404, 4.831193349473813, 2.1486313131852097, 2.173000803037127, 1.0945631731426009, 1.0935698377332839, 1.0949968995389896], [1.094754200722701, 2.168610960960956, 2.7820205103485485, 4.200487963320453, 5.199850860361285, 6.6174027858367515, 7.049574739656286, 8.559670440501783, 9.426458059631942, 9.20998312322015, 10.685080960385841, 11.709913944602668, 12.377147754228355, 0.0, 1.7747485033096944, 1.7720554929234018, 2.5026279407854455, 3.0653151175694804, 3.1114600527726526, 2.5605352116305684, 4.374479293584552, 4.729140770795473, 5.330545197257031, 5.114468540327529, 6.942975164149732, 7.333043110469214, 6.63993670150552, 6.915471505255444, 8.95136322020283, 8.873291169008262, 12.499219272018554, 11.423291066938635, 11.751844956005845, 13.24913219120407, 12.77911563215546], [1.0946400184535554, 2.1685624662434795, 2.782040727595483, 4.200283045224453, 5.201135299143833, 6.586640635407401, 7.32008153506503, 8.764719917943754, 9.657242185013276, 9.53749660131001, 10.82618745173018, 11.865387168567237, 12.72135754705448, 1.7747485033096944, 0.0, 1.7719645876822707, 3.065145520199653, 2.502674069870066, 2.5592306871401806, 3.112866604915797, 4.718179754947877, 4.384334145568744, 5.042892228671955, 5.422910705515997, 6.675015438184395, 7.276280189080132, 6.941867109791141, 7.415494549252935, 9.294367447545852, 8.87613510149547, 12.541654527214503, 11.549101837372463, 12.223637521621786, 13.587845984923439, 13.139915739836386], [1.0944754862490071, 2.1590711266653546, 3.4707934928485735, 4.679271667685048, 5.97108671013912, 7.234322287540141, 7.650776160625796, 9.07757883689258, 10.137180795467742, 10.116891215190565, 11.301754816841498, 12.44844158760445, 13.187584885034864, 1.7720554929234018, 1.7719645876822707, 0.0, 2.4730332104522983, 2.4732387147220547, 3.7528860214506916, 3.7540609345081233, 4.823711452813073, 4.836734646432446, 6.102664733540587, 6.164012078184144, 7.316602948090049, 8.082310801373577, 7.053414687227741, 7.7274341233038015, 9.416981009325653, 9.225163063057476, 13.153836197094748, 12.263989903371577, 12.645845417369296, 14.1219092324657, 13.487264120272874], [2.146240296425356, 1.096215950440423, 2.1626789706287894, 2.7599505394118933, 4.179435184328141, 5.235092081329611, 5.36354790600401, 6.766596224099677, 7.890782106990409, 7.94887835609528, 9.05043798719156, 10.243570663591871, 10.895871648473106, 2.5026279407854455, 3.065145520199653, 2.4730332104522983, 0.0, 1.7649683283277353, 3.0669583710901587, 2.5086342818354375, 2.5211314801096747, 3.0899228372242566, 4.684566478341406, 4.374025027363241, 5.411585983794399, 6.187396642369067, 4.6803265452316465, 5.437296067899926, 7.0123098697932615, 6.998649674044272, 10.979363763898162, 10.16099077895458, 10.346399231616768, 11.86670972974396, 11.130307853334516], [2.1463559373971504, 1.0962419121708493, 2.1625742461242803, 2.759451043233056, 4.180799916283964, 5.196138810693957, 5.712353037059247, 7.022585986657622, 8.163375317844944, 8.323881041917886, 9.215471968380132, 10.41973756771254, 11.283013100231694, 3.0653151175694804, 2.502674069870066, 2.4732387147220547, 1.7649683283277353, 0.0, 2.508240724093284, 3.0673893851286635, 3.076219611796271, 2.534095487545803, 4.356106115557793, 4.728883667420885, 5.064983026625065, 6.120148740839556, 5.097238696588576, 6.057068810076372, 7.442688414141761, 7.002031660882433, 11.027146259118902, 10.301208853819052, 10.876222131788225, 12.241445290896007, 11.540310742350051], [2.749647435581515, 2.1589335283884954, 1.0968195020148028, 2.1613948297337995, 2.754735520880362, 4.161989852222132, 5.117442262497936, 6.523436299221446, 7.274886715956477, 7.132896887660721, 8.428030278184814, 9.400626766870388, 10.326359387025033, 3.1114600527726526, 2.5592306871401806, 3.7528860214506916, 3.0669583710901587, 2.508240724093284, 0.0, 1.7650731684550645, 3.0608091005484153, 2.5059965303248126, 2.483894385838496, 3.1246091131531957, 4.321215075647126, 4.755361378486392, 4.983234846964369, 5.275637279040325, 7.206018905054302, 6.635062616886143, 10.060828496202486, 9.03845160743808, 9.888779118273398, 11.158828970819473, 10.805157639757041], [2.750944872221179, 2.1595898985687074, 1.0969027167438323, 2.1608668029288616, 2.7511745673439187, 4.208978458010922, 4.723343144426413, 6.2454416128885555, 6.965991055119148, 6.6898670210998965, 8.245629438678408, 9.203349730397079, 9.900262446016267, 2.5605352116305684, 3.112866604915797, 3.7540609345081233, 2.5086342818354375, 3.0673893851286635, 1.7650731684550645, 0.0, 2.5011475326337704, 3.066030257515408, 3.021919629970327, 2.5544126330724253, 4.721317157319555, 4.840062839468099, 4.554455670000532, 4.549072535143838, 6.75905129659481, 6.629959723859565, 10.006814722977536, 8.87671081257016, 9.301289030021593, 10.74479409621236, 10.364496415648954], [4.15601263833497, 2.742585256651103, 2.1531818153607, 1.0956020536672975, 2.1661903609793853, 2.844935468512423, 2.849352972167541, 4.282271668168661, 5.373605394890845, 5.486375887596475, 6.537523342979358, 7.723093816599667, 8.408546949384299, 4.374479293584552, 4.718179754947877, 4.823711452813073, 2.5211314801096747, 3.076219611796271, 3.0608091005484153, 2.5011475326337704, 0.0, 1.7658065522587687, 3.063936153055413, 2.493423622251141, 3.179575320699291, 3.8463976432501097, 2.2809461830564963, 3.0312488070100745, 4.637818345946722, 4.58354027144957, 8.463583009576972, 7.662967222297118, 7.9104465525025836, 9.380235034901842, 8.667616951042541], [4.1677856122886165, 2.7554249127856845, 2.1605192963729807, 1.0966469714543507, 2.161111505684054, 2.7614322153549233, 3.45272681514191, 4.666536212224223, 5.75538518259204, 6.005840302572155, 6.75278691948739, 7.943341981810931, 8.89324759241527, 4.729140770795473, 4.384334145568744, 4.836734646432446, 3.0899228372242566, 2.534095487545803, 2.5059965303248126, 3.066030257515408, 1.7658065522587687, 0.0, 2.52586326827087, 3.067682522687118, 2.533768154350354, 3.7254450324759856, 3.040351326738408, 4.031187692231658, 5.257813192763699, 4.5786333397641705, 8.513330531583982, 7.835627604091456, 8.581150200293665, 9.838436390504336, 9.177473156049], [5.121930989382813, 4.144082713942857, 2.713053383182867, 2.153965665928777, 1.0971311453057926, 2.1432000396603206, 3.4831248427238437, 4.6780943588174875, 5.127079333304684, 4.9378142786054635, 6.228870957886349, 7.072821344414123, 8.092967630603745, 5.330545197257031, 5.042892228671955, 6.102664733540587, 4.684566478341406, 4.356106115557793, 2.483894385838496, 3.021919629970327, 3.063936153055413, 2.52586326827087, 0.0, 1.7601418437160115, 2.494297618569204, 2.3890965740212344, 3.8389331408608824, 3.7287648276607634, 5.573216975858736, 4.792945884317911, 7.707257496022823, 6.633494793847357, 7.748300498173778, 8.864314658223725, 8.659033446060825], [5.1935730754462295, 4.192440245250968, 2.7815633607739367, 2.163198534577906, 1.0968132931360743, 2.1621051362040657, 2.7862786723513495, 4.186052689587172, 4.591054613049163, 4.203057556113168, 5.887694229492561, 6.725118373679382, 7.460579717421428, 5.114468540327529, 5.422910705515997, 6.164012078184144, 4.374025027363241, 4.728883667420885, 3.1246091131531957, 2.5544126330724253, 2.493423622251141, 3.067682522687118, 1.7601418437160115, 0.0, 3.0670343558558324, 2.493218985568656, 3.18309519336133, 2.530639968466475, 4.886009669454206, 4.6879993707337455, 7.550332617838767, 6.339290573084657, 6.90827578633048, 8.26132934762923, 8.013996888569398], [6.548469580749383, 5.187872561079348, 4.1758220807405095, 2.7845262218194318, 2.161605074938528, 1.0968481481043764, 2.163811752440586, 2.799510696532521, 3.621074600170507, 4.034219872540414, 4.4507178230033855, 5.5745159843703025, 6.6907552174623754, 6.942975164149732, 6.675015438184395, 7.316602948090049, 5.411585983794399, 5.064983026625065, 4.321215075647126, 4.721317157319555, 3.179575320699291, 2.533768154350354, 2.494297618569204, 3.0670343558558324, 0.0, 1.7585166732220654, 2.4763500742019495, 3.070244320896954, 3.72344780680487, 2.5131954639462486, 6.056922788017031, 5.4645438281708385, 6.557612438990277, 7.587894757440959, 7.030825104495205], [7.1745518145735065, 5.966034812167961, 4.656963643834897, 3.4794176021282643, 2.14013620828208, 1.0963428341536237, 2.1628135264049, 2.748522357558694, 2.831871383025719, 2.750768788902477, 3.875815920551439, 4.686799642613284, 5.7488421399443554, 7.333043110469214, 7.276280189080132, 8.082310801373577, 6.187396642369067, 6.120148740839556, 4.755361378486392, 4.840062839468099, 3.8463976432501097, 3.7254450324759856, 2.3890965740212344, 2.493218985568656, 1.7585166732220654, 0.0, 3.0631761980010226, 2.549296126384693, 3.7898960962010553, 2.9409868496815825, 5.3393112317976, 4.308298079288387, 5.505809539931436, 6.5315306200001855, 6.3205220464768574], [6.42829656440958, 4.977380690684609, 4.285177550580605, 2.843757762187208, 2.83901726835185, 2.158711363290609, 1.0958454681203915, 2.137282604149484, 3.4486394694139895, 3.9033439266864507, 4.478580494978291, 5.772338807623822, 6.401575435000355, 6.63993670150552, 6.941867109791141, 7.053414687227741, 4.6803265452316465, 5.097238696588576, 4.983234846964369, 4.554455670000532, 2.2809461830564963, 3.040351326738408, 3.8389331408608824, 3.18309519336133, 2.4763500742019495, 3.0631761980010226, 0.0, 1.7630159556850302, 2.3746814817991906, 2.542992687759837, 6.483112185517077, 5.930357807080447, 6.002607902403755, 7.434240605468725, 6.530702273109685], [6.947171227197441, 5.6734075968504145, 4.647607421028587, 3.4372866668347575, 2.756064572901005, 2.1667562507121096, 1.09649263107419, 2.1682620528893644, 2.7225418656101508, 2.6402368321800225, 4.034284720988344, 5.043951753337853, 5.518523035197007, 6.915471505255444, 7.415494549252935, 7.7274341233038015, 5.437296067899926, 6.057068810076372, 5.275637279040325, 4.549072535143838, 3.0312488070100745, 4.031187692231658, 3.7287648276607634, 2.530639968466475, 3.070244320896954, 2.549296126384693, 1.7630159556850302, 0.0, 2.5535613523077925, 3.0683321772585184, 5.94949985208841, 5.0010109437992645, 4.921681079671863, 6.459777418766067, 5.869335047516031], [8.793297162043372, 7.35147172612396, 6.58926881376075, 5.135609709664472, 4.704912042748514, 3.471766162920539, 2.1533742939860687, 1.0959527042714936, 2.112420149970171, 3.019882996077828, 2.6800210353652076, 4.0071010132014395, 4.398414697365404, 8.95136322020283, 9.294367447545852, 9.416981009325653, 7.0123098697932615, 7.442688414141761, 7.206018905054302, 6.75905129659481, 4.637818345946722, 5.257813192763699, 5.573216975858736, 4.886009669454206, 3.72344780680487, 3.7898960962010553, 2.3746814817991906, 2.5535613523077925, 0.0, 1.779042273247041, 4.687487007981996, 4.5159966452600475, 4.133149918645585, 5.485503650532009, 4.308393083273624], [8.557525533119957, 7.095684188998266, 6.246531166175351, 4.730117000667108, 4.176607587504481, 2.7035687636899493, 2.1611161329276127, 1.0959106259180078, 2.1384502472585143, 3.1986892159132934, 2.4920141452247013, 3.8834700385093748, 4.831193349473813, 8.873291169008262, 8.87613510149547, 9.225163063057476, 6.998649674044272, 7.002031660882433, 6.635062616886143, 6.629959723859565, 4.58354027144957, 4.5786333397641705, 4.792945884317911, 4.6879993707337455, 2.5131954639462486, 2.9409868496815825, 2.542992687759837, 3.0683321772585184, 1.779042273247041, 0.0, 4.311482707839613, 4.241672086571521, 4.853542728770399, 5.838084015325577, 4.891233043926654], [12.342261117396601, 10.99571826166895, 9.857064762392506, 8.482055589301453, 7.388820514804782, 5.963890523810779, 5.66160888440733, 4.363350996653834, 3.2297344070372103, 3.7151195377807165, 2.0435347073147554, 1.0949786755914475, 2.1486313131852097, 12.499219272018554, 12.541654527214503, 13.153836197094748, 10.979363763898162, 11.027146259118902, 10.060828496202486, 10.006814722977536, 8.463583009576972, 8.513330531583982, 7.707257496022823, 7.550332617838767, 6.056922788017031, 5.3393112317976, 6.483112185517077, 5.94949985208841, 4.687487007981996, 4.311482707839613, 0.0, 1.7617596118653647, 3.066535227255673, 2.4889797006002277, 2.5012012653922913], [11.37640599310696, 10.131557877246715, 8.866176129538598, 7.621142355972626, 6.357675459631452, 5.108925181483871, 4.9405852416