{"total energy": -46.66686531, "HOMO-LUMO gap/eV": 3.27211603, "electronic energy": -47.2183229, "dipole": [-0.50514838, 1.8685173, 0.1587639], "partial charges": [-0.11257415, 0.01533002, -0.19603779, 0.25967489, -0.31956162, 0.28185716, -0.12640952, -0.32156356, 0.25317176, -0.36000799, -0.08396765, 0.00346088, -0.10746195, 0.00381474, -0.10826342, 0.04020161, 0.05187754, 0.04795883, 0.03098408, 0.07097592, 0.18408364, 0.06315979, 0.04618316, 0.04106715, 0.0449271, 0.05317706, 0.05821214, 0.04710036, 0.04325453, 0.05191872, 0.04345658], "atomic dipole moments": [[-0.09225437, -0.07957977, -0.04354547], [-0.11550405, 0.0938903, 0.09342383], [0.00724394, -0.0180126, -0.1695848], [0.03210857, -0.01482656, -0.00196768], [-0.24449429, 0.13452084, 0.01391748], [0.01557831, -0.11774478, -0.03170484], [-0.00613216, 0.18992852, 0.06196266], [0.22029356, 0.16178645, 0.07630305], [-0.0038082, -0.02103304, -0.00767371], [0.01440638, -0.28586915, -0.07565157], [-0.02958143, 0.01187046, 0.01510168], [0.12711062, 0.03823828, 0.11545795], [0.04266241, 0.07375693, -0.09865479], [0.02030576, -0.16922816, 0.03551421], [-0.00080606, -0.00856413, -0.12976984], [-0.02821182, 0.12020435, -0.0248], [0.01946596, -0.00708262, 0.12685161], [0.11069956, -0.02583186, -0.05803709], [-0.01393505, 0.01310889, -0.12101359], [0.04637377, -0.1207703, 0.02427222], [-0.05758402, 0.11474742, -0.02359501], [0.00998695, -0.07296776, -0.1065896], [-0.09425547, 0.06990976, -0.03551015], [-0.0335344, 0.06643356, 0.09961687], [-0.10304991, -0.06386985, -0.03392601], [0.08630744, -0.08908037, 0.04349717], [0.0882285, 0.07929387, -0.04888727], [-0.100063, 0.05955849, -0.03825885], [-0.09693931, -0.05710665, 0.05443935], [0.10745939, -0.0495412, 0.05676321], [-0.00716572, 0.11968427, 0.03617776]], "atomic quadrupole moments": [[0.08452336, 0.17567793, 0.02356969, 0.07910602, 0.07897551, -0.10809304], [0.2959236, 0.079919, -0.12803254, -0.12236067, 0.12974057, -0.16789105], [0.10535639, 0.04028566, -0.07753325, -0.04680296, 0.03490965, -0.02782314], [-0.18851784, 0.14042935, -0.18240637, -0.07190724, -0.1753398, 0.37092421], [-0.13441587, 0.0270819, -0.03814946, -0.03219796, -0.07188818, 0.17256533], [-0.48265709, -0.00136207, 0.15452389, -0.10999712, -0.06297315, 0.3281332], [-0.24207248, -0.04379039, 0.38410187, -0.01981808, 0.17363357, -0.14202938], [-0.12955204, -0.00887593, -0.03812078, -0.04683345, -0.0735029, 0.16767282], [-0.20414564, -0.02014017, -0.15806119, -0.08799854, -0.18411335, 0.36220683], [-0.04585484, 0.02047013, -0.09941896, -0.02552895, -0.07528161, 0.14527379], [-0.01492505, 0.0415531, 0.03855556, 0.01046564, 0.03013815, -0.0236305], [0.11325796, 0.21124196, -0.0312393, 0.02510493, -0.07527747, -0.08201866], [-0.08016638, 0.09185213, -0.01186109, -0.09311205, -0.15178774, 0.09202747], [-0.20978596, -0.04986743, 0.1438952, 0.00898239, 0.15015988, 0.06589077], [-0.14495617, 0.00575595, -0.10211601, -0.00418528, 0.03535743, 0.24707218], [-0.02660124, -0.03356026, 0.06232516, 0.02226022, -0.02580512, -0.03572391], [-0.04448701, 0.00905424, -0.03081901, 0.01002859, -0.01878427, 0.07530603], [0.04874236, -0.02082153, -0.03194115, -0.05099878, 0.02369618, -0.01680122], [0.00811355, -9.371e-05, -0.0409896, 0.01089456, -0.01212817, 0.03287605], [-0.01195188, -0.00391586, 0.03702387, 0.00374716, -0.02392275, -0.02507199], [-0.00688224, 0.01496335, 0.06708544, -0.01371661, 0.01961382, -0.0602032], [-0.00940974, -0.00262474, 0.00862421, -0.03322305, 0.03043782, 0.00078553], [0.01184405, -0.03392671, 0.02951752, 0.00055613, -0.01757468, -0.04136157], [-0.04879777, -0.01875043, 0.02053137, -0.02061752, 0.05212692, 0.02826641], [0.03791781, 0.05656429, -0.01814123, 0.03626133, 0.01529084, -0.01977658], [0.02994056, -0.05659711, -0.00157157, 0.0114557, -0.01855604, -0.02836899], [0.02650438, 0.02760217, -0.01722534, -0.02750122, 0.01042229, -0.00927903], [0.0416448, -0.02129503, -0.02859638, 0.0302306, 0.0101085, -0.01304842], [0.03877558, 0.05595661, -0.0182589, -0.02206654, -0.02076074, -0.02051667], [0.04866131, -0.04562859, -0.0259834, 0.02171486, -0.01463031, -0.02267791], [-0.0550007, -0.00683172, 0.08208452, -0.00199509, 0.02534296, -0.02708383]], "number of molecular orbitals": 81, "number of electrons": 84, "number of unpaired electrons": 0, "orbital energies/eV": [-28.62331907, -18.88529007, -18.28082327, -18.06011835, -17.77179081, -17.70266401, -17.46199318, -17.23610521, -16.96188318, -16.55349344, -16.35676447, -16.1203814, -15.95176669, -15.67018614, -15.30899293, -15.23845316, -15.08885067, -14.58808142, -14.55625963, -14.34455564, -14.14045319, -13.9001117, -13.7678668, -13.64875035, -13.43539432, -13.29577356, -13.0724958, -13.01739045, -12.88146816, -12.77031879, -12.62354311, -12.55005961, -12.37143899, -12.25384689, -12.24561102, -11.94872299, -11.454454, -11.39519019, -10.78140022, -10.49095368, -10.37482204, -10.25141491, -6.97929888, -6.40249307, -3.63664138, -3.35995961, -0.79916393, 0.4147252, 0.59054074, 0.59266564, 0.82012216, 0.99565441, 2.10934946, 2.32476948, 2.7628853, 3.05876996, 3.2342737, 3.39541618, 3.70926345, 3.83844314, 4.10192184, 4.24235986, 4.29486029, 4.42516089, 4.48193123, 5.14889985, 5.35285292, 5.64691123, 5.86126093, 6.17864793, 6.33542932, 6.56686722, 7.02348604, 7.1739196, 7.32270578, 7.80471025, 8.33399202, 11.6906241, 12.06670978, 12.90980878, 17.37142847], "fractional occupation": [2.0, 2.0, 2.0, 2.0, 2.0, 2.0, 2.0, 2.0, 2.0, 2.0, 2.0, 2.0, 2.0, 2.0, 2.0, 2.0, 2.0, 2.0, 2.0, 2.0, 2.0, 2.0, 2.0, 2.0, 2.0, 2.0, 2.0, 2.0, 2.0, 2.0, 2.0, 2.0, 2.0, 2.0, 2.0, 2.0, 2.0, 2.0, 2.0, 2.0, 2.0, 2.0, 0.0, 0.0, 0.0, 0.0, 0.0, 0.0, 0.0, 0.0, 0.0, 0.0, 0.0, 0.0, 0.0, 0.0, 0.0, 0.0, 0.0, 0.0, 0.0, 0.0, 0.0, 0.0, 0.0, 0.0, 0.0, 0.0, 0.0, 0.0, 0.0, 0.0, 0.0, 0.0, 0.0, 0.0, 0.0, 0.0, 0.0, 0.0, 0.0], "program call": "xtb /home/svss/Project-DBcg-Debug/aqme2_20220329/End-to-End-workflows-final/example-3/QDESCP/mol_67_rdkit_conf_8/mol_67_rdkit_conf_8.xyz --pop --wbo --acc 0.2 --gfn 2 --chrg 0 --uhf 0 --etemp 300 --input /home/svss/Project-DBcg-Debug/aqme2_20220329/End-to-End-workflows-final/example-3/QDESCP/mol_67_rdkit_conf_8/mol_67_rdkit_conf_8_xtb.inp", "method": "GFN2-xTB", "xtb version": "6.3.3 (7355c4f)", "Dipole module/D": 4.936, "Total charge": 0, "Transition dipole module/D": NaN, "HOMO": -10.2514, "LUMO": -6.9793, "HOMO occupancy": 2.0, "LUMO occupancy": 0, "mulliken charges": [-0.0953, 0.1039, -0.35863, 0.44305, -0.41817, 0.41704, -0.10351, -0.42429, 0.43964, -0.45271, -0.27191, 0.10116, -0.09388, 0.10174, -0.09413, 0.02876, 0.03678, 0.03295, 0.02323, 0.03694, 0.21569, 0.03929, 0.02468, 0.02921, 0.03175, 0.0434, 0.03524, 0.02507, 0.0306, 0.04212, 0.03029], "cm5 charges": [-0.23978, 0.05526, -0.6995, 0.66061, -0.59411, 0.57718, -0.08851, -0.60133, 0.6608, -0.62874, -0.5205, 0.05428, -0.23786, 0.05491, -0.23811, 0.08212, 0.0902, 0.08414, 0.08884, 0.10424, 0.41698, 0.10726, 0.08914, 0.08302, 0.08302, 0.09945, 0.10324, 0.08955, 0.08441, 0.09824, 0.08157], "FUKUI+": [0.012, 0.016, -0.055, -0.034, -0.095, -0.073, -0.186, -0.104, -0.021, -0.115, -0.059, 0.019, 0.011, 0.019, 0.011, -0.017, -0.018, -0.027, -0.023, -0.02, -0.04, -0.016, -0.037, -0.02, -0.029, 0.002, -0.016, -0.037, -0.019, 0.001, -0.03], "FUKUI-": [0.015, 0.016, -0.069, 0.004, -0.084, 0.005, -0.119, -0.088, 0.003, -0.089, -0.089, 0.015, 0.007, 0.016, 0.007, -0.03, -0.033, -0.034, -0.06, -0.044, -0.036, -0.04, -0.043, -0.027, -0.038, -0.015, -0.034, -0.042, -0.025, -0.012, -0.038], "FUKUIrad": [0.013, 0.016, -0.062, -0.015, -0.089, -0.034, -0.152, -0.096, -0.009, -0.102, -0.074, 0.017, 0.009, 0.018, 0.009, -0.023, -0.025, -0.031, -0.041, -0.032, -0.038, -0.028, -0.04, -0.023, -0.034, -0.006, -0.025, -0.04, -0.022, -0.005, -0.034], "s proportion": [1.012, 1.001, 1.455, 0.977, 1.534, 1.007, 1.941, 1.533, 0.97, 1.528, 1.435, 1.002, 1.012, 1.001, 1.012, 0.971, 0.963, 0.967, 0.977, 0.963, 0.784, 0.961, 0.975, 0.971, 0.968, 0.957, 0.965, 0.975, 0.969, 0.958, 0.97], "p proportion": [3.084, 2.895, 3.903, 2.58, 3.884, 2.576, 5.174, 3.891, 2.59, 3.925, 3.837, 2.897, 3.082, 2.897, 3.082, 0.0, 0.0, 0.0, 0.0, 0.0, 0.0, 0.0, 0.0, 0.0, 0.0, 0.0, 0.0, 0.0, 0.0, 0.0, 0.0], "d proportion": [0.0, 0.0, 0.0, 0.0, 0.0, 0.0, -0.012, 0.0, 0.0, 0.0, 0.0, 0.0, 0.0, 0.0, 0.0, 0.0, 0.0, 0.0, 0.0, 0.0, 0.0, 0.0, 0.0, 0.0, 0.0, 0.0, 0.0, 0.0, 0.0, 0.0, 0.0], "Fermi-level/eV": -8.6154, "Coordination numbers": [3.751, 3.747, 2.698, 2.956, 1.905, 2.969, 1.032, 1.908, 2.929, 1.852, 2.741, 3.74, 3.749, 3.74, 3.749, 0.924, 0.924, 0.924, 0.924, 0.924, 0.86, 0.924, 0.924, 0.924, 0.924, 0.924, 0.924, 0.924, 0.924, 0.924, 0.924], "Dispersion coefficient C6": [22.715, 20.382, 25.255, 22.641, 29.133, 22.241, 103.114, 29.185, 22.76, 30.227, 22.875, 20.598, 22.619, 20.592, 22.635, 2.446, 2.297, 2.346, 2.573, 2.075, 1.191, 2.163, 2.368, 2.435, 2.384, 2.281, 2.22, 2.357, 2.406, 2.296, 2.403], "Total dispersion C6": 10454.762184, "Total dispersion C8": 247559.530999, "Polarizability alpha": [6.797, 6.439, 7.464, 7.804, 8.002, 7.736, 15.535, 8.01, 7.824, 8.149, 7.103, 6.476, 6.783, 6.475, 6.785, 2.446, 2.37, 2.395, 2.508, 2.253, 1.71, 2.3, 2.407, 2.44, 2.415, 2.362, 2.33, 2.401, 2.426, 2.37, 2.424], "Total polarizability alpha": 154.937375, "Wiberg matrix": [[0.0, 1.019394283659946, 0.0, 0.0, 0.0, 0.0, 0.0, 0.0, 0.0, 0.0, 0.0, 0.0, 0.0, 0.0, 0.0, 0.9862703427955775, 0.9862443793229194, 0.9848296562170381, 0.0, 0.0, 0.0, 0.0, 0.0, 0.0, 0.0, 0.0, 0.0, 0.0, 0.0, 0.0, 0.0], [1.019394283659946, 0.0, 0.9859182725189911, 0.0, 0.0, 0.0, 0.0, 0.0, 0.0, 0.0, 0.0, 0.0, 0.0, 0.0, 0.0, 0.0, 0.0, 0.0, 0.9698553632604779, 0.9693967236672472, 0.0, 0.0, 0.0, 0.0, 0.0, 0.0, 0.0, 0.0, 0.0, 0.0, 0.0], [0.0, 0.9859182725189911, 0.0, 1.1838810800315918, 0.0, 0.0, 0.0, 0.0, 0.0, 0.0, 0.0, 0.0, 0.0, 0.0, 0.0, 0.0, 0.0, 0.0, 0.0, 0.0, 0.932170684785658, 0.0, 0.0, 0.0, 0.0, 0.0, 0.0, 0.0, 0.0, 0.0, 0.0], [0.0, 0.0, 1.1838810800315918, 0.0, 1.2995409589619884, 0.0, 0.0, 0.0, 0.0, 1.348224209569917, 0.0, 0.0, 0.0, 0.0, 0.0, 0.0, 0.0, 0.0, 0.0, 0.0, 0.0, 0.0, 0.0, 0.0, 0.0, 0.0, 0.0, 0.0, 0.0, 0.0, 0.0], [0.0, 0.0, 0.0, 1.2995409589619884, 0.0, 1.3932401545531619, 0.0, 0.0, 0.0, 0.0, 0.0, 0.0, 0.0, 0.0, 0.0, 0.0, 0.0, 0.0, 0.0, 0.0, 0.0, 0.0, 0.0, 0.0, 0.0, 0.0, 0.0, 0.0, 0.0, 0.0, 0.0], [0.0, 0.0, 0.0, 0.0, 1.3932401545531619, 0.0, 0.9991601506545246, 1.4143443468307184, 0.0, 0.0, 0.0, 0.0, 0.0, 0.0, 0.0, 0.0, 0.0, 0.0, 0.0, 0.0, 0.0, 0.0, 0.0, 0.0, 0.0, 0.0, 0.0, 0.0, 0.0, 0.0, 0.0], [0.0, 0.0, 0.0, 0.0, 0.0, 0.9991601506545246, 0.0, 0.0, 0.0, 0.0, 0.0, 0.0, 0.0, 0.0, 0.0, 0.0, 0.0, 0.0, 0.0, 0.0, 0.0, 0.0, 0.0, 0.0, 0.0, 0.0, 0.0, 0.0, 0.0, 0.0, 0.0], [0.0, 0.0, 0.0, 0.0, 0.0, 1.4143443468307184, 0.0, 0.0, 1.2743964847355804, 0.0, 0.0, 0.0, 0.0, 0.0, 0.0, 0.0, 0.0, 0.0, 0.0, 0.0, 0.0, 0.0, 0.0, 0.0, 0.0, 0.0, 0.0, 0.0, 0.0, 0.0, 0.0], [0.0, 0.0, 0.0, 0.0, 0.0, 0.0, 0.0, 1.2743964847355804, 0.0, 1.3072053433746529, 1.238459273870672, 0.0, 0.0, 0.0, 0.0, 0.0, 0.0, 0.0, 0.0, 0.0, 0.0, 0.0, 0.0, 0.0, 0.0, 0.0, 0.0, 0.0, 0.0, 0.0, 0.0], [0.0, 0.0, 0.0, 1.348224209569917, 0.0, 0.0, 0.0, 0.0, 1.3072053433746529, 0.0, 0.0, 0.0, 0.0, 0.0, 0.0, 0.0, 0.0, 0.0, 0.0, 0.0, 0.0, 0.0, 0.0, 0.0, 0.0, 0.0, 0.0, 0.0, 0.0, 0.0, 0.0], [0.0, 0.0, 0.0, 0.0, 0.0, 0.0, 0.0, 0.0, 1.238459273870672, 0.0, 0.0, 0.9863438017477777, 0.0, 0.9877922331369617, 0.0, 0.0, 0.0, 0.0, 0.0, 0.0, 0.0, 0.0, 0.0, 0.0, 0.0, 0.0, 0.0, 0.0, 0.0, 0.0, 0.0], [0.0, 0.0, 0.0, 0.0, 0.0, 0.0, 0.0, 0.0, 0.0, 0.0, 0.9863438017477777, 0.0, 1.0096641026129147, 0.0, 0.0, 0.0, 0.0, 0.0, 0.0, 0.0, 0.0, 0.9671840544752057, 0.9707578780867445, 0.0, 0.0, 0.0, 0.0, 0.0, 0.0, 0.0, 0.0], [0.0, 0.0, 0.0, 0.0, 0.0, 0.0, 0.0, 0.0, 0.0, 0.0, 0.0, 1.0096641026129147, 0.0, 0.0, 0.0, 0.0, 0.0, 0.0, 0.0, 0.0, 0.0, 0.0, 0.0, 0.9840728908265699, 0.9839242723233999, 0.9850846379614232, 0.0, 0.0, 0.0, 0.0, 0.0], [0.0, 0.0, 0.0, 0.0, 0.0, 0.0, 0.0, 0.0, 0.0, 0.0, 0.9877922331369617, 0.0, 0.0, 0.0, 1.009558522279831, 0.0, 0.0, 0.0, 0.0, 0.0, 0.0, 0.0, 0.0, 0.0, 0.0, 0.0, 0.9675016468412454, 0.9708428457064748, 0.0, 0.0, 0.0], [0.0, 0.0, 0.0, 0.0, 0.0, 0.0, 0.0, 0.0, 0.0, 0.0, 0.0, 0.0, 0.0, 1.009558522279831, 0.0, 0.0, 0.0, 0.0, 0.0, 0.0, 0.0, 0.0, 0.0, 0.0, 0.0, 0.0, 0.0, 0.0, 0.9838808991733436, 0.9852250449186342, 0.9841419734811083], [0.9862703427955775, 0.0, 0.0, 0.0, 0.0, 0.0, 0.0, 0.0, 0.0, 0.0, 0.0, 0.0, 0.0, 0.0, 0.0, 0.0, 0.0, 0.0, 0.0, 0.0, 0.0, 0.0, 0.0, 0.0, 0.0, 0.0, 0.0, 0.0, 0.0, 0.0, 0.0], [0.9862443793229194, 0.0, 0.0, 0.0, 0.0, 0.0, 0.0, 0.0, 0.0, 0.0, 0.0, 0.0, 0.0, 0.0, 0.0, 0.0, 0.0, 0.0, 0.0, 0.0, 0.0, 0.0, 0.0, 0.0, 0.0, 0.0, 0.0, 0.0, 0.0, 0.0, 0.0], [0.9848296562170381, 0.0, 0.0, 0.0, 0.0, 0.0, 0.0, 0.0, 0.0, 0.0, 0.0, 0.0, 0.0, 0.0, 0.0, 0.0, 0.0, 0.0, 0.0, 0.0, 0.0, 0.0, 0.0, 0.0, 0.0, 0.0, 0.0, 0.0, 0.0, 0.0, 0.0], [0.0, 0.9698553632604779, 0.0, 0.0, 0.0, 0.0, 0.0, 0.0, 0.0, 0.0, 0.0, 0.0, 0.0, 0.0, 0.0, 0.0, 0.0, 0.0, 0.0, 0.0, 0.0, 0.0, 0.0, 0.0, 0.0, 0.0, 0.0, 0.0, 0.0, 0.0, 0.0], [0.0, 0.9693967236672472, 0.0, 0.0, 0.0, 0.0, 0.0, 0.0, 0.0, 0.0, 0.0, 0.0, 0.0, 0.0, 0.0, 0.0, 0.0, 0.0, 0.0, 0.0, 0.0, 0.0, 0.0, 0.0, 0.0, 0.0, 0.0, 0.0, 0.0, 0.0, 0.0], [0.0, 0.0, 0.932170684785658, 0.0, 0.0, 0.0, 0.0, 0.0, 0.0, 0.0, 0.0, 0.0, 0.0, 0.0, 0.0, 0.0, 0.0, 0.0, 0.0, 0.0, 0.0, 0.0, 0.0, 0.0, 0.0, 0.0, 0.0, 0.0, 0.0, 0.0, 0.0], [0.0, 0.0, 0.0, 0.0, 0.0, 0.0, 0.0, 0.0, 0.0, 0.0, 0.0, 0.9671840544752057, 0.0, 0.0, 0.0, 0.0, 0.0, 0.0, 0.0, 0.0, 0.0, 0.0, 0.0, 0.0, 0.0, 0.0, 0.0, 0.0, 0.0, 0.0, 0.0], [0.0, 0.0, 0.0, 0.0, 0.0, 0.0, 0.0, 0.0, 0.0, 0.0, 0.0, 0.9707578780867445, 0.0, 0.0, 0.0, 0.0, 0.0, 0.0, 0.0, 0.0, 0.0, 0.0, 0.0, 0.0, 0.0, 0.0, 0.0, 0.0, 0.0, 0.0, 0.0], [0.0, 0.0, 0.0, 0.0, 0.0, 0.0, 0.0, 0.0, 0.0, 0.0, 0.0, 0.0, 0.9840728908265699, 0.0, 0.0, 0.0, 0.0, 0.0, 0.0, 0.0, 0.0, 0.0, 0.0, 0.0, 0.0, 0.0, 0.0, 0.0, 0.0, 0.0, 0.0], [0.0, 0.0, 0.0, 0.0, 0.0, 0.0, 0.0, 0.0, 0.0, 0.0, 0.0, 0.0, 0.9839242723233999, 0.0, 0.0, 0.0, 0.0, 0.0, 0.0, 0.0, 0.0, 0.0, 0.0, 0.0, 0.0, 0.0, 0.0, 0.0, 0.0, 0.0, 0.0], [0.0, 0.0, 0.0, 0.0, 0.0, 0.0, 0.0, 0.0, 0.0, 0.0, 0.0, 0.0, 0.9850846379614232, 0.0, 0.0, 0.0, 0.0, 0.0, 0.0, 0.0, 0.0, 0.0, 0.0, 0.0, 0.0, 0.0, 0.0, 0.0, 0.0, 0.0, 0.0], [0.0, 0.0, 0.0, 0.0, 0.0, 0.0, 0.0, 0.0, 0.0, 0.0, 0.0, 0.0, 0.0, 0.9675016468412454, 0.0, 0.0, 0.0, 0.0, 0.0, 0.0, 0.0, 0.0, 0.0, 0.0, 0.0, 0.0, 0.0, 0.0, 0.0, 0.0, 0.0], [0.0, 0.0, 0.0, 0.0, 0.0, 0.0, 0.0, 0.0, 0.0, 0.0, 0.0, 0.0, 0.0, 0.9708428457064748, 0.0, 0.0, 0.0, 0.0, 0.0, 0.0, 0.0, 0.0, 0.0, 0.0, 0.0, 0.0, 0.0, 0.0, 0.0, 0.0, 0.0], [0.0, 0.0, 0.0, 0.0, 0.0, 0.0, 0.0, 0.0, 0.0, 0.0, 0.0, 0.0, 0.0, 0.0, 0.9838808991733436, 0.0, 0.0, 0.0, 0.0, 0.0, 0.0, 0.0, 0.0, 0.0, 0.0, 0.0, 0.0, 0.0, 0.0, 0.0, 0.0], [0.0, 0.0, 0.0, 0.0, 0.0, 0.0, 0.0, 0.0, 0.0, 0.0, 0.0, 0.0, 0.0, 0.0, 0.9852250449186342, 0.0, 0.0, 0.0, 0.0, 0.0, 0.0, 0.0, 0.0, 0.0, 0.0, 0.0, 0.0, 0.0, 0.0, 0.0, 0.0], [0.0, 0.0, 0.0, 0.0, 0.0, 0.0, 0.0, 0.0, 0.0, 0.0, 0.0, 0.0, 0.0, 0.0, 0.9841419734811083, 0.0, 0.0, 0.0, 0.0, 0.0, 0.0, 0.0, 0.0, 0.0, 0.0, 0.0, 0.0, 0.0, 0.0, 0.0, 0.0]], "Born radii": [], "Atomic SASAs": [], "Solvent H bonds": [], "Total SASA": NaN, "Total FOD": 0.0, "FOD": [0.0, 0.0, 0.0, 0.0, 0.0, 0.0, 0.0, 0.0, 0.0, 0.0, 0.0, 0.0, 0.0, 0.0, 0.0, 0.0, 0.0, 0.0, 0.0, 0.0, 0.0, 0.0, 0.0, 0.0, 0.0, 0.0, 0.0, 0.0, 0.0, 0.0, 0.0], "FOD s proportion": [0.0, 0.0, 0.0, 0.0, 0.0, 0.0, 0.0, 0.0, 0.0, 0.0, 0.0, 0.0, 0.0, 0.0, 0.0, 0.0, 0.0, 0.0, 0.0, 0.0, 0.0, 0.0, 0.0, 0.0, 0.0, 0.0, 0.0, 0.0, 0.0, 0.0, 0.0], "FOD p proportion": [0.0, 0.0, 0.0, 0.0, 0.0, 0.0, 0.0, 0.0, 0.0, 0.0, 0.0, 0.0, 0.0, 0.0, 0.0, 0.0, 0.0, 0.0, 0.0, 0.0, 0.0, 0.0, 0.0, 0.0, 0.0, 0.0, 0.0, 0.0, 0.0, 0.0, 0.0], "FOD d proportion": [0.0, 0.0, 0.0, 0.0, 0.0, 0.0, 0.0, 0.0, 0.0, 0.0, 0.0, 0.0, 0.0, 0.0, 0.0, 0.0, 0.0, 0.0, 0.0, 0.0, 0.0, 0.0, 0.0, 0.0, 0.0, 0.0, 0.0, 0.0, 0.0, 0.0, 0.0], "coordinates": [["4.97940", "1.00700", "0.03290"], ["3.89380", "0.04910", "-0.43220"], ["2.65180", "0.36200", "0.25130"], ["1.55670", "-0.40150", "-0.13490"], ["1.71400", "-1.65720", "-0.50240"], ["0.57650", "-2.24820", "-0.82170"], ["0.69610", "-3.88150", "-1.31480"], ["-0.64250", "-1.73400", "-0.82300"], ["-0.70070", "-0.46860", "-0.44130"], ["0.38600", "0.22430", "-0.09920"], ["-1.92970", "0.16070", "-0.40660"], ["-3.13460", "-0.57770", "-0.76380"], ["-3.64380", "-1.42810", "0.39090"], ["-2.02610", "1.54210", "0.04670"], ["-2.02020", "1.64480", "1.56500"], ["4.71140", "2.04470", "-0.19290"], ["5.13470", "0.92900", "1.11430"], ["5.92650", "0.78180", "-0.46690"], ["3.77220", "0.14510", "-1.51800"], ["4.21370", "-0.97570", "-0.20930"], ["2.35600", "1.33150", "0.20270"], ["-2.96440", "-1.20730", "-1.64620"], ["-3.92770", "0.12090", "-1.05740"], ["-3.91300", "-0.80900", "1.25140"], ["-4.53760", "-1.98090", "0.08430"], ["-2.89550", "-2.15460", "0.72220"], ["-1.21650", "2.15210", "-0.37330"], ["-2.95200", "1.99500", "-0.32850"], ["-2.87480", "1.12030", "2.00200"], ["-1.10970", "1.21960", "1.99820"], ["-2.08040", "2.69430", "1.87040"]], "bond_dist": [[0.0, 1.5206635985647843, 2.4251691322462436, 3.7049837219615416, 4.248216671734153, 5.541858588055094, 6.637799818463946, 6.312796956975569, 5.8877667251683805, 4.661479728584046, 6.974600113985031, 8.305600579127317, 8.967577947807312, 7.0259200607464924, 7.1936443761142375, 1.0952766454188643, 1.0952753306817424, 1.0943095951329311, 2.1460415326829065, 2.139171947273056, 2.648841227782443, 8.415845753101705, 9.017225610463564, 9.157367307801954, 9.975142974915196, 8.513806379052792, 6.313907606229283, 8.000866198106303, 8.098064542839852, 6.401932650379884, 7.487600655750813], [1.5206635985647843, 0.0, 1.4517722479783115, 2.3986379593427607, 2.769100173341514, 4.0538594980586105, 5.143333978072978, 4.889804488934092, 4.623583712879004, 3.5279235932769293, 5.824625496115609, 7.064081211311206, 7.724961307993717, 6.124019123092285, 6.4428613464826325, 2.169828013921841, 2.1692669430017135, 2.161000386395153, 1.0967972465319196, 1.0964649834810047, 2.1005895862828607, 7.077234219665193, 7.84677593219024, 8.03224568909592, 8.68770270036907, 7.230734923920252, 5.526413330542695, 7.117742489019957, 7.272327346867714, 5.68435806929859, 6.927489836874537], [2.4251691322462436, 1.4517722479783115, 0.0, 1.3897218066936996, 2.3504682873844525, 3.5030476916536553, 4.927953322627965, 4.049660353659305, 3.522619390453644, 2.2968807500608297, 4.632871285714724, 5.94944443288615, 6.546642309611852, 4.828793387586592, 5.01985732167758, 2.6964319182949903, 2.689061250696978, 3.3787132713505, 2.1054130853587854, 2.1073977460365665, 1.014785617753819, 6.132284336199684, 6.712722633179476, 6.742999336348773, 7.563368414271515, 6.109628438784146, 4.307937796672556, 5.865614330997222, 5.846646640596642, 4.235093814781439, 5.518589035251675], [3.7049837219615416, 2.3986379593427607, 1.3897218066936996, 0.0, 1.3177943807741783, 2.20063335655897, 3.7740159472371073, 2.6618637267899343, 2.279087126460943, 1.3279452624261288, 3.5418744599434913, 4.736544873639434, 5.326872764577732, 4.08007541106779, 4.457714359399893, 3.9924166278082756, 4.016567550782632, 4.539336397536538, 2.6683660580962276, 2.7193547028661045, 1.9380772043445533, 4.834634064745748, 5.585924397089528, 5.6573405439305136, 6.299448030581727, 4.8610765124610005, 3.7773463913175873, 5.1097034062653774, 5.149796995998968, 3.779916636646898, 5.180125687664345], [4.248216671734153, 2.769100173341514, 2.3504682873844525, 1.3177943807741783, 0.0, 1.3210373726734608, 2.577522969829755, 2.3794484339863304, 2.6920771274241013, 2.3379898395844236, 4.07314224401751, 4.974190604510446, 5.436588318053888, 4.952310502179766, 5.396442939566766, 4.773286144785373, 4.582939866504905, 4.8677651442936325, 2.9182042234908785, 2.6074604407353914, 3.1371416448735623, 4.837159808193233, 5.9412493214811315, 5.954694507697267, 6.287408141674914, 4.795262471439911, 4.807833560971095, 5.927930671828071, 5.919764442104094, 4.743654739754992, 6.242051221353441], [5.541858588055094, 4.0538594980586105, 3.5030476916536553, 2.20063335655897, 1.3210373726734608, 0.0, 1.7102984125584633, 1.3230133521624035, 2.223267901086147, 2.5829349101361423, 3.5008778413420827, 4.0701579662219505, 4.466978269479268, 4.679104552155252, 5.253059754086184, 5.993477943564988, 5.8838663377068645, 6.158675429018808, 4.052803606147231, 3.9017321602078225, 4.126774491052303, 3.7816988074144664, 5.0947038127844095, 5.150208782175728, 5.20060612813545, 3.8009435894261836, 4.7726880947742645, 5.540605086991853, 5.588519090957818, 4.777106162730739, 6.223730896335414], [6.637799818463946, 5.143333978072978, 4.927953322627965, 3.7740159472371073, 2.577522969829755, 1.7102984125584633, 0.0, 2.5778815818419587, 3.789714883734659, 4.293185182355869, 4.905000888888808, 5.088512349400363, 5.269090629321155, 6.219283885625418, 6.797905958455147, 7.245767049802249, 6.981590579516962, 7.05849739392174, 5.071211789109187, 4.694604738420478, 5.677450418982098, 4.545374775527316, 6.120864886598952, 6.10487030984279, 5.741199949487912, 4.475616512839321, 6.399124156476415, 6.986749855977385, 6.983587351068217, 6.3449274109322955, 7.816367246361957], [6.312796956975569, 4.889804488934092, 4.049660353659305, 2.6618637267899343, 2.3794484339863304, 1.3230133521624035, 2.5778815818419587, 0.0, 1.3229963303048122, 2.327367091801377, 2.3281238991943702, 2.7479258978364025, 3.251911700830759, 3.66108703256287, 4.360836012738842, 6.583300457217489, 6.649867677630886, 7.043281752847887, 4.848053000947907, 4.953213605327353, 4.40912156670691, 2.519184538695012, 3.77996513343708, 3.981825035081275, 4.006988508843019, 2.7641556396122127, 3.9539194857761077, 4.41404140216197, 4.594650887717151, 4.111106692850479, 5.378828948758271], [5.8877667251683805, 4.623583712879004, 3.522619390453644, 2.279087126460943, 2.6920771274241013, 2.223267901086147, 3.789714883734659, 1.3229963303048122, 0.0, 1.3334390537253662, 1.3811819503599083, 2.45759603474615, 3.2054694975931373, 2.457182054712267, 3.1988715979232425, 5.972370204533541, 6.198795873393477, 6.744177886147429, 4.641416269846952, 4.945937905999226, 3.6053447685346263, 2.6686699664814304, 3.3377565010048293, 3.6469133167652887, 4.157536320947781, 3.0022450416313458, 2.6718424598018498, 3.3392215395208504, 3.6360732817147676, 2.9947388016319554, 4.153488339937889], [4.661479728584046, 3.5279235932769293, 2.2968807500608297, 1.3279452624261288, 2.3379898395844236, 2.5829349101361423, 4.293185182355869, 2.327367091801377, 1.3334390537253662, 0.0, 2.3368795882543885, 3.6714467883928266, 4.38291133950939, 2.752473444013584, 3.2522577281021254, 4.693796012823736, 4.951700317062816, 5.580604787117611, 3.6722767488303494, 4.012905344011991, 2.2798981227239077, 3.958265746510712, 4.420050507629975, 4.6231191040249, 5.398001134679392, 4.1354691898259865, 2.521814802875104, 3.785525192096864, 3.9812905043465494, 2.761671113655643, 4.007911316384134], [6.974600113985031, 5.824625496115609, 4.632871285714724, 3.5418744599434913, 4.07314224401751, 3.5008778413420827, 4.905000888888808, 2.3281238991943702, 1.3811819503599083, 2.3368795882543885, 0.0, 1.4576043393184586, 2.4695000506175337, 1.4570654789679152, 2.4694026848612602, 6.9064703648100885, 7.266991747621569, 7.880944089384215, 5.809226878854018, 6.25073562150888, 4.484333129909062, 2.1162788686749203, 2.1016966194006215, 2.760934801837957, 3.4100697617497504, 2.750922239904283, 2.1155228880822823, 2.1013932021399517, 2.7596014440494843, 2.7525864654902303, 3.409775425156326], [8.305600579127317, 7.064081211311206, 5.94944443288615, 4.736544873639434, 4.974190604510446, 4.0701579662219505, 5.088512349400363, 2.7479258978364025, 2.45759603474615, 3.6714467883928266, 1.4576043393184586, 0.0, 1.521774257240541, 2.52571465925983, 3.4065676347314757, 8.29232323115784, 8.612707297360105, 9.167329113215038, 6.985352082751449, 7.379931377729742, 5.892864774453932, 1.097266585657287, 1.0969277688161607, 2.1726567354278497, 2.1579279065807553, 2.1799033051949803, 3.3590781324643224, 2.6156479388480403, 3.255817820456175, 3.8677062065260333, 4.330858030460015], [8.967577947807312, 7.724961307993717, 6.546642309611852, 5.326872764577732, 5.436588318053888, 4.466978269479268, 5.269090629321155, 3.251911700830759, 3.2054694975931373, 4.38291133950939, 2.4695000506175337, 1.521774257240541, 0.0, 3.3996345347698775, 3.6684195752394517, 9.067002223447394, 9.118184590147317, 9.859519305726826, 7.8176667522989245, 7.893365065040385, 6.606694441246697, 2.1587295824164734, 2.139526372821798, 1.093715548028828, 1.0947464729333456, 1.094310207390939, 4.392450223963841, 3.5656327923665945, 3.1114862638295544, 4.001923461287085, 4.6505184194883045], [7.0259200607464924, 6.124019123092285, 4.828793387586592, 4.08007541106779, 4.952310502179766, 4.679104552155252, 6.219283885625418, 3.66108703256287, 2.457182054712267, 2.752473444013584, 1.4570654789679152, 2.52571465925983, 3.3996345347698775, 0.0, 1.5217808613594797, 6.7604675259925635, 7.265859757110647, 8.005353696745697, 6.166050436057104, 6.733495145910481, 4.389930383274887, 3.3623678650617634, 2.6181918970923426, 3.246438804290018, 4.326727979663154, 3.857168326635487, 1.097247538160829, 1.0968975613064331, 2.1728794306173547, 2.1799420772121447, 2.1578681655745333], [7.1936443761142375, 6.4428613464826325, 5.01985732167758, 4.457714359399893, 5.396442939566766, 5.253059754086184, 6.797905958455147, 4.360836012738842, 3.1988715979232425, 3.2522577281021254, 2.4694026848612602, 3.4065676347314757, 3.6684195752394517, 1.5217808613594797, 0.0, 6.968828522786309, 7.2047272078823354, 8.247631629746808, 6.73096477854401, 6.991185160614759, 4.5940335893417235, 4.3974758089158374, 3.5829888668540404, 3.114830852550424, 4.655692831362482, 3.9889725857669163, 2.15877137974358, 2.1392132969856, 1.0938054717361767, 1.0942885953897172, 1.0946887457172474], [1.0952766454188643, 2.169828013921841, 2.6964319182949903, 3.9924166278082756, 4.773286144785373, 5.993477943564988, 7.245767049802249, 6.583300457217489, 5.972370204533541, 4.693796012823736, 6.9064703648100885, 8.29232323115784, 9.067002223447394, 6.7604675259925635, 6.968828522786309, 0.0, 1.7699551463243355, 1.77382649095113, 2.4992932621043096, 3.06117467812603, 2.492601604749544, 8.462002749349589, 8.892829442871376, 9.198362981531007, 10.090901654460815, 8.737073658267969, 5.931616755152005, 7.66476072751133, 7.9512597624527395, 6.274305892288007, 7.127954425359354], [1.0952753306817424, 2.1692669430017135, 2.689061250696978, 4.016567550782632, 4.582939866504905, 5.8838663377068645, 6.981590579516962, 6.649867677630886, 6.198795873393477, 4.951700317062816, 7.266991747621569, 8.612707297360105, 9.118184590147317, 7.265859757110647, 7.2047272078823354, 1.7699551463243355, 0.0, 1.774488241719285, 3.0659270620808967, 2.4956041452922775, 2.9519814531937696, 8.81927200793807, 9.353951050759246, 9.214136731132221, 10.152921023035686, 8.610832910351938, 6.636766442327167, 8.2832810365217, 8.060812442303815, 6.313339760380396, 7.466300242422615], [1.0943095951329311, 2.161000386395153, 3.3787132713505, 4.539336397536538, 4.8677651442936325, 6.158675429018808, 7.05849739392174, 7.043281752847887, 6.744177886147429, 5.580604787117611, 7.880944089384215, 9.167329113215038, 9.859519305726826, 8.005353696745697, 8.247631629746808, 1.77382649095113, 1.774488241719285, 0.0, 2.4801626136203243, 2.4675590874384343, 3.6740991412862014, 9.186695276866432, 9.893974767503705, 10.114294823664178, 10.836684065709399, 9.373584574217057, 7.2738526277344935, 8.962074037297393, 9.147290918627219, 7.468366440527674, 8.557515711349877], [2.1460415326829065, 1.0967972465319196, 2.1054130853587854, 2.6683660580962276, 2.9182042234908785, 4.052803606147231, 5.071211789109187, 4.848053000947907, 4.641416269846952, 3.6722767488303494, 5.809226878854018, 6.985352082751449, 7.8176667522989245, 6.166050436057104, 6.73096477854401, 2.4992932621043096, 3.0659270620808967, 2.4801626136203243, 0.0, 1.7787103699028686, 2.5246734224449705, 6.872204927095816, 7.713701965334155, 8.224486744472266, 8.725824736378792, 7.400360762827715, 5.497773620293946, 7.07473716119546, 7.5844593769101305, 6.111559563646582, 7.2272125996126615], [2.139171947273056, 1.0964649834810047, 2.1073977460365665, 2.7193547028661045, 2.6074604407353914, 3.9017321602078225, 4.694604738420478, 4.953213605327353, 4.945937905999226, 4.012905344011991, 6.25073562150888, 7.379931377729742, 7.893365065040385, 6.733495145910481, 6.991185160614759, 3.06117467812603, 2.4956041452922775, 2.4675590874384343, 1.7787103699028686, 0.0, 2.9906462729650927, 7.324168197140206, 8.258583360964519, 8.258612853863534, 8.813732449422321, 7.266238511086737, 6.268739975465564, 7.757997397524699, 7.715561932873068, 6.1669267791988585, 7.5769219937914105], [2.648841227782443, 2.1005895862828607, 1.014785617753819, 1.9380772043445533, 3.1371416448735623, 4.126774491052303, 5.677450418982098, 4.40912156670691, 3.6053447685346263, 2.2798981227239077, 4.484333129909062, 5.892864774453932, 6.606694441246697, 4.389930383274887, 4.5940335893417235, 2.492601604749544, 2.9519814531937696, 3.6740991412862014, 2.5246734224449705, 2.9906462729650927, 0.0, 6.178235412316368, 6.522138457591957, 6.706852685127354, 7.649034794011595, 6.324636409312396, 3.710514332272549, 5.375618075161218, 5.535644006798125, 3.9047942775516358, 4.931540539223012], [8.415845753101705, 7.077234219665193, 6.132284336199684, 4.834634064745748, 4.837159808193233, 3.7816988074144664, 4.545374775527316, 2.519184538695012, 2.6686699664814304, 3.958265746510712, 2.1162788686749203, 1.097266585657287, 2.1587295824164734, 3.3623678650617634, 4.3974758089158374, 8.462002749349589, 8.81927200793807, 9.186695276866432, 6.872204927095816, 7.324168197140206, 6.178235412316368, 0.0, 1.74320038148229, 3.074828549691836, 2.4633403033279833, 2.5517529386678484, 3.9951216727403933, 3.462832993374067, 4.328407693367159, 4.755145324803439, 5.326388468746906], [9.017225610463564, 7.84677593219024, 6.712722633179476, 5.585924397089528, 5.9412493214811315, 5.0947038127844095, 6.120864886598952, 3.77996513343708, 3.3377565010048293, 4.420050507629975, 2.1016966194006215, 1.0969277688161607, 2.139526372821798, 2.6181918970923426, 3.5829888668540404, 8.892829442871376, 9.353951050759246, 9.893974767503705, 7.713701965334155, 8.258583360964519, 6.522138457591957, 1.74320038148229, 0.0, 2.4890736308916215, 2.468404371248763, 3.0676233879014547, 3.4560630332793414, 2.235069687951586, 3.386344213159672, 4.299413570476793, 4.313573656494114], [9.157367307801954, 8.03224568909592, 6.742999336348773, 5.6573405439305136, 5.954694507697267, 5.150208782175728, 6.10487030984279, 3.981825035081275, 3.6469133167652887, 4.6231191040249, 2.760934801837957, 2.1726567354278497, 1.093715548028828, 3.246438804290018, 3.114830852550424, 9.198362981531007, 9.214136731132221, 10.114294823664178, 8.224486744472266, 8.258612853863534, 6.706852685127354, 3.074828549691836, 2.4890736308916215, 0.0, 1.7679358529086966, 1.7680492781594066, 4.321906471685846, 3.3588719847591695, 2.3159140938299068, 3.5399744476478925, 4.001836409699927], [9.975142974915196, 8.68770270036907, 7.563368414271515, 6.299448030581727, 6.287408141674914, 5.20060612813545, 5.741199949487912, 4.006988508843019, 4.157536320947781, 5.398001134679392, 3.4100697617497504, 2.1579279065807553, 1.0947464729333456, 4.326727979663154, 4.655692831362482, 10.090901654460815, 10.152921023035686, 10.836684065709399, 8.725824736378792, 8.813732449422321, 7.649034794011595, 2.4633403033279833, 2.468404371248763, 1.7679358529086966, 0.0, 1.7701922240254024, 5.3217282878779155, 4.300268829968657, 4.007482822171544, 5.065245489608573, 5.575435417077307], [8.513806379052792, 7.230734923920252, 6.109628438784146, 4.8610765124610005, 4.795262471439911, 3.8009435894261836, 4.475616512839321, 2.7641556396122127, 3.0022450416313458, 4.1354691898259865, 2.750922239904283, 2.1799033051949803, 1.094310207390939, 3.857168326635487, 3.9889725857669163, 8.737073658267969, 8.610832910351938, 9.373584574217057, 7.400360762827715, 7.266238511086737, 6.324636409312396, 2.5517529386678484, 3.0676233879014547, 1.7680492781594066, 1.7701922240254024, 0.0, 4.750455361331164, 4.280927808314455, 3.5161465470028404, 4.02523083561676, 5.049216024295257], [6.313907606229283, 5.526413330542695, 4.307937796672556, 3.7773463913175873, 4.807833560971095, 4.7726880947742645, 6.399124156476415, 3.9539194857761077, 2.6718424598018498, 2.521814802875104, 2.1155228880822823, 3.3590781324643224, 4.392450223963841, 1.097247538160829, 2.15877137974358, 5.931616755152005, 6.636766442327167, 7.2738526277344935, 5.497773620293946, 6.268739975465564, 3.710514332272549, 3.9951216727403933, 3.4560630332793414, 4.321906471685846, 5.3217282878779155, 4.750455361331164, 0.0, 1.7431717356588823, 3.075161820132397, 2.550485196977234, 2.4646488066253984], [8.000866198106303, 7.117742489019957, 5.865614330997222, 5.1097034062653774, 5.927930671828071, 5.540605086991853, 6.986749855977385, 4.41404140216197, 3.3392215395208504, 3.785525192096864, 2.1013932021399517, 2.6156479388480403, 3.5656327923665945, 1.0968975613064331, 2.1392132969856, 7.66476072751133, 8.2832810365217, 8.962074037297393, 7.07473716119546, 7.757997397524699, 5.375618075161218, 3.462832993374067, 2.235069687951586, 3.3588719847591695, 4.300268829968657, 4.280927808314455, 1.7431717356588823, 0.0, 2.4904397563482634, 3.067384446071278, 2.4665498697573502], [8.098064542839852, 7.272327346867714, 5.846646640596642, 5.149796995998968, 5.919764442104094, 5.588519090957818, 6.983587351068217, 4.594650887717151, 3.6360732817147676, 3.9812905043465494, 2.7596014440494843, 3.255817820456175, 3.1114862638295544, 2.1728794306173547, 1.0938054717361767, 7.9512597624527395, 8.060812442303815, 9.147290918627219, 7.5844593769101305, 7.715561932873068, 5.535644006798125, 4.328407693367159, 3.386344213159672, 2.3159140938299068, 4.007482822171544, 3.5161465470028404, 3.075161820132397, 2.4904397563482634, 0.0, 1.767895059102774, 1.768011855163873], [6.401932650379884, 5.68435806929859, 4.235093814781439, 3.779916636646898, 4.743654739754992, 4.777106162730739, 6.3449274109322955, 4.111106692850479, 2.9947388016319554, 2.761671113655643, 2.7525864654902303, 3.8677062065260333, 4.001923461287085, 2.1799420772121447, 1.0942885953897172, 6.274305892288007, 6.313339760380396, 7.468366440527674, 6.111559563646582, 6.1669267791988585, 3.9047942775516358, 4.755145324803439, 4.299413570476793, 3.5399744476478925, 5.065245489608573, 4.02523083561676, 2.550485196977234, 3.067384446071278, 1.767895059102774, 0.0, 1.7701218658612181], [7.487600655750813, 6.927489836874537, 5.518589035251675, 5.180125687664345, 6.242051221353441, 6.223730896335414, 7.816367246361957, 5.378828948758271, 4.153488339937889, 4.007911316384134, 3.409775425156326, 4.330858030460015, 4.6505184194883045, 2.1578681655745333, 1.0946887457172474, 7.127954425359354, 7.466300242422615, 8.557515711349877, 7.2272125996126615, 7.5769219937914105, 4.931540539223012, 5.326388468746906, 4.313573656494114, 4.001836409699927, 5.575435417077307, 5.049216024295257, 2.4646488066253984, 2.4665498697573502, 1.768011855163873, 1.7701218658612181, 0.0]]}