{"total energy": -47.68388677, "HOMO-LUMO gap/eV": 3.54111149, "electronic energy": -48.23305726, "dipole": [0.9822086, -0.15585133, 0.14714469], "partial charges": [-0.10337734, -0.05273513, -0.0613686, -0.05193808, -0.0221998, -0.05297705, -0.10465886, 0.27971429, -0.37932552, -0.17518826, 0.33921128, -0.42120483, -0.17622881, 0.28201471, -0.37956063, 0.03830935, 0.03819152, 0.03784968, 0.03136386, 0.03391222, 0.04806872, 0.04489664, 0.03668039, 0.0555922, 0.0621421, 0.05860454, 0.03985341, 0.04196218, 0.04651093, 0.23312075, 0.23276415], "atomic dipole moments": [[-0.08470809, -0.00999908, 0.07078988], [-0.01981614, 0.05943118, -0.10187654], [-0.02013766, -0.05801339, 0.11969871], [-0.0727961, 0.06003236, -0.10769965], [-0.00586077, -0.03224175, 0.01203245], [-0.10537096, -0.11509749, 0.01788997], [0.10350329, -0.0558492, 0.02851275], [-0.0478533, -0.07177109, 0.00583851], [0.02879646, -0.13419831, -0.12731215], [-0.02413862, 0.01695446, -0.0676354], [0.06526479, 0.06379728, -0.0052632], [0.15347255, 0.15001708, -0.01108175], [-0.05555137, 0.0528091, 0.03310546], [-0.04960094, -0.07604989, 0.01363789], [-0.0202617, -0.0517731, 0.17815919], [0.10171809, -0.0580897, 0.04614913], [-0.02621883, -0.05280121, -0.11239422], [0.03101703, 0.12128644, -0.0194251], [-0.01950936, -0.12049395, 0.019215], [0.03540352, 0.04704477, 0.10880109], [0.02829327, 0.12164661, -0.0203087], [-0.02882557, -0.05015608, -0.11414796], [-0.00700132, -0.12184358, 0.03287464], [0.03817642, 0.04989166, 0.11074167], [0.0756422, 0.02256033, -0.10053463], [0.05196647, 0.07222206, 0.09178188], [-0.0590389, -0.05335655, -0.10114333], [-0.08526254, 0.00614109, 0.09607938], [0.02162499, 0.11981615, -0.03283077], [-0.09180156, -0.00801342, 0.10118384], [-0.05236358, -0.0654581, -0.10666707]], "atomic quadrupole moments": [[0.09843036, 0.01814945, -0.12432551, -0.17657672, -0.0275985, 0.02589515], [0.19079618, -0.10537842, -0.155416, -0.06554303, -0.08949097, -0.03538019], [0.18079874, -0.10635409, -0.16812341, -0.08490201, -0.10182359, -0.01267533], [0.22196367, -0.10578269, -0.15648522, -0.03148231, -0.08450381, -0.06547845], [-0.03732713, 0.01909167, -0.02194205, -0.01506283, 0.01725017, 0.05926918], [0.03596152, -0.07193558, 0.16413853, 0.05270134, -0.11472173, -0.20010005], [0.15192721, -0.12867868, -0.04781609, 0.07489414, -0.04184948, -0.10411112], [0.22672056, -0.1619138, -0.1245299, 0.35090036, -0.17448923, -0.10219066], [0.08371899, -0.09184012, -0.05368039, 0.13987744, -0.04722834, -0.0300386], [-0.02893992, 0.0197379, 0.07054158, 0.07387691, 0.04962771, -0.04160166], [0.03671642, -0.30769005, 0.05804002, 0.13809102, -0.13835483, -0.09475644], [0.04212088, -0.08538751, 0.04375241, 0.06061776, -0.06808992, -0.08587329], [0.02326626, 0.00881307, -0.00302854, -0.06612621, -0.0853296, -0.02023772], [0.3916085, -0.28210958, -0.04728758, -0.04267714, -0.01624165, -0.34432092], [0.15085962, -0.13389045, -0.04446032, -0.01116858, -0.01621252, -0.1063993], [0.03600002, -0.04651044, -0.02189869, 0.03175002, -0.03179097, -0.01410133], [-0.02223725, 0.02453965, -0.02539677, 0.0252392, 0.04423225, 0.04763402], [-0.03844347, 0.0169586, 0.07643131, -0.01415792, -0.00889667, -0.03798784], [-0.0128506, 0.01813795, 0.05102068, -0.00566482, -0.00381787, -0.03817008], [-0.0137421, 0.00710361, -0.01423793, 0.01460961, 0.04050632, 0.02798003], [-0.01781585, 0.00858405, 0.05287499, -0.0032529, -0.00306484, -0.03505914], [-0.00969153, 0.00924701, -0.01290602, 0.02264907, 0.03603628, 0.02259755], [-0.00880449, 0.01953601, 0.05117696, -0.01133703, -0.00312138, -0.04237248], [-0.00838351, 0.01201096, -0.00846722, 0.00393544, 0.04627394, 0.01685073], [0.00394943, -0.02342131, -0.02554788, -0.04045897, -0.00266495, 0.02159844], [-0.02177848, -0.00297621, -0.00830996, 0.03416809, 0.02788748, 0.03008843], [-0.01845645, 0.01351267, -0.00478244, 0.03210213, 0.05730421, 0.0232389], [0.00262871, -0.00028698, -0.0486906, -0.04906381, -0.01503688, 0.0460619], [-0.01894864, 0.0282735, 0.06551065, -0.00518577, -0.03227491, -0.04656201], [-0.02086224, 0.02654375, -0.00434395, -0.03136276, 0.00998752, 0.02520619], [-0.03237936, 0.02984972, 0.00380084, -0.01064164, 0.02402335, 0.02857852]], "number of molecular orbitals": 76, "number of electrons": 84, "number of unpaired electrons": 0, "orbital energies/eV": [-20.61284479, -20.27880152, -20.19715205, -19.7813993, -19.38847242, -18.72377754, -18.23548211, -18.09493245, -17.61949968, -17.1555506, -17.12345708, -16.96495005, -16.67685227, -16.47004047, -16.0829281, -15.8454006, -15.68694459, -15.62782729, -15.5316632, -15.43575377, -15.21307859, -14.8591237, -14.65234049, -14.53820175, -14.27722806, -13.94629361, -13.82740561, -13.60359181, -13.54472834, -13.1928382, -12.95379119, -12.81799544, -12.71605813, -12.60386042, -12.57236415, -12.47661445, -12.35342029, -12.21264016, -12.08036798, -11.96653832, -11.81040304, -11.60984146, -8.06872997, -7.15477477, -5.88237219, -0.42945584, 0.03120094, 0.54974152, 1.02986822, 1.64859008, 2.40819118, 2.57939726, 3.00504453, 3.30089044, 3.46974749, 3.6408841, 3.74020509, 4.03949757, 4.19280876, 4.35295134, 4.38594925, 4.54873295, 4.82530263, 5.12069045, 5.47009077, 6.01461543, 6.41685114, 6.68404709, 6.78254543, 7.50331932, 7.66527031, 7.82465304, 11.31080152, 14.12035567, 14.19761363, 16.32380371], "fractional occupation": [2.0, 2.0, 2.0, 2.0, 2.0, 2.0, 2.0, 2.0, 2.0, 2.0, 2.0, 2.0, 2.0, 2.0, 2.0, 2.0, 2.0, 2.0, 2.0, 2.0, 2.0, 2.0, 2.0, 2.0, 2.0, 2.0, 2.0, 2.0, 2.0, 2.0, 2.0, 2.0, 2.0, 2.0, 2.0, 2.0, 2.0, 2.0, 2.0, 2.0, 2.0, 2.0, 0.0, 0.0, 0.0, 0.0, 0.0, 0.0, 0.0, 0.0, 0.0, 0.0, 0.0, 0.0, 0.0, 0.0, 0.0, 0.0, 0.0, 0.0, 0.0, 0.0, 0.0, 0.0, 0.0, 0.0, 0.0, 0.0, 0.0, 0.0, 0.0, 0.0, 0.0, 0.0, 0.0, 0.0], "program call": "xtb /home/svss/Project-DBcg-Debug/aqme2_20220329/End-to-End-workflows-final/example-3/QDESCP/mol_28_rdkit_conf_2/mol_28_rdkit_conf_2.xyz --pop --wbo --acc 0.2 --gfn 2 --chrg 0 --uhf 0 --etemp 300 --input /home/svss/Project-DBcg-Debug/aqme2_20220329/End-to-End-workflows-final/example-3/QDESCP/mol_28_rdkit_conf_2/mol_28_rdkit_conf_2_xtb.inp", "method": "GFN2-xTB", "xtb version": "6.3.3 (7355c4f)", "Dipole module/D": 2.555, "Total charge": 0, "Transition dipole module/D": NaN, "HOMO": -11.6098, "LUMO": -8.0687, "HOMO occupancy": 2.0, "LUMO occupancy": 0, "mulliken charges": [-0.08242, -0.03786, -0.04802, -0.03896, -0.05617, -0.02835, -0.08796, 0.4751, -0.50827, -0.32597, 0.57489, -0.53649, -0.32741, 0.47481, -0.50776, 0.03329, 0.03193, 0.03094, 0.02448, 0.02593, 0.03367, 0.03943, 0.02959, 0.04947, 0.04449, 0.04356, 0.03759, 0.03928, 0.03784, 0.28021, 0.27915], "cm5 charges": [-0.23279, -0.15059, -0.15818, -0.13986, -0.05862, -0.13203, -0.23648, 0.57345, -0.554, -0.66909, 0.74247, -0.5735, -0.67083, 0.5736, -0.5544, 0.08407, 0.08322, 0.08223, 0.07922, 0.08064, 0.09007, 0.09791, 0.09058, 0.10735, 0.10344, 0.1015, 0.09241, 0.09452, 0.08878, 0.48285, 0.48206], "FUKUI+": [0.008, 0.003, 0.005, -0.003, -0.006, 0.016, 0.016, -0.057, -0.149, -0.036, -0.056, -0.151, -0.036, -0.057, -0.148, -0.02, -0.008, -0.012, -0.009, -0.013, -0.02, -0.004, -0.019, -0.034, -0.032, -0.032, -0.005, -0.006, -0.037, -0.049, -0.049], "FUKUI-": [0.016, 0.007, 0.009, 0.013, -0.013, 0.011, 0.013, -0.007, -0.085, -0.024, -0.002, -0.089, -0.021, -0.004, -0.072, -0.043, -0.06, -0.06, -0.071, -0.07, -0.042, -0.039, -0.028, -0.032, -0.053, -0.047, -0.047, -0.057, -0.043, -0.03, -0.028], "FUKUIrad": [0.012, 0.005, 0.007, 0.005, -0.009, 0.014, 0.015, -0.032, -0.117, -0.03, -0.029, -0.12, -0.029, -0.031, -0.11, -0.032, -0.034, -0.036, -0.04, -0.042, -0.031, -0.022, -0.023, -0.033, -0.042, -0.039, -0.026, -0.032, -0.04, -0.04, -0.039], "s proportion": [1.008, 1.028, 1.034, 1.045, 1.106, 1.03, 1.009, 1.013, 1.73, 1.43, 0.938, 1.721, 1.432, 1.013, 1.73, 0.967, 0.968, 0.969, 0.976, 0.974, 0.966, 0.961, 0.97, 0.951, 0.956, 0.956, 0.962, 0.961, 0.962, 0.72, 0.721], "p proportion": [3.075, 3.01, 3.014, 2.994, 2.95, 2.998, 3.079, 2.512, 4.779, 3.896, 2.487, 4.816, 3.895, 2.512, 4.778, 0.0, 0.0, 0.0, 0.0, 0.0, 0.0, 0.0, 0.0, 0.0, 0.0, 0.0, 0.0, 0.0, 0.0, 0.0, 0.0], "d proportion": [0.0, 0.0, 0.0, 0.0, 0.0, 0.0, 0.0, 0.0, 0.0, 0.0, 0.0, 0.0, 0.0, 0.0, 0.0, 0.0, 0.0, 0.0, 0.0, 0.0, 0.0, 0.0, 0.0, 0.0, 0.0, 0.0, 0.0, 0.0, 0.0, 0.0, 0.0], "Fermi-level/eV": -9.8393, "Coordination numbers": [3.75, 3.8, 3.8, 3.808, 3.901, 3.801, 3.748, 2.769, 0.858, 2.696, 2.706, 0.86, 2.696, 2.768, 0.858, 0.924, 0.924, 0.924, 0.924, 0.924, 0.924, 0.924, 0.923, 0.923, 0.924, 0.924, 0.924, 0.924, 0.924, 0.86, 0.86], "Dispersion coefficient C6": [22.539, 21.522, 21.681, 21.5, 20.913, 21.525, 22.567, 22.267, 21.272, 24.792, 21.236, 22.108, 24.815, 22.226, 21.276, 2.472, 2.473, 2.478, 2.567, 2.532, 2.344, 2.385, 2.494, 2.252, 2.174, 2.216, 2.451, 2.423, 2.364, 0.952, 0.953], "Total dispersion C6": 8833.422488, "Total dispersion C8": 195037.097508, "Polarizability alpha": [6.771, 6.605, 6.63, 6.6, 6.5, 6.606, 6.776, 7.728, 6.184, 7.395, 7.543, 6.304, 7.398, 7.721, 6.184, 2.459, 2.459, 2.462, 2.506, 2.488, 2.394, 2.415, 2.47, 2.347, 2.306, 2.328, 2.448, 2.434, 2.404, 1.528, 1.529], "Total polarizability alpha": 139.922369, "Wiberg matrix": [[0.0, 1.0196361215401941, 0.0, 0.0, 0.0, 0.0, 0.0, 0.0, 0.0, 0.0, 0.0, 0.0, 0.0, 0.0, 0.0, 0.9863865309788749, 0.9872528595780954, 0.9872657715736303, 0.0, 0.0, 0.0, 0.0, 0.0, 0.0, 0.0, 0.0, 0.0, 0.0, 0.0, 0.0, 0.0], [1.0196361215401941, 0.0, 1.0037607710793317, 0.0, 0.0, 0.0, 0.0, 0.0, 0.0, 0.0, 0.0, 0.0, 0.0, 0.0, 0.0, 0.0, 0.0, 0.0, 0.977690728555058, 0.9776886698435343, 0.0, 0.0, 0.0, 0.0, 0.0, 0.0, 0.0, 0.0, 0.0, 0.0, 0.0], [0.0, 1.0037607710793317, 0.0, 1.0030752716206837, 0.0, 0.0, 0.0, 0.0, 0.0, 0.0, 0.0, 0.0, 0.0, 0.0, 0.0, 0.0, 0.0, 0.0, 0.0, 0.0, 0.9738735578769977, 0.9758378323708917, 0.0, 0.0, 0.0, 0.0, 0.0, 0.0, 0.0, 0.0, 0.0], [0.0, 0.0, 1.0030752716206837, 0.0, 0.9198899359473202, 0.0, 0.0, 0.0, 0.0, 0.0, 0.0, 0.0, 0.0, 0.0, 0.0, 0.0, 0.0, 0.0, 0.0, 0.0, 0.0, 0.0, 0.9753921810829869, 0.9711612074770154, 0.0, 0.0, 0.0, 0.0, 0.0, 0.0, 0.0], [0.0, 0.0, 0.0, 0.9198899359473202, 0.0, 0.9753017693885058, 0.0, 0.9488748151607299, 0.0, 0.0, 0.0, 0.0, 0.0, 0.9548032069159744, 0.0, 0.0, 0.0, 0.0, 0.0, 0.0, 0.0, 0.0, 0.0, 0.0, 0.0, 0.0, 0.0, 0.0, 0.0, 0.0, 0.0], [0.0, 0.0, 0.0, 0.0, 0.9753017693885058, 0.0, 1.019768503038924, 0.0, 0.0, 0.0, 0.0, 0.0, 0.0, 0.0, 0.0, 0.0, 0.0, 0.0, 0.0, 0.0, 0.0, 0.0, 0.0, 0.0, 0.9709703908768463, 0.9739234244962931, 0.0, 0.0, 0.0, 0.0, 0.0], [0.0, 0.0, 0.0, 0.0, 0.0, 1.019768503038924, 0.0, 0.0, 0.0, 0.0, 0.0, 0.0, 0.0, 0.0, 0.0, 0.0, 0.0, 0.0, 0.0, 0.0, 0.0, 0.0, 0.0, 0.0, 0.0, 0.0, 0.986866001301703, 0.9865972751960894, 0.9852553126880946, 0.0, 0.0], [0.0, 0.0, 0.0, 0.0, 0.9488748151607299, 0.0, 0.0, 0.0, 1.7508723519983245, 1.1396324819650365, 0.0, 0.0, 0.0, 0.0, 0.0, 0.0, 0.0, 0.0, 0.0, 0.0, 0.0, 0.0, 0.0, 0.0, 0.0, 0.0, 0.0, 0.0, 0.0, 0.0, 0.0], [0.0, 0.0, 0.0, 0.0, 0.0, 0.0, 0.0, 1.7508723519983245, 0.0, 0.1341006931454479, 0.0, 0.0, 0.0, 0.0, 0.0, 0.0, 0.0, 0.0, 0.0, 0.0, 0.0, 0.0, 0.0, 0.0, 0.0, 0.0, 0.0, 0.0, 0.0, 0.0, 0.0], [0.0, 0.0, 0.0, 0.0, 0.0, 0.0, 0.0, 1.1396324819650365, 0.1341006931454479, 0.0, 1.1238101570030679, 0.11517271168392774, 0.0, 0.0, 0.0, 0.0, 0.0, 0.0, 0.0, 0.0, 0.0, 0.0, 0.0, 0.0, 0.0, 0.0, 0.0, 0.0, 0.0, 0.9091538532916671, 0.0], [0.0, 0.0, 0.0, 0.0, 0.0, 0.0, 0.0, 0.0, 0.0, 1.1238101570030679, 0.0, 1.653909997900759, 1.1215394895974087, 0.0, 0.0, 0.0, 0.0, 0.0, 0.0, 0.0, 0.0, 0.0, 0.0, 0.0, 0.0, 0.0, 0.0, 0.0, 0.0, 0.0, 0.0], [0.0, 0.0, 0.0, 0.0, 0.0, 0.0, 0.0, 0.0, 0.0, 0.11517271168392774, 1.653909997900759, 0.0, 0.11566031078479955, 0.0, 0.0, 0.0, 0.0, 0.0, 0.0, 0.0, 0.0, 0.0, 0.0, 0.0, 0.0, 0.0, 0.0, 0.0, 0.0, 0.0, 0.0], [0.0, 0.0, 0.0, 0.0, 0.0, 0.0, 0.0, 0.0, 0.0, 0.0, 1.1215394895974087, 0.11566031078479955, 0.0, 1.1348625426682635, 0.13245775617905264, 0.0, 0.0, 0.0, 0.0, 0.0, 0.0, 0.0, 0.0, 0.0, 0.0, 0.0, 0.0, 0.0, 0.0, 0.0, 0.9088849575509752], [0.0, 0.0, 0.0, 0.0, 0.9548032069159744, 0.0, 0.0, 0.0, 0.0, 0.0, 0.0, 0.0, 1.1348625426682635, 0.0, 1.7529443420214694, 0.0, 0.0, 0.0, 0.0, 0.0, 0.0, 0.0, 0.0, 0.0, 0.0, 0.0, 0.0, 0.0, 0.0, 0.0, 0.0], [0.0, 0.0, 0.0, 0.0, 0.0, 0.0, 0.0, 0.0, 0.0, 0.0, 0.0, 0.0, 0.13245775617905264, 1.7529443420214694, 0.0, 0.0, 0.0, 0.0, 0.0, 0.0, 0.0, 0.0, 0.0, 0.0, 0.0, 0.0, 0.0, 0.0, 0.0, 0.0, 0.0], [0.9863865309788749, 0.0, 0.0, 0.0, 0.0, 0.0, 0.0, 0.0, 0.0, 0.0, 0.0, 0.0, 0.0, 0.0, 0.0, 0.0, 0.0, 0.0, 0.0, 0.0, 0.0, 0.0, 0.0, 0.0, 0.0, 0.0, 0.0, 0.0, 0.0, 0.0, 0.0], [0.9872528595780954, 0.0, 0.0, 0.0, 0.0, 0.0, 0.0, 0.0, 0.0, 0.0, 0.0, 0.0, 0.0, 0.0, 0.0, 0.0, 0.0, 0.0, 0.0, 0.0, 0.0, 0.0, 0.0, 0.0, 0.0, 0.0, 0.0, 0.0, 0.0, 0.0, 0.0], [0.9872657715736303, 0.0, 0.0, 0.0, 0.0, 0.0, 0.0, 0.0, 0.0, 0.0, 0.0, 0.0, 0.0, 0.0, 0.0, 0.0, 0.0, 0.0, 0.0, 0.0, 0.0, 0.0, 0.0, 0.0, 0.0, 0.0, 0.0, 0.0, 0.0, 0.0, 0.0], [0.0, 0.977690728555058, 0.0, 0.0, 0.0, 0.0, 0.0, 0.0, 0.0, 0.0, 0.0, 0.0, 0.0, 0.0, 0.0, 0.0, 0.0, 0.0, 0.0, 0.0, 0.0, 0.0, 0.0, 0.0, 0.0, 0.0, 0.0, 0.0, 0.0, 0.0, 0.0], [0.0, 0.9776886698435343, 0.0, 0.0, 0.0, 0.0, 0.0, 0.0, 0.0, 0.0, 0.0, 0.0, 0.0, 0.0, 0.0, 0.0, 0.0, 0.0, 0.0, 0.0, 0.0, 0.0, 0.0, 0.0, 0.0, 0.0, 0.0, 0.0, 0.0, 0.0, 0.0], [0.0, 0.0, 0.9738735578769977, 0.0, 0.0, 0.0, 0.0, 0.0, 0.0, 0.0, 0.0, 0.0, 0.0, 0.0, 0.0, 0.0, 0.0, 0.0, 0.0, 0.0, 0.0, 0.0, 0.0, 0.0, 0.0, 0.0, 0.0, 0.0, 0.0, 0.0, 0.0], [0.0, 0.0, 0.9758378323708917, 0.0, 0.0, 0.0, 0.0, 0.0, 0.0, 0.0, 0.0, 0.0, 0.0, 0.0, 0.0, 0.0, 0.0, 0.0, 0.0, 0.0, 0.0, 0.0, 0.0, 0.0, 0.0, 0.0, 0.0, 0.0, 0.0, 0.0, 0.0], [0.0, 0.0, 0.0, 0.9753921810829869, 0.0, 0.0, 0.0, 0.0, 0.0, 0.0, 0.0, 0.0, 0.0, 0.0, 0.0, 0.0, 0.0, 0.0, 0.0, 0.0, 0.0, 0.0, 0.0, 0.0, 0.0, 0.0, 0.0, 0.0, 0.0, 0.0, 0.0], [0.0, 0.0, 0.0, 0.9711612074770154, 0.0, 0.0, 0.0, 0.0, 0.0, 0.0, 0.0, 0.0, 0.0, 0.0, 0.0, 0.0, 0.0, 0.0, 0.0, 0.0, 0.0, 0.0, 0.0, 0.0, 0.0, 0.0, 0.0, 0.0, 0.0, 0.0, 0.0], [0.0, 0.0, 0.0, 0.0, 0.0, 0.9709703908768463, 0.0, 0.0, 0.0, 0.0, 0.0, 0.0, 0.0, 0.0, 0.0, 0.0, 0.0, 0.0, 0.0, 0.0, 0.0, 0.0, 0.0, 0.0, 0.0, 0.0, 0.0, 0.0, 0.0, 0.0, 0.0], [0.0, 0.0, 0.0, 0.0, 0.0, 0.9739234244962931, 0.0, 0.0, 0.0, 0.0, 0.0, 0.0, 0.0, 0.0, 0.0, 0.0, 0.0, 0.0, 0.0, 0.0, 0.0, 0.0, 0.0, 0.0, 0.0, 0.0, 0.0, 0.0, 0.0, 0.0, 0.0], [0.0, 0.0, 0.0, 0.0, 0.0, 0.0, 0.986866001301703, 0.0, 0.0, 0.0, 0.0, 0.0, 0.0, 0.0, 0.0, 0.0, 0.0, 0.0, 0.0, 0.0, 0.0, 0.0, 0.0, 0.0, 0.0, 0.0, 0.0, 0.0, 0.0, 0.0, 0.0], [0.0, 0.0, 0.0, 0.0, 0.0, 0.0, 0.9865972751960894, 0.0, 0.0, 0.0, 0.0, 0.0, 0.0, 0.0, 0.0, 0.0, 0.0, 0.0, 0.0, 0.0, 0.0, 0.0, 0.0, 0.0, 0.0, 0.0, 0.0, 0.0, 0.0, 0.0, 0.0], [0.0, 0.0, 0.0, 0.0, 0.0, 0.0, 0.9852553126880946, 0.0, 0.0, 0.0, 0.0, 0.0, 0.0, 0.0, 0.0, 0.0, 0.0, 0.0, 0.0, 0.0, 0.0, 0.0, 0.0, 0.0, 0.0, 0.0, 0.0, 0.0, 0.0, 0.0, 0.0], [0.0, 0.0, 0.0, 0.0, 0.0, 0.0, 0.0, 0.0, 0.0, 0.9091538532916671, 0.0, 0.0, 0.0, 0.0, 0.0, 0.0, 0.0, 0.0, 0.0, 0.0, 0.0, 0.0, 0.0, 0.0, 0.0, 0.0, 0.0, 0.0, 0.0, 0.0, 0.0], [0.0, 0.0, 0.0, 0.0, 0.0, 0.0, 0.0, 0.0, 0.0, 0.0, 0.0, 0.0, 0.9088849575509752, 0.0, 0.0, 0.0, 0.0, 0.0, 0.0, 0.0, 0.0, 0.0, 0.0, 0.0, 0.0, 0.0, 0.0, 0.0, 0.0, 0.0, 0.0]], "Born radii": [], "Atomic SASAs": [], "Solvent H bonds": [], "Total SASA": NaN, "Total FOD": 0.0, "FOD": [0.0, 0.0, 0.0, 0.0, 0.0, 0.0, 0.0, 0.0, 0.0, 0.0, 0.0, 0.0, 0.0, 0.0, 0.0, 0.0, 0.0, 0.0, 0.0, 0.0, 0.0, 0.0, 0.0, 0.0, 0.0, 0.0, 0.0, 0.0, 0.0, 0.0, 0.0], "FOD s proportion": [0.0, 0.0, 0.0, 0.0, 0.0, 0.0, 0.0, 0.0, 0.0, 0.0, 0.0, 0.0, 0.0, 0.0, 0.0, 0.0, 0.0, 0.0, 0.0, 0.0, 0.0, 0.0, 0.0, 0.0, 0.0, 0.0, 0.0, 0.0, 0.0, 0.0, 0.0], "FOD p proportion": [0.0, 0.0, 0.0, 0.0, 0.0, 0.0, 0.0, 0.0, 0.0, 0.0, 0.0, 0.0, 0.0, 0.0, 0.0, 0.0, 0.0, 0.0, 0.0, 0.0, 0.0, 0.0, 0.0, 0.0, 0.0, 0.0, 0.0, 0.0, 0.0, 0.0, 0.0], "FOD d proportion": [0.0, 0.0, 0.0, 0.0, 0.0, 0.0, 0.0, 0.0, 0.0, 0.0, 0.0, 0.0, 0.0, 0.0, 0.0, 0.0, 0.0, 0.0, 0.0, 0.0, 0.0, 0.0, 0.0, 0.0, 0.0, 0.0, 0.0, 0.0, 0.0, 0.0, 0.0], "coordinates": [["4.09870", "-0.68420", "-0.81720"], ["2.93690", "-0.82030", "0.15410"], ["1.67960", "-0.12600", "-0.37470"], ["0.51600", "-0.26270", "0.61670"], ["-0.84720", "0.33020", "0.14070"], ["-0.70150", "1.82240", "-0.24600"], ["-2.01000", "2.51480", "-0.62680"], ["-1.79010", "0.17080", "1.32840"], ["-1.96910", "1.03520", "2.18300"], ["-2.39660", "-1.04940", "1.45190"], ["-2.63750", "-1.89510", "0.41480"], ["-3.51650", "-2.74830", "0.47580"], ["-1.92150", "-1.69500", "-0.72310"], ["-1.33760", "-0.49990", "-1.03870"], ["-1.19490", "-0.17580", "-2.21490"], ["4.98570", "-1.18760", "-0.42010"], ["3.85630", "-1.13580", "-1.78450"], ["4.35080", "0.36820", "-0.98250"], ["2.73260", "-1.88410", "0.32210"], ["3.22300", "-0.38770", "1.11990"], ["1.90690", "0.93190", "-0.54500"], ["1.40720", "-0.56410", "-1.34110"], ["0.39220", "-1.32750", "0.85840"], ["0.80670", "0.22200", "1.55940"], ["-0.02250", "1.92800", "-1.10050"], ["-0.24860", "2.37850", "0.58480"], ["-2.49340", "2.02800", "-1.47850"], ["-2.72000", "2.53400", "0.20440"], ["-1.80880", "3.55340", "-0.91000"], ["-3.03060", "-1.14100", "2.23450"], ["-2.24610", "-2.23280", "-1.51620"]], "bond_dist": [[0.0, 1.520436167683471, 2.521792675855809, 3.8819416211478504, 5.138920760237504, 5.445294577890163, 6.898265640724485, 6.325550553113934, 6.983962574355622, 6.889928006880769, 6.954170924704108, 7.995225378311733, 6.105192829878513, 5.443931155883586, 5.498566795993297, 1.0944720051239316, 1.0947006942539133, 1.0947256551300877, 2.1456918954034383, 2.1464200777107916, 2.7367607294025538, 2.744643413997527, 4.11820500946711, 4.160131007552526, 4.887549198729359, 5.499522941128621, 7.158849693910328, 7.608886087332363, 7.270792381164518, 7.768426972045242, 6.5683521525569875], [1.520436167683471, 0.0, 1.5305179580782449, 2.526988984938399, 3.9551539312648756, 4.51463153092254, 6.017018898923286, 4.97049179659317, 5.623891131592076, 5.493905159356139, 5.683053306982085, 6.74292565953385, 5.013843883688442, 4.44935706029534, 4.806174413189767, 2.1592119789404647, 2.168641641673423, 2.1687565607969925, 1.0961901887902483, 1.096250705815052, 2.1493826206611053, 2.154354559955255, 2.688640626785216, 2.756630083997489, 4.22909238608002, 4.534890757228888, 6.345577494602048, 6.5768059261316205, 6.540889006090839, 6.327872383352876, 5.625704163924726], [2.521792675855809, 1.5305179580782449, 0.0, 1.53477223391616, 2.6188688092380645, 3.0793608849889615, 4.544285115394939, 3.8765265302845537, 4.6046961267818745, 4.561199574673312, 4.731847152011569, 5.882113799477192, 3.943483836660168, 3.111943612921031, 3.4134390766498237, 3.472657905697018, 2.7830298183813986, 2.783696089733935, 2.1645449521781712, 2.164347386627202, 1.0953628576868946, 1.0954735642634192, 2.149775946465119, 2.150302588009418, 2.764569776656035, 3.3031978051579047, 4.824108149699797, 5.173725637294657, 5.098378664830615, 5.479428225645447, 4.599211778120247], [3.8819416211478504, 2.526988984938399, 1.53477223391616, 0.0, 1.5609037926791005, 2.5640201929782065, 3.9549304039388606, 2.452047379232302, 3.2114735107112433, 3.1304464042688864, 3.556691667828405, 4.739105023102991, 3.1285705330070472, 2.496486723377475, 3.3094847000703904, 4.680663664481779, 4.20543328802158, 4.2025190647991115, 2.7620721713959613, 2.756208308528221, 2.170534233777482, 2.1721096289091855, 1.0988832376553934, 1.0991468828141213, 2.835123380031282, 2.749830578417514, 4.323616297730408, 4.2968847063890365, 4.7220892770044065, 3.9958802897484307, 4.007462143302168], [5.138920760237504, 3.9551539312648756, 2.6188688092380645, 1.5609037926791005, 0.0, 1.5483624317323124, 2.5910687466757802, 1.5248278788112448, 2.4344761038054985, 2.4542171786539186, 2.869192393339979, 4.088351348648988, 2.4498379477018473, 1.5233327049597536, 2.4342930493266417, 6.053175686364967, 5.289467202847561, 5.318103631934977, 4.213193383883536, 4.247439356836069, 2.901257346393112, 2.8421511377827886, 2.1907019286064453, 2.181697077964766, 2.1848735363860308, 2.1796971486883217, 2.866061395015815, 2.892779281244941, 3.523870498471815, 3.363876252182889, 3.357261952841929], [5.445294577890163, 4.51463153092254, 3.0793608849889615, 2.5640201929782065, 1.5483624317323124, 0.0, 1.5285936837498706, 2.528155034803048, 2.8507077366857514, 3.742120209186231, 4.243177923443701, 5.4163196665263404, 3.7534154006717673, 2.534970175366961, 2.8483001966084966, 6.436975582523209, 5.647253343883201, 5.308753637154393, 5.084675276750719, 4.706583162975026, 2.772389188047017, 3.3676760458808976, 3.5125132113630544, 2.845244551879504, 1.0965229637358263, 1.097540094939588, 2.1845441675553277, 2.187138991925296, 2.1594838017452225, 4.512131050845045, 4.521486950108338], [6.898265640724485, 6.017018898923286, 4.544285115394939, 3.9549304039388606, 2.5910687466757802, 1.5285936837498706, 0.0, 3.060310286555924, 3.1758250912164545, 4.144149477275163, 4.574484104246074, 5.584397068618957, 4.211831190824248, 3.116119294892287, 3.2288973319075973, 7.9177212087822335, 7.005756585837107, 6.72266247033123, 6.53781210956693, 6.233759390608527, 4.225443084458718, 4.654793823575862, 4.76861124123156, 4.239127406672274, 2.1257662571411746, 2.142214324011489, 1.0936373667720027, 1.0933261544479767, 1.09515918477635, 4.75326579206339, 4.835957126567605], [6.325550553113934, 4.97049179659317, 3.8765265302845537, 2.452047379232302, 1.5248278788112448, 2.528155034803048, 3.060310286555924, 0.0, 1.228645400430897, 1.3682041295069973, 2.412611558042446, 3.4969313018702555, 2.7761714374296123, 2.5015509489114947, 3.609621793207704, 7.128391715527422, 6.578691581918093, 6.564288109155478, 5.068537164705415, 5.048422140629683, 4.213871114545389, 4.22954318455315, 2.688537926085478, 2.6075568411829493, 3.480189191696337, 2.79340339013183, 3.4383877530028513, 2.7771935924598417, 4.056201056407337, 2.020068488937937, 3.751929919388154], [6.983962574355622, 5.623891131592076, 4.6046961267818745, 3.2114735107112433, 2.4344761038054985, 2.8507077366857514, 3.1758250912164545, 1.228645400430897, 0.0, 2.2500712477608347, 3.487111683040851, 4.429881584196129, 3.987690435577967, 3.6241792381172315, 4.626816513543626, 7.751529687100476, 7.374929315593472, 7.099747549032993, 5.838770777312636, 5.487506576761435, 4.740889250973914, 5.13580013143035, 3.593418169375782, 2.958924946665596, 3.920167808908185, 2.7053314732209803, 3.829768214918495, 2.5932817452023986, 3.991700931933654, 2.4218342098500463, 4.943746923134314], [6.889928006880769, 5.493905159356139, 4.561199574673312, 3.1304464042688864, 2.4542171786539186, 3.742120209186231, 4.144149477275163, 1.3682041295069973, 2.2500712477608347, 0.0, 1.35971236296505, 2.256813778316678, 2.3180043938698645, 2.761615398638992, 3.9563470638961897, 7.6172066093811575, 7.041342793104167, 7.31186022021756, 5.318069646967779, 5.668154465961562, 5.141329745309086, 4.7439708609982, 2.864783988366313, 3.448063964023869, 4.584321905145842, 4.137180781643461, 4.250529985778244, 3.8080965547107657, 5.206711850102711, 1.011340358138644, 3.1988597062078226], [6.954170924704108, 5.683053306982085, 4.731847152011569, 3.556691667828405, 2.869192393339979, 4.243177923443701, 4.574484104246074, 2.412611558042446, 3.487111683040851, 1.35971236296505, 0.0, 1.2265040725574456, 1.3592322906699943, 2.3977041727452537, 3.4572256709679805, 7.701350043985794, 6.8980356203777315, 7.477386647084662, 5.370911310010621, 6.092198373329615, 5.437344609273906, 4.6059031579050815, 3.1141664711444053, 4.201753825487638, 4.873443618223155, 4.898918265290819, 4.358447350834927, 4.434862029420983, 5.668155871180679, 2.008607106927584, 1.9989988119056], [7.995225378311733, 6.74292565953385, 5.882113799477192, 4.739105023102991, 4.088351348648988, 5.4163196665263404, 5.584397068618957, 3.4969313018702555, 4.429881584196129, 2.256813778316678, 1.2265040725574456, 0.0, 2.2562861299046273, 3.478019266766647, 4.387191504824014, 8.690559598783038, 7.8782797728945875, 8.586828310266835, 6.310445003325836, 7.169948215991521, 6.633187185659697, 5.684599980649474, 4.17648070628849, 5.356018044219044, 6.04653118572955, 6.0807178564705655, 5.261089601023727, 5.348903018376758, 6.674436591952912, 2.4315710538662034, 2.4182060313381073], [6.105192829878513, 5.013843883688442, 3.943483836660168, 3.1285705330070472, 2.4498379477018473, 3.7534154006717673, 4.211831190824248, 2.7761714374296123, 3.987690435577967, 2.3180043938698645, 1.3592322906699943, 2.2562861299046273, 0.0, 1.3670430059072758, 2.249751861872771, 6.932436483661426, 5.901037827365624, 6.608012552197521, 4.7737667161267945, 5.618857761146833, 4.646393201183042, 3.5694680976302338, 2.826553765630507, 4.040763602340528, 4.107890061820058, 4.593756531423928, 3.841669919449093, 4.4025333048143995, 5.252935889576419, 3.2069325795844232, 1.011731985260919], [5.443931155883586, 4.44935706029534, 3.111943612921031, 2.496486723377475, 1.5233327049597536, 2.534970175366961, 3.116119294892287, 2.5015509489114947, 3.6241792381172315, 2.761615398638992, 2.3977041727452537, 3.478019266766647, 1.3670430059072758, 0.0, 1.2283527750609757, 6.390596227270191, 5.285563703144633, 5.754533048823336, 4.5093585264425355, 5.046901540549409, 3.5805825196467684, 2.762153949366327, 2.6974280731837874, 3.4451829719189075, 2.7618844400155487, 3.4794913148332474, 2.8141741399565166, 3.558212554078241, 4.082625873136063, 3.7404674106319926, 2.0140310101882744], [5.498566795993297, 4.806174413189767, 3.4134390766498237, 3.3094847000703904, 2.4342930493266417, 2.8483001966084966, 3.2288973319075973, 3.609621793207704, 4.626816513543626, 3.9563470638961897, 3.4572256709679805, 4.387191504824014, 2.249751861872771, 1.2283527750609757, 0.0, 6.514972190270654, 5.159599364291766, 5.706972424149253, 4.977942761824407, 5.539280915425755, 3.6927941372353805, 2.772224330749588, 3.6456099887398814, 4.290686179389027, 2.653748963259336, 3.906181289955703, 2.661789182110409, 3.93979168738653, 3.9983208800695325, 4.909029017025669, 2.413390173593984], [1.0944720051239316, 2.1592119789404647, 3.472657905697018, 4.680663664481779, 6.053175686364967, 6.436975582523209, 7.9177212087822335, 7.128391715527422, 7.751529687100476, 7.6172066093811575, 7.701350043985794, 8.690559598783038, 6.932436483661426, 6.390596227270191, 6.514972190270654, 0.0, 1.7719523018411074, 1.771977824353341, 2.4723334524291007, 2.4735705569075646, 3.7399050389013886, 3.7473531325456904, 4.7701547679294425, 4.834194184142792, 5.937337345982624, 6.412861273253928, 8.209581641594168, 8.580100191722705, 8.299536930455819, 8.444533048665273, 7.3886947081335], [1.0947006942539133, 2.168641641673423, 2.7830298183813986, 4.20543328802158, 5.289467202847561, 5.647253343883201, 7.005756585837107, 6.578691581918093, 7.374929315593472, 7.041342793104167, 6.8980356203777315, 7.8782797728945875, 5.901037827365624, 5.285563703144633, 5.159599364291766, 1.7719523018411074, 0.0, 1.7747535744435055, 2.502082760421805, 3.0653322593154564, 3.1003070654372284, 2.5537296763753203, 4.361382591564285, 4.724970709962125, 4.989971530980913, 5.900346683882227, 7.100841959232722, 7.789151233606907, 7.405856122015874, 7.973818385817426, 6.206019630165538], [1.0947256551300877, 2.1687565607969925, 2.783696089733935, 4.2025190647991115, 5.318103631934977, 5.308753637154393, 6.72266247033123, 6.564288109155478, 7.099747549032993, 7.31186022021756, 7.477386647084662, 8.586828310266835, 6.608012552197521, 5.754533048823336, 5.706972424149253, 1.771977824353341, 1.7747535744435055, 0.0, 3.064866667572995, 2.5026792463278227, 2.545940130875036, 3.1084655716285483, 4.683462955976058, 4.3638600871247, 4.644637007345137, 5.258537414528872, 7.060030147244414, 7.489701855881848, 6.934798299157662, 8.192181614197771, 7.111197248002617], [2.1456918954034383, 1.0961901887902483, 2.1645449521781712, 2.7620721713959613, 4.213193383883536, 5.084675276750719, 6.53781210956693, 5.068537164705415, 5.838770777312636, 5.318069646967779, 5.370911310010621, 6.310445003325836, 4.7737667161267945, 4.5093585264425355, 4.977942761824407, 2.4723334524291007, 2.502082760421805, 3.064866667572995, 0.0, 1.7652733386079336, 3.059983480347565, 2.5030620048252903, 2.464729885808991, 3.110572183698684, 4.913906102073991, 5.208293721556034, 6.7718359969804345, 7.018853728351945, 7.190882464621432, 6.117511390263201, 5.31868332108615], [2.1464200777107916, 1.096250705815052, 2.164347386627202, 2.756208308528221, 4.247439356836069, 4.706583162975026, 6.233759390608527, 5.048422140629683, 5.487506576761435, 5.668154465961562, 6.092198373329615, 7.169948215991521, 5.618857761146833, 5.046901540549409, 5.539280915425755, 2.4735705569075646, 3.0653322593154564, 2.5026792463278227, 1.7652733386079336, 0.0, 2.499070903355885, 3.0634568056364038, 2.99416681732999, 2.5304940288410083, 4.563541705736894, 4.471040260386838, 6.727891052179725, 6.685336202465812, 6.706099794962792, 6.39666374057602, 6.345429223464714], [2.7367607294025538, 2.1493826206611053, 1.0953628576868946, 2.170534233777482, 2.901257346393112, 2.772389188047017, 4.225443084458718, 4.213871114545389, 4.740889250973914, 5.141329745309086, 5.437344609273906, 6.633187185659697, 4.646393201183042, 3.5805825196467684, 3.6927941372353805, 3.7399050389013886, 3.1003070654372284, 2.545940130875036, 3.059983480347565, 2.499070903355885, 0.0, 1.7667742640190343, 3.060839102272447, 2.4784869194732497, 2.2412897670760916, 2.8311269575912696, 4.629848545039027, 4.953436017553876, 4.5620076435709755, 6.033360664671059, 5.310928782237623], [2.744643413997527, 2.154354559955255, 1.0954735642634192, 2.1721096289091855, 2.8421511377827886, 3.3676760458808976, 4.654793823575862, 4.22954318455315, 5.13580013143035, 4.7439708609982, 4.6059031579050815, 5.684599980649474, 3.5694680976302338, 2.762153949366327, 2.772224330749588, 3.7473531325456904, 2.5537296763753203, 3.1084655716285483, 2.5030620048252903, 3.0634568056364038, 1.7667742640190343, 0.0, 2.5398434617117647, 3.064547880193749, 2.8831394104343966, 3.887114509504447, 4.685353938604853, 5.387074688548507, 5.242357242691497, 5.728158326198744, 4.0201766864156605], [4.11820500946711, 2.688640626785216, 2.149775946465119, 1.0988832376553934, 2.1907019286064453, 3.5125132113630544, 4.76861124123156, 2.688537926085478, 3.593418169375782, 2.864783988366313, 3.1141664711444053, 4.17648070628849, 2.826553765630507, 2.6974280731837874, 3.6456099887398814, 4.7701547679294425, 4.361382591564285, 4.683462955976058, 2.464729885808991, 2.99416681732999, 3.060839102272447, 2.5398434617117647, 0.0, 1.750474649916416, 3.8219818877121847, 3.770930601323763, 5.004714699161182, 5.002468099848314, 5.638689951575632, 3.6937776462586376, 3.663184426151651], [4.160131007552526, 2.756630083997489, 2.150302588009418, 1.0991468828141213, 2.181697077964766, 2.845244551879504, 4.239127406672274, 2.6075568411829493, 2.958924946665596, 3.448063964023869, 4.201753825487638, 5.356018044219044, 4.040763602340528, 3.4451829719189075, 4.290686179389027, 4.834194184142792, 4.724970709962125, 4.3638600871247, 3.110572183698684, 2.5304940288410083, 2.4784869194732497, 3.064547880193749, 1.750474649916416, 0.0, 3.266967500603579, 2.591137877458473, 4.835404059641758, 4.429331991395542, 4.902754590023857, 4.1277597192666144, 4.980456428882799], [4.887549198729359, 4.22909238608002, 2.764569776656035, 2.835123380031282, 2.1848735363860308, 1.0965229637358263, 2.1257662571411746, 3.480189191696337, 3.920167808908185, 4.584321905145842, 4.873443618223155, 6.04653118572955, 4.107890061820058, 2.7618844400155487, 2.653748963259336, 5.937337345982624, 4.989971530980913, 4.644637007345137, 4.913906102073991, 4.563541705736894, 2.2412897670760916, 2.8831394104343966, 3.8219818877121847, 3.266967500603579, 0.0, 1.7590643962061197, 2.501645620386708, 3.0572056293288488, 2.422619057961858, 5.439637084401863, 4.73597509389566], [5.499522941128621, 4.534890757228888, 3.3031978051579047, 2.749830578417514, 2.1796971486883217, 1.097540094939588, 2.142214324011489, 2.79340339013183, 2.7053314732209803, 4.137180781643461, 4.898918265290819, 6.0807178564705655, 4.593756531423928, 3.4794913148332474, 3.906181289955703, 6.412861273253928, 5.900346683882227, 5.258537414528872, 5.208293721556034, 4.471040260386838, 2.8311269575912696, 3.887114509504447, 3.770930601323763, 2.591137877458473, 1.7590643962061197, 0.0, 3.0690689435071343, 2.5053347820201592, 2.459479841348573, 4.779949198474813, 5.446861017136384], [7.158849693910328, 6.345577494602048, 4.824108149699797, 4.323616297730408, 2.866061395015815, 2.1845441675553277, 1.0936373667720027, 3.4383877530028513, 3.829768214918495, 4.250529985778244, 4.358447350834927, 5.261089601023727, 3.841669919449093, 2.8141741399565166, 2.661789182110409, 8.209581641594168, 7.100841959232722, 7.060030147244414, 6.7718359969804345, 6.727891052179725, 4.629848545039027, 4.685353938604853, 5.004714699161182, 4.835404059641758, 2.501645620386708, 3.0690689435071343, 0.0, 1.771873576189904, 1.7659882700629694, 4.910958545945995, 4.268137207260328], [7.608886087332363, 6.5768059261316205, 5.173725637294657, 4.2968847063890365, 2.892779281244941, 2.187138991925296, 1.0933261544479767, 2.7771935924598417, 2.5932817452023986, 3.8080965547107657, 4.434862029420983, 5.348903018376758, 4.4025333048143995, 3.558212554078241, 3.93979168738653, 8.580100191722705, 7.789151233606907, 7.489701855881848, 7.018853728351945, 6.685336202465812, 4.953436017553876, 5.387074688548507, 5.002468099848314, 4.429331991395542, 3.0572056293288488, 2.5053347820201592, 1.771873576189904, 0.0, 1.7639016866027428, 4.209917264032632, 5.089933969119835], [7.270792381164518, 6.540889006090839, 5.098378664830615, 4.7220892770044065, 3.523870498471815, 2.1594838017452225, 1.09515918477635, 4.056201056407337, 3.991700931933654, 5.206711850102711, 5.668155871180679, 6.674436591952912, 5.252935889576419, 4.082625873136063, 3.9983208800695325, 8.299536930455819, 7.405856122015874, 6.934798299157662, 7.190882464621432, 6.706099794962792, 4.5620076435709755, 5.242357242691497, 5.638689951575632, 4.902754590023857, 2.422619057961858, 2.459479841348573, 1.7659882700629694, 1.7639016866027428, 0.0, 5.78083617221592, 5.834279747321], [7.768426972045242, 6.327872383352876, 5.479428225645447, 3.9958802897484307, 3.363876252182889, 4.512131050845045, 4.75326579206339, 2.020068488937937, 2.4218342098500463, 1.011340358138644, 2.008607106927584, 2.4315710538662034, 3.2069325795844232, 3.7404674106319926, 4.909029017025669, 8.444533048665273, 7.973818385817426, 8.192181614197771, 6.117511390263201, 6.39666374057602, 6.033360664671059, 5.728158326198744, 3.6937776462586376, 4.1277597192666144, 5.439637084401863, 4.779949198474813, 4.910958545945995, 4.209917264032632, 5.78083617221592, 0.0, 3.984371717096687], [6.5683521525569875, 5.625704163924726, 4.599211778120247, 4.007462143302168, 3.357261952841929, 4.521486950108338, 4.835957126567605, 3.751929919388154, 4.943746923134314, 3.1988597062078226, 1.9989988119056, 2.4182060313381073, 1.011731985260919, 2.0140310101882744, 2.413390173593984, 7.3886947081335, 6.206019630165538, 7.111197248002617, 5.31868332108615, 6.345429223464714, 5.310928782237623, 4.0201766864156605, 3.663184426151651, 4.980456428882799, 4.73597509389566, 5.446861017136384, 4.268137207260328, 5.089933969119835, 5.834279747321, 3.984371717096687, 0.0]]}