{"total energy": -33.21741163, "HOMO-LUMO gap/eV": 3.22730876, "electronic energy": -33.81967892, "dipole": [-0.0490261, 0.65958845, 0.16005449], "partial charges": [-0.03162571, -0.04129507, -0.03504644, -0.01434459, 0.05668006, -0.05620909, -0.12578004, 0.05666426, -0.05621742, -0.03164388, -0.04130533, -0.03504037, -0.01432932, 0.02828091, 0.02786896, 0.02955748, 0.02391176, 0.15018894, 0.02394825, 0.02830061, 0.02787433, 0.02956169], "atomic dipole moments": [[-0.00247822, -0.00507336, -0.00133476], [0.00831027, 0.01291645, 0.00349591], [-0.01078969, 0.00518659, 0.00086505], [-0.03683198, 0.03423228, 0.00698937], [-0.12310659, 0.07240147, 0.01303125], [-0.0228618, 0.00598761, 0.00058978], [0.00218864, -0.02933245, -0.00710371], [0.11132325, 0.08669618, 0.02558848], [0.02175965, 0.00877171, 0.00299221], [0.00316809, -0.00471197, -0.00105996], [-0.01014973, 0.01175884, 0.00251109], [0.0099751, 0.00646586, 0.00198762], [0.03142887, 0.03837419, 0.0106154], [0.14348617, 0.04208423, 0.01585992], [0.11295557, -0.09883874, -0.01992436], [-0.02746776, -0.14541015, -0.03676638], [0.03805458, 0.14522419, 0.03711551], [-0.01078747, 0.14573582, 0.03536934], [-0.05909363, 0.13926513, 0.03191741], [-0.14838675, 0.02424702, 0.00025453], [-0.09737438, -0.1116832, -0.0311907], [0.04864343, -0.14075826, -0.03269987]], "atomic quadrupole moments": [[-0.25385454, 0.01452265, -0.22336218, -0.02638012, -0.18270683, 0.47721672], [-0.26280384, 0.00283417, -0.19482726, -0.02871313, -0.17066888, 0.4576311], [-0.29951824, -0.0111998, -0.19144128, -0.03498008, -0.17911993, 0.49095952], [-0.1866494, -0.00902425, -0.10173485, -0.02157122, -0.10252704, 0.28838425], [-0.11023663, -0.12602141, -0.15837108, -0.04673524, -0.11718738, 0.26860771], [-0.22507557, 0.02850201, -0.20745559, -0.01995636, -0.16621506, 0.43253116], [-0.02908817, -0.00281798, 0.01599824, -0.00231778, 0.00062171, 0.01308993], [-0.14964105, 0.13903632, -0.12587024, 0.01683666, -0.09900324, 0.27551129], [-0.21903499, -0.01217569, -0.21244879, -0.0297276, -0.16905984, 0.43148378], [-0.25190336, 0.00142539, -0.22500171, -0.02950649, -0.18362033, 0.47690507], [-0.2634336, 0.00689679, -0.19434335, -0.02779852, -0.17037796, 0.45777694], [-0.30364905, 0.01644673, -0.18804057, -0.02833144, -0.17722461, 0.49168962], [-0.18934601, 0.00918015, -0.09954173, -0.01718485, -0.10127499, 0.28888774], [0.03017457, -0.00289444, 0.03365603, 0.00315941, 0.02538413, -0.0638306], [0.03366547, 0.00500959, 0.02943469, 0.00520235, 0.02443231, -0.06310015], [0.03158387, 0.00201379, 0.02644691, 0.00416577, 0.0221962, -0.05803078], [0.0241262, -0.0061914, 0.02975348, 0.00169523, 0.02161488, -0.05387968], [0.01272902, -0.00143595, 0.02281918, 0.00165743, 0.0152073, -0.0355482], [0.02273973, 0.00297055, 0.03092649, 0.0038927, 0.0222622, -0.05366622], [0.02982196, -0.0003058, 0.03395308, 0.00379338, 0.0255568, -0.06377504], [0.03542724, -0.00685136, 0.02797657, 0.00235124, 0.02361108, -0.06340381], [0.03243146, -0.00364772, 0.0257563, 0.00281181, 0.02180222, -0.05818776]], "number of molecular orbitals": 61, "number of electrons": 62, "number of unpaired electrons": 0, "orbital energies/eV": [-18.33681309, -17.54206657, -17.26703609, -16.94705625, -16.803926, -16.38397669, -16.37641836, -15.9185277, -15.61593698, -15.47823544, -15.10301789, -14.61092915, -14.31758023, -14.16776386, -14.04868148, -13.42764144, -13.39053856, -13.03351471, -13.00856697, -12.83733505, -12.83671322, -12.60267857, -12.18014937, -11.87046571, -11.77449082, -11.34698976, -11.33868754, -11.33860761, -10.86104806, -10.22345951, -9.88645171, -6.65914294, -6.03306319, -5.20596426, -5.01565994, -2.52772675, -1.61916357, 0.38225708, 2.67237207, 3.36595465, 3.6124339, 3.71616616, 3.87324362, 4.09014506, 4.40172887, 5.05017406, 5.4275573, 5.95644061, 6.37674438, 8.7595634, 9.63151764, 10.62050592, 10.78028908, 11.56608639, 11.8445475, 13.70474864, 13.75416432, 16.00254757, 17.29864249, 17.72506247, 19.84484285], "fractional occupation": [2.0, 2.0, 2.0, 2.0, 2.0, 2.0, 2.0, 2.0, 2.0, 2.0, 2.0, 2.0, 2.0, 2.0, 2.0, 2.0, 2.0, 2.0, 2.0, 2.0, 2.0, 2.0, 2.0, 2.0, 2.0, 2.0, 2.0, 2.0, 2.0, 2.0, 2.0, 0.0, 0.0, 0.0, 0.0, 0.0, 0.0, 0.0, 0.0, 0.0, 0.0, 0.0, 0.0, 0.0, 0.0, 0.0, 0.0, 0.0, 0.0, 0.0, 0.0, 0.0, 0.0, 0.0, 0.0, 0.0, 0.0, 0.0, 0.0, 0.0, 0.0], "program call": "xtb /home/svss/Project-DBcg-Debug/aqme2_20220329/End-to-End-workflows-final/example-3/QDESCP/mol_802_rdkit_conf_1/mol_802_rdkit_conf_1.xyz --pop --wbo --acc 0.2 --gfn 2 --chrg 0 --uhf 0 --etemp 300 --input /home/svss/Project-DBcg-Debug/aqme2_20220329/End-to-End-workflows-final/example-3/QDESCP/mol_802_rdkit_conf_1/mol_802_rdkit_conf_1_xtb.inp", "method": "GFN2-xTB", "xtb version": "6.3.3 (7355c4f)", "Dipole module/D": 1.73, "Total charge": 0, "Transition dipole module/D": NaN, "HOMO": -9.8865, "LUMO": -6.6591, "HOMO occupancy": 2.0, "LUMO occupancy": 0, "mulliken charges": [-0.02649, -0.0469, -0.03246, -0.03041, 0.12812, -0.07302, -0.29808, 0.1281, -0.07301, -0.0265, -0.0469, -0.03245, -0.03039, 0.02788, 0.02817, 0.02961, 0.03002, 0.22899, 0.03004, 0.0279, 0.02817, 0.02962], "cm5 charges": [-0.08131, -0.10196, -0.08428, -0.02644, 0.18927, -0.12156, -0.64935, 0.18924, -0.12158, -0.08133, -0.10197, -0.08428, -0.02643, 0.08325, 0.08354, 0.08568, 0.08726, 0.42244, 0.0873, 0.08328, 0.08355, 0.08569], "FUKUI+": [-0.049, -0.018, -0.044, -0.037, -0.019, -0.038, -0.028, -0.019, -0.038, -0.049, -0.018, -0.044, -0.037, -0.071, -0.064, -0.061, -0.065, -0.042, -0.065, -0.071, -0.064, -0.061], "FUKUI-": [-0.021, -0.046, -0.03, -0.026, -0.02, -0.043, -0.081, -0.02, -0.043, -0.021, -0.046, -0.03, -0.026, -0.062, -0.067, -0.055, -0.061, -0.056, -0.061, -0.062, -0.067, -0.055], "FUKUIrad": [-0.035, -0.032, -0.037, -0.031, -0.019, -0.041, -0.055, -0.019, -0.041, -0.035, -0.032, -0.037, -0.031, -0.067, -0.065, -0.058, -0.063, -0.049, -0.063, -0.067, -0.065, -0.058], "s proportion": [1.058, 1.055, 1.062, 1.07, 1.038, 1.054, 1.415, 1.038, 1.054, 1.058, 1.055, 1.062, 1.07, 0.972, 0.972, 0.97, 0.97, 0.771, 0.97, 0.972, 0.972, 0.97], "p proportion": [2.969, 2.992, 2.97, 2.96, 2.834, 3.019, 3.883, 2.834, 3.019, 2.969, 2.992, 2.97, 2.96, 0.0, 0.0, 0.0, 0.0, 0.0, 0.0, 0.0, 0.0, 0.0], "d proportion": [0.0, 0.0, 0.0, 0.0, 0.0, 0.0, 0.0, 0.0, 0.0, 0.0, 0.0, 0.0, 0.0, 0.0, 0.0, 0.0, 0.0, 0.0, 0.0, 0.0, 0.0, 0.0], "Fermi-level/eV": -8.2728, "Coordination numbers": [2.915, 2.908, 2.912, 3.086, 3.048, 2.905, 2.797, 3.048, 2.905, 2.915, 2.908, 2.912, 3.086, 0.925, 0.925, 0.925, 0.925, 0.86, 0.925, 0.925, 0.925, 0.925], "Dispersion coefficient C6": [28.789, 29.026, 28.872, 28.27, 26.685, 29.396, 23.727, 26.685, 29.396, 28.789, 29.026, 28.872, 28.27, 2.611, 2.617, 2.593, 2.675, 1.4, 2.674, 2.611, 2.617, 2.593], "Total dispersion C6": 6895.108226, "Total dispersion C8": 173392.820772, "Polarizability alpha": [8.798, 8.834, 8.811, 8.716, 8.472, 8.89, 7.234, 8.472, 8.89, 8.798, 8.834, 8.811, 8.716, 2.527, 2.53, 2.518, 2.557, 1.853, 2.557, 2.527, 2.53, 2.518], "Total polarizability alpha": 134.394902, "Wiberg matrix": [[0.0, 1.4042282205147447, 0.0, 0.0, 0.0, 1.4660995337477793, 0.0, 0.0, 0.0, 0.0, 0.0, 0.0, 0.0, 0.9715588099057119, 0.0, 0.0, 0.0, 0.0, 0.0, 0.0, 0.0, 0.0], [1.4042282205147447, 0.0, 1.4727271193174012, 0.0, 0.0, 0.0, 0.0, 0.0, 0.0, 0.0, 0.0, 0.0, 0.0, 0.0, 0.9714187529432406, 0.0, 0.0, 0.0, 0.0, 0.0, 0.0, 0.0], [0.0, 1.4727271193174012, 0.0, 1.3501611751857534, 0.0, 0.11696434277794217, 0.0, 0.0, 0.0, 0.0, 0.0, 0.0, 0.0, 0.0, 0.0, 0.9714118044691747, 0.0, 0.0, 0.0, 0.0, 0.0, 0.0], [0.0, 0.0, 1.3501611751857534, 0.0, 1.2773134264584423, 0.0, 0.0, 0.0, 0.0, 0.0, 0.0, 0.0, 1.1509362263251421, 0.0, 0.0, 0.0, 0.0, 0.0, 0.0, 0.0, 0.0, 0.0], [0.0, 0.0, 0.0, 1.2773134264584423, 0.0, 1.3451088093923231, 1.1517249811250536, 0.0, 0.0, 0.0, 0.0, 0.0, 0.0, 0.0, 0.0, 0.0, 0.0, 0.0, 0.0, 0.0, 0.0, 0.0], [1.4660995337477793, 0.0, 0.11696434277794217, 0.0, 1.3451088093923231, 0.0, 0.0, 0.0, 0.0, 0.0, 0.0, 0.0, 0.0, 0.0, 0.0, 0.0, 0.9701343460161101, 0.0, 0.0, 0.0, 0.0, 0.0], [0.0, 0.0, 0.0, 0.0, 1.1517249811250536, 0.0, 0.0, 1.1516603803496408, 0.0, 0.0, 0.0, 0.0, 0.0, 0.0, 0.0, 0.0, 0.0, 0.9480807713120472, 0.0, 0.0, 0.0, 0.0], [0.0, 0.0, 0.0, 0.0, 0.0, 0.0, 1.1516603803496408, 0.0, 1.3450309639248361, 0.0, 0.0, 0.0, 1.277408502522026, 0.0, 0.0, 0.0, 0.0, 0.0, 0.0, 0.0, 0.0, 0.0], [0.0, 0.0, 0.0, 0.0, 0.0, 0.0, 0.0, 1.3450309639248361, 0.0, 1.4662131781963093, 0.0, 0.11694890806710712, 0.0, 0.0, 0.0, 0.0, 0.0, 0.0, 0.9701470344015087, 0.0, 0.0, 0.0], [0.0, 0.0, 0.0, 0.0, 0.0, 0.0, 0.0, 0.0, 1.4662131781963093, 0.0, 1.4041040021452351, 0.0, 0.0, 0.0, 0.0, 0.0, 0.0, 0.0, 0.0, 0.9715690717004999, 0.0, 0.0], [0.0, 0.0, 0.0, 0.0, 0.0, 0.0, 0.0, 0.0, 0.0, 1.4041040021452351, 0.0, 1.4728272986112525, 0.0, 0.0, 0.0, 0.0, 0.0, 0.0, 0.0, 0.0, 0.9714250871839393, 0.0], [0.0, 0.0, 0.0, 0.0, 0.0, 0.0, 0.0, 0.0, 0.11694890806710712, 0.0, 1.4728272986112525, 0.0, 1.3500995499529111, 0.0, 0.0, 0.0, 0.0, 0.0, 0.0, 0.0, 0.0, 0.9714096979957481], [0.0, 0.0, 0.0, 1.1509362263251421, 0.0, 0.0, 0.0, 1.277408502522026, 0.0, 0.0, 0.0, 1.3500995499529111, 0.0, 0.0, 0.0, 0.0, 0.0, 0.0, 0.0, 0.0, 0.0, 0.0], [0.9715588099057119, 0.0, 0.0, 0.0, 0.0, 0.0, 0.0, 0.0, 0.0, 0.0, 0.0, 0.0, 0.0, 0.0, 0.0, 0.0, 0.0, 0.0, 0.0, 0.0, 0.0, 0.0], [0.0, 0.9714187529432406, 0.0, 0.0, 0.0, 0.0, 0.0, 0.0, 0.0, 0.0, 0.0, 0.0, 0.0, 0.0, 0.0, 0.0, 0.0, 0.0, 0.0, 0.0, 0.0, 0.0], [0.0, 0.0, 0.9714118044691747, 0.0, 0.0, 0.0, 0.0, 0.0, 0.0, 0.0, 0.0, 0.0, 0.0, 0.0, 0.0, 0.0, 0.0, 0.0, 0.0, 0.0, 0.0, 0.0], [0.0, 0.0, 0.0, 0.0, 0.0, 0.9701343460161101, 0.0, 0.0, 0.0, 0.0, 0.0, 0.0, 0.0, 0.0, 0.0, 0.0, 0.0, 0.0, 0.0, 0.0, 0.0, 0.0], [0.0, 0.0, 0.0, 0.0, 0.0, 0.0, 0.9480807713120472, 0.0, 0.0, 0.0, 0.0, 0.0, 0.0, 0.0, 0.0, 0.0, 0.0, 0.0, 0.0, 0.0, 0.0, 0.0], [0.0, 0.0, 0.0, 0.0, 0.0, 0.0, 0.0, 0.0, 0.9701470344015087, 0.0, 0.0, 0.0, 0.0, 0.0, 0.0, 0.0, 0.0, 0.0, 0.0, 0.0, 0.0, 0.0], [0.0, 0.0, 0.0, 0.0, 0.0, 0.0, 0.0, 0.0, 0.0, 0.9715690717004999, 0.0, 0.0, 0.0, 0.0, 0.0, 0.0, 0.0, 0.0, 0.0, 0.0, 0.0, 0.0], [0.0, 0.0, 0.0, 0.0, 0.0, 0.0, 0.0, 0.0, 0.0, 0.0, 0.9714250871839393, 0.0, 0.0, 0.0, 0.0, 0.0, 0.0, 0.0, 0.0, 0.0, 0.0, 0.0], [0.0, 0.0, 0.0, 0.0, 0.0, 0.0, 0.0, 0.0, 0.0, 0.0, 0.0, 0.9714096979957481, 0.0, 0.0, 0.0, 0.0, 0.0, 0.0, 0.0, 0.0, 0.0, 0.0]], "Born radii": [], "Atomic SASAs": [], "Solvent H bonds": [], "Total SASA": NaN, "Total FOD": 0.0, "FOD": [0.0, 0.0, 0.0, 0.0, 0.0, 0.0, 0.0, 0.0, 0.0, 0.0, 0.0, 0.0, 0.0, 0.0, 0.0, 0.0, 0.0, 0.0, 0.0, 0.0, 0.0, 0.0], "FOD s proportion": [0.0, 0.0, 0.0, 0.0, 0.0, 0.0, 0.0, 0.0, 0.0, 0.0, 0.0, 0.0, 0.0, 0.0, 0.0, 0.0, 0.0, 0.0, 0.0, 0.0, 0.0, 0.0], "FOD p proportion": [0.0, 0.0, 0.0, 0.0, 0.0, 0.0, 0.0, 0.0, 0.0, 0.0, 0.0, 0.0, 0.0, 0.0, 0.0, 0.0, 0.0, 0.0, 0.0, 0.0, 0.0, 0.0], "FOD d proportion": [0.0, 0.0, 0.0, 0.0, 0.0, 0.0, 0.0, 0.0, 0.0, 0.0, 0.0, 0.0, 0.0, 0.0, 0.0, 0.0, 0.0, 0.0, 0.0, 0.0, 0.0, 0.0], "coordinates": [["3.40780", "0.44110", "0.26170"], ["3.12040", "-0.87980", "-0.07370"], ["1.79560", "-1.30390", "-0.22890"], ["0.74500", "-0.38130", "-0.04290"], ["1.06610", "0.93350", "0.29230"], ["2.38510", "1.37520", "0.45160"], ["-0.11980", "1.61860", "0.41470"], ["-1.19410", "0.79550", "0.17120"], ["-2.56640", "1.07300", "0.18640"], ["-3.44220", "0.02300", "-0.10520"], ["-2.96260", "-1.25120", "-0.39950"], ["-1.58720", "-1.51040", "-0.41010"], ["-0.68210", "-0.46840", "-0.11940"], ["4.44370", "0.75180", "0.37790"], ["3.93090", "-1.59010", "-0.21690"], ["1.58000", "-2.33540", "-0.49050"], ["2.61310", "2.40340", "0.71280"], ["-0.19220", "2.59640", "0.65200"], ["-2.94380", "2.06410", "0.41520"], ["-4.51450", "0.20490", "-0.10180"], ["-3.66110", "-2.05360", "-0.62350"], ["-1.22150", "-2.50640", "-0.64060"]], "bond_dist": [[0.0, 1.392791703737497, 2.4258817366063004, 2.8035025878354385, 2.393105306918189, 1.39804152656493, 3.722079661963188, 4.616413458519502, 6.007997448401588, 6.872548524383076, 6.624429099175265, 5.404599197905428, 4.207102265217712, 1.0877158360527808, 2.1513867643917495, 3.4081681193861315, 2.1646386742364183, 4.2139829354186995, 6.557477701830178, 7.934151497167167, 7.548274924775859, 5.561683201154126], [1.392791703737497, 0.0, 1.39965813325969, 2.427339294371514, 2.7644459444886964, 2.4293273101828006, 4.120610775115748, 4.634815675946563, 6.018369720281399, 6.624481779731906, 6.103029788555846, 4.761545870828087, 3.824963359301629, 2.1487633676140327, 1.0871718263457713, 2.159936517585644, 3.4139914733344017, 4.8563284166126985, 6.758704909966109, 7.711618618033441, 6.904261635395923, 4.671113227058407], [2.4258817366063004, 1.39965813325969, 0.0, 1.41051306977284, 2.4103482009867374, 2.8263346068715927, 3.5530246790586753, 3.675032851553847, 4.984894351939667, 5.40467521133324, 4.761549001112979, 3.3939374670137927, 2.617068548968483, 3.4068375863841815, 2.1544281213352185, 1.0857762983230015, 3.911416422474089, 4.465386180387986, 5.849803515503747, 6.489221360070868, 5.522076977007836, 3.27389608112414], [2.8035025878354385, 2.427339294371514, 1.41051306977284, 0.0, 1.3943325607615997, 2.453517986483898, 2.226404457864743, 2.2783340097536184, 3.623939422782892, 4.207134846899966, 3.8249427878074203, 2.617032573354791, 1.4318006390555915, 3.8911913265733924, 3.4119543153447993, 2.171653188241622, 3.4373586065466024, 3.1981130592898053, 4.449391217908356, 5.292394533668101, 4.748410350843742, 2.9564197181726413], [2.393105306918189, 2.7644459444886964, 2.4103482009867374, 1.3943325607615997, 0.0, 1.4000844188833756, 1.375028210619695, 2.2676448685806165, 3.636719855859123, 4.616468930903792, 4.634859762711274, 3.67505290574163, 2.2783818248923953, 3.383566758614347, 3.851612732349918, 3.4003788406587874, 2.1750023586194107, 2.1161142195070664, 4.168052156583456, 5.641743447729612, 5.666381198789929, 4.235130243569849], [1.39804152656493, 2.4293273101828006, 2.8263346068715927, 2.453517986483898, 1.4000844188833756, 0.0, 2.516968251686938, 3.63666727787957, 4.967797110390077, 6.007986049417892, 6.018325635922337, 4.984815095868652, 3.6238953903224087, 2.1521833588242427, 3.410189727859727, 3.9120698843451147, 1.0850827986840452, 2.8590146711760682, 5.373367973626969, 7.019995285610952, 7.033423340735292, 5.409924487458213], [3.722079661963188, 4.120610775115748, 3.5530246790586753, 2.226404457864743, 1.375028210619695, 2.516968251686938, 0.0, 1.375102305284956, 2.517072070879179, 3.722173710347221, 4.1207020663959675, 3.55305485462862, 2.226435065300581, 4.645237209228394, 5.2060392564789595, 4.398047644125743, 2.858936351162789, 1.0087843624878412, 2.858924010882416, 4.64528879941818, 5.206123103615588, 4.398070711118684], [4.616413458519502, 4.634815675946563, 3.675032851553847, 2.2783340097536184, 2.2676448685806165, 3.63666727787957, 1.375102305284956, 0.0, 1.4001587695686513, 2.3931374427725625, 2.7644658851213917, 2.4103136953517064, 1.3942867603186941, 5.641757121677607, 5.66633337970861, 4.235092975366657, 4.168146447763082, 2.116178881852855, 2.1749326541297775, 3.383547475653327, 3.851624060055706, 3.400340219742725], [6.007997448401588, 6.018369720281399, 4.984894351939667, 3.623939422782892, 3.636719855859123, 4.967797110390077, 2.517072070879179, 1.4001587695686513, 0.0, 1.3980544338472665, 2.4294359201263163, 2.826411231579722, 2.4535717006030207, 7.020067214777932, 7.03346712439889, 5.409992341029698, 5.37347944724831, 2.8590831677305224, 1.0849236885606286, 2.1521501945728603, 3.4102688545039963, 3.912133608403476], [6.872548524383076, 6.624481779731906, 5.40467521133324, 4.207134846899966, 4.616468930903792, 6.007986049417892, 3.722173710347221, 2.3931374427725625, 1.3980544338472665, 0.0, 1.392915751221157, 2.425964667920784, 2.803538408868336, 7.934226733589102, 7.5483224699266795, 5.561744284844458, 6.557597597443747, 4.214052610018057, 2.1645572133810647, 1.087624227387382, 2.1514691863933355, 3.4082291604292108], [6.624429099175265, 6.103029788555846, 4.761549001112979, 3.8249427878074203, 4.634859762711274, 6.018325635922337, 4.1207020663959675, 2.7644658851213917, 2.4294359201263163, 1.392915751221157, 0.0, 1.3996507278603474, 2.4273261214760575, 7.711656077004472, 6.90424059690854, 4.671079682471709, 6.758827038769375, 4.856417833135859, 3.4139864703891254, 2.14877781773733, 1.0871632858039306, 2.1598808902344593], [5.404599197905428, 4.761545870828087, 3.3939374670137927, 2.617032573354791, 3.67505290574163, 4.984815095868652, 3.55305485462862, 2.4103136953517064, 2.826411231579722, 2.425964667920784, 1.3996507278603474, 0.0, 1.410488036106652, 6.48924091477578, 5.522056314453883, 3.273873088560398, 5.849893583647484, 4.4654101323394695, 3.9113340307368274, 3.406814974429929, 2.154452833087789, 1.0857636667341564], [4.207102265217712, 3.824963359301629, 2.617068548968483, 1.4318006390555915, 2.2783818248923953, 3.6238953903224087, 2.226435065300581, 1.3942867603186941, 2.4535717006030207, 2.803538408868336, 2.4273261214760575, 1.410488036106652, 0.0, 5.292449430084335, 4.748419330682579, 2.956433767226995, 4.449509537016412, 3.1981336760679655, 3.4372431249476665, 3.891135105595795, 3.4119520585729215, 2.171645873525424], [1.0877158360527808, 2.1487633676140327, 3.4068375863841815, 3.8911913265733924, 3.383566758614347, 2.1521833588242427, 4.645237209228394, 5.641757121677607, 7.020067214777932, 7.934226733589102, 7.711656077004472, 6.48924091477578, 5.292449430084335, 0.0, 2.4700701386802764, 4.299499981393185, 2.488179440876401, 4.99692393178043, 7.503244553524828, 8.98768929925818, 8.634862718074908, 6.614204451784054], [2.1513867643917495, 1.0871718263457713, 2.1544281213352185, 3.4119543153447993, 3.851612732349918, 3.410189727859727, 5.2060392564789595, 5.66633337970861, 7.03346712439889, 7.5483224699266795, 6.90424059690854, 5.522056314453883, 4.748419330682579, 2.4700701386802764, 0.0, 2.481342350422448, 4.306852816152417, 5.939842007158103, 7.811160486124965, 8.634816394689581, 7.616995458184283, 5.2503669528900545], [3.4081681193861315, 2.159936517585644, 1.0857762983230015, 2.171653188241622, 3.4003788406587874, 3.9120698843451147, 4.398047644125743, 4.235092975366657, 5.409992341029698, 5.561744284844458, 4.671079682471709, 3.273873088560398, 2.956433767226995, 4.299499981393185, 2.481342350422448, 0.0, 4.997144378542608, 5.363641517663163, 6.37500268078375, 6.614162231908134, 5.250355173700156, 2.8107246859128696], [2.1646386742364183, 3.4139914733344017, 3.911416422474089, 3.4373586065466024, 2.1750023586194107, 1.0850827986840452, 2.858936351162789, 4.168146447763082, 5.37347944724831, 6.557597597443747, 6.758827038769375, 5.849893583647484, 4.449509537016412, 2.488179440876401, 4.306852816152417, 4.997144378542608, 0.0, 2.8125884394983927, 5.5751975624187535, 7.503309747704676, 7.8112823742328, 6.375106646951093], [4.2139829354186995, 4.8563284166126985, 4.465386180387986, 3.1981130592898053, 2.1161142195070664, 2.8590146711760682, 1.0087843624878412, 2.116178881852855, 2.8590831677305224, 4.214052610018057, 4.856417833135859, 4.4654101323394695, 3.1981336760679655, 4.99692393178043, 5.939842007158103, 5.363641517663163, 2.8125884394983927, 0.0, 2.812600236436028, 4.996975483229831, 5.939921502848333, 5.363659300328462], [6.557477701830178, 6.758704909966109, 5.849803515503747, 4.449391217908356, 4.168052156583456, 5.373367973626969, 2.858924010882416, 2.1749326541297775, 1.0849236885606286, 2.1645572133810647, 3.4139864703891254, 3.9113340307368274, 3.4372431249476665, 7.503244553524828, 7.811160486124965, 6.37500268078375, 5.5751975624187535, 2.812600236436028, 0.0, 2.488174457308008, 4.306839940141727, 4.997049247305854], [7.934151497167167, 7.711618618033441, 6.489221360070868, 5.292394533668101, 5.641743447729612, 7.019995285610952, 4.64528879941818, 3.383547475653327, 2.1521501945728603, 1.087624227387382, 2.14877781773733, 3.406814974429929, 3.891135105595795, 8.98768929925818, 8.634816394689581, 6.614162231908134, 7.503309747704676, 4.996975483229831, 2.488174457308008, 0.0, 2.4700778732663466, 4.299453701343928], [7.548274924775859, 6.904261635395923, 5.522076977007836, 4.748410350843742, 5.666381198789929, 7.033423340735292, 5.206123103615588, 3.851624060055706, 3.4102688545039963, 2.1514691863933355, 1.0871632858039306, 2.154452833087789, 3.4119520585729215, 8.634862718074908, 7.616995458184283, 5.250355173700156, 7.8112823742328, 5.939921502848333, 4.306839940141727, 2.4700778732663466, 0.0, 2.481323922828295], [5.561683201154126, 4.671113227058407, 3.27389608112414, 2.9564197181726413, 4.235130243569849, 5.409924487458213, 4.398070711118684, 3.400340219742725, 3.912133608403476, 3.4082291604292108, 2.1598808902344593, 1.0857636667341564, 2.171645873525424, 6.614204451784054, 5.2503669528900545, 2.8107246859128696, 6.375106646951093, 5.363659300328462, 4.997049247305854, 4.299453701343928, 2.481323922828295, 0.0]]}