{"total energy": -18.93304632, "HOMO-LUMO gap/eV": 5.19154205, "electronic energy": -19.2333059, "dipole": [0.08630663, 0.03686808, -0.13738459], "partial charges": [-0.09876783, -0.04994721, -0.05213981, -0.05562251, -0.02623699, -0.09452247, 0.02924983, 0.03580303, 0.03162739, 0.03038822, 0.02645377, 0.02900726, 0.02762892, 0.0352835, 0.03951929, 0.0293528, 0.03265212, 0.03027068], "atomic dipole moments": [[-0.04799388, -0.0652142, -0.06281032], [-0.01016674, 0.10882648, -0.00722781], [-0.02104951, 0.01147972, 0.11067473], [0.02635005, -0.0951318, -0.00818522], [0.07632427, 0.03727557, -0.12642747], [-0.02036388, 0.01286218, 0.07735125], [0.0784911, -0.06474862, 0.07208718], [-0.07735485, 0.06161641, 0.07830374], [0.06885862, 0.08399357, -0.06341073], [-0.06253717, -0.08457082, 0.06825437], [0.08175108, -0.06671648, -0.05843193], [0.0679376, 0.07110261, -0.07258037], [-0.04324982, -0.08349003, -0.07841242], [-0.05804554, 0.05725469, -0.09166235], [0.04636274, 0.0990076, 0.06502289], [-0.07824207, -0.10954876, -0.06728407], [0.07019065, 0.10885264, 0.07934933], [-0.10238455, -0.09049462, 0.06287845]], "atomic quadrupole moments": [[-0.03554472, 0.0975617, 0.02843029, 0.11130689, 0.12563218, 0.00711443], [-0.04249128, 0.00882917, -0.00919061, 0.21078082, 0.03087146, 0.05168189], [0.05362897, -0.20346393, -0.04380734, 0.0220993, -0.02011674, -0.00982162], [0.0632036, -0.03988763, -0.02947537, -0.17561331, -0.00596315, -0.03372823], [0.22737221, -0.33103833, 0.12122999, 0.10194117, -0.24056994, -0.3486022], [0.1890888, -0.41258501, 0.10063387, 0.17598776, -0.16223252, -0.28972267], [-0.00251478, -0.04228637, 0.00770877, 0.05034163, -0.03045034, -0.00519399], [0.02881194, -0.0330797, -0.01560475, -0.04280755, 0.03761999, -0.01320719], [-0.01930224, 0.04543191, 0.00791885, -0.03464091, -0.04095692, 0.01138339], [0.00648714, 0.03981856, -0.01710262, -0.02327901, -0.02395753, 0.01061548], [0.0199013, -0.03248126, -0.02554205, -0.02133598, 0.02953608, 0.00564074], [0.01534329, 0.02227906, 0.01337741, -0.02631759, -0.03609478, -0.0287207], [-0.00202463, 0.01672989, 0.0222603, 0.03469324, 0.03534731, -0.02023566], [-0.00406741, -0.02140409, -0.02809107, 0.03446643, -0.02697851, 0.03215849], [-0.00327641, 0.02773208, -0.01071564, 0.01635248, 0.04402975, 0.01399205], [-0.02906375, 0.03924199, -0.01301212, -0.01987815, 0.01676872, 0.04207586], [-0.01921806, 0.04538687, -0.00054932, -0.00490242, 0.0260065, 0.01976738], [-0.01346912, 0.04784518, -0.01254434, -0.02828977, 0.00499818, 0.02601346]], "number of molecular orbitals": 36, "number of electrons": 36, "number of unpaired electrons": 0, "orbital energies/eV": [-16.93920707, -16.58700982, -16.1993422, -15.65588228, -15.01829795, -14.62020182, -13.8950231, -13.77432559, -13.53540206, -12.99541414, -12.81449279, -12.63670765, -12.14375645, -11.88705629, -11.68544319, -11.45756819, -11.38790068, -10.69367267, -5.50213062, 2.45209322, 2.61769857, 3.01195821, 3.32115533, 3.7113719, 4.2065057, 4.37444814, 4.64837348, 4.95535436, 5.3518491, 6.28559473, 6.42226449, 7.12898679, 7.6142812, 7.90191407, 11.33023561, 15.57346823], "fractional occupation": [2.0, 2.0, 2.0, 2.0, 2.0, 2.0, 2.0, 2.0, 2.0, 2.0, 2.0, 2.0, 2.0, 2.0, 2.0, 2.0, 2.0, 2.0, 0.0, 0.0, 0.0, 0.0, 0.0, 0.0, 0.0, 0.0, 0.0, 0.0, 0.0, 0.0, 0.0, 0.0, 0.0, 0.0, 0.0, 0.0], "program call": "xtb /home/svss/Project-DBcg-Debug/aqme2_20220329/End-to-End-workflows-final/example-3/QDESCP/mol_946_rdkit_conf_6/mol_946_rdkit_conf_6.xyz --pop --wbo --acc 0.2 --gfn 2 --chrg 0 --uhf 0 --etemp 300 --input /home/svss/Project-DBcg-Debug/aqme2_20220329/End-to-End-workflows-final/example-3/QDESCP/mol_946_rdkit_conf_6/mol_946_rdkit_conf_6_xtb.inp", "method": "GFN2-xTB", "xtb version": "6.3.3 (7355c4f)", "Dipole module/D": 0.423, "Total charge": 0, "Transition dipole module/D": NaN, "HOMO": -10.6937, "LUMO": -5.5021, "HOMO occupancy": 2.0, "LUMO occupancy": 0, "mulliken charges": [-0.08467, -0.03925, -0.04304, -0.04405, -0.02142, -0.08713, 0.02822, 0.02765, 0.0261, 0.02332, 0.02296, 0.02438, 0.0243, 0.03197, 0.02769, 0.02464, 0.02803, 0.03031], "cm5 charges": [-0.23504, -0.1511, -0.15247, -0.15018, -0.08591, -0.18938, 0.07901, 0.07968, 0.07753, 0.07859, 0.07718, 0.07906, 0.07897, 0.08662, 0.08371, 0.08022, 0.08095, 0.08256], "FUKUI+": [0.015, 0.013, 0.011, 0.026, -0.163, -0.126, -0.03, 0.011, -0.024, 0.007, -0.041, -0.057, -0.034, -0.088, -0.063, -0.146, -0.159, -0.155], "FUKUI-": [0.022, 0.003, 0.003, 0.004, -0.046, -0.062, -0.08, -0.066, -0.069, -0.066, -0.11, -0.071, -0.056, -0.113, -0.053, -0.074, -0.076, -0.09], "FUKUIrad": [0.019, 0.008, 0.007, 0.015, -0.104, -0.094, -0.055, -0.028, -0.047, -0.03, -0.076, -0.064, -0.045, -0.1, -0.058, -0.11, -0.117, -0.122], "s proportion": [1.007, 1.026, 1.032, 1.027, 1.072, 1.048, 0.972, 0.972, 0.974, 0.977, 0.977, 0.976, 0.976, 0.968, 0.972, 0.975, 0.972, 0.97], "p proportion": [3.078, 3.013, 3.011, 3.017, 2.95, 3.04, 0.0, 0.0, 0.0, 0.0, 0.0, 0.0, 0.0, 0.0, 0.0, 0.0, 0.0, 0.0], "d proportion": [0.0, 0.0, 0.0, 0.0, 0.0, 0.0, 0.0, 0.0, 0.0, 0.0, 0.0, 0.0, 0.0, 0.0, 0.0, 0.0, 0.0, 0.0], "Fermi-level/eV": -8.0979, "Coordination numbers": [3.749, 3.798, 3.8, 3.803, 2.885, 2.834, 0.924, 0.924, 0.924, 0.924, 0.924, 0.924, 0.924, 0.924, 0.924, 0.925, 0.925, 0.925], "Dispersion coefficient C6": [22.451, 21.473, 21.511, 21.572, 28.655, 30.365, 2.597, 2.506, 2.564, 2.581, 2.638, 2.601, 2.621, 2.513, 2.455, 2.596, 2.549, 2.582], "Total dispersion C6": 2368.607694, "Total dispersion C8": 50731.617794, "Polarizability alpha": [6.758, 6.598, 6.604, 6.612, 8.776, 9.03, 2.52, 2.475, 2.504, 2.512, 2.54, 2.522, 2.532, 2.479, 2.45, 2.519, 2.497, 2.513], "Total polarizability alpha": 74.441875, "Wiberg matrix": [[0.0, 1.0211297706854927, 0.0, 0.0, 0.0, 0.0, 0.9873980430097438, 0.9858714161082249, 0.9874700281367346, 0.0, 0.0, 0.0, 0.0, 0.0, 0.0, 0.0, 0.0, 0.0], [1.0211297706854927, 0.0, 1.0074123313856942, 0.0, 0.0, 0.0, 0.0, 0.0, 0.0, 0.977565862695176, 0.9778774580591753, 0.0, 0.0, 0.0, 0.0, 0.0, 0.0, 0.0], [0.0, 1.0074123313856942, 0.0, 0.9930167759598159, 0.0, 0.0, 0.0, 0.0, 0.0, 0.0, 0.0, 0.9767123904180748, 0.9778259873121696, 0.0, 0.0, 0.0, 0.0, 0.0], [0.0, 0.0, 0.9930167759598159, 0.0, 1.0278085522099292, 0.0, 0.0, 0.0, 0.0, 0.0, 0.0, 0.0, 0.0, 0.9604846243176666, 0.9732069098850284, 0.0, 0.0, 0.0], [0.0, 0.0, 0.0, 1.0278085522099292, 0.0, 1.9746102174339941, 0.0, 0.0, 0.0, 0.0, 0.0, 0.0, 0.0, 0.0, 0.0, 0.96778920958894, 0.0, 0.0], [0.0, 0.0, 0.0, 0.0, 1.9746102174339941, 0.0, 0.0, 0.0, 0.0, 0.0, 0.0, 0.0, 0.0, 0.0, 0.0, 0.0, 0.976697638634515, 0.9784698081850016], [0.9873980430097438, 0.0, 0.0, 0.0, 0.0, 0.0, 0.0, 0.0, 0.0, 0.0, 0.0, 0.0, 0.0, 0.0, 0.0, 0.0, 0.0, 0.0], [0.9858714161082249, 0.0, 0.0, 0.0, 0.0, 0.0, 0.0, 0.0, 0.0, 0.0, 0.0, 0.0, 0.0, 0.0, 0.0, 0.0, 0.0, 0.0], [0.9874700281367346, 0.0, 0.0, 0.0, 0.0, 0.0, 0.0, 0.0, 0.0, 0.0, 0.0, 0.0, 0.0, 0.0, 0.0, 0.0, 0.0, 0.0], [0.0, 0.977565862695176, 0.0, 0.0, 0.0, 0.0, 0.0, 0.0, 0.0, 0.0, 0.0, 0.0, 0.0, 0.0, 0.0, 0.0, 0.0, 0.0], [0.0, 0.9778774580591753, 0.0, 0.0, 0.0, 0.0, 0.0, 0.0, 0.0, 0.0, 0.0, 0.0, 0.0, 0.0, 0.0, 0.0, 0.0, 0.0], [0.0, 0.0, 0.9767123904180748, 0.0, 0.0, 0.0, 0.0, 0.0, 0.0, 0.0, 0.0, 0.0, 0.0, 0.0, 0.0, 0.0, 0.0, 0.0], [0.0, 0.0, 0.9778259873121696, 0.0, 0.0, 0.0, 0.0, 0.0, 0.0, 0.0, 0.0, 0.0, 0.0, 0.0, 0.0, 0.0, 0.0, 0.0], [0.0, 0.0, 0.0, 0.9604846243176666, 0.0, 0.0, 0.0, 0.0, 0.0, 0.0, 0.0, 0.0, 0.0, 0.0, 0.0, 0.0, 0.0, 0.0], [0.0, 0.0, 0.0, 0.9732069098850284, 0.0, 0.0, 0.0, 0.0, 0.0, 0.0, 0.0, 0.0, 0.0, 0.0, 0.0, 0.0, 0.0, 0.0], [0.0, 0.0, 0.0, 0.0, 0.96778920958894, 0.0, 0.0, 0.0, 0.0, 0.0, 0.0, 0.0, 0.0, 0.0, 0.0, 0.0, 0.0, 0.0], [0.0, 0.0, 0.0, 0.0, 0.0, 0.976697638634515, 0.0, 0.0, 0.0, 0.0, 0.0, 0.0, 0.0, 0.0, 0.0, 0.0, 0.0, 0.0], [0.0, 0.0, 0.0, 0.0, 0.0, 0.9784698081850016, 0.0, 0.0, 0.0, 0.0, 0.0, 0.0, 0.0, 0.0, 0.0, 0.0, 0.0, 0.0]], "Born radii": [], "Atomic SASAs": [], "Solvent H bonds": [], "Total SASA": NaN, "Total FOD": 0.0, "FOD": [0.0, 0.0, 0.0, 0.0, 0.0, 0.0, 0.0, 0.0, 0.0, 0.0, 0.0, 0.0, 0.0, 0.0, 0.0, 0.0, 0.0, 0.0], "FOD s proportion": [0.0, 0.0, 0.0, 0.0, 0.0, 0.0, 0.0, 0.0, 0.0, 0.0, 0.0, 0.0, 0.0, 0.0, 0.0, 0.0, 0.0, 0.0], "FOD p proportion": [0.0, 0.0, 0.0, 0.0, 0.0, 0.0, 0.0, 0.0, 0.0, 0.0, 0.0, 0.0, 0.0, 0.0, 0.0, 0.0, 0.0, 0.0], "FOD d proportion": [0.0, 0.0, 0.0, 0.0, 0.0, 0.0, 0.0, 0.0, 0.0, 0.0, 0.0, 0.0, 0.0, 0.0, 0.0, 0.0, 0.0, 0.0], "coordinates": [["1.94530", "0.18990", "0.66430"], ["1.20330", "-0.75830", "-0.26480"], ["0.31610", "-0.04170", "-1.28790"], ["-0.82110", "0.79730", "-0.69550"], ["-1.81500", "-0.02110", "0.07800"], ["-2.09730", "0.16780", "1.37310"], ["2.63510", "-0.37270", "1.30160"], ["1.25710", "0.73140", "1.31960"], ["2.52960", "0.92020", "0.09560"], ["0.61090", "-1.46310", "0.32920"], ["1.94210", "-1.35740", "-0.81100"], ["0.94380", "0.61130", "-1.90740"], ["-0.10720", "-0.79400", "-1.96600"], ["-1.35730", "1.28520", "-1.51890"], ["-0.41150", "1.60570", "-0.07900"], ["-2.33660", "-0.80560", "-0.46670"], ["-1.60680", "0.93980", "1.95770"], ["-2.83040", "-0.45380", "1.87800"]], "bond_dist": [[0.0, 1.5208136144840367, 2.5532363854527844, 3.141808358254844, 3.811577728447893, 4.10432705933628, 1.0947575485010368, 1.0937365222026738, 1.0946069020429205, 2.1506567299315806, 2.137909637940762, 2.791813227993592, 3.4784038796551506, 4.107701436326647, 2.8480679012270755, 4.539256421485793, 3.853913333223777, 4.96937902257415], [1.5208136144840367, 0.0, 1.532113902423707, 2.5891290446789244, 3.1258775679799102, 3.7992549243239786, 2.1569301240420375, 2.1754134986250313, 2.1694059325077912, 1.0956809754668555, 1.0968503498654683, 2.1543628222748366, 2.147735127989483, 3.5078955828245517, 2.868901650457889, 3.545968543289689, 3.9648091845636158, 4.5776683781156535], [2.5532363854527844, 1.532113902423707, 0.0, 1.5323454571342585, 2.5313424067083456, 3.5985150840311895, 3.4918236281347315, 2.877884789215857, 2.7818889463815766, 2.173084768249964, 2.1453149186075224, 1.097358892978956, 1.097705693708473, 2.148090354244905, 2.169047655078145, 2.8800572806803686, 3.898051567129404, 4.482545199995199], [3.141808358254844, 2.5891290446789244, 1.5323454571342585, 0.0, 1.5019713778897386, 2.5107892484236904, 4.159642634890647, 2.8954940960050326, 3.445015835957797, 2.86531712904523, 3.5059016785985313, 2.1489926989173322, 2.157790339676216, 1.0970617165866283, 1.0960633968890667, 2.21774166665101, 2.770758195873469, 3.4964896610743756], [3.811577728447893, 3.1258775679799102, 2.5313424067083456, 1.5019713778897386, 0.0, 1.33890272611568, 4.62862933599138, 3.397885404188905, 4.445436380154371, 2.8332765925691055, 4.085562274644703, 3.4572706518292717, 2.773425904905339, 2.113290938323448, 2.154283985457813, 1.0882117900482422, 2.121308120005201, 2.1114607384462536], [4.10432705933628, 3.7992549243239786, 3.5985150840311895, 2.5107892484236904, 1.33890272611568, 0.0, 4.763702578877065, 3.401838704289197, 4.858633102015422, 3.3292505553052028, 4.838727127044881, 4.495182055267617, 4.004390847557216, 3.187451452179311, 2.6491644833796184, 2.095145839792543, 1.0855097466167682, 1.0857007782994352], [1.0947575485010368, 2.1569301240420375, 3.4918236281347315, 4.159642634890647, 4.62862933599138, 4.763702578877065, 0.0, 1.765855263038282, 1.7712020381650424, 2.496381292991918, 2.431658251070656, 3.75851469200268, 4.286596871645385, 5.161696467247953, 3.886115603015433, 5.294533802895209, 4.488523038818003, 5.49640831998497], [1.0937365222026738, 2.1754134986250313, 2.877884789215857, 2.8954940960050326, 3.397885404188905, 3.401838704289197, 1.765855263038282, 0.0, 1.7756907641816466, 2.492849143048973, 3.0613341536003547, 3.2443966927612293, 3.8708302739851566, 3.898572052688009, 2.3462115015488267, 4.29743137001628, 2.941517530119445, 4.29233804004298], [1.0946069020429205, 2.1694059325077912, 2.7818889463815766, 3.445015835957797, 4.445436380154371, 4.858633102015422, 1.7712020381650424, 1.7756907641816466, 0.0, 3.0685660396999768, 2.520821606143521, 2.5733615855530294, 3.7605040140917283, 4.2246688461937465, 3.0249734907929353, 5.1936951556671085, 4.5362545706783255, 5.813297322518435], [2.1506567299315806, 1.0956809754668555, 2.173084768249964, 2.86531712904523, 2.8332765925691055, 3.3292505553052028, 2.496381292991918, 2.492849143048973, 3.0685660396999768, 0.0, 1.7559390564595345, 3.068605111447219, 2.4962582919241347, 3.8525884467459015, 3.260285637793106, 3.12306248896816, 3.652962352666668, 3.9064067402153606], [2.137909637940762, 1.0968503498654683, 2.1453149186075224, 3.5059016785985313, 4.085562274644703, 4.838727127044881, 2.431658251070656, 3.0613341536003547, 2.520821606143521, 1.7559390564595345, 0.0, 2.464645114413026, 2.41889955351602, 4.28608183892935, 3.854246822661984, 4.327851594036006, 5.0534660125501984, 5.551933916213341], [2.791813227993592, 2.1543628222748366, 1.097358892978956, 2.1489926989173322, 3.4572706518292717, 4.495182055267617, 3.75851469200268, 3.2443966927612293, 2.5733615855530294, 3.068605111447219, 2.464645114413026, 0.0, 1.7558197658074135, 2.4290192815208362, 2.4836899987719883, 3.8528231545192932, 4.6424638523094615, 5.450529956802366], [3.4784038796551506, 2.147735127989483, 1.097705693708473, 2.157790339676216, 2.773425904905339, 4.004390847557216, 4.286596871645385, 3.8708302739851566, 3.7605040140917283, 2.4962582919241347, 2.41889955351602, 1.7558197658074135, 0.0, 2.4669254265177942, 3.0678865005081266, 2.6866818587246235, 4.544258387239881, 4.723122937210083], [4.107701436326647, 3.5078955828245517, 2.148090354244905, 1.0970617165866283, 2.113290938323448, 3.187451452179311, 5.161696467247953, 3.898572052688009, 4.2246688461937465, 3.8525884467459015, 4.28608183892935, 2.4290192815208362, 2.4669254265177942, 0.0, 1.7523041688017522, 2.5372421977414765, 3.502613163054122, 4.090608050155868], [2.8480679012270755, 2.868901650457889, 2.169047655078145, 1.0960633968890667, 2.154283985457813, 2.6491644833796184, 3.886115603015433, 2.3462115015488267, 3.0249734907929353, 3.260285637793106, 3.854246822661984, 2.4836899987719883, 3.0678865005081266, 1.7523041688017522, 0.0, 3.1097731412435854, 2.4536323665129625, 3.731282146930194], [4.539256421485793, 3.545968543289689, 2.8800572806803686, 2.21774166665101, 1.0882117900482422, 2.095145839792543, 5.294533802895209, 4.29743137001628, 5.1936951556671085, 3.12306248896816, 4.327851594036006, 3.8528231545192932, 2.6866818587246235, 2.5372421977414765, 3.1097731412435854, 0.0, 3.075182036888223, 2.421821580959258], [3.853913333223777, 3.9648091845636158, 3.898051567129404, 2.770758195873469, 2.121308120005201, 1.0855097466167682, 4.488523038818003, 2.941517530119445, 4.5362545706783255, 3.652962352666668, 5.0534660125501984, 4.6424638523094615, 4.544258387239881, 3.502613163054122, 2.4536323665129625, 3.075182036888223, 0.0, 1.8562516020195106], [4.96937902257415, 4.5776683781156535, 4.482545199995199, 3.4964896610743756, 2.1114607384462536, 1.0857007782994352, 5.49640831998497, 4.29233804004298, 5.813297322518435, 3.9064067402153606, 5.551933916213341, 5.450529956802366, 4.723122937210083, 4.090608050155868, 3.731282146930194, 2.421821580959258, 1.8562516020195106, 0.0]]}