{"total energy": -75.18786294, "HOMO-LUMO gap/eV": 3.73548702, "electronic energy": -76.18942571, "dipole": [-1.52749188, -0.93986579, 0.94351032], "partial charges": [-0.44153087, 0.33001827, -0.09513613, 0.15535432, -0.25835016, 0.35700526, -0.40229741, -0.08627822, -0.0467445, -0.10403909, 0.27395084, -0.38515662, 0.05425158, -0.20579294, 0.00624558, -0.02794829, -0.025709, -0.02752448, -0.02779803, -0.03463652, 0.00726157, -0.03171045, -0.02664288, -0.02626475, -0.02557371, -0.03105455, 0.08384317, 0.08838961, 0.06460745, 0.07022006, 0.04982792, 0.04550228, 0.04044234, 0.03887666, 0.04238561, 0.19511017, 0.04787839, 0.04194753, 0.03822716, 0.03951513, 0.03706391, 0.03310339, 0.04099241, 0.04040572, 0.0435021, 0.04426016], "atomic dipole moments": [[-0.13374895, -0.14247528, -0.09540434], [-0.00945986, -0.06948616, -0.09832057], [0.05733803, 0.01170263, -0.01953385], [0.02261405, -0.20071695, 0.14909528], [0.0003146, 0.171012, -0.15874679], [-0.16673001, 0.04502174, 0.0852785], [-0.03307551, -0.11940665, 0.13084602], [-0.08328974, 0.01711315, -0.1016154], [-0.07596963, 0.06488694, 0.09962882], [0.10230647, 0.05408577, -0.00659231], [0.07852491, 0.05143072, 0.03442222], [0.0165346, 0.09631729, 0.15593868], [0.06996394, 0.06688148, 0.0410874], [0.0001054, -0.01520409, -0.06249507], [0.01924089, 0.12437653, -0.05568371], [0.01796683, 0.01388849, 0.01499574], [0.00259546, 0.00767817, -0.00313791], [-0.0004194, 0.00531234, -0.00476522], [0.00102671, 0.00615943, -0.00442311], [-0.00623098, 0.00034108, -0.02063922], [0.12240622, -0.05061093, 0.03489587], [0.01354768, -0.00274773, -0.01627073], [0.00483413, -0.00343148, -0.00107798], [0.00616408, -0.00321188, 0.00281146], [0.00986793, -0.00617236, 0.00396055], [0.00139766, -0.00757386, 0.01981402], [-0.03567242, -0.01218004, -0.12559658], [0.05941246, 0.11563335, 0.02845574], [-0.02024714, -0.0365322, 0.12309619], [0.11914728, 0.04242039, 0.00636927], [0.0156067, 0.03916376, -0.12086431], [0.08708964, -0.08271063, 0.01928792], [-0.00338325, -0.09665615, -0.07964171], [-0.02187693, -0.0467174, 0.11601119], [-0.0989705, 0.07709459, -0.03210286], [-0.05143498, 0.06510089, 0.12756815], [-0.06044697, 0.02128138, -0.14174897], [-0.07316908, -0.10869685, -0.07779712], [-0.01547621, -0.13837226, 0.05839812], [0.05846091, -0.03340659, 0.13637086], [0.07864099, 0.09745357, 0.08735098], [0.01823076, -0.04486505, 0.14404012], [-0.10648038, 0.0166536, 0.10752041], [-0.13356552, 0.06260778, -0.0333657], [-0.03077117, 0.04617405, -0.14205835], [0.09557856, -0.01170977, -0.12239625]], "atomic quadrupole moments": [[-0.01670948, -0.04927889, 0.06733699, 0.079651, -0.07429337, -0.05062751], [-0.10786658, -0.21582627, 0.14589398, 0.14360181, -0.18448804, -0.0380274], [0.00432242, -0.00035043, -0.03265481, -0.0357492, 0.0360915, 0.02833239], [0.24758524, -0.3032593, -0.03242133, -0.17303982, -0.16426393, -0.21516391], [0.02844454, -0.08659329, 0.02191032, -0.00544674, -0.04283677, -0.05035487], [0.06041997, 0.19716774, -0.11884819, 0.14563856, 0.38382813, 0.05842822], [-0.03769907, 0.09425333, 0.00329815, 0.09986239, 0.11741317, 0.03440092], [-0.06788209, -0.13880802, 0.1415303, 0.04323323, 0.06987507, -0.0736482], [0.02728331, 0.14782522, 0.0475244, -0.00871271, 0.18337915, -0.07480771], [0.16212265, 0.15386599, -0.04390953, -0.02640274, 0.00226565, -0.11821312], [-0.12899365, -0.23608462, 0.21545657, 0.19697687, -0.24670511, -0.08646292], [-0.05492227, -0.1125224, 0.09227282, 0.07220605, -0.10450735, -0.03735055], [-0.03257536, 0.12221281, -0.05605004, 0.05264945, 0.1528003, 0.0886254], [0.03342765, 0.08500696, 0.00547758, 0.05913465, 0.02415079, -0.03890523], [0.2159407, -0.13848594, -0.03926686, -0.2992985, -0.01614864, -0.17667383], [0.33234553, -0.20001481, -0.2092876, -0.2980283, 0.09075626, -0.12305793], [0.32739322, -0.20306304, -0.21312647, -0.29523058, 0.08478873, -0.11426675], [0.32750617, -0.19471583, -0.21276983, -0.29174044, 0.10136689, -0.11473633], [0.32148845, -0.18620014, -0.19433364, -0.29771816, 0.10611996, -0.12715481], [0.31260412, -0.17725142, -0.1794589, -0.29395469, 0.11164523, -0.13314522], [-0.00138383, 0.16755573, 0.31913746, 0.14461227, 0.1315469, -0.31775363], [-0.16516754, 0.26551337, 0.37716524, 0.07753954, 0.14809643, -0.21199771], [-0.16802999, 0.26765408, 0.3903141, 0.07850712, 0.1533604, -0.22228412], [-0.16887202, 0.27548353, 0.38963853, 0.06213544, 0.15864974, -0.22076652], [-0.14725278, 0.26817866, 0.39007863, 0.05355652, 0.16498737, -0.24282585], [-0.13538571, 0.26531425, 0.38836515, 0.04981572, 0.1693514, -0.25297944], [-0.00013846, -0.02057415, -0.02555651, 0.00646051, 0.00983678, 0.02569497], [0.01182335, 0.0050701, 0.02327035, 0.00377189, 0.01371708, -0.03509371], [-0.02585847, 0.00832848, -0.00938449, -0.03299825, -0.02977658, 0.03524296], [0.05603033, 0.02647752, -0.01599153, -0.01206961, -0.00141669, -0.0400388], [-0.02665321, 0.01397294, -0.00899102, 0.00135737, -0.03248327, 0.03564423], [0.01787978, -0.02991886, 0.02055934, 0.02811264, -0.00808444, -0.03843912], [-0.03065455, 0.00152517, 0.02551697, -0.00871026, 0.06729142, 0.00513757], [-0.02945502, 0.00960489, -0.03872414, -0.00487306, -0.03718868, 0.06817916], [0.01767354, -0.04914916, 0.02427835, 0.01421591, -0.02494264, -0.0419519], [0.00752333, 0.01109386, -0.01849143, -0.02463482, 0.01769587, 0.01096811], [-0.04024763, 0.02314577, 0.03407798, 0.02964579, -0.01827844, 0.00616964], [-0.04285856, 0.02079121, 0.02377932, 0.03714278, -0.01896269, 0.01907924], [-0.04031943, 0.02519252, 0.02175105, 0.04019152, -0.00952367, 0.01856838], [-0.0411889, 0.02906025, 0.03185596, 0.03611975, -0.00817687, 0.00933294], [-0.04430655, 0.02406318, 0.03951876, 0.03028197, -0.01824622, 0.00478779], [0.02683091, -0.03748744, -0.04738411, -0.00142369, -0.01971696, 0.0205532], [0.01706071, -0.03485063, -0.04828515, -0.00107348, -0.02334785, 0.03122444], [0.01625495, -0.03191406, -0.05045731, -0.01102575, -0.02023327, 0.03420236], [0.02633874, -0.03557789, -0.04967816, -0.01415533, -0.01657543, 0.02333942], [0.03493081, -0.04183494, -0.04331508, -0.00011019, -0.01905712, 0.00838427]], "number of molecular orbitals": 124, "number of electrons": 134, "number of unpaired electrons": 0, "orbital energies/eV": [-20.57444018, -20.06232197, -19.92549794, -19.64057211, -19.44000853, -19.30417696, -18.55955365, -18.14454216, -17.98003735, -17.82446108, -17.72773762, -17.69701057, -17.33450205, -17.23728824, -17.15744324, -17.04016879, -17.00899889, -16.9092591, -16.63639959, -16.39186122, -16.23353488, -16.14575534, -16.07394573, -15.93691935, -15.83011645, -15.77158721, -15.6272786, -15.55892936, -15.24642687, -15.15847018, -14.93237586, -14.78656805, -14.74173944, -14.67328722, -14.43199976, -14.32625981, -14.14227004, -14.09786894, -13.92076683, -13.80719446, -13.73218968, -13.71359372, -13.61452521, -13.57893016, -13.47376725, -13.40647608, -13.34317757, -13.26734358, -13.22043703, -13.18186384, -12.60412399, -12.38974637, -12.31799282, -12.25284728, -12.20736016, -12.20172393, -12.13838607, -12.0040715, -11.91775842, -11.81423241, -11.6935463, -11.45327222, -11.39905909, -11.37453183, -11.33143526, -11.31466483, -11.14403479, -7.40854777, -6.79245645, -6.72517866, -6.65871105, -6.55269182, -6.51902133, -5.31597168, -3.33562212, -3.19867649, -1.493223, -0.39098571, 0.3135536, 0.88782087, 1.04179267, 2.39360581, 2.44903582, 2.59464674, 2.68364303, 2.79655424, 3.13829713, 3.34716653, 3.48941522, 3.67482758, 3.80012478, 3.80616799, 4.0004562, 4.06339841, 4.25769728, 4.3127703, 4.40991075, 4.58816047, 4.69204671, 4.87991163, 5.04545166, 5.30223135, 5.42296017, 5.677872, 6.76907187, 6.80093086, 7.22049758, 7.84754691, 9.4917398, 9.64353269, 9.8589987, 10.05561546, 10.2121145, 10.79012487, 10.98137982, 11.09453013, 11.25359313, 15.23456825, 15.61734619, 15.78969315, 15.87789792, 16.49064625, 16.61021268, 17.75888049], "fractional occupation": [2.0, 2.0, 2.0, 2.0, 2.0, 2.0, 2.0, 2.0, 2.0, 2.0, 2.0, 2.0, 2.0, 2.0, 2.0, 2.0, 2.0, 2.0, 2.0, 2.0, 2.0, 2.0, 2.0, 2.0, 2.0, 2.0, 2.0, 2.0, 2.0, 2.0, 2.0, 2.0, 2.0, 2.0, 2.0, 2.0, 2.0, 2.0, 2.0, 2.0, 2.0, 2.0, 2.0, 2.0, 2.0, 2.0, 2.0, 2.0, 2.0, 2.0, 2.0, 2.0, 2.0, 2.0, 2.0, 2.0, 2.0, 2.0, 2.0, 2.0, 2.0, 2.0, 2.0, 2.0, 2.0, 2.0, 2.0, 0.0, 0.0, 0.0, 0.0, 0.0, 0.0, 0.0, 0.0, 0.0, 0.0, 0.0, 0.0, 0.0, 0.0, 0.0, 0.0, 0.0, 0.0, 0.0, 0.0, 0.0, 0.0, 0.0, 0.0, 0.0, 0.0, 0.0, 0.0, 0.0, 0.0, 0.0, 0.0, 0.0, 0.0, 0.0, 0.0, 0.0, 0.0, 0.0, 0.0, 0.0, 0.0, 0.0, 0.0, 0.0, 0.0, 0.0, 0.0, 0.0, 0.0, 0.0, 0.0, 0.0, 0.0, 0.0, 0.0, 0.0], "program call": "xtb /home/svss/Project-DBcg-Debug/aqme2_20220329/End-to-End-workflows-final/example-3/QDESCP/mol_717_rdkit_conf_11/mol_717_rdkit_conf_11.xyz --pop --wbo --acc 0.2 --gfn 2 --chrg 0 --uhf 0 --etemp 300 --input /home/svss/Project-DBcg-Debug/aqme2_20220329/End-to-End-workflows-final/example-3/QDESCP/mol_717_rdkit_conf_11/mol_717_rdkit_conf_11_xtb.inp", "method": "GFN2-xTB", "xtb version": "6.3.3 (7355c4f)", "Dipole module/D": 5.151, "Total charge": 0, "Transition dipole module/D": NaN, "HOMO": -11.144, "LUMO": -7.4085, "HOMO occupancy": 2.0, "LUMO occupancy": 0, "mulliken charges": [-0.55774, 0.5666, -0.25067, 0.33067, -0.41095, 0.57676, -0.52988, -0.07648, -0.02782, -0.0884, 0.46669, -0.51635, 0.1078, -0.37728, -0.00638, -0.02636, -0.02124, -0.02555, -0.02307, -0.03464, -0.0054, -0.03512, -0.02219, -0.02391, -0.02048, -0.03193, 0.07443, 0.07685, 0.05009, 0.05692, 0.04015, 0.0302, 0.03325, 0.03053, 0.04251, 0.25591, 0.04321, 0.03662, 0.03422, 0.0354, 0.03508, 0.03047, 0.03594, 0.03574, 0.0382, 0.04759], "cm5 charges": [-0.59374, 0.73918, -0.49736, 0.31922, -0.48625, 0.62648, -0.5789, -0.175, -0.13797, -0.23783, 0.5766, -0.55935, 0.16573, -0.71834, -0.00908, -0.07761, -0.07653, -0.08092, -0.07838, -0.08514, -0.00765, -0.08631, -0.07752, -0.07929, -0.07582, -0.08313, 0.15399, 0.15555, 0.10995, 0.11466, 0.09647, 0.08458, 0.08409, 0.08233, 0.09655, 0.45354, 0.10159, 0.09198, 0.08961, 0.09074, 0.09609, 0.08857, 0.09132, 0.09113, 0.09352, 0.10864], "FUKUI+": [-0.065, -0.013, -0.027, 0.015, -0.025, -0.033, -0.068, 0.006, 0.004, 0.004, -0.039, -0.085, -0.004, -0.013, -0.015, -0.007, -0.013, -0.026, -0.013, -0.009, -0.015, -0.014, -0.015, -0.023, -0.019, -0.007, -0.019, -0.026, -0.017, -0.028, -0.012, -0.023, -0.016, -0.003, 0.01, -0.026, -0.02, -0.036, -0.042, -0.037, -0.024, -0.026, -0.038, -0.042, -0.038, -0.016], "FUKUI-": [-0.054, -0.001, -0.019, 0.011, -0.019, -0.009, -0.072, -0.001, 0.005, 0.01, -0.003, -0.042, -0.007, -0.015, -0.019, -0.012, -0.013, -0.029, -0.016, -0.009, -0.014, -0.012, -0.013, -0.022, -0.018, -0.008, -0.014, -0.021, -0.028, -0.03, -0.038, -0.058, -0.027, -0.021, -0.024, -0.021, -0.023, -0.035, -0.041, -0.036, -0.026, -0.022, -0.037, -0.04, -0.035, -0.022], "FUKUIrad": [-0.06, -0.007, -0.023, 0.013, -0.022, -0.021, -0.07, 0.003, 0.005, 0.007, -0.021, -0.064, -0.005, -0.014, -0.017, -0.009, -0.013, -0.028, -0.015, -0.009, -0.015, -0.013, -0.014, -0.022, -0.018, -0.008, -0.017, -0.023, -0.022, -0.029, -0.025, -0.04, -0.022, -0.012, -0.007, -0.024, -0.022, -0.035, -0.041, -0.037, -0.025, -0.024, -0.038, -0.041, -0.036, -0.019], "s proportion": [1.718, 0.934, 1.425, 0.972, 1.696, 0.99, 1.731, 1.038, 1.026, 1.009, 1.015, 1.73, 1.081, 1.424, 1.092, 1.064, 1.061, 1.061, 1.061, 1.063, 1.092, 1.063, 1.06, 1.061, 1.062, 1.066, 0.926, 0.923, 0.95, 0.943, 0.96, 0.97, 0.967, 0.969, 0.957, 0.744, 0.957, 0.963, 0.966, 0.965, 0.965, 0.97, 0.964, 0.964, 0.962, 0.952], "p proportion": [4.839, 2.499, 3.826, 2.697, 4.714, 2.434, 4.799, 3.038, 3.001, 3.079, 2.518, 4.786, 2.812, 3.954, 2.915, 2.962, 2.96, 2.964, 2.962, 2.972, 2.914, 2.972, 2.962, 2.962, 2.958, 2.966, 0.0, 0.0, 0.0, 0.0, 0.0, 0.0, 0.0, 0.0, 0.0, 0.0, 0.0, 0.0, 0.0, 0.0, 0.0, 0.0, 0.0, 0.0, 0.0, 0.0], "d proportion": [0.0, 0.0, 0.0, 0.0, 0.0, 0.0, 0.0, 0.0, 0.0, 0.0, 0.0, 0.0, 0.0, 0.0, 0.0, 0.0, 0.0, 0.0, 0.0, 0.0, 0.0, 0.0, 0.0, 0.0, 0.0, 0.0, 0.0, 0.0, 0.0, 0.0, 0.0, 0.0, 0.0, 0.0, 0.0, 0.0, 0.0, 0.0, 0.0, 0.0, 0.0, 0.0, 0.0, 0.0, 0.0, 0.0], "Fermi-level/eV": -9.2763, "Coordination numbers": [0.858, 2.813, 2.774, 3.659, 1.704, 2.732, 0.856, 3.803, 3.801, 3.749, 2.88, 0.857, 3.868, 2.753, 2.958, 2.914, 2.909, 2.912, 2.91, 2.913, 2.959, 2.915, 2.909, 2.912, 2.91, 2.913, 0.924, 0.924, 0.924, 0.924, 0.924, 0.924, 0.924, 0.924, 0.924, 0.86, 0.925, 0.925, 0.925, 0.925, 0.925, 0.925, 0.925, 0.925, 0.925, 0.925], "Dispersion coefficient C6": [22.528, 21.399, 23.098, 18.347, 18.281, 20.941, 21.727, 22.144, 21.411, 22.553, 22.383, 21.387, 19.626, 25.471, 27.88, 28.699, 28.644, 28.689, 28.695, 28.862, 27.856, 28.791, 28.667, 28.658, 28.641, 28.775, 1.94, 1.895, 2.146, 2.083, 2.322, 2.377, 2.443, 2.464, 2.417, 1.131, 2.347, 2.423, 2.473, 2.455, 2.488, 2.543, 2.436, 2.443, 2.403, 2.393], "Total dispersion C6": 25215.2322, "Total dispersion C8": 599188.432947, "Polarizability alpha": [6.364, 7.579, 7.138, 6.147, 5.773, 7.492, 6.249, 6.699, 6.588, 6.773, 7.756, 6.2, 6.3, 7.496, 8.661, 8.785, 8.776, 8.783, 8.784, 8.81, 8.657, 8.799, 8.779, 8.778, 8.776, 8.796, 2.178, 2.153, 2.291, 2.257, 2.383, 2.411, 2.444, 2.455, 2.431, 1.666, 2.396, 2.434, 2.459, 2.45, 2.467, 2.494, 2.441, 2.444, 2.424, 2.419], "Total polarizability alpha": 246.833898, "Wiberg matrix": [[0.0, 1.6349589933510877, 0.0, 0.0, 0.0, 0.0, 0.0, 0.0, 0.0, 0.0, 0.0, 0.0, 0.0, 0.1751971741464433, 0.0, 0.0, 0.0, 0.0, 0.0, 0.0, 0.0, 0.0, 0.0, 0.0, 0.0, 0.0, 0.0, 0.0, 0.0, 0.0, 0.0, 0.0, 0.0, 0.0, 0.0, 0.0, 0.0, 0.0, 0.0, 0.0, 0.0, 0.0, 0.0, 0.0, 0.0, 0.0], [1.6349589933510877, 0.0, 1.0759711295588537, 0.0, 0.0, 0.0, 0.0, 0.0, 0.0, 0.0, 0.0, 0.0, 0.0, 1.18941219713943, 0.0, 0.0, 0.0, 0.0, 0.0, 0.0, 0.0, 0.0, 0.0, 0.0, 0.0, 0.0, 0.0, 0.0, 0.0, 0.0, 0.0, 0.0, 0.0, 0.0, 0.0, 0.0, 0.0, 0.0, 0.0, 0.0, 0.0, 0.0, 0.0, 0.0, 0.0, 0.0], [0.0, 1.0759711295588537, 0.0, 0.9872483641324419, 0.0, 0.0, 0.0, 0.0, 0.0, 0.0, 1.1583680440457051, 0.147830499790531, 0.0, 0.0, 0.0, 0.0, 0.0, 0.0, 0.0, 0.0, 0.0, 0.0, 0.0, 0.0, 0.0, 0.0, 0.0, 0.0, 0.0, 0.0, 0.0, 0.0, 0.0, 0.0, 0.0, 0.0, 0.0, 0.0, 0.0, 0.0, 0.0, 0.0, 0.0, 0.0, 0.0, 0.0], [0.0, 0.0, 0.9872483641324419, 0.0, 0.9489404582621276, 0.0, 0.0, 0.0, 0.0, 0.0, 0.0, 0.0, 0.0, 0.0, 0.0, 0.0, 0.0, 0.0, 0.0, 0.0, 0.0, 0.0, 0.0, 0.0, 0.0, 0.0, 0.9576999860547422, 0.9572388102605767, 0.0, 0.0, 0.0, 0.0, 0.0, 0.0, 0.0, 0.0, 0.0, 0.0, 0.0, 0.0, 0.0, 0.0, 0.0, 0.0, 0.0, 0.0], [0.0, 0.0, 0.0, 0.9489404582621276, 0.0, 1.1030617824709932, 0.1671108184052051, 0.0, 0.0, 0.0, 0.0, 0.0, 0.0, 0.0, 0.0, 0.0, 0.0, 0.0, 0.0, 0.0, 0.0, 0.0, 0.0, 0.0, 0.0, 0.0, 0.0, 0.0, 0.0, 0.0, 0.0, 0.0, 0.0, 0.0, 0.0, 0.0, 0.0, 0.0, 0.0, 0.0, 0.0, 0.0, 0.0, 0.0, 0.0, 0.0], [0.0, 0.0, 0.0, 0.0, 1.1030617824709932, 0.0, 1.763489088890765, 0.9790996443547748, 0.0, 0.0, 0.0, 0.0, 0.0, 0.0, 0.0, 0.0, 0.0, 0.0, 0.0, 0.0, 0.0, 0.0, 0.0, 0.0, 0.0, 0.0, 0.0, 0.0, 0.0, 0.0, 0.0, 0.0, 0.0, 0.0, 0.0, 0.0, 0.0, 0.0, 0.0, 0.0, 0.0, 0.0, 0.0, 0.0, 0.0, 0.0], [0.0, 0.0, 0.0, 0.0, 0.1671108184052051, 1.763489088890765, 0.0, 0.0, 0.0, 0.0, 0.0, 0.0, 0.0, 0.0, 0.0, 0.0, 0.0, 0.0, 0.0, 0.0, 0.0, 0.0, 0.0, 0.0, 0.0, 0.0, 0.0, 0.0, 0.0, 0.0, 0.0, 0.0, 0.0, 0.0, 0.0, 0.0, 0.0, 0.0, 0.0, 0.0, 0.0, 0.0, 0.0, 0.0, 0.0, 0.0], [0.0, 0.0, 0.0, 0.0, 0.0, 0.9790996443547748, 0.0, 0.0, 0.9820982405637735, 0.0, 0.0, 0.0, 0.0, 0.0, 0.0, 0.0, 0.0, 0.0, 0.0, 0.0, 0.0, 0.0, 0.0, 0.0, 0.0, 0.0, 0.0, 0.0, 0.9710304348354533, 0.9594346373565367, 0.0, 0.0, 0.0, 0.0, 0.0, 0.0, 0.0, 0.0, 0.0, 0.0, 0.0, 0.0, 0.0, 0.0, 0.0, 0.0], [0.0, 0.0, 0.0, 0.0, 0.0, 0.0, 0.0, 0.9820982405637735, 0.0, 1.0210643818992933, 0.0, 0.0, 0.0, 0.0, 0.0, 0.0, 0.0, 0.0, 0.0, 0.0, 0.0, 0.0, 0.0, 0.0, 0.0, 0.0, 0.0, 0.0, 0.0, 0.0, 0.9761355953220485, 0.9745619362890082, 0.0, 0.0, 0.0, 0.0, 0.0, 0.0, 0.0, 0.0, 0.0, 0.0, 0.0, 0.0, 0.0, 0.0], [0.0, 0.0, 0.0, 0.0, 0.0, 0.0, 0.0, 0.0, 1.0210643818992933, 0.0, 0.0, 0.0, 0.0, 0.0, 0.0, 0.0, 0.0, 0.0, 0.0, 0.0, 0.0, 0.0, 0.0, 0.0, 0.0, 0.0, 0.0, 0.0, 0.0, 0.0, 0.0, 0.0, 0.9860550282415601, 0.9868450971255114, 0.9869736219759598, 0.0, 0.0, 0.0, 0.0, 0.0, 0.0, 0.0, 0.0, 0.0, 0.0, 0.0], [0.0, 0.0, 1.1583680440457051, 0.0, 0.0, 0.0, 0.0, 0.0, 0.0, 0.0, 0.0, 1.7441147566483288, 0.9173448669327295, 0.0, 0.0, 0.0, 0.0, 0.0, 0.0, 0.0, 0.0, 0.0, 0.0, 0.0, 0.0, 0.0, 0.0, 0.0, 0.0, 0.0, 0.0, 0.0, 0.0, 0.0, 0.0, 0.0, 0.0, 0.0, 0.0, 0.0, 0.0, 0.0, 0.0, 0.0, 0.0, 0.0], [0.0, 0.0, 0.147830499790531, 0.0, 0.0, 0.0, 0.0, 0.0, 0.0, 0.0, 1.7441147566483288, 0.0, 0.0, 0.0, 0.0, 0.0, 0.0, 0.0, 0.0, 0.0, 0.0, 0.0, 0.0, 0.0, 0.0, 0.0, 0.0, 0.0, 0.0, 0.0, 0.0, 0.0, 0.0, 0.0, 0.0, 0.0, 0.0, 0.0, 0.0, 0.0, 0.0, 0.0, 0.0, 0.0, 0.0, 0.0], [0.0, 0.0, 0.0, 0.0, 0.0, 0.0, 0.0, 0.0, 0.0, 0.0, 0.9173448669327295, 0.0, 0.0, 0.9757517209989424, 0.9473756434710386, 0.0, 0.0, 0.0, 0.0, 0.0, 0.9476332745009319, 0.0, 0.0, 0.0, 0.0, 0.0, 0.0, 0.0, 0.0, 0.0, 0.0, 0.0, 0.0, 0.0, 0.0, 0.0, 0.0, 0.0, 0.0, 0.0, 0.0, 0.0, 0.0, 0.0, 0.0, 0.0], [0.1751971741464433, 1.18941219713943, 0.0, 0.0, 0.0, 0.0, 0.0, 0.0, 0.0, 0.0, 0.0, 0.0, 0.9757517209989424, 0.0, 0.0, 0.0, 0.0, 0.0, 0.0, 0.0, 0.0, 0.0, 0.0, 0.0, 0.0, 0.0, 0.0, 0.0, 0.0, 0.0, 0.0, 0.0, 0.0, 0.0, 0.0, 0.9323978740042307, 0.0, 0.0, 0.0, 0.0, 0.0, 0.0, 0.0, 0.0, 0.0, 0.0], [0.0, 0.0, 0.0, 0.0, 0.0, 0.0, 0.0, 0.0, 0.0, 0.0, 0.0, 0.0, 0.9473756434710386, 0.0, 0.0, 1.4062778416448105, 0.0, 0.10856816883483601, 0.0, 1.4134743480931675, 0.0, 0.0, 0.0, 0.0, 0.0, 0.0, 0.0, 0.0, 0.0, 0.0, 0.0, 0.0, 0.0, 0.0, 0.0, 0.0, 0.0, 0.0, 0.0, 0.0, 0.0, 0.0, 0.0, 0.0, 0.0, 0.0], [0.0, 0.0, 0.0, 0.0, 0.0, 0.0, 0.0, 0.0, 0.0, 0.0, 0.0, 0.0, 0.0, 0.0, 1.4062778416448105, 0.0, 1.445791671818929, 0.0, 0.11256694777492311, 0.0, 0.0, 0.0, 0.0, 0.0, 0.0, 0.0, 0.0, 0.0, 0.0, 0.0, 0.0, 0.0, 0.0, 0.0, 0.0, 0.0, 0.9686667855064022, 0.0, 0.0, 0.0, 0.0, 0.0, 0.0, 0.0, 0.0, 0.0], [0.0, 0.0, 0.0, 0.0, 0.0, 0.0, 0.0, 0.0, 0.0, 0.0, 0.0, 0.0, 0.0, 0.0, 0.0, 1.445791671818929, 0.0, 1.437009755410425, 0.0, 0.11017229110968053, 0.0, 0.0, 0.0, 0.0, 0.0, 0.0, 0.0, 0.0, 0.0, 0.0, 0.0, 0.0, 0.0, 0.0, 0.0, 0.0, 0.0, 0.9700751008787186, 0.0, 0.0, 0.0, 0.0, 0.0, 0.0, 0.0, 0.0], [0.0, 0.0, 0.0, 0.0, 0.0, 0.0, 0.0, 0.0, 0.0, 0.0, 0.0, 0.0, 0.0, 0.0, 0.10856816883483601, 0.0, 1.437009755410425, 0.0, 1.4405224820233617, 0.0, 0.0, 0.0, 0.0, 0.0, 0.0, 0.0, 0.0, 0.0, 0.0, 0.0, 0.0, 0.0, 0.0, 0.0, 0.0, 0.0, 0.0, 0.0, 0.9705306312934675, 0.0, 0.0, 0.0, 0.0, 0.0, 0.0, 0.0], [0.0, 0.0, 0.0, 0.0, 0.0, 0.0, 0.0, 0.0, 0.0, 0.0, 0.0, 0.0, 0.0, 0.0, 0.0, 0.11256694777492311, 0.0, 1.4405224820233617, 0.0, 1.438991671924385, 0.0, 0.0, 0.0, 0.0, 0.0, 0.0, 0.0, 0.0, 0.0, 0.0, 0.0, 0.0, 0.0, 0.0, 0.0, 0.0, 0.0, 0.0, 0.0, 0.9703402748880012, 0.0, 0.0, 0.0, 0.0, 0.0, 0.0], [0.0, 0.0, 0.0, 0.0, 0.0, 0.0, 0.0, 0.0, 0.0, 0.0, 0.0, 0.0, 0.0, 0.0, 1.4134743480931675, 0.0, 0.11017229110968053, 0.0, 1.438991671924385, 0.0, 0.0, 0.0, 0.0, 0.0, 0.0, 0.0, 0.0, 0.0, 0.0, 0.0, 0.0, 0.0, 0.0, 0.0, 0.0, 0.0, 0.0, 0.0, 0.0, 0.0, 0.9679969813211793, 0.0, 0.0, 0.0, 0.0, 0.0], [0.0, 0.0, 0.0, 0.0, 0.0, 0.0, 0.0, 0.0, 0.0, 0.0, 0.0, 0.0, 0.9476332745009319, 0.0, 0.0, 0.0, 0.0, 0.0, 0.0, 0.0, 0.0, 1.4052493711793734, 0.0, 0.10978620316765059, 0.0, 1.4206564253160536, 0.0, 0.0, 0.0, 0.0, 0.0, 0.0, 0.0, 0.0, 0.0, 0.0, 0.0, 0.0, 0.0, 0.0, 0.0, 0.0, 0.0, 0.0, 0.0, 0.0], [0.0, 0.0, 0.0, 0.0, 0.0, 0.0, 0.0, 0.0, 0.0, 0.0, 0.0, 0.0, 0.0, 0.0, 0.0, 0.0, 0.0, 0.0, 0.0, 0.0, 1.4052493711793734, 0.0, 1.447359696703877, 0.0, 0.11324902605699558, 0.0, 0.0, 0.0, 0.0, 0.0, 0.0, 0.0, 0.0, 0.0, 0.0, 0.0, 0.0, 0.0, 0.0, 0.0, 0.0, 0.9696065295575234, 0.0, 0.0, 0.0, 0.0], [0.0, 0.0, 0.0, 0.0, 0.0, 0.0, 0.0, 0.0, 0.0, 0.0, 0.0, 0.0, 0.0, 0.0, 0.0, 0.0, 0.0, 0.0, 0.0, 0.0, 0.0, 1.447359696703877, 0.0, 1.4354204771223902, 0.0, 0.1099997768647993, 0.0, 0.0, 0.0, 0.0, 0.0, 0.0, 0.0, 0.0, 0.0, 0.0, 0.0, 0.0, 0.0, 0.0, 0.0, 0.0, 0.9700190005701921, 0.0, 0.0, 0.0], [0.0, 0.0, 0.0, 0.0, 0.0, 0.0, 0.0, 0.0, 0.0, 0.0, 0.0, 0.0, 0.0, 0.0, 0.0, 0.0, 0.0, 0.0, 0.0, 0.0, 0.10978620316765059, 0.0, 1.4354204771223902, 0.0, 1.4432953120893581, 0.0, 0.0, 0.0, 0.0, 0.0, 0.0, 0.0, 0.0, 0.0, 0.0, 0.0, 0.0, 0.0, 0.0, 0.0, 0.0, 0.0, 0.0, 0.970352407976988, 0.0, 0.0], [0.0, 0.0, 0.0, 0.0, 0.0, 0.0, 0.0, 0.0, 0.0, 0.0, 0.0, 0.0, 0.0, 0.0, 0.0, 0.0, 0.0, 0.0, 0.0, 0.0, 0.0, 0.11324902605699558, 0.0, 1.4432953120893581, 0.0, 1.4360541870764179, 0.0, 0.0, 0.0, 0.0, 0.0, 0.0, 0.0, 0.0, 0.0, 0.0, 0.0, 0.0, 0.0, 0.0, 0.0, 0.0, 0.0, 0.0, 0.970125719059461, 0.0], [0.0, 0.0, 0.0, 0.0, 0.0, 0.0, 0.0, 0.0, 0.0, 0.0, 0.0, 0.0, 0.0, 0.0, 0.0, 0.0, 0.0, 0.0, 0.0, 0.0, 1.4206564253160536, 0.0, 0.1099997768647993, 0.0, 1.4360541870764179, 0.0, 0.0, 0.0, 0.0, 0.0, 0.0, 0.0, 0.0, 0.0, 0.0, 0.0, 0.0, 0.0, 0.0, 0.0, 0.0, 0.0, 0.0, 0.0, 0.0, 0.9678255643738907], [0.0, 0.0, 0.0, 0.9576999860547422, 0.0, 0.0, 0.0, 0.0, 0.0, 0.0, 0.0, 0.0, 0.0, 0.0, 0.0, 0.0, 0.0, 0.0, 0.0, 0.0, 0.0, 0.0, 0.0, 0.0, 0.0, 0.0, 0.0, 0.0, 0.0, 0.0, 0.0, 0.0, 0.0, 0.0, 0.0, 0.0, 0.0, 0.0, 0.0, 0.0, 0.0, 0.0, 0.0, 0.0, 0.0, 0.0], [0.0, 0.0, 0.0, 0.9572388102605767, 0.0, 0.0, 0.0, 0.0, 0.0, 0.0, 0.0, 0.0, 0.0, 0.0, 0.0, 0.0, 0.0, 0.0, 0.0, 0.0, 0.0, 0.0, 0.0, 0.0, 0.0, 0.0, 0.0, 0.0, 0.0, 0.0, 0.0, 0.0, 0.0, 0.0, 0.0, 0.0, 0.0, 0.0, 0.0, 0.0, 0.0, 0.0, 0.0, 0.0, 0.0, 0.0], [0.0, 0.0, 0.0, 0.0, 0.0, 0.0, 0.0, 0.9710304348354533, 0.0, 0.0, 0.0, 0.0, 0.0, 0.0, 0.0, 0.0, 0.0, 0.0, 0.0, 0.0, 0.0, 0.0, 0.0, 0.0, 0.0, 0.0, 0.0, 0.0, 0.0, 0.0, 0.0, 0.0, 0.0, 0.0, 0.0, 0.0, 0.0, 0.0, 0.0, 0.0, 0.0, 0.0, 0.0, 0.0, 0.0, 0.0], [0.0, 0.0, 0.0, 0.0, 0.0, 0.0, 0.0, 0.9594346373565367, 0.0, 0.0, 0.0, 0.0, 0.0, 0.0, 0.0, 0.0, 0.0, 0.0, 0.0, 0.0, 0.0, 0.0, 0.0, 0.0, 0.0, 0.0, 0.0, 0.0, 0.0, 0.0, 0.0, 0.0, 0.0, 0.0, 0.0, 0.0, 0.0, 0.0, 0.0, 0.0, 0.0, 0.0, 0.0, 0.0, 0.0, 0.0], [0.0, 0.0, 0.0, 0.0, 0.0, 0.0, 0.0, 0.0, 0.9761355953220485, 0.0, 0.0, 0.0, 0.0, 0.0, 0.0, 0.0, 0.0, 0.0, 0.0, 0.0, 0.0, 0.0, 0.0, 0.0, 0.0, 0.0, 0.0, 0.0, 0.0, 0.0, 0.0, 0.0, 0.0, 0.0, 0.0, 0.0, 0.0, 0.0, 0.0, 0.0, 0.0, 0.0, 0.0, 0.0, 0.0, 0.0], [0.0, 0.0, 0.0, 0.0, 0.0, 0.0, 0.0, 0.0, 0.9745619362890082, 0.0, 0.0, 0.0, 0.0, 0.0, 0.0, 0.0, 0.0, 0.0, 0.0, 0.0, 0.0, 0.0, 0.0, 0.0, 0.0, 0.0, 0.0, 0.0, 0.0, 0.0, 0.0, 0.0, 0.0, 0.0, 0.0, 0.0, 0.0, 0.0, 0.0, 0.0, 0.0, 0.0, 0.0, 0.0, 0.0, 0.0], [0.0, 0.0, 0.0, 0.0, 0.0, 0.0, 0.0, 0.0, 0.0, 0.9860550282415601, 0.0, 0.0, 0.0, 0.0, 0.0, 0.0, 0.0, 0.0, 0.0, 0.0, 0.0, 0.0, 0.0, 0.0, 0.0, 0.0, 0.0, 0.0, 0.0, 0.0, 0.0, 0.0, 0.0, 0.0, 0.0, 0.0, 0.0, 0.0, 0.0, 0.0, 0.0, 0.0, 0.0, 0.0, 0.0, 0.0], [0.0, 0.0, 0.0, 0.0, 0.0, 0.0, 0.0, 0.0, 0.0, 0.9868450971255114, 0.0, 0.0, 0.0, 0.0, 0.0, 0.0, 0.0, 0.0, 0.0, 0.0, 0.0, 0.0, 0.0, 0.0, 0.0, 0.0, 0.0, 0.0, 0.0, 0.0, 0.0, 0.0, 0.0, 0.0, 0.0, 0.0, 0.0, 0.0, 0.0, 0.0, 0.0, 0.0, 0.0, 0.0, 0.0, 0.0], [0.0, 0.0, 0.0, 0.0, 0.0, 0.0, 0.0, 0.0, 0.0, 0.9869736219759598, 0.0, 0.0, 0.0, 0.0, 0.0, 0.0, 0.0, 0.0, 0.0, 0.0, 0.0, 0.0, 0.0, 0.0, 0.0, 0.0, 0.0, 0.0, 0.0, 0.0, 0.0, 0.0, 0.0, 0.0, 0.0, 0.0, 0.0, 0.0, 0.0, 0.0, 0.0, 0.0, 0.0, 0.0, 0.0, 0.0], [0.0, 0.0, 0.0, 0.0, 0.0, 0.0, 0.0, 0.0, 0.0, 0.0, 0.0, 0.0, 0.0, 0.9323978740042307, 0.0, 0.0, 0.0, 0.0, 0.0, 0.0, 0.0, 0.0, 0.0, 0.0, 0.0, 0.0, 0.0, 0.0, 0.0, 0.0, 0.0, 0.0, 0.0, 0.0, 0.0, 0.0, 0.0, 0.0, 0.0, 0.0, 0.0, 0.0, 0.0, 0.0, 0.0, 0.0], [0.0, 0.0, 0.0, 0.0, 0.0, 0.0, 0.0, 0.0, 0.0, 0.0, 0.0, 0.0, 0.0, 0.0, 0.0, 0.9686667855064022, 0.0, 0.0, 0.0, 0.0, 0.0, 0.0, 0.0, 0.0, 0.0, 0.0, 0.0, 0.0, 0.0, 0.0, 0.0, 0.0, 0.0, 0.0, 0.0, 0.0, 0.0, 0.0, 0.0, 0.0, 0.0, 0.0, 0.0, 0.0, 0.0, 0.0], [0.0, 0.0, 0.0, 0.0, 0.0, 0.0, 0.0, 0.0, 0.0, 0.0, 0.0, 0.0, 0.0, 0.0, 0.0, 0.0, 0.9700751008787186, 0.0, 0.0, 0.0, 0.0, 0.0, 0.0, 0.0, 0.0, 0.0, 0.0, 0.0, 0.0, 0.0, 0.0, 0.0, 0.0, 0.0, 0.0, 0.0, 0.0, 0.0, 0.0, 0.0, 0.0, 0.0, 0.0, 0.0, 0.0, 0.0], [0.0, 0.0, 0.0, 0.0, 0.0, 0.0, 0.0, 0.0, 0.0, 0.0, 0.0, 0.0, 0.0, 0.0, 0.0, 0.0, 0.0, 0.9705306312934675, 0.0, 0.0, 0.0, 0.0, 0.0, 0.0, 0.0, 0.0, 0.0, 0.0, 0.0, 0.0, 0.0, 0.0, 0.0, 0.0, 0.0, 0.0, 0.0, 0.0, 0.0, 0.0, 0.0, 0.0, 0.0, 0.0, 0.0, 0.0], [0.0, 0.0, 0.0, 0.0, 0.0, 0.0, 0.0, 0.0, 0.0, 0.0, 0.0, 0.0, 0.0, 0.0, 0.0, 0.0, 0.0, 0.0, 0.9703402748880012, 0.0, 0.0, 0.0, 0.0, 0.0, 0.0, 0.0, 0.0, 0.0, 0.0, 0.0, 0.0, 0.0, 0.0, 0.0, 0.0, 0.0, 0.0, 0.0, 0.0, 0.0, 0.0, 0.0, 0.0, 0.0, 0.0, 0.0], [0.0, 0.0, 0.0, 0.0, 0.0, 0.0, 0.0, 0.0, 0.0, 0.0, 0.0, 0.0, 0.0, 0.0, 0.0, 0.0, 0.0, 0.0, 0.0, 0.9679969813211793, 0.0, 0.0, 0.0, 0.0, 0.0, 0.0, 0.0, 0.0, 0.0, 0.0, 0.0, 0.0, 0.0, 0.0, 0.0, 0.0, 0.0, 0.0, 0.0, 0.0, 0.0, 0.0, 0.0, 0.0, 0.0, 0.0], [0.0, 0.0, 0.0, 0.0, 0.0, 0.0, 0.0, 0.0, 0.0, 0.0, 0.0, 0.0, 0.0, 0.0, 0.0, 0.0, 0.0, 0.0, 0.0, 0.0, 0.0, 0.9696065295575234, 0.0, 0.0, 0.0, 0.0, 0.0, 0.0, 0.0, 0.0, 0.0, 0.0, 0.0, 0.0, 0.0, 0.0, 0.0, 0.0, 0.0, 0.0, 0.0, 0.0, 0.0, 0.0, 0.0, 0.0], [0.0, 0.0, 0.0, 0.0, 0.0, 0.0, 0.0, 0.0, 0.0, 0.0, 0.0, 0.0, 0.0, 0.0, 0.0, 0.0, 0.0, 0.0, 0.0, 0.0, 0.0, 0.0, 0.9700190005701921, 0.0, 0.0, 0.0, 0.0, 0.0, 0.0, 0.0, 0.0, 0.0, 0.0, 0.0, 0.0, 0.0, 0.0, 0.0, 0.0, 0.0, 0.0, 0.0, 0.0, 0.0, 0.0, 0.0], [0.0, 0.0, 0.0, 0.0, 0.0, 0.0, 0.0, 0.0, 0.0, 0.0, 0.0, 0.0, 0.0, 0.0, 0.0, 0.0, 0.0, 0.0, 0.0, 0.0, 0.0, 0.0, 0.0, 0.970352407976988, 0.0, 0.0, 0.0, 0.0, 0.0, 0.0, 0.0, 0.0, 0.0, 0.0, 0.0, 0.0, 0.0, 0.0, 0.0, 0.0, 0.0, 0.0, 0.0, 0.0, 0.0, 0.0], [0.0, 0.0, 0.0, 0.0, 0.0, 0.0, 0.0, 0.0, 0.0, 0.0, 0.0, 0.0, 0.0, 0.0, 0.0, 0.0, 0.0, 0.0, 0.0, 0.0, 0.0, 0.0, 0.0, 0.0, 0.970125719059461, 0.0, 0.0, 0.0, 0.0, 0.0, 0.0, 0.0, 0.0, 0.0, 0.0, 0.0, 0.0, 0.0, 0.0, 0.0, 0.0, 0.0, 0.0, 0.0, 0.0, 0.0], [0.0, 0.0, 0.0, 0.0, 0.0, 0.0, 0.0, 0.0, 0.0, 0.0, 0.0, 0.0, 0.0, 0.0, 0.0, 0.0, 0.0, 0.0, 0.0, 0.0, 0.0, 0.0, 0.0, 0.0, 0.0, 0.9678255643738907, 0.0, 0.0, 0.0, 0.0, 0.0, 0.0, 0.0, 0.0, 0.0, 0.0, 0.0, 0.0, 0.0, 0.0, 0.0, 0.0, 0.0, 0.0, 0.0, 0.0]], "Born radii": [], "Atomic SASAs": [], "Solvent H bonds": [], "Total SASA": NaN, "Total FOD": 0.0, "FOD": [0.0, 0.0, 0.0, 0.0, 0.0, 0.0, 0.0, 0.0, 0.0, 0.0, 0.0, 0.0, 0.0, 0.0, 0.0, 0.0, 0.0, 0.0, 0.0, 0.0, 0.0, 0.0, 0.0, 0.0, 0.0, 0.0, 0.0, 0.0, 0.0, 0.0, 0.0, 0.0, 0.0, 0.0, 0.0, 0.0, 0.0, 0.0, 0.0, 0.0, 0.0, 0.0, 0.0, 0.0, 0.0, 0.0], "FOD s proportion": [0.0, 0.0, 0.0, 0.0, 0.0, 0.0, 0.0, 0.0, 0.0, 0.0, 0.0, 0.0, 0.0, 0.0, 0.0, 0.0, 0.0, 0.0, 0.0, 0.0, 0.0, 0.0, 0.0, 0.0, 0.0, 0.0, 0.0, 0.0, 0.0, 0.0, 0.0, 0.0, 0.0, 0.0, 0.0, 0.0, 0.0, 0.0, 0.0, 0.0, 0.0, 0.0, 0.0, 0.0, 0.0, 0.0], "FOD p proportion": [0.0, 0.0, 0.0, 0.0, 0.0, 0.0, 0.0, 0.0, 0.0, 0.0, 0.0, 0.0, 0.0, 0.0, 0.0, 0.0, 0.0, 0.0, 0.0, 0.0, 0.0, 0.0, 0.0, 0.0, 0.0, 0.0, 0.0, 0.0, 0.0, 0.0, 0.0, 0.0, 0.0, 0.0, 0.0, 0.0, 0.0, 0.0, 0.0, 0.0, 0.0, 0.0, 0.0, 0.0, 0.0, 0.0], "FOD d proportion": [0.0, 0.0, 0.0, 0.0, 0.0, 0.0, 0.0, 0.0, 0.0, 0.0, 0.0, 0.0, 0.0, 0.0, 0.0, 0.0, 0.0, 0.0, 0.0, 0.0, 0.0, 0.0, 0.0, 0.0, 0.0, 0.0, 0.0, 0.0, 0.0, 0.0, 0.0, 0.0, 0.0, 0.0, 0.0, 0.0, 0.0, 0.0, 0.0, 0.0, 0.0, 0.0, 0.0, 0.0, 0.0, 0.0], "coordinates": [["1.40080", "2.86560", "1.68530"], ["0.67200", "2.06540", "1.12350"], ["0.87700", "1.45780", "-0.06740"], ["2.05250", "1.61880", "-0.87510"], ["2.95520", "0.56750", "-0.53590"], ["4.06600", "0.55010", "-1.31590"], ["4.31210", "1.34960", "-2.20840"], ["4.94720", "-0.61840", "-0.95540"], ["4.81190", "-1.75570", "-1.96080"], ["3.46610", "-2.46150", "-1.87260"], ["-0.17740", "0.64800", "-0.38320"], ["-0.27190", "-0.01000", "-1.41480"], ["-1.22800", "0.71360", "0.77050"], ["-0.52890", "1.64960", "1.63290"], ["-1.37320", "-0.67810", "1.40600"], ["-2.04890", "-1.69640", "0.70470"], ["-2.19570", "-2.97340", "1.24980"], ["-1.66670", "-3.26060", "2.50420"], ["-0.98770", "-2.27300", "3.21230"], ["-0.83940", "-0.99380", "2.66920"], ["-2.57470", "1.34310", "0.38400"], ["-3.56760", "1.51260", "1.37280"], ["-4.80110", "2.09210", "1.06920"], ["-5.06900", "2.51680", "-0.22790"], ["-4.10560", "2.36020", "-1.22010"], ["-2.86950", "1.78000", "-0.91900"], ["1.76890", "1.54900", "-1.93160"], ["2.51510", "2.58850", "-0.66080"], ["4.72280", "-0.95850", "0.06220"], ["5.97990", "-0.25110", "-0.93530"], ["4.95470", "-1.38050", "-2.98090"], ["5.60460", "-2.48920", "-1.77270"], ["3.43770", "-3.30580", "-2.56880"], ["3.29080", "-2.84840", "-0.86370"], ["2.64360", "-1.78750", "-2.13110"], ["-0.90680", "2.04810", "2.47950"], ["-2.46570", "-1.50180", "-0.28350"], ["-2.72070", "-3.74390", "0.69060"], ["-1.77900", "-4.25540", "2.92740"], ["-0.56790", "-2.49940", "4.18950"], ["-0.29300", "-0.25500", "3.25110"], ["-3.38840", "1.18200", "2.39480"], ["-5.55310", "2.20850", "1.84550"], ["-6.02910", "2.96670", "-0.46700"], ["-4.31580", "2.68860", "-2.23540"], ["-2.15420", "1.67530", "-1.73200"]], "bond_dist": [[0.0, 1.2194624717472862, 2.308294732047881, 2.921450203238111, 3.554033259551745, 4.633792478089626, 5.09262440986963, 5.62925443109476, 6.803386076800287, 6.7306842824485535, 3.4186484537021355, 4.54726518470168, 3.5183167111560607, 2.281478435138058, 4.508979283607323, 5.802917408510999, 6.871564123254617, 6.900034775274688, 5.868719724948535, 4.569630576972279, 4.451515268984259, 5.1588044942602735, 6.28024243719938, 6.755761076296289, 6.246376492015191, 5.118238753712062, 3.866639209959988, 2.612017249177348, 5.319199039329136, 6.127766318977903, 7.241062964786316, 7.635678193847616, 7.767400233025204, 6.536000076499388, 6.144981725766156, 2.5737283559070487, 6.156312081920475, 7.8524951824245015, 7.896998255666517, 6.239392785359806, 3.8805711486841727, 5.125849768574962, 6.986713795483539, 7.73602162031622, 6.934171403275232, 5.072748602089404], [1.2194624717472862, 0.0, 1.3525699870986343, 2.4697436648364945, 3.195358353925268, 4.445901758923605, 4.98640704916877, 5.45911555931911, 6.422809642983357, 6.105442951170701, 2.2362128722462895, 3.4119201719852708, 2.3583833954639353, 1.3691379806286874, 3.433575620253616, 4.661526519285287, 5.799065478161116, 5.978471893385467, 5.093074129639191, 3.745960903426516, 3.407291949628033, 4.282749874788394, 5.473434478460485, 5.915160599679438, 5.329618162682951, 4.098229088277033, 3.286866985443737, 2.618086650590465, 5.165201790830635, 6.146432469327228, 6.860163661313045, 7.311832763404809, 7.080393013103157, 5.912064590310225, 5.41520693325749, 2.0812603705447335, 4.954768019796688, 6.741348692212857, 7.015266840969059, 5.636941284952328, 3.292743980330083, 4.34550887814074, 6.26846325824759, 6.945989717095757, 6.045555085349897, 4.036516406506977], [2.308294732047881, 1.3525699870986343, 0.0, 1.4353050337820183, 2.3089048442930684, 3.5429355822537896, 4.049135741118097, 4.6546405317704185, 5.421714103491626, 5.03220611064372, 1.366479066799049, 2.299977132495017, 2.3847295548971585, 2.2145794499182005, 3.4345853330496827, 4.371041850634698, 5.550858903809392, 5.9453204127279795, 5.3058841694857986, 4.055286806133446, 3.4829801808221648, 4.672434936946688, 5.82537686849529, 6.041701519439702, 5.193201884194374, 3.85555413008299, 2.06858519041397, 2.0770117139775595, 4.5437296893631345, 5.450979547751028, 5.759519635351546, 6.390388004651987, 5.958697123532962, 5.00038824192682, 4.232222269682914, 3.1649796429045165, 4.46985174921943, 6.369905193956971, 6.975945619054094, 5.989020409048545, 3.9134417192542936, 4.932761056446988, 6.750475754345022, 7.0803020119201125, 5.760231287023117, 3.4650213347106535], [2.921450203238111, 2.4697436648364945, 1.4353050337820183, 0.0, 1.4265888055077398, 2.321767985824595, 2.637413446921055, 3.6593442062752164, 4.492246998997272, 4.431943061457356, 2.4813045480150158, 2.889134972617237, 3.780088180188393, 3.599255284083084, 4.7132353336110855, 5.505252132282408, 6.606867948581991, 7.004331623359934, 6.410597635166319, 5.267905357919787, 4.803365813676906, 6.053912524970939, 7.139758283023312, 7.207012840976489, 6.212156998177043, 4.924834682504582, 1.0961264753667799, 1.0955552656073537, 3.827728918040043, 4.350243764434356, 4.67471485440556, 5.504431321217478, 5.388792433375031, 4.6356652909803575, 3.6782896704854555, 4.493895430470094, 5.522885673269002, 7.348020551141648, 7.977820763842718, 7.033934927194023, 5.102746626082859, 6.362895021922018, 8.099046969242739, 8.203391894820093, 6.5992524591805095, 4.293459531659754], [3.554033259551745, 3.195358353925268, 2.3089048442930684, 1.4265888055077398, 0.0, 1.3574164431006426, 2.2913127831005524, 2.355929341045694, 3.2977163522656094, 3.3500189103943874, 3.137352434776813, 3.3941340383078566, 4.384881801143561, 4.244241588317046, 4.904848777485398, 5.630750250188691, 6.500651360440736, 6.727445074469207, 6.137092463047953, 5.206660432561355, 5.659290183406396, 6.861724968256889, 8.066036254567667, 8.263317743497463, 7.316884553551464, 5.961883255314549, 2.0781309944274446, 2.0721315160964084, 2.4105620444203466, 3.1588663172093874, 3.710893322368618, 4.229942019697196, 4.400902356335573, 3.4479636033461833, 2.8614301668920734, 5.118579638923282, 5.807914002462502, 7.232448618552365, 7.593909463510873, 6.644359591412854, 5.056548080459633, 7.014832407121356, 8.986385026805829, 9.299384621575774, 7.76239695326128, 5.363193489890142], [4.633792478089626, 4.445901758923605, 3.5429355822537896, 2.321767985824595, 1.3574164431006426, 0.0, 1.2232422940693313, 1.5072710240696592, 2.507783176432923, 3.1208219205843837, 4.3457976552066935, 4.375027957624956, 5.692647293658724, 5.569329196590914, 6.205006969375618, 6.820673619225597, 7.629335202361998, 7.872639188353547, 7.3494470907681215, 6.505966367881101, 6.900536609568853, 8.15029833196307, 9.310850037456301, 9.407437371037874, 8.37022617436351, 7.0548808544156145, 2.579448799646932, 2.6437702963759917, 2.146257163063178, 2.109452775010619, 2.6998572277066804, 3.4370482524980646, 4.102741048372417, 3.5149995917496204, 2.8551964135589687, 6.432558200280818, 6.923817462931847, 8.277908862750303, 8.675393370908319, 7.8154915789091595, 6.364476098627443, 8.35084854730344, 10.260205910701792, 10.414971472836589, 8.699036368472084, 6.334832459505145], [5.09262440986963, 4.98640704916877, 4.049135741118097, 2.637413446921055, 2.2913127831005524, 1.2232422940693313, 0.0, 2.4179299017961626, 3.1549950697267337, 3.9182854477436937, 4.896856935831391, 4.846789568363784, 6.3222661459321685, 6.187153359179002, 7.03548795322684, 7.630634875945776, 8.543941542403013, 8.89992091200815, 8.402088983699233, 7.471308959613436, 7.358572840571737, 8.656860546988153, 9.713103636325517, 9.658663121778293, 8.535556369680888, 7.309115889079882, 2.565978339737107, 2.675658418034709, 3.263682653077655, 2.6390492492562543, 2.9091471293147073, 4.073914110533013, 4.750496045677757, 4.524873012582784, 3.5540489515480793, 7.049909635591083, 7.600940389846508, 9.154682904939962, 9.741353389031731, 8.919771600775437, 7.320370716022516, 8.973028488197283, 10.700186234827878, 10.610744733994878, 8.731226054226292, 6.492000703943277], [5.62925443109476, 5.45911555931911, 4.6546405317704185, 3.6593442062752164, 2.355929341045694, 1.5072710240696592, 2.4179299017961626, 0.0, 1.5240034580013264, 2.5361251270392793, 5.3096804950957255, 5.274486110513515, 6.548744142963595, 6.467672850415363, 6.747386917170231, 7.270724256908661, 7.837726229589803, 7.917936992045338, 7.438444895272129, 6.838376260487573, 7.887994309075025, 9.080941321250787, 10.318680550341696, 10.520598734387695, 9.533903287216626, 8.176456837163638, 3.968901622615506, 4.035604933588023, 1.0961446665472583, 1.0962584503665185, 2.1641402241999015, 2.144771943587476, 3.4790470778648572, 2.779382998077091, 2.838245630666944, 7.292329960993262, 7.495527438412856, 8.442437838681432, 8.575877289234029, 7.773318790581022, 6.729516910596184, 9.16228724500602, 11.22910078813081, 11.557276420506692, 9.918559270377932, 7.502936039311544], [6.803386076800287, 6.422809642983357, 5.421714103491626, 4.492246998997272, 3.2977163522656094, 2.507783176432923, 3.1549950697267337, 1.5240034580013264, 0.0, 1.5222058073729712, 5.7584468339995984, 5.402833231740546, 7.073742587202336, 7.282505916235152, 7.1240456209937335, 7.360637430277353, 7.803666023735254, 8.010818121140936, 7.7887048384182584, 7.345378363297564, 8.346406893987375, 9.592220498925158, 10.788708627078591, 10.903640835519116, 9.84942006160769, 8.520001624999844, 4.492409568371967, 5.0830467123566745, 2.1762342819650646, 2.1632603657442626, 1.0962531140206628, 1.0962559691969753, 2.1589116818434233, 2.170568338016566, 2.175209925501444, 8.178550496267661, 7.472701135466345, 8.229393899917538, 8.578051185438333, 8.204969702564416, 7.44822167433274, 9.738904083109146, 11.731838147963002, 11.918883387297655, 10.155890652227406, 7.768568700217562], [6.7306842824485535, 6.105442951170701, 5.03220611064372, 4.431943061457356, 3.3500189103943874, 3.1208219205843837, 3.9182854477436937, 2.5361251270392793, 1.5222058073729712, 0.0, 5.016213199217114, 4.493559512235262, 6.253144203518739, 6.719352532796594, 6.1113466609250695, 6.13539552922222, 6.4859388379786616, 6.792685396071277, 6.762253670190139, 6.42801841783298, 7.487221738402035, 8.706263702645355, 9.88615476512481, 10.016807924184231, 9.00028821927387, 7.683716715886915, 4.355235824843473, 5.27971213609227, 2.75349867078232, 3.4761458384250794, 2.1477476225106154, 2.141011338129716, 1.0946887639872807, 1.0946693153642337, 1.0943511776390609, 7.641957928436926, 6.215505944008098, 6.818433708704661, 7.332745135350062, 7.2817339157648435, 6.7269440870279285, 8.858327452741856, 10.815689356208415, 11.027233997698609, 9.338796574505732, 6.980018244245498], [3.4186484537021355, 2.2362128722462895, 1.366479066799049, 2.4813045480150158, 3.137352434776813, 4.3457976552066935, 4.896856935831391, 5.3096804950957255, 5.7584468339995984, 5.016213199217114, 0.0, 1.2272297299201973, 1.561757794922119, 2.2784674717888773, 2.527788656118229, 3.190963807378579, 4.455868248725494, 5.082543380041138, 4.702812705179742, 3.528582860016185, 2.6112845766020985, 3.9146551827715297, 5.057024051752176, 5.2387290529287736, 4.366095016144289, 2.96915948544365, 2.6452650623330736, 3.3304891922959303, 5.176020039567081, 6.247042380999187, 6.099287495273526, 6.723411194475614, 5.786046129266513, 4.948141514750765, 4.116412960333305, 3.2691521316696166, 3.141320903696405, 5.1875048857808315, 6.129316966840595, 5.564908112448937, 3.746586292880494, 4.279364555632062, 6.024982525285862, 6.294901509952319, 4.972026524466659, 2.6042935644815466], [4.54726518470168, 3.4119201719852708, 2.299977132495017, 2.889134972617237, 3.3941340383078566, 4.375027957624956, 4.846789568363784, 5.274486110513515, 5.402833231740546, 4.493559512235262, 1.2272297299201973, 0.0, 2.4926412216763163, 3.4797695972578415, 3.100988864862304, 3.2394373292286422, 4.425250180498273, 5.279245059665255, 5.200345474100736, 4.238982742356944, 3.220162866999121, 4.57718942256053, 5.57698243228361, 5.550280917214912, 4.5114312385317366, 3.1933436081950215, 2.6196236141858242, 3.8843387146334187, 5.294167483183735, 6.274795032509029, 5.625681027217949, 6.3880965318316845, 5.0946192988289125, 4.588361042899741, 3.4889442801512325, 4.450218658672852, 2.8841056447363367, 4.936733718765881, 6.2569539242350185, 6.1394549310179, 4.672375522151447, 5.064236211907971, 6.591082747166811, 6.550146530422048, 4.930411091379704, 2.546351354389256], [3.5183167111560607, 2.3583833954639353, 2.3847295548971585, 3.780088180188393, 4.384881801143561, 5.692647293658724, 6.3222661459321685, 6.548744142963595, 7.073742587202336, 6.253144203518739, 1.561757794922119, 2.4926412216763163, 0.0, 1.4520917911757507, 1.536805836792664, 2.546822814802789, 3.8418928642011867, 4.3580315533506635, 3.8652180908714584, 2.5828833519924976, 1.5359861294946644, 2.5445813899343053, 3.8414225945605103, 4.359084055165718, 3.867086976006617, 2.5857574248177264, 4.1207580831686785, 4.424326763474868, 6.221706192034465, 7.469553008045394, 7.5288801331937805, 7.963053236039553, 7.005373461850552, 5.9814719827146225, 5.446473201072415, 2.191971872538514, 2.747874533161949, 4.701472487423488, 5.4448856379174755, 4.738001900590586, 2.8223726401735116, 2.743187417950148, 4.70072771174847, 5.445955110905707, 4.740313138390754, 2.8364096283858578], [2.281478435138058, 1.3691379806286874, 2.2145794499182005, 3.599255284083084, 4.244241588317046, 5.569329196590914, 6.187153359179002, 6.467672850415363, 7.282505916235152, 6.719352532796594, 2.2784674717888773, 3.4797695972578415, 1.4520917911757507, 0.0,