{"total energy": -39.36768083, "HOMO-LUMO gap/eV": 3.71643616, "electronic energy": -39.85801082, "dipole": [-1.77235902, 1.49565179, -0.0176828], "partial charges": [-0.03922995, -0.14045139, -0.04478056, 0.31581342, -0.45608089, -0.18341433, 0.08000695, -0.05537003, -0.04074279, 0.09200012, -0.18167028, -0.03939704, -0.04235523, 0.04786944, 0.07605604, 0.04639374, 0.04981579, 0.05195003, 0.054489, 0.17639568, 0.03667542, 0.05466646, 0.05994254, 0.08141788], "atomic dipole moments": [[0.1134846, 0.1217161, 0.02179778], [-0.02476926, -0.00517719, -0.11318527], [0.05574033, -0.13400398, 0.05114968], [0.00751592, 0.04887798, 0.01198608], [-0.05620799, 0.19695171, 0.02411688], [0.01118817, -0.0538372, 0.02367537], [-0.15994645, -0.00485887, -0.00459175], [-0.01338219, -0.02470475, -0.01694285], [0.01107365, -0.02812417, -0.01389272], [0.24598422, 0.00334668, 0.0157876], [-0.01251324, -0.01388626, -0.00206243], [0.00787291, 0.02543742, 0.01796895], [-0.00205109, 0.04488938, 0.02996299], [-0.11140243, 0.03966189, 0.04021825], [0.03006334, -0.11356697, 0.0666141], [0.00406221, -0.02102635, -0.12182121], [-0.01581597, -0.01081419, -0.12155958], [0.08800578, 0.09605735, 0.01610487], [-0.10609224, 0.03117011, 0.05909135], [-0.06110175, 0.09368014, 0.06945379], [-0.06999756, 0.11828943, 0.06145524], [0.06967999, 0.11893741, 0.06972547], [0.07843144, -0.11885766, -0.06216319], [-0.06195299, -0.12459759, -0.07534085]], "atomic quadrupole moments": [[0.1096552, 0.24219201, 0.08144048, 0.07233604, 0.06465854, -0.19109569], [-0.00351356, 0.00977112, 0.08536261, 0.0405368, -0.00457802, -0.08184905], [-0.08218157, -0.11423168, 0.229616, 0.07277871, -0.1369051, -0.14743443], [-0.19252024, 0.06929283, -0.2104354, -0.11982793, -0.10283121, 0.40295564], [-0.07399934, -0.01244365, -0.04653104, -0.05744406, -0.03494208, 0.12053038], [0.02256586, 0.02916808, 0.01652244, 0.03934801, -0.012673, -0.0390883], [-0.01298116, 0.02748622, -0.18985043, -0.00200939, -0.31815211, 0.2028316], [-0.20787603, 0.02364517, -0.08694825, -0.02068882, -0.29188281, 0.29482428], [-0.24726136, 0.00446073, -0.0785916, -0.0383784, -0.32258259, 0.32585296], [0.20573067, 0.02098885, -0.29585967, 0.00856735, -0.3077901, 0.090129], [0.44607564, 0.00834388, -0.22989489, 0.03802215, -0.0091417, -0.21618075], [-0.25197949, 0.0367024, -0.07732386, -0.02010645, -0.33059666, 0.32930336], [-0.22407047, 0.01530749, -0.08641302, -0.03721357, -0.34710228, 0.31048349], [0.0557808, -0.02868039, -0.01463934, -0.03092101, 0.02351343, -0.04114146], [-0.01516769, -0.01489556, 0.02837331, 0.0274331, -0.04227241, -0.01320562], [-0.02888099, 0.0257477, -0.03499345, 0.00370857, 0.02375529, 0.06387444], [-0.04713504, -0.01395982, -0.0154755, 0.02078753, 0.0038014, 0.06261054], [0.0407043, 0.04391282, 0.0017732, 0.03368961, 0.01171944, -0.0424775], [0.0345011, -0.03150507, -0.01824073, -0.05000552, -0.00283762, -0.01626037], [0.02737593, -0.00483583, 0.02274069, 0.00083206, 0.04620411, -0.05011661], [0.0399405, -0.00617962, 0.00466747, 0.0020693, 0.03872437, -0.04460797], [0.03661809, -0.00325885, 0.00553353, 0.00352208, 0.03707271, -0.04215162], [0.03839433, 0.00022283, 0.00273517, 0.00535043, 0.03684717, -0.0411295], [0.04776171, -0.00118766, -0.00567313, 0.0032489, 0.03099823, -0.04208858]], "number of molecular orbitals": 68, "number of electrons": 70, "number of unpaired electrons": 0, "orbital energies/eV": [-28.58433122, -19.01777832, -18.28686232, -18.22307484, -17.92857265, -17.54860592, -17.26879544, -17.04357603, -16.74115517, -16.39607596, -16.03482711, -15.56526538, -15.48055938, -15.19554458, -14.99583602, -14.52639698, -14.25996262, -14.12118762, -14.01050107, -13.62111778, -13.55949432, -13.54526828, -13.46220754, -13.37088816, -13.18015102, -12.89592593, -12.69984184, -12.40239791, -12.04527596, -11.48313794, -11.26826335, -11.24089244, -10.97644165, -10.58587779, -10.22014241, -6.50370625, -6.43161005, -5.20006019, -3.52640463, -2.88745274, -0.90989499, 0.25711044, 0.55763015, 0.7119551, 0.71289165, 1.08757253, 2.21711764, 2.63847721, 3.20194056, 3.334761, 3.79859695, 4.21425259, 4.37875909, 4.65703606, 4.97949365, 5.06331941, 5.13988471, 5.58853127, 6.09778302, 6.75180219, 9.02266823, 9.97324993, 10.48187051, 11.16426256, 12.18171942, 16.13940594, 16.23806085, 17.20296852], "fractional occupation": [2.0, 2.0, 2.0, 2.0, 2.0, 2.0, 2.0, 2.0, 2.0, 2.0, 2.0, 2.0, 2.0, 2.0, 2.0, 2.0, 2.0, 2.0, 2.0, 2.0, 2.0, 2.0, 2.0, 2.0, 2.0, 2.0, 2.0, 2.0, 2.0, 2.0, 2.0, 2.0, 2.0, 2.0, 2.0, 0.0, 0.0, 0.0, 0.0, 0.0, 0.0, 0.0, 0.0, 0.0, 0.0, 0.0, 0.0, 0.0, 0.0, 0.0, 0.0, 0.0, 0.0, 0.0, 0.0, 0.0, 0.0, 0.0, 0.0, 0.0, 0.0, 0.0, 0.0, 0.0, 0.0, 0.0, 0.0, 0.0], "program call": "xtb /home/svss/Project-DBcg-Debug/aqme2_20220329/End-to-End-workflows-final/example-3/QDESCP/mol_265_rdkit_conf_1/mol_265_rdkit_conf_1.xyz --pop --wbo --acc 0.2 --gfn 2 --chrg 0 --uhf 0 --etemp 300 --input /home/svss/Project-DBcg-Debug/aqme2_20220329/End-to-End-workflows-final/example-3/QDESCP/mol_265_rdkit_conf_1/mol_265_rdkit_conf_1_xtb.inp", "method": "GFN2-xTB", "xtb version": "6.3.3 (7355c4f)", "Dipole module/D": 5.895, "Total charge": 0, "Transition dipole module/D": NaN, "HOMO": -10.2201, "LUMO": -6.5037, "HOMO occupancy": 2.0, "LUMO occupancy": 0, "mulliken charges": [0.06756, -0.3112, 0.05728, 0.55905, -0.56912, -0.34473, 0.14915, -0.07032, -0.0469, 0.10183, -0.12667, -0.04689, -0.04541, 0.02434, 0.05806, 0.03453, 0.03771, 0.03216, 0.03482, 0.22392, 0.03074, 0.03959, 0.04356, 0.06695], "cm5 charges": [-0.0187, -0.57205, -0.03019, 0.71775, -0.61231, -0.68823, 0.20165, -0.11804, -0.09867, 0.09453, -0.12867, -0.09866, -0.09236, 0.08582, 0.12337, 0.0971, 0.09968, 0.09741, 0.09632, 0.42686, 0.08956, 0.09612, 0.10009, 0.13161], "FUKUI+": [0.023, -0.048, 0.02, -0.043, -0.086, -0.021, -0.052, -0.04, -0.035, -0.05, -0.124, -0.04, -0.033, -0.034, -0.017, -0.028, -0.031, -0.01, -0.034, -0.04, -0.07, -0.073, -0.073, -0.058], "FUKUI-": [0.028, -0.092, 0.028, 0.0, -0.059, -0.057, -0.028, -0.024, -0.021, -0.029, -0.207, -0.02, -0.023, -0.049, -0.036, -0.06, -0.052, -0.024, -0.047, -0.038, -0.047, -0.05, -0.049, -0.041], "FUKUIrad": [0.025, -0.07, 0.024, -0.022, -0.073, -0.039, -0.04, -0.032, -0.028, -0.04, -0.165, -0.03, -0.028, -0.042, -0.026, -0.044, -0.042, -0.017, -0.041, -0.039, -0.059, -0.062, -0.061, -0.05], "s proportion": [0.982, 1.444, 0.984, 0.945, 1.725, 1.419, 1.038, 1.059, 1.06, 1.074, 1.943, 1.064, 1.062, 0.976, 0.942, 0.965, 0.962, 0.968, 0.965, 0.776, 0.969, 0.96, 0.956, 0.933], "p proportion": [2.951, 3.867, 2.959, 2.496, 4.844, 3.925, 2.813, 3.012, 2.987, 2.825, 5.193, 2.983, 2.984, 0.0, 0.0, 0.0, 0.0, 0.0, 0.0, 0.0, 0.0, 0.0, 0.0, 0.0], "d proportion": [0.0, 0.0, 0.0, 0.0, 0.0, 0.0, 0.0, 0.0, 0.0, 0.0, -0.01, 0.0, 0.0, 0.0, 0.0, 0.0, 0.0, 0.0, 0.0, 0.0, 0.0, 0.0, 0.0, 0.0], "Fermi-level/eV": -8.3619, "Coordination numbers": [3.698, 2.732, 3.69, 2.693, 0.858, 2.695, 2.895, 2.919, 2.948, 2.879, 0.966, 2.948, 2.915, 0.924, 0.924, 0.924, 0.924, 0.924, 0.924, 0.86, 0.925, 0.925, 0.925, 0.925], "Dispersion coefficient C6": [21.444, 24.039, 21.569, 21.633, 22.834, 24.974, 26.214, 29.376, 29.012, 25.953, 104.862, 28.978, 29.052, 2.347, 2.02, 2.366, 2.322, 2.296, 2.265, 1.235, 2.494, 2.262, 2.2, 1.964], "Total dispersion C6": 7501.684648, "Total dispersion C8": 189537.944193, "Polarizability alpha": [6.623, 7.282, 6.646, 7.612, 6.407, 7.422, 8.395, 8.888, 8.834, 8.352, 15.666, 8.829, 8.839, 2.396, 2.223, 2.405, 2.383, 2.369, 2.353, 1.741, 2.469, 2.352, 2.319, 2.192], "Total polarizability alpha": 134.997936, "Wiberg matrix": [[0.0, 0.9996201485920334, 0.0, 0.0, 0.0, 0.0, 0.0, 0.0, 0.0, 0.0, 0.0, 0.0, 0.0, 0.9812781243557398, 0.9782043021034155, 0.9768026998413573, 0.0, 0.0, 0.0, 0.0, 0.0, 0.0, 0.0, 0.0], [0.9996201485920334, 0.0, 1.0003382606569236, 1.1422434600544698, 0.15534744441038417, 0.0, 0.0, 0.0, 0.0, 0.0, 0.0, 0.0, 0.0, 0.0, 0.0, 0.0, 0.0, 0.0, 0.0, 0.0, 0.0, 0.0, 0.0, 0.0], [0.0, 1.0003382606569236, 0.0, 0.0, 0.0, 0.0, 0.0, 0.0, 0.0, 0.0, 0.0, 0.0, 0.0, 0.0, 0.0, 0.0, 0.9750427875160856, 0.9753403653011203, 0.9797636356721829, 0.0, 0.0, 0.0, 0.0, 0.0], [0.0, 1.1422434600544698, 0.0, 0.0, 1.625971155609116, 1.1203474310263657, 0.0, 0.0, 0.0, 0.0, 0.0, 0.0, 0.0, 0.0, 0.0, 0.0, 0.0, 0.0, 0.0, 0.0, 0.0, 0.0, 0.0, 0.0], [0.0, 0.15534744441038417, 0.0, 1.625971155609116, 0.0, 0.12053492421394371, 0.0, 0.0, 0.0, 0.0, 0.0, 0.0, 0.0, 0.0, 0.0, 0.0, 0.0, 0.0, 0.0, 0.0, 0.0, 0.0, 0.0, 0.0], [0.0, 0.0, 0.0, 1.1203474310263657, 0.12053492421394371, 0.0, 1.0829746456749179, 0.0, 0.0, 0.0, 0.0, 0.0, 0.0, 0.0, 0.0, 0.0, 0.0, 0.0, 0.0, 0.928787026573393, 0.0, 0.0, 0.0, 0.0], [0.0, 0.0, 0.0, 0.0, 0.0, 1.0829746456749179, 0.0, 1.3624291191051758, 0.0, 0.0, 0.0, 0.0, 1.3695700652375231, 0.0, 0.0, 0.0, 0.0, 0.0, 0.0, 0.0, 0.0, 0.0, 0.0, 0.0], [0.0, 0.0, 0.0, 0.0, 0.0, 0.0, 1.3624291191051758, 0.0, 1.4508834430916024, 0.0, 0.0, 0.10589663112084552, 0.0, 0.0, 0.0, 0.0, 0.0, 0.0, 0.0, 0.0, 0.967031736511932, 0.0, 0.0, 0.0], [0.0, 0.0, 0.0, 0.0, 0.0, 0.0, 0.0, 1.4508834430916024, 0.0, 1.3958513535849422, 0.0, 0.0, 0.10618129104511478, 0.0, 0.0, 0.0, 0.0, 0.0, 0.0, 0.0, 0.0, 0.9682443953847959, 0.0, 0.0], [0.0, 0.0, 0.0, 0.0, 0.0, 0.0, 0.0, 0.0, 1.3958513535849422, 0.0, 0.9717319438400089, 1.4005063485696363, 0.0, 0.0, 0.0, 0.0, 0.0, 0.0, 0.0, 0.0, 0.0, 0.0, 0.0, 0.0], [0.0, 0.0, 0.0, 0.0, 0.0, 0.0, 0.0, 0.0, 0.0, 0.9717319438400089, 0.0, 0.0, 0.0, 0.0, 0.0, 0.0, 0.0, 0.0, 0.0, 0.0, 0.0, 0.0, 0.0, 0.0], [0.0, 0.0, 0.0, 0.0, 0.0, 0.0, 0.0, 0.10589663112084552, 0.0, 1.4005063485696363, 0.0, 0.0, 1.4454468050170621, 0.0, 0.0, 0.0, 0.0, 0.0, 0.0, 0.0, 0.0, 0.0, 0.9676280040484486, 0.0], [0.0, 0.0, 0.0, 0.0, 0.0, 0.0, 1.3695700652375231, 0.0, 0.10618129104511478, 0.0, 0.0, 1.4454468050170621, 0.0, 0.0, 0.0, 0.0, 0.0, 0.0, 0.0, 0.0, 0.0, 0.0, 0.0, 0.9606166261388216], [0.9812781243557398, 0.0, 0.0, 0.0, 0.0, 0.0, 0.0, 0.0, 0.0, 0.0, 0.0, 0.0, 0.0, 0.0, 0.0, 0.0, 0.0, 0.0, 0.0, 0.0, 0.0, 0.0, 0.0, 0.0], [0.9782043021034155, 0.0, 0.0, 0.0, 0.0, 0.0, 0.0, 0.0, 0.0, 0.0, 0.0, 0.0, 0.0, 0.0, 0.0, 0.0, 0.0, 0.0, 0.0, 0.0, 0.0, 0.0, 0.0, 0.0], [0.9768026998413573, 0.0, 0.0, 0.0, 0.0, 0.0, 0.0, 0.0, 0.0, 0.0, 0.0, 0.0, 0.0, 0.0, 0.0, 0.0, 0.0, 0.0, 0.0, 0.0, 0.0, 0.0, 0.0, 0.0], [0.0, 0.0, 0.9750427875160856, 0.0, 0.0, 0.0, 0.0, 0.0, 0.0, 0.0, 0.0, 0.0, 0.0, 0.0, 0.0, 0.0, 0.0, 0.0, 0.0, 0.0, 0.0, 0.0, 0.0, 0.0], [0.0, 0.0, 0.9753403653011203, 0.0, 0.0, 0.0, 0.0, 0.0, 0.0, 0.0, 0.0, 0.0, 0.0, 0.0, 0.0, 0.0, 0.0, 0.0, 0.0, 0.0, 0.0, 0.0, 0.0, 0.0], [0.0, 0.0, 0.9797636356721829, 0.0, 0.0, 0.0, 0.0, 0.0, 0.0, 0.0, 0.0, 0.0, 0.0, 0.0, 0.0, 0.0, 0.0, 0.0, 0.0, 0.0, 0.0, 0.0, 0.0, 0.0], [0.0, 0.0, 0.0, 0.0, 0.0, 0.928787026573393, 0.0, 0.0, 0.0, 0.0, 0.0, 0.0, 0.0, 0.0, 0.0, 0.0, 0.0, 0.0, 0.0, 0.0, 0.0, 0.0, 0.0, 0.0], [0.0, 0.0, 0.0, 0.0, 0.0, 0.0, 0.0, 0.967031736511932, 0.0, 0.0, 0.0, 0.0, 0.0, 0.0, 0.0, 0.0, 0.0, 0.0, 0.0, 0.0, 0.0, 0.0, 0.0, 0.0], [0.0, 0.0, 0.0, 0.0, 0.0, 0.0, 0.0, 0.0, 0.9682443953847959, 0.0, 0.0, 0.0, 0.0, 0.0, 0.0, 0.0, 0.0, 0.0, 0.0, 0.0, 0.0, 0.0, 0.0, 0.0], [0.0, 0.0, 0.0, 0.0, 0.0, 0.0, 0.0, 0.0, 0.0, 0.0, 0.0, 0.9676280040484486, 0.0, 0.0, 0.0, 0.0, 0.0, 0.0, 0.0, 0.0, 0.0, 0.0, 0.0, 0.0], [0.0, 0.0, 0.0, 0.0, 0.0, 0.0, 0.0, 0.0, 0.0, 0.0, 0.0, 0.0, 0.9606166261388216, 0.0, 0.0, 0.0, 0.0, 0.0, 0.0, 0.0, 0.0, 0.0, 0.0, 0.0]], "Born radii": [], "Atomic SASAs": [], "Solvent H bonds": [], "Total SASA": NaN, "Total FOD": 0.0, "FOD": [0.0, 0.0, 0.0, 0.0, 0.0, 0.0, 0.0, 0.0, 0.0, 0.0, 0.0, 0.0, 0.0, 0.0, 0.0, 0.0, 0.0, 0.0, 0.0, 0.0, 0.0, 0.0, 0.0, 0.0], "FOD s proportion": [0.0, 0.0, 0.0, 0.0, 0.0, 0.0, 0.0, 0.0, 0.0, 0.0, 0.0, 0.0, 0.0, 0.0, 0.0, 0.0, 0.0, 0.0, 0.0, 0.0, 0.0, 0.0, 0.0, 0.0], "FOD p proportion": [0.0, 0.0, 0.0, 0.0, 0.0, 0.0, 0.0, 0.0, 0.0, 0.0, 0.0, 0.0, 0.0, 0.0, 0.0, 0.0, 0.0, 0.0, 0.0, 0.0, 0.0, 0.0, 0.0, 0.0], "FOD d proportion": [0.0, 0.0, 0.0, 0.0, 0.0, 0.0, 0.0, 0.0, 0.0, 0.0, 0.0, 0.0, 0.0, 0.0, 0.0, 0.0, 0.0, 0.0, 0.0, 0.0, 0.0, 0.0, 0.0, 0.0], "coordinates": [["-3.43080", "-1.35270", "-0.60950"], ["-2.44320", "-0.31150", "-0.37670"], ["-2.82300", "1.01740", "-0.83950"], ["-1.11500", "-0.72840", "-0.23380"], ["-0.79220", "-1.90580", "-0.36740"], ["-0.24650", "0.28780", "0.09920"], ["1.16000", "0.22490", "0.15730"], ["1.82750", "1.29130", "0.77480"], ["3.22340", "1.30640", "0.85640"], ["3.95860", "0.25640", "0.31350"], ["5.67560", "0.27360", "0.41110"], ["3.30890", "-0.80360", "-0.31200"], ["1.91180", "-0.81670", "-0.39280"], ["-4.41120", "-1.00600", "-0.27010"], ["-3.17490", "-2.26500", "-0.06220"], ["-3.46560", "-1.57620", "-1.68010"], ["-2.99400", "0.97090", "-1.91990"], ["-2.05960", "1.77390", "-0.65330"], ["-3.74750", "1.31580", "-0.33670"], ["-0.67650", "1.06530", "0.57440"], ["1.27280", "2.12170", "1.20380"], ["3.72720", "2.13730", "1.34260"], ["3.87690", "-1.62430", "-0.74190"], ["1.43740", "-1.65260", "-0.89910"]], "bond_dist": [[0.0, 1.4538387255813487, 2.4575790628177154, 2.4277212813665416, 2.706795518689951, 3.651474007849433, 4.914493731810022, 6.046217113203925, 7.314236341546532, 7.618685199560354, 9.30661039315604, 6.768572460275505, 5.373790994260942, 1.0938818080578905, 1.094218163804641, 1.0942338187060385, 2.7031572947203792, 3.4143426072964616, 2.701038870508901, 3.851559645130788, 6.12236598138334, 8.199253527608473, 7.313943916246556, 4.8860187688955925], [1.4538387255813487, 0.0, 1.4575345930714647, 1.3994074674661416, 2.2951426927317615, 2.3261840404404803, 3.681838019250711, 4.7046571160925215, 6.020672020630255, 6.46389431302833, 8.177889965632945, 5.773474076325276, 4.384234397246571, 2.0896693063736187, 2.109610720014477, 2.084135170760284, 2.0807202214617897, 2.1383520944877152, 2.085882014880036, 2.4333923522523038, 4.714562385842402, 6.857583400149064, 6.465328985442272, 4.138901705766881], [2.4575790628177154, 1.4575345930714647, 0.0, 2.5163374435874055, 3.590560581580542, 2.8375739814144048, 4.1816211557241765, 4.930328178732122, 6.286378191773066, 6.920883510072973, 8.622264247864361, 6.418293765480044, 5.097234028372642, 2.6345290205271987, 3.391486202242315, 2.8011255023650765, 1.0948367047190188, 1.0907530655469182, 1.0938695763206874, 2.5707722322290634, 4.708516859903976, 6.99434460546519, 7.202552648887754, 5.028266134563682], [2.4277212813665416, 1.3994074674661416, 2.5163374435874055, 0.0, 1.228136621064611, 1.3776224773137233, 2.497471741581874, 3.708742145256259, 4.914332267968864, 5.1971901341013105, 6.89435626944242, 4.425230105881501, 3.0322592451833663, 3.3080679996033937, 2.5756114089668105, 2.8871904838441127, 3.0432211059993652, 2.7073519719460197, 3.334576179966504, 2.015646094928373, 3.9863959424522797, 5.843301660020643, 5.097045029230172, 2.7949088518232577], [2.706795518689951, 2.2951426927317615, 3.590560581580542, 1.228136621064611, 0.0, 2.308112867690833, 2.937052505489134, 4.288227762141372, 5.28592079395823, 5.2639181500095535, 6.869372857110029, 4.246991312682426, 2.9152015316269297, 3.7304514914417526, 2.4288744245020157, 2.9964787684881062, 3.941266595905433, 3.9023369485476262, 4.371892855503209, 3.118943561528486, 4.790996836776246, 6.300455060549198, 4.692545930515759, 2.3060640255639044], [3.651474007849433, 2.3261840404404803, 2.8375739814144048, 1.3776224773137233, 2.308112867690833, 0.0, 1.4091040664195102, 2.401025532975441, 3.6947400192706388, 4.2106741099258675, 5.930324751647249, 3.741805521402736, 2.4739125166424136, 4.376645635643809, 3.888234092746989, 4.123470540697483, 3.477376406142999, 2.462129377185529, 3.6747508500577286, 1.0075819023781638, 2.6251862524400056, 4.555983483288762, 4.622337415204563, 2.7563153411756067], [4.914493731810022, 3.681838019250711, 4.1816211557241765, 2.497471741581874, 2.937052505489134, 1.4091040664195102, 0.0, 1.4014533385025703, 2.4322834168739464, 2.8031326493764084, 4.522988999544439, 2.428132193683038, 1.397406100602112, 5.721543061972007, 5.003912496237319, 5.293030826473618, 4.703933655994735, 3.6636453867698493, 5.051500278135199, 2.062274671327755, 2.1692709213005186, 3.4136088952895585, 3.407293191082916, 2.172081483278194], [6.046217113203925, 4.7046571160925215, 4.930328178732122, 3.708742145256259, 4.288227762141372, 2.401025532975441, 1.4014533385025703, 0.0, 1.3983645375938278, 2.4135871457231457, 3.9969819351605786, 2.7864468790917223, 2.4112362493127875, 6.729842567995183, 6.194501146177955, 6.501230488915156, 5.532714207330793, 4.169162839228039, 5.684774181970644, 2.52215228723406, 1.086874992811961, 2.1556838659692197, 3.8731308537151183, 3.4089098594712066], [7.314236341546532, 6.020672020630255, 6.286378191773066, 4.914332267968864, 5.28592079395823, 3.6947400192706388, 2.4322834168739464, 1.3983645375938278, 0.0, 1.3920342847789349, 2.69782370995586, 2.413414346936721, 2.7907613316082767, 8.05625925414519, 7.384914813997518, 7.712712623325207, 6.817364938156091, 5.514330361884387, 7.072271401749229, 3.9175085475337506, 2.1424848214164784, 1.0865540437548424, 3.401562527721635, 3.8765006449115935], [7.618685199560354, 6.46389431302833, 6.920883510072973, 5.1971901341013105, 5.2639181500095535, 4.2106741099258675, 2.8031326493764084, 2.4135871457231457, 1.3920342847789349, 0.0, 1.7198577266739248, 1.3917472256124674, 2.416566477463428, 8.484562143092594, 7.575317201279429, 7.90263306499802, 7.337385949369162, 6.281420200082144, 7.805707245983544, 4.712381566681544, 3.3890263823110027, 2.1564734127737353, 2.158141918410372, 3.3869055493178433], [9.30661039315604, 8.177889965632945, 8.622264247864361, 6.89435626944242, 6.869372857110029, 5.930324751647249, 4.522988999544439, 3.9969819351605786, 2.69782370995586, 1.7198577266739248, 0.0, 2.698981722798434, 4.000149964688824, 10.190433937767322, 9.219536490518381, 9.558054975778283, 9.004540657357266, 7.950922367247716, 9.510005220292994, 6.40332961747246, 4.8402990341506795, 2.8526010060995213, 2.8577535058153636, 4.836239212445968], [6.768572460275505, 5.773474076325276, 6.418293765480044, 4.425230105881501, 4.246991312682426, 3.741805521402736, 2.428132193683038, 2.7864468790917223, 2.413414346936721, 1.3917472256124674, 2.698981722798434, 0.0, 1.3994958592293154, 7.722866396617256, 6.651146701133573, 6.954312231989587, 6.742458088115936, 5.964963050178936, 7.367852292900557, 4.49020103447496, 3.8730779671986983, 3.400230706878579, 1.0867320276866788, 2.137287921642753], [5.373790994260942, 4.384234397246571, 5.097234028372642, 3.0322592451833663, 2.9152015316269297, 2.4739125166424136, 1.397406100602112, 2.4112362493127875, 2.7907613316082767, 2.416566477463428, 4.000149964688824, 1.3994958592293154, 0.0, 6.327022900227247, 5.299187309389998, 5.581255441206753, 5.440075533482968, 4.748798434341049, 6.0480062789319256, 3.3431567013826915, 3.4046508073516146, 3.877293685033415, 2.153069107111985, 1.0863350588101262], [1.0938818080578905, 2.0896693063736187, 2.6345290205271987, 3.3080679996033937, 3.7304514914417526, 4.376645635643809, 5.721543061972007, 6.729842567995183, 8.05625925414519, 8.484562143092594, 10.190433937767322, 7.722866396617256, 6.327022900227247, 0.0, 1.776722009769677, 1.7909180327418672, 2.939120530022544, 3.6612441614839075, 2.415716972246542, 4.3533260881767175, 6.653025214141308, 8.872130000174705, 8.324511501583741, 5.917757558399972], [1.094218163804641, 2.109610720014477, 3.391486202242315, 2.5756114089668105, 2.4288744245020157, 3.888234092746989, 5.003912496237319, 6.194501146177955, 7.384914813997518, 7.575317201279429, 9.219536490518381, 6.651146701133573, 5.299187309389998, 1.776722009769677, 0.0, 1.7822885119979872, 3.735615466024307, 4.231548949261961, 3.636667382370843, 4.211669527633905, 6.374004093189775, 8.306184005907888, 7.113393832763656, 4.727446103341634], [1.0942338187060385, 2.084135170760284, 2.8011255023650765, 2.8871904838441127, 2.9964787684881062, 4.123470540697483, 5.293030826473618, 6.501230488915156, 7.712712623325207, 7.90263306499802, 9.558054975778283, 6.954312231989587, 5.581255441206753, 1.7909180327418672, 1.7822885119979872, 0.0, 2.6014667036116377, 3.7754899350945172, 3.2012271350218184, 4.4541409171691, 6.666616696646058, 8.640785229364285, 7.402353618951205, 4.965400986828757], [2.7031572947203792, 2.0807202214617897, 1.0948367047190188, 3.0432211059993652, 3.941266595905433, 3.477376406142999, 4.703933655994735, 5.532714207330793, 6.817364938156091, 7.337385949369162, 9.004540657357266, 6.742458088115936, 5.440075533482968, 2.939120530022544, 3.735615466024307, 2.6014667036116377, 0.0, 1.7669713976179693, 1.786964045525259, 3.4060607892402626, 5.411785709911285, 7.561674725217952, 7.438549176418746, 5.249961033188723], [3.4143426072964616, 2.1383520944877152, 1.0907530655469182, 2.7073519719460197, 3.9023369485476262, 2.462129377185529, 3.6636453867698493, 4.169162839228039, 5.514330361884387, 6.281420200082144, 7.950922367247716, 5.964963050178936, 4.748798434341049, 3.6612441614839075, 4.231548949261961, 3.7754899350945172, 1.7669713976179693, 0.0, 1.77738503988303, 1.9804865210346676, 3.8307538435665633, 6.132106539354971, 6.840880458683664, 4.902073937630888], [2.701038870508901, 2.085882014880036, 1.0938695763206874, 3.334576179966504, 4.371892855503209, 3.6747508500577286, 5.051500278135199, 5.684774181970644, 7.072271401749229, 7.805707245983544, 9.510005220292994, 7.367852292900557, 6.0480062789319256, 2.415716972246542, 3.636667382370843, 3.2012271350218184, 1.786964045525259, 1.77738503988303, 0.0, 3.2130817698900853, 5.312817251703657, 7.7049367829982875, 8.181677725870165, 6.000906625669158], [3.851559645130788, 2.4333923522523038, 2.5707722322290634, 2.015646094928373, 3.118943561528486, 1.0075819023781638, 2.062274671327755, 2.52215228723406, 3.9175085475337506, 4.712381566681544, 6.40332961747246, 4.49020103447496, 3.3431567013826915, 4.3533260881767175, 4.211669527633905, 4.4541409171691, 3.4060607892402626, 1.9804865210346676, 3.2130817698900853, 0.0, 2.304755043383136, 4.59694343341312, 5.4497748036042735, 3.745231083658257], [6.12236598138334, 4.714562385842402, 4.708516859903976, 3.9863959424522797, 4.790996836776246, 2.6251862524400056, 2.1692709213005186, 1.086874992811961, 2.1424848214164784, 3.3890263823110027, 4.8402990341506795, 3.8730779671986983, 3.4046508073516146, 6.653025214141308, 6.374004093189775, 6.666616696646058, 5.411785709911285, 3.8307538435665633, 5.312817251703657, 2.304755043383136, 0.0, 2.458371037902944, 4.959798514052763, 4.323727796705061], [8.199253527608473, 6.857583400149064, 6.99434460546519, 5.843301660020643, 6.300455060549198, 4.555983483288762, 3.4136088952895585, 2.1556838659692197, 1.0865540437548424, 2.1564734127737353, 2.8526010060995213, 3.400230706878579, 3.877293685033415, 8.872130000174705, 8.306184005907888, 8.640785229364285, 7.561674725217952, 6.132106539354971, 7.7049367829982875, 4.59694343341312, 2.458371037902944, 0.0, 4.303159873860139, 4.963037874125081], [7.313943916246556, 6.465328985442272, 7.202552648887754, 5.097045029230172, 4.692545930515759, 4.622337415204563, 3.407293191082916, 3.8731308537151183, 3.401562527721635, 2.158141918410372, 2.8577535058153636, 1.0867320276866788, 2.153069107111985, 8.324511501583741, 7.113393832763656, 7.402353618951205, 7.438549176418746, 6.840880458683664, 8.181677725870165, 5.4497748036042735, 4.959798514052763, 4.303159873860139, 0.0, 2.4447234976577614], [4.8860187688955925, 4.138901705766881, 5.028266134563682, 2.7949088518232577, 2.3060640255639044, 2.7563153411756067, 2.172081483278194, 3.4089098594712066, 3.8765006449115935, 3.3869055493178433, 4.836239212445968, 2.137287921642753, 1.0863350588101262, 5.917757558399972, 4.727446103341634, 4.965400986828757, 5.249961033188723, 4.902073937630888, 6.000906625669158, 3.745231083658257, 4.323727796705061, 4.963037874125081, 2.4447234976577614, 0.0]]}