{"total energy": -39.10550067, "HOMO-LUMO gap/eV": 3.61604015, "electronic energy": -39.62859898, "dipole": [-0.06739847, 0.45051329, -0.97049194], "partial charges": [-0.11056461, 0.0850415, -0.27921699, 0.13898958, -0.0543479, -0.05618388, 0.06597231, -0.16531268, 0.2758293, -0.41851557, -0.14085081, -0.04712032, -0.06629769, 0.0449567, 0.0536303, 0.05365009, 0.03260016, 0.03263625, 0.04952213, 0.03129448, 0.1751325, 0.06538298, 0.0732718, 0.04589506, 0.07568151, 0.03892381], "atomic dipole moments": [[-0.11882171, -0.02576723, 0.0563717], [-0.09385356, 0.0846244, -0.17830815], [-0.05388344, -0.10056787, 0.21457229], [0.2511551, 0.01234769, -0.03018867], [0.02996359, -0.01661757, 0.03469974], [-0.01690906, -0.01173616, 0.02504035], [-0.16707953, -0.00607241, 0.0157501], [0.02254936, -0.00496373, 0.01621668], [0.04130724, 0.00764356, -0.0288415], [-0.06463457, 0.07313814, -0.16180439], [0.08722506, 0.00935427, 0.01069681], [-0.00814872, 0.02116479, -0.04477522], [0.00991026, 0.01097571, -0.02297284], [0.08811861, -0.04017791, 0.08401578], [0.02010835, 0.12399229, -0.02673782], [0.01884383, -0.05854362, -0.11270508], [-0.01298018, -0.12186557, 0.01474263], [-0.01168735, 0.06639084, 0.10343321], [0.0571844, 0.06069339, -0.12956631], [-0.07889805, 0.05480991, -0.11480386], [-0.06783804, 0.0506215, -0.10453761], [-0.04066735, 0.12473179, 0.03320336], [-0.0658265, -0.09273401, 0.07263335], [-0.02631377, -0.02910549, -0.12324183], [-0.04663031, -0.06392294, 0.13579716], [0.08179893, -0.05640642, 0.11804185]], "atomic quadrupole moments": [[0.2237811, 0.05487532, -0.13347244, -0.12192862, -0.02480391, -0.09030866], [0.25315712, -0.0948131, -0.29017569, 0.19190087, -0.20021615, 0.03701856], [0.07032027, -0.03184754, -0.08297586, 0.06472062, -0.05859214, 0.01265559], [0.13523121, 0.02543535, 0.1689033, -0.05100689, 0.28800278, -0.30413451], [-0.21362268, -0.01166951, 0.33466373, 0.03603024, 0.27611094, -0.12104106], [-0.22128257, 0.00858049, 0.3318603, -0.00656315, 0.26834562, -0.11057773], [0.00681734, 0.02862331, 0.21755893, -0.05317373, 0.26926753, -0.22437627], [0.02330033, 0.01620721, 0.00326746, -0.03049431, 0.01945718, -0.02656779], [-0.21950105, 0.00377313, 0.37898479, -0.00564531, 0.30249807, -0.15948374], [-0.10166575, -0.00845495, 0.14620467, 0.0150536, 0.10498678, -0.04453892], [0.20948212, -0.04129314, -0.15122643, 0.06494653, -0.03456063, -0.05825569], [-0.23126546, 0.00585354, 0.36724378, -0.00017829, 0.30723994, -0.13597832], [-0.21269725, 0.00738517, 0.32946927, -0.00459649, 0.27144048, -0.11677202], [0.01549902, -0.02568507, -0.03639648, 0.05352471, -0.03526265, 0.02089745], [-0.03564004, 0.00699187, 0.0788833, -0.01255837, -0.01170388, -0.04324325], [-0.0356774, 0.00587291, -0.00534508, -0.01233778, 0.05790088, 0.04102248], [-0.0048541, 0.0104981, 0.03493704, 0.00728348, -0.01039725, -0.03008294], [-0.00515648, -0.01224696, -0.01362813, -0.00297285, 0.03004184, 0.01878462], [0.03388238, 0.00039369, -0.04535965, -0.00242762, -0.03443837, 0.01147727], [0.04239556, -0.00261982, -0.0502915, 0.0036666, -0.03535949, 0.00789594], [0.02925906, -0.00312187, -0.04812697, 0.00443695, -0.03982565, 0.01886791], [-0.03107958, -0.03016432, 0.06812469, -0.00832165, 0.02613137, -0.0370451], [-0.00403388, 0.03612179, 0.00073684, -0.02619637, -0.05203894, 0.00329704], [-0.02559026, 0.00876661, -0.05682229, 0.0145714, 0.01686343, 0.08241255], [0.04928751, 0.00129532, -0.04815971, -0.00475601, -0.02858676, -0.0011278], [0.05600607, -0.00065752, -0.05389518, -0.00062423, -0.03153407, -0.00211089]], "number of molecular orbitals": 65, "number of electrons": 70, "number of unpaired electrons": 0, "orbital energies/eV": [-19.29457221, -18.91876163, -18.05447814, -17.92755144, -17.69591723, -17.2737373, -16.88609813, -16.65090374, -16.41117492, -16.25307837, -15.83697998, -15.40095168, -15.12881354, -15.0632785, -14.94941238, -14.78254169, -14.73278678, -14.24327388, -13.5642872, -13.55173983, -13.41013654, -13.22790953, -13.19137281, -13.06175428, -12.91250509, -12.8092333, -12.76407446, -12.53817794, -12.33673659, -12.23489573, -11.55540172, -11.4394054, -10.96421507, -10.6557985, -9.96504549, -6.34900534, -6.21252958, -5.11179276, -2.4135654, -0.15069598, 0.54240963, 2.36012206, 2.73596109, 3.02976221, 3.67769883, 3.86534723, 3.91736327, 4.05101854, 4.37011306, 4.56636007, 4.64617524, 4.97727483, 5.421093, 5.7243768, 5.92275065, 6.53351086, 7.04470883, 7.83191538, 10.36281844, 10.7515541, 11.55803822, 12.64787362, 16.38626745, 16.5057248, 17.73740807], "fractional occupation": [2.0, 2.0, 2.0, 2.0, 2.0, 2.0, 2.0, 2.0, 2.0, 2.0, 2.0, 2.0, 2.0, 2.0, 2.0, 2.0, 2.0, 2.0, 2.0, 2.0, 2.0, 2.0, 2.0, 2.0, 2.0, 2.0, 2.0, 2.0, 2.0, 2.0, 2.0, 2.0, 2.0, 2.0, 2.0, 0.0, 0.0, 0.0, 0.0, 0.0, 0.0, 0.0, 0.0, 0.0, 0.0, 0.0, 0.0, 0.0, 0.0, 0.0, 0.0, 0.0, 0.0, 0.0, 0.0, 0.0, 0.0, 0.0, 0.0, 0.0, 0.0, 0.0, 0.0, 0.0, 0.0], "program call": "xtb /home/svss/Project-DBcg-Debug/aqme2_20220329/End-to-End-workflows-final/example-3/QDESCP/mol_24_rdkit_conf_1/mol_24_rdkit_conf_1.xyz --pop --wbo --acc 0.2 --gfn 2 --chrg 0 --uhf 0 --etemp 300 --input /home/svss/Project-DBcg-Debug/aqme2_20220329/End-to-End-workflows-final/example-3/QDESCP/mol_24_rdkit_conf_1/mol_24_rdkit_conf_1_xtb.inp", "method": "GFN2-xTB", "xtb version": "6.3.3 (7355c4f)", "Dipole module/D": 2.725, "Total charge": 0, "Transition dipole module/D": NaN, "HOMO": -9.965, "LUMO": -6.349, "HOMO occupancy": 2.0, "LUMO occupancy": 0, "mulliken charges": [-0.09132, 0.20156, -0.42782, 0.24992, -0.06259, -0.07057, 0.13342, -0.32743, 0.47788, -0.53699, -0.13124, -0.04458, -0.08984, 0.03011, 0.04234, 0.04234, 0.02211, 0.02216, 0.04694, 0.0297, 0.22173, 0.05644, 0.0646, 0.037, 0.06623, 0.03791], "cm5 charges": [-0.23811, 0.1175, -0.51223, 0.26576, -0.11206, -0.11826, 0.18551, -0.67159, 0.56448, -0.58468, -0.2675, -0.09186, -0.14155, 0.08128, 0.09556, 0.09558, 0.08485, 0.0849, 0.10588, 0.08859, 0.41709, 0.11067, 0.11953, 0.09253, 0.13147, 0.09666], "FUKUI+": [0.009, 0.011, -0.047, -0.051, -0.036, -0.042, -0.035, -0.031, -0.069, -0.124, 0.027, -0.036, -0.036, -0.024, -0.015, -0.015, -0.016, -0.016, -0.071, -0.067, -0.047, -0.056, -0.049, -0.047, -0.051, -0.068], "FUKUI-": [0.016, 0.019, -0.11, -0.038, -0.031, -0.023, -0.044, -0.059, -0.013, -0.093, 0.015, -0.029, -0.027, -0.034, -0.029, -0.029, -0.054, -0.054, -0.06, -0.058, -0.047, -0.041, -0.038, -0.034, -0.05, -0.054], "FUKUIrad": [0.013, 0.015, -0.078, -0.045, -0.034, -0.033, -0.04, -0.045, -0.041, -0.108, 0.021, -0.032, -0.031, -0.029, -0.022, -0.022, -0.035, -0.035, -0.065, -0.063, -0.047, -0.049, -0.043, -0.04, -0.051, -0.061], "s proportion": [1.01, 0.991, 1.686, 1.015, 1.057, 1.06, 1.034, 1.426, 0.996, 1.729, 1.023, 1.062, 1.059, 0.97, 0.958, 0.958, 0.978, 0.978, 0.953, 0.97, 0.778, 0.944, 0.935, 0.963, 0.934, 0.962], "p proportion": [3.081, 2.807, 4.741, 2.735, 3.006, 3.01, 2.833, 3.901, 2.526, 4.808, 3.108, 2.982, 3.031, 0.0, 0.0, 0.0, 0.0, 0.0, 0.0, 0.0, 0.0, 0.0, 0.0, 0.0, 0.0, 0.0], "d proportion": [0.0, 0.0, 0.0, 0.0, 0.0, 0.0, 0.0, 0.0, 0.0, 0.0, 0.0, 0.0, 0.0, 0.0, 0.0, 0.0, 0.0, 0.0, 0.0, 0.0, 0.0, 0.0, 0.0, 0.0, 0.0, 0.0], "Fermi-level/eV": -8.157, "Coordination numbers": [3.748, 3.692, 1.704, 2.858, 2.915, 2.919, 2.895, 2.693, 2.745, 0.857, 3.755, 2.915, 2.913, 0.924, 0.924, 0.924, 0.924, 0.924, 0.925, 0.925, 0.86, 0.924, 0.924, 0.924, 0.925, 0.925], "Dispersion coefficient C6": [22.681, 19.338, 18.634, 24.965, 29.35, 29.396, 26.522, 24.576, 22.334, 22.054, 23.27, 29.17, 29.65, 2.384, 2.275, 2.275, 2.55, 2.549, 2.326, 2.568, 1.242, 2.137, 2.05, 2.372, 2.024, 2.463], "Total dispersion C6": 7014.091223, "Total dispersion C8": 161818.55295, "Polarizability alpha": [6.793, 6.292, 5.828, 8.19, 8.884, 8.891, 8.444, 7.363, 7.738, 6.296, 6.878, 8.856, 8.929, 2.415, 2.359, 2.359, 2.497, 2.497, 2.385, 2.506, 1.746, 2.286, 2.239, 2.408, 2.225, 2.454], "Total polarizability alpha": 129.75775, "Wiberg matrix": [[0.0, 1.0173084626898856, 0.0, 0.0, 0.0, 0.0, 0.0, 0.0, 0.0, 0.0, 0.0, 0.0, 0.0, 0.9848553806096502, 0.9858618480035811, 0.9858625009411482, 0.0, 0.0, 0.0, 0.0, 0.0, 0.0, 0.0, 0.0, 0.0, 0.0], [1.0173084626898856, 0.0, 0.9639841897375226, 0.0, 0.0, 0.0, 0.0, 0.0, 0.0, 0.0, 0.0, 0.0, 0.0, 0.0, 0.0, 0.0, 0.9697023481779069, 0.9697119482901743, 0.0, 0.0, 0.0, 0.0, 0.0, 0.0, 0.0, 0.0], [0.0, 0.9639841897375226, 0.0, 1.0600861827370882, 0.0, 0.0, 0.0, 0.0, 0.0, 0.0, 0.0, 0.0, 0.0, 0.0, 0.0, 0.0, 0.0, 0.0, 0.0, 0.0, 0.0, 0.0, 0.0, 0.0, 0.0, 0.0], [0.0, 0.0, 1.0600861827370882, 0.0, 1.350813021582666, 0.0, 0.0, 0.0, 0.0, 0.0, 0.0, 0.0, 1.3748996236363327, 0.0, 0.0, 0.0, 0.0, 0.0, 0.0, 0.0, 0.0, 0.0, 0.0, 0.0, 0.0, 0.0], [0.0, 0.0, 0.0, 1.350813021582666, 0.0, 1.466240742840829, 0.0, 0.0, 0.0, 0.0, 0.0, 0.10902750721296889, 0.0, 0.0, 0.0, 0.0, 0.0, 0.0, 0.968559498548357, 0.0, 0.0, 0.0, 0.0, 0.0, 0.0, 0.0], [0.0, 0.0, 0.0, 0.0, 1.466240742840829, 0.0, 1.3597022061183166, 0.0, 0.0, 0.0, 0.0, 0.0, 0.10349503218710893, 0.0, 0.0, 0.0, 0.0, 0.0, 0.0, 0.9676270030104512, 0.0, 0.0, 0.0, 0.0, 0.0, 0.0], [0.0, 0.0, 0.0, 0.0, 0.0, 1.3597022061183166, 0.0, 1.0641291435221978, 0.0, 0.0, 0.0, 1.3821510093784604, 0.0, 0.0, 0.0, 0.0, 0.0, 0.0, 0.0, 0.0, 0.0, 0.0, 0.0, 0.0, 0.0, 0.0], [0.0, 0.0, 0.0, 0.0, 0.0, 0.0, 1.0641291435221978, 0.0, 1.1927809182383469, 0.16841450502868888, 0.0, 0.0, 0.0, 0.0, 0.0, 0.0, 0.0, 0.0, 0.0, 0.0, 0.9374770738171551, 0.0, 0.0, 0.0, 0.0, 0.0], [0.0, 0.0, 0.0, 0.0, 0.0, 0.0, 0.0, 1.1927809182383469, 0.0, 1.7091483671143035, 0.9872819203531442, 0.0, 0.0, 0.0, 0.0, 0.0, 0.0, 0.0, 0.0, 0.0, 0.0, 0.0, 0.0, 0.0, 0.0, 0.0], [0.0, 0.0, 0.0, 0.0, 0.0, 0.0, 0.0, 0.16841450502868888, 1.7091483671143035, 0.0, 0.0, 0.0, 0.0, 0.0, 0.0, 0.0, 0.0, 0.0, 0.0, 0.0, 0.0, 0.0, 0.0, 0.0, 0.0, 0.0], [0.0, 0.0, 0.0, 0.0, 0.0, 0.0, 0.0, 0.0, 0.9872819203531442, 0.0, 0.0, 0.0, 0.0, 0.0, 0.0, 0.0, 0.0, 0.0, 0.0, 0.0, 0.0, 0.9629339455579168, 0.9794651396563608, 0.9784304964074665, 0.0, 0.0], [0.0, 0.0, 0.0, 0.0, 0.10902750721296889, 0.0, 1.3821510093784604, 0.0, 0.0, 0.0, 0.0, 0.0, 1.4363101894512842, 0.0, 0.0, 0.0, 0.0, 0.0, 0.0, 0.0, 0.0, 0.0, 0.0, 0.0, 0.9617153509272545, 0.0], [0.0, 0.0, 0.0, 1.3748996236363327, 0.0, 0.10349503218710893, 0.0, 0.0, 0.0, 0.0, 0.0, 1.4363101894512842, 0.0, 0.0, 0.0, 0.0, 0.0, 0.0, 0.0, 0.0, 0.0, 0.0, 0.0, 0.0, 0.0, 0.9667460418870034], [0.9848553806096502, 0.0, 0.0, 0.0, 0.0, 0.0, 0.0, 0.0, 0.0, 0.0, 0.0, 0.0, 0.0, 0.0, 0.0, 0.0, 0.0, 0.0, 0.0, 0.0, 0.0, 0.0, 0.0, 0.0, 0.0, 0.0], [0.9858618480035811, 0.0, 0.0, 0.0, 0.0, 0.0, 0.0, 0.0, 0.0, 0.0, 0.0, 0.0, 0.0, 0.0, 0.0, 0.0, 0.0, 0.0, 0.0, 0.0, 0.0, 0.0, 0.0, 0.0, 0.0, 0.0], [0.9858625009411482, 0.0, 0.0, 0.0, 0.0, 0.0, 0.0, 0.0, 0.0, 0.0, 0.0, 0.0, 0.0, 0.0, 0.0, 0.0, 0.0, 0.0, 0.0, 0.0, 0.0, 0.0, 0.0, 0.0, 0.0, 0.0], [0.0, 0.9697023481779069, 0.0, 0.0, 0.0, 0.0, 0.0, 0.0, 0.0, 0.0, 0.0, 0.0, 0.0, 0.0, 0.0, 0.0, 0.0, 0.0, 0.0, 0.0, 0.0, 0.0, 0.0, 0.0, 0.0, 0.0], [0.0, 0.9697119482901743, 0.0, 0.0, 0.0, 0.0, 0.0, 0.0, 0.0, 0.0, 0.0, 0.0, 0.0, 0.0, 0.0, 0.0, 0.0, 0.0, 0.0, 0.0, 0.0, 0.0, 0.0, 0.0, 0.0, 0.0], [0.0, 0.0, 0.0, 0.0, 0.968559498548357, 0.0, 0.0, 0.0, 0.0, 0.0, 0.0, 0.0, 0.0, 0.0, 0.0, 0.0, 0.0, 0.0, 0.0, 0.0, 0.0, 0.0, 0.0, 0.0, 0.0, 0.0], [0.0, 0.0, 0.0, 0.0, 0.0, 0.9676270030104512, 0.0, 0.0, 0.0, 0.0, 0.0, 0.0, 0.0, 0.0, 0.0, 0.0, 0.0, 0.0, 0.0, 0.0, 0.0, 0.0, 0.0, 0.0, 0.0, 0.0], [0.0, 0.0, 0.0, 0.0, 0.0, 0.0, 0.0, 0.9374770738171551, 0.0, 0.0, 0.0, 0.0, 0.0, 0.0, 0.0, 0.0, 0.0, 0.0, 0.0, 0.0, 0.0, 0.0, 0.0, 0.0, 0.0, 0.0], [0.0, 0.0, 0.0, 0.0, 0.0, 0.0, 0.0, 0.0, 0.0, 0.0, 0.9629339455579168, 0.0, 0.0, 0.0, 0.0, 0.0, 0.0, 0.0, 0.0, 0.0, 0.0, 0.0, 0.0, 0.0, 0.0, 0.0], [0.0, 0.0, 0.0, 0.0, 0.0, 0.0, 0.0, 0.0, 0.0, 0.0, 0.9794651396563608, 0.0, 0.0, 0.0, 0.0, 0.0, 0.0, 0.0, 0.0, 0.0, 0.0, 0.0, 0.0, 0.0, 0.0, 0.0], [0.0, 0.0, 0.0, 0.0, 0.0, 0.0, 0.0, 0.0, 0.0, 0.0, 0.9784304964074665, 0.0, 0.0, 0.0, 0.0, 0.0, 0.0, 0.0, 0.0, 0.0, 0.0, 0.0, 0.0, 0.0, 0.0, 0.0], [0.0, 0.0, 0.0, 0.0, 0.0, 0.0, 0.0, 0.0, 0.0, 0.0, 0.0, 0.9617153509272545, 0.0, 0.0, 0.0, 0.0, 0.0, 0.0, 0.0, 0.0, 0.0, 0.0, 0.0, 0.0, 0.0, 0.0], [0.0, 0.0, 0.0, 0.0, 0.0, 0.0, 0.0, 0.0, 0.0, 0.0, 0.0, 0.0, 0.9667460418870034, 0.0, 0.0, 0.0, 0.0, 0.0, 0.0, 0.0, 0.0, 0.0, 0.0, 0.0, 0.0, 0.0]], "Born radii": [], "Atomic SASAs": [], "Solvent H bonds": [], "Total SASA": NaN, "Total FOD": 0.0, "FOD": [0.0, 0.0, 0.0, 0.0, 0.0, 0.0, 0.0, 0.0, 0.0, 0.0, 0.0, 0.0, 0.0, 0.0, 0.0, 0.0, 0.0, 0.0, 0.0, 0.0, 0.0, 0.0, 0.0, 0.0, 0.0, 0.0], "FOD s proportion": [0.0, 0.0, 0.0, 0.0, 0.0, 0.0, 0.0, 0.0, 0.0, 0.0, 0.0, 0.0, 0.0, 0.0, 0.0, 0.0, 0.0, 0.0, 0.0, 0.0, 0.0, 0.0, 0.0, 0.0, 0.0, 0.0], "FOD p proportion": [0.0, 0.0, 0.0, 0.0, 0.0, 0.0, 0.0, 0.0, 0.0, 0.0, 0.0, 0.0, 0.0, 0.0, 0.0, 0.0, 0.0, 0.0, 0.0, 0.0, 0.0, 0.0, 0.0, 0.0, 0.0, 0.0], "FOD d proportion": [0.0, 0.0, 0.0, 0.0, 0.0, 0.0, 0.0, 0.0, 0.0, 0.0, 0.0, 0.0, 0.0, 0.0, 0.0, 0.0, 0.0, 0.0, 0.0, 0.0, 0.0, 0.0, 0.0, 0.0, 0.0, 0.0], "coordinates": [["5.03460", "0.10960", "-0.21410"], ["3.62540", "-0.12310", "0.30060"], ["2.71240", "0.34920", "-0.68880"], ["1.37960", "0.22870", "-0.41100"], ["0.52900", "0.70590", "-1.40800"], ["-0.85920", "0.64310", "-1.25150"], ["-1.42020", "0.10020", "-0.09080"], ["-2.82740", "0.07100", "-0.00710"], ["-3.59970", "-0.40480", "1.03700"], ["-3.20200", "-0.87310", "2.09760"], ["-5.07660", "-0.26420", "0.76310"], ["-0.56700", "-0.37700", "0.90440"], ["0.82540", "-0.31340", "0.74640"], ["5.77660", "-0.23690", "0.51070"], ["5.20240", "1.17380", "-0.41090"], ["5.19140", "-0.41810", "-1.16070"], ["3.47990", "-1.19600", "0.47150"], ["3.49110", "0.43000", "1.23740"], ["0.95070", "1.13080", "-2.31560"], ["-1.48680", "1.02570", "-2.05160"], ["-3.32350", "0.45050", "-0.80340"], ["-5.39810", "0.74800", "1.02180"], ["-5.62900", "-0.98740", "1.37020"], ["-5.30050", "-0.46450", "-0.28870"], ["-0.95000", "-0.80900", "1.82380"], ["1.44140", "-0.69890", "1.55200"]], "bond_dist": [[0.0, 1.5181930114448559, 2.3823016370728536, 3.6622369420888106, 4.699085257792201, 6.008136104483652, 6.455984378078993, 7.86481932151019, 8.739622134852283, 8.611111179168457, 10.16518626095951, 5.732865284480353, 4.338070295649898, 1.0936001508778244, 1.0951752005957767, 1.0950365701655813, 2.1428324269527, 2.1428720587099925, 4.705038884005104, 6.836980577711187, 8.385780995828593, 10.525028867418845, 10.83631766099536, 10.351301752919776, 6.388450479576405, 4.084589049096617], [1.5181930114448559, 0.0, 1.4267265505344742, 2.381964617705309, 3.632388734703377, 4.807048367761657, 5.065682205784331, 6.463047418981235, 7.267992147766809, 7.099654904289363, 8.715424227196287, 4.2432602335939755, 2.841645954372219, 2.1644292296122782, 2.162200467116775, 2.162123652800644, 1.0961256634163803, 1.0961525167603277, 3.9459837480658737, 5.743446275538755, 7.059394037026124, 9.09409131799324, 9.356012933402775, 8.95184446133868, 4.870819459803453, 2.5821316000544976], [2.3823016370728536, 1.4267265505344742, 0.0, 1.3667658650990668, 2.3263101878296455, 3.6275797799634955, 4.183059617074564, 5.588514486873949, 6.58707128016693, 6.651178061817321, 7.946873232284506, 3.7175418007064827, 2.461626860431938, 3.3423996020823123, 2.637668206958563, 2.6375897899408085, 2.079181420655735, 2.079218307441525, 2.5220950993172324, 4.466335940119149, 6.03783766426359, 8.298518183989236, 8.695109804942087, 8.064040805328307, 4.589962936669532, 2.7812118311987675], [3.6622369420888106, 2.381964617705309, 1.3667658650990668, 0.0, 1.3947219077651285, 2.4270131952669725, 2.8209786121131795, 4.229285223297195, 5.22412238945452, 5.338360774619864, 6.580575936800669, 2.4261906788214316, 1.393048746455055, 4.516627419878687, 3.937894597370529, 3.938301609831324, 2.6869753311111735, 2.6862941946108583, 2.150637296244999, 3.3975029536410997, 4.724650527816846, 6.946927782840412, 7.332942561482395, 6.717084154601609, 3.3908978884655316, 2.172010589292787], [4.699085257792201, 3.632388734703377, 2.3263101878296455, 1.3947219077651285, 0.0, 1.3984045659250401, 2.4292527595950157, 3.6920238054487133, 4.925225190790773, 5.357502530097396, 6.089131348558676, 2.77868353181862, 2.4017212182099734, 5.666355732743931, 4.801437949198135, 4.802343912091262, 3.982154526132807, 3.980992135134155, 1.0872482053330785, 2.1400800545773984, 3.908008005365393, 6.405951518705087, 6.964669707172049, 6.050267671764614, 3.863533906930286, 3.401108172346184], [6.008136104483652, 4.807048367761657, 3.6275797799634955, 2.4270131952669725, 1.3984045659250401, 0.0, 1.3988158921030316, 2.397840905898471, 3.7209766070213344, 4.35936292249223, 4.7611205834341135, 2.4028919368128063, 2.7828715061964324, 6.921964351251745, 6.142576447224732, 6.143626814838283, 5.017848804019507, 5.016487307867926, 2.1554345524742797, 1.086473437319109, 2.5121032741509652, 5.077451143044116, 5.681798410714692, 4.677489421687665, 3.4021036345179145, 3.86695443598706], [6.455984378078993, 5.065682205784331, 4.183059617074564, 2.8209786121131795, 2.4292527595950157, 1.3988158921030316, 0.0, 1.4099894219461364, 2.505429721624616, 2.98516644259579, 3.772425417420469, 1.3950244155569465, 2.4320131907537013, 7.2297557980888945, 6.716689045206723, 6.717631685348638, 5.099734869579006, 5.098406708963105, 3.4107240008537776, 2.1692677220665963, 2.0622947752443155, 4.18105393531344, 4.585999585695577, 3.926165889261431, 2.1710425698267644, 3.3950121074894564], [7.86481932151019, 6.463047418981235, 5.588514486873949, 4.229285223297195, 3.6920238054487133, 2.397840905898471, 1.4099894219461364, 0.0, 1.3831043850700495, 2.3369664225230107, 2.400930594582026, 2.4780928977744154, 3.7494630882301, 8.625064362078696, 8.11522706521512, 8.116105298109431, 6.451075898638924, 6.449891743277557, 4.552624287155706, 2.624622010880805, 1.0120420692836836, 2.8505197245414746, 3.2963811081244834, 2.5460326824296664, 2.7660848811994185, 4.60935920275259], [8.739622134852283, 7.267992147766809, 6.58707128016693, 5.22412238945452, 4.925225190790773, 3.7209766070213344, 2.505429721624616, 1.3831043850700495, 0.0, 1.2257008362565476, 1.5086494556390495, 3.0357247717802087, 4.435573506323618, 9.392560023231153, 9.058993143832264, 9.061650036831042, 7.146084511814844, 7.142583274978318, 5.856973132941622, 4.006260927598201, 2.0481446945955746, 2.136216618229528, 2.1374057850581387, 2.15725872810843, 2.7934462532864313, 5.075865346913766], [8.611111179168457, 7.099654904289363, 6.651178061817321, 5.338360774619864, 5.357502530097396, 4.35936292249223, 2.98516644259579, 2.3369664225230107, 1.2257008362565476, 0.0, 2.380288768195993, 2.934802625390675, 4.284735264867598, 9.139926696095545, 9.006459416441068, 9.015137683363466, 6.88449368000291, 6.8728161084085455, 6.382543908192093, 4.874752621415778, 3.19099987621435, 2.9339676310416247, 2.5362382084496713, 3.2039169620949917, 2.2694887640171295, 4.678588308453737], [10.16518626095951, 8.715424227196287, 7.946873232284506, 6.580575936800669, 6.089131348558676, 4.7611205834341135, 3.772425417420469, 2.400930594582026, 1.5086494556390495, 2.380288768195993, 0.0, 4.513222982525902, 5.90222869177398, 10.856168812707365, 10.445284151233034, 10.447799560194483, 8.61202496803162, 8.608853432368331, 6.910337472222323, 4.740574030642281, 2.457250078848305, 1.093085897814074, 1.0939535684845128, 1.0938622125295308, 4.295430023874211, 6.579943107656783], [5.732865284480353, 4.2432602335939755, 3.7175418007064827, 2.4261906788214316, 2.77868353181862, 2.4028919368128063, 1.3950244155569465, 2.4780928977744154, 3.0357247717802087, 2.934802625390675, 4.513222982525902, 0.0, 1.4027782148294148, 6.357349184998414, 6.117268270233045, 6.117638251809272, 4.151573559507287, 4.150941292044492, 3.865911810944476, 3.39875496763153, 3.3465847277485743, 4.961747169092758, 5.119902518603259, 4.882332036025407, 1.0856377664764616, 2.134637189313444], [4.338070295649898, 2.841645954372219, 2.461626860431938, 1.393048746455055, 2.4017212182099734, 2.7828715061964324, 2.4320131907537013, 3.7494630882301, 4.435573506323618, 4.284735264867598, 5.90222869177398, 1.4027782148294148, 0.0, 4.9573973191585115, 4.765420876480901, 4.765495619555221, 2.8108580576044746, 2.8106371252796043, 3.3878101673499947, 3.86888377313147, 4.494306894283032, 6.319364475166787, 6.519408086628724, 6.214572714998193, 2.1350539290612778, 1.084922859008879], [1.0936001508778244, 2.1644292296122782, 3.3423996020823123, 4.516627419878687, 5.666355732743931, 6.921964351251745, 7.2297557980888945, 8.625064362078696, 9.392560023231153, 9.139926696095545, 10.856168812707365, 6.357349184998414, 4.9573973191585115, 0.0, 1.7802041147014573, 1.7801321411625604, 2.4892248472164984, 2.4892486316155726, 5.757420063709092, 7.804903561864169, 9.220151711333171, 11.22965588564494, 11.462534704854768, 11.108239578349039, 6.877403403901795, 4.482377575573036], [1.0951752005957767, 2.162200467116775, 2.637668206958563, 3.937894597370529, 4.801437949198135, 6.142576447224732, 6.716689045206723, 8.11522706521512, 9.058993143832264, 9.006459416441068, 10.445284151233034, 6.117268270233045, 4.765420876480901, 1.7802041147014573, 0.0, 1.7596779961117885, 3.0596712323385327, 2.4897146462998525, 4.659043247277277, 6.889065737819606, 8.565523331939502, 10.705350773328261, 11.187597088293803, 10.630609960863017, 6.839400974500618, 4.637359453395866], [1.0950365701655813, 2.162123652800644, 2.6375897899408085, 3.938301609831324, 4.802343912091262, 6.143626814838283, 6.717631685348638, 8.116105298109431, 9.061650036831042, 9.015137683363466, 10.447799560194483, 6.117638251809272, 4.765495619555221, 1.7801321411625604, 1.7596779961117885, 0.0, 2.4896661422769117, 3.059604110011621, 4.660088165474983, 6.890327749098732, 8.56654254994394, 10.874769225597388, 11.12702176954822, 10.52817660233718, 6.839359401288983, 4.636818945139006], [2.1428324269527, 1.0961256634163803, 2.079181420655735, 2.6869753311111735, 3.982154526132807, 5.017848804019507, 5.099734869579006, 6.451075898638924, 7.146084511814844, 6.88449368000291, 8.61202496803162, 4.151573559507287, 2.8108580576044746, 2.4892248472164984, 3.0596712323385327, 2.4896661422769117, 0.0, 1.7973881745466114, 4.424791214283449, 5.997507264689223, 7.114954941529848, 9.104990394832933, 9.155502982359844, 8.843552479066318, 4.647848781963544, 2.360099766959016], [2.1428720587099925, 1.0961525167603277, 2.079218307441525, 2.6862941946108583, 3.980992135134155, 5.016487307867926, 5.098406708963105, 6.449891743277557, 7.142583274978318, 6.8728161084085455, 8.608853432368331, 4.150941292044492, 2.8106371252796043, 2.4892486316155726, 2.4897146462998525, 3.059604110011621, 1.7973881745466114, 0.0, 4.423636716548953, 5.995987650087349, 7.113652932917096, 8.89749874964869, 9.230540753932024, 8.967794713306054, 4.647833384492176, 2.361071464399161], [4.705038884005104, 3.9459837480658737, 2.5220950993172324, 2.150637296244999, 1.0872482053330785, 2.1554345524742797, 3.4107240008537776, 4.552624287155706, 5.856973132941622, 6.382543908192093, 6.910337472222323, 3.865911810944476, 3.3878101673499947, 5.757420063709092, 4.659043247277277, 4.660088165474983, 4.424791214283449, 4.423636716548953, 0.0, 2.4540065729333325, 4.584576596589919, 7.182759639581434, 7.833539747138581, 6.762455703366936, 4.950769323044652, 4.306613326037061], [6.836980577711187, 5.743446275538755, 4.466335940119149, 3.3975029536410997, 2.1400800545773984, 1.086473437319109, 2.1692677220665963, 2.624622010880805, 4.006260927598201, 4.874752621415778, 4.740574030642281, 3.39875496763153, 3.86888377313147, 7.804903561864169, 6.889065737819606, 6.890327749098732, 5.997507264689223, 5.995987650087349, 2.4540065729333325, 0.0, 2.2939758433776065, 4.982085159850241, 5.737517554657241, 4.457894137370246, 4.321227081512842, 4.953234636073684], [8.385780995828593, 7.059394037026124, 6.03783766426359, 4.724650527816846, 3.908008005365393, 2.5121032741509652, 2.0622947752443155, 1.0120420692836836, 2.0481446945955746, 3.19099987621435, 2.457250078848305, 3.3465847277485743, 4.494306894283032, 9.220151711333171, 8.565523331939502, 8.56654254994394, 7.114954941529848, 7.113652932917096, 4.584576596589919, 2.2939758433776065, 0.0, 2.7791772973309925, 3.4795723329167907, 2.2384526106219003, 3.7579279317198195, 5.438134011772788], [10.525028867418845, 9.09409131799324, 8.298518183989236, 6.946927782840412, 6.405951518705087, 5.077451143044116, 4.18105393531344, 2.8505197245414746, 2.136216618229528, 2.9339676310416247, 1.093085897814074, 4.961747169092758, 6.319364475166787, 11.22965588564494, 10.705350773328261, 10.874769225597388, 9.104990394832933, 8.89749874964869, 7.182759639581434, 4.982085159850241, 2.7791772973309925, 0.0, 1.7850239578224154, 1.7880414592508753, 4.780486022362162, 7.010948002945108], [10.83631766099536, 9.356012933402775, 8.695109804942087, 7.332942561482395, 6.964669707172049, 5.681798410714692, 4.585999585695577, 3.2963811081244834, 2.1374057850581387, 2.5362382084496713, 1.0939535684845128, 5.119902518603259, 6.519408086628724, 11.462534704854768, 11.187597088293803, 11.12702176954822, 9.155502982359844, 9.230540753932024, 7.833539747138581, 5.737517554657241, 3.4795723329167907, 1.7850239578224154, 0.0, 1.7701089994686767, 4.704319347153209, 7.078618484563212], [10.351301752919776, 8.95184446133868, 8.064040805328307, 6.717084154601609, 6.050267671764614, 4.677489421687665, 3.926165889261431, 2.5460326824296664, 2.15725872810843, 3.2039169620949917, 1.0938622125295308, 4.882332036025407, 6.214572714998193, 11.108239578349039, 10.630609960863017, 10.52817660233718, 8.843552479066318, 8.967794713306054, 6.762455703366936, 4.457894137370246, 2.2384526106219003, 1.7880414592508753, 1.7701089994686767, 0.0, 4.848524182676622, 6.992591469548325], [6.388450479576405, 4.870819459803453, 4.589962936669532, 3.3908978884655316, 3.863533906930286, 3.4021036345179145, 2.1710425698267644, 2.7660848811994185, 2.7934462532864313, 2.2694887640171295, 4.295430023874211, 1.0856377664764616, 2.1350539290612778, 6.877403403901795, 6.839400974500618, 6.839359401288983, 4.647848781963544, 4.647833384492176, 4.950769323044652, 4.321227081512842, 3.7579279317198195, 4.780486022362162, 4.704319347153209, 4.848524182676622, 0.0, 2.409313431249658], [4.084589049096617, 2.5821316000544976, 2.7812118311987675, 2.172010589292787, 3.401108172346184, 3.86695443598706, 3.3950121074894564, 4.60935920275259, 5.075865346913766, 4.678588308453737, 6.579943107656783, 2.134637189313444, 1.084922859008879, 4.482377575573036, 4.637359453395866, 4.636818945139006, 2.360099766959016, 2.361071464399161, 4.306613326037061, 4.953234636073684, 5.438134011772788, 7.010948002945108, 7.078618484563212, 6.992591469548325, 2.409313431249658, 0.0]]}