{"total energy": -24.03470648, "HOMO-LUMO gap/eV": 6.93758073, "electronic energy": -24.31668297, "dipole": [0.92449566, -0.20296483, 0.20681522], "partial charges": [-0.10117471, -0.05261857, -0.06133796, -0.0621687, -0.06276954, 0.03369214, -0.21534274, 0.03379842, 0.03418875, 0.03337165, 0.03069812, 0.02994521, 0.03050414, 0.03554236, 0.0404865, 0.03368126, 0.04999652, 0.04943762, 0.06088832, 0.05918121], "atomic dipole moments": [[-0.07215521, -0.05763883, 0.0478453], [-0.02973587, 0.08047015, -0.07392611], [0.01534476, -0.08097381, 0.07905893], [-0.04179112, 0.07591002, -0.08033296], [0.05236747, 0.10960634, 0.06183415], [-0.17922343, -0.05487074, -0.0772961], [0.10523054, -0.0146315, 0.0299386], [0.11438575, -0.0336368, 0.03809746], [-0.00435278, -0.01456675, -0.12523616], [-0.01441093, 0.12246812, 0.02612416], [0.02460346, -0.11869333, -0.02429639], [0.01461017, 0.01374986, 0.12211588], [-0.01828044, 0.12083748, 0.02374772], [-0.01028886, -0.01249165, -0.12367146], [0.02438877, -0.1197653, -0.01681792], [0.00771808, 0.01508439, 0.12366102], [-0.00835052, -0.02381771, -0.12484809], [-0.0720346, -0.0880199, 0.05236771], [0.06608596, 0.09403306, -0.06312081], [0.00581288, 0.0252398, 0.1284495]], "atomic quadrupole moments": [[0.0612955, 0.13455559, -0.01182293, -0.10934905, -0.09733409, -0.04947258], [0.21729376, 0.05467947, -0.09215116, -0.01873552, -0.12681277, -0.1251426], [0.21490608, 0.04842998, -0.08942783, -0.01750953, -0.1352412, -0.12547826], [0.23138788, 0.06225289, -0.11257195, 0.012637, -0.11186969, -0.11881593], [0.10424048, -0.14299127, 0.08536866, 0.08211303, 0.06004121, -0.18960914], [0.37743888, -0.13386056, -0.09531308, 0.18867535, 0.05340201, -0.2821258], [0.48970293, -0.08452805, -0.26447204, 0.2247669, -0.01926048, -0.22523089], [0.05965906, -0.02883869, -0.02953523, 0.03371392, -0.02455015, -0.03012383], [-0.03968792, 0.0150894, -0.03560683, 0.01289699, 0.01898449, 0.07529475], [-0.03500933, -0.02050666, 0.06850472, -0.0185746, 0.0271577, -0.0334954], [-0.01679975, -0.00661758, 0.04714369, -0.00629871, 0.02714492, -0.03034393], [-0.01824183, 0.005396, -0.03392739, 0.0005142, 0.01977355, 0.05216922], [-0.0160895, -0.01369944, 0.04419848, -0.00725403, 0.02689008, -0.02810898], [-0.02076178, 0.00437916, -0.03137877, 0.00561772, 0.02142337, 0.05214054], [-0.00806112, -0.0126089, 0.04671295, -0.00997016, 0.0245047, -0.03865183], [-0.01920638, 0.010869, -0.03084781, -0.00088294, 0.02677871, 0.05005419], [-0.02893081, -0.01249908, -0.02665908, -0.00080764, 0.0002242, 0.0555899], [0.01285813, 0.02013784, 0.00390552, -0.03007349, -0.03132914, -0.01676364], [0.00826198, 0.01250847, 0.00046222, -0.01898995, -0.03043892, -0.0087242], [-0.01295831, -0.01131499, -0.02981548, 8.222e-05, 0.00476087, 0.04277379]], "number of molecular orbitals": 46, "number of electrons": 44, "number of unpaired electrons": 0, "orbital energies/eV": [-28.50327657, -17.47747392, -17.05860378, -16.61769142, -16.12857714, -15.48976802, -15.34279463, -14.5261275, -14.32944604, -14.01464516, -13.8120494, -13.56865673, -13.18676399, -12.97573528, -12.7603508, -12.41508965, -12.08467535, -11.98532472, -11.80453338, -11.67528908, -11.14381904, -11.10611419, -4.16853347, 0.4957457, 0.6842189, 0.84269777, 0.85412731, 1.5119155, 2.52588604, 2.64873556, 2.85096216, 3.08698625, 3.37196625, 3.94766837, 4.09019406, 4.33268719, 4.6328105, 4.77887672, 5.00084784, 5.38236029, 5.86961155, 6.54969903, 6.95442377, 7.05265552, 7.52071592, 8.11748151], "fractional occupation": [2.0, 2.0, 2.0, 2.0, 2.0, 2.0, 2.0, 2.0, 2.0, 2.0, 2.0, 2.0, 2.0, 2.0, 2.0, 2.0, 2.0, 2.0, 2.0, 2.0, 2.0, 2.0, 0.0, 0.0, 0.0, 0.0, 0.0, 0.0, 0.0, 0.0, 0.0, 0.0, 0.0, 0.0, 0.0, 0.0, 0.0, 0.0, 0.0, 0.0, 0.0, 0.0, 0.0, 0.0, 0.0, 0.0], "program call": "xtb /home/svss/Project-DBcg-Debug/aqme2_20220329/End-to-End-workflows-final/example-3/QDESCP/mol_297_rdkit_conf_4/mol_297_rdkit_conf_4.xyz --pop --wbo --acc 0.2 --gfn 2 --chrg 0 --uhf 0 --etemp 300 --input /home/svss/Project-DBcg-Debug/aqme2_20220329/End-to-End-workflows-final/example-3/QDESCP/mol_297_rdkit_conf_4/mol_297_rdkit_conf_4_xtb.inp", "method": "GFN2-xTB", "xtb version": "6.3.3 (7355c4f)", "Dipole module/D": 2.463, "Total charge": 0, "Transition dipole module/D": NaN, "HOMO": -11.1061, "LUMO": -4.1685, "HOMO occupancy": 2.0, "LUMO occupancy": 0, "mulliken charges": [-0.08344, -0.03798, -0.04955, -0.0468, -0.05255, 0.071, -0.16625, 0.0298, 0.02788, 0.02747, 0.0233, 0.02286, 0.02227, 0.02551, 0.02995, 0.02486, 0.03289, 0.03417, 0.0323, 0.0323], "cm5 charges": [-0.2338, -0.15057, -0.1603, -0.15722, -0.16127, -0.0324, -0.17597, 0.08059, 0.07916, 0.07876, 0.078, 0.07757, 0.07824, 0.08097, 0.08487, 0.08007, 0.08831, 0.08932, 0.08809, 0.08757], "FUKUI+": [0.009, 0.006, 0.015, 0.014, 0.034, -0.042, -0.449, -0.019, -0.009, -0.006, -0.016, -0.012, -0.004, -0.017, -0.054, -0.034, -0.061, -0.059, -0.148, -0.148], "FUKUI-": [0.02, 0.009, 0.013, 0.014, 0.017, 0.032, -0.289, -0.05, -0.064, -0.063, -0.09, -0.081, -0.07, -0.061, -0.059, -0.042, -0.041, -0.053, -0.071, -0.068], "FUKUIrad": [0.014, 0.007, 0.014, 0.014, 0.025, -0.005, -0.369, -0.035, -0.037, -0.035, -0.053, -0.047, -0.037, -0.039, -0.057, -0.038, -0.051, -0.056, -0.11, -0.108], "s proportion": [1.008, 1.027, 1.032, 1.033, 1.035, 1.043, 1.949, 0.97, 0.972, 0.973, 0.977, 0.977, 0.978, 0.974, 0.97, 0.975, 0.967, 0.966, 0.968, 0.968], "p proportion": [3.076, 3.011, 3.017, 3.014, 3.017, 2.886, 5.233, 0.0, 0.0, 0.0, 0.0, 0.0, 0.0, 0.0, 0.0, 0.0, 0.0, 0.0, 0.0, 0.0], "d proportion": [0.0, 0.0, 0.0, 0.0, 0.0, 0.0, -0.016, 0.0, 0.0, 0.0, 0.0, 0.0, 0.0, 0.0, 0.0, 0.0, 0.0, 0.0, 0.0, 0.0], "Fermi-level/eV": -7.6373, "Coordination numbers": [3.75, 3.8, 3.801, 3.801, 3.83, 3.713, 0.92, 0.924, 0.924, 0.924, 0.924, 0.924, 0.924, 0.924, 0.924, 0.924, 0.924, 0.924, 0.924, 0.924], "Dispersion coefficient C6": [22.496, 21.519, 21.679, 21.695, 21.682, 20.133, 105.937, 2.533, 2.528, 2.539, 2.577, 2.587, 2.579, 2.509, 2.443, 2.535, 2.32, 2.327, 2.189, 2.209], "Total dispersion C6": 3410.75914, "Total dispersion C8": 82139.7935, "Polarizability alpha": [6.764, 6.605, 6.629, 6.632, 6.625, 6.411, 15.746, 2.489, 2.486, 2.492, 2.51, 2.515, 2.512, 2.477, 2.444, 2.49, 2.382, 2.386, 2.314, 2.324], "Total polarizability alpha": 87.233651, "Wiberg matrix": [[0.0, 1.0202868804408711, 0.0, 0.0, 0.0, 0.0, 0.0, 0.9871717672455945, 0.9875820202335982, 0.9875997785248247, 0.0, 0.0, 0.0, 0.0, 0.0, 0.0, 0.0, 0.0, 0.0, 0.0], [1.0202868804408711, 0.0, 1.0074276847278674, 0.0, 0.0, 0.0, 0.0, 0.0, 0.0, 0.0, 0.9778050038470358, 0.9780782472754318, 0.0, 0.0, 0.0, 0.0, 0.0, 0.0, 0.0, 0.0], [0.0, 1.0074276847278674, 0.0, 1.008076572674394, 0.0, 0.0, 0.0, 0.0, 0.0, 0.0, 0.0, 0.0, 0.975675562981128, 0.976689723943996, 0.0, 0.0, 0.0, 0.0, 0.0, 0.0], [0.0, 0.0, 1.008076572674394, 0.0, 1.0006437551769651, 0.0, 0.0, 0.0, 0.0, 0.0, 0.0, 0.0, 0.0, 0.0, 0.9753333462435989, 0.9769061636886074, 0.0, 0.0, 0.0, 0.0], [0.0, 0.0, 0.0, 1.0006437551769651, 0.0, 1.0148347997727116, 0.0, 0.0, 0.0, 0.0, 0.0, 0.0, 0.0, 0.0, 0.0, 0.0, 0.9753893145062434, 0.9751581748201618, 0.0, 0.0], [0.0, 0.0, 0.0, 0.0, 1.0148347997727116, 0.0, 0.9460511246666342, 0.0, 0.0, 0.0, 0.0, 0.0, 0.0, 0.0, 0.0, 0.0, 0.0, 0.0, 0.9774342244100385, 0.9787883188383631], [0.0, 0.0, 0.0, 0.0, 0.0, 0.9460511246666342, 0.0, 0.0, 0.0, 0.0, 0.0, 0.0, 0.0, 0.0, 0.0, 0.0, 0.0, 0.0, 0.0, 0.0], [0.9871717672455945, 0.0, 0.0, 0.0, 0.0, 0.0, 0.0, 0.0, 0.0, 0.0, 0.0, 0.0, 0.0, 0.0, 0.0, 0.0, 0.0, 0.0, 0.0, 0.0], [0.9875820202335982, 0.0, 0.0, 0.0, 0.0, 0.0, 0.0, 0.0, 0.0, 0.0, 0.0, 0.0, 0.0, 0.0, 0.0, 0.0, 0.0, 0.0, 0.0, 0.0], [0.9875997785248247, 0.0, 0.0, 0.0, 0.0, 0.0, 0.0, 0.0, 0.0, 0.0, 0.0, 0.0, 0.0, 0.0, 0.0, 0.0, 0.0, 0.0, 0.0, 0.0], [0.0, 0.9778050038470358, 0.0, 0.0, 0.0, 0.0, 0.0, 0.0, 0.0, 0.0, 0.0, 0.0, 0.0, 0.0, 0.0, 0.0, 0.0, 0.0, 0.0, 0.0], [0.0, 0.9780782472754318, 0.0, 0.0, 0.0, 0.0, 0.0, 0.0, 0.0, 0.0, 0.0, 0.0, 0.0, 0.0, 0.0, 0.0, 0.0, 0.0, 0.0, 0.0], [0.0, 0.0, 0.975675562981128, 0.0, 0.0, 0.0, 0.0, 0.0, 0.0, 0.0, 0.0, 0.0, 0.0, 0.0, 0.0, 0.0, 0.0, 0.0, 0.0, 0.0], [0.0, 0.0, 0.976689723943996, 0.0, 0.0, 0.0, 0.0, 0.0, 0.0, 0.0, 0.0, 0.0, 0.0, 0.0, 0.0, 0.0, 0.0, 0.0, 0.0, 0.0], [0.0, 0.0, 0.0, 0.9753333462435989, 0.0, 0.0, 0.0, 0.0, 0.0, 0.0, 0.0, 0.0, 0.0, 0.0, 0.0, 0.0, 0.0, 0.0, 0.0, 0.0], [0.0, 0.0, 0.0, 0.9769061636886074, 0.0, 0.0, 0.0, 0.0, 0.0, 0.0, 0.0, 0.0, 0.0, 0.0, 0.0, 0.0, 0.0, 0.0, 0.0, 0.0], [0.0, 0.0, 0.0, 0.0, 0.9753893145062434, 0.0, 0.0, 0.0, 0.0, 0.0, 0.0, 0.0, 0.0, 0.0, 0.0, 0.0, 0.0, 0.0, 0.0, 0.0], [0.0, 0.0, 0.0, 0.0, 0.9751581748201618, 0.0, 0.0, 0.0, 0.0, 0.0, 0.0, 0.0, 0.0, 0.0, 0.0, 0.0, 0.0, 0.0, 0.0, 0.0], [0.0, 0.0, 0.0, 0.0, 0.0, 0.9774342244100385, 0.0, 0.0, 0.0, 0.0, 0.0, 0.0, 0.0, 0.0, 0.0, 0.0, 0.0, 0.0, 0.0, 0.0], [0.0, 0.0, 0.0, 0.0, 0.0, 0.9787883188383631, 0.0, 0.0, 0.0, 0.0, 0.0, 0.0, 0.0, 0.0, 0.0, 0.0, 0.0, 0.0, 0.0, 0.0]], "Born radii": [], "Atomic SASAs": [], "Solvent H bonds": [], "Total SASA": NaN, "Total FOD": 0.0, "FOD": [0.0, 0.0, 0.0, 0.0, 0.0, 0.0, 0.0, 0.0, 0.0, 0.0, 0.0, 0.0, 0.0, 0.0, 0.0, 0.0, 0.0, 0.0, 0.0, 0.0], "FOD s proportion": [0.0, 0.0, 0.0, 0.0, 0.0, 0.0, 0.0, 0.0, 0.0, 0.0, 0.0, 0.0, 0.0, 0.0, 0.0, 0.0, 0.0, 0.0, 0.0, 0.0], "FOD p proportion": [0.0, 0.0, 0.0, 0.0, 0.0, 0.0, 0.0, 0.0, 0.0, 0.0, 0.0, 0.0, 0.0, 0.0, 0.0, 0.0, 0.0, 0.0, 0.0, 0.0], "FOD d proportion": [0.0, 0.0, 0.0, 0.0, 0.0, 0.0, 0.0, 0.0, 0.0, 0.0, 0.0, 0.0, 0.0, 0.0, 0.0, 0.0, 0.0, 0.0, 0.0, 0.0], "coordinates": [["2.91460", "0.49400", "-0.50560"], ["1.86840", "-0.35740", "0.19610"], ["0.45260", "0.02050", "-0.24180"], ["-0.59480", "-0.83800", "0.47080"], ["-2.02490", "-0.57700", "-0.01120"], ["-2.52400", "0.82290", "0.32440"], ["-4.22570", "1.00580", "-0.16620"], ["3.91870", "0.20670", "-0.17850"], ["2.86110", "0.36520", "-1.59140"], ["2.77380", "1.55540", "-0.27780"], ["2.05780", "-1.41410", "-0.02590"], ["1.96910", "-0.23020", "1.28020"], ["0.28170", "1.08060", "-0.02370"], ["0.35750", "-0.10820", "-1.32670"], ["-0.36520", "-1.89730", "0.30090"], ["-0.53590", "-0.67210", "1.55350"], ["-2.08250", "-0.74650", "-1.09350"], ["-2.68220", "-1.31880", "0.45990"], ["-1.95350", "1.59260", "-0.20160"], ["-2.46660", "1.01610", "1.39970"]], "bond_dist": [[0.0, 1.5204602230903643, 2.520959478055925, 3.878591151436305, 5.078398626535732, 5.511392307756725, 7.166660009376753, 1.0944188000943695, 1.0947206630003836, 1.094663162803974, 2.145941271330602, 2.146512876737524, 2.740162327308366, 2.752382687781625, 4.138338553091084, 4.183973263537902, 5.182226844706819, 5.961761847809756, 4.999773551872124, 5.732370359633089], [1.5204602230903643, 0.0, 1.529396763433217, 2.5246367441673665, 3.904994537768267, 4.550027114204926, 6.255208257124617, 2.1592276535835677, 2.168584861147933, 2.1686710700334433, 1.096253278216307, 1.096172039417171, 2.152620015237246, 2.1595923897809977, 2.715003500918553, 2.7788899474430435, 4.1742158281526365, 4.658523452769129, 4.309012056144656, 4.703974937220648], [2.520959478055925, 1.529396763433217, 0.0, 1.5303162320252637, 2.5589429184723915, 3.134417930015077, 4.781529288836365, 3.4716748897326197, 2.78228512198157, 2.783016969046362, 2.1636443815932416, 2.1631243006355416, 1.0957127497661054, 1.0966383679226255, 2.154362311682972, 2.1633143784480335, 2.7821599342956542, 3.4803848091841796, 2.8744445828716194, 3.4939190388444894], [3.878591151436305, 2.5246367441673665, 1.5303162320252637, 0.0, 1.531545301321512, 2.5498694888170257, 4.121747475282783, 4.67810547444155, 4.2004290126128785, 4.19955134270317, 2.7595088077409713, 2.75647100655893, 2.1665198960544996, 2.161131550831647, 1.0971320157574473, 1.096919007949083, 2.160707761359689, 2.142084547817849, 2.8646123315380745, 2.7935957581582915], [5.078398626535732, 3.904994537768267, 2.5589429184723915, 1.531545301321512, 0.0, 1.5236299353845735, 2.715290312287067, 5.997379089235564, 5.220897325173135, 5.257920407347376, 4.167660229673239, 4.2118903357043855, 2.840457281847414, 2.7615472927328257, 2.1436423652279313, 2.1620478949366504, 1.0970056061843985, 1.0973813102108125, 2.1791085975691984, 2.1734086845322027], [5.511392307756725, 4.550027114204926, 3.134417930015077, 2.5498694888170257, 1.5236299353845735, 0.0, 1.7804279429395617, 6.491609518447641, 5.7340283344259815, 5.381996463209541, 5.110750466418801, 4.71280392759979, 2.8389320861901575, 3.449075335506605, 3.4728169732941585, 2.7745726553831673, 2.1606431959025536, 2.1518053768870455, 1.092970420459767, 1.0940251779552423], [7.166660009376753, 6.255208257124617, 4.781529288836365, 4.121747475282783, 2.715290312287067, 1.7804279429395617, 0.0, 8.183517792489974, 7.257017131025667, 7.021931000088223, 6.734832763328278, 6.480379309886112, 4.510272281137802, 4.8573118584253985, 4.852796335104122, 4.403105783421516, 2.919545653008358, 2.8597479993873587, 2.347015176772404, 2.3551181944862125], [1.0944188000943695, 2.1592276535835677, 3.4716748897326197, 4.67810547444155, 5.997379089235564, 6.491609518447641, 8.183517792489974, 0.0, 1.771983752747186, 1.771905242951778, 2.4724943296193826, 2.4737880790399163, 3.74371917349579, 3.754952821274856, 4.7967113286083825, 4.8595858465511235, 6.144934229102863, 6.804894240177433, 6.033571517766238, 6.6270581474738846], [1.0947206630003836, 2.168584861147933, 2.78228512198157, 4.2004290126128785, 5.220897325173135, 5.7340283344259815, 7.257017131025667, 1.771983752747186, 0.0, 1.7747513318772292, 2.5023967770919144, 3.0653306053344394, 3.102061380759575, 2.561676523294852, 4.371351876708165, 4.744048513664252, 5.091459737639099, 6.145881757730131, 5.159304988077367, 6.144488368448588], [1.094663162803974, 2.1686710700334433, 2.783016969046362, 4.19955134270317, 5.257920407347376, 5.381996463209541, 7.021931000088223, 1.771905242951778, 1.7747513318772292, 0.0, 3.064969797567343, 2.5026532820189056, 2.549620414885322, 3.115487419329438, 4.702058270587467, 4.389707282951792, 5.4357851125665375, 6.210729661642019, 4.728060444833589, 5.528710781004917], [2.145941271330602, 1.096253278216307, 2.1636443815932416, 2.7595088077409713, 4.167660229673239, 5.110750466418801, 6.734832763328278, 2.4724943296193826, 2.5023967770919144, 3.064969797567343, 0.0, 1.7650450730788718, 3.062362509566756, 2.5076833013759927, 2.4922298208632365, 3.1260755029269527, 4.327533201490198, 4.765782593656576, 5.016138262647871, 5.329953354392513], [2.146512876737524, 1.096172039417171, 2.1631243006355416, 2.75647100655893, 4.2118903357043855, 4.71280392759979, 6.480379309886112, 2.4737880790399163, 3.0653306053344394, 2.5026532820189056, 1.7650450730788718, 0.0, 2.5031321599148537, 3.067257108558068, 3.0310406447291336, 2.5583184907278453, 4.724032169661846, 4.846909710320587, 4.572211919847986, 4.609010569525742], [2.740162327308366, 2.152620015237246, 1.0957127497661054, 2.1665198960544996, 2.840457281847414, 2.8389320861901575, 4.510272281137802, 3.74371917349579, 3.102061380759575, 2.549620414885322, 3.062362509566756, 2.5031321599148537, 0.0, 1.7654461419142755, 3.0645934771189474, 2.4955934945419296, 3.173674225562542, 3.8439163011179107, 2.2999807499194422, 3.0957035872318266], [2.752382687781625, 2.1595923897809977, 1.0966383679226255, 2.161131550831647, 2.7615472927328257, 3.449075335506605, 4.8573118584253985, 3.754952821274856, 2.561676523294852, 3.115487419329438, 2.5076833013759927, 3.067257108558068, 1.7654461419142755, 0.0, 2.5243327554029005, 3.0678492156558157, 2.5328657939180275, 3.7279039700614605, 3.0820920897987456, 4.083239921924745], [4.138338553091084, 2.715003500918553, 2.154362311682972, 1.0971320157574473, 2.1436423652279313, 3.4728169732941585, 4.852796335104122, 4.7967113286083825, 4.371351876708165, 4.702058270587467, 2.4922298208632365, 3.0310406447291336, 3.0645934771189474, 2.5243327554029005, 0.0, 1.760471610109064, 2.493553947681902, 2.3934143498358154, 3.867118455646271, 3.7564801290569876], [4.183973263537902, 2.7788899474430435, 2.1633143784480335, 1.096919007949083, 2.1620478949366504, 2.7745726553831673, 4.403105783421516, 4.8595858465511235, 4.744048513664252, 4.389707282951792, 3.1260755029269527, 2.5583184907278453, 2.4955934945419296, 3.0678492156558157, 1.760471610109064, 0.0, 3.0666131024307584, 2.494150264118022, 3.196690767027677, 2.5692948779772244], [5.182226844706819, 4.1742158281526365, 2.7821599342956542, 2.160707761359689, 1.0970056061843985, 2.1606431959025536, 2.919545653008358, 6.144934229102863, 5.091459737639099, 5.4357851125665375, 4.327533201490198, 4.724032169661846, 3.173674225562542, 2.5328657939180275, 2.493553947681902, 3.0666131024307584, 0.0, 1.7607438598501486, 2.5066941217468077, 3.077391396946446], [5.961761847809756, 4.658523452769129, 3.4803848091841796, 2.142084547817849, 1.0973813102108125, 2.1518053768870455, 2.8597479993873587, 6.804894240177433, 6.145881757730131, 6.210729661642019, 4.765782593656576, 4.846909710320587, 3.8439163011179107, 3.7279039700614605, 2.3934143498358154, 2.494150264118022, 1.7607438598501486, 0.0, 3.0732451740790223, 2.526156252095266], [4.999773551872124, 4.309012056144656, 2.8744445828716194, 2.8646123315380745, 2.1791085975691984, 1.092970420459767, 2.347015176772404, 6.033571517766238, 5.159304988077367, 4.728060444833589, 5.016138262647871, 4.572211919847986, 2.2999807499194422, 3.0820920897987456, 3.867118455646271, 3.196690767027677, 2.5066941217468077, 3.0732451740790223, 0.0, 1.7775785636646273], [5.732370359633089, 4.703974937220648, 3.4939190388444894, 2.7935957581582915, 2.1734086845322027, 1.0940251779552423, 2.3551181944862125, 6.6270581474738846, 6.144488368448588, 5.528710781004917, 5.329953354392513, 4.609010569525742, 3.0957035872318266, 4.083239921924745, 3.7564801290569876, 2.5692948779772244, 3.077391396946446, 2.526156252095266, 1.7775785636646273, 0.0]]}