{"total energy": -48.3097234, "HOMO-LUMO gap/eV": 3.95171776, "electronic energy": -48.52269351, "dipole": [-1.45865414, -0.30760856, 1.03574307], "partial charges": [0.03583976, -0.30509814, 0.73453577, -0.48692777, -0.279688, 0.03167338, -0.29451108, 0.19737859, -0.0980068, 0.18655145, -0.07539075, -0.07676066, -0.06044951, 0.05578062, 0.069534, 0.07848148, 0.07961166, 0.06632893, 0.06379158, 0.07732549], "atomic dipole moments": [[0.20232557, -0.22924429, -0.01633661], [-0.09998229, 0.07261438, -0.16275984], [-0.00925398, -0.22647817, 0.27443038], [-0.02598855, -0.08278812, 0.09090015], [0.08066678, -0.04779977, 0.17395293], [0.09272725, 0.23465939, -0.18947266], [0.03995619, 0.17902846, -0.00471022], [-0.1628073, -0.16567295, -0.0142923], [-0.31992016, 0.04730687, -0.95802054], [0.0675343, -0.03359553, 0.00207267], [0.00056308, -0.01961696, -0.04689623], [0.03274978, -0.02328054, -0.04338576], [-0.03207156, -0.01028256, 0.77519757], [-0.09867947, -0.05149464, -0.0560549], [0.05550977, 0.09321409, -0.06502684], [-0.02778845, 0.03680308, 0.11640107], [-0.10706839, -0.05630619, -0.03529455], [0.09685254, -0.08070793, -0.00557089], [-0.01523217, 0.05676517, 0.1093884], [-0.0171819, 0.13314205, -0.00683859]], "atomic quadrupole moments": [[0.10890895, -0.4491135, 0.16909128, -0.01121567, 0.02154627, -0.27800023], [-0.01834299, -0.11725132, 0.01677922, -0.00357375, 0.03645667, 0.00156377], [0.87875501, -0.49117515, -0.12542466, 0.27053053, 0.6938879, -0.75333035], [-0.03258528, 0.01499511, 0.00551344, -0.01706904, -0.05998215, 0.02707183], [-0.03727958, 0.08405123, 0.03005614, 0.01088898, -0.0749441, 0.00722344], [-0.22705645, 0.19093152, 0.18233131, -0.13741982, -0.40514743, 0.04472514], [0.08425406, 0.02021156, -0.02184865, 0.0546906, -0.00895294, -0.06240541], [0.22815433, 0.13867758, -0.33006381, 0.12820438, 0.03445077, 0.10190948], [-0.42012689, -0.02305822, -0.55479124, 0.3367196, -0.11110785, 0.97491813], [-0.01764912, 0.08095403, 0.05790764, 0.090881, -0.04268999, -0.04025853], [-0.29965555, -0.04821861, 0.54372157, 0.02578199, -0.16842174, -0.24406602], [0.39688306, 0.33787506, -0.14277412, 0.14351378, 0.05139615, -0.25410893], [-0.44849145, -0.05265536, -0.50647184, 0.25158331, -0.15749434, 0.95496329], [0.04047747, 0.00285645, -0.00395049, 0.03492443, 0.0279317, -0.03652698], [-0.0064775, 0.00136101, 0.03527109, -0.03082672, -0.03685044, -0.02879359], [-0.03877322, -0.02090185, -0.03312612, -0.01223683, 0.02056993, 0.07189934], [0.0399786, 0.04196689, -0.02236563, 0.04174094, 5.278e-05, -0.01761297], [0.02088931, -0.03433288, 0.01877578, -0.01861497, -0.02664403, -0.03966509], [-0.05394006, 0.0128551, 0.00715532, -0.02106688, 0.02005379, 0.04678473], [0.01007662, 0.01641985, -0.03274822, 0.01741845, -0.0113773, 0.0226716]], "number of molecular orbitals": 84, "number of electrons": 80, "number of unpaired electrons": 0, "orbital energies/eV": [-30.01861604, -29.90499027, -23.71963969, -23.6926226, -21.4990344, -20.80131736, -20.37196427, -19.74180957, -19.20250785, -18.49620086, -18.33442053, -18.09112094, -17.68846159, -17.12007516, -16.74457619, -16.58260355, -16.29131345, -16.04153503, -15.91936631, -15.67026944, -15.59587079, -15.40161069, -15.29104627, -14.79944872, -14.4369455, -14.00168901, -13.70362184, -13.42431513, -13.02451835, -12.98037953, -12.95373646, -12.84948943, -12.69650337, -12.67213092, -12.65567811, -12.47440986, -12.29255763, -12.22782711, -12.1794175, -12.12703502, -8.17531726, -7.41151385, -6.28178444, -5.77349834, -3.20349371, -2.88559476, -2.17248499, -1.92737764, -0.99057031, -0.96321832, -0.93339101, -0.90984071, -0.87696248, -0.84839988, -0.84262457, -0.76596141, -0.35678581, -0.27750478, 0.0180924, 0.11440323, 0.22533244, 0.29235821, 0.33940935, 0.55952184, 1.3152522, 1.68207221, 2.0014194, 2.64320287, 2.7552887, 3.01442555, 3.24588837, 3.52043692, 4.09666032, 4.44993717, 4.65370433, 4.73762926, 5.20658012, 7.80005467, 9.26633066, 10.37902406, 11.68061591, 25.24542272, 28.94461383, 32.6964665], "fractional occupation": [2.0, 2.0, 2.0, 2.0, 2.0, 2.0, 2.0, 2.0, 2.0, 2.0, 2.0, 2.0, 2.0, 2.0, 2.0, 2.0, 2.0, 2.0, 2.0, 2.0, 2.0, 2.0, 2.0, 2.0, 2.0, 2.0, 2.0, 2.0, 2.0, 2.0, 2.0, 2.0, 2.0, 2.0, 2.0, 2.0, 2.0, 2.0, 2.0, 2.0, 0.0, 0.0, 0.0, 0.0, 0.0, 0.0, 0.0, 0.0, 0.0, 0.0, 0.0, 0.0, 0.0, 0.0, 0.0, 0.0, 0.0, 0.0, 0.0, 0.0, 0.0, 0.0, 0.0, 0.0, 0.0, 0.0, 0.0, 0.0, 0.0, 0.0, 0.0, 0.0, 0.0, 0.0, 0.0, 0.0, 0.0, 0.0, 0.0, 0.0, 0.0, 0.0, 0.0, 0.0], "program call": "xtb /home/svss/Project-DBcg-Debug/aqme2_20220329/End-to-End-workflows-final/example-3/QDESCP/mol_870_rdkit_conf_7/mol_870_rdkit_conf_7.xyz --pop --wbo --acc 0.2 --gfn 2 --chrg 0 --uhf 0 --etemp 300 --input /home/svss/Project-DBcg-Debug/aqme2_20220329/End-to-End-workflows-final/example-3/QDESCP/mol_870_rdkit_conf_7/mol_870_rdkit_conf_7_xtb.inp", "method": "GFN2-xTB", "xtb version": "6.3.3 (7355c4f)", "Dipole module/D": 4.614, "Total charge": 0, "Transition dipole module/D": NaN, "HOMO": -12.127, "LUMO": -8.1753, "HOMO occupancy": 2.0, "LUMO occupancy": 0, "mulliken charges": [0.18012, -0.35088, 0.52961, -0.40095, -0.32125, 0.17913, -0.33292, 0.26656, -0.06379, 0.22251, -0.08908, -0.09613, -0.04082, 0.04066, 0.04807, 0.03636, 0.03958, 0.04709, 0.04059, 0.06555], "cm5 charges": [0.06548, -0.4178, 0.52473, -0.41631, -0.38515, 0.0645, -0.38432, 0.23407, -0.04691, 0.20824, -0.09016, -0.09892, -0.0225, 0.10396, 0.11062, 0.09586, 0.09913, 0.11048, 0.10492, 0.14008], "FUKUI+": [0.013, 0.003, -0.034, 0.0, -0.016, 0.015, -0.015, -0.0, -0.237, -0.025, -0.133, -0.133, -0.282, -0.016, -0.01, -0.018, -0.025, -0.001, -0.012, -0.073], "FUKUI-": [0.02, -0.03, -0.081, -0.061, -0.032, 0.02, -0.01, 0.026, -0.167, 0.021, -0.121, -0.122, -0.172, -0.038, -0.039, -0.057, -0.05, -0.026, -0.041, -0.039], "FUKUIrad": [0.017, -0.013, -0.057, -0.03, -0.024, 0.018, -0.013, 0.013, -0.202, -0.002, -0.127, -0.128, -0.227, -0.027, -0.025, -0.038, -0.038, -0.014, -0.026, -0.056], "s proportion": [0.974, 1.638, 1.303, 1.672, 1.634, 0.974, 1.644, 1.066, 1.957, 1.162, 1.955, 1.956, 1.958, 0.959, 0.952, 0.964, 0.96, 0.953, 0.959, 0.934], "p proportion": [2.846, 4.712, 1.854, 4.729, 4.687, 2.847, 4.689, 2.668, 5.116, 2.616, 5.143, 5.149, 5.079, 0.0, 0.0, 0.0, 0.0, 0.0, 0.0, 0.0], "d proportion": [0.0, 0.0, 1.314, 0.0, 0.0, 0.0, 0.0, 0.0, -0.008, 0.0, -0.01, -0.009, 0.004, 0.0, 0.0, 0.0, 0.0, 0.0, 0.0, 0.0], "Fermi-level/eV": -10.1512, "Coordination numbers": [3.924, 1.657, 4.102, 0.808, 1.657, 3.886, 1.695, 4.051, 1.011, 3.699, 1.269, 1.286, 1.457, 0.924, 0.924, 0.924, 0.924, 0.924, 0.924, 0.926], "Dispersion coefficient C6": [19.911, 19.098, 131.532, 23.523, 18.658, 19.992, 18.9, 17.417, 187.704, 17.778, 101.532, 101.574, 186.698, 2.249, 2.091, 1.995, 1.983, 2.126, 2.155, 2.007], "Total dispersion C6": 10792.245753, "Total dispersion C8": 408832.85018, "Polarizability alpha": [6.342, 5.899, 20.602, 6.501, 5.831, 6.357, 5.869, 5.928, 22.09, 6.03, 15.416, 15.419, 22.031, 2.345, 2.261, 2.209, 2.202, 2.28, 2.296, 2.215], "Total polarizability alpha": 160.124853, "Wiberg matrix": [[0.0, 0.9407734017038922, 0.0, 0.0, 0.0, 0.0, 0.0, 0.0, 0.0, 0.0, 0.0, 0.0, 0.0, 0.9803369252554204, 0.9794941437753271, 0.9773060691267861, 0.0, 0.0, 0.0, 0.0], [0.9407734017038922, 0.0, 1.1562374703869498, 0.0, 0.0, 0.0, 0.0, 0.0, 0.0, 0.0, 0.0, 0.0, 0.0, 0.0, 0.0, 0.0, 0.0, 0.0, 0.0, 0.0], [0.0, 1.1562374703869498, 0.0, 1.8508788753548078, 1.2059023099141903, 0.0, 1.1045681236464229, 0.0, 0.0, 0.0, 0.0, 0.0, 0.0, 0.0, 0.0, 0.0, 0.0, 0.0, 0.0, 0.0], [0.0, 0.0, 1.8508788753548078, 0.0, 0.0, 0.0, 0.0, 0.0, 0.0, 0.0, 0.0, 0.0, 0.0, 0.0, 0.0, 0.0, 0.0, 0.0, 0.0, 0.0], [0.0, 0.0, 1.2059023099141903, 0.0, 0.0, 0.9397115274128177, 0.0, 0.0, 0.0, 0.0, 0.0, 0.0, 0.0, 0.0, 0.0, 0.0, 0.0, 0.0, 0.0, 0.0], [0.0, 0.0, 0.0, 0.0, 0.9397115274128177, 0.0, 0.0, 0.0, 0.0, 0.0, 0.0, 0.0, 0.0, 0.0, 0.0, 0.0, 0.9766627155331434, 0.9805248850212565, 0.978211678040229, 0.0], [0.0, 0.0, 1.1045681236464229, 0.0, 0.0, 0.0, 0.0, 0.9848618031636119, 0.0, 0.0, 0.0, 0.0, 0.0, 0.0, 0.0, 0.0, 0.0, 0.0, 0.0, 0.0], [0.0, 0.0, 0.0, 0.0, 0.0, 0.0, 0.9848618031636119, 0.0, 0.9329429201272288, 0.9853844715182061, 0.0, 0.0, 0.0, 0.0, 0.0, 0.0, 0.0, 0.0, 0.0, 0.9560701130473643], [0.0, 0.0, 0.0, 0.0, 0.0, 0.0, 0.0, 0.9329429201272288, 0.0, 0.0, 0.0, 0.0, 0.0, 0.0, 0.0, 0.0, 0.0, 0.0, 0.0, 0.0], [0.0, 0.0, 0.0, 0.0, 0.0, 0.0, 0.0, 0.9853844715182061, 0.0, 0.0, 0.9830014822073783, 0.9799279873908869, 0.9576343197081574, 0.0, 0.0, 0.0, 0.0, 0.0, 0.0, 0.0], [0.0, 0.0, 0.0, 0.0, 0.0, 0.0, 0.0, 0.0, 0.0, 0.9830014822073783, 0.0, 0.0, 0.0, 0.0, 0.0, 0.0, 0.0, 0.0, 0.0, 0.0], [0.0, 0.0, 0.0, 0.0, 0.0, 0.0, 0.0, 0.0, 0.0, 0.9799279873908869, 0.0, 0.0, 0.0, 0.0, 0.0, 0.0, 0.0, 0.0, 0.0, 0.0], [0.0, 0.0, 0.0, 0.0, 0.0, 0.0, 0.0, 0.0, 0.0, 0.9576343197081574, 0.0, 0.0, 0.0, 0.0, 0.0, 0.0, 0.0, 0.0, 0.0, 0.0], [0.9803369252554204, 0.0, 0.0, 0.0, 0.0, 0.0, 0.0, 0.0, 0.0, 0.0, 0.0, 0.0, 0.0, 0.0, 0.0, 0.0, 0.0, 0.0, 0.0, 0.0], [0.9794941437753271, 0.0, 0.0, 0.0, 0.0, 0.0, 0.0, 0.0, 0.0, 0.0, 0.0, 0.0, 0.0, 0.0, 0.0, 0.0, 0.0, 0.0, 0.0, 0.0], [0.9773060691267861, 0.0, 0.0, 0.0, 0.0, 0.0, 0.0, 0.0, 0.0, 0.0, 0.0, 0.0, 0.0, 0.0, 0.0, 0.0, 0.0, 0.0, 0.0, 0.0], [0.0, 0.0, 0.0, 0.0, 0.0, 0.9766627155331434, 0.0, 0.0, 0.0, 0.0, 0.0, 0.0, 0.0, 0.0, 0.0, 0.0, 0.0, 0.0, 0.0, 0.0], [0.0, 0.0, 0.0, 0.0, 0.0, 0.9805248850212565, 0.0, 0.0, 0.0, 0.0, 0.0, 0.0, 0.0, 0.0, 0.0, 0.0, 0.0, 0.0, 0.0, 0.0], [0.0, 0.0, 0.0, 0.0, 0.0, 0.978211678040229, 0.0, 0.0, 0.0, 0.0, 0.0, 0.0, 0.0, 0.0, 0.0, 0.0, 0.0, 0.0, 0.0, 0.0], [0.0, 0.0, 0.0, 0.0, 0.0, 0.0, 0.0, 0.9560701130473643, 0.0, 0.0, 0.0, 0.0, 0.0, 0.0, 0.0, 0.0, 0.0, 0.0, 0.0, 0.0]], "Born radii": [], "Atomic SASAs": [], "Solvent H bonds": [], "Total SASA": NaN, "Total FOD": 0.0, "FOD": [0.0, 0.0, 0.0, 0.0, 0.0, 0.0, 0.0, 0.0, 0.0, 0.0, 0.0, 0.0, 0.0, 0.0, 0.0, 0.0, 0.0, 0.0, 0.0, 0.0], "FOD s proportion": [0.0, 0.0, 0.0, 0.0, 0.0, 0.0, 0.0, 0.0, 0.0, 0.0, 0.0, 0.0, 0.0, 0.0, 0.0, 0.0, 0.0, 0.0, 0.0, 0.0], "FOD p proportion": [0.0, 0.0, 0.0, 0.0, 0.0, 0.0, 0.0, 0.0, 0.0, 0.0, 0.0, 0.0, 0.0, 0.0, 0.0, 0.0, 0.0, 0.0, 0.0, 0.0], "FOD d proportion": [0.0, 0.0, 0.0, 0.0, 0.0, 0.0, 0.0, 0.0, 0.0, 0.0, 0.0, 0.0, 0.0, 0.0, 0.0, 0.0, 0.0, 0.0, 0.0, 0.0], "coordinates": [["-1.87400", "2.05300", "0.88440"], ["-0.90440", "1.02470", "0.91780"], ["-0.52220", "0.35320", "-0.49330"], ["-0.16060", "1.33020", "-1.56430"], ["-1.76680", "-0.60790", "-0.82580"], ["-2.10040", "-1.62770", "0.09320"], ["0.65980", "-0.66190", "-0.10500"], ["1.94080", "-0.08380", "0.10190"], ["2.32300", "-0.22670", "2.03300"], ["3.03740", "-0.75980", "-0.75220"], ["3.15470", "-2.52590", "-0.47320"], ["4.64910", "-0.01200", "-0.50590"], ["2.61350", "-0.51930", "-2.66630"], ["-2.79230", "1.69530", "0.41070"], ["-1.48490", "2.91640", "0.33820"], ["-2.09970", "2.35550", "1.90990"], ["-3.03120", "-2.09930", "-0.23210"], ["-1.31380", "-2.38640", "0.11630"], ["-2.24910", "-1.21430", "1.09390"], ["1.92100", "0.99670", "-0.08230"]], "bond_dist": [[0.0, 1.4137328637334565, 2.571913795211651, 3.074786348675303, 3.1649114821745012, 3.771578832531543, 3.8431415287496247, 4.441949969326535, 4.912343946630774, 5.891702076649838, 6.935216410466223, 6.981976274666077, 6.273902615597408, 1.0934422115502949, 1.0932487411380816, 1.092747450237245, 4.452783329559165, 4.540052203444361, 3.2954270664058094, 4.056143929892035], [1.4137328637334565, 0.0, 1.6087859708488261, 2.6090973726559152, 2.539538832150436, 3.024170451545349, 2.517431437000817, 3.160637293331837, 3.6367270670205647, 4.638009000638097, 5.569374665974628, 5.826064780793293, 5.254077389989607, 2.066644909025254, 2.061903319750953, 2.0454909288481335, 3.9503068551696083, 3.527834154265192, 2.6176994288878923, 2.9973103226059195], [2.571913795211651, 1.6087859708488261, 0.0, 1.4940965698374387, 1.607264327980933, 2.5997427372722863, 1.6057175654516582, 2.571303373777587, 3.8488490149653836, 3.7385224848862415, 4.670033664760887, 5.184194584503942, 3.913540563224048, 2.7877952614924935, 2.8614992189410082, 3.503295845343353, 3.518247104738381, 2.9161020009595005, 2.821071374495867, 2.5597342615982623], [3.074786348675303, 2.6090973726559152, 1.4940965698374387, 0.0, 2.6232598613175933, 3.906315745046731, 2.602128947611936, 3.031748736290658, 4.640341998172118, 3.905740699278435, 5.20107878329102, 5.104402559555819, 3.511507519570477, 3.3105540170793164, 2.80879105310452, 4.108699860053055, 4.66653741547199, 4.238797253938905, 4.23111566138294, 2.5769370985726443], [3.1649114821745012, 2.539538832150436, 1.607264327980933, 2.6232598613175933, 0.0, 1.412742722508242, 2.531966863922196, 3.857668448687627, 5.004449512184133, 4.807164258687236, 5.2937900421153845, 6.451449885878367, 4.752085678941406, 2.8080799027093226, 3.722237781227846, 4.046803239595421, 2.0433944822280403, 2.062964774299358, 2.0701648098641807, 4.0899146995994915], [3.771578832531543, 3.024170451545349, 2.5997427372722863, 3.906315745046731, 1.412742722508242, 0.0, 2.930999303991729, 4.326083718561165, 5.029124436718583, 5.278725263735555, 5.361310307191704, 6.9660001112546635, 5.573530660183005, 3.409085047340415, 4.592135675260478, 4.377931203205459, 1.0929845790311958, 1.0931142941156702, 1.0928914584715173, 4.805198598393202], [3.8431415287496247, 2.517431437000817, 1.6057175654516582, 2.602128947611936, 2.531966863922196, 2.930999303991729, 0.0, 1.4205520828185079, 2.743479046757966, 2.4660563679689074, 3.1360155053825864, 4.061724425659623, 3.2245210714151025, 4.211808725476502, 4.19528249585174, 4.5584388797043225, 3.9630485954628414, 2.630203585276243, 3.194402319683606, 2.0837693466408416], [4.441949969326535, 3.160637293331837, 2.571303373777587, 3.031748736290658, 3.857668448687627, 4.326083718561165, 1.4205520828185079, 0.0, 1.9737387010442895, 1.5456372051681466, 2.7871393273390552, 2.77659233053756, 2.881859951489663, 5.065845424013647, 4.559874803105893, 5.05417537685427, 5.375367917640615, 3.986802638706862, 4.451668929738598, 1.0962672712436508], [4.912343946630774, 3.6367270670205647, 3.8488490149653836, 4.640341998172118, 5.004449512184133, 5.029124436718583, 2.743479046757966, 1.9737387010442895, 0.0, 2.924363522204447, 3.5012974695104098, 3.4500507981767456, 4.717353654327816, 5.700196082592247, 5.220299518226899, 5.122810336133869, 6.107762799094281, 4.643743879672952, 4.77088681274247, 2.476450211492248], [5.891702076649838, 4.638009000638097, 3.7385224848862415, 3.905740699278435, 4.807164258687236, 5.278725263735555, 2.4660563679689074, 1.5456372051681466, 2.924363522204447, 0.0, 1.7918452779188274, 1.793723897371053, 1.9751734784570192, 6.431582582071072, 5.9291328109597945, 6.571275896658122, 6.236398818228354, 4.725786839246984, 5.6179834202318535, 2.186414237970472], [6.935216410466223, 5.569374665974628, 4.670033664760887, 5.20107878329102, 5.2937900421153845, 5.361310307191704, 3.1360155053825864, 2.7871393273390552, 3.5012974695104098, 1.7918452779188274, 0.0, 2.9247211593586147, 3.0214282400877903, 7.346197495983891, 7.197422275370537, 7.557509571942335, 6.205278042118661, 4.5093749844074855, 5.777296202377026, 3.752802853868026], [6.981976274666077, 5.826064780793293, 5.184194584503942, 5.104402559555819, 6.451449885878367, 6.9660001112546635, 4.061724425659623, 2.77659233053756, 3.4500507981767456, 1.793723897371053, 2.9247211593586147, 0.0, 3.0113699224771437, 7.6895684410765215, 6.849378611961818, 7.549003068617735, 7.9635918918538255, 6.448339678552921, 7.182621288220616, 2.939292816308031], [6.273902615597408, 5.254077389989607, 3.913540563224048, 3.511507519570477, 4.752085678941406, 5.573530660183005, 3.2245210714151025, 2.881859951489663, 4.717353654327816, 1.9751734784570192, 3.0214282400877903, 3.0113699224771437, 0.0, 6.602655208323391, 6.13416149934121, 7.170797425670314, 6.346996748856896, 5.162616629191055, 6.1860332847471815, 3.074876948757462], [1.0934422115502949, 2.066644909025254, 2.7877952614924935, 3.3105540170793164, 2.8080799027093226, 3.409085047340415, 4.211808725476502, 5.065845424013647, 5.700196082592247, 6.431582582071072, 7.346197495983891, 7.6895684410765215, 6.602655208323391, 0.0, 1.7904290603092878, 1.778527323377406, 3.856067194694615, 4.35119621483564, 3.037696601044943, 4.790228371382725], [1.0932487411380816, 2.061903319750953, 2.8614992189410082, 2.80879105310452, 3.722237781227846, 4.592135675260478, 4.19528249585174, 4.559874803105893, 5.220299518226899, 5.9291328109597945, 7.197422275370537, 6.849378611961818, 6.13416149934121, 1.7904290603092878, 0.0, 1.778434350770362, 5.279539020596401, 5.310197986892767, 4.268227573595391, 3.932203345454047], [1.092747450237245, 2.0454909288481335, 3.503295845343353, 4.108699860053055, 4.046803239595421, 4.377931203205459, 4.5584388797043225, 5.05417537685427, 5.122810336133869, 6.571275896658122, 7.557509571942335, 7.549003068617735, 7.170797425670314, 1.778527323377406, 1.778434350770362, 0.0, 5.030019810100155, 5.130327024664218, 3.664921336127148, 4.6884140996716575], [4.452783329559165, 3.9503068551696083, 3.518247104738381, 4.66653741547199, 2.0433944822280403, 1.0929845790311958, 3.9630485954628414, 5.375367917640615, 6.107762799094281, 6.236398818228354, 6.205278042118661, 7.9635918918538255, 6.346996748856896, 3.856067194694615, 5.279539020596401, 5.030019810100155, 0.0, 1.7757454012329583, 1.7757199694771697, 5.84225477705312], [4.540052203444361, 3.527834154265192, 2.9161020009595005, 4.238797253938905, 2.062964774299358, 1.0931142941156702, 2.630203585276243, 3.986802638706862, 4.643743879672952, 4.725786839246984, 4.5093749844074855, 6.448339678552921, 5.162616629191055, 4.35119621483564, 5.310197986892767, 5.130327024664218, 1.7757454012329583, 0.0, 1.7900576135979536, 4.68494809042747], [3.2954270664058094, 2.6176994288878923, 2.821071374495867, 4.23111566138294, 2.0701648098641807, 1.0928914584715173, 3.194402319683606, 4.451668929738598, 4.77088681274247, 5.6179834202318535, 5.777296202377026, 7.182621288220616, 6.1860332847471815, 3.037696601044943, 4.268227573595391, 3.664921336127148, 1.7757199694771697, 1.7900576135979536, 0.0, 4.864329496446555], [4.056143929892035, 2.9973103226059195, 2.5597342615982623, 2.5769370985726443, 4.0899146995994915, 4.805198598393202, 2.0837693466408416, 1.0962672712436508, 2.476450211492248, 2.186414237970472, 3.752802853868026, 2.939292816308031, 3.074876948757462, 4.790228371382725, 3.932203345454047, 4.6884140996716575, 5.84225477705312, 4.68494809042747, 4.864329496446555, 0.0]]}