{"total energy": -66.81565197, "HOMO-LUMO gap/eV": 3.50127383, "electronic energy": -67.5280793, "dipole": [2.16702117, 0.40506942, -0.06388529], "partial charges": [-0.10592784, -0.05766558, -0.06970271, 0.11846747, 0.08043201, -0.3463907, 0.26682015, -0.0149835, 0.06388248, 0.08932412, -0.26494189, 0.11171052, -0.23515857, -0.33882236, -0.01852154, -0.02642291, -0.04273559, 0.10350485, -0.14609084, -0.04846924, 0.09975391, -0.13469298, 0.04197044, 0.03208194, 0.04219872, 0.032345, 0.04545807, 0.0485949, 0.05745441, 0.03282031, 0.03851921, 0.05273321, 0.09386092, 0.06815188, 0.05355303, 0.04356406, 0.07634141, 0.07154931, 0.08543391], "atomic dipole moments": [[-0.03022355, 0.03263313, -0.10442029], [-0.08429489, -0.07605148, 0.04965908], [-0.03880174, 0.0826029, 0.1142416], [-0.14039235, -0.01224536, -0.13827834], [-0.19167394, -0.09932637, 0.04158138], [0.15055635, -0.18001437, -0.11911155], [0.15806797, 0.07190158, -0.01871929], [-0.06375468, 0.05873274, 0.14856487], [-0.00558767, -0.06375349, -0.01035904], [-0.00728926, -0.11682354, -0.0159143], [0.14143837, -0.22502582, -0.06420169], [0.10440939, 0.03920503, -0.00499247], [0.13304598, 0.28975516, 0.04400936], [-0.00078555, 0.19653193, 0.1764026], [0.04758199, 0.02302502, -0.09073672], [0.00133913, -0.03377713, -0.02630754], [-0.00306251, -0.03853269, -0.0227786], [-0.10784504, -0.11760489, 0.16440431], [-0.01393279, 0.00844162, -0.01521014], [0.01464552, 0.05059301, -0.00473851], [0.04652644, -0.10483686, -0.18361944], [0.06083283, 0.06977099, -0.00879059], [0.10912217, 0.05013823, 0.03495684], [-0.0868077, 0.04131645, 0.08283974], [0.01117541, -0.12631696, 0.01217839], [-0.00730726, 0.12423711, -0.00616278], [0.09617234, -0.02785439, -0.06986589], [-0.00869741, 0.0257826, -0.12147909], [0.01521957, -0.12433694, -0.00954129], [-0.00543377, -0.0526367, 0.11271807], [0.00473436, 0.05629359, -0.1077733], [0.06188535, 0.06891123, 0.08929125], [-0.03426044, -0.10581788, -0.07649692], [0.04983524, 0.07749568, -0.0896637], [0.12479767, 0.11963635, 0.00638036], [-0.16144474, -0.03245732, 0.01783213], [0.02853427, 0.15197942, 0.02530665], [-0.03493807, 0.07930051, 0.12839888], [-0.03991456, -0.15214572, -0.01251237]], "atomic quadrupole moments": [[-0.09456349, -0.01206828, -0.1021465, 0.06849794, -0.09566063, 0.19670999], [0.01463021, 0.11184231, -0.12442263, 0.16098317, -0.02723672, 0.10979242], [0.23753394, 0.04207989, -0.16035553, -0.06351617, 0.08626428, -0.07717841], [0.21901018, 0.09872485, 0.01631932, 0.14753005, 0.21276988, -0.2353295], [0.39014502, -0.04569041, -0.02533937, -0.14648945, 0.02757148, -0.36480566], [0.09219648, 0.0425853, 0.02421045, -0.04422535, 0.07565604, -0.11640694], [0.07254899, -0.05662199, 0.10628657, -0.02127947, 0.22169879, -0.17883556], [0.20534855, -0.20685709, -0.15874641, 0.02537407, 0.01696929, -0.04660215], [0.13478756, -0.05493188, -0.16168605, -0.03542343, -0.02591038, 0.02689849], [-0.24323155, -0.02551297, -0.14674656, 0.09588192, -0.09833099, 0.38997811], [-0.12716486, -0.02149533, -0.10416272, 0.05122296, -0.06619936, 0.23132758], [-0.15652513, -0.00207502, -0.23989214, 0.08755862, -0.13911405, 0.39641727], [-0.01405781, 0.13628872, -0.12931792, 0.05083206, -0.08512579, 0.14337572], [0.10823283, -0.01067545, -0.03146757, 0.03020958, 0.11012588, -0.07676526], [0.32303013, -0.10334096, -0.24301321, 0.14229434, -0.17240907, -0.08001692], [0.38379197, -0.17351694, -0.24018288, 0.27173665, -0.09856938, -0.1436091], [0.34370613, -0.1554187, -0.18307799, 0.26598244, -0.09491873, -0.16062815], [0.26953356, -0.03560952, -0.26856344, 0.04352792, -0.29520544, -0.00097012], [-0.06649918, 0.14502999, -0.0853194, -0.22801819, -0.2554142, 0.15181858], [0.32848922, -0.18063742, -0.22534619, 0.23608679, -0.0629311, -0.10314303], [0.17221406, -0.25124805, -0.26314119, 0.15295208, 0.19724802, 0.09092713], [-0.18713706, -0.07380313, -0.03258797, -0.09048143, 0.30330488, 0.21972503], [0.05129947, 0.05210986, -0.02812427, 0.02409562, 0.00439705, -0.0231752], [0.03103765, -0.03852119, -0.0325516, -0.04629178, 0.01421316, 0.00151395], [-0.05161719, -0.00526833, 0.07994638, 0.00180608, 0.00252991, -0.02832919], [-0.03061397, -0.02301671, 0.05130526, 0.01349804, 0.00517297, -0.0206913], [0.02525967, -0.02392029, -0.03501041, -0.02579405, 0.02337196, 0.00975074], [-0.01560183, -0.00184634, -0.02567452, 0.01533218, -0.04096968, 0.04127635], [-0.01527114, -0.01271003, 0.05593641, -0.00341988, -0.01805307, -0.04066527], [-0.00428139, 0.00119476, -0.01506787, 0.01988328, -0.00241273, 0.01934925], [-0.00079389, 0.00251101, -0.03252906, -0.01876224, -0.02839489, 0.03332295], [-0.01316898, 0.02842368, -0.01048421, 0.02384359, 0.02933126, 0.02365319], [-0.00904137, 0.01222841, 0.04729159, 0.01001621, 0.02774075, -0.03825022], [0.01932483, 0.02060712, 0.00332612, -0.02774033, -0.03500087, -0.02265096], [0.02276892, -0.0099347, 0.00940401, -0.01136556, 0.00918183, -0.03217294], [0.02111248, -0.00363569, 0.01900464, -0.00946792, 0.01368992, -0.04011711], [-0.03942844, 0.02500009, 0.01457057, -0.0391898, -0.00239401, 0.02485787], [-0.04098418, 0.02344512, 0.02393979, -0.03320722, 0.00352772, 0.01704439], [-0.03865909, 0.01670917, 0.0183282, -0.03018893, 0.01119501, 0.02033089]], "number of molecular orbitals": 115, "number of electrons": 118, "number of unpaired electrons": 0, "orbital energies/eV": [-28.97685801, -28.88450881, -20.12599651, -19.63359248, -19.29776367, -18.88375684, -18.58399358, -18.34959395, -17.93882769, -17.81760008, -17.72498519, -17.56946174, -17.52437821, -17.30163842, -16.98585108, -16.67194709, -16.5971829, -16.43921188, -16.22203432, -16.11445287, -15.98706234, -15.82260636, -15.57744282, -15.42329332, -15.29637883, -15.02838961, -14.87133534, -14.76241936, -14.61334852, -14.43175365, -14.38775019, -14.16348145, -14.11046906, -14.07369424, -13.99049311, -13.81681486, -13.78480687, -13.68909593, -13.59707643, -13.48409768, -13.04571566, -12.97057845, -12.91496105, -12.78124069, -12.62883157, -12.5236586, -12.46703897, -12.28600728, -12.18714219, -12.09660636, -11.83269318, -11.72059195, -11.66135417, -11.54278329, -11.50155312, -11.35109734, -11.26033232, -11.08503141, -10.65899938, -7.15772555, -7.08088251, -6.39692509, -5.29789631, -4.41881655, -3.89837646, -3.73920576, -2.01529264, -0.60767713, -0.37243691, 0.05148194, 0.22878665, 0.24423417, 0.26382518, 0.31304795, 0.32577383, 0.34677841, 0.58574985, 0.68109984, 1.00900522, 2.0262814, 2.17931703, 2.37745412, 2.53957534, 2.69522486, 2.85870284, 2.94569694, 3.02358325, 3.17467613, 3.26463717, 3.35563626, 3.62581049, 3.85838185, 4.10422919, 4.35559404, 4.50090806, 4.62431842, 4.78155678, 4.94331604, 5.25380468, 5.58073017, 5.82496831, 6.44668612, 6.59049279, 6.60403298, 7.10649938, 7.48990787, 8.74408294, 9.28291666, 9.992946, 10.72012379, 10.96080971, 11.33023317, 13.2225859, 15.37853918, 15.55819009], "fractional occupation": [2.0, 2.0, 2.0, 2.0, 2.0, 2.0, 2.0, 2.0, 2.0, 2.0, 2.0, 2.0, 2.0, 2.0, 2.0, 2.0, 2.0, 2.0, 2.0, 2.0, 2.0, 2.0, 2.0, 2.0, 2.0, 2.0, 2.0, 2.0, 2.0, 2.0, 2.0, 2.0, 2.0, 2.0, 2.0, 2.0, 2.0, 2.0, 2.0, 2.0, 2.0, 2.0, 2.0, 2.0, 2.0, 2.0, 2.0, 2.0, 2.0, 2.0, 2.0, 2.0, 2.0, 2.0, 2.0, 2.0, 2.0, 2.0, 2.0, 0.0, 0.0, 0.0, 0.0, 0.0, 0.0, 0.0, 0.0, 0.0, 0.0, 0.0, 0.0, 0.0, 0.0, 0.0, 0.0, 0.0, 0.0, 0.0, 0.0, 0.0, 0.0, 0.0, 0.0, 0.0, 0.0, 0.0, 0.0, 0.0, 0.0, 0.0, 0.0, 0.0, 0.0, 0.0, 0.0, 0.0, 0.0, 0.0, 0.0, 0.0, 0.0, 0.0, 0.0, 0.0, 0.0, 0.0, 0.0, 0.0, 0.0, 0.0, 0.0, 0.0, 0.0, 0.0, 0.0], "program call": "xtb /home/svss/Project-DBcg-Debug/aqme2_20220329/End-to-End-workflows-final/example-3/QDESCP/mol_80_rdkit_conf_12/mol_80_rdkit_conf_12.xyz --pop --wbo --acc 0.2 --gfn 2 --chrg 0 --uhf 0 --etemp 300 --input /home/svss/Project-DBcg-Debug/aqme2_20220329/End-to-End-workflows-final/example-3/QDESCP/mol_80_rdkit_conf_12/mol_80_rdkit_conf_12_xtb.inp", "method": "GFN2-xTB", "xtb version": "6.3.3 (7355c4f)", "Dipole module/D": 5.606, "Total charge": 0, "Transition dipole module/D": NaN, "HOMO": -10.659, "LUMO": -7.1577, "HOMO occupancy": 2.0, "LUMO occupancy": 0, "mulliken charges": [-0.08798, -0.04547, -0.0651, 0.20765, 0.18129, -0.47914, 0.42508, 0.06586, -0.04273, 0.22367, -0.38305, 0.23763, -0.2815, -0.47838, -0.04095, -0.00977, -0.0561, 0.11997, -0.10377, -0.07097, 0.11692, -0.08831, 0.03573, 0.02557, 0.03355, 0.02149, 0.03428, 0.03999, 0.04665, 0.02726, 0.02783, 0.03457, 0.06268, 0.05369, 0.03745, 0.02213, 0.05476, 0.04627, 0.05131], "cm5 charges": [-0.23832, -0.1574, -0.1697, 0.16916, 0.10516, -0.56144, 0.4609, 0.03758, -0.23048, 0.33309, -0.55575, 0.34655, -0.38993, -0.55426, -0.04049, -0.05991, -0.10792, 0.11269, -0.10582, -0.11928, 0.11361, -0.08927, 0.08652, 0.07759, 0.08502, 0.07674, 0.08854, 0.09752, 0.10373, 0.09749, 0.09393, 0.09746, 0.13628, 0.12544, 0.11164, 0.0948, 0.11659, 0.10275, 0.10919], "FUKUI+": [0.004, 0.004, 0.003, 0.002, 0.009, -0.006, 0.001, 0.013, -0.027, -0.017, -0.051, -0.011, -0.043, -0.013, -0.058, -0.03, -0.03, -0.049, -0.117, -0.026, -0.033, -0.105, -0.013, 0.005, -0.003, -0.006, -0.014, -0.009, -0.007, -0.002, -0.019, -0.022, -0.021, -0.037, -0.045, -0.045, -0.059, -0.063, -0.061], "FUKUI-": [0.008, 0.004, 0.005, 0.002, 0.01, -0.015, 0.003, 0.011, -0.021, 0.001, -0.111, -0.0, -0.06, -0.026, -0.023, -0.005, -0.023, -0.011, -0.145, -0.006, -0.007, -0.119, -0.025, -0.024, -0.021, -0.026, -0.043, -0.017, -0.017, -0.017, -0.019, -0.022, -0.021, -0.032, -0.043, -0.05, -0.028, -0.037, -0.03], "FUKUIrad": [0.006, 0.004, 0.004, 0.002, 0.01, -0.011, 0.002, 0.012, -0.024, -0.008, -0.081, -0.006, -0.051, -0.02, -0.04, -0.018, -0.026, -0.03, -0.131, -0.016, -0.02, -0.112, -0.019, -0.01, -0.012, -0.016, -0.028, -0.013, -0.012, -0.01, -0.019, -0.022, -0.021, -0.034, -0.044, -0.048, -0.043, -0.05, -0.046], "s proportion": [1.008, 1.028, 1.037, 1.026, 1.003, 1.713, 1.025, 1.017, 1.425, 0.992, 1.567, 1.001, 1.585, 1.713, 1.09, 1.067, 1.061, 1.078, 1.943, 1.064, 1.084, 1.945, 0.964, 0.974, 0.966, 0.979, 0.966, 0.96, 0.953, 0.973, 0.972, 0.965, 0.937, 0.946, 0.963, 0.978, 0.945, 0.954, 0.949], "p proportion": [3.08, 3.017, 3.028, 2.766, 2.816, 4.766, 2.55, 2.917, 3.618, 2.784, 3.817, 2.762, 3.697, 4.765, 2.951, 2.943, 2.995, 2.802, 5.172, 3.007, 2.799, 5.153, 0.0, 0.0, 0.0, 0.0, 0.0, 0.0, 0.0, 0.0, 0.0, 0.0, 0.0, 0.0, 0.0, 0.0, 0.0, 0.0, 0.0], "d proportion": [0.0, 0.0, 0.0, 0.0, 0.0, 0.0, 0.0, 0.0, 0.0, 0.0, 0.0, 0.0, 0.0, 0.0, 0.0, 0.0, 0.0, 0.0, -0.011, 0.0, 0.0, -0.01, 0.0, 0.0, 0.0, 0.0, 0.0, 0.0, 0.0, 0.0, 0.0, 0.0, 0.0, 0.0, 0.0, 0.0, 0.0, 0.0, 0.0], "Fermi-level/eV": -8.9084, "Coordination numbers": [3.749, 3.799, 3.801, 3.789, 3.73, 1.696, 3.755, 3.737, 3.071, 3.103, 1.886, 3.266, 1.964, 1.7, 2.971, 2.916, 2.947, 2.879, 0.968, 3.0, 2.879, 0.963, 0.924, 0.924, 0.924, 0.924, 0.924, 0.923, 0.924, 0.924, 0.924, 0.924, 0.924, 0.924, 0.925, 0.925, 0.925, 0.925, 0.925], "Dispersion coefficient C6": [22.59, 21.613, 21.834, 18.66, 19.331, 19.825, 16.578, 20.925, 20.124, 25.889, 27.736, 24.39, 26.977, 19.686, 28.467, 28.662, 29.061, 25.708, 103.724, 29.19, 25.787, 103.361, 2.423, 2.557, 2.42, 2.553, 2.378, 2.338, 2.229, 2.547, 2.469, 2.286, 1.842, 2.106, 2.276, 2.402, 2.017, 2.069, 1.924], "Total dispersion C6": 20363.998155, "Total dispersion C8": 522400.356334, "Polarizability alpha": [6.779, 6.619, 6.653, 6.152, 6.276, 6.011, 5.806, 6.528, 6.663, 8.337, 7.807, 7.97, 7.702, 5.99, 8.752, 8.779, 8.842, 8.312, 15.581, 8.863, 8.325, 15.554, 2.434, 2.501, 2.433, 2.499, 2.411, 2.391, 2.335, 2.496, 2.457, 2.365, 2.122, 2.27, 2.359, 2.424, 2.221, 2.249, 2.169], "Total polarizability alpha": 218.435736, "Wiberg matrix": [[0.0, 1.0211826957320338, 0.0, 0.0, 0.0, 0.0, 0.0, 0.0, 0.0, 0.0, 0.0, 0.0, 0.0, 0.0, 0.0, 0.0, 0.0, 0.0, 0.0, 0.0, 0.0, 0.0, 0.9863253223044467, 0.9865271290094537, 0.9867653020697374, 0.0, 0.0, 0.0, 0.0, 0.0, 0.0, 0.0, 0.0, 0.0, 0.0, 0.0, 0.0, 0.0, 0.0], [1.0211826957320338, 0.0, 1.0055612178422901, 0.0, 0.0, 0.0, 0.0, 0.0, 0.0, 0.0, 0.0, 0.0, 0.0, 0.0, 0.0, 0.0, 0.0, 0.0, 0.0, 0.0, 0.0, 0.0, 0.0, 0.0, 0.0, 0.9773135955505022, 0.9764067914031611, 0.0, 0.0, 0.0, 0.0, 0.0, 0.0, 0.0, 0.0, 0.0, 0.0, 0.0, 0.0], [0.0, 1.0055612178422901, 0.0, 0.991693834116101, 0.0, 0.0, 0.0, 0.0, 0.0, 0.0, 0.0, 0.0, 0.0, 0.0, 0.0, 0.0, 0.0, 0.0, 0.0, 0.0, 0.0, 0.0, 0.0, 0.0, 0.0, 0.0, 0.0, 0.9738685904587767, 0.9731040948290013, 0.0, 0.0, 0.0, 0.0, 0.0, 0.0, 0.0, 0.0, 0.0, 0.0], [0.0, 0.0, 0.991693834116101, 0.0, 0.9913145127030242, 0.0, 0.0, 0.0, 0.0, 0.0, 0.0, 0.0, 0.0, 0.9507862190798216, 0.0, 0.0, 0.0, 0.0, 0.0, 0.0, 0.0, 0.0, 0.0, 0.0, 0.0, 0.0, 0.0, 0.0, 0.0, 0.9596575959894995, 0.0, 0.0, 0.0, 0.0, 0.0, 0.0, 0.0, 0.0, 0.0], [0.0, 0.0, 0.0, 0.9913145127030242, 0.0, 0.9681671242175619, 0.0, 0.0, 0.0, 0.0, 0.0, 0.0, 0.0, 0.0, 0.0, 0.0, 0.0, 0.0, 0.0, 0.0, 0.0, 0.0, 0.0, 0.0, 0.0, 0.0, 0.0, 0.0, 0.0, 0.0, 0.969291739343628, 0.9696810533231202, 0.0, 0.0, 0.0, 0.0, 0.0, 0.0, 0.0], [0.0, 0.0, 0.0, 0.0, 0.9681671242175619, 0.0, 0.9492093158245394, 0.0, 0.0, 0.0, 0.0, 0.0, 0.0, 0.0, 0.0, 0.0, 0.0, 0.0, 0.0, 0.0, 0.0, 0.0, 0.0, 0.0, 0.0, 0.0, 0.0, 0.0, 0.0, 0.0, 0.0, 0.0, 0.0, 0.0, 0.0, 0.0, 0.0, 0.0, 0.0], [0.0, 0.0, 0.0, 0.0, 0.0, 0.9492093158245394, 0.0, 0.9516768835434876, 0.0, 0.0, 0.0, 0.0, 0.0, 0.9588175320212721, 0.9666995216376921, 0.0, 0.0, 0.0, 0.0, 0.0, 0.0, 0.0, 0.0, 0.0, 0.0, 0.0, 0.0, 0.0, 0.0, 0.0, 0.0, 0.0, 0.0, 0.0, 0.0, 0.0, 0.0, 0.0, 0.0], [0.0, 0.0, 0.0, 0.0, 0.0, 0.0, 0.9516768835434876, 0.0, 0.992105074880814, 0.0, 0.0, 0.0, 0.0, 0.0, 0.0, 0.0, 0.0, 0.0, 0.0, 0.0, 0.0, 0.0, 0.0, 0.0, 0.0, 0.0, 0.0, 0.0, 0.0, 0.0, 0.0, 0.0, 0.9612364377962822, 0.9626469596855204, 0.0, 0.0, 0.0, 0.0, 0.0], [0.0, 0.0, 0.0, 0.0, 0.0, 0.0, 0.0, 0.992105074880814, 0.0, 1.2895452195487747, 0.0, 0.0, 1.1869555584058031, 0.0, 0.0, 0.0, 0.0, 0.0, 0.0, 0.0, 0.0, 0.0, 0.0, 0.0, 0.0, 0.0, 0.0, 0.0, 0.0, 0.0, 0.0, 0.0, 0.0, 0.0, 0.0, 0.0, 0.0, 0.0, 0.0], [0.0, 0.0, 0.0, 0.0, 0.0, 0.0, 0.0, 0.0, 1.2895452195487747, 0.0, 1.5135463896679142, 0.0, 0.13783290824549904, 0.0, 0.0, 0.0, 0.0, 0.0, 0.0, 0.0, 0.0, 0.0, 0.0, 0.0, 0.0, 0.0, 0.0, 0.0, 0.0, 0.0, 0.0, 0.0, 0.0, 0.0, 0.9616867773413386, 0.0, 0.0, 0.0, 0.0], [0.0, 0.0, 0.0, 0.0, 0.0, 0.0, 0.0, 0.0, 0.0, 1.5135463896679142, 0.0, 1.3344813539777096, 0.0, 0.0, 0.0, 0.0, 0.0, 0.0, 0.0, 0.0, 0.0, 0.0, 0.0, 0.0, 0.0, 0.0, 0.0, 0.0, 0.0, 0.0, 0.0, 0.0, 0.0, 0.0, 0.0, 0.0, 0.0, 0.0, 0.0], [0.0, 0.0, 0.0, 0.0, 0.0, 0.0, 0.0, 0.0, 0.0, 0.0, 1.3344813539777096, 0.0, 1.5398315177298671, 0.0, 0.0, 0.0, 0.0, 0.0, 0.0, 0.0, 0.0, 0.0, 0.0, 0.0, 0.0, 0.0, 0.0, 0.0, 0.0, 0.0, 0.0, 0.0, 0.0, 0.0, 0.0, 0.9659470803662363, 0.0, 0.0, 0.0], [0.0, 0.0, 0.0, 0.0, 0.0, 0.0, 0.0, 0.0, 1.1869555584058031, 0.13783290824549904, 0.0, 1.5398315177298671, 0.0, 0.0, 0.0, 0.0, 0.0, 0.0, 0.0, 0.0, 0.0, 0.0, 0.0, 0.0, 0.0, 0.0, 0.0, 0.0, 0.0, 0.0, 0.0, 0.0, 0.0, 0.0, 0.0, 0.0, 0.0, 0.0, 0.0], [0.0, 0.0, 0.0, 0.9507862190798216, 0.0, 0.0, 0.9588175320212721, 0.0, 0.0, 0.0, 0.0, 0.0, 0.0, 0.0, 0.0, 0.0, 0.0, 0.0, 0.0, 0.0, 0.0, 0.0, 0.0, 0.0, 0.0, 0.0, 0.0, 0.0, 0.0, 0.0, 0.0, 0.0, 0.0, 0.0, 0.0, 0.0, 0.0, 0.0, 0.0], [0.0, 0.0, 0.0, 0.0, 0.0, 0.0, 0.9666995216376921, 0.0, 0.0, 0.0, 0.0, 0.0, 0.0, 0.0, 0.0, 1.40381876739822, 0.0, 0.0, 0.0, 0.0, 1.3740785097223864, 0.0, 0.0, 0.0, 0.0, 0.0, 0.0, 0.0, 0.0, 0.0, 0.0, 0.0, 0.0, 0.0, 0.0, 0.0, 0.0, 0.0, 0.0], [0.0, 0.0, 0.0, 0.0, 0.0, 0.0, 0.0, 0.0, 0.0, 0.0, 0.0, 0.0, 0.0, 0.0, 1.40381876739822, 0.0, 1.4436136832016975, 0.0, 0.0, 0.1063370342902403, 0.0, 0.0, 0.0, 0.0, 0.0, 0.0, 0.0, 0.0, 0.0, 0.0, 0.0, 0.0, 0.0, 0.0, 0.0, 0.0, 0.9623973853536987, 0.0, 0.0], [0.0, 0.0, 0.0, 0.0, 0.0, 0.0, 0.0, 0.0, 0.0, 0.0, 0.0, 0.0, 0.0, 0.0, 0.0, 1.4436136832016975, 0.0, 1.3935637295025685, 0.0, 0.0, 0.0, 0.0, 0.0, 0.0, 0.0, 0.0, 0.0, 0.0, 0.0, 0.0, 0.0, 0.0, 0.0, 0.0, 0.0, 0.0, 0.0, 0.9652442644822896, 0.0], [0.0, 0.0, 0.0, 0.0, 0.0, 0.0, 0.0, 0.0, 0.0, 0.0, 0.0, 0.0, 0.0, 0.0, 0.0, 0.0, 1.3935637295025685, 0.0, 0.9936809268755635, 1.4044131490760505, 0.0, 0.0, 0.0, 0.0, 0.0, 0.0, 0.0, 0.0, 0.0, 0.0, 0.0, 0.0, 0.0, 0.0, 0.0, 0.0, 0.0, 0.0, 0.0], [0.0, 0.0, 0.0, 0.0, 0.0, 0.0, 0.0, 0.0, 0.0, 0.0, 0.0, 0.0, 0.0, 0.0, 0.0, 0.0, 0.0, 0.9936809268755635, 0.0, 0.0, 0.0, 0.0, 0.0, 0.0, 0.0, 0.0, 0.0, 0.0, 0.0, 0.0, 0.0, 0.0, 0.0, 0.0, 0.0, 0.0, 0.0, 0.0, 0.0], [0.0, 0.0, 0.0, 0.0, 0.0, 0.0, 0.0, 0.0, 0.0, 0.0, 0.0, 0.0, 0.0, 0.0, 0.0, 0.1063370342902403, 0.0, 1.4044131490760505, 0.0, 0.0, 1.3998004351858528, 0.0, 0.0, 0.0, 0.0, 0.0, 0.0, 0.0, 0.0, 0.0, 0.0, 0.0, 0.0, 0.0, 0.0, 0.0, 0.0, 0.0, 0.962013246885187], [0.0, 0.0, 0.0, 0.0, 0.0, 0.0, 0.0, 0.0, 0.0, 0.0, 0.0, 0.0, 0.0, 0.0, 1.3740785097223864, 0.0, 0.0, 0.0, 0.0, 1.3998004351858528, 0.0, 0.9981375167869654, 0.0, 0.0, 0.0, 0.0, 0.0, 0.0, 0.0, 0.0, 0.0, 0.0, 0.0, 0.0, 0.0, 0.0, 0.0, 0.0, 0.0], [0.0, 0.0, 0.0, 0.0, 0.0, 0.0, 0.0, 0.0, 0.0, 0.0, 0.0, 0.0, 0.0, 0.0, 0.0, 0.0, 0.0, 0.0, 0.0, 0.0, 0.9981375167869654, 0.0, 0.0, 0.0, 0.0, 0.0, 0.0, 0.0, 0.0, 0.0, 0.0, 0.0, 0.0, 0.0, 0.0, 0.0, 0.0, 0.0, 0.0], [0.9863253223044467, 0.0, 0.0, 0.0, 0.0, 0.0, 0.0, 0.0, 0.0, 0.0, 0.0, 0.0, 0.0, 0.0, 0.0, 0.0, 0.0, 0.0, 0.0, 0.0, 0.0, 0.0, 0.0, 0.0, 0.0, 0.0, 0.0, 0.0, 0.0, 0.0, 0.0, 0.0, 0.0, 0.0, 0.0, 0.0, 0.0, 0.0, 0.0], [0.9865271290094537, 0.0, 0.0, 0.0, 0.0, 0.0, 0.0, 0.0, 0.0, 0.0, 0.0, 0.0, 0.0, 0.0, 0.0, 0.0, 0.0, 0.0, 0.0, 0.0, 0.0, 0.0, 0.0, 0.0, 0.0, 0.0, 0.0, 0.0, 0.0, 0.0, 0.0, 0.0, 0.0, 0.0, 0.0, 0.0, 0.0, 0.0, 0.0], [0.9867653020697374, 0.0, 0.0, 0.0, 0.0, 0.0, 0.0, 0.0, 0.0, 0.0, 0.0, 0.0, 0.0, 0.0, 0.0, 0.0, 0.0, 0.0, 0.0, 0.0, 0.0, 0.0, 0.0, 0.0, 0.0, 0.0, 0.0, 0.0, 0.0, 0.0, 0.0, 0.0, 0.0, 0.0, 0.0, 0.0, 0.0, 0.0, 0.0], [0.0, 0.9773135955505022, 0.0, 0.0, 0.0, 0.0, 0.0, 0.0, 0.0, 0.0, 0.0, 0.0, 0.0, 0.0, 0.0, 0.0, 0.0, 0.0, 0.0, 0.0, 0.0, 0.0, 0.0, 0.0, 0.0, 0.0, 0.0, 0.0, 0.0, 0.0, 0.0, 0.0, 0.0, 0.0, 0.0, 0.0, 0.0, 0.0, 0.0], [0.0, 0.9764067914031611, 0.0, 0.0, 0.0, 0.0, 0.0, 0.0, 0.0, 0.0, 0.0, 0.0, 0.0, 0.0, 0.0, 0.0, 0.0, 0.0, 0.0, 0.0, 0.0, 0.0, 0.0, 0.0, 0.0, 0.0, 0.0, 0.0, 0.0, 0.0, 0.0, 0.0, 0.0, 0.0, 0.0, 0.0, 0.0, 0.0, 0.0], [0.0, 0.0, 0.9738685904587767, 0.0, 0.0, 0.0, 0.0, 0.0, 0.0, 0.0, 0.0, 0.0, 0.0, 0.0, 0.0, 0.0, 0.0, 0.0, 0.0, 0.0, 0.0, 0.0, 0.0, 0.0, 0.0, 0.0, 0.0, 0.0, 0.0, 0.0, 0.0, 0.0, 0.0, 0.0, 0.0, 0.0, 0.0, 0.0, 0.0], [0.0, 0.0, 0.9731040948290013, 0.0, 0.0, 0.0, 0.0, 0.0, 0.0, 0.0, 0.0, 0.0, 0.0, 0.0, 0.0, 0.0, 0.0, 0.0, 0.0, 0.0, 0.0, 0.0, 0.0, 0.0, 0.0, 0.0, 0.0, 0.0, 0.0, 0.0, 0.0, 0.0, 0.0, 0.0, 0.0, 0.0, 0.0, 0.0, 0.0], [0.0, 0.0, 0.0, 0.9596575959894995, 0.0, 0.0, 0.0, 0.0, 0.0, 0.0, 0.0, 0.0, 0.0, 0.0, 0.0, 0.0, 0.0, 0.0, 0.0, 0.0, 0.0, 0.0, 0.0, 0.0, 0.0, 0.0, 0.0, 0.0, 0.0, 0.0, 0.0, 0.0, 0.0, 0.0, 0.0, 0.0, 0.0, 0.0, 0.0], [0.0, 0.0, 0.0, 0.0, 0.969291739343628, 0.0, 0.0, 0.0, 0.0, 0.0, 0.0, 0.0, 0.0, 0.0, 0.0, 0.0, 0.0, 0.0, 0.0, 0.0, 0.0, 0.0, 0.0, 0.0, 0.0, 0.0, 0.0, 0.0, 0.0, 0.0, 0.0, 0.0, 0.0, 0.0, 0.0, 0.0, 0.0, 0.0, 0.0], [0.0, 0.0, 0.0, 0.0, 0.9696810533231202, 0.0, 0.0, 0.0, 0.0, 0.0, 0.0, 0.0, 0.0, 0.0, 0.0, 0.0, 0.0, 0.0, 0.0, 0.0, 0.0, 0.0, 0.0, 0.0, 0.0, 0.0, 0.0, 0.0, 0.0, 0.0, 0.0, 0.0, 0.0, 0.0, 0.0, 0.0, 0.0, 0.0, 0.0], [0.0, 0.0, 0.0, 0.0, 0.0, 0.0, 0.0, 0.9612364377962822, 0.0, 0.0, 0.0, 0.0, 0.0, 0.0, 0.0, 0.0, 0.0, 0.0, 0.0, 0.0, 0.0, 0.0, 0.0, 0.0, 0.0, 0.0, 0.0, 0.0, 0.0, 0.0, 0.0, 0.0, 0.0, 0.0, 0.0, 0.0, 0.0, 0.0, 0.0], [0.0, 0.0, 0.0, 0.0, 0.0, 0.0, 0.0, 0.9626469596855204, 0.0, 0.0, 0.0, 0.0, 0.0, 0.0, 0.0, 0.0, 0.0, 0.0, 0.0, 0.0, 0.0, 0.0, 0.0, 0.0, 0.0, 0.0, 0.0, 0.0, 0.0, 0.0, 0.0, 0.0, 0.0, 0.0, 0.0, 0.0, 0.0, 0.0, 0.0], [0.0, 0.0, 0.0, 0.0, 0.0, 0.0, 0.0, 0.0, 0.0, 0.9616867773413386, 0.0, 0.0, 0.0, 0.0, 0.0, 0.0, 0.0, 0.0, 0.0, 0.0, 0.0, 0.0, 0.0, 0.0, 0.0, 0.0, 0.0, 0.0, 0.0, 0.0, 0.0, 0.0, 0.0, 0.0, 0.0, 0.0, 0.0, 0.0, 0.0], [0.0, 0.0, 0.0, 0.0, 0.0, 0.0, 0.0, 0.0, 0.0, 0.0, 0.0, 0.9659470803662363, 0.0, 0.0, 0.0, 0.0, 0.0, 0.0, 0.0, 0.0, 0.0, 0.0, 0.0, 0.0, 0.0, 0.0, 0.0, 0.0, 0.0, 0.0, 0.0, 0.0, 0.0, 0.0, 0.0, 0.0, 0.0, 0.0, 0.0], [0.0, 0.0, 0.0, 0.0, 0.0, 0.0, 0.0, 0.0, 0.0, 0.0, 0.0, 0.0, 0.0, 0.0, 0.0, 0.9623973853536987, 0.0, 0.0, 0.0, 0.0, 0.0, 0.0, 0.0, 0.0, 0.0, 0.0, 0.0, 0.0, 0.0, 0.0, 0.0, 0.0, 0.0, 0.0, 0.0, 0.0, 0.0, 0.0, 0.0], [0.0, 0.0, 0.0, 0.0, 0.0, 0.0, 0.0, 0.0, 0.0, 0.0, 0.0, 0.0, 0.0, 0.0, 0.0, 0.0, 0.9652442644822896, 0.0, 0.0, 0.0, 0.0, 0.0, 0.0, 0.0, 0.0, 0.0, 0.0, 0.0, 0.0, 0.0, 0.0, 0.0, 0.0, 0.0, 0.0, 0.0, 0.0, 0.0, 0.0], [0.0, 0.0, 0.0, 0.0, 0.0, 0.0, 0.0, 0.0, 0.0, 0.0, 0.0, 0.0, 0.0, 0.0, 0.0, 0.0, 0.0, 0.0, 0.0, 0.962013246885187, 0.0, 0.0, 0.0, 0.0, 0.0, 0.0, 0.0, 0.0, 0.0, 0.0, 0.0, 0.0, 0.0, 0.0, 0.0, 0.0, 0.0, 0.0, 0.0]], "Born radii": [], "Atomic SASAs": [], "Solvent H bonds": [], "Total SASA": NaN, "Total FOD": 0.0, "FOD": [0.0, 0.0, 0.0, 0.0, 0.0, 0.0, 0.0, 0.0, 0.0, 0.0, 0.0, 0.0, 0.0, 0.0, 0.0, 0.0, 0.0, 0.0, 0.0, 0.0, 0.0, 0.0, 0.0, 0.0, 0.0, 0.0, 0.0, 0.0, 0.0, 0.0, 0.0, 0.0, 0.0, 0.0, 0.0, 0.0, 0.0, 0.0, 0.0], "FOD s proportion": [0.0, 0.0, 0.0, 0.0, 0.0, 0.0, 0.0, 0.0, 0.0, 0.0, 0.0, 0.0, 0.0, 0.0, 0.0, 0.0, 0.0, 0.0, 0.0, 0.0, 0.0, 0.0, 0.0, 0.0, 0.0, 0.0, 0.0, 0.0, 0.0, 0.0, 0.0, 0.0, 0.0, 0.0, 0.0, 0.0, 0.0, 0.0, 0.0], "FOD p proportion": [0.0, 0.0, 0.0, 0.0, 0.0, 0.0, 0.0, 0.0, 0.0, 0.0, 0.0, 0.0, 0.0, 0.0, 0.0, 0.0, 0.0, 0.0, 0.0, 0.0, 0.0, 0.0, 0.0, 0.0, 0.0, 0.0, 0.0, 0.0, 0.0, 0.0, 0.0, 0.0, 0.0, 0.0, 0.0, 0.0, 0.0, 0.0, 0.0], "FOD d proportion": [0.0, 0.0, 0.0, 0.0, 0.0, 0.0, 0.0, 0.0, 0.0, 0.0, 0.0, 0.0, 0.0, 0.0, 0.0, 0.0, 0.0, 0.0, 0.0, 0.0, 0.0, 0.0, 0.0, 0.0, 0.0, 0.0, 0.0, 0.0, 0.0, 0.0, 0.0, 0.0, 0.0, 0.0, 0.0, 0.0, 0.0, 0.0, 0.0], "coordinates": [["4.67090", "-0.11360", "0.87000"], ["4.34720", "0.29830", "-0.55760"], ["3.09370", "-0.37590", "-1.11520"], ["1.80810", "-0.06030", "-0.36060"], ["1.41360", "1.39240", "-0.35060"], ["0.01080", "1.35890", "-0.08210"], ["-0.46670", "0.07660", "-0.57480"], ["-1.37210", "0.34430", "-1.79020"], ["-2.60500", "1.01550", "-1.44970"], ["-2.78900", "2.33330", "-1.16660"], ["-4.06090", "2.55780", "-0.93030"], ["-4.62550", "1.32540", "-1.09780"], ["-3.77480", "0.34930", "-1.42530"], ["0.69330", "-0.66100", "-1.02460"], ["-1.15640", "-0.70210", "0.55010"], ["-1.49240", "-0.03760", "1.75140"], ["-2.13950", "-0.69970", "2.79790"], ["-2.46840", "-2.04200", "2.66440"], ["-3.26270", "-2.86060", "3.95170"], ["-2.15900", "-2.72530", "1.49450"], ["-1.51130", "-2.06280", "0.44330"], ["-1.18710", "-3.01450", "-0.96470"], ["5.62580", "0.32330", "1.17960"], ["3.90560", "0.23350", "1.57050"], ["4.75240", "-1.20170", "0.95630"], ["4.24580", "1.38820", "-0.60860"], ["5.19680", "0.03350", "-1.19840"], ["2.97490", "-0.08930", "-2.16840"], ["3.23620", "-1.46420", "-1.13180"], ["1.84060", "-0.46740", "0.65700"], ["1.55370", "1.86860", "-1.32730"], ["1.93010", "1.97970", "0.41300"], ["-1.62470", "-0.57310", "-2.33140"], ["-0.85310", "0.98930", "-2.51100"], ["-1.98900", "3.06020", "-1.14020"], ["-5.68470", "1.13560", "-0.98010"], ["-1.26330", "1.01930", "1.88440"], ["-2.38770", "-0.15760", "3.70710"], ["-2.42610", "-3.77460", "1.39590"]], "bond_dist": [[0.0, 1.5206857203248803, 2.5489959140806793, 3.11654313141981, 3.790501767576425, 4.97908452127497, 5.340276850501293, 6.618473045197056, 7.71975360422857, 8.110805581445039, 9.307082748638265, 9.610723739656654, 8.764275611252762, 4.439646121032621, 5.865670767269503, 6.226468409138522, 7.102243292087366, 7.6097439122482955, 8.9434273547673, 7.338835817076165, 6.496233552605695, 6.789514629191102, 1.0947912038375174, 1.0940122257086522, 1.0945554120280985, 2.1499700486285853, 2.1392727222119206, 3.479781753213842, 2.8088587878353724, 2.8602694855555124, 4.298160067982577, 3.478899039926281, 7.077759643418247, 6.569788840594498, 7.646448750236935, 10.59348016517707, 6.12594477693033, 7.607555873603559, 8.002930763788976], [1.5206857203248803, 0.0, 1.528635224636669, 2.571853761394687, 3.1378197478504086, 4.489469631259354, 4.819033091814166, 5.850795779208159, 7.045800386755219, 7.445633380713827, 8.714378414436684, 9.047435865481447, 8.168377335187204, 3.8064853474038225, 5.70240409038153, 6.288500454798426, 7.3710691992410435, 7.893712146385882, 9.39271066891768, 7.462165222641482, 6.395202598041754, 6.4628825410957305, 2.157152474907604, 2.174400885301512, 2.169350190725324, 1.095794218820304, 1.096614718121182, 2.1513060428493205, 2.1611184349775927, 2.8887009554469283, 3.2957430770616813, 3.1002488174338523, 6.290412864828508, 5.597890017676304, 6.93649369710663, 10.075643659340082, 6.161242995532638, 7.984634550810701, 8.141392359418626], [2.5489959140806793, 1.528635224636669, 0.0, 1.5237427210654693, 2.5562147914445688, 3.6852542734525118, 3.629495360239492, 4.573585320074394, 5.875633233958703, 6.476771255031322, 7.734926299584243, 7.904478040326255, 6.913636474388858, 2.4189688981051414, 4.576350133020855, 5.418870330613199, 6.542444519443784, 6.928074897112472, 8.500060626842611, 6.318312412345563, 5.145928376882058, 5.030915309364689, 3.48805362487448, 2.871155596619591, 2.7792703322994683, 2.167031790260586, 2.144192204537643, 1.097945007730351, 1.0977152180779857, 2.1724006766708577, 2.730268605833499, 3.0394426396956398, 4.876610384273076, 4.403323621992824, 6.135246327573165, 8.908602068787225, 5.470615340160556, 7.3039700259516405, 6.9516168579690865], [3.11654313141981, 2.571853761394687, 1.5237427210654693, 0.0, 1.505346318957867, 2.306941303978062, 2.288960089210819, 3.510146629415928, 4.67107440103452, 5.245215474124967, 6.451679370520516, 6.622298489950449, 5.698256808884626, 1.4298655636107893, 3.166945212661564, 3.9184639260812393, 5.095929784641856, 5.6005546278917775, 7.221538895554049, 5.126548880094679, 3.9591258909006672, 4.250112644389558, 4.1345130656463045, 2.8661772275977637, 3.421391830819732, 2.8464078309335785, 3.4919901159653928, 2.151837373037284, 2.1459623156057517, 1.0964927815539873, 2.172529277132992, 2.1851638290984043, 3.9913822568127952, 3.5788078685506437, 4.9762701715240505, 7.61288440080368, 3.9546250290008538, 5.844688889923911, 5.899980201661697], [3.790501767576425, 3.1378197478504086, 2.5562147914445688, 1.505346318957867, 0.0, 1.4286575306909632, 2.3058888459767526, 3.3062193302925325, 4.183206949219702, 4.383263118956014, 5.627109337839456, 6.085517697780526, 5.400234463428417, 2.2780605018304496, 3.43556265260874, 3.861106059149373, 5.187914250447862, 5.996269870511167, 7.646278570651217, 5.755286097145823, 4.596055293401071, 5.153787627560918, 4.607289408101037, 3.3531684150963845, 4.425486172162331, 2.8439301116588642, 4.10828142779922, 2.817355039749162, 3.4773995686432126, 2.157879236658067, 1.0955990781303167, 1.0930592390168063, 4.1252909933724675, 3.1571738406365903, 3.8707508005553652, 7.130783924646715, 3.507167264331714, 5.772114948612858, 6.670190952289147], [4.97908452127497, 4.489469631259354, 3.6852542734525118, 2.306941303978062, 1.4286575306909632, 0.0, 1.4543221204396224, 2.42062619584272, 2.971643141428661, 3.1566557699565534, 4.328457616749874, 4.746371922848018, 4.141768433893909, 2.331117438054119, 2.4514798958996176, 2.751644006771225, 4.141983105952993, 5.025516461021693, 6.692647080191813, 4.886142572623112, 3.781648378683561, 4.61958599119012, 5.847442111727144, 4.378022265818209, 5.487961140532976, 4.2677026302215575, 5.467852124006281, 3.9033088194504924, 4.413045304548776, 2.6888303293439697, 2.047158406181603, 2.077072251993175, 3.3862715100830294, 2.6043199841801314, 2.8307591455296937, 5.770180858517349, 2.3676531038139856, 4.7339847000175235, 5.871608626262483], [5.340276850501293, 4.819033091814166, 3.629495360239492, 2.288960089210819, 2.3058888459767526, 1.4543221204396224, 0.0, 1.5390287879048916, 2.4938544684884882, 3.2918079257453647, 4.38189540381785, 4.373630972087151, 3.426549452437539, 1.4463657213858465, 1.532142222510691, 2.5448592436517976, 3.8439571823837997, 4.357486143408835, 6.077331823259284, 3.872534750005479, 2.589353033095333, 3.1977957064202833, 6.344866941079222, 4.872775080998506, 5.587246451517957, 4.891737242534599, 5.697891436312208, 3.7962737427640803, 4.049170538517735, 2.6714978064748625, 2.803486474017665, 3.2159273452613943, 2.2019803927374104, 2.1751314190181708, 3.396902031263192, 5.339782120086923, 2.7515303905281514, 4.6989103258095914, 4.749173432293245], [6.618473045197056, 5.850795779208159, 4.573585320074394, 3.510146629415928, 3.3062193302925325, 2.42062619584272, 1.5390287879048916, 0.0, 1.4444694873897475, 2.5204371783482324, 3.5872908580152796, 3.4679369270504328, 2.4302560153201966, 2.421290690933247, 2.5726413547169766, 3.5641619295424833, 4.767546577643474, 5.171050429071448, 6.842161060659125, 4.564089159952947, 3.2866440786918196, 3.4636992782284084, 7.602023247136251, 6.257850942616003, 6.887879100274626, 5.834955542247088, 6.602822963702722, 4.3849119945558765, 4.9940556364542035, 4.119355049033768, 3.3313769735651353, 4.293384240899014, 1.0946812138700472, 1.0976969709350575, 2.8599262962531045, 4.45880437561461, 3.737666063200403, 5.612811618075205, 5.312954584786134], [7.71975360422857, 7.045800386755219, 5.875633233958703, 4.67107440103452, 4.183206949219702, 2.971643141428661, 2.4938544684884882, 1.4444694873897475, 0.0, 1.3603670276803976, 2.1836003434694726, 2.0741966806453047, 1.3464211228289609, 3.724264377028033, 3.0079547470000274, 3.54879410222684, 4.604422553371921, 5.127649034401633, 6.68070673357243, 4.781298388513313, 3.775653530185205, 4.299600610521866, 8.66824249603113, 7.219490591447571, 8.052089579730222, 6.912294491701, 7.867373064117399, 5.733445451035529, 6.353706787380105, 5.138145254856075, 4.247063345418808, 4.996645368644847, 2.0644691666382426, 2.0484622866921423, 2.157786907922096, 3.1176113067539393, 3.5939388058229373, 5.293011348939279, 5.57445087699228], [8.110805581445039, 7.445633380713827, 6.476771255031322, 5.245215474124967, 4.383263118956014, 3.1566557699565534, 3.2918079257453647, 2.5204371783482324, 1.3603670276803976, 0.0, 1.3129994478292821, 2.0960267412416282, 2.230467065437192, 4.594824238205418, 3.8504668301389118, 3.9770670562614354, 5.033706338276002, 5.824310727459516, 7.307392407008125, 5.750459735534195, 4.852833245641149, 5.586216256107527, 8.964017708594733, 7.531171596106413, 8.595094145499512, 7.11990091574314, 8.310420742657978, 6.332072110296913, 7.122166266663535, 5.709871593127117, 4.370447788270671, 4.988995282619538, 3.340585950099174, 2.71320035566856, 1.0812402924419715, 3.1391632690893925, 3.65553792074436, 5.48803937576982, 6.633592169405653], [9.307082748638265, 8.714378414436684, 7.734926299584243, 6.451679370520516, 5.627109337839456, 4.328457616749874, 4.38189540381785, 3.5872908580152796, 2.1836003434694726, 1.3129994478292821, 0.0, 1.3658840250914421, 2.28130455222445, 5.742123611522135, 4.610276826829383, 4.530431359153342, 5.310608199632128, 6.051122571886972, 7.336900285542936, 6.116209958789838, 5.453180858911613, 6.2698035926175555, 10.162520610065203, 8.667265623020908, 9.765621163039246, 8.394803150759403, 9.599425888562294, 7.618563621838437, 8.334551857178646, 6.819021819880033, 5.670655940894316, 6.166906477319078, 4.207218375601628, 3.9049693443098885, 2.1422496073053674, 2.159133928222147, 4.2562993433263125, 5.628363364247194, 6.941402397210523], [9.610723739656654, 9.047435865481447, 7.904478040326255, 6.622298489950449, 6.085517697780526, 4.746371922848018, 4.373630972087151, 3.4679369270504328, 2.0741966806453047, 2.0960267412416282, 1.3658840250914421, 0.0, 1.3355590402524327, 5.678096216162596, 4.342923608584429, 4.448822906117977, 5.045562852645877, 5.490593047203553, 6.699049939357073, 5.404795281044417, 4.853156713933726, 5.538505410307008, 10.548929180727303, 9.00509509722135, 9.927263954887067, 8.884999953292064, 9.907406485049453, 7.804719124350344, 8.342023198840915, 6.935697808440042, 6.207273888753419, 6.759180164043565, 3.759105192728716, 4.042412548219194, 3.156336650295719, 1.0824887851613065, 4.504620171557198, 5.504007798868021, 6.08817707117656], [8.764275611252762, 8.168377335187204, 6.913636474388858, 5.698256808884626, 5.400234463428417, 4.141768433893909, 3.426549452437539, 2.4302560153201966, 1.3464211228289609, 2.230467065437192, 2.28130455222445, 1.3355590402524327, 0.0, 4.598389303875869, 3.4443672394214877, 3.9307078573712397, 4.648658444110516, 4.914330345021588, 6.283138819093527, 4.53753312274412, 3.799121558992289, 4.268898463304088, 9.754868547038448, 8.24480269260581, 8.988368005372278, 8.128735231264455, 8.98002337469118, 6.8046320738156005, 7.2476924258690785, 6.044475935926951, 5.541731565133771, 6.211556573033849, 2.508937819078026, 3.181929505818757, 3.258733260026049, 2.1128626883922204, 4.208401874821368, 5.340648254659729, 5.175394897010276], [4.439646121032621, 3.8064853474038225, 2.4189688981051414, 1.4298655636107893, 2.2780605018304496, 2.331117438054119, 1.4463657213858465, 2.421290690933247, 3.724264377028033, 4.594824238205418, 5.742123611522135, 5.678096216162596, 4.598389303875869, 0.0, 2.429559505342481, 3.5877692303156845, 4.757915486849257, 5.050963164585542, 6.726941195669842, 4.329297239737645, 2.9966706208724374, 3.013047364380454, 5.491529876090997, 4.22534561308303, 4.548913508740301, 4.122200006064723, 4.560049225611495, 2.6154957254792066, 2.6688878751270164, 2.044885524913314, 2.689013129384087, 3.2511020423850123, 2.6624381025668935, 2.706331097630148, 4.588619192088182, 6.626359166993592, 3.887669308210255, 5.66877036490278, 5.028317966278584], [5.865670767269503, 5.70240409038153, 4.576350133020855, 3.166945212661564, 3.43556265260874, 2.4514798958996176, 1.532142222510691, 2.5726413547169766, 3.0079547470000274, 3.8504668301389118, 4.610276826829383, 4.342923608584429, 3.4443672394214877, 2.429559505342481, 0.0, 1.4133569754311894, 2.453384643711621, 2.8261175665566354, 4.546042729671599, 2.4475367944118838, 1.410271158323817, 2.764553361756651, 6.888102224125307, 5.247895532496813, 5.943779608969363, 5.907258638319471, 6.630347641715326, 4.983312731507024, 4.7649258944919595, 3.008075913270807, 4.180642445844897, 4.091128194031568, 2.922154708430065, 3.5104355940538206, 4.207759277810459, 5.120952471952849, 2.1805967210834747, 3.4320881311528115, 3.4304186304298194], [6.226468409138522, 6.288500454798426, 5.418870330613199, 3.9184639260812393, 3.861106059149373, 2.751644006771225, 2.5448592436517976, 3.5641619295424833, 3.54879410222684, 3.9770670562614354, 4.530431359153342, 4.448822906117977, 3.9307078573712397, 3.5877692303156845, 1.4133569754311894, 0.0, 1.397239088345298, 2.4091003216968776, 3.993070395071943, 2.7810221969628364, 2.41099934881783, 4.041329101916843, 7.1502430231426395, 5.407829880830202, 6.401940319934261, 6.366274018607745, 7.311071870115899, 5.94342276975145, 5.719063538727298, 3.5343073437379493, 4.731883064911896, 4.1921736724520375, 4.119893127254638, 4.43072024167629, 4.266652898936121, 5.139345267638671, 1.0895932360289322, 2.1542341051984115, 3.8682483038191853], [7.102243292087366, 7.3710691992410435, 6.542444519443784, 5.095929784641856, 5.187914250447862, 4.141983105952993, 3.8439571823837997, 4.767546577643474, 4.604422553371921, 5.033706338276002, 5.310608199632128, 5.045562852645877, 4.648658444110516, 4.757915486849257, 2.453384643711621, 1.397239088345298, 0.0, 1.388440402033879, 2.6948694755034053, 2.4087937167802473, 2.792278283051315, 4.519128628397293, 7.997831454838242, 6.23863823362118, 7.151348136540411, 7.532305407376947, 8.386256233862639, 7.154985060082237, 6.702622832145637, 4.525330055366128, 6.103537185108321, 5.4248111976362825, 5.1566234194480405, 5.717688796183297, 5.446845864351221, 5.496367266658952, 2.1347528404946554, 1.0872535536846961, 3.3915709590099983], [7.6097439122482955, 7.893712146385882, 6.928074897112472, 5.6005546278917775, 5.996269870511167, 5.025516461021693, 4.357486143408835, 5.171050429071448, 5.127649034401633, 5.824310727459516, 6.051122571886972, 5.490593047203553, 4.914330345021588, 5.050963164585542, 2.8261175665566354, 2.4091003216968776, 1.388440402033879, 0.0, 1.7199301555586497, 1.389709775456732, 2.4186273503787223, 3.9696161968129866, 8.5624382491204, 6.8558291591900105, 7.467507103444897, 8.219445399782154, 8.830867178822247, 7.536478489321124, 6.8765869761095875, 5.007644248546416, 6.88503810156487, 6.37100267618842, 5.27517910027707, 6.211500538517243, 6.38257396040187, 5.807246137370105, 3.381157153993289, 2.1551564073171114, 2.14773934638261], [8.9434273547673, 9.39271066891768, 8.500060626842611, 7.221538895554049, 7.646278570651217, 6.692647080191813, 6.077331823259284, 6.842161060659125, 6.68070673357243, 7.307392407008125, 7.336900285542936, 6.699049939357073, 6.283138819093527, 6.726941195669842, 4.546042729671599, 3.993070395071943, 2.6948694755034053, 1.7199301555586497, 0.0, 2.6970894720049614, 4.00159435225511, 5.338800383044865, 9.840080785745613, 8.1626033310458, 8.715859015610567, 9.758391761965697, 10.318065955885338, 9.167517737097649, 8.368249901861201, 6.528868601832938, 8.569182143005246, 7.931965306278136, 6.884260734457985, 7.899012182545359, 7.912371954098215, 6.793993647332915, 4.829591458912441, 2.8516071188016063, 2.8403185032668437], [7.338835817076165, 7.462165222641482, 6.318312412345563, 5.126548880094679, 5.755286097145823, 4.886142572623112, 3.872534750005479, 4.564089159952947, 4.781298388513313, 5.750459735534195, 6.116209958789838, 5.404795281044417, 4.53753312274412, 4.329297239737645, 2.4475367944118838, 2.7810221969628364, 2.4087937167802473, 1.389709775456732, 2.6970894720049614, 0.0, 1.4012290961866296, 2.6600546780094576, 8.366375261127127, 6.7483069432265745, 7.097778959646461, 7.897175121522886, 8.304846867341984, 6.835368433376506, 6.1315583614608125, 4.668652784262287, 6.546038018526931, 6.326721588627083, 4.422098160375909, 5.6167302071578975, 6.359446071789586, 5.784527159587031, 3.869926311959958, 3.3972026345215265, 1.0872418590175785], [6.496233552605695, 6.395202598041754, 5.145928376882058, 3.9591258909006672, 4.596055293401071, 3.781648378683561, 2.589353033095333, 3.2866440786918196, 3.775653530185205, 4.852833245641149, 5.453180858911613, 4.853156713933726, 3.799121558992289, 2.9966706208724374, 1.410271158323817, 2.41099934881783, 2.792278283051315, 2.4186273503787223, 4.00159435225511, 1.4012290961866296, 0.0, 1.7301163342388277, 7.5613363441920765, 5.9905241122960184, 6.3433902528537525, 6.794122093398087, 7.21721956088354, 5.553527669868946, 5.037659994481566, 3.7183601842747835, 5.290099745751492, 5.30904495177805, 3.151353001489995, 4.298421819691502, 5.3833817011243035, 5.44730187156908, 3.4113946737368286, 3.879465741568032, 2.1620742447936423], [6.789514629191102, 6.4628825410957305, 5.030915309364689, 4.250112644389558, 5.153787627560918, 4.61958599119012, 3.1977957064202833, 3.4636992782284084, 4.299600610521866, 5.586216256107527, 6.2698035926175555, 5.538505410307008, 4.268898463304088, 3.013047364380454, 2.764553361756651, 4.041329101916843, 4.519128628397293, 3.9696161968129866, 5.338800383044865, 2.6600546780094576, 1.7301163342388277, 0.0, 7.883814922992548, 6.550750821852409, 6.5003188452567455, 7.001926656999487, 7.078071693618255, 5.227612526765922, 4.690089059921997, 4.27604918002588, 5.611428428662349, 6.046240713865104, 2.8319245417207, 4.3049987375143335, 6.129912230203627, 6.119801706754885, 4.939101101415115, 5.60616029114402, 2.772238332106386], [1.0947912038375174, 2.157152474907604, 3.48805362487448, 4.1345130656463045, 4.607289408101037, 5.847442111727144, 6.344866941079222, 7.602023247136251, 8.66824249603113, 8.964017708594733, 10.162520610065203, 10.548929180727303, 9.754868547038448, 5.491529876090997, 6.888102224125307, 7.1502430231426395, 7.997831454838242, 8.5624382491204, 9.840080785745613, 8.366375261127127, 7.5613363441920765, 7.883814922992548, 0.0, 1.7663394039651605, 1.7715291276182845, 2.4972126961874914, 2.4337027427358504, 4.2902929468743745, 3.7746409590847176, 3.902057955745916, 5.025385369302537, 4.121836363806793, 8.10557858576425, 7.4860022421850765, 8.417676204867945, 11.543463329088027, 6.95994668442223, 8.416394911718438, 9.037292941473126], [1.0940122257086522, 2.174400885301512, 2.871155596619591, 2.8661772275977637, 3.3531684150963