{"total energy": -48.42281982, "HOMO-LUMO gap/eV": 3.70491978, "electronic energy": -48.99268404, "dipole": [-0.01574948, 0.56101106, 0.60954835], "partial charges": [-0.10531114, 0.00251566, -0.10664154, 0.07354869, -0.25711563, -7.094e-05, 0.00107759, 0.00030254, -0.03502323, -0.03297631, -0.02876421, -0.04036392, 0.09441769, -0.16743997, 0.26199009, -0.41444628, 0.04970146, 0.05243865, 0.04659264, 0.04244914, 0.04181967, 0.0628004, 0.03388685, 0.05934071, 0.07424301, 0.07810778, 0.06423113, 0.04584497, 0.04663419, 0.05621031], "atomic dipole moments": [[-0.10478062, 0.07758164, -0.01113241], [-0.01460016, -0.00956338, 0.01162222], [-0.04475816, -0.12025685, 0.01371344], [-0.06117076, -0.16023348, -0.14526498], [0.12552127, 0.19618154, -0.1765861], [-0.10708503, 0.07397626, 0.15738616], [0.09261674, 0.11152624, 0.09832272], [0.04937018, -0.08113429, 0.0042413], [-0.00627473, -0.02404067, 0.02568047], [-0.0016186, -0.01003626, 0.00681145], [0.0025664, -0.01377262, 0.00491053], [0.03184667, -0.02861323, -0.01002534], [-0.00144962, -0.2037882, 0.14015217], [0.03242464, -0.0214055, 0.07120781], [-0.02929982, -0.02734413, 0.01553173], [-0.01514656, -0.06947625, 0.17281338], [-0.02973857, -0.12749884, 0.00187587], [0.0836281, 0.00919633, -0.09878322], [0.06743422, 0.02059848, 0.10630695], [-0.09669775, 0.08256004, -0.02318306], [0.05526079, 0.03918894, 0.10735627], [0.08417754, 0.02380197, -0.09656392], [-0.08727036, 0.08752053, 0.01318939], [0.05173388, -0.02137808, 0.11655229], [-0.03256464, -0.12277752, 0.03025365], [0.02007512, -0.0100805, -0.12843907], [0.1056034, 0.02612086, -0.11226821], [0.00173203, 0.12467144, -0.08681599], [-0.10378317, 0.10891424, 0.01997275], [-0.10998034, -0.01068655, 0.10819252]], "atomic quadrupole moments": [[0.12134964, -0.17114422, 0.00633663, 0.03241406, -0.03078192, -0.12768627], [-0.01103883, 0.05707301, -0.0376606, -0.02599348, -0.02825783, 0.04869943], [-0.07473656, 0.10294451, 0.21165715, 0.00148619, -0.00692924, -0.13692059], [-0.07246401, 0.35440641, 0.14298887, -0.03797272, 0.1517493, -0.07052486], [-0.14156772, 0.12113379, -0.04581609, -0.02007473, 0.00274335, 0.1873838], [-0.10691292, 0.02862098, -0.16735117, 0.02146528, 0.00254886, 0.27426408], [0.20174202, 0.00513012, -0.10109978, 0.1434178, 0.08024008, -0.10064224], [0.06849896, 0.06078697, -0.04484278, 0.26981251, 0.26847894, -0.02365618], [0.02566178, 0.20685067, -0.09433765, 0.32870914, 0.24637908, 0.06867587], [0.03410573, 0.21713056, -0.11639737, 0.3062966, 0.24545142, 0.08229164], [0.01726152, 0.23261725, -0.10622943, 0.31566141, 0.22957086, 0.08896792], [0.01567262, 0.20642903, -0.0865479, 0.30988905, 0.21908186, 0.07087528], [-0.20388995, 0.21886252, 0.13135835, 0.29807246, -0.09038873, 0.07253159], [-0.22006546, 0.03609868, 0.21099648, -0.00834558, -0.31001836, 0.00906898], [0.07169411, -0.3591739, 0.10958986, -0.10553415, 0.1383188, -0.18128397], [0.00940649, -0.14945149, 0.05836363, -0.05003424, 0.03374677, -0.06777013], [-0.0080369, 0.04402835, 0.0566761, 0.00147815, -0.00432261, -0.0486392], [-0.00092788, 0.00564669, -0.03420454, -0.05596511, -0.02524317, 0.03513242], [-0.01785834, 0.00446569, -0.02922533, 0.04774554, 0.03519181, 0.04708367], [0.04974709, -0.04586912, -0.00024359, 0.01704708, -0.0088422, -0.0495035], [-0.02737174, 0.01368678, -0.03060079, 0.05096359, 0.01463113, 0.05797253], [0.00715997, 0.00286435, -0.02976422, -0.06452891, 0.00037207, 0.02260426], [0.00783172, -0.02228222, 0.03694084, 0.00541666, 0.00093795, -0.04477256], [-0.01467796, -0.01536927, -0.02086302, 0.03286325, -0.0128849, 0.03554099], [0.00437482, 0.02333592, 0.02289755, -0.01186044, -0.03772841, -0.02727237], [-0.01931442, -0.01245406, -0.03573318, -0.01480134, -0.00993913, 0.0550476], [-0.00043552, -0.03583915, 0.01728318, -0.03260573, -0.02269783, -0.01684766], [0.00089701, -0.02943417, 0.00903181, -0.04296554, -0.02662261, -0.00992882], [-0.00364031, -0.02337065, 0.00997665, -0.04285118, -0.03264933, -0.00633634], [-0.00935581, -0.02330772, 0.01845643, -0.03300985, -0.03467032, -0.00910061]], "number of molecular orbitals": 83, "number of electrons": 86, "number of unpaired electrons": 0, "orbital energies/eV": [-28.71116262, -19.99570626, -19.25077863, -18.46511881, -18.30432126, -18.10501823, -17.63924759, -17.45775149, -17.13042754, -17.07943101, -16.67220567, -16.2903807, -16.25778965, -16.00099379, -15.8846814, -15.66109214, -15.28971457, -14.85578747, -14.80067077, -14.51558933, -14.3538522, -14.24408304, -14.14193464, -13.93415024, -13.74458322, -13.64978664, -13.53988591, -13.43065236, -13.24633435, -13.00752877, -12.99103519, -12.88298236, -12.66543459, -12.4513061, -12.40896435, -12.26349037, -12.16768997, -12.02392206, -11.43657912, -11.35175243, -10.97488426, -10.83800055, -10.50239337, -6.7974736, -6.61576234, -6.31817241, -3.74122031, -3.35748601, -2.70059038, 0.28188489, 0.3753767, 0.49287575, 0.55099748, 0.56664365, 0.91857374, 1.76147119, 2.01116832, 2.55131864, 3.08524569, 3.20221775, 3.33654413, 3.46198114, 3.73694659, 4.25290943, 4.34955292, 4.54073894, 4.61629336, 4.8063229, 5.00401564, 5.23500432, 5.44941115, 5.64279662, 6.46815103, 6.64778476, 7.18939497, 7.56767768, 9.55351989, 9.87798122, 11.12355421, 11.35638587, 15.80715715, 16.37674694, 16.76937513], "fractional occupation": [2.0, 2.0, 2.0, 2.0, 2.0, 2.0, 2.0, 2.0, 2.0, 2.0, 2.0, 2.0, 2.0, 2.0, 2.0, 2.0, 2.0, 2.0, 2.0, 2.0, 2.0, 2.0, 2.0, 2.0, 2.0, 2.0, 2.0, 2.0, 2.0, 2.0, 2.0, 2.0, 2.0, 2.0, 2.0, 2.0, 2.0, 2.0, 2.0, 2.0, 2.0, 2.0, 2.0, 0.0, 0.0, 0.0, 0.0, 0.0, 0.0, 0.0, 0.0, 0.0, 0.0, 0.0, 0.0, 0.0, 0.0, 0.0, 0.0, 0.0, 0.0, 0.0, 0.0, 0.0, 0.0, 0.0, 0.0, 0.0, 0.0, 0.0, 0.0, 0.0, 0.0, 0.0, 0.0, 0.0, 0.0, 0.0, 0.0, 0.0, 0.0, 0.0, 0.0], "program call": "xtb /home/svss/Project-DBcg-Debug/aqme2_20220329/End-to-End-workflows-final/example-3/QDESCP/mol_653_rdkit_conf_1/mol_653_rdkit_conf_1.xyz --pop --wbo --acc 0.2 --gfn 2 --chrg 0 --uhf 0 --etemp 300 --input /home/svss/Project-DBcg-Debug/aqme2_20220329/End-to-End-workflows-final/example-3/QDESCP/mol_653_rdkit_conf_1/mol_653_rdkit_conf_1_xtb.inp", "method": "GFN2-xTB", "xtb version": "6.3.3 (7355c4f)", "Dipole module/D": 2.106, "Total charge": 0, "Transition dipole module/D": NaN, "HOMO": -10.5024, "LUMO": -6.7975, "HOMO occupancy": 2.0, "LUMO occupancy": 0, "mulliken charges": [-0.08632, -0.01686, -0.08768, 0.17711, -0.37418, -0.04712, 0.0917, -0.02702, -0.02929, -0.03257, -0.02284, -0.04993, 0.10715, -0.10373, 0.4519, -0.53891, 0.04629, 0.0459, 0.03416, 0.03987, 0.0305, 0.05229, 0.02929, 0.04154, 0.04884, 0.05621, 0.05131, 0.03648, 0.03535, 0.04054], "cm5 charges": [-0.22859, -0.03208, -0.23107, 0.10846, -0.40151, -0.25651, 0.05498, -0.0327, -0.08104, -0.08776, -0.07807, -0.10168, 0.10279, -0.10561, 0.55096, -0.58336, 0.10246, 0.09888, 0.08642, 0.09333, 0.08262, 0.10586, 0.09535, 0.10511, 0.11793, 0.1247, 0.11051, 0.09179, 0.09072, 0.09714], "FUKUI+": [0.011, -0.005, 0.014, 0.014, -0.025, -0.048, 0.019, -0.056, -0.027, -0.028, -0.052, -0.028, -0.03, -0.099, -0.049, -0.1, -0.013, -0.021, -0.031, -0.007, -0.03, -0.02, -0.013, -0.038, -0.047, -0.04, -0.051, -0.065, -0.072, -0.064], "FUKUI-": [0.011, -0.012, 0.017, 0.018, -0.068, -0.078, 0.023, -0.017, -0.01, -0.031, -0.02, -0.017, -0.012, -0.176, -0.008, -0.105, -0.016, -0.03, -0.038, -0.016, -0.034, -0.025, -0.044, -0.05, -0.044, -0.041, -0.032, -0.05, -0.052, -0.043], "FUKUIrad": [0.011, -0.009, 0.015, 0.016, -0.046, -0.063, 0.021, -0.036, -0.019, -0.029, -0.036, -0.023, -0.021, -0.138, -0.028, -0.102, -0.014, -0.025, -0.035, -0.011, -0.032, -0.023, -0.028, -0.044, -0.045, -0.041, -0.042, -0.057, -0.062, -0.053], "s proportion": [1.015, 1.086, 1.012, 1.009, 1.724, 1.441, 1.007, 1.088, 1.07, 1.06, 1.061, 1.063, 1.083, 1.944, 1.009, 1.73, 0.954, 0.954, 0.966, 0.96, 0.97, 0.948, 0.971, 0.958, 0.951, 0.944, 0.949, 0.964, 0.965, 0.959], "p proportion": [3.071, 2.93, 3.075, 2.814, 4.65, 3.606, 2.902, 2.939, 2.96, 2.973, 2.962, 2.986, 2.81, 5.169, 2.539, 4.809, 0.0, 0.0, 0.0, 0.0, 0.0, 0.0, 0.0, 0.0, 0.0, 0.0, 0.0, 0.0, 0.0, 0.0], "d proportion": [0.0, 0.0, 0.0, 0.0, 0.0, 0.0, 0.0, 0.0, 0.0, 0.0, 0.0, 0.0, 0.0, -0.01, 0.0, 0.0, 0.0, 0.0, 0.0, 0.0, 0.0, 0.0, 0.0, 0.0, 0.0, 0.0, 0.0, 0.0, 0.0, 0.0], "Fermi-level/eV": -8.6499, "Coordination numbers": [3.757, 3.921, 3.755, 3.774, 1.761, 2.781, 3.739, 2.98, 2.916, 2.909, 2.911, 2.957, 2.878, 0.961, 2.819, 0.856, 0.924, 0.924, 0.924, 0.924, 0.924, 0.924, 0.924, 0.924, 0.924, 0.924, 0.925, 0.925, 0.925, 0.925], "Dispersion coefficient C6": [22.566, 20.476, 22.594, 19.381, 18.248, 21.265, 20.64, 28.016, 28.872, 28.821, 28.719, 29.001, 25.901, 104.403, 22.591, 21.972, 2.324, 2.29, 2.363, 2.417, 2.425, 2.167, 2.532, 2.207, 2.04, 1.999, 2.15, 2.372, 2.362, 2.244], "Total dispersion C6": 10877.573667, "Total dispersion C8": 271300.610993, "Polarizability alpha": [6.773, 6.431, 6.778, 6.273, 5.768, 6.849, 6.482, 8.682, 8.811, 8.803, 8.788, 8.833, 8.343, 15.632, 7.788, 6.285, 2.384, 2.366, 2.404, 2.431, 2.435, 2.302, 2.488, 2.323, 2.233, 2.211, 2.293, 2.409, 2.404, 2.343], "Total polarizability alpha": 160.345133, "Wiberg matrix": [[0.0, 0.9794212875432116, 0.0, 0.0, 0.0, 0.0, 0.0, 0.0, 0.0, 0.0, 0.0, 0.0, 0.0, 0.0, 0.0, 0.0, 0.9849219612989368, 0.9840542561654302, 0.9818273142055504, 0.0, 0.0, 0.0, 0.0, 0.0, 0.0, 0.0, 0.0, 0.0, 0.0, 0.0], [0.9794212875432116, 0.0, 0.9963543243406133, 0.9797088584897236, 0.0, 0.0, 0.0, 0.0, 0.0, 0.0, 0.0, 0.0, 0.0, 0.0, 0.9423675827749861, 0.0, 0.0, 0.0, 0.0, 0.0, 0.0, 0.0, 0.0, 0.0, 0.0, 0.0, 0.0, 0.0, 0.0, 0.0], [0.0, 0.9963543243406133, 0.0, 0.0, 0.0, 0.0, 0.0, 0.0, 0.0, 0.0, 0.0, 0.0, 0.0, 0.0, 0.0, 0.0, 0.0, 0.0, 0.0, 0.9849905964940112, 0.9846876575445145, 0.9822196281660251, 0.0, 0.0, 0.0, 0.0, 0.0, 0.0, 0.0, 0.0], [0.0, 0.9797088584897236, 0.0, 0.0, 0.9654614559516993, 0.0, 0.0, 0.0, 0.0, 0.0, 0.0, 0.0, 0.0, 0.0, 0.0, 0.0, 0.0, 0.0, 0.0, 0.0, 0.0, 0.0, 0.9693819498244871, 0.9669159439655017, 0.0, 0.0, 0.0, 0.0, 0.0, 0.0], [0.0, 0.0, 0.0, 0.9654614559516993, 0.0, 0.9603688346417512, 0.0, 0.0, 0.0, 0.0, 0.0, 0.0, 0.0, 0.0, 0.0, 0.0, 0.0, 0.0, 0.0, 0.0, 0.0, 0.0, 0.0, 0.0, 0.0, 0.0, 0.0, 0.0, 0.0, 0.0], [0.0, 0.0, 0.0, 0.0, 0.9603688346417512, 0.0, 0.9691295162567461, 0.0, 0.0, 0.0, 0.0, 0.0, 0.0, 0.0, 1.191697954129229, 0.18753336846484342, 0.0, 0.0, 0.0, 0.0, 0.0, 0.0, 0.0, 0.0, 0.0, 0.0, 0.0, 0.0, 0.0, 0.0], [0.0, 0.0, 0.0, 0.0, 0.0, 0.9691295162567461, 0.0, 0.9969422489717279, 0.0, 0.0, 0.0, 0.0, 0.0, 0.0, 0.0, 0.0, 0.0, 0.0, 0.0, 0.0, 0.0, 0.0, 0.0, 0.0, 0.9635513777792611, 0.9575030677778564, 0.0, 0.0, 0.0, 0.0], [0.0, 0.0, 0.0, 0.0, 0.0, 0.0, 0.9969422489717279, 0.0, 1.4047426751703096, 0.0, 0.10558748290759785, 0.0, 1.381477697383221, 0.0, 0.0, 0.0, 0.0, 0.0, 0.0, 0.0, 0.0, 0.0, 0.0, 0.0, 0.0, 0.0, 0.0, 0.0, 0.0, 0.0], [0.0, 0.0, 0.0, 0.0, 0.0, 0.0, 0.0, 1.4047426751703096, 0.0, 1.445554440734559, 0.0, 0.11147745179395513, 0.0, 0.0, 0.0, 0.0, 0.0, 0.0, 0.0, 0.0, 0.0, 0.0, 0.0, 0.0, 0.0, 0.0, 0.9655774422832125, 0.0, 0.0, 0.0], [0.0, 0.0, 0.0, 0.0, 0.0, 0.0, 0.0, 0.0, 1.445554440734559, 0.0, 1.4321211634103999, 0.0, 0.0, 0.0, 0.0, 0.0, 0.0, 0.0, 0.0, 0.0, 0.0, 0.0, 0.0, 0.0, 0.0, 0.0, 0.0, 0.9696676502992001, 0.0, 0.0], [0.0, 0.0, 0.0, 0.0, 0.0, 0.0, 0.0, 0.10558748290759785, 0.0, 1.4321211634103999, 0.0, 1.443673958616541, 0.0, 0.0, 0.0, 0.0, 0.0, 0.0, 0.0, 0.0, 0.0, 0.0, 0.0, 0.0, 0.0, 0.0, 0.0, 0.0, 0.9693176380977124, 0.0], [0.0, 0.0, 0.0, 0.0, 0.0, 0.0, 0.0, 0.0, 0.11147745179395513, 0.0, 1.443673958616541, 0.0, 1.3988691489762, 0.0, 0.0, 0.0, 0.0, 0.0, 0.0, 0.0, 0.0, 0.0, 0.0, 0.0, 0.0, 0.0, 0.0, 0.0, 0.0, 0.967826693643474], [0.0, 0.0, 0.0, 0.0, 0.0, 0.0, 0.0, 1.381477697383221, 0.0, 0.0, 0.0, 1.3988691489762, 0.0, 0.9808648383605001, 0.0, 0.0, 0.0, 0.0, 0.0, 0.0, 0.0, 0.0, 0.0, 0.0, 0.0, 0.0, 0.0, 0.0, 0.0, 0.0], [0.0, 0.0, 0.0, 0.0, 0.0, 0.0, 0.0, 0.0, 0.0, 0.0, 0.0, 0.0, 0.9808648383605001, 0.0, 0.0, 0.0, 0.0, 0.0, 0.0, 0.0, 0.0, 0.0, 0.0, 0.0, 0.0, 0.0, 0.0, 0.0, 0.0, 0.0], [0.0, 0.9423675827749861, 0.0, 0.0, 0.0, 1.191697954129229, 0.0, 0.0, 0.0, 0.0, 0.0, 0.0, 0.0, 0.0, 0.0, 1.7096345696742676, 0.0, 0.0, 0.0, 0.0, 0.0, 0.0, 0.0, 0.0, 0.0, 0.0, 0.0, 0.0, 0.0, 0.0], [0.0, 0.0, 0.0, 0.0, 0.0, 0.18753336846484342, 0.0, 0.0, 0.0, 0.0, 0.0, 0.0, 0.0, 0.0, 1.7096345696742676, 0.0, 0.0, 0.0, 0.0, 0.0, 0.0, 0.0, 0.0, 0.0, 0.0, 0.0, 0.0, 0.0, 0.0, 0.0], [0.9849219612989368, 0.0, 0.0, 0.0, 0.0, 0.0, 0.0, 0.0, 0.0, 0.0, 0.0, 0.0, 0.0, 0.0, 0.0, 0.0, 0.0, 0.0, 0.0, 0.0, 0.0, 0.0, 0.0, 0.0, 0.0, 0.0, 0.0, 0.0, 0.0, 0.0], [0.9840542561654302, 0.0, 0.0, 0.0, 0.0, 0.0, 0.0, 0.0, 0.0, 0.0, 0.0, 0.0, 0.0, 0.0, 0.0, 0.0, 0.0, 0.0, 0.0, 0.0, 0.0, 0.0, 0.0, 0.0, 0.0, 0.0, 0.0, 0.0, 0.0, 0.0], [0.9818273142055504, 0.0, 0.0, 0.0, 0.0, 0.0, 0.0, 0.0, 0.0, 0.0, 0.0, 0.0, 0.0, 0.0, 0.0, 0.0, 0.0, 0.0, 0.0, 0.0, 0.0, 0.0, 0.0, 0.0, 0.0, 0.0, 0.0, 0.0, 0.0, 0.0], [0.0, 0.0, 0.9849905964940112, 0.0, 0.0, 0.0, 0.0, 0.0, 0.0, 0.0, 0.0, 0.0, 0.0, 0.0, 0.0, 0.0, 0.0, 0.0, 0.0, 0.0, 0.0, 0.0, 0.0, 0.0, 0.0, 0.0, 0.0, 0.0, 0.0, 0.0], [0.0, 0.0, 0.9846876575445145, 0.0, 0.0, 0.0, 0.0, 0.0, 0.0, 0.0, 0.0, 0.0, 0.0, 0.0, 0.0, 0.0, 0.0, 0.0, 0.0, 0.0, 0.0, 0.0, 0.0, 0.0, 0.0, 0.0, 0.0, 0.0, 0.0, 0.0], [0.0, 0.0, 0.9822196281660251, 0.0, 0.0, 0.0, 0.0, 0.0, 0.0, 0.0, 0.0, 0.0, 0.0, 0.0, 0.0, 0.0, 0.0, 0.0, 0.0, 0.0, 0.0, 0.0, 0.0, 0.0, 0.0, 0.0, 0.0, 0.0, 0.0, 0.0], [0.0, 0.0, 0.0, 0.9693819498244871, 0.0, 0.0, 0.0, 0.0, 0.0, 0.0, 0.0, 0.0, 0.0, 0.0, 0.0, 0.0, 0.0, 0.0, 0.0, 0.0, 0.0, 0.0, 0.0, 0.0, 0.0, 0.0, 0.0, 0.0, 0.0, 0.0], [0.0, 0.0, 0.0, 0.9669159439655017, 0.0, 0.0, 0.0, 0.0, 0.0, 0.0, 0.0, 0.0, 0.0, 0.0, 0.0, 0.0, 0.0, 0.0, 0.0, 0.0, 0.0, 0.0, 0.0, 0.0, 0.0, 0.0, 0.0, 0.0, 0.0, 0.0], [0.0, 0.0, 0.0, 0.0, 0.0, 0.0, 0.9635513777792611, 0.0, 0.0, 0.0, 0.0, 0.0, 0.0, 0.0, 0.0, 0.0, 0.0, 0.0, 0.0, 0.0, 0.0, 0.0, 0.0, 0.0, 0.0, 0.0, 0.0, 0.0, 0.0, 0.0], [0.0, 0.0, 0.0, 0.0, 0.0, 0.0, 0.9575030677778564, 0.0, 0.0, 0.0, 0.0, 0.0, 0.0, 0.0, 0.0, 0.0, 0.0, 0.0, 0.0, 0.0, 0.0, 0.0, 0.0, 0.0, 0.0, 0.0, 0.0, 0.0, 0.0, 0.0], [0.0, 0.0, 0.0, 0.0, 0.0, 0.0, 0.0, 0.0, 0.9655774422832125, 0.0, 0.0, 0.0, 0.0, 0.0, 0.0, 0.0, 0.0, 0.0, 0.0, 0.0, 0.0, 0.0, 0.0, 0.0, 0.0, 0.0, 0.0, 0.0, 0.0, 0.0], [0.0, 0.0, 0.0, 0.0, 0.0, 0.0, 0.0, 0.0, 0.0, 0.9696676502992001, 0.0, 0.0, 0.0, 0.0, 0.0, 0.0, 0.0, 0.0, 0.0, 0.0, 0.0, 0.0, 0.0, 0.0, 0.0, 0.0, 0.0, 0.0, 0.0, 0.0], [0.0, 0.0, 0.0, 0.0, 0.0, 0.0, 0.0, 0.0, 0.0, 0.0, 0.9693176380977124, 0.0, 0.0, 0.0, 0.0, 0.0, 0.0, 0.0, 0.0, 0.0, 0.0, 0.0, 0.0, 0.0, 0.0, 0.0, 0.0, 0.0, 0.0, 0.0], [0.0, 0.0, 0.0, 0.0, 0.0, 0.0, 0.0, 0.0, 0.0, 0.0, 0.0, 0.967826693643474, 0.0, 0.0, 0.0, 0.0, 0.0, 0.0, 0.0, 0.0, 0.0, 0.0, 0.0, 0.0, 0.0, 0.0, 0.0, 0.0, 0.0, 0.0]], "Born radii": [], "Atomic SASAs": [], "Solvent H bonds": [], "Total SASA": NaN, "Total FOD": 0.0, "FOD": [0.0, 0.0, 0.0, 0.0, 0.0, 0.0, 0.0, 0.0, 0.0, 0.0, 0.0, 0.0, 0.0, 0.0, 0.0, 0.0, 0.0, 0.0, 0.0, 0.0, 0.0, 0.0, 0.0, 0.0, 0.0, 0.0, 0.0, 0.0, 0.0, 0.0], "FOD s proportion": [0.0, 0.0, 0.0, 0.0, 0.0, 0.0, 0.0, 0.0, 0.0, 0.0, 0.0, 0.0, 0.0, 0.0, 0.0, 0.0, 0.0, 0.0, 0.0, 0.0, 0.0, 0.0, 0.0, 0.0, 0.0, 0.0, 0.0, 0.0, 0.0, 0.0], "FOD p proportion": [0.0, 0.0, 0.0, 0.0, 0.0, 0.0, 0.0, 0.0, 0.0, 0.0, 0.0, 0.0, 0.0, 0.0, 0.0, 0.0, 0.0, 0.0, 0.0, 0.0, 0.0, 0.0, 0.0, 0.0, 0.0, 0.0, 0.0, 0.0, 0.0, 0.0], "FOD d proportion": [0.0, 0.0, 0.0, 0.0, 0.0, 0.0, 0.0, 0.0, 0.0, 0.0, 0.0, 0.0, 0.0, 0.0, 0.0, 0.0, 0.0, 0.0, 0.0, 0.0, 0.0, 0.0, 0.0, 0.0, 0.0, 0.0, 0.0, 0.0, 0.0, 0.0], "coordinates": [["3.40510", "-0.89000", "0.53020"], ["2.20960", "0.05620", "0.38380"], ["2.66310", "1.50850", "0.32870"], ["1.16100", "-0.18650", "1.45930"], ["0.43550", "-1.34670", "1.03140"], ["0.51150", "-1.33090", "-0.38950"], ["-0.73990", "-1.63420", "-1.06820"], ["-1.81860", "-0.59930", "-0.83310"], ["-1.82520", "0.56450", "-1.62640"], ["-2.78320", "1.56170", "-1.43570"], ["-3.75150", "1.41560", "-0.44790"], ["-3.76020", "0.27180", "0.34900"], ["-2.80080", "-0.73000", "0.16140"], ["-2.89290", "-2.11280", "1.19310"], ["1.39020", "-0.34630", "-0.81080"], ["1.50750", "0.09600", "-1.94390"], ["3.10040", "-1.94240", "0.55580"], ["4.09590", "-0.77770", "-0.31330"], ["3.95950", "-0.68070", "1.45170"], ["1.81840", "2.18350", "0.14860"], ["3.14120", "1.80830", "1.26730"], ["3.38020", "1.66830", "-0.48440"], ["0.44800", "0.64200", "1.55020"], ["1.59860", "-0.37870", "2.44390"], ["-1.05750", "-2.63500", "-0.76050"], ["-0.53370", "-1.69480", "-2.14420"], ["-1.07280", "0.70230", "-2.40310"], ["-2.76990", "2.45240", "-2.05970"], ["-4.49910", "2.19030", "-0.29750"], ["-4.52050", "0.16500", "1.11910"]], "bond_dist": [[0.0, 1.5316486705507892, 2.5187235854694334, 2.52866048927095, 3.046030283828445, 3.0680876552015266, 4.504413524533466, 5.406490087848122, 5.841449469095834, 6.940508093072149, 7.582176107820234, 7.261138806688658, 6.218907319618133, 6.449765906604673, 2.480667793155706, 3.270206808444995, 1.0959211696102964, 1.0960420521129655, 1.0955948612511834, 3.479890472414326, 2.809587604969811, 2.7522594463458563, 3.4830826016619243, 2.6808800103697292, 4.962431888701345, 4.828484631848796, 5.584913301923317, 7.4839725260051555, 8.523480100287676, 8.017166804426612], [1.5316486705507892, 0.0, 1.522456419737524, 1.5215667911728357, 2.352646378017742, 2.3249909483694773, 3.6966615222386805, 4.258746423538269, 4.5363954820980945, 5.523147865121845, 6.1704462123901545, 5.973793304090794, 5.076581562429585, 5.603127139374941, 1.5034931892097148, 2.4316076451598847, 2.19488282147362, 2.177031306619177, 2.178435684155031, 2.1757209770556516, 2.172166020358481, 2.1732330776978337, 2.1924609825490626, 2.192366534136115, 4.384737431135415, 4.120980452513698, 4.354125237059678, 6.042175679339355, 7.072850075464628, 6.77102278389314], [2.5187235854694334, 1.522456419737524, 0.0, 2.5313209535734496, 3.688923432385118, 3.634196769576463, 4.838212676185287, 5.087065457609131, 4.98581877929794, 5.725218012442845, 6.462107328882738, 6.541301236757103, 5.907036037641891, 6.688059288762323, 2.521709281420045, 2.914666082075269, 3.485902538798238, 2.7734077017272454, 2.7810750798926662, 1.0961656352942286, 1.095184737841064, 1.09585585730971, 2.6738647142292, 3.027995232823196, 5.67431169834721, 5.157120857610378, 4.6978333825285885, 6.009400200519183, 7.221778625795726, 7.350770937119453], [2.52866048927095, 1.5215667911728357, 2.5313209535734496, 0.0, 1.4337059321911172, 2.269264869952382, 3.4781478332583853, 3.781999175039571, 4.359235704799638, 5.195569447134742, 5.507884575769539, 5.065670184684353, 4.204259256991652, 4.496176079737092, 2.287230353506179, 3.4324391822725717, 2.767809498502381, 3.479262308306174, 2.841811684471721, 2.7869354585278794, 2.8173184200583363, 3.484695305188102, 1.096833651927219, 1.094473279710382, 3.980503302347581, 4.25819084001645, 4.549501251785738, 5.899078658570336, 6.385315692273954, 5.7025196659020825], [3.046030283828445, 2.352646378017742, 3.688923432385118, 1.4337059321911172, 0.0, 1.4230187806209726, 2.4233327402566904, 3.019260475679434, 3.9783603117364823, 4.990531300372737, 5.229684386270361, 4.548528388391129, 3.407470701268024, 3.419254693643046, 2.3034654523131013, 3.476057735423852, 2.7717766612770234, 3.940876457084135, 3.610925655562573, 3.8928216360372843, 4.162990067247339, 4.4787423156506785, 2.0552949617998872, 2.0700197728524237, 2.6645208762552413, 3.3384064476932704, 4.27424380914332, 5.853430547977827, 6.215031888091967, 5.1821679034936725], [3.0680876552015266, 2.3249909483694773, 3.634196769576463, 2.269264869952382, 1.4230187806209726, 0.0, 1.4555502533406397, 2.4822138364774293, 3.2530953966952767, 4.507406936365963, 5.071473337206851, 4.6218449162645, 3.4111439298276465, 3.834831121444594, 1.3852958312216204, 2.3332850168807067, 2.8231060111161255, 3.627638355735037, 3.962509492733109, 3.787947541875415, 4.417565502626984, 4.15134271531513, 2.767454200163031, 3.1806645233347073, 2.07366313802411, 2.0745694348466626, 3.2708551924534963, 5.279253061750307, 6.1248204708383085, 5.462107173060595], [4.504413524533466, 3.6966615222386805, 4.838212676185287, 3.4781478332583853, 2.4233327402566904, 1.4555502533406397, 0.0, 1.51323617125682, 2.5147057521706193, 3.811024527604093, 4.330795156781258, 3.8423305336735414, 2.564527755747635, 3.1587884781985642, 2.5024522333103585, 2.96837485671874, 4.1809409622715314, 4.968745103142242, 5.416956582805515, 4.753980902359622, 5.689314871757407, 5.312490254108707, 3.667180307811439, 4.402239079150518, 1.094143358979983, 1.09725420937903, 2.711459509194264, 4.669504450153142, 5.417782145860057, 4.723805488163118], [5.406490087848122, 4.258746423538269, 5.087065457609131, 3.781999175039571, 3.019260475679434, 2.4822138364774293, 1.51323617125682, 0.0, 1.4084739578707164, 2.4420280342371177, 2.8185640776821095, 2.4343348537126115, 1.4038623792950646, 2.7477789539917508, 3.2188357724494114, 3.574948942292743, 5.2848388641471375, 5.939977175882076, 6.213966254333862, 4.683532825763048, 5.899816434432515, 5.682527860908383, 3.5154544713308407, 4.7396887239564585, 2.174538677513003, 2.1377725487057786, 2.1714695945373035, 3.423797911676447, 3.9056133666813464, 3.419868848362463], [5.841449469095834, 4.5363954820980945, 4.98581877929794, 4.359235704799638, 3.9783603117364823, 3.2530953966952767, 2.5147057521706193, 1.4084739578707164, 0.0, 1.3959005444515022, 2.4132685615156886, 2.780666008351237, 2.4132456257082495, 4.032058882258542, 3.439993773250178, 3.380412369815257, 5.94206023278122, 6.21169523238222, 6.669930789745873, 4.364356419908897, 5.88095800784192, 5.442309032019406, 3.906946640280617, 5.401793662294035, 3.4023442433122484, 2.6533988731436517, 1.0901181082800155, 2.1550808314306913, 3.399844417028521, 3.8680760837915273], [6.940508093072149, 5.523147865121845, 5.725218012442845, 5.195569447134742, 4.990531300372737, 4.507406936365963, 3.811024527604093, 2.4420280342371177, 1.3959005444515022, 0.0, 1.3909345563325402, 2.4090506636432534, 2.7933719874016063, 4.519355460682419, 4.631223549991946, 4.562526736360018, 7.131727562098821, 7.352182732359147, 7.670035189619405, 4.906257666490825, 6.5165585948413, 6.237293869139083, 4.494674664533575, 6.165761879930168, 4.587616638299238, 4.020822645927074, 2.144737578353119, 1.0876117781635133, 2.152893404235333, 3.3905729928730337], [7.582176107820234, 6.1704462123901545, 6.462107328882738, 5.507884575769539, 5.229684386270361, 5.071473337206851, 4.330795156781258, 2.8185640776821095, 2.4132685615156886, 1.3909345563325402, 0.0, 1.394060163694523, 2.424598181142599, 3.9849318087013734, 5.447299047234327, 5.624628090816317, 7.696240075517395, 8.149255721230007, 8.213554337191665, 5.654137305548921, 7.113749898611842, 7.136268943222362, 4.714515968792555, 6.340787785441176, 4.874701541633087, 4.786048337616327, 3.3922024733202467, 2.1532282832992884, 1.087053821114668, 2.1472890722955773], [7.261138806688658, 5.973793304090794, 6.541301236757103, 5.065670184684353, 4.548528388391129, 4.6218449162645, 3.8423305336735414, 2.4343348537126115, 2.780666008351237, 2.4090506636432534, 1.394060163694523, 0.0, 1.3997304597671654, 2.674141219158031, 5.315430726667407, 5.747778643963249, 7.212023311110412, 7.953514867654426, 7.856014996803404, 5.90046904999933, 7.129756594723274, 7.323256104356858, 4.3919103724916795, 5.790379408985218, 4.121293944867316, 4.527014916034627, 3.870594711410638, 3.396696356756076, 2.1551282351637453, 1.0874356716606275], [6.218907319618133, 5.076581562429585, 5.907036037641891, 4.204259256991652, 3.407470701268024, 3.4111439298276465, 2.564527755747635, 1.4038623792950646, 2.4132456257082495, 2.7933719874016063, 2.424598181142599, 1.3997304597671654, 0.0, 1.7277219510094788, 4.319361009454988, 4.865800343211793, 6.037352611865568, 6.913182065445696, 6.882511218298158, 5.461286911525525, 6.555405837932538, 6.661355832711536, 3.790230979768911, 4.968695834924895, 2.7419007093620293, 3.3743699871235227, 3.407950636379582, 3.880967634495294, 3.409246865511502, 2.1623095014359066], [6.449765906604673, 5.603127139374941, 6.688059288762323, 4.496176079737092, 3.419254693643046, 3.834831121444594, 3.1587884781985642, 2.7477789539917508, 4.032058882258542, 4.519355460682419, 3.9849318087013734, 2.674141219158031, 1.7277219510094788, 0.0, 5.047879066499117, 5.838072164679022, 6.029496856289088, 7.272898900026042, 7.005224488194507, 6.461077435691357, 7.196589029533366, 7.514153782695693, 4.344888521009486, 4.974452301510188, 2.730922730507035, 4.108298909524477, 4.916320418768492, 5.606860786572108, 4.828916691143057, 2.8005232725331886], [2.480667793155706, 1.5034931892097148, 2.521709281420045, 2.287230353506179, 2.3034654523131013, 1.3852958312216204, 2.5024522333103585, 3.2188357724494114, 3.439993773250178, 4.631223549991946, 5.447299047234327, 5.315430726667407, 4.319361009454988, 5.047879066499117, 0.0, 1.22200826101954, 2.7092277146818056, 2.784676767597992, 3.4397721000089527, 2.7392867027750123, 3.4679679597712547, 2.850482436360554, 2.727416127033057, 3.2615260860523563, 3.3514046413407024, 2.7014438768925038, 3.1146990625098923, 5.1670983065933624, 6.4328586911263645, 6.2387752155371015], [3.270206808444995, 2.4316076451598847, 2.914666082075269, 3.4324391822725717, 3.476057735423852, 2.3332850168807067, 2.96837485671874, 3.574948942292743, 3.380412369815257, 4.562526736360018, 5.624628090816317, 5.747778643963249, 4.865800343211793, 5.838072164679022, 1.22200826101954, 0.0, 3.597346947404434, 3.1815126292378597, 4.259773027991045, 2.9720146887254777, 3.989079144364022, 2.8476784983561605, 3.691800517362768, 4.414343455147097, 3.9291247829510327, 2.7227894097781418, 2.6900580700051813, 4.884893177951796, 6.570842336413195, 6.761916444322572], [1.0959211696102964, 2.19488282147362, 3.485902538798238, 2.767809498502381, 2.7717766612770234, 2.8231060111161255, 4.1809409622715314, 5.2848388641471375, 5.94206023278122, 7.131727562098821, 7.696240075517395, 7.212023311110412, 6.037352611865568, 6.029496856289088, 2.7092277146818056, 3.597346947404434, 0.0, 1.7614996877660807, 1.7699086162850328, 4.339629782596667, 3.8178066189894952, 3.767951508445935, 3.834472646922912, 2.8749752242410715, 4.415933973691183, 4.534091813141855, 5.758917045764767, 7.7855975608812455, 8.692510018976108, 7.926951397605514], [1.0960420521129655, 2.177031306619177, 2.7734077017272454, 3.479262308306174, 3.940876457084135, 3.627638355735037, 4.968745103142242, 5.939977175882076, 6.21169523238222, 7.352182732359147, 8.149255721230007, 7.953514867654426, 6.913182065445696, 7.272898900026042, 2.784676767597992, 3.1815126292378597, 1.7614996877660807, 0.0, 1.7729182045430072, 3.7641816242046557, 3.1776004232753996, 2.554293972901318, 4.335360971130316, 3.741371423689447, 5.49609704153775, 5.062258723139306, 5.768286030529346, 7.786056036916252, 9.093035721913777, 8.785374323840733], [1.0955948612511834, 2.178435684155031, 2.7810750798926662, 2.841811684471721, 3.610925655562573, 3.962509492733109, 5.416956582805515, 6.213966254333862, 6.669930789745873, 7.670035189619405, 8.213554337191665, 7.856014996803404, 6.882511218298158, 7.005224488194507, 3.4397721000089527, 4.259773027991045, 1.7699086162850328, 1.7729182045430072, 0.0, 3.806050506758942, 2.6265451166884604, 3.098688867892354, 3.753647531401956, 2.578665090701001, 5.820945484197563, 5.843606922098714, 6.488159625810696, 8.21164234060398, 9.102211577413481, 8.528553878002999], [3.479890472414326, 2.1757209770556516, 1.0961656352942286, 2.7869354585278794, 3.8928216360372843, 3.787947541875415, 4.753980902359622, 4.683532825763048, 4.364356419908897, 4.906257666490825, 5.654137305548921, 5.90046904999933, 5.461286911525525, 6.461077435691357, 2.7392867027750123, 2.9720146887254777, 4.339629782596667, 3.7641816242046557, 3.806050506758942, 0.0, 1.7725869710679925, 1.7621972874794694, 2.493732337280808, 3.4469672133630747, 5.684646503521569, 5.082373179922938, 4.130879297437774, 5.09915610567082, 6.333234379051514, 6.72293579546912], [2.809587604969811, 2.172166020358481, 1.095184737841064, 2.8173184200583363, 4.162990067247339, 4.417565502626984, 5.689314871757407, 5.899816434432515, 5.88095800784192, 6.5165585948413, 7.113749898611842, 7.129756594723274, 6.555405837932538, 7.196589029533366, 3.4679679597712547, 3.989079144364022, 3.8178066189894952, 3.1776004232753996, 2.6265451166884604, 1.7725869710679925, 0.0, 1.7734638113026158, 2.9484935713004363, 2.9235203642184535, 6.440805028876437, 6.116774629655731, 5.696741889887587, 6.8135818054823405, 7.808246098196444, 7.837349361869738], [2.7522594463458563, 2.1732330776978337, 1.09585585730971, 3.484695305188102, 4.4787423156506785, 4.15134271531513, 5.312490254108707, 5.682527860908383, 5.442309032019406, 6.237293869139083, 7.136268943222362, 7.323256104356858, 6.661355832711536, 7.514153782695693, 2.850482436360554, 2.8476784983561605, 3.767951508445935, 2.554293972901318, 3.098688867892354, 1.7621972874794694, 1.7734638113026158, 0.0, 3.713581248606256, 3.9923988340344954, 6.187713906605573, 5.420700218606449, 4.944064592013336, 6.3968830620857835, 7.898783710167029, 8.200742870618491], [3.4830826016619243, 2.1924609825490626, 2.6738647142292, 1.096833651927219, 2.0552949617998872, 2.767454200163031, 3.667180307811439, 3.5154544713308407, 3.906946640280617, 4.494674664533575, 4.714515968792555, 4.3919103724916795, 3.790230979768911, 4.344888521009486, 2.727416127033057, 3.691800517362768, 3.834472646922912, 4.335360971130316, 3.753647531401956, 2.493732337280808, 2.9484935713004363, 3.713581248606256, 0.0, 1.7788784500353025, 4.283058923246328, 4.4802857598595205, 4.236159772718682, 5.163700860816784, 5.50318331422823, 5.009926991484008], [2.6808800103697292, 2.192366534136115, 3.027995232823196, 1.094473279710382, 2.0700197728524237, 3.1806645233347073, 4.402239079150518, 4.7396887239564585, 5.401793662294035, 6.165761879930168, 6.340787785441176, 5.790379408985218, 4.968695834924895, 4.974452301510188, 3.2615260860523563, 4.414343455147097, 2.8749752242410715, 3.741371423689447, 2.578665090701001, 3.4469672133630747, 2.9235203642184535, 3.9923988340344954, 1.7788784500353025, 0.0, 4.734335883732797, 5.227760907883987, 5.639002390494261, 6.883409941300896, 7.162191023004064, 6.284432316446729], [4.962431888701345, 4.384737431135415, 5.67431169834721, 3.980503302347581, 2.6645208762552413, 2.07366313802411, 1.094143358979983, 2.174538677513003, 3.4023442433122484, 4.587616638299238, 4.874701541633087, 4.121293944867316, 2.7419007093620293, 2.730922730507035, 3.3514046413407024, 3.9291247829510327, 4.415933973691183, 5.49609704153775, 5.820945484197563, 5.684646503521569, 6.440805028876437, 6.187713906605573, 4.283058923246328, 4.734335883732797, 0.0, 1.752988354211174, 3.7196693589618954, 5.522850093927953, 5.944955815647413, 4.8337630434269325], [4.828484631848796, 4.120980452513698, 5.157120857610378, 4.25819084001645, 3.3384064476932704, 2.0745694348466626, 1.09725420937903, 2.1377725487057786, 2.6533988731436517, 4.020822645927074, 4.786048337616327, 4.527014916034627, 3.3743699871235227, 4.108298909524477, 2.7014438768925038, 2.7227894097781418, 4.534091813141855, 5.062258723139306, 5.843606922098714, 5.082373179922938, 6.116774629655731, 5.420700218606449, 4.4802857598595205, 5.227760907883987, 1.752988354211174, 0.0, 2.4705761332126563, 4.712430214867908, 5.850529895659026, 5.4774590066927935], [5.584913301923317, 4.354125237059678, 4.6978333825285885, 4.549501251785738, 4.27424380914332, 3.2708551924534963, 2.711459509194264, 2.1714695945373035, 1.0901181082800155, 2.144737578353119, 3.3922024733202467, 3.870594711410638, 3.407950636379582, 4.916320418768492, 3.1146990625098923, 2.6900580700051813, 5.758917045764767, 5.768286030529346, 6.488159625810696, 4.130879297437774, 5.696741889887587, 4.944064592013336, 4.236159772718682, 5.639002390494261, 3.7196693589618954, 2.4705761332126563, 0.0, 2.461893982282746, 4.288033004770369, 4.957945080373521], [7.4839725260051555, 6.042175679339355, 6.009400200519183, 5.899078658570336, 5.853430547977827, 5.279253061750307, 4.669504450153142, 3.423797911676447, 2.1550808314306913, 1.0876117781635133, 2.1532282832992884, 3.396696356756076, 3.880967634495294, 5.606860786572108, 5.1670983065933624, 4.884893177951796, 7.7855975608812455, 7.786056036916252, 8.21164234060398, 5.09915610567082, 6.8135818054823405, 6.3968830620857835, 5.163700860816784, 6.883409941300896, 5.522850093927953, 4.712430214867908, 2.461893982282746, 0.0, 2.4827762464628185, 4.2897049502267635], [8.523480100287676, 7.072850075464628, 7.221778625795726, 6.385315692273954, 6.215031888091967, 6.1248204708383085, 5.417782145860057, 3.9056133666813464, 3.399844417028521, 2.152893404235333, 1.087053821114668, 2.1551282351637453, 3.409246865511502, 4.828916691143057, 6.4328586911263645, 6.570842336413195, 8.692510018976108, 9.093035721913777, 9.102211577413481, 6.333234379051514, 7.808246098196444, 7.898783710167029, 5.50318331422823, 7.162191023004064, 5.944955815647413, 5.850529895659026, 4.288033004770369, 2.4827762464628185, 0.0, 2.471649977241923], [8.017166804426612, 6.77102278389314, 7.350770937119453, 5.7025196659020825, 5.1821679034936725, 5.462107173060595, 4.723805488163118, 3.419868848362463, 3.8680760837915273, 3.3905729928730337, 2.1472890722955773, 1.0874356716606275, 2.1623095014359066, 2.8005232725331886, 6.2387752155371015, 6.761916444322572, 7.926951397605514, 8.785374323840733, 8.528553878002999, 6.72293579546912, 7.837349361869738, 8.200742870618491, 5.009926991484008, 6.284432316446729, 4.8337630434269325, 5.4774590066927935, 4.957945080373521, 4.2897049502267635, 2.471649977241923, 0.0]]}