{"total energy": -48.0282036, "HOMO-LUMO gap/eV": 3.44812609, "electronic energy": -48.47717431, "dipole": [-1.29379636, -0.60163505, 1.46202549], "partial charges": [-0.03537478, -0.18667453, 0.27056047, -0.4398466, -0.10834299, 0.15091919, -0.1327107, -0.28949978, 0.7219126, -0.48823431, -0.29971291, 0.03656469, -0.30208301, 0.03539287, 0.05171302, 0.0763958, 0.04768935, 0.18551707, 0.08729205, 0.08919963, 0.06718078, 0.07333997, 0.07097798, 0.05501093, 0.07338439, 0.07351912, 0.05705425, 0.05885544], "atomic dipole moments": [[-0.10281427, -0.02137878, -0.13175698], [0.0757021, 0.03565658, 0.03472251], [0.00485631, 0.00646968, 0.04863761], [-0.1973394, 0.056009, 0.03397625], [0.02649839, 0.01149105, 0.0571101], [-0.27452143, 0.0713795, 0.23454168], [0.05635068, 0.00240839, 0.10054224], [-0.10077483, -0.03468244, -0.114217], [0.18377483, -0.22041649, 0.21378382], [0.07007381, -0.07523621, 0.07344437], [-0.18884296, -0.00741759, -0.09837916], [0.26524206, -0.05969793, -0.1284338], [0.15703212, 0.02831412, 0.12803866], [-0.13535366, 0.21613332, -0.1567975], [0.04955315, 0.11155597, -0.02271107], [0.09341945, -0.09521806, 0.00292804], [-0.0742427, -0.00209291, 0.10108072], [-0.13125118, 0.05125153, 0.00091312], [0.071574, -0.03212283, -0.13061209], [-0.06151064, 0.11894437, -0.02941087], [0.06456505, -0.02868218, -0.10639394], [-0.09165165, -0.09864529, 0.00714364], [-0.0371091, 0.10774921, -0.05525897], [-0.0649872, -0.10069152, -0.03209948], [0.00554549, 0.01275828, 0.12374324], [-0.05060555, -0.11413561, -0.01341864], [0.11658083, 0.00076647, -0.04519431], [-0.01176171, 0.03840748, 0.11759979]], "atomic quadrupole moments": [[0.00229351, 0.05902487, -0.1882939, 0.2484418, 0.08128406, 0.18600039], [-0.01656937, 0.04808018, -0.02471474, 0.06062954, 0.01577781, 0.0412841], [-0.2330181, 0.15571136, 0.40359604, -0.05543844, -0.16574626, -0.17057794], [-0.04178536, 0.04213955, 0.14220134, -0.02792942, -0.07033523, -0.10041597], [-0.23421604, 0.08526174, 0.39472277, 0.09986701, -0.09823092, -0.16050672], [-0.45777165, 0.05966135, 0.32482844, -0.19240569, -0.00933311, 0.13294321], [0.05441649, 0.00170756, -0.15579792, 0.12300776, 0.026581, 0.10138143], [0.0657691, 0.00448726, -0.06476069, -0.02316745, 0.01495294, -0.00100842], [0.15644616, 0.32034654, -0.13907842, -0.87690516, 0.51027141, -0.01736774], [-0.00434357, -0.03971646, 0.00330287, 0.03865127, -0.0425166, 0.0010407], [0.07126576, -0.03127711, -0.10147725, -0.03799925, 0.0486163, 0.03021149], [0.40707558, -0.12960289, -0.28438032, -0.31499606, 0.06910528, -0.12269526], [-0.03361114, -0.02388835, 0.07423153, 0.07757434, -0.05296792, -0.04062039], [-0.09285121, -0.27825919, 0.14523869, 0.22945281, -0.31871435, -0.05238747], [-0.02192652, 0.04911422, 0.04196279, 0.01818976, -0.01194608, -0.02003628], [0.01032154, -0.04895241, 0.01999307, 0.01204101, 0.01141557, -0.03031461], [0.00677386, 0.00726325, -0.0597326, -0.0405001, 0.00254108, 0.05295874], [0.00957609, -0.02102807, -0.04704003, 0.00212631, 0.03093258, 0.03746393], [0.02595253, -0.01099818, -0.06660562, 0.00636756, 0.01529403, 0.04065309], [-0.01797343, -0.04801148, 0.04668561, -0.00107822, -0.00233003, -0.02871219], [0.01939905, -0.02087483, -0.05299729, -0.05500017, 0.02445563, 0.03359824], [0.01205334, 0.05708153, 0.01063495, -0.02104455, -0.01605409, -0.0226883], [0.00097797, -0.03775096, 0.02035683, -0.0147394, -0.03612762, -0.0213348], [0.02026446, 0.0381906, 0.01525879, -0.01374312, 0.03077816, -0.03552326], [-0.01907343, -0.00392346, -0.05558894, 0.01847534, 0.01218714, 0.07466238], [-0.01062711, 0.04353448, 0.04989893, 0.02588842, 0.00963132, -0.03927182], [0.04917176, -0.0128899, -0.02119911, -0.02542721, -0.03004663, -0.02797265], [-0.04776098, -0.02749515, -0.00664546, 0.0054363, 0.01394861, 0.05440644]], "number of molecular orbitals": 75, "number of electrons": 82, "number of unpaired electrons": 0, "orbital energies/eV": [-20.66959409, -20.31785187, -20.0828689, -19.21348829, -18.61167038, -18.4121029, -17.93531479, -17.90935469, -17.74595808, -17.423234, -17.21553622, -16.82170508, -16.67252164, -16.44831683, -16.03159308, -15.76561644, -15.73377313, -15.56391777, -15.41393726, -15.37619899, -15.17343438, -15.0985031, -14.50514608, -14.41501762, -14.12128834, -13.82884589, -13.65327634, -13.42589398, -13.38610436, -13.3160053, -13.24130568, -13.16877958, -12.87742656, -12.77263513, -12.6131808, -12.56084785, -12.08615765, -12.03333566, -11.1915251, -10.70593017, -10.48479987, -7.03667378, -4.15742532, -3.58130647, -2.38930469, -1.40683383, 0.40327482, 0.49514017, 1.5307305, 1.70103578, 2.06552989, 3.03311043, 3.21911598, 3.42085348, 3.61389728, 3.88506822, 4.06372478, 4.48432205, 4.68915075, 4.83041721, 4.91775755, 5.21907591, 5.44576385, 5.58263778, 5.67044789, 6.12065476, 9.10583748, 9.85769151, 11.09225318, 11.8241858, 14.24633602, 18.02584172, 26.45970459, 27.01059194, 33.89199661], "fractional occupation": [2.0, 2.0, 2.0, 2.0, 2.0, 2.0, 2.0, 2.0, 2.0, 2.0, 2.0, 2.0, 2.0, 2.0, 2.0, 2.0, 2.0, 2.0, 2.0, 2.0, 2.0, 2.0, 2.0, 2.0, 2.0, 2.0, 2.0, 2.0, 2.0, 2.0, 2.0, 2.0, 2.0, 2.0, 2.0, 2.0, 2.0, 2.0, 2.0, 2.0, 2.0, 0.0, 0.0, 0.0, 0.0, 0.0, 0.0, 0.0, 0.0, 0.0, 0.0, 0.0, 0.0, 0.0, 0.0, 0.0, 0.0, 0.0, 0.0, 0.0, 0.0, 0.0, 0.0, 0.0, 0.0, 0.0, 0.0, 0.0, 0.0, 0.0, 0.0, 0.0, 0.0, 0.0, 0.0], "program call": "xtb /home/svss/Project-DBcg-Debug/aqme2_20220329/End-to-End-workflows-final/example-3/QDESCP/mol_805_rdkit_conf_2/mol_805_rdkit_conf_2.xyz --pop --wbo --acc 0.2 --gfn 2 --chrg 0 --uhf 0 --etemp 300 --input /home/svss/Project-DBcg-Debug/aqme2_20220329/End-to-End-workflows-final/example-3/QDESCP/mol_805_rdkit_conf_2/mol_805_rdkit_conf_2_xtb.inp", "method": "GFN2-xTB", "xtb version": "6.3.3 (7355c4f)", "Dipole module/D": 5.193, "Total charge": 0, "Transition dipole module/D": NaN, "HOMO": -10.4848, "LUMO": -7.0367, "HOMO occupancy": 2.0, "LUMO occupancy": 0, "mulliken charges": [0.07465, -0.35623, 0.47323, -0.56588, -0.14266, 0.26855, -0.10367, -0.32783, 0.53083, -0.39386, -0.34311, 0.18283, -0.34024, 0.17781, 0.03664, 0.05398, 0.02536, 0.24121, 0.06842, 0.07404, 0.04424, 0.06656, 0.05175, 0.04174, 0.03786, 0.04124, 0.04143, 0.0411], "cm5 charges": [-0.01212, -0.71888, 0.56902, -0.60898, -0.18431, 0.28208, -0.2428, -0.38312, 0.52801, -0.4091, -0.40884, 0.0682, -0.40617, 0.06291, 0.09891, 0.1181, 0.08679, 0.45043, 0.12963, 0.13087, 0.09648, 0.12452, 0.11428, 0.10515, 0.09734, 0.10081, 0.10551, 0.10528], "FUKUI+": [0.031, -0.063, -0.057, -0.154, -0.059, -0.125, 0.038, -0.016, -0.084, -0.009, -0.001, 0.013, -0.002, 0.011, -0.044, -0.033, -0.047, -0.039, -0.087, -0.072, -0.052, -0.07, -0.015, -0.014, -0.023, -0.027, 0.014, -0.017], "FUKUI-": [0.029, -0.092, -0.013, -0.156, -0.031, -0.035, 0.017, -0.011, -0.082, -0.055, -0.014, 0.016, -0.01, 0.013, -0.082, -0.053, -0.065, -0.044, -0.053, -0.058, -0.043, -0.046, -0.028, -0.022, -0.035, -0.031, 0.0, -0.017], "FUKUIrad": [0.03, -0.078, -0.035, -0.155, -0.045, -0.08, 0.027, -0.013, -0.083, -0.032, -0.007, 0.014, -0.006, 0.012, -0.063, -0.043, -0.056, -0.041, -0.07, -0.065, -0.047, -0.058, -0.021, -0.018, -0.029, -0.029, 0.007, -0.017], "s proportion": [0.975, 1.424, 0.983, 1.729, 1.077, 1.039, 1.018, 1.63, 1.309, 1.673, 1.635, 0.974, 1.636, 0.974, 0.963, 0.946, 0.975, 0.759, 0.932, 0.926, 0.956, 0.933, 0.948, 0.958, 0.962, 0.959, 0.959, 0.959], "p proportion": [2.95, 3.933, 2.544, 4.837, 3.066, 2.692, 3.086, 4.698, 1.852, 4.721, 4.708, 2.843, 4.705, 2.849, 0.0, 0.0, 0.0, 0.0, 0.0, 0.0, 0.0, 0.0, 0.0, 0.0, 0.0, 0.0, 0.0, 0.0], "d proportion": [0.0, 0.0, 0.0, 0.0, 0.0, 0.0, 0.0, 0.0, 1.308, 0.0, 0.0, 0.0, 0.0, 0.0, 0.0, 0.0, 0.0, 0.0, 0.0, 0.0, 0.0, 0.0, 0.0, 0.0, 0.0, 0.0, 0.0, 0.0], "Fermi-level/eV": -8.7607, "Coordination numbers": [3.689, 2.683, 2.753, 0.858, 2.895, 2.963, 3.759, 1.66, 3.942, 0.808, 1.657, 3.922, 1.657, 3.877, 0.924, 0.924, 0.924, 0.86, 0.925, 0.924, 0.924, 0.924, 0.924, 0.924, 0.924, 0.924, 0.924, 0.924], "Dispersion coefficient C6": [21.401, 25.047, 22.429, 22.493, 30.737, 24.725, 23.101, 18.825, 131.965, 23.551, 19.004, 19.899, 19.045, 19.933, 2.299, 2.017, 2.349, 1.183, 1.905, 1.887, 2.117, 2.049, 2.075, 2.258, 2.049, 2.047, 2.234, 2.213], "Total dispersion C6": 8518.136365, "Total dispersion C8": 210236.553506, "Polarizability alpha": [6.621, 7.433, 7.755, 6.359, 9.09, 8.156, 6.852, 5.857, 20.636, 6.505, 5.885, 6.34, 5.891, 6.348, 2.371, 2.221, 2.397, 1.704, 2.159, 2.148, 2.275, 2.239, 2.253, 2.35, 2.238, 2.238, 2.337, 2.326], "Total polarizability alpha": 140.983807, "Wiberg matrix": [[0.0, 1.0088462731701267, 0.0, 0.0, 0.0, 0.0, 0.0, 0.0, 0.0, 0.0, 0.0, 0.0, 0.0, 0.0, 0.973554097497425, 0.9767944085470299, 0.9842660119078174, 0.0, 0.0, 0.0, 0.0, 0.0, 0.0, 0.0, 0.0, 0.0, 0.0, 0.0], [1.0088462731701267, 0.0, 1.232190856507226, 0.19914155213946783, 0.0, 0.0, 0.0, 0.0, 0.0, 0.0, 0.0, 0.0, 0.0, 0.0, 0.0, 0.0, 0.0, 0.9230985586026468, 0.0, 0.0, 0.0, 0.0, 0.0, 0.0, 0.0, 0.0, 0.0, 0.0], [0.0, 1.232190856507226, 0.0, 1.6509324083556836, 1.0221503813596147, 0.0, 0.0, 0.0, 0.0, 0.0, 0.0, 0.0, 0.0, 0.0, 0.0, 0.0, 0.0, 0.0, 0.0, 0.0, 0.0, 0.0, 0.0, 0.0, 0.0, 0.0, 0.0, 0.0], [0.0, 0.19914155213946783, 1.6509324083556836, 0.0, 0.0, 0.0, 0.0, 0.0, 0.0, 0.0, 0.0, 0.0, 0.0, 0.0, 0.0, 0.0, 0.0, 0.0, 0.0, 0.0, 0.0, 0.0, 0.0, 0.0, 0.0, 0.0, 0.0, 0.0], [0.0, 0.0, 1.0221503813596147, 0.0, 0.0, 1.772112002664792, 0.0, 0.0, 0.0, 0.0, 0.0, 0.0, 0.0, 0.0, 0.0, 0.0, 0.0, 0.0, 0.9565537524303915, 0.0, 0.0, 0.0, 0.0, 0.0, 0.0, 0.0, 0.0, 0.0], [0.0, 0.0, 0.0, 0.0, 1.772112002664792, 0.0, 1.028251111846636, 0.968738682141752, 0.0, 0.0, 0.0, 0.0, 0.0, 0.0, 0.0, 0.0, 0.0, 0.0, 0.0, 0.0, 0.0, 0.0, 0.0, 0.0, 0.0, 0.0, 0.0, 0.0], [0.0, 0.0, 0.0, 0.0, 0.0, 1.028251111846636, 0.0, 0.0, 0.0, 0.0, 0.0, 0.0, 0.0, 0.0, 0.0, 0.0, 0.0, 0.0, 0.0, 0.957283448105027, 0.9807241619969786, 0.9582038113275644, 0.0, 0.0, 0.0, 0.0, 0.0, 0.0], [0.0, 0.0, 0.0, 0.0, 0.0, 0.968738682141752, 0.0, 0.0, 1.1197710253168436, 0.0, 0.0, 0.0, 0.0, 0.0, 0.0, 0.0, 0.0, 0.0, 0.0, 0.0, 0.0, 0.0, 0.0, 0.0, 0.0, 0.0, 0.0, 0.0], [0.0, 0.0, 0.0, 0.0, 0.0, 0.0, 0.0, 1.1197710253168436, 0.0, 1.8426231670263093, 1.1527683285926509, 0.0, 1.1570151435152585, 0.0, 0.0, 0.0, 0.0, 0.0, 0.0, 0.0, 0.0, 0.0, 0.0, 0.0, 0.0, 0.0, 0.0, 0.0], [0.0, 0.0, 0.0, 0.0, 0.0, 0.0, 0.0, 0.0, 1.8426231670263093, 0.0, 0.0, 0.0, 0.0, 0.0, 0.0, 0.0, 0.0, 0.0, 0.0, 0.0, 0.0, 0.0, 0.0, 0.0, 0.0, 0.0, 0.0, 0.0], [0.0, 0.0, 0.0, 0.0, 0.0, 0.0, 0.0, 0.0, 1.1527683285926509, 0.0, 0.0, 0.9441364912119025, 0.0, 0.0, 0.0, 0.0, 0.0, 0.0, 0.0, 0.0, 0.0, 0.0, 0.0, 0.0, 0.0, 0.0, 0.0, 0.0], [0.0, 0.0, 0.0, 0.0, 0.0, 0.0, 0.0, 0.0, 0.0, 0.0, 0.9441364912119025, 0.0, 0.0, 0.0, 0.0, 0.0, 0.0, 0.0, 0.0, 0.0, 0.0, 0.0, 0.9793039353590309, 0.9801527001725022, 0.9772512181106237, 0.0, 0.0, 0.0], [0.0, 0.0, 0.0, 0.0, 0.0, 0.0, 0.0, 0.0, 1.1570151435152585, 0.0, 0.0, 0.0, 0.0, 0.9481014164373679, 0.0, 0.0, 0.0, 0.0, 0.0, 0.0, 0.0, 0.0, 0.0, 0.0, 0.0, 0.0, 0.0, 0.0], [0.0, 0.0, 0.0, 0.0, 0.0, 0.0, 0.0, 0.0, 0.0, 0.0, 0.0, 0.0, 0.9481014164373679, 0.0, 0.0, 0.0, 0.0, 0.0, 0.0, 0.0, 0.0, 0.0, 0.0, 0.0, 0.0, 0.9775909359278367, 0.9799933639307817, 0.9790492583538719], [0.973554097497425, 0.0, 0.0, 0.0, 0.0, 0.0, 0.0, 0.0, 0.0, 0.0, 0.0, 0.0, 0.0, 0.0, 0.0, 0.0, 0.0, 0.0, 0.0, 0.0, 0.0, 0.0, 0.0, 0.0, 0.0, 0.0, 0.0, 0.0], [0.9767944085470299, 0.0, 0.0, 0.0, 0.0, 0.0, 0.0, 0.0, 0.0, 0.0, 0.0, 0.0, 0.0, 0.0, 0.0, 0.0, 0.0, 0.0, 0.0, 0.0, 0.0, 0.0, 0.0, 0.0, 0.0, 0.0, 0.0, 0.0], [0.9842660119078174, 0.0, 0.0, 0.0, 0.0, 0.0, 0.0, 0.0, 0.0, 0.0, 0.0, 0.0, 0.0, 0.0, 0.0, 0.0, 0.0, 0.0, 0.0, 0.0, 0.0, 0.0, 0.0, 0.0, 0.0, 0.0, 0.0, 0.0], [0.0, 0.9230985586026468, 0.0, 0.0, 0.0, 0.0, 0.0, 0.0, 0.0, 0.0, 0.0, 0.0, 0.0, 0.0, 0.0, 0.0, 0.0, 0.0, 0.0, 0.0, 0.0, 0.0, 0.0, 0.0, 0.0, 0.0, 0.0, 0.0], [0.0, 0.0, 0.0, 0.0, 0.9565537524303915, 0.0, 0.0, 0.0, 0.0, 0.0, 0.0, 0.0, 0.0, 0.0, 0.0, 0.0, 0.0, 0.0, 0.0, 0.0, 0.0, 0.0, 0.0, 0.0, 0.0, 0.0, 0.0, 0.0], [0.0, 0.0, 0.0, 0.0, 0.0, 0.0, 0.957283448105027, 0.0, 0.0, 0.0, 0.0, 0.0, 0.0, 0.0, 0.0, 0.0, 0.0, 0.0, 0.0, 0.0, 0.0, 0.0, 0.0, 0.0, 0.0, 0.0, 0.0, 0.0], [0.0, 0.0, 0.0, 0.0, 0.0, 0.0, 0.9807241619969786, 0.0, 0.0, 0.0, 0.0, 0.0, 0.0, 0.0, 0.0, 0.0, 0.0, 0.0, 0.0, 0.0, 0.0, 0.0, 0.0, 0.0, 0.0, 0.0, 0.0, 0.0], [0.0, 0.0, 0.0, 0.0, 0.0, 0.0, 0.9582038113275644, 0.0, 0.0, 0.0, 0.0, 0.0, 0.0, 0.0, 0.0, 0.0, 0.0, 0.0, 0.0, 0.0, 0.0, 0.0, 0.0, 0.0, 0.0, 0.0, 0.0, 0.0], [0.0, 0.0, 0.0, 0.0, 0.0, 0.0, 0.0, 0.0, 0.0, 0.0, 0.0, 0.9793039353590309, 0.0, 0.0, 0.0, 0.0, 0.0, 0.0, 0.0, 0.0, 0.0, 0.0, 0.0, 0.0, 0.0, 0.0, 0.0, 0.0], [0.0, 0.0, 0.0, 0.0, 0.0, 0.0, 0.0, 0.0, 0.0, 0.0, 0.0, 0.9801527001725022, 0.0, 0.0, 0.0, 0.0, 0.0, 0.0, 0.0, 0.0, 0.0, 0.0, 0.0, 0.0, 0.0, 0.0, 0.0, 0.0], [0.0, 0.0, 0.0, 0.0, 0.0, 0.0, 0.0, 0.0, 0.0, 0.0, 0.0, 0.9772512181106237, 0.0, 0.0, 0.0, 0.0, 0.0, 0.0, 0.0, 0.0, 0.0, 0.0, 0.0, 0.0, 0.0, 0.0, 0.0, 0.0], [0.0, 0.0, 0.0, 0.0, 0.0, 0.0, 0.0, 0.0, 0.0, 0.0, 0.0, 0.0, 0.0, 0.9775909359278367, 0.0, 0.0, 0.0, 0.0, 0.0, 0.0, 0.0, 0.0, 0.0, 0.0, 0.0, 0.0, 0.0, 0.0], [0.0, 0.0, 0.0, 0.0, 0.0, 0.0, 0.0, 0.0, 0.0, 0.0, 0.0, 0.0, 0.0, 0.9799933639307817, 0.0, 0.0, 0.0, 0.0, 0.0, 0.0, 0.0, 0.0, 0.0, 0.0, 0.0, 0.0, 0.0, 0.0], [0.0, 0.0, 0.0, 0.0, 0.0, 0.0, 0.0, 0.0, 0.0, 0.0, 0.0, 0.0, 0.0, 0.9790492583538719, 0.0, 0.0, 0.0, 0.0, 0.0, 0.0, 0.0, 0.0, 0.0, 0.0, 0.0, 0.0, 0.0, 0.0]], "Born radii": [], "Atomic SASAs": [], "Solvent H bonds": [], "Total SASA": NaN, "Total FOD": 0.0, "FOD": [0.0, 0.0, 0.0, 0.0, 0.0, 0.0, 0.0, 0.0, 0.0, 0.0, 0.0, 0.0, 0.0, 0.0, 0.0, 0.0, 0.0, 0.0, 0.0, 0.0, 0.0, 0.0, 0.0, 0.0, 0.0, 0.0, 0.0, 0.0], "FOD s proportion": [0.0, 0.0, 0.0, 0.0, 0.0, 0.0, 0.0, 0.0, 0.0, 0.0, 0.0, 0.0, 0.0, 0.0, 0.0, 0.0, 0.0, 0.0, 0.0, 0.0, 0.0, 0.0, 0.0, 0.0, 0.0, 0.0, 0.0, 0.0], "FOD p proportion": [0.0, 0.0, 0.0, 0.0, 0.0, 0.0, 0.0, 0.0, 0.0, 0.0, 0.0, 0.0, 0.0, 0.0, 0.0, 0.0, 0.0, 0.0, 0.0, 0.0, 0.0, 0.0, 0.0, 0.0, 0.0, 0.0, 0.0, 0.0], "FOD d proportion": [0.0, 0.0, 0.0, 0.0, 0.0, 0.0, 0.0, 0.0, 0.0, 0.0, 0.0, 0.0, 0.0, 0.0, 0.0, 0.0, 0.0, 0.0, 0.0, 0.0, 0.0, 0.0, 0.0, 0.0, 0.0, 0.0, 0.0, 0.0], "coordinates": [["3.26030", "0.64300", "1.73680"], ["2.37420", "0.43390", "0.62230"], ["2.83230", "0.00010", "-0.58970"], ["3.99390", "-0.32410", "-0.81170"], ["1.83840", "-0.04390", "-1.69550"], ["0.50580", "0.12220", "-1.63500"], ["-0.35000", "0.02700", "-2.86510"], ["-0.13610", "0.38800", "-0.43600"], ["-1.72750", "0.38590", "-0.15000"], ["-2.54290", "1.29440", "-1.01620"], ["-1.80240", "0.73500", "1.42410"], ["-3.09360", "0.96350", "1.95300"], ["-2.15110", "-1.16910", "-0.21260"], ["-1.43140", "-2.10260", "0.56670"], ["3.73930", "1.61890", "1.62250"], ["4.02580", "-0.13670", "1.76950"], ["2.67130", "0.62660", "2.65660"], ["1.43010", "0.79680", "0.67190"], ["2.31020", "-0.26460", "-2.65010"], ["-0.84880", "0.98150", "-3.05740"], ["0.23900", "-0.21800", "-3.75560"], ["-1.10690", "-0.75470", "-2.75170"], ["-3.51050", "1.88420", "1.53640"], ["-3.75270", "0.12050", "1.72840"], ["-3.01400", "1.07070", "3.03770"], ["-1.88690", "-3.08770", "0.43690"], ["-0.39070", "-2.15490", "0.23810"], ["-1.47500", "-1.83580", "1.62560"]], "bond_dist": [[0.0, 1.4390991175037249, 2.451347927161707, 2.8228183823972803, 3.7781363805453076, 4.384921678890057, 5.881428882508059, 4.0400022029696965, 5.338938423507055, 6.456040675212634, 5.0731820960813145, 6.365650626605264, 6.030515461384707, 5.560530753444315, 1.0931085490471657, 1.0931567270981781, 1.0923470144601486, 2.1230399171942107, 4.579445313572377, 6.323261713704407, 6.327403294401266, 6.416590479374541, 6.88654269136553, 7.03244237871879, 6.422001914512328, 6.488569205918975, 4.837783283695126, 5.346015429270665], [1.4390991175037249, 0.0, 1.366375515734968, 2.2922364821283163, 2.4264318082319973, 2.946774294037465, 4.443961297086194, 2.724648929678831, 4.174050093134964, 5.253857145945253, 4.263511699292029, 5.6522628645525685, 4.872884884747432, 4.5737856279016835, 2.0659436221736547, 2.090319296184198, 2.064891810725201, 1.012660545296399, 3.346729748575466, 4.922172980503631, 4.914271162644568, 4.991463029012636, 6.129326471154886, 6.233825501247208, 5.939054692457377, 5.531095093198092, 3.807120577286724, 4.579791438482761], [2.451347927161707, 1.366375515734968, 0.0, 1.2262561722576566, 1.487469949276287, 2.5534609356714273, 3.912186352923388, 2.997580467643863, 4.597168016290029, 5.545258314993089, 5.1064579250200435, 6.519950433860675, 5.1325927765604, 4.892621581524572, 2.887384851383688, 2.647448041038766, 3.310118870977295, 2.047566919541337, 2.141938995396461, 4.5390733041007385, 4.098255154330926, 4.556452971336366, 6.949909773515049, 6.982142133328424, 6.9630050129236585, 5.732300152643788, 3.9644680399771164, 5.179856773116415], [2.8228183823972803, 2.2922364821283163, 1.2262561722576566, 0.0, 2.346442995258994, 3.6116268065789967, 4.817591719936424, 4.2077472476373865, 5.803134054112485, 6.737292983090463, 6.302189154571608, 7.715836707707078, 6.231690846792707, 5.873408627024005, 3.124963967792269, 2.5881904508748965, 3.831736700244421, 3.1671053361074053, 2.4936119385341415, 5.495407458960618, 4.772533753678438, 5.474228438784775, 8.167385252331373, 8.16453236444072, 8.116280540370694, 6.616668010411282, 4.866068828119881, 6.175316622651829], [3.7781363805453076, 2.4264318082319973, 1.487469949276287, 2.346442995258994, 0.0, 1.344273863466816, 2.4823548356349057, 2.3814970312809547, 3.910107556065434, 4.631229325999739, 4.857366983253376, 6.216995336173255, 4.402405899051108, 4.477430800135274, 4.169825973586907, 4.0987260947762785, 4.481525083049296, 2.5452049308454514, 1.0874579945910556, 3.1823357161053893, 2.6138866042734143, 3.208673740036528, 6.540143609279539, 6.558240448473965, 6.869592503198424, 5.262101128826774, 3.6282250164508816, 5.021875185625386], [4.384921678890057, 2.946774294037465, 2.5534609356714273, 3.6116268065789967, 1.344273863466816, 0.0, 1.5015334461809366, 1.3857439337770887, 2.6948824798124313, 3.3243853522117437, 3.8809024581919087, 5.151427962225619, 3.278688008945042, 3.681027271020957, 4.827726109671095, 4.9038810609557, 4.833388063253353, 2.5751122810471783, 2.1061580211370656, 2.14395881723507, 2.1642233341316692, 2.148667910590187, 5.412308901938248, 5.426535238989976, 5.926446623399218, 4.507908706928302, 3.0817852407330397, 4.288221659382827], [5.881428882508059, 4.443961297086194, 3.912186352923388, 4.817591719936424, 2.4823548356349057, 1.5015334461809366, 0.0, 2.465076270625313, 3.0656293758378554, 3.1358482712019087, 4.583444818038066, 5.62302950552458, 3.422042178290618, 4.181133023475814, 6.276549518644778, 6.376044266628016, 6.322732379280338, 4.033821643305514, 2.6847568977469822, 1.0940068464136776, 1.0954160168629998, 1.0939890584461986, 5.728102158656041, 5.7172853514583295, 6.559668705811293, 4.792350331517929, 3.7937045667790215, 4.990193917073765], [4.0400022029696965, 2.724648929678831, 2.997580467643863, 4.2077472476373865, 2.3814970312809547, 1.3857439337770887, 2.465076270625313, 0.0, 1.6168965242092646, 2.636452017390038, 2.5212966307041302, 3.8451693720823275, 2.556304553452112, 2.980989389447738, 4.557550023861504, 4.739298677019629, 4.183610818419897, 1.9615153045541092, 3.3634073883489046, 2.7806332911766702, 3.395243757081367, 2.7587465305823224, 4.185158486843719, 4.223266410019619, 4.562343629101166, 3.988451521580775, 2.6430233407974284, 3.3148354725385696], [5.338938423507055, 4.174050093134964, 4.597168016290029, 5.803134054112485, 3.910107556065434, 2.6948824798124313, 3.0656293758378554, 1.6168965242092646, 0.0, 1.4968473035015961, 1.6140853849781305, 2.57341406889758, 1.6128796359307165, 2.6065238057612286, 5.877750206499082, 6.087532496833179, 5.2234453658481, 3.288585741622073, 4.793398747235619, 3.0951296919515343, 4.151164754620081, 2.9077406366455727, 2.8754020327599408, 2.7749340100261843, 3.5050627069996905, 3.526436860345014, 2.8971227951193232, 2.8552517402148623], [6.456040675212634, 5.253857145945253, 5.545258314993089, 6.737292983090463, 4.631229325999739, 3.3243853522117437, 3.1358482712019087, 2.636452017390038, 1.4968473035015961, 0.0, 2.6108107361507455, 3.0379127604327283, 2.6207083870587353, 3.9090425502928463, 6.821588875034906, 7.277086737836783, 6.412744991031532, 4.345344217665615, 5.352820734902299, 2.6710257692504578, 4.186959962789231, 3.045138266154757, 2.7928266254817897, 3.2209449560649124, 4.087307440112623, 4.663114412064108, 4.2547507353545395, 4.2329268467574535], [5.0731820960813145, 4.263511699292029, 5.1064579250200435, 6.302189154571608, 4.857366983253376, 3.8809024581919087, 4.583444818038066, 2.5212966307041302, 1.6140853849781305, 2.6108107361507455, 0.0, 1.4139112065472852, 2.5349507667802937, 2.9874319272579246, 5.615254282755146, 5.903141306965302, 4.641637480458809, 3.319439761465781, 5.87467314495028, 4.58845915967441, 5.648434743360323, 4.487786980238701, 2.0617656365358306, 2.0673361676321536, 2.0455742494468394, 3.9490175208524967, 3.4279753353838474, 2.5993856293362865], [6.365650626605264, 5.6522628645525685, 6.519950433860675, 7.715836707707078, 6.216995336173255, 5.151427962225619, 5.62302950552458, 3.8451693720823275, 2.57341406889758, 3.0379127604327283, 1.4139112065472852, 0.0, 3.1821553026211653, 3.753092823259238, 6.8722122944507475, 7.2062451144823, 5.817441583720459, 4.704558192859347, 7.20401371875429, 5.490315036498361, 6.714929558081752, 5.388264119361633, 1.0931832691731063, 1.0933924135460242, 1.0928870435685474, 4.4907577912864545, 4.468889009586164, 3.250098030829224], [6.030515461384707, 4.872884884747432, 5.1325927765604, 6.231690846792707, 4.402405899051108, 3.278688008945042, 3.422042178290618, 2.556304553452112, 1.6128796359307165, 2.6207083870587353, 2.5349507667802937, 3.1821553026211653, 0.0, 1.4130459405129048, 6.770328512708966, 6.568764250603, 5.891722064897495, 4.179963696014596, 5.163596052171393, 3.796571175416049, 4.3783579364871485, 2.7765283737069932, 3.772215562504349, 2.827661882191716, 4.040513648040308, 2.0427133548297958, 2.0673510321181547, 2.0689560990992537], [5.560530753444315, 4.5737856279016835, 4.892621581524572, 5.873408627024005, 4.477430800135274, 3.681027271020957, 4.181133023475814, 2.980989389447738, 2.6065238057612286, 3.9090425502928463, 2.9874319272579246, 3.753092823259238, 1.4130459405129048, 0.0, 6.457585801210851, 5.923894199764207, 5.352416458012213, 4.075017748427606, 5.265512016888766, 4.7942878908134, 5.002422474161894, 3.5963750110354176, 4.5997335944595745, 3.4176240562706712, 4.322070875170836, 1.0930463393653538, 1.092597702725024, 1.0928643145422947], [1.0931085490471657, 2.0659436221736547, 2.887384851383688, 3.124963967792269, 4.169825973586907, 4.827726109671095, 6.276549518644778, 4.557550023861504, 5.877750206499082, 6.821588875034906, 5.615254282755146, 6.8722122944507475, 6.770328512708966, 6.457585801210851, 0.0, 1.7848872821553747, 1.7873572950028767, 2.6290480045065743, 4.883135244901579, 6.584709893381788, 6.674598213375843, 6.946456437637826, 7.255163495056469, 7.641104721831785, 6.921732093197481, 7.430468179058437, 5.76324819871572, 6.254908967363154], [1.0931567270981781, 2.090319296184198, 2.647448041038766, 2.5881904508748965, 4.0987260947762785, 4.9038810609557, 6.376044266628016, 4.739298677019629, 6.087532496833179, 7.277086737836783, 5.903141306965302, 7.2062451144823, 6.568764250603, 5.923894199764207, 1.7848872821553747, 0.0, 1.7900400973162587, 2.9688055679010037, 4.742626480126808, 6.950615800776217, 6.6987456990096295, 6.867880512210444, 7.80603549248913, 7.78285958372628, 7.254304242310216, 6.7412346829049055, 5.091540970079687, 5.759031920383841], [1.0923470144601486, 2.064891810725201, 3.310118870977295, 3.831736700244421, 4.481525083049296, 4.833388063253353, 6.322732379280338, 4.183610818419897, 5.2234453658481, 6.412744991031532, 4.641637480458809, 5.817441583720459, 5.891722064897495, 5.352416458012213, 1.7873572950028767, 1.7900400973162587, 0.0, 2.3470363375968426, 5.393115568945283, 6.720628989908608, 6.9098293242308095, 6.740363033249768, 6.407109881998279, 6.510412310291875, 5.715338844723031, 6.284924806232768, 4.791839782380041, 4.9313465148983395], [2.1230399171942107, 1.012660545296399, 2.047566919541337, 3.1671053361074053, 2.5452049308454514, 2.5751122810471783, 4.033821643305514, 1.9615153045541092, 3.288585741622073, 4.345344217665615, 3.319439761465781, 4.704558192859347, 4.179963696014596, 4.075017748427606, 2.6290480045065743, 2.9688055679010037, 2.3470363375968426, 0.0, 3.596780500670009, 4.374377417416106, 4.695880588345491, 4.534816226706436, 5.132185437998125, 5.3324468848737725, 5.0420289229634525, 5.113419037200061, 3.495143483463876, 4.034815046566571], [4.579445313572377, 3.346729748575466, 2.141938995396461, 2.4936119385341415, 1.0874579945910556, 2.1061580211370656, 2.6847568977469822, 3.3634073883489046, 4.793398747235619, 5.352820734902299, 5.87467314495028, 7.20401371875429, 5.163596052171393, 5.265512016888766, 4.883135244901579, 4.742626480126808, 5.393115568945283, 3.596780500670009, 0.0, 3.4202250656937765, 2.3482272568897584, 3.4535623608094874, 7.484963071385189, 7.488545965005489, 7.9045050806486294, 5.925800453947129, 4.38289791576304, 5.922669919048334], [6.323261713704407, 4.922172980503631, 4.5390733041007385, 5.495407458960618, 3.1823357161053893, 2.14395881723507, 1.0940068464136776, 2.7806332911766702, 3.0951296919515343, 2.6710257692504578, 4.58845915967441, 5.490315036498361, 3.796571175416049, 4.7942878908134, 6.584709893381788, 6.950615800776217, 6.720628989908608, 4.374377417416106, 3.4202250656937765, 0.0, 1.7634036208423756, 1.781701024302338, 5.385398092991826, 5.66373002975954, 6.468870974907445, 5.463165084454249, 4.572437076658355, 5.5008903579329775], [6.327403294401266, 4.914271162644568, 4.098255154330926, 4.772533753678438, 2.6138866042734143, 2.1642233341316692, 1.0954160168629998, 3.395243757081367, 4.151164754620081, 4.186959962789231, 5.648434743360323, 6.714929558081752, 4.3783579364871485, 5.002422474161894, 6.674598213375843, 6.6987456990096295, 6.9098293242308095, 4.695880588345491, 2.3482272568897584, 1.7634036208423756, 0.0, 1.7627560551590793, 6.817863234914587, 6.79135532423389, 7.641444992931638, 5.507420916363666, 4.483050678946202, 5.874724357789053], [6.416590479374541, 4.991463029012636, 4.556452971336366, 5.474228438784775, 3.208673740036528, 2.148667910590187, 1.0939890584461986, 2.7587465305823224, 2.9077406366455727, 3.045138266154757, 4.487786980238701, 5.388264119361633, 2.7765283737069932, 3.5963750110354176, 6.946456437637826, 6.867880512210444, 6.740363033249768, 4.534816226706436, 3.4535623608094874, 1.781701024302338, 1.7627560551590793, 0.0, 5.579326821400589, 5.276128191202333, 6.362882045897127, 4.027214789404707, 3.378225350683403, 4.523829142441169], [6.88654269136553, 6.129326471154886, 6.949909773515049, 8.167385252331373, 6.540143609279539, 5.412308901938248, 5.728102158656041, 4.185158486843719, 2.8754020327599408, 2.7928266254817897, 2.0617656365358306, 1.0931832691731063, 3.772215562504349, 4.5997335944595745, 7.255163495056469, 7.80603549248913, 6.407109881998279, 5.132185437998125, 7.484963071385189, 5.385398092991826, 6.817863234914587, 5.579326821400589, 0.0, 1.7905760330128404, 1.778256502870157, 5.344601652134609, 5.26621911241832, 4.241416849355885], [7.03244237871879, 6.233825501247208, 6.982142133328424, 8.16453236444072, 6.558240448473965, 5.426535238989976, 5.7172853514583295, 4.223266410019619, 2.7749340100261843, 3.2209449560649124, 2.0673361676321536, 1.0933924135460242, 2.827661882191716, 3.4176240562706712, 7.641104721831785, 7.78285958372628, 6.510412310291875, 5.3324468848737725, 7.488545965005489, 5.66373002975954, 6.79135532423389, 5.276128191202333, 1.7905760330128404, 0.0, 1.778433079989236, 3.9295965607171426, 4.324521158463674, 3.0042627747918456], [6.422001914512328, 5.939054692457377, 6.9630050129236585, 8.116280540370694, 6.869592503198424, 5.926446623399218, 6.559668705811293, 4.562343629101166, 3.5050627069996905, 4.087307440112623, 2.0455742494468394, 1.0928870435685474, 4.040513648040308, 4.322070875170836, 6.921732093197481, 7.254304242310216, 5.715338844723031, 5.0420289229634525, 7.9045050806486294, 6.468870974907445, 7.641444992931638, 6.362882045897127, 1.778256502870157, 1.778433079989236, 0.0, 5.032574451510877, 5.012380513289069, 3.5791464988178396], [6.488569205918975, 5.531095093198092, 5.732300152643788, 6.616668010411282, 5.262101128826774, 4.507908706928302, 4.792350331517929, 3.988451521580775, 3.526436860345014, 4.663114412064108, 3.9490175208524967, 4.4907577912864545, 2.0427133548297958, 1.0930463393653538, 7.430468179058437, 6.7412346829049055, 6.284924806232768, 5.113419037200061, 5.925800453947129, 5.463165084454249, 5.507420916363666, 4.027214789404707, 5.344601652134609, 3.9295965607171426, 5.032574451510877, 0.0, 1.7743313444788151, 1.7748022171498432], [4.837783283695126, 3.807120577286724, 3.9644680399771164, 4.866068828119881, 3.6282250164508816, 3.0817852407330397, 3.7937045667790215, 2.6430233407974284, 2.8971227951193232, 4.2547507353545395, 3.4279753353838474, 4.468889009586164, 2.0673510321181547, 1.092597702725024, 5.76324819871572, 5.091540970079687, 4.791839782380041, 3.495143483463876, 4.38289791576304, 4.572437076658355, 4.483050678946202, 3.378225350683403, 5.26621911241832, 4.324521158463674, 5.012380513289069, 1.7743313444788151, 0.0, 1.7896054174035123], [5.346015429270665, 4.579791438482761, 5.179856773116415, 6.175316622651829, 5.021875185625386, 4.288221659382827, 4.990193917073765, 3.3148354725385696, 2.8552517402148623, 4.2329268467574535, 2.5993856293362865, 3.250098030829224, 2.0689560990992537, 1.0928643145422947, 6.254908967363154, 5.759031920383841, 4.9313465148983395, 4.034815046566571, 5.922669919048334, 5.5008903579329775, 5.874724357789053, 4.523829142441169, 4.241416849355885, 3.0042627747918456, 3.5791464988178396, 1.7748022171498432, 1.7896054174035123, 0.0]]}