{"total energy": -64.63625866, "HOMO-LUMO gap/eV": 2.58189743, "electronic energy": -65.17993024, "dipole": [2.03946347, 1.08023131, 1.11951021], "partial charges": [-0.11316876, 0.07935824, -0.26262844, 0.35449667, -0.40325985, -0.08723235, 0.0118415, -0.08948457, 0.40045508, -0.38488209, -0.25894194, 0.04643192, -0.26742473, 0.04642412, 0.3556735, -0.40143738, -0.2445399, 0.08793232, -0.11336714, 0.05432167, 0.05774784, 0.05287255, 0.06055135, 0.05863653, 0.10217447, 0.09516226, 0.09067592, 0.05803469, 0.0701356, 0.06701452, 0.06638844, 0.07082523, 0.05849665, 0.05620937, 0.05435899, 0.05476169, 0.05354459, 0.06184145], "atomic dipole moments": [[0.03715281, 0.04906528, -0.12424494], [-0.18779991, -0.15016294, -0.10879421], [0.1882202, -0.1015913, 0.07388895], [-0.01726428, 0.12554476, 0.04870546], [-0.14475175, 0.0984975, -0.04651482], [0.09861033, -0.09229117, 0.00819268], [-0.07602159, 0.05594091, -0.1082428], [0.45210536, -0.2622164, 0.01889356], [0.20284972, 0.16251617, 0.07496139], [0.2566092, 0.26044233, 0.21924098], [0.03831751, -0.102182, -0.1666984], [-0.1613893, 0.24549025, 0.04370224], [-0.1527912, 0.06032034, -0.08167752], [0.03516567, -0.14213148, 0.2599884], [0.10587836, -0.08913868, 0.03397623], [-0.01859665, -0.12739994, 0.12990937], [0.05130031, 0.14853744, -0.16123993], [-0.19665706, -0.06404581, 0.16062611], [-0.08124128, 0.11029141, -0.05160601], [-0.12216766, 0.02602339, 0.02995575], [0.00632122, -0.12955377, 0.01206794], [0.07786804, 0.05309043, 0.08850396], [-0.00750029, 0.1235605, -0.00354437], [0.12447644, -0.02415732, -0.03076186], [-0.00941032, 0.09998699, -0.09533185], [-0.11399314, -0.01371179, 0.06923917], [0.01992088, -0.09695624, 0.09363195], [0.06101295, 0.02646725, -0.10724669], [0.0815797, -0.02280304, 0.09210305], [-0.08082613, -0.09540183, -0.00755558], [-0.03610184, -0.08447967, -0.08438128], [0.10517804, 0.05679988, -0.04116791], [-0.0878463, 0.0867145, 0.02769122], [0.05723432, 0.11151492, 0.02708837], [-0.02460591, -0.01555985, -0.12399986], [-0.0548439, -0.11436558, -0.01662332], [0.11230953, 0.00239896, -0.06348519], [0.02269124, 0.0040572, 0.12738379]], "atomic quadrupole moments": [[-0.118798, 0.03283547, -0.10276468, -0.07551509, -0.1104634, 0.22156268], [-0.05457909, 0.22513982, -0.16473114, 0.25886212, 0.13492741, 0.21931024], [-0.00217528, 0.01837177, -0.00624665, 0.05662796, 0.04312169, 0.00842193], [-0.14381129, 0.18502065, -0.00354695, -0.3359764, -0.14336147, 0.14735824], [-0.01472593, 0.06279988, -0.04508374, -0.12477776, -0.09841446, 0.05980967], [-0.02573957, -0.04779656, 0.08431505, 0.1339334, 0.22656937, -0.05857548], [0.17598614, 0.07938031, -0.10916165, 0.10279008, 0.19583169, -0.06682449], [0.12798148, -0.07321205, 0.10283319, 0.23929725, 0.47405683, -0.23081467], [-0.44912917, -0.67313191, 0.22894851, -0.36466651, -0.39086946, 0.22018066], [0.07133304, 0.40456996, 0.09236638, 0.29361453, 0.31470253, -0.16369943], [-0.0298065, -0.09925176, 0.03455468, 0.02703663, 0.01760438, -0.00474818], [-0.03093547, -0.39408658, 0.27531155, -0.06816178, 0.11983225, -0.24437607], [-0.00774748, 9.817e-05, -0.05789169, -0.00576334, -0.10009876, 0.06563917], [-0.26002716, -0.0588634, -0.08425092, 0.1025592, -0.37753176, 0.34427807], [-0.06058544, 0.08491819, 0.05319283, 0.24697289, 0.36971944, 0.00739261], [-0.06197027, 0.08052888, 0.02904969, 0.08441758, 0.12651169, 0.03292057], [0.04712336, -0.00526056, -0.03602499, -0.05258657, -0.020264, -0.01109837], [0.32725529, -0.12233254, -0.18573436, -0.29467037, -0.11749996, -0.14152093], [0.02372984, -0.19220076, 0.09072283, 0.06880498, -0.09074714, -0.11445267], [0.06431204, -0.03912477, -0.02881813, -0.01943144, -0.00635642, -0.0354939], [-0.04146655, -0.01900786, 0.07534336, -0.01130746, 0.00430033, -0.03387682], [0.00523366, 0.04260122, -0.02025654, 0.05022931, 0.03243906, 0.01502288], [-0.03749035, -0.0178954, 0.0511852, 0.00674213, -0.00119469, -0.01369486], [0.02164242, -0.0246676, -0.01944268, -0.00575808, 0.0148047, -0.00219974], [-0.04678882, -0.00756163, 0.02197578, 0.00881676, -0.0251399, 0.02481304], [0.03247066, 0.0150239, -0.01404905, -0.0425039, 0.01647476, -0.01842161], [-0.00392111, 0.0072578, -0.00174703, 0.01774557, -0.00915784, 0.00566815], [-0.01638028, -0.02245148, -0.00725156, -0.04574979, -0.02069973, 0.02363184], [-0.00445606, -0.01823295, -0.02805839, 0.05947134, 0.00384552, 0.03251445], [0.02043724, 0.02912973, 0.03799067, 0.00226192, 0.01373118, -0.05842792], [-0.04753654, 0.0250485, 0.02006506, 0.02787866, 0.02512657, 0.02747148], [0.05162789, 0.04243169, -0.03057713, -0.01377923, -0.02314368, -0.02105076], [-0.00415172, -0.05244359, 0.00446914, -0.01672583, -0.011049, -0.00031742], [0.00548844, 0.01477426, 0.02432253, -0.00341116, 0.01878464, -0.02981097], [0.00013874, -0.00752765, -0.03193992, 0.01083882, 0.00994339, 0.03180118], [-0.01106159, 0.04665209, 0.04683541, 0.02501612, 0.01916349, -0.03577382], [0.0502442, 0.00390242, -0.03968558, -0.05890193, -0.01246936, -0.01055862], [-0.04550518, -0.0037992, -0.02606172, 0.02197206, 0.02027434, 0.07156691]], "number of molecular orbitals": 110, "number of electrons": 112, "number of unpaired electrons": 0, "orbital energies/eV": [-20.58532883, -20.58203925, -20.50236286, -20.34852966, -20.10452125, -19.94618708, -19.91273927, -18.9636363, -18.92226496, -18.78841245, -18.51699365, -18.16556955, -17.95001811, -17.37460973, -17.16181489, -17.05727091, -16.93130317, -16.65686124, -16.53526946, -16.32632637, -16.27155528, -16.23222616, -16.04012272, -15.89376801, -15.81284742, -15.73414678, -15.51328788, -15.446705, -15.32201792, -15.10743944, -14.83733215, -14.61666834, -14.4472621, -14.39588059, -14.16926901, -13.98561844, -13.80286628, -13.56286362, -13.48537131, -13.44283662, -13.36866037, -13.18780433, -13.17321236, -13.15459688, -13.02305055, -12.99568872, -12.56761461, -12.51759585, -12.50296803, -12.24228499, -12.16596353, -11.99855983, -11.90304159, -11.14088837, -10.07026157, -9.99124643, -7.40934899, -7.00866055, -6.6103935, -6.03227883, -4.64068364, -3.81987977, -3.03910022, -1.10532799, -0.99783436, -0.64050388, -0.21003153, 0.01200954, 0.23178848, 0.52169784, 0.76129282, 0.83358698, 1.95819646, 2.2076721, 2.43463993, 2.48679232, 2.7964963, 2.85387814, 2.98297938, 3.09261147, 3.39929807, 3.40885917, 3.50761151, 3.5515233, 3.68015081, 3.766743, 3.81956579, 4.08579255, 4.33579283, 4.48757459, 4.65408815, 4.8346387, 4.95977144, 5.13678824, 5.32288887, 5.60485974, 6.10100318, 6.20047024, 6.41608792, 6.79999776, 6.8518893, 7.01882383, 9.02504647, 11.04962787, 11.35268491, 15.31325447, 15.68189144, 25.70938348, 26.8721011, 35.66508394], "fractional occupation": [2.0, 2.0, 2.0, 2.0, 2.0, 2.0, 2.0, 2.0, 2.0, 2.0, 2.0, 2.0, 2.0, 2.0, 2.0, 2.0, 2.0, 2.0, 2.0, 2.0, 2.0, 2.0, 2.0, 2.0, 2.0, 2.0, 2.0, 2.0, 2.0, 2.0, 2.0, 2.0, 2.0, 2.0, 2.0, 2.0, 2.0, 2.0, 2.0, 2.0, 2.0, 2.0, 2.0, 2.0, 2.0, 2.0, 2.0, 2.0, 2.0, 2.0, 2.0, 2.0, 2.0, 2.0, 2.0, 2.0, 0.0, 0.0, 0.0, 0.0, 0.0, 0.0, 0.0, 0.0, 0.0, 0.0, 0.0, 0.0, 0.0, 0.0, 0.0, 0.0, 0.0, 0.0, 0.0, 0.0, 0.0, 0.0, 0.0, 0.0, 0.0, 0.0, 0.0, 0.0, 0.0, 0.0, 0.0, 0.0, 0.0, 0.0, 0.0, 0.0, 0.0, 0.0, 0.0, 0.0, 0.0, 0.0, 0.0, 0.0, 0.0, 0.0, 0.0, 0.0, 0.0, 0.0, 0.0, 0.0, 0.0, 0.0], "program call": "xtb /home/svss/Project-DBcg-Debug/aqme2_20220329/End-to-End-workflows-final/example-3/QDESCP/mol_355_rdkit_conf_3/mol_355_rdkit_conf_3.xyz --pop --wbo --acc 0.2 --gfn 2 --chrg 0 --uhf 0 --etemp 300 --input /home/svss/Project-DBcg-Debug/aqme2_20220329/End-to-End-workflows-final/example-3/QDESCP/mol_355_rdkit_conf_3/mol_355_rdkit_conf_3_xtb.inp", "method": "GFN2-xTB", "xtb version": "6.3.3 (7355c4f)", "Dipole module/D": 6.52, "Total charge": 0, "Transition dipole module/D": NaN, "HOMO": -9.9912, "LUMO": -7.4093, "HOMO occupancy": 2.0, "LUMO occupancy": 0, "mulliken charges": [-0.09884, 0.20477, -0.41873, 0.57638, -0.52574, -0.07756, 0.03613, -0.06472, 0.37731, -0.21306, -0.36789, 0.18378, -0.37043, 0.17655, 0.58002, -0.53622, -0.39443, 0.2089, -0.09336, 0.03988, 0.05071, 0.03585, 0.03428, 0.04586, 0.07684, 0.06622, 0.07204, 0.0374, 0.03298, 0.02936, 0.02848, 0.0393, 0.03245, 0.03943, 0.03979, 0.03935, 0.03106, 0.04588], "cm5 charges": [-0.24537, 0.1221, -0.50172, 0.62658, -0.57596, -0.16911, -0.00055, -0.06351, 0.31788, -0.18354, -0.43348, 0.06837, -0.43958, 0.06101, 0.63646, -0.58483, -0.47764, 0.12666, -0.24014, 0.09318, 0.10564, 0.0871, 0.09684, 0.11172, 0.13937, 0.12593, 0.14235, 0.10204, 0.09277, 0.09013, 0.08905, 0.09957, 0.09535, 0.10426, 0.10638, 0.09318, 0.08227, 0.09922], "FUKUI+": [0.009, 0.012, -0.045, -0.037, -0.072, 0.015, 0.015, -0.21, -0.059, -0.095, -0.002, 0.016, 0.002, 0.02, -0.037, -0.099, -0.052, 0.016, 0.011, -0.013, -0.002, -0.024, -0.028, -0.013, -0.034, -0.045, -0.048, -0.014, -0.024, -0.021, -0.025, -0.02, -0.002, -0.022, -0.02, -0.011, -0.026, -0.014], "FUKUI-": [0.007, 0.007, -0.025, -0.003, -0.038, 0.002, 0.013, -0.126, -0.114, -0.354, 0.0, 0.023, -0.0, 0.024, 0.006, -0.036, -0.013, 0.008, 0.008, -0.024, -0.024, -0.024, -0.037, -0.021, -0.017, -0.019, -0.025, -0.016, -0.034, -0.014, -0.016, -0.034, -0.01, -0.021, -0.011, -0.006, -0.021, -0.016], "FUKUIrad": [0.008, 0.009, -0.035, -0.02, -0.055, 0.009, 0.014, -0.168, -0.087, -0.224, -0.001, 0.02, 0.001, 0.022, -0.015, -0.068, -0.032, 0.012, 0.009, -0.019, -0.013, -0.024, -0.033, -0.017, -0.026, -0.032, -0.036, -0.015, -0.029, -0.017, -0.02, -0.027, -0.006, -0.021, -0.016, -0.009, -0.024, -0.015], "s proportion": [1.013, 0.994, 1.697, 0.987, 1.729, 1.044, 1.074, 1.915, 1.516, 1.891, 1.648, 0.972, 1.655, 0.973, 0.988, 1.732, 1.695, 0.993, 1.011, 0.96, 0.949, 0.964, 0.966, 0.954, 0.923, 0.934, 0.928, 0.963, 0.967, 0.971, 0.972, 0.961, 0.968, 0.961, 0.96, 0.961, 0.969, 0.954], "p proportion": [3.086, 2.802, 4.722, 2.437, 4.796, 3.034, 2.89, 4.155, 2.024, 4.336, 4.72, 2.844, 4.716, 2.851, 2.432, 4.804, 4.699, 2.798, 3.083, 0.0, 0.0, 0.0, 0.0, 0.0, 0.0, 0.0, 0.0, 0.0, 0.0, 0.0, 0.0, 0.0, 0.0, 0.0, 0.0, 0.0, 0.0, 0.0], "d proportion": [0.0, 0.0, 0.0, 0.0, 0.0, 0.0, 0.0, -0.005, 1.083, -0.014, 0.0, 0.0, 0.0, 0.0, 0.0, 0.0, 0.0, 0.0, 0.0, 0.0, 0.0, 0.0, 0.0, 0.0, 0.0, 0.0, 0.0, 0.0, 0.0, 0.0, 0.0, 0.0, 0.0, 0.0, 0.0, 0.0, 0.0, 0.0], "Fermi-level/eV": -8.7003, "Coordination numbers": [3.748, 3.694, 1.702, 2.713, 0.856, 3.848, 3.85, 1.977, 3.925, 0.926, 1.657, 3.849, 1.657, 3.857, 2.762, 0.856, 1.703, 3.703, 3.748, 0.924, 0.924, 0.924, 0.924, 0.924, 0.924, 0.924, 0.924, 0.924, 0.924, 0.924, 0.924, 0.924, 0.924, 0.924, 0.924, 0.924, 0.924, 0.924], "Dispersion coefficient C6": [22.733, 19.424, 18.353, 20.981, 21.747, 22.127, 20.343, 144.783, 143.658, 155.914, 18.307, 19.763, 18.45, 19.76, 20.965, 21.71, 18.052, 19.267, 22.736, 2.267, 2.226, 2.284, 2.193, 2.215, 1.765, 1.83, 1.873, 2.222, 2.084, 2.119, 2.126, 2.077, 2.217, 2.244, 2.266, 2.261, 2.276, 2.178], "Total dispersion C6": 18406.233918, "Total dispersion C8": 515115.2692, "Polarizability alpha": [6.8, 6.305, 5.784, 7.498, 6.252, 6.691, 6.415, 20.252, 21.53, 21.12, 5.776, 6.323, 5.798, 6.322, 7.498, 6.247, 5.736, 6.276, 6.801, 2.355, 2.333, 2.364, 2.316, 2.328, 2.078, 2.115, 2.14, 2.331, 2.258, 2.276, 2.28, 2.254, 2.328, 2.343, 2.354, 2.352, 2.359, 2.308], "Total polarizability alpha": 208.897033, "Wiberg matrix": [[0.0, 1.0145513710528498, 0.0, 0.0, 0.0, 0.0, 0.0, 0.0, 0.0, 0.0, 0.0, 0.0, 0.0, 0.0, 0.0, 0.0, 0.0, 0.0, 0.0, 0.9852969068932351, 0.9845030015325222, 0.982950154738611, 0.0, 0.0, 0.0, 0.0, 0.0, 0.0, 0.0, 0.0, 0.0, 0.0, 0.0, 0.0, 0.0, 0.0, 0.0, 0.0], [1.0145513710528498, 0.0, 0.9355592198993175, 0.0, 0.0, 0.0, 0.0, 0.0, 0.0, 0.0, 0.0, 0.0, 0.0, 0.0, 0.0, 0.0, 0.0, 0.0, 0.0, 0.0, 0.0, 0.0, 0.9704237553698055, 0.9689819693178169, 0.0, 0.0, 0.0, 0.0, 0.0, 0.0, 0.0, 0.0, 0.0, 0.0, 0.0, 0.0, 0.0, 0.0], [0.0, 0.9355592198993175, 0.0, 1.13355863353934, 0.17534781701251803, 0.0, 0.0, 0.0, 0.0, 0.0, 0.0, 0.0, 0.0, 0.0, 0.0, 0.0, 0.0, 0.0, 0.0, 0.0, 0.0, 0.0, 0.0, 0.0, 0.0, 0.0, 0.0, 0.0, 0.0, 0.0, 0.0, 0.0, 0.0, 0.0, 0.0, 0.0, 0.0, 0.0], [0.0, 0.0, 1.13355863353934, 0.0, 1.7532229603493432, 0.9746749309971651, 0.0, 0.0, 0.0, 0.0, 0.0, 0.0, 0.0, 0.0, 0.0, 0.0, 0.0, 0.0, 0.0, 0.0, 0.0, 0.0, 0.0, 0.0, 0.0, 0.0, 0.0, 0.0, 0.0, 0.0, 0.0, 0.0, 0.0, 0.0, 0.0, 0.0, 0.0, 0.0], [0.0, 0.0, 0.17534781701251803, 1.7532229603493432, 0.0, 0.0, 0.0, 0.0, 0.0, 0.0, 0.0, 0.0, 0.0, 0.0, 0.0, 0.0, 0.0, 0.0, 0.0, 0.0, 0.0, 0.0, 0.0, 0.0, 0.0, 0.0, 0.0, 0.0, 0.0, 0.0, 0.0, 0.0, 0.0, 0.0, 0.0, 0.0, 0.0, 0.0], [0.0, 0.0, 0.0, 0.9746749309971651, 0.0, 0.0, 0.9913445761564859, 0.0, 0.0, 0.0, 0.0, 0.0, 0.0, 0.0, 0.0, 0.0, 0.0, 0.0, 0.0, 0.0, 0.0, 0.0, 0.0, 0.0, 0.9488805318596031, 0.945002056852704, 0.0, 0.0, 0.0, 0.0, 0.0, 0.0, 0.0, 0.0, 0.0, 0.0, 0.0, 0.0], [0.0, 0.0, 0.0, 0.0, 0.0, 0.9913445761564859, 0.0, 0.9333085871090948, 0.0, 0.0, 0.0, 0.0, 0.0, 0.0, 0.95922194905883, 0.0, 0.0, 0.0, 0.0, 0.0, 0.0, 0.0, 0.0, 0.0, 0.0, 0.0, 0.9598090873481367, 0.0, 0.0, 0.0, 0.0, 0.0, 0.0, 0.0, 0.0, 0.0, 0.0, 0.0], [0.0, 0.0, 0.0, 0.0, 0.0, 0.0, 0.9333085871090948, 0.0, 1.0302330362335217, 0.11794282679497092, 0.0, 0.0, 0.0, 0.0, 0.0, 0.0, 0.0, 0.0, 0.0, 0.0, 0.0, 0.0, 0.0, 0.0, 0.0, 0.0, 0.0, 0.0, 0.0, 0.0, 0.0, 0.0, 0.0, 0.0, 0.0, 0.0, 0.0, 0.0], [0.0, 0.0, 0.0, 0.0, 0.0, 0.0, 0.0, 1.0302330362335217, 0.0, 1.581823293702652, 1.237383373843252, 0.0, 1.2199088683191288, 0.0, 0.0, 0.0, 0.0, 0.0, 0.0, 0.0, 0.0, 0.0, 0.0, 0.0, 0.0, 0.0, 0.0, 0.0, 0.0, 0.0, 0.0, 0.0, 0.0, 0.0, 0.0, 0.0, 0.0, 0.0], [0.0, 0.0, 0.0, 0.0, 0.0, 0.0, 0.0, 0.11794282679497092, 1.581823293702652, 0.0, 0.0, 0.0, 0.0, 0.0, 0.0, 0.0, 0.0, 0.0, 0.0, 0.0, 0.0, 0.0, 0.0, 0.0, 0.0, 0.0, 0.0, 0.0, 0.0, 0.0, 0.0, 0.0, 0.0, 0.0, 0.0, 0.0, 0.0, 0.0], [0.0, 0.0, 0.0, 0.0, 0.0, 0.0, 0.0, 0.0, 1.237383373843252, 0.0, 0.0, 0.9346287883338821, 0.0, 0.0, 0.0, 0.0, 0.0, 0.0, 0.0, 0.0, 0.0, 0.0, 0.0, 0.0, 0.0, 0.0, 0.0, 0.0, 0.0, 0.0, 0.0, 0.0, 0.0, 0.0, 0.0, 0.0, 0.0, 0.0], [0.0, 0.0, 0.0, 0.0, 0.0, 0.0, 0.0, 0.0, 0.0, 0.0, 0.9346287883338821, 0.0, 0.0, 0.0, 0.0, 0.0, 0.0, 0.0, 0.0, 0.0, 0.0, 0.0, 0.0, 0.0, 0.0, 0.0, 0.0, 0.9784889292242354, 0.9755832916402722, 0.9785077141084471, 0.0, 0.0, 0.0, 0.0, 0.0, 0.0, 0.0, 0.0], [0.0, 0.0, 0.0, 0.0, 0.0, 0.0, 0.0, 0.0, 1.2199088683191288, 0.0, 0.0, 0.0, 0.0, 0.9410206523368693, 0.0, 0.0, 0.0, 0.0, 0.0, 0.0, 0.0, 0.0, 0.0, 0.0, 0.0, 0.0, 0.0, 0.0, 0.0, 0.0, 0.0, 0.0, 0.0, 0.0, 0.0, 0.0, 0.0, 0.0], [0.0, 0.0, 0.0, 0.0, 0.0, 0.0, 0.0, 0.0, 0.0, 0.0, 0.0, 0.0, 0.9410206523368693, 0.0, 0.0, 0.0, 0.0, 0.0, 0.0, 0.0, 0.0, 0.0, 0.0, 0.0, 0.0, 0.0, 0.0, 0.0, 0.0, 0.0, 0.9787793524864512, 0.9767236410503153, 0.9758607634077086, 0.0, 0.0, 0.0, 0.0, 0.0], [0.0, 0.0, 0.0, 0.0, 0.0, 0.0, 0.95922194905883, 0.0, 0.0, 0.0, 0.0, 0.0, 0.0, 0.0, 0.0, 1.7468344197981438, 1.1487441741547204, 0.0, 0.0, 0.0, 0.0, 0.0, 0.0, 0.0, 0.0, 0.0, 0.0, 0.0, 0.0, 0.0, 0.0, 0.0, 0.0, 0.0, 0.0, 0.0, 0.0, 0.0], [0.0, 0.0, 0.0, 0.0, 0.0, 0.0, 0.0, 0.0, 0.0, 0.0, 0.0, 0.0, 0.0, 0.0, 1.7468344197981438, 0.0, 0.18099734961809916, 0.0, 0.0, 0.0, 0.0, 0.0, 0.0, 0.0, 0.0, 0.0, 0.0, 0.0, 0.0, 0.0, 0.0, 0.0, 0.0, 0.0, 0.0, 0.0, 0.0, 0.0], [0.0, 0.0, 0.0, 0.0, 0.0, 0.0, 0.0, 0.0, 0.0, 0.0, 0.0, 0.0, 0.0, 0.0, 1.1487441741547204, 0.18099734961809916, 0.0, 0.9344777063247722, 0.0, 0.0, 0.0, 0.0, 0.0, 0.0, 0.0, 0.0, 0.0, 0.0, 0.0, 0.0, 0.0, 0.0, 0.0, 0.0, 0.0, 0.0, 0.0, 0.0], [0.0, 0.0, 0.0, 0.0, 0.0, 0.0, 0.0, 0.0, 0.0, 0.0, 0.0, 0.0, 0.0, 0.0, 0.0, 0.0, 0.9344777063247722, 0.0, 1.019415041144662, 0.0, 0.0, 0.0, 0.0, 0.0, 0.0, 0.0, 0.0, 0.0, 0.0, 0.0, 0.0, 0.0, 0.0, 0.9682161834433699, 0.9676771774195818, 0.0, 0.0, 0.0], [0.0, 0.0, 0.0, 0.0, 0.0, 0.0, 0.0, 0.0, 0.0, 0.0, 0.0, 0.0, 0.0, 0.0, 0.0, 0.0, 0.0, 1.019415041144662, 0.0, 0.0, 0.0, 0.0, 0.0, 0.0, 0.0, 0.0, 0.0, 0.0, 0.0, 0.0, 0.0, 0.0, 0.0, 0.0, 0.0, 0.9847018664245065, 0.9832964629422883, 0.9846613633542352], [0.9852969068932351, 0.0, 0.0, 0.0, 0.0, 0.0, 0.0, 0.0, 0.0, 0.0, 0.0, 0.0, 0.0, 0.0, 0.0, 0.0, 0.0, 0.0, 0.0, 0.0, 0.0, 0.0, 0.0, 0.0, 0.0, 0.0, 0.0, 0.0, 0.0, 0.0, 0.0, 0.0, 0.0, 0.0, 0.0, 0.0, 0.0, 0.0], [0.9845030015325222, 0.0, 0.0, 0.0, 0.0, 0.0, 0.0, 0.0, 0.0, 0.0, 0.0, 0.0, 0.0, 0.0, 0.0, 0.0, 0.0, 0.0, 0.0, 0.0, 0.0, 0.0, 0.0, 0.0, 0.0, 0.0, 0.0, 0.0, 0.0, 0.0, 0.0, 0.0, 0.0, 0.0, 0.0, 0.0, 0.0, 0.0], [0.982950154738611, 0.0, 0.0, 0.0, 0.0, 0.0, 0.0, 0.0, 0.0, 0.0, 0.0, 0.0, 0.0, 0.0, 0.0, 0.0, 0.0, 0.0, 0.0, 0.0, 0.0, 0.0, 0.0, 0.0, 0.0, 0.0, 0.0, 0.0, 0.0, 0.0, 0.0, 0.0, 0.0, 0.0, 0.0, 0.0, 0.0, 0.0], [0.0, 0.9704237553698055, 0.0, 0.0, 0.0, 0.0, 0.0, 0.0, 0.0, 0.0, 0.0, 0.0, 0.0, 0.0, 0.0, 0.0, 0.0, 0.0, 0.0, 0.0, 0.0, 0.0, 0.0, 0.0, 0.0, 0.0, 0.0, 0.0, 0.0, 0.0, 0.0, 0.0, 0.0, 0.0, 0.0, 0.0, 0.0, 0.0], [0.0, 0.9689819693178169, 0.0, 0.0, 0.0, 0.0, 0.0, 0.0, 0.0, 0.0, 0.0, 0.0, 0.0, 0.0, 0.0, 0.0, 0.0, 0.0, 0.0, 0.0, 0.0, 0.0, 0.0, 0.0, 0.0, 0.0, 0.0, 0.0, 0.0, 0.0, 0.0, 0.0, 0.0, 0.0, 0.0, 0.0, 0.0, 0.0], [0.0, 0.0, 0.0, 0.0, 0.0, 0.9488805318596031, 0.0, 0.0, 0.0, 0.0, 0.0, 0.0, 0.0, 0.0, 0.0, 0.0, 0.0, 0.0, 0.0, 0.0, 0.0, 0.0, 0.0, 0.0, 0.0, 0.0, 0.0, 0.0, 0.0, 0.0, 0.0, 0.0, 0.0, 0.0, 0.0, 0.0, 0.0, 0.0], [0.0, 0.0, 0.0, 0.0, 0.0, 0.945002056852704, 0.0, 0.0, 0.0, 0.0, 0.0, 0.0, 0.0, 0.0, 0.0, 0.0, 0.0, 0.0, 0.0, 0.0, 0.0, 0.0, 0.0, 0.0, 0.0, 0.0, 0.0, 0.0, 0.0, 0.0, 0.0, 0.0, 0.0, 0.0, 0.0, 0.0, 0.0, 0.0], [0.0, 0.0, 0.0, 0.0, 0.0, 0.0, 0.9598090873481367, 0.0, 0.0, 0.0, 0.0, 0.0, 0.0, 0.0, 0.0, 0.0, 0.0, 0.0, 0.0, 0.0, 0.0, 0.0, 0.0, 0.0, 0.0, 0.0, 0.0, 0.0, 0.0, 0.0, 0.0, 0.0, 0.0, 0.0, 0.0, 0.0, 0.0, 0.0], [0.0, 0.0, 0.0, 0.0, 0.0, 0.0, 0.0, 0.0, 0.0, 0.0, 0.0, 0.9784889292242354, 0.0, 0.0, 0.0, 0.0, 0.0, 0.0, 0.0, 0.0, 0.0, 0.0, 0.0, 0.0, 0.0, 0.0, 0.0, 0.0, 0.0, 0.0, 0.0, 0.0, 0.0, 0.0, 0.0, 0.0, 0.0, 0.0], [0.0, 0.0, 0.0, 0.0, 0.0, 0.0, 0.0, 0.0, 0.0, 0.0, 0.0, 0.9755832916402722, 0.0, 0.0, 0.0, 0.0, 0.0, 0.0, 0.0, 0.0, 0.0, 0.0, 0.0, 0.0, 0.0, 0.0, 0.0, 0.0, 0.0, 0.0, 0.0, 0.0, 0.0, 0.0, 0.0, 0.0, 0.0, 0.0], [0.0, 0.0, 0.0, 0.0, 0.0, 0.0, 0.0, 0.0, 0.0, 0.0, 0.0, 0.9785077141084471, 0.0, 0.0, 0.0, 0.0, 0.0, 0.0, 0.0, 0.0, 0.0, 0.0, 0.0, 0.0, 0.0, 0.0, 0.0, 0.0, 0.0, 0.0, 0.0, 0.0, 0.0, 0.0, 0.0, 0.0, 0.0, 0.0], [0.0, 0.0, 0.0, 0.0, 0.0, 0.0, 0.0, 0.0, 0.0, 0.0, 0.0, 0.0, 0.0, 0.9787793524864512, 0.0, 0.0, 0.0, 0.0, 0.0, 0.0, 0.0, 0.0, 0.0, 0.0, 0.0, 0.0, 0.0, 0.0, 0.0, 0.0, 0.0, 0.0, 0.0, 0.0, 0.0, 0.0, 0.0, 0.0], [0.0, 0.0, 0.0, 0.0, 0.0, 0.0, 0.0, 0.0, 0.0, 0.0, 0.0, 0.0, 0.0, 0.9767236410503153, 0.0, 0.0, 0.0, 0.0, 0.0, 0.0, 0.0, 0.0, 0.0, 0.0, 0.0, 0.0, 0.0, 0.0, 0.0, 0.0, 0.0, 0.0, 0.0, 0.0, 0.0, 0.0, 0.0, 0.0], [0.0, 0.0, 0.0, 0.0, 0.0, 0.0, 0.0, 0.0, 0.0, 0.0, 0.0, 0.0, 0.0, 0.9758607634077086, 0.0, 0.0, 0.0, 0.0, 0.0, 0.0, 0.0, 0.0, 0.0, 0.0, 0.0, 0.0, 0.0, 0.0, 0.0, 0.0, 0.0, 0.0, 0.0, 0.0, 0.0, 0.0, 0.0, 0.0], [0.0, 0.0, 0.0, 0.0, 0.0, 0.0, 0.0, 0.0, 0.0, 0.0, 0.0, 0.0, 0.0, 0.0, 0.0, 0.0, 0.0, 0.9682161834433699, 0.0, 0.0, 0.0, 0.0, 0.0, 0.0, 0.0, 0.0, 0.0, 0.0, 0.0, 0.0, 0.0, 0.0, 0.0, 0.0, 0.0, 0.0, 0.0, 0.0], [0.0, 0.0, 0.0, 0.0, 0.0, 0.0, 0.0, 0.0, 0.0, 0.0, 0.0, 0.0, 0.0, 0.0, 0.0, 0.0, 0.0, 0.9676771774195818, 0.0, 0.0, 0.0, 0.0, 0.0, 0.0, 0.0, 0.0, 0.0, 0.0, 0.0, 0.0, 0.0, 0.0, 0.0, 0.0, 0.0, 0.0, 0.0, 0.0], [0.0, 0.0, 0.0, 0.0, 0.0, 0.0, 0.0, 0.0, 0.0, 0.0, 0.0, 0.0, 0.0, 0.0, 0.0, 0.0, 0.0, 0.0, 0.9847018664245065, 0.0, 0.0, 0.0, 0.0, 0.0, 0.0, 0.0, 0.0, 0.0, 0.0, 0.0, 0.0, 0.0, 0.0, 0.0, 0.0, 0.0, 0.0, 0.0], [0.0, 0.0, 0.0, 0.0, 0.0, 0.0, 0.0, 0.0, 0.0, 0.0, 0.0, 0.0, 0.0, 0.0, 0.0, 0.0, 0.0, 0.0, 0.9832964629422883, 0.0, 0.0, 0.0, 0.0, 0.0, 0.0, 0.0, 0.0, 0.0, 0.0, 0.0, 0.0, 0.0, 0.0, 0.0, 0.0, 0.0, 0.0, 0.0], [0.0, 0.0, 0.0, 0.0, 0.0, 0.0, 0.0, 0.0, 0.0, 0.0, 0.0, 0.0, 0.0, 0.0, 0.0, 0.0, 0.0, 0.0, 0.9846613633542352, 0.0, 0.0, 0.0, 0.0, 0.0, 0.0, 0.0, 0.0, 0.0, 0.0, 0.0, 0.0, 0.0, 0.0, 0.0, 0.0, 0.0, 0.0, 0.0]], "Born radii": [], "Atomic SASAs": [], "Solvent H bonds": [], "Total SASA": NaN, "Total FOD": 0.0, "FOD": [0.0, 0.0, 0.0, 0.0, 0.0, 0.0, 0.0, 0.0, 0.0, 0.0, 0.0, 0.0, 0.0, 0.0, 0.0, 0.0, 0.0, 0.0, 0.0, 0.0, 0.0, 0.0, 0.0, 0.0, 0.0, 0.0, 0.0, 0.0, 0.0, 0.0, 0.0, 0.0, 0.0, 0.0, 0.0, 0.0, 0.0, 0.0], "FOD s proportion": [0.0, 0.0, 0.0, 0.0, 0.0, 0.0, 0.0, 0.0, 0.0, 0.0, 0.0, 0.0, 0.0, 0.0, 0.0, 0.0, 0.0, 0.0, 0.0, 0.0, 0.0, 0.0, 0.0, 0.0, 0.0, 0.0, 0.0, 0.0, 0.0, 0.0, 0.0, 0.0, 0.0, 0.0, 0.0, 0.0, 0.0, 0.0], "FOD p proportion": [0.0, 0.0, 0.0, 0.0, 0.0, 0.0, 0.0, 0.0, 0.0, 0.0, 0.0, 0.0, 0.0, 0.0, 0.0, 0.0, 0.0, 0.0, 0.0, 0.0, 0.0, 0.0, 0.0, 0.0, 0.0, 0.0, 0.0, 0.0, 0.0, 0.0, 0.0, 0.0, 0.0, 0.0, 0.0, 0.0, 0.0, 0.0], "FOD d proportion": [0.0, 0.0, 0.0, 0.0, 0.0, 0.0, 0.0, 0.0, 0.0, 0.0, 0.0, 0.0, 0.0, 0.0, 0.0, 0.0, 0.0, 0.0, 0.0, 0.0, 0.0, 0.0, 0.0, 0.0, 0.0, 0.0, 0.0, 0.0, 0.0, 0.0, 0.0, 0.0, 0.0, 0.0, 0.0, 0.0, 0.0, 0.0], "coordinates": [["-0.19680", "3.31590", "4.59850"], ["0.14920", "3.78860", "3.19910"], ["-0.77680", "3.24050", "2.24860"], ["-0.46720", "2.00930", "1.75720"], ["0.50910", "1.34520", "2.07200"], ["-1.52460", "1.57750", "0.77380"], ["-1.15640", "0.24080", "0.13310"], ["-2.55900", "-0.32890", "-0.89840"], ["-1.84870", "-2.09840", "-1.79650"], ["-3.14580", "-3.27510", "-2.65500"], ["-1.01490", "-2.84610", "-0.61760"], ["-0.24870", "-3.99360", "-0.92900"], ["-0.61920", "-1.68670", "-2.77530"], ["-0.89820", "-0.96970", "-3.96350"], ["0.07750", "0.40490", "-0.74150"], ["0.19940", "1.25620", "-1.61430"], ["1.01340", "-0.53180", "-0.42830"], ["2.22650", "-0.43500", "-1.18270"], ["3.14410", "-1.56030", "-0.74720"], ["-1.23200", "3.57270", "4.84600"], ["-0.11120", "2.22760", "4.67810"], ["0.46690", "3.77340", "5.33760"], ["0.05610", "4.87810", "3.14460"], ["1.18360", "3.54000", "2.93560"], ["-1.62450", "2.36540", "0.01720"], ["-2.46640", "1.49050", "1.32920"], ["-0.96990", "-0.51450", "0.90440"], ["0.32050", "-3.85330", "-1.85130"], ["0.45460", "-4.17130", "-0.11130"], ["-0.90090", "-4.86550", "-1.02140"], ["-1.23400", "-1.65960", "-4.74170"], ["0.02210", "-0.48540", "-4.30000"], ["-1.65660", "-0.20120", "-3.79610"], ["2.70450", "0.53110", "-0.98630"], ["2.01010", "-0.52850", "-2.25260"], ["2.67170", "-2.53230", "-0.92220"], ["4.09110", "-1.52490", "-1.29300"], ["3.35130", "-1.49550", "0.32610"]], "bond_dist": [[0.0, 1.5170634957047773, 2.4215935187392614, 3.138997516724089, 3.2810296478392265, 4.40606598793073, 5.506075674198457, 7.005745177352656, 8.540459185547343, 10.234800645347226, 8.114630664423366, 9.1643188568491, 8.920614046129336, 9.600321521699156, 6.088083564636741, 6.557302979884336, 6.4450056299432354, 7.305060378942805, 7.969657943726317, 1.0949162205392704, 1.0945594593259886, 1.0936511098151918, 2.149011972977349, 2.1727773424812766, 4.891838839332301, 4.378526214378532, 5.377362046580088, 9.657377903447705, 8.869312365679765, 9.950594895783869, 10.633471687553412, 9.678899790265419, 9.217934563122045, 6.8820522934659545, 8.16010969166469, 8.538610190189033, 8.748097124517994, 7.347923878892595], [1.5170634957047773, 0.0, 1.4357366959160722, 2.371694132893194, 2.7147902276234905, 3.684107726437977, 4.867425623468734, 6.409185575406599, 7.975236220326017, 9.747993101146513, 7.742194249048522, 8.818286163422005, 8.14019680413195, 8.662638420827687, 5.194506226774592, 5.4391533679424775, 5.707077059230933, 6.430718738212705, 7.290640637831493, 2.1602328254148904, 2.1660956026916263, 2.1620237232740993, 1.0948278905837205, 1.096000716240642, 3.9110097852089303, 3.952107409977619, 5.003469047570896, 9.16157843714717, 8.626240509631064, 9.685493124771707, 9.728948047964897, 8.632481174031021, 8.253014038519504, 5.887141708843095, 7.198703640934249, 7.956248912018778, 7.996925676158307, 6.813903889841711], [2.4215935187392614, 1.4357366959160722, 0.0, 1.361315378595276, 2.2971478968494825, 2.345167132636819, 3.6902081919588223, 5.08138388630499, 6.783484121747467, 8.491789995048158, 6.731901188371678, 7.918853084885462, 7.038587131662149, 7.505378632021172, 4.208462172813248, 4.4511132697337645, 4.959925094192451, 5.85687039552695, 6.884472026960382, 2.657828181053094, 2.715043281422968, 3.3723423758568765, 2.044082231711826, 2.098770451955144, 2.542349555037623, 2.6004892847308563, 3.9930171862890846, 8.266513517801807, 7.875293849120806, 8.74159806957515, 8.548935953672832, 7.5765911846951335, 7.011258447668293, 5.470363430339889, 6.498690179566958, 7.434470036929331, 7.677787319924927, 6.570153107805023], [3.138997516724089, 2.371694132893194, 1.361315378595276, 0.0, 1.222002266773675, 1.5071899548497527, 2.4980571850940483, 4.110354953042377, 5.60450936568046, 7.386967588936613, 5.432730389960466, 6.5801383800038735, 5.850391119403899, 6.464256375639815, 3.01898975486834, 3.518313149792099, 3.6641200608058684, 4.676925719957502, 5.661762200057505, 3.5453947650438025, 2.9506012438145546, 4.099250636396852, 3.2293552127321017, 2.541025322581418, 2.119846810503061, 2.1092980064466946, 2.71100379380037, 6.9290563787575, 6.522332700039151, 7.42775798542198, 7.502300357890238, 6.569064957815533, 6.09426972655461, 4.446520929895641, 5.35312433724456, 6.136612105225489, 6.524751992987933, 5.377044959826913], [3.2810296478392265, 2.7147902276234905, 2.2971478968494825, 1.222002266773675, 0.0, 2.4238857687605657, 2.7844070858981813, 4.586842550164547, 5.690596985378599, 7.553144715944479, 5.208024563114118, 6.171146350557569, 5.827674990079664, 6.615626618091441, 2.9977032708391937, 3.7003571151984778, 3.1668513668942535, 4.0879881225365615, 4.830428955072209, 3.9608410041303097, 2.8204891526116525, 4.069653479106053, 3.719820179793641, 2.453141302493601, 3.132931540905419, 3.070254741874036, 2.6474921812915713, 6.515539509511089, 5.933088688870241, 7.080255507395196, 7.648119268159983, 6.647604783679608, 6.443307152386886, 3.851718948729255, 4.946303453084941, 5.355098379114991, 5.691346326661206, 4.381306213904708], [4.40606598793073, 3.684107726437977, 2.345167132636819, 1.5071899548497527, 2.4238857687605657, 0.0, 1.5273619806712486, 2.7387218113565313, 4.49707946449693, 6.158951667288842, 4.665192923127616, 5.96360661512813, 4.9062064377683905, 5.415036111606274, 2.49756866972662, 2.9628417608775535, 3.512212251558838, 4.684954611306282, 5.827176806138628, 4.544144654387667, 4.202842854545004, 5.442087788707566, 4.360420334096244, 3.9823526626857144, 1.0969092852191564, 1.0968251455906728, 2.1682279515770473, 6.307862764835646, 6.144048835255136, 6.71743952187141, 6.401875117494873, 5.691334091405986, 4.905627757993875, 4.698743638463371, 5.107684118071516, 6.11357552746345, 6.74037346813958, 5.7808446701152585], [5.506075674198457, 4.867425623468734, 3.6902081919588223, 2.4980571850940483, 2.7844070858981813, 1.5273619806712486, 0.0, 1.8318944019784544, 3.1103845566103234, 4.908438323947852, 3.1800195518266867, 4.4589369876686975, 3.530245126050031, 4.279498691435715, 1.5213031190397264, 2.433646967002404, 2.3706777005742476, 3.6921603012328705, 4.74480658720669, 5.772235215235082, 5.069205290772904, 6.496243984026462, 5.660727849844045, 4.920805512311983, 2.1786407643299066, 2.169909053393713, 1.0955199815612675, 4.783380789776202, 4.703368874540886, 5.241416811321153, 5.232706466065147, 4.644201147667917, 3.9854957884810265, 4.030369618285648, 4.038577624609932, 4.843355377215263, 5.7173170237446165, 4.834391996931982], [7.005745177352656, 6.409185575406599, 5.08138388630499, 4.110354953042377, 4.586842550164547, 2.7387218113565313, 1.8318944019784544, 0.0, 2.1076622001639636, 3.479952907727345, 2.9663764579028067, 4.332256749085862, 3.0214563524896403, 3.5445337196872595, 2.7412063585217368, 3.2609546730980488, 3.608906230424947, 4.795111463772245, 5.8364849875588645, 7.069762578757507, 6.604904945568861, 8.054354853121385, 7.092069233305608, 6.608706225124552, 2.9951404140707663, 2.877671433642138, 2.4103472799578074, 4.649831612004891, 4.94624596335443, 4.831683368144068, 4.277539290292959, 4.272873976611058, 3.037646842541114, 5.334018996966547, 4.769735067066095, 5.675892924465718, 6.768305191848252, 6.147519979634064], [8.540459185547343, 7.975236220326017, 6.783484121747467, 5.60450936568046, 5.690596985378599, 4.49707946449693, 3.1103845566103234, 2.1076622001639636, 0.0, 1.9504136868879896, 1.626063633441201, 2.627610947229441, 1.6245665821996955, 2.6216984838077773, 3.3301324793467297, 3.9346221686459297, 3.5380535906059984, 4.444199032446679, 5.130168997216368, 8.755826651436173, 7.978322343074388, 9.525514233362943, 8.758669105520541, 7.961103457436035, 4.823409973245069, 4.799141276311836, 3.2520592645276314, 2.7907177732619255, 3.5273225455010486, 3.0258795845175332, 3.0404941325383277, 3.5169836351623815, 2.763090735028439, 5.3199929069501595, 4.190817421458492, 4.624574127419735, 5.988625763896088, 5.6487980287845305], [10.234800645347226, 9.747993101146513, 8.491789995048158, 7.386967588936613, 7.553144715944479, 6.158951667288842, 4.908438323947852, 3.479952907727345, 1.9504136868879896, 0.0, 2.979223820057835, 3.4479713832919203, 2.9868368234639133, 3.4754492040598146, 5.252955847901256, 5.727660885562273, 5.457364970386349, 6.252634851804477, 6.792869930301919, 10.335375962198956, 9.657269803624624, 11.252315686115459, 10.505341213401875, 9.820595742112594, 6.424192305652127, 6.2487100556834925, 5.002477539179961, 3.604925050538499, 4.498495780813849, 3.199624529534676, 3.2587016402242166, 4.530346730659807, 3.6012063339942078, 7.176191763045355, 5.855684599600631, 6.115362125827055, 7.569079577465149, 7.366562412686123], [8.114630664423366, 7.742194249048522, 6.731901188371678, 5.432730389960466, 5.208024563114118, 4.665192923127616, 3.1800195518266867, 2.9663764579028067, 1.626063633441201, 2.979223820057835, 0.0, 1.4144923647726062, 2.481220695544836, 3.837908631012468, 3.4318639206705153, 4.392812387298141, 3.0831509645166575, 4.07914392734554, 4.355153131636131, 8.432025308904143, 7.389421078135959, 9.026511980272335, 8.658201630823806, 7.6315729505784065, 5.285292371288461, 4.970209457356903, 2.784756283770628, 2.0784033992466426, 2.0425290646646865, 2.062529224035383, 4.2969742691805815, 4.495369089407453, 4.18451157842824, 5.037395744826884, 4.146699863747074, 3.7124481356646584, 5.317233359558333, 4.666732528225718], [9.1643188568491, 8.818286163422005, 7.918853084885462, 6.5801383800038735, 6.171146350557569, 5.96360661512813, 4.4589369876686975, 4.332256749085862, 2.627610947229441, 3.4479713832919203, 1.4144923647726062, 0.0, 2.9778988481813817, 4.332898765260965, 4.414562825467545, 5.313269213958577, 3.718555652400539, 4.342189849603538, 4.17912574230544, 9.569033367064826, 8.376264447831145, 10.005430921254716, 9.766994465545682, 8.587301404399406, 6.574572311565217, 6.331904400731268, 3.998202322294358, 1.0928449203798314, 1.0930880431145518, 1.0927544143127497, 4.577668989780715, 4.8728267853474945, 4.958300372103327, 5.40347884422619, 4.342926710180589, 3.2656056237702678, 5.006080276024347, 4.558045592137051], [8.920614046129336, 8.14019680413195, 7.038587131662149, 5.850391119403899, 5.827674990079664, 4.9062064377683905, 3.530245126050031, 3.0214563524896403, 1.6245665821996955, 2.9868368234639133, 2.481220695544836, 2.9778988481813817, 0.0, 1.415538498240157, 2.9994205923811355, 3.2678260923739497, 3.0834373303182274, 3.493012473496194, 4.276867248348959, 9.28014148006376, 8.434036996006125, 9.839281052495656, 8.865542574484655, 7.948764654963688, 5.0227680366507075, 5.509416296668823, 3.8777874387335878, 2.5359352613976562, 3.7977861445847627, 3.6414680473677095, 2.060447138365845, 2.0442840971841463, 2.0796494055489254, 4.377914975190816, 2.9202501639414384, 3.870276705870008, 4.940679975468964, 5.041835940409009], [9.600321521699156, 8.662638420827687, 7.505378632021172, 6.464256375639815, 6.615626618091441, 5.415036111606274, 4.279498691435715, 3.5445337196872595, 2.6216984838077773, 3.4754492040598146, 3.837908631012468, 4.332898765260965, 1.415538498240157, 0.0, 3.636316769754802, 3.417323105882732, 4.042723093411173, 4.216930497411595, 5.19938297685408, 9.917263254043426, 9.247667103113088, 10.529527854087286, 9.253785114211373, 8.501109700503811, 5.243698712740845, 6.0435509901050715, 4.889662395298882, 3.7764755381175186, 5.188425121363899, 4.881927625436493, 1.092848978587618, 1.093037433027799, 1.092604946904415, 4.908723639603273, 3.402946537928564, 4.943218633643468, 5.686205393757774, 6.0609722033680375], [6.088083564636741, 5.194506226774592, 4.208462172813248, 3.01898975486834, 2.9977032708391937, 2.49756866972662, 1.5213031190397264, 2.7412063585217368, 3.3301324793467297, 5.252955847901256, 3.4318639206705153, 4.414562825467545, 2.9994205923811355, 3.636316769754802, 0.0, 1.2252963478277408, 1.3606652564095256, 2.3491041803206603, 3.6422629078637363, 6.5551432737965385, 5.721005780455042, 6.960882230005045, 5.925516805309052, 4.957153783170339, 2.704808669758362, 3.455105361635156, 2.1566942133737923, 4.407150131320693, 4.634755968764698, 5.367748758092167, 4.688687720460811, 3.6685999373057836, 3.5644131606759615, 2.641397826909078, 2.6248050460939, 3.9229669855862923, 4.487456434328918, 3.933072127485078], [6.557302979884336, 5.4391533679424775, 4.4511132697337645, 3.518313149792099, 3.7003571151984778, 2.9628417608775535, 2.433646967002404, 3.2609546730980488, 3.9346221686459297, 5.727660885562273, 4.392812387298141, 5.313269213958577, 3.2678260923739497, 3.417323105882732, 1.2252963478277408, 0.0, 2.2948063099094007, 2.6749897962422216, 4.166028414449427, 7.010745630815599, 6.374510811034836, 7.3984299483066, 5.9821253505756635, 5.185169436961535, 2.686769082001652, 3.978137551669122, 3.2934010794314137, 5.116426923156432, 5.637543107595718, 6.247991788566948, 4.509673597944755, 3.205868110200418, 3.213876475535424, 2.6824764714718374, 2.6213003395261674, 4.576461728235035, 4.794067144919854, 4.612101328028256], [6.4450056299432354, 5.707077059230933, 4.959925094192451, 3.6641200608058684, 3.1668513668942535, 3.512212251558838, 2.3706777005742476, 3.608906230424947, 3.5380535906059984, 5.457364970386349, 3.0831509645166575, 3.718555652400539, 3.0834373303182274, 4.042723093411173, 1.3606652564095256, 2.2948063099094007, 0.0, 1.431817449956523, 2.3873399318069475, 7.050317858082712, 5.912219082544218, 7.216578974832881, 6.553552907393058, 5.284349202125083, 3.9434444968834037, 4.391754954457273, 2.3895328978693726, 3.6793208150418195, 3.6957687549412497, 4.774648446744536, 4.992810747464798, 3.996859960018614, 4.310484102742985, 2.0738706854575093, 2.0788199224560073, 2.644975680417497, 3.347564934396344, 2.6388659420288865], [7.305060378942805, 6.430718738212705, 5.85687039552695, 4.676925719957502, 4.0879881225365615, 4.684954611306282, 3.6921603012328705, 4.795111463772245, 4.444199032446679, 6.252634851804477, 4.07914392734554, 4.342189849603538, 3.493012473496194, 4.216930497411595, 2.3491041803206603, 2.6749897962422216, 1.431817449956523, 0.0, 1.5158991061413023, 8.022973590259411, 6.848595234790854, 7.9574578107584095, 7.187850378242441, 5.817960149399443, 4.910417616659504, 5.660433046154684, 3.818282286578613, 3.970470608126951, 4.271705193479531, 5.425493406133676, 5.112845236265224, 3.818308370207938, 4.686468564921779, 1.0956304897181348, 1.0955625130498032, 2.1597987359937036, 2.16258670577621, 2.160164977495932], [7.969657943726317, 7.290640637831493, 6.884472026960382, 5.661762200057505, 4.830428955072209, 5.827176806138628, 4.74480658720669, 5.8364849875588645, 5.130168997216368, 6.792869930301919, 4.355153131636131, 4.17912574230544, 4.276867248348959, 5.19938297685408, 3.6422629078637363, 4.166028414449427, 2.3873399318069475, 1.5158991061413023, 0.0, 8.762523977142658, 7.374214845663231, 8.522942365756089, 8.132333355193945, 6.5893577972363895, 6.223742749343035, 6.715394839471466, 4.554829985850185, 3.8012633123739272, 3.8019863308539126, 5.230827628588042, 5.927364536621651, 4.850224927773969, 5.847192874362877, 2.1504350559828587, 2.14867317198312, 1.0947925648267804, 1.0935994696414222, 1.0950359674458185], [1.0949162205392704, 2.1602328254148904, 2.657828181053094, 3.5453947650438025, 3.9608410041303097, 4.544144654387667, 5.772235215235082, 7.069762578757507, 8.755826651436173, 10.335375962198956, 8.432025308904143, 9.569033367064826, 9.28014148006376, 9.917263254043426, 6.5551432737965385, 7.010745630815599, 7.050317858082712, 8.022973590259411, 8.762523977142658, 0.0, 1.7588851753312384, 1.7799472632637183, 2.5016060301334417, 3.079905974214148, 4.99288884114197, 4.269330443992359, 5.684198343654099, 10.119760844012076, 9.348207253265194, 10.282958193535555, 10.922497817807061, 10.084158785937477, 9.439729804395885, 7.665708453887351, 8.81596142289654, 9.261858880915861, 9.592092595987593, 8.19284969592388], [1.0945594593259886, 2.1660956026916263, 2.715043281422968, 2.9506012438145546, 2.8204891526116525, 4.202842854545004, 5.069205290772904, 6.604904945568861, 7.978322343074388, 9.657269803624624, 7.389421078135959, 8.376264447831145, 8.434036996006125, 9.247667103113088, 5.721005780455042, 6.374510811034836, 5.912219082544218, 6.848595234790854, 7.374214845663231, 1.7588851753312384, 0.0, 1.7772556090782219, 3.0667184073533713, 2.536770988875425, 4.902351939630609, 4.159977723498048, 4.743130800431293, 8.93290401045483, 8.012765016522073, 9.133454655824377, 10.252006424110354, 9.380000932835774, 8.949826603906915, 6.549175986335991, 7.754392522306309, 7.859041958788616, 8.209422437053657, 6.692554359883825], [1.0936511098151918, 2.1620237232740993, 3.3723423758568765, 4.099250636396852, 4.069653479106053, 5.442087788707566, 6.496243984026462, 8.054354853121385, 9.525514233362943, 11.252315686115459, 9.026511980272335, 10.005430921254716, 9.839281052495656, 10.529527854087286, 6.960882230005045, 7.3984299483066, 7.216578974832881, 7.9574578107584095, 8.522942365756089, 1.7799472632637183, 1.7772556090782219, 0.0, 2.4896521303186114, 2.5174865342241657, 5.887535487791135, 5.466548441201267, 6.3327516049502535, 10.481806574250452, 9.633738661080649, 10.813803727181291, 11.575959498028663, 10.546020967170508, 10.184850175628506, 7.450575431468364, 8.859963086266218, 9.154675940195808, 9.228849597322519, 7.822800190468884], [2.149011972977349, 1.0948278905837205, 2.044082231711826, 3.2293552127321017, 3.719820179793641, 4.360420334096244, 5.660727849844045, 7.092069233305608, 8.758669105520541, 10.505341213401875, 8.658201630823806, 9.766994465545682, 8.865542574484655, 9.253785114211373, 5.925516805309052, 5.9821253505756635, 6.553552907393058, 7.187850378242441, 8.132333355193945, 2.5016060301334417, 3.0667184073533713, 2.4896521303186114, 0.0, 1.7622283790700908, 4.349564163223714, 4.597229292737094, 5.928853750937022, 10.063114335532514, 9.625555953813782, 10.639978663512442, 10.324708566831319, 9.17553036123798, 8.76960354120983, 6.555514195698152, 7.885379344077239, 8.848404023325337, 8.773364677248974, 7.708765286996355], [2.1727773424812766, 1.096000716240642, 2.098770451955144, 2.541025322581418, 2.453141302493601, 3.9823526626857144, 4.920805512311983, 6.608706225124552, 7.961103457436035, 9.820595742112594, 7.6315729505784065, 8.587301404399406, 7.948764654963688, 8.501109700503811, 4.957153783170339, 5.185169436961535, 5.284349202125083, 5.817960149399443, 6.5893577972363895, 3.079905974214148, 2.536770988875425, 2.5174865342241657, 1.7622283790700908, 0.0, 4.216890955431501, 4.483689464046323, 5.020189831072128, 8.849872208681886, 8.323412058765323, 9.521313958692886, 9.58235697571323, 8.36103072413922, 8.20847722601458, 5.171838708815271, 6.644788464654086, 7.34642019898127, 7.2102584017495515, 6.071628594537054], [4.891838839332301, 3.9110097852089303, 2.542349555037623, 2.119846810503061, 3.132931540905419, 1.0969092852191564, 2.1786407643299066, 2.9951404140707663, 4.823409973245069, 6.424192305652127, 5.285292371288461, 6.574572311565217, 5.0227680366507075, 5.243698712740845, 2.704808669758362, 2.686769082001652, 3.9434444968834037, 4.910417616659504, 6.223742749343035, 4.99288884114197, 4.902351939630609, 5.887535487791135, 4.349564163223714, 4.216890955431501, 0.0, 1.7876212182674494, 3.083739452353263, 6.77838822582478, 6.860584228037725, 7.340858378282475, 6.245017570831966, 5.429232730322029, 4.596707828435477, 4.807484762326346, 5.170780058173041, 6.5823454854