{"total energy": -25.30911024, "HOMO-LUMO gap/eV": 12.74141482, "electronic energy": -25.67668118, "dipole": [0.01997913, -0.00197956, -0.00185749], "partial charges": [-0.09984754, -0.05167694, -0.0605715, -0.01836468, -0.05811904, -0.05510187, -0.05579945, -0.0581489, 0.03167963, 0.03084205, 0.03186147, 0.03043994, 0.02783667, 0.03003863, 0.0294984, 0.02940121, 0.03049723, 0.02453787, 0.02638305, 0.02639356, 0.02669303, 0.0256769, 0.03037365, 0.02547664], "atomic dipole moments": [[-0.09335337, 0.03655033, 0.0029861], [0.0225127, -0.10938936, -0.00873941], [-0.02331912, 0.10482337, 0.0140712], [0.0021826, -0.0432422, -0.08139457], [-0.01506768, 0.11084452, -0.00848054], [0.1076542, 0.0313653, -0.03875807], [0.07270923, -0.07971863, 0.05176985], [-0.07034684, -0.05502438, 0.0738159], [0.02211139, -0.07836372, 0.09585838], [0.08266861, 0.09288998, 0.00753766], [0.02162056, -0.06174751, -0.10755428], [-0.01109024, 0.08184317, -0.09288152], [-0.01165068, 0.06471453, 0.10449762], [0.01677969, -0.06470696, -0.10497506], [0.01899681, -0.08352759, 0.08804556], [-0.01546563, 0.06222534, 0.10943147], [0.01845629, -0.08100384, -0.09531655], [-0.00683376, -0.06615945, 0.10851702], [-0.08374983, -0.07197717, -0.06356777], [-0.05100637, 0.03780731, 0.10741198], [-0.04487143, -0.00658739, -0.11832144], [-0.04643184, 0.1021193, 0.05731081], [0.03636295, -0.0404985, -0.113847], [0.04170951, 0.11979218, 0.01502025]], "atomic quadrupole moments": [[0.19091525, -0.11255499, -0.06259464, -0.01003166, 0.00466067, -0.12832062], [0.22122673, 0.03200446, 0.01159309, 0.00414913, 0.02249475, -0.23281982], [0.21630108, 0.05259238, 0.0050681, -0.00653177, 0.02574717, -0.22136919], [0.14483418, 0.01973078, 0.01510504, 0.04722923, -0.14318123, -0.15993922], [0.20718266, 0.02488068, 0.03491293, 0.0576023, -0.04391051, -0.24209559], [0.06843775, -0.07145408, 0.0793013, 0.00839175, -0.1862908, -0.14773905], [0.14943756, 0.06999672, -0.00597583, -0.04668066, -0.16957532, -0.14346173], [0.15965946, -0.04185168, -0.10155428, 0.06500518, -0.17218615, -0.05810518], [-0.03192837, -0.01282286, -0.00011069, -6.528e-05, -0.06210184, 0.03203906], [0.01541987, 0.05364038, 0.03895055, 0.00432063, 0.00746375, -0.05437042], [-0.03212436, -0.01216673, -0.01931446, -0.00154336, 0.05355613, 0.05143882], [-0.01372122, -0.00498956, -0.01047436, 0.01312808, -0.0431939, 0.02419558], [-0.01630608, -0.00134885, -0.02302, -0.01172711, 0.03620692, 0.03932608], [-0.02077637, 0.00520805, -0.02481364, -0.00733624, 0.03402499, 0.04559002], [-0.01757105, -0.00278594, -0.00719449, 0.01287654, -0.04678083, 0.02476554], [-0.01997704, -0.0005834, 0.00068475, -0.00130498, 0.01650095, 0.01929229], [-0.00667328, -0.0098241, -0.01562607, -0.0114174, 0.04232967, 0.02229934], [-0.03437352, -0.0043272, -0.00526415, -0.00839876, -0.03340425, 0.03963767], [-0.00153795, 0.02645333, -0.0022522, 0.02859261, 0.02402539, 0.00379015], [-0.03686097, -0.02082956, 0.00364181, -0.0234927, 0.0108409, 0.03321916], [-0.00987373, 0.01167343, -0.03207193, 0.01657016, 0.0107822, 0.04194566], [-0.01920726, -0.00617383, 0.02540926, -0.028885, 0.0261606, -0.00620201], [-0.0038752, -0.02029198, -0.02482932, -0.00918465, 0.03506057, 0.02870452], [-0.01426738, 0.02100493, 0.04286495, -0.00103229, 0.01801562, -0.02859756]], "number of molecular orbitals": 48, "number of electrons": 48, "number of unpaired electrons": 0, "orbital energies/eV": [-17.25986845, -16.79904937, -16.3833808, -16.23215935, -15.72834678, -15.15970487, -14.9617986, -14.82236569, -14.19605751, -13.96200329, -13.7957465, -13.31131453, -13.15208714, -12.89996335, -12.73285167, -12.40038969, -12.02801901, -11.96656528, -11.84309674, -11.64386546, -11.4203175, -11.34422853, -11.30980077, -11.21601745, 1.52539737, 1.68196145, 2.07257911, 2.77575157, 3.21576442, 3.43733907, 3.58026508, 3.92899708, 4.18787902, 4.39323393, 4.58284034, 4.8027463, 4.91809354, 5.15483351, 5.61210036, 5.80602752, 6.01778521, 6.41071264, 7.07328169, 7.54611247, 8.03551687, 8.10937238, 8.72459995, 9.4637077], "fractional occupation": [2.0, 2.0, 2.0, 2.0, 2.0, 2.0, 2.0, 2.0, 2.0, 2.0, 2.0, 2.0, 2.0, 2.0, 2.0, 2.0, 2.0, 2.0, 2.0, 2.0, 2.0, 2.0, 2.0, 2.0, 0.0, 0.0, 0.0, 0.0, 0.0, 0.0, 0.0, 0.0, 0.0, 0.0, 0.0, 0.0, 0.0, 0.0, 0.0, 0.0, 0.0, 0.0, 0.0, 0.0, 0.0, 0.0, 0.0, 0.0], "program call": "xtb /home/svss/Project-DBcg-Debug/aqme2_20220329/End-to-End-workflows-final/example-3/QDESCP/mol_456_rdkit_conf_1/mol_456_rdkit_conf_1.xyz --pop --wbo --acc 0.2 --gfn 2 --chrg 0 --uhf 0 --etemp 300 --input /home/svss/Project-DBcg-Debug/aqme2_20220329/End-to-End-workflows-final/example-3/QDESCP/mol_456_rdkit_conf_1/mol_456_rdkit_conf_1_xtb.inp", "method": "GFN2-xTB", "xtb version": "6.3.3 (7355c4f)", "Dipole module/D": 0.051, "Total charge": 0, "Transition dipole module/D": NaN, "HOMO": -11.216, "LUMO": 1.5254, "HOMO occupancy": 2.0, "LUMO occupancy": 0, "mulliken charges": [-0.08343, -0.03847, -0.05226, -0.0111, -0.05045, -0.04588, -0.04671, -0.05221, 0.02641, 0.02785, 0.02657, 0.02219, 0.02188, 0.02314, 0.02427, 0.02102, 0.02361, 0.02377, 0.02379, 0.02249, 0.02335, 0.02277, 0.02374, 0.02364], "cm5 charges": [-0.23382, -0.15086, -0.16042, -0.08028, -0.15771, -0.15479, -0.15561, -0.15952, 0.07769, 0.07862, 0.07787, 0.07755, 0.07674, 0.07902, 0.07982, 0.08037, 0.07943, 0.07823, 0.07783, 0.0772, 0.07754, 0.07715, 0.07956, 0.0784], "FUKUI+": [0.01, -0.01, -0.023, -0.026, -0.003, 0.002, 0.007, 0.012, -0.041, -0.073, -0.04, -0.041, -0.048, -0.056, -0.056, -0.07, -0.064, -0.058, -0.076, -0.07, -0.067, -0.074, -0.065, -0.068], "FUKUI-": [0.02, 0.008, 0.015, 0.005, 0.012, 0.009, 0.009, 0.01, -0.069, -0.049, -0.061, -0.081, -0.077, -0.06, -0.07, -0.039, -0.057, -0.052, -0.081, -0.097, -0.091, -0.09, -0.062, -0.052], "FUKUIrad": [0.015, -0.001, -0.004, -0.011, 0.004, 0.005, 0.008, 0.011, -0.055, -0.061, -0.05, -0.061, -0.063, -0.058, -0.063, -0.055, -0.061, -0.055, -0.079, -0.083, -0.079, -0.082, -0.064, -0.06], "s proportion": [1.008, 1.027, 1.035, 1.057, 1.033, 1.029, 1.03, 1.033, 0.974, 0.972, 0.973, 0.978, 0.978, 0.977, 0.976, 0.979, 0.976, 0.976, 0.976, 0.978, 0.977, 0.977, 0.976, 0.976], "p proportion": [3.076, 3.012, 3.018, 2.954, 3.018, 3.017, 3.017, 3.019, 0.0, 0.0, 0.0, 0.0, 0.0, 0.0, 0.0, 0.0, 0.0, 0.0, 0.0, 0.0, 0.0, 0.0, 0.0, 0.0], "d proportion": [0.0, 0.0, 0.0, 0.0, 0.0, 0.0, 0.0, 0.0, 0.0, 0.0, 0.0, 0.0, 0.0, 0.0, 0.0, 0.0, 0.0, 0.0, 0.0, 0.0, 0.0, 0.0, 0.0, 0.0], "Fermi-level/eV": -4.8453, "Coordination numbers": [3.75, 3.8, 3.803, 3.88, 3.833, 3.824, 3.821, 3.829, 0.924, 0.924, 0.924, 0.924, 0.924, 0.924, 0.924, 0.923, 0.924, 0.924, 0.924, 0.924, 0.924, 0.924, 0.924, 0.924], "Dispersion coefficient C6": [22.47, 21.503, 21.663, 20.853, 21.594, 21.545, 21.56, 21.597, 2.563, 2.575, 2.56, 2.58, 2.618, 2.586, 2.594, 2.595, 2.58, 2.666, 2.639, 2.638, 2.634, 2.649, 2.581, 2.652], "Total dispersion C6": 3957.974415, "Total dispersion C8": 83726.399388, "Polarizability alpha": [6.76, 6.602, 6.626, 6.493, 6.612, 6.605, 6.608, 6.612, 2.504, 2.509, 2.502, 2.512, 2.53, 2.515, 2.519, 2.519, 2.512, 2.553, 2.54, 2.54, 2.538, 2.545, 2.513, 2.547], "Total polarizability alpha": 93.316432, "Wiberg matrix": [[0.0, 1.019950913516539, 0.0, 0.0, 0.0, 0.0, 0.0, 0.0, 0.987669669973934, 0.987434619958163, 0.9877789465234234, 0.0, 0.0, 0.0, 0.0, 0.0, 0.0, 0.0, 0.0, 0.0, 0.0, 0.0, 0.0, 0.0], [1.019950913516539, 0.0, 1.0071956633882801, 0.0, 0.0, 0.0, 0.0, 0.0, 0.0, 0.0, 0.0, 0.9774744431745157, 0.9781464973050165, 0.0, 0.0, 0.0, 0.0, 0.0, 0.0, 0.0, 0.0, 0.0, 0.0, 0.0], [0.0, 1.0071956633882801, 0.0, 0.9989965292640466, 0.0, 0.0, 0.0, 0.0, 0.0, 0.0, 0.0, 0.0, 0.0, 0.9756785030630055, 0.9758228914018493, 0.0, 0.0, 0.0, 0.0, 0.0, 0.0, 0.0, 0.0, 0.0], [0.0, 0.0, 0.9989965292640466, 0.0, 0.9948692628286641, 0.0, 0.0, 0.996051260446283, 0.0, 0.0, 0.0, 0.0, 0.0, 0.0, 0.0, 0.968423170170969, 0.0, 0.0, 0.0, 0.0, 0.0, 0.0, 0.0, 0.0], [0.0, 0.0, 0.0, 0.9948692628286641, 0.0, 1.0071433261634417, 0.0, 0.0, 0.0, 0.0, 0.0, 0.0, 0.0, 0.0, 0.0, 0.0, 0.9783635734382008, 0.9800523501411207, 0.0, 0.0, 0.0, 0.0, 0.0, 0.0], [0.0, 0.0, 0.0, 0.0, 1.0071433261634417, 0.0, 1.0022469689140587, 0.0, 0.0, 0.0, 0.0, 0.0, 0.0, 0.0, 0.0, 0.0, 0.0, 0.0, 0.982026803379675, 0.9829121749260807, 0.0, 0.0, 0.0, 0.0], [0.0, 0.0, 0.0, 0.0, 0.0, 1.0022469689140587, 0.0, 1.0039523623316546, 0.0, 0.0, 0.0, 0.0, 0.0, 0.0, 0.0, 0.0, 0.0, 0.0, 0.0, 0.0, 0.9834401469934457, 0.9839043067250114, 0.0, 0.0], [0.0, 0.0, 0.0, 0.996051260446283, 0.0, 0.0, 1.0039523623316546, 0.0, 0.0, 0.0, 0.0, 0.0, 0.0, 0.0, 0.0, 0.0, 0.0, 0.0, 0.0, 0.0, 0.0, 0.0, 0.9794537968692778, 0.9805544953292862], [0.987669669973934, 0.0, 0.0, 0.0, 0.0, 0.0, 0.0, 0.0, 0.0, 0.0, 0.0, 0.0, 0.0, 0.0, 0.0, 0.0, 0.0, 0.0, 0.0, 0.0, 0.0, 0.0, 0.0, 0.0], [0.987434619958163, 0.0, 0.0, 0.0, 0.0, 0.0, 0.0, 0.0, 0.0, 0.0, 0.0, 0.0, 0.0, 0.0, 0.0, 0.0, 0.0, 0.0, 0.0, 0.0, 0.0, 0.0, 0.0, 0.0], [0.9877789465234234, 0.0, 0.0, 0.0, 0.0, 0.0, 0.0, 0.0, 0.0, 0.0, 0.0, 0.0, 0.0, 0.0, 0.0, 0.0, 0.0, 0.0, 0.0, 0.0, 0.0, 0.0, 0.0, 0.0], [0.0, 0.9774744431745157, 0.0, 0.0, 0.0, 0.0, 0.0, 0.0, 0.0, 0.0, 0.0, 0.0, 0.0, 0.0, 0.0, 0.0, 0.0, 0.0, 0.0, 0.0, 0.0, 0.0, 0.0, 0.0], [0.0, 0.9781464973050165, 0.0, 0.0, 0.0, 0.0, 0.0, 0.0, 0.0, 0.0, 0.0, 0.0, 0.0, 0.0, 0.0, 0.0, 0.0, 0.0, 0.0, 0.0, 0.0, 0.0, 0.0, 0.0], [0.0, 0.0, 0.9756785030630055, 0.0, 0.0, 0.0, 0.0, 0.0, 0.0, 0.0, 0.0, 0.0, 0.0, 0.0, 0.0, 0.0, 0.0, 0.0, 0.0, 0.0, 0.0, 0.0, 0.0, 0.0], [0.0, 0.0, 0.9758228914018493, 0.0, 0.0, 0.0, 0.0, 0.0, 0.0, 0.0, 0.0, 0.0, 0.0, 0.0, 0.0, 0.0, 0.0, 0.0, 0.0, 0.0, 0.0, 0.0, 0.0, 0.0], [0.0, 0.0, 0.0, 0.968423170170969, 0.0, 0.0, 0.0, 0.0, 0.0, 0.0, 0.0, 0.0, 0.0, 0.0, 0.0, 0.0, 0.0, 0.0, 0.0, 0.0, 0.0, 0.0, 0.0, 0.0], [0.0, 0.0, 0.0, 0.0, 0.9783635734382008, 0.0, 0.0, 0.0, 0.0, 0.0, 0.0, 0.0, 0.0, 0.0, 0.0, 0.0, 0.0, 0.0, 0.0, 0.0, 0.0, 0.0, 0.0, 0.0], [0.0, 0.0, 0.0, 0.0, 0.9800523501411207, 0.0, 0.0, 0.0, 0.0, 0.0, 0.0, 0.0, 0.0, 0.0, 0.0, 0.0, 0.0, 0.0, 0.0, 0.0, 0.0, 0.0, 0.0, 0.0], [0.0, 0.0, 0.0, 0.0, 0.0, 0.982026803379675, 0.0, 0.0, 0.0, 0.0, 0.0, 0.0, 0.0, 0.0, 0.0, 0.0, 0.0, 0.0, 0.0, 0.0, 0.0, 0.0, 0.0, 0.0], [0.0, 0.0, 0.0, 0.0, 0.0, 0.9829121749260807, 0.0, 0.0, 0.0, 0.0, 0.0, 0.0, 0.0, 0.0, 0.0, 0.0, 0.0, 0.0, 0.0, 0.0, 0.0, 0.0, 0.0, 0.0], [0.0, 0.0, 0.0, 0.0, 0.0, 0.0, 0.9834401469934457, 0.0, 0.0, 0.0, 0.0, 0.0, 0.0, 0.0, 0.0, 0.0, 0.0, 0.0, 0.0, 0.0, 0.0, 0.0, 0.0, 0.0], [0.0, 0.0, 0.0, 0.0, 0.0, 0.0, 0.9839043067250114, 0.0, 0.0, 0.0, 0.0, 0.0, 0.0, 0.0, 0.0, 0.0, 0.0, 0.0, 0.0, 0.0, 0.0, 0.0, 0.0, 0.0], [0.0, 0.0, 0.0, 0.0, 0.0, 0.0, 0.0, 0.9794537968692778, 0.0, 0.0, 0.0, 0.0, 0.0, 0.0, 0.0, 0.0, 0.0, 0.0, 0.0, 0.0, 0.0, 0.0, 0.0, 0.0], [0.0, 0.0, 0.0, 0.0, 0.0, 0.0, 0.0, 0.9805544953292862, 0.0, 0.0, 0.0, 0.0, 0.0, 0.0, 0.0, 0.0, 0.0, 0.0, 0.0, 0.0, 0.0, 0.0, 0.0, 0.0]], "Born radii": [], "Atomic SASAs": [], "Solvent H bonds": [], "Total SASA": NaN, "Total FOD": 0.0, "FOD": [0.0, 0.0, 0.0, 0.0, 0.0, 0.0, 0.0, 0.0, 0.0, 0.0, 0.0, 0.0, 0.0, 0.0, 0.0, 0.0, 0.0, 0.0, 0.0, 0.0, 0.0, 0.0, 0.0, 0.0], "FOD s proportion": [0.0, 0.0, 0.0, 0.0, 0.0, 0.0, 0.0, 0.0, 0.0, 0.0, 0.0, 0.0, 0.0, 0.0, 0.0, 0.0, 0.0, 0.0, 0.0, 0.0, 0.0, 0.0, 0.0, 0.0], "FOD p proportion": [0.0, 0.0, 0.0, 0.0, 0.0, 0.0, 0.0, 0.0, 0.0, 0.0, 0.0, 0.0, 0.0, 0.0, 0.0, 0.0, 0.0, 0.0, 0.0, 0.0, 0.0, 0.0, 0.0, 0.0], "FOD d proportion": [0.0, 0.0, 0.0, 0.0, 0.0, 0.0, 0.0, 0.0, 0.0, 0.0, 0.0, 0.0, 0.0, 0.0, 0.0, 0.0, 0.0, 0.0, 0.0, 0.0, 0.0, 0.0, 0.0, 0.0], "coordinates": [["3.47730", "-0.03580", "0.40510"], ["2.06600", "0.52880", "0.45530"], ["1.01720", "-0.58100", "0.36460"], ["-0.41210", "-0.04840", "0.48030"], ["-1.45780", "-1.15970", "0.41500"], ["-2.75780", "-0.41130", "0.15410"], ["-2.36700", "0.82870", "-0.64910"], ["-0.84000", "0.86610", "-0.66700"], ["3.65500", "-0.72330", "1.23830"], ["4.21160", "0.77320", "0.47020"], ["3.65010", "-0.57720", "-0.53050"], ["1.93970", "1.23810", "-0.37010"], ["1.93620", "1.08850", "1.38870"], ["1.14090", "-1.12290", "-0.58160"], ["1.19050", "-1.30820", "1.16800"], ["-0.52420", "0.49050", "1.43110"], ["-1.24930", "-1.84600", "-0.41500"], ["-1.50130", "-1.74680", "1.33740"], ["-3.48640", "-1.03260", "-0.37570"], ["-3.21290", "-0.10630", "1.10390"], ["-2.76600", "0.78900", "-1.66810"], ["-2.77350", "1.72840", "-0.17380"], ["-0.47490", "0.48210", "-1.62750"], ["-0.46110", "1.88620", "-0.55060"]], "bond_dist": [[0.0, 1.5208750408892904, 2.520114144240296, 3.890147318547204, 5.061468287957557, 6.251437695442545, 6.001211576006965, 4.538931736653461, 1.094740051336389, 1.09449326174262, 1.0946785646937645, 2.141954717075037, 2.1462778617877043, 2.7593709899178114, 2.7258892879205496, 4.164333072654012, 5.127390721409868, 5.346322310710419, 7.0778793836854845, 6.726965714941619, 6.6300262571124104, 6.520738262650941, 4.474323190159602, 4.485358519672647], [1.5208750408892904, 0.0, 1.5296613906351952, 2.5445558453293966, 3.907662060618855, 4.9237745571867935, 4.5783324879261444, 3.13339505648426, 2.169277393511489, 2.1595260429084897, 2.1689652947891997, 1.0956018163548287, 1.0960600759082506, 2.1584912578002253, 2.1561564275348855, 2.768174230426979, 4.169929402280091, 4.3222777629393505, 5.827321573416041, 5.35638116455504, 5.284387911575001, 5.025491739123645, 3.2857890285287636, 3.0398361765068853], [2.520114144240296, 1.5296613906351952, 0.0, 1.5296887722670909, 2.5422546784301527, 3.784670836413651, 3.8036366046193217, 2.5705036101900345, 2.7823712584771996, 3.4711958112443035, 2.78089569383679, 2.167928769586307, 2.163462978652512, 1.0973840439882474, 1.097407987031259, 2.1590387814951355, 2.7101703654936533, 2.940794404578464, 4.586327464322626, 4.320376209313259, 4.50792319477606, 4.471309585568863, 2.706474908437172, 3.0182839114304674], [3.890147318547204, 2.5445558453293966, 1.5296887722670909, 0.0, 1.527331093771092, 2.395915553603674, 2.4220823231261153, 1.5283016554332458, 4.191820179826419, 4.696139931901518, 4.219338208771608, 2.812334555133866, 2.762651816642843, 2.1665619908047864, 2.151360985515913, 1.0986356356863727, 2.1757370452331783, 2.1921541027035483, 3.339566757829524, 2.869966900505997, 3.2951034171934572, 3.0267267815248866, 2.174441291458567, 2.1926771239742524], [5.061468287957557, 3.907662060618855, 2.5422546784301527, 1.527331093771092, 0.0, 1.5225542256353304, 2.431601943164218, 2.378290663480812, 5.197017576456712, 5.990095642809052, 5.227228607015385, 4.231882926074396, 4.185896669771005, 2.7834883671393347, 2.757272953481392, 2.1510993026822356, 1.096986754705817, 1.0942579312026939, 2.1809582435250796, 2.159771001749954, 3.138172165449181, 3.2278279910800696, 2.7988222344407654, 3.3471332599703882], [6.251437695442545, 4.9237745571867935, 3.784670836413651, 2.395915553603674, 1.5225542256353304, 0.0, 1.5282195130281515, 2.446203754800487, 6.51128539383738, 7.076404158893131, 6.44650156131215, 5.006177408961852, 5.080085944154882, 4.0308176267353, 4.173906528661129, 2.726342091521165, 2.1581962723533743, 2.182327058440141, 1.094330704129241, 1.0964766527382148, 2.1820174541006767, 2.1647357783341596, 3.0304941065773416, 3.3241448870348598], [6.001211576006965, 4.5783324879261444, 3.8036366046193217, 2.4220823231261153, 2.431601943164218, 1.5282195130281515, 0.0, 1.527562820312147, 6.498881962307055, 6.673371763958606, 6.180300411792294, 4.335102565107312, 4.7684017364311915, 4.014805253060228, 4.5303421802331885, 2.799557665060679, 2.9082771858954573, 3.3658310994463165, 2.189118911799905, 2.159347311110466, 1.0950516380518318, 1.0957246141252828, 2.158110407277626, 2.1818485992387284], [4.538931736653461, 3.13339505648426, 2.5705036101900345, 1.5283016554332458, 2.378290663480812, 2.446203754800487, 1.527562820312147, 0.0, 5.1343339830984895, 5.178852846915038, 4.718341355815622, 2.820153488730711, 3.4615965521706884, 2.808447786589596, 3.495387781062353, 2.1547223974331358, 2.7543632476490822, 3.3588961668976904, 3.270068858602216, 3.1164567989946534, 2.1720086602037294, 2.1737593657072534, 1.0969568177462594, 1.0944031158581378], [1.094740051336389, 2.169277393511489, 2.7823712584771996, 4.191820179826419, 5.197017576456712, 6.51128539383738, 6.498881962307055, 5.1343339830984895, 0.0, 1.7718051303684614, 1.7748303186502083, 3.062073580108747, 2.5019018445974255, 3.129283461113742, 2.5339317966354185, 4.356167457754579, 5.295848814873778, 5.257832514449277, 7.328045882088894, 6.896869055593269, 7.208568044348336, 7.023565444274012, 5.169320343139899, 5.1915250813224425], [1.09449326174262, 2.1595260429084897, 3.4711958112443035, 4.696139931901518, 5.990095642809052, 7.076404158893131, 6.673371763958606, 5.178852846915038, 1.7718051303684614, 0.0, 1.7720786946408447, 2.4665290815232646, 2.4739647329741787, 3.7590792675866784, 3.7344606049602396, 4.840562956929699, 6.120883636371468, 6.303940216245709, 7.952085540913151, 7.503219055178917, 7.297909172495914, 7.079460788082662, 5.142797560666762, 4.910695157510798], [1.0946785646937645, 2.1689652947891997, 2.78089569383679, 4.219338208771608, 5.227228607015385, 6.44650156131215, 6.180300411792294, 4.718341355815622, 1.7748303186502083, 1.7720786946408447, 0.0, 2.499301984554888, 3.065181616152622, 2.5683621901904723, 3.0771570336919756, 4.734198806556396, 5.062342743236574, 5.603029228015861, 7.1526907139900855, 7.070627919074797, 6.657850659935232, 6.834154169317517, 4.39785748859601, 4.7927767536158], [2.141954717075037, 1.0956018163548287, 2.167928769586307, 2.812334555133866, 4.231882926074396, 5.006177408961852, 4.335102565107312, 2.820153488730711, 3.062073580108747, 2.4665290815232646, 2.499301984554888, 0.0, 1.7651543416936661, 2.5014265310018597, 3.0676857629164043, 3.142296995829643, 4.436598902312446, 4.864736915805417, 5.8820635035674345, 5.525339276460767, 4.902051335920504, 4.742697757605896, 2.825399780562036, 2.4932818733548756], [2.1462778617877043, 1.0960600759082506, 2.163462978652512, 2.762651816642843, 4.185896669771005, 5.080085944154882, 4.7684017364311915, 3.4615965521706884, 2.5019018445974255, 2.4739647329741787, 3.065181616152622, 1.7651543416936661, 0.0, 3.0667367249243944, 2.519711862495393, 2.53238423624852, 4.691698433403409, 4.456227555904209, 6.0841403114984125, 5.293570523758043, 5.616441162337588, 5.0032142018906205, 3.9087832646489877, 3.185005034532913], [2.7593709899178114, 2.1584912578002253, 1.0973840439882474, 2.1665619908047864, 2.7834883671393347, 4.0308176267353, 4.014805253060228, 2.808447786589596, 3.129283461113742, 3.7590792675866784, 2.5683621901904723, 2.5014265310018597, 3.0667367249243944, 0.0, 1.7600842053720045, 3.0702734177919724, 2.502735545358319, 3.324610210235179, 4.632758809823796, 4.778070766533287, 4.48327017588724, 4.859911510511276, 2.5061407482422053, 3.4091124666106283], [2.7258892879205496, 2.1561564275348855, 1.097407987031259, 2.151360985515913, 2.757272953481392, 4.173906528661129, 4.5303421802331885, 3.495387781062353, 2.5339317966354185, 3.7344606049602396, 3.0771570336919756, 3.0676857629164043, 2.519711862495393, 1.7600842053720045, 0.0, 2.498947656514638, 2.9576581749756006, 2.7325544020202046, 4.932784067846473, 4.564931979778012, 5.300528586848674, 5.170557300717206, 3.7139670838605983, 3.985669313929594], [4.164333072654012, 2.768174230426979, 2.1590387814951355, 1.0986356356863727, 2.1510993026822356, 2.726342091521165, 2.799557665060679, 2.1547223974331358, 4.356167457754579, 4.840562956929699, 4.734198806556396, 3.142296995829643, 2.53238423624852, 3.0702734177919724, 2.498947656514638, 0.0, 3.0648144266823074, 2.4431568492423894, 3.7893256246989386, 2.773506403453938, 3.8366404744255096, 3.0277798648514724, 3.0590088280356436, 2.424684513498612], [5.127390721409868, 4.169929402280091, 2.7101703654936533, 2.1757370452331783, 1.096986754705817, 2.1581962723533743, 2.9082771858954573, 2.7543632476490822, 5.295848814873778, 6.120883636371468, 5.062342743236574, 4.436598902312446, 4.691698433403409, 2.502735545358319, 2.9576581749756006, 3.0648144266823074, 0.0, 1.7732034288259202, 2.380710074746608, 3.03139213233788, 3.2884439329263317, 3.893288897577471, 2.736768389908068, 3.8169311547367477], [5.346322310710419, 4.3222777629393505, 2.940794404578464, 2.1921541027035483, 1.0942579312026939, 2.182327058440141, 3.3658310994463165, 3.3588961668976904, 5.257832514449277, 6.303940216245709, 5.603029228015861, 4.864736915805417, 4.456227555904209, 3.324610210235179, 2.7325544020202046, 2.4431568492423894, 1.7732034288259202, 0.0, 2.7176120510477575, 2.382296593625571, 4.130711558557436, 3.997403322158023, 3.8486522550108373, 4.224363743808054], [7.0778793836854845, 5.827321573416041, 4.586327464322626, 3.339566757829524, 2.1809582435250796, 1.094330704129241, 2.189118911799905, 3.270068858602216, 7.328045882088894, 7.952085540913151, 7.1526907139900855, 5.8820635035674345, 6.0841403114984125, 4.632758809823796, 4.932784067846473, 3.7893256246989386, 2.380710074746608, 2.7176120510477575, 0.0, 1.766932398254104, 2.3468064428069053, 2.8586904379453193, 3.595893710887462, 4.2074248109740475], [6.726965714941619, 5.35638116455504, 4.320376209313259, 2.869966900505997, 2.159771001749954, 1.0964766527382148, 2.159347311110466, 3.1164567989946534, 6.896869055593269, 7.503219055178917, 7.070627919074797, 5.525339276460767, 5.293570523758043, 4.778070766533287, 4.564931979778012, 2.773506403453938, 3.03139213233788, 2.382296593625571, 1.766932398254104, 0.0, 2.947077484559916, 2.278533243119354, 3.9119566101888195, 3.7788661976841675], [6.6300262571124104, 5.284387911575001, 4.50792319477606, 3.2951034171934572, 3.138172165449181, 2.1820174541006767, 1.0950516380518318, 2.1720086602037294, 7.208568044348336, 7.297909172495914, 6.657850659935232, 4.902051335920504, 5.616441162337588, 4.48327017588724, 5.300528586848674, 3.8366404744255096, 3.2884439329263317, 4.130711558557436, 2.3468064428069053, 2.947077484559916, 0.0, 1.765066882585473, 2.311920236513362, 2.786614092406769], [6.520738262650941, 5.025491739123645, 4.471309585568863, 3.0267267815248866, 3.2278279910800696, 2.1647357783341596, 1.0957246141252828, 2.1737593657072534, 7.023565444274012, 7.079460788082662, 6.834154169317517, 4.742697757605896, 5.0032142018906205, 4.859911510511276, 5.170557300717206, 3.0277798648514724, 3.893288897577471, 3.997403322158023, 2.8586904379453193, 2.278533243119354, 1.765066882585473, 0.0, 2.9916666492107704, 2.348206302691482], [4.474323190159602, 3.2857890285287636, 2.706474908437172, 2.174441291458567, 2.7988222344407654, 3.0304941065773416, 2.158110407277626, 1.0969568177462594, 5.169320343139899, 5.142797560666762, 4.39785748859601, 2.825399780562036, 3.9087832646489877, 2.5061407482422053, 3.7139670838605983, 3.0590088280356436, 2.736768389908068, 3.8486522550108373, 3.595893710887462, 3.9119566101888195, 2.311920236513362, 2.9916666492107704, 0.0, 1.7695764634510711], [4.485358519672647, 3.0398361765068853, 3.0182839114304674, 2.1926771239742524, 3.3471332599703882, 3.3241448870348598, 2.1818485992387284, 1.0944031158581378, 5.1915250813224425, 4.910695157510798, 4.7927767536158, 2.4932818733548756, 3.185005034532913, 3.4091124666106283, 3.985669313929594, 2.424684513498612, 3.8169311547367477, 4.224363743808054, 4.2074248109740475, 3.7788661976841675, 2.786614092406769, 2.348206302691482, 1.7695764634510711, 0.0]]}