{"total energy": -36.70498568, "HOMO-LUMO gap/eV": 11.7423765, "electronic energy": -37.18627277, "dipole": [0.20225043, -0.04077408, -0.65764643], "partial charges": [-0.09999342, -0.05176139, -0.0584421, -0.0586819, -0.05759101, -0.05772954, -0.05874963, -0.06059439, -0.06283051, 0.08634532, -0.44690417, 0.0310779, 0.03221422, 0.03197739, 0.02850354, 0.02832592, 0.02957808, 0.02899627, 0.03130884, 0.02930213, 0.02971534, 0.02847291, 0.02951419, 0.02818217, 0.03317862, 0.03472786, 0.02988949, 0.02956114, 0.04755747, 0.04740078, 0.01685202, 0.01682588, 0.2837706], "atomic dipole moments": [[0.09731367, -0.02273586, -0.01230695], [-0.04532566, 0.09355562, -0.03759689], [0.04598147, -0.09198818, 0.03667424], [-0.04569459, 0.09370825, -0.03753888], [0.0472252, -0.09550427, 0.0298567], [-0.03499355, 0.01326798, 0.10451184], [0.04716648, -0.00846636, -0.10612914], [-0.02771097, 0.00496233, 0.10650487], [0.05813942, -0.01038077, -0.11981121], [0.03707076, -0.00492583, 0.19007467], [0.00223839, -0.00191514, -0.24251485], [-0.05807688, -0.09122954, 0.06174779], [-0.01439022, 0.10617413, 0.06617306], [-0.05810819, 0.01417739, -0.11077548], [0.04887214, -0.01930522, 0.11171507], [0.00663465, -0.10807087, -0.05918236], [-0.0100456, 0.10818974, 0.06026601], [-0.05240608, 0.01900791, -0.11072843], [0.04988036, -0.01901157, 0.11228626], [0.00955217, -0.10813257, -0.06041092], [-0.00578711, 0.10762982, 0.06193546], [-0.05402516, 0.02425754, -0.10611274], [0.00526363, -0.10351156, -0.06841798], [0.04336601, 0.08620644, -0.07374832], [-0.00923048, 0.10263669, 0.07002327], [-0.03940998, -0.09404514, 0.0715868], [0.0093939, -0.10191251, -0.06970852], [0.04171062, 0.09245403, -0.07069953], [-0.00979684, 0.10073769, 0.0753384], [-0.04157436, -0.09123371, 0.07653051], [0.01887091, -0.10236632, -0.05472082], [0.05075832, 0.09014886, -0.0559422], [0.07038359, -0.01187936, -0.03319888]], "atomic quadrupole moments": [[0.21217469, -0.07376356, -0.09467743, -0.04587095, 0.00040781, -0.11749726], [0.17970331, 0.02758427, -0.03164676, -0.11694255, -0.11297552, -0.14805655], [0.1744264, 0.03303109, -0.02577204, -0.12007263, -0.12323418, -0.14865437], [0.17167526, 0.0279222, -0.0194786, -0.11282083, -0.12154517, -0.15219666], [0.15978104, 0.02576635, -0.03231168, -0.13368177, -0.10388787, -0.12746936], [0.1796943, -0.08846696, -0.20193173, 0.07405677, -0.01112277, 0.02223743], [0.19814888, -0.06937981, -0.23511183, 0.06029677, -0.00743085, 0.03696294], [0.18805975, -0.07037943, -0.22908983, 0.08150966, -0.01356262, 0.04103008], [0.22733424, -0.07935932, -0.24209678, 0.06847286, -0.00994794, 0.01476253], [0.13509194, -0.08158586, -0.35393798, 0.25740635, -0.03894677, 0.21884605], [0.00146023, -0.02090869, -0.12521832, 0.10116633, -0.01516225, 0.12375809], [-0.00906266, 0.03286036, 0.02986579, -0.02842796, -0.05224931, -0.02080313], [-0.02810425, -0.00233055, 0.04468698, 0.00286506, 0.05908638, -0.01658273], [-0.01644416, -0.01231716, -0.04883871, 0.03657517, -0.00963341, 0.06528287], [-0.00479262, 0.00451407, -0.03820585, 0.0292626, -0.00436185, 0.04299848], [-0.0214738, 0.00192932, 0.02444629, -0.00998613, 0.04396197, -0.00297249], [-0.02413292, 0.00290997, 0.02582619, -0.00634534, 0.04326038, -0.00169327], [-0.00922655, 0.00340422, -0.03589714, 0.0287101, -0.00370616, 0.04512369], [-0.00575607, 0.0038585, -0.035747, 0.03032079, -0.00362597, 0.04150307], [-0.02389194, 0.00217591, 0.02559043, -0.00712643, 0.04411665, -0.00169849], [-0.02617034, 0.01029974, 0.02151315, -0.00868917, 0.04495677, 0.00465719], [0.00359563, 0.00569997, -0.04367363, 0.03139447, -0.01092136, 0.04007801], [-0.02372487, -0.00395083, 0.04409525, 0.01164398, 0.03430918, -0.02037038], [-0.00077638, 0.02638223, 0.01712293, -0.00865996, -0.0429337, -0.01634655], [-0.02255928, -0.00518254, 0.03857353, 0.00413175, 0.03758188, -0.01601425], [-0.01040135, 0.02394724, 0.02542291, -0.00888457, -0.03604132, -0.01502157], [-0.02286591, -0.00468346, 0.03842489, 0.00401659, 0.03717411, -0.01555898], [-0.01319639, 0.0222696, 0.02802195, -0.00858827, -0.03715625, -0.01482555], [-0.02587842, -0.00266811, 0.04370743, 0.00158138, 0.03533446, -0.01782901], [-0.01701699, 0.0231716, 0.03398091, -0.01019616, -0.03469963, -0.01696393], [-0.01938522, -0.00527697, 0.02224611, 0.0178818, 0.03362328, -0.00286089], [-0.01179638, 0.01687118, 0.013753, 0.00590908, -0.03781979, -0.00195661], [0.1219305, -0.03585179, -0.08695487, -0.03734039, 0.0065617, -0.03497563]], "number of molecular orbitals": 66, "number of electrons": 68, "number of unpaired electrons": 0, "orbital energies/eV": [-18.59722066, -17.13446997, -16.94978129, -16.81729852, -16.60101021, -16.26842281, -15.82368081, -15.5578223, -15.3952225, -15.06325526, -14.96741734, -14.8852314, -14.51754708, -14.12344683, -13.9231226, -13.8833762, -13.52675484, -13.43618647, -13.28188541, -12.96359848, -12.89617457, -12.72700333, -12.40373014, -12.28193057, -12.25599476, -11.91591858, -11.8647004, -11.81934056, -11.62637066, -11.50087281, -11.43550349, -11.30495824, -11.25815502, -11.06659599, 0.67578051, 1.62853646, 2.18548387, 2.72580492, 2.79892023, 3.00324673, 3.17374183, 3.42903759, 3.58244038, 3.75053063, 3.83145738, 3.96606902, 4.1981198, 4.37838231, 4.47246694, 4.66331902, 4.7434961, 5.1061207, 5.14506049, 5.50340417, 5.73092321, 6.1749251, 6.40361073, 6.44389096, 6.75849331, 7.00591919, 7.14729032, 7.44340876, 7.66260264, 7.74942261, 8.39557955, 8.54051646], "fractional occupation": [2.0, 2.0, 2.0, 2.0, 2.0, 2.0, 2.0, 2.0, 2.0, 2.0, 2.0, 2.0, 2.0, 2.0, 2.0, 2.0, 2.0, 2.0, 2.0, 2.0, 2.0, 2.0, 2.0, 2.0, 2.0, 2.0, 2.0, 2.0, 2.0, 2.0, 2.0, 2.0, 2.0, 2.0, 0.0, 0.0, 0.0, 0.0, 0.0, 0.0, 0.0, 0.0, 0.0, 0.0, 0.0, 0.0, 0.0, 0.0, 0.0, 0.0, 0.0, 0.0, 0.0, 0.0, 0.0, 0.0, 0.0, 0.0, 0.0, 0.0, 0.0, 0.0, 0.0, 0.0, 0.0, 0.0], "program call": "xtb /home/svss/Project-DBcg-Debug/aqme2_20220329/End-to-End-workflows-final/example-3/QDESCP/mol_1063_rdkit_conf_3/mol_1063_rdkit_conf_3.xyz --pop --wbo --acc 0.2 --gfn 2 --chrg 0 --uhf 0 --etemp 300 --input /home/svss/Project-DBcg-Debug/aqme2_20220329/End-to-End-workflows-final/example-3/QDESCP/mol_1063_rdkit_conf_3/mol_1063_rdkit_conf_3_xtb.inp", "method": "GFN2-xTB", "xtb version": "6.3.3 (7355c4f)", "Dipole module/D": 1.752, "Total charge": 0, "Transition dipole module/D": NaN, "HOMO": -11.0666, "LUMO": 0.6758, "HOMO occupancy": 2.0, "LUMO occupancy": 0, "mulliken charges": [-0.08346, -0.03846, -0.04644, -0.04704, -0.0455, -0.04591, -0.04539, -0.05028, -0.05336, 0.19974, -0.56932, 0.02807, 0.02669, 0.02645, 0.02225, 0.02189, 0.02272, 0.02225, 0.0233, 0.02259, 0.02332, 0.02399, 0.02275, 0.02354, 0.02469, 0.02481, 0.02148, 0.0213, 0.03674, 0.03671, 0.00746, 0.00746, 0.33496], "cm5 charges": [-0.2338, -0.15098, -0.15716, -0.15789, -0.15607, -0.15648, -0.15623, -0.16073, -0.16057, 0.11263, -0.78317, 0.07885, 0.07799, 0.07774, 0.07694, 0.0766, 0.07805, 0.07758, 0.07927, 0.07805, 0.07852, 0.07892, 0.07796, 0.07846, 0.08016, 0.08078, 0.07691, 0.07673, 0.09397, 0.09394, 0.06998, 0.06998, 0.50307], "FUKUI+": [0.006, -0.008, -0.011, -0.006, -0.013, -0.014, -0.003, -0.017, -0.007, -0.013, -0.091, -0.039, -0.022, -0.022, -0.022, -0.024, -0.028, -0.029, -0.021, -0.029, -0.035, -0.042, -0.036, -0.039, -0.035, -0.03, -0.039, -0.039, -0.043, -0.041, -0.056, -0.056, -0.093], "FUKUI-": [0.015, 0.004, 0.007, 0.004, 0.007, 0.008, 0.007, 0.011, 0.01, 0.016, -0.088, -0.045, -0.041, -0.046, -0.057, -0.054, -0.051, -0.059, -0.042, -0.036, -0.028, -0.038, -0.032, -0.054, -0.031, -0.039, -0.031, -0.035, -0.046, -0.044, -0.074, -0.074, -0.043], "FUKUIrad": [0.01, -0.002, -0.002, -0.001, -0.003, -0.003, 0.002, -0.003, 0.001, 0.001, -0.09, -0.042, -0.031, -0.034, -0.039, -0.039, -0.039, -0.044, -0.032, -0.033, -0.032, -0.04, -0.034, -0.047, -0.033, -0.034, -0.035, -0.037, -0.044, -0.043, -0.065, -0.065, -0.068], "s proportion": [1.007, 1.027, 1.032, 1.032, 1.032, 1.032, 1.032, 1.033, 1.033, 0.991, 1.695, 0.972, 0.973, 0.974, 0.978, 0.978, 0.977, 0.978, 0.977, 0.977, 0.977, 0.976, 0.977, 0.976, 0.975, 0.975, 0.979, 0.979, 0.963, 0.963, 0.993, 0.993, 0.665], "p proportion": [3.076, 3.011, 3.014, 3.015, 3.013, 3.014, 3.014, 3.018, 3.02, 2.809, 4.874, 0.0, 0.0, 0.0, 0.0, 0.0, 0.0, 0.0, 0.0, 0.0, 0.0, 0.0, 0.0, 0.0, 0.0, 0.0, 0.0, 0.0, 0.0, 0.0, 0.0, 0.0, 0.0], "d proportion": [0.0, 0.0, 0.0, 0.0, 0.0, 0.0, 0.0, 0.0, 0.0, 0.0, 0.0, 0.0, 0.0, 0.0, 0.0, 0.0, 0.0, 0.0, 0.0, 0.0, 0.0, 0.0, 0.0, 0.0, 0.0, 0.0, 0.0, 0.0, 0.0, 0.0, 0.0, 0.0, 0.0], "Fermi-level/eV": -5.1954, "Coordination numbers": [3.75, 3.8, 3.802, 3.801, 3.8, 3.8, 3.801, 3.802, 3.801, 3.675, 1.653, 0.924, 0.924, 0.924, 0.924, 0.924, 0.924, 0.924, 0.924, 0.924, 0.924, 0.924, 0.924, 0.924, 0.924, 0.924, 0.924, 0.924, 0.924, 0.924, 0.924, 0.924, 0.804], "Dispersion coefficient C6": [22.473, 21.504, 21.625, 21.63, 21.61, 21.613, 21.631, 21.664, 21.707, 19.365, 21.782, 2.571, 2.555, 2.559, 2.608, 2.611, 2.593, 2.601, 2.568, 2.597, 2.591, 2.608, 2.594, 2.613, 2.542, 2.52, 2.588, 2.593, 2.351, 2.353, 2.782, 2.782, 0.772], "Total dispersion C6": 7301.871808, "Total dispersion C8": 151982.462253, "Polarizability alpha": [6.761, 6.602, 6.621, 6.622, 6.619, 6.619, 6.622, 6.627, 6.633, 6.305, 6.3, 2.508, 2.5, 2.501, 2.525, 2.527, 2.518, 2.522, 2.506, 2.52, 2.517, 2.526, 2.518, 2.528, 2.493, 2.483, 2.516, 2.518, 2.398, 2.399, 2.608, 2.608, 1.38], "Total polarizability alpha": 126.450488, "Wiberg matrix": [[0.0, 1.0200679289894143, 0.0, 0.0, 0.0, 0.0, 0.0, 0.0, 0.0, 0.0, 0.0, 0.9874130036715871, 0.9877223684239922, 0.9877321147079123, 0.0, 0.0, 0.0, 0.0, 0.0, 0.0, 0.0, 0.0, 0.0, 0.0, 0.0, 0.0, 0.0, 0.0, 0.0, 0.0, 0.0, 0.0, 0.0], [1.0200679289894143, 0.0, 1.0078234385033127, 0.0, 0.0, 0.0, 0.0, 0.0, 0.0, 0.0, 0.0, 0.0, 0.0, 0.0, 0.9780719806563358, 0.978115676523393, 0.0, 0.0, 0.0, 0.0, 0.0, 0.0, 0.0, 0.0, 0.0, 0.0, 0.0, 0.0, 0.0, 0.0, 0.0, 0.0, 0.0], [0.0, 1.0078234385033127, 0.0, 1.006814175771215, 0.0, 0.0, 0.0, 0.0, 0.0, 0.0, 0.0, 0.0, 0.0, 0.0, 0.0, 0.0, 0.9773397976483702, 0.9771542498820409, 0.0, 0.0, 0.0, 0.0, 0.0, 0.0, 0.0, 0.0, 0.0, 0.0, 0.0, 0.0, 0.0, 0.0, 0.0], [0.0, 0.0, 1.006814175771215, 0.0, 1.0080324218559678, 0.0, 0.0, 0.0, 0.0, 0.0, 0.0, 0.0, 0.0, 0.0, 0.0, 0.0, 0.0, 0.0, 0.975454867263069, 0.9772149139905159, 0.0, 0.0, 0.0, 0.0, 0.0, 0.0, 0.0, 0.0, 0.0, 0.0, 0.0, 0.0, 0.0], [0.0, 0.0, 0.0, 1.0080324218559678, 0.0, 1.0061162161039827, 0.0, 0.0, 0.0, 0.0, 0.0, 0.0, 0.0, 0.0, 0.0, 0.0, 0.0, 0.0, 0.0, 0.0, 0.9772502733542077, 0.976881480207739, 0.0, 0.0, 0.0, 0.0, 0.0, 0.0, 0.0, 0.0, 0.0, 0.0, 0.0], [0.0, 0.0, 0.0, 0.0, 1.0061162161039827, 0.0, 1.00798429815029, 0.0, 0.0, 0.0, 0.0, 0.0, 0.0, 0.0, 0.0, 0.0, 0.0, 0.0, 0.0, 0.0, 0.0, 0.0, 0.9772234059467636, 0.9768988873742043, 0.0, 0.0, 0.0, 0.0, 0.0, 0.0, 0.0, 0.0, 0.0], [0.0, 0.0, 0.0, 0.0, 0.0, 1.00798429815029, 0.0, 1.0068240965051836, 0.0, 0.0, 0.0, 0.0, 0.0, 0.0, 0.0, 0.0, 0.0, 0.0, 0.0, 0.0, 0.0, 0.0, 0.0, 0.0, 0.9769614935414543, 0.9751981803079031, 0.0, 0.0, 0.0, 0.0, 0.0, 0.0, 0.0], [0.0, 0.0, 0.0, 0.0, 0.0, 0.0, 1.0068240965051836, 0.0, 1.006801472961774, 0.0, 0.0, 0.0, 0.0, 0.0, 0.0, 0.0, 0.0, 0.0, 0.0, 0.0, 0.0, 0.0, 0.0, 0.0, 0.0, 0.0, 0.9771693447432808, 0.9769667682180195, 0.0, 0.0, 0.0, 0.0, 0.0], [0.0, 0.0, 0.0, 0.0, 0.0, 0.0, 0.0, 1.006801472961774, 0.0, 1.0062647931288802, 0.0, 0.0, 0.0, 0.0, 0.0, 0.0, 0.0, 0.0, 0.0, 0.0, 0.0, 0.0, 0.0, 0.0, 0.0, 0.0, 0.0, 0.0, 0.9751539717295181, 0.9751413046494652, 0.0, 0.0, 0.0], [0.0, 0.0, 0.0, 0.0, 0.0, 0.0, 0.0, 0.0, 1.0062647931288802, 0.0, 0.9884377780160789, 0.0, 0.0, 0.0, 0.0, 0.0, 0.0, 0.0, 0.0, 0.0, 0.0, 0.0, 0.0, 0.0, 0.0, 0.0, 0.0, 0.0, 0.0, 0.0, 0.9734972007551693, 0.9734950798028343, 0.0], [0.0, 0.0, 0.0, 0.0, 0.0, 0.0, 0.0, 0.0, 0.0, 0.9884377780160789, 0.0, 0.0, 0.0, 0.0, 0.0, 0.0, 0.0, 0.0, 0.0, 0.0, 0.0, 0.0, 0.0, 0.0, 0.0, 0.0, 0.0, 0.0, 0.0, 0.0, 0.0, 0.0, 0.906670580042203], [0.9874130036715871, 0.0, 0.0, 0.0, 0.0, 0.0, 0.0, 0.0, 0.0, 0.0, 0.0, 0.0, 0.0, 0.0, 0.0, 0.0, 0.0, 0.0, 0.0, 0.0, 0.0, 0.0, 0.0, 0.0, 0.0, 0.0, 0.0, 0.0, 0.0, 0.0, 0.0, 0.0, 0.0], [0.9877223684239922, 0.0, 0.0, 0.0, 0.0, 0.0, 0.0, 0.0, 0.0, 0.0, 0.0, 0.0, 0.0, 0.0, 0.0, 0.0, 0.0, 0.0, 0.0, 0.0, 0.0, 0.0, 0.0, 0.0, 0.0, 0.0, 0.0, 0.0, 0.0, 0.0, 0.0, 0.0, 0.0], [0.9877321147079123, 0.0, 0.0, 0.0, 0.0, 0.0, 0.0, 0.0, 0.0, 0.0, 0.0, 0.0, 0.0, 0.0, 0.0, 0.0, 0.0, 0.0, 0.0, 0.0, 0.0, 0.0, 0.0, 0.0, 0.0, 0.0, 0.0, 0.0, 0.0, 0.0, 0.0, 0.0, 0.0], [0.0, 0.9780719806563358, 0.0, 0.0, 0.0, 0.0, 0.0, 0.0, 0.0, 0.0, 0.0, 0.0, 0.0, 0.0, 0.0, 0.0, 0.0, 0.0, 0.0, 0.0, 0.0, 0.0, 0.0, 0.0, 0.0, 0.0, 0.0, 0.0, 0.0, 0.0, 0.0, 0.0, 0.0], [0.0, 0.978115676523393, 0.0, 0.0, 0.0, 0.0, 0.0, 0.0, 0.0, 0.0, 0.0, 0.0, 0.0, 0.0, 0.0, 0.0, 0.0, 0.0, 0.0, 0.0, 0.0, 0.0, 0.0, 0.0, 0.0, 0.0, 0.0, 0.0, 0.0, 0.0, 0.0, 0.0, 0.0], [0.0, 0.0, 0.9773397976483702, 0.0, 0.0, 0.0, 0.0, 0.0, 0.0, 0.0, 0.0, 0.0, 0.0, 0.0, 0.0, 0.0, 0.0, 0.0, 0.0, 0.0, 0.0, 0.0, 0.0, 0.0, 0.0, 0.0, 0.0, 0.0, 0.0, 0.0, 0.0, 0.0, 0.0], [0.0, 0.0, 0.9771542498820409, 0.0, 0.0, 0.0, 0.0, 0.0, 0.0, 0.0, 0.0, 0.0, 0.0, 0.0, 0.0, 0.0, 0.0, 0.0, 0.0, 0.0, 0.0, 0.0, 0.0, 0.0, 0.0, 0.0, 0.0, 0.0, 0.0, 0.0, 0.0, 0.0, 0.0], [0.0, 0.0, 0.0, 0.975454867263069, 0.0, 0.0, 0.0, 0.0, 0.0, 0.0, 0.0, 0.0, 0.0, 0.0, 0.0, 0.0, 0.0, 0.0, 0.0, 0.0, 0.0, 0.0, 0.0, 0.0, 0.0, 0.0, 0.0, 0.0, 0.0, 0.0, 0.0, 0.0, 0.0], [0.0, 0.0, 0.0, 0.9772149139905159, 0.0, 0.0, 0.0, 0.0, 0.0, 0.0, 0.0, 0.0, 0.0, 0.0, 0.0, 0.0, 0.0, 0.0, 0.0, 0.0, 0.0, 0.0, 0.0, 0.0, 0.0, 0.0, 0.0, 0.0, 0.0, 0.0, 0.0, 0.0, 0.0], [0.0, 0.0, 0.0, 0.0, 0.9772502733542077, 0.0, 0.0, 0.0, 0.0, 0.0, 0.0, 0.0, 0.0, 0.0, 0.0, 0.0, 0.0, 0.0, 0.0, 0.0, 0.0, 0.0, 0.0, 0.0, 0.0, 0.0, 0.0, 0.0, 0.0, 0.0, 0.0, 0.0, 0.0], [0.0, 0.0, 0.0, 0.0, 0.976881480207739, 0.0, 0.0, 0.0, 0.0, 0.0, 0.0, 0.0, 0.0, 0.0, 0.0, 0.0, 0.0, 0.0, 0.0, 0.0, 0.0, 0.0, 0.0, 0.0, 0.0, 0.0, 0.0, 0.0, 0.0, 0.0, 0.0, 0.0, 0.0], [0.0, 0.0, 0.0, 0.0, 0.0, 0.9772234059467636, 0.0, 0.0, 0.0, 0.0, 0.0, 0.0, 0.0, 0.0, 0.0, 0.0, 0.0, 0.0, 0.0, 0.0, 0.0, 0.0, 0.0, 0.0, 0.0, 0.0, 0.0, 0.0, 0.0, 0.0, 0.0, 0.0, 0.0], [0.0, 0.0, 0.0, 0.0, 0.0, 0.9768988873742043, 0.0, 0.0, 0.0, 0.0, 0.0, 0.0, 0.0, 0.0, 0.0, 0.0, 0.0, 0.0, 0.0, 0.0, 0.0, 0.0, 0.0, 0.0, 0.0, 0.0, 0.0, 0.0, 0.0, 0.0, 0.0, 0.0, 0.0], [0.0, 0.0, 0.0, 0.0, 0.0, 0.0, 0.9769614935414543, 0.0, 0.0, 0.0, 0.0, 0.0, 0.0, 0.0, 0.0, 0.0, 0.0, 0.0, 0.0, 0.0, 0.0, 0.0, 0.0, 0.0, 0.0, 0.0, 0.0, 0.0, 0.0, 0.0, 0.0, 0.0, 0.0], [0.0, 0.0, 0.0, 0.0, 0.0, 0.0, 0.9751981803079031, 0.0, 0.0, 0.0, 0.0, 0.0, 0.0, 0.0, 0.0, 0.0, 0.0, 0.0, 0.0, 0.0, 0.0, 0.0, 0.0, 0.0, 0.0, 0.0, 0.0, 0.0, 0.0, 0.0, 0.0, 0.0, 0.0], [0.0, 0.0, 0.0, 0.0, 0.0, 0.0, 0.0, 0.9771693447432808, 0.0, 0.0, 0.0, 0.0, 0.0, 0.0, 0.0, 0.0, 0.0, 0.0, 0.0, 0.0, 0.0, 0.0, 0.0, 0.0, 0.0, 0.0, 0.0, 0.0, 0.0, 0.0, 0.0, 0.0, 0.0], [0.0, 0.0, 0.0, 0.0, 0.0, 0.0, 0.0, 0.9769667682180195, 0.0, 0.0, 0.0, 0.0, 0.0, 0.0, 0.0, 0.0, 0.0, 0.0, 0.0, 0.0, 0.0, 0.0, 0.0, 0.0, 0.0, 0.0, 0.0, 0.0, 0.0, 0.0, 0.0, 0.0, 0.0], [0.0, 0.0, 0.0, 0.0, 0.0, 0.0, 0.0, 0.0, 0.9751539717295181, 0.0, 0.0, 0.0, 0.0, 0.0, 0.0, 0.0, 0.0, 0.0, 0.0, 0.0, 0.0, 0.0, 0.0, 0.0, 0.0, 0.0, 0.0, 0.0, 0.0, 0.0, 0.0, 0.0, 0.0], [0.0, 0.0, 0.0, 0.0, 0.0, 0.0, 0.0, 0.0, 0.9751413046494652, 0.0, 0.0, 0.0, 0.0, 0.0, 0.0, 0.0, 0.0, 0.0, 0.0, 0.0, 0.0, 0.0, 0.0, 0.0, 0.0, 0.0, 0.0, 0.0, 0.0, 0.0, 0.0, 0.0, 0.0], [0.0, 0.0, 0.0, 0.0, 0.0, 0.0, 0.0, 0.0, 0.0, 0.9734972007551693, 0.0, 0.0, 0.0, 0.0, 0.0, 0.0, 0.0, 0.0, 0.0, 0.0, 0.0, 0.0, 0.0, 0.0, 0.0, 0.0, 0.0, 0.0, 0.0, 0.0, 0.0, 0.0, 0.0], [0.0, 0.0, 0.0, 0.0, 0.0, 0.0, 0.0, 0.0, 0.0, 0.9734950798028343, 0.0, 0.0, 0.0, 0.0, 0.0, 0.0, 0.0, 0.0, 0.0, 0.0, 0.0, 0.0, 0.0, 0.0, 0.0, 0.0, 0.0, 0.0, 0.0, 0.0, 0.0, 0.0, 0.0], [0.0, 0.0, 0.0, 0.0, 0.0, 0.0, 0.0, 0.0, 0.0, 0.0, 0.906670580042203, 0.0, 0.0, 0.0, 0.0, 0.0, 0.0, 0.0, 0.0, 0.0, 0.0, 0.0, 0.0, 0.0, 0.0, 0.0, 0.0, 0.0, 0.0, 0.0, 0.0, 0.0, 0.0]], "Born radii": [], "Atomic SASAs": [], "Solvent H bonds": [], "Total SASA": NaN, "Total FOD": 0.0, "FOD": [0.0, 0.0, 0.0, 0.0, 0.0, 0.0, 0.0, 0.0, 0.0, 0.0, 0.0, 0.0, 0.0, 0.0, 0.0, 0.0, 0.0, 0.0, 0.0, 0.0, 0.0, 0.0, 0.0, 0.0, 0.0, 0.0, 0.0, 0.0, 0.0, 0.0, 0.0, 0.0, 0.0], "FOD s proportion": [0.0, 0.0, 0.0, 0.0, 0.0, 0.0, 0.0, 0.0, 0.0, 0.0, 0.0, 0.0, 0.0, 0.0, 0.0, 0.0, 0.0, 0.0, 0.0, 0.0, 0.0, 0.0, 0.0, 0.0, 0.0, 0.0, 0.0, 0.0, 0.0, 0.0, 0.0, 0.0, 0.0], "FOD p proportion": [0.0, 0.0, 0.0, 0.0, 0.0, 0.0, 0.0, 0.0, 0.0, 0.0, 0.0, 0.0, 0.0, 0.0, 0.0, 0.0, 0.0, 0.0, 0.0, 0.0, 0.0, 0.0, 0.0, 0.0, 0.0, 0.0, 0.0, 0.0, 0.0, 0.0, 0.0, 0.0, 0.0], "FOD d proportion": [0.0, 0.0, 0.0, 0.0, 0.0, 0.0, 0.0, 0.0, 0.0, 0.0, 0.0, 0.0, 0.0, 0.0, 0.0, 0.0, 0.0, 0.0, 0.0, 0.0, 0.0, 0.0, 0.0, 0.0, 0.0, 0.0, 0.0, 0.0, 0.0, 0.0, 0.0, 0.0, 0.0], "coordinates": [["-5.46520", "-0.59760", "0.79460"], ["-3.99790", "-0.95400", "0.61710"], ["-3.24310", "0.13990", "-0.13790"], ["-1.76680", "-0.22290", "-0.31480"], ["-1.01310", "0.87590", "-1.06740"], ["0.44340", "0.51530", "-1.37370"], ["1.31380", "0.38310", "-0.12200"], ["2.77900", "0.13760", "-0.48980"], ["3.64970", "0.00120", "0.75740"], ["5.10900", "-0.24280", "0.39990"], ["5.86220", "-0.36000", "1.59900"], ["-5.98560", "-1.39330", "1.33670"], ["-5.57730", "0.33080", "1.36360"], ["-5.95750", "-0.46860", "-0.17460"], ["-3.54350", "-1.10780", "1.60290"], ["-3.92150", "-1.90260", "0.07310"], ["-3.32540", "1.08750", "0.40850"], ["-3.70490", "0.29250", "-1.12100"], ["-1.31660", "-0.37950", "0.67170"], ["-1.68470", "-1.16820", "-0.86460"], ["-1.04780", "1.80950", "-0.49280"], ["-1.52290", "1.07210", "-2.01890"], ["0.47810", "-0.41760", "-1.94940"], ["0.86040", "1.29930", "-2.01810"], ["1.23470", "1.29680", "0.47930"], ["0.95710", "-0.44690", "0.49800"], ["2.85770", "-0.77410", "-1.09450"], ["3.14760", "0.96710", "-1.10540"], ["3.57330", "0.90510", "1.37470"], ["3.28730", "-0.82210", "1.38570"], ["5.22120", "-1.16840", "-0.17360"], ["5.51250", "0.59010", "-0.18470"], ["6.78680", "-0.51490", "1.34090"]], "bond_dist": [[0.0, 1.5203606480042822, 2.520156921701504, 3.8793467246432103, 5.045734897911305, 6.391527615523538, 6.910627254453824, 8.375979706279141, 9.134623543967207, 10.58751041416253, 11.358411151213007, 1.0944528587381, 1.094647874889455, 1.0946912487089677, 2.146295371098769, 2.146298427525865, 2.7508869951344783, 2.749628604011822, 4.156146530140631, 4.167818284186584, 5.192778825445968, 5.123027389151848, 6.548644965945246, 7.177933286120734, 6.96970770262283, 6.430911237142059, 8.536422873194605, 8.957600679311396, 9.180909843256279, 8.77530943670934, 10.745341727464975, 11.085105189848223, 12.264452167952713], [1.5203606480042822, 0.0, 1.528517337160426, 2.5260150494405216, 3.8852419873155903, 5.084021323716099, 5.5270482275804325, 6.95292684989566, 7.7082992216182165, 9.137210126181841, 9.926657827285073, 2.1591109142422487, 2.1685196909412654, 2.168509674868895, 1.096328162549882, 1.0961819739441077, 2.1595120884125656, 2.1588429447275685, 2.742699600758348, 2.755396662914434, 4.1918850497121225, 4.14478011600133, 5.187410067654185, 5.968644638441796, 5.697823465148775, 4.9823047096700135, 7.068322992761438, 7.597091661287233, 7.832833459866232, 7.326819406127054, 9.255429685325257, 9.668238526743123, 10.817876378476509], [2.520156921701504, 1.528517337160426, 0.0, 1.530483302751128, 2.5255823585858375, 3.9062013580971477, 4.563412830327759, 6.032373273430616, 6.952085415182987, 8.378141950337199, 9.282952639650812, 3.4708001454995934, 2.781983950349103, 2.7820112329032742, 2.16272515359673, 2.1625341176499386, 1.0969375597544282, 1.096827976484918, 2.153283717952653, 2.1605159244958134, 2.7808020893260275, 2.714082880090437, 4.1760828464004405, 4.660265298242151, 4.66583821944139, 4.288400994543304, 6.242614852768029, 6.5162383765482375, 7.024015857043604, 6.774431719340007, 8.564887498969265, 8.767291579501622, 10.159454044878595], [3.8793467246432103, 2.5260150494405216, 1.530483302751128, 0.0, 1.530304508913177, 2.559529740010848, 3.14555308332255, 4.563428852299551, 5.526147473602202, 6.912873334583819, 7.866579170770481, 4.6792693713869475, 4.200419086234135, 4.200237019502589, 2.7599427874504934, 2.7594547631733337, 2.1609130038018654, 2.1614410031273117, 1.0956212164794912, 1.0966369225956236, 2.163167760484609, 2.154174788637171, 2.7837746424594068, 3.481451359706179, 3.456744877771572, 2.8513945798503584, 4.722049743490637, 5.117858509181356, 5.7134457431571, 5.366066315281614, 7.053088096004473, 7.325715221055211, 8.717263300485994], [5.045734897911305, 3.8852419873155903, 2.5255823585858375, 1.530304508913177, 0.0, 1.5314190478115386, 2.5595110099392033, 3.906242575672944, 5.082981307264468, 6.394104111601561, 7.477090868780451, 5.971157484106411, 5.19988621510125, 5.20114059125496, 4.179532502565329, 4.180860325339751, 2.7513245282954175, 2.7548168287564962, 2.1662433427479932, 2.161138406025861, 1.0968036332908457, 1.097152099756456, 2.162115558891337, 2.143151954481996, 2.760804690665386, 2.84287970902745, 4.20788866891699, 4.161872887294853, 5.196130291861436, 5.2339606198365685, 6.6215207784919015, 6.59122873901369, 8.280861883886242], [6.391527615523538, 5.084021323716099, 3.9062013580971477, 2.559529740010848, 1.5314190478115386, 0.0, 1.530302548517776, 2.525661073857694, 3.884101660616004, 5.048583556800857, 6.242314380099739, 7.233330015974662, 6.616319220684564, 6.586153720495749, 5.233543042719721, 5.195365498210882, 4.2080284124516085, 4.161957474554492, 2.8428732296745136, 2.760826809128019, 2.1620860043023264, 2.143045722797346, 1.0967848421636763, 1.0971765400335536, 2.1611355672423698, 2.1663280961110205, 2.751245079959254, 2.7547787152510095, 4.183529683174245, 4.18218774447059, 5.206002164809384, 5.207215268259994, 6.976323441469726], [6.910627254453824, 5.5270482275804325, 4.563412830327759, 3.14555308332255, 2.5595110099392033, 1.530302548517776, 0.0, 1.5304764388908438, 2.5249991643562972, 3.8817101205525377, 4.919550911414577, 7.652753949396256, 7.04961005020845, 7.321199583401617, 5.365764261500872, 5.715842421725778, 4.722264949153108, 5.117964346300196, 2.851407128068526, 3.4567309267572446, 2.7837500175123484, 3.481352826129521, 2.163077839561027, 2.154109841674746, 1.0966613834725831, 1.0956892305758965, 2.160670104388914, 2.1612389965017753, 2.760060713100348, 2.760501508784228, 4.204472567397723, 4.204267115681401, 5.735870414331203], [8.375979706279141, 6.95292684989566, 6.032373273430616, 4.563428852299551, 3.906242575672944, 2.525661073857694, 1.5304764388908438, 0.0, 1.5271644606917751, 2.5229289030807034, 3.757234812997452, 9.082839325893637, 8.56155169872845, 8.763176463474874, 6.775280119670329, 7.026803875162591, 6.242832070462892, 6.516392150569209, 4.288404600781041, 4.6658553738837645, 4.1760815186009, 4.660233971594129, 2.780794852196041, 2.7140880125743894, 2.160500391113133, 2.153301813494801, 1.0968375768544767, 1.0967677830789888, 2.1671015181573754, 2.167231697350332, 2.787464668834387, 2.787447669463949, 4.454175521911996], [9.134623543967207, 7.7082992216182165, 6.952085415182987, 5.526147473602202, 5.082981307264468, 3.884101660616004, 2.5249991643562972, 1.5271644606917751, 0.0, 1.5221362422595421, 2.3945588842206402, 9.752908531817575, 9.252764105930725, 9.66372743200055, 7.32713296521907, 7.836822721613652, 7.067800146438778, 7.596274311134373, 4.981607438367661, 5.696859110071093, 5.186468469006632, 5.967449979681438, 4.1906092922151545, 4.14350797634082, 2.754658594091108, 2.741929380928692, 2.1582140069974525, 2.1575660036253814, 1.0972381054265297, 1.097231762208878, 2.1689484572022453, 2.1689581508180376, 3.2323718644363924], [10.58751041416253, 9.137210126181841, 8.378141950337199, 6.912873334583819, 6.394104111601561, 5.048583556800857, 3.8817101205525377, 2.5229289030807034, 1.5221362422595421, 0.0, 1.4208753956628286, 11.193363821925917, 10.744986846897486, 11.083702366086884, 8.778450333059931, 9.187582082898635, 8.53866941683539, 8.96016272787498, 6.4327985737157976, 6.972064622477334, 6.550956786607587, 7.180644334598393, 5.195671307925473, 5.125953410830028, 4.169756948552277, 4.158070950573114, 2.7538813954126637, 2.752612588069741, 2.150879806032871, 2.1508093871842755, 1.0946353045649497, 1.094665163417563, 1.9428155470862387], [11.358411151213007, 9.926657827285073, 9.282952639650812, 7.866579170770481, 7.477090868780451, 6.242314380099739, 4.919550911414577, 3.757234812997452, 2.3945588842206402, 1.4208753956628286, 0.0, 11.895666228505236, 11.462756127999931, 11.952521031564848, 9.435380890033004, 10.021415631536295, 9.37680863940392, 9.967625527677091, 7.23846910472097, 7.9798628941855885, 7.538597846416799, 8.347443490674255, 6.448487662235231, 6.391767528626178, 5.041078315202015, 5.027898031981158, 4.056284175202719, 4.055123540658163, 2.624852702533991, 2.6247177581599126, 2.0509759433011396, 2.050991416364291, 0.9723655588306289], [1.0944528587381, 2.1591109142422487, 3.4708001454995934, 4.6792693713869475, 5.971157484106411, 7.233330015974662, 7.652753949396256, 9.082839325893637, 9.752908531817575, 11.193363821925917, 11.895666228505236, 0.0, 1.7719913402722938, 1.7719727396323004, 2.4731003012413386, 2.4731721048079125, 3.7540095791033883, 3.7528393810553626, 4.823854935629802, 4.836748133818837, 6.1633486782754705, 6.103600561144217, 7.31641041700095, 8.08532583140593, 7.752709517323605, 7.0569238298284045, 9.19228464365633, 9.74426409791935, 9.831411687545183, 9.290605192881678, 11.310347136140429, 11.766683353009888, 12.802570287250918], [1.094647874889455, 2.1685196909412654, 2.781983950349103, 4.200419086234135, 5.19988621510125, 6.616319220684564, 7.04961005020845, 8.56155169872845, 9.252764105930725, 10.744986846897486, 11.462756127999931, 1.7719913402722938, 0.0, 1.7747257929043572, 2.502633990418895, 3.0651491725526183, 2.560442248909356, 3.111363979029133, 4.3745646857716025, 4.729081411860024, 5.113623460913015, 5.331884404223333, 6.942905783603866, 7.3360662776449885, 6.936748985656033, 6.6372030261247845, 8.855071124502615, 9.089814007998184, 9.168610803169694, 8.939284086547422, 11.009913111827904, 11.200363093221577, 12.393009827721434], [1.0946912487089677, 2.168509674868895, 2.7820112329032742, 4.200237019502589, 5.20114059125496, 6.586153720495749, 7.321199583401617, 8.763176463474874, 9.66372743200055, 11.083702366086884, 11.952521031564848, 1.7719727396323004, 1.7747257929043572, 0.0, 3.06520454293021, 2.502600105889872, 3.11278062670661, 2.559131284244714, 4.718274611550285, 4.384331191869519, 5.421821182960573, 5.043894937446655, 6.676036503794748, 7.280640292584162, 7.434511632245927, 6.947269593876431, 8.868331145147884, 9.26447349502388, 9.753129283465897, 9.382207916050463, 11.200582785283986, 11.51876068420557, 12.834175720707583], [2.146295371098769, 1.096328162549882, 2.16272515359673, 2.7599427874504934, 4.179532502565329, 5.233543042719721, 5.365764261500872, 6.775280119670329, 7.32713296521907, 8.778450333059931, 9.435380890033004, 2.4731003012413386, 2.502633990418895, 3.06520454293021, 0.0, 1.7649020029452063, 2.508685125718251, 3.067005259206446, 2.5212373827150825, 3.0898773195711184, 4.3739131530015545, 4.685320011482673, 5.410034925025901, 6.188707992788156, 5.465873522137152, 4.6811316131892715, 6.954328428396232, 7.510720212469641, 7.399505651731066, 6.840221412352089, 8.943130922669084, 9.385601428251682, 10.350617010594105], [2.146298427525865, 1.0961819739441077, 2.1625341176499386, 2.7594547631733337, 4.180860325339751, 5.195365498210882, 5.715842421725778, 7.026803875162591, 7.836822721613652, 9.187582082898635, 10.021415631536295, 2.4731721048079125, 3.0651491725526183, 2.502600105889872, 1.7649020029452063, 0.0, 3.0673321274358276, 2.508237305360081, 3.076306158365906, 2.5341465802119654, 4.72843324051424, 4.356441902516319, 5.064801221173443, 6.123058766662297, 6.081739655723516, 5.108849230501914, 6.970965116108386, 7.719858492874076, 8.108598454110302, 7.406564416110887, 9.175449515963782, 9.76116643286037, 10.872015315478544], [2.7508869951344783, 2.1595120884125656, 1.0969375597544282, 2.1609130038018654, 2.7513245282954175, 4.2080284124516085, 4.722264949153108, 6.242832070462892, 7.067800146438778, 8.53866941683539, 9.37680863940392, 3.7540095791033883, 2.560442248909356, 3.11278062670661, 2.508685125718251, 3.0673321274358276, 0.0, 1.7650539651806685, 2.5013277833982497, 3.0660826130422514, 2.5536419972267064, 3.0234937026559194, 4.721401345998876, 4.842950385870168, 4.565449719359529, 4.549967017462874, 6.629878518494889, 6.648768184408297, 6.9684197555830405, 6.951927307588882, 8.858459052227989, 8.871739931377611, 10.280741430461134], [2.749628604011822, 2.1588429447275685, 1.096827976484918, 2.1614410031273117, 2.7548168287564962, 4.161957474554492, 5.117964346300196, 6.516392150569209, 7.596274311134373, 8.96016272787498, 9.967625527677091, 3.7528393810553626, 3.111363979029133, 2.559131284244714, 3.067005259206446, 2.508237305360081, 1.7650539651806685, 0.0, 3.060936814114267, 2.5061112285770557, 3.1234763725695123, 2.484979792674379, 4.322959353267157, 4.7602939762161744, 5.288594022989475, 4.990202136186469, 6.648763536929254, 6.885643380977554, 7.718548599963596, 7.511107700599161, 9.09434202017936, 9.269610898522116, 10.806878145884685], [4.156146530140631, 2.742699600758348, 2.153283717952653, 1.0956212164794912, 2.1662433427479932, 2.8428732296745136, 2.851407128068526, 4.288404600781041, 4.981607438367661, 6.4327985737157976, 7.23846910472097, 4.823854935629802, 4.3745646857716025, 4.718274611550285, 2.5212373827150825, 3.076306158365906, 2.5013277833982497, 3.060936814114267, 0.0, 1.7657188309580887, 2.4939997373696734, 3.064152510891062, 3.176879744340349, 3.8461308454081484, 3.0587793545792086, 2.2813211391647603, 4.549720001274803, 4.990039840522318, 5.1044615945268905, 4.679913030174814, 6.6392562941944036, 6.9505504767608155, 8.132112478317058], [4.167818284186584, 2.755396662914434, 2.1605159244958134, 1.0966369225956236, 2.161138406025861, 2.760826809128019, 3.4567309267572446, 4.6658553738837645, 5.696859110071093, 6.972064622477334, 7.9798628941855885, 4.836748133818837, 4.729081411860024, 4.384331191869519, 3.0898773195711184, 2.5341465802119654, 3.0660826130422514, 2.5061112285770557, 1.7657188309580887, 0.0, 3.0676659107536466, 2.525377559890798, 2.533356516560589, 3.727821416055227, 4.050331908621811, 3.0587676750613144, 4.565256463770683, 5.288536094232505, 6.079440877251789, 5.468493329976732, 6.940384416586735, 7.439998033601891, 8.778231222176824], [5.192778825445968, 4.1918850497121225, 2.7808020893260275, 2.163167760484609, 1.0968036332908457, 2.1620860043023264, 2.7837500175123484, 4.1760815186009, 5.186468469006632, 6.550956786607587, 7.538597846416799, 6.1633486782754705, 5.113623460913015, 5.421821182960573, 4.3739131530015545, 4.72843324051424, 2.5536419972267064, 3.1234763725695123, 2.4939997373696734, 3.0676659107536466, 0.0, 1.7602442955453657, 3.0675770210379394, 2.4956104203180436, 2.5333073145593685, 3.1768930750026825, 4.721224639857756, 4.322765050288993, 5.065576060035029, 5.408065533996422, 6.9476714120631815, 6.679775300113021, 8.375335707301529], [5.123027389151848, 4.14478011600133, 2.714082880090437, 2.154174788637171, 1.097152099756456, 2.143045722797346, 3.481352826129521, 4.660233971594129, 5.967449979681438, 7.180644334598393, 8.347443490674255, 6.103600561144217, 5.331884404223333, 5.043894937446655, 4.685320011482673, 4.356441902516319, 3.0234937026559194, 2.484979792674379, 3.064152510891062, 2.525377559890798, 1.7602442955453657, 0.0, 2.4956036023375185, 2.394105129270643, 3.7277139227682157, 3.8461079821034665, 4.842791153869842, 4.7601551970497775, 6.125003216325686, 6.190098451559555, 7.342197024733128, 7.286526387792746, 9.102633637030548], [6.548644965945246, 5.187410067654185, 4.1760828464004405, 2.7837746424594068, 2.162115558891337, 1.0967848421636763, 2.163077839561027, 2.780794852196041, 4.1906092922151545, 5.195671307925473, 6.448487662235231, 7.31641041700095, 6.942905783603866, 6.676036503794748, 5.410034925025901, 5.064801221173443, 4.721401345998876, 4.322959353267157, 3.176879744340349, 2.533356516560589, 3.0675770210379394, 2.4956036023375185, 0.0, 1.760289348374295, 3.067604050395031, 2.4940060645475586, 2.553515698013231, 3.1234532716210115, 4.730691190513285, 4.37928269240523, 5.119976942330893, 5.42907070685214, 7.115844086965368], [7.177933286120734, 5.968644638441796, 4.660265298242151, 3.481451359706179, 2.143151954481996, 1.0971765400335536, 2.154109841674746, 2.7140880125743894, 4.14350797634082, 5.125953410830028, 6.391767528626178, 8.08532583140593, 7.3360662776449885, 7.280640292584162, 6.188707992788156, 6.123058766662297, 4.842950385870168, 4.7602939762161744, 3.8461308454081484, 3.727821416055227, 2.4956104203180436, 2.394105129270643, 1.760289348374295, 0.0, 2.5252947352734885, 3.064200473206673, 3.023447007969546, 2.484886711703373, 4.361916080118919, 4.687860493871378, 5.339316452505882, 5.050381630134499, 7.049568752767789], [6.96970770262283, 5.697823465148775, 4.66583821944139, 3.456744877771572, 2.760804690665386, 2.1611355672423698, 1.0966613834725831, 2.160500391113133, 2.754658594091108, 4.169756948552277, 5.041078315202015, 7.752709517323605, 6.936748985656033, 7.434511632245927, 5.465873522137152, 6.081739655723516, 4.565449719359529, 5.288594022989475, 3.0587793545792086, 4.050331908621811, 2.5333073145593685, 3.7277139227682157, 3.067604050395031, 2.5252947352734885, 0.0, 1.7657579505696697, 3.0658770767922188, 2.5058257301735893, 2.534604507610606, 3.086173185354315, 4.732406544243636, 4.38633032613824, 5.903424926261026], [6.430911237142059, 4.9823047096700135, 4.288400994543304, 2.8513945798503584, 2.84287970902745, 2.1663280961110205, 1.0956892305758965, 2.153301813494801, 2.741929380928692, 4.158070950573114, 5.027898031981158, 7.0569238298284045, 6.6372030261247845, 6.947269593876431, 4.6811316131892715, 5.108849230501914, 4.549967017462874, 4.990202136186469, 2.2813211391647603, 3.0587676750613144, 3.1768930750026825, 3.8461079821034665, 2.4940060645475586, 3.064200473206673, 1.7657579505696697, 0.0, 2.5010790571271433, 3.0608132595766113, 3.0726225492240338, 2.5216301017397456, 4.376546311876523, 4.721558794508441, 5.8907135815620855], [8.536422873194605, 7.068322992761438, 6.242614852768029, 4.722049743490637, 4.20788866891699, 2.751245079959254, 2.160670104388914, 1.0968375768544767, 2.1582140069974525, 2.7538813954126637, 4.056284175202719, 9.19228464365633, 8.855071124502615, 8.868331145147884, 6.954328428396232, 6.970965116108386, 6.629878518494889, 6.648763536929254, 4.549720001274803, 4.565256463770683, 4.721224639857756, 4.842791153869842, 2.553515698013231, 3.023447007969546, 3.0658770767922188, 2.5010790571271433, 0.0, 1.7652020450928558, 3.0706260990228036, 2.5175885684519623, 2.5670336090515056, 3.120375092837398, 4.6299227434159205], [8.957600679311396, 7.597091661287233, 6.5162383765482375, 5.117858509181356, 4.161872887294853, 2.7547787152510095, 2.1612389965017753, 1.0967677830789888, 2.1575660036253814, 2.752612588069741, 4.055123540658163, 9.74426409791935, 9.089814007998184, 9.26447349502388, 7.510720212469641, 7.719858492874076, 6.648768184408297, 6.885643380977554, 4.990039840522318, 5.288536094232505, 4.322765050288993, 4.7601551970497775, 3.1234532716210115, 2.484886711703373, 2.5058257301735893, 3.0608132595766113, 1.7652020450928558, 0.0, 2.517133389393578, 3.070233206126206, 3.119042874024016, 2.5656518664853967, 4.6286590207099945], [9.180909843256279, 7.832833459866232, 7.024015857043604, 5.7134457431571, 5.196130291861436, 4.183529683174245, 2.760060713100348, 2.1671015181573754, 1.0972381054265297, 2.150879806032871, 2.624852702533991, 9.831411687545183, 9.168610803169694, 9.753129283465897, 7.399505651731066, 8.108598454110302, 6.9684197555830405, 7.718548599963596, 5.1044615945268905, 6.079440877251789, 5.065576060035029, 6.125003216325686, 4.730691190513285, 4.361916080118919, 2.534604507610606, 3.0726225492240338, 3.0706260990228036, 2.517133389393578, 0.0, 1.750753220759568, 3.0679324552538634, 2.508276300569776, 3.513420653721954], [8.77530943670934, 7.326819406127054, 6.774431719340007, 5.366066315281614, 5.2339606198365685, 4.18218774447059, 2.760501508784228, 2.167231697350332, 1.097231762208878, 2.1508093871842755, 2.6247177581599126, 9.290605192881678, 8.939284086547422, 9.382207916050463, 6.840221412352089, 7.406564416110887, 6.951927307588882, 7.511107700599161, 4.679913030174814, 5.468493329976732, 5.408065533996422, 6.190098451559555, 4.37928269240523, 4.687860493871378, 3.086173185354315, 2.5216301017397456, 2.5175885684519623, 3.070233206126206, 1.750753220759568, 0.0, 2.5082482712044274, 3.067895050356188, 3.513243391796248], [10.745341727464975, 9.255429685325257, 8.564887498969265, 7.053088096004473, 6.6215207784919015, 5.206002164809384, 4.204472567397723, 2.787464668834387, 2.1689484572022453, 1.0946353045649497, 2.0509759433011396, 11.310347136140429, 11.009913111827904, 11.200582785283986, 8.943130922669084, 9.175449515963782, 8.858459052227989, 9.09434202017936, 6.6392562941944036, 6.940384416586735, 6.9476714120631815, 7.342197024733128, 5.119976942330893, 5.339316452505882, 4.732406544243636, 4.376546311876523, 2.5670336090515056, 3.119042874024016, 3.0679324552538634, 2.5082482712044274, 0.0, 1.782498569424391, 2.274175863912024], [11.085105189848223, 9.668238526743123, 8.767291579501622, 7.325715221055211, 6.59122873901369, 5.207215268259994, 4.204267115681401, 2.787447669463949, 2.1689581508180376, 1.094665163417563, 2.050991416364291, 11.766683353009888, 11.200363093221577, 11.51876068420557, 9.385601428251682, 9.76116643286037, 8.871739931377611, 9.269610898522116, 6.9505504767608155, 7.439998033601891, 6.679775300113021, 7.286526387792746, 5.42907070685214, 5.050381630134499, 4.38633032613824, 4.721558794508441, 3.120375092837398, 2.5656518664853967, 2.508276300569776, 3.067895050356188, 1.782498569424391, 0.0, 2.2742736972493], [12.264452167952713, 10.817876378476509, 10.159454044878595, 8.717263300485994, 8.280861883886242, 6.976323441469726, 5.735870414331203, 4.454175521911996, 3.2323718644363924, 1.9428155470862387, 0.9723655588306289, 12.802570287250918, 12.393009827721434, 12.834175720707583, 10.350617010594105, 10.872015315478544, 10.280741430461134, 10.806878145884685, 8.132112478317058, 8.778231222176824, 8.375335707301529, 9.102633637030548, 7.115844086965368, 7.049568752767789, 5.903424926261026, 5.8907135815620855, 4.6299227434159205, 4.6286590207099945, 3.513420653721954, 3.513243391796248, 2.274175863912024, 2.2742736972493, 0.0]]}