{"total energy": -49.02910863, "HOMO-LUMO gap/eV": 3.22494617, "electronic energy": -49.64169281, "dipole": [0.60063045, -0.71754142, 0.86905488], "partial charges": [-0.05179546, -0.12027823, 0.23288652, -0.34953615, 0.26255156, -0.20018006, 0.05320039, -0.11020011, -0.11543394, -0.34841297, 0.26305746, -0.19872453, 0.05331873, -0.11573023, -0.11028954, -0.33985404, 0.06631361, 0.06318556, 0.06203256, 0.18179343, 0.06447008, 0.03895926, 0.04345483, 0.03690685, 0.04136079, 0.0452299, 0.04778201, 0.18586731, 0.06352238, 0.0482279, 0.04479386, 0.04246047, 0.03841297, 0.04312076, 0.03752608], "atomic dipole moments": [[-0.11461423, -0.08055555, -0.08641097], [0.22081809, -0.18442761, 0.27179114], [-0.00031481, 0.03738299, -0.01455377], [-0.19956973, -0.1934902, -0.03819318], [0.01912461, -0.00247988, 0.01325285], [0.02162491, -0.07609461, -0.13463813], [0.03503975, 0.14873612, -0.03090526], [-0.05240448, 0.02694159, 0.09435349], [-0.07563755, 0.01576279, -0.09855656], [-0.01366238, 0.27089119, -0.10808504], [-0.01741444, -0.00855608, -0.00942729], [-0.02089376, 0.03703865, 0.14998348], [-0.04405113, 0.12656857, -0.08130083], [0.07159332, 0.08520358, 0.05928782], [0.05524011, -0.04274619, -0.08688553], [0.21282499, -0.0957684, 0.14894837], [0.11943328, -0.04782602, -0.02482739], [0.00179763, 0.12295541, -0.02988727], [-0.03045932, -0.00850418, 0.12823523], [0.08095155, 0.09445316, -0.04278339], [-0.09653144, -0.09137546, 0.02082401], [-0.07625978, 0.01078819, -0.10391151], [0.04326841, -0.11935736, -0.00179264], [0.09960661, 0.07441967, -0.02543468], [0.10342504, 0.07368142, -0.00314081], [0.04106755, -0.12076027, 0.00702698], [-0.05654665, 0.02682395, 0.1116473], [-0.08721574, 0.0934201, -0.03428839], [0.10174059, -0.07319358, 0.04747526], [0.05918546, -0.05483884, -0.09944098], [-0.03405916, -0.09377371, 0.07931255], [-0.10764727, 0.04818913, -0.04799615], [-0.10472013, 0.06467141, -0.03253654], [-0.03662509, -0.08681459, 0.0847082], [0.07148052, 0.08463553, 0.06613261]], "atomic quadrupole moments": [[0.07225033, 0.20417086, -0.04285379, 0.24619768, 0.14821948, -0.02939653], [-0.12851001, 0.22905144, 0.31555558, 0.33605426, -0.06651917, -0.18704557], [-0.21196045, -0.1283683, 0.02110503, -0.31051103, 0.05959725, 0.19085542], [-0.05329175, -0.0704611, -0.04381653, -0.11572359, 0.04477009, 0.09710827], [-0.01789045, -0.1795832, -0.22479555, -0.21465248, 0.14894369, 0.242686], [-0.01660374, -0.09317707, 0.04369309, 0.04602706, -0.00205369, -0.02708935], [-0.11112942, -0.20620627, 0.07597518, 0.05810899, -0.00332016, 0.03515424], [-0.04553673, -0.048655, -0.09299938, -0.1360704, 0.06278192, 0.13853611], [0.01752381, -0.04288018, -0.11464186, 0.18091723, -0.03867763, 0.09711806], [-0.00319884, -0.03799261, -0.08800986, -0.10412216, 0.07852056, 0.0912087], [-0.02924944, -0.00338036, -0.15909972, -0.28945031, 0.19931616, 0.18834915], [-0.0308523, 0.09672073, 0.02415642, -0.0303062, -0.03584596, 0.00669588], [-0.13712759, 0.17413164, 0.0839556, -0.09849198, -0.02931815, 0.05317199], [-0.00164839, 0.15730445, 0.04786167, 0.09193991, 0.11125827, -0.04621327], [-0.0416082, -0.05661504, -0.05042692, -0.13741655, 0.10631369, 0.09203512], [-0.05826011, -0.02571457, -0.03088857, -0.14081892, 0.06329088, 0.08914868], [0.05210904, -0.03553501, -0.0231628, -0.00339723, 0.02759134, -0.02894623], [-0.042986, 0.00553825, 0.0809082, 0.01364121, -0.0307601, -0.0379222], [-0.01490561, 0.02442817, -0.04718502, -0.01644841, -0.00945808, 0.06209064], [0.05179381, 0.0288252, 0.00815068, 0.02695831, -0.00195596, -0.05994449], [0.02188373, 0.01232718, -0.01502707, 0.00350978, 0.00038341, -0.00685666], [0.02498752, -0.01268668, -0.04766392, 0.05411081, -0.0114016, 0.0226764], [-0.03780785, -0.04073449, 0.0711982, -0.00204851, -0.01302231, -0.03339035], [0.02660438, 0.06706391, 0.00833841, -0.00630477, 0.00251259, -0.03494279], [0.02894824, 0.06242754, 0.0021693, -0.01263077, -0.01939627, -0.03111754], [-0.03550674, -0.03343183, 0.07433952, 0.00833337, 0.00759605, -0.03883279], [0.0030324, -0.01624264, -0.04511367, -0.04812116, 0.02350871, 0.04208127], [0.05321779, 0.00366733, -0.0239871, 0.04037004, -0.03024437, -0.02923069], [0.02303652, -0.00447469, -0.01224326, 0.01063869, 0.00469546, -0.01079325], [0.00465273, -0.01921842, -0.02900363, -0.04840489, 0.03988978, 0.02435089], [-0.03967682, 0.02596733, 0.01559306, -0.01301006, -0.05836065, 0.02408376], [0.03629117, -0.05153767, -0.00136218, 0.03449073, -0.01325264, -0.03492899], [0.03395133, -0.04914406, -0.02171624, 0.04284623, -0.01826382, -0.01223509], [-0.04183263, 0.02262453, 0.03693013, -0.02603789, -0.05411472, 0.0049025], [0.01937006, 0.04890343, 0.00422154, 0.02720416, 0.0370211, -0.0235916]], "number of molecular orbitals": 88, "number of electrons": 90, "number of unpaired electrons": 0, "orbital energies/eV": [-19.36469006, -18.55065397, -18.04733216, -17.823103, -17.61867238, -17.43466464, -17.12871021, -16.91726677, -16.39639149, -16.32807565, -16.27265299, -16.23715392, -16.09470552, -15.84083903, -15.36142908, -15.20773773, -14.90626845, -14.81545441, -14.30823016, -14.20076495, -13.93889738, -13.91603207, -13.64945407, -13.62130688, -13.56652712, -13.48231507, -13.22870967, -12.98883506, -12.92774038, -12.84407927, -12.75221638, -12.717831, -12.62491335, -12.48126635, -12.33709399, -12.24476843, -12.18512177, -12.09051878, -11.97443044, -11.87760174, -10.63336045, -10.55949529, -10.14265608, -10.03479165, -9.9336229, -6.70867673, -6.26214514, -5.30372041, -3.58735265, -3.20057141, -0.09109546, 0.2154572, 0.5672462, 0.89714346, 1.22174803, 2.13954052, 2.23630862, 2.77029632, 3.00431801, 3.05472962, 3.17818481, 3.5497727, 3.85032962, 4.1243784, 4.22995561, 4.79209024, 4.94746522, 5.0138956, 5.06712247, 5.24380192, 5.57477124, 5.68900018, 5.82223023, 6.02441588, 6.04352634, 6.39899534, 6.46177766, 6.63578193, 6.77342108, 6.9135736, 7.27975149, 7.62521067, 8.41636066, 10.40205402, 12.24403038, 12.43415945, 14.14546015, 17.73752366], "fractional occupation": [2.0, 2.0, 2.0, 2.0, 2.0, 2.0, 2.0, 2.0, 2.0, 2.0, 2.0, 2.0, 2.0, 2.0, 2.0, 2.0, 2.0, 2.0, 2.0, 2.0, 2.0, 2.0, 2.0, 2.0, 2.0, 2.0, 2.0, 2.0, 2.0, 2.0, 2.0, 2.0, 2.0, 2.0, 2.0, 2.0, 2.0, 2.0, 2.0, 2.0, 2.0, 2.0, 2.0, 2.0, 2.0, 0.0, 0.0, 0.0, 0.0, 0.0, 0.0, 0.0, 0.0, 0.0, 0.0, 0.0, 0.0, 0.0, 0.0, 0.0, 0.0, 0.0, 0.0, 0.0, 0.0, 0.0, 0.0, 0.0, 0.0, 0.0, 0.0, 0.0, 0.0, 0.0, 0.0, 0.0, 0.0, 0.0, 0.0, 0.0, 0.0, 0.0, 0.0, 0.0, 0.0, 0.0, 0.0, 0.0], "program call": "xtb /home/svss/Project-DBcg-Debug/aqme2_20220329/End-to-End-workflows-final/example-3/QDESCP/mol_905_rdkit_conf_3/mol_905_rdkit_conf_3.xyz --pop --wbo --acc 0.2 --gfn 2 --chrg 0 --uhf 0 --etemp 300 --input /home/svss/Project-DBcg-Debug/aqme2_20220329/End-to-End-workflows-final/example-3/QDESCP/mol_905_rdkit_conf_3/mol_905_rdkit_conf_3_xtb.inp", "method": "GFN2-xTB", "xtb version": "6.3.3 (7355c4f)", "Dipole module/D": 3.246, "Total charge": 0, "Transition dipole module/D": NaN, "HOMO": -9.9336, "LUMO": -6.7087, "HOMO occupancy": 2.0, "LUMO occupancy": 0, "mulliken charges": [-0.0094, -0.09295, 0.37721, -0.43829, 0.44385, -0.36102, 0.1354, -0.10461, -0.10004, -0.43805, 0.4432, -0.36025, 0.13555, -0.09995, -0.10467, -0.42971, 0.0337, 0.03436, 0.03541, 0.21722, 0.03335, 0.04183, 0.03178, 0.02905, 0.02933, 0.0304, 0.03682, 0.21858, 0.03277, 0.03701, 0.02999, 0.02984, 0.02972, 0.03145, 0.04111], "cm5 charges": [-0.13815, -0.11966, 0.54614, -0.6171, 0.66205, -0.70029, 0.12338, -0.24672, -0.24225, -0.61535, 0.66155, -0.69926, 0.12362, -0.24214, -0.24677, -0.60287, 0.08894, 0.0867, 0.09006, 0.41907, 0.10496, 0.09714, 0.08364, 0.08311, 0.0833, 0.08217, 0.09046, 0.42027, 0.10433, 0.09067, 0.08175, 0.0838, 0.08377, 0.08328, 0.09638], "FUKUI+": [0.038, -0.236, -0.05, -0.076, -0.026, -0.046, 0.008, 0.012, 0.011, -0.106, -0.03, -0.047, 0.008, 0.011, 0.011, -0.073, -0.037, -0.05, -0.038, -0.033, -0.013, 0.003, -0.029, -0.016, -0.016, -0.025, -0.013, -0.034, -0.013, -0.014, -0.025, -0.016, -0.016, -0.03, 0.003], "FUKUI-": [0.046, -0.286, 0.026, -0.062, 0.0, -0.053, 0.003, 0.007, 0.011, -0.093, 0.001, -0.057, 0.003, 0.011, 0.007, -0.075, -0.043, -0.044, -0.042, -0.032, -0.018, -0.007, -0.031, -0.02, -0.021, -0.028, -0.019, -0.033, -0.019, -0.021, -0.028, -0.022, -0.021, -0.033, -0.008], "FUKUIrad": [0.042, -0.261, -0.012, -0.069, -0.013, -0.05, 0.006, 0.009, 0.011, -0.1, -0.014, -0.052, 0.006, 0.011, 0.009, -0.074, -0.04, -0.047, -0.04, -0.033, -0.015, -0.002, -0.03, -0.018, -0.018, -0.026, -0.016, -0.034, -0.016, -0.017, -0.026, -0.019, -0.018, -0.031, -0.002], "s proportion": [1.009, 1.926, 1.019, 1.537, 0.975, 1.452, 1.028, 1.018, 1.016, 1.526, 0.976, 1.452, 1.028, 1.016, 1.018, 1.535, 0.966, 0.966, 0.965, 0.783, 0.967, 0.958, 0.968, 0.971, 0.971, 0.97, 0.963, 0.781, 0.967, 0.963, 0.97, 0.97, 0.97, 0.969, 0.959], "p proportion": [3.0, 4.165, 2.603, 3.901, 2.581, 3.909, 2.836, 3.087, 3.084, 3.912, 2.581, 3.908, 2.836, 3.084, 3.087, 3.895, 0.0, 0.0, 0.0, 0.0, 0.0, 0.0, 0.0, 0.0, 0.0, 0.0, 0.0, 0.0, 0.0, 0.0, 0.0, 0.0, 0.0, 0.0, 0.0], "d proportion": [0.0, 0.001, 0.0, 0.0, 0.0, 0.0, 0.0, 0.0, 0.0, 0.0, 0.0, 0.0, 0.0, 0.0, 0.0, 0.0, 0.0, 0.0, 0.0, 0.0, 0.0, 0.0, 0.0, 0.0, 0.0, 0.0, 0.0, 0.0, 0.0, 0.0, 0.0, 0.0, 0.0, 0.0, 0.0], "Fermi-level/eV": -8.3211, "Coordination numbers": [3.742, 2.035, 3.004, 1.881, 2.935, 2.702, 3.791, 3.752, 3.754, 1.843, 2.935, 2.702, 3.791, 3.755, 3.752, 1.899, 0.924, 0.924, 0.924, 0.86, 0.924, 0.924, 0.924, 0.924, 0.924, 0.924, 0.924, 0.86, 0.924, 0.924, 0.924, 0.924, 0.924, 0.924, 0.924], "Dispersion coefficient C6": [21.579, 146.096, 23.122, 29.941, 22.59, 25.348, 19.694, 22.667, 22.766, 29.908, 22.581, 25.315, 19.692, 22.772, 22.669, 29.676, 2.127, 2.162, 2.175, 1.204, 2.148, 2.463, 2.403, 2.491, 2.431, 2.38, 2.348, 1.181, 2.158, 2.342, 2.386, 2.416, 2.47, 2.408, 2.482], "Total dispersion C6": 12860.018876, "Total dispersion C8": 311237.15807, "Polarizability alpha": [6.627, 20.343, 7.888, 8.111, 7.795, 7.477, 6.32, 6.789, 6.804, 8.105, 7.793, 7.473, 6.32, 6.804, 6.79, 8.076, 2.281, 2.299, 2.307, 1.719, 2.292, 2.454, 2.424, 2.468, 2.438, 2.413, 2.396, 1.702, 2.298, 2.393, 2.416, 2.431, 2.458, 2.427, 2.464], "Total polarizability alpha": 173.595149, "Wiberg matrix": [[0.0, 1.0119006378862707, 0.0, 0.0, 0.0, 0.0, 0.0, 0.0, 0.0, 0.0, 0.0, 0.0, 0.0, 0.0, 0.0, 0.0, 0.9810808402207424, 0.9800874361060955, 0.9818510544683247, 0.0, 0.0, 0.0, 0.0, 0.0, 0.0, 0.0, 0.0, 0.0, 0.0, 0.0, 0.0, 0.0, 0.0, 0.0, 0.0], [1.0119006378862707, 0.0, 1.0625467570983553, 0.0, 0.0, 0.0, 0.0, 0.0, 0.0, 0.0, 0.0, 0.0, 0.0, 0.0, 0.0, 0.0, 0.0, 0.0, 0.0, 0.0, 0.0, 0.0, 0.0, 0.0, 0.0, 0.0, 0.0, 0.0, 0.0, 0.0, 0.0, 0.0, 0.0, 0.0, 0.0], [0.0, 1.0625467570983553, 0.0, 1.3791339190724157, 0.0, 0.0, 0.0, 0.0, 0.0, 0.0, 0.0, 0.0, 0.0, 0.0, 0.0, 1.382407803967797, 0.0, 0.0, 0.0, 0.0, 0.0, 0.0, 0.0, 0.0, 0.0, 0.0, 0.0, 0.0, 0.0, 0.0, 0.0, 0.0, 0.0, 0.0, 0.0], [0.0, 0.0, 1.3791339190724157, 0.0, 1.3052171206200371, 0.0, 0.0, 0.0, 0.0, 0.0, 0.0, 0.0, 0.0, 0.0, 0.0, 0.0, 0.0, 0.0, 0.0, 0.0, 0.0, 0.0, 0.0, 0.0, 0.0, 0.0, 0.0, 0.0, 0.0, 0.0, 0.0, 0.0, 0.0, 0.0, 0.0], [0.0, 0.0, 0.0, 1.3052171206200371, 0.0, 1.185995031294557, 0.0, 0.0, 0.0, 1.338034096759044, 0.0, 0.0, 0.0, 0.0, 0.0, 0.0, 0.0, 0.0, 0.0, 0.0, 0.0, 0.0, 0.0, 0.0, 0.0, 0.0, 0.0, 0.0, 0.0, 0.0, 0.0, 0.0, 0.0, 0.0, 0.0], [0.0, 0.0, 0.0, 0.0, 1.185995031294557, 0.0, 0.9783815065694869, 0.0, 0.0, 0.0, 0.0, 0.0, 0.0, 0.0, 0.0, 0.0, 0.0, 0.0, 0.0, 0.9331833202159928, 0.0, 0.0, 0.0, 0.0, 0.0, 0.0, 0.0, 0.0, 0.0, 0.0, 0.0, 0.0, 0.0, 0.0, 0.0], [0.0, 0.0, 0.0, 0.0, 0.0, 0.9783815065694869, 0.0, 0.9995122235845462, 1.0052898822979828, 0.0, 0.0, 0.0, 0.0, 0.0, 0.0, 0.0, 0.0, 0.0, 0.0, 0.0, 0.9611637229543235, 0.0, 0.0, 0.0, 0.0, 0.0, 0.0, 0.0, 0.0, 0.0, 0.0, 0.0, 0.0, 0.0, 0.0], [0.0, 0.0, 0.0, 0.0, 0.0, 0.0, 0.9995122235845462, 0.0, 0.0, 0.0, 0.0, 0.0, 0.0, 0.0, 0.0, 0.0, 0.0, 0.0, 0.0, 0.0, 0.0, 0.9856035470891814, 0.9841926697969451, 0.9855413280963029, 0.0, 0.0, 0.0, 0.0, 0.0, 0.0, 0.0, 0.0, 0.0, 0.0, 0.0], [0.0, 0.0, 0.0, 0.0, 0.0, 0.0, 1.0052898822979828, 0.0, 0.0, 0.0, 0.0, 0.0, 0.0, 0.0, 0.0, 0.0, 0.0, 0.0, 0.0, 0.0, 0.0, 0.0, 0.0, 0.0, 0.9858410828212484, 0.9851405813785352, 0.9858422004870351, 0.0, 0.0, 0.0, 0.0, 0.0, 0.0, 0.0, 0.0], [0.0, 0.0, 0.0, 0.0, 1.338034096759044, 0.0, 0.0, 0.0, 0.0, 0.0, 1.3297790823748512, 0.0, 0.0, 0.0, 0.0, 0.0, 0.0, 0.0, 0.0, 0.0, 0.0, 0.0, 0.0, 0.0, 0.0, 0.0, 0.0, 0.0, 0.0, 0.0, 0.0, 0.0, 0.0, 0.0, 0.0], [0.0, 0.0, 0.0, 0.0, 0.0, 0.0, 0.0, 0.0, 0.0, 1.3297790823748512, 0.0, 1.1890250124219863, 0.0, 0.0, 0.0, 1.3117162629477384, 0.0, 0.0, 0.0, 0.0, 0.0, 0.0, 0.0, 0.0, 0.0, 0.0, 0.0, 0.0, 0.0, 0.0, 0.0, 0.0, 0.0, 0.0, 0.0], [0.0, 0.0, 0.0, 0.0, 0.0, 0.0, 0.0, 0.0, 0.0, 0.0, 1.1890250124219863, 0.0, 0.9785078032497384, 0.0, 0.0, 0.0, 0.0, 0.0, 0.0, 0.0, 0.0, 0.0, 0.0, 0.0, 0.0, 0.0, 0.0, 0.9317254655682491, 0.0, 0.0, 0.0, 0.0, 0.0, 0.0, 0.0], [0.0, 0.0, 0.0, 0.0, 0.0, 0.0, 0.0, 0.0, 0.0, 0.0, 0.0, 0.9785078032497384, 0.0, 1.0052603146527, 0.9992539195513321, 0.0, 0.0, 0.0, 0.0, 0.0, 0.0, 0.0, 0.0, 0.0, 0.0, 0.0, 0.0, 0.0, 0.9612225921439492, 0.0, 0.0, 0.0, 0.0, 0.0, 0.0], [0.0, 0.0, 0.0, 0.0, 0.0, 0.0, 0.0, 0.0, 0.0, 0.0, 0.0, 0.0, 1.0052603146527, 0.0, 0.0, 0.0, 0.0, 0.0, 0.0, 0.0, 0.0, 0.0, 0.0, 0.0, 0.0, 0.0, 0.0, 0.0, 0.0, 0.9858067103960051, 0.9852086487243743, 0.9857718418558586, 0.0, 0.0, 0.0], [0.0, 0.0, 0.0, 0.0, 0.0, 0.0, 0.0, 0.0, 0.0, 0.0, 0.0, 0.0, 0.9992539195513321, 0.0, 0.0, 0.0, 0.0, 0.0, 0.0, 0.0, 0.0, 0.0, 0.0, 0.0, 0.0, 0.0, 0.0, 0.0, 0.0, 0.0, 0.0, 0.0, 0.9854471490465778, 0.9842379496632152, 0.9857416022537813], [0.0, 0.0, 1.382407803967797, 0.0, 0.0, 0.0, 0.0, 0.0, 0.0, 0.0, 1.3117162629477384, 0.0, 0.0, 0.0, 0.0, 0.0, 0.0, 0.0, 0.0, 0.0, 0.0, 0.0, 0.0, 0.0, 0.0, 0.0, 0.0, 0.0, 0.0, 0.0, 0.0, 0.0, 0.0, 0.0, 0.0], [0.9810808402207424, 0.0, 0.0, 0.0, 0.0, 0.0, 0.0, 0.0, 0.0, 0.0, 0.0, 0.0, 0.0, 0.0, 0.0, 0.0, 0.0, 0.0, 0.0, 0.0, 0.0, 0.0, 0.0, 0.0, 0.0, 0.0, 0.0, 0.0, 0.0, 0.0, 0.0, 0.0, 0.0, 0.0, 0.0], [0.9800874361060955, 0.0, 0.0, 0.0, 0.0, 0.0, 0.0, 0.0, 0.0, 0.0, 0.0, 0.0, 0.0, 0.0, 0.0, 0.0, 0.0, 0.0, 0.0, 0.0, 0.0, 0.0, 0.0, 0.0, 0.0, 0.0, 0.0, 0.0, 0.0, 0.0, 0.0, 0.0, 0.0, 0.0, 0.0], [0.9818510544683247, 0.0, 0.0, 0.0, 0.0, 0.0, 0.0, 0.0, 0.0, 0.0, 0.0, 0.0, 0.0, 0.0, 0.0, 0.0, 0.0, 0.0, 0.0, 0.0, 0.0, 0.0, 0.0, 0.0, 0.0, 0.0, 0.0, 0.0, 0.0, 0.0, 0.0, 0.0, 0.0, 0.0, 0.0], [0.0, 0.0, 0.0, 0.0, 0.0, 0.9331833202159928, 0.0, 0.0, 0.0, 0.0, 0.0, 0.0, 0.0, 0.0, 0.0, 0.0, 0.0, 0.0, 0.0, 0.0, 0.0, 0.0, 0.0, 0.0, 0.0, 0.0, 0.0, 0.0, 0.0, 0.0, 0.0, 0.0, 0.0, 0.0, 0.0], [0.0, 0.0, 0.0, 0.0, 0.0, 0.0, 0.9611637229543235, 0.0, 0.0, 0.0, 0.0, 0.0, 0.0, 0.0, 0.0, 0.0, 0.0, 0.0, 0.0, 0.0, 0.0, 0.0, 0.0, 0.0, 0.0, 0.0, 0.0, 0.0, 0.0, 0.0, 0.0, 0.0, 0.0, 0.0, 0.0], [0.0, 0.0, 0.0, 0.0, 0.0, 0.0, 0.0, 0.9856035470891814, 0.0, 0.0, 0.0, 0.0, 0.0, 0.0, 0.0, 0.0, 0.0, 0.0, 0.0, 0.0, 0.0, 0.0, 0.0, 0.0, 0.0, 0.0, 0.0, 0.0, 0.0, 0.0, 0.0, 0.0, 0.0, 0.0, 0.0], [0.0, 0.0, 0.0, 0.0, 0.0, 0.0, 0.0, 0.9841926697969451, 0.0, 0.0, 0.0, 0.0, 0.0, 0.0, 0.0, 0.0, 0.0, 0.0, 0.0, 0.0, 0.0, 0.0, 0.0, 0.0, 0.0, 0.0, 0.0, 0.0, 0.0, 0.0, 0.0, 0.0, 0.0, 0.0, 0.0], [0.0, 0.0, 0.0, 0.0, 0.0, 0.0, 0.0, 0.9855413280963029, 0.0, 0.0, 0.0, 0.0, 0.0, 0.0, 0.0, 0.0, 0.0, 0.0, 0.0, 0.0, 0.0, 0.0, 0.0, 0.0, 0.0, 0.0, 0.0, 0.0, 0.0, 0.0, 0.0, 0.0, 0.0, 0.0, 0.0], [0.0, 0.0, 0.0, 0.0, 0.0, 0.0, 0.0, 0.0, 0.9858410828212484, 0.0, 0.0, 0.0, 0.0, 0.0, 0.0, 0.0, 0.0, 0.0, 0.0, 0.0, 0.0, 0.0, 0.0, 0.0, 0.0, 0.0, 0.0, 0.0, 0.0, 0.0, 0.0, 0.0, 0.0, 0.0, 0.0], [0.0, 0.0, 0.0, 0.0, 0.0, 0.0, 0.0, 0.0, 0.9851405813785352, 0.0, 0.0, 0.0, 0.0, 0.0, 0.0, 0.0, 0.0, 0.0, 0.0, 0.0, 0.0, 0.0, 0.0, 0.0, 0.0, 0.0, 0.0, 0.0, 0.0, 0.0, 0.0, 0.0, 0.0, 0.0, 0.0], [0.0, 0.0, 0.0, 0.0, 0.0, 0.0, 0.0, 0.0, 0.9858422004870351, 0.0, 0.0, 0.0, 0.0, 0.0, 0.0, 0.0, 0.0, 0.0, 0.0, 0.0, 0.0, 0.0, 0.0, 0.0, 0.0, 0.0, 0.0, 0.0, 0.0, 0.0, 0.0, 0.0, 0.0, 0.0, 0.0], [0.0, 0.0, 0.0, 0.0, 0.0, 0.0, 0.0, 0.0, 0.0, 0.0, 0.0, 0.9317254655682491, 0.0, 0.0, 0.0, 0.0, 0.0, 0.0, 0.0, 0.0, 0.0, 0.0, 0.0, 0.0, 0.0, 0.0, 0.0, 0.0, 0.0, 0.0, 0.0, 0.0, 0.0, 0.0, 0.0], [0.0, 0.0, 0.0, 0.0, 0.0, 0.0, 0.0, 0.0, 0.0, 0.0, 0.0, 0.0, 0.9612225921439492, 0.0, 0.0, 0.0, 0.0, 0.0, 0.0, 0.0, 0.0, 0.0, 0.0, 0.0, 0.0, 0.0, 0.0, 0.0, 0.0, 0.0, 0.0, 0.0, 0.0, 0.0, 0.0], [0.0, 0.0, 0.0, 0.0, 0.0, 0.0, 0.0, 0.0, 0.0, 0.0, 0.0, 0.0, 0.0, 0.9858067103960051, 0.0, 0.0, 0.0, 0.0, 0.0, 0.0, 0.0, 0.0, 0.0, 0.0, 0.0, 0.0, 0.0, 0.0, 0.0, 0.0, 0.0, 0.0, 0.0, 0.0, 0.0], [0.0, 0.0, 0.0, 0.0, 0.0, 0.0, 0.0, 0.0, 0.0, 0.0, 0.0, 0.0, 0.0, 0.9852086487243743, 0.0, 0.0, 0.0, 0.0, 0.0, 0.0, 0.0, 0.0, 0.0, 0.0, 0.0, 0.0, 0.0, 0.0, 0.0, 0.0, 0.0, 0.0, 0.0, 0.0, 0.0], [0.0, 0.0, 0.0, 0.0, 0.0, 0.0, 0.0, 0.0, 0.0, 0.0, 0.0, 0.0, 0.0, 0.9857718418558586, 0.0, 0.0, 0.0, 0.0, 0.0, 0.0, 0.0, 0.0, 0.0, 0.0, 0.0, 0.0, 0.0, 0.0, 0.0, 0.0, 0.0, 0.0, 0.0, 0.0, 0.0], [0.0, 0.0, 0.0, 0.0, 0.0, 0.0, 0.0, 0.0, 0.0, 0.0, 0.0, 0.0, 0.0, 0.0, 0.9854471490465778, 0.0, 0.0, 0.0, 0.0, 0.0, 0.0, 0.0, 0.0, 0.0, 0.0, 0.0, 0.0, 0.0, 0.0, 0.0, 0.0, 0.0, 0.0, 0.0, 0.0], [0.0, 0.0, 0.0, 0.0, 0.0, 0.0, 0.0, 0.0, 0.0, 0.0, 0.0, 0.0, 0.0, 0.0, 0.9842379496632152, 0.0, 0.0, 0.0, 0.0, 0.0, 0.0, 0.0, 0.0, 0.0, 0.0, 0.0, 0.0, 0.0, 0.0, 0.0, 0.0, 0.0, 0.0, 0.0, 0.0], [0.0, 0.0, 0.0, 0.0, 0.0, 0.0, 0.0, 0.0, 0.0, 0.0, 0.0, 0.0, 0.0, 0.0, 0.9857416022537813, 0.0, 0.0, 0.0, 0.0, 0.0, 0.0, 0.0, 0.0, 0.0, 0.0, 0.0, 0.0, 0.0, 0.0, 0.0, 0.0, 0.0, 0.0, 0.0, 0.0]], "Born radii": [], "Atomic SASAs": [], "Solvent H bonds": [], "Total SASA": NaN, "Total FOD": 0.0, "FOD": [0.0, 0.0, 0.0, 0.0, 0.0, 0.0, 0.0, 0.0, 0.0, 0.0, 0.0, 0.0, 0.0, 0.0, 0.0, 0.0, 0.0, 0.0, 0.0, 0.0, 0.0, 0.0, 0.0, 0.0, 0.0, 0.0, 0.0, 0.0, 0.0, 0.0, 0.0, 0.0, 0.0, 0.0, 0.0], "FOD s proportion": [0.0, 0.0, 0.0, 0.0, 0.0, 0.0, 0.0, 0.0, 0.0, 0.0, 0.0, 0.0, 0.0, 0.0, 0.0, 0.0, 0.0, 0.0, 0.0, 0.0, 0.0, 0.0, 0.0, 0.0, 0.0, 0.0, 0.0, 0.0, 0.0, 0.0, 0.0, 0.0, 0.0, 0.0, 0.0], "FOD p proportion": [0.0, 0.0, 0.0, 0.0, 0.0, 0.0, 0.0, 0.0, 0.0, 0.0, 0.0, 0.0, 0.0, 0.0, 0.0, 0.0, 0.0, 0.0, 0.0, 0.0, 0.0, 0.0, 0.0, 0.0, 0.0, 0.0, 0.0, 0.0, 0.0, 0.0, 0.0, 0.0, 0.0, 0.0, 0.0], "FOD d proportion": [0.0, 0.0, 0.0, 0.0, 0.0, 0.0, 0.0, 0.0, 0.0, 0.0, 0.0, 0.0, 0.0, 0.0, 0.0, 0.0, 0.0, 0.0, 0.0, 0.0, 0.0, 0.0, 0.0, 0.0, 0.0, 0.0, 0.0, 0.0, 0.0, 0.0, 0.0, 0.0, 0.0, 0.0, 0.0], "coordinates": [["0.87740", "4.80490", "-0.74870"], ["-0.36320", "3.95990", "-1.75820"], ["-0.25510", "2.31540", "-1.08330"], ["0.80210", "1.99690", "-0.34510"], ["0.80580", "0.75760", "0.11510"], ["1.89820", "0.41740", "0.89760"], ["2.33190", "-0.97410", "0.87990"], ["3.04390", "-1.30570", "-0.43160"], ["3.28100", "-1.18850", "2.05980"], ["-0.15060", "-0.12760", "-0.12370"], ["-1.15950", "0.28330", "-0.87860"], ["-2.19780", "-0.57890", "-1.19370"], ["-2.55550", "-1.59020", "-0.20790"], ["-3.44600", "-2.62640", "-0.89490"], ["-3.29700", "-0.96230", "0.97220"], ["-1.25930", "1.50020", "-1.38270"], ["1.87530", "4.39860", "-0.93590"], ["0.88690", "5.86600", "-1.01300"], ["0.63750", "4.71920", "0.31490"], ["2.62150", "1.10850", "0.73370"], ["1.48190", "-1.65390", "1.01810"], ["2.37010", "-1.20000", "-1.28840"], ["3.41180", "-2.33710", "-0.42370"], ["3.89860", "-0.64090", "-0.60030"], ["4.16220", "-0.54100", "1.98780"], ["3.62370", "-2.22770", "2.10150"], ["2.77970", "-0.95960", "3.00690"], ["-2.96230", "-0.01420", "-1.54860"], ["-1.66490", "-2.11680", "0.15730"], ["-2.92260", "-3.08840", "-1.73930"], ["-3.72980", "-3.42150", "-0.19740"], ["-4.36350", "-2.17080", "-1.28450"], ["-4.19240", "-0.42470", "0.64010"], ["-3.60780", "-1.73020", "1.68860"], ["-2.66240", "-0.24730", "1.50630"]], "bond_dist": [[0.0, 1.808923328944596, 2.75538085570761, 2.8378560657651404, 4.139071670072892, 4.7960913857014855, 6.177762476010225, 6.491048221974629, 7.041719162960136, 5.0771020523523065, 4.960917473613122, 6.216122785145094, 7.278363212975841, 8.598684881422276, 7.324459571190219, 3.9860362492079773, 1.0935849029682148, 1.0935620467079128, 1.0936825224899593, 4.347731308395218, 6.723325065025489, 6.211139459873688, 7.585312937512861, 6.22947908255578, 6.8452165853243825, 8.069898790567327, 7.138118582651875, 6.2134419535391165, 7.429270231994526, 8.816205150176577, 9.444780595122367, 8.741539048703038, 7.414873811468405, 8.292465395767413, 6.56809971605182], [1.808923328944596, 0.0, 1.7808862597032975, 2.6847988192786443, 3.889799375289168, 4.97157015941644, 6.2102730712908265, 6.410518023529768, 7.37314995100466, 4.407317240680548, 3.863311715355105, 4.927993795653562, 6.165486143849486, 7.323133920665387, 6.347465591872082, 2.6446397769828693, 2.4247715830568453, 2.3981847843733806, 2.42398031963958, 4.821667933402299, 6.528934533291018, 5.858003835778874, 7.462152789242525, 6.377384439564547, 7.400666319325579, 8.31138071923071, 7.535614020768315, 4.753180385804856, 6.503064356901292, 7.498627771799318, 8.261668001075812, 7.33568498982883, 6.295977500753954, 7.4016955766905195, 5.800328674308035], [2.75538085570761, 1.7808862597032975, 0.0, 1.3281766938175055, 2.2334753658816116, 3.4875592754819236, 4.622502946456605, 4.9417081156215605, 5.887308046127703, 2.6267853757016386, 2.233667804307525, 3.4875842556130454, 4.6164788183203, 5.885467238036416, 4.92153971334175, 1.3276328709398544, 2.9832956876581975, 3.730397626259163, 2.9206082311737736, 3.610114149164816, 4.815432841396503, 4.39224068215757, 5.960451662416196, 5.121154399156502, 6.091240880149134, 6.769623186706924, 6.055193810275605, 3.601731818167477, 4.813628697770529, 6.0619259884957355, 6.765381032137067, 6.086495086665232, 5.0971155431282895, 5.940614973216157, 4.366755401897386], [2.8378560657651404, 2.6847988192786443, 1.3281766938175055, 0.0, 1.3219917624554245, 2.2892266707340276, 3.559178843497472, 3.9925325609191966, 4.6984319064981666, 2.338836355968497, 2.6587443972672515, 4.0440410000394404, 4.9152403817107455, 6.302661068152086, 5.224439179471802, 2.360655546664951, 2.696101958383622, 3.927240285493109, 2.8059954472521866, 2.2941840292356668, 3.9558542591961094, 3.683559216301538, 5.05967074521653, 4.075711978292873, 4.81389975279918, 5.638663252935043, 4.887504272120895, 4.4343706227603485, 4.822968219882855, 6.455808223607638, 7.065337321034291, 6.703403539247805, 5.637357168922331, 6.121636064811433, 4.5240331397990445], [4.139071670072892, 3.889799375289168, 2.2334753658816116, 1.3219917624554245, 0.0, 1.3861385392521197, 2.431601353018212, 3.0927624205554487, 3.7007807743772125, 1.324879405832848, 2.2527326228383164, 3.5384746219239727, 4.112764463229082, 5.5271474776777945, 4.530523618744306, 2.6569715109500143, 3.9376785356349244, 5.232106399911989, 3.9702039607556685, 1.9500162204453584, 2.662302097809338, 2.8721149872524254, 4.081508242059545, 3.468863106264068, 4.056943210102897, 4.560522060027777, 3.899687716984528, 4.190721959281002, 3.7905559869232905, 5.668463806005997, 6.17528950090601, 6.103774996672142, 5.162892748256543, 5.30517822980529, 3.86958301241878], [4.7960913857014855, 4.97157015941644, 3.4875592754819236, 2.2892266707340276, 1.3861385392521197, 0.0, 1.457628632402643, 2.4593647025197383, 2.416973208374474, 2.3532233489407672, 3.5387001201006, 4.70567374347181, 5.008795434034015, 6.406110233987549, 5.375801362587721, 4.042527696874815, 4.383172378540457, 5.861771234874319, 4.520441020520011, 1.0137284202388726, 2.116154443796577, 2.7599399214475664, 3.409411811441968, 2.7139092578787523, 2.6893795938840617, 3.3798342370595633, 2.668767082380926, 5.458446047182293, 4.434624599670191, 6.517974216733294, 6.900040739734802, 7.1182319813279475, 6.153929396735065, 5.962709347268237, 4.648807819215589], [6.177762476010225, 6.2102730712908265, 4.622502946456605, 3.559178843497472, 2.431601353018212, 1.457628632402643, 0.0, 1.5287036370729286, 1.5293535170129893, 2.808305798875899, 4.106488885897538, 4.997417542091115, 5.044756367754541, 6.26611033576652, 5.629669061321455, 4.913067950883644, 5.689597392610483, 7.242793896004496, 5.96689879669498, 2.107715673424668, 1.097145058777553, 2.180370367621061, 2.17332141433337, 2.1809546464793805, 2.1828916853568345, 2.1754463358124925, 2.1736752494335487, 5.903183370013166, 4.219280067736675, 6.240211805700189, 6.625296139796318, 7.137583583398516, 6.551781047165725, 6.041996275238839, 5.085631493728188], [6.491048221974629, 6.410518023529768, 4.9417081156215605, 3.9925325609191966, 3.0927624205554487, 2.4593647025197383, 1.5287036370729286, 0.0, 2.505399411271584, 3.4187062275077102, 4.515894325601519, 5.346443073670569, 5.611083879251851, 6.639103658627421, 6.503506039821905, 5.224480477521187, 5.844568670141536, 7.51158810438911, 6.530500993032617, 2.713799456481632, 2.1593326121744187, 1.095118792643063, 1.0950793487231871, 1.0958698919123566, 2.7728788902510693, 2.757326177658349, 3.4659586119860117, 6.244205288905866, 4.814299934569927, 6.36295692504672, 7.100314850061228, 7.506358050346386, 7.368089276060653, 6.994323496950938, 6.118621303855959], [7.041719162960136, 7.37314995100466, 5.887308046127703, 4.6984319064981666, 3.7007807743772125, 2.416973208374474, 1.5293535170129893, 2.505399411271584, 0.0, 4.203458054982826, 5.5243488349306835, 6.401103330676673, 6.2744369014278885, 7.48667733377097, 6.671141146760426, 6.30033634260902, 6.493527345749766, 8.058522501054396, 6.703259472077745, 2.7330734457749206, 2.1303748167869427, 3.4699156041610006, 2.739372711041709, 2.7852158857079643, 1.0958803264955532, 1.0950428393446532, 1.0957624331943487, 7.30604721720302, 5.379886053626043, 7.518472835622936, 7.696269062344429, 8.401644840743984, 7.645302223588025, 6.920028451531106, 6.042865483361351], [5.0771020523523065, 4.407317240680548, 2.6267853757016386, 2.338836355968497, 1.324879405832848, 2.3532233489407672, 2.808305798875899, 3.4187062275077102, 4.203458054982826, 0.0, 1.3253648667442486, 2.3536353859508488, 2.815995811431544, 4.206948067185998, 3.434756739566865, 2.3375263699047335, 5.024980207921222, 6.147397961739585, 4.930004240363289, 3.1539842073162, 2.5096524022262523, 2.9766585864018733, 4.202687712642946, 4.109336332061419, 4.819707008729887, 4.858731885996592, 4.368013100941892, 3.1541807906332826, 2.5157468334472766, 4.365831421390432, 4.864759145117053, 4.823966136904363, 4.1240521444327065, 4.219595939186595, 2.9967261019319067], [4.960917473613122, 3.863311715355105, 2.233667804307525, 2.6587443972672515, 2.2527326228383164, 3.5387001201006, 4.106488885897538, 4.515894325601519, 5.5243488349306835, 1.3253648667442486, 0.0, 1.3859089941262377, 2.4307728688629053, 3.7006353549086675, 3.0896417672604053, 1.3209551317134127, 5.113608160584852, 5.9474663185258985, 4.932632163459992, 4.192424993962325, 3.7851299436082773, 3.8504793324987476, 5.288687347537194, 5.149366188182774, 6.100509023024226, 6.169693610707099, 5.670908860138734, 1.9461485272198522, 2.6625172262353534, 3.9009853870528666, 4.560265186368003, 4.056227017808545, 3.4649958297233203, 4.07907722162746, 2.8684477997690667], [6.216122785145094, 4.927993795653562, 3.4875842556130454, 4.0440410000394404, 3.5384746219239727, 4.70567374347181, 4.997417542091115, 5.346443073670569, 6.401103330676673, 2.3536353859508488, 1.3859089941262377, 0.0, 1.456872890817864, 2.4165142105934323, 2.4589345273918943, 2.2889211563529224, 6.436777975043104, 7.147360533091918, 6.1955357847404935, 5.457823926254859, 4.425819283477354, 4.610904868895041, 5.928893606736421, 6.125525326043474, 7.111468108625672, 6.889611507915379, 6.524222490074966, 1.014544405139568, 2.115258806860286, 2.668446111503847, 3.3793508918133965, 2.6893580535138866, 2.713858736190961, 3.408994716921691, 2.759676017216514], [7.278363212975841, 6.165486143849486, 4.6164788183203, 4.9152403817107455, 4.112764463229082, 5.008795434034015, 5.044756367754541, 5.611083879251851, 6.2744369014278885, 2.815995811431544, 2.4307728688629053, 1.456872890817864, 0.0, 1.5292709668335434, 1.5286322873732585, 3.551177500491914, 7.485165200581748, 8.251861742055548, 7.090634470905971, 5.913621669501693, 4.219920905656882, 5.0577931600649695, 6.017732009652806, 6.535331289230868, 7.1448871523628705, 6.627386155189692, 6.260747115161258, 2.108729174171022, 1.0971995989791463, 2.173603369982666, 2.175488549728543, 2.182894390482508, 2.181040086747605, 2.1733953943081783, 2.180204040909933], [8.598684881422276, 7.323133920665387, 5.885467238036416, 6.302661068152086, 5.5271474776777945, 6.406110233987549, 6.26611033576652, 6.639103658627421, 7.48667733377097, 4.206948067185998, 3.7006353549086675, 2.4165142105934323, 1.5292709668335434, 0.0, 2.5054924106849734, 4.695575927402303, 8.812975643334095, 9.53461209384, 8.490961526823684, 7.308650506078397, 5.374897548791047, 6.001373044562386, 6.88005412551384, 7.613944350335114, 8.399021353110134, 7.688825185943559, 7.534029862563593, 2.7358505478187216, 2.1305243978889328, 1.095629006552857, 1.0950948360758532, 1.095977084614455, 2.785824985529421, 2.7393112145209058, 3.4698569437370184], [7.324459571190219, 6.347465591872082, 4.92153971334175, 5.224439179471802, 4.530523618744306, 5.375801362587721, 5.629669061321455, 6.503506039821905, 6.671141146760426, 3.434756739566865, 3.0896417672604053, 2.4589345273918943, 1.5286322873732585, 2.5054924106849734, 0.0, 3.9700984307696956, 7.6897842433972095, 8.250558716838515, 6.942029659256722, 6.274849571105271, 4.828902833977922, 6.105967250157832, 6.989034932664166, 7.37242928552048, 7.53980117045536, 7.1254925542028325, 6.408298859291755, 2.713917894852385, 2.1588614290871013, 3.4659354898785986, 2.7573437652929678, 2.7731911924712294, 1.095922136832722, 1.0952150519418549, 1.0950821749987534], [3.9860362492079773, 2.6446397769828693, 1.3276328709398544, 2.360655546664951, 2.6569715109500143, 4.042527696874815, 4.913067950883644, 5.224480477521187, 6.30033634260902, 2.3375263699047335, 1.3209551317134127, 2.2889211563529224, 3.551177500491914, 4.695575927402303, 3.9700984307696956, 0.0, 4.292559837672621, 4.878838198792823, 4.10385879386706, 4.437700585889048, 4.819373910582162, 4.524656549396871, 6.120762003214959, 5.63918357388727, 6.70219590432867, 7.062618285735114, 6.452342613345946, 2.2849812187411955, 3.952062798084059, 4.89376955015252, 5.633066414485098, 4.808528036728079, 4.049695724372389, 5.038235812266036, 3.656332432916898], [1.0935849029682148, 2.4247715830568453, 2.9832956876581975, 2.696101958383622, 3.9376785356349244, 4.383172378540457, 5.689597392610483, 5.844568670141536, 6.493527345749766, 5.024980207921222, 5.113608160584852, 6.436777975043104, 7.485165200581748, 8.812975643334095, 7.6897842433972095, 4.292559837672621, 0.0, 1.770915506171878, 1.7886961284690028, 3.7641913620324883, 6.372255158889982, 5.631465639600405, 6.9276861635036555, 5.4408575151349075, 6.178800972680703, 7.496035819684963, 6.713711227033823, 6.576517231027377, 7.495234448634679, 8.928631752401932, 9.649688713632166, 9.066485744763513, 7.909802916634522, 8.632182533982933, 6.938259791907478], [1.0935620467079128, 2.3981847843733806, 3.730397626259163, 3.927240285493109, 5.232106399911989, 5.861771234874319, 7.242793896004496, 7.51158810438911, 8.058522501054396, 6.147397961739585, 5.9474663185258985, 7.147360533091918, 8.251861742055548, 9.53461209384, 8.250558716838515, 4.878838198792823, 1.770915506171878, 0.0, 1.77219327670545, 5.3566411397441955, 7.812060433714015, 7.225239331676149, 8.603095030859533, 7.181949999129762, 7.796283712769823, 9.093853098659554, 8.144390904788398, 7.048401239997621, 8.46205537502562, 9.758128985620143, 10.403690619198555, 9.603674643072827, 8.252571392602428, 9.230559305372562, 7.504454668395299], [1.0936825224899593, 2.42398031963958, 2.9206082311737736, 2.8059954472521866, 3.9702039607556685, 4.520441020520011, 5.96689879669498, 6.530500993032617, 6.703259472077745, 4.930004240363289, 4.932632163459992, 6.1955357847404935, 7.090634470905971, 8.490961526823684, 6.942029659256722, 4.10385879386706, 1.7886961284690028, 1.77219327670545, 0.0, 4.141111436559031, 6.467140419845544, 6.372550689480626, 7.617981369102973, 6.3405864287146185, 6.549183807162539, 7.769732917546137, 6.639627570880764, 6.23187514717681, 7.215038428172091, 8.823415858385006, 9.252391964784024, 8.66257359911014, 7.063525766924051, 7.84247308825475, 6.080698662160459], [4.347731308395218, 4.821667933402299, 3.610114149164816, 2.2941840292356668, 1.9500162204453584, 1.0137284202388726, 2.107715673424668, 2.713799456481632, 2.7330734457749206, 3.1539842073162, 4.192424993962325, 5.457823926254859, 5.913621669501693, 7.308650506078397, 6.274849571105271, 4.437700585889048, 3.7641913620324883, 5.3566411397441955, 4.141111436559031, 0.0, 3.001737043779818, 3.079165896797378, 3.7197188348045875, 2.5438043890991304, 2.582125781212062, 3.742393902303711, 3.077255772599996, 6.135810543033414, 5.395185076528886, 7.380158766584904, 7.856644251841876, 7.9760369062586465, 6.98489057967267, 6.911890493200829, 5.509510287675303], [6.723325065025489, 6.528934533291018, 4.815432841396503, 3.9558542591961094, 2.662302097809338, 2.116154443796577, 1.097145058777553, 2.1593326121744187, 2.1303748167869427, 2.5096524022262523, 3.7851299436082773, 4.425819283477354, 4.219920905656882, 5.374897548791047, 4.828902833977922, 4.819373910582162, 6.372255158889982, 7.812060433714015, 6.467140419845544, 3.001737043779818, 0.0, 2.512939852045806, 2.50400948280952, 3.0799068898263795, 3.059881139848409, 2.4678551902411128, 2.4741994200144823, 5.3877155288675, 3.2950877514870522, 5.3907944924658375, 5.635926445581064, 6.30379675513099, 5.818203943658215, 5.134241719085693, 4.40364454628209], [6.211139459873688, 5.858003835778874, 4.39224068215757, 3.683559216301538, 2.8721149872524254, 2.7599399214475664, 2.180370367621061, 1.095118792643063, 3.4699156041610006, 2.9766585864018733, 3.8504793324987476, 4.610904868895041, 5.0577931600649695, 6.001373044562386, 6.105967250157832, 4.524656549396871, 5.631465639600405, 7.225239331676149, 6.372550689480626, 3.079165896797378, 2.512939852045806, 0.0, 1.7680049179795854, 1.7670276370221267, 3.792016594109261, 3.7575393890151036, 4.321477341141569, 5.468849553608144, 4.383126250748432, 5.6375560892996885, 6.582865885007836, 6.803222531271485, 6.883793183267493, 6.6991737886100555, 5.834727211275605], [7.585312937512861, 7.462152789242525, 5.960451662416196, 5.05967074521653, 4.081508242059545, 3.409411811441968, 2.17332141433337, 1.0950793487231871, 2.739372711041709, 4.202687712642946, 5.288687347537194, 5.928893606736421, 6.017732009652806, 6.88005412551384, 6.989034932664166, 6.120762003214959, 6.9276861635036555, 8.603095030859533, 7.617981369102973, 3.7197188348045875, 2.50400948280952, 1.7680049179795854, 0.0, 1.7734870284273296, 3.0990978719620976, 2.5364354929704014, 3.750476372409244, 6.876802689477139, 5.114584634161409, 6.513054460850148, 7.227003916561828, 7.8245717084067925, 7.912825149085503, 7.355604873836007, 6.707314640003106], [6.22947908255578, 6.377384439564547, 5.121154399156502, 4.075711978292873, 3.468863106264068, 2.7139092578787523, 2.1809546464793805, 1.0958698919123566, 2.7852158857079643, 4.109336332061419, 5.149366188182774, 6.125525326043474, 6.535331289230868, 7.613944350335114, 7.37242928552048, 5.63918357388727, 5.4408575151349075, 7.181949999129762, 6.3405864287146185, 2.5438043890991304, 3.0799068898263795, 1.7670276370221267, 1.7734870284273296, 0.0, 2.6034067258113933, 3.1453501379019793, 3.7901713338581406, 6.954421226097827, 5.8055810062387385, 7.335962560564225, 8.129363525516618, 8.430362985067726, 8.188382966129517, 7.922857985600903, 6.9021305058655615], [6.8452165853243825, 7.400666319325579, 6.091240880149134, 4.81389975279918, 4.056943210102897, 2.6893795938840617, 2.1828916853568345, 2.7728788902510693, 1.0958803264955532, 4.819707008729887, 6.100509023024226, 7.111468108625672, 7.1448871523628705, 8.399021353110134, 7.53980117045536, 6.70219590432867, 6.178800972680703, 7.796283712769823, 6.549183807162539, 2.582125781212062, 3.059881139848409, 3.792016594109261, 3.0990978719620976, 2.6034067258113933, 0.0, 1.774222880587442, 1.7677943941533476, 7.97133260189286, 6.307849895170303, 8.400887584654374, 8.68078586822645, 9.276408562584985, 8.463401333979148, 7.866169161669485, 6.847865879235662], [8.069898790567327, 8.31138071923071, 6.769623186706924, 5.638663252935043, 4.560522060027777, 3.3798342370595633, 2.1754463358124925, 2.757326177658349, 1.0950428393446532, 4.858731885996592, 6.169693610707099, 6.889611507915379, 6.627386155189692, 7.688825185943559, 7.1254925542028325, 7.062618285735114, 7.496035819684963, 9.093853098659554, 7.769732917546137, 3.742393902303711, 2.4678551902411128, 3.7575393890151036, 2.5364354929704014, 3.1453501379019793, 1.774222880587442, 0.0, 1.7720504422843044, 7.848452602902053, 5.635734416205221, 7.638494146099741, 7.79641339976274, 8.675459495035406, 8.153399178870124, 7.260343305243906, 6.617499558745735], [7.138118582651875, 7.535614020768315, 6.055193810275605, 4.887504272120895, 3.899687716984528, 2.668767082380926, 2.1736752494335487, 3.4659586119860117, 1.0957624331943487, 4.368013100941892, 5.670908860138734, 6.524222490074966, 6.260747115161258, 7.534029862563593, 6.408298859291755, 6.452342613345946, 6.713711227033823, 8.144390904788398, 6.639627570880764, 3.077255772599996, 2.4741994200144823, 4.321477341141569, 3.750476372409244, 3.7901713338581406, 1.7677943941533476, 1.7720504422843044, 0.0, 7.390326475197155, 5.4049792932073295, 7.71844732896455, 7.661728287403567, 8.420714081359135, 7.382278690214831, 6.567487761693965, 5.689958177350691], [6.2134419535391165, 4.753180385804856, 3.601731818167477, 4.4343706227603485, 4.190721959281002, 5.458446047182293, 5.903183370013166, 6.244205288905866, 7.30604721720302, 3.1541807906332826, 1.9461485272198522, 1.014544405139568, 2.108729174171022, 2.7358505478187216, 2.713917894852385, 2.2849812187411955, 6.576517231027377, 7.048401239997621, 6.23187514717681, 6.135810543033414, 5.3877155288675, 5.468849553608144, 6.876802689477139, 6.954421226097827, 7.97133260189286, 7.848452602902053, 7.390326475197155, 0.0, 3.002377113222121, 3.0803649491578105, 3.7449287015909927, 2.5853498428645976, 2.5440251472813706, 3.72032123478605, 3.078423237633188], [7.429270231994526, 6.503064356901292, 4.813628697770529, 4.822968219882855, 3.7905559869232905, 4.434624599670191, 4.219280067736675, 4.814299934569927, 5.379886053626043, 2.5157468334472766, 2.6625172262353534, 2.115258806860286, 1.0971995989791463, 2.1305243978889328, 2.1588614290871013, 3.952062798084059, 7.495234448634679, 8.46205537502562, 7.215038428172091, 5.395185076528886, 3.2950877514870522, 4.383126250748432, 5.114584634161409, 5.8055810062387385, 6.307849895170303, 5.635734416205221, 5.4049792932073295, 3.002377113222121, 0.0, 2.4744509310147977, 2.4681706160636465, 3.0600890836706043, 3.079700391271852, 2.5038369875053768, 2.5119389920935578], [8.816205150176577, 7.498627771799318, 6.0619259884957355, 6.455808223607638, 5.668463806005997, 6.517974216733294, 6.240211805700189, 6.36295692504672, 7.518472835622936, 4.365831421390432, 3.9009853870528666, 2.668446111503847, 2.173603369982666, 1.095629006552857, 3.4659354898785986, 4.89376955015252, 8.928631752401932, 9.758128985620143, 8.823415858385006, 7.380158766584904, 5.3907944924658375, 5.6375560892996885, 6.513054460850148, 7.335962560564225, 8.400887584654374, 7.638494146099741, 7.71844732896455, 3.0803649491578105, 2.4744509310147977, 0.0, 1.77199973476296, 1.7677741965533948, 3.7906772600684433, 3.75029394714601, 4.321281362049919], [9.444780595122367, 8.261668001075812, 6.765381032137067, 7.065337321034291, 6.17528950090601, 6.900040739734802, 6.625296139796318, 7.100314850061228, 7.696269062344429, 4.864759145117053, 4.560265186368003, 3.3793508918133965, 2.175488549728543, 1.0950948360758532, 2.7573437652929678, 5.633066414485098, 9.649688713632166, 10.403690619198555, 9.252391964784024, 7.856644251841876, 5.635926445581064, 6.582865885007836, 7.227003916561828, 8.129363525516618, 8.68078586822645, 7.79641339976274, 7.661728287403567, 3.7449287015909927, 2.4681706160636465, 1.77199973476