{"total energy": -35.68204773, "HOMO-LUMO gap/eV": 3.84910563, "electronic energy": -36.1608756, "dipole": [-0.55027438, -0.71541146, -0.91703478], "partial charges": [-0.09994474, -0.05183394, -0.05835434, -0.05787575, -0.05795777, -0.05740863, -0.05292438, -0.08339848, 0.23497327, -0.36435554, -0.13641146, 0.03253149, 0.03082501, 0.03171789, 0.02772397, 0.02901354, 0.02907946, 0.03097433, 0.02714173, 0.03095654, 0.03336688, 0.02709222, 0.02450491, 0.04150558, 0.0504409, 0.0300636, 0.05911339, 0.05425275, 0.06283418, 0.06851769, 0.0638357], "atomic dipole moments": [[-0.09255659, 0.0215669, -0.03406392], [0.0192922, -0.0772231, 0.07634083], [-0.02199879, 0.07591243, -0.07657999], [0.01890583, -0.07671162, 0.07494547], [-0.02226691, 0.07600054, -0.07782616], [0.0171846, -0.08502925, 0.07666422], [-0.04469348, 0.07847024, -0.08743027], [0.04495697, 0.0484169, 0.05661335], [0.00631697, 0.01280707, 0.00751769], [-0.071907, -0.08722623, -0.11731254], [0.06459205, -0.03866166, 0.02509572], [0.00958378, 0.0205815, 0.12393334], [0.08445086, 0.07160527, -0.05682054], [0.03026592, -0.11997416, -0.0226421], [-0.00023303, -0.01559636, -0.1222817], [-0.02029694, 0.12044083, 0.01908078], [0.02379132, -0.12011304, -0.01855731], [0.00386387, 0.01563387, 0.1233327], [-0.00398783, -0.01568975, -0.12245557], [-0.02408272, 0.12077501, 0.01867437], [0.00407488, 0.01589036, 0.12385095], [0.02385917, -0.11927311, -0.01858832], [-0.00298692, -0.0156283, -0.12132019], [-0.02226127, 0.12418687, 0.01788235], [0.0075363, 0.01231844, 0.12871228], [0.02290621, -0.11681248, -0.02069991], [-0.07595447, -0.09740176, 0.04173567], [0.00221968, 0.00092427, -0.1308204], [0.02152427, 0.0206931, -0.13122549], [-0.03583316, 0.11701385, 0.05272066], [-0.09810142, -0.08917897, 0.02744823]], "atomic quadrupole moments": [[0.18290699, -0.06342626, -0.10165292, 0.10491744, -0.03458514, -0.08125407], [0.22392592, 0.0546196, -0.10472919, 0.01283956, -0.11880017, -0.11919673], [0.22486986, 0.06261516, -0.10202442, 0.00591534, -0.12639648, -0.12284544], [0.22287164, 0.06420718, -0.10405211, 0.00450627, -0.1259595, -0.11881952], [0.22387326, 0.06064094, -0.09870847, 0.00642671, -0.12638593, -0.12516479], [0.21703559, 0.06564746, -0.10808649, 0.00445096, -0.12970666, -0.1089491], [0.23265844, 0.05054279, -0.09409052, 0.02160065, -0.11181702, -0.13856792], [0.09230629, -0.11877892, 0.03660545, 0.09098379, 0.08544561, -0.12891174], [-0.03641255, 0.23905454, -0.08570475, -0.3396837, -0.33679501, 0.1221173], [-0.01688561, 0.10877982, -0.03678105, -0.14587597, -0.14294329, 0.05366666], [0.12309084, -0.07246637, -0.08753888, 0.14798393, -0.01620961, -0.03555196], [-0.03161401, -0.00996157, -0.04459545, -0.0020077, 0.02286986, 0.07620946], [0.01767399, 0.04429644, -0.00139405, -0.03223486, -0.04518364, -0.01627994], [-0.0320102, -0.01752099, 0.07217287, 0.00738571, 0.02778828, -0.04016267], [-0.01781788, 0.00496833, -0.03297983, 0.00195984, 0.02366752, 0.0507977], [-0.01365057, -0.01451635, 0.04597755, -0.00641302, 0.02487218, -0.03232699], [-0.01810692, -0.01280003, 0.04783554, -0.0058168, 0.025293, -0.02972862], [-0.02101796, 0.00340929, -0.02992832, -0.0007273, 0.0235557, 0.05094628], [-0.02085648, 0.00360376, -0.03071193, -0.00064163, 0.0236467, 0.05156841], [-0.01737865, -0.01246222, 0.04654633, -0.00579741, 0.02512246, -0.02916769], [-0.02046285, 0.00347234, -0.02945747, -0.00084924, 0.02328784, 0.04992032], [-0.01799903, -0.01305009, 0.04822716, -0.00567536, 0.02535172, -0.03022813], [-0.02282923, 0.00465213, -0.03026987, 0.00020063, 0.02413194, 0.0530991], [-0.01477949, -0.01520028, 0.04224117, -0.00608883, 0.02546821, -0.02746168], [-0.01803642, 0.0050577, -0.02941329, -0.00420406, 0.02326927, 0.04744971], [-0.00940311, -0.01287648, 0.04962561, -0.01087474, 0.02606857, -0.0402225], [0.02777098, 0.03361593, 0.015858, -0.01137549, -0.03678221, -0.04362898], [-0.01275978, -0.02146692, -0.04963975, 0.00035441, -0.00432796, 0.06239954], [-0.04572606, -0.01273255, -0.03765078, -0.02028359, -0.00430162, 0.08337684], [-0.02830745, -0.02881888, 0.04774621, -0.00387909, 0.0460972, -0.01943877], [0.02076352, 0.05762653, 0.03243843, -0.01296945, -0.00932089, -0.05320195]], "number of molecular orbitals": 64, "number of electrons": 66, "number of unpaired electrons": 0, "orbital energies/eV": [-19.07951997, -17.42404907, -17.09009973, -16.85929009, -16.67840512, -16.34320945, -15.89696591, -15.50033633, -15.19883171, -15.04612493, -14.98204419, -14.68554585, -14.65545969, -14.09856332, -13.96984312, -13.6997533, -13.59498768, -13.28901537, -13.21104692, -13.11750337, -12.9740383, -12.75689372, -12.7485848, -12.30240507, -12.27851163, -12.17635716, -11.8569601, -11.70803919, -11.65954984, -11.40289605, -11.30915323, -11.27681847, -10.72095969, -6.87185406, 1.21846669, 1.67572528, 2.70518935, 2.92993328, 3.05908691, 3.17025573, 3.4525124, 3.63859903, 3.87187808, 3.91854091, 4.20780238, 4.37802496, 4.64388981, 4.66253018, 4.89576857, 4.98255736, 5.24774179, 5.3036186, 5.67202484, 5.863466, 6.17962294, 6.6375628, 6.70777824, 6.9285049, 7.30317034, 7.41514435, 7.53665568, 8.14142428, 8.60693386, 15.17381666], "fractional occupation": [2.0, 2.0, 2.0, 2.0, 2.0, 2.0, 2.0, 2.0, 2.0, 2.0, 2.0, 2.0, 2.0, 2.0, 2.0, 2.0, 2.0, 2.0, 2.0, 2.0, 2.0, 2.0, 2.0, 2.0, 2.0, 2.0, 2.0, 2.0, 2.0, 2.0, 2.0, 2.0, 2.0, 0.0, 0.0, 0.0, 0.0, 0.0, 0.0, 0.0, 0.0, 0.0, 0.0, 0.0, 0.0, 0.0, 0.0, 0.0, 0.0, 0.0, 0.0, 0.0, 0.0, 0.0, 0.0, 0.0, 0.0, 0.0, 0.0, 0.0, 0.0, 0.0, 0.0, 0.0], "program call": "xtb /home/svss/Project-DBcg-Debug/aqme2_20220329/End-to-End-workflows-final/example-3/QDESCP/mol_245_rdkit_conf_2/mol_245_rdkit_conf_2.xyz --pop --wbo --acc 0.2 --gfn 2 --chrg 0 --uhf 0 --etemp 300 --input /home/svss/Project-DBcg-Debug/aqme2_20220329/End-to-End-workflows-final/example-3/QDESCP/mol_245_rdkit_conf_2/mol_245_rdkit_conf_2_xtb.inp", "method": "GFN2-xTB", "xtb version": "6.3.3 (7355c4f)", "Dipole module/D": 3.27, "Total charge": 0, "Transition dipole module/D": NaN, "HOMO": -10.721, "LUMO": -6.8719, "HOMO occupancy": 2.0, "LUMO occupancy": 0, "mulliken charges": [-0.08348, -0.03847, -0.04658, -0.04522, -0.04442, -0.04665, -0.03248, -0.08489, 0.39775, -0.49363, -0.12673, 0.02697, 0.0277, 0.02606, 0.02121, 0.02268, 0.02164, 0.0238, 0.02079, 0.02538, 0.02738, 0.01988, 0.01702, 0.03737, 0.04253, 0.02253, 0.0513, 0.04089, 0.05197, 0.06427, 0.0534], "cm5 charges": [-0.2338, -0.15097, -0.15722, -0.15592, -0.15516, -0.15664, -0.14095, -0.18704, 0.41286, -0.54542, -0.2685, 0.07826, 0.07848, 0.07734, 0.07592, 0.07738, 0.07698, 0.07915, 0.07615, 0.08075, 0.08279, 0.07524, 0.07252, 0.09549, 0.10057, 0.07755, 0.10734, 0.09737, 0.10453, 0.11895, 0.106], "FUKUI+": [0.004, 0.001, 0.002, 0.002, 0.005, 0.007, 0.022, 0.029, -0.195, -0.297, 0.051, -0.004, -0.009, -0.005, -0.004, -0.002, -0.007, -0.005, -0.008, -0.002, -0.009, -0.017, -0.018, 0.013, -0.021, -0.054, -0.097, -0.092, -0.107, -0.077, -0.108], "FUKUI-": [0.017, 0.007, 0.01, 0.011, 0.009, 0.008, 0.011, -0.004, -0.024, -0.119, 0.002, -0.049, -0.041, -0.05, -0.067, -0.067, -0.058, -0.058, -0.04, -0.038, -0.032, -0.038, -0.035, -0.038, -0.03, -0.06, -0.049, -0.042, -0.045, -0.041, -0.049], "FUKUIrad": [0.01, 0.004, 0.006, 0.007, 0.007, 0.008, 0.016, 0.013, -0.11, -0.208, 0.026, -0.027, -0.025, -0.028, -0.036, -0.035, -0.033, -0.031, -0.024, -0.02, -0.02, -0.027, -0.026, -0.012, -0.026, -0.057, -0.073, -0.067, -0.076, -0.059, -0.078], "s proportion": [1.007, 1.027, 1.032, 1.032, 1.032, 1.032, 1.028, 1.042, 1.076, 1.739, 1.022, 0.973, 0.972, 0.974, 0.979, 0.977, 0.978, 0.976, 0.979, 0.975, 0.973, 0.98, 0.983, 0.963, 0.957, 0.977, 0.949, 0.959, 0.948, 0.936, 0.947], "p proportion": [3.076, 3.011, 3.014, 3.013, 3.012, 3.014, 3.004, 3.043, 2.527, 4.754, 3.105, 0.0, 0.0, 0.0, 0.0, 0.0, 0.0, 0.0, 0.0, 0.0, 0.0, 0.0, 0.0, 0.0, 0.0, 0.0, 0.0, 0.0, 0.0, 0.0, 0.0], "d proportion": [0.0, 0.0, 0.0, 0.0, 0.0, 0.0, 0.0, 0.0, 0.0, 0.0, 0.0, 0.0, 0.0, 0.0, 0.0, 0.0, 0.0, 0.0, 0.0, 0.0, 0.0, 0.0, 0.0, 0.0, 0.0, 0.0, 0.0, 0.0, 0.0, 0.0, 0.0], "Fermi-level/eV": -8.7964, "Coordination numbers": [3.75, 3.8, 3.802, 3.802, 3.802, 3.801, 3.801, 3.802, 2.809, 0.857, 3.751, 0.924, 0.924, 0.924, 0.924, 0.924, 0.924, 0.924, 0.924, 0.924, 0.924, 0.924, 0.924, 0.924, 0.924, 0.924, 0.924, 0.924, 0.924, 0.924, 0.924], "Dispersion coefficient C6": [22.472, 21.505, 21.623, 21.614, 21.616, 21.607, 21.524, 22.091, 23.085, 20.982, 23.188, 2.551, 2.575, 2.562, 2.619, 2.601, 2.6, 2.573, 2.628, 2.573, 2.539, 2.628, 2.666, 2.429, 2.315, 2.586, 2.21, 2.268, 2.166, 2.102, 2.155], "Total dispersion C6": 6846.803651, "Total dispersion C8": 145506.271404, "Polarizability alpha": [6.761, 6.603, 6.62, 6.619, 6.619, 6.618, 6.605, 6.692, 7.872, 6.141, 6.867, 2.498, 2.509, 2.503, 2.531, 2.522, 2.521, 2.508, 2.535, 2.509, 2.492, 2.535, 2.553, 2.437, 2.379, 2.515, 2.325, 2.355, 2.302, 2.267, 2.296], "Total polarizability alpha": 123.109805, "Wiberg matrix": [[0.0, 1.020072062839868, 0.0, 0.0, 0.0, 0.0, 0.0, 0.0, 0.0, 0.0, 0.0, 0.987705278691617, 0.9874382574562142, 0.9877468225346331, 0.0, 0.0, 0.0, 0.0, 0.0, 0.0, 0.0, 0.0, 0.0, 0.0, 0.0, 0.0, 0.0, 0.0, 0.0, 0.0, 0.0], [1.020072062839868, 0.0, 1.0077551606276225, 0.0, 0.0, 0.0, 0.0, 0.0, 0.0, 0.0, 0.0, 0.0, 0.0, 0.0, 0.9781327196890854, 0.9780677109645878, 0.0, 0.0, 0.0, 0.0, 0.0, 0.0, 0.0, 0.0, 0.0, 0.0, 0.0, 0.0, 0.0, 0.0, 0.0], [0.0, 1.0077551606276225, 0.0, 1.0070868501431594, 0.0, 0.0, 0.0, 0.0, 0.0, 0.0, 0.0, 0.0, 0.0, 0.0, 0.0, 0.0, 0.9772483695368702, 0.977170433062333, 0.0, 0.0, 0.0, 0.0, 0.0, 0.0, 0.0, 0.0, 0.0, 0.0, 0.0, 0.0, 0.0], [0.0, 0.0, 1.0070868501431594, 0.0, 1.0070661812304555, 0.0, 0.0, 0.0, 0.0, 0.0, 0.0, 0.0, 0.0, 0.0, 0.0, 0.0, 0.0, 0.0, 0.9773977661810009, 0.9772217144241284, 0.0, 0.0, 0.0, 0.0, 0.0, 0.0, 0.0, 0.0, 0.0, 0.0, 0.0], [0.0, 0.0, 0.0, 1.0070661812304555, 0.0, 1.0070434902737693, 0.0, 0.0, 0.0, 0.0, 0.0, 0.0, 0.0, 0.0, 0.0, 0.0, 0.0, 0.0, 0.0, 0.0, 0.9771357014202249, 0.9773331099696834, 0.0, 0.0, 0.0, 0.0, 0.0, 0.0, 0.0, 0.0, 0.0], [0.0, 0.0, 0.0, 0.0, 1.0070434902737693, 0.0, 1.0077203589118158, 0.0, 0.0, 0.0, 0.0, 0.0, 0.0, 0.0, 0.0, 0.0, 0.0, 0.0, 0.0, 0.0, 0.0, 0.0, 0.977329887722201, 0.9764550466870069, 0.0, 0.0, 0.0, 0.0, 0.0, 0.0, 0.0], [0.0, 0.0, 0.0, 0.0, 0.0, 1.0077203589118158, 0.0, 1.006574553200465, 0.0, 0.0, 0.0, 0.0, 0.0, 0.0, 0.0, 0.0, 0.0, 0.0, 0.0, 0.0, 0.0, 0.0, 0.0, 0.0, 0.9746467268573662, 0.9768586288795045, 0.0, 0.0, 0.0, 0.0, 0.0], [0.0, 0.0, 0.0, 0.0, 0.0, 0.0, 1.006574553200465, 0.0, 0.9923764250869431, 0.0, 0.0, 0.0, 0.0, 0.0, 0.0, 0.0, 0.0, 0.0, 0.0, 0.0, 0.0, 0.0, 0.0, 0.0, 0.0, 0.0, 0.9467266687901846, 0.9582729776385475, 0.0, 0.0, 0.0], [0.0, 0.0, 0.0, 0.0, 0.0, 0.0, 0.0, 0.9923764250869431, 0.0, 1.8575595359510948, 1.0080203910023553, 0.0, 0.0, 0.0, 0.0, 0.0, 0.0, 0.0, 0.0, 0.0, 0.0, 0.0, 0.0, 0.0, 0.0, 0.0, 0.0, 0.0, 0.0, 0.0, 0.0], [0.0, 0.0, 0.0, 0.0, 0.0, 0.0, 0.0, 0.0, 1.8575595359510948, 0.0, 0.0, 0.0, 0.0, 0.0, 0.0, 0.0, 0.0, 0.0, 0.0, 0.0, 0.0, 0.0, 0.0, 0.0, 0.0, 0.0, 0.0, 0.0, 0.0, 0.0, 0.0], [0.0, 0.0, 0.0, 0.0, 0.0, 0.0, 0.0, 0.0, 1.0080203910023553, 0.0, 0.0, 0.0, 0.0, 0.0, 0.0, 0.0, 0.0, 0.0, 0.0, 0.0, 0.0, 0.0, 0.0, 0.0, 0.0, 0.0, 0.0, 0.0, 0.9642165789136854, 0.9828535506612682, 0.9623049220135645], [0.987705278691617, 0.0, 0.0, 0.0, 0.0, 0.0, 0.0, 0.0, 0.0, 0.0, 0.0, 0.0, 0.0, 0.0, 0.0, 0.0, 0.0, 0.0, 0.0, 0.0, 0.0, 0.0, 0.0, 0.0, 0.0, 0.0, 0.0, 0.0, 0.0, 0.0, 0.0], [0.9874382574562142, 0.0, 0.0, 0.0, 0.0, 0.0, 0.0, 0.0, 0.0, 0.0, 0.0, 0.0, 0.0, 0.0, 0.0, 0.0, 0.0, 0.0, 0.0, 0.0, 0.0, 0.0, 0.0, 0.0, 0.0, 0.0, 0.0, 0.0, 0.0, 0.0, 0.0], [0.9877468225346331, 0.0, 0.0, 0.0, 0.0, 0.0, 0.0, 0.0, 0.0, 0.0, 0.0, 0.0, 0.0, 0.0, 0.0, 0.0, 0.0, 0.0, 0.0, 0.0, 0.0, 0.0, 0.0, 0.0, 0.0, 0.0, 0.0, 0.0, 0.0, 0.0, 0.0], [0.0, 0.9781327196890854, 0.0, 0.0, 0.0, 0.0, 0.0, 0.0, 0.0, 0.0, 0.0, 0.0, 0.0, 0.0, 0.0, 0.0, 0.0, 0.0, 0.0, 0.0, 0.0, 0.0, 0.0, 0.0, 0.0, 0.0, 0.0, 0.0, 0.0, 0.0, 0.0], [0.0, 0.9780677109645878, 0.0, 0.0, 0.0, 0.0, 0.0, 0.0, 0.0, 0.0, 0.0, 0.0, 0.0, 0.0, 0.0, 0.0, 0.0, 0.0, 0.0, 0.0, 0.0, 0.0, 0.0, 0.0, 0.0, 0.0, 0.0, 0.0, 0.0, 0.0, 0.0], [0.0, 0.0, 0.9772483695368702, 0.0, 0.0, 0.0, 0.0, 0.0, 0.0, 0.0, 0.0, 0.0, 0.0, 0.0, 0.0, 0.0, 0.0, 0.0, 0.0, 0.0, 0.0, 0.0, 0.0, 0.0, 0.0, 0.0, 0.0, 0.0, 0.0, 0.0, 0.0], [0.0, 0.0, 0.977170433062333, 0.0, 0.0, 0.0, 0.0, 0.0, 0.0, 0.0, 0.0, 0.0, 0.0, 0.0, 0.0, 0.0, 0.0, 0.0, 0.0, 0.0, 0.0, 0.0, 0.0, 0.0, 0.0, 0.0, 0.0, 0.0, 0.0, 0.0, 0.0], [0.0, 0.0, 0.0, 0.9773977661810009, 0.0, 0.0, 0.0, 0.0, 0.0, 0.0, 0.0, 0.0, 0.0, 0.0, 0.0, 0.0, 0.0, 0.0, 0.0, 0.0, 0.0, 0.0, 0.0, 0.0, 0.0, 0.0, 0.0, 0.0, 0.0, 0.0, 0.0], [0.0, 0.0, 0.0, 0.9772217144241284, 0.0, 0.0, 0.0, 0.0, 0.0, 0.0, 0.0, 0.0, 0.0, 0.0, 0.0, 0.0, 0.0, 0.0, 0.0, 0.0, 0.0, 0.0, 0.0, 0.0, 0.0, 0.0, 0.0, 0.0, 0.0, 0.0, 0.0], [0.0, 0.0, 0.0, 0.0, 0.9771357014202249, 0.0, 0.0, 0.0, 0.0, 0.0, 0.0, 0.0, 0.0, 0.0, 0.0, 0.0, 0.0, 0.0, 0.0, 0.0, 0.0, 0.0, 0.0, 0.0, 0.0, 0.0, 0.0, 0.0, 0.0, 0.0, 0.0], [0.0, 0.0, 0.0, 0.0, 0.9773331099696834, 0.0, 0.0, 0.0, 0.0, 0.0, 0.0, 0.0, 0.0, 0.0, 0.0, 0.0, 0.0, 0.0, 0.0, 0.0, 0.0, 0.0, 0.0, 0.0, 0.0, 0.0, 0.0, 0.0, 0.0, 0.0, 0.0], [0.0, 0.0, 0.0, 0.0, 0.0, 0.977329887722201, 0.0, 0.0, 0.0, 0.0, 0.0, 0.0, 0.0, 0.0, 0.0, 0.0, 0.0, 0.0, 0.0, 0.0, 0.0, 0.0, 0.0, 0.0, 0.0, 0.0, 0.0, 0.0, 0.0, 0.0, 0.0], [0.0, 0.0, 0.0, 0.0, 0.0, 0.9764550466870069, 0.0, 0.0, 0.0, 0.0, 0.0, 0.0, 0.0, 0.0, 0.0, 0.0, 0.0, 0.0, 0.0, 0.0, 0.0, 0.0, 0.0, 0.0, 0.0, 0.0, 0.0, 0.0, 0.0, 0.0, 0.0], [0.0, 0.0, 0.0, 0.0, 0.0, 0.0, 0.9746467268573662, 0.0, 0.0, 0.0, 0.0, 0.0, 0.0, 0.0, 0.0, 0.0, 0.0, 0.0, 0.0, 0.0, 0.0, 0.0, 0.0, 0.0, 0.0, 0.0, 0.0, 0.0, 0.0, 0.0, 0.0], [0.0, 0.0, 0.0, 0.0, 0.0, 0.0, 0.9768586288795045, 0.0, 0.0, 0.0, 0.0, 0.0, 0.0, 0.0, 0.0, 0.0, 0.0, 0.0, 0.0, 0.0, 0.0, 0.0, 0.0, 0.0, 0.0, 0.0, 0.0, 0.0, 0.0, 0.0, 0.0], [0.0, 0.0, 0.0, 0.0, 0.0, 0.0, 0.0, 0.9467266687901846, 0.0, 0.0, 0.0, 0.0, 0.0, 0.0, 0.0, 0.0, 0.0, 0.0, 0.0, 0.0, 0.0, 0.0, 0.0, 0.0, 0.0, 0.0, 0.0, 0.0, 0.0, 0.0, 0.0], [0.0, 0.0, 0.0, 0.0, 0.0, 0.0, 0.0, 0.9582729776385475, 0.0, 0.0, 0.0, 0.0, 0.0, 0.0, 0.0, 0.0, 0.0, 0.0, 0.0, 0.0, 0.0, 0.0, 0.0, 0.0, 0.0, 0.0, 0.0, 0.0, 0.0, 0.0, 0.0], [0.0, 0.0, 0.0, 0.0, 0.0, 0.0, 0.0, 0.0, 0.0, 0.0, 0.9642165789136854, 0.0, 0.0, 0.0, 0.0, 0.0, 0.0, 0.0, 0.0, 0.0, 0.0, 0.0, 0.0, 0.0, 0.0, 0.0, 0.0, 0.0, 0.0, 0.0, 0.0], [0.0, 0.0, 0.0, 0.0, 0.0, 0.0, 0.0, 0.0, 0.0, 0.0, 0.9828535506612682, 0.0, 0.0, 0.0, 0.0, 0.0, 0.0, 0.0, 0.0, 0.0, 0.0, 0.0, 0.0, 0.0, 0.0, 0.0, 0.0, 0.0, 0.0, 0.0, 0.0], [0.0, 0.0, 0.0, 0.0, 0.0, 0.0, 0.0, 0.0, 0.0, 0.0, 0.9623049220135645, 0.0, 0.0, 0.0, 0.0, 0.0, 0.0, 0.0, 0.0, 0.0, 0.0, 0.0, 0.0, 0.0, 0.0, 0.0, 0.0, 0.0, 0.0, 0.0, 0.0]], "Born radii": [], "Atomic SASAs": [], "Solvent H bonds": [], "Total SASA": NaN, "Total FOD": 0.0, "FOD": [0.0, 0.0, 0.0, 0.0, 0.0, 0.0, 0.0, 0.0, 0.0, 0.0, 0.0, 0.0, 0.0, 0.0, 0.0, 0.0, 0.0, 0.0, 0.0, 0.0, 0.0, 0.0, 0.0, 0.0, 0.0, 0.0, 0.0, 0.0, 0.0, 0.0, 0.0], "FOD s proportion": [0.0, 0.0, 0.0, 0.0, 0.0, 0.0, 0.0, 0.0, 0.0, 0.0, 0.0, 0.0, 0.0, 0.0, 0.0, 0.0, 0.0, 0.0, 0.0, 0.0, 0.0, 0.0, 0.0, 0.0, 0.0, 0.0, 0.0, 0.0, 0.0, 0.0, 0.0], "FOD p proportion": [0.0, 0.0, 0.0, 0.0, 0.0, 0.0, 0.0, 0.0, 0.0, 0.0, 0.0, 0.0, 0.0, 0.0, 0.0, 0.0, 0.0, 0.0, 0.0, 0.0, 0.0, 0.0, 0.0, 0.0, 0.0, 0.0, 0.0, 0.0, 0.0, 0.0, 0.0], "FOD d proportion": [0.0, 0.0, 0.0, 0.0, 0.0, 0.0, 0.0, 0.0, 0.0, 0.0, 0.0, 0.0, 0.0, 0.0, 0.0, 0.0, 0.0, 0.0, 0.0, 0.0, 0.0, 0.0, 0.0, 0.0, 0.0, 0.0, 0.0, 0.0, 0.0, 0.0, 0.0], "coordinates": [["5.38070", "0.40430", "0.30630"], ["3.99220", "0.74090", "-0.21360"], ["2.91970", "-0.11640", "0.45790"], ["1.52460", "0.22540", "-0.06780"], ["0.45120", "-0.63250", "0.60420"], ["-0.94440", "-0.29050", "0.07840"], ["-2.01710", "-1.15330", "0.75040"], ["-3.42060", "-0.84970", "0.22840"], ["-3.98650", "0.47180", "0.72130"], ["-3.46060", "1.13270", "1.61540"], ["-5.26920", "0.92600", "0.07420"], ["5.44890", "0.57900", "1.38480"], ["6.13190", "1.02890", "-0.18710"], ["5.62920", "-0.64390", "0.11130"], ["3.96740", "0.58650", "-1.29860"], ["3.78810", "1.80260", "-0.03210"], ["3.13090", "-1.17740", "0.27680"], ["2.95170", "0.03870", "1.54320"], ["1.49270", "0.07010", "-1.15310"], ["1.31360", "1.28630", "0.11340"], ["0.48280", "-0.47690", "1.68940"], ["0.66240", "-1.69340", "0.42310"], ["-0.97530", "-0.44770", "-1.00670"], ["-1.14880", "0.77160", "0.25540"], ["-1.97820", "-1.01750", "1.83780"], ["-1.79550", "-2.20940", "0.55300"], ["-4.10600", "-1.63520", "0.56680"], ["-3.42150", "-0.84510", "-0.86710"], ["-5.11280", "1.05330", "-0.99980"], ["-5.57870", "1.88420", "0.50070"], ["-6.05290", "0.18680", "0.25700"]], "bond_dist": [[0.0, 1.5203709481570609, 2.520046041246072, 3.878332532158634, 5.04615387200985, 6.367226669437802, 7.573030266016372, 8.89052676167166, 9.376631436182185, 8.967323740113324, 10.665196262141638, 1.0946842375772112, 1.094472548764929, 1.0947604715187702, 2.146233384327063, 2.146190161658561, 2.7503172871507027, 2.7502047141985626, 4.166303157476661, 4.166105713973182, 5.16516248147142, 5.164914560764776, 6.545884890524733, 6.540020668927585, 7.649863835389491, 7.641343796741513, 9.706950983187253, 8.967529914084478, 10.594368336998674, 11.060576102988488, 11.435774818524541], [1.5203709481570609, 0.0, 1.528440967129578, 2.525083691682317, 3.8850618270498605, 5.051640280146638, 6.374086297658669, 7.594404268933804, 8.037792390327086, 7.683942743149509, 9.267719288476535, 2.1686560492618465, 2.1591577848781687, 2.168640138427766, 1.0962113847246797, 1.0962691047366062, 2.1592139171467006, 2.1591830237383767, 2.7532041587938956, 2.753050693321865, 4.1737673869059835, 4.173580168152997, 5.168929659030001, 5.162439780762581, 6.5533112759886505, 6.541362009551222, 8.475595472295739, 7.609560167315848, 9.144218348224193, 9.665375636259565, 10.071371563992662], [2.520046041246072, 1.528440967129578, 0.0, 1.5295397150777095, 2.5261146351660293, 3.8865923210442332, 5.052990411627554, 6.386689536058567, 6.936206257025522, 6.603656952780027, 8.26389173815824, 2.7820095991926412, 3.4707298843326884, 2.7820456610199624, 2.1626455904747774, 2.16258631272835, 1.0968699330367297, 1.0967935539562583, 2.160192641872479, 2.1600473953133528, 2.7540940633899926, 2.7538234021084214, 4.174426649253763, 4.1692016621890575, 5.167739315213181, 5.159729067499572, 7.1888158371181, 6.519006529372402, 8.247068790182364, 8.730809513441466, 8.979968920324836], [3.878332532158634, 2.525083691682317, 1.5295397150777095, 0.0, 1.5296287033133236, 2.526556599405602, 3.8876604558525942, 5.0693764399578765, 5.572756497461556, 5.339342147680742, 6.831304619177803, 4.199429748192009, 4.678360613505548, 4.199464306313366, 2.7590820375624934, 2.759033631545654, 2.160276993813525, 2.1602759777398814, 1.0968189413025287, 1.0967512252101659, 2.160167671732914, 2.1601308039098006, 2.7539238969150905, 2.7477009007532094, 4.17680734652677, 4.163737226338857, 5.963908607616316, 5.1233539746927494, 6.753452537036148, 7.316534738522056, 7.584556101051663], [5.04615387200985, 3.8850618270498605, 2.5261146351660293, 1.5296287033133236, 0.0, 1.5300748347711624, 2.526877909595159, 3.896053993465696, 4.574535188409856, 4.409153628532351, 5.952545540354983, 5.201353083573543, 5.971328004723907, 5.201419457225114, 4.1797453606649295, 4.179652056092707, 2.7540695089267446, 2.7540389775745733, 2.1602019118591667, 2.1601879177516015, 1.0967538283498262, 1.0967732035384528, 2.1596416600908586, 2.1571180426671135, 2.751722791270952, 2.745340769376363, 4.666355954060942, 4.148219827829764, 6.030989441211119, 6.534843926980965, 6.564687131920302], [6.367226669437802, 5.051640280146638, 3.8865923210442332, 2.526556599405602, 1.5300748347711624, 0.0, 1.5318920099014814, 2.5429846794662367, 3.20137378479927, 3.2740081979127664, 4.492636745832006, 6.583084087264874, 7.203147110812051, 6.583174836657462, 5.176005915761689, 5.175889692603581, 4.175407077160262, 4.175357097303175, 2.754284121146546, 2.754285250296345, 2.1603161342729447, 2.1607296776783533, 1.0968630999354476, 1.0959766284004417, 2.166277867679952, 2.1521602124377264, 3.4702258154189334, 2.7087960093000727, 4.510418189037464, 5.136574137496704, 5.133856786081981], [7.573030266016372, 6.374086297658669, 5.052990411627554, 3.8876604558525942, 2.526877909595159, 1.5318920099014814, 0.0, 1.5278969893287961, 2.5534943078064614, 2.8386111480792855, 3.918786717850309, 7.690545016447144, 8.488056555537316, 7.689853110430654, 6.56045313145365, 6.561249736140212, 5.169795138107505, 5.170915710007271, 4.175968851655865, 4.177436971397654, 2.754766409334919, 2.7529172799050827, 2.1611614955851866, 2.1689190625747194, 1.0965370992355892, 1.0970052552289802, 2.1516132970401536, 2.164170245151707, 4.185169302429712, 4.687616761212461, 4.281003761969849], [8.89052676167166, 7.594404268933804, 6.386689536058567, 5.0693764399578765, 3.896053993465696, 2.5429846794662367, 1.5278969893287961, 0.0, 1.5197221686874216, 2.419768327753713, 2.567919408782137, 9.05795092170409, 9.744333453859223, 9.05289711031778, 7.679644746991881, 7.685565121056486, 6.559869061193218, 6.566898879227547, 5.186047741777933, 5.195033266495989, 4.184499062014472, 4.17380243662778, 2.768856821867104, 2.791132015867397, 2.167681471065341, 2.1436182635907914, 1.096037394435062, 1.0955100273388645, 2.8272645932066562, 3.4936731544321664, 2.829161271472519], [9.376631436182185, 8.037792390327086, 6.936206257025522, 5.572756497461556, 4.574535188409856, 3.20137378479927, 2.5534943078064614, 1.5197221686874216, 0.0, 1.229948954225337, 1.5067698364381998, 9.459307440293925, 10.174358433336227, 9.69941096046559, 8.20717230902337, 7.923575288971513, 7.319482471459304, 7.000122460357391, 5.804857525383375, 5.396666811097384, 4.670320309143689, 5.137050271313296, 3.5914885061767916, 2.8912772506281716, 2.7382212529304493, 3.4666466981796686, 2.116033908045899, 2.1392674376991767, 2.1374936608093136, 2.139775446162518, 2.13700923020936], [8.967323740113324, 7.683942743149509, 6.603656952780027, 5.339342147680742, 4.409153628532351, 3.2740081979127664, 2.8386111480792855, 2.419768327753713, 1.229948954225337, 0.0, 2.385174268266367, 8.929666863886915, 9.760934224755333, 9.383127858555483, 7.997806851881333, 7.463690370721443, 7.111700515347929, 6.505354727453376, 5.7731180396731885, 5.007252999399971, 4.2598933930322715, 5.13882763867402, 3.9433220335143817, 2.7063651730688525, 2.621131732668162, 3.8821236688183958, 3.029418018365904, 3.1742759646886407, 3.0944046664907936, 2.508715996281764, 3.075710756882058], [10.665196262141638, 9.267719288476535, 8.26389173815824, 6.831304619177803, 5.952545540354983, 4.492636745832006, 3.918786717850309, 2.567919408782137, 1.5067698364381998, 2.385174268266367, 0.0, 10.803506327577171, 11.404558181271206, 11.01095295512609, 9.344229216473662, 9.100242334135944, 8.66181380139287, 8.39812235562212, 6.925469060648528, 6.592769415806987, 6.136978364798103, 6.493601938061802, 4.636051521499734, 4.127271369803542, 4.209294265075798, 4.7038892727189054, 2.8557721267636182, 2.727056323217399, 1.0927681593091922, 1.093544576137617, 1.0927113845842373], [1.0946842375772112, 2.1686560492618465, 2.7820095991926412, 4.199429748192009, 5.201353083573543, 6.583084087264874, 7.690545016447144, 9.05795092170409, 9.459307440293925, 8.929666863886915, 10.803506327577171, 0.0, 1.7719392258201183, 1.774766111351014, 3.0652135423164237, 2.502610479079795, 3.112190379780775, 2.559887202593114, 4.727730328603779, 4.383769763571075, 5.0862417539869265, 5.3850952544964334, 6.931358508979319, 6.696438188320713, 7.610245440194423, 7.806945443641835, 9.842150153802775, 9.261917219453, 10.837932669102535, 11.139710122350582, 11.56361348887103], [1.094472548764929, 2.1591577848781687, 3.4707298843326884, 4.678360613505548, 5.971328004723907, 7.203147110812051, 8.488056555537316, 9.744333453859223, 10.174358433336227, 9.760934224755333, 11.404558181271206, 1.7719392258201183, 0.0, 1.7720072488565053, 2.473097300956838, 2.4730618936856392, 3.753526861499728, 3.7534126032185693, 4.834731645086416, 4.834518579962228, 6.140115365365703, 6.139926023984328, 7.305092987772298, 7.298671250988085, 8.605910467812222, 8.595231565234297, 10.605677273517236, 9.759186828829542, 11.274056711760856, 11.761919881124848, 12.22193553656703], [1.0947604715187702, 2.168640138427766, 2.7820456610199624, 4.199464306313366, 5.201419457225114, 6.583174836657462, 7.689853110430654, 9.05289711031778, 9.69941096046559, 9.383127858555483, 11.01095295512609, 1.774766111351014, 1.7720072488565053, 0.0, 2.5026548723305817, 3.0652202237359716, 2.559983474556037, 3.1121193132654796, 4.383963459017422, 4.727587102317629, 5.3855103351493065, 5.0860369375379095, 6.701331113293835, 6.925726608811527, 7.809796026145626, 7.600793328988757, 9.796135716699721, 9.105653106175303, 10.931861463172684, 11.49608387147554, 11.712504061472082], [2.146233384327063, 1.0962113847246797, 2.1626455904747774, 2.7590820375624934, 4.1797453606649295, 5.176005915761689, 6.56045313145365, 7.679644746991881, 8.20717230902337, 7.997806851881333, 9.344229216473662, 3.0652135423164237, 2.473097300956838, 2.5026548723305817, 0.0, 1.7649560759407017, 2.5085774096088804, 3.0671743625037036, 2.532188638312715, 3.0864410702295935, 4.711836236543032, 4.368663399713922, 5.0581675081001425, 5.350203776493004, 6.910859593422515, 6.667570455570754, 8.578779377627098, 7.538667920793433, 9.097099302524953, 9.800486262936142, 10.148204941761868], [2.146190161658561, 1.0962691047366062, 2.16258631272835, 2.759033631545654, 4.179652056092707, 5.175889692603581, 6.561249736140212, 7.685565121056486, 7.923575288971513, 7.463690370721443, 9.100242334135944, 2.502610479079795, 2.4730618936856392, 3.0652202237359716, 1.7649560759407017, 0.0, 3.0672024794590915, 2.5084812656266737, 3.086593334082091, 2.5319727861886667, 4.3686028189799995, 4.711605196745585, 5.357581059582767, 5.051593695062975, 6.685783851576419, 6.900367741649717, 8.630988637462107, 7.725663236900765, 8.984648829531402, 9.382295915179824, 9.976956923330881], [2.7503172871507027, 2.1592139171467006, 1.0968699330367297, 2.160276993813525, 2.7540695089267446, 4.175407077160262, 5.169795138107505, 6.559869061193218, 7.319482471459304, 7.111700515347929, 8.66181380139287, 3.112190379780775, 3.753526861499728, 2.559983474556037, 2.5085774096088804, 3.0672024794590915, 0.0, 1.7648741626529638, 2.506904365946176, 3.065794601730521, 3.081975441174053, 2.5260942064776604, 4.363566520634239, 4.702647238524276, 5.344641411731941, 5.040905414704783, 7.2571621485261035, 6.659795511875722, 8.63506338946044, 9.234752727063135, 9.284590250517251], [2.7502047141985626, 2.1591830237383767, 1.0967935539562583, 2.1602759777398814, 2.7540389775745733, 4.175357097303175, 5.170915710007271, 6.566898879227547, 7.000122460357391, 6.505354727453376, 8.39812235562212, 2.559887202593114, 3.7534126032185693, 3.1121193132654796, 3.0671743625037036, 2.5084812656266737, 1.7648741626529638, 0.0, 3.065893124360339, 2.5068317474453687, 2.5263976349735606, 3.0815075709788546, 4.707430718555505, 4.360008199533574, 5.050372422901107, 5.3451246468160125, 7.318908898189676, 6.870831592318357, 8.516596879622753, 8.789789568584677, 9.097200954689304], [4.166303157476661, 2.7532041587938956, 2.160192641872479, 1.0968189413025287, 2.1602019118591667, 2.754284121146546, 4.175968851655865, 5.186047741777933, 5.804857525383375, 5.7731180396731885, 6.925469060648528, 4.727730328603779, 4.834731645086416, 4.383963459017422, 2.532188638312715, 3.086593334082091, 2.506904365946176, 3.065893124360339, 0.0, 1.7650046742147738, 3.0657647104760013, 2.5067382751296554, 2.5259797703069595, 3.0746539236148185, 4.709087319215901, 4.349615695667836, 6.100126702782492, 5.0068701481065, 6.680030941545106, 7.485366471322563, 7.67711405802988], [4.166105713973182, 2.753050693321865, 2.1600473953133528, 1.0967512252101659, 2.1601879177516015, 2.754285250296345, 4.177436971397654, 5.195033266495989, 5.396666811097384, 5.007252999399971, 6.592769415806987, 4.383769763571075, 4.834518579962228, 4.727587102317629, 3.0864410702295935, 2.5319727861886667, 3.065794601730521, 2.5068317474453687, 1.7650046742147738, 0.0, 2.5065671505068443, 3.0657116009174774, 3.0822789004241646, 2.5196217672499976, 4.372298827847886, 4.698900877864951, 6.173556347033694, 5.284450607206013, 6.526263877594899, 6.929017606414347, 7.4494861205320735], [5.16516248147142, 4.1737673869059835, 2.7540940633899926, 2.160167671732914, 1.0967538283498262, 2.1603161342729447, 2.754766409334919, 4.184499062014472, 4.670320309143689, 4.2598933930322715, 6.136978364798103, 5.0862417539869265, 6.140115365365703, 5.3855103351493065, 4.711836236543032, 4.3686028189799995, 3.081975441174053, 2.5263976349735606, 3.0657647104760013, 2.5065671505068443, 0.0, 1.7651187212196238, 3.0652672738278466, 2.5054394444887307, 2.5240427730131674, 3.079547385574705, 4.8640492483115345, 4.681326946497115, 6.394063499841083, 6.612834728767989, 6.723662836579479], [5.164914560764776, 4.173580168152997, 2.7538234021084214, 2.1601308039098006, 1.0967732035384528, 2.1607296776783533, 2.7529172799050827, 4.17380243662778, 5.137050271313296, 5.13882763867402, 6.493601938061802, 5.3850952544964334, 6.139926023984328, 5.0860369375379095, 4.368663399713922, 4.711605196745585, 2.5260942064776604, 3.0815075709788546, 2.5067382751296554, 3.0657116009174774, 1.7651187212196238, 0.0, 2.5056252353454616, 3.0634610704234513, 3.0709909247667926, 2.514836459891577, 4.770919774005846, 4.366058650545134, 6.551483827347817, 7.19420410677929, 6.975528319776216], [6.545884890524733, 5.168929659030001, 4.174426649253763, 2.7539238969150905, 2.1596416600908586, 1.0968630999354476, 2.1611614955851866, 2.768856821867104, 3.5914885061767916, 3.9433220335143817, 4.636051521499734, 6.931358508979319, 7.305092987772298, 6.701331113293835, 5.0581675081001425, 5.357581059582767, 4.363566520634239, 4.707430718555505, 2.5259797703069595, 3.0822789004241646, 3.0652672738278466, 2.5056252353454616, 0.0, 1.763431640296839, 3.0694723813711047, 2.4917822978743547, 3.6996406568746645, 2.4821984932716403, 4.401358297162366, 5.375993297056834, 5.270820590761936], [6.540020668927585, 5.162439780762581, 4.1692016621890575, 2.7477009007532094, 2.1571180426671135, 1.0959766284004417, 2.1689190625747194, 2.791132015867397, 2.8912772506281716, 2.7063651730688525, 4.127271369803542, 6.696438188320713, 7.298671250988085, 6.925726608811527, 5.350203776493004, 5.051593695062975, 4.702647238524276, 4.360008199533574, 3.0746539236148185, 2.5196217672499976, 2.5054394444887307, 3.0634610704234513, 1.763431640296839, 0.0, 2.5283933495403756, 3.0648242445530216, 3.8255310794711885, 3.0064747512660075, 4.167514598654694, 4.574064369901237, 4.938845048186873], [7.649863835389491, 6.5533112759886505, 5.167739315213181, 4.17680734652677, 2.751722791270952, 2.166277867679952, 1.0965370992355892, 2.167681471065341, 2.7382212529304493, 2.621131732668162, 4.209294265075798, 7.610245440194423, 8.605910467812222, 7.809796026145626, 6.910859593422515, 6.685783851576419, 5.344641411731941, 5.050372422901107, 4.709087319215901, 4.372298827847886, 2.5240427730131674, 3.0709909247667926, 3.0694723813711047, 2.5283933495403756, 0.0, 1.7620204141836724, 2.5543153936035385, 3.070719892793871, 4.708067922194836, 4.813657606228345, 4.533480695889197], [7.641343796741513, 6.541362009551222, 5.159729067499572, 4.163737226338857, 2.745340769376363, 2.1521602124377264, 1.0970052552289802, 2.1436182635907914, 3.4666466981796686, 3.8821236688183958, 4.7038892727189054, 7.806945443641835, 8.595231565234297, 7.600793328988757, 6.667570455570754, 6.900367741649717, 5.040905414704783, 5.3451246468160125, 4.349615695667836, 4.698900877864951, 3.079547385574705, 2.514836459891577, 2.4917822978743547, 3.0648242445530216, 1.7620204141836724, 0.0, 2.3808205161246403, 2.5537960960107995, 4.905188928063831, 5.574306996389776, 4.894368723339099], [9.706950983187253, 8.475595472295739, 7.1888158371181, 5.963908607616316, 4.666355954060942, 3.4702258154189334, 2.1516132970401536, 1.096037394435062, 2.116033908045899, 3.029418018365904, 2.8557721267636182, 9.842150153802775, 10.605677273517236, 9.796135716699721, 8.578779377627098, 8.630988637462107, 7.2571621485261035, 7.318908898189676, 6.100126702782492, 6.173556347033694, 4.8640492483115345, 4.770919774005846, 3.6996406568746645, 3.8255310794711885, 2.5543153936035385, 2.3808205161246403, 0.0, 1.7745048520643723, 3.270460831442566, 3.8156769858047475, 2.684414209841693], [8.967529914084478, 7.609560167315848, 6.519006529372402, 5.1233539746927494, 4.148219827829764, 2.7087960093000727, 2.164170245151707, 1.0955100273388645, 2.1392674376991767, 3.1742759646886407, 2.727056323217399, 9.261917219453, 9.759186828829542, 9.105653106175303, 7.538667920793433, 7.725663236900765, 6.659795511875722, 6.870831592318357, 5.0068701481065, 5.284450607206013, 4.681326946497115, 4.366058650545134, 2.4821984932716403, 3.0064747512660075, 3.070719892793871, 2.5537960960107995, 1.7745048520643723, 0.0, 2.545982627591948, 3.7381101067250553, 3.0418225424899465], [10.594368336998674, 9.144218348224193, 8.247068790182364, 6.753452537036148, 6.030989441211119, 4.510418189037464, 4.185169302429712, 2.8272645932066562, 2.1374936608093136, 3.0944046664907936, 1.0927681593091922, 10.837932669102535, 11.274056711760856, 10.931861463172684, 9.097099302524953, 8.984648829531402, 8.63506338946044, 8.516596879622753, 6.680030941545106, 6.526263877594899, 6.394063499841083, 6.551483827347817, 4.401358297162366, 4.167514598654694, 4.708067922194836, 4.905188928063831, 3.270460831442566, 2.545982627591948, 0.0, 1.7773457373285595, 1.7928068774968486], [11.060576102988488, 9.665375636259565, 8.730809513441466, 7.316534738522056, 6.534843926980965, 5.136574137496704, 4.687616761212461, 3.4936731544321664, 2.139775446162518, 2.508715996281764, 1.093544576137617, 11.139710122350582, 11.761919881124848, 11.49608387147554, 9.800486262936142, 9.382295915179824, 9.234752727063135, 8.789789568584677, 7.485366471322563, 6.929017606414347, 6.612834728767989, 7.19420410677929, 5.375993297056834, 4.574064369901237, 4.813657606228345, 5.574306996389776, 3.8156769858047475, 3.7381101067250553, 1.7773457373285595, 0.0, 1.779163311784503], [11.435774818524541, 10.071371563992662, 8.979968920324836, 7.584556101051663, 6.564687131920302, 5.133856786081981, 4.281003761969849, 2.829161271472519, 2.13700923020936, 3.075710756882058, 1.0927113845842373, 11.56361348887103, 12.22193553656703, 11.712504061472082, 10.148204941761868, 9.976956923330881, 9.284590250517251, 9.097200954689304, 7.67711405802988, 7.4494861205320735, 6.723662836579479, 6.975528319776216, 5.270820590761936, 4.938845048186873, 4.533480695889197, 4.894368723339099, 2.684414209841693, 3.0418225424899465, 1.7928068774968486, 1.779163311784503, 0.0]]}