{"total energy": -27.21964092, "HOMO-LUMO gap/eV": 11.51742803, "electronic energy": -27.56194064, "dipole": [-0.17851235, 0.41710389, 0.5440507], "partial charges": [-0.10029073, -0.05187457, -0.07180491, 0.14335542, -0.11034962, -0.45395484, -0.07009299, -0.09858737, 0.03231994, 0.03140098, 0.02972974, 0.03908948, 0.03348317, 0.03067359, 0.03068421, 0.04596828, 0.03489509, 0.05164826, 0.28367606, 0.02950802, 0.04311807, 0.03001986, 0.03318937, 0.03419547], "atomic dipole moments": [[0.0793979, -0.0497867, -0.02973527], [0.00344892, 0.07628301, 0.0939889], [0.01028123, -0.06409913, -0.08336404], [0.03159377, 0.05042308, -0.12452044], [0.00671511, 0.11363156, 0.02168133], [-0.05607506, 0.06237253, 0.21334077], [-0.06594769, 0.07732708, -0.04853529], [-0.0197031, -0.09935628, -0.01355974], [-0.09851917, -0.02936068, -0.07206041], [-0.0301608, -0.02771793, 0.11900517], [0.01719465, 0.12370744, -0.00872412], [0.01827022, 0.02770908, -0.12178554], [-0.02953431, -0.12148111, 0.00532763], [0.00627633, 0.12225907, 6.417e-05], [-0.02546191, -0.031027, 0.11949186], [0.10848416, -0.05628941, -0.03675724], [-0.03644914, -0.05497698, 0.10975639], [-0.07780895, -0.04043578, -0.09539906], [-0.00828598, 0.07593513, 0.00584137], [-0.01595691, -0.04779565, 0.11411737], [0.10820011, -0.04903231, -0.04044516], [-0.09216409, 0.06148263, 0.05855782], [0.02729499, 0.05764867, -0.10815395], [0.10142444, 0.01436313, 0.07265323]], "atomic quadrupole moments": [[0.11537479, -0.14117781, -0.02848529, -0.07864419, 0.06122673, -0.0868895], [0.1912576, -0.08890842, -0.10516073, 0.05986535, 0.12119564, -0.08609688], [0.18354843, -0.04187334, -0.12810009, 0.0465097, 0.10247496, -0.05544834], [-0.1264604, 0.01701982, -0.06761264, -0.0745312, -0.12171771, 0.19407304], [-0.09303757, 0.03452819, 0.21571522, 0.00765386, 0.00944039, -0.12267765], [-0.09941412, 0.0099425, -0.02901701, -0.05636156, -0.05457715, 0.12843113], [-0.04851517, 0.09242494, 0.12914589, 0.15384327, 0.05992533, -0.08063072], [-0.09401164, 0.05000578, 0.20853623, 0.01500271, 0.03190534, -0.1145246], [0.0320373, 0.01739567, -0.03364584, 0.05318204, 0.03063668, 0.00160853], [-0.03709624, -0.0070735, -0.03010939, -0.0206514, -0.03349219, 0.06720564], [-0.02713788, 0.02573314, 0.07411892, -0.01309728, -0.00893491, -0.04698104], [-0.01173205, 0.00242399, -0.02790889, -0.02007746, -0.02780358, 0.03964094], [-0.0141231, 0.00634964, 0.05200411, 0.00133903, -0.01398536, -0.03788101], [-0.00980421, 0.01985265, 0.05636776, 0.01186209, -0.00868886, -0.04656356], [-0.01555924, 0.01004507, -0.02891006, -0.01073201, -0.03652996, 0.0444693], [0.06946607, -0.02936208, -0.0221315, -0.02303827, 0.01366837, -0.04733457], [-0.04000321, 0.01198668, -0.02345497, -0.03914496, -0.0326523, 0.06345818], [0.02286175, 0.0061263, -0.03197914, 0.06636111, 0.01067151, 0.00911739], [-0.09038857, -0.01194915, 0.14132167, -0.01337629, -0.012276, -0.0509331], [-0.03429551, 0.02414832, -0.01208896, -0.02154134, -0.02204254, 0.04638446], [0.02524996, -0.01570457, -0.00091449, -0.03040982, 0.0332999, -0.02433547], [0.04371271, -0.03301547, -0.01194938, -0.04727369, 0.01810427, -0.03176333], [-0.05108635, 0.00668175, -0.01570883, -0.0186138, -0.03379632, 0.06679519], [0.0353982, 0.00251691, -0.0248017, 0.06324764, 0.00327409, -0.0105965]], "number of molecular orbitals": 48, "number of electrons": 50, "number of unpaired electrons": 0, "orbital energies/eV": [-18.35309858, -17.12599349, -16.78860181, -16.5805356, -16.12487837, -15.63808822, -15.39495176, -15.18873327, -14.55476076, -14.16954018, -13.99040054, -13.70103734, -13.49041352, -13.12404508, -12.96101777, -12.63277465, -12.45651426, -12.40977747, -12.23777723, -12.14189008, -12.01458793, -11.78335898, -11.54691094, -11.42787528, -10.77059804, 0.74682999, 1.48421704, 1.85926546, 2.27146661, 3.02781904, 3.47567773, 3.74079907, 4.04888874, 4.0884924, 4.48339746, 4.52399112, 4.72664597, 5.21908481, 5.56452117, 5.89521088, 6.0013055, 6.49848987, 6.64945851, 7.01301288, 7.27353109, 7.4928797, 7.80000041, 8.23176726], "fractional occupation": [2.0, 2.0, 2.0, 2.0, 2.0, 2.0, 2.0, 2.0, 2.0, 2.0, 2.0, 2.0, 2.0, 2.0, 2.0, 2.0, 2.0, 2.0, 2.0, 2.0, 2.0, 2.0, 2.0, 2.0, 2.0, 0.0, 0.0, 0.0, 0.0, 0.0, 0.0, 0.0, 0.0, 0.0, 0.0, 0.0, 0.0, 0.0, 0.0, 0.0, 0.0, 0.0, 0.0, 0.0, 0.0, 0.0, 0.0, 0.0], "program call": "xtb /home/svss/Project-DBcg-Debug/aqme2_20220329/End-to-End-workflows-final/example-3/QDESCP/mol_767_rdkit_conf_11/mol_767_rdkit_conf_11.xyz --pop --wbo --acc 0.2 --gfn 2 --chrg 0 --uhf 0 --etemp 300 --input /home/svss/Project-DBcg-Debug/aqme2_20220329/End-to-End-workflows-final/example-3/QDESCP/mol_767_rdkit_conf_11/mol_767_rdkit_conf_11_xtb.inp", "method": "GFN2-xTB", "xtb version": "6.3.3 (7355c4f)", "Dipole module/D": 1.801, "Total charge": 0, "Transition dipole module/D": NaN, "HOMO": -10.7706, "LUMO": 0.7468, "HOMO occupancy": 2.0, "LUMO occupancy": 0, "mulliken charges": [-0.08475, -0.03413, -0.07777, 0.24433, -0.09664, -0.57008, -0.06778, -0.08292, 0.02959, 0.02591, 0.02544, 0.03086, 0.0229, 0.02467, 0.02581, 0.04065, 0.0239, 0.04324, 0.3339, 0.02291, 0.03742, 0.02327, 0.02761, 0.03163], "cm5 charges": [-0.23528, -0.14628, -0.18243, 0.23483, -0.23972, -0.77721, -0.17375, -0.23338, 0.08036, 0.07721, 0.07674, 0.08817, 0.07864, 0.08354, 0.08212, 0.09442, 0.07633, 0.09793, 0.50538, 0.07855, 0.09489, 0.07538, 0.0811, 0.08245], "FUKUI+": [0.011, -0.011, -0.005, -0.058, 0.032, -0.103, 0.003, 0.023, -0.063, -0.037, -0.036, -0.037, -0.042, -0.051, -0.08, -0.054, -0.077, -0.053, -0.097, -0.073, -0.065, -0.031, -0.028, -0.068], "FUKUI-": [0.015, 0.002, -0.003, -0.024, 0.024, -0.109, -0.011, 0.022, -0.083, -0.057, -0.059, -0.049, -0.06, -0.046, -0.054, -0.062, -0.046, -0.06, -0.048, -0.06, -0.065, -0.044, -0.038, -0.085], "FUKUIrad": [0.013, -0.004, -0.004, -0.041, 0.028, -0.106, -0.004, 0.023, -0.073, -0.047, -0.047, -0.043, -0.051, -0.049, -0.067, -0.058, -0.062, -0.057, -0.072, -0.066, -0.065, -0.037, -0.033, -0.076], "s proportion": [1.008, 1.026, 1.045, 1.05, 1.016, 1.701, 1.041, 1.007, 0.97, 0.974, 0.975, 0.969, 0.977, 0.975, 0.974, 0.959, 0.976, 0.957, 0.666, 0.977, 0.963, 0.977, 0.972, 0.968], "p proportion": [3.076, 3.008, 3.033, 2.706, 3.08, 4.869, 3.027, 3.075, 0.0, 0.0, 0.0, 0.0, 0.0, 0.0, 0.0, 0.0, 0.0, 0.0, 0.0, 0.0, 0.0, 0.0, 0.0, 0.0], "d proportion": [0.0, 0.0, 0.0, 0.0, 0.0, 0.0, 0.0, 0.0, 0.0, 0.0, 0.0, 0.0, 0.0, 0.0, 0.0, 0.0, 0.0, 0.0, 0.0, 0.0, 0.0, 0.0, 0.0, 0.0], "Fermi-level/eV": -5.0119, "Coordination numbers": [3.75, 3.798, 3.801, 3.77, 3.752, 1.653, 3.801, 3.748, 0.924, 0.924, 0.924, 0.924, 0.924, 0.924, 0.924, 0.924, 0.924, 0.924, 0.804, 0.924, 0.923, 0.924, 0.924, 0.924], "Dispersion coefficient C6": [22.479, 21.508, 21.874, 18.302, 22.67, 21.926, 21.842, 22.45, 2.554, 2.567, 2.59, 2.461, 2.538, 2.577, 2.577, 2.371, 2.518, 2.3, 0.772, 2.594, 2.408, 2.586, 2.542, 2.528], "Total dispersion C6": 3809.904804, "Total dispersion C8": 79013.497071, "Polarizability alpha": [6.762, 6.603, 6.659, 6.097, 6.79, 6.321, 6.654, 6.758, 2.499, 2.505, 2.517, 2.453, 2.491, 2.51, 2.51, 2.408, 2.482, 2.371, 1.381, 2.519, 2.427, 2.515, 2.493, 2.486], "Total polarizability alpha": 91.211647, "Wiberg matrix": [[0.0, 1.0192950437391692, 0.0, 0.0, 0.0, 0.0, 0.0, 0.0, 0.9872162201919512, 0.9877724469415621, 0.9876554451209957, 0.0, 0.0, 0.0, 0.0, 0.0, 0.0, 0.0, 0.0, 0.0, 0.0, 0.0, 0.0, 0.0], [1.0192950437391692, 0.0, 1.0070852154132814, 0.0, 0.0, 0.0, 0.0, 0.0, 0.0, 0.0, 0.0, 0.9769875409374892, 0.976576027153999, 0.0, 0.0, 0.0, 0.0, 0.0, 0.0, 0.0, 0.0, 0.0, 0.0, 0.0], [0.0, 1.0070852154132814, 0.0, 0.9777043495582245, 0.0, 0.0, 0.0, 0.0, 0.0, 0.0, 0.0, 0.0, 0.0, 0.9711221947546452, 0.9761719641886573, 0.0, 0.0, 0.0, 0.0, 0.0, 0.0, 0.0, 0.0, 0.0], [0.0, 0.0, 0.9777043495582245, 0.0, 0.9953609001871109, 0.9737357188943527, 0.9732190749130042, 0.0, 0.0, 0.0, 0.0, 0.0, 0.0, 0.0, 0.0, 0.0, 0.0, 0.0, 0.0, 0.0, 0.0, 0.0, 0.0, 0.0], [0.0, 0.0, 0.0, 0.9953609001871109, 0.0, 0.0, 0.0, 0.0, 0.0, 0.0, 0.0, 0.0, 0.0, 0.0, 0.0, 0.9840303793375116, 0.9863699180337093, 0.9818326616329598, 0.0, 0.0, 0.0, 0.0, 0.0, 0.0], [0.0, 0.0, 0.0, 0.9737357188943527, 0.0, 0.0, 0.0, 0.0, 0.0, 0.0, 0.0, 0.0, 0.0, 0.0, 0.0, 0.0, 0.0, 0.0, 0.8976112024709997, 0.0, 0.0, 0.0, 0.0, 0.0], [0.0, 0.0, 0.0, 0.9732190749130042, 0.0, 0.0, 0.0, 1.0200997219433414, 0.0, 0.0, 0.0, 0.0, 0.0, 0.0, 0.0, 0.0, 0.0, 0.0, 0.0, 0.9771259655616231, 0.9754006194453043, 0.0, 0.0, 0.0], [0.0, 0.0, 0.0, 0.0, 0.0, 0.0, 1.0200997219433414, 0.0, 0.0, 0.0, 0.0, 0.0, 0.0, 0.0, 0.0, 0.0, 0.0, 0.0, 0.0, 0.0, 0.0, 0.9858010252436908, 0.9842560706229035, 0.9861310876377891], [0.9872162201919512, 0.0, 0.0, 0.0, 0.0, 0.0, 0.0, 0.0, 0.0, 0.0, 0.0, 0.0, 0.0, 0.0, 0.0, 0.0, 0.0, 0.0, 0.0, 0.0, 0.0, 0.0, 0.0, 0.0], [0.9877724469415621, 0.0, 0.0, 0.0, 0.0, 0.0, 0.0, 0.0, 0.0, 0.0, 0.0, 0.0, 0.0, 0.0, 0.0, 0.0, 0.0, 0.0, 0.0, 0.0, 0.0, 0.0, 0.0, 0.0], [0.9876554451209957, 0.0, 0.0, 0.0, 0.0, 0.0, 0.0, 0.0, 0.0, 0.0, 0.0, 0.0, 0.0, 0.0, 0.0, 0.0, 0.0, 0.0, 0.0, 0.0, 0.0, 0.0, 0.0, 0.0], [0.0, 0.9769875409374892, 0.0, 0.0, 0.0, 0.0, 0.0, 0.0, 0.0, 0.0, 0.0, 0.0, 0.0, 0.0, 0.0, 0.0, 0.0, 0.0, 0.0, 0.0, 0.0, 0.0, 0.0, 0.0], [0.0, 0.976576027153999, 0.0, 0.0, 0.0, 0.0, 0.0, 0.0, 0.0, 0.0, 0.0, 0.0, 0.0, 0.0, 0.0, 0.0, 0.0, 0.0, 0.0, 0.0, 0.0, 0.0, 0.0, 0.0], [0.0, 0.0, 0.9711221947546452, 0.0, 0.0, 0.0, 0.0, 0.0, 0.0, 0.0, 0.0, 0.0, 0.0, 0.0, 0.0, 0.0, 0.0, 0.0, 0.0, 0.0, 0.0, 0.0, 0.0, 0.0], [0.0, 0.0, 0.9761719641886573, 0.0, 0.0, 0.0, 0.0, 0.0, 0.0, 0.0, 0.0, 0.0, 0.0, 0.0, 0.0, 0.0, 0.0, 0.0, 0.0, 0.0, 0.0, 0.0, 0.0, 0.0], [0.0, 0.0, 0.0, 0.0, 0.9840303793375116, 0.0, 0.0, 0.0, 0.0, 0.0, 0.0, 0.0, 0.0, 0.0, 0.0, 0.0, 0.0, 0.0, 0.0, 0.0, 0.0, 0.0, 0.0, 0.0], [0.0, 0.0, 0.0, 0.0, 0.9863699180337093, 0.0, 0.0, 0.0, 0.0, 0.0, 0.0, 0.0, 0.0, 0.0, 0.0, 0.0, 0.0, 0.0, 0.0, 0.0, 0.0, 0.0, 0.0, 0.0], [0.0, 0.0, 0.0, 0.0, 0.9818326616329598, 0.0, 0.0, 0.0, 0.0, 0.0, 0.0, 0.0, 0.0, 0.0, 0.0, 0.0, 0.0, 0.0, 0.0, 0.0, 0.0, 0.0, 0.0, 0.0], [0.0, 0.0, 0.0, 0.0, 0.0, 0.8976112024709997, 0.0, 0.0, 0.0, 0.0, 0.0, 0.0, 0.0, 0.0, 0.0, 0.0, 0.0, 0.0, 0.0, 0.0, 0.0, 0.0, 0.0, 0.0], [0.0, 0.0, 0.0, 0.0, 0.0, 0.0, 0.9771259655616231, 0.0, 0.0, 0.0, 0.0, 0.0, 0.0, 0.0, 0.0, 0.0, 0.0, 0.0, 0.0, 0.0, 0.0, 0.0, 0.0, 0.0], [0.0, 0.0, 0.0, 0.0, 0.0, 0.0, 0.9754006194453043, 0.0, 0.0, 0.0, 0.0, 0.0, 0.0, 0.0, 0.0, 0.0, 0.0, 0.0, 0.0, 0.0, 0.0, 0.0, 0.0, 0.0], [0.0, 0.0, 0.0, 0.0, 0.0, 0.0, 0.0, 0.9858010252436908, 0.0, 0.0, 0.0, 0.0, 0.0, 0.0, 0.0, 0.0, 0.0, 0.0, 0.0, 0.0, 0.0, 0.0, 0.0, 0.0], [0.0, 0.0, 0.0, 0.0, 0.0, 0.0, 0.0, 0.9842560706229035, 0.0, 0.0, 0.0, 0.0, 0.0, 0.0, 0.0, 0.0, 0.0, 0.0, 0.0, 0.0, 0.0, 0.0, 0.0, 0.0], [0.0, 0.0, 0.0, 0.0, 0.0, 0.0, 0.0, 0.9861310876377891, 0.0, 0.0, 0.0, 0.0, 0.0, 0.0, 0.0, 0.0, 0.0, 0.0, 0.0, 0.0, 0.0, 0.0, 0.0, 0.0]], "Born radii": [], "Atomic SASAs": [], "Solvent H bonds": [], "Total SASA": NaN, "Total FOD": 0.0, "FOD": [0.0, 0.0, 0.0, 0.0, 0.0, 0.0, 0.0, 0.0, 0.0, 0.0, 0.0, 0.0, 0.0, 0.0, 0.0, 0.0, 0.0, 0.0, 0.0, 0.0, 0.0, 0.0, 0.0, 0.0], "FOD s proportion": [0.0, 0.0, 0.0, 0.0, 0.0, 0.0, 0.0, 0.0, 0.0, 0.0, 0.0, 0.0, 0.0, 0.0, 0.0, 0.0, 0.0, 0.0, 0.0, 0.0, 0.0, 0.0, 0.0, 0.0], "FOD p proportion": [0.0, 0.0, 0.0, 0.0, 0.0, 0.0, 0.0, 0.0, 0.0, 0.0, 0.0, 0.0, 0.0, 0.0, 0.0, 0.0, 0.0, 0.0, 0.0, 0.0, 0.0, 0.0, 0.0, 0.0], "FOD d proportion": [0.0, 0.0, 0.0, 0.0, 0.0, 0.0, 0.0, 0.0, 0.0, 0.0, 0.0, 0.0, 0.0, 0.0, 0.0, 0.0, 0.0, 0.0, 0.0, 0.0, 0.0, 0.0, 0.0, 0.0], "coordinates": [["-3.05060", "0.63970", "-0.05580"], ["-1.82240", "-0.13220", "-0.51660"], ["-0.60040", "0.19460", "0.35170"], ["0.71820", "-0.45930", "-0.12210"], ["0.59200", "-1.98530", "-0.21800"], ["1.03260", "0.00680", "-1.43730"], ["1.89820", "-0.12390", "0.82060"], ["2.20340", "1.36080", "0.98540"], ["-3.91310", "0.38690", "-0.68040"], ["-3.29950", "0.39690", "0.98220"], ["-2.88540", "1.71950", "-0.12670"], ["-1.62020", "0.11390", "-1.56490"], ["-2.04910", "-1.20240", "-0.46720"], ["-0.48430", "1.28530", "0.34480"], ["-0.80600", "-0.10180", "1.38800"], ["1.55050", "-2.43750", "-0.49970"], ["0.27220", "-2.42340", "0.73290"], ["-0.11400", "-2.28310", "-1.00050"], ["0.97630", "0.97700", "-1.43840"], ["1.71310", "-0.55480", "1.81240"], ["2.80960", "-0.59620", "0.43100"], ["1.37940", "1.89020", "1.47170"], ["2.40930", "1.83980", "0.02390"], ["3.09000", "1.48860", "1.61560"]], "bond_dist": [[0.0, 1.5220517369656001, 2.5234203573721126, 3.926327817439599, 4.4928241229765495, 4.356790894683838, 5.0834814212309265, 5.404498001664909, 1.0945041114587006, 1.0946903900190226, 1.0946624548234036, 2.1447360233837633, 2.136722869255627, 2.6764109194964814, 2.7699476258586553, 5.553046754710427, 4.587551540854881, 4.249569094625949, 4.27098087797171, 5.254506559135692, 6.008857386392193, 4.849938814047039, 5.590804960826303, 6.420372070994016], [1.5220517369656001, 0.0, 1.5342839144043712, 2.5917702483052003, 3.0581806568611998, 3.0030042440862452, 3.9536106396558575, 4.548859048157022, 2.160398514163533, 2.169832403666237, 2.170434034934027, 1.095619888464973, 1.095062231108351, 2.13115645131933, 2.1590493926726175, 4.085480156603382, 3.346370698234133, 2.7891146588120037, 3.1484538379973115, 4.254714092627141, 4.750648983033791, 4.277261026638426, 4.699809479117212, 5.595082058379484], [2.5234203573721126, 1.5342839144043712, 0.0, 1.5462139599680245, 2.5491841557643498, 2.4295017678528246, 2.562091220077849, 3.1020787498063296, 3.475081436455842, 2.779135899879673, 2.7884424989588723, 2.1725238986027287, 2.1727719392517932, 1.0968834532437801, 1.097288480756086, 3.5041693994440393, 2.7857975877654857, 2.8642672867593904, 2.5104960983837437, 2.836816366986062, 3.501393027067941, 2.8370878379070326, 3.445639268698916, 4.109857828441271], [3.926327817439599, 2.5917702483052003, 1.5462139599680245, 0.0, 1.5342096499500975, 1.4303312937917563, 1.5471187575619398, 2.597140600737665, 4.74095908229548, 4.253759539513252, 4.211071545343299, 2.806838905245543, 2.886042430388022, 2.1697075885934494, 2.1751767514388343, 2.1791237436180624, 2.1880653120965103, 2.188695922233146, 1.9652529073887663, 2.1774380611167796, 2.1676289304214413, 2.915053023531476, 2.857795657495476, 3.5269464044694527], [4.4928241229765495, 3.0581806568611998, 2.5491841557643498, 1.5342096499500975, 0.0, 2.376822092627044, 2.4999316710662316, 3.903993689800228, 5.112442919974755, 4.717958152633404, 5.081947411180089, 3.333857988877151, 2.7659432857526203, 3.488837899645095, 2.8427473067439535, 1.096613870056366, 1.094721179113659, 1.0951835873496278, 3.2268070813111835, 2.725017361412584, 2.6960247717704675, 4.300533118114544, 4.241754932807882, 4.655112691439381], [4.356790894683838, 3.0030042440862452, 2.4295017678528246, 1.4303312937917563, 2.376822092627044, 0.0, 2.4216643574203265, 3.012235702928972, 5.0177008788886575, 4.9772732163304045, 4.47233022595604, 2.6580255849032004, 3.449657017733792, 2.6667261332952807, 3.3726197547307346, 2.6686919380100806, 3.3457208849514033, 2.5979083528869915, 0.9718327736807397, 3.3673468636301784, 2.6479960139698098, 3.4827786033568082, 2.7185101305678447, 3.968478853414744], [5.0834814212309265, 3.9536106396558575, 2.562091220077849, 1.5471187575619398, 2.4999316710662316, 2.4216643574203265, 0.0, 1.5246770707267816, 6.023713582998448, 5.226225453422384, 5.213283975576239, 4.257498990017496, 4.289844796726334, 2.8086538643983885, 2.7631736843709263, 2.6864162633516053, 2.8176705875598733, 3.4680684379060343, 2.6767445563594596, 1.0970889025051707, 1.0979551038180022, 2.17937685130406, 2.1799247211773163, 2.1569813374250595], [5.404498001664909, 4.548859048157022, 3.1020787498063296, 2.597140600737665, 3.903993689800228, 3.012235702928972, 1.5246770707267816, 0.0, 6.413652867126502, 5.586682545124612, 5.221237165653367, 4.762216570043828, 5.173373874948533, 2.764018795160409, 3.370129653292288, 4.130240103190128, 4.255990992706634, 4.753119899602787, 2.7436988336914823, 2.143326025130101, 2.122424745426796, 1.0934935070680574, 1.0937632559196713, 1.0952371615316931], [1.0945041114587006, 2.160398514163533, 3.475081436455842, 4.74095908229548, 5.112442919974755, 5.0177008788886575, 6.023713582998448, 6.413652867126502, 0.0, 1.7722425680476133, 1.7716020264156394, 2.4727029057288705, 2.4588258844415964, 3.6898275081634915, 3.7644623334548055, 6.153114074190401, 5.235641228159164, 4.654516604331754, 4.982872100505892, 6.2253495620728, 6.884503675647213, 5.907791596696688, 6.525312150387903, 7.45176277802776], [1.0946903900190226, 2.169832403666237, 2.779135899879673, 4.253759539513252, 4.717958152633404, 4.9772732163304045, 5.226225453422384, 5.586682545124612, 1.7722425680476133, 0.0, 1.7749390919127337, 3.0639608189400858, 2.4943979253519277, 3.020080190988312, 2.575056811023788, 5.809677355068867, 4.557771765896138, 4.610955382564442, 4.94755353786091, 5.169247884363837, 6.21378884900348, 4.9357532707784335, 5.965793890170864, 6.512965123505575], [1.0946624548234036, 2.170434034934027, 2.7884424989588723, 4.211071545343299, 5.081947411180089, 4.47233022595604, 5.213283975576239, 5.221237165653367, 1.7716020264156394, 1.7749390919127337, 0.0, 2.499420260780487, 3.058240924126155, 2.485180697655605, 3.1520396793187744, 6.090729579451053, 5.279485801666674, 4.9462097771930384, 4.1454300175012, 5.484409863421953, 6.1730479327476475, 4.557690214352003, 5.298207294925333, 6.228509393105225], [2.1447360233837633, 1.095619888464973, 2.1725238986027287, 2.806838905245543, 3.333857988877151, 2.6580255849032004, 4.257498990017496, 4.762216570043828, 2.4727029057288705, 3.0639608189400858, 2.499420260780487, 0.0, 1.766789797910323, 2.5118520776510707, 3.070678514595756, 4.206855297012247, 3.9113877192116866, 2.8866580677316116, 2.7391159358449944, 4.792098065565854, 4.910293968796573, 4.623178712747324, 4.662605119458434, 5.847338230340366], [2.136722869255627, 1.095062231108351, 2.1727719392517932, 2.886042430388022, 2.7659432857526203, 3.449657017733792, 4.289844796726334, 5.173373874948533, 2.4588258844415964, 2.4943979253519277, 3.058240924126155, 1.766789797910323, 0.0, 3.0490317036724957, 2.489655600680544, 3.805738879639537, 2.884356895392801, 2.27967835231201, 3.853058390421822, 4.446359270234469, 4.978072656159209, 5.007805928747639, 5.41973159944291, 6.163593566256619], [2.6764109194964814, 2.13115645131933, 1.0968834532437801, 2.1697075885934494, 3.488837899645095, 2.6667261332952807, 2.8086538643983885, 2.764018795160409, 3.6898275081634915, 3.020080190988312, 2.485180697655605, 2.5118520776510707, 3.0490317036724957, 0.0, 1.7651638847427171, 4.325832998394645, 3.8049138689331725, 3.831505283827755, 2.3255544478682926, 3.219997597825191, 3.794370817408336, 2.2603507050898095, 2.9636747493610027, 3.7989319578007708], [2.7699476258586553, 2.1590493926726175, 1.097288480756086, 2.1751767514388343, 2.8427473067439535, 3.3726197547307346, 2.7631736843709263, 3.370129653292288, 3.7644623334548055, 2.575056811023788, 3.1520396793187744, 3.070678514595756, 2.489655600680544, 1.7651638847427171, 0.0, 3.8173286510333377, 2.6422524122422524, 3.3078491410582798, 3.5112589893085357, 2.594453539765166, 3.772644128459508, 2.9582161601208252, 3.996089771263904, 4.214260305201851], [5.553046754710427, 4.085480156603382, 3.5041693994440393, 2.1791237436180624, 1.096613870056366, 2.6686919380100806, 2.6864162633516053, 4.130240103190128, 6.153114074190401, 5.809677355068867, 6.090729579451053, 4.206855297012247, 3.805738879639537, 4.325832998394645, 3.8173286510333377, 0.0, 1.7758244451521665, 1.745050214177231, 3.587432728289131, 2.986101883727345, 2.417006617698843, 4.758642711950541, 4.393971971917892, 4.717924919919773], [4.587551540854881, 3.346370698234133, 2.7857975877654857, 2.1880653120965103, 1.094721179113659, 3.3457208849514033, 2.8176705875598733, 4.255990992706634, 5.235641228159164, 4.557771765896138, 5.279485801666674, 3.9113877192116866, 2.884356895392801, 3.8049138689331725, 2.6422524122422524, 1.7758244451521665, 0.0, 1.78143484023413, 4.095487841515343, 2.5948369929535073, 3.1413694800198204, 4.514295320423776, 4.821281121237384, 4.90131616303213], [4.249569094625949, 2.7891146588120037, 2.8642672867593904, 2.188695922233146, 1.0951835873496278, 2.5979083528869915, 3.4680684379060343, 4.753119899602787, 4.654516604331754, 4.610955382564442, 4.9462097771930384, 2.8866580677316116, 2.27967835231201, 3.831505283827755, 3.3078491410582798, 1.745050214177231, 1.78143484023413, 0.0, 3.46536614371411, 3.773290567926091, 3.6663688876052833, 5.075278247544661, 4.941127670886475, 5.5977956465022904], [4.27098087797171, 3.1484538379973115, 2.5104960983837437, 1.9652529073887663, 3.2268070813111835, 0.9718327736807397, 2.6767445563594596, 2.7436988336914823, 4.982872100505892, 4.94755353786091, 4.1454300175012, 2.7391159358449944, 3.853058390421822, 2.3255544478682926, 3.5112589893085357, 3.587432728289131, 4.095487841515343, 3.46536614371411, 0.0, 3.6683764964899663, 3.0546036551408764, 3.076541217016278, 2.2217637430654054, 3.7491836778157452], [5.254506559135692, 4.254714092627141, 2.836816366986062, 2.1774380611167796, 2.725017361412584, 3.3673468636301784, 1.0970889025051707, 2.143326025130101, 6.2253495620728, 5.169247884363837, 5.484409863421953, 4.792098065565854, 4.446359270234469, 3.219997597825191, 2.594453539765166, 2.986101883727345, 2.5948369929535073, 3.773290567926091, 3.6683764964899663, 0.0, 1.7641689743332412, 2.4910755066838104, 3.0688003926616014, 2.4718550544075195], [6.008857386392193, 4.750648983033791, 3.501393027067941, 2.1676289304214413, 2.6960247717704675, 2.6479960139698098, 1.0979551038180022, 2.122424745426796, 6.884503675647213, 6.21378884900348, 6.1730479327476475, 4.910293968796573, 4.978072656159209, 3.794370817408336, 3.772644128459508, 2.417006617698843, 3.1413694800198204, 3.6663688876052833, 3.0546036551408764, 1.7641689743332412, 0.0, 3.0513461766898886, 2.502012489976819, 2.4141856515189546], [4.849938814047039, 4.277261026638426, 2.8370878379070326, 2.915053023531476, 4.300533118114544, 3.4827786033568082, 2.17937685130406, 1.0934935070680574, 5.907791596696688, 4.9357532707784335, 4.557690214352003, 4.623178712747324, 5.007805928747639, 2.2603507050898095, 2.9582161601208252, 4.758642711950541, 4.514295320423776, 5.075278247544661, 3.076541217016278, 2.4910755066838104, 3.0513461766898886, 0.0, 1.7774585817959303, 1.762992379450348], [5.590804960826303, 4.699809479117212, 3.445639268698916, 2.857795657495476, 4.241754932807882, 2.7185101305678447, 2.1799247211773163, 1.0937632559196713, 6.525312150387903, 5.965793890170864, 5.298207294925333, 4.662605119458434, 5.41973159944291, 2.9636747493610027, 3.996089771263904, 4.393971971917892, 4.821281121237384, 4.941127670886475, 2.2217637430654054, 3.0688003926616014, 2.502012489976819, 1.7774585817959303, 0.0, 1.7664095844395773], [6.420372070994016, 5.595082058379484, 4.109857828441271, 3.5269464044694527, 4.655112691439381, 3.968478853414744, 2.1569813374250595, 1.0952371615316931, 7.45176277802776, 6.512965123505575, 6.228509393105225, 5.847338230340366, 6.163593566256619, 3.7989319578007708, 4.214260305201851, 4.717924919919773, 4.90131616303213, 5.5977956465022904, 3.7491836778157452, 2.4718550544075195, 2.4141856515189546, 1.762992379450348, 1.7664095844395773, 0.0]]}