{"total energy": -48.1178952, "HOMO-LUMO gap/eV": 3.79106582, "electronic energy": -48.73758966, "dipole": [-1.12807106, -0.19572698, 2.08852316], "partial charges": [-0.0374967, -0.18993165, 0.39459026, -0.44867435, -0.30599413, 0.14490236, -0.04951728, -0.03134314, -0.05407826, 0.08691881, -0.26645535, 0.12192627, -0.07599259, -0.04944821, -0.04575883, -0.06407119, 0.05690442, 0.05400847, 0.08026053, 0.1817934, 0.04806462, 0.03976276, 0.03516671, 0.00165675, 0.04814466, 0.07327017, 0.05068123, 0.04402853, 0.05483049, 0.05660736, 0.04524388], "atomic dipole moments": [[-0.165607, -0.06296919, 0.03658022], [0.03591562, 0.07344431, -0.04562733], [-0.11285113, -0.04450172, 0.07613794], [-0.02240044, -0.03644983, 0.1917282], [0.01646776, 0.0270119, -0.20688869], [0.24242759, 0.04041597, 0.14696026], [-0.00210037, 0.02621008, 0.01954404], [0.01339345, 0.0012203, 0.00501318], [0.00684749, 0.01911729, 0.01256632], [-0.08183405, 0.0498015, 0.04121539], [0.06270936, -0.23160277, 0.05365031], [-0.0885612, 0.03039204, 0.03430997], [0.01515495, 0.0500793, 0.09608541], [0.03707829, -0.16491706, 0.03272743], [0.08306065, 0.07353319, -0.11710952], [0.01407634, -0.01386201, -0.0129462], [0.07520247, -0.04132889, 0.09146997], [-0.01696806, 0.12197413, 0.001827], [0.03848525, -0.04176125, -0.12193033], [-0.04847519, -0.01093411, 0.13022453], [0.1260125, -0.08182595, -0.04336507], [-0.00212757, -0.09216873, -0.11995741], [-0.12485802, -0.01422419, -0.08467855], [0.02920477, -0.13325226, 0.0468953], [0.0699856, 0.06911319, 0.07713798], [0.01978267, 0.0409991, -0.1241368], [-0.12108858, 0.03144833, 0.02072829], [0.05547961, 0.0287906, 0.10613057], [-0.00192851, -0.12878548, -0.01127753], [-0.12462233, 0.03092126, 0.0086241], [-0.00067754, 0.09900427, 0.11982142]], "atomic quadrupole moments": [[0.29922981, 0.19533101, -0.12482918, -0.07746807, -0.04647041, -0.17440063], [0.07774064, 0.05404881, -0.01280465, 0.01606779, -0.01180495, -0.064936], [-0.03716587, -0.08916759, 0.35282427, -0.11705853, 0.09622336, -0.3156584], [-0.07928358, -0.05895486, 0.12828832, -0.00991533, 0.02939899, -0.04900474], [0.07289003, 0.02601542, -0.07596155, 0.02127349, -0.00225218, 0.00307152], [0.07420475, 0.24643706, -0.07052817, 0.181007, -0.32397909, -0.00367658], [-0.17730237, 0.1704947, 0.14290602, -0.12551126, -0.32512498, 0.03439635], [-0.18830315, 0.18099438, 0.16989046, -0.13193296, -0.36166044, 0.0184127], [-0.17965517, 0.1582191, 0.17112326, -0.13610963, -0.30829357, 0.00853191], [-0.06748314, 0.04869506, 0.14401244, -0.22353818, -0.33296667, -0.0765293], [-0.00044025, 0.00438124, -0.09231873, 0.14006211, 0.14465878, 0.09275898], [5.645e-05, 0.05301407, -0.23662137, 0.28867841, 0.32531047, 0.23656492], [-0.06027925, 0.01471358, 0.05485335, -0.02221429, -0.04743713, 0.00542589], [-0.11950088, -0.09951859, 0.29425251, -0.01667088, -0.07078408, -0.17475163], [-0.04886763, 0.07228792, -0.04099508, -0.18701253, -0.16803832, 0.08986271], [-0.13917777, 0.12709882, 0.13994225, -0.10597546, -0.32117298, -0.00076448], [0.02458233, -0.01097514, -0.03633621, 0.04791488, -0.03872497, 0.01175387], [-0.00908636, 0.00368313, 0.06819505, -0.01005457, -0.00041426, -0.05910869], [-0.0195925, 0.00618009, -0.02207438, -0.02501932, 0.03640063, 0.04166688], [0.01372957, 0.01793188, -0.05713769, 0.01400372, -0.00451856, 0.04340812], [0.02863319, -0.01535576, -0.01942539, 0.02183756, 0.03495303, -0.0092078], [0.03033832, -0.0240434, -0.02265207, 0.01952833, 0.04357786, -0.00768625], [0.02730202, -0.02048034, -0.0228356, 0.0170413, 0.04337309, -0.00446641], [0.03861947, -0.01221364, -0.01045897, -0.06487797, -0.01863841, -0.0281605], [-0.00411246, 0.01896066, 0.00717589, 0.05586656, 0.0276551, -0.00306343], [-0.04173542, 0.00036472, -0.01893992, -0.03006327, -0.01328288, 0.06067533], [0.07219393, -0.0042198, -0.02426204, -0.03077283, -0.00529686, -0.04793189], [-0.00315061, 0.03154984, -0.03933006, 0.03007715, 0.01921401, 0.04248067], [-0.04703891, -0.01206191, 0.06934108, -0.017803, 0.02003595, -0.02230217], [0.0567959, -0.04119854, -0.02637216, 0.0034323, -0.01849058, -0.03042375], [0.01522476, -0.01169207, -0.01975801, 0.01712394, 0.04081307, 0.00453325]], "number of molecular orbitals": 79, "number of electrons": 86, "number of unpaired electrons": 0, "orbital energies/eV": [-19.65512232, -18.93496194, -18.24545361, -18.06063702, -17.7435393, -17.5340275, -17.28792394, -17.18120885, -16.86341516, -16.58506296, -16.29882278, -16.13639557, -15.83282396, -15.71820273, -15.50419642, -15.35047987, -15.05676159, -14.91359487, -14.75727725, -14.68764923, -14.31071818, -14.06501279, -13.9429278, -13.83202794, -13.62393103, -13.4810846, -13.40619739, -13.36977868, -13.21063798, -12.92531323, -12.89988561, -12.88144319, -12.69705355, -12.37799947, -12.08706143, -11.73715781, -11.47767202, -11.20417805, -10.94923026, -10.85939388, -10.5037019, -10.05181567, -9.74659046, -5.95552464, -5.80714987, -5.67534289, -5.20278467, -2.39781797, -0.47948552, -0.28356014, 1.3840643, 1.82585621, 2.73009013, 3.19852097, 3.41474403, 3.48320522, 3.87508068, 4.14631207, 4.33466964, 4.65444139, 5.0058605, 5.09028713, 5.10924974, 5.33331913, 5.55688518, 5.56669805, 5.62675835, 5.79650979, 6.14128946, 9.02377197, 9.07272887, 10.46775741, 11.08487434, 11.84264164, 12.23220295, 13.83954435, 16.56088501, 17.09035962, 17.76941747], "fractional occupation": [2.0, 2.0, 2.0, 2.0, 2.0, 2.0, 2.0, 2.0, 2.0, 2.0, 2.0, 2.0, 2.0, 2.0, 2.0, 2.0, 2.0, 2.0, 2.0, 2.0, 2.0, 2.0, 2.0, 2.0, 2.0, 2.0, 2.0, 2.0, 2.0, 2.0, 2.0, 2.0, 2.0, 2.0, 2.0, 2.0, 2.0, 2.0, 2.0, 2.0, 2.0, 2.0, 2.0, 0.0, 0.0, 0.0, 0.0, 0.0, 0.0, 0.0, 0.0, 0.0, 0.0, 0.0, 0.0, 0.0, 0.0, 0.0, 0.0, 0.0, 0.0, 0.0, 0.0, 0.0, 0.0, 0.0, 0.0, 0.0, 0.0, 0.0, 0.0, 0.0, 0.0, 0.0, 0.0, 0.0, 0.0, 0.0, 0.0], "program call": "xtb /home/svss/Project-DBcg-Debug/aqme2_20220329/End-to-End-workflows-final/example-3/QDESCP/mol_224_rdkit_conf_4/mol_224_rdkit_conf_4.xyz --pop --wbo --acc 0.2 --gfn 2 --chrg 0 --uhf 0 --etemp 300 --input /home/svss/Project-DBcg-Debug/aqme2_20220329/End-to-End-workflows-final/example-3/QDESCP/mol_224_rdkit_conf_4/mol_224_rdkit_conf_4_xtb.inp", "method": "GFN2-xTB", "xtb version": "6.3.3 (7355c4f)", "Dipole module/D": 6.054, "Total charge": 0, "Transition dipole module/D": NaN, "HOMO": -9.7466, "LUMO": -5.9555, "HOMO occupancy": 2.0, "LUMO occupancy": 0, "mulliken charges": [0.07228, -0.35122, 0.65053, -0.56353, -0.43342, 0.25275, -0.06782, -0.02374, -0.07292, 0.16211, -0.3997, 0.27602, -0.26834, 0.06246, 0.0568, -0.09214, 0.02935, 0.03663, 0.05596, 0.23408, 0.04931, 0.0316, 0.03435, 0.00938, 0.03366, 0.0478, 0.0273, 0.03145, 0.03629, 0.03559, 0.04715], "cm5 charges": [-0.01402, -0.71076, 0.77212, -0.60413, -0.49116, 0.26963, -0.11752, -0.07855, -0.12002, 0.21811, -0.58402, 0.37871, -0.53549, -0.0232, -0.03102, -0.13394, 0.09076, 0.09897, 0.12009, 0.43271, 0.10961, 0.08706, 0.0932, 0.08443, 0.0953, 0.11105, 0.08782, 0.09223, 0.09679, 0.09605, 0.10918], "FUKUI+": [0.02, -0.042, -0.037, -0.074, -0.038, -0.039, -0.016, -0.036, -0.038, -0.013, -0.069, -0.039, -0.054, 0.021, 0.021, -0.034, -0.032, -0.026, -0.019, -0.03, -0.05, -0.063, -0.057, -0.051, -0.025, -0.017, -0.034, -0.027, -0.019, -0.033, -0.051], "FUKUI-": [0.019, -0.058, -0.001, -0.05, -0.031, -0.021, -0.035, -0.017, -0.028, -0.015, -0.112, 0.003, -0.081, 0.024, 0.027, -0.016, -0.038, -0.048, -0.031, -0.029, -0.047, -0.051, -0.045, -0.061, -0.042, -0.025, -0.04, -0.044, -0.03, -0.04, -0.038], "FUKUIrad": [0.019, -0.05, -0.019, -0.062, -0.034, -0.03, -0.026, -0.027, -0.033, -0.014, -0.09, -0.018, -0.068, 0.023, 0.024, -0.025, -0.035, -0.037, -0.025, -0.03, -0.049, -0.057, -0.051, -0.056, -0.033, -0.021, -0.037, -0.036, -0.024, -0.037, -0.044], "s proportion": [0.976, 1.414, 0.924, 1.723, 1.694, 1.02, 1.058, 1.06, 1.061, 1.048, 1.535, 0.989, 1.44, 0.981, 0.984, 1.06, 0.971, 0.963, 0.944, 0.766, 0.951, 0.968, 0.966, 0.991, 0.966, 0.952, 0.973, 0.969, 0.964, 0.964, 0.953], "p proportion": [2.952, 3.937, 2.426, 4.84, 4.74, 2.727, 3.01, 2.963, 3.012, 2.79, 3.865, 2.735, 3.828, 2.957, 2.96, 3.032, 0.0, 0.0, 0.0, 0.0, 0.0, 0.0, 0.0, 0.0, 0.0, 0.0, 0.0, 0.0, 0.0, 0.0, 0.0], "d proportion": [0.0, 0.0, 0.0, 0.0, 0.0, 0.0, 0.0, 0.0, 0.0, 0.0, 0.0, 0.0, 0.0, 0.0, 0.0, 0.0, 0.0, 0.0, 0.0, 0.0, 0.0, 0.0, 0.0, 0.0, 0.0, 0.0, 0.0, 0.0, 0.0, 0.0, 0.0], "Fermi-level/eV": -7.8511, "Coordination numbers": [3.689, 2.682, 2.647, 0.857, 1.706, 2.862, 2.91, 2.912, 2.916, 2.96, 1.831, 2.824, 2.727, 3.694, 3.693, 2.916, 0.924, 0.924, 0.924, 0.86, 0.925, 0.925, 0.925, 0.922, 0.924, 0.924, 0.924, 0.924, 0.924, 0.924, 0.925], "Dispersion coefficient C6": [21.439, 25.12, 20.337, 22.678, 19.097, 24.845, 29.229, 28.782, 29.343, 26.063, 27.769, 25.313, 22.717, 21.642, 21.577, 29.594, 2.236, 2.271, 1.976, 1.204, 2.344, 2.452, 2.514, 3.03, 2.343, 2.05, 2.312, 2.396, 2.261, 2.239, 2.38], "Total dispersion C6": 10334.792309, "Total dispersion C8": 235979.924345, "Polarizability alpha": [6.627, 7.444, 7.378, 6.385, 5.9, 8.17, 8.865, 8.797, 8.883, 8.374, 7.809, 8.244, 7.079, 6.656, 6.646, 8.921, 2.338, 2.356, 2.199, 1.719, 2.394, 2.449, 2.48, 2.722, 2.394, 2.239, 2.378, 2.421, 2.351, 2.34, 2.413], "Total polarizability alpha": 157.369107, "Wiberg matrix": [[0.0, 1.0059969444269863, 0.0, 0.0, 0.0, 0.0, 0.0, 0.0, 0.0, 0.0, 0.0, 0.0, 0.0, 0.0, 0.0, 0.0, 0.9833141065676393, 0.9752300485166198, 0.9767114606818793, 0.0, 0.0, 0.0, 0.0, 0.0, 0.0, 0.0, 0.0, 0.0, 0.0, 0.0, 0.0], [1.0059969444269863, 0.0, 1.2072785897164109, 0.1711801182437303, 0.0, 0.0, 0.0, 0.0, 0.0, 0.0, 0.0, 0.0, 0.0, 0.0, 0.0, 0.0, 0.0, 0.0, 0.0, 0.9397194922534325, 0.0, 0.0, 0.0, 0.0, 0.0, 0.0, 0.0, 0.0, 0.0, 0.0, 0.0], [0.0, 1.2072785897164109, 0.0, 1.6575842857280123, 1.0191381251541594, 0.0, 0.0, 0.0, 0.0, 0.0, 0.0, 0.0, 0.0, 0.0, 0.0, 0.0, 0.0, 0.0, 0.0, 0.0, 0.0, 0.0, 0.0, 0.0, 0.0, 0.0, 0.0, 0.0, 0.0, 0.0, 0.0], [0.0, 0.1711801182437303, 1.6575842857280123, 0.0, 0.12956593958119014, 0.0, 0.0, 0.0, 0.0, 0.0, 0.0, 0.0, 0.0, 0.0, 0.0, 0.0, 0.0, 0.0, 0.0, 0.0, 0.0, 0.0, 0.0, 0.0, 0.0, 0.0, 0.0, 0.0, 0.0, 0.0, 0.0], [0.0, 0.0, 1.0191381251541594, 0.12956593958119014, 0.0, 0.9635905753601214, 0.0, 0.0, 0.0, 0.0, 0.0, 0.0, 0.0, 0.0, 0.0, 0.0, 0.0, 0.0, 0.0, 0.0, 0.0, 0.0, 0.0, 0.0, 0.0, 0.0, 0.0, 0.0, 0.0, 0.0, 0.0], [0.0, 0.0, 0.0, 0.0, 0.9635905753601214, 0.0, 1.3933585763501228, 0.0, 0.0, 0.0, 0.0, 0.0, 0.0, 0.0, 0.0, 1.4042038155154202, 0.0, 0.0, 0.0, 0.0, 0.0, 0.0, 0.0, 0.0, 0.0, 0.0, 0.0, 0.0, 0.0, 0.0, 0.0], [0.0, 0.0, 0.0, 0.0, 0.0, 1.3933585763501228, 0.0, 1.4328262517908306, 0.0, 0.0, 0.0, 0.0, 0.0, 0.0, 0.0, 0.0, 0.0, 0.0, 0.0, 0.0, 0.9682412656328806, 0.0, 0.0, 0.0, 0.0, 0.0, 0.0, 0.0, 0.0, 0.0, 0.0], [0.0, 0.0, 0.0, 0.0, 0.0, 0.0, 1.4328262517908306, 0.0, 1.4495927500167696, 0.0, 0.0, 0.0, 0.0, 0.0, 0.0, 0.10586636941631522, 0.0, 0.0, 0.0, 0.0, 0.0, 0.970321323788858, 0.0, 0.0, 0.0, 0.0, 0.0, 0.0, 0.0, 0.0, 0.0], [0.0, 0.0, 0.0, 0.0, 0.0, 0.0, 0.0, 1.4495927500167696, 0.0, 1.3648110381277314, 0.0, 0.0, 0.0, 0.0, 0.0, 0.0, 0.0, 0.0, 0.0, 0.0, 0.0, 0.0, 0.9705905966184372, 0.0, 0.0, 0.0, 0.0, 0.0, 0.0, 0.0, 0.0], [0.0, 0.0, 0.0, 0.0, 0.0, 0.0, 0.0, 0.0, 1.3648110381277314, 0.0, 1.0884024301415174, 0.0, 0.0, 0.0, 0.0, 1.3716409028008005, 0.0, 0.0, 0.0, 0.0, 0.0, 0.0, 0.0, 0.0, 0.0, 0.0, 0.0, 0.0, 0.0, 0.0, 0.0], [0.0, 0.0, 0.0, 0.0, 0.0, 0.0, 0.0, 0.0, 0.0, 1.0884024301415174, 0.0, 1.6881574093569343, 0.17052462720501838, 0.0, 0.0, 0.0, 0.0, 0.0, 0.0, 0.0, 0.0, 0.0, 0.0, 0.0, 0.0, 0.0, 0.0, 0.0, 0.0, 0.0, 0.0], [0.0, 0.0, 0.0, 0.0, 0.0, 0.0, 0.0, 0.0, 0.0, 0.0, 1.6881574093569343, 0.0, 1.2320871406521623, 0.0, 0.0, 0.0, 0.0, 0.0, 0.0, 0.0, 0.0, 0.0, 0.0, 0.9403441811259821, 0.0, 0.0, 0.0, 0.0, 0.0, 0.0, 0.0], [0.0, 0.0, 0.0, 0.0, 0.0, 0.0, 0.0, 0.0, 0.0, 0.0, 0.17052462720501838, 1.2320871406521623, 0.0, 0.9983892434395218, 1.0048225974840237, 0.0, 0.0, 0.0, 0.0, 0.0, 0.0, 0.0, 0.0, 0.0, 0.0, 0.0, 0.0, 0.0, 0.0, 0.0, 0.0], [0.0, 0.0, 0.0, 0.0, 0.0, 0.0, 0.0, 0.0, 0.0, 0.0, 0.0, 0.0, 0.9983892434395218, 0.0, 0.0, 0.0, 0.0, 0.0, 0.0, 0.0, 0.0, 0.0, 0.0, 0.0, 0.9755634516489604, 0.9781307496947667, 0.9820717944457173, 0.0, 0.0, 0.0, 0.0], [0.0, 0.0, 0.0, 0.0, 0.0, 0.0, 0.0, 0.0, 0.0, 0.0, 0.0, 0.0, 1.0048225974840237, 0.0, 0.0, 0.0, 0.0, 0.0, 0.0, 0.0, 0.0, 0.0, 0.0, 0.0, 0.0, 0.0, 0.0, 0.9760037613646266, 0.9801365102377588, 0.9800933065495371, 0.0], [0.0, 0.0, 0.0, 0.0, 0.0, 1.4042038155154202, 0.0, 0.10586636941631522, 0.0, 1.3716409028008005, 0.0, 0.0, 0.0, 0.0, 0.0, 0.0, 0.0, 0.0, 0.0, 0.0, 0.0, 0.0, 0.0, 0.0, 0.0, 0.0, 0.0, 0.0, 0.0, 0.0, 0.9678020801711308], [0.9833141065676393, 0.0, 0.0, 0.0, 0.0, 0.0, 0.0, 0.0, 0.0, 0.0, 0.0, 0.0, 0.0, 0.0, 0.0, 0.0, 0.0, 0.0, 0.0, 0.0, 0.0, 0.0, 0.0, 0.0, 0.0, 0.0, 0.0, 0.0, 0.0, 0.0, 0.0], [0.9752300485166198, 0.0, 0.0, 0.0, 0.0, 0.0, 0.0, 0.0, 0.0, 0.0, 0.0, 0.0, 0.0, 0.0, 0.0, 0.0, 0.0, 0.0, 0.0, 0.0, 0.0, 0.0, 0.0, 0.0, 0.0, 0.0, 0.0, 0.0, 0.0, 0.0, 0.0], [0.9767114606818793, 0.0, 0.0, 0.0, 0.0, 0.0, 0.0, 0.0, 0.0, 0.0, 0.0, 0.0, 0.0, 0.0, 0.0, 0.0, 0.0, 0.0, 0.0, 0.0, 0.0, 0.0, 0.0, 0.0, 0.0, 0.0, 0.0, 0.0, 0.0, 0.0, 0.0], [0.0, 0.9397194922534325, 0.0, 0.0, 0.0, 0.0, 0.0, 0.0, 0.0, 0.0, 0.0, 0.0, 0.0, 0.0, 0.0, 0.0, 0.0, 0.0, 0.0, 0.0, 0.0, 0.0, 0.0, 0.0, 0.0, 0.0, 0.0, 0.0, 0.0, 0.0, 0.0], [0.0, 0.0, 0.0, 0.0, 0.0, 0.0, 0.9682412656328806, 0.0, 0.0, 0.0, 0.0, 0.0, 0.0, 0.0, 0.0, 0.0, 0.0, 0.0, 0.0, 0.0, 0.0, 0.0, 0.0, 0.0, 0.0, 0.0, 0.0, 0.0, 0.0, 0.0, 0.0], [0.0, 0.0, 0.0, 0.0, 0.0, 0.0, 0.0, 0.970321323788858, 0.0, 0.0, 0.0, 0.0, 0.0, 0.0, 0.0, 0.0, 0.0, 0.0, 0.0, 0.0, 0.0, 0.0, 0.0, 0.0, 0.0, 0.0, 0.0, 0.0, 0.0, 0.0, 0.0], [0.0, 0.0, 0.0, 0.0, 0.0, 0.0, 0.0, 0.0, 0.9705905966184372, 0.0, 0.0, 0.0, 0.0, 0.0, 0.0, 0.0, 0.0, 0.0, 0.0, 0.0, 0.0, 0.0, 0.0, 0.0, 0.0, 0.0, 0.0, 0.0, 0.0, 0.0, 0.0], [0.0, 0.0, 0.0, 0.0, 0.0, 0.0, 0.0, 0.0, 0.0, 0.0, 0.0, 0.9403441811259821, 0.0, 0.0, 0.0, 0.0, 0.0, 0.0, 0.0, 0.0, 0.0, 0.0, 0.0, 0.0, 0.0, 0.0, 0.0, 0.0, 0.0, 0.0, 0.0], [0.0, 0.0, 0.0, 0.0, 0.0, 0.0, 0.0, 0.0, 0.0, 0.0, 0.0, 0.0, 0.0, 0.9755634516489604, 0.0, 0.0, 0.0, 0.0, 0.0, 0.0, 0.0, 0.0, 0.0, 0.0, 0.0, 0.0, 0.0, 0.0, 0.0, 0.0, 0.0], [0.0, 0.0, 0.0, 0.0, 0.0, 0.0, 0.0, 0.0, 0.0, 0.0, 0.0, 0.0, 0.0, 0.9781307496947667, 0.0, 0.0, 0.0, 0.0, 0.0, 0.0, 0.0, 0.0, 0.0, 0.0, 0.0, 0.0, 0.0, 0.0, 0.0, 0.0, 0.0], [0.0, 0.0, 0.0, 0.0, 0.0, 0.0, 0.0, 0.0, 0.0, 0.0, 0.0, 0.0, 0.0, 0.9820717944457173, 0.0, 0.0, 0.0, 0.0, 0.0, 0.0, 0.0, 0.0, 0.0, 0.0, 0.0, 0.0, 0.0, 0.0, 0.0, 0.0, 0.0], [0.0, 0.0, 0.0, 0.0, 0.0, 0.0, 0.0, 0.0, 0.0, 0.0, 0.0, 0.0, 0.0, 0.0, 0.9760037613646266, 0.0, 0.0, 0.0, 0.0, 0.0, 0.0, 0.0, 0.0, 0.0, 0.0, 0.0, 0.0, 0.0, 0.0, 0.0, 0.0], [0.0, 0.0, 0.0, 0.0, 0.0, 0.0, 0.0, 0.0, 0.0, 0.0, 0.0, 0.0, 0.0, 0.0, 0.9801365102377588, 0.0, 0.0, 0.0, 0.0, 0.0, 0.0, 0.0, 0.0, 0.0, 0.0, 0.0, 0.0, 0.0, 0.0, 0.0, 0.0], [0.0, 0.0, 0.0, 0.0, 0.0, 0.0, 0.0, 0.0, 0.0, 0.0, 0.0, 0.0, 0.0, 0.0, 0.9800933065495371, 0.0, 0.0, 0.0, 0.0, 0.0, 0.0, 0.0, 0.0, 0.0, 0.0, 0.0, 0.0, 0.0, 0.0, 0.0, 0.0], [0.0, 0.0, 0.0, 0.0, 0.0, 0.0, 0.0, 0.0, 0.0, 0.0, 0.0, 0.0, 0.0, 0.0, 0.0, 0.9678020801711308, 0.0, 0.0, 0.0, 0.0, 0.0, 0.0, 0.0, 0.0, 0.0, 0.0, 0.0, 0.0, 0.0, 0.0, 0.0]], "Born radii": [], "Atomic SASAs": [], "Solvent H bonds": [], "Total SASA": NaN, "Total FOD": 0.0, "FOD": [0.0, 0.0, 0.0, 0.0, 0.0, 0.0, 0.0, 0.0, 0.0, 0.0, 0.0, 0.0, 0.0, 0.0, 0.0, 0.0, 0.0, 0.0, 0.0, 0.0, 0.0, 0.0, 0.0, 0.0, 0.0, 0.0, 0.0, 0.0, 0.0, 0.0, 0.0], "FOD s proportion": [0.0, 0.0, 0.0, 0.0, 0.0, 0.0, 0.0, 0.0, 0.0, 0.0, 0.0, 0.0, 0.0, 0.0, 0.0, 0.0, 0.0, 0.0, 0.0, 0.0, 0.0, 0.0, 0.0, 0.0, 0.0, 0.0, 0.0, 0.0, 0.0, 0.0, 0.0], "FOD p proportion": [0.0, 0.0, 0.0, 0.0, 0.0, 0.0, 0.0, 0.0, 0.0, 0.0, 0.0, 0.0, 0.0, 0.0, 0.0, 0.0, 0.0, 0.0, 0.0, 0.0, 0.0, 0.0, 0.0, 0.0, 0.0, 0.0, 0.0, 0.0, 0.0, 0.0, 0.0], "FOD d proportion": [0.0, 0.0, 0.0, 0.0, 0.0, 0.0, 0.0, 0.0, 0.0, 0.0, 0.0, 0.0, 0.0, 0.0, 0.0, 0.0, 0.0, 0.0, 0.0, 0.0, 0.0, 0.0, 0.0, 0.0, 0.0, 0.0, 0.0, 0.0, 0.0, 0.0, 0.0], "coordinates": [["6.09730", "0.49470", "0.33850"], ["4.79610", "-0.02580", "0.65620"], ["3.80430", "-0.11330", "-0.28240"], ["3.95280", "0.12590", "-1.47240"], ["2.62540", "-0.49760", "0.33970"], ["1.49370", "-0.65030", "-0.47620"], ["1.48100", "-1.54130", "-1.54900"], ["0.31490", "-1.68840", "-2.29840"], ["-0.83050", "-0.96540", "-1.95410"], ["-0.82480", "-0.10250", "-0.85240"], ["-1.97590", "0.62070", "-0.51150"], ["-2.82020", "0.00960", "0.25300"], ["-4.01600", "0.51720", "0.71040"], ["-4.30760", "1.93080", "0.51350"], ["-4.71120", "-0.13330", "1.80830"], ["0.34880", "0.05870", "-0.11480"], ["6.80330", "0.15550", "1.09990"], ["6.04680", "1.58670", "0.34200"], ["6.41720", "0.14930", "-0.64830"], ["4.50380", "-0.11270", "1.61930"], ["2.37080", "-2.10470", "-1.81430"], ["0.29740", "-2.35910", "-3.15300"], ["-1.73600", "-1.06980", "-2.54580"], ["-2.63280", "-1.02040", "0.61390"], ["-3.69750", "2.54330", "1.18540"], ["-4.10720", "2.23400", "-0.51970"], ["-5.36260", "2.14760", "0.71230"], ["-4.24170", "0.12530", "2.76290"], ["-4.69130", "-1.22250", "1.69420"], ["-5.76290", "0.16960", "1.84400"], ["0.36450", "0.73830", "0.73050"]], "bond_dist": [[0.0, 1.4370020807222232, 2.452147999203963, 2.8309455134283317, 3.6109209822426185, 4.813303860135988, 5.386852322089403, 6.7197706047156105, 7.441929831031733, 7.049138887835875, 8.118801280977383, 8.931093914521334, 10.120160707716057, 10.504996535934698, 10.92604083325703, 5.782804608492318, 1.092347289098115, 1.0931726762044502, 1.0933487138145819, 2.132750723830612, 5.027746060612051, 7.3466718110992275, 8.49278727097294, 8.86487558739546, 10.04251505400913, 10.387179211893862, 11.584520398359183, 10.625869033636729, 11.008205498172714, 11.959789475571881, 5.751347737704616], [1.4370020807222232, 0.0, 1.3683177445315835, 2.294581822467876, 2.24381505031052, 3.5465723974000585, 4.260227141831759, 5.619168386870071, 6.273367660993575, 5.820332779145879, 6.902280024745447, 7.6270472064882355, 8.828980295028414, 9.312679557463577, 9.577454982927355, 4.514427819779601, 2.063635437765111, 2.06473445750295, 2.088144025205158, 1.0102239900140957, 4.038226782883794, 6.3397630255396775, 7.349222435741076, 7.495303440155042, 8.889407652369195, 9.260571674578195, 10.38874393081281, 9.281316983057955, 9.618746989603169, 10.627395306470914, 4.497604680271489], [2.452147999203963, 1.3683177445315835, 0.0, 1.2228527670983127, 1.3872635330030123, 2.3800839901146347, 3.0068559077548094, 4.326789614714355, 5.000202629894113, 4.6640736968877325, 5.831119519440499, 6.6472368560176935, 7.908240903007444, 8.403256703802402, 8.768418713770458, 3.4638351591841086, 3.3131567620624294, 2.8824783797974964, 2.6514313078033913, 2.026268368207923, 2.892630951227619, 5.0578957689932675, 6.06075869013113, 6.562197841424777, 8.09252517079805, 8.255783477659767, 9.493848140243239, 8.606328953159995, 8.792752217593762, 9.804739935867753, 3.685568207210389], [2.8309455134283317, 2.294581822467876, 1.2228527670983127, 0.0, 2.331190558491519, 2.764430084122223, 2.9824853126210025, 4.148286019550725, 4.929800145036308, 4.823072497900068, 6.026411829604744, 6.990283245334197, 8.271608366575391, 8.685371090517664, 9.267959491171721, 3.851806017960925, 3.8396554142266472, 3.132222852863442, 2.598644979599946, 3.1494665976955525, 2.755938310267485, 4.728804343594689, 5.9113730630032135, 7.002626560084437, 8.451911836383529, 8.385423239169265, 9.779410112067087, 9.224293832050234, 9.304085281745863, 10.266218638817312, 4.254844187511453], [3.6109209822426185, 2.24381505031052, 1.3872635330030123, 2.331190558491519, 0.0, 1.4034796008492607, 2.4425701095362644, 3.70351002428777, 4.174158608630007, 3.6716599052744523, 4.811143109490716, 5.469856313469303, 6.728702065777619, 7.348048856669367, 7.491007943528027, 2.3872468452173106, 4.296427825531345, 4.006281285681274, 3.97144442866824, 2.3051921243141535, 2.6995013558062904, 4.591701159701054, 5.260735029442179, 5.291235462536137, 7.06691911019222, 7.316290704995257, 8.422829560189378, 7.308691063384742, 7.476245658751457, 8.548195787416198, 2.6061163174348145], [4.813303860135988, 3.5465723974000585, 2.3800839901146347, 2.764430084122223, 1.4034796008492607, 0.0, 1.3946118205436235, 2.4057501719837826, 2.7722521638552293, 2.4118568634975004, 3.6952417038672856, 4.4245829023762235, 5.755681532190606, 6.426248127017817, 6.632270596108094, 1.3943051925600793, 5.596897087672775, 5.138515335191674, 4.990974936823466, 3.706863366783297, 2.1621968874272293, 3.393580611979035, 3.858780442056791, 4.2840744939835025, 6.317321660324097, 6.300092027105635, 7.499975089958633, 6.632355338037913, 6.579686466694291, 7.6624935634556985, 2.1585707053511127], [5.386852322089403, 4.260227141831759, 3.0068559077548094, 2.9824853126210025, 2.4425701095362644, 1.3946118205436235, 0.0, 1.3939253853775677, 2.416360707758674, 2.8057281835559196, 4.207232803161717, 4.914551480043728, 6.289619989315729, 7.058135350076534, 7.183123842034188, 2.4287458656681227, 6.182449250903723, 5.848657507496913, 5.29485214996604, 4.6061201341259, 1.086069836612729, 2.154651201470902, 3.4007369039665507, 4.676839067147811, 7.139871341277796, 6.82204718687873, 8.096685856571193, 7.3565842929990275, 6.979775567308737, 8.180080379800678, 3.4116372403876705], [6.7197706047156105, 5.619168386870071, 4.326789614714355, 4.148286019550725, 3.70351002428777, 2.4057501719837826, 1.3939253853775677, 0.0, 1.3975738442028742, 2.4300022427973187, 3.7111614165918465, 4.384255691676753, 5.716138872525754, 6.50944671227901, 6.674204230468229, 2.796715319799282, 7.552995740764058, 7.110040068804114, 6.58316311433949, 5.947948132759733, 2.1527617866359483, 1.0865016797041782, 2.1564005959004926, 4.19721938668924, 6.792900786114869, 6.172840825746278, 7.4841978020359665, 7.047614414821514, 6.420276941846044, 7.586256955837971, 3.8814389419389297], [7.441929831031733, 6.273367660993575, 5.000202629894113, 4.929800145036308, 4.174158608630007, 2.7722521638552293, 2.416360707758674, 1.3975738442028742, 0.0, 1.399418375611811, 2.4307918730323252, 3.12743049483118, 4.409656818846564, 5.154342694272472, 5.468809437162718, 2.4129968483195334, 8.298086240212257, 7.68651708578079, 7.4482766476548115, 6.476962354375699, 3.400863158082077, 2.156830848722264, 1.0867099429010485, 3.1378231769811378, 5.512451808406129, 4.79900266826348, 6.1106782250417995, 5.922499550865328, 5.318079534944922, 6.32790315744481, 3.3967183942740973], [7.049138887835875, 5.820332779145879, 4.6640736968877325, 4.823072497900068, 3.6716599052744523, 2.4118568634975004, 2.8057281835559196, 2.4300022427973187, 1.399418375611811, 0.0, 1.4015214090409038, 2.2838775645817795, 3.6069556928246294, 4.257920565252481, 4.710029521138907, 1.3954842027052832, 7.878194520319995, 7.176271633654903, 7.2492498956788625, 5.873958025897019, 3.891775405904097, 3.4123799260926386, 2.152570159135353, 2.50228697395003, 4.405143785394524, 4.042780144900289, 5.301213534654117, 4.9797080777893, 4.763338515159299, 5.632889398878697, 2.151034992741866], [8.118801280977383, 6.902280024745447, 5.831119519440499, 6.026411829604744, 4.811143109490716, 3.6952417038672856, 4.207232803161717, 3.7111614165918465, 2.4307918730323252, 1.4015214090409038, 0.0, 1.2925733828297719, 2.380285669830409, 2.864229721932233, 3.664949403470667, 2.4243442371082535, 8.937973687587135, 8.125597426651163, 8.407440740796215, 6.860371439652521, 5.293287625852198, 4.585261517078388, 2.6558837982863635, 2.0955314314034994, 3.0886513124663324, 2.673058888240212, 3.9113740475694723, 4.012600922095293, 3.9542250682023647, 4.482548433647985, 2.6521436461851002], [8.931093914521334, 7.6270472064882355, 6.6472368560176935, 6.990283245334197, 5.469856313469303, 4.4245829023762235, 4.914551480043728, 4.384255691676753, 3.12743049483118, 2.2838775645817795, 1.2925733828297719, 0.0, 1.3772473125767937, 2.443609717201174, 2.452602597242366, 3.1906501923589174, 9.661794795481843, 9.006600602336045, 9.282317412155221, 7.451356183943966, 5.97415054882282, 5.189509172359174, 3.1896513038261722, 1.10736966275946, 2.838778036409328, 2.6835405064951043, 3.3534755478458464, 2.886805630796781, 2.6638586786839875, 3.349084097182393, 3.3017153163166566], [10.120160707716057, 8.828980295028414, 7.908240903007444, 8.271608366575391, 6.728702065777619, 5.755681532190606, 6.289619989315729, 5.716138872525754, 4.409656818846564, 3.6069556928246294, 2.380285669830409, 1.3772473125767937, 0.0, 1.456730973790288, 1.4532163293880234, 4.465720135655614, 10.83234922027535, 10.126178580787522, 10.52772902101873, 8.59126680181683, 7.351168882565548, 6.465630735666862, 4.280164417402678, 2.0704512189375532, 2.1052668381941513, 2.113969179056308, 2.114601458904254, 2.101733177641729, 2.109608641430917, 2.1112873631981035, 4.386122372893852], [10.504996535934698, 9.312679557463577, 8.403256703802402, 8.685371090517664, 7.348048856669367, 6.426248127017817, 7.058135350076534, 6.50944671227901, 5.154342694272472, 4.257920565252481, 2.864229721932233, 2.443609717201174, 1.456730973790288, 0.0, 2.4697993461008125, 5.057823668337994, 11.267104945814609, 10.361535427724986, 10.933657051965733, 9.112598742949237, 8.142784514525728, 7.283713974340288, 4.997603766806648, 3.394792576874175, 1.0949099826013096, 1.0952591656772381, 1.0952390971838066, 2.885129705923115, 3.3888905367391255, 2.64385207226123, 4.826765341302599], [10.92604083325703, 9.577454982927355, 8.768418713770458, 9.267959491171721, 7.491007943528027, 6.632270596108094, 7.183123842034188, 6.674204230468229, 5.468809437162718, 4.710029521138907, 3.664949403470667, 2.452602597242366, 1.4532163293880234, 2.4697993461008125, 0.0, 5.416528187870898, 11.539885018924583, 10.992861305865729, 11.399826002180909, 9.216961015432364, 8.19538728310017, 7.3928855861564635, 5.35602782853114, 2.5560290158759935, 2.929126091516035, 3.3746865469255067, 2.613052385621077, 1.0947901031704663, 1.0953407962821433, 1.0950323237238253, 5.261565345978323], [5.782804608492318, 4.514427819779601, 3.4638351591841086, 3.851806017960925, 2.3872468452173106, 1.3943051925600793, 2.4287458656681227, 2.796715319799282, 2.4129968483195334, 1.3954842027052832, 2.4243442371082535, 3.1906501923589174, 4.465720135655614, 5.057823668337994, 5.416528187870898, 0.0, 6.56851859858827, 5.916980162211126, 6.092479722576022, 4.50560825749421, 3.414247180565578, 3.8831762823750355, 3.3955359356072203, 3.253521024982012, 4.923037770523399, 4.975119104101931, 6.13740071854527, 5.418328441502969, 5.506047806730341, 6.418884103954518, 1.0847279566785397], [1.092347289098115, 2.063635437765111, 3.3131567620624294, 3.8396554142266472, 4.296427825531345, 5.596897087672775, 6.182449250903723, 7.552995740764058, 8.298086240212257, 7.878194520319995, 8.937973687587135, 9.661794795481843, 10.83234922027535, 11.267104945814609, 11.539885018924583, 6.56851859858827, 0.0, 1.7874669507434255, 1.7903393225866433, 2.3726373195244146, 5.76611844571372, 8.169278204345842, 9.365475592301761, 9.521497782386971, 10.769201443468313, 11.224182672248343, 12.334010660770486, 11.169534728000087, 11.592148448411105, 12.588219336347775, 6.475666578816424], [1.0931726762044502, 2.06473445750295, 2.8824783797974964, 3.132222852863442, 4.006281285681274, 5.138515335191674, 5.848657507496913, 7.110040068804114, 7.68651708578079, 7.176271633654903, 8.125597426651163, 9.006600602336045, 10.126178580787522, 10.361535427724986, 10.992861305865729, 5.916980162211126, 1.7874669507434255, 0.0, 1.7843791665450481, 2.6268430958091122, 5.638176979308117, 7.7999976282047685, 8.715982843604042, 9.066772092646865, 9.827399941490118, 10.211035215882863, 11.429179290745246, 10.67003650509219, 11.18154019310399, 11.988877783178872, 5.758406732769056], [1.0933487138145819, 2.088144025205158, 2.6514313078033913, 2.598644979599946, 3.97144442866824, 4.990974936823466, 5.29485214996604, 6.58316311433949, 7.4482766476548115, 7.2492498956788625, 8.407440740796215, 9.282317412155221, 10.52772902101873, 10.933657051965733, 11.399826002180909, 6.092479722576022, 1.7903393225866433, 1.7843791665450481, 0.0, 2.9785488614424307, 4.776340121892494, 7.072308299982405, 8.459396036360989, 9.212157561071132, 10.554660003050785, 10.729655512177454, 12.025311775168243, 11.191470441814158, 11.43537991235971, 12.432489991550364, 6.235638518227304], [2.132750723830612, 1.0102239900140957, 2.026268368207923, 3.1494665976955525, 2.3051921243141535, 3.706863366783297, 4.6061201341259, 5.947948132759733, 6.476962354375699, 5.873958025897019, 6.860371439652521, 7.451356183943966, 8.59126680181683, 9.112598742949237, 9.216961015432364, 4.50560825749421, 2.3726373195244146, 2.6268430958091122, 2.9785488614424307, 0.0, 4.50636904391995, 6.746477689135272, 7.563015434335698, 7.264007709935335, 8.631565727027745, 9.177779845365654, 10.162551552144764, 8.823164693577922, 9.262134206542248, 10.273038122678217, 4.318329645823718], [5.027746060612051, 4.038226782883794, 2.892630951227619, 2.755938310267485, 2.6995013558062904, 2.1621968874272293, 1.086069836612729, 2.1527617866359483, 3.400863158082077, 3.891775405904097, 5.293287625852198, 5.97415054882282, 7.351168882565548, 8.142784514525728, 8.19538728310017, 3.414247180565578, 5.76611844571372, 5.638176979308117, 4.776340121892494, 4.50636904391995, 0.0, 2.481093430324622, 4.297896753064223, 5.666381092902242, 8.211356098720843, 7.903467014544946, 9.179936732352788, 8.345586623479502, 7.934803431717764, 9.203948884582097, 4.310904282166329], [7.3466718110992275, 6.3397630255396775, 5.0578957689932675, 4.728804343594689, 4.591701159701054, 3.393580611979035, 2.154651201470902, 1.0865016797041782, 2.156830848722264, 3.4123799260926386, 4.585261517078388, 5.189509172359174, 6.465630735666862, 7.283713974340288, 7.3928855861564635, 3.8831762823750355, 8.169278204345842, 7.7999976282047685, 7.072308299982405, 6.746477689135272, 2.481093430324622, 0.0, 2.483083141982966, 4.956584039436838, 7.669059025069504, 6.887041284906022, 8.20283420410287, 7.8596148111723645, 7.048002205589893, 8.251761556176959, 4.967893056417378], [8.49278727097294, 7.349222435741076, 6.06075869013113, 5.9113730630032135, 5.260735029442179, 3.858780442056791, 3.4007369039665507, 2.1564005959004926, 1.0867099429010485, 2.152570159135353, 2.6558837982863635, 3.1896513038261722, 4.280164417402678, 4.997603766806648, 5.35602782853114, 3.3955359356072203, 9.365475592301761, 8.715982843604042, 8.459396036360989, 7.563015434335698, 4.297896753064223, 2.483083141982966, 0.0, 3.2848736185734757, 5.551921045908344, 4.543430982198365, 5.841156215168364, 5.990750553144405, 5.170562385272999, 6.084601877690932, 4.291324684756445], [8.86487558739546, 7.495303440155042, 6.562197841424777, 7.002626560084437, 5.291235462536137, 4.2840744939835025, 4.676839067147811, 4.19721938668924, 3.1378231769811378, 2.50228697395003, 2.0955314314034994, 1.10736966275946, 2.0704512189375532, 3.394792576874175, 2.5560290158759935, 3.253521024982012, 9.521497782386971, 9.066772092646865, 9.212157561071132, 7.264007709935335, 5.666381092902242, 4.956584039436838, 3.2848736185734757, 0.0, 3.7629982766405834, 3.74833612153446, 4.183026966205214, 2.9187991880223616, 2.3335198199286844, 3.567460163757964, 3.477129353360326], [10.04251505400913, 8.889407652369195, 8.09252517079805, 8.451911836383529, 7.06691911019222, 6.317321660324097, 7.139871341277796, 6.792900786114869, 5.512451808406129, 4.405143785394524, 3.0886513124663324, 2.838778036409328, 2.1052668381941513, 1.0949099826013096, 2.929126091516035, 4.923037770523399, 10.769201443468313, 9.827399941490118, 10.554660003050785, 8.631565727027745, 8.211356098720843, 7.669059025069504, 5.551921045908344, 3.7629982766405834, 0.0, 1.7806983433473509, 1.775657655630724, 2.9379216956889778, 3.927819435768401, 3.2146668272155363, 4.4681990790473955], [10.387179211893862, 9.260571674578195, 8.255783477659767, 8.385423239169265, 7.316290704995257, 6.300092027105635, 6.82204718687873, 6.172840825746278, 4.79900266826348, 4.042780144900289, 2.673058888240212, 2.6835405064951043, 2.113969179056308, 1.0952591656772381, 3.3746865469255067, 4.975119104101931, 11.224182672248343, 10.211035215882863, 10.729655512177454, 9.177779845365654, 7.903467014544946, 6.887041284906022, 4.543430982198365, 3.74833612153446, 1.7806983433473509, 0.0, 1.7610559673105226, 3.903865866035871, 4.146072632021779, 3.5482626086579336, 4.878136879998346], [11.584520398359183, 10.38874393081281, 9.493848140243239, 9.779410112067087, 8.422829560189378, 7.499975089958633, 8.096685856571193, 7.4841978020359665, 6.1106782250417995, 5.301213534654117, 3.9113740475694723, 3.3534755478458464, 2.114601458904254, 1.0952390971838066, 2.613052385621077, 6.13740071854527, 12.334010660770486, 11.429179290745246, 12.025311775168243, 10.162551552144764, 9.179936732352788, 8.20283420410287, 5.841156215168364, 4.183026966205214, 1.775657655630724, 1.7610559673105226, 0.0, 3.0904812667285335, 3.573841813790868, 2.3137564651449383, 5.897976953159447], [10.625869033636729, 9.281316983057955, 8.606328953159995, 9.224293832050234, 7.308691063384742, 6.632355338037913, 7.3565842929990275, 7.047614414821514, 5.922499550865328, 4.9797080777893, 4.012600922095293, 2.886805630796781, 2.101733177641729, 2.885129705923115, 1.0947901031704663, 5.418328441502969, 11.169534728000087, 10.67003650509219, 11.191470441814158, 8.823164693577922, 8.345586623479502, 7.8596148111723645, 5.990750553144405, 2.9187991880223616, 2.9379216956889778, 3.903865866035871, 3.0904812667285335, 0.0, 1.777870830516098, 1.777748334270068, 5.071833711785117], [11.008205498172714, 9.618746989603169, 8.792752217593762, 9.304085281745863, 7.476245658751457, 6.579686466694291, 6.979775567308737, 6.420276941846044, 5.318079534944922, 4.763338515159299, 3.9542250682023647, 2.6638586786839875, 2.109608641430917, 3.3888905367391255, 1.0953407962821433, 5.506047806730341, 11.592148448411105, 11.18154019310399, 11.43537991235971, 9.262134206542248, 7.934803431717764, 7.048002205589893, 5.170562385272999, 2.3335198199286844, 3.927819435768401, 4.146072632021779, 3.573841813790868, 1.777870830516098, 0.0, 1.763153144227693, 5.507682631561117], [11.959789475571881, 10.627395306470914, 9.804739935867753, 10.266218638817312, 8.548195787416198, 7.6624935634556985, 8.180080379800678, 7.586256955837971, 6.32790315744481, 5.632889398878697, 4.482548433647985, 3.349084097182393, 2.1112873631981035, 2.64385207226123, 1.0950323237238253, 6.418884103954518, 12.588219336347775, 11.988877783178872, 12.432489991550364, 10.273038122678217, 9.203948884582097, 8.251761556176959, 6.084601877690932, 3.567460163757964, 3.2146668272155363, 3.5482626086579336, 2.3137564651449383, 1.777748334270068, 1.763153144227693, 0.0, 6.253665541104673], [5.751347737704616, 4.497604680271489, 3.685568207210389, 4.254844187511453, 2.6061163174348145, 2.1585707053511127, 3.4116372403876705, 3.8814389419389297, 3.3967183942740973, 2.151034992741866, 2.6521436461851002, 3.3017153163166566, 4.386122372893852, 4.826765341302599, 5.261565345978323, 1.0847279566785397, 6.475666578816424, 5.758406732769056, 6.235638518227304, 4.318329645823718, 4.310904282166329, 4.967893056417378, 4.291324684756445, 3.477129353360326, 4.4681990790473955, 4.878136879998346, 5.897976953159447, 5.071833711785117, 5.507682631561117, 6.253665541104673, 0.0]]}