{"total energy": -65.29380363, "HOMO-LUMO gap/eV": 4.01448842, "electronic energy": -66.10662916, "dipole": [-1.1643942, -0.57700254, -0.72050537], "partial charges": [-0.10030489, -0.05126499, -0.06032444, 0.0859637, -0.31379939, 0.14807061, -0.10836642, 0.26344531, -0.42315504, 0.00760495, -0.16538642, 0.04226983, 0.01193335, -0.05101179, -0.09448848, -0.0393435, -0.03401916, -0.04139742, -0.00536791, -0.05499037, -0.09550438, 0.03505125, 0.03177481, 0.03313158, 0.03003207, 0.04296463, 0.03900481, 0.04371477, 0.03011954, 0.031967, 0.05269071, 0.0524255, 0.08434209, 0.06528235, 0.04077334, 0.04727726, 0.04753244, 0.03566078, 0.03136075, 0.04272489, 0.03828032, 0.03910453, 0.04135063, 0.02982972, 0.03214765, 0.04053523, 0.04035819], "atomic dipole moments": [[-0.06236189, -0.03865381, 0.07536456], [0.02524217, 0.11854247, 0.00691174], [-0.03641965, 0.03894219, -0.11510174], [-0.1497128, -0.14065108, -0.08114451], [0.04574157, 0.27346109, -0.0035403], [0.02125782, -0.0512205, 0.20507434], [0.01011275, -0.01268777, -0.06296434], [-0.02096894, -0.01372781, 0.00976753], [-0.15974458, -0.09994632, 0.04432602], [0.10997587, -0.07922276, 0.14658669], [0.01354306, 0.06560246, -0.14295457], [0.17676914, 0.08250594, -0.01995095], [0.06509057, -0.00600152, 0.02567095], [-0.04009007, -0.07199155, -0.08139154], [-0.03196335, 0.10646702, 0.02842452], [0.01859522, 0.00980022, -0.0044245], [-0.00032281, 0.00253899, -0.00127906], [0.0196771, 0.00698326, -0.00093994], [0.039243, 0.0561337, -0.04741684], [-0.00345864, -0.09890883, -0.03619669], [0.00157221, 0.04404707, 0.1042592], [-0.06181415, 0.07870012, -0.07770575], [0.04285918, -0.09261156, -0.07087108], [0.09994316, 0.05975927, 0.04774024], [0.06016628, -0.08622225, 0.05780523], [-0.09723674, -0.06125411, -0.05358334], [0.09798109, 0.04693397, 0.061333], [-0.0645066, -0.06032975, 0.08462666], [-0.03717289, 0.07022579, 0.09050802], [0.06578867, 0.06716848, -0.07867904], [-0.05771998, -0.05963417, -0.0903225], [0.0728957, 0.08447581, -0.06519809], [-0.00443695, 0.13353367, -0.0165379], [-0.12974207, -0.03500338, -0.01041183], [-0.04219572, 0.00650971, 0.11691967], [0.10372612, 0.07278225, 0.01319036], [0.04523314, -0.0147235, -0.12097269], [0.09046883, -0.03615704, 0.07946756], [-0.0916896, -0.08375801, 0.01194355], [-0.03569534, -0.10620702, 0.10253031], [-0.13756826, -0.06133641, 0.01150955], [-0.11613483, 0.03848111, -0.08966912], [-0.09054692, 0.08543155, 0.00534072], [0.10020408, 0.07553763, 0.01366622], [0.0937255, -0.08360197, -0.01415472], [0.01767297, 0.09006568, -0.08668577], [-0.10631226, -0.06081879, -0.03247157]], "atomic quadrupole moments": [[-0.00067874, 0.07402077, -0.05412952, -0.15376363, -0.08531972, 0.05480826], [-0.08656002, -0.00233491, -0.00891268, -0.20736293, 0.05272246, 0.09547271], [-0.08950943, -0.2059862, 0.10764645, 0.02275181, 0.02940793, -0.01813702], [0.19460328, 0.09043507, -0.0414141, 0.34151361, 0.03072292, -0.15318918], [0.03994618, -0.01319017, 0.03054955, 0.12209156, -0.02222975, -0.07049573], [0.0512771, -0.33502851, -0.01933113, 0.02123508, -0.05214418, -0.03194597], [0.05178401, -0.00833647, -0.03967242, -0.03122752, -0.03152632, -0.01211158], [-0.07300129, -0.19281384, -0.12566861, 0.26044474, -0.25810142, 0.19866989], [-0.02556268, -0.04502544, -0.03098776, 0.10511518, -0.10668689, 0.05655044], [-0.12889792, -0.0822409, -0.24961442, 0.08458815, -0.05537993, 0.37851234], [-0.21756397, -0.05658754, -0.26241095, 0.23708096, -0.17268388, 0.47997493], [0.05490581, 0.04098478, 0.04158162, -0.18893274, 0.35670445, -0.09648742], [-0.16544648, -0.19709153, 0.08243488, -0.0239829, 0.33767034, 0.0830116], [-0.03403588, -0.12586516, 0.10446427, 0.0905061, -0.00838934, -0.07042839], [-0.07638245, -0.0926911, 0.19824239, -0.01316867, 0.06765925, -0.12185994], [-0.20267767, -0.15308921, 0.13125396, -0.10401642, 0.36121603, 0.0714237], [-0.22980443, -0.15545865, 0.14670706, -0.12899944, 0.36434395, 0.08309736], [-0.22600156, -0.13531435, 0.14947237, -0.13432185, 0.33699017, 0.07652919], [-0.29392511, -0.10486113, 0.18920122, -0.16619276, 0.23538169, 0.10472389], [-0.15576542, 0.02951382, -0.02654482, -0.02008199, -0.01093262, 0.18231023], [-0.12124267, -0.0055454, -0.05968529, -0.01529528, 0.13238984, 0.18092795], [0.00963423, -0.04344915, 0.00354677, 0.02755105, -0.04588135, -0.01318099], [-0.03670494, -0.02686382, 0.04053855, -0.03180642, 0.04660744, -0.00383361], [0.0235835, 0.04965013, -0.02069425, 0.04123035, 0.02303822, -0.00288926], [-0.00359008, -0.04372502, -0.00304592, 0.0146021, -0.03043687, 0.006636], [0.03414283, 0.02344748, -0.03573112, 0.02344862, 0.0144936, 0.00158829], [0.03840175, 0.0256559, -0.00406372, 0.03153354, 0.02231362, -0.03433803], [-0.00481553, 0.01234628, 0.00664499, -0.05001922, -0.02153856, -0.00182945], [-0.00583224, -0.01982556, -0.00677789, -0.00664882, 0.03208385, 0.01261014], [0.00959248, 0.02247684, -0.02788177, -0.01582034, -0.02197184, 0.01828929], [0.01633, 0.00787283, -0.00268681, 0.03092269, 0.03603989, -0.01364319], [0.0076842, 0.00957282, 0.02607816, -0.00619114, -0.0130426, -0.03376236], [-0.03415778, 0.01119631, 0.0456219, 0.00016394, -0.00336699, -0.01146412], [0.02507887, 0.04399115, -0.01657685, 0.00862485, -0.00283244, -0.00850202], [-0.00214473, -0.00317093, -0.03211454, -0.04073448, -0.00951458, 0.03425927], [0.02735636, 0.03458853, 0.0122056, -0.01568976, -0.01985856, -0.03956196], [-0.03531891, -0.00027263, -0.02760831, -0.03915617, -0.00705308, 0.06292722], [0.0157848, -0.02132287, -0.02339844, 0.06513283, -0.00783378, 0.00761365], [0.04574485, 0.05233863, 0.00241213, -0.0192639, -0.00049242, -0.04815698], [0.03060738, 0.01279155, -0.02264215, 0.02438929, -0.04588656, -0.00796523], [0.02365797, 0.01464379, -0.01814931, 0.01912526, -0.05110967, -0.00550867], [0.01851094, 0.0197366, -0.01265861, 0.01164335, -0.05355652, -0.00585233], [0.0365649, -0.04145191, -0.013633, -0.00743378, -0.00566967, -0.0229319], [0.04593561, 0.03201852, -0.033213, 0.01803906, 0.00385748, -0.01272261], [0.02911216, -0.06148421, 0.00355747, 0.00850366, 0.00481268, -0.03266963], [-0.05172439, 0.01581861, 0.03681717, -0.01151547, -0.04988572, 0.01490721], [0.05521572, 0.04916268, -0.02140427, 0.00592814, 0.0157945, -0.03381144]], "number of molecular orbitals": 115, "number of electrons": 118, "number of unpaired electrons": 0, "orbital energies/eV": [-28.7582631, -19.28492844, -19.0914, -18.43554115, -18.0043167, -17.8798406, -17.46182418, -17.43552382, -17.27954255, -16.99006824, -16.87441717, -16.5872441, -16.53585476, -16.37914387, -16.13790352, -15.95542182, -15.86396773, -15.71197311, -15.51766226, -15.43203772, -15.26671669, -15.16749279, -15.07421474, -14.75027944, -14.40866439, -14.35509561, -14.29438515, -14.26418124, -14.03291212, -13.96198973, -13.75562774, -13.67025225, -13.62473707, -13.53302662, -13.51119777, -13.44742982, -13.30295746, -13.14064048, -13.00608991, -12.94221998, -12.6876909, -12.60755002, -12.5914486, -12.53443394, -12.41540821, -12.1915433, -12.02994331, -11.88156055, -11.85101662, -11.77283511, -11.6687439, -11.63327433, -11.50512968, -11.43293395, -11.28441754, -11.16729726, -11.02535347, -10.92949996, -10.76582975, -6.75134134, -6.54032183, -6.45950473, -4.10960333, -3.24184786, -0.80108462, 0.2527563, 0.35088217, 0.42017945, 0.51818231, 0.53747334, 1.33119826, 1.69741709, 2.20558179, 2.80362988, 2.84444093, 2.9692503, 2.98900373, 3.15718627, 3.3606573, 3.54527356, 3.63690169, 3.69373222, 3.71383506, 3.8850408, 3.95147827, 4.06116985, 4.12751981, 4.20170898, 4.30697732, 4.43455337, 4.46504797, 4.74398882, 4.75381188, 5.02102733, 5.14394101, 5.28667616, 5.42339763, 5.63573253, 6.29912831, 6.44659913, 6.61729397, 6.69285429, 7.03739882, 7.10133576, 7.43192544, 7.62735834, 8.00551292, 8.35030473, 9.72549353, 10.4558257, 11.35489403, 11.59501429, 14.57157541, 15.9153263, 16.31320079], "fractional occupation": [2.0, 2.0, 2.0, 2.0, 2.0, 2.0, 2.0, 2.0, 2.0, 2.0, 2.0, 2.0, 2.0, 2.0, 2.0, 2.0, 2.0, 2.0, 2.0, 2.0, 2.0, 2.0, 2.0, 2.0, 2.0, 2.0, 2.0, 2.0, 2.0, 2.0, 2.0, 2.0, 2.0, 2.0, 2.0, 2.0, 2.0, 2.0, 2.0, 2.0, 2.0, 2.0, 2.0, 2.0, 2.0, 2.0, 2.0, 2.0, 2.0, 2.0, 2.0, 2.0, 2.0, 2.0, 2.0, 2.0, 2.0, 2.0, 2.0, 0.0, 0.0, 0.0, 0.0, 0.0, 0.0, 0.0, 0.0, 0.0, 0.0, 0.0, 0.0, 0.0, 0.0, 0.0, 0.0, 0.0, 0.0, 0.0, 0.0, 0.0, 0.0, 0.0, 0.0, 0.0, 0.0, 0.0, 0.0, 0.0, 0.0, 0.0, 0.0, 0.0, 0.0, 0.0, 0.0, 0.0, 0.0, 0.0, 0.0, 0.0, 0.0, 0.0, 0.0, 0.0, 0.0, 0.0, 0.0, 0.0, 0.0, 0.0, 0.0, 0.0, 0.0, 0.0, 0.0], "program call": "xtb /home/svss/Project-DBcg-Debug/aqme2_20220329/End-to-End-workflows-final/example-3/QDESCP/mol_376_rdkit_conf_23/mol_376_rdkit_conf_23.xyz --pop --wbo --acc 0.2 --gfn 2 --chrg 0 --uhf 0 --etemp 300 --input /home/svss/Project-DBcg-Debug/aqme2_20220329/End-to-End-workflows-final/example-3/QDESCP/mol_376_rdkit_conf_23/mol_376_rdkit_conf_23_xtb.inp", "method": "GFN2-xTB", "xtb version": "6.3.3 (7355c4f)", "Dipole module/D": 3.777, "Total charge": 0, "Transition dipole module/D": NaN, "HOMO": -10.7658, "LUMO": -6.7513, "HOMO occupancy": 2.0, "LUMO occupancy": 0, "mulliken charges": [-0.08647, -0.03452, -0.05332, 0.19552, -0.46916, 0.31709, -0.28005, 0.45821, -0.54928, 0.03089, -0.11666, 0.10282, 0.00023, -0.03491, -0.07526, -0.04179, -0.02568, -0.04279, -0.01873, -0.04316, -0.07772, 0.02883, 0.02755, 0.02476, 0.0202, 0.0327, 0.02527, 0.03204, 0.0288, 0.02043, 0.03618, 0.05045, 0.05936, 0.03511, 0.02909, 0.03746, 0.03838, 0.03049, 0.02261, 0.03643, 0.03458, 0.03437, 0.03355, 0.03219, 0.02766, 0.03502, 0.03124], "cm5 charges": [-0.23664, -0.1458, -0.16074, 0.11327, -0.56737, 0.29795, -0.52825, 0.54846, -0.59628, -0.0587, -0.12349, 0.15889, -0.00738, -0.13867, -0.22419, -0.09489, -0.08103, -0.09596, -0.02701, -0.14735, -0.22683, 0.08125, 0.07835, 0.07625, 0.0745, 0.0899, 0.08028, 0.08903, 0.09676, 0.08491, 0.11097, 0.12704, 0.11784, 0.09595, 0.08461, 0.10105, 0.09284, 0.08164, 0.07432, 0.09292, 0.08997, 0.09081, 0.08889, 0.09342, 0.07973, 0.08586, 0.08292], "FUKUI+": [0.005, 0.004, 0.002, 0.006, -0.016, 0.017, -0.049, -0.052, -0.122, 0.015, -0.116, -0.021, -0.033, 0.009, 0.011, -0.031, -0.031, -0.026, -0.039, 0.01, 0.011, 0.003, -0.012, -0.008, -0.013, 0.001, -0.014, -0.001, 0.011, -0.012, -0.026, -0.026, -0.054, -0.039, -0.025, -0.012, -0.012, -0.027, -0.017, -0.056, -0.059, -0.056, -0.031, -0.012, -0.012, -0.029, -0.017], "FUKUI-": [0.011, 0.004, 0.007, 0.013, -0.052, 0.015, -0.021, -0.005, -0.073, 0.013, -0.108, -0.009, -0.019, 0.007, 0.008, -0.019, -0.02, -0.021, -0.022, 0.007, 0.007, -0.026, -0.031, -0.037, -0.043, -0.033, -0.029, -0.023, -0.035, -0.042, -0.028, -0.026, -0.036, -0.029, -0.034, -0.007, -0.009, -0.022, -0.022, -0.037, -0.042, -0.04, -0.03, -0.012, -0.009, -0.025, -0.017], "FUKUIrad": [0.008, 0.004, 0.005, 0.009, -0.034, 0.016, -0.035, -0.029, -0.098, 0.014, -0.112, -0.015, -0.026, 0.008, 0.01, -0.025, -0.025, -0.023, -0.031, 0.009, 0.009, -0.011, -0.021, -0.022, -0.028, -0.016, -0.021, -0.012, -0.012, -0.027, -0.027, -0.026, -0.045, -0.034, -0.029, -0.009, -0.011, -0.025, -0.019, -0.047, -0.05, -0.048, -0.03, -0.012, -0.01, -0.027, -0.017], "s proportion": [1.007, 1.025, 1.033, 0.995, 1.696, 0.973, 1.442, 1.01, 1.734, 1.05, 1.949, 1.051, 1.097, 1.025, 1.008, 1.064, 1.06, 1.062, 1.098, 1.026, 1.008, 0.971, 0.972, 0.975, 0.98, 0.967, 0.975, 0.968, 0.971, 0.98, 0.964, 0.95, 0.941, 0.965, 0.971, 0.963, 0.962, 0.97, 0.977, 0.964, 0.965, 0.966, 0.966, 0.968, 0.972, 0.965, 0.969], "p proportion": [3.079, 3.01, 3.02, 2.809, 4.774, 2.71, 3.838, 2.531, 4.815, 2.919, 5.182, 2.846, 2.903, 3.01, 3.068, 2.978, 2.965, 2.981, 2.921, 3.017, 3.069, 0.0, 0.0, 0.0, 0.0, 0.0, 0.0, 0.0, 0.0, 0.0, 0.0, 0.0, 0.0, 0.0, 0.0, 0.0, 0.0, 0.0, 0.0, 0.0, 0.0, 0.0, 0.0, 0.0, 0.0, 0.0, 0.0], "d proportion": [0.0, 0.0, 0.0, 0.0, 0.0, 0.0, 0.0, 0.0, 0.0, 0.0, -0.015, 0.0, 0.0, 0.0, 0.0, 0.0, 0.0, 0.0, 0.0, 0.0, 0.0, 0.0, 0.0, 0.0, 0.0, 0.0, 0.0, 0.0, 0.0, 0.0, 0.0, 0.0, 0.0, 0.0, 0.0, 0.0, 0.0, 0.0, 0.0, 0.0, 0.0, 0.0, 0.0, 0.0, 0.0, 0.0, 0.0], "Fermi-level/eV": -8.7586, "Coordination numbers": [3.749, 3.799, 3.799, 3.694, 1.698, 3.641, 2.733, 2.797, 0.857, 3.714, 0.93, 2.908, 2.96, 3.804, 3.75, 2.916, 2.906, 2.915, 2.959, 3.804, 3.75, 0.924, 0.924, 0.924, 0.924, 0.924, 0.924, 0.924, 0.924, 0.924, 0.924, 0.924, 0.924, 0.925, 0.924, 0.924, 0.924, 0.924, 0.924, 0.925, 0.925, 0.925, 0.924, 0.924, 0.924, 0.924, 0.924], "Dispersion coefficient C6": [22.481, 21.496, 21.662, 19.318, 19.237, 18.519, 23.37, 22.562, 22.149, 20.576, 104.327, 27.052, 27.747, 21.487, 22.368, 28.978, 28.847, 29.028, 28.154, 21.559, 22.387, 2.516, 2.561, 2.542, 2.586, 2.41, 2.462, 2.4, 2.585, 2.559, 2.287, 2.29, 1.935, 2.138, 2.439, 2.354, 2.351, 2.508, 2.567, 2.413, 2.472, 2.461, 2.431, 2.589, 2.556, 2.442, 2.444], "Total dispersion C6": 21633.224394, "Total dispersion C8": 509550.902287, "Polarizability alpha": [6.762, 6.602, 6.627, 6.288, 5.922, 6.188, 7.18, 7.781, 6.31, 6.481, 15.626, 8.529, 8.64, 6.599, 6.745, 8.827, 8.807, 8.835, 8.703, 6.61, 6.748, 2.48, 2.503, 2.494, 2.515, 2.428, 2.454, 2.423, 2.514, 2.502, 2.365, 2.367, 2.175, 2.287, 2.442, 2.399, 2.398, 2.476, 2.506, 2.429, 2.459, 2.453, 2.438, 2.516, 2.5, 2.444, 2.445], "Total polarizability alpha": 224.220876, "Wiberg matrix": [[0.0, 1.021398073731367, 0.0, 0.0, 0.0, 0.0, 0.0, 0.0, 0.0, 0.0, 0.0, 0.0, 0.0, 0.0, 0.0, 0.0, 0.0, 0.0, 0.0, 0.0, 0.0, 0.9862471632234449, 0.9872747891250461, 0.9873721557796393, 0.0, 0.0, 0.0, 0.0, 0.0, 0.0, 0.0, 0.0, 0.0, 0.0, 0.0, 0.0, 0.0, 0.0, 0.0, 0.0, 0.0, 0.0, 0.0, 0.0, 0.0, 0.0, 0.0], [1.021398073731367, 0.0, 1.0072055435447578, 0.0, 0.0, 0.0, 0.0, 0.0, 0.0, 0.0, 0.0, 0.0, 0.0, 0.0, 0.0, 0.0, 0.0, 0.0, 0.0, 0.0, 0.0, 0.0, 0.0, 0.0, 0.977910098212647, 0.9770915857740616, 0.0, 0.0, 0.0, 0.0, 0.0, 0.0, 0.0, 0.0, 0.0, 0.0, 0.0, 0.0, 0.0, 0.0, 0.0, 0.0, 0.0, 0.0, 0.0, 0.0, 0.0], [0.0, 1.0072055435447578, 0.0, 1.0028631631227742, 0.0, 0.0, 0.0, 0.0, 0.0, 0.0, 0.0, 0.0, 0.0, 0.0, 0.0, 0.0, 0.0, 0.0, 0.0, 0.0, 0.0, 0.0, 0.0, 0.0, 0.0, 0.0, 0.9749960934164287, 0.975850782922058, 0.0, 0.0, 0.0, 0.0, 0.0, 0.0, 0.0, 0.0, 0.0, 0.0, 0.0, 0.0, 0.0, 0.0, 0.0, 0.0, 0.0, 0.0, 0.0], [0.0, 0.0, 1.0028631631227742, 0.0, 0.9669103393580638, 0.0, 0.0, 0.0, 0.0, 0.0, 0.0, 0.0, 0.0, 0.0, 0.0, 0.0, 0.0, 0.0, 0.0, 0.0, 0.0, 0.0, 0.0, 0.0, 0.0, 0.0, 0.0, 0.0, 0.9698517050569964, 0.9672293652257286, 0.0, 0.0, 0.0, 0.0, 0.0, 0.0, 0.0, 0.0, 0.0, 0.0, 0.0, 0.0, 0.0, 0.0, 0.0, 0.0, 0.0], [0.0, 0.0, 0.0, 0.9669103393580638, 0.0, 0.9942088069173525, 0.0, 0.0, 0.0, 0.0, 0.0, 0.0, 0.0, 0.0, 0.0, 0.0, 0.0, 0.0, 0.0, 0.0, 0.0, 0.0, 0.0, 0.0, 0.0, 0.0, 0.0, 0.0, 0.0, 0.0, 0.0, 0.0, 0.0, 0.0, 0.0, 0.0, 0.0, 0.0, 0.0, 0.0, 0.0, 0.0, 0.0, 0.0, 0.0, 0.0, 0.0], [0.0, 0.0, 0.0, 0.0, 0.9942088069173525, 0.0, 0.9667525182907012, 0.0, 0.0, 0.0, 0.0, 0.0, 0.0, 0.0, 0.0, 0.0, 0.0, 0.0, 0.0, 0.0, 0.0, 0.0, 0.0, 0.0, 0.0, 0.0, 0.0, 0.0, 0.0, 0.0, 0.9620697249684012, 0.957459267774536, 0.0, 0.0, 0.0, 0.0, 0.0, 0.0, 0.0, 0.0, 0.0, 0.0, 0.0, 0.0, 0.0, 0.0, 0.0], [0.0, 0.0, 0.0, 0.0, 0.0, 0.9667525182907012, 0.0, 1.2146024562356834, 0.19690245388907499, 0.0, 0.0, 0.9883998954946414, 0.0, 0.0, 0.0, 0.0, 0.0, 0.0, 0.0, 0.0, 0.0, 0.0, 0.0, 0.0, 0.0, 0.0, 0.0, 0.0, 0.0, 0.0, 0.0, 0.0, 0.0, 0.0, 0.0, 0.0, 0.0, 0.0, 0.0, 0.0, 0.0, 0.0, 0.0, 0.0, 0.0, 0.0, 0.0], [0.0, 0.0, 0.0, 0.0, 0.0, 0.0, 1.2146024562356834, 0.0, 1.6881933368769535, 0.9724846308386431, 0.0, 0.0, 0.0, 0.0, 0.0, 0.0, 0.0, 0.0, 0.0, 0.0, 0.0, 0.0, 0.0, 0.0, 0.0, 0.0, 0.0, 0.0, 0.0, 0.0, 0.0, 0.0, 0.0, 0.0, 0.0, 0.0, 0.0, 0.0, 0.0, 0.0, 0.0, 0.0, 0.0, 0.0, 0.0, 0.0, 0.0], [0.0, 0.0, 0.0, 0.0, 0.0, 0.0, 0.19690245388907499, 1.6881933368769535, 0.0, 0.0, 0.0, 0.0, 0.0, 0.0, 0.0, 0.0, 0.0, 0.0, 0.0, 0.0, 0.0, 0.0, 0.0, 0.0, 0.0, 0.0, 0.0, 0.0, 0.0, 0.0, 0.0, 0.0, 0.0, 0.0, 0.0, 0.0, 0.0, 0.0, 0.0, 0.0, 0.0, 0.0, 0.0, 0.0, 0.0, 0.0, 0.0], [0.0, 0.0, 0.0, 0.0, 0.0, 0.0, 0.0, 0.9724846308386431, 0.0, 0.0, 0.9493925642114932, 0.0, 0.0, 0.0, 0.0, 0.0, 0.0, 0.0, 0.0, 0.0, 0.0, 0.0, 0.0, 0.0, 0.0, 0.0, 0.0, 0.0, 0.0, 0.0, 0.0, 0.0, 0.9708753143359052, 0.9736328137448549, 0.0, 0.0, 0.0, 0.0, 0.0, 0.0, 0.0, 0.0, 0.0, 0.0, 0.0, 0.0, 0.0], [0.0, 0.0, 0.0, 0.0, 0.0, 0.0, 0.0, 0.0, 0.0, 0.9493925642114932, 0.0, 0.0, 0.0, 0.0, 0.0, 0.0, 0.0, 0.0, 0.0, 0.0, 0.0, 0.0, 0.0, 0.0, 0.0, 0.0, 0.0, 0.0, 0.0, 0.0, 0.0, 0.0, 0.0, 0.0, 0.0, 0.0, 0.0, 0.0, 0.0, 0.0, 0.0, 0.0, 0.0, 0.0, 0.0, 0.0, 0.0], [0.0, 0.0, 0.0, 0.0, 0.0, 0.0, 0.9883998954946414, 0.0, 0.0, 0.0, 0.0, 0.0, 1.3783381291191987, 0.0, 0.0, 0.0, 0.0, 0.0, 1.3688272054560482, 0.0, 0.0, 0.0, 0.0, 0.0, 0.0, 0.0, 0.0, 0.0, 0.0, 0.0, 0.0, 0.0, 0.0, 0.0, 0.0, 0.0, 0.0, 0.0, 0.0, 0.0, 0.0, 0.0, 0.0, 0.0, 0.0, 0.0, 0.0], [0.0, 0.0, 0.0, 0.0, 0.0, 0.0, 0.0, 0.0, 0.0, 0.0, 0.0, 1.3783381291191987, 0.0, 1.0121887088719428, 0.0, 1.4047698179537342, 0.0, 0.10624284298054976, 0.0, 0.0, 0.0, 0.0, 0.0, 0.0, 0.0, 0.0, 0.0, 0.0, 0.0, 0.0, 0.0, 0.0, 0.0, 0.0, 0.0, 0.0, 0.0, 0.0, 0.0, 0.0, 0.0, 0.0, 0.0, 0.0, 0.0, 0.0, 0.0], [0.0, 0.0, 0.0, 0.0, 0.0, 0.0, 0.0, 0.0, 0.0, 0.0, 0.0, 0.0, 1.0121887088719428, 0.0, 1.0039124718878891, 0.0, 0.0, 0.0, 0.0, 0.0, 0.0, 0.0, 0.0, 0.0, 0.0, 0.0, 0.0, 0.0, 0.0, 0.0, 0.0, 0.0, 0.0, 0.0, 0.9662564000611071, 0.9724628247903471, 0.0, 0.0, 0.0, 0.0, 0.0, 0.0, 0.0, 0.0, 0.0, 0.0, 0.0], [0.0, 0.0, 0.0, 0.0, 0.0, 0.0, 0.0, 0.0, 0.0, 0.0, 0.0, 0.0, 0.0, 1.0039124718878891, 0.0, 0.0, 0.0, 0.0, 0.0, 0.0, 0.0, 0.0, 0.0, 0.0, 0.0, 0.0, 0.0, 0.0, 0.0, 0.0, 0.0, 0.0, 0.0, 0.0, 0.0, 0.0, 0.9857339260142852, 0.9852407426115515, 0.9870683032745035, 0.0, 0.0, 0.0, 0.0, 0.0, 0.0, 0.0, 0.0], [0.0, 0.0, 0.0, 0.0, 0.0, 0.0, 0.0, 0.0, 0.0, 0.0, 0.0, 0.0, 1.4047698179537342, 0.0, 0.0, 0.0, 1.4460343870186023, 0.0, 0.10843629076689623, 0.0, 0.0, 0.0, 0.0, 0.0, 0.0, 0.0, 0.0, 0.0, 0.0, 0.0, 0.0, 0.0, 0.0, 0.0, 0.0, 0.0, 0.0, 0.0, 0.0, 0.9681765530102164, 0.0, 0.0, 0.0, 0.0, 0.0, 0.0, 0.0], [0.0, 0.0, 0.0, 0.0, 0.0, 0.0, 0.0, 0.0, 0.0, 0.0, 0.0, 0.0, 0.0, 0.0, 0.0, 1.4460343870186023, 0.0, 1.4392997265527654, 0.0, 0.0, 0.0, 0.0, 0.0, 0.0, 0.0, 0.0, 0.0, 0.0, 0.0, 0.0, 0.0, 0.0, 0.0, 0.0, 0.0, 0.0, 0.0, 0.0, 0.0, 0.0, 0.9700675504024159, 0.0, 0.0, 0.0, 0.0, 0.0, 0.0], [0.0, 0.0, 0.0, 0.0, 0.0, 0.0, 0.0, 0.0, 0.0, 0.0, 0.0, 0.0, 0.10624284298054976, 0.0, 0.0, 0.0, 1.4392997265527654, 0.0, 1.4126010781430614, 0.0, 0.0, 0.0, 0.0, 0.0, 0.0, 0.0, 0.0, 0.0, 0.0, 0.0, 0.0, 0.0, 0.0, 0.0, 0.0, 0.0, 0.0, 0.0, 0.0, 0.0, 0.0, 0.9682897420780854, 0.0, 0.0, 0.0, 0.0, 0.0], [0.0, 0.0, 0.0, 0.0, 0.0, 0.0, 0.0, 0.0, 0.0, 0.0, 0.0, 1.3688272054560482, 0.0, 0.0, 0.0, 0.10843629076689623, 0.0, 1.4126010781430614, 0.0, 1.0105233068678507, 0.0, 0.0, 0.0, 0.0, 0.0, 0.0, 0.0, 0.0, 0.0, 0.0, 0.0, 0.0, 0.0, 0.0, 0.0, 0.0, 0.0, 0.0, 0.0, 0.0, 0.0, 0.0, 0.0, 0.0, 0.0, 0.0, 0.0], [0.0, 0.0, 0.0, 0.0, 0.0, 0.0, 0.0, 0.0, 0.0, 0.0, 0.0, 0.0, 0.0, 0.0, 0.0, 0.0, 0.0, 0.0, 1.0105233068678507, 0.0, 1.0050912142445554, 0.0, 0.0, 0.0, 0.0, 0.0, 0.0, 0.0, 0.0, 0.0, 0.0, 0.0, 0.0, 0.0, 0.0, 0.0, 0.0, 0.0, 0.0, 0.0, 0.0, 0.0, 0.968390235614698, 0.9745693482868206, 0.0, 0.0, 0.0], [0.0, 0.0, 0.0, 0.0, 0.0, 0.0, 0.0, 0.0, 0.0, 0.0, 0.0, 0.0, 0.0, 0.0, 0.0, 0.0, 0.0, 0.0, 0.0, 1.0050912142445554, 0.0, 0.0, 0.0, 0.0, 0.0, 0.0, 0.0, 0.0, 0.0, 0.0, 0.0, 0.0, 0.0, 0.0, 0.0, 0.0, 0.0, 0.0, 0.0, 0.0, 0.0, 0.0, 0.0, 0.0, 0.9856269051618116, 0.9854470331602043, 0.9866061551154726], [0.9862471632234449, 0.0, 0.0, 0.0, 0.0, 0.0, 0.0, 0.0, 0.0, 0.0, 0.0, 0.0, 0.0, 0.0, 0.0, 0.0, 0.0, 0.0, 0.0, 0.0, 0.0, 0.0, 0.0, 0.0, 0.0, 0.0, 0.0, 0.0, 0.0, 0.0, 0.0, 0.0, 0.0, 0.0, 0.0, 0.0, 0.0, 0.0, 0.0, 0.0, 0.0, 0.0, 0.0, 0.0, 0.0, 0.0, 0.0], [0.9872747891250461, 0.0, 0.0, 0.0, 0.0, 0.0, 0.0, 0.0, 0.0, 0.0, 0.0, 0.0, 0.0, 0.0, 0.0, 0.0, 0.0, 0.0, 0.0, 0.0, 0.0, 0.0, 0.0, 0.0, 0.0, 0.0, 0.0, 0.0, 0.0, 0.0, 0.0, 0.0, 0.0, 0.0, 0.0, 0.0, 0.0, 0.0, 0.0, 0.0, 0.0, 0.0, 0.0, 0.0, 0.0, 0.0, 0.0], [0.9873721557796393, 0.0, 0.0, 0.0, 0.0, 0.0, 0.0, 0.0, 0.0, 0.0, 0.0, 0.0, 0.0, 0.0, 0.0, 0.0, 0.0, 0.0, 0.0, 0.0, 0.0, 0.0, 0.0, 0.0, 0.0, 0.0, 0.0, 0.0, 0.0, 0.0, 0.0, 0.0, 0.0, 0.0, 0.0, 0.0, 0.0, 0.0, 0.0, 0.0, 0.0, 0.0, 0.0, 0.0, 0.0, 0.0, 0.0], [0.0, 0.977910098212647, 0.0, 0.0, 0.0, 0.0, 0.0, 0.0, 0.0, 0.0, 0.0, 0.0, 0.0, 0.0, 0.0, 0.0, 0.0, 0.0, 0.0, 0.0, 0.0, 0.0, 0.0, 0.0, 0.0, 0.0, 0.0, 0.0, 0.0, 0.0, 0.0, 0.0, 0.0, 0.0, 0.0, 0.0, 0.0, 0.0, 0.0, 0.0, 0.0, 0.0, 0.0, 0.0, 0.0, 0.0, 0.0], [0.0, 0.9770915857740616, 0.0, 0.0, 0.0, 0.0, 0.0, 0.0, 0.0, 0.0, 0.0, 0.0, 0.0, 0.0, 0.0, 0.0, 0.0, 0.0, 0.0, 0.0, 0.0, 0.0, 0.0, 0.0, 0.0, 0.0, 0.0, 0.0, 0.0, 0.0, 0.0, 0.0, 0.0, 0.0, 0.0, 0.0, 0.0, 0.0, 0.0, 0.0, 0.0, 0.0, 0.0, 0.0, 0.0, 0.0, 0.0], [0.0, 0.0, 0.9749960934164287, 0.0, 0.0, 0.0, 0.0, 0.0, 0.0, 0.0, 0.0, 0.0, 0.0, 0.0, 0.0, 0.0, 0.0, 0.0, 0.0, 0.0, 0.0, 0.0, 0.0, 0.0, 0.0, 0.0, 0.0, 0.0, 0.0, 0.0, 0.0, 0.0, 0.0, 0.0, 0.0, 0.0, 0.0, 0.0, 0.0, 0.0, 0.0, 0.0, 0.0, 0.0, 0.0, 0.0, 0.0], [0.0, 0.0, 0.975850782922058, 0.0, 0.0, 0.0, 0.0, 0.0, 0.0, 0.0, 0.0, 0.0, 0.0, 0.0, 0.0, 0.0, 0.0, 0.0, 0.0, 0.0, 0.0, 0.0, 0.0, 0.0, 0.0, 0.0, 0.0, 0.0, 0.0, 0.0, 0.0, 0.0, 0.0, 0.0, 0.0, 0.0, 0.0, 0.0, 0.0, 0.0, 0.0, 0.0, 0.0, 0.0, 0.0, 0.0, 0.0], [0.0, 0.0, 0.0, 0.9698517050569964, 0.0, 0.0, 0.0, 0.0, 0.0, 0.0, 0.0, 0.0, 0.0, 0.0, 0.0, 0.0, 0.0, 0.0, 0.0, 0.0, 0.0, 0.0, 0.0, 0.0, 0.0, 0.0, 0.0, 0.0, 0.0, 0.0, 0.0, 0.0, 0.0, 0.0, 0.0, 0.0, 0.0, 0.0, 0.0, 0.0, 0.0, 0.0, 0.0, 0.0, 0.0, 0.0, 0.0], [0.0, 0.0, 0.0, 0.9672293652257286, 0.0, 0.0, 0.0, 0.0, 0.0, 0.0, 0.0, 0.0, 0.0, 0.0, 0.0, 0.0, 0.0, 0.0, 0.0, 0.0, 0.0, 0.0, 0.0, 0.0, 0.0, 0.0, 0.0, 0.0, 0.0, 0.0, 0.0, 0.0, 0.0, 0.0, 0.0, 0.0, 0.0, 0.0, 0.0, 0.0, 0.0, 0.0, 0.0, 0.0, 0.0, 0.0, 0.0], [0.0, 0.0, 0.0, 0.0, 0.0, 0.9620697249684012, 0.0, 0.0, 0.0, 0.0, 0.0, 0.0, 0.0, 0.0, 0.0, 0.0, 0.0, 0.0, 0.0, 0.0, 0.0, 0.0, 0.0, 0.0, 0.0, 0.0, 0.0, 0.0, 0.0, 0.0, 0.0, 0.0, 0.0, 0.0, 0.0, 0.0, 0.0, 0.0, 0.0, 0.0, 0.0, 0.0, 0.0, 0.0, 0.0, 0.0, 0.0], [0.0, 0.0, 0.0, 0.0, 0.0, 0.957459267774536, 0.0, 0.0, 0.0, 0.0, 0.0, 0.0, 0.0, 0.0, 0.0, 0.0, 0.0, 0.0, 0.0, 0.0, 0.0, 0.0, 0.0, 0.0, 0.0, 0.0, 0.0, 0.0, 0.0, 0.0, 0.0, 0.0, 0.0, 0.0, 0.0, 0.0, 0.0, 0.0, 0.0, 0.0, 0.0, 0.0, 0.0, 0.0, 0.0, 0.0, 0.0], [0.0, 0.0, 0.0, 0.0, 0.0, 0.0, 0.0, 0.0, 0.0, 0.9708753143359052, 0.0, 0.0, 0.0, 0.0, 0.0, 0.0, 0.0, 0.0, 0.0, 0.0, 0.0, 0.0, 0.0, 0.0, 0.0, 0.0, 0.0, 0.0, 0.0, 0.0, 0.0, 0.0, 0.0, 0.0, 0.0, 0.0, 0.0, 0.0, 0.0, 0.0, 0.0, 0.0, 0.0, 0.0, 0.0, 0.0, 0.0], [0.0, 0.0, 0.0, 0.0, 0.0, 0.0, 0.0, 0.0, 0.0, 0.9736328137448549, 0.0, 0.0, 0.0, 0.0, 0.0, 0.0, 0.0, 0.0, 0.0, 0.0, 0.0, 0.0, 0.0, 0.0, 0.0, 0.0, 0.0, 0.0, 0.0, 0.0, 0.0, 0.0, 0.0, 0.0, 0.0, 0.0, 0.0, 0.0, 0.0, 0.0, 0.0, 0.0, 0.0, 0.0, 0.0, 0.0, 0.0], [0.0, 0.0, 0.0, 0.0, 0.0, 0.0, 0.0, 0.0, 0.0, 0.0, 0.0, 0.0, 0.0, 0.9662564000611071, 0.0, 0.0, 0.0, 0.0, 0.0, 0.0, 0.0, 0.0, 0.0, 0.0, 0.0, 0.0, 0.0, 0.0, 0.0, 0.0, 0.0, 0.0, 0.0, 0.0, 0.0, 0.0, 0.0, 0.0, 0.0, 0.0, 0.0, 0.0, 0.0, 0.0, 0.0, 0.0, 0.0], [0.0, 0.0, 0.0, 0.0, 0.0, 0.0, 0.0, 0.0, 0.0, 0.0, 0.0, 0.0, 0.0, 0.9724628247903471, 0.0, 0.0, 0.0, 0.0, 0.0, 0.0, 0.0, 0.0, 0.0, 0.0, 0.0, 0.0, 0.0, 0.0, 0.0, 0.0, 0.0, 0.0, 0.0, 0.0, 0.0, 0.0, 0.0, 0.0, 0.0, 0.0, 0.0, 0.0, 0.0, 0.0, 0.0, 0.0, 0.0], [0.0, 0.0, 0.0, 0.0, 0.0, 0.0, 0.0, 0.0, 0.0, 0.0, 0.0, 0.0, 0.0, 0.0, 0.9857339260142852, 0.0, 0.0, 0.0, 0.0, 0.0, 0.0, 0.0, 0.0, 0.0, 0.0, 0.0, 0.0, 0.0, 0.0, 0.0, 0.0, 0.0, 0.0, 0.0, 0.0, 0.0, 0.0, 0.0, 0.0, 0.0, 0.0, 0.0, 0.0, 0.0, 0.0, 0.0, 0.0], [0.0, 0.0, 0.0, 0.0, 0.0, 0.0, 0.0, 0.0, 0.0, 0.0, 0.0, 0.0, 0.0, 0.0, 0.9852407426115515, 0.0, 0.0, 0.0, 0.0, 0.0, 0.0, 0.0, 0.0, 0.0, 0.0, 0.0, 0.0, 0.0, 0.0, 0.0, 0.0, 0.0, 0.0, 0.0, 0.0, 0.0, 0.0, 0.0, 0.0, 0.0, 0.0, 0.0, 0.0, 0.0, 0.0, 0.0, 0.0], [0.0, 0.0, 0.0, 0.0, 0.0, 0.0, 0.0, 0.0, 0.0, 0.0, 0.0, 0.0, 0.0, 0.0, 0.9870683032745035, 0.0, 0.0, 0.0, 0.0, 0.0, 0.0, 0.0, 0.0, 0.0, 0.0, 0.0, 0.0, 0.0, 0.0, 0.0, 0.0, 0.0, 0.0, 0.0, 0.0, 0.0, 0.0, 0.0, 0.0, 0.0, 0.0, 0.0, 0.0, 0.0, 0.0, 0.0, 0.0], [0.0, 0.0, 0.0, 0.0, 0.0, 0.0, 0.0, 0.0, 0.0, 0.0, 0.0, 0.0, 0.0, 0.0, 0.0, 0.9681765530102164, 0.0, 0.0, 0.0, 0.0, 0.0, 0.0, 0.0, 0.0, 0.0, 0.0, 0.0, 0.0, 0.0, 0.0, 0.0, 0.0, 0.0, 0.0, 0.0, 0.0, 0.0, 0.0, 0.0, 0.0, 0.0, 0.0, 0.0, 0.0, 0.0, 0.0, 0.0], [0.0, 0.0, 0.0, 0.0, 0.0, 0.0, 0.0, 0.0, 0.0, 0.0, 0.0, 0.0, 0.0, 0.0, 0.0, 0.0, 0.9700675504024159, 0.0, 0.0, 0.0, 0.0, 0.0, 0.0, 0.0, 0.0, 0.0, 0.0, 0.0, 0.0, 0.0, 0.0, 0.0, 0.0, 0.0, 0.0, 0.0, 0.0, 0.0, 0.0, 0.0, 0.0, 0.0, 0.0, 0.0, 0.0, 0.0, 0.0], [0.0, 0.0, 0.0, 0.0, 0.0, 0.0, 0.0, 0.0, 0.0, 0.0, 0.0, 0.0, 0.0, 0.0, 0.0, 0.0, 0.0, 0.9682897420780854, 0.0, 0.0, 0.0, 0.0, 0.0, 0.0, 0.0, 0.0, 0.0, 0.0, 0.0, 0.0, 0.0, 0.0, 0.0, 0.0, 0.0, 0.0, 0.0, 0.0, 0.0, 0.0, 0.0, 0.0, 0.0, 0.0, 0.0, 0.0, 0.0], [0.0, 0.0, 0.0, 0.0, 0.0, 0.0, 0.0, 0.0, 0.0, 0.0, 0.0, 0.0, 0.0, 0.0, 0.0, 0.0, 0.0, 0.0, 0.0, 0.968390235614698, 0.0, 0.0, 0.0, 0.0, 0.0, 0.0, 0.0, 0.0, 0.0, 0.0, 0.0, 0.0, 0.0, 0.0, 0.0, 0.0, 0.0, 0.0, 0.0, 0.0, 0.0, 0.0, 0.0, 0.0, 0.0, 0.0, 0.0], [0.0, 0.0, 0.0, 0.0, 0.0, 0.0, 0.0, 0.0, 0.0, 0.0, 0.0, 0.0, 0.0, 0.0, 0.0, 0.0, 0.0, 0.0, 0.0, 0.9745693482868206, 0.0, 0.0, 0.0, 0.0, 0.0, 0.0, 0.0, 0.0, 0.0, 0.0, 0.0, 0.0, 0.0, 0.0, 0.0, 0.0, 0.0, 0.0, 0.0, 0.0, 0.0, 0.0, 0.0, 0.0, 0.0, 0.0, 0.0], [0.0, 0.0, 0.0, 0.0, 0.0, 0.0, 0.0, 0.0, 0.0, 0.0, 0.0, 0.0, 0.0, 0.0, 0.0, 0.0, 0.0, 0.0, 0.0, 0.0, 0.9856269051618116, 0.0, 0.0, 0.0, 0.0, 0.0, 0.0, 0.0, 0.0, 0.0, 0.0, 0.0, 0.0, 0.0, 0.0, 0.0, 0.0, 0.0, 0.0, 0.0, 0.0, 0.0, 0.0, 0.0, 0.0, 0.0, 0.0], [0.0, 0.0, 0.0, 0.0, 0.0, 0.0, 0.0, 0.0, 0.0, 0.0, 0.0, 0.0, 0.0, 0.0, 0.0, 0.0, 0.0, 0.0, 0.0, 0.0, 0.9854470331602043, 0.0, 0.0, 0.0, 0.0, 0.0, 0.0, 0.0, 0.0, 0.0, 0.0, 0.0, 0.0, 0.0, 0.0, 0.0, 0.0, 0.0, 0.0, 0.0, 0.0, 0.0, 0.0, 0.0, 0.0, 0.0, 0.0], [0.0, 0.0, 0.0, 0.0, 0.0, 0.0, 0.0, 0.0, 0.0, 0.0, 0.0, 0.0, 0.0, 0.0, 0.0, 0.0, 0.0, 0.0, 0.0, 0.0, 0.9866061551154726, 0.0, 0.0, 0.0, 0.0, 0.0, 0.0, 0.0, 0.0, 0.0, 0.0, 0.0, 0.0, 0.0, 0.0, 0.0, 0.0, 0.0, 0.0, 0.0, 0.0, 0.0, 0.0, 0.0, 0.0, 0.0, 0.0]], "Born radii": [], "Atomic SASAs": [], "Solvent H bonds": [], "Total SASA": NaN, "Total FOD": 0.0, "FOD": [0.0, 0.0, 0.0, 0.0, 0.0, 0.0, 0.0, 0.0, 0.0, 0.0, 0.0, 0.0, 0.0, 0.0, 0.0, 0.0, 0.0, 0.0, 0.0, 0.0, 0.0, 0.0, 0.0, 0.0, 0.0, 0.0, 0.0, 0.0, 0.0, 0.0, 0.0, 0.0, 0.0, 0.0, 0.0, 0.0, 0.0, 0.0, 0.0, 0.0, 0.0, 0.0, 0.0, 0.0, 0.0, 0.0, 0.0], "FOD s proportion": [0.0, 0.0, 0.0, 0.0, 0.0, 0.0, 0.0, 0.0, 0.0, 0.0, 0.0, 0.0, 0.0, 0.0, 0.0, 0.0, 0.0, 0.0, 0.0, 0.0, 0.0, 0.0, 0.0, 0.0, 0.0, 0.0, 0.0, 0.0, 0.0, 0.0, 0.0, 0.0, 0.0, 0.0, 0.0, 0.0, 0.0, 0.0, 0.0, 0.0, 0.0, 0.0, 0.0, 0.0, 0.0, 0.0, 0.0], "FOD p proportion": [0.0, 0.0, 0.0, 0.0, 0.0, 0.0, 0.0, 0.0, 0.0, 0.0, 0.0, 0.0, 0.0, 0.0, 0.0, 0.0, 0.0, 0.0, 0.0, 0.0, 0.0, 0.0, 0.0, 0.0, 0.0, 0.0, 0.0, 0.0, 0.0, 0.0, 0.0, 0.0, 0.0, 0.0, 0.0, 0.0, 0.0, 0.0, 0.0, 0.0, 0.0, 0.0, 0.0, 0.0, 0.0, 0.0, 0.0], "FOD d proportion": [0.0, 0.0, 0.0, 0.0, 0.0, 0.0, 0.0, 0.0, 0.0, 0.0, 0.0, 0.0, 0.0, 0.0, 0.0, 0.0, 0.0, 0.0, 0.0, 0.0, 0.0, 0.0, 0.0, 0.0, 0.0, 0.0, 0.0, 0.0, 0.0, 0.0, 0.0, 0.0, 0.0, 0.0, 0.0, 0.0, 0.0, 0.0, 0.0, 0.0, 0.0, 0.0, 0.0, 0.0, 0.0, 0.0, 0.0], "coordinates": [["4.81630", "-1.53400", "-1.14340"], ["3.91530", "-2.09670", "-0.05530"], ["3.44850", "-1.04380", "0.95400"], ["2.59800", "0.07460", "0.35530"], ["1.46320", "-0.49600", "-0.29090"], ["0.64480", "0.47190", "-0.94240"], ["-0.29540", "1.05870", "0.00200"], ["-0.01160", "2.30550", "0.55220"], ["1.02420", "2.92060", "0.27280"], ["-0.99770", "2.90300", "1.54480"], ["-0.44360", "2.53920", "3.19270"], ["-1.57990", "0.46140", "0.08120"], ["-1.83330", "-0.52820", "1.05670"], ["-0.78520", "-1.03200", "2.02590"], ["-0.34130", "-2.45540", "1.71380"], ["-3.12510", "-1.07490", "1.14700"], ["-4.14140", "-0.66090", "0.29180"], ["-3.88480", "0.30830", "-0.67230"], ["-2.60870", "0.88420", "-0.79660"], ["-2.41140", "1.92420", "-1.87990"], ["-2.35070", "1.30950", "-3.27190"], ["4.27480", "-0.83890", "-1.79190"], ["5.19690", "-2.34520", "-1.77250"], ["5.67410", "-1.00930", "-0.71130"], ["4.46630", "-2.87460", "0.48690"], ["3.05170", "-2.58960", "-0.51630"], ["4.31670", "-0.60560", "1.45990"], ["2.85660", "-1.56040", "1.71980"], ["2.27090", "0.73380", "1.16550"], ["3.18370", "0.66360", "-0.35850"], ["0.09140", "-0.05550", "-1.72630"], ["1.25440", "1.23610", "-1.43830"], ["-1.01000", "3.98960", "1.41590"], ["-2.02080", "2.54620", "1.43210"], ["-1.19970", "-0.99380", "3.04150"], ["0.09030", "-0.37780", "2.04760"], ["0.04220", "-2.54180", "0.69240"], ["0.45110", "-2.76260", "2.40360"], ["-1.16850", "-3.16520", "1.81880"], ["-3.34500", "-1.83390", "1.89580"], ["-5.13370", "-1.09700", "0.37600"], ["-4.69240", "0.61610", "-1.33420"], ["-3.24010", "2.64230", "-1.83290"], ["-1.50680", "2.51550", "-1.71240"], ["-1.52910", "0.59160", "-3.35620"], ["-2.19590", "2.09150", "-4.02210"], ["-3.27950", "0.78570", "-3.52100"]], "bond_dist": [[0.0, 1.5206557467092938, 2.5515210443968512, 3.123227583766511, 3.6121295464033403, 4.633081918118867, 5.844956059715077, 6.39729927547555, 6.019061887869238, 7.792046216495382, 7.940986680507655, 6.811214338133841, 7.075963101232227, 6.455483617824462, 5.967697006383618, 8.27783419319329, 9.113862624595566, 8.90646651091217, 7.816558480559076, 8.04619330988263, 7.998868263698309, 1.0940468500023206, 1.0948372527458134, 1.0944593825263687, 2.1395294926688906, 2.1497346185052706, 2.8086825399108384, 3.4697312993948106, 4.117401754747768, 2.8479635759609003, 4.985019024035916, 4.521896906166703, 8.426502544947104, 8.368223748203677, 7.348296404609711, 5.818449573554797, 5.213238272897182, 5.757224852305145, 6.874101637305053, 8.71398269105465, 10.074822348805958, 9.75062615117614, 9.100685298371765, 7.530192883319789, 7.048316136496716, 8.402506339182375, 8.750769537017874], [1.5206557467092938, 0.0, 1.531400385268333, 2.5726280998232136, 2.937778456589264, 4.252155055968679, 5.262112402828354, 5.9303427135368825, 5.799948974775554, 7.189915792274621, 7.1443041662572, 6.062980364474225, 6.061611849170153, 5.249731400748042, 4.623529394304745, 7.21504211283621, 8.190995967524339, 8.185736009058685, 7.210954617802, 7.715175620813826, 7.823775942599584, 2.174185054221466, 2.157087538789282, 2.1693667739688465, 1.0966814715312743, 1.0960275407123674, 2.163407545979259, 2.1352853181717895, 3.4937278442946864, 2.8716589090628433, 4.645530072015464, 4.483373021509586, 7.966558681137044, 7.6815468741653845, 6.080278254323564, 4.691207799703611, 3.9696439273567092, 4.300034146376049, 5.522586848570152, 7.522487031560773, 9.114264686742425, 9.115227278570732, 8.764572546336758, 7.30873023582072, 6.911178557959561, 8.403766234254736, 8.490256373632072], [2.5515210443968512, 1.531400385268333, 0.0, 1.5272886105775818, 2.4065072075520573, 3.7086942634841176, 4.398135680035349, 4.8323437108715686, 4.6965659039344905, 5.97452670259327, 5.744398062460505, 5.320922235853481, 5.3078999510164095, 4.36730174592963, 4.114911255422163, 6.576506152205745, 7.628348658785859, 7.6321893968899905, 6.5932887241497316, 7.153910903834349, 7.551620510857256, 2.8748430409328436, 3.4906083667464043, 2.779875842551246, 2.1461425605024473, 2.169960822226982, 1.0962323157068485, 1.0971193235013228, 2.1427402479068713, 2.1697903239714202, 4.4080455294835605, 3.9667515815841052, 6.739932449216386, 6.5597196662662345, 5.095676548800954, 3.594026182431063, 3.7303241481136733, 3.747001515879064, 5.154115443022207, 6.903831363815312, 8.601806268453155, 8.617736365194748, 8.1296687989118, 6.6583258811806445, 6.784457160303984, 8.15174390299401, 8.28484636248615], [3.123227583766511, 2.5726280998232136, 1.5272886105775818, 0.0, 1.4251069573895145, 2.378416031732043, 3.0765300681124503, 3.4388510552217872, 3.2532089834500333, 4.7269245075418755, 4.834917008594873, 4.204710865208213, 4.5267813609671945, 3.9321126840414937, 4.109246492971674, 5.89084142971104, 6.779712741702261, 6.567897174134198, 5.393704724954824, 5.788888283599882, 6.258689123131137, 2.8734314555945133, 4.139715701591114, 3.4314524592364677, 3.493657695023942, 2.8396288296184062, 2.153309752450864, 2.145217753515946, 1.0945150021813315, 1.095205884754095, 3.2608324289972335, 2.524152168550858, 5.428605839439809, 5.348048077569984, 4.772805704195385, 3.0589384335092458, 3.673050368562892, 4.105413053518489, 5.179252700921244, 6.4292115768576155, 7.819991044751905, 7.503170307276784, 6.742752712357173, 5.204109831661896, 5.574538156654773, 6.797866840413984, 7.076466007125307], [3.6121295464033403, 2.937778456589264, 2.4065072075520573, 1.4251069573895145, 0.0, 1.4251530514299156, 2.365492857735994, 3.2763172770658215, 3.490506302816255, 4.580286486673077, 4.998379161288187, 3.211780001805852, 3.561456843764922, 3.2726382018182214, 3.333810237551022, 4.84305466725289, 5.6372220516846765, 5.421574351606736, 4.329093916745165, 4.836818603172958, 5.166432469315747, 3.2055695235012447, 4.422125607668783, 4.262850203795579, 3.9091329486217274, 2.6376691168529836, 3.349593266353394, 2.6678503350075693, 2.070238703628159, 2.075900327568739, 2.033776942046497, 2.0881318468909, 5.3991195430366234, 4.93578421732555, 4.294616514893967, 2.7142969439617324, 2.6779502478574915, 3.6636255567402083, 4.301314638572724, 5.448891679965753, 6.657705777518259, 6.341660087074993, 5.860692943671423, 4.46214012554514, 4.419592417859366, 5.831468297092937, 5.8795836748871935], [4.633081918118867, 4.252155055968679, 3.7086942634841176, 2.378416031732043, 1.4251530514299156, 0.0, 1.4560912196699767, 2.454949913949366, 2.759852729766572, 3.8463251682612585, 4.749462691715769, 2.448909410329423, 3.337301369370168, 3.6217979098784627, 4.0739264769998, 4.579337136529697, 5.070916674527397, 4.540594138436071, 3.2827596896513764, 3.5111878303502935, 3.8860216494507593, 3.95180299230617, 5.4172624848718565, 5.247972860067018, 5.276914154124548, 3.9175899568484702, 4.518285200161672, 4.013678035169239, 2.6750766774057153, 2.6122215277422396, 1.09494361955308, 1.0961435170633451, 4.546884122121433, 4.128727903362003, 4.62838156918809, 3.157461059142298, 3.4811040619320766, 4.6578134290673345, 4.913326646987762, 5.4120787983916125, 6.131124531437933, 5.353503966562461, 4.538289812253069, 3.065710932230891, 3.2506306680396646, 4.491907472332884, 4.70614267633271], [5.844956059715077, 5.262112402828354, 4.398135680035349, 3.0765300681124503, 2.365492857735994, 1.4560912196699767, 0.0, 1.392039051176367, 2.2981184499498712, 2.504974973926885, 3.520569553353548, 1.418795327029237, 2.4486282098350496, 2.9507798528524627, 3.909125843459123, 3.724308801643602, 4.222881030765608, 3.7284813275648836, 2.453481016841174, 2.9610967326313404, 3.8737036463828773, 5.263619573069467, 6.70080179903868, 6.357700145492865, 6.1951403365864115, 4.978132801563253, 5.11535270631459, 4.4436050285775845, 2.836404052669506, 3.519971742784308, 2.092385425776045, 2.1231615317728414, 3.3316574223650304, 2.6897671683623474, 3.7774429168420274, 2.529184868687934, 3.681606465933044, 4.574634247674889, 4.680213356247769, 4.610170643262568, 5.309996740111994, 4.616809959268413, 3.8139094194802268, 2.555175837393583, 3.6080057289311496, 4.568583686439376, 4.625030898275167], [6.39729927547555, 5.9303427135368825, 4.8323437108715686, 3.4388510552217872, 3.2763172770658215, 2.454949913949366, 1.392039051176367, 0.0, 1.236646275213733, 1.5213987708684402, 2.6857922369386653, 2.4661935649903883, 3.406312790980887, 3.7294979420828214, 4.9116377574084185, 4.634088200498562, 5.091422704902826, 4.52657556327076, 3.2533495877326186, 3.4379558083256394, 4.592074217605809, 5.809929528832513, 7.359464167315444, 6.701605462872311, 6.847575374539516, 5.872606163365631, 5.294582456624885, 4.953286162740852, 2.8383417746987414, 3.7060966244824214, 3.2827568064052506, 2.590070000984529, 2.1398535136779806, 2.206591294281748, 4.300415862448654, 3.0735490332838356, 4.849625528842407, 5.415478820935411, 5.7333455904907735, 5.4819201818340995, 6.151744557440597, 5.321885564346532, 4.028070071386544, 2.721789154214558, 4.529442572767647, 5.073576941369866, 5.438742565152353], [6.019061887869238, 5.799948974775554, 4.6965659039344905, 3.2532089834500333, 3.490506302816255, 2.759852729766572, 2.2981184499498712, 1.236646275213733, 0.0, 2.3888016598286264, 3.2902460105590885, 3.586880540246636, 4.54687001133747, 4.687252364658852, 5.7308330328146875, 5.8262283151280645, 6.285771759298933, 5.640532448271173, 4.2998260115962825, 4.174958396199894, 5.152716886264954, 5.381749408881837, 7.023056814521723, 6.167182243942529, 6.743755204631912, 5.9241656880948215, 4.968284321574199, 5.052807116841093, 2.6708179308968254, 3.186852513060496, 3.704549616350144, 2.41213505011639, 2.566594679726427, 3.2796610876735417, 5.285258580239948, 3.860249578718972, 5.565806493222702, 6.0965165865434985, 6.650940604906948, 6.658025825272834, 7.353332061725486, 6.369669128769562, 4.763998097186858, 3.2420805125721355, 5.011309498524313, 5.431631138985783, 6.121482674973442], [7.792046216495382, 7.189915792274621, 5.97452670259327, 4.7269245075418755, 4.580286486673077, 3.8463251682612585, 2.504974973926885, 1.5213987708684402, 2.3888016598286264, 0.0, 1.7762183593241008, 2.9055967304497026, 3.565052932285859, 3.9699922493627113, 5.401099195534183, 4.528549879376399, 4.91469652165828, 4.470273695200328, 3.4861193898086738, 3.8321230695268644, 5.2507571015997305, 7.275619475343664, 8.77047043721145, 8.056611802736931, 8.02216368381997, 7.12842397237987, 6.368699186647144, 5.8998468666567945, 3.94119817948806, 5.110926453198089, 4.54301180605994, 4.092602549723098, 1.094287923720261, 1.0893764913931272, 4.17923020782536, 3.492878537825214, 5.60837095866527, 5.910632981331187, 6.0767836788880345, 5.298229883649822, 5.871336256764724, 5.212423687690785, 4.062656709592875, 3.3194413536015364, 5.444699892556063, 5.751920644445645, 5.945746393010721], [7.940986680507655, 7.1443041662572, 5.744398062460505, 4.834917008594873, 4.998379161288187, 4.749462691715769, 3.520569553353548, 2.6857922369386653, 3.2902460105590885, 1.7762183593241008, 0.0, 3.910225412939771, 3.987819560862803, 3.772476936973903, 5.209955821309812, 4.94338442264002, 5.68591115477546, 5.635334706119948, 4.831272865405141, 5.475557743280587, 6.851295181204791, 7.64990819095236, 8.96246699575513, 8.078324178937114, 7.793439682835815, 7.230379833037818, 5.962618465909084, 5.46511432725794, 3.8389476748192335, 5.411672762649272, 5.587061310742884, 5.101708989152557, 2.362517166075201, 2.363751509782701, 3.6161633881781396, 3.1788664992415145, 5.683666310578058, 5.434358300664394, 5.912128261463887, 5.405929631432507, 6.569078119492871, 6.499495261941499, 5.752190645310706, 5.019059866150234, 6.918059498154088, 7.438032644456463, 7.496056213102993], [6.811214338133841, 6.062980364474225, 5.320922235853481, 4.204710865208213, 3.211780001805852, 2.448909410329423, 1.418795327029237, 2.4661935649903883, 3.586880540246636, 2.9055967304497026, 3.910225412939771, 0.0, 1.4124871574637414, 2.5775278349612445, 3.56472088107891, 2.425652565805746, 2.8044949456185506, 2.42976662871149, 1.416941113808192, 2.584006443490418, 3.543541429135548, 6.283056245968199, 7.565594853678064, 7.443892176811806, 6.917371099630263, 5.57829058135196, 6.1489181365505265, 5.14346356553636, 4.009809083983925, 4.788121332004861, 2.5154493733724794, 3.3079142718637673, 3.8150236355755385, 2.5230367932315216, 3.3204721305862517, 2.713034028537055, 3.4675616923134904, 4.462362463986985, 4.042367039248168, 3.4171264623949753, 3.891659291356323, 3.4227102565072607, 3.3431074855589076, 2.7279427010111483, 3.440240026509778, 4.457998755046932, 3.9962051361260222], [7.075963101232227, 6.061611849170153, 5.3078999510164095, 4.5267813609671945, 3.561456843764922, 3.337301369370168, 2.4486282098350496, 3.406312790980887, 4.54687001133747, 3.565052932285859, 3.987819560862803, 1.4124871574637414, 0.0, 1.5138284876431674, 2.524271033387659, 1.4056252060915815, 2.43516055117522, 2.810307011698188, 2.455776824143432, 3.8693778479233583, 4.730921898530982, 6.746846823516894, 7.792918174855939, 7.727763969609839, 6.746497251166712, 5.530544635024655, 6.163688911682679, 4.847710847400038, 4.295222820762621, 5.347285973276536, 3.4165778755942324, 4.344153632181993, 4.6062310