{"total energy": -29.48918674, "HOMO-LUMO gap/eV": 12.23058721, "electronic energy": -29.9145081, "dipole": [0.00132479, 0.00269319, -0.00013812], "partial charges": [-0.10184184, -0.00869309, -0.10182013, -0.06031021, -0.06465342, 0.02945224, -0.10453182, -0.10585856, -0.10453794, 0.03076302, 0.02957763, 0.03374213, 0.02452556, 0.03374345, 0.03075462, 0.0295771, 0.02945004, 0.02943667, 0.03266223, 0.03266405, 0.03237747, 0.03179373, 0.03170646, 0.03080065, 0.03253645, 0.03079, 0.03237339, 0.03181153, 0.03170859], "atomic dipole moments": [[-0.03600542, -0.04746747, -0.0781891], [-0.03484347, 0.08202352, 0.00320651], [-0.02359228, -0.04856866, 0.08219081], [0.04669632, 0.10153334, -0.00293318], [-0.04583691, -0.10442414, 0.00284121], [-0.00364719, 0.00392559, 0.00030791], [0.03453402, 0.0469969, 0.07743737], [0.04184983, -0.08646778, -0.00383086], [0.02220679, 0.0480633, -0.08114835], [-0.03147809, -0.05763885, 0.10725394], [0.12512409, 0.00082154, -0.00375652], [-0.03437676, 0.12159417, 0.01004934], [0.05193634, -0.1080999, -0.00474041], [-0.03539956, 0.12169331, -0.00297944], [-0.04766525, -0.05620747, -0.10190526], [0.12421614, 0.00088843, -0.01555905], [-0.03382826, -0.07069085, -0.09462215], [-0.01894591, -0.0720149, 0.09773404], [0.03871165, 0.07032775, 0.09436529], [0.02381776, 0.07162643, -0.09823205], [0.03780485, -0.12048079, -0.00772899], [-0.12607022, -0.00789465, -0.00042789], [0.03066219, 0.05470729, -0.1097781], [0.03830488, 0.06878097, 0.09865506], [-0.12625116, -0.0055973, 0.00972786], [0.02272494, 0.07017813, -0.10243286], [0.03843228, -0.12054701, 0.00015993], [-0.12451827, -0.00803152, 0.01970223], [0.04729843, 0.05325195, 0.10446825]], "atomic quadrupole moments": [[-0.05836052, 0.05944786, -0.04531939, 0.08711009, 0.12239245, 0.10367991], [0.03310822, 0.13287046, -0.13958574, 0.0066382, -0.01195873, 0.10647751], [-0.08093208, 0.0407549, -0.04183474, -0.05789863, -0.13231698, 0.12276683], [0.16981065, -0.06290109, 0.0292783, -0.02914164, 0.00644063, -0.19908895], [0.15477247, -0.07274639, 0.0500119, -0.02847984, 0.00737495, -0.20478437], [-0.02054821, 0.01237231, 0.01576672, 0.00207178, -0.00085279, 0.00478149], [-0.06264837, 0.04284151, -0.02932, 0.08015611, 0.11850768, 0.09196837], [-0.04387042, -0.11505739, 0.14883697, -0.00558179, 0.01068563, -0.10496655], [-0.08335942, 0.02485753, -0.02598557, -0.05267156, -0.12553351, 0.10934499], [-0.03417533, 0.03012769, -0.00679719, -0.02876259, -0.04659368, 0.04097252], [0.07983302, -0.00336137, -0.0435648, -0.01500168, 0.01429149, -0.03626822], [-0.02463619, -0.04709776, 0.06153738, 0.01126051, -0.00208886, -0.03690119], [-0.00216091, -0.01342468, 0.0241006, -0.00164451, 0.00137415, -0.02193969], [-0.02844643, -0.04592404, 0.06134537, -0.01321793, 0.01062385, -0.03289894], [-0.02356679, 0.03641658, -0.00801795, 0.03937567, 0.04081772, 0.03158474], [0.08162207, -0.00558853, -0.04316991, -0.00344309, -0.01367296, -0.03845215], [-0.00734384, -0.00081008, -0.02213387, 0.02833149, 0.03860069, 0.02947771], [-0.01510249, -0.00646814, -0.02105519, -0.0215027, -0.03878658, 0.03615768], [-0.01085766, -0.00246084, -0.02055515, 0.02539797, 0.03882479, 0.03141281], [-0.01761532, -0.00817576, -0.01945917, -0.01790784, -0.0387656, 0.03707449], [-0.02237463, -0.05007118, 0.05849554, 0.01263226, -0.00448869, -0.03612091], [0.080041, -0.00281128, -0.04405557, -0.01723641, 0.01179092, -0.03598542], [-0.03351914, 0.0298985, -0.00537586, -0.0282865, -0.04818703, 0.038895], [-0.024262, 0.01310642, -0.01363052, 0.04540425, 0.04400601, 0.03789252], [0.07564439, 0.02402289, -0.02449701, -0.0097151, -0.00167222, -0.05114738], [-0.03657437, 0.00666882, -0.01239212, -0.03376418, -0.04630469, 0.0489665], [-0.02664234, -0.04847476, 0.05823894, -0.01477365, 0.01339317, -0.03159659], [0.08251944, -0.00471522, -0.04373155, -0.00132576, -0.01128763, -0.03878789], [-0.02313766, 0.03643432, -0.0066385, 0.03848664, 0.04247265, 0.02977616]], "number of molecular orbitals": 56, "number of electrons": 56, "number of unpaired electrons": 0, "orbital energies/eV": [-16.95837063, -16.82728051, -16.15081578, -15.84224656, -15.82107213, -15.79072662, -15.51733702, -14.7384609, -14.43103204, -13.91713287, -13.67131149, -13.50864157, -13.31947422, -13.29404669, -13.11908106, -12.75691819, -12.59107386, -12.42819764, -12.20905525, -12.20178414, -12.0850146, -11.8352389, -11.80471755, -11.6409799, -11.59731727, -11.20326698, -11.19884968, -11.10048884, 1.13009837, 2.02185443, 2.30703983, 2.3245535, 2.60495966, 2.90420053, 3.23849367, 3.75784839, 3.83282519, 4.28660499, 4.36720842, 4.50659468, 5.32307615, 5.38523742, 5.63628447, 5.82169917, 5.93822654, 6.22488211, 6.24170583, 6.54507972, 6.56441115, 7.09948858, 7.18852482, 7.38360014, 7.41725993, 7.56267875, 8.06528536, 8.29608812], "fractional occupation": [2.0, 2.0, 2.0, 2.0, 2.0, 2.0, 2.0, 2.0, 2.0, 2.0, 2.0, 2.0, 2.0, 2.0, 2.0, 2.0, 2.0, 2.0, 2.0, 2.0, 2.0, 2.0, 2.0, 2.0, 2.0, 2.0, 2.0, 2.0, 0.0, 0.0, 0.0, 0.0, 0.0, 0.0, 0.0, 0.0, 0.0, 0.0, 0.0, 0.0, 0.0, 0.0, 0.0, 0.0, 0.0, 0.0, 0.0, 0.0, 0.0, 0.0, 0.0, 0.0, 0.0, 0.0, 0.0, 0.0], "program call": "xtb /home/svss/Project-DBcg-Debug/aqme2_20220329/End-to-End-workflows-final/example-3/QDESCP/mol_57_rdkit_conf_2/mol_57_rdkit_conf_2.xyz --pop --wbo --acc 0.2 --gfn 2 --chrg 0 --uhf 0 --etemp 300 --input /home/svss/Project-DBcg-Debug/aqme2_20220329/End-to-End-workflows-final/example-3/QDESCP/mol_57_rdkit_conf_2/mol_57_rdkit_conf_2_xtb.inp", "method": "GFN2-xTB", "xtb version": "6.3.3 (7355c4f)", "Dipole module/D": 0.008, "Total charge": 0, "Transition dipole module/D": NaN, "HOMO": -11.1005, "LUMO": 1.1301, "HOMO occupancy": 2.0, "LUMO occupancy": 0, "mulliken charges": [-0.0915, 0.00131, -0.09147, -0.0536, -0.05992, 0.03732, -0.09685, -0.09612, -0.09685, 0.02843, 0.02838, 0.02763, 0.01992, 0.02763, 0.02843, 0.02838, 0.02416, 0.02415, 0.02503, 0.02502, 0.0291, 0.0292, 0.02891, 0.0285, 0.0291, 0.02849, 0.02909, 0.02921, 0.02891], "cm5 charges": [-0.2401, -0.07327, -0.24007, -0.1626, -0.16665, 0.00105, -0.24333, -0.2427, -0.24333, 0.07998, 0.07971, 0.07989, 0.07776, 0.07988, 0.07997, 0.07971, 0.08042, 0.08041, 0.08198, 0.08198, 0.08154, 0.08117, 0.08099, 0.08044, 0.08104, 0.08043, 0.08153, 0.08118, 0.08099], "FUKUI+": [0.023, -0.028, 0.023, -0.031, -0.042, -0.054, 0.026, 0.02, 0.026, -0.036, -0.053, -0.024, -0.062, -0.024, -0.036, -0.053, -0.06, -0.06, -0.064, -0.064, -0.031, -0.056, -0.04, -0.044, -0.084, -0.044, -0.031, -0.056, -0.04], "FUKUI-": [0.021, -0.008, 0.021, -0.002, -0.005, -0.026, 0.018, 0.001, 0.018, -0.039, -0.057, -0.06, -0.116, -0.06, -0.039, -0.057, -0.047, -0.047, -0.045, -0.045, -0.05, -0.052, -0.038, -0.045, -0.058, -0.045, -0.05, -0.052, -0.038], "FUKUIrad": [0.022, -0.018, 0.022, -0.016, -0.024, -0.04, 0.022, 0.011, 0.022, -0.037, -0.055, -0.042, -0.089, -0.042, -0.037, -0.055, -0.053, -0.053, -0.054, -0.054, -0.041, -0.054, -0.039, -0.045, -0.071, -0.045, -0.041, -0.054, -0.039], "s proportion": [1.012, 1.053, 1.012, 1.036, 1.04, 1.085, 1.016, 1.018, 1.016, 0.972, 0.972, 0.972, 0.98, 0.972, 0.972, 0.972, 0.976, 0.976, 0.975, 0.975, 0.971, 0.971, 0.971, 0.972, 0.971, 0.972, 0.971, 0.971, 0.971], "p proportion": [3.08, 2.946, 3.08, 3.018, 3.02, 2.877, 3.081, 3.078, 3.081, 0.0, 0.0, 0.0, 0.0, 0.0, 0.0, 0.0, 0.0, 0.0, 0.0, 0.0, 0.0, 0.0, 0.0, 0.0, 0.0, 0.0, 0.0, 0.0, 0.0], "d proportion": [0.0, 0.0, 0.0, 0.0, 0.0, 0.0, 0.0, 0.0, 0.0, 0.0, 0.0, 0.0, 0.0, 0.0, 0.0, 0.0, 0.0, 0.0, 0.0, 0.0, 0.0, 0.0, 0.0, 0.0, 0.0, 0.0, 0.0, 0.0, 0.0], "Fermi-level/eV": -4.9852, "Coordination numbers": [3.751, 3.847, 3.751, 3.799, 3.801, 3.894, 3.755, 3.756, 3.755, 0.924, 0.924, 0.924, 0.923, 0.924, 0.924, 0.924, 0.924, 0.924, 0.924, 0.924, 0.924, 0.924, 0.924, 0.924, 0.924, 0.924, 0.924, 0.924, 0.924], "Dispersion coefficient C6": [22.507, 20.7, 22.506, 21.662, 21.74, 20.026, 22.554, 22.576, 22.554, 2.576, 2.593, 2.534, 2.666, 2.534, 2.576, 2.593, 2.594, 2.595, 2.549, 2.549, 2.553, 2.561, 2.562, 2.575, 2.551, 2.575, 2.553, 2.561, 2.562], "Total dispersion C6": 5480.456288, "Total dispersion C8": 113780.510691, "Polarizability alpha": [6.766, 6.472, 6.765, 6.627, 6.639, 6.362, 6.772, 6.775, 6.772, 2.51, 2.518, 2.489, 2.553, 2.489, 2.51, 2.518, 2.519, 2.519, 2.497, 2.497, 2.499, 2.503, 2.503, 2.51, 2.498, 2.51, 2.499, 2.503, 2.503], "Total polarizability alpha": 110.093498, "Wiberg matrix": [[0.0, 1.0096138794653764, 0.0, 0.0, 0.0, 0.0, 0.0, 0.0, 0.0, 0.9867385673761766, 0.9868059252177678, 0.9848644596959462, 0.0, 0.0, 0.0, 0.0, 0.0, 0.0, 0.0, 0.0, 0.0, 0.0, 0.0, 0.0, 0.0, 0.0, 0.0, 0.0, 0.0], [1.0096138794653764, 0.0, 1.0096513511441625, 0.9925168308210746, 0.0, 0.0, 0.0, 0.0, 0.0, 0.0, 0.0, 0.0, 0.9691884387455096, 0.0, 0.0, 0.0, 0.0, 0.0, 0.0, 0.0, 0.0, 0.0, 0.0, 0.0, 0.0, 0.0, 0.0, 0.0, 0.0], [0.0, 1.0096513511441625, 0.0, 0.0, 0.0, 0.0, 0.0, 0.0, 0.0, 0.0, 0.0, 0.0, 0.0, 0.9848559716513519, 0.9867295913362449, 0.9867987477417047, 0.0, 0.0, 0.0, 0.0, 0.0, 0.0, 0.0, 0.0, 0.0, 0.0, 0.0, 0.0, 0.0], [0.0, 0.9925168308210746, 0.0, 0.0, 1.0087728872421013, 0.0, 0.0, 0.0, 0.0, 0.0, 0.0, 0.0, 0.0, 0.0, 0.0, 0.0, 0.9747057229094119, 0.9747064457019505, 0.0, 0.0, 0.0, 0.0, 0.0, 0.0, 0.0, 0.0, 0.0, 0.0, 0.0], [0.0, 0.0, 0.0, 1.0087728872421013, 0.0, 0.9816489665293201, 0.0, 0.0, 0.0, 0.0, 0.0, 0.0, 0.0, 0.0, 0.0, 0.0, 0.0, 0.0, 0.9740274180651023, 0.9740259625722169, 0.0, 0.0, 0.0, 0.0, 0.0, 0.0, 0.0, 0.0, 0.0], [0.0, 0.0, 0.0, 0.0, 0.9816489665293201, 0.0, 0.9993153361068299, 0.9963595766218604, 0.9992950710312768, 0.0, 0.0, 0.0, 0.0, 0.0, 0.0, 0.0, 0.0, 0.0, 0.0, 0.0, 0.0, 0.0, 0.0, 0.0, 0.0, 0.0, 0.0, 0.0, 0.0], [0.0, 0.0, 0.0, 0.0, 0.0, 0.9993153361068299, 0.0, 0.0, 0.0, 0.0, 0.0, 0.0, 0.0, 0.0, 0.0, 0.0, 0.0, 0.0, 0.0, 0.0, 0.9836795369094352, 0.9856097640055318, 0.9863271457463041, 0.0, 0.0, 0.0, 0.0, 0.0, 0.0], [0.0, 0.0, 0.0, 0.0, 0.0, 0.9963595766218604, 0.0, 0.0, 0.0, 0.0, 0.0, 0.0, 0.0, 0.0, 0.0, 0.0, 0.0, 0.0, 0.0, 0.0, 0.0, 0.0, 0.0, 0.986383479822168, 0.9856542851768155, 0.9863816508410009, 0.0, 0.0, 0.0], [0.0, 0.0, 0.0, 0.0, 0.0, 0.9992950710312768, 0.0, 0.0, 0.0, 0.0, 0.0, 0.0, 0.0, 0.0, 0.0, 0.0, 0.0, 0.0, 0.0, 0.0, 0.0, 0.0, 0.0, 0.0, 0.0, 0.0, 0.9836817522612894, 0.9856147064329993, 0.986331463250425], [0.9867385673761766, 0.0, 0.0, 0.0, 0.0, 0.0, 0.0, 0.0, 0.0, 0.0, 0.0, 0.0, 0.0, 0.0, 0.0, 0.0, 0.0, 0.0, 0.0, 0.0, 0.0, 0.0, 0.0, 0.0, 0.0, 0.0, 0.0, 0.0, 0.0], [0.9868059252177678, 0.0, 0.0, 0.0, 0.0, 0.0, 0.0, 0.0, 0.0, 0.0, 0.0, 0.0, 0.0, 0.0, 0.0, 0.0, 0.0, 0.0, 0.0, 0.0, 0.0, 0.0, 0.0, 0.0, 0.0, 0.0, 0.0, 0.0, 0.0], [0.9848644596959462, 0.0, 0.0, 0.0, 0.0, 0.0, 0.0, 0.0, 0.0, 0.0, 0.0, 0.0, 0.0, 0.0, 0.0, 0.0, 0.0, 0.0, 0.0, 0.0, 0.0, 0.0, 0.0, 0.0, 0.0, 0.0, 0.0, 0.0, 0.0], [0.0, 0.9691884387455096, 0.0, 0.0, 0.0, 0.0, 0.0, 0.0, 0.0, 0.0, 0.0, 0.0, 0.0, 0.0, 0.0, 0.0, 0.0, 0.0, 0.0, 0.0, 0.0, 0.0, 0.0, 0.0, 0.0, 0.0, 0.0, 0.0, 0.0], [0.0, 0.0, 0.9848559716513519, 0.0, 0.0, 0.0, 0.0, 0.0, 0.0, 0.0, 0.0, 0.0, 0.0, 0.0, 0.0, 0.0, 0.0, 0.0, 0.0, 0.0, 0.0, 0.0, 0.0, 0.0, 0.0, 0.0, 0.0, 0.0, 0.0], [0.0, 0.0, 0.9867295913362449, 0.0, 0.0, 0.0, 0.0, 0.0, 0.0, 0.0, 0.0, 0.0, 0.0, 0.0, 0.0, 0.0, 0.0, 0.0, 0.0, 0.0, 0.0, 0.0, 0.0, 0.0, 0.0, 0.0, 0.0, 0.0, 0.0], [0.0, 0.0, 0.9867987477417047, 0.0, 0.0, 0.0, 0.0, 0.0, 0.0, 0.0, 0.0, 0.0, 0.0, 0.0, 0.0, 0.0, 0.0, 0.0, 0.0, 0.0, 0.0, 0.0, 0.0, 0.0, 0.0, 0.0, 0.0, 0.0, 0.0], [0.0, 0.0, 0.0, 0.9747057229094119, 0.0, 0.0, 0.0, 0.0, 0.0, 0.0, 0.0, 0.0, 0.0, 0.0, 0.0, 0.0, 0.0, 0.0, 0.0, 0.0, 0.0, 0.0, 0.0, 0.0, 0.0, 0.0, 0.0, 0.0, 0.0], [0.0, 0.0, 0.0, 0.9747064457019505, 0.0, 0.0, 0.0, 0.0, 0.0, 0.0, 0.0, 0.0, 0.0, 0.0, 0.0, 0.0, 0.0, 0.0, 0.0, 0.0, 0.0, 0.0, 0.0, 0.0, 0.0, 0.0, 0.0, 0.0, 0.0], [0.0, 0.0, 0.0, 0.0, 0.9740274180651023, 0.0, 0.0, 0.0, 0.0, 0.0, 0.0, 0.0, 0.0, 0.0, 0.0, 0.0, 0.0, 0.0, 0.0, 0.0, 0.0, 0.0, 0.0, 0.0, 0.0, 0.0, 0.0, 0.0, 0.0], [0.0, 0.0, 0.0, 0.0, 0.9740259625722169, 0.0, 0.0, 0.0, 0.0, 0.0, 0.0, 0.0, 0.0, 0.0, 0.0, 0.0, 0.0, 0.0, 0.0, 0.0, 0.0, 0.0, 0.0, 0.0, 0.0, 0.0, 0.0, 0.0, 0.0], [0.0, 0.0, 0.0, 0.0, 0.0, 0.0, 0.9836795369094352, 0.0, 0.0, 0.0, 0.0, 0.0, 0.0, 0.0, 0.0, 0.0, 0.0, 0.0, 0.0, 0.0, 0.0, 0.0, 0.0, 0.0, 0.0, 0.0, 0.0, 0.0, 0.0], [0.0, 0.0, 0.0, 0.0, 0.0, 0.0, 0.9856097640055318, 0.0, 0.0, 0.0, 0.0, 0.0, 0.0, 0.0, 0.0, 0.0, 0.0, 0.0, 0.0, 0.0, 0.0, 0.0, 0.0, 0.0, 0.0, 0.0, 0.0, 0.0, 0.0], [0.0, 0.0, 0.0, 0.0, 0.0, 0.0, 0.9863271457463041, 0.0, 0.0, 0.0, 0.0, 0.0, 0.0, 0.0, 0.0, 0.0, 0.0, 0.0, 0.0, 0.0, 0.0, 0.0, 0.0, 0.0, 0.0, 0.0, 0.0, 0.0, 0.0], [0.0, 0.0, 0.0, 0.0, 0.0, 0.0, 0.0, 0.986383479822168, 0.0, 0.0, 0.0, 0.0, 0.0, 0.0, 0.0, 0.0, 0.0, 0.0, 0.0, 0.0, 0.0, 0.0, 0.0, 0.0, 0.0, 0.0, 0.0, 0.0, 0.0], [0.0, 0.0, 0.0, 0.0, 0.0, 0.0, 0.0, 0.9856542851768155, 0.0, 0.0, 0.0, 0.0, 0.0, 0.0, 0.0, 0.0, 0.0, 0.0, 0.0, 0.0, 0.0, 0.0, 0.0, 0.0, 0.0, 0.0, 0.0, 0.0, 0.0], [0.0, 0.0, 0.0, 0.0, 0.0, 0.0, 0.0, 0.9863816508410009, 0.0, 0.0, 0.0, 0.0, 0.0, 0.0, 0.0, 0.0, 0.0, 0.0, 0.0, 0.0, 0.0, 0.0, 0.0, 0.0, 0.0, 0.0, 0.0, 0.0, 0.0], [0.0, 0.0, 0.0, 0.0, 0.0, 0.0, 0.0, 0.0, 0.9836817522612894, 0.0, 0.0, 0.0, 0.0, 0.0, 0.0, 0.0, 0.0, 0.0, 0.0, 0.0, 0.0, 0.0, 0.0, 0.0, 0.0, 0.0, 0.0, 0.0, 0.0], [0.0, 0.0, 0.0, 0.0, 0.0, 0.0, 0.0, 0.0, 0.9856147064329993, 0.0, 0.0, 0.0, 0.0, 0.0, 0.0, 0.0, 0.0, 0.0, 0.0, 0.0, 0.0, 0.0, 0.0, 0.0, 0.0, 0.0, 0.0, 0.0, 0.0], [0.0, 0.0, 0.0, 0.0, 0.0, 0.0, 0.0, 0.0, 0.986331463250425, 0.0, 0.0, 0.0, 0.0, 0.0, 0.0, 0.0, 0.0, 0.0, 0.0, 0.0, 0.0, 0.0, 0.0, 0.0, 0.0, 0.0, 0.0, 0.0, 0.0]], "Born radii": [], "Atomic SASAs": [], "Solvent H bonds": [], "Total SASA": NaN, "Total FOD": 0.0, "FOD": [0.0, 0.0, 0.0, 0.0, 0.0, 0.0, 0.0, 0.0, 0.0, 0.0, 0.0, 0.0, 0.0, 0.0, 0.0, 0.0, 0.0, 0.0, 0.0, 0.0, 0.0, 0.0, 0.0, 0.0, 0.0, 0.0, 0.0, 0.0, 0.0], "FOD s proportion": [0.0, 0.0, 0.0, 0.0, 0.0, 0.0, 0.0, 0.0, 0.0, 0.0, 0.0, 0.0, 0.0, 0.0, 0.0, 0.0, 0.0, 0.0, 0.0, 0.0, 0.0, 0.0, 0.0, 0.0, 0.0, 0.0, 0.0, 0.0, 0.0], "FOD p proportion": [0.0, 0.0, 0.0, 0.0, 0.0, 0.0, 0.0, 0.0, 0.0, 0.0, 0.0, 0.0, 0.0, 0.0, 0.0, 0.0, 0.0, 0.0, 0.0, 0.0, 0.0, 0.0, 0.0, 0.0, 0.0, 0.0, 0.0, 0.0, 0.0], "FOD d proportion": [0.0, 0.0, 0.0, 0.0, 0.0, 0.0, 0.0, 0.0, 0.0, 0.0, 0.0, 0.0, 0.0, 0.0, 0.0, 0.0, 0.0, 0.0, 0.0, 0.0, 0.0, 0.0, 0.0, 0.0, 0.0, 0.0, 0.0, 0.0, 0.0], "coordinates": [["2.81770", "0.06780", "1.04210"], ["2.23550", "-0.64670", "-0.17760"], ["2.62380", "0.08510", "-1.46230"], ["0.71280", "-0.86900", "-0.06120"], ["-0.13060", "0.41340", "0.01300"], ["-1.66600", "0.20170", "0.13040"], ["-2.22060", "-0.55250", "-1.08940"], ["-2.33690", "1.58860", "0.19190"], ["-2.02710", "-0.56980", "1.41060"], ["2.52730", "-0.44020", "1.96750"], ["3.91210", "0.07460", "0.99520"], ["2.48480", "1.10870", "1.10270"], ["2.69550", "-1.64320", "-0.22000"], ["2.28660", "1.12640", "-1.45670"], ["2.19390", "-0.41050", "-2.33890"], ["3.71240", "0.09240", "-1.58440"], ["0.39380", "-1.46830", "-0.92160"], ["0.52940", "-1.48040", "0.82980"], ["0.20170", "1.00920", "0.87200"], ["0.06620", "1.02120", "-0.87870"], ["-1.85590", "-1.58390", "-1.13030"], ["-3.31540", "-0.59960", "-1.05860"], ["-1.93600", "-0.05610", "-2.02370"], ["-1.98290", "2.16150", "1.05640"], ["-3.42610", "1.50070", "0.27560"], ["-2.11960", "2.17370", "-0.70890"], ["-1.66150", "-1.60130", "1.38070"], ["-3.11360", "-0.61760", "1.54800"], ["-1.60140", "-0.08590", "2.29660"]], "bond_dist": [[0.0, 1.5287691715887, 2.511954589557701, 2.5544997827363383, 3.1418082468540307, 4.57741103572751, 5.50568172254808, 5.4411004254654225, 4.9004502905345335, 1.094879591553336, 1.09542558396269, 1.0945170533162103, 2.129636177848226, 2.765267186005721, 3.471175352816392, 2.7748144983043463, 3.477213267833884, 2.7709766184506144, 2.785430661495633, 3.4884375370644087, 5.412021028229658, 6.517152665083119, 5.657927583488498, 5.237322268106098, 6.451803089059678, 5.646038177341702, 4.792053569191396, 5.992163854568732, 4.596285320778074], [1.5287691715887, 0.0, 1.5286471862401736, 1.5432373569869282, 2.599724904677416, 4.00454102363804, 4.549404366507774, 5.102934263734935, 4.549511139672042, 2.174682390603281, 2.1694978889134697, 2.1869494141383337, 1.0983669741939621, 2.186913722578008, 2.174566322281296, 2.16946736781174, 2.149516561927356, 2.1495784842615078, 2.8248906899205855, 2.8247644344263474, 4.304130003845144, 5.620575612870981, 4.59981584631385, 5.215711054113332, 6.072102729697514, 5.215729274032539, 4.3042036487601285, 5.620623895974538, 4.5997786783713845], [2.511954589557701, 1.5286471862401736, 0.0, 2.554468441770225, 3.141816407748868, 4.577408971241263, 4.900387691805618, 5.441087610027981, 5.5057532845197485, 3.471135315714442, 2.7747312284255568, 2.765194922604915, 2.1296645440068724, 1.0945505424602375, 1.0949250796287389, 1.0954504370349214, 2.770976010361692, 3.4772149804117665, 3.4884789966402265, 2.7853527478579805, 4.792024320681188, 5.992151902280182, 4.59639896440681, 5.6459694951354455, 6.4517834573085295, 5.23733759461809, 5.412059686477968, 6.517165959218777, 5.657816296947082], [2.5544997827363383, 1.5432373569869282, 2.554468441770225, 0.0, 1.5366778972836175, 2.6156831784449737, 3.1244524400284925, 3.9248601834969867, 3.124542828959142, 2.755340882722136, 3.4988401521075523, 2.8993006915461526, 2.1344091383799872, 2.8992909219324647, 2.7553215329612626, 3.498861008957058, 1.0959971030983613, 1.096050418548344, 2.158638619593377, 2.1585304839172412, 2.8726775854592526, 4.15857888707188, 3.395343001818815, 4.207108092264804, 4.781151068518961, 4.207140161677526, 2.8727407453510314, 4.158613177490785, 3.3952891025654943], [3.1418082468540307, 2.599724904677416, 3.141816407748868, 1.5366778972836175, 0.0, 1.5543657259474037, 2.5527139616494443, 2.5061643880639597, 2.552778926973505, 3.407805102995181, 4.174077810726581, 2.9173970144634067, 3.502960714881056, 2.9174034568430876, 3.4078651777909292, 4.174131857045246, 2.1654716368495803, 2.16546546497514, 1.0969420814245392, 1.096941188031519, 2.8762827173280447, 3.509622002438439, 2.7618917973012627, 2.752372151435921, 3.4801580854897955, 2.7524383190182484, 2.8763299862846057, 3.5096260484558752, 2.7617715492053287], [4.57741103572751, 4.00454102363804, 4.577408971241263, 2.6156831784449737, 1.5543657259474037, 0.0, 1.5376315683543962, 1.5418756986216497, 1.537698767639488, 4.622849436224373, 5.646169768967278, 4.358572808844657, 4.748591203715055, 4.358555180332124, 4.622884309605855, 5.646208647402255, 2.852784611568143, 2.8527884481678623, 2.1657169944385624, 2.1657284917551416, 2.194035975092478, 2.185480050240679, 2.1862085101837834, 2.190597555462893, 2.192358558721634, 2.1906532016729625, 2.19410103231369, 2.1854949119135463, 2.1861631595102873], [5.50568172254808, 4.549404366507774, 4.900387691805618, 3.1244524400284925, 2.5527139616494443, 1.5376315683543962, 0.0, 2.4979120460896933, 2.5075369468863267, 5.647991086218179, 6.507597164852784, 5.450291461013805, 5.110139142919691, 4.823739870681254, 4.590122492918899, 5.988439697450413, 2.7752358170072684, 3.479486607245385, 3.486191925296139, 2.7839505060255654, 1.0947441984317616, 1.0962454515299025, 1.095594181255085, 3.467961206530431, 2.744464517897799, 2.7544777526783553, 2.741161844911752, 2.7852407023451313, 3.4736321336606735], [5.4411004254654225, 5.102934263734935, 5.441087610027981, 3.9248601834969867, 2.5061643880639597, 1.5418756986216497, 2.4979120460896933, 0.0, 2.4979784406595664, 5.561405077855775, 6.479775296258351, 4.930380466049248, 5.994934746100244, 4.930341068323773, 5.561429500587057, 6.4798060634559125, 4.2474983637430626, 4.247511400808714, 2.6912321211668084, 2.691285330469439, 3.470494214085366, 2.7035960756000517, 2.788304549363286, 1.095851568416088, 1.0959419418929088, 1.095902340539521, 3.4705723749837, 2.7036250738591696, 2.7883099881469424], [4.9004502905345335, 4.549511139672042, 5.5057532845197485, 3.124542828959142, 2.552778926973505, 1.537698767639488, 2.5075369468863267, 2.4979784406595664, 0.0, 4.590151754571954, 5.988481039462344, 4.823837297214739, 5.110185386069667, 5.450368007758742, 5.648094168832528, 6.507718040142796, 3.4795424842930145, 2.7752861564170277, 2.784040301432434, 3.48627026777902, 2.7411459392013406, 2.785238512228351, 3.4737016840828456, 2.7545255435373983, 2.7445211330940777, 3.4680871889270604, 1.0947829099871809, 1.0961960819123557, 1.0956165843943768], [1.094879591553336, 2.174682390603281, 3.471135315714442, 2.755340882722136, 3.407805102995181, 4.622849436224373, 5.647991086218179, 5.561405077855775, 4.590151754571954, 0.0, 1.7686314963835743, 1.7744792193767724, 2.5021303902874448, 3.7732370307204395, 4.319388684756213, 3.7820785793000122, 3.7357342879278765, 2.5234860292856784, 2.951151634531848, 4.036527915176606, 5.487882721961176, 6.581780371601592, 5.999854759908777, 5.285910530835724, 6.486338719185116, 5.965674293824631, 4.386175200559138, 5.659258239380847, 4.1569218166811845], [1.09542558396269, 2.1694978889134697, 2.7747312284255568, 3.4988401521075523, 4.174077810726581, 5.646169768967278, 6.507597164852784, 6.479775296258351, 5.988481039462344, 1.7686314963835743, 0.0, 1.7658154914939443, 2.4305685425430816, 3.124155421870045, 3.782030679410203, 2.5873795798065657, 4.293378336461859, 3.7266662649075517, 3.828279451659714, 4.381609245471349, 6.366961323896982, 7.543831674288604, 6.582637261007172, 6.253792613286757, 7.5100442482052, 6.609960855406029, 5.8328610492621875, 7.081326794464439, 5.667281928755619], [1.0945170533162103, 2.1869494141383337, 2.765194922604915, 2.8993006915461526, 2.9173970144634067, 4.358572808844657, 5.450291461013805, 4.930380466049248, 4.823837297214739, 1.7744792193767724, 1.7658154914939443, 0.0, 3.0605364546105314, 2.567123855601829, 3.7732217016761687, 3.1241597046245895, 3.8872870346811284, 3.2559948372194945, 2.2968823108727188, 3.127815239108602, 5.57476997283296, 6.4212013377560435, 5.538466271450969, 4.590302258021795, 5.9813457699751815, 5.061286291052898, 4.961167976394268, 5.875413716496907, 4.42148129137736], [2.129636177848226, 1.0983669741939621, 2.1296645440068724, 2.1344091383799872, 3.502960714881056, 4.748591203715055, 5.110139142919691, 5.994934746100244, 5.110185386069667, 2.5021303902874448, 2.4305685425430816, 3.0605364546105314, 0.0, 3.060606191590156, 2.502176864252405, 2.430633730120604, 2.4126034609939526, 2.4125863901630553, 3.8008851863743534, 3.800806695952848, 4.641918196177093, 6.158187211347183, 5.217567666068165, 6.163794741066578, 6.899544414669711, 6.163841077607372, 4.641922565058577, 6.158191469092204, 5.217452295900749], [2.765267186005721, 2.186913722578008, 1.0945505424602375, 2.8992909219324647, 2.9174034568430876, 4.358555180332124, 4.823739870681254, 4.930341068323773, 5.450368007758742, 3.7732370307204395, 3.124155421870045, 2.567123855601829, 3.060606191590156, 0.0, 1.7745229612490228, 1.7658904071317678, 3.2559932340224544, 3.8873178838371323, 3.127840715253895, 2.2968080459629188, 4.961105652976966, 5.875369231801522, 4.421554705078294, 5.061198856990308, 5.981296270040467, 4.590276742201934, 5.574825527314734, 6.421208463365755, 5.538364034622498], [3.471175352816392, 2.174566322281296, 1.0949250796287389, 2.7553215329612626, 3.4078651777909292, 4.622884309605855, 4.590122492918899, 5.561429500587057, 5.648094168832528, 4.319388684756213, 3.782030679410203, 3.7732217016761687, 2.502176864252405, 1.7745229612490228, 0.0, 1.768621188949177, 2.5234976005536445, 3.7357604245989866, 4.0366183545140855, 2.951111014516398, 4.38616706932146, 5.659267919969861, 4.157045153711949, 5.9656436643500586, 6.486346867844796, 5.285950424474297, 5.48794478470766, 6.581826362796272, 5.999793954795448], [2.7748144983043463, 2.16946736781174, 1.0954504370349214, 3.498861008957058, 4.174131857045246, 5.646208647402255, 5.988439697450413, 6.4798060634559125, 6.507718040142796, 3.7820785793000122, 2.5873795798065657, 3.1241597046245895, 2.430633730120604, 1.7658904071317678, 1.768621188949177, 0.0, 3.7266867711145246, 4.293431084808512, 4.381716295015003, 3.8282445546229154, 5.83285122302978, 7.081334795079244, 5.667403223699546, 6.609950191945474, 7.510065987726073, 6.253841534608949, 6.367043184241803, 7.5438919504457385, 6.582584775754886], [3.477213267833884, 2.149516561927356, 2.770976010361692, 1.0959971030983613, 2.1654716368495803, 2.852784611568143, 2.7752358170072684, 4.2474983637430626, 3.4795424842930145, 3.7357342879278765, 4.293378336461859, 3.8872870346811284, 2.4126034609939526, 3.2559932340224544, 2.5234976005536445, 3.7266867711145246, 0.0, 1.7566831615291356, 3.064622263836116, 2.511328815587477, 2.262314995751034, 3.8120300798918154, 2.9388605427954553, 4.768294761232783, 4.983962765711638, 4.430190159575546, 3.089098959243617, 4.373153257090357, 4.0309631652993305], [2.7709766184506144, 2.1495784842615078, 3.4772149804117665, 1.096050418548344, 2.16546546497514, 2.8527884481678623, 3.479486607245385, 4.247511400808714, 2.7752861564170277, 2.5234860292856784, 3.7266662649075517, 3.2559948372194945, 2.4125863901630553, 3.8873178838371323, 3.7357604245989866, 4.293431084808512, 1.7566831615291356, 0.0, 2.5114291329838476, 3.0645601723575275, 3.089071114429061, 4.373139631889199, 4.0310407961220145, 4.430173186230985, 4.983981851893122, 4.768358784739253, 2.2623329617896655, 3.81204460624479, 2.938782252906805], [2.785430661495633, 2.8248906899205855, 3.4884789966402265, 2.158638619593377, 1.0969420814245392, 2.1657169944385624, 3.486191925296139, 2.6912321211668084, 2.784040301432434, 2.951151634531848, 3.828279451659714, 2.2968823108727188, 3.8008851863743534, 3.127840715253895, 4.0366183545140855, 4.381716295015003, 3.064622263836116, 2.5114291329838476, 0.0, 1.7559768620343494, 3.8687324358244264, 4.322666562435738, 3.75362543016748, 2.4767470218009753, 3.709204503663824, 3.0403517477423563, 3.24730660394118, 3.754286660605447, 2.5455645307082673], [3.4884375370644087, 2.8247644344263474, 2.7853527478579805, 2.1585304839172412, 1.096941188031519, 2.1657284917551416, 2.7839505060255654, 2.691285330469439, 3.48627026777902, 4.036527915176606, 4.381609245471349, 3.127815239108602, 3.800806695952848, 2.2968080459629188, 2.951111014516398, 3.8282445546229154, 2.511328815587477, 3.0645601723575275, 1.7559768620343494, 0.0, 3.247201407366042, 3.7542742587616047, 2.5456639860751458, 3.0403465115016086, 3.7092435927018865, 2.476854846372714, 3.868764906271768, 4.322692028123216, 3.753543693631393], [5.412021028229658, 4.304130003845144, 4.792024320681188, 2.8726775854592526, 2.8762827173280447, 2.194035975092478, 1.0947441984317616, 3.470494214085366, 2.7411459392013406, 5.487882721961176, 6.366961323896982, 5.57476997283296, 4.641918196177093, 4.961105652976966, 4.38616706932146, 5.83285122302978, 2.262314995751034, 3.089071114429061, 3.8687324358244264, 3.247201407366042, 0.0, 1.7618534643948116, 1.7716524518087626, 4.338871633270568, 3.7358854385540248, 3.7903394847955245, 2.518574025118182, 3.1126894914205625, 3.74865547363318], [6.517152665083119, 5.620575612870981, 5.992151902280182, 4.15857888707188, 3.509622002438439, 2.185480050240679, 1.0962454515299025, 2.7035960756000517, 2.785238512228351, 6.581780371601592, 7.543831674288604, 6.4212013377560435, 6.158187211347183, 5.875369231801522, 5.659267919969861, 7.081334795079244, 3.8120300798918154, 4.373139631889199, 4.322666562435738, 3.7542742587616047, 1.7618534643948116, 0.0, 1.7690547249873305, 3.7245743998475853, 2.490703559237831, 3.0402994293325785, 3.11271145305825, 2.614461856673377, 3.802505848779197], [5.657927583488498, 4.59981584631385, 4.59639896440681, 3.395343001818815, 2.7618917973012627, 2.1862085101837834, 1.095594181255085, 2.788304549363286, 3.4737016840828456, 5.999854759908777, 6.582637261007172, 5.538466271450969, 5.217567666068165, 4.421554705078294, 4.157045153711949, 5.667403223699546, 2.9388605427954553, 4.0310407961220145, 3.75362543016748, 2.5456639860751458, 1.7716524518087626, 1.7690547249873305, 0.0, 3.7956508506447215, 3.1513179369908073, 2.5950753438002527, 3.7487241362895722, 3.8025077120237376, 4.333340200122763], [5.237322268106098, 5.215711054113332, 5.6459694951354455, 4.207108092264804, 2.752372151435921, 2.190597555462893, 3.467961206530431, 1.095851568416088, 2.7545255435373983, 5.285910530835724, 6.253792613286757, 4.590302258021795, 6.163794741066578, 5.061198856990308, 5.9656436643500586, 6.609950191945474, 4.768294761232783, 4.430173186230985, 2.4767470218009753, 3.0403465115016086, 4.338871633270568, 3.7245743998475853, 3.7956508506447215, 0.0, 1.7689351373071878, 1.7706269567585375, 3.7904000171485865, 3.0403206837437398, 2.5950809332273246], [6.451803089059678, 6.072102729697514, 6.4517834573085295, 4.781151068518961, 3.4801580854897955, 2.192358558721634, 2.744464517897799, 1.0959419418929088, 2.7445211330940777, 6.486338719185116, 7.5100442482052, 5.9813457699751815, 6.899544414669711, 5.981296270040467, 6.486346867844796, 7.510065987726073, 4.983962765711638, 4.983981851893122, 3.709204503663824, 3.7092435927018865, 3.7358854385540248, 2.490703559237831, 3.1513179369908073, 1.7689351373071878, 0.0, 1.76892947852649, 3.735968839538146, 2.490753480374965, 3.151391859163186], [5.646038177341702, 5.215729274032539, 5.23733759461809, 4.207140161677526, 2.7524383190182484, 2.1906532016729625, 2.7544777526783553, 1.095902340539521, 3.4680871889270604, 5.965674293824631, 6.609960855406029, 5.061286291052898, 6.163841077607372, 4.590276742201934, 5.285950424474297, 6.253841534608949, 4.430190159575546, 4.768358784739253, 3.0403517477423563, 2.476854846372714, 3.7903394847955245, 3.0402994293325785, 2.5950753438002527, 1.7706269567585375, 1.76892947852649, 0.0, 4.33899859068887, 3.724646197962969, 3.795701996996076], [4.792053569191396, 4.3042036487601285, 5.412059686477968, 2.8727407453510314, 2.8763299862846057, 2.19410103231369, 2.741161844911752, 3.4705723749837, 1.0947829099871809, 4.386175200559138, 5.8328610492621875, 4.961167976394268, 4.641922565058577, 5.574825527314734, 5.48794478470766, 6.367043184241803, 3.089098959243617, 2.2623329617896655, 3.24730660394118, 3.868764906271768, 2.518574025118182, 3.11271145305825, 3.7487241362895722, 3.7904000171485865, 3.735968839538146, 4.33899859068887, 0.0, 1.761888018575528, 1.771700307614129], [5.992163854568732, 5.620623895974538, 6.517165959218777, 4.158613177490785, 3.5096260484558752, 2.1854949119135463, 2.7852407023451313, 2.7036250738591696, 1.0961960819123557, 5.659258239380847, 7.081326794464439, 5.875413716496907, 6.158191469092204, 6.421208463365755, 6.581826362796272, 7.5438919504457385, 4.373153257090357, 3.81204460624479, 3.754286660605447, 4.322692028123216, 3.1126894914205625, 2.614461856673377, 3.8025077120237376, 3.0403206837437398, 2.490753480374965, 3.724646197962969, 1.761888018575528, 0.0, 1.7691398164079628], [4.596285320778074, 4.5997786783713845, 5.657816296947082, 3.3952891025654943, 2.7617715492053287, 2.1861631595102873, 3.4736321336606735, 2.7883099881469424, 1.0956165843943768, 4.1569218166811845, 5.667281928755619, 4.42148129137736, 5.217452295900749, 5.538364034622498, 5.999793954795448, 6.582584775754886, 4.0309631652993305, 2.938782252906805, 2.5455645307082673, 3.753543693631393, 3.74865547363318, 3.802505848779197, 4.333340200122763, 2.5950809332273246, 3.151391859163186, 3.795701996996076, 1.771700307614129, 1.7691398164079628, 0.0]]}