{"total energy": -46.05863166, "HOMO-LUMO gap/eV": 3.62592614, "electronic energy": -46.63334639, "dipole": [-0.03051597, -0.03621617, 0.90968855], "partial charges": [-0.03734205, -0.10985003, -0.03732294, 0.2500637, -0.3601222, 0.25006555, -0.3600951, 0.25004304, -0.36010034, -0.10988926, -0.03732581, -0.03733467, -0.10985369, -0.03731643, -0.03733572, 0.06604937, 0.04495017, 0.03630868, 0.03629644, 0.04494199, 0.06604399, 0.06605258, 0.03630465, 0.04493521, 0.04493368, 0.03630852, 0.06605101, 0.03627211, 0.04493347, 0.06604242, 0.04495378, 0.03630297, 0.0660349], "atomic dipole moments": [[0.16806744, -0.0364517, -0.03394525], [-0.0081239, 0.00158611, 0.16529727], [-0.11216141, -0.12632155, -0.04690902], [-0.01343812, 0.041403, 0.00362425], [0.29147134, -0.06249987, -0.00566885], [-0.02930714, -0.0323442, 0.00013011], [-0.09084202, 0.2839097, -0.00458416], [0.04248493, -0.00931835, 0.00344902], [-0.19936187, -0.21985584, -0.02838241], [0.00289812, -0.00846463, 0.16530413], [-0.05289138, 0.16375727, -0.0333074], [-0.11486241, -0.12382346, -0.04689167], [-0.01129056, -0.01295716, 0.16462676], [0.16888021, -0.03292181, -0.03380095], [-0.04945811, 0.16488402, -0.03315057], [-0.0879786, -0.05723979, -0.07888168], [-0.03603941, 0.1168518, -0.00446205], [-0.01768776, -0.03693245, 0.11673119], [0.0259964, -0.02291707, 0.11874709], [-0.0382536, 0.11614461, -0.00455862], [0.11107683, 0.00658234, -0.06967478], [-0.04857571, -0.09292159, -0.07900389], [-0.03463042, -0.02154987, 0.11676936], [0.11981067, -0.02437749, -0.00489143], [0.11930573, -0.02667512, -0.00500275], [-0.02496392, 0.02327411, 0.11889085], [-0.00454631, 0.11138768, -0.06934497], [-0.00325999, 0.03025525, 0.11991223], [-0.0807868, -0.09079833, -0.01424172], [-0.05514678, 0.09516256, -0.07167367], [-0.08248478, -0.08925179, -0.01425447], [0.03080638, -0.00057884, 0.11979945], [0.09992095, -0.04532644, -0.07212157]], "atomic quadrupole moments": [[0.26353599, -0.08051505, -0.09684947, -0.12692002, 0.03059144, -0.16668652], [0.07696632, 0.02804349, -0.0078781, -0.00628049, 0.04191377, -0.06908822], [0.04919591, 0.18469969, 0.09525235, 0.10850542, 0.12150757, -0.14444826], [-0.28393324, -0.04795216, -0.15101543, -0.03313036, -0.00285782, 0.43494866], [-0.10364682, 0.00768691, -0.06928579, -0.00079377, -0.01122644, 0.17293261], [-0.22422152, 0.08470998, -0.20731998, -0.03436527, -0.04021387, 0.4315415], [-0.07116494, 0.01093053, -0.1018364, -0.01029777, -0.00269718, 0.17300134], [-0.14285964, -0.03407879, -0.29192175, 0.00211963, -0.03520347, 0.4347814], [-0.08409553, -0.01754661, -0.08750804, -0.01490077, -0.01720509, 0.17160357], [-0.01224884, 0.0191226, 0.08162083, 0.04221792, -0.00177773, -0.06937199], [-0.07739641, -0.11464374, 0.24504944, 0.04225579, -0.12178572, -0.16765303], [0.05945997, 0.18569074, 0.08498846, 0.11016399, 0.11998673, -0.14444843], [0.04248576, -0.04759571, 0.03324581, -0.02515968, -0.02726618, -0.07573157], [0.26777415, -0.07100177, -0.1009536, -0.12667245, 0.0290591, -0.16682054], [-0.08333678, -0.10615454, 0.2510933, 0.04079521, -0.12176194, -0.16775652], [-0.00060967, 0.02841648, -0.00751753, 0.02703455, 0.04842576, 0.0081272], [-0.02798148, -0.0123597, 0.08357858, -0.00736926, -0.01147136, -0.0555971], [-0.01295144, -0.01443586, -0.03705677, -0.00728802, -0.043036, 0.0500082], [-0.03937897, 0.01793226, -0.01357411, 0.02396318, -0.0311326, 0.05295308], [-0.00433352, -0.04868128, 0.05784256, 0.01567929, -0.00610939, -0.05350904], [0.03223705, -0.00650132, -0.03331068, -0.04834348, 0.02214744, 0.00107363], [-0.01273629, 0.0271707, 0.00473205, 0.04567855, 0.03156632, 0.00800424], [-0.03426172, -0.01642513, -0.01594996, -0.04191928, -0.011619, 0.05021169], [0.08484286, -0.00123488, -0.02927339, -0.01114436, -0.00838614, -0.05556947], [0.06673165, -0.04159444, -0.01334633, -0.00811278, 0.01524684, -0.05338532], [-0.01753887, 0.02025025, -0.0357502, -0.03308718, 0.02048367, 0.05328907], [-0.03124346, -0.0130186, 0.03058619, 0.02685688, -0.04582283, 0.00065727], [-0.00660166, -0.00116812, -0.05060377, 0.00990907, 0.0330909, 0.05720543], [0.00014367, 0.0495729, 0.05200341, 0.00356147, 0.0242066, -0.05214707], [-0.02323561, -0.02064251, 0.02487359, 0.00229352, -0.05417336, -0.00163798], [0.04195274, 0.05364323, 0.01031488, 0.02359519, 0.00593228, -0.05226761], [-0.04976747, -0.00550044, -0.00734506, 0.03227978, 0.01291749, 0.05711252], [0.02808353, -0.01539446, -0.02676802, -0.0542497, -0.00305466, -0.00131551]], "number of molecular orbitals": 78, "number of electrons": 84, "number of unpaired electrons": 0, "orbital energies/eV": [-17.93405775, -17.5795043, -17.57921727, -17.41546875, -17.02646323, -17.02624811, -16.74338224, -16.74329857, -16.68839072, -16.08173565, -16.08166284, -16.05324507, -15.12975958, -15.12969238, -14.722112, -14.71584956, -14.534249, -14.13981709, -14.13966841, -14.09523452, -14.0950797, -13.63791429, -13.637885, -13.39915263, -13.29787127, -12.93519561, -12.93500407, -12.86383337, -12.69897821, -12.46897658, -12.46881343, -12.42580818, -12.42555162, -12.40590514, -11.89929323, -11.89892776, -11.46567544, -9.90020323, -9.86160342, -9.86147564, -9.35996468, -9.35971769, -5.73379155, -5.73336131, -2.43979915, 0.1349817, 0.62726338, 0.62782988, 2.40674232, 2.55826964, 2.55947151, 3.52611517, 3.69747747, 3.69838335, 3.82636047, 4.08636897, 4.08750041, 4.7590511, 4.76022696, 4.94015419, 5.56826983, 5.56971412, 5.8200429, 5.88363077, 6.05901274, 6.06094524, 6.32234561, 6.32298247, 6.47958994, 6.55116642, 7.09304105, 7.09414626, 8.75775842, 8.75962109, 12.7767885, 12.77781736, 13.03175785, 18.08825507], "fractional occupation": [2.0, 2.0, 2.0, 2.0, 2.0, 2.0, 2.0, 2.0, 2.0, 2.0, 2.0, 2.0, 2.0, 2.0, 2.0, 2.0, 2.0, 2.0, 2.0, 2.0, 2.0, 2.0, 2.0, 2.0, 2.0, 2.0, 2.0, 2.0, 2.0, 2.0, 2.0, 2.0, 2.0, 2.0, 2.0, 2.0, 2.0, 2.0, 2.0, 2.0, 2.0, 2.0, 0.0, 0.0, 0.0, 0.0, 0.0, 0.0, 0.0, 0.0, 0.0, 0.0, 0.0, 0.0, 0.0, 0.0, 0.0, 0.0, 0.0, 0.0, 0.0, 0.0, 0.0, 0.0, 0.0, 0.0, 0.0, 0.0, 0.0, 0.0, 0.0, 0.0, 0.0, 0.0, 0.0, 0.0, 0.0, 0.0], "program call": "xtb /home/svss/Project-DBcg-Debug/aqme2_20220329/End-to-End-workflows-final/example-3/QDESCP/mol_873_rdkit_conf_2/mol_873_rdkit_conf_2.xyz --pop --wbo --acc 0.2 --gfn 2 --chrg 0 --uhf 0 --etemp 300 --input /home/svss/Project-DBcg-Debug/aqme2_20220329/End-to-End-workflows-final/example-3/QDESCP/mol_873_rdkit_conf_2/mol_873_rdkit_conf_2_xtb.inp", "method": "GFN2-xTB", "xtb version": "6.3.3 (7355c4f)", "Dipole module/D": 2.315, "Total charge": 0, "Transition dipole module/D": NaN, "HOMO": -9.3597, "LUMO": -5.7338, "HOMO occupancy": 2.0, "LUMO occupancy": 0, "mulliken charges": [0.06463, -0.2807, 0.06465, 0.43527, -0.45072, 0.43527, -0.45069, 0.43524, -0.4507, -0.28073, 0.06465, 0.06463, -0.28071, 0.06466, 0.06464, 0.03627, 0.02251, 0.02467, 0.02467, 0.0225, 0.03626, 0.03627, 0.02467, 0.0225, 0.0225, 0.02467, 0.03627, 0.02465, 0.02249, 0.03626, 0.02251, 0.02467, 0.03626], "cm5 charges": [-0.01883, -0.53106, -0.01879, 0.65372, -0.62752, 0.65372, -0.6275, 0.65367, -0.6275, -0.53107, -0.01881, -0.01883, -0.53106, -0.01878, -0.01882, 0.10067, 0.08333, 0.08726, 0.08725, 0.08333, 0.10066, 0.10067, 0.08726, 0.08332, 0.08332, 0.08726, 0.10067, 0.08722, 0.08332, 0.10066, 0.08334, 0.08726, 0.10065], "FUKUI+": [0.027, -0.06, 0.027, -0.051, -0.088, -0.051, -0.088, -0.051, -0.088, -0.06, 0.027, 0.027, -0.06, 0.027, 0.027, -0.022, -0.044, -0.028, -0.028, -0.044, -0.022, -0.022, -0.028, -0.044, -0.044, -0.028, -0.022, -0.028, -0.044, -0.022, -0.044, -0.028, -0.022], "FUKUI-": [0.027, -0.08, 0.027, 0.002, -0.086, 0.002, -0.086, 0.002, -0.086, -0.08, 0.027, 0.027, -0.08, 0.027, 0.027, -0.028, -0.042, -0.041, -0.041, -0.042, -0.028, -0.028, -0.041, -0.042, -0.042, -0.041, -0.028, -0.041, -0.042, -0.028, -0.042, -0.041, -0.028], "FUKUIrad": [0.027, -0.07, 0.027, -0.025, -0.087, -0.025, -0.087, -0.025, -0.087, -0.07, 0.027, 0.027, -0.07, 0.027, 0.027, -0.025, -0.043, -0.035, -0.035, -0.043, -0.025, -0.025, -0.035, -0.043, -0.043, -0.035, -0.025, -0.035, -0.043, -0.025, -0.043, -0.035, -0.025], "s proportion": [0.98, 1.457, 0.98, 0.976, 1.525, 0.976, 1.525, 0.976, 1.525, 1.457, 0.98, 0.98, 1.457, 0.98, 0.98, 0.964, 0.977, 0.975, 0.975, 0.977, 0.964, 0.964, 0.975, 0.978, 0.978, 0.975, 0.964, 0.975, 0.978, 0.964, 0.977, 0.975, 0.964], "p proportion": [2.955, 3.824, 2.955, 2.589, 3.926, 2.589, 3.926, 2.589, 3.926, 3.824, 2.955, 2.955, 3.824, 2.955, 2.955, 0.0, 0.0, 0.0, 0.0, 0.0, 0.0, 0.0, 0.0, 0.0, 0.0, 0.0, 0.0, 0.0, 0.0, 0.0, 0.0, 0.0, 0.0], "d proportion": [0.0, 0.0, 0.0, 0.0, 0.0, 0.0, 0.0, 0.0, 0.0, 0.0, 0.0, 0.0, 0.0, 0.0, 0.0, 0.0, 0.0, 0.0, 0.0, 0.0, 0.0, 0.0, 0.0, 0.0, 0.0, 0.0, 0.0, 0.0, 0.0, 0.0, 0.0, 0.0, 0.0], "Fermi-level/eV": -7.5468, "Coordination numbers": [3.7, 2.735, 3.7, 2.913, 1.846, 2.913, 1.846, 2.913, 1.846, 2.735, 3.7, 3.7, 2.735, 3.7, 3.7, 0.924, 0.924, 0.924, 0.924, 0.924, 0.924, 0.924, 0.924, 0.924, 0.924, 0.924, 0.924, 0.924, 0.924, 0.924, 0.924, 0.924, 0.924], "Dispersion coefficient C6": [21.406, 23.4, 21.406, 22.817, 30.229, 22.817, 30.228, 22.818, 30.228, 23.401, 21.406, 21.406, 23.4, 21.405, 21.406, 2.13, 2.384, 2.499, 2.499, 2.384, 2.13, 2.13, 2.499, 2.384, 2.384, 2.499, 2.13, 2.499, 2.384, 2.13, 2.384, 2.499, 2.13], "Total dispersion C6": 10091.048301, "Total dispersion C8": 218070.372156, "Polarizability alpha": [6.617, 7.184, 6.617, 7.833, 8.148, 7.833, 8.148, 7.833, 8.148, 7.185, 6.617, 6.617, 7.185, 6.617, 6.617, 2.282, 2.415, 2.472, 2.472, 2.415, 2.282, 2.282, 2.472, 2.415, 2.415, 2.472, 2.282, 2.472, 2.415, 2.282, 2.415, 2.472, 2.282], "Total polarizability alpha": 152.210339, "Wiberg matrix": [[0.0, 1.001526669683271, 0.0, 0.0, 0.0, 0.0, 0.0, 0.0, 0.0, 0.0, 0.0, 0.0, 0.0, 0.0, 0.0, 0.978686553171872, 0.982416865769406, 0.9772001588401797, 0.0, 0.0, 0.0, 0.0, 0.0, 0.0, 0.0, 0.0, 0.0, 0.0, 0.0, 0.0, 0.0, 0.0, 0.0], [1.001526669683271, 0.0, 1.0015670527475353, 1.160125039767604, 0.0, 0.0, 0.0, 0.0, 0.0, 0.0, 0.0, 0.0, 0.0, 0.0, 0.0, 0.0, 0.0, 0.0, 0.0, 0.0, 0.0, 0.0, 0.0, 0.0, 0.0, 0.0, 0.0, 0.0, 0.0, 0.0, 0.0, 0.0, 0.0], [0.0, 1.0015670527475353, 0.0, 0.0, 0.0, 0.0, 0.0, 0.0, 0.0, 0.0, 0.0, 0.0, 0.0, 0.0, 0.0, 0.0, 0.0, 0.0, 0.9771889857111767, 0.9824102887928103, 0.9786781134029084, 0.0, 0.0, 0.0, 0.0, 0.0, 0.0, 0.0, 0.0, 0.0, 0.0, 0.0, 0.0], [0.0, 1.160125039767604, 0.0, 0.0, 1.3315777930331205, 0.0, 0.0, 0.0, 1.3315284434436263, 0.0, 0.0, 0.0, 0.0, 0.0, 0.0, 0.0, 0.0, 0.0, 0.0, 0.0, 0.0, 0.0, 0.0, 0.0, 0.0, 0.0, 0.0, 0.0, 0.0, 0.0, 0.0, 0.0, 0.0], [0.0, 0.0, 0.0, 1.3315777930331205, 0.0, 1.3315207481109006, 0.0, 0.0, 0.0, 0.0, 0.0, 0.0, 0.0, 0.0, 0.0, 0.0, 0.0, 0.0, 0.0, 0.0, 0.0, 0.0, 0.0, 0.0, 0.0, 0.0, 0.0, 0.0, 0.0, 0.0, 0.0, 0.0, 0.0], [0.0, 0.0, 0.0, 0.0, 1.3315207481109006, 0.0, 1.3316266270520356, 0.0, 0.0, 0.0, 0.0, 0.0, 1.1600784951670093, 0.0, 0.0, 0.0, 0.0, 0.0, 0.0, 0.0, 0.0, 0.0, 0.0, 0.0, 0.0, 0.0, 0.0, 0.0, 0.0, 0.0, 0.0, 0.0, 0.0], [0.0, 0.0, 0.0, 0.0, 0.0, 1.3316266270520356, 0.0, 1.3315250285246494, 0.0, 0.0, 0.0, 0.0, 0.0, 0.0, 0.0, 0.0, 0.0, 0.0, 0.0, 0.0, 0.0, 0.0, 0.0, 0.0, 0.0, 0.0, 0.0, 0.0, 0.0, 0.0, 0.0, 0.0, 0.0], [0.0, 0.0, 0.0, 0.0, 0.0, 0.0, 1.3315250285246494, 0.0, 1.3316180496750822, 1.1600525752202542, 0.0, 0.0, 0.0, 0.0, 0.0, 0.0, 0.0, 0.0, 0.0, 0.0, 0.0, 0.0, 0.0, 0.0, 0.0, 0.0, 0.0, 0.0, 0.0, 0.0, 0.0, 0.0, 0.0], [0.0, 0.0, 0.0, 1.3315284434436263, 0.0, 0.0, 0.0, 1.3316180496750822, 0.0, 0.0, 0.0, 0.0, 0.0, 0.0, 0.0, 0.0, 0.0, 0.0, 0.0, 0.0, 0.0, 0.0, 0.0, 0.0, 0.0, 0.0, 0.0, 0.0, 0.0, 0.0, 0.0, 0.0, 0.0], [0.0, 0.0, 0.0, 0.0, 0.0, 0.0, 0.0, 1.1600525752202542, 0.0, 0.0, 1.0015609957047036, 1.0015410543784955, 0.0, 0.0, 0.0, 0.0, 0.0, 0.0, 0.0, 0.0, 0.0, 0.0, 0.0, 0.0, 0.0, 0.0, 0.0, 0.0, 0.0, 0.0, 0.0, 0.0, 0.0], [0.0, 0.0, 0.0, 0.0, 0.0, 0.0, 0.0, 0.0, 0.0, 1.0015609957047036, 0.0, 0.0, 0.0, 0.0, 0.0, 0.0, 0.0, 0.0, 0.0, 0.0, 0.0, 0.9786810758380942, 0.9771962674868514, 0.9824097092216889, 0.0, 0.0, 0.0, 0.0, 0.0, 0.0, 0.0, 0.0, 0.0], [0.0, 0.0, 0.0, 0.0, 0.0, 0.0, 0.0, 0.0, 0.0, 1.0015410543784955, 0.0, 0.0, 0.0, 0.0, 0.0, 0.0, 0.0, 0.0, 0.0, 0.0, 0.0, 0.0, 0.0, 0.0, 0.9824142261757386, 0.977199948470832, 0.9786863187838757, 0.0, 0.0, 0.0, 0.0, 0.0, 0.0], [0.0, 0.0, 0.0, 0.0, 0.0, 1.1600784951670093, 0.0, 0.0, 0.0, 0.0, 0.0, 0.0, 0.0, 1.001573242878522, 1.0015405111381828, 0.0, 0.0, 0.0, 0.0, 0.0, 0.0, 0.0, 0.0, 0.0, 0.0, 0.0, 0.0, 0.0, 0.0, 0.0, 0.0, 0.0, 0.0], [0.0, 0.0, 0.0, 0.0, 0.0, 0.0, 0.0, 0.0, 0.0, 0.0, 0.0, 0.0, 1.001573242878522, 0.0, 0.0, 0.0, 0.0, 0.0, 0.0, 0.0, 0.0, 0.0, 0.0, 0.0, 0.0, 0.0, 0.0, 0.9771833635522441, 0.9824101709371745, 0.9786813098318651, 0.0, 0.0, 0.0], [0.0, 0.0, 0.0, 0.0, 0.0, 0.0, 0.0, 0.0, 0.0, 0.0, 0.0, 0.0, 1.0015405111381828, 0.0, 0.0, 0.0, 0.0, 0.0, 0.0, 0.0, 0.0, 0.0, 0.0, 0.0, 0.0, 0.0, 0.0, 0.0, 0.0, 0.0, 0.9824155115830631, 0.9771975802093097, 0.9786840719241439], [0.978686553171872, 0.0, 0.0, 0.0, 0.0, 0.0, 0.0, 0.0, 0.0, 0.0, 0.0, 0.0, 0.0, 0.0, 0.0, 0.0, 0.0, 0.0, 0.0, 0.0, 0.0, 0.0, 0.0, 0.0, 0.0, 0.0, 0.0, 0.0, 0.0, 0.0, 0.0, 0.0, 0.0], [0.982416865769406, 0.0, 0.0, 0.0, 0.0, 0.0, 0.0, 0.0, 0.0, 0.0, 0.0, 0.0, 0.0, 0.0, 0.0, 0.0, 0.0, 0.0, 0.0, 0.0, 0.0, 0.0, 0.0, 0.0, 0.0, 0.0, 0.0, 0.0, 0.0, 0.0, 0.0, 0.0, 0.0], [0.9772001588401797, 0.0, 0.0, 0.0, 0.0, 0.0, 0.0, 0.0, 0.0, 0.0, 0.0, 0.0, 0.0, 0.0, 0.0, 0.0, 0.0, 0.0, 0.0, 0.0, 0.0, 0.0, 0.0, 0.0, 0.0, 0.0, 0.0, 0.0, 0.0, 0.0, 0.0, 0.0, 0.0], [0.0, 0.0, 0.9771889857111767, 0.0, 0.0, 0.0, 0.0, 0.0, 0.0, 0.0, 0.0, 0.0, 0.0, 0.0, 0.0, 0.0, 0.0, 0.0, 0.0, 0.0, 0.0, 0.0, 0.0, 0.0, 0.0, 0.0, 0.0, 0.0, 0.0, 0.0, 0.0, 0.0, 0.0], [0.0, 0.0, 0.9824102887928103, 0.0, 0.0, 0.0, 0.0, 0.0, 0.0, 0.0, 0.0, 0.0, 0.0, 0.0, 0.0, 0.0, 0.0, 0.0, 0.0, 0.0, 0.0, 0.0, 0.0, 0.0, 0.0, 0.0, 0.0, 0.0, 0.0, 0.0, 0.0, 0.0, 0.0], [0.0, 0.0, 0.9786781134029084, 0.0, 0.0, 0.0, 0.0, 0.0, 0.0, 0.0, 0.0, 0.0, 0.0, 0.0, 0.0, 0.0, 0.0, 0.0, 0.0, 0.0, 0.0, 0.0, 0.0, 0.0, 0.0, 0.0, 0.0, 0.0, 0.0, 0.0, 0.0, 0.0, 0.0], [0.0, 0.0, 0.0, 0.0, 0.0, 0.0, 0.0, 0.0, 0.0, 0.0, 0.9786810758380942, 0.0, 0.0, 0.0, 0.0, 0.0, 0.0, 0.0, 0.0, 0.0, 0.0, 0.0, 0.0, 0.0, 0.0, 0.0, 0.0, 0.0, 0.0, 0.0, 0.0, 0.0, 0.0], [0.0, 0.0, 0.0, 0.0, 0.0, 0.0, 0.0, 0.0, 0.0, 0.0, 0.9771962674868514, 0.0, 0.0, 0.0, 0.0, 0.0, 0.0, 0.0, 0.0, 0.0, 0.0, 0.0, 0.0, 0.0, 0.0, 0.0, 0.0, 0.0, 0.0, 0.0, 0.0, 0.0, 0.0], [0.0, 0.0, 0.0, 0.0, 0.0, 0.0, 0.0, 0.0, 0.0, 0.0, 0.9824097092216889, 0.0, 0.0, 0.0, 0.0, 0.0, 0.0, 0.0, 0.0, 0.0, 0.0, 0.0, 0.0, 0.0, 0.0, 0.0, 0.0, 0.0, 0.0, 0.0, 0.0, 0.0, 0.0], [0.0, 0.0, 0.0, 0.0, 0.0, 0.0, 0.0, 0.0, 0.0, 0.0, 0.0, 0.9824142261757386, 0.0, 0.0, 0.0, 0.0, 0.0, 0.0, 0.0, 0.0, 0.0, 0.0, 0.0, 0.0, 0.0, 0.0, 0.0, 0.0, 0.0, 0.0, 0.0, 0.0, 0.0], [0.0, 0.0, 0.0, 0.0, 0.0, 0.0, 0.0, 0.0, 0.0, 0.0, 0.0, 0.977199948470832, 0.0, 0.0, 0.0, 0.0, 0.0, 0.0, 0.0, 0.0, 0.0, 0.0, 0.0, 0.0, 0.0, 0.0, 0.0, 0.0, 0.0, 0.0, 0.0, 0.0, 0.0], [0.0, 0.0, 0.0, 0.0, 0.0, 0.0, 0.0, 0.0, 0.0, 0.0, 0.0, 0.9786863187838757, 0.0, 0.0, 0.0, 0.0, 0.0, 0.0, 0.0, 0.0, 0.0, 0.0, 0.0, 0.0, 0.0, 0.0, 0.0, 0.0, 0.0, 0.0, 0.0, 0.0, 0.0], [0.0, 0.0, 0.0, 0.0, 0.0, 0.0, 0.0, 0.0, 0.0, 0.0, 0.0, 0.0, 0.0, 0.9771833635522441, 0.0, 0.0, 0.0, 0.0, 0.0, 0.0, 0.0, 0.0, 0.0, 0.0, 0.0, 0.0, 0.0, 0.0, 0.0, 0.0, 0.0, 0.0, 0.0], [0.0, 0.0, 0.0, 0.0, 0.0, 0.0, 0.0, 0.0, 0.0, 0.0, 0.0, 0.0, 0.0, 0.9824101709371745, 0.0, 0.0, 0.0, 0.0, 0.0, 0.0, 0.0, 0.0, 0.0, 0.0, 0.0, 0.0, 0.0, 0.0, 0.0, 0.0, 0.0, 0.0, 0.0], [0.0, 0.0, 0.0, 0.0, 0.0, 0.0, 0.0, 0.0, 0.0, 0.0, 0.0, 0.0, 0.0, 0.9786813098318651, 0.0, 0.0, 0.0, 0.0, 0.0, 0.0, 0.0, 0.0, 0.0, 0.0, 0.0, 0.0, 0.0, 0.0, 0.0, 0.0, 0.0, 0.0, 0.0], [0.0, 0.0, 0.0, 0.0, 0.0, 0.0, 0.0, 0.0, 0.0, 0.0, 0.0, 0.0, 0.0, 0.0, 0.9824155115830631, 0.0, 0.0, 0.0, 0.0, 0.0, 0.0, 0.0, 0.0, 0.0, 0.0, 0.0, 0.0, 0.0, 0.0, 0.0, 0.0, 0.0, 0.0], [0.0, 0.0, 0.0, 0.0, 0.0, 0.0, 0.0, 0.0, 0.0, 0.0, 0.0, 0.0, 0.0, 0.0, 0.9771975802093097, 0.0, 0.0, 0.0, 0.0, 0.0, 0.0, 0.0, 0.0, 0.0, 0.0, 0.0, 0.0, 0.0, 0.0, 0.0, 0.0, 0.0, 0.0], [0.0, 0.0, 0.0, 0.0, 0.0, 0.0, 0.0, 0.0, 0.0, 0.0, 0.0, 0.0, 0.0, 0.0, 0.9786840719241439, 0.0, 0.0, 0.0, 0.0, 0.0, 0.0, 0.0, 0.0, 0.0, 0.0, 0.0, 0.0, 0.0, 0.0, 0.0, 0.0, 0.0, 0.0]], "Born radii": [], "Atomic SASAs": [], "Solvent H bonds": [], "Total SASA": NaN, "Total FOD": 0.0, "FOD": [0.0, 0.0, 0.0, 0.0, 0.0, 0.0, 0.0, 0.0, 0.0, 0.0, 0.0, 0.0, 0.0, 0.0, 0.0, 0.0, 0.0, 0.0, 0.0, 0.0, 0.0, 0.0, 0.0, 0.0, 0.0, 0.0, 0.0, 0.0, 0.0, 0.0, 0.0, 0.0, 0.0], "FOD s proportion": [0.0, 0.0, 0.0, 0.0, 0.0, 0.0, 0.0, 0.0, 0.0, 0.0, 0.0, 0.0, 0.0, 0.0, 0.0, 0.0, 0.0, 0.0, 0.0, 0.0, 0.0, 0.0, 0.0, 0.0, 0.0, 0.0, 0.0, 0.0, 0.0, 0.0, 0.0, 0.0, 0.0], "FOD p proportion": [0.0, 0.0, 0.0, 0.0, 0.0, 0.0, 0.0, 0.0, 0.0, 0.0, 0.0, 0.0, 0.0, 0.0, 0.0, 0.0, 0.0, 0.0, 0.0, 0.0, 0.0, 0.0, 0.0, 0.0, 0.0, 0.0, 0.0, 0.0, 0.0, 0.0, 0.0, 0.0, 0.0], "FOD d proportion": [0.0, 0.0, 0.0, 0.0, 0.0, 0.0, 0.0, 0.0, 0.0, 0.0, 0.0, 0.0, 0.0, 0.0, 0.0, 0.0, 0.0, 0.0, 0.0, 0.0, 0.0, 0.0, 0.0, 0.0, 0.0, 0.0, 0.0, 0.0, 0.0, 0.0, 0.0, 0.0, 0.0], "coordinates": [["-2.20010", "2.78400", "0.10200"], ["-0.81710", "2.59360", "-0.30230"], ["0.15870", "3.54030", "0.21120"], ["-0.38910", "1.26090", "-0.31840"], ["-1.30130", "0.29890", "-0.38370"], ["-0.86620", "-0.95450", "-0.42310"], ["0.42390", "-1.26460", "-0.38860"], ["1.29190", "-0.26250", "-0.32320"], ["0.91360", "1.00910", "-0.28120"], ["2.66030", "-0.55780", "-0.31220"], ["2.98670", "-1.91650", "0.08730"], ["3.50820", "0.50490", "0.20170"], ["-1.80420", "-1.98920", "-0.51890"], ["-3.15080", "-1.63030", "-0.10660"], ["-1.31360", "-3.29530", "-0.11180"], ["-2.89340", "2.26030", "-0.56630"], ["-2.46850", "3.84540", "0.05300"], ["-2.36610", "2.44560", "1.13140"], ["0.40340", "3.33360", "1.25960"], ["-0.23580", "4.56130", "0.15640"], ["1.08020", "3.53440", "-0.38240"], ["2.53150", "-2.65590", "-0.58170"], ["2.66950", "-2.11780", "1.11710"], ["4.06920", "-2.07930", "0.03450"], ["4.56280", "0.21260", "0.14280"], ["3.28180", "0.72510", "1.25140"], ["3.41010", "1.42300", "-0.38900"], ["-3.18320", "-1.34780", "0.95220"], ["-3.83060", "-2.47860", "-0.24570"], ["-3.55470", "-0.81020", "-0.71140"], ["-2.09150", "-4.05460", "-0.25070"], ["-1.02600", "-3.30270", "0.94600"], ["-0.45960", "-3.61500", "-0.72020"]], "bond_dist": [[0.0, 1.453409663515418, 2.4794861907258126, 2.403391514090037, 2.6869067605706007, 4.003923259754113, 4.849456291173269, 4.653603043879011, 3.6044749881224027, 5.912924575876137, 6.99984361111018, 6.147269783407915, 4.829667882991542, 4.520330622863774, 6.1473149569547845, 1.096153032199428, 1.095905798871418, 1.0962367080151985, 2.9017770710376767, 2.649571501205431, 3.3997222842461707, 7.242098884991836, 6.983629100260122, 7.93475680975794, 7.235369998141077, 5.967530241230453, 5.793767862108387, 4.331408187876086, 5.520360884942215, 3.9261729916039103, 6.84855029988099, 6.256098121033589, 6.682256661487943], [1.453409663515418, 0.0, 1.4533095953718878, 1.3998330257570009, 2.3466409375956943, 3.5504953260073444, 4.053792783307997, 3.55044011637994, 2.3465736617459934, 4.692944782330173, 5.912840654879852, 4.829586294911812, 4.69290291930272, 4.829677565842259, 5.912862733904787, 2.119388256077683, 2.102466002103245, 2.115845147925528, 2.115833608769839, 2.102417339635497, 2.119261177863644, 6.232851399640456, 6.030619029585603, 6.769442838225315, 5.900050764188389, 4.765108304120695, 4.387144981648087, 4.7651687714077875, 5.900135477258129, 4.387216772624758, 6.769440239783492, 6.030609072888078, 6.232909482737576], [2.4794861907258126, 1.4533095953718878, 0.0, 2.403377906197858, 3.6044666692868716, 4.65359898788024, 4.849448947045427, 4.003874803237483, 2.686876478366655, 4.8297384742861595, 6.147324739266667, 4.520275838928416, 5.912815967878587, 6.147266990297395, 6.999815972580993, 3.3997383222830546, 2.6495835691670497, 2.9016807491521184, 1.0962415518488613, 1.0959353493705732, 1.096156019916873, 6.682197594354719, 6.256106381768136, 6.848586518399253, 5.520358924925081, 4.331410935249621, 3.926168780121405, 5.967486759097166, 7.2353596531202236, 5.793736322098202, 7.934686991936101, 6.983558844171072, 7.242107354907134], [2.403391514090037, 1.3998330257570009, 2.403377906197858, 0.0, 1.3273345207595557, 2.2686083090740894, 2.6540624126044965, 2.2685968350502472, 1.3273335564205404, 3.550570164072244, 4.653653284248839, 4.00387153889832, 3.5504729642682817, 4.003858585165066, 4.653637528858474, 2.707724738595118, 3.337885943228139, 2.722859366548335, 2.722907552598876, 3.33789995206567, 2.707718733546747, 4.892908489845278, 4.778211788943643, 5.581927385769184, 5.082612708046916, 4.0282577487047675, 3.803311900173321, 4.028242155084523, 5.082624104731728, 3.8032785291114295, 5.581871487234367, 4.778158005968408, 4.892935141609788], [2.6869067605706007, 2.3466409375956943, 3.6044666692868716, 1.3273345207595557, 0.0, 1.3273567455661646, 2.3282764655426984, 2.6539624055362956, 2.3282337296757816, 4.053803362275975, 4.849410496132494, 4.849373094535004, 2.346612251736533, 2.686865701891332, 3.6044908849933304, 2.5328274970870006, 3.759085657443842, 2.8350745916113036, 3.849135106748008, 4.4266298715840255, 4.017462406793622, 4.843594004455782, 4.884679331337933, 5.88837810691535, 5.888320537300938, 4.884670312313821, 4.8436472683299305, 2.8351009347111438, 3.759110099478333, 2.5328445787296148, 4.426631596372121, 3.8490797263761634, 4.01749976353453], [4.003923259754113, 3.5504953260073444, 4.65359898788024, 2.2686083090740894, 1.3273567455661646, 0.0, 1.3272943418850245, 2.268532481583634, 2.6539684643944055, 3.5504748907716555, 4.003846971351428, 4.653557645500912, 1.3998663257611421, 2.4033882437092844, 2.4034182095507224, 3.8032860949447387, 5.082624962556258, 4.028256480166078, 4.778196841905951, 5.581870121204901, 4.892887967243885, 3.803193554106864, 4.028232542939894, 5.082592444806096, 5.581792384171952, 4.778170194750287, 4.892893903407267, 2.722980716053641, 3.3379662865283706, 2.707761368732481, 3.3379187917023985, 2.7228687243420313, 2.707739319063045], [4.849456291173269, 4.053792783307997, 4.849448947045427, 2.6540624126044965, 2.3282764655426984, 1.3272943418850245, 0.0, 1.3273679105658687, 2.328315386712032, 2.3466759810421207, 2.686893793956136, 3.604509790526307, 2.3465832309977843, 3.604405718006784, 2.6868693641485444, 4.843653227678464, 5.888385884094214, 4.884678499144033, 4.884713577068773, 5.88840724644619, 4.8436731031315485, 2.5327812894128856, 2.835101777714515, 3.7591171556630156, 4.426623883954904, 3.8491685465824954, 4.017534612171997, 3.8491346157285795, 4.426622488986383, 4.017454064454253, 3.7590362554782577, 2.834998902998024, 2.5327674528073048], [4.653603043879011, 3.55044011637994, 4.003874803237483, 2.2685968350502472, 2.6539624055362956, 2.268532481583634, 1.3273679105658687, 0.0, 1.3273437572836964, 1.399943445286273, 2.403450288647552, 2.403415998116015, 3.5504403374792823, 4.653533677755003, 4.003897607332136, 4.892888057170325, 5.58184351357148, 4.77814093241294, 4.028228307829635, 5.082610538886489, 3.8032579639041053, 2.707728562836386, 2.722936638998418, 3.3379794517042796, 3.3379129437419426, 2.722943431289016, 2.7077686625707154, 4.778183887210704, 5.581855579464593, 4.892872989359115, 5.082585387379144, 4.028193775130486, 3.8032377653783365], [3.6044749881224027, 2.3465736617459934, 2.686876478366655, 1.3273335564205404, 2.3282337296757816, 2.6539684643944055, 2.328315386712032, 1.3273437572836964, 0.0, 2.346720584134379, 3.6045348132595416, 2.6868865271909046, 4.053731740014379, 4.849357161521515, 4.849430436659547, 4.017465923937626, 4.426611315668002, 3.849078214326126, 2.8350782934515233, 3.75908751693812, 2.532812091332478, 4.017477524517094, 3.8491468288440234, 4.426702204802126, 3.759102138809214, 2.835117281524699, 2.5328731314457897, 4.884672292999808, 5.8883567470050595, 4.843617389926665, 5.888345603817765, 4.884637882177143, 4.843624680959499], [5.912924575876137, 4.692944782330173, 4.8297384742861595, 3.550570164072244, 4.053803362275975, 3.5504748907716555, 2.3466759810421207, 1.399943445286273, 2.346720584134379, 0.0, 1.4533419762739948, 1.4533956481288914, 4.69290859702168, 5.912817502680088, 4.829694360930099, 6.232963830313794, 6.769500034714529, 6.030679023128324, 4.765201654704657, 5.900183554771835, 4.387225192533431, 2.119255364508959, 2.115793735220898, 2.1024182148183557, 2.1023908794512978, 2.1158779785233364, 2.1193553076348475, 6.030696444856099, 6.76946657425827, 6.232919973816445, 5.900084383294869, 4.765118145439838, 4.387107458223471], [6.99984361111018, 5.912840654879852, 6.147324739266667, 4.653653284248839, 4.849410496132494, 4.003846971351428, 2.686893793956136, 2.403450288647552, 3.6045348132595416, 1.4533419762739948, 0.0, 2.479561971397368, 4.829646626824782, 6.147228147710153, 4.520321928801089, 7.242128638045585, 7.93472590200821, 6.983589983668858, 5.9675184281240385, 7.2354111078777, 5.793761399125788, 1.0961206138012367, 1.096186831703428, 1.0959461346252384, 2.6495732241249725, 2.9017690087255392, 3.399763153515256, 6.256128012596929, 6.848534492867798, 6.682195398220557, 5.520310756651296, 4.331359765708686, 3.926059371685558], [6.147269783407915, 4.829586294911812, 4.520275838928416, 4.00387153889832, 4.849373094535004, 4.653557645500912, 3.604509790526307, 2.403415998116015, 2.6868865271909046, 1.4533956481288914, 2.479561971397368, 0.0, 5.912815989864728, 6.999743490300198, 6.147321166979971, 6.682195426654327, 6.848503108709232, 6.2560418053270705, 4.331336876762185, 5.520323274048359, 3.9260956508979756, 3.3997522100882587, 2.901711588011462, 2.6496729005671624, 1.095942361623092, 1.0961820514859748, 1.0961102636140216, 6.983593738183801, 7.934697502110588, 7.242085060947572, 7.235353902885469, 5.96747600665474, 5.793695924019486], [4.829667882991542, 4.69290291930272, 5.912815967878587, 3.5504729642682817, 2.346612251736533, 1.3998663257611421, 2.3465832309977843, 3.5504403374792823, 4.053731740014379, 4.69290859702168, 4.829646626824782, 5.912815989864728, 0.0, 1.4533176046549494, 1.4533808791916867, 4.387123619183758, 5.900078072364805, 4.765151911534406, 6.030651693639752, 6.769413482717687, 6.232860705165807, 4.387109209946796, 4.7651889416895115, 5.900101450822689, 6.769376568783864, 6.030653578178737, 6.232889164745352, 2.115932458751933, 2.102486042759856, 2.1192799484730656, 2.10246276780351, 2.115847229834895, 2.119362283801427], [4.520330622863774, 4.829677565842259, 6.147266990297395, 4.003858585165066, 2.686865701891332, 2.4033882437092844, 3.604405718006784, 4.653533677755003, 4.849357161521515, 5.912817502680088, 6.147228147710153, 6.999743490300198, 1.4533176046549494, 0.0, 2.4794265224039207, 3.926110952329289, 5.52035288183645, 4.331438433130501, 6.256128458559655, 6.848525721642579, 6.682181734284096, 5.793626555103461, 5.967494451610324, 7.235323780591993, 7.934614403359498, 6.983581883245875, 7.242085297757822, 1.0963181335725503, 1.0959423981213614, 1.0961214622476836, 2.6495493560226424, 2.9016656526898474, 3.399720060534396], [6.1473149569547845, 5.912862733904787, 6.999815972580993, 4.653637528858474, 3.6044908849933304, 2.4034182095507224, 2.6868693641485444, 4.003897607332136, 4.849430436659547, 4.829694360930099, 4.520321928801089, 6.147321166979971, 1.4533808791916867, 2.4794265224039207, 0.0, 5.793706037589412, 7.235367961617433, 5.967515002075822, 6.983633880008315, 7.934717867700149, 7.24212019300978, 3.926121798925754, 4.331487858692438, 5.520380016810438, 6.848522507081364, 6.256167481773486, 6.682255339329679, 2.901767807733761, 2.649569229138956, 3.399672245967249, 1.0958823431372544, 1.0962250498871113, 1.0962092181695975], [1.096153032199428, 2.119388256077683, 3.3997383222830546, 2.707724738595118, 2.5328274970870006, 3.8032860949447387, 4.843653227678464, 4.892888057170325, 4.017465923937626, 6.232963830313794, 7.242128638045585, 6.682195426654327, 4.387123619183758, 3.926110952329289, 5.793706037589412, 0.0, 1.7540280813031475, 1.7873350749090111, 3.918516803587807, 3.588834636758847, 4.176918359269187, 7.321120106240574, 7.276499953961383, 8.226231674345186, 7.764716127457591, 6.617701063813626, 6.361337817629244, 3.9253295275683544, 4.841311951320634, 3.1442553888003437, 6.373429922733912, 6.059802228620997, 6.361306291949791], [1.095905798871418, 2.102466002103245, 2.6495835691670497, 3.337885943228139, 3.759085657443842, 5.082624962556258, 5.888385884094214, 5.58184351357148, 4.426611315668002, 6.769500034714529, 7.93472590200821, 6.848503108709232, 5.900078072364805, 5.52035288183645, 7.235367961617433, 1.7540280813031475, 0.0, 1.769992192073174, 3.156838990192563, 2.3469456022669126, 3.588811202891565, 8.226162275326205, 7.9429910644542465, 8.822920923934433, 7.914826566008885, 6.651194234120666, 6.373485994336224, 5.318710649208133, 6.475918012143143, 4.84135819373035, 7.9148191823945035, 7.346671958104568, 7.764733453892671], [1.0962367080151985, 2.115845147925528, 2.9016807491521184, 2.722859366548335, 2.8350745916113036, 4.028256480166078, 4.884678499144033, 4.77814093241294, 3.849078214326126, 6.030679023128324, 6.983589983668858, 6.2560418053270705, 4.765151911534406, 4.331438433130501, 5.967515002075822, 1.7873350749090111, 1.769992192073174, 0.0, 2.911204130596135, 3.15673717309503, 3.918425649415847, 7.276434540350102, 6.795740681485721, 7.9429840557563764, 7.346650540892768, 5.905361518146031, 6.05985258566576, 3.8845396908771574, 5.318732019946109, 3.9254191419515956, 6.651180768104262, 5.905353000456451, 6.617706337546267], [2.9017770710376767, 2.115833608769839, 1.0962415518488613, 2.722907552598876, 3.849135106748008, 4.778196841905951, 4.884713577068773, 4.028228307829635, 2.8350782934515233, 4.765201654704657, 5.9675184281240385, 4.331336876762185, 6.030651693639752, 6.256128458559655, 6.983633880008315, 3.918516803587807, 3.156838990192563, 2.911204130596135, 0.0, 1.7699927033747909, 1.7873284197371229, 6.617651059855, 5.9053600584553685, 6.651198843817557, 5.318692658915347, 3.884523915488229, 3.92536867185746, 5.905395861413526, 7.34672395901738, 6.059907181632406, 7.942986298615905, 6.7957344717109125, 7.276497715247357], [2.649571501205431, 2.102417339635497, 1.0959353493705732, 3.33789995206567, 4.4266298715840255, 5.581870121204901, 5.88840724644619, 5.082610538886489, 3.75908751693812, 5.900183554771835, 7.2354111078777, 5.520323274048359, 6.769413482717687, 6.848525721642579, 7.934717867700149, 3.588834636758847, 2.3469456022669126, 3.15673717309503, 1.7699927033747909, 0.0, 1.7540481891897954, 7.764709700948258, 7.346706023109949, 7.9148880579576115, 6.4759507881082605, 5.3187371809481245, 4.841381503248841, 6.651159839456574, 7.914825548298586, 6.373475213727594, 8.822872871689809, 7.942945310147868, 8.226201777855927], [3.3997222842461707, 2.119261177863644, 1.096156019916873, 2.707718733546747, 4.017462406793622, 4.892887967243885, 4.8436731031315485, 3.8032579639041053, 2.532812091332478, 4.387225192533431, 5.793761399125788, 3.9260956508979756, 6.232860705165807, 6.682181734284096, 7.24212019300978, 4.176918359269187, 3.588811202891565, 3.918425649415847, 1.7873284197371229, 1.7540481891897954, 0.0, 6.361273950239842, 6.0598464980558715, 6.373504083312413, 4.841352397832655, 3.925367688510212, 3.1442785388702448, 6.617674331666677, 7.76471586923823, 6.361296107712641, 8.226174492435716, 7.276445657737026, 7.3211346962065935], [7.242098884991836, 6.232851399640456, 6.682197594354719, 4.892908489845278, 4.843594004455782, 3.803193554106864, 2.5327812894128856, 2.707728562836386, 4.017477524517094, 2.119255364508959, 1.0961206138012367, 3.3997522100882587, 4.387109209946796, 5.793626555103461, 3.926121798925754, 7.321120106240574, 8.226162275326205, 7.276434540350102, 6.617651059855, 7.764709700948258, 6.361273950239842, 0.0, 1.7873211938540874, 1.754049967931359, 3.5887842217107457, 3.918464839704447, 4.176900341162092, 6.0598490831042975, 6.373432960344055, 6.3612310931139735, 4.841286160722168, 3.9253055651757864, 3.144158753943573], [6.983629100260122, 6.030619029585603, 6.256106381768136, 4.778211788943643, 4.884679331337933, 4.028232542939894, 2.835101777714515, 2.722936638998418, 3.8491468288440234, 2.115793735220898, 1.096186831703428, 2.901711588011462, 4.7651889416895115, 5.967494451610324, 4.331487858692438, 7.276499953961383, 7.9429910644542465, 6.795740681485721, 5.9053600584553685, 7.346706023109949, 6.0598464980558715, 1.7873211938540874, 0.0, 1.7699336428239338, 3.1566769774558816, 2.9111901672683627, 3.918429559147389, 5.905437265774653, 6.6512179704171475, 6.617695645011184, 5.31875850927639, 3.8845827922699754, 3.9253720766317173], [7.93475680975794, 6.769442838225315, 6.848586518399253, 5.581927385769184, 5.88837810691535, 5.082592444806096, 3.7591171556630156, 3.3379794517042796, 4.426702204802126, 2.1024182148183557, 1.0959461346252384, 2.6496729005671624, 5.900101450822689, 7.235323780591993, 5.520380016810438, 8.226231674345186, 8.822920923934433, 7.9429840557563764, 6.651198843817557, 7.9148880579576115, 6.373504083312413, 1.754049967931359, 1.7699336428239338, 0.0, 2.3469502465966334, 3.156818608979616, 3.588853626159752, 7.346738820728555, 7.914846339001157, 7.764717176433409, 6.475907165795384, 5.318703117302187, 4.841278345643845], [7.235369998141077, 5.900050764188389, 5.520358924925081, 5.082612708046916, 5.888320537300938, 5.581792384171952, 4.426623883954904, 3.3379129437419426, 3.759102138809214, 2.1023908794512978, 2.6495732241249725, 1.095942361623092, 6.769376568783864, 7.934614403359498, 6.848522507081364, 7.764716127457591, 7.914826566008885, 7.346650540892768, 5.318692658915347, 6.4759507881082605, 4.841352397832655, 3.5887842217107457, 3.1566769774558816, 2.3469502465966334, 0.0, 1.7699184190238826, 1.754023001559558, 7.942952380569834, 8.822848363765525, 8.226152425648335, 7.914767626405718, 6.651101395257781, 6.373365870558508], [5.967530241230453, 4.765108304120695, 4.331410935249621, 4.0282577487047675, 4.884670312313821, 4.778170194750287, 3.8491685465824954, 2.722943431289016, 2.835117281524699, 2.1158779785233364, 2.9017690087255392, 1.0961820514859748, 6.030653578178737, 6.983581883245875, 6.256167481773486, 6.617701063813626, 6.651194234120666, 5.905361518146031, 3.884523915488229, 5.3187371809481245, 3.925367688510212, 3.918464839704447, 2.9111901672683627, 3.156818608979616, 1.7699184190238826, 0.0, 1.7872989285511254, 6.795782519327704, 7.94299917285656, 7.276500682333507, 7.34671282887796, 5.905385917956591, 6.059847236523376], [5.793767862108387, 4.387144981648087, 3.926168780121405, 3.803311900173321, 4.8436472683299305, 4.892893903407267, 4.017534612171997, 2.7077686625707154, 2.5328731314457897, 2.1193553076348475, 3.399763153515256, 1.0961102636140216, 6.232889164745352, 7.242085297757822, 6.682255339329679, 6.361337817629244, 6.373485994336224, 6.05985258566576, 3.92536867185746, 4.841381503248841, 3.1442785388702448, 4.176900341162092, 3.918429559147389, 3.588853626159752, 1.754023001559558, 1.7872989285511254, 0.0, 7.2765208011796405, 8.226223552761011, 7.321172244934551, 7.764717072115378, 6.617661875617399, 6.361266818016676], [4.331408187876086, 4.7651687714077875, 5.967486759097166, 4.028242155084523, 2.8351009347111438, 2.722980716053641, 3.8491346157285795, 4.778183887210704, 4.884672292999808, 6.030696444856099, 6.256128012596929, 6.983593738183801, 2.115932458751933, 1.0963181335725503, 2.901767807733761, 3.9253295275683544, 5.318710649208133, 3.8845396908771574, 5.905395861413526, 6.651159839456574, 6.617674331666677, 6.0598490831042975, 5.905437265774653, 7.346738820728555, 7.942952380569834, 6.795782519327704, 7.2765208011796405, 0.0, 1.769971697513833, 1.7873418727260884, 3.1568249143720335, 2.9112169774855325, 3.918560266220235], [5.520360884942215, 5.900135477258129, 7.2353596531202236, 5.082624104731728, 3.759110099478333, 3.3379662865283706, 4.426622488986383, 5.581855579464593, 5.8883567470050595, 6.76946657425827, 6.848534492867798, 7.934697502110588, 2.102486042759856, 1.0959423981213614, 2.649569229138956, 4.841311951320634, 6.475918012143143, 5.318732019946109, 7.34672395901738, 7.914825548298586, 7.76471586923823, 6.373432960344055, 6.6512179704171475, 7.914846339001157, 8.822848363765525, 7.94299917285656, 8.226223552761011, 1.769971697513833, 0.0, 1.7540113625629683, 2.346970347064487, 3.1567500471212475, 3.5888990247706887], [3.9261729916039103, 4.387216772624758, 5.793736322098202, 3.8032785291114295, 2.5328445787296148, 2.707761368732481, 4.017454064454253, 4.892872989359115, 4.843617389926665, 6.232919973816445, 6.682195398220557, 7.242085060947572, 2.1192799484730656, 1.0961214622476836, 3.399672245967249, 3.1442553888003437, 4.84135819373035, 3.9254191419515956, 6.059907181632406, 6.373475213727594, 6.361296107712641, 6.3612310931139735, 6.617695645011184, 7.764717176433409, 8.226152425648335, 7.276500682333507, 7.321172244934551, 1.7873418727260884, 1.7540113625629683, 0.0, 3.588778356209812, 3.91839950745199, 4.1769156670921666], [6.84855029988099, 6.769440239783492, 7.934686991936101, 5.581871487234367, 4.426631596372121, 3.3379187917023985, 3.7590362554782577, 5.082585387379144, 5.888345603817765, 5.900084383294869, 5.520310756651296, 7.235353902885469, 2.10246276780351, 2.6495493560226424, 1.0958823431372544, 6.373429922733912, 7.9148191823945035, 6.651180768104262, 7.942986298615905, 8.822872871689809, 8.226174492435716, 4.841286160722168, 5.31875850927639, 6.475907165795384, 7.914767626405718, 7.34671282887796, 7.764717072115378, 3.1568249143720335, 2.346970347064487, 3.588778356209812, 0.0, 1.769953318593459, 1.7540741204407526], [6.256098121033589, 6.030609072888078, 6.983558844171072, 4.778158005968408, 3.8490797263761634, 2.7228687243420313, 2.834998902998024, 4.028193775130486, 4.884637882177143, 4.765118145439838, 4.331359765708686, 5.96747600665474, 2.115847229834895, 2.9016656526898474, 1.0962250498871113, 6.059802228620997, 7.346671958104568, 5.905353000456451, 6.7957344717109125, 7.942945310147868, 7.276445657737026, 3.9253055651757864, 3.8845827922699754, 5.318703117302187, 6.651101395257781, 5.905385917956591, 6.617661875617399, 2.9112169774855325, 3.1567500471212475, 3.91839950745199, 1.769953318593459, 0.0, 1.7873339615192232], [6.682256661487943, 6.232909482737576, 7.242107354907134, 4.892935141609788, 4.01749976353453, 2.707739319063045, 2.5327674528073048, 3.8032377653783365, 4.843624680959499, 4.387107458223471, 3.926059371685558, 5.793695924019486, 2.119362283801427, 3.399720060534396, 1.0962092181695975, 6.361306291949791, 7.764733453892671, 6.617706337546267, 7.276497715247357, 8.226201777855927, 7.3211346962065935, 3.144158753943573, 3.9253720766317173, 4.841278345643845, 6.373365870558508, 6.059847236523376, 6.361266818016676, 3.918560266220235, 3.5888990247706887, 4.1769156670921666, 1.7540741204407526, 1.7873339615192232, 0.0]]}