{"total energy": -17.7195051, "HOMO-LUMO gap/eV": 11.17066203, "electronic energy": -17.92427815, "dipole": [-0.04744058, 0.29893801, 0.4077619], "partial charges": [-0.10792831, 0.08938275, -0.32796099, 0.08940936, -0.10793237, 0.05216971, 0.05218681, 0.0408243, 0.01867996, 0.01869048, 0.01865811, 0.0186528, 0.04081519, 0.05217847, 0.05217372], "atomic dipole moments": [[0.08670409, 0.06099891, 0.07557591], [0.13762321, -0.08008742, -0.11915403], [-0.02598837, 0.16457627, 0.22446201], [-0.10869277, -0.10319164, -0.13079281], [-0.10318138, 0.04320453, 0.06658501], [0.0046032, 0.03431959, -0.12332511], [0.01408967, -0.12723969, -0.0037612], [-0.11392857, 0.02850055, 0.047565], [-0.00339368, -0.04037368, 0.11053745], [-0.01262411, 0.11689448, -0.00585381], [0.00048419, -0.03998989, 0.11072225], [-0.0087474, 0.11725783, -0.00566479], [0.10172043, 0.0487144, 0.05775592], [0.01015736, -0.12760811, -0.00396074], [0.00066659, 0.03394087, -0.12349847]], "atomic quadrupole moments": [[0.09855816, 0.12530487, -0.06758258, 0.15018946, 0.09146258, -0.03097558], [0.37558037, -0.04276438, -0.24368424, -0.11633998, 0.16366785, -0.13189613], [0.12976776, 0.01641284, -0.09614342, -0.00191635, 0.1036044, -0.03362434], [0.31875032, 0.13420222, -0.2100011, 0.12730705, 0.19507699, -0.10874922], [0.16779618, -0.09034608, -0.10860726, -0.1467207, 0.05312081, -0.05918892], [-0.04364408, 0.01467809, -0.01948851, -0.00472796, -0.04149343, 0.06313259], [-0.0400902, -0.01854474, 0.07722465, 0.01376132, -0.00952599, -0.03713445], [0.05949397, -0.02687606, -0.03922256, -0.04534831, 0.0225336, -0.02027141], [-0.01038517, -0.00156884, -0.02443226, -0.00765666, -0.02766936, 0.03481742], [-0.00947644, -0.01136535, 0.04385063, -0.00464503, -0.00618161, -0.03437418], [-0.01340687, 0.0063587, -0.02290608, 0.00820079, -0.02580622, 0.03631295], [-0.01304159, 0.00122221, 0.04622415, 0.0077346, -0.00441563, -0.03318257], [0.03813563, 0.03961096, -0.02657308, 0.04619369, 0.03435007, -0.01156255], [-0.04057225, -0.00296676, 0.08015243, -0.01209288, -0.0112209, -0.03958018], [-0.03887329, -0.01429631, -0.02496317, 0.00267652, -0.04221047, 0.06383646]], "number of molecular orbitals": 30, "number of electrons": 32, "number of unpaired electrons": 0, "orbital energies/eV": [-18.69100372, -17.39239276, -16.58526151, -15.98627213, -15.6804566, -14.8728058, -14.81428119, -13.92149204, -13.74423285, -12.99934103, -12.55541154, -12.53072828, -12.35105393, -12.12883471, -11.97069065, -10.71405497, 0.45660705, 2.6709668, 3.04509363, 3.94737103, 4.22201357, 4.26698043, 4.34687132, 4.42661922, 4.82524107, 5.20293812, 6.47168071, 7.20622865, 7.25731957, 7.28137895], "fractional occupation": [2.0, 2.0, 2.0, 2.0, 2.0, 2.0, 2.0, 2.0, 2.0, 2.0, 2.0, 2.0, 2.0, 2.0, 2.0, 2.0, 0.0, 0.0, 0.0, 0.0, 0.0, 0.0, 0.0, 0.0, 0.0, 0.0, 0.0, 0.0, 0.0, 0.0], "program call": "xtb /home/svss/Project-DBcg-Debug/aqme2_20220329/End-to-End-workflows-final/example-3/QDESCP/mol_832_rdkit_conf_1/mol_832_rdkit_conf_1.xyz --pop --wbo --acc 0.2 --gfn 2 --chrg 0 --uhf 0 --etemp 300 --input /home/svss/Project-DBcg-Debug/aqme2_20220329/End-to-End-workflows-final/example-3/QDESCP/mol_832_rdkit_conf_1/mol_832_rdkit_conf_1_xtb.inp", "method": "GFN2-xTB", "xtb version": "6.3.3 (7355c4f)", "Dipole module/D": 1.291, "Total charge": 0, "Transition dipole module/D": NaN, "HOMO": -10.7141, "LUMO": 0.4566, "HOMO occupancy": 2.0, "LUMO occupancy": 0, "mulliken charges": [-0.08945, 0.20348, -0.47502, 0.20351, -0.08946, 0.03991, 0.03992, 0.02467, 0.0095, 0.0095, 0.00948, 0.00947, 0.02466, 0.03991, 0.03991], "cm5 charges": [-0.23619, 0.11824, -0.57597, 0.11828, -0.2362, 0.09311, 0.09313, 0.07586, 0.07192, 0.07193, 0.0719, 0.0719, 0.07585, 0.09312, 0.09312], "FUKUI+": [0.027, -0.027, -0.188, -0.027, 0.027, -0.06, -0.06, -0.117, -0.085, -0.085, -0.085, -0.085, -0.117, -0.06, -0.06], "FUKUI-": [0.025, 0.032, -0.171, 0.032, 0.025, -0.08, -0.08, -0.064, -0.123, -0.123, -0.123, -0.123, -0.064, -0.08, -0.08], "FUKUIrad": [0.026, 0.003, -0.179, 0.003, 0.026, -0.07, -0.07, -0.091, -0.104, -0.104, -0.104, -0.104, -0.091, -0.07, -0.07], "s proportion": [1.009, 0.99, 1.696, 0.99, 1.009, 0.96, 0.96, 0.975, 0.991, 0.99, 0.991, 0.991, 0.975, 0.96, 0.96], "p proportion": [3.081, 2.806, 4.779, 2.806, 3.081, 0.0, 0.0, 0.0, 0.0, 0.0, 0.0, 0.0, 0.0, 0.0, 0.0], "d proportion": [0.0, 0.0, 0.0, 0.0, 0.0, 0.0, 0.0, 0.0, 0.0, 0.0, 0.0, 0.0, 0.0, 0.0, 0.0], "Fermi-level/eV": -5.1287, "Coordination numbers": [3.748, 3.7, 1.698, 3.7, 3.748, 0.924, 0.924, 0.924, 0.924, 0.924, 0.924, 0.924, 0.924, 0.924, 0.924], "Dispersion coefficient C6": [22.63, 19.251, 19.49, 19.25, 22.63, 2.293, 2.293, 2.438, 2.754, 2.753, 2.754, 2.754, 2.438, 2.293, 2.293], "Total dispersion C6": 1477.321557, "Total dispersion C8": 29874.594553, "Polarizability alpha": [6.785, 6.275, 5.96, 6.275, 6.785, 2.368, 2.368, 2.442, 2.595, 2.595, 2.595, 2.595, 2.442, 2.368, 2.368], "Total polarizability alpha": 56.815869, "Wiberg matrix": [[0.0, 1.0176239476681128, 0.0, 0.0, 0.0, 0.9859325052386723, 0.9859333303951827, 0.9853571364068107, 0.0, 0.0, 0.0, 0.0, 0.0, 0.0, 0.0], [1.0176239476681128, 0.0, 0.9787671134163491, 0.0, 0.0, 0.0, 0.0, 0.0, 0.9698349895086137, 0.969840597076468, 0.0, 0.0, 0.0, 0.0, 0.0], [0.0, 0.9787671134163491, 0.0, 0.978834865466366, 0.0, 0.0, 0.0, 0.0, 0.0, 0.0, 0.0, 0.0, 0.0, 0.0, 0.0], [0.0, 0.0, 0.978834865466366, 0.0, 1.017599024291297, 0.0, 0.0, 0.0, 0.0, 0.0, 0.9698278862379373, 0.9698272228053297, 0.0, 0.0, 0.0], [0.0, 0.0, 0.0, 1.017599024291297, 0.0, 0.0, 0.0, 0.0, 0.0, 0.0, 0.0, 0.0, 0.985363523621652, 0.9859359646270883, 0.9859361158552413], [0.9859325052386723, 0.0, 0.0, 0.0, 0.0, 0.0, 0.0, 0.0, 0.0, 0.0, 0.0, 0.0, 0.0, 0.0, 0.0], [0.9859333303951827, 0.0, 0.0, 0.0, 0.0, 0.0, 0.0, 0.0, 0.0, 0.0, 0.0, 0.0, 0.0, 0.0, 0.0], [0.9853571364068107, 0.0, 0.0, 0.0, 0.0, 0.0, 0.0, 0.0, 0.0, 0.0, 0.0, 0.0, 0.0, 0.0, 0.0], [0.0, 0.9698349895086137, 0.0, 0.0, 0.0, 0.0, 0.0, 0.0, 0.0, 0.0, 0.0, 0.0, 0.0, 0.0, 0.0], [0.0, 0.969840597076468, 0.0, 0.0, 0.0, 0.0, 0.0, 0.0, 0.0, 0.0, 0.0, 0.0, 0.0, 0.0, 0.0], [0.0, 0.0, 0.0, 0.9698278862379373, 0.0, 0.0, 0.0, 0.0, 0.0, 0.0, 0.0, 0.0, 0.0, 0.0, 0.0], [0.0, 0.0, 0.0, 0.9698272228053297, 0.0, 0.0, 0.0, 0.0, 0.0, 0.0, 0.0, 0.0, 0.0, 0.0, 0.0], [0.0, 0.0, 0.0, 0.0, 0.985363523621652, 0.0, 0.0, 0.0, 0.0, 0.0, 0.0, 0.0, 0.0, 0.0, 0.0], [0.0, 0.0, 0.0, 0.0, 0.9859359646270883, 0.0, 0.0, 0.0, 0.0, 0.0, 0.0, 0.0, 0.0, 0.0, 0.0], [0.0, 0.0, 0.0, 0.0, 0.9859361158552413, 0.0, 0.0, 0.0, 0.0, 0.0, 0.0, 0.0, 0.0, 0.0, 0.0]], "Born radii": [], "Atomic SASAs": [], "Solvent H bonds": [], "Total SASA": NaN, "Total FOD": 0.0, "FOD": [0.0, 0.0, 0.0, 0.0, 0.0, 0.0, 0.0, 0.0, 0.0, 0.0, 0.0, 0.0, 0.0, 0.0, 0.0], "FOD s proportion": [0.0, 0.0, 0.0, 0.0, 0.0, 0.0, 0.0, 0.0, 0.0, 0.0, 0.0, 0.0, 0.0, 0.0, 0.0], "FOD p proportion": [0.0, 0.0, 0.0, 0.0, 0.0, 0.0, 0.0, 0.0, 0.0, 0.0, 0.0, 0.0, 0.0, 0.0, 0.0], "FOD d proportion": [0.0, 0.0, 0.0, 0.0, 0.0, 0.0, 0.0, 0.0, 0.0, 0.0, 0.0, 0.0, 0.0, 0.0, 0.0], "coordinates": [["-2.32880", "-0.48620", "-0.26650"], ["-1.21750", "0.16830", "0.52970"], ["0.03050", "-0.19270", "-0.05720"], ["1.12940", "0.38820", "0.64060"], ["2.41230", "-0.04190", "-0.04250"], ["-2.29630", "-0.16230", "-1.31210"], ["-2.21330", "-1.57510", "-0.26660"], ["-3.30790", "-0.23500", "0.15070"], ["-1.25120", "-0.17650", "1.56900"], ["-1.33540", "1.25720", "0.50800"], ["1.12920", "0.04660", "1.68150"], ["1.04500", "1.48030", "0.62050"], ["3.28450", "0.38280", "0.46220"], ["2.50120", "-1.13330", "-0.04390"], ["2.41820", "0.27950", "-1.08930"]], "bond_dist": [[0.0, 1.515682150056535, 2.386680797676975, 3.6805642244090784, 4.7671383134958445, 1.0951012829871034, 1.0950084337574757, 1.0935237034467975, 2.150859386384893, 2.1508457336592044, 4.00454040309247, 4.004549623865335, 5.726718220761347, 4.878236276565538, 4.878248182493383], [1.515682150056535, 0.0, 1.4255793944919377, 2.359786945891514, 3.680631049154479, 2.159938202819701, 2.159896962820217, 2.16242087716522, 1.0955214374899287, 1.0954791234888963, 2.6169552957587947, 2.616962913378789, 4.507612505528841, 3.9814456181141042, 3.981437043329958], [2.386680797676975, 1.4255793944919377, 0.0, 1.4254651381215888, 2.386614332061215, 2.6438033985151015, 2.6437693847989086, 3.3451347147760733, 2.0706384933155277, 2.070590220202926, 2.070624029127451, 2.0706077706799038, 3.345069896130722, 2.643721570059903, 2.643731177710775], [3.6805642244090784, 2.359786945891514, 1.4254651381215888, 0.0, 1.51573217621056, 3.9813952365973413, 3.9813568064166263, 4.507550503322177, 2.6168815429820285, 2.616865071034424, 1.0955196985905824, 1.09554086185774, 2.1624781455543083, 2.1599392908135173, 2.1599479484469066], [4.7671383134958445, 3.680631049154479, 2.386614332061215, 1.51573217621056, 0.0, 4.878247049914549, 4.878226974014227, 5.726718247827459, 4.004532639397511, 4.004493270065515, 2.1508960597853166, 2.1508535817205225, 1.093537845709969, 1.0950155843639853, 1.0950447525101428], [1.0951012829871034, 2.159938202819701, 2.6438033985151015, 3.9813952365973413, 4.878247049914549, 0.0, 1.7595349072979483, 1.7800010365165522, 3.0648283573472757, 2.500214604788957, 4.554045500431457, 4.194921120831713, 5.881377656637941, 5.056399755755076, 4.740394216729237], [1.0950084337574757, 2.159896962820217, 2.6437693847989086, 3.9813568064166263, 4.878226974014227, 1.7595349072979483, 0.0, 1.7799315885729992, 2.5002291354993846, 3.064740912377423, 4.194914868027717, 4.554002026789184, 5.881354154444366, 4.740389517750624, 5.056398787674881], [1.0935237034467975, 2.16242087716522, 3.3451347147760733, 4.507550503322177, 5.726718247827459, 1.7800010365165522, 1.7799315885729992, 0.0, 2.4990022068817788, 2.4990158823024715, 4.702180729193636, 4.7022020947636864, 6.628608213644852, 5.881365050734396, 5.881371562824441], [2.150859386384893, 1.0955214374899287, 2.0706384933155277, 2.6168815429820285, 4.004532639397511, 3.0648283573472757, 2.5002291354993846, 2.4990022068817788, 0.0, 1.785582910424492, 2.3934773907434344, 2.9861635805829527, 4.702169416343907, 4.194927700211292, 4.554008261960007], [2.1508457336592044, 1.0954791234888963, 2.070590220202926, 2.616865071034424, 4.004493270065515, 2.500214604788957, 3.064740912377423, 2.4990158823024715, 1.785582910424492, 0.0, 2.986119182149299, 2.3934773907434344, 4.702143023133175, 4.55396348470209, 4.194851313217192], [4.00454040309247, 2.6169552957587947, 2.070624029127451, 1.0955196985905824, 2.1508960597853166, 4.554045500431457, 4.194914868027717, 4.702180729193636, 2.3934773907434344, 2.986119182149299, 0.0, 1.7855829104244922, 2.499008007190053, 2.500310614703701, 3.0648158264404732], [4.004549623865335, 2.616962913378789, 2.0706077706799038, 1.09554086185774, 2.1508535817205225, 4.194921120831713, 4.554002026789184, 4.7022020947636864, 2.9861635805829527, 2.3934773907434344, 1.7855829104244922, 0.0, 2.4989848719029895, 3.06477580909273, 2.500202975760168], [5.726718220761347, 4.507612505528841, 3.345069896130722, 2.1624781455543083, 1.093537845709969, 5.881377656637941, 5.881354154444366, 6.628608213644852, 4.702169416343907, 4.702143023133175, 2.499008007190053, 2.4989848719029895, 0.0, 1.7799593562775529, 1.7799715812338126], [4.878236276565538, 3.9814456181141042, 2.643721570059903, 2.1599392908135173, 1.0950155843639853, 5.056399755755076, 4.740389517750624, 5.881365050734396, 4.194927700211292, 4.55396348470209, 2.500310614703701, 3.06477580909273, 1.7799593562775529, 0.0, 1.7594754900253655], [4.878248182493383, 3.981437043329958, 2.643731177710775, 2.1599479484469066, 1.0950447525101428, 4.740394216729237, 5.056398787674881, 5.881371562824441, 4.554008261960007, 4.194851313217192, 3.0648158264404732, 2.500202975760168, 1.7799715812338126, 1.7594754900253655, 0.0]]}