{"total energy": -23.94890196, "HOMO-LUMO gap/eV": 4.86717722, "electronic energy": -24.20542384, "dipole": [-0.13575802, -0.68675605, -0.42560604], "partial charges": [-0.11084185, 0.08166632, -0.27793578, 0.35246247, -0.40318482, -0.08312826, -0.10243223, 0.04786829, 0.05029351, 0.05691185, 0.05542684, 0.05219536, 0.06833213, 0.06889507, 0.05094034, 0.05105086, 0.04147989], "atomic dipole moments": [[0.047191, -0.07726213, 0.09767405], [0.21964421, -0.00285404, -0.12547676], [-0.06575321, 0.1865114, 0.10638536], [-0.13350352, -0.080263, -0.01951414], [0.02631698, -0.15365065, -0.083818], [-0.03072575, 0.08371961, 0.04824307], [-0.10142141, -0.08735631, -0.0307413], [-0.1218742, 0.02855785, 0.02925074], [0.00376499, -0.05699282, -0.1144475], [0.06473469, 0.11112583, -0.02017515], [-0.00502428, 0.05560524, 0.11740409], [-0.06622489, -0.10242254, 0.01379418], [0.02740685, -0.11376336, 0.06227417], [-0.00052563, -0.01266667, -0.13178049], [-0.0162411, 0.11590826, -0.05498765], [0.01001131, 0.02120682, 0.12728734], [0.10843184, -0.04630405, -0.03972438]], "atomic quadrupole moments": [[-0.04531025, -0.10553569, -0.01234818, 0.11879057, -0.15958347, 0.05765843], [0.38245166, -0.20175646, -0.21171519, -0.09927329, -0.08115632, -0.17073647], [0.08476488, -0.01784322, -0.0290828, -0.02721887, 0.01953712, -0.05568207], [-0.15805129, 0.10225626, -0.13224139, 0.13730699, -0.33050593, 0.29029268], [-0.10769059, -0.01407172, -0.03384315, 0.03641821, -0.12526093, 0.14153374], [0.21123734, 0.05775257, -0.01569491, -0.03785974, 0.12053314, -0.19554244], [0.10837987, 0.18306631, 0.0168842, 0.05844851, 0.05890779, -0.12526407], [0.07211872, -0.02634551, -0.04182119, -0.03453844, -0.00148806, -0.03029753], [-0.05272334, -0.00520949, 0.00778231, 3.011e-05, 0.05181268, 0.04494103], [-0.00684751, 0.05786987, 0.039637, 0.00872785, -0.00402272, -0.03278949], [-0.00536802, -0.00478599, -0.00561521, 0.01312253, 0.03213965, 0.01098323], [0.00180932, 0.03047546, 0.03862559, 0.00729457, -0.00445093, -0.0404349], [-0.00929861, 0.00211481, 0.04112864, 0.01783092, -0.04014733, -0.03183004], [-0.01498074, 0.02346274, -0.04101897, 0.00477887, 0.01600515, 0.05599971], [-0.0280591, -0.01563499, 0.04436144, 0.0228821, -0.0480676, -0.01630234], [-0.03729608, 0.01270955, -0.03874155, -0.00289931, 0.00775594, 0.07603764], [0.04990348, -0.03948366, -0.0134236, -0.0357829, 0.02789054, -0.03647988]], "number of molecular orbitals": 38, "number of electrons": 42, "number of unpaired electrons": 0, "orbital energies/eV": [-20.03166732, -19.2971635, -18.28920262, -17.24857245, -16.81217831, -16.18720457, -15.95291037, -15.58412803, -15.25261689, -14.99868799, -14.08391747, -14.01172332, -13.53617122, -13.38406509, -13.03841537, -12.787192, -12.5220831, -12.2462084, -12.16697217, -12.0370933, -11.27374439, -6.40656717, -0.03450425, 2.70919316, 3.12599864, 3.32545101, 3.7479931, 3.8718652, 4.06424772, 4.12764361, 4.74159958, 4.79770416, 5.56134181, 6.38401078, 6.80016086, 7.26483906, 7.36662505, 16.26344608], "fractional occupation": [2.0, 2.0, 2.0, 2.0, 2.0, 2.0, 2.0, 2.0, 2.0, 2.0, 2.0, 2.0, 2.0, 2.0, 2.0, 2.0, 2.0, 2.0, 2.0, 2.0, 2.0, 0.0, 0.0, 0.0, 0.0, 0.0, 0.0, 0.0, 0.0, 0.0, 0.0, 0.0, 0.0, 0.0, 0.0, 0.0, 0.0, 0.0], "program call": "xtb /home/svss/Project-DBcg-Debug/aqme2_20220329/End-to-End-workflows-final/example-3/QDESCP/mol_904_rdkit_conf_2/mol_904_rdkit_conf_2.xyz --pop --wbo --acc 0.2 --gfn 2 --chrg 0 --uhf 0 --etemp 300 --input /home/svss/Project-DBcg-Debug/aqme2_20220329/End-to-End-workflows-final/example-3/QDESCP/mol_904_rdkit_conf_2/mol_904_rdkit_conf_2_xtb.inp", "method": "GFN2-xTB", "xtb version": "6.3.3 (7355c4f)", "Dipole module/D": 2.082, "Total charge": 0, "Transition dipole module/D": NaN, "HOMO": -11.2737, "LUMO": -6.4066, "HOMO occupancy": 2.0, "LUMO occupancy": 0, "mulliken charges": [-0.09832, 0.20468, -0.42421, 0.57373, -0.52827, -0.07081, -0.07751, 0.03417, 0.03869, 0.05059, 0.04377, 0.03103, 0.05489, 0.05466, 0.04168, 0.04192, 0.02932], "cm5 charges": [-0.24484, 0.12207, -0.50692, 0.62301, -0.57886, -0.17129, -0.22539, 0.08543, 0.09199, 0.10551, 0.10966, 0.0936, 0.11307, 0.11286, 0.09481, 0.09505, 0.08025], "FUKUI+": [0.02, 0.031, -0.122, -0.19, -0.282, 0.028, 0.033, -0.052, -0.032, -0.006, -0.032, -0.068, -0.099, -0.1, -0.033, -0.033, -0.063], "FUKUI-": [0.016, 0.017, -0.075, -0.021, -0.147, -0.009, 0.017, -0.067, -0.072, -0.085, -0.065, -0.11, -0.078, -0.074, -0.069, -0.068, -0.109], "FUKUIrad": [0.018, 0.024, -0.098, -0.105, -0.215, 0.009, 0.025, -0.059, -0.052, -0.045, -0.049, -0.089, -0.089, -0.087, -0.051, -0.051, -0.086], "s proportion": [1.012, 0.993, 1.699, 0.991, 1.731, 1.034, 1.005, 0.966, 0.961, 0.949, 0.956, 0.969, 0.945, 0.945, 0.958, 0.958, 0.971], "p proportion": [3.086, 2.803, 4.726, 2.436, 4.798, 3.037, 3.072, 0.0, 0.0, 0.0, 0.0, 0.0, 0.0, 0.0, 0.0, 0.0, 0.0], "d proportion": [0.0, 0.0, 0.0, 0.0, 0.0, 0.0, 0.0, 0.0, 0.0, 0.0, 0.0, 0.0, 0.0, 0.0, 0.0, 0.0, 0.0], "Fermi-level/eV": -8.8402, "Coordination numbers": [3.748, 3.695, 1.702, 2.712, 0.856, 3.801, 3.751, 0.924, 0.924, 0.924, 0.924, 0.924, 0.924, 0.924, 0.924, 0.924, 0.924], "Dispersion coefficient C6": [22.687, 19.386, 18.613, 21.015, 21.745, 22.086, 22.519, 2.347, 2.316, 2.236, 2.253, 2.293, 2.104, 2.098, 2.308, 2.307, 2.429], "Total dispersion C6": 2219.070571, "Total dispersion C8": 47048.366872, "Polarizability alpha": [6.794, 6.299, 5.825, 7.504, 6.252, 6.691, 6.768, 2.396, 2.38, 2.338, 2.348, 2.368, 2.268, 2.265, 2.376, 2.375, 2.437], "Total polarizability alpha": 69.683489, "Wiberg matrix": [[0.0, 1.0147485804129013, 0.0, 0.0, 0.0, 0.0, 0.0, 0.9837601827801031, 0.9857907170449562, 0.9846609624944934, 0.0, 0.0, 0.0, 0.0, 0.0, 0.0, 0.0], [1.0147485804129013, 0.0, 0.9422616304748381, 0.0, 0.0, 0.0, 0.0, 0.0, 0.0, 0.0, 0.9690975614147366, 0.9716699696252018, 0.0, 0.0, 0.0, 0.0, 0.0], [0.0, 0.9422616304748381, 0.0, 1.114506970341214, 0.17003374967327872, 0.0, 0.0, 0.0, 0.0, 0.0, 0.0, 0.0, 0.0, 0.0, 0.0, 0.0, 0.0], [0.0, 0.0, 1.114506970341214, 0.0, 1.7628560770125759, 0.9781408425476601, 0.0, 0.0, 0.0, 0.0, 0.0, 0.0, 0.0, 0.0, 0.0, 0.0, 0.0], [0.0, 0.0, 0.17003374967327872, 1.7628560770125759, 0.0, 0.0, 0.0, 0.0, 0.0, 0.0, 0.0, 0.0, 0.0, 0.0, 0.0, 0.0, 0.0], [0.0, 0.0, 0.0, 0.9781408425476601, 0.0, 0.0, 1.0204867732008223, 0.0, 0.0, 0.0, 0.0, 0.0, 0.9545037868355838, 0.9543609396589752, 0.0, 0.0, 0.0], [0.0, 0.0, 0.0, 0.0, 0.0, 1.0204867732008223, 0.0, 0.0, 0.0, 0.0, 0.0, 0.0, 0.0, 0.0, 0.9864250619447995, 0.986422602344565, 0.9868170685970739], [0.9837601827801031, 0.0, 0.0, 0.0, 0.0, 0.0, 0.0, 0.0, 0.0, 0.0, 0.0, 0.0, 0.0, 0.0, 0.0, 0.0, 0.0], [0.9857907170449562, 0.0, 0.0, 0.0, 0.0, 0.0, 0.0, 0.0, 0.0, 0.0, 0.0, 0.0, 0.0, 0.0, 0.0, 0.0, 0.0], [0.9846609624944934, 0.0, 0.0, 0.0, 0.0, 0.0, 0.0, 0.0, 0.0, 0.0, 0.0, 0.0, 0.0, 0.0, 0.0, 0.0, 0.0], [0.0, 0.9690975614147366, 0.0, 0.0, 0.0, 0.0, 0.0, 0.0, 0.0, 0.0, 0.0, 0.0, 0.0, 0.0, 0.0, 0.0, 0.0], [0.0, 0.9716699696252018, 0.0, 0.0, 0.0, 0.0, 0.0, 0.0, 0.0, 0.0, 0.0, 0.0, 0.0, 0.0, 0.0, 0.0, 0.0], [0.0, 0.0, 0.0, 0.0, 0.0, 0.9545037868355838, 0.0, 0.0, 0.0, 0.0, 0.0, 0.0, 0.0, 0.0, 0.0, 0.0, 0.0], [0.0, 0.0, 0.0, 0.0, 0.0, 0.9543609396589752, 0.0, 0.0, 0.0, 0.0, 0.0, 0.0, 0.0, 0.0, 0.0, 0.0, 0.0], [0.0, 0.0, 0.0, 0.0, 0.0, 0.0, 0.9864250619447995, 0.0, 0.0, 0.0, 0.0, 0.0, 0.0, 0.0, 0.0, 0.0, 0.0], [0.0, 0.0, 0.0, 0.0, 0.0, 0.0, 0.986422602344565, 0.0, 0.0, 0.0, 0.0, 0.0, 0.0, 0.0, 0.0, 0.0, 0.0], [0.0, 0.0, 0.0, 0.0, 0.0, 0.0, 0.9868170685970739, 0.0, 0.0, 0.0, 0.0, 0.0, 0.0, 0.0, 0.0, 0.0, 0.0]], "Born radii": [], "Atomic SASAs": [], "Solvent H bonds": [], "Total SASA": NaN, "Total FOD": 0.0, "FOD": [0.0, 0.0, 0.0, 0.0, 0.0, 0.0, 0.0, 0.0, 0.0, 0.0, 0.0, 0.0, 0.0, 0.0, 0.0, 0.0, 0.0], "FOD s proportion": [0.0, 0.0, 0.0, 0.0, 0.0, 0.0, 0.0, 0.0, 0.0, 0.0, 0.0, 0.0, 0.0, 0.0, 0.0, 0.0, 0.0], "FOD p proportion": [0.0, 0.0, 0.0, 0.0, 0.0, 0.0, 0.0, 0.0, 0.0, 0.0, 0.0, 0.0, 0.0, 0.0, 0.0, 0.0, 0.0], "FOD d proportion": [0.0, 0.0, 0.0, 0.0, 0.0, 0.0, 0.0, 0.0, 0.0, 0.0, 0.0, 0.0, 0.0, 0.0, 0.0, 0.0, 0.0], "coordinates": [["-2.59560", "0.34290", "-0.66850"], ["-1.95620", "-0.51750", "0.40500"], ["-0.62340", "-0.88320", "0.01810"], ["0.35510", "0.00930", "0.34400"], ["0.17800", "1.07190", "0.92140"], ["1.68870", "-0.52210", "-0.12440"], ["2.82820", "0.42630", "0.20480"], ["-3.63190", "0.57840", "-0.41060"], ["-2.58020", "-0.17290", "-1.63430"], ["-2.04640", "1.28060", "-0.79970"], ["-1.96520", "-0.01630", "1.37980"], ["-2.52300", "-1.44760", "0.51700"], ["1.86780", "-1.48680", "0.36200"], ["1.64160", "-0.66970", "-1.20850"], ["2.67910", "1.40060", "-0.27240"], ["2.90350", "0.59070", "1.28480"], ["3.77980", "0.01530", "-0.14610"]], "bond_dist": [[0.0, 1.517077048142249, 2.421634491412773, 3.1373676386423064, 3.2790364392607776, 4.40448592914088, 5.494289297989322, 1.0935677162389166, 1.0950143560702754, 1.0945845650291255, 2.173007521846162, 2.1486207808731628, 4.932714455550817, 4.3898545078396385, 5.394264045261411, 5.840966233424057, 6.40515016841916], [1.517077048142249, 0.0, 1.4351947393995004, 2.3713597217630227, 2.710658768639092, 3.683148317676061, 4.880709153391543, 2.1619830387863823, 2.160293880470895, 2.166241385441613, 1.0961375278677397, 1.0949393818837645, 3.9451701471546192, 3.9459741420845624, 5.062013873943847, 5.061505642592923, 5.786992573867708], [2.421634491412773, 1.4351947393995004, 0.0, 1.3639022362324946, 2.297957540948048, 2.344462810538909, 3.696375210933003, 3.3721106891678394, 2.6578220576253786, 2.715834361664938, 2.0990878352274827, 2.0435089258429975, 2.5862477858859543, 2.584638235807866, 4.0257470039733, 4.026901254066209, 4.496936082489944], [3.1373676386423064, 2.3713597217630227, 1.3639022362324946, 0.0, 1.2222413550522662, 1.5100574426160087, 2.511869672176484, 4.097494962779088, 3.544411632415174, 2.948127478587044, 2.5411275233643824, 3.2304715166674973, 2.1276514047183577, 2.127528965725261, 2.777884203850117, 2.7780340458676887, 3.4595959446154976], [3.2790364392607776, 2.710658768639092, 2.297957540948048, 1.2222413550522662, 0.0, 2.432436665156978, 2.820261505605464, 4.066092013223508, 3.96090857884905, 2.8202298239682526, 2.4469605718114873, 3.7157530340430323, 3.1169372932415564, 3.1163712118423894, 2.790824849394888, 2.791408828889097, 3.902425277952161], [4.40448592914088, 3.683148317676061, 2.344462810538909, 1.5100574426160087, 2.432436665156978, 0.0, 1.518649218878408, 5.440753169369109, 4.541502599360701, 4.201991122075343, 3.9836461301174833, 4.359628550690989, 1.0951291522007802, 1.095115053316317, 2.167849498927451, 2.167927009841429, 2.1591592947256113], [5.494289297989322, 4.880709153391543, 3.696375210933003, 2.511869672176484, 2.820261505605464, 1.518649218878408, 0.0, 6.49112806683091, 5.743876740495047, 5.049809293428813, 4.955118900692495, 5.678407478334044, 2.1463996855199174, 2.146311359053015, 1.0950849921353136, 1.0950330816920555, 1.0943465493160747], [1.0935677162389166, 2.1619830387863823, 3.3721106891678394, 4.097494962779088, 4.066092013223508, 5.440753169369109, 6.49112806683091, 0.0, 1.7798781615605042, 1.7771589405565273, 2.5173575709461695, 2.4889308889561397, 5.925256272094903, 5.477608992069442, 6.365833258890779, 6.751739450689725, 7.437764365049487], [1.0950143560702754, 2.160293880470895, 2.6578220576253786, 3.544411632415174, 3.96090857884905, 4.541502599360701, 5.743876740495047, 1.7798781615605042, 0.0, 1.7590229816577156, 3.0801862557319484, 2.501244414286617, 5.0493812393203195, 4.272202139412413, 5.6560507732869585, 6.25900914362649, 6.534505220749311], [1.0945845650291255, 2.166241385441613, 2.715834361664938, 2.948127478587044, 2.8202298239682526, 4.201991122075343, 5.049809293428813, 1.7771589405565273, 1.7590229816577156, 0.0, 2.537471832355977, 3.0665814337793154, 4.932444757926843, 4.191912633870129, 4.756342664274726, 5.4150357588847005, 5.997731528669818], [2.173007521846162, 1.0961375278677397, 2.0990878352274827, 2.5411275233643824, 2.4469605718114873, 3.9836461301174833, 4.955118900692495, 2.5173575709461695, 3.0801862557319484, 2.537471832355977, 0.0, 1.7618695666819382, 4.2296780125678595, 4.48723018018911, 5.129024560284344, 4.907312267422974, 5.944274082678221], [2.1486207808731628, 1.0949393818837645, 2.0435089258429975, 3.2304715166674973, 3.7157530340430323, 4.359628550690989, 5.678407478334044, 2.4889308889561397, 2.501244414286617, 3.0665814337793154, 1.7618695666819382, 0.0, 4.393709853870645, 4.5745351479685885, 5.983079475487518, 5.847314424588437, 6.504234456106268], [4.932714455550817, 3.9451701471546192, 2.5862477858859543, 2.1276514047183577, 3.1169372932415564, 1.0951291522007802, 2.1463996855199174, 5.925256272094903, 5.0493812393203195, 4.932444757926843, 4.2296780125678595, 4.393709853870645, 0.0, 1.7847378238833849, 3.0655749558606455, 2.4980473534342775, 2.4839915499051117], [4.3898545078396385, 3.9459741420845624, 2.584638235807866, 2.127528965725261, 3.1163712118423894, 1.095115053316317, 2.146311359053015, 5.477608992069442, 4.272202139412413, 4.191912633870129, 4.48723018018911, 4.5745351479685885, 1.7847378238833849, 0.0, 2.497765311233223, 3.065541495396857, 2.483911834184136], [5.394264045261411, 5.062013873943847, 4.0257470039733, 2.777884203850117, 2.790824849394888, 2.167849498927451, 1.0950849921353136, 6.365833258890779, 5.6560507732869585, 4.756342664274726, 5.129024560284344, 5.983079475487518, 3.0655749558606455, 2.497765311233223, 0.0, 1.7695098784691765, 1.7738512536286688], [5.840966233424057, 5.061505642592923, 4.026901254066209, 2.7780340458676887, 2.791408828889097, 2.167927009841429, 1.0950330816920555, 6.751739450689725, 6.25900914362649, 5.4150357588847005, 4.907312267422974, 5.847314424588437, 2.4980473534342775, 3.065541495396857, 1.7695098784691765, 0.0, 1.7738268404779536], [6.40515016841916, 5.786992573867708, 4.496936082489944, 3.4595959446154976, 3.902425277952161, 2.1591592947256113, 1.0943465493160747, 7.437764365049487, 6.534505220749311, 5.997731528669818, 5.944274082678221, 6.504234456106268, 2.4839915499051117, 2.483911834184136, 1.7738512536286688, 1.7738268404779536, 0.0]]}