{"total energy": -36.13325671, "HOMO-LUMO gap/eV": 10.0076182, "electronic energy": -36.37613226, "dipole": [-0.93394711, 0.23466495, -0.31367575], "partial charges": [0.06579258, -0.33080144, 0.22488442, -0.45732557, 0.0826751, -0.44675804, 0.09302261, -0.46091076, 0.0984744, -0.44621841, 0.05742455, 0.07510972, 0.04305626, 0.31345011, 0.06194281, 0.3106366, 0.04650027, 0.30983125, 0.04237642, 0.31683713], "atomic dipole moments": [[-0.03092047, 0.17505639, -0.17199985], [0.01595177, 0.14475556, 0.22669595], [-0.00303579, -0.15452828, 0.15435285], [0.08091067, -0.06297276, -0.21113811], [-0.13306155, 0.07769703, 0.08010602], [-0.005064, -0.23012827, 0.01659438], [0.14320146, 0.07841785, -0.07394369], [-0.22592478, -0.02673021, -0.05524088], [-0.03612827, -0.03517287, 0.16627897], [-0.02806773, 0.17070981, -0.16994351], [-0.08504858, -0.02544494, 0.08822003], [0.04530551, -0.11581503, -0.02063671], [-0.06051025, 0.0401916, -0.09929821], [-0.0506718, -0.04390794, -0.05056522], [0.08764599, 0.02066518, -0.09787326], [-0.06766734, -0.02735975, 0.03935241], [-0.06237226, 0.01375424, 0.11002168], [-0.03981657, 0.07138124, -0.0110934], [0.09493978, -0.00303981, -0.07867155], [0.04397803, 0.06680838, 0.01444315]], "atomic quadrupole moments": [[-0.03137656, 0.02472069, -0.09967321, 0.34170588, -0.15774761, 0.13104977], [-0.07811244, -0.10010994, 0.05095673, 0.05609133, -0.00455455, 0.02715571], [0.05448394, -0.08072446, 0.11149977, -0.28177354, 0.08945939, -0.16598372], [0.04529847, 0.00946861, -0.08967248, -0.13584032, 0.01649557, 0.04437401], [-0.05452345, -0.15344075, 0.23702808, 0.13555148, 0.12743278, -0.18250462], [-0.04068489, -0.09284793, 0.13560066, -0.03650562, 0.03165317, -0.09491577], [0.08414808, 0.14458028, 0.14529166, 0.21992303, -0.00054575, -0.22943974], [0.09429416, 0.11938653, 0.01324047, 0.04962335, 0.02340854, -0.10753464], [-0.12801433, -0.0378096, 0.04814122, 0.29224535, -0.08987401, 0.07987311], [-0.06734383, -0.02732085, -0.03743301, 0.10258474, -0.09404146, 0.10477684], [0.01268855, -0.01086847, -0.0402764, -0.02907467, 0.00183382, 0.02758785], [-0.01077955, -0.03313416, 0.03228323, -0.00875357, 0.02708488, -0.02150368], [0.00737049, 0.0041458, -0.03074335, -0.00711828, -0.00878267, 0.02337287], [0.05080459, 0.09203674, -0.02875059, 0.03927371, 0.04001074, -0.022054], [0.00581568, -0.00192365, -0.01537529, -0.02350962, -0.00782669, 0.00955961], [0.0664621, 0.01351191, -0.03746996, -0.09458698, -0.00698861, -0.02899213], [0.02005691, 0.02502586, -0.01378215, -0.0209117, 0.00431512, -0.00627476], [-0.03886912, -0.04548168, 0.118133, 0.01469247, -0.00843658, -0.07926388], [-0.00324335, -0.00153779, -0.02118684, -0.01025236, -0.01083526, 0.02443019], [0.00129036, 0.08594607, 0.03020414, 0.06017148, 0.03600272, -0.0314945]], "number of molecular orbitals": 50, "number of electrons": 60, "number of unpaired electrons": 0, "orbital energies/eV": [-19.89755083, -19.61502701, -19.31088709, -19.04748089, -18.82004703, -18.29391135, -18.13190222, -17.32057155, -17.25961345, -16.91364504, -16.27752819, -16.18616757, -15.86873136, -15.86083576, -15.42577603, -15.07329825, -14.80909389, -14.69138793, -14.58908873, -14.33934984, -13.82580128, -13.50230461, -13.3930061, -13.1016726, -12.6789437, -12.38755462, -12.18150247, -11.8295417, -11.42133964, -11.27089048, -1.26327229, -0.19465539, -0.00345906, 0.30362824, 1.08170336, 1.6314718, 2.20832454, 2.49177745, 2.87979244, 3.41036897, 3.57780993, 3.91528077, 4.43274109, 4.65167801, 5.02024924, 5.16544637, 5.28619379, 5.96803391, 6.81225373, 7.09359847], "fractional occupation": [2.0, 2.0, 2.0, 2.0, 2.0, 2.0, 2.0, 2.0, 2.0, 2.0, 2.0, 2.0, 2.0, 2.0, 2.0, 2.0, 2.0, 2.0, 2.0, 2.0, 2.0, 2.0, 2.0, 2.0, 2.0, 2.0, 2.0, 2.0, 2.0, 2.0, 0.0, 0.0, 0.0, 0.0, 0.0, 0.0, 0.0, 0.0, 0.0, 0.0, 0.0, 0.0, 0.0, 0.0, 0.0, 0.0, 0.0, 0.0, 0.0, 0.0], "program call": "xtb /home/svss/Project-DBcg-Debug/aqme2_20220329/End-to-End-workflows-final/example-3/QDESCP/mol_103_rdkit_conf_2/mol_103_rdkit_conf_2.xyz --pop --wbo --acc 0.2 --gfn 2 --chrg 0 --uhf 0 --etemp 300 --input /home/svss/Project-DBcg-Debug/aqme2_20220329/End-to-End-workflows-final/example-3/QDESCP/mol_103_rdkit_conf_2/mol_103_rdkit_conf_2_xtb.inp", "method": "GFN2-xTB", "xtb version": "6.3.3 (7355c4f)", "Dipole module/D": 2.574, "Total charge": 0, "Transition dipole module/D": NaN, "HOMO": -11.2709, "LUMO": -1.2633, "HOMO occupancy": 2.0, "LUMO occupancy": 0, "mulliken charges": [0.17834, -0.47923, 0.39334, -0.57967, 0.17352, -0.56803, 0.17898, -0.57933, 0.19141, -0.57222, 0.03893, 0.04966, 0.04084, 0.35737, 0.04634, 0.35091, 0.03755, 0.35268, 0.03134, 0.35726], "cm5 charges": [0.10301, -0.56693, 0.37821, -0.78977, 0.13736, -0.77305, 0.14132, -0.78662, 0.15252, -0.77585, 0.10679, 0.11414, 0.11661, 0.52926, 0.11727, 0.52605, 0.11192, 0.52523, 0.10232, 0.53021], "FUKUI+": [-0.005, -0.115, -0.009, -0.038, -0.017, -0.086, 0.001, -0.053, -0.012, -0.08, -0.06, -0.075, -0.077, -0.06, -0.062, -0.053, -0.045, -0.049, -0.054, -0.052], "FUKUI-": [0.017, -0.094, 0.008, -0.023, -0.007, -0.099, -0.005, -0.083, 0.002, -0.116, -0.083, -0.069, -0.069, -0.035, -0.056, -0.045, -0.057, -0.046, -0.091, -0.049], "FUKUIrad": [0.006, -0.104, -0.0, -0.031, -0.012, -0.092, -0.002, -0.068, -0.005, -0.098, -0.071, -0.072, -0.073, -0.048, -0.059, -0.049, -0.051, -0.048, -0.072, -0.05], "s proportion": [0.999, 1.698, 0.989, 1.707, 1.034, 1.71, 1.034, 1.71, 1.024, 1.706, 0.961, 0.95, 0.959, 0.643, 0.954, 0.649, 0.962, 0.647, 0.969, 0.643], "p proportion": [2.823, 4.781, 2.618, 4.873, 2.793, 4.858, 2.787, 4.87, 2.785, 4.866, 0.0, 0.0, 0.0, 0.0, 0.0, 0.0, 0.0, 0.0, 0.0, 0.0], "d proportion": [0.0, 0.0, 0.0, 0.0, 0.0, 0.0, 0.0, 0.0, 0.0, 0.0, 0.0, 0.0, 0.0, 0.0, 0.0, 0.0, 0.0, 0.0, 0.0, 0.0], "Fermi-level/eV": -6.2671, "Coordination numbers": [3.695, 1.697, 3.619, 1.653, 3.723, 1.65, 3.728, 1.651, 3.726, 1.652, 0.924, 0.924, 0.924, 0.804, 0.924, 0.803, 0.924, 0.803, 0.924, 0.803], "Dispersion coefficient C6": [19.642, 19.541, 17.491, 21.995, 19.308, 21.78, 19.136, 22.07, 19.053, 21.769, 2.23, 2.03, 2.409, 0.682, 2.177, 0.69, 2.364, 0.692, 2.418, 0.673], "Total dispersion C6": 3258.879961, "Total dispersion C8": 69306.848758, "Polarizability alpha": [6.34, 5.968, 6.031, 6.331, 6.275, 6.3, 6.245, 6.342, 6.233, 6.298, 2.335, 2.228, 2.427, 1.297, 2.307, 1.305, 2.405, 1.307, 2.432, 1.288], "Total polarizability alpha": 81.695223, "Wiberg matrix": [[0.0, 0.9690674824685032, 0.0, 0.0, 0.0, 0.0, 0.0, 0.0, 0.9854518715712338, 0.0, 0.9673840195729517, 0.966890030010437, 0.0, 0.0, 0.0, 0.0, 0.0, 0.0, 0.0, 0.0], [0.9690674824685032, 0.0, 0.9812872952470871, 0.0, 0.0, 0.0, 0.0, 0.0, 0.0, 0.0, 0.0, 0.0, 0.0, 0.0, 0.0, 0.0, 0.0, 0.0, 0.0, 0.0], [0.0, 0.9812872952470871, 0.0, 0.9813239568956443, 0.9617342552144419, 0.0, 0.0, 0.0, 0.0, 0.0, 0.0, 0.0, 0.9571092438592538, 0.0, 0.0, 0.0, 0.0, 0.0, 0.0, 0.0], [0.0, 0.0, 0.9813239568956443, 0.0, 0.0, 0.0, 0.0, 0.0, 0.0, 0.0, 0.0, 0.0, 0.0, 0.8875285909602442, 0.0, 0.0, 0.0, 0.0, 0.0, 0.0], [0.0, 0.0, 0.9617342552144419, 0.0, 0.0, 0.9923083760642558, 0.9728016218441906, 0.0, 0.0, 0.0, 0.0, 0.0, 0.0, 0.0, 0.9605628120529044, 0.0, 0.0, 0.0, 0.0, 0.0], [0.0, 0.0, 0.0, 0.0, 0.9923083760642558, 0.0, 0.0, 0.0, 0.0, 0.0, 0.0, 0.0, 0.0, 0.0, 0.0, 0.8830974735388738, 0.0, 0.0, 0.0, 0.0], [0.0, 0.0, 0.0, 0.0, 0.9728016218441906, 0.0, 0.0, 0.9812505838240624, 0.9767857174687329, 0.0, 0.0, 0.0, 0.0, 0.0, 0.0, 0.0, 0.9586758698165041, 0.0, 0.0, 0.0], [0.0, 0.0, 0.0, 0.0, 0.0, 0.0, 0.9812505838240624, 0.0, 0.0, 0.0, 0.0, 0.0, 0.0, 0.0, 0.0, 0.0, 0.0, 0.8842195143974101, 0.0, 0.0], [0.9854518715712338, 0.0, 0.0, 0.0, 0.0, 0.0, 0.9767857174687329, 0.0, 0.0, 0.9933093865526734, 0.0, 0.0, 0.0, 0.0, 0.0, 0.0, 0.0, 0.0, 0.9594750981659936, 0.0], [0.0, 0.0, 0.0, 0.0, 0.0, 0.0, 0.0, 0.0, 0.9933093865526734, 0.0, 0.0, 0.0, 0.0, 0.0, 0.0, 0.0, 0.0, 0.0, 0.0, 0.8825714305613462], [0.9673840195729517, 0.0, 0.0, 0.0, 0.0, 0.0, 0.0, 0.0, 0.0, 0.0, 0.0, 0.0, 0.0, 0.0, 0.0, 0.0, 0.0, 0.0, 0.0, 0.0], [0.966890030010437, 0.0, 0.0, 0.0, 0.0, 0.0, 0.0, 0.0, 0.0, 0.0, 0.0, 0.0, 0.0, 0.0, 0.0, 0.0, 0.0, 0.0, 0.0, 0.0], [0.0, 0.0, 0.9571092438592538, 0.0, 0.0, 0.0, 0.0, 0.0, 0.0, 0.0, 0.0, 0.0, 0.0, 0.0, 0.0, 0.0, 0.0, 0.0, 0.0, 0.0], [0.0, 0.0, 0.0, 0.8875285909602442, 0.0, 0.0, 0.0, 0.0, 0.0, 0.0, 0.0, 0.0, 0.0, 0.0, 0.0, 0.0, 0.0, 0.0, 0.0, 0.0], [0.0, 0.0, 0.0, 0.0, 0.9605628120529044, 0.0, 0.0, 0.0, 0.0, 0.0, 0.0, 0.0, 0.0, 0.0, 0.0, 0.0, 0.0, 0.0, 0.0, 0.0], [0.0, 0.0, 0.0, 0.0, 0.0, 0.8830974735388738, 0.0, 0.0, 0.0, 0.0, 0.0, 0.0, 0.0, 0.0, 0.0, 0.0, 0.0, 0.0, 0.0, 0.0], [0.0, 0.0, 0.0, 0.0, 0.0, 0.0, 0.9586758698165041, 0.0, 0.0, 0.0, 0.0, 0.0, 0.0, 0.0, 0.0, 0.0, 0.0, 0.0, 0.0, 0.0], [0.0, 0.0, 0.0, 0.0, 0.0, 0.0, 0.0, 0.8842195143974101, 0.0, 0.0, 0.0, 0.0, 0.0, 0.0, 0.0, 0.0, 0.0, 0.0, 0.0, 0.0], [0.0, 0.0, 0.0, 0.0, 0.0, 0.0, 0.0, 0.0, 0.9594750981659936, 0.0, 0.0, 0.0, 0.0, 0.0, 0.0, 0.0, 0.0, 0.0, 0.0, 0.0], [0.0, 0.0, 0.0, 0.0, 0.0, 0.0, 0.0, 0.0, 0.0, 0.8825714305613462, 0.0, 0.0, 0.0, 0.0, 0.0, 0.0, 0.0, 0.0, 0.0, 0.0]], "Born radii": [], "Atomic SASAs": [], "Solvent H bonds": [], "Total SASA": NaN, "Total FOD": 0.0, "FOD": [0.0, 0.0, 0.0, 0.0, 0.0, 0.0, 0.0, 0.0, 0.0, 0.0, 0.0, 0.0, 0.0, 0.0, 0.0, 0.0, 0.0, 0.0, 0.0, 0.0], "FOD s proportion": [0.0, 0.0, 0.0, 0.0, 0.0, 0.0, 0.0, 0.0, 0.0, 0.0, 0.0, 0.0, 0.0, 0.0, 0.0, 0.0, 0.0, 0.0, 0.0, 0.0], "FOD p proportion": [0.0, 0.0, 0.0, 0.0, 0.0, 0.0, 0.0, 0.0, 0.0, 0.0, 0.0, 0.0, 0.0, 0.0, 0.0, 0.0, 0.0, 0.0, 0.0, 0.0], "FOD d proportion": [0.0, 0.0, 0.0, 0.0, 0.0, 0.0, 0.0, 0.0, 0.0, 0.0, 0.0, 0.0, 0.0, 0.0, 0.0, 0.0, 0.0, 0.0, 0.0, 0.0], "coordinates": [["0.01360", "-1.77780", "0.00680"], ["-0.65450", "-1.29360", "-1.16210"], ["-1.19720", "0.00900", "-1.00440"], ["-2.24100", "-0.00630", "-0.03660"], ["-0.13410", "1.04010", "-0.58560"], ["-0.72940", "2.31620", "-0.29740"], ["0.61110", "0.55830", "0.65970"], ["1.71000", "1.43880", "0.95330"], ["1.14910", "-0.85480", "0.44160"], ["1.75470", "-1.33070", "1.64430"], ["-0.71160", "-1.92630", "0.81650"], ["0.41410", "-2.77140", "-0.22320"], ["-1.64310", "0.32040", "-1.95540"], ["-2.95170", "-0.52880", "-0.44940"], ["0.58460", "1.19230", "-1.39930"], ["-1.55230", "2.11490", "0.19440"], ["-0.03650", "0.59240", "1.54440"], ["1.34890", "2.34360", "0.86050"], ["1.92910", "-0.83420", "-0.32920"], ["2.33630", "-0.60210", "1.94170"]], "bond_dist": [[0.0, 1.4307810664109306, 2.3835302221704677, 2.867632642093474, 2.883281717071712, 4.171980661508392, 2.498128873777332, 3.757678907251124, 1.5265452138734705, 2.431611373143332, 1.097078566010657, 1.0956921146015424, 3.3162217914367553, 3.24978822848505, 3.335363881197972, 4.200041649793487, 2.8256984640969742, 4.415627672256799, 2.1615774818405193, 3.243615851175968], [1.4307810664109306, 0.0, 1.4199152580347885, 2.332568067602744, 2.45953737519884, 3.712677220012534, 2.8896768348727164, 4.187097702466471, 2.453033242742544, 3.6988514447055048, 2.078082688441439, 2.051178200449683, 2.05223070096907, 2.5238835492153755, 2.787710792029905, 3.7767723442113903, 3.3561975880451382, 4.618846843098394, 2.753136344244506, 4.365390169274678], [2.3835302221704677, 1.4199152580347885, 0.0, 1.423513038226205, 1.5390718826617555, 2.4580190560693382, 2.518116000108017, 3.7853307873949404, 2.8882849807454947, 4.186182197420461, 2.70127197075748, 3.3071415588087545, 1.0955353805331893, 1.9171656396879224, 2.1750761228058204, 2.4490880466002034, 2.860762396634855, 3.925663559196076, 3.3076627654584136, 4.640966566352315], [2.867632642093474, 2.332568067602744, 1.423513038226205, 0.0, 2.415653445757483, 2.783335669659698, 2.9896623990009306, 4.32187656232799, 3.5272376585651273, 4.532667940628345, 2.598700438680842, 3.837988220409229, 2.0361755179748138, 0.9739119980778551, 3.358215092872998, 2.2421324960849214, 2.778096999746409, 4.383400555504824, 4.261545163435441, 5.021984052145128], [2.883281717071712, 2.45953737519884, 1.5390718826617555, 2.415653445757483, 0.0, 1.437314349750951, 1.5291260150818178, 2.4347237440826834, 2.50846329253589, 3.7630721611470594, 3.3315041077567353, 3.8677369675302375, 2.161342437005298, 3.227827041524995, 1.0962674035106579, 1.9429066575623235, 2.1787292282429225, 2.44736725074109, 2.799202688266786, 3.8970427621467025], [4.171980661508392, 3.712677220012534, 2.4580190560693382, 2.783335669659698, 1.437314349750951, 0.0, 2.4089817496195356, 2.8783247923054134, 3.759005752855401, 4.820874537882105, 4.3863306190938225, 5.215052411050151, 2.7508233912776006, 3.613273625121684, 2.0503489507886212, 0.9795679353674251, 2.616070352647268, 2.379246531992849, 4.122335945795781, 4.788377615643946], [2.498128873777332, 2.8896768348727164, 2.518116000108017, 2.9896623990009306, 1.5291260150818178, 2.4089817496195356, 0.0, 1.438423588516262, 1.5276986679316047, 2.4177632473011084, 2.8191060090035633, 3.4503946875683655, 3.460745882031791, 3.886570861312064, 2.154562426572969, 2.7055142228419355, 1.0969241815184858, 1.9421548779641649, 2.1573371224729807, 2.442614828416466], [3.757678907251124, 4.187097702466471, 3.7853307873949404, 4.32187656232799, 2.4347237440826834, 2.8783247923054134, 1.438423588516262, 0.0, 2.415998067052207, 2.8547520627893412, 4.1481030375341446, 4.559527727736723, 4.577623167103208, 5.250758415695774, 2.6195446493617927, 3.4169638145581818, 2.0288061563392397, 0.9786051757476044, 2.6190341845802627, 2.352543104812322], [1.5265452138734705, 2.453033242742544, 2.8882849807454947, 3.5272376585651273, 2.50846329253589, 3.759005752855401, 1.5276986679316047, 2.415998067052207, 0.0, 1.428187473688241, 2.1796483087874523, 2.1576699469566702, 3.8630408851059292, 4.209123143838869, 2.810372123047053, 4.022162091462749, 2.1716820761796605, 3.2318972462007514, 1.0967939642430569, 1.9296634784334807], [2.431611373143332, 3.6988514447055048, 4.186182197420461, 4.532667940628345, 3.7630721611470594, 4.820874537882105, 2.4177632473011084, 2.8547520627893412, 1.428187473688241, 0.0, 2.668825189104749, 2.713002230002769, 5.218142978110125, 5.213139578027813, 4.122882968263834, 4.991053833610693, 2.6299602772665596, 3.7788221140985185, 2.0424568196170023, 0.9785516235743519], [1.097078566010657, 2.078082688441439, 2.70127197075748, 2.598700438680842, 3.3315041077567353, 4.3863306190938225, 2.8191060090035633, 4.1481030375341446, 2.1796483087874523, 2.668825189104749, 0.0, 1.7499630253236782, 3.6876527425992807, 2.9280637066156876, 4.039253648881188, 4.1743361556060625, 2.707295349606319, 4.741270110423999, 3.0787347060115455, 3.5084576511624026], [1.0956921146015424, 2.051178200449683, 3.3071415588087545, 3.837988220409229, 3.8677369675302375, 5.215052411050151, 3.4503946875683655, 4.559527727736723, 2.1576699469566702, 2.713002230002769, 1.7499630253236782, 0.0, 4.097781829233957, 4.0508061963021635, 4.13801874693675, 5.283658430481668, 3.8265651124735878, 5.31144817634513, 2.4615452138849694, 3.61766600724832], [3.3162217914367553, 2.05223070096907, 1.0955353805331893, 2.0361755179748138, 2.161342437005298, 2.7508233912776006, 3.460745882031791, 4.577623167103208, 3.8630408851059292, 5.218142978110125, 3.6876527425992807, 4.097781829233957, 0.0, 2.168319764241428, 2.456034224110079, 2.8018056552873185, 3.860537216502387, 4.579813866305049, 4.091239474780228, 5.645708017600627], [3.24978822848505, 2.5238835492153755, 1.9171656396879224, 0.9739119980778551, 3.227827041524995, 3.613273625121684, 3.886570861312064, 5.250758415695774, 4.209123143838869, 5.213139578027813, 2.9280637066156876, 4.0508061963021635, 2.168319764241428, 0.0, 4.045974902294872, 3.0597301335248503, 3.7054984711911567, 5.334948934151104, 4.891822343462608, 5.803936259126215], [3.335363881197972, 2.787710792029905, 2.1750761228058204, 3.358215092872998, 1.0962674035106579, 2.0503489507886212, 2.154562426572969, 2.6195446493617927, 2.810372123047053, 4.122882968263834, 4.039253648881188, 4.13801874693675, 2.456034224110079, 4.045974902294872, 0.0, 2.8208885231430183, 3.0677377511775674, 2.648837899910072, 2.65697130394741, 4.177392158991061], [4.200041649793487, 3.7767723442113903, 2.4490880466002034, 2.2421324960849214, 1.9429066575623235, 0.9795679353674251, 2.7055142228419355, 3.4169638145581818, 4.022162091462749, 4.991053833610693, 4.1743361556060625, 5.283658430481668, 2.8018056552873185, 3.0597301335248503, 2.8208885231430183, 0.0, 2.5373521415049978, 2.985457140874744, 4.592547629584259, 5.055329489756331], [2.8256984640969742, 3.3561975880451382, 2.860762396634855, 2.778096999746409, 2.1787292282429225, 2.616070352647268, 1.0969241815184858, 2.0288061563392397, 2.1716820761796605, 2.6299602772665596, 2.707295349606319, 3.8265651124735878, 3.860537216502387, 3.7054984711911567, 3.0677377511775674, 2.5373521415049978, 0.0, 2.335327345362958, 3.0674334353005936, 2.686048655553358], [4.415627672256799, 4.618846843098394, 3.925663559196076, 4.383400555504824, 2.44736725074109, 2.379246531992849, 1.9421548779641649, 0.9786051757476044, 3.2318972462007514, 3.7788221140985185, 4.741270110423999, 5.31144817634513, 4.579813866305049, 5.334948934151104, 2.648837899910072, 2.985457140874744, 2.335327345362958, 0.0, 3.4424454926694192, 3.289544146230599], [2.1615774818405193, 2.753136344244506, 3.3076627654584136, 4.261545163435441, 2.799202688266786, 4.122335945795781, 2.1573371224729807, 2.6190341845802627, 1.0967939642430569, 2.0424568196170023, 3.0787347060115455, 2.4615452138849694, 4.091239474780228, 4.891822343462608, 2.65697130394741, 4.592547629584259, 3.0674334353005936, 3.4424454926694192, 0.0, 2.3187645546713016], [3.243615851175968, 4.365390169274678, 4.640966566352315, 5.021984052145128, 3.8970427621467025, 4.788377615643946, 2.442614828416466, 2.352543104812322, 1.9296634784334807, 0.9785516235743519, 3.5084576511624026, 3.61766600724832, 5.645708017600627, 5.803936259126215, 4.177392158991061, 5.055329489756331, 2.686048655553358, 3.289544146230599, 2.3187645546713016, 0.0]]}