{"total energy": -20.88841075, "HOMO-LUMO gap/eV": 11.77805522, "electronic energy": -21.13858591, "dipole": [0.24328265, -0.50128223, 0.32591179], "partial charges": [-0.10605523, 0.03055763, -0.11096875, -0.10605979, 0.08334818, -0.44256939, 0.03220169, 0.05060537, 0.0340887, 0.03234689, 0.03235723, 0.04203865, 0.03408461, 0.05060766, 0.03220746, 0.01456517, 0.01459094, 0.28205299], "atomic dipole moments": [[0.03073775, -0.00094007, 0.10728409], [0.02525055, -0.01604351, 0.00839166], [0.05608168, 0.0678823, -0.05459795], [0.01363701, -0.10394572, -0.03836555], [0.04070838, 0.15381214, -0.11357169], [0.00446105, -0.20006088, 0.14095058], [0.01888533, -0.11182039, -0.05514778], [0.05738078, 0.08808372, -0.07674839], [-0.12321491, 0.02263418, -0.01136338], [0.03446816, -0.00205645, 0.12137525], [0.01523997, -0.11785622, -0.04241896], [-0.12562515, 0.02020761, 0.00047934], [-0.12166502, 0.03185584, 0.0016319], [0.05855026, 0.09529866, -0.06650824], [0.0393645, 0.0115148, 0.11921929], [0.04833644, 0.00618478, 0.10681752], [0.03019702, -0.10297816, -0.04758122], [0.07199708, -0.03120112, 0.0136082]], "atomic quadrupole moments": [[-0.07721793, -0.00403302, -0.10668383, 0.09860423, 0.02159748, 0.18390176], [0.02277961, -0.00549468, -0.00794733, -0.00125587, -0.00863706, -0.01483228], [-0.03198511, 0.10993779, 0.04250485, -0.08593559, -0.11506323, -0.01051974], [-0.09970189, -0.05006618, 0.1540461, -0.01120451, 0.12172752, -0.05434421], [0.11117202, 0.18863406, 0.01289546, -0.18592684, -0.26889712, -0.12406748], [-0.00298403, 0.07200497, 0.03468343, -0.06529821, -0.1216698, -0.0316994], [-0.04339299, -0.02925514, 0.06544137, -0.00146714, 0.03516541, -0.02204838], [-0.0081873, 0.05125479, 0.01713041, -0.02355079, -0.03618634, -0.00894311], [0.07884295, -0.02652043, -0.0481087, -0.00865488, 0.00322157, -0.03073425], [-0.02596044, 0.0140521, -0.03978603, 0.04204353, 0.00660391, 0.06574647], [-0.03954722, -0.01884017, 0.05588653, -0.02054927, 0.04522507, -0.01633931], [0.0711216, -0.03309132, -0.02757266, 0.00894751, -0.01334215, -0.04354894], [0.08317418, -0.01234704, -0.03328154, 0.00849656, 0.00695331, -0.04989264], [-0.01299305, 0.03606472, 0.00834437, -0.04328122, -0.03761265, 0.00464869], [-0.03363654, -0.00799245, -0.03266807, 0.04534186, -0.00298808, 0.06630461], [-0.01449067, 0.02171935, -0.03450356, 0.00528665, -0.00295043, 0.04899423], [-0.01961422, 0.01254396, 0.03997825, -0.02050991, 0.0251874, -0.02036403], [0.12418491, -0.04375181, -0.04904751, 0.00546373, -0.02572107, -0.07513741]], "number of molecular orbitals": 36, "number of electrons": 38, "number of unpaired electrons": 0, "orbital energies/eV": [-18.49141913, -17.17918586, -16.35016439, -15.9510787, -15.78933152, -15.20565082, -14.78231405, -14.17557393, -13.92805817, -13.20298608, -13.19260077, -12.8973957, -12.46585172, -12.30281689, -12.05463801, -11.62672737, -11.58490111, -11.53756355, -10.98909115, 0.78896407, 2.02747572, 2.19925427, 2.50393225, 3.33765714, 3.68049909, 4.63317321, 5.38303391, 5.48795187, 5.52824802, 5.78355022, 6.28973179, 6.41988963, 6.52851552, 7.27520063, 7.30751555, 7.30941165], "fractional occupation": [2.0, 2.0, 2.0, 2.0, 2.0, 2.0, 2.0, 2.0, 2.0, 2.0, 2.0, 2.0, 2.0, 2.0, 2.0, 2.0, 2.0, 2.0, 2.0, 0.0, 0.0, 0.0, 0.0, 0.0, 0.0, 0.0, 0.0, 0.0, 0.0, 0.0, 0.0, 0.0, 0.0, 0.0, 0.0, 0.0], "program call": "xtb /home/svss/Project-DBcg-Debug/aqme2_20220329/End-to-End-workflows-final/example-3/QDESCP/mol_1106_rdkit_conf_1/mol_1106_rdkit_conf_1.xyz --pop --wbo --acc 0.2 --gfn 2 --chrg 0 --uhf 0 --etemp 300 --input /home/svss/Project-DBcg-Debug/aqme2_20220329/End-to-End-workflows-final/example-3/QDESCP/mol_1106_rdkit_conf_1/mol_1106_rdkit_conf_1_xtb.inp", "method": "GFN2-xTB", "xtb version": "6.3.3 (7355c4f)", "Dipole module/D": 1.641, "Total charge": 0, "Transition dipole module/D": NaN, "HOMO": -10.9891, "LUMO": 0.789, "HOMO occupancy": 2.0, "LUMO occupancy": 0, "mulliken charges": [-0.09034, 0.03147, -0.10226, -0.09035, 0.18871, -0.56855, 0.02534, 0.04363, 0.02539, 0.02775, 0.02775, 0.03406, 0.0254, 0.04363, 0.02535, 0.00867, 0.00868, 0.33566], "cm5 charges": [-0.23539, -0.00185, -0.2484, -0.23542, 0.10558, -0.78433, 0.07779, 0.09804, 0.07743, 0.07975, 0.07976, 0.08602, 0.07744, 0.09805, 0.0778, 0.07194, 0.07197, 0.50383], "FUKUI+": [0.023, -0.045, 0.003, 0.023, -0.016, -0.141, -0.055, -0.043, -0.056, -0.057, -0.057, -0.085, -0.056, -0.043, -0.055, -0.096, -0.095, -0.15], "FUKUI-": [0.011, -0.031, 0.021, 0.011, 0.031, -0.131, -0.067, -0.072, -0.065, -0.07, -0.069, -0.058, -0.065, -0.072, -0.067, -0.12, -0.12, -0.067], "FUKUIrad": [0.017, -0.038, 0.012, 0.017, 0.007, -0.136, -0.061, -0.057, -0.06, -0.063, -0.063, -0.072, -0.06, -0.057, -0.061, -0.108, -0.108, -0.108], "s proportion": [1.014, 1.083, 1.018, 1.014, 0.998, 1.695, 0.975, 0.956, 0.975, 0.972, 0.972, 0.966, 0.975, 0.956, 0.975, 0.991, 0.991, 0.664], "p proportion": [3.076, 2.885, 3.084, 3.076, 2.813, 4.874, 0.0, 0.0, 0.0, 0.0, 0.0, 0.0, 0.0, 0.0, 0.0, 0.0, 0.0, 0.0], "d proportion": [0.0, 0.0, 0.0, 0.0, 0.0, 0.0, 0.0, 0.0, 0.0, 0.0, 0.0, 0.0, 0.0, 0.0, 0.0, 0.0, 0.0, 0.0], "Fermi-level/eV": -5.1001, "Coordination numbers": [3.755, 3.895, 3.756, 3.755, 3.679, 1.653, 0.924, 0.924, 0.924, 0.924, 0.924, 0.924, 0.924, 0.924, 0.924, 0.924, 0.924, 0.804], "Dispersion coefficient C6": [22.582, 20.007, 22.676, 22.582, 19.402, 21.694, 2.556, 2.312, 2.529, 2.553, 2.553, 2.422, 2.529, 2.312, 2.555, 2.817, 2.817, 0.778], "Total dispersion C6": 2126.409074, "Total dispersion C8": 43682.742304, "Polarizability alpha": [6.776, 6.359, 6.79, 6.776, 6.31, 6.288, 2.5, 2.378, 2.487, 2.499, 2.499, 2.434, 2.487, 2.378, 2.5, 2.625, 2.625, 1.385], "Total polarizability alpha": 68.093857, "Wiberg matrix": [[0.0, 0.998431947941423, 0.0, 0.0, 0.0, 0.0, 0.9862312956648399, 0.98462893843865, 0.9861274063941224, 0.0, 0.0, 0.0, 0.0, 0.0, 0.0, 0.0, 0.0, 0.0], [0.998431947941423, 0.0, 0.9970587198914058, 0.9984456866311195, 0.9810425827176886, 0.0, 0.0, 0.0, 0.0, 0.0, 0.0, 0.0, 0.0, 0.0, 0.0, 0.0, 0.0, 0.0], [0.0, 0.9970587198914058, 0.0, 0.0, 0.0, 0.0, 0.0, 0.0, 0.0, 0.9861867700411818, 0.986188394377786, 0.9853268940347198, 0.0, 0.0, 0.0, 0.0, 0.0, 0.0], [0.0, 0.9984456866311195, 0.0, 0.0, 0.0, 0.0, 0.0, 0.0, 0.0, 0.0, 0.0, 0.0, 0.9861246033873969, 0.9846270108465164, 0.9862287104457981, 0.0, 0.0, 0.0], [0.0, 0.9810425827176886, 0.0, 0.0, 0.0, 0.990108505131279, 0.0, 0.0, 0.0, 0.0, 0.0, 0.0, 0.0, 0.0, 0.0, 0.9726337310129154, 0.9726434281255046, 0.0], [0.0, 0.0, 0.0, 0.0, 0.990108505131279, 0.0, 0.0, 0.0, 0.0, 0.0, 0.0, 0.0, 0.0, 0.0, 0.0, 0.0, 0.0, 0.9075675344193841], [0.9862312956648399, 0.0, 0.0, 0.0, 0.0, 0.0, 0.0, 0.0, 0.0, 0.0, 0.0, 0.0, 0.0, 0.0, 0.0, 0.0, 0.0, 0.0], [0.98462893843865, 0.0, 0.0, 0.0, 0.0, 0.0, 0.0, 0.0, 0.0, 0.0, 0.0, 0.0, 0.0, 0.0, 0.0, 0.0, 0.0, 0.0], [0.9861274063941224, 0.0, 0.0, 0.0, 0.0, 0.0, 0.0, 0.0, 0.0, 0.0, 0.0, 0.0, 0.0, 0.0, 0.0, 0.0, 0.0, 0.0], [0.0, 0.0, 0.9861867700411818, 0.0, 0.0, 0.0, 0.0, 0.0, 0.0, 0.0, 0.0, 0.0, 0.0, 0.0, 0.0, 0.0, 0.0, 0.0], [0.0, 0.0, 0.986188394377786, 0.0, 0.0, 0.0, 0.0, 0.0, 0.0, 0.0, 0.0, 0.0, 0.0, 0.0, 0.0, 0.0, 0.0, 0.0], [0.0, 0.0, 0.9853268940347198, 0.0, 0.0, 0.0, 0.0, 0.0, 0.0, 0.0, 0.0, 0.0, 0.0, 0.0, 0.0, 0.0, 0.0, 0.0], [0.0, 0.0, 0.0, 0.9861246033873969, 0.0, 0.0, 0.0, 0.0, 0.0, 0.0, 0.0, 0.0, 0.0, 0.0, 0.0, 0.0, 0.0, 0.0], [0.0, 0.0, 0.0, 0.9846270108465164, 0.0, 0.0, 0.0, 0.0, 0.0, 0.0, 0.0, 0.0, 0.0, 0.0, 0.0, 0.0, 0.0, 0.0], [0.0, 0.0, 0.0, 0.9862287104457981, 0.0, 0.0, 0.0, 0.0, 0.0, 0.0, 0.0, 0.0, 0.0, 0.0, 0.0, 0.0, 0.0, 0.0], [0.0, 0.0, 0.0, 0.0, 0.9726337310129154, 0.0, 0.0, 0.0, 0.0, 0.0, 0.0, 0.0, 0.0, 0.0, 0.0, 0.0, 0.0, 0.0], [0.0, 0.0, 0.0, 0.0, 0.9726434281255046, 0.0, 0.0, 0.0, 0.0, 0.0, 0.0, 0.0, 0.0, 0.0, 0.0, 0.0, 0.0, 0.0], [0.0, 0.0, 0.0, 0.0, 0.0, 0.9075675344193841, 0.0, 0.0, 0.0, 0.0, 0.0, 0.0, 0.0, 0.0, 0.0, 0.0, 0.0, 0.0]], "Born radii": [], "Atomic SASAs": [], "Solvent H bonds": [], "Total SASA": NaN, "Total FOD": 0.0, "FOD": [0.0, 0.0, 0.0, 0.0, 0.0, 0.0, 0.0, 0.0, 0.0, 0.0, 0.0, 0.0, 0.0, 0.0, 0.0, 0.0, 0.0, 0.0], "FOD s proportion": [0.0, 0.0, 0.0, 0.0, 0.0, 0.0, 0.0, 0.0, 0.0, 0.0, 0.0, 0.0, 0.0, 0.0, 0.0, 0.0, 0.0, 0.0], "FOD p proportion": [0.0, 0.0, 0.0, 0.0, 0.0, 0.0, 0.0, 0.0, 0.0, 0.0, 0.0, 0.0, 0.0, 0.0, 0.0, 0.0, 0.0, 0.0], "FOD d proportion": [0.0, 0.0, 0.0, 0.0, 0.0, 0.0, 0.0, 0.0, 0.0, 0.0, 0.0, 0.0, 0.0, 0.0, 0.0, 0.0, 0.0, 0.0], "coordinates": [["-0.67100", "-0.06300", "-1.41610"], ["-0.17870", "-0.02770", "0.04060"], ["-0.96150", "-1.06240", "0.86420"], ["-0.43200", "1.37520", "0.61780"], ["1.32350", "-0.36860", "0.10510"], ["2.09160", "0.56410", "-0.64470"], ["-0.49220", "-1.04490", "-1.86850"], ["-0.16200", "0.68650", "-2.03200"], ["-1.74670", "0.13860", "-1.47390"], ["-0.64160", "-1.05770", "1.91230"], ["-0.81060", "-2.07500", "0.47350"], ["-2.03720", "-0.85450", "0.84360"], ["-1.50120", "1.61580", "0.61500"], ["0.08100", "2.14910", "0.03650"], ["-0.07850", "1.44500", "1.65260"], ["1.68180", "-0.34850", "1.14060"], ["1.51230", "-1.36840", "-0.30180"], ["3.02300", "0.29640", "-0.56480"]], "bond_dist": [[0.0, 1.5380443004022997, 2.506583072630947, 2.502456682941785, 2.5269489607034012, 2.9360298244397995, 1.0957932332333504, 1.0955199952533958, 1.0959534159808069, 3.4739802834788804, 2.7637330406535288, 2.756668057637698, 2.762782780096908, 2.7511701455925985, 3.470164252596698, 3.4862433908148183, 2.777144673941205, 3.807823006653539], [1.5380443004022997, 0.0, 1.5367813409851123, 1.5380016710003925, 1.541745082690391, 2.4442024097852455, 2.1857815307116124, 2.192266245235738, 2.1863188102378848, 2.1859637005220374, 2.185895082111674, 2.1868766517570215, 2.1863288544955903, 2.1922406665327596, 2.185733133298757, 2.185033841843188, 2.184993192209074, 3.274512614115267], [2.506583072630947, 1.5367813409851123, 0.0, 2.5065867170317486, 2.505756622260031, 3.7740828117570504, 2.7727600022360392, 3.4764674455544666, 2.743292118969469, 1.0958429221380228, 1.0957992790652857, 1.0957998266106816, 2.7433796620227393, 3.4764386647832577, 2.772781693534491, 2.7519238833950332, 2.7518863421297035, 4.445741635542938], [2.502456682941785, 1.5380016710003925, 2.5065867170317486, 0.0, 2.526950727655765, 2.9360426461480427, 3.4701867010292107, 2.7511175420181524, 2.762756692146451, 2.763813456078395, 3.4739085321867647, 2.756667330310279, 1.0959401626001306, 1.0954450693667848, 1.0957396269187312, 2.7771589745637537, 3.4861594355393444, 3.8078047744074275], [2.5269489607034012, 1.541745082690391, 2.505756622260031, 2.526950727655765, 0.0, 1.422008066081202, 2.765726873716926, 2.8084057167724183, 3.489501523140518, 2.7572538258201766, 2.757154752639032, 3.475023100642641, 3.489523099221439, 2.808438267080122, 2.765773889890495, 1.0959211422360644, 1.0958161752775872, 1.944039932717433], [2.9360298244397995, 2.4442024097852455, 3.7740828117570504, 2.9360426461480427, 1.422008066081202, 0.0, 3.280638639045758, 2.6492066755917705, 3.9498316141324303, 4.07907667003208, 4.078968606155238, 4.612423689341647, 3.9498264290978664, 2.649296283921449, 3.2806868351002354, 2.046477678842357, 2.0463932051294544, 0.972395629360807], [1.0957932332333504, 2.1857815307116124, 2.7727600022360392, 3.4701867010292107, 2.765726873716926, 3.280638639045758, 0.0, 1.7701723786117554, 1.7692234624263834, 3.783772302874474, 2.5782646431272336, 3.127101464615435, 3.7769270233881937, 3.7628738007007354, 4.332308265809348, 3.7770268426369435, 2.5646094030085753, 3.9818777505091743], [1.0955199952533958, 2.192266245235738, 3.4764674455544666, 2.7511175420181524, 2.8084057167724183, 2.6492066755917705, 1.7701723786117554, 0.0, 1.7671853637918125, 4.339326248393868, 3.784718544357031, 3.762995003982865, 3.1086434549494415, 2.544983302499252, 3.7627877511228296, 3.8126387450163697, 3.1653572531390513, 3.5283252188538405], [1.0959534159808069, 2.1863188102378848, 2.743292118969469, 2.762756692146451, 3.489501523140518, 3.9498316141324303, 1.7692234624263834, 1.7671853637918125, 0.0, 3.75748987224184, 3.0933274850878627, 2.5380000216706065, 2.570193241762183, 3.108682309275105, 3.77684715735228, 4.339065442004764, 3.7770290454271067, 4.858127390260573], [3.4739802834788804, 2.1859637005220374, 1.0958429221380228, 2.763813456078395, 2.7572538258201766, 4.07907667003208, 3.783772302874474, 4.339326248393868, 3.75748987224184, 0.0, 1.770199347531232, 1.7694940774130894, 3.0934611198461828, 3.7847513313294443, 2.5783779765581305, 2.5488572125562468, 3.1045222675960953, 4.625894981514388], [2.7637330406535288, 2.185895082111674, 1.0957992790652857, 3.4739085321867647, 2.757154752639032, 4.078968606155238, 2.5782646431272336, 3.784718544357031, 3.0933274850878627, 1.770199347531232, 0.0, 1.7695032692820887, 3.757519826960332, 4.339232693691362, 3.7837345599288548, 3.1044939072254594, 2.548771872883095, 4.625807368449318], [2.756668057637698, 2.1868766517570215, 1.0957998266106816, 2.756667330310279, 3.475023100642641, 4.612423689341647, 3.127101464615435, 3.762995003982865, 2.5380000216706065, 1.7694940774130894, 1.7695032692820887, 0.0, 2.538096934713093, 3.7629502534580492, 3.1270892120308944, 3.7649974767587824, 3.764968076889896, 5.377154025132626], [2.762782780096908, 2.1863288544955903, 2.7433796620227393, 1.0959401626001306, 3.489523099221439, 3.9498264290978664, 3.7769270233881937, 3.1086434549494415, 2.570193241762183, 3.0934611198461828, 3.757519826960332, 2.538096934713093, 0.0, 1.7670393261045438, 1.7691415121464988, 3.777064845882315, 4.339026864401741, 4.858099426730582], [2.7511701455925985, 2.1922406665327596, 3.4764386647832577, 1.0954450693667848, 2.808438267080122, 2.649296283921449, 3.7628738007007354, 2.544983302499252, 3.108682309275105, 3.7847513313294443, 4.339232693691362, 3.7629502534580492, 1.7670393261045438, 0.0, 1.770021545066613, 3.1653756822848056, 3.8125939765466765, 3.528373985279905], [3.470164252596698, 2.185733133298757, 2.772781693534491, 1.0957396269187312, 2.765773889890495, 3.2806868351002354, 4.332308265809348, 3.7627877511228296, 3.77684715735228, 2.5783779765581305, 3.7837345599288548, 3.1270892120308944, 1.7691415121464988, 1.770021545066613, 0.0, 2.5646524793819534, 3.776975451336691, 3.9818898741677926], [3.4862433908148183, 2.185033841843188, 2.7519238833950332, 2.7771589745637537, 1.0959211422360644, 2.046477678842357, 3.7770268426369435, 3.8126387450163697, 4.339065442004764, 2.5488572125562468, 3.1044939072254594, 3.7649974767587824, 3.777064845882315, 3.1653756822848056, 2.5646524793819534, 0.0, 1.7746672983970828, 2.2634271823939907], [2.777144673941205, 2.184993192209074, 2.7518863421297035, 3.4861594355393444, 1.0958161752775872, 2.0463932051294544, 2.5646094030085753, 3.1653572531390513, 3.7770290454271067, 3.1045222675960953, 2.548771872883095, 3.764968076889896, 4.339026864401741, 3.8125939765466765, 3.776975451336691, 1.7746672983970828, 0.0, 2.2633918198137946], [3.807823006653539, 3.274512614115267, 4.445741635542938, 3.8078047744074275, 1.944039932717433, 0.972395629360807, 3.9818777505091743, 3.5283252188538405, 4.858127390260573, 4.625894981514388, 4.625807368449318, 5.377154025132626, 4.858099426730582, 3.528373985279905, 3.9818898741677926, 2.2634271823939907, 2.2633918198137946, 0.0]]}