{"total energy": -26.19991039, "HOMO-LUMO gap/eV": 11.42875898, "electronic energy": -26.52405471, "dipole": [0.43159662, -0.35034657, 0.46762584], "partial charges": [-0.4568655, 0.11875592, -0.0611124, -0.05584282, -0.05572921, -0.05586235, -0.05501063, -0.06606983, 0.28123006, 0.01041074, 0.04479535, 0.0494102, 0.03114643, 0.02895305, 0.02814357, 0.02621211, 0.02725684, 0.03453481, 0.02901232, 0.03446268, 0.04224306, 0.0199256], "atomic dipole moments": [[0.08329225, -0.14538229, 0.16648261], [0.03277847, 0.09885982, -0.14316707], [0.07223294, -0.03979414, 0.10118572], [0.07079215, -0.0083093, -0.08686409], [0.0670923, 0.096901, -0.00266403], [-0.03099561, 0.06863691, 0.0864178], [-0.0602942, 0.03942839, -0.08534516], [-0.08724796, -0.02918007, 0.0614875], [0.06506802, 0.02490639, 0.03416818], [-0.00413405, 0.04107992, 0.11107454], [-0.08782057, 0.08662601, 0.00205557], [-0.00079258, -0.02709055, -0.12748059], [-0.12034112, -0.00386494, -0.00594701], [0.02017335, 0.01738708, 0.1209479], [-0.06945382, -0.04630836, -0.08684659], [-0.01778523, -0.07569088, 0.09140504], [0.03581951, -0.11375239, 0.0137672], [0.00467234, 0.01517748, -0.12351359], [0.10824104, -0.04943481, -0.0081815], [-0.02319477, 0.00193997, 0.12692228], [0.03431673, -0.00203426, -0.1218129], [0.09744723, 0.05073116, 0.04194102]], "atomic quadrupole moments": [[-0.06035602, 0.03344657, 0.09019776, 0.01182983, -0.12821646, -0.02984174], [-0.01605453, 0.06289999, 0.21012806, -0.02302701, -0.2642327, -0.19407353], [0.0711983, 0.18855541, 0.01930784, 0.03118772, -0.10214675, -0.09050614], [-0.14004029, -0.00998787, 0.23567023, -0.0788655, -0.0675144, -0.09562994], [0.1100847, -0.10879417, 0.04998994, -0.11770527, 0.07842101, -0.16007464], [0.20668605, 0.11382881, -0.08694102, 0.0166592, 0.09021791, -0.11974502], [-0.07831596, 0.12731496, 0.17446485, 0.09275771, -0.01981204, -0.09614889], [-0.01271593, -0.12294111, 0.1862468, -0.03189311, -0.07376589, -0.17353087], [0.06970514, 0.08563499, -0.0242834, 0.06406944, 0.0094906, -0.04542173], [-0.00993342, 0.00783288, -0.01449886, -0.00564777, -0.00913112, 0.02443228], [0.01908919, -0.03072212, 0.02937858, -0.01783176, 0.00709172, -0.04846777], [-0.03018807, -0.00393807, -0.01009013, -0.02043897, 0.03824792, 0.0402782], [0.05093467, 0.00276058, 0.00071606, 0.01861209, 0.00260785, -0.05165073], [-0.035053, 0.01216816, 0.0004063, 0.03866483, 0.01013536, 0.0346467], [0.01342457, -0.00514752, -0.04203297, 0.02680593, 0.03273638, 0.0286084], [-0.0337706, -0.02343745, 0.00056905, -0.01908812, -0.03440528, 0.03320155], [0.00361518, -0.01387032, 0.04519161, 0.00121326, -0.02507482, -0.04880679], [-0.00991905, 0.01987597, -0.02907531, 0.00320908, -0.03580105, 0.03899436], [0.04569415, -0.0184619, 0.01309405, -0.01128688, 0.01053289, -0.0587882], [-0.01502, 0.00508907, -0.02664873, -0.03787978, 0.0113293, 0.04166873], [-0.0447366, -0.00840674, -0.01578985, 0.00391488, 0.01383111, 0.06052645], [0.01983635, 0.02210848, 0.00063503, 0.04364547, 0.02720609, -0.02047138]], "number of molecular orbitals": 46, "number of electrons": 48, "number of unpaired electrons": 0, "orbital energies/eV": [-18.47137949, -17.24287135, -16.83773107, -16.79155701, -16.15005687, -15.98224315, -15.25598375, -15.15630554, -14.69679537, -14.35415083, -13.98070337, -13.87208207, -13.47243398, -13.34559207, -13.10893325, -12.69080108, -12.53372739, -12.1175977, -12.03661001, -11.62106651, -11.57405669, -11.40784882, -11.25476621, -10.8888634, 0.53989558, 2.02626161, 2.36247937, 2.43955184, 2.62989688, 2.71212578, 2.94965751, 3.13768226, 3.65937436, 4.42949792, 4.73326759, 5.04786485, 5.15821308, 5.47810686, 5.95088288, 6.3640073, 6.54341975, 6.87654441, 7.7097052, 8.0383262, 8.08364945, 8.9643722], "fractional occupation": [2.0, 2.0, 2.0, 2.0, 2.0, 2.0, 2.0, 2.0, 2.0, 2.0, 2.0, 2.0, 2.0, 2.0, 2.0, 2.0, 2.0, 2.0, 2.0, 2.0, 2.0, 2.0, 2.0, 2.0, 0.0, 0.0, 0.0, 0.0, 0.0, 0.0, 0.0, 0.0, 0.0, 0.0, 0.0, 0.0, 0.0, 0.0, 0.0, 0.0, 0.0, 0.0, 0.0, 0.0, 0.0, 0.0], "program call": "xtb /home/svss/Project-DBcg-Debug/aqme2_20220329/End-to-End-workflows-final/example-3/QDESCP/mol_410_rdkit_conf_1/mol_410_rdkit_conf_1.xyz --pop --wbo --acc 0.2 --gfn 2 --chrg 0 --uhf 0 --etemp 300 --input /home/svss/Project-DBcg-Debug/aqme2_20220329/End-to-End-workflows-final/example-3/QDESCP/mol_410_rdkit_conf_1/mol_410_rdkit_conf_1_xtb.inp", "method": "GFN2-xTB", "xtb version": "6.3.3 (7355c4f)", "Dipole module/D": 1.846, "Total charge": 0, "Transition dipole module/D": NaN, "HOMO": -10.8889, "LUMO": 0.5399, "HOMO occupancy": 2.0, "LUMO occupancy": 0, "mulliken charges": [-0.57188, 0.2194, -0.05667, -0.05059, -0.04854, -0.04795, -0.04669, -0.07319, 0.33337, 0.00744, 0.04115, 0.0361, 0.02819, 0.02107, 0.02487, 0.02317, 0.02552, 0.02586, 0.02704, 0.02414, 0.03624, 0.02196], "cm5 charges": [-0.78254, 0.17198, -0.16077, -0.16017, -0.15853, -0.15771, -0.15609, -0.17879, 0.50262, 0.07428, 0.09899, 0.09395, 0.08258, 0.07689, 0.07943, 0.07772, 0.07987, 0.08159, 0.08157, 0.07999, 0.0944, 0.07874], "FUKUI+": [-0.137, -0.035, -0.002, -0.005, 0.018, 0.012, -0.006, 0.006, -0.115, -0.084, -0.055, -0.055, -0.061, -0.045, -0.055, -0.064, -0.056, -0.047, -0.057, -0.044, -0.061, -0.051], "FUKUI-": [-0.11, 0.001, 0.013, 0.014, 0.012, 0.012, 0.01, 0.001, -0.053, -0.092, -0.062, -0.059, -0.069, -0.066, -0.085, -0.088, -0.084, -0.074, -0.078, -0.043, -0.048, -0.053], "FUKUIrad": [-0.124, -0.017, 0.006, 0.005, 0.015, 0.012, 0.002, 0.003, -0.084, -0.088, -0.058, -0.057, -0.065, -0.056, -0.07, -0.076, -0.07, -0.06, -0.068, -0.043, -0.055, -0.052], "s proportion": [1.7, 1.021, 1.033, 1.03, 1.03, 1.03, 1.028, 1.042, 0.667, 0.993, 0.959, 0.964, 0.972, 0.979, 0.975, 0.977, 0.974, 0.974, 0.973, 0.976, 0.964, 0.978], "p proportion": [4.872, 2.76, 3.024, 3.02, 3.018, 3.018, 3.018, 3.031, 0.0, 0.0, 0.0, 0.0, 0.0, 0.0, 0.0, 0.0, 0.0, 0.0, 0.0, 0.0, 0.0, 0.0], "d proportion": [0.0, 0.0, 0.0, 0.0, 0.0, 0.0, 0.0, 0.0, 0.0, 0.0, 0.0, 0.0, 0.0, 0.0, 0.0, 0.0, 0.0, 0.0, 0.0, 0.0, 0.0, 0.0], "Fermi-level/eV": -5.1745, "Coordination numbers": [1.653, 3.724, 3.8, 3.8, 3.799, 3.8, 3.799, 3.8, 0.804, 0.924, 0.923, 0.924, 0.924, 0.924, 0.924, 0.924, 0.924, 0.924, 0.924, 0.924, 0.923, 0.923], "Dispersion coefficient C6": [21.986, 18.741, 21.676, 21.579, 21.577, 21.579, 21.564, 21.767, 0.78, 2.884, 2.386, 2.327, 2.57, 2.602, 2.613, 2.641, 2.626, 2.523, 2.601, 2.524, 2.419, 2.735], "Total dispersion C6": 3426.052628, "Total dispersion C8": 72621.319845, "Polarizability alpha": [6.33, 6.182, 6.629, 6.614, 6.614, 6.614, 6.612, 6.643, 1.388, 2.656, 2.416, 2.386, 2.507, 2.522, 2.528, 2.541, 2.534, 2.484, 2.522, 2.485, 2.432, 2.586], "Total polarizability alpha": 86.2237, "Wiberg matrix": [[0.0, 0.9735031126171427, 0.0, 0.0, 0.0, 0.0, 0.0, 0.0, 0.9048352845932554, 0.0, 0.0, 0.0, 0.0, 0.0, 0.0, 0.0, 0.0, 0.0, 0.0, 0.0, 0.0, 0.0], [0.9735031126171427, 0.0, 0.9953671114322168, 0.0, 0.0, 0.0, 0.0, 0.9914183469698129, 0.0, 0.9641388575250753, 0.0, 0.0, 0.0, 0.0, 0.0, 0.0, 0.0, 0.0, 0.0, 0.0, 0.0, 0.0], [0.0, 0.9953671114322168, 0.0, 1.0071465656955338, 0.0, 0.0, 0.0, 0.0, 0.0, 0.0, 0.9743322002921373, 0.9739706058497297, 0.0, 0.0, 0.0, 0.0, 0.0, 0.0, 0.0, 0.0, 0.0, 0.0], [0.0, 0.0, 1.0071465656955338, 0.0, 1.006306141068477, 0.0, 0.0, 0.0, 0.0, 0.0, 0.0, 0.0, 0.97799793937455, 0.9768236098911738, 0.0, 0.0, 0.0, 0.0, 0.0, 0.0, 0.0, 0.0], [0.0, 0.0, 0.0, 1.006306141068477, 0.0, 1.0062064841511458, 0.0, 0.0, 0.0, 0.0, 0.0, 0.0, 0.0, 0.0, 0.9794830038223339, 0.9795194996780743, 0.0, 0.0, 0.0, 0.0, 0.0, 0.0], [0.0, 0.0, 0.0, 0.0, 1.0062064841511458, 0.0, 1.0078730171423238, 0.0, 0.0, 0.0, 0.0, 0.0, 0.0, 0.0, 0.0, 0.0, 0.9784111554805668, 0.9768535422939044, 0.0, 0.0, 0.0, 0.0], [0.0, 0.0, 0.0, 0.0, 0.0, 1.0078730171423238, 0.0, 1.0071934942680771, 0.0, 0.0, 0.0, 0.0, 0.0, 0.0, 0.0, 0.0, 0.0, 0.0, 0.9778017083926951, 0.9758528861614229, 0.0, 0.0], [0.0, 0.9914183469698129, 0.0, 0.0, 0.0, 0.0, 1.0071934942680771, 0.0, 0.0, 0.0, 0.0, 0.0, 0.0, 0.0, 0.0, 0.0, 0.0, 0.0, 0.0, 0.0, 0.9737938016190739, 0.9747377133156947], [0.9048352845932554, 0.0, 0.0, 0.0, 0.0, 0.0, 0.0, 0.0, 0.0, 0.0, 0.0, 0.0, 0.0, 0.0, 0.0, 0.0, 0.0, 0.0, 0.0, 0.0, 0.0, 0.0], [0.0, 0.9641388575250753, 0.0, 0.0, 0.0, 0.0, 0.0, 0.0, 0.0, 0.0, 0.0, 0.0, 0.0, 0.0, 0.0, 0.0, 0.0, 0.0, 0.0, 0.0, 0.0, 0.0], [0.0, 0.0, 0.9743322002921373, 0.0, 0.0, 0.0, 0.0, 0.0, 0.0, 0.0, 0.0, 0.0, 0.0, 0.0, 0.0, 0.0, 0.0, 0.0, 0.0, 0.0, 0.0, 0.0], [0.0, 0.0, 0.9739706058497297, 0.0, 0.0, 0.0, 0.0, 0.0, 0.0, 0.0, 0.0, 0.0, 0.0, 0.0, 0.0, 0.0, 0.0, 0.0, 0.0, 0.0, 0.0, 0.0], [0.0, 0.0, 0.0, 0.97799793937455, 0.0, 0.0, 0.0, 0.0, 0.0, 0.0, 0.0, 0.0, 0.0, 0.0, 0.0, 0.0, 0.0, 0.0, 0.0, 0.0, 0.0, 0.0], [0.0, 0.0, 0.0, 0.9768236098911738, 0.0, 0.0, 0.0, 0.0, 0.0, 0.0, 0.0, 0.0, 0.0, 0.0, 0.0, 0.0, 0.0, 0.0, 0.0, 0.0, 0.0, 0.0], [0.0, 0.0, 0.0, 0.0, 0.9794830038223339, 0.0, 0.0, 0.0, 0.0, 0.0, 0.0, 0.0, 0.0, 0.0, 0.0, 0.0, 0.0, 0.0, 0.0, 0.0, 0.0, 0.0], [0.0, 0.0, 0.0, 0.0, 0.9795194996780743, 0.0, 0.0, 0.0, 0.0, 0.0, 0.0, 0.0, 0.0, 0.0, 0.0, 0.0, 0.0, 0.0, 0.0, 0.0, 0.0, 0.0], [0.0, 0.0, 0.0, 0.0, 0.0, 0.9784111554805668, 0.0, 0.0, 0.0, 0.0, 0.0, 0.0, 0.0, 0.0, 0.0, 0.0, 0.0, 0.0, 0.0, 0.0, 0.0, 0.0], [0.0, 0.0, 0.0, 0.0, 0.0, 0.9768535422939044, 0.0, 0.0, 0.0, 0.0, 0.0, 0.0, 0.0, 0.0, 0.0, 0.0, 0.0, 0.0, 0.0, 0.0, 0.0, 0.0], [0.0, 0.0, 0.0, 0.0, 0.0, 0.0, 0.9778017083926951, 0.0, 0.0, 0.0, 0.0, 0.0, 0.0, 0.0, 0.0, 0.0, 0.0, 0.0, 0.0, 0.0, 0.0, 0.0], [0.0, 0.0, 0.0, 0.0, 0.0, 0.0, 0.9758528861614229, 0.0, 0.0, 0.0, 0.0, 0.0, 0.0, 0.0, 0.0, 0.0, 0.0, 0.0, 0.0, 0.0, 0.0, 0.0], [0.0, 0.0, 0.0, 0.0, 0.0, 0.0, 0.0, 0.9737938016190739, 0.0, 0.0, 0.0, 0.0, 0.0, 0.0, 0.0, 0.0, 0.0, 0.0, 0.0, 0.0, 0.0, 0.0], [0.0, 0.0, 0.0, 0.0, 0.0, 0.0, 0.0, 0.9747377133156947, 0.0, 0.0, 0.0, 0.0, 0.0, 0.0, 0.0, 0.0, 0.0, 0.0, 0.0, 0.0, 0.0, 0.0]], "Born radii": [], "Atomic SASAs": [], "Solvent H bonds": [], "Total SASA": NaN, "Total FOD": 0.0, "FOD": [0.0, 0.0, 0.0, 0.0, 0.0, 0.0, 0.0, 0.0, 0.0, 0.0, 0.0, 0.0, 0.0, 0.0, 0.0, 0.0, 0.0, 0.0, 0.0, 0.0, 0.0, 0.0], "FOD s proportion": [0.0, 0.0, 0.0, 0.0, 0.0, 0.0, 0.0, 0.0, 0.0, 0.0, 0.0, 0.0, 0.0, 0.0, 0.0, 0.0, 0.0, 0.0, 0.0, 0.0, 0.0, 0.0], "FOD p proportion": [0.0, 0.0, 0.0, 0.0, 0.0, 0.0, 0.0, 0.0, 0.0, 0.0, 0.0, 0.0, 0.0, 0.0, 0.0, 0.0, 0.0, 0.0, 0.0, 0.0, 0.0, 0.0], "FOD d proportion": [0.0, 0.0, 0.0, 0.0, 0.0, 0.0, 0.0, 0.0, 0.0, 0.0, 0.0, 0.0, 0.0, 0.0, 0.0, 0.0, 0.0, 0.0, 0.0, 0.0, 0.0, 0.0], "coordinates": [["0.42000", "2.75010", "-0.63410"], ["0.21570", "1.52430", "0.07450"], ["-1.11830", "0.94270", "-0.39550"], ["-1.60740", "-0.20830", "0.47600"], ["-1.07550", "-1.58580", "0.09310"], ["0.38450", "-1.67400", "-0.34040"], ["1.34470", "-0.77220", "0.42820"], ["1.43250", "0.63200", "-0.16360"], ["1.24070", "3.14970", "-0.29870"], ["0.14750", "1.77910", "1.13890"], ["-1.86700", "1.74530", "-0.35210"], ["-1.06920", "0.65250", "-1.45220"], ["-2.70280", "-0.25040", "0.42050"], ["-1.37360", "-0.00410", "1.52830"], ["-1.69300", "-1.99350", "-0.71770"], ["-1.23340", "-2.25630", "0.94780"], ["0.70420", "-2.71670", "-0.21650"], ["0.45980", "-1.46820", "-1.41550"], ["2.34600", "-1.21670", "0.36120"], ["1.09190", "-0.73640", "1.49390"], ["1.64220", "0.57290", "-1.24000"], ["2.31060", "1.13430", "0.26410"]], "bond_dist": [[0.0, 1.4305376926177096, 2.3853703297391795, 3.7543046400099183, 4.64385280774488, 4.433980237890106, 3.793434943425286, 2.3943421037938584, 0.9724822928979221, 2.039761321821747, 2.5138647616767296, 2.6994314234668013, 4.457248170115728, 3.93428422460808, 5.193601729050853, 5.504559939722703, 5.490087580357894, 4.2902476490291335, 4.520575221141663, 4.139506716989357, 2.5692581594693826, 2.644227909995657], [1.4305376926177096, 0.0, 1.5292856371521966, 2.546919437281046, 3.3675310555360882, 3.2295136383053094, 2.583342203425632, 1.5275775397668037, 1.9575056577185161, 1.0965954769193607, 2.137397447832293, 2.177571156127854, 3.4332081702104813, 2.6411011888982974, 4.079906049163387, 4.1419174376126815, 4.278947797064133, 3.3518265259407443, 3.483311065638554, 2.809481676395132, 2.1605495736039018, 2.1393116112432056], [2.3853703297391795, 1.5292856371521966, 0.0, 1.524313635706248, 2.5756308062298063, 3.018039552424719, 3.112190980643701, 2.5800954904809243, 3.2318880302386717, 2.1578225042852806, 1.0984543731989964, 1.0969237621639891, 2.1447572962925197, 2.159308863965505, 3.0092130815214797, 3.47149879734964, 4.092035631565297, 3.0566711337662738, 4.151743939599359, 3.357706540184833, 2.91037670070388, 3.4970184343237314], [3.7543046400099183, 2.546919437281046, 1.524313635706248, 0.0, 1.5254626412993535, 2.6043139326893754, 3.0058546970870026, 3.2181025869291364, 4.470793855681561, 2.7329231932127183, 2.137684431809335, 2.179126228560429, 1.0976127823599722, 1.0971305163926486, 2.1492291850800838, 2.134660450750892, 3.480678291655234, 3.0722037855585036, 4.081595418460777, 2.9327854524325505, 3.756970801057682, 4.1470713003274975], [4.64385280774488, 3.3675310555360882, 2.5756308062298063, 1.5254626412993535, 0.0, 1.5255495698272148, 2.575190286173043, 3.357766479372858, 5.2861375246960804, 3.729876492593287, 3.4526659989057733, 2.719922548529645, 2.1303964912663558, 2.1564873150565944, 1.0976894733940015, 1.0977316384253484, 2.131224779322913, 2.1556553087170496, 3.451778479277023, 2.716862852629849, 3.7179341831183614, 4.346706594653013], [4.433980237890106, 3.2295136383053094, 3.018039552424719, 2.6043139326893754, 1.5255495698272148, 0.0, 1.5251141727752713, 2.5391333639649574, 4.89927535662163, 3.764093131153904, 4.094020228333026, 2.9600583068581603, 3.483823626419684, 3.061294058074134, 2.135519091462308, 2.1485187781352995, 1.097625887996452, 1.0972072456924442, 2.1328028741541027, 2.178110421902434, 2.727572008215365, 3.458587912718137], [3.793434943425286, 2.583342203425632, 3.112190980643701, 3.0058546970870026, 2.575190286173043, 1.5251141727752713, 0.0, 1.5263399752348754, 3.9900500272552977, 2.9064607377358462, 4.15471915175984, 3.3752907222934145, 4.081003648613904, 3.031394482742225, 3.468757960711586, 3.019790817258705, 2.1463826755730206, 2.1602531564610663, 1.0975750270482652, 1.0958585538289147, 2.1634905823691493, 2.1435097083988217], [2.3943421037938584, 1.5275775397668037, 2.5800954904809243, 3.2181025869291364, 3.357766479372858, 2.5391333639649574, 1.5263399752348754, 0.0, 2.528606837766599, 2.1595299627465234, 3.487358511825247, 2.814145181045214, 4.26854877680928, 3.337865490099923, 4.119347922912072, 4.084667631521566, 3.4273912805514346, 2.6313948658458695, 2.127813191988432, 2.1761969511052994, 1.0982275993618082, 1.098313338715323], [0.9724822928979221, 1.9575056577185161, 3.2318880302386717, 4.470793855681561, 5.2861375246960804, 4.89927535662163, 3.9900500272552977, 2.528606837766599, 0.0, 2.2672283431538167, 3.4107169642173476, 3.5919643789993243, 5.256341018236926, 4.485415023161179, 5.9358792886985166, 6.074518010509147, 5.891454663323822, 4.814773874233348, 4.552208811115765, 4.282210808682824, 2.7725703201181395, 2.3501631879509985], [2.039761321821747, 1.0965954769193607, 2.1578225042852806, 2.7329231932127183, 3.729876492593287, 3.764093131153904, 2.9064607377358462, 2.1595299627465234, 2.2672283431538167, 0.0, 2.5064783442112564, 3.076261637117363, 3.57199928611415, 2.3759587138668885, 4.589870866375218, 4.269409465019724, 4.728555983595838, 4.143361912746701, 3.796450602865787, 2.7102871822004397, 3.0574845445234877, 2.4207527114515432], [2.5138647616767296, 2.137397447832293, 1.0984543731989964, 2.137684431809335, 3.4526659989057733, 4.094020228333026, 4.15471915175984, 3.487358511825247, 3.4107169642173476, 2.5064783442112564, 0.0, 1.7438224364883024, 2.297453131186793, 2.615291203671209, 3.760660154813248, 4.254878556433779, 5.151592064595177, 4.107480985957208, 5.199193196064174, 4.28037849961893, 3.804914297326551, 4.266774566343996], [2.6994314234668013, 2.177571156127854, 1.0969237621639891, 2.179126228560429, 2.719922548529645, 2.9600583068581603, 3.3752907222934145, 2.814145181045214, 3.5919643789993243, 3.076261637117363, 1.7438224364883024, 0.0, 2.644027734347732, 3.067109905106108, 2.8160136167994643, 3.774662776990813, 4.002925266601913, 2.6146809327334757, 4.294871271644821, 3.9088235608684108, 2.7208555566218506, 3.8211078197297703], [4.457248170115728, 3.4332081702104813, 2.1447572962925197, 1.0976127823599722, 2.1303964912663558, 3.483823626419684, 4.081003648613904, 4.26854877680928, 5.256341018236926, 3.57199928611415, 2.297453131186793, 2.644027734347732, 0.0, 1.7477577549534717, 2.313783241792541, 2.5418136162984095, 4.253945661383088, 3.85434450977076, 5.140781421146011, 3.973428198671771, 4.723781127444412, 5.2034637127590315], [3.93428422460808, 2.6411011888982974, 2.159308863965505, 1.0971305163926486, 2.1564873150565944, 3.061294058074134, 3.031394482742225, 3.337865490099923, 4.485415023161179, 2.3759587138668885, 2.615291203671209, 3.067109905106108, 1.7477577549534717, 0.0, 3.0173240992641146, 2.3300302852109023, 3.8366363705725353, 3.7644259602228867, 4.082639505271069, 2.5721852382750354, 4.134182329070647, 4.058015012293572], [5.193601729050853, 4.079906049163387, 3.0092130815214797, 2.1492291850800838, 1.0976894733940015, 2.135519091462308, 3.468757960711586, 4.119347922912072, 5.9358792886985166, 4.589870866375218, 3.760660154813248, 2.8160136167994643, 2.313783241792541, 3.0173240992641146, 0.0, 1.747623028573382, 2.553583270621892, 2.323233257768148, 4.252171733361671, 3.7718885163800904, 4.240609070640678, 5.174541239568973], [5.504559939722703, 4.1419174376126815, 3.47149879734964, 2.134660450750892, 1.0977316384253484, 2.1485187781352995, 3.019790817258705, 4.084667631521566, 6.074518010509147, 4.269409465019724, 4.254878556433779, 3.774662776990813, 2.5418136162984095, 2.3300302852109023, 1.747623028573382, 0.0, 2.3069149117381857, 3.012177740439631, 3.7731912328955715, 2.8311378119053123, 4.589108501659119, 4.952125811204719], [5.490087580357894, 4.278947797064133, 4.092035631565297, 3.480678291655234, 2.131224779322913, 1.097625887996452, 2.1463826755730206, 3.4273912805514346, 5.891454663323822, 4.728555983595838, 5.151592064595177, 4.002925266601913, 4.253945661383088, 3.8366363705725353, 2.553583270621892, 2.3069149117381857, 0.0, 1.74816607048644, 2.2976606646761395, 2.645253776105423, 3.570555196324516, 4.2002021760862895], [4.2902476490291335, 3.3518265259407443, 3.0566711337662738, 3.0722037855585036, 2.1556553087170496, 1.0972072456924442, 2.1602531564610663, 2.6313948658458695, 4.814773874233348, 4.143361912746701, 4.107480985957208, 2.6146809327334757, 3.85434450977076, 3.7644259602228867, 2.323233257768148, 3.012177740439631, 1.74816607048644, 0.0, 2.6033950103662717, 3.0658913891395434, 2.3653666142904783, 3.60825761968294], [4.520575221141663, 3.483311065638554, 4.151743939599359, 4.081595418460777, 3.451778479277023, 2.1328028741541027, 1.0975750270482652, 2.127813191988432, 4.552208811115765, 3.796450602865787, 5.199193196064174, 4.294871271644821, 5.140781421146011, 4.082639505271069, 4.252171733361671, 3.7731912328955715, 2.2976606646761395, 2.6033950103662717, 0.0, 1.7568335692375645, 2.5023676868118323, 2.3532706112982416], [4.139506716989357, 2.809481676395132, 3.357706540184833, 2.9327854524325505, 2.716862852629849, 2.178110421902434, 1.0958585538289147, 2.1761969511052994, 4.282210808682824, 2.7102871822004397, 4.28037849961893, 3.9088235608684108, 3.973428198671771, 2.5721852382750354, 3.7718885163800904, 2.8311378119053123, 2.645253776105423, 3.0658913891395434, 1.7568335692375645, 0.0, 3.0807962915454183, 2.5489519846399618], [2.5692581594693826, 2.1605495736039018, 2.91037670070388, 3.756970801057682, 3.7179341831183614, 2.727572008215365, 2.1634905823691493, 1.0982275993618082, 2.7725703201181395, 3.0574845445234877, 3.804914297326551, 2.7208555566218506, 4.723781127444412, 4.134182329070647, 4.240609070640678, 4.589108501659119, 3.570555196324516, 2.3653666142904783, 2.5023676868118323, 3.0807962915454183, 0.0, 1.739035747188654], [2.644227909995657, 2.1393116112432056, 3.4970184343237314, 4.1470713003274975, 4.346706594653013, 3.458587912718137, 2.1435097083988217, 1.098313338715323, 2.3501631879509985, 2.4207527114515432, 4.266774566343996, 3.8211078197297703, 5.2034637127590315, 4.058015012293572, 5.174541239568973, 4.952125811204719, 4.2002021760862895, 3.60825761968294, 2.3532706112982416, 2.5489519846399618, 1.739035747188654, 0.0]]}