{"total energy": -23.53419007, "HOMO-LUMO gap/eV": 3.79132926, "electronic energy": -23.83221268, "dipole": [-1.51188287, -0.33953037, 0.182243], "partial charges": [-0.38554857, 0.14771426, -0.06843631, -0.036283, 0.07400045, -0.16540684, -0.03570888, -0.05043539, 0.30397046, 0.03992159, 0.05486711, 0.05814395, 0.06320117], "atomic dipole moments": [[0.12938948, -0.15327338, -0.01108044], [-0.23137344, 0.0399201, 0.02562347], [-0.01344644, 0.02113801, 0.00102043], [0.00759044, 0.02258291, -0.00142904], [0.18174652, -0.02975988, -0.02015777], [-0.59036789, 0.11494874, 0.06502545], [-0.00087125, -0.02351145, 0.00067522], [-0.02160378, -0.03654108, 0.00337493], [-0.03153251, -0.07497168, 0.0054796], [-0.08840304, -0.12451172, 0.01324956], [0.05390337, -0.14476169, -0.00260913], [0.09768818, 0.11918701, -0.01417244], [-0.05276596, 0.14806308, 0.00240971]], "atomic quadrupole moments": [[0.09073058, -0.0311511, -0.02995872, -0.01686345, 0.00277108, -0.06077186], [0.15106742, -0.10215016, -0.46432862, 0.02156906, 0.03111419, 0.3132612], [-0.19866397, -0.02613322, -0.24010159, 0.07497942, 0.0200553, 0.43876556], [-0.2187189, -0.00100191, -0.28512764, 0.08427052, 0.0199324, 0.50384653], [0.13678126, -0.09811395, -0.41623196, 0.0191724, 0.02860688, 0.2794507], [0.72886258, -0.19322301, -0.33527097, -0.12586995, 0.02042432, -0.39359161], [-0.2248929, -0.01706958, -0.28281205, 0.08581713, 0.02179916, 0.50770495], [-0.20388274, 0.03601648, -0.27201869, 0.07835456, 0.01462204, 0.47590142], [0.01463701, 0.08217151, 0.07006351, -0.01367353, -0.01332432, -0.08470052], [0.03654656, 0.00519309, 0.02200005, -0.01121838, -0.00262849, -0.05854661], [0.04591866, 0.00856469, 0.02084216, -0.01335311, -0.00319753, -0.06676081], [0.03825785, -0.01508043, 0.02824295, -0.01183186, -0.00065404, -0.0665008], [0.03141218, -0.00160951, 0.02460604, -0.01014953, -0.00185037, -0.05601822]], "number of molecular orbitals": 42, "number of electrons": 42, "number of unpaired electrons": 0, "orbital energies/eV": [-22.75547068, -19.78890673, -18.33116581, -17.66524354, -17.44802107, -16.83333875, -16.32998085, -15.6512298, -15.11160867, -14.73826237, -14.36000882, -13.90115649, -13.74987896, -13.56088917, -13.36966998, -12.60461414, -12.2428584, -11.70948869, -11.63639032, -11.15976647, -10.65972808, -6.86839881, -6.58387261, -5.46947735, -3.33401308, 0.97100084, 0.99466324, 1.14745023, 1.47237309, 2.24687889, 2.80738711, 3.1608494, 3.85324254, 4.59935917, 5.26111295, 8.27033859, 10.14470711, 10.29417796, 11.79992025, 13.58060882, 15.93081377, 16.84683], "fractional occupation": [2.0, 2.0, 2.0, 2.0, 2.0, 2.0, 2.0, 2.0, 2.0, 2.0, 2.0, 2.0, 2.0, 2.0, 2.0, 2.0, 2.0, 2.0, 2.0, 2.0, 2.0, 0.0, 0.0, 0.0, 0.0, 0.0, 0.0, 0.0, 0.0, 0.0, 0.0, 0.0, 0.0, 0.0, 0.0, 0.0, 0.0, 0.0, 0.0, 0.0, 0.0, 0.0], "program call": "xtb /home/svss/Project-DBcg-Debug/aqme2_20220329/End-to-End-workflows-final/example-3/QDESCP/mol_490_rdkit_conf_1/mol_490_rdkit_conf_1.xyz --pop --wbo --acc 0.2 --gfn 2 --chrg 0 --uhf 0 --etemp 300 --input /home/svss/Project-DBcg-Debug/aqme2_20220329/End-to-End-workflows-final/example-3/QDESCP/mol_490_rdkit_conf_1/mol_490_rdkit_conf_1_xtb.inp", "method": "GFN2-xTB", "xtb version": "6.3.3 (7355c4f)", "Dipole module/D": 3.966, "Total charge": 0, "Transition dipole module/D": NaN, "HOMO": -10.6597, "LUMO": -6.8684, "HOMO occupancy": 2.0, "LUMO occupancy": 0, "mulliken charges": [-0.51726, 0.25641, -0.09316, -0.03725, 0.0561, -0.07558, -0.04099, -0.06296, 0.35202, 0.03479, 0.0374, 0.03879, 0.0517], "cm5 charges": [-0.71448, 0.26802, -0.14508, -0.0904, 0.03476, -0.0604, -0.09405, -0.11303, 0.52293, 0.0927, 0.09372, 0.09514, 0.11015], "FUKUI+": [-0.063, -0.052, -0.064, -0.064, -0.041, -0.15, -0.064, -0.065, -0.046, -0.098, -0.098, -0.098, -0.099], "FUKUI-": [-0.123, -0.053, -0.036, -0.03, -0.048, -0.299, -0.027, -0.039, -0.057, -0.074, -0.07, -0.069, -0.076], "FUKUIrad": [-0.093, -0.052, -0.05, -0.047, -0.044, -0.224, -0.046, -0.052, -0.051, -0.086, -0.084, -0.083, -0.087], "s proportion": [1.691, 1.016, 1.059, 1.064, 1.097, 1.947, 1.066, 1.056, 0.648, 0.965, 0.963, 0.961, 0.948], "p proportion": [4.826, 2.727, 3.034, 2.973, 2.846, 5.121, 2.975, 3.007, 0.0, 0.0, 0.0, 0.0, 0.0], "d proportion": [0.0, 0.0, 0.0, 0.0, 0.0, 0.007, 0.0, 0.0, 0.0, 0.0, 0.0, 0.0, 0.0], "Fermi-level/eV": -8.7641, "Coordination numbers": [1.659, 2.843, 2.912, 2.987, 2.906, 1.067, 2.987, 2.913, 0.804, 0.925, 0.925, 0.925, 0.925], "Dispersion coefficient C6": [20.57, 24.785, 29.705, 28.894, 26.346, 189.624, 28.88, 29.252, 0.709, 2.45, 2.26, 2.221, 2.162], "Total dispersion C6": 3228.321429, "Total dispersion C8": 104959.107684, "Polarizability alpha": [6.123, 8.159, 8.937, 8.817, 8.416, 22.203, 8.815, 8.869, 1.323, 2.448, 2.351, 2.33, 2.299], "Total polarizability alpha": 91.090967, "Wiberg matrix": [[0.0, 1.0785451910282529, 0.0, 0.0, 0.0, 0.0, 0.0, 0.0, 0.8865741244856726, 0.0, 0.0, 0.0, 0.0], [1.0785451910282529, 0.0, 1.370765479614308, 0.0, 0.0, 0.0, 0.0, 1.3639456696030248, 0.0, 0.0, 0.0, 0.0, 0.0], [0.0, 1.370765479614308, 0.0, 1.4434009742853566, 0.0, 0.0, 0.10475953126263426, 0.0, 0.0, 0.9649293793987237, 0.0, 0.0, 0.0], [0.0, 0.0, 1.4434009742853566, 0.0, 1.405634678811957, 0.0, 0.0, 0.10827774179581681, 0.0, 0.0, 0.9690419641446946, 0.0, 0.0], [0.0, 0.0, 0.0, 1.405634678811957, 0.0, 0.9870166316784613, 1.4011411720418416, 0.0, 0.0, 0.0, 0.0, 0.0, 0.0], [0.0, 0.0, 0.0, 0.0, 0.9870166316784613, 0.0, 0.0, 0.0, 0.0, 0.0, 0.0, 0.0, 0.0], [0.0, 0.0, 0.10475953126263426, 0.0, 1.4011411720418416, 0.0, 0.0, 1.4518291116010467, 0.0, 0.0, 0.0, 0.9684430328555068, 0.0], [0.0, 1.3639456696030248, 0.0, 0.10827774179581681, 0.0, 0.0, 1.4518291116010467, 0.0, 0.0, 0.0, 0.0, 0.0, 0.9655438832715101], [0.8865741244856726, 0.0, 0.0, 0.0, 0.0, 0.0, 0.0, 0.0, 0.0, 0.0, 0.0, 0.0, 0.0], [0.0, 0.0, 0.9649293793987237, 0.0, 0.0, 0.0, 0.0, 0.0, 0.0, 0.0, 0.0, 0.0, 0.0], [0.0, 0.0, 0.0, 0.9690419641446946, 0.0, 0.0, 0.0, 0.0, 0.0, 0.0, 0.0, 0.0, 0.0], [0.0, 0.0, 0.0, 0.0, 0.0, 0.0, 0.9684430328555068, 0.0, 0.0, 0.0, 0.0, 0.0, 0.0], [0.0, 0.0, 0.0, 0.0, 0.0, 0.0, 0.0, 0.9655438832715101, 0.0, 0.0, 0.0, 0.0, 0.0]], "Born radii": [], "Atomic SASAs": [], "Solvent H bonds": [], "Total SASA": NaN, "Total FOD": 0.0, "FOD": [0.0, 0.0, 0.0, 0.0, 0.0, 0.0, 0.0, 0.0, 0.0, 0.0, 0.0, 0.0, 0.0], "FOD s proportion": [0.0, 0.0, 0.0, 0.0, 0.0, 0.0, 0.0, 0.0, 0.0, 0.0, 0.0, 0.0, 0.0], "FOD p proportion": [0.0, 0.0, 0.0, 0.0, 0.0, 0.0, 0.0, 0.0, 0.0, 0.0, 0.0, 0.0, 0.0], "FOD d proportion": [0.0, 0.0, 0.0, 0.0, 0.0, 0.0, 0.0, 0.0, 0.0, 0.0, 0.0, 0.0, 0.0], "coordinates": [["-2.47850", "0.54380", "0.27150"], ["-1.15210", "0.26570", "0.12590"], ["-0.68420", "-1.04560", "0.10460"], ["0.68390", "-1.28300", "-0.04680"], ["1.56440", "-0.20770", "-0.17470"], ["3.41560", "-0.53210", "-0.37950"], ["1.09020", "1.10370", "-0.15270"], ["-0.27680", "1.33960", "-0.00140"], ["-2.96650", "-0.29250", "0.34830"], ["-1.36200", "-1.88760", "0.20340"], ["1.05300", "-2.30500", "-0.06390"], ["1.77140", "1.94420", "-0.25180"], ["-0.65830", "2.35670", "0.01730"]], "bond_dist": [[0.0, 1.3630392254076917, 2.4028234350446973, 3.6659632963247186, 4.136289049377472, 6.026755065539, 3.637176561565303, 2.3569588329031115, 0.9713083598940142, 2.676362423140782, 4.549686456229704, 4.505176251824118, 2.5815406427170577], [1.3630392254076917, 0.0, 1.392440946683198, 2.4081513615219454, 2.7737772387125825, 4.664311019861348, 2.409931793640642, 1.3912643853703723, 1.9113075001160855, 2.164893796471319, 3.3921952390745433, 3.3921780304105504, 2.1512585618655886], [2.4028234350446973, 1.392440946683198, 0.0, 1.39677425878343, 2.415840818431546, 4.160095563806197, 2.7989621540849745, 2.422063128822203, 2.4156660758474047, 1.0854207847650605, 2.152288189346399, 3.8853437891646085, 3.4035183839668037], [3.6659632963247186, 2.4081513615219454, 1.39677425878343, 0.0, 1.3956750158973255, 2.8524945205907057, 2.4233512725149855, 2.7933915604512016, 3.802974417479034, 2.147986966906457, 1.0867434011761932, 3.411671304507514, 3.879822900597397], [4.136289049377472, 2.7737772387125825, 2.415840818431546, 1.3956750158973255, 0.0, 1.8905342736909057, 1.3946754461164073, 2.41126266093099, 4.56177321334588, 3.395414640364266, 2.1615905925961094, 2.1632075767248966, 3.3990302514099517], [6.026755065539, 4.664311019861348, 4.160095563806197, 2.8524945205907057, 1.8905342736909057, 0.0, 2.852150949721981, 4.156926540125529, 6.427931347642101, 5.000261435165164, 2.9706323451413508, 2.975191190495159, 5.009917852619941], [3.637176561565303, 2.409931793640642, 2.7989621540849745, 2.4233512725149855, 1.3946754461164073, 2.852150949721981, 0.0, 1.3954316536469997, 4.319396986848974, 3.8843233310320606, 3.410059379248403, 1.0864135952757588, 2.1578139980081694], [2.3569588329031115, 1.3912643853703723, 2.422063128822203, 2.7933915604512016, 2.41126266093099, 4.156926540125529, 1.3954316536469997, 0.0, 3.1655215352292267, 3.4109268417836227, 3.880126731177733, 2.1502010510647604, 1.0864549461436495], [0.9713083598940142, 1.9113075001160855, 2.4156660758474047, 3.802974417479034, 4.56177321334588, 6.427931347642101, 4.319396986848974, 3.1655215352292267, 0.0, 2.2671039389494254, 4.514027618435669, 5.273579743400113, 3.529250470000677], [2.676362423140782, 2.164893796471319, 1.0854207847650605, 2.147986966906457, 3.395414640364266, 5.000261435165164, 3.8843233310320606, 3.4109268417836227, 2.2671039389494254, 0.0, 2.465339134885909, 4.970723673671672, 4.3062639712400355], [4.549686456229704, 3.3921952390745433, 2.152288189346399, 1.0867434011761932, 2.1615905925961094, 2.9706323451413508, 3.410059379248403, 3.880126731177733, 4.514027618435669, 2.465339134885909, 0.0, 4.313595438842174, 4.966546890949485], [4.505176251824118, 3.3921780304105504, 3.8853437891646085, 3.411671304507514, 2.1632075767248966, 2.975191190495159, 1.0864135952757588, 2.1502010510647604, 5.273579743400113, 4.970723673671672, 4.313595438842174, 0.0, 2.479115396668739], [2.5815406427170577, 2.1512585618655886, 3.4035183839668037, 3.879822900597397, 3.3990302514099517, 5.009917852619941, 2.1578139980081694, 1.0864549461436495, 3.529250470000677, 4.3062639712400355, 4.966546890949485, 2.479115396668739, 0.0]]}