{"total energy": -47.81336234, "HOMO-LUMO gap/eV": 2.36983644, "electronic energy": -48.6937667, "dipole": [0.10603878, -0.19075962, -0.00423207], "partial charges": [-0.03813971, -0.03063059, -0.0332364, -0.04214711, 0.00959282, -0.00041081, 0.00855666, -0.10422722, -0.04993154, 0.0161572, -0.03889439, -0.03053401, -0.03213216, -0.03563722, 0.00486001, 0.0079401, -0.03839245, -0.03935302, 0.01814869, 0.02899439, 0.02542794, 0.0272194, 0.03938773, 0.04633664, 0.0453019, 0.03695585, 0.03007787, 0.02833061, 0.02659082, 0.02827023, 0.02790297, 0.0297388, 0.02787601], "atomic dipole moments": [[-0.04122012, 0.00549448, -0.00263044], [0.01433288, -0.01599887, 0.00067646], [0.02385123, 0.0098204, -0.00024618], [-0.01784424, 0.03720148, -0.00451539], [-0.0325592, 0.01556919, -0.00221386], [0.02418771, -0.00030182, 0.00048512], [0.08161991, -0.03083911, -0.00616566], [-0.03361036, 0.05993028, 0.01537667], [-0.0455173, 0.01565838, 0.00372838], [0.00171822, 0.01635642, -0.000302], [0.04140173, -0.00539268, -0.00057342], [-0.01276943, 0.02204094, 0.00094178], [-0.02354192, -0.0100333, -0.00032148], [0.02390225, -0.02490801, -0.00074754], [0.03121868, -0.00504585, -0.00050824], [-0.02303784, -0.0133544, -0.00121429], [-0.03632111, -0.04557636, 0.001062], [0.06115981, -0.01182519, 0.00032929], [-0.00363552, -0.01528703, 0.00182066], [0.04341275, 0.14497341, -0.00445542], [0.14250375, 0.04659631, 0.00640224], [0.11231532, -0.10082448, 0.01470143], [-0.00732352, -0.1491473, 0.01649326], [0.08112991, 0.00887909, -0.10251309], [0.04859061, -0.03516326, 0.11665173], [-0.06326856, -0.10230584, -0.03625444], [-0.0514819, -0.14169076, -0.00556918], [-0.05284211, -0.1410897, -0.0037754], [-0.14604898, -0.03565703, 0.00026228], [-0.10478777, 0.10964471, 0.00383056], [0.02064027, 0.14650276, 0.00536452], [-0.08129795, 0.12274201, -0.00510106], [0.03046715, 0.14673655, -0.00188567]], "atomic quadrupole moments": [[-0.22727316, -0.03099501, -0.26489462, -0.03819747, 0.0336518, 0.49216778], [-0.29407494, 0.00572177, -0.22330496, -0.04549258, 0.04384736, 0.5173799], [-0.3135775, 0.02265469, -0.19735703, -0.05513682, 0.05492361, 0.51093454], [-0.31742989, 0.04522855, -0.19038277, -0.05764568, 0.08734343, 0.50781266], [-0.27444777, -0.02547253, -0.1601199, -0.07180961, 0.03044036, 0.43456767], [-0.25812113, 0.00297719, -0.18099801, -0.04843395, -0.03980726, 0.43911914], [-0.28317103, -0.17833599, -0.16157815, 0.00458613, -0.06452049, 0.44474918], [0.10821907, -0.10197704, 0.0457182, 0.00553854, 0.01545865, -0.15393727], [-0.24638052, -0.09976874, -0.21701686, 0.00108471, -0.02939454, 0.46339737], [-0.20399544, -0.05386638, -0.19279641, 0.00329709, -0.01449169, 0.39679185], [-0.23506249, -0.01376073, -0.26142776, 0.00330881, -0.02062276, 0.49649025], [-0.29440144, 0.01938299, -0.229914, 0.00688659, -0.01907185, 0.52431544], [-0.30832935, 0.02854364, -0.21167937, 0.00809977, -0.01955528, 0.52000872], [-0.29649549, 0.04204614, -0.21861332, 0.00717153, -0.02609368, 0.51510881], [-0.25337236, 0.03272299, -0.15630131, 0.00667434, -0.01396299, 0.40967366], [-0.24981454, 0.06814666, -0.17455043, 0.00068236, 0.01047494, 0.42436496], [-0.23385195, -0.00785045, -0.26801929, -0.01093228, 0.01942684, 0.50187125], [-0.21216172, -0.06436536, -0.27765481, -0.01089044, 0.02248518, 0.48981653], [-0.17184728, -0.08628771, -0.22707372, -0.02033134, 0.01173641, 0.39892099], [0.03630176, -0.0140152, 0.03244741, 0.00568701, -0.00520883, -0.06874918], [0.02968326, -0.00259015, 0.03872648, 0.00465679, -0.00674437, -0.06840973], [0.03008535, 0.01021107, 0.03902758, 0.00528148, -0.00810337, -0.06911293], [0.0504481, 0.0323154, 0.02739056, 0.01325329, 0.0006164, -0.07783866], [0.02378844, 0.0260327, -0.02244864, -0.05945822, -0.01453836, -0.0013398], [-0.01172052, -0.00581191, -0.03314584, 0.05571591, -0.00786016, 0.04486636], [0.03370767, 0.04886859, 0.02031866, 0.01992094, 0.02258364, -0.05402633], [0.04145256, -0.01202359, 0.02939403, -0.00241037, 0.00693702, -0.07084658], [0.03337676, -0.01101678, 0.03548179, -0.00116487, 0.00251775, -0.06885855], [0.02933874, -0.00236437, 0.03971212, -0.00072874, 0.00292085, -0.06905086], [0.03241004, 0.00917056, 0.03688822, -0.00057863, 0.00299331, -0.06929827], [0.05034998, 0.01435681, 0.02281856, -0.00057325, 0.00211021, -0.07316854], [0.0633777, 0.00684208, 0.01299881, 0.00105488, -0.00147212, -0.0763765], [0.04835186, 0.00144118, 0.02304499, 0.00234934, -0.00425375, -0.07139685]], "number of molecular orbitals": 90, "number of electrons": 90, "number of unpaired electrons": 0, "orbital energies/eV": [-17.5879313, -17.52069926, -17.30613279, -17.17116408, -16.87869325, -16.83816055, -16.63277544, -16.49627836, -16.401596, -16.10443932, -15.8092542, -15.74811792, -15.48042928, -15.35655866, -15.26090042, -14.61639615, -14.37809042, -14.17863241, -14.02956537, -13.83961521, -13.61630363, -13.59198789, -13.56701798, -13.169651, -13.14462012, -13.0454331, -13.02393157, -12.88989451, -12.84479925, -12.67076631, -12.42390916, -12.41823966, -12.25196186, -12.23375759, -11.98737381, -11.76408131, -11.6452389, -11.37588126, -11.31992449, -11.23964107, -11.05000315, -10.99736838, -10.52961629, -10.40771425, -9.78613984, -7.4163034, -6.67653896, -6.42860172, -5.46532433, -5.22209323, -4.32821431, -3.78743345, -2.06849812, -1.06086343, 1.35007334, 2.40459108, 2.61774839, 2.94206417, 3.2072949, 3.40932855, 3.43522458, 3.85629327, 4.06527246, 4.160954, 4.61479455, 4.83271189, 5.03825916, 5.26748147, 5.76665485, 6.30238289, 6.5333505, 6.90915983, 8.02648398, 8.34313868, 8.9520043, 9.56298066, 9.86606918, 10.69891677, 11.26954595, 11.63128849, 12.20776625, 12.7068444, 13.93391842, 14.16904596, 14.6649728, 15.26928833, 17.09734813, 17.55151316, 18.35743301, 19.07598671], "fractional occupation": [2.0, 2.0, 2.0, 2.0, 2.0, 2.0, 2.0, 2.0, 2.0, 2.0, 2.0, 2.0, 2.0, 2.0, 2.0, 2.0, 2.0, 2.0, 2.0, 2.0, 2.0, 2.0, 2.0, 2.0, 2.0, 2.0, 2.0, 2.0, 2.0, 2.0, 2.0, 2.0, 2.0, 2.0, 2.0, 2.0, 2.0, 2.0, 2.0, 2.0, 2.0, 2.0, 2.0, 2.0, 2.0, 0.0, 0.0, 0.0, 0.0, 0.0, 0.0, 0.0, 0.0, 0.0, 0.0, 0.0, 0.0, 0.0, 0.0, 0.0, 0.0, 0.0, 0.0, 0.0, 0.0, 0.0, 0.0, 0.0, 0.0, 0.0, 0.0, 0.0, 0.0, 0.0, 0.0, 0.0, 0.0, 0.0, 0.0, 0.0, 0.0, 0.0, 0.0, 0.0, 0.0, 0.0, 0.0, 0.0, 0.0, 0.0], "program call": "xtb /home/svss/Project-DBcg-Debug/aqme2_20220329/End-to-End-workflows-final/example-3/QDESCP/mol_737_rdkit_conf_1/mol_737_rdkit_conf_1.xyz --pop --wbo --acc 0.2 --gfn 2 --chrg 0 --uhf 0 --etemp 300 --input /home/svss/Project-DBcg-Debug/aqme2_20220329/End-to-End-workflows-final/example-3/QDESCP/mol_737_rdkit_conf_1/mol_737_rdkit_conf_1_xtb.inp", "method": "GFN2-xTB", "xtb version": "6.3.3 (7355c4f)", "Dipole module/D": 0.555, "Total charge": 0, "Transition dipole module/D": NaN, "HOMO": -9.7861, "LUMO": -7.4163, "HOMO occupancy": 2.0, "LUMO occupancy": 0, "mulliken charges": [-0.03792, -0.02629, -0.02815, -0.04158, 0.00073, -0.01022, 0.00904, -0.08722, -0.05354, 0.01441, -0.03936, -0.02627, -0.02909, -0.03723, -0.00281, 0.00457, -0.03751, -0.03551, 0.01283, 0.03117, 0.02992, 0.03029, 0.03037, 0.03892, 0.0405, 0.03425, 0.03196, 0.03034, 0.02962, 0.03038, 0.02969, 0.03196, 0.03176], "cm5 charges": [-0.09065, -0.08197, -0.08401, -0.09539, -0.00345, -0.01223, -0.00503, -0.23195, -0.10434, 0.00707, -0.09211, -0.08183, -0.08475, -0.09015, -0.0073, 0.00044, -0.09035, -0.08862, 0.00557, 0.08754, 0.0855, 0.0857, 0.08979, 0.09166, 0.09277, 0.08618, 0.0894, 0.08663, 0.08514, 0.0858, 0.08686, 0.08976, 0.08831], "FUKUI+": [-0.03, -0.018, -0.028, -0.023, -0.014, -0.029, -0.028, 0.019, -0.036, -0.012, -0.03, -0.019, -0.027, -0.024, -0.012, -0.028, -0.018, -0.038, -0.012, -0.046, -0.049, -0.05, -0.038, -0.025, -0.028, -0.029, -0.05, -0.046, -0.049, -0.05, -0.038, -0.043, -0.052], "FUKUI-": [-0.029, -0.018, -0.029, -0.02, -0.014, -0.022, -0.03, 0.019, -0.039, -0.014, -0.03, -0.018, -0.03, -0.022, -0.015, -0.025, -0.019, -0.036, -0.014, -0.045, -0.048, -0.048, -0.034, -0.031, -0.036, -0.032, -0.05, -0.045, -0.049, -0.05, -0.038, -0.041, -0.049], "FUKUIrad": [-0.03, -0.018, -0.029, -0.022, -0.014, -0.025, -0.029, 0.019, -0.038, -0.013, -0.03, -0.019, -0.029, -0.023, -0.013, -0.027, -0.018, -0.037, -0.013, -0.045, -0.048, -0.049, -0.036, -0.028, -0.032, -0.031, -0.05, -0.046, -0.049, -0.05, -0.038, -0.042, -0.051], "s proportion": [1.065, 1.057, 1.059, 1.068, 1.086, 1.093, 1.095, 1.012, 1.068, 1.068, 1.065, 1.058, 1.059, 1.067, 1.08, 1.083, 1.064, 1.062, 1.069, 0.969, 0.97, 0.97, 0.97, 0.961, 0.959, 0.966, 0.968, 0.97, 0.97, 0.97, 0.97, 0.968, 0.968], "p proportion": [2.973, 2.969, 2.969, 2.974, 2.913, 2.918, 2.896, 3.076, 2.986, 2.918, 2.975, 2.968, 2.971, 2.97, 2.923, 2.912, 2.974, 2.974, 2.918, 0.0, 0.0, 0.0, 0.0, 0.0, 0.0, 0.0, 0.0, 0.0, 0.0, 0.0, 0.0, 0.0, 0.0], "d proportion": [0.0, 0.0, 0.0, 0.0, 0.0, 0.0, 0.0, 0.0, 0.0, 0.0, 0.0, 0.0, 0.0, 0.0, 0.0, 0.0, 0.0, 0.0, 0.0, 0.0, 0.0, 0.0, 0.0, 0.0, 0.0, 0.0, 0.0, 0.0, 0.0, 0.0, 0.0, 0.0, 0.0], "Fermi-level/eV": -8.6012, "Coordination numbers": [2.932, 2.911, 2.911, 2.923, 2.963, 2.959, 2.956, 3.757, 2.927, 2.984, 2.926, 2.911, 2.909, 2.92, 2.975, 2.969, 2.916, 2.924, 2.991, 0.925, 0.925, 0.925, 0.926, 0.924, 0.924, 0.924, 0.925, 0.925, 0.925, 0.925, 0.925, 0.925, 0.925], "Dispersion coefficient C6": [28.948, 28.764, 28.828, 29.047, 27.801, 28.037, 27.826, 22.543, 29.24, 27.643, 28.967, 28.762, 28.801, 28.887, 27.91, 27.839, 28.954, 28.978, 27.595, 2.601, 2.652, 2.626, 2.457, 2.366, 2.38, 2.49, 2.585, 2.61, 2.635, 2.611, 2.616, 2.59, 2.617], "Total dispersion C6": 15170.385475, "Total dispersion C8": 384214.422704, "Polarizability alpha": [8.824, 8.794, 8.804, 8.838, 8.649, 8.685, 8.652, 6.769, 8.868, 8.624, 8.826, 8.794, 8.8, 8.814, 8.666, 8.655, 8.824, 8.828, 8.617, 2.522, 2.547, 2.534, 2.451, 2.406, 2.412, 2.468, 2.514, 2.527, 2.539, 2.527, 2.529, 2.517, 2.53], "Total polarizability alpha": 199.353252, "Wiberg matrix": [[0.0, 1.5019562992157698, 0.0, 0.12403842217654935, 0.0, 0.0, 0.0, 0.0, 0.0, 0.0, 0.0, 0.0, 0.0, 0.0, 0.0, 0.0, 0.0, 0.0, 1.3013933784788771, 0.969017603993006, 0.0, 0.0, 0.0, 0.0, 0.0, 0.0, 0.0, 0.0, 0.0, 0.0, 0.0, 0.0, 0.0], [1.5019562992157698, 0.0, 1.3841455763121013, 0.0, 0.0, 0.0, 0.0, 0.0, 0.0, 0.0, 0.0, 0.0, 0.0, 0.0, 0.0, 0.0, 0.0, 0.0, 0.0, 0.0, 0.9704010654352887, 0.0, 0.0, 0.0, 0.0, 0.0, 0.0, 0.0, 0.0, 0.0, 0.0, 0.0, 0.0], [0.0, 1.3841455763121013, 0.0, 1.4857990595615398, 0.0, 0.0, 0.0, 0.0, 0.0, 0.0, 0.0, 0.0, 0.0, 0.0, 0.0, 0.0, 0.0, 0.0, 0.0, 0.0, 0.0, 0.9710427766765338, 0.0, 0.0, 0.0, 0.0, 0.0, 0.0, 0.0, 0.0, 0.0, 0.0, 0.0], [0.12403842217654935, 0.0, 1.4857990595615398, 0.0, 1.3360911419943022, 0.0, 0.0, 0.0, 0.0, 0.0, 0.0, 0.0, 0.0, 0.0, 0.0, 0.0, 0.0, 0.0, 0.0, 0.0, 0.0, 0.0, 0.962992582161312, 0.0, 0.0, 0.0, 0.0, 0.0, 0.0, 0.0, 0.0, 0.0, 0.0], [0.0, 0.0, 0.0, 1.3360911419943022, 0.0, 1.1734718265558797, 0.0, 0.0, 0.0, 0.0, 0.0, 0.0, 0.0, 0.0, 0.0, 0.0, 0.0, 0.0, 1.2569667935992885, 0.0, 0.0, 0.0, 0.0, 0.0, 0.0, 0.0, 0.0, 0.0, 0.0, 0.0, 0.0, 0.0, 0.0], [0.0, 0.0, 0.0, 0.0, 1.1734718265558797, 0.0, 1.2515928252123814, 0.0, 0.0, 0.0, 0.0, 0.0, 0.0, 0.0, 0.0, 1.3110062973729557, 0.0, 0.0, 0.0, 0.0, 0.0, 0.0, 0.0, 0.0, 0.0, 0.0, 0.0, 0.0, 0.0, 0.0, 0.0, 0.0, 0.0], [0.0, 0.0, 0.0, 0.0, 0.0, 1.2515928252123814, 0.0, 1.0262411507886733, 1.523920483875308, 0.0, 0.0, 0.0, 0.0, 0.0, 0.0, 0.0, 0.0, 0.0, 0.0, 0.0, 0.0, 0.0, 0.0, 0.0, 0.0, 0.0, 0.0, 0.0, 0.0, 0.0, 0.0, 0.0, 0.0], [0.0, 0.0, 0.0, 0.0, 0.0, 0.0, 1.0262411507886733, 0.0, 0.0, 0.0, 0.0, 0.0, 0.0, 0.0, 0.0, 0.0, 0.0, 0.0, 0.0, 0.0, 0.0, 0.0, 0.0, 0.97222963710356, 0.9657339252808987, 0.9815310833230917, 0.0, 0.0, 0.0, 0.0, 0.0, 0.0, 0.0], [0.0, 0.0, 0.0, 0.0, 0.0, 0.0, 1.523920483875308, 0.0, 0.0, 1.2737794260759066, 0.0, 0.0, 0.0, 0.0, 0.0, 0.0, 0.0, 0.0, 0.0, 0.0, 0.0, 0.0, 0.0, 0.0, 0.0, 0.0, 0.9646205305038307, 0.0, 0.0, 0.0, 0.0, 0.0, 0.0], [0.0, 0.0, 0.0, 0.0, 0.0, 0.0, 0.0, 0.0, 1.2737794260759066, 0.0, 1.29335838787547, 0.0, 0.0, 0.0, 1.2615333152622594, 0.0, 0.0, 0.0, 0.0, 0.0, 0.0, 0.0, 0.0, 0.0, 0.0, 0.0, 0.0, 0.0, 0.0, 0.0, 0.0, 0.0, 0.0], [0.0, 0.0, 0.0, 0.0, 0.0, 0.0, 0.0, 0.0, 0.0, 1.29335838787547, 0.0, 1.5097334968115348, 0.0, 0.1264611731586448, 0.0, 0.0, 0.0, 0.0, 0.0, 0.0, 0.0, 0.0, 0.0, 0.0, 0.0, 0.0, 0.0, 0.9693841276652234, 0.0, 0.0, 0.0, 0.0, 0.0], [0.0, 0.0, 0.0, 0.0, 0.0, 0.0, 0.0, 0.0, 0.0, 0.0, 1.5097334968115348, 0.0, 1.3751242106828017, 0.0, 0.0, 0.0, 0.0, 0.0, 0.0, 0.0, 0.0, 0.0, 0.0, 0.0, 0.0, 0.0, 0.0, 0.0, 0.970697423029669, 0.0, 0.0, 0.0, 0.0], [0.0, 0.0, 0.0, 0.0, 0.0, 0.0, 0.0, 0.0, 0.0, 0.0, 0.0, 1.3751242106828017, 0.0, 1.4984812406402228, 0.0, 0.0, 0.0, 0.0, 0.0, 0.0, 0.0, 0.0, 0.0, 0.0, 0.0, 0.0, 0.0, 0.0, 0.0, 0.9709442448740855, 0.0, 0.0, 0.0], [0.0, 0.0, 0.0, 0.0, 0.0, 0.0, 0.0, 0.0, 0.0, 0.0, 0.1264611731586448, 0.0, 1.4984812406402228, 0.0, 1.3223869773858032, 0.0, 0.0, 0.0, 0.0, 0.0, 0.0, 0.0, 0.0, 0.0, 0.0, 0.0, 0.0, 0.0, 0.0, 0.0, 0.9654302366549474, 0.0, 0.0], [0.0, 0.0, 0.0, 0.0, 0.0, 0.0, 0.0, 0.0, 0.0, 1.2615333152622594, 0.0, 0.0, 0.0, 1.3223869773858032, 0.0, 1.1820314381137724, 0.0, 0.0, 0.0, 0.0, 0.0, 0.0, 0.0, 0.0, 0.0, 0.0, 0.0, 0.0, 0.0, 0.0, 0.0, 0.0, 0.0], [0.0, 0.0, 0.0, 0.0, 0.0, 1.3110062973729557, 0.0, 0.0, 0.0, 0.0, 0.0, 0.0, 0.0, 0.0, 1.1820314381137724, 0.0, 1.2791060545688253, 0.0, 0.0, 0.0, 0.0, 0.0, 0.0, 0.0, 0.0, 0.0, 0.0, 0.0, 0.0, 0.0, 0.0, 0.0, 0.0], [0.0, 0.0, 0.0, 0.0, 0.0, 0.0, 0.0, 0.0, 0.0, 0.0, 0.0, 0.0, 0.0, 0.0, 0.0, 1.2791060545688253, 0.0, 1.5596946613897467, 0.0, 0.0, 0.0, 0.0, 0.0, 0.0, 0.0, 0.0, 0.0, 0.0, 0.0, 0.0, 0.0, 0.9635369742188774, 0.0], [0.0, 0.0, 0.0, 0.0, 0.0, 0.0, 0.0, 0.0, 0.0, 0.0, 0.0, 0.0, 0.0, 0.0, 0.0, 0.0, 1.5596946613897467, 0.0, 1.2680419716677465, 0.0, 0.0, 0.0, 0.0, 0.0, 0.0, 0.0, 0.0, 0.0, 0.0, 0.0, 0.0, 0.0, 0.9676496137381881], [1.3013933784788771, 0.0, 0.0, 0.0, 1.2569667935992885, 0.0, 0.0, 0.0, 0.0, 0.0, 0.0, 0.0, 0.0, 0.0, 0.0, 0.0, 0.0, 1.2680419716677465, 0.0, 0.0, 0.0, 0.0, 0.0, 0.0, 0.0, 0.0, 0.0, 0.0, 0.0, 0.0, 0.0, 0.0, 0.0], [0.969017603993006, 0.0, 0.0, 0.0, 0.0, 0.0, 0.0, 0.0, 0.0, 0.0, 0.0, 0.0, 0.0, 0.0, 0.0, 0.0, 0.0, 0.0, 0.0, 0.0, 0.0, 0.0, 0.0, 0.0, 0.0, 0.0, 0.0, 0.0, 0.0, 0.0, 0.0, 0.0, 0.0], [0.0, 0.9704010654352887, 0.0, 0.0, 0.0, 0.0, 0.0, 0.0, 0.0, 0.0, 0.0, 0.0, 0.0, 0.0, 0.0, 0.0, 0.0, 0.0, 0.0, 0.0, 0.0, 0.0, 0.0, 0.0, 0.0, 0.0, 0.0, 0.0, 0.0, 0.0, 0.0, 0.0, 0.0], [0.0, 0.0, 0.9710427766765338, 0.0, 0.0, 0.0, 0.0, 0.0, 0.0, 0.0, 0.0, 0.0, 0.0, 0.0, 0.0, 0.0, 0.0, 0.0, 0.0, 0.0, 0.0, 0.0, 0.0, 0.0, 0.0, 0.0, 0.0, 0.0, 0.0, 0.0, 0.0, 0.0, 0.0], [0.0, 0.0, 0.0, 0.962992582161312, 0.0, 0.0, 0.0, 0.0, 0.0, 0.0, 0.0, 0.0, 0.0, 0.0, 0.0, 0.0, 0.0, 0.0, 0.0, 0.0, 0.0, 0.0, 0.0, 0.0, 0.0, 0.0, 0.0, 0.0, 0.0, 0.0, 0.0, 0.0, 0.0], [0.0, 0.0, 0.0, 0.0, 0.0, 0.0, 0.0, 0.97222963710356, 0.0, 0.0, 0.0, 0.0, 0.0, 0.0, 0.0, 0.0, 0.0, 0.0, 0.0, 0.0, 0.0, 0.0, 0.0, 0.0, 0.0, 0.0, 0.0, 0.0, 0.0, 0.0, 0.0, 0.0, 0.0], [0.0, 0.0, 0.0, 0.0, 0.0, 0.0, 0.0, 0.9657339252808987, 0.0, 0.0, 0.0, 0.0, 0.0, 0.0, 0.0, 0.0, 0.0, 0.0, 0.0, 0.0, 0.0, 0.0, 0.0, 0.0, 0.0, 0.0, 0.0, 0.0, 0.0, 0.0, 0.0, 0.0, 0.0], [0.0, 0.0, 0.0, 0.0, 0.0, 0.0, 0.0, 0.9815310833230917, 0.0, 0.0, 0.0, 0.0, 0.0, 0.0, 0.0, 0.0, 0.0, 0.0, 0.0, 0.0, 0.0, 0.0, 0.0, 0.0, 0.0, 0.0, 0.0, 0.0, 0.0, 0.0, 0.0, 0.0, 0.0], [0.0, 0.0, 0.0, 0.0, 0.0, 0.0, 0.0, 0.0, 0.9646205305038307, 0.0, 0.0, 0.0, 0.0, 0.0, 0.0, 0.0, 0.0, 0.0, 0.0, 0.0, 0.0, 0.0, 0.0, 0.0, 0.0, 0.0, 0.0, 0.0, 0.0, 0.0, 0.0, 0.0, 0.0], [0.0, 0.0, 0.0, 0.0, 0.0, 0.0, 0.0, 0.0, 0.0, 0.0, 0.9693841276652234, 0.0, 0.0, 0.0, 0.0, 0.0, 0.0, 0.0, 0.0, 0.0, 0.0, 0.0, 0.0, 0.0, 0.0, 0.0, 0.0, 0.0, 0.0, 0.0, 0.0, 0.0, 0.0], [0.0, 0.0, 0.0, 0.0, 0.0, 0.0, 0.0, 0.0, 0.0, 0.0, 0.0, 0.970697423029669, 0.0, 0.0, 0.0, 0.0, 0.0, 0.0, 0.0, 0.0, 0.0, 0.0, 0.0, 0.0, 0.0, 0.0, 0.0, 0.0, 0.0, 0.0, 0.0, 0.0, 0.0], [0.0, 0.0, 0.0, 0.0, 0.0, 0.0, 0.0, 0.0, 0.0, 0.0, 0.0, 0.0, 0.9709442448740855, 0.0, 0.0, 0.0, 0.0, 0.0, 0.0, 0.0, 0.0, 0.0, 0.0, 0.0, 0.0, 0.0, 0.0, 0.0, 0.0, 0.0, 0.0, 0.0, 0.0], [0.0, 0.0, 0.0, 0.0, 0.0, 0.0, 0.0, 0.0, 0.0, 0.0, 0.0, 0.0, 0.0, 0.9654302366549474, 0.0, 0.0, 0.0, 0.0, 0.0, 0.0, 0.0, 0.0, 0.0, 0.0, 0.0, 0.0, 0.0, 0.0, 0.0, 0.0, 0.0, 0.0, 0.0], [0.0, 0.0, 0.0, 0.0, 0.0, 0.0, 0.0, 0.0, 0.0, 0.0, 0.0, 0.0, 0.0, 0.0, 0.0, 0.0, 0.9635369742188774, 0.0, 0.0, 0.0, 0.0, 0.0, 0.0, 0.0, 0.0, 0.0, 0.0, 0.0, 0.0, 0.0, 0.0, 0.0, 0.0], [0.0, 0.0, 0.0, 0.0, 0.0, 0.0, 0.0, 0.0, 0.0, 0.0, 0.0, 0.0, 0.0, 0.0, 0.0, 0.0, 0.0, 0.9676496137381881, 0.0, 0.0, 0.0, 0.0, 0.0, 0.0, 0.0, 0.0, 0.0, 0.0, 0.0, 0.0, 0.0, 0.0, 0.0]], "Born radii": [], "Atomic SASAs": [], "Solvent H bonds": [], "Total SASA": NaN, "Total FOD": 0.0, "FOD": [0.0, 0.0, 0.0, 0.0, 0.0, 0.0, 0.0, 0.0, 0.0, 0.0, 0.0, 0.0, 0.0, 0.0, 0.0, 0.0, 0.0, 0.0, 0.0, 0.0, 0.0, 0.0, 0.0, 0.0, 0.0, 0.0, 0.0, 0.0, 0.0, 0.0, 0.0, 0.0, 0.0], "FOD s proportion": [0.0, 0.0, 0.0, 0.0, 0.0, 0.0, 0.0, 0.0, 0.0, 0.0, 0.0, 0.0, 0.0, 0.0, 0.0, 0.0, 0.0, 0.0, 0.0, 0.0, 0.0, 0.0, 0.0, 0.0, 0.0, 0.0, 0.0, 0.0, 0.0, 0.0, 0.0, 0.0, 0.0], "FOD p proportion": [0.0, 0.0, 0.0, 0.0, 0.0, 0.0, 0.0, 0.0, 0.0, 0.0, 0.0, 0.0, 0.0, 0.0, 0.0, 0.0, 0.0, 0.0, 0.0, 0.0, 0.0, 0.0, 0.0, 0.0, 0.0, 0.0, 0.0, 0.0, 0.0, 0.0, 0.0, 0.0, 0.0], "FOD d proportion": [0.0, 0.0, 0.0, 0.0, 0.0, 0.0, 0.0, 0.0, 0.0, 0.0, 0.0, 0.0, 0.0, 0.0, 0.0, 0.0, 0.0, 0.0, 0.0, 0.0, 0.0, 0.0, 0.0, 0.0, 0.0, 0.0, 0.0, 0.0, 0.0, 0.0, 0.0, 0.0, 0.0], "coordinates": [["3.55130", "1.87930", "0.09250"], ["4.58940", "0.96570", "0.19710"], ["4.28540", "-0.37830", "0.26860"], ["2.94770", "-0.79680", "0.21460"], ["1.83930", "0.08770", "0.07300"], ["0.40900", "-0.28740", "-0.01710"], ["-0.12420", "-1.62150", "-0.11230"], ["0.71210", "-2.87020", "-0.24960"], ["-1.51290", "-1.86090", "-0.10620"], ["-2.44330", "-0.83330", "-0.05760"], ["-3.81560", "-1.14860", "-0.05550"], ["-4.78350", "-0.15170", "-0.02200"], ["-4.38520", "1.17240", "0.00910"], ["-3.02150", "1.48800", "0.00710"], ["-1.99480", "0.49910", "-0.02640"], ["-0.57040", "0.76540", "-0.02370"], ["-0.11080", "2.09620", "-0.03460"], ["1.23460", "2.43710", "-0.02080"], ["2.20910", "1.45820", "0.04440"], ["3.79940", "2.93870", "0.05690"], ["5.62030", "1.30380", "0.23780"], ["5.07880", "-1.11370", "0.37460"], ["2.80960", "-1.86280", "0.31920"], ["1.44740", "-2.75850", "-1.05180"], ["1.18260", "-3.12220", "0.70500"], ["0.10520", "-3.73750", "-0.53640"], ["-1.87180", "-2.88910", "-0.15360"], ["-4.14180", "-2.18660", "-0.08200"], ["-5.83830", "-0.41040", "-0.02060"], ["-5.12640", "1.96660", "0.03710"], ["-2.77990", "2.54590", "0.04030"], ["-0.80130", "2.93340", "-0.06620"], ["1.50050", "3.49210", "-0.04110"]], "bond_dist": [[0.0, 1.3868156798940516, 2.380477216862199, 2.746043076865328, 2.4781353494109233, 3.818461776684428, 5.08004369370973, 5.543991278853169, 6.298785547230514, 6.581485997098223, 7.9662599769276925, 8.579449999271514, 7.968355879351776, 6.584991168558998, 5.716494945331449, 4.271145811137803, 3.6707187892836464, 2.3855977489929017, 1.4075296302387386, 1.0886456402337723, 2.1524575117757845, 3.372074385300538, 3.8216258568834283, 5.219674945817987, 5.567845022088887, 6.619634631911341, 7.225525405117609, 8.703205195214002, 9.665407692384218, 8.678315950689973, 6.366409807733083, 4.481231890897859, 2.6124229060395256], [1.3868156798940516, 0.0, 1.3798058740272128, 2.4087115622257476, 2.889521555552061, 4.36942621061393, 5.385847858972625, 5.472396640412682, 6.731992553471818, 7.263617719841815, 8.670530332684386, 9.441813490002861, 8.978948382188195, 7.6311661035519345, 6.604495245664123, 5.168404857400396, 4.839792886064445, 3.669765852203653, 2.4355084951607133, 2.1299025893218686, 1.0856900616658514, 2.1435771434683657, 3.3441005816213125, 5.030067678471136, 5.3455752786767485, 6.539584247488521, 7.531904073340287, 9.287020272401692, 10.52035986979533, 9.768529595082365, 7.538448167229116, 5.744633728097902, 3.9975917012621496], [2.380477216862199, 1.3798058740272128, 0.0, 1.4026758499382526, 2.4977631132675495, 3.8879768852193552, 4.597303906639195, 4.387091261872723, 5.996570744183712, 6.751950468568324, 8.143991889730735, 9.076383813501938, 8.811998360190497, 7.5460085840131415, 6.3480522839686815, 4.997227493320672, 5.053875238863737, 4.161443278479235, 2.7810105321627248, 3.359092420580297, 2.1476422094939376, 1.0869833117394214, 2.093868727976995, 3.9323087620378954, 4.164948980479833, 5.422759600056045, 6.662843335994026, 8.626156101648055, 10.127880762528752, 9.702274346770452, 7.6499366415676935, 6.078977284050336, 4.778240079778328], [2.746043076865328, 2.4087115622257476, 1.4026758499382526, 0.0, 1.4251110026941765, 2.5996482338962714, 3.1974307357627, 3.0842140911421834, 4.596974419115251, 5.397990930892715, 6.777827390838453, 7.761674240136595, 7.595485586846967, 6.3948976481254185, 5.11524623649732, 3.8567192456801935, 4.21734180379063, 3.667183385106341, 2.3789751995344552, 3.8346085106565964, 3.399389556964603, 2.160465880313781, 1.0799855415698862, 2.775416354351181, 2.9603302738039217, 4.1583077976503855, 5.266960297932765, 7.230527356285986, 8.79763718278948, 8.535746986643877, 6.6339600194755475, 5.296059070667547, 4.533699762886819], [2.4781353494109233, 2.889521555552061, 2.4977631132675495, 1.4251110026941765, 0.0, 1.4814101761497385, 2.609795582033198, 3.1817955638287008, 3.8815460115783758, 4.382460509804965, 5.789891531799192, 6.627806364099663, 6.318627821766368, 5.058908927822284, 3.857389419024219, 2.5050513507710774, 2.8015245885053375, 2.4277851820126095, 1.419802891249345, 3.4598341318623933, 3.9751753734898294, 3.4682394337761635, 2.192383812200774, 3.0853873484539998, 3.3367854141373847, 4.243892813208175, 4.762871928784145, 6.4007829755429135, 7.69430999700428, 7.214743967044153, 5.232669029281329, 3.8846046761543187, 3.4231189885833655], [3.818461776684428, 4.36942621061393, 3.8879768852193552, 2.5996482338962714, 1.4814101761497385, 0.0, 1.4398569685909777, 2.610896723350045, 2.4854658859054974, 2.9043523116178585, 4.311656892657392, 5.194275190052988, 5.011592174149848, 3.862765984369232, 2.529213945082543, 1.4379345464936852, 2.439681792775443, 2.8468454998471553, 2.508238748604287, 4.6805992533008, 5.454772143728829, 4.7584905821068935, 2.890996923208325, 2.87318879644203, 3.0258844012949337, 3.5021646077818787, 3.4625891728589457, 4.931627853964652, 6.248511705998477, 5.9769646811738815, 4.266141917470631, 3.4410448326053524, 3.934027008041506], [5.08004369370973, 5.385847858972625, 4.597303906639195, 3.1974307357627, 2.609795582033198, 1.4398569685909777, 0.0, 1.509139049259544, 1.4091973814906127, 2.4499951306074057, 3.722001425308701, 4.886465248009035, 5.096737796865757, 4.251775382119804, 2.829040036832282, 2.4298633727022594, 3.7185360210706575, 4.280997973603818, 3.8669620983402457, 6.018196543816096, 6.455945349056171, 5.250346793308038, 2.975163924895568, 2.155308750504206, 2.1512336042373454, 2.170239887662191, 2.159310355182876, 4.0572608814322, 5.841755807118267, 6.157823220099778, 4.944011732388992, 4.605182258065364, 5.365969110048995], [5.543991278853169, 5.472396640412682, 4.387091261872723, 3.0842140911421834, 3.1817955638287008, 2.610896723350045, 1.509139049259544, 0.0, 2.447422123377984, 3.7606348892175108, 4.847849900729187, 6.135443208929571, 6.510914508730705, 5.744525314593017, 4.327737092291999, 3.8617903127953492, 5.038702052116199, 5.337863709387867, 4.589389018159171, 6.585490319634522, 6.461444265796929, 4.747945532543524, 2.395390250042778, 1.0939231325829069, 1.0936797566015382, 1.0967183503525413, 2.585751809435701, 4.904665526822394, 7.000771186090858, 7.587154498229228, 6.45075539917613, 6.0004823206139015, 6.414351728740793], [6.298785547230514, 6.731992553471818, 5.996570744183712, 4.596974419115251, 3.8815460115783758, 2.4854658859054974, 1.4091973814906127, 2.447422123377984, 0.0, 1.3870716924514033, 2.4108855364782458, 3.691243508629578, 4.179032216913385, 3.6747574151227997, 2.4100198443166394, 2.791516467800253, 4.198767840688504, 5.10184803870127, 4.989227311919151, 7.161235442296252, 7.811286982949738, 6.65131455954385, 4.343382900459042, 3.234690280382343, 3.0845815567107318, 2.514944772753469, 1.0900693601785163, 2.6491095371841458, 4.562933570631946, 5.265707301968084, 4.587661440211123, 4.846987420037316, 6.14324234993216], [6.581485997098223, 7.263617719841815, 6.751950468568324, 5.397990930892715, 4.382460509804965, 2.9043523116178585, 2.4499951306074057, 3.7606348892175108, 1.3870716924514033, 0.0, 1.4080574526630654, 2.437700137424618, 2.7925359424723615, 2.393101548200577, 1.4062060482020406, 2.462670361619679, 3.744737040167173, 4.921769885925184, 5.18711885443162, 7.294682826552501, 8.34722124601954, 7.539722104295357, 5.3660792856609945, 4.453355495578586, 4.355200658982316, 3.8933891829612923, 2.135917107473977, 2.171846794780884, 3.4214380616927733, 3.8791021783397257, 3.3973337501635013, 4.109046951544847, 5.8534533268832], [7.9662599769276925, 8.670530332684386, 8.143991889730735, 6.777827390838453, 5.789891531799192, 4.311656892657392, 3.722001425308701, 4.847849900729187, 2.4108855364782458, 1.4080574526630654, 0.0, 1.3898785090791212, 2.390744302513341, 2.7543008423191537, 2.4558246557928354, 3.7677221606694937, 4.924906789980903, 6.1937846765931415, 6.565241529448858, 8.643314182071597, 9.753794105885156, 8.904861334125313, 6.6741109347987315, 5.593170898515439, 5.427288498873079, 4.7229588882394475, 2.611000248946752, 1.0883715771738987, 2.1534791710160563, 3.38101204375258, 3.8381222466200837, 5.074331776697302, 7.056714749796821], [8.579449999271514, 9.441813490002861, 9.076383813501938, 7.761674240136595, 6.627806364099663, 5.194275190052988, 4.886465248009035, 6.135443208929571, 3.691243508629578, 2.437700137424618, 1.3898785090791212, 0.0, 1.383058534553039, 2.4070951165253107, 2.863635397532305, 4.311761462557964, 5.185300228530648, 6.5512910552043095, 7.1758373539260205, 9.122662428260732, 10.50833149125017, 9.917040730480037, 7.79098506352053, 6.832277006240306, 6.704233622122666, 6.08456709142072, 3.998584025627072, 2.1345249822852854, 1.0860620102001546, 2.1466877066774295, 3.360854059610444, 5.037629649944505, 7.26404152314674], [7.968355879351776, 8.978948382188195, 8.811998360190497, 7.595485586846967, 6.318627821766368, 5.011592174149848, 5.096737796865757, 6.510914508730705, 4.179032216913385, 2.7925359424723615, 2.390744302513341, 1.383058534553039, 0.0, 1.399744637424984, 2.4836677112689616, 3.8365901370878803, 4.373306699741055, 5.760426385260035, 6.600584839239627, 8.373158167023957, 10.00897596660118, 9.743055961042202, 7.814969487464427, 7.113136184553197, 7.065993405742748, 6.675955393799453, 4.7790619477048, 3.3690389979933446, 2.1488688978157793, 1.0866991672031407, 2.112927774440007, 3.993886615816729, 6.326530851896638], [6.584991168558998, 7.6311661035519345, 7.5460085840131415, 6.3948976481254185, 5.058908927822284, 3.862765984369232, 4.251775382119804, 5.744525314593017, 3.6747574151227997, 2.393101548200577, 2.7543008423191537, 2.4070951165253107, 1.399744637424984, 0.0, 1.4258886176696974, 2.55558028831027, 2.9738561868389, 4.36072888746824, 5.23081787964368, 6.973642329514757, 8.646841005245788, 8.515794691630372, 6.732532529442394, 6.255005888886116, 6.27817372011957, 6.113713715083493, 4.528425663517069, 3.842615783551616, 3.396918028154345, 2.1588334743560003, 1.0856450663085058, 2.6502532124308424, 4.946435489319557], [5.716494945331449, 6.604495245664123, 6.3480522839686815, 5.11524623649732, 3.857389419024219, 2.529213945082543, 2.829040036832282, 4.327737092291999, 2.4100198443166394, 1.4062060482020406, 2.4558246557928354, 2.863635397532305, 2.4836677112689616, 1.4258886176696974, 0.0, 1.4490818955462799, 2.469868751573654, 3.766284604222044, 4.312500511304318, 6.287395382032213, 7.662055320865283, 7.266205460899107, 5.364724627602055, 4.848932228852039, 4.872846232952565, 4.755930987724696, 3.392817130350529, 3.4388493497098707, 3.9496475969382385, 3.4589748568036747, 2.1932216349470934, 2.71142818086705, 4.601672215619013], [4.271145811137803, 5.168404857400396, 4.997227493320672, 3.8567192456801935, 2.5050513507710774, 1.4379345464936852, 2.4298633727022594, 3.8617903127953492, 2.791516467800253, 2.462670361619679, 3.7677221606694937, 4.311761462557964, 3.8365901370878803, 2.55558028831027, 1.4490818955462799, 0.0, 1.4079700316412989, 2.4602061498988252, 2.865349839024896, 4.881073784527334, 6.219567774371464, 5.966835035427073, 4.2952782971537475, 4.188839655560953, 4.326366425766546, 4.582074318471929, 3.8814799007595027, 4.633853779523044, 5.397525883217236, 4.7120817140622675, 2.8383386866263867, 2.180675367861984, 3.4240067844558957], [3.6707187892836464, 4.839792886064445, 5.053875238863737, 4.21734180379063, 2.8015245885053375, 2.439681792775443, 3.7185360210706575, 5.038702052116199, 4.198767840688504, 3.744737040167173, 4.924906789980903, 5.185300228530648, 4.373306699741055, 2.9738561868389, 2.469868751573654, 1.4079700316412989, 0.0, 1.387985738399354, 2.407326527498918, 4.000980197401631, 5.7920295864230535, 6.115787014767601, 4.932300842406107, 5.1991148448558056, 5.426931939871736, 5.859224772100829, 5.288525133721121, 5.881631032290278, 6.251999345009563, 5.017786405378372, 2.707754588215114, 1.0856761257391632, 2.1318693088461123], [2.3855977489929017, 3.669765852203653, 4.161443278479235, 3.667183385106341, 2.4277851820126095, 2.8468454998471553, 4.280997973603818, 5.337863709387867, 5.10184803870127, 4.921769885925184, 6.1937846765931415, 6.5512910552043095, 5.760426385260035, 4.36072888746824, 3.766284604222044, 2.4602061498988252, 1.387985738399354, 0.0, 1.3828038544927477, 2.6145437250120716, 4.53713646918406, 5.248084930715204, 4.591880334895499, 5.301179510259958, 5.6067197299312195, 6.298180124448648, 6.167314102589554, 7.091404944720052, 7.624576755466497, 6.378639640236781, 4.016438833095806, 2.0960113692439744, 1.088181924128498], [1.4075296302387386, 2.4355084951607133, 2.7810105321627248, 2.3789751995344552, 1.419802891249345, 2.508238748604287, 3.8669620983402457, 4.589389018159171, 4.989227311919151, 5.18711885443162, 6.565241529448858, 7.1758373539260205, 6.600584839239627, 5.23081787964368, 4.312500511304318, 2.865349839024896, 2.407326527498918, 1.3828038544927477, 0.0, 2.1728070761114524, 3.4201649609339024, 3.867671100287614, 3.38602366943883, 4.422940223426042, 4.740269904762808, 5.635514381136827, 5.9659002757337465, 7.323556158725077, 8.261751492268454, 7.353100305313398, 5.1061951686162566, 3.3542444096994477, 2.1554984156802344], [1.0886456402337723, 2.1299025893218686, 3.359092420580297, 3.8346085106565964, 3.4598341318623933, 4.6805992533008, 6.018196543816096, 6.585490319634522, 7.161235442296252, 7.294682826552501, 8.643314182071597, 9.122662428260732, 8.373158167023957, 6.973642329514757, 6.287395382032213, 4.881073784527334, 4.000980197401631, 2.6145437250120716, 2.1728070761114524, 0.0, 2.45383365980663, 4.261425044512692, 4.909471211851638, 6.262524054245221, 6.633414253610278, 7.65315392305682, 8.134498910811901, 9.452547314877615, 10.203319967049941, 8.978601009622825, 6.59103602554257, 4.6023496379566815, 2.36660025564099], [2.1524575117757845, 1.0856900616658514, 2.1476422094939376, 3.399389556964603, 3.9751753734898294, 5.454772143728829, 6.455945349056171, 6.461444265796929, 7.811286982949738, 8.34722124601954, 9.753794105885156, 10.50833149125017, 10.00897596660118, 8.646841005245788, 7.662055320865283, 6.219567774371464, 5.7920295864230535, 4.53713646918406, 3.4201649609339024, 2.45383365980663, 0.0, 2.481177692145405, 4.23485725969601, 5.964766873902115, 6.284976780386702, 7.512018326654961, 8.594484672160396, 10.372259185442678, 11.588993319525214, 10.768989981423514, 8.493831803138086, 6.6321157046601655, 4.673242358363195], [3.372074385300538, 2.1435771434683657, 1.0869833117394214, 2.160465880313781, 3.4682394337761635, 4.7584905821068935, 5.250346793308038, 4.747945532543524, 6.65131455954385, 7.539722104295357, 8.904861334125313, 9.917040730480037, 9.743055961042202, 8.515794691630372, 7.266205460899107, 5.966835035427073, 6.115787014767601, 5.248084930715204, 3.867671100287614, 4.261425044512692, 2.481177692145405, 0.0, 2.3902904865308736, 4.234034714075925, 4.395862924386974, 5.696573039995187, 7.193182936642165, 9.294033695333798, 10.946866507818575, 10.665282995776531, 8.67545931579418, 7.151845849848835, 5.847258419122589], [3.8216258568834283, 3.3441005816213125, 2.093868727976995, 1.0799855415698862, 2.192383812200774, 2.890996923208325, 2.975163924895568, 2.395390250042778, 4.343382900459042, 5.3660792856609945, 6.6741109347987315, 7.79098506352053, 7.814969487464427, 6.732532529442394, 5.364724627602055, 4.2952782971537475, 4.932300842406107, 4.591880334895499, 3.38602366943883, 4.909471211851638, 4.23485725969601, 2.3902904865308736, 0.0, 2.130142795682956, 2.0933368099758813, 3.4000486481813756, 4.815842344803243, 6.970492797500045, 8.775597085668872, 8.816120505641923, 7.124389879140529, 6.015867885018753, 5.524356334452006], [5.219674945817987, 5.030067678471136, 3.9323087620378954, 2.775416354351181, 3.0853873484539998, 2.87318879644203, 2.155308750504206, 1.0939231325829069, 3.234690280382343, 4.453355495578586, 5.593170898515439, 6.832277006240306, 7.113136184553197, 6.255005888886116, 4.848932228852039, 4.188839655560953, 5.1991148448558056, 5.301179510259958, 4.422940223426042, 6.262524054245221, 5.964766873902115, 4.234034714075925, 2.130142795682956, 0.0, 1.8134891700807039, 1.7394191559253336, 3.441062080230463, 5.701468081994321, 7.7238831904683805, 8.168666945101876, 6.870182461914676, 6.1988534956070716, 6.332008722356596], [5.567845022088887, 5.3455752786767485, 4.164948980479833, 2.9603302738039217, 3.3367854141373847, 3.0258844012949337, 2.1512336042373454, 1.0936797566015382, 3.0845815567107318, 4.355200658982316, 5.427288498873079, 6.704233622122666, 7.065993405742748, 6.27817372011957, 4.872846232952565, 4.326366425766546, 5.426931939871736, 5.6067197299312195, 4.740269904762808, 6.633414253610278, 6.284976780386702, 4.395862924386974, 2.0933368099758813, 1.8134891700807039, 0.0, 1.7551235882410106, 3.18133445742506, 5.462961808396614, 7.561308842389656, 8.132985727886162, 6.947703933674779, 6.4187927221557795, 6.663834489991479], [6.619634631911341, 6.539584247488521, 5.422759600056045, 4.1583077976503855, 4.243892813208175, 3.5021646077818787, 2.170239887662191, 1.0967183503525413, 2.514944772753469, 3.8933891829612923, 4.7229588882394475, 6.08456709142072, 6.675955393799453, 6.113713715083493, 4.755930987724696, 4.582074318471929, 5.859224772100829, 6.298180124448648, 5.635514381136827, 7.65315392305682, 7.512018326654961, 5.696573039995187, 3.4000486481813756, 1.7394191559253336, 1.7551235882410106, 0.0, 2.185142420987703, 4.544092777441939, 6.830873758165935, 7.7611402267965754, 6.938119374873858, 6.748610012439598, 7.379654486491898], [7.225525405117609, 7.531904073340287, 6.662843335994026, 5.266960297932765, 4.762871928784145, 3.4625891728589457, 2.159310355182876, 2.585751809435701, 1.0900693601785163, 2.135917107473977, 2.611000248946752, 3.998584025627072, 4.7790619477048, 4.528425663517069, 3.392817130350529, 3.8814799007595027, 5.288525133721121, 6.167314102589554, 5.9659002757337465, 8.134498910811901, 8.594484672160396, 7.193182936642165, 4.815842344803243, 3.441062080230463, 3.18133445742506, 2.185142420987703, 0.0, 2.377295271942465, 4.679184217360971, 5.848641734625228, 5.513752607798069, 5.920736040392275, 7.218363871404655], [8.703205195214002, 9.287020272401692, 8.626156101648055, 7.230527356285986, 6.4007829755429135, 4.931627853964652, 4.0572608814322, 4.904665526822394, 2.6491095371841458, 2.171846794780884, 1.0883715771738987, 2.1345249822852854, 3.3690389979933446, 3.842615783551616, 3.4388493497098707, 4.633853779523044, 5.881631032290278, 7.091404944720052, 7.323556158725077, 9.452547314877615, 10.372259185442678, 9.294033695333798, 6.970492797500045, 5.701468081994321, 5.462961808396614, 4.544092777441939, 2.377295271942465, 0.0, 2.4569836487042402, 4.269975668548944, 4.926082129847208, 6.113394301858828, 8.00530173010362], [9.665407692384218, 10.52035986979533, 10.127880762528752, 8.79763718278948, 7.69430999700428, 6.248511705998477, 5.841755807118267, 7.000771186090858, 4.562933570631946, 3.4214380616927733, 2.1534791710160563, 1.0860620102001546, 2.1488688978157793, 3.396918028154345, 3.9496475969382385, 5.397525883217236, 6.251999345009563, 7.624576755466497, 8.261751492268454, 10.203319967049941, 11.588993319525214, 10.946866507818575, 8.775597085668872, 7.7238831904683805, 7.561308842389656, 6.830873758165935, 4.679184217360971, 2.4569836487042402, 0.0, 2.481987086993, 4.254083809705682, 6.04602735686831, 8.311913855424635], [8.678315950689973, 9.768529595082365, 9.702274346770452, 8.535746986643877, 7.214743967044153, 5.9769646811738815, 6.157823220099778, 7.587154498229228, 5.265707301968084, 3.8791021783397257, 3.38101204375258, 2.1466877066774295, 1.0866991672031407, 2.1588334743560003, 3.4589748568036747, 4.7120817140622675, 5.017786405378372, 6.378639640236781, 7.353100305313398, 8.978601009622825, 10.768989981423514, 10.665282995776531, 8.816120505641923, 8.168666945101876, 8.132985727886162, 7.7611402267965754, 5.848641734625228, 4.269975668548944, 2.481987086993, 0.0, 2.416952829494196, 4.433042199212635, 6.800666812894159], [6.366409807733083, 7.538448167229116, 7.6499366415676935, 6.6339600194755475, 5.232669029281329, 4.266141917470631, 4.944011732388992, 6.45075539917613, 4.587661440211123, 3.3973337501635013, 3.8381222466200837, 3.360854059610444, 2.112927774440007, 1.0856450663085058, 2.1932216349470934, 2.8383386866263867, 2.707754588215114, 4.016438833095806, 5.1061951686162566, 6.59103602554257, 8.493831803138086, 8.67545931579418, 7.124389879140529, 6.870182461914676, 6.947703933674779, 6.938119374873858, 5.513752607798069, 4.926082129847208, 4.254083809705682, 2.416952829494196, 0.0, 2.018998875680717, 4.384489087681711], [4.481231890897859, 5.744633728097902, 6.078977284050336, 5.296059070667547, 3.8846046761543187, 3.4410448326053524, 4.605182258065364, 6.0004823206139015, 4.846987420037316, 4.109046951544847, 5.074331776697302, 5.037629649944505, 3.993886615816729, 2.6502532124308424, 2.71142818086705, 2.180675367861984, 1.0856761257391632, 2.0960113692439744, 3.3542444096994477, 4.6023496379566815, 6.6321157046601655, 7.151845849848835, 6.015867885018753, 6.1988534956070716, 6.4187927221557795, 6.748610012439598, 5.920736040392275, 6.113394301858828, 6.04602735686831, 4.433042199212635, 2.018998875680717, 0.0, 2.36876738832668], [2.6124229060395256, 3.9975917012621496, 4.778240079778328, 4.533699762886819, 3.4231189885833655, 3.934027008041506, 5.365969110048995, 6.414351728740793, 6.14324234993216, 5.8534533268832, 7.056714749796821, 7.26404152314674, 6.326530851896638, 4.946435489319557, 4.601672215619013, 3.4240067844558957, 2.1318693088461123, 1.088181924128498, 2.1554984156802344, 2.36660025564099, 4.673242358363195, 5.847258419122589, 5.524356334452006, 6.332008722356596, 6.663834489991479, 7.379654486491898, 7.218363871404655, 8.00530173010362, 8.311913855424635, 6.800666812894159, 4.384489087681711, 2.36876738832668, 0.0]]}