{"total energy": -71.15678522, "HOMO-LUMO gap/eV": 2.04994197, "electronic energy": -72.01753039, "dipole": [-0.44919676, -0.2784155, 0.54873149], "partial charges": [-0.11349121, 0.04096032, -0.07133327, 0.00043025, -0.03859487, -0.03588818, -0.0340734, -0.04890418, 0.0481604, -0.07283323, -0.12441181, 0.26142442, -0.41050239, -0.01035481, -0.01286404, -0.03458459, 0.09937274, -0.12028762, -0.0967842, -0.03355985, 1.13760239, -0.45325958, -0.58191165, -0.56889613, 0.0419817, 0.06678729, 0.04452749, 0.04334424, 0.05459549, 0.0442776, 0.0362456, 0.03542838, 0.03697316, 0.03307994, 0.17250188, 0.09206401, 0.08304206, 0.07760305, 0.20601102, 0.20612157], "atomic dipole moments": [[0.05376907, 0.0722771, 0.09166656], [-0.01914447, 0.1405445, -0.06720472], [0.05428541, 0.01315183, -0.07086346], [-0.00284928, -0.08505826, 0.00696511], [-0.00059308, -0.00322674, 0.00263016], [0.00309738, -0.0117824, -0.00071908], [0.00551196, -0.01010265, -0.00270912], [-0.00083608, -0.01364691, 0.00578218], [0.0838657, -0.13745512, -0.02553968], [0.11024913, 0.03687863, 0.24689379], [-0.08266283, 0.00835642, -0.0954713], [-0.04033188, 0.01706287, 0.02596835], [0.05259937, 0.1716611, 0.08898671], [-0.03983351, -0.00863015, 0.00687513], [0.00360363, 0.02241251, 0.03667937], [0.01145094, 0.04340637, 0.05977692], [0.20919323, 0.07646032, 0.0527806], [-0.03290162, 0.13426189, 0.09043696], [0.06571793, 0.09158804, 0.10230354], [0.05391541, 0.01259667, 0.00498707], [0.04088864, -0.09918278, -0.03480349], [-0.05133681, 0.18053019, 0.03139811], [0.1544036, -0.01626141, -0.11690056], [-0.10105453, -0.13547669, 0.08100545], [-0.06297576, -0.09503691, 0.05678975], [0.08064475, -0.0552464, -0.08751155], [-0.08691469, 0.06335298, -0.07118809], [0.07748381, -0.08558471, 0.07192676], [-0.12567013, -0.05638534, 0.00031047], [0.0576066, -0.00043985, 0.11732794], [-0.10860083, -0.01885766, 0.10730384], [-0.08845238, 0.11589036, 0.04237058], [0.0173146, 0.13781812, -0.06306565], [0.10340207, 0.02187297, -0.11037589], [0.03879883, 0.13872215, 0.02526139], [-0.04997688, -0.09183505, -0.11644366], [0.09255532, -0.05829925, -0.11018273], [-0.09723036, 0.04942372, 0.11396043], [-0.05312727, -0.00228538, 0.10787558], [0.10065565, 0.06116654, -0.01541663]], "atomic quadrupole moments": [[-0.02862251, 0.12116686, -0.00518338, 0.11877212, 0.13238056, 0.03380588], [-0.06407939, 0.13255218, 0.11156081, -0.12944386, 0.0313402, -0.04748142], [-0.10271491, -0.10994751, 0.15427332, -0.15814876, 0.00297368, -0.05155842], [-0.03557832, 0.13543678, -0.04016138, 0.30935995, 0.00897471, 0.0757397], [0.08006656, 0.11006261, -0.20750226, 0.37673397, 0.12778885, 0.1274357], [0.06632898, 0.11356802, -0.20489153, 0.37633306, 0.13149326, 0.13856255], [0.06834189, 0.11748902, -0.2067568, 0.37813774, 0.1377894, 0.13841492], [0.06806219, 0.12723643, -0.19906129, 0.35167473, 0.10907312, 0.1309991], [0.06279641, -0.05000479, -0.06558711, 0.27203502, 0.1570334, 0.0027907], [0.15752625, 0.01951894, -0.01734546, 0.01017398, -0.02709469, -0.14018079], [0.1461288, 0.0063412, -0.10683136, 0.03746959, -0.0163226, -0.03929744], [-0.20806895, -0.02169044, -0.12707444, 0.00987779, -0.29581936, 0.33514339], [-0.1162973, 0.01685098, -0.0195448, 0.01229612, -0.10883993, 0.1358421], [-0.11705322, -0.02205015, 0.23045903, 0.0978566, -0.29670614, -0.11340581], [-0.22970779, -0.11927298, 0.27342123, 0.05254205, -0.41566231, -0.04371344], [-0.24151125, -0.08313626, 0.25979536, 0.09480385, -0.35352754, -0.01828411], [0.1193688, 0.02033353, 0.08426555, 0.0849505, -0.33796869, -0.20363435], [0.41726403, 0.11028531, -0.18457046, 0.00337537, -0.01903629, -0.23269358], [-0.38472711, 0.02242835, 0.25972788, 0.20621561, -0.05676011, 0.12499923], [-0.22861253, -0.08719935, 0.29120305, 0.10473846, -0.35425534, -0.06259052], [0.0131517, -0.15042559, -0.04861062, 0.27535308, 0.05904082, 0.03545891], [0.03814468, -0.13423195, -0.0194741, 0.13207131, -0.10802468, -0.01867058], [0.07376248, -0.02958156, -0.09161765, -0.11594171, 0.02124544, 0.01785518], [-0.014411, 0.10475399, 0.05880296, -0.04408613, -0.0782672, -0.04439196], [-0.02093259, 0.04672613, 0.01849003, -0.02739609, -0.0466169, 0.00244256], [0.02515327, -0.02908975, -0.02972876, -0.04393045, 0.03136822, 0.00457548], [0.00365387, -0.0513383, 0.01340785, 0.03935443, -0.02955971, -0.01706173], [0.01083655, -0.01531231, -0.0110787, 0.01652259, 0.01354797, 0.00024214], [0.03050504, 0.03640772, -0.00745618, -0.00162484, 0.01365148, -0.02304886], [-0.01572773, -0.01855721, -0.02617507, 0.02618646, 0.0024743, 0.04190281], [-0.01141994, -0.01238769, 0.0286365, -0.04321364, -0.01720983, -0.01721657], [-0.01065864, -0.01135044, 0.02807305, -0.04870057, -0.02067384, -0.01741441], [-0.0055051, -0.01779726, 0.02367699, -0.05054128, -0.01335754, -0.01817189], [-0.00377959, -0.01478713, 0.02443074, -0.04508859, -0.01435946, -0.02065116], [0.03386394, 0.00017783, 0.00900142, -0.00337861, 0.02872893, -0.04286536], [0.03576949, 0.00769461, -0.03415794, -0.01172866, 0.03833575, -0.00161155], [0.03856954, 0.01621644, -0.03316183, -0.00439693, 0.03817494, -0.00540771], [0.03325834, 0.02018135, -0.02964416, 0.00646555, 0.04320246, -0.00361418], [-0.03174527, 0.00247746, -0.05846288, -0.01697688, -0.05582727, 0.09020816], [0.11059859, 0.02475707, -0.06441797, 0.01302012, -0.01575511, -0.04618062]], "number of molecular orbitals": 122, "number of electrons": 126, "number of unpaired electrons": 0, "orbital energies/eV": [-29.08059344, -21.4166963, -19.22704028, -18.89852782, -18.7142097, -18.46952254, -18.31143671, -18.14270926, -17.91328707, -17.74943665, -17.66186416, -17.58141506, -17.15827071, -17.03130241, -17.0081747, -16.81467128, -16.60361503, -16.4523614, -16.28948786, -16.13170239, -15.73077625, -15.64608748, -15.57225149, -15.28403263, -15.23854021, -15.12371952, -15.00495468, -14.91611293, -14.65932406, -14.55994292, -14.35505399, -14.26496812, -14.22272615, -14.1555325, -14.09676586, -14.0157729, -13.98603285, -13.86537706, -13.47558987, -13.22003265, -13.17041329, -13.134094, -13.05006487, -12.99220555, -12.95026843, -12.86088563, -12.75677176, -12.59480557, -12.47539691, -12.28455269, -12.18957487, -12.17690173, -12.08980957, -12.05132063, -11.84337096, -11.78060863, -11.72952845, -11.63166484, -11.55429139, -11.44275004, -11.09273005, -10.94587131, -9.90366032, -7.85371835, -7.61863509, -6.38136432, -6.34433168, -5.87242544, -4.50200968, -4.00404503, -3.45094903, -3.08065239, -2.62847901, -1.92373864, -1.48556588, -1.13289452, -0.15282085, 0.0338461, 0.04020781, 0.37951561, 0.69219036, 0.81214463, 1.63888509, 1.72766311, 2.3938237, 2.65643741, 2.78333995, 2.91398994, 3.02578017, 3.32243465, 3.5282373, 3.74541717, 3.83583557, 4.03036395, 4.04044888, 4.20472582, 4.55873372, 4.64496255, 4.80556605, 5.08785561, 5.44773848, 6.14142403, 6.35087872, 6.72669792, 7.12041701, 7.75031803, 7.94638645, 9.37821583, 9.64957537, 9.77644249, 10.73860961, 11.33947051, 11.66216312, 12.16266053, 13.56450836, 14.63932801, 15.91506225, 16.32580188, 16.96882993, 17.50828636, 26.4603729, 31.27683401], "fractional occupation": [2.0, 2.0, 2.0, 2.0, 2.0, 2.0, 2.0, 2.0, 2.0, 2.0, 2.0, 2.0, 2.0, 2.0, 2.0, 2.0, 2.0, 2.0, 2.0, 2.0, 2.0, 2.0, 2.0, 2.0, 2.0, 2.0, 2.0, 2.0, 2.0, 2.0, 2.0, 2.0, 2.0, 2.0, 2.0, 2.0, 2.0, 2.0, 2.0, 2.0, 2.0, 2.0, 2.0, 2.0, 2.0, 2.0, 2.0, 2.0, 2.0, 2.0, 2.0, 2.0, 2.0, 2.0, 2.0, 2.0, 2.0, 2.0, 2.0, 2.0, 2.0, 2.0, 2.0, 0.0, 0.0, 0.0, 0.0, 0.0, 0.0, 0.0, 0.0, 0.0, 0.0, 0.0, 0.0, 0.0, 0.0, 0.0, 0.0, 0.0, 0.0, 0.0, 0.0, 0.0, 0.0, 0.0, 0.0, 0.0, 0.0, 0.0, 0.0, 0.0, 0.0, 0.0, 0.0, 0.0, 0.0, 0.0, 0.0, 0.0, 0.0, 0.0, 0.0, 0.0, 0.0, 0.0, 0.0, 0.0, 0.0, 0.0, 0.0, 0.0, 0.0, 0.0, 0.0, 0.0, 0.0, 0.0, 0.0, 0.0, 0.0, 0.0], "program call": "xtb /home/svss/Project-DBcg-Debug/aqme2_20220329/End-to-End-workflows-final/example-3/QDESCP/mol_344_rdkit_conf_4/mol_344_rdkit_conf_4.xyz --pop --wbo --acc 0.2 --gfn 2 --chrg 0 --uhf 0 --etemp 300 --input /home/svss/Project-DBcg-Debug/aqme2_20220329/End-to-End-workflows-final/example-3/QDESCP/mol_344_rdkit_conf_4/mol_344_rdkit_conf_4_xtb.inp", "method": "GFN2-xTB", "xtb version": "6.3.3 (7355c4f)", "Dipole module/D": 1.936, "Total charge": 0, "Transition dipole module/D": NaN, "HOMO": -9.9037, "LUMO": -7.8537, "HOMO occupancy": 2.0, "LUMO occupancy": 0, "mulliken charges": [-0.09385, 0.11195, -0.06605, -0.01377, -0.03633, -0.03528, -0.02938, -0.05854, 0.10871, -0.1688, -0.22357, 0.45931, -0.54083, -0.03826, 0.00841, -0.04546, 0.11351, -0.05444, 0.0474, -0.02073, 0.52348, -0.39212, -0.41281, -0.39719, 0.02822, 0.05386, 0.03036, 0.03922, 0.04189, 0.04039, 0.03418, 0.03259, 0.03365, 0.03573, 0.22357, 0.06805, 0.0531, 0.06386, 0.24036, 0.23562], "cm5 charges": [-0.23506, 0.10519, -0.16085, -0.01884, -0.08905, -0.09024, -0.08423, -0.10619, 0.16888, -0.34223, -0.50497, 0.55996, -0.58274, -0.03884, -0.0421, -0.09677, 0.11158, -0.05348, 0.06096, -0.06626, 0.63825, -0.81908, -0.46396, -0.44471, 0.08003, 0.1094, 0.08478, 0.11077, 0.0982, 0.09693, 0.09027, 0.08787, 0.08897, 0.09493, 0.42872, 0.12751, 0.10957, 0.12942, 0.43129, 0.42612], "FUKUI+": [0.008, 0.003, 0.006, -0.016, -0.013, -0.019, -0.012, -0.009, -0.007, -0.009, -0.033, -0.025, -0.082, -0.044, -0.037, -0.017, -0.05, -0.114, -0.026, -0.014, -0.044, 0.002, -0.023, -0.024, -0.018, -0.003, -0.012, -0.005, -0.024, -0.016, -0.031, -0.033, -0.028, -0.014, -0.021, -0.054, -0.055, -0.042, -0.024, -0.019], "FUKUI-": [0.01, 0.007, 0.008, -0.029, -0.012, -0.032, -0.021, -0.014, -0.009, -0.105, -0.03, -0.009, -0.059, -0.002, -0.007, -0.01, -0.008, -0.09, -0.006, -0.004, -0.022, -0.018, -0.017, -0.022, -0.032, -0.02, -0.02, -0.037, -0.044, -0.048, -0.044, -0.049, -0.045, -0.033, -0.033, -0.018, -0.026, -0.007, -0.02, -0.019], "FUKUIrad": [0.009, 0.005, 0.007, -0.022, -0.013, -0.026, -0.017, -0.011, -0.008, -0.057, -0.032, -0.017, -0.071, -0.023, -0.022, -0.013, -0.029, -0.102, -0.016, -0.009, -0.033, -0.008, -0.02, -0.023, -0.025, -0.012, -0.016, -0.021, -0.034, -0.032, -0.037, -0.041, -0.037, -0.024, -0.027, -0.036, -0.04, -0.024, -0.022, -0.019], "s proportion": [1.015, 1.048, 1.034, 1.084, 1.057, 1.06, 1.06, 1.058, 1.056, 1.487, 1.424, 0.992, 1.729, 1.093, 1.072, 1.068, 1.085, 1.944, 1.078, 1.074, 1.704, 1.462, 1.722, 1.721, 0.972, 0.946, 0.97, 0.961, 0.958, 0.96, 0.966, 0.967, 0.966, 0.964, 0.776, 0.932, 0.947, 0.936, 0.76, 0.764], "p proportion": [3.079, 2.84, 3.032, 2.929, 2.979, 2.975, 2.969, 3.001, 2.836, 3.681, 3.8, 2.549, 4.812, 2.945, 2.92, 2.978, 2.801, 5.121, 2.874, 2.947, 2.807, 3.93, 4.691, 4.676, 0.0, 0.0, 0.0, 0.0, 0.0, 0.0, 0.0, 0.0, 0.0, 0.0, 0.0, 0.0, 0.0, 0.0, 0.0, 0.0], "d proportion": [0.0, 0.0, 0.0, 0.0, 0.0, 0.0, 0.0, 0.0, 0.0, 0.0, 0.0, 0.0, 0.0, 0.0, 0.0, 0.0, 0.0, -0.011, 0.0, 0.0, 0.965, 0.0, 0.0, 0.0, 0.0, 0.0, 0.0, 0.0, 0.0, 0.0, 0.0, 0.0, 0.0, 0.0, 0.0, 0.0, 0.0, 0.0, 0.0, 0.0], "Fermi-level/eV": -8.8787, "Coordination numbers": [3.751, 3.861, 3.832, 3.012, 2.909, 2.916, 2.914, 2.911, 2.995, 2.813, 2.767, 2.756, 0.858, 2.965, 2.915, 2.962, 2.906, 0.968, 2.977, 2.96, 3.7, 2.632, 0.86, 0.86, 0.924, 0.924, 0.924, 0.923, 0.924, 0.924, 0.925, 0.925, 0.925, 0.925, 0.86, 0.925, 0.925, 0.925, 0.863, 0.863], "Dispersion coefficient C6": [22.734, 19.848, 21.839, 28.0, 28.959, 28.893, 28.848, 29.214, 26.909, 22.65, 23.7, 22.594, 21.892, 28.272, 28.335, 28.859, 25.798, 102.908, 30.429, 28.834, 102.792, 31.9, 25.677, 25.365, 2.423, 2.121, 2.39, 2.405, 2.263, 2.393, 2.499, 2.511, 2.489, 2.543, 1.258, 1.859, 1.948, 2.004, 1.075, 1.075], "Total dispersion C6": 24181.454605, "Total dispersion C8": 635020.791788, "Polarizability alpha": [6.8, 6.336, 6.649, 8.68, 8.824, 8.814, 8.807, 8.863, 8.509, 7.068, 7.23, 7.784, 6.273, 8.722, 8.729, 8.811, 8.328, 15.52, 9.048, 8.808, 17.064, 8.388, 6.794, 6.753, 2.434, 2.278, 2.417, 2.425, 2.353, 2.419, 2.472, 2.478, 2.467, 2.494, 1.757, 2.132, 2.183, 2.214, 1.624, 1.624], "Total polarizability alpha": 243.374179, "Wiberg matrix": [[0.0, 1.0081387525000258, 0.0, 0.0, 0.0, 0.0, 0.0, 0.0, 0.0, 0.0, 0.0, 0.0, 0.0, 0.0, 0.0, 0.0, 0.0, 0.0, 0.0, 0.0, 0.0, 0.0, 0.0, 0.0, 0.983794509770743, 0.9817967141155964, 0.9860605039049299, 0.0, 0.0, 0.0, 0.0, 0.0, 0.0, 0.0, 0.0, 0.0, 0.0, 0.0, 0.0, 0.0], [1.0081387525000258, 0.0, 0.985080499892412, 0.0, 0.0, 0.0, 0.0, 0.0, 0.0, 0.9553733792465385, 0.0, 0.0, 0.0, 0.0, 0.0, 0.0, 0.0, 0.0, 0.0, 0.0, 0.0, 0.0, 0.0, 0.0, 0.0, 0.0, 0.0, 0.9694618323789125, 0.0, 0.0, 0.0, 0.0, 0.0, 0.0, 0.0, 0.0, 0.0, 0.0, 0.0, 0.0], [0.0, 0.985080499892412, 0.0, 1.015974851448306, 0.0, 0.0, 0.0, 0.0, 0.0, 0.0, 0.0, 0.0, 0.0, 0.0, 0.0, 0.0, 0.0, 0.0, 0.0, 0.0, 0.0, 0.0, 0.0, 0.0, 0.0, 0.0, 0.0, 0.0, 0.9645416860126035, 0.9615673836433822, 0.0, 0.0, 0.0, 0.0, 0.0, 0.0, 0.0, 0.0, 0.0, 0.0], [0.0, 0.0, 1.015974851448306, 0.0, 1.4346417458569427, 0.0, 0.1063613381781795, 0.0, 1.3419963628104286, 0.0, 0.0, 0.0, 0.0, 0.0, 0.0, 0.0, 0.0, 0.0, 0.0, 0.0, 0.0, 0.0, 0.0, 0.0, 0.0, 0.0, 0.0, 0.0, 0.0, 0.0, 0.0, 0.0, 0.0, 0.0, 0.0, 0.0, 0.0, 0.0, 0.0, 0.0], [0.0, 0.0, 0.0, 1.4346417458569427, 0.0, 1.426207363333039, 0.0, 0.10223099094695853, 0.0, 0.0, 0.0, 0.0, 0.0, 0.0, 0.0, 0.0, 0.0, 0.0, 0.0, 0.0, 0.0, 0.0, 0.0, 0.0, 0.0, 0.0, 0.0, 0.0, 0.0, 0.0, 0.9693366208781488, 0.0, 0.0, 0.0, 0.0, 0.0, 0.0, 0.0, 0.0, 0.0], [0.0, 0.0, 0.0, 0.0, 1.426207363333039, 0.0, 1.4390656004159963, 0.0, 0.0, 0.0, 0.0, 0.0, 0.0, 0.0, 0.0, 0.0, 0.0, 0.0, 0.0, 0.0, 0.0, 0.0, 0.0, 0.0, 0.0, 0.0, 0.0, 0.0, 0.0, 0.0, 0.0, 0.9715534896534336, 0.0, 0.0, 0.0, 0.0, 0.0, 0.0, 0.0, 0.0], [0.0, 0.0, 0.0, 0.1063613381781795, 0.0, 1.4390656004159963, 0.0, 1.4342174980017817, 0.0, 0.0, 0.0, 0.0, 0.0, 0.0, 0.0, 0.0, 0.0, 0.0, 0.0, 0.0, 0.0, 0.0, 0.0, 0.0, 0.0, 0.0, 0.0, 0.0, 0.0, 0.0, 0.0, 0.0, 0.9715874164951749, 0.0, 0.0, 0.0, 0.0, 0.0, 0.0, 0.0], [0.0, 0.0, 0.0, 0.0, 0.10223099094695853, 0.0, 1.4342174980017817, 0.0, 1.397220848864485, 0.0, 0.0, 0.0, 0.0, 0.0, 0.0, 0.0, 0.0, 0.0, 0.0, 0.0, 0.0, 0.0, 0.0, 0.0, 0.0, 0.0, 0.0, 0.0, 0.0, 0.0, 0.0, 0.0, 0.0, 0.9685284825260452, 0.0, 0.0, 0.0, 0.0, 0.0, 0.0], [0.0, 0.0, 0.0, 1.3419963628104286, 0.0, 0.0, 0.0, 1.397220848864485, 0.0, 1.04813702108044, 0.0, 0.0, 0.0, 0.0, 0.0, 0.0, 0.0, 0.0, 0.0, 0.0, 0.0, 0.0, 0.0, 0.0, 0.0, 0.0, 0.0, 0.0, 0.0, 0.0, 0.0, 0.0, 0.0, 0.0, 0.0, 0.0, 0.0, 0.0, 0.0, 0.0], [0.0, 0.9553733792465385, 0.0, 0.0, 0.0, 0.0, 0.0, 0.0, 1.04813702108044, 0.0, 0.9843724099025387, 0.0, 0.0, 0.0, 0.0, 0.0, 0.0, 0.0, 0.0, 0.0, 0.0, 0.0, 0.0, 0.0, 0.0, 0.0, 0.0, 0.0, 0.0, 0.0, 0.0, 0.0, 0.0, 0.0, 0.0, 0.0, 0.0, 0.0, 0.0, 0.0], [0.0, 0.0, 0.0, 0.0, 0.0, 0.0, 0.0, 0.0, 0.0, 0.9843724099025387, 0.0, 1.198617340412275, 0.19691959851872698, 0.0, 0.0, 0.0, 0.0, 0.0, 0.0, 0.0, 0.0, 0.0, 0.0, 0.0, 0.0, 0.0, 0.0, 0.0, 0.0, 0.0, 0.0, 0.0, 0.0, 0.0, 0.9319419919373648, 0.0, 0.0, 0.0, 0.0, 0.0], [0.0, 0.0, 0.0, 0.0, 0.0, 0.0, 0.0, 0.0, 0.0, 0.0, 1.198617340412275, 0.0, 1.6768099619534242, 0.9915900687656832, 0.0, 0.0, 0.0, 0.0, 0.0, 0.0, 0.0, 0.0, 0.0, 0.0, 0.0, 0.0, 0.0, 0.0, 0.0, 0.0, 0.0, 0.0, 0.0, 0.0, 0.0, 0.0, 0.0, 0.0, 0.0, 0.0], [0.0, 0.0, 0.0, 0.0, 0.0, 0.0, 0.0, 0.0, 0.0, 0.0, 0.19691959851872698, 1.6768099619534242, 0.0, 0.0, 0.0, 0.0, 0.0, 0.0, 0.0, 0.0, 0.0, 0.0, 0.0, 0.0, 0.0, 0.0, 0.0, 0.0, 0.0, 0.0, 0.0, 0.0, 0.0, 0.0, 0.0, 0.0, 0.0, 0.0, 0.0, 0.0], [0.0, 0.0, 0.0, 0.0, 0.0, 0.0, 0.0, 0.0, 0.0, 0.0, 0.0, 0.9915900687656832, 0.0, 0.0, 1.3805509050817395, 0.0, 0.0, 0.0, 0.0, 1.399798525091388, 0.0, 0.0, 0.0, 0.0, 0.0, 0.0, 0.0, 0.0, 0.0, 0.0, 0.0, 0.0, 0.0, 0.0, 0.0, 0.0, 0.0, 0.0, 0.0, 0.0], [0.0, 0.0, 0.0, 0.0, 0.0, 0.0, 0.0, 0.0, 0.0, 0.0, 0.0, 0.0, 0.0, 1.3805509050817395, 0.0, 1.4539605267789728, 0.0, 0.0, 0.0, 0.0, 0.0, 0.0, 0.0, 0.0, 0.0, 0.0, 0.0, 0.0, 0.0, 0.0, 0.0, 0.0, 0.0, 0.0, 0.0, 0.9606564555904082, 0.0, 0.0, 0.0, 0.0], [0.0, 0.0, 0.0, 0.0, 0.0, 0.0, 0.0, 0.0, 0.0, 0.0, 0.0, 0.0, 0.0, 0.0, 1.4539605267789728, 0.0, 1.3862263330232563, 0.0, 0.0, 0.10575800318594501, 0.0, 0.0, 0.0, 0.0, 0.0, 0.0, 0.0, 0.0, 0.0, 0.0, 0.0, 0.0, 0.0, 0.0, 0.0, 0.0, 0.9631817970247646, 0.0, 0.0, 0.0], [0.0, 0.0, 0.0, 0.0, 0.0, 0.0, 0.0, 0.0, 0.0, 0.0, 0.0, 0.0, 0.0, 0.0, 0.0, 1.3862263330232563, 0.0, 1.0079734268149874, 1.3820437491425999, 0.0, 0.0, 0.0, 0.0, 0.0, 0.0, 0.0, 0.0, 0.0, 0.0, 0.0, 0.0, 0.0, 0.0, 0.0, 0.0, 0.0, 0.0, 0.0, 0.0, 0.0], [0.0, 0.0, 0.0, 0.0, 0.0, 0.0, 0.0, 0.0, 0.0, 0.0, 0.0, 0.0, 0.0, 0.0, 0.0, 0.0, 1.0079734268149874, 0.0, 0.0, 0.0, 0.0, 0.0, 0.0, 0.0, 0.0, 0.0, 0.0, 0.0, 0.0, 0.0, 0.0, 0.0, 0.0, 0.0, 0.0, 0.0, 0.0, 0.0, 0.0, 0.0], [0.0, 0.0, 0.0, 0.0, 0.0, 0.0, 0.0, 0.0, 0.0, 0.0, 0.0, 0.0, 0.0, 0.0, 0.0, 0.0, 1.3820437491425999, 0.0, 0.0, 1.4121654781583441, 0.7658712747070304, 0.0, 0.0, 0.0, 0.0, 0.0, 0.0, 0.0, 0.0, 0.0, 0.0, 0.0, 0.0, 0.0, 0.0, 0.0, 0.0, 0.0, 0.0, 0.0], [0.0, 0.0, 0.0, 0.0, 0.0, 0.0, 0.0, 0.0, 0.0, 0.0, 0.0, 0.0, 0.0, 1.399798525091388, 0.0, 0.10575800318594501, 0.0, 0.0, 1.4121654781583441, 0.0, 0.0, 0.0, 0.0, 0.0, 0.0, 0.0, 0.0, 0.0, 0.0, 0.0, 0.0, 0.0, 0.0, 0.0, 0.0, 0.0, 0.0, 0.9576439536827538, 0.0, 0.0], [0.0, 0.0, 0.0, 0.0, 0.0, 0.0, 0.0, 0.0, 0.0, 0.0, 0.0, 0.0, 0.0, 0.0, 0.0, 0.0, 0.0, 0.0, 0.7658712747070304, 0.0, 0.0, 0.9509156247865496, 1.6007750564047631, 1.6092074225959647, 0.0, 0.0, 0.0, 0.0, 0.0, 0.0, 0.0, 0.0, 0.0, 0.0, 0.0, 0.0, 0.0, 0.0, 0.0, 0.0], [0.0, 0.0, 0.0, 0.0, 0.0, 0.0, 0.0, 0.0, 0.0, 0.0, 0.0, 0.0, 0.0, 0.0, 0.0, 0.0, 0.0, 0.0, 0.0, 0.0, 0.9509156247865496, 0.0, 0.0, 0.0, 0.0, 0.0, 0.0, 0.0, 0.0, 0.0, 0.0, 0.0, 0.0, 0.0, 0.0, 0.0, 0.0, 0.0, 0.9394421545513615, 0.9393412427833318], [0.0, 0.0, 0.0, 0.0, 0.0, 0.0, 0.0, 0.0, 0.0, 0.0, 0.0, 0.0, 0.0, 0.0, 0.0, 0.0, 0.0, 0.0, 0.0, 0.0, 1.6007750564047631, 0.0, 0.0, 0.11412238979384065, 0.0, 0.0, 0.0, 0.0, 0.0, 0.0, 0.0, 0.0, 0.0, 0.0, 0.0, 0.0, 0.0, 0.0, 0.0, 0.0], [0.0, 0.0, 0.0, 0.0, 0.0, 0.0, 0.0, 0.0, 0.0, 0.0, 0.0, 0.0, 0.0, 0.0, 0.0, 0.0, 0.0, 0.0, 0.0, 0.0, 1.6092074225959647, 0.0, 0.11412238979384065, 0.0, 0.0, 0.0, 0.0, 0.0, 0.0, 0.0, 0.0, 0.0, 0.0, 0.0, 0.0, 0.0, 0.0, 0.0, 0.0, 0.0], [0.983794509770743, 0.0, 0.0, 0.0, 0.0, 0.0, 0.0, 0.0, 0.0, 0.0, 0.0, 0.0, 0.0, 0.0, 0.0, 0.0, 0.0, 0.0, 0.0, 0.0, 0.0, 0.0, 0.0, 0.0, 0.0, 0.0, 0.0, 0.0, 0.0, 0.0, 0.0, 0.0, 0.0, 0.0, 0.0, 0.0, 0.0, 0.0, 0.0, 0.0], [0.9817967141155964, 0.0, 0.0, 0.0, 0.0, 0.0, 0.0, 0.0, 0.0, 0.0, 0.0, 0.0, 0.0, 0.0, 0.0, 0.0, 0.0, 0.0, 0.0, 0.0, 0.0, 0.0, 0.0, 0.0, 0.0, 0.0, 0.0, 0.0, 0.0, 0.0, 0.0, 0.0, 0.0, 0.0, 0.0, 0.0, 0.0, 0.0, 0.0, 0.0], [0.9860605039049299, 0.0, 0.0, 0.0, 0.0, 0.0, 0.0, 0.0, 0.0, 0.0, 0.0, 0.0, 0.0, 0.0, 0.0, 0.0, 0.0, 0.0, 0.0, 0.0, 0.0, 0.0, 0.0, 0.0, 0.0, 0.0, 0.0, 0.0, 0.0, 0.0, 0.0, 0.0, 0.0, 0.0, 0.0, 0.0, 0.0, 0.0, 0.0, 0.0], [0.0, 0.9694618323789125, 0.0, 0.0, 0.0, 0.0, 0.0, 0.0, 0.0, 0.0, 0.0, 0.0, 0.0, 0.0, 0.0, 0.0, 0.0, 0.0, 0.0, 0.0, 0.0, 0.0, 0.0, 0.0, 0.0, 0.0, 0.0, 0.0, 0.0, 0.0, 0.0, 0.0, 0.0, 0.0, 0.0, 0.0, 0.0, 0.0, 0.0, 0.0], [0.0, 0.0, 0.9645416860126035, 0.0, 0.0, 0.0, 0.0, 0.0, 0.0, 0.0, 0.0, 0.0, 0.0, 0.0, 0.0, 0.0, 0.0, 0.0, 0.0, 0.0, 0.0, 0.0, 0.0, 0.0, 0.0, 0.0, 0.0, 0.0, 0.0, 0.0, 0.0, 0.0, 0.0, 0.0, 0.0, 0.0, 0.0, 0.0, 0.0, 0.0], [0.0, 0.0, 0.9615673836433822, 0.0, 0.0, 0.0, 0.0, 0.0, 0.0, 0.0, 0.0, 0.0, 0.0, 0.0, 0.0, 0.0, 0.0, 0.0, 0.0, 0.0, 0.0, 0.0, 0.0, 0.0, 0.0, 0.0, 0.0, 0.0, 0.0, 0.0, 0.0, 0.0, 0.0, 0.0, 0.0, 0.0, 0.0, 0.0, 0.0, 0.0], [0.0, 0.0, 0.0, 0.0, 0.9693366208781488, 0.0, 0.0, 0.0, 0.0, 0.0, 0.0, 0.0, 0.0, 0.0, 0.0, 0.0, 0.0, 0.0, 0.0, 0.0, 0.0, 0.0, 0.0, 0.0, 0.0, 0.0, 0.0, 0.0, 0.0, 0.0, 0.0, 0.0, 0.0, 0.0, 0.0, 0.0, 0.0, 0.0, 0.0, 0.0], [0.0, 0.0, 0.0, 0.0, 0.0, 0.9715534896534336, 0.0, 0.0, 0.0, 0.0, 0.0, 0.0, 0.0, 0.0, 0.0, 0.0, 0.0, 0.0, 0.0, 0.0, 0.0, 0.0, 0.0, 0.0, 0.0, 0.0, 0.0, 0.0, 0.0, 0.0, 0.0, 0.0, 0.0, 0.0, 0.0, 0.0, 0.0, 0.0, 0.0, 0.0], [0.0, 0.0, 0.0, 0.0, 0.0, 0.0, 0.9715874164951749, 0.0, 0.0, 0.0, 0.0, 0.0, 0.0, 0.0, 0.0, 0.0, 0.0, 0.0, 0.0, 0.0, 0.0, 0.0, 0.0, 0.0, 0.0, 0.0, 0.0, 0.0, 0.0, 0.0, 0.0, 0.0, 0.0, 0.0, 0.0, 0.0, 0.0, 0.0, 0.0, 0.0], [0.0, 0.0, 0.0, 0.0, 0.0, 0.0, 0.0, 0.9685284825260452, 0.0, 0.0, 0.0, 0.0, 0.0, 0.0, 0.0, 0.0, 0.0, 0.0, 0.0, 0.0, 0.0, 0.0, 0.0, 0.0, 0.0, 0.0, 0.0, 0.0, 0.0, 0.0, 0.0, 0.0, 0.0, 0.0, 0.0, 0.0, 0.0, 0.0, 0.0, 0.0], [0.0, 0.0, 0.0, 0.0, 0.0, 0.0, 0.0, 0.0, 0.0, 0.0, 0.9319419919373648, 0.0, 0.0, 0.0, 0.0, 0.0, 0.0, 0.0, 0.0, 0.0, 0.0, 0.0, 0.0, 0.0, 0.0, 0.0, 0.0, 0.0, 0.0, 0.0, 0.0, 0.0, 0.0, 0.0, 0.0, 0.0, 0.0, 0.0, 0.0, 0.0], [0.0, 0.0, 0.0, 0.0, 0.0, 0.0, 0.0, 0.0, 0.0, 0.0, 0.0, 0.0, 0.0, 0.0, 0.9606564555904082, 0.0, 0.0, 0.0, 0.0, 0.0, 0.0, 0.0, 0.0, 0.0, 0.0, 0.0, 0.0, 0.0, 0.0, 0.0, 0.0, 0.0, 0.0, 0.0, 0.0, 0.0, 0.0, 0.0, 0.0, 0.0], [0.0, 0.0, 0.0, 0.0, 0.0, 0.0, 0.0, 0.0, 0.0, 0.0, 0.0, 0.0, 0.0, 0.0, 0.0, 0.9631817970247646, 0.0, 0.0, 0.0, 0.0, 0.0, 0.0, 0.0, 0.0, 0.0, 0.0, 0.0, 0.0, 0.0, 0.0, 0.0, 0.0, 0.0, 0.0, 0.0, 0.0, 0.0, 0.0, 0.0, 0.0], [0.0, 0.0, 0.0, 0.0, 0.0, 0.0, 0.0, 0.0, 0.0, 0.0, 0.0, 0.0, 0.0, 0.0, 0.0, 0.0, 0.0, 0.0, 0.0, 0.9576439536827538, 0.0, 0.0, 0.0, 0.0, 0.0, 0.0, 0.0, 0.0, 0.0, 0.0, 0.0, 0.0, 0.0, 0.0, 0.0, 0.0, 0.0, 0.0, 0.0, 0.0], [0.0, 0.0, 0.0, 0.0, 0.0, 0.0, 0.0, 0.0, 0.0, 0.0, 0.0, 0.0, 0.0, 0.0, 0.0, 0.0, 0.0, 0.0, 0.0, 0.0, 0.0, 0.9394421545513615, 0.0, 0.0, 0.0, 0.0, 0.0, 0.0, 0.0, 0.0, 0.0, 0.0, 0.0, 0.0, 0.0, 0.0, 0.0, 0.0, 0.0, 0.0], [0.0, 0.0, 0.0, 0.0, 0.0, 0.0, 0.0, 0.0, 0.0, 0.0, 0.0, 0.0, 0.0, 0.0, 0.0, 0.0, 0.0, 0.0, 0.0, 0.0, 0.0, 0.9393412427833318, 0.0, 0.0, 0.0, 0.0, 0.0, 0.0, 0.0, 0.0, 0.0, 0.0, 0.0, 0.0, 0.0, 0.0, 0.0, 0.0, 0.0, 0.0]], "Born radii": [], "Atomic SASAs": [], "Solvent H bonds": [], "Total SASA": NaN, "Total FOD": 0.0, "FOD": [0.0, 0.0, 0.0, 0.0, 0.0, 0.0, 0.0, 0.0, 0.0, 0.0, 0.0, 0.0, 0.0, 0.0, 0.0, 0.0, 0.0, 0.0, 0.0, 0.0, 0.0, 0.0, 0.0, 0.0, 0.0, 0.0, 0.0, 0.0, 0.0, 0.0, 0.0, 0.0, 0.0, 0.0, 0.0, 0.0, 0.0, 0.0, 0.0, 0.0], "FOD s proportion": [0.0, 0.0, 0.0, 0.0, 0.0, 0.0, 0.0, 0.0, 0.0, 0.0, 0.0, 0.0, 0.0, 0.0, 0.0, 0.0, 0.0, 0.0, 0.0, 0.0, 0.0, 0.0, 0.0, 0.0, 0.0, 0.0, 0.0, 0.0, 0.0, 0.0, 0.0, 0.0, 0.0, 0.0, 0.0, 0.0, 0.0, 0.0, 0.0, 0.0], "FOD p proportion": [0.0, 0.0, 0.0, 0.0, 0.0, 0.0, 0.0, 0.0, 0.0, 0.0, 0.0, 0.0, 0.0, 0.0, 0.0, 0.0, 0.0, 0.0, 0.0, 0.0, 0.0, 0.0, 0.0, 0.0, 0.0, 0.0, 0.0, 0.0, 0.0, 0.0, 0.0, 0.0, 0.0, 0.0, 0.0, 0.0, 0.0, 0.0, 0.0, 0.0], "FOD d proportion": [0.0, 0.0, 0.0, 0.0, 0.0, 0.0, 0.0, 0.0, 0.0, 0.0, 0.0, 0.0, 0.0, 0.0, 0.0, 0.0, 0.0, 0.0, 0.0, 0.0, 0.0, 0.0, 0.0, 0.0, 0.0, 0.0, 0.0, 0.0, 0.0, 0.0, 0.0, 0.0, 0.0, 0.0, 0.0, 0.0, 0.0, 0.0, 0.0, 0.0], "coordinates": [["-3.23510", "-2.44700", "-1.04770"], ["-2.48530", "-1.57140", "-0.03990"], ["-3.45990", "-0.90810", "0.96200"], ["-3.50860", "0.49220", "0.46030"], ["-4.32650", "1.53090", "0.87420"], ["-4.14040", "2.78780", "0.29580"], ["-3.14470", "2.98730", "-0.67240"], ["-2.32220", "1.93050", "-1.07210"], ["-2.51260", "0.68300", "-0.49560"], ["-1.77110", "-0.49510", "-0.79040"], ["-0.40420", "-0.34400", "-0.45290"], ["0.49860", "-1.24530", "-0.99750"], ["0.20440", "-2.29650", "-1.55820"], ["1.93640", "-0.87120", "-0.87580"], ["2.83270", "-1.36360", "-1.83090"], ["4.19140", "-1.04480", "-1.75500"], ["4.67640", "-0.23750", "-0.71990"], ["6.37240", "0.08300", "-0.71820"], ["3.78620", "0.24130", "0.24470"], ["2.41700", "-0.07510", "0.17020"], ["4.32810", "1.26850", "1.57400"], ["5.38930", "0.28390", "2.41830"], ["3.21630", "1.47300", "2.47600"], ["5.08460", "2.37620", "1.04490"], ["-3.76730", "-3.25590", "-0.53650"], ["-2.53990", "-2.89860", "-1.76320"], ["-3.96650", "-1.86670", "-1.62130"], ["-1.78370", "-2.21510", "0.50690"], ["-4.44570", "-1.38220", "0.97510"], ["-3.03490", "-0.91990", "1.97180"], ["-5.08880", "1.37820", "1.63140"], ["-4.77150", "3.62050", "0.59770"], ["-3.01700", "3.97010", "-1.11950"], ["-1.56670", "2.07790", "-1.83640"], ["-0.11960", "0.60430", "-0.23090"], ["2.47390", "-1.99770", "-2.64130"], ["4.86860", "-1.43660", "-2.51210"], ["1.73980", "0.28040", "0.94390"], ["5.05800", "0.14390", "3.37340"], ["6.33770", "0.65950", "2.36120"]], "bond_dist": [[0.0, 1.5311878526163927, 2.5411891586420716, 3.3147794632524197, 4.550663905409847, 5.4797528575657495, 5.447994010642817, 4.471743286459991, 3.2594049548959085, 2.453449184311752, 3.576365592329733, 3.9226417909363076, 3.480433988743358, 5.40898396189155, 6.213320741761204, 7.590740436874389, 8.220777052079688, 9.940499308384867, 7.628624275713151, 6.249433928765068, 8.824978491758493, 9.687685284421663, 8.330871722094873, 9.841729578178828, 1.0949344683587232, 1.0950734450254924, 1.0957695971325356, 2.139420652887132, 2.586710505642253, 3.389615715682236, 5.024533365398224, 6.471663029701098, 6.42120668254807, 4.88675007136645, 4.436657996735831, 5.944250369054116, 8.296705925245272, 6.012887104378395, 9.74855864371754, 10.6258854360472], [1.5311878526163927, 0.0, 1.5471314294525853, 2.357071889018237, 3.721540210719212, 4.6748984095913775, 4.649366655793023, 3.6544961431091973, 2.3001580684813816, 1.4939054789376733, 2.451133813156679, 3.150713915924453, 3.1726157961530737, 4.554167293809044, 5.615334882266596, 6.913551797737542, 7.31653169883108, 9.036369820895999, 6.5344158652476345, 5.129873389275802, 7.555933084669292, 8.45542491481061, 6.935875339854372, 8.606028283128055, 2.174321919587806, 2.1758225777852385, 2.1867742201699745, 1.0979902048743424, 2.215669154002917, 2.184822487068457, 4.274528757652708, 5.70868371956268, 5.670666918449717, 4.169967469897098, 3.2197341474103105, 5.616286877466286, 7.759496703395136, 4.716831106791932, 8.455427006958312, 9.412094613846591], [2.5411891586420716, 1.5471314294525853, 0.0, 1.4882589391634777, 2.5898697650654174, 3.816618857051356, 4.236125064253887, 3.67281554941165, 2.3566022702187146, 2.4685056613263012, 3.414301291626151, 4.429793035797497, 4.6589867020630145, 5.70078276555071, 6.899607627974217, 8.120539857669563, 8.3353386049998, 10.023945058708174, 7.371675851527929, 5.988220925283235, 8.109566915686681, 9.047099774513377, 7.247998320226074, 9.154342092690221, 2.802170917342481, 3.497885831470204, 2.8016060411842347, 2.1737091456770385, 1.093957979083292, 1.095655182984136, 2.885927798819645, 4.728765907718419, 5.322183565041701, 4.50904034135868, 3.8559004473663476, 7.027160272115615, 9.039501939266344, 5.333829763875109, 8.914941074959499, 10.020384032560829], [3.3147794632524197, 2.357071889018237, 1.4882589391634777, 0.0, 1.3853415860357332, 2.3866316955072895, 2.7642280133881862, 2.413400424711987, 1.393615962164613, 2.3575237071978723, 3.342224414966775, 4.604534605147409, 5.063354514548631, 5.769926149440736, 6.993259381003968, 8.158426508218358, 8.30178047951161, 9.9594411434578, 7.302296981772243, 5.9597586075276565, 7.9534166412932255, 9.11316505392062, 7.088673722213486, 8.816705699976607, 3.8870026421395703, 4.168915516054505, 3.1791728767086576, 3.2104399791928833, 2.1579042634000243, 2.1220391961507215, 2.1571980089922205, 3.376396904986142, 3.851392866223855, 3.4000369100937715, 3.4605844665316288, 7.183998247494218, 9.095763356640278, 5.27488680068113, 9.055059362588409, 10.029508152945487], [4.550663905409847, 3.721540210719212, 2.5898697650654174, 1.3853415860357332, 0.0, 1.396057799663037, 2.4309923405885097, 2.822230029604249, 2.4260089983345074, 3.661371098372849, 4.545424260726385, 5.8730007100289034, 6.410508195923315, 6.932279626500939, 8.182288243517213, 9.27909174111346, 9.312389692232601, 10.913231115485459, 8.23864307395338, 6.9677574764051595, 8.686810401982997, 9.91645216042512, 7.711222178747024, 9.45052769902295, 5.021576781251084, 5.456032310204917, 4.230934413341809, 4.542384520271264, 2.9172831641786163, 2.9798283440493685, 1.0852513165161328, 2.154276075622621, 3.411645728970111, 3.9067963089979494, 4.447228482999272, 8.429424557465355, 10.238307865560598, 6.194239584484927, 9.810127924242375, 10.80257694256329], [5.4797528575657495, 4.6748984095913775, 3.816618857051356, 2.3866316955072895, 1.396057799663037, 0.0, 1.40307875046271, 2.4314532567993155, 2.776009697389402, 4.191759217798656, 4.932333460949289, 6.28162729712612, 6.940079936859517, 7.189466308426516, 8.38934434029263, 9.397525985066494, 9.376569139082802, 10.902435639800858, 8.325758885531096, 7.1562187312853975, 8.698135431228923, 10.07917176904928, 7.784793251589923, 9.264512419442267, 6.1121384629276845, 6.2558953164195445, 5.036852575765941, 5.53422140052239, 4.235983543405238, 4.2164138245670335, 2.1610789157270496, 1.0875753353216504, 2.1593829998404637, 3.416747947976262, 4.605639779661453, 8.676204881744091, 10.338855776632151, 6.425250221586704, 10.053476589220267, 10.889725325277952], [5.447994010642817, 4.649366655793023, 4.236125064253887, 2.7642280133881862, 2.4309923405885097, 1.40307875046271, 0.0, 1.3975308869574221, 2.395956414461665, 3.74537190676707, 4.319268478573658, 5.594124387247748, 6.318200288848082, 6.383335414969198, 7.483432622800849, 8.440865854875316, 8.459976152448657, 9.950489864323263, 7.51125576851168, 6.404746318941915, 7.9902018898147995, 9.470478026477862, 7.257261746003103, 8.428756787925488, 6.275639075823274, 6.016597584183272, 5.013689504745981, 5.50527340374663, 4.847616682453348, 4.719116603772362, 3.417048735385552, 2.1588363740682155, 1.0872449310068086, 2.161478281177028, 3.8761890124192857, 7.765015014151614, 9.336399958763549, 5.813611059401893, 9.577980397244504, 10.224347977255078], [4.471743286459991, 3.6544961431091973, 3.67281554941165, 2.413400424711987, 2.822230029604249, 2.4314532567993155, 1.3975308869574221, 0.0, 1.3873934769920175, 2.503318090055677, 3.0389937298388756, 4.248315364941732, 4.948487624517212, 5.101345953765535, 6.164403155213001, 7.193451706934579, 7.335166719305022, 8.895761385064237, 6.473013937880869, 5.293935897798537, 7.1879468069818095, 8.623306556652153, 6.593428706674548, 7.71628302552466, 5.410538451023151, 4.883156695212637, 4.174215012430481, 4.468693613350551, 4.435567762981421, 4.230608544878621, 3.9074317780352867, 3.412243035013772, 2.155217381147433, 1.0847402914983844, 2.705156306020042, 6.394976082050659, 8.069607614376302, 4.825653324680504, 8.79896368045692, 9.401960322188135], [3.2594049548959085, 2.3001580684813816, 2.3566022702187146, 1.393615962164613, 2.4260089983345074, 2.776009697389402, 2.395956414461665, 1.3873934769920175, 0.0, 1.4229015777628473, 2.34561353381157, 3.610757529937451, 4.169967387162639, 4.727968980439698, 5.877399913226936, 7.036689363614113, 7.251162095829882, 8.908017498860227, 6.3575171584510874, 5.0317950484891565, 7.170859843840208, 8.431495574926196, 6.5019075485583455, 7.934577136180604, 4.134111526071836, 3.7993964797056914, 3.1435641857611243, 3.152028722902125, 3.1882417003734207, 2.988335399515925, 3.412365525555549, 3.863526931444894, 3.383592318823294, 2.1536521213975113, 2.4088812299488738, 6.054367285687249, 7.939841928527293, 4.50745524326088, 8.519024249877447, 9.299982181703362], [2.453449184311752, 1.4939054789376733, 2.4685056613263012, 2.3575237071978723, 3.661371098372849, 4.191759217798656, 3.74537190676707, 2.503318090055677, 1.4229015777628473, 0.0, 1.416034275715104, 2.3994225430298846, 2.7815749225933137, 3.7275059517055094, 4.799156898872967, 6.064983882913457, 6.453029076333068, 8.164312873720604, 5.7006403377164565, 4.317329495185652, 6.7750212516271855, 7.885044378442014, 6.2782915932600645, 7.655933141688216, 3.41632789556272, 2.7044787908208856, 2.7187244306843605, 2.1544247608120366, 3.3252701875186026, 3.067147586928285, 4.514587624578795, 5.278956822138253, 4.647427746614249, 2.7849998850987405, 2.0613521921302045, 4.868640731251383, 6.9236037747693215, 3.991943831017666, 8.023849341182823, 8.776008270278693], [3.576365592329733, 2.451133813156679, 3.414301291626151, 3.342224414966775, 4.545424260726385, 4.932333460949289, 4.319268478573658, 3.0389937298388756, 2.34561353381157, 1.416034275715104, 0.0, 1.3870755891442976, 2.3247232738543313, 2.436225073756528, 3.66278442854613, 4.82764170273644, 5.088725538875132, 6.795220426888299, 4.2882017221674635, 2.901677146065702, 5.394732908124368, 6.496359757587322, 4.9987963011108985, 6.306331605616691, 4.449336150483576, 3.578279159037204, 4.046449695720929, 2.515005268384144, 4.410302199396318, 3.62372921035775, 5.408859074703278, 5.9911876869281935, 5.087488399003972, 3.0217673818479143, 1.014669428927471, 3.9758367496666662, 5.765110514118528, 2.6339441148209657, 6.6868712369837064, 7.374238039960468], [3.9226417909363076, 3.150713915924453, 4.429793035797497, 4.604534605147409, 5.8730007100289034, 6.28162729712612, 5.594124387247748, 4.248315364941732, 3.610757529937451, 2.3994225430298846, 1.3870755891442976, 0.0, 1.227175443854708, 1.4906476914415425, 2.481244296718886, 3.77502030987914, 4.306592091201581, 6.0285915287071825, 3.815934244716489, 2.5324197697064363, 5.25327259334598, 6.158334902390418, 5.180757708096374, 6.190157995560372, 4.738452930018404, 3.542905535009366, 4.551085849552829, 2.9004524974562162, 5.325034728525251, 4.626905002266634, 6.709165836376382, 7.348103611817133, 6.290844499747232, 4.001609118842069, 2.095439562478479, 2.677684501579676, 4.628985725836709, 2.763579542911693, 6.467052791650924, 7.000301246375044], [3.480433988743358, 3.1726157961530737, 4.6589867020630145, 5.063354514548631, 6.410508195923315, 6.940079936859517, 6.318200288848082, 4.948487624517212, 4.169967387162639, 2.7815749225933137, 2.3247232738543313, 1.227175443854708, 0.0, 2.344562613793882, 2.8022541979627755, 4.183497595314236, 4.994097705291718, 6.664221203561598, 4.74554195956584, 3.580165258755523, 6.286875498210539, 7.025254758369977, 6.289311687299334, 7.240621999524627, 4.2117360007483855, 2.817043112911125, 4.193461155179573, 2.8677178347947696, 5.373730863189931, 4.984876332468038, 7.189918948778212, 8.026105819137946, 7.059755747191258, 4.727532740235651, 3.2064531697812146, 2.532393591051754, 4.837779951589366, 3.9061965106737784, 7.337142746328437, 7.856016881982879], [5.40898396189155, 4.554167293809044, 5.70078276555071, 5.769926149440736, 6.932279626500939, 7.189466308426516, 6.383335414969198, 5.101345953765535, 4.727968980439698, 3.7275059517055094, 2.436225073756528, 1.4906476914415425, 2.344562613793882, 0.0, 1.399295344092876, 2.4265519982065085, 2.8166434811669014, 4.540201691555123, 2.4320642549077522, 1.3995955022791406, 4.037333899988951, 4.909976499943763, 4.285788246052294, 4.913843555710743, 6.191454778159976, 4.993504902370678, 6.032496905096595, 4.190115811048663, 6.664694458112841, 5.729312449151294, 7.790974729775473, 8.206247226960688, 6.930638277965459, 4.678851651847919, 2.6115382938030987, 2.1621514169918816, 3.4051360751077184, 2.1624389494272434, 5.369405480125337, 5.6738569932630485], [6.213320741761204, 5.615334882266596, 6.899607627974217, 6.993259381003968, 8.182288243517213, 8.38934434029263, 7.483432622800849, 6.164403155213001, 5.877399913226936, 4.799156898872967, 3.66278442854613, 2.481244296718886, 2.8022541979627755, 1.399295344092876, 0.0, 1.397662312577684, 2.429331574734087, 3.9824902937734823, 2.7915912344037763, 2.4160794585443583, 4.556041656964958, 5.2255296812859084, 5.171347612566766, 5.227559974787472, 6.986864149960267, 5.587990609333556, 6.821008899715642, 5.244188216492616, 7.800582575679845, 7.006149209087686, 9.069462540856541, 9.41080275056278, 7.948171848922241, 5.585577218157493, 3.8921338234957954, 1.089756124093827, 2.1480808294847753, 3.405390058422089, 5.8574102494191065, 5.826805387174005], [7.590740436874389, 6.913551797737542, 8.120539857669563, 8.158426508218358, 9.27909174111346, 9.397525985066494, 8.440865854875316, 7.193451706934579, 7.036689363614113, 6.064983882913457, 4.82764170273644, 3.77502030987914, 4.183497595314236, 2.4265519982065085, 1.397662312577684, 0.0, 1.399424989058006, 2.665266980998339, 2.4118541290882414, 2.791990059079724, 4.056141612419369, 4.540577164854706, 5.01911325335462, 4.5100429321681625, 8.3495276004095, 6.981908146774776, 8.200288269932953, 6.495199281777272, 9.064589410447667, 8.131669566577333, 10.171565562881657, 10.374670972614023, 8.804209948655245, 6.550847033781204, 4.860774899128739, 2.1548439270629323, 1.088718278527554, 3.8795049697094086, 5.335212255384035, 4.945133427926895], [8.220777052079688, 7.31653169883108, 8.3353386049998, 8.30178047951161, 9.312389692232601, 9.376569139082802, 8.459976152448657, 7.335166719305022, 7.251162095829882, 6.453029076333068, 5.088725538875132, 4.306592091201581, 4.994097705291718, 2.8166434811669014, 2.429331574734087, 1.399424989058006, 0.0, 1.726018290748971, 1.3971967076972376, 2.433832395626289, 2.766103053033274, 3.260120183367478, 3.9078739833827805, 3.1800273536559396, 8.968859671663951, 7.761759709627708, 8.841184027606257, 6.866500710696825, 9.348586604401758, 8.196039674135308, 10.173407945226614, 10.289948890543627, 8.777925807387529, 6.751588481239064, 4.893808766186108, 3.4119039039808845, 2.1648931821223885, 3.414684525691942, 4.128703114780718, 3.6135445064368588], [9.940499308384867, 9.036369820895999, 10.023945058708174, 9.9594411434578, 10.913231115485459, 10.902435639800858, 9.950489864323263, 8.895761385064237, 8.908017498860227, 8.164312873720604, 6.795220426888299, 6.0285915287071825, 6.664221203561598, 4.540201691555123, 3.9824902937734823, 2.665266980998339, 1.726018290748971, 0.0, 2.7641754177331075, 4.057023456920111, 3.292226234632122, 3.2930956059610534, 4.700636217577361, 3.1663412150303696, 10.676833996555347, 9.455741898444565, 10.559818791532361, 8.561781405174976, 11.047414337300834, 9.835608862698841, 11.7710351558391, 11.76571316453023, 10.170123915665924, 8.261919030104325, 6.5311009010732635, 4.81932862025407, 2.7908199171569636, 4.925700552205747, 4.297970070859033, 3.133091237101148], [7.628624275713151, 6.5344158652476345, 7.371675851527929, 7.302296981772243, 8.23864307395338, 8.325758885531096, 7.51125576851168, 6.473013937880869, 6.3575171584510874, 5.7006403377164565, 4.2882017221674635, 3.815934244716489, 4.74554195956584, 2.4320642549077522, 2.7915912344037763, 2.4118541290882414, 1.3971967076972376, 2.7641754177331075, 0.0, 1.4072554316825359, 1.7651724958201678, 2.7011629588012642, 2.611622214256878, 2.6237302852999203, 8.360385369706352, 7.342354910381274, 8.248028691147963, 6.0931466263335565, 8.42219769537619, 7.131526138211932, 9.054341693353527, 9.207487764314434, 7.877088378328633, 6.02972762071389, 3.9513590067216118, 3.88126890204737, 3.403951293717347, 2.162906010440583, 3.378716574381462, 3.3413493890941726], [6.249433928765068, 5.129873389275802, 5.988220925283235, 5.9597586075276565, 6.9677574764051595, 7.1562187312853975, 6.404746318941915, 5.293935897798537, 5.0317950484891565, 4.317329495185652, 2.901677146065702, 2.5324197697064363, 3.580165258755523, 1.3995955022791406, 2.4160794585443583, 2.791990059079724, 2.433832395626289, 4.057023456920111, 1.4072554316825359, 0.0, 2.725475850195705, 3.743982091303323, 2.8900186400782957, 3.726937286834862, 6.990170242562051, 6.023374919428476, 6.867923635277259, 4.72639898654356, 7.032284529937622, 5.803676697577149, 7.783586574966581, 8.09411810267184, 6.896036914779386, 4.952950459069826, 2.656464780493052, 3.406488018472985, 3.880561570185429, 1.087930043706855, 4.1573227250238824, 4.551044566909887], [8.824978491758493, 7.555933084669292, 8.109566915686681, 7.9534166412932255, 8.686810401982997, 8.698135431228923, 7.9902018898147995, 7.1879468069818095, 7.170859843840208, 6.7750212516271855, 5.394732908124368, 5.25327259334598, 6.286875498210539, 4.037333899988951, 4.556041656964958, 4.056141612419369, 2.766103053033274, 3.292226234632122, 1.7651724958201678, 2.725475850195705, 0.0, 1.6758356393155027, 1.4462100435275647, 1.4419564313806432, 9.511041308395205, 8.69891086573486, 9.425487270693223, 7.115354566709941, 9.185012691335817, 7.691625861935823, 9.417713865901852, 9.449221441473364, 8.276719085483087, 6.858179318157261, 4.845705412011754, 5.645783751615005, 4.930103393439127, 2.841243479534973, 2.2439517664156687, 2.2425559078872483], [9.687685284421663, 8.45542491481061, 9.047099774513377, 9.11316505392062, 9.91645216042512, 10.07917176904928, 9.470478026477862, 8.623306556652153, 8.431495574926196, 7.885044378442014, 6.496359757587322, 6.158334902390418, 7.025254758369977, 4.909976499943763, 5.2255