{"total energy": -35.68164208, "HOMO-LUMO gap/eV": 3.8529321, "electronic energy": -36.16061202, "dipole": [-0.39368471, 1.26426522, 0.096269], "partial charges": [-0.09982629, -0.05210943, -0.05855631, -0.05783714, -0.05810784, -0.05905635, -0.05505558, -0.08344298, 0.23388391, -0.3655572, -0.13650203, 0.03242399, 0.03115852, 0.03148138, 0.02786373, 0.0282543, 0.03099747, 0.03069251, 0.02849316, 0.0289426, 0.03173379, 0.03063926, 0.03076173, 0.02909618, 0.04475532, 0.0443331, 0.0572253, 0.05712781, 0.06371993, 0.06373369, 0.06873347], "atomic dipole moments": [[0.05212293, -0.04125694, -0.07555662], [0.04110864, 0.01654188, 0.10027423], [-0.04100418, -0.01634413, -0.10292049], [0.04096958, 0.00880128, 0.10100687], [-0.02546996, 0.10929889, 0.00294241], [0.03349023, -0.10823413, -0.00803255], [-0.0149024, 0.12783643, 0.01577089], [0.01900416, -0.08252071, -0.00760746], [0.00558306, -0.01746187, -0.00133798], [-0.03978098, 0.15644453, 0.01336872], [-0.06496248, -0.04221411, -0.02271165], [-0.01079757, -0.07910153, 0.09740114], [-0.11516492, 0.0290284, -0.03815505], [0.05442374, 0.10568641, 0.04078332], [0.00084043, 0.0798682, -0.09418282], [-0.06257136, -0.09894863, -0.0395064], [-0.00402989, -0.07854914, 0.0965054], [0.05720937, 0.10187169, 0.04152475], [0.00815706, 0.07932795, -0.09514694], [-0.06064921, -0.09528055, -0.04617532], [-0.00901118, -0.08552847, 0.09054064], [0.04429021, -0.06236911, -0.09536388], [-0.04085309, 0.05762019, 0.10140128], [0.00476402, 0.08610118, -0.08858069], [-0.00409105, -0.09039977, 0.09001929], [0.04471139, -0.06125561, -0.10249266], [0.0062267, 0.08682524, -0.0982498], [-0.0462607, 0.05557177, 0.10948394], [0.01678692, 0.08803428, -0.10082697], [-0.03819114, 0.05541916, 0.11689891], [0.11731001, -0.05981131, 0.02065665]], "atomic quadrupole moments": [[-0.01396072, -0.08007342, -0.06602159, -0.13112336, 0.11078527, 0.07998231], [0.14306686, -0.14719858, -0.15489525, -0.04380307, 0.09253622, 0.01182839], [0.15331469, -0.14430094, -0.16587524, -0.02831414, 0.08844171, 0.01256055], [0.13689896, -0.16100438, -0.13232258, -0.03156642, 0.07489149, -0.00457638], [0.1751194, 0.03866196, 0.00339859, 0.1296558, 0.0409689, -0.17851799], [0.18903667, 0.02441871, 0.01867313, 0.10851954, 0.04495226, -0.2077098], [0.19672037, 0.05300831, 0.02154059, 0.12300441, 0.05731844, -0.21826097], [0.15584511, 0.02623018, 0.05514601, 0.10528156, 0.05209747, -0.21099112], [-0.24622505, 0.0540102, -0.30856775, -0.21257044, -0.12649615, 0.5547928], [-0.11317798, 0.0189071, -0.12694938, -0.09452747, -0.05494096, 0.24012736], [0.02170866, 0.14240456, 0.09103035, 0.06188542, 0.07038579, -0.11273901], [-0.04860185, -0.0053868, 0.02262005, -0.00827705, -0.05624453, 0.0259818], [0.06108973, -0.02943066, -0.04483919, 0.03755227, -0.00140719, -0.01625054], [-0.00810436, 0.05457525, 0.03668027, 0.00574362, 0.03088041, -0.02857591], [-0.02179109, -0.00010835, 0.01125108, -0.01384127, -0.04483844, 0.01054001], [-0.00376254, 0.02904359, 0.03644417, 0.00355136, 0.02171861, -0.03268163], [-0.02388248, 0.00037684, 0.01488893, -0.00984486, -0.04562103, 0.00899354], [-0.00030757, 0.03351272, 0.03229626, 0.00527683, 0.01854627, -0.03198869], [-0.02481912, 0.00049453, 0.02090331, -0.01794947, -0.04409534, 0.00391581], [0.00935277, 0.0321713, 0.02758863, 0.00488776, 0.02612529, -0.03694139], [-0.02108907, 0.01488082, -0.00938574, -0.00148937, -0.04217706, 0.03047481], [0.00196313, -0.00909181, -0.02852635, -0.02557151, 0.03645133, 0.02656322], [-0.00887821, -0.00844105, -0.02489248, -0.02586813, 0.02919138, 0.03377069], [-0.02253799, 0.00784739, -0.00256985, -0.00192093, -0.04487197, 0.02510784], [-0.0189367, 0.00881632, -0.00586752, -0.00151579, -0.04132496, 0.02480422], [-0.00857275, -0.00587001, -0.02680814, -0.02241898, 0.02693853, 0.03538089], [-0.02970658, 0.02491306, 0.01165971, 0.01194016, -0.04792822, 0.01804686], [-0.00934262, 0.00662218, -0.01728696, -0.02951626, 0.04774343, 0.02662958], [-0.03033443, 0.00335866, 0.01507923, 0.00197346, -0.07127876, 0.0152552], [-0.01443807, -0.02431756, -0.02335671, -0.03237522, 0.0552947, 0.03779478], [0.05064628, -0.04483174, -0.00549885, 0.01847716, -0.00479168, -0.04514743]], "number of molecular orbitals": 64, "number of electrons": 66, "number of unpaired electrons": 0, "orbital energies/eV": [-19.09282, -17.43154674, -17.11591784, -16.95729873, -16.75615236, -16.42407235, -15.94574367, -15.49149122, -15.29222398, -15.14739172, -15.01852795, -14.81517193, -14.55246685, -14.09696154, -13.99402375, -13.97708915, -13.56629929, -13.4051086, -13.28169227, -13.08714836, -12.94610461, -12.86795972, -12.70424462, -12.62824855, -12.26169436, -12.15595049, -11.98989963, -11.77986391, -11.67136783, -11.53456898, -11.43442278, -11.32840474, -10.73334892, -6.88041681, 0.95838003, 1.88411825, 2.6966246, 2.8032928, 2.93457254, 3.13290884, 3.28101533, 3.5989735, 3.77715373, 4.03247992, 4.17820236, 4.26887959, 4.60021586, 4.69862445, 4.71650646, 4.77205079, 4.97578013, 5.39605031, 5.62073636, 5.66464896, 6.10807166, 6.46146524, 6.86886467, 7.11958014, 7.26793797, 7.36060628, 7.40338747, 8.26920974, 8.42558558, 15.14644277], "fractional occupation": [2.0, 2.0, 2.0, 2.0, 2.0, 2.0, 2.0, 2.0, 2.0, 2.0, 2.0, 2.0, 2.0, 2.0, 2.0, 2.0, 2.0, 2.0, 2.0, 2.0, 2.0, 2.0, 2.0, 2.0, 2.0, 2.0, 2.0, 2.0, 2.0, 2.0, 2.0, 2.0, 2.0, 0.0, 0.0, 0.0, 0.0, 0.0, 0.0, 0.0, 0.0, 0.0, 0.0, 0.0, 0.0, 0.0, 0.0, 0.0, 0.0, 0.0, 0.0, 0.0, 0.0, 0.0, 0.0, 0.0, 0.0, 0.0, 0.0, 0.0, 0.0, 0.0, 0.0, 0.0], "program call": "xtb /home/svss/Project-DBcg-Debug/aqme2_20220329/End-to-End-workflows-final/example-3/QDESCP/mol_245_rdkit_conf_8/mol_245_rdkit_conf_8.xyz --pop --wbo --acc 0.2 --gfn 2 --chrg 0 --uhf 0 --etemp 300 --input /home/svss/Project-DBcg-Debug/aqme2_20220329/End-to-End-workflows-final/example-3/QDESCP/mol_245_rdkit_conf_8/mol_245_rdkit_conf_8_xtb.inp", "method": "GFN2-xTB", "xtb version": "6.3.3 (7355c4f)", "Dipole module/D": 3.375, "Total charge": 0, "Transition dipole module/D": NaN, "HOMO": -10.7333, "LUMO": -6.8804, "HOMO occupancy": 2.0, "LUMO occupancy": 0, "mulliken charges": [-0.08348, -0.03836, -0.04821, -0.04602, -0.04477, -0.05006, -0.03409, -0.08453, 0.39817, -0.49347, -0.12685, 0.027, 0.02842, 0.0261, 0.02181, 0.02248, 0.0235, 0.02167, 0.02264, 0.02536, 0.02565, 0.02674, 0.02197, 0.02182, 0.03828, 0.03805, 0.04524, 0.04528, 0.05264, 0.05266, 0.06436], "cm5 charges": [-0.23383, -0.15096, -0.15901, -0.15658, -0.15534, -0.1608, -0.1425, -0.18675, 0.41333, -0.54403, -0.26861, 0.07829, 0.0792, 0.0774, 0.07652, 0.07718, 0.07894, 0.07762, 0.07784, 0.08029, 0.08087, 0.08167, 0.07795, 0.07731, 0.09565, 0.09541, 0.10171, 0.10175, 0.10522, 0.10524, 0.11903], "FUKUI+": [0.003, 0.002, 0.002, 0.005, 0.004, 0.006, 0.015, 0.03, -0.194, -0.297, 0.051, -0.003, -0.01, -0.001, -0.004, -0.007, -0.003, 0.005, -0.008, -0.017, -0.01, -0.008, -0.017, -0.017, -0.022, -0.021, -0.096, -0.096, -0.107, -0.107, -0.077], "FUKUI-": [0.016, 0.006, 0.007, 0.008, 0.004, -0.001, 0.005, -0.008, -0.025, -0.134, -0.0, -0.048, -0.044, -0.043, -0.062, -0.067, -0.05, -0.057, -0.037, -0.058, -0.03, -0.043, -0.031, -0.029, -0.026, -0.029, -0.043, -0.041, -0.049, -0.048, -0.044], "FUKUIrad": [0.01, 0.004, 0.004, 0.007, 0.004, 0.003, 0.01, 0.011, -0.11, -0.215, 0.025, -0.025, -0.027, -0.022, -0.033, -0.037, -0.026, -0.026, -0.023, -0.037, -0.02, -0.026, -0.024, -0.023, -0.024, -0.025, -0.07, -0.069, -0.078, -0.078, -0.06], "s proportion": [1.007, 1.027, 1.032, 1.032, 1.032, 1.033, 1.029, 1.042, 1.075, 1.739, 1.022, 0.973, 0.972, 0.974, 0.978, 0.978, 0.976, 0.978, 0.977, 0.975, 0.974, 0.973, 0.978, 0.978, 0.962, 0.962, 0.955, 0.955, 0.947, 0.947, 0.936], "p proportion": [3.076, 3.011, 3.016, 3.014, 3.013, 3.017, 3.005, 3.043, 2.527, 4.754, 3.105, 0.0, 0.0, 0.0, 0.0, 0.0, 0.0, 0.0, 0.0, 0.0, 0.0, 0.0, 0.0, 0.0, 0.0, 0.0, 0.0, 0.0, 0.0, 0.0, 0.0], "d proportion": [0.0, 0.0, 0.0, 0.0, 0.0, 0.0, 0.0, 0.0, 0.0, 0.0, 0.0, 0.0, 0.0, 0.0, 0.0, 0.0, 0.0, 0.0, 0.0, 0.0, 0.0, 0.0, 0.0, 0.0, 0.0, 0.0, 0.0, 0.0, 0.0, 0.0, 0.0], "Fermi-level/eV": -8.8069, "Coordination numbers": [3.75, 3.8, 3.801, 3.801, 3.8, 3.801, 3.802, 3.802, 2.81, 0.857, 3.751, 0.924, 0.924, 0.924, 0.924, 0.924, 0.924, 0.924, 0.924, 0.924, 0.924, 0.924, 0.924, 0.924, 0.924, 0.924, 0.924, 0.924, 0.924, 0.924, 0.924], "Dispersion coefficient C6": [22.47, 21.51, 21.628, 21.615, 21.62, 21.637, 21.563, 22.091, 23.106, 21.005, 23.19, 2.552, 2.57, 2.566, 2.617, 2.612, 2.572, 2.577, 2.608, 2.602, 2.562, 2.578, 2.576, 2.599, 2.387, 2.392, 2.232, 2.233, 2.156, 2.156, 2.1], "Total dispersion C6": 6844.074118, "Total dispersion C8": 145480.489915, "Polarizability alpha": [6.76, 6.603, 6.621, 6.619, 6.62, 6.623, 6.611, 6.691, 7.875, 6.145, 6.868, 2.498, 2.507, 2.505, 2.53, 2.527, 2.508, 2.51, 2.526, 2.522, 2.503, 2.511, 2.51, 2.521, 2.416, 2.419, 2.336, 2.337, 2.296, 2.296, 2.266], "Total polarizability alpha": 123.082707, "Wiberg matrix": [[0.0, 1.0201539699906004, 0.0, 0.0, 0.0, 0.0, 0.0, 0.0, 0.0, 0.0, 0.0, 0.9877100781836727, 0.987390493837583, 0.987740534014206, 0.0, 0.0, 0.0, 0.0, 0.0, 0.0, 0.0, 0.0, 0.0, 0.0, 0.0, 0.0, 0.0, 0.0, 0.0, 0.0, 0.0], [1.0201539699906004, 0.0, 1.0074447180919295, 0.0, 0.0, 0.0, 0.0, 0.0, 0.0, 0.0, 0.0, 0.0, 0.0, 0.0, 0.978226521188034, 0.9780062346002169, 0.0, 0.0, 0.0, 0.0, 0.0, 0.0, 0.0, 0.0, 0.0, 0.0, 0.0, 0.0, 0.0, 0.0, 0.0], [0.0, 1.0074447180919295, 0.0, 1.0081352132437433, 0.0, 0.0, 0.0, 0.0, 0.0, 0.0, 0.0, 0.0, 0.0, 0.0, 0.0, 0.0, 0.9770756854263608, 0.9754626251446512, 0.0, 0.0, 0.0, 0.0, 0.0, 0.0, 0.0, 0.0, 0.0, 0.0, 0.0, 0.0, 0.0], [0.0, 0.0, 1.0081352132437433, 0.0, 1.0062234351687698, 0.0, 0.0, 0.0, 0.0, 0.0, 0.0, 0.0, 0.0, 0.0, 0.0, 0.0, 0.0, 0.0, 0.9772909222406312, 0.9768402411397707, 0.0, 0.0, 0.0, 0.0, 0.0, 0.0, 0.0, 0.0, 0.0, 0.0, 0.0], [0.0, 0.0, 0.0, 1.0062234351687698, 0.0, 1.0079834060195052, 0.0, 0.0, 0.0, 0.0, 0.0, 0.0, 0.0, 0.0, 0.0, 0.0, 0.0, 0.0, 0.0, 0.0, 0.9770899054143745, 0.9767423202822381, 0.0, 0.0, 0.0, 0.0, 0.0, 0.0, 0.0, 0.0, 0.0], [0.0, 0.0, 0.0, 0.0, 1.0079834060195052, 0.0, 1.0064574002532494, 0.0, 0.0, 0.0, 0.0, 0.0, 0.0, 0.0, 0.0, 0.0, 0.0, 0.0, 0.0, 0.0, 0.0, 0.0, 0.9753459386791747, 0.9770817142830501, 0.0, 0.0, 0.0, 0.0, 0.0, 0.0, 0.0], [0.0, 0.0, 0.0, 0.0, 0.0, 1.0064574002532494, 0.0, 1.007775314388853, 0.0, 0.0, 0.0, 0.0, 0.0, 0.0, 0.0, 0.0, 0.0, 0.0, 0.0, 0.0, 0.0, 0.0, 0.0, 0.0, 0.9760869007182708, 0.9759030766821204, 0.0, 0.0, 0.0, 0.0, 0.0], [0.0, 0.0, 0.0, 0.0, 0.0, 0.0, 1.007775314388853, 0.0, 0.992535543633307, 0.0, 0.0, 0.0, 0.0, 0.0, 0.0, 0.0, 0.0, 0.0, 0.0, 0.0, 0.0, 0.0, 0.0, 0.0, 0.0, 0.0, 0.9519094248235995, 0.9518779397957422, 0.0, 0.0, 0.0], [0.0, 0.0, 0.0, 0.0, 0.0, 0.0, 0.0, 0.992535543633307, 0.0, 1.8575447550256847, 1.007667475078984, 0.0, 0.0, 0.0, 0.0, 0.0, 0.0, 0.0, 0.0, 0.0, 0.0, 0.0, 0.0, 0.0, 0.0, 0.0, 0.0, 0.0, 0.0, 0.0, 0.0], [0.0, 0.0, 0.0, 0.0, 0.0, 0.0, 0.0, 0.0, 1.8575447550256847, 0.0, 0.0, 0.0, 0.0, 0.0, 0.0, 0.0, 0.0, 0.0, 0.0, 0.0, 0.0, 0.0, 0.0, 0.0, 0.0, 0.0, 0.0, 0.0, 0.0, 0.0, 0.0], [0.0, 0.0, 0.0, 0.0, 0.0, 0.0, 0.0, 0.0, 1.007667475078984, 0.0, 0.0, 0.0, 0.0, 0.0, 0.0, 0.0, 0.0, 0.0, 0.0, 0.0, 0.0, 0.0, 0.0, 0.0, 0.0, 0.0, 0.0, 0.0, 0.9632964318954496, 0.9632922302125031, 0.9828321194043343], [0.9877100781836727, 0.0, 0.0, 0.0, 0.0, 0.0, 0.0, 0.0, 0.0, 0.0, 0.0, 0.0, 0.0, 0.0, 0.0, 0.0, 0.0, 0.0, 0.0, 0.0, 0.0, 0.0, 0.0, 0.0, 0.0, 0.0, 0.0, 0.0, 0.0, 0.0, 0.0], [0.987390493837583, 0.0, 0.0, 0.0, 0.0, 0.0, 0.0, 0.0, 0.0, 0.0, 0.0, 0.0, 0.0, 0.0, 0.0, 0.0, 0.0, 0.0, 0.0, 0.0, 0.0, 0.0, 0.0, 0.0, 0.0, 0.0, 0.0, 0.0, 0.0, 0.0, 0.0], [0.987740534014206, 0.0, 0.0, 0.0, 0.0, 0.0, 0.0, 0.0, 0.0, 0.0, 0.0, 0.0, 0.0, 0.0, 0.0, 0.0, 0.0, 0.0, 0.0, 0.0, 0.0, 0.0, 0.0, 0.0, 0.0, 0.0, 0.0, 0.0, 0.0, 0.0, 0.0], [0.0, 0.978226521188034, 0.0, 0.0, 0.0, 0.0, 0.0, 0.0, 0.0, 0.0, 0.0, 0.0, 0.0, 0.0, 0.0, 0.0, 0.0, 0.0, 0.0, 0.0, 0.0, 0.0, 0.0, 0.0, 0.0, 0.0, 0.0, 0.0, 0.0, 0.0, 0.0], [0.0, 0.9780062346002169, 0.0, 0.0, 0.0, 0.0, 0.0, 0.0, 0.0, 0.0, 0.0, 0.0, 0.0, 0.0, 0.0, 0.0, 0.0, 0.0, 0.0, 0.0, 0.0, 0.0, 0.0, 0.0, 0.0, 0.0, 0.0, 0.0, 0.0, 0.0, 0.0], [0.0, 0.0, 0.9770756854263608, 0.0, 0.0, 0.0, 0.0, 0.0, 0.0, 0.0, 0.0, 0.0, 0.0, 0.0, 0.0, 0.0, 0.0, 0.0, 0.0, 0.0, 0.0, 0.0, 0.0, 0.0, 0.0, 0.0, 0.0, 0.0, 0.0, 0.0, 0.0], [0.0, 0.0, 0.9754626251446512, 0.0, 0.0, 0.0, 0.0, 0.0, 0.0, 0.0, 0.0, 0.0, 0.0, 0.0, 0.0, 0.0, 0.0, 0.0, 0.0, 0.0, 0.0, 0.0, 0.0, 0.0, 0.0, 0.0, 0.0, 0.0, 0.0, 0.0, 0.0], [0.0, 0.0, 0.0, 0.9772909222406312, 0.0, 0.0, 0.0, 0.0, 0.0, 0.0, 0.0, 0.0, 0.0, 0.0, 0.0, 0.0, 0.0, 0.0, 0.0, 0.0, 0.0, 0.0, 0.0, 0.0, 0.0, 0.0, 0.0, 0.0, 0.0, 0.0, 0.0], [0.0, 0.0, 0.0, 0.9768402411397707, 0.0, 0.0, 0.0, 0.0, 0.0, 0.0, 0.0, 0.0, 0.0, 0.0, 0.0, 0.0, 0.0, 0.0, 0.0, 0.0, 0.0, 0.0, 0.0, 0.0, 0.0, 0.0, 0.0, 0.0, 0.0, 0.0, 0.0], [0.0, 0.0, 0.0, 0.0, 0.9770899054143745, 0.0, 0.0, 0.0, 0.0, 0.0, 0.0, 0.0, 0.0, 0.0, 0.0, 0.0, 0.0, 0.0, 0.0, 0.0, 0.0, 0.0, 0.0, 0.0, 0.0, 0.0, 0.0, 0.0, 0.0, 0.0, 0.0], [0.0, 0.0, 0.0, 0.0, 0.9767423202822381, 0.0, 0.0, 0.0, 0.0, 0.0, 0.0, 0.0, 0.0, 0.0, 0.0, 0.0, 0.0, 0.0, 0.0, 0.0, 0.0, 0.0, 0.0, 0.0, 0.0, 0.0, 0.0, 0.0, 0.0, 0.0, 0.0], [0.0, 0.0, 0.0, 0.0, 0.0, 0.9753459386791747, 0.0, 0.0, 0.0, 0.0, 0.0, 0.0, 0.0, 0.0, 0.0, 0.0, 0.0, 0.0, 0.0, 0.0, 0.0, 0.0, 0.0, 0.0, 0.0, 0.0, 0.0, 0.0, 0.0, 0.0, 0.0], [0.0, 0.0, 0.0, 0.0, 0.0, 0.9770817142830501, 0.0, 0.0, 0.0, 0.0, 0.0, 0.0, 0.0, 0.0, 0.0, 0.0, 0.0, 0.0, 0.0, 0.0, 0.0, 0.0, 0.0, 0.0, 0.0, 0.0, 0.0, 0.0, 0.0, 0.0, 0.0], [0.0, 0.0, 0.0, 0.0, 0.0, 0.0, 0.9760869007182708, 0.0, 0.0, 0.0, 0.0, 0.0, 0.0, 0.0, 0.0, 0.0, 0.0, 0.0, 0.0, 0.0, 0.0, 0.0, 0.0, 0.0, 0.0, 0.0, 0.0, 0.0, 0.0, 0.0, 0.0], [0.0, 0.0, 0.0, 0.0, 0.0, 0.0, 0.9759030766821204, 0.0, 0.0, 0.0, 0.0, 0.0, 0.0, 0.0, 0.0, 0.0, 0.0, 0.0, 0.0, 0.0, 0.0, 0.0, 0.0, 0.0, 0.0, 0.0, 0.0, 0.0, 0.0, 0.0, 0.0], [0.0, 0.0, 0.0, 0.0, 0.0, 0.0, 0.0, 0.9519094248235995, 0.0, 0.0, 0.0, 0.0, 0.0, 0.0, 0.0, 0.0, 0.0, 0.0, 0.0, 0.0, 0.0, 0.0, 0.0, 0.0, 0.0, 0.0, 0.0, 0.0, 0.0, 0.0, 0.0], [0.0, 0.0, 0.0, 0.0, 0.0, 0.0, 0.0, 0.9518779397957422, 0.0, 0.0, 0.0, 0.0, 0.0, 0.0, 0.0, 0.0, 0.0, 0.0, 0.0, 0.0, 0.0, 0.0, 0.0, 0.0, 0.0, 0.0, 0.0, 0.0, 0.0, 0.0, 0.0], [0.0, 0.0, 0.0, 0.0, 0.0, 0.0, 0.0, 0.0, 0.0, 0.0, 0.9632964318954496, 0.0, 0.0, 0.0, 0.0, 0.0, 0.0, 0.0, 0.0, 0.0, 0.0, 0.0, 0.0, 0.0, 0.0, 0.0, 0.0, 0.0, 0.0, 0.0, 0.0], [0.0, 0.0, 0.0, 0.0, 0.0, 0.0, 0.0, 0.0, 0.0, 0.0, 0.9632922302125031, 0.0, 0.0, 0.0, 0.0, 0.0, 0.0, 0.0, 0.0, 0.0, 0.0, 0.0, 0.0, 0.0, 0.0, 0.0, 0.0, 0.0, 0.0, 0.0, 0.0], [0.0, 0.0, 0.0, 0.0, 0.0, 0.0, 0.0, 0.0, 0.0, 0.0, 0.9828321194043343, 0.0, 0.0, 0.0, 0.0, 0.0, 0.0, 0.0, 0.0, 0.0, 0.0, 0.0, 0.0, 0.0, 0.0, 0.0, 0.0, 0.0, 0.0, 0.0, 0.0]], "Born radii": [], "Atomic SASAs": [], "Solvent H bonds": [], "Total SASA": NaN, "Total FOD": 0.0, "FOD": [0.0, 0.0, 0.0, 0.0, 0.0, 0.0, 0.0, 0.0, 0.0, 0.0, 0.0, 0.0, 0.0, 0.0, 0.0, 0.0, 0.0, 0.0, 0.0, 0.0, 0.0, 0.0, 0.0, 0.0, 0.0, 0.0, 0.0, 0.0, 0.0, 0.0, 0.0], "FOD s proportion": [0.0, 0.0, 0.0, 0.0, 0.0, 0.0, 0.0, 0.0, 0.0, 0.0, 0.0, 0.0, 0.0, 0.0, 0.0, 0.0, 0.0, 0.0, 0.0, 0.0, 0.0, 0.0, 0.0, 0.0, 0.0, 0.0, 0.0, 0.0, 0.0, 0.0, 0.0], "FOD p proportion": [0.0, 0.0, 0.0, 0.0, 0.0, 0.0, 0.0, 0.0, 0.0, 0.0, 0.0, 0.0, 0.0, 0.0, 0.0, 0.0, 0.0, 0.0, 0.0, 0.0, 0.0, 0.0, 0.0, 0.0, 0.0, 0.0, 0.0, 0.0, 0.0, 0.0, 0.0], "FOD d proportion": [0.0, 0.0, 0.0, 0.0, 0.0, 0.0, 0.0, 0.0, 0.0, 0.0, 0.0, 0.0, 0.0, 0.0, 0.0, 0.0, 0.0, 0.0, 0.0, 0.0, 0.0, 0.0, 0.0, 0.0, 0.0, 0.0, 0.0, 0.0, 0.0, 0.0, 0.0], "coordinates": [["-4.79810", "0.85550", "0.51160"], ["-4.02110", "0.23030", "-0.63610"], ["-2.59980", "-0.14340", "-0.21270"], ["-1.82280", "-0.76830", "-1.37350"], ["-0.43050", "-1.26720", "-0.97600"], ["0.52560", "-0.14360", "-0.56970"], ["1.93040", "-0.68420", "-0.29530"], ["2.88610", "0.43400", "0.11440"], ["4.29010", "-0.07300", "0.39300"], ["4.60390", "-1.25820", "0.29490"], ["5.30080", "0.96620", "0.80400"], ["-4.87810", "0.16200", "1.35480"], ["-5.81090", "1.11410", "0.18720"], ["-4.31020", "1.77000", "0.86360"], ["-3.98630", "0.93650", "-1.47380"], ["-4.55300", "-0.66220", "-0.98550"], ["-2.64030", "-0.84950", "0.62550"], ["-2.08500", "0.75570", "0.14380"], ["-1.73400", "-0.04420", "-2.19250"], ["-2.39090", "-1.62070", "-1.76640"], ["-0.51940", "-1.99230", "-0.15790"], ["-0.00500", "-1.80710", "-1.83110"], ["0.15410", "0.35900", "0.33030"], ["0.57100", "0.60740", "-1.36750"], ["1.88620", "-1.44130", "0.49750"], ["2.31460", "-1.18750", "-1.19140"], ["2.95060", "1.18110", "-0.68450"], ["2.51920", "0.92450", "1.02280"], ["5.40870", "1.70700", "0.00800"], ["4.97430", "1.44930", "1.72810"], ["6.26990", "0.49020", "0.97740"]], "bond_dist": [[0.0, 1.520466813186003, 2.5208995596810273, 3.8784969434047514, 5.078852115389854, 5.52351266767806, 6.949422706239705, 7.70599505125717, 9.136277001601911, 9.639102166695817, 10.103738588265237, 1.0946819127034118, 1.0944739192872532, 1.094650930662373, 2.146483962204237, 2.145878773370015, 2.7524714439935614, 2.7397351131085648, 4.184534109073553, 4.137083789337606, 5.183190984326162, 5.962506994545163, 4.980327979159605, 5.693839234646513, 7.067910266832765, 7.593718409975446, 7.847230228558353, 7.335459476406369, 10.254629756846416, 9.865711958596806, 11.08381873408258], [1.520466813186003, 0.0, 1.5293831893936845, 2.5245759267647307, 3.9051820213659694, 4.562531211948034, 6.030987244224613, 6.950838494742919, 8.380160090356268, 8.801875837002019, 9.461144562366648, 2.168593253701579, 2.159238145735667, 2.168721971576809, 1.096207448433005, 1.0961542865856067, 2.159678503851904, 2.1523875998527773, 2.780028348776321, 2.713177312672358, 4.174988489804493, 4.659193381906357, 4.287515328252483, 4.665247343925079, 6.2430352241517895, 6.516103852763551, 7.036402780540636, 6.783021962223033, 9.56643275939365, 9.380438358626957, 10.419962152522436], [2.5208995596810273, 1.5293831893936845, 0.0, 1.5302567268272342, 2.5595733667937712, 3.145723160101664, 4.5631129111605375, 5.525892143355677, 6.916830969454147, 7.307101374005975, 8.042659473706443, 2.7822610050101333, 3.4716551484846536, 2.7829821073804983, 2.163085636307541, 2.163645885998908, 1.0967208851845578, 1.0956697038797778, 2.1631131084619684, 2.154074787466768, 2.7837920917338637, 3.4813938717128803, 2.8515294089312846, 3.4570560192163504, 4.723677005257663, 5.118527704330613, 5.725717042432327, 5.373177054592562, 8.222454676068455, 7.979372703414724, 8.971586540852181], [3.8784969434047514, 2.5245759267647307, 1.5302567268272342, 0.0, 1.5314720859356203, 2.5595560337683563, 3.905905565934742, 5.082628346633265, 6.400899214172958, 6.657779919763044, 7.64824643039174, 4.2004686726602305, 4.678050433674268, 4.199374008111209, 2.756290148006918, 2.759672670807174, 2.1612266632632497, 2.166454276000304, 1.0967986369429896, 1.0971297917748837, 2.162107980652215, 2.143105233067196, 2.84286358096902, 2.7609536269195103, 4.208354904235145, 4.162567454108101, 5.2019447248120585, 5.2403043356278465, 7.767254636613892, 7.7934742400292825, 8.520701048035896], [5.078852115389854, 3.9051820213659694, 2.5595733667937712, 1.5314720859356203, 0.0, 1.5302561419579404, 2.5252901417460927, 3.883669548249439, 5.05809638105088, 5.192345440164782, 6.403458069668295, 5.220764986091598, 5.997693564196156, 5.259352059902437, 4.212815230935247, 4.166667913333146, 2.7608860135833204, 2.843140288483845, 2.1621085772920843, 2.143096491061473, 1.096795710239605, 1.0971500672196122, 2.1662648245309253, 2.161110746815165, 2.751111039198527, 2.7546911369516547, 4.184612568685421, 4.183238030521333, 6.626490645884894, 6.625963484656402, 7.197192958369256], [5.52351266767806, 4.562531211948034, 3.145723160101664, 2.5595560337683563, 1.5302561419579404, 0.0, 1.5300348884911088, 2.5245939911201565, 3.88628819054892, 4.315367563719226, 5.091290874621092, 5.744307208010379, 6.504301588179933, 5.394550536420991, 4.726653618576254, 5.121915028580618, 3.4568367997346936, 2.851851170731039, 2.783729936613823, 3.48136288685911, 2.163168030921315, 2.1540423788774445, 1.0957276167004277, 1.0966070399190404, 2.1619836932780045, 2.1625815822761463, 2.765616410495136, 2.7661046292575415, 5.2538674574069715, 5.254345529178682, 5.982658551179401], [6.949422706239705, 6.030987244224613, 4.5631129111605375, 3.905905565934742, 2.5252901417460927, 1.5300348884911088, 0.0, 1.526953771402396, 2.5328849993633744, 2.7973941963906346, 3.9104829382059703, 7.056525823661385, 7.962060966232299, 6.805235867330389, 6.246828765861923, 6.520071748071488, 4.665457664581257, 4.2883047909401215, 4.175738880725182, 4.6599142856923885, 2.7805618874608777, 2.7139195290207114, 2.1528779087537684, 2.160049017962324, 1.0971261960230465, 1.0972309419625388, 2.161395098079016, 2.1614783690798296, 4.231831662531014, 4.232174029975611, 4.672284334241657], [7.70599505125717, 6.950838494742919, 5.525892143355677, 5.082628346633265, 3.883669548249439, 2.5245939911201565, 1.526953771402396, 0.0, 1.5185134046165019, 2.418048372138159, 2.567014041644494, 7.867361552642665, 8.723854930591177, 7.357508432207196, 7.071404899311028, 7.599450194586448, 5.696463150060746, 4.981585135275719, 5.186114813615294, 5.967070447883114, 4.190287487750691, 4.1431821912631355, 2.7415436910616617, 2.75423005211983, 2.159471164428921, 2.1589321758684314, 1.0957006297342353, 1.0956260402162774, 2.8276068892262938, 2.8276210884770263, 3.492567806070485], [9.136277001601911, 8.380160090356268, 6.916830969454147, 6.400899214172958, 5.05809638105088, 3.88628819054892, 2.5328849993633744, 1.5185134046165019, 0.0, 1.2299565398826091, 1.5067754079490414, 9.22150613945466, 10.172598539704591, 8.8081367751642, 8.544169324750065, 8.969271793183658, 6.977639476212568, 6.433563891032715, 6.555564087094259, 7.189864021662717, 5.207541987348733, 5.138249471366683, 4.158972383894849, 4.170612571313715, 2.7680137915118848, 2.7667731854996713, 2.1279175994384745, 2.1278489373073453, 2.137262492067832, 2.137292432027026, 2.1397022316200918], [9.639102166695817, 8.801875837002019, 7.307101374005975, 6.657779919763044, 5.192345440164782, 4.315367563719226, 2.7973941963906346, 2.418048372138159, 1.2299565398826091, 0.0, 2.3859605570922584, 9.646174373812656, 10.682109605316732, 9.431574298069226, 9.040826500934525, 9.265174459771387, 7.26324759938693, 6.987131573829134, 6.915918678671693, 7.301204762229313, 5.195395417097721, 5.105205815635644, 4.734692074464823, 4.744293364664542, 2.7313853005389044, 2.7303810484985425, 3.105287384446084, 3.104833617120248, 3.085842784394565, 3.0857437758180764, 2.5096343976762827], [10.103738588265237, 9.461144562366648, 8.042659473706443, 7.64824643039174, 6.403458069668295, 5.091290874621092, 3.9104829382059703, 2.567014041644494, 1.5067754079490414, 2.3859605570922584, 0.0, 10.225464463289674, 11.129788566724885, 9.644737819142623, 9.56239935058142, 10.146495515694076, 8.147987355783021, 7.418235364963826, 7.71286791342883, 8.512417791673526, 6.599447090476596, 6.541135875365989, 5.203998887394193, 5.216814902792699, 4.189211341052156, 4.1877721153377, 2.7902068561309212, 2.790503698259509, 1.092722769049863, 1.0926795824943374, 1.093525660421373], [1.0946819127034118, 2.168593253701579, 2.7822610050101333, 4.2004686726602305, 5.220764986091598, 5.744307208010379, 7.056525823661385, 7.867361552642665, 9.22150613945466, 9.646174373812656, 10.225464463289674, 0.0, 1.771976300631586, 1.7746695044430105, 3.065311639947886, 2.5023987971544424, 2.561788355817084, 3.1016783037574993, 4.744599091598783, 4.37104936714286, 5.091908823810575, 6.14608958851073, 5.139206756883789, 6.107535448935192, 7.004376394083916, 7.748497788603931, 8.15388576017594, 7.443902037238265, 10.489001357612649, 9.943152414601718, 11.159213681975984], [1.0944739192872532, 2.159238145735667, 3.4716551484846536, 4.678050433674268, 5.997693564196156, 6.504301588179933, 7.962060966232299, 8.723854930591177, 10.172598539704591, 10.682109605316732, 11.129788566724885, 1.771976300631586, 0.0, 1.7719543617147706, 2.4737881720147343, 2.4724035653590213, 3.7550680699555903, 3.743349426649882, 4.860632118356624, 4.795006152237972, 6.1456315558289045, 6.805543265603416, 6.014306162808807, 6.588056207258708, 8.116138469740399, 8.556965044336689, 8.805011762627009, 8.374051679444067, 11.236683995289713, 10.899874810748974, 12.122681052061049], [1.094650930662373, 2.168721971576809, 2.7829821073804983, 4.199374008111209, 5.259352059902437, 5.394550536420991, 6.805235867330389, 7.357508432207196, 8.8081367751642, 9.431574298069226, 9.644737819142623, 1.7746695044430105, 1.7719543617147706, 0.0, 2.5026130783642926, 3.0649175339640053, 3.1156119575454193, 2.5492021438089214, 4.38951879936742, 4.70079344153729, 5.437695116499269, 6.212229836379205, 4.712250458114466, 5.491407780341941, 6.988694431723283, 7.540411546460843, 7.4473239126548, 6.883379929220818, 9.756691937844506, 9.330174113595096, 10.657830665290193], [2.146483962204237, 1.096207448433005, 2.163085636307541, 2.756290148006918, 4.212815230935247, 4.726653618576254, 6.246828765861923, 7.071404899311028, 8.544169324750065, 9.040826500934525, 9.56239935058142, 3.065311639947886, 2.4737881720147343, 2.5026130783642926, 0.0, 1.7650573560085803, 3.067339643730378, 2.5028503930518897, 2.5595228989012773, 3.0282317876939344, 4.725342089203701, 4.848273294689564, 4.5531522289508395, 4.570403679107568, 6.635225149156584, 6.655258565224946, 6.98594340515295, 6.968119244817786, 9.542296709388154, 9.529295871679082, 10.554487366518565], [2.145878773370015, 1.0961542865856067, 2.163645885998908, 2.759672670807174, 4.166667913333146, 5.121915028580618, 6.520071748071488, 7.599450194586448, 8.969271793183658, 9.265174459771387, 10.146495515694076, 2.5023987971544424, 2.4724035653590213, 3.0649175339640053, 1.7650573560085803, 0.0, 2.507752695143602, 3.0621533109888537, 3.12818381812834, 2.490623108782218, 4.32712568918445, 4.765515645761747, 4.993092177198414, 5.2927482615367225, 6.6535390920922675, 6.890737599125364, 7.732552544276697, 7.521096902713062, 10.287643937267658, 10.128746343946027, 11.059663945165784], [2.7524714439935614, 2.159678503851904, 1.0967208851845578, 2.1612266632632497, 2.7608860135833204, 3.4568367997346936, 4.665457664581257, 5.696463150060746, 6.977639476212568, 7.26324759938693, 8.147987355783021, 2.561788355817084, 3.7550680699555903, 3.1156119575454193, 3.067339643730378, 2.507752695143602, 0.0, 1.7655197591644223, 3.0677372410296155, 2.525497061966218, 2.5333622342649695, 3.7278260970705164, 3.058804774744541, 4.050562220235605, 4.566816559705459, 5.288327109776777, 6.090779849083367, 5.470407986613064, 8.467785985722596, 8.030089747941801, 9.017222063362974], [2.7397351131085648, 2.1523875998527773, 1.0956697038797778, 2.166454276000304, 2.843140288483845, 2.851851170731039, 4.2883047909401215, 4.981585135275719, 6.433563891032715, 6.987131573829134, 7.418235364963826, 3.1016783037574993, 3.743349426649882, 2.5492021438089214, 2.5028503930518897, 3.0621533109888537, 1.7655197591644223, 0.0, 2.4942611531273147, 3.064264317907318, 3.1770474107258773, 3.846371517417422, 2.2816051257831624, 3.0594699835102155, 4.552179931637149, 4.991519351860713, 5.120968014936239, 4.690393595424589, 7.555061417354593, 7.268067414381901, 8.400579338355184], [4.184534109073553, 2.780028348776321, 2.1631131084619684, 1.0967986369429896, 2.1621085772920843, 2.783729936613823, 4.175738880725182, 5.186114813615294, 6.555564087094259, 6.915918678671693, 7.71286791342883, 4.744599091598783, 4.860632118356624, 4.38951879936742, 2.5595228989012773, 3.12818381812834, 3.0677372410296155, 2.4942611531273147, 0.0, 1.7602360835978792, 3.067563190873172, 2.495569548219404, 3.1767926734365273, 2.5334230913923554, 4.721634934003263, 4.3244072495545565, 5.071577787040241, 5.4190630204861066, 7.676396614297622, 7.912201684739842, 8.625326925977937], [4.137083789337606, 2.713177312672358, 2.154074787466768, 1.0971297917748837, 2.143096491061473, 3.48136288685911, 4.6599142856923885, 5.967070447883114, 7.189864021662717, 7.301204762229313, 8.512417791673526, 4.37104936714286, 4.795006152237972, 4.70079344153729, 3.0282317876939344, 2.490623108782218, 2.525497061966218, 3.064264317907318, 1.7602360835978792, 0.0, 2.4955702875294854, 2.394044665414578, 3.8460873599022682, 3.7277878735249943, 4.842624492978987, 4.760253931251987, 6.127986055793535, 6.1940908687231895, 8.663477524066188, 8.711062007011545, 9.327046364739482], [5.183190984326162, 4.174988489804493, 2.7837920917338637, 2.162107980652215, 1.096795710239605, 2.163168030921315, 2.7805618874608777, 4.190287487750691, 5.207541987348733, 5.195395417097721, 6.599447090476596, 5.091908823810575, 6.1456315558289045, 5.437695116499269, 4.725342089203701, 4.32712568918445, 2.5333622342649695, 3.1770474107258773, 3.067563190873172, 2.4955702875294854, 0.0, 1.760256981238819, 2.4941036826884324, 3.067661065046137, 2.5534411134780455, 3.122079641841316, 4.731667266408322, 4.374341629319777, 6.989614646745555, 6.751469932540617, 7.317534204224808], [5.962506994545163, 4.659193381906357, 3.4813938717128803, 2.143105233067196, 1.0971500672196122, 2.1540423788774445, 2.7139195290207114, 4.1431821912631355, 5.138249471366683, 5.105205815635644, 6.541135875365989, 6.14608958851073, 6.805543265603416, 6.212229836379205, 4.848273294689564, 4.765515645761747, 3.7278260970705164, 3.846371517417422, 2.495569548219404, 2.394044665414578, 1.760256981238819, 0.0, 3.064139680236526, 2.525175481030972, 3.022056425681029, 2.4846859781469366, 4.356558522503743, 4.6880667028104455, 6.711135172979307, 6.932926805469679, 7.248422555977266], [4.980327979159605, 4.287515328252483, 2.8515294089312846, 2.84286358096902, 2.1662648245309253, 1.0957276167004277, 2.1528779087537684, 2.7415436910616617, 4.158972383894849, 4.734692074464823, 5.203998887394193, 5.139206756883789, 6.014306162808807, 4.712250458114466, 4.5531522289508395, 4.993092177198414, 3.058804774744541, 2.2816051257831624, 3.1767926734365273, 3.8460873599022682, 2.4941036826884324, 3.064139680236526, 0.0, 1.7657952910799144, 2.503838321457678, 3.0618610990703026, 3.0864347879065903, 2.528447055012226, 5.434317109812419, 5.135847249480849, 6.151338186931361], [5.693839234646513, 4.665247343925079, 3.4570560192163504, 2.7609536269195103, 2.161110746815165, 1.0966070399190404, 2.160049017962324, 2.75423005211983, 4.170612571313715, 4.744293364664542, 5.216814902792699, 6.107535448935192, 6.588056207258708, 5.491407780341941, 4.570403679107568, 5.2927482615367225, 4.050562220235605, 3.0594699835102155, 2.5334230913923554, 3.7277878735249943, 3.067661065046137, 2.525175481030972, 1.7657952910799144, 0.0, 3.0667813306461875, 2.508549018855322, 2.5412825206969805, 3.0999306024490294, 5.1482484108675255, 5.447989157478198, 6.163582810346593], [7.067910266832765, 6.2430352241517895, 4.723677005257663, 4.208354904235145, 2.751111039198527, 2.1619836932780045, 1.0971261960230465, 2.159471164428921, 2.7680137915118848, 2.7313853005389044, 4.189211341052156, 7.004376394083916, 8.116138469740399, 6.988694431723283, 6.635225149156584, 6.6535390920922675, 4.566816559705459, 4.552179931637149, 4.721634934003263, 4.842624492978987, 2.5534411134780455, 3.022056425681029, 2.503838321457678, 3.0667813306461875, 0.0, 1.7607737532119225, 3.0670919647118504, 2.5047232841174294, 4.749674661489983, 4.405258940175934, 4.81433504754291], [7.593718409975446, 6.516103852763551, 5.118527704330613, 4.162567454108101, 2.7546911369516547, 2.1625815822761463, 1.0972309419625388, 2.1589321758684314, 2.7667731854996713, 2.7303810484985425, 4.1877721153377, 7.748497788603931, 8.556965044336689, 7.540411546460843, 6.655258565224946, 6.890737599125364, 5.288327109776777, 4.991519351860713, 4.3244072495545565, 4.760253931251987, 3.122079641841316, 2.4846859781469366, 3.0618610990703026, 2.508549018855322, 1.7607737532119225, 0.0, 2.5043381500907578, 3.0667713967623995, 4.4034242834412405, 4.748704937138125, 4.812771428189791], [7.847230228558353, 7.036402780540636, 5.725717042432327, 5.2019447248120585, 4.184612568685421, 2.765616410495136, 2.161395098079016, 1.0957006297342353, 2.1279175994384745, 3.105287384446084, 2.7902068561309212, 8.15388576017594, 8.805011762627009, 7.4473239126548, 6.98594340515295, 7.732552544276697, 6.090779849083367, 5.120968014936239, 5.071577787040241, 6.127986055793535, 4.731667266408322, 4.356558522503743, 3.0864347879065903, 2.5412825206969805, 3.0670919647118504, 2.5043381500907578, 0.0, 1.779556913953583, 2.607370834768234, 3.1603689167563966, 3.775845191477002], [7.335459476406369, 6.783021962223033, 5.373177054592562, 5.2403043356278465, 4.183238030521333, 2.7661046292575415, 2.1614783690798296, 1.0956260402162774, 2.1278489373073453, 3.104833617120248, 2.790503698259509, 7.443902037238265, 8.374051679444067, 6.883379929220818, 6.968119244817786, 7.521096902713062, 5.470407986613064, 4.690393595424589, 5.4190630204861066, 6.1940908687231895, 4.374341629319777, 4.6880667028104455, 2.528447055012226, 3.0999306024490294, 2.5047232841174294, 3.0667713967623995, 1.779556913953583, 0.0, 3.1609073918734154, 2.6077536578442375, 3.776033387034601], [10.254629756846416, 9.56643275939365, 8.222454676068455, 7.767254636613892, 6.626490645884894, 5.2538674574069715, 4.231831662531014, 2.8276068892262938, 2.137262492067832, 3.085842784394565, 1.092722769049863, 10.489001357612649, 11.236683995289713, 9.756691937844506, 9.542296709388154, 10.287643937267658, 8.467785985722596, 7.555061417354593, 7.676396614297622, 8.663477524066188, 6.989614646745555, 6.711135172979307, 5.434317109812419, 5.1482484108675255, 4.749674661489983, 4.4034242834412405, 2.607370834768234, 3.1609073918734154, 0.0, 1.792723252484889, 1.7782024744106057], [9.865711958596806, 9.380438358626957, 7.979372703414724, 7.7934742400292825, 6.625963484656402, 5.254345529178682, 4.232174029975611, 2.8276210884770263, 2.137292432027026, 3.0857437758180764, 1.0926795824943374, 9.943152414601718, 10.899874810748974, 9.330174113595096, 9.529295871679082, 10.128746343946027, 8.030089747941801, 7.268067414381901, 7.912201684739842, 8.711062007011545, 6.751469932540617, 6.932926805469679, 5.135847249480849, 5.447989157478198, 4.405258940175934, 4.748704937138125, 3.1603689167563966, 2.6077536578442375, 1.792723252484889, 0.0, 1.7782020863782604], [11.08381873408258, 10.419962152522436, 8.971586540852181, 8.520701048035896, 7.197192958369256, 5.982658551179401, 4.672284334241657, 3.492567806070485, 2.1397022316200918, 2.5096343976762827, 1.093525660421373, 11.159213681975984, 12.122681052061049, 10.657830665290193, 10.554487366518565, 11.059663945165784, 9.017222063362974, 8.400579338355184, 8.625326925977937, 9.327046364739482, 7.317534204224808, 7.248422555977266, 6.151338186931361, 6.163582810346593, 4.81433504754291, 4.812771428189791, 3.775845191477002, 3.776033387034601, 1.7782024744106057, 1.7782020863782604, 0.0]]}