{"total energy": -37.39107147, "HOMO-LUMO gap/eV": 4.75765989, "electronic energy": -37.7475301, "dipole": [-0.1083175, 0.94932935, 0.90419838], "partial charges": [-0.1145724, 0.08208474, -0.26421427, 0.36080689, -0.39032839, -0.11439315, 0.36082407, -0.390257, -0.26425454, 0.0820889, -0.11456992, 0.05612938, 0.05354697, 0.05780411, 0.05429167, 0.05815605, 0.103476, 0.10346681, 0.05426735, 0.05815884, 0.05353492, 0.05782926, 0.0561237], "atomic dipole moments": [[0.11280888, -0.00796304, -0.08868229], [0.15624194, 0.06100468, 0.19412715], [0.00718657, -0.05057722, -0.22337792], [-0.1188627, -0.01525522, 0.0624696], [-0.02423097, 0.03180113, 0.17382054], [0.00926204, -0.08136251, -0.07749643], [0.11196761, 0.07540966, -0.00515172], [0.00047174, 0.17666209, 0.0246796], [0.02417218, -0.22457447, -0.03864221], [-0.18328541, 0.17660486, 0.03208451], [-0.10032878, -0.10167174, -0.01578368], [-0.0147032, 0.11463356, 0.05527673], [-0.10507978, -0.02713641, -0.07073988], [0.00574114, -0.08058859, 0.10007187], [-0.0088074, 0.0885001, -0.09172245], [0.01324324, -0.12021405, -0.04502555], [0.02932009, 0.13016175, -0.0208927], [-0.04201519, -0.01878225, 0.12695603], [0.00853914, -0.08626153, 0.09386002], [0.00629388, -0.05128596, -0.11823809], [0.11488433, -0.05883743, -0.01111999], [-0.00740623, 0.09520074, -0.08612018], [-0.00534667, 0.06134142, 0.11235422]], "atomic quadrupole moments": [[0.16148329, -0.01130442, -0.14440227, -0.19071226, 0.01034774, -0.01708102], [0.35504033, 0.12292104, -0.36909438, 0.19466613, 0.11323535, 0.01405405], [0.05638821, 0.02523789, -0.06976984, 0.04328919, 0.02340773, 0.01338163], [-0.08211861, -0.06979579, 0.43341289, -0.0396894, -0.18027903, -0.35129427], [-0.10870867, -0.03270955, 0.20314295, -0.00196312, -0.05853683, -0.09443429], [0.20231199, -0.0680458, -0.10536075, 0.09484155, 0.10975875, -0.09695124], [-0.10834459, 0.08995928, -0.35103539, 0.02133898, -0.12815064, 0.45937998], [-0.1137707, 0.00682139, -0.09820553, 0.00098658, -0.04112864, 0.21197623], [0.0702514, -0.03987674, 0.00536526, -0.00932014, 0.01245711, -0.07561666], [0.41571832, -0.16324627, -0.01954384, -0.03435097, 0.06427036, -0.39617448], [0.10996195, 0.20465361, 0.03116383, 0.0318731, 0.02880773, -0.14112578], [-0.04152978, -0.00194476, 0.06943111, -0.01377306, 0.03488678, -0.02790133], [0.03666471, 0.02187143, -0.0452273, 0.05498768, 0.01967419, 0.00856259], [-0.03704225, -0.01929851, 0.0192484, 0.00143788, -0.0598757, 0.01779384], [-0.00247801, 0.00591059, 0.0010721, 0.00664875, -0.03537748, 0.00140591], [0.00175695, -0.00729225, 0.025055, 0.00363629, 0.02251444, -0.02681194], [-0.01819505, 0.02243759, 0.05884343, -0.00090816, -0.01354143, -0.04064838], [-0.01271697, 0.00406314, -0.041299, -0.02949923, -0.0115259, 0.05401597], [-0.00045068, -0.00270439, -0.00322019, -0.00190614, -0.03621249, 0.00367086], [0.00141235, -0.0029783, -0.02526735, 0.00197958, 0.02514291, 0.023855], [0.05305675, -0.05251316, -0.00267177, -0.01002104, 0.00898164, -0.05038497], [-0.04137497, 3.837e-05, 0.01195358, 0.01875724, -0.05728809, 0.02942139], [-0.04237324, 0.00699557, -0.02175266, -0.01572234, 0.03979167, 0.0641259]], "number of molecular orbitals": 56, "number of electrons": 64, "number of unpaired electrons": 0, "orbital energies/eV": [-20.3343631, -20.30453411, -19.63399613, -19.55931922, -18.76217073, -18.49406593, -17.68605666, -16.86847399, -16.73586067, -16.59531528, -16.35004686, -16.23854716, -16.15072219, -15.55557191, -15.53567263, -15.26877397, -14.9145957, -14.50630591, -14.31299399, -13.79595045, -13.77470379, -13.52107094, -13.27222521, -13.17761174, -13.02185767, -12.95573028, -12.85015651, -12.84923286, -12.0649987, -12.05275427, -11.71228669, -11.61758337, -6.85992347, -6.65249709, -0.49633858, 0.51124864, 2.48743311, 2.71829715, 3.16402842, 3.33336263, 3.4436599, 3.60812534, 3.71673883, 3.71887994, 4.05475022, 4.32130298, 4.58724034, 4.94218336, 6.07476719, 6.22412003, 6.42250361, 6.69390401, 6.87720367, 6.89009678, 15.0957491, 16.54658332], "fractional occupation": [2.0, 2.0, 2.0, 2.0, 2.0, 2.0, 2.0, 2.0, 2.0, 2.0, 2.0, 2.0, 2.0, 2.0, 2.0, 2.0, 2.0, 2.0, 2.0, 2.0, 2.0, 2.0, 2.0, 2.0, 2.0, 2.0, 2.0, 2.0, 2.0, 2.0, 2.0, 2.0, 0.0, 0.0, 0.0, 0.0, 0.0, 0.0, 0.0, 0.0, 0.0, 0.0, 0.0, 0.0, 0.0, 0.0, 0.0, 0.0, 0.0, 0.0, 0.0, 0.0, 0.0, 0.0, 0.0, 0.0], "program call": "xtb /home/svss/Project-DBcg-Debug/aqme2_20220329/End-to-End-workflows-final/example-3/QDESCP/mol_134_rdkit_conf_2/mol_134_rdkit_conf_2.xyz --pop --wbo --acc 0.2 --gfn 2 --chrg 0 --uhf 0 --etemp 300 --input /home/svss/Project-DBcg-Debug/aqme2_20220329/End-to-End-workflows-final/example-3/QDESCP/mol_134_rdkit_conf_2/mol_134_rdkit_conf_2_xtb.inp", "method": "GFN2-xTB", "xtb version": "6.3.3 (7355c4f)", "Dipole module/D": 3.344, "Total charge": 0, "Transition dipole module/D": NaN, "HOMO": -11.6176, "LUMO": -6.8599, "HOMO occupancy": 2.0, "LUMO occupancy": 0, "mulliken charges": [-0.09545, 0.20613, -0.42115, 0.58591, -0.51426, -0.1058, 0.58593, -0.5142, -0.42118, 0.20613, -0.09544, 0.04191, 0.03621, 0.04408, 0.0397, 0.04459, 0.08521, 0.0852, 0.03969, 0.04459, 0.0362, 0.04409, 0.0419], "cm5 charges": [-0.24213, 0.12374, -0.50427, 0.63718, -0.56044, -0.19217, 0.63721, -0.56039, -0.50429, 0.12374, -0.24213, 0.09514, 0.0874, 0.0973, 0.10451, 0.1094, 0.14822, 0.14821, 0.10449, 0.10941, 0.08739, 0.09733, 0.09513], "FUKUI+": [0.013, 0.018, -0.083, -0.087, -0.161, 0.021, -0.087, -0.161, -0.083, 0.018, 0.013, -0.021, -0.034, -0.019, -0.031, -0.027, -0.08, -0.08, -0.03, -0.027, -0.034, -0.019, -0.021], "FUKUI-": [0.012, 0.011, -0.055, -0.005, -0.088, -0.005, -0.005, -0.088, -0.055, 0.011, 0.012, -0.07, -0.052, -0.066, -0.072, -0.07, -0.041, -0.041, -0.072, -0.07, -0.052, -0.066, -0.07], "FUKUIrad": [0.013, 0.015, -0.069, -0.046, -0.124, 0.008, -0.046, -0.124, -0.069, 0.015, 0.013, -0.045, -0.043, -0.043, -0.051, -0.049, -0.061, -0.061, -0.051, -0.049, -0.043, -0.043, -0.045], "s proportion": [1.011, 0.994, 1.701, 0.98, 1.728, 1.042, 0.98, 1.728, 1.701, 0.994, 1.011, 0.958, 0.964, 0.956, 0.96, 0.955, 0.915, 0.915, 0.96, 0.955, 0.964, 0.956, 0.958], "p proportion": [3.084, 2.799, 4.72, 2.434, 4.786, 3.064, 2.434, 4.786, 4.721, 2.799, 3.084, 0.0, 0.0, 0.0, 0.0, 0.0, 0.0, 0.0, 0.0, 0.0, 0.0, 0.0, 0.0], "d proportion": [0.0, 0.0, 0.0, 0.0, 0.0, 0.0, 0.0, 0.0, 0.0, 0.0, 0.0, 0.0, 0.0, 0.0, 0.0, 0.0, 0.0, 0.0, 0.0, 0.0, 0.0, 0.0, 0.0], "Fermi-level/eV": -9.2388, "Coordination numbers": [3.748, 3.702, 1.703, 2.722, 0.856, 3.806, 2.722, 0.856, 1.703, 3.702, 3.748, 0.924, 0.924, 0.924, 0.924, 0.924, 0.924, 0.924, 0.924, 0.924, 0.924, 0.924, 0.924], "Dispersion coefficient C6": [22.759, 19.361, 18.38, 20.878, 21.489, 22.682, 20.878, 21.488, 18.381, 19.361, 22.759, 2.245, 2.276, 2.225, 2.267, 2.221, 1.754, 1.754, 2.267, 2.221, 2.276, 2.225, 2.245], "Total dispersion C6": 4559.988346, "Total dispersion C8": 98624.981692, "Polarizability alpha": [6.804, 6.292, 5.788, 7.48, 6.215, 6.78, 7.48, 6.215, 5.788, 6.292, 6.804, 2.343, 2.359, 2.333, 2.355, 2.331, 2.071, 2.071, 2.355, 2.33, 2.359, 2.333, 2.343], "Total polarizability alpha": 99.52109, "Wiberg matrix": [[0.0, 1.0197382942516375, 0.0, 0.0, 0.0, 0.0, 0.0, 0.0, 0.0, 0.0, 0.0, 0.985366928179443, 0.983405949586053, 0.9851973510097439, 0.0, 0.0, 0.0, 0.0, 0.0, 0.0, 0.0, 0.0, 0.0], [1.0197382942516375, 0.0, 0.9365180800592432, 0.0, 0.0, 0.0, 0.0, 0.0, 0.0, 0.0, 0.0, 0.0, 0.0, 0.0, 0.9691423994374161, 0.96890229701396, 0.0, 0.0, 0.0, 0.0, 0.0, 0.0, 0.0], [0.0, 0.9365180800592432, 0.0, 1.1266616461840555, 0.17811744900154114, 0.0, 0.0, 0.0, 0.0, 0.0, 0.0, 0.0, 0.0, 0.0, 0.0, 0.0, 0.0, 0.0, 0.0, 0.0, 0.0, 0.0, 0.0], [0.0, 0.0, 1.1266616461840555, 0.0, 1.7664305236424422, 0.97467269613572, 0.0, 0.0, 0.0, 0.0, 0.0, 0.0, 0.0, 0.0, 0.0, 0.0, 0.0, 0.0, 0.0, 0.0, 0.0, 0.0, 0.0], [0.0, 0.0, 0.17811744900154114, 1.7664305236424422, 0.0, 0.0, 0.0, 0.0, 0.0, 0.0, 0.0, 0.0, 0.0, 0.0, 0.0, 0.0, 0.0, 0.0, 0.0, 0.0, 0.0, 0.0, 0.0], [0.0, 0.0, 0.0, 0.97467269613572, 0.0, 0.0, 0.9746189319887939, 0.0, 0.0, 0.0, 0.0, 0.0, 0.0, 0.0, 0.0, 0.0, 0.9386375046741399, 0.93864474838808, 0.0, 0.0, 0.0, 0.0, 0.0], [0.0, 0.0, 0.0, 0.0, 0.0, 0.9746189319887939, 0.0, 1.7665475383801976, 1.1266012802900927, 0.0, 0.0, 0.0, 0.0, 0.0, 0.0, 0.0, 0.0, 0.0, 0.0, 0.0, 0.0, 0.0, 0.0], [0.0, 0.0, 0.0, 0.0, 0.0, 0.0, 1.7665475383801976, 0.0, 0.17812233988499393, 0.0, 0.0, 0.0, 0.0, 0.0, 0.0, 0.0, 0.0, 0.0, 0.0, 0.0, 0.0, 0.0, 0.0], [0.0, 0.0, 0.0, 0.0, 0.0, 0.0, 1.1266012802900927, 0.17812233988499393, 0.0, 0.9365153279751439, 0.0, 0.0, 0.0, 0.0, 0.0, 0.0, 0.0, 0.0, 0.0, 0.0, 0.0, 0.0, 0.0], [0.0, 0.0, 0.0, 0.0, 0.0, 0.0, 0.0, 0.0, 0.9365153279751439, 0.0, 1.019746947306643, 0.0, 0.0, 0.0, 0.0, 0.0, 0.0, 0.0, 0.9691399152155422, 0.9689057185753501, 0.0, 0.0, 0.0], [0.0, 0.0, 0.0, 0.0, 0.0, 0.0, 0.0, 0.0, 0.0, 1.019746947306643, 0.0, 0.0, 0.0, 0.0, 0.0, 0.0, 0.0, 0.0, 0.0, 0.0, 0.9834024838502486, 0.985194985994418, 0.9853658155962794], [0.985366928179443, 0.0, 0.0, 0.0, 0.0, 0.0, 0.0, 0.0, 0.0, 0.0, 0.0, 0.0, 0.0, 0.0, 0.0, 0.0, 0.0, 0.0, 0.0, 0.0, 0.0, 0.0, 0.0], [0.983405949586053, 0.0, 0.0, 0.0, 0.0, 0.0, 0.0, 0.0, 0.0, 0.0, 0.0, 0.0, 0.0, 0.0, 0.0, 0.0, 0.0, 0.0, 0.0, 0.0, 0.0, 0.0, 0.0], [0.9851973510097439, 0.0, 0.0, 0.0, 0.0, 0.0, 0.0, 0.0, 0.0, 0.0, 0.0, 0.0, 0.0, 0.0, 0.0, 0.0, 0.0, 0.0, 0.0, 0.0, 0.0, 0.0, 0.0], [0.0, 0.9691423994374161, 0.0, 0.0, 0.0, 0.0, 0.0, 0.0, 0.0, 0.0, 0.0, 0.0, 0.0, 0.0, 0.0, 0.0, 0.0, 0.0, 0.0, 0.0, 0.0, 0.0, 0.0], [0.0, 0.96890229701396, 0.0, 0.0, 0.0, 0.0, 0.0, 0.0, 0.0, 0.0, 0.0, 0.0, 0.0, 0.0, 0.0, 0.0, 0.0, 0.0, 0.0, 0.0, 0.0, 0.0, 0.0], [0.0, 0.0, 0.0, 0.0, 0.0, 0.9386375046741399, 0.0, 0.0, 0.0, 0.0, 0.0, 0.0, 0.0, 0.0, 0.0, 0.0, 0.0, 0.0, 0.0, 0.0, 0.0, 0.0, 0.0], [0.0, 0.0, 0.0, 0.0, 0.0, 0.93864474838808, 0.0, 0.0, 0.0, 0.0, 0.0, 0.0, 0.0, 0.0, 0.0, 0.0, 0.0, 0.0, 0.0, 0.0, 0.0, 0.0, 0.0], [0.0, 0.0, 0.0, 0.0, 0.0, 0.0, 0.0, 0.0, 0.0, 0.9691399152155422, 0.0, 0.0, 0.0, 0.0, 0.0, 0.0, 0.0, 0.0, 0.0, 0.0, 0.0, 0.0, 0.0], [0.0, 0.0, 0.0, 0.0, 0.0, 0.0, 0.0, 0.0, 0.0, 0.9689057185753501, 0.0, 0.0, 0.0, 0.0, 0.0, 0.0, 0.0, 0.0, 0.0, 0.0, 0.0, 0.0, 0.0], [0.0, 0.0, 0.0, 0.0, 0.0, 0.0, 0.0, 0.0, 0.0, 0.0, 0.9834024838502486, 0.0, 0.0, 0.0, 0.0, 0.0, 0.0, 0.0, 0.0, 0.0, 0.0, 0.0, 0.0], [0.0, 0.0, 0.0, 0.0, 0.0, 0.0, 0.0, 0.0, 0.0, 0.0, 0.985194985994418, 0.0, 0.0, 0.0, 0.0, 0.0, 0.0, 0.0, 0.0, 0.0, 0.0, 0.0, 0.0], [0.0, 0.0, 0.0, 0.0, 0.0, 0.0, 0.0, 0.0, 0.0, 0.0, 0.9853658155962794, 0.0, 0.0, 0.0, 0.0, 0.0, 0.0, 0.0, 0.0, 0.0, 0.0, 0.0, 0.0]], "Born radii": [], "Atomic SASAs": [], "Solvent H bonds": [], "Total SASA": NaN, "Total FOD": 0.0, "FOD": [0.0, 0.0, 0.0, 0.0, 0.0, 0.0, 0.0, 0.0, 0.0, 0.0, 0.0, 0.0, 0.0, 0.0, 0.0, 0.0, 0.0, 0.0, 0.0, 0.0, 0.0, 0.0, 0.0], "FOD s proportion": [0.0, 0.0, 0.0, 0.0, 0.0, 0.0, 0.0, 0.0, 0.0, 0.0, 0.0, 0.0, 0.0, 0.0, 0.0, 0.0, 0.0, 0.0, 0.0, 0.0, 0.0, 0.0, 0.0], "FOD p proportion": [0.0, 0.0, 0.0, 0.0, 0.0, 0.0, 0.0, 0.0, 0.0, 0.0, 0.0, 0.0, 0.0, 0.0, 0.0, 0.0, 0.0, 0.0, 0.0, 0.0, 0.0, 0.0, 0.0], "FOD d proportion": [0.0, 0.0, 0.0, 0.0, 0.0, 0.0, 0.0, 0.0, 0.0, 0.0, 0.0, 0.0, 0.0, 0.0, 0.0, 0.0, 0.0, 0.0, 0.0, 0.0, 0.0, 0.0, 0.0], "coordinates": [["-4.72320", "-0.14240", "0.25250"], ["-3.45570", "-0.19830", "-0.57780"], ["-2.34750", "0.11340", "0.27610"], ["-1.13410", "0.07460", "-0.34550"], ["-0.96590", "-0.15270", "-1.53570"], ["-0.04940", "0.43330", "0.61920"], ["1.17230", "-0.41000", "0.43930"], ["1.16800", "-1.62010", "0.26060"], ["2.29440", "0.35240", "0.58060"], ["3.52120", "-0.37610", "0.44380"], ["4.67100", "0.60040", "0.59670"], ["-4.85140", "0.85150", "0.69380"], ["-5.60030", "-0.37370", "-0.35830"], ["-4.67210", "-0.85500", "1.08240"], ["-3.51300", "0.53480", "-1.39010"], ["-3.33050", "-1.20390", "-0.99480"], ["0.18460", "1.49240", "0.46750"], ["-0.38880", "0.29920", "1.65180"], ["3.58250", "-1.14460", "1.22250"], ["3.56420", "-0.84670", "-0.54480"], ["5.63280", "0.08890", "0.50020"], ["4.61140", "1.38780", "-0.16180"], ["4.62960", "1.09480", "1.57290"]], "bond_dist": [[0.0, 1.5162714631621872, 2.389548302504053, 3.645042086176784, 4.161137899661582, 4.723378644572125, 5.904525743021195, 6.073705651412489, 7.042668983418147, 8.249929862732168, 9.429804829369484, 1.0949968675754282, 1.0935633223549512, 1.0950543274194209, 2.1497252475607205, 2.1499192612747113, 5.177383207760461, 4.576032605871597, 8.421992479811413, 8.355400920362827, 10.361543851183567, 9.468258218384204, 9.526226316858109], [1.5162714631621872, 0.0, 1.4333210875445879, 2.349098605848635, 2.6680996626812874, 3.665324985591319, 4.743173336491088, 4.909483831320763, 5.891418425133289, 7.0535390415025, 8.249886352550561, 2.1603298567579903, 2.1629273150062156, 2.160358278156658, 1.09569621246037, 1.0958081036385887, 4.147638203845654, 3.8241990037130655, 7.326173832226478, 7.049858691491624, 9.156713389093271, 8.232063630706458, 8.465795543834023], [2.389548302504053, 1.4333210875445879, 0.0, 1.3639030610714238, 2.293958807389531, 2.34548869747863, 3.5622428103654022, 3.919694216389845, 4.6580121146257225, 5.8914661358612594, 7.042676736156502, 2.6436301008272696, 3.3496921664535084, 2.6441791561843915, 2.0765814816664427, 2.0776802208232144, 2.889602977919285, 2.400745263454663, 6.135400309678253, 6.045152248703087, 7.983483522247665, 7.088169085172842, 7.164130136311037], [3.645042086176784, 2.349098605848635, 1.3639030610714238, 0.0, 1.2233284800085382, 1.4952878886689347, 2.4839945974176354, 2.922161821323385, 3.56222490867716, 4.743199665837398, 5.904523053558179, 3.9372626772924355, 4.48866117790149, 3.9268942651922782, 2.6385864416387803, 2.6230374949664745, 2.100022745114919, 2.1436241601549466, 5.117752260514375, 4.7919241511109085, 6.819556333809407, 5.896525263237664, 6.159651312371505], [4.161137899661582, 2.6680996626812874, 2.293958807389531, 1.2233284800085382, 0.0, 2.4139101598858232, 2.9221101159949465, 3.151743273174387, 3.9196183219798324, 4.909418928956868, 6.073625851169959, 4.5908820655730205, 4.786729062731668, 4.591687199712106, 2.6422668336108672, 2.6436579600999823, 2.835985631134262, 3.270690182514999, 5.411051229659538, 4.68885111941081, 6.909855357386288, 5.9470174667643265, 6.5214469606062115], [4.723378644572125, 3.665324985591319, 2.34548869747863, 1.4952878886689347, 2.4139101598858232, 0.0, 1.4953493872670691, 2.4139404052295905, 2.345513421406921, 3.6653891853389866, 4.723410295538596, 4.820753094693815, 5.6937901313624115, 4.821164425737832, 4.0055104169131805, 4.006374551886031, 1.09519938823942, 1.0951885362803977, 4.005550762379626, 4.0064199680013575, 5.693871196295189, 4.82121228427042, 4.820805631842047], [5.904525743021195, 4.743173336491088, 3.5622428103654022, 2.4839945974176354, 2.9221101159949465, 1.4953493872670691, 0.0, 1.2232310452240822, 1.3639383637100322, 2.3491489246107835, 3.6450767632520447, 6.159635881283893, 6.819501023535373, 5.896491666236797, 5.117752191147985, 4.791881453041174, 2.14370527125349, 2.100036690155674, 2.638579814976231, 2.6230412329965387, 4.488727021105204, 3.926934537269497, 3.937308127388559], [6.073705651412489, 4.909483831320763, 3.919694216389845, 2.922161821323385, 3.151743273174387, 2.4139404052295905, 1.2232310452240822, 0.0, 2.2938904093264787, 2.6680795490389713, 4.161080684149251, 6.521475688829945, 6.909879525722572, 5.947058202170213, 5.411114996005907, 4.688896869200687, 3.270709314506564, 2.8359788733345668, 2.642188886132103, 2.6435943637403985, 4.786703270519283, 4.591610581266664, 4.590804707238155], [7.042668983418147, 5.891418425133289, 4.6580121146257225, 3.56222490867716, 3.9196183219798324, 2.345513421406921, 1.3639383637100322, 2.2938904093264787, 0.0, 1.4333404096724545, 2.389558697751533, 7.164103062491493, 7.983422982029701, 7.088140817591028, 6.135374724497274, 6.045118266833164, 2.4007598068111684, 2.889612762983995, 2.076594861786959, 2.0776809211233567, 3.349747896484151, 2.644182278134395, 2.643667167023867], [8.249929862732168, 7.0535390415025, 5.8914661358612594, 4.743199665837398, 4.909418928956868, 3.6653891853389866, 2.3491489246107835, 2.6680795490389713, 1.4333404096724545, 0.0, 1.516235700674536, 8.465809619876884, 9.156698773029502, 8.232090868060192, 7.326178926288929, 7.04986635972626, 3.8242324066405797, 4.14769744436597, 1.095775355627238, 1.0957387097296507, 2.1629286904565297, 2.160238553956484, 2.1603157593277884], [9.429804829369484, 8.249886352550561, 7.042676736156502, 5.904523053558179, 6.073625851169959, 4.723410295538596, 3.6450767632520447, 4.161080684149251, 2.389558697751533, 1.516235700674536, 0.0, 9.526204983097939, 10.361491181292392, 9.468242247640266, 8.421967323612696, 8.355379883045414, 4.576039947378082, 5.177406058056486, 2.149763449777673, 2.1499132308072344, 1.0936195590789326, 1.0949306690379987, 1.0950396157217326], [1.0949968675754282, 2.1603298567579903, 2.6436301008272696, 3.9372626772924355, 4.5908820655730205, 4.820753094693815, 6.159635881283893, 6.521475688829945, 7.164103062491493, 8.465809619876884, 9.526204983097939, 0.0, 1.7801350117336607, 1.7593466685107857, 2.4968485456671172, 3.0641762237182117, 5.081659227063538, 4.597564360615303, 8.683006858801852, 8.674118777143878, 10.513681056604295, 9.516525252948158, 9.52477677953662], [1.0935633223549512, 2.1629273150062156, 3.3496921664535084, 4.48866117790149, 4.786729062731668, 5.6937901313624115, 6.819501023535373, 6.909879525722572, 7.983422982029701, 9.156698773029502, 10.361491181292392, 1.7801350117336607, 0.0, 1.7801183724685277, 2.499360874303669, 2.4992711597583805, 6.134276066497171, 5.626102440411124, 9.34970755104137, 9.178593111147265, 11.275351729325342, 10.364377038201573, 10.513652062913248], [1.0950543274194209, 2.160358278156658, 2.6441791561843915, 3.9268942651922782, 4.591687199712106, 4.821164425737832, 5.896491666236797, 5.947058202170213, 7.088140817591028, 8.232090868060192, 9.468242247640266, 1.7593466685107857, 1.7801183724685277, 0.0, 3.0640354273408787, 2.497274836696995, 5.429173386437387, 4.472477265453677, 8.260866621002908, 8.395503940800694, 10.364403893133458, 9.631280170880713, 9.516508455310698], [2.1497252475607205, 1.09569621246037, 2.0765814816664427, 2.6385864416387803, 2.6422668336108672, 4.0055104169131805, 5.117752191147985, 5.411114996005907, 6.135374724497274, 7.326178926288929, 8.421967323612696, 2.4968485456671172, 2.499360874303669, 3.0640354273408787, 0.0, 1.7923855695692263, 4.247342849358879, 4.3668396592959535, 7.745462114683667, 7.260153867515481, 9.349744303455576, 8.26088404772758, 8.683023883417572], [2.1499192612747113, 1.0958081036385887, 2.0776802208232144, 2.6230374949664745, 2.6436579600999823, 4.006374551886031, 4.791881453041174, 4.688896869200687, 6.045118266833164, 7.04986635972626, 8.355379883045414, 3.0641762237182117, 2.4992711597583805, 2.497274836696995, 1.7923855695692263, 0.0, 4.665220572491723, 4.232894997516475, 7.260131182010419, 6.918596673459149, 9.178622104106912, 8.395509126908266, 8.674116496220234], [5.177383207760461, 4.147638203845654, 2.889602977919285, 2.100022745114919, 2.835985631134262, 1.09519938823942, 2.14370527125349, 3.270709314506564, 2.4007598068111684, 3.8242324066405797, 4.576039947378082, 5.081659227063538, 6.134276066497171, 5.429173386437387, 4.247342849358879, 4.665220572491723, 0.0, 1.7762545679040491, 4.366865971151393, 4.232946522223025, 5.626167859209321, 4.472529249764611, 4.597610240113879], [4.576032605871597, 3.8241990037130655, 2.400745263454663, 2.1436241601549466, 3.270690182514999, 1.0951885362803977, 2.100036690155674, 2.8359788733345668, 2.889612762983995, 4.14769744436597, 5.177406058056486, 4.597564360615303, 5.626102440411124, 4.472477265453677, 4.3668396592959535, 4.232894997516475, 1.7762545679040491, 0.0, 4.247361606927293, 4.665227472481916, 6.134335759477141, 5.429198371767235, 5.081687035817928], [8.421992479811413, 7.326173832226478, 6.135400309678253, 5.117752260514375, 5.411051229659538, 4.005550762379626, 2.638579814976231, 2.642188886132103, 2.076594861786959, 1.095775355627238, 2.149763449777673, 8.683006858801852, 9.34970755104137, 8.260866621002908, 7.745462114683667, 7.260131182010419, 4.366865971151393, 4.247361606927293, 0.0, 1.7923249119509552, 2.4993938525170454, 3.0639796768255496, 2.4968201637282568], [8.355400920362827, 7.049858691491624, 6.045152248703087, 4.7919241511109085, 4.68885111941081, 4.0064199680013575, 2.6230412329965387, 2.6435943637403985, 2.0776809211233567, 1.0957387097296507, 2.1499132308072344, 8.674118777143878, 9.178593111147265, 8.395503940800694, 7.260153867515481, 6.918596673459149, 4.232946522223025, 4.665227472481916, 1.7923249119509552, 0.0, 2.4992955647541963, 2.49725991638836, 3.064172433137535], [10.361543851183567, 9.156713389093271, 7.983483522247665, 6.819556333809407, 6.909855357386288, 5.693871196295189, 4.488727021105204, 4.786703270519283, 3.349747896484151, 2.1629286904565297, 1.0936195590789326, 10.513681056604295, 11.275351729325342, 10.364403893133458, 9.349744303455576, 9.178622104106912, 5.626167859209321, 6.134335759477141, 2.4993938525170454, 2.4992955647541963, 0.0, 1.780068304869226, 1.780148965676749], [9.468258218384204, 8.232063630706458, 7.088169085172842, 5.896525263237664, 5.9470174667643265, 4.82121228427042, 3.926934537269497, 4.591610581266664, 2.644182278134395, 2.160238553956484, 1.0949306690379987, 9.516525252948158, 10.364377038201573, 9.631280170880713, 8.26088404772758, 8.395509126908266, 4.472529249764611, 5.429198371767235, 3.0639796768255496, 2.49725991638836, 1.780068304869226, 0.0, 1.7593647518351616], [9.526226316858109, 8.465795543834023, 7.164130136311037, 6.159651312371505, 6.5214469606062115, 4.820805631842047, 3.937308127388559, 4.590804707238155, 2.643667167023867, 2.1603157593277884, 1.0950396157217326, 9.52477677953662, 10.513652062913248, 9.516508455310698, 8.683023883417572, 8.674116496220234, 4.597610240113879, 5.081687035817928, 2.4968201637282568, 3.064172433137535, 1.780148965676749, 1.7593647518351616, 0.0]]}