{"total energy": -54.42667572, "HOMO-LUMO gap/eV": 1.29309837, "electronic energy": -54.93839575, "dipole": [-1.82911936, -2.09876036, -1.40098535], "partial charges": [0.04065461, -0.28230595, 0.51862433, -0.38674834, -0.26633045, 0.03799346, -0.23609725, 0.15932925, -0.0505778, -0.01914559, -0.00039247, 0.53141439, -0.37214758, -0.37640388, 0.03826909, -0.1159581, -0.05496371, 0.06811524, 0.0719414, 0.05751543, 0.06236231, 0.05862053, 0.07354098, 0.0762844, 0.08391275, 0.06655182, 0.05706337, 0.08707851, 0.07179927], "atomic dipole moments": [[0.24317596, -0.15804422, 0.06791551], [-0.14597371, 0.04792112, 0.12263478], [0.01072378, -0.2032309, -0.23718186], [-0.02868335, -0.36379304, -0.26447305], [0.1113692, -0.05443422, -0.15954441], [0.0190353, 0.24609825, 0.16808538], [0.02074733, 0.13880942, -0.03313298], [-0.30486738, -0.07490578, 0.09378357], [-0.00352418, -0.04724026, 0.01937481], [0.00500748, -0.03317973, 0.01797981], [0.15404909, 0.04399962, -0.03918172], [0.07492648, 0.02962264, -0.02345689], [-0.18909279, 0.05446541, -0.16057574], [-0.01331287, -0.12240546, 0.22075905], [0.03937176, -0.01813258, -0.01284469], [-0.07488805, 0.07777679, -0.00489257], [-0.0300335, 0.05235069, -0.00791969], [0.0212785, 0.11678703, 0.04254228], [-0.02517895, 0.00366052, -0.12310234], [-0.0897936, -0.06305997, 0.06101748], [0.0982242, -0.06908572, 0.03705677], [0.00838694, 0.04443854, -0.11551199], [-0.10762182, -0.06425612, 0.01442952], [-0.10628453, 0.1156437, -0.01828381], [0.02017112, 0.14916139, -0.05285371], [0.07231628, -0.00936261, -0.11292421], [-0.04626968, -0.12043455, 0.00851842], [0.07796055, 0.01972922, 0.11214258], [-0.03072677, -0.14334077, 0.0547367]], "atomic quadrupole moments": [[0.30900838, -0.37969953, -0.07517487, 0.14776973, -0.09633586, -0.23383351], [0.03678943, -0.09346088, -0.04918273, 0.02260923, -0.0464587, 0.01239329], [0.65374177, -0.16560175, -0.16845064, 0.10220524, -0.62595919, -0.48529113], [-0.34489177, 0.0255113, 0.16326991, 0.00464853, 0.53092972, 0.18162186], [-0.05412801, 0.04998394, 0.06848713, -0.03702566, 0.07980919, -0.01435912], [-0.28151773, 0.04216531, 0.28350444, 0.0089738, 0.40858843, -0.00198671], [0.0856774, -0.01932524, -0.01644259, -0.03761489, 0.00288782, -0.06923481], [0.13340265, 0.21772858, -0.39111698, -0.038494, 0.19048316, 0.25771433], [-0.2042225, 0.06531146, -0.18893405, 0.11434207, 0.21288643, 0.39315655], [-0.21470951, 0.03979908, -0.2428001, 0.1532026, 0.23511219, 0.45750961], [0.05937978, 0.15782825, -0.33726753, 0.01263906, 0.1311473, 0.27788775], [-0.17580558, -0.10362794, 0.18757697, 0.01302714, 0.14170275, -0.01177139], [-0.053147, -0.09409595, 0.0683459, 0.1118063, 0.10847485, -0.0151989], [-0.20737847, -0.04446049, 0.11905986, -0.03999436, 0.02413563, 0.08831861], [-0.20142415, -0.06272237, -0.18853283, 0.16430208, 0.20211205, 0.38995698], [0.09631808, -0.14154641, 0.042498, -0.00490614, -0.03191305, -0.13881608], [-0.17259434, -0.0037443, -0.18799736, 0.13741011, 0.20992313, 0.36059171], [-0.01038149, -0.00388843, 0.04894189, 0.0235122, 0.03120085, -0.0385604], [-0.03127945, -0.01751594, -0.04386709, 0.01079855, 0.00611551, 0.07514654], [0.03781804, 0.01040115, -0.01295477, -0.02313531, -0.03997578, -0.02486327], [0.0148759, -0.03848174, 0.0156618, 0.03371088, 0.01342743, -0.0305377], [-0.05976012, 0.0105735, 0.00589414, -0.00594954, -0.01202213, 0.05386598], [0.04876356, 0.04350684, -0.01192286, -0.02771817, 0.00657829, -0.0368407], [0.04443554, 0.00445067, 0.00258243, -0.02097229, -0.01858064, -0.04701796], [0.03850712, 0.00157266, 0.00983446, -0.01725592, -0.02064406, -0.04834158], [-0.0078456, 0.00208012, -0.02528215, -0.06046294, -0.02110847, 0.03312775], [0.00497277, 0.04622377, 0.0504228, -0.01083266, -0.01543122, -0.05539557], [-0.00503059, 0.01633265, -0.02076669, 0.05061271, 0.02373998, 0.02579728], [0.0264942, -0.00395355, 0.02053131, -0.01740984, -0.02241454, -0.04702552]], "number of molecular orbitals": 90, "number of electrons": 94, "number of unpaired electrons": 0, "orbital energies/eV": [-21.13490933, -20.96156054, -20.70177755, -20.45127952, -20.36256816, -19.50311483, -19.31636868, -18.92214779, -18.71520519, -18.35326775, -18.2569928, -18.17301047, -17.67449784, -17.32786299, -17.2593209, -17.06867531, -16.88870614, -16.66052208, -16.49330087, -16.29341874, -16.13344455, -15.97661952, -15.89370597, -15.84037609, -15.56241728, -15.50117933, -15.35019185, -14.62441759, -14.44666151, -14.34331026, -14.00722793, -13.94336257, -13.87709832, -13.61436873, -13.49753176, -13.26813349, -13.18053948, -12.89404903, -12.87538744, -12.74489486, -12.72102384, -12.52721284, -12.05278975, -12.01134329, -11.86751662, -10.29521749, -10.2302608, -8.93716244, -7.42545641, -7.11393196, -5.04816782, -4.3815856, -4.10945873, -3.71330006, -1.72736161, -1.31382813, 0.0482986, 0.51333812, 0.63247544, 1.1139604, 1.44319516, 1.63215448, 2.55650431, 2.70160166, 2.93704535, 3.02179506, 3.09141885, 3.53012622, 3.62901309, 4.03616607, 4.30799368, 4.47058084, 4.64081345, 4.69260629, 4.8728676, 5.22826185, 5.48005046, 5.97451724, 8.35189742, 8.48705329, 9.33818099, 9.99739833, 10.79528327, 10.93347318, 11.28105298, 15.0633815, 15.83646322, 27.2398276, 29.10365789, 35.16577972], "fractional occupation": [2.0, 2.0, 2.0, 2.0, 2.0, 2.0, 2.0, 2.0, 2.0, 2.0, 2.0, 2.0, 2.0, 2.0, 2.0, 2.0, 2.0, 2.0, 2.0, 2.0, 2.0, 2.0, 2.0, 2.0, 2.0, 2.0, 2.0, 2.0, 2.0, 2.0, 2.0, 2.0, 2.0, 2.0, 2.0, 2.0, 2.0, 2.0, 2.0, 2.0, 2.0, 2.0, 2.0, 2.0, 2.0, 2.0, 2.0, 0.0, 0.0, 0.0, 0.0, 0.0, 0.0, 0.0, 0.0, 0.0, 0.0, 0.0, 0.0, 0.0, 0.0, 0.0, 0.0, 0.0, 0.0, 0.0, 0.0, 0.0, 0.0, 0.0, 0.0, 0.0, 0.0, 0.0, 0.0, 0.0, 0.0, 0.0, 0.0, 0.0, 0.0, 0.0, 0.0, 0.0, 0.0, 0.0, 0.0, 0.0, 0.0, 0.0], "program call": "xtb /home/svss/Project-DBcg-Debug/aqme2_20220329/End-to-End-workflows-final/example-3/QDESCP/mol_275_rdkit_conf_10/mol_275_rdkit_conf_10.xyz --pop --wbo --acc 0.2 --gfn 2 --chrg 0 --uhf 0 --etemp 300 --input /home/svss/Project-DBcg-Debug/aqme2_20220329/End-to-End-workflows-final/example-3/QDESCP/mol_275_rdkit_conf_10/mol_275_rdkit_conf_10_xtb.inp", "method": "GFN2-xTB", "xtb version": "6.3.3 (7355c4f)", "Dipole module/D": 7.922, "Total charge": 0, "Transition dipole module/D": NaN, "HOMO": -10.2303, "LUMO": -8.9372, "HOMO occupancy": 2.0, "LUMO occupancy": 0, "mulliken charges": [0.17767, -0.37359, 0.44341, -0.17156, -0.35569, 0.1799, -0.32581, 0.27613, -0.06333, -0.00814, 0.01788, 0.67823, -0.46747, -0.46656, 0.03377, -0.08322, -0.07251, 0.03398, 0.03683, 0.03972, 0.03853, 0.03712, 0.03428, 0.06781, 0.06808, 0.05739, 0.04026, 0.06613, 0.06078], "cm5 charges": [0.06227, -0.44263, 0.404, -0.14019, -0.42089, 0.06501, -0.37177, 0.29842, -0.11163, -0.05396, 0.07344, 0.51443, -0.42985, -0.42718, 0.02487, -0.22391, -0.11954, 0.09478, 0.09633, 0.10349, 0.10159, 0.10206, 0.09384, 0.13129, 0.12901, 0.11323, 0.09231, 0.12081, 0.12035], "FUKUI+": [0.009, 0.006, -0.032, -0.044, -0.013, 0.009, -0.019, -0.059, -0.019, -0.026, -0.017, -0.119, -0.162, -0.162, -0.034, 0.025, -0.019, -0.007, -0.015, -0.013, -0.002, -0.006, -0.02, -0.058, -0.047, -0.023, -0.044, -0.033, -0.059], "FUKUI-": [0.023, -0.0, -0.147, -0.392, -0.0, 0.019, -0.0, 0.0, -0.006, -0.009, -0.02, -0.018, -0.058, -0.067, -0.019, 0.013, -0.011, -0.011, -0.038, -0.017, -0.019, -0.017, -0.037, -0.012, -0.029, -0.032, -0.03, -0.038, -0.03], "FUKUIrad": [0.016, 0.003, -0.089, -0.218, -0.006, 0.014, -0.01, -0.029, -0.012, -0.017, -0.019, -0.068, -0.11, -0.114, -0.027, 0.019, -0.015, -0.009, -0.026, -0.015, -0.011, -0.011, -0.029, -0.035, -0.038, -0.027, -0.037, -0.035, -0.044], "s proportion": [0.973, 1.647, 1.431, 1.889, 1.646, 0.972, 1.638, 1.021, 1.063, 1.068, 1.068, 1.331, 1.747, 1.748, 1.092, 1.009, 1.066, 0.966, 0.963, 0.96, 0.961, 0.963, 0.966, 0.932, 0.932, 0.943, 0.96, 0.934, 0.939], "p proportion": [2.849, 4.726, 1.931, 4.297, 4.71, 2.848, 4.688, 2.702, 3.0, 2.94, 2.914, 2.99, 4.72, 4.719, 2.874, 3.074, 3.006, 0.0, 0.0, 0.0, 0.0, 0.0, 0.0, 0.0, 0.0, 0.0, 0.0, 0.0, 0.0], "d proportion": [0.0, 0.0, 1.194, -0.014, 0.0, 0.0, 0.0, 0.0, 0.0, 0.0, 0.0, 0.0, 0.0, 0.0, 0.0, 0.0, 0.0, 0.0, 0.0, 0.0, 0.0, 0.0, 0.0, 0.0, 0.0, 0.0, 0.0, 0.0, 0.0], "Fermi-level/eV": -9.5827, "Coordination numbers": [3.875, 1.657, 4.024, 0.924, 1.657, 3.861, 1.663, 3.019, 2.913, 2.911, 2.902, 2.756, 0.926, 0.926, 2.955, 3.753, 2.919, 0.924, 0.924, 0.924, 0.924, 0.924, 0.924, 0.925, 0.925, 0.924, 0.924, 0.924, 0.925], "Dispersion coefficient C6": [19.847, 18.703, 139.206, 156.001, 18.431, 19.897, 17.927, 24.537, 29.256, 28.486, 28.038, 13.681, 21.1, 21.183, 27.141, 22.778, 29.365, 2.106, 2.064, 2.228, 2.172, 2.215, 2.047, 2.018, 1.939, 2.124, 2.234, 1.908, 2.066], "Total dispersion C6": 12585.926949, "Total dispersion C8": 351459.775629, "Polarizability alpha": [6.334, 5.838, 21.194, 21.126, 5.796, 6.343, 5.716, 8.125, 8.869, 8.752, 8.682, 5.493, 6.16, 6.172, 8.545, 6.806, 8.886, 2.27, 2.247, 2.334, 2.305, 2.328, 2.237, 2.221, 2.178, 2.279, 2.337, 2.16, 2.248], "Total polarizability alpha": 175.982661, "Wiberg matrix": [[0.0, 0.941050705936516, 0.0, 0.0, 0.0, 0.0, 0.0, 0.0, 0.0, 0.0, 0.0, 0.0, 0.0, 0.0, 0.0, 0.0, 0.0, 0.9790550525266792, 0.9768393228570373, 0.9778560126745497, 0.0, 0.0, 0.0, 0.0, 0.0, 0.0, 0.0, 0.0, 0.0], [0.941050705936516, 0.0, 1.1880974136929034, 0.0, 0.0, 0.0, 0.0, 0.0, 0.0, 0.0, 0.0, 0.0, 0.0, 0.0, 0.0, 0.0, 0.0, 0.0, 0.0, 0.0, 0.0, 0.0, 0.0, 0.0, 0.0, 0.0, 0.0, 0.0, 0.0], [0.0, 1.1880974136929034, 0.0, 1.6032543435085873, 1.2251879376315167, 0.0, 1.1930375602820382, 0.0, 0.0, 0.0, 0.0, 0.0, 0.0, 0.0, 0.0, 0.0, 0.0, 0.0, 0.0, 0.0, 0.0, 0.0, 0.0, 0.0, 0.0, 0.0, 0.0, 0.0, 0.0], [0.0, 0.0, 1.6032543435085873, 0.0, 0.0, 0.0, 0.0, 0.0, 0.0, 0.0, 0.0, 0.0, 0.0, 0.0, 0.0, 0.0, 0.0, 0.0, 0.0, 0.0, 0.0, 0.0, 0.0, 0.0, 0.0, 0.0, 0.0, 0.0, 0.0], [0.0, 0.0, 1.2251879376315167, 0.0, 0.0, 0.9368341582491458, 0.0, 0.0, 0.0, 0.0, 0.0, 0.0, 0.0, 0.0, 0.0, 0.0, 0.0, 0.0, 0.0, 0.0, 0.0, 0.0, 0.0, 0.0, 0.0, 0.0, 0.0, 0.0, 0.0], [0.0, 0.0, 0.0, 0.0, 0.9368341582491458, 0.0, 0.0, 0.0, 0.0, 0.0, 0.0, 0.0, 0.0, 0.0, 0.0, 0.0, 0.0, 0.0, 0.0, 0.0, 0.9800665417727746, 0.9767866330608237, 0.9764954972926257, 0.0, 0.0, 0.0, 0.0, 0.0, 0.0], [0.0, 0.0, 1.1930375602820382, 0.0, 0.0, 0.0, 0.0, 0.9928149908816483, 0.0, 0.0, 0.0, 0.0, 0.0, 0.0, 0.0, 0.0, 0.0, 0.0, 0.0, 0.0, 0.0, 0.0, 0.0, 0.0, 0.0, 0.0, 0.0, 0.0, 0.0], [0.0, 0.0, 0.0, 0.0, 0.0, 0.0, 0.9928149908816483, 0.0, 1.377681826476099, 0.0, 0.0, 0.0, 0.0, 0.0, 0.0, 0.0, 1.3727088475578944, 0.0, 0.0, 0.0, 0.0, 0.0, 0.0, 0.0, 0.0, 0.0, 0.0, 0.0, 0.0], [0.0, 0.0, 0.0, 0.0, 0.0, 0.0, 0.0, 1.377681826476099, 0.0, 1.4473878710587051, 0.0, 0.0, 0.0, 0.0, 0.0, 0.0, 0.0, 0.0, 0.0, 0.0, 0.0, 0.0, 0.0, 0.9525308947278919, 0.0, 0.0, 0.0, 0.0, 0.0], [0.0, 0.0, 0.0, 0.0, 0.0, 0.0, 0.0, 0.0, 1.4473878710587051, 0.0, 1.3881348852008135, 0.0, 0.0, 0.0, 0.0, 0.0, 0.10632496775694633, 0.0, 0.0, 0.0, 0.0, 0.0, 0.0, 0.0, 0.9629759688858932, 0.0, 0.0, 0.0, 0.0], [0.0, 0.0, 0.0, 0.0, 0.0, 0.0, 0.0, 0.0, 0.0, 1.3881348852008135, 0.0, 0.9512656937724899, 0.0, 0.0, 1.3506437464257772, 0.0, 0.0, 0.0, 0.0, 0.0, 0.0, 0.0, 0.0, 0.0, 0.0, 0.0, 0.0, 0.0, 0.0], [0.0, 0.0, 0.0, 0.0, 0.0, 0.0, 0.0, 0.0, 0.0, 0.0, 0.9512656937724899, 0.0, 1.4549489349817144, 1.4532353162867069, 0.0, 0.0, 0.0, 0.0, 0.0, 0.0, 0.0, 0.0, 0.0, 0.0, 0.0, 0.0, 0.0, 0.0, 0.0], [0.0, 0.0, 0.0, 0.0, 0.0, 0.0, 0.0, 0.0, 0.0, 0.0, 0.0, 1.4549489349817144, 0.0, 0.37768006109036006, 0.0, 0.0, 0.0, 0.0, 0.0, 0.0, 0.0, 0.0, 0.0, 0.0, 0.0, 0.0, 0.0, 0.0, 0.0], [0.0, 0.0, 0.0, 0.0, 0.0, 0.0, 0.0, 0.0, 0.0, 0.0, 0.0, 1.4532353162867069, 0.37768006109036006, 0.0, 0.0, 0.0, 0.0, 0.0, 0.0, 0.0, 0.0, 0.0, 0.0, 0.0, 0.0, 0.0, 0.0, 0.0, 0.0], [0.0, 0.0, 0.0, 0.0, 0.0, 0.0, 0.0, 0.0, 0.0, 0.0, 1.3506437464257772, 0.0, 0.0, 0.0, 0.0, 1.0342323063282832, 1.4167526612322074, 0.0, 0.0, 0.0, 0.0, 0.0, 0.0, 0.0, 0.0, 0.0, 0.0, 0.0, 0.0], [0.0, 0.0, 0.0, 0.0, 0.0, 0.0, 0.0, 0.0, 0.0, 0.0, 0.0, 0.0, 0.0, 0.0, 1.0342323063282832, 0.0, 0.0, 0.0, 0.0, 0.0, 0.0, 0.0, 0.0, 0.0, 0.0, 0.9712805525643466, 0.9814645752433474, 0.9564174996084628, 0.0], [0.0, 0.0, 0.0, 0.0, 0.0, 0.0, 0.0, 1.3727088475578944, 0.0, 0.10632496775694633, 0.0, 0.0, 0.0, 0.0, 1.4167526612322074, 0.0, 0.0, 0.0, 0.0, 0.0, 0.0, 0.0, 0.0, 0.0, 0.0, 0.0, 0.0, 0.0, 0.9626674482865346], [0.9790550525266792, 0.0, 0.0, 0.0, 0.0, 0.0, 0.0, 0.0, 0.0, 0.0, 0.0, 0.0, 0.0, 0.0, 0.0, 0.0, 0.0, 0.0, 0.0, 0.0, 0.0, 0.0, 0.0, 0.0, 0.0, 0.0, 0.0, 0.0, 0.0], [0.9768393228570373, 0.0, 0.0, 0.0, 0.0, 0.0, 0.0, 0.0, 0.0, 0.0, 0.0, 0.0, 0.0, 0.0, 0.0, 0.0, 0.0, 0.0, 0.0, 0.0, 0.0, 0.0, 0.0, 0.0, 0.0, 0.0, 0.0, 0.0, 0.0], [0.9778560126745497, 0.0, 0.0, 0.0, 0.0, 0.0, 0.0, 0.0, 0.0, 0.0, 0.0, 0.0, 0.0, 0.0, 0.0, 0.0, 0.0, 0.0, 0.0, 0.0, 0.0, 0.0, 0.0, 0.0, 0.0, 0.0, 0.0, 0.0, 0.0], [0.0, 0.0, 0.0, 0.0, 0.0, 0.9800665417727746, 0.0, 0.0, 0.0, 0.0, 0.0, 0.0, 0.0, 0.0, 0.0, 0.0, 0.0, 0.0, 0.0, 0.0, 0.0, 0.0, 0.0, 0.0, 0.0, 0.0, 0.0, 0.0, 0.0], [0.0, 0.0, 0.0, 0.0, 0.0, 0.9767866330608237, 0.0, 0.0, 0.0, 0.0, 0.0, 0.0, 0.0, 0.0, 0.0, 0.0, 0.0, 0.0, 0.0, 0.0, 0.0, 0.0, 0.0, 0.0, 0.0, 0.0, 0.0, 0.0, 0.0], [0.0, 0.0, 0.0, 0.0, 0.0, 0.9764954972926257, 0.0, 0.0, 0.0, 0.0, 0.0, 0.0, 0.0, 0.0, 0.0, 0.0, 0.0, 0.0, 0.0, 0.0, 0.0, 0.0, 0.0, 0.0, 0.0, 0.0, 0.0, 0.0, 0.0], [0.0, 0.0, 0.0, 0.0, 0.0, 0.0, 0.0, 0.0, 0.9525308947278919, 0.0, 0.0, 0.0, 0.0, 0.0, 0.0, 0.0, 0.0, 0.0, 0.0, 0.0, 0.0, 0.0, 0.0, 0.0, 0.0, 0.0, 0.0, 0.0, 0.0], [0.0, 0.0, 0.0, 0.0, 0.0, 0.0, 0.0, 0.0, 0.0, 0.9629759688858932, 0.0, 0.0, 0.0, 0.0, 0.0, 0.0, 0.0, 0.0, 0.0, 0.0, 0.0, 0.0, 0.0, 0.0, 0.0, 0.0, 0.0, 0.0, 0.0], [0.0, 0.0, 0.0, 0.0, 0.0, 0.0, 0.0, 0.0, 0.0, 0.0, 0.0, 0.0, 0.0, 0.0, 0.0, 0.9712805525643466, 0.0, 0.0, 0.0, 0.0, 0.0, 0.0, 0.0, 0.0, 0.0, 0.0, 0.0, 0.0, 0.0], [0.0, 0.0, 0.0, 0.0, 0.0, 0.0, 0.0, 0.0, 0.0, 0.0, 0.0, 0.0, 0.0, 0.0, 0.0, 0.9814645752433474, 0.0, 0.0, 0.0, 0.0, 0.0, 0.0, 0.0, 0.0, 0.0, 0.0, 0.0, 0.0, 0.0], [0.0, 0.0, 0.0, 0.0, 0.0, 0.0, 0.0, 0.0, 0.0, 0.0, 0.0, 0.0, 0.0, 0.0, 0.0, 0.9564174996084628, 0.0, 0.0, 0.0, 0.0, 0.0, 0.0, 0.0, 0.0, 0.0, 0.0, 0.0, 0.0, 0.0], [0.0, 0.0, 0.0, 0.0, 0.0, 0.0, 0.0, 0.0, 0.0, 0.0, 0.0, 0.0, 0.0, 0.0, 0.0, 0.0, 0.9626674482865346, 0.0, 0.0, 0.0, 0.0, 0.0, 0.0, 0.0, 0.0, 0.0, 0.0, 0.0, 0.0]], "Born radii": [], "Atomic SASAs": [], "Solvent H bonds": [], "Total SASA": NaN, "Total FOD": 0.0, "FOD": [0.0, 0.0, 0.0, 0.0, 0.0, 0.0, 0.0, 0.0, 0.0, 0.0, 0.0, 0.0, 0.0, 0.0, 0.0, 0.0, 0.0, 0.0, 0.0, 0.0, 0.0, 0.0, 0.0, 0.0, 0.0, 0.0, 0.0, 0.0, 0.0], "FOD s proportion": [0.0, 0.0, 0.0, 0.0, 0.0, 0.0, 0.0, 0.0, 0.0, 0.0, 0.0, 0.0, 0.0, 0.0, 0.0, 0.0, 0.0, 0.0, 0.0, 0.0, 0.0, 0.0, 0.0, 0.0, 0.0, 0.0, 0.0, 0.0, 0.0], "FOD p proportion": [0.0, 0.0, 0.0, 0.0, 0.0, 0.0, 0.0, 0.0, 0.0, 0.0, 0.0, 0.0, 0.0, 0.0, 0.0, 0.0, 0.0, 0.0, 0.0, 0.0, 0.0, 0.0, 0.0, 0.0, 0.0, 0.0, 0.0, 0.0, 0.0], "FOD d proportion": [0.0, 0.0, 0.0, 0.0, 0.0, 0.0, 0.0, 0.0, 0.0, 0.0, 0.0, 0.0, 0.0, 0.0, 0.0, 0.0, 0.0, 0.0, 0.0, 0.0, 0.0, 0.0, 0.0, 0.0, 0.0, 0.0, 0.0, 0.0, 0.0], "coordinates": [["-3.81110", "1.57780", "-0.72490"], ["-2.61120", "0.86200", "-0.50200"], ["-2.29120", "0.35210", "1.00320"], ["-2.25770", "1.69580", "2.39980"], ["-3.42010", "-0.79370", "1.20740"], ["-3.42480", "-1.91460", "0.34610"], ["-0.95400", "-0.53310", "0.80220"], ["0.27040", "-0.07570", "0.40440"], ["0.51760", "1.20920", "-0.07070"], ["1.81210", "1.57120", "-0.45010"], ["2.85450", "0.63690", "-0.35520"], ["4.18830", "1.07840", "-0.75320"], ["5.12920", "0.82860", "0.01170"], ["4.28170", "1.69060", "-1.82630"], ["2.62340", "-0.67390", "0.09730"], ["3.70210", "-1.71470", "0.20530"], ["1.31410", "-1.00650", "0.48510"], ["-3.70260", "2.60610", "-0.37100"], ["-4.00930", "1.59710", "-1.79960"], ["-4.65390", "1.09610", "-0.22210"], ["-2.59680", "-2.58210", "0.59840"], ["-3.34990", "-1.60710", "-0.69990"], ["-4.36420", "-2.45580", "0.48480"], ["-0.26800", "1.95340", "-0.15980"], ["1.99930", "2.58050", "-0.81320"], ["4.32310", "-1.72950", "-0.69610"], ["3.27480", "-2.71820", "0.30850"], ["4.32770", "-1.52410", "1.08270"], ["1.09650", "-2.00680", "0.85770"]], "bond_dist": [[0.0, 1.4148547840679622, 2.6074443637400972, 3.4915219675665794, 3.083938478634099, 3.673299123403919, 3.8666463026762607, 4.546209738892388, 4.393345796770385, 5.629914461161911, 6.741824253123185, 8.015023494039177, 9.001824497844868, 8.168183252106921, 6.8665097378508095, 8.255543745265966, 5.86603627077092, 1.092894482555384, 1.0929939707061516, 1.0932312518401586, 4.531050142075235, 3.2182166567836914, 4.247260606555712, 3.607488181546822, 5.896944322274037, 8.780903846985229, 8.350659277566054, 8.895463271241132, 6.280009369419763], [1.4148547840679622, 0.0, 1.6211184564984757, 3.0398401158613586, 2.513505532120429, 3.0150831049906404, 2.5285477037224355, 3.1629828975193655, 3.177413566094285, 4.480093876248577, 5.472302690824037, 6.8075789125062665, 7.75749930132127, 7.067702516376874, 5.48809497549013, 6.8554659265435784, 4.457985952198594, 2.061601263581297, 2.044216568761734, 2.0750349659704534, 3.6156482586114485, 2.584820479259633, 3.88002320611617, 2.6074587321758327, 4.930192485086155, 7.40527268572873, 6.936839214656773, 7.506868888557999, 4.881171664672325], [2.6074443637400972, 1.6211184564984757, 0.0, 1.9383352393226512, 1.6214100314232671, 2.618159326702636, 1.6161942581261697, 2.665214595487575, 3.126857697433639, 4.520548262102729, 5.3295956779102855, 6.752508637536126, 7.501497227887244, 7.280155692703281, 5.101629540646792, 6.389675386120956, 3.8874682841149966, 2.993491539991386, 3.5153350409313764, 2.7635570158764593, 2.9777145665761857, 2.8035441747901886, 3.528508179103458, 2.830206517199761, 5.164636073335661, 7.139302734861437, 6.394505937130718, 6.880136909974975, 4.1306283722939785], [3.4915219675665794, 3.0398401158613586, 1.9383352393226512, 0.0, 2.9950962872669056, 4.314486558097036, 3.0364378241617263, 3.675747953818379, 3.747324365463977, 4.9699826166698005, 5.9030401531753105, 7.2023265518858555, 7.811616289859609, 7.7861223089545675, 5.894244781988614, 7.208783291235768, 4.870960543876331, 3.254798724959809, 4.551132233851264, 3.6021901865392953, 4.654079842460805, 4.659419420915014, 5.033919924869684, 3.2522017172986057, 5.406302996503248, 8.038918182193424, 7.3800737083040024, 7.4478185786175, 5.228573114148831], [3.083938478634099, 2.513505532120429, 1.6214100314232671, 2.9950962872669056, 0.0, 1.4136041136046544, 2.5127173756712073, 3.844492586805182, 4.598981333947769, 5.976284389150169, 6.622608268650653, 8.07690914459238, 8.783626031998404, 8.642499951981488, 6.14577629758845, 7.251081178003734, 4.793709499959296, 3.7589616717918264, 3.8865319090417874, 2.6715307840262668, 2.060844111037999, 2.0746905528295057, 2.043539082082846, 4.399037242397477, 6.696114273218462, 8.028460632649326, 7.023774446122256, 7.783150974380492, 4.689731043460808], [3.673299123403919, 3.0150831049906404, 2.618159326702636, 4.314486558097036, 1.4136041136046544, 0.0, 2.8673022338079392, 4.127887491199342, 5.047213730366488, 6.341124323808831, 6.814072382210215, 8.253835538705626, 8.989320641739285, 8.781055235562523, 6.179155376748508, 7.131093062076809, 4.827125419957514, 4.585644310236021, 4.156645959183919, 3.30118956438433, 1.093067033626026, 1.0928322195103877, 1.0929810108140035, 5.018241230750072, 7.139381017287143, 7.819871946521886, 6.747727534511156, 7.79719988585646, 4.5510865834435625], [3.8666463026762607, 2.5285477037224355, 1.6161942581261697, 3.0364378241617263, 2.5127173756712073, 2.8673022338079392, 0.0, 1.3662411792944904, 2.441960331373137, 3.69427164539913, 4.148872980702108, 5.608872498105122, 6.2836644865874245, 6.266291441514669, 3.6489038641761993, 4.84063377875253, 2.3385759726808106, 4.3342562037793755, 4.543343853374957, 4.170460782695361, 2.6341464044354104, 3.0249160682571015, 3.9277197061399383, 2.752947919957804, 4.585411978219623, 5.61462912933704, 4.785514720487233, 5.381181667626545, 2.5257518068883966], [4.546209738892388, 3.1629828975193655, 2.665214595487575, 3.675747953818379, 3.844492586805182, 4.127887491199342, 1.3662411792944904, 0.0, 1.392047362699991, 2.4123202005538156, 2.786101887943081, 4.245223784442936, 4.957812947258096, 4.917963589739152, 2.447194853296321, 3.8082183104438747, 1.4007893560417999, 4.855720893955912, 5.096244492761312, 5.1004262547359716, 3.8132024336507495, 4.083042559170796, 5.210648455806629, 2.173808411521126, 3.395149983432249, 4.513372572699931, 4.002302140018917, 4.3611508504063465, 2.148736677678305], [4.393345796770385, 3.177413566094285, 3.126857697433639, 3.747324365463977, 4.598981333947769, 5.047213730366488, 2.441960331373137, 1.392047362699991, 0.0, 1.3966812843308243, 2.422719370872326, 3.735900611633024, 4.628012605860101, 4.18118716753986, 2.8299617046878924, 4.332021174925164, 2.4192255744349267, 4.4555131848082326, 4.8613151749295165, 5.1749517698235605, 4.9518822542544365, 4.825452784972618, 6.129663652273264, 1.0857899474576103, 2.1510938682447125, 4.848599086334114, 4.813565751083078, 4.828884183742659, 3.397014537796387], [5.629914461161911, 4.480093876248577, 4.520548262102729, 4.9699826166698005, 5.976284389150169, 6.341124323808831, 3.69427164539913, 2.4123202005538156, 1.3966812843308243, 0.0, 1.403039650188119, 2.445618099785819, 3.4304323940284847, 2.829683190747685, 2.449148517342303, 3.8469192830107573, 2.7869589752990622, 5.611523047266223, 5.975827894108062, 6.48743863246505, 6.147166204845937, 6.067143885717562, 7.4321900338998335, 2.13475219639189, 1.0888397219058457, 4.154546604624866, 4.594988314457393, 4.27300845891978, 3.8761460498799583], [6.741824253123185, 5.472302690824037, 5.3295956779102855, 5.9030401531753105, 6.622608268650653, 6.814072382210215, 4.148872980702108, 2.786101887943081, 2.422719370872326, 1.403039650188119, 0.0, 1.4602563781747369, 2.3120606804320687, 2.3046298488043586, 1.4058307508373828, 2.5617588820964396, 2.4041006239340317, 6.84642670960553, 7.079549833146172, 7.5236062370381935, 6.4021860055765325, 6.606733947269255, 7.898102492371189, 3.394312840620322, 2.172259652988104, 2.8058595349731963, 3.4458447135644406, 2.984593045961208, 3.3986526889342485], [8.015023494039177, 6.8075789125062665, 6.752508637536126, 7.2023265518858555, 8.07690914459238, 8.253835538705626, 5.608872498105122, 4.245223784442936, 3.735900611633024, 2.445618099785819, 1.4602563781747369, 0.0, 1.2380488116387012, 1.2389737729266106, 2.498563097061989, 2.992744609885715, 3.7604814239668833, 8.046505262534787, 8.280377310847616, 8.858153382054297, 7.8271108858888665, 8.002450273509982, 9.336405619401933, 4.57999544213747, 2.655489674240892, 2.8117136874155593, 4.046709861109393, 3.1879409373449814, 4.655393118738739], [9.001824497844868, 7.75749930132127, 7.501497227887244, 7.811616289859609, 8.783626031998404, 8.989320641739285, 6.2836644865874245, 4.957812947258096, 4.628012605860101, 3.4304323940284847, 2.3120606804320687, 1.2380488116387012, 0.0, 2.199896418016085, 2.9229894372029466, 2.922750461466048, 4.259892907104591, 9.017020393677726, 9.347918602020453, 9.789548728107953, 8.46570536813088, 8.850657933735773, 10.056627194541917, 5.515827692196339, 3.68047383226671, 2.773923874225823, 4.013312826082712, 2.7064073122868995, 5.001787525475268], [8.168183252106921, 7.067702516376874, 7.280155692703281, 7.7861223089545675, 8.642499951981488, 8.781055235562523, 6.266291441514669, 4.917963589739152, 4.18118716753986, 2.829683190747685, 2.3046298488043586, 1.2389737729266106, 2.199896418016085, 0.0, 3.470022492722489, 4.007418472034085, 4.628560049302591, 8.167318092862551, 8.291570185435326, 9.097902794050947, 8.452744976041807, 8.389572147016795, 9.863336300664193, 4.852427864481862, 2.650970271428935, 3.6022423585872176, 5.000873532694064, 4.335745966958858, 5.569571060683219], [6.8665097378508095, 5.48809497549013, 5.101629540646792, 5.894244781988614, 6.14577629758845, 6.179155376748508, 3.6489038641761993, 2.447194853296321, 2.8299617046878924, 2.449148517342303, 1.4058307508373828, 2.498563097061989, 2.9229894372029466, 3.470022492722489, 0.0, 1.502838091745082, 1.4054458687548235, 7.141147029014317, 7.262807990026998, 7.496266514072189, 5.58057492468294, 6.098090108386396, 7.221625690936911, 3.915226642226475, 3.4365142833982225, 2.1523835647950857, 2.1559429236415326, 2.1444094035421504, 2.1647757805370973], [8.255543745265966, 6.8554659265435784, 6.389675386120956, 7.208783291235768, 7.251081178003734, 7.131093062076809, 4.84063377875253, 3.8082183104438747, 4.332021174925164, 3.8469192830107573, 2.5617588820964396, 2.992744609885715, 2.922750461466048, 4.007418472034085, 1.502838091745082, 0.0, 2.506467490313808, 8.592497682280746, 8.628634492780419, 8.8264377525704, 6.370482837273797, 7.110672879552258, 8.105093777989246, 5.417559379462306, 4.731343691806799, 1.094706353320378, 1.0955582047522625, 1.0943191856126804, 2.7018696360113306], [5.86603627077092, 4.457985952198594, 3.8874682841149966, 4.870960543876331, 4.793709499959296, 4.827125419957514, 2.3385759726808106, 1.4007893560417999, 2.4192255744349267, 2.7869589752990622, 2.4041006239340317, 3.7604814239668833, 4.259892907104591, 4.628560049302591, 1.4054458687548235, 2.506467490313808, 0.0, 6.241078821806371, 6.351155375992622, 6.366952379278488, 4.217877553936339, 4.849519704053175, 5.860337999637905, 3.417593368146656, 3.8757774613617846, 3.3124074990858237, 2.608725539415751, 3.115577070142866, 1.0893946071098388], [1.092894482555384, 2.061601263581297, 2.993491539991386, 3.254798724959809, 3.7589616717918264, 4.585644310236021, 4.3342562037793755, 4.855720893955912, 4.4555131848082326, 5.611523047266223, 6.84642670960553, 8.046505262534787, 9.017020393677726, 8.167318092862551, 7.141147029014317, 8.592497682280746, 6.241078821806371, 0.0, 1.7756812354699254, 1.7908776898493097, 5.392582798622567, 4.2407106409185715, 5.176189699962705, 3.502441989526736, 5.719078580505779, 9.127703865704673, 8.803067732330588, 9.146448153245062, 6.7690406196151605], [1.0929939707061516, 2.044216568761734, 3.5153350409313764, 4.551132233851264, 3.8865319090417874, 4.156645959183919, 4.543343853374957, 5.096244492761312, 4.8613151749295165, 5.975827894108062, 7.079549833146172, 8.280377310847616, 9.347918602020453, 8.291570185435326, 7.262807990026998, 8.628634492780419, 6.351155375992622, 1.7756812354699254, 0.0, 1.7762365861562477, 5.021082840384134, 3.451238341523228, 4.665879957735733, 4.100392593398832, 6.167927891926104, 9.0395171093372, 8.724907593206932, 9.357088849102588, 6.791062666475697], [1.0932312518401586, 2.0750349659704534, 2.7635570158764593, 3.6021901865392953, 2.6715307840262668, 3.30118956438433, 4.170460782695361, 5.1004262547359716, 5.1749517698235605, 6.48743863246505, 7.5236062370381935, 8.858153382054297, 9.789548728107953, 9.097902794050947, 7.496266514072189, 8.8264377525704, 6.366952379278488, 1.7908776898493097, 1.7762365861562477, 0.0, 4.293487614981555, 3.0390786564352035, 3.6331291347817514, 4.469335900332397, 6.842361639814137, 9.42312158257549, 8.814459968710505, 9.446538500424376, 6.622768047425487], [4.531050142075235, 3.6156482586114485, 2.9777145665761857, 4.654079842460805, 2.060844111037999, 1.093067033626026, 2.6341464044354104, 3.8132024336507495, 4.9518822542544365, 6.147166204845937, 6.4021860055765325, 7.8271108858888665, 8.46570536813088, 8.452744976041807, 5.58057492468294, 6.370482837273797, 4.217877553936339, 5.392582798622567, 5.021082840384134, 4.293487614981555, 0.0, 1.7897953793660324, 1.7755448206114093, 5.154506468130581, 7.054728097524382, 7.091380191471897, 5.8803275231912036, 7.021581783330591, 3.746821515631616], [3.2182166567836914, 2.584820479259633, 2.8035441747901886, 4.659419420915014, 2.0746905528295057, 1.0928322195103877, 3.0249160682571015, 4.083042559170796, 4.825452784972618, 6.067143885717562, 6.606733947269255, 8.002450273509982, 8.850657933735773, 8.389572147016795, 6.098090108386396, 7.110672879552258, 4.849519704053175, 4.2407106409185715, 3.451238341523228, 3.0390786564352035, 1.7897953793660324, 0.0, 1.7755591429180837, 4.739934163044884, 6.794319045349577, 7.673977143567734, 6.792500560176642, 7.882264491883027, 4.728250290540888], [4.247260606555712, 3.88002320611617, 3.528508179103458, 5.033919924869684, 2.043539082082846, 1.0929810108140035, 3.9277197061399383, 5.210648455806629, 6.129663652273264, 7.4321900338998335, 7.898102492371189, 9.336405619401933, 10.056627194541917, 9.863336300664193, 7.221625690936911, 8.105093777989246, 5.860337999637905, 5.176189699962705, 4.665879957735733, 3.6331291347817514, 1.7755448206114093, 1.7755591429180837, 0.0, 6.052719078232526, 8.218470291970398, 8.797227846884494, 7.645538336180128, 8.76211589229451, 5.491802973523359], [3.607488181546822, 2.6074587321758327, 2.830206517199761, 3.2522017172986057, 4.399037242397477, 5.018241230750072, 2.752947919957804, 2.173808411521126, 1.0857899474576103, 2.13475219639189, 3.394312840620322, 4.57999544213747, 5.515827692196339, 4.852427864481862, 3.915226642226475, 5.417559379462306, 3.417593368146656, 3.502441989526736, 4.100392593398832, 4.469335900332397, 5.154506468130581, 4.739934163044884, 6.052719078232526, 0.0, 2.4414821850670956, 5.910124305799329, 5.881716015755945, 5.8955297463417144, 4.310493073883776], [5.896944322274037, 4.930192485086155, 5.164636073335661, 5.406302996503248, 6.696114273218462, 7.139381017287143, 4.585411978219623, 3.395149983432249, 2.1510938682447125, 1.0888397219058457, 2.172259652988104, 2.655489674240892, 3.68047383226671, 2.650970271428935, 3.4365142833982225, 4.731343691806799, 3.8757774613617846, 5.719078580505779, 6.167927891926104, 6.842361639814137, 7.054728097524382, 6.794319045349577, 8.218470291970398, 2.4414821850670956, 0.0, 4.897944349418437, 5.564290864971025, 5.085629216724318, 4.964904424054908], [8.780903846985229, 7.40527268572873, 7.139302734861437, 8.038918182193424, 8.028460632649326, 7.819871946521886, 5.61462912933704, 4.513372572699931, 4.848599086334114, 4.154546604624866, 2.8058595349731963, 2.8117136874155593, 2.773923874225823, 3.6022423585872176, 2.1523835647950857, 1.094706353320378, 3.3124074990858237, 9.127703865704673, 9.0395171093372, 9.42312158257549, 7.091380191471897, 7.673977143567734, 8.797227846884494, 5.910124305799329, 4.897944349418437, 0.0, 1.7566108675514904, 1.7906255219894527, 3.5919545222622187], [8.350659277566054, 6.936839214656773, 6.394505937130718, 7.3800737083040024, 7.023774446122256, 6.747727534511156, 4.785514720487233, 4.002302140018917, 4.813565751083078, 4.594988314457393, 3.4458447135644406, 4.046709861109393, 4.013312826082712, 5.000873532694064, 2.1559429236415326, 1.0955582047522625, 2.608725539415751, 8.803067732330588, 8.724907593206932, 8.814459968710505, 5.8803275231912036, 6.792500560176642, 7.645538336180128, 5.881716015755945, 5.564290864971025, 1.7566108675514904, 0.0, 1.7702708436846606, 2.356417087444411], [8.895463271241132, 7.506868888557999, 6.880136909974975, 7.4478185786175, 7.783150974380492, 7.79719988585646, 5.381181667626545, 4.3611508504063465, 4.828884183742659, 4.27300845891978, 2.984593045961208, 3.1879409373449814, 2.7064073122868995, 4.335745966958858, 2.1444094035421504, 1.0943191856126804, 3.115577070142866, 9.146448153245062, 9.357088849102588, 9.446538500424376, 7.021581783330591, 7.882264491883027, 8.76211589229451, 5.8955297463417144, 5.085629216724318, 1.7906255219894527, 1.7702708436846606, 0.0, 3.2747943034639597], [6.280009369419763, 4.881171664672325, 4.1306283722939785, 5.228573114148831, 4.689731043460808, 4.5510865834435625, 2.5257518068883966, 2.148736677678305, 3.397014537796387, 3.8761460498799583, 3.3986526889342485, 4.655393118738739, 5.001787525475268, 5.569571060683219, 2.1647757805370973, 2.7018696360113306, 1.0893946071098388, 6.7690406196151605, 6.791062666475697, 6.622768047425487, 3.746821515631616, 4.728250290540888, 5.491802973523359, 4.310493073883776, 4.964904424054908, 3.5919545222622187, 2.356417087444411, 3.2747943034639597, 0.0]]}