{"total energy": -71.528683, "HOMO-LUMO gap/eV": 1.21144842, "electronic energy": -72.28131044, "dipole": [1.55275162, 0.5501329, -1.44369753], "partial charges": [-0.11476401, 0.09111476, -0.27338119, 0.38577725, -0.3705162, -0.27164007, 0.09520928, -0.11433494, -0.10434663, 0.09680599, 0.01888967, -0.18270665, -0.09242185, 0.28296271, -0.37307523, -0.01939291, -0.00861182, -0.01837787, -0.01821651, -0.00846864, -0.01885649, 0.28107241, -0.36830046, 0.05986188, 0.05620592, 0.06009785, 0.05809135, 0.04514902, 0.0484155, 0.05768523, 0.05912229, 0.06226253, 0.05627019, 0.09711668, 0.09519589, 0.09128055, 0.07027953, 0.058567, 0.05884571, 0.07113227], "atomic dipole moments": [[-0.032514, -0.08530234, 0.11702112], [0.0571971, -0.23858714, -0.13659692], [0.01121552, 0.07335123, 0.16476494], [0.16885397, 0.05127595, -0.18718962], [0.30620955, 0.00949177, -0.28828751], [-0.18026784, 0.0760164, 0.00042894], [0.2661367, 0.05230848, 0.08433571], [-0.04671031, 0.07491502, 0.11934042], [-0.23262671, -0.20839357, -0.37922963], [0.07111299, 0.12814229, 0.09640774], [0.12246613, -0.16032262, -0.04745959], [-0.00247106, 0.04230461, 0.04477196], [-0.03153446, 0.00032418, 0.003473], [-0.10319017, -0.06684107, -0.01471795], [0.04025323, -0.18351134, 0.04015795], [-0.08443818, 0.02482124, -0.02451918], [-0.01667048, -0.01844131, -0.00084667], [-0.02730794, -0.00071704, -0.00662005], [-0.02711603, 0.00423613, -0.00732982], [-0.0127105, 0.02098141, -0.00609347], [-0.08928969, -0.01373563, -0.02025162], [-0.0919871, 0.08070272, -0.03539435], [0.0785486, 0.17235556, -0.00697551], [-0.07523217, -0.02045866, -0.10191329], [0.11743305, -0.01985403, -0.04578025], [-0.01090169, 0.12460864, 0.03720309], [-0.1177437, 0.01285604, 0.0357919], [0.07900939, 0.01419797, 0.09318074], [-0.05721987, 0.1067171, -0.02710665], [-0.06451799, -0.07117245, 0.07809636], [-0.1056123, -0.03586852, -0.06738113], [0.07053778, -0.10465849, 0.02731576], [0.07658826, 0.06809228, -0.07601657], [-0.05015204, -0.12141883, -0.00996494], [0.03360928, 0.13327176, 0.00072006], [-0.12682602, -7.125e-05, -0.04261408], [0.01393847, 0.15562487, -0.02030532], [0.13655941, 0.06613131, 0.02501797], [0.12080143, -0.08426188, 0.04426474], [-0.0187092, -0.1554456, 0.01945665]], "atomic quadrupole moments": [[-0.12644966, 0.05585444, 0.03614115, -0.07184041, -0.20232837, 0.09030851], [-0.37614448, -0.04844669, 0.48615474, -0.08014986, 0.09537887, -0.11001026], [-0.11060199, -0.0367192, 0.11973914, 0.00480563, 0.01230676, -0.00913714], [0.04672413, -0.02168279, 0.59068437, 0.81079942, 0.3177752, -0.63740851], [0.21194968, 0.08461544, -0.36265182, -0.50325085, -0.06411807, 0.15070214], [0.05229348, 0.01698328, -0.02944352, 0.05173213, 0.08517, -0.02284996], [0.22816023, 0.13918097, -0.24473391, 0.26333985, 0.25507826, 0.01657368], [-0.11552095, -0.04314998, -0.03813791, -0.0805909, 0.18547701, 0.15365885], [0.44844864, -0.05523599, -0.5189782, -0.09676719, 0.31788394, 0.07052956], [0.13207218, -0.15611191, -0.24980191, -0.08394951, 0.0621515, 0.11772972], [-0.13583391, -0.2008769, -0.14479498, -0.25042274, 0.08837962, 0.2806289], [-0.09213723, -0.17674363, -0.14683363, -0.32678121, 0.26876313, 0.23897086], [0.06274758, -0.00117567, -0.02696637, 0.01575449, -0.00270539, -0.03578121], [-0.24489238, -0.01277125, -0.16986366, -0.18371972, 0.08773059, 0.41475604], [-0.11207492, -0.03210787, -0.09335583, -0.08285909, 0.0418659, 0.20543075], [-0.13017738, -0.13019071, -0.14083189, -0.09081347, 0.03482089, 0.27100927], [-0.21028434, -0.00723554, -0.3014772, -0.20396776, 0.13528032, 0.51176154], [-0.21586257, -0.04432626, -0.28586332, -0.19596763, 0.12115372, 0.50172589], [-0.21173794, -0.02518754, -0.28881529, -0.19815327, 0.12672897, 0.50055322], [-0.22247317, -0.06560865, -0.29414479, -0.19851217, 0.11973942, 0.51661795], [-0.08295207, 0.09172831, -0.17329018, -0.11328728, 0.09671302, 0.25624226], [-0.23703687, -0.02309427, -0.16778459, -0.17484282, 0.09866106, 0.40482146], [-0.10484502, 0.00907041, -0.09950008, -0.08867946, 0.05637511, 0.20434511], [0.0186599, 0.0244906, -0.04269536, 0.05473669, 0.01021143, 0.02403547], [0.069832, -0.02488717, -0.04314935, -0.02604506, -0.00488879, -0.02668265], [-0.04883425, -0.01165646, 0.0694214, -0.00852243, 0.03813575, -0.02058715], [0.02996466, -0.00834079, 0.00650003, -0.01929905, -2.038e-05, -0.03646469], [-0.01107163, 0.00534742, 0.01577248, 0.03453001, 0.00581762, -0.00470085], [-0.00906718, -0.01188647, 0.02086987, 0.03283247, 0.00269611, -0.01180269], [-0.00610277, 0.03478222, -0.00587304, -0.00462054, -0.01531024, 0.0119758], [0.05305648, 0.0243335, -0.03929087, 0.04731814, 0.02105434, -0.0137656], [-0.02008578, -0.05188878, 0.03689597, 0.0114275, -0.03257066, -0.01681019], [-0.01283613, 0.03919195, 0.01756501, -0.04429364, -0.03757228, -0.00472888], [-0.00038003, -0.00210826, 0.00220363, -0.00804079, 0.01614923, -0.0018236], [-0.01666686, 0.03263899, 0.01794881, -0.01038417, 0.01701318, -0.00128196], [0.04228505, 0.01040983, -0.03981933, -0.00605379, 0.00970315, -0.00246572], [0.02619581, 0.00491688, 0.02259686, 0.02039197, -0.01096576, -0.04879267], [0.02265715, -0.00287807, 0.03498264, 0.02341696, -0.01638728, -0.05763979], [0.02566727, 0.01126072, 0.03290747, 0.02199676, -0.01248838, -0.05857473], [0.02532778, 6.726e-05, 0.02296674, 0.02088309, -0.01206186, -0.04829452]], "number of molecular orbitals": 129, "number of electrons": 126, "number of unpaired electrons": 0, "orbital energies/eV": [-29.16470868, -20.70251495, -20.54992177, -20.21601028, -20.21223787, -20.21102174, -19.70732371, -19.26708055, -19.08423269, -18.67142013, -18.63692235, -18.18306905, -18.0930657, -18.02667574, -17.94377784, -17.47612376, -17.2875676, -17.14356901, -16.88894751, -16.79263918, -16.66627083, -16.50226808, -16.33866045, -16.32697594, -15.95421569, -15.90082218, -15.68339142, -15.63672009, -15.38742723, -15.29062638, -15.09366593, -15.0611034, -15.03965197, -14.90216533, -14.59336599, -14.56361097, -14.41066267, -14.36453383, -14.20198835, -14.11839185, -13.99247249, -13.93522623, -13.70146752, -13.62729551, -13.40967131, -13.29762333, -13.14327448, -13.09902359, -13.08975876, -12.81495756, -12.75813936, -12.53007429, -12.28283068, -12.19037964, -12.16560072, -12.07474827, -11.93513408, -11.8931546, -11.73555067, -11.67012872, -11.33879798, -10.21017536, -10.13682195, -8.92537353, -7.63777784, -6.95229689, -6.55434713, -6.23144797, -5.17991408, -4.99595932, -4.58157849, -3.93671607, -3.23292917, -3.03078199, -1.9555306, -1.25149306, -0.82845343, -0.26927047, -0.16328987, 0.04932895, 0.10525651, 0.13196201, 0.13714606, 0.32101304, 0.62640426, 0.6675403, 1.54205159, 1.91515575, 2.09488111, 2.43208529, 2.5027428, 2.6082007, 2.67294204, 2.9808228, 3.11932207, 3.24046091, 3.32999495, 3.4631291, 3.5293483, 3.61074138, 3.79397937, 4.00766303, 4.06521681, 4.17633893, 4.3432041, 4.4100407, 4.66669956, 4.86983, 5.70979906, 5.89545885, 6.10157461, 6.30154831, 6.61958724, 6.69097084, 7.44967132, 8.87334439, 9.62957986, 10.15217677, 10.54307499, 10.56778246, 11.08439424, 11.29649165, 13.75461534, 16.44259228, 18.44227791, 19.60309599, 26.31353312, 27.47162381, 36.68427531], "fractional occupation": [2.0, 2.0, 2.0, 2.0, 2.0, 2.0, 2.0, 2.0, 2.0, 2.0, 2.0, 2.0, 2.0, 2.0, 2.0, 2.0, 2.0, 2.0, 2.0, 2.0, 2.0, 2.0, 2.0, 2.0, 2.0, 2.0, 2.0, 2.0, 2.0, 2.0, 2.0, 2.0, 2.0, 2.0, 2.0, 2.0, 2.0, 2.0, 2.0, 2.0, 2.0, 2.0, 2.0, 2.0, 2.0, 2.0, 2.0, 2.0, 2.0, 2.0, 2.0, 2.0, 2.0, 2.0, 2.0, 2.0, 2.0, 2.0, 2.0, 2.0, 2.0, 2.0, 2.0, 0.0, 0.0, 0.0, 0.0, 0.0, 0.0, 0.0, 0.0, 0.0, 0.0, 0.0, 0.0, 0.0, 0.0, 0.0, 0.0, 0.0, 0.0, 0.0, 0.0, 0.0, 0.0, 0.0, 0.0, 0.0, 0.0, 0.0, 0.0, 0.0, 0.0, 0.0, 0.0, 0.0, 0.0, 0.0, 0.0, 0.0, 0.0, 0.0, 0.0, 0.0, 0.0, 0.0, 0.0, 0.0, 0.0, 0.0, 0.0, 0.0, 0.0, 0.0, 0.0, 0.0, 0.0, 0.0, 0.0, 0.0, 0.0, 0.0, 0.0, 0.0, 0.0, 0.0, 0.0, 0.0, 0.0], "program call": "xtb /home/svss/Project-DBcg-Debug/aqme2_20220329/End-to-End-workflows-final/example-3/QDESCP/mol_261_rdkit_conf_2/mol_261_rdkit_conf_2.xyz --pop --wbo --acc 0.2 --gfn 2 --chrg 0 --uhf 0 --etemp 300 --input /home/svss/Project-DBcg-Debug/aqme2_20220329/End-to-End-workflows-final/example-3/QDESCP/mol_261_rdkit_conf_2/mol_261_rdkit_conf_2_xtb.inp", "method": "GFN2-xTB", "xtb version": "6.3.3 (7355c4f)", "Dipole module/D": 5.567, "Total charge": 0, "Transition dipole module/D": NaN, "HOMO": -10.1368, "LUMO": -8.9254, "HOMO occupancy": 2.0, "LUMO occupancy": 0, "mulliken charges": [-0.09629, 0.20558, -0.38413, 0.37636, -0.2035, -0.37984, 0.2131, -0.09697, -0.06793, 0.18462, 0.05179, -0.15251, -0.25819, 0.48025, -0.5099, -0.04097, 0.00605, -0.01546, -0.01516, 0.00639, -0.04073, 0.48, -0.50422, 0.04267, 0.0419, 0.03576, 0.03015, 0.02544, 0.03462, 0.02936, 0.03366, 0.04471, 0.04159, 0.07639, 0.05665, 0.05975, 0.05961, 0.04433, 0.04455, 0.06052], "cm5 charges": [-0.24286, 0.12717, -0.45111, 0.31426, -0.17397, -0.44516, 0.13495, -0.24347, -0.06048, 0.20069, -0.04058, -0.15914, -0.50216, 0.58505, -0.55218, -0.03509, -0.04525, -0.07008, -0.06979, -0.0449, -0.03487, 0.5841, -0.54553, 0.09601, 0.09546, 0.08699, 0.09403, 0.09132, 0.1026, 0.09342, 0.08489, 0.09806, 0.09515, 0.15553, 0.11894, 0.12408, 0.11703, 0.09938, 0.09961, 0.11791], "FUKUI+": [0.004, 0.005, -0.002, -0.03, -0.058, 0.004, 0.005, 0.003, -0.038, 0.023, 0.016, -0.019, -0.038, -0.042, -0.133, -0.037, -0.018, -0.034, -0.034, -0.018, -0.037, -0.041, -0.131, -0.009, 0.004, -0.011, -0.012, 0.002, -0.008, -0.009, -0.014, -0.002, 0.0, -0.023, -0.01, -0.027, -0.053, -0.064, -0.064, -0.053], "FUKUI-": [0.008, 0.014, -0.001, -0.102, -0.328, 0.002, 0.013, 0.008, -0.093, 0.018, 0.02, -0.092, -0.014, -0.003, -0.047, -0.008, -0.009, -0.012, -0.012, -0.009, -0.008, -0.002, -0.04, -0.016, -0.007, -0.021, -0.012, -0.005, -0.01, -0.01, -0.024, -0.012, -0.009, -0.024, -0.025, -0.017, -0.023, -0.031, -0.032, -0.024], "FUKUIrad": [0.006, 0.009, -0.001, -0.066, -0.193, 0.003, 0.009, 0.006, -0.065, 0.02, 0.018, -0.056, -0.026, -0.023, -0.09, -0.022, -0.013, -0.023, -0.023, -0.013, -0.022, -0.022, -0.086, -0.012, -0.001, -0.016, -0.012, -0.001, -0.009, -0.01, -0.019, -0.007, -0.004, -0.024, -0.017, -0.022, -0.038, -0.047, -0.048, -0.038], "s proportion": [1.012, 0.994, 1.659, 1.517, 1.891, 1.653, 0.994, 1.013, 1.912, 1.047, 1.057, 1.951, 1.439, 0.989, 1.726, 1.083, 1.063, 1.07, 1.07, 1.063, 1.083, 0.989, 1.726, 0.957, 0.958, 0.964, 0.97, 0.975, 0.965, 0.971, 0.966, 0.955, 0.958, 0.924, 0.943, 0.94, 0.94, 0.956, 0.955, 0.939], "p proportion": [3.084, 2.801, 4.725, 2.025, 4.327, 4.727, 2.793, 3.084, 4.162, 2.769, 2.891, 5.216, 3.819, 2.531, 4.784, 2.958, 2.931, 2.946, 2.945, 2.931, 2.958, 2.531, 4.778, 0.0, 0.0, 0.0, 0.0, 0.0, 0.0, 0.0, 0.0, 0.0, 0.0, 0.0, 0.0, 0.0, 0.0, 0.0, 0.0, 0.0], "d proportion": [0.0, 0.0, 0.0, 1.081, -0.014, 0.0, 0.0, 0.0, -0.006, 0.0, 0.0, -0.015, 0.0, 0.0, 0.0, 0.0, 0.0, 0.0, 0.0, 0.0, 0.0, 0.0, 0.0, 0.0, 0.0, 0.0, 0.0, 0.0, 0.0, 0.0, 0.0, 0.0, 0.0, 0.0, 0.0, 0.0, 0.0, 0.0, 0.0, 0.0], "Fermi-level/eV": -9.5304, "Coordination numbers": [3.749, 3.9, 1.657, 3.911, 0.926, 1.658, 3.893, 3.749, 1.956, 3.806, 3.734, 0.909, 2.839, 2.886, 0.857, 3.072, 2.909, 2.918, 2.918, 2.909, 3.071, 2.888, 0.857, 0.924, 0.924, 0.924, 0.924, 0.924, 0.924, 0.924, 0.924, 0.924, 0.924, 0.924, 0.924, 0.925, 0.925, 0.925, 0.925, 0.925], "Dispersion coefficient C6": [22.763, 19.023, 18.55, 144.224, 155.244, 18.521, 18.961, 22.754, 145.413, 18.982, 20.342, 104.873, 23.041, 22.223, 21.15, 28.415, 28.233, 28.468, 28.464, 28.23, 28.403, 22.256, 21.058, 2.201, 2.244, 2.198, 2.222, 2.382, 2.34, 2.226, 2.209, 2.173, 2.243, 1.812, 1.829, 1.867, 2.082, 2.216, 2.213, 2.073], "Total dispersion C6": 26311.79391, "Total dispersion C8": 777013.681497, "Polarizability alpha": [6.805, 6.2, 5.814, 21.573, 21.074, 5.81, 6.19, 6.803, 20.296, 6.202, 6.437, 15.667, 7.129, 7.729, 6.166, 8.74, 8.713, 8.749, 8.749, 8.712, 8.738, 7.735, 6.152, 2.32, 2.343, 2.318, 2.331, 2.413, 2.392, 2.333, 2.324, 2.305, 2.342, 2.105, 2.115, 2.137, 2.257, 2.328, 2.326, 2.252], "Total polarizability alpha": 255.125626, "Wiberg matrix": [[0.0, 1.01681053692533, 0.0, 0.0, 0.0, 0.0, 0.0, 0.0, 0.0, 0.0, 0.0, 0.0, 0.0, 0.0, 0.0, 0.0, 0.0, 0.0, 0.0, 0.0, 0.0, 0.0, 0.0, 0.9841841555312972, 0.9843017829787639, 0.9812737571571829, 0.0, 0.0, 0.0, 0.0, 0.0, 0.0, 0.0, 0.0, 0.0, 0.0, 0.0, 0.0, 0.0, 0.0], [1.01681053692533, 0.0, 0.9211234370162816, 0.0, 0.0, 0.0, 0.0, 0.0, 0.0, 0.0, 0.0, 0.0, 0.0, 0.0, 0.0, 0.0, 0.0, 0.0, 0.0, 0.0, 0.0, 0.0, 0.0, 0.0, 0.0, 0.0, 0.9700498429636373, 0.9668548970942776, 0.0, 0.0, 0.0, 0.0, 0.0, 0.0, 0.0, 0.0, 0.0, 0.0, 0.0, 0.0], [0.0, 0.9211234370162816, 0.0, 1.2222109323325865, 0.0, 0.0, 0.0, 0.0, 0.0, 0.0, 0.0, 0.0, 0.0, 0.0, 0.0, 0.0, 0.0, 0.0, 0.0, 0.0, 0.0, 0.0, 0.0, 0.0, 0.0, 0.0, 0.0, 0.0, 0.0, 0.0, 0.0, 0.0, 0.0, 0.0, 0.0, 0.0, 0.0, 0.0, 0.0, 0.0], [0.0, 0.0, 1.2222109323325865, 0.0, 1.5943135796985628, 1.239538357456003, 0.0, 0.0, 1.0187645760856199, 0.0, 0.0, 0.0, 0.0, 0.0, 0.0, 0.0, 0.0, 0.0, 0.0, 0.0, 0.0, 0.0, 0.0, 0.0, 0.0, 0.0, 0.0, 0.0, 0.0, 0.0, 0.0, 0.0, 0.0, 0.0, 0.0, 0.0, 0.0, 0.0, 0.0, 0.0], [0.0, 0.0, 0.0, 1.5943135796985628, 0.0, 0.0, 0.0, 0.0, 0.11796970869789762, 0.0, 0.0, 0.0, 0.0, 0.0, 0.0, 0.0, 0.0, 0.0, 0.0, 0.0, 0.0, 0.0, 0.0, 0.0, 0.0, 0.0, 0.0, 0.0, 0.0, 0.0, 0.0, 0.0, 0.0, 0.0, 0.0, 0.0, 0.0, 0.0, 0.0, 0.0], [0.0, 0.0, 0.0, 1.239538357456003, 0.0, 0.0, 0.9099193354655489, 0.0, 0.0, 0.0, 0.0, 0.0, 0.0, 0.0, 0.0, 0.0, 0.0, 0.0, 0.0, 0.0, 0.0, 0.0, 0.0, 0.0, 0.0, 0.0, 0.0, 0.0, 0.0, 0.0, 0.0, 0.0, 0.0, 0.0, 0.0, 0.0, 0.0, 0.0, 0.0, 0.0], [0.0, 0.0, 0.0, 0.0, 0.0, 0.9099193354655489, 0.0, 1.0154218889911355, 0.0, 0.0, 0.0, 0.0, 0.0, 0.0, 0.0, 0.0, 0.0, 0.0, 0.0, 0.0, 0.0, 0.0, 0.0, 0.0, 0.0, 0.0, 0.0, 0.0, 0.9695773051252611, 0.970506644595927, 0.0, 0.0, 0.0, 0.0, 0.0, 0.0, 0.0, 0.0, 0.0, 0.0], [0.0, 0.0, 0.0, 0.0, 0.0, 0.0, 1.0154218889911355, 0.0, 0.0, 0.0, 0.0, 0.0, 0.0, 0.0, 0.0, 0.0, 0.0, 0.0, 0.0, 0.0, 0.0, 0.0, 0.0, 0.0, 0.0, 0.0, 0.0, 0.0, 0.0, 0.0, 0.9801052430274143, 0.9839825163705225, 0.9846751725699109, 0.0, 0.0, 0.0, 0.0, 0.0, 0.0, 0.0], [0.0, 0.0, 0.0, 1.0187645760856199, 0.11796970869789762, 0.0, 0.0, 0.0, 0.0, 0.9236806345487074, 0.0, 0.0, 0.0, 0.0, 0.0, 0.0, 0.0, 0.0, 0.0, 0.0, 0.0, 0.0, 0.0, 0.0, 0.0, 0.0, 0.0, 0.0, 0.0, 0.0, 0.0, 0.0, 0.0, 0.0, 0.0, 0.0, 0.0, 0.0, 0.0, 0.0], [0.0, 0.0, 0.0, 0.0, 0.0, 0.0, 0.0, 0.0, 0.9236806345487074, 0.0, 1.0005601777470372, 0.0, 0.9890234145912323, 0.0, 0.0, 0.0, 0.0, 0.0, 0.0, 0.0, 0.0, 0.0, 0.0, 0.0, 0.0, 0.0, 0.0, 0.0, 0.0, 0.0, 0.0, 0.0, 0.0, 0.9539337534559282, 0.0, 0.0, 0.0, 0.0, 0.0, 0.0], [0.0, 0.0, 0.0, 0.0, 0.0, 0.0, 0.0, 0.0, 0.0, 1.0005601777470372, 0.0, 0.9533524633769764, 0.0, 0.0, 0.0, 0.0, 0.0, 0.0, 0.0, 0.0, 0.0, 0.0, 0.0, 0.0, 0.0, 0.0, 0.0, 0.0, 0.0, 0.0, 0.0, 0.0, 0.0, 0.0, 0.9709235584165355, 0.9658071168420272, 0.0, 0.0, 0.0, 0.0], [0.0, 0.0, 0.0, 0.0, 0.0, 0.0, 0.0, 0.0, 0.0, 0.0, 0.9533524633769764, 0.0, 0.0, 0.0, 0.0, 0.0, 0.0, 0.0, 0.0, 0.0, 0.0, 0.0, 0.0, 0.0, 0.0, 0.0, 0.0, 0.0, 0.0, 0.0, 0.0, 0.0, 0.0, 0.0, 0.0, 0.0, 0.0, 0.0, 0.0, 0.0], [0.0, 0.0, 0.0, 0.0, 0.0, 0.0, 0.0, 0.0, 0.0, 0.9890234145912323, 0.0, 0.0, 0.0, 1.1068205153912047, 0.12086436794347552, 0.0, 0.0, 0.0, 0.0, 0.0, 0.0, 1.1030999270643838, 0.12141724255298027, 0.0, 0.0, 0.0, 0.0, 0.0, 0.0, 0.0, 0.0, 0.0, 0.0, 0.0, 0.0, 0.0, 0.0, 0.0, 0.0, 0.0], [0.0, 0.0, 0.0, 0.0, 0.0, 0.0, 0.0, 0.0, 0.0, 0.0, 0.0, 0.0, 1.1068205153912047, 0.0, 1.7343816466429365, 1.0075878106847789, 0.0, 0.0, 0.0, 0.0, 0.0, 0.0, 0.0, 0.0, 0.0, 0.0, 0.0, 0.0, 0.0, 0.0, 0.0, 0.0, 0.0, 0.0, 0.0, 0.0, 0.0, 0.0, 0.0, 0.0], [0.0, 0.0, 0.0, 0.0, 0.0, 0.0, 0.0, 0.0, 0.0, 0.0, 0.0, 0.0, 0.12086436794347552, 1.7343816466429365, 0.0, 0.0, 0.0, 0.0, 0.0, 0.0, 0.0, 0.0, 0.0, 0.0, 0.0, 0.0, 0.0, 0.0, 0.0, 0.0, 0.0, 0.0, 0.0, 0.0, 0.0, 0.0, 0.0, 0.0, 0.0, 0.0], [0.0, 0.0, 0.0, 0.0, 0.0, 0.0, 0.0, 0.0, 0.0, 0.0, 0.0, 0.0, 0.0, 1.0075878106847789, 0.0, 0.0, 1.416207942613601, 0.0, 0.10020439882314798, 0.0, 1.3301584909028068, 0.0, 0.0, 0.0, 0.0, 0.0, 0.0, 0.0, 0.0, 0.0, 0.0, 0.0, 0.0, 0.0, 0.0, 0.0, 0.0, 0.0, 0.0, 0.0], [0.0, 0.0, 0.0, 0.0, 0.0, 0.0, 0.0, 0.0, 0.0, 0.0, 0.0, 0.0, 0.0, 0.0, 0.0, 1.416207942613601, 0.0, 1.425210201559453, 0.0, 0.0, 0.0, 0.0, 0.0, 0.0, 0.0, 0.0, 0.0, 0.0, 0.0, 0.0, 0.0, 0.0, 0.0, 0.0, 0.0, 0.0, 0.9648577383192287, 0.0, 0.0, 0.0], [0.0, 0.0, 0.0, 0.0, 0.0, 0.0, 0.0, 0.0, 0.0, 0.0, 0.0, 0.0, 0.0, 0.0, 0.0, 0.0, 1.425210201559453, 0.0, 1.4383730655388143, 0.0, 0.10021551310900466, 0.0, 0.0, 0.0, 0.0, 0.0, 0.0, 0.0, 0.0, 0.0, 0.0, 0.0, 0.0, 0.0, 0.0, 0.0, 0.0, 0.9695419989126297, 0.0, 0.0], [0.0, 0.0, 0.0, 0.0, 0.0, 0.0, 0.0, 0.0, 0.0, 0.0, 0.0, 0.0, 0.0, 0.0, 0.0, 0.10020439882314798, 0.0, 1.4383730655388143, 0.0, 1.4251036706048776, 0.0, 0.0, 0.0, 0.0, 0.0, 0.0, 0.0, 0.0, 0.0, 0.0, 0.0, 0.0, 0.0, 0.0, 0.0, 0.0, 0.0, 0.0, 0.9694976355512225, 0.0], [0.0, 0.0, 0.0, 0.0, 0.0, 0.0, 0.0, 0.0, 0.0, 0.0, 0.0, 0.0, 0.0, 0.0, 0.0, 0.0, 0.0, 0.0, 1.4251036706048776, 0.0, 1.4162239173052624, 0.0, 0.0, 0.0, 0.0, 0.0, 0.0, 0.0, 0.0, 0.0, 0.0, 0.0, 0.0, 0.0, 0.0, 0.0, 0.0, 0.0, 0.0, 0.9647274886746527], [0.0, 0.0, 0.0, 0.0, 0.0, 0.0, 0.0, 0.0, 0.0, 0.0, 0.0, 0.0, 0.0, 0.0, 0.0, 1.3301584909028068, 0.0, 0.10021551310900466, 0.0, 1.4162239173052624, 0.0, 1.0072278811392037, 0.0, 0.0, 0.0, 0.0, 0.0, 0.0, 0.0, 0.0, 0.0, 0.0, 0.0, 0.0, 0.0, 0.0, 0.0, 0.0, 0.0, 0.0], [0.0, 0.0, 0.0, 0.0, 0.0, 0.0, 0.0, 0.0, 0.0, 0.0, 0.0, 0.0, 1.1030999270643838, 0.0, 0.0, 0.0, 0.0, 0.0, 0.0, 0.0, 1.0072278811392037, 0.0, 1.7396390030774151, 0.0, 0.0, 0.0, 0.0, 0.0, 0.0, 0.0, 0.0, 0.0, 0.0, 0.0, 0.0, 0.0, 0.0, 0.0, 0.0, 0.0], [0.0, 0.0, 0.0, 0.0, 0.0, 0.0, 0.0, 0.0, 0.0, 0.0, 0.0, 0.0, 0.12141724255298027, 0.0, 0.0, 0.0, 0.0, 0.0, 0.0, 0.0, 0.0, 1.7396390030774151, 0.0, 0.0, 0.0, 0.0, 0.0, 0.0, 0.0, 0.0, 0.0, 0.0, 0.0, 0.0, 0.0, 0.0, 0.0, 0.0, 0.0, 0.0], [0.9841841555312972, 0.0, 0.0, 0.0, 0.0, 0.0, 0.0, 0.0, 0.0, 0.0, 0.0, 0.0, 0.0, 0.0, 0.0, 0.0, 0.0, 0.0, 0.0, 0.0, 0.0, 0.0, 0.0, 0.0, 0.0, 0.0, 0.0, 0.0, 0.0, 0.0, 0.0, 0.0, 0.0, 0.0, 0.0, 0.0, 0.0, 0.0, 0.0, 0.0], [0.9843017829787639, 0.0, 0.0, 0.0, 0.0, 0.0, 0.0, 0.0, 0.0, 0.0, 0.0, 0.0, 0.0, 0.0, 0.0, 0.0, 0.0, 0.0, 0.0, 0.0, 0.0, 0.0, 0.0, 0.0, 0.0, 0.0, 0.0, 0.0, 0.0, 0.0, 0.0, 0.0, 0.0, 0.0, 0.0, 0.0, 0.0, 0.0, 0.0, 0.0], [0.9812737571571829, 0.0, 0.0, 0.0, 0.0, 0.0, 0.0, 0.0, 0.0, 0.0, 0.0, 0.0, 0.0, 0.0, 0.0, 0.0, 0.0, 0.0, 0.0, 0.0, 0.0, 0.0, 0.0, 0.0, 0.0, 0.0, 0.0, 0.0, 0.0, 0.0, 0.0, 0.0, 0.0, 0.0, 0.0, 0.0, 0.0, 0.0, 0.0, 0.0], [0.0, 0.9700498429636373, 0.0, 0.0, 0.0, 0.0, 0.0, 0.0, 0.0, 0.0, 0.0, 0.0, 0.0, 0.0, 0.0, 0.0, 0.0, 0.0, 0.0, 0.0, 0.0, 0.0, 0.0, 0.0, 0.0, 0.0, 0.0, 0.0, 0.0, 0.0, 0.0, 0.0, 0.0, 0.0, 0.0, 0.0, 0.0, 0.0, 0.0, 0.0], [0.0, 0.9668548970942776, 0.0, 0.0, 0.0, 0.0, 0.0, 0.0, 0.0, 0.0, 0.0, 0.0, 0.0, 0.0, 0.0, 0.0, 0.0, 0.0, 0.0, 0.0, 0.0, 0.0, 0.0, 0.0, 0.0, 0.0, 0.0, 0.0, 0.0, 0.0, 0.0, 0.0, 0.0, 0.0, 0.0, 0.0, 0.0, 0.0, 0.0, 0.0], [0.0, 0.0, 0.0, 0.0, 0.0, 0.0, 0.9695773051252611, 0.0, 0.0, 0.0, 0.0, 0.0, 0.0, 0.0, 0.0, 0.0, 0.0, 0.0, 0.0, 0.0, 0.0, 0.0, 0.0, 0.0, 0.0, 0.0, 0.0, 0.0, 0.0, 0.0, 0.0, 0.0, 0.0, 0.0, 0.0, 0.0, 0.0, 0.0, 0.0, 0.0], [0.0, 0.0, 0.0, 0.0, 0.0, 0.0, 0.970506644595927, 0.0, 0.0, 0.0, 0.0, 0.0, 0.0, 0.0, 0.0, 0.0, 0.0, 0.0, 0.0, 0.0, 0.0, 0.0, 0.0, 0.0, 0.0, 0.0, 0.0, 0.0, 0.0, 0.0, 0.0, 0.0, 0.0, 0.0, 0.0, 0.0, 0.0, 0.0, 0.0, 0.0], [0.0, 0.0, 0.0, 0.0, 0.0, 0.0, 0.0, 0.9801052430274143, 0.0, 0.0, 0.0, 0.0, 0.0, 0.0, 0.0, 0.0, 0.0, 0.0, 0.0, 0.0, 0.0, 0.0, 0.0, 0.0, 0.0, 0.0, 0.0, 0.0, 0.0, 0.0, 0.0, 0.0, 0.0, 0.0, 0.0, 0.0, 0.0, 0.0, 0.0, 0.0], [0.0, 0.0, 0.0, 0.0, 0.0, 0.0, 0.0, 0.9839825163705225, 0.0, 0.0, 0.0, 0.0, 0.0, 0.0, 0.0, 0.0, 0.0, 0.0, 0.0, 0.0, 0.0, 0.0, 0.0, 0.0, 0.0, 0.0, 0.0, 0.0, 0.0, 0.0, 0.0, 0.0, 0.0, 0.0, 0.0, 0.0, 0.0, 0.0, 0.0, 0.0], [0.0, 0.0, 0.0, 0.0, 0.0, 0.0, 0.0, 0.9846751725699109, 0.0, 0.0, 0.0, 0.0, 0.0, 0.0, 0.0, 0.0, 0.0, 0.0, 0.0, 0.0, 0.0, 0.0, 0.0, 0.0, 0.0, 0.0, 0.0, 0.0, 0.0, 0.0, 0.0, 0.0, 0.0, 0.0, 0.0, 0.0, 0.0, 0.0, 0.0, 0.0], [0.0, 0.0, 0.0, 0.0, 0.0, 0.0, 0.0, 0.0, 0.0, 0.9539337534559282, 0.0, 0.0, 0.0, 0.0, 0.0, 0.0, 0.0, 0.0, 0.0, 0.0, 0.0, 0.0, 0.0, 0.0, 0.0, 0.0, 0.0, 0.0, 0.0, 0.0, 0.0, 0.0, 0.0, 0.0, 0.0, 0.0, 0.0, 0.0, 0.0, 0.0], [0.0, 0.0, 0.0, 0.0, 0.0, 0.0, 0.0, 0.0, 0.0, 0.0, 0.9709235584165355, 0.0, 0.0, 0.0, 0.0, 0.0, 0.0, 0.0, 0.0, 0.0, 0.0, 0.0, 0.0, 0.0, 0.0, 0.0, 0.0, 0.0, 0.0, 0.0, 0.0, 0.0, 0.0, 0.0, 0.0, 0.0, 0.0, 0.0, 0.0, 0.0], [0.0, 0.0, 0.0, 0.0, 0.0, 0.0, 0.0, 0.0, 0.0, 0.0, 0.9658071168420272, 0.0, 0.0, 0.0, 0.0, 0.0, 0.0, 0.0, 0.0, 0.0, 0.0, 0.0, 0.0, 0.0, 0.0, 0.0, 0.0, 0.0, 0.0, 0.0, 0.0, 0.0, 0.0, 0.0, 0.0, 0.0, 0.0, 0.0, 0.0, 0.0], [0.0, 0.0, 0.0, 0.0, 0.0, 0.0, 0.0, 0.0, 0.0, 0.0, 0.0, 0.0, 0.0, 0.0, 0.0, 0.0, 0.9648577383192287, 0.0, 0.0, 0.0, 0.0, 0.0, 0.0, 0.0, 0.0, 0.0, 0.0, 0.0, 0.0, 0.0, 0.0, 0.0, 0.0, 0.0, 0.0, 0.0, 0.0, 0.0, 0.0, 0.0], [0.0, 0.0, 0.0, 0.0, 0.0, 0.0, 0.0, 0.0, 0.0, 0.0, 0.0, 0.0, 0.0, 0.0, 0.0, 0.0, 0.0, 0.9695419989126297, 0.0, 0.0, 0.0, 0.0, 0.0, 0.0, 0.0, 0.0, 0.0, 0.0, 0.0, 0.0, 0.0, 0.0, 0.0, 0.0, 0.0, 0.0, 0.0, 0.0, 0.0, 0.0], [0.0, 0.0, 0.0, 0.0, 0.0, 0.0, 0.0, 0.0, 0.0, 0.0, 0.0, 0.0, 0.0, 0.0, 0.0, 0.0, 0.0, 0.0, 0.9694976355512225, 0.0, 0.0, 0.0, 0.0, 0.0, 0.0, 0.0, 0.0, 0.0, 0.0, 0.0, 0.0, 0.0, 0.0, 0.0, 0.0, 0.0, 0.0, 0.0, 0.0, 0.0], [0.0, 0.0, 0.0, 0.0, 0.0, 0.0, 0.0, 0.0, 0.0, 0.0, 0.0, 0.0, 0.0, 0.0, 0.0, 0.0, 0.0, 0.0, 0.0, 0.9647274886746527, 0.0, 0.0, 0.0, 0.0, 0.0, 0.0, 0.0, 0.0, 0.0, 0.0, 0.0, 0.0, 0.0, 0.0, 0.0, 0.0, 0.0, 0.0, 0.0, 0.0]], "Born radii": [], "Atomic SASAs": [], "Solvent H bonds": [], "Total SASA": NaN, "Total FOD": 0.0, "FOD": [0.0, 0.0, 0.0, 0.0, 0.0, 0.0, 0.0, 0.0, 0.0, 0.0, 0.0, 0.0, 0.0, 0.0, 0.0, 0.0, 0.0, 0.0, 0.0, 0.0, 0.0, 0.0, 0.0, 0.0, 0.0, 0.0, 0.0, 0.0, 0.0, 0.0, 0.0, 0.0, 0.0, 0.0, 0.0, 0.0, 0.0, 0.0, 0.0, 0.0], "FOD s proportion": [0.0, 0.0, 0.0, 0.0, 0.0, 0.0, 0.0, 0.0, 0.0, 0.0, 0.0, 0.0, 0.0, 0.0, 0.0, 0.0, 0.0, 0.0, 0.0, 0.0, 0.0, 0.0, 0.0, 0.0, 0.0, 0.0, 0.0, 0.0, 0.0, 0.0, 0.0, 0.0, 0.0, 0.0, 0.0, 0.0, 0.0, 0.0, 0.0, 0.0], "FOD p proportion": [0.0, 0.0, 0.0, 0.0, 0.0, 0.0, 0.0, 0.0, 0.0, 0.0, 0.0, 0.0, 0.0, 0.0, 0.0, 0.0, 0.0, 0.0, 0.0, 0.0, 0.0, 0.0, 0.0, 0.0, 0.0, 0.0, 0.0, 0.0, 0.0, 0.0, 0.0, 0.0, 0.0, 0.0, 0.0, 0.0, 0.0, 0.0, 0.0, 0.0], "FOD d proportion": [0.0, 0.0, 0.0, 0.0, 0.0, 0.0, 0.0, 0.0, 0.0, 0.0, 0.0, 0.0, 0.0, 0.0, 0.0, 0.0, 0.0, 0.0, 0.0, 0.0, 0.0, 0.0, 0.0, 0.0, 0.0, 0.0, 0.0, 0.0, 0.0, 0.0, 0.0, 0.0, 0.0, 0.0, 0.0, 0.0, 0.0, 0.0, 0.0, 0.0], "coordinates": [["-2.89320", "3.54730", "-0.79710"], ["-3.21660", "2.59240", "0.33350"], ["-3.09260", "1.26400", "-0.15210"], ["-2.76120", "0.06700", "0.89850"], ["-4.09100", "-0.10400", "2.31250"], ["-2.77490", "-1.18580", "-0.13730"], ["-3.97720", "-1.52510", "-0.81090"], ["-3.61790", "-2.29360", "-2.06620"], ["-0.74470", "0.30750", "1.43100"], ["0.17220", "-0.37770", "0.00480"], ["-0.10060", "0.40680", "-1.28920"], ["0.76680", "-0.31320", "-2.68110"], ["1.58690", "-0.45020", "0.35180"], ["2.44250", "0.61570", "0.41800"], ["2.22850", "1.79110", "0.19070"], ["3.73970", "0.08650", "0.83270"], ["4.94360", "0.72920", "1.04430"], ["6.02630", "-0.06000", "1.44570"], ["5.88070", "-1.45190", "1.62370"], ["4.65000", "-2.07850", "1.40330"], ["3.59720", "-1.27740", "1.00710"], ["2.20930", "-1.61720", "0.70340"], ["1.75110", "-2.74150", "0.76960"], ["-3.56230", "3.37980", "-1.64760"], ["-1.87240", "3.38420", "-1.15830"], ["-2.99020", "4.58640", "-0.47050"], ["-4.24440", "2.74940", "0.67410"], ["-2.53620", "2.76440", "1.17280"], ["-4.54100", "-0.62520", "-1.07490"], ["-4.59030", "-2.14880", "-0.15370"], ["-4.51680", "-2.58670", "-2.61570"], ["-3.04590", "-3.19370", "-1.81750"], ["-2.98500", "-1.68560", "-2.72140"], ["-0.18690", "-1.40430", "-0.12800"], ["0.20480", "1.45440", "-1.22490"], ["-1.15730", "0.38140", "-1.56100"], ["5.04150", "1.80080", "0.90430"], ["6.99510", "0.40410", "1.62400"], ["6.73880", "-2.04430", "1.93720"], ["4.52350", "-3.14800", "1.53710"]], "bond_dist": [[0.0, 1.5148194380849487, 2.381017482086177, 3.873625104472553, 4.943311510516002, 4.780331216558117, 5.18695365315712, 6.020956544437104, 4.4807126553707946, 5.044337991253164, 4.231254828062238, 5.643448967608372, 6.113204844433073, 6.2080948011447115, 5.503798521930105, 7.656941105297859, 8.529236531483928, 9.879283647107213, 10.384295570234894, 9.663914943748212, 8.28602195809304, 7.41343825427851, 7.97327265431203, 1.0950348441944666, 1.0950341044917278, 1.0935288610731775, 2.151003321708267, 2.1496249486829093, 4.494682850880582, 5.978266235289291, 6.60070745602318, 6.819502507514753, 5.576253234923966, 5.682437598425521, 3.7630901198350277, 3.690503330170561, 8.30087274327224, 10.65457218005491, 11.468121513569693, 10.260749028214265], [1.5148194380849487, 0.0, 1.419799253415778, 2.627595729940205, 3.457107073840786, 3.8329553571624078, 4.340733805475751, 5.458259592580771, 3.54055982437806, 4.518130491696759, 4.137566754748496, 5.779082979158544, 5.686067349231804, 5.9949892368543924, 5.5055960204141385, 7.410725007716857, 8.400334214779791, 9.680052428060502, 10.039016177893131, 9.211144033723498, 7.8649195444073055, 6.877350433124664, 7.301966564563275, 2.159690825095111, 2.1585384221736708, 2.161876259178587, 1.09408875325542, 1.0940533122293448, 3.7537415574330635, 4.960180739650522, 6.100112907971458, 6.175345553084459, 5.261875765352124, 5.036434773726351, 3.9280570922531157, 3.566282061194824, 8.315567257259122, 10.522968403924818, 11.098685946543402, 9.711333231333379], [2.381017482086177, 1.419799253415778, 0.0, 1.6267745141844336, 2.9903979200099773, 2.4703587532987994, 2.999268812560821, 4.073847893576784, 2.98893497252784, 3.6576926524791555, 3.3135860106537147, 4.8763069222517155, 5.009003603512379, 5.602020966579828, 5.358120142363363, 7.002618123245048, 8.142351898561007, 9.352019998374683, 9.541996192621331, 8.575513405621846, 7.249543615980251, 6.0945333947727285, 6.3525578179187, 2.633201089928378, 2.6451038769772346, 3.339192429315807, 2.0532079388118483, 2.0775324618402475, 2.5531351393923516, 3.726970846411332, 4.788064440877963, 4.758868283531285, 3.9131854556103014, 3.945059972928169, 3.472750892304255, 2.5513463230224156, 8.21995851631868, 10.278893447740375, 10.581420005840426, 8.962372445396364], [3.873625104472553, 2.627595729940205, 1.6267745141844336, 0.0, 1.9485905265088406, 1.6256005567174243, 2.633531235812478, 3.8853331054106546, 2.0994448671017776, 3.098595381781881, 3.4612552188476364, 5.040324612562171, 4.412748615092412, 5.254564266425904, 5.326406644258397, 6.50126223898098, 7.7345788198194745, 8.805436564418597, 8.804283494981291, 7.732003539186982, 6.499881220453186, 5.2517105689479875, 5.3164968494300835, 4.254295506896529, 4.003024796325898, 4.727745589601877, 3.073354414967463, 2.7206308551510623, 2.7461129692712936, 3.059820466955537, 4.740659942455269, 4.253219319527268, 4.0280726420957205, 3.137745437412028, 3.9026737398865414, 2.9530463626567056, 7.993010907661767, 9.78904368924769, 9.787057033654193, 7.988171821512105], [4.943311510516002, 3.457107073840786, 2.9903979200099773, 1.9485905265088406, 0.0, 2.9839454569411954, 3.433380726048307, 4.91845356387554, 3.4848383305398833, 4.855436666253613, 5.399671442782422, 6.969793859218506, 6.0168718899441425, 6.840593584624071, 6.930333289243743, 7.9715720394411544, 9.161143522508532, 10.154458997406016, 10.085934797528685, 9.007240192756047, 7.88602282269079, 6.6762831830293115, 6.592956777501276, 5.300828061727715, 5.397793793764263, 5.563874711026481, 3.293900071343999, 3.456014712063593, 3.4566787817209743, 3.2423216944035644, 5.53464182851971, 5.262640031391089, 5.391182038291788, 4.784225867368722, 5.778901881845719, 4.883258246294169, 9.434714968137618, 11.119074200220089, 11.00864125221637, 9.169339747768102], [4.780331216558117, 3.8329553571624078, 2.4703587532987994, 1.6256005567174243, 2.9839454569411954, 0.0, 1.4192909285977977, 2.3787654466130115, 2.9683702296041172, 3.059185582798141, 3.3189047681426476, 4.447020136001185, 4.450351155807821, 5.5475240513223545, 5.83125451082355, 6.708178623888902, 8.039816279617341, 9.013014816364167, 8.83693055138491, 7.635411034122526, 6.4746969295867425, 5.072980592314541, 4.871072376797536, 4.872956824146916, 4.768841290082949, 5.78581620603351, 4.278270591021564, 4.168623242750537, 2.076650025883033, 2.055070587595472, 3.3375444536365353, 2.6321427487885227, 2.6403626379722915, 2.5972240450142148, 4.127001561666775, 2.6645200862444254, 8.432130162657595, 10.053997200118966, 9.77502226033271, 7.740832433272278], [5.18695365315712, 4.340733805475751, 2.999268812560821, 2.633531235812478, 3.433380726048307, 1.4192909285977977, 0.0, 1.5150798097790095, 4.33976895928804, 4.3817135472324065, 4.3576411118861085, 5.241362957285061, 5.785022913524197, 6.877918866924791, 7.107115975555767, 8.052901410671808, 9.386389517274468, 10.358994826719433, 10.154350191420425, 8.923985266684387, 7.793459735573156, 6.369801343056155, 6.0655609880702706, 4.993020419545667, 5.3527652937523795, 6.200038178108261, 4.5329869942456265, 4.940785053005241, 1.094251547862739, 1.0939858957043278, 2.1622825347303714, 2.1598123089750185, 2.158756896920077, 3.853221916786003, 5.15149883529056, 3.4855743099236887, 9.764244545278451, 11.403592326104963, 11.0749391984787, 8.967095901126518], [6.020956544437104, 5.458259592580771, 4.073847893576784, 3.8853331054106546, 4.91845356387554, 2.3787654466130115, 1.5150798097790095, 0.0, 5.2202880466503, 4.7248885510665755, 4.501920529063124, 4.850327850774626, 6.027834652675868, 7.166848979153948, 7.480559114130441, 8.258497138099644, 9.59748989788476, 10.503951837760871, 10.224833634832402, 8.968939105044699, 7.907939260009525, 6.487253730200476, 6.08839363461332, 5.689093502483502, 6.009031993590981, 7.0904630159108795, 5.7735253822946, 6.102832120417536, 2.149034169109463, 2.150391836387034, 1.0935625587957918, 1.0950870741635115, 1.0952230138195604, 4.03970725795818, 5.419255020757005, 3.6695237293142013, 10.02861854743713, 11.55555841705627, 11.106331389797443, 8.944057480249107], [4.4807126553707946, 3.54055982437806, 2.98893497252784, 2.0994448671017776, 3.4848383305398833, 2.9683702296041172, 4.33976895928804, 5.2202880466503, 0.0, 1.8287293648869973, 2.7971795330296554, 4.424846567961425, 2.6786452714011983, 3.358481811771503, 3.5467353002444373, 4.529530577223207, 5.717003119642318, 6.7809817386570215, 6.857736274456753, 5.898860176339155, 4.641518590935514, 3.5999983124996047, 3.9953558790175374, 5.18224613560568, 4.17639373981908, 5.192971953515636, 4.334013533665994, 3.0516384287788747, 4.643420914584419, 4.830457860286124, 6.243469623534657, 5.3015728920764635, 5.121895885314343, 2.3815711368758232, 3.044788115780801, 3.021218954329527, 5.99895559410136, 7.742808573121255, 7.860659891510381, 6.301243424912261], [5.044337991253164, 4.518130491696759, 3.6576926524791555, 3.098595381781881, 4.855436666253613, 3.059185582798141, 4.3817135472324065, 4.7248885510665755, 1.8287293648869973, 0.0, 1.5376267720093844, 2.751684614922284, 1.4584379794835296, 2.5123375350457984, 2.9944318225666784, 3.691606195140538, 5.007199398865597, 6.037185843586397, 6.030067586685907, 4.989911395004926, 3.6803111797781445, 2.4847894518449647, 2.943704246353563, 5.549389359199803, 4.4367873940498885, 5.904995568160911, 5.452804091474404, 4.309576193780544, 4.8416177647559095, 5.083632924395702, 5.8080480585132905, 4.6483116182114985, 4.371576453637749, 1.0956715794434024, 2.2067657918320194, 2.1898704756217886, 5.409717644202884, 7.055847524571375, 7.044995449253322, 5.3811074204107845], [4.231254828062238, 4.137566754748496, 3.3135860106537147, 3.4612552188476364, 5.399671442782422, 3.3189047681426476, 4.3576411118861085, 4.501920529063124, 2.7971795330296554, 1.5376267720093844, 0.0, 1.7911360556920293, 2.504992265457121, 3.070102385914841, 3.0872475297585065, 4.399199448763377, 5.56714627524731, 6.72580730172966, 6.907655303357283, 5.999539373985306, 4.667252743316993, 3.6609655515997415, 4.192760811207813, 4.5771766898383985, 3.4671776432712527, 5.146757621065908, 5.149116437797848, 4.189495091296802, 4.5637813981390485, 5.289409957641778, 5.49758737447619, 4.68161224686539, 3.840455436533537, 2.153117818420534, 1.0931008233461357, 1.0913914467321062, 5.761585776502854, 7.670443274022695, 7.949524547417915, 6.481271136127543], [5.643448967608372, 5.779082979158544, 4.8763069222517155, 5.040324612562171, 6.969793859218506, 4.447020136001185, 5.241362957285061, 4.850327850774626, 4.424846567961425, 2.751684614922284, 1.7911360556920293, 0.0, 3.1448076920536807, 3.643521169143937, 3.8486206126351297, 4.620030837559421, 5.693053764018042, 6.690061937680397, 6.780849057455859, 5.90574717457495, 4.748016958689175, 3.903339916020638, 4.332760998485838, 5.7833794670590315, 4.791144251637598, 6.558039457032871, 6.7638015375970335, 5.935821423358354, 5.554274325238176, 6.201265881253601, 5.75234807448228, 4.855900174015113, 3.9951356785471, 2.9357047722821172, 2.3581289616982355, 2.3322208257367056, 5.9663346578950796, 7.605269632958453, 7.745333181987719, 6.319976041884969], [6.113204844433073, 5.686067349231804, 5.009003603512379, 4.412748615092412, 6.0168718899441425, 4.450351155807821, 5.785022913524197, 6.027834652675868, 2.6786452714011983, 1.4584379794835296, 2.504992265457121, 3.1448076920536807, 0.0, 1.3684212107388574, 2.336884562831463, 2.27021134258465, 3.624634533301254, 4.588806556175581, 4.588883408847952, 3.62485789376632, 2.270458988839041, 1.3685369267944507, 2.334860631815098, 6.721663558971097, 5.380500149614345, 6.855170403425432, 6.659232473791556, 5.292225219130418, 6.294224042723615, 6.4263965058187935, 7.1151839182132175, 5.804781699599046, 5.645621401581937, 2.0704785171549114, 2.8326108910332177, 3.446882075151397, 4.1601103843528, 5.621116309951254, 5.621096119085672, 4.160129864559519], [6.2080948011447115, 5.9949892368543924, 5.602020966579828, 5.254564266425904, 6.840593584624071, 5.5475240513223545, 6.877918866924791, 7.166848979153948, 3.358481811771503, 2.5123375350457984, 3.070102385914841, 3.643521169143937, 1.3684212107388574, 0.0, 1.2161523136515424, 1.461080617214533, 2.5808206349919014, 3.788978783260735, 4.189260255701477, 3.619749436079796, 2.2943841243348944, 2.2631124165626413, 3.4456419372883182, 6.92564619439948, 5.363550684947426, 6.787497331859512, 7.023737930048358, 5.47485967126099, 7.248300177972764, 7.578230464956842, 8.23957267945371, 7.044964383870227, 6.679039624077701, 3.3603958635851225, 2.899972308488479, 4.114595670293741, 2.897542182609254, 4.714379844687953, 5.276529383031995, 4.44391533447702], [5.503798521930105, 5.5055960204141385, 5.358120142363363, 5.326406644258397, 6.930333289243743, 5.83125451082355, 7.107115975555767, 7.480559114130441, 3.5467353002444373, 2.9944318225666784, 3.0872475297585065, 3.8486206126351297, 2.336884562831463, 1.2161523136515424, 0.0, 2.3667595146106417, 3.037767696845827, 4.407366679776032, 5.090098509852241, 4.723120279010477, 3.4576785420278733, 3.446699699712755, 4.5942897960402975, 6.279862993728446, 4.601646381459576, 5.956988939053018, 6.561284086213612, 4.961269937223734, 7.29838196451789, 7.882731557651827, 8.517046782189237, 7.529966377082968, 6.910018201857358, 4.018246882659153, 2.4925191955128447, 4.064400155004425, 2.9021178559803533, 5.167068167733033, 6.172792034403881, 5.610216285492031], [7.656941105297859, 7.410725007716857, 7.002618123245048, 6.50126223898098, 7.9715720394411544, 6.708178623888902, 8.052901410671808, 8.258497138099644, 4.529530577223207, 3.691606195140538, 4.399199448763377, 4.620030837559421, 2.27021134258465, 1.461080617214533, 2.3667595146106417, 0.0, 1.3810188485317643, 2.3718707405758854, 2.7524964232492657, 2.416910310706626, 1.382369277725746, 2.293782103862527, 3.4577587495370463, 8.38551828928898, 6.80695032301544, 8.199938064400243, 8.417959561556469, 6.831818003284338, 8.527335289526265, 8.680924550415124, 9.338482374026306, 7.989220202247527, 7.809837086008901, 4.308551576806294, 4.312816502008867, 5.45869716141132, 2.1537488920484673, 3.365212416772528, 3.8412015958551304, 3.4018395097358725], [8.529236531483928, 8.400334214779791, 8.142351898561007, 7.7345788198194745, 9.161143522508532, 8.039816279617341, 9.386389517274468, 9.59748989788476, 5.717003119642318, 5.007199398865597, 5.56714627524731, 5.693053764018042, 3.624634533301254, 2.5808206349919014, 3.037767696845827, 1.3810188485317643, 0.0, 1.3986414444023887, 2.4435748361775214, 2.845744410518977, 2.416737544707741, 3.6191438573231656, 4.72369292291529, 9.307112376027272, 7.639262252338245, 8.950854334643147, 9.41475438235114, 7.752803320735023, 9.81239242794539, 10.030619981337145, 10.671923958218594, 9.34939323699672, 9.103540711723104, 5.6787445610803795, 5.303905082106957, 6.643006378139344, 1.0851317754079457, 2.156477301063009, 3.422326065704435, 3.9309051998235724], [9.879283647107213, 9.680052428060502, 9.352019998374683, 8.805436564418597, 10.154458997406016, 9.013014816364167, 10.358994826719433, 10.503951837760871, 6.7809817386570215, 6.037185843586397, 6.72580730172966, 6.690061937680397, 4.588806556175581, 3.788978783260735, 4.407366679776032, 2.3718707405758854, 1.3986414444023887, 0.0, 1.4107689286343104, 2.4434282678237147, 2.7522644367865525, 4.1887193902194015, 5.091648897950447, 10.646218995023538, 9.001821556218497, 10.322699629941772, 10.67592494400368, 9.020427707154468, 10.878451392087019, 10.937703660275314, 11.577397827664038, 10.13771980131627, 10.060359111880649, 6.548857031574288, 6.581441633107446, 7.7999479363647035, 2.1738264972163717, 1.0889229265655123, 2.1648729731787957, 3.435477521393496], [10.384295570234894, 10.039016177893131, 9.541996192621331, 8.804283494981291, 10.085934797528685, 8.83693055138491, 10.154350191420425, 10.224833634832402, 6.857736274456753, 6.030067586685907, 6.907655303357283, 6.780849057455859, 4.588883408847952, 4.189260255701477, 5.090098509852241, 2.7524964232492657, 2.4435748361775214, 1.4107689286343104, 0.0, 1.3985085662948222, 2.3717120525055315, 3.7885952726571364, 4.409779034146722, 11.100314300955628, 9.551855674160912, 10.933417002017256, 11.003195529481424, 9.424685783091126, 10.797115621312946, 10.643620688938515, 11.285756051324165, 9.724192112458496, 9.875988365221984, 6.315575065661084, 6.984049145016091, 7.939568437893838, 3.4353821170286136, 2.164861069445335, 1.0888322276641154, 2.173993240559869], [9.663914943748212, 9.211144033723498, 8.575513405621846, 7.732003539186982, 9.007240192756047, 7.635411034122526, 8.923985266684387, 8.968939105044699, 5.898860176339155, 4.989911395004926, 5.999539373985306, 5.90574717457495, 3.62485789376632, 3.619749436079796, 4.723120279010477, 2.416910310706626, 2.845744410518977, 2.4434282678237147, 1.3985085662948222, 0.0, 1.380986419194628, 2.580634454935453, 3.0405206626497376, 10.32196207074992, 8.885076680029272, 10.310415825271065, 10.146462556477506, 8.668810823867366, 9.629539819222932, 9.37082361268208, 10.022018283759015, 8.416893755418325, 8.686814462160454, 5.1181077499404015, 6.2568858619923695, 6.968709765085643, 3.9308067543444563, 3.422207658807396, 2.1562245453569995, 1.0852349699489048], [8.28602195809304, 7.8649195444073055, 7.249543615980251, 6.499881220453186, 7.88602282269079, 6.4746969295867425, 7.793459735573156, 7.907939260009525, 4.641518590935514, 3.6803111797781445, 4.667252743316993, 4.748016958689175, 2.270458988839041, 2.2943841243348944, 3.4576785420278733, 1.382369277725746, 2.416737544707741, 2.7522644367865525, 2.3717120525055315, 1.380986419194628, 0.0, 1.4608094126202775, 2.3681385664694536, 8.944013874094784, 7.5057308691425915, 8.942107747058298, 8.821377318763776, 7.347257943614067, 8.425579391353452, 8.31516390998999, 8.98197875359322, 7.4686912146640525, 7.575862744928791, 3.9527165886261058, 4.894173372491007, 5.652612254524452, 3.4017474288959195, 3.8410587433675105, 3.364947574628764, 2.153619290868282], [7.41343825427851, 6.877350433124664, 6.0945333947727285, 5.2517105689479875, 6.6762831830293115, 5.072980592314541, 6.369801343