{"total energy": -30.38003847, "HOMO-LUMO gap/eV": 11.46384703, "electronic energy": -30.77013643, "dipole": [-0.0485956, -0.63708345, -0.24796926], "partial charges": [-0.10051185, -0.05192126, -0.05871088, -0.05973464, -0.06432448, 0.11603897, -0.45208839, -0.06238485, -0.09853212, 0.03295289, 0.03304204, 0.03162275, 0.0286744, 0.02846341, 0.03215737, 0.03228049, 0.02780043, 0.03287024, 0.04879227, 0.04457052, 0.00852906, 0.28230244, 0.03113074, 0.02545895, 0.03758421, 0.02932593, 0.04461135], "atomic dipole moments": [[-0.08338401, -0.05895942, 0.00394001], [0.00128231, 0.10383095, 0.03975773], [-0.00904505, -0.10612996, -0.03845169], [-0.00144401, 0.10276186, 0.04326749], [-0.01257816, -0.12791625, -0.03207477], [-0.11720676, 0.12861278, 0.01052791], [0.05653073, -0.21401176, -0.08419693], [0.01582926, 0.10111695, 0.0258115], [0.02971892, -0.08076278, 0.07289733], [-0.02049706, 0.10448373, -0.06737593], [0.03792837, 0.033996, 0.11533904], [0.09377738, -0.06184722, -0.05389993], [0.02915951, -0.10324552, 0.06113399], [-0.02715004, -0.03509907, -0.1150153], [-0.02574612, 0.10466092, -0.06200568], [0.03094673, 0.03636448, 0.11496575], [0.025977, -0.10411805, 0.06230769], [-0.02833689, -0.03545613, -0.11513519], [-0.02677791, 0.10926969, -0.0591706], [0.03248974, 0.0476944, 0.11026459], [0.01878872, -0.08242041, 0.079269], [-0.055427, -0.05335793, 0.0103585], [0.07696524, -0.08139402, -0.05481699], [-0.0999362, -0.06385898, 0.02145064], [0.09922614, 0.06429351, -0.04658058], [-0.0539636, -0.0553919, -0.09688727], [-0.08587918, 0.08433289, 0.04618512]], "atomic quadrupole moments": [[0.1230168, 0.16219489, 0.00138182, -0.01814385, -0.00139407, -0.12439863], [0.19363648, 0.04843045, -0.02206283, -0.11847803, 0.06740494, -0.17157365], [0.19748103, 0.04454635, -0.02005364, -0.12495137, 0.07472427, -0.17742738], [0.18735926, 0.03443769, -0.0145819, -0.11812697, 0.07697805, -0.17277736], [0.18734765, 0.04720122, -0.02878816, -0.14769143, 0.04586149, -0.15855949], [0.14302554, -0.11178301, -0.0513327, -0.16041855, 0.2314694, -0.09169284], [0.04232535, -0.08058205, 0.02269723, -0.08489355, 0.08165026, -0.06502258], [-0.14212971, -0.01178729, -0.00869087, 0.13420784, -0.03731473, 0.15082058], [-0.1034659, -0.05030127, 0.05773317, 0.07493526, -0.16209599, 0.04573272], [-0.02390183, -0.01902645, 0.03704411, 0.02414313, -0.05501171, -0.01314228], [-0.03449295, 0.01763204, -0.03596582, 0.02085343, 0.02334503, 0.07045877], [0.02777308, -0.04002083, 0.00059338, -0.04189761, 0.03423699, -0.02836645], [-0.01484715, -0.01314774, 0.01736006, 0.00612662, -0.04557829, -0.00251291], [-0.01081299, 0.00685933, -0.03691006, 0.02061641, 0.01500113, 0.04772305], [-0.01670763, -0.01583724, 0.01761761, 0.00888783, -0.0438332, -0.00090998], [-0.01477114, 0.00509036, -0.03449965, 0.01921474, 0.01389017, 0.04927079], [-0.01723038, -0.01476039, 0.01801959, 0.0087755, -0.04425582, -0.0007892], [-0.01131328, 0.00723355, -0.03489563, 0.02184447, 0.01466657, 0.04620891], [-0.01777016, -0.02094326, 0.00417909, 0.01527089, -0.04697927, 0.01359107], [-0.01335781, 0.00876817, -0.03574512, 0.02351764, 0.0146648, 0.04910293], [-0.0058385, -0.01724895, 0.01482965, 0.00387318, -0.01012581, -0.00899115], [0.07274264, 0.08525655, 0.00858522, -0.04336713, -0.01263355, -0.08132786], [0.01540415, -0.04621339, -0.01328484, -0.02539654, 0.01462639, -0.00211931], [0.03306085, 0.0387817, -0.02227594, -0.01214239, -0.02855896, -0.01078491], [0.05112026, 0.04405813, -0.01358067, -0.01946354, -0.02395053, -0.03753959], [-0.03067292, 0.02787958, 0.00075039, 0.04627705, 0.04017866, 0.02992253], [-5.297e-05, -0.04874558, 0.00508724, -0.04011804, 0.02744305, -0.00503426]], "number of molecular orbitals": 54, "number of electrons": 56, "number of unpaired electrons": 0, "orbital energies/eV": [-18.45732911, -17.14983452, -16.89688839, -16.6409965, -16.3850985, -15.85804666, -15.67179469, -15.11018526, -14.96790471, -14.77964481, -14.33573514, -14.16337984, -14.00788589, -13.44630198, -13.28625026, -13.1086321, -13.01922198, -12.71383653, -12.58515868, -12.32175543, -12.24723227, -11.95039186, -11.85261622, -11.65557805, -11.62647946, -11.43870162, -11.40747652, -10.90298768, 0.56085935, 1.85583778, 2.49772281, 2.52455534, 2.88850298, 3.04264033, 3.56803588, 3.66036888, 3.79821099, 3.97722109, 4.21835481, 4.57616045, 4.85303423, 4.9751318, 5.04173307, 5.13475851, 5.56461236, 6.26835318, 6.30101491, 6.96084937, 7.10805762, 7.30124574, 7.46100257, 7.64903753, 7.74627242, 8.42785595], "fractional occupation": [2.0, 2.0, 2.0, 2.0, 2.0, 2.0, 2.0, 2.0, 2.0, 2.0, 2.0, 2.0, 2.0, 2.0, 2.0, 2.0, 2.0, 2.0, 2.0, 2.0, 2.0, 2.0, 2.0, 2.0, 2.0, 2.0, 2.0, 2.0, 0.0, 0.0, 0.0, 0.0, 0.0, 0.0, 0.0, 0.0, 0.0, 0.0, 0.0, 0.0, 0.0, 0.0, 0.0, 0.0, 0.0, 0.0, 0.0, 0.0, 0.0, 0.0, 0.0, 0.0, 0.0, 0.0], "program call": "xtb /home/svss/Project-DBcg-Debug/aqme2_20220329/End-to-End-workflows-final/example-3/QDESCP/mol_893_rdkit_conf_12/mol_893_rdkit_conf_12.xyz --pop --wbo --acc 0.2 --gfn 2 --chrg 0 --uhf 0 --etemp 300 --input /home/svss/Project-DBcg-Debug/aqme2_20220329/End-to-End-workflows-final/example-3/QDESCP/mol_893_rdkit_conf_12/mol_893_rdkit_conf_12_xtb.inp", "method": "GFN2-xTB", "xtb version": "6.3.3 (7355c4f)", "Dipole module/D": 1.742, "Total charge": 0, "Transition dipole module/D": NaN, "HOMO": -10.903, "LUMO": 0.5609, "HOMO occupancy": 2.0, "LUMO occupancy": 0, "mulliken charges": [-0.08335, -0.03875, -0.04524, -0.05046, -0.05719, 0.21857, -0.57046, -0.06509, -0.07907, 0.02716, 0.02718, 0.02815, 0.02174, 0.02175, 0.02434, 0.02426, 0.02083, 0.02222, 0.03694, 0.03816, 0.00793, 0.33411, 0.02445, 0.02273, 0.02719, 0.02538, 0.03653], "cm5 charges": [-0.23368, -0.15127, -0.15598, -0.1611, -0.1624, 0.17091, -0.78144, -0.17346, -0.2288, 0.07845, 0.07847, 0.07893, 0.07644, 0.07645, 0.0797, 0.07961, 0.07641, 0.07848, 0.09513, 0.09589, 0.07424, 0.50356, 0.07994, 0.07957, 0.07949, 0.07625, 0.09022], "FUKUI+": [0.007, -0.012, -0.011, -0.02, -0.013, -0.032, -0.109, 0.015, 0.016, -0.03, -0.03, -0.054, -0.034, -0.034, -0.041, -0.042, -0.047, -0.047, -0.054, -0.053, -0.073, -0.114, -0.053, -0.043, -0.02, -0.049, -0.023], "FUKUI-": [0.019, 0.008, 0.014, 0.015, 0.014, -0.001, -0.097, -0.002, 0.015, -0.061, -0.062, -0.043, -0.077, -0.075, -0.056, -0.058, -0.04, -0.043, -0.055, -0.059, -0.091, -0.049, -0.047, -0.043, -0.023, -0.065, -0.035], "FUKUIrad": [0.013, -0.002, 0.002, -0.003, 0.0, -0.017, -0.103, 0.006, 0.015, -0.046, -0.046, -0.049, -0.055, -0.055, -0.048, -0.05, -0.044, -0.045, -0.055, -0.056, -0.082, -0.082, -0.05, -0.043, -0.021, -0.057, -0.029], "s proportion": [1.007, 1.027, 1.032, 1.033, 1.036, 1.02, 1.699, 1.036, 1.005, 0.973, 0.973, 0.972, 0.978, 0.978, 0.976, 0.976, 0.979, 0.978, 0.963, 0.962, 0.992, 0.666, 0.976, 0.977, 0.973, 0.975, 0.963], "p proportion": [3.076, 3.012, 3.013, 3.018, 3.021, 2.761, 4.872, 3.029, 3.074, 0.0, 0.0, 0.0, 0.0, 0.0, 0.0, 0.0, 0.0, 0.0, 0.0, 0.0, 0.0, 0.0, 0.0, 0.0, 0.0, 0.0, 0.0], "d proportion": [0.0, 0.0, 0.0, 0.0, 0.0, 0.0, 0.0, 0.0, 0.0, 0.0, 0.0, 0.0, 0.0, 0.0, 0.0, 0.0, 0.0, 0.0, 0.0, 0.0, 0.0, 0.0, 0.0, 0.0, 0.0, 0.0, 0.0], "Fermi-level/eV": -5.1711, "Coordination numbers": [3.75, 3.8, 3.802, 3.801, 3.8, 3.723, 1.653, 3.798, 3.748, 0.924, 0.924, 0.924, 0.924, 0.924, 0.924, 0.924, 0.924, 0.924, 0.924, 0.923, 0.924, 0.804, 0.924, 0.924, 0.924, 0.924, 0.924], "Dispersion coefficient C6": [22.483, 21.507, 21.629, 21.65, 21.735, 18.784, 21.888, 21.701, 22.448, 2.545, 2.544, 2.564, 2.606, 2.609, 2.556, 2.554, 2.618, 2.546, 2.335, 2.389, 2.914, 0.777, 2.571, 2.652, 2.481, 2.596, 2.388], "Total dispersion C6": 4854.627322, "Total dispersion C8": 100748.952907, "Polarizability alpha": [6.762, 6.603, 6.621, 6.625, 6.638, 6.189, 6.316, 6.633, 6.757, 2.495, 2.494, 2.504, 2.524, 2.526, 2.5, 2.499, 2.53, 2.495, 2.39, 2.417, 2.67, 1.385, 2.507, 2.547, 2.463, 2.52, 2.417], "Total polarizability alpha": 103.02774, "Wiberg matrix": [[0.0, 1.0201271948936084, 0.0, 0.0, 0.0, 0.0, 0.0, 0.0, 0.0, 0.98766383865869, 0.987662205100849, 0.9873589369190133, 0.0, 0.0, 0.0, 0.0, 0.0, 0.0, 0.0, 0.0, 0.0, 0.0, 0.0, 0.0, 0.0, 0.0, 0.0], [1.0201271948936084, 0.0, 1.007773123760452, 0.0, 0.0, 0.0, 0.0, 0.0, 0.0, 0.0, 0.0, 0.0, 0.9780576310004855, 0.9780382576497413, 0.0, 0.0, 0.0, 0.0, 0.0, 0.0, 0.0, 0.0, 0.0, 0.0, 0.0, 0.0, 0.0], [0.0, 1.007773123760452, 0.0, 1.0068573844417306, 0.0, 0.0, 0.0, 0.0, 0.0, 0.0, 0.0, 0.0, 0.0, 0.0, 0.9771444044219002, 0.9769656612646545, 0.0, 0.0, 0.0, 0.0, 0.0, 0.0, 0.0, 0.0, 0.0, 0.0, 0.0], [0.0, 0.0, 1.0068573844417306, 0.0, 1.0073264044795867, 0.0, 0.0, 0.0, 0.0, 0.0, 0.0, 0.0, 0.0, 0.0, 0.0, 0.0, 0.9772317026634245, 0.9752524835059035, 0.0, 0.0, 0.0, 0.0, 0.0, 0.0, 0.0, 0.0, 0.0], [0.0, 0.0, 0.0, 1.0073264044795867, 0.0, 0.9932306185443914, 0.0, 0.0, 0.0, 0.0, 0.0, 0.0, 0.0, 0.0, 0.0, 0.0, 0.0, 0.0, 0.9731374124031532, 0.9739958408433746, 0.0, 0.0, 0.0, 0.0, 0.0, 0.0, 0.0], [0.0, 0.0, 0.0, 0.0, 0.9932306185443914, 0.0, 0.9780563709105107, 0.9888453395329737, 0.0, 0.0, 0.0, 0.0, 0.0, 0.0, 0.0, 0.0, 0.0, 0.0, 0.0, 0.0, 0.9645070972903371, 0.0, 0.0, 0.0, 0.0, 0.0, 0.0], [0.0, 0.0, 0.0, 0.0, 0.0, 0.9780563709105107, 0.0, 0.0, 0.0, 0.0, 0.0, 0.0, 0.0, 0.0, 0.0, 0.0, 0.0, 0.0, 0.0, 0.0, 0.0, 0.9038458785501204, 0.0, 0.0, 0.0, 0.0, 0.0], [0.0, 0.0, 0.0, 0.0, 0.0, 0.9888453395329737, 0.0, 0.0, 1.020659794082194, 0.0, 0.0, 0.0, 0.0, 0.0, 0.0, 0.0, 0.0, 0.0, 0.0, 0.0, 0.0, 0.0, 0.9747131814527412, 0.9750884379997526, 0.0, 0.0, 0.0], [0.0, 0.0, 0.0, 0.0, 0.0, 0.0, 0.0, 1.020659794082194, 0.0, 0.0, 0.0, 0.0, 0.0, 0.0, 0.0, 0.0, 0.0, 0.0, 0.0, 0.0, 0.0, 0.0, 0.0, 0.0, 0.9859574956957006, 0.9871975622014907, 0.9864085288102888], [0.98766383865869, 0.0, 0.0, 0.0, 0.0, 0.0, 0.0, 0.0, 0.0, 0.0, 0.0, 0.0, 0.0, 0.0, 0.0, 0.0, 0.0, 0.0, 0.0, 0.0, 0.0, 0.0, 0.0, 0.0, 0.0, 0.0, 0.0], [0.987662205100849, 0.0, 0.0, 0.0, 0.0, 0.0, 0.0, 0.0, 0.0, 0.0, 0.0, 0.0, 0.0, 0.0, 0.0, 0.0, 0.0, 0.0, 0.0, 0.0, 0.0, 0.0, 0.0, 0.0, 0.0, 0.0, 0.0], [0.9873589369190133, 0.0, 0.0, 0.0, 0.0, 0.0, 0.0, 0.0, 0.0, 0.0, 0.0, 0.0, 0.0, 0.0, 0.0, 0.0, 0.0, 0.0, 0.0, 0.0, 0.0, 0.0, 0.0, 0.0, 0.0, 0.0, 0.0], [0.0, 0.9780576310004855, 0.0, 0.0, 0.0, 0.0, 0.0, 0.0, 0.0, 0.0, 0.0, 0.0, 0.0, 0.0, 0.0, 0.0, 0.0, 0.0, 0.0, 0.0, 0.0, 0.0, 0.0, 0.0, 0.0, 0.0, 0.0], [0.0, 0.9780382576497413, 0.0, 0.0, 0.0, 0.0, 0.0, 0.0, 0.0, 0.0, 0.0, 0.0, 0.0, 0.0, 0.0, 0.0, 0.0, 0.0, 0.0, 0.0, 0.0, 0.0, 0.0, 0.0, 0.0, 0.0, 0.0], [0.0, 0.0, 0.9771444044219002, 0.0, 0.0, 0.0, 0.0, 0.0, 0.0, 0.0, 0.0, 0.0, 0.0, 0.0, 0.0, 0.0, 0.0, 0.0, 0.0, 0.0, 0.0, 0.0, 0.0, 0.0, 0.0, 0.0, 0.0], [0.0, 0.0, 0.9769656612646545, 0.0, 0.0, 0.0, 0.0, 0.0, 0.0, 0.0, 0.0, 0.0, 0.0, 0.0, 0.0, 0.0, 0.0, 0.0, 0.0, 0.0, 0.0, 0.0, 0.0, 0.0, 0.0, 0.0, 0.0], [0.0, 0.0, 0.0, 0.9772317026634245, 0.0, 0.0, 0.0, 0.0, 0.0, 0.0, 0.0, 0.0, 0.0, 0.0, 0.0, 0.0, 0.0, 0.0, 0.0, 0.0, 0.0, 0.0, 0.0, 0.0, 0.0, 0.0, 0.0], [0.0, 0.0, 0.0, 0.9752524835059035, 0.0, 0.0, 0.0, 0.0, 0.0, 0.0, 0.0, 0.0, 0.0, 0.0, 0.0, 0.0, 0.0, 0.0, 0.0, 0.0, 0.0, 0.0, 0.0, 0.0, 0.0, 0.0, 0.0], [0.0, 0.0, 0.0, 0.0, 0.9731374124031532, 0.0, 0.0, 0.0, 0.0, 0.0, 0.0, 0.0, 0.0, 0.0, 0.0, 0.0, 0.0, 0.0, 0.0, 0.0, 0.0, 0.0, 0.0, 0.0, 0.0, 0.0, 0.0], [0.0, 0.0, 0.0, 0.0, 0.9739958408433746, 0.0, 0.0, 0.0, 0.0, 0.0, 0.0, 0.0, 0.0, 0.0, 0.0, 0.0, 0.0, 0.0, 0.0, 0.0, 0.0, 0.0, 0.0, 0.0, 0.0, 0.0, 0.0], [0.0, 0.0, 0.0, 0.0, 0.0, 0.9645070972903371, 0.0, 0.0, 0.0, 0.0, 0.0, 0.0, 0.0, 0.0, 0.0, 0.0, 0.0, 0.0, 0.0, 0.0, 0.0, 0.0, 0.0, 0.0, 0.0, 0.0, 0.0], [0.0, 0.0, 0.0, 0.0, 0.0, 0.0, 0.9038458785501204, 0.0, 0.0, 0.0, 0.0, 0.0, 0.0, 0.0, 0.0, 0.0, 0.0, 0.0, 0.0, 0.0, 0.0, 0.0, 0.0, 0.0, 0.0, 0.0, 0.0], [0.0, 0.0, 0.0, 0.0, 0.0, 0.0, 0.0, 0.9747131814527412, 0.0, 0.0, 0.0, 0.0, 0.0, 0.0, 0.0, 0.0, 0.0, 0.0, 0.0, 0.0, 0.0, 0.0, 0.0, 0.0, 0.0, 0.0, 0.0], [0.0, 0.0, 0.0, 0.0, 0.0, 0.0, 0.0, 0.9750884379997526, 0.0, 0.0, 0.0, 0.0, 0.0, 0.0, 0.0, 0.0, 0.0, 0.0, 0.0, 0.0, 0.0, 0.0, 0.0, 0.0, 0.0, 0.0, 0.0], [0.0, 0.0, 0.0, 0.0, 0.0, 0.0, 0.0, 0.0, 0.9859574956957006, 0.0, 0.0, 0.0, 0.0, 0.0, 0.0, 0.0, 0.0, 0.0, 0.0, 0.0, 0.0, 0.0, 0.0, 0.0, 0.0, 0.0, 0.0], [0.0, 0.0, 0.0, 0.0, 0.0, 0.0, 0.0, 0.0, 0.9871975622014907, 0.0, 0.0, 0.0, 0.0, 0.0, 0.0, 0.0, 0.0, 0.0, 0.0, 0.0, 0.0, 0.0, 0.0, 0.0, 0.0, 0.0, 0.0], [0.0, 0.0, 0.0, 0.0, 0.0, 0.0, 0.0, 0.0, 0.9864085288102888, 0.0, 0.0, 0.0, 0.0, 0.0, 0.0, 0.0, 0.0, 0.0, 0.0, 0.0, 0.0, 0.0, 0.0, 0.0, 0.0, 0.0, 0.0]], "Born radii": [], "Atomic SASAs": [], "Solvent H bonds": [], "Total SASA": NaN, "Total FOD": 0.0, "FOD": [0.0, 0.0, 0.0, 0.0, 0.0, 0.0, 0.0, 0.0, 0.0, 0.0, 0.0, 0.0, 0.0, 0.0, 0.0, 0.0, 0.0, 0.0, 0.0, 0.0, 0.0, 0.0, 0.0, 0.0, 0.0, 0.0, 0.0], "FOD s proportion": [0.0, 0.0, 0.0, 0.0, 0.0, 0.0, 0.0, 0.0, 0.0, 0.0, 0.0, 0.0, 0.0, 0.0, 0.0, 0.0, 0.0, 0.0, 0.0, 0.0, 0.0, 0.0, 0.0, 0.0, 0.0, 0.0, 0.0], "FOD p proportion": [0.0, 0.0, 0.0, 0.0, 0.0, 0.0, 0.0, 0.0, 0.0, 0.0, 0.0, 0.0, 0.0, 0.0, 0.0, 0.0, 0.0, 0.0, 0.0, 0.0, 0.0, 0.0, 0.0, 0.0, 0.0, 0.0, 0.0], "FOD d proportion": [0.0, 0.0, 0.0, 0.0, 0.0, 0.0, 0.0, 0.0, 0.0, 0.0, 0.0, 0.0, 0.0, 0.0, 0.0, 0.0, 0.0, 0.0, 0.0, 0.0, 0.0, 0.0, 0.0, 0.0, 0.0, 0.0, 0.0], "coordinates": [["4.11110", "0.95040", "-0.52670"], ["2.87680", "0.06440", "-0.47410"], ["1.69810", "0.78430", "0.18080"], ["0.45800", "-0.11100", "0.23210"], ["-0.72060", "0.61270", "0.88370"], ["-1.96000", "-0.27100", "1.06630"], ["-2.95330", "0.51540", "1.72670"], ["-2.54890", "-0.85580", "-0.22430"], ["-2.96420", "0.18950", "-1.25160"], ["3.91790", "1.85830", "-1.10700"], ["4.42530", "1.24570", "0.47950"], ["4.94150", "0.41600", "-0.99870"], ["3.11300", "-0.84850", "0.08510"], ["2.60860", "-0.23930", "-1.49270"], ["1.46810", "1.69830", "-0.38020"], ["1.97380", "1.08970", "1.19750"], ["0.68690", "-1.02280", "0.79660"], ["0.19500", "-0.41560", "-0.78710"], ["-0.97800", "1.51110", "0.30900"], ["-0.41770", "0.98650", "1.87120"], ["-1.70660", "-1.09710", "1.74160"], ["-3.72190", "-0.05790", "1.88840"], ["-1.83900", "-1.55260", "-0.68300"], ["-3.44190", "-1.43960", "0.03220"], ["-2.10090", "0.74640", "-1.62730"], ["-3.44100", "-0.29780", "-2.10830"], ["-3.68000", "0.90160", "-0.82970"]], "bond_dist": [[0.0, 1.5202826217516274, 2.5200623920847676, 3.879109048480076, 5.044659982595458, 6.394350801293279, 7.4278384419695085, 6.907199446953881, 7.152923801495442, 1.0946948159190306, 1.0946972960595087, 1.0945005801734409, 2.146286108607145, 2.1461706222945094, 2.750684580245435, 2.7496038660141577, 4.167707615704345, 4.155671229777448, 5.187650507696138, 5.124573841794067, 6.571382992186653, 8.258647946243986, 6.457021658628691, 7.941805727288978, 6.312042487182735, 7.8162443801355135, 7.797142402829386], [1.5202826217516274, 0.0, 1.528556086638629, 2.525881438231018, 3.884010876658303, 5.087234962138077, 6.247958678640568, 5.508846391940875, 5.893847407254449, 2.1685314915859535, 2.168565170798425, 2.159123389248516, 1.0963035574146425, 1.0962257477362953, 2.1593707671449103, 2.158910755450535, 2.755420900697387, 2.742338461970003, 4.191141794308563, 4.147822410614996, 5.221682133182754, 7.009936178739433, 4.989699174298988, 6.514930957423877, 5.154851261675743, 6.535778095988266, 6.619590730551248], [2.5200623920847676, 1.528556086638629, 0.0, 1.530373088498357, 2.524603861994986, 3.9088954897771315, 4.908934301862269, 4.570672053429342, 4.91351178791707, 2.781980747596935, 2.782037291266959, 3.4708080759385123, 2.1626688003483103, 2.1627226960477386, 1.0968213163501153, 1.0967946662890005, 2.1604040108276044, 2.153114030886427, 2.776001565201288, 2.7156852984099613, 4.191389350800042, 5.744701785123402, 4.326468358834951, 5.602447069807978, 4.207500804515669, 5.7289849039773175, 5.473465917496883], [3.879109048480076, 2.525881438231018, 1.530373088498357, 0.0, 1.5288630448800835, 2.562852637199416, 3.776661728299213, 3.1312099274880953, 3.742074128073895, 4.200266576063952, 4.200156061386291, 4.6791420036156195, 2.7594456417911184, 2.7597964218398428, 2.1607359371288295, 2.1613253549616265, 1.0965558353316989, 1.0957731517061366, 2.1677679811271315, 2.158241309492523, 2.817175290960788, 4.496411158913294, 2.8621368887598653, 4.124846418959136, 3.277265984017776, 4.551325894725624, 4.390423897529714], [5.044659982595458, 3.884010876658303, 2.524603861994986, 1.5288630448800835, 0.0, 1.5330951731709288, 2.388527910659618, 2.593614686108945, 3.1260750614788506, 5.199046845336172, 5.200418584114168, 5.970050004815705, 4.17963591237323, 4.178128001868779, 2.750705047801381, 2.754231435446193, 2.159514507939227, 2.165016602707702, 1.0971132165825002, 1.0984676144520602, 2.1521162724165253, 3.2352632257669547, 2.8972213481196087, 3.5131839163357217, 2.868488239473887, 4.14507544080925, 3.431799983973425], [6.394350801293279, 5.087234962138077, 3.9088954897771315, 2.562852637199416, 1.5330951731709288, 0.0, 1.428705011540171, 1.5344193070995946, 2.5677107118988305, 6.618675078140639, 6.589140248924741, 7.236497512609259, 5.19919115728591, 5.236562980620017, 4.209795048455447, 4.164552841542535, 2.764782259057664, 2.8460544126913665, 2.171107482369309, 2.146592544010158, 1.0966689837868124, 1.9559017434421395, 2.171909309800941, 2.151979642097016, 2.8827827753752104, 3.503164911904662, 2.8157071509658103], [7.4278384419695085, 6.247958678640568, 4.908934301862269, 3.776661728299213, 2.388527910659618, 1.428705011540171, 0.0, 2.4187041571883072, 2.99609754680985, 7.552921655889197, 7.518815324903253, 8.35257759975925, 6.430790733650101, 6.470613576779253, 5.038557132751399, 4.988605771154902, 4.0598277414195785, 4.1349418774633335, 2.6273754718349642, 2.5830375181169942, 2.038293195298458, 0.9724020464807754, 3.3652552028040903, 2.632885339318824, 3.4683227589138816, 3.950489910125072, 2.6855957048669854], [6.907199446953881, 5.508846391940875, 4.570672053429342, 3.1312099274880953, 2.593614686108945, 1.5344193070995946, 2.4187041571883072, 0.0, 1.5233093809203697, 7.068592528926816, 7.317861868742809, 7.636966856023403, 5.670352128395555, 5.346841783707463, 4.762774466631818, 5.124578107512852, 3.397135182767975, 2.8354024564424716, 2.8903894737560893, 3.511011674717132, 2.1523145193024185, 2.54481329374082, 1.0953967043952617, 1.0972983596087253, 2.176271545556758, 2.1579301216675204, 2.1758564130015565], [7.152923801495442, 5.893847407254449, 4.91351178791707, 3.742074128073895, 3.1260750614788506, 2.5677107118988305, 2.99609754680985, 1.5233093809203697, 0.0, 7.083015107283056, 7.662700300807803, 7.91298636103968, 6.308452324461206, 5.594470349371779, 4.762467710126757, 5.585006253353706, 4.358362736165956, 3.2499924461450673, 2.850805037178095, 4.1075237175213, 3.492297747901802, 3.2395857837075406, 2.1504170316475824, 2.1284516766889494, 1.0938807019049195, 1.094867307028573, 1.0942831717613135], [1.0946948159190306, 2.1685314915859535, 2.781980747596935, 4.200266576063952, 5.199046845336172, 6.618675078140639, 7.552921655889197, 7.068592528926816, 7.083015107283056, 0.0, 1.774743860392254, 1.7719241349448345, 3.065245937930593, 2.502590006373397, 2.5603433910317577, 3.111429096090734, 4.729037023538725, 4.374121812432754, 5.108369666537456, 5.331710592295873, 6.963038946465832, 8.426789877527504, 6.704917033043735, 8.144972503943768, 6.142718220787928, 7.733354906507266, 7.662914236111481], [1.0946972960595087, 2.168565170798425, 2.782037291266959, 4.200156061386291, 5.200418584114168, 6.589140248924741, 7.518815324903253, 7.317861868742809, 7.662700300807803, 1.774743860392254, 0.0, 1.771987519707743, 2.502669832398992, 3.065158516292428, 3.1127098628044347, 2.5592405611821647, 4.384321979508348, 4.71801137556916, 5.4125001893764395, 5.045657789624659, 6.6844450674682045, 8.370259255841482, 6.958688355573916, 8.324887339778238, 6.875986705193663, 8.423643913414194, 8.217560315568118], [1.0945005801734409, 2.159123389248516, 3.4708080759385123, 4.6791420036156195, 5.970050004815705, 7.236497512609259, 8.35257759975925, 7.636966856023403, 7.91298636103968, 1.7719241349448345, 1.771987519707743, 0.0, 2.4732559390406808, 2.4730298218986357, 3.753843776717406, 3.7529201190539614, 4.836824236004447, 4.823442273936736, 6.160341187791468, 6.105966008749147, 7.348193608636071, 9.14409247437929, 7.067547856222836, 8.647970960288893, 7.078114147143998, 8.48569554308897, 8.636818315213073], [2.146286108607145, 1.0963035574146425, 2.1626688003483103, 2.7594456417911184, 4.17963591237323, 5.19919115728591, 6.430790733650101, 5.670352128395555, 6.308452324461206, 3.065245937930593, 2.502669832398992, 2.4732559390406808, 0.0, 1.7649353642555865, 3.067309951732952, 2.5083519768963844, 2.5342797694808676, 3.07617607590983, 4.728014844519844, 4.361561727179841, 5.102385556776359, 7.112861397496792, 5.060438560045957, 6.581710387885507, 5.714960453056522, 6.933194793888314, 7.0742178401573135], [2.1461706222945094, 1.0962257477362953, 2.1627226960477386, 2.7597964218398428, 4.178128001868779, 5.236562980620017, 6.470613576779253, 5.346841783707463, 5.594470349371779, 2.502590006373397, 3.065158516292428, 2.4730298218986357, 1.7649353642555865, 0.0, 2.5085235219148334, 3.0669835473963665, 3.0899348908998063, 2.5207970981417764, 4.378780950218908, 4.687952702406457, 5.4605373700763185, 7.179134587121209, 4.707602015888768, 6.354100278560293, 4.81343036721214, 6.081122081491211, 6.425551475943525], [2.750684580245435, 2.1593707671449103, 1.0968213163501153, 2.1607359371288295, 2.750705047801381, 4.209795048455447, 5.038557132751399, 4.762774466631818, 4.762467710126757, 2.5603433910317577, 3.1127098628044347, 3.753843776717406, 3.067309951732952, 2.5085235219148334, 0.0, 1.7650109744701308, 3.0658631557850065, 2.5009846920763033, 2.548224026650718, 3.0218707517033216, 4.732337317858903, 5.930167316357946, 4.647251774974109, 5.8416256444589125, 3.8986065484990915, 5.574047688170598, 5.22873930790205], [2.7496038660141577, 2.158910755450535, 1.0967946662890005, 2.1613253549616265, 2.754231435446193, 4.164552841542535, 4.988605771154902, 5.124578107512852, 5.585006253353706, 3.111429096090734, 2.5592405611821647, 3.7529201190539614, 2.5083519768963844, 3.0669835473963665, 1.7650109744701308, 0.0, 2.5058907937098933, 3.0608323524819188, 3.1112912833741557, 2.486723583352199, 4.315493391258988, 5.851096227203925, 5.005544264113544, 6.089752792191158, 4.969962778532652, 6.494114945856748, 6.009190951367747], [4.167707615704345, 2.755420900697387, 2.1604040108276044, 1.0965558353316989, 2.159514507939227, 2.764782259057664, 4.0598277414195785, 3.397135182767975, 4.358362736165956, 4.729037023538725, 4.384321979508348, 4.836824236004447, 2.5342797694808676, 3.0899348908998063, 3.0658631557850065, 2.5058907937098933, 0.0, 1.7660020215163967, 3.070878535533439, 2.532230797143104, 2.574371329082112, 4.643336805574199, 2.974907563269824, 4.219599393307379, 4.095996666258409, 5.099375198982714, 5.041625001921504], [4.155671229777448, 2.742338461970003, 2.153114030886427, 1.0957731517061366, 2.165016602707702, 2.8460544126913665, 4.1349418774633335, 2.8354024564424716, 3.2499924461450673, 4.374121812432754, 4.71801137556916, 4.823442273936736, 3.07617607590983, 2.5207970981417764, 2.5009846920763033, 3.0608323524819188, 1.7660020215163967, 0.0, 2.507894953940456, 3.0672209881258965, 3.2364870616148, 4.756927070073704, 2.33254406389247, 3.866118221161893, 2.7069054010068396, 3.870393039472864, 4.092976374229394], [5.187650507696138, 4.191141794308563, 2.776001565201288, 2.1677679811271315, 1.0971132165825002, 2.171107482369309, 2.6273754718349642, 2.8903894737560893, 2.850805037178095, 5.108369666537456, 5.4125001893764395, 6.160341187791468, 4.728014844519844, 4.378780950218908, 2.548224026650718, 3.1112912833741557, 3.070878535533439, 2.507894953940456, 0.0, 1.74057751622845, 3.0636429230574507, 3.533447688872725, 3.3334130692129946, 3.8540954762434207, 2.3653600550444747, 3.8963864669716735, 2.9948175136391866], [5.124573841794067, 4.147822410614996, 2.7156852984099613, 2.158241309492523, 1.0984676144520602, 2.146592544010158, 2.5830375181169942, 3.511011674717132, 4.1075237175213, 5.331710592295873, 5.045657789624659, 6.105966008749147, 4.361561727179841, 4.687952702406457, 3.0218707517033216, 2.486723583352199, 2.532230797143104, 3.0672209881258965, 1.74057751622845, 0.0, 2.4534564047482075, 3.465372251288453, 3.8718290432300853, 4.291114989137439, 3.8897702374304837, 5.160057134373611, 4.236114978373463], [6.571382992186653, 5.221682133182754, 4.191389350800042, 2.817175290960788, 2.1521162724165253, 1.0966689837868124, 2.038293195298458, 2.1523145193024185, 3.492297747901802, 6.963038946465832, 6.6844450674682045, 7.348193608636071, 5.102385556776359, 5.4605373700763185, 4.732337317858903, 4.315493391258988, 2.574371329082112, 3.2364870616148, 3.0636429230574507, 2.4534564047482075, 0.0, 2.272206190027657, 2.470565759092439, 2.4598009472313, 3.860498925009564, 4.297528808513097, 3.8079775393245168], [8.258647946243986, 7.009936178739433, 5.744701785123402, 4.496411158913294, 3.2352632257669547, 1.9559017434421395, 0.9724020464807754, 2.54481329374082, 3.2395857837075406, 8.426789877527504, 8.370259255841482, 9.14409247437929, 7.112861397496792, 7.179134587121209, 5.930167316357946, 5.851096227203925, 4.643336805574199, 4.756927070073704, 3.533447688872725, 3.465372251288453, 2.272206190027657, 0.0, 3.5201617093537054, 2.330873941250363, 3.9540720757214327, 4.013734882874054, 2.8827874479399274], [6.457021658628691, 4.989699174298988, 4.326468358834951, 2.8621368887598653, 2.8972213481196087, 2.171909309800941, 3.3652552028040903, 1.0953967043952617, 2.1504170316475824, 6.704917033043735, 6.958688355573916, 7.067547856222836, 5.060438560045957, 4.707602015888768, 4.647251774974109, 5.005544264113544, 2.974907563269824, 2.33254406389247, 3.3334130692129946, 3.8718290432300853, 2.470565759092439, 3.5201617093537054, 0.0, 1.7588543003898873, 2.499138871691607, 2.4844329594497006, 3.071465371772894], [7.941805727288978, 6.514930957423877, 5.602447069807978, 4.124846418959136, 3.5131839163357217, 2.151979642097016, 2.632885339318824, 1.0972983596087253, 2.1284516766889494, 8.144972503943768, 8.324887339778238, 8.647970960288893, 6.581710387885507, 6.354100278560293, 5.8416256444589125, 6.089752792191158, 4.219599393307379, 3.866118221161893, 3.8540954762434207, 4.291114989137439, 2.4598009472313, 2.330873941250363, 1.7588543003898873, 0.0, 3.0546386447499807, 2.425994291007297, 2.5061485710148945], [6.312042487182735, 5.154851261675743, 4.207500804515669, 3.277265984017776, 2.868488239473887, 2.8827827753752104, 3.4683227589138816, 2.176271545556758, 1.0938807019049195, 6.142718220787928, 6.875986705193663, 7.078114147143998, 5.714960453056522, 4.81343036721214, 3.8986065484990915, 4.969962778532652, 4.095996666258409, 2.7069054010068396, 2.3653600550444747, 3.8897702374304837, 3.860498925009564, 3.9540720757214327, 2.499138871691607, 3.0546386447499807, 0.0, 1.7656677631989544, 1.7758968466664948], [7.8162443801355135, 6.535778095988266, 5.7289849039773175, 4.551325894725624, 4.14507544080925, 3.503164911904662, 3.950489910125072, 2.1579301216675204, 1.094867307028573, 7.733354906507266, 8.423643913414194, 8.48569554308897, 6.933194793888314, 6.081122081491211, 5.574047688170598, 6.494114945856748, 5.099375198982714, 3.870393039472864, 3.8963864669716735, 5.160057134373611, 4.297528808513097, 4.013734882874054, 2.4844329594497006, 2.425994291007297, 1.7656677631989544, 0.0, 1.7693217118432703], [7.797142402829386, 6.619590730551248, 5.473465917496883, 4.390423897529714, 3.431799983973425, 2.8157071509658103, 2.6855957048669854, 2.1758564130015565, 1.0942831717613135, 7.662914236111481, 8.217560315568118, 8.636818315213073, 7.0742178401573135, 6.425551475943525, 5.22873930790205, 6.009190951367747, 5.041625001921504, 4.092976374229394, 2.9948175136391866, 4.236114978373463, 3.8079775393245168, 2.8827874479399274, 3.071465371772894, 2.5061485710148945, 1.7758968466664948, 1.7693217118432703, 0.0]]}