{"total energy": -42.93421374, "HOMO-LUMO gap/eV": 4.82213309, "electronic energy": -43.46282896, "dipole": [-0.07677016, 0.90671962, -0.13843757], "partial charges": [-0.10017989, -0.05201413, -0.05836775, -0.05852614, -0.0595347, -0.0601649, -0.0575616, -0.08816744, 0.3489618, -0.40710642, -0.27609352, 0.08529072, -0.1133198, 0.03251215, 0.03147622, 0.03217914, 0.02888848, 0.02852368, 0.03051667, 0.02959501, 0.02888501, 0.02956504, 0.03199717, 0.03010315, 0.03544249, 0.03140717, 0.04579795, 0.04701535, 0.06911965, 0.07161919, 0.05084679, 0.05078888, 0.05504435, 0.05042241, 0.05503781], "atomic dipole moments": [[0.05798401, -0.05537082, -0.06202806], [0.03753915, 0.04229824, 0.09499355], [-0.03404436, -0.04351298, -0.09551408], [0.03734103, 0.04182256, 0.09338076], [-0.03310856, -0.04379788, -0.09790549], [0.04440138, 0.03415218, 0.10036797], [-0.01460672, 0.134136, -0.02205748], [0.05008866, -0.08613752, 0.02280161], [0.11969581, 0.10545093, 0.01324355], [-0.06063453, 0.16059061, -0.03852992], [0.1040213, -0.19439752, 0.05519662], [-0.21831081, 0.09290948, -0.06971296], [-0.05347755, -0.12818324, 0.00480041], [-0.01054063, -0.05376636, 0.11342046], [-0.11481655, 0.01152817, -0.04718041], [0.04679013, 0.11585672, 0.01534158], [-0.05521709, -0.10939955, -0.01602852], [0.00022003, 0.05460592, -0.11073468], [-0.0031009, -0.0528561, 0.11236923], [0.05223174, 0.11104461, 0.01745018], [0.00323345, 0.05287811, -0.1121946], [-0.05245032, -0.11130069, -0.01731522], [-0.00418148, -0.05304464, 0.11274206], [0.04917697, 0.11223114, 0.0168646], [-0.05409561, -0.10798839, -0.02330676], [0.00728381, 0.05412975, -0.1113048], [0.05354608, -0.08316481, -0.07681156], [-0.00689975, -0.06464388, 0.10947622], [0.00455994, 0.06108229, -0.11733502], [-0.05157472, 0.07642533, 0.09583207], [0.0565637, -0.07555389, -0.08587793], [0.00381176, -0.04585976, 0.11895075], [-0.00820278, 0.05591234, -0.11507624], [0.12416055, -0.01074453, 0.03351153], [-0.05782379, 0.08384019, 0.07786906]], "atomic quadrupole moments": [[0.00663335, -0.11324464, -0.02002488, -0.1168683, 0.1218903, 0.01339152], [0.16436075, -0.14077365, -0.12213068, -0.00935764, 0.11496372, -0.04223007], [0.17367969, -0.14147744, -0.12865772, -0.00122336, 0.11615828, -0.04502197], [0.17476474, -0.13998334, -0.12898311, 0.00262199, 0.11420354, -0.04578164], [0.16919681, -0.13263186, -0.12997611, 0.00361167, 0.11794855, -0.03922071], [0.16242761, -0.15586487, -0.11431102, 0.01139227, 0.09050188, -0.04811659], [0.16027361, 0.09998871, 0.03495993, 0.13002882, 0.00716059, -0.19523353], [0.17163635, 0.05676764, 0.06568792, 0.11117458, -0.01259739, -0.23732427], [-0.19079309, 0.14423309, -0.21998482, -0.19027033, 0.14137174, 0.41077792], [-0.0935032, -0.01122741, -0.09111094, -0.07682856, 0.0414482, 0.18461414], [0.08790513, -0.00343021, -0.01936085, 0.04411652, -0.01015315, -0.06854429], [0.4116896, 0.04773451, -0.06662366, 0.20279492, -0.03639139, -0.34506593], [-0.04103684, 0.1740524, 0.18466226, 0.00137507, -0.00286701, -0.14362542], [-0.04718059, -0.00872837, -0.00471489, -0.00628875, -0.04945064, 0.05189548], [0.06082294, -0.01290276, -0.04598866, 0.04533649, 0.00784791, -0.01483428], [-0.01429116, 0.04987833, 0.05383763, -0.00770734, 0.01275672, -0.03954647], [-0.00742043, 0.02570193, 0.04642388, -0.00305715, 0.00340862, -0.03900344], [-0.0205018, -0.00317839, -0.01042756, -0.01234211, -0.04068886, 0.03092936], [-0.02275246, -0.0017455, -0.00741753, -0.00918718, -0.04147018, 0.03016999], [-0.0079054, 0.02912323, 0.04485129, -0.00227136, 0.00150489, -0.03694589], [-0.02260031, -0.00181972, -0.00756933, -0.00947836, -0.04125846, 0.03016964], [-0.00752212, 0.02846213, 0.04423429, -0.00232145, 0.00149192, -0.03671216], [-0.0225746, -0.00216998, -0.0072517, -0.00800021, -0.04195707, 0.0298263], [-0.00411048, 0.03105126, 0.04131941, -0.00245244, 0.00197998, -0.03720894], [0.0046034, 0.02957134, 0.040153, -0.00245302, 0.00823376, -0.0447564], [-0.02368747, -0.00467773, -0.00139037, -0.01660036, -0.04401838, 0.02507784], [0.00777274, -0.01298089, -0.0139286, -0.02561539, 0.04092651, 0.00615586], [-0.0208366, 0.01576513, -0.02598901, -0.00480458, -0.02523146, 0.04682561], [-0.0297764, 0.02285117, -0.0067106, 0.00856335, -0.04067772, 0.036487], [-0.00625085, -0.00400022, 0.00637521, -0.03448989, 0.04473814, -0.00012436], [0.00618374, -0.00689651, -0.00644598, -0.01145268, 0.03331424, 0.00026224], [-0.00350723, 0.01086336, -0.02342158, 0.00381827, -0.02359722, 0.02692882], [-0.05115839, 0.0030443, -0.01908838, 0.00899045, -0.03172301, 0.07024677], [0.07402011, -0.01654457, -0.03161431, 0.03491496, -0.00726838, -0.04240581], [-0.01801161, -0.02627484, 0.00339205, -0.04824904, 0.04196831, 0.01461957]], "number of molecular orbitals": 74, "number of electrons": 78, "number of unpaired electrons": 0, "orbital energies/eV": [-20.02906656, -19.2870319, -18.2929681, -17.30680614, -16.99771854, -16.8367746, -16.61469297, -16.44563811, -16.24305248, -15.90653783, -15.82647873, -15.33101175, -15.25879564, -15.16971454, -15.01335493, -14.85975593, -14.39178389, -14.20772583, -13.82454618, -13.74582816, -13.61936915, -13.4263948, -13.25024803, -13.21144407, -13.03838555, -12.88204242, -12.77838123, -12.72651283, -12.56069268, -12.42760486, -12.16971063, -11.94831889, -11.91056272, -11.83726244, -11.68196409, -11.53618646, -11.43397515, -11.39966221, -11.2188917, -6.39675862, -0.04790892, 1.36040058, 2.35816905, 2.6660156, 2.80587866, 3.10948703, 3.13002454, 3.31769998, 3.45140839, 3.51990741, 3.59718333, 3.68129343, 3.79405865, 4.07504965, 4.32422143, 4.43850686, 4.60134996, 4.78807815, 4.86333454, 5.24516184, 5.29421416, 5.77351479, 5.99629901, 6.32210319, 6.46389447, 6.58989111, 6.95310798, 6.97339888, 7.0880474, 7.30642492, 7.81577118, 7.88501776, 8.46652991, 16.20862356], "fractional occupation": [2.0, 2.0, 2.0, 2.0, 2.0, 2.0, 2.0, 2.0, 2.0, 2.0, 2.0, 2.0, 2.0, 2.0, 2.0, 2.0, 2.0, 2.0, 2.0, 2.0, 2.0, 2.0, 2.0, 2.0, 2.0, 2.0, 2.0, 2.0, 2.0, 2.0, 2.0, 2.0, 2.0, 2.0, 2.0, 2.0, 2.0, 2.0, 2.0, 0.0, 0.0, 0.0, 0.0, 0.0, 0.0, 0.0, 0.0, 0.0, 0.0, 0.0, 0.0, 0.0, 0.0, 0.0, 0.0, 0.0, 0.0, 0.0, 0.0, 0.0, 0.0, 0.0, 0.0, 0.0, 0.0, 0.0, 0.0, 0.0, 0.0, 0.0, 0.0, 0.0, 0.0, 0.0], "program call": "xtb /home/svss/Project-DBcg-Debug/aqme2_20220329/End-to-End-workflows-final/example-3/QDESCP/mol_191_rdkit_conf_5/mol_191_rdkit_conf_5.xyz --pop --wbo --acc 0.2 --gfn 2 --chrg 0 --uhf 0 --etemp 300 --input /home/svss/Project-DBcg-Debug/aqme2_20220329/End-to-End-workflows-final/example-3/QDESCP/mol_191_rdkit_conf_5/mol_191_rdkit_conf_5_xtb.inp", "method": "GFN2-xTB", "xtb version": "6.3.3 (7355c4f)", "Dipole module/D": 2.34, "Total charge": 0, "Transition dipole module/D": NaN, "HOMO": -11.2189, "LUMO": -6.3968, "HOMO occupancy": 2.0, "LUMO occupancy": 0, "mulliken charges": [-0.08346, -0.03843, -0.04663, -0.04504, -0.04794, -0.04867, -0.0411, -0.07909, 0.57396, -0.52857, -0.42495, 0.20623, -0.09542, 0.02699, 0.02844, 0.02667, 0.02243, 0.02205, 0.02333, 0.02253, 0.02266, 0.02353, 0.02482, 0.02125, 0.02889, 0.02325, 0.03903, 0.03714, 0.05433, 0.05589, 0.03872, 0.03878, 0.04201, 0.03433, 0.04202], "cm5 charges": [-0.23377, -0.15093, -0.15729, -0.1558, -0.15876, -0.15914, -0.14924, -0.17797, 0.62302, -0.57831, -0.50828, 0.12387, -0.24211, 0.07828, 0.07922, 0.07795, 0.07714, 0.07675, 0.07867, 0.07786, 0.07801, 0.07888, 0.08029, 0.07725, 0.08383, 0.07849, 0.09616, 0.09414, 0.11352, 0.11516, 0.10351, 0.10358, 0.09524, 0.08553, 0.09525], "FUKUI+": [0.003, 0.002, 0.002, 0.004, 0.006, 0.01, 0.014, 0.028, -0.188, -0.281, -0.122, 0.027, 0.017, -0.004, -0.009, -0.003, -0.006, -0.004, -0.004, -0.001, -0.008, -0.011, -0.008, 0.004, -0.034, -0.018, -0.019, -0.024, -0.095, -0.098, -0.039, -0.039, -0.028, -0.044, -0.028], "FUKUI-": [0.014, 0.003, 0.003, 0.005, 0.001, 0.001, 0.004, -0.002, -0.009, -0.085, -0.045, 0.009, 0.009, -0.048, -0.052, -0.046, -0.06, -0.061, -0.052, -0.05, -0.039, -0.041, -0.029, -0.027, -0.035, -0.031, -0.051, -0.031, -0.031, -0.035, -0.041, -0.041, -0.037, -0.036, -0.034], "FUKUIrad": [0.009, 0.003, 0.002, 0.004, 0.003, 0.006, 0.009, 0.013, -0.098, -0.183, -0.083, 0.018, 0.013, -0.026, -0.031, -0.024, -0.033, -0.033, -0.028, -0.026, -0.024, -0.026, -0.018, -0.012, -0.034, -0.025, -0.035, -0.028, -0.063, -0.067, -0.04, -0.04, -0.033, -0.04, -0.031], "s proportion": [1.007, 1.027, 1.032, 1.033, 1.032, 1.033, 1.03, 1.039, 0.991, 1.731, 1.7, 0.994, 1.011, 0.973, 0.972, 0.973, 0.978, 0.978, 0.977, 0.977, 0.977, 0.976, 0.975, 0.979, 0.971, 0.977, 0.961, 0.963, 0.946, 0.944, 0.961, 0.961, 0.958, 0.966, 0.958], "p proportion": [3.076, 3.011, 3.014, 3.012, 3.016, 3.015, 3.011, 3.04, 2.435, 4.797, 4.725, 2.8, 3.085, 0.0, 0.0, 0.0, 0.0, 0.0, 0.0, 0.0, 0.0, 0.0, 0.0, 0.0, 0.0, 0.0, 0.0, 0.0, 0.0, 0.0, 0.0, 0.0, 0.0, 0.0, 0.0], "d proportion": [0.0, 0.0, 0.0, 0.0, 0.0, 0.0, 0.0, 0.0, 0.0, 0.0, 0.0, 0.0, 0.0, 0.0, 0.0, 0.0, 0.0, 0.0, 0.0, 0.0, 0.0, 0.0, 0.0, 0.0, 0.0, 0.0, 0.0, 0.0, 0.0, 0.0, 0.0, 0.0, 0.0, 0.0, 0.0], "Fermi-level/eV": -8.8078, "Coordination numbers": [3.75, 3.8, 3.802, 3.802, 3.801, 3.801, 3.801, 3.802, 2.72, 0.856, 1.703, 3.703, 3.748, 0.924, 0.924, 0.924, 0.924, 0.924, 0.924, 0.924, 0.924, 0.924, 0.924, 0.924, 0.924, 0.924, 0.924, 0.924, 0.924, 0.924, 0.924, 0.924, 0.924, 0.924, 0.924], "Dispersion coefficient C6": [22.477, 21.508, 21.623, 21.626, 21.646, 21.658, 21.609, 22.181, 21.073, 21.824, 18.581, 19.309, 22.735, 2.551, 2.566, 2.556, 2.602, 2.608, 2.579, 2.592, 2.603, 2.593, 2.558, 2.585, 2.511, 2.567, 2.373, 2.358, 2.095, 2.068, 2.309, 2.31, 2.258, 2.315, 2.258], "Total dispersion C6": 8885.568999, "Total dispersion C8": 188239.747133, "Polarizability alpha": [6.761, 6.603, 6.62, 6.621, 6.624, 6.626, 6.618, 6.705, 7.515, 6.263, 5.82, 6.283, 6.801, 2.498, 2.505, 2.5, 2.523, 2.525, 2.512, 2.518, 2.523, 2.518, 2.501, 2.514, 2.478, 2.505, 2.409, 2.401, 2.264, 2.249, 2.377, 2.377, 2.35, 2.379, 2.35], "Total polarizability alpha": 139.636785, "Wiberg matrix": [[0.0, 1.0201093059131399, 0.0, 0.0, 0.0, 0.0, 0.0, 0.0, 0.0, 0.0, 0.0, 0.0, 0.0, 0.9876978043593152, 0.987379217086146, 0.9877140245468241, 0.0, 0.0, 0.0, 0.0, 0.0, 0.0, 0.0, 0.0, 0.0, 0.0, 0.0, 0.0, 0.0, 0.0, 0.0, 0.0, 0.0, 0.0, 0.0], [1.0201093059131399, 0.0, 1.007730021228264, 0.0, 0.0, 0.0, 0.0, 0.0, 0.0, 0.0, 0.0, 0.0, 0.0, 0.0, 0.0, 0.0, 0.9780685632567563, 0.9780853781782457, 0.0, 0.0, 0.0, 0.0, 0.0, 0.0, 0.0, 0.0, 0.0, 0.0, 0.0, 0.0, 0.0, 0.0, 0.0, 0.0, 0.0], [0.0, 1.007730021228264, 0.0, 1.0071743054537048, 0.0, 0.0, 0.0, 0.0, 0.0, 0.0, 0.0, 0.0, 0.0, 0.0, 0.0, 0.0, 0.0, 0.0, 0.9771937084907678, 0.9772043089863574, 0.0, 0.0, 0.0, 0.0, 0.0, 0.0, 0.0, 0.0, 0.0, 0.0, 0.0, 0.0, 0.0, 0.0, 0.0], [0.0, 0.0, 1.0071743054537048, 0.0, 1.0066896395989058, 0.0, 0.0, 0.0, 0.0, 0.0, 0.0, 0.0, 0.0, 0.0, 0.0, 0.0, 0.0, 0.0, 0.0, 0.0, 0.9773964336388423, 0.9771570574560813, 0.0, 0.0, 0.0, 0.0, 0.0, 0.0, 0.0, 0.0, 0.0, 0.0, 0.0, 0.0, 0.0], [0.0, 0.0, 0.0, 1.0066896395989058, 0.0, 1.0078156337582898, 0.0, 0.0, 0.0, 0.0, 0.0, 0.0, 0.0, 0.0, 0.0, 0.0, 0.0, 0.0, 0.0, 0.0, 0.0, 0.0, 0.9770259103658355, 0.9754288107432865, 0.0, 0.0, 0.0, 0.0, 0.0, 0.0, 0.0, 0.0, 0.0, 0.0, 0.0], [0.0, 0.0, 0.0, 0.0, 1.0078156337582898, 0.0, 1.0067152509995907, 0.0, 0.0, 0.0, 0.0, 0.0, 0.0, 0.0, 0.0, 0.0, 0.0, 0.0, 0.0, 0.0, 0.0, 0.0, 0.0, 0.0, 0.9762466712847925, 0.9768785303124486, 0.0, 0.0, 0.0, 0.0, 0.0, 0.0, 0.0, 0.0, 0.0], [0.0, 0.0, 0.0, 0.0, 0.0, 1.0067152509995907, 0.0, 1.0072473346288402, 0.0, 0.0, 0.0, 0.0, 0.0, 0.0, 0.0, 0.0, 0.0, 0.0, 0.0, 0.0, 0.0, 0.0, 0.0, 0.0, 0.0, 0.0, 0.9756512482444697, 0.9760174230439307, 0.0, 0.0, 0.0, 0.0, 0.0, 0.0, 0.0], [0.0, 0.0, 0.0, 0.0, 0.0, 0.0, 1.0072473346288402, 0.0, 0.9788447632829529, 0.0, 0.0, 0.0, 0.0, 0.0, 0.0, 0.0, 0.0, 0.0, 0.0, 0.0, 0.0, 0.0, 0.0, 0.0, 0.0, 0.0, 0.0, 0.0, 0.954513350112621, 0.9488099253274717, 0.0, 0.0, 0.0, 0.0, 0.0], [0.0, 0.0, 0.0, 0.0, 0.0, 0.0, 0.0, 0.9788447632829529, 0.0, 1.7604308633808468, 1.1148231923744667, 0.0, 0.0, 0.0, 0.0, 0.0, 0.0, 0.0, 0.0, 0.0, 0.0, 0.0, 0.0, 0.0, 0.0, 0.0, 0.0, 0.0, 0.0, 0.0, 0.0, 0.0, 0.0, 0.0, 0.0], [0.0, 0.0, 0.0, 0.0, 0.0, 0.0, 0.0, 0.0, 1.7604308633808468, 0.0, 0.16919728139276552, 0.0, 0.0, 0.0, 0.0, 0.0, 0.0, 0.0, 0.0, 0.0, 0.0, 0.0, 0.0, 0.0, 0.0, 0.0, 0.0, 0.0, 0.0, 0.0, 0.0, 0.0, 0.0, 0.0, 0.0], [0.0, 0.0, 0.0, 0.0, 0.0, 0.0, 0.0, 0.0, 1.1148231923744667, 0.16919728139276552, 0.0, 0.9413661987235228, 0.0, 0.0, 0.0, 0.0, 0.0, 0.0, 0.0, 0.0, 0.0, 0.0, 0.0, 0.0, 0.0, 0.0, 0.0, 0.0, 0.0, 0.0, 0.0, 0.0, 0.0, 0.0, 0.0], [0.0, 0.0, 0.0, 0.0, 0.0, 0.0, 0.0, 0.0, 0.0, 0.0, 0.9413661987235228, 0.0, 1.0197204246540126, 0.0, 0.0, 0.0, 0.0, 0.0, 0.0, 0.0, 0.0, 0.0, 0.0, 0.0, 0.0, 0.0, 0.0, 0.0, 0.0, 0.0, 0.9698099046149566, 0.969832490212519, 0.0, 0.0, 0.0], [0.0, 0.0, 0.0, 0.0, 0.0, 0.0, 0.0, 0.0, 0.0, 0.0, 0.0, 1.0197204246540126, 0.0, 0.0, 0.0, 0.0, 0.0, 0.0, 0.0, 0.0, 0.0, 0.0, 0.0, 0.0, 0.0, 0.0, 0.0, 0.0, 0.0, 0.0, 0.0, 0.0, 0.9855427250989688, 0.9839235364280603, 0.9855424702072256], [0.9876978043593152, 0.0, 0.0, 0.0, 0.0, 0.0, 0.0, 0.0, 0.0, 0.0, 0.0, 0.0, 0.0, 0.0, 0.0, 0.0, 0.0, 0.0, 0.0, 0.0, 0.0, 0.0, 0.0, 0.0, 0.0, 0.0, 0.0, 0.0, 0.0, 0.0, 0.0, 0.0, 0.0, 0.0, 0.0], [0.987379217086146, 0.0, 0.0, 0.0, 0.0, 0.0, 0.0, 0.0, 0.0, 0.0, 0.0, 0.0, 0.0, 0.0, 0.0, 0.0, 0.0, 0.0, 0.0, 0.0, 0.0, 0.0, 0.0, 0.0, 0.0, 0.0, 0.0, 0.0, 0.0, 0.0, 0.0, 0.0, 0.0, 0.0, 0.0], [0.9877140245468241, 0.0, 0.0, 0.0, 0.0, 0.0, 0.0, 0.0, 0.0, 0.0, 0.0, 0.0, 0.0, 0.0, 0.0, 0.0, 0.0, 0.0, 0.0, 0.0, 0.0, 0.0, 0.0, 0.0, 0.0, 0.0, 0.0, 0.0, 0.0, 0.0, 0.0, 0.0, 0.0, 0.0, 0.0], [0.0, 0.9780685632567563, 0.0, 0.0, 0.0, 0.0, 0.0, 0.0, 0.0, 0.0, 0.0, 0.0, 0.0, 0.0, 0.0, 0.0, 0.0, 0.0, 0.0, 0.0, 0.0, 0.0, 0.0, 0.0, 0.0, 0.0, 0.0, 0.0, 0.0, 0.0, 0.0, 0.0, 0.0, 0.0, 0.0], [0.0, 0.9780853781782457, 0.0, 0.0, 0.0, 0.0, 0.0, 0.0, 0.0, 0.0, 0.0, 0.0, 0.0, 0.0, 0.0, 0.0, 0.0, 0.0, 0.0, 0.0, 0.0, 0.0, 0.0, 0.0, 0.0, 0.0, 0.0, 0.0, 0.0, 0.0, 0.0, 0.0, 0.0, 0.0, 0.0], [0.0, 0.0, 0.9771937084907678, 0.0, 0.0, 0.0, 0.0, 0.0, 0.0, 0.0, 0.0, 0.0, 0.0, 0.0, 0.0, 0.0, 0.0, 0.0, 0.0, 0.0, 0.0, 0.0, 0.0, 0.0, 0.0, 0.0, 0.0, 0.0, 0.0, 0.0, 0.0, 0.0, 0.0, 0.0, 0.0], [0.0, 0.0, 0.9772043089863574, 0.0, 0.0, 0.0, 0.0, 0.0, 0.0, 0.0, 0.0, 0.0, 0.0, 0.0, 0.0, 0.0, 0.0, 0.0, 0.0, 0.0, 0.0, 0.0, 0.0, 0.0, 0.0, 0.0, 0.0, 0.0, 0.0, 0.0, 0.0, 0.0, 0.0, 0.0, 0.0], [0.0, 0.0, 0.0, 0.9773964336388423, 0.0, 0.0, 0.0, 0.0, 0.0, 0.0, 0.0, 0.0, 0.0, 0.0, 0.0, 0.0, 0.0, 0.0, 0.0, 0.0, 0.0, 0.0, 0.0, 0.0, 0.0, 0.0, 0.0, 0.0, 0.0, 0.0, 0.0, 0.0, 0.0, 0.0, 0.0], [0.0, 0.0, 0.0, 0.9771570574560813, 0.0, 0.0, 0.0, 0.0, 0.0, 0.0, 0.0, 0.0, 0.0, 0.0, 0.0, 0.0, 0.0, 0.0, 0.0, 0.0, 0.0, 0.0, 0.0, 0.0, 0.0, 0.0, 0.0, 0.0, 0.0, 0.0, 0.0, 0.0, 0.0, 0.0, 0.0], [0.0, 0.0, 0.0, 0.0, 0.9770259103658355, 0.0, 0.0, 0.0, 0.0, 0.0, 0.0, 0.0, 0.0, 0.0, 0.0, 0.0, 0.0, 0.0, 0.0, 0.0, 0.0, 0.0, 0.0, 0.0, 0.0, 0.0, 0.0, 0.0, 0.0, 0.0, 0.0, 0.0, 0.0, 0.0, 0.0], [0.0, 0.0, 0.0, 0.0, 0.9754288107432865, 0.0, 0.0, 0.0, 0.0, 0.0, 0.0, 0.0, 0.0, 0.0, 0.0, 0.0, 0.0, 0.0, 0.0, 0.0, 0.0, 0.0, 0.0, 0.0, 0.0, 0.0, 0.0, 0.0, 0.0, 0.0, 0.0, 0.0, 0.0, 0.0, 0.0], [0.0, 0.0, 0.0, 0.0, 0.0, 0.9762466712847925, 0.0, 0.0, 0.0, 0.0, 0.0, 0.0, 0.0, 0.0, 0.0, 0.0, 0.0, 0.0, 0.0, 0.0, 0.0, 0.0, 0.0, 0.0, 0.0, 0.0, 0.0, 0.0, 0.0, 0.0, 0.0, 0.0, 0.0, 0.0, 0.0], [0.0, 0.0, 0.0, 0.0, 0.0, 0.9768785303124486, 0.0, 0.0, 0.0, 0.0, 0.0, 0.0, 0.0, 0.0, 0.0, 0.0, 0.0, 0.0, 0.0, 0.0, 0.0, 0.0, 0.0, 0.0, 0.0, 0.0, 0.0, 0.0, 0.0, 0.0, 0.0, 0.0, 0.0, 0.0, 0.0], [0.0, 0.0, 0.0, 0.0, 0.0, 0.0, 0.9756512482444697, 0.0, 0.0, 0.0, 0.0, 0.0, 0.0, 0.0, 0.0, 0.0, 0.0, 0.0, 0.0, 0.0, 0.0, 0.0, 0.0, 0.0, 0.0, 0.0, 0.0, 0.0, 0.0, 0.0, 0.0, 0.0, 0.0, 0.0, 0.0], [0.0, 0.0, 0.0, 0.0, 0.0, 0.0, 0.9760174230439307, 0.0, 0.0, 0.0, 0.0, 0.0, 0.0, 0.0, 0.0, 0.0, 0.0, 0.0, 0.0, 0.0, 0.0, 0.0, 0.0, 0.0, 0.0, 0.0, 0.0, 0.0, 0.0, 0.0, 0.0, 0.0, 0.0, 0.0, 0.0], [0.0, 0.0, 0.0, 0.0, 0.0, 0.0, 0.0, 0.954513350112621, 0.0, 0.0, 0.0, 0.0, 0.0, 0.0, 0.0, 0.0, 0.0, 0.0, 0.0, 0.0, 0.0, 0.0, 0.0, 0.0, 0.0, 0.0, 0.0, 0.0, 0.0, 0.0, 0.0, 0.0, 0.0, 0.0, 0.0], [0.0, 0.0, 0.0, 0.0, 0.0, 0.0, 0.0, 0.9488099253274717, 0.0, 0.0, 0.0, 0.0, 0.0, 0.0, 0.0, 0.0, 0.0, 0.0, 0.0, 0.0, 0.0, 0.0, 0.0, 0.0, 0.0, 0.0, 0.0, 0.0, 0.0, 0.0, 0.0, 0.0, 0.0, 0.0, 0.0], [0.0, 0.0, 0.0, 0.0, 0.0, 0.0, 0.0, 0.0, 0.0, 0.0, 0.0, 0.9698099046149566, 0.0, 0.0, 0.0, 0.0, 0.0, 0.0, 0.0, 0.0, 0.0, 0.0, 0.0, 0.0, 0.0, 0.0, 0.0, 0.0, 0.0, 0.0, 0.0, 0.0, 0.0, 0.0, 0.0], [0.0, 0.0, 0.0, 0.0, 0.0, 0.0, 0.0, 0.0, 0.0, 0.0, 0.0, 0.969832490212519, 0.0, 0.0, 0.0, 0.0, 0.0, 0.0, 0.0, 0.0, 0.0, 0.0, 0.0, 0.0, 0.0, 0.0, 0.0, 0.0, 0.0, 0.0, 0.0, 0.0, 0.0, 0.0, 0.0], [0.0, 0.0, 0.0, 0.0, 0.0, 0.0, 0.0, 0.0, 0.0, 0.0, 0.0, 0.0, 0.9855427250989688, 0.0, 0.0, 0.0, 0.0, 0.0, 0.0, 0.0, 0.0, 0.0, 0.0, 0.0, 0.0, 0.0, 0.0, 0.0, 0.0, 0.0, 0.0, 0.0, 0.0, 0.0, 0.0], [0.0, 0.0, 0.0, 0.0, 0.0, 0.0, 0.0, 0.0, 0.0, 0.0, 0.0, 0.0, 0.9839235364280603, 0.0, 0.0, 0.0, 0.0, 0.0, 0.0, 0.0, 0.0, 0.0, 0.0, 0.0, 0.0, 0.0, 0.0, 0.0, 0.0, 0.0, 0.0, 0.0, 0.0, 0.0, 0.0], [0.0, 0.0, 0.0, 0.0, 0.0, 0.0, 0.0, 0.0, 0.0, 0.0, 0.0, 0.0, 0.9855424702072256, 0.0, 0.0, 0.0, 0.0, 0.0, 0.0, 0.0, 0.0, 0.0, 0.0, 0.0, 0.0, 0.0, 0.0, 0.0, 0.0, 0.0, 0.0, 0.0, 0.0, 0.0, 0.0]], "Born radii": [], "Atomic SASAs": [], "Solvent H bonds": [], "Total SASA": NaN, "Total FOD": 0.0, "FOD": [0.0, 0.0, 0.0, 0.0, 0.0, 0.0, 0.0, 0.0, 0.0, 0.0, 0.0, 0.0, 0.0, 0.0, 0.0, 0.0, 0.0, 0.0, 0.0, 0.0, 0.0, 0.0, 0.0, 0.0, 0.0, 0.0, 0.0, 0.0, 0.0, 0.0, 0.0, 0.0, 0.0, 0.0, 0.0], "FOD s proportion": [0.0, 0.0, 0.0, 0.0, 0.0, 0.0, 0.0, 0.0, 0.0, 0.0, 0.0, 0.0, 0.0, 0.0, 0.0, 0.0, 0.0, 0.0, 0.0, 0.0, 0.0, 0.0, 0.0, 0.0, 0.0, 0.0, 0.0, 0.0, 0.0, 0.0, 0.0, 0.0, 0.0, 0.0, 0.0], "FOD p proportion": [0.0, 0.0, 0.0, 0.0, 0.0, 0.0, 0.0, 0.0, 0.0, 0.0, 0.0, 0.0, 0.0, 0.0, 0.0, 0.0, 0.0, 0.0, 0.0, 0.0, 0.0, 0.0, 0.0, 0.0, 0.0, 0.0, 0.0, 0.0, 0.0, 0.0, 0.0, 0.0, 0.0, 0.0, 0.0], "FOD d proportion": [0.0, 0.0, 0.0, 0.0, 0.0, 0.0, 0.0, 0.0, 0.0, 0.0, 0.0, 0.0, 0.0, 0.0, 0.0, 0.0, 0.0, 0.0, 0.0, 0.0, 0.0, 0.0, 0.0, 0.0, 0.0, 0.0, 0.0, 0.0, 0.0, 0.0, 0.0, 0.0, 0.0, 0.0, 0.0], "coordinates": [["-5.77190", "1.45370", "0.69800"], ["-4.91370", "0.62110", "-0.24100"], ["-3.49370", "0.45320", "0.29890"], ["-2.63370", "-0.38480", "-0.64870"], ["-1.21190", "-0.55340", "-0.10800"], ["-0.35300", "-1.38880", "-1.05980"], ["1.04740", "-1.68220", "-0.51520"], ["1.91290", "-0.43220", "-0.35990"], ["3.32760", "-0.77490", "0.04690"], ["3.73980", "-1.89370", "0.31690"], ["4.07700", "0.36430", "0.07650"], ["5.44260", "0.15850", "0.45750"], ["6.14560", "1.50190", "0.44400"], ["-5.84900", "0.98070", "1.68220"], ["-6.78290", "1.56110", "0.29270"], ["-5.35060", "2.45550", "0.83000"], ["-5.37930", "-0.36200", "-0.37680"], ["-4.88370", "1.10460", "-1.22440"], ["-3.52960", "-0.02710", "1.28430"], ["-3.03420", "1.43960", "0.43690"], ["-2.59710", "0.09580", "-1.63390"], ["-3.09400", "-1.37080", "-0.78650"], ["-1.24830", "-1.03740", "0.87540"], ["-0.76290", "0.43620", "0.03240"], ["-0.85400", "-2.34670", "-1.24730"], ["-0.27170", "-0.88060", "-2.02830"], ["1.54280", "-2.38120", "-1.20130"], ["0.96840", "-2.20150", "0.44810"], ["1.95330", "0.10720", "-1.31280"], ["1.49700", "0.22650", "0.40920"], ["5.92700", "-0.51960", "-0.25410"], ["5.48470", "-0.27080", "1.46480"], ["6.09380", "1.95400", "-0.55200"], ["7.19580", "1.39560", "0.72960"], ["5.65970", "2.19820", "1.13550"]], "bond_dist": [[0.0, 1.5203456843757601, 2.5200151388434153, 3.878399461117949, 5.046948227394451, 6.3666430950698025, 7.60319508759311, 7.9832275590765915, 9.391032393725409, 10.090726478306703, 9.928438236701682, 11.29160721686687, 11.920303917685994, 1.0946794279605332, 1.0944970762866386, 1.0947698068543905, 2.146181793325067, 2.1462506400697934, 2.7503500904430327, 2.7501587790525837, 4.166653940513898, 4.165655879930554, 5.1672049436808685, 5.154455413523333, 6.512524292469087, 6.567637948303788, 8.47458757639568, 7.671673946408306, 8.09537484802279, 7.377420449588053, 11.902296774572543, 11.413716574805948, 11.941843935506776, 12.967868655257117, 11.464168747013453], [1.5203456843757601, 0.0, 1.5284248166004113, 2.525164172880647, 3.8859313542573037, 5.050753997177056, 6.3964904236620255, 6.90840398789764, 8.36365518777526, 9.028761470988146, 8.999968832168253, 10.390132371630306, 11.115446465617113, 2.168593205283093, 2.159246241168431, 2.1686276697487745, 1.0962256200253666, 1.096242587204128, 2.1592675007974353, 2.1591690322899693, 2.7536786413813794, 2.752552261084247, 4.175180040429394, 4.163901561036235, 5.1285125153400966, 5.195931887544332, 7.184871163075925, 6.560566285009245, 6.969113103544813, 6.455659818329959, 10.90055707704886, 10.575063205957685, 11.092267561684581, 12.172999008461309, 10.778626267757872], [2.5200151388434153, 1.5284248166004113, 0.0, 1.529637133440477, 2.5269393364305364, 3.8862612084109833, 5.083727095350418, 5.51808609574008, 6.935550973066235, 7.604721287463466, 7.574487669803154, 8.942564494595496, 9.697264056938947, 2.7819441457369343, 3.470780530370654, 2.781968747128551, 2.1625468526716363, 2.1626060320825893, 1.0968090353384221, 1.0968907010272264, 2.1604032401382844, 2.159821578279095, 2.7560953847789813, 2.7438257761745732, 4.147070115153588, 4.192393860314176, 5.970825374267782, 5.194230370324366, 5.690966692048022, 4.997063684805308, 9.486924545394045, 9.082684920770951, 9.741487961292156, 10.73960104007593, 9.355728518934269], [3.878399461117949, 2.525164172880647, 1.529637133440477, 0.0, 1.5304566932781862, 2.5255913564945542, 3.905325366726824, 4.556009631245306, 6.014410616178446, 6.620473156806846, 6.791211993451538, 8.169790390211979, 9.045979143796428, 4.199504631501196, 4.67852769682942, 4.199452748870976, 2.759124645607733, 2.7590293311235383, 2.160341431348295, 2.160408056363427, 1.0967839167310942, 1.0968413422186454, 2.1605787951380067, 2.1535623626911757, 2.715640929872725, 2.7799564385076256, 4.661987984755002, 4.180728828804853, 4.6608649208060084, 4.307612168011415, 8.570849706417679, 8.389773346759734, 9.035961076720062, 10.084076819421796, 8.867679640131346], [5.046948227394451, 3.8859313542573037, 2.5269393364305364, 1.5304566932781862, 0.0, 1.530204434054483, 2.5582098760656837, 3.1372787714833374, 4.547539610602639, 5.147453447094009, 5.37109641972661, 6.716320578263071, 7.659097096916843, 5.202016460950504, 5.972245117206762, 5.2021304193570534, 4.180443775486043, 4.18060141606444, 2.754491653645006, 2.7549486928071816, 2.1606967603067306, 2.161204622427039, 1.0966569746278916, 1.0957286707940064, 2.154535167965471, 2.163004385108824, 3.482029554728104, 2.7891197374799095, 3.4505690023530904, 2.8659865770795228, 7.140474834351004, 6.884621569846813, 7.736759221405304, 8.671193346362426, 7.505763210360423], [6.3666430950698025, 5.050753997177056, 3.8862612084109833, 2.5255913564945542, 1.530204434054483, 0.0, 1.5309450937247882, 2.5571950218941066, 3.8921041173123827, 4.347555490157658, 4.89790131586989, 6.187512904228968, 7.269756728391948, 6.583244659740362, 7.202414891548528, 6.5822482701581535, 5.175374279218847, 5.174106609840969, 4.176100963817805, 4.174780340329297, 2.7512929287882093, 2.7546502300655153, 2.1610282483114376, 2.165997195289043, 1.0971461434102567, 1.0967539286458017, 2.144513383031218, 2.163409730032663, 2.760623967511693, 2.8617573429625374, 6.390857620851836, 6.4577295119879405, 7.279656785865663, 8.242524926258943, 7.337470434693416], [7.60319508759311, 6.3964904236620255, 5.083727095350418, 3.905325366726824, 2.5582098760656837, 1.5309450937247882, 0.0, 1.5283024373467446, 2.51763018332717, 2.8259760119293293, 3.7036127362347155, 4.863342967548144, 6.08688760287226, 7.712323653089255, 8.513829654744097, 7.737217092081622, 6.562358988199289, 6.591446433826191, 5.189073641797735, 5.226049005702109, 4.206560820908216, 4.1619427687079025, 2.760393792559315, 2.8398363350728504, 2.143094169652841, 2.161494617157304, 1.0976134884375284, 1.097205714531236, 2.1584190811795563, 2.1679001845103474, 5.0229780140868625, 5.059849923663745, 6.220085018711561, 6.9875033051870545, 6.249450051004488], [7.9832275590765915, 6.90840398789764, 5.51808609574008, 4.556009631245306, 3.1372787714833374, 2.5571950218941066, 1.5283024373467446, 0.0, 1.511391947841459, 2.4354884725656163, 2.3469524963236896, 3.6709469268841244, 4.722578459909374, 8.149450928130067, 8.945170165513902, 7.906522974734217, 7.2925574725194995, 7.021601387860179, 5.699851392799641, 5.349048877136943, 4.716138250730146, 5.111947293351135, 3.4475235416165035, 2.8404090356848255, 3.479730538418169, 2.785156778351984, 2.1548849087596307, 2.162259637508872, 1.0957202790858622, 1.094702384212257, 4.016445096101775, 4.01414191204048, 4.817756496544838, 5.695339805490099, 4.815987495830943], [9.391032393725409, 8.36365518777526, 6.935550973066235, 6.014410616178446, 4.547539610602639, 3.8921041173123827, 2.51763018332717, 1.511391947841459, 0.0, 1.2225065562196382, 1.363910979499762, 2.3479891226323852, 3.644534352972956, 9.485057986644048, 10.379765117284688, 9.293001937479621, 8.726976321154996, 8.519047577634487, 7.007963715659492, 6.7474891248522955, 6.219748967603113, 6.50281469288492, 4.657701075638066, 4.266047785714547, 4.650944790039976, 4.156030319908651, 2.7062361260614343, 2.7860318806503273, 2.1249905858614997, 2.1178195414151793, 2.629193688186551, 2.63014023010181, 3.9315949511616783, 4.487774591041756, 3.9323102598854023], [10.090726478306703, 9.028761470988146, 7.604721287463466, 6.620473156806846, 5.147453447094009, 4.347555490157658, 2.8259760119293293, 2.4354884725656163, 1.2225065562196382, 0.0, 2.2956611248178596, 2.670359721086281, 4.163427363363026, 10.103034439711664, 11.075352995277397, 10.090301502432917, 9.272826397059312, 9.259058312269126, 7.567313570878373, 7.550653275710651, 6.922429667392801, 6.94202696696001, 5.091788835959322, 5.0777634397439195, 4.873902859105832, 4.755887603802259, 2.7146632369411865, 2.7915250742201834, 3.1386470253916734, 3.0877045146840074, 2.645380057761077, 2.6450245424192196, 4.593593201405627, 4.788919688196911, 4.593448332135673], [9.928438236701682, 8.999968832168253, 7.574487669803154, 6.791211993451538, 5.37109641972661, 4.89790131586989, 3.7036127362347155, 2.3469524963236896, 1.363910979499762, 2.2956611248178596, 0.0, 1.4326122992631325, 2.3892040452837007, 10.073911725342843, 10.927785717609948, 9.68609939294451, 9.494977739310396, 9.08485164380795, 7.711831064021048, 7.201064066511282, 6.895010603327598, 7.428228726284617, 5.564335017771666, 4.840634920131862, 5.780720408392019, 4.989103199974921, 3.9487609107161705, 4.0478154799842345, 2.5507560820274446, 2.6050101976767768, 2.076794542076803, 2.0766194138551244, 2.6437928398420323, 3.349183891636887, 2.643786961916561], [11.29160721686687, 10.390132371630306, 8.942564494595496, 8.169790390211979, 6.716320578263071, 6.187512904228968, 4.863342967548144, 3.6709469268841244, 2.3479891226323852, 2.670359721086281, 1.4326122992631325, 0.0, 1.516283222224661, 11.38754290837141, 12.306798773442264, 11.041201541951853, 10.866485004360886, 10.505063755637089, 9.012126188641611, 8.573084614653, 8.307506325005114, 8.76126897486888, 6.80976945498157, 6.226239438858739, 6.987813795458491, 6.317606741480511, 4.940661248254124, 5.058473485153401, 3.9130305736091557, 3.9464815025538886, 1.0958273267262502, 1.0957756111540355, 2.1603175553607854, 2.1629066230422436, 2.1603686028083264], [11.920303917685994, 11.115446465617113, 9.697264056938947, 9.045979143796428, 7.659097096916843, 7.269756728391948, 6.08688760287226, 4.722578459909374, 3.644534352972956, 4.163427363363026, 2.3892040452837007, 1.516283222224661, 0.0, 12.069598909657273, 12.929520817880297, 11.542138597331085, 11.703467685263199, 11.161848607645599, 9.831248147107264, 9.180014147047922, 9.09558073517024, 9.753806626133203, 7.829681197852183, 7.002321279404423, 8.164962817429116, 7.278070680475699, 6.242695374595817, 6.365421290849491, 4.754672819448253, 4.820512230043608, 2.149788784974003, 2.149717827995107, 1.095031346583284, 1.0935205027798978, 1.0950364149196135], [1.0946794279605332, 2.168593205283093, 2.7819441457369343, 4.199504631501196, 5.202016460950504, 6.583244659740362, 7.712323653089255, 8.149450928130067, 9.485057986644048, 10.103034439711664, 10.073911725342843, 11.38754290837141, 12.069598909657273, 0.0, 1.7719321713880583, 1.7747344702799908, 2.5025871373440727, 3.065204538036573, 2.560000314453106, 3.111986558454262, 4.728046195840307, 4.3833841880446665, 5.08823096370438, 5.374637987809039, 6.678591618747174, 6.9525911162673735, 8.61717187364857, 7.624063379196162, 8.402910956329361, 7.493534722679278, 12.02806442367183, 11.404660043157797, 12.188906200722032, 13.086114618556572, 11.585825945093427], [1.0944970762866386, 2.159246241168431, 3.470780530370654, 4.67852769682942, 5.972245117206762, 7.202414891548528, 8.513829654744097, 8.945170165513902, 10.379765117284688, 11.075352995277397, 10.927785717609948, 12.306798773442264, 12.929520817880297, 1.7719321713880583, 0.0, 1.7720400503374631, 2.4731835394891335, 2.4732459036658683, 3.753613018146649, 3.7534394333730763, 4.8352676544323785, 4.834117650616294, 6.1419490961746, 6.129727245155366, 7.265972477927507, 7.331075318805556, 9.33225834297358, 8.617653950467028, 9.000702522581223, 8.387578519453633, 12.890688916423358, 12.458879796354084, 12.910355974565535, 13.986505122796043, 12.487373743505875], [1.0947698068543905, 2.1686276697487745, 2.781968747128551, 4.199452748870976, 5.2021304193570534, 6.5822482701581535, 7.737217092081622, 7.906522974734217, 9.293001937479621, 10.090301502432917, 9.68609939294451, 11.041201541951853, 11.542138597331085, 1.7747344702799908, 1.7720400503374631, 0.0, 3.0652073632953445, 2.5026957026374577, 3.1121909083473653, 2.5597440067319233, 4.3841475283115185, 4.7271436936061075, 5.388068008108286, 5.075502885429186, 6.898964537523003, 6.715256310074843, 8.662494452523475, 7.858960339001591, 7.965742899441333, 7.213538618459043, 11.713699440398836, 11.191041453770065, 11.538445198985865, 12.591490028189675, 11.017542358892932], [2.146181793325067, 1.0962256200253666, 2.1625468526716363, 2.759124645607733, 4.180443775486043, 5.175374279218847, 6.562358988199289, 7.2925574725194995, 8.726976321154996, 9.272826397059312, 9.494977739310396, 10.866485004360886, 11.703467685263199, 2.5025871373440727, 2.4731835394891335, 3.0652073632953445, 0.0, 1.7649251202246512, 2.5085456563515045, 3.067142686605891, 3.087153719852641, 2.531427980409476, 4.369133895865404, 4.702735038251676, 5.017483874413549, 5.392956143897334, 7.257577922420124, 6.66014380850744, 7.406974240538439, 6.946051391978035, 11.308064058007455, 11.019360417011507, 11.705835068460514, 12.745446980392645, 11.432462391366087], [2.1462506400697934, 1.096242587204128, 2.1626060320825893, 2.7590293311235383, 4.18060141606444, 5.174106609840969, 6.591446433826191, 7.021601387860179, 8.519047577634487, 9.259058312269126, 9.08485164380795, 10.505063755637089, 11.161848607645599, 3.065204538036573, 2.4732459036658683, 2.5026957026374577, 1.7649251202246512, 0.0, 3.0672312253887872, 2.508543988053628, 2.5325692981634282, 3.0858366223764992, 4.7131154452230435, 4.35973593695765, 5.305702421923039, 5.085058332998748, 7.3110353233998255, 6.9263719124805885, 6.909934176242202, 6.644775470999754, 10.975005340317608, 10.799409259769723, 11.030825371204095, 12.239980279804374, 10.859483069188883], [2.7503500904430327, 2.1592675007974353, 1.0968090353384221, 2.160341431348295, 2.754491653645006, 4.176100963817805, 5.189073641797735, 5.699851392799641, 7.007963715659492, 7.567313570878373, 7.711831064021048, 9.012126188641611, 9.831248147107264, 2.560000314453106, 3.753613018146649, 3.1121909083473653, 2.5085456563515045, 3.0672312253887872, 0.0, 1.7648560309554997, 3.0660319469959862, 2.506688989483937, 2.5282869674939987, 3.071893453555966, 4.35297347568303, 4.723948922247149, 6.119578084312676, 5.06549600730274, 6.068373530856518, 5.108504725455385, 9.593566300912293, 9.019399893008403, 9.99532803163558, 10.833557704650861, 9.456074027840518], [2.7501587790525837, 2.1591690322899693, 1.0968907010272264, 2.160408056363427, 2.7549486928071816, 4.174780340329297, 5.226049005702109, 5.349048877136943, 6.7474891248522955, 7.550653275710651, 7.201064066511282, 8.573084614653, 9.180014147047922, 3.111986558454262, 3.7534394333730763, 2.5597440067319233, 3.067142686605891, 2.508543988053628, 1.7648560309554997, 0.0, 2.5070036876717987, 3.065718799890166, 3.085004061585657, 2.5157971897591422, 4.682506739984471, 4.369433067344092, 6.183133580960386, 5.4109649241147375, 5.450861959360189, 4.690858379870362, 9.198861401282226, 8.749497344419279, 9.195809620147646, 10.234281083202669, 8.754850834251831], [4.166653940513898, 2.7536786413813794, 2.1604032401382844, 1.0967839167310942, 2.1606967603067306, 2.7512929287882093, 4.206560820908216, 4.716138250730146, 6.219748967603113, 6.922429667392801, 6.895010603327598, 8.307506325005114, 9.09558073517024, 4.728046195840307, 4.8352676544323785, 4.3841475283115185, 3.087153719852641, 2.5325692981634282, 3.0660319469959862, 2.5070036876717987, 0.0, 1.765194587007336, 3.0659403402545196, 2.501343137196494, 3.0255021764989696, 2.552722758154516, 4.84370145343414, 4.724944607082711, 4.561729423146445, 4.577444146027344, 8.656953621800223, 8.663245840330287, 8.952941285410063, 10.157583506917382, 8.959040593724309], [4.165655879930554, 2.752552261084247, 2.159821578279095, 1.0968413422186454, 2.161204622427039, 2.7546502300655153, 4.1619427687079025, 5.111947293351135, 6.50281469288492, 6.94202696696001, 7.428228726284617, 8.76126897486888, 9.753806626133203, 4.3833841880446665, 4.834117650616294, 4.7271436936061075, 2.531427980409476, 3.0858366223764992, 2.506688989483937, 3.065718799890166, 1.765194587007336, 0.0, 2.5059281035177365, 3.061024896991202, 2.486426642794836, 3.1221371798817557, 4.7637045920165955, 4.326360295906942, 5.285519177904853, 5.005831277620132, 9.076697207685182, 8.937138545418215, 9.773686823814234, 10.762504922646958, 9.646714917006722], [5.1672049436808685, 4.175180040429394, 2.7560953847789813, 2.1605787951380067, 1.0966569746278916, 2.1610282483114376, 2.760393792559315, 3.4475235416165035, 4.657701075638066, 5.091788835959322, 5.564335017771666, 6.80976945498157, 7.829681197852183, 5.08823096370438, 6.1419490961746, 5.388068008108286, 4.369133895865404, 4.7131154452230435, 2.5282869674939987, 3.085004061585657, 3.0659403402545196, 2.5059281035177365, 0.0, 1.7657177350867834, 2.5249939148441527, 3.067540951641885, 3.729439708588946, 2.539974997908444, 4.043336612254785, 3.0580153269727086, 7.282088792372694, 6.802084748075402, 8.055580496152963, 8.788832200582737, 7.632641965269954], [5.154455413523333, 4.163901561036235, 2.7438257761745732, 2.1535623626911757, 1.0957286707940064, 2.165997195289043, 2.8398363350728504, 2.8404090356848255, 4.266047785714547, 5.0777634397439195, 4.840634920131862, 6.226239438858739, 7.002321279404423, 5.374637987809039, 6.129727245155366, 5.075502885429186, 4.702735038251676, 4.35973593695765, 3.071893453555966, 2.5157971897591422, 2.501343137196494, 3.061024896991202, 1.7657177350867834, 0.0, 3.064386351294497, 2.4943384233098764, 3.8439577182898357, 3.182399640208627, 3.0488598655891024, 2.3006738882336193, 6.763904042784758, 6.448575386858713, 7.046955022561163, 8.046579514924339, 6.750649181375078], [6.512524292469087, 5.1285125153400966, 4.147070115153588, 2.715640929872725, 2.154535167965471, 1.0971461434102567, 2.143094169652841, 3.479730538418169, 4.650944790039976, 4.873902859105832, 5.780720408392019, 6.987813795458491, 8.164962817429116, 6.678591618747174, 7.265972477927507, 6.898964537523003, 5.017483874413549, 5.305702421923039, 4.35297347568303, 4.682506739984471, 3.0255021764989696, 2.486426642794836, 2.5249939148441527, 3.064386351294497, 0.0, 1.7602509764235326, 2.3974896225010025, 2.493312246791404, 3.7291887522623473, 3.8590868725645446, 7.092721737809823, 7.200275335707657, 8.200694325482447, 9.094626047287486, 8.29229398538185], [6.567637948303788, 5.195931887544332, 4.192393860314176, 2.7799564385076256, 2.163004385108824, 1.0967539286458017, 2.161494617157304, 2.785156778351984, 4.156030319908651, 4.755887603802259, 4.989103199974921, 6.317606741480511, 7.278070680475699, 6.9525911162673735, 7.331075318805556, 6.715256310074843, 5.392956143897334, 5.085058332998748, 4.723948922247149, 4.369433067344092, 2.552722758154516, 3.1221371798817557, 3.067540951641885, 2.4943384233098764, 1.7602509764235326, 0.0, 2.495624092286336, 3.0684168197948596, 2.537383315543791, 3.2086408882889965, 6.457707668360345, 6.760898210297208, 7.122780994808138, 8.279532299592773, 7.3939262804006916], [8.47458757639568, 7.184871163075925, 5.970825374267782, 4.661987984755002, 3.482029554728104, 2.144513383031218, 1.0976134884375284, 2.1548849087596307, 2.7062361260614343, 2.7146632369411865, 3.9487609107161705, 4.940661248254124, 6.242695374595817, 8.61717187364857, 9.33225834297358, 8.662494452523475, 7.257577922420124, 7.3110353233998255, 6.119578084312676, 6.183133580960386, 4.84370145343414, 4.7637045920165955, 3.729439708588946, 3.8439577182898357, 2.3974896225010025, 2.495624092286336, 0.0, 1.7557755579800056, 2.5244954070071115, 3.0652744053347005, 4.856331129566846, 5.205809541272136, 6.3187934394154714, 7.067460792250637, 6.586380205393552], [7.671673946408306, 6.560566285009245, 5.194230370324366, 4.180728828804853, 2.7891197374799095, 2.163409730032663, 1.097205714531236, 2.162259637508872, 2.7860318806503273, 2.7915250742201834, 4.0478154799842345, 5.058473485153401, 6.365421290849491, 7.624063379196162, 8.617653950467028, 7.858960339001591, 6.66014380850744, 6.9263719124805885, 5.06549600730274, 5.4109649241147375, 4.724944607082711, 4.326360295906942, 2.539974997908444, 3.182399640208627, 2.493312246791404, 3.0684168197948596, 1.7557755579800056, 0.0, 3.0660874922284918, 2.4851791021976664, 5.282952433062406, 5.015799743809556, 6.673687542880622, 7.197143976606276, 6.468243543652326], [8.09537484802279, 6.969113103544813, 5.690966692048022, 4.6608649208060084, 3.4505690023530904, 2.760623967511693, 2.1584190811795563, 1.0957202790858622, 2.1249905858614997, 3.1386470253916734, 2.5507560820274446, 3.9130305736091557, 4.754672819448253, 8.402910956329361, 9.000702522581223, 7.965742899441333, 7.406974240538439, 6.909934176242202, 6.068373530856518, 5.450861959360189, 4.561729423146445, 5.285519177904853, 4.043336612254785, 3.0488598655891024, 3.7291887522623473, 2.537383315543791, 2.5244954070071115, 3.0660874922284918, 0.0, 1.7854204490819523, 4.159809565352721, 4.508739482383075, 4.597088984346507, 5.7719302291347905, 4.90956768463375], [7.377420449588053, 6.455659818329959, 4.997063684805308, 4.307612168011415, 2.8659865770795228, 2.8617573429625374, 2.1679001845103474, 1.094702384212257, 2.1178195414151793, 3.0877045146840074, 2.6050101976767768, 3.9464815025538886, 4.820512230043608, 7.493534722679278, 8.387578519453633, 7.213538618459043, 6.946051391978035, 6.644775470999754, 5.108504725455385, 4.690858379870362, 4.577444146027344, 5.005831277620132, 3.0580153269727086, 2.3006738882336193, 3.8590868725645446, 3.2086408882889965, 3.0652744053347005, 2.4851791021976664, 1.7854204490819523, 0.0, 4.541093711871623, 4.1549187645488335, 5.003871693998558, 5.826300061788786, 4.662958703441411], [11.902296774572543, 10.90055707704886, 9.486924545394045, 8.570849706417679, 7.140474834351004, 6.390857620851836, 5.0229780140868625, 4.016445096101775, 2.629193688186551, 2.645380057761077, 2.076794542076803, 1.0958273267262502, 2.149788784974003, 12.02806442367183, 12.890688916423358, 11.713699440398836, 11.308064058007455, 10.975005340317608, 9.593566300912293, 9.198861401282226, 8.656953621800223, 9.076697207685182, 7.282088792372694, 6.763904042784758, 7.092721737809823, 6.457707668360345, 4.856331129566846, 5.282952433062406, 4.159809565352721, 4.541093711871623, 0.0, 1.7922466180746444, 2.4970509826593448, 2.499101872673461, 3.0641270029161647], [11.413716574805948, 10.575063205957685, 9.0826