{"total energy": -42.3937148, "HOMO-LUMO gap/eV": 4.20744383, "electronic energy": -42.90446049, "dipole": [-0.59696768, -0.35402149, 0.49544993], "partial charges": [-0.1019802, -0.05344833, -0.06419439, -0.00185448, -0.11820696, 0.01063074, -0.10692419, 0.29318561, -0.44653759, -0.17884292, 0.00754838, -0.0516304, -0.10165442, 0.0359736, 0.03487925, 0.03755062, 0.03070947, 0.03528094, 0.03787905, 0.04662325, 0.05047466, 0.05758683, 0.06356708, 0.04292415, 0.0525625, 0.03731394, 0.0439137, 0.05240925, 0.05619125, 0.03808, 0.04213989, 0.03589265, 0.03756702, 0.04439004], "atomic dipole moments": [[0.06050482, 0.07266548, 0.05445825], [-0.01113881, 0.01478271, -0.11606689], [0.03065015, 0.01543006, 0.12229218], [0.01664139, 0.05096925, -0.14605059], [-0.0412739, 0.0077613, 0.02006451], [0.11516842, -0.08144135, 0.09710223], [-0.02894308, -0.08590813, -0.0828655], [0.01519737, -0.04361389, 0.01153196], [-0.07090736, -0.13577486, 0.10513202], [0.1540185, 0.4198878, -0.29230117], [-0.07584554, -0.09737179, 0.08830556], [-0.03904758, 0.07723175, 0.08321891], [-0.04740628, 0.01732696, -0.10194768], [-0.04650019, -0.08535016, 0.07903207], [-0.09740754, 0.05549454, -0.0574525], [0.06786366, -0.06181367, -0.08751607], [-0.07033648, 0.05056034, 0.08726469], [0.08960469, -0.06276544, 0.05962615], [-0.09143774, 0.05638254, -0.0620101], [0.06649749, -0.05672067, -0.09348342], [-0.06803968, 0.05698588, 0.087736], [0.09005971, -0.05893961, 0.07035127], [0.02136992, 0.04814608, -0.11722294], [-0.12074512, -0.02746172, 0.00155875], [0.12576566, 0.03640909, -0.00197851], [-0.02253067, -0.03679967, 0.1175216], [-0.06968684, 0.10413862, -0.02123591], [-0.03516899, 0.02006999, -0.1217386], [0.0557615, 0.1095969, 0.04423442], [0.09053253, 0.02282344, -0.07970073], [-0.05037311, -0.10850765, -0.04141112], [0.08905074, -0.08695752, -0.01065316], [0.05637291, 0.10471477, 0.04408056], [-0.08108739, -0.04349677, 0.08990249]], "atomic quadrupole moments": [[-0.0134357, 0.14185512, 0.03972744, 0.10079556, 0.1123943, -0.02629174], [-0.08035459, 0.21925997, 0.07761791, 0.01759849, -0.0309975, 0.00273668], [-0.08042825, 0.23344048, 0.08249661, 0.03366072, -0.02468928, -0.00206836], [-0.08099222, 0.21097901, 0.08715992, -0.03828362, -0.10512009, -0.0061677], [-0.0492242, -0.00496078, 0.07460069, 0.00339426, -0.05134767, -0.02537649], [-0.06917891, -0.17185342, 0.18316666, 0.06788043, 0.07314809, -0.11398775], [-0.12470492, 0.03792976, 0.07365417, 0.05350765, 0.17807168, 0.05105075], [-0.1309064, 0.01456117, -0.02861493, 0.28238522, 0.19372997, 0.15952133], [-0.03224187, 0.02622388, -0.02623164, 0.07972765, 0.06323883, 0.05847351], [0.18375056, -0.19781898, 0.10817759, -0.29873163, -0.21238347, -0.29192815], [0.20580443, -0.05300037, -0.08151951, -0.26833694, -0.0988013, -0.12428492], [-0.0109034, -0.19207415, -0.02842582, 0.10226814, -0.03916743, 0.03932922], [-0.05478815, -0.03722508, -0.10909556, 0.14052615, -0.04034923, 0.16388372], [-0.03206702, 0.0372174, 0.0108183, -0.0221472, -0.05070636, 0.02124871], [0.01997624, -0.04605748, 0.00245519, 0.04528178, -0.02036645, -0.02243143], [0.01347722, -0.02473648, -0.0238623, -0.0461117, 0.04157796, 0.01038508], [0.00276656, -0.01903444, -0.00029791, -0.03667875, 0.02975367, -0.00246865], [0.02761371, -0.02585024, -0.00154375, 0.02677758, -0.01730536, -0.02606996], [0.02412371, -0.03427054, -0.00045574, 0.02443009, -0.01833396, -0.02366797], [0.01126206, -0.02241993, -0.00752025, -0.03599777, 0.02233678, -0.00374181], [0.00580805, -0.02048186, 0.006291, -0.03453043, 0.0188667, -0.01209905], [0.02899768, -0.02174182, 0.0030135, 0.01731451, -0.01562362, -0.03201117], [-0.02913006, 0.00027228, 0.00158124, -0.02554559, -0.01426232, 0.02754883], [0.04163141, 0.01832485, -0.00329925, -0.01880253, -0.00108418, -0.03833216], [0.06953072, 0.02261206, -0.040528, -0.01704452, 0.0065477, -0.02900271], [-0.04070369, 0.0214827, -0.01749731, -0.02301576, -0.0418295, 0.05820099], [-0.00415428, -0.05998079, 0.03724236, 0.02353707, -0.01591137, -0.03308808], [0.0066837, -0.00508975, -0.04628956, 0.00976874, -0.01142249, 0.03960586], [0.00401655, 0.02679513, 0.01000057, -0.00448911, 0.03302619, -0.01401713], [0.02412831, 0.01217208, -0.03122189, -0.03147381, -0.03308674, 0.00709358], [-0.00205103, 0.03162184, 0.02999956, 0.02100413, 0.00747119, -0.02794853], [0.01267576, -0.06806078, 0.01250285, -0.00960036, 0.01397978, -0.02517862], [-0.03242902, 0.04312414, 0.05614709, 0.01812732, 0.02221114, -0.02371807], [0.03159352, 0.02864777, -0.04126852, -0.04603816, -0.02030854, 0.009675]], "number of molecular orbitals": 78, "number of electrons": 78, "number of unpaired electrons": 0, "orbital energies/eV": [-19.51162286, -18.85857406, -17.93790468, -17.38588429, -17.17958104, -17.01674565, -16.8783528, -16.23162997, -16.13621056, -16.09965539, -15.44153739, -15.30413742, -15.20632945, -14.94558872, -14.77220123, -14.49563548, -14.19745939, -14.04457886, -13.96435716, -13.77171002, -13.60675962, -13.40875049, -13.36138885, -13.23732356, -13.15711563, -13.00070672, -12.64540779, -12.61422086, -12.40608705, -12.25652991, -12.24802308, -12.12564095, -12.0685071, -12.0058083, -11.74289613, -11.72442783, -10.80209704, -10.61591105, -10.10851242, -5.90106859, -5.33419268, -3.74092512, -0.8973604, -0.08137304, 0.02951327, 1.09002804, 1.99486792, 2.40809506, 2.51492761, 2.64409113, 3.20792821, 3.30095445, 3.39800613, 3.6447423, 3.80617665, 3.93328769, 3.99338747, 4.19242906, 4.23862542, 4.59390673, 4.78111671, 4.85002171, 4.97276335, 5.11003654, 5.49764509, 5.79822587, 6.23845064, 6.49057949, 6.66420535, 6.75460938, 6.87235605, 7.00688903, 7.22689601, 7.69882409, 7.8907174, 9.51149697, 13.3749599, 16.17522278], "fractional occupation": [2.0, 2.0, 2.0, 2.0, 2.0, 2.0, 2.0, 2.0, 2.0, 2.0, 2.0, 2.0, 2.0, 2.0, 2.0, 2.0, 2.0, 2.0, 2.0, 2.0, 2.0, 2.0, 2.0, 2.0, 2.0, 2.0, 2.0, 2.0, 2.0, 2.0, 2.0, 2.0, 2.0, 2.0, 2.0, 2.0, 2.0, 2.0, 2.0, 0.0, 0.0, 0.0, 0.0, 0.0, 0.0, 0.0, 0.0, 0.0, 0.0, 0.0, 0.0, 0.0, 0.0, 0.0, 0.0, 0.0, 0.0, 0.0, 0.0, 0.0, 0.0, 0.0, 0.0, 0.0, 0.0, 0.0, 0.0, 0.0, 0.0, 0.0, 0.0, 0.0, 0.0, 0.0, 0.0, 0.0, 0.0, 0.0], "program call": "xtb /home/svss/Project-DBcg-Debug/aqme2_20220329/End-to-End-workflows-final/example-3/QDESCP/mol_575_rdkit_conf_5/mol_575_rdkit_conf_5.xyz --pop --wbo --acc 0.2 --gfn 2 --chrg 0 --uhf 0 --etemp 300 --input /home/svss/Project-DBcg-Debug/aqme2_20220329/End-to-End-workflows-final/example-3/QDESCP/mol_575_rdkit_conf_5/mol_575_rdkit_conf_5_xtb.inp", "method": "GFN2-xTB", "xtb version": "6.3.3 (7355c4f)", "Dipole module/D": 2.167, "Total charge": 0, "Transition dipole module/D": NaN, "HOMO": -10.1085, "LUMO": -5.9011, "HOMO occupancy": 2.0, "LUMO occupancy": 0, "mulliken charges": [-0.08233, -0.03983, -0.05886, 0.08846, -0.29572, 0.10339, -0.09409, 0.49724, -0.56182, -0.12898, 0.032, -0.04184, -0.08442, 0.03101, 0.02888, 0.03001, 0.02253, 0.02454, 0.02973, 0.03227, 0.03138, 0.03231, 0.05201, 0.02138, 0.04841, 0.02594, 0.0317, 0.04137, 0.0415, 0.02921, 0.02672, 0.0286, 0.02903, 0.02827], "cm5 charges": [-0.23266, -0.15211, -0.16372, 0.03919, -0.54932, 0.05361, -0.23839, 0.60617, -0.60919, -0.16293, -0.05861, -0.1515, -0.23383, 0.0818, 0.08017, 0.08131, 0.07731, 0.07935, 0.08733, 0.0906, 0.09714, 0.09933, 0.121, 0.0865, 0.10309, 0.07945, 0.08295, 0.09997, 0.10049, 0.08351, 0.08165, 0.07937, 0.08046, 0.08049], "FUKUI+": [0.008, 0.003, 0.004, 0.018, -0.061, 0.021, 0.015, -0.04, -0.143, -0.383, 0.027, 0.017, 0.018, -0.019, -0.012, -0.005, -0.016, -0.004, -0.02, 0.005, -0.045, -0.008, -0.022, -0.043, -0.007, -0.02, -0.036, -0.061, -0.061, -0.047, -0.025, -0.037, -0.019, -0.001], "FUKUI-": [0.009, 0.004, -0.001, 0.018, -0.087, 0.014, 0.006, 0.027, -0.07, -0.304, 0.037, 0.011, 0.012, -0.042, -0.031, -0.025, -0.033, -0.026, -0.028, -0.015, -0.047, -0.025, -0.038, -0.042, -0.021, -0.025, -0.042, -0.058, -0.056, -0.04, -0.022, -0.032, -0.018, -0.009], "FUKUIrad": [0.009, 0.003, 0.001, 0.018, -0.074, 0.017, 0.01, -0.007, -0.106, -0.344, 0.032, 0.014, 0.015, -0.031, -0.021, -0.015, -0.024, -0.015, -0.024, -0.005, -0.046, -0.016, -0.03, -0.042, -0.014, -0.023, -0.039, -0.059, -0.058, -0.044, -0.024, -0.034, -0.019, -0.005], "s proportion": [1.008, 1.027, 1.036, 1.011, 1.445, 1.004, 1.011, 0.995, 1.73, 1.925, 1.037, 1.029, 1.007, 0.969, 0.971, 0.97, 0.977, 0.975, 0.97, 0.968, 0.969, 0.968, 0.948, 0.979, 0.952, 0.974, 0.968, 0.959, 0.958, 0.971, 0.973, 0.971, 0.971, 0.972], "p proportion": [3.075, 3.013, 3.023, 2.901, 3.85, 2.893, 3.083, 2.507, 4.832, 4.204, 2.931, 3.013, 3.077, 0.0, 0.0, 0.0, 0.0, 0.0, 0.0, 0.0, 0.0, 0.0, 0.0, 0.0, 0.0, 0.0, 0.0, 0.0, 0.0, 0.0, 0.0, 0.0, 0.0, 0.0], "d proportion": [0.0, 0.0, 0.0, 0.0, 0.0, 0.0, 0.0, 0.0, 0.0, 0.0, 0.0, 0.0, 0.0, 0.0, 0.0, 0.0, 0.0, 0.0, 0.0, 0.0, 0.0, 0.0, 0.0, 0.0, 0.0, 0.0, 0.0, 0.0, 0.0, 0.0, 0.0, 0.0, 0.0, 0.0], "Fermi-level/eV": -8.0048, "Coordination numbers": [3.75, 3.8, 3.801, 3.738, 2.762, 3.744, 3.749, 2.749, 0.879, 2.029, 3.793, 3.825, 3.749, 0.924, 0.924, 0.924, 0.924, 0.924, 0.924, 0.924, 0.924, 0.924, 0.924, 0.924, 0.924, 0.924, 0.924, 0.924, 0.924, 0.924, 0.924, 0.924, 0.924, 0.924], "Dispersion coefficient C6": [22.511, 21.534, 21.732, 20.693, 23.571, 20.468, 22.609, 22.027, 22.622, 148.632, 20.459, 21.48, 22.507, 2.503, 2.518, 2.482, 2.577, 2.513, 2.477, 2.363, 2.314, 2.228, 2.158, 2.41, 2.288, 2.485, 2.397, 2.29, 2.244, 2.475, 2.421, 2.504, 2.482, 2.391], "Total dispersion C6": 10118.227222, "Total dispersion C8": 241419.987006, "Polarizability alpha": [6.767, 6.607, 6.637, 6.491, 7.211, 6.454, 6.781, 7.685, 6.377, 20.519, 6.441, 6.595, 6.766, 2.474, 2.482, 2.464, 2.51, 2.479, 2.461, 2.404, 2.379, 2.334, 2.297, 2.428, 2.366, 2.465, 2.421, 2.367, 2.343, 2.46, 2.433, 2.475, 2.464, 2.418], "Total polarizability alpha": 152.255791, "Wiberg matrix": [[0.0, 1.0202585586312525, 0.0, 0.0, 0.0, 0.0, 0.0, 0.0, 0.0, 0.0, 0.0, 0.0, 0.0, 0.9868767197754966, 0.9875029128001334, 0.9873308858840033, 0.0, 0.0, 0.0, 0.0, 0.0, 0.0, 0.0, 0.0, 0.0, 0.0, 0.0, 0.0, 0.0, 0.0, 0.0, 0.0, 0.0, 0.0], [1.0202585586312525, 0.0, 1.0058956335395604, 0.0, 0.0, 0.0, 0.0, 0.0, 0.0, 0.0, 0.0, 0.0, 0.0, 0.0, 0.0, 0.0, 0.97777136566364, 0.9774859092584782, 0.0, 0.0, 0.0, 0.0, 0.0, 0.0, 0.0, 0.0, 0.0, 0.0, 0.0, 0.0, 0.0, 0.0, 0.0, 0.0], [0.0, 1.0058956335395604, 0.0, 0.9965357768785492, 0.0, 0.0, 0.0, 0.0, 0.0, 0.0, 0.0, 0.0, 0.0, 0.0, 0.0, 0.0, 0.0, 0.0, 0.9750798530382255, 0.9750987180027347, 0.0, 0.0, 0.0, 0.0, 0.0, 0.0, 0.0, 0.0, 0.0, 0.0, 0.0, 0.0, 0.0, 0.0], [0.0, 0.0, 0.9965357768785492, 0.0, 0.9849578972959051, 0.0, 0.0, 0.0, 0.0, 0.0, 0.0, 0.0, 0.0, 0.0, 0.0, 0.0, 0.0, 0.0, 0.0, 0.0, 0.9684641551483119, 0.964163274025432, 0.0, 0.0, 0.0, 0.0, 0.0, 0.0, 0.0, 0.0, 0.0, 0.0, 0.0, 0.0], [0.0, 0.0, 0.0, 0.9849578972959051, 0.0, 0.9801920390224482, 0.0, 1.2120376356069142, 0.170318920854583, 0.0, 0.0, 0.0, 0.0, 0.0, 0.0, 0.0, 0.0, 0.0, 0.0, 0.0, 0.0, 0.0, 0.0, 0.0, 0.0, 0.0, 0.0, 0.0, 0.0, 0.0, 0.0, 0.0, 0.0, 0.0], [0.0, 0.0, 0.0, 0.0, 0.9801920390224482, 0.0, 1.0111450471694399, 0.0, 0.0, 0.0, 0.0, 0.0, 0.0, 0.0, 0.0, 0.0, 0.0, 0.0, 0.0, 0.0, 0.0, 0.0, 0.968609718880591, 0.9705958514327905, 0.0, 0.0, 0.0, 0.0, 0.0, 0.0, 0.0, 0.0, 0.0, 0.0], [0.0, 0.0, 0.0, 0.0, 0.0, 1.0111450471694399, 0.0, 0.0, 0.0, 0.0, 0.0, 0.0, 0.0, 0.0, 0.0, 0.0, 0.0, 0.0, 0.0, 0.0, 0.0, 0.0, 0.0, 0.0, 0.9857796717590401, 0.9860016781958625, 0.9839215722263033, 0.0, 0.0, 0.0, 0.0, 0.0, 0.0, 0.0], [0.0, 0.0, 0.0, 0.0, 1.2120376356069142, 0.0, 0.0, 0.0, 1.6562772399755152, 1.0236109269039253, 0.0, 0.0, 0.0, 0.0, 0.0, 0.0, 0.0, 0.0, 0.0, 0.0, 0.0, 0.0, 0.0, 0.0, 0.0, 0.0, 0.0, 0.0, 0.0, 0.0, 0.0, 0.0, 0.0, 0.0], [0.0, 0.0, 0.0, 0.0, 0.170318920854583, 0.0, 0.0, 1.6562772399755152, 0.0, 0.16144808308374492, 0.0, 0.0, 0.0, 0.0, 0.0, 0.0, 0.0, 0.0, 0.0, 0.0, 0.0, 0.0, 0.0, 0.0, 0.0, 0.0, 0.0, 0.0, 0.0, 0.0, 0.0, 0.0, 0.0, 0.0], [0.0, 0.0, 0.0, 0.0, 0.0, 0.0, 0.0, 1.0236109269039253, 0.16144808308374492, 0.0, 0.9801813866017259, 0.0, 0.0, 0.0, 0.0, 0.0, 0.0, 0.0, 0.0, 0.0, 0.0, 0.0, 0.0, 0.0, 0.0, 0.0, 0.0, 0.0, 0.0, 0.0, 0.0, 0.0, 0.0, 0.0], [0.0, 0.0, 0.0, 0.0, 0.0, 0.0, 0.0, 0.0, 0.0, 0.9801813866017259, 0.0, 1.0112706963844458, 0.0, 0.0, 0.0, 0.0, 0.0, 0.0, 0.0, 0.0, 0.0, 0.0, 0.0, 0.0, 0.0, 0.0, 0.0, 0.9732211309625824, 0.972310378147996, 0.0, 0.0, 0.0, 0.0, 0.0], [0.0, 0.0, 0.0, 0.0, 0.0, 0.0, 0.0, 0.0, 0.0, 0.0, 1.0112706963844458, 0.0, 1.0212758552234553, 0.0, 0.0, 0.0, 0.0, 0.0, 0.0, 0.0, 0.0, 0.0, 0.0, 0.0, 0.0, 0.0, 0.0, 0.0, 0.0, 0.9710533347981529, 0.9766228390087276, 0.0, 0.0, 0.0], [0.0, 0.0, 0.0, 0.0, 0.0, 0.0, 0.0, 0.0, 0.0, 0.0, 0.0, 1.0212758552234553, 0.0, 0.0, 0.0, 0.0, 0.0, 0.0, 0.0, 0.0, 0.0, 0.0, 0.0, 0.0, 0.0, 0.0, 0.0, 0.0, 0.0, 0.0, 0.0, 0.9865646098866148, 0.9870069280057836, 0.9858981872367925], [0.9868767197754966, 0.0, 0.0, 0.0, 0.0, 0.0, 0.0, 0.0, 0.0, 0.0, 0.0, 0.0, 0.0, 0.0, 0.0, 0.0, 0.0, 0.0, 0.0, 0.0, 0.0, 0.0, 0.0, 0.0, 0.0, 0.0, 0.0, 0.0, 0.0, 0.0, 0.0, 0.0, 0.0, 0.0], [0.9875029128001334, 0.0, 0.0, 0.0, 0.0, 0.0, 0.0, 0.0, 0.0, 0.0, 0.0, 0.0, 0.0, 0.0, 0.0, 0.0, 0.0, 0.0, 0.0, 0.0, 0.0, 0.0, 0.0, 0.0, 0.0, 0.0, 0.0, 0.0, 0.0, 0.0, 0.0, 0.0, 0.0, 0.0], [0.9873308858840033, 0.0, 0.0, 0.0, 0.0, 0.0, 0.0, 0.0, 0.0, 0.0, 0.0, 0.0, 0.0, 0.0, 0.0, 0.0, 0.0, 0.0, 0.0, 0.0, 0.0, 0.0, 0.0, 0.0, 0.0, 0.0, 0.0, 0.0, 0.0, 0.0, 0.0, 0.0, 0.0, 0.0], [0.0, 0.97777136566364, 0.0, 0.0, 0.0, 0.0, 0.0, 0.0, 0.0, 0.0, 0.0, 0.0, 0.0, 0.0, 0.0, 0.0, 0.0, 0.0, 0.0, 0.0, 0.0, 0.0, 0.0, 0.0, 0.0, 0.0, 0.0, 0.0, 0.0, 0.0, 0.0, 0.0, 0.0, 0.0], [0.0, 0.9774859092584782, 0.0, 0.0, 0.0, 0.0, 0.0, 0.0, 0.0, 0.0, 0.0, 0.0, 0.0, 0.0, 0.0, 0.0, 0.0, 0.0, 0.0, 0.0, 0.0, 0.0, 0.0, 0.0, 0.0, 0.0, 0.0, 0.0, 0.0, 0.0, 0.0, 0.0, 0.0, 0.0], [0.0, 0.0, 0.9750798530382255, 0.0, 0.0, 0.0, 0.0, 0.0, 0.0, 0.0, 0.0, 0.0, 0.0, 0.0, 0.0, 0.0, 0.0, 0.0, 0.0, 0.0, 0.0, 0.0, 0.0, 0.0, 0.0, 0.0, 0.0, 0.0, 0.0, 0.0, 0.0, 0.0, 0.0, 0.0], [0.0, 0.0, 0.9750987180027347, 0.0, 0.0, 0.0, 0.0, 0.0, 0.0, 0.0, 0.0, 0.0, 0.0, 0.0, 0.0, 0.0, 0.0, 0.0, 0.0, 0.0, 0.0, 0.0, 0.0, 0.0, 0.0, 0.0, 0.0, 0.0, 0.0, 0.0, 0.0, 0.0, 0.0, 0.0], [0.0, 0.0, 0.0, 0.9684641551483119, 0.0, 0.0, 0.0, 0.0, 0.0, 0.0, 0.0, 0.0, 0.0, 0.0, 0.0, 0.0, 0.0, 0.0, 0.0, 0.0, 0.0, 0.0, 0.0, 0.0, 0.0, 0.0, 0.0, 0.0, 0.0, 0.0, 0.0, 0.0, 0.0, 0.0], [0.0, 0.0, 0.0, 0.964163274025432, 0.0, 0.0, 0.0, 0.0, 0.0, 0.0, 0.0, 0.0, 0.0, 0.0, 0.0, 0.0, 0.0, 0.0, 0.0, 0.0, 0.0, 0.0, 0.0, 0.0, 0.0, 0.0, 0.0, 0.0, 0.0, 0.0, 0.0, 0.0, 0.0, 0.0], [0.0, 0.0, 0.0, 0.0, 0.0, 0.968609718880591, 0.0, 0.0, 0.0, 0.0, 0.0, 0.0, 0.0, 0.0, 0.0, 0.0, 0.0, 0.0, 0.0, 0.0, 0.0, 0.0, 0.0, 0.0, 0.0, 0.0, 0.0, 0.0, 0.0, 0.0, 0.0, 0.0, 0.0, 0.0], [0.0, 0.0, 0.0, 0.0, 0.0, 0.9705958514327905, 0.0, 0.0, 0.0, 0.0, 0.0, 0.0, 0.0, 0.0, 0.0, 0.0, 0.0, 0.0, 0.0, 0.0, 0.0, 0.0, 0.0, 0.0, 0.0, 0.0, 0.0, 0.0, 0.0, 0.0, 0.0, 0.0, 0.0, 0.0], [0.0, 0.0, 0.0, 0.0, 0.0, 0.0, 0.9857796717590401, 0.0, 0.0, 0.0, 0.0, 0.0, 0.0, 0.0, 0.0, 0.0, 0.0, 0.0, 0.0, 0.0, 0.0, 0.0, 0.0, 0.0, 0.0, 0.0, 0.0, 0.0, 0.0, 0.0, 0.0, 0.0, 0.0, 0.0], [0.0, 0.0, 0.0, 0.0, 0.0, 0.0, 0.9860016781958625, 0.0, 0.0, 0.0, 0.0, 0.0, 0.0, 0.0, 0.0, 0.0, 0.0, 0.0, 0.0, 0.0, 0.0, 0.0, 0.0, 0.0, 0.0, 0.0, 0.0, 0.0, 0.0, 0.0, 0.0, 0.0, 0.0, 0.0], [0.0, 0.0, 0.0, 0.0, 0.0, 0.0, 0.9839215722263033, 0.0, 0.0, 0.0, 0.0, 0.0, 0.0, 0.0, 0.0, 0.0, 0.0, 0.0, 0.0, 0.0, 0.0, 0.0, 0.0, 0.0, 0.0, 0.0, 0.0, 0.0, 0.0, 0.0, 0.0, 0.0, 0.0, 0.0], [0.0, 0.0, 0.0, 0.0, 0.0, 0.0, 0.0, 0.0, 0.0, 0.0, 0.9732211309625824, 0.0, 0.0, 0.0, 0.0, 0.0, 0.0, 0.0, 0.0, 0.0, 0.0, 0.0, 0.0, 0.0, 0.0, 0.0, 0.0, 0.0, 0.0, 0.0, 0.0, 0.0, 0.0, 0.0], [0.0, 0.0, 0.0, 0.0, 0.0, 0.0, 0.0, 0.0, 0.0, 0.0, 0.972310378147996, 0.0, 0.0, 0.0, 0.0, 0.0, 0.0, 0.0, 0.0, 0.0, 0.0, 0.0, 0.0, 0.0, 0.0, 0.0, 0.0, 0.0, 0.0, 0.0, 0.0, 0.0, 0.0, 0.0], [0.0, 0.0, 0.0, 0.0, 0.0, 0.0, 0.0, 0.0, 0.0, 0.0, 0.0, 0.9710533347981529, 0.0, 0.0, 0.0, 0.0, 0.0, 0.0, 0.0, 0.0, 0.0, 0.0, 0.0, 0.0, 0.0, 0.0, 0.0, 0.0, 0.0, 0.0, 0.0, 0.0, 0.0, 0.0], [0.0, 0.0, 0.0, 0.0, 0.0, 0.0, 0.0, 0.0, 0.0, 0.0, 0.0, 0.9766228390087276, 0.0, 0.0, 0.0, 0.0, 0.0, 0.0, 0.0, 0.0, 0.0, 0.0, 0.0, 0.0, 0.0, 0.0, 0.0, 0.0, 0.0, 0.0, 0.0, 0.0, 0.0, 0.0], [0.0, 0.0, 0.0, 0.0, 0.0, 0.0, 0.0, 0.0, 0.0, 0.0, 0.0, 0.0, 0.9865646098866148, 0.0, 0.0, 0.0, 0.0, 0.0, 0.0, 0.0, 0.0, 0.0, 0.0, 0.0, 0.0, 0.0, 0.0, 0.0, 0.0, 0.0, 0.0, 0.0, 0.0, 0.0], [0.0, 0.0, 0.0, 0.0, 0.0, 0.0, 0.0, 0.0, 0.0, 0.0, 0.0, 0.0, 0.9870069280057836, 0.0, 0.0, 0.0, 0.0, 0.0, 0.0, 0.0, 0.0, 0.0, 0.0, 0.0, 0.0, 0.0, 0.0, 0.0, 0.0, 0.0, 0.0, 0.0, 0.0, 0.0], [0.0, 0.0, 0.0, 0.0, 0.0, 0.0, 0.0, 0.0, 0.0, 0.0, 0.0, 0.0, 0.9858981872367925, 0.0, 0.0, 0.0, 0.0, 0.0, 0.0, 0.0, 0.0, 0.0, 0.0, 0.0, 0.0, 0.0, 0.0, 0.0, 0.0, 0.0, 0.0, 0.0, 0.0, 0.0]], "Born radii": [], "Atomic SASAs": [], "Solvent H bonds": [], "Total SASA": NaN, "Total FOD": 0.0, "FOD": [0.0, 0.0, 0.0, 0.0, 0.0, 0.0, 0.0, 0.0, 0.0, 0.0, 0.0, 0.0, 0.0, 0.0, 0.0, 0.0, 0.0, 0.0, 0.0, 0.0, 0.0, 0.0, 0.0, 0.0, 0.0, 0.0, 0.0, 0.0, 0.0, 0.0, 0.0, 0.0, 0.0, 0.0], "FOD s proportion": [0.0, 0.0, 0.0, 0.0, 0.0, 0.0, 0.0, 0.0, 0.0, 0.0, 0.0, 0.0, 0.0, 0.0, 0.0, 0.0, 0.0, 0.0, 0.0, 0.0, 0.0, 0.0, 0.0, 0.0, 0.0, 0.0, 0.0, 0.0, 0.0, 0.0, 0.0, 0.0, 0.0, 0.0], "FOD p proportion": [0.0, 0.0, 0.0, 0.0, 0.0, 0.0, 0.0, 0.0, 0.0, 0.0, 0.0, 0.0, 0.0, 0.0, 0.0, 0.0, 0.0, 0.0, 0.0, 0.0, 0.0, 0.0, 0.0, 0.0, 0.0, 0.0, 0.0, 0.0, 0.0, 0.0, 0.0, 0.0, 0.0, 0.0], "FOD d proportion": [0.0, 0.0, 0.0, 0.0, 0.0, 0.0, 0.0, 0.0, 0.0, 0.0, 0.0, 0.0, 0.0, 0.0, 0.0, 0.0, 0.0, 0.0, 0.0, 0.0, 0.0, 0.0, 0.0, 0.0, 0.0, 0.0, 0.0, 0.0, 0.0, 0.0, 0.0, 0.0, 0.0, 0.0], "coordinates": [["-3.54610", "-2.82590", "0.30920"], ["-2.69770", "-1.82260", "1.07380"], ["-2.11100", "-0.76150", "0.14390"], ["-1.26160", "0.24740", "0.91990"], ["-0.68290", "1.26590", "0.03520"], ["-1.47840", "2.47180", "-0.18640"], ["-1.16610", "3.55040", "0.83930"], ["0.55760", "1.19020", "-0.59600"], ["1.01270", "2.09370", "-1.28970"], ["1.47230", "-0.29530", "-0.36340"], ["2.94780", "0.09720", "-1.35060"], ["3.96440", "-1.04510", "-1.34760"], ["4.62730", "-1.27610", "0.00380"], ["-3.95560", "-3.57550", "0.99350"], ["-4.38340", "-2.33020", "-0.19230"], ["-2.95100", "-3.34630", "-0.44810"], ["-3.31360", "-1.34350", "1.84380"], ["-1.88910", "-2.35430", "1.58880"], ["-2.92270", "-0.23790", "-0.37600"], ["-1.50700", "-1.24530", "-0.63260"], ["-1.87480", "0.75640", "1.67340"], ["-0.46990", "-0.26620", "1.47330"], ["-1.28010", "2.86300", "-1.19080"], ["-2.54160", "2.20920", "-0.15200"], ["-0.11080", "3.83950", "0.79910"], ["-1.37750", "3.20220", "1.85540"], ["-1.77240", "4.44150", "0.65020"], ["2.63380", "0.28600", "-2.38290"], ["3.41370", "1.01030", "-0.96450"], ["4.75070", "-0.80250", "-2.07320"], ["3.49900", "-1.97540", "-1.69520"], ["5.40700", "-2.03930", "-0.08770"], ["5.09590", "-0.35800", "0.37240"], ["3.91120", "-1.62380", "0.75390"]], "bond_dist": [[0.0, 1.5201995296670763, 2.519639549618159, 3.8777658039133818, 5.001581497886443, 5.708469842260708, 6.826610264252676, 5.812813427248461, 6.895041900525333, 5.660447480544272, 7.312331150871109, 7.894545276961809, 8.324639136923595, 1.0944664910357012, 1.0946652593373007, 1.0947435590127945, 2.1462905604787066, 2.146026961620007, 2.7487943902736705, 2.74649092661891, 4.181765012527605, 4.167757111444955, 6.304628395869181, 5.1549934723528015, 7.514575520945943, 6.590261755803027, 7.4884841890732465, 7.424452035672397, 8.048450668917589, 8.866051407475597, 7.373900163414202, 8.996347524412338, 8.987696515236815, 7.566645610176282], [1.5201995296670763, 0.0, 1.528026213780379, 2.524077736520807, 3.831049627713011, 4.638606244336762, 5.5919511630557, 4.739427599404806, 5.889873181996366, 4.6676642049316275, 6.437003778933177, 7.1310069849916715, 7.4228826779089, 2.1590319381611747, 2.1684675372253097, 2.16841006038987, 1.0962525347747205, 1.096249903078673, 2.159587722228481, 2.1593616510441227, 2.7727108702495467, 2.7468298181722144, 5.393778849749033, 4.216914048211086, 6.231122540120681, 5.253802588601897, 6.346224535895337, 6.694763707555331, 7.037698434857805, 8.150023041071725, 6.788946879303151, 8.190372594088746, 7.960980849116521, 6.619623604103182], [2.519639549618159, 1.528026213780379, 0.0, 1.5302076885181306, 2.482264300996169, 3.311119106888183, 4.468657380019192, 3.3879213184488215, 4.468207435874033, 3.6489360942609013, 5.344375864401754, 6.262226949736013, 6.759373348173631, 3.4702975837815404, 2.7816635112824124, 2.7815921771532217, 2.162089445420795, 2.1619406698612247, 1.0969548121960173, 1.0962803884043537, 2.1677594654389125, 2.16929381596869, 3.9507998114305916, 3.016294358977585, 5.059573903008039, 4.379289005078336, 5.238530199397537, 5.476778389710505, 5.906787273129108, 7.211112278976109, 6.027266546287795, 7.629333876558294, 7.221802552687245, 6.114127421799451], [3.8777658039133818, 2.524077736520807, 1.5302076885181306, 0.0, 1.4679679935202947, 2.4937636796617277, 3.3053631585651826, 2.5487866309285288, 3.669277359372006, 3.068483565215887, 4.78505785231485, 5.8415056706297905, 6.151376648360918, 4.677351533720766, 4.19840991805231, 4.2000209582810415, 2.7559495677533725, 2.7586276207563785, 2.161972735720781, 2.1676325103670133, 1.0967485992696775, 1.0939951599527304, 3.3610653221858096, 2.576049077560441, 3.773872770775401, 3.101521578193516, 4.2336898256721645, 5.107261395307665, 5.09817711147818, 6.797697324094387, 5.868807392477624, 7.121410015579779, 6.409685769208971, 5.503344917411592], [5.001581497886443, 3.831049627713011, 2.482264300996169, 1.4679679935202947, 0.0, 1.4615476796875289, 2.469615212943101, 1.3939096742615713, 2.3055741605942757, 2.690931890628226, 4.058113332572169, 5.371243257384643, 5.887357132024522, 5.9218289522747956, 5.165016138406539, 5.162387561971689, 4.123176543637199, 4.120004786404986, 2.7289565624978347, 2.726026978956738, 2.088998587840595, 2.1120679487175598, 2.1001076758109334, 2.09275522218916, 2.7448603935355256, 2.746789924621102, 3.4131613805971726, 4.219942003155968, 4.224554770623763, 6.184467485564138, 5.566740290331497, 6.930103423470677, 6.012094850382852, 5.474728357644788], [5.708469842260708, 4.638606244336762, 3.311119106888183, 2.4937636796617277, 1.4615476796875289, 0.0, 1.520845074292579, 2.4404029831156984, 2.7506016996286466, 4.049049505748232, 5.156096705842511, 6.583391442865903, 7.166763770349906, 6.6406717386119904, 5.61233140593105, 6.007272697322804, 4.6953365342646105, 5.158609380443532, 3.0764305192869217, 3.7438943374513123, 2.5609736742106506, 3.356831890339461, 1.0959834350937974, 1.0956899013863364, 2.1707471755135375, 2.1708551794166278, 2.1601050090215517, 5.149031241893954, 5.16469401513778, 7.285790385400887, 6.843140802292468, 8.23216241700806, 7.179237144014676, 6.834170879484943], [6.826610264252676, 5.5919511630557, 4.468657380019192, 3.3053631585651826, 2.469615212943101, 1.520845074292579, 0.0, 3.2560362129435845, 3.376652977431942, 4.816331626871222, 5.800381492626153, 7.226560877070087, 7.5866096551753595, 7.653988417811984, 6.782084798201803, 7.239318867131078, 5.4379254969151605, 5.995828661661372, 4.349001556679418, 5.028065324754642, 3.000735659800776, 3.9310413378645612, 2.1463505701539067, 2.1618263991356934, 1.0949214309711908, 1.0947111080097796, 1.0942658315053064, 5.956351249716557, 5.538986413595903, 7.901829971595188, 7.662983355064789, 8.67811723244161, 7.3963660110895, 7.249732001253564], [5.812813427248461, 4.739427599404806, 3.3879213184488215, 2.5487866309285288, 1.3939096742615713, 2.4404029831156984, 3.2560362129435845, 0.0, 1.2266409213783798, 1.7599684940361857, 2.734433433089934, 4.143398953757651, 4.796337542333734, 6.753323698742716, 6.080268978425214, 5.736896427512004, 5.230530486480315, 4.8294070215710745, 3.768336197846471, 3.1930507308841807, 3.3548365921457335, 2.7310913020256207, 2.5552276160843284, 3.292497173878817, 3.0678743553150936, 3.715120182443631, 4.189614078886025, 2.8846482783868117, 2.8853879236594864, 4.871864195562106, 4.45882248581394, 5.848480101701638, 4.891920756717141, 4.581207152050647], [6.895041900525333, 5.889873181996366, 4.468207435874033, 3.669277359372006, 2.3055741605942757, 2.7506016996286466, 3.376652977431942, 1.2266409213783798, 0.0, 2.6031874404276003, 2.781066894197261, 4.309054506501397, 5.108231342646885, 7.876346600423321, 7.063502897288285, 6.783274154123508, 6.352167959051461, 6.040770603987541, 4.664609245156554, 4.234334599438264, 4.348101786987052, 3.924461717229511, 2.4204411870566074, 3.7337313816074125, 2.9450221272513386, 4.102862695728435, 4.127003617638346, 2.662861382047515, 2.6541122056160322, 4.793171256068367, 4.785780265536645, 6.151127172315656, 5.044396053047382, 5.137840933699681], [5.660447480544272, 4.6676642049316275, 3.6489360942609013, 3.068483565215887, 2.690931890628226, 4.049049505748232, 4.816331626871222, 1.7599684940361857, 2.6031874404276003, 0.0, 1.8181640025036245, 2.782339319709226, 3.324278790956017, 6.485598512088148, 6.201557522913094, 5.374137882488688, 5.373573660982047, 4.398815272320491, 4.395392874362882, 3.1386616781679417, 4.056809773701499, 2.6732853457870895, 4.270264091364842, 4.735884650200002, 4.577573909834772, 5.02761769926871, 5.83032908933964, 2.4011189454085775, 2.4155633980502356, 3.7321005399104674, 2.95024408142784, 4.312703395783207, 3.6980819204014406, 2.9935772497131254], [7.312331150871109, 6.437003778933177, 5.344375864401754, 4.78505785231485, 4.058113332572169, 5.156096705842511, 5.800381492626153, 2.734433433089934, 2.781066894197261, 1.8181640025036245, 0.0, 1.5291611589364933, 2.557552052256219, 8.163360929176168, 7.80899629209798, 6.889705359447529, 7.1753005379565815, 6.16810556167775, 5.960277461662335, 4.707767336009714, 5.730322102639606, 4.448274278863658, 5.054732840615812, 6.0025576482029726, 5.289712028078656, 6.215117142097967, 6.719853508075902, 1.0953925004307814, 1.0953938241564083, 2.1405745163390133, 2.1721513206956833, 3.4938822676215064, 2.791105453041859, 2.8842504762936243], [7.894545276961809, 7.1310069849916715, 6.262226949736013, 5.8415056706297905, 5.371243257384643, 6.583391442865903, 7.226560877070087, 4.143398953757651, 4.309054506501397, 2.782339319709226, 1.5291611589364933, 0.0, 1.5228523795824729, 8.637712276407452, 8.524785331021537, 7.34352632255104, 7.952569428807271, 6.678316543111745, 7.001980063524888, 5.521550778540391, 6.816751417647558, 5.31292560742196, 6.542370526040237, 7.3721071512831395, 6.713783813171228, 7.538876700145718, 8.18564955516665, 2.148061838029809, 2.1621066717440187, 1.0970951690714896, 1.0967593218204257, 2.157979705650635, 2.170437435172919, 2.1803729451632807], [8.324639136923595, 7.4228826779089, 6.759373348173631, 6.151376648360918, 5.887357132024522, 7.166763770349906, 7.5866096551753595, 4.796337542333734, 5.108231342646885, 3.324278790956017, 2.557552052256219, 1.5228523795824729, 0.0, 8.940521173846635, 9.07426561821947, 7.86896260888308, 8.151566448848957, 6.792511258731928, 7.630505047505047, 6.167300064858202, 7.0139806686360355, 5.400071860632967, 7.31140155715715, 7.9727483931201535, 7.0179382342679535, 7.716295515984338, 8.60609916338407, 3.480019475520216, 2.7637030972953665, 2.1338822647934443, 2.1560803278171248, 1.0948874736702399, 1.0946960902460556, 1.0937753471348675], [1.0944664910357012, 2.1590319381611747, 3.4702975837815404, 4.677351533720766, 5.9218289522747956, 6.6406717386119904, 7.653988417811984, 6.753323698742716, 7.876346600423321, 6.485598512088148, 8.163360929176168, 8.637712276407452, 8.940521173846635, 0.0, 1.7719781516711766, 1.771994458230612, 2.4732565758529788, 2.4730818385164692, 3.7525972898780386, 3.7509565726624987, 4.8535914805430425, 4.830298026002122, 7.306418342115375, 6.064183402569549, 8.354789249286902, 7.302512479277252, 8.31603908901347, 8.350536004952017, 8.897747362675567, 9.638144924206111, 8.084583406706866, 9.549198010304321, 9.626407622264914, 8.108827491690768], [1.0946652593373007, 2.1684675372253097, 2.7816635112824124, 4.19840991805231, 5.165016138406539, 5.61233140593105, 6.782084798201803, 6.080268978425214, 7.063502897288285, 6.201557522913094, 7.80899629209798, 8.524785331021537, 9.07426561821947, 1.7719781516711766, 0.0, 1.7747288835199586, 2.502748916691405, 3.0650335251021317, 2.5583411559055214, 3.1055674296334317, 4.39329147792404, 4.727557679182772, 6.1316228993635935, 4.89897986217539, 7.5698865784105385, 6.620873043640091, 7.306370380702034, 7.802840933916313, 8.517628866063607, 9.450049466008101, 8.032236376626376, 9.795279277794993, 9.698741537952232, 8.37822681478605], [1.0947435590127945, 2.16841006038987, 2.7815921771532217, 4.2000209582810415, 5.162387561971689, 6.007272697322804, 7.239318867131078, 5.736896427512004, 6.783274154123508, 5.374137882488688, 6.889705359447529, 7.34352632255104, 7.86896260888308, 1.771994458230612, 1.7747288835199586, 0.0, 3.0652067157045053, 2.5021305361631314, 3.109364864405591, 2.556047192443833, 4.742479939862688, 4.39711850875093, 6.472937245949477, 5.57842843639676, 7.826746803110473, 7.117925733667077, 7.952684432944638, 6.937365881226101, 7.730203012211257, 8.27212495916255, 6.710970512526486, 8.467248736159815, 8.62297841525769, 7.176461460218399], [2.1462905604787066, 1.0962525347747205, 2.162089445420795, 2.7559495677533725, 4.123176543637199, 4.6953365342646105, 5.4379254969151605, 5.230530486480315, 6.352167959051461, 5.373573660982047, 7.1753005379565815, 7.952569428807271, 8.151566448848957, 2.4732565758529788, 2.502748916691405, 3.0652067157045053, 0.0, 1.7652030733034656, 2.5105111451654625, 3.0669208923609363, 2.55122747123811, 3.0634090862958545, 5.5712262258860035, 4.14739423373279, 6.181651472705332, 4.940850762773553, 6.104605097792977, 7.476083861220392, 7.660514905670506, 8.981564701654161, 7.7029434224846804, 8.959000739479825, 8.593946617241699, 7.311920755861623], [2.146026961620007, 1.096249903078673, 2.1619406698612247, 2.7586276207563785, 4.120004786404986, 5.158609380443532, 5.995828661661372, 4.8294070215710745, 6.040770603987541, 4.398815272320491, 6.16810556167775, 6.678316543111745, 6.792511258731928, 2.4730818385164692, 3.0650335251021317, 2.5021305361631314, 1.7652030733034656, 0.0, 3.067232785427281, 2.5120707334786574, 3.1118830537152258, 2.527376208640099, 5.942834041936558, 4.927643771621483, 6.492236549910977, 5.586367546984355, 6.8613035561764795, 6.572838761904935, 6.779348190644879, 7.73984956442953, 6.321379819311603, 7.492860098787378, 7.365803937792535, 5.905435491985329], [2.7487943902736705, 2.159587722228481, 1.0969548121960173, 2.161972735720781, 2.7289565624978347, 3.0764305192869217, 4.349001556679418, 3.768336197846471, 4.664609245156554, 4.395392874362882, 5.960277461662335, 7.001980063524888, 7.630505047505047, 3.7525972898780386, 2.5583411559055214, 3.109364864405591, 2.5105111451654625, 3.067232785427281, 0.0, 1.7563897090338465, 2.507342669042267, 3.071960159246861, 3.602445642893172, 2.4867069831405546, 5.090464849107594, 4.381903354707861, 4.926769823119403, 5.931004221040481, 6.484928715876528, 7.879107091542798, 6.782140206454007, 8.527136737498699, 8.054344947293975, 7.0639636203763105], [2.74649092661891, 2.1593616510441227, 1.0962803884043537, 2.1676325103670133, 2.726026978956738, 3.7438943374513123, 5.028065324754642, 3.1930507308841807, 4.234334599438264, 3.1386616781679417, 4.707767336009714, 5.521550778540391, 6.167300064858202, 3.7509565726624987, 3.1055674296334317, 2.556047192443833, 3.0669208923609363, 2.5120707334786574, 1.7563897090338465, 0.0, 3.075665087424182, 2.5434284008007775, 4.152252369497789, 3.6379862245478614, 5.463911636364557, 5.097761322384562, 5.8357267962097055, 4.749174077668663, 5.423207303800953, 6.436630289988699, 5.169352064814313, 6.980741222105286, 6.737626785449013, 5.605580767413845], [4.181765012527605, 2.7727108702495467, 2.1677594654389125, 1.0967485992696775, 2.088998587840595, 2.5609736742106506, 3.000735659800776, 3.3548365921457335, 4.348101786987052, 4.056809773701499, 5.730322102639606, 6.816751417647558, 7.0139806686360355, 4.8535914805430425, 4.39329147792404, 4.742479939862688, 2.55122747123811, 3.1118830537152258, 2.507342669042267, 3.075665087424182, 0.0, 1.7491411549672027, 3.6048679989702817, 2.4263831601789523, 3.658087218752445, 2.5024725632861595, 3.825883690077365, 6.0829532145167775, 5.915337172976702, 7.769455001478547, 6.905644331993938, 7.996375612738562, 7.178101897437791, 6.32365624381971], [4.167757111444955, 2.7468298181722144, 2.16929381596869, 1.0939951599527304, 2.1120679487175598, 3.356831890339461, 3.9310413378645612, 2.7310913020256207, 3.924461717229511, 2.6732853457870895, 4.448274278863658, 5.31292560742196, 5.400071860632967, 4.830298026002122, 4.727557679182772, 4.39711850875093, 3.0634090862958545, 2.527376208640099, 3.071960159246861, 2.5434284008007775, 1.7491411549672027, 0.0, 4.188764196036821, 3.6140207719380912, 4.176155042619946, 3.6054870309016507, 4.953427010666452, 4.980778751360072, 4.759692222192523, 6.334030651962461, 5.358444186515336, 6.333921235695942, 5.6743755330432615, 4.642698711956227], [6.304628395869181, 5.393778849749033, 3.9507998114305916, 3.3610653221858096, 2.1001076758109334, 1.0959834350937974, 2.1463505701539067, 2.5552276160843284, 2.4204411870566074, 4.270264091364842, 5.054732840615812, 6.542370526040237, 7.31140155715715, 7.306418342115375, 6.1316228993635935, 6.472937245949477, 5.5712262258860035, 5.942834041936558, 3.602445642893172, 4.152252369497789, 3.6048679989702817, 4.188764196036821, 0.0, 1.7600971933390497, 2.506095917956853, 3.066574284115746, 2.4745307716817746, 4.835353618919717, 5.051283739803179, 7.112318092577131, 6.819408385629943, 8.36460885576845, 7.312442221310197, 7.131818002445098], [5.1549934723528015, 4.216914048211086, 3.016294358977585, 2.576049077560441, 2.09275522218916, 1.0956899013863364, 2.1618263991356934, 3.292497173878817, 3.7337313816074125, 4.735884650200002, 6.0025576482029726, 7.3721071512831395, 7.9727483931201535, 6.064183402569549, 4.89897986217539, 5.57842843639676, 4.14739423373279, 4.927643771621483, 2.4867069831405546, 3.6379862245478614, 2.4263831601789523, 3.6140207719380912, 1.7600971933390497, 0.0, 3.0775408916860876, 2.5240508255579956, 2.493663323305694, 5.954861728873308, 6.128875553476346, 8.120282360854208, 7.508741023633721, 9.01299776434012, 8.074460814816058, 7.55983939313528], [7.514575520945943, 6.231122540120681, 5.059573903008039, 3.773872770775401, 2.7448603935355256, 2.1707471755135375, 1.0949214309711908, 3.0678743553150936, 2.9450221272513386, 4.577573909834772, 5.289712028078656, 6.713783813171228, 7.0179382342679535, 8.354789249286902, 7.5698865784105385, 7.826746803110473, 6.181651472705332, 6.492236549910977, 5.090464849107594, 5.463911636364557, 3.658087218752445, 4.176155042619946, 2.506095917956853, 3.0775408916860876, 0.0, 1.7681769905753213, 1.773552866423778, 5.503209555341319, 4.851469658773515, 7.30975057987617, 7.284589936297031, 8.111277366728375, 6.701552359714875, 6.7842592764427865], [6.590261755803027, 5.253802588601897, 4.379289005078336, 3.101521578193516, 2.746789924621102, 2.1708551794166278, 1.0947111080097796, 3.715120182443631, 4.102862695728435, 5.02761769926871, 6.215117142097967, 7.538876700145718, 7.716295515984338, 7.302512479277252, 6.620873043640091, 7.117925733667077, 4.940850762773553, 5.586367546984355, 4.381903354707861, 5.097761322384562, 2.5024725632861595, 3.6054870309016507, 3.066574284115746, 2.5240508255579956, 1.7681769905753213, 0.0, 1.7732223605628257, 6.523644458429659, 5.975940014759184, 8.308210113496168, 7.949500259135791, 8.79081339296882, 7.535198776409286, 7.243888868556723], [7.4884841890732465, 6.346224535895337, 5.238530199397537, 4.2336898256721645, 3.4131613805971726, 2.1601050090215517, 1.0942658315053064, 4.189614078886025, 4.127003617638346, 5.83032908933964, 6.719853508075902, 8.18564955516665, 8.60609916338407, 8.31603908901347, 7.306370380702034, 7.952684432944638, 6.104605097792977, 6.8613035561764795, 4.926769823119403, 5.8357267962097055, 3.825883690077365, 4.953427010666452, 2.4745307716817746, 2.493663323305694, 1.773552866423778, 1.7732223605628257, 0.0, 6.773660332493799, 6.424641837487908, 8.801549702751215, 8.629320061858872, 9.699951000391703, 8.383669720355163, 8.312756867610167], [7.424452035672397, 6.694763707555331, 5.476778389710505, 5.107261395307665, 4.219942003155968, 5.149031241893954, 5.956351249716557, 2.8846482783868117, 2.662861382047515, 2.4011189454085775, 1.0953925004307814, 2.148061838029809, 3.480019475520216, 8.350536004952017, 7.802840933916313, 6.937365881226101, 7.476083861220392, 6.572838761904935, 5.931004221040481, 4.749174077668663, 6.0829532145167775, 4.980778751360072, 4.835353618919717, 5.954861728873308, 5.503209555341319, 6.523644458429659, 6.773660332493799, 0.0, 1.773333882831995, 2.4004191196538995, 2.5170284642808474, 4.28551063118504, 3.750779985549672, 3.888264528038184], [8.048450668917589, 7.037698434857805, 5.906787273129108, 5.09817711147818, 4.224554770623763, 5.16469401513778, 5.538986413595903, 2.8853879236594864, 2.6541122056160322, 2.4155633980502356, 1.0953938241564083, 2.1621066717440187, 2.7637030972953665, 8.897747362675567, 8.517628866063607, 7.730203012211257, 7.660514905670506, 6.779348190644879, 6.484928715876528, 5.423207303800953, 5.915337172976702, 4.759692222192523, 5.051283739803179, 6.128875553476346, 4.851469658773515, 5.975940014759184, 6.424641837487908, 1.773333882831995, 0.0, 2.5105833047321893, 3.074996434144274, 3.7472767832120435, 2.5474189565126504, 3.184161996507087], [8.866051407475597, 8.150023041071725, 7.211112278976109, 6.797697324094387, 6.184467485564138, 7.285790385400887, 7.901829971595188, 4.871864195562106, 4.793171256068367, 3.7321005399104674, 2.1405745163390133, 1.0970951690714896, 2.1338822647934443, 9.638144924206111, 9.450049466008101, 8.27212495916255, 8.981564701654161, 7.73984956442953, 7.879107091542798, 6.436630289988699, 7.769455001478547, 6.334030651962461, 7.112318092577131, 8.120282360854208, 7.30975057987617, 8.308210113496168, 8.801549702751215, 2.4004191196538995, 2.5105833047321893, 0.0, 1.7565111158202218, 2.4295296211406847, 2.5095223947994563, 3.061337673305576], [7.373900163414202, 6.788946879303151, 6.027266546287795, 5.868807392477624, 5.566740290331497, 6.843140802292468, 7.662983355064789, 4.45882248581394, 4.785780265536645, 2.95024408142784, 2.1721513206956833, 1.0967593218204257, 2.1560803278171248, 8.084583406706866, 8.032236376626376, 6.710970512526486, 7.7029434224846804, 6.321379819311603, 6.782140206454007, 5.169352064814313, 6.905644331993938, 5.358444186515336, 6.819408385629943, 7.508741023633721, 7.284589936297031, 7.949500259135791, 8.629320061858872, 2.5170284642808474, 3.074996434144274, 1.7565111158202218, 0.0, 2.495717023221984, 3.0726278866794137, 2.508310628690155], [8.996347524412338, 8.190372594088746, 7.629333876558294, 7.121410015579779, 6.930103423470677, 8.23216241700806, 8.67811723244161, 5.848480101701638, 6.151127172315656, 4.312703395783207, 3.4938822676215064, 2.157979705650635, 1.0948874736702399, 9.549198010304321, 9.795279277794993, 8.467248736159815, 8.959000739479825, 7.492860098787378, 8.527136737498699, 6.980741222105286, 7.996375612738562, 6.333921235695942, 8.36460885576845, 9.01299776434012, 8.111277366728375, 8.79081339296882, 9.699951000391703, 4.28551063118504, 3.7472767832120435, 2.4295296211406847, 2.495717023221984, 0.0, 1.770662280052297, 1.7658846083478954], [8.987696515236815, 7.960980849116521, 7.221802552687245, 6.409685769208971, 6.012094850382852, 7.179237144014676, 7.3963660110895, 4.891920756717141, 5.044396053047382, 3.6980819204014406, 2.791105453041859, 2.170437435172919, 1.0946960902460556, 9.626407622264914, 9.698741537952232, 8.62297841525769, 8.593946617241699, 7.365803937792535, 8.054344947293975, 6.737626785449013, 7.178101897437791, 5.6743755330432615, 7.312442221310197, 8.074460814816058, 6.701552359714875, 7.535198776409286, 8.383669720355163, 3.750779985549672, 2.5474189565126504, 2.5095223947994563, 3.0726278866794137, 1.770662280052297, 0.0, 1.7751918149878905], [7.566645610176282, 