{"total energy": -60.66959451, "HOMO-LUMO gap/eV": 1.5948912, "electronic energy": -61.28864549, "dipole": [-1.81620197, 1.3310463, 0.46721804], "partial charges": [-0.14908986, 0.14378186, -0.15816895, -0.09748472, 0.28181346, -0.38126596, -0.14214159, 0.04960362, 0.05873015, -0.06995463, 0.22215273, -0.32555249, -0.00597458, -0.00932339, -0.01600901, -0.01792992, -0.00994815, -0.00850214, 0.21433382, -0.36467285, 0.10766573, 0.095879, 0.08926878, 0.21986146, 0.08006389, 0.05937209, 0.05810024, 0.07539144], "atomic dipole moments": [[0.01376836, -0.01050165, -0.08032416], [0.09093816, -0.00576543, 0.17005317], [-0.00511424, -0.13011163, -0.00435944], [0.04319304, -0.0968718, -0.08154015], [-0.02490193, -0.00926234, 0.0444905], [-0.00428987, 0.09863776, 0.15438871], [-0.03172306, -0.01727521, -0.08331178], [0.11230966, 0.10020304, 0.01989105], [0.12229425, -0.16893013, -0.03767837], [0.1009499, -0.12284999, -0.10706468], [0.03321363, -0.0266856, -0.00344294], [0.02584396, 0.17697117, 0.03848929], [0.06750662, -0.03716606, -0.00388918], [0.03281474, 0.02989011, 0.01041055], [0.01803233, 0.00180789, 0.00171822], [0.01630228, -0.00855041, -0.00133973], [0.02378278, -0.03676074, -0.00899198], [0.06801883, 0.00718437, 0.00759773], [0.0456391, 0.01948473, 0.01598296], [-0.03853207, -0.17601774, -0.06172431], [0.00419172, -0.0338529, -0.13971923], [-0.01668901, 0.12274702, -0.05017006], [-0.00598434, 0.0107294, 0.13522735], [-0.01437868, 0.12390082, 0.04739051], [-0.03114146, -0.14878441, -0.04113907], [-0.14297525, -0.05008577, -0.02430807], [-0.11889828, 0.09532753, 0.01611782], [0.01855806, 0.15009315, 0.04136702]], "atomic quadrupole moments": [[-0.24161039, -0.1169742, 0.31410392, 0.09034972, -0.37481021, -0.07249353], [0.09921932, 0.12875628, 0.2189599, 0.09386474, -0.17668088, -0.31817922], [0.18091293, 0.41605391, 0.10705871, 0.10116467, 0.06601193, -0.28797164], [0.23431027, 0.03036001, -0.06582145, -0.03569183, 0.12881054, -0.16848882], [-0.14706042, -0.16502061, 0.23625033, 0.11300964, -0.34637755, -0.08918991], [-0.09357207, -0.07713699, 0.11080425, 0.04567975, -0.13435062, -0.01723218], [0.04965169, -9.43e-05, -0.07437377, 0.01169576, -0.03795492, 0.02472208], [-0.04907598, -0.00105011, -0.27047923, 0.00591184, -0.14172963, 0.31955521], [-0.02133431, -0.21051571, -0.2136079, -0.0704319, -0.10940301, 0.23494221], [0.08570295, -0.33760716, 0.06306899, -0.02593029, -0.02665816, -0.14877194], [-0.3114726, 0.00408913, -0.20625635, -0.04024685, -0.15838833, 0.51772895], [-0.15341542, -0.00482356, -0.11157541, -0.02277904, -0.083063, 0.26499083], [-0.22729027, -0.10265811, -0.10412349, -0.07674713, -0.13482612, 0.33141375], [-0.26096735, 0.00394528, -0.25674739, -0.06431558, -0.21974733, 0.51771474], [-0.29893691, 0.00058846, -0.21494737, -0.06738973, -0.20940464, 0.51388428], [-0.28237862, 0.03728968, -0.22643161, -0.05682981, -0.20804632, 0.50881022], [-0.25845876, 0.00745631, -0.25649677, -0.06476031, -0.21717918, 0.51495554], [-0.14001293, 0.11720255, -0.19006998, -0.00970021, -0.13531525, 0.33008291], [-0.30168022, 0.01812807, -0.15042563, -0.0353539, -0.2428782, 0.45210584], [-0.14129582, 0.00895392, -0.07321349, -0.01323903, -0.10945958, 0.21450931], [-0.00232557, 0.00719427, 0.00671627, 0.00263742, -0.00382003, -0.00439069], [-0.01974772, -0.00426827, 0.04455158, -0.00278608, -0.0389485, -0.02480386], [-0.00645466, -0.0023629, -0.04690094, 0.00430582, 0.00146562, 0.0533556], [0.02335353, 0.03042794, 0.00177368, -0.01007493, 0.04593854, -0.02512721], [0.03710491, -0.00963576, 0.01683019, 0.00506142, 0.01946968, -0.0539351], [0.02577776, -0.00729713, 0.03343959, 0.00525339, 0.02583225, -0.05921735], [0.03021624, 0.00613677, 0.02895433, 0.00920329, 0.02550652, -0.05917058], [0.03994709, 0.00043555, 0.01453322, 0.00764149, 0.01965209, -0.05448031]], "number of molecular orbitals": 103, "number of electrons": 104, "number of unpaired electrons": 0, "orbital energies/eV": [-29.19446396, -29.08564242, -28.98864776, -20.23635072, -20.05528037, -19.8668757, -19.3804743, -19.0484617, -18.86322777, -18.62580577, -18.2334459, -18.06453366, -17.9758122, -17.46595786, -17.28022952, -17.00371637, -16.75791655, -16.49128763, -16.39779912, -16.08672227, -15.97503428, -15.90147959, -15.63909795, -15.54047118, -15.15928853, -15.12422199, -14.99665361, -14.82716537, -14.69793451, -14.63674523, -14.5026372, -14.28019791, -14.13236402, -14.05237357, -14.03577966, -13.88445205, -13.68751609, -13.54243876, -13.08169172, -12.67057869, -12.58249796, -12.27342905, -12.15974024, -12.12479322, -12.06014312, -12.04621362, -11.97408311, -11.75746802, -11.74805898, -11.59902274, -11.41542461, -11.22032113, -9.62542993, -7.93124071, -7.48059831, -6.79615637, -6.15266133, -5.57562211, -5.17790813, -4.6474848, -4.28701306, -2.88508241, -1.03141075, -0.29405815, -0.15404836, -0.10943188, 0.00282096, 0.0576124, 0.07143715, 0.08933171, 0.12628697, 0.13814765, 0.17713117, 0.1783223, 0.44786077, 0.81784336, 1.70095965, 1.91188447, 2.40032128, 2.58623097, 2.89639867, 2.95996239, 3.19632276, 3.23320636, 3.5702095, 3.70598341, 3.97849168, 4.47203642, 4.6624569, 5.48221233, 6.24752129, 7.32228259, 8.12819747, 8.82126274, 9.17891643, 9.61762003, 10.786742, 12.66138264, 14.31814606, 15.03130008, 15.70659914, 16.65205812, 18.8927145], "fractional occupation": [2.0, 2.0, 2.0, 2.0, 2.0, 2.0, 2.0, 2.0, 2.0, 2.0, 2.0, 2.0, 2.0, 2.0, 2.0, 2.0, 2.0, 2.0, 2.0, 2.0, 2.0, 2.0, 2.0, 2.0, 2.0, 2.0, 2.0, 2.0, 2.0, 2.0, 2.0, 2.0, 2.0, 2.0, 2.0, 2.0, 2.0, 2.0, 2.0, 2.0, 2.0, 2.0, 2.0, 2.0, 2.0, 2.0, 2.0, 2.0, 2.0, 2.0, 2.0, 2.0, 0.0, 0.0, 0.0, 0.0, 0.0, 0.0, 0.0, 0.0, 0.0, 0.0, 0.0, 0.0, 0.0, 0.0, 0.0, 0.0, 0.0, 0.0, 0.0, 0.0, 0.0, 0.0, 0.0, 0.0, 0.0, 0.0, 0.0, 0.0, 0.0, 0.0, 0.0, 0.0, 0.0, 0.0, 0.0, 0.0, 0.0, 0.0, 0.0, 0.0, 0.0, 0.0, 0.0, 0.0, 0.0, 0.0, 0.0, 0.0, 0.0, 0.0, 0.0], "program call": "xtb /home/svss/Project-DBcg-Debug/aqme2_20220329/End-to-End-workflows-final/example-3/QDESCP/mol_1019_rdkit_conf_1/mol_1019_rdkit_conf_1.xyz --pop --wbo --acc 0.2 --gfn 2 --chrg 0 --uhf 0 --etemp 300 --input /home/svss/Project-DBcg-Debug/aqme2_20220329/End-to-End-workflows-final/example-3/QDESCP/mol_1019_rdkit_conf_1/mol_1019_rdkit_conf_1_xtb.inp", "method": "GFN2-xTB", "xtb version": "6.3.3 (7355c4f)", "Dipole module/D": 5.845, "Total charge": 0, "Transition dipole module/D": NaN, "HOMO": -11.2203, "LUMO": -9.6254, "HOMO occupancy": 2.0, "LUMO occupancy": 0, "mulliken charges": [-0.1214, 0.19191, -0.13332, -0.09951, 0.48105, -0.51824, -0.30553, 0.10157, 0.04559, 0.0083, 0.37048, -0.47873, -0.03269, 0.01036, -0.01025, -0.01272, 0.00932, -0.03655, 0.36354, -0.50272, 0.06454, 0.07185, 0.05369, 0.25383, 0.06728, 0.04764, 0.04694, 0.06375], "cm5 charges": [-0.12574, 0.13849, -0.13894, -0.19073, 0.57071, -0.56191, -0.6459, 0.16535, 0.05228, 0.01299, 0.40484, -0.52446, -0.03394, -0.04032, -0.06525, -0.06773, -0.04149, -0.03782, 0.40112, -0.55377, 0.1272, 0.13095, 0.11439, 0.45438, 0.12706, 0.10285, 0.10216, 0.12325], "FUKUI+": [-0.01, 0.008, -0.027, 0.011, -0.013, -0.045, -0.013, -0.035, -0.027, -0.117, -0.036, -0.131, -0.023, -0.015, -0.027, -0.025, -0.016, -0.022, -0.041, -0.129, -0.01, -0.023, -0.019, -0.024, -0.041, -0.055, -0.054, -0.041], "FUKUI-": [-0.116, 0.021, -0.144, 0.012, -0.003, -0.046, -0.033, -0.023, -0.017, -0.134, -0.012, -0.076, -0.014, -0.013, -0.016, -0.016, -0.014, -0.013, -0.01, -0.062, -0.043, -0.034, -0.026, -0.028, -0.027, -0.042, -0.042, -0.029], "FUKUIrad": [-0.063, 0.015, -0.086, 0.012, -0.008, -0.045, -0.023, -0.029, -0.022, -0.126, -0.024, -0.103, -0.018, -0.014, -0.022, -0.021, -0.015, -0.017, -0.026, -0.095, -0.026, -0.029, -0.023, -0.026, -0.034, -0.048, -0.048, -0.035], "s proportion": [1.952, 1.085, 1.952, 1.05, 1.003, 1.73, 1.431, 1.049, 1.102, 1.946, 1.051, 1.735, 1.09, 1.071, 1.069, 1.068, 1.07, 1.085, 1.057, 1.736, 0.935, 0.928, 0.946, 0.746, 0.933, 0.952, 0.953, 0.936], "p proportion": [5.183, 2.723, 5.195, 3.049, 2.516, 4.789, 3.875, 2.85, 2.853, 5.054, 2.578, 4.744, 2.943, 2.918, 2.941, 2.945, 2.92, 2.952, 2.58, 4.766, 0.0, 0.0, 0.0, 0.0, 0.0, 0.0, 0.0, 0.0], "d proportion": [-0.014, 0.0, -0.014, 0.0, 0.0, 0.0, 0.0, 0.0, 0.0, -0.008, 0.0, 0.0, 0.0, 0.0, 0.0, 0.0, 0.0, 0.0, 0.0, 0.0, 0.0, 0.0, 0.0, 0.0, 0.0, 0.0, 0.0, 0.0], "Fermi-level/eV": -10.4229, "Coordination numbers": [1.061, 3.678, 1.068, 3.868, 2.752, 0.857, 2.693, 2.912, 2.861, 0.952, 2.857, 0.858, 2.973, 2.917, 2.911, 2.911, 2.917, 2.973, 2.836, 0.858, 0.924, 0.924, 0.924, 0.859, 0.925, 0.925, 0.925, 0.925], "Dispersion coefficient C6": [103.836, 18.461, 104.127, 22.312, 22.228, 21.31, 24.078, 26.887, 26.678, 101.333, 23.331, 20.248, 28.166, 28.251, 28.41, 28.457, 28.265, 28.226, 23.476, 20.987, 1.717, 1.823, 1.886, 1.01, 1.978, 2.206, 2.221, 2.027], "Total dispersion C6": 15713.473787, "Total dispersion C8": 450433.644415, "Polarizability alpha": [15.59, 6.155, 15.612, 6.717, 7.72, 6.189, 7.288, 8.503, 8.466, 15.4, 7.917, 6.033, 8.705, 8.716, 8.74, 8.747, 8.718, 8.715, 7.94, 6.142, 2.049, 2.112, 2.148, 1.575, 2.2, 2.323, 2.331, 2.227], "Total polarizability alpha": 194.976257, "Wiberg matrix": [[0.0, 0.9677356118761565, 0.0, 0.0, 0.0, 0.0, 0.0, 0.0, 0.0, 0.0, 0.0, 0.0, 0.0, 0.0, 0.0, 0.0, 0.0, 0.0, 0.0, 0.0, 0.0, 0.0, 0.0, 0.0, 0.0, 0.0, 0.0, 0.0], [0.9677356118761565, 0.0, 0.9589771476542732, 1.0103010373782069, 0.0, 0.0, 0.0, 0.0, 0.0, 0.0, 0.0, 0.0, 0.0, 0.0, 0.0, 0.0, 0.0, 0.0, 0.0, 0.0, 0.9626819347300452, 0.0, 0.0, 0.0, 0.0, 0.0, 0.0, 0.0], [0.0, 0.9589771476542732, 0.0, 0.0, 0.0, 0.0, 0.0, 0.0, 0.0, 0.0, 0.0, 0.0, 0.0, 0.0, 0.0, 0.0, 0.0, 0.0, 0.0, 0.0, 0.0, 0.0, 0.0, 0.0, 0.0, 0.0, 0.0, 0.0], [0.0, 1.0103010373782069, 0.0, 0.0, 0.9693644860665949, 0.0, 0.0, 0.0, 0.0, 0.0, 0.0, 0.0, 0.0, 0.0, 0.0, 0.0, 0.0, 0.0, 0.0, 0.0, 0.0, 0.9384996361816116, 0.9617220195073484, 0.0, 0.0, 0.0, 0.0, 0.0], [0.0, 0.0, 0.0, 0.9693644860665949, 0.0, 1.7500061623898098, 1.1516583314307556, 0.0, 0.0, 0.0, 0.0, 0.0, 0.0, 0.0, 0.0, 0.0, 0.0, 0.0, 0.0, 0.0, 0.0, 0.0, 0.0, 0.0, 0.0, 0.0, 0.0, 0.0], [0.0, 0.0, 0.0, 0.0, 1.7500061623898098, 0.0, 0.14658808471944776, 0.0, 0.0, 0.0, 0.0, 0.0, 0.0, 0.0, 0.0, 0.0, 0.0, 0.0, 0.0, 0.0, 0.0, 0.0, 0.0, 0.0, 0.0, 0.0, 0.0, 0.0], [0.0, 0.0, 0.0, 0.0, 1.1516583314307556, 0.14658808471944776, 0.0, 1.1170756532295374, 0.0, 0.0, 0.0, 0.0, 0.0, 0.0, 0.0, 0.0, 0.0, 0.0, 0.0, 0.0, 0.0, 0.0, 0.0, 0.9017686457569839, 0.0, 0.0, 0.0, 0.0], [0.0, 0.0, 0.0, 0.0, 0.0, 0.0, 1.1170756532295374, 0.0, 1.595053914697882, 0.0, 0.0, 0.0, 0.0, 0.0, 0.0, 0.0, 0.0, 0.0, 1.0118518349451529, 0.0, 0.0, 0.0, 0.0, 0.0, 0.0, 0.0, 0.0, 0.0], [0.0, 0.0, 0.0, 0.0, 0.0, 0.0, 0.0, 1.595053914697882, 0.0, 1.0320008803797172, 1.0312354167941065, 0.0, 0.0, 0.0, 0.0, 0.0, 0.0, 0.0, 0.0, 0.0, 0.0, 0.0, 0.0, 0.0, 0.0, 0.0, 0.0, 0.0], [0.0, 0.0, 0.0, 0.0, 0.0, 0.0, 0.0, 0.0, 1.0320008803797172, 0.0, 0.0, 0.0, 0.0, 0.0, 0.0, 0.0, 0.0, 0.0, 0.0, 0.0, 0.0, 0.0, 0.0, 0.0, 0.0, 0.0, 0.0, 0.0], [0.0, 0.0, 0.0, 0.0, 0.0, 0.0, 0.0, 0.0, 1.0312354167941065, 0.0, 0.0, 1.782882295756929, 1.0273577453509541, 0.0, 0.0, 0.0, 0.0, 0.0, 0.0, 0.0, 0.0, 0.0, 0.0, 0.0, 0.0, 0.0, 0.0, 0.0], [0.0, 0.0, 0.0, 0.0, 0.0, 0.0, 0.0, 0.0, 0.0, 0.0, 1.782882295756929, 0.0, 0.0, 0.0, 0.0, 0.0, 0.0, 0.0, 0.0, 0.0, 0.0, 0.0, 0.0, 0.0, 0.0, 0.0, 0.0, 0.0], [0.0, 0.0, 0.0, 0.0, 0.0, 0.0, 0.0, 0.0, 0.0, 0.0, 1.0273577453509541, 0.0, 0.0, 1.3927954717729734, 0.0, 0.0, 0.0, 1.3367397218726969, 0.0, 0.0, 0.0, 0.0, 0.0, 0.0, 0.0, 0.0, 0.0, 0.0], [0.0, 0.0, 0.0, 0.0, 0.0, 0.0, 0.0, 0.0, 0.0, 0.0, 0.0, 0.0, 1.3927954717729734, 0.0, 1.4336366660933377, 0.0, 0.0, 0.0, 0.0, 0.0, 0.0, 0.0, 0.0, 0.0, 0.9629717188481289, 0.0, 0.0, 0.0], [0.0, 0.0, 0.0, 0.0, 0.0, 0.0, 0.0, 0.0, 0.0, 0.0, 0.0, 0.0, 0.0, 1.4336366660933377, 0.0, 1.4320542176551112, 0.0, 0.0, 0.0, 0.0, 0.0, 0.0, 0.0, 0.0, 0.0, 0.9683059375701163, 0.0, 0.0], [0.0, 0.0, 0.0, 0.0, 0.0, 0.0, 0.0, 0.0, 0.0, 0.0, 0.0, 0.0, 0.0, 0.0, 1.4320542176551112, 0.0, 1.4379633760718173, 0.0, 0.0, 0.0, 0.0, 0.0, 0.0, 0.0, 0.0, 0.0, 0.9684747415577543, 0.0], [0.0, 0.0, 0.0, 0.0, 0.0, 0.0, 0.0, 0.0, 0.0, 0.0, 0.0, 0.0, 0.0, 0.0, 0.0, 1.4379633760718173, 0.0, 1.3825998394206889, 0.0, 0.0, 0.0, 0.0, 0.0, 0.0, 0.0, 0.0, 0.0, 0.9640290375389445], [0.0, 0.0, 0.0, 0.0, 0.0, 0.0, 0.0, 0.0, 0.0, 0.0, 0.0, 0.0, 1.3367397218726969, 0.0, 0.0, 0.0, 1.3825998394206889, 0.0, 1.0482777811419228, 0.0, 0.0, 0.0, 0.0, 0.0, 0.0, 0.0, 0.0, 0.0], [0.0, 0.0, 0.0, 0.0, 0.0, 0.0, 0.0, 1.0118518349451529, 0.0, 0.0, 0.0, 0.0, 0.0, 0.0, 0.0, 0.0, 0.0, 1.0482777811419228, 0.0, 1.7466770241053278, 0.0, 0.0, 0.0, 0.0, 0.0, 0.0, 0.0, 0.0], [0.0, 0.0, 0.0, 0.0, 0.0, 0.0, 0.0, 0.0, 0.0, 0.0, 0.0, 0.0, 0.0, 0.0, 0.0, 0.0, 0.0, 0.0, 1.7466770241053278, 0.0, 0.0, 0.0, 0.0, 0.0, 0.0, 0.0, 0.0, 0.0], [0.0, 0.9626819347300452, 0.0, 0.0, 0.0, 0.0, 0.0, 0.0, 0.0, 0.0, 0.0, 0.0, 0.0, 0.0, 0.0, 0.0, 0.0, 0.0, 0.0, 0.0, 0.0, 0.0, 0.0, 0.0, 0.0, 0.0, 0.0, 0.0], [0.0, 0.0, 0.0, 0.9384996361816116, 0.0, 0.0, 0.0, 0.0, 0.0, 0.0, 0.0, 0.0, 0.0, 0.0, 0.0, 0.0, 0.0, 0.0, 0.0, 0.0, 0.0, 0.0, 0.0, 0.0, 0.0, 0.0, 0.0, 0.0], [0.0, 0.0, 0.0, 0.9617220195073484, 0.0, 0.0, 0.0, 0.0, 0.0, 0.0, 0.0, 0.0, 0.0, 0.0, 0.0, 0.0, 0.0, 0.0, 0.0, 0.0, 0.0, 0.0, 0.0, 0.0, 0.0, 0.0, 0.0, 0.0], [0.0, 0.0, 0.0, 0.0, 0.0, 0.0, 0.9017686457569839, 0.0, 0.0, 0.0, 0.0, 0.0, 0.0, 0.0, 0.0, 0.0, 0.0, 0.0, 0.0, 0.0, 0.0, 0.0, 0.0, 0.0, 0.0, 0.0, 0.0, 0.0], [0.0, 0.0, 0.0, 0.0, 0.0, 0.0, 0.0, 0.0, 0.0, 0.0, 0.0, 0.0, 0.0, 0.9629717188481289, 0.0, 0.0, 0.0, 0.0, 0.0, 0.0, 0.0, 0.0, 0.0, 0.0, 0.0, 0.0, 0.0, 0.0], [0.0, 0.0, 0.0, 0.0, 0.0, 0.0, 0.0, 0.0, 0.0, 0.0, 0.0, 0.0, 0.0, 0.0, 0.9683059375701163, 0.0, 0.0, 0.0, 0.0, 0.0, 0.0, 0.0, 0.0, 0.0, 0.0, 0.0, 0.0, 0.0], [0.0, 0.0, 0.0, 0.0, 0.0, 0.0, 0.0, 0.0, 0.0, 0.0, 0.0, 0.0, 0.0, 0.0, 0.0, 0.9684747415577543, 0.0, 0.0, 0.0, 0.0, 0.0, 0.0, 0.0, 0.0, 0.0, 0.0, 0.0, 0.0], [0.0, 0.0, 0.0, 0.0, 0.0, 0.0, 0.0, 0.0, 0.0, 0.0, 0.0, 0.0, 0.0, 0.0, 0.0, 0.0, 0.9640290375389445, 0.0, 0.0, 0.0, 0.0, 0.0, 0.0, 0.0, 0.0, 0.0, 0.0, 0.0]], "Born radii": [], "Atomic SASAs": [], "Solvent H bonds": [], "Total SASA": NaN, "Total FOD": 0.0, "FOD": [0.0, 0.0, 0.0, 0.0, 0.0, 0.0, 0.0, 0.0, 0.0, 0.0, 0.0, 0.0, 0.0, 0.0, 0.0, 0.0, 0.0, 0.0, 0.0, 0.0, 0.0, 0.0, 0.0, 0.0, 0.0, 0.0, 0.0, 0.0], "FOD s proportion": [0.0, 0.0, 0.0, 0.0, 0.0, 0.0, 0.0, 0.0, 0.0, 0.0, 0.0, 0.0, 0.0, 0.0, 0.0, 0.0, 0.0, 0.0, 0.0, 0.0, 0.0, 0.0, 0.0, 0.0, 0.0, 0.0, 0.0, 0.0], "FOD p proportion": [0.0, 0.0, 0.0, 0.0, 0.0, 0.0, 0.0, 0.0, 0.0, 0.0, 0.0, 0.0, 0.0, 0.0, 0.0, 0.0, 0.0, 0.0, 0.0, 0.0, 0.0, 0.0, 0.0, 0.0, 0.0, 0.0, 0.0, 0.0], "FOD d proportion": [0.0, 0.0, 0.0, 0.0, 0.0, 0.0, 0.0, 0.0, 0.0, 0.0, 0.0, 0.0, 0.0, 0.0, 0.0, 0.0, 0.0, 0.0, 0.0, 0.0, 0.0, 0.0, 0.0, 0.0, 0.0, 0.0, 0.0, 0.0], "coordinates": [["5.50450", "-0.99760", "0.69560"], ["5.14530", "0.49430", "-0.22160"], ["6.48270", "1.65340", "0.04470"], ["3.83980", "1.11480", "0.24870"], ["2.66190", "0.30350", "-0.23440"], ["2.69880", "-0.34880", "-1.27110"], ["1.53540", "0.47850", "0.54830"], ["0.30750", "-0.14960", "0.36330"], ["0.08260", "-1.44010", "0.06240"], ["1.33230", "-2.64470", "0.02330"], ["-1.29750", "-1.97710", "-0.12490"], ["-1.52260", "-3.15450", "-0.38420"], ["-2.42930", "-1.04380", "0.01550"], ["-3.73720", "-1.49830", "-0.20550"], ["-4.81700", "-0.62570", "-0.06030"], ["-4.59670", "0.70030", "0.30810"], ["-3.29620", "1.15480", "0.53050"], ["-2.21230", "0.27870", "0.38150"], ["-0.84690", "0.76610", "0.61560"], ["-0.63740", "1.91310", "1.00520"], ["5.14130", "0.24340", "-1.28600"], ["3.71710", "2.12070", "-0.17210"], ["3.81400", "1.20580", "1.34150"], ["1.45330", "1.39650", "0.99030"], ["-3.92090", "-2.53380", "-0.49010"], ["-5.83040", "-0.98250", "-0.23320"], ["-5.43830", "1.38040", "0.42270"], ["-3.13380", "2.19240", "0.81830"]], "bond_dist": [[0.0, 1.787748888966233, 2.89971499461585, 2.7263857870814983, 3.261615546013969, 3.487234265144801, 4.237254218240865, 5.276204724041705, 5.476654827538431, 4.535656351621009, 6.9209713552362, 7.4295571913809235, 7.963030383591413, 9.299016108707415, 10.355822356046863, 10.250232294928734, 9.061589499640776, 7.827937323458843, 6.592216596107868, 6.803746193090979, 2.366164364535989, 3.69749874104103, 2.8513064759860525, 4.714953270182006, 9.623095140857748, 11.37290004616237, 11.20152803192493, 9.209309538722218], [1.787748888966233, 0.0, 1.7897115018907381, 1.520043614505847, 2.4907517017960656, 2.79242369815184, 3.691120921888092, 4.915386460900098, 5.427107024004593, 4.944923256229564, 6.901220231958983, 7.602701533665516, 7.732821812249394, 9.103269754324542, 10.026357213863866, 9.758564550690844, 8.500637441392263, 7.385424207856986, 6.0565039354399826, 6.079280464824764, 1.0935786071426232, 2.1650363622812434, 2.172987241103822, 3.9891766631724894, 9.562293882745918, 11.074613460071642, 10.640154353203718, 8.515188337905393], [2.89971499461585, 1.7897115018907381, 0.0, 2.7049263150777327, 4.061851727968415, 4.478619618811136, 5.109773014528141, 6.44091686019933, 7.108539621469378, 6.708259217561587, 8.587246732800915, 9.34797762673831, 9.31125579500424, 10.697764670247706, 11.527729260353057, 11.123438476028895, 9.803646709770808, 8.809441487971869, 7.405151197646136, 7.189285663402172, 2.3575869973343506, 2.813168123308666, 3.0006658744352066, 5.123965391178985, 11.227357117327301, 12.595143065086637, 11.93011542274424, 9.66261094166582], [2.7263857870814983, 1.520043614505847, 2.7049263150777327, 0.0, 1.5096495321762595, 2.398707568671096, 2.4093354291173323, 3.7535295136710993, 4.547391949238596, 4.524621714574601, 6.007601339969223, 6.883517898574827, 6.634421678639367, 8.027796599939487, 8.835440424223346, 8.446885275650429, 7.141673980237406, 6.111023928933677, 4.71395419897139, 4.610303133200679, 2.19283932379917, 1.0972523593048227, 1.096885809918243, 2.5148971549548502, 8.607355685110265, 9.90674835352145, 9.283531600097024, 7.079319379714408], [3.261615546013969, 2.4907517017960656, 4.061851727968415, 1.5096495321762595, 0.0, 1.2253994409987299, 1.3828400269011596, 2.470980424851642, 3.1274621804268072, 3.244399588521734, 4.570555214632026, 5.430492085437562, 5.2723794191996465, 6.647992122438174, 7.5384128740736935, 7.289652285946155, 6.0670206287765325, 4.913020811069296, 3.639804417822474, 3.8746355712505403, 2.6938631980856047, 2.102271193257425, 2.150567485572122, 2.038443781417579, 7.172789528488899, 8.589118507157764, 8.197849355776185, 6.18597276020514], [3.487234265144801, 2.79242369815184, 4.478619618811136, 2.398707568671096, 1.2253994409987299, 0.0, 2.3126048538390642, 2.9033187372384726, 3.132676232871823, 2.96882980650626, 4.4649243017099405, 5.145751845940493, 5.3325204331535385, 6.624118779883102, 7.617739815063259, 7.537824865304314, 6.43790342580564, 5.2195542165974285, 4.168288304568195, 4.629034860529784, 2.5133103867210673, 2.8884539359318158, 3.2382296027304793, 3.1162914337397907, 7.014600066290308, 8.615454993208425, 8.489492769889141, 6.69645522347458], [4.237254218240865, 3.691120921888092, 5.109773014528141, 2.4093354291173323, 1.3828400269011596, 2.3126048538390642, 0.0, 1.3915721397038674, 2.4551481849371126, 3.1735237276566877, 3.8090014452609497, 4.839381081295417, 4.280200838745771, 5.681220242166291, 6.476313562513786, 6.140809530509801, 4.8787351936746886, 3.7567269757063797, 2.4005408432267923, 2.643462617477312, 4.052461389081949, 2.8241125845121684, 2.5199502951447275, 1.022168484155132, 6.318499469019524, 7.549852507830865, 7.032900586529004, 4.9811426249405875], [5.276204724041705, 4.915386460900098, 6.44091686019933, 3.7535295136710993, 2.470980424851642, 2.9033187372384726, 1.3915721397038674, 0.0, 1.3440651286303056, 2.718701721410423, 2.4807499853874835, 3.5968661734904734, 2.9001090876034303, 4.3014094457514735, 5.163972155230894, 4.977605316816511, 3.836152876255064, 2.55600551055744, 1.4949251285599554, 2.3578810211713397, 5.122524956503384, 4.131136333988507, 3.8845239927177695, 2.0239594487044448, 4.928698383954936, 6.222808937288691, 5.946313647967116, 4.18742578322291], [5.476654827538431, 5.427107024004593, 7.108539621469378, 4.547391949238596, 3.1274621804268072, 3.132676232871823, 2.4551481849371126, 1.3440651286303056, 0.0, 1.7361854912422232, 1.4926909593080546, 2.3906664259155854, 2.5434022312642566, 3.8296252675686167, 4.968338032984471, 5.151458933156704, 4.285896995962456, 2.884902816387408, 2.457095628989641, 3.5568556450887914, 5.499345461052615, 5.093513241368869, 4.7497610024084365, 3.284222352399423, 4.1868183851225265, 5.938042280078511, 6.210102507205497, 4.910363532367029], [4.535656351621009, 4.944923256229564, 6.708259217561587, 4.524621714574601, 3.244399588521734, 2.96882980650626, 3.1735237276566877, 2.718701721410423, 1.7361854912422232, 0.0, 2.7172598403538815, 2.9285502044527085, 4.088101785670215, 5.202539057998507, 6.472807771747899, 6.813455587291958, 6.0096975248343405, 4.60855334785223, 4.090634250333315, 5.061362122986262, 4.956195022393691, 5.332399962493436, 4.766847635492454, 4.157045518153488, 5.279392825884431, 7.3575112898316375, 7.886822853976119, 6.631410907190112], [6.9209713552362, 6.901220231958983, 8.587246732800915, 6.007601339969223, 4.570555214632026, 4.4649243017099405, 3.8090014452609497, 2.4807499853874835, 1.4926909593080546, 2.7172598403538815, 0.0, 1.226449045007578, 1.4736798465066963, 2.4875453543603987, 3.7705881994723316, 4.270910956692963, 3.772684516362321, 2.4863494605545697, 2.8768953491567952, 4.104450518644366, 6.909190900532421, 6.476141277026003, 6.197468323436596, 4.4935229653357736, 2.7065685821718986, 4.641997464454284, 5.359001460160278, 4.65256425855678], [7.4295571913809235, 7.602701533665516, 9.34797762673831, 6.883517898574827, 5.430492085437562, 5.145751845940493, 4.839381081295417, 3.5968661734904734, 2.3906664259155854, 2.9285502044527085, 1.226449045007578, 0.0, 2.331720281251591, 2.7711703827083602, 4.165670655488742, 4.978840541732583, 4.748936674667289, 3.5845285352469998, 4.102106152941437, 5.328656599932107, 7.534356698484616, 7.438224085089129, 7.104192856334913, 5.608639055956445, 2.4795818578945927, 4.826751064639651, 6.045586167610218, 5.71238227887455], [7.963030383591413, 7.732821812249394, 9.31125579500424, 6.634421678639367, 5.2723794191996465, 5.3325204331535385, 4.280200838745771, 2.9001090876034303, 2.5434022312642566, 4.088101785670215, 1.4736798465066963, 2.331720281251591, 0.0, 1.4021460908193555, 2.425214328672829, 2.7973420116246066, 2.4187977530169813, 1.389262844101144, 2.4778716229861466, 3.596341100340734, 7.78875923687464, 6.915741968147741, 6.767405045510428, 4.6882706715803, 2.1680871569196656, 3.4107316795667173, 3.885439290479263, 3.407902365092052], [9.299016108707415, 9.103269754324542, 10.697764670247706, 8.027796599939487, 6.647992122438174, 6.624118779883102, 5.681220242166291, 4.3014094457514735, 3.8296252675686167, 5.202539057998507, 2.4875453543603987, 2.7711703827083602, 1.4021460908193555, 0.0, 1.3958803100552712, 2.4158574399165196, 2.788389608716831, 2.4140459834062815, 3.762385767036655, 4.765732314135992, 9.112011928767433, 8.286426554914971, 8.168597630560583, 6.062268134122739, 1.0894967186733513, 2.155992386350193, 3.402247806965272, 3.8773089237253204], [10.355822356046863, 10.026357213863866, 11.527729260353057, 8.835440424223346, 7.5384128740736935, 7.617739815063259, 6.476313562513786, 5.163972155230894, 4.968338032984471, 6.472807771747899, 3.7705881994723316, 4.165670655488742, 2.425214328672829, 1.3958803100552712, 0.0, 1.3937455470780884, 2.4149653268732454, 2.7924162816457008, 4.260943799206932, 5.004982702267812, 10.071018527934502, 8.965828183163003, 8.933845560003823, 6.671560184094872, 2.1514108998515367, 1.0882004456900392, 2.154933850492864, 3.3980564753988425], [10.250232294928734, 9.758564550690844, 11.123438476028895, 8.446885275650429, 7.289652285946155, 7.537824865304314, 6.140809530509801, 4.977605316816511, 5.151458933156704, 6.813455587291958, 4.270910956692963, 4.978840541732583, 2.7973420116246066, 2.4158574399165196, 1.3937455470780884, 0.0, 1.3954684733092328, 2.422498189885805, 3.7629623875345874, 4.199153336090503, 9.878185887094856, 8.447922741124, 8.489011738712582, 6.128016912509299, 3.3990045145601084, 2.1556523884893872, 1.0880991361084704, 2.1509864853131924], [9.061589499640776, 8.500637441392263, 9.803646709770808, 7.141673980237406, 6.0670206287765325, 6.43790342580564, 4.8787351936746886, 3.836152876255064, 4.285896995962456, 6.0096975248343405, 3.772684516362321, 4.748936674667289, 2.4187977530169813, 2.788389608716831, 2.4149653268732454, 1.3954684733092328, 0.0, 1.4016388336515224, 2.481410927275045, 2.805276531823556, 8.678809161399966, 7.114280459751358, 7.156484195469169, 4.777822221472874, 3.8778401733439196, 3.4019786330898674, 2.156642902754186, 1.0889519548630235], [7.827937323458843, 7.385424207856986, 8.809441487971869, 6.111023928933677, 4.913020811069296, 5.2195542165974285, 3.7567269757063797, 2.55600551055744, 2.884902816387408, 4.60855334785223, 2.4863494605545697, 3.5845285352469998, 1.389262844101144, 2.4140459834062815, 2.7924162816457008, 2.422498189885805, 1.4016388336515224, 0.0, 1.468563491988004, 2.353842615809307, 7.540373684374004, 6.23355607338219, 6.172309624443673, 3.8803012305747604, 3.4042850600383043, 3.8806093774045336, 3.4091811817502453, 2.1684566354898593], [6.592216596107868, 6.0565039354399826, 7.405151197646136, 4.71395419897139, 3.639804417822474, 4.168288304568195, 2.4005408432267923, 1.4949251285599554, 2.457095628989641, 4.090634250333315, 2.8768953491567952, 4.102106152941437, 2.4778716229861466, 3.762385767036655, 4.260943799206932, 3.7629623875345874, 2.481410927275045, 1.468563491988004, 0.0, 1.2293443008368323, 6.304588574205299, 4.825506030459397, 4.737536882178333, 2.4142751065278376, 4.643424221412469, 5.349143450123581, 4.636327087253444, 2.702837507139488], [6.803746193090979, 6.079280464824764, 7.189285663402172, 4.610303133200679, 3.8746355712505403, 4.629034860529784, 2.643462617477312, 2.3578810211713397, 3.5568556450887914, 5.061362122986262, 4.104450518644366, 5.328656599932107, 3.596341100340734, 4.765732314135992, 5.004982702267812, 4.199153336090503, 2.805276531823556, 2.353842615809307, 1.2293443008368323, 0.0, 6.436681537873379, 4.5156177096826955, 4.519771337136426, 2.1536304371920454, 5.7264486333154165, 6.073333756677629, 4.865358809995415, 2.5189190260903587], [2.366164364535989, 1.0935786071426232, 2.3575869973343506, 2.19283932379917, 2.6938631980856047, 2.5133103867210673, 4.052461389081949, 5.122524956503384, 5.499345461052615, 4.956195022393691, 6.909190900532421, 7.534356698484616, 7.78875923687464, 9.112011928767433, 10.071018527934502, 9.878185887094856, 8.678809161399966, 7.540373684374004, 6.304588574205299, 6.436681537873379, 0.0, 2.6064102017909616, 3.097046221805545, 4.484699020001231, 9.511559571910382, 11.090059492175865, 10.776843733208716, 8.758079669653617], [3.69749874104103, 2.1650363622812434, 2.813168123308666, 1.0972523593048227, 2.102271193257425, 2.8884539359318158, 2.8241125845121684, 4.131136333988507, 5.093513241368869, 5.332399962493436, 6.476141277026003, 7.438224085089129, 6.915741968147741, 8.286426554914971, 8.965828183163003, 8.447922741124, 7.114280459751358, 6.23355607338219, 4.825506030459397, 4.5156177096826955, 2.6064102017909616, 0.0, 1.7712754105446162, 2.6458325419421387, 8.95011386799073, 10.039339604774806, 9.204519557804199, 6.922489715413089], [2.8513064759860525, 2.172987241103822, 3.0006658744352066, 1.096885809918243, 2.150567485572122, 3.2382296027304793, 2.5199502951447275, 3.8845239927177695, 4.7497610024084365, 4.766847635492454, 6.197468323436596, 7.104192856334913, 6.767405045510428, 8.168597630560583, 8.933845560003823, 8.489011738712582, 7.156484195469169, 6.172309624443673, 4.737536882178333, 4.519771337136426, 3.097046221805545, 1.7712754105446162, 0.0, 2.394287455590911, 8.784534405988742, 10.014129434953396, 9.299448042222721, 7.036976811102904], [4.714953270182006, 3.9891766631724894, 5.123965391178985, 2.5148971549548502, 2.038443781417579, 3.1162914337397907, 1.022168484155132, 2.0239594487044448, 3.284222352399423, 4.157045518153488, 4.4935229653357736, 5.608639055956445, 4.6882706715803, 6.062268134122739, 6.671560184094872, 6.128016912509299, 4.777822221472874, 3.8803012305747604, 2.4142751065278376, 2.1536304371920454, 4.484699020001231, 2.6458325419421387, 2.394287455590911, 0.0, 6.8206207847966445, 7.759438055684187, 6.914953328114371, 4.65881178198905], [9.623095140857748, 9.562293882745918, 11.227357117327301, 8.607355685110265, 7.172789528488899, 7.014600066290308, 6.318499469019524, 4.928698383954936, 4.1868183851225265, 5.279392825884431, 2.7065685821718986, 2.4795818578945927, 2.1680871569196656, 1.0894967186733513, 2.1514108998515367, 3.3990045145601084, 3.8778401733439196, 3.4042850600383043, 4.643424221412469, 5.7264486333154165, 9.511559571910382, 8.95011386799073, 8.784534405988742, 6.8206207847966445, 0.0, 2.473604566215061, 4.296122465665987, 4.966729649376942], [11.37290004616237, 11.074613460071642, 12.595143065086637, 9.90674835352145, 8.589118507157764, 8.615454993208425, 7.549852507830865, 6.222808937288691, 5.938042280078511, 7.3575112898316375, 4.641997464454284, 4.826751064639651, 3.4107316795667173, 2.155992386350193, 1.0882004456900392, 2.1556523884893872, 3.4019786330898674, 3.8806093774045336, 5.349143450123581, 6.073333756677629, 11.090059492175865, 10.039339604774806, 10.014129434953396, 7.759438055684187, 2.473604566215061, 0.0, 2.4833935713052013, 4.296195272563852], [11.20152803192493, 10.640154353203718, 11.93011542274424, 9.283531600097024, 8.197849355776185, 8.489492769889141, 7.032900586529004, 5.946313647967116, 6.210102507205497, 7.886822853976119, 5.359001460160278, 6.045586167610218, 3.885439290479263, 3.402247806965272, 2.154933850492864, 1.0880991361084704, 2.156642902754186, 3.4091811817502453, 4.636327087253444, 4.865358809995415, 10.776843733208716, 9.204519557804199, 9.299448042222721, 6.914953328114371, 4.296122465665987, 2.4833935713052013, 0.0, 2.475189610918727], [9.209309538722218, 8.515188337905393, 9.66261094166582, 7.079319379714408, 6.18597276020514, 6.69645522347458, 4.9811426249405875, 4.18742578322291, 4.910363532367029, 6.631410907190112, 4.65256425855678, 5.71238227887455, 3.407902365092052, 3.8773089237253204, 3.3980564753988425, 2.1509864853131924, 1.0889519548630235, 2.1684566354898593, 2.702837507139488, 2.5189190260903587, 8.758079669653617, 6.922489715413089, 7.036976811102904, 4.65881178198905, 4.966729649376942, 4.296195272563852, 2.475189610918727, 0.0]]}