{"total energy": -58.18081265, "HOMO-LUMO gap/eV": 2.80329954, "electronic energy": -59.00989108, "dipole": [-0.14730275, 1.03105866, -1.24270755], "partial charges": [-0.1083137, 0.00328766, -0.1048108, 0.00697003, -0.10670055, 0.24972324, -0.42120149, 0.10149375, -0.10486999, -0.28001071, 0.13667681, -0.0699446, -0.0351302, -0.05109793, 0.01632451, -0.03735109, -0.029759, -0.03207009, -0.03000495, -0.00197524, 0.03988255, 0.04448913, 0.04616109, 0.05266728, 0.0514468, 0.06850279, 0.04199411, 0.05521037, 0.03666627, 0.04380401, 0.03025527, 0.06670832, 0.04969108, 0.04183777, 0.03082568, 0.03135327, 0.0307428, 0.03216733, 0.02967009, 0.03110405, 0.04358431], "atomic dipole moments": [[-0.01048234, 0.02295235, 0.11889062], [0.07975372, -0.13852658, -0.00398031], [0.02706329, 0.0430797, -0.01642701], [-0.16123115, 0.0335999, 0.05399557], [-0.0196052, -0.0604371, -0.10565515], [-0.01933315, 0.01274141, -0.00512357], [-0.10058044, 0.13004191, -0.09848682], [-0.07774339, 0.10993186, 0.14610748], [0.0339717, 0.1226585, -0.05141421], [-0.07751442, -0.09776185, -0.2039338], [0.22634072, -0.08512074, 0.09062631], [0.00464805, 0.01046698, 0.00744099], [0.02181554, -0.02838174, -0.00695823], [0.01829448, 0.02580771, 0.03660642], [0.03070444, -0.0140521, 0.01114079], [0.00012373, -0.03675446, -0.03012848], [0.0201766, 0.00147424, 0.0163767], [-0.01588005, 0.01802659, 0.00570803], [-0.02409817, -0.02324508, -0.03313855], [-0.00157422, -0.03755557, -0.02362861], [-0.05150458, -0.11274971, -0.0309187], [0.11900554, -0.00498843, -0.04385577], [-0.06130328, 0.08925543, -0.06781616], [-0.12337881, 0.01377439, 0.03041355], [0.05066607, 0.11255238, 0.02347263], [0.06125191, -0.1134362, 0.00723421], [0.0515026, 0.05698015, -0.09704823], [-0.04721789, -0.05950169, 0.10734933], [-0.05134921, 0.11432347, -0.00059479], [0.12507312, 0.01485684, 0.01703803], [-0.02035733, 0.01258812, -0.12590717], [0.01957115, -0.02145777, 0.13011505], [0.06332851, -0.09443123, -0.06432907], [-0.12346066, -0.02416231, -0.00938321], [0.02939959, -0.12628003, -0.08161688], [-0.08690269, -0.05720713, -0.10947553], [-0.13211095, 0.05894719, -0.04242791], [-0.13003632, 0.07069124, -0.03157481], [-0.04821575, 0.12270238, 0.07269932], [0.08316779, 0.05886338, 0.11212458], [0.13413517, -0.05943942, 0.04651532]], "atomic quadrupole moments": [[-0.12912332, -0.0099478, -0.10690965, -0.01480486, 0.06637173, 0.23603296], [-0.13228642, -0.1361606, -0.01431045, 0.07964957, -0.1116703, 0.14659687], [0.02573147, -0.05492739, -0.02201846, 0.05727482, -0.01668017, -0.00371301], [0.20772095, 0.09880373, -0.1614334, 0.08870486, 0.11315153, -0.04628755], [-0.095065, 0.0335099, -0.02666746, 0.06778743, 0.17365888, 0.12173246], [-0.17680827, -0.07705184, -0.08378792, -0.09274019, 0.36703222, 0.26059619], [-0.10321472, -0.02973807, -0.00774832, -0.03512103, 0.11105277, 0.11096304], [0.04070086, -0.16387356, 0.13738898, -0.10869298, 0.1471382, -0.17808984], [-0.0781238, 0.08486024, 0.20325904, -0.02611934, -0.09645686, -0.12513524], [-0.00510884, -0.07095683, 0.02145874, -0.01415602, 0.06394467, -0.0163499], [0.15985508, -0.04074861, -0.07483915, -0.13642354, -0.3531084, -0.08501593], [-0.03102335, 0.13735066, -0.01211009, -0.22154831, -0.27900994, 0.04313344], [-0.05988418, 0.19303028, -0.01239506, -0.24592022, -0.32372921, 0.07227924], [-0.08602766, 0.21286262, -0.00561337, -0.21670199, -0.26319132, 0.09164103], [-0.06701015, 0.17939825, -0.00612077, -0.18530904, -0.22443164, 0.07313093], [-0.09621947, 0.20930587, 0.01189015, -0.24770576, -0.27747732, 0.08432933], [-0.05994797, 0.2001148, -0.00802993, -0.25078918, -0.32502802, 0.0679779], [-0.05233275, 0.19923426, -0.01476252, -0.24209609, -0.32340467, 0.06709527], [-0.07801164, 0.22851395, -0.01285908, -0.24069575, -0.3095005, 0.09087072], [-0.05684756, 0.137595, 0.01157287, -0.18361535, -0.2096813, 0.04527469], [-0.02114819, 0.05244753, 0.05294296, -0.00252303, 0.01190207, -0.03179477], [0.07586963, 0.00214812, -0.04738087, -0.02336659, 0.00949549, -0.02848876], [-0.01819898, -0.05189139, 0.02459215, 0.02677013, -0.03929516, -0.00639317], [0.03970899, 0.01535768, -0.03478647, -0.01996788, -0.01547178, -0.00492251], [-0.00527837, 0.03568346, 0.02202654, 0.01705154, -0.00138474, -0.01674818], [-0.01081573, -0.01558098, 0.03559849, 0.01833975, -0.00315943, -0.02478275], [-0.0148089, 0.02178286, -0.00655651, -0.00468382, -0.03870971, 0.02136541], [-0.02981157, 0.02946377, 0.00589337, -0.03468546, -0.03987761, 0.0239182], [-0.02548909, -0.05381957, 0.05433565, 0.01117375, -0.01196532, -0.02884655], [0.08460735, 0.00986689, -0.04598706, 0.00819163, 0.0104767, -0.03862029], [-0.01593897, 0.00094902, 0.00356415, 0.01615247, -0.01001891, 0.01237482], [-0.03167143, 0.00842065, -0.03556979, 0.03223158, -0.00233307, 0.06724122], [-0.00838782, -0.03847805, 0.01571859, -0.042668, 0.04342674, -0.00733077], [0.08248417, 0.00332038, -0.04015732, 0.03031907, -0.00844715, -0.04232685], [0.02789687, -0.04457198, -0.00334313, 0.02832691, 0.02700546, -0.02455374], [0.01073221, -0.03407754, 0.00450798, 0.02840082, 0.04041799, -0.01524018], [0.00678815, -0.03034855, 0.00525725, 0.02776871, 0.04131813, -0.01204541], [0.0097735, -0.02154441, -0.00344157, 0.03686353, 0.04023774, -0.00633193], [0.01464338, -0.02736019, -0.00374094, 0.03674269, 0.03719175, -0.01090244], [0.01266136, -0.03362848, 0.0027139, 0.0292762, 0.03793161, -0.01537525], [0.00297286, -0.02841291, 0.00777911, 0.02428989, 0.0441736, -0.01075197]], "number of molecular orbitals": 101, "number of electrons": 106, "number of unpaired electrons": 0, "orbital energies/eV": [-19.46842314, -18.75327158, -18.14164036, -18.00919527, -17.63709284, -17.4152738, -17.37113104, -17.13105634, -16.91828764, -16.77210213, -16.58956631, -16.42255136, -16.28563955, -16.14892809, -15.92258703, -15.77092004, -15.67202811, -15.33512406, -15.2173403, -15.0224087, -14.79023637, -14.68932478, -14.40648252, -14.26351063, -14.25069702, -13.99614137, -13.90315837, -13.81323259, -13.64328, -13.44971538, -13.36306615, -13.31442927, -13.19531428, -13.13621442, -13.02589326, -12.94411887, -12.8772485, -12.73388354, -12.60958447, -12.58794499, -12.36171611, -12.35523291, -12.1977929, -12.14481442, -12.0473986, -11.99689935, -11.4191793, -11.3202909, -11.15623479, -10.95297899, -10.68415418, -10.55635579, -9.89517585, -7.09187632, -6.1892378, -6.08786119, -5.13041084, -4.02212607, -1.58702911, -1.05107991, 0.23452481, 1.16909425, 2.18569467, 2.34913331, 2.8358641, 2.97058868, 3.11472925, 3.29186994, 3.37000721, 3.45441015, 3.5513727, 3.63597225, 4.02818516, 4.16297517, 4.53652652, 4.58498147, 4.67179327, 4.74639475, 4.86134464, 4.99214018, 5.03073375, 5.47791421, 5.90642064, 6.05671076, 6.39270567, 6.69848535, 6.83535504, 7.00526453, 7.49115597, 8.47365444, 9.35319421, 9.51731142, 10.75056797, 10.93158984, 12.05058144, 13.32380669, 14.38317599, 14.69376392, 14.98465022, 17.88481989, 18.55113422], "fractional occupation": [2.0, 2.0, 2.0, 2.0, 2.0, 2.0, 2.0, 2.0, 2.0, 2.0, 2.0, 2.0, 2.0, 2.0, 2.0, 2.0, 2.0, 2.0, 2.0, 2.0, 2.0, 2.0, 2.0, 2.0, 2.0, 2.0, 2.0, 2.0, 2.0, 2.0, 2.0, 2.0, 2.0, 2.0, 2.0, 2.0, 2.0, 2.0, 2.0, 2.0, 2.0, 2.0, 2.0, 2.0, 2.0, 2.0, 2.0, 2.0, 2.0, 2.0, 2.0, 2.0, 2.0, 0.0, 0.0, 0.0, 0.0, 0.0, 0.0, 0.0, 0.0, 0.0, 0.0, 0.0, 0.0, 0.0, 0.0, 0.0, 0.0, 0.0, 0.0, 0.0, 0.0, 0.0, 0.0, 0.0, 0.0, 0.0, 0.0, 0.0, 0.0, 0.0, 0.0, 0.0, 0.0, 0.0, 0.0, 0.0, 0.0, 0.0, 0.0, 0.0, 0.0, 0.0, 0.0, 0.0, 0.0, 0.0, 0.0, 0.0, 0.0], "program call": "xtb /home/svss/Project-DBcg-Debug/aqme2_20220329/End-to-End-workflows-final/example-3/QDESCP/mol_608_rdkit_conf_3/mol_608_rdkit_conf_3.xyz --pop --wbo --acc 0.2 --gfn 2 --chrg 0 --uhf 0 --etemp 300 --input /home/svss/Project-DBcg-Debug/aqme2_20220329/End-to-End-workflows-final/example-3/QDESCP/mol_608_rdkit_conf_3/mol_608_rdkit_conf_3_xtb.inp", "method": "GFN2-xTB", "xtb version": "6.3.3 (7355c4f)", "Dipole module/D": 4.121, "Total charge": 0, "Transition dipole module/D": NaN, "HOMO": -9.8952, "LUMO": -7.0919, "HOMO occupancy": 2.0, "LUMO occupancy": 0, "mulliken charges": [-0.09712, 0.08828, -0.27888, 0.10291, -0.09247, 0.45148, -0.54722, 0.19613, -0.09058, -0.42454, 0.24923, -0.10038, -0.02231, -0.06058, 0.01045, -0.0399, -0.02586, -0.03419, -0.022, -0.02264, 0.03362, 0.03752, 0.03686, 0.04049, 0.03612, 0.05376, 0.02159, 0.05211, 0.02751, 0.03253, 0.02223, 0.05919, 0.04126, 0.03304, 0.03577, 0.03079, 0.03112, 0.03094, 0.0296, 0.03078, 0.04336], "cm5 charges": [-0.24215, 0.03606, -0.53466, 0.05287, -0.23674, 0.54409, -0.59399, 0.16365, -0.23318, -0.50366, 0.26708, -0.15256, -0.0777, -0.11315, 0.00332, -0.0925, -0.08121, -0.08952, -0.07289, -0.02472, 0.08737, 0.09097, 0.08807, 0.11152, 0.10131, 0.12295, 0.08671, 0.10686, 0.08105, 0.08378, 0.09283, 0.11551, 0.09512, 0.08694, 0.09512, 0.08618, 0.08734, 0.08716, 0.08502, 0.08619, 0.10358], "FUKUI+": [0.008, 0.004, -0.029, 0.011, 0.006, -0.028, -0.069, 0.004, 0.013, -0.034, -0.046, -0.022, -0.027, -0.04, -0.015, -0.045, -0.029, -0.027, -0.043, -0.013, -0.004, -0.018, -0.013, 0.012, -0.017, -0.015, -0.022, -0.001, -0.004, -0.021, -0.021, -0.016, -0.025, -0.011, -0.052, -0.059, -0.058, -0.06, -0.062, -0.06, -0.052], "FUKUI-": [0.007, 0.007, -0.048, 0.01, 0.005, -0.005, -0.079, 0.001, 0.012, -0.057, -0.028, -0.027, -0.023, -0.042, -0.014, -0.032, -0.022, -0.027, -0.025, -0.012, -0.009, -0.021, -0.02, 0.003, -0.024, -0.024, -0.03, -0.008, -0.012, -0.029, -0.024, -0.02, -0.029, -0.018, -0.045, -0.053, -0.054, -0.049, -0.051, -0.05, -0.035], "FUKUIrad": [0.007, 0.005, -0.038, 0.01, 0.006, -0.017, -0.074, 0.003, 0.013, -0.045, -0.037, -0.024, -0.025, -0.041, -0.014, -0.038, -0.025, -0.027, -0.034, -0.013, -0.007, -0.019, -0.016, 0.007, -0.021, -0.019, -0.026, -0.005, -0.008, -0.025, -0.022, -0.018, -0.027, -0.015, -0.049, -0.056, -0.056, -0.054, -0.056, -0.055, -0.044], "s proportion": [1.013, 1.006, 1.45, 1.004, 1.011, 1.015, 1.734, 1.024, 1.014, 1.686, 1.027, 1.055, 1.059, 1.059, 1.072, 1.063, 1.06, 1.059, 1.066, 1.072, 0.966, 0.962, 0.963, 0.96, 0.964, 0.946, 0.978, 0.948, 0.972, 0.967, 0.978, 0.941, 0.959, 0.967, 0.964, 0.969, 0.969, 0.969, 0.97, 0.969, 0.957], "p proportion": [3.084, 2.906, 3.828, 2.893, 3.081, 2.533, 4.813, 2.78, 3.077, 4.739, 2.724, 3.045, 2.964, 3.001, 2.918, 2.977, 2.966, 2.975, 2.956, 2.951, 0.0, 0.0, 0.0, 0.0, 0.0, 0.0, 0.0, 0.0, 0.0, 0.0, 0.0, 0.0, 0.0, 0.0, 0.0, 0.0, 0.0, 0.0, 0.0, 0.0, 0.0], "d proportion": [0.0, 0.0, 0.0, 0.0, 0.0, 0.0, 0.0, 0.0, 0.0, 0.0, 0.0, 0.0, 0.0, 0.0, 0.0, 0.0, 0.0, 0.0, 0.0, 0.0, 0.0, 0.0, 0.0, 0.0, 0.0, 0.0, 0.0, 0.0, 0.0, 0.0, 0.0, 0.0, 0.0, 0.0, 0.0, 0.0, 0.0, 0.0, 0.0, 0.0, 0.0], "Fermi-level/eV": -8.4935, "Coordination numbers": [3.749, 3.737, 2.728, 3.742, 3.749, 2.751, 0.857, 3.732, 3.75, 1.703, 2.85, 2.909, 2.909, 2.919, 2.982, 2.919, 2.91, 2.908, 2.916, 2.978, 0.924, 0.924, 0.924, 0.925, 0.924, 0.924, 0.924, 0.924, 0.924, 0.924, 0.924, 0.924, 0.924, 0.924, 0.925, 0.925, 0.925, 0.925, 0.925, 0.925, 0.925], "Dispersion coefficient C6": [22.636, 20.606, 23.297, 20.534, 22.604, 22.806, 22.109, 18.995, 22.568, 18.648, 25.012, 29.743, 28.874, 29.269, 27.64, 28.929, 28.743, 28.799, 28.749, 28.07, 2.451, 2.39, 2.369, 2.287, 2.302, 2.102, 2.423, 2.256, 2.494, 2.399, 2.583, 2.122, 2.324, 2.425, 2.575, 2.567, 2.576, 2.556, 2.591, 2.571, 2.402], "Total dispersion C6": 17413.699632, "Total dispersion C8": 405182.082067, "Polarizability alpha": [6.786, 6.478, 7.169, 6.465, 6.781, 7.82, 6.304, 6.221, 6.775, 5.83, 8.197, 8.943, 8.811, 8.872, 8.624, 8.82, 8.791, 8.8, 8.792, 8.691, 2.448, 2.418, 2.407, 2.365, 2.373, 2.267, 2.434, 2.349, 2.47, 2.422, 2.513, 2.278, 2.384, 2.435, 2.509, 2.506, 2.51, 2.5, 2.517, 2.507, 2.423], "Total polarizability alpha": 205.003584, "Wiberg matrix": [[0.0, 1.0099718367271673, 0.0, 0.0, 0.0, 0.0, 0.0, 0.0, 0.0, 0.0, 0.0, 0.0, 0.0, 0.0, 0.0, 0.0, 0.0, 0.0, 0.0, 0.0, 0.985036648028985, 0.9853016416757524, 0.9836625865602141, 0.0, 0.0, 0.0, 0.0, 0.0, 0.0, 0.0, 0.0, 0.0, 0.0, 0.0, 0.0, 0.0, 0.0, 0.0, 0.0, 0.0, 0.0], [1.0099718367271673, 0.0, 0.9881747306774868, 0.0, 0.0, 0.0, 0.0, 0.0, 0.0, 0.0, 0.0, 0.0, 0.0, 0.0, 0.0, 0.0, 0.0, 0.0, 0.0, 0.0, 0.0, 0.0, 0.0, 0.9693379575294803, 0.9693355263990662, 0.0, 0.0, 0.0, 0.0, 0.0, 0.0, 0.0, 0.0, 0.0, 0.0, 0.0, 0.0, 0.0, 0.0, 0.0, 0.0], [0.0, 0.9881747306774868, 0.0, 0.9813375179462064, 0.0, 1.236382219658706, 0.20404992357618998, 0.0, 0.0, 0.0, 0.0, 0.0, 0.0, 0.0, 0.0, 0.0, 0.0, 0.0, 0.0, 0.0, 0.0, 0.0, 0.0, 0.0, 0.0, 0.0, 0.0, 0.0, 0.0, 0.0, 0.0, 0.0, 0.0, 0.0, 0.0, 0.0, 0.0, 0.0, 0.0, 0.0, 0.0], [0.0, 0.0, 0.9813375179462064, 0.0, 1.0110548573838853, 0.0, 0.0, 0.0, 0.0, 0.0, 0.0, 0.0, 0.0, 0.0, 0.0, 0.0, 0.0, 0.0, 0.0, 0.0, 0.0, 0.0, 0.0, 0.0, 0.0, 0.967412809762515, 0.9712813930087405, 0.0, 0.0, 0.0, 0.0, 0.0, 0.0, 0.0, 0.0, 0.0, 0.0, 0.0, 0.0, 0.0, 0.0], [0.0, 0.0, 0.0, 1.0110548573838853, 0.0, 0.0, 0.0, 0.0, 0.0, 0.0, 0.0, 0.0, 0.0, 0.0, 0.0, 0.0, 0.0, 0.0, 0.0, 0.0, 0.0, 0.0, 0.0, 0.0, 0.0, 0.0, 0.0, 0.9854870159868276, 0.9861573561237911, 0.9839045245188703, 0.0, 0.0, 0.0, 0.0, 0.0, 0.0, 0.0, 0.0, 0.0, 0.0, 0.0], [0.0, 0.0, 1.236382219658706, 0.0, 0.0, 0.0, 1.6955738597700756, 0.9318177731388096, 0.0, 0.0, 0.0, 0.0, 0.0, 0.0, 0.0, 0.0, 0.0, 0.0, 0.0, 0.0, 0.0, 0.0, 0.0, 0.0, 0.0, 0.0, 0.0, 0.0, 0.0, 0.0, 0.0, 0.0, 0.0, 0.0, 0.0, 0.0, 0.0, 0.0, 0.0, 0.0, 0.0], [0.0, 0.0, 0.20404992357618998, 0.0, 0.0, 1.6955738597700756, 0.0, 0.0, 0.0, 0.0, 0.0, 0.0, 0.0, 0.0, 0.0, 0.0, 0.0, 0.0, 0.0, 0.0, 0.0, 0.0, 0.0, 0.0, 0.0, 0.0, 0.0, 0.0, 0.0, 0.0, 0.0, 0.0, 0.0, 0.0, 0.0, 0.0, 0.0, 0.0, 0.0, 0.0, 0.0], [0.0, 0.0, 0.0, 0.0, 0.0, 0.9318177731388096, 0.0, 0.0, 1.0014011727739456, 0.9516078379096318, 0.0, 0.0, 0.0, 0.0, 0.0, 0.0, 0.0, 0.0, 0.0, 0.0, 0.0, 0.0, 0.0, 0.0, 0.0, 0.0, 0.0, 0.0, 0.0, 0.0, 0.9502276588464192, 0.0, 0.0, 0.0, 0.0, 0.0, 0.0, 0.0, 0.0, 0.0, 0.0], [0.0, 0.0, 0.0, 0.0, 0.0, 0.0, 0.0, 1.0014011727739456, 0.0, 0.0, 0.0, 0.0, 0.0, 0.0, 0.0, 0.0, 0.0, 0.0, 0.0, 0.0, 0.0, 0.0, 0.0, 0.0, 0.0, 0.0, 0.0, 0.0, 0.0, 0.0, 0.0, 0.9830275870446035, 0.9837872022681086, 0.9825439143219875, 0.0, 0.0, 0.0, 0.0, 0.0, 0.0, 0.0], [0.0, 0.0, 0.0, 0.0, 0.0, 0.0, 0.0, 0.9516078379096318, 0.0, 0.0, 1.0560512006168588, 0.0, 0.0, 0.0, 0.0, 0.0, 0.0, 0.0, 0.0, 0.0, 0.0, 0.0, 0.0, 0.0, 0.0, 0.0, 0.0, 0.0, 0.0, 0.0, 0.0, 0.0, 0.0, 0.0, 0.0, 0.0, 0.0, 0.0, 0.0, 0.0, 0.0], [0.0, 0.0, 0.0, 0.0, 0.0, 0.0, 0.0, 0.0, 0.0, 1.0560512006168588, 0.0, 1.4437513734992373, 0.0, 0.10871781932575512, 0.0, 0.0, 0.0, 0.0, 0.0, 1.2244532259486915, 0.0, 0.0, 0.0, 0.0, 0.0, 0.0, 0.0, 0.0, 0.0, 0.0, 0.0, 0.0, 0.0, 0.0, 0.0, 0.0, 0.0, 0.0, 0.0, 0.0, 0.0], [0.0, 0.0, 0.0, 0.0, 0.0, 0.0, 0.0, 0.0, 0.0, 0.0, 1.4437513734992373, 0.0, 1.3584174488852183, 0.0, 0.0, 0.0, 0.0, 0.0, 0.0, 0.0, 0.0, 0.0, 0.0, 0.0, 0.0, 0.0, 0.0, 0.0, 0.0, 0.0, 0.0, 0.0, 0.0, 0.0, 0.9639158735059106, 0.0, 0.0, 0.0, 0.0, 0.0, 0.0], [0.0, 0.0, 0.0, 0.0, 0.0, 0.0, 0.0, 0.0, 0.0, 0.0, 0.0, 1.3584174488852183, 0.0, 1.5191205356004107, 0.0, 0.0, 0.0, 0.0, 0.0, 0.0, 0.0, 0.0, 0.0, 0.0, 0.0, 0.0, 0.0, 0.0, 0.0, 0.0, 0.0, 0.0, 0.0, 0.0, 0.0, 0.971458937023598, 0.0, 0.0, 0.0, 0.0, 0.0], [0.0, 0.0, 0.0, 0.0, 0.0, 0.0, 0.0, 0.0, 0.0, 0.0, 0.10871781932575512, 0.0, 1.5191205356004107, 0.0, 1.289069946121591, 0.0, 0.0, 0.0, 0.0, 0.0, 0.0, 0.0, 0.0, 0.0, 0.0, 0.0, 0.0, 0.0, 0.0, 0.0, 0.0, 0.0, 0.0, 0.0, 0.0, 0.0, 0.9693684194287913, 0.0, 0.0, 0.0, 0.0], [0.0, 0.0, 0.0, 0.0, 0.0, 0.0, 0.0, 0.0, 0.0, 0.0, 0.0, 0.0, 0.0, 1.289069946121591, 0.0, 1.2969711557529093, 0.0, 0.0, 0.0, 1.2386229635359416, 0.0, 0.0, 0.0, 0.0, 0.0, 0.0, 0.0, 0.0, 0.0, 0.0, 0.0, 0.0, 0.0, 0.0, 0.0, 0.0, 0.0, 0.0, 0.0, 0.0, 0.0], [0.0, 0.0, 0.0, 0.0, 0.0, 0.0, 0.0, 0.0, 0.0, 0.0, 0.0, 0.0, 0.0, 0.0, 1.2969711557529093, 0.0, 1.516582403698873, 0.0, 0.1306347374964949, 0.0, 0.0, 0.0, 0.0, 0.0, 0.0, 0.0, 0.0, 0.0, 0.0, 0.0, 0.0, 0.0, 0.0, 0.0, 0.0, 0.0, 0.0, 0.9695294864944546, 0.0, 0.0, 0.0], [0.0, 0.0, 0.0, 0.0, 0.0, 0.0, 0.0, 0.0, 0.0, 0.0, 0.0, 0.0, 0.0, 0.0, 0.0, 1.516582403698873, 0.0, 1.364847776713196, 0.0, 0.0, 0.0, 0.0, 0.0, 0.0, 0.0, 0.0, 0.0, 0.0, 0.0, 0.0, 0.0, 0.0, 0.0, 0.0, 0.0, 0.0, 0.0, 0.0, 0.9711068723482813, 0.0, 0.0], [0.0, 0.0, 0.0, 0.0, 0.0, 0.0, 0.0, 0.0, 0.0, 0.0, 0.0, 0.0, 0.0, 0.0, 0.0, 0.0, 1.364847776713196, 0.0, 1.5129570080854478, 0.0, 0.0, 0.0, 0.0, 0.0, 0.0, 0.0, 0.0, 0.0, 0.0, 0.0, 0.0, 0.0, 0.0, 0.0, 0.0, 0.0, 0.0, 0.0, 0.0, 0.9709970874289172, 0.0], [0.0, 0.0, 0.0, 0.0, 0.0, 0.0, 0.0, 0.0, 0.0, 0.0, 0.0, 0.0, 0.0, 0.0, 0.0, 0.1306347374964949, 0.0, 1.5129570080854478, 0.0, 1.3071793880343336, 0.0, 0.0, 0.0, 0.0, 0.0, 0.0, 0.0, 0.0, 0.0, 0.0, 0.0, 0.0, 0.0, 0.0, 0.0, 0.0, 0.0, 0.0, 0.0, 0.0, 0.96895581633949], [0.0, 0.0, 0.0, 0.0, 0.0, 0.0, 0.0, 0.0, 0.0, 0.0, 1.2244532259486915, 0.0, 0.0, 0.0, 1.2386229635359416, 0.0, 0.0, 0.0, 1.3071793880343336, 0.0, 0.0, 0.0, 0.0, 0.0, 0.0, 0.0, 0.0, 0.0, 0.0, 0.0, 0.0, 0.0, 0.0, 0.0, 0.0, 0.0, 0.0, 0.0, 0.0, 0.0, 0.0], [0.985036648028985, 0.0, 0.0, 0.0, 0.0, 0.0, 0.0, 0.0, 0.0, 0.0, 0.0, 0.0, 0.0, 0.0, 0.0, 0.0, 0.0, 0.0, 0.0, 0.0, 0.0, 0.0, 0.0, 0.0, 0.0, 0.0, 0.0, 0.0, 0.0, 0.0, 0.0, 0.0, 0.0, 0.0, 0.0, 0.0, 0.0, 0.0, 0.0, 0.0, 0.0], [0.9853016416757524, 0.0, 0.0, 0.0, 0.0, 0.0, 0.0, 0.0, 0.0, 0.0, 0.0, 0.0, 0.0, 0.0, 0.0, 0.0, 0.0, 0.0, 0.0, 0.0, 0.0, 0.0, 0.0, 0.0, 0.0, 0.0, 0.0, 0.0, 0.0, 0.0, 0.0, 0.0, 0.0, 0.0, 0.0, 0.0, 0.0, 0.0, 0.0, 0.0, 0.0], [0.9836625865602141, 0.0, 0.0, 0.0, 0.0, 0.0, 0.0, 0.0, 0.0, 0.0, 0.0, 0.0, 0.0, 0.0, 0.0, 0.0, 0.0, 0.0, 0.0, 0.0, 0.0, 0.0, 0.0, 0.0, 0.0, 0.0, 0.0, 0.0, 0.0, 0.0, 0.0, 0.0, 0.0, 0.0, 0.0, 0.0, 0.0, 0.0, 0.0, 0.0, 0.0], [0.0, 0.9693379575294803, 0.0, 0.0, 0.0, 0.0, 0.0, 0.0, 0.0, 0.0, 0.0, 0.0, 0.0, 0.0, 0.0, 0.0, 0.0, 0.0, 0.0, 0.0, 0.0, 0.0, 0.0, 0.0, 0.0, 0.0, 0.0, 0.0, 0.0, 0.0, 0.0, 0.0, 0.0, 0.0, 0.0, 0.0, 0.0, 0.0, 0.0, 0.0, 0.0], [0.0, 0.9693355263990662, 0.0, 0.0, 0.0, 0.0, 0.0, 0.0, 0.0, 0.0, 0.0, 0.0, 0.0, 0.0, 0.0, 0.0, 0.0, 0.0, 0.0, 0.0, 0.0, 0.0, 0.0, 0.0, 0.0, 0.0, 0.0, 0.0, 0.0, 0.0, 0.0, 0.0, 0.0, 0.0, 0.0, 0.0, 0.0, 0.0, 0.0, 0.0, 0.0], [0.0, 0.0, 0.0, 0.967412809762515, 0.0, 0.0, 0.0, 0.0, 0.0, 0.0, 0.0, 0.0, 0.0, 0.0, 0.0, 0.0, 0.0, 0.0, 0.0, 0.0, 0.0, 0.0, 0.0, 0.0, 0.0, 0.0, 0.0, 0.0, 0.0, 0.0, 0.0, 0.0, 0.0, 0.0, 0.0, 0.0, 0.0, 0.0, 0.0, 0.0, 0.0], [0.0, 0.0, 0.0, 0.9712813930087405, 0.0, 0.0, 0.0, 0.0, 0.0, 0.0, 0.0, 0.0, 0.0, 0.0, 0.0, 0.0, 0.0, 0.0, 0.0, 0.0, 0.0, 0.0, 0.0, 0.0, 0.0, 0.0, 0.0, 0.0, 0.0, 0.0, 0.0, 0.0, 0.0, 0.0, 0.0, 0.0, 0.0, 0.0, 0.0, 0.0, 0.0], [0.0, 0.0, 0.0, 0.0, 0.9854870159868276, 0.0, 0.0, 0.0, 0.0, 0.0, 0.0, 0.0, 0.0, 0.0, 0.0, 0.0, 0.0, 0.0, 0.0, 0.0, 0.0, 0.0, 0.0, 0.0, 0.0, 0.0, 0.0, 0.0, 0.0, 0.0, 0.0, 0.0, 0.0, 0.0, 0.0, 0.0, 0.0, 0.0, 0.0, 0.0, 0.0], [0.0, 0.0, 0.0, 0.0, 0.9861573561237911, 0.0, 0.0, 0.0, 0.0, 0.0, 0.0, 0.0, 0.0, 0.0, 0.0, 0.0, 0.0, 0.0, 0.0, 0.0, 0.0, 0.0, 0.0, 0.0, 0.0, 0.0, 0.0, 0.0, 0.0, 0.0, 0.0, 0.0, 0.0, 0.0, 0.0, 0.0, 0.0, 0.0, 0.0, 0.0, 0.0], [0.0, 0.0, 0.0, 0.0, 0.9839045245188703, 0.0, 0.0, 0.0, 0.0, 0.0, 0.0, 0.0, 0.0, 0.0, 0.0, 0.0, 0.0, 0.0, 0.0, 0.0, 0.0, 0.0, 0.0, 0.0, 0.0, 0.0, 0.0, 0.0, 0.0, 0.0, 0.0, 0.0, 0.0, 0.0, 0.0, 0.0, 0.0, 0.0, 0.0, 0.0, 0.0], [0.0, 0.0, 0.0, 0.0, 0.0, 0.0, 0.0, 0.9502276588464192, 0.0, 0.0, 0.0, 0.0, 0.0, 0.0, 0.0, 0.0, 0.0, 0.0, 0.0, 0.0, 0.0, 0.0, 0.0, 0.0, 0.0, 0.0, 0.0, 0.0, 0.0, 0.0, 0.0, 0.0, 0.0, 0.0, 0.0, 0.0, 0.0, 0.0, 0.0, 0.0, 0.0], [0.0, 0.0, 0.0, 0.0, 0.0, 0.0, 0.0, 0.0, 0.9830275870446035, 0.0, 0.0, 0.0, 0.0, 0.0, 0.0, 0.0, 0.0, 0.0, 0.0, 0.0, 0.0, 0.0, 0.0, 0.0, 0.0, 0.0, 0.0, 0.0, 0.0, 0.0, 0.0, 0.0, 0.0, 0.0, 0.0, 0.0, 0.0, 0.0, 0.0, 0.0, 0.0], [0.0, 0.0, 0.0, 0.0, 0.0, 0.0, 0.0, 0.0, 0.9837872022681086, 0.0, 0.0, 0.0, 0.0, 0.0, 0.0, 0.0, 0.0, 0.0, 0.0, 0.0, 0.0, 0.0, 0.0, 0.0, 0.0, 0.0, 0.0, 0.0, 0.0, 0.0, 0.0, 0.0, 0.0, 0.0, 0.0, 0.0, 0.0, 0.0, 0.0, 0.0, 0.0], [0.0, 0.0, 0.0, 0.0, 0.0, 0.0, 0.0, 0.0, 0.9825439143219875, 0.0, 0.0, 0.0, 0.0, 0.0, 0.0, 0.0, 0.0, 0.0, 0.0, 0.0, 0.0, 0.0, 0.0, 0.0, 0.0, 0.0, 0.0, 0.0, 0.0, 0.0, 0.0, 0.0, 0.0, 0.0, 0.0, 0.0, 0.0, 0.0, 0.0, 0.0, 0.0], [0.0, 0.0, 0.0, 0.0, 0.0, 0.0, 0.0, 0.0, 0.0, 0.0, 0.0, 0.9639158735059106, 0.0, 0.0, 0.0, 0.0, 0.0, 0.0, 0.0, 0.0, 0.0, 0.0, 0.0, 0.0, 0.0, 0.0, 0.0, 0.0, 0.0, 0.0, 0.0, 0.0, 0.0, 0.0, 0.0, 0.0, 0.0, 0.0, 0.0, 0.0, 0.0], [0.0, 0.0, 0.0, 0.0, 0.0, 0.0, 0.0, 0.0, 0.0, 0.0, 0.0, 0.0, 0.971458937023598, 0.0, 0.0, 0.0, 0.0, 0.0, 0.0, 0.0, 0.0, 0.0, 0.0, 0.0, 0.0, 0.0, 0.0, 0.0, 0.0, 0.0, 0.0, 0.0, 0.0, 0.0, 0.0, 0.0, 0.0, 0.0, 0.0, 0.0, 0.0], [0.0, 0.0, 0.0, 0.0, 0.0, 0.0, 0.0, 0.0, 0.0, 0.0, 0.0, 0.0, 0.0, 0.9693684194287913, 0.0, 0.0, 0.0, 0.0, 0.0, 0.0, 0.0, 0.0, 0.0, 0.0, 0.0, 0.0, 0.0, 0.0, 0.0, 0.0, 0.0, 0.0, 0.0, 0.0, 0.0, 0.0, 0.0, 0.0, 0.0, 0.0, 0.0], [0.0, 0.0, 0.0, 0.0, 0.0, 0.0, 0.0, 0.0, 0.0, 0.0, 0.0, 0.0, 0.0, 0.0, 0.0, 0.9695294864944546, 0.0, 0.0, 0.0, 0.0, 0.0, 0.0, 0.0, 0.0, 0.0, 0.0, 0.0, 0.0, 0.0, 0.0, 0.0, 0.0, 0.0, 0.0, 0.0, 0.0, 0.0, 0.0, 0.0, 0.0, 0.0], [0.0, 0.0, 0.0, 0.0, 0.0, 0.0, 0.0, 0.0, 0.0, 0.0, 0.0, 0.0, 0.0, 0.0, 0.0, 0.0, 0.9711068723482813, 0.0, 0.0, 0.0, 0.0, 0.0, 0.0, 0.0, 0.0, 0.0, 0.0, 0.0, 0.0, 0.0, 0.0, 0.0, 0.0, 0.0, 0.0, 0.0, 0.0, 0.0, 0.0, 0.0, 0.0], [0.0, 0.0, 0.0, 0.0, 0.0, 0.0, 0.0, 0.0, 0.0, 0.0, 0.0, 0.0, 0.0, 0.0, 0.0, 0.0, 0.0, 0.9709970874289172, 0.0, 0.0, 0.0, 0.0, 0.0, 0.0, 0.0, 0.0, 0.0, 0.0, 0.0, 0.0, 0.0, 0.0, 0.0, 0.0, 0.0, 0.0, 0.0, 0.0, 0.0, 0.0, 0.0], [0.0, 0.0, 0.0, 0.0, 0.0, 0.0, 0.0, 0.0, 0.0, 0.0, 0.0, 0.0, 0.0, 0.0, 0.0, 0.0, 0.0, 0.0, 0.96895581633949, 0.0, 0.0, 0.0, 0.0, 0.0, 0.0, 0.0, 0.0, 0.0, 0.0, 0.0, 0.0, 0.0, 0.0, 0.0, 0.0, 0.0, 0.0, 0.0, 0.0, 0.0, 0.0]], "Born radii": [], "Atomic SASAs": [], "Solvent H bonds": [], "Total SASA": NaN, "Total FOD": 0.0, "FOD": [0.0, 0.0, 0.0, 0.0, 0.0, 0.0, 0.0, 0.0, 0.0, 0.0, 0.0, 0.0, 0.0, 0.0, 0.0, 0.0, 0.0, 0.0, 0.0, 0.0, 0.0, 0.0, 0.0, 0.0, 0.0, 0.0, 0.0, 0.0, 0.0, 0.0, 0.0, 0.0, 0.0, 0.0, 0.0, 0.0, 0.0, 0.0, 0.0, 0.0, 0.0], "FOD s proportion": [0.0, 0.0, 0.0, 0.0, 0.0, 0.0, 0.0, 0.0, 0.0, 0.0, 0.0, 0.0, 0.0, 0.0, 0.0, 0.0, 0.0, 0.0, 0.0, 0.0, 0.0, 0.0, 0.0, 0.0, 0.0, 0.0, 0.0, 0.0, 0.0, 0.0, 0.0, 0.0, 0.0, 0.0, 0.0, 0.0, 0.0, 0.0, 0.0, 0.0, 0.0], "FOD p proportion": [0.0, 0.0, 0.0, 0.0, 0.0, 0.0, 0.0, 0.0, 0.0, 0.0, 0.0, 0.0, 0.0, 0.0, 0.0, 0.0, 0.0, 0.0, 0.0, 0.0, 0.0, 0.0, 0.0, 0.0, 0.0, 0.0, 0.0, 0.0, 0.0, 0.0, 0.0, 0.0, 0.0, 0.0, 0.0, 0.0, 0.0, 0.0, 0.0, 0.0, 0.0], "FOD d proportion": [0.0, 0.0, 0.0, 0.0, 0.0, 0.0, 0.0, 0.0, 0.0, 0.0, 0.0, 0.0, 0.0, 0.0, 0.0, 0.0, 0.0, 0.0, 0.0, 0.0, 0.0, 0.0, 0.0, 0.0, 0.0, 0.0, 0.0, 0.0, 0.0, 0.0, 0.0, 0.0, 0.0, 0.0, 0.0, 0.0, 0.0, 0.0, 0.0, 0.0, 0.0], "coordinates": [["1.80000", "0.13110", "-2.78310"], ["1.73120", "0.43960", "-1.29530"], ["2.41490", "-0.58080", "-0.49820"], ["3.85150", "-0.39890", "-0.28740"], ["4.13700", "0.38060", "0.98700"], ["1.80250", "-1.69670", "0.07990"], ["2.46510", "-2.52280", "0.71660"], ["0.27870", "-1.88130", "-0.11340"], ["-0.14000", "-3.28000", "0.34070"], ["-0.37680", "-0.91210", "0.70700"], ["-1.58180", "-0.38310", "0.31280"], ["-2.37920", "-0.91180", "-0.70660"], ["-3.58740", "-0.30350", "-1.04320"], ["-4.01120", "0.83570", "-0.36340"], ["-3.23640", "1.38300", "0.66810"], ["-3.66870", "2.53060", "1.35410"], ["-2.90440", "3.08180", "2.38220"], ["-1.69780", "2.49260", "2.73840"], ["-1.25560", "1.35210", "2.06520"], ["-2.00800", "0.77170", "1.01990"], ["1.34120", "-0.83640", "-3.00980"], ["2.83680", "0.09620", "-3.13270"], ["1.27420", "0.90190", "-3.35500"], ["0.68700", "0.52450", "-0.99860"], ["2.19390", "1.41130", "-1.08950"], ["4.34180", "-1.37710", "-0.22950"], ["4.27780", "0.11960", "-1.15320"], ["3.73790", "-0.13790", "1.86490"], ["3.68050", "1.37500", "0.95160"], ["5.21570", "0.50410", "1.12340"], ["0.06940", "-1.75320", "-1.18060"], ["0.06120", "-3.42300", "1.40870"], ["0.39670", "-4.05400", "-0.21730"], ["-1.21360", "-3.44030", "0.20470"], ["-2.10020", "-1.80550", "-1.25320"], ["-4.20430", "-0.72180", "-1.83470"], ["-4.95850", "1.29230", "-0.64260"], ["-4.61150", "3.00580", "1.09180"], ["-3.25330", "3.96850", "2.90470"], ["-1.09830", "2.91460", "3.54060"], ["-0.30810", "0.90750", "2.36560"]], "bond_dist": [[0.0, 1.5210044477252525, 2.4709657282123527, 3.2738464747144147, 4.442687616747322, 3.396708419926562, 4.442234044937299, 3.673064870105074, 5.015708289962645, 4.243527128462831, 4.613628690087663, 4.781757553452496, 5.678046136656517, 6.334149879028756, 6.232444144154043, 7.265032951060855, 7.584084251905433, 6.949694190394279, 5.859483360331352, 5.419782408916432, 1.0945074600019864, 1.09471110800978, 1.0943801396224258, 2.139619781643458, 2.159247602754256, 3.9059297791947056, 2.9658386840824638, 5.042987349775924, 4.362516653263343, 5.202583756173465, 3.018868844451511, 5.7642206316205495, 5.105648101857393, 5.546497251419133, 4.615471114631744, 6.138283103604786, 7.183832399214224, 8.024093864730148, 8.52129969488223, 7.492476014642957, 5.617472230460957], [1.5210044477252525, 0.0, 1.4642507503839632, 2.49291330575293, 3.316662166998622, 2.541660170046342, 3.6554294658767525, 2.982150343292571, 4.473623766031292, 3.206238010503899, 3.773432111486836, 4.36671934179425, 5.376175032492896, 5.830993961581508, 5.42420435455745, 6.367929127275208, 6.4802788867455385, 5.678343569211007, 4.587656345019753, 4.410448740207736, 2.1725069044769456, 2.1717075493721523, 2.159845915800477, 1.0888491814755614, 1.0957398505119726, 3.354334641922299, 2.5705571322186165, 3.78777179618836, 3.118221169192461, 4.242170457442746, 2.7537442092540116, 5.002019068336305, 4.809928815481577, 5.0966136845949, 4.440931476616139, 6.072064111156931, 6.775337679407574, 7.246617979443928, 7.41204259701737, 6.125163186397567, 4.2166175674348265], [2.4709657282123527, 1.4642507503839632, 0.0, 1.4633331165527557, 2.4689547201194273, 1.3980222387358507, 2.291205595314397, 2.53036000007904, 3.8101112660918446, 3.0587343166741365, 4.08294222099701, 4.810029768099154, 6.033367681486021, 6.581747830173988, 6.095404647765397, 7.079690262292553, 7.071512950564398, 6.0692395248498805, 4.876442578355659, 4.867846368775416, 2.743409850897237, 2.752620362490985, 3.4148062931885312, 2.1113329107461944, 2.089722254272084, 2.1021981329075525, 2.09522828589154, 2.7442177428185253, 2.7438689910416643, 3.4133671367141276, 2.7095316514113654, 4.153826204838137, 4.026804476256577, 4.672988434610127, 4.738780760913086, 6.754252134026386, 7.608967244639709, 8.047490075793819, 8.025232092593958, 6.3931448317709805, 4.2226906505213], [3.2738464747144147, 2.49291330575293, 1.4633331165527557, 0.0, 1.5209292751472698, 2.4530787044039175, 2.7278328706135944, 3.8720389460851243, 4.962591970936156, 4.373868595419848, 5.466373438578817, 6.265813398115205, 7.477805026209229, 7.959401010754515, 7.370649514798544, 8.235890998550188, 8.055074267814046, 6.950609209270796, 5.88924427834336, 6.116623079772041, 3.7288703517285233, 3.061122700905666, 4.212448894645489, 3.3723186756295735, 2.582213432309576, 1.0957288624472752, 1.0955289042284553, 2.1710415127306986, 2.170502985485162, 2.1602794448867026, 4.115363305954895, 5.136955334631595, 5.029941655725244, 5.92853391488992, 6.191447818563927, 8.209404079468863, 8.977885301116293, 9.225862763449282, 8.929830245307018, 7.080493364872252, 5.103661638470952], [4.442687616747322, 3.316662166998622, 2.4689547201194273, 1.5209292751472698, 0.0, 3.2539047235590655, 3.3612642457860997, 4.605817045867106, 5.666606131539407, 4.703601144867621, 5.808825765161148, 6.855613842683964, 8.015987787540597, 8.271871578427703, 7.448055486501159, 8.104703257985452, 7.669705238143118, 6.447700132605423, 5.5844840630088655, 6.157521142472837, 5.027126105440363, 4.329356937236753, 5.226886408752346, 3.98319150556435, 3.0248689806337064, 2.1473994924093653, 2.160648439705081, 1.0949116265708387, 1.0947496380451558, 1.0942809968193732, 5.079070974105402, 5.590827263473626, 5.925019809249586, 6.621192525519856, 6.978552363492016, 8.874376729663892, 9.285198613923129, 9.134490151617658, 8.436061509377465, 6.352196080884153, 4.683703190852297], [3.396708419926562, 2.541660170046342, 1.3980222387358507, 2.4530787044039175, 3.2539047235590655, 0.0, 1.2356645418559198, 1.5470644750623679, 2.519555869592893, 2.3996249832005, 3.6377567070929855, 4.326807732035247, 5.679206094164923, 6.356781602351933, 5.934732052923703, 7.030482228837507, 7.091512895708504, 6.072063638500506, 4.752743748615109, 4.636432767764459, 3.2402407117373238, 3.821657449327451, 4.339396370464445, 2.709470785965407, 3.3437036830436995, 2.577967612286857, 3.3085633422982847, 3.059714954043922, 3.704333378625633, 4.193130945963887, 2.143755608739019, 2.7888970615639437, 2.7607000507117756, 3.4860543899945107, 4.125537581940081, 6.379480340121757, 7.427465802681288, 8.01728407005764, 8.101549217279372, 6.454081872737594, 4.057205256084538], [4.442234044937299, 3.6554294658767525, 2.291205595314397, 2.7278328706135944, 3.3612642457860997, 1.2356645418559198, 0.0, 2.4250293214722167, 2.7388316231561225, 3.2666255157272004, 4.595516308316183, 5.299817141185157, 6.682435542524896, 7.374848062163722, 6.9112030891878735, 7.972876535479526, 7.938343326538605, 6.824342371979882, 5.53869844458064, 5.563662889679784, 4.241833699003298, 4.670592294345547, 5.452039935657112, 3.9229565304754526, 4.337359733755087, 2.393686819531745, 3.7100284486779884, 2.937066689743357, 4.08965365281707, 4.110159389853392, 3.1513537551344504, 2.65858941169937, 2.7377036380879507, 3.8257916239649017, 5.023603827930702, 7.364348514974016, 8.456491566246608, 8.988017610129612, 8.923276072160942, 7.087885038571097, 4.709224705830037], [3.673064870105074, 2.982150343292571, 2.53036000007904, 3.8720389460851243, 4.605817045867106, 1.5470644750623679, 2.4250293214722167, 0.0, 1.5290121614951269, 1.4290154127930181, 2.426460370580983, 2.890717713648291, 4.27793292256903, 5.084076219924324, 4.860280315990016, 6.099211803175883, 6.402539072899126, 5.583038303647934, 4.189898567984671, 3.681273526919726, 3.2572772709734124, 4.423861927094922, 4.386934356700588, 2.595796904613302, 3.9321720473549986, 4.09590996727223, 4.591033180015148, 4.349618269457677, 4.828038724989683, 5.6208341373856605, 1.0950488299614771, 2.177368492010482, 2.178381164993859, 2.1814279497613485, 2.6389495807991485, 4.940101511102783, 6.146548091408705, 7.01785647402396, 7.470214966786432, 6.184537315757743, 3.7771921687941696], [5.015708289962645, 4.473623766031292, 3.8101112660918446, 4.962591970936156, 5.666606131539407, 2.519555869592893, 2.7388316231561225, 1.5290121614951269, 0.0, 2.407737597829132, 3.235984434449585, 3.423335386724473, 4.760178381111363, 5.693938245186717, 5.607000331728187, 6.873265280054307, 7.230638204888971, 6.441942012312746, 5.067032072130588, 4.512982332116978, 4.40351957529429, 5.685470274304492, 5.757295175687973, 4.117265323002636, 5.431469132748524, 4.902314523773439, 5.771132835934379, 5.218628791167273, 6.052969854542479, 6.604207340021965, 2.16548384662643, 1.096154386936439, 1.0947542600967584, 1.093987682746017, 2.925243835990429, 5.2721235655094425, 6.7149645144259695, 7.750467411711374, 8.295027735939163, 7.037809890868038, 4.654420895234981], [4.243527128462831, 3.206238010503899, 3.0587343166741365, 4.373868595419848, 4.703601144867621, 2.3996249832005, 3.2666255157272004, 1.4290154127930181, 2.407737597829132, 0.0, 1.3737756876579232, 2.4510958385995436, 3.7069591797051125, 4.1724602286900225, 3.666920967242136, 4.807028948321406, 5.014608061454055, 4.178948318656262, 2.782732168211666, 2.365143185940336, 4.095345739983378, 5.107562034865558, 4.745128133148778, 2.4707410548254547, 3.9030883028699215, 4.833057335683077, 5.117621526646925, 4.34406194016614, 4.663940271916011, 5.7840355851256655, 2.1141375097187978, 2.6436425060889, 3.365140167957347, 2.7100433151519923, 2.7587415899282774, 4.598500758943071, 5.260491841073418, 5.781928358255574, 6.076544569078713, 4.8159613889648245, 2.463050509023313], [4.613628690087663, 3.773432111486836, 4.08294222099701, 5.466373438578817, 5.808825765161148, 3.6377567070929855, 4.595516308316183, 2.426460370580983, 3.235984434449585, 1.3737756876579232, 0.0, 1.3980510756048936, 2.422293029342239, 2.8008399168820763, 2.446027076710313, 3.7321716185084526, 4.247024738566989, 3.7638599668425496, 2.48761557319454, 1.4195773631613038, 4.448491952336208, 5.623630917832357, 4.822936640678582, 2.7732582209379637, 4.409334092581328, 6.030850872803938, 6.061086985846681, 5.5469221681938174, 5.584870843627451, 6.902912606284394, 2.614168894696745, 3.625112111369799, 4.203685890977108, 3.08118949271219, 2.1781451558608302, 3.4064615350829954, 3.8886832231489357, 4.61200241760561, 5.333692943917939, 4.639751111859342, 2.7389683988684497], [4.781757553452496, 4.36671934179425, 4.810029768099154, 6.265813398115205, 6.855613842683964, 4.326807732035247, 5.299817141185157, 2.890717713648291, 3.423335386724473, 2.4510958385995436, 1.3980510756048936, 0.0, 1.3939424988140652, 2.415567529588026, 2.8090387982368634, 4.214191796774323, 5.075959164532355, 4.891039799470047, 3.7510792327009037, 2.4398286702143657, 4.376275992210729, 5.84026379626811, 4.863215172085233, 3.398500276592604, 5.143602786957795, 6.753959542372163, 6.75121370717888, 6.68060220863359, 6.685734482463388, 7.93953265753092, 2.6321610740986197, 4.090986640163959, 4.221191317625867, 2.92957391099798, 1.0841181900512509, 2.153996197768232, 3.393367250976528, 4.8543790138389475, 6.133748168126892, 5.85839138415999, 4.127677378381213], [5.678046136656517, 5.376175032492896, 6.033367681486021, 7.477805026209229, 8.015987787540597, 5.679206094164923, 6.682435542524896, 4.27793292256903, 4.760178381111363, 3.7069591797051125, 2.422293029342239, 1.3939424988140652, 0.0, 1.3926633189683715, 2.4281744047740887, 3.7129206549561498, 4.864165935697507, 5.068457549393109, 4.2237960604176905, 2.81192834368161, 5.33316003228855, 6.767282761936286, 5.51657166725857, 4.35408641623016, 6.030432191808477, 8.042818989011252, 7.877339947596523, 7.883177599166468, 7.721331471967772, 9.101700002197392, 3.9360761031768683, 5.390303870840678, 5.533661886129293, 4.126947430001986, 2.1241157783887394, 1.087204097674397, 2.1417220197775433, 4.069210279648866, 5.826450138806647, 6.128866849589735, 4.88264753284527], [6.334149879028756, 5.830993961581508, 6.581747830173988, 7.959401010754515, 8.271871578427703, 6.356781602351933, 7.374848062163722, 5.084076219924324, 5.693938245186717, 4.1724602286900225, 2.8008399168820763, 2.415567529588026, 1.3926633189683715, 0.0, 1.4013723916218699, 2.4371701848660465, 3.715950862161662, 4.209311156234473, 3.7091910546640756, 2.435246420796055, 6.200607803272192, 7.423677440460355, 6.073673201613665, 4.751148042315667, 6.273898515277403, 8.64216535655272, 8.357278519350663, 8.121685087467993, 7.82191270598183, 9.351802842767805, 4.901174900980376, 6.1531541391387234, 6.584838168854266, 5.141349955994047, 3.3792902331702734, 2.1512362840934047, 1.0880319342739901, 2.6809142358531353, 4.590133534005302, 5.296038861262255, 4.600602770289997], [6.232444144154043, 5.42420435455745, 6.095404647765397, 7.370649514798544, 7.448055486501159, 5.934732052923703, 6.9112030891878735, 4.860280315990016, 5.607000331728187, 3.666920967242136, 2.446027076710313, 2.8090387982368634, 2.4281744047740887, 1.4013723916218699, 0.0, 1.405156592697056, 2.436038638856125, 2.807960863331254, 2.4241311556926948, 1.4164806705352533, 6.277507987250992, 7.279127222407917, 6.063192490759303, 4.348330564711014, 5.707724304834635, 8.11498324151073, 7.8343164915645325, 7.237839977507101, 6.922712030700107, 8.50986237902823, 4.917494867307947, 5.875397018074609, 6.598811845324884, 5.250779207889053, 3.8921557497099215, 3.4104283147428855, 2.1660538751379197, 2.168847975308551, 3.418694987857209, 3.8946792448159324, 3.4179741646185686], [7.265032951060855, 6.367929127275208, 7.079690262292553, 8.235890998550188, 8.104703257985452, 7.030482228837507, 7.972876535479526, 6.099211803175883, 6.873265280054307, 4.807028948321406, 3.7321716185084526, 4.214191796774323, 3.7129206549561498, 2.4371701848660465, 1.405156592697056, 0.0, 1.3946202135348533, 2.408770910651322, 2.778052747879349, 2.441995769857106, 7.4484501891333075, 8.269172138128459, 7.018585819807292, 5.341512612547124, 6.44934820039979, 9.052404017718167, 8.674464625554709, 7.889203537113236, 7.450379738644198, 9.115508109809348, 6.224872540060559, 7.025701967063504, 7.896437948847568, 6.557460116539025, 5.297166105570034, 4.5862205093082915, 2.680257789840373, 1.0878824247132595, 2.155104157575684, 3.396350160098337, 3.8666805169292173], [7.584084251905433, 6.4802788867455385, 7.071512950564398, 8.055074267814046, 7.669705238143118, 7.091512895708504, 7.938343326538605, 6.402539072899126, 7.230638204888971, 5.014608061454055, 4.247024738566989, 5.075959164532355, 4.864165935697507, 3.715950862161662, 2.436038638856125, 1.3946202135348533, 0.0, 1.3892151165316333, 2.410579293447946, 2.8277121953975444, 7.9025992306329185, 8.502311850902672, 7.424831702469759, 5.555874898699574, 6.390299995305385, 8.90001014269085, 8.535670966010814, 7.399609224141502, 6.95130855379043, 8.611918412293512, 6.7018098510775435, 7.214908776277077, 8.280960276441373, 7.0808261735478295, 6.143986660955572, 5.825749615285573, 4.070755716080247, 2.1412843272204656, 1.086726437517741, 2.1521718356116453, 3.3865365404790775], [6.949694190394279, 5.678343569211007, 6.0692395248498805, 6.950609209270796, 6.447700132605423, 6.072063638500506, 6.824342371979882, 5.583038303647934, 6.441942012312746, 4.178948318656262, 3.7638599668425496, 4.891039799470047, 5.068457549393109, 4.209311156234473, 2.807960863331254, 2.408770910651322, 1.3892151165316333, 0.0, 1.3962375621648344, 2.4517265548996283, 7.304763188495572, 7.795841540847274, 6.963665274121094, 4.850346137132895, 5.564832161889521, 7.762717092616477, 7.515548876828625, 6.101587251691153, 5.776486379279362, 7.372844735921135, 6.042216023943533, 6.313200967021404, 7.482049471902735, 6.469419428356767, 5.8794948703098635, 6.126022626468172, 4.848097109175929, 3.385899214388993, 2.1507014553396298, 1.0867424211836032, 2.1407447162144297], [5.859483360331352, 4.587656345019753, 4.876442578355659, 5.88924427834336, 5.5844840630088655, 4.752743748615109, 5.53869844458064, 4.189898567984671, 5.067032072130588, 2.782732168211666, 2.48761557319454, 3.7510792327009037, 4.2237960604176905, 3.7091910546640756, 2.4241311556926948, 2.778052747879349, 2.410579293447946, 1.3962375621648344, 0.0, 1.4126648611755017, 6.106433287116137, 6.733734994785583, 5.998427804016648, 3.720952426462881, 4.674899675928886, 6.636645801155883, 6.518870329282521, 5.21490770196367, 5.060208748658497, 6.594225877993566, 4.683346104015803, 4.996652329310096, 6.0963775104565165, 5.141042891281885, 4.657849877357577, 5.3108486054490385, 4.587725502904462, 3.865785309610455, 3.3972215853547145, 2.1547516562239837, 1.088882716365725], [5.419782408916432, 4.410448740207736, 4.867846368775416, 6.116623079772041, 6.157521142472837, 4.636432767764459, 5.563662889679784, 3.681273526919726, 4.512982332116978, 2.365143185940336, 1.4195773631613038, 2.4398286702143657, 2.81192834368161, 2.435246420796055, 1.4164806705352533, 2.441995769857106, 2.8277121953975444, 2.4517265548996283, 1.4126648611755017, 0.0, 5.481022563354396, 6.416578063890442, 5.470789603887176, 3.3761627759928876, 4.744957337005255, 6.818966332223676, 6.682729955639387, 5.8785001462958215, 5.720810085119064, 7.229395804629872, 3.941181424395482, 4.693427550309049, 5.531783294743206, 4.363091381119584, 3.437650984320544, 3.899104653635242, 3.426423917147439, 3.431411469060509, 3.9144314235914264, 3.43125385099966, 2.172328276297116], [1.0945074600019864, 2.1725069044769456, 2.743409850897237, 3.7288703517285233, 5.027126105440363, 3.2402407117373238, 4.241833699003298, 3.2572772709734124, 4.40351957529429, 4.095345739983378, 4.448491952336208, 4.376275992210729, 5.33316003228855, 6.200607803272192, 6.277507987250992, 7.4484501891333075, 7.9025992306329185, 7.304763188495572, 6.106433287116137, 5.481022563354396, 0.0, 1.7668238536990608, 1.7735103411032034, 2.5149457031912235