{"total energy": -29.34102922, "HOMO-LUMO gap/eV": 3.5463706, "electronic energy": -29.72444963, "dipole": [0.23612344, -1.13822116, -0.32333411], "partial charges": [-0.10121211, -0.05216333, -0.05925005, -0.05774645, -0.03700506, -0.05143642, -0.10130413, 0.20811131, -0.33155083, 0.03465265, 0.03530638, 0.0338666, 0.02973609, 0.02899988, 0.03446557, 0.03991376, 0.04035744, 0.03293521, 0.056586, 0.0516918, 0.0342337, 0.04449895, 0.03635696, 0.02790056, 0.02205554], "atomic dipole moments": [[-0.0789235, -0.04153435, -0.05582324], [-0.0187259, 0.08528251, 0.07293676], [0.00287201, -0.0868397, -0.08218363], [-0.03931657, 0.09769089, 0.06456831], [0.0607884, 0.03796273, 0.03161965], [-0.06178338, 0.01362069, -0.11375696], [0.10573551, -0.02213461, -0.01122091], [-0.01021625, 0.01388017, 0.05968276], [0.02340998, -0.13074411, -0.0838577], [-0.01888346, -0.01320458, 0.12412572], [0.01493334, 0.12323648, -0.02503406], [0.10739033, -0.05750616, -0.0281755], [-0.00403825, -0.12072222, 0.02401776], [0.02852858, 0.0102709, -0.11958672], [0.01123853, 0.12431196, -0.02224137], [-0.0227016, -0.01041344, 0.12358736], [-0.00834159, -0.12027716, 0.02521704], [0.03043928, 0.00153002, -0.11973357], [-0.08271332, -0.06832362, -0.06715413], [0.06097463, 0.08715659, 0.074072], [0.02141038, -0.10746881, 0.05458477], [-0.0364269, 0.11647467, -0.04374382], [-0.03154729, -0.00479817, 0.12123781], [-0.0683216, -0.08623235, -0.0583624], [0.02235541, 0.0139363, -0.13459085]], "atomic quadrupole moments": [[0.09075497, 0.09933878, -0.06707493, 0.14102823, 0.08200415, -0.02368003], [0.21115954, -0.02931653, -0.10047159, 0.07540351, 0.1177484, -0.11068795], [0.20662158, -0.02666727, -0.09260349, 0.07077074, 0.13243191, -0.11401809], [0.21251002, -0.06117287, -0.10079936, 0.07012869, 0.0944963, -0.11171066], [-0.04159339, -0.11388202, 0.03500652, -0.10551832, -0.052929, 0.00658687], [0.12663835, -0.07122671, -0.21822137, -0.10773567, -0.0079213, 0.09158302], [0.22522672, -0.05247826, -0.12357391, -0.03287885, 0.0128268, -0.1016528], [0.71218339, 0.05491497, -0.28578533, 0.21483677, 0.03177604, -0.42639806], [0.28649551, 0.02986211, -0.15661198, 0.08223739, 0.0042979, -0.12988353], [-0.02899608, 0.01582985, -0.04230509, -0.02642683, -0.01419329, 0.07130117], [-0.04062745, 0.00589454, 0.07158705, 0.0115304, -0.0299386, -0.0309596], [0.04778263, -0.04790907, -0.01318345, -0.02048116, 0.02709572, -0.03459918], [-0.01765399, 0.0101939, 0.04756768, 0.00132318, -0.02731885, -0.02991369], [-0.01511231, 0.00322462, -0.03562899, -0.01126866, -0.0188757, 0.0507413], [-0.02064851, 0.00287365, 0.04685897, -0.00055498, -0.02807086, -0.02621046], [-0.01293684, 0.00322062, -0.03305578, -0.01933487, -0.01737673, 0.04599261], [-0.01139994, 0.01149767, 0.04135945, 0.00895355, -0.03394719, -0.02995951], [-0.00975081, 0.00491617, -0.04169862, -0.01453468, -0.01685931, 0.05144943], [0.01343439, 0.03031418, -0.01636093, 0.01005678, 0.02458155, 0.00292654], [0.00618499, 0.03326761, 0.01410016, 0.00657918, 0.02843815, -0.02028515], [-0.01686878, -0.02208272, 0.04555509, -0.01186691, -0.02953285, -0.02868631], [-0.02509809, -0.01161541, 0.05483749, 0.00435397, -0.04612074, -0.0297394], [-0.02478011, -0.00458405, -0.05349294, -0.02022945, -0.00705522, 0.07827305], [-0.00598166, 0.03374065, 0.02333603, 0.02896992, 0.05392178, -0.01735437], [-0.07027344, -0.00835637, 0.06498776, -0.01847288, 0.01285924, 0.00528568]], "number of molecular orbitals": 52, "number of electrons": 54, "number of unpaired electrons": 0, "orbital energies/eV": [-19.28879654, -17.65864256, -17.08101107, -16.72978155, -16.59609103, -16.06882876, -15.72349586, -15.41002219, -15.28583322, -14.9385851, -14.58971614, -14.29134006, -14.04690157, -13.75565637, -13.58555949, -13.3953345, -13.17221817, -13.02241381, -12.79028203, -12.37343546, -12.24673512, -12.10621177, -11.93117944, -11.79902382, -11.74884961, -11.60793101, -10.85722773, -7.31085713, 1.13003675, 1.40417166, 2.16308719, 2.70438079, 2.9403706, 3.23153104, 3.71391887, 3.91540448, 4.06705113, 4.36783236, 4.59964836, 4.69685939, 4.84861616, 4.96515817, 5.26856695, 5.88577897, 6.3232627, 6.55043956, 6.90039898, 7.04582482, 7.17558831, 7.88112299, 8.13746009, 14.48186631], "fractional occupation": [2.0, 2.0, 2.0, 2.0, 2.0, 2.0, 2.0, 2.0, 2.0, 2.0, 2.0, 2.0, 2.0, 2.0, 2.0, 2.0, 2.0, 2.0, 2.0, 2.0, 2.0, 2.0, 2.0, 2.0, 2.0, 2.0, 2.0, 0.0, 0.0, 0.0, 0.0, 0.0, 0.0, 0.0, 0.0, 0.0, 0.0, 0.0, 0.0, 0.0, 0.0, 0.0, 0.0, 0.0, 0.0, 0.0, 0.0, 0.0, 0.0, 0.0, 0.0, 0.0], "program call": "xtb /home/svss/Project-DBcg-Debug/aqme2_20220329/End-to-End-workflows-final/example-3/QDESCP/mol_778_rdkit_conf_3/mol_778_rdkit_conf_3.xyz --pop --wbo --acc 0.2 --gfn 2 --chrg 0 --uhf 0 --etemp 300 --input /home/svss/Project-DBcg-Debug/aqme2_20220329/End-to-End-workflows-final/example-3/QDESCP/mol_778_rdkit_conf_3/mol_778_rdkit_conf_3_xtb.inp", "method": "GFN2-xTB", "xtb version": "6.3.3 (7355c4f)", "Dipole module/D": 3.067, "Total charge": 0, "Transition dipole module/D": NaN, "HOMO": -10.8572, "LUMO": -7.3109, "HOMO occupancy": 2.0, "LUMO occupancy": 0, "mulliken charges": [-0.08289, -0.03839, -0.04972, -0.0453, -0.04893, -0.03466, -0.08395, 0.38142, -0.47474, 0.02888, 0.03021, 0.03003, 0.02259, 0.02249, 0.03301, 0.02947, 0.03266, 0.02541, 0.04371, 0.04103, 0.02384, 0.04244, 0.03163, 0.02193, 0.01784], "cm5 charges": [-0.23325, -0.15103, -0.15996, -0.15281, -0.113, -0.1432, -0.23369, 0.36292, -0.53189, 0.08017, 0.0815, 0.08081, 0.07729, 0.07721, 0.09, 0.08571, 0.08801, 0.08118, 0.10333, 0.09917, 0.07926, 0.09652, 0.08249, 0.07336, 0.07989], "FUKUI+": [0.009, 0.006, 0.007, 0.012, 0.006, 0.022, 0.022, -0.166, -0.325, -0.012, -0.007, -0.024, -0.019, -0.012, 0.011, -0.022, -0.062, -0.03, -0.092, -0.023, -0.056, 0.006, -0.044, -0.026, -0.181], "FUKUI-": [0.018, 0.008, 0.013, 0.017, -0.012, 0.011, 0.017, -0.007, -0.138, -0.061, -0.06, -0.044, -0.074, -0.073, -0.045, -0.046, -0.053, -0.039, -0.055, -0.037, -0.076, -0.059, -0.057, -0.044, -0.104], "FUKUIrad": [0.013, 0.007, 0.01, 0.014, -0.003, 0.017, 0.019, -0.087, -0.232, -0.037, -0.033, -0.034, -0.046, -0.043, -0.017, -0.034, -0.058, -0.035, -0.073, -0.03, -0.066, -0.026, -0.05, -0.035, -0.143], "s proportion": [1.008, 1.028, 1.033, 1.038, 1.068, 1.027, 1.008, 1.063, 1.738, 0.971, 0.97, 0.97, 0.977, 0.978, 0.967, 0.971, 0.967, 0.975, 0.956, 0.959, 0.976, 0.958, 0.968, 0.978, 0.982], "p proportion": [3.075, 3.011, 3.017, 3.008, 2.981, 3.007, 3.076, 2.556, 4.737, 0.0, 0.0, 0.0, 0.0, 0.0, 0.0, 0.0, 0.0, 0.0, 0.0, 0.0, 0.0, 0.0, 0.0, 0.0, 0.0], "d proportion": [0.0, 0.0, 0.0, 0.0, 0.0, 0.0, 0.0, 0.0, 0.0, 0.0, 0.0, 0.0, 0.0, 0.0, 0.0, 0.0, 0.0, 0.0, 0.0, 0.0, 0.0, 0.0, 0.0, 0.0, 0.0], "Fermi-level/eV": -9.084, "Coordination numbers": [3.75, 3.8, 3.8, 3.804, 3.85, 3.8, 3.749, 2.76, 0.856, 0.924, 0.924, 0.924, 0.924, 0.924, 0.924, 0.924, 0.924, 0.923, 0.923, 0.924, 0.924, 0.924, 0.924, 0.924, 0.923], "Dispersion coefficient C6": [22.497, 21.511, 21.641, 21.61, 21.199, 21.498, 22.5, 23.585, 20.361, 2.521, 2.512, 2.532, 2.59, 2.601, 2.524, 2.45, 2.444, 2.545, 2.24, 2.299, 2.527, 2.39, 2.498, 2.617, 2.703], "Total dispersion C6": 4514.139631, "Total dispersion C8": 95736.000951, "Polarizability alpha": [6.764, 6.604, 6.623, 6.618, 6.549, 6.602, 6.765, 7.953, 6.05, 2.483, 2.479, 2.489, 2.517, 2.522, 2.485, 2.448, 2.445, 2.495, 2.34, 2.371, 2.486, 2.418, 2.472, 2.53, 2.571], "Total polarizability alpha": 100.077292, "Wiberg matrix": [[0.0, 1.0200968081546071, 0.0, 0.0, 0.0, 0.0, 0.0, 0.0, 0.0, 0.987530432867092, 0.9875020592499408, 0.9870832703286647, 0.0, 0.0, 0.0, 0.0, 0.0, 0.0, 0.0, 0.0, 0.0, 0.0, 0.0, 0.0, 0.0], [1.0200968081546071, 0.0, 1.0069688145424003, 0.0, 0.0, 0.0, 0.0, 0.0, 0.0, 0.0, 0.0, 0.0, 0.9778698242511399, 0.9779704490150374, 0.0, 0.0, 0.0, 0.0, 0.0, 0.0, 0.0, 0.0, 0.0, 0.0, 0.0], [0.0, 1.0069688145424003, 0.0, 1.0073924608209888, 0.0, 0.0, 0.0, 0.0, 0.0, 0.0, 0.0, 0.0, 0.0, 0.0, 0.976358842027234, 0.9754185705479135, 0.0, 0.0, 0.0, 0.0, 0.0, 0.0, 0.0, 0.0, 0.0], [0.0, 0.0, 1.0073924608209888, 0.0, 0.9674274687603035, 0.0, 0.0, 0.0, 0.0, 0.0, 0.0, 0.0, 0.0, 0.0, 0.0, 0.0, 0.9742840673178087, 0.9752338328050711, 0.0, 0.0, 0.0, 0.0, 0.0, 0.0, 0.0], [0.0, 0.0, 0.0, 0.9674274687603035, 0.0, 0.9966779954328309, 0.0, 0.9972582858278345, 0.0, 0.0, 0.0, 0.0, 0.0, 0.0, 0.0, 0.0, 0.0, 0.0, 0.9378359659916236, 0.0, 0.0, 0.0, 0.0, 0.0, 0.0], [0.0, 0.0, 0.0, 0.0, 0.9966779954328309, 0.0, 1.0198936968826562, 0.0, 0.0, 0.0, 0.0, 0.0, 0.0, 0.0, 0.0, 0.0, 0.0, 0.0, 0.0, 0.9743539238208295, 0.9763188016735028, 0.0, 0.0, 0.0, 0.0], [0.0, 0.0, 0.0, 0.0, 0.0, 1.0198936968826562, 0.0, 0.0, 0.0, 0.0, 0.0, 0.0, 0.0, 0.0, 0.0, 0.0, 0.0, 0.0, 0.0, 0.0, 0.0, 0.9868347142785984, 0.9868653597407644, 0.9875999731910687, 0.0], [0.0, 0.0, 0.0, 0.0, 0.9972582858278345, 0.0, 0.0, 0.0, 1.9165322672911644, 0.0, 0.0, 0.0, 0.0, 0.0, 0.0, 0.0, 0.0, 0.0, 0.0, 0.0, 0.0, 0.0, 0.0, 0.0, 0.9373380716768774], [0.0, 0.0, 0.0, 0.0, 0.0, 0.0, 0.0, 1.9165322672911644, 0.0, 0.0, 0.0, 0.0, 0.0, 0.0, 0.0, 0.0, 0.0, 0.0, 0.0, 0.0, 0.0, 0.0, 0.0, 0.0, 0.0], [0.987530432867092, 0.0, 0.0, 0.0, 0.0, 0.0, 0.0, 0.0, 0.0, 0.0, 0.0, 0.0, 0.0, 0.0, 0.0, 0.0, 0.0, 0.0, 0.0, 0.0, 0.0, 0.0, 0.0, 0.0, 0.0], [0.9875020592499408, 0.0, 0.0, 0.0, 0.0, 0.0, 0.0, 0.0, 0.0, 0.0, 0.0, 0.0, 0.0, 0.0, 0.0, 0.0, 0.0, 0.0, 0.0, 0.0, 0.0, 0.0, 0.0, 0.0, 0.0], [0.9870832703286647, 0.0, 0.0, 0.0, 0.0, 0.0, 0.0, 0.0, 0.0, 0.0, 0.0, 0.0, 0.0, 0.0, 0.0, 0.0, 0.0, 0.0, 0.0, 0.0, 0.0, 0.0, 0.0, 0.0, 0.0], [0.0, 0.9778698242511399, 0.0, 0.0, 0.0, 0.0, 0.0, 0.0, 0.0, 0.0, 0.0, 0.0, 0.0, 0.0, 0.0, 0.0, 0.0, 0.0, 0.0, 0.0, 0.0, 0.0, 0.0, 0.0, 0.0], [0.0, 0.9779704490150374, 0.0, 0.0, 0.0, 0.0, 0.0, 0.0, 0.0, 0.0, 0.0, 0.0, 0.0, 0.0, 0.0, 0.0, 0.0, 0.0, 0.0, 0.0, 0.0, 0.0, 0.0, 0.0, 0.0], [0.0, 0.0, 0.976358842027234, 0.0, 0.0, 0.0, 0.0, 0.0, 0.0, 0.0, 0.0, 0.0, 0.0, 0.0, 0.0, 0.0, 0.0, 0.0, 0.0, 0.0, 0.0, 0.0, 0.0, 0.0, 0.0], [0.0, 0.0, 0.9754185705479135, 0.0, 0.0, 0.0, 0.0, 0.0, 0.0, 0.0, 0.0, 0.0, 0.0, 0.0, 0.0, 0.0, 0.0, 0.0, 0.0, 0.0, 0.0, 0.0, 0.0, 0.0, 0.0], [0.0, 0.0, 0.0, 0.9742840673178087, 0.0, 0.0, 0.0, 0.0, 0.0, 0.0, 0.0, 0.0, 0.0, 0.0, 0.0, 0.0, 0.0, 0.0, 0.0, 0.0, 0.0, 0.0, 0.0, 0.0, 0.0], [0.0, 0.0, 0.0, 0.9752338328050711, 0.0, 0.0, 0.0, 0.0, 0.0, 0.0, 0.0, 0.0, 0.0, 0.0, 0.0, 0.0, 0.0, 0.0, 0.0, 0.0, 0.0, 0.0, 0.0, 0.0, 0.0], [0.0, 0.0, 0.0, 0.0, 0.9378359659916236, 0.0, 0.0, 0.0, 0.0, 0.0, 0.0, 0.0, 0.0, 0.0, 0.0, 0.0, 0.0, 0.0, 0.0, 0.0, 0.0, 0.0, 0.0, 0.0, 0.0], [0.0, 0.0, 0.0, 0.0, 0.0, 0.9743539238208295, 0.0, 0.0, 0.0, 0.0, 0.0, 0.0, 0.0, 0.0, 0.0, 0.0, 0.0, 0.0, 0.0, 0.0, 0.0, 0.0, 0.0, 0.0, 0.0], [0.0, 0.0, 0.0, 0.0, 0.0, 0.9763188016735028, 0.0, 0.0, 0.0, 0.0, 0.0, 0.0, 0.0, 0.0, 0.0, 0.0, 0.0, 0.0, 0.0, 0.0, 0.0, 0.0, 0.0, 0.0, 0.0], [0.0, 0.0, 0.0, 0.0, 0.0, 0.0, 0.9868347142785984, 0.0, 0.0, 0.0, 0.0, 0.0, 0.0, 0.0, 0.0, 0.0, 0.0, 0.0, 0.0, 0.0, 0.0, 0.0, 0.0, 0.0, 0.0], [0.0, 0.0, 0.0, 0.0, 0.0, 0.0, 0.9868653597407644, 0.0, 0.0, 0.0, 0.0, 0.0, 0.0, 0.0, 0.0, 0.0, 0.0, 0.0, 0.0, 0.0, 0.0, 0.0, 0.0, 0.0, 0.0], [0.0, 0.0, 0.0, 0.0, 0.0, 0.0, 0.9875999731910687, 0.0, 0.0, 0.0, 0.0, 0.0, 0.0, 0.0, 0.0, 0.0, 0.0, 0.0, 0.0, 0.0, 0.0, 0.0, 0.0, 0.0, 0.0], [0.0, 0.0, 0.0, 0.0, 0.0, 0.0, 0.0, 0.9373380716768774, 0.0, 0.0, 0.0, 0.0, 0.0, 0.0, 0.0, 0.0, 0.0, 0.0, 0.0, 0.0, 0.0, 0.0, 0.0, 0.0, 0.0]], "Born radii": [], "Atomic SASAs": [], "Solvent H bonds": [], "Total SASA": NaN, "Total FOD": 0.0, "FOD": [0.0, 0.0, 0.0, 0.0, 0.0, 0.0, 0.0, 0.0, 0.0, 0.0, 0.0, 0.0, 0.0, 0.0, 0.0, 0.0, 0.0, 0.0, 0.0, 0.0, 0.0, 0.0, 0.0, 0.0, 0.0], "FOD s proportion": [0.0, 0.0, 0.0, 0.0, 0.0, 0.0, 0.0, 0.0, 0.0, 0.0, 0.0, 0.0, 0.0, 0.0, 0.0, 0.0, 0.0, 0.0, 0.0, 0.0, 0.0, 0.0, 0.0, 0.0, 0.0], "FOD p proportion": [0.0, 0.0, 0.0, 0.0, 0.0, 0.0, 0.0, 0.0, 0.0, 0.0, 0.0, 0.0, 0.0, 0.0, 0.0, 0.0, 0.0, 0.0, 0.0, 0.0, 0.0, 0.0, 0.0, 0.0, 0.0], "FOD d proportion": [0.0, 0.0, 0.0, 0.0, 0.0, 0.0, 0.0, 0.0, 0.0, 0.0, 0.0, 0.0, 0.0, 0.0, 0.0, 0.0, 0.0, 0.0, 0.0, 0.0, 0.0, 0.0, 0.0, 0.0, 0.0], "coordinates": [["3.61870", "-0.12880", "0.52430"], ["2.48280", "-0.73370", "-0.28540"], ["1.14760", "-0.05650", "0.02930"], ["0.00760", "-0.67630", "-0.78820"], ["-1.36590", "-0.01260", "-0.57720"], ["-1.80980", "-0.02040", "0.89270"], ["-3.30370", "0.23700", "1.05270"], ["-1.33680", "1.38270", "-1.18120"], ["-1.52250", "2.42170", "-0.55670"], ["3.43890", "-0.24220", "1.59810"], ["3.73180", "0.93780", "0.30530"], ["4.56300", "-0.62700", "0.28350"], ["2.41700", "-1.80600", "-0.06730"], ["2.70940", "-0.63250", "-1.35310"], ["1.22520", "1.01520", "-0.18700"], ["0.93950", "-0.15800", "1.10050"], ["-0.07370", "-1.74110", "-0.53480"], ["0.26810", "-0.63000", "-1.85380"], ["-2.09790", "-0.57890", "-1.16820"], ["-1.26010", "0.73180", "1.47070"], ["-1.58590", "-0.99720", "1.33820"], ["-3.58790", "1.22070", "0.66810"], ["-3.58000", "0.19790", "2.11120"], ["-3.88990", "-0.52110", "0.52340"], ["-1.13560", "1.41740", "-2.26650"]], "bond_dist": [[0.0, 1.5204561519491444, 2.521227379670465, 3.8810379681214147, 5.106176833013131, 5.44206591011171, 6.952167860459067, 5.454387477068346, 5.839995607018895, 1.094638771467556, 1.0947091714240818, 1.0944817814838215, 2.146409394780036, 2.1459662019705714, 2.746548004313779, 2.7406152083063393, 4.165935892449618, 4.1392126558078655, 5.978851212398583, 5.0437084332859685, 5.338952418780298, 7.333274319838308, 7.378771319806571, 7.5188412711002215, 5.725615038578825], [1.5204561519491444, 0.0, 1.5298349486137386, 2.5264040927769256, 3.9265282553421157, 4.508118372447645, 6.0180023554332385, 4.457684461690845, 5.106131700220824, 2.168702771243676, 2.1686031771626637, 2.15922767210871, 1.0962319736260207, 1.096162529007446, 2.1563607142590966, 2.1526551488800987, 2.7591207603147785, 2.715792396336657, 4.667559466145022, 4.386442507317291, 4.3886021578630245, 6.4484292738619695, 6.585523058952873, 6.427337044997718, 4.652397981686434], [2.521227379670465, 1.5298349486137386, 0.0, 1.5336421649133152, 2.5860107714392835, 3.081067595818047, 4.576850609316411, 3.115902798548119, 3.689756800928755, 2.7831050321538346, 2.782606355559478, 3.472037593402468, 2.163667758691246, 2.163798742951849, 1.0960603724248041, 1.0959367226259005, 2.155843143644732, 2.156035275685442, 3.498596612929247, 2.9148019040751296, 3.173351217561649, 4.946136424523691, 5.171965654371653, 5.082951329690261, 3.55753862804046], [3.8810379681214147, 2.5264040927769256, 1.5336421649133152, 0.0, 1.5399743309549025, 2.560970983826252, 3.8971447740621596, 2.4902492566006322, 3.463004802191299, 4.201986457617397, 4.203656348941954, 4.68002569864739, 2.7570141929268335, 2.7605712615326556, 2.1691388729170846, 2.168930655876301, 1.0975519532122384, 1.0979559645085952, 2.1417322451697833, 2.9482941016798168, 2.676526857701974, 4.3182217335380075, 4.694850344792686, 4.115202042427565, 2.8063956991130103], [5.106176833013131, 3.9265282553421157, 2.5860107714392835, 1.5399743309549025, 0.0, 1.5354849592229811, 2.5443944289358913, 1.520698819622084, 2.4394180248575683, 5.279275451233815, 5.2600961683223995, 6.022470179253692, 4.217417928069259, 4.1945639713801, 2.814680814941545, 2.8549409118228697, 2.1585390545459213, 2.163526362215168, 1.0980895637424117, 2.181563524172514, 2.1648543415204635, 2.8300326817900885, 3.489132215895523, 2.800083679106751, 2.2252353987836884], [5.44206591011171, 4.508118372447645, 3.081067595818047, 2.560970983826252, 1.5354849592229811, 0.0, 1.5243332870471602, 2.5482307234628503, 2.854321996551896, 5.3005316799355136, 5.6544245118314205, 6.4305262646225145, 4.687835918630259, 5.083448897156339, 3.3837027721122315, 2.760573326321907, 2.8306550390324854, 3.497505228016107, 2.154584106039957, 1.0963844809189884, 1.0966948983194915, 2.1800032064196597, 2.160093789630441, 2.1711515354760476, 3.5358675201426877], [6.952167860459067, 6.0180023554332385, 4.576850609316411, 3.8971447740621596, 2.5443944289358913, 1.5243332870471602, 0.0, 3.189299815006423, 3.245882913784784, 6.781574194831167, 7.10971079932229, 7.951297600392026, 6.176945644086565, 6.534621297366819, 4.75955738908567, 4.261813707800941, 4.1068157811131485, 4.685849601726457, 2.6555683497134845, 2.1437938333711104, 2.1343843913409786, 1.0937789950442456, 1.0946655882049094, 1.0947623212368975, 4.136555379781589], [5.454387477068346, 4.457684461690845, 3.115902798548119, 2.4902492566006322, 1.520698819622084, 2.5482307234628503, 3.189299815006423, 0.0, 1.2263791175652003, 5.759524198230267, 5.300785245602768, 6.402490157743314, 5.049712401711607, 4.523529052631363, 2.772604171171933, 3.5723176048610235, 3.430944623569433, 2.660649556029505, 2.104119000912258, 2.7316894607550104, 3.4746728162519127, 2.9178083727345774, 4.156392070053064, 3.6122617859175152, 1.1043376385870403], [5.839995607018895, 5.106131700220824, 3.689756800928755, 3.463004802191299, 2.4394180248575683, 2.854321996551896, 3.245882913784784, 1.2263791175652003, 0.0, 6.029512103810721, 5.527447123220629, 6.858120586574721, 5.799363749584949, 5.279334068800723, 3.108822225538154, 3.9322522719174566, 4.407766428702864, 3.768499656361932, 3.115865492924879, 2.652351132486044, 3.9094171918586533, 2.6848488225596614, 4.036865504323869, 3.928265598199796, 2.020328225808866], [1.094638771467556, 2.168702771243676, 2.7831050321538346, 4.201986457617397, 5.279275451233815, 5.3005316799355136, 6.781574194831167, 5.759524198230267, 6.029512103810721, 0.0, 1.7746893390111973, 1.7719607811687028, 2.50266002685143, 3.064977288659738, 3.1093575638707107, 2.5498423010060836, 4.3742796412666625, 4.703187758318819, 6.198543120766363, 4.800573690716558, 5.087847093810898, 7.237464656217672, 7.051376945675221, 7.412427047870352, 6.214133533325462], [1.0947091714240818, 2.1686031771626637, 2.782606355559478, 4.203656348941954, 5.2600961683223995, 5.6544245118314205, 7.10971079932229, 5.300785245602768, 5.527447123220629, 1.7746893390111973, 0.0, 1.7719954063145875, 3.0652843652751045, 2.5022858369898513, 2.5556591341569788, 3.103233792352745, 4.729070042830831, 4.372290857205178, 6.201369464078075, 5.13026887891853, 5.752307423982137, 7.334143735979, 7.56777021717758, 7.763135172724999, 5.525916590032825], [1.0944817814838215, 2.15922767210871, 3.472037593402468, 4.68002569864739, 6.022470179253692, 6.4305262646225145, 7.951297600392026, 6.402490157743314, 6.858120586574721, 1.7719607811687028, 1.7719954063145875, 0.0, 2.473543539135707, 2.47271566703493, 3.7495466299274103, 3.7439554284205894, 4.838369621060383, 4.7973144883361565, 6.817428790240497, 6.096250888045866, 6.249672898640376, 8.366545479467616, 8.386262355781627, 8.45696666837466, 6.569331268858345], [2.146409394780036, 1.0962319736260207, 2.163667758691246, 2.7570141929268335, 4.217417928069259, 4.687835918630259, 6.176945644086565, 5.049712401711607, 5.799363749584949, 2.50266002685143, 3.0652843652751045, 2.473543539135707, 0.0, 1.7651860100284051, 3.064944497050477, 2.502532135657802, 2.5350255915867987, 3.031885462876195, 4.80646202835308, 4.725138860393416, 4.318888294457267, 6.764654467154992, 6.687711601138314, 6.463503857042246, 5.277097209640922], [2.1459662019705714, 1.096162529007446, 2.163798742951849, 2.7605712615326556, 4.1945639713801, 5.083448897156339, 6.534621297366819, 4.523529052631363, 5.279334068800723, 3.064977288659738, 2.5022858369898513, 2.47271566703493, 1.7651860100284051, 0.0, 2.5055047675069386, 3.0623274188107317, 3.1055199983255624, 2.492118061007544, 4.811153111261374, 5.058862636996581, 5.081899632027378, 6.868448658176022, 7.228242594849734, 6.861808996175863, 4.452012417997056], [2.746548004313779, 2.1563607142590966, 1.0960603724248041, 2.1691388729170846, 2.814680814941545, 3.3837027721122315, 4.75955738908567, 2.772604171171933, 3.108822225538154, 3.1093575638707107, 2.5556591341569788, 3.7495466299274103, 3.064944497050477, 2.5055047675069386, 0.0, 1.7651286015472074, 3.0668054617141927, 2.530009029628155, 3.8140400968002424, 3.000833374247894, 3.7786600812986606, 4.892786309455994, 5.388844919832079, 5.387869139093859, 3.171665450516495], [2.7406152083063393, 2.1526551488800987, 1.0959367226259005, 2.168930655876301, 2.8549409118228697, 2.760573326321907, 4.261813707800941, 3.5723176048610235, 3.9322522719174566, 2.5498423010060836, 3.103233792352745, 3.7439554284205894, 2.502532135657802, 3.0623274188107317, 1.7651286015472074, 0.0, 2.4913823351705777, 3.066178476540464, 3.814440360000402, 2.401464603112026, 2.6717790121939355, 4.7523819511903715, 4.644788428981454, 4.877293345699026, 4.25730127780499], [4.165935892449618, 2.7591207603147785, 2.155843143644732, 1.0975519532122384, 2.1585390545459213, 2.8306550390324854, 4.1068157811131485, 3.430944623569433, 4.407766428702864, 4.3742796412666625, 4.729070042830831, 4.838369621060383, 2.5350255915867987, 3.1055199983255624, 3.0668054617141927, 2.4913823351705777, 0.0, 1.7581613833775327, 2.4185305538694357, 3.3977653862502044, 2.519576363200766, 4.750666194335275, 4.801580644954326, 4.143859273672309, 3.7553347054556934], [4.1392126558078655, 2.715792396336657, 2.156035275685442, 1.0979559645085952, 2.163526362215168, 3.497505228016107, 4.685849601726457, 2.660649556029505, 3.768499656361932, 4.703187758318819, 4.372290857205178, 4.7973144883361565, 3.031885462876195, 2.492118061007544, 2.530009029628155, 3.066178476540464, 1.7581613833775327, 0.0, 2.4638617189282357, 3.9041253476290945, 3.709584321726627, 4.9652599227029395, 5.58699534812765, 4.790814445373562, 2.5164541998613843], [5.978851212398583, 4.667559466145022, 3.498596612929247, 2.1417322451697833, 1.0980895637424117, 2.154584106039957, 2.6555683497134845, 2.104119000912258, 3.115865492924879, 6.198543120766363, 6.201369464078075, 6.817428790240497, 4.80646202835308, 4.811153111261374, 3.8140400968002424, 3.814440360000402, 2.4185305538694357, 2.4638617189282357, 0.0, 3.0632721948922526, 2.5921342268486023, 2.9716422816348538, 3.6816440634586063, 2.4649777686624272, 2.473357610617599], [5.0437084332859685, 4.386442507317291, 2.9148019040751296, 2.9482941016798168, 2.181563524172514, 1.0963844809189884, 2.1437938333711104, 2.7316894607550104, 2.652351132486044, 4.800573690716558, 5.13026887891853, 6.096250888045866, 4.725138860393416, 5.058862636996581, 3.000833374247894, 2.401464603112026, 3.3977653862502044, 3.9041253476290945, 3.0632721948922526, 0.0, 1.7644100685498256, 2.5103471493002716, 2.465202926738487, 3.0631656403139544, 3.8016064301818515], [5.338952418780298, 4.3886021578630245, 3.173351217561649, 2.676526857701974, 2.1648543415204635, 1.0966948983194915, 2.1343843913409786, 3.4746728162519127, 3.9094171918586533, 5.087847093810898, 5.752307423982137, 6.249672898640376, 4.318888294457267, 5.081899632027378, 3.7786600812986606, 2.6717790121939355, 2.519576363200766, 3.709584321726627, 2.5921342268486023, 1.7644100685498256, 0.0, 3.0620448102534352, 2.449944452431524, 2.489776345377231, 4.361986398419876], [7.333274319838308, 6.4484292738619695, 4.946136424523691, 4.3182217335380075, 2.8300326817900885, 2.1800032064196597, 1.0937789950442456, 2.9178083727345774, 2.6848488225596614, 7.237464656217672, 7.334143735979, 8.366545479467616, 6.764654467154992, 6.868448658176022, 4.892786309455994, 4.7523819511903715, 4.750666194335275, 4.9652599227029395, 2.9716422816348538, 2.5103471493002716, 3.0620448102534352, 0.0, 1.7688187753413294, 1.7736993347238985, 3.8294050895667855], [7.378771319806571, 6.585523058952873, 5.171965654371653, 4.694850344792686, 3.489132215895523, 2.160093789630441, 1.0946655882049094, 4.156392070053064, 4.036865504323869, 7.051376945675221, 7.56777021717758, 8.386262355781627, 6.687711601138314, 7.228242594849734, 5.388844919832079, 4.644788428981454, 4.801580644954326, 5.58699534812765, 3.6816440634586063, 2.465202926738487, 2.449944452431524, 1.7688187753413294, 0.0, 1.7703411676849183, 5.160090008904884], [7.5188412711002215, 6.427337044997718, 5.082951329690261, 4.115202042427565, 2.800083679106751, 2.1711515354760476, 1.0947623212368975, 3.6122617859175152, 3.928265598199796, 7.412427047870352, 7.763135172724999, 8.45696666837466, 6.463503857042246, 6.861808996175863, 5.387869139093859, 4.877293345699026, 4.143859273672309, 4.790814445373562, 2.4649777686624272, 3.0631656403139544, 2.489776345377231, 1.7736993347238985, 1.7703411676849183, 0.0, 4.373498913913207], [5.725615038578825, 4.652397981686434, 3.55753862804046, 2.8063956991130103, 2.2252353987836884, 3.5358675201426877, 4.136555379781589, 1.1043376385870403, 2.020328225808866, 6.214133533325462, 5.525916590032825, 6.569331268858345, 5.277097209640922, 4.452012417997056, 3.171665450516495, 4.25730127780499, 3.7553347054556934, 2.5164541998613843, 2.473357610617599, 3.8016064301818515, 4.361986398419876, 3.8294050895667855, 5.160090008904884, 4.373498913913207, 0.0]]}