{"total energy": -44.13597707, "HOMO-LUMO gap/eV": 3.20444735, "electronic energy": -44.53513843, "dipole": [-0.44685835, 0.86572857, -1.06882774], "partial charges": [-0.11287928, 0.09605251, -0.26676856, 0.37966858, -0.4123603, -0.25327503, 0.09266728, -0.11453851, -0.1002921, 0.04680525, -0.16829604, 0.00107325, -0.10421904, 0.05686278, 0.05911918, 0.05627358, 0.05132733, 0.04856779, 0.04493791, 0.05590648, 0.06031477, 0.05958346, 0.05794213, 0.06266545, 0.05747809, 0.04554485, 0.04316305, 0.05369399, 0.04842231, 0.05455884], "atomic dipole moments": [[0.01063452, -0.09594602, 0.11041695], [0.21783875, -0.12759619, -0.11921701], [-0.14663949, -0.0220945, 0.12782635], [-0.06413992, -0.05466358, -0.22818749], [-0.08128423, -0.03882858, -0.4175764], [0.08791047, -0.1143958, 0.10171023], [0.01859129, 0.24686885, -0.13746826], [0.1046007, 0.05411949, 0.09317353], [-0.04879446, 0.44493308, 0.23845513], [-0.03696895, -0.14904146, -0.08163343], [-0.13921477, 0.31034512, 0.26443454], [-0.02409548, -0.12839716, -0.07292147], [-0.11851871, 0.01796831, 0.05858025], [0.10478982, 0.07198358, -0.01517805], [-0.01650345, -0.05365628, -0.1153204], [-0.10092375, 0.07697528, 0.02579255], [0.02658956, 0.05310925, 0.10673328], [-0.09678724, -0.07756475, 0.00671306], [0.10814237, -0.05933161, -0.00917165], [-0.03960309, 0.00891625, 0.11539867], [0.035179, 0.00017431, -0.12389415], [-0.10892574, 0.06774543, 0.00031116], [-0.02556075, -0.12170373, 0.03670789], [0.028786, 0.00378638, 0.1222084], [-0.0416461, 0.1091752, -0.04791644], [0.0167105, 0.00228467, 0.12353994], [-0.04898725, 0.10638461, -0.04116709], [-0.00868601, -0.00163972, -0.12930428], [0.07817598, 0.09465982, 0.0288083], [0.05884431, -0.10889777, 0.03937687]], "atomic quadrupole moments": [[-0.13135013, -0.04850131, 0.06447383, 0.0380989, -0.20950814, 0.0668763], [0.11721355, -0.40244272, 0.04767105, -0.13678176, -0.0562984, -0.16488459], [0.01186243, -0.0907912, 0.02779698, -0.04992224, -0.03503129, -0.0396594], [0.39392624, -0.06415457, 0.76374287, -0.40929745, -0.0443936, -1.15766911], [-0.33063076, -0.00257953, -0.34224869, 0.07642299, 0.14354491, 0.67287946], [-0.02286302, 0.07084676, 0.09245539, 0.03578003, -0.05832655, -0.06959237], [-0.19900311, 0.23771315, 0.39570039, 0.09384062, -0.17647489, -0.19669728], [0.06159993, 0.13356191, -0.05759391, 0.17467557, 0.10278316, -0.00400601], [0.37827094, 0.1123801, -0.04022823, -0.3013838, 0.3237557, -0.33804271], [0.27324409, 0.18043102, -0.02750624, -0.16432343, 0.16683253, -0.24573785], [0.42786757, 0.20558865, -0.04388804, -0.34007382, 0.36724105, -0.38397953], [0.15195757, 0.23340869, 0.06130456, -0.04203381, 0.15110175, -0.21326213], [0.18944735, -0.02515899, -0.11950679, -0.15172037, 0.02990882, -0.06994056], [0.04210783, 0.05952439, -0.00993383, 0.00703049, -0.00703793, -0.032174], [-0.04693729, 0.017876, 7.779e-05, 0.01885612, 0.04658216, 0.0468595], [0.03466774, -0.05918661, -0.00416378, -0.03060694, 0.01219809, -0.03050396], [-0.01550455, -0.01541339, -0.00103011, 0.01830783, 0.02809267, 0.01653466], [0.02718705, 0.00484527, 0.01709763, 0.00204288, -0.00383524, -0.04428468], [0.01985821, -0.0070319, 0.02288175, -0.00941679, 0.0002181, -0.04273996], [-0.02417564, 0.01586448, -0.00210631, -0.02654556, 0.00478421, 0.02628195], [-0.00999422, 0.00269501, -0.05208412, -0.04017641, 0.00321997, 0.06207834], [0.04018094, -0.05786185, -0.00711026, -0.00657348, 0.01827881, -0.03307068], [-0.0400175, 0.02114111, 0.06789863, 0.00171775, -0.0411506, -0.02788113], [-0.00087747, 0.01002876, -0.03122014, 0.0080308, 0.01083777, 0.03209761], [0.00593787, -0.01046396, 0.02416312, -0.00579123, -0.01962492, -0.03010099], [-0.02228181, 0.01827777, -0.02128586, 0.01206736, 0.00169801, 0.04356767], [-0.00603294, -0.01270998, 0.03540062, 0.01811299, -0.01977227, -0.02936768], [-0.02035057, -0.00368228, -0.05004662, 0.01884679, 0.00383212, 0.07039719], [0.00058816, 0.05298148, 0.0353023, 0.01199164, 0.03532455, -0.03589046], [-0.01825737, -0.03484087, 0.0441378, 0.00214915, -0.03982616, -0.02588044]], "number of molecular orbitals": 89, "number of electrons": 80, "number of unpaired electrons": 0, "orbital energies/eV": [-20.49825411, -20.22021565, -20.03478672, -19.7379715, -18.95904538, -18.543139, -18.0490232, -17.30042355, -17.1706142, -16.98326391, -16.76180285, -16.66046551, -16.18107552, -15.99916918, -15.79693765, -15.5835994, -15.15270593, -14.96213818, -14.73848513, -14.67196061, -14.28256996, -14.24579233, -14.02038757, -13.7835782, -13.51675898, -13.38798299, -13.30608242, -13.2072237, -13.10876469, -12.98621694, -12.90309421, -12.66683082, -12.5970237, -12.29706474, -12.15756017, -11.93987913, -11.03994839, -10.0923137, -10.05197592, -10.03459797, -6.83015062, -6.17020093, -5.74175845, -4.39634364, -4.04025579, -3.6888421, -3.28897563, -0.88206461, -0.85587125, -0.65900685, -0.33034912, -0.18328953, 0.0521726, 0.27337058, 0.59583187, 0.67336436, 0.73764533, 2.24528579, 2.54590206, 2.62125572, 2.78423819, 3.24002582, 3.35338693, 3.37281991, 3.63718442, 3.69990549, 3.73431264, 3.94928591, 4.16292502, 4.21415007, 4.37132459, 4.45433319, 4.55657652, 5.4207839, 5.53026378, 5.79264682, 5.9904512, 6.18563657, 6.28729773, 6.5843794, 6.66249527, 7.37179651, 9.15290773, 10.8301172, 11.30779841, 12.80847509, 25.89114265, 27.20527146, 34.04405089], "fractional occupation": [2.0, 2.0, 2.0, 2.0, 2.0, 2.0, 2.0, 2.0, 2.0, 2.0, 2.0, 2.0, 2.0, 2.0, 2.0, 2.0, 2.0, 2.0, 2.0, 2.0, 2.0, 2.0, 2.0, 2.0, 2.0, 2.0, 2.0, 2.0, 2.0, 2.0, 2.0, 2.0, 2.0, 2.0, 2.0, 2.0, 2.0, 2.0, 2.0, 2.0, 0.0, 0.0, 0.0, 0.0, 0.0, 0.0, 0.0, 0.0, 0.0, 0.0, 0.0, 0.0, 0.0, 0.0, 0.0, 0.0, 0.0, 0.0, 0.0, 0.0, 0.0, 0.0, 0.0, 0.0, 0.0, 0.0, 0.0, 0.0, 0.0, 0.0, 0.0, 0.0, 0.0, 0.0, 0.0, 0.0, 0.0, 0.0, 0.0, 0.0, 0.0, 0.0, 0.0, 0.0, 0.0, 0.0, 0.0, 0.0, 0.0], "program call": "xtb /home/svss/Project-DBcg-Debug/aqme2_20220329/End-to-End-workflows-final/example-3/QDESCP/mol_23_rdkit_conf_15/mol_23_rdkit_conf_15.xyz --pop --wbo --acc 0.2 --gfn 2 --chrg 0 --uhf 0 --etemp 300 --input /home/svss/Project-DBcg-Debug/aqme2_20220329/End-to-End-workflows-final/example-3/QDESCP/mol_23_rdkit_conf_15/mol_23_rdkit_conf_15_xtb.inp", "method": "GFN2-xTB", "xtb version": "6.3.3 (7355c4f)", "Dipole module/D": 3.676, "Total charge": 0, "Transition dipole module/D": NaN, "HOMO": -10.0346, "LUMO": -6.8302, "HOMO occupancy": 2.0, "LUMO occupancy": 0, "mulliken charges": [-0.09644, 0.21282, -0.37913, 0.37728, -0.24232, -0.36984, 0.20652, -0.096, -0.07087, 0.08564, -0.1283, 0.02129, -0.08074, 0.03911, 0.04201, 0.0302, 0.02406, 0.03468, 0.02569, 0.02803, 0.043, 0.04223, 0.03208, 0.03147, 0.03958, 0.02388, 0.02398, 0.03417, 0.03184, 0.03408], "cm5 charges": [-0.24292, 0.1348, -0.44029, 0.31666, -0.21347, -0.43334, 0.12831, -0.24246, -0.07095, 0.01438, -0.17287, -0.07317, -0.22803, 0.09243, 0.09537, 0.08142, 0.08849, 0.1027, 0.0914, 0.09212, 0.09634, 0.09555, 0.08329, 0.0906, 0.09982, 0.07978, 0.07989, 0.0858, 0.08265, 0.08571], "FUKUI+": [0.011, 0.012, -0.005, -0.154, -0.157, 0.01, 0.013, 0.01, -0.281, 0.046, -0.14, 0.015, 0.012, -0.013, -0.014, -0.028, -0.019, -0.021, 0.002, -0.019, -0.008, -0.019, -0.023, -0.058, -0.061, -0.026, -0.027, -0.015, -0.028, -0.015], "FUKUI-": [0.008, 0.011, 0.003, -0.096, -0.282, -0.006, 0.011, 0.008, -0.099, 0.067, -0.308, 0.038, 0.019, -0.01, -0.012, -0.023, -0.007, -0.013, -0.003, -0.011, -0.01, -0.016, -0.021, -0.042, -0.048, -0.042, -0.044, -0.02, -0.034, -0.019], "FUKUIrad": [0.01, 0.012, -0.001, -0.125, -0.219, 0.002, 0.012, 0.009, -0.19, 0.057, -0.224, 0.027, 0.015, -0.012, -0.013, -0.026, -0.013, -0.017, -0.0, -0.015, -0.009, -0.017, -0.022, -0.05, -0.054, -0.034, -0.035, -0.017, -0.031, -0.017], "s proportion": [1.012, 0.993, 1.653, 1.52, 1.89, 1.659, 0.993, 1.012, 1.909, 1.041, 1.931, 1.034, 1.007, 0.961, 0.958, 0.97, 0.976, 0.965, 0.974, 0.972, 0.957, 0.958, 0.968, 0.969, 0.96, 0.976, 0.976, 0.966, 0.968, 0.966], "p proportion": [3.084, 2.795, 4.726, 2.023, 4.367, 4.711, 2.801, 3.084, 4.165, 2.874, 4.198, 2.945, 3.074, 0.0, 0.0, 0.0, 0.0, 0.0, 0.0, 0.0, 0.0, 0.0, 0.0, 0.0, 0.0, 0.0, 0.0, 0.0, 0.0, 0.0], "d proportion": [0.0, 0.0, 0.0, 1.079, -0.015, 0.0, 0.0, 0.0, -0.003, 0.0, -0.001, 0.0, 0.0, 0.0, 0.0, 0.0, 0.0, 0.0, 0.0, 0.0, 0.0, 0.0, 0.0, 0.0, 0.0, 0.0, 0.0, 0.0, 0.0, 0.0], "Fermi-level/eV": -8.4324, "Coordination numbers": [3.749, 3.893, 1.658, 3.918, 0.926, 1.658, 3.903, 3.749, 2.058, 3.795, 2.146, 3.793, 3.79, 0.924, 0.924, 0.924, 0.924, 0.924, 0.924, 0.924, 0.924, 0.924, 0.924, 0.924, 0.924, 0.924, 0.924, 0.924, 0.924, 0.924], "Dispersion coefficient C6": [22.726, 18.948, 18.438, 144.46, 157.206, 18.212, 18.998, 22.758, 145.243, 19.795, 148.172, 20.571, 22.5, 2.236, 2.209, 2.243, 2.303, 2.338, 2.384, 2.248, 2.195, 2.204, 2.223, 2.168, 2.229, 2.376, 2.407, 2.274, 2.34, 2.264], "Total dispersion C6": 13105.911779, "Total dispersion C8": 414244.100533, "Polarizability alpha": [6.799, 6.188, 5.797, 21.591, 21.207, 5.761, 6.196, 6.804, 20.284, 6.335, 20.487, 6.459, 6.755, 2.339, 2.325, 2.342, 2.373, 2.391, 2.415, 2.345, 2.317, 2.322, 2.332, 2.303, 2.335, 2.411, 2.426, 2.358, 2.392, 2.353], "Total polarizability alpha": 180.740736, "Wiberg matrix": [[0.0, 1.015246079261556, 0.0, 0.0, 0.0, 0.0, 0.0, 0.0, 0.0, 0.0, 0.0, 0.0, 0.0, 0.9847900757066388, 0.9847477126434075, 0.9808570420684434, 0.0, 0.0, 0.0, 0.0, 0.0, 0.0, 0.0, 0.0, 0.0, 0.0, 0.0, 0.0, 0.0, 0.0], [1.015246079261556, 0.0, 0.9141573967354562, 0.0, 0.0, 0.0, 0.0, 0.0, 0.0, 0.0, 0.0, 0.0, 0.0, 0.0, 0.0, 0.0, 0.970280387248503, 0.9702342133444173, 0.0, 0.0, 0.0, 0.0, 0.0, 0.0, 0.0, 0.0, 0.0, 0.0, 0.0, 0.0], [0.0, 0.9141573967354562, 0.0, 1.2400625891507064, 0.0, 0.0, 0.0, 0.0, 0.0, 0.0, 0.0, 0.0, 0.0, 0.0, 0.0, 0.0, 0.0, 0.0, 0.0, 0.0, 0.0, 0.0, 0.0, 0.0, 0.0, 0.0, 0.0, 0.0, 0.0, 0.0], [0.0, 0.0, 1.2400625891507064, 0.0, 1.5535559966948846, 1.2604779044074157, 0.0, 0.0, 1.017920574206968, 0.0, 0.0, 0.0, 0.0, 0.0, 0.0, 0.0, 0.0, 0.0, 0.0, 0.0, 0.0, 0.0, 0.0, 0.0, 0.0, 0.0, 0.0, 0.0, 0.0, 0.0], [0.0, 0.0, 0.0, 1.5535559966948846, 0.0, 0.0, 0.0, 0.0, 0.1480658596522592, 0.0, 0.0, 0.0, 0.0, 0.0, 0.0, 0.0, 0.0, 0.0, 0.0, 0.0, 0.0, 0.0, 0.0, 0.0, 0.0, 0.0, 0.0, 0.0, 0.0, 0.0], [0.0, 0.0, 0.0, 1.2604779044074157, 0.0, 0.0, 0.9208290020422846, 0.0, 0.0, 0.0, 0.0, 0.0, 0.0, 0.0, 0.0, 0.0, 0.0, 0.0, 0.0, 0.0, 0.0, 0.0, 0.0, 0.0, 0.0, 0.0, 0.0, 0.0, 0.0, 0.0], [0.0, 0.0, 0.0, 0.0, 0.0, 0.9208290020422846, 0.0, 1.0163615966871316, 0.0, 0.0, 0.0, 0.0, 0.0, 0.0, 0.0, 0.0, 0.0, 0.0, 0.9693138257948027, 0.969980788046487, 0.0, 0.0, 0.0, 0.0, 0.0, 0.0, 0.0, 0.0, 0.0, 0.0], [0.0, 0.0, 0.0, 0.0, 0.0, 0.0, 1.0163615966871316, 0.0, 0.0, 0.0, 0.0, 0.0, 0.0, 0.0, 0.0, 0.0, 0.0, 0.0, 0.0, 0.0, 0.9844675275672313, 0.9841800407458136, 0.981542228672374, 0.0, 0.0, 0.0, 0.0, 0.0, 0.0, 0.0], [0.0, 0.0, 0.0, 1.017920574206968, 0.1480658596522592, 0.0, 0.0, 0.0, 0.0, 0.975589395923935, 0.0, 0.0, 0.0, 0.0, 0.0, 0.0, 0.0, 0.0, 0.0, 0.0, 0.0, 0.0, 0.0, 0.0, 0.0, 0.0, 0.0, 0.0, 0.0, 0.0], [0.0, 0.0, 0.0, 0.0, 0.0, 0.0, 0.0, 0.0, 0.975589395923935, 0.0, 0.9953083548515929, 0.0, 0.0, 0.0, 0.0, 0.0, 0.0, 0.0, 0.0, 0.0, 0.0, 0.0, 0.0, 0.9706612822608082, 0.9725618691463018, 0.0, 0.0, 0.0, 0.0, 0.0], [0.0, 0.0, 0.0, 0.0, 0.0, 0.0, 0.0, 0.0, 0.0, 0.9953083548515929, 0.0, 0.9804032896203146, 0.0, 0.0, 0.0, 0.0, 0.0, 0.0, 0.0, 0.0, 0.0, 0.0, 0.0, 0.0, 0.0, 0.0, 0.0, 0.0, 0.0, 0.0], [0.0, 0.0, 0.0, 0.0, 0.0, 0.0, 0.0, 0.0, 0.0, 0.0, 0.9804032896203146, 0.0, 1.0231920278587596, 0.0, 0.0, 0.0, 0.0, 0.0, 0.0, 0.0, 0.0, 0.0, 0.0, 0.0, 0.0, 0.9751382021108772, 0.9754128560299985, 0.0, 0.0, 0.0], [0.0, 0.0, 0.0, 0.0, 0.0, 0.0, 0.0, 0.0, 0.0, 0.0, 0.0, 1.0231920278587596, 0.0, 0.0, 0.0, 0.0, 0.0, 0.0, 0.0, 0.0, 0.0, 0.0, 0.0, 0.0, 0.0, 0.0, 0.0, 0.9855316667188413, 0.9795515820549492, 0.985445285136395], [0.9847900757066388, 0.0, 0.0, 0.0, 0.0, 0.0, 0.0, 0.0, 0.0, 0.0, 0.0, 0.0, 0.0, 0.0, 0.0, 0.0, 0.0, 0.0, 0.0, 0.0, 0.0, 0.0, 0.0, 0.0, 0.0, 0.0, 0.0, 0.0, 0.0, 0.0], [0.9847477126434075, 0.0, 0.0, 0.0, 0.0, 0.0, 0.0, 0.0, 0.0, 0.0, 0.0, 0.0, 0.0, 0.0, 0.0, 0.0, 0.0, 0.0, 0.0, 0.0, 0.0, 0.0, 0.0, 0.0, 0.0, 0.0, 0.0, 0.0, 0.0, 0.0], [0.9808570420684434, 0.0, 0.0, 0.0, 0.0, 0.0, 0.0, 0.0, 0.0, 0.0, 0.0, 0.0, 0.0, 0.0, 0.0, 0.0, 0.0, 0.0, 0.0, 0.0, 0.0, 0.0, 0.0, 0.0, 0.0, 0.0, 0.0, 0.0, 0.0, 0.0], [0.0, 0.970280387248503, 0.0, 0.0, 0.0, 0.0, 0.0, 0.0, 0.0, 0.0, 0.0, 0.0, 0.0, 0.0, 0.0, 0.0, 0.0, 0.0, 0.0, 0.0, 0.0, 0.0, 0.0, 0.0, 0.0, 0.0, 0.0, 0.0, 0.0, 0.0], [0.0, 0.9702342133444173, 0.0, 0.0, 0.0, 0.0, 0.0, 0.0, 0.0, 0.0, 0.0, 0.0, 0.0, 0.0, 0.0, 0.0, 0.0, 0.0, 0.0, 0.0, 0.0, 0.0, 0.0, 0.0, 0.0, 0.0, 0.0, 0.0, 0.0, 0.0], [0.0, 0.0, 0.0, 0.0, 0.0, 0.0, 0.9693138257948027, 0.0, 0.0, 0.0, 0.0, 0.0, 0.0, 0.0, 0.0, 0.0, 0.0, 0.0, 0.0, 0.0, 0.0, 0.0, 0.0, 0.0, 0.0, 0.0, 0.0, 0.0, 0.0, 0.0], [0.0, 0.0, 0.0, 0.0, 0.0, 0.0, 0.969980788046487, 0.0, 0.0, 0.0, 0.0, 0.0, 0.0, 0.0, 0.0, 0.0, 0.0, 0.0, 0.0, 0.0, 0.0, 0.0, 0.0, 0.0, 0.0, 0.0, 0.0, 0.0, 0.0, 0.0], [0.0, 0.0, 0.0, 0.0, 0.0, 0.0, 0.0, 0.9844675275672313, 0.0, 0.0, 0.0, 0.0, 0.0, 0.0, 0.0, 0.0, 0.0, 0.0, 0.0, 0.0, 0.0, 0.0, 0.0, 0.0, 0.0, 0.0, 0.0, 0.0, 0.0, 0.0], [0.0, 0.0, 0.0, 0.0, 0.0, 0.0, 0.0, 0.9841800407458136, 0.0, 0.0, 0.0, 0.0, 0.0, 0.0, 0.0, 0.0, 0.0, 0.0, 0.0, 0.0, 0.0, 0.0, 0.0, 0.0, 0.0, 0.0, 0.0, 0.0, 0.0, 0.0], [0.0, 0.0, 0.0, 0.0, 0.0, 0.0, 0.0, 0.981542228672374, 0.0, 0.0, 0.0, 0.0, 0.0, 0.0, 0.0, 0.0, 0.0, 0.0, 0.0, 0.0, 0.0, 0.0, 0.0, 0.0, 0.0, 0.0, 0.0, 0.0, 0.0, 0.0], [0.0, 0.0, 0.0, 0.0, 0.0, 0.0, 0.0, 0.0, 0.0, 0.9706612822608082, 0.0, 0.0, 0.0, 0.0, 0.0, 0.0, 0.0, 0.0, 0.0, 0.0, 0.0, 0.0, 0.0, 0.0, 0.0, 0.0, 0.0, 0.0, 0.0, 0.0], [0.0, 0.0, 0.0, 0.0, 0.0, 0.0, 0.0, 0.0, 0.0, 0.9725618691463018, 0.0, 0.0, 0.0, 0.0, 0.0, 0.0, 0.0, 0.0, 0.0, 0.0, 0.0, 0.0, 0.0, 0.0, 0.0, 0.0, 0.0, 0.0, 0.0, 0.0], [0.0, 0.0, 0.0, 0.0, 0.0, 0.0, 0.0, 0.0, 0.0, 0.0, 0.0, 0.9751382021108772, 0.0, 0.0, 0.0, 0.0, 0.0, 0.0, 0.0, 0.0, 0.0, 0.0, 0.0, 0.0, 0.0, 0.0, 0.0, 0.0, 0.0, 0.0], [0.0, 0.0, 0.0, 0.0, 0.0, 0.0, 0.0, 0.0, 0.0, 0.0, 0.0, 0.9754128560299985, 0.0, 0.0, 0.0, 0.0, 0.0, 0.0, 0.0, 0.0, 0.0, 0.0, 0.0, 0.0, 0.0, 0.0, 0.0, 0.0, 0.0, 0.0], [0.0, 0.0, 0.0, 0.0, 0.0, 0.0, 0.0, 0.0, 0.0, 0.0, 0.0, 0.0, 0.9855316667188413, 0.0, 0.0, 0.0, 0.0, 0.0, 0.0, 0.0, 0.0, 0.0, 0.0, 0.0, 0.0, 0.0, 0.0, 0.0, 0.0, 0.0], [0.0, 0.0, 0.0, 0.0, 0.0, 0.0, 0.0, 0.0, 0.0, 0.0, 0.0, 0.0, 0.9795515820549492, 0.0, 0.0, 0.0, 0.0, 0.0, 0.0, 0.0, 0.0, 0.0, 0.0, 0.0, 0.0, 0.0, 0.0, 0.0, 0.0, 0.0], [0.0, 0.0, 0.0, 0.0, 0.0, 0.0, 0.0, 0.0, 0.0, 0.0, 0.0, 0.0, 0.985445285136395, 0.0, 0.0, 0.0, 0.0, 0.0, 0.0, 0.0, 0.0, 0.0, 0.0, 0.0, 0.0, 0.0, 0.0, 0.0, 0.0, 0.0]], "Born radii": [], "Atomic SASAs": [], "Solvent H bonds": [], "Total SASA": NaN, "Total FOD": 0.0, "FOD": [0.0, 0.0, 0.0, 0.0, 0.0, 0.0, 0.0, 0.0, 0.0, 0.0, 0.0, 0.0, 0.0, 0.0, 0.0, 0.0, 0.0, 0.0, 0.0, 0.0, 0.0, 0.0, 0.0, 0.0, 0.0, 0.0, 0.0, 0.0, 0.0, 0.0], "FOD s proportion": [0.0, 0.0, 0.0, 0.0, 0.0, 0.0, 0.0, 0.0, 0.0, 0.0, 0.0, 0.0, 0.0, 0.0, 0.0, 0.0, 0.0, 0.0, 0.0, 0.0, 0.0, 0.0, 0.0, 0.0, 0.0, 0.0, 0.0, 0.0, 0.0, 0.0], "FOD p proportion": [0.0, 0.0, 0.0, 0.0, 0.0, 0.0, 0.0, 0.0, 0.0, 0.0, 0.0, 0.0, 0.0, 0.0, 0.0, 0.0, 0.0, 0.0, 0.0, 0.0, 0.0, 0.0, 0.0, 0.0, 0.0, 0.0, 0.0, 0.0, 0.0, 0.0], "FOD d proportion": [0.0, 0.0, 0.0, 0.0, 0.0, 0.0, 0.0, 0.0, 0.0, 0.0, 0.0, 0.0, 0.0, 0.0, 0.0, 0.0, 0.0, 0.0, 0.0, 0.0, 0.0, 0.0, 0.0, 0.0, 0.0, 0.0, 0.0, 0.0, 0.0, 0.0], "coordinates": [["-2.59440", "2.87140", "-0.69150"], ["-2.39200", "1.82070", "0.38150"], ["-1.26630", "1.03190", "0.02900"], ["-1.01720", "-0.38880", "0.78360"], ["-0.79250", "-0.17350", "2.71040"], ["-2.39540", "-1.14860", "0.37510"], ["-2.60910", "-2.47570", "0.82830"], ["-3.66600", "-3.11790", "-0.04670"], ["0.52790", "-1.29870", "-0.30950"], ["1.86510", "-0.10650", "-0.11710"], ["3.32950", "-0.64550", "-1.03970"], ["4.43780", "0.72930", "-0.60990"], ["5.78970", "0.53550", "-1.27280"], ["-1.70190", "3.49790", "-0.79150"], ["-2.76340", "2.39980", "-1.66520"], ["-3.44980", "3.51060", "-0.45560"], ["-2.20650", "2.30630", "1.34390"], ["-3.28760", "1.19800", "0.46400"], ["-1.68230", "-3.05450", "0.77940"], ["-2.95280", "-2.44690", "1.86660"], ["-3.34150", "-3.13500", "-1.09240"], ["-4.59760", "-2.54360", "-0.01150"], ["-3.87050", "-4.14250", "0.27630"], ["2.11760", "-0.01620", "0.94250"], ["1.53680", "0.86610", "-0.49310"], ["4.56100", "0.76790", "0.47690"], ["3.99260", "1.67080", "-0.94600"], ["5.70300", "0.51240", "-2.36450"], ["6.45450", "1.36560", "-1.01160"], ["6.27150", "-0.39070", "-0.94140"]], "bond_dist": [[0.0, 1.5153432779406784, 2.380489468575738, 3.910547773650131, 4.908277012353724, 4.16384876766676, 5.558910553336867, 6.1184808645610715, 5.223448602216738, 5.393047748722424, 6.898001164105439, 7.351672449857922, 8.722813268091896, 1.0950152966968085, 1.0950156391577246, 1.0935879525671455, 2.14770984539346, 2.1484818011796145, 6.1734726070502655, 5.912414148213909, 6.065947591267171, 5.813556161249326, 7.194432657270481, 5.762910181496845, 4.596455600786327, 7.549146969691344, 6.700356677819473, 8.78695947185373, 9.178915451184851, 9.45028725648062], [1.5153432779406784, 0.0, 1.4190356514196534, 2.6331824281655836, 3.458180027124094, 2.9693088438220774, 4.325022035782014, 5.118222464879776, 4.328273717083983, 4.69953212671219, 6.390423626802843, 6.987145050734242, 8.445629782319374, 2.1598997314690327, 2.159230339727561, 2.162276406937837, 1.0938150529225679, 1.093919969650431, 4.942628201675703, 4.553287648501904, 5.256699910590294, 4.905734893978679, 6.144654874767175, 4.901572683333381, 4.136623715060387, 7.032901108362038, 6.5228707958996095, 8.647611802688647, 8.967073428382307, 9.038616410712425], [2.380489468575738, 1.4190356514196534, 0.0, 1.627839199675447, 2.9778148968664926, 2.479764559388653, 3.839954438531791, 4.794281032647127, 2.96064726875729, 3.335111052124052, 5.00771086325878, 5.747740145483267, 7.192234159146934, 2.6351705087147588, 2.642493606425567, 3.3386319204129107, 2.058405550420033, 2.0742391135064446, 4.175502499101157, 4.280549666806822, 4.788219774613525, 4.887064578046826, 5.798054008889534, 3.658384215743338, 2.8561245876186843, 5.850447478612213, 5.386543179071341, 7.387141868815029, 7.797753310409353, 7.732004640453858], [3.910547773650131, 2.6331824281655836, 1.627839199675447, 0.0, 1.95176904883749, 1.6259162124783675, 2.625127674990304, 3.8927530540736845, 2.100028483140169, 3.032920551217918, 4.720605752443218, 5.740123244321501, 7.170564765762876, 4.249257698704564, 4.101478494396868, 4.760092410867672, 2.998655463703691, 2.7883318597326245, 2.747422817842205, 3.025758081869732, 4.057506738133654, 4.2537761118798905, 4.74225029600927, 3.1608623839072783, 3.1189185465478255, 5.70511481216636, 5.686085152369775, 7.475545671721898, 7.882065927788222, 7.49004514672642], [4.908277012353724, 3.458180027124094, 2.9778148968664926, 1.95176904883749, 0.0, 2.9956192197941314, 3.484603393501189, 4.952584579792656, 3.4827183650131683, 3.880989952318867, 5.592577045513097, 6.260629203203141, 7.72618405682909, 5.1545601102324925, 5.4453829121559485, 5.536911783657024, 3.164826423360371, 3.626685707364232, 3.580595766070222, 3.247651780902626, 5.452446339946868, 5.24451138143488, 5.581387624059093, 3.4086501301835015, 4.094974835087513, 5.876624750654069, 6.298244633229166, 8.271432105143582, 8.291026583602298, 7.955055944492156], [4.16384876766676, 2.9693088438220774, 2.479764559388653, 1.6259162124783675, 2.9956192197941314, 0.0, 1.4185388045450147, 2.3812774071913587, 3.006142055858306, 4.413625890353645, 5.918551229819676, 7.154673692768944, 8.517489608446846, 4.840646657214302, 4.109670382159621, 4.848707713401582, 3.593131038523366, 2.5120620235177316, 2.0747108015335534, 2.0544707104264104, 2.64470157484734, 2.635368930529462, 3.3390295985510523, 4.6873704270091565, 4.502775163163268, 7.216289659513398, 7.1063961028076665, 8.709099363309619, 9.304024319615678, 8.799019278874209], [5.558910553336867, 4.325022035782014, 3.839954438531791, 2.625127674990304, 3.484603393501189, 1.4185388045450147, 0.0, 1.5149532831080963, 3.538458257490118, 5.150277219723225, 6.48891562589621, 7.8739598582923955, 9.166339950601875, 6.255450490572201, 5.478307310657189, 6.17988376832445, 4.826536451742595, 3.7535514423010103, 1.0937819206770611, 1.094086842988252, 2.158743787483823, 2.159631149062265, 2.161956567556342, 5.329528570145769, 5.486548278289366, 7.877484175166586, 7.995251442575149, 9.392215918514651, 10.014472660105474, 9.292153649719745], [6.1184808645610715, 5.118222464879776, 4.794281032647127, 3.8927530540736845, 4.952584579792656, 2.3812774071913587, 1.5149532831080963, 0.0, 4.579011868296478, 6.2981388782718986, 7.485708450774716, 8.988309992429055, 10.210823436922215, 6.9412697318286085, 5.820587796777916, 6.644618416432957, 5.786696315688253, 4.362452734414437, 2.1497735834268688, 2.1493282973989802, 1.0950256389692434, 1.0949603143493374, 1.0935970052994843, 6.636948733416585, 6.568154748481494, 9.113568324207593, 9.077143941791384, 10.311616552704043, 11.111135158479533, 10.343694416406548], [5.223448602216738, 4.328273717083983, 2.96064726875729, 2.100028483140169, 3.4827183650131683, 3.006142055858306, 3.538458257490118, 4.579011868296478, 0.0, 1.8017942279849826, 2.9679664485974224, 4.41478676381997, 5.65497796370596, 5.311469062321647, 5.133174498300248, 6.2428205956923035, 4.817333278900267, 4.6249165819504245, 3.0254786216398886, 4.262516503193858, 4.353985123998473, 5.282928189934063, 5.270320923814792, 2.3957162478056535, 2.3954012628367716, 4.599473462256305, 4.60729948993985, 5.855319651393937, 6.535749877405041, 5.8491625528788305], [5.393047748722424, 4.69953212671219, 3.335111052124052, 3.032920551217918, 3.880989952318867, 4.413625890353645, 5.150277219723225, 6.2981388782718986, 1.8017942279849826, 0.0, 1.8127821490736276, 2.749581562710952, 4.141291060768369, 5.115662588560743, 5.4864529114902645, 6.437868954087214, 4.9531859847980675, 5.346935080024817, 4.69877250034517, 5.711803415734823, 6.101778912743398, 6.907756441855778, 7.024326794789662, 1.0930061756458653, 1.0932097923088688, 2.8957362051816804, 2.8934627611220436, 4.490358602606255, 4.902020095838042, 4.491837162008435], [6.898001164105439, 6.390423626802843, 5.00771086325878, 4.720605752443218, 5.592577045513097, 5.918551229819676, 6.48891562589621, 7.485708450774716, 2.9679664485974224, 1.8127821490736276, 0.0, 1.8174520543882309, 2.7389196136433065, 6.522603219574221, 6.840214378950415, 7.973283420900075, 6.711331328432534, 7.031757842104632, 5.850687570704832, 7.152546045989498, 7.120577823463485, 8.215771008249925, 8.111773234009934, 2.407039039982526, 2.4077955498754458, 2.4112999336457506, 2.4111671426925176, 2.9545439072723227, 3.7163070136898004, 2.954648867462934], [7.351672449857922, 6.987145050734242, 5.747740145483267, 5.740123244321501, 6.260629203203141, 7.154673692768944, 7.8739598582923955, 8.988309992429055, 4.41478676381997, 2.749581562710952, 1.8174520543882309, 0.0, 1.518100279955181, 6.737509971050136, 7.467362973634, 8.365026714840784, 7.102885746652554, 7.813753647255589, 7.328227680687876, 8.41678484042452, 8.699605119199376, 9.62852066155544, 9.672002614246958, 2.8894712405559604, 2.906571430396989, 1.094441611051042, 1.0943438673470056, 2.174028014998887, 2.1525146851996158, 2.1741085391488615], [8.722813268091896, 8.445629782319374, 7.192234159146934, 7.170564765762876, 7.72618405682909, 8.517489608446846, 9.166339950601875, 10.210823436922215, 5.65497796370596, 4.141291060768369, 2.7389196136433065, 1.518100279955181, 0.0, 8.070411018653262, 8.762711444524463, 9.741016173890689, 8.597794250271404, 9.265676218172098, 8.5399302596684, 9.756118509427814, 9.842963367299506, 10.907233186743555, 10.84448518141825, 4.323915516057177, 4.336402525135322, 2.1506193387022257, 2.1506447265878204, 1.0953809337394915, 1.0951029586299184, 1.095355485675769], [1.0950152966968085, 2.1598997314690327, 2.6351705087147588, 4.249257698704564, 5.1545601102324925, 4.840646657214302, 6.255450490572201, 6.9412697318286085, 5.311469062321647, 5.115662588560743, 6.522603219574221, 6.737509971050136, 8.070411018653262, 0.0, 1.759533333017593, 1.7799282316992449, 2.496891042877122, 3.0627217878873685, 6.738104832221001, 6.63105522975039, 6.839165985703227, 6.744864768103212, 8.013659274014586, 5.472132587940464, 4.1838488846993505, 6.948788021662483, 5.982432190171486, 8.137572319801528, 8.433386523811178, 8.872360876903057], [1.0950156391577246, 2.159230339727561, 2.642493606425567, 4.101478494396868, 5.4453829121559485, 4.109670382159621, 5.478307310657189, 5.820587796777916, 5.133174498300248, 5.4864529114902645, 6.840214378950415, 7.467362973634, 8.762711444524463, 1.759533333017593, 0.0, 1.7799308301167214, 3.0616274544758055, 2.5005202498680146, 6.074062467574728, 5.999998707499861, 5.5943105464391225, 5.525958458946285, 6.91352167494975, 6.03832065147256, 4.713573393933736, 7.803750725132114, 6.833170979859936, 8.702369114787077, 9.29873340891113, 9.483680440630632], [1.0935879525671455, 2.162276406937837, 3.3386319204129107, 4.760092410867672, 5.536911783657024, 4.848707713401582, 6.17988376832445, 6.644618416432957, 6.2428205956923035, 6.437868954087214, 7.973283420900075, 8.365026714840784, 9.741016173890689, 1.7799282316992449, 1.7799308301167214, 0.0, 2.4968647600540965, 2.4940111788041373, 6.910124402642835, 6.413378835684042, 6.676918637365593, 6.1780261645609755, 7.699519836327458, 6.737131779177249, 5.644551891868831, 8.518501991547575, 7.682100881920258, 9.818699012089128, 10.149153634170684, 10.48617265831533], [2.14770984539346, 1.0938150529225679, 2.058405550420033, 2.998655463703691, 3.164826423360371, 3.593131038523366, 4.826536451742595, 5.786696315688253, 4.817333278900267, 4.9531859847980675, 6.711331328432534, 7.102885746652554, 8.597794250271404, 2.496891042877122, 3.0616274544758055, 2.4968647600540965, 0.0, 1.7808228744038523, 5.415867661787906, 4.839740614950351, 6.068898448647827, 5.57458504105911, 6.745049088034867, 4.924730349978565, 4.4114668682876905, 6.994098927667523, 6.639001662147706, 8.917987330109861, 9.024755827167846, 9.18547163133173], [2.1484818011796145, 1.093919969650431, 2.0742391135064446, 2.7883318597326245, 3.626685707364232, 2.5120620235177316, 3.7535514423010103, 4.362452734414437, 4.6249165819504245, 5.346935080024817, 7.031757842104632, 7.813753647255589, 9.265676218172098, 3.0627217878873685, 2.5005202498680146, 2.4940111788041373, 1.7808228744038523, 0.0, 4.556338606820173, 3.91977981652031, 4.604364795495683, 3.9927147168311437, 5.3754947632752845, 5.560524339484542, 4.929607832272259, 7.860386401443633, 7.430541829503418, 9.449939045835164, 9.854643450171093, 9.791604039175603], [6.1734726070502655, 4.942628201675703, 4.175502499101157, 2.747422817842205, 3.580595766070222, 2.0747108015335534, 1.0937819206770611, 2.1497735834268688, 3.0254786216398886, 4.69877250034517, 5.850687570704832, 7.328227680687876, 8.5399302596684, 6.738104832221001, 6.074062467574728, 6.910124402642835, 5.415867661787906, 4.556338606820173, 0.0, 1.779143572059321, 2.5026106628878573, 3.063578905463347, 2.4950095891599298, 4.867967595413922, 5.230006254298363, 7.326734804809029, 7.583531846046405, 8.783481024627992, 9.431462201058752, 8.562705035209376], [5.912414148213909, 4.553287648501904, 4.280549666806822, 3.025758081869732, 3.247651780902626, 2.0544707104264104, 1.094086842988252, 2.1493282973989802, 4.262516503193858, 5.711803415734823, 7.152546045989498, 8.41678484042452, 9.756118509427814, 6.63105522975039, 5.999998707499861, 6.413378835684042, 4.839740614950351, 3.91977981652031, 1.779143572059321, 0.0, 3.0627194288736277, 2.4983949927903715, 2.4992572376608218, 5.69835234607338, 6.058107068218586, 8.289957513160124, 8.550131765651333, 10.07881626680435, 10.550662764964104, 9.859033062628402], [6.065947591267171, 5.256699910590294, 4.788219774613525, 4.057506738133654, 5.452446339946868, 2.64470157484734, 2.158743787483823, 1.0950256389692434, 4.353985123998473, 6.101778912743398, 7.120577823463485, 8.699605119199376, 9.842963367299506, 6.839165985703227, 5.5943105464391225, 6.676918637365593, 6.068898448647827, 4.604364795495683, 2.5026106628878573, 3.0627194288736277, 0.0, 1.759512995121093, 1.779954196039887, 6.608290570185303, 6.337647244048851, 8.952364891468623, 8.769616263554523, 9.83487394021906, 10.78070243537034, 9.99818746023498], [5.813556161249326, 4.905734893978679, 4.887064578046826, 4.2537761118798905, 5.24451138143488, 2.635368930529462, 2.159631149062265, 1.0949603143493374, 5.282928189934063, 6.907756441855778, 8.215771008249925, 9.62852066155544, 10.907233186743555, 6.744864768103212, 5.525958458946285, 6.1780261645609755, 5.57458504105911, 3.9927147168311437, 3.063578905463347, 2.4983949927903715, 1.759512995121093, 0.0, 1.7798832714534962, 7.23821647921641, 7.03483162627223, 9.75112920486648, 9.613843854047142, 10.99900474406662, 11.765668661831334, 11.119218822831035], [7.194432657270481, 6.144654874767175, 5.798054008889534, 4.74225029600927, 5.581387624059093, 3.3390295985510523, 2.161956567556342, 1.0935970052994843, 5.270320923814792, 7.024326794789662, 8.111773234009934, 9.672002614246958, 10.84448518141825, 8.013659274014586, 6.91352167494975, 7.699519836327458, 6.745049088034867, 5.3754947632752845, 2.4950095891599298, 2.4992572376608218, 1.779954196039887, 1.7798832714534962, 0.0, 7.302569119152518, 7.410596710791919, 9.759224393874751, 9.854786440608441, 10.96785397878728, 11.772997792406146, 10.882047625791756], [5.762910181496845, 4.901572683333381, 3.658384215743338, 3.1608623839072783, 3.4086501301835015, 4.6873704270091565, 5.329528570145769, 6.636948733416585, 2.3957162478056535, 1.0930061756458653, 2.407039039982526, 2.8894712405559604, 4.323915516057177, 5.472132587940464, 6.03832065147256, 6.737131779177249, 4.924730349978565, 5.560524339484542, 4.867967595413922, 5.69835234607338, 6.608290570185303, 7.23821647921641, 7.302569119152518, 0.0, 1.782338152540084, 2.6080260217260105, 3.1508770604388867, 4.9061960947357175, 4.953441193756114, 4.576484968837984], [4.596455600786327, 4.136623715060387, 2.8561245876186843, 3.1189185465478255, 4.094974835087513, 4.502775163163268, 5.486548278289366, 6.568154748481494, 2.3954012628367716, 1.0932097923088688, 2.4077955498754458, 2.906571430396989, 4.336402525135322, 4.1838488846993505, 4.713573393933736, 5.644551891868831, 4.4114668682876905, 4.929607832272259, 5.230006254298363, 6.058107068218586, 6.337647244048851, 7.03483162627223, 7.410596710791919, 1.782338152540084, 0.0, 3.1774720895705757, 2.62366425824647, 4.580880274576056, 4.970122311372227, 4.9191364303096945], [7.549146969691344, 7.032901108362038, 5.850447478612213, 5.70511481216636, 5.876624750654069, 7.216289659513398, 7.877484175166586, 9.113568324207593, 4.599473462256305, 2.8957362051816804, 2.4112999336457506, 1.094441611051042, 2.1506193387022257, 6.948788021662483, 7.803750725132114, 8.518501991547575, 6.994098927667523, 7.860386401443633, 7.326734804809029, 8.289957513160124, 8.952364891468623, 9.75112920486648, 9.759224393874751, 2.6080260217260105, 3.1774720895705757, 0.0, 1.7784688302019802, 3.0729461775306124, 2.4815760697588947, 2.5059407614706295], [6.700356677819473, 6.5228707958996095, 5.386543179071341, 5.686085152369775, 6.298244633229166, 7.1063961028076665, 7.995251442575149, 9.077143941791384, 4.60729948993985, 2.8934627611220436, 2.4111671426925176, 1.0943438673470056, 2.1506447265878204, 5.982432190171486, 6.833170979859936, 7.682100881920258, 6.639001662147706, 7.430541829503418, 7.583531846046405, 8.550131765651333, 8.769616263554523, 9.613843854047142, 9.854786440608441, 3.1508770604388867, 2.62366425824647, 1.7784688302019802, 0.0, 2.5058932479257776, 2.4816127840579805, 3.0729771590430017], [8.78695947185373, 8.647611802688647, 7.387141868815029, 7.475545671721898, 8.271432105143582, 8.709099363309619, 9.392215918514651, 10.311616552704043, 5.855319651393937, 4.490358602606255, 2.9545439072723227, 2.174028014998887, 1.0953809337394915, 8.137572319801528, 8.702369114787077, 9.818699012089128, 8.917987330109861, 9.449939045835164, 8.783481024627992, 10.07881626680435, 9.83487394021906, 10.99900474406662, 10.96785397878728, 4.9061960947357175, 4.580880274576056, 3.0729461775306124, 2.5058932479257776, 0.0, 1.7672127489354528, 1.7787623421918959], [9.178915451184851, 8.967073428382307, 7.797753310409353, 7.882065927788222, 8.291026583602298, 9.304024319615678, 10.014472660105474, 11.111135158479533, 6.535749877405041, 4.902020095838042, 3.7163070136898004, 2.1525146851996158, 1.0951029586299184, 8.433386523811178, 9.29873340891113, 10.149153634170684, 9.024755827167846, 9.854643450171093, 9.431462201058752, 10.550662764964104, 10.78070243537034, 11.765668661831334, 11.772997792406146, 4.953441193756114, 4.970122311372227, 2.4815760697588947, 2.4816127840579805, 1.7672127489354528, 0.0, 1.7672030811426287], [9.45028725648062, 9.038616410712425, 7.732004640453858, 7.49004514672642, 7.955055944492156, 8.799019278874209, 9.292153649719745, 10.343694416406548, 5.8491625528788305, 4.491837162008435, 2.954648867462934, 2.1741085391488615, 1.095355485675769, 8.872360876903057, 9.483680440630632, 10.48617265831533, 9.18547163133173, 9.791604039175603, 8.562705035209376, 9.859033062628402, 9.99818746023498, 11.119218822831035, 10.882047625791756, 4.576484968837984, 4.9191364303096945, 2.5059407614706295, 3.0729771590430017, 1.7787623421918959, 1.7672030811426287, 0.0]]}