{"total energy": -20.88759055, "HOMO-LUMO gap/eV": 10.79587711, "electronic energy": -21.13494879, "dipole": [0.10416756, -0.5078943, 0.3186874], "partial charges": [0.04180291, -0.32906662, 0.15287667, -0.11328824, -0.11328001, -0.11265265, 0.04929943, 0.02878348, 0.02879431, 0.03782465, 0.03369707, 0.04347642, 0.04346708, 0.03369022, 0.03782883, 0.0486615, 0.03943459, 0.04865037], "atomic dipole moments": [[-0.20389572, 0.00342804, -0.06447774], [0.0913357, -0.21208584, 0.14774568], [0.11093177, 0.10612953, -0.02590078], [0.01100523, 0.00434463, -0.10458386], [-0.03482256, 0.08868698, 0.04479462], [0.10031717, -0.04501072, 0.05615564], [0.06644713, 0.09909013, -0.03554029], [0.00029037, 0.00165007, 0.12142422], [0.05335953, -0.09607555, -0.05166006], [-0.09566849, -0.08067845, 0.03155157], [0.10107653, -0.04278257, 0.06141915], [-0.02226837, 0.11346693, 0.05759789], [0.03349694, 0.01077639, -0.12431123], [0.10379654, -0.0477928, 0.05256077], [-0.08898116, -0.092946, 0.00981132], [0.01112224, 0.02006577, -0.12611029], [-0.09562341, -0.08367487, 0.01789578], [-0.04017123, 0.11454973, 0.04122699]], "atomic quadrupole moments": [[0.37883195, -0.03377902, -0.20894126, 0.21388192, -0.03724039, -0.16989069], [0.11284682, 0.04958442, -0.01134774, 0.05430619, -0.06618191, -0.10149908], [0.04428017, 0.15221123, 0.0594472, -0.03367515, -0.05810891, -0.10372737], [-0.08593894, 0.00262143, -0.11397187, -0.03662671, -0.02896897, 0.19991081], [-0.06632629, -0.08129254, 0.1286736, -0.02836924, 0.11190101, -0.06234731], [0.14830524, -0.08477592, -0.09243052, 0.12969562, -0.0408514, -0.05587472], [-0.00467127, 0.04371744, 0.04065655, -0.00869164, -0.04164191, -0.03598527], [-0.01062483, -0.00367505, -0.05786756, -0.0068056, -0.01233545, 0.06849239], [-0.00784649, -0.03231419, 0.03815923, 0.00383051, 0.04484433, -0.03031274], [0.03059704, 0.06656066, 0.0004571, -0.00493393, -0.00951423, -0.03105414], [0.05628604, -0.0437529, -0.03390037, 0.0317289, -0.01465486, -0.02238567], [-0.04235573, -0.02997891, 0.06568231, -0.00800126, 0.03081039, -0.02332658], [-0.0444687, -0.00212877, -0.02959944, -0.0194808, -0.02609662, 0.07406815], [0.03822064, -0.02750246, -0.03246244, 0.05862666, -0.00867616, -0.0057582], [0.03972623, 0.05551158, 0.01031715, -0.01689201, -0.00614415, -0.05004338], [-0.03005697, -0.00658352, -0.04771546, -0.02471226, -0.00646711, 0.07777243], [0.01354838, 0.05787679, 0.02745253, -0.01234866, -0.02755655, -0.04100091], [-0.0335445, -0.02910345, 0.04704103, -0.00498778, 0.05171333, -0.01349654]], "number of molecular orbitals": 36, "number of electrons": 38, "number of unpaired electrons": 0, "orbital energies/eV": [-18.57053235, -17.34686642, -16.61092163, -16.19358873, -15.95035893, -15.33377782, -14.42323117, -14.29368251, -14.2649991, -13.52008108, -13.24261016, -12.92188984, -12.63120108, -12.46577498, -12.26341567, -12.12466577, -12.04887569, -11.51166413, -10.59848426, 0.19739285, 1.9468165, 2.38547788, 2.69818103, 3.27759582, 3.85628691, 4.66129565, 4.7599547, 5.40111964, 5.5304677, 5.75538862, 5.93474994, 6.02510273, 6.83094742, 6.89948552, 6.98685215, 7.76572148], "fractional occupation": [2.0, 2.0, 2.0, 2.0, 2.0, 2.0, 2.0, 2.0, 2.0, 2.0, 2.0, 2.0, 2.0, 2.0, 2.0, 2.0, 2.0, 2.0, 2.0, 0.0, 0.0, 0.0, 0.0, 0.0, 0.0, 0.0, 0.0, 0.0, 0.0, 0.0, 0.0, 0.0, 0.0, 0.0, 0.0, 0.0], "program call": "xtb /home/svss/Project-DBcg-Debug/aqme2_20220329/End-to-End-workflows-final/example-3/QDESCP/mol_315_rdkit_conf_1/mol_315_rdkit_conf_1.xyz --pop --wbo --acc 0.2 --gfn 2 --chrg 0 --uhf 0 --etemp 300 --input /home/svss/Project-DBcg-Debug/aqme2_20220329/End-to-End-workflows-final/example-3/QDESCP/mol_315_rdkit_conf_1/mol_315_rdkit_conf_1_xtb.inp", "method": "GFN2-xTB", "xtb version": "6.3.3 (7355c4f)", "Dipole module/D": 1.547, "Total charge": 0, "Transition dipole module/D": NaN, "HOMO": -10.5985, "LUMO": 0.1974, "HOMO occupancy": 2.0, "LUMO occupancy": 0, "mulliken charges": [0.1712, -0.4727, 0.25608, -0.11377, -0.11376, -0.0963, 0.03129, 0.01409, 0.01409, 0.03011, 0.03084, 0.04208, 0.04207, 0.03083, 0.03011, 0.04006, 0.02361, 0.04006], "cm5 charges": [0.04872, -0.56851, 0.24653, -0.25785, -0.25784, -0.23892, 0.09044, 0.07379, 0.0738, 0.08238, 0.08446, 0.09601, 0.096, 0.08445, 0.08239, 0.09414, 0.07591, 0.09412], "FUKUI+": [0.011, -0.2, -0.07, 0.037, 0.037, 0.035, -0.103, -0.075, -0.075, -0.09, -0.046, -0.053, -0.053, -0.046, -0.09, -0.057, -0.106, -0.057], "FUKUI-": [0.041, -0.182, -0.019, 0.005, 0.005, 0.026, -0.08, -0.111, -0.111, -0.068, -0.053, -0.059, -0.059, -0.053, -0.068, -0.076, -0.059, -0.076], "FUKUIrad": [0.026, -0.191, -0.044, 0.021, 0.021, 0.031, -0.092, -0.093, -0.093, -0.079, -0.05, -0.056, -0.056, -0.05, -0.079, -0.066, -0.082, -0.066], "s proportion": [0.967, 1.692, 1.041, 1.021, 1.021, 1.018, 0.969, 0.986, 0.986, 0.97, 0.969, 0.958, 0.958, 0.969, 0.97, 0.96, 0.976, 0.96], "p proportion": [2.862, 4.781, 2.702, 3.093, 3.093, 3.079, 0.0, 0.0, 0.0, 0.0, 0.0, 0.0, 0.0, 0.0, 0.0, 0.0, 0.0, 0.0], "d proportion": [0.0, 0.0, 0.0, 0.0, 0.0, 0.0, 0.0, 0.0, 0.0, 0.0, 0.0, 0.0, 0.0, 0.0, 0.0, 0.0, 0.0, 0.0], "Fermi-level/eV": -5.2005, "Coordination numbers": [3.632, 1.698, 3.78, 3.753, 3.753, 3.755, 0.924, 0.924, 0.924, 0.924, 0.924, 0.924, 0.924, 0.924, 0.924, 0.924, 0.924, 0.924], "Dispersion coefficient C6": [20.261, 19.51, 18.149, 22.727, 22.727, 22.711, 2.329, 2.604, 2.604, 2.478, 2.535, 2.403, 2.403, 2.535, 2.478, 2.337, 2.457, 2.337], "Total dispersion C6": 2133.722503, "Total dispersion C8": 43630.07618, "Polarizability alpha": [6.48, 5.963, 6.069, 6.798, 6.798, 6.795, 2.386, 2.523, 2.523, 2.462, 2.49, 2.424, 2.424, 2.49, 2.462, 2.391, 2.451, 2.391], "Total polarizability alpha": 68.320698, "Wiberg matrix": [[0.0, 0.9960943843589753, 0.0, 0.0, 0.0, 0.0, 0.979923291304745, 0.9772959295893824, 0.977298242775887, 0.0, 0.0, 0.0, 0.0, 0.0, 0.0, 0.0, 0.0, 0.0], [0.9960943843589753, 0.0, 0.9551378883615501, 0.0, 0.0, 0.0, 0.0, 0.0, 0.0, 0.0, 0.0, 0.0, 0.0, 0.0, 0.0, 0.0, 0.0, 0.0], [0.0, 0.9551378883615501, 0.0, 0.9905926881362122, 0.9906094984868147, 0.9912898677998828, 0.0, 0.0, 0.0, 0.0, 0.0, 0.0, 0.0, 0.0, 0.0, 0.0, 0.0, 0.0], [0.0, 0.0, 0.9905926881362122, 0.0, 0.0, 0.0, 0.0, 0.0, 0.0, 0.985185643276299, 0.9829616465632045, 0.9852951945208087, 0.0, 0.0, 0.0, 0.0, 0.0, 0.0], [0.0, 0.0, 0.9906094984868147, 0.0, 0.0, 0.0, 0.0, 0.0, 0.0, 0.0, 0.0, 0.0, 0.9852916960065881, 0.982958442967431, 0.985183976949661, 0.0, 0.0, 0.0], [0.0, 0.0, 0.9912898677998828, 0.0, 0.0, 0.0, 0.0, 0.0, 0.0, 0.0, 0.0, 0.0, 0.0, 0.0, 0.0, 0.9849905799982557, 0.9857044275533013, 0.9849909560644358], [0.979923291304745, 0.0, 0.0, 0.0, 0.0, 0.0, 0.0, 0.0, 0.0, 0.0, 0.0, 0.0, 0.0, 0.0, 0.0, 0.0, 0.0, 0.0], [0.9772959295893824, 0.0, 0.0, 0.0, 0.0, 0.0, 0.0, 0.0, 0.0, 0.0, 0.0, 0.0, 0.0, 0.0, 0.0, 0.0, 0.0, 0.0], [0.977298242775887, 0.0, 0.0, 0.0, 0.0, 0.0, 0.0, 0.0, 0.0, 0.0, 0.0, 0.0, 0.0, 0.0, 0.0, 0.0, 0.0, 0.0], [0.0, 0.0, 0.0, 0.985185643276299, 0.0, 0.0, 0.0, 0.0, 0.0, 0.0, 0.0, 0.0, 0.0, 0.0, 0.0, 0.0, 0.0, 0.0], [0.0, 0.0, 0.0, 0.9829616465632045, 0.0, 0.0, 0.0, 0.0, 0.0, 0.0, 0.0, 0.0, 0.0, 0.0, 0.0, 0.0, 0.0, 0.0], [0.0, 0.0, 0.0, 0.9852951945208087, 0.0, 0.0, 0.0, 0.0, 0.0, 0.0, 0.0, 0.0, 0.0, 0.0, 0.0, 0.0, 0.0, 0.0], [0.0, 0.0, 0.0, 0.0, 0.9852916960065881, 0.0, 0.0, 0.0, 0.0, 0.0, 0.0, 0.0, 0.0, 0.0, 0.0, 0.0, 0.0, 0.0], [0.0, 0.0, 0.0, 0.0, 0.982958442967431, 0.0, 0.0, 0.0, 0.0, 0.0, 0.0, 0.0, 0.0, 0.0, 0.0, 0.0, 0.0, 0.0], [0.0, 0.0, 0.0, 0.0, 0.985183976949661, 0.0, 0.0, 0.0, 0.0, 0.0, 0.0, 0.0, 0.0, 0.0, 0.0, 0.0, 0.0, 0.0], [0.0, 0.0, 0.0, 0.0, 0.0, 0.9849905799982557, 0.0, 0.0, 0.0, 0.0, 0.0, 0.0, 0.0, 0.0, 0.0, 0.0, 0.0, 0.0], [0.0, 0.0, 0.0, 0.0, 0.0, 0.9857044275533013, 0.0, 0.0, 0.0, 0.0, 0.0, 0.0, 0.0, 0.0, 0.0, 0.0, 0.0, 0.0], [0.0, 0.0, 0.0, 0.0, 0.0, 0.9849909560644358, 0.0, 0.0, 0.0, 0.0, 0.0, 0.0, 0.0, 0.0, 0.0, 0.0, 0.0, 0.0]], "Born radii": [], "Atomic SASAs": [], "Solvent H bonds": [], "Total SASA": NaN, "Total FOD": 0.0, "FOD": [0.0, 0.0, 0.0, 0.0, 0.0, 0.0, 0.0, 0.0, 0.0, 0.0, 0.0, 0.0, 0.0, 0.0, 0.0, 0.0, 0.0, 0.0], "FOD s proportion": [0.0, 0.0, 0.0, 0.0, 0.0, 0.0, 0.0, 0.0, 0.0, 0.0, 0.0, 0.0, 0.0, 0.0, 0.0, 0.0, 0.0, 0.0], "FOD p proportion": [0.0, 0.0, 0.0, 0.0, 0.0, 0.0, 0.0, 0.0, 0.0, 0.0, 0.0, 0.0, 0.0, 0.0, 0.0, 0.0, 0.0, 0.0], "FOD d proportion": [0.0, 0.0, 0.0, 0.0, 0.0, 0.0, 0.0, 0.0, 0.0, 0.0, 0.0, 0.0, 0.0, 0.0, 0.0, 0.0, 0.0, 0.0], "coordinates": [["1.92420", "0.93140", "0.06420"], ["0.59770", "1.07030", "-0.42100"], ["-0.32390", "0.01500", "-0.10780"], ["-0.53240", "-0.12050", "1.40530"], ["0.11900", "-1.31970", "-0.71900"], ["-1.65110", "0.43820", "-0.75370"], ["2.49160", "1.80960", "-0.25750"], ["1.94840", "0.90150", "1.15620"], ["2.41190", "0.04820", "-0.35530"], ["-1.35550", "-0.80550", "1.63590"], ["0.36400", "-0.50680", "1.90190"], ["-0.75140", "0.85320", "1.85750"], ["0.36410", "-1.20040", "-1.78030"], ["1.01700", "-1.70890", "-0.22750"], ["-0.66220", "-2.08170", "-0.62480"], ["-1.53300", "0.57050", "-1.83550"], ["-2.44230", "-0.29880", "-0.58030"], ["-1.98590", "1.40440", "-0.35840"]], "bond_dist": [[0.0, 1.419265479041888, 2.433788522037196, 2.9899709664142224, 2.989916468732864, 3.700672471321935, 1.0939236216482393, 1.092677285386678, 1.0926453129904508, 4.030321896573523, 2.8070953973814285, 3.221936605521592, 3.2219037074375767, 2.8070063804701264, 4.030255273552781, 3.961229700484434, 4.582040434129756, 3.961212159175522], [1.419265479041888, 0.0, 1.4356527748728103, 2.4557081137627086, 2.4556175781257146, 2.3595213794327017, 2.039645545186712, 2.0833731710857752, 2.083345036233797, 3.400654861934683, 2.817396761196406, 2.656833730213466, 2.656754399638777, 2.817304985265174, 3.40058619211453, 2.605857398247264, 3.3378752672920537, 2.605864641534552], [2.433788522037196, 1.4356527748728103, 0.0, 1.5333962664621303, 1.5333459948752597, 1.5354949983637198, 3.342160902769345, 2.7471668205625956, 2.7471731161322905, 2.1858427436574663, 2.187321590438864, 2.1789308341477938, 2.178944104377164, 2.187275042147192, 2.185837775316366, 2.1806995093318107, 2.193021944714644, 2.180705555548479], [2.9899709664142224, 2.4557081137627086, 1.5333962664621303, 0.0, 2.5248867479552426, 2.4949782323699736, 3.954082175423268, 2.6946063627179386, 3.4346869639022417, 1.0953971745444662, 1.09515853190303, 1.0956904352963934, 3.481083684716585, 2.7549393387151015, 2.825678589294968, 3.461425428923755, 2.7608180418129695, 2.7474751955204257], [2.989916468732864, 2.4556175781257146, 1.5333459948752597, 2.5248867479552426, 0.0, 2.4949289589084493, 3.9540778318085748, 3.4346482847593, 2.6945906015571275, 2.82561602133057, 2.7549860653005123, 3.48101175235017, 1.0957482329440464, 1.0951953661333669, 1.0953497523622306, 2.74745924264583, 2.7607484836543876, 3.461409709930334], [3.700672471321935, 2.3595213794327017, 1.5354949983637198, 2.4949782323699736, 2.4949289589084493, 0.0, 4.391914809055384, 4.101068781427593, 4.1010720013186805, 2.7100474553040574, 3.4649479606481823, 2.7928570550602836, 2.7928387995013244, 3.4649217105152608, 2.7100617022496003, 1.0962400010946507, 1.0950954296315913, 1.0963099789749249], [1.0939236216482393, 2.039645545186712, 3.342160902769345, 3.954082175423268, 3.9540778318085748, 4.391914809055384, 0.0, 1.7658594338168596, 1.7659124808438271, 5.022339094485756, 3.8151538736989363, 3.988104181186846, 3.9881419345354296, 3.8151261329083215, 5.022308176526009, 4.496983207662666, 5.375213447854884, 4.49692940794049], [1.092677285386678, 2.0833731710857752, 2.7471668205625956, 2.6946063627179386, 3.4346482847593, 4.101068781427593, 1.7658594338168596, 0.0, 1.7965481874973461, 3.7496288216302154, 2.2471539199618706, 2.789816234091414, 3.9434784581635536, 3.0977927319302694, 4.3458803020792, 4.602170775840462, 4.87179626318671, 4.245661086332728], [1.0926453129904508, 2.083345036233797, 2.7471731161322905, 3.4346869639022417, 2.6945906015571275, 4.1010720013186805, 1.7659124808438271, 1.7965481874973461, 0.0, 4.345915771158019, 3.097881735960881, 3.9434725471340615, 2.7898228976047923, 2.247104639308103, 3.749559316773106, 4.24570669500379, 4.871785262098485, 4.602166108475443], [4.030321896573523, 3.400654861934683, 2.1858427436574663, 1.0953971745444662, 2.82561602133057, 2.7100474553040574, 5.022339094485756, 3.7496288216302154, 4.345915771158019, 0.0, 1.7654058853419516, 1.7791371672808143, 3.8449177637499607, 3.14915026157851, 2.6870273202928177, 3.7383820310396314, 2.519805859585218, 3.042744593290735], [2.8070953973814285, 2.817396761196406, 2.187321590438864, 1.09515853190303, 2.7549860653005123, 3.4649479606481823, 3.8151538736989363, 2.2471539199618706, 3.097881735960881, 1.7654058853419516, 0.0, 1.7594568821087944, 3.7469558057174894, 2.530967753646814, 3.1492236090820858, 4.327510028873417, 3.7523193534132986, 3.7793744905738036], [3.221936605521592, 2.656833730213466, 2.1789308341477938, 1.0956904352963934, 3.48101175235017, 2.7928570550602836, 3.988104181186846, 2.789816234091414, 3.9434725471340615, 1.7791371672808143, 1.7594568821087944, 0.0, 4.3237948667808, 3.7468413323758454, 3.8449197572901306, 3.7853753908958616, 3.182627161638636, 2.5957705021823485], [3.2219037074375767, 2.656754399638777, 2.178944104377164, 3.481083684716585, 1.0957482329440464, 2.7928387995013244, 3.9881419345354296, 3.9434784581635536, 2.7898228976047923, 3.8449177637499607, 3.7469558057174894, 4.3237948667808, 0.0, 1.7595563361256723, 1.7790901129509995, 2.5957893327463997, 3.182571840508867, 3.785403895227034], [2.8070063804701264, 2.817304985265174, 2.187275042147192, 2.7549393387151015, 1.0951953661333669, 3.4649217105152608, 3.8151261329083215, 3.0977927319302694, 2.247104639308103, 3.14915026157851, 2.530967753646814, 3.7468413323758454, 1.7595563361256723, 0.0, 1.765372416800489, 3.779395237336259, 3.7522801521208407, 4.327491202764022], [4.030255273552781, 3.40058619211453, 2.185837775316366, 2.825678589294968, 1.0953497523622306, 2.7100617022496003, 5.022308176526009, 4.3458803020792, 3.749559316773106, 2.6870273202928177, 3.1492236090820858, 3.8449197572901306, 1.7790901129509995, 1.765372416800489, 0.0, 3.0427375782344424, 2.5198152055259926, 3.7384547422698597], [3.961229700484434, 2.605857398247264, 2.1806995093318107, 3.461425428923755, 2.74745924264583, 1.0962400010946507, 4.496983207662666, 4.602170775840462, 4.24570669500379, 3.7383820310396314, 4.327510028873417, 3.7853753908958616, 2.5957893327463997, 3.779395237336259, 3.0427375782344424, 0.0, 1.7770863850696734, 1.7556571504710137], [4.582040434129756, 3.3378752672920537, 2.193021944714644, 2.7608180418129695, 2.7607484836543876, 1.0950954296315913, 5.375213447854884, 4.87179626318671, 4.871785262098485, 2.519805859585218, 3.7523193534132986, 3.182627161638636, 3.182571840508867, 3.7522801521208407, 2.5198152055259926, 1.7770863850696734, 0.0, 1.7771974594850173], [3.961212159175522, 2.605864641534552, 2.180705555548479, 2.7474751955204257, 3.461409709930334, 1.0963099789749249, 4.49692940794049, 4.245661086332728, 4.602166108475443, 3.042744593290735, 3.7793744905738036, 2.5957705021823485, 3.785403895227034, 4.327491202764022, 3.7384547422698597, 1.7556571504710137, 1.7771974594850173, 0.0]]}