{"total energy": -43.35508045, "HOMO-LUMO gap/eV": 9.58663188, "electronic energy": -43.64582733, "dipole": [-0.81871155, 0.95333468, 0.31831086], "partial charges": [-0.43854799, 0.06797179, 0.09632994, -0.34179471, 0.23329704, -0.43568554, 0.08400863, -0.45098394, 0.09265474, -0.44797564, 0.09015689, -0.45157885, 0.3013976, 0.04512069, 0.07797442, 0.04413644, 0.0096256, 0.31773872, 0.04798774, 0.32160227, 0.05066145, 0.31911387, 0.04914365, 0.31764518], "atomic dipole moments": [[-0.19757994, -0.06080325, -0.12949495], [-0.02693809, 0.13469221, 0.14763106], [-0.09372884, 0.1611768, -0.10410066], [-0.14515626, -0.19035638, 0.12249418], [0.09022364, 0.10536042, -0.13401612], [0.1462359, -0.15430102, 0.10573904], [0.09251789, 0.03562495, -0.13294068], [0.02351878, 0.06196764, 0.22427956], [-0.06461167, -0.00954651, -0.15306449], [0.10713235, 0.20477715, 0.03930348], [0.03514702, -0.12255569, 0.12717101], [-0.1680507, 0.15220784, -0.08068243], [-0.05086634, 0.06130927, -0.01321447], [0.01225389, 0.03847469, -0.11551657], [0.06467905, -0.11654538, 0.01345695], [0.01230418, -0.02080341, 0.12374216], [0.00283036, -0.00793213, 0.11948479], [0.05689181, 0.03281622, 0.05138234], [-0.11998069, 0.01162082, 0.03588407], [0.0067631, 0.08551188, 0.01275112], [-0.01124904, -0.04826487, 0.11981274], [-0.01667206, 0.05642546, -0.05991273], [0.00708401, 0.00756751, -0.12571746], [-0.06255433, -0.03930592, -0.02870081]], "atomic quadrupole moments": [[0.00850532, 0.0874961, 0.03367383, 0.09182774, 0.0978584, -0.04217914], [0.14605494, 0.27000571, -0.0128163, 0.05045199, 0.2651505, -0.13323864], [0.05456374, -0.11006945, 0.2807388, 0.01502718, 0.02206311, -0.33530254], [0.06798751, -0.07277677, 0.05356672, -0.08473767, -0.03834584, -0.12155424], [0.14819097, -0.14032548, 0.19909384, -0.10299781, -0.01293321, -0.34728481], [-0.05232299, -0.07787658, 0.15081131, 0.03214706, -0.04147205, -0.09848832], [-0.28348605, 0.04055943, 0.04098711, 0.13837539, -0.07550799, 0.24249894], [-0.11788415, -0.00043, -0.061276, 0.0184923, -0.05597974, 0.17916014], [0.08177245, 0.07069894, 0.08226517, 0.13979213, 0.21674535, -0.16403763], [-0.01084859, 0.10605957, 0.02080265, 0.0968759, 0.0780943, -0.00995405], [0.06056977, -0.07841284, 0.28002394, 0.04418909, -0.00165241, -0.34059371], [-0.03446024, -0.09236169, 0.13844436, 0.03517822, -0.05059606, -0.10398412], [-0.01891982, -0.07374883, 0.09106493, 0.02327846, 0.0048334, -0.07214511], [-0.02858821, 0.02138216, -0.01599507, 0.02316555, -0.00878041, 0.04458329], [-0.01238893, -0.02323258, 0.03947622, 0.01293728, -0.01362903, -0.02708729], [-0.01870298, -0.0104795, -8.711e-05, -0.00490646, -0.01581734, 0.01879008], [-0.00671669, -0.00635328, -0.00097704, -0.00276257, -0.01113172, 0.00769373], [-0.00784355, 0.06743152, 0.03021975, 0.07381249, 0.05235214, -0.0223762], [0.00930035, -0.00801007, -0.03236087, -0.02122665, -0.01553399, 0.02306052], [-0.08110684, 0.00417237, 0.11680392, 0.01003214, -0.02403903, -0.03569708], [-0.01344209, 0.00372772, -0.01614816, 0.00499027, -0.01620985, 0.02959026], [-0.05990595, -0.01139542, -0.00603511, 0.05924034, -0.06363655, 0.06594106], [-0.02331227, -0.00961397, 0.00829519, 0.00163481, -0.01977217, 0.01501709], [0.02414773, 0.07979075, 0.03758833, 0.0509857, 0.04152786, -0.06173606]], "number of molecular orbitals": 60, "number of electrons": 72, "number of unpaired electrons": 0, "orbital energies/eV": [-20.12590219, -19.83158455, -19.38441483, -19.15261459, -18.96419951, -18.77343259, -18.43672898, -18.29815627, -17.62050884, -17.42420296, -16.99966723, -16.87339838, -16.83768186, -16.27324094, -16.13020881, -15.85017315, -15.52485987, -15.44103306, -15.10950604, -14.96669185, -14.90420559, -14.68365486, -14.4519171, -14.2705917, -13.93310571, -13.81066569, -13.50056671, -13.32900221, -13.00277583, -12.84999481, -12.48462997, -12.22067259, -12.05379649, -11.68089688, -11.4342321, -11.22611701, -1.63948513, -0.97224432, -0.16779212, 0.2745413, 0.52209068, 1.02256525, 1.25335673, 1.71012559, 2.22711357, 2.69379296, 2.81510995, 3.24181416, 3.67072235, 3.77665747, 4.20075954, 4.40500056, 4.70937097, 4.92678322, 5.06525314, 5.22005842, 5.65903246, 6.35107972, 6.61377298, 7.13547628], "fractional occupation": [2.0, 2.0, 2.0, 2.0, 2.0, 2.0, 2.0, 2.0, 2.0, 2.0, 2.0, 2.0, 2.0, 2.0, 2.0, 2.0, 2.0, 2.0, 2.0, 2.0, 2.0, 2.0, 2.0, 2.0, 2.0, 2.0, 2.0, 2.0, 2.0, 2.0, 2.0, 2.0, 2.0, 2.0, 2.0, 2.0, 0.0, 0.0, 0.0, 0.0, 0.0, 0.0, 0.0, 0.0, 0.0, 0.0, 0.0, 0.0, 0.0, 0.0, 0.0, 0.0, 0.0, 0.0, 0.0, 0.0, 0.0, 0.0, 0.0, 0.0], "program call": "xtb /home/svss/Project-DBcg-Debug/aqme2_20220329/End-to-End-workflows-final/example-3/QDESCP/mol_342_rdkit_conf_2/mol_342_rdkit_conf_2.xyz --pop --wbo --acc 0.2 --gfn 2 --chrg 0 --uhf 0 --etemp 300 --input /home/svss/Project-DBcg-Debug/aqme2_20220329/End-to-End-workflows-final/example-3/QDESCP/mol_342_rdkit_conf_2/mol_342_rdkit_conf_2_xtb.inp", "method": "GFN2-xTB", "xtb version": "6.3.3 (7355c4f)", "Dipole module/D": 3.295, "Total charge": 0, "Transition dipole module/D": NaN, "HOMO": -11.2261, "LUMO": -1.6395, "HOMO occupancy": 2.0, "LUMO occupancy": 0, "mulliken charges": [-0.56713, 0.19357, 0.17962, -0.4844, 0.39937, -0.5628, 0.17316, -0.57553, 0.18401, -0.56857, 0.18139, -0.57541, 0.34398, 0.0264, 0.04889, 0.03256, 0.01772, 0.35873, 0.042, 0.36439, 0.03338, 0.35881, 0.03879, 0.35707], "cm5 charges": [-0.77628, 0.11221, 0.14406, -0.57164, 0.38415, -0.77038, 0.13652, -0.78242, 0.14644, -0.77373, 0.14471, -0.77985, 0.51891, 0.09186, 0.1139, 0.10406, 0.09192, 0.53151, 0.11219, 0.54079, 0.10372, 0.53513, 0.11247, 0.52975], "FUKUI+": [-0.039, 0.011, -0.035, -0.093, -0.012, -0.082, -0.009, -0.064, 0.008, -0.032, -0.006, -0.065, -0.016, -0.039, -0.055, -0.058, -0.072, -0.064, -0.068, -0.039, -0.053, -0.021, -0.05, -0.046], "FUKUI-": [-0.125, 0.011, -0.001, -0.032, 0.008, -0.022, 0.006, -0.067, -0.004, -0.082, -0.007, -0.083, -0.045, -0.074, -0.052, -0.046, -0.04, -0.025, -0.087, -0.04, -0.056, -0.037, -0.059, -0.043], "FUKUIrad": [-0.082, 0.011, -0.018, -0.063, -0.002, -0.052, -0.002, -0.065, 0.002, -0.057, -0.007, -0.074, -0.031, -0.056, -0.054, -0.052, -0.056, -0.045, -0.077, -0.04, -0.054, -0.029, -0.054, -0.044], "s proportion": [1.703, 0.998, 1.035, 1.702, 0.99, 1.702, 1.035, 1.712, 1.03, 1.711, 1.03, 1.707, 0.656, 0.974, 0.951, 0.967, 0.982, 0.641, 0.958, 0.636, 0.967, 0.641, 0.961, 0.643], "p proportion": [4.864, 2.808, 2.785, 4.783, 2.61, 4.861, 2.791, 4.863, 2.786, 4.857, 2.789, 4.868, 0.0, 0.0, 0.0, 0.0, 0.0, 0.0, 0.0, 0.0, 0.0, 0.0, 0.0, 0.0], "d proportion": [0.0, 0.0, 0.0, 0.0, 0.0, 0.0, 0.0, 0.0, 0.0, 0.0, 0.0, 0.0, 0.0, 0.0, 0.0, 0.0, 0.0, 0.0, 0.0, 0.0, 0.0, 0.0, 0.0, 0.0], "Fermi-level/eV": -6.4328, "Coordination numbers": [1.652, 3.673, 3.744, 1.696, 3.621, 1.654, 3.723, 1.649, 3.728, 1.65, 3.726, 1.652, 0.804, 0.924, 0.924, 0.923, 0.924, 0.804, 0.924, 0.803, 0.924, 0.803, 0.924, 0.803], "Dispersion coefficient C6": [21.613, 19.667, 19.057, 19.741, 17.366, 21.555, 19.288, 21.867, 19.142, 21.805, 19.184, 21.878, 0.717, 2.382, 2.0, 2.395, 2.896, 0.67, 2.345, 0.66, 2.312, 0.667, 2.331, 0.671], "Total dispersion C6": 4704.805033, "Total dispersion C8": 100007.850652, "Polarizability alpha": [6.276, 6.355, 6.227, 5.999, 6.008, 6.267, 6.272, 6.312, 6.246, 6.304, 6.254, 6.314, 1.33, 2.414, 2.212, 2.42, 2.662, 1.286, 2.395, 1.276, 2.378, 1.283, 2.388, 1.286], "Total polarizability alpha": 98.162785, "Wiberg matrix": [[0.0, 1.0024444142258606, 0.0, 0.0, 0.0, 0.0, 0.0, 0.0, 0.0, 0.0, 0.0, 0.0, 0.892430785889464, 0.0, 0.0, 0.0, 0.0, 0.0, 0.0, 0.0, 0.0, 0.0, 0.0, 0.0], [1.0024444142258606, 0.0, 0.9840296557911277, 0.0, 0.0, 0.0, 0.0, 0.0, 0.0, 0.0, 0.0, 0.0, 0.0, 0.9705886312045834, 0.9688914195704309, 0.0, 0.0, 0.0, 0.0, 0.0, 0.0, 0.0, 0.0, 0.0], [0.0, 0.9840296557911277, 0.0, 0.9497114796786218, 0.0, 0.0, 0.0, 0.0, 0.0, 0.0, 0.9733325978730089, 0.0, 0.0, 0.0, 0.0, 0.9588174460000921, 0.0, 0.0, 0.0, 0.0, 0.0, 0.0, 0.0, 0.0], [0.0, 0.0, 0.9497114796786218, 0.0, 0.96675521346085, 0.0, 0.0, 0.0, 0.0, 0.0, 0.0, 0.0, 0.0, 0.0, 0.0, 0.0, 0.0, 0.0, 0.0, 0.0, 0.0, 0.0, 0.0, 0.0], [0.0, 0.0, 0.0, 0.96675521346085, 0.0, 0.9989316779610233, 0.9644516616761287, 0.0, 0.0, 0.0, 0.0, 0.0, 0.0, 0.0, 0.0, 0.0, 0.9533969137294691, 0.0, 0.0, 0.0, 0.0, 0.0, 0.0, 0.0], [0.0, 0.0, 0.0, 0.0, 0.9989316779610233, 0.0, 0.0, 0.0, 0.0, 0.0, 0.0, 0.0, 0.0, 0.0, 0.0, 0.0, 0.0, 0.8837316083863721, 0.0, 0.0, 0.0, 0.0, 0.0, 0.0], [0.0, 0.0, 0.0, 0.0, 0.9644516616761287, 0.0, 0.0, 0.9895358559784938, 0.9790896483111353, 0.0, 0.0, 0.0, 0.0, 0.0, 0.0, 0.0, 0.0, 0.0, 0.9595495781871649, 0.0, 0.0, 0.0, 0.0, 0.0], [0.0, 0.0, 0.0, 0.0, 0.0, 0.0, 0.9895358559784938, 0.0, 0.0, 0.0, 0.0, 0.0, 0.0, 0.0, 0.0, 0.0, 0.0, 0.0, 0.0, 0.8735250861431443, 0.0, 0.0, 0.0, 0.0], [0.0, 0.0, 0.0, 0.0, 0.0, 0.0, 0.9790896483111353, 0.0, 0.0, 0.9931576090569767, 0.9685193795821414, 0.0, 0.0, 0.0, 0.0, 0.0, 0.0, 0.0, 0.0, 0.0, 0.9607870115502117, 0.0, 0.0, 0.0], [0.0, 0.0, 0.0, 0.0, 0.0, 0.0, 0.0, 0.0, 0.9931576090569767, 0.0, 0.0, 0.0, 0.0, 0.0, 0.0, 0.0, 0.0, 0.0, 0.0, 0.0, 0.0, 0.8768005414934052, 0.0, 0.0], [0.0, 0.0, 0.9733325978730089, 0.0, 0.0, 0.0, 0.0, 0.0, 0.9685193795821414, 0.0, 0.0, 0.9930714784494677, 0.0, 0.0, 0.0, 0.0, 0.0, 0.0, 0.0, 0.0, 0.0, 0.0, 0.9577473292710968, 0.0], [0.0, 0.0, 0.0, 0.0, 0.0, 0.0, 0.0, 0.0, 0.0, 0.0, 0.9930714784494677, 0.0, 0.0, 0.0, 0.0, 0.0, 0.0, 0.0, 0.0, 0.0, 0.0, 0.0, 0.0, 0.8791830877880626], [0.892430785889464, 0.0, 0.0, 0.0, 0.0, 0.0, 0.0, 0.0, 0.0, 0.0, 0.0, 0.0, 0.0, 0.0, 0.0, 0.0, 0.0, 0.0, 0.0, 0.0, 0.0, 0.0, 0.0, 0.0], [0.0, 0.9705886312045834, 0.0, 0.0, 0.0, 0.0, 0.0, 0.0, 0.0, 0.0, 0.0, 0.0, 0.0, 0.0, 0.0, 0.0, 0.0, 0.0, 0.0, 0.0, 0.0, 0.0, 0.0, 0.0], [0.0, 0.9688914195704309, 0.0, 0.0, 0.0, 0.0, 0.0, 0.0, 0.0, 0.0, 0.0, 0.0, 0.0, 0.0, 0.0, 0.0, 0.0, 0.0, 0.0, 0.0, 0.0, 0.0, 0.0, 0.0], [0.0, 0.0, 0.9588174460000921, 0.0, 0.0, 0.0, 0.0, 0.0, 0.0, 0.0, 0.0, 0.0, 0.0, 0.0, 0.0, 0.0, 0.0, 0.0, 0.0, 0.0, 0.0, 0.0, 0.0, 0.0], [0.0, 0.0, 0.0, 0.0, 0.9533969137294691, 0.0, 0.0, 0.0, 0.0, 0.0, 0.0, 0.0, 0.0, 0.0, 0.0, 0.0, 0.0, 0.0, 0.0, 0.0, 0.0, 0.0, 0.0, 0.0], [0.0, 0.0, 0.0, 0.0, 0.0, 0.8837316083863721, 0.0, 0.0, 0.0, 0.0, 0.0, 0.0, 0.0, 0.0, 0.0, 0.0, 0.0, 0.0, 0.0, 0.0, 0.0, 0.0, 0.0, 0.0], [0.0, 0.0, 0.0, 0.0, 0.0, 0.0, 0.9595495781871649, 0.0, 0.0, 0.0, 0.0, 0.0, 0.0, 0.0, 0.0, 0.0, 0.0, 0.0, 0.0, 0.0, 0.0, 0.0, 0.0, 0.0], [0.0, 0.0, 0.0, 0.0, 0.0, 0.0, 0.0, 0.8735250861431443, 0.0, 0.0, 0.0, 0.0, 0.0, 0.0, 0.0, 0.0, 0.0, 0.0, 0.0, 0.0, 0.0, 0.0, 0.0, 0.0], [0.0, 0.0, 0.0, 0.0, 0.0, 0.0, 0.0, 0.0, 0.9607870115502117, 0.0, 0.0, 0.0, 0.0, 0.0, 0.0, 0.0, 0.0, 0.0, 0.0, 0.0, 0.0, 0.0, 0.0, 0.0], [0.0, 0.0, 0.0, 0.0, 0.0, 0.0, 0.0, 0.0, 0.0, 0.8768005414934052, 0.0, 0.0, 0.0, 0.0, 0.0, 0.0, 0.0, 0.0, 0.0, 0.0, 0.0, 0.0, 0.0, 0.0], [0.0, 0.0, 0.0, 0.0, 0.0, 0.0, 0.0, 0.0, 0.0, 0.0, 0.9577473292710968, 0.0, 0.0, 0.0, 0.0, 0.0, 0.0, 0.0, 0.0, 0.0, 0.0, 0.0, 0.0, 0.0], [0.0, 0.0, 0.0, 0.0, 0.0, 0.0, 0.0, 0.0, 0.0, 0.0, 0.0, 0.8791830877880626, 0.0, 0.0, 0.0, 0.0, 0.0, 0.0, 0.0, 0.0, 0.0, 0.0, 0.0, 0.0]], "Born radii": [], "Atomic SASAs": [], "Solvent H bonds": [], "Total SASA": NaN, "Total FOD": 0.0, "FOD": [0.0, 0.0, 0.0, 0.0, 0.0, 0.0, 0.0, 0.0, 0.0, 0.0, 0.0, 0.0, 0.0, 0.0, 0.0, 0.0, 0.0, 0.0, 0.0, 0.0, 0.0, 0.0, 0.0, 0.0], "FOD s proportion": [0.0, 0.0, 0.0, 0.0, 0.0, 0.0, 0.0, 0.0, 0.0, 0.0, 0.0, 0.0, 0.0, 0.0, 0.0, 0.0, 0.0, 0.0, 0.0, 0.0, 0.0, 0.0, 0.0, 0.0], "FOD p proportion": [0.0, 0.0, 0.0, 0.0, 0.0, 0.0, 0.0, 0.0, 0.0, 0.0, 0.0, 0.0, 0.0, 0.0, 0.0, 0.0, 0.0, 0.0, 0.0, 0.0, 0.0, 0.0, 0.0, 0.0], "FOD d proportion": [0.0, 0.0, 0.0, 0.0, 0.0, 0.0, 0.0, 0.0, 0.0, 0.0, 0.0, 0.0, 0.0, 0.0, 0.0, 0.0, 0.0, 0.0, 0.0, 0.0, 0.0, 0.0, 0.0, 0.0], "coordinates": [["3.30090", "0.84800", "0.47170"], ["2.52920", "-0.14120", "-0.21520"], ["1.10080", "-0.14940", "0.33960"], ["0.57430", "1.18610", "0.20150"], ["-0.73390", "1.30850", "0.74440"], ["-1.16470", "2.64130", "0.50440"], ["-1.72730", "0.36520", "0.04210"], ["-1.87180", "0.72830", "-1.34900"], ["-1.22190", "-1.07180", "0.10250"], ["-2.04450", "-1.92420", "-0.71020"], ["0.22450", "-1.16940", "-0.39790"], ["0.69910", "-2.50100", "-0.18410"], ["2.78310", "1.67220", "0.40140"], ["2.53950", "0.12030", "-1.27850"], ["3.02040", "-1.10950", "-0.08350"], ["1.15670", "-0.38350", "1.41120"], ["-0.71280", "1.12860", "1.82560"], ["-0.56330", "3.19810", "1.02830"], ["-2.72810", "0.45300", "0.47810"], ["-1.82630", "1.70840", "-1.35280"], ["-1.28520", "-1.45650", "1.12720"], ["-2.28980", "-1.37620", "-1.48670"], ["0.25240", "-0.98700", "-1.47950"], ["-0.01130", "-3.08820", "-0.51500"]], "bond_dist": [[0.0, 1.4303388200003524, 2.4192348335785843, 2.760736715081683, 4.0701396265975935, 4.81233597538659, 5.069560852776106, 5.485079932872446, 4.9272366007732975, 6.136389949310588, 3.780257118239446, 4.291297924870749, 0.9758916794398852, 2.0426642626726497, 2.0539555837456662, 2.645155220398228, 4.2451818877405, 4.55684267997042, 6.0419290760484765, 5.509743029398014, 5.174235567695, 6.327584269687762, 4.058048630807669, 5.238121435209382], [1.4303388200003524, 0.0, 1.53238273287061, 2.399374541416992, 3.6973346967782073, 4.680280720213266, 4.294232934995493, 4.627130178631242, 3.8778474518732686, 4.933846946349269, 2.530260188201996, 2.9864509471946796, 1.9321180942168106, 1.0950320680235808, 1.09372172877748, 2.1418782645145824, 4.03581722579207, 4.718132362492599, 5.336004293476534, 4.866778623483916, 4.252258130687741, 5.134656585400819, 2.7381837721380204, 3.9024132648913543], [2.4192348335785843, 1.53238273287061, 0.0, 1.4421629970291154, 2.378121010377731, 3.5982851165520504, 2.889890831848151, 3.529600262069347, 2.5103731714627613, 3.7609715726125876, 1.5336909532236278, 2.4424674286466956, 2.4803586615648956, 2.181935697952623, 2.1876173751367034, 1.0982960347738675, 2.6703230066791543, 3.801222533606787, 3.8784717634656047, 3.8579208143765733, 2.8322817956552275, 4.041853323662302, 2.174966926185316, 3.256325077445432], [2.760736715081683, 2.399374541416992, 1.4421629970291154, 0.0, 1.4216572758580037, 2.2876792716637535, 2.448805367929432, 2.932070309525336, 2.886909740535717, 4.166926495632002, 2.4556100362231787, 3.709308400497322, 2.270473664238368, 2.6811081067349747, 3.366661487289745, 2.065480091891471, 2.0730734357470313, 2.4547659766258785, 3.3940814560054386, 2.9071508629584395, 3.36124909817764, 4.197436043586609, 2.7661786312528696, 4.373321403693079], [4.0701396265975935, 3.6973346967782073, 2.378121010377731, 1.4216572758580037, 0.0, 1.4211067799430135, 1.5394426718783651, 2.4522993312399692, 2.513166866724134, 3.779402440862841, 2.891948868842601, 4.174672621895039, 3.5523535423715926, 4.0272932858186525, 4.541685909439357, 2.623328915709961, 1.0962676041916044, 1.918408645205708, 2.1862363961840905, 2.3982296824949856, 2.8452930481762326, 3.821811888358714, 3.344822738203028, 4.630249454403078], [4.81233597538659, 4.680280720213266, 3.5982851165520504, 2.2876792716637535, 1.4211067799430135, 0.0, 2.389742927597025, 2.7558394310989893, 3.7352251685808717, 4.805527177115951, 4.1551722491372125, 5.5128061801590675, 4.066311430522753, 4.822371931943865, 5.650591921206131, 3.9192600373029602, 2.058651097199329, 0.9727175386513806, 2.6895293528794215, 2.1811026592070353, 4.146608846997749, 4.622838464623223, 4.371337611075127, 5.932678835905412], [5.069560852776106, 4.294232934995493, 2.889890831848151, 2.448805367929432, 1.5394426718783651, 2.389742927597025, 0.0, 1.4449501963735636, 1.5244823121309083, 2.430622037668547, 2.5215313601063936, 3.7621384663512853, 4.7096765971773475, 4.4732027239998855, 4.973044413636379, 3.2790917187538384, 2.18926061947864, 3.2175781031701467, 1.0951737213793984, 1.9390031588421923, 2.165983681840655, 2.3845564891610347, 2.8395287443517807, 3.8962787336123683], [5.485079932872446, 4.627130178631242, 3.529600262069347, 2.932070309525336, 2.4522993312399692, 2.7558394310989893, 1.4449501963735636, 0.0, 2.401995476681836, 2.7337971724325123, 2.983342117491723, 4.288927291293243, 5.061910842754937, 4.4535605912572915, 5.3770456507268, 4.245776198765074, 3.4031759064144773, 3.669283251535646, 2.036500476307334, 0.981162932442925, 3.3539554320235085, 2.150024544045951, 2.7334062961806467, 4.326972209293699], [4.9272366007732975, 3.8778474518732686, 2.5103731714627613, 2.886909740535717, 2.513166866724134, 3.7352251685808717, 1.5244823121309083, 2.401995476681836, 0.0, 1.4365715471218272, 1.5336227958660498, 2.4114297004059644, 4.864041756605303, 4.180477648546874, 4.246542897463772, 2.80074821074655, 2.8407774604850697, 4.41847322160042, 2.175943206979447, 3.1957330129408494, 1.0963626544168676, 1.938717723135578, 2.164133898352872, 2.431610077705716], [6.136389949310588, 4.933846946349269, 3.7609715726125876, 4.166926495632002, 3.779402440862841, 4.805527177115951, 2.430622037668547, 2.7337971724325123, 1.4365715471218272, 0.0, 2.4115586930448116, 2.852511246253028, 6.121721104395397, 5.051336569661538, 5.16814289566378, 4.137846769758397, 4.1860834165123855, 5.608412697011517, 2.7441657548333334, 3.695447031145217, 2.042380606057549, 0.9815438553625607, 2.5972901147157206, 2.3509362560477904], [3.780257118239446, 2.530260188201996, 1.5336909532236278, 2.4556100362231787, 2.891948868842601, 4.1551722491372125, 2.5215313601063936, 2.983342117491723, 1.5336227958660498, 2.4115586930448116, 0.0, 1.4297252043662096, 3.9064056381794248, 2.792491262296088, 2.81415923145795, 2.1816228959194577, 3.3321595910160124, 4.6615160119858, 3.4810062510716637, 3.6605119163854662, 2.165075174214512, 2.7477183571101316, 1.0972268361647013, 1.9367776046825822], [4.291297924870749, 2.9864509471946796, 2.4424674286466956, 3.709308400497322, 4.174672621895039, 5.5128061801590675, 3.7621384663512853, 4.288927291293243, 2.4114297004059644, 2.852511246253028, 1.4297252043662096, 0.0, 4.701219468393281, 3.3846709160566846, 2.708288444756208, 2.690387722987153, 4.382505203647795, 5.961820890466267, 4.5727808475806055, 5.046043322247639, 2.597678661805574, 3.448980285533682, 2.042008337397279, 0.9792685076116765], [0.9758916794398852, 1.9321180942168106, 2.4803586615648956, 2.270473664238368, 3.5523535423715926, 4.066311430522753, 4.7096765971773475, 5.061910842754937, 4.864041756605303, 6.121721104395397, 3.9064056381794248, 4.701219468393281, 0.0, 2.2999562126266664, 2.833600922854169, 2.8090524185212353, 3.8138121886112852, 3.730920446753053, 5.6449674020316545, 4.932047895144572, 5.183301478787434, 6.212244246647101, 4.124751136735403, 5.595522181173085], [2.0426642626726497, 1.0950320680235808, 2.181935697952623, 2.6811081067349747, 4.0272932858186525, 4.822371931943865, 4.4732027239998855, 4.4535605912572915, 4.180477648546874, 5.051336569661538, 2.792491262296088, 3.3846709160566846, 2.2999562126266664, 0.0, 1.7809261214323293, 3.0660131066256064, 4.6075547734129, 4.941816156030089, 5.562727982743718, 4.646266430156583, 4.78560558550326, 5.06013813843061, 2.5489881718046474, 4.169410646602227], [2.0539555837456662, 1.09372172877748, 2.1876173751367034, 3.366661487289745, 4.541685909439357, 5.650591921206131, 4.973044413636379, 5.3770456507268, 4.246542897463772, 5.16814289566378, 2.81415923145795, 2.708288444756208, 2.833600922854169, 1.7809261214323293, 0.0, 2.496914451878558, 4.752950311122556, 5.7126546097239235, 5.9834816837690745, 5.7482331015713, 4.486022163342486, 5.498938367539684, 3.102522562367597, 3.6459087797145995], [2.645155220398228, 2.1418782645145824, 1.0982960347738675, 2.065480091891471, 2.623328915709961, 3.9192600373029602, 3.2790917187538384, 4.245776198765074, 2.80074821074655, 4.137846769758397, 2.1816228959194577, 2.690387722987153, 2.8090524185212353, 3.0660131066256064, 2.496914451878558, 0.0, 2.4399188552080986, 3.991600051357852, 4.081920981596777, 4.573186045854684, 2.6823237332581615, 4.611034585643443, 3.0883842426097177, 3.5199250744866717], [4.2451818877405, 4.03581722579207, 2.6703230066791543, 2.0730734357470313, 1.0962676041916044, 2.058651097199329, 2.18926061947864, 3.4031759064144773, 2.8407774604850697, 4.1860834165123855, 3.3321595910160124, 4.382505203647795, 3.8138121886112852, 4.6075547734129, 4.752950311122556, 2.4399188552080986, 0.0, 2.222806287106459, 2.5166695651197437, 3.417349389512287, 2.738274334320796, 4.442103480334514, 4.041170673208446, 4.873593422722088], [4.55684267997042, 4.718132362492599, 3.801222533606787, 2.4547659766258785, 1.918408645205708, 0.9727175386513806, 3.2175781031701467, 3.669283251535646, 4.41847322160042, 5.608412697011517, 4.6615160119858, 5.961820890466267, 3.730920446753053, 4.941816156030089, 5.7126546097239235, 3.991600051357852, 2.222806287106459, 0.0, 3.539018662002223, 3.079612361970253, 4.711286658652814, 5.498204046777457, 4.94666446608217, 6.49646415983341], [6.0419290760484765, 5.336004293476534, 3.8784717634656047, 3.3940814560054386, 2.1862363961840905, 2.6895293528794215, 1.0951737213793984, 2.036500476307334, 2.175943206979447, 2.7441657548333334, 3.4810062510716637, 4.5727808475806055, 5.6449674020316545, 5.562727982743718, 5.9834816837690745, 4.081920981596777, 2.5166695651197437, 3.539018662002223, 0.0, 2.3961358913884663, 2.479814805585288, 2.720021795868555, 3.8456700339472705, 4.572455280262454], [5.509743029398014, 4.866778623483916, 3.8579208143765733, 2.9071508629584395, 2.3982296824949856, 2.1811026592070353, 1.9390031588421923, 0.981162932442925, 3.1957330129408494, 3.695447031145217, 3.6605119163854662, 5.046043322247639, 4.932047895144572, 4.646266430156583, 5.7482331015713, 4.573186045854684, 3.417349389512287, 3.079612361970253, 2.3961358913884663, 0.0, 4.057065592272326, 3.122101635116961, 3.406204300977849, 5.196489719031493], [5.174235567695, 4.252258130687741, 2.8322817956552275, 3.36124909817764, 2.8452930481762326, 4.146608846997749, 2.165983681840655, 3.3539554320235085, 1.0963626544168676, 2.042380606057549, 2.165075174214512, 2.597678661805574, 5.183301478787434, 4.78560558550326, 4.486022163342486, 2.6823237332581615, 2.738274334320796, 4.711286658652814, 2.479814805585288, 4.057065592272326, 0.0, 2.801453633383926, 3.062601655455701, 2.642363892426628], [6.327584269687762, 5.134656585400819, 4.041853323662302, 4.197436043586609, 3.821811888358714, 4.622838464623223, 2.3845564891610347, 2.150024544045951, 1.938717723135578, 0.9815438553625607, 2.7477183571101316, 3.448980285533682, 6.212244246647101, 5.06013813843061, 5.498938367539684, 4.611034585643443, 4.442103480334514, 5.498204046777457, 2.720021795868555, 3.122101635116961, 2.801453633383926, 0.0, 2.5718299554986137, 3.0110973315387866], [4.058048630807669, 2.7381837721380204, 2.174966926185316, 2.7661786312528696, 3.344822738203028, 4.371337611075127, 2.8395287443517807, 2.7334062961806467, 2.164133898352872, 2.5972901147157206, 1.0972268361647013, 2.042008337397279, 4.124751136735403, 2.5489881718046474, 3.102522562367597, 3.0883842426097177, 4.041170673208446, 4.94666446608217, 3.8456700339472705, 3.406204300977849, 3.062601655455701, 2.5718299554986137, 0.0, 2.3269807433668204], [5.238121435209382, 3.9024132648913543, 3.256325077445432, 4.373321403693079, 4.630249454403078, 5.932678835905412, 3.8962787336123683, 4.326972209293699, 2.431610077705716, 2.3509362560477904, 1.9367776046825822, 0.9792685076116765, 5.595522181173085, 4.169410646602227, 3.6459087797145995, 3.5199250744866717, 4.873593422722088, 6.49646415983341, 4.572455280262454, 5.196489719031493, 2.642363892426628, 3.0110973315387866, 2.3269807433668204, 0.0]]}