{"total energy": -72.02279231, "HOMO-LUMO gap/eV": 3.73135802, "electronic energy": -72.97866206, "dipole": [-1.53748362, -1.01330194, 1.00370265], "partial charges": [-0.44024043, 0.33048126, -0.09593076, 0.15526707, -0.25922256, 0.35578587, -0.39942749, -0.08211355, -0.09860144, 0.27388146, -0.38344128, 0.05423658, -0.207156, 0.00758905, -0.02959437, -0.02556554, -0.02627215, -0.02664696, -0.03195655, 0.00515577, -0.02841848, -0.02574826, -0.02747153, -0.02787759, -0.03538706, 0.08528561, 0.08856313, 0.06928207, 0.07079521, 0.04995176, 0.05007168, 0.05205775, 0.19515702, 0.04376173, 0.04262616, 0.0400893, 0.04082193, 0.03372651, 0.04842847, 0.04222119, 0.03860549, 0.03981475, 0.03741516], "atomic dipole moments": [[-0.04626063, 0.04492646, 0.20702227], [0.04741419, 0.04917418, 0.09947865], [0.05988535, -0.0060887, -0.02241068], [-0.01499463, -0.23835782, 0.08305084], [0.04636436, 0.21754793, -0.07452717], [-0.18887225, 0.01618891, 0.01510529], [-0.06831935, -0.15580663, 0.0560481], [-0.07464708, 0.07971283, 0.07740198], [-0.00126803, 0.02582154, -0.13938431], [0.03195917, 0.006376, -0.09536437], [-0.08209278, -0.05900005, -0.15297005], [0.02824598, -0.01507596, -0.10200647], [0.05642629, -0.01573615, 0.05324176], [0.02230455, 0.11511635, -0.06930398], [-0.01706075, 0.00910335, -0.00757699], [0.0003198, 0.01059082, -0.00446742], [-0.00018952, 0.00642539, -0.00343962], [0.00235848, 0.00571697, -0.00044272], [0.01913695, 0.00815592, 0.00275678], [0.09293546, -0.09392459, -0.03956055], [0.00150079, -9.3e-06, -0.0276244], [0.00628345, -0.00496295, -0.00366525], [0.00550298, -0.00485586, 0.000225], [0.00617487, -0.0048509, -0.0010232], [0.01357757, -0.00501559, 0.01639688], [0.03384367, 0.09819501, 0.08068452], [0.01328702, 0.02803307, -0.1296171], [-0.04574861, -0.10298435, -0.06535068], [0.11713248, 0.01519539, -0.04533612], [0.04739617, 0.10183065, 0.06409428], [-0.11717086, -0.02089419, 0.04845235], [0.07103501, -0.10025269, 0.02762872], [-0.10026333, -0.08504413, -0.07471932], [0.14658119, 0.05068006, 0.01442774], [0.11161649, -0.07058588, 0.07609417], [-0.02604043, -0.13111967, 0.07069096], [-0.13857644, -0.06305813, -0.0028645], [-0.11952124, 0.06207482, -0.0710214], [0.08767006, -0.06121156, 0.11307998], [-0.00938511, 0.04219175, 0.14613791], [-0.09679395, 0.10797183, 0.04223725], [-0.08844418, 0.06912202, -0.10265216], [0.00067107, -0.03006078, -0.14969307]], "atomic quadrupole moments": [[-0.07991851, -0.08465647, 0.09946945, -0.00596654, -0.05237566, -0.01955095], [-0.15908028, -0.16893806, 0.28928547, 0.08963801, -0.13742415, -0.13020519], [0.04293542, 0.028281, -0.03984257, 0.01923425, 0.02257824, -0.00309285], [0.33476353, -0.19540012, 0.06672522, -0.01698803, -0.15629149, -0.40148875], [0.03391363, -0.06740677, 0.04644204, 0.00924933, -0.03856571, -0.08035567], [-0.05788117, 0.01004384, -0.34366515, 0.04108638, 0.27200545, 0.40154632], [-0.10903216, 0.01383063, -0.07218625, 0.02373048, 0.09383305, 0.18121841], [-0.11137292, -0.14557008, 0.03266463, 0.0353971, -0.12671751, 0.07870829], [-0.13207569, -0.00390846, -0.12825347, 0.00664082, -0.07434187, 0.26032916], [-0.20567403, -0.26117482, 0.37917715, 0.05136335, -0.10858287, -0.17350313], [-0.0820726, -0.10355794, 0.17149283, 0.02735615, -0.04679871, -0.08942023], [-0.03146951, 0.04014192, -0.18033627, 0.04240644, 0.06532592, 0.21180578], [-0.0380305, -0.02454007, -0.0730938, -0.05328948, 0.00038667, 0.1111243], [-0.3204204, -0.05332084, 0.04244966, -0.19792591, 0.18743242, 0.27797074], [-0.22251528, -0.07390653, -0.06252528, -0.17971829, 0.33720881, 0.28504057], [-0.21731549, -0.08545212, -0.06708394, -0.17499608, 0.33688141, 0.28439943], [-0.21111284, -0.10421402, -0.07802179, -0.16239321, 0.33906166, 0.28913463], [-0.22480001, -0.1128733, -0.06731554, -0.15900337, 0.3285846, 0.29211555], [-0.21494117, -0.11432031, -0.07094203, -0.15663867, 0.31945038, 0.2858832], [0.15621062, 0.23301609, 0.15398917, -0.14838194, -0.0135199, -0.31019979], [0.1344093, 0.39550108, 0.12423932, -0.08506084, -0.08878183, -0.25864862], [0.13692674, 0.38983019, 0.12489289, -0.07864435, -0.09500019, -0.26181963], [0.12806693, 0.39757169, 0.11573929, -0.0790726, -0.08710904, -0.24380622], [0.12493214, 0.39484856, 0.11804593, -0.09029152, -0.07117213, -0.24297807], [0.11736264, 0.38817349, 0.11523565, -0.09482602, -0.060614, -0.23259829], [0.00743487, -0.00346217, 0.00873347, 0.017238, 0.02682155, -0.01616834], [-0.00014857, -0.01919027, -0.02316263, -0.00652726, -0.01436588, 0.0233112], [-0.00851449, 0.03952337, 0.02466433, 0.01769526, 0.02404133, -0.01614985], [0.05532473, 0.01195884, -0.03448668, -0.01921907, -0.0141348, -0.02083805], [-0.02994331, 0.04383921, 0.04223265, 0.01534245, 0.0312313, -0.01228934], [0.06816242, 0.01879808, -0.04774645, -0.02346639, -0.00558923, -0.02041597], [-0.00813619, -0.06343941, 0.03211697, 0.00596764, -0.01324952, -0.02398077], [0.02311178, 0.02708266, -0.02411836, 0.0006463, 0.0103676, 0.00100658], [0.00886366, 0.01719732, 0.02581313, 0.01144544, -0.04761272, -0.03467679], [0.02874986, 0.0201631, 0.0104597, 0.01665034, -0.04096998, -0.03920956], [0.03294774, 0.0118026, 0.00431908, 0.02322174, -0.04019894, -0.03726682], [0.02320809, 0.00645101, 0.01064389, 0.02405369, -0.04516481, -0.03385198], [0.01681664, 0.01346404, 0.01626768, 0.01771483, -0.04621393, -0.03308432], [-0.01218541, -0.05143243, -0.00819707, 0.00251173, 0.0136948, 0.02038248], [-0.01247198, -0.05334992, -0.01292767, 0.0135703, 0.00620884, 0.02539965], [-0.01797619, -0.04807874, -0.01835673, 0.01341828, 0.00879132, 0.03633292], [-0.01908187, -0.04876875, -0.01595501, 0.00559362, 0.01665294, 0.03503688], [-0.01415601, -0.05400697, -0.00679903, 0.00248047, 0.01696169, 0.02095504]], "number of molecular orbitals": 118, "number of electrons": 128, "number of unpaired electrons": 0, "orbital energies/eV": [-20.61768618, -20.0776608, -19.93540349, -19.69559841, -19.45205204, -19.33846295, -18.58055275, -18.15517412, -17.99045224, -17.82521851, -17.74664584, -17.71718258, -17.33079322, -17.24124428, -17.1649015, -17.03998883, -17.00221604, -16.88220441, -16.49624458, -16.3850429, -16.26968667, -16.11508953, -16.07965754, -15.89069464, -15.84635697, -15.7454605, -15.52421193, -15.34274195, -15.15218023, -14.96049935, -14.77511891, -14.74568818, -14.67772478, -14.43519952, -14.3088759, -14.15818646, -14.09683771, -13.97733897, -13.85146002, -13.79824043, -13.71896518, -13.60880124, -13.58946562, -13.41947871, -13.34254308, -13.26712101, -13.21755857, -13.20203476, -12.86313297, -12.64322758, -12.44260489, -12.33040544, -12.24836374, -12.19974675, -12.11601827, -11.92758733, -11.81047326, -11.71175702, -11.48759046, -11.46200303, -11.38705967, -11.33230081, -11.32173989, -11.14423042, -7.41287241, -6.80411261, -6.79111551, -6.66741245, -6.55420547, -6.51862074, -5.3734873, -3.34284404, -3.19761625, -1.42726226, -0.35293201, 0.23464384, 0.86109359, 1.05066337, 2.43511673, 2.59341427, 2.67869103, 2.79853403, 3.08643641, 3.27951749, 3.34546092, 3.63038557, 3.72573175, 3.83343843, 4.00486473, 4.06985558, 4.25213357, 4.25797966, 4.41486817, 4.66005947, 4.71878203, 4.87215805, 5.09321034, 5.42960908, 5.83653839, 6.44234729, 7.12160852, 7.31014425, 9.48555724, 9.64466088, 9.82297687, 10.04120454, 10.20469433, 10.78195373, 10.97291088, 11.09239381, 11.25091488, 15.22637744, 15.61966077, 15.75659828, 15.82229786, 16.47622164, 16.61152369, 17.70841868], "fractional occupation": [2.0, 2.0, 2.0, 2.0, 2.0, 2.0, 2.0, 2.0, 2.0, 2.0, 2.0, 2.0, 2.0, 2.0, 2.0, 2.0, 2.0, 2.0, 2.0, 2.0, 2.0, 2.0, 2.0, 2.0, 2.0, 2.0, 2.0, 2.0, 2.0, 2.0, 2.0, 2.0, 2.0, 2.0, 2.0, 2.0, 2.0, 2.0, 2.0, 2.0, 2.0, 2.0, 2.0, 2.0, 2.0, 2.0, 2.0, 2.0, 2.0, 2.0, 2.0, 2.0, 2.0, 2.0, 2.0, 2.0, 2.0, 2.0, 2.0, 2.0, 2.0, 2.0, 2.0, 2.0, 0.0, 0.0, 0.0, 0.0, 0.0, 0.0, 0.0, 0.0, 0.0, 0.0, 0.0, 0.0, 0.0, 0.0, 0.0, 0.0, 0.0, 0.0, 0.0, 0.0, 0.0, 0.0, 0.0, 0.0, 0.0, 0.0, 0.0, 0.0, 0.0, 0.0, 0.0, 0.0, 0.0, 0.0, 0.0, 0.0, 0.0, 0.0, 0.0, 0.0, 0.0, 0.0, 0.0, 0.0, 0.0, 0.0, 0.0, 0.0, 0.0, 0.0, 0.0, 0.0, 0.0, 0.0], "program call": "xtb /home/svss/Project-DBcg-Debug/aqme2_20220329/End-to-End-workflows-final/example-3/QDESCP/mol_594_rdkit_conf_3/mol_594_rdkit_conf_3.xyz --pop --wbo --acc 0.2 --gfn 2 --chrg 0 --uhf 0 --etemp 300 --input /home/svss/Project-DBcg-Debug/aqme2_20220329/End-to-End-workflows-final/example-3/QDESCP/mol_594_rdkit_conf_3/mol_594_rdkit_conf_3_xtb.inp", "method": "GFN2-xTB", "xtb version": "6.3.3 (7355c4f)", "Dipole module/D": 5.33, "Total charge": 0, "Transition dipole module/D": NaN, "HOMO": -11.1442, "LUMO": -7.4129, "HOMO occupancy": 2.0, "LUMO occupancy": 0, "mulliken charges": [-0.55635, 0.56682, -0.25166, 0.33127, -0.41275, 0.57703, -0.52703, -0.06815, -0.07277, 0.46701, -0.51553, 0.10747, -0.37735, -0.00439, -0.02988, -0.02079, -0.02396, -0.02235, -0.03555, -0.00838, -0.02674, -0.02113, -0.02545, -0.02338, -0.03565, 0.07501, 0.07707, 0.05516, 0.05314, 0.04231, 0.04156, 0.03668, 0.25552, 0.04943, 0.03731, 0.03536, 0.03572, 0.03062, 0.04398, 0.03699, 0.03455, 0.03543, 0.03376], "cm5 charges": [-0.59224, 0.73924, -0.49847, 0.31985, -0.4871, 0.62679, -0.5757, -0.16856, -0.22056, 0.57694, -0.55801, 0.16534, -0.71791, -0.00667, -0.081, -0.07613, -0.07935, -0.07766, -0.0868, -0.01111, -0.07797, -0.07642, -0.08082, -0.07869, -0.08612, 0.15414, 0.15589, 0.11336, 0.11128, 0.09461, 0.09511, 0.08767, 0.45319, 0.11052, 0.09264, 0.09076, 0.09108, 0.08864, 0.10246, 0.09236, 0.08995, 0.09077, 0.09473], "FUKUI+": [-0.066, -0.014, -0.027, 0.016, -0.024, -0.034, -0.071, 0.006, 0.006, -0.039, -0.085, -0.004, -0.013, -0.015, -0.006, -0.018, -0.023, -0.014, -0.013, -0.016, -0.007, -0.014, -0.027, -0.014, -0.01, -0.02, -0.026, -0.023, -0.026, -0.012, -0.001, -0.024, -0.027, -0.013, -0.036, -0.042, -0.038, -0.026, -0.019, -0.036, -0.042, -0.038, -0.025], "FUKUI-": [-0.056, -0.001, -0.022, 0.012, -0.021, -0.011, -0.084, -0.004, 0.008, -0.004, -0.052, -0.007, -0.016, -0.013, -0.007, -0.017, -0.022, -0.014, -0.012, -0.023, -0.014, -0.015, -0.033, -0.019, -0.012, -0.016, -0.021, -0.033, -0.028, -0.027, -0.011, -0.043, -0.022, -0.02, -0.034, -0.041, -0.038, -0.023, -0.026, -0.039, -0.045, -0.041, -0.03], "FUKUIrad": [-0.061, -0.008, -0.025, 0.014, -0.023, -0.023, -0.077, 0.001, 0.007, -0.022, -0.068, -0.006, -0.015, -0.014, -0.007, -0.018, -0.023, -0.014, -0.013, -0.019, -0.01, -0.014, -0.03, -0.016, -0.011, -0.018, -0.024, -0.028, -0.027, -0.02, -0.006, -0.033, -0.024, -0.016, -0.035, -0.041, -0.038, -0.025, -0.023, -0.037, -0.044, -0.039, -0.027], "s proportion": [1.718, 0.935, 1.425, 0.972, 1.696, 0.989, 1.73, 1.034, 1.006, 1.015, 1.73, 1.081, 1.426, 1.092, 1.066, 1.062, 1.061, 1.06, 1.064, 1.092, 1.064, 1.061, 1.061, 1.061, 1.063, 0.925, 0.923, 0.945, 0.947, 0.958, 0.958, 0.963, 0.744, 0.951, 0.963, 0.965, 0.964, 0.969, 0.956, 0.963, 0.965, 0.965, 0.966], "p proportion": [4.838, 2.498, 3.826, 2.696, 4.716, 2.434, 4.797, 3.034, 3.066, 2.518, 4.785, 2.812, 3.951, 2.913, 2.964, 2.959, 2.963, 2.962, 2.972, 2.916, 2.963, 2.96, 2.964, 2.963, 2.973, 0.0, 0.0, 0.0, 0.0, 0.0, 0.0, 0.0, 0.0, 0.0, 0.0, 0.0, 0.0, 0.0, 0.0, 0.0, 0.0, 0.0, 0.0], "d proportion": [0.0, 0.0, 0.0, 0.0, 0.0, 0.0, 0.0, 0.0, 0.0, 0.0, 0.0, 0.0, 0.0, 0.0, 0.0, 0.0, 0.0, 0.0, 0.0, 0.0, 0.0, 0.0, 0.0, 0.0, 0.0, 0.0, 0.0, 0.0, 0.0, 0.0, 0.0, 0.0, 0.0, 0.0, 0.0, 0.0, 0.0, 0.0, 0.0, 0.0, 0.0, 0.0, 0.0], "Fermi-level/eV": -9.2786, "Coordination numbers": [0.858, 2.815, 2.773, 3.659, 1.704, 2.733, 0.856, 3.802, 3.752, 2.88, 0.857, 3.869, 2.751, 2.959, 2.913, 2.91, 2.912, 2.909, 2.915, 2.958, 2.914, 2.909, 2.912, 2.91, 2.913, 0.924, 0.924, 0.924, 0.924, 0.924, 0.924, 0.924, 0.86, 0.925, 0.925, 0.925, 0.925, 0.925, 0.925, 0.925, 0.925, 0.925, 0.925], "Dispersion coefficient C6": [22.501, 21.392, 23.114, 18.347, 18.296, 20.961, 21.67, 22.066, 22.443, 22.384, 21.353, 19.626, 25.502, 27.849, 28.739, 28.641, 28.658, 28.667, 28.797, 27.906, 28.71, 28.645, 28.687, 28.697, 28.881, 1.925, 1.893, 2.094, 2.077, 2.321, 2.319, 2.294, 1.131, 2.399, 2.414, 2.448, 2.438, 2.534, 2.34, 2.419, 2.467, 2.451, 2.484], "Total dispersion C6": 22782.325669, "Total dispersion C8": 544569.815843, "Polarizability alpha": [6.36, 7.578, 7.14, 6.147, 5.775, 7.496, 6.241, 6.688, 6.756, 7.756, 6.195, 6.299, 7.5, 8.656, 8.791, 8.776, 8.778, 8.779, 8.8, 8.665, 8.786, 8.776, 8.783, 8.784, 8.812, 2.17, 2.152, 2.263, 2.254, 2.382, 2.382, 2.369, 1.666, 2.422, 2.43, 2.447, 2.442, 2.489, 2.392, 2.432, 2.456, 2.448, 2.464], "Total polarizability alpha": 235.177994, "Wiberg matrix": [[0.0, 1.6373401158446785, 0.0, 0.0, 0.0, 0.0, 0.0, 0.0, 0.0, 0.0, 0.0, 0.0, 0.17361192274168163, 0.0, 0.0, 0.0, 0.0, 0.0, 0.0, 0.0, 0.0, 0.0, 0.0, 0.0, 0.0, 0.0, 0.0, 0.0, 0.0, 0.0, 0.0, 0.0, 0.0, 0.0, 0.0, 0.0, 0.0, 0.0, 0.0, 0.0, 0.0, 0.0, 0.0], [1.6373401158446785, 0.0, 1.0757225887390787, 0.0, 0.0, 0.0, 0.0, 0.0, 0.0, 0.0, 0.0, 0.0, 1.1866313027302335, 0.0, 0.0, 0.0, 0.0, 0.0, 0.0, 0.0, 0.0, 0.0, 0.0, 0.0, 0.0, 0.0, 0.0, 0.0, 0.0, 0.0, 0.0, 0.0, 0.0, 0.0, 0.0, 0.0, 0.0, 0.0, 0.0, 0.0, 0.0, 0.0, 0.0], [0.0, 1.0757225887390787, 0.0, 0.9876415032474047, 0.0, 0.0, 0.0, 0.0, 0.0, 1.1566182159425202, 0.14743188070563035, 0.0, 0.0, 0.0, 0.0, 0.0, 0.0, 0.0, 0.0, 0.0, 0.0, 0.0, 0.0, 0.0, 0.0, 0.0, 0.0, 0.0, 0.0, 0.0, 0.0, 0.0, 0.0, 0.0, 0.0, 0.0, 0.0, 0.0, 0.0, 0.0, 0.0, 0.0, 0.0], [0.0, 0.0, 0.9876415032474047, 0.0, 0.9483526380576236, 0.0, 0.0, 0.0, 0.0, 0.0, 0.0, 0.0, 0.0, 0.0, 0.0, 0.0, 0.0, 0.0, 0.0, 0.0, 0.0, 0.0, 0.0, 0.0, 0.0, 0.9581123497071046, 0.9575780691713889, 0.0, 0.0, 0.0, 0.0, 0.0, 0.0, 0.0, 0.0, 0.0, 0.0, 0.0, 0.0, 0.0, 0.0, 0.0, 0.0], [0.0, 0.0, 0.0, 0.9483526380576236, 0.0, 1.1027356138661284, 0.16661854107999385, 0.0, 0.0, 0.0, 0.0, 0.0, 0.0, 0.0, 0.0, 0.0, 0.0, 0.0, 0.0, 0.0, 0.0, 0.0, 0.0, 0.0, 0.0, 0.0, 0.0, 0.0, 0.0, 0.0, 0.0, 0.0, 0.0, 0.0, 0.0, 0.0, 0.0, 0.0, 0.0, 0.0, 0.0, 0.0, 0.0], [0.0, 0.0, 0.0, 0.0, 1.1027356138661284, 0.0, 1.7675164053448844, 0.9781153533511341, 0.0, 0.0, 0.0, 0.0, 0.0, 0.0, 0.0, 0.0, 0.0, 0.0, 0.0, 0.0, 0.0, 0.0, 0.0, 0.0, 0.0, 0.0, 0.0, 0.0, 0.0, 0.0, 0.0, 0.0, 0.0, 0.0, 0.0, 0.0, 0.0, 0.0, 0.0, 0.0, 0.0, 0.0, 0.0], [0.0, 0.0, 0.0, 0.0, 0.16661854107999385, 1.7675164053448844, 0.0, 0.0, 0.0, 0.0, 0.0, 0.0, 0.0, 0.0, 0.0, 0.0, 0.0, 0.0, 0.0, 0.0, 0.0, 0.0, 0.0, 0.0, 0.0, 0.0, 0.0, 0.0, 0.0, 0.0, 0.0, 0.0, 0.0, 0.0, 0.0, 0.0, 0.0, 0.0, 0.0, 0.0, 0.0, 0.0, 0.0], [0.0, 0.0, 0.0, 0.0, 0.0, 0.9781153533511341, 0.0, 0.0, 0.9988638092298294, 0.0, 0.0, 0.0, 0.0, 0.0, 0.0, 0.0, 0.0, 0.0, 0.0, 0.0, 0.0, 0.0, 0.0, 0.0, 0.0, 0.0, 0.0, 0.9592711160283003, 0.971677623657676, 0.0, 0.0, 0.0, 0.0, 0.0, 0.0, 0.0, 0.0, 0.0, 0.0, 0.0, 0.0, 0.0, 0.0], [0.0, 0.0, 0.0, 0.0, 0.0, 0.0, 0.0, 0.9988638092298294, 0.0, 0.0, 0.0, 0.0, 0.0, 0.0, 0.0, 0.0, 0.0, 0.0, 0.0, 0.0, 0.0, 0.0, 0.0, 0.0, 0.0, 0.0, 0.0, 0.0, 0.0, 0.9864869543965027, 0.9860843680457149, 0.9834394213675703, 0.0, 0.0, 0.0, 0.0, 0.0, 0.0, 0.0, 0.0, 0.0, 0.0, 0.0], [0.0, 0.0, 1.1566182159425202, 0.0, 0.0, 0.0, 0.0, 0.0, 0.0, 0.0, 1.7466252296449933, 0.9171916057948437, 0.0, 0.0, 0.0, 0.0, 0.0, 0.0, 0.0, 0.0, 0.0, 0.0, 0.0, 0.0, 0.0, 0.0, 0.0, 0.0, 0.0, 0.0, 0.0, 0.0, 0.0, 0.0, 0.0, 0.0, 0.0, 0.0, 0.0, 0.0, 0.0, 0.0, 0.0], [0.0, 0.0, 0.14743188070563035, 0.0, 0.0, 0.0, 0.0, 0.0, 0.0, 1.7466252296449933, 0.0, 0.0, 0.0, 0.0, 0.0, 0.0, 0.0, 0.0, 0.0, 0.0, 0.0, 0.0, 0.0, 0.0, 0.0, 0.0, 0.0, 0.0, 0.0, 0.0, 0.0, 0.0, 0.0, 0.0, 0.0, 0.0, 0.0, 0.0, 0.0, 0.0, 0.0, 0.0, 0.0], [0.0, 0.0, 0.0, 0.0, 0.0, 0.0, 0.0, 0.0, 0.0, 0.9171916057948437, 0.0, 0.0, 0.9745700612040689, 0.946456507310334, 0.0, 0.0, 0.0, 0.0, 0.0, 0.9498133107166488, 0.0, 0.0, 0.0, 0.0, 0.0, 0.0, 0.0, 0.0, 0.0, 0.0, 0.0, 0.0, 0.0, 0.0, 0.0, 0.0, 0.0, 0.0, 0.0, 0.0, 0.0, 0.0, 0.0], [0.17361192274168163, 1.1866313027302335, 0.0, 0.0, 0.0, 0.0, 0.0, 0.0, 0.0, 0.0, 0.0, 0.9745700612040689, 0.0, 0.0, 0.0, 0.0, 0.0, 0.0, 0.0, 0.0, 0.0, 0.0, 0.0, 0.0, 0.0, 0.0, 0.0, 0.0, 0.0, 0.0, 0.0, 0.0, 0.9323218406274344, 0.0, 0.0, 0.0, 0.0, 0.0, 0.0, 0.0, 0.0, 0.0, 0.0], [0.0, 0.0, 0.0, 0.0, 0.0, 0.0, 0.0, 0.0, 0.0, 0.0, 0.0, 0.946456507310334, 0.0, 0.0, 1.419908253504518, 0.0, 0.10977266349961717, 0.0, 1.4056108790458417, 0.0, 0.0, 0.0, 0.0, 0.0, 0.0, 0.0, 0.0, 0.0, 0.0, 0.0, 0.0, 0.0, 0.0, 0.0, 0.0, 0.0, 0.0, 0.0, 0.0, 0.0, 0.0, 0.0, 0.0], [0.0, 0.0, 0.0, 0.0, 0.0, 0.0, 0.0, 0.0, 0.0, 0.0, 0.0, 0.0, 0.0, 1.419908253504518, 0.0, 1.4366736531682127, 0.0, 0.11008334271579447, 0.0, 0.0, 0.0, 0.0, 0.0, 0.0, 0.0, 0.0, 0.0, 0.0, 0.0, 0.0, 0.0, 0.0, 0.0, 0.9678613049903675, 0.0, 0.0, 0.0, 0.0, 0.0, 0.0, 0.0, 0.0, 0.0], [0.0, 0.0, 0.0, 0.0, 0.0, 0.0, 0.0, 0.0, 0.0, 0.0, 0.0, 0.0, 0.0, 0.0, 1.4366736531682127, 0.0, 1.442846866788678, 0.0, 0.1130969708049871, 0.0, 0.0, 0.0, 0.0, 0.0, 0.0, 0.0, 0.0, 0.0, 0.0, 0.0, 0.0, 0.0, 0.0, 0.0, 0.9701964745715519, 0.0, 0.0, 0.0, 0.0, 0.0, 0.0, 0.0, 0.0], [0.0, 0.0, 0.0, 0.0, 0.0, 0.0, 0.0, 0.0, 0.0, 0.0, 0.0, 0.0, 0.0, 0.10977266349961717, 0.0, 1.442846866788678, 0.0, 1.435757053935118, 0.0, 0.0, 0.0, 0.0, 0.0, 0.0, 0.0, 0.0, 0.0, 0.0, 0.0, 0.0, 0.0, 0.0, 0.0, 0.0, 0.0, 0.9703883225348646, 0.0, 0.0, 0.0, 0.0, 0.0, 0.0, 0.0], [0.0, 0.0, 0.0, 0.0, 0.0, 0.0, 0.0, 0.0, 0.0, 0.0, 0.0, 0.0, 0.0, 0.0, 0.11008334271579447, 0.0, 1.435757053935118, 0.0, 1.4469304124342943, 0.0, 0.0, 0.0, 0.0, 0.0, 0.0, 0.0, 0.0, 0.0, 0.0, 0.0, 0.0, 0.0, 0.0, 0.0, 0.0, 0.0, 0.9700132316490112, 0.0, 0.0, 0.0, 0.0, 0.0, 0.0], [0.0, 0.0, 0.0, 0.0, 0.0, 0.0, 0.0, 0.0, 0.0, 0.0, 0.0, 0.0, 0.0, 1.4056108790458417, 0.0, 0.1130969708049871, 0.0, 1.4469304124342943, 0.0, 0.0, 0.0, 0.0, 0.0, 0.0, 0.0, 0.0, 0.0, 0.0, 0.0, 0.0, 0.0, 0.0, 0.0, 0.0, 0.0, 0.0, 0.0, 0.9695692902242428, 0.0, 0.0, 0.0, 0.0, 0.0], [0.0, 0.0, 0.0, 0.0, 0.0, 0.0, 0.0, 0.0, 0.0, 0.0, 0.0, 0.9498133107166488, 0.0, 0.0, 0.0, 0.0, 0.0, 0.0, 0.0, 0.0, 1.4065673414414814, 0.0, 0.10864946264963185, 0.0, 1.413225527554781, 0.0, 0.0, 0.0, 0.0, 0.0, 0.0, 0.0, 0.0, 0.0, 0.0, 0.0, 0.0, 0.0, 0.0, 0.0, 0.0, 0.0, 0.0], [0.0, 0.0, 0.0, 0.0, 0.0, 0.0, 0.0, 0.0, 0.0, 0.0, 0.0, 0.0, 0.0, 0.0, 0.0, 0.0, 0.0, 0.0, 0.0, 1.4065673414414814, 0.0, 1.4457203575688677, 0.0, 0.11252644541541885, 0.0, 0.0, 0.0, 0.0, 0.0, 0.0, 0.0, 0.0, 0.0, 0.0, 0.0, 0.0, 0.0, 0.0, 0.9686095844756126, 0.0, 0.0, 0.0, 0.0], [0.0, 0.0, 0.0, 0.0, 0.0, 0.0, 0.0, 0.0, 0.0, 0.0, 0.0, 0.0, 0.0, 0.0, 0.0, 0.0, 0.0, 0.0, 0.0, 0.0, 1.4457203575688677, 0.0, 1.4371132106904727, 0.0, 0.11021039452828318, 0.0, 0.0, 0.0, 0.0, 0.0, 0.0, 0.0, 0.0, 0.0, 0.0, 0.0, 0.0, 0.0, 0.0, 0.9700685293296807, 0.0, 0.0, 0.0], [0.0, 0.0, 0.0, 0.0, 0.0, 0.0, 0.0, 0.0, 0.0, 0.0, 0.0, 0.0, 0.0, 0.0, 0.0, 0.0, 0.0, 0.0, 0.0, 0.10864946264963185, 0.0, 1.4371132106904727, 0.0, 1.4403902466023804, 0.0, 0.0, 0.0, 0.0, 0.0, 0.0, 0.0, 0.0, 0.0, 0.0, 0.0, 0.0, 0.0, 0.0, 0.0, 0.0, 0.9705127136978802, 0.0, 0.0], [0.0, 0.0, 0.0, 0.0, 0.0, 0.0, 0.0, 0.0, 0.0, 0.0, 0.0, 0.0, 0.0, 0.0, 0.0, 0.0, 0.0, 0.0, 0.0, 0.0, 0.11252644541541885, 0.0, 1.4403902466023804, 0.0, 1.4392646751149165, 0.0, 0.0, 0.0, 0.0, 0.0, 0.0, 0.0, 0.0, 0.0, 0.0, 0.0, 0.0, 0.0, 0.0, 0.0, 0.0, 0.9703121978471057, 0.0], [0.0, 0.0, 0.0, 0.0, 0.0, 0.0, 0.0, 0.0, 0.0, 0.0, 0.0, 0.0, 0.0, 0.0, 0.0, 0.0, 0.0, 0.0, 0.0, 1.413225527554781, 0.0, 0.11021039452828318, 0.0, 1.4392646751149165, 0.0, 0.0, 0.0, 0.0, 0.0, 0.0, 0.0, 0.0, 0.0, 0.0, 0.0, 0.0, 0.0, 0.0, 0.0, 0.0, 0.0, 0.0, 0.9680733284371705], [0.0, 0.0, 0.0, 0.9581123497071046, 0.0, 0.0, 0.0, 0.0, 0.0, 0.0, 0.0, 0.0, 0.0, 0.0, 0.0, 0.0, 0.0, 0.0, 0.0, 0.0, 0.0, 0.0, 0.0, 0.0, 0.0, 0.0, 0.0, 0.0, 0.0, 0.0, 0.0, 0.0, 0.0, 0.0, 0.0, 0.0, 0.0, 0.0, 0.0, 0.0, 0.0, 0.0, 0.0], [0.0, 0.0, 0.0, 0.9575780691713889, 0.0, 0.0, 0.0, 0.0, 0.0, 0.0, 0.0, 0.0, 0.0, 0.0, 0.0, 0.0, 0.0, 0.0, 0.0, 0.0, 0.0, 0.0, 0.0, 0.0, 0.0, 0.0, 0.0, 0.0, 0.0, 0.0, 0.0, 0.0, 0.0, 0.0, 0.0, 0.0, 0.0, 0.0, 0.0, 0.0, 0.0, 0.0, 0.0], [0.0, 0.0, 0.0, 0.0, 0.0, 0.0, 0.0, 0.9592711160283003, 0.0, 0.0, 0.0, 0.0, 0.0, 0.0, 0.0, 0.0, 0.0, 0.0, 0.0, 0.0, 0.0, 0.0, 0.0, 0.0, 0.0, 0.0, 0.0, 0.0, 0.0, 0.0, 0.0, 0.0, 0.0, 0.0, 0.0, 0.0, 0.0, 0.0, 0.0, 0.0, 0.0, 0.0, 0.0], [0.0, 0.0, 0.0, 0.0, 0.0, 0.0, 0.0, 0.971677623657676, 0.0, 0.0, 0.0, 0.0, 0.0, 0.0, 0.0, 0.0, 0.0, 0.0, 0.0, 0.0, 0.0, 0.0, 0.0, 0.0, 0.0, 0.0, 0.0, 0.0, 0.0, 0.0, 0.0, 0.0, 0.0, 0.0, 0.0, 0.0, 0.0, 0.0, 0.0, 0.0, 0.0, 0.0, 0.0], [0.0, 0.0, 0.0, 0.0, 0.0, 0.0, 0.0, 0.0, 0.9864869543965027, 0.0, 0.0, 0.0, 0.0, 0.0, 0.0, 0.0, 0.0, 0.0, 0.0, 0.0, 0.0, 0.0, 0.0, 0.0, 0.0, 0.0, 0.0, 0.0, 0.0, 0.0, 0.0, 0.0, 0.0, 0.0, 0.0, 0.0, 0.0, 0.0, 0.0, 0.0, 0.0, 0.0, 0.0], [0.0, 0.0, 0.0, 0.0, 0.0, 0.0, 0.0, 0.0, 0.9860843680457149, 0.0, 0.0, 0.0, 0.0, 0.0, 0.0, 0.0, 0.0, 0.0, 0.0, 0.0, 0.0, 0.0, 0.0, 0.0, 0.0, 0.0, 0.0, 0.0, 0.0, 0.0, 0.0, 0.0, 0.0, 0.0, 0.0, 0.0, 0.0, 0.0, 0.0, 0.0, 0.0, 0.0, 0.0], [0.0, 0.0, 0.0, 0.0, 0.0, 0.0, 0.0, 0.0, 0.9834394213675703, 0.0, 0.0, 0.0, 0.0, 0.0, 0.0, 0.0, 0.0, 0.0, 0.0, 0.0, 0.0, 0.0, 0.0, 0.0, 0.0, 0.0, 0.0, 0.0, 0.0, 0.0, 0.0, 0.0, 0.0, 0.0, 0.0, 0.0, 0.0, 0.0, 0.0, 0.0, 0.0, 0.0, 0.0], [0.0, 0.0, 0.0, 0.0, 0.0, 0.0, 0.0, 0.0, 0.0, 0.0, 0.0, 0.0, 0.9323218406274344, 0.0, 0.0, 0.0, 0.0, 0.0, 0.0, 0.0, 0.0, 0.0, 0.0, 0.0, 0.0, 0.0, 0.0, 0.0, 0.0, 0.0, 0.0, 0.0, 0.0, 0.0, 0.0, 0.0, 0.0, 0.0, 0.0, 0.0, 0.0, 0.0, 0.0], [0.0, 0.0, 0.0, 0.0, 0.0, 0.0, 0.0, 0.0, 0.0, 0.0, 0.0, 0.0, 0.0, 0.0, 0.9678613049903675, 0.0, 0.0, 0.0, 0.0, 0.0, 0.0, 0.0, 0.0, 0.0, 0.0, 0.0, 0.0, 0.0, 0.0, 0.0, 0.0, 0.0, 0.0, 0.0, 0.0, 0.0, 0.0, 0.0, 0.0, 0.0, 0.0, 0.0, 0.0], [0.0, 0.0, 0.0, 0.0, 0.0, 0.0, 0.0, 0.0, 0.0, 0.0, 0.0, 0.0, 0.0, 0.0, 0.0, 0.9701964745715519, 0.0, 0.0, 0.0, 0.0, 0.0, 0.0, 0.0, 0.0, 0.0, 0.0, 0.0, 0.0, 0.0, 0.0, 0.0, 0.0, 0.0, 0.0, 0.0, 0.0, 0.0, 0.0, 0.0, 0.0, 0.0, 0.0, 0.0], [0.0, 0.0, 0.0, 0.0, 0.0, 0.0, 0.0, 0.0, 0.0, 0.0, 0.0, 0.0, 0.0, 0.0, 0.0, 0.0, 0.9703883225348646, 0.0, 0.0, 0.0, 0.0, 0.0, 0.0, 0.0, 0.0, 0.0, 0.0, 0.0, 0.0, 0.0, 0.0, 0.0, 0.0, 0.0, 0.0, 0.0, 0.0, 0.0, 0.0, 0.0, 0.0, 0.0, 0.0], [0.0, 0.0, 0.0, 0.0, 0.0, 0.0, 0.0, 0.0, 0.0, 0.0, 0.0, 0.0, 0.0, 0.0, 0.0, 0.0, 0.0, 0.9700132316490112, 0.0, 0.0, 0.0, 0.0, 0.0, 0.0, 0.0, 0.0, 0.0, 0.0, 0.0, 0.0, 0.0, 0.0, 0.0, 0.0, 0.0, 0.0, 0.0, 0.0, 0.0, 0.0, 0.0, 0.0, 0.0], [0.0, 0.0, 0.0, 0.0, 0.0, 0.0, 0.0, 0.0, 0.0, 0.0, 0.0, 0.0, 0.0, 0.0, 0.0, 0.0, 0.0, 0.0, 0.9695692902242428, 0.0, 0.0, 0.0, 0.0, 0.0, 0.0, 0.0, 0.0, 0.0, 0.0, 0.0, 0.0, 0.0, 0.0, 0.0, 0.0, 0.0, 0.0, 0.0, 0.0, 0.0, 0.0, 0.0, 0.0], [0.0, 0.0, 0.0, 0.0, 0.0, 0.0, 0.0, 0.0, 0.0, 0.0, 0.0, 0.0, 0.0, 0.0, 0.0, 0.0, 0.0, 0.0, 0.0, 0.0, 0.9686095844756126, 0.0, 0.0, 0.0, 0.0, 0.0, 0.0, 0.0, 0.0, 0.0, 0.0, 0.0, 0.0, 0.0, 0.0, 0.0, 0.0, 0.0, 0.0, 0.0, 0.0, 0.0, 0.0], [0.0, 0.0, 0.0, 0.0, 0.0, 0.0, 0.0, 0.0, 0.0, 0.0, 0.0, 0.0, 0.0, 0.0, 0.0, 0.0, 0.0, 0.0, 0.0, 0.0, 0.0, 0.9700685293296807, 0.0, 0.0, 0.0, 0.0, 0.0, 0.0, 0.0, 0.0, 0.0, 0.0, 0.0, 0.0, 0.0, 0.0, 0.0, 0.0, 0.0, 0.0, 0.0, 0.0, 0.0], [0.0, 0.0, 0.0, 0.0, 0.0, 0.0, 0.0, 0.0, 0.0, 0.0, 0.0, 0.0, 0.0, 0.0, 0.0, 0.0, 0.0, 0.0, 0.0, 0.0, 0.0, 0.0, 0.9705127136978802, 0.0, 0.0, 0.0, 0.0, 0.0, 0.0, 0.0, 0.0, 0.0, 0.0, 0.0, 0.0, 0.0, 0.0, 0.0, 0.0, 0.0, 0.0, 0.0, 0.0], [0.0, 0.0, 0.0, 0.0, 0.0, 0.0, 0.0, 0.0, 0.0, 0.0, 0.0, 0.0, 0.0, 0.0, 0.0, 0.0, 0.0, 0.0, 0.0, 0.0, 0.0, 0.0, 0.0, 0.9703121978471057, 0.0, 0.0, 0.0, 0.0, 0.0, 0.0, 0.0, 0.0, 0.0, 0.0, 0.0, 0.0, 0.0, 0.0, 0.0, 0.0, 0.0, 0.0, 0.0], [0.0, 0.0, 0.0, 0.0, 0.0, 0.0, 0.0, 0.0, 0.0, 0.0, 0.0, 0.0, 0.0, 0.0, 0.0, 0.0, 0.0, 0.0, 0.0, 0.0, 0.0, 0.0, 0.0, 0.0, 0.9680733284371705, 0.0, 0.0, 0.0, 0.0, 0.0, 0.0, 0.0, 0.0, 0.0, 0.0, 0.0, 0.0, 0.0, 0.0, 0.0, 0.0, 0.0, 0.0]], "Born radii": [], "Atomic SASAs": [], "Solvent H bonds": [], "Total SASA": NaN, "Total FOD": 0.0, "FOD": [0.0, 0.0, 0.0, 0.0, 0.0, 0.0, 0.0, 0.0, 0.0, 0.0, 0.0, 0.0, 0.0, 0.0, 0.0, 0.0, 0.0, 0.0, 0.0, 0.0, 0.0, 0.0, 0.0, 0.0, 0.0, 0.0, 0.0, 0.0, 0.0, 0.0, 0.0, 0.0, 0.0, 0.0, 0.0, 0.0, 0.0, 0.0, 0.0, 0.0, 0.0, 0.0, 0.0], "FOD s proportion": [0.0, 0.0, 0.0, 0.0, 0.0, 0.0, 0.0, 0.0, 0.0, 0.0, 0.0, 0.0, 0.0, 0.0, 0.0, 0.0, 0.0, 0.0, 0.0, 0.0, 0.0, 0.0, 0.0, 0.0, 0.0, 0.0, 0.0, 0.0, 0.0, 0.0, 0.0, 0.0, 0.0, 0.0, 0.0, 0.0, 0.0, 0.0, 0.0, 0.0, 0.0, 0.0, 0.0], "FOD p proportion": [0.0, 0.0, 0.0, 0.0, 0.0, 0.0, 0.0, 0.0, 0.0, 0.0, 0.0, 0.0, 0.0, 0.0, 0.0, 0.0, 0.0, 0.0, 0.0, 0.0, 0.0, 0.0, 0.0, 0.0, 0.0, 0.0, 0.0, 0.0, 0.0, 0.0, 0.0, 0.0, 0.0, 0.0, 0.0, 0.0, 0.0, 0.0, 0.0, 0.0, 0.0, 0.0, 0.0], "FOD d proportion": [0.0, 0.0, 0.0, 0.0, 0.0, 0.0, 0.0, 0.0, 0.0, 0.0, 0.0, 0.0, 0.0, 0.0, 0.0, 0.0, 0.0, 0.0, 0.0, 0.0, 0.0, 0.0, 0.0, 0.0, 0.0, 0.0, 0.0, 0.0, 0.0, 0.0, 0.0, 0.0, 0.0, 0.0, 0.0, 0.0, 0.0, 0.0, 0.0, 0.0, 0.0, 0.0, 0.0], "coordinates": [["0.24920", "-0.05530", "-3.39370"], ["0.01780", "0.21860", "-2.22820"], ["0.85970", "0.78020", "-1.33040"], ["2.22560", "1.12690", "-1.60300"], ["3.03000", "-0.01380", "-1.30490"], ["4.35600", "0.21070", "-1.49390"], ["4.84320", "1.26220", "-1.88460"], ["5.15430", "-1.01970", "-1.15340"], ["5.18600", "-1.25550", "0.34380"], ["0.28280", "0.82280", "-0.09270"], ["0.83800", "1.22000", "0.92710"], ["-1.17000", "0.25940", "-0.19440"], ["-1.18380", "-0.02740", "-1.61810"], ["-1.39710", "-1.06300", "0.55480"], ["-0.37530", "-1.73000", "1.25310"], ["-0.62250", "-2.94280", "1.90340"], ["-1.89090", "-3.51470", "1.86570"], ["-2.91700", "-2.87630", "1.17720"], ["-2.67320", "-1.66530", "0.52650"], ["-2.17280", "1.35600", "0.19480"], ["-2.27800", "1.75730", "1.54130"], ["-3.17790", "2.75150", "1.92990"], ["-3.98850", "3.36710", "0.98120"], ["-3.89810", "2.99130", "-0.35620"], ["-2.99820", "1.99640", "-0.74800"], ["2.51380", "1.96770", "-0.96190"], ["2.32810", "1.39080", "-2.66160"], ["4.72820", "-1.87910", "-1.68200"], ["6.17250", "-0.88350", "-1.53420"], ["5.59810", "-0.38720", "0.86860"], ["4.18020", "-1.43490", "0.73800"], ["5.80500", "-2.12620", "0.58010"], ["-1.89280", "-0.57620", "-2.08200"], ["0.63270", "-1.32490", "1.31380"], ["0.18020", "-3.44080", "2.44230"], ["-2.07890", "-4.45680", "2.37400"], ["-3.90950", "-3.31910", "1.14780"], ["-3.49690", "-1.18590", "-0.00050"], ["-1.65020", "1.29650", "2.30410"], ["-3.24160", "3.04630", "2.97440"], ["-4.68740", "4.14270", "1.28350"], ["-4.52740", "3.47640", "-1.09850"], ["-2.95360", "1.73750", "-1.80350"]], "bond_dist": [[0.0, 1.2194086353638798, 2.308241189737329, 2.917252181420043, 3.478168530994437, 4.532747762671114, 5.0117886088700905, 5.478048690911756, 6.307248253398624, 3.4159610024120592, 4.543389502342937, 3.514069609441452, 2.281890174833136, 4.395044394542563, 4.978691653436673, 6.0956365992404775, 6.6489671927300105, 6.235061366979479, 5.147862643855214, 4.553590225305742, 5.833222402754759, 6.925594386765659, 6.986463558911619, 5.975640141440914, 4.6642049847750044, 3.8903204752308005, 2.636095755089333, 5.13006864768884, 6.263316883249641, 6.847487868554423, 5.86745277356367, 7.137690585196307, 2.565162314552434, 4.890757881964716, 6.7472414548465665, 7.619686026996125, 6.96939010100597, 5.179317311190733, 6.156298274125451, 7.896727474720145, 7.991834795589809, 6.368418601976475, 4.00009946376337], [1.2194086353638798, 0.0, 1.3528617852537637, 2.467846180376727, 3.1590887119547624, 4.399913424148252, 4.948903624036339, 5.391865556558323, 5.9580572378922305, 2.2350934857405855, 3.4104908869545456, 2.355605213103418, 1.369883414747401, 3.37483771017215, 4.008867578256982, 5.24161736585188, 5.860092302174087, 5.45785729109877, 4.287065698120335, 3.458805591530117, 4.674122974419907, 5.8239056062062, 6.021938251094908, 5.150390480342243, 3.8010289238573285, 3.300436713527469, 2.626666040820569, 5.185223996125915, 6.290992966138176, 6.410687324304625, 5.371962253218092, 6.846628350509468, 2.0744815834323522, 3.9123213390517915, 5.935583574510598, 6.88736240443321, 6.271872334478756, 4.391854235969132, 4.948316451077074, 6.759187999308793, 7.06183437500484, 5.705114019018375, 3.3640221848257776], [2.308241189737329, 1.3528617852537637, 0.0, 1.4353377511930772, 2.311122744468584, 3.5461494878247866, 4.050646107721582, 4.659888214324459, 5.065954186527944, 1.3662099619019032, 2.3000437343668056, 2.383571003767247, 2.216050834254485, 3.470520352915395, 3.8079917660100056, 5.14928230727351, 6.018888732980533, 5.824217792974435, 4.680804446887309, 3.4429401577721332, 4.364234937534871, 5.551377625418757, 5.961592858456538, 5.336168071753362, 4.086774352713886, 2.0692982651130793, 2.073915224882637, 4.707524965414416, 5.570931337756731, 5.3526496541432635, 4.495627522382165, 6.045921211858454, 3.1592688663676602, 3.387442789184786, 5.701914287324915, 7.055786158891156, 6.759512139940278, 4.961264635151002, 4.446993810429693, 6.362953240437966, 6.993511126036764, 6.028608335262791, 3.959987852254095], [2.917252181420043, 2.467846180376727, 1.4353377511930772, 0.0, 1.4272769387893858, 2.32162215056628, 2.6361779928525317, 3.6588680503674906, 4.26964028461415, 2.479506955021502, 2.8871278773202964, 3.7771430433596236, 3.599533978169952, 4.751391179433662, 4.804567163647523, 6.080211563753354, 7.107876089240724, 7.0852986556672395, 6.0273868740939465, 4.757151901085355, 5.528692396037241, 6.657215620663042, 7.093068763941317, 6.5215181737077135, 5.364246609730019, 1.0959074276598366, 1.095802637339407, 3.912196794641088, 4.429950474892467, 4.446915967274398, 3.9829086607653963, 5.306664637981187, 4.482321850336051, 4.129936547938721, 6.435215345270118, 8.094625064819247, 8.060599769868244, 6.376837487344334, 5.505998566109511, 7.38423746638744, 8.075673401642739, 7.16782250756811, 5.218921847470031], [3.478168530994437, 3.1590887119547624, 2.311122744468584, 1.4272769387893858, 0.0, 1.3580858772551905, 2.2917072958822646, 2.355299885364919, 2.984688690634251, 3.1171198629504127, 3.3628782969355284, 4.352912644425568, 4.225445496039441, 4.915131650322298, 4.591816038344741, 5.675648521534786, 6.820869591188502, 7.051349917568975, 6.213531077414839, 5.5852108259223305, 6.277938646562261, 7.526542203429142, 8.118871859439585, 7.611125232841724, 6.378889941831573, 2.0761632137189987, 2.0751384676690856, 2.5505747862001615, 3.2686790650047004, 3.38506534944305, 2.7415188600482034, 3.9643516191175574, 5.01539011543469, 3.78465588792429, 5.822988655321252, 7.705544329896494, 8.068296327602253, 6.75838008549386, 6.0535972057942535, 8.185938373821292, 9.13972480822043, 8.326967741020736, 6.254528168455234], [4.532747762671114, 4.399913424148252, 3.5461494878247866, 2.32162215056628, 1.3580858772551905, 0.0, 1.222972845160513, 1.5056916350966423, 2.493147354249243, 4.350745463710788, 4.3881945592692215, 5.676948823091503, 5.546305192648526, 6.238400675653977, 5.8049569490221025, 6.802328409449223, 8.011821074512337, 8.340316133696613, 7.5505658595895975, 6.840222892567172, 7.457504046261055, 8.65665757033279, 9.258491303662817, 8.783863868480658, 7.604561061626108, 2.600725637202048, 2.6207895203545055, 2.131004103703228, 2.120983257831141, 2.735270200546922, 2.778539654206864, 3.444151362817842, 6.325549356380045, 4.909603806825965, 6.80179596356727, 8.840483282603955, 9.367846987435266, 8.114725721181216, 7.18875539158205, 9.259041959619797, 10.24488449520052, 9.472905214874684, 7.47376896619102], [5.0117886088700905, 4.948903624036339, 4.050646107721582, 2.6361779928525317, 2.2917072958822646, 1.222972845160513, 0.0, 2.416299704093017, 3.379658516773551, 4.919474172104169, 4.893778169267585, 6.326211988228027, 6.169183042348476, 7.092148580648886, 6.784627062705805, 7.867963236441818, 9.068165553737977, 9.312491907647491, 8.419021820853063, 7.318262006788223, 7.917916661597292, 9.005913054765742, 9.520627003511903, 9.040803009688908, 7.957289938163621, 2.602923337326707, 2.6355255585935797, 3.1499265785094104, 2.5483027959801006, 3.2970448298438404, 3.819940859489843, 4.298960326637127, 6.98515406558796, 5.886523525817255, 7.91099498230153, 9.937711173605319, 10.334094867960136, 8.893834630236835, 7.72726521739742, 9.59983775123309, 10.448276136282004, 9.660682129642812, 7.811694921078268], [5.478048690911756, 5.391865556558323, 4.659888214324459, 3.6588680503674906, 2.355299885364919, 1.5056916350966423, 2.416299704093017, 0.0, 1.515986269726741, 5.315204886925809, 5.289157024517234, 6.523231430817091, 6.432116058498945, 6.770573394477014, 6.072252012227424, 6.812764350100479, 8.060696796803612, 8.603751717128988, 8.03172581827841, 7.8197179066766855, 8.379273260850251, 9.65164468730589, 10.362978492692148, 9.933256998588128, 8.701980499863234, 3.991675244806371, 4.00906272462779, 1.095238572184161, 1.0955776193405926, 2.164601277371886, 2.1676383023927217, 2.157029204716524, 7.121840255158775, 5.1599505268946135, 6.597912890452555, 8.750736506717592, 9.629913407710374, 8.729264705002363, 7.976234007349584, 10.201089434467283, 11.377517930550582, 10.674888482321489, 8.588528643487196], [6.307248253398624, 5.9580572378922305, 5.065954186527944, 4.26964028461415, 2.984688690634251, 2.493147354249243, 3.379658516773551, 1.515986269726741, 0.0, 5.343335417134133, 5.037205886203183, 6.556166353136565, 6.777288046114021, 6.589293047057477, 5.655089250400917, 6.246439441794021, 7.583052014855232, 8.305429380832758, 7.871997203378568, 7.809870081505839, 8.13770643916331, 9.408856754143939, 10.293015096170802, 10.052173051136753, 8.874007577752005, 4.385718136177928, 4.919646863342937, 2.1684841341361016, 2.153706166123875, 1.0950736687547553, 1.0950852204280723, 1.0941285025078176, 7.513678431367688, 4.655991543162423, 5.85126242617779, 8.194437487710795, 9.361248912938914, 8.690002247410526, 7.555733619576593, 9.82089514046454, 11.291927509951522, 10.90051588045263, 8.934317794325429], [3.4159610024120592, 2.2350934857405855, 1.3662099619019032, 2.479506955021502, 3.1171198629504127, 4.350745463710788, 4.919474172104169, 5.315204886925809, 5.343335417134133, 0.0, 1.2271947359730646, 1.561534594557546, 2.2804825717378328, 2.6072134358352788, 2.959908966505558, 4.35703186355115, 5.232036744901549, 5.053187791879498, 3.913053315506959, 2.5292152636736955, 3.1781980570757384, 4.448284943660871, 5.086327495354581, 4.717175988873004, 3.5456615814259544, 2.653990514301059, 3.332435040627199, 5.439459463954116, 6.299043421822079, 5.535396262238143, 4.580065342328644, 6.2963444696109185, 3.263089157531556, 2.591001263990429, 4.961354323166207, 6.287798656127596, 6.0224210372573586, 4.281297539298104, 3.115370111238791, 5.174210086573602, 6.133396325854053, 5.584912769238209, 3.773300636047968], [4.543389502342937, 3.4104908869545456, 2.3000437343668056, 2.8871278773202964, 3.3628782969355284, 4.3881945592692215, 4.893778169267585, 5.289157024517234, 5.037205886203183, 1.2271947359730646, 0.0, 2.4925044854523333, 3.481626780687442, 3.2165771092886923, 3.206380028942296, 4.518310057975215, 5.544839876858483, 5.562575725327251, 4.562232117067259, 3.101560241233435, 3.2210850547602745, 4.413451359197244, 5.282808672477171, 5.216800340246883, 4.257368601612973, 2.6335682884633917, 3.8895164660918975, 5.61653626891165, 6.240160269576416, 5.024446845176093, 4.272534805007445, 5.999045960817436, 4.442779072832679, 2.5822860008140074, 4.944854752164112, 6.5443016021574065, 6.571977902427853, 5.043823408883385, 2.844841030708043, 4.916293841909777, 6.260929756034642, 6.162946817878604, 4.701086381890892], [3.514069609441452, 2.355605213103418, 2.383571003767247, 3.7771430433596236, 4.352912644425568, 5.676948823091503, 6.326211988228027, 6.523231430817091, 6.556166353136565, 1.561534594557546, 2.4925044854523333, 0.0, 1.4523657838161848, 1.5367552863094371, 2.5854432308600397, 3.867118556496555, 4.359763712633977, 3.8426436277646148, 2.5463262045543185, 1.5361041761547294, 2.5463744618574857, 3.8412075327948636, 4.357037628940104, 3.8641928600938127, 2.5818515061869847, 4.132520729530585, 4.427622997726884, 6.447860051986241, 7.550734447720964, 6.88151423525375, 5.688994840039847, 7.412257591989096, 2.187167336990931, 2.8345018998053257, 4.73990579758712, 5.446587942005527, 4.7023423248419505, 2.746079552744239, 2.7474844312570723, 4.701024527696064, 5.443924141646355, 4.736942111742554, 2.8204984275833236], [2.281890174833136, 1.369883414747401, 2.216050834254485, 3.599533978169952, 4.225445496039441, 5.546305192648526, 6.169183042348476, 6.432116058498945, 6.777288046114021, 2.2804825717378328, 3.481626780687442, 1.4523657838161848, 0.0, 2.416497188080301, 3.434575439555812, 4.6060370276410065, 4.979770490695329, 4.351311933198998, 3.0822618204818357, 2.4856634868783027, 3.7900179537833325, 4.928186686804793, 5.113250710653645, 4.251160522727882, 2.8539249832467566, 4.252442616896787, 3.9285652724627087, 6.195532269305034, 7.4064226256675365, 7.232378622555652, 6.025343098944656, 7.621047836091832, 1.0094878156768412, 3.684998793758283, 5.477101762793896, 6.029730572753645, 5.090671094266453, 3.0510954786764706, 4.165800404484113, 5.896882971536742, 6.1712421383381155, 4.870960845664847, 2.5062795554367034], [4.395044394542563, 3.37483771017215, 3.470520352915395, 4.751391179433662, 4.915131650322298, 6.238400675653977, 7.092148580648886, 6.770573394477014, 6.589293047057477, 2.6072134358352788, 3.2165771092886923, 1.5367552863094371, 2.416497188080301, 0.0, 1.4059114943694004, 2.4397489952861955, 2.8236731645146183, 2.44653523579776, 1.4113813765244319, 2.5657107183000973, 3.1150054815361083, 4.428606880272847, 5.150044361944857, 4.849976339117542, 3.6906283218443985, 5.175003399998883, 5.499407098951668, 6.571802913965087, 7.854615548198397, 7.034770722631975, 5.592686933844948, 7.280197712974559, 2.726794266166775, 2.1828331704461523, 3.421178799770628, 3.9105266039243363, 3.4283800795711086, 2.1754591561323324, 2.9481096231314057, 5.113021699543236, 6.201321655099015, 5.756590252918823, 3.9783251991258832], [4.978691653436673, 4.008867578256982, 3.8079917660100056, 4.804567163647523, 4.591816038344741, 5.8049569490221025, 6.784627062705805, 6.072252012227424, 5.655089250400917, 2.959908966505558, 3.206380028942296, 2.5854432308600397, 3.434575439555812, 1.4059114943694004, 0.0, 1.3981708658100411, 2.420222347223494, 2.789265743883146, 2.4109081400999086, 3.724835719867388, 3.9830375117490426, 5.328833573118981, 6.25376464699464, 6.1066062604363145, 4.976953142234715, 5.18903739628074, 5.689695975181802, 5.889206658795394, 7.16653949825158, 6.134530108329407, 4.594017008022501, 6.229447128758698, 3.841477931734087, 1.0880507800649748, 2.1562962528372576, 3.405012189405495, 3.8764541194240905, 3.4076303100541874, 3.4481405510796685, 5.8302307904576125, 7.285858622015665, 7.062333745299779, 5.292824453918721], [6.0956365992404775, 5.24161736585188, 5.14928230727351, 6.080211563753354, 5.675648521534786, 6.802328409449223, 7.867963236441818, 6.812764350100479, 6.246439441794021, 4.35703186355115, 4.518310057975215, 3.867118556496555, 4.6060370276410065, 2.4397489952861955, 1.3981708658100411, 0.0, 1.3918798295829995, 2.407596091540273, 2.780868632280209, 4.878772949215817, 4.996272277408428, 6.241460077578003, 7.210772971741657, 7.144850616353011, 6.08847838872735, 6.493021794973431, 6.95164400124172, 6.528134598796198, 7.888588926417703, 6.804246230112486, 5.166995922196959, 6.612920285320246, 4.806024428776865, 2.1309048805613076, 1.0875405739557489, 2.152849581368842, 3.3936561478735583, 3.8695875981814907, 4.380455714877164, 6.6238995025588965, 8.192191298425591, 8.091092402142, 6.409394894215834], [6.6489671927300105, 5.860092302174087, 6.018888732980533, 7.107876089240724, 6.820869591188502, 8.011821074512337, 9.068165553737977, 8.060696796803612, 7.583052014855232, 5.232036744901549, 5.544839876858483, 4.359763712633977, 4.979770490695329, 2.8236731645146183, 2.420222347223494, 1.3918798295829995, 0.0, 1.3908515449177168, 2.4136549649856747, 5.157043039378284, 5.296136872287196, 6.397323899881886, 7.248547251001403, 7.16196393805498, 6.199174476492818, 7.579803006015394, 7.896856117468521, 7.68595130481582, 9.137885587486855, 8.176832250939235, 6.515790860670714, 7.925123117024744, 4.921292629990621, 3.386498871991544, 2.1511355094461155, 1.0868602946101218, 2.151368338988003, 3.3889892121398084, 4.837124816458636, 6.789722172519285, 8.172829610973178, 8.038226987339932, 6.4944564645549825], [6.235061366979479, 5.45785729109877, 5.824217792974435, 7.0852986556672395, 7.051349917568