{"total energy": -24.04734161, "HOMO-LUMO gap/eV": 11.63228021, "electronic energy": -24.34518145, "dipole": [0.31510303, -0.44529845, 0.46470856], "partial charges": [-0.09983365, -0.05707847, -0.01870688, -0.10469778, -0.06648815, 0.08697222, -0.44962191, 0.03460021, 0.0326325, 0.03178507, 0.03168134, 0.02850065, 0.03481772, 0.03084539, 0.03699182, 0.03491673, 0.04470978, 0.04694402, 0.02043754, 0.017935, 0.28265683], "atomic dipole moments": [[-0.10279053, 0.01096854, 0.01032653], [0.04523195, -0.04390346, -0.09297946], [-0.04523341, -0.04076811, 0.07491208], [-0.01207515, 0.10194233, 0.01704234], [0.04050787, -0.08238903, 0.09501269], [-0.15614639, 0.10159734, -0.06987126], [0.15923713, -0.13734827, 0.11940182], [0.0363329, -0.12074892, -0.00440292], [0.04357371, 0.05992724, -0.1022211], [0.05723095, 0.0498764, 0.09876375], [-0.02137596, 0.11845032, 0.0240693], [-0.03243882, -0.05943203, 0.1049715], [0.04436198, 0.05459769, -0.09933009], [-0.02896716, -0.07031615, 0.10206815], [0.11665325, -0.03125629, -0.03323043], [-0.07224168, -0.04117826, -0.09514116], [-0.01148151, 0.12427138, 0.00014365], [-0.05782655, -0.02199905, -0.10847755], [-0.01369843, -0.11775661, -0.00580419], [0.03381156, 0.03646158, 0.10769835], [-0.02795175, -0.03797257, 0.06312882]], "atomic quadrupole moments": [[0.22204287, -0.03141452, -0.11861324, -0.03487162, 0.01619532, -0.10342963], [0.18351881, 0.00012055, -0.18197751, 0.0731499, 0.08591274, -0.00154131], [0.062442, -0.06596111, 0.03683072, 0.0954559, 0.113798, -0.09927272], [-0.09195427, -0.0255803, 0.20359177, 0.00510512, 0.04051767, -0.11163751], [0.15243053, -0.00799174, -0.13490381, -0.14712052, -0.09983923, -0.01752672], [0.38749092, -0.18970713, -0.21602983, -0.05702758, -0.12426318, -0.17146109], [0.1452279, -0.09236065, -0.06909321, 0.01062659, -0.04188784, -0.07613468], [-0.02595939, -0.01426827, 0.0772757, -0.00683664, 0.00955393, -0.05131631], [-0.02380751, 0.00725308, -0.01880791, -0.02454402, -0.05559759, 0.04261542], [-0.00994981, 0.01453353, -0.02848069, 0.03722126, 0.04996442, 0.0384305], [-0.01067479, -0.01686188, 0.05321987, 0.01203312, 0.00714637, -0.04254509], [-0.00515074, 0.01989945, -0.00551738, -0.01534309, -0.04529843, 0.01066811], [-0.00553472, 0.00463194, -0.0039102, -0.01850305, -0.01966773, 0.00944491], [-0.03894848, 0.01133245, -0.0132773, -0.03555964, -0.03908258, 0.05222578], [0.07473714, -0.01144528, -0.02578739, -0.0283061, 0.00153349, -0.04894975], [0.00391308, 0.00978959, -0.02642432, 0.06451768, 0.02013822, 0.02251124], [-0.02717795, 0.00492006, 0.05695244, -0.01217572, 0.02158907, -0.0297745], [-0.00767792, 0.02269986, -0.0247908, 0.02346865, 0.03347011, 0.03246872], [-0.00327888, -0.01334921, 0.04219643, -0.00849777, 0.01373363, -0.03891755], [0.01636845, 0.00702484, -0.0325267, 0.02630072, 0.02317862, 0.01615824], [0.00568372, 0.02795735, -0.0467136, -0.07927209, -0.07453014, 0.04102988]], "number of molecular orbitals": 42, "number of electrons": 44, "number of unpaired electrons": 0, "orbital energies/eV": [-18.54619408, -17.14962388, -16.78247644, -16.34798273, -15.89450365, -15.55348449, -15.23112653, -14.83139065, -14.33997958, -14.04631829, -13.56537978, -13.54797142, -13.23134453, -12.88854277, -12.60871837, -12.44461483, -12.22452474, -11.94864591, -11.6000458, -11.52507893, -11.39608903, -10.98098802, 0.65129219, 1.90671398, 2.51290681, 2.88434144, 3.18891841, 3.33450229, 3.76624172, 3.81695629, 4.17073929, 4.45911216, 5.08949588, 5.43006482, 5.74047504, 5.93421069, 6.51053357, 6.67336708, 7.38950191, 7.56883576, 7.82389111, 7.97033846], "fractional occupation": [2.0, 2.0, 2.0, 2.0, 2.0, 2.0, 2.0, 2.0, 2.0, 2.0, 2.0, 2.0, 2.0, 2.0, 2.0, 2.0, 2.0, 2.0, 2.0, 2.0, 2.0, 2.0, 0.0, 0.0, 0.0, 0.0, 0.0, 0.0, 0.0, 0.0, 0.0, 0.0, 0.0, 0.0, 0.0, 0.0, 0.0, 0.0, 0.0, 0.0, 0.0, 0.0], "program call": "xtb /home/svss/Project-DBcg-Debug/aqme2_20220329/End-to-End-workflows-final/example-3/QDESCP/mol_551_rdkit_conf_7/mol_551_rdkit_conf_7.xyz --pop --wbo --acc 0.2 --gfn 2 --chrg 0 --uhf 0 --etemp 300 --input /home/svss/Project-DBcg-Debug/aqme2_20220329/End-to-End-workflows-final/example-3/QDESCP/mol_551_rdkit_conf_7/mol_551_rdkit_conf_7_xtb.inp", "method": "GFN2-xTB", "xtb version": "6.3.3 (7355c4f)", "Dipole module/D": 1.821, "Total charge": 0, "Transition dipole module/D": NaN, "HOMO": -10.981, "LUMO": 0.6513, "HOMO occupancy": 2.0, "LUMO occupancy": 0, "mulliken charges": [-0.08275, -0.04807, -0.01278, -0.09324, -0.06151, 0.1983, -0.56984, 0.02706, 0.02768, 0.029, 0.02602, 0.02017, 0.02472, 0.0249, 0.03098, 0.0314, 0.03811, 0.03891, 0.00841, 0.00794, 0.33457], "cm5 charges": [-0.23333, -0.15854, -0.08491, -0.24174, -0.16662, 0.11076, -0.78414, 0.07882, 0.07909, 0.07977, 0.08118, 0.07591, 0.08324, 0.07728, 0.08283, 0.08306, 0.09545, 0.09628, 0.07173, 0.07128, 0.50263], "FUKUI+": [0.007, 0.0, -0.044, 0.029, -0.027, -0.015, -0.128, -0.038, -0.039, -0.061, -0.043, -0.032, -0.061, -0.029, -0.056, -0.037, -0.067, -0.068, -0.081, -0.077, -0.133], "FUKUI-": [0.019, 0.001, -0.005, 0.021, 0.016, 0.02, -0.116, -0.062, -0.071, -0.078, -0.061, -0.067, -0.067, -0.039, -0.045, -0.048, -0.07, -0.09, -0.097, -0.103, -0.057], "FUKUIrad": [0.013, 0.001, -0.025, 0.025, -0.005, 0.003, -0.122, -0.05, -0.055, -0.069, -0.052, -0.049, -0.064, -0.034, -0.051, -0.042, -0.069, -0.079, -0.089, -0.09, -0.095], "s proportion": [1.007, 1.032, 1.058, 1.012, 1.038, 0.991, 1.696, 0.973, 0.972, 0.971, 0.974, 0.98, 0.975, 0.975, 0.969, 0.969, 0.962, 0.961, 0.992, 0.992, 0.665], "p proportion": [3.075, 3.016, 2.955, 3.081, 3.024, 2.811, 4.874, 0.0, 0.0, 0.0, 0.0, 0.0, 0.0, 0.0, 0.0, 0.0, 0.0, 0.0, 0.0, 0.0, 0.0], "d proportion": [0.0, 0.0, 0.0, 0.0, 0.0, 0.0, 0.0, 0.0, 0.0, 0.0, 0.0, 0.0, 0.0, 0.0, 0.0, 0.0, 0.0, 0.0, 0.0, 0.0, 0.0], "Fermi-level/eV": -5.1648, "Coordination numbers": [3.749, 3.8, 3.847, 3.75, 3.8, 3.673, 1.653, 0.924, 0.924, 0.924, 0.924, 0.924, 0.923, 0.924, 0.924, 0.924, 0.923, 0.923, 0.924, 0.924, 0.804], "Dispersion coefficient C6": [22.472, 21.602, 20.875, 22.564, 21.775, 19.361, 21.837, 2.522, 2.549, 2.561, 2.563, 2.608, 2.519, 2.575, 2.489, 2.518, 2.387, 2.359, 2.727, 2.765, 0.776], "Total dispersion C6": 2912.615685, "Total dispersion C8": 60087.293625, "Polarizability alpha": [6.761, 6.617, 6.499, 6.774, 6.644, 6.306, 6.308, 2.484, 2.497, 2.503, 2.504, 2.525, 2.482, 2.509, 2.467, 2.481, 2.416, 2.402, 2.582, 2.6, 1.384], "Total polarizability alpha": 79.746965, "Wiberg matrix": [[0.0, 1.0200048796362386, 0.0, 0.0, 0.0, 0.0, 0.0, 0.9861835625161237, 0.9873531123951367, 0.9870757000772032, 0.0, 0.0, 0.0, 0.0, 0.0, 0.0, 0.0, 0.0, 0.0, 0.0, 0.0], [1.0200048796362386, 0.0, 0.9960204357244451, 0.0, 0.0, 0.0, 0.0, 0.0, 0.0, 0.0, 0.9770381262372781, 0.9761945152166597, 0.0, 0.0, 0.0, 0.0, 0.0, 0.0, 0.0, 0.0, 0.0], [0.0, 0.9960204357244451, 0.0, 1.009824003212173, 0.9934069317373433, 0.0, 0.0, 0.0, 0.0, 0.0, 0.0, 0.0, 0.9678534556286728, 0.0, 0.0, 0.0, 0.0, 0.0, 0.0, 0.0, 0.0], [0.0, 0.0, 1.009824003212173, 0.0, 0.0, 0.0, 0.0, 0.0, 0.0, 0.0, 0.0, 0.0, 0.0, 0.9860123242489128, 0.9847247329713852, 0.9858775383139398, 0.0, 0.0, 0.0, 0.0, 0.0], [0.0, 0.0, 0.9934069317373433, 0.0, 0.0, 1.0073738118059699, 0.0, 0.0, 0.0, 0.0, 0.0, 0.0, 0.0, 0.0, 0.0, 0.0, 0.974669879956026, 0.9743169427504816, 0.0, 0.0, 0.0], [0.0, 0.0, 0.0, 0.0, 1.0073738118059699, 0.0, 0.9859363241297117, 0.0, 0.0, 0.0, 0.0, 0.0, 0.0, 0.0, 0.0, 0.0, 0.0, 0.0, 0.9728003571916971, 0.9727644520352545, 0.0], [0.0, 0.0, 0.0, 0.0, 0.0, 0.9859363241297117, 0.0, 0.0, 0.0, 0.0, 0.0, 0.0, 0.0, 0.0, 0.0, 0.0, 0.0, 0.0, 0.0, 0.0, 0.9074586233716165], [0.9861835625161237, 0.0, 0.0, 0.0, 0.0, 0.0, 0.0, 0.0, 0.0, 0.0, 0.0, 0.0, 0.0, 0.0, 0.0, 0.0, 0.0, 0.0, 0.0, 0.0, 0.0], [0.9873531123951367, 0.0, 0.0, 0.0, 0.0, 0.0, 0.0, 0.0, 0.0, 0.0, 0.0, 0.0, 0.0, 0.0, 0.0, 0.0, 0.0, 0.0, 0.0, 0.0, 0.0], [0.9870757000772032, 0.0, 0.0, 0.0, 0.0, 0.0, 0.0, 0.0, 0.0, 0.0, 0.0, 0.0, 0.0, 0.0, 0.0, 0.0, 0.0, 0.0, 0.0, 0.0, 0.0], [0.0, 0.9770381262372781, 0.0, 0.0, 0.0, 0.0, 0.0, 0.0, 0.0, 0.0, 0.0, 0.0, 0.0, 0.0, 0.0, 0.0, 0.0, 0.0, 0.0, 0.0, 0.0], [0.0, 0.9761945152166597, 0.0, 0.0, 0.0, 0.0, 0.0, 0.0, 0.0, 0.0, 0.0, 0.0, 0.0, 0.0, 0.0, 0.0, 0.0, 0.0, 0.0, 0.0, 0.0], [0.0, 0.0, 0.9678534556286728, 0.0, 0.0, 0.0, 0.0, 0.0, 0.0, 0.0, 0.0, 0.0, 0.0, 0.0, 0.0, 0.0, 0.0, 0.0, 0.0, 0.0, 0.0], [0.0, 0.0, 0.0, 0.9860123242489128, 0.0, 0.0, 0.0, 0.0, 0.0, 0.0, 0.0, 0.0, 0.0, 0.0, 0.0, 0.0, 0.0, 0.0, 0.0, 0.0, 0.0], [0.0, 0.0, 0.0, 0.9847247329713852, 0.0, 0.0, 0.0, 0.0, 0.0, 0.0, 0.0, 0.0, 0.0, 0.0, 0.0, 0.0, 0.0, 0.0, 0.0, 0.0, 0.0], [0.0, 0.0, 0.0, 0.9858775383139398, 0.0, 0.0, 0.0, 0.0, 0.0, 0.0, 0.0, 0.0, 0.0, 0.0, 0.0, 0.0, 0.0, 0.0, 0.0, 0.0, 0.0], [0.0, 0.0, 0.0, 0.0, 0.974669879956026, 0.0, 0.0, 0.0, 0.0, 0.0, 0.0, 0.0, 0.0, 0.0, 0.0, 0.0, 0.0, 0.0, 0.0, 0.0, 0.0], [0.0, 0.0, 0.0, 0.0, 0.9743169427504816, 0.0, 0.0, 0.0, 0.0, 0.0, 0.0, 0.0, 0.0, 0.0, 0.0, 0.0, 0.0, 0.0, 0.0, 0.0, 0.0], [0.0, 0.0, 0.0, 0.0, 0.0, 0.9728003571916971, 0.0, 0.0, 0.0, 0.0, 0.0, 0.0, 0.0, 0.0, 0.0, 0.0, 0.0, 0.0, 0.0, 0.0, 0.0], [0.0, 0.0, 0.0, 0.0, 0.0, 0.9727644520352545, 0.0, 0.0, 0.0, 0.0, 0.0, 0.0, 0.0, 0.0, 0.0, 0.0, 0.0, 0.0, 0.0, 0.0, 0.0], [0.0, 0.0, 0.0, 0.0, 0.0, 0.0, 0.9074586233716165, 0.0, 0.0, 0.0, 0.0, 0.0, 0.0, 0.0, 0.0, 0.0, 0.0, 0.0, 0.0, 0.0, 0.0]], "Born radii": [], "Atomic SASAs": [], "Solvent H bonds": [], "Total SASA": NaN, "Total FOD": 0.0, "FOD": [0.0, 0.0, 0.0, 0.0, 0.0, 0.0, 0.0, 0.0, 0.0, 0.0, 0.0, 0.0, 0.0, 0.0, 0.0, 0.0, 0.0, 0.0, 0.0, 0.0, 0.0], "FOD s proportion": [0.0, 0.0, 0.0, 0.0, 0.0, 0.0, 0.0, 0.0, 0.0, 0.0, 0.0, 0.0, 0.0, 0.0, 0.0, 0.0, 0.0, 0.0, 0.0, 0.0, 0.0], "FOD p proportion": [0.0, 0.0, 0.0, 0.0, 0.0, 0.0, 0.0, 0.0, 0.0, 0.0, 0.0, 0.0, 0.0, 0.0, 0.0, 0.0, 0.0, 0.0, 0.0, 0.0, 0.0], "FOD d proportion": [0.0, 0.0, 0.0, 0.0, 0.0, 0.0, 0.0, 0.0, 0.0, 0.0, 0.0, 0.0, 0.0, 0.0, 0.0, 0.0, 0.0, 0.0, 0.0, 0.0, 0.0], "coordinates": [["2.57290", "0.45570", "0.48770"], ["1.06450", "0.60400", "0.63660"], ["0.27970", "0.12810", "-0.60030"], ["0.42940", "-1.37780", "-0.83250"], ["-1.20380", "0.54010", "-0.52290"], ["-1.99440", "-0.06700", "0.63080"], ["-3.33580", "0.40240", "0.55650"], ["2.86940", "-0.59550", "0.42720"], ["2.93230", "0.97060", "-0.40880"], ["3.07960", "0.89240", "1.35440"], ["0.84230", "1.66260", "0.81900"], ["0.74560", "0.05310", "1.52900"], ["0.69710", "0.63650", "-1.48010"], ["0.16590", "-1.95300", "0.06090"], ["1.45890", "-1.63310", "-1.10240"], ["-0.21260", "-1.71080", "-1.65500"], ["-1.27350", "1.63440", "-0.46150"], ["-1.70140", "0.27950", "-1.46670"], ["-2.01350", "-1.15880", "0.57140"], ["-1.58380", "0.23350", "1.59860"], ["-3.81890", "0.00290", "1.29990"]], "bond_dist": [[0.0, 1.5229690279188217, 2.5592639566875475, 3.1143606952310456, 3.9104857255844827, 4.599339321032968, 5.909340912487619, 1.093889363692691, 1.0945330602590313, 1.0948153588619407, 2.1357302404564114, 2.141358853625426, 2.7246194449867676, 3.4318570672450797, 2.851753749887953, 4.128425340247781, 4.133413515485718, 4.703229346948754, 4.862990941797034, 4.30832061713146, 6.459086926183917], [1.5229690279188217, 0.0, 1.5402316254382, 2.5473786644313403, 2.5482755639843977, 3.13163597022387, 4.4056439552011, 2.177225900084785, 2.171620031220932, 2.158480810662907, 1.0969396337082549, 1.0961595595532612, 2.1485944009980105, 2.7707691080275887, 2.8608195975978634, 3.498673178506389, 2.7809695737278397, 3.489895979825187, 3.547646949740067, 2.841866840652461, 4.964764209909671], [2.5592639566875475, 1.5402316254382, 0.0, 1.5310328997118252, 1.5415923618129406, 2.5932994485789718, 3.8059515209734345, 2.8785238057031943, 2.7897607890283354, 3.4992065657803053, 2.1646296449970372, 2.1809645343287904, 1.0985178014033272, 2.186575653847815, 2.1781741183844785, 2.1763052612168177, 2.1680948710792154, 2.1675627165090288, 2.878846772580993, 2.8842507900666337, 4.5193978625476205], [3.1143606952310456, 2.5473786644313403, 1.5310328997118252, 0.0, 2.5380178900078696, 3.1199759566381275, 4.390348970184489, 2.8552473412998745, 3.4581805418456684, 4.118239877666186, 3.484533084934049, 2.779233617384476, 2.1327103741483513, 1.0947377996579821, 1.094483599694395, 1.095243922603545, 3.480065839894412, 2.77293374785623, 2.8260673417312616, 3.543939776576346, 4.94990051819226], [3.9104857255844827, 2.5482755639843977, 1.5415923618129406, 2.5380178900078696, 0.0, 1.5246778217052939, 2.3936352374578713, 4.333963037451981, 4.160008686289008, 4.689977200371021, 2.6920674341479636, 2.8718675056485456, 2.13048013602568, 2.9038677896901572, 3.4854827183619776, 2.7075226056304684, 1.0982351933898313, 1.0983062232364886, 2.177008909030921, 2.1769625191996305, 3.2326354093834957], [4.599339321032968, 3.13163597022387, 2.5932994485789718, 3.1199759566381275, 1.5246778217052939, 0.0, 1.4230990162318289, 4.896663726457025, 5.140987727081247, 5.214357229803114, 3.3277323044379634, 2.885963833799724, 3.492131628389743, 2.9238122545744964, 4.16916446545348, 3.3319320701358843, 2.1465269763038153, 2.1460236485183475, 1.0935814601574043, 1.0934026934300098, 1.9445773499657968], [5.909340912487619, 4.4056439552011, 3.8059515209734345, 4.390348970184489, 2.3936352374578713, 1.4230990162318289, 0.0, 6.286257228271843, 6.3673960878839635, 6.48337115781597, 4.371902320500768, 4.210177276552616, 4.524027495495578, 4.249168319800947, 5.466658718998287, 4.371581490719348, 2.6090667469422852, 2.603786859556673, 2.0459825854586344, 2.0454837129637573, 0.9724347895874563], [1.093889363692691, 2.177225900084785, 2.8785238057031943, 2.8552473412998745, 4.333963037451981, 4.896663726457025, 6.286257228271843, 0.0, 1.7763787940639237, 1.7657095712489073, 3.0596825423563145, 2.4789456710464632, 3.1423724445074934, 3.04727652010775, 2.3250376706625637, 3.8830625709612256, 4.7880958751888, 5.024409900674904, 4.9173990015047595, 4.678718756240858, 6.771487631237319], [1.0945330602590313, 2.171620031220932, 2.7897607890283354, 3.4581805418456684, 4.160008686289008, 5.140987727081247, 6.3673960878839635, 1.7763787940639237, 0.0, 1.7710693859925422, 2.520804800058902, 3.062438894084256, 2.5010848726102837, 4.0522862695026864, 3.071032759512669, 4.316632531267863, 4.2581875686728505, 4.802910295851881, 5.473214232971335, 4.996812021679423, 7.0309885805624805], [1.0948153588619407, 2.158480810662907, 3.4992065657803053, 4.118239877666186, 4.689977200371021, 5.214357229803114, 6.48337115781597, 1.7657095712489073, 1.7710693859925422, 0.0, 2.425978666435466, 2.486456444420453, 3.7116278517653143, 4.273065772955057, 3.8782321977932166, 5.164467004444893, 4.774676577528577, 5.584998891674018, 5.546185901139629, 4.7160452086467535, 6.955823657195459], [2.1357302404564114, 1.0969396337082549, 2.1646296449970372, 3.484533084934049, 2.6920674341479636, 3.3277323044379634, 4.371902320500768, 3.0596825423563145, 2.520804800058902, 2.425978666435466, 0.0, 1.7618005392211686, 2.521869358234086, 3.7556352232345462, 3.8644031893683146, 4.31431542310017, 2.4732741720237974, 3.6888751388465293, 4.022088681269969, 2.921654356695877, 4.971182388526898], [2.141358853625426, 1.0961595595532612, 2.1809645343287904, 2.779233617384476, 2.8718675056485456, 2.885963833799724, 4.210177276552616, 2.4789456710464632, 3.062438894084256, 2.486456444420453, 1.7618005392211686, 0.0, 3.0655163708582607, 2.552607864518168, 3.2056720496644697, 3.7639535663979706, 3.246438779647631, 3.874697981778709, 3.162013943675771, 2.3374115341548225, 4.570521534792283], [2.7246194449867676, 2.1485944009980105, 1.0985178014033272, 2.1327103741483513, 2.13048013602568, 3.492131628389743, 4.524027495495578, 3.1423724445074934, 2.5010848726102837, 3.7116278517653143, 2.521869358234086, 3.0655163708582607, 0.0, 3.0597981453030525, 2.4236502821158004, 2.5234819971618583, 2.4324092439390212, 2.424959960494194, 3.8443603759273146, 3.852701325044546, 5.340796285199427], [3.4318570672450797, 2.7707691080275887, 2.186575653847815, 1.0947377996579821, 2.9038677896901572, 2.9238122545744964, 4.249168319800947, 3.04727652010775, 4.0522862695026864, 4.273065772955057, 3.7556352232345462, 2.552607864518168, 3.0597981453030525, 0.0, 1.7684603190346118, 1.773763202910693, 3.9005400754254533, 3.287008868256975, 2.375110155340169, 3.1948010313632995, 4.608611162812502], [2.851753749887953, 2.8608195975978634, 2.1781741183844785, 1.094483599694395, 3.4854827183619776, 4.16916446545348, 5.466658718998287, 2.3250376706625637, 3.071032759512669, 3.8782321977932166, 3.8644031893683146, 3.2056720496644697, 2.4236502821158004, 1.7684603190346118, 0.0, 1.7621907671986028, 4.307356360924878, 3.711906429316343, 3.8838291272917767, 4.476340006076392, 6.025173369289884], [4.128425340247781, 3.498673178506389, 2.1763052612168177, 1.095243922603545, 2.7075226056304684, 3.3319320701358843, 4.371581490719348, 3.8830625709612256, 4.316632531267863, 5.164467004444893, 4.31431542310017, 3.7639535663979706, 2.5234819971618583, 1.773763202910693, 1.7621907671986028, 0.0, 3.7067929669729334, 2.492644463215723, 2.916299327915432, 4.030682930968399, 4.967252901755658], [4.133413515485718, 2.7809695737278397, 2.1680948710792154, 3.480065839894412, 1.0982351933898313, 2.1465269763038153, 2.6090667469422852, 4.7880958751888, 4.2581875686728505, 4.774676577528577, 2.4732741720237974, 3.246438779647631, 2.4324092439390212, 3.9005400754254533, 4.307356360924878, 3.7067929669729334, 0.0, 1.7404825365397953, 3.0686232499282147, 2.5105415571147196, 3.4990546394704958], [4.703229346948754, 3.489895979825187, 2.1675627165090288, 2.77293374785623, 1.0983062232364886, 2.1460236485183475, 2.603786859556673, 5.024409900674904, 4.802910295851881, 5.584998891674018, 3.6888751388465293, 3.874697981778709, 2.424959960494194, 3.287008868256975, 3.711906429316343, 2.492644463215723, 1.7404825365397953, 0.0, 2.5139540389593447, 3.0678999087323557, 3.494909064625287], [4.862990941797034, 3.547646949740067, 2.878846772580993, 2.8260673417312616, 2.177008909030921, 1.0935814601574043, 2.0459825854586344, 4.9173990015047595, 5.473214232971335, 5.546185901139629, 4.022088681269969, 3.162013943675771, 3.8443603759273146, 2.375110155340169, 3.8838291272917767, 2.916299327915432, 3.0686232499282147, 2.5139540389593447, 0.0, 1.7827734628942626, 2.2670968880927873], [4.30832061713146, 2.841866840652461, 2.8842507900666337, 3.543939776576346, 2.1769625191996305, 1.0934026934300098, 2.0454837129637573, 4.678718756240858, 4.996812021679423, 4.7160452086467535, 2.921654356695877, 2.3374115341548225, 3.852701325044546, 3.1948010313632995, 4.476340006076392, 4.030682930968399, 2.5105415571147196, 3.0678999087323557, 1.7827734628942626, 0.0, 2.2667311397693375], [6.459086926183917, 4.964764209909671, 4.5193978625476205, 4.94990051819226, 3.2326354093834957, 1.9445773499657968, 0.9724347895874563, 6.771487631237319, 7.0309885805624805, 6.955823657195459, 4.971182388526898, 4.570521534792283, 5.340796285199427, 4.608611162812502, 6.025173369289884, 4.967252901755658, 3.4990546394704958, 3.494909064625287, 2.2670968880927873, 2.2667311397693375, 0.0]]}