{"total energy": -61.56126163, "HOMO-LUMO gap/eV": 4.05237735, "electronic energy": -62.1278666, "dipole": [-1.95213613, -2.38019257, -0.09101093], "partial charges": [-0.10881059, 0.00489927, -0.10030291, -0.00361468, -0.11362368, 0.26227889, -0.41656732, 0.06472535, -0.05062658, 0.08926623, -0.27996093, 0.67675979, -0.4789871, -0.30338245, 0.03651982, -0.29219948, 0.03447523, -0.12921185, 0.05614897, 0.03969375, 0.04774171, 0.06811831, 0.0471341, 0.05983748, 0.05653084, 0.0529395, 0.04101312, 0.04833679, 0.08089278, 0.05909272, 0.05467528, 0.07547834, 0.06133927, 0.06439659, 0.05773548, 0.06898461, 0.06827335], "atomic dipole moments": [[0.10578323, -0.06450228, -0.02885858], [-0.02216638, 0.09506661, -0.14880025], [-0.03322893, -0.03153138, 0.00328237], [0.11456475, 0.01598661, 0.11799777], [-0.06326404, 0.10663591, 0.01490648], [-0.00155919, -0.00394207, -0.00365929], [-0.05776749, -0.10319308, -0.15692097], [-0.20437492, 0.14617551, -0.03762784], [0.11938126, -0.08379525, 0.08490861], [0.19483562, 0.19829289, 0.04025782], [-0.06877281, -0.16900322, 0.08542467], [-0.29708373, -0.18558241, -0.00769064], [-0.10685931, -0.07446393, -0.01140893], [0.04360047, 0.18818047, -0.06827589], [0.09508584, -0.25485714, -0.13547648], [0.10184692, 0.07025664, 0.15682989], [-0.19942169, 0.15869595, -0.16738984], [0.09895221, 0.0880141, 0.05582236], [0.01467046, 0.13081543, 0.00229854], [-0.09373882, -0.02205447, -0.08085834], [-0.04094177, -0.03541812, 0.115979], [0.08781058, 0.02461342, 0.09140376], [-0.01799753, -0.12292162, 0.00533974], [-0.11999012, -0.03203888, 0.01730161], [-0.00269012, 0.06419004, -0.11183858], [-0.04265352, -0.06727085, -0.10005684], [0.12524507, 0.02691198, -0.0230162], [-1.854e-05, -0.07859423, 0.09916179], [0.04207909, 0.05143361, -0.13524442], [0.04399915, -0.08825176, -0.06582043], [-0.03320736, -0.04764504, 0.11155676], [-0.08731139, -0.01795321, 0.08787174], [0.1033023, 0.04703521, 0.04845891], [-0.04589658, 0.06567161, -0.09803111], [-0.04621712, 0.01708165, 0.11436667], [0.00621697, -0.11928136, -0.02936622], [0.10889898, 0.05771828, -0.02255074]], "atomic quadrupole moments": [[0.15218802, -0.15619109, -0.06165181, -0.08121102, 0.0377986, -0.09053621], [-0.00600032, -0.0539353, -0.13168846, -0.19643211, -0.09909114, 0.13768878], [-0.02955979, -0.01480163, -0.03941481, 0.00398994, 0.03080757, 0.06897459], [-0.11370227, -0.04292636, 0.08091883, 0.0969847, 0.20135182, 0.03278344], [-0.01391203, -0.17349254, 0.12810623, -0.02385187, 0.05173268, -0.1141942], [0.2399331, -0.40669015, -0.03193588, 0.03516963, -0.07449113, -0.20799722], [0.07708753, -0.13312391, 0.00697951, 0.03454344, 0.00488429, -0.08406704], [-0.29542645, 0.12806217, 0.23517379, 0.31455119, 0.05009408, 0.06025266], [-0.16098308, 0.18435742, 0.30064731, 0.29495069, 0.20818503, -0.13966423], [0.28706512, 0.24681044, -0.03446434, 0.23141355, 0.0166335, -0.25260078], [0.05231534, 0.08573561, -0.01928963, 0.0830455, -0.02064849, -0.03302571], [-0.4650571, -1.02775355, 0.03639873, 0.04898242, 0.05017195, 0.42865838], [0.04292093, 0.06105352, -0.00091845, 0.00953158, 0.00240755, -0.04200248], [-0.06856973, -0.03656816, 0.06310475, -0.08342442, 0.05568471, 0.00546498], [-0.21056042, -0.22189361, 0.34569146, -0.12729042, 0.3173176, -0.13513104], [-0.01774139, -0.07945404, 0.0439782, 0.09510144, -0.02205028, -0.02623681], [0.05494446, -0.28877128, -0.04440623, 0.32989404, -0.24003309, -0.01053823], [0.01829121, -0.24178464, 0.02619209, 0.24107102, -0.20116396, -0.0444833], [-0.01796844, 0.02691744, 0.0675941, 3.2e-07, -0.00127322, -0.04962566], [0.01396922, 0.01344927, -0.03096974, 0.0588752, 0.03098392, 0.01700052], [-0.02902244, 0.001973, -0.03206923, -0.03192896, -0.04094583, 0.06109167], [0.02002035, 0.01542757, -0.02997131, 0.01782463, 0.01850146, 0.00995096], [-0.02458389, 0.02076824, 0.04478875, -0.01248751, 0.01371508, -0.02020485], [0.02994881, 0.02433295, -0.0131537, -0.02541196, 0.00749631, -0.01679511], [-0.04149393, 0.00345649, 0.0230462, -0.01852592, -0.02922666, 0.01844773], [-0.02239121, 0.01481068, -0.01119049, 0.04473898, 0.04883001, 0.0335817], [0.06052569, 0.03437016, -0.01414004, -0.01898946, -0.01162407, -0.04638566], [-0.03735724, -0.00354885, -0.00901441, -0.01584493, -0.05560362, 0.04637165], [0.01757952, -0.03217264, -0.02512967, -0.02317813, -0.02986961, 0.00755015], [-0.00029255, -0.00576268, 0.00436631, -0.00109567, 0.04513886, -0.00407376], [0.01852866, 0.02769926, -0.0388733, -0.01180635, -0.00452881, 0.02034463], [0.00643689, 0.02142642, -0.01412308, -0.06374301, -0.01488994, 0.00768619], [0.03152065, 0.01724932, -0.00127858, 0.02695755, 0.04312953, -0.03024207], [-0.03700449, -0.04023541, 0.01342568, 0.01799244, -0.01577011, 0.02357881], [-0.01966404, -0.03336819, -0.03276531, -0.01531715, -0.00700992, 0.05242935], [-0.0410893, -0.00175884, 0.06829481, 0.01842034, 0.0367457, -0.0272055], [0.05017819, 0.0206512, -0.01187701, 0.00681556, -0.0307948, -0.03830119]], "number of molecular orbitals": 101, "number of electrons": 106, "number of unpaired electrons": 0, "orbital energies/eV": [-29.11902177, -20.13521859, -19.71427272, -19.55988317, -19.33938903, -18.66513208, -18.43816954, -18.274935, -17.81321918, -17.74003636, -17.68735515, -17.45467063, -17.36831737, -16.76412328, -16.688768, -16.52257025, -16.25889408, -16.07017118, -15.93682059, -15.64435453, -15.55603694, -15.43351511, -15.27105091, -15.1855476, -15.07958942, -14.9232162, -14.78088929, -14.68577907, -14.45929811, -14.28987478, -14.28730424, -13.98404478, -13.8327502, -13.68883703, -13.63489584, -13.47563847, -13.33149378, -13.08842368, -13.01343972, -12.93967443, -12.87140297, -12.81999522, -12.67268875, -12.34101417, -12.29565968, -12.18028958, -12.05021143, -11.9966741, -11.67169163, -11.54208911, -11.34866368, -11.09136512, -11.01080563, -6.95842828, -6.58574589, -4.08451062, -1.88712588, -1.84133662, -1.2595069, -1.22300276, -0.13071808, 0.0767207, 0.08107804, 0.37299718, 0.49408496, 1.42356384, 1.77327913, 2.00250425, 2.51491542, 2.66164789, 2.81242226, 3.00186075, 3.11055599, 3.3597196, 3.58208964, 3.77650218, 3.84279564, 4.04930488, 4.30528746, 4.41250758, 4.48025014, 4.56067285, 4.74095514, 4.80378797, 5.19607137, 5.37975073, 5.63220915, 5.83081404, 6.0287771, 6.23387259, 6.53069522, 6.89458371, 8.69807586, 9.96190539, 11.5248608, 12.21099296, 14.622106, 15.19206036, 25.61120019, 27.7115324, 33.73154338], "fractional occupation": [2.0, 2.0, 2.0, 2.0, 2.0, 2.0, 2.0, 2.0, 2.0, 2.0, 2.0, 2.0, 2.0, 2.0, 2.0, 2.0, 2.0, 2.0, 2.0, 2.0, 2.0, 2.0, 2.0, 2.0, 2.0, 2.0, 2.0, 2.0, 2.0, 2.0, 2.0, 2.0, 2.0, 2.0, 2.0, 2.0, 2.0, 2.0, 2.0, 2.0, 2.0, 2.0, 2.0, 2.0, 2.0, 2.0, 2.0, 2.0, 2.0, 2.0, 2.0, 2.0, 2.0, 0.0, 0.0, 0.0, 0.0, 0.0, 0.0, 0.0, 0.0, 0.0, 0.0, 0.0, 0.0, 0.0, 0.0, 0.0, 0.0, 0.0, 0.0, 0.0, 0.0, 0.0, 0.0, 0.0, 0.0, 0.0, 0.0, 0.0, 0.0, 0.0, 0.0, 0.0, 0.0, 0.0, 0.0, 0.0, 0.0, 0.0, 0.0, 0.0, 0.0, 0.0, 0.0, 0.0, 0.0, 0.0, 0.0, 0.0, 0.0], "program call": "xtb /home/svss/Project-DBcg-Debug/aqme2_20220329/End-to-End-workflows-final/example-3/QDESCP/mol_293_rdkit_conf_14/mol_293_rdkit_conf_14.xyz --pop --wbo --acc 0.2 --gfn 2 --chrg 0 --uhf 0 --etemp 300 --input /home/svss/Project-DBcg-Debug/aqme2_20220329/End-to-End-workflows-final/example-3/QDESCP/mol_293_rdkit_conf_14/mol_293_rdkit_conf_14_xtb.inp", "method": "GFN2-xTB", "xtb version": "6.3.3 (7355c4f)", "Dipole module/D": 7.828, "Total charge": 0, "Transition dipole module/D": NaN, "HOMO": -11.0108, "LUMO": -6.9584, "HOMO occupancy": 2.0, "LUMO occupancy": 0, "mulliken charges": [-0.09364, 0.10176, -0.28429, 0.0894, -0.09592, 0.45583, -0.54393, 0.06823, -0.06846, 0.21384, -0.3283, 0.52988, -0.40329, -0.35375, 0.18171, -0.34461, 0.18145, -0.0752, 0.05141, 0.02874, 0.03604, 0.05496, 0.02505, 0.03901, 0.03234, 0.04057, 0.03325, 0.03992, 0.05572, 0.04053, 0.04569, 0.03899, 0.03815, 0.05025, 0.0406, 0.03092, 0.04717], "cm5 charges": [-0.23795, 0.0517, -0.53997, 0.03772, -0.24093, 0.55172, -0.58982, 0.06826, -0.12091, 0.14385, -0.38637, 0.52552, -0.41669, -0.42178, 0.06714, -0.41006, 0.06709, -0.0762, 0.10613, 0.08224, 0.08728, 0.12388, 0.0902, 0.10409, 0.09917, 0.09176, 0.0876, 0.09341, 0.11488, 0.10711, 0.12025, 0.09935, 0.10031, 0.11588, 0.10395, 0.09041, 0.10979], "FUKUI+": [0.013, 0.02, -0.066, 0.019, 0.013, -0.055, -0.129, -0.071, -0.085, 0.014, -0.006, -0.051, -0.022, 0.007, 0.009, 0.005, 0.009, -0.168, -0.007, -0.019, -0.034, -0.021, -0.039, -0.042, -0.008, -0.032, 0.001, -0.024, -0.089, -0.059, -0.029, -0.007, -0.021, 0.013, -0.008, -0.015, -0.013], "FUKUI-": [0.006, 0.012, -0.074, 0.015, 0.007, -0.006, -0.092, -0.009, -0.026, 0.013, -0.004, -0.095, -0.075, -0.016, 0.016, -0.015, 0.016, -0.14, -0.017, -0.026, -0.036, -0.029, -0.04, -0.038, -0.025, -0.034, -0.01, -0.022, -0.043, -0.037, -0.011, -0.029, -0.037, -0.012, -0.019, -0.034, -0.033], "FUKUIrad": [0.009, 0.016, -0.07, 0.017, 0.01, -0.031, -0.111, -0.04, -0.056, 0.013, -0.005, -0.073, -0.048, -0.004, 0.012, -0.005, 0.013, -0.154, -0.012, -0.022, -0.035, -0.025, -0.04, -0.04, -0.016, -0.033, -0.005, -0.023, -0.066, -0.048, -0.02, -0.018, -0.029, 0.0, -0.013, -0.024, -0.023], "s proportion": [1.012, 1.004, 1.452, 1.006, 1.013, 0.999, 1.731, 1.095, 1.069, 0.99, 1.637, 1.306, 1.673, 1.64, 0.974, 1.642, 0.973, 1.945, 0.949, 0.971, 0.964, 0.945, 0.975, 0.961, 0.968, 0.959, 0.967, 0.96, 0.944, 0.959, 0.954, 0.961, 0.962, 0.95, 0.959, 0.969, 0.953], "p proportion": [3.082, 2.894, 3.833, 2.904, 3.083, 2.545, 4.812, 2.837, 3.0, 2.796, 4.691, 1.857, 4.73, 4.713, 2.844, 4.703, 2.846, 5.138, 0.0, 0.0, 0.0, 0.0, 0.0, 0.0, 0.0, 0.0, 0.0, 0.0, 0.0, 0.0, 0.0, 0.0, 0.0, 0.0, 0.0, 0.0, 0.0], "d proportion": [0.0, 0.0, 0.0, 0.0, 0.0, 0.0, 0.0, 0.0, 0.0, 0.0, 0.0, 1.307, 0.0, 0.0, 0.0, 0.0, 0.0, -0.008, 0.0, 0.0, 0.0, 0.0, 0.0, 0.0, 0.0, 0.0, 0.0, 0.0, 0.0, 0.0, 0.0, 0.0, 0.0, 0.0, 0.0, 0.0, 0.0], "Fermi-level/eV": -8.9846, "Coordination numbers": [3.749, 3.743, 2.729, 3.736, 3.749, 2.785, 0.858, 2.855, 2.934, 3.956, 1.659, 4.114, 0.808, 1.657, 3.922, 1.657, 3.926, 0.961, 0.924, 0.924, 0.924, 0.924, 0.924, 0.924, 0.924, 0.924, 0.924, 0.924, 0.925, 0.924, 0.924, 0.924, 0.924, 0.924, 0.924, 0.924, 0.924], "Dispersion coefficient C6": [22.645, 20.568, 23.205, 20.728, 22.739, 22.581, 22.014, 26.545, 29.257, 19.039, 18.662, 133.529, 23.349, 19.068, 19.9, 18.873, 19.933, 103.187, 2.245, 2.453, 2.348, 2.106, 2.356, 2.201, 2.24, 2.284, 2.435, 2.341, 1.97, 2.21, 2.262, 2.026, 2.183, 2.148, 2.226, 2.097, 2.105], "Total dispersion C6": 15407.2918, "Total dispersion C8": 390906.879935, "Polarizability alpha": [6.787, 6.47, 7.155, 6.497, 6.801, 7.784, 6.291, 8.445, 8.871, 6.2, 5.832, 20.758, 6.477, 5.895, 6.34, 5.865, 6.345, 15.541, 2.343, 2.449, 2.396, 2.27, 2.4, 2.32, 2.341, 2.363, 2.441, 2.393, 2.195, 2.325, 2.352, 2.226, 2.311, 2.292, 2.333, 2.264, 2.269], "Total polarizability alpha": 188.634339, "Wiberg matrix": [[0.0, 1.0107986268052098, 0.0, 0.0, 0.0, 0.0, 0.0, 0.0, 0.0, 0.0, 0.0, 0.0, 0.0, 0.0, 0.0, 0.0, 0.0, 0.0, 0.9853109176406604, 0.9857700588902214, 0.9833131636339651, 0.0, 0.0, 0.0, 0.0, 0.0, 0.0, 0.0, 0.0, 0.0, 0.0, 0.0, 0.0, 0.0, 0.0, 0.0, 0.0], [1.0107986268052098, 0.0, 0.9793471684190448, 0.0, 0.0, 0.0, 0.0, 0.0, 0.0, 0.0, 0.0, 0.0, 0.0, 0.0, 0.0, 0.0, 0.0, 0.0, 0.0, 0.0, 0.0, 0.9674906165941783, 0.9705089412718535, 0.0, 0.0, 0.0, 0.0, 0.0, 0.0, 0.0, 0.0, 0.0, 0.0, 0.0, 0.0, 0.0, 0.0], [0.0, 0.9793471684190448, 0.0, 0.9843191578581149, 0.0, 1.2397190078322273, 0.2129275103265658, 0.0, 0.0, 0.0, 0.0, 0.0, 0.0, 0.0, 0.0, 0.0, 0.0, 0.0, 0.0, 0.0, 0.0, 0.0, 0.0, 0.0, 0.0, 0.0, 0.0, 0.0, 0.0, 0.0, 0.0, 0.0, 0.0, 0.0, 0.0, 0.0, 0.0], [0.0, 0.0, 0.9843191578581149, 0.0, 1.0110199959418258, 0.0, 0.0, 0.0, 0.0, 0.0, 0.0, 0.0, 0.0, 0.0, 0.0, 0.0, 0.0, 0.0, 0.0, 0.0, 0.0, 0.0, 0.0, 0.9681242322295422, 0.9686199205446585, 0.0, 0.0, 0.0, 0.0, 0.0, 0.0, 0.0, 0.0, 0.0, 0.0, 0.0, 0.0], [0.0, 0.0, 0.0, 1.0110199959418258, 0.0, 0.0, 0.0, 0.0, 0.0, 0.0, 0.0, 0.0, 0.0, 0.0, 0.0, 0.0, 0.0, 0.0, 0.0, 0.0, 0.0, 0.0, 0.0, 0.0, 0.0, 0.9826760921976527, 0.9856060502877293, 0.9844839434164194, 0.0, 0.0, 0.0, 0.0, 0.0, 0.0, 0.0, 0.0, 0.0], [0.0, 0.0, 1.2397190078322273, 0.0, 0.0, 0.0, 1.6696385787744632, 0.9600259212324838, 0.0, 0.0, 0.0, 0.0, 0.0, 0.0, 0.0, 0.0, 0.0, 0.0, 0.0, 0.0, 0.0, 0.0, 0.0, 0.0, 0.0, 0.0, 0.0, 0.0, 0.0, 0.0, 0.0, 0.0, 0.0, 0.0, 0.0, 0.0, 0.0], [0.0, 0.0, 0.2129275103265658, 0.0, 0.0, 1.6696385787744632, 0.0, 0.0, 0.0, 0.0, 0.0, 0.0, 0.0, 0.0, 0.0, 0.0, 0.0, 0.0, 0.0, 0.0, 0.0, 0.0, 0.0, 0.0, 0.0, 0.0, 0.0, 0.0, 0.0, 0.0, 0.0, 0.0, 0.0, 0.0, 0.0, 0.0, 0.0], [0.0, 0.0, 0.0, 0.0, 0.0, 0.9600259212324838, 0.0, 0.0, 1.849913173454044, 0.0, 0.0, 0.0, 0.0, 0.0, 0.0, 0.0, 0.0, 0.9855717950458747, 0.0, 0.0, 0.0, 0.0, 0.0, 0.0, 0.0, 0.0, 0.0, 0.0, 0.0, 0.0, 0.0, 0.0, 0.0, 0.0, 0.0, 0.0, 0.0], [0.0, 0.0, 0.0, 0.0, 0.0, 0.0, 0.0, 1.849913173454044, 0.0, 1.0113533430811221, 0.0, 0.0, 0.0, 0.0, 0.0, 0.0, 0.0, 0.0, 0.0, 0.0, 0.0, 0.0, 0.0, 0.0, 0.0, 0.0, 0.0, 0.0, 0.9576491152491197, 0.0, 0.0, 0.0, 0.0, 0.0, 0.0, 0.0, 0.0], [0.0, 0.0, 0.0, 0.0, 0.0, 0.0, 0.0, 0.0, 1.0113533430811221, 0.0, 0.9338435432132367, 0.0, 0.0, 0.0, 0.0, 0.0, 0.0, 0.0, 0.0, 0.0, 0.0, 0.0, 0.0, 0.0, 0.0, 0.0, 0.0, 0.0, 0.0, 0.9582982254389483, 0.9629488057111988, 0.0, 0.0, 0.0, 0.0, 0.0, 0.0], [0.0, 0.0, 0.0, 0.0, 0.0, 0.0, 0.0, 0.0, 0.0, 0.9338435432132367, 0.0, 1.1804381532807653, 0.0, 0.0, 0.0, 0.0, 0.0, 0.0, 0.0, 0.0, 0.0, 0.0, 0.0, 0.0, 0.0, 0.0, 0.0, 0.0, 0.0, 0.0, 0.0, 0.0, 0.0, 0.0, 0.0, 0.0, 0.0], [0.0, 0.0, 0.0, 0.0, 0.0, 0.0, 0.0, 0.0, 0.0, 0.0, 1.1804381532807653, 0.0, 1.8522031725954402, 1.1534691124919199, 0.0, 1.1715519857242591, 0.0, 0.0, 0.0, 0.0, 0.0, 0.0, 0.0, 0.0, 0.0, 0.0, 0.0, 0.0, 0.0, 0.0, 0.0, 0.0, 0.0, 0.0, 0.0, 0.0, 0.0], [0.0, 0.0, 0.0, 0.0, 0.0, 0.0, 0.0, 0.0, 0.0, 0.0, 0.0, 1.8522031725954402, 0.0, 0.0, 0.0, 0.0, 0.0, 0.0, 0.0, 0.0, 0.0, 0.0, 0.0, 0.0, 0.0, 0.0, 0.0, 0.0, 0.0, 0.0, 0.0, 0.0, 0.0, 0.0, 0.0, 0.0, 0.0], [0.0, 0.0, 0.0, 0.0, 0.0, 0.0, 0.0, 0.0, 0.0, 0.0, 0.0, 1.1534691124919199, 0.0, 0.0, 0.9411999657107274, 0.0, 0.0, 0.0, 0.0, 0.0, 0.0, 0.0, 0.0, 0.0, 0.0, 0.0, 0.0, 0.0, 0.0, 0.0, 0.0, 0.0, 0.0, 0.0, 0.0, 0.0, 0.0], [0.0, 0.0, 0.0, 0.0, 0.0, 0.0, 0.0, 0.0, 0.0, 0.0, 0.0, 0.0, 0.0, 0.9411999657107274, 0.0, 0.0, 0.0, 0.0, 0.0, 0.0, 0.0, 0.0, 0.0, 0.0, 0.0, 0.0, 0.0, 0.0, 0.0, 0.0, 0.0, 0.9776804979114315, 0.9806945391842716, 0.9776182601693095, 0.0, 0.0, 0.0], [0.0, 0.0, 0.0, 0.0, 0.0, 0.0, 0.0, 0.0, 0.0, 0.0, 0.0, 1.1715519857242591, 0.0, 0.0, 0.0, 0.0, 0.9470640267101054, 0.0, 0.0, 0.0, 0.0, 0.0, 0.0, 0.0, 0.0, 0.0, 0.0, 0.0, 0.0, 0.0, 0.0, 0.0, 0.0, 0.0, 0.0, 0.0, 0.0], [0.0, 0.0, 0.0, 0.0, 0.0, 0.0, 0.0, 0.0, 0.0, 0.0, 0.0, 0.0, 0.0, 0.0, 0.0, 0.9470640267101054, 0.0, 0.0, 0.0, 0.0, 0.0, 0.0, 0.0, 0.0, 0.0, 0.0, 0.0, 0.0, 0.0, 0.0, 0.0, 0.0, 0.0, 0.0, 0.9812437585461675, 0.9787690258670732, 0.9792628958736195], [0.0, 0.0, 0.0, 0.0, 0.0, 0.0, 0.0, 0.9855717950458747, 0.0, 0.0, 0.0, 0.0, 0.0, 0.0, 0.0, 0.0, 0.0, 0.0, 0.0, 0.0, 0.0, 0.0, 0.0, 0.0, 0.0, 0.0, 0.0, 0.0, 0.0, 0.0, 0.0, 0.0, 0.0, 0.0, 0.0, 0.0, 0.0], [0.9853109176406604, 0.0, 0.0, 0.0, 0.0, 0.0, 0.0, 0.0, 0.0, 0.0, 0.0, 0.0, 0.0, 0.0, 0.0, 0.0, 0.0, 0.0, 0.0, 0.0, 0.0, 0.0, 0.0, 0.0, 0.0, 0.0, 0.0, 0.0, 0.0, 0.0, 0.0, 0.0, 0.0, 0.0, 0.0, 0.0, 0.0], [0.9857700588902214, 0.0, 0.0, 0.0, 0.0, 0.0, 0.0, 0.0, 0.0, 0.0, 0.0, 0.0, 0.0, 0.0, 0.0, 0.0, 0.0, 0.0, 0.0, 0.0, 0.0, 0.0, 0.0, 0.0, 0.0, 0.0, 0.0, 0.0, 0.0, 0.0, 0.0, 0.0, 0.0, 0.0, 0.0, 0.0, 0.0], [0.9833131636339651, 0.0, 0.0, 0.0, 0.0, 0.0, 0.0, 0.0, 0.0, 0.0, 0.0, 0.0, 0.0, 0.0, 0.0, 0.0, 0.0, 0.0, 0.0, 0.0, 0.0, 0.0, 0.0, 0.0, 0.0, 0.0, 0.0, 0.0, 0.0, 0.0, 0.0, 0.0, 0.0, 0.0, 0.0, 0.0, 0.0], [0.0, 0.9674906165941783, 0.0, 0.0, 0.0, 0.0, 0.0, 0.0, 0.0, 0.0, 0.0, 0.0, 0.0, 0.0, 0.0, 0.0, 0.0, 0.0, 0.0, 0.0, 0.0, 0.0, 0.0, 0.0, 0.0, 0.0, 0.0, 0.0, 0.0, 0.0, 0.0, 0.0, 0.0, 0.0, 0.0, 0.0, 0.0], [0.0, 0.9705089412718535, 0.0, 0.0, 0.0, 0.0, 0.0, 0.0, 0.0, 0.0, 0.0, 0.0, 0.0, 0.0, 0.0, 0.0, 0.0, 0.0, 0.0, 0.0, 0.0, 0.0, 0.0, 0.0, 0.0, 0.0, 0.0, 0.0, 0.0, 0.0, 0.0, 0.0, 0.0, 0.0, 0.0, 0.0, 0.0], [0.0, 0.0, 0.0, 0.9681242322295422, 0.0, 0.0, 0.0, 0.0, 0.0, 0.0, 0.0, 0.0, 0.0, 0.0, 0.0, 0.0, 0.0, 0.0, 0.0, 0.0, 0.0, 0.0, 0.0, 0.0, 0.0, 0.0, 0.0, 0.0, 0.0, 0.0, 0.0, 0.0, 0.0, 0.0, 0.0, 0.0, 0.0], [0.0, 0.0, 0.0, 0.9686199205446585, 0.0, 0.0, 0.0, 0.0, 0.0, 0.0, 0.0, 0.0, 0.0, 0.0, 0.0, 0.0, 0.0, 0.0, 0.0, 0.0, 0.0, 0.0, 0.0, 0.0, 0.0, 0.0, 0.0, 0.0, 0.0, 0.0, 0.0, 0.0, 0.0, 0.0, 0.0, 0.0, 0.0], [0.0, 0.0, 0.0, 0.0, 0.9826760921976527, 0.0, 0.0, 0.0, 0.0, 0.0, 0.0, 0.0, 0.0, 0.0, 0.0, 0.0, 0.0, 0.0, 0.0, 0.0, 0.0, 0.0, 0.0, 0.0, 0.0, 0.0, 0.0, 0.0, 0.0, 0.0, 0.0, 0.0, 0.0, 0.0, 0.0, 0.0, 0.0], [0.0, 0.0, 0.0, 0.0, 0.9856060502877293, 0.0, 0.0, 0.0, 0.0, 0.0, 0.0, 0.0, 0.0, 0.0, 0.0, 0.0, 0.0, 0.0, 0.0, 0.0, 0.0, 0.0, 0.0, 0.0, 0.0, 0.0, 0.0, 0.0, 0.0, 0.0, 0.0, 0.0, 0.0, 0.0, 0.0, 0.0, 0.0], [0.0, 0.0, 0.0, 0.0, 0.9844839434164194, 0.0, 0.0, 0.0, 0.0, 0.0, 0.0, 0.0, 0.0, 0.0, 0.0, 0.0, 0.0, 0.0, 0.0, 0.0, 0.0, 0.0, 0.0, 0.0, 0.0, 0.0, 0.0, 0.0, 0.0, 0.0, 0.0, 0.0, 0.0, 0.0, 0.0, 0.0, 0.0], [0.0, 0.0, 0.0, 0.0, 0.0, 0.0, 0.0, 0.0, 0.9576491152491197, 0.0, 0.0, 0.0, 0.0, 0.0, 0.0, 0.0, 0.0, 0.0, 0.0, 0.0, 0.0, 0.0, 0.0, 0.0, 0.0, 0.0, 0.0, 0.0, 0.0, 0.0, 0.0, 0.0, 0.0, 0.0, 0.0, 0.0, 0.0], [0.0, 0.0, 0.0, 0.0, 0.0, 0.0, 0.0, 0.0, 0.0, 0.9582982254389483, 0.0, 0.0, 0.0, 0.0, 0.0, 0.0, 0.0, 0.0, 0.0, 0.0, 0.0, 0.0, 0.0, 0.0, 0.0, 0.0, 0.0, 0.0, 0.0, 0.0, 0.0, 0.0, 0.0, 0.0, 0.0, 0.0, 0.0], [0.0, 0.0, 0.0, 0.0, 0.0, 0.0, 0.0, 0.0, 0.0, 0.9629488057111988, 0.0, 0.0, 0.0, 0.0, 0.0, 0.0, 0.0, 0.0, 0.0, 0.0, 0.0, 0.0, 0.0, 0.0, 0.0, 0.0, 0.0, 0.0, 0.0, 0.0, 0.0, 0.0, 0.0, 0.0, 0.0, 0.0, 0.0], [0.0, 0.0, 0.0, 0.0, 0.0, 0.0, 0.0, 0.0, 0.0, 0.0, 0.0, 0.0, 0.0, 0.0, 0.9776804979114315, 0.0, 0.0, 0.0, 0.0, 0.0, 0.0, 0.0, 0.0, 0.0, 0.0, 0.0, 0.0, 0.0, 0.0, 0.0, 0.0, 0.0, 0.0, 0.0, 0.0, 0.0, 0.0], [0.0, 0.0, 0.0, 0.0, 0.0, 0.0, 0.0, 0.0, 0.0, 0.0, 0.0, 0.0, 0.0, 0.0, 0.9806945391842716, 0.0, 0.0, 0.0, 0.0, 0.0, 0.0, 0.0, 0.0, 0.0, 0.0, 0.0, 0.0, 0.0, 0.0, 0.0, 0.0, 0.0, 0.0, 0.0, 0.0, 0.0, 0.0], [0.0, 0.0, 0.0, 0.0, 0.0, 0.0, 0.0, 0.0, 0.0, 0.0, 0.0, 0.0, 0.0, 0.0, 0.9776182601693095, 0.0, 0.0, 0.0, 0.0, 0.0, 0.0, 0.0, 0.0, 0.0, 0.0, 0.0, 0.0, 0.0, 0.0, 0.0, 0.0, 0.0, 0.0, 0.0, 0.0, 0.0, 0.0], [0.0, 0.0, 0.0, 0.0, 0.0, 0.0, 0.0, 0.0, 0.0, 0.0, 0.0, 0.0, 0.0, 0.0, 0.0, 0.0, 0.9812437585461675, 0.0, 0.0, 0.0, 0.0, 0.0, 0.0, 0.0, 0.0, 0.0, 0.0, 0.0, 0.0, 0.0, 0.0, 0.0, 0.0, 0.0, 0.0, 0.0, 0.0], [0.0, 0.0, 0.0, 0.0, 0.0, 0.0, 0.0, 0.0, 0.0, 0.0, 0.0, 0.0, 0.0, 0.0, 0.0, 0.0, 0.9787690258670732, 0.0, 0.0, 0.0, 0.0, 0.0, 0.0, 0.0, 0.0, 0.0, 0.0, 0.0, 0.0, 0.0, 0.0, 0.0, 0.0, 0.0, 0.0, 0.0, 0.0], [0.0, 0.0, 0.0, 0.0, 0.0, 0.0, 0.0, 0.0, 0.0, 0.0, 0.0, 0.0, 0.0, 0.0, 0.0, 0.0, 0.9792628958736195, 0.0, 0.0, 0.0, 0.0, 0.0, 0.0, 0.0, 0.0, 0.0, 0.0, 0.0, 0.0, 0.0, 0.0, 0.0, 0.0, 0.0, 0.0, 0.0, 0.0]], "Born radii": [], "Atomic SASAs": [], "Solvent H bonds": [], "Total SASA": NaN, "Total FOD": 0.0, "FOD": [0.0, 0.0, 0.0, 0.0, 0.0, 0.0, 0.0, 0.0, 0.0, 0.0, 0.0, 0.0, 0.0, 0.0, 0.0, 0.0, 0.0, 0.0, 0.0, 0.0, 0.0, 0.0, 0.0, 0.0, 0.0, 0.0, 0.0, 0.0, 0.0, 0.0, 0.0, 0.0, 0.0, 0.0, 0.0, 0.0, 0.0], "FOD s proportion": [0.0, 0.0, 0.0, 0.0, 0.0, 0.0, 0.0, 0.0, 0.0, 0.0, 0.0, 0.0, 0.0, 0.0, 0.0, 0.0, 0.0, 0.0, 0.0, 0.0, 0.0, 0.0, 0.0, 0.0, 0.0, 0.0, 0.0, 0.0, 0.0, 0.0, 0.0, 0.0, 0.0, 0.0, 0.0, 0.0, 0.0], "FOD p proportion": [0.0, 0.0, 0.0, 0.0, 0.0, 0.0, 0.0, 0.0, 0.0, 0.0, 0.0, 0.0, 0.0, 0.0, 0.0, 0.0, 0.0, 0.0, 0.0, 0.0, 0.0, 0.0, 0.0, 0.0, 0.0, 0.0, 0.0, 0.0, 0.0, 0.0, 0.0, 0.0, 0.0, 0.0, 0.0, 0.0, 0.0], "FOD d proportion": [0.0, 0.0, 0.0, 0.0, 0.0, 0.0, 0.0, 0.0, 0.0, 0.0, 0.0, 0.0, 0.0, 0.0, 0.0, 0.0, 0.0, 0.0, 0.0, 0.0, 0.0, 0.0, 0.0, 0.0, 0.0, 0.0, 0.0, 0.0, 0.0, 0.0, 0.0, 0.0, 0.0, 0.0, 0.0, 0.0, 0.0], "coordinates": [["-4.02180", "0.25990", "1.53030"], ["-2.73890", "-0.46850", "1.16050"], ["-2.25150", "-0.07210", "-0.16060"], ["-2.72210", "-0.85660", "-1.30700"], ["-1.87940", "-2.10340", "-1.52700"], ["-1.42060", "1.04160", "-0.23460"], ["-1.05430", "1.67920", "0.75250"], ["-0.92110", "1.44500", "-1.57840"], ["0.29530", "1.09220", "-2.01950"], ["1.28290", "0.24830", "-1.28160"], ["2.41250", "1.05350", "-1.02130"], ["3.40740", "0.59400", "0.15660"], ["4.63870", "1.43000", "0.30600"], ["2.47060", "0.53260", "1.46500"], ["2.06490", "1.77410", "2.00830"], ["3.68270", "-0.96070", "-0.16970"], ["4.60320", "-1.62170", "0.67450"], ["-1.94060", "2.49270", "-2.49330"], ["-3.87030", "1.34410", "1.54560"], ["-4.81880", "0.04520", "0.81120"], ["-4.36320", "-0.05180", "2.52220"], ["-1.97180", "-0.24970", "1.91210"], ["-2.89960", "-1.55170", "1.17360"], ["-3.76710", "-1.13460", "-1.12990"], ["-2.70900", "-0.25470", "-2.21800"], ["-2.25700", "-2.66910", "-2.38440"], ["-0.83420", "-1.84710", "-1.72200"], ["-1.90250", "-2.75930", "-0.65110"], ["0.62970", "1.45670", "-2.98780"], ["1.58590", "-0.58970", "-1.91780"], ["0.87530", "-0.16610", "-0.35570"], ["1.30490", "1.59140", "2.77190"], ["2.92130", "2.27140", "2.47130"], ["1.64110", "2.41580", "1.23130"], ["4.28720", "-1.54380", "1.71840"], ["4.64000", "-2.67750", "0.39470"], ["5.60010", "-1.18950", "0.55380"]], "bond_dist": [[0.0, 1.5209046682813485, 2.4704916312345606, 3.314523137647405, 4.418387481876165, 3.239161672408464, 3.3801540763698923, 4.547836649441138, 5.650765942772714, 6.003895257247581, 6.9671141809216826, 7.5625185712168665, 8.824528585142664, 6.498452672752184, 6.290405593441491, 7.983682396613732, 8.869241072380433, 5.050361000958248, 1.0948406185376938, 1.094719096389572, 1.094338366320034, 2.146616733373706, 2.1606624655415296, 3.014326853544585, 4.004748417816031, 5.197926137412882, 5.017738340128947, 4.285499631314884, 6.5940890273031645, 6.637583374994245, 5.264984369397501, 5.629226918503107, 7.289598813377866, 6.066773625247608, 8.504598538437898, 9.216544111542026, 9.77932882257264], [1.5209046682813485, 0.0, 1.4628728345280053, 2.4978911305339153, 3.2610266036939963, 2.4422573390206037, 2.7598834123926324, 3.8036104295787183, 4.66417775497461, 4.75946739562317, 5.797728624211382, 6.317731012792488, 7.665732467285824, 5.313549821917547, 5.368846621016473, 6.576369776708119, 7.447986214407221, 4.770350382309459, 2.1711487120876822, 2.170687031794312, 2.1601426503821455, 1.0960010994520033, 1.095133937014099, 2.5974634954123994, 3.385390184306677, 4.2001409476349725, 3.7198422412785197, 3.037963818086055, 5.679987138189663, 5.309850786039096, 3.930998580513608, 4.815819391339339, 6.423637029751915, 5.244864071641896, 7.129768839871319, 7.740432536363843, 8.392070476944292], [2.4704916312345606, 1.4628728345280053, 0.0, 1.4666756867146875, 2.4762243557480814, 1.391473499567994, 2.309565140886916, 2.46611301646944, 3.361144736544382, 3.721730850021264, 4.874492368442072, 5.7067901888890225, 7.067451875322534, 5.030553235977133, 5.171449565644047, 6.000368522849243, 7.077115532475078, 3.4808543692605123, 2.7454060391861894, 2.7475778096352435, 3.4142502573771596, 2.09901384940643, 2.0950750368423563, 2.0893760073285037, 2.1155481015566626, 3.419024084442811, 2.7563262234358255, 2.7538037493619623, 4.316434028222834, 4.2522112318181, 3.1342907092355046, 4.900486655425153, 6.259133302622656, 4.824869612746027, 6.960685280918827, 7.388453119564338, 7.962824415997128], [3.314523137647405, 2.4978911305339153, 1.4666756867146875, 0.0, 1.5208726212276953, 2.539115446371039, 3.6678847759982864, 2.935067549478206, 3.6619913230372356, 4.154693029575109, 5.485820235844409, 6.466617011235472, 7.874749849995236, 6.04797436585176, 6.389613883483102, 6.505824401257692, 7.627040077907025, 3.6381122069007166, 3.781371509122054, 3.113866626880477, 4.243074933347278, 3.3606372178502104, 2.582256110458449, 1.095752440106797, 1.0919598069526186, 2.1592278758852665, 2.171976440940371, 2.17306609655574, 4.405792638107245, 4.359263269177488, 3.7845803862515592, 6.232724782147853, 7.4771584475654915, 6.015736271646223, 7.665218554614083, 7.772514143441619, 8.534190757769597], [4.418387481876165, 3.2610266036939963, 2.4762243557480814, 1.5208726212276953, 0.0, 3.431008627211538, 4.49276897024541, 3.6758840310869436, 3.89663132718506, 3.9485257172772723, 5.351836666977048, 6.169337886677954, 7.637436230175674, 5.9011066758702135, 6.564362484659116, 5.838234578192281, 6.863143587307495, 4.696979491119798, 5.02889747559045, 4.327092968726233, 5.174393262982627, 3.9079598590568967, 2.9391191350470973, 2.158627605679127, 2.140889733265121, 1.0944098912199212, 1.0936899606378399, 1.094504102322143, 4.593890666961938, 3.801620236162471, 3.5655921065091, 6.501680916501516, 7.627056995984755, 6.358089947460637, 6.990903294997007, 6.820930879286198, 7.817151789494687], [3.239161672408464, 2.4422573390206037, 1.391473499567994, 2.539115446371039, 3.431008627211538, 0.0, 1.2308841781418753, 1.489305291066946, 2.476437194842623, 3.0057355405956794, 3.913015986422749, 4.864459599996695, 6.095754211744434, 4.276582584260475, 4.209022084760307, 5.482434513060781, 6.6487439520559075, 2.734559726903035, 3.0432956445274915, 3.692461758772865, 4.177842093712973, 2.5650727124196697, 3.3008594532333544, 3.323171795137892, 2.697080608732338, 4.369267614829744, 3.3016376860582386, 3.8538994109862292, 3.457766380194012, 3.812262344068152, 2.596990818235598, 4.095079063949804, 5.261786622431586, 3.6621435444285906, 6.563343888598251, 7.138528956304653, 7.408752274168709], [3.3801540763698923, 2.7598834123926324, 2.309565140886916, 3.6678847759982864, 4.49276897024541, 1.2308841781418753, 0.0, 2.34641997306535, 3.1384666893245816, 3.412849463424955, 3.9441816857239225, 4.630283224598686, 5.715917414553852, 3.7745553142059003, 3.3638442725548403, 5.500790293221511, 6.550521434206593, 3.4615787698678764, 2.9446826008926665, 4.104249254126752, 4.132434911768121, 2.4304595491388046, 3.744485560127052, 4.338223604195616, 3.9117606713601485, 5.494937833133328, 4.313512020384318, 4.731788081687514, 4.107944296116977, 4.387375678010717, 2.8907776618065943, 3.106687921243458, 4.37154087708213, 2.834962109094229, 6.312868924664918, 7.178712156090394, 7.249135171867056], [4.547836649441138, 3.8036104295787183, 2.46611301646944, 2.935067549478206, 3.6758840310869436, 1.489305291066946, 2.34641997306535, 0.0, 1.3411435456355894, 2.525430088123605, 3.402428782502288, 4.740288836136465, 5.870482467395674, 4.647406396045003, 4.678559575339402, 5.3820816251706916, 6.7080621486387555, 1.7245572040381847, 4.297364011810031, 4.781390330228228, 5.559081130007009, 4.019896619317467, 4.524176957193429, 3.8671959363342325, 2.548461233764406, 4.400009502262466, 3.2963760374083537, 4.415786423730205, 2.0955967861208418, 3.2465744177517326, 2.705123187583146, 4.888928210763582, 5.643318599016007, 3.9245044999337177, 6.8504163793159325, 7.198191652769465, 7.349348034349713], [5.650765942772714, 4.66417775497461, 3.361144736544382, 3.6619913230372356, 3.89663132718506, 2.476437194842623, 3.1384666893245816, 1.3411435456355894, 0.0, 1.4939937683939648, 2.3410332697336873, 3.829984446443614, 4.938338045334685, 4.145699277564643, 4.45192594390338, 4.37157148060054, 5.760285723816137, 2.6805103058932644, 5.488680622881969, 5.938273343321272, 6.605860817486242, 4.732643719951883, 5.233878182571696, 4.717321290732698, 3.29838753787362, 4.560127738342425, 3.1628722689985445, 4.64078610259081, 1.0873309063941852, 2.1224464327751598, 2.165167275293066, 4.921992153589844, 5.3341984664989734, 3.7590950027899006, 6.070886098420889, 6.238222328516353, 6.322098608848172], [6.003895257247581, 4.75946739562317, 3.721730850021264, 4.154693029575109, 3.9485257172772723, 3.0057355405956794, 3.412849463424955, 2.525430088123605, 1.4939937683939648, 0.0, 1.4114174754479982, 2.588711644814849, 3.89593150478804, 3.0058724756715813, 3.7098560147261783, 2.9080994910766034, 4.283412109522034, 4.11053530577223, 5.979072479908569, 6.453820910127582, 6.8144992229803645, 4.587024719793866, 5.173133797805736, 5.238122306704951, 4.130994985472628, 4.7178684392424515, 3.011107060534381, 4.426054808743335, 2.1904381388206335, 1.094898826376209, 1.0932318738492763, 4.270276789623829, 4.567444206555784, 3.337818134650239, 4.608409801656099, 4.758193747631553, 4.9065443888749245], [6.9671141809216826, 5.797728624211382, 4.874492368442072, 5.485820235844409, 5.351836666977048, 3.913015986422749, 3.9441816857239225, 3.402428782502288, 2.3410332697336873, 1.4114174754479982, 0.0, 1.6088550804842556, 2.6190540238796145, 2.5409447278522213, 3.1334591556297653, 2.5289587264326796, 3.8511815290894824, 4.815346327108778, 6.793158308916406, 7.527710464012283, 7.72581327951951, 5.433714410051378, 6.310551438662076, 6.556449628419333, 5.419708514302222, 6.125358978868096, 4.409707670583164, 5.7700707863942196, 2.684784596573811, 2.046237046385389, 2.0720596902599113, 3.9880421775603128, 3.7336861959730894, 2.743196312698018, 4.215023543231995, 4.570248707674452, 4.203900899164965], [7.5625185712168665, 6.317731012792488, 5.7067901888890225, 6.466617011235472, 6.169337886677954, 4.864459599996695, 4.630283224598686, 4.740288836136465, 3.829984446443614, 2.588711644814849, 1.6088550804842556, 0.0, 1.4957660411976201, 1.610364790971288, 2.573661817333427, 1.6122511808027926, 2.570502779613358, 6.263236838887701, 7.446938182904434, 8.27043221603321, 8.14833390086587, 5.72096168314384, 6.739181440649896, 7.49110075089102, 6.615842033331813, 7.013553305564876, 5.242068077581595, 6.33182739736326, 4.2833538191468605, 3.0036882827617113, 2.69290432618762, 3.500729509687945, 2.899620675191843, 2.7556761457036276, 2.789884606932695, 3.5040985459886826, 2.8542202753116306], [8.824528585142664, 7.665732467285824, 7.067451875322534, 7.874749849995236, 7.637436230175674, 6.095754211744434, 5.715917414553852, 5.870482467395674, 4.938338045334685, 3.89593150478804, 2.6190540238796145, 1.4957660411976201, 0.0, 2.61711011805006, 3.104943886771547, 2.618334008487076, 3.0740730944465193, 7.228596009599651, 8.599248104921733, 9.571687642730513, 9.388369256159452, 7.00711492341891, 8.152866461558167, 8.904855732127276, 7.949684608838265, 8.46117908213743, 6.693638981899158, 7.826466146352388, 5.188632992417174, 4.28299689119663, 4.141082184646907, 4.149811466801835, 2.888934199666029, 3.288401966001116, 3.3108778971747053, 4.108457816504875, 2.801334512335148], [6.498452672752184, 5.313549821917547, 5.030553235977133, 6.04797436585176, 5.9011066758702135, 4.276582584260475, 3.7745553142059003, 4.647406396045003, 4.145699277564643, 3.0058724756715813, 2.5409447278522213, 1.610364790971288, 2.61711011805006, 0.0, 1.414598752296919, 2.5241583527980174, 3.132711525180702, 6.242500808169752, 6.393124542819418, 7.334873247711919, 6.939741900099744, 4.532858861689828, 5.767865158791423, 6.958589163041601, 6.404106998637671, 6.8861429704879065, 5.171232360859451, 5.8684315136158824, 4.9061493515790975, 3.672272759477433, 2.5195460444294326, 2.046436302453609, 2.0589306982023454, 2.0710210476960396, 2.770502495938237, 4.019524904761756, 3.6864188720220064], [6.290405593441491, 5.368846621016473, 5.171449565644047, 6.389613883483102, 6.564362484659116, 4.209022084760307, 3.3638442725548403, 4.678559575339402, 4.45192594390338, 3.7098560147261783, 3.1334591556297653, 2.573661817333427, 3.104943886771547, 1.414598752296919, 0.0, 3.85228398226299, 4.4444850061621315, 6.068345636992013, 5.9687176453573345, 7.19774056978994, 6.702124560913503, 4.516632348332106, 6.033566936729881, 7.233329726343188, 6.690871568039548, 7.597148092541043, 5.952563173961281, 6.585164134628689, 5.207836115893049, 4.607738344350729, 3.281466166212902, 1.0927324695459544, 1.093205035663484, 1.0932128475278728, 4.003888074109964, 5.389952460829316, 4.836955059745749], [7.983682396613732, 6.576369776708119, 6.000368522849243, 6.505824401257692, 5.838234578192281, 5.482434513060781, 5.500790293221511, 5.3820816251706916, 4.37157148060054, 2.9080994910766034, 2.5289587264326796, 1.6122511808027926, 2.618334008487076, 2.5241583527980174, 3.85228398226299, 0.0, 1.4131223903116106, 6.996184060614758, 8.080975567962076, 8.61681506532431, 8.532814988618936, 6.06735382930648, 6.74391645707448, 7.5134376479744605, 6.748910858797884, 6.565330360309373, 4.857749052802131, 5.887373519660529, 4.8069033035832955, 2.7550072322954073, 2.923607347097076, 4.5629111113410925, 4.24276812588197, 4.187085359769968, 2.0664819065261617, 2.0450850569108363, 2.0620922506037407], [8.869241072380433, 7.447986214407221, 7.077115532475078, 7.627040077907025, 6.863143587307495, 6.6487439520559075, 6.550521434206593, 6.7080621486387555, 5.760285723816137, 4.283412109522034, 3.8511815290894824, 2.570502779613358, 3.0740730944465193, 3.132711525180702, 4.4444850061621315, 1.4131223903116106, 0.0, 8.353715499105773, 9.019699945120125, 9.569290804443138, 9.288428836999291, 6.829689799690759, 7.519708016272973, 8.576423955239154, 7.981448119858952, 7.583947521574764, 5.9463716811178235, 6.736132541006004, 6.219139015973193, 4.109640200796171, 4.1324716345064, 5.059830161181302, 4.605812139026081, 5.038399438313719, 1.0934585588855206, 1.0928659204129298, 1.0932405682190907], [5.050361000958248, 4.770350382309459, 3.4808543692605123, 3.6381122069007166, 4.696979491119798, 2.734559726903035, 3.4615787698678764, 1.7245572040381847, 2.6805103058932644, 4.11053530577223, 4.815346327108778, 6.263236838887701, 7.228596009599651, 6.242500808169752, 6.068345636992013, 6.996184060614758, 8.353715499105773, 0.0, 4.621226813304017, 5.019363678794355, 6.123619130873507, 5.189342960337079, 5.54283392949852, 4.283954609936945, 2.8660836362534856, 5.172634474810684, 4.544544937614766, 5.565847325430335, 2.8150076980356555, 4.7189609301201045, 4.423555584594818, 6.2504354232325285, 6.952287282614262, 5.167894509372265, 8.53330193887454, 8.853011261712028, 8.927797698200827], [1.0948406185376938, 2.1711487120876822, 2.7454060391861894, 3.781371509122054, 5.02889747559045, 3.0432956445274915, 2.9446826008926665, 4.297364011810031, 5.488680622881969, 5.979072479908569, 6.793158308916406, 7.446938182904434, 8.599248104921733, 6.393124542819418, 5.9687176453573345, 8.080975567962076, 9.019699945120125, 4.621226813304017, 0.0, 1.7680884649813204, 1.7734809781895042, 2.5057579571858093, 3.0767353038569962, 3.6486852673257526, 4.250819225749315, 5.844091985073472, 5.48442069958168, 5.053278073686427, 6.388614428810054, 6.745727569358253, 5.330700243870405, 5.324252437666719, 6.916837163039188, 5.623420252835458, 8.655323939633918, 9.482776147310448, 9.853490364332833], [1.094719096389572, 2.170687031794312, 2.7475778096352435, 3.113866626880477, 4.327092968726233, 3.692461758772865, 4.104249254126752, 4.781390330228228, 5.938273343321272, 6.453820910127582, 7.527710464012283, 8.27043221603321, 9.571687642730513, 7.334873247711919, 7.19774056978994, 8.61681506532431, 9.569290804443138, 5.019363678794355, 1.7680884649813204, 0.0, 1.7732741919962636, 3.0666522169949433, 2.522846013929507, 2.5031720156633264, 3.703680424928695, 4.913461416354055, 5.08674146089616, 4.302132869868155, 6.79049965024666, 6.990759694053287, 5.816276997358362, 6.613227700601273, 8.223201715876852, 6.893949258589013, 9.288012103781952, 9.851673207125783, 10.49496146062481], [1.094338366320034, 2.1601426503821455, 3.4142502573771596, 4.243074933347278, 5.174393262982627, 4.177842093712973, 4.132434911768121, 5.559081130007009, 6.605860817486242, 6.8144992229803645, 7.72581327951951, 8.14833390086587, 9.388369256159452, 6.939741900099744, 6.702124560913503, 8.532814988618936, 9.288428836999291, 6.123619130873507, 1.7734809781895042, 1.7732741919962636, 0.0, 2.475920107757922, 2.492096894183691, 3.855596641247629, 5.024643478894796, 5.946516735871514, 5.804323968387706, 4.8430810059300065, 7.587141929606958, 7.442763412872936, 5.978064498648372, 5.906760020518862, 7.646161736453133, 6.618692549136876, 8.814849890951066, 9.616556919188906, 10.219408336102438], [2.146616733373706, 1.0960010994520033, 2.09901384940643, 3.3606372178502104, 3.9079598590568967, 2.5650727124196697, 2.4304595491388046, 4.019896619317467, 4.732643719951883, 4.587024719793866, 5.433714410051378, 5.72096168314384, 7.00711492341891, 4.532858861689828, 4.516632348332106, 6.06735382930648, 6.829689799690759, 5.189342960337079, 2.5057579571858093, 3.0666522169949433, 2.475920107757922, 0.0, 1.7610789562083806, 3.6414164963651166, 4.19538017943547, 4.9391039318888605, 4.129467681190882, 3.5878808355350937, 5.804190143336105, 5.238412288088825, 3.6408631133290354, 3.8556021760549934, 5.5327278498042896, 4.541081952574738, 6.394317438163358, 7.205040932569363, 7.749959518603952], [2.1606624655415296, 1.095133937014099, 2.0950750368423563, 2.582256110458449, 2.9391191350470973, 3.3008594532333544, 3.744485560127052, 4.524176957193429, 5.233878182571696, 5.173133797805736, 6.310551438662076, 6.739181440649896, 8.152866461558167, 5.767865158791423, 6.033566936729881, 6.74391645707448, 7.519708016272973, 5.54283392949852, 3.0767353038569962, 2.522846013929507, 2.492096894183691, 1.7610789562083806, 0.0, 2.496525767942322, 3.6361364000818233, 3.784294058341661, 3.5689827234101315, 2.4045865049941537, 6.230865029030881, 5.531899150382263, 4.302152468241914, 5.487391069533864, 7.083995744634521, 6.030119570124627, 7.207424206330581, 7.66287667981157, 8.529961369783571], [3.014326853544585, 2.5974634954123994, 2.0893760073285037, 1.095752440106797, 2.158627605679127, 3.323171795137892, 4.338223604195616, 3.8671959363342325, 4.717321290732698, 5.238122306704951, 6.556449628419333, 7.49110075089102, 8.904855732127276, 6.958589163041601, 7.233329726343188, 7.5134376479744605, 8.576423955239154, 4.283954609936945, 3.6486852673257526, 2.5031720156633264, 3.855596641247629, 3.6414164963651166, 2.496525767942322, 0.0, 1.7543549327316865, 2.491758918916515, 3.0757342326670556, 2.5190539275688404, 5.431250163636361, 5.438042977027673, 4.80512805760679, 6.955595103224454, 8.324912732275335, 6.886888473033377, 8.552894598906269, 8.682411875740518, 9.517473169912275], [4.004748417816031, 3.385390184306677, 2.1155481015566626, 1.0919598069526186, 2.140889733265121, 2.697080608732338, 3.9117606713601485, 2.548461233764406, 3.29838753787362, 4.130994985472628, 5.419708514302222, 6.615842033331813, 7.949684608838265, 6.404106998637671, 6.690871568039548, 6.748910858797884, 7.981448119858952, 2.8660836362534856, 4.250819225749315, 3.703680424928695, 5.024643478894796, 4.19538017943547, 3.6361364000818233, 1.7543549327316865, 0.0, 2.4619748820814555, 2.509308430623864, 3.062456370301461, 3.8299346848216618, 4.318392183440499, 4.040200210385619, 6.664726583289069, 7.750547967079489, 6.16056902810122, 8.130426692984814, 8.167249361321105, 8.808965267839351], [5.197926137412882, 4.2001409476349725, 3.419024084442811, 2.1592278758852665, 1.0944098912199212, 4.369267614829744, 5.494937833133328, 4.400009502262466, 4.560127738342425, 4.7178684392424515, 6.125358978868096, 7.013553305564876, 8.46117908213743, 6.8861429704879065, 7.597148092541043, 6.565330360309373, 7.583947521574764, 5.172634474810684, 5.844091985073472, 4.913461416354055, 5.946516735871514, 4.9391039318888605, 3.784294058341661, 2.491758918916515, 2.4619748820814555, 0.0, 1.771670849791236, 1.771478247114539, 5.071425252332918, 4.394257654029859, 4.493543810846846, 7.578022271674846, 8.648766017762302, 7.356947608213613, 7.805499443981788, 7.435864197926156, 8.517995997298895], [5.017738340128947, 3.7198422412785197, 2.7563262234358255, 2.171976440940371, 1.0936899606378399, 3.3016376860582386, 4.313512020384318, 3.2963760374083537, 3.1628722689985445, 3.011107060534381, 4.409707670583164, 5.242068077581595, 6.693638981899158, 5.171232360859451, 5.952563173961281, 4.857749052802131, 5.9463716811178235, 4.544544937614766, 5.48442069958168, 5.08674146089616, 5.804323968387706, 4.129467681190882, 3.5689827234101315, 3.0757342326670556, 2.509308430623864, 1.771670849791236, 0.0, 1.7664089390625264, 3.8288832954270102, 2.734278041823838, 2.7595157075110115, 6.049311388083771, 6.97492561895824, 5.746425618591091, 6.17714181559