{"total energy": -75.91301708, "HOMO-LUMO gap/eV": 3.47449619, "electronic energy": -76.66414378, "dipole": [-0.29089016, 0.94364317, 0.80067889], "partial charges": [-0.12006983, 0.00685794, -0.03418967, -0.07389109, -0.02735876, -0.04303935, 0.0593782, -0.32876626, 1.15483265, -0.51978453, -0.51191209, 0.36605072, -0.17513748, -0.1610154, -0.1756174, 0.95244395, -0.54633342, -0.54476591, -0.07038788, -0.02579943, -0.02314417, -0.02282776, -0.02362584, -0.02371945, 0.06090883, 0.05493716, 0.06824553, 0.08109182, 0.06819059, 0.08092606, 0.21812306, 0.05387171, 0.05230903, 0.05187915, 0.05363773, 0.06770157], "atomic dipole moments": [[0.05167391, 0.02995761, -0.08024598], [-0.05448172, -0.01394619, 0.01081634], [0.00908719, 0.00935959, -0.03800359], [0.14765485, -0.02404604, 0.01528169], [0.00323748, -0.0125728, 0.02893151], [-0.01295638, -0.00389663, 0.05303035], [-0.20587923, 0.02907542, -0.03560086], [0.01580725, 0.11346739, 0.07426077], [0.13948981, 0.15335896, 0.23777408], [0.17780378, 0.01622443, -0.03034135], [-0.09297019, -0.07073787, 0.13155968], [0.04058445, 0.08223328, 0.11055841], [-0.26637585, -0.03187208, -0.01004899], [0.11099509, -0.24636888, 0.00903928], [0.07489257, 0.11531673, -0.23391563], [-0.06219982, 0.05870256, -0.02207897], [-0.01702578, 0.05294655, -0.18375396], [-0.06459778, 0.08417573, 0.15689337], [-0.04946137, -0.16556341, 0.01099855], [0.00540123, -0.03904676, -0.02554868], [-0.00502586, -0.02665696, -0.00647807], [-0.00728208, -0.01618152, 0.00221681], [-0.01276753, -0.02333086, 0.00887936], [-0.02201119, -0.02246326, 0.03979428], [-0.06356571, -0.1095788, -0.03582321], [-0.08213869, 0.09682082, 0.03527072], [0.0610924, -0.02997091, 0.11305977], [0.05688798, -0.05651674, 0.13554157], [0.09870978, 0.03559472, -0.11566168], [-0.04397464, 0.04670875, -0.14483429], [-0.08548537, -0.05777911, 0.06781334], [-0.08464901, -0.04540516, 0.1226282], [-0.03073691, 0.09634916, 0.11340471], [0.05421062, 0.14135896, -0.00230004], [0.08770094, 0.047222, -0.11474455], [0.03936004, -0.0961962, -0.11800708]], "atomic quadrupole moments": [[0.06651562, 0.05315442, -0.09693591, -0.13418366, -0.07072894, 0.03042029], [-0.22013596, 0.04708609, 0.32421045, -0.1078375, 0.21611353, -0.10407449], [-0.23326883, 0.01860008, 0.41347983, -0.03549598, 0.27896316, -0.180211], [0.11155277, -0.06829285, 0.22411972, 0.10026494, 0.24197965, -0.33567249], [-0.25717404, 0.0011095, 0.44604103, 0.04971085, 0.25403411, -0.18886699], [-0.23549915, -0.0015876, 0.44683454, -0.00135274, 0.24376457, -0.21133539], [0.0643152, -0.03870866, 0.25987789, 0.0862223, 0.23810869, -0.32419309], [-0.00282517, -0.11922318, 0.09305564, 0.05869228, -0.06500467, -0.09023048], [-0.19983421, -0.09179053, 0.1782883, 0.24160497, 0.23046785, 0.0215459], [0.16139275, 0.01974284, -0.0696537, -0.01973144, -0.00099812, -0.09173906], [-0.03342643, 0.03775361, -0.03775293, -0.09654201, -0.07253358, 0.07117936], [0.0593137, -0.01939845, -0.00462453, -0.04211447, -0.09594482, -0.05468918], [0.08006719, 0.00722776, -0.03698293, -0.00628501, -0.00566398, -0.04308425], [-0.01153323, -0.04739639, 0.05286378, 0.002062, -0.01723018, -0.04133055], [-0.0262853, 0.01450244, -0.01049426, -0.03272102, -0.05286645, 0.03677956], [0.22267978, 0.10695917, 0.07959195, 0.0375375, -0.04798464, -0.30227172], [-0.07882189, -0.00672098, -0.05636182, 0.03155131, -0.08223442, 0.13518371], [-0.04514382, -0.04489242, -0.02321481, -0.07498407, 0.10217004, 0.06835864], [0.1009479, 0.00016736, 0.1741636, 0.302665, -0.13515329, -0.2751115], [0.27167865, -0.20682223, -0.17916993, 0.33335961, -0.09845148, -0.09250872], [0.27731505, -0.1920615, -0.18574369, 0.32756146, -0.12625274, -0.09157136], [0.2819453, -0.20773487, -0.21241086, 0.33187039, -0.12211346, -0.06953444], [0.26671698, -0.19175267, -0.1816185, 0.33843819, -0.11721075, -0.08509849], [0.27572558, -0.18128305, -0.1959572, 0.33526114, -0.1497398, -0.07976838], [-0.01643453, 0.05339043, 0.02939978, 0.01866351, 0.03342648, -0.01296524], [0.00434938, -0.06438678, 0.02936812, -0.01481316, 0.00197333, -0.0337175], [0.01490712, -0.01203927, -0.04651243, 0.04666467, -0.02565249, 0.0316053], [0.03936188, 0.00606782, -0.05167963, -0.01082315, -0.02664128, 0.01231775], [0.03738562, -0.00485397, -0.05317422, 0.012264, -0.03053141, 0.0157886], [0.04552243, -0.00963003, -0.04841545, 0.00107346, -0.02386632, 0.00289302], [0.00596805, 0.01906258, 0.01678092, -0.02522582, -0.06010709, -0.02274897], [-0.03458153, 0.02581662, 0.03562848, -0.03230574, 0.0204927, -0.00104696], [-0.03268911, 0.02785464, 0.02452307, -0.04229258, 0.00884757, 0.00816604], [-0.03467598, 0.02217451, 0.02096792, -0.04349663, 0.01583428, 0.01370806], [-0.03676659, 0.02315606, 0.02971985, -0.03816006, 0.01966731, 0.00704673], [-0.0286722, 0.03316383, 0.02845726, -0.03506768, 0.00384199, 0.00021494]], "number of molecular orbitals": 118, "number of electrons": 130, "number of unpaired electrons": 0, "orbital energies/eV": [-25.34235017, -25.00546681, -24.87587226, -22.97991105, -21.05040331, -19.65132928, -19.52163372, -19.16501643, -18.82364889, -18.53750396, -18.34703253, -18.31543656, -18.26698554, -18.21217104, -18.07579463, -17.93897818, -17.60476976, -17.47980758, -17.42351266, -17.27829339, -17.0907911, -16.69733648, -16.5791652, -16.32567811, -16.28277987, -16.25221977, -16.14169609, -16.11544503, -16.01069831, -15.94116574, -15.86172963, -15.8529531, -15.62029345, -15.42942181, -15.18324801, -14.97325794, -14.83319947, -14.61449874, -14.37270724, -14.2884224, -14.26527284, -14.00913341, -13.99260786, -13.94830928, -13.89785402, -13.81626731, -13.73970668, -13.69170897, -13.68058108, -13.56031715, -13.54884466, -13.47390673, -13.22907614, -13.12788485, -12.69528892, -12.52932816, -12.3178298, -12.25920831, -12.01654643, -11.92150181, -11.90109039, -11.7668083, -11.69579406, -11.59166909, -11.1860049, -7.71150871, -7.23762069, -7.20032967, -6.91694447, -6.40114352, -5.22559435, -4.28533868, -3.87229155, -3.78378305, -3.61093429, -3.09615934, -2.08429116, -1.86792405, -1.22652303, -0.765277, -0.59203509, 0.20701444, 0.39948038, 1.62283252, 2.08889329, 2.46835134, 2.58871259, 2.93058412, 3.03283394, 3.19313682, 3.38161635, 3.82381723, 3.91726116, 3.9688517, 4.30116035, 4.47482952, 4.71033658, 5.14420699, 5.30785235, 5.38065719, 8.08043134, 8.71960644, 9.35962146, 9.71536755, 9.86674329, 10.05030267, 10.28691774, 11.21185213, 11.60389113, 13.35996649, 15.47635953, 15.57023283, 15.6808058, 16.61320665, 22.69686324, 25.59025368, 29.26537201, 30.64022164], "fractional occupation": [2.0, 2.0, 2.0, 2.0, 2.0, 2.0, 2.0, 2.0, 2.0, 2.0, 2.0, 2.0, 2.0, 2.0, 2.0, 2.0, 2.0, 2.0, 2.0, 2.0, 2.0, 2.0, 2.0, 2.0, 2.0, 2.0, 2.0, 2.0, 2.0, 2.0, 2.0, 2.0, 2.0, 2.0, 2.0, 2.0, 2.0, 2.0, 2.0, 2.0, 2.0, 2.0, 2.0, 2.0, 2.0, 2.0, 2.0, 2.0, 2.0, 2.0, 2.0, 2.0, 2.0, 2.0, 2.0, 2.0, 2.0, 2.0, 2.0, 2.0, 2.0, 2.0, 2.0, 2.0, 2.0, 0.0, 0.0, 0.0, 0.0, 0.0, 0.0, 0.0, 0.0, 0.0, 0.0, 0.0, 0.0, 0.0, 0.0, 0.0, 0.0, 0.0, 0.0, 0.0, 0.0, 0.0, 0.0, 0.0, 0.0, 0.0, 0.0, 0.0, 0.0, 0.0, 0.0, 0.0, 0.0, 0.0, 0.0, 0.0, 0.0, 0.0, 0.0, 0.0, 0.0, 0.0, 0.0, 0.0, 0.0, 0.0, 0.0, 0.0, 0.0, 0.0, 0.0, 0.0, 0.0, 0.0], "program call": "xtb /home/svss/Project-DBcg-Debug/aqme2_20220329/End-to-End-workflows-final/example-3/QDESCP/mol_583_rdkit_conf_1/mol_583_rdkit_conf_1.xyz --pop --wbo --acc 0.2 --gfn 2 --chrg 0 --uhf 0 --etemp 300 --input /home/svss/Project-DBcg-Debug/aqme2_20220329/End-to-End-workflows-final/example-3/QDESCP/mol_583_rdkit_conf_1/mol_583_rdkit_conf_1_xtb.inp", "method": "GFN2-xTB", "xtb version": "6.3.3 (7355c4f)", "Dipole module/D": 3.231, "Total charge": 0, "Transition dipole module/D": NaN, "HOMO": -11.186, "LUMO": -7.7115, "HOMO occupancy": 2.0, "LUMO occupancy": 0, "mulliken charges": [-0.09054, -0.00734, -0.02373, 0.05431, -0.02119, -0.03372, 0.11811, -0.26804, 0.50821, -0.35523, -0.34457, 0.66391, -0.21573, -0.19683, -0.21481, 0.46941, -0.42051, -0.41779, 0.05383, -0.02148, -0.02043, -0.01701, -0.02131, -0.01533, 0.04729, 0.04447, 0.05295, 0.07026, 0.05971, 0.06864, 0.25039, 0.05281, 0.04267, 0.0413, 0.04348, 0.06384], "cm5 charges": [-0.23278, -0.01721, -0.07163, 0.0617, -0.0712, -0.07966, 0.17149, -0.58816, 0.63039, -0.39939, -0.39052, 0.72997, -0.23413, -0.2148, -0.23439, 0.51816, -0.4713, -0.46802, 0.06115, -0.07181, -0.07551, -0.0722, -0.0764, -0.06562, 0.10031, 0.10019, 0.10499, 0.13135, 0.1184, 0.13151, 0.44629, 0.11169, 0.09795, 0.09655, 0.09876, 0.12388], "FUKUI+": [0.017, -0.025, -0.017, -0.025, -0.014, -0.016, -0.041, -0.01, -0.077, -0.038, -0.025, -0.01, -0.009, -0.03, -0.019, -0.095, -0.021, -0.023, -0.013, -0.012, -0.015, -0.033, -0.015, -0.015, -0.031, -0.023, -0.027, -0.041, -0.037, -0.041, -0.028, -0.026, -0.04, -0.047, -0.043, -0.034], "FUKUI-": [0.016, -0.028, -0.007, -0.012, -0.01, -0.014, -0.023, -0.025, -0.038, -0.025, -0.012, 0.001, 0.0, -0.022, -0.008, -0.152, -0.052, -0.052, -0.009, -0.009, -0.017, -0.016, -0.018, -0.011, -0.039, -0.037, -0.028, -0.03, -0.03, -0.042, -0.027, -0.032, -0.048, -0.058, -0.052, -0.034], "FUKUIrad": [0.016, -0.026, -0.012, -0.018, -0.012, -0.015, -0.032, -0.017, -0.058, -0.031, -0.018, -0.005, -0.004, -0.026, -0.013, -0.124, -0.036, -0.037, -0.011, -0.01, -0.016, -0.024, -0.017, -0.013, -0.035, -0.03, -0.028, -0.036, -0.034, -0.042, -0.027, -0.029, -0.044, -0.053, -0.047, -0.034], "s proportion": [1.01, 1.092, 1.072, 1.089, 1.065, 1.066, 1.051, 1.461, 1.722, 1.723, 1.723, 1.048, 1.825, 1.822, 1.825, 1.723, 1.724, 1.724, 1.087, 1.066, 1.062, 1.066, 1.063, 1.068, 0.953, 0.956, 0.947, 0.93, 0.94, 0.931, 0.75, 0.947, 0.957, 0.959, 0.957, 0.936], "p proportion": [3.08, 2.916, 2.952, 2.856, 2.956, 2.968, 2.831, 3.807, 2.803, 4.633, 4.622, 2.288, 5.391, 5.375, 5.39, 2.919, 4.696, 4.694, 2.859, 2.955, 2.958, 2.951, 2.958, 2.947, 0.0, 0.0, 0.0, 0.0, 0.0, 0.0, 0.0, 0.0, 0.0, 0.0, 0.0, 0.0], "d proportion": [0.0, 0.0, 0.0, 0.0, 0.0, 0.0, 0.0, 0.0, 0.966, 0.0, 0.0, 0.0, 0.0, 0.0, 0.0, 0.889, 0.0, 0.0, 0.0, 0.0, 0.0, 0.0, 0.0, 0.0, 0.0, 0.0, 0.0, 0.0, 0.0, 0.0, 0.0, 0.0, 0.0, 0.0, 0.0, 0.0], "Fermi-level/eV": -9.4488, "Coordination numbers": [3.754, 2.961, 2.947, 2.958, 2.949, 2.914, 2.954, 2.686, 3.682, 0.86, 0.86, 3.313, 0.794, 0.794, 0.795, 3.817, 0.86, 0.86, 2.962, 2.951, 2.912, 2.911, 2.912, 2.946, 0.924, 0.924, 0.924, 0.925, 0.925, 0.925, 0.861, 0.925, 0.925, 0.925, 0.925, 0.925], "Dispersion coefficient C6": [22.858, 27.866, 28.851, 29.841, 28.684, 29.069, 26.667, 28.454, 102.322, 24.226, 24.049, 19.308, 10.981, 10.84, 10.986, 108.026, 24.835, 24.798, 29.752, 28.646, 28.582, 28.575, 28.594, 28.596, 2.188, 2.259, 2.105, 1.968, 2.106, 1.969, 1.018, 2.272, 2.291, 2.297, 2.275, 2.111], "Total dispersion C6": 21160.542447, "Total dispersion C8": 562256.868383, "Polarizability alpha": [6.817, 8.658, 8.81, 8.96, 8.784, 8.841, 8.47, 7.922, 17.025, 6.599, 6.575, 7.009, 3.914, 3.889, 3.915, 17.493, 6.682, 6.677, 8.947, 8.778, 8.767, 8.765, 8.768, 8.771, 2.313, 2.351, 2.269, 2.194, 2.269, 2.195, 1.58, 2.357, 2.367, 2.37, 2.359, 2.272], "Total polarizability alpha": 226.734417, "Wiberg matrix": [[0.0, 1.027801708437217, 0.0, 0.0, 0.0, 0.0, 0.0, 0.0, 0.0, 0.0, 0.0, 0.0, 0.0, 0.0, 0.0, 0.0, 0.0, 0.0, 0.0, 0.0, 0.0, 0.0, 0.0, 0.0, 0.9654043393803861, 0.9699750549267985, 0.9808442963825595, 0.0, 0.0, 0.0, 0.0, 0.0, 0.0, 0.0, 0.0, 0.0], [1.027801708437217, 0.0, 1.410224832748488, 0.0, 0.10313829711217085, 0.0, 1.3558598689921826, 0.0, 0.0, 0.0, 0.0, 0.0, 0.0, 0.0, 0.0, 0.0, 0.0, 0.0, 0.0, 0.0, 0.0, 0.0, 0.0, 0.0, 0.0, 0.0, 0.0, 0.0, 0.0, 0.0, 0.0, 0.0, 0.0, 0.0, 0.0, 0.0], [0.0, 1.410224832748488, 0.0, 1.4195487858409452, 0.0, 0.10583065311720112, 0.0, 0.0, 0.0, 0.0, 0.0, 0.0, 0.0, 0.0, 0.0, 0.0, 0.0, 0.0, 0.0, 0.0, 0.0, 0.0, 0.0, 0.0, 0.0, 0.0, 0.0, 0.9593433808896454, 0.0, 0.0, 0.0, 0.0, 0.0, 0.0, 0.0, 0.0], [0.0, 0.0, 1.4195487858409452, 0.0, 1.4115213351276257, 0.0, 0.0, 0.0, 0.0, 0.0, 0.0, 0.0, 0.0, 0.0, 0.0, 0.7768176609628609, 0.0, 0.0, 0.0, 0.0, 0.0, 0.0, 0.0, 0.0, 0.0, 0.0, 0.0, 0.0, 0.0, 0.0, 0.0, 0.0, 0.0, 0.0, 0.0, 0.0], [0.0, 0.10313829711217085, 0.0, 1.4115213351276257, 0.0, 1.4467265102698015, 0.0, 0.0, 0.0, 0.0, 0.0, 0.0, 0.0, 0.0, 0.0, 0.0, 0.0, 0.0, 0.0, 0.0, 0.0, 0.0, 0.0, 0.0, 0.0, 0.0, 0.0, 0.0, 0.964870201112447, 0.0, 0.0, 0.0, 0.0, 0.0, 0.0, 0.0], [0.0, 0.0, 0.10583065311720112, 0.0, 1.4467265102698015, 0.0, 1.3872894238854336, 0.0, 0.0, 0.0, 0.0, 0.0, 0.0, 0.0, 0.0, 0.0, 0.0, 0.0, 0.0, 0.0, 0.0, 0.0, 0.0, 0.0, 0.0, 0.0, 0.0, 0.0, 0.0, 0.9621045729194144, 0.0, 0.0, 0.0, 0.0, 0.0, 0.0], [0.0, 1.3558598689921826, 0.0, 0.0, 0.0, 1.3872894238854336, 0.0, 1.0282067037923055, 0.0, 0.0, 0.0, 0.0, 0.0, 0.0, 0.0, 0.0, 0.0, 0.0, 0.0, 0.0, 0.0, 0.0, 0.0, 0.0, 0.0, 0.0, 0.0, 0.0, 0.0, 0.0, 0.0, 0.0, 0.0, 0.0, 0.0, 0.0], [0.0, 0.0, 0.0, 0.0, 0.0, 0.0, 1.0282067037923055, 0.0, 0.9502375719520568, 0.0, 0.0, 0.0, 0.0, 0.0, 0.0, 0.0, 0.0, 0.0, 0.0, 0.0, 0.0, 0.0, 0.0, 0.0, 0.0, 0.0, 0.0, 0.0, 0.0, 0.0, 0.9178196469016026, 0.0, 0.0, 0.0, 0.0, 0.0], [0.0, 0.0, 0.0, 0.0, 0.0, 0.0, 0.0, 0.9502375719520568, 0.0, 1.6415409079841874, 1.6416041140493667, 0.6501504755447496, 0.0, 0.0, 0.0, 0.0, 0.0, 0.0, 0.0, 0.0, 0.0, 0.0, 0.0, 0.0, 0.0, 0.0, 0.0, 0.0, 0.0, 0.0, 0.0, 0.0, 0.0, 0.0, 0.0, 0.0], [0.0, 0.0, 0.0, 0.0, 0.0, 0.0, 0.0, 0.0, 1.6415409079841874, 0.0, 0.1215283753517784, 0.0, 0.0, 0.0, 0.0, 0.0, 0.0, 0.0, 0.0, 0.0, 0.0, 0.0, 0.0, 0.0, 0.0, 0.0, 0.0, 0.0, 0.0, 0.0, 0.0, 0.0, 0.0, 0.0, 0.0, 0.0], [0.0, 0.0, 0.0, 0.0, 0.0, 0.0, 0.0, 0.0, 1.6416041140493667, 0.1215283753517784, 0.0, 0.0, 0.0, 0.0, 0.0, 0.0, 0.0, 0.0, 0.0, 0.0, 0.0, 0.0, 0.0, 0.0, 0.0, 0.0, 0.0, 0.0, 0.0, 0.0, 0.0, 0.0, 0.0, 0.0, 0.0, 0.0], [0.0, 0.0, 0.0, 0.0, 0.0, 0.0, 0.0, 0.0, 0.6501504755447496, 0.0, 0.0, 0.0, 0.9704891501933534, 0.9804360780996937, 0.9670175213690387, 0.0, 0.0, 0.0, 0.0, 0.0, 0.0, 0.0, 0.0, 0.0, 0.0, 0.0, 0.0, 0.0, 0.0, 0.0, 0.0, 0.0, 0.0, 0.0, 0.0, 0.0], [0.0, 0.0, 0.0, 0.0, 0.0, 0.0, 0.0, 0.0, 0.0, 0.0, 0.0, 0.9704891501933534, 0.0, 0.0, 0.0, 0.0, 0.0, 0.0, 0.0, 0.0, 0.0, 0.0, 0.0, 0.0, 0.0, 0.0, 0.0, 0.0, 0.0, 0.0, 0.0, 0.0, 0.0, 0.0, 0.0, 0.0], [0.0, 0.0, 0.0, 0.0, 0.0, 0.0, 0.0, 0.0, 0.0, 0.0, 0.0, 0.9804360780996937, 0.0, 0.0, 0.0, 0.0, 0.0, 0.0, 0.0, 0.0, 0.0, 0.0, 0.0, 0.0, 0.0, 0.0, 0.0, 0.0, 0.0, 0.0, 0.0, 0.0, 0.0, 0.0, 0.0, 0.0], [0.0, 0.0, 0.0, 0.0, 0.0, 0.0, 0.0, 0.0, 0.0, 0.0, 0.0, 0.9670175213690387, 0.0, 0.0, 0.0, 0.0, 0.0, 0.0, 0.0, 0.0, 0.0, 0.0, 0.0, 0.0, 0.0, 0.0, 0.0, 0.0, 0.0, 0.0, 0.0, 0.0, 0.0, 0.0, 0.0, 0.0], [0.0, 0.0, 0.0, 0.7768176609628609, 0.0, 0.0, 0.0, 0.0, 0.0, 0.0, 0.0, 0.0, 0.0, 0.0, 0.0, 0.0, 1.6471551086285694, 1.64799734246619, 0.7740489121453997, 0.0, 0.0, 0.0, 0.0, 0.0, 0.0, 0.0, 0.0, 0.0, 0.0, 0.0, 0.0, 0.0, 0.0, 0.0, 0.0, 0.0], [0.0, 0.0, 0.0, 0.0, 0.0, 0.0, 0.0, 0.0, 0.0, 0.0, 0.0, 0.0, 0.0, 0.0, 0.0, 1.6471551086285694, 0.0, 0.11439396009658678, 0.0, 0.0, 0.0, 0.0, 0.0, 0.0, 0.0, 0.0, 0.0, 0.0, 0.0, 0.0, 0.0, 0.0, 0.0, 0.0, 0.0, 0.0], [0.0, 0.0, 0.0, 0.0, 0.0, 0.0, 0.0, 0.0, 0.0, 0.0, 0.0, 0.0, 0.0, 0.0, 0.0, 1.64799734246619, 0.11439396009658678, 0.0, 0.0, 0.0, 0.0, 0.0, 0.0, 0.0, 0.0, 0.0, 0.0, 0.0, 0.0, 0.0, 0.0, 0.0, 0.0, 0.0, 0.0, 0.0], [0.0, 0.0, 0.0, 0.0, 0.0, 0.0, 0.0, 0.0, 0.0, 0.0, 0.0, 0.0, 0.0, 0.0, 0.0, 0.7740489121453997, 0.0, 0.0, 0.0, 1.414017811760357, 0.0, 0.1073754563855287, 0.0, 1.418080113912703, 0.0, 0.0, 0.0, 0.0, 0.0, 0.0, 0.0, 0.0, 0.0, 0.0, 0.0, 0.0], [0.0, 0.0, 0.0, 0.0, 0.0, 0.0, 0.0, 0.0, 0.0, 0.0, 0.0, 0.0, 0.0, 0.0, 0.0, 0.0, 0.0, 0.0, 1.414017811760357, 0.0, 1.4441034718137988, 0.0, 0.11185972434180232, 0.0, 0.0, 0.0, 0.0, 0.0, 0.0, 0.0, 0.0, 0.9668534535213906, 0.0, 0.0, 0.0, 0.0], [0.0, 0.0, 0.0, 0.0, 0.0, 0.0, 0.0, 0.0, 0.0, 0.0, 0.0, 0.0, 0.0, 0.0, 0.0, 0.0, 0.0, 0.0, 0.0, 1.4441034718137988, 0.0, 1.4350336067286105, 0.0, 0.110120312133721, 0.0, 0.0, 0.0, 0.0, 0.0, 0.0, 0.0, 0.0, 0.9688232099188048, 0.0, 0.0, 0.0], [0.0, 0.0, 0.0, 0.0, 0.0, 0.0, 0.0, 0.0, 0.0, 0.0, 0.0, 0.0, 0.0, 0.0, 0.0, 0.0, 0.0, 0.0, 0.1073754563855287, 0.0, 1.4350336067286105, 0.0, 1.43955622340851, 0.0, 0.0, 0.0, 0.0, 0.0, 0.0, 0.0, 0.0, 0.0, 0.0, 0.9697292787467189, 0.0, 0.0], [0.0, 0.0, 0.0, 0.0, 0.0, 0.0, 0.0, 0.0, 0.0, 0.0, 0.0, 0.0, 0.0, 0.0, 0.0, 0.0, 0.0, 0.0, 0.0, 0.11185972434180232, 0.0, 1.43955622340851, 0.0, 1.438029051924022, 0.0, 0.0, 0.0, 0.0, 0.0, 0.0, 0.0, 0.0, 0.0, 0.0, 0.968631396322265, 0.0], [0.0, 0.0, 0.0, 0.0, 0.0, 0.0, 0.0, 0.0, 0.0, 0.0, 0.0, 0.0, 0.0, 0.0, 0.0, 0.0, 0.0, 0.0, 1.418080113912703, 0.0, 0.110120312133721, 0.0, 1.438029051924022, 0.0, 0.0, 0.0, 0.0, 0.0, 0.0, 0.0, 0.0, 0.0, 0.0, 0.0, 0.0, 0.9639643990581234], [0.9654043393803861, 0.0, 0.0, 0.0, 0.0, 0.0, 0.0, 0.0, 0.0, 0.0, 0.0, 0.0, 0.0, 0.0, 0.0, 0.0, 0.0, 0.0, 0.0, 0.0, 0.0, 0.0, 0.0, 0.0, 0.0, 0.0, 0.0, 0.0, 0.0, 0.0, 0.0, 0.0, 0.0, 0.0, 0.0, 0.0], [0.9699750549267985, 0.0, 0.0, 0.0, 0.0, 0.0, 0.0, 0.0, 0.0, 0.0, 0.0, 0.0, 0.0, 0.0, 0.0, 0.0, 0.0, 0.0, 0.0, 0.0, 0.0, 0.0, 0.0, 0.0, 0.0, 0.0, 0.0, 0.0, 0.0, 0.0, 0.0, 0.0, 0.0, 0.0, 0.0, 0.0], [0.9808442963825595, 0.0, 0.0, 0.0, 0.0, 0.0, 0.0, 0.0, 0.0, 0.0, 0.0, 0.0, 0.0, 0.0, 0.0, 0.0, 0.0, 0.0, 0.0, 0.0, 0.0, 0.0, 0.0, 0.0, 0.0, 0.0, 0.0, 0.0, 0.0, 0.0, 0.0, 0.0, 0.0, 0.0, 0.0, 0.0], [0.0, 0.0, 0.9593433808896454, 0.0, 0.0, 0.0, 0.0, 0.0, 0.0, 0.0, 0.0, 0.0, 0.0, 0.0, 0.0, 0.0, 0.0, 0.0, 0.0, 0.0, 0.0, 0.0, 0.0, 0.0, 0.0, 0.0, 0.0, 0.0, 0.0, 0.0, 0.0, 0.0, 0.0, 0.0, 0.0, 0.0], [0.0, 0.0, 0.0, 0.0, 0.964870201112447, 0.0, 0.0, 0.0, 0.0, 0.0, 0.0, 0.0, 0.0, 0.0, 0.0, 0.0, 0.0, 0.0, 0.0, 0.0, 0.0, 0.0, 0.0, 0.0, 0.0, 0.0, 0.0, 0.0, 0.0, 0.0, 0.0, 0.0, 0.0, 0.0, 0.0, 0.0], [0.0, 0.0, 0.0, 0.0, 0.0, 0.9621045729194144, 0.0, 0.0, 0.0, 0.0, 0.0, 0.0, 0.0, 0.0, 0.0, 0.0, 0.0, 0.0, 0.0, 0.0, 0.0, 0.0, 0.0, 0.0, 0.0, 0.0, 0.0, 0.0, 0.0, 0.0, 0.0, 0.0, 0.0, 0.0, 0.0, 0.0], [0.0, 0.0, 0.0, 0.0, 0.0, 0.0, 0.0, 0.9178196469016026, 0.0, 0.0, 0.0, 0.0, 0.0, 0.0, 0.0, 0.0, 0.0, 0.0, 0.0, 0.0, 0.0, 0.0, 0.0, 0.0, 0.0, 0.0, 0.0, 0.0, 0.0, 0.0, 0.0, 0.0, 0.0, 0.0, 0.0, 0.0], [0.0, 0.0, 0.0, 0.0, 0.0, 0.0, 0.0, 0.0, 0.0, 0.0, 0.0, 0.0, 0.0, 0.0, 0.0, 0.0, 0.0, 0.0, 0.0, 0.9668534535213906, 0.0, 0.0, 0.0, 0.0, 0.0, 0.0, 0.0, 0.0, 0.0, 0.0, 0.0, 0.0, 0.0, 0.0, 0.0, 0.0], [0.0, 0.0, 0.0, 0.0, 0.0, 0.0, 0.0, 0.0, 0.0, 0.0, 0.0, 0.0, 0.0, 0.0, 0.0, 0.0, 0.0, 0.0, 0.0, 0.0, 0.9688232099188048, 0.0, 0.0, 0.0, 0.0, 0.0, 0.0, 0.0, 0.0, 0.0, 0.0, 0.0, 0.0, 0.0, 0.0, 0.0], [0.0, 0.0, 0.0, 0.0, 0.0, 0.0, 0.0, 0.0, 0.0, 0.0, 0.0, 0.0, 0.0, 0.0, 0.0, 0.0, 0.0, 0.0, 0.0, 0.0, 0.0, 0.9697292787467189, 0.0, 0.0, 0.0, 0.0, 0.0, 0.0, 0.0, 0.0, 0.0, 0.0, 0.0, 0.0, 0.0, 0.0], [0.0, 0.0, 0.0, 0.0, 0.0, 0.0, 0.0, 0.0, 0.0, 0.0, 0.0, 0.0, 0.0, 0.0, 0.0, 0.0, 0.0, 0.0, 0.0, 0.0, 0.0, 0.0, 0.968631396322265, 0.0, 0.0, 0.0, 0.0, 0.0, 0.0, 0.0, 0.0, 0.0, 0.0, 0.0, 0.0, 0.0], [0.0, 0.0, 0.0, 0.0, 0.0, 0.0, 0.0, 0.0, 0.0, 0.0, 0.0, 0.0, 0.0, 0.0, 0.0, 0.0, 0.0, 0.0, 0.0, 0.0, 0.0, 0.0, 0.0, 0.9639643990581234, 0.0, 0.0, 0.0, 0.0, 0.0, 0.0, 0.0, 0.0, 0.0, 0.0, 0.0, 0.0]], "Born radii": [], "Atomic SASAs": [], "Solvent H bonds": [], "Total SASA": NaN, "Total FOD": 0.0, "FOD": [0.0, 0.0, 0.0, 0.0, 0.0, 0.0, 0.0, 0.0, 0.0, 0.0, 0.0, 0.0, 0.0, 0.0, 0.0, 0.0, 0.0, 0.0, 0.0, 0.0, 0.0, 0.0, 0.0, 0.0, 0.0, 0.0, 0.0, 0.0, 0.0, 0.0, 0.0, 0.0, 0.0, 0.0, 0.0, 0.0], "FOD s proportion": [0.0, 0.0, 0.0, 0.0, 0.0, 0.0, 0.0, 0.0, 0.0, 0.0, 0.0, 0.0, 0.0, 0.0, 0.0, 0.0, 0.0, 0.0, 0.0, 0.0, 0.0, 0.0, 0.0, 0.0, 0.0, 0.0, 0.0, 0.0, 0.0, 0.0, 0.0, 0.0, 0.0, 0.0, 0.0, 0.0], "FOD p proportion": [0.0, 0.0, 0.0, 0.0, 0.0, 0.0, 0.0, 0.0, 0.0, 0.0, 0.0, 0.0, 0.0, 0.0, 0.0, 0.0, 0.0, 0.0, 0.0, 0.0, 0.0, 0.0, 0.0, 0.0, 0.0, 0.0, 0.0, 0.0, 0.0, 0.0, 0.0, 0.0, 0.0, 0.0, 0.0, 0.0], "FOD d proportion": [0.0, 0.0, 0.0, 0.0, 0.0, 0.0, 0.0, 0.0, 0.0, 0.0, 0.0, 0.0, 0.0, 0.0, 0.0, 0.0, 0.0, 0.0, 0.0, 0.0, 0.0, 0.0, 0.0, 0.0, 0.0, 0.0, 0.0, 0.0, 0.0, 0.0, 0.0, 0.0, 0.0, 0.0, 0.0, 0.0], "coordinates": [["-2.49600", "-2.07070", "1.64680"], ["-1.55670", "-1.62610", "0.55920"], ["-0.17210", "-1.73170", "0.77830"], ["0.73000", "-1.35920", "-0.22270"], ["0.27380", "-0.90470", "-1.45910"], ["-1.09890", "-0.79880", "-1.68300"], ["-2.01430", "-1.14010", "-0.68020"], ["-3.41360", "-1.00040", "-0.92720"], ["-4.04120", "0.55130", "-1.25640"], ["-5.48160", "0.35480", "-1.21790"], ["-3.42300", "1.03210", "-2.47950"], ["-3.51620", "1.59740", "0.19710"], ["-2.16440", "1.76570", "0.25740"], ["-4.06900", "2.84170", "0.16480"], ["-3.88960", "1.02980", "1.38100"], ["2.48300", "-1.48760", "0.06000"], ["2.67800", "-1.97550", "1.41340"], ["3.02820", "-2.21160", "-1.07340"], ["3.12060", "0.17080", "0.01920"], ["2.81810", "1.04080", "1.07140"], ["3.31000", "2.34520", "1.04280"], ["4.10170", "2.77010", "-0.02580"], ["4.40990", "1.89240", "-1.06700"], ["3.92260", "0.58580", "-1.04720"], ["-3.04790", "-2.95980", "1.32580"], ["-3.20270", "-1.27500", "1.89760"], ["-1.95730", "-2.32570", "2.56570"], ["0.20090", "-2.11360", "1.72810"], ["0.96970", "-0.64640", "-2.25440"], ["-1.44380", "-0.46810", "-2.66110"], ["-4.05230", "-1.54570", "-0.34760"], ["2.21370", "0.71140", "1.91330"], ["3.08330", "3.03130", "1.85570"], ["4.48700", "3.78720", "-0.04360"], ["5.03520", "2.22720", "-1.89160"], ["4.17480", "-0.09400", "-1.85820"]], "bond_dist": [[0.0, 1.5042697264785994, 2.503941784467043, 3.795831727039543, 4.321800880420105, 3.8284704595961037, 2.5520541236423653, 2.9347926417380834, 4.206078610772747, 4.796182200459028, 5.245288221823468, 4.073990149718087, 4.093697091871845, 5.36677992468482, 3.409673129494967, 5.258172767226273, 5.180136542601941, 6.159230998265937, 6.262555354645578, 6.1848343728834, 7.319468888519167, 8.352279969565197, 8.412034644484056, 7.450708302570971, 1.0945928101353488, 1.093372772662645, 1.095262479956289, 2.6984661772940566, 5.40916522395092, 4.71523636841251, 2.5836652356681196, 5.476529626506188, 7.563242142097528, 9.270098897530707, 9.36542537261389, 7.7905032270065835], [1.5042697264785994, 0.0, 1.405799889742491, 2.4313782326079996, 2.8186314232265275, 2.4334064539242104, 1.4077308407504612, 2.4594639781871175, 3.7696437988223765, 4.742034292368625, 4.447786035771055, 3.7896845396417893, 3.4590012677071975, 5.140859800655918, 3.6292674825644915, 4.07278270719173, 4.334099916937772, 4.901989496112777, 5.039601660845825, 5.149133858232858, 6.299989011101528, 7.189317770136468, 7.115102546696007, 6.123377422632056, 2.142453894486413, 2.1503259683127114, 2.1623974588405344, 2.1663659016888164, 3.9062583132711537, 3.4240389162508067, 2.65645812314066, 4.638254975742494, 6.700887031580222, 8.13593844740728, 8.01919491844412, 6.4063441540398065], [2.503941784467043, 1.405799889742491, 0.0, 1.3980492337539476, 2.426667379349712, 2.790565953350682, 2.4229968324370548, 3.7350839602343613, 4.9317368036017495, 6.043929759684505, 5.368445034644576, 4.754335396246251, 4.05862080761433, 6.039718488472786, 4.67000383190421, 2.76135758459494, 2.9301638964399244, 3.728406762948485, 3.8778360395973426, 4.088271015967508, 5.3680624316414205, 6.25924488177288, 6.126496298864467, 5.046763773944646, 3.1746198985075362, 3.262812244061861, 2.5951057396568644, 1.0895396504946482, 3.417433630664976, 3.8785794061743792, 4.044527024263776, 3.5984724884317236, 5.86895126236366, 7.269180808729414, 7.065212559435137, 5.341229554138261], [3.795831727039543, 2.4313782326079996, 1.3980492337539476, 0.0, 1.3940493714356033, 2.4065326633976944, 2.7907872634796083, 4.2183502284661, 5.242413125651202, 6.520137544561465, 5.297062481224854, 5.19113957046042, 4.286379285597578, 6.389688416503577, 5.442414799516847, 1.7802850474011178, 2.617508911159616, 2.594609698972082, 2.8485757792272266, 3.4343640488451426, 4.6883333509894545, 5.334627352496142, 4.982711015100113, 3.828252866517571, 4.385464743901152, 4.468656511749365, 3.991350410575348, 2.157472319637033, 2.166412892317621, 3.3860390148372477, 4.7875646784142765, 3.324341446061159, 5.397615927425736, 6.37436732311529, 5.84655789418013, 4.017740450800674], [4.321800880420105, 2.8186314232265275, 2.426667379349712, 1.3940493714356033, 0.0, 1.3948660545012916, 2.428476884798371, 3.726794179989016, 4.558535761623462, 5.896536852254889, 4.296363653137384, 4.834004845880898, 4.002777491942314, 5.960912347116001, 5.398366217662526, 2.7437204412986396, 3.8959012474650843, 3.073023179216193, 3.383244209335176, 4.081894534404337, 5.102927009080181, 5.496482724433872, 5.008476218372211, 3.962952598757649, 4.7971652994242335, 4.846711176664027, 4.8162291525632375, 3.4095450517627715, 1.087886846137961, 2.1413951807174683, 4.512366835708284, 4.212846185181699, 5.862873466995514, 6.462864697639895, 5.715486315266619, 4.004287239946705], [3.8284704595961037, 2.4334064539242104, 2.790565953350682, 2.4065326633976944, 1.3948660545012916, 0.0, 1.4000181034543804, 2.4432994679326563, 3.265254486253713, 4.555784263987925, 3.063992145877662, 3.8884302411127294, 3.3877872808073413, 5.048673003869433, 4.529887465489623, 4.04258605969001, 5.0236729053552045, 4.404607861092745, 4.652073650534781, 5.1296916593495165, 6.062435224396216, 6.5214721811873115, 6.161890203500871, 5.247553815826951, 4.185857073527475, 4.180124069929025, 4.595620291103259, 3.879920397379307, 2.1514715150333736, 1.0885761847477646, 3.3262177213766386, 5.117362259015869, 6.684523957620318, 7.410891118482312, 6.843052883764672, 5.323471590043474], [2.5520541236423653, 1.4077308407504612, 2.4229968324370548, 2.7907872634796083, 2.428476884798371, 1.4000181034543804, 0.0, 1.4277834499671163, 2.7020666183497397, 3.8139240409321213, 3.1528350765620456, 3.243341664086594, 3.0570079178831056, 4.559665374783548, 3.531821278037721, 4.571034847821662, 5.205644379901493, 5.170060419376161, 5.345541804157929, 5.583593567766193, 6.592739611117673, 7.288577323456203, 7.114493385336725, 6.193561287337036, 2.8989089413087816, 2.841750413037711, 3.4561196695137744, 3.4139013137464884, 3.4097069272886196, 2.1681833547926703, 2.1044187130891987, 5.294362898404302, 7.058108282677448, 8.182325252640597, 7.90579847327264, 6.386467569791614], [2.9347926417380834, 2.4594639781871175, 3.7350839602343613, 4.2183502284661, 3.726794179989016, 2.4432994679326563, 1.4277834499671163, 0.0, 1.7058802097451038, 2.4895175295627063, 2.55749484847966, 2.832515152651438, 3.2580802645116034, 4.047683976053467, 3.1106390468840965, 5.9984847453336085, 6.59824362463224, 6.55630743025371, 6.705456885253979, 6.855288782392759, 7.764066996104555, 8.456295069355138, 8.342361064470898, 7.506681082875441, 3.008154558861629, 2.8459407952380174, 4.0096857969172595, 4.621086731495093, 4.593483942499419, 2.6776602734476977, 1.0204047922270845, 6.531860744075918, 8.136881891117753, 9.280158569765929, 9.09558632304702, 7.698839946381533], [4.206078610772747, 3.7696437988223765, 4.9317368036017495, 5.242413125651202, 4.558535761623462, 3.265254486253713, 2.7020666183497397, 1.7058802097451038, 0.0, 1.454251236891343, 1.452347578921795, 1.8661758920316165, 2.699765923186675, 2.695647313726334, 2.68473901338659, 6.960977503914232, 7.658994641596245, 7.592333091349457, 7.284457073111214, 7.260045425477721, 7.9085105607819735, 8.5290251617638, 8.558943438298913, 7.966621952245506, 4.470148201122643, 3.739808810621206, 5.218066367918293, 5.8313244353234195, 5.247819366174868, 3.1239150452597135, 2.2854867424686582, 7.0140148353136516, 8.160518773950587, 9.201745915314115, 9.251656976455623, 8.263245810817926], [4.796182200459028, 4.742034292368625, 6.043929759684505, 6.520137544561465, 5.896536852254889, 4.555784263987925, 3.8139240409321213, 2.4895175295627063, 1.454251236891343, 0.0, 2.507629121301633, 2.721961961527016, 3.8949922644339106, 3.1767860582670657, 3.121597381149593, 8.274195992965117, 8.884430760605882, 8.88954359064626, 8.69264730965199, 8.636927149165958, 9.293260311107185, 9.954617792261038, 10.011431307260716, 9.408585288447991, 4.835274401727373, 4.189984904507414, 5.824208074923148, 6.860227460514702, 6.610295407922402, 4.36621340408368, 2.532236329808101, 8.315600945812635, 9.48515583530392, 10.608173085409193, 10.703402995776623, 9.688006321736172], [5.245288221823468, 4.447786035771055, 5.368445034644576, 5.297062481224854, 4.296363653137384, 3.063992145877662, 3.1528350765620456, 2.55749484847966, 1.452347578921795, 2.507629121301633, 0.0, 2.7372317932539065, 3.1004619865432956, 3.2686833205436097, 3.888596289151138, 6.904982573475476, 7.837252654470188, 7.35640457968429, 7.057197768236341, 7.180549819477614, 7.711298068418832, 8.103233785347674, 8.005597713475241, 7.4972332456713655, 5.527772943057629, 4.952801925173264, 6.235153596343878, 6.382160877007097, 4.707849355066494, 2.490142815181491, 3.403831508755978, 7.153455613897383, 8.069863652503678, 8.723089178725619, 8.56242008196281, 7.705886045095657], [4.073990149718087, 3.7896845396417893, 4.754335396246251, 5.19113957046042, 4.834004845880898, 3.8884302411127294, 3.243341664086594, 2.832515152651438, 1.8661758920316165, 2.721961961527016, 2.7372317932539065, 0.0, 1.3635703942224617, 1.3619521357228381, 1.3649968974323714, 6.747327030017146, 7.253489762865872, 7.6780090264338705, 6.790725308094857, 6.418532584633344, 6.918917528775726, 7.71085663918089, 8.031689425021364, 7.60968872490853, 4.718192495013318, 3.352709987457907, 4.840573187133937, 5.471043265228305, 5.582811970682874, 4.090285961885795, 3.234683741882659, 6.046659610892612, 6.954165903974393, 8.300865663893132, 8.825290799174834, 8.138585445272415], [4.093697091871845, 3.4590012677071975, 4.05862080761433, 4.286379285597578, 4.002777491942314, 3.3877872808073413, 3.0570079178831056, 3.2580802645116034, 2.699765923186675, 3.8949922644339106, 3.1004619865432956, 1.3635703942224617, 0.0, 2.1894866795666967, 2.1863990509511297, 5.676376873499504, 6.227499594540332, 6.67480626610241, 5.525547054364844, 5.1003315833384795, 5.560730956448082, 6.35240354590292, 6.707571001487797, 6.336064564854118, 4.924672685570077, 3.607517071338679, 4.7022008953255074, 4.775622584543297, 4.685077209609251, 3.7452328432288424, 3.8594768259441588, 4.798053033262555, 5.629801198976746, 6.958317699702997, 7.5276439481420745, 6.936836749556674], [5.36677992468482, 5.140859800655918, 6.039718488472786, 6.389688416503577, 5.960912347116001, 5.048673003869433, 4.559665374783548, 4.047683976053467, 2.695647313726334, 3.1767860582670657, 3.2686833205436097, 1.3619521357228381, 2.1894866795666967, 0.0, 2.18959092298082, 7.8538223515686925, 8.383700066199888, 8.799956134549761, 7.671066049122508, 7.176162677921955, 7.447619569365771, 8.173236409770611, 8.620339142980397, 8.391882945441981, 6.00399604097138, 4.549757182531832, 6.076645494020529, 6.72539597272904, 6.588464763509022, 5.0825349865987155, 4.417251567434211, 6.860593970641317, 7.351903580706156, 8.610606065196572, 9.353761214078537, 8.981709298902965], [3.409673129494967, 3.6292674825644915, 4.67000383190421, 5.442414799516847, 5.398366217662526, 4.529887465489623, 3.531821278037721, 3.1106390468840965, 2.68473901338659, 3.121597381149593, 3.888596289151138, 1.3649968974323714, 2.1863990509511297, 2.18959092298082, 0.0, 6.977992155340962, 7.222620550049685, 8.024132984939868, 7.192724399002092, 6.71485014352517, 7.326588330184793, 8.298711105948923, 8.695888856810441, 8.192909134123239, 4.077795248660727, 2.459839468339347, 4.049281125088749, 5.170457641253819, 6.29591741448377, 4.95622986351521, 3.1060794419975806, 6.134736566471293, 7.269984645788464, 8.933093947787631, 9.581008953132232, 8.762984105885392], [5.258172767226273, 4.07278270719173, 2.76135758459494, 1.7802850474011178, 2.7437204412986396, 4.04258605969001, 4.571034847821662, 5.9984847453336085, 6.960977503914232, 8.274195992965117, 6.904982573475476, 6.747327030017146, 5.676376873499504, 7.8538223515686925, 6.977992155340962, 0.0, 1.4518136829497097, 1.45121142498259, 1.777213819437605, 2.743725301483368, 4.042298935012105, 4.5558271060258635, 4.050613855948256, 2.756325009863677, 5.861781068071377, 5.979059876769926, 5.166934118991649, 2.8952398898882286, 2.8903532119794635, 4.885030573087542, 6.54825621520722, 2.8883982377781634, 4.89952607810184, 5.643603813167611, 4.911436290943821, 2.9126962491821904], [5.180136542601941, 4.334099916937772, 2.9301638964399244, 2.617508911159616, 3.8959012474650843, 5.0236729053552045, 5.205644379901493, 6.59824362463224, 7.658994641596245, 8.884430760605882, 7.837252654470188, 7.253489762865872, 6.227499594540332, 8.383700066199888, 7.222620550049685, 1.4518136829497097, 0.0, 2.5224110469945216, 2.5973625257171937, 3.038857959826356, 4.382375708448558, 5.159354386936412, 4.910449284943283, 3.7634876391453713, 5.810546537116796, 5.9420352052137835, 4.78920049903948, 2.500826285450471, 4.258820557384403, 5.98857581149308, 6.9701353738647, 2.77216632076793, 5.04261277712259, 6.213215052611651, 5.84312451775589, 4.060026976511364], [6.159230998265937, 4.901989496112777, 3.728406762948485, 2.594609698972082, 3.073023179216193, 4.404607861092745, 5.170060419376161, 6.55630743025371, 7.592333091349457, 8.88954359064626, 7.35640457968429, 7.6780090264338705, 6.67480626610241, 8.799956134549761, 8.024132984939868, 1.45121142498259, 2.5224110469945216, 0.0, 2.622621261257523, 3.901591317654887, 5.032110881131297, 5.202615005936918, 4.330352393281637, 2.937019673069964, 6.575329276165567, 6.966216718563959, 6.17343323200308, 3.9814107474612563, 2.842891888552922, 5.055627314191582, 7.148684403440957, 4.257665573997094, 6.005885715695895, 6.258928576042387, 4.939680726524742, 2.5327519341617335], [6.262555354645578, 5.039601660845825, 3.8778360395973426, 2.8485757792272266, 3.383244209335176, 4.652073650534781, 5.345541804157929, 6.705456885253979, 7.284457073111214, 8.69264730965199, 7.057197768236341, 6.790725308094857, 5.525547054364844, 7.671066049122508, 7.192724399002092, 1.777213819437605, 2.5973625257171937, 2.622621261257523, 0.0, 1.3984030499108615, 2.4107352986174155, 2.7786584352885115, 2.409570810331168, 1.3973682263455114, 7.039762223967512, 6.752988011984028, 6.205017559201584, 4.082091456594278, 3.2347246575249646, 5.33159907157318, 7.384538502844982, 2.1684858265619353, 3.3994975790548816, 3.866437864494915, 3.397886219401703, 2.169351847902963], [6.1848343728834, 5.149133858232858, 4.088271015967508, 3.4343640488451426, 4.081894534404337, 5.1296916593495165, 5.583593567766193, 6.855288782392759, 7.260045425477721, 8.636927149165958, 7.180549819477614, 6.418532584633344, 5.1003315833384795, 7.176162677921955, 6.71485014352517, 2.743725301483368, 3.038857959826356, 3.901591317654887, 1.3984030499108615, 0.0, 1.3943611189358376, 2.417013713242025, 2.7985361101833224, 2.4321618387763593, 7.104890971718003, 6.503504341506969, 6.030812540611754, 4.151051684814344, 4.162231617774292, 5.8627746903663285, 7.477027444780446, 1.087473829570165, 2.1558171954041, 3.4016415404918843, 3.8861866102903497, 3.422128298296252], [7.319468888519167, 6.299989011101528, 5.3680624316414205, 4.6883333509894545, 5.102927009080181, 6.062435224396216, 6.592739611117673, 7.764066996104555, 7.9085105607819735, 9.293260311107185, 7.711298068418832, 6.918917528775726, 5.560730956448082, 7.447619569365771, 7.326588330184793, 4.042298935012105, 4.382375708448558, 5.032110881131297, 2.4107352986174155, 1.3943611189358376, 0.0, 1.3961500134297888, 2.421995848468779, 2.7997976926913846, 8.285288553212856, 7.500119490381471, 7.2028453065437965, 5.478780552276209, 5.029731850705364, 6.650725264209912, 8.442498223867151, 2.1514986358350314, 1.0876270086753086, 2.155216453166595, 3.406015619459194, 3.887592658702812], [8.352279969565197, 7.189317770136468, 6.25924488177288, 5.334627352496142, 5.496482724433872, 6.5214721811873115, 7.288577323456203, 8.456295069355138, 8.5290251617638, 9.954617792261038, 8.103233785347674, 7.71085663918089, 6.35240354590292, 8.173236409770611, 8.298711105948923, 4.5558271060258635, 5.159354386936412, 5.202615005936918, 2.7786584352885115, 2.417013713242025, 1.3961500134297888, 0.0, 1.3962241832886293, 2.417953940835102, 9.261498622253312, 8.568346452495954, 8.330337981738795, 6.491758740125821, 5.142815786123395, 6.941420285503537, 9.231327146190845, 3.4004262232843696, 2.1553204518122127, 1.0877800053319606, 2.155776495836245, 3.400897261018039], [8.412034644484056, 7.115102546696007, 6.126496298864467, 4.982711015100113, 5.008476218372211, 6.161890203500871, 7.114493385336725, 8.342361064470898, 8.558943438298913, 10.011431307260716, 8.005597713475241, 8.031689425021364, 6.707571001487797, 8.620339142980397, 8.695888856810441, 4.050613855948256, 4.910449284943283, 4.330352393281637, 2.409570810331168, 2.7985361101833224, 2.421995848468779, 1.3962241832886293, 0.0, 1.3946529640021563, 9.213474779907958, 8.762017728811099, 8.457547678848757, 6.4479687506997125, 4.437386645312757, 6.5099092735613455, 9.162253915385667, 3.885903180729031, 3.405750440064568, 2.1548918789581992, 1.087683910885878, 2.1510589043538535], [7.450708302570971, 6.123377422632056, 5.046763773944646, 3.828252866517571, 3.962952598757649, 5.247553815826951, 6.193561287337036, 7.506681082875441, 7.966621952245506, 9.408585288447991, 7.4972332456713655, 7.60968872490853, 6.336064564854118, 8.391882945441981, 8.192909134123239, 2.756325009863677, 3.7634876391453713, 2.937019673069964, 1.3973682263455114, 2.4321618387763593, 2.7997976926913846, 2.417953940835102, 1.3946529640021563, 0.0, 8.172531958334577, 7.931224607209154, 7.490200442578289, 5.370298068077785, 3.4198343658721253, 5.702072200524999, 8.284428913328908, 3.4206249165905342, 3.8873799852857194, 3.402164352291053, 2.1552457122100948, 1.0878666646239328], [1.0945928101353488, 2.142453894486413, 3.1746198985075362, 4.385464743901152, 4.7971652994242335, 4.185857073527475, 2.8989089413087816, 3.008154558861629, 4.470148201122643, 4.835274401727373, 5.527772943057629, 4.718192495013318, 4.924672685570077, 6.00399604097138, 4.077795248660727, 5.861781068071377, 5.810546537116796, 6.575329276165567, 7.039762223967512, 7.104890971718003, 8.285288553212856, 9.261498622253312, 9.213474779907958, 8.172531958334577, 0.0, 1.7859085418912135, 1.7688536344197616, 3.3812129731798914, 5.857538848356023, 4.967602772968064, 2.4101381142996763, 6.442615947734274, 8.588695282753951, 10.206467722478722, 10.128827048084096, 8.397503255730241], [1.093372772662645, 2.1503259683127114, 3.262812244061861, 4.468656511749365, 4.846711176664027, 4.180124069929025, 2.841750413037711, 2.8459407952380174, 3.739808810621206, 4.189984904507414, 4.952801925173264, 3.352709987457907, 3.607517071338679, 4.549757182531832, 2.459839468339347, 5.979059876769926, 5.9420352052137835, 6.966216718563959, 6.752988011984028, 6.503504341506969, 7.500119490381471, 8.568346452495954, 8.762017728811099, 7.931224607209154, 1.7859085418912135, 0.0, 1.7610648085746308, 3.5094833195215505, 5.919726659230137, 4.952429960130683, 2.4157859362948533, 5.769178486578483, 7.619696273474421, 9.408805044743993, 9.720413462914014, 8.36231432618985], [1.095262479956289, 2.1623974588405344, 2.5951057396568644, 3.991350410575348, 4.8162291525632375, 4.595620291103259, 3.4561196695137744, 4.0096857969172595, 5.218066367918293, 5.824208074923148, 6.235153596343878, 4.840573187133937, 4.7022008953255074, 6.076645494020529, 4.049281125088749, 5.166934118991649, 4.78920049903948, 6.17343323200308, 6.205017559201584, 6.030812540611754, 7.2028453065437965, 8.330337981738795, 8.457547678848757, 7.490200442578289, 1.7688536344197616, 1.7610648085746308, 0.0, 2.324733836377834, 5.883939284187083, 5.5707987084438795, 3.6721576613756657, 5.200657955489862, 7.389803607674563, 9.257699249273546, 9.459993549152134, 7.883782500170842], [2.6984661772940566, 2.1663659016888164, 1.0895396504946482, 2.157472319637033, 3.4095450517627715, 3.879920397379307, 3.4139013137464884, 4.621086731495093, 5.8313244353234195, 6.860227460514702, 6.382160877007097, 5.471043265228305, 4.775622584543297, 6.72539597272904, 5.170457641253819, 2.8952398898882286, 2.500826285450471, 3.9814107474612563, 4.082091456594278, 4.151051684814344, 5.478780552276209, 6.491758740125821, 6.4479687506997125, 5.370298068077785, 3.3812129731798914, 3.5094833195215505, 2.324733836377834, 0.0, 4.31323956