{"total energy": -82.75126143, "HOMO-LUMO gap/eV": 1.51453518, "electronic energy": -83.64671072, "dipole": [-2.02801009, -2.37710641, -1.03443541], "partial charges": [-0.11256033, 0.01484499, -0.04047619, 0.06651265, -0.18200208, 0.04960644, 0.28154052, -0.37093469, -0.18832677, 0.35199586, -0.44224289, -0.32527294, 0.14564504, -0.02093142, -0.01860284, 0.1015994, -0.44554863, 0.08728594, -0.46536323, 0.08287022, -0.46559248, 0.06225684, -0.46436601, 0.05550176, -0.05831084, 0.02466616, -0.11259995, 0.05645426, 0.05215827, 0.05797667, 0.07472336, 0.22172571, 0.08535986, 0.08651327, 0.0550632, 0.31171265, 0.04965165, 0.32369414, 0.04909, 0.31887887, 0.05254399, 0.02510955, 0.32903835, 0.06546491, 0.05962153, 0.0621095, 0.05191576], "atomic dipole moments": [[0.0853229, 0.01338967, -0.01364327], [-0.05750671, -0.03467829, 0.00550415], [0.05118274, 0.00490839, -0.00683293], [0.07439888, 0.0494892, -0.00470171], [0.17941302, -0.16856839, -0.0537661], [0.04662314, 0.03265042, 0.00312228], [0.070426, 0.04566622, -0.01481383], [0.1193576, -0.12899726, -0.07217935], [-0.01009204, -0.04913743, 0.05796719], [-0.08087521, 0.07329033, -0.00495961], [-0.20167623, -0.0600141, -0.06167139], [-0.18598514, 0.19573402, 0.0552796], [-0.02265837, -0.10307048, -0.01638424], [0.04168084, -0.02419375, -0.00282522], [-0.09261243, 0.06314967, 0.15057839], [-0.02735464, -0.13228943, -0.07029384], [0.14163749, 0.14177699, -0.12339498], [-0.03690243, 0.00674239, -0.16001964], [0.09230158, 0.13019307, 0.17622388], [0.13835589, -0.09630923, 0.038504], [-0.14598914, 0.16046226, 0.09198093], [0.07779473, 0.11127784, -0.12191125], [-0.21762254, -0.11119357, 0.00034505], [0.15562639, 0.06496197, -0.02213293], [-0.00085758, 0.05969323, 0.0143516], [-0.02924865, -0.06270263, -0.00180006], [0.01272591, 0.084271, 0.01122255], [-0.05470081, -0.0489443, -0.10826779], [-0.07473518, 0.10295737, 0.02840485], [-0.01271679, -0.079573, 0.10394426], [-0.10224336, 0.11050013, 0.04155531], [0.04219415, 0.11569819, 0.05127338], [-0.03952504, -0.09257251, -0.0936834], [0.08011524, 0.06116677, -0.08423524], [-0.01864152, 0.06380006, 0.11881225], [0.04211425, -0.04158969, -0.05772197], [0.05241714, -0.08527842, 0.07514778], [0.08327398, 0.01545492, -0.00731923], [-0.02447127, 0.07615152, -0.10004663], [0.03925467, 0.07115604, 0.02267404], [0.06193707, -0.06453653, 0.0889612], [-0.10465631, 0.0474185, 0.0523909], [-0.05329253, 0.05177894, -0.01649759], [0.09575064, -0.11561601, -0.03349194], [-0.08536068, -0.01630137, -0.0991901], [-0.04345218, -0.0519778, 0.11427695], [0.10014811, -0.07603887, -0.03259084]], "atomic quadrupole moments": [[0.16219658, 0.08280207, -0.04113766, -0.04629021, -7.46e-06, -0.12105893], [-0.09664649, 0.02625992, -0.29595841, 0.1127215, -0.13759538, 0.39260489], [-0.18353482, 0.00857809, -0.2786114, 0.14872562, -0.14952956, 0.46214622], [-0.25945889, 0.06987306, -0.04753508, 0.13985429, -0.09281976, 0.30699396], [-0.21294188, 0.01354895, -0.134775, 0.0839805, -0.09118296, 0.34771688], [-0.20954464, 0.0190002, -0.17923316, 0.09744332, -0.09057577, 0.3887778], [-0.09057516, -0.02355481, -0.27680483, 0.20804932, -0.18898368, 0.36737999], [-0.07627917, -0.04483481, -0.09699968, 0.08387508, -0.07521205, 0.17327885], [0.06761673, -0.05622112, -0.06957273, -0.00707094, -0.02547724, 0.001956], [-0.15983813, -0.00104874, -0.22684568, -0.1763589, -0.12119859, 0.38668381], [-0.0358735, 0.03159681, -0.09821355, -0.04152288, -0.04277425, 0.13408705], [-0.10192235, 0.03991996, -0.05715941, 0.04235946, -0.04839155, 0.15908177], [-0.23109413, 0.02391517, -0.16761193, 0.07323421, -0.1662547, 0.39870606], [-0.00778253, -0.04399618, -0.05784715, 0.02041814, -0.0322551, 0.06562968], [0.07929304, -0.24690407, -0.0007448, -0.00964289, -0.0106508, -0.07854824], [0.00742429, 0.12064902, 0.21323711, 0.01797584, -0.1623252, -0.2206614], [-0.04671133, 0.09508265, 0.12336032, -0.0363256, -0.04600063, -0.07664899], [-0.04040867, 0.07439884, -0.05152538, -0.14483531, 0.27329531, 0.09193404], [-0.07688514, 0.00704642, -0.03997598, -0.01455647, 0.13634721, 0.11686112], [0.24699032, -0.00831174, -0.06205654, -0.14832445, 0.18724038, -0.18493379], [0.14399084, -0.07582086, -0.05458741, -0.07183604, 0.04387772, -0.08940342], [-0.11140312, 0.32010958, 0.18668905, -0.05944293, 0.04091754, -0.07528593], [0.01851542, 0.12924685, 0.09005191, -0.00820196, -0.03715015, -0.10856734], [-0.03824419, 0.02540517, -0.29374285, 0.09826166, -0.1205831, 0.33198704], [-0.22724824, -0.02604541, -0.202322, 0.13170412, -0.09962379, 0.42957024], [-0.29961336, 0.01517367, -0.12104813, 0.16020951, -0.10244326, 0.4206615], [-0.03721682, 0.08012658, 0.161787, -0.00301423, 0.03375992, -0.12457017], [-0.01864637, 0.01508683, -0.02232159, 0.02832909, 0.05194308, 0.04096796], [-0.00612352, -0.03789809, 0.05457759, -0.01506576, 0.02380946, -0.04845407], [-0.03062173, -0.00327197, 0.01047773, -0.0033311, -0.06444155, 0.020144], [0.02794959, 0.00607506, 0.02501879, -0.01653902, 0.0146479, -0.05296838], [0.00891841, 0.00951166, 0.04626427, -0.00551346, 0.01059243, -0.05518267], [0.01023652, 0.03063452, 0.02507976, 0.02341828, 0.01827282, -0.03531627], [0.02129333, 0.01561347, 0.01223616, -0.0207045, -0.03012432, -0.03352949], [-0.01674201, -0.01049172, 0.01805846, -0.00810304, 0.02386426, -0.00131645], [-0.04003307, -0.03046919, 0.03326718, -0.06125826, 0.08139219, 0.00676589], [-0.02415523, -0.00526152, -0.01275271, 0.01208517, -0.00123373, 0.03690793], [0.099269, 0.00405378, -0.0642364, -0.05660199, 0.02016055, -0.0350326], [0.02516046, -0.02861496, -0.01267478, 0.00717066, -0.01608781, -0.01248568], [0.03082911, 0.08784458, 0.03421901, 0.0068259, 0.03057915, -0.06504811], [-0.0106881, -0.0168799, 0.02025801, 0.03299156, -0.0311337, -0.00956991], [0.04254499, 0.00035721, 0.00420361, -0.0218929, 0.00183271, -0.04674859], [0.01422722, -0.05013949, 0.04966387, 0.01740311, -0.047075, -0.06389108], [0.04428577, 0.00952403, 0.01306264, -0.02328515, 0.01398178, -0.05734841], [0.01951954, -0.00273661, -0.03084944, 0.06489046, 0.00525226, 0.01132991], [-0.02672672, 0.01050886, -0.02072434, -0.04765777, -0.02583718, 0.04745106], [0.05163929, -0.03870208, -0.00455921, -0.02774652, 0.01610982, -0.04708008]], "number of molecular orbitals": 128, "number of electrons": 144, "number of unpaired electrons": 0, "orbital energies/eV": [-19.83615641, -19.71216434, -19.43100255, -19.26247125, -19.18695217, -19.01773482, -18.83588278, -18.79825467, -18.75229875, -18.46843889, -18.30618999, -18.22031888, -18.09182815, -17.99383824, -17.79942196, -17.64617211, -17.51124272, -17.28742764, -17.22915283, -16.86892972, -16.86017478, -16.65221974, -16.55369315, -16.43888412, -16.29577243, -16.16160504, -16.10277317, -16.00440311, -15.80953531, -15.61546319, -15.57739068, -15.38722512, -15.34520955, -15.12960753, -15.04627982, -14.94726143, -14.88320522, -14.85252789, -14.65303619, -14.61935114, -14.5067494, -14.37688556, -14.30305313, -14.25222896, -14.1788573, -14.01333436, -13.97262757, -13.74611533, -13.70069206, -13.6062866, -13.49909119, -13.48673744, -13.34208217, -13.2514625, -13.19529978, -13.08449742, -12.70794538, -12.64958239, -12.54012985, -12.38216038, -12.29353997, -12.23576908, -11.97531074, -11.89286946, -11.79701305, -11.78165025, -11.54936987, -11.44637356, -11.35183844, -11.03317978, -10.94310663, -10.59270655, -9.07817136, -7.57911775, -6.84483847, -6.50080426, -5.97779823, -4.23435085, -3.12425533, -2.25592024, -0.75611328, -0.2617045, 0.18129623, 0.33185658, 0.49626183, 1.05325207, 1.21956763, 1.52786652, 1.68411011, 2.15814725, 2.26577293, 2.39894553, 2.64672665, 2.70667338, 2.94956862, 3.22803237, 3.33868046, 3.61477063, 4.00215994, 4.1517913, 4.26138814, 4.50992185, 4.6181967, 4.67917694, 4.6992091, 4.83290168, 4.92233278, 5.18921218, 5.35604676, 5.77013195, 6.01641518, 6.16698374, 6.18426197, 6.34000987, 7.49852342, 7.56339365, 7.61302811, 8.49292878, 9.07291009, 9.722913, 10.53381865, 11.25187758, 12.64079127, 14.03766292, 15.29390863, 15.71562484, 15.91802103, 17.97511934], "fractional occupation": [2.0, 2.0, 2.0, 2.0, 2.0, 2.0, 2.0, 2.0, 2.0, 2.0, 2.0, 2.0, 2.0, 2.0, 2.0, 2.0, 2.0, 2.0, 2.0, 2.0, 2.0, 2.0, 2.0, 2.0, 2.0, 2.0, 2.0, 2.0, 2.0, 2.0, 2.0, 2.0, 2.0, 2.0, 2.0, 2.0, 2.0, 2.0, 2.0, 2.0, 2.0, 2.0, 2.0, 2.0, 2.0, 2.0, 2.0, 2.0, 2.0, 2.0, 2.0, 2.0, 2.0, 2.0, 2.0, 2.0, 2.0, 2.0, 2.0, 2.0, 2.0, 2.0, 2.0, 2.0, 2.0, 2.0, 2.0, 2.0, 2.0, 2.0, 2.0, 2.0, 0.0, 0.0, 0.0, 0.0, 0.0, 0.0, 0.0, 0.0, 0.0, 0.0, 0.0, 0.0, 0.0, 0.0, 0.0, 0.0, 0.0, 0.0, 0.0, 0.0, 0.0, 0.0, 0.0, 0.0, 0.0, 0.0, 0.0, 0.0, 0.0, 0.0, 0.0, 0.0, 0.0, 0.0, 0.0, 0.0, 0.0, 0.0, 0.0, 0.0, 0.0, 0.0, 0.0, 0.0, 0.0, 0.0, 0.0, 0.0, 0.0, 0.0, 0.0, 0.0, 0.0, 0.0, 0.0, 0.0], "program call": "xtb /home/svss/Project-DBcg-Debug/aqme2_20220329/End-to-End-workflows-final/example-3/QDESCP/mol_589_rdkit_conf_1/mol_589_rdkit_conf_1.xyz --pop --wbo --acc 0.2 --gfn 2 --chrg 0 --uhf 0 --etemp 300 --input /home/svss/Project-DBcg-Debug/aqme2_20220329/End-to-End-workflows-final/example-3/QDESCP/mol_589_rdkit_conf_1/mol_589_rdkit_conf_1_xtb.inp", "method": "GFN2-xTB", "xtb version": "6.3.3 (7355c4f)", "Dipole module/D": 8.366, "Total charge": 0, "Transition dipole module/D": NaN, "HOMO": -10.5927, "LUMO": -9.0782, "HOMO occupancy": 2.0, "LUMO occupancy": 0, "mulliken charges": [-0.08525, 0.00152, -0.03771, 0.11604, -0.25565, 0.10123, 0.47562, -0.50821, -0.32753, 0.58327, -0.55368, -0.44564, 0.28259, -0.1858, 0.07231, 0.19768, -0.56712, 0.17791, -0.58791, 0.17293, -0.58297, 0.1735, -0.58145, 0.12065, -0.06782, 0.02237, -0.08542, 0.04352, 0.04255, 0.04557, 0.05731, 0.2718, 0.05972, 0.05874, 0.03869, 0.35436, 0.04036, 0.36591, 0.03216, 0.36084, 0.03204, 0.01641, 0.36325, 0.05331, 0.04586, 0.04869, 0.04341], "cm5 charges": [-0.22875, -0.0135, -0.08158, 0.1804, -0.42722, 0.20106, 0.5841, -0.5458, -0.66776, 0.75389, -0.60595, -0.6261, 0.43697, -0.41918, 0.03013, 0.16079, -0.77308, 0.13856, -0.79445, 0.13079, -0.79375, 0.09046, -0.79498, 0.18344, -0.11406, 0.00713, -0.22904, 0.09567, 0.09445, 0.09768, 0.11742, 0.47542, 0.12883, 0.13198, 0.11183, 0.52838, 0.11267, 0.54213, 0.107, 0.53479, 0.09776, 0.08338, 0.54752, 0.11646, 0.09797, 0.10083, 0.09534], "FUKUI+": [0.017, -0.026, -0.026, -0.004, -0.107, -0.037, -0.023, -0.094, -0.026, -0.016, -0.088, -0.055, -0.022, -0.05, 0.014, 0.001, -0.003, 0.004, -0.002, 0.003, -0.009, 0.004, -0.011, -0.015, -0.018, -0.04, 0.018, -0.03, -0.024, -0.03, -0.041, -0.038, -0.024, -0.023, -0.001, -0.013, -0.018, -0.012, 0.007, -0.008, -0.016, 0.012, 0.007, -0.041, -0.034, -0.034, -0.026], "FUKUI-": [0.013, -0.026, -0.012, -0.008, -0.08, -0.01, -0.005, -0.059, -0.021, -0.0, -0.04, -0.064, -0.008, -0.026, 0.008, 0.003, -0.016, 0.005, -0.025, -0.002, -0.051, 0.008, -0.066, -0.012, -0.01, -0.02, 0.013, -0.033, -0.023, -0.033, -0.029, -0.03, -0.024, -0.013, -0.009, -0.015, -0.033, -0.016, -0.027, -0.023, -0.039, -0.024, -0.019, -0.025, -0.027, -0.027, -0.019], "FUKUIrad": [0.015, -0.026, -0.019, -0.006, -0.093, -0.024, -0.014, -0.076, -0.023, -0.008, -0.064, -0.059, -0.015, -0.038, 0.011, 0.002, -0.01, 0.005, -0.014, 0.0, -0.03, 0.006, -0.039, -0.014, -0.014, -0.03, 0.015, -0.031, -0.023, -0.032, -0.035, -0.034, -0.024, -0.018, -0.005, -0.014, -0.025, -0.014, -0.01, -0.015, -0.028, -0.006, -0.006, -0.033, -0.031, -0.03, -0.022], "s proportion": [1.008, 1.088, 1.071, 1.048, 1.557, 1.075, 0.99, 1.725, 1.436, 0.944, 1.721, 1.509, 1.027, 1.455, 1.022, 1.034, 1.711, 1.041, 1.717, 1.04, 1.714, 1.002, 1.708, 1.051, 1.063, 1.094, 1.009, 0.956, 0.957, 0.954, 0.943, 0.728, 0.94, 0.941, 0.961, 0.646, 0.96, 0.634, 0.968, 0.639, 0.968, 0.984, 0.637, 0.947, 0.954, 0.951, 0.957], "p proportion": [3.077, 2.91, 2.966, 2.836, 3.698, 2.824, 2.534, 4.783, 3.891, 2.473, 4.832, 3.936, 2.691, 3.731, 2.905, 2.769, 4.856, 2.781, 4.871, 2.787, 4.869, 2.825, 4.873, 2.828, 3.005, 2.884, 3.076, 0.0, 0.0, 0.0, 0.0, 0.0, 0.0, 0.0, 0.0, 0.0, 0.0, 0.0, 0.0, 0.0, 0.0, 0.0, 0.0, 0.0, 0.0, 0.0, 0.0], "d proportion": [0.0, 0.0, 0.0, 0.0, 0.0, 0.0, 0.0, 0.0, 0.0, 0.0, 0.0, 0.0, 0.0, 0.0, 0.0, 0.0, 0.0, 0.0, 0.0, 0.0, 0.0, 0.0, 0.0, 0.0, 0.0, 0.0, 0.0, 0.0, 0.0, 0.0, 0.0, 0.0, 0.0, 0.0, 0.0, 0.0, 0.0, 0.0, 0.0, 0.0, 0.0, 0.0, 0.0, 0.0, 0.0, 0.0, 0.0], "Fermi-level/eV": -9.8354, "Coordination numbers": [3.754, 2.959, 2.919, 2.939, 1.834, 2.919, 2.767, 0.858, 2.696, 2.735, 0.861, 1.837, 2.86, 2.736, 3.736, 3.719, 1.65, 3.721, 1.649, 3.72, 1.649, 3.673, 1.651, 2.904, 2.915, 2.96, 3.754, 0.924, 0.924, 0.924, 0.925, 0.86, 0.924, 0.924, 0.924, 0.803, 0.924, 0.802, 0.924, 0.803, 0.924, 0.924, 0.802, 0.925, 0.924, 0.924, 0.924], "Dispersion coefficient C6": [22.711, 27.679, 29.006, 26.511, 25.752, 26.887, 22.234, 21.108, 25.083, 21.024, 22.541, 29.284, 24.83, 21.654, 20.991, 19.017, 21.756, 19.239, 22.163, 19.311, 22.168, 19.763, 22.141, 26.755, 29.449, 27.452, 22.712, 2.241, 2.293, 2.223, 2.034, 1.002, 1.925, 1.913, 2.258, 0.687, 2.324, 0.654, 2.331, 0.667, 2.289, 2.657, 0.64, 2.136, 2.204, 2.175, 2.296], "Total dispersion C6": 24732.66125, "Total dispersion C8": 572924.293967, "Polarizability alpha": [6.795, 8.629, 8.832, 8.444, 7.52, 8.503, 7.722, 6.16, 7.438, 7.507, 6.366, 8.019, 8.168, 6.911, 6.538, 6.229, 6.296, 6.264, 6.355, 6.277, 6.356, 6.371, 6.352, 8.481, 8.899, 8.594, 6.796, 2.341, 2.368, 2.332, 2.23, 1.568, 2.17, 2.163, 2.35, 1.302, 2.384, 1.271, 2.388, 1.283, 2.366, 2.549, 1.257, 2.286, 2.321, 2.306, 2.37], "Total polarizability alpha": 238.428171, "Wiberg matrix": [[0.0, 1.030539949425905, 0.0, 0.0, 0.0, 0.0, 0.0, 0.0, 0.0, 0.0, 0.0, 0.0, 0.0, 0.0, 0.0, 0.0, 0.0, 0.0, 0.0, 0.0, 0.0, 0.0, 0.0, 0.0, 0.0, 0.0, 0.0, 0.9685844117112938, 0.9841002150978105, 0.9670589179208424, 0.0, 0.0, 0.0, 0.0, 0.0, 0.0, 0.0, 0.0, 0.0, 0.0, 0.0, 0.0, 0.0, 0.0, 0.0, 0.0, 0.0], [1.030539949425905, 0.0, 1.4545774158887932, 0.0, 0.0, 0.0, 0.0, 0.0, 0.0, 0.0, 0.0, 0.0, 0.0, 0.0, 0.0, 0.0, 0.0, 0.0, 0.0, 0.0, 0.0, 0.0, 0.0, 0.0, 0.0, 1.3326744278965914, 0.0, 0.0, 0.0, 0.0, 0.0, 0.0, 0.0, 0.0, 0.0, 0.0, 0.0, 0.0, 0.0, 0.0, 0.0, 0.0, 0.0, 0.0, 0.0, 0.0, 0.0], [0.0, 1.4545774158887932, 0.0, 1.3334061913029052, 0.0, 0.0, 0.0, 0.0, 0.0, 0.0, 0.0, 0.0, 0.0, 0.0, 0.0, 0.0, 0.0, 0.0, 0.0, 0.0, 0.0, 0.0, 0.0, 0.0, 0.10457082084991011, 0.0, 0.0, 0.0, 0.0, 0.0, 0.9621701381110283, 0.0, 0.0, 0.0, 0.0, 0.0, 0.0, 0.0, 0.0, 0.0, 0.0, 0.0, 0.0, 0.0, 0.0, 0.0, 0.0], [0.0, 0.0, 1.3334061913029052, 0.0, 1.1837722719903505, 0.0, 0.0, 0.0, 0.0, 0.0, 0.0, 0.0, 0.0, 0.0, 0.0, 0.0, 0.0, 0.0, 0.0, 0.0, 0.0, 0.0, 0.0, 1.247904271930435, 0.0, 0.0, 0.0, 0.0, 0.0, 0.0, 0.0, 0.0, 0.0, 0.0, 0.0, 0.0, 0.0, 0.0, 0.0, 0.0, 0.0, 0.0, 0.0, 0.0, 0.0, 0.0, 0.0], [0.0, 0.0, 0.0, 1.1837722719903505, 0.0, 1.6584485217460316, 0.0, 0.0, 0.0, 0.0, 0.0, 0.0, 0.0, 0.0, 0.0, 0.0, 0.0, 0.0, 0.0, 0.0, 0.0, 0.0, 0.0, 0.0, 0.0, 0.0, 0.0, 0.0, 0.0, 0.0, 0.0, 0.0, 0.0, 0.0, 0.0, 0.0, 0.0, 0.0, 0.0, 0.0, 0.0, 0.0, 0.0, 0.0, 0.0, 0.0, 0.0], [0.0, 0.0, 0.0, 0.0, 1.6584485217460316, 0.0, 0.9854383770232449, 0.0, 0.0, 0.0, 0.0, 0.0, 1.0478339273072506, 0.0, 0.0, 0.0, 0.0, 0.0, 0.0, 0.0, 0.0, 0.0, 0.0, 0.0, 0.0, 0.0, 0.0, 0.0, 0.0, 0.0, 0.0, 0.0, 0.0, 0.0, 0.0, 0.0, 0.0, 0.0, 0.0, 0.0, 0.0, 0.0, 0.0, 0.0, 0.0, 0.0, 0.0], [0.0, 0.0, 0.0, 0.0, 0.0, 0.9854383770232449, 0.0, 1.726871077278804, 1.1527772047596692, 0.0, 0.0, 0.0, 0.0, 0.0, 0.0, 0.0, 0.0, 0.0, 0.0, 0.0, 0.0, 0.0, 0.0, 0.0, 0.0, 0.0, 0.0, 0.0, 0.0, 0.0, 0.0, 0.0, 0.0, 0.0, 0.0, 0.0, 0.0, 0.0, 0.0, 0.0, 0.0, 0.0, 0.0, 0.0, 0.0, 0.0, 0.0], [0.0, 0.0, 0.0, 0.0, 0.0, 0.0, 1.726871077278804, 0.0, 0.15367042634338512, 0.0, 0.0, 0.0, 0.0, 0.0, 0.0, 0.0, 0.0, 0.0, 0.0, 0.0, 0.0, 0.0, 0.0, 0.0, 0.0, 0.0, 0.0, 0.0, 0.0, 0.0, 0.0, 0.0, 0.0, 0.0, 0.0, 0.0, 0.0, 0.0, 0.0, 0.0, 0.0, 0.0, 0.0, 0.0, 0.0, 0.0, 0.0], [0.0, 0.0, 0.0, 0.0, 0.0, 0.0, 1.1527772047596692, 0.15367042634338512, 0.0, 1.0904428197266238, 0.1045443184693594, 0.0, 0.0, 0.0, 0.0, 0.0, 0.0, 0.0, 0.0, 0.0, 0.0, 0.0, 0.0, 0.0, 0.0, 0.0, 0.0, 0.0, 0.0, 0.0, 0.0, 0.9127770962832628, 0.0, 0.0, 0.0, 0.0, 0.0, 0.0, 0.0, 0.0, 0.0, 0.0, 0.0, 0.0, 0.0, 0.0, 0.0], [0.0, 0.0, 0.0, 0.0, 0.0, 0.0, 0.0, 0.0, 1.0904428197266238, 0.0, 1.6169591121834928, 1.1627443654328085, 0.0, 0.0, 0.0, 0.0, 0.0, 0.0, 0.0, 0.0, 0.0, 0.0, 0.0, 0.0, 0.0, 0.0, 0.0, 0.0, 0.0, 0.0, 0.0, 0.0, 0.0, 0.0, 0.0, 0.0, 0.0, 0.0, 0.0, 0.0, 0.0, 0.0, 0.0, 0.0, 0.0, 0.0, 0.0], [0.0, 0.0, 0.0, 0.0, 0.0, 0.0, 0.0, 0.0, 0.1045443184693594, 1.6169591121834928, 0.0, 0.0, 0.0, 0.0, 0.0, 0.0, 0.0, 0.0, 0.0, 0.0, 0.0, 0.0, 0.0, 0.0, 0.0, 0.0, 0.0, 0.0, 0.0, 0.0, 0.0, 0.0, 0.0, 0.0, 0.0, 0.0, 0.0, 0.0, 0.0, 0.0, 0.0, 0.0, 0.0, 0.0, 0.0, 0.0, 0.0], [0.0, 0.0, 0.0, 0.0, 0.0, 0.0, 0.0, 0.0, 0.0, 1.1627443654328085, 0.0, 0.0, 1.4983484285383306, 0.10751076529137915, 0.0, 0.0, 0.0, 0.0, 0.0, 0.0, 0.0, 0.0, 0.0, 0.0, 0.0, 0.0, 0.0, 0.0, 0.0, 0.0, 0.0, 0.0, 0.0, 0.0, 0.0, 0.0, 0.0, 0.0, 0.0, 0.0, 0.0, 0.0, 0.0, 0.0, 0.0, 0.0, 0.0], [0.0, 0.0, 0.0, 0.0, 0.0, 1.0478339273072506, 0.0, 0.0, 0.0, 0.0, 0.0, 1.4983484285383306, 0.0, 1.2145821812008768, 0.0, 0.0, 0.0, 0.0, 0.0, 0.0, 0.0, 0.0, 0.0, 0.0, 0.0, 0.0, 0.0, 0.0, 0.0, 0.0, 0.0, 0.0, 0.0, 0.0, 0.0, 0.0, 0.0, 0.0, 0.0, 0.0, 0.0, 0.0, 0.0, 0.0, 0.0, 0.0, 0.0], [0.0, 0.0, 0.0, 0.0, 0.0, 0.0, 0.0, 0.0, 0.0, 0.0, 0.0, 0.10751076529137915, 1.2145821812008768, 0.0, 0.9729481081920348, 0.0, 0.0, 0.0, 0.0, 0.0, 0.0, 0.0, 0.0, 1.1219658906260104, 0.0, 0.0, 0.0, 0.0, 0.0, 0.0, 0.0, 0.0, 0.0, 0.0, 0.0, 0.0, 0.0, 0.0, 0.0, 0.0, 0.0, 0.0, 0.0, 0.0, 0.0, 0.0, 0.0], [0.0, 0.0, 0.0, 0.0, 0.0, 0.0, 0.0, 0.0, 0.0, 0.0, 0.0, 0.0, 0.0, 0.9729481081920348, 0.0, 0.9705470940795222, 0.0, 0.0, 0.0, 0.0, 0.0, 0.0, 0.0, 0.0, 0.0, 0.0, 0.0, 0.0, 0.0, 0.0, 0.0, 0.0, 0.960706266757385, 0.9583161374407267, 0.0, 0.0, 0.0, 0.0, 0.0, 0.0, 0.0, 0.0, 0.0, 0.0, 0.0, 0.0, 0.0], [0.0, 0.0, 0.0, 0.0, 0.0, 0.0, 0.0, 0.0, 0.0, 0.0, 0.0, 0.0, 0.0, 0.0, 0.9705470940795222, 0.0, 0.9926800752027249, 0.9769246297219958, 0.0, 0.0, 0.0, 0.0, 0.0, 0.0, 0.0, 0.0, 0.0, 0.0, 0.0, 0.0, 0.0, 0.0, 0.0, 0.0, 0.9612541366215236, 0.0, 0.0, 0.0, 0.0, 0.0, 0.0, 0.0, 0.0, 0.0, 0.0, 0.0, 0.0], [0.0, 0.0, 0.0, 0.0, 0.0, 0.0, 0.0, 0.0, 0.0, 0.0, 0.0, 0.0, 0.0, 0.0, 0.0, 0.9926800752027249, 0.0, 0.0, 0.0, 0.0, 0.0, 0.0, 0.0, 0.0, 0.0, 0.0, 0.0, 0.0, 0.0, 0.0, 0.0, 0.0, 0.0, 0.0, 0.0, 0.8850819234681147, 0.0, 0.0, 0.0, 0.0, 0.0, 0.0, 0.0, 0.0, 0.0, 0.0, 0.0], [0.0, 0.0, 0.0, 0.0, 0.0, 0.0, 0.0, 0.0, 0.0, 0.0, 0.0, 0.0, 0.0, 0.0, 0.0, 0.9769246297219958, 0.0, 0.0, 0.9848588985463352, 0.9769447519434078, 0.0, 0.0, 0.0, 0.0, 0.0, 0.0, 0.0, 0.0, 0.0, 0.0, 0.0, 0.0, 0.0, 0.0, 0.0, 0.0, 0.9582497838320458, 0.0, 0.0, 0.0, 0.0, 0.0, 0.0, 0.0, 0.0, 0.0, 0.0], [0.0, 0.0, 0.0, 0.0, 0.0, 0.0, 0.0, 0.0, 0.0, 0.0, 0.0, 0.0, 0.0, 0.0, 0.0, 0.0, 0.0, 0.9848588985463352, 0.0, 0.0, 0.0, 0.0, 0.0, 0.0, 0.0, 0.0, 0.0, 0.0, 0.0, 0.0, 0.0, 0.0, 0.0, 0.0, 0.0, 0.0, 0.0, 0.8705635779800905, 0.0, 0.0, 0.0, 0.0, 0.0, 0.0, 0.0, 0.0, 0.0], [0.0, 0.0, 0.0, 0.0, 0.0, 0.0, 0.0, 0.0, 0.0, 0.0, 0.0, 0.0, 0.0, 0.0, 0.0, 0.0, 0.0, 0.9769447519434078, 0.0, 0.0, 0.9804238518807816, 0.9816033735304162, 0.0, 0.0, 0.0, 0.0, 0.0, 0.0, 0.0, 0.0, 0.0, 0.0, 0.0, 0.0, 0.0, 0.0, 0.0, 0.0, 0.9568604046701934, 0.0, 0.0, 0.0, 0.0, 0.0, 0.0, 0.0, 0.0], [0.0, 0.0, 0.0, 0.0, 0.0, 0.0, 0.0, 0.0, 0.0, 0.0, 0.0, 0.0, 0.0, 0.0, 0.0, 0.0, 0.0, 0.0, 0.0, 0.9804238518807816, 0.0, 0.0, 0.0, 0.0, 0.0, 0.0, 0.0, 0.0, 0.0, 0.0, 0.0, 0.0, 0.0, 0.0, 0.0, 0.0, 0.0, 0.0, 0.0, 0.872252022192938, 0.0, 0.0, 0.0, 0.0, 0.0, 0.0, 0.0], [0.0, 0.0, 0.0, 0.0, 0.0, 0.0, 0.0, 0.0, 0.0, 0.0, 0.0, 0.0, 0.0, 0.0, 0.0, 0.0, 0.0, 0.0, 0.0, 0.9816033735304162, 0.0, 0.0, 1.0085604259182943, 0.0, 0.0, 0.0, 0.0, 0.0, 0.0, 0.0, 0.0, 0.0, 0.0, 0.0, 0.0, 0.0, 0.0, 0.0, 0.0, 0.0, 0.9705693737356066, 0.9710914035417302, 0.0, 0.0, 0.0, 0.0, 0.0], [0.0, 0.0, 0.0, 0.0, 0.0, 0.0, 0.0, 0.0, 0.0, 0.0, 0.0, 0.0, 0.0, 0.0, 0.0, 0.0, 0.0, 0.0, 0.0, 0.0, 0.0, 1.0085604259182943, 0.0, 0.0, 0.0, 0.0, 0.0, 0.0, 0.0, 0.0, 0.0, 0.0, 0.0, 0.0, 0.0, 0.0, 0.0, 0.0, 0.0, 0.0, 0.0, 0.0, 0.8454943851518956, 0.0, 0.0, 0.0, 0.0], [0.0, 0.0, 0.0, 1.247904271930435, 0.0, 0.0, 0.0, 0.0, 0.0, 0.0, 0.0, 0.0, 0.0, 1.1219658906260104, 0.0, 0.0, 0.0, 0.0, 0.0, 0.0, 0.0, 0.0, 0.0, 0.0, 1.3647001618532262, 0.0, 0.0, 0.0, 0.0, 0.0, 0.0, 0.0, 0.0, 0.0, 0.0, 0.0, 0.0, 0.0, 0.0, 0.0, 0.0, 0.0, 0.0, 0.0, 0.0, 0.0, 0.0], [0.0, 0.0, 0.10457082084991011, 0.0, 0.0, 0.0, 0.0, 0.0, 0.0, 0.0, 0.0, 0.0, 0.0, 0.0, 0.0, 0.0, 0.0, 0.0, 0.0, 0.0, 0.0, 0.0, 0.0, 1.3647001618532262, 0.0, 1.4291187698244316, 0.0, 0.0, 0.0, 0.0, 0.0, 0.0, 0.0, 0.0, 0.0, 0.0, 0.0, 0.0, 0.0, 0.0, 0.0, 0.0, 0.0, 0.957251486913412, 0.0, 0.0, 0.0], [0.0, 1.3326744278965914, 0.0, 0.0, 0.0, 0.0, 0.0, 0.0, 0.0, 0.0, 0.0, 0.0, 0.0, 0.0, 0.0, 0.0, 0.0, 0.0, 0.0, 0.0, 0.0, 0.0, 0.0, 0.0, 1.4291187698244316, 0.0, 1.0339633844845373, 0.0, 0.0, 0.0, 0.0, 0.0, 0.0, 0.0, 0.0, 0.0, 0.0, 0.0, 0.0, 0.0, 0.0, 0.0, 0.0, 0.0, 0.0, 0.0, 0.0], [0.0, 0.0, 0.0, 0.0, 0.0, 0.0, 0.0, 0.0, 0.0, 0.0, 0.0, 0.0, 0.0, 0.0, 0.0, 0.0, 0.0, 0.0, 0.0, 0.0, 0.0, 0.0, 0.0, 0.0, 0.0, 1.0339633844845373, 0.0, 0.0, 0.0, 0.0, 0.0, 0.0, 0.0, 0.0, 0.0, 0.0, 0.0, 0.0, 0.0, 0.0, 0.0, 0.0, 0.0, 0.0, 0.9652628426387118, 0.9652589698176305, 0.9837710299547047], [0.9685844117112938, 0.0, 0.0, 0.0, 0.0, 0.0, 0.0, 0.0, 0.0, 0.0, 0.0, 0.0, 0.0, 0.0, 0.0, 0.0, 0.0, 0.0, 0.0, 0.0, 0.0, 0.0, 0.0, 0.0, 0.0, 0.0, 0.0, 0.0, 0.0, 0.0, 0.0, 0.0, 0.0, 0.0, 0.0, 0.0, 0.0, 0.0, 0.0, 0.0, 0.0, 0.0, 0.0, 0.0, 0.0, 0.0, 0.0], [0.9841002150978105, 0.0, 0.0, 0.0, 0.0, 0.0, 0.0, 0.0, 0.0, 0.0, 0.0, 0.0, 0.0, 0.0, 0.0, 0.0, 0.0, 0.0, 0.0, 0.0, 0.0, 0.0, 0.0, 0.0, 0.0, 0.0, 0.0, 0.0, 0.0, 0.0, 0.0, 0.0, 0.0, 0.0, 0.0, 0.0, 0.0, 0.0, 0.0, 0.0, 0.0, 0.0, 0.0, 0.0, 0.0, 0.0, 0.0], [0.9670589179208424, 0.0, 0.0, 0.0, 0.0, 0.0, 0.0, 0.0, 0.0, 0.0, 0.0, 0.0, 0.0, 0.0, 0.0, 0.0, 0.0, 0.0, 0.0, 0.0, 0.0, 0.0, 0.0, 0.0, 0.0, 0.0, 0.0, 0.0, 0.0, 0.0, 0.0, 0.0, 0.0, 0.0, 0.0, 0.0, 0.0, 0.0, 0.0, 0.0, 0.0, 0.0, 0.0, 0.0, 0.0, 0.0, 0.0], [0.0, 0.0, 0.9621701381110283, 0.0, 0.0, 0.0, 0.0, 0.0, 0.0, 0.0, 0.0, 0.0, 0.0, 0.0, 0.0, 0.0, 0.0, 0.0, 0.0, 0.0, 0.0, 0.0, 0.0, 0.0, 0.0, 0.0, 0.0, 0.0, 0.0, 0.0, 0.0, 0.0, 0.0, 0.0, 0.0, 0.0, 0.0, 0.0, 0.0, 0.0, 0.0, 0.0, 0.0, 0.0, 0.0, 0.0, 0.0], [0.0, 0.0, 0.0, 0.0, 0.0, 0.0, 0.0, 0.0, 0.9127770962832628, 0.0, 0.0, 0.0, 0.0, 0.0, 0.0, 0.0, 0.0, 0.0, 0.0, 0.0, 0.0, 0.0, 0.0, 0.0, 0.0, 0.0, 0.0, 0.0, 0.0, 0.0, 0.0, 0.0, 0.0, 0.0, 0.0, 0.0, 0.0, 0.0, 0.0, 0.0, 0.0, 0.0, 0.0, 0.0, 0.0, 0.0, 0.0], [0.0, 0.0, 0.0, 0.0, 0.0, 0.0, 0.0, 0.0, 0.0, 0.0, 0.0, 0.0, 0.0, 0.0, 0.960706266757385, 0.0, 0.0, 0.0, 0.0, 0.0, 0.0, 0.0, 0.0, 0.0, 0.0, 0.0, 0.0, 0.0, 0.0, 0.0, 0.0, 0.0, 0.0, 0.0, 0.0, 0.0, 0.0, 0.0, 0.0, 0.0, 0.0, 0.0, 0.0, 0.0, 0.0, 0.0, 0.0], [0.0, 0.0, 0.0, 0.0, 0.0, 0.0, 0.0, 0.0, 0.0, 0.0, 0.0, 0.0, 0.0, 0.0, 0.9583161374407267, 0.0, 0.0, 0.0, 0.0, 0.0, 0.0, 0.0, 0.0, 0.0, 0.0, 0.0, 0.0, 0.0, 0.0, 0.0, 0.0, 0.0, 0.0, 0.0, 0.0, 0.0, 0.0, 0.0, 0.0, 0.0, 0.0, 0.0, 0.0, 0.0, 0.0, 0.0, 0.0], [0.0, 0.0, 0.0, 0.0, 0.0, 0.0, 0.0, 0.0, 0.0, 0.0, 0.0, 0.0, 0.0, 0.0, 0.0, 0.9612541366215236, 0.0, 0.0, 0.0, 0.0, 0.0, 0.0, 0.0, 0.0, 0.0, 0.0, 0.0, 0.0, 0.0, 0.0, 0.0, 0.0, 0.0, 0.0, 0.0, 0.0, 0.0, 0.0, 0.0, 0.0, 0.0, 0.0, 0.0, 0.0, 0.0, 0.0, 0.0], [0.0, 0.0, 0.0, 0.0, 0.0, 0.0, 0.0, 0.0, 0.0, 0.0, 0.0, 0.0, 0.0, 0.0, 0.0, 0.0, 0.8850819234681147, 0.0, 0.0, 0.0, 0.0, 0.0, 0.0, 0.0, 0.0, 0.0, 0.0, 0.0, 0.0, 0.0, 0.0, 0.0, 0.0, 0.0, 0.0, 0.0, 0.0, 0.0, 0.0, 0.0, 0.0, 0.0, 0.0, 0.0, 0.0, 0.0, 0.0], [0.0, 0.0, 0.0, 0.0, 0.0, 0.0, 0.0, 0.0, 0.0, 0.0, 0.0, 0.0, 0.0, 0.0, 0.0, 0.0, 0.0, 0.9582497838320458, 0.0, 0.0, 0.0, 0.0, 0.0, 0.0, 0.0, 0.0, 0.0, 0.0, 0.0, 0.0, 0.0, 0.0, 0.0, 0.0, 0.0, 0.0, 0.0, 0.0, 0.0, 0.0, 0.0, 0.0, 0.0, 0.0, 0.0, 0.0, 0.0], [0.0, 0.0, 0.0, 0.0, 0.0, 0.0, 0.0, 0.0, 0.0, 0.0, 0.0, 0.0, 0.0, 0.0, 0.0, 0.0, 0.0, 0.0, 0.8705635779800905, 0.0, 0.0, 0.0, 0.0, 0.0, 0.0, 0.0, 0.0, 0.0, 0.0, 0.0, 0.0, 0.0, 0.0, 0.0, 0.0, 0.0, 0.0, 0.0, 0.0, 0.0, 0.0, 0.0, 0.0, 0.0, 0.0, 0.0, 0.0], [0.0, 0.0, 0.0, 0.0, 0.0, 0.0, 0.0, 0.0, 0.0, 0.0, 0.0, 0.0, 0.0, 0.0, 0.0, 0.0, 0.0, 0.0, 0.0, 0.9568604046701934, 0.0, 0.0, 0.0, 0.0, 0.0, 0.0, 0.0, 0.0, 0.0, 0.0, 0.0, 0.0, 0.0, 0.0, 0.0, 0.0, 0.0, 0.0, 0.0, 0.0, 0.0, 0.0, 0.0, 0.0, 0.0, 0.0, 0.0], [0.0, 0.0, 0.0, 0.0, 0.0, 0.0, 0.0, 0.0, 0.0, 0.0, 0.0, 0.0, 0.0, 0.0, 0.0, 0.0, 0.0, 0.0, 0.0, 0.0, 0.872252022192938, 0.0, 0.0, 0.0, 0.0, 0.0, 0.0, 0.0, 0.0, 0.0, 0.0, 0.0, 0.0, 0.0, 0.0, 0.0, 0.0, 0.0, 0.0, 0.0, 0.0, 0.0, 0.0, 0.0, 0.0, 0.0, 0.0], [0.0, 0.0, 0.0, 0.0, 0.0, 0.0, 0.0, 0.0, 0.0, 0.0, 0.0, 0.0, 0.0, 0.0, 0.0, 0.0, 0.0, 0.0, 0.0, 0.0, 0.0, 0.9705693737356066, 0.0, 0.0, 0.0, 0.0, 0.0, 0.0, 0.0, 0.0, 0.0, 0.0, 0.0, 0.0, 0.0, 0.0, 0.0, 0.0, 0.0, 0.0, 0.0, 0.0, 0.0, 0.0, 0.0, 0.0, 0.0], [0.0, 0.0, 0.0, 0.0, 0.0, 0.0, 0.0, 0.0, 0.0, 0.0, 0.0, 0.0, 0.0, 0.0, 0.0, 0.0, 0.0, 0.0, 0.0, 0.0, 0.0, 0.9710914035417302, 0.0, 0.0, 0.0, 0.0, 0.0, 0.0, 0.0, 0.0, 0.0, 0.0, 0.0, 0.0, 0.0, 0.0, 0.0, 0.0, 0.0, 0.0, 0.0, 0.0, 0.0, 0.0, 0.0, 0.0, 0.0], [0.0, 0.0, 0.0, 0.0, 0.0, 0.0, 0.0, 0.0, 0.0, 0.0, 0.0, 0.0, 0.0, 0.0, 0.0, 0.0, 0.0, 0.0, 0.0, 0.0, 0.0, 0.0, 0.8454943851518956, 0.0, 0.0, 0.0, 0.0, 0.0, 0.0, 0.0, 0.0, 0.0, 0.0, 0.0, 0.0, 0.0, 0.0, 0.0, 0.0, 0.0, 0.0, 0.0, 0.0, 0.0, 0.0, 0.0, 0.0], [0.0, 0.0, 0.0, 0.0, 0.0, 0.0, 0.0, 0.0, 0.0, 0.0, 0.0, 0.0, 0.0, 0.0, 0.0, 0.0, 0.0, 0.0, 0.0, 0.0, 0.0, 0.0, 0.0, 0.0, 0.957251486913412, 0.0, 0.0, 0.0, 0.0, 0.0, 0.0, 0.0, 0.0, 0.0, 0.0, 0.0, 0.0, 0.0, 0.0, 0.0, 0.0, 0.0, 0.0, 0.0, 0.0, 0.0, 0.0], [0.0, 0.0, 0.0, 0.0, 0.0, 0.0, 0.0, 0.0, 0.0, 0.0, 0.0, 0.0, 0.0, 0.0, 0.0, 0.0, 0.0, 0.0, 0.0, 0.0, 0.0, 0.0, 0.0, 0.0, 0.0, 0.0, 0.9652628426387118, 0.0, 0.0, 0.0, 0.0, 0.0, 0.0, 0.0, 0.0, 0.0, 0.0, 0.0, 0.0, 0.0, 0.0, 0.0, 0.0, 0.0, 0.0, 0.0, 0.0], [0.0, 0.0, 0.0, 0.0, 0.0, 0.0, 0.0, 0.0, 0.0, 0.0, 0.0, 0.0, 0.0, 0.0, 0.0, 0.0, 0.0, 0.0, 0.0, 0.0, 0.0, 0.0, 0.0, 0.0, 0.0, 0.0, 0.9652589698176305, 0.0, 0.0, 0.0, 0.0, 0.0, 0.0, 0.0, 0.0, 0.0, 0.0, 0.0, 0.0, 0.0, 0.0, 0.0, 0.0, 0.0, 0.0, 0.0, 0.0], [0.0, 0.0, 0.0, 0.0, 0.0, 0.0, 0.0, 0.0, 0.0, 0.0, 0.0, 0.0, 0.0, 0.0, 0.0, 0.0, 0.0, 0.0, 0.0, 0.0, 0.0, 0.0, 0.0, 0.0, 0.0, 0.0, 0.9837710299547047, 0.0, 0.0, 0.0, 0.0, 0.0, 0.0, 0.0, 0.0, 0.0, 0.0, 0.0, 0.0, 0.0, 0.0, 0.0, 0.0, 0.0, 0.0, 0.0, 0.0]], "Born radii": [], "Atomic SASAs": [], "Solvent H bonds": [], "Total SASA": NaN, "Total FOD": 0.0, "FOD": [0.0, 0.0, 0.0, 0.0, 0.0, 0.0, 0.0, 0.0, 0.0, 0.0, 0.0, 0.0, 0.0, 0.0, 0.0, 0.0, 0.0, 0.0, 0.0, 0.0, 0.0, 0.0, 0.0, 0.0, 0.0, 0.0, 0.0, 0.0, 0.0, 0.0, 0.0, 0.0, 0.0, 0.0, 0.0, 0.0, 0.0, 0.0, 0.0, 0.0, 0.0, 0.0, 0.0, 0.0, 0.0, 0.0, 0.0], "FOD s proportion": [0.0, 0.0, 0.0, 0.0, 0.0, 0.0, 0.0, 0.0, 0.0, 0.0, 0.0, 0.0, 0.0, 0.0, 0.0, 0.0, 0.0, 0.0, 0.0, 0.0, 0.0, 0.0, 0.0, 0.0, 0.0, 0.0, 0.0, 0.0, 0.0, 0.0, 0.0, 0.0, 0.0, 0.0, 0.0, 0.0, 0.0, 0.0, 0.0, 0.0, 0.0, 0.0, 0.0, 0.0, 0.0, 0.0, 0.0], "FOD p proportion": [0.0, 0.0, 0.0, 0.0, 0.0, 0.0, 0.0, 0.0, 0.0, 0.0, 0.0, 0.0, 0.0, 0.0, 0.0, 0.0, 0.0, 0.0, 0.0, 0.0, 0.0, 0.0, 0.0, 0.0, 0.0, 0.0, 0.0, 0.0, 0.0, 0.0, 0.0, 0.0, 0.0, 0.0, 0.0, 0.0, 0.0, 0.0, 0.0, 0.0, 0.0, 0.0, 0.0, 0.0, 0.0, 0.0, 0.0], "FOD d proportion": [0.0, 0.0, 0.0, 0.0, 0.0, 0.0, 0.0, 0.0, 0.0, 0.0, 0.0, 0.0, 0.0, 0.0, 0.0, 0.0, 0.0, 0.0, 0.0, 0.0, 0.0, 0.0, 0.0, 0.0, 0.0, 0.0, 0.0, 0.0, 0.0, 0.0, 0.0, 0.0, 0.0, 0.0, 0.0, 0.0, 0.0, 0.0, 0.0, 0.0, 0.0, 0.0, 0.0, 0.0, 0.0, 0.0, 0.0], "coordinates": [["-5.73650", "-1.21440", "0.25950"], ["-4.29520", "-0.85570", "0.02590"], ["-3.88250", "0.47240", "0.18500"], ["-2.55110", "0.85600", "-0.01490"], ["-2.25120", "2.21800", "0.18720"], ["-1.01730", "2.59900", "0.06610"], ["-0.64230", "4.04140", "0.28250"], ["-1.41140", "4.86420", "0.74930"], ["0.65640", "4.31510", "-0.02840"], ["1.62600", "3.35820", "0.00500"], ["2.76930", "3.66130", "0.33170"], ["1.31220", "2.06740", "-0.30570"], ["0.08660", "1.63760", "-0.29620"], ["-0.24900", "0.32490", "-0.59920"], ["0.80290", "-0.60950", "-1.04730"], ["1.55380", "-1.22840", "0.15520"], ["1.00450", "-2.53830", "0.41120"], ["3.06250", "-1.40940", "-0.09470"], ["3.22260", "-2.15840", "-1.31730"], ["3.88240", "-0.11370", "-0.18720"], ["5.21300", "-0.48290", "-0.61490"], ["3.99590", "0.62860", "1.14640"], ["4.80330", "1.79190", "0.95160"], ["-1.57860", "-0.10050", "-0.39630"], ["-2.00330", "-1.43130", "-0.53950"], ["-3.34230", "-1.82090", "-0.33470"], ["-3.72010", "-3.26880", "-0.50030"], ["-6.16720", "-1.66710", "-0.63920"], ["-6.33710", "-0.33080", "0.50090"], ["-5.82290", "-1.91240", "1.09810"], ["-4.60130", "1.23700", "0.47470"], ["0.96770", "5.23130", "0.26100"], ["0.39890", "-1.38350", "-1.70940"], ["1.49360", "-0.04790", "-1.68650"], ["1.39440", "-0.64650", "1.06830"], ["1.41860", "-3.13190", "-0.24840"], ["3.48670", "-2.05180", "0.68750"], ["4.17760", "-2.06460", "-1.53080"], ["3.50990", "0.54830", "-0.97360"], ["5.76780", "0.29860", "-0.40440"], ["4.51100", "0.00830", "1.88690"], ["3.02840", "0.92860", "1.55590"], ["4.20120", "2.52060", "0.68130"], ["-1.29400", "-2.21240", "-0.79650"], ["-4.46640", "-3.37820", "-1.29350"], ["-4.12140", "-3.66630", "0.43730"], ["-2.85610", "-3.88320", "-0.77480"]], "bond_dist": [[0.0, 1.503522643660547, 2.507620483645801, 3.809018860546637, 4.892229873994067, 6.07044246822256, 7.31948333422517, 7.476347504630854, 8.457388903792943, 8.67063130688879, 9.804401918016215, 7.795757434014991, 6.50777996708555, 5.763633092937128, 6.696072177777059, 7.29105949639694, 6.871448544521017, 8.808284943165724, 9.14564962427492, 9.691971862835757, 11.008688289710088, 9.944991220207285, 10.981995544526505, 4.354190999485439, 3.8239023065449778, 2.5402971341951326, 2.977200759102416, 1.094578215569815, 1.0953279326302237, 1.0944948241083647, 2.7100465014460546, 9.300180018687811, 6.44579670638161, 7.577729492400742, 7.199055678351155, 7.424973041701903, 9.271021572620787, 10.110261764168127, 9.493342923333172, 11.62234273715932, 10.447711821255409, 9.115732223469491, 10.62478336390912, 4.674071699278906, 2.9507615034089087, 2.941423883087917, 4.060661779808804], [1.503522643660547, 0.0, 1.3998155985700405, 2.4440675808986954, 3.694805188369206, 4.762477983151209, 6.114827093221852, 6.446461510782485, 7.1595016369856355, 7.267599291375386, 8.390706936247984, 6.332251331872418, 5.051778354203597, 4.2610210994549185, 5.215649172442487, 5.862288356947311, 5.573725768281034, 7.379490317088302, 7.747162730316178, 8.213958690546233, 9.537057812554142, 8.497117508308332, 9.520998293246356, 2.8510516375541153, 2.429773267200049, 1.4034464043917034, 2.5358781634771024, 2.145952462194818, 2.1611341050476254, 2.144783210490048, 2.1620619648844484, 8.050152633335594, 5.032336807090719, 6.090571405048955, 5.788083496287869, 6.1566092429193535, 7.901033943731669, 8.6990283330956, 7.993109673962945, 10.138122882466952, 9.042066989355918, 7.691537131809221, 9.16612043396769, 3.3947279846844873, 2.8518646619361165, 2.845861690244275, 3.4464308421902214], [2.507620483645801, 1.3998155985700405, 0.0, 1.3999053289419252, 2.389197331741353, 3.5701450684811116, 4.821427515788244, 5.070766898606166, 5.9509239669147185, 6.2212389352925515, 7.37814660602512, 5.4561634487980655, 4.164492680987685, 3.7200871145713776, 4.964075347937418, 5.696223869371709, 5.744410320476768, 7.200863026748947, 7.724018380350994, 7.7958782738059735, 9.180444343821273, 7.938379869973469, 8.81883651339563, 2.4441929772421815, 2.771347430402763, 2.4127016019392036, 3.8069130919946153, 3.236760723315828, 2.601919331954779, 3.207206698982777, 1.0886747402231765, 6.795391471431207, 5.036219031178052, 5.716264125283225, 5.466061626985192, 6.424988347071145, 7.805715888373084, 8.622386598268486, 7.48302696306782, 9.669844305365004, 8.576869747757627, 7.060313311744742, 8.353899844982582, 3.856400593818023, 4.16581586486969, 4.153259706543765, 4.576676125748905], [3.809018860546637, 2.4440675808986954, 1.3999053289419252, 0.0, 1.409194244949929, 2.3231772295716056, 3.7254177430188955, 4.236577034588183, 4.717373348591354, 4.8692468883801725, 6.024657318885447, 4.0592045390692, 2.765409470584781, 2.4337498043143215, 3.803006180641835, 4.606936224867889, 4.934077934123052, 6.053999517674245, 6.642173199337698, 6.508450478416503, 7.901512641260533, 6.653084807065065, 7.47644503892057, 1.416373700687781, 2.4097782657331774, 2.8096375371211137, 4.314643577400108, 4.453309253802166, 4.001042349188522, 4.428033739708856, 2.1420058823448644, 5.62150552254465, 4.072982997754839, 4.468879038416681, 4.35864643438763, 5.631730351321874, 6.738226431339333, 7.4902110023683575, 6.144062660813283, 8.346646165975887, 7.362655427221894, 5.796852909122328, 6.989216185667746, 3.4067987216740585, 4.819921336495026, 4.80848460744131, 4.809416768174703], [4.892229873994067, 3.694805188369206, 2.389197331741353, 1.409194244949929, 0.0, 1.2970487346279629, 2.4336040885895964, 2.8325950804871494, 3.591441149455188, 4.04548300206539, 5.225841117944555, 3.6004791806091587, 2.456796401820875, 2.8654942697552195, 4.341229469862196, 5.133879815500164, 5.7682014683955, 6.439946122445435, 7.167906503994036, 6.572522286763278, 7.978252118102059, 6.517094092461762, 7.108575020353938, 2.483607307929335, 3.7292006904965573, 4.21611100778905, 5.721476881015951, 5.5778127406717415, 4.825905919099543, 5.535971808092956, 2.562808471189371, 4.409845863519495, 4.8570488797211, 4.761153383372562, 4.719332243019133, 6.50220035141951, 7.169727229121063, 7.913384623534989, 6.109470348565414, 8.266707199362996, 7.314308102616405, 5.6044685930068345, 6.47836146953842, 4.638139895475341, 6.198147946766033, 6.179416197344212, 6.206125155844024], [6.07044246822256, 4.762477983151209, 3.5701450684811116, 2.3231772295716056, 1.2970487346279629, 0.0, 1.505978658547325, 2.3985846013847416, 2.399000031263026, 2.750845822651644, 3.9417463401391015, 2.4181406183264036, 1.5080273406009588, 2.4908712913356243, 3.853214223216768, 4.611668329357609, 5.531601986766582, 5.721703875595102, 6.5209970349632895, 5.606243151166385, 6.984161130730017, 5.493787262899793, 5.942634518460647, 2.795741708384378, 4.1931212062138155, 5.010167826530365, 6.485137904470498, 6.724472270000079, 6.088764334411376, 6.6716973342621, 3.855781886984792, 3.302607197351813, 4.584575110083812, 4.047506044467383, 4.165809882843911, 6.235040807404552, 6.504006042432617, 7.161441236231713, 5.077586672820072, 7.179888050659286, 6.370960682660034, 4.623573151795049, 5.255222150394787, 4.895938276775966, 7.033613780269713, 7.001943325963157, 6.79022938419609], [7.31948333422517, 6.114827093221852, 4.821427515788244, 3.7254177430188955, 2.4336040885895964, 1.505978658547325, 0.0, 1.219186979097136, 1.3631552332731587, 2.3851526953216227, 3.433061492312656, 2.839493879197488, 2.5776817763253868, 3.839850521830245, 5.048548493379062, 5.710503702826924, 6.783875442547572, 6.601442533264983, 7.478925864721484, 6.161037590373882, 7.453801401969334, 5.822922487033465, 5.929798008364197, 4.300321236838012, 5.698986777489487, 6.483633019380415, 7.970235424377376, 7.997563575864841, 7.182936616732742, 7.934201545209197, 4.855438311831384, 2.002104957288703, 5.872078257312312, 5.0161144624101235, 5.171270147652315, 7.4823389732088454, 7.371550192462912, 7.987661040630104, 5.56958702777863, 7.454513093421998, 6.737692176108967, 4.9784646117051, 5.092284981224047, 6.379574306331105, 8.494585391294859, 8.457939414538272, 8.295666271614355], [7.476347504630854, 6.446461510782485, 5.070766898606166, 4.236577034588183, 2.8325950804871494, 2.3985846013847416, 1.219186979097136, 0.0, 2.2764281100004014, 3.47099657879405, 4.370310133159888, 4.043898144117876, 3.7078324948681276, 4.875948164203553, 6.171894987765103, 6.801848323066312, 7.794093319302765, 7.751527215329893, 8.663815690560368, 7.3267208968269015, 8.621786091640177, 6.880180888610414, 6.935592885255017, 5.097901655583404, 6.4532682649956525, 7.042300250628341, 8.546185397591138, 8.197770768934687, 7.163256804694357, 8.09353453381154, 4.838124327670797, 2.4562809509500334, 6.953858430396754, 6.20490717497047, 6.192098927665804, 8.540604223355627, 8.475037395197734, 9.189344179537516, 6.768646165223885, 8.585839486619815, 7.742655896396275, 5.987601770325077, 6.082628027423674, 7.244414949462794, 9.02458944218517, 8.956052380932126, 8.995946068090895], [8.457388903792943, 7.1595016369856355, 5.9509239669147185, 4.717373348591354, 3.591441149455188, 2.399000031263026, 1.3631552332731587, 2.2764281100004014, 0.0, 1.362680200927569, 2.240864310930048, 2.3577795104716643, 2.750526336903539, 4.131253785474816, 5.031034150152432, 5.618667810967294, 6.87630084638536, 6.209960801003498, 7.081867543240271, 5.481474516952532, 6.642845008729317, 5.111036836102827, 4.952142753394737, 4.962670528052412, 6.352664028578877, 7.330342241669212, 8.768807277503594, 9.09512564179297, 8.412703938092674, 9.057156672488336, 6.113200349244249, 1.00999133164597, 5.946941164161623, 4.741937204350139, 5.134673256401034, 7.489135987548897, 7.0043219878871925, 7.440203444127048, 4.819195734767368, 6.511532708203193, 6.088911355078181, 4.427727717464117, 4.036026682270572, 6.8558219069634525, 9.329009740588763, 9.313806702417654, 8.950245365351723], [8.67063130688879, 7.267599291375386, 6.2212389352925515, 4.8692468883801725, 4.04548300206539, 2.750845822651644, 2.3851526953216227, 3.47099657879405, 1.362680200927569, 0.0, 1.227084915562081, 1.3642468874804148, 2.3282908237589224, 3.616848286837589, 4.186582399762365, 4.58962661226379, 5.9430609066372515, 4.980309438177511, 5.893257538068399, 4.145162410569699, 5.291965062242948, 3.790769859804206, 3.6666854978304317, 4.7321357271320945, 6.033871807554417, 7.1848784116364826, 8.529551119490405, 9.295299885963875, 8.79008529082625, 9.190223238855518, 6.59540543257198, 2.0018487705118986, 5.189283251085837, 3.8052883228475602, 4.149923799300415, 6.498355509665503, 5.761606611007037, 6.186768465038917, 3.521686411366009, 5.165584938804124, 4.80485198731449, 3.205459831287861, 2.791166510618813, 6.340377481664637, 9.175103540015229, 9.08642340527889, 8.551911038475552], [9.804401918016215, 8.390706936247984, 7.37814660602512, 6.024657318885447, 5.225841117944555, 3.9417463401391015, 3.433061492312656, 4.370310133159888, 2.240864310930048, 1.227084915562081, 0.0, 2.2516519224782505, 3.4185522359618847, 4.594374240307379, 4.89980638392988, 5.041602779870703, 6.446384990830132, 5.097036559609908, 6.065772001979632, 3.969744805399965, 4.903275934515618, 3.371283574545458, 2.8312697451850117, 5.79528753816409, 7.03358194378938, 8.237126948153707, 9.530520571826074, 10.449666292279385, 9.94444628976395, 10.27031652335993, 7.760375238994568, 2.3907448734651715, 5.93589861857495, 4.411202372369693, 4.581492159766292, 6.950429680242798, 5.768948605248621, 6.183700021023013, 3.455874050077636, 4.5651502439678815, 4.3355016929993235, 3.0055694535312276, 1.8638010247877859, 7.230739507132033, 10.225027617566615, 10.05915600883096, 9.475703016663198], [7.795757434014991, 6.332251331872418, 5.4561634487980655, 4.0592045390692, 3.6004791806091587, 2.4181406183264036, 2.839493879197488, 4.043898144117876, 2.3577795104716643, 1.3642468874804148, 2.2516519224782505, 0.0, 1.2988123998484153, 2.357921529652758, 2.8240309240516472, 3.3366295883720745, 4.671305747861084, 3.8982315644404704, 4.746614410292877, 3.373005707080852, 4.67074676791624, 3.373571629593775, 3.7208174841021164, 3.614515653583478, 4.825775003043553, 6.064988717219514, 7.337366209342424, 8.366548682700651, 8.056907427170799, 8.289699300336533, 6.022297781578058, 3.232660258981757, 3.8357791112106545, 2.5325893251769025, 3.0430060877362703, 5.200704254233266, 4.762636363402103, 5.175404445065139, 2.7538410466110785, 4.794868766713017, 4.3908665443167365, 2.776285727370294, 3.08640247537485, 5.034863565182278, 8.001407761138037, 7.93419016976528, 7.280413453918672], [6.50777996708555, 5.051778354203597, 4.164492680987685, 2.765409470584781, 2.456796401820875, 1.5080273406009588, 2.5776817763253868, 3.7078324948681276, 2.750526336903539, 2.3282908237589224, 3.4185522359618847, 1.2988123998484153, 0.0, 1.3883867076574883, 2.4752162147982144, 3.251214203955193, 4.333716185907887, 4.26389