{"total energy": -71.15299459, "HOMO-LUMO gap/eV": 2.14128709, "electronic energy": -72.01392456, "dipole": [-2.60280052, -0.13045091, -0.29140528], "partial charges": [-0.11361493, 0.04089965, -0.0712959, 0.00017398, -0.03886051, -0.03631011, -0.03460945, -0.04965247, 0.04801423, -0.07350856, -0.12557829, 0.26132119, -0.41119782, -0.01090987, -0.03174595, -0.03535088, 0.10196079, -0.11227994, -0.09274207, -0.02145823, 1.15181822, -0.45623032, -0.57692939, -0.57551654, 0.04249677, 0.0444589, 0.06713561, 0.04433412, 0.04331201, 0.05506166, 0.0363033, 0.03526949, 0.03654914, 0.03308762, 0.17078847, 0.06228901, 0.08152745, 0.09882441, 0.20675409, 0.20541112], "atomic dipole moments": [[-0.00085798, -0.05771659, -0.11448271], [-0.03582807, 0.1254105, -0.08785875], [0.06774831, 0.05827987, -0.00704377], [0.01868599, -0.04310422, 0.07155341], [-0.00094707, -0.00329638, 0.00241797], [0.0058772, -0.0047273, 0.00959341], [0.00801966, -0.00233172, 0.0079154], [0.0007094, -0.01031334, 0.01087675], [0.1217199, -0.05238972, 0.094005], [0.00952597, -0.22015026, -0.16147804], [-0.04336684, 0.10652846, 0.06296946], [-0.05076734, -0.00700771, -0.00645536], [-0.02815263, -0.0065776, -0.19650286], [-0.01331017, 0.01207057, 0.04503971], [0.01744143, 0.00621541, 0.01588056], [0.06332421, 0.0304528, 0.03603115], [0.21027907, -0.00183568, -0.09770842], [0.18494313, 0.09267436, 0.13096594], [0.15657055, 0.04050736, 0.01786539], [0.0440131, -0.01493509, -0.04444834], [-0.10330329, -0.00940198, 0.03547725], [0.16190489, -0.01779853, -0.10854384], [-0.03414169, -0.14812694, 0.11256208], [-0.09940121, 0.1567234, -0.03061674], [-0.04853737, -0.08130482, 0.08543875], [-0.07372795, 0.10568142, 0.00496049], [0.11658963, 0.03860602, 0.0465919], [0.07109184, -0.11484335, 0.01741832], [0.0148514, -0.11286104, -0.06360525], [-0.09819183, -0.0038451, 0.09698984], [-0.12740931, -0.08383938, 0.02061295], [-0.12646503, 0.02996608, -0.0786074], [-0.00324797, 0.11432884, -0.10093143], [0.12241692, 0.08935011, -0.01934203], [-0.00818539, 0.03807032, -0.13972869], [-0.13013547, -0.06082599, -0.04905691], [-0.02002072, -0.07136534, -0.13588034], [0.0091625, 0.06816681, 0.14381352], [0.0719025, -0.07114815, 0.06371375], [0.03471616, 0.11191922, -0.02201088]], "atomic quadrupole moments": [[-0.1270676, -0.00537467, -0.06126067, -0.04149722, 0.13396387, 0.18832827], [-0.03429641, 0.14210151, -0.10107185, -0.00611083, -0.09813208, 0.13536826], [0.06988147, 0.04937525, -0.04409014, 0.17235882, -0.13999883, -0.02579134], [-0.27091056, -0.13493845, 0.11486177, -0.13455185, 0.16313565, 0.15604879], [-0.18955048, -0.16579534, 0.05583131, -0.16210646, 0.34792303, 0.13371917], [-0.19999428, -0.15814884, 0.06019456, -0.15627469, 0.35089273, 0.13979972], [-0.20007879, -0.15714004, 0.054424, -0.1584117, 0.35556212, 0.14565479], [-0.19480746, -0.13955321, 0.06328071, -0.16872509, 0.32245522, 0.13152675], [-0.0578452, -0.2074021, -0.04303224, -0.00010669, 0.23346345, 0.10087744], [0.09240844, -0.0645432, -0.08577769, -0.10036767, -0.03845853, -0.00663074], [0.08163378, -0.04950376, -0.03056234, -0.09627762, 0.0462256, -0.05107143], [-0.19613681, 0.10030964, 0.46484355, -0.01333483, -0.01416144, -0.26870674], [-0.11736923, 0.04971698, 0.18525067, -0.00204357, -0.01225539, -0.06788145], [-0.17506709, -0.15150655, 0.22264264, -0.03749313, -0.26483203, -0.04757555], [-0.23888284, -0.16818527, 0.33685625, 0.05568833, -0.3113688, -0.09797342], [-0.19907392, -0.12561704, 0.33918925, 0.06459455, -0.30347821, -0.14011533], [-0.06557323, -0.17972657, 0.16314995, -0.20725735, -0.23751154, -0.09757672], [0.14063612, -0.081921, -0.18767403, -0.32535168, 0.04083481, 0.04703791], [0.07340274, 0.0573055, 0.21091713, 0.2256556, -0.22946537, -0.28431987], [-0.19648758, -0.13750367, 0.36385995, 0.04644267, -0.33637848, -0.16737236], [0.07189622, 0.09976801, -0.27121596, -0.02434555, 0.28828678, 0.19931975], [-0.12442709, -0.01613142, -0.06083122, -0.03433197, 0.13733238, 0.1852583], [-0.07874193, 0.05426083, 0.06668715, -0.03317074, -0.1120023, 0.01205478], [-0.00381928, -0.12151913, 0.07796601, 0.02901894, -0.02249499, -0.07414673], [-0.03171392, 0.03791814, 0.02582387, -0.03072462, -0.04733017, 0.00589005], [0.00031393, -0.06245304, 0.03247534, 0.0152969, -0.0104473, -0.03278926], [0.06439417, 0.02376176, -0.03484407, 0.02399242, 0.01592886, -0.0295501], [0.00917205, -0.01786593, -0.00520823, 0.00564866, 0.02002149, -0.00396382], [-0.01620997, -0.01002877, 0.03601528, 0.01213882, 0.03465442, -0.01980532], [0.00682252, 0.008766, -0.03483349, -0.03345864, 0.00414631, 0.02801097], [0.0193034, 0.01782099, -0.00545293, 0.01930405, -0.04411464, -0.01385046], [0.02180129, 0.02199151, -0.00476889, 0.01785626, -0.04825193, -0.0170324], [0.03146076, 0.02074832, -0.01157237, 0.0221915, -0.04278209, -0.0198884], [0.02794095, 0.01682569, -0.0113095, 0.01805877, -0.04226552, -0.01663145], [0.02939847, -0.01493519, -0.05425145, -0.00266102, -0.00202469, 0.02485298], [0.03493191, 0.01193759, -0.04867578, -0.01555377, 0.03651403, 0.01374387], [0.03273014, 0.014201, -0.0443086, -0.0156911, 0.03199766, 0.01157845], [0.04138282, 0.01655358, -0.03980848, -0.00324098, 0.02755211, -0.00157434], [-0.05099113, -0.02744164, -0.01806359, 0.06113523, -0.04109008, 0.06905472], [-0.07494704, 0.0192294, 0.10259236, 0.01325365, 0.03379679, -0.02764532]], "number of molecular orbitals": 122, "number of electrons": 126, "number of unpaired electrons": 0, "orbital energies/eV": [-28.95700573, -21.31168843, -19.27760647, -18.89003941, -18.80251581, -18.40126091, -18.33949478, -18.18734643, -17.9069215, -17.85102142, -17.66701168, -17.53808673, -17.24316312, -17.11540718, -16.97460525, -16.77541714, -16.61487636, -16.56059322, -16.3849882, -16.23176471, -15.80890444, -15.71684517, -15.60598049, -15.34158616, -15.12390374, -15.08944403, -14.99534644, -14.83787961, -14.61980325, -14.46187574, -14.45616922, -14.34450182, -14.26041521, -14.18697213, -14.10523669, -14.08603907, -13.94400347, -13.92042257, -13.58358256, -13.37325985, -13.31085599, -13.20433627, -13.15613937, -13.08094139, -12.89200411, -12.7418857, -12.73446248, -12.55173791, -12.53805959, -12.27406937, -12.25053111, -12.16363783, -12.08616014, -11.93494418, -11.93054845, -11.89427842, -11.64279052, -11.59244219, -11.44802892, -11.41693654, -11.19124176, -11.00352396, -9.98434462, -7.84305753, -7.52252395, -6.49026776, -6.45963874, -5.88008631, -4.39981367, -3.86323677, -3.57473587, -3.24914915, -3.17233644, -1.78059764, -1.54078421, -0.36994601, -0.01277656, 0.18388649, 0.19117229, 0.5199669, 0.60703125, 0.7202301, 1.60039496, 1.68458792, 2.33726372, 2.56171142, 2.72211628, 2.85554128, 3.02456023, 3.21468585, 3.40187326, 3.69741337, 3.73653196, 3.90609694, 4.02759364, 4.4616425, 4.56689036, 4.67577978, 4.71019754, 4.99826882, 5.35295558, 6.27779225, 6.37973858, 6.62875633, 6.82208181, 7.66716748, 8.79093184, 8.90701366, 9.5851278, 9.86139995, 10.57831739, 10.6359387, 11.5330064, 12.0460301, 14.0792334, 14.62514357, 15.85591644, 16.20995844, 16.92637959, 17.38863315, 27.15406332, 30.88971683], "fractional occupation": [2.0, 2.0, 2.0, 2.0, 2.0, 2.0, 2.0, 2.0, 2.0, 2.0, 2.0, 2.0, 2.0, 2.0, 2.0, 2.0, 2.0, 2.0, 2.0, 2.0, 2.0, 2.0, 2.0, 2.0, 2.0, 2.0, 2.0, 2.0, 2.0, 2.0, 2.0, 2.0, 2.0, 2.0, 2.0, 2.0, 2.0, 2.0, 2.0, 2.0, 2.0, 2.0, 2.0, 2.0, 2.0, 2.0, 2.0, 2.0, 2.0, 2.0, 2.0, 2.0, 2.0, 2.0, 2.0, 2.0, 2.0, 2.0, 2.0, 2.0, 2.0, 2.0, 2.0, 0.0, 0.0, 0.0, 0.0, 0.0, 0.0, 0.0, 0.0, 0.0, 0.0, 0.0, 0.0, 0.0, 0.0, 0.0, 0.0, 0.0, 0.0, 0.0, 0.0, 0.0, 0.0, 0.0, 0.0, 0.0, 0.0, 0.0, 0.0, 0.0, 0.0, 0.0, 0.0, 0.0, 0.0, 0.0, 0.0, 0.0, 0.0, 0.0, 0.0, 0.0, 0.0, 0.0, 0.0, 0.0, 0.0, 0.0, 0.0, 0.0, 0.0, 0.0, 0.0, 0.0, 0.0, 0.0, 0.0, 0.0, 0.0, 0.0], "program call": "xtb /home/svss/Project-DBcg-Debug/aqme2_20220329/End-to-End-workflows-final/example-3/QDESCP/mol_344_rdkit_conf_9/mol_344_rdkit_conf_9.xyz --pop --wbo --acc 0.2 --gfn 2 --chrg 0 --uhf 0 --etemp 300 --input /home/svss/Project-DBcg-Debug/aqme2_20220329/End-to-End-workflows-final/example-3/QDESCP/mol_344_rdkit_conf_9/mol_344_rdkit_conf_9_xtb.inp", "method": "GFN2-xTB", "xtb version": "6.3.3 (7355c4f)", "Dipole module/D": 6.665, "Total charge": 0, "Transition dipole module/D": NaN, "HOMO": -9.9843, "LUMO": -7.8431, "HOMO occupancy": 2.0, "LUMO occupancy": 0, "mulliken charges": [-0.09367, 0.11198, -0.06616, -0.01403, -0.03669, -0.03591, -0.03046, -0.05987, 0.10863, -0.16882, -0.22599, 0.45955, -0.53994, -0.03898, -0.02401, -0.04358, 0.11755, -0.03544, 0.05187, 0.00114, 0.52429, -0.391, -0.40309, -0.40017, 0.02894, 0.03038, 0.05443, 0.0401, 0.03927, 0.04279, 0.03456, 0.03271, 0.03321, 0.03541, 0.21911, 0.03883, 0.05044, 0.07376, 0.24015, 0.2387], "cm5 charges": [-0.2349, 0.10517, -0.16097, -0.0191, -0.08941, -0.09087, -0.08528, -0.10752, 0.16878, -0.34213, -0.50735, 0.56009, -0.58218, -0.03956, -0.07499, -0.095, 0.11535, -0.03485, 0.06551, -0.04355, 0.63815, -0.82128, -0.45072, -0.44784, 0.08075, 0.0848, 0.10997, 0.11176, 0.09583, 0.09909, 0.09066, 0.08798, 0.08852, 0.09459, 0.42446, 0.09824, 0.10689, 0.14051, 0.43085, 0.42953], "FUKUI+": [0.008, 0.004, 0.006, -0.018, -0.014, -0.021, -0.014, -0.01, -0.008, -0.009, -0.033, -0.027, -0.088, -0.045, -0.034, -0.014, -0.049, -0.112, -0.027, -0.013, -0.028, 0.001, -0.025, -0.026, -0.019, -0.012, -0.004, -0.005, -0.018, -0.025, -0.033, -0.035, -0.031, -0.017, -0.022, -0.05, -0.052, -0.042, -0.02, -0.02], "FUKUI-": [0.009, 0.006, 0.008, -0.027, -0.012, -0.031, -0.02, -0.013, -0.007, -0.101, -0.029, -0.009, -0.054, -0.003, -0.005, -0.009, -0.008, -0.095, -0.006, -0.006, -0.031, -0.02, -0.027, -0.028, -0.031, -0.019, -0.018, -0.035, -0.046, -0.042, -0.042, -0.047, -0.043, -0.03, -0.032, -0.012, -0.025, -0.013, -0.023, -0.022], "FUKUIrad": [0.009, 0.005, 0.007, -0.022, -0.013, -0.026, -0.017, -0.012, -0.008, -0.055, -0.031, -0.018, -0.071, -0.024, -0.02, -0.012, -0.028, -0.104, -0.017, -0.01, -0.03, -0.01, -0.026, -0.027, -0.025, -0.015, -0.011, -0.02, -0.032, -0.034, -0.038, -0.041, -0.037, -0.023, -0.027, -0.031, -0.038, -0.028, -0.022, -0.021], "s proportion": [1.015, 1.048, 1.034, 1.085, 1.057, 1.06, 1.06, 1.058, 1.056, 1.488, 1.424, 0.992, 1.728, 1.092, 1.068, 1.066, 1.086, 1.944, 1.078, 1.074, 1.705, 1.465, 1.722, 1.722, 0.971, 0.97, 0.946, 0.96, 0.961, 0.957, 0.965, 0.967, 0.967, 0.965, 0.781, 0.961, 0.95, 0.926, 0.76, 0.761], "p proportion": [3.078, 2.84, 3.032, 2.929, 2.98, 2.976, 2.97, 3.002, 2.835, 3.681, 3.802, 2.548, 4.811, 2.947, 2.956, 2.978, 2.797, 5.104, 2.87, 2.925, 2.808, 3.926, 4.681, 4.679, 0.0, 0.0, 0.0, 0.0, 0.0, 0.0, 0.0, 0.0, 0.0, 0.0, 0.0, 0.0, 0.0, 0.0, 0.0, 0.0], "d proportion": [0.0, 0.0, 0.0, 0.0, 0.0, 0.0, 0.0, 0.0, 0.0, 0.0, 0.0, 0.0, 0.0, 0.0, 0.0, 0.0, 0.0, -0.013, 0.0, 0.0, 0.963, 0.0, 0.0, 0.0, 0.0, 0.0, 0.0, 0.0, 0.0, 0.0, 0.0, 0.0, 0.0, 0.0, 0.0, 0.0, 0.0, 0.0, 0.0, 0.0], "Fermi-level/eV": -8.9137, "Coordination numbers": [3.751, 3.861, 3.832, 3.012, 2.909, 2.916, 2.914, 2.911, 2.995, 2.813, 2.767, 2.756, 0.858, 2.966, 2.911, 2.96, 2.917, 0.974, 2.978, 2.954, 3.708, 2.632, 0.86, 0.86, 0.924, 0.924, 0.924, 0.923, 0.924, 0.924, 0.925, 0.925, 0.925, 0.925, 0.86, 0.925, 0.925, 0.925, 0.863, 0.863], "Dispersion coefficient C6": [22.737, 19.849, 21.838, 28.006, 28.966, 28.903, 28.862, 29.233, 26.912, 22.664, 23.724, 22.596, 21.906, 28.285, 28.791, 28.878, 25.743, 102.658, 30.323, 28.54, 102.404, 31.988, 25.557, 25.523, 2.416, 2.39, 2.117, 2.392, 2.405, 2.258, 2.499, 2.513, 2.495, 2.543, 1.268, 2.172, 1.963, 1.796, 1.072, 1.078], "Total dispersion C6": 24192.809792, "Total dispersion C8": 635116.435117, "Polarizability alpha": [6.8, 6.336, 6.649, 8.681, 8.825, 8.816, 8.809, 8.866, 8.51, 7.071, 7.234, 7.784, 6.275, 8.724, 8.799, 8.814, 8.32, 15.501, 9.033, 8.762, 17.032, 8.4, 6.778, 6.774, 2.431, 2.418, 2.276, 2.419, 2.425, 2.35, 2.472, 2.479, 2.47, 2.494, 1.764, 2.305, 2.191, 2.096, 1.622, 1.627], "Total polarizability alpha": 243.428201, "Wiberg matrix": [[0.0, 1.0081186342770152, 0.0, 0.0, 0.0, 0.0, 0.0, 0.0, 0.0, 0.0, 0.0, 0.0, 0.0, 0.0, 0.0, 0.0, 0.0, 0.0, 0.0, 0.0, 0.0, 0.0, 0.0, 0.0, 0.983718760140768, 0.9860650727126824, 0.9817358788183378, 0.0, 0.0, 0.0, 0.0, 0.0, 0.0, 0.0, 0.0, 0.0, 0.0, 0.0, 0.0, 0.0], [1.0081186342770152, 0.0, 0.9850889070898001, 0.0, 0.0, 0.0, 0.0, 0.0, 0.0, 0.9557058858306569, 0.0, 0.0, 0.0, 0.0, 0.0, 0.0, 0.0, 0.0, 0.0, 0.0, 0.0, 0.0, 0.0, 0.0, 0.0, 0.0, 0.0, 0.9693463562475796, 0.0, 0.0, 0.0, 0.0, 0.0, 0.0, 0.0, 0.0, 0.0, 0.0, 0.0, 0.0], [0.0, 0.9850889070898001, 0.0, 1.016029606690845, 0.0, 0.0, 0.0, 0.0, 0.0, 0.0, 0.0, 0.0, 0.0, 0.0, 0.0, 0.0, 0.0, 0.0, 0.0, 0.0, 0.0, 0.0, 0.0, 0.0, 0.0, 0.0, 0.0, 0.0, 0.9616513822090659, 0.9644046533107707, 0.0, 0.0, 0.0, 0.0, 0.0, 0.0, 0.0, 0.0, 0.0, 0.0], [0.0, 0.0, 1.016029606690845, 0.0, 1.4346257124469712, 0.0, 0.10628645573913956, 0.0, 1.341804258588445, 0.0, 0.0, 0.0, 0.0, 0.0, 0.0, 0.0, 0.0, 0.0, 0.0, 0.0, 0.0, 0.0, 0.0, 0.0, 0.0, 0.0, 0.0, 0.0, 0.0, 0.0, 0.0, 0.0, 0.0, 0.0, 0.0, 0.0, 0.0, 0.0, 0.0, 0.0], [0.0, 0.0, 0.0, 1.4346257124469712, 0.0, 1.4261440374675538, 0.0, 0.1021352253508837, 0.0, 0.0, 0.0, 0.0, 0.0, 0.0, 0.0, 0.0, 0.0, 0.0, 0.0, 0.0, 0.0, 0.0, 0.0, 0.0, 0.0, 0.0, 0.0, 0.0, 0.0, 0.0, 0.969335733877035, 0.0, 0.0, 0.0, 0.0, 0.0, 0.0, 0.0, 0.0, 0.0], [0.0, 0.0, 0.0, 0.0, 1.4261440374675538, 0.0, 1.438862426142621, 0.0, 0.0, 0.0, 0.0, 0.0, 0.0, 0.0, 0.0, 0.0, 0.0, 0.0, 0.0, 0.0, 0.0, 0.0, 0.0, 0.0, 0.0, 0.0, 0.0, 0.0, 0.0, 0.0, 0.0, 0.9715577061914784, 0.0, 0.0, 0.0, 0.0, 0.0, 0.0, 0.0, 0.0], [0.0, 0.0, 0.0, 0.10628645573913956, 0.0, 1.438862426142621, 0.0, 1.4343422106666193, 0.0, 0.0, 0.0, 0.0, 0.0, 0.0, 0.0, 0.0, 0.0, 0.0, 0.0, 0.0, 0.0, 0.0, 0.0, 0.0, 0.0, 0.0, 0.0, 0.0, 0.0, 0.0, 0.0, 0.0, 0.9716030036057088, 0.0, 0.0, 0.0, 0.0, 0.0, 0.0, 0.0], [0.0, 0.0, 0.0, 0.0, 0.1021352253508837, 0.0, 1.4343422106666193, 0.0, 1.3968251773521103, 0.0, 0.0, 0.0, 0.0, 0.0, 0.0, 0.0, 0.0, 0.0, 0.0, 0.0, 0.0, 0.0, 0.0, 0.0, 0.0, 0.0, 0.0, 0.0, 0.0, 0.0, 0.0, 0.0, 0.0, 0.96842109438361, 0.0, 0.0, 0.0, 0.0, 0.0, 0.0], [0.0, 0.0, 0.0, 1.341804258588445, 0.0, 0.0, 0.0, 1.3968251773521103, 0.0, 1.0489250418434999, 0.0, 0.0, 0.0, 0.0, 0.0, 0.0, 0.0, 0.0, 0.0, 0.0, 0.0, 0.0, 0.0, 0.0, 0.0, 0.0, 0.0, 0.0, 0.0, 0.0, 0.0, 0.0, 0.0, 0.0, 0.0, 0.0, 0.0, 0.0, 0.0, 0.0], [0.0, 0.9557058858306569, 0.0, 0.0, 0.0, 0.0, 0.0, 0.0, 1.0489250418434999, 0.0, 0.983000537873317, 0.0, 0.0, 0.0, 0.0, 0.0, 0.0, 0.0, 0.0, 0.0, 0.0, 0.0, 0.0, 0.0, 0.0, 0.0, 0.0, 0.0, 0.0, 0.0, 0.0, 0.0, 0.0, 0.0, 0.0, 0.0, 0.0, 0.0, 0.0, 0.0], [0.0, 0.0, 0.0, 0.0, 0.0, 0.0, 0.0, 0.0, 0.0, 0.983000537873317, 0.0, 1.1949874899971387, 0.1946293778291405, 0.0, 0.0, 0.0, 0.0, 0.0, 0.0, 0.0, 0.0, 0.0, 0.0, 0.0, 0.0, 0.0, 0.0, 0.0, 0.0, 0.0, 0.0, 0.0, 0.0, 0.0, 0.9326967657354303, 0.0, 0.0, 0.0, 0.0, 0.0], [0.0, 0.0, 0.0, 0.0, 0.0, 0.0, 0.0, 0.0, 0.0, 0.0, 1.1949874899971387, 0.0, 1.6790945180859072, 0.9924140423710232, 0.0, 0.0, 0.0, 0.0, 0.0, 0.0, 0.0, 0.0, 0.0, 0.0, 0.0, 0.0, 0.0, 0.0, 0.0, 0.0, 0.0, 0.0, 0.0, 0.0, 0.0, 0.0, 0.0, 0.0, 0.0, 0.0], [0.0, 0.0, 0.0, 0.0, 0.0, 0.0, 0.0, 0.0, 0.0, 0.0, 0.1946293778291405, 1.6790945180859072, 0.0, 0.0, 0.0, 0.0, 0.0, 0.0, 0.0, 0.0, 0.0, 0.0, 0.0, 0.0, 0.0, 0.0, 0.0, 0.0, 0.0, 0.0, 0.0, 0.0, 0.0, 0.0, 0.0, 0.0, 0.0, 0.0, 0.0, 0.0], [0.0, 0.0, 0.0, 0.0, 0.0, 0.0, 0.0, 0.0, 0.0, 0.0, 0.0, 0.9924140423710232, 0.0, 0.0, 1.3839930900472437, 0.0, 0.0, 0.0, 0.0, 1.3929584398182717, 0.0, 0.0, 0.0, 0.0, 0.0, 0.0, 0.0, 0.0, 0.0, 0.0, 0.0, 0.0, 0.0, 0.0, 0.0, 0.0, 0.0, 0.0, 0.0, 0.0], [0.0, 0.0, 0.0, 0.0, 0.0, 0.0, 0.0, 0.0, 0.0, 0.0, 0.0, 0.0, 0.0, 1.3839930900472437, 0.0, 1.4554767305012954, 0.0, 0.0, 0.0, 0.0, 0.0, 0.0, 0.0, 0.0, 0.0, 0.0, 0.0, 0.0, 0.0, 0.0, 0.0, 0.0, 0.0, 0.0, 0.0, 0.9642430300697082, 0.0, 0.0, 0.0, 0.0], [0.0, 0.0, 0.0, 0.0, 0.0, 0.0, 0.0, 0.0, 0.0, 0.0, 0.0, 0.0, 0.0, 0.0, 1.4554767305012954, 0.0, 1.381593477311166, 0.0, 0.0, 0.10760566421836755, 0.0, 0.0, 0.0, 0.0, 0.0, 0.0, 0.0, 0.0, 0.0, 0.0, 0.0, 0.0, 0.0, 0.0, 0.0, 0.0, 0.9636447394665211, 0.0, 0.0, 0.0], [0.0, 0.0, 0.0, 0.0, 0.0, 0.0, 0.0, 0.0, 0.0, 0.0, 0.0, 0.0, 0.0, 0.0, 0.0, 1.381593477311166, 0.0, 1.0131622475697484, 1.3821345532943894, 0.0, 0.0, 0.0, 0.0, 0.0, 0.0, 0.0, 0.0, 0.0, 0.0, 0.0, 0.0, 0.0, 0.0, 0.0, 0.0, 0.0, 0.0, 0.0, 0.0, 0.0], [0.0, 0.0, 0.0, 0.0, 0.0, 0.0, 0.0, 0.0, 0.0, 0.0, 0.0, 0.0, 0.0, 0.0, 0.0, 0.0, 1.0131622475697484, 0.0, 0.0, 0.0, 0.0, 0.0, 0.0, 0.0, 0.0, 0.0, 0.0, 0.0, 0.0, 0.0, 0.0, 0.0, 0.0, 0.0, 0.0, 0.0, 0.0, 0.0, 0.0, 0.0], [0.0, 0.0, 0.0, 0.0, 0.0, 0.0, 0.0, 0.0, 0.0, 0.0, 0.0, 0.0, 0.0, 0.0, 0.0, 0.0, 1.3821345532943894, 0.0, 0.0, 1.4204200798937936, 0.7614754734729956, 0.0, 0.0, 0.0, 0.0, 0.0, 0.0, 0.0, 0.0, 0.0, 0.0, 0.0, 0.0, 0.0, 0.0, 0.0, 0.0, 0.0, 0.0, 0.0], [0.0, 0.0, 0.0, 0.0, 0.0, 0.0, 0.0, 0.0, 0.0, 0.0, 0.0, 0.0, 0.0, 1.3929584398182717, 0.0, 0.10760566421836755, 0.0, 0.0, 1.4204200798937936, 0.0, 0.0, 0.0, 0.0, 0.0, 0.0, 0.0, 0.0, 0.0, 0.0, 0.0, 0.0, 0.0, 0.0, 0.0, 0.0, 0.0, 0.0, 0.9542311008000378, 0.0, 0.0], [0.0, 0.0, 0.0, 0.0, 0.0, 0.0, 0.0, 0.0, 0.0, 0.0, 0.0, 0.0, 0.0, 0.0, 0.0, 0.0, 0.0, 0.0, 0.7614754734729956, 0.0, 0.0, 0.9465432716517531, 1.5999662255318412, 1.60134082673476, 0.0, 0.0, 0.0, 0.0, 0.0, 0.0, 0.0, 0.0, 0.0, 0.0, 0.0, 0.0, 0.0, 0.0, 0.0, 0.0], [0.0, 0.0, 0.0, 0.0, 0.0, 0.0, 0.0, 0.0, 0.0, 0.0, 0.0, 0.0, 0.0, 0.0, 0.0, 0.0, 0.0, 0.0, 0.0, 0.0, 0.9465432716517531, 0.0, 0.0, 0.0, 0.0, 0.0, 0.0, 0.0, 0.0, 0.0, 0.0, 0.0, 0.0, 0.0, 0.0, 0.0, 0.0, 0.0, 0.9398989823882686, 0.9403225446614882], [0.0, 0.0, 0.0, 0.0, 0.0, 0.0, 0.0, 0.0, 0.0, 0.0, 0.0, 0.0, 0.0, 0.0, 0.0, 0.0, 0.0, 0.0, 0.0, 0.0, 1.5999662255318412, 0.0, 0.0, 0.11702441944746575, 0.0, 0.0, 0.0, 0.0, 0.0, 0.0, 0.0, 0.0, 0.0, 0.0, 0.0, 0.0, 0.0, 0.0, 0.0, 0.0], [0.0, 0.0, 0.0, 0.0, 0.0, 0.0, 0.0, 0.0, 0.0, 0.0, 0.0, 0.0, 0.0, 0.0, 0.0, 0.0, 0.0, 0.0, 0.0, 0.0, 1.60134082673476, 0.0, 0.11702441944746575, 0.0, 0.0, 0.0, 0.0, 0.0, 0.0, 0.0, 0.0, 0.0, 0.0, 0.0, 0.0, 0.0, 0.0, 0.0, 0.0, 0.0], [0.983718760140768, 0.0, 0.0, 0.0, 0.0, 0.0, 0.0, 0.0, 0.0, 0.0, 0.0, 0.0, 0.0, 0.0, 0.0, 0.0, 0.0, 0.0, 0.0, 0.0, 0.0, 0.0, 0.0, 0.0, 0.0, 0.0, 0.0, 0.0, 0.0, 0.0, 0.0, 0.0, 0.0, 0.0, 0.0, 0.0, 0.0, 0.0, 0.0, 0.0], [0.9860650727126824, 0.0, 0.0, 0.0, 0.0, 0.0, 0.0, 0.0, 0.0, 0.0, 0.0, 0.0, 0.0, 0.0, 0.0, 0.0, 0.0, 0.0, 0.0, 0.0, 0.0, 0.0, 0.0, 0.0, 0.0, 0.0, 0.0, 0.0, 0.0, 0.0, 0.0, 0.0, 0.0, 0.0, 0.0, 0.0, 0.0, 0.0, 0.0, 0.0], [0.9817358788183378, 0.0, 0.0, 0.0, 0.0, 0.0, 0.0, 0.0, 0.0, 0.0, 0.0, 0.0, 0.0, 0.0, 0.0, 0.0, 0.0, 0.0, 0.0, 0.0, 0.0, 0.0, 0.0, 0.0, 0.0, 0.0, 0.0, 0.0, 0.0, 0.0, 0.0, 0.0, 0.0, 0.0, 0.0, 0.0, 0.0, 0.0, 0.0, 0.0], [0.0, 0.9693463562475796, 0.0, 0.0, 0.0, 0.0, 0.0, 0.0, 0.0, 0.0, 0.0, 0.0, 0.0, 0.0, 0.0, 0.0, 0.0, 0.0, 0.0, 0.0, 0.0, 0.0, 0.0, 0.0, 0.0, 0.0, 0.0, 0.0, 0.0, 0.0, 0.0, 0.0, 0.0, 0.0, 0.0, 0.0, 0.0, 0.0, 0.0, 0.0], [0.0, 0.0, 0.9616513822090659, 0.0, 0.0, 0.0, 0.0, 0.0, 0.0, 0.0, 0.0, 0.0, 0.0, 0.0, 0.0, 0.0, 0.0, 0.0, 0.0, 0.0, 0.0, 0.0, 0.0, 0.0, 0.0, 0.0, 0.0, 0.0, 0.0, 0.0, 0.0, 0.0, 0.0, 0.0, 0.0, 0.0, 0.0, 0.0, 0.0, 0.0], [0.0, 0.0, 0.9644046533107707, 0.0, 0.0, 0.0, 0.0, 0.0, 0.0, 0.0, 0.0, 0.0, 0.0, 0.0, 0.0, 0.0, 0.0, 0.0, 0.0, 0.0, 0.0, 0.0, 0.0, 0.0, 0.0, 0.0, 0.0, 0.0, 0.0, 0.0, 0.0, 0.0, 0.0, 0.0, 0.0, 0.0, 0.0, 0.0, 0.0, 0.0], [0.0, 0.0, 0.0, 0.0, 0.969335733877035, 0.0, 0.0, 0.0, 0.0, 0.0, 0.0, 0.0, 0.0, 0.0, 0.0, 0.0, 0.0, 0.0, 0.0, 0.0, 0.0, 0.0, 0.0, 0.0, 0.0, 0.0, 0.0, 0.0, 0.0, 0.0, 0.0, 0.0, 0.0, 0.0, 0.0, 0.0, 0.0, 0.0, 0.0, 0.0], [0.0, 0.0, 0.0, 0.0, 0.0, 0.9715577061914784, 0.0, 0.0, 0.0, 0.0, 0.0, 0.0, 0.0, 0.0, 0.0, 0.0, 0.0, 0.0, 0.0, 0.0, 0.0, 0.0, 0.0, 0.0, 0.0, 0.0, 0.0, 0.0, 0.0, 0.0, 0.0, 0.0, 0.0, 0.0, 0.0, 0.0, 0.0, 0.0, 0.0, 0.0], [0.0, 0.0, 0.0, 0.0, 0.0, 0.0, 0.9716030036057088, 0.0, 0.0, 0.0, 0.0, 0.0, 0.0, 0.0, 0.0, 0.0, 0.0, 0.0, 0.0, 0.0, 0.0, 0.0, 0.0, 0.0, 0.0, 0.0, 0.0, 0.0, 0.0, 0.0, 0.0, 0.0, 0.0, 0.0, 0.0, 0.0, 0.0, 0.0, 0.0, 0.0], [0.0, 0.0, 0.0, 0.0, 0.0, 0.0, 0.0, 0.96842109438361, 0.0, 0.0, 0.0, 0.0, 0.0, 0.0, 0.0, 0.0, 0.0, 0.0, 0.0, 0.0, 0.0, 0.0, 0.0, 0.0, 0.0, 0.0, 0.0, 0.0, 0.0, 0.0, 0.0, 0.0, 0.0, 0.0, 0.0, 0.0, 0.0, 0.0, 0.0, 0.0], [0.0, 0.0, 0.0, 0.0, 0.0, 0.0, 0.0, 0.0, 0.0, 0.0, 0.9326967657354303, 0.0, 0.0, 0.0, 0.0, 0.0, 0.0, 0.0, 0.0, 0.0, 0.0, 0.0, 0.0, 0.0, 0.0, 0.0, 0.0, 0.0, 0.0, 0.0, 0.0, 0.0, 0.0, 0.0, 0.0, 0.0, 0.0, 0.0, 0.0, 0.0], [0.0, 0.0, 0.0, 0.0, 0.0, 0.0, 0.0, 0.0, 0.0, 0.0, 0.0, 0.0, 0.0, 0.0, 0.9642430300697082, 0.0, 0.0, 0.0, 0.0, 0.0, 0.0, 0.0, 0.0, 0.0, 0.0, 0.0, 0.0, 0.0, 0.0, 0.0, 0.0, 0.0, 0.0, 0.0, 0.0, 0.0, 0.0, 0.0, 0.0, 0.0], [0.0, 0.0, 0.0, 0.0, 0.0, 0.0, 0.0, 0.0, 0.0, 0.0, 0.0, 0.0, 0.0, 0.0, 0.0, 0.9636447394665211, 0.0, 0.0, 0.0, 0.0, 0.0, 0.0, 0.0, 0.0, 0.0, 0.0, 0.0, 0.0, 0.0, 0.0, 0.0, 0.0, 0.0, 0.0, 0.0, 0.0, 0.0, 0.0, 0.0, 0.0], [0.0, 0.0, 0.0, 0.0, 0.0, 0.0, 0.0, 0.0, 0.0, 0.0, 0.0, 0.0, 0.0, 0.0, 0.0, 0.0, 0.0, 0.0, 0.0, 0.9542311008000378, 0.0, 0.0, 0.0, 0.0, 0.0, 0.0, 0.0, 0.0, 0.0, 0.0, 0.0, 0.0, 0.0, 0.0, 0.0, 0.0, 0.0, 0.0, 0.0, 0.0], [0.0, 0.0, 0.0, 0.0, 0.0, 0.0, 0.0, 0.0, 0.0, 0.0, 0.0, 0.0, 0.0, 0.0, 0.0, 0.0, 0.0, 0.0, 0.0, 0.0, 0.0, 0.9398989823882686, 0.0, 0.0, 0.0, 0.0, 0.0, 0.0, 0.0, 0.0, 0.0, 0.0, 0.0, 0.0, 0.0, 0.0, 0.0, 0.0, 0.0, 0.0], [0.0, 0.0, 0.0, 0.0, 0.0, 0.0, 0.0, 0.0, 0.0, 0.0, 0.0, 0.0, 0.0, 0.0, 0.0, 0.0, 0.0, 0.0, 0.0, 0.0, 0.0, 0.9403225446614882, 0.0, 0.0, 0.0, 0.0, 0.0, 0.0, 0.0, 0.0, 0.0, 0.0, 0.0, 0.0, 0.0, 0.0, 0.0, 0.0, 0.0, 0.0]], "Born radii": [], "Atomic SASAs": [], "Solvent H bonds": [], "Total SASA": NaN, "Total FOD": 0.0, "FOD": [0.0, 0.0, 0.0, 0.0, 0.0, 0.0, 0.0, 0.0, 0.0, 0.0, 0.0, 0.0, 0.0, 0.0, 0.0, 0.0, 0.0, 0.0, 0.0, 0.0, 0.0, 0.0, 0.0, 0.0, 0.0, 0.0, 0.0, 0.0, 0.0, 0.0, 0.0, 0.0, 0.0, 0.0, 0.0, 0.0, 0.0, 0.0, 0.0, 0.0], "FOD s proportion": [0.0, 0.0, 0.0, 0.0, 0.0, 0.0, 0.0, 0.0, 0.0, 0.0, 0.0, 0.0, 0.0, 0.0, 0.0, 0.0, 0.0, 0.0, 0.0, 0.0, 0.0, 0.0, 0.0, 0.0, 0.0, 0.0, 0.0, 0.0, 0.0, 0.0, 0.0, 0.0, 0.0, 0.0, 0.0, 0.0, 0.0, 0.0, 0.0, 0.0], "FOD p proportion": [0.0, 0.0, 0.0, 0.0, 0.0, 0.0, 0.0, 0.0, 0.0, 0.0, 0.0, 0.0, 0.0, 0.0, 0.0, 0.0, 0.0, 0.0, 0.0, 0.0, 0.0, 0.0, 0.0, 0.0, 0.0, 0.0, 0.0, 0.0, 0.0, 0.0, 0.0, 0.0, 0.0, 0.0, 0.0, 0.0, 0.0, 0.0, 0.0, 0.0], "FOD d proportion": [0.0, 0.0, 0.0, 0.0, 0.0, 0.0, 0.0, 0.0, 0.0, 0.0, 0.0, 0.0, 0.0, 0.0, 0.0, 0.0, 0.0, 0.0, 0.0, 0.0, 0.0, 0.0, 0.0, 0.0, 0.0, 0.0, 0.0, 0.0, 0.0, 0.0, 0.0, 0.0, 0.0, 0.0, 0.0, 0.0, 0.0, 0.0, 0.0, 0.0], "coordinates": [["-2.30560", "-0.28780", "3.05410"], ["-2.19460", "-0.91540", "1.66170"], ["-3.58280", "-1.33360", "1.12180"], ["-3.86030", "-0.26080", "0.12820"], ["-5.02560", "-0.02000", "-0.58140"], ["-5.02680", "1.01770", "-1.51530"], ["-3.87270", "1.78650", "-1.72900"], ["-2.70270", "1.52420", "-1.01110"], ["-2.70730", "0.49290", "-0.08300"], ["-1.60990", "0.09880", "0.73290"], ["-0.52590", "-0.36860", "-0.05000"], ["0.71480", "-0.47200", "0.56180"], ["0.92050", "-0.42210", "1.77040"], ["1.87200", "-0.65170", "-0.36010"], ["1.74210", "-1.28250", "-1.60230"], ["2.86060", "-1.43350", "-2.42780"], ["4.11650", "-0.96570", "-2.02150"], ["5.42810", "-1.20130", "-3.11810"], ["4.24920", "-0.34910", "-0.77520"], ["3.13020", "-0.19570", "0.05680"], ["5.82790", "0.23380", "-0.25310"], ["5.56640", "0.89510", "1.27150"], ["6.19920", "1.35780", "-1.07940"], ["6.68660", "-0.90220", "-0.01790"], ["-2.72340", "-1.00420", "3.76890"], ["-2.94740", "0.60030", "3.04670"], ["-1.32110", "0.02110", "3.42070"], ["-1.55440", "-1.80360", "1.74430"], ["-3.51710", "-2.29900", "0.60810"], ["-4.34590", "-1.38700", "1.90390"], ["-5.91470", "-0.62140", "-0.42200"], ["-5.92970", "1.23380", "-2.08180"], ["-3.89220", "2.59790", "-2.45260"], ["-1.81710", "2.13330", "-1.15810"], ["-0.58890", "-0.15290", "-1.03920"], ["0.78980", "-1.68830", "-1.93470"], ["2.74790", "-1.92920", "-3.39070"], ["3.21850", "0.27850", "1.03270"], ["6.10130", "0.36980", "1.96570"], ["5.79420", "1.89070", "1.25380"]], "bond_dist": [[0.0, 1.5313329226526804, 2.5414013398123485, 3.3134139342979774, 4.548293865835848, 5.476191747008134, 5.443947879067176, 4.468431878187245, 3.257645129537593, 2.4538597127790336, 3.5790078988457124, 3.9202429886424133, 3.4747148645608323, 5.407543491272169, 6.249429121127785, 7.61928333506505, 8.213685663573935, 9.936833035731253, 7.591620329020676, 6.208076299466688, 8.795650098201952, 8.157530212631762, 9.598200073451272, 9.522307083895162, 1.0948629320604473, 1.0957570944328856, 1.0950137076767579, 2.1395156274259834, 3.39051230494744, 2.587281347283283, 5.021968038528321, 6.4673670206661376, 6.416253497174188, 4.882928045752876, 4.440761397553352, 6.035812029047956, 8.352694370680638, 5.909520662456474, 8.502530207532343, 8.578677192901013], [1.5313329226526804, 0.0, 1.5470883911399507, 2.3568368420406194, 3.721263195475429, 4.674565375518883, 4.648992332753411, 3.6542678623768126, 2.300032232382842, 1.4943711620611526, 2.4522371051755987, 3.141813477913671, 3.155789693563245, 4.549115132638435, 5.126993787786367, 6.5228433140770745, 7.307426054364149, 9.001876589911683, 6.9124334166775165, 5.607777379675481, 8.327522196307854, 7.978927703018745, 9.11794636362816, 9.038636171458613, 2.174352023017432, 2.186842319418572, 2.1758022658320773, 1.0979881784427372, 2.184817651429977, 2.215662223805786, 4.274036230543676, 5.708224321100214, 5.670325135298681, 4.169934049838199, 3.233348040344559, 4.736888296128589, 7.140227058714589, 5.5787713539810895, 8.40036379271755, 8.477116553404228], [2.5414013398123485, 1.5470883911399507, 0.0, 1.4883370082074825, 2.590001359073002, 3.816810723627778, 4.2362868953837385, 3.672990506385771, 2.356723475505771, 2.4688757319881454, 3.4130598954603775, 4.41874646477935, 4.640175115230028, 5.693492624040187, 5.981462365508957, 7.357108381014922, 8.324356178708358, 9.959446476084903, 8.118378732850545, 6.891546300359594, 9.638898653891948, 9.4179283507574, 10.381543208983912, 10.341450498358537, 2.802536552839231, 2.8015963984842642, 3.4979194087342838, 2.1732033521969365, 1.0955370098723274, 1.094008034705413, 2.8858802625888686, 4.728904241999408, 5.322476488440319, 4.5094385581799425, 3.8765204371962234, 5.346740605265978, 7.797124989379098, 6.990313791955265, 9.868917447217806, 9.916736534263679], [3.3134139342979774, 2.3568368420406194, 1.4883370082074825, 0.0, 1.3854388799221709, 2.386708350427425, 2.764196608419886, 2.4133518703247563, 1.3935846332390438, 2.3578113601388893, 3.3408979990415753, 4.600451544142162, 5.057557431211237, 5.76632491193481, 5.951922958170746, 7.285523872721852, 8.291407138718977, 9.88419842475858, 8.160142075969022, 6.991167729356806, 9.708307684143515, 9.565872285892176, 10.26019999658876, 10.567395080151021, 3.8858566185591563, 3.176872970390853, 4.167440521471183, 3.2107920923037048, 2.1218740513989043, 2.158064941098854, 2.1571536245710456, 3.3764397699351907, 3.8514558208552776, 3.400139517725707, 3.4751292249353836, 5.283629687061727, 7.670366549911419, 7.156701347688053, 10.1492628880131, 9.955164381365082], [4.548293865835848, 3.721263195475429, 2.590001359073002, 1.3854388799221709, 0.0, 1.3960630143371036, 2.430968206291477, 2.8222438129970273, 2.426104667981165, 3.661762474546922, 4.544360022049309, 5.8705538409932, 6.406930065171618, 6.9300003131313055, 6.959734646522093, 8.221880907067433, 9.303022568498905, 10.821744788618885, 9.282660194685572, 8.182618368835247, 10.861429812874547, 10.79171489708656, 11.320003174911214, 11.758887614481225, 5.019351010837955, 4.226913405784415, 5.4536055843817675, 4.543053916695244, 2.9806582326727766, 2.916744277443602, 1.085167788869537, 2.1542078381623257, 3.4116543508978165, 3.906885720110073, 4.462236002275093, 6.199477634446308, 8.48319004738194, 8.40592682992185, 11.421364457016507, 11.139425728914397], [5.476191747008134, 4.674565375518883, 3.816810723627778, 2.386708350427425, 1.3960630143371036, 0.0, 1.4030922777921626, 2.4315017376099073, 2.776144553152807, 4.192133831356055, 4.932244173801617, 6.2848644424522, 6.945446408979051, 7.191302026754264, 7.149580145015509, 8.30976031242779, 9.369634405354352, 10.80730599409492, 9.40532116676512, 8.395265747431703, 10.955918954610791, 10.954322034703928, 11.23960643528055, 11.96377709295856, 6.108723337163012, 5.0309016209820685, 6.252161230326678, 5.535547634155089, 4.217643956049396, 4.235225559518643, 2.1610923418493715, 1.0875890170464213, 2.1593703920356044, 3.416771764399841, 4.614318148979327, 6.428932097945972, 8.523338832875295, 8.661621830234798, 11.67783134918466, 11.203753157312955], [5.443947879067176, 4.648992332753411, 4.2362868953837385, 2.764196608419886, 2.430968206291477, 1.4030922777921626, 0.0, 1.3975269943725595, 2.3960121285168823, 3.745603654953364, 4.320250831838355, 5.603011970360227, 6.332336106051225, 6.389075405721864, 6.400061947356447, 7.496269094022705, 8.455026772873047, 9.867189482826403, 8.451969084775453, 7.493917993279617, 9.934324257844617, 9.944556451647303, 10.101927215140682, 11.02976823827228, 6.271826001253542, 5.007051130156352, 6.012213386931639, 5.50700878789929, 4.720148093015727, 4.846956044776969, 3.417015570640555, 2.1589798817960304, 1.0873578849670424, 2.161408894679579, 3.8756210908704687, 5.818543957039424, 7.77174483240411, 7.757974499184694, 10.730262018236088, 10.117159141280718], [4.468431878187245, 3.6542678623768126, 3.672990506385771, 2.4133518703247563, 2.8222438129970273, 2.4315017376099073, 1.3975269943725595, 0.0, 1.3874330470332614, 2.5035001497902893, 3.040536677956706, 4.258888951358089, 4.965118747824668, 5.1074672686175875, 5.289927161124243, 6.457966790716719, 7.329529235223774, 8.830498733933435, 7.20373620491478, 6.174235890375424, 8.660879431097053, 8.601397815471623, 8.903717058622204, 9.748477711417307, 5.40755351799684, 4.168837984378861, 4.879444580072613, 4.470466965541743, 4.231065378837817, 4.435359814039894, 3.907375355657554, 3.4123686275078784, 2.1553802889513487, 1.0848498375351312, 2.6984448224857225, 4.8343303010861804, 6.8773183785542455, 6.386665512612979, 9.365062391676844, 8.801216044956515], [3.257645129537593, 2.300032232382842, 2.356723475505771, 1.3935846332390438, 2.426104667981165, 2.776144553152807, 2.3960121285168823, 1.3874330470332614, 0.0, 1.423128377905521, 2.345586751753173, 3.6135256274170797, 4.175314287571656, 4.728306468493767, 5.02568184528229, 6.341183991180196, 7.242205648143389, 8.846857001783176, 7.04137749946699, 5.879636064417593, 8.540825830093949, 8.39348239886163, 9.00369964070326, 9.497152164201646, 4.132638531253368, 3.1407331723659686, 3.7973753264590533, 3.153112105523684, 2.987992781115778, 3.1885428615591795, 3.4123306185069464, 3.863676488786296, 3.3837874002366046, 2.1538821253726956, 2.412259239799902, 4.518421708959889, 6.82397646097933, 6.033726832563769, 9.044543065296335, 8.718737370170064], [2.4538597127790336, 1.4943711620611526, 2.4688757319881454, 2.3578113601388893, 3.661762474546922, 4.192133831356055, 3.745603654953364, 2.5035001497902893, 1.423128377905521, 0.0, 1.4164925591050594, 2.399857899959912, 2.784002015085478, 3.7257921117528823, 4.3124300260989745, 5.68536173255493, 6.442944712629467, 8.127355351527335, 6.0666327423044155, 4.797123040948605, 7.504084876918703, 7.240405053586436, 8.114897109637313, 8.390328592492667, 3.4166924429921988, 2.719205571485907, 2.7043874666918573, 2.155257750247056, 3.0663384875124273, 3.326340126926289, 4.514840538712304, 5.279340217299886, 4.647774128547987, 2.7853192079185467, 2.0606145442561545, 4.008537920489215, 6.333031012082603, 4.841034877998712, 7.8138237937644845, 7.635636137873517], [3.5790078988457124, 2.4522371051755987, 3.4130598954603775, 3.3408979990415753, 4.544360022049309, 4.932244173801617, 4.320250831838355, 3.040536677956706, 2.345586751753173, 1.4164925591050594, 0.0, 1.3872012435115533, 2.3256808400982285, 2.4343853495287058, 2.8963205105788967, 4.272742339528561, 5.078899331548127, 6.749573534676098, 4.829893922230591, 3.6617438277410943, 6.385523456225026, 6.360771905201443, 7.019052025024462, 7.232282877487578, 4.451627884268855, 4.04870106947895, 3.5818944177627565, 2.517250432515605, 3.6203338533897673, 4.409905188323214, 5.4075370807790115, 5.991406465931017, 5.089654673944, 3.025654748975831, 1.0144023511408082, 2.6504280163777323, 4.930873684247042, 3.9511402227711434, 6.96620850176048, 6.837250539507822], [3.9202429886424133, 3.141813477913671, 4.41874646477935, 4.600451544142162, 5.8705538409932, 6.2848644424522, 5.603011970360227, 4.258888951358089, 3.6135256274170797, 2.399857899959912, 1.3872012435115533, 0.0, 1.2269948899649095, 1.4904038177621526, 2.528949258091194, 3.803504706188754, 4.299853656812055, 6.02401356157172, 3.7808275244977785, 2.48304729113241, 5.225515023421136, 5.090251374932283, 6.010020702127406, 6.015273839984345, 4.731801611437233, 4.553708833467507, 3.544198869984584, 2.8845681565877417, 4.609669218067605, 5.314992182496604, 6.703764095640598, 7.3517178162658015, 6.303597573608265, 4.019472814934814, 2.089176751737392, 2.778043005426662, 4.6775189684275995, 2.6558446396579756, 5.629737533846494, 5.644600929206599], [3.4747148645608323, 3.155789693563245, 4.640175115230028, 5.057557431211237, 6.406930065171618, 6.945446408979051, 6.332336106051225, 4.965118747824668, 4.175314287571656, 2.784002015085478, 2.3256808400982285, 1.2269948899649095, 0.0, 2.3445892305476455, 3.576369669091829, 4.734110392671468, 4.988829779617661, 6.695001318147742, 4.191139707764464, 2.8054333016487845, 5.348582225225671, 4.854719750922807, 6.25732193034688, 6.056106183844535, 4.19652831159281, 4.1993920821947555, 2.8186320955385433, 2.8344935120758343, 4.956408847139227, 5.355728075621465, 7.180967712641521, 8.031605673213795, 7.0792803511373945, 4.754012533639346, 3.200720100227447, 3.917666517201279, 5.678705343650082, 2.513134626318296, 5.2446102181191705, 5.419305406599632], [5.407543491272169, 4.549115132638435, 5.693492624040187, 5.76632491193481, 6.9300003131313055, 7.191302026754264, 6.389075405721864, 5.1074672686175875, 4.728306468493767, 3.7257921117528823, 2.4343853495287058, 1.4904038177621526, 2.3445892305476455, 0.0, 1.399229605890327, 2.42155414764981, 2.8100936301127053, 4.53370393497414, 2.432067969856106, 1.401716394282381, 4.05520703047329, 4.324731224018436, 4.824950008031172, 4.833241588209718, 6.187939754878031, 6.033274948152123, 4.994296355844335, 4.182772995274785, 5.717814909561169, 6.657975856069171, 7.787004982019724, 8.208890548058246, 6.940061818888935, 4.690680953763537, 2.6011549473262834, 2.1737206720275726, 3.4034898883352067, 2.1490058468975834, 4.933536903682794, 4.944908877825759], [6.249429121127785, 5.126993787786367, 5.981462365508957, 5.951922958170746, 6.959734646522093, 7.149580145015509, 6.400061947356447, 5.289927161124243, 5.02568184528229, 4.3124300260989745, 2.8963205105788967, 2.528949258091194, 3.576369669091829, 1.399229605890327, 0.0, 1.3983180968577926, 2.431844205536202, 3.986331531621523, 2.8001572063011038, 2.4208611401730584, 4.562156065940752, 5.256038307508803, 5.206759924367553, 5.206057212516974, 6.9905601048843, 6.866552780689886, 6.026034865481613, 4.726329338926774, 5.794680754795729, 7.026243853582083, 7.7753937225069185, 8.088151901392555, 6.893899530744555, 4.953070554716538, 2.6507807849763814, 1.0872160272917246, 2.1513319339423194, 3.399956317366445, 5.87054886105209, 5.886086973533436], [7.61928333506505, 6.5228433140770745, 7.357108381014922, 7.285523872721852, 8.221880907067433, 8.30976031242779, 7.496269094022705, 6.457966790716719, 6.341183991180196, 5.68536173255493, 4.272742339528561, 3.803504706188754, 4.734110392671468, 2.42155414764981, 1.3983180968577926, 0.0, 1.4004289842758901, 2.6687988271879917, 2.4156200197878808, 2.7889191741604846, 4.039069035062411, 5.140870752119722, 4.5558520838587375, 4.552820411569075, 8.352511321752278, 8.236465060327761, 7.335354681267975, 6.085689559943065, 7.116237513602255, 8.408295272527006, 9.038176261835128, 9.192582845968808, 7.864674744704958, 6.0178964447720436, 3.932835690694438, 2.1438944213743363, 1.0888508575557994, 3.8773827074458356, 5.7495103817629545, 5.762854601670946], [8.213685663573935, 7.307426054364149, 8.324356178708358, 8.291407138718977, 9.303022568498905, 9.369634405354352, 8.455026772873047, 7.329529235223774, 7.242205648143389, 6.442944712629467, 5.078899331548127, 4.299853656812055, 4.988829779617661, 2.8100936301127053, 2.431844205536202, 1.4004289842758901, 0.0, 1.7257848881016424, 1.396806550671925, 2.425905723642203, 2.73768675527351, 4.050757416829598, 3.2594238678024063, 3.2594262102400786, 8.961832760099911, 8.833894410168146, 7.7562109847528, 6.858748636595455, 8.183173834766068, 9.338012240835841, 10.16375502361209, 10.284336185675768, 8.77635276524366, 6.74958291452146, 4.875073977900233, 3.405380726145023, 2.1624307734584245, 3.4179782445182414, 4.64981237578464, 4.658464161072831], [9.936833035731253, 9.001876589911683, 9.959446476084903, 9.88419842475858, 10.821744788618885, 10.80730599409492, 9.867189482826403, 8.830498733933435, 8.846857001783176, 8.127355351527335, 6.749573534676098, 6.02401356157172, 6.695001318147742, 4.53370393497414, 3.986331531621523, 2.6687988271879917, 1.7257848881016424, 0.0, 2.757758230882468, 4.046179158168852, 3.2291759088039784, 4.866477988237489, 3.3615302631390964, 3.359244423973939, 10.673170553307953, 10.554597190324223, 9.476384745249636, 8.53000617233071, 9.752236398385756, 10.990270446626871, 11.673232245612182, 11.662043154610604, 10.086862890909146, 8.213043297097611, 6.451763849522082, 4.811593441885963, 2.790630969870434, 4.929632931568029, 5.363448134362819, 5.367308712939847], [7.591620329020676, 6.9124334166775165, 8.118378732850545, 8.160142075969022, 9.282660194685572, 9.40532116676512, 8.451969084775453, 7.20373620491478, 7.04137749946699, 6.0666327423044155, 4.829893922230591, 3.7808275244977785, 4.191139707764464, 2.432067969856106, 2.8001572063011038, 2.4156200197878808, 1.396806550671925, 2.757758230882468, 0.0, 1.4028244936555678, 1.762002982403832, 2.7335014852748842, 2.60931892454717, 2.6115783848086966, 8.348362209439646, 8.203616978504055, 6.9836141746233364, 6.491935263078337, 8.125948842442956, 9.062591088093956, 10.173679803296347, 10.383774900295172, 8.8193465585609, 6.56573818089025, 4.8492681973675165, 3.8865595647050104, 3.4046230261219814, 2.1736436368457457, 3.3852067041762752, 3.3941965234794527], [6.208076299466688, 5.607777379675481, 6.891546300359594, 6.991167729356806, 8.182618368835247, 8.395265747431703, 7.493917993279617, 6.174235890375424, 5.879636064417593, 4.797123040948605, 3.6617438277410943, 2.48304729113241, 2.8054333016487845, 1.401716394282381, 2.4208611401730584, 2.7889191741604846, 2.425905723642203, 4.046179158168852, 1.4028244936555678, 0.0, 2.749198710533671, 2.9326457627882707, 3.622578320754432, 3.6266655897669975, 6.978394630572278, 6.819848955072246, 5.583627596822697, 5.232444535778663, 6.993883032336186, 7.7924992980429595, 9.067562293141416, 9.41800765661188, 7.9633781198684765, 5.601428416038181, 3.877467298379188, 3.416342952632244, 3.8776838176932373, 1.0885969593931448, 3.576468183837234, 3.5892575778285964], [8.795650098201952, 8.327522196307854, 9.638898653891948, 9.708307684143515, 10.861429812874547, 10.955918954610791, 9.934324257844617, 8.660879431097053, 8.540825830093949, 7.504084876918703, 6.385523456225026, 5.225515023421136, 5.348582225225671, 4.05520703047329, 4.562156065940752, 4.039069035062411, 2.73768675527351, 3.2291759088039784, 1.762002982403832, 2.749198710533671, 0.0, 1.6822916215686268, 1.4436105361211522, 1.4433228086606273, 9.53067991750851, 9.382371362294288, 8.040537838353849, 7.914477797681917, 9.720378916482627, 10.525485645802762, 11.774911847228411, 11.94090873635671, 10.242417345041158, 7.9292591236508345, 6.4763270717282335, 5.648424433415038, 4.89994926096179, 2.9093380845133825, 2.2397135977619995, 2.2399109156392805], [8.157530212631762, 7.978927703018745, 9.4179283507574, 9.565872285892176, 10.79171489708656, 10.954322034703928, 9.944556451647303, 8.601397815471623, 8.39348239886163, 7.240405053586436, 6.360771905201443, 5.090251374932283, 4.85471975