{"total energy": -56.23841232, "HOMO-LUMO gap/eV": 3.1635414, "electronic energy": -56.89580334, "dipole": [0.52057569, -0.70206382, 0.19750597], "partial charges": [0.03819831, -0.32226669, 0.07998664, -0.06932243, 0.00978715, -0.20457317, 0.26010705, -0.35735452, 0.26295091, -0.19359572, 0.05168909, -0.11047483, -0.11589965, -0.32460503, 0.23324121, -0.12042535, -0.05158695, -0.34523834, 0.05695736, 0.03141776, 0.03164234, 0.03317804, 0.02760292, 0.05783382, 0.05337599, 0.06849633, 0.03348871, 0.18458625, 0.18295895, 0.07001749, 0.03798076, 0.04545412, 0.03649727, 0.04112062, 0.04893568, 0.04661049, 0.06732645, 0.06440798, 0.05949299], "atomic dipole moments": [[-0.15310981, 0.03797745, 0.15109845], [-0.07930541, -0.03677745, -0.26847773], [0.14950498, 0.00720471, 0.13079283], [-0.05488353, -0.02075063, -0.13017723], [0.03533374, 0.14427854, -0.07916697], [-0.09138048, -0.04255811, 0.14531192], [0.03059752, -0.0004861, 0.01493698], [-0.11057589, 0.2620613, -0.05673515], [-0.01147017, -0.00983429, -0.00799968], [-0.0526287, 0.06120449, 0.1262554], [0.14087836, -0.06481716, 0.03981428], [0.02470024, -0.00362597, -0.10953426], [0.05235189, 0.10244069, 0.05359312], [0.26385776, -0.0463554, 0.07434736], [-0.01194628, 0.03698299, -0.00507106], [0.3741362, -0.16468834, -0.01388337], [-0.13313619, -0.09010303, 0.03500088], [-0.14287737, -0.23656128, -0.04249835], [0.11787443, -0.00319036, 0.04584509], [-0.02476629, -0.10838483, -0.04693727], [-0.00674753, 0.09101747, -0.07897104], [-0.00694539, 0.0883511, -0.08258649], [-0.0250293, -0.1068603, -0.04745992], [0.02332953, -0.08329275, 0.09074776], [0.03784455, 0.10723282, 0.05628507], [-0.02814372, -0.11866996, -0.05059884], [-0.06375101, 0.01097434, 0.10113564], [0.00673208, 0.12025384, 0.04929069], [0.0764263, -0.08173287, 0.07020981], [-0.064704, 0.10261538, -0.06037541], [0.04801725, 0.10528078, 0.05729836], [-0.12488713, 0.00161188, 0.02470651], [0.04798295, -0.09672092, 0.0657578], [0.04256491, -0.10935685, 0.04780345], [0.0221567, -0.00800142, -0.12603815], [-0.12697394, -3.341e-05, 0.01572868], [0.08186793, 0.00700511, 0.10184733], [-0.03184449, 0.11876062, -0.03144185], [0.0584618, -0.05447878, -0.10550494]], "atomic quadrupole moments": [[0.09016945, -0.08702146, -0.2414488, -0.34129605, 0.09772266, 0.15127936], [0.11769893, -0.02768739, -0.16117552, -0.01822314, 0.03605982, 0.04347659], [0.41778249, -0.06048586, -0.36785605, 0.05124216, 0.05751135, -0.04992643], [0.23305496, -0.04429248, -0.23788727, -0.07667943, 0.04548557, 0.00483232], [0.09959195, -0.09329088, -0.0017298, 0.15732462, -0.23382621, -0.09786215], [0.030125, -0.03840253, -0.02303756, 0.05092045, -0.09871017, -0.00708743], [-0.07401659, -0.04922106, -0.33694739, -0.11988478, -0.00238538, 0.41096398], [-0.04052833, 0.02222177, -0.11513733, -0.06782466, 0.02455244, 0.15566566], [-0.18721348, 0.08956449, -0.18954748, -0.19380452, 0.0378121, 0.37676096], [0.08440336, 0.06092566, -0.03288956, -0.03504247, 0.03408177, -0.05151381], [0.17534566, 0.11989965, -0.13893732, -0.06361846, 0.11483086, -0.03640834], [-0.09279806, 0.00565333, -0.12252438, -0.06688517, 0.01713589, 0.21532244], [-0.0502604, 0.13543597, 0.11782819, 0.05894776, 0.12461107, -0.06756779], [-0.11541306, -0.01381269, -0.07094704, -0.08415668, 0.001624, 0.18636011], [-0.2804992, -0.14698545, -0.06452962, -0.19954233, -0.03314551, 0.34502882], [0.14150877, 0.06670739, 0.35376719, -0.10538198, -0.19435728, -0.49527597], [0.2118707, 0.25424517, -0.01802547, -0.12514919, -0.08881355, -0.19384523], [-0.07937958, -0.04452913, -0.08644552, -0.07673154, -0.00893043, 0.1658251], [0.06113597, -0.00390396, -0.0533341, 0.04035952, 0.00384271, -0.00780187], [-0.03044649, 0.02725231, 0.04197121, -0.01001103, 0.04359935, -0.01152472], [-0.03876071, -0.01899925, 0.01924596, -0.01151438, -0.05050811, 0.01951476], [-0.00994051, -0.00984273, 0.01405982, 0.01053842, -0.03631407, -0.0041193], [-0.00483874, 0.01891365, 0.03045905, 0.01078292, 0.0232827, -0.02562031], [-0.02435302, -0.01643167, 0.02263972, 0.00047766, -0.04774489, 0.0017133], [-0.02369102, 0.01825818, 0.05026035, -0.00680093, 0.02539444, -0.02656933], [-0.01803561, 0.00514037, 0.01716944, 0.01955475, 0.0334172, 0.00086617], [-0.00192424, -0.03102181, -0.02238092, -0.02460829, -0.0051184, 0.02430516], [0.00620854, 0.04118728, 0.02506924, 0.04755383, 0.00867039, -0.03127778], [-0.00284593, -0.00730288, 0.06235254, 0.00247118, -0.029985, -0.05950661], [-0.01823895, 0.0015585, 0.02197526, 0.00168861, -0.01018881, -0.00373632], [-0.02585536, 0.04852453, 0.04694601, 0.01443153, 0.02708156, -0.02109064], [0.08470039, 0.00116698, -0.05260237, -0.00922637, 0.00247467, -0.03209802], [-0.02739608, -0.04995606, 0.04609929, 0.01789842, -0.03459554, -0.01870322], [-0.02375874, -0.03792107, 0.03463985, 0.03363964, -0.04336938, -0.01088111], [-0.04256019, 0.00825526, -0.03159075, -0.02767526, -0.00406648, 0.07415094], [0.07853682, -0.00951935, -0.03493685, -0.02290224, 0.01048545, -0.04359998], [0.01893137, 0.01511897, -0.04975425, 0.04297844, -0.01062557, 0.03082288], [-0.0222484, -0.02810257, 0.0711002, 0.00456211, -0.03492304, -0.0488518], [-0.00497192, 0.00061375, -0.00898597, -0.04064545, 0.04753584, 0.01395789]], "number of molecular orbitals": 98, "number of electrons": 102, "number of unpaired electrons": 0, "orbital energies/eV": [-19.41920022, -18.89507991, -18.67616752, -18.18322642, -17.94282634, -17.71932148, -17.63227588, -17.41625647, -17.09600378, -17.05629294, -16.51906241, -16.42820313, -16.30602716, -16.26174543, -16.19944776, -15.91980974, -15.57969972, -15.37992877, -15.06560819, -15.0317986, -14.9106903, -14.77528837, -14.63018241, -14.39728017, -14.16962172, -14.00721939, -13.83686303, -13.74569008, -13.6557952, -13.56719371, -13.52598159, -13.37154865, -13.01314793, -12.93876069, -12.82840526, -12.76992595, -12.69445183, -12.59999034, -12.47608591, -12.37770484, -12.32774538, -12.24853385, -12.21475448, -12.0727383, -11.95741106, -10.94435197, -10.73222112, -10.65722664, -10.26740143, -10.07457981, -10.05671602, -6.89317462, -6.39846937, -5.34434371, -3.63590586, -3.32510494, -0.1468026, 0.12296123, 0.17939767, 0.47282535, 0.89468078, 1.17647163, 2.1435818, 2.35837005, 2.64307449, 2.99102493, 2.9947321, 3.08372923, 3.19015667, 3.77674291, 3.8269274, 3.84323049, 4.06653538, 4.29973743, 4.47821703, 4.73265151, 4.92154331, 5.04143511, 5.24020645, 5.34811025, 5.55039455, 5.70934447, 5.79570062, 5.97309843, 6.067519, 6.32378755, 6.46641457, 6.6932778, 6.77184698, 6.85683407, 7.40495725, 7.48660462, 8.08994362, 10.42141014, 11.79975424, 12.6982794, 13.90871464, 17.58358697], "fractional occupation": [2.0, 2.0, 2.0, 2.0, 2.0, 2.0, 2.0, 2.0, 2.0, 2.0, 2.0, 2.0, 2.0, 2.0, 2.0, 2.0, 2.0, 2.0, 2.0, 2.0, 2.0, 2.0, 2.0, 2.0, 2.0, 2.0, 2.0, 2.0, 2.0, 2.0, 2.0, 2.0, 2.0, 2.0, 2.0, 2.0, 2.0, 2.0, 2.0, 2.0, 2.0, 2.0, 2.0, 2.0, 2.0, 2.0, 2.0, 2.0, 2.0, 2.0, 2.0, 0.0, 0.0, 0.0, 0.0, 0.0, 0.0, 0.0, 0.0, 0.0, 0.0, 0.0, 0.0, 0.0, 0.0, 0.0, 0.0, 0.0, 0.0, 0.0, 0.0, 0.0, 0.0, 0.0, 0.0, 0.0, 0.0, 0.0, 0.0, 0.0, 0.0, 0.0, 0.0, 0.0, 0.0, 0.0, 0.0, 0.0, 0.0, 0.0, 0.0, 0.0, 0.0, 0.0, 0.0, 0.0, 0.0, 0.0], "program call": "xtb /home/svss/Project-DBcg-Debug/aqme2_20220329/End-to-End-workflows-final/example-3/QDESCP/mol_708_rdkit_conf_18/mol_708_rdkit_conf_18.xyz --pop --wbo --acc 0.2 --gfn 2 --chrg 0 --uhf 0 --etemp 300 --input /home/svss/Project-DBcg-Debug/aqme2_20220329/End-to-End-workflows-final/example-3/QDESCP/mol_708_rdkit_conf_18/mol_708_rdkit_conf_18_xtb.inp", "method": "GFN2-xTB", "xtb version": "6.3.3 (7355c4f)", "Dipole module/D": 2.278, "Total charge": 0, "Transition dipole module/D": NaN, "HOMO": -10.0567, "LUMO": -6.8932, "HOMO occupancy": 2.0, "LUMO occupancy": 0, "mulliken charges": [0.17108, -0.47032, 0.19756, -0.06372, 0.09306, -0.36493, 0.44182, -0.44413, 0.44347, -0.35808, 0.1353, -0.10457, -0.10001, -0.41955, 0.37719, -0.096, -0.00935, -0.43405, 0.03298, 0.01431, 0.01477, 0.01667, 0.01304, 0.04055, 0.03843, 0.03282, 0.02605, 0.21723, 0.21763, 0.03665, 0.04081, 0.03282, 0.02829, 0.02897, 0.03785, 0.03122, 0.0335, 0.03505, 0.03559], "cm5 charges": [0.04845, -0.57492, 0.11546, -0.16526, 0.0462, -0.70631, 0.6588, -0.61938, 0.66197, -0.69783, 0.12343, -0.24664, -0.24222, -0.59346, 0.54635, -0.12275, -0.13824, -0.61258, 0.0919, 0.07326, 0.07371, 0.08219, 0.07657, 0.09794, 0.0978, 0.10109, 0.09192, 0.41835, 0.41948, 0.10818, 0.09608, 0.08467, 0.08235, 0.08293, 0.09149, 0.083, 0.08875, 0.0874, 0.08988], "FUKUI+": [0.005, -0.007, 0.003, 0.006, 0.015, -0.047, -0.024, -0.105, -0.027, -0.046, 0.007, 0.011, 0.011, -0.074, -0.049, -0.243, 0.036, -0.072, -0.012, -0.005, -0.003, 0.003, -0.006, -0.022, -0.012, -0.017, -0.019, -0.033, -0.036, -0.01, 0.004, -0.028, -0.017, -0.017, -0.013, -0.024, -0.04, -0.053, -0.041], "FUKUI-": [0.019, -0.078, 0.013, 0.008, 0.012, -0.031, 0.0, -0.065, 0.0, -0.046, 0.004, 0.006, 0.009, -0.068, 0.023, -0.253, 0.04, -0.048, -0.033, -0.04, -0.038, -0.033, -0.038, -0.024, -0.018, -0.015, -0.026, -0.022, -0.027, -0.013, -0.004, -0.026, -0.017, -0.017, -0.016, -0.023, -0.037, -0.039, -0.037], "FUKUIrad": [0.012, -0.043, 0.008, 0.007, 0.013, -0.039, -0.012, -0.085, -0.013, -0.046, 0.005, 0.009, 0.01, -0.071, -0.013, -0.248, 0.038, -0.06, -0.023, -0.023, -0.02, -0.015, -0.022, -0.023, -0.015, -0.016, -0.022, -0.027, -0.031, -0.012, 0.0, -0.027, -0.017, -0.017, -0.014, -0.023, -0.039, -0.046, -0.039], "s proportion": [0.971, 1.695, 0.996, 1.036, 1.006, 1.458, 0.978, 1.53, 0.976, 1.449, 1.028, 1.018, 1.016, 1.532, 1.02, 1.926, 1.01, 1.538, 0.967, 0.986, 0.985, 0.983, 0.987, 0.959, 0.962, 0.967, 0.974, 0.783, 0.782, 0.963, 0.959, 0.967, 0.972, 0.971, 0.962, 0.969, 0.967, 0.965, 0.964], "p proportion": [2.858, 4.775, 2.807, 3.028, 2.901, 3.907, 2.58, 3.914, 2.581, 3.909, 2.836, 3.087, 3.084, 3.887, 2.603, 4.169, 3.0, 3.896, 0.0, 0.0, 0.0, 0.0, 0.0, 0.0, 0.0, 0.0, 0.0, 0.0, 0.0, 0.0, 0.0, 0.0, 0.0, 0.0, 0.0, 0.0, 0.0, 0.0, 0.0], "d proportion": [0.0, 0.0, 0.0, 0.0, 0.0, 0.0, 0.0, 0.0, 0.0, 0.0, 0.0, 0.0, 0.0, 0.0, 0.0, 0.001, 0.0, 0.0, 0.0, 0.0, 0.0, 0.0, 0.0, 0.0, 0.0, 0.0, 0.0, 0.0, 0.0, 0.0, 0.0, 0.0, 0.0, 0.0, 0.0, 0.0, 0.0, 0.0, 0.0], "Fermi-level/eV": -8.4749, "Coordination numbers": [3.65, 1.697, 3.702, 3.801, 3.748, 2.697, 2.942, 1.85, 2.934, 2.701, 3.79, 3.752, 3.755, 1.891, 3.004, 2.036, 3.742, 1.883, 0.924, 0.924, 0.924, 0.924, 0.924, 0.924, 0.924, 0.924, 0.924, 0.86, 0.86, 0.924, 0.924, 0.924, 0.924, 0.924, 0.924, 0.924, 0.924, 0.924, 0.924], "Dispersion coefficient C6": [20.245, 19.388, 19.396, 21.827, 20.475, 25.448, 22.634, 30.153, 22.583, 25.2, 19.719, 22.673, 22.775, 29.269, 23.115, 146.102, 21.576, 29.824, 2.235, 2.566, 2.563, 2.542, 2.621, 2.225, 2.278, 2.102, 2.538, 1.188, 1.197, 2.085, 2.476, 2.378, 2.496, 2.434, 2.333, 2.363, 2.115, 2.148, 2.205], "Total dispersion C6": 15623.413327, "Total dispersion C8": 372643.919857, "Polarizability alpha": [6.463, 5.945, 6.298, 6.652, 6.454, 7.492, 7.803, 8.138, 7.794, 7.456, 6.324, 6.79, 6.805, 8.02, 7.887, 20.344, 6.627, 8.096, 2.338, 2.505, 2.504, 2.493, 2.532, 2.333, 2.361, 2.267, 2.491, 1.708, 1.714, 2.258, 2.461, 2.411, 2.471, 2.44, 2.389, 2.404, 2.274, 2.292, 2.322], "Total polarizability alpha": 190.353842, "Wiberg matrix": [[0.0, 0.9948931889099872, 0.0, 0.0, 0.0, 0.0, 0.0, 0.0, 0.0, 0.0, 0.0, 0.0, 0.0, 0.0, 0.0, 0.0, 0.0, 0.0, 0.9806462978622066, 0.9787436302699266, 0.9786509024034993, 0.0, 0.0, 0.0, 0.0, 0.0, 0.0, 0.0, 0.0, 0.0, 0.0, 0.0, 0.0, 0.0, 0.0, 0.0, 0.0, 0.0, 0.0], [0.9948931889099872, 0.0, 0.978442483733762, 0.0, 0.0, 0.0, 0.0, 0.0, 0.0, 0.0, 0.0, 0.0, 0.0, 0.0, 0.0, 0.0, 0.0, 0.0, 0.0, 0.0, 0.0, 0.0, 0.0, 0.0, 0.0, 0.0, 0.0, 0.0, 0.0, 0.0, 0.0, 0.0, 0.0, 0.0, 0.0, 0.0, 0.0, 0.0, 0.0], [0.0, 0.978442483733762, 0.0, 1.0048911119379502, 0.0, 0.0, 0.0, 0.0, 0.0, 0.0, 0.0, 0.0, 0.0, 0.0, 0.0, 0.0, 0.0, 0.0, 0.0, 0.0, 0.0, 0.9691110286169443, 0.9689824554003819, 0.0, 0.0, 0.0, 0.0, 0.0, 0.0, 0.0, 0.0, 0.0, 0.0, 0.0, 0.0, 0.0, 0.0, 0.0, 0.0], [0.0, 0.0, 1.0048911119379502, 0.0, 1.0066491133931552, 0.0, 0.0, 0.0, 0.0, 0.0, 0.0, 0.0, 0.0, 0.0, 0.0, 0.0, 0.0, 0.0, 0.0, 0.0, 0.0, 0.0, 0.0, 0.9725950545038675, 0.9737004541830109, 0.0, 0.0, 0.0, 0.0, 0.0, 0.0, 0.0, 0.0, 0.0, 0.0, 0.0, 0.0, 0.0, 0.0], [0.0, 0.0, 0.0, 1.0066491133931552, 0.0, 0.9897005493137327, 0.0, 0.0, 0.0, 0.0, 0.0, 0.0, 0.0, 0.0, 0.0, 0.0, 0.0, 0.0, 0.0, 0.0, 0.0, 0.0, 0.0, 0.0, 0.0, 0.9682436557328398, 0.9687467468615509, 0.0, 0.0, 0.0, 0.0, 0.0, 0.0, 0.0, 0.0, 0.0, 0.0, 0.0, 0.0], [0.0, 0.0, 0.0, 0.0, 0.9897005493137327, 0.0, 1.1708562125972835, 0.0, 0.0, 0.0, 0.0, 0.0, 0.0, 0.0, 0.0, 0.0, 0.0, 0.0, 0.0, 0.0, 0.0, 0.0, 0.0, 0.0, 0.0, 0.0, 0.0, 0.9323102527212994, 0.0, 0.0, 0.0, 0.0, 0.0, 0.0, 0.0, 0.0, 0.0, 0.0, 0.0], [0.0, 0.0, 0.0, 0.0, 0.0, 1.1708562125972835, 0.0, 1.3460292531574187, 0.0, 0.0, 0.0, 0.0, 0.0, 0.0, 0.0, 0.0, 0.0, 1.3117585006033958, 0.0, 0.0, 0.0, 0.0, 0.0, 0.0, 0.0, 0.0, 0.0, 0.0, 0.0, 0.0, 0.0, 0.0, 0.0, 0.0, 0.0, 0.0, 0.0, 0.0, 0.0], [0.0, 0.0, 0.0, 0.0, 0.0, 0.0, 1.3460292531574187, 0.0, 1.3197229821983099, 0.0, 0.0, 0.0, 0.0, 0.0, 0.0, 0.0, 0.0, 0.0, 0.0, 0.0, 0.0, 0.0, 0.0, 0.0, 0.0, 0.0, 0.0, 0.0, 0.0, 0.0, 0.0, 0.0, 0.0, 0.0, 0.0, 0.0, 0.0, 0.0, 0.0], [0.0, 0.0, 0.0, 0.0, 0.0, 0.0, 0.0, 1.3197229821983099, 0.0, 1.197238055279143, 0.0, 0.0, 0.0, 1.314413952479146, 0.0, 0.0, 0.0, 0.0, 0.0, 0.0, 0.0, 0.0, 0.0, 0.0, 0.0, 0.0, 0.0, 0.0, 0.0, 0.0, 0.0, 0.0, 0.0, 0.0, 0.0, 0.0, 0.0, 0.0, 0.0], [0.0, 0.0, 0.0, 0.0, 0.0, 0.0, 0.0, 0.0, 1.197238055279143, 0.0, 0.9776631232554065, 0.0, 0.0, 0.0, 0.0, 0.0, 0.0, 0.0, 0.0, 0.0, 0.0, 0.0, 0.0, 0.0, 0.0, 0.0, 0.0, 0.0, 0.932643194312133, 0.0, 0.0, 0.0, 0.0, 0.0, 0.0, 0.0, 0.0, 0.0, 0.0], [0.0, 0.0, 0.0, 0.0, 0.0, 0.0, 0.0, 0.0, 0.0, 0.9776631232554065, 0.0, 0.9990881505663176, 1.0053840019836482, 0.0, 0.0, 0.0, 0.0, 0.0, 0.0, 0.0, 0.0, 0.0, 0.0, 0.0, 0.0, 0.0, 0.0, 0.0, 0.0, 0.9604198416726065, 0.0, 0.0, 0.0, 0.0, 0.0, 0.0, 0.0, 0.0, 0.0], [0.0, 0.0, 0.0, 0.0, 0.0, 0.0, 0.0, 0.0, 0.0, 0.0, 0.9990881505663176, 0.0, 0.0, 0.0, 0.0, 0.0, 0.0, 0.0, 0.0, 0.0, 0.0, 0.0, 0.0, 0.0, 0.0, 0.0, 0.0, 0.0, 0.0, 0.0, 0.9857217426040336, 0.9840047281348061, 0.9856043624355941, 0.0, 0.0, 0.0, 0.0, 0.0, 0.0], [0.0, 0.0, 0.0, 0.0, 0.0, 0.0, 0.0, 0.0, 0.0, 0.0, 1.0053840019836482, 0.0, 0.0, 0.0, 0.0, 0.0, 0.0, 0.0, 0.0, 0.0, 0.0, 0.0, 0.0, 0.0, 0.0, 0.0, 0.0, 0.0, 0.0, 0.0, 0.0, 0.0, 0.0, 0.9857998426465745, 0.9857272061382909, 0.9850296839788999, 0.0, 0.0, 0.0], [0.0, 0.0, 0.0, 0.0, 0.0, 0.0, 0.0, 0.0, 1.314413952479146, 0.0, 0.0, 0.0, 0.0, 0.0, 1.387773013067663, 0.0, 0.0, 0.0, 0.0, 0.0, 0.0, 0.0, 0.0, 0.0, 0.0, 0.0, 0.0, 0.0, 0.0, 0.0, 0.0, 0.0, 0.0, 0.0, 0.0, 0.0, 0.0, 0.0, 0.0], [0.0, 0.0, 0.0, 0.0, 0.0, 0.0, 0.0, 0.0, 0.0, 0.0, 0.0, 0.0, 0.0, 1.387773013067663, 0.0, 1.0568289095245358, 0.0, 1.3789611839633826, 0.0, 0.0, 0.0, 0.0, 0.0, 0.0, 0.0, 0.0, 0.0, 0.0, 0.0, 0.0, 0.0, 0.0, 0.0, 0.0, 0.0, 0.0, 0.0, 0.0, 0.0], [0.0, 0.0, 0.0, 0.0, 0.0, 0.0, 0.0, 0.0, 0.0, 0.0, 0.0, 0.0, 0.0, 0.0, 1.0568289095245358, 0.0, 1.0091514939376989, 0.0, 0.0, 0.0, 0.0, 0.0, 0.0, 0.0, 0.0, 0.0, 0.0, 0.0, 0.0, 0.0, 0.0, 0.0, 0.0, 0.0, 0.0, 0.0, 0.0, 0.0, 0.0], [0.0, 0.0, 0.0, 0.0, 0.0, 0.0, 0.0, 0.0, 0.0, 0.0, 0.0, 0.0, 0.0, 0.0, 0.0, 1.0091514939376989, 0.0, 0.0, 0.0, 0.0, 0.0, 0.0, 0.0, 0.0, 0.0, 0.0, 0.0, 0.0, 0.0, 0.0, 0.0, 0.0, 0.0, 0.0, 0.0, 0.0, 0.9812428906514333, 0.9798670333925888, 0.982827200180922], [0.0, 0.0, 0.0, 0.0, 0.0, 0.0, 1.3117585006033958, 0.0, 0.0, 0.0, 0.0, 0.0, 0.0, 0.0, 1.3789611839633826, 0.0, 0.0, 0.0, 0.0, 0.0, 0.0, 0.0, 0.0, 0.0, 0.0, 0.0, 0.0, 0.0, 0.0, 0.0, 0.0, 0.0, 0.0, 0.0, 0.0, 0.0, 0.0, 0.0, 0.0], [0.9806462978622066, 0.0, 0.0, 0.0, 0.0, 0.0, 0.0, 0.0, 0.0, 0.0, 0.0, 0.0, 0.0, 0.0, 0.0, 0.0, 0.0, 0.0, 0.0, 0.0, 0.0, 0.0, 0.0, 0.0, 0.0, 0.0, 0.0, 0.0, 0.0, 0.0, 0.0, 0.0, 0.0, 0.0, 0.0, 0.0, 0.0, 0.0, 0.0], [0.9787436302699266, 0.0, 0.0, 0.0, 0.0, 0.0, 0.0, 0.0, 0.0, 0.0, 0.0, 0.0, 0.0, 0.0, 0.0, 0.0, 0.0, 0.0, 0.0, 0.0, 0.0, 0.0, 0.0, 0.0, 0.0, 0.0, 0.0, 0.0, 0.0, 0.0, 0.0, 0.0, 0.0, 0.0, 0.0, 0.0, 0.0, 0.0, 0.0], [0.9786509024034993, 0.0, 0.0, 0.0, 0.0, 0.0, 0.0, 0.0, 0.0, 0.0, 0.0, 0.0, 0.0, 0.0, 0.0, 0.0, 0.0, 0.0, 0.0, 0.0, 0.0, 0.0, 0.0, 0.0, 0.0, 0.0, 0.0, 0.0, 0.0, 0.0, 0.0, 0.0, 0.0, 0.0, 0.0, 0.0, 0.0, 0.0, 0.0], [0.0, 0.0, 0.9691110286169443, 0.0, 0.0, 0.0, 0.0, 0.0, 0.0, 0.0, 0.0, 0.0, 0.0, 0.0, 0.0, 0.0, 0.0, 0.0, 0.0, 0.0, 0.0, 0.0, 0.0, 0.0, 0.0, 0.0, 0.0, 0.0, 0.0, 0.0, 0.0, 0.0, 0.0, 0.0, 0.0, 0.0, 0.0, 0.0, 0.0], [0.0, 0.0, 0.9689824554003819, 0.0, 0.0, 0.0, 0.0, 0.0, 0.0, 0.0, 0.0, 0.0, 0.0, 0.0, 0.0, 0.0, 0.0, 0.0, 0.0, 0.0, 0.0, 0.0, 0.0, 0.0, 0.0, 0.0, 0.0, 0.0, 0.0, 0.0, 0.0, 0.0, 0.0, 0.0, 0.0, 0.0, 0.0, 0.0, 0.0], [0.0, 0.0, 0.0, 0.9725950545038675, 0.0, 0.0, 0.0, 0.0, 0.0, 0.0, 0.0, 0.0, 0.0, 0.0, 0.0, 0.0, 0.0, 0.0, 0.0, 0.0, 0.0, 0.0, 0.0, 0.0, 0.0, 0.0, 0.0, 0.0, 0.0, 0.0, 0.0, 0.0, 0.0, 0.0, 0.0, 0.0, 0.0, 0.0, 0.0], [0.0, 0.0, 0.0, 0.9737004541830109, 0.0, 0.0, 0.0, 0.0, 0.0, 0.0, 0.0, 0.0, 0.0, 0.0, 0.0, 0.0, 0.0, 0.0, 0.0, 0.0, 0.0, 0.0, 0.0, 0.0, 0.0, 0.0, 0.0, 0.0, 0.0, 0.0, 0.0, 0.0, 0.0, 0.0, 0.0, 0.0, 0.0, 0.0, 0.0], [0.0, 0.0, 0.0, 0.0, 0.9682436557328398, 0.0, 0.0, 0.0, 0.0, 0.0, 0.0, 0.0, 0.0, 0.0, 0.0, 0.0, 0.0, 0.0, 0.0, 0.0, 0.0, 0.0, 0.0, 0.0, 0.0, 0.0, 0.0, 0.0, 0.0, 0.0, 0.0, 0.0, 0.0, 0.0, 0.0, 0.0, 0.0, 0.0, 0.0], [0.0, 0.0, 0.0, 0.0, 0.9687467468615509, 0.0, 0.0, 0.0, 0.0, 0.0, 0.0, 0.0, 0.0, 0.0, 0.0, 0.0, 0.0, 0.0, 0.0, 0.0, 0.0, 0.0, 0.0, 0.0, 0.0, 0.0, 0.0, 0.0, 0.0, 0.0, 0.0, 0.0, 0.0, 0.0, 0.0, 0.0, 0.0, 0.0, 0.0], [0.0, 0.0, 0.0, 0.0, 0.0, 0.9323102527212994, 0.0, 0.0, 0.0, 0.0, 0.0, 0.0, 0.0, 0.0, 0.0, 0.0, 0.0, 0.0, 0.0, 0.0, 0.0, 0.0, 0.0, 0.0, 0.0, 0.0, 0.0, 0.0, 0.0, 0.0, 0.0, 0.0, 0.0, 0.0, 0.0, 0.0, 0.0, 0.0, 0.0], [0.0, 0.0, 0.0, 0.0, 0.0, 0.0, 0.0, 0.0, 0.0, 0.932643194312133, 0.0, 0.0, 0.0, 0.0, 0.0, 0.0, 0.0, 0.0, 0.0, 0.0, 0.0, 0.0, 0.0, 0.0, 0.0, 0.0, 0.0, 0.0, 0.0, 0.0, 0.0, 0.0, 0.0, 0.0, 0.0, 0.0, 0.0, 0.0, 0.0], [0.0, 0.0, 0.0, 0.0, 0.0, 0.0, 0.0, 0.0, 0.0, 0.0, 0.9604198416726065, 0.0, 0.0, 0.0, 0.0, 0.0, 0.0, 0.0, 0.0, 0.0, 0.0, 0.0, 0.0, 0.0, 0.0, 0.0, 0.0, 0.0, 0.0, 0.0, 0.0, 0.0, 0.0, 0.0, 0.0, 0.0, 0.0, 0.0, 0.0], [0.0, 0.0, 0.0, 0.0, 0.0, 0.0, 0.0, 0.0, 0.0, 0.0, 0.0, 0.9857217426040336, 0.0, 0.0, 0.0, 0.0, 0.0, 0.0, 0.0, 0.0, 0.0, 0.0, 0.0, 0.0, 0.0, 0.0, 0.0, 0.0, 0.0, 0.0, 0.0, 0.0, 0.0, 0.0, 0.0, 0.0, 0.0, 0.0, 0.0], [0.0, 0.0, 0.0, 0.0, 0.0, 0.0, 0.0, 0.0, 0.0, 0.0, 0.0, 0.9840047281348061, 0.0, 0.0, 0.0, 0.0, 0.0, 0.0, 0.0, 0.0, 0.0, 0.0, 0.0, 0.0, 0.0, 0.0, 0.0, 0.0, 0.0, 0.0, 0.0, 0.0, 0.0, 0.0, 0.0, 0.0, 0.0, 0.0, 0.0], [0.0, 0.0, 0.0, 0.0, 0.0, 0.0, 0.0, 0.0, 0.0, 0.0, 0.0, 0.9856043624355941, 0.0, 0.0, 0.0, 0.0, 0.0, 0.0, 0.0, 0.0, 0.0, 0.0, 0.0, 0.0, 0.0, 0.0, 0.0, 0.0, 0.0, 0.0, 0.0, 0.0, 0.0, 0.0, 0.0, 0.0, 0.0, 0.0, 0.0], [0.0, 0.0, 0.0, 0.0, 0.0, 0.0, 0.0, 0.0, 0.0, 0.0, 0.0, 0.0, 0.9857998426465745, 0.0, 0.0, 0.0, 0.0, 0.0, 0.0, 0.0, 0.0, 0.0, 0.0, 0.0, 0.0, 0.0, 0.0, 0.0, 0.0, 0.0, 0.0, 0.0, 0.0, 0.0, 0.0, 0.0, 0.0, 0.0, 0.0], [0.0, 0.0, 0.0, 0.0, 0.0, 0.0, 0.0, 0.0, 0.0, 0.0, 0.0, 0.0, 0.9857272061382909, 0.0, 0.0, 0.0, 0.0, 0.0, 0.0, 0.0, 0.0, 0.0, 0.0, 0.0, 0.0, 0.0, 0.0, 0.0, 0.0, 0.0, 0.0, 0.0, 0.0, 0.0, 0.0, 0.0, 0.0, 0.0, 0.0], [0.0, 0.0, 0.0, 0.0, 0.0, 0.0, 0.0, 0.0, 0.0, 0.0, 0.0, 0.0, 0.9850296839788999, 0.0, 0.0, 0.0, 0.0, 0.0, 0.0, 0.0, 0.0, 0.0, 0.0, 0.0, 0.0, 0.0, 0.0, 0.0, 0.0, 0.0, 0.0, 0.0, 0.0, 0.0, 0.0, 0.0, 0.0, 0.0, 0.0], [0.0, 0.0, 0.0, 0.0, 0.0, 0.0, 0.0, 0.0, 0.0, 0.0, 0.0, 0.0, 0.0, 0.0, 0.0, 0.0, 0.9812428906514333, 0.0, 0.0, 0.0, 0.0, 0.0, 0.0, 0.0, 0.0, 0.0, 0.0, 0.0, 0.0, 0.0, 0.0, 0.0, 0.0, 0.0, 0.0, 0.0, 0.0, 0.0, 0.0], [0.0, 0.0, 0.0, 0.0, 0.0, 0.0, 0.0, 0.0, 0.0, 0.0, 0.0, 0.0, 0.0, 0.0, 0.0, 0.0, 0.9798670333925888, 0.0, 0.0, 0.0, 0.0, 0.0, 0.0, 0.0, 0.0, 0.0, 0.0, 0.0, 0.0, 0.0, 0.0, 0.0, 0.0, 0.0, 0.0, 0.0, 0.0, 0.0, 0.0], [0.0, 0.0, 0.0, 0.0, 0.0, 0.0, 0.0, 0.0, 0.0, 0.0, 0.0, 0.0, 0.0, 0.0, 0.0, 0.0, 0.982827200180922, 0.0, 0.0, 0.0, 0.0, 0.0, 0.0, 0.0, 0.0, 0.0, 0.0, 0.0, 0.0, 0.0, 0.0, 0.0, 0.0, 0.0, 0.0, 0.0, 0.0, 0.0, 0.0]], "Born radii": [], "Atomic SASAs": [], "Solvent H bonds": [], "Total SASA": NaN, "Total FOD": 0.0, "FOD": [0.0, 0.0, 0.0, 0.0, 0.0, 0.0, 0.0, 0.0, 0.0, 0.0, 0.0, 0.0, 0.0, 0.0, 0.0, 0.0, 0.0, 0.0, 0.0, 0.0, 0.0, 0.0, 0.0, 0.0, 0.0, 0.0, 0.0, 0.0, 0.0, 0.0, 0.0, 0.0, 0.0, 0.0, 0.0, 0.0, 0.0, 0.0, 0.0], "FOD s proportion": [0.0, 0.0, 0.0, 0.0, 0.0, 0.0, 0.0, 0.0, 0.0, 0.0, 0.0, 0.0, 0.0, 0.0, 0.0, 0.0, 0.0, 0.0, 0.0, 0.0, 0.0, 0.0, 0.0, 0.0, 0.0, 0.0, 0.0, 0.0, 0.0, 0.0, 0.0, 0.0, 0.0, 0.0, 0.0, 0.0, 0.0, 0.0, 0.0], "FOD p proportion": [0.0, 0.0, 0.0, 0.0, 0.0, 0.0, 0.0, 0.0, 0.0, 0.0, 0.0, 0.0, 0.0, 0.0, 0.0, 0.0, 0.0, 0.0, 0.0, 0.0, 0.0, 0.0, 0.0, 0.0, 0.0, 0.0, 0.0, 0.0, 0.0, 0.0, 0.0, 0.0, 0.0, 0.0, 0.0, 0.0, 0.0, 0.0, 0.0], "FOD d proportion": [0.0, 0.0, 0.0, 0.0, 0.0, 0.0, 0.0, 0.0, 0.0, 0.0, 0.0, 0.0, 0.0, 0.0, 0.0, 0.0, 0.0, 0.0, 0.0, 0.0, 0.0, 0.0, 0.0, 0.0, 0.0, 0.0, 0.0, 0.0, 0.0, 0.0, 0.0, 0.0, 0.0, 0.0, 0.0, 0.0, 0.0, 0.0, 0.0], "coordinates": [["6.39170", "-1.02420", "-0.14430"], ["5.49270", "-0.77060", "0.92760"], ["4.13780", "-0.72490", "0.47540"], ["3.24790", "-0.43830", "1.67930"], ["1.76490", "-0.44510", "1.32190"], ["1.45410", "0.67570", "0.45050"], ["0.11780", "0.78010", "0.07940"], ["-0.62070", "-0.30960", "-0.08330"], ["-1.87830", "-0.11610", "-0.45450"], ["-2.62960", "-1.26540", "-0.63390"], ["-4.06280", "-1.19000", "-0.38460"], ["-4.35020", "-1.13260", "1.11570"], ["-4.71610", "-2.43000", "-0.99630"], ["-2.41810", "1.07480", "-0.64790"], ["-1.59810", "2.10080", "-0.46360"], ["-2.30350", "3.71770", "-0.69720"], ["-0.81530", "4.63970", "-1.15110"], ["-0.32630", "2.01320", "-0.09140"], ["7.40800", "-1.05080", "0.25790"], ["6.17320", "-1.99150", "-0.60690"], ["6.33210", "-0.22650", "-0.89100"], ["4.03430", "0.06260", "-0.27950"], ["3.87270", "-1.68920", "0.02660"], ["3.43750", "-1.19540", "2.45050"], ["3.53450", "0.52230", "2.12600"], ["1.51650", "-1.40020", "0.84270"], ["1.18070", "-0.36960", "2.24760"], ["1.72270", "1.58850", "0.80540"], ["-2.13610", "-2.03300", "-0.19310"], ["-4.50300", "-0.31350", "-0.87600"], ["-3.92620", "-0.22980", "1.56790"], ["-5.42890", "-1.12360", "1.30450"], ["-3.92080", "-1.99540", "1.63720"], ["-4.32580", "-3.35080", "-0.54810"], ["-4.52140", "-2.47910", "-2.07350"], ["-5.80100", "-2.41250", "-0.84950"], ["-0.11610", "4.68990", "-0.31180"], ["-1.09820", "5.66110", "-1.42010"], ["-0.32250", "4.18140", "-2.01320"]], "bond_dist": [[0.0, 1.421788862665621, 2.3566233873913753, 3.6813413601566483, 4.887982967441683, 5.255791168796568, 6.53202582588281, 7.048980629849964, 8.32548915379751, 9.03779504580625, 10.458575619079301, 10.816088302616617, 11.228775466630367, 9.070390840531624, 8.585131421824595, 9.919567382703743, 9.22140219543644, 7.372931653691088, 1.0933151832843082, 1.094262445668314, 1.0942752578761892, 2.5993745478480013, 2.6108988509706768, 3.9356821670455044, 3.9635232029092498, 4.988298311047567, 5.77097979289479, 5.433938937824017, 8.587399590097109, 10.942347438735439, 10.489125826778894, 11.909470439948201, 10.510215408829641, 10.974558225732826, 11.177401230160791, 12.291729626867003, 8.662012231577602, 10.12025215792571, 8.698939027835522], [1.421788862665621, 0.0, 1.429100185431378, 2.3905236288311396, 3.762700570069322, 4.3162133937051825, 5.658061836000027, 6.2135416124783465, 7.527961985823255, 8.285823228865071, 9.654291556090483, 9.851350466814182, 10.52019947577041, 8.27456694032987, 7.775591298415832, 9.141419275473584, 8.566399697655953, 6.530594493612354, 2.048263708607854, 2.075660692406155, 2.0755585103773875, 2.0683914547299795, 2.068822602351396, 2.5929763766760394, 2.6348245121829272, 4.026632663901688, 4.527311012068864, 4.448953320726123, 7.8133355034837715, 10.167395529829651, 9.456115795610797, 10.933801222356294, 9.519330304701061, 10.258560560819438, 10.592817012957411, 11.549960160537353, 7.925390214367996, 9.503600527694754, 8.184568386909598], [2.3566233873913753, 1.429100185431378, 0.0, 1.5242823819752036, 2.534857925012761, 3.027300127176029, 4.310712354124316, 4.809151903402512, 6.117909010438126, 6.878981719702416, 8.258677761603247, 8.521874640007326, 9.135907842683178, 6.890613019898883, 6.462727775483043, 7.912144539251036, 7.480483608698037, 5.2675082021768125, 3.2935884837058804, 2.630304547005916, 2.632566050453435, 1.095783970497835, 1.096163281632805, 2.14774541089022, 2.154984707602353, 2.7316941757817625, 3.4657425380428943, 3.3605695306004315, 6.443588989840988, 8.755510068522565, 8.152715882452915, 9.610833334836267, 8.240448012699309, 8.920506040578639, 9.195425682914305, 10.167747991074524, 6.9307581179839195, 8.47287508759571, 7.0823149986427465], [3.6813413601566483, 2.3905236288311396, 1.5242823819752036, 0.0, 1.5254736969217138, 2.4430849105178476, 3.7204441374653108, 4.25316216596546, 5.561909898586995, 6.370242923154501, 7.633549016676319, 7.650543840799816, 8.634292110532282, 6.3094284566829035, 5.8756076468736405, 7.330629591651729, 7.092731659945976, 4.681894528927366, 4.438689696295518, 4.024490125469312, 4.02039686722592, 2.169383140434165, 2.1648425208314808, 1.0972228625033293, 1.0974665416312244, 2.1500923538304115, 2.144994270388618, 2.682881751028174, 5.919155839306819, 8.162204600474066, 7.177993662577308, 8.711886671094843, 7.335979314992647, 8.414564676797012, 8.866250333145347, 9.60077529629769, 6.448209863985507, 8.105402268240608, 6.90825162396391], [4.887982967441683, 3.762700570069322, 2.534857925012761, 1.5254736969217138, 0.0, 1.453315946379176, 2.3995540627374914, 2.772009135987831, 4.066539585446083, 4.8795159575515274, 6.1179331109452315, 6.157079072092546, 7.163605255037438, 4.867000826998081, 4.580325977482389, 6.160969664752457, 6.21517112234249, 3.523318495396066, 5.774387075699031, 5.054179586243448, 5.079766550738331, 2.823546990931796, 2.769189004022658, 2.1527375153510935, 2.171157232905991, 1.0970648157697884, 1.0972284994475852, 2.0985904912583586, 4.475986194125268, 6.6433917075542075, 5.700481497207057, 7.225747258934538, 5.901697100834641, 7.002615152926798, 7.428557386868597, 8.113475428569437, 5.707482955734515, 7.280218681468298, 6.073272019266056], [5.255791168796568, 4.3162133937051825, 3.027300127176029, 2.4430849105178476, 1.453315946379176, 0.0, 1.3907955493170088, 2.358082604575166, 3.542719576822303, 4.649774000959617, 5.883401576469177, 6.11574512385858, 7.057617924625843, 4.0447121294351716, 3.4903314541745174, 4.968957340328049, 4.840309382673798, 2.291808460583039, 6.202162705057004, 5.522857540259389, 5.138917307176678, 2.750676943953979, 3.409115600856034, 3.381551532950518, 2.675611326407481, 2.113545696217614, 2.096894861455862, 1.0155312944464094, 4.543216117465688, 6.18264986069889, 5.569213687765985, 7.16536708689792, 6.1182172329854385, 7.1145729471276065, 7.213178168463608, 7.991461396390526, 4.377262954175817, 5.904878729491403, 4.638540475192601], [6.53202582588281, 5.658061836000027, 4.310712354124316, 3.7204441374653108, 2.3995540627374914, 1.3907955493170088, 0.0, 1.3263859280013492, 2.2522519530461063, 3.498724610483083, 4.6447827042823, 4.969442924513773, 5.9015643443073635, 2.6545436877173447, 2.2323553256594257, 3.885266401419599, 4.15708046830946, 1.3217159528431213, 7.518714856941976, 6.694822134306482, 6.36965024236025, 3.9978228712638084, 4.494385869059309, 4.5326728924554, 3.9910990077922146, 2.700499337159704, 2.6744453144530733, 1.9381152107137491, 3.6149485570336957, 4.843608444125103, 4.425998899683551, 5.9908951409618245, 5.142025967456796, 6.099481291060741, 6.064613729661602, 6.788795431444374, 3.9362777709404604, 5.248934868142298, 4.0176710343182656], [7.048980629849964, 6.2135416124783465, 4.809151903402512, 4.25316216596546, 2.772009135987831, 2.358082604575166, 1.3263859280013492, 0.0, 1.3254393422559934, 2.291810029212718, 3.565660985006847, 4.003011397685498, 4.701272840412477, 2.3379442422778176, 2.6286816106177637, 4.407701707239273, 5.066915875559807, 2.341396337658364, 8.070056912438723, 7.018548409749696, 7.00005090981487, 4.673976067546773, 4.701703705041397, 4.865569989220174, 4.778990598442311, 2.5718686202837033, 2.9464787068634997, 3.1438980358783906, 2.29752056791664, 3.9624035369962005, 3.695830046146603, 5.070243789010544, 4.085670312200924, 4.815880240412961, 4.8870325126808805, 5.6431160665008475, 5.030092808288928, 6.137124650844237, 4.897194936900102], [8.32548915379751, 7.527961985823255, 6.117909010438126, 5.561909898586995, 4.066539585446083, 3.542719576822303, 2.2522519530461063, 1.3254393422559934, 0.0, 1.3847478254180434, 2.4351976244239397, 3.0998532062018676, 3.7014577250051097, 1.3217527794561281, 2.234555987215357, 3.86493476917787, 4.922687700839858, 2.659786476392419, 9.360371015082682, 8.268434142568953, 8.222736075662407, 5.917887921378708, 5.981647082535044, 6.15318154534709, 6.030334870469467, 3.8543881083772558, 4.089387198591006, 4.178541631957255, 1.9517418912345963, 2.665647970006542, 2.8804381368118293, 4.0885079931437085, 3.475454449420967, 4.057376159539562, 3.8975514890761866, 4.56257090355865, 5.1208737662629416, 5.9090590799212706, 4.828930065759909], [9.03779504580625, 8.285823228865071, 6.878981719702416, 6.370242923154501, 4.8795159575515274, 4.649774000959617, 3.498724610483083, 2.291810029212718, 1.3847478254180434, 0.0, 1.4566735701590803, 2.457478455653274, 2.4168386727293156, 2.3497796258372827, 3.524811594965042, 4.994159960393739, 6.199144000585888, 4.043354436603351, 10.079423304931687, 8.832736724820908, 9.025379798656676, 6.804171262541824, 6.549486390550025, 6.806476751594763, 6.986347265202324, 4.40325604638204, 4.860440924442966, 5.399893053570598, 1.0134380346128717, 2.115266786956199, 2.757093063354953, 3.4078706386833404, 2.712562008507824, 2.689488657719158, 2.669161495676123, 3.3793638055113275, 6.472018908346915, 7.1372052408488305, 6.073945105119077], [10.458575619079301, 9.654291556090483, 8.258677761603247, 7.633549016676319, 6.1179331109452315, 5.883401576469177, 4.6447827042823, 3.565660985006847, 2.4351976244239397, 1.4566735701590803, 0.0, 1.5286574534538468, 1.5292409162718608, 2.8113491458728497, 4.112219805652416, 5.2228703353615815, 6.717081255277474, 4.930303107315006, 11.489622949862193, 10.269737851571481, 10.451732833363087, 8.194088184782979, 7.961811749218892, 8.018249264022664, 8.182545504914714, 5.716558214520342, 5.924172959156409, 6.5274935848302444, 2.111751438971926, 1.0970425014556182, 2.180114641481039, 2.173406768186756, 2.18094209001523, 2.1828783497941426, 2.173585972534788, 2.175310897320197, 7.08201699659073, 7.536490205659396, 6.744932913676755], [10.816088302616617, 9.851350466814182, 8.521874640007326, 7.650543840799816, 6.157079072092546, 6.11574512385858, 4.969442924513773, 4.003011397685498, 3.0998532062018676, 2.457478455653274, 1.5286574534538468, 0.0, 2.5055286009143862, 3.422851169712174, 4.53024485651714, 5.567853930375688, 7.1381613556993795, 5.2483253767273235, 11.789731944365828, 10.697990817438571, 10.906850846600957, 8.583409947683961, 8.313364347843777, 7.901512903868474, 8.119599386053478, 5.879141744336498, 5.696860663558484, 6.6618905507370805, 2.725053469200192, 2.1589677023985328, 1.0951295265857826, 1.0951347542654277, 1.0957967192869307, 2.772947356153737, 3.466030630274349, 2.7577120389917438, 7.339404969750613, 7.947335737843218, 7.365526355936825], [11.228775466630367, 10.52019947577041, 9.135907842683178, 8.634292110532282, 7.163605255037438, 7.057617924625843, 5.9015643443073635, 4.701272840412477, 3.7014577250051097, 2.4168386727293156, 1.5292409162718608, 2.5055286009143862, 0.0, 4.205449987813433, 5.5257435635396615, 6.610923903661273, 8.075943398142412, 6.311197532164558, 12.266581067681411, 10.905079967611425, 11.266287036109102, 9.126683798620395, 8.681163199134087, 8.93788903265195, 9.302539058773148, 6.579339769308163, 7.038493134897554, 7.800808328628515, 2.7311424788904737, 2.13059990378297, 3.469862200433902, 2.7401542730291664, 2.785085546262448, 1.095942503053878, 1.0957548722227979, 1.094926709876054, 8.504205798309446, 8.873257916909663, 8.003025461036595], [9.070390840531624, 8.27456694032987, 6.890613019898883, 6.3094284566829035, 4.867000826998081, 4.0447121294351716, 2.6545436877173447, 2.3379442422778176, 1.3217527794561281, 2.3497796258372827, 2.8113491458728497, 3.422851169712174, 4.205449987813433, 0.0, 1.3262889918867606, 2.6458427882245763, 3.94089965490115, 2.359218949143975, 10.094101753499418, 9.122187916284119, 8.849772841152477, 6.541691918762302, 6.904260343440129, 7.002995213478301, 6.59038877608901, 4.881453730191447, 4.83958397488875, 4.418392605914508, 3.153535774333312, 2.5151967139768616, 2.980958974893818, 4.208294780549481, 4.111680598003692, 4.820291971447372, 4.368799773393145, 4.862706680440432, 4.298966761909192, 4.83451926669033, 3.988301268710778], [8.585131421824595, 7.775591298415832, 6.462727775483043, 5.8756076468736405, 4.580325977482389, 3.4903314541745174, 2.2323553256594257, 2.6286816106177637, 2.234555987215357, 3.524811594965042, 4.112219805652416, 4.53024485651714, 5.5257435635396615, 1.3262889918867606, 0.0, 1.7794728798158177, 2.7443478824667986, 1.328036836838497, 9.568854791457543, 8.784108256960407, 8.275691396493707, 5.992669005543357, 6.673383600543281, 6.686866277263215, 5.96165020527035, 4.864581569878339, 4.601653076884436, 3.5917300747689827, 4.1774294356697395, 3.7996529130961423, 3.8702374888370867, 5.3101752899504175, 5.15627291461575, 6.096509665374114, 5.666828470140948, 6.179252714527865, 2.9871066351906483, 3.720286057549876, 2.8909015687151993], [9.919567382703743, 9.141419275473584, 7.912144539251036, 7.330629591651729, 6.160969664752457, 4.968957340328049, 3.885266401419599, 4.407701707239273, 3.86493476917787, 4.994159960393739, 5.2228703353615815, 5.567853930375688, 6.610923903661273, 2.6458427882245763, 1.7794728798158177, 0.0, 1.808548713748126, 2.6798570353658793, 10.86112519539297, 10.220448210328156, 9.49567582850215, 7.328160624604239, 8.240382302417771, 8.18569776500452, 7.229334921000686, 6.569367733655956, 6.125154526214012, 4.795996855712064, 5.775178790305977, 4.595687449120099, 4.83183086934963, 6.100255219251077, 6.3800152241197665, 7.353612741367335, 6.724106806111871, 7.059394703513893, 2.424546299826011, 2.398361119598131, 2.4230630800703477], [9.22140219543644, 8.566399697655953, 7.480483608698037, 7.092731659945976, 6.21517112234249, 4.840309382673798, 4.15708046830946, 5.066915875559807, 4.922687700839858, 6.199144000585888, 6.717081255277474, 7.1381613556993795, 8.075943398142412, 3.94089965490115, 2.7443478824667986, 1.808548713748126, 0.0, 2.874123751685025, 10.098996689770722, 9.649253822446584, 8.65060004912954, 6.7251878137342755, 7.9636233273554575, 8.068842693348286, 6.827380699067542, 6.774431466182236, 6.374030450193975, 4.424834199153682, 6.869294136226808, 6.181343020735866, 6.386132637206967, 7.780160873015416, 7.838577622885418, 8.748446119168822, 8.078571186169, 8.641856970003612, 1.0935379142946988, 1.0934584445693396, 1.0936668322665728], [7.372931653691088, 6.530594493612354, 5.2675082021768125, 4.681894528927366, 3.523318495396066, 2.291808460583039, 1.3217159528431213, 2.341396337658364, 2.659786476392419, 4.043354436603351, 4.930303107315006, 5.2483253767273235, 6.311197532164558, 2.359218949143975, 1.328036836838497, 2.6798570353658793, 2.874123751685025, 0.0, 8.326433989409873, 7.651592160459154, 7.070354079535196, 4.780696008950998, 5.5994009286708515, 5.560805697918243, 4.695255286989196, 3.9899566676845, 3.6632916673396347, 2.2766249866853348, 4.433672672852609, 4.844992563461785, 4.554514847928372, 6.150168925322296, 5.654852975100237, 6.7064946984248035, 6.45819972670403, 7.080527959834634, 2.693971620117777, 3.9583390089783874, 2.8973127066300592], [1.0933151832843082, 2.048263708607854, 3.2935884837058804, 4.438689696295518, 5.774387075699031, 6.202162705057004, 7.518714856941976, 8.070056912438723, 9.360371015082682, 10.079423304931687, 11.489622949862193, 11.789731944365828, 12.266581067681411, 10.094101753499418, 9.568854791457543, 10.86112519539297, 10.098996689770722, 8.326433989409873, 0.0, 1.7769430407303444, 1.7767955734974132, 3.5930919846282814, 3.5999167129254537, 4.5379812879737615, 4.57913130080368, 5.930754054081151, 6.572838414262137, 6.291923142410436, 9.605100866206456, 11.987546100015635, 11.439153405737683, 12.879700035715118, 11.45148230972742, 11.984227068943579, 12.238711174384337, 13.325098222902524, 9.481153695094283, 10.964521150054845, 9.606999651295924], [1.094262445668314, 2.075660692406155, 2.630304547005916, 4.024490125469312, 5.054179586243448, 5.522857540259389, 6.694822134306482, 7.018548409749696, 8.268434142568953, 8.832736724820908, 10.269737851571481, 10.697990817438571, 10.905079967611425, 9.122187916284119, 8.784108256960407, 10.220448210328156, 9.649253822446584, 7.651592160459154, 1.7769430407303444, 0.0, 1.794766564208282, 2.983523215931124, 2.4052043135667285, 4.179177486061103, 4.5552903903044415, 4.912823092683065, 5.975264522178076, 5.883701346941397, 8.319700666490352, 10.81061262140125, 10.480039231319699, 11.790480260786666, 10.340446606409222, 10.586791531431984, 10.805699351731011, 11.984054464161952, 9.180603708907165, 10.58757946652586, 9.070639039781046], [1.0942752578761892, 2.0755585103773875, 2.632566050453435, 4.02039686722592, 5.079766550738331, 5.138917307176678, 6.36965024236025, 7.00005090981487, 8.222736075662407, 9.025379798656676, 10.451732833363087, 10.906850846600957, 11.266287036109102, 8.849772841152477, 8.275691396493707, 9.49567582850215, 8.65060004912954, 7.070354079535196, 1.7767955734974132, 1.794766564208282, 0.0, 2.3952861833192287, 3.0050173726619285, 4.525825739022659, 4.182051673521023, 5.251027588958184, 6.033921571416055, 5.236274087555005, 8.686824385239982, 10.835459658454736, 10.54888235738744, 11.997755192534976, 10.707135978402441, 11.111690389405204, 11.147689234096903, 12.328521154623534, 8.12931392185097, 9.494900666147066, 8.06055931123889], [2.5993745478480013, 2.0683914547299795, 1.095783970497835, 2.169383140434165, 2.823546990931796, 2.750676943953979, 3.9978228712638084, 4.673976067546773, 5.917887921378708, 6.804171262541824, 8.194088184782979, 8.583409947683961, 9.126683798620395, 6.541691918762302, 5.992669005543357, 7.328160624604239, 6.7251878137342755, 4.780696008950998, 3.5930919846282814, 2.983523215931124, 2.3952861833192287, 0.0, 1.7856693450916383, 3.064577334641761, 2.4995108281421787, 3.1206463304898877, 3.8361522662688974, 2.9747055955169754, 6.517119032210475, 8.566373488822444, 8.177282236171134, 9.667899496788328, 8.437577786308106, 9.034086424758177, 9.103772700369886, 10.157959741010988, 6.216009068526204, 7.680281691448563, 6.241148561763292], [2.6108988509706768, 2.068822602351396, 1.096163281632805, 2.1648425208314808, 2.769189004022658, 3.409115600856034, 4.494385869059309, 4.701703705041397, 5.981647082535044, 6.549486390550025, 7.961811749218892, 8.313364347843777, 8.681163199134087, 6.904260343440129, 6.673383600543281, 8.240382302417771, 7.9636233273554575, 5.5994009286708515, 3.5999167129254537, 2.4052043135667285, 3.0050173726619285, 1.7856693450916383, 0.0, 2.511678460711084, 3.067994760425773, 2.510222828754452, 3.731092220784686, 3.996541846396707, 6.022635965256409, 8.535782784255936, 8.082592112682663, 9.4059924691656, 7.964071386545954, 8.384902915359246, 8.688801806348213, 9.74018407372263, 7.531132505141573, 8.990533787823725, 7.4982952355852195], [3.9356821670455044, 2.5929763766760394, 2.14774541089022, 1.0972228625033293, 2.1527375153510935, 3.381551532950518, 4.5326728924554, 4.865569989220174, 6.15318154534709, 6.806476751594763, 8.018249264022664, 7.901512903868474, 8.93788903265195, 7.002995213478301, 6.686866277263215, 8.18569776500452, 8.068842693348286, 5.560805697918243, 4.5379812879737615, 4.179177486061103, 4.525825739022659, 3.064577334641761, 2.511678460711084, 0.0, 1.7507719840116245, 2.513405036996624, 2.411692411979604, 3.660190194511755, 6.2253683971312