{"total energy": -42.39352567, "HOMO-LUMO gap/eV": 4.20806191, "electronic energy": -42.90424401, "dipole": [-0.37823506, 0.69887216, -0.14461586], "partial charges": [-0.1011789, -0.05264189, -0.06171475, 0.00537061, -0.11819045, 0.00356939, -0.10992361, 0.29324773, -0.44621193, -0.17951924, 0.00758137, -0.0517, -0.10170527, 0.03730895, 0.0335161, 0.03492772, 0.03549503, 0.02872971, 0.03234586, 0.04805074, 0.04197358, 0.06282539, 0.05155485, 0.05820648, 0.04294613, 0.05135307, 0.04651464, 0.0526882, 0.05631002, 0.04215844, 0.03817609, 0.03759015, 0.04438428, 0.03596153], "atomic dipole moments": [[0.0550019, 0.04399172, 0.08174906], [0.04631243, 0.00562164, -0.10637445], [-0.02506623, 0.01278647, 0.12189762], [0.10223087, 0.03601009, -0.12685567], [-0.0407104, 0.02267933, -0.00099921], [0.02280536, -0.10497315, 0.11845719], [-0.02322334, -0.07479709, -0.09872331], [0.03546576, 0.02946254, -0.01268263], [0.00598472, 0.18029774, -0.04501657], [-0.0733493, -0.50849611, 0.13872111], [-0.01728472, 0.14775105, -0.03168185], [-0.10200353, -0.00629548, -0.0629496], [-0.01429884, -0.0261753, 0.10976221], [0.0647694, -0.09388648, -0.05552115], [-0.02766477, 0.08596655, -0.08742732], [-0.1078816, -0.04781732, 0.04132352], [0.01747778, -0.08903301, 0.08569487], [-0.071108, 0.08468924, 0.0528533], [-0.01992955, 0.08316975, -0.08855471], [0.06985801, -0.08978056, -0.05998979], [-0.0658728, 0.08725432, 0.0590335], [0.02165067, -0.08942027, 0.0900322], [-0.1103011, 0.02850411, -0.05019666], [0.08199103, 0.02662712, -0.0951029], [-0.08509142, -0.01228272, 0.09248643], [0.11569458, -0.02070163, 0.05665662], [-0.00250076, 0.12178965, -0.03653137], [-0.00151271, -0.0423216, 0.12107619], [-0.04432831, -0.09607621, -0.07662427], [0.04663854, 0.09353094, 0.07153722], [0.07288325, -0.0955176, 0.02512744], [-0.04068607, -0.09281339, -0.0762351], [-0.05598008, 0.11003773, -0.03629287], [0.12192784, 0.01446846, -0.02298428]], "atomic quadrupole moments": [[-0.01976019, 0.08304152, -0.06960641, 0.13627354, 0.10731702, 0.0893666], [0.11511999, 0.18448013, -0.13103084, 0.03512866, 0.06849826, 0.01591085], [0.11368664, 0.19817196, -0.1423265, 0.05331799, 0.06411645, 0.02863986], [0.1955208, 0.19745496, -0.14010155, -0.03012834, 0.02771519, -0.05541925], [-0.01291723, 0.06061538, 0.04966142, -0.01828941, -0.03130227, -0.03674419], [-0.21378976, 0.01696445, 0.25777484, 0.03343551, 0.0068402, -0.04398508], [-0.12928335, 0.04291926, 0.0306648, 0.04700001, 0.17387559, 0.09861855], [-0.12082786, 0.13125793, -0.24231717, 0.06322432, 0.12430931, 0.36314502], [-0.05502434, 0.02049141, -0.06252382, 0.02885079, 0.04473811, 0.11754816], [0.33453208, -0.0685669, 0.15388664, -0.15677662, -0.1498274, -0.48841872], [0.18056887, -0.20528906, 0.11531079, -0.0480394, -0.07590884, -0.29587966], [0.10273635, 0.06671831, -0.1876213, -0.1038244, -0.09177984, 0.08488495], [-0.09856384, 0.0164922, -0.11841899, -0.04652239, -0.07622671, 0.21698283], [0.00486815, -0.05392836, 0.01467644, -0.01699582, 0.03721303, -0.01954459], [-0.04639358, -0.00947512, 0.03355111, 0.01970224, -0.05366455, 0.01284247], [0.04613648, 0.04507869, -0.03367111, -0.03736511, -0.01179059, -0.01246536], [-0.01763326, -0.00921275, 0.01835817, 0.02030773, -0.03970943, -0.00072491], [0.00242361, -0.03124912, 0.02394963, -0.01235423, 0.02960423, -0.02637324], [-0.02258613, -0.01243321, 0.02481239, 0.01537253, -0.04335671, -0.00222626], [0.00415613, -0.03414979, 0.02089789, -0.01183575, 0.01974694, -0.02505402], [0.0070035, -0.02721979, 0.02728445, -0.01257816, 0.02080981, -0.03428795], [-0.00850592, -0.00302798, 0.01715402, 0.01755343, -0.03288393, -0.0086481], [0.04309277, -0.00667082, -0.00769595, 0.02117302, 0.00142863, -0.03539682], [0.01700499, 0.00534447, -0.00847764, -0.04076771, 0.007581, -0.00852735], [0.02737988, 0.02535434, -0.04251376, -0.05581158, -0.00878738, 0.01513388], [0.05725792, -0.03431362, -0.03521363, 0.0318991, -0.00027957, -0.02204429], [-0.05280603, -0.00286426, 0.07029538, 0.0045111, -0.03984289, -0.01748935], [-0.01621256, -0.02418943, -0.0206026, -0.00767953, -0.02159659, 0.03681516], [-0.00489813, -0.00264985, 0.00946543, 0.02363095, 0.03685587, -0.0045673], [-0.02572811, 0.02120003, 0.02554098, -0.00306614, 0.03492233, 0.00018713], [-0.01080785, -0.04024058, 0.03125, -0.01013876, -0.02371736, -0.02044216], [-0.03324055, 0.04128337, 0.03458785, 0.02265657, 0.04123065, -0.0013473], [-0.01494334, -0.05773259, 0.03975469, 0.00569628, -0.01298505, -0.02481135], [0.08042006, 0.0129472, -0.05187775, -0.01228831, -0.0095719, -0.02854231]], "number of molecular orbitals": 78, "number of electrons": 78, "number of unpaired electrons": 0, "orbital energies/eV": [-19.517032, -18.85613089, -17.94106811, -17.3575398, -17.17796637, -17.03844009, -16.79791389, -16.25620112, -16.17070504, -16.05326424, -15.34969698, -15.30580201, -15.2024758, -15.02618466, -14.6918998, -14.48761034, -14.13655787, -14.03373385, -13.97828986, -13.75827964, -13.61348601, -13.46623983, -13.37072949, -13.20453678, -13.125556, -12.95886797, -12.74524759, -12.57280498, -12.34192765, -12.24315402, -12.23486929, -12.12309002, -12.07594798, -11.96597212, -11.74821968, -11.60589309, -10.79949899, -10.61853196, -10.11069548, -5.90263357, -5.33873334, -3.74601393, -0.87318025, -0.0383098, 0.02558021, 1.08908789, 1.79619223, 2.42730736, 2.52697204, 2.77006029, 3.18335585, 3.3574874, 3.43799339, 3.62983673, 3.79774515, 3.94156203, 4.0848435, 4.15623928, 4.46858589, 4.64185065, 4.74165441, 4.85214001, 4.90104288, 5.11952114, 5.41673957, 5.89786922, 6.24633344, 6.41602443, 6.6779061, 6.75036495, 6.84618857, 7.06878291, 7.34757439, 7.67608145, 7.91608613, 9.52544684, 13.37469303, 16.17522989], "fractional occupation": [2.0, 2.0, 2.0, 2.0, 2.0, 2.0, 2.0, 2.0, 2.0, 2.0, 2.0, 2.0, 2.0, 2.0, 2.0, 2.0, 2.0, 2.0, 2.0, 2.0, 2.0, 2.0, 2.0, 2.0, 2.0, 2.0, 2.0, 2.0, 2.0, 2.0, 2.0, 2.0, 2.0, 2.0, 2.0, 2.0, 2.0, 2.0, 2.0, 0.0, 0.0, 0.0, 0.0, 0.0, 0.0, 0.0, 0.0, 0.0, 0.0, 0.0, 0.0, 0.0, 0.0, 0.0, 0.0, 0.0, 0.0, 0.0, 0.0, 0.0, 0.0, 0.0, 0.0, 0.0, 0.0, 0.0, 0.0, 0.0, 0.0, 0.0, 0.0, 0.0, 0.0, 0.0, 0.0, 0.0, 0.0, 0.0], "program call": "xtb /home/svss/Project-DBcg-Debug/aqme2_20220329/End-to-End-workflows-final/example-3/QDESCP/mol_575_rdkit_conf_8/mol_575_rdkit_conf_8.xyz --pop --wbo --acc 0.2 --gfn 2 --chrg 0 --uhf 0 --etemp 300 --input /home/svss/Project-DBcg-Debug/aqme2_20220329/End-to-End-workflows-final/example-3/QDESCP/mol_575_rdkit_conf_8/mol_575_rdkit_conf_8_xtb.inp", "method": "GFN2-xTB", "xtb version": "6.3.3 (7355c4f)", "Dipole module/D": 2.053, "Total charge": 0, "Transition dipole module/D": NaN, "HOMO": -10.1107, "LUMO": -5.9026, "HOMO occupancy": 2.0, "LUMO occupancy": 0, "mulliken charges": [-0.08243, -0.03957, -0.05739, 0.09683, -0.29583, 0.0951, -0.09538, 0.49725, -0.56176, -0.12908, 0.03203, -0.04186, -0.08444, 0.03078, 0.02587, 0.02915, 0.0279, 0.01894, 0.0212, 0.0437, 0.0216, 0.05183, 0.03155, 0.03249, 0.03516, 0.0376, 0.03381, 0.04146, 0.04147, 0.02681, 0.02924, 0.029, 0.02828, 0.02867], "cm5 charges": [-0.23276, -0.15183, -0.16207, 0.04872, -0.5494, 0.04411, -0.23983, 0.60619, -0.60922, -0.16297, -0.0586, -0.15152, -0.23385, 0.08209, 0.07717, 0.07994, 0.08272, 0.07374, 0.07891, 0.10264, 0.08737, 0.12154, 0.09668, 0.09878, 0.0886, 0.09165, 0.08501, 0.10007, 0.10048, 0.08174, 0.08354, 0.08044, 0.08051, 0.07944], "FUKUI+": [0.008, 0.004, 0.004, 0.022, -0.061, 0.018, 0.014, -0.041, -0.144, -0.382, 0.027, 0.016, 0.018, -0.006, -0.009, -0.018, -0.009, -0.014, -0.015, -0.001, -0.041, -0.021, -0.047, -0.009, -0.026, -0.001, -0.035, -0.061, -0.061, -0.025, -0.047, -0.019, -0.001, -0.037], "FUKUI-": [0.009, 0.003, -0.004, 0.014, -0.082, 0.018, 0.009, 0.027, -0.061, -0.309, 0.038, 0.011, 0.012, -0.033, -0.032, -0.046, -0.036, -0.038, -0.03, -0.023, -0.043, -0.037, -0.043, -0.022, -0.025, -0.013, -0.038, -0.057, -0.054, -0.022, -0.039, -0.017, -0.009, -0.032], "FUKUIrad": [0.009, 0.004, 0.0, 0.018, -0.072, 0.018, 0.012, -0.007, -0.103, -0.345, 0.032, 0.014, 0.015, -0.02, -0.021, -0.032, -0.023, -0.026, -0.022, -0.012, -0.042, -0.029, -0.045, -0.016, -0.025, -0.007, -0.036, -0.059, -0.057, -0.024, -0.043, -0.018, -0.005, -0.034], "s proportion": [1.007, 1.027, 1.036, 1.009, 1.445, 1.005, 1.012, 0.995, 1.73, 1.925, 1.037, 1.029, 1.007, 0.969, 0.974, 0.971, 0.972, 0.981, 0.979, 0.956, 0.978, 0.948, 0.968, 0.968, 0.965, 0.962, 0.966, 0.959, 0.959, 0.973, 0.971, 0.971, 0.972, 0.971], "p proportion": [3.075, 3.013, 3.022, 2.894, 3.85, 2.9, 3.084, 2.508, 4.832, 4.204, 2.931, 3.013, 3.077, 0.0, 0.0, 0.0, 0.0, 0.0, 0.0, 0.0, 0.0, 0.0, 0.0, 0.0, 0.0, 0.0, 0.0, 0.0, 0.0, 0.0, 0.0, 0.0, 0.0, 0.0], "d proportion": [0.0, 0.0, 0.0, 0.0, 0.0, 0.0, 0.0, 0.0, 0.0, 0.0, 0.0, 0.0, 0.0, 0.0, 0.0, 0.0, 0.0, 0.0, 0.0, 0.0, 0.0, 0.0, 0.0, 0.0, 0.0, 0.0, 0.0, 0.0, 0.0, 0.0, 0.0, 0.0, 0.0, 0.0], "Fermi-level/eV": -8.0067, "Coordination numbers": [3.75, 3.8, 3.801, 3.745, 2.762, 3.736, 3.749, 2.749, 0.879, 2.029, 3.793, 3.825, 3.749, 0.924, 0.924, 0.924, 0.924, 0.924, 0.924, 0.924, 0.924, 0.924, 0.924, 0.924, 0.924, 0.924, 0.924, 0.924, 0.924, 0.924, 0.924, 0.924, 0.924, 0.924], "Dispersion coefficient C6": [22.496, 21.52, 21.686, 20.556, 23.571, 20.602, 22.667, 22.026, 22.615, 148.662, 20.458, 21.482, 22.508, 2.485, 2.537, 2.518, 2.51, 2.605, 2.554, 2.345, 2.423, 2.166, 2.301, 2.22, 2.41, 2.303, 2.364, 2.287, 2.243, 2.42, 2.473, 2.481, 2.391, 2.503], "Total dispersion C6": 10118.884184, "Total dispersion C8": 241430.359524, "Polarizability alpha": [6.764, 6.605, 6.63, 6.467, 7.211, 6.477, 6.79, 7.685, 6.376, 20.521, 6.441, 6.595, 6.767, 2.465, 2.491, 2.481, 2.478, 2.524, 2.499, 2.395, 2.434, 2.302, 2.372, 2.33, 2.428, 2.373, 2.404, 2.365, 2.342, 2.433, 2.459, 2.463, 2.418, 2.474], "Total polarizability alpha": 152.261588, "Wiberg matrix": [[0.0, 1.020189177908521, 0.0, 0.0, 0.0, 0.0, 0.0, 0.0, 0.0, 0.0, 0.0, 0.0, 0.0, 0.9873911659956064, 0.9875951713312748, 0.9869901119646881, 0.0, 0.0, 0.0, 0.0, 0.0, 0.0, 0.0, 0.0, 0.0, 0.0, 0.0, 0.0, 0.0, 0.0, 0.0, 0.0, 0.0, 0.0], [1.020189177908521, 0.0, 1.0062135706885342, 0.0, 0.0, 0.0, 0.0, 0.0, 0.0, 0.0, 0.0, 0.0, 0.0, 0.0, 0.0, 0.0, 0.9775382090143178, 0.9779031106350468, 0.0, 0.0, 0.0, 0.0, 0.0, 0.0, 0.0, 0.0, 0.0, 0.0, 0.0, 0.0, 0.0, 0.0, 0.0, 0.0], [0.0, 1.0062135706885342, 0.0, 0.9964898388367499, 0.0, 0.0, 0.0, 0.0, 0.0, 0.0, 0.0, 0.0, 0.0, 0.0, 0.0, 0.0, 0.0, 0.0, 0.975607765462716, 0.9755495563648755, 0.0, 0.0, 0.0, 0.0, 0.0, 0.0, 0.0, 0.0, 0.0, 0.0, 0.0, 0.0, 0.0, 0.0], [0.0, 0.0, 0.9964898388367499, 0.0, 0.980139172151463, 0.0, 0.0, 0.0, 0.0, 0.0, 0.0, 0.0, 0.0, 0.0, 0.0, 0.0, 0.0, 0.0, 0.0, 0.0, 0.9700007599129417, 0.967955011236974, 0.0, 0.0, 0.0, 0.0, 0.0, 0.0, 0.0, 0.0, 0.0, 0.0, 0.0, 0.0], [0.0, 0.0, 0.0, 0.980139172151463, 0.0, 0.9848904591931152, 0.0, 1.2119280933041967, 0.17036154513200305, 0.0, 0.0, 0.0, 0.0, 0.0, 0.0, 0.0, 0.0, 0.0, 0.0, 0.0, 0.0, 0.0, 0.0, 0.0, 0.0, 0.0, 0.0, 0.0, 0.0, 0.0, 0.0, 0.0, 0.0, 0.0], [0.0, 0.0, 0.0, 0.0, 0.9848904591931152, 0.0, 1.011314982517091, 0.0, 0.0, 0.0, 0.0, 0.0, 0.0, 0.0, 0.0, 0.0, 0.0, 0.0, 0.0, 0.0, 0.0, 0.0, 0.9690108374999531, 0.9650478288101315, 0.0, 0.0, 0.0, 0.0, 0.0, 0.0, 0.0, 0.0, 0.0, 0.0], [0.0, 0.0, 0.0, 0.0, 0.0, 1.011314982517091, 0.0, 0.0, 0.0, 0.0, 0.0, 0.0, 0.0, 0.0, 0.0, 0.0, 0.0, 0.0, 0.0, 0.0, 0.0, 0.0, 0.0, 0.0, 0.9854189530921484, 0.9854146219909967, 0.9834484710700203, 0.0, 0.0, 0.0, 0.0, 0.0, 0.0, 0.0], [0.0, 0.0, 0.0, 0.0, 1.2119280933041967, 0.0, 0.0, 0.0, 1.6562926305728167, 1.0237503821028437, 0.0, 0.0, 0.0, 0.0, 0.0, 0.0, 0.0, 0.0, 0.0, 0.0, 0.0, 0.0, 0.0, 0.0, 0.0, 0.0, 0.0, 0.0, 0.0, 0.0, 0.0, 0.0, 0.0, 0.0], [0.0, 0.0, 0.0, 0.0, 0.17036154513200305, 0.0, 0.0, 1.6562926305728167, 0.0, 0.16145470808134754, 0.0, 0.0, 0.0, 0.0, 0.0, 0.0, 0.0, 0.0, 0.0, 0.0, 0.0, 0.0, 0.0, 0.0, 0.0, 0.0, 0.0, 0.0, 0.0, 0.0, 0.0, 0.0, 0.0, 0.0], [0.0, 0.0, 0.0, 0.0, 0.0, 0.0, 0.0, 1.0237503821028437, 0.16145470808134754, 0.0, 0.9801058385945574, 0.0, 0.0, 0.0, 0.0, 0.0, 0.0, 0.0, 0.0, 0.0, 0.0, 0.0, 0.0, 0.0, 0.0, 0.0, 0.0, 0.0, 0.0, 0.0, 0.0, 0.0, 0.0, 0.0], [0.0, 0.0, 0.0, 0.0, 0.0, 0.0, 0.0, 0.0, 0.0, 0.9801058385945574, 0.0, 1.0112666013417286, 0.0, 0.0, 0.0, 0.0, 0.0, 0.0, 0.0, 0.0, 0.0, 0.0, 0.0, 0.0, 0.0, 0.0, 0.0, 0.973189569594809, 0.9722970271468705, 0.0, 0.0, 0.0, 0.0, 0.0], [0.0, 0.0, 0.0, 0.0, 0.0, 0.0, 0.0, 0.0, 0.0, 0.0, 1.0112666013417286, 0.0, 1.02126647213325, 0.0, 0.0, 0.0, 0.0, 0.0, 0.0, 0.0, 0.0, 0.0, 0.0, 0.0, 0.0, 0.0, 0.0, 0.0, 0.0, 0.9766296193018802, 0.9710386287620504, 0.0, 0.0, 0.0], [0.0, 0.0, 0.0, 0.0, 0.0, 0.0, 0.0, 0.0, 0.0, 0.0, 0.0, 1.02126647213325, 0.0, 0.0, 0.0, 0.0, 0.0, 0.0, 0.0, 0.0, 0.0, 0.0, 0.0, 0.0, 0.0, 0.0, 0.0, 0.0, 0.0, 0.0, 0.0, 0.9870086443830036, 0.9859089587977592, 0.986562438893743], [0.9873911659956064, 0.0, 0.0, 0.0, 0.0, 0.0, 0.0, 0.0, 0.0, 0.0, 0.0, 0.0, 0.0, 0.0, 0.0, 0.0, 0.0, 0.0, 0.0, 0.0, 0.0, 0.0, 0.0, 0.0, 0.0, 0.0, 0.0, 0.0, 0.0, 0.0, 0.0, 0.0, 0.0, 0.0], [0.9875951713312748, 0.0, 0.0, 0.0, 0.0, 0.0, 0.0, 0.0, 0.0, 0.0, 0.0, 0.0, 0.0, 0.0, 0.0, 0.0, 0.0, 0.0, 0.0, 0.0, 0.0, 0.0, 0.0, 0.0, 0.0, 0.0, 0.0, 0.0, 0.0, 0.0, 0.0, 0.0, 0.0, 0.0], [0.9869901119646881, 0.0, 0.0, 0.0, 0.0, 0.0, 0.0, 0.0, 0.0, 0.0, 0.0, 0.0, 0.0, 0.0, 0.0, 0.0, 0.0, 0.0, 0.0, 0.0, 0.0, 0.0, 0.0, 0.0, 0.0, 0.0, 0.0, 0.0, 0.0, 0.0, 0.0, 0.0, 0.0, 0.0], [0.0, 0.9775382090143178, 0.0, 0.0, 0.0, 0.0, 0.0, 0.0, 0.0, 0.0, 0.0, 0.0, 0.0, 0.0, 0.0, 0.0, 0.0, 0.0, 0.0, 0.0, 0.0, 0.0, 0.0, 0.0, 0.0, 0.0, 0.0, 0.0, 0.0, 0.0, 0.0, 0.0, 0.0, 0.0], [0.0, 0.9779031106350468, 0.0, 0.0, 0.0, 0.0, 0.0, 0.0, 0.0, 0.0, 0.0, 0.0, 0.0, 0.0, 0.0, 0.0, 0.0, 0.0, 0.0, 0.0, 0.0, 0.0, 0.0, 0.0, 0.0, 0.0, 0.0, 0.0, 0.0, 0.0, 0.0, 0.0, 0.0, 0.0], [0.0, 0.0, 0.975607765462716, 0.0, 0.0, 0.0, 0.0, 0.0, 0.0, 0.0, 0.0, 0.0, 0.0, 0.0, 0.0, 0.0, 0.0, 0.0, 0.0, 0.0, 0.0, 0.0, 0.0, 0.0, 0.0, 0.0, 0.0, 0.0, 0.0, 0.0, 0.0, 0.0, 0.0, 0.0], [0.0, 0.0, 0.9755495563648755, 0.0, 0.0, 0.0, 0.0, 0.0, 0.0, 0.0, 0.0, 0.0, 0.0, 0.0, 0.0, 0.0, 0.0, 0.0, 0.0, 0.0, 0.0, 0.0, 0.0, 0.0, 0.0, 0.0, 0.0, 0.0, 0.0, 0.0, 0.0, 0.0, 0.0, 0.0], [0.0, 0.0, 0.0, 0.9700007599129417, 0.0, 0.0, 0.0, 0.0, 0.0, 0.0, 0.0, 0.0, 0.0, 0.0, 0.0, 0.0, 0.0, 0.0, 0.0, 0.0, 0.0, 0.0, 0.0, 0.0, 0.0, 0.0, 0.0, 0.0, 0.0, 0.0, 0.0, 0.0, 0.0, 0.0], [0.0, 0.0, 0.0, 0.967955011236974, 0.0, 0.0, 0.0, 0.0, 0.0, 0.0, 0.0, 0.0, 0.0, 0.0, 0.0, 0.0, 0.0, 0.0, 0.0, 0.0, 0.0, 0.0, 0.0, 0.0, 0.0, 0.0, 0.0, 0.0, 0.0, 0.0, 0.0, 0.0, 0.0, 0.0], [0.0, 0.0, 0.0, 0.0, 0.0, 0.9690108374999531, 0.0, 0.0, 0.0, 0.0, 0.0, 0.0, 0.0, 0.0, 0.0, 0.0, 0.0, 0.0, 0.0, 0.0, 0.0, 0.0, 0.0, 0.0, 0.0, 0.0, 0.0, 0.0, 0.0, 0.0, 0.0, 0.0, 0.0, 0.0], [0.0, 0.0, 0.0, 0.0, 0.0, 0.9650478288101315, 0.0, 0.0, 0.0, 0.0, 0.0, 0.0, 0.0, 0.0, 0.0, 0.0, 0.0, 0.0, 0.0, 0.0, 0.0, 0.0, 0.0, 0.0, 0.0, 0.0, 0.0, 0.0, 0.0, 0.0, 0.0, 0.0, 0.0, 0.0], [0.0, 0.0, 0.0, 0.0, 0.0, 0.0, 0.9854189530921484, 0.0, 0.0, 0.0, 0.0, 0.0, 0.0, 0.0, 0.0, 0.0, 0.0, 0.0, 0.0, 0.0, 0.0, 0.0, 0.0, 0.0, 0.0, 0.0, 0.0, 0.0, 0.0, 0.0, 0.0, 0.0, 0.0, 0.0], [0.0, 0.0, 0.0, 0.0, 0.0, 0.0, 0.9854146219909967, 0.0, 0.0, 0.0, 0.0, 0.0, 0.0, 0.0, 0.0, 0.0, 0.0, 0.0, 0.0, 0.0, 0.0, 0.0, 0.0, 0.0, 0.0, 0.0, 0.0, 0.0, 0.0, 0.0, 0.0, 0.0, 0.0, 0.0], [0.0, 0.0, 0.0, 0.0, 0.0, 0.0, 0.9834484710700203, 0.0, 0.0, 0.0, 0.0, 0.0, 0.0, 0.0, 0.0, 0.0, 0.0, 0.0, 0.0, 0.0, 0.0, 0.0, 0.0, 0.0, 0.0, 0.0, 0.0, 0.0, 0.0, 0.0, 0.0, 0.0, 0.0, 0.0], [0.0, 0.0, 0.0, 0.0, 0.0, 0.0, 0.0, 0.0, 0.0, 0.0, 0.973189569594809, 0.0, 0.0, 0.0, 0.0, 0.0, 0.0, 0.0, 0.0, 0.0, 0.0, 0.0, 0.0, 0.0, 0.0, 0.0, 0.0, 0.0, 0.0, 0.0, 0.0, 0.0, 0.0, 0.0], [0.0, 0.0, 0.0, 0.0, 0.0, 0.0, 0.0, 0.0, 0.0, 0.0, 0.9722970271468705, 0.0, 0.0, 0.0, 0.0, 0.0, 0.0, 0.0, 0.0, 0.0, 0.0, 0.0, 0.0, 0.0, 0.0, 0.0, 0.0, 0.0, 0.0, 0.0, 0.0, 0.0, 0.0, 0.0], [0.0, 0.0, 0.0, 0.0, 0.0, 0.0, 0.0, 0.0, 0.0, 0.0, 0.0, 0.9766296193018802, 0.0, 0.0, 0.0, 0.0, 0.0, 0.0, 0.0, 0.0, 0.0, 0.0, 0.0, 0.0, 0.0, 0.0, 0.0, 0.0, 0.0, 0.0, 0.0, 0.0, 0.0, 0.0], [0.0, 0.0, 0.0, 0.0, 0.0, 0.0, 0.0, 0.0, 0.0, 0.0, 0.0, 0.9710386287620504, 0.0, 0.0, 0.0, 0.0, 0.0, 0.0, 0.0, 0.0, 0.0, 0.0, 0.0, 0.0, 0.0, 0.0, 0.0, 0.0, 0.0, 0.0, 0.0, 0.0, 0.0, 0.0], [0.0, 0.0, 0.0, 0.0, 0.0, 0.0, 0.0, 0.0, 0.0, 0.0, 0.0, 0.0, 0.9870086443830036, 0.0, 0.0, 0.0, 0.0, 0.0, 0.0, 0.0, 0.0, 0.0, 0.0, 0.0, 0.0, 0.0, 0.0, 0.0, 0.0, 0.0, 0.0, 0.0, 0.0, 0.0], [0.0, 0.0, 0.0, 0.0, 0.0, 0.0, 0.0, 0.0, 0.0, 0.0, 0.0, 0.0, 0.9859089587977592, 0.0, 0.0, 0.0, 0.0, 0.0, 0.0, 0.0, 0.0, 0.0, 0.0, 0.0, 0.0, 0.0, 0.0, 0.0, 0.0, 0.0, 0.0, 0.0, 0.0, 0.0], [0.0, 0.0, 0.0, 0.0, 0.0, 0.0, 0.0, 0.0, 0.0, 0.0, 0.0, 0.0, 0.986562438893743, 0.0, 0.0, 0.0, 0.0, 0.0, 0.0, 0.0, 0.0, 0.0, 0.0, 0.0, 0.0, 0.0, 0.0, 0.0, 0.0, 0.0, 0.0, 0.0, 0.0, 0.0]], "Born radii": [], "Atomic SASAs": [], "Solvent H bonds": [], "Total SASA": NaN, "Total FOD": 0.0, "FOD": [0.0, 0.0, 0.0, 0.0, 0.0, 0.0, 0.0, 0.0, 0.0, 0.0, 0.0, 0.0, 0.0, 0.0, 0.0, 0.0, 0.0, 0.0, 0.0, 0.0, 0.0, 0.0, 0.0, 0.0, 0.0, 0.0, 0.0, 0.0, 0.0, 0.0, 0.0, 0.0, 0.0, 0.0], "FOD s proportion": [0.0, 0.0, 0.0, 0.0, 0.0, 0.0, 0.0, 0.0, 0.0, 0.0, 0.0, 0.0, 0.0, 0.0, 0.0, 0.0, 0.0, 0.0, 0.0, 0.0, 0.0, 0.0, 0.0, 0.0, 0.0, 0.0, 0.0, 0.0, 0.0, 0.0, 0.0, 0.0, 0.0, 0.0], "FOD p proportion": [0.0, 0.0, 0.0, 0.0, 0.0, 0.0, 0.0, 0.0, 0.0, 0.0, 0.0, 0.0, 0.0, 0.0, 0.0, 0.0, 0.0, 0.0, 0.0, 0.0, 0.0, 0.0, 0.0, 0.0, 0.0, 0.0, 0.0, 0.0, 0.0, 0.0, 0.0, 0.0, 0.0, 0.0], "FOD d proportion": [0.0, 0.0, 0.0, 0.0, 0.0, 0.0, 0.0, 0.0, 0.0, 0.0, 0.0, 0.0, 0.0, 0.0, 0.0, 0.0, 0.0, 0.0, 0.0, 0.0, 0.0, 0.0, 0.0, 0.0, 0.0, 0.0, 0.0, 0.0, 0.0, 0.0, 0.0, 0.0, 0.0, 0.0], "coordinates": [["-4.64840", "-1.74450", "-0.97280"], ["-3.87600", "-1.13740", "0.18750"], ["-2.54820", "-0.54000", "-0.27550"], ["-1.77530", "0.07010", "0.89550"], ["-0.50320", "0.64600", "0.46040"], ["-0.52150", "2.05760", "0.06100"], ["-0.25240", "2.98360", "1.23730"], ["0.60960", "-0.19330", "0.44740"], ["0.55630", "-1.38100", "0.74930"], ["2.14150", "0.53380", "-0.02280"], ["3.22350", "-0.92140", "0.11100"], ["4.67470", "-0.59580", "-0.24470"], ["4.88890", "-0.26520", "-1.71580"], ["-4.07560", "-2.54710", "-1.44810"], ["-4.87560", "-0.98840", "-1.73110"], ["-5.59450", "-2.16590", "-0.61910"], ["-3.69320", "-1.91150", "0.94190"], ["-4.48870", "-0.36110", "0.66040"], ["-2.73410", "0.22720", "-1.03700"], ["-1.94080", "-1.31690", "-0.75620"], ["-2.36670", "0.85190", "1.38610"], ["-1.58380", "-0.70150", "1.65070"], ["-1.50330", "2.28300", "-0.37110"], ["0.20840", "2.24090", "-0.73230"], ["-1.00720", "2.85480", "2.01990"], ["0.72610", "2.78810", "1.68640"], ["-0.27610", "4.02780", "0.91070"], ["3.18760", "-1.28600", "1.14320"], ["2.84980", "-1.71610", "-0.54360"], ["5.04840", "0.22640", "0.37750"], ["5.28910", "-1.47170", "-0.00180"], ["4.51920", "-1.07210", "-2.35660"], ["4.38430", "0.66210", "-2.00180"], ["5.95710", "-0.13640", "-1.91840"]], "bond_dist": [[0.0, 1.5203513607058072, 2.519501454653281, 3.877888814806324, 4.995121172704422, 5.705787453104085, 6.823803017379678, 5.66301628816305, 5.494239051042465, 7.22467251160909, 7.988674837543458, 9.421774509613357, 9.679900246386838, 1.0946125752977627, 1.09468074798089, 1.094434493242972, 2.1462460553254368, 2.1463088990171006, 2.7488664973039336, 2.749700907371563, 4.184717082432217, 4.166818259775677, 5.145333142761506, 6.287269649855968, 6.585449963366209, 7.516718542688691, 7.482247445119681, 8.12961095317605, 7.51052744086592, 9.986775612779132, 9.988551801437485, 9.295800877815747, 9.404266789601408, 10.768322767265104], [1.5203513607058072, 0.0, 1.5278444292531879, 2.5243337219947763, 3.825018929364925, 4.634295793321786, 5.587056291107152, 4.591239503663471, 4.474398673564974, 6.248795226281624, 7.103197061886992, 8.578729386686584, 9.011479109447016, 2.1684744891282444, 2.1685080401049937, 2.1590873210687893, 1.0962508882550563, 1.0962104679303148, 2.159969680342759, 2.160506648913629, 2.7698272401000033, 2.7541139936465955, 4.200104214183263, 5.37970875512792, 5.246462049800799, 6.231819627524533, 6.3373171997304985, 7.129508356822369, 6.790124191795022, 9.030003643410119, 9.173148259458147, 8.772462136709397, 8.732914223213234, 10.105774162329178], [2.519501454653281, 1.5278444292531879, 0.0, 1.5299795488829255, 2.4759179731970122, 3.3118379942261664, 4.469342058961252, 3.2579880509295918, 3.3757097461126597, 4.8176954885090035, 5.7971863088915825, 7.223181202904991, 7.580266191895901, 2.7814370260712353, 2.781478865639644, 3.4700944454005858, 2.1619666995585294, 2.1618173535245755, 1.0968303879816605, 1.0970783290175774, 2.1751419310012854, 2.1601842629738788, 3.011691280659424, 3.9421966731760096, 4.3781513450313705, 5.06422172796571, 5.237776788867582, 5.955554326005263, 5.531138474129897, 7.663035268090576, 7.897230392359083, 7.386626454613769, 7.244633348210245, 8.67191682732255], [3.877888814806324, 2.5243337219947763, 1.5299795488829255, 0.0, 1.4626042629501665, 2.493704260733417, 3.3052282674574838, 2.4408853270893327, 2.750168033048163, 4.049643789273324, 5.156211200096443, 6.583766311922075, 7.165394296198918, 4.199235274427952, 4.198965336841923, 4.677605990247575, 2.758121086899558, 2.7574888957165355, 2.1629919324861104, 2.1631625320349834, 1.0961995986133182, 1.0965244411320707, 2.564212543842651, 3.3611264733716877, 3.099807584351003, 3.777571808715223, 4.232165045222126, 5.15079983206492, 5.162661063831326, 6.845117630837326, 7.286154122031733, 7.1764549395923884, 6.832677619352459, 8.231080440622604], [4.995121172704422, 3.825018929364925, 2.4759179731970122, 1.4626042629501665, 0.0, 1.4671297863515689, 2.476054928712205, 1.3938856947397087, 2.305370352025895, 2.690819423521393, 4.057969444192501, 5.371208584666955, 5.885649861315231, 5.157548024012961, 5.156725450322133, 5.9155251288452835, 4.116885776894958, 4.115636118511937, 2.719285753649292, 2.720254717852723, 2.090920263902954, 2.0976812674951364, 2.0907800601689313, 2.1148555175235964, 2.750427910344134, 2.7573260416570253, 3.419198113593303, 4.221474206956618, 4.222575210697851, 5.568051645773411, 6.184579324416497, 6.009314301149508, 5.4726907732851116, 6.92865898208304], [5.705787453104085, 4.634295793321786, 3.3118379942261664, 2.493704260733417, 1.4671297863515689, 0.0, 1.521043227525109, 2.5485766576659996, 3.6687027257601565, 3.0692927328620843, 4.785599857907053, 5.842471950296381, 6.150190748261389, 6.009348692662125, 5.607844971109669, 6.6359488590555005, 5.156493043726521, 4.684876293991122, 3.0743400787811357, 3.7509303619235586, 2.571840885435955, 3.3568229309869775, 1.0961052914752305, 1.0934705254372428, 2.1699588797947302, 2.175330128968934, 2.1596062812466537, 5.109622354929961, 5.096274770849782, 5.871733279024175, 6.798748023717308, 6.406907861051225, 5.5017667825890255, 7.12066838997576], [6.823803017379678, 5.587056291107152, 4.469342058961252, 3.3052282674574838, 2.476054928712205, 1.521043227525109, 0.0, 3.3852148558104846, 4.465632413219879, 3.6496752266468864, 5.34784606173364, 6.267754204657359, 6.760803705181803, 7.239949854108106, 6.779539866392114, 7.648634101589643, 5.990690261564188, 5.428265781075941, 4.350748940125137, 5.031802565681606, 3.006085630849527, 3.939985727131509, 2.1546558263444306, 2.1548234475241816, 1.0948859483982794, 1.094245543742354, 1.0943413041642904, 5.4837887422839335, 5.906134923958307, 6.03654607536462, 7.217568091123215, 7.220317601047753, 6.113928193068675, 7.632216764479374], [5.66301628816305, 4.591239503663471, 3.2579880509295918, 2.4408853270893327, 1.3938856947397087, 2.5485766576659996, 3.3852148558104846, 0.0, 1.2266278123375485, 1.7596818064638848, 2.7341850303152495, 4.143192811105947, 4.795520028109568, 5.575337992444942, 5.955288851096982, 6.596925785545871, 4.659488097420145, 5.105505727153775, 3.6824710861050898, 3.035732214804198, 3.2911946797477656, 2.5528810567670406, 3.3565384475676723, 2.7345901283373344, 3.7917953663139574, 3.2307025876734614, 4.337833167607994, 2.8851715598903303, 2.884353806314336, 4.45914560650356, 4.871735568562809, 4.890774744352882, 4.580245614593173, 5.847734903362156], [5.494239051042465, 4.474398673564974, 3.3757097461126597, 2.750168033048163, 2.305370352025895, 3.6687027257601565, 4.465632413219879, 1.2266278123375485, 0.0, 2.6029707047909705, 2.7807579704102263, 4.308804196061826, 5.1081454961659025, 5.257647152481802, 5.98431754922815, 6.3498761570600735, 4.286814115400854, 5.147827135792343, 4.074789208045, 2.9165300392761258, 3.732999551299196, 2.4195599227958793, 4.349959117049263, 3.928655314481025, 4.690517908504348, 4.276491933816782, 5.4748568163925535, 2.6623151391223394, 2.6540581512092003, 4.785491867091616, 4.792887807992171, 5.044463344103116, 5.137741996246989, 6.150958713078799], [7.22467251160909, 6.248795226281624, 4.8176954885090035, 4.049643789273324, 2.690819423521393, 3.0692927328620843, 3.6496752266468864, 1.7596818064638848, 2.6029707047909705, 0.0, 1.8183051119105396, 2.7825057070920804, 3.3245836972469194, 7.083484828105444, 7.380723144787373, 8.215208444099273, 6.399520471879124, 6.725114146986653, 4.989396813243061, 4.541821147953759, 4.7339258612699044, 4.266664789973546, 4.057780251566119, 2.674781536873619, 4.4129328093683915, 3.163319504887231, 4.35020091604974, 2.4011566483676154, 2.4155685748908065, 2.950390221648655, 3.7322723654631638, 3.6985124766586903, 2.9938359557597667, 4.312919053263114], [7.988674837543458, 7.103197061886992, 5.7971863088915825, 5.156211200096443, 4.057969444192501, 4.785599857907053, 5.34784606173364, 2.7341850303152495, 2.7807579704102263, 1.8183051119105396, 0.0, 1.529221792285213, 2.557607053477918, 7.638753439534489, 8.306217082402794, 8.935264420262, 7.036436009088693, 7.752019433025177, 6.174964268722532, 5.251518883142286, 6.0017338278200905, 5.052639447852973, 5.7309020241145285, 4.449957773956962, 5.983511355383225, 4.741232136270065, 6.1140249337077455, 1.0952893727230262, 1.0953086049146148, 2.172263128628758, 2.140620772112613, 2.7911644057633005, 2.884242141360534, 3.4938887103054665], [9.421774509613357, 8.578729386686584, 7.223181202904991, 6.583766311922075, 5.371208584666955, 5.842471950296381, 6.267754204657359, 4.143192811105947, 4.308804196061826, 2.7825057070920804, 1.529221792285213, 0.0, 1.522929154622762, 9.045633937983562, 9.673249185770002, 10.395280564275309, 8.553410808560523, 9.210982013878867, 7.496358164468931, 6.674313276285433, 7.371340304856369, 6.540071551596359, 6.816975164983367, 5.313422281355021, 7.022751677939353, 5.547194640536782, 6.871902703036474, 2.1480476856904267, 2.16209928310427, 1.0967211906405385, 1.0971274219524372, 2.170521492637196, 2.180377256348084, 2.157978176442014], [9.679900246386838, 9.011479109447016, 7.580266191895901, 7.165394296198918, 5.885649861315231, 6.150190748261389, 6.760803705181803, 4.795520028109568, 5.1081454961659025, 3.3245836972469194, 2.557607053477918, 1.522929154622762, 0.0, 9.254241792280986, 9.791256945867573, 10.710606282559358, 9.13378965107036, 9.67444597948637, 7.668986647530428, 6.976511100829698, 7.96953118947407, 7.308866206875044, 7.011544920343875, 5.399526804267204, 7.645511735652493, 6.182759058058141, 7.211489183934203, 3.4799907083209285, 2.763528986640089, 2.156157624108219, 2.1339161862641185, 1.0947101625544544, 1.093756119982878, 1.0948458521636732], [1.0946125752977627, 2.1684744891282444, 2.7814370260712353, 4.199235274427952, 5.157548024012961, 6.009348692662125, 7.239949854108106, 5.575337992444942, 5.257647152481802, 7.083484828105444, 7.638753439534489, 9.045633937983562, 9.254241792280986, 0.0, 1.7747210175123302, 1.7718949319866573, 2.5024622115029027, 3.06512966446772, 3.1089171667961817, 2.559196883789912, 4.7440731286522135, 4.383818887682291, 5.577322144183532, 6.464516195354453, 7.1149579176548885, 7.832354191429292, 7.951694643282021, 7.814043968394342, 7.033480390958661, 9.709402330215799, 9.53655466822269, 8.767644169901057, 9.065067917009777, 10.328975063867661], [1.09468074798089, 2.1685080401049937, 2.781478865639644, 4.198965336841923, 5.156725450322133, 5.607844971109669, 6.779539866392114, 5.955288851096982, 5.98431754922815, 7.380723144787373, 8.306217082402794, 9.673249185770002, 9.791256945867573, 1.7747210175123302, 0.0, 1.7719671159476975, 3.065144755146158, 2.5024925874016093, 2.5584136530279853, 3.1098863805611936, 4.404340942751822, 4.728089475676195, 4.891223287685811, 6.105164693110252, 6.6185123555070895, 7.571017196519897, 7.300463679109704, 8.565358164723762, 7.849936859618682, 10.21800905264817, 10.322072634408267, 9.415971696006737, 9.409738399658089, 10.867767690744957], [1.094434493242972, 2.1590873210687893, 3.4700944454005858, 4.677605990247575, 5.9155251288452835, 6.6359488590555005, 7.648634101589643, 6.596925785545871, 6.3498761570600735, 8.215208444099273, 8.935264420262, 10.395280564275309, 10.710606282559358, 1.7718949319866573, 1.7719671159476975, 0.0, 2.473132032464098, 2.4733008167224626, 3.752793117132891, 3.7535478017470347, 4.8524876836525825, 4.835511750580284, 6.049143133535526, 7.287410300648647, 7.294866056344008, 8.355084117470033, 8.305876611773137, 9.000289201464584, 8.456608231436526, 10.953886582396223, 10.923173618047093, 10.319991878872774, 10.46355067508157, 11.800275984060713], [2.1462460553254368, 1.0962508882550563, 2.1619666995585294, 2.758121086899558, 4.116885776894958, 5.156493043726521, 5.990690261564188, 4.659488097420145, 4.286814115400854, 6.399520471879124, 7.036436009088693, 8.553410808560523, 9.13378965107036, 2.5024622115029027, 3.065144755146158, 2.473132032464098, 0.0, 1.7651636354740599, 3.0675651109634168, 2.511572919506818, 3.097304545891476, 2.5329954204459195, 4.910545922807361, 5.93867442785004, 5.576225936061056, 6.493899668150101, 6.852213535785353, 6.912103918489652, 6.712357291592872, 9.016913791869145, 9.042439218485242, 8.8897811204776, 8.9741179455142, 10.2205961758598], [2.1463088990171006, 1.0962104679303148, 2.1618173535245755, 2.7574888957165355, 4.115636118511937, 4.684876293991122, 5.428265781075941, 5.105505727153775, 5.147827135792343, 6.725114146986653, 7.752019433025177, 9.210982013878867, 9.67444597948637, 3.06512966446772, 2.5024925874016093, 2.4733008167224626, 1.7651636354740599, 0.0, 2.5111520881858187, 3.067915189505733, 2.549684978580687, 3.087881192662697, 4.119207474745597, 5.547320587454812, 4.930628287551191, 6.177724150526632, 6.088603457279838, 7.746877922105137, 7.559049096943345, 9.559365306860073, 9.862926241232872, 9.526283242167429, 9.320106012272607, 10.761758089178551], [2.7488664973039336, 2.159969680342759, 1.0968303879816605, 2.1629919324861104, 2.719285753649292, 3.0743400787811357, 4.350748940125137, 3.6824710861050898, 4.074789208045, 4.989396813243061, 6.174964268722532, 7.496358164468931, 7.668986647530428, 3.1089171667961817, 2.5584136530279853, 3.752793117132891, 3.0675651109634168, 2.5111520881858187, 0.0, 1.7585273213686503, 2.52915923974747, 3.067475357684231, 2.486886625883858, 3.5785661975154244, 4.385328149637151, 5.093927797878568, 4.92745975630446, 6.4891892536741445, 5.932941737452004, 7.910001083438612, 8.266174356375506, 7.485979263930671, 7.196637799000308, 8.743341944588465], [2.749700907371563, 2.160506648913629, 1.0970783290175774, 2.1631625320349834, 2.720254717852723, 3.7509303619235586, 5.031802565681606, 3.035732214804198, 2.9165300392761258, 4.541821147953759, 5.251518883142286, 6.674313276285433, 6.976511100829698, 2.559196883789912, 3.1098863805611936, 3.7535478017470347, 2.511572919506818, 3.067915189505733, 1.7585273213686503, 0.0, 3.0780730238251333, 2.509847359900598, 3.6467777927918776, 4.1566299678946645, 5.097197373066889, 5.4708020773923085, 5.8408560836576005, 5.468926926738005, 4.811902717221121, 7.246790132189562, 7.270800259256199, 6.659790327029823, 6.743504309333538, 8.069765393120173], [4.184717082432217, 2.7698272401000033, 2.1751419310012854, 1.0961995986133182, 2.090920263902954, 2.571840885435955, 3.006085630849527, 3.2911946797477656, 3.732999551299196, 4.7339258612699044, 6.0017338278200905, 7.371340304856369, 7.96953118947407, 4.7440731286522135, 4.404340942751822, 4.8524876836525825, 3.097304545891476, 2.549684978580687, 2.52915923974747, 3.0780730238251333, 0.0, 1.759544580282068, 2.4251306377183064, 3.6122125588065828, 2.5023091535619653, 3.661210506103138, 3.8318343296651016, 5.956497738604456, 6.126192809567783, 7.509476161490893, 8.120138977258948, 8.070018469619509, 7.555785296711388, 9.010111185773457], [4.166818259775677, 2.7541139936465955, 2.1601842629738788, 1.0965244411320707, 2.0976812674951364, 3.3568229309869775, 3.939985727131509, 2.5528810567670406, 2.4195599227958793, 4.266664789973546, 5.052639447852973, 6.540071551596359, 7.308866206875044, 4.383818887682291, 4.728089475676195, 4.835511750580284, 2.5329954204459195, 3.087881192662697, 3.067475357684231, 2.509847359900598, 1.759544580282068, 0.0, 3.6057448245820165, 4.18907956477315, 3.621608191121729, 4.18499948148145, 4.962253296638535, 4.833782624405032, 5.049868771562287, 6.816752415190096, 7.110606071215027, 7.310431358681921, 7.128701061203225, 8.361996509805538], [5.145333142761506, 4.200104214183263, 3.011691280659424, 2.564212543842651, 2.0907800601689313, 1.0961052914752305, 2.1546558263444306, 3.3565384475676723, 4.349959117049263, 4.057780251566119, 5.7309020241145285, 6.816975164983367, 7.011544920343875, 5.577322144183532, 4.891223287685811, 6.049143133535526, 4.910545922807361, 4.119207474745597, 2.486886625883858, 3.6467777927918776, 2.4251306377183064, 3.6057448245820165, 0.0, 1.7499013515052784, 2.5079775617018587, 3.075492906836236, 2.488645840612923, 6.085672378628346, 5.91371597813084, 6.9075884655934745, 7.769868231829933, 7.174218599262222, 6.320627584346352, 7.994072917480801], [6.287269649855968, 5.37970875512792, 3.9421966731760096, 3.3611264733716877, 2.1148555175235964, 1.0934705254372428, 2.1548234475241816, 2.7345901283373344, 3.928655314481025, 2.674781536873619, 4.449957773956962, 5.313422281355021, 5.399526804267204, 6.464516195354453, 6.105164693110252, 7.287410300648647, 5.93867442785004, 5.547320587454812, 3.5785661975154244, 4.1566299678946645, 3.6122125588065828, 4.18907956477315, 1.7499013515052784, 0.0, 3.070693962282793, 2.533288538639055, 2.4753183350833887, 4.983187383592955, 4.761349666848676, 5.358681394708963, 6.334867125678328, 5.674267893746293, 4.641377004726076, 6.332925089561694], [6.585449963366209, 5.246462049800799, 4.3781513450313705, 3.099807584351003, 2.750427910344134, 2.1699588797947302, 1.0948859483982794, 3.7917953663139574, 4.690517908504348, 4.4129328093683915, 5.983511355383225, 7.022751677939353, 7.645511735652493, 7.1149579176548885, 6.6185123555070895, 7.294866056344008, 5.576225936061056, 4.930628287551191, 4.385328149637151, 5.097197373066889, 2.5023091535619653, 3.621608191121729, 2.5079775617018587, 3.070693962282793, 0.0, 1.766352181757647, 1.7722191879110214, 5.959125319205832, 6.507004538188059, 6.802665336469229, 7.902484851614712, 8.069410933891023, 7.07462199908942, 8.541601654256652], [7.516718542688691, 6.231819627524533, 5.06422172796571, 3.777571808715223, 2.7573260416570253, 2.175330128968934, 1.094245543742354, 3.2307025876734614, 4.276491933816782, 3.163319504887231, 4.741232136270065, 5.547194640536782, 6.182759058058141, 7.832354191429292, 7.571017196519897, 8.355084117470033, 6.493899668150101, 6.177724150526632, 5.093927797878568, 5.4708020773923085, 3.661210506103138, 4.18499948148145, 3.075492906836236, 2.533288538639055, 1.766352181757647, 0.0, 1.7728427510639515, 4.790859974994051, 5.456264228389237, 5.192090464350559, 6.466597581417914, 6.755338677668203, 5.612942408398647, 6.993614536847166], [7.482247445119681, 6.3373171997304985, 5.237776788867582, 4.232165045222126, 3.419198113593303, 2.1596062812466537, 1.0943413041642904, 4.337833167607994, 5.4748568163925535, 4.35020091604974, 6.1140249337077455, 6.871902703036474, 7.211489183934203, 7.951694643282021, 7.300463679109704, 8.305876611773137, 6.852213535785353, 6.088603457279838, 4.92745975630446, 5.8408560836576005, 3.8318343296651016, 4.962253296638535, 2.488645840612923, 2.4753183350833887, 1.7722191879110214, 1.7728427510639515, 0.0, 6.347262747043012, 6.699151178321027, 6.563935134505825, 7.8770938511611, 7.725226947475393, 6.4443712571514675, 8.01231244335866], [8.12961095317605, 7.129508356822369, 5.955554326005263, 5.15079983206492, 4.221474206956618, 5.109622354929961, 5.4837887422839335, 2.8851715598903303, 2.6623151391223394, 2.4011566483676154, 1.0952893727230262, 2.1480476856904267, 3.4799907083209285, 7.814043968394342, 8.565358164723762, 9.000289201464584, 6.912103918489652, 7.746877922105137, 6.4891892536741445, 5.468926926738005, 5.956497738604456, 4.833782624405032, 6.085672378628346, 4.983187383592955, 5.959125319205832, 4.790859974994051, 6.347262747043012, 0.0, 1.7732425355827666, 2.51718630418966, 2.4003774161577174, 3.7506681818044094, 3.8882141787715345, 4.285452714708214], [7.51052744086592, 6.790124191795022, 5.531138474129897, 5.162661063831326, 4.222575210697851, 5.096274770849782, 5.906134923958307, 2.884353806314336, 2.6540581512092003, 2.4155685748908065, 1.0953086049146148, 2.16209928310427, 2.763528986640089, 7.033480390958661, 7.849936859618682, 8.456608231436526, 6.712357291592872, 7.559049096943345, 5.932941737452004, 4.811902717221121, 6.126192809567783, 5.049868771562287, 5.91371597813084, 4.761349666848676, 6.507004538188059, 5.456264228389237, 6.699151178321027, 1.7732425355827666, 0.0, 3.0749916129966923, 2.5106698488650396, 2.5472733186684144, 3.1838455882784262, 3.7471109431133733], [9.986775612779132, 9.030003643410119, 7.663035268090576, 6.845117630837326, 5.568051645773411, 5.871733279024175, 6.03654607536462, 4.45914560650356, 4.785491867091616, 2.950390221648655, 2.172263128628758, 1.0967211906405385, 2.156157624108219, 9.709402330215799, 10.21800905264817, 10.953886582396223, 9.016913791869145, 9.559365306860073, 7.910001083438612, 7.246790132189562, 7.509476161490893, 6.816752415190096, 6.9075884655934745, 5.358681394708963, 6.802665336469229, 5.192090464350559, 6.563935134505825, 2.51718630418966, 3.0749916129966923, 0.0, 1.7565160375015083, 3.072695510459831, 2.5083723387886416, 2.4956995692590884], [9.988551801437485, 9.173148259458147, 7.897230392359083, 7.286154122031733, 6.184579324416497, 6.798748023717308, 7.217568091123215, 4.871735568562809, 4.792887807992171, 3.7322723654631638, 2.140620772112613, 1.0971274219524372, 2.1339161862641185, 9.53655466822269, 10.322072634408267, 10.923173618047093, 9.042439218485242, 9.862926241232872, 8.266174356375506, 7.270800259256199, 8.120138977258948, 7.110606071215027, 7.769868231829933, 6.334867125678328, 7.902484851614712, 6.466597581417914, 7.8770938511611, 2.4003774161577174, 2.5106698488650396, 1.7565160375015083, 0.0, 2.509483853305297, 3.0613339380080706, 2.429527865656206], [9.295800877815747, 8.772462136709397, 7.386626454613769, 7.1764549395923884, 6.009314301149508, 6.406907861051225, 7.220317601047753, 4.890774744352882, 5.044463344103116, 3.6985124766586903, 2.7911644057633005, 2.170521492637196, 1.0947101625544544, 8.767644169901057, 9.415971696006737, 10.319991878872774, 8.8897811204776, 9.526283242167429, 7.485979263930671, 6.659790327029823, 8.070018469619509, 7.310431358681921, 7.174218599262222, 5.674267893746293, 8.069410933891023, 6.755338677668203, 7.725226947475393, 3.7506681818044094, 2.5472733186684144, 3.072695510459831, 2.509483853305297, 0.0, 1.775255105611585, 1.7706242232613898], [9.404266789601408, 8.732914223213234, 7.244633348210245, 6.832677619352459, 5.4726907732851116, 5.5017667825890255, 6.113928193068675, 4.580245614593173, 5.137741996246989, 2.9938359557597667, 2.884242141360534, 2.180377256348084, 1.093756119982878, 9.065067917009777, 9.409738399658089, 10.46355067508157, 8.9741179455142, 9.320106012272607, 7.196637799000308, 6.743504309333538, 7.555785296711388, 7.128701061203225, 6.320627584346352, 4.641377004726076, 7.07462199908942, 5.612942408398647, 6.4443712571514675, 3.8882141787715345, 3.1838455882784262, 2.5083723387886416, 3.0613339380080706, 1.775255105611585, 0.0, 1.765858898666595], [10.768322767