{"total energy": -65.86781835, "HOMO-LUMO gap/eV": 3.5536194, "electronic energy": -66.64118156, "dipole": [1.17937113, 0.6517496, 0.21493399], "partial charges": [-0.03463601, -0.02605584, -0.03933686, 0.09933872, -0.16976812, -0.03741767, 0.01487975, 0.11682386, 0.00010567, -0.03539217, -0.03921292, 0.10063467, -0.16824947, -0.03871033, -0.02459454, -0.43878906, 0.33905009, -0.3902103, -0.27307502, 0.12415124, -0.11369479, -0.11610869, 0.05012672, 0.05283853, 0.05755378, 0.0788349, 0.04756705, 0.06014186, 0.06224276, 0.06670667, 0.30536861, 0.05105176, 0.0507034, 0.05525386, 0.05254148, 0.05562057, 0.05422195, 0.04949387], "atomic dipole moments": [[0.00601634, -0.01424735, 0.02723363], [0.00311127, -0.00481794, 0.01311885], [0.01640727, 0.00545728, 0.03463302], [-0.0699595, -0.19602457, 0.13278232], [0.00911902, 0.00832849, 0.00025805], [-0.01842909, -0.00382832, -0.04552486], [0.07396819, 0.08175109, 0.06228184], [0.04691874, -0.01975217, 0.11782402], [0.04677791, -0.10206047, 0.01287916], [-0.01087392, -0.0008736, 0.01006199], [-0.02521074, -0.00413027, 0.02532147], [-0.10726297, 0.22189869, -0.00983522], [-0.01590222, 0.01365384, -0.00519108], [0.01673942, 0.0210709, -0.02694086], [0.01250071, 0.01883751, -0.02239943], [0.07728789, 0.12342102, -0.17816674], [0.123933, 0.01001598, 0.08856499], [-0.03890084, 0.03155489, 0.15942445], [0.08221277, -0.04548785, -0.20192467], [-0.20186399, -0.03658183, 0.11913795], [-0.04053112, 0.12469078, -0.00811037], [-0.05508744, -0.08283211, -0.09130882], [0.04304075, 0.11740477, -0.08956516], [-0.04254342, 0.01714832, -0.14564895], [-0.08922783, -0.10351128, -0.07006076], [0.04182279, -0.02276058, 0.15027809], [0.11402235, -0.02092108, -0.10277122], [0.05262152, 0.10425881, -0.10204799], [-0.11949919, 0.02936055, 0.09515367], [-0.05791843, -0.10382705, 0.10070558], [0.06282287, 0.05180611, 0.01581859], [0.01494291, 0.05164206, -0.11942843], [0.12656338, -0.00447217, -0.03058631], [-0.06286703, -0.08330291, -0.07854342], [-0.01565735, -0.05571951, 0.11561203], [-0.01256862, -0.03422057, 0.12375357], [0.12797385, 0.01056588, -0.02738], [-0.05187133, 0.11664149, -0.00122952]], "atomic quadrupole moments": [[0.2610018, -0.32276713, -0.05692281, -0.19981085, 0.11872204, -0.20407898], [0.26405242, -0.3187795, -0.04811269, -0.2104538, 0.11181355, -0.21593973], [0.24412006, -0.31464902, -0.0664562, -0.19336394, 0.10374926, -0.17766386], [0.08382751, -0.15375082, 0.13243675, -0.28674289, -0.16014647, -0.21626426], [-0.15813895, 0.15210813, 0.2088298, -0.11235297, -0.27992647, -0.05069086], [0.25905488, -0.31070207, -0.07037446, -0.1860658, 0.13199141, -0.18868041], [0.2592412, -0.20773928, -0.04150764, -0.12161027, 0.20507226, -0.21773356], [-0.12694746, 0.00920395, -0.18709697, 0.00823044, -0.1118902, 0.31404443], [-0.00740269, 0.05810479, -0.03108085, 0.37253828, 0.13896698, 0.03848353], [0.08048993, 0.15450675, -0.1696909, 0.35694018, 0.196598, 0.08920097], [0.07194307, 0.15423852, -0.1718847, 0.33276019, 0.19257812, 0.09994163], [-0.03843545, -0.09230704, 0.14790586, 0.34889298, 0.15275223, -0.10947041], [-0.09800028, -0.26004337, 0.32104396, 0.02697404, -0.0159156, -0.22304368], [0.04063561, 0.17459024, -0.15465934, 0.34961335, 0.16500273, 0.11402372], [0.05207399, 0.16330796, -0.17169017, 0.37563944, 0.19023597, 0.11961618], [-0.07538066, 0.02176826, -0.07509693, 0.01477744, -0.070845, 0.15047759], [-0.24147358, -0.00694873, 0.45886124, 0.153042, -0.18526509, -0.21738767], [-0.10972802, -0.02758773, 0.20574158, 0.01769684, -0.06790598, -0.09601356], [0.06781565, 0.00405442, -0.0528712, -0.02656766, 0.01068197, -0.01494445], [0.36554506, 0.01680674, -0.1038598, -0.07896742, 0.11405634, -0.26168525], [-0.06322613, -0.13549243, 0.19902932, 0.01152573, -0.01128179, -0.13580319], [-0.04140548, 0.11020237, 0.02688505, 0.12595937, 0.15622534, 0.01452042], [-0.02706457, 0.04324195, 0.01156278, 0.02738238, -0.00710729, 0.01550179], [-0.03168651, 0.04503404, 0.01443264, 0.02278954, -0.01525781, 0.01725386], [-0.03127378, 0.03890457, 0.01154595, 0.01958745, -0.01862905, 0.01972783], [-0.02668882, 0.03827342, 0.01215891, 0.0215629, -0.01000071, 0.01452991], [-0.00901228, -0.03138376, 0.032863, -0.03583944, -0.01928195, -0.02385072], [-0.00693847, -0.02525506, 0.02360007, -0.03917874, -0.01839739, -0.0166616], [-0.00953698, -0.02240951, 0.02665962, -0.03649896, -0.02247611, -0.01712264], [-0.00586194, -0.02764251, 0.02424735, -0.03899015, -0.0178046, -0.01838541], [0.02005399, 0.08850283, -0.01559154, 0.05645268, 0.03577867, -0.00446245], [-0.00136053, -0.00040481, -0.00871223, 0.00476809, -0.00193322, 0.01007276], [0.0764761, 0.00907046, -0.03227132, -0.03169362, -0.00299841, -0.04420478], [-0.01191238, 0.02698081, -0.0021082, 0.04965324, 0.037923, 0.01402058], [-0.04816887, -0.00041192, -0.02601376, -0.01675242, -0.02744503, 0.07418263], [-0.04723676, 0.01196575, -0.01162764, -0.00986618, -0.04529969, 0.0588644], [0.07230359, 0.0020107, -0.0425222, -0.03479507, 0.00887828, -0.02978139], [-0.02459225, -0.04782642, 0.05850621, 0.01645876, -0.00998031, -0.03391396]], "number of molecular orbitals": 114, "number of electrons": 116, "number of unpaired electrons": 0, "orbital energies/eV": [-28.88180942, -28.6683784, -20.51978067, -19.84305204, -19.22222221, -18.60187968, -18.25303383, -18.029791, -17.85240561, -17.40412195, -17.32892128, -17.24086331, -17.08426841, -17.01689919, -16.79007662, -16.66690004, -16.38893026, -16.30234489, -16.06694089, -15.94720869, -15.87353168, -15.66941546, -15.40669392, -15.17435903, -14.86836318, -14.61088109, -14.45124995, -14.42760569, -14.22592293, -14.07616888, -13.88340212, -13.85801002, -13.84157783, -13.81838126, -13.65065701, -13.55061052, -13.53581782, -13.42995292, -13.29746105, -13.27341494, -13.25752876, -12.99207704, -12.71805768, -12.50822232, -12.46688485, -12.40673685, -12.29765787, -12.23569944, -12.18411679, -12.03576979, -11.84185935, -11.65143729, -11.58039224, -11.51221874, -11.33270138, -11.15599833, -10.97551996, -10.78362461, -7.23000521, -6.90952437, -6.8255189, -6.58652414, -6.5209532, -3.84010142, -3.72757658, -3.53363053, -3.29066463, -1.32429965, 0.21411958, 0.26640439, 0.38930937, 0.39009396, 0.4337872, 0.60187398, 0.60482323, 0.75803313, 0.97026877, 0.99921508, 1.82008072, 1.92792029, 2.37975237, 2.68144212, 2.80419432, 2.999563, 3.10912577, 3.40691696, 3.7822925, 3.80858994, 3.8965228, 4.17106049, 4.46132608, 4.50345804, 4.64257464, 4.67435417, 4.86367916, 5.04875205, 5.20285033, 5.40989238, 5.93723277, 6.1276667, 7.19974897, 8.92838586, 9.47961247, 9.89684336, 10.00804273, 10.73189756, 10.91497678, 11.25002918, 11.38053678, 14.95852601, 15.52081498, 15.85465638, 16.02846469, 16.30801017], "fractional occupation": [2.0, 2.0, 2.0, 2.0, 2.0, 2.0, 2.0, 2.0, 2.0, 2.0, 2.0, 2.0, 2.0, 2.0, 2.0, 2.0, 2.0, 2.0, 2.0, 2.0, 2.0, 2.0, 2.0, 2.0, 2.0, 2.0, 2.0, 2.0, 2.0, 2.0, 2.0, 2.0, 2.0, 2.0, 2.0, 2.0, 2.0, 2.0, 2.0, 2.0, 2.0, 2.0, 2.0, 2.0, 2.0, 2.0, 2.0, 2.0, 2.0, 2.0, 2.0, 2.0, 2.0, 2.0, 2.0, 2.0, 2.0, 2.0, 0.0, 0.0, 0.0, 0.0, 0.0, 0.0, 0.0, 0.0, 0.0, 0.0, 0.0, 0.0, 0.0, 0.0, 0.0, 0.0, 0.0, 0.0, 0.0, 0.0, 0.0, 0.0, 0.0, 0.0, 0.0, 0.0, 0.0, 0.0, 0.0, 0.0, 0.0, 0.0, 0.0, 0.0, 0.0, 0.0, 0.0, 0.0, 0.0, 0.0, 0.0, 0.0, 0.0, 0.0, 0.0, 0.0, 0.0, 0.0, 0.0, 0.0, 0.0, 0.0, 0.0, 0.0, 0.0, 0.0], "program call": "xtb /home/svss/Project-DBcg-Debug/aqme2_20220329/End-to-End-workflows-final/example-3/QDESCP/mol_695_rdkit_conf_13/mol_695_rdkit_conf_13.xyz --pop --wbo --acc 0.2 --gfn 2 --chrg 0 --uhf 0 --etemp 300 --input /home/svss/Project-DBcg-Debug/aqme2_20220329/End-to-End-workflows-final/example-3/QDESCP/mol_695_rdkit_conf_13/mol_695_rdkit_conf_13_xtb.inp", "method": "GFN2-xTB", "xtb version": "6.3.3 (7355c4f)", "Dipole module/D": 3.468, "Total charge": 0, "Transition dipole module/D": NaN, "HOMO": -10.7836, "LUMO": -7.23, "HOMO occupancy": 2.0, "LUMO occupancy": 0, "mulliken charges": [-0.04014, -0.01741, -0.05015, 0.11288, -0.11514, -0.04157, 0.00555, 0.21395, -0.01893, -0.03533, -0.04694, 0.11383, -0.11055, -0.04898, -0.01447, -0.56513, 0.55934, -0.51338, -0.4251, 0.23317, -0.10276, -0.10033, 0.0376, 0.03762, 0.04088, 0.05918, 0.04534, 0.04397, 0.04484, 0.05008, 0.35168, 0.04246, 0.03603, 0.05452, 0.04173, 0.04256, 0.03721, 0.04188], "cm5 charges": [-0.09146, -0.07255, -0.10213, 0.10554, -0.11723, -0.08926, 0.00061, 0.22899, -0.02496, -0.087, -0.09889, 0.10645, -0.11257, -0.10086, -0.06554, -0.76229, 0.61528, -0.56305, -0.50915, 0.18784, -0.24723, -0.24505, 0.09627, 0.09296, 0.09744, 0.1216, 0.10523, 0.10043, 0.10135, 0.10941, 0.53352, 0.11222, 0.08786, 0.10991, 0.09562, 0.09641, 0.08896, 0.09532], "FUKUI+": [-0.008, -0.019, -0.031, -0.018, -0.071, -0.014, -0.022, -0.002, -0.027, -0.019, -0.021, -0.031, -0.088, -0.024, -0.018, -0.018, -0.041, -0.088, -0.043, 0.006, 0.009, 0.008, -0.023, -0.042, -0.048, -0.035, -0.031, -0.047, -0.049, -0.039, -0.018, -0.011, -0.024, -0.001, -0.012, -0.012, -0.022, -0.006], "FUKUI-": [-0.025, -0.015, -0.022, -0.016, -0.183, -0.011, -0.015, -0.004, -0.022, -0.009, -0.016, -0.015, -0.169, -0.014, -0.01, -0.031, -0.003, -0.043, -0.02, 0.003, 0.006, 0.005, -0.032, -0.041, -0.042, -0.031, -0.029, -0.036, -0.035, -0.026, -0.023, -0.009, -0.019, -0.004, -0.009, -0.01, -0.019, -0.006], "FUKUIrad": [-0.017, -0.017, -0.026, -0.017, -0.127, -0.012, -0.018, -0.003, -0.025, -0.014, -0.018, -0.023, -0.128, -0.019, -0.014, -0.024, -0.022, -0.065, -0.032, 0.004, 0.007, 0.007, -0.028, -0.042, -0.045, -0.033, -0.03, -0.042, -0.042, -0.032, -0.02, -0.01, -0.022, -0.002, -0.011, -0.011, -0.021, -0.006], "s proportion": [1.063, 1.06, 1.062, 1.079, 1.944, 1.065, 1.091, 1.065, 1.097, 1.067, 1.062, 1.079, 1.943, 1.063, 1.066, 1.711, 1.01, 1.733, 1.704, 1.019, 1.017, 1.016, 0.962, 0.962, 0.959, 0.941, 0.955, 0.956, 0.955, 0.95, 0.648, 0.958, 0.964, 0.945, 0.958, 0.957, 0.963, 0.958], "p proportion": [2.977, 2.957, 2.988, 2.808, 5.182, 2.976, 2.904, 2.721, 2.922, 2.968, 2.985, 2.807, 5.178, 2.986, 2.949, 4.854, 2.431, 4.781, 4.722, 2.748, 3.086, 3.085, 0.0, 0.0, 0.0, 0.0, 0.0, 0.0, 0.0, 0.0, 0.0, 0.0, 0.0, 0.0, 0.0, 0.0, 0.0, 0.0], "d proportion": [0.0, 0.0, 0.0, 0.0, -0.011, 0.0, 0.0, 0.0, 0.0, 0.0, 0.0, 0.0, -0.011, 0.0, 0.0, 0.0, 0.0, 0.0, 0.0, 0.0, 0.0, 0.0, 0.0, 0.0, 0.0, 0.0, 0.0, 0.0, 0.0, 0.0, 0.0, 0.0, 0.0, 0.0, 0.0, 0.0, 0.0, 0.0], "Fermi-level/eV": -9.0068, "Coordination numbers": [2.914, 2.91, 2.949, 2.877, 0.966, 2.949, 2.956, 3.769, 2.955, 2.913, 2.946, 2.879, 0.966, 2.946, 2.915, 1.651, 2.7, 0.856, 1.701, 3.74, 3.751, 3.751, 0.925, 0.925, 0.925, 0.925, 0.925, 0.925, 0.925, 0.925, 0.804, 0.924, 0.924, 0.924, 0.924, 0.924, 0.924, 0.924], "Dispersion coefficient C6": [28.862, 28.653, 28.977, 25.796, 104.48, 28.93, 27.679, 18.706, 28.025, 28.881, 28.974, 25.769, 104.431, 28.962, 28.618, 21.619, 21.238, 21.487, 18.53, 18.632, 22.738, 22.785, 2.318, 2.285, 2.228, 1.991, 2.35, 2.197, 2.173, 2.122, 0.705, 2.307, 2.311, 2.256, 2.289, 2.251, 2.268, 2.326], "Total dispersion C6": 20607.963014, "Total dispersion C8": 544587.935229, "Polarizability alpha": [8.81, 8.777, 8.829, 8.326, 15.638, 8.822, 8.629, 6.164, 8.683, 8.812, 8.828, 8.322, 15.634, 8.826, 8.772, 6.277, 7.543, 6.215, 5.812, 6.159, 6.8, 6.807, 2.381, 2.364, 2.334, 2.207, 2.398, 2.318, 2.305, 2.278, 1.319, 2.375, 2.377, 2.349, 2.366, 2.346, 2.355, 2.385], "Total polarizability alpha": 223.943195, "Wiberg matrix": [[0.0, 1.4422553827567623, 0.0, 0.10003416964565771, 0.0, 0.0, 1.4056962587621347, 0.0, 0.0, 0.0, 0.0, 0.0, 0.0, 0.0, 0.0, 0.0, 0.0, 0.0, 0.0, 0.0, 0.0, 0.0, 0.968382446723445, 0.0, 0.0, 0.0, 0.0, 0.0, 0.0, 0.0, 0.0, 0.0, 0.0, 0.0, 0.0, 0.0, 0.0, 0.0], [1.4422553827567623, 0.0, 1.4369167731449384, 0.0, 0.0, 0.10796430979780969, 0.0, 0.0, 0.0, 0.0, 0.0, 0.0, 0.0, 0.0, 0.0, 0.0, 0.0, 0.0, 0.0, 0.0, 0.0, 0.0, 0.0, 0.9685500704165758, 0.0, 0.0, 0.0, 0.0, 0.0, 0.0, 0.0, 0.0, 0.0, 0.0, 0.0, 0.0, 0.0, 0.0], [0.0, 1.4369167731449384, 0.0, 1.4030310262765815, 0.0, 0.0, 0.10681076905168364, 0.0, 0.0, 0.0, 0.0, 0.0, 0.0, 0.0, 0.0, 0.0, 0.0, 0.0, 0.0, 0.0, 0.0, 0.0, 0.0, 0.0, 0.9673361196665174, 0.0, 0.0, 0.0, 0.0, 0.0, 0.0, 0.0, 0.0, 0.0, 0.0, 0.0, 0.0, 0.0], [0.10003416964565771, 0.0, 1.4030310262765815, 0.0, 0.9794608753554224, 1.4026264053441113, 0.0, 0.0, 0.0, 0.0, 0.0, 0.0, 0.0, 0.0, 0.0, 0.0, 0.0, 0.0, 0.0, 0.0, 0.0, 0.0, 0.0, 0.0, 0.0, 0.0, 0.0, 0.0, 0.0, 0.0, 0.0, 0.0, 0.0, 0.0, 0.0, 0.0, 0.0, 0.0], [0.0, 0.0, 0.0, 0.9794608753554224, 0.0, 0.0, 0.0, 0.0, 0.0, 0.0, 0.0, 0.0, 0.0, 0.0, 0.0, 0.0, 0.0, 0.0, 0.0, 0.0, 0.0, 0.0, 0.0, 0.0, 0.0, 0.0, 0.0, 0.0, 0.0, 0.0, 0.0, 0.0, 0.0, 0.0, 0.0, 0.0, 0.0, 0.0], [0.0, 0.10796430979780969, 0.0, 1.4026264053441113, 0.0, 0.0, 1.4150173982485126, 0.0, 0.0, 0.0, 0.0, 0.0, 0.0, 0.0, 0.0, 0.0, 0.0, 0.0, 0.0, 0.0, 0.0, 0.0, 0.0, 0.0, 0.0, 0.9616884211709283, 0.0, 0.0, 0.0, 0.0, 0.0, 0.0, 0.0, 0.0, 0.0, 0.0, 0.0, 0.0], [1.4056962587621347, 0.0, 0.10681076905168364, 0.0, 0.0, 1.4150173982485126, 0.0, 0.9632371361241884, 0.0, 0.0, 0.0, 0.0, 0.0, 0.0, 0.0, 0.0, 0.0, 0.0, 0.0, 0.0, 0.0, 0.0, 0.0, 0.0, 0.0, 0.0, 0.0, 0.0, 0.0, 0.0, 0.0, 0.0, 0.0, 0.0, 0.0, 0.0, 0.0, 0.0], [0.0, 0.0, 0.0, 0.0, 0.0, 0.0, 0.9632371361241884, 0.0, 0.948338220165337, 0.0, 0.0, 0.0, 0.0, 0.0, 0.0, 0.9808909541687851, 0.9109540316852035, 0.0, 0.0, 0.0, 0.0, 0.0, 0.0, 0.0, 0.0, 0.0, 0.0, 0.0, 0.0, 0.0, 0.0, 0.0, 0.0, 0.0, 0.0, 0.0, 0.0, 0.0], [0.0, 0.0, 0.0, 0.0, 0.0, 0.0, 0.0, 0.948338220165337, 0.0, 1.413006742323762, 0.0, 0.0, 0.0, 0.0, 1.4042703715816072, 0.0, 0.0, 0.0, 0.0, 0.0, 0.0, 0.0, 0.0, 0.0, 0.0, 0.0, 0.0, 0.0, 0.0, 0.0, 0.0, 0.0, 0.0, 0.0, 0.0, 0.0, 0.0, 0.0], [0.0, 0.0, 0.0, 0.0, 0.0, 0.0, 0.0, 0.0, 1.413006742323762, 0.0, 1.4395170408417448, 0.0, 0.0, 0.10695376813590923, 0.0, 0.0, 0.0, 0.0, 0.0, 0.0, 0.0, 0.0, 0.0, 0.0, 0.0, 0.0, 0.9668037262413463, 0.0, 0.0, 0.0, 0.0, 0.0, 0.0, 0.0, 0.0, 0.0, 0.0, 0.0], [0.0, 0.0, 0.0, 0.0, 0.0, 0.0, 0.0, 0.0, 0.0, 1.4395170408417448, 0.0, 1.402197943003092, 0.0, 0.0, 0.10997915328346689, 0.0, 0.0, 0.0, 0.0, 0.0, 0.0, 0.0, 0.0, 0.0, 0.0, 0.0, 0.0, 0.9670874046853477, 0.0, 0.0, 0.0, 0.0, 0.0, 0.0, 0.0, 0.0, 0.0, 0.0], [0.0, 0.0, 0.0, 0.0, 0.0, 0.0, 0.0, 0.0, 0.0, 0.0, 1.402197943003092, 0.0, 0.9820474859420114, 1.3989687548649363, 0.0, 0.0, 0.0, 0.0, 0.0, 0.0, 0.0, 0.0, 0.0, 0.0, 0.0, 0.0, 0.0, 0.0, 0.0, 0.0, 0.0, 0.0, 0.0, 0.0, 0.0, 0.0, 0.0, 0.0], [0.0, 0.0, 0.0, 0.0, 0.0, 0.0, 0.0, 0.0, 0.0, 0.0, 0.0, 0.9820474859420114, 0.0, 0.0, 0.0, 0.0, 0.0, 0.0, 0.0, 0.0, 0.0, 0.0, 0.0, 0.0, 0.0, 0.0, 0.0, 0.0, 0.0, 0.0, 0.0, 0.0, 0.0, 0.0, 0.0, 0.0, 0.0, 0.0], [0.0, 0.0, 0.0, 0.0, 0.0, 0.0, 0.0, 0.0, 0.0, 0.10695376813590923, 0.0, 1.3989687548649363, 0.0, 0.0, 1.4462929367011177, 0.0, 0.0, 0.0, 0.0, 0.0, 0.0, 0.0, 0.0, 0.0, 0.0, 0.0, 0.0, 0.0, 0.9663795841385208, 0.0, 0.0, 0.0, 0.0, 0.0, 0.0, 0.0, 0.0, 0.0], [0.0, 0.0, 0.0, 0.0, 0.0, 0.0, 0.0, 0.0, 1.4042703715816072, 0.0, 0.10997915328346689, 0.0, 0.0, 1.4462929367011177, 0.0, 0.0, 0.0, 0.0, 0.0, 0.0, 0.0, 0.0, 0.0, 0.0, 0.0, 0.0, 0.0, 0.0, 0.0, 0.9654445753906535, 0.0, 0.0, 0.0, 0.0, 0.0, 0.0, 0.0, 0.0], [0.0, 0.0, 0.0, 0.0, 0.0, 0.0, 0.0, 0.9808909541687851, 0.0, 0.0, 0.0, 0.0, 0.0, 0.0, 0.0, 0.0, 0.0, 0.0, 0.0, 0.0, 0.0, 0.0, 0.0, 0.0, 0.0, 0.0, 0.0, 0.0, 0.0, 0.0, 0.8805303714875997, 0.0, 0.0, 0.0, 0.0, 0.0, 0.0, 0.0], [0.0, 0.0, 0.0, 0.0, 0.0, 0.0, 0.0, 0.9109540316852035, 0.0, 0.0, 0.0, 0.0, 0.0, 0.0, 0.0, 0.0, 0.0, 1.775216460110508, 1.128048865616952, 0.0, 0.0, 0.0, 0.0, 0.0, 0.0, 0.0, 0.0, 0.0, 0.0, 0.0, 0.0, 0.0, 0.0, 0.0, 0.0, 0.0, 0.0, 0.0], [0.0, 0.0, 0.0, 0.0, 0.0, 0.0, 0.0, 0.0, 0.0, 0.0, 0.0, 0.0, 0.0, 0.0, 0.0, 0.0, 1.775216460110508, 0.0, 0.17606159415172684, 0.0, 0.0, 0.0, 0.0, 0.0, 0.0, 0.0, 0.0, 0.0, 0.0, 0.0, 0.0, 0.0, 0.0, 0.0, 0.0, 0.0, 0.0, 0.0], [0.0, 0.0, 0.0, 0.0, 0.0, 0.0, 0.0, 0.0, 0.0, 0.0, 0.0, 0.0, 0.0, 0.0, 0.0, 0.0, 1.128048865616952, 0.17606159415172684, 0.0, 0.9154693021151052, 0.0, 0.0, 0.0, 0.0, 0.0, 0.0, 0.0, 0.0, 0.0, 0.0, 0.0, 0.0, 0.0, 0.0, 0.0, 0.0, 0.0, 0.0], [0.0, 0.0, 0.0, 0.0, 0.0, 0.0, 0.0, 0.0, 0.0, 0.0, 0.0, 0.0, 0.0, 0.0, 0.0, 0.0, 0.0, 0.0, 0.9154693021151052, 0.0, 1.002902824263476, 1.0057616837713823, 0.0, 0.0, 0.0, 0.0, 0.0, 0.0, 0.0, 0.0, 0.0, 0.9607105798639277, 0.0, 0.0, 0.0, 0.0, 0.0, 0.0], [0.0, 0.0, 0.0, 0.0, 0.0, 0.0, 0.0, 0.0, 0.0, 0.0, 0.0, 0.0, 0.0, 0.0, 0.0, 0.0, 0.0, 0.0, 0.0, 1.002902824263476, 0.0, 0.0, 0.0, 0.0, 0.0, 0.0, 0.0, 0.0, 0.0, 0.0, 0.0, 0.0, 0.9830929203404728, 0.9835947175302836, 0.9845957244054451, 0.0, 0.0, 0.0], [0.0, 0.0, 0.0, 0.0, 0.0, 0.0, 0.0, 0.0, 0.0, 0.0, 0.0, 0.0, 0.0, 0.0, 0.0, 0.0, 0.0, 0.0, 0.0, 1.0057616837713823, 0.0, 0.0, 0.0, 0.0, 0.0, 0.0, 0.0, 0.0, 0.0, 0.0, 0.0, 0.0, 0.0, 0.0, 0.0, 0.9845607640696263, 0.9829514874185876, 0.9851148720466026], [0.968382446723445, 0.0, 0.0, 0.0, 0.0, 0.0, 0.0, 0.0, 0.0, 0.0, 0.0, 0.0, 0.0, 0.0, 0.0, 0.0, 0.0, 0.0, 0.0, 0.0, 0.0, 0.0, 0.0, 0.0, 0.0, 0.0, 0.0, 0.0, 0.0, 0.0, 0.0, 0.0, 0.0, 0.0, 0.0, 0.0, 0.0, 0.0], [0.0, 0.9685500704165758, 0.0, 0.0, 0.0, 0.0, 0.0, 0.0, 0.0, 0.0, 0.0, 0.0, 0.0, 0.0, 0.0, 0.0, 0.0, 0.0, 0.0, 0.0, 0.0, 0.0, 0.0, 0.0, 0.0, 0.0, 0.0, 0.0, 0.0, 0.0, 0.0, 0.0, 0.0, 0.0, 0.0, 0.0, 0.0, 0.0], [0.0, 0.0, 0.9673361196665174, 0.0, 0.0, 0.0, 0.0, 0.0, 0.0, 0.0, 0.0, 0.0, 0.0, 0.0, 0.0, 0.0, 0.0, 0.0, 0.0, 0.0, 0.0, 0.0, 0.0, 0.0, 0.0, 0.0, 0.0, 0.0, 0.0, 0.0, 0.0, 0.0, 0.0, 0.0, 0.0, 0.0, 0.0, 0.0], [0.0, 0.0, 0.0, 0.0, 0.0, 0.9616884211709283, 0.0, 0.0, 0.0, 0.0, 0.0, 0.0, 0.0, 0.0, 0.0, 0.0, 0.0, 0.0, 0.0, 0.0, 0.0, 0.0, 0.0, 0.0, 0.0, 0.0, 0.0, 0.0, 0.0, 0.0, 0.0, 0.0, 0.0, 0.0, 0.0, 0.0, 0.0, 0.0], [0.0, 0.0, 0.0, 0.0, 0.0, 0.0, 0.0, 0.0, 0.0, 0.9668037262413463, 0.0, 0.0, 0.0, 0.0, 0.0, 0.0, 0.0, 0.0, 0.0, 0.0, 0.0, 0.0, 0.0, 0.0, 0.0, 0.0, 0.0, 0.0, 0.0, 0.0, 0.0, 0.0, 0.0, 0.0, 0.0, 0.0, 0.0, 0.0], [0.0, 0.0, 0.0, 0.0, 0.0, 0.0, 0.0, 0.0, 0.0, 0.0, 0.9670874046853477, 0.0, 0.0, 0.0, 0.0, 0.0, 0.0, 0.0, 0.0, 0.0, 0.0, 0.0, 0.0, 0.0, 0.0, 0.0, 0.0, 0.0, 0.0, 0.0, 0.0, 0.0, 0.0, 0.0, 0.0, 0.0, 0.0, 0.0], [0.0, 0.0, 0.0, 0.0, 0.0, 0.0, 0.0, 0.0, 0.0, 0.0, 0.0, 0.0, 0.0, 0.9663795841385208, 0.0, 0.0, 0.0, 0.0, 0.0, 0.0, 0.0, 0.0, 0.0, 0.0, 0.0, 0.0, 0.0, 0.0, 0.0, 0.0, 0.0, 0.0, 0.0, 0.0, 0.0, 0.0, 0.0, 0.0], [0.0, 0.0, 0.0, 0.0, 0.0, 0.0, 0.0, 0.0, 0.0, 0.0, 0.0, 0.0, 0.0, 0.0, 0.9654445753906535, 0.0, 0.0, 0.0, 0.0, 0.0, 0.0, 0.0, 0.0, 0.0, 0.0, 0.0, 0.0, 0.0, 0.0, 0.0, 0.0, 0.0, 0.0, 0.0, 0.0, 0.0, 0.0, 0.0], [0.0, 0.0, 0.0, 0.0, 0.0, 0.0, 0.0, 0.0, 0.0, 0.0, 0.0, 0.0, 0.0, 0.0, 0.0, 0.8805303714875997, 0.0, 0.0, 0.0, 0.0, 0.0, 0.0, 0.0, 0.0, 0.0, 0.0, 0.0, 0.0, 0.0, 0.0, 0.0, 0.0, 0.0, 0.0, 0.0, 0.0, 0.0, 0.0], [0.0, 0.0, 0.0, 0.0, 0.0, 0.0, 0.0, 0.0, 0.0, 0.0, 0.0, 0.0, 0.0, 0.0, 0.0, 0.0, 0.0, 0.0, 0.0, 0.9607105798639277, 0.0, 0.0, 0.0, 0.0, 0.0, 0.0, 0.0, 0.0, 0.0, 0.0, 0.0, 0.0, 0.0, 0.0, 0.0, 0.0, 0.0, 0.0], [0.0, 0.0, 0.0, 0.0, 0.0, 0.0, 0.0, 0.0, 0.0, 0.0, 0.0, 0.0, 0.0, 0.0, 0.0, 0.0, 0.0, 0.0, 0.0, 0.0, 0.9830929203404728, 0.0, 0.0, 0.0, 0.0, 0.0, 0.0, 0.0, 0.0, 0.0, 0.0, 0.0, 0.0, 0.0, 0.0, 0.0, 0.0, 0.0], [0.0, 0.0, 0.0, 0.0, 0.0, 0.0, 0.0, 0.0, 0.0, 0.0, 0.0, 0.0, 0.0, 0.0, 0.0, 0.0, 0.0, 0.0, 0.0, 0.0, 0.9835947175302836, 0.0, 0.0, 0.0, 0.0, 0.0, 0.0, 0.0, 0.0, 0.0, 0.0, 0.0, 0.0, 0.0, 0.0, 0.0, 0.0, 0.0], [0.0, 0.0, 0.0, 0.0, 0.0, 0.0, 0.0, 0.0, 0.0, 0.0, 0.0, 0.0, 0.0, 0.0, 0.0, 0.0, 0.0, 0.0, 0.0, 0.0, 0.9845957244054451, 0.0, 0.0, 0.0, 0.0, 0.0, 0.0, 0.0, 0.0, 0.0, 0.0, 0.0, 0.0, 0.0, 0.0, 0.0, 0.0, 0.0], [0.0, 0.0, 0.0, 0.0, 0.0, 0.0, 0.0, 0.0, 0.0, 0.0, 0.0, 0.0, 0.0, 0.0, 0.0, 0.0, 0.0, 0.0, 0.0, 0.0, 0.0, 0.9845607640696263, 0.0, 0.0, 0.0, 0.0, 0.0, 0.0, 0.0, 0.0, 0.0, 0.0, 0.0, 0.0, 0.0, 0.0, 0.0, 0.0], [0.0, 0.0, 0.0, 0.0, 0.0, 0.0, 0.0, 0.0, 0.0, 0.0, 0.0, 0.0, 0.0, 0.0, 0.0, 0.0, 0.0, 0.0, 0.0, 0.0, 0.0, 0.9829514874185876, 0.0, 0.0, 0.0, 0.0, 0.0, 0.0, 0.0, 0.0, 0.0, 0.0, 0.0, 0.0, 0.0, 0.0, 0.0, 0.0], [0.0, 0.0, 0.0, 0.0, 0.0, 0.0, 0.0, 0.0, 0.0, 0.0, 0.0, 0.0, 0.0, 0.0, 0.0, 0.0, 0.0, 0.0, 0.0, 0.0, 0.0, 0.9851148720466026, 0.0, 0.0, 0.0, 0.0, 0.0, 0.0, 0.0, 0.0, 0.0, 0.0, 0.0, 0.0, 0.0, 0.0, 0.0, 0.0]], "Born radii": [], "Atomic SASAs": [], "Solvent H bonds": [], "Total SASA": NaN, "Total FOD": 0.0, "FOD": [0.0, 0.0, 0.0, 0.0, 0.0, 0.0, 0.0, 0.0, 0.0, 0.0, 0.0, 0.0, 0.0, 0.0, 0.0, 0.0, 0.0, 0.0, 0.0, 0.0, 0.0, 0.0, 0.0, 0.0, 0.0, 0.0, 0.0, 0.0, 0.0, 0.0, 0.0, 0.0, 0.0, 0.0, 0.0, 0.0, 0.0, 0.0], "FOD s proportion": [0.0, 0.0, 0.0, 0.0, 0.0, 0.0, 0.0, 0.0, 0.0, 0.0, 0.0, 0.0, 0.0, 0.0, 0.0, 0.0, 0.0, 0.0, 0.0, 0.0, 0.0, 0.0, 0.0, 0.0, 0.0, 0.0, 0.0, 0.0, 0.0, 0.0, 0.0, 0.0, 0.0, 0.0, 0.0, 0.0, 0.0, 0.0], "FOD p proportion": [0.0, 0.0, 0.0, 0.0, 0.0, 0.0, 0.0, 0.0, 0.0, 0.0, 0.0, 0.0, 0.0, 0.0, 0.0, 0.0, 0.0, 0.0, 0.0, 0.0, 0.0, 0.0, 0.0, 0.0, 0.0, 0.0, 0.0, 0.0, 0.0, 0.0, 0.0, 0.0, 0.0, 0.0, 0.0, 0.0, 0.0, 0.0], "FOD d proportion": [0.0, 0.0, 0.0, 0.0, 0.0, 0.0, 0.0, 0.0, 0.0, 0.0, 0.0, 0.0, 0.0, 0.0, 0.0, 0.0, 0.0, 0.0, 0.0, 0.0, 0.0, 0.0, 0.0, 0.0, 0.0, 0.0, 0.0, 0.0, 0.0, 0.0, 0.0, 0.0, 0.0, 0.0, 0.0, 0.0, 0.0, 0.0], "coordinates": [["-1.69150", "-1.16290", "-1.57430"], ["-2.50670", "-2.12300", "-2.17990"], ["-2.92360", "-3.23900", "-1.45910"], ["-2.52110", "-3.39150", "-0.13590"], ["-3.03260", "-4.77190", "0.75640"], ["-1.70590", "-2.43590", "0.47370"], ["-1.27710", "-1.29650", "-0.23390"], ["-0.37760", "-0.23390", "0.42050"], ["-1.00610", "1.17130", "0.34340"], ["-0.56200", "2.15090", "-0.56420"], ["-1.17010", "3.41000", "-0.61540"], ["-2.23450", "3.70510", "0.23180"], ["-2.97830", "5.25440", "0.16370"], ["-2.70210", "2.75050", "1.12840"], ["-2.09530", "1.49300", "1.18020"], ["-0.26410", "-0.53690", "1.82990"], ["1.06610", "-0.27990", "-0.18540"], ["1.35700", "-0.51750", "-1.35180"], ["1.98230", "0.06760", "0.77950"], ["3.36210", "0.08790", "0.36720"], ["3.93620", "-1.32220", "0.43870"], ["4.09930", "1.02030", "1.32040"], ["-1.37400", "-0.30720", "-2.16870"], ["-2.81210", "-1.99960", "-3.21610"], ["-3.55670", "-3.98390", "-1.93310"], ["-1.40860", "-2.58380", "1.51000"], ["0.25420", "1.95550", "-1.25780"], ["-0.81110", "4.15280", "-1.32360"], ["-3.53830", "2.97250", "1.78610"], ["-2.48080", "0.75250", "1.88130"], ["0.46300", "0.02640", "2.15540"], ["3.45320", "0.48910", "-0.64940"], ["4.99930", "-1.33060", "0.17910"], ["3.40950", "-1.99380", "-0.24700"], ["3.81600", "-1.74320", "1.44310"], ["4.00370", "0.67950", "2.35740"], ["5.16210", "1.08800", "1.06900"], ["3.66630", "2.02570", "1.27930"]], "bond_dist": [[0.0, 1.3975315416834069, 2.4169262835262475, 2.779188493067716, 4.500621368211283, 2.4114394788175795, 1.409343279687387, 2.5629282568967864, 3.097714656000452, 3.643808817707098, 4.7013574188738305, 5.220562250371123, 6.77187105089871, 4.862159932581404, 3.847613481107478, 3.7440518692988216, 3.2114000015569535, 3.1240037868094843, 4.533355394186518, 5.556329350389517, 5.979009347709702, 6.832204254118872, 1.0891924072449275, 2.1566915611649247, 3.400845406659938, 3.407623176056883, 3.6892193347644704, 5.393943004889836, 5.6395471059296955, 4.0290101774505365, 4.468441208072453, 5.482014419900772, 6.918767194377911, 5.335946129788043, 6.306663705954203, 7.161564472236496, 7.682800183526837, 6.856837737616372], [1.3975315416834069, 0.0, 1.3924131032132667, 2.405667393884699, 3.989373348033497, 2.7894049562585925, 2.445799339684268, 3.855365842562804, 4.412624586343144, 4.96573919874977, 5.903240534655521, 6.313251091157392, 7.7550563041154, 5.893558543019658, 4.953279516643494, 4.860397515635938, 4.487755307500621, 4.265156216365351, 5.805850301204812, 6.768944575042701, 7.000664754864355, 8.109973549895216, 2.1401552210061774, 1.0872935022338726, 2.150897266258898, 3.877308636154723, 5.010688522548572, 6.556979082626389, 6.538920003333884, 4.976194982112337, 5.6774875200215105, 6.684751653576967, 7.907769265728484, 6.225288546726167, 7.297048192933907, 8.41584254249092, 8.926161865550052, 8.2026645262378], [2.4169262835262475, 1.3924131032132667, 0.0, 1.3914455576845255, 2.696312975157001, 2.421462107900927, 2.8258420939606657, 4.364130860778581, 5.135811385750064, 5.952228370954865, 6.927899605219464, 7.180148078556598, 8.647214319652313, 6.52827149787752, 5.4812233470275595, 5.019143917044021, 5.127990892152598, 5.073619211174603, 6.32556624579966, 7.342592171025163, 7.371066620238892, 8.671123407609882, 3.391200902335336, 2.153042872308863, 1.0864472467635051, 3.3970673896759833, 6.092763312323891, 7.688935149941115, 7.035048783057585, 5.223640134044458, 5.932664407329981, 7.430876256539332, 8.312522734405, 6.567180906599117, 7.4888177064206864, 8.826539513875186, 9.51276842459649, 8.868070966112079], [2.779188493067716, 2.405667393884699, 1.3914455576845255, 0.0, 1.7214341985681585, 1.3961857183054123, 2.438475958462581, 3.856761720666705, 4.8315729664365, 5.894040334100201, 6.950936879299078, 7.11189668161736, 8.66316217151682, 6.2733866045382545, 5.076589908590215, 4.136080245836631, 4.748948162488195, 4.977745314899106, 5.751864178681552, 6.853566678015179, 6.805063624978095, 8.087922173834267, 3.8679478719341605, 3.3925946781187997, 2.1571585384482064, 2.144533131010104, 6.127916342444633, 7.826314188684224, 6.725271432440478, 4.609062369940333, 5.083005893169907, 7.142478498392557, 7.8040342112269085, 6.094089338038949, 6.735649211471748, 8.084714028956126, 8.974924317229643, 8.344624955023445], [4.500621368211283, 3.989373348033497, 2.696312975157001, 1.7214341985681585, 0.0, 2.7012863935540037, 4.017571343486011, 5.26832969830097, 6.292765488241239, 7.468132869733907, 8.502601313715703, 8.530632905593817, 10.04395009296641, 7.5388404950628845, 6.348788052849142, 5.172254779107464, 6.1534049866720135, 6.466298381609064, 6.969255044120568, 8.041226322520714, 7.78238631911832, 9.204980958698393, 5.589338964493028, 4.84922919544952, 2.8511462712389903, 2.827201897636601, 7.753577667116, 9.429301794936887, 7.828904517236112, 5.664704635724619, 6.099188737037082, 8.46876592426547, 8.757125018520634, 7.086981274139223, 7.519833943645298, 9.043808968017846, 10.079149510747422, 9.55803595829185], [2.4114394788175795, 2.7894049562585925, 2.421462107900927, 1.3961857183054123, 2.7012863935540037, 0.0, 1.4081191568897855, 2.5721615676313956, 3.6767635183677507, 4.839884075057997, 5.970575119701619, 6.168453174824301, 7.801013770658273, 5.321634287509807, 4.010863974257916, 2.743039678896388, 3.573056508089398, 4.048958535228535, 4.468091889162531, 5.662643613189868, 5.751073386768769, 6.809006268905912, 3.4093693053114675, 3.8766815925479357, 3.4079980751168275, 1.088200068921152, 5.1112110326223075, 6.887809667811677, 5.859255420273126, 3.570392461620991, 3.6871619695912465, 6.035999620609663, 6.802072058571564, 5.184802605692911, 5.648977718136265, 6.771526785740421, 7.742201063005274, 7.02960872026317], [1.409343279687387, 2.445799339684268, 2.8258420939606657, 2.438475958462581, 4.017571343486011, 1.4081191568897855, 0.0, 1.5383297338347197, 2.5488729136620365, 3.536245588190956, 4.7231486849346584, 5.1136575765297385, 6.779856783885631, 4.501632513877605, 3.2327140764379396, 2.421245877642335, 2.554684726145283, 2.9656406087049727, 3.6757906265183276, 4.878530640469526, 5.2565719000124025, 6.057151780333724, 2.175213814777756, 3.426965341231218, 3.912285209439619, 2.1715480077585205, 3.7374797524535164, 5.57669010973355, 5.236199618043606, 3.181409393649299, 3.2383277953289413, 5.0731396294602416, 6.290065879623201, 4.7382083597072855, 5.38066329554266, 6.2053412742572025, 6.989040370465748, 6.145241300388456], [2.5629282568967864, 3.855365842562804, 4.364130860778581, 3.856761720666705, 5.26832969830097, 2.5721615676313956, 1.5383297338347197, 0.0, 1.5412798902211111, 2.5866790465769043, 3.8702909800168777, 4.358830840948063, 6.078735363543967, 3.848514781055154, 2.5514350844181792, 1.446063487541263, 1.566365378830878, 2.4960595766127054, 2.406015640015667, 3.7538982697990098, 4.448999726904914, 4.735553954924387, 2.7752734081527897, 4.7190408241506026, 5.450560500535702, 2.7878309238546013, 2.8300767639765536, 4.740563674290221, 4.704879255623889, 2.7441522989805063, 1.9453129465461336, 4.04257883658439, 5.492911655943503, 4.229057893904977, 4.5727429634738925, 4.8766454515373585, 5.732036980864656, 4.711311580653524], [3.097714656000452, 4.412624586343144, 5.135811385750064, 4.8315729664365, 6.292765488241239, 3.6767635183677507, 2.5488729136620365, 1.5412798902211111, 0.0, 1.4073303556734644, 2.4408955590110777, 2.818077990404098, 4.538013942243897, 2.446735302397871, 1.4107025802769342, 2.3828960300441144, 2.5844968020874006, 3.3630328707879142, 3.215411553751712, 4.500610318612354, 5.536510961788118, 5.200234529326538, 2.9380195829844293, 5.097674279512177, 6.185798222541696, 3.9526874174414552, 2.183384338589979, 3.4214406687826693, 3.426038757807623, 2.17146723208065, 2.598537053805468, 4.619134677620907, 6.507789736922975, 5.464792176286304, 5.7407576808292475, 5.421822505394289, 6.2112901630820625, 4.841201289969257], [3.643808817707098, 4.96573919874977, 5.952228370954865, 5.894040334100201, 7.468132869733907, 4.839884075057997, 3.536245588190956, 2.5866790465769043, 1.4073303556734644, 0.0, 1.3991925743084832, 2.4179350466875653, 4.000007043743798, 2.7936433075824123, 2.413870887185145, 3.6117486152831844, 2.9500826581640047, 3.3798274097947667, 3.5523416319380092, 4.5301253591926125, 5.770791562688779, 5.153415489750463, 3.0456558998022083, 5.414995278852974, 6.962606289314369, 5.237978740888512, 1.0887812268770987, 2.1555377008997083, 3.880373479447565, 3.40848738445663, 3.6000485288395767, 4.34633976122438, 6.6031352272992265, 5.749083942681652, 6.193557305781549, 5.6166165090737685, 6.046686651381895, 4.614400088852288], [4.7013574188738305, 5.903240534655521, 6.927899605219464, 6.950936879299078, 8.502601313715703, 5.970575119701619, 4.7231486849346584, 3.8702909800168777, 2.4408955590110777, 1.3991925743084832, 0.0, 1.392041382287179, 2.6978501459495488, 2.413048422638883, 2.784791446410305, 4.730575831756638, 4.335994978087498, 4.727977963146613, 4.8015632381548405, 5.704619883042165, 7.041245865612137, 6.1011936610797735, 4.0338433212012585, 6.222827062517486, 7.880479050159324, 6.36394891949959, 2.134684637130272, 1.0872810492232448, 3.401026277463907, 3.8747582672987484, 4.6683077458539515, 5.468794720960003, 7.820870473930635, 7.092919649904403, 7.460166600016383, 6.562116772048483, 6.951664850954769, 5.375587366976748], [5.220562250371123, 6.313251091157392, 7.180148078556598, 7.11189668161736, 8.530632905593817, 6.168453174824301, 5.1136575765297385, 4.358830840948063, 2.818077990404098, 2.4179350466875653, 1.392041382287179, 0.0, 1.719943760708472, 1.3906122680316033, 2.4108557837415323, 4.942768836391198, 5.191169540671929, 5.765154982305332, 5.595782678053178, 6.665163205803741, 7.96204065488239, 6.9649281001314005, 4.754094213412267, 6.69068294421429, 8.096649050687574, 6.470407194296198, 3.38727560289977, 2.155405300633735, 2.156952871529649, 3.3910707306100236, 4.950714786775744, 6.59311009539504, 8.8141315068474, 8.035013792769742, 8.23163233083208, 7.2517287566483075, 7.890488439253934, 6.223912053523893], [6.77187105089871, 7.7550563041154, 8.647214319652313, 8.66316217151682, 10.04395009296641, 7.801013770658273, 6.779856783885631, 6.078735363543967, 4.538013942243897, 4.000007043743798, 2.6978501459495488, 1.719943760708472, 0.0, 2.697489154751137, 3.995133440825225, 6.609255613909936, 6.863491725062397, 7.376069139453616, 7.2034475246231935, 8.181369485605694, 9.546601636708218, 8.328143818402756, 6.240613977005788, 8.004447918501313, 9.490906368203198, 8.106408638848649, 4.8324382779296835, 2.8499718752998247, 2.8553194865023426, 4.844043726061936, 6.568211216153148, 8.045707423837882, 10.344301035836109, 9.670008612715916, 9.83696002889104, 8.630779437571093, 9.189372623307861, 7.471263361038748], [4.862159932581404, 5.893558543019658, 6.52827149787752, 6.2733866045382545, 7.5388404950628845, 5.321634287509807, 4.501632513877605, 3.848514781055154, 2.446735302397871, 2.7936433075824123, 2.413048422638883, 1.3906122680316033, 2.697489154751137, 0.0, 1.3972099806399898, 4.152462523611743, 5.01086078832769, 5.771265792700939, 5.40955515546334, 6.666587270860556, 7.818541952947494, 7.020647975792549, 4.688736216721943, 6.438185323520907, 7.446829309847247, 5.502137521000362, 3.8814539968934323, 3.3992102450422212, 1.0867767618052935, 2.1465870818580832, 4.300384613031723, 6.7942785408018125, 8.767446016942447, 7.8582289486881205, 7.9232571200233055, 7.125113026471931, 8.038225939223157, 6.411288825969393], [3.847613481107478, 4.953279516643494, 5.4812233470275595, 5.076589908590215, 6.348788052849142, 4.010863974257916, 3.2327140764379396, 2.5514350844181792, 1.4107025802769342, 2.413870887185145, 2.784791446410305, 2.4108557837415323, 3.995133440825225, 1.3972099806399898, 0.0, 2.8099639748580407, 3.873304497454338, 4.729853014629525, 4.338104126228416, 5.693723717392687, 6.697325252666172, 6.214191056766762, 3.869899861753531, 5.660345456772052, 6.467206542240629, 4.147363399799926, 3.4172943244619707, 3.87204340368235, 2.153667583449219, 1.0901796686785166, 3.1059345598386328, 5.927993220306514, 7.701186098907103, 6.670644430637867, 6.744299410613381, 6.264613562702811, 7.26954229645856, 5.787022089123213], [3.7440518692988216, 4.860397515635938, 5.019143917044021, 4.136080245836631, 5.172254779107464, 2.743039678896388, 2.421245877642335, 1.446063487541263, 2.3828960300441144, 3.6117486152831844, 4.730575831756638, 4.942768836391198, 6.609255613909936, 4.152462523611743, 2.8099639748580407, 0.0, 2.428356466831013, 3.5709321556142735, 2.5524641760463553, 3.959696045152961, 4.493846194519791, 4.66087134021097, 4.156133065723473, 5.838999168521948, 6.073153444463593, 2.3668578051923608, 4.001822577276509, 5.677768693773991, 4.79981170880692, 2.5649470189460053, 0.9756697955763519, 4.584530922569941, 5.573013537575519, 4.464460569878516, 4.272234771170704, 4.469004592747696, 5.715147877351906, 4.72420610049985], [3.2114000015569535, 4.487755307500621, 5.127990892152598, 4.748948162488195, 6.1534049866720135, 3.573056508089398, 2.554684726145283, 1.566365378830878, 2.5844968020874006, 2.9500826581640047, 4.335994978087498, 5.191169540671929, 6.863491725062397, 5.01086078832769, 3.873304497454338, 2.428356466831013, 0.0, 1.2253838296631794, 1.3752129653257346, 2.390033388888113, 3.116627040568056, 3.6274310358709787, 3.1445686810753553, 5.213726672927916, 6.176111327526407, 3.78239031037253, 2.608876488069146, 4.94653498623026, 5.972053028063297, 4.232918409324706, 2.4365742221405857, 2.5504712133250984, 4.087406632572786, 2.9039234373516116, 3.5149977453762324, 4.001971259267113, 4.496875111674773, 3.771230235612777], [3.1240037868094843, 4.265156216365351, 5.073619211174603, 4.977745314899106, 6.466298381609064, 4.048958535228535, 2.9656406087049727, 2.4960595766127054, 3.3630328707879142, 3.3798274097947667, 4.727977963146613, 5.765154982305332, 7.376069139453616, 5.771265792700939, 4.729853014629525, 3.5709321556142735, 1.2253838296631794, 0.0, 2.29690700508314, 2.7095933587902077, 3.2412505271885417, 4.126219937182215, 2.858305914348567, 4.801419551549313, 6.041381161621903, 4.484198734445207, 2.709378681543058, 5.149092632687822, 6.781628012505552, 5.176344699689154, 3.659988394790344, 2.4291281892893175, 4.033749584443734, 2.7591304753490733, 3.9192457820351096, 4.711262519749881, 4.787137860977057, 4.3270567294640365], [4.533355394186518, 5.805850301204812, 6.32556624579966, 5.751864178681552, 6.969255044120568, 4.468091889162531, 3.6757906265183276, 2.406015640015667, 3.215411553751712, 3.5523416319380092, 4.8015632381548405, 5.595782678053178, 7.2034475246231935, 5.40955515546334, 4.338104126228416, 2.5524641760463553, 1.3752129653257346, 2.29690700508314, 0.0, 1.440226169738628, 2.421861657898733, 2.383673446594563, 4.482979809234032, 6.574527097822322, 7.379252808381076, 4.365976983448264, 3.2712516427202605, 5.377264379775278, 6.318916990276103, 4.647828832906823, 2.050139200152029, 2.093553025361431, 3.379013524684386, 2.7092382785572773, 2.6611684069220423, 2.6363322969610645, 3.352037358085378, 2.6305534873862575], [5.556329350389517, 6.768944575042701, 7.342592171025163, 6.853566678015179, 8.041226322520714, 5.662643613189868, 4.878530640469526, 3.7538982697990098, 4.500610318612354, 4.5301253591926125, 5.704619883042165, 6.665163205803741, 8.181369485605694, 6.666587270860556, 5.693723717392687, 3.959696045152961, 2.390033388888113, 2.7095933587902077, 1.440226169738628, 0.0, 1.5241670085656625, 1.5236219478597703, 5.386792740583213, 7.43763677386843, 8.351091471777806, 5.5860138936454495, 3.9733609413190742, 6.066120250209354, 7.612470987136831, 6.072369585260765, 3.4067906158142445, 1.096693307173888, 2.1743844416294005, 2.1709360400527697, 2.171753491996732, 2.1731399310674866, 2.1754823028468877, 2.16322280174743], [5.979009347709702, 7.000664754864355, 7.371066620238892, 6.805063624978095, 7.78238631911832, 5.751073386768769, 5.2565719000124025, 4.448999726904914, 5.536510961788118, 5.770791562688779, 7.041245865612137, 7.96204065488239, 9.546601636708218, 7.818541952947494, 6.697325252666172, 4.493846194519791, 3.116627040568056, 3.2412505271885417, 2.421861657898733, 1.5241670085656625, 0.0, 2.508246947571152, 6.002248228788942, 7.704283658459105, 8.297808899944611, 5.5951948393241855, 5.2133054332160516, 7.45775995725258, 8.725140978803724, 6.8966197408585606, 4.102304119638133, 2.167500472894989, 1.0943693754852608, 1.094825986173145, 1.0956771422275815, 2.7735841126600076, 2.776539742197111, 3.4623530698067175], [6.832204254118872, 8.109973549895216, 8.671123407609882, 8.087922173834267, 9.204980958698393, 6.809006268905912, 6.057151780333724, 4.735553954924387, 5.200234529326538, 5.153415489750463, 6.1011936610797735, 6.9649281001314005, 8.328143818402756, 7.020647975792549, 6.214191056766762, 4.66087134021097, 3.6274310358709787, 4.126219937182215, 2.383673446594563, 1.5236219478597703, 2.508246947571152, 0.0, 6.625185880411205, 8.801538400756996, 9.707812106236915, 6.585016885323833, 4.722976634496512, 6.396508454618035, 7.8968914827291385, 6.609390415159329, 3.86105424722316, 2.140030534828884, 2.7639277306036782, 3.466607218881309, 2.7806917179004222, 1.095743126832197, 1.0942253378532223, 1.0954484789345413], [1.0891924072449275, 2.1401552210061774, 3.391200902335336, 3.8679478719341605, 5.589338964493028, 3.4093693053114675, 2.175213814777756, 2.7752734081527897, 2.9380195829844293, 3.0456558998022083, 4.0338433212012585, 4.754094213412267, 6.240613977005788, 4.688736216721943, 3.869899861753531, 4.156133065723473, 3.1445686810753553, 2.858305914348567, 4.482979809234032, 5.386792740583213, 6.002248228788942, 6.625185880411205, 0.0, 2.4554828710459375, 4.28226686931116, 4.326307710970176, 2.9326754576666, 4.5741283781721735, 5.575039876090574, 4.330181327612044, 4.709957406389148, 5.122911869239993, 6.8686581870114924, 5.423967431686883, 6.484080138307977, 7.097803560961658, 7.426297027455877, 6.537258637991922], [2.1566915611649247, 1.0872935022338726, 2.153042872308863, 3.3925946781187997, 4.84922919544952, 3.8766815925479357, 3.426965341231218, 4.7190408241506026, 5.097674279512177, 5.414995278852974, 6.222827062517486, 6.69068294421429, 8.004447918501313, 6.438185323520907, 5.660345456772052, 5.838999168521948, 5.213726672927916, 4.801419551549313, 6.574527097822322, 7.43763677386843, 7.704283658459105, 8.801538400756996, 2.4554828710459375, 0.0, 2.4774916044257345, 4.964586901243647, 5.374006939891314, 6.740740538694544, 7.090215066554752, 5.802353045101617, 6.609384862451271, 7.21356781835452, 8.543589058469514, 6.893757684311221, 8.105898791003993, 9.203076045540426, 9.56468616369612, 8.853322981231399], [3.400845406659938, 2.150897266258898, 1.0864472467635051, 2.1571585384482064, 2.8511462712389903, 3.4079980751168275, 3.912285209439619, 5.450560500535702, 6.185798222541696, 6.962606289314369, 7.880479050159324, 8.096649050687574, 9.490906368203198, 7.446829309847247, 6.467206542240629, 6.073153444463593, 6.176111327526407, 6.041381161621903, 7.379252808381076, 8.351091471777806, 8.297808899944611, 9.7078121