{"total energy": -20.88476538, "HOMO-LUMO gap/eV": 12.10991193, "electronic energy": -21.13736365, "dipole": [0.39942487, 0.0200359, -0.53832949], "partial charges": [-0.10568519, -0.00844362, -0.10344581, -0.06268421, 0.08755439, -0.44404277, 0.03160382, 0.03202609, 0.03430885, 0.04755741, 0.03313899, 0.03406015, 0.03047952, 0.04599976, 0.03311129, 0.01843116, 0.01433623, 0.28169392], "atomic dipole moments": [[0.08052654, 0.05965996, -0.01176976], [-0.00550109, -0.06123357, -0.08905046], [0.01847403, -0.06746923, 0.07369509], [0.02818652, 0.11594863, -0.00302994], [-0.02931504, 0.06603102, 0.18497074], [0.08102932, -0.05339873, -0.22311709], [0.01774912, -0.08179556, 0.09360278], [-0.02810771, -0.0670717, -0.10291786], [-0.1031719, 0.06553752, 0.03002962], [0.01389618, 0.06366476, 0.10992451], [-0.10578922, 0.06432824, 0.02164303], [0.08971017, 0.08779359, -0.00826758], [-0.0126031, -0.05220313, -0.11381698], [0.01310721, -0.08353916, 0.09138075], [-0.01498215, -0.06822382, -0.1026906], [0.00258598, 0.08070487, -0.08606622], [0.09169853, -0.06878591, -0.00973156], [0.068886, 0.03361979, -0.02112536]], "atomic quadrupole moments": [[0.10188983, 0.15199691, 0.01583877, -0.02741486, -0.03333794, -0.11772859], [0.09803881, -0.0247891, 0.04375243, -0.03717438, -0.14197526, -0.14179124], [-0.081476, -0.03523002, 0.0200255, 0.03592299, -0.16188966, 0.0614505], [0.21327291, 0.03808652, -0.00636058, -0.07478683, 0.0237426, -0.20691233], [-0.11208902, 0.18028531, -0.0735425, 0.067848, 0.30019566, 0.18563152], [-0.06873012, 0.04144633, -0.04373225, 0.00898336, 0.11953418, 0.11246237], [-0.02716943, -0.01023614, 0.00437834, 0.02720864, -0.06125053, 0.02279109], [-0.03716896, 0.01452521, -0.01793845, 0.00665478, 0.05130098, 0.05510741], [0.03307084, -0.05126074, 0.01383684, -0.02240098, 0.01792755, -0.04690768], [-0.01500757, 0.00700892, -0.00062569, 0.01054943, 0.01519032, 0.01563326], [0.04794612, -0.04915878, -0.01936171, -0.03355476, 0.00404737, -0.02858442], [0.03753762, 0.06025334, 0.00021351, 0.0080278, -0.00894998, -0.03775114], [-0.05124422, 0.00207015, 0.00288188, 0.01022629, 0.05313322, 0.04836235], [-0.00767336, -0.01326124, -0.01124831, -0.00099868, -0.05104538, 0.01892167], [-0.01650251, 0.00850205, -0.02772193, 0.01555936, 0.04368935, 0.04422444], [-0.03617301, 0.00201332, 0.01288485, 0.0252097, -0.02347354, 0.02328817], [0.01132984, -0.03246038, 0.0117846, 0.00405456, 0.02493887, -0.02311445], [0.07550328, 0.09766099, -0.02662909, -0.02011027, 0.00805412, -0.04887419]], "number of molecular orbitals": 36, "number of electrons": 38, "number of unpaired electrons": 0, "orbital energies/eV": [-18.57028494, -17.08437855, -16.63865585, -15.84425439, -15.69894447, -15.39761262, -14.8208655, -14.32578128, -13.85726073, -13.60866741, -13.10917584, -12.88553864, -12.48393823, -12.41782824, -12.10705118, -11.69151925, -11.54445444, -11.35212532, -10.98671545, 1.12319648, 1.94188449, 2.70901372, 2.81454269, 3.54240319, 3.72624629, 3.96957374, 4.58883797, 5.19869373, 5.43751741, 5.77704094, 6.11350427, 6.39564132, 6.77136108, 7.30950365, 7.51740021, 8.21910807], "fractional occupation": [2.0, 2.0, 2.0, 2.0, 2.0, 2.0, 2.0, 2.0, 2.0, 2.0, 2.0, 2.0, 2.0, 2.0, 2.0, 2.0, 2.0, 2.0, 2.0, 0.0, 0.0, 0.0, 0.0, 0.0, 0.0, 0.0, 0.0, 0.0, 0.0, 0.0, 0.0, 0.0, 0.0, 0.0, 0.0, 0.0], "program call": "xtb /home/svss/Project-DBcg-Debug/aqme2_20220329/End-to-End-workflows-final/example-3/QDESCP/mol_525_rdkit_conf_3/mol_525_rdkit_conf_3.xyz --pop --wbo --acc 0.2 --gfn 2 --chrg 0 --uhf 0 --etemp 300 --input /home/svss/Project-DBcg-Debug/aqme2_20220329/End-to-End-workflows-final/example-3/QDESCP/mol_525_rdkit_conf_3/mol_525_rdkit_conf_3_xtb.inp", "method": "GFN2-xTB", "xtb version": "6.3.3 (7355c4f)", "Dipole module/D": 1.705, "Total charge": 0, "Transition dipole module/D": NaN, "HOMO": -10.9867, "LUMO": 1.1232, "HOMO occupancy": 2.0, "LUMO occupancy": 0, "mulliken charges": [-0.09228, 0.0055, -0.09325, -0.05808, 0.19966, -0.56943, 0.02884, 0.02445, 0.0287, 0.03546, 0.02911, 0.03074, 0.02266, 0.03661, 0.02044, 0.00729, 0.00835, 0.33524], "cm5 charges": [-0.24074, -0.06785, -0.24145, -0.16335, 0.11248, -0.7845, 0.08024, 0.07629, 0.08005, 0.09619, 0.08058, 0.08327, 0.07462, 0.094, 0.07605, 0.0702, 0.07047, 0.50344], "FUKUI+": [0.021, -0.033, 0.025, -0.004, -0.012, -0.128, -0.042, -0.046, -0.072, -0.051, -0.062, -0.026, -0.044, -0.072, -0.115, -0.087, -0.119, -0.134], "FUKUI-": [0.024, -0.014, 0.025, 0.008, 0.024, -0.117, -0.057, -0.086, -0.081, -0.107, -0.067, -0.051, -0.083, -0.069, -0.064, -0.102, -0.124, -0.061], "FUKUIrad": [0.023, -0.024, 0.025, 0.002, 0.006, -0.122, -0.049, -0.066, -0.077, -0.079, -0.065, -0.038, -0.064, -0.07, -0.089, -0.094, -0.121, -0.098], "s proportion": [1.014, 1.051, 1.012, 1.036, 0.989, 1.694, 0.971, 0.976, 0.971, 0.965, 0.971, 0.969, 0.977, 0.963, 0.98, 0.993, 0.992, 0.665], "p proportion": [3.079, 2.944, 3.081, 3.022, 2.811, 4.875, 0.0, 0.0, 0.0, 0.0, 0.0, 0.0, 0.0, 0.0, 0.0, 0.0, 0.0, 0.0], "d proportion": [0.0, 0.0, 0.0, 0.0, 0.0, 0.0, 0.0, 0.0, 0.0, 0.0, 0.0, 0.0, 0.0, 0.0, 0.0, 0.0, 0.0, 0.0], "Fermi-level/eV": -4.9318, "Coordination numbers": [3.753, 3.847, 3.752, 3.801, 3.673, 1.653, 0.924, 0.924, 0.924, 0.924, 0.924, 0.924, 0.924, 0.924, 0.924, 0.924, 0.924, 0.804], "Dispersion coefficient C6": [22.578, 20.695, 22.537, 21.704, 19.351, 21.724, 2.564, 2.558, 2.526, 2.351, 2.542, 2.53, 2.58, 2.371, 2.543, 2.757, 2.821, 0.779], "Total dispersion C6": 2128.810326, "Total dispersion C8": 43691.601233, "Polarizability alpha": [6.776, 6.471, 6.77, 6.633, 6.304, 6.292, 2.504, 2.501, 2.486, 2.398, 2.494, 2.487, 2.512, 2.408, 2.494, 2.597, 2.627, 1.386], "Total polarizability alpha": 68.137837, "Wiberg matrix": [[0.0, 1.0082471942108477, 0.0, 0.0, 0.0, 0.0, 0.9868044889194933, 0.9869914637484152, 0.9864838508256318, 0.0, 0.0, 0.0, 0.0, 0.0, 0.0, 0.0, 0.0, 0.0], [1.0082471942108477, 0.0, 1.0102910340659448, 0.9949536573297141, 0.0, 0.0, 0.0, 0.0, 0.0, 0.9677995226562579, 0.0, 0.0, 0.0, 0.0, 0.0, 0.0, 0.0, 0.0], [0.0, 1.0102910340659448, 0.0, 0.0, 0.0, 0.0, 0.0, 0.0, 0.0, 0.0, 0.986055584212059, 0.9848731940247885, 0.9869685729451041, 0.0, 0.0, 0.0, 0.0, 0.0], [0.0, 0.9949536573297141, 0.0, 0.0, 1.0064141910229036, 0.0, 0.0, 0.0, 0.0, 0.0, 0.0, 0.0, 0.0, 0.9750755986599153, 0.9746884853317815, 0.0, 0.0, 0.0], [0.0, 0.0, 0.0, 1.0064141910229036, 0.0, 0.9892870440030752, 0.0, 0.0, 0.0, 0.0, 0.0, 0.0, 0.0, 0.0, 0.0, 0.9711121759184037, 0.9731029932909834, 0.0], [0.0, 0.0, 0.0, 0.0, 0.9892870440030752, 0.0, 0.0, 0.0, 0.0, 0.0, 0.0, 0.0, 0.0, 0.0, 0.0, 0.0, 0.0, 0.9078478760407436], [0.9868044889194933, 0.0, 0.0, 0.0, 0.0, 0.0, 0.0, 0.0, 0.0, 0.0, 0.0, 0.0, 0.0, 0.0, 0.0, 0.0, 0.0, 0.0], [0.9869914637484152, 0.0, 0.0, 0.0, 0.0, 0.0, 0.0, 0.0, 0.0, 0.0, 0.0, 0.0, 0.0, 0.0, 0.0, 0.0, 0.0, 0.0], [0.9864838508256318, 0.0, 0.0, 0.0, 0.0, 0.0, 0.0, 0.0, 0.0, 0.0, 0.0, 0.0, 0.0, 0.0, 0.0, 0.0, 0.0, 0.0], [0.0, 0.9677995226562579, 0.0, 0.0, 0.0, 0.0, 0.0, 0.0, 0.0, 0.0, 0.0, 0.0, 0.0, 0.0, 0.0, 0.0, 0.0, 0.0], [0.0, 0.0, 0.986055584212059, 0.0, 0.0, 0.0, 0.0, 0.0, 0.0, 0.0, 0.0, 0.0, 0.0, 0.0, 0.0, 0.0, 0.0, 0.0], [0.0, 0.0, 0.9848731940247885, 0.0, 0.0, 0.0, 0.0, 0.0, 0.0, 0.0, 0.0, 0.0, 0.0, 0.0, 0.0, 0.0, 0.0, 0.0], [0.0, 0.0, 0.9869685729451041, 0.0, 0.0, 0.0, 0.0, 0.0, 0.0, 0.0, 0.0, 0.0, 0.0, 0.0, 0.0, 0.0, 0.0, 0.0], [0.0, 0.0, 0.0, 0.9750755986599153, 0.0, 0.0, 0.0, 0.0, 0.0, 0.0, 0.0, 0.0, 0.0, 0.0, 0.0, 0.0, 0.0, 0.0], [0.0, 0.0, 0.0, 0.9746884853317815, 0.0, 0.0, 0.0, 0.0, 0.0, 0.0, 0.0, 0.0, 0.0, 0.0, 0.0, 0.0, 0.0, 0.0], [0.0, 0.0, 0.0, 0.0, 0.9711121759184037, 0.0, 0.0, 0.0, 0.0, 0.0, 0.0, 0.0, 0.0, 0.0, 0.0, 0.0, 0.0, 0.0], [0.0, 0.0, 0.0, 0.0, 0.9731029932909834, 0.0, 0.0, 0.0, 0.0, 0.0, 0.0, 0.0, 0.0, 0.0, 0.0, 0.0, 0.0, 0.0], [0.0, 0.0, 0.0, 0.0, 0.0, 0.9078478760407436, 0.0, 0.0, 0.0, 0.0, 0.0, 0.0, 0.0, 0.0, 0.0, 0.0, 0.0, 0.0]], "Born radii": [], "Atomic SASAs": [], "Solvent H bonds": [], "Total SASA": NaN, "Total FOD": 0.0, "FOD": [0.0, 0.0, 0.0, 0.0, 0.0, 0.0, 0.0, 0.0, 0.0, 0.0, 0.0, 0.0, 0.0, 0.0, 0.0, 0.0, 0.0, 0.0], "FOD s proportion": [0.0, 0.0, 0.0, 0.0, 0.0, 0.0, 0.0, 0.0, 0.0, 0.0, 0.0, 0.0, 0.0, 0.0, 0.0, 0.0, 0.0, 0.0], "FOD p proportion": [0.0, 0.0, 0.0, 0.0, 0.0, 0.0, 0.0, 0.0, 0.0, 0.0, 0.0, 0.0, 0.0, 0.0, 0.0, 0.0, 0.0, 0.0], "FOD d proportion": [0.0, 0.0, 0.0, 0.0, 0.0, 0.0, 0.0, 0.0, 0.0, 0.0, 0.0, 0.0, 0.0, 0.0, 0.0, 0.0, 0.0, 0.0], "coordinates": [["-1.85830", "-0.84530", "0.47810"], ["-0.64140", "0.06430", "0.28880"], ["-0.92740", "1.08600", "-0.81250"], ["0.60560", "-0.79000", "-0.01370"], ["1.90570", "0.00030", "-0.12580"], ["2.14640", "0.71550", "1.07680"], ["-1.68820", "-1.55910", "1.29110"], ["-2.07590", "-1.41350", "-0.43270"], ["-2.74750", "-0.25830", "0.73190"], ["-0.48410", "0.60810", "1.22850"], ["-1.85560", "1.62990", "-0.60600"], ["-0.12710", "1.82860", "-0.88430"], ["-1.03130", "0.59950", "-1.78830"], ["0.72120", "-1.52180", "0.79640"], ["0.45390", "-1.35810", "-0.93970"], ["1.87660", "0.70680", "-0.96030"], ["2.74250", "-0.68650", "-0.29010"], ["2.98510", "1.19370", "0.96180"]], "bond_dist": [[0.0, 1.5310298037595482, 2.5024273935521086, 2.513111326622838, 3.9047958422944475, 4.339603716930844, 1.0951773600654826, 1.0953344877250966, 1.095289952478338, 2.1363280085230363, 2.702201905853817, 3.4645242689292854, 2.81210686141192, 2.685663305405203, 2.7603241693685185, 4.292724889857257, 4.667195016281193, 5.277310891922135], [1.5310298037595482, 0.0, 1.5292248297748765, 1.541539405918642, 2.5814158072654623, 2.9693154564646713, 2.176194635137216, 2.182256937209732, 2.176250348650173, 1.097040482388868, 2.173948490650135, 2.1802345263755454, 2.1800929934294087, 2.15175503484946, 2.1753427546021338, 2.8832934398010894, 3.5142004865972005, 3.857457142989407], [2.5024273935521086, 1.5292248297748765, 0.0, 2.550989306132035, 3.1107486221165477, 3.6269782436623466, 3.464174304217385, 2.7768328253605765, 2.739539716813757, 2.1425648881655834, 1.0954563889082942, 1.0941161227218983, 1.0952913311078474, 3.479520370683293, 2.810301467814441, 2.8333819862489427, 4.108871380318445, 4.297370827610761], [2.513111326622838, 1.541539405918642, 2.550989306132035, 0.0, 1.5255820233602648, 2.4144948001600666, 2.7487335793052043, 2.7847361634452907, 3.475903315686442, 2.1645300968108527, 3.502033800522205, 2.8551461626333596, 2.785562244861888, 1.0977962515876978, 1.096916815442265, 2.1798859603199428, 2.157185856619684, 3.2478741031634835], [3.9047958422944475, 2.5814158072654623, 3.1107486221165477, 1.5255820233602648, 0.0, 1.4197514888176732, 4.165987419568138, 4.236290430317543, 4.738648909763204, 2.81330648348167, 4.127174080409016, 2.837301355161274, 3.4276691628568825, 2.137821671702296, 2.1483498341750584, 1.093791255221946, 1.0949534099677485, 1.9422105138218153], [4.339603716930844, 2.9693154564646713, 3.6269782436623466, 2.4144948001600666, 1.4197514888176732, 0.0, 4.463618129947946, 4.963773618931468, 5.001749659869035, 2.6370585696946507, 4.436659464056262, 3.202141013447097, 4.280190568187355, 2.6674576828883345, 3.351215519777861, 2.0549073312439177, 2.0467913474509314, 0.9722746165564544], [1.0951773600654826, 2.176194635137216, 3.464174304217385, 2.7487335793052043, 4.165987419568138, 4.463618129947946, 0.0, 1.7728499908339677, 1.7683047729393255, 2.4800264938100964, 3.714395263027348, 4.318090974030074, 3.817561516203766, 2.4599446619792076, 3.09926798615415, 4.786533590188206, 4.7846344364015945, 5.433790502034468], [1.0953344877250966, 2.182256937209732, 2.7768328253605765, 2.7847361634452907, 4.236290430317543, 4.963773618931468, 1.7728499908339677, 0.0, 1.7725198898743, 3.0627241534294267, 3.0562801802190847, 3.8095900579983666, 2.642160010294607, 3.057152941872552, 2.580698781338109, 4.516225204747877, 4.875022289179815, 5.861385765328878], [1.095289952478338, 2.176250348650173, 2.739539716813757, 3.475903315686442, 4.738648909763204, 5.001749659869035, 1.7683047729393255, 1.7725198898743, 0.0, 2.4739118981887773, 2.4800728336079163, 3.7193749757183667, 3.1674234513244355, 3.6922177874551223, 3.7752839045560536, 5.0176946559152045, 5.600708815855365, 5.918096042647499], [2.1363280085230363, 1.097040482388868, 2.1425648881655834, 2.1645300968108527, 2.81330648348167, 2.6370585696946507, 2.4800264938100964, 3.0627241534294267, 2.4739118981887773, 0.0, 2.508082482694698, 2.465966968554121, 3.06603718829371, 2.4851423520595355, 3.0735773424464203, 3.220790527184281, 3.7938216457814673, 3.5283714217752076], [2.702201905853817, 2.173948490650135, 1.0954563889082942, 3.502033800522205, 4.127174080409016, 4.436659464056262, 3.714395263027348, 3.0562801802190847, 2.4800728336079163, 2.508082482694698, 0.0, 1.7620002355277937, 1.7717302108391106, 4.305791087593545, 3.7912121992840233, 3.86095311289842, 5.158296751835823, 5.106921163480008], [3.4645242689292854, 2.1802345263755454, 1.0941161227218983, 2.8551461626333596, 2.837301355161274, 3.202141013447097, 4.318090974030074, 3.8095900579983666, 3.7193749757183667, 2.465966968554121, 1.7620002355277937, 0.0, 1.7735502389275586, 3.843116644079386, 3.239704778216682, 2.2976128764437234, 3.861787903290392, 3.673822540624411], [2.81210686141192, 2.1800929934294087, 1.0952913311078474, 2.785562244861888, 3.4276691628568825, 4.280190568187355, 3.817561516203766, 2.642160010294607, 3.1674234513244355, 3.06603718829371, 1.7717302108391106, 1.7735502389275586, 0.0, 3.775161457474369, 2.5996420445899857, 3.0253891815764797, 4.259103858794711, 4.9038344802817315], [2.685663305405203, 2.15175503484946, 3.479520370683293, 1.0977962515876978, 2.137821671702296, 2.6674576828883345, 2.4599446619792076, 3.057152941872552, 3.6922177874551223, 2.4851423520595355, 4.305791087593545, 3.843116644079386, 3.775161457474369, 0.0, 1.764168413162417, 3.0639193869943773, 2.4421019696155195, 3.5392853261640265], [2.7603241693685185, 2.1753427546021338, 2.810301467814441, 1.096916815442265, 2.1483498341750584, 3.351215519777861, 3.09926798615415, 2.580698781338109, 3.7752839045560536, 3.0735773424464203, 3.7912121992840233, 3.239704778216682, 2.5996420445899857, 1.764168413162417, 0.0, 2.50765062558563, 2.4719863834576437, 4.066246294803108], [4.292724889857257, 2.8832934398010894, 2.8333819862489427, 2.1798859603199428, 1.093791255221946, 2.0549073312439177, 4.786533590188206, 4.516225204747877, 5.0176946559152045, 3.220790527184281, 3.86095311289842, 2.2976128764437234, 3.0253891815764797, 3.0639193869943773, 2.50765062558563, 0.0, 1.7720710313077181, 2.27163207188136], [4.667195016281193, 3.5142004865972005, 4.108871380318445, 2.157185856619684, 1.0949534099677485, 2.0467913474509314, 4.7846344364015945, 4.875022289179815, 5.600708815855365, 3.7938216457814673, 5.158296751835823, 3.861787903290392, 4.259103858794711, 2.4421019696155195, 2.4719863834576437, 1.7720710313077181, 0.0, 2.271840753662105], [5.277310891922135, 3.857457142989407, 4.297370827610761, 3.2478741031634835, 1.9422105138218153, 0.9722746165564544, 5.433790502034468, 5.861385765328878, 5.918096042647499, 3.5283714217752076, 5.106921163480008, 3.673822540624411, 4.9038344802817315, 3.5392853261640265, 4.066246294803108, 2.27163207188136, 2.271840753662105, 0.0]]}