{"total energy": -26.32063136, "HOMO-LUMO gap/eV": 12.61415346, "electronic energy": -26.70422994, "dipole": [0.00063026, -0.01065299, 0.00075993], "partial charges": [-0.09884505, -0.05081615, -0.05651083, -0.06162532, -0.01547675, -0.10322843, -0.05640959, -0.0988474, 0.02870301, 0.0332611, 0.03236979, 0.02589483, 0.02716983, 0.03159974, 0.02513867, 0.03198327, 0.03292796, 0.02707986, 0.03309947, 0.02909988, 0.03211155, 0.02911752, 0.02876828, 0.03169819, 0.03007091, 0.03166566], "atomic dipole moments": [[-0.03260268, 0.09315664, 0.01785372], [-0.0532617, -0.07512471, -0.05942808], [0.01578915, -0.07393783, 0.08183201], [-0.01682723, 0.0905132, -0.0686397], [0.01115164, -0.08962095, -0.03118098], [0.00612769, 0.00256533, 0.09840699], [0.06656117, 0.06277624, 0.06171417], [0.00600724, -0.00504112, -0.0995187], [0.11467803, -0.01213944, 0.04674752], [-0.07083737, -0.08834223, 0.05559437], [0.00715317, -0.02521789, -0.12345639], [0.08138243, 0.07925101, -0.04183883], [-0.0030977, 0.02015004, 0.12179424], [0.01023122, -0.01418821, -0.12343428], [-0.02318737, 0.11887914, 0.01631213], [0.01985216, -0.12000649, -0.02945026], [0.00833451, 0.00296101, 0.12286728], [-0.01943526, 0.11772858, 0.03472303], [0.07439017, 0.08467986, -0.05613862], [-0.11529642, 0.03060593, -0.03822253], [0.02570309, -0.1135316, -0.05024627], [0.01123882, -0.12008227, -0.0313174], [-0.11022166, 0.03071856, -0.04254607], [0.09780135, -0.05412202, 0.05731542], [-0.10032629, -0.06169963, 0.03944289], [-0.01144679, 0.11920829, 0.04021616]], "atomic quadrupole moments": [[-0.06397406, -0.10447045, 0.17556057, -0.01064714, 0.06126793, -0.11158651], [0.06604025, -0.14045972, 0.07892775, 0.10203615, 0.02724025, -0.144968], [0.19113469, 0.06717277, -0.08581824, 0.0522859, -0.10759775, -0.10531644], [0.19527984, 0.03691638, -0.07056561, -0.01245478, -0.12468916, -0.12471423], [0.08096015, 0.04773797, -0.16173672, 0.01688514, -0.08562221, 0.08077657], [-0.08041301, 0.00880891, -0.1271648, 0.01683284, 0.01094761, 0.20757781], [-0.05991027, 0.13024226, -0.11438087, -0.08128029, -0.04907443, 0.17429115], [-0.0999262, 0.01106918, -0.12037976, -0.01778284, 0.02276389, 0.22030596], [0.06120467, -0.00626349, -0.02763296, 0.04955092, 0.00347687, -0.03357171], [0.01243842, 0.0438868, 0.01048074, -0.04456686, -0.02706055, -0.02291917], [-0.05173353, -0.00561561, -0.02895554, 0.00135988, 0.01076864, 0.08068907], [0.01780554, 0.02259611, 0.01013859, -0.02635085, -0.03290227, -0.02794414], [-0.02967486, -0.01676254, -0.02654073, -0.01340864, 0.00265801, 0.05621559], [-0.01554435, 0.00808462, -0.03322378, -0.00325229, 0.02586667, 0.04876812], [-0.00704417, -0.01898239, 0.04767483, -0.00486761, 0.02421536, -0.04063066], [-0.01592006, -0.00832313, 0.04199828, -0.01039954, 0.03476995, -0.02607822], [-0.0138007, 0.00583152, -0.04268913, -0.00426301, 0.01396288, 0.05648983], [-0.01835553, -0.00644838, 0.02617734, 0.00032274, 0.01660297, -0.00782181], [0.01201071, 0.06270058, 0.0069673, -0.02270792, -0.02189075, -0.01897801], [0.07258195, -0.03026913, -0.04691307, 0.01705073, -0.00538398, -0.02566889], [-0.04369436, -0.03058462, 0.06783691, -0.00474269, 0.02744151, -0.02414255], [-0.03260341, -0.02496749, 0.04798443, -0.01397082, 0.01526135, -0.01538102], [0.03366522, -0.02982033, -0.03046593, 0.01649251, -0.0260272, -0.00319929], [0.04684619, -0.04776552, -0.03062548, 0.03106054, -0.00956889, -0.01622071], [0.04005032, 0.05864852, -0.020878, -0.02119611, -0.01542642, -0.01917231], [-0.05241528, -0.00838178, 0.07646084, -0.00044011, 0.02187754, -0.02404556]], "number of molecular orbitals": 50, "number of electrons": 50, "number of unpaired electrons": 0, "orbital energies/eV": [-16.92354632, -16.73062469, -16.33617588, -16.06997446, -15.64524675, -15.36441892, -14.9408397, -14.75914933, -13.99122015, -13.70090739, -13.54239799, -13.4271491, -13.17475596, -13.072012, -12.78743298, -12.57669545, -12.31670714, -12.15978732, -11.99655154, -11.83751014, -11.68160117, -11.59294942, -11.25823076, -11.24360512, -11.17289227, 1.44126119, 2.17263421, 2.42957376, 2.7997706, 3.39319143, 3.45088453, 3.78502952, 3.99796081, 4.07984012, 4.2284752, 4.61639835, 4.73949133, 5.02203927, 5.18706167, 5.65806389, 5.84753921, 6.35931308, 6.38428285, 6.64874491, 7.06875725, 7.4584715, 7.59837029, 7.89619634, 8.14499577, 8.42128313], "fractional occupation": [2.0, 2.0, 2.0, 2.0, 2.0, 2.0, 2.0, 2.0, 2.0, 2.0, 2.0, 2.0, 2.0, 2.0, 2.0, 2.0, 2.0, 2.0, 2.0, 2.0, 2.0, 2.0, 2.0, 2.0, 2.0, 0.0, 0.0, 0.0, 0.0, 0.0, 0.0, 0.0, 0.0, 0.0, 0.0, 0.0, 0.0, 0.0, 0.0, 0.0, 0.0, 0.0, 0.0, 0.0, 0.0, 0.0, 0.0, 0.0, 0.0, 0.0], "program call": "xtb /home/svss/Project-DBcg-Debug/aqme2_20220329/End-to-End-workflows-final/example-3/QDESCP/mol_1012_rdkit_conf_14/mol_1012_rdkit_conf_14.xyz --pop --wbo --acc 0.2 --gfn 2 --chrg 0 --uhf 0 --etemp 300 --input /home/svss/Project-DBcg-Debug/aqme2_20220329/End-to-End-workflows-final/example-3/QDESCP/mol_1012_rdkit_conf_14/mol_1012_rdkit_conf_14_xtb.inp", "method": "GFN2-xTB", "xtb version": "6.3.3 (7355c4f)", "Dipole module/D": 0.027, "Total charge": 0, "Transition dipole module/D": NaN, "HOMO": -11.1729, "LUMO": 1.4413, "HOMO occupancy": 2.0, "LUMO occupancy": 0, "mulliken charges": [-0.08482, -0.03841, -0.0466, -0.05461, -0.00692, -0.09101, -0.04573, -0.0838, 0.02751, 0.02679, 0.02677, 0.02284, 0.0219, 0.02305, 0.02316, 0.02345, 0.02512, 0.01934, 0.02882, 0.02816, 0.02729, 0.02266, 0.02372, 0.02655, 0.02815, 0.02664], "cm5 charges": [-0.2353, -0.15097, -0.1575, -0.16343, -0.07938, -0.23964, -0.15621, -0.23448, 0.07829, 0.07857, 0.07819, 0.07703, 0.07648, 0.0789, 0.07826, 0.07986, 0.08183, 0.07803, 0.08082, 0.07961, 0.07924, 0.07779, 0.07873, 0.07829, 0.07891, 0.07808], "FUKUI+": [0.022, -0.009, -0.025, -0.027, -0.053, 0.03, -0.016, 0.024, -0.048, -0.02, -0.035, -0.077, -0.049, -0.058, -0.058, -0.064, -0.06, -0.068, -0.046, -0.052, -0.046, -0.059, -0.08, -0.028, -0.06, -0.04], "FUKUI-": [0.02, 0.005, 0.003, -0.003, -0.012, 0.02, -0.002, 0.019, -0.06, -0.065, -0.052, -0.1, -0.068, -0.053, -0.043, -0.044, -0.043, -0.059, -0.059, -0.05, -0.042, -0.06, -0.077, -0.052, -0.072, -0.051], "FUKUIrad": [0.021, -0.002, -0.011, -0.015, -0.032, 0.025, -0.009, 0.021, -0.054, -0.042, -0.043, -0.089, -0.058, -0.055, -0.05, -0.054, -0.052, -0.063, -0.052, -0.051, -0.044, -0.06, -0.078, -0.04, -0.066, -0.046], "s proportion": [1.007, 1.027, 1.032, 1.036, 1.058, 1.013, 1.033, 1.007, 0.972, 0.973, 0.973, 0.977, 0.978, 0.977, 0.977, 0.977, 0.975, 0.981, 0.971, 0.972, 0.973, 0.977, 0.976, 0.973, 0.972, 0.973], "p proportion": [3.078, 3.011, 3.015, 3.019, 2.949, 3.078, 3.013, 3.076, 0.0, 0.0, 0.0, 0.0, 0.0, 0.0, 0.0, 0.0, 0.0, 0.0, 0.0, 0.0, 0.0, 0.0, 0.0, 0.0, 0.0, 0.0], "d proportion": [0.0, 0.0, 0.0, 0.0, 0.0, 0.0, 0.0, 0.0, 0.0, 0.0, 0.0, 0.0, 0.0, 0.0, 0.0, 0.0, 0.0, 0.0, 0.0, 0.0, 0.0, 0.0, 0.0, 0.0, 0.0, 0.0], "Fermi-level/eV": -4.8658, "Coordination numbers": [3.749, 3.799, 3.799, 3.8, 3.847, 3.752, 3.801, 3.748, 0.924, 0.924, 0.924, 0.924, 0.924, 0.924, 0.924, 0.924, 0.924, 0.923, 0.924, 0.924, 0.924, 0.924, 0.924, 0.924, 0.924, 0.924], "Dispersion coefficient C6": [22.453, 21.488, 21.592, 21.685, 20.819, 22.533, 21.588, 22.454, 2.605, 2.541, 2.553, 2.646, 2.627, 2.564, 2.657, 2.559, 2.545, 2.629, 2.543, 2.599, 2.557, 2.599, 2.604, 2.563, 2.586, 2.563], "Total dispersion C6": 4383.863132, "Total dispersion C8": 90711.963778, "Polarizability alpha": [6.758, 6.6, 6.616, 6.63, 6.49, 6.769, 6.615, 6.758, 2.524, 2.493, 2.499, 2.544, 2.535, 2.504, 2.549, 2.501, 2.495, 2.535, 2.494, 2.521, 2.501, 2.521, 2.524, 2.503, 2.515, 2.504], "Total polarizability alpha": 98.498741, "Wiberg matrix": [[0.0, 1.0209936346207333, 0.0, 0.0, 0.0, 0.0, 0.0, 0.0, 0.987440643866489, 0.9864358468035016, 0.9874432481579252, 0.0, 0.0, 0.0, 0.0, 0.0, 0.0, 0.0, 0.0, 0.0, 0.0, 0.0, 0.0, 0.0, 0.0, 0.0], [1.0209936346207333, 0.0, 1.0063966030810823, 0.0, 0.0, 0.0, 0.0, 0.0, 0.0, 0.0, 0.0, 0.9781780574931495, 0.9778123155938497, 0.0, 0.0, 0.0, 0.0, 0.0, 0.0, 0.0, 0.0, 0.0, 0.0, 0.0, 0.0, 0.0], [0.0, 1.0063966030810823, 0.0, 1.0075635371621958, 0.0, 0.0, 0.0, 0.0, 0.0, 0.0, 0.0, 0.0, 0.0, 0.9759313304961316, 0.9773110083757723, 0.0, 0.0, 0.0, 0.0, 0.0, 0.0, 0.0, 0.0, 0.0, 0.0, 0.0], [0.0, 0.0, 1.0075635371621958, 0.0, 0.9954215018377226, 0.0, 0.0, 0.0, 0.0, 0.0, 0.0, 0.0, 0.0, 0.0, 0.0, 0.9758474025870612, 0.9733781418625472, 0.0, 0.0, 0.0, 0.0, 0.0, 0.0, 0.0, 0.0, 0.0], [0.0, 0.0, 0.0, 0.9954215018377226, 0.0, 1.0088114168150009, 0.9944434108305396, 0.0, 0.0, 0.0, 0.0, 0.0, 0.0, 0.0, 0.0, 0.0, 0.0, 0.9687134418998403, 0.0, 0.0, 0.0, 0.0, 0.0, 0.0, 0.0, 0.0], [0.0, 0.0, 0.0, 0.0, 1.0088114168150009, 0.0, 0.0, 0.0, 0.0, 0.0, 0.0, 0.0, 0.0, 0.0, 0.0, 0.0, 0.0, 0.0, 0.9848355710743736, 0.9858985432911075, 0.9872932518226216, 0.0, 0.0, 0.0, 0.0, 0.0], [0.0, 0.0, 0.0, 0.0, 0.9944434108305396, 0.0, 0.0, 1.0204672572487437, 0.0, 0.0, 0.0, 0.0, 0.0, 0.0, 0.0, 0.0, 0.0, 0.0, 0.0, 0.0, 0.0, 0.9777075336127939, 0.9768473379592768, 0.0, 0.0, 0.0], [0.0, 0.0, 0.0, 0.0, 0.0, 0.0, 1.0204672572487437, 0.0, 0.0, 0.0, 0.0, 0.0, 0.0, 0.0, 0.0, 0.0, 0.0, 0.0, 0.0, 0.0, 0.0, 0.0, 0.0, 0.9856043522927794, 0.9869889304502701, 0.9874272051688908], [0.987440643866489, 0.0, 0.0, 0.0, 0.0, 0.0, 0.0, 0.0, 0.0, 0.0, 0.0, 0.0, 0.0, 0.0, 0.0, 0.0, 0.0, 0.0, 0.0, 0.0, 0.0, 0.0, 0.0, 0.0, 0.0, 0.0], [0.9864358468035016, 0.0, 0.0, 0.0, 0.0, 0.0, 0.0, 0.0, 0.0, 0.0, 0.0, 0.0, 0.0, 0.0, 0.0, 0.0, 0.0, 0.0, 0.0, 0.0, 0.0, 0.0, 0.0, 0.0, 0.0, 0.0], [0.9874432481579252, 0.0, 0.0, 0.0, 0.0, 0.0, 0.0, 0.0, 0.0, 0.0, 0.0, 0.0, 0.0, 0.0, 0.0, 0.0, 0.0, 0.0, 0.0, 0.0, 0.0, 0.0, 0.0, 0.0, 0.0, 0.0], [0.0, 0.9781780574931495, 0.0, 0.0, 0.0, 0.0, 0.0, 0.0, 0.0, 0.0, 0.0, 0.0, 0.0, 0.0, 0.0, 0.0, 0.0, 0.0, 0.0, 0.0, 0.0, 0.0, 0.0, 0.0, 0.0, 0.0], [0.0, 0.9778123155938497, 0.0, 0.0, 0.0, 0.0, 0.0, 0.0, 0.0, 0.0, 0.0, 0.0, 0.0, 0.0, 0.0, 0.0, 0.0, 0.0, 0.0, 0.0, 0.0, 0.0, 0.0, 0.0, 0.0, 0.0], [0.0, 0.0, 0.9759313304961316, 0.0, 0.0, 0.0, 0.0, 0.0, 0.0, 0.0, 0.0, 0.0, 0.0, 0.0, 0.0, 0.0, 0.0, 0.0, 0.0, 0.0, 0.0, 0.0, 0.0, 0.0, 0.0, 0.0], [0.0, 0.0, 0.9773110083757723, 0.0, 0.0, 0.0, 0.0, 0.0, 0.0, 0.0, 0.0, 0.0, 0.0, 0.0, 0.0, 0.0, 0.0, 0.0, 0.0, 0.0, 0.0, 0.0, 0.0, 0.0, 0.0, 0.0], [0.0, 0.0, 0.0, 0.9758474025870612, 0.0, 0.0, 0.0, 0.0, 0.0, 0.0, 0.0, 0.0, 0.0, 0.0, 0.0, 0.0, 0.0, 0.0, 0.0, 0.0, 0.0, 0.0, 0.0, 0.0, 0.0, 0.0], [0.0, 0.0, 0.0, 0.9733781418625472, 0.0, 0.0, 0.0, 0.0, 0.0, 0.0, 0.0, 0.0, 0.0, 0.0, 0.0, 0.0, 0.0, 0.0, 0.0, 0.0, 0.0, 0.0, 0.0, 0.0, 0.0, 0.0], [0.0, 0.0, 0.0, 0.0, 0.9687134418998403, 0.0, 0.0, 0.0, 0.0, 0.0, 0.0, 0.0, 0.0, 0.0, 0.0, 0.0, 0.0, 0.0, 0.0, 0.0, 0.0, 0.0, 0.0, 0.0, 0.0, 0.0], [0.0, 0.0, 0.0, 0.0, 0.0, 0.9848355710743736, 0.0, 0.0, 0.0, 0.0, 0.0, 0.0, 0.0, 0.0, 0.0, 0.0, 0.0, 0.0, 0.0, 0.0, 0.0, 0.0, 0.0, 0.0, 0.0, 0.0], [0.0, 0.0, 0.0, 0.0, 0.0, 0.9858985432911075, 0.0, 0.0, 0.0, 0.0, 0.0, 0.0, 0.0, 0.0, 0.0, 0.0, 0.0, 0.0, 0.0, 0.0, 0.0, 0.0, 0.0, 0.0, 0.0, 0.0], [0.0, 0.0, 0.0, 0.0, 0.0, 0.9872932518226216, 0.0, 0.0, 0.0, 0.0, 0.0, 0.0, 0.0, 0.0, 0.0, 0.0, 0.0, 0.0, 0.0, 0.0, 0.0, 0.0, 0.0, 0.0, 0.0, 0.0], [0.0, 0.0, 0.0, 0.0, 0.0, 0.0, 0.9777075336127939, 0.0, 0.0, 0.0, 0.0, 0.0, 0.0, 0.0, 0.0, 0.0, 0.0, 0.0, 0.0, 0.0, 0.0, 0.0, 0.0, 0.0, 0.0, 0.0], [0.0, 0.0, 0.0, 0.0, 0.0, 0.0, 0.9768473379592768, 0.0, 0.0, 0.0, 0.0, 0.0, 0.0, 0.0, 0.0, 0.0, 0.0, 0.0, 0.0, 0.0, 0.0, 0.0, 0.0, 0.0, 0.0, 0.0], [0.0, 0.0, 0.0, 0.0, 0.0, 0.0, 0.0, 0.9856043522927794, 0.0, 0.0, 0.0, 0.0, 0.0, 0.0, 0.0, 0.0, 0.0, 0.0, 0.0, 0.0, 0.0, 0.0, 0.0, 0.0, 0.0, 0.0], [0.0, 0.0, 0.0, 0.0, 0.0, 0.0, 0.0, 0.9869889304502701, 0.0, 0.0, 0.0, 0.0, 0.0, 0.0, 0.0, 0.0, 0.0, 0.0, 0.0, 0.0, 0.0, 0.0, 0.0, 0.0, 0.0, 0.0], [0.0, 0.0, 0.0, 0.0, 0.0, 0.0, 0.0, 0.9874272051688908, 0.0, 0.0, 0.0, 0.0, 0.0, 0.0, 0.0, 0.0, 0.0, 0.0, 0.0, 0.0, 0.0, 0.0, 0.0, 0.0, 0.0, 0.0]], "Born radii": [], "Atomic SASAs": [], "Solvent H bonds": [], "Total SASA": NaN, "Total FOD": 0.0, "FOD": [0.0, 0.0, 0.0, 0.0, 0.0, 0.0, 0.0, 0.0, 0.0, 0.0, 0.0, 0.0, 0.0, 0.0, 0.0, 0.0, 0.0, 0.0, 0.0, 0.0, 0.0, 0.0, 0.0, 0.0, 0.0, 0.0], "FOD s proportion": [0.0, 0.0, 0.0, 0.0, 0.0, 0.0, 0.0, 0.0, 0.0, 0.0, 0.0, 0.0, 0.0, 0.0, 0.0, 0.0, 0.0, 0.0, 0.0, 0.0, 0.0, 0.0, 0.0, 0.0, 0.0, 0.0], "FOD p proportion": [0.0, 0.0, 0.0, 0.0, 0.0, 0.0, 0.0, 0.0, 0.0, 0.0, 0.0, 0.0, 0.0, 0.0, 0.0, 0.0, 0.0, 0.0, 0.0, 0.0, 0.0, 0.0, 0.0, 0.0, 0.0, 0.0], "FOD d proportion": [0.0, 0.0, 0.0, 0.0, 0.0, 0.0, 0.0, 0.0, 0.0, 0.0, 0.0, 0.0, 0.0, 0.0, 0.0, 0.0, 0.0, 0.0, 0.0, 0.0, 0.0, 0.0, 0.0, 0.0, 0.0, 0.0], "coordinates": [["3.16190", "-0.79070", "-0.02910"], ["2.64730", "0.61540", "0.23790"], ["1.29130", "0.90280", "-0.41310"], ["0.15650", "0.03800", "0.14910"], ["-1.24780", "0.48480", "-0.31140"], ["-1.37980", "0.46080", "-1.83870"], ["-2.35690", "-0.39680", "0.30050"], ["-2.44810", "-0.31030", "1.81770"], ["4.17070", "-0.90530", "0.38030"], ["2.52600", "-1.54630", "0.44130"], ["3.20720", "-0.99530", "-1.10340"], ["3.37840", "1.33440", "-0.15070"], ["2.58500", "0.78140", "1.31970"], ["1.37960", "0.75430", "-1.49520"], ["1.05150", "1.96090", "-0.25220"], ["0.31370", "-1.00870", "-0.13760"], ["0.20860", "0.08000", "1.24280"], ["-1.41030", "1.51840", "0.02140"], ["-0.70930", "1.18610", "-2.30930"], ["-2.39830", "0.72190", "-2.14630"], ["-1.14920", "-0.53160", "-2.24070"], ["-2.20940", "-1.44380", "0.00830"], ["-3.32640", "-0.08920", "-0.11130"], ["-1.57510", "-0.75770", "2.30110"], ["-3.33110", "-0.85320", "2.17050"], ["-2.53610", "0.72930", "2.14830"]], "bond_dist": [[0.0, 1.5209271415817394, 2.5523602038113666, 3.1226476090010546, 4.599135530727486, 5.046577384723236, 5.542647996219857, 5.925669109898055, 1.0947232344295976, 1.0938813144029842, 1.0945472762745336, 2.1395580898867874, 2.1502496273688783, 2.7772409870229127, 3.474890549355476, 2.8585904725930926, 3.331340419410781, 5.122451161309399, 4.908486499930503, 6.13891836075379, 4.852204713323625, 5.410989009414083, 6.526629756620181, 5.279213013319315, 6.855741784081428, 6.286388053564623], [1.5209271415817394, 0.0, 1.5313836096811275, 2.5583902829709153, 3.935808793628065, 4.533619208755848, 5.105926482040258, 5.414405755944045, 2.157209727866069, 2.1746337944582756, 2.169545618326566, 1.096575656304662, 1.0962337934948, 2.1517416457372387, 2.1440955902198016, 2.8678197328284076, 2.6914187448258584, 4.162499130330239, 4.2521394485599835, 5.58156172141812, 4.676802241917013, 5.280204133364542, 6.02523804426016, 4.896004453633596, 6.452363542144848, 5.525417353467518], [2.5523602038113666, 1.5313836096811275, 0.0, 1.5335315190761485, 2.575285556981983, 3.0598161006831766, 3.9379624630003778, 4.5200876772469805, 3.491368432291271, 2.8727294094641076, 2.7838768848496156, 2.1473515618081733, 2.165870146153735, 1.0958054343723616, 1.0967991885482047, 2.1645863946722015, 2.142718819630798, 2.8047096409432477, 2.7709625926742496, 4.080423410627872, 3.3695200503929343, 4.235446848916888, 4.7326842837865275, 4.2825682539803145, 5.57898796557225, 4.60867258220846], [3.1226476090010546, 2.5583902829709153, 1.5335315190761485, 0.0, 1.5439394353406484, 2.5476118954817273, 2.5552206480067428, 3.112792959706765, 4.130020577430577, 2.865295373953617, 3.455898671836314, 3.4858532111952165, 2.7965264472198363, 2.170894237405406, 2.1586132353897955, 1.0965808770902399, 1.095745454017492, 2.159341031426023, 2.8480649237684172, 3.5019399495136976, 2.7821647488960823, 2.7951813340103713, 3.494936395701644, 2.8744879630988196, 4.12839547039767, 3.424148228391989], [4.599135530727486, 3.935808793628065, 2.575285556981983, 1.5439394353406484, 0.0, 1.5331814276203581, 1.5432896617291259, 2.570208339804383, 5.636574238844016, 4.351263143042488, 4.760775673144031, 4.706311835184745, 4.175980676439966, 2.894346808867244, 2.732975729859305, 2.1677248303232584, 2.1680640304197656, 1.0979485643690234, 2.184813115577623, 2.1786979299572486, 2.182885569607349, 2.1786189685211133, 2.1656624783192786, 2.9113721490046576, 3.5057396509153387, 2.787404030634956], [5.046577384723236, 4.533619208755848, 3.0598161006831766, 2.5476118954817273, 1.5331814276203581, 0.0, 2.5032736186841418, 3.886530722894134, 6.131740410356589, 4.947941395166276, 4.868414762527942, 5.123766993140887, 5.0791646911672395, 2.796144284546132, 3.2677977217080008, 2.814447318746613, 3.487644685170782, 2.1399579481849638, 1.094118229443235, 1.0955059196553891, 1.0952799276897207, 2.7797745088406, 2.6600117142599204, 4.319818095707272, 4.648424714889981, 4.1599628531995325], [5.542647996219857, 5.105926482040258, 3.9379624630003778, 2.5552206480067428, 1.5432896617291259, 2.5032736186841418, 0.0, 1.522397953887222, 6.547862403105306, 5.018355039253399, 5.769605382519674, 6.007853274673076, 5.181630968141209, 4.3024413941389135, 4.181078466137654, 2.774609446390609, 2.774357183204787, 2.154516050067857, 3.4686040722457787, 2.6907311069670268, 2.816808081854353, 1.0969713259698266, 1.0973273212674513, 2.1780404977869443, 2.157374932643837, 2.171308059672786], [5.925669109898055, 5.414405755944045, 4.5200876772469805, 3.112792959706765, 2.570208339804383, 3.886530722894134, 1.522397953887222, 0.0, 6.799165919434531, 5.3069618210422425, 6.401911300541426, 6.366140031447628, 5.174157757548565, 5.173003659383975, 4.657256231946016, 3.455213436243845, 2.74606973509414, 2.7654775753927203, 4.721733516411107, 4.09648787133564, 4.266933964804236, 2.148424608870416, 2.131041318229189, 1.09360473663934, 1.094941665112804, 1.0944443887196826], [1.0947232344295976, 2.157209727866069, 3.491368432291271, 4.130020577430577, 5.636574238844016, 6.131740410356589, 6.547862403105306, 6.799165919434531, 0.0, 1.7662502908704645, 1.7713830585167063, 2.4343287329364536, 2.498374219367467, 3.749934882101288, 4.283055840168325, 3.8929886937929834, 4.172883745085645, 6.095136741698254, 5.951663811069976, 7.223797367036259, 5.942274707550974, 6.413582638432283, 7.557393610233624, 6.060154786802066, 7.712621713140092, 7.125932037284667], [1.0938813144029842, 2.1746337944582756, 2.8727294094641076, 2.865295373953617, 4.351263143042488, 4.947941395166276, 5.018355039253399, 5.3069618210422425, 1.7662502908704645, 0.0, 1.7758751448229688, 3.0619409285614902, 2.4886250922949404, 3.2182332994983445, 3.867239886534064, 2.349129681392664, 2.9423794282858897, 5.006311994872074, 5.049651097848246, 6.007423365303963, 4.661527124237292, 4.756259918255099, 6.056326686201793, 4.57162632003098, 6.146229792319842, 5.806639369721525], [1.0945472762745336, 2.169545618326566, 2.7838768848496156, 3.455898671836314, 4.760775673144031, 4.868414762527942, 5.769605382519674, 6.401911300541426, 1.7713830585167063, 1.7758751448229688, 0.0, 2.522785924330481, 3.068421310706859, 2.5602205295638107, 3.7564214846047292, 3.0504575804295326, 3.9563273992428885, 5.376352758143758, 4.642377948853368, 5.954665943610943, 4.5262224801704125, 5.547664797011441, 6.670322974189481, 5.875156789397198, 7.313547737589467, 6.821531568496916], [2.1395580898867874, 1.096575656304662, 2.1473515618081733, 3.4858532111952165, 4.706311835184745, 5.123766993140887, 6.007853274673076, 6.366140031447628, 2.4343287329364536, 3.0619409285614902, 2.522785924330481, 0.0, 1.7599342942280545, 2.4777808014430978, 2.4119013474850086, 3.8578070597166985, 3.682796987345352, 4.795322940115713, 4.625023042104764, 6.14229912166446, 5.324398347231356, 6.242370149230179, 6.854380523431713, 5.90976885334782, 7.4290614111070585, 6.374390736376301], [2.1502496273688783, 1.0962337934948, 2.165870146153735, 2.7965264472198363, 4.175980676439966, 5.0791646911672395, 5.181630968141209, 5.174157757548565, 2.498374219367467, 2.4886250922949404, 3.068421310706859, 1.7599342942280545, 0.0, 3.062251717282562, 2.49273185681894, 3.2383614668532603, 2.478941816582229, 4.265111250600622, 4.917909675868397, 6.070418036675893, 5.323970961603754, 5.4458751693368805, 6.144131779185731, 4.542951329257226, 6.196451969474144, 5.187962758154688], [2.7772409870229127, 2.1517416457372387, 1.0958054343723616, 2.170894237405406, 2.894346808867244, 2.796144284546132, 4.3024413941389135, 5.173003659383975, 3.749934882101288, 3.2182332994983445, 2.5602205295638107, 2.4777808014430978, 3.062251717282562, 0.0, 1.7631171742116292, 2.46726357935264, 3.0532876526786663, 3.266108752016687, 2.283136715135561, 3.833733086692395, 2.9332811832485475, 4.469124842740467, 4.97725903083213, 5.042647100482047, 6.181594230455441, 5.348684299900303], [3.474890549355476, 2.1440955902198016, 1.0967991885482047, 2.1586132353897955, 2.732975729859305, 3.2677977217080008, 4.181078466137654, 4.657256231946016, 4.283055840168325, 3.867239886534064, 3.7564214846047292, 2.4119013474850086, 2.49273185681894, 1.7631171742116292, 0.0, 3.0620264793107195, 2.546230590500397, 2.5161721821051914, 2.8164502640735556, 4.125997558166994, 3.8742443121207524, 4.721579306757433, 4.83619387845442, 4.561705208581546, 5.744198539396074, 4.4888876762512115], [2.8585904725930926, 2.8678197328284076, 2.1645863946722015, 1.0965808770902399, 2.1677248303232584, 2.814447318746613, 2.774609446390609, 3.455213436243845, 3.8929886937929834, 2.349129681392664, 3.0504575804295326, 3.8578070597166985, 3.2383614668532603, 2.46726357935264, 3.0620264793107195, 0.0, 1.7611978480568273, 3.0632811509882667, 3.2526845727798444, 3.792729366828063, 2.6059029970434433, 2.5644945759349933, 3.7545305898341006, 3.094805992303879, 4.316951806541278, 4.045657282815735], [3.331340419410781, 2.6914187448258584, 2.142718819630798, 1.095745454017492, 2.1680640304197656, 3.487644685170782, 2.774357183204787, 2.74606973509414, 4.172883745085645, 2.9423794282858897, 3.9563273992428885, 3.682796987345352, 2.478941816582229, 3.0532876526786663, 2.546230590500397, 1.7611978480568273, 0.0, 2.4862923661548733, 3.831894052554167, 4.323651469533593, 3.7884624387738093, 3.113307034328609, 3.7892532839597832, 2.236811541010999, 3.77636937017554, 2.9622455721968763], [5.122451161309399, 4.162499130330239, 2.8047096409432477, 2.159341031426023, 1.0979485643690234, 2.1399579481849638, 2.154516050067857, 2.7654775753927203, 6.095136741698254, 5.006311994872074, 5.376352758143758, 4.795322940115713, 4.265111250600622, 3.266108752016687, 2.5161721821051914, 3.0632811509882667, 2.4862923661548733, 0.0, 2.4564174685912, 2.511867739352532, 3.063946739093224, 3.0681201508415543, 2.504680869891412, 3.2256506847456374, 3.7326384783420963, 2.532549715207976], [4.908486499930503, 4.2521394485599835, 2.7709625926742496, 2.8480649237684172, 2.184813115577623, 1.094118229443235, 3.4686040722457787, 4.721733516411107, 5.951663811069976, 5.049651097848246, 4.642377948853368, 4.625023042104764, 4.917909675868397, 2.283136715135561, 2.8164502640735556, 3.2526845727798444, 3.831894052554167, 2.4564174685912, 0.0, 1.759196305134819, 1.774460836423278, 3.812865560179116, 3.647849572008144, 5.077770794354547, 5.576843889692449, 4.839014593902357], [6.13891836075379, 5.58156172141812, 4.080423410627872, 3.5019399495136976, 2.1786979299572486, 1.0955059196553891, 2.6907311069670268, 4.09648787133564, 7.223797367036259, 6.007423365303963, 5.954665943610943, 6.14229912166446, 6.070418036675893, 3.833733086692395, 4.125997558166994, 3.792729366828063, 4.323651469533593, 2.511867739352532, 1.759196305134819, 0.0, 1.7721242676516789, 3.0607582165208678, 2.379175869917985, 4.758806694960407, 4.688903719420991, 4.296816584402922], [4.852204713323625, 4.676802241917013, 3.3695200503929343, 2.7821647488960823, 2.182885569607349, 1.0952799276897207, 2.816808081854353, 4.266933964804236, 5.942274707550974, 4.661527124237292, 4.5262224801704125, 5.324398347231356, 5.323970961603754, 2.9332811832485475, 3.8742443121207524, 2.6059029970434433, 3.7884624387738093, 3.063946739093224, 1.774460836423278, 1.7721242676516789, 0.0, 2.648421016379382, 3.077379073172494, 4.5673251756361735, 4.931815042152331, 4.772492160286907], [5.410989009414083, 5.280204133364542, 4.235446848916888, 2.7951813340103713, 2.1786189685211133, 2.7797745088406, 1.0969713259698266, 2.148424608870416, 6.413582638432283, 4.756259918255099, 5.547664797011441, 6.242370149230179, 5.4458751693368805, 4.469124842740467, 4.721579306757433, 2.5644945759349933, 3.113307034328609, 3.0681201508415543, 3.812865560179116, 3.0607582165208678, 2.648421016379382, 0.0, 1.7598108762023263, 2.4758839916280406, 2.506417381443083, 3.0673598582494357], [6.526629756620181, 6.02523804426016, 4.7326842837865275, 3.494936395701644, 2.1656624783192786, 2.6600117142599204, 1.0973273212674513, 2.131041318229189, 7.557393610233624, 6.056326686201793, 6.670322974189481, 6.854380523431713, 6.144131779185731, 4.97725903083213, 4.83619387845442, 3.7545305898341006, 3.7892532839597832, 2.504680869891412, 3.647849572008144, 2.379175869917985, 3.077379073172494, 1.7598108762023263, 0.0, 3.0550970033699425, 2.406310314568759, 2.5298831000660877], [5.279213013319315, 4.896004453633596, 4.2825682539803145, 2.8744879630988196, 2.9113721490046576, 4.319818095707272, 2.1780404977869443, 1.09360473663934, 6.060154786802066, 4.57162632003098, 5.875156789397198, 5.90976885334782, 4.542951329257226, 5.042647100482047, 4.561705208581546, 3.094805992303879, 2.236811541010999, 3.2256506847456374, 5.077770794354547, 4.758806694960407, 4.5673251756361735, 2.4758839916280406, 3.0550970033699425, 0.0, 1.7634377250132767, 1.7770868971437497], [6.855741784081428, 6.452363542144848, 5.57898796557225, 4.12839547039767, 3.5057396509153387, 4.648424714889981, 2.157374932643837, 1.094941665112804, 7.712621713140092, 6.146229792319842, 7.313547737589467, 7.4290614111070585, 6.196451969474144, 6.181594230455441, 5.744198539396074, 4.316951806541278, 3.77636937017554, 3.7326384783420963, 5.576843889692449, 4.688903719420991, 4.931815042152331, 2.506417381443083, 2.406310314568759, 1.7634377250132767, 0.0, 1.7711081531064106], [6.286388053564623, 5.525417353467518, 4.60867258220846, 3.424148228391989, 2.787404030634956, 4.1599628531995325, 2.171308059672786, 1.0944443887196826, 7.125932037284667, 5.806639369721525, 6.821531568496916, 6.374390736376301, 5.187962758154688, 5.348684299900303, 4.4888876762512115, 4.045657282815735, 2.9622455721968763, 2.532549715207976, 4.839014593902357, 4.296816584402922, 4.772492160286907, 3.0673598582494357, 2.5298831000660877, 1.7770868971437497, 1.7711081531064106, 0.0]]}