{"total energy": -30.27850337, "HOMO-LUMO gap/eV": 4.86431148, "electronic energy": -30.62600961, "dipole": [0.09811582, -0.48377337, -0.64056801], "partial charges": [-0.10677453, -0.05783275, 0.07683577, -0.2783827, 0.35116692, -0.40591927, -0.08859814, -0.05164985, -0.10411419, 0.04439547, 0.04196294, 0.03685162, 0.04990358, 0.04316286, 0.05513948, 0.05192918, 0.06942551, 0.06933498, 0.04657543, 0.04632079, 0.03930442, 0.03544244, 0.03552004], "atomic dipole moments": [[-0.11293536, -0.02135793, -0.02346778], [0.04388067, 0.11175944, -0.06445172], [-0.22207188, -0.11313781, 0.01608824], [0.07914336, 0.11651031, 0.17472488], [0.12963089, -0.03102232, -0.08316671], [-0.03788836, -0.0945103, -0.14539398], [0.03682275, 0.05185735, 0.07682547], [0.0059184, -0.07102422, -0.11737463], [0.10128966, 0.03281145, 0.03169577], [0.04947145, -0.0881254, 0.07532552], [0.01486661, 0.11237743, 0.05800818], [0.06769353, 0.00107347, -0.10613832], [-0.06128237, -0.01206195, 0.11095958], [-0.01150177, -0.11486968, -0.04711919], [0.01032307, 0.12213542, 0.04416047], [0.05867413, 0.00501139, -0.10792831], [-0.00195362, -0.13265226, -0.00395092], [-0.02663439, 0.05419138, -0.11832722], [-0.00096088, 0.12603949, 0.01337443], [0.02147447, -0.04354841, 0.11700699], [-0.08678646, 0.03912936, 0.08280253], [-0.00806731, -0.12533864, -0.0066109], [-0.03098693, 0.0474866, -0.11231579]], "atomic quadrupole moments": [[0.22582971, 0.06975595, -0.11257892, 0.06600691, 0.00556178, -0.11325079], [0.15194985, -0.0368345, -0.05008119, 0.15378736, -0.14638887, -0.10186866], [0.42415919, 0.08807135, -0.19917894, 0.16515963, -0.09465808, -0.22498024], [0.0881042, 0.02249768, -0.05517173, 0.01153343, 0.01969504, -0.03293246], [-0.18194097, -0.14117344, 0.25054879, -0.1026509, -0.34805434, -0.06860782], [-0.10828472, -0.03046114, 0.12293293, 0.01499153, -0.13544893, -0.01464821], [0.21706214, 0.0293251, -0.18274148, -0.05665534, 0.13699865, -0.03432066], [0.23485664, 0.01988873, -0.18233736, -0.07329013, 0.11357898, -0.05251928], [0.18347489, 0.09850472, -0.09450524, 0.09297704, 0.03797514, -0.08896965], [-0.01676555, -0.02272726, 0.02229825, 0.02712355, -0.059209, -0.0055327], [-0.02695004, 0.00130378, 0.05368566, -0.00158468, 0.05167603, -0.02673562], [-0.00890538, 0.00738735, -0.05022045, -0.04414935, 0.00375828, 0.05912582], [-0.00090802, -0.01008097, -0.0340339, -0.03287981, 0.01021887, 0.03494192], [-0.02708363, -0.00196406, 0.03083123, 0.00716747, 0.04192552, -0.00374761], [-0.00668924, -0.00748803, 0.01597341, 0.00517555, 0.03281157, -0.00928418], [-0.00249664, -0.01007074, -0.03749961, -0.03124822, 0.00542493, 0.03999625], [-0.02147077, -0.00052083, 0.05952749, -0.02212375, 0.00846853, -0.03805672], [-0.01432437, -0.02159995, -0.03242999, 0.00355564, -0.0327908, 0.04675436], [-0.01486334, 0.00237597, 0.05302723, -0.00463625, -0.00654725, -0.03816389], [-0.01052247, -0.00954144, -0.01683724, 0.01257052, -0.03876073, 0.02735971], [0.01729486, -0.02086009, -0.0341739, -0.04954322, 0.03668405, 0.01687904], [-0.0321706, -0.00583243, 0.08042223, 0.0095867, 0.00461713, -0.04825163], [-0.03283658, 0.00355334, -0.02239395, 0.01920871, -0.04857061, 0.05523053]], "number of molecular orbitals": 50, "number of electrons": 54, "number of unpaired electrons": 0, "orbital energies/eV": [-20.0066303, -19.27845758, -18.25260921, -17.3001125, -17.04112858, -16.47827141, -16.29573103, -15.99064671, -15.45902682, -15.28916466, -15.23783182, -15.01258829, -14.17046759, -14.13281989, -13.70926472, -13.69903036, -13.30030671, -13.00400897, -12.78632381, -12.69889705, -12.6092996, -12.51487377, -12.09515532, -11.91478474, -11.83979394, -11.71064299, -11.25152155, -6.38721008, -0.20150248, 2.28370432, 2.81962245, 3.00914492, 3.13504214, 3.45870442, 3.74361253, 3.80624022, 3.98742379, 4.0798957, 4.3754258, 4.6056024, 4.96841067, 5.66298443, 5.86073845, 6.1428294, 6.54410283, 6.74437574, 6.92510341, 7.77089768, 7.8701232, 16.26702009], "fractional occupation": [2.0, 2.0, 2.0, 2.0, 2.0, 2.0, 2.0, 2.0, 2.0, 2.0, 2.0, 2.0, 2.0, 2.0, 2.0, 2.0, 2.0, 2.0, 2.0, 2.0, 2.0, 2.0, 2.0, 2.0, 2.0, 2.0, 2.0, 0.0, 0.0, 0.0, 0.0, 0.0, 0.0, 0.0, 0.0, 0.0, 0.0, 0.0, 0.0, 0.0, 0.0, 0.0, 0.0, 0.0, 0.0, 0.0, 0.0, 0.0, 0.0, 0.0], "program call": "xtb /home/svss/Project-DBcg-Debug/aqme2_20220329/End-to-End-workflows-final/example-3/QDESCP/mol_329_rdkit_conf_7/mol_329_rdkit_conf_7.xyz --pop --wbo --acc 0.2 --gfn 2 --chrg 0 --uhf 0 --etemp 300 --input /home/svss/Project-DBcg-Debug/aqme2_20220329/End-to-End-workflows-final/example-3/QDESCP/mol_329_rdkit_conf_7/mol_329_rdkit_conf_7_xtb.inp", "method": "GFN2-xTB", "xtb version": "6.3.3 (7355c4f)", "Dipole module/D": 2.056, "Total charge": 0, "Transition dipole module/D": NaN, "HOMO": -11.2515, "LUMO": -6.3872, "HOMO occupancy": 2.0, "LUMO occupancy": 0, "mulliken charges": [-0.0868, -0.05341, 0.19754, -0.42368, 0.57407, -0.52888, -0.07898, -0.03364, -0.08649, 0.03578, 0.03299, 0.02708, 0.04488, 0.03282, 0.04363, 0.03098, 0.05481, 0.05521, 0.03687, 0.03656, 0.03361, 0.02746, 0.0276], "cm5 charges": [-0.23681, -0.16211, 0.11669, -0.5065, 0.62328, -0.57973, -0.17761, -0.14372, -0.23669, 0.0866, 0.08439, 0.07844, 0.10338, 0.08949, 0.11018, 0.09417, 0.11367, 0.11403, 0.09353, 0.09321, 0.0844, 0.07878, 0.07892], "FUKUI+": [0.014, 0.005, 0.031, -0.12, -0.189, -0.28, 0.029, 0.014, 0.018, -0.031, -0.016, -0.024, 0.002, -0.025, -0.03, -0.065, -0.097, -0.097, -0.025, -0.025, -0.04, -0.024, -0.024], "FUKUI-": [0.018, 0.004, 0.017, -0.05, -0.008, -0.091, 0.002, 0.005, 0.016, -0.049, -0.063, -0.074, -0.076, -0.072, -0.045, -0.071, -0.051, -0.056, -0.077, -0.075, -0.06, -0.073, -0.072], "FUKUIrad": [0.016, 0.004, 0.024, -0.085, -0.098, -0.185, 0.015, 0.009, 0.017, -0.04, -0.039, -0.049, -0.037, -0.049, -0.038, -0.068, -0.074, -0.076, -0.051, -0.05, -0.05, -0.048, -0.048], "s proportion": [1.008, 1.031, 0.998, 1.699, 0.991, 1.731, 1.039, 1.025, 1.008, 0.964, 0.967, 0.973, 0.955, 0.967, 0.956, 0.969, 0.945, 0.945, 0.963, 0.963, 0.966, 0.973, 0.972], "p proportion": [3.079, 3.022, 2.804, 4.725, 2.435, 4.798, 3.04, 3.008, 3.078, 0.0, 0.0, 0.0, 0.0, 0.0, 0.0, 0.0, 0.0, 0.0, 0.0, 0.0, 0.0, 0.0, 0.0], "d proportion": [0.0, 0.0, 0.0, 0.0, 0.0, 0.0, 0.0, 0.0, 0.0, 0.0, 0.0, 0.0, 0.0, 0.0, 0.0, 0.0, 0.0, 0.0, 0.0, 0.0, 0.0, 0.0, 0.0], "Fermi-level/eV": -8.8194, "Coordination numbers": [3.75, 3.799, 3.696, 1.702, 2.711, 0.856, 3.803, 3.801, 3.75, 0.924, 0.924, 0.924, 0.924, 0.924, 0.924, 0.924, 0.924, 0.924, 0.924, 0.924, 0.924, 0.924, 0.924], "Dispersion coefficient C6": [22.604, 21.617, 19.46, 18.62, 21.037, 21.8, 22.187, 21.501, 22.552, 2.391, 2.423, 2.491, 2.321, 2.407, 2.257, 2.296, 2.092, 2.093, 2.363, 2.367, 2.458, 2.511, 2.509], "Total dispersion C6": 3945.004978, "Total dispersion C8": 83624.209911, "Polarizability alpha": [6.78, 6.62, 6.31, 5.826, 7.508, 6.26, 6.706, 6.602, 6.773, 2.418, 2.434, 2.468, 2.383, 2.426, 2.349, 2.37, 2.262, 2.262, 2.404, 2.406, 2.452, 2.478, 2.477], "Total polarizability alpha": 92.974853, "Wiberg matrix": [[0.0, 1.0195540216117136, 0.0, 0.0, 0.0, 0.0, 0.0, 0.0, 0.0, 0.9862083405106408, 0.9868767928720953, 0.9872027913094845, 0.0, 0.0, 0.0, 0.0, 0.0, 0.0, 0.0, 0.0, 0.0, 0.0, 0.0], [1.0195540216117136, 0.0, 1.000106838308721, 0.0, 0.0, 0.0, 0.0, 0.0, 0.0, 0.0, 0.0, 0.0, 0.9753326987765405, 0.9764105841199453, 0.0, 0.0, 0.0, 0.0, 0.0, 0.0, 0.0, 0.0, 0.0], [0.0, 1.000106838308721, 0.0, 0.9416170502306463, 0.0, 0.0, 0.0, 0.0, 0.0, 0.0, 0.0, 0.0, 0.0, 0.0, 0.9685329138515482, 0.97094177839012, 0.0, 0.0, 0.0, 0.0, 0.0, 0.0, 0.0], [0.0, 0.0, 0.9416170502306463, 0.0, 1.115706065632747, 0.16992918632398588, 0.0, 0.0, 0.0, 0.0, 0.0, 0.0, 0.0, 0.0, 0.0, 0.0, 0.0, 0.0, 0.0, 0.0, 0.0, 0.0, 0.0], [0.0, 0.0, 0.0, 1.115706065632747, 0.0, 1.7599388139544372, 0.9784935028239163, 0.0, 0.0, 0.0, 0.0, 0.0, 0.0, 0.0, 0.0, 0.0, 0.0, 0.0, 0.0, 0.0, 0.0, 0.0, 0.0], [0.0, 0.0, 0.0, 0.16992918632398588, 1.7599388139544372, 0.0, 0.0, 0.0, 0.0, 0.0, 0.0, 0.0, 0.0, 0.0, 0.0, 0.0, 0.0, 0.0, 0.0, 0.0, 0.0, 0.0, 0.0], [0.0, 0.0, 0.0, 0.0, 0.9784935028239163, 0.0, 0.0, 1.0073232785604775, 0.0, 0.0, 0.0, 0.0, 0.0, 0.0, 0.0, 0.0, 0.9529395181205527, 0.9529726526067097, 0.0, 0.0, 0.0, 0.0, 0.0], [0.0, 0.0, 0.0, 0.0, 0.0, 0.0, 1.0073232785604775, 0.0, 1.0207485051441483, 0.0, 0.0, 0.0, 0.0, 0.0, 0.0, 0.0, 0.0, 0.0, 0.9767876433846975, 0.9767974886648714, 0.0, 0.0, 0.0], [0.0, 0.0, 0.0, 0.0, 0.0, 0.0, 0.0, 1.0207485051441483, 0.0, 0.0, 0.0, 0.0, 0.0, 0.0, 0.0, 0.0, 0.0, 0.0, 0.0, 0.0, 0.9867809472134599, 0.9873103117211622, 0.9873093706405989], [0.9862083405106408, 0.0, 0.0, 0.0, 0.0, 0.0, 0.0, 0.0, 0.0, 0.0, 0.0, 0.0, 0.0, 0.0, 0.0, 0.0, 0.0, 0.0, 0.0, 0.0, 0.0, 0.0, 0.0], [0.9868767928720953, 0.0, 0.0, 0.0, 0.0, 0.0, 0.0, 0.0, 0.0, 0.0, 0.0, 0.0, 0.0, 0.0, 0.0, 0.0, 0.0, 0.0, 0.0, 0.0, 0.0, 0.0, 0.0], [0.9872027913094845, 0.0, 0.0, 0.0, 0.0, 0.0, 0.0, 0.0, 0.0, 0.0, 0.0, 0.0, 0.0, 0.0, 0.0, 0.0, 0.0, 0.0, 0.0, 0.0, 0.0, 0.0, 0.0], [0.0, 0.9753326987765405, 0.0, 0.0, 0.0, 0.0, 0.0, 0.0, 0.0, 0.0, 0.0, 0.0, 0.0, 0.0, 0.0, 0.0, 0.0, 0.0, 0.0, 0.0, 0.0, 0.0, 0.0], [0.0, 0.9764105841199453, 0.0, 0.0, 0.0, 0.0, 0.0, 0.0, 0.0, 0.0, 0.0, 0.0, 0.0, 0.0, 0.0, 0.0, 0.0, 0.0, 0.0, 0.0, 0.0, 0.0, 0.0], [0.0, 0.0, 0.9685329138515482, 0.0, 0.0, 0.0, 0.0, 0.0, 0.0, 0.0, 0.0, 0.0, 0.0, 0.0, 0.0, 0.0, 0.0, 0.0, 0.0, 0.0, 0.0, 0.0, 0.0], [0.0, 0.0, 0.97094177839012, 0.0, 0.0, 0.0, 0.0, 0.0, 0.0, 0.0, 0.0, 0.0, 0.0, 0.0, 0.0, 0.0, 0.0, 0.0, 0.0, 0.0, 0.0, 0.0, 0.0], [0.0, 0.0, 0.0, 0.0, 0.0, 0.0, 0.9529395181205527, 0.0, 0.0, 0.0, 0.0, 0.0, 0.0, 0.0, 0.0, 0.0, 0.0, 0.0, 0.0, 0.0, 0.0, 0.0, 0.0], [0.0, 0.0, 0.0, 0.0, 0.0, 0.0, 0.9529726526067097, 0.0, 0.0, 0.0, 0.0, 0.0, 0.0, 0.0, 0.0, 0.0, 0.0, 0.0, 0.0, 0.0, 0.0, 0.0, 0.0], [0.0, 0.0, 0.0, 0.0, 0.0, 0.0, 0.0, 0.9767876433846975, 0.0, 0.0, 0.0, 0.0, 0.0, 0.0, 0.0, 0.0, 0.0, 0.0, 0.0, 0.0, 0.0, 0.0, 0.0], [0.0, 0.0, 0.0, 0.0, 0.0, 0.0, 0.0, 0.9767974886648714, 0.0, 0.0, 0.0, 0.0, 0.0, 0.0, 0.0, 0.0, 0.0, 0.0, 0.0, 0.0, 0.0, 0.0, 0.0], [0.0, 0.0, 0.0, 0.0, 0.0, 0.0, 0.0, 0.0, 0.9867809472134599, 0.0, 0.0, 0.0, 0.0, 0.0, 0.0, 0.0, 0.0, 0.0, 0.0, 0.0, 0.0, 0.0, 0.0], [0.0, 0.0, 0.0, 0.0, 0.0, 0.0, 0.0, 0.0, 0.9873103117211622, 0.0, 0.0, 0.0, 0.0, 0.0, 0.0, 0.0, 0.0, 0.0, 0.0, 0.0, 0.0, 0.0, 0.0], [0.0, 0.0, 0.0, 0.0, 0.0, 0.0, 0.0, 0.0, 0.9873093706405989, 0.0, 0.0, 0.0, 0.0, 0.0, 0.0, 0.0, 0.0, 0.0, 0.0, 0.0, 0.0, 0.0, 0.0]], "Born radii": [], "Atomic SASAs": [], "Solvent H bonds": [], "Total SASA": NaN, "Total FOD": 0.0, "FOD": [0.0, 0.0, 0.0, 0.0, 0.0, 0.0, 0.0, 0.0, 0.0, 0.0, 0.0, 0.0, 0.0, 0.0, 0.0, 0.0, 0.0, 0.0, 0.0, 0.0, 0.0, 0.0, 0.0], "FOD s proportion": [0.0, 0.0, 0.0, 0.0, 0.0, 0.0, 0.0, 0.0, 0.0, 0.0, 0.0, 0.0, 0.0, 0.0, 0.0, 0.0, 0.0, 0.0, 0.0, 0.0, 0.0, 0.0, 0.0], "FOD p proportion": [0.0, 0.0, 0.0, 0.0, 0.0, 0.0, 0.0, 0.0, 0.0, 0.0, 0.0, 0.0, 0.0, 0.0, 0.0, 0.0, 0.0, 0.0, 0.0, 0.0, 0.0, 0.0, 0.0], "FOD d proportion": [0.0, 0.0, 0.0, 0.0, 0.0, 0.0, 0.0, 0.0, 0.0, 0.0, 0.0, 0.0, 0.0, 0.0, 0.0, 0.0, 0.0, 0.0, 0.0, 0.0, 0.0, 0.0, 0.0], "coordinates": [["4.05690", "-0.39400", "0.53550"], ["2.59400", "-0.69820", "0.26640"], ["1.95870", "0.34520", "-0.64590"], ["0.59290", "-0.00620", "-0.91830"], ["-0.32520", "0.43230", "-0.01000"], ["-0.07060", "1.08050", "0.99450"], ["-1.70310", "-0.01330", "-0.44110"], ["-2.78230", "0.44220", "0.53770"], ["-4.16380", "-0.01150", "0.09510"], ["4.48920", "-1.15760", "1.18950"], ["4.17120", "0.57790", "1.02620"], ["4.63230", "-0.37900", "-0.39560"], ["2.04830", "-0.74940", "1.21560"], ["2.49770", "-1.69070", "-0.18990"], ["2.02980", "1.35470", "-0.22350"], ["2.47770", "0.36620", "-1.61040"], ["-1.70280", "-1.10700", "-0.50850"], ["-1.90280", "0.40600", "-1.43360"], ["-2.77100", "1.53520", "0.62510"], ["-2.57330", "0.04300", "1.53750"], ["-4.92070", "0.32550", "0.81030"], ["-4.21700", "-1.10310", "0.03320"], ["-4.41640", "0.40140", "-0.88670"]], "bond_dist": [[0.0, 1.5182321495739708, 2.5188421625818473, 3.776667748161069, 4.492565230466887, 4.406936294070973, 5.854594781024558, 6.8901300365087454, 8.24136923696542, 1.0943876141477482, 1.094733113594359, 1.0946494278991792, 2.150190486910404, 2.153773593022256, 2.782654685727282, 2.7706792470439447, 5.896816860815672, 6.327351649782079, 7.0957775620435, 6.719711678338588, 9.010576954335386, 8.319407990356044, 8.628564590359163], [1.5182321495739708, 0.0, 1.5246576468178028, 2.426268596013228, 3.1426351760902826, 3.2854218085353972, 4.40848190083616, 5.50261006614134, 6.794759850060927, 2.1575321573501522, 2.1663995684083766, 2.166748607937709, 1.0960796367052899, 1.096603679548815, 2.184656050732014, 2.1607524823542374, 4.385211248047236, 4.932592409676681, 5.822367752899159, 5.372714578311415, 7.60358500905987, 6.827008660460304, 7.1891910483725505], [2.5188421625818473, 1.5246576468178028, 0.0, 1.436347228214682, 2.3723731641544084, 2.7110213462826147, 3.6850026499312047, 4.887473678701503, 6.17748509832278, 3.4685056220222563, 2.7830242453130007, 2.7812322251117396, 2.1613328225888764, 2.1548424095511023, 1.0966162592265354, 1.0954735277495298, 3.9413634506348183, 3.941490857530942, 5.0400003065476096, 5.039601611238729, 7.031859703520826, 6.379499995297437, 6.379893658204658], [3.776667748161069, 2.426268596013228, 1.436347228214682, 0.0, 1.3638910330374636, 2.297814827178204, 2.3450770243213763, 3.70310323917657, 4.863455822766359, 4.577083841268368, 4.114180835840836, 4.090103603822279, 2.6877620076933897, 2.6450651882326075, 2.09749313705671, 2.0420957886445974, 2.5787468216170426, 2.581464975551673, 4.009216972177984, 4.007267987045538, 5.787734255302329, 5.0243088947635375, 5.025954915237502], [4.492565230466887, 3.1426351760902826, 2.3723731641544084, 1.3638910330374636, 0.0, 1.2222948294090097, 1.5109649168660404, 2.517422036528639, 3.8655988423528895, 5.210089214207373, 4.616548793200392, 5.038224022411072, 2.920960886420768, 3.536701488675571, 2.5381940449855285, 3.228296420714802, 2.125024352801633, 2.1251236222864778, 2.757114081789145, 2.756857694912815, 4.669359547089944, 4.183948689933947, 4.184193487399932], [4.406936294070973, 3.2854218085353972, 2.7110213462826147, 2.297814827178204, 1.2222948294090097, 0.0, 2.4335985802921565, 2.823014349945817, 4.330781753910026, 5.083197089431021, 4.271589738024942, 5.116618675453546, 2.8084081665598397, 3.959610800318637, 2.443438110531961, 3.713429868733218, 3.115805207326029, 3.1156984289240834, 2.7632170761632175, 2.7631074065262102, 4.911967492767028, 4.783810156141231, 4.783938533258972], [5.854594781024558, 4.40848190083616, 3.6850026499312047, 2.3450770243213763, 1.5109649168660404, 2.4335985802921565, 0.0, 1.5265000262037338, 2.5184436007185074, 6.504833444447291, 6.083575200488607, 6.346109036252056, 4.166473336048126, 4.530286176391068, 3.9816223037852296, 4.357794325114484, 1.0957748582624076, 1.095786854274133, 2.1621852603327034, 2.162238583043046, 3.4689677369499994, 2.7807045402199777, 2.7807431272952923], [6.8901300365087454, 5.50261006614134, 4.887473678701503, 3.70310323917657, 2.517422036528639, 2.823014349945817, 1.5265000262037338, 0.0, 1.51996075607234, 7.473882226125858, 6.971958762786826, 7.5180922773001395, 5.021369865883214, 5.740824345858354, 4.956650895514026, 5.682227521843876, 2.158674438168016, 2.1589011973686985, 1.0965470578137537, 1.0966502085897765, 2.1588617857565593, 2.1681412384805556, 2.168147322024036], [8.24136923696542, 6.794759850060927, 6.17748509832278, 4.863455822766359, 3.8655988423528895, 4.330781753910026, 2.5184436007185074, 1.51996075607234, 0.0, 8.796912274770053, 8.407530230097304, 8.817438287280496, 6.355328714551278, 6.875792309981447, 6.350487332480871, 6.867380125637433, 2.760611202252139, 2.7610416403958853, 2.1478064926803815, 2.1478310594644077, 1.0945216535089655, 1.0946471623313148, 1.094634372747357], [1.0943876141477482, 2.1575321573501522, 3.4685056220222563, 4.577083841268368, 5.210089214207373, 5.083197089431021, 6.504833444447291, 7.473882226125858, 8.796912274770053, 0.0, 1.7719342933641757, 1.7717893723577867, 2.4749345971156496, 2.480526601348996, 3.789045875942914, 3.769288885187762, 6.420796551830621, 7.084007521876301, 7.764033954073102, 7.172269557817804, 9.533603529620896, 8.782819500593188, 9.276356978900715], [1.094733113594359, 2.1663995684083766, 2.7830242453130007, 4.114180835840836, 4.616548793200392, 4.271589738024942, 6.083575200488607, 6.971958762786826, 8.407530230097304, 1.7719342933641757, 0.0, 1.774763663139405, 2.510836924214713, 3.070186870534105, 2.598222909990596, 3.1407672151880344, 6.300640292859131, 6.555428410866829, 7.019362174727843, 6.784970593156613, 9.097964837258935, 8.612415993204229, 8.799841613347368], [1.0946494278991792, 2.166748607937709, 2.7812322251117396, 4.090103603822279, 5.038224022411072, 5.116618675453546, 6.346109036252056, 7.5180922773001395, 8.817438287280496, 1.7717893723577867, 1.774763663139405, 0.0, 3.067607797616899, 2.51383900439149, 3.1318269987341254, 2.5832853578340895, 6.377791343404078, 6.663422619795326, 7.714586250733087, 7.472324335171755, 9.654549397045935, 8.889223854758074, 9.095557985082609], [2.150190486910404, 1.0960796367052899, 2.1613328225888764, 2.6877620076933897, 2.920960886420768, 2.8084081665598397, 4.166473336048126, 5.021369865883214, 6.355328714551278, 2.4749345971156496, 2.510836924214713, 3.067607797616899, 0.0, 1.7502674938420129, 2.549232800275408, 3.0684236539304672, 4.143808608031988, 4.895344830550755, 5.365979863920475, 4.700074885573633, 7.063047437190266, 6.385699455815314, 6.8946611243773255], [2.153773593022256, 1.096603679548815, 2.1548424095511023, 2.6450651882326075, 3.536701488675571, 3.959610800318637, 4.530286176391068, 5.740824345858354, 6.875792309981447, 2.480526601348996, 3.070186870534105, 2.51383900439149, 1.7502674938420129, 0.0, 3.0813179858625435, 2.4998115648984425, 4.252812234275104, 5.030640200809436, 6.231360645958473, 5.630689784564587, 7.752297790977846, 6.7440524508636495, 7.2572165091031975], [2.782654685727282, 2.184656050732014, 1.0966162592265354, 2.09749313705671, 2.5381940449855285, 2.443438110531961, 3.9816223037852296, 4.956650895514026, 6.350487332480871, 3.789045875942914, 2.598222909990596, 3.1318269987341254, 2.549232800275408, 3.0813179858625435, 0.0, 1.7610332961077142, 4.480345371731961, 4.222524891578497, 4.878563605201842, 5.1000203430966815, 7.101932506719562, 6.717825985391404, 6.5499701961153995], [2.7706792470439447, 2.1607524823542374, 1.0954735277495298, 2.0420957886445974, 3.228296420714802, 3.713429868733218, 4.357794325114484, 5.682227521843876, 6.867380125637433, 3.769288885187762, 3.1407672151880344, 2.5832853578340895, 3.0684236539304672, 2.4998115648984425, 1.7610332961077142, 0.0, 4.567393359455697, 4.384247088155502, 5.823476018667888, 5.96039710505936, 7.784456791581543, 7.0483523989653065, 6.932070076102809], [5.896816860815672, 4.385211248047236, 3.9413634506348183, 2.5787468216170426, 2.125024352801633, 3.115805207326029, 1.0957748582624076, 2.158674438168016, 2.760611202252139, 6.420796551830621, 6.300640292859131, 6.377791343404078, 4.143808608031988, 4.252812234275104, 4.480345371731961, 4.567393359455697, 0.0, 1.7846509490653908, 3.06713564095232, 2.5032751047377917, 3.7611394682994677, 2.571897303548491, 3.127607833472733], [6.327351649782079, 4.932592409676681, 3.941490857530942, 2.581464975551673, 2.1251236222864778, 3.1156984289240834, 1.095786854274133, 2.1589011973686985, 2.7610416403958853, 7.084007521876301, 6.555428410866829, 6.663422619795326, 4.895344830550755, 5.030640200809436, 4.222524891578497, 4.384247088155502, 1.7846509490653908, 0.0, 2.5034195753009523, 3.067372566220152, 3.7615539169337984, 3.1280036269160556, 2.5724124338838052], [7.0957775620435, 5.822367752899159, 5.0400003065476096, 4.009216972177984, 2.757114081789145, 2.7632170761632175, 2.1621852603327034, 1.0965470578137537, 2.1478064926803815, 7.764033954073102, 7.019362174727843, 7.714586250733087, 5.365979863920475, 6.231360645958473, 4.878563605201842, 5.823476018667888, 3.06713564095232, 2.5034195753009523, 0.0, 1.7601760963040034, 2.4736376492930408, 3.0662499082755796, 2.505670137907223], [6.719711678338588, 5.372714578311415, 5.039601611238729, 4.007267987045538, 2.756857694912815, 2.7631074065262102, 2.162238583043046, 1.0966502085897765, 2.1478310594644077, 7.172269557817804, 6.784970593156613, 7.472324335171755, 4.700074885573633, 5.630689784564587, 5.1000203430966815, 5.96039710505936, 2.5032751047377917, 3.067372566220152, 1.7601760963040034, 0.0, 2.4736436384410747, 2.50563632436952, 3.066302954699682], [9.010576954335386, 7.60358500905987, 7.031859703520826, 5.787734255302329, 4.669359547089944, 4.911967492767028, 3.4689677369499994, 2.1588617857565593, 1.0945216535089655, 9.533603529620896, 9.097964837258935, 9.654549397045935, 7.063047437190266, 7.752297790977846, 7.101932506719562, 7.784456791581543, 3.7611394682994677, 3.7615539169337984, 2.4736376492930408, 2.4736436384410747, 0.0, 1.7719977595922634, 1.771972996408241], [8.319407990356044, 6.827008660460304, 6.379499995297437, 5.0243088947635375, 4.183948689933947, 4.783810156141231, 2.7807045402199777, 2.1681412384805556, 1.0946471623313148, 8.782819500593188, 8.612415993204229, 8.889223854758074, 6.385699455815314, 6.7440524508636495, 6.717825985391404, 7.0483523989653065, 2.571897303548491, 3.1280036269160556, 3.0662499082755796, 2.50563632436952, 1.7719977595922634, 0.0, 1.7746821180143784], [8.628564590359163, 7.1891910483725505, 6.379893658204658, 5.025954915237502, 4.184193487399932, 4.783938533258972, 2.7807431272952923, 2.168147322024036, 1.094634372747357, 9.276356978900715, 8.799841613347368, 9.095557985082609, 6.8946611243773255, 7.2572165091031975, 6.5499701961153995, 6.932070076102809, 3.127607833472733, 2.5724124338838052, 2.505670137907223, 3.066302954699682, 1.771972996408241, 1.7746821180143784, 0.0]]}