{"total energy": -56.24054717, "HOMO-LUMO gap/eV": 3.17692668, "electronic energy": -56.89677692, "dipole": [1.47589165, 1.12411106, 0.70582586], "partial charges": [0.03856705, -0.32114975, 0.08224582, -0.07164552, 0.01673875, -0.20627602, 0.26089926, -0.36446817, 0.2621321, -0.19713913, 0.0523006, -0.10954532, -0.11530825, -0.32759513, 0.23390956, -0.12768757, -0.0502966, -0.33724946, 0.03331309, 0.05853397, 0.03185946, 0.02531044, 0.02671007, 0.04767317, 0.06525993, 0.05993426, 0.03322467, 0.21013926, 0.18213759, 0.06909799, 0.03541366, 0.04373005, 0.03749207, 0.04517458, 0.04026109, 0.04857583, 0.0586205, 0.06250737, 0.06659876], "atomic dipole moments": [[-0.00815981, -0.21113895, -0.05260369], [0.14526783, 0.08148418, 0.22696174], [-0.11685549, 0.06861969, -0.15513228], [-0.09777474, 0.07681861, 0.05134808], [-0.01173901, 0.12147168, -0.11425727], [-0.0472218, -0.00287186, 0.17228797], [0.02321958, -0.00224405, 0.00672057], [-0.12547094, -0.24727063, 0.07428576], [-0.01666886, 0.00813607, -0.00719267], [-0.02014935, 0.00109174, 0.151656], [0.14682322, 0.05454029, -0.0224509], [-0.00535551, -0.04146054, -0.10294492], [0.06005327, -0.07976953, 0.07632555], [0.27597739, 0.03459053, -0.00998031], [-0.01708584, -0.03812024, 0.01183532], [0.37069885, 0.09762711, -0.17058938], [-0.11421257, 0.1134468, 0.02732739], [-0.1428822, 0.22099292, -0.0977433], [0.11724355, 0.03258433, -0.00515646], [-0.06535872, 0.07578389, -0.0787355], [-0.04922447, 0.00949908, 0.11052603], [-0.04279299, 0.0083868, 0.11117415], [0.11397809, 0.02889643, -0.00093571], [0.06595442, -0.076993, 0.07143175], [0.05084624, -0.00730341, -0.1199123], [0.00319082, -0.12369989, -0.01538203], [-0.05462128, 0.02215354, 0.10942462], [0.00371942, 0.13031406, 0.00045921], [0.09626912, 0.0891951, 0.01216025], [-0.08247728, -0.10733157, 0.00299889], [0.06764957, 0.10629649, 0.00788229], [-0.11340122, 0.02592788, 0.05078332], [0.0571482, -0.08113326, 0.08245633], [-0.11768479, 0.02430012, 0.04289752], [0.05815362, 0.11181485, -0.01181817], [-0.01207334, -0.04402919, -0.11980928], [0.02946677, 0.00349421, -0.12900218], [-0.04334246, -0.1159004, 0.02574164], [0.1062486, 0.01954556, 0.07399273]], "atomic quadrupole moments": [[-0.24903907, 0.04121825, 0.42900488, 0.03246789, 0.19616554, -0.17996581], [-0.08992122, -0.03404584, 0.11190312, 0.10052023, 0.00305292, -0.0219819], [-0.16682504, -0.18726004, 0.22881144, 0.22830883, -0.14462337, -0.06198639], [0.09075059, 0.11239991, 0.11902872, 0.02743138, 0.109446, -0.20977931], [0.19532266, -0.01038403, -0.13880997, 0.18649271, -0.1700809, -0.05651269], [0.06993325, -0.03001438, -0.08923618, 0.06230266, -0.0519477, 0.01930293], [-0.10808761, 0.02091076, -0.2389991, 0.00380315, 0.26188794, 0.34708671], [-0.05074337, -0.04177812, -0.086241, 0.00722214, 0.09356838, 0.13698438], [-0.25756401, -0.10038094, -0.0849601, 0.01469105, 0.21683666, 0.34252411], [0.05304117, -0.09339957, -0.03530797, -0.03178956, -0.00955313, -0.0177332], [0.11311245, -0.18892253, -0.15760278, -0.03734218, 0.00172498, 0.04449033], [-0.10460053, -0.00118651, -0.07543591, 0.02299503, 0.11866527, 0.18003644], [-0.03298311, -0.12641476, 0.0293403, 0.10208964, -0.14104111, 0.00364281], [-0.13552155, 0.01504378, -0.02973303, -0.00501177, 0.09928517, 0.16525458], [-0.33039738, 0.13844628, 0.0014299, -0.08681148, 0.17141376, 0.32896749], [0.03935364, -0.0999876, 0.39702065, -0.23228089, -0.12150134, -0.43637429], [0.09886011, -0.28616338, 0.10134483, -0.10303447, 0.07766217, -0.20020494], [-0.10941232, 0.027745, -0.04472217, -0.02252103, 0.1018052, 0.15413449], [0.06147867, 0.02509153, -0.01265579, -0.00426477, 0.01590719, -0.04882287], [-0.01522778, -0.03226234, 0.00529616, 0.04928399, -0.0347823, 0.00993162], [-0.03564503, 0.00774035, -0.01564955, -0.04229876, 0.01340994, 0.05129458], [-0.01596246, -0.01398796, -0.01728232, -0.02968475, -0.0110738, 0.03324477], [0.04694868, 0.01026538, -0.01265379, 0.00089015, -0.01210699, -0.03429489], [-0.00759275, -0.01868133, 0.01354986, 0.04411697, -0.03811091, -0.0059571], [-0.01949858, 0.01670002, -0.02958959, -0.02276785, 0.00446395, 0.04908818], [-0.0199094, -0.00055333, 0.046027, 0.01645147, 0.01943743, -0.02611761], [0.0043097, -0.02627829, -0.0286418, -0.01244085, 0.01577104, 0.02433211], [0.02298299, 0.03234206, 0.01493161, 0.01818887, -0.0353875, -0.03791461], [-0.0052623, 0.01199771, 0.06328361, -0.01727275, -0.02516539, -0.05802131], [-0.01597755, 0.00501892, 0.02464082, 0.00389188, -0.00353144, -0.00866327], [-0.01269937, 0.06225664, 0.04412007, -0.007544, -0.01300863, -0.0314207], [0.07149563, -0.0218952, -0.04732648, -0.03228865, 0.01212011, -0.02416916], [-0.0223335, -0.04151202, 0.02785481, 0.03275387, -0.03898337, -0.00552131], [0.05868601, -0.0187545, -0.04126712, -0.04833622, -0.00253932, -0.01741889], [-0.00144815, 0.05898259, 0.04336509, 0.0102705, -0.00199875, -0.04191693], [-0.04895425, -0.00294172, -0.00837532, 0.00856616, 0.04520954, 0.05732957], [-0.02580603, -0.02405854, -0.03337944, -0.02377013, -0.01620116, 0.05918547], [-0.01929887, 0.03587686, 0.06987024, -0.01758152, -0.02418767, -0.05057137], [0.04129924, 0.00180326, -0.03093057, 0.04258871, 0.02916963, -0.01036867]], "number of molecular orbitals": 98, "number of electrons": 102, "number of unpaired electrons": 0, "orbital energies/eV": [-19.25788146, -19.21743673, -18.44702829, -17.93556712, -17.86638192, -17.65619346, -17.46416725, -17.33888799, -16.97128935, -16.8878642, -16.71087346, -16.31765054, -16.21724394, -16.18498407, -16.07066123, -15.75029679, -15.55237603, -15.31310443, -15.20261926, -14.97825699, -14.85144093, -14.75316219, -14.57715477, -14.1994079, -14.13674836, -13.82302445, -13.76683257, -13.67817847, -13.52888578, -13.42217242, -13.4028825, -13.31641189, -13.05229173, -12.88419009, -12.81609316, -12.7259901, -12.60779667, -12.52969941, -12.50407091, -12.34147438, -12.20436472, -12.15007964, -12.09975769, -11.90472165, -11.7981381, -11.23653457, -10.48023192, -10.41419734, -10.00984639, -9.89127082, -9.88040856, -6.70348188, -6.15181281, -5.19343251, -3.47609434, -3.10762182, -0.14623397, 0.03733401, 0.3268703, 0.67738823, 1.31782566, 1.46501242, 1.808495, 2.33589677, 2.47911583, 2.8755024, 3.13459687, 3.21760158, 3.42879341, 3.56267346, 3.7514771, 3.87599755, 4.12930681, 4.29526685, 4.59954164, 4.83463648, 5.05054382, 5.1361889, 5.2929452, 5.40419625, 5.47976811, 5.80125181, 5.88843822, 6.11280395, 6.19279728, 6.36647627, 6.56736491, 6.70780479, 6.87781691, 6.96437668, 7.21577553, 7.6801461, 8.27872202, 10.75134804, 11.83757157, 13.15061218, 14.01086327, 17.81251771], "fractional occupation": [2.0, 2.0, 2.0, 2.0, 2.0, 2.0, 2.0, 2.0, 2.0, 2.0, 2.0, 2.0, 2.0, 2.0, 2.0, 2.0, 2.0, 2.0, 2.0, 2.0, 2.0, 2.0, 2.0, 2.0, 2.0, 2.0, 2.0, 2.0, 2.0, 2.0, 2.0, 2.0, 2.0, 2.0, 2.0, 2.0, 2.0, 2.0, 2.0, 2.0, 2.0, 2.0, 2.0, 2.0, 2.0, 2.0, 2.0, 2.0, 2.0, 2.0, 2.0, 0.0, 0.0, 0.0, 0.0, 0.0, 0.0, 0.0, 0.0, 0.0, 0.0, 0.0, 0.0, 0.0, 0.0, 0.0, 0.0, 0.0, 0.0, 0.0, 0.0, 0.0, 0.0, 0.0, 0.0, 0.0, 0.0, 0.0, 0.0, 0.0, 0.0, 0.0, 0.0, 0.0, 0.0, 0.0, 0.0, 0.0, 0.0, 0.0, 0.0, 0.0, 0.0, 0.0, 0.0, 0.0, 0.0, 0.0], "program call": "xtb /home/svss/Project-DBcg-Debug/aqme2_20220329/End-to-End-workflows-final/example-3/QDESCP/mol_708_rdkit_conf_28/mol_708_rdkit_conf_28.xyz --pop --wbo --acc 0.2 --gfn 2 --chrg 0 --uhf 0 --etemp 300 --input /home/svss/Project-DBcg-Debug/aqme2_20220329/End-to-End-workflows-final/example-3/QDESCP/mol_708_rdkit_conf_28/mol_708_rdkit_conf_28_xtb.inp", "method": "GFN2-xTB", "xtb version": "6.3.3 (7355c4f)", "Dipole module/D": 5.045, "Total charge": 0, "Transition dipole module/D": NaN, "HOMO": -9.8804, "LUMO": -6.7035, "HOMO occupancy": 2.0, "LUMO occupancy": 0, "mulliken charges": [0.17068, -0.46892, 0.19433, -0.0641, 0.10348, -0.36231, 0.44252, -0.44692, 0.44197, -0.36065, 0.13575, -0.10443, -0.09991, -0.42297, 0.3765, -0.10083, -0.0094, -0.43098, 0.01695, 0.03603, 0.01667, 0.01294, 0.01551, 0.02645, 0.04605, 0.02969, 0.02288, 0.23586, 0.2168, 0.03591, 0.02732, 0.03111, 0.04061, 0.02971, 0.02816, 0.03745, 0.03541, 0.03256, 0.03209], "cm5 charges": [0.04788, -0.58246, 0.11147, -0.16628, 0.05747, -0.70048, 0.66007, -0.62216, 0.66028, -0.70016, 0.12395, -0.2465, -0.2421, -0.59676, 0.54587, -0.12755, -0.13831, -0.60875, 0.07591, 0.09503, 0.07567, 0.07624, 0.07815, 0.08151, 0.10581, 0.0968, 0.09019, 0.4462, 0.41868, 0.10744, 0.08138, 0.08297, 0.09588, 0.08148, 0.08212, 0.09109, 0.08967, 0.0849, 0.08739], "FUKUI+": [0.006, 0.01, 0.008, 0.006, 0.013, -0.046, -0.022, -0.103, -0.026, -0.045, 0.007, 0.011, 0.011, -0.072, -0.049, -0.248, 0.035, -0.073, -0.014, -0.003, -0.004, -0.007, -0.019, -0.021, -0.013, -0.015, -0.016, -0.035, -0.035, -0.009, -0.017, -0.028, 0.005, -0.024, -0.016, -0.013, -0.042, -0.054, -0.042], "FUKUI-": [0.014, -0.037, 0.013, 0.008, 0.014, -0.048, 0.001, -0.066, -0.0, -0.052, 0.004, 0.006, 0.01, -0.073, 0.024, -0.266, 0.043, -0.06, -0.033, -0.017, -0.024, -0.026, -0.039, -0.025, -0.018, -0.025, -0.024, -0.024, -0.029, -0.015, -0.018, -0.029, -0.004, -0.025, -0.019, -0.018, -0.041, -0.042, -0.039], "FUKUIrad": [0.01, -0.014, 0.01, 0.007, 0.013, -0.047, -0.011, -0.084, -0.013, -0.048, 0.005, 0.009, 0.01, -0.073, -0.013, -0.257, 0.039, -0.067, -0.023, -0.01, -0.014, -0.016, -0.029, -0.023, -0.016, -0.02, -0.02, -0.03, -0.032, -0.012, -0.018, -0.028, 0.0, -0.024, -0.018, -0.015, -0.041, -0.048, -0.04], "s proportion": [0.972, 1.694, 0.996, 1.036, 1.003, 1.461, 0.978, 1.532, 0.976, 1.45, 1.028, 1.017, 1.016, 1.533, 1.019, 1.926, 1.009, 1.536, 0.983, 0.964, 0.983, 0.987, 0.984, 0.974, 0.954, 0.97, 0.977, 0.764, 0.783, 0.964, 0.973, 0.969, 0.959, 0.97, 0.972, 0.963, 0.965, 0.967, 0.968], "p proportion": [2.857, 4.775, 2.81, 3.028, 2.893, 3.902, 2.58, 3.915, 2.582, 3.911, 2.836, 3.087, 3.084, 3.89, 2.605, 4.174, 3.0, 3.895, 0.0, 0.0, 0.0, 0.0, 0.0, 0.0, 0.0, 0.0, 0.0, 0.0, 0.0, 0.0, 0.0, 0.0, 0.0, 0.0, 0.0, 0.0, 0.0, 0.0, 0.0], "d proportion": [0.0, 0.0, 0.0, 0.0, 0.0, 0.0, 0.0, 0.0, 0.0, 0.0, 0.0, 0.0, 0.0, 0.0, 0.0, 0.001, 0.0, 0.0, 0.0, 0.0, 0.0, 0.0, 0.0, 0.0, 0.0, 0.0, 0.0, 0.0, 0.0, 0.0, 0.0, 0.0, 0.0, 0.0, 0.0, 0.0, 0.0, 0.0, 0.0], "Fermi-level/eV": -8.2919, "Coordination numbers": [3.649, 1.697, 3.7, 3.8, 3.748, 2.696, 2.941, 1.856, 2.936, 2.702, 3.791, 3.752, 3.755, 1.89, 3.004, 2.037, 3.742, 1.877, 0.924, 0.924, 0.924, 0.924, 0.924, 0.924, 0.924, 0.924, 0.924, 0.86, 0.86, 0.924, 0.924, 0.924, 0.924, 0.924, 0.924, 0.924, 0.924, 0.924, 0.924], "Dispersion coefficient C6": [20.241, 19.368, 19.363, 21.871, 20.357, 25.486, 22.619, 30.35, 22.597, 25.279, 19.709, 22.655, 22.764, 29.349, 23.103, 146.414, 21.552, 29.608, 2.54, 2.216, 2.56, 2.654, 2.634, 2.349, 2.139, 2.2, 2.541, 1.056, 1.202, 2.096, 2.511, 2.4, 2.483, 2.381, 2.446, 2.338, 2.215, 2.17, 2.123], "Total dispersion C6": 15633.677406, "Total dispersion C8": 372848.595113, "Polarizability alpha": [6.463, 5.942, 6.293, 6.659, 6.435, 7.498, 7.8, 8.165, 7.796, 7.467, 6.323, 6.787, 6.803, 8.031, 7.885, 20.365, 6.623, 8.066, 2.492, 2.328, 2.502, 2.548, 2.538, 2.397, 2.287, 2.32, 2.493, 1.61, 1.717, 2.264, 2.478, 2.423, 2.464, 2.413, 2.446, 2.391, 2.328, 2.304, 2.279], "Total polarizability alpha": 190.422681, "Wiberg matrix": [[0.0, 0.989916619227388, 0.0, 0.0, 0.0, 0.0, 0.0, 0.0, 0.0, 0.0, 0.0, 0.0, 0.0, 0.0, 0.0, 0.0, 0.0, 0.0, 0.9787409611461572, 0.980531379009232, 0.9789548895426963, 0.0, 0.0, 0.0, 0.0, 0.0, 0.0, 0.0, 0.0, 0.0, 0.0, 0.0, 0.0, 0.0, 0.0, 0.0, 0.0, 0.0, 0.0], [0.989916619227388, 0.0, 0.9758975876661283, 0.0, 0.0, 0.0, 0.0, 0.0, 0.0, 0.0, 0.0, 0.0, 0.0, 0.0, 0.0, 0.0, 0.0, 0.0, 0.0, 0.0, 0.0, 0.0, 0.0, 0.0, 0.0, 0.0, 0.0, 0.0, 0.0, 0.0, 0.0, 0.0, 0.0, 0.0, 0.0, 0.0, 0.0, 0.0, 0.0], [0.0, 0.9758975876661283, 0.0, 1.0053112335924572, 0.0, 0.0, 0.0, 0.0, 0.0, 0.0, 0.0, 0.0, 0.0, 0.0, 0.0, 0.0, 0.0, 0.0, 0.0, 0.0, 0.0, 0.9686434200484308, 0.9693980356576266, 0.0, 0.0, 0.0, 0.0, 0.0, 0.0, 0.0, 0.0, 0.0, 0.0, 0.0, 0.0, 0.0, 0.0, 0.0, 0.0], [0.0, 0.0, 1.0053112335924572, 0.0, 1.0068719767035796, 0.0, 0.0, 0.0, 0.0, 0.0, 0.0, 0.0, 0.0, 0.0, 0.0, 0.0, 0.0, 0.0, 0.0, 0.0, 0.0, 0.0, 0.0, 0.9736103667899223, 0.9733545967313526, 0.0, 0.0, 0.0, 0.0, 0.0, 0.0, 0.0, 0.0, 0.0, 0.0, 0.0, 0.0, 0.0, 0.0], [0.0, 0.0, 0.0, 1.0068719767035796, 0.0, 0.993336492027067, 0.0, 0.0, 0.0, 0.0, 0.0, 0.0, 0.0, 0.0, 0.0, 0.0, 0.0, 0.0, 0.0, 0.0, 0.0, 0.0, 0.0, 0.0, 0.0, 0.970237529225932, 0.9681524624684397, 0.0, 0.0, 0.0, 0.0, 0.0, 0.0, 0.0, 0.0, 0.0, 0.0, 0.0, 0.0], [0.0, 0.0, 0.0, 0.0, 0.993336492027067, 0.0, 1.1862194475292243, 0.0, 0.0, 0.0, 0.0, 0.0, 0.0, 0.0, 0.0, 0.0, 0.0, 0.0, 0.0, 0.0, 0.0, 0.0, 0.0, 0.0, 0.0, 0.0, 0.0, 0.9074092156373588, 0.0, 0.0, 0.0, 0.0, 0.0, 0.0, 0.0, 0.0, 0.0, 0.0, 0.0], [0.0, 0.0, 0.0, 0.0, 0.0, 1.1862194475292243, 0.0, 1.3356309235170247, 0.0, 0.0, 0.0, 0.0, 0.0, 0.0, 0.0, 0.0, 0.0, 1.3079561043119532, 0.0, 0.0, 0.0, 0.0, 0.0, 0.0, 0.0, 0.0, 0.0, 0.0, 0.0, 0.0, 0.0, 0.0, 0.0, 0.0, 0.0, 0.0, 0.0, 0.0, 0.0], [0.0, 0.0, 0.0, 0.0, 0.0, 0.0, 1.3356309235170247, 0.0, 1.3293264071891726, 0.0, 0.0, 0.0, 0.0, 0.0, 0.0, 0.0, 0.0, 0.0, 0.0, 0.0, 0.0, 0.0, 0.0, 0.0, 0.0, 0.0, 0.0, 0.0, 0.0, 0.0, 0.0, 0.0, 0.0, 0.0, 0.0, 0.0, 0.0, 0.0, 0.0], [0.0, 0.0, 0.0, 0.0, 0.0, 0.0, 0.0, 1.3293264071891726, 0.0, 1.190562649424471, 0.0, 0.0, 0.0, 1.3108269415241043, 0.0, 0.0, 0.0, 0.0, 0.0, 0.0, 0.0, 0.0, 0.0, 0.0, 0.0, 0.0, 0.0, 0.0, 0.0, 0.0, 0.0, 0.0, 0.0, 0.0, 0.0, 0.0, 0.0, 0.0, 0.0], [0.0, 0.0, 0.0, 0.0, 0.0, 0.0, 0.0, 0.0, 1.190562649424471, 0.0, 0.9789585465887923, 0.0, 0.0, 0.0, 0.0, 0.0, 0.0, 0.0, 0.0, 0.0, 0.0, 0.0, 0.0, 0.0, 0.0, 0.0, 0.0, 0.0, 0.9329592313577155, 0.0, 0.0, 0.0, 0.0, 0.0, 0.0, 0.0, 0.0, 0.0, 0.0], [0.0, 0.0, 0.0, 0.0, 0.0, 0.0, 0.0, 0.0, 0.0, 0.9789585465887923, 0.0, 0.9990471411323019, 1.0052643987752958, 0.0, 0.0, 0.0, 0.0, 0.0, 0.0, 0.0, 0.0, 0.0, 0.0, 0.0, 0.0, 0.0, 0.0, 0.0, 0.0, 0.9604984314348012, 0.0, 0.0, 0.0, 0.0, 0.0, 0.0, 0.0, 0.0, 0.0], [0.0, 0.0, 0.0, 0.0, 0.0, 0.0, 0.0, 0.0, 0.0, 0.0, 0.9990471411323019, 0.0, 0.0, 0.0, 0.0, 0.0, 0.0, 0.0, 0.0, 0.0, 0.0, 0.0, 0.0, 0.0, 0.0, 0.0, 0.0, 0.0, 0.0, 0.0, 0.9856934946710094, 0.9842715952671323, 0.9857890916256626, 0.0, 0.0, 0.0, 0.0, 0.0, 0.0], [0.0, 0.0, 0.0, 0.0, 0.0, 0.0, 0.0, 0.0, 0.0, 0.0, 1.0052643987752958, 0.0, 0.0, 0.0, 0.0, 0.0, 0.0, 0.0, 0.0, 0.0, 0.0, 0.0, 0.0, 0.0, 0.0, 0.0, 0.0, 0.0, 0.0, 0.0, 0.0, 0.0, 0.0, 0.9852230844283318, 0.9859029425482102, 0.9857906909928976, 0.0, 0.0, 0.0], [0.0, 0.0, 0.0, 0.0, 0.0, 0.0, 0.0, 0.0, 1.3108269415241043, 0.0, 0.0, 0.0, 0.0, 0.0, 1.38929715267183, 0.0, 0.0, 0.0, 0.0, 0.0, 0.0, 0.0, 0.0, 0.0, 0.0, 0.0, 0.0, 0.0, 0.0, 0.0, 0.0, 0.0, 0.0, 0.0, 0.0, 0.0, 0.0, 0.0, 0.0], [0.0, 0.0, 0.0, 0.0, 0.0, 0.0, 0.0, 0.0, 0.0, 0.0, 0.0, 0.0, 0.0, 1.38929715267183, 0.0, 1.0496538022356796, 0.0, 1.3849152123073492, 0.0, 0.0, 0.0, 0.0, 0.0, 0.0, 0.0, 0.0, 0.0, 0.0, 0.0, 0.0, 0.0, 0.0, 0.0, 0.0, 0.0, 0.0, 0.0, 0.0, 0.0], [0.0, 0.0, 0.0, 0.0, 0.0, 0.0, 0.0, 0.0, 0.0, 0.0, 0.0, 0.0, 0.0, 0.0, 1.0496538022356796, 0.0, 1.0088198871392833, 0.0, 0.0, 0.0, 0.0, 0.0, 0.0, 0.0, 0.0, 0.0, 0.0, 0.0, 0.0, 0.0, 0.0, 0.0, 0.0, 0.0, 0.0, 0.0, 0.0, 0.0, 0.0], [0.0, 0.0, 0.0, 0.0, 0.0, 0.0, 0.0, 0.0, 0.0, 0.0, 0.0, 0.0, 0.0, 0.0, 0.0, 1.0088198871392833, 0.0, 0.0, 0.0, 0.0, 0.0, 0.0, 0.0, 0.0, 0.0, 0.0, 0.0, 0.0, 0.0, 0.0, 0.0, 0.0, 0.0, 0.0, 0.0, 0.0, 0.983089851912686, 0.9803017427754167, 0.9814007549654951], [0.0, 0.0, 0.0, 0.0, 0.0, 0.0, 1.3079561043119532, 0.0, 0.0, 0.0, 0.0, 0.0, 0.0, 0.0, 1.3849152123073492, 0.0, 0.0, 0.0, 0.0, 0.0, 0.0, 0.0, 0.0, 0.0, 0.0, 0.0, 0.0, 0.0, 0.0, 0.0, 0.0, 0.0, 0.0, 0.0, 0.0, 0.0, 0.0, 0.0, 0.0], [0.9787409611461572, 0.0, 0.0, 0.0, 0.0, 0.0, 0.0, 0.0, 0.0, 0.0, 0.0, 0.0, 0.0, 0.0, 0.0, 0.0, 0.0, 0.0, 0.0, 0.0, 0.0, 0.0, 0.0, 0.0, 0.0, 0.0, 0.0, 0.0, 0.0, 0.0, 0.0, 0.0, 0.0, 0.0, 0.0, 0.0, 0.0, 0.0, 0.0], [0.980531379009232, 0.0, 0.0, 0.0, 0.0, 0.0, 0.0, 0.0, 0.0, 0.0, 0.0, 0.0, 0.0, 0.0, 0.0, 0.0, 0.0, 0.0, 0.0, 0.0, 0.0, 0.0, 0.0, 0.0, 0.0, 0.0, 0.0, 0.0, 0.0, 0.0, 0.0, 0.0, 0.0, 0.0, 0.0, 0.0, 0.0, 0.0, 0.0], [0.9789548895426963, 0.0, 0.0, 0.0, 0.0, 0.0, 0.0, 0.0, 0.0, 0.0, 0.0, 0.0, 0.0, 0.0, 0.0, 0.0, 0.0, 0.0, 0.0, 0.0, 0.0, 0.0, 0.0, 0.0, 0.0, 0.0, 0.0, 0.0, 0.0, 0.0, 0.0, 0.0, 0.0, 0.0, 0.0, 0.0, 0.0, 0.0, 0.0], [0.0, 0.0, 0.9686434200484308, 0.0, 0.0, 0.0, 0.0, 0.0, 0.0, 0.0, 0.0, 0.0, 0.0, 0.0, 0.0, 0.0, 0.0, 0.0, 0.0, 0.0, 0.0, 0.0, 0.0, 0.0, 0.0, 0.0, 0.0, 0.0, 0.0, 0.0, 0.0, 0.0, 0.0, 0.0, 0.0, 0.0, 0.0, 0.0, 0.0], [0.0, 0.0, 0.9693980356576266, 0.0, 0.0, 0.0, 0.0, 0.0, 0.0, 0.0, 0.0, 0.0, 0.0, 0.0, 0.0, 0.0, 0.0, 0.0, 0.0, 0.0, 0.0, 0.0, 0.0, 0.0, 0.0, 0.0, 0.0, 0.0, 0.0, 0.0, 0.0, 0.0, 0.0, 0.0, 0.0, 0.0, 0.0, 0.0, 0.0], [0.0, 0.0, 0.0, 0.9736103667899223, 0.0, 0.0, 0.0, 0.0, 0.0, 0.0, 0.0, 0.0, 0.0, 0.0, 0.0, 0.0, 0.0, 0.0, 0.0, 0.0, 0.0, 0.0, 0.0, 0.0, 0.0, 0.0, 0.0, 0.0, 0.0, 0.0, 0.0, 0.0, 0.0, 0.0, 0.0, 0.0, 0.0, 0.0, 0.0], [0.0, 0.0, 0.0, 0.9733545967313526, 0.0, 0.0, 0.0, 0.0, 0.0, 0.0, 0.0, 0.0, 0.0, 0.0, 0.0, 0.0, 0.0, 0.0, 0.0, 0.0, 0.0, 0.0, 0.0, 0.0, 0.0, 0.0, 0.0, 0.0, 0.0, 0.0, 0.0, 0.0, 0.0, 0.0, 0.0, 0.0, 0.0, 0.0, 0.0], [0.0, 0.0, 0.0, 0.0, 0.970237529225932, 0.0, 0.0, 0.0, 0.0, 0.0, 0.0, 0.0, 0.0, 0.0, 0.0, 0.0, 0.0, 0.0, 0.0, 0.0, 0.0, 0.0, 0.0, 0.0, 0.0, 0.0, 0.0, 0.0, 0.0, 0.0, 0.0, 0.0, 0.0, 0.0, 0.0, 0.0, 0.0, 0.0, 0.0], [0.0, 0.0, 0.0, 0.0, 0.9681524624684397, 0.0, 0.0, 0.0, 0.0, 0.0, 0.0, 0.0, 0.0, 0.0, 0.0, 0.0, 0.0, 0.0, 0.0, 0.0, 0.0, 0.0, 0.0, 0.0, 0.0, 0.0, 0.0, 0.0, 0.0, 0.0, 0.0, 0.0, 0.0, 0.0, 0.0, 0.0, 0.0, 0.0, 0.0], [0.0, 0.0, 0.0, 0.0, 0.0, 0.9074092156373588, 0.0, 0.0, 0.0, 0.0, 0.0, 0.0, 0.0, 0.0, 0.0, 0.0, 0.0, 0.0, 0.0, 0.0, 0.0, 0.0, 0.0, 0.0, 0.0, 0.0, 0.0, 0.0, 0.0, 0.0, 0.0, 0.0, 0.0, 0.0, 0.0, 0.0, 0.0, 0.0, 0.0], [0.0, 0.0, 0.0, 0.0, 0.0, 0.0, 0.0, 0.0, 0.0, 0.9329592313577155, 0.0, 0.0, 0.0, 0.0, 0.0, 0.0, 0.0, 0.0, 0.0, 0.0, 0.0, 0.0, 0.0, 0.0, 0.0, 0.0, 0.0, 0.0, 0.0, 0.0, 0.0, 0.0, 0.0, 0.0, 0.0, 0.0, 0.0, 0.0, 0.0], [0.0, 0.0, 0.0, 0.0, 0.0, 0.0, 0.0, 0.0, 0.0, 0.0, 0.9604984314348012, 0.0, 0.0, 0.0, 0.0, 0.0, 0.0, 0.0, 0.0, 0.0, 0.0, 0.0, 0.0, 0.0, 0.0, 0.0, 0.0, 0.0, 0.0, 0.0, 0.0, 0.0, 0.0, 0.0, 0.0, 0.0, 0.0, 0.0, 0.0], [0.0, 0.0, 0.0, 0.0, 0.0, 0.0, 0.0, 0.0, 0.0, 0.0, 0.0, 0.9856934946710094, 0.0, 0.0, 0.0, 0.0, 0.0, 0.0, 0.0, 0.0, 0.0, 0.0, 0.0, 0.0, 0.0, 0.0, 0.0, 0.0, 0.0, 0.0, 0.0, 0.0, 0.0, 0.0, 0.0, 0.0, 0.0, 0.0, 0.0], [0.0, 0.0, 0.0, 0.0, 0.0, 0.0, 0.0, 0.0, 0.0, 0.0, 0.0, 0.9842715952671323, 0.0, 0.0, 0.0, 0.0, 0.0, 0.0, 0.0, 0.0, 0.0, 0.0, 0.0, 0.0, 0.0, 0.0, 0.0, 0.0, 0.0, 0.0, 0.0, 0.0, 0.0, 0.0, 0.0, 0.0, 0.0, 0.0, 0.0], [0.0, 0.0, 0.0, 0.0, 0.0, 0.0, 0.0, 0.0, 0.0, 0.0, 0.0, 0.9857890916256626, 0.0, 0.0, 0.0, 0.0, 0.0, 0.0, 0.0, 0.0, 0.0, 0.0, 0.0, 0.0, 0.0, 0.0, 0.0, 0.0, 0.0, 0.0, 0.0, 0.0, 0.0, 0.0, 0.0, 0.0, 0.0, 0.0, 0.0], [0.0, 0.0, 0.0, 0.0, 0.0, 0.0, 0.0, 0.0, 0.0, 0.0, 0.0, 0.0, 0.9852230844283318, 0.0, 0.0, 0.0, 0.0, 0.0, 0.0, 0.0, 0.0, 0.0, 0.0, 0.0, 0.0, 0.0, 0.0, 0.0, 0.0, 0.0, 0.0, 0.0, 0.0, 0.0, 0.0, 0.0, 0.0, 0.0, 0.0], [0.0, 0.0, 0.0, 0.0, 0.0, 0.0, 0.0, 0.0, 0.0, 0.0, 0.0, 0.0, 0.9859029425482102, 0.0, 0.0, 0.0, 0.0, 0.0, 0.0, 0.0, 0.0, 0.0, 0.0, 0.0, 0.0, 0.0, 0.0, 0.0, 0.0, 0.0, 0.0, 0.0, 0.0, 0.0, 0.0, 0.0, 0.0, 0.0, 0.0], [0.0, 0.0, 0.0, 0.0, 0.0, 0.0, 0.0, 0.0, 0.0, 0.0, 0.0, 0.0, 0.9857906909928976, 0.0, 0.0, 0.0, 0.0, 0.0, 0.0, 0.0, 0.0, 0.0, 0.0, 0.0, 0.0, 0.0, 0.0, 0.0, 0.0, 0.0, 0.0, 0.0, 0.0, 0.0, 0.0, 0.0, 0.0, 0.0, 0.0], [0.0, 0.0, 0.0, 0.0, 0.0, 0.0, 0.0, 0.0, 0.0, 0.0, 0.0, 0.0, 0.0, 0.0, 0.0, 0.0, 0.983089851912686, 0.0, 0.0, 0.0, 0.0, 0.0, 0.0, 0.0, 0.0, 0.0, 0.0, 0.0, 0.0, 0.0, 0.0, 0.0, 0.0, 0.0, 0.0, 0.0, 0.0, 0.0, 0.0], [0.0, 0.0, 0.0, 0.0, 0.0, 0.0, 0.0, 0.0, 0.0, 0.0, 0.0, 0.0, 0.0, 0.0, 0.0, 0.0, 0.9803017427754167, 0.0, 0.0, 0.0, 0.0, 0.0, 0.0, 0.0, 0.0, 0.0, 0.0, 0.0, 0.0, 0.0, 0.0, 0.0, 0.0, 0.0, 0.0, 0.0, 0.0, 0.0, 0.0], [0.0, 0.0, 0.0, 0.0, 0.0, 0.0, 0.0, 0.0, 0.0, 0.0, 0.0, 0.0, 0.0, 0.0, 0.0, 0.0, 0.9814007549654951, 0.0, 0.0, 0.0, 0.0, 0.0, 0.0, 0.0, 0.0, 0.0, 0.0, 0.0, 0.0, 0.0, 0.0, 0.0, 0.0, 0.0, 0.0, 0.0, 0.0, 0.0, 0.0]], "Born radii": [], "Atomic SASAs": [], "Solvent H bonds": [], "Total SASA": NaN, "Total FOD": 0.0, "FOD": [0.0, 0.0, 0.0, 0.0, 0.0, 0.0, 0.0, 0.0, 0.0, 0.0, 0.0, 0.0, 0.0, 0.0, 0.0, 0.0, 0.0, 0.0, 0.0, 0.0, 0.0, 0.0, 0.0, 0.0, 0.0, 0.0, 0.0, 0.0, 0.0, 0.0, 0.0, 0.0, 0.0, 0.0, 0.0, 0.0, 0.0, 0.0, 0.0], "FOD s proportion": [0.0, 0.0, 0.0, 0.0, 0.0, 0.0, 0.0, 0.0, 0.0, 0.0, 0.0, 0.0, 0.0, 0.0, 0.0, 0.0, 0.0, 0.0, 0.0, 0.0, 0.0, 0.0, 0.0, 0.0, 0.0, 0.0, 0.0, 0.0, 0.0, 0.0, 0.0, 0.0, 0.0, 0.0, 0.0, 0.0, 0.0, 0.0, 0.0], "FOD p proportion": [0.0, 0.0, 0.0, 0.0, 0.0, 0.0, 0.0, 0.0, 0.0, 0.0, 0.0, 0.0, 0.0, 0.0, 0.0, 0.0, 0.0, 0.0, 0.0, 0.0, 0.0, 0.0, 0.0, 0.0, 0.0, 0.0, 0.0, 0.0, 0.0, 0.0, 0.0, 0.0, 0.0, 0.0, 0.0, 0.0, 0.0, 0.0, 0.0], "FOD d proportion": [0.0, 0.0, 0.0, 0.0, 0.0, 0.0, 0.0, 0.0, 0.0, 0.0, 0.0, 0.0, 0.0, 0.0, 0.0, 0.0, 0.0, 0.0, 0.0, 0.0, 0.0, 0.0, 0.0, 0.0, 0.0, 0.0, 0.0, 0.0, 0.0, 0.0, 0.0, 0.0, 0.0, 0.0, 0.0, 0.0, 0.0, 0.0, 0.0], "coordinates": [["3.54520", "2.78050", "0.63900"], ["3.41690", "1.43710", "0.19020"], ["4.12590", "0.52920", "1.03380"], ["3.98210", "-0.89650", "0.50300"], ["2.52880", "-1.37900", "0.48640"], ["1.80050", "-0.73470", "-0.59210"], ["0.42220", "-0.88940", "-0.55240"], ["-0.28970", "0.14510", "-0.97670"], ["-1.60700", "-0.00040", "-0.95500"], ["-2.33230", "1.08730", "-1.41360"], ["-3.64790", "1.32080", "-0.83450"], ["-3.52600", "1.88280", "0.58190"], ["-4.39020", "2.31360", "-1.73010"], ["-2.22710", "-1.08770", "-0.52940"], ["-1.42800", "-2.06890", "-0.13250"], ["-2.23000", "-3.54210", "0.46200"], ["-0.95500", "-4.76140", "0.06330"], ["-0.10220", "-2.02190", "-0.11080"], ["4.59470", "3.08970", "0.62660"], ["2.98240", "3.42520", "-0.04130"], ["3.13120", "2.88840", "1.64610"], ["3.73150", "0.59330", "2.05460"], ["5.18710", "0.80310", "1.05010"], ["4.57080", "-1.56520", "1.14140"], ["4.39720", "-0.95310", "-0.51090"], ["2.52510", "-2.46460", "0.32980"], ["2.06500", "-1.17560", "1.46020"], ["1.99310", "0.26590", "-0.67180"], ["-1.70530", "1.88340", "-1.44340"], ["-4.23880", "0.39670", "-0.81250"], ["-2.93770", "2.80730", "0.59470"], ["-4.51440", "2.10290", "0.99880"], ["-3.03400", "1.16990", "1.25200"], ["-5.39610", "2.51060", "-1.34490"], ["-3.85720", "3.26890", "-1.79690"], ["-4.48900", "1.91900", "-2.74750"], ["-0.69930", "-4.72260", "-0.99940"], ["-1.33640", "-5.76110", "0.28850"], ["-0.05590", "-4.59680", "0.66370"]], "bond_dist": [[0.0, 1.4221834937869304, 2.35826869122244, 3.7053618730159137, 4.284599861130558, 4.112932814914437, 4.9639428854490255, 4.925675350649898, 6.067899607772033, 6.451751641996148, 7.486161496387851, 7.128183158421225, 8.294649093240773, 7.046103681468218, 6.98889196153439, 8.565018085211495, 8.801334338610253, 6.07690485033294, 1.094170302101094, 1.0932474651239763, 1.0942069365526794, 2.611986770640311, 2.6028733315319053, 4.493258239852234, 3.9984925872133363, 5.352315635311505, 4.303032499296282, 3.232711587816024, 5.719172004757331, 8.269220682144116, 6.483106750625042, 8.096032976711495, 6.801152402350649, 9.162726172379049, 7.808179629721643, 8.761217617431951, 8.774773183393403, 9.84437907488329, 8.209329241174336], [1.4221834937869304, 0.0, 1.4278040376746381, 2.4213599154194325, 2.9676379934217043, 2.818059170776938, 3.8642315018642455, 4.095095013549747, 5.349528997958605, 5.97894933244964, 7.139673299248363, 6.968209080531381, 8.087435610253722, 6.224722901463164, 5.989092360282984, 7.5335109670060225, 7.586238558732516, 4.943616774184665, 2.0757515650963625, 2.048151388447641, 2.0754616329867432, 2.0704972736036145, 2.0676053903005767, 3.3541126904145604, 2.676861098376231, 4.004754460638005, 3.204174605105034, 2.0351805521869553, 5.394883269358106, 7.790865288271901, 6.5132180563834945, 8.000165203919229, 6.543158708911164, 9.009878093514915, 7.759934823179896, 8.447814137988596, 7.50334290100086, 8.626564033263765, 6.9780005230724935], [2.35826869122244, 1.4278040376746381, 0.0, 1.5280862442938223, 2.5478623216335685, 3.106200119116603, 4.27151613481677, 4.866946313655, 6.091136512178988, 6.928895266202254, 8.034248060024037, 7.783830688035294, 9.129467989976195, 6.73933000008161, 6.241488965783725, 7.569669988843635, 7.399179915369, 5.069028504555877, 2.63471925069826, 3.2939715026089704, 2.6325204690562236, 1.0962175012286568, 1.0960986908121007, 2.1438342123401237, 2.1579886630842156, 3.467133553816466, 2.708407061355438, 2.7435805236952677, 6.478678176912324, 8.56706402625777, 7.4348499231659, 8.782513352110545, 7.191820057537591, 10.012624213961091, 8.902174127144448, 9.51032469161805, 7.416054241980705, 8.364213499785858, 6.625730242773245], [3.7053618730159137, 2.4213599154194325, 1.5280862442938223, 0.0, 1.5313924056230657, 2.44638545818111, 3.7130590595895456, 4.639258334044355, 5.845237208189245, 6.890607038570694, 8.057432937356662, 8.006391153946952, 9.240502416535584, 6.297346412577285, 5.572034100757102, 6.752115725459687, 6.285359537051162, 4.2807455063341475, 4.034891096423793, 4.469088662132359, 4.04427699718998, 2.1655869781655044, 2.154062109132418, 1.096030081703965, 1.097043654555278, 2.1475066588953804, 2.1608796958646264, 2.586010402144585, 6.622902364522672, 8.425325115388723, 7.849214952464991, 9.024008546649322, 7.352324065899163, 10.14759577732578, 9.170317424168042, 9.500122405000896, 6.22990793912719, 7.210879673105079, 5.479369359698249], [4.284599861130558, 2.9676379934217043, 2.5478623216335685, 1.5313924056230657, 0.0, 1.4521382957556075, 2.3992868023644025, 3.5224259637357886, 4.591624283409956, 5.77260157121553, 6.869157134612659, 6.878158367615565, 8.14989128823201, 4.871887738854418, 4.063897816136621, 5.227406088109092, 4.874064608722375, 2.7734688117950776, 4.925127261299956, 4.854333928563218, 4.4630138482868285, 2.7920791213717426, 3.485093541068877, 2.1525471980888136, 2.16030476090759, 1.0968430197617158, 1.0976194422476309, 2.0818495959122503, 5.6828676396692535, 7.116225225497012, 6.886178826461015, 7.87355368369328, 6.166666717927927, 9.015913035294872, 8.221765582890333, 8.401454043795038, 4.879333172678414, 5.846514847325712, 4.1311434518786685], [4.112932814914437, 2.818059170776938, 3.106200119116603, 2.44638545818111, 1.4521382957556075, 0.0, 1.3875226376531662, 2.300195913395205, 3.5045611922179356, 4.590706055717355, 5.828284530631633, 6.049891280014872, 6.993707413096432, 4.043525942788051, 3.5234264643951345, 5.023699017656213, 4.923072445130175, 2.347083471033785, 4.890686934368218, 4.359476603905565, 4.461743531401149, 3.5351613668968493, 4.065797491267857, 3.3718414242072536, 2.607133078690077, 2.0898561625145398, 2.1157240722740758, 1.0220798452175837, 4.457554591925936, 6.148315753928064, 6.033638825783327, 7.103583502711853, 5.51367356850222, 7.930304627818531, 7.034907624837728, 7.158609019914414, 4.724218426364302, 5.990016271263376, 4.465318690754334], [4.9639428854490255, 3.8642315018642455, 4.27151613481677, 3.7130590595895456, 2.3992868023644025, 1.3875226376531662, 0.0, 1.3255271970050257, 2.251679462090464, 3.498039247921613, 4.640073109337826, 4.955805945555173, 5.8996084658221175, 2.6568105653207574, 2.2340045434152547, 3.8858704932099837, 4.155496399950311, 1.323843710564053, 5.884983777377809, 5.042977335860235, 5.142359000497729, 4.466129731658049, 5.304416509852898, 4.531726606934712, 3.9757269700018383, 2.7715916528233375, 2.6136681197122176, 1.9536379552005023, 3.6067377351285193, 4.842171642971778, 5.1254616679866025, 5.977466042563521, 4.409296348625254, 6.785327636894183, 6.095367380232302, 6.068398471590342, 4.018829865769388, 5.247213323279319, 3.9309405464850267], [4.925675350649898, 4.095095013549747, 4.866946313655, 4.639258334044355, 3.5224259637357886, 2.300195913395205, 1.3255271970050257, 0.0, 1.3254887513668308, 2.2914705343948896, 3.5608985621609612, 3.9902973498224417, 4.699372730482229, 2.339528134047548, 2.6287252671209296, 4.407954811474364, 5.059443283603445, 2.341116840313614, 5.924407431127606, 4.726591539365338, 5.10953339748357, 5.055661417658426, 5.8767525454114535, 5.570990392201372, 4.836325515306015, 4.054697939427794, 3.636941323419997, 2.306237734926736, 2.289851335785797, 3.9605119631179, 4.0704435630530496, 5.058030365666067, 3.6808288767613195, 5.63972361468184, 4.812266693565518, 4.8904574775781455, 4.884955551486625, 6.1302129139206905, 5.023065817804899], [6.067899607772033, 5.349528997958605, 6.091136512178988, 5.845237208189245, 4.591624283409956, 3.5045611922179356, 2.251679462090464, 1.3254887513668308, 0.0, 1.3854477038127422, 2.4342067496414512, 3.0969444376675535, 3.7015642976990146, 1.3220743776353885, 2.23321282013157, 3.865185233594892, 4.912144123496378, 2.6577356772260106, 7.107127370464104, 5.799325427150989, 6.128737707717634, 6.157089742727485, 7.129223875710455, 6.708852721591077, 6.09551308258788, 4.97968303107738, 4.549491189133132, 3.6210271940431493, 1.9485635452814978, 2.665401639528272, 3.472104818406265, 4.085851207520901, 2.8769393615437915, 4.562282523036029, 4.057156410591044, 3.8991122848669026, 4.8088526167891645, 5.899591604509586, 5.113999790770429], [6.451751641996148, 5.97894933244964, 6.928895266202254, 6.890607038570694, 5.77260157121553, 4.590706055717355, 3.498039247921613, 2.2914705343948896, 1.3854477038127422, 0.0, 1.4562563029906512, 2.4575923563520456, 2.4163891139466758, 2.3502131137409643, 3.5242834931372933, 4.995966874389781, 6.18752620923742, 4.041999318406672, 7.493687396736002, 5.966156198927413, 6.515792933327455, 7.003007759527331, 7.917825692069762, 7.824101920348431, 7.089729874967029, 6.264963841076819, 5.719763119220934, 4.464756472642153, 1.0138008926806092, 2.114944873986081, 2.712596182626526, 3.4077378904487357, 2.757649181821357, 3.3789603460236104, 2.689166685053197, 2.668776684175729, 6.049230417995333, 7.1266783132115625, 6.465768713772555], [7.486161496387851, 7.139673299248363, 8.034248060024037, 8.057432937356662, 6.869157134612659, 5.828284530631633, 4.640073109337826, 3.5608985621609612, 2.4342067496414512, 1.4562563029906512, 0.0, 1.5286898213830038, 1.5293006538937988, 2.812939903375115, 4.112277483341804, 5.228685214277103, 6.711997622913763, 4.92639558602433, 8.555949694803026, 7.001324423992935, 7.386944086020957, 7.958121601232291, 9.048588588835278, 8.931976628943898, 8.366538841121818, 7.3342195665251255, 6.64340932503786, 5.7410945210821955, 2.112101496140751, 1.0970905249795937, 2.1809811851549754, 2.1733595077667203, 2.1801665693244634, 2.1753931690616293, 2.182914075267279, 2.173674642167038, 6.726374768774039, 7.533755295999466, 7.082729487986959], [7.128183158421225, 6.968209080531381, 7.783830688035294, 8.006391153946952, 6.878158367615565, 6.049891280014872, 4.955805945555173, 3.9902973498224417, 3.0969444376675535, 2.4575923563520456, 1.5286898213830038, 0.0, 2.5055486983892368, 3.427243666563555, 4.530773030068931, 5.578846836040581, 7.1431352080161545, 5.239171863949492, 8.210016698521386, 6.717636977390189, 6.816308740073325, 7.516845201944763, 8.792216725035845, 8.818158225502648, 8.486085015482699, 7.455149386833238, 6.433078769143122, 5.886135753616289, 2.7233782219882716, 2.1589183425965883, 1.0958836525836124, 1.0950726825192934, 1.0951367129267469, 2.7575288013001784, 2.7730229155201727, 3.466061713241702, 7.356769110146111, 7.9567354442635585, 7.350748357140244], [8.294649093240773, 8.087435610253722, 9.129467989976195, 9.240502416535584, 8.14989128823201, 6.993707413096432, 5.8996084658221175, 4.699372730482229, 3.7015642976990146, 2.4163891139466758, 1.5293006538937988, 2.5055486983892368, 0.0, 4.205891557089887, 5.52569098394038, 6.615208911289197, 8.06675322543091, 6.309170844096711, 9.321201323327374, 7.644797627144881, 8.26441646094871, 9.12389155295042, 10.086416488525547, 10.177923299475193, 9.45389741270763, 8.654233492343502, 8.001383490997041, 6.7867218205846624, 2.7342196217568184, 2.1305908405885914, 2.7853529363439744, 2.739838560937487, 3.4699061284132746, 1.0949990182643998, 1.0959695844319768, 1.0957067855954896, 7.979020976285248, 8.865732935860407, 8.501180099844962], [7.046103681468218, 6.224722901463164, 6.73933000008161, 6.297346412577285, 4.871887738854418, 4.043525942788051, 2.6568105653207574, 2.339528134047548, 1.3220743776353885, 2.3502131137409643, 2.812939903375115, 3.427243666563555, 4.205891557089887, 0.0, 1.3262141079026422, 2.6470666274198695, 3.932633136970699, 2.358634267961017, 8.0823240469558, 6.909659779612887, 7.018087371214468, 6.708780139488848, 7.812829610966823, 7.0164822596512, 6.625693163737663, 5.021701214727933, 4.73163364811774, 4.434252897614208, 3.152000388642108, 2.516053628204296, 4.115771880218825, 4.212726538715752, 2.986843037389143, 4.863678046499377, 4.8211768086225595, 4.36765430294111, 3.970840068549727, 4.827315450641278, 4.29550693865113], [6.98889196153439, 5.989092360282984, 6.241488965783725, 5.572034100757102, 4.063897816136621, 3.5234264643951345, 2.2340045434152547, 2.6287252671209296, 2.23321282013157, 3.5242834931372933, 4.112277483341804, 4.530773030068931, 5.52569098394038, 1.3262141079026422, 0.0, 1.7795933496167038, 2.7407340056999328, 1.3268102841024407, 7.966197465541511, 7.045926511822273, 6.9659562078726855, 6.204124071937955, 7.307973369546444, 6.153221622857411, 5.94316003822882, 3.999662409504082, 3.9415386817840568, 4.176848182541472, 4.173251656682113, 3.8002868312799762, 5.1560973972569615, 5.311272906752204, 3.87116283434319, 6.1796077237960665, 6.09617493515401, 5.666682663604872, 2.885245741700349, 3.717253340841864, 2.9844381816348617], [8.565018085211495, 7.5335109670060225, 7.569669988843635, 6.752115725459687, 5.227406088109092, 5.023699017656213, 3.8858704932099837, 4.407954811474364, 3.865185233594892, 4.995966874389781, 5.228685214277103, 5.578846836040581, 6.615208911289197, 2.6470666274198695, 1.7795933496167038, 0.0, 1.8086677914973772, 2.6770582212570577, 9.517583437511856, 8.715830077508395, 8.455524141057136, 7.428148502150451, 8.616263520807612, 7.114815430494315, 7.181172275471464, 4.877443910492462, 5.004373136567656, 5.798356668056908, 5.774245361949905, 4.601496835813321, 6.390096160465819, 6.113318460541705, 4.8449416921156025, 7.0657097385896055, 7.357997692986864, 6.725145683180402, 2.423285517639224, 2.3984545461609232, 2.4248269608365876], [8.801334338610253, 7.586238558732516, 7.399179915369, 6.285359537051162, 4.874064608722375, 4.923072445130175, 4.155496399950311, 5.059443283603445, 4.912144123496378, 6.18752620923742, 6.711997622913763, 7.1431352080161545, 8.06675322543091, 3.932633136970699, 2.7407340056999328, 1.8086677914973772, 0.0, 2.874445842245075, 9.631004526527853, 9.084848896927236, 8.815992645187494, 7.389273985311412, 8.346425995598356, 6.473983293923457, 6.593853150472794, 4.17820637355313, 4.89179836563201, 5.87413065142409, 6.85466717062178, 6.177083752872386, 7.842111000234567, 7.7886522004773076, 6.396527837819515, 8.636456475314398, 8.738925962039042, 8.063342780757866, 1.0937180715339763, 1.0934263075305988, 1.0935968772815694], [6.07690485033294, 4.943616774184665, 5.069028504555877, 4.2807455063341475, 2.7734688117950776, 2.347083471033785, 1.323843710564053, 2.341116840313614, 2.6577356772260106, 4.041999318406672, 4.92639558602433, 5.239171863949492, 6.309170844096711, 2.358634267961017, 1.3268102841024407, 2.6770582212570577, 2.874445842245075, 0.0, 6.980908460222064, 6.260230492561756, 6.136173014184003, 5.121082296741578, 6.107782600911726, 4.85937328572317, 4.641876108859434, 2.70052160517186, 2.8073155380184818, 3.152623023769255, 4.426863501396897, 4.842878112238631, 5.644374468442009, 6.141066360169056, 4.543155546533709, 7.0775657022736285, 6.703396366768118, 6.459635743600408, 2.9051538444633183, 3.9578159090589344, 2.689257137203507], [1.094170302101094, 2.0757515650963625, 2.63471925069826, 4.034891096423793, 4.925127261299956, 4.890686934368218, 5.884983777377809, 5.924407431127606, 7.107127370464104, 7.493687396736002, 8.555949694803026, 8.210016698521386, 9.321201323327374, 8.0823240469558, 7.966197465541511, 9.517583437511856, 9.631004526527853, 6.980908460222064, 0.0, 1.7771218163086056, 1.7949189926010582, 3.0027173027109963, 2.3997561480283784, 4.683341142816738, 4.204419619876208, 5.934777408631262, 5.028623583049342, 4.053148351590402, 6.74018246711467, 9.346335113829378, 7.537759423727981, 9.169951466065674, 7.891376362207039, 10.199914396699612, 8.794320809476988, 9.760568374331488, 9.576134047202974, 10.65968664924068, 8.983971227692129], [1.0932474651239763, 2.048151388447641, 3.2939715026089704, 4.469088662132359, 4.854333928563218, 4.359476603905565, 5.042977335860235, 4.726591539365338, 5.799325427150989, 5.966156198927413, 7.001324423992935, 6.717636977390189, 7.644797627144881, 6.909659779612887, 7.045926511822273, 8.715830077508395, 9.084848896927236, 6.260230492561756, 1.7771218163086056, 0.0, 1.7769677656052174, 3.6018891196148717, 3.5954505225353888, 5.368974390886959, 4.625115575853212, 5.9191707645581575, 4.925797970887559, 3.3700773329405957, 5.130064613628176, 7.868436384060051, 5.986140694972011, 7.683247720853468, 6.554088185247434, 8.528489219668392, 7.063050984525031, 8.087890629824317, 8.992191909651394, 10.156225143723429, 8.607018989754815], [1.0942069365526794, 2.0754616329867432, 2.6325204690562236, 4.04427699718998, 4.4630138482868285, 4.461743531401149, 5.142359000497729, 5.10953339748357, 6.128737707717634, 6.515792933327455, 7.386944086020957, 6.816308740073325, 8.26441646094871, 7.018087371214468, 6.9659562078726855, 8.455524141057136, 8.815992645187494, 6.136173014184003, 1.7949189926010582, 1.7769677656052174, 0.0, 2.4072217076954083, 2.9883803138154956, 4.707623945261558, 4.583942326207867, 5.54568407863268, 4.205643500107921, 3.680412785272869, 5.82638545755428, 8.159055267002424, 6.159834931229895, 7.713054317194972, 6.412351214648181, 9.044537529912736, 7.799792549164368, 8.84934491134796, 8.921811559319105, 9.82936303989226, 8.194567420553692], [2.611986770640311, 2.0704972736036145, 1.0962175012286568, 2.1655869781655044, 2.7920791213717426, 3.5351613668968493, 4.466129731658049, 5.055661417658426, 6.157089742727485, 7.003007759527331, 7.958121601232291, 7.516845201944763, 9.12389155295042, 6.708780139488848, 6.204124071937955, 7.428148502150451, 7.389273985311412, 5.121082296741578, 3.0027173027109963, 3.6018891196148717, 2.4072217076954083, 0.0, 1.7809569478232763, 2.4894740368198263, 3.0685989799907056, 3.7122888370922866, 2.501907436337324, 3.2499972738450102, 6.5923558952775, 8.472579067792758, 7.177139586910651, 8.449169936153492, 6.837296583445828, 9.927019759222805, 8.920832657325212, 9.612193565986901, 7.564238061430906, 8.317518799497842, 6.573898354857642], [2.6028733315319053, 2.0676053903005767, 1.0960986908121007, 2.154062109132418, 3.485093541068877, 4.065797491267857, 5.304416509852898, 5.8767525454114535, 7.129223875710455, 7.917825692069762, 9.048588588835278, 8.792216725035845, 10.086416488525547, 7.812829610966823, 7.307973369546444, 8.616263520807612, 8.346425995598356, 6.107782600911726, 2.3997561480283784, 3.5954505225353888, 2.9883803138154956, 1.7809569478232763, 0.0, 2.448878573959926, 2.478891173488663, 4.275855397461425, 3.718997729227594, 3.6681275127781476, 7.408762926427056, 9.616757797199636, 8.380726808576927, 9.788320283889366, 8.231755041301945, 10.984339010154411, 9.79719047125246, 10.454372758802894, 8.329676806455339, 9.285731443995136, 7.536396617084321], [4.493258239852234, 3.3541126904145604, 2.1438342123401237, 1.096030081703965, 2.1525471980888136, 3.3718414242072536, 4.531726606934712, 5.570990392201372, 6.708852721591077, 7.824101920348431, 8.931976628943898, 8.818158225502648, 10.177923299475193, 7.0164822596512, 6.153221622857411, 7.114815430494315, 6.473983293923457, 4.85937328572317, 4.683341142816738, 5.368974390886959, 4.707623945261558, 2.4894740368198263, 2.448878573959926, 0.0, 1.7705645032022979, 2.377499402733889, 2.5558668275166454, 3.644881169530771, 7.613374035866096, 9.234491268066693, 8.706044416955384, 9.798783159658141, 8.08244934472218, 11.051376789341678