{"total energy": -59.09959233, "HOMO-LUMO gap/eV": 3.50542121, "electronic energy": -59.57524347, "dipole": [0.09060328, 0.09124983, -0.77067492], "partial charges": [-0.11677106, 0.09074838, -0.04034418, -0.02841334, 0.01855341, 0.08783685, -0.11944861, 0.07959815, -0.10514815, 0.004158, 0.09402822, -0.120132, -0.05418885, 0.08994974, -0.10161145, 0.07356144, -0.09576561, 0.08426306, -0.10458973, 0.08569273, 0.07441216, 0.10361083], "atomic dipole moments": [[-0.03443781, -0.01035332, 0.02129621], [-0.20290202, -0.02193649, 0.04857142], [-0.00896831, -0.02707965, 0.05468601], [0.00069927, -0.0193539, 0.03853448], [0.07520122, -0.01846615, 0.03272549], [0.08452399, -0.08373874, 0.16591031], [0.04884838, -0.03294191, 0.07098587], [-0.08326153, -0.07799969, 0.15843127], [-0.03404808, -0.03793442, 0.07643239], [-0.03947591, 0.01293203, 0.00305901], [-0.11433285, -0.15567955, -0.06700812], [-0.03399814, -0.0216804, 0.01615269], [-0.02274627, 0.05279613, 0.02954657], [0.19347542, 0.03024846, -0.00091733], [0.02235202, 0.01601014, 0.01194152], [0.09169988, 0.14583144, 0.06544791], [0.03007604, 0.05939606, 0.03438798], [-0.07466439, 0.15572494, 0.08409191], [-0.04630501, 0.04975455, 0.0516084], [-0.07999548, 0.06049995, -0.11939015], [0.06187165, 0.06290223, -0.12756088], [0.07568119, -0.1220498, -0.06671593]], "atomic quadrupole moments": [[0.45880174, -0.00235787, -0.21475414, -0.00973869, 0.01952973, -0.2440476], [0.15445074, 0.0127545, 0.14152564, -0.02254665, 0.29057413, -0.29597638], [-0.23762025, 0.02435618, 0.35510461, -0.03079535, 0.31425712, -0.11748436], [-0.24111257, -0.00388919, 0.36927762, 0.02483018, 0.32848741, -0.12816505], [-0.09263378, 0.00179602, 0.28200146, -0.00570168, 0.31320687, -0.18936768], [-0.26785431, -0.12112445, 0.22662207, 0.25524104, 0.11922624, 0.04123224], [-0.03833165, -0.14562435, -0.11013298, 0.2883696, -0.17724123, 0.14846463], [-0.31611163, 0.11192736, 0.224202, -0.21084922, 0.09165937, 0.09190962], [-0.10469221, 0.13014313, -0.10335422, -0.26283044, -0.20224978, 0.20804644], [-0.09507174, -0.03745507, -0.17886072, 0.05369432, -0.2984504, 0.27393245], [-0.28391737, 0.21234458, 0.06978023, 0.15486109, -0.13091922, 0.21413714], [-0.08941553, 0.27246806, 0.2111799, 0.1271435, 0.1889657, -0.12176437], [-0.21052228, 0.02262945, -0.11568933, 0.06835911, -0.29826864, 0.3262116], [0.14106846, -0.01585185, -0.2872727, 0.00415952, -0.28428908, 0.14620424], [0.45935357, -0.01709926, -0.24856037, -0.0680938, -0.01887735, -0.21079321], [-0.27171268, 0.20837996, 0.07574644, 0.1476122, -0.1111991, 0.19596624], [-0.06099834, 0.2960055, 0.19457039, 0.13227732, 0.16976561, -0.13357205], [-0.29862546, -0.24128186, 0.05222631, -0.0697891, -0.09373406, 0.24639916], [-0.09095735, -0.26516455, 0.18046805, -0.13917137, 0.20796959, -0.0895107], [0.04064782, 0.00046883, -0.04532583, -0.00335919, -0.0330137, 0.00467801], [0.04250044, -0.00058663, -0.04675962, -0.00107096, -0.03382354, 0.00425918], [0.03134822, 0.00729135, 0.00849091, -0.00388825, 0.03200128, -0.03983914]], "number of molecular orbitals": 114, "number of electrons": 100, "number of unpaired electrons": 0, "orbital energies/eV": [-29.39562344, -29.3755146, -29.34147352, -29.28171832, -29.24912524, -29.20137786, -29.15434546, -19.42455799, -19.1438434, -18.70289761, -18.37337664, -18.10522915, -18.06619525, -17.37749482, -17.17136865, -16.94588007, -16.76242827, -15.80680591, -15.71913849, -15.44254046, -15.37570928, -15.01516613, -14.93624397, -14.78791497, -14.71002846, -14.54910416, -14.43783178, -14.30976747, -13.85053105, -13.76421318, -13.64683948, -13.5824319, -13.30798844, -13.24343574, -13.12638048, -12.91095835, -12.62657462, -12.36557322, -12.23148442, -12.18386777, -12.08368579, -12.05465821, -12.0100376, -11.98367836, -11.92973438, -11.87865173, -11.62633216, -11.43547027, -11.34733753, -11.31239027, -7.80696907, -7.73724062, -7.57095266, -7.50735531, -5.49015435, -5.10078375, -4.81009711, -4.72364648, -4.44595013, -4.34823624, -4.30322061, -4.12799186, -4.08969706, -0.46798522, -0.40125227, -0.37342088, -0.2983102, -0.26399146, -0.1920043, -0.19146114, -0.18890511, -0.18402469, -0.15782494, -0.15606256, -0.12527596, -0.10967911, -0.10315318, -0.03593788, -0.03475057, -0.01427911, 0.00019984, 0.0080548, 0.00870611, 0.03393011, 0.04072386, 0.08962097, 0.12285299, 0.15440301, 0.25009667, 0.37541765, 0.51213473, 1.09259009, 2.61934269, 2.66609514, 2.85711851, 3.04272152, 3.08940112, 3.19017786, 3.81289069, 3.89448797, 4.02232398, 4.12712281, 7.02583737, 7.67985961, 8.29220076, 8.6088185, 9.96728627, 10.06742338, 10.24884687, 10.36813826, 13.77887172, 14.55647902, 14.70678009, 15.20571963], "fractional occupation": [2.0, 2.0, 2.0, 2.0, 2.0, 2.0, 2.0, 2.0, 2.0, 2.0, 2.0, 2.0, 2.0, 2.0, 2.0, 2.0, 2.0, 2.0, 2.0, 2.0, 2.0, 2.0, 2.0, 2.0, 2.0, 2.0, 2.0, 2.0, 2.0, 2.0, 2.0, 2.0, 2.0, 2.0, 2.0, 2.0, 2.0, 2.0, 2.0, 2.0, 2.0, 2.0, 2.0, 2.0, 2.0, 2.0, 2.0, 2.0, 2.0, 2.0, 0.0, 0.0, 0.0, 0.0, 0.0, 0.0, 0.0, 0.0, 0.0, 0.0, 0.0, 0.0, 0.0, 0.0, 0.0, 0.0, 0.0, 0.0, 0.0, 0.0, 0.0, 0.0, 0.0, 0.0, 0.0, 0.0, 0.0, 0.0, 0.0, 0.0, 0.0, 0.0, 0.0, 0.0, 0.0, 0.0, 0.0, 0.0, 0.0, 0.0, 0.0, 0.0, 0.0, 0.0, 0.0, 0.0, 0.0, 0.0, 0.0, 0.0, 0.0, 0.0, 0.0, 0.0, 0.0, 0.0, 0.0, 0.0, 0.0, 0.0, 0.0, 0.0, 0.0, 0.0], "program call": "xtb /home/svss/Project-DBcg-Debug/aqme2_20220329/End-to-End-workflows-final/example-3/QDESCP/mol_1121_rdkit_conf_1/mol_1121_rdkit_conf_1.xyz --pop --wbo --acc 0.2 --gfn 2 --chrg 0 --uhf 0 --etemp 300 --input /home/svss/Project-DBcg-Debug/aqme2_20220329/End-to-End-workflows-final/example-3/QDESCP/mol_1121_rdkit_conf_1/mol_1121_rdkit_conf_1_xtb.inp", "method": "GFN2-xTB", "xtb version": "6.3.3 (7355c4f)", "Dipole module/D": 1.986, "Total charge": 0, "Transition dipole module/D": NaN, "HOMO": -11.3124, "LUMO": -7.807, "HOMO occupancy": 2.0, "LUMO occupancy": 0, "mulliken charges": [-0.08383, 0.09357, -0.04655, -0.02783, -0.00681, 0.08761, -0.09132, 0.07084, -0.07584, -0.03091, 0.10681, -0.09336, -0.07115, 0.09656, -0.07661, 0.06299, -0.07411, 0.08865, -0.08393, 0.05119, 0.04497, 0.05904], "cm5 charges": [-0.08488, 0.0898, -0.09806, -0.07913, -0.0103, 0.08719, -0.09108, 0.07041, -0.07561, -0.032, 0.10302, -0.09452, -0.11914, 0.0929, -0.07769, 0.06259, -0.07387, 0.08822, -0.0838, 0.10768, 0.10143, 0.11684], "FUKUI+": [-0.082, -0.025, -0.023, -0.02, -0.019, -0.02, -0.065, -0.021, -0.077, -0.029, -0.026, -0.08, -0.028, -0.031, -0.093, -0.025, -0.088, -0.028, -0.082, -0.047, -0.039, -0.052], "FUKUI-": [-0.129, -0.01, -0.012, -0.014, -0.01, -0.006, -0.081, -0.011, -0.137, -0.009, -0.013, -0.106, -0.008, -0.011, -0.107, -0.016, -0.146, -0.008, -0.07, -0.034, -0.031, -0.031], "FUKUIrad": [-0.106, -0.018, -0.017, -0.017, -0.014, -0.013, -0.073, -0.016, -0.107, -0.019, -0.019, -0.093, -0.018, -0.021, -0.1, -0.021, -0.117, -0.018, -0.076, -0.041, -0.035, -0.042], "s proportion": [1.945, 1.082, 1.063, 1.062, 1.078, 1.088, 1.948, 1.083, 1.947, 1.081, 1.082, 1.946, 1.065, 1.081, 1.945, 1.082, 1.947, 1.089, 1.948, 0.949, 0.955, 0.941], "p proportion": [5.149, 2.824, 2.984, 2.966, 2.929, 2.825, 5.153, 2.846, 5.138, 2.95, 2.811, 5.158, 3.006, 2.822, 5.142, 2.855, 5.136, 2.823, 5.145, 0.0, 0.0, 0.0], "d proportion": [-0.01, 0.0, 0.0, 0.0, 0.0, 0.0, -0.009, 0.0, -0.009, 0.0, 0.0, -0.011, 0.0, 0.0, -0.01, 0.0, -0.008, 0.0, -0.009, 0.0, 0.0, 0.0], "Fermi-level/eV": -9.5597, "Coordination numbers": [0.971, 2.904, 2.955, 2.914, 2.991, 2.9, 0.958, 2.915, 0.969, 3.011, 2.88, 0.961, 3.003, 2.905, 0.973, 2.916, 0.972, 2.901, 0.959, 0.925, 0.925, 0.925], "Dispersion coefficient C6": [102.798, 25.982, 29.001, 28.71, 27.585, 26.045, 102.878, 26.224, 102.433, 27.913, 25.91, 102.901, 29.331, 26.0, 102.323, 26.356, 102.14, 26.122, 102.412, 1.921, 2.038, 1.752], "Total dispersion C6": 18889.592373, "Total dispersion C8": 652741.896306, "Polarizability alpha": [15.511, 8.358, 8.833, 8.786, 8.616, 8.368, 15.517, 8.397, 15.484, 8.666, 8.345, 15.519, 8.884, 8.361, 15.476, 8.419, 15.462, 8.38, 15.482, 2.168, 2.232, 2.07], "Total polarizability alpha": 217.334204, "Wiberg matrix": [[0.0, 1.0074616314890872, 0.0, 0.0, 0.0, 0.0, 0.0, 0.0, 0.0, 0.0, 0.0, 0.0, 0.0, 0.0, 0.0, 0.0, 0.0, 0.0, 0.0, 0.0, 0.0, 0.0], [1.0074616314890872, 0.0, 1.392718246430304, 0.0, 0.0, 0.0, 0.0, 1.3573360018923502, 0.0, 0.0, 0.0, 0.0, 0.0, 0.0, 0.0, 0.0, 0.0, 0.0, 0.0, 0.0, 0.0, 0.0], [0.0, 1.392718246430304, 0.0, 1.439403538992965, 0.0, 0.0, 0.0, 0.0, 0.0, 0.0, 0.0, 0.0, 0.0, 0.0, 0.0, 0.0, 0.0, 0.0, 0.0, 0.9621038500792116, 0.0, 0.0], [0.0, 0.0, 1.439403538992965, 0.0, 1.394165355657105, 0.0, 0.0, 0.0, 0.0, 0.0, 0.0, 0.0, 0.0, 0.0, 0.0, 0.0, 0.0, 0.0, 0.0, 0.0, 0.9647628131002113, 0.0], [0.0, 0.0, 0.0, 1.394165355657105, 0.0, 1.3594549278462489, 0.0, 0.0, 0.0, 1.0112482521115178, 0.0, 0.0, 0.0, 0.0, 0.0, 0.0, 0.0, 0.0, 0.0, 0.0, 0.0, 0.0], [0.0, 0.0, 0.0, 0.0, 1.3594549278462489, 0.0, 1.0044676522443785, 1.3588295670273867, 0.0, 0.0, 0.0, 0.0, 0.0, 0.0, 0.0, 0.0, 0.0, 0.0, 0.0, 0.0, 0.0, 0.0], [0.0, 0.0, 0.0, 0.0, 0.0, 1.0044676522443785, 0.0, 0.0, 0.0, 0.0, 0.0, 0.0, 0.0, 0.0, 0.0, 0.0, 0.0, 0.0, 0.0, 0.0, 0.0, 0.0], [0.0, 1.3573360018923502, 0.0, 0.0, 0.0, 1.3588295670273867, 0.0, 0.0, 1.0104184494914885, 0.0, 0.0, 0.0, 0.0, 0.0, 0.0, 0.0, 0.0, 0.0, 0.0, 0.0, 0.0, 0.0], [0.0, 0.0, 0.0, 0.0, 0.0, 0.0, 0.0, 1.0104184494914885, 0.0, 0.0, 0.0, 0.0, 0.0, 0.0, 0.0, 0.0, 0.0, 0.0, 0.0, 0.0, 0.0, 0.0], [0.0, 0.0, 0.0, 0.0, 1.0112482521115178, 0.0, 0.0, 0.0, 0.0, 0.0, 1.3549775740725138, 0.0, 0.0, 0.0, 0.0, 0.0, 0.0, 1.3578396729077253, 0.0, 0.0, 0.0, 0.0], [0.0, 0.0, 0.0, 0.0, 0.0, 0.0, 0.0, 0.0, 0.0, 1.3549775740725138, 0.0, 1.0051257167363474, 1.3973319375053785, 0.0, 0.0, 0.0, 0.0, 0.0, 0.0, 0.0, 0.0, 0.0], [0.0, 0.0, 0.0, 0.0, 0.0, 0.0, 0.0, 0.0, 0.0, 0.0, 1.0051257167363474, 0.0, 0.0, 0.0, 0.0, 0.0, 0.0, 0.0, 0.0, 0.0, 0.0, 0.0], [0.0, 0.0, 0.0, 0.0, 0.0, 0.0, 0.0, 0.0, 0.0, 0.0, 1.3973319375053785, 0.0, 0.0, 1.3962989718323588, 0.0, 0.0, 0.0, 0.0, 0.0, 0.0, 0.0, 0.9573883210083045], [0.0, 0.0, 0.0, 0.0, 0.0, 0.0, 0.0, 0.0, 0.0, 0.0, 0.0, 0.0, 1.3962989718323588, 0.0, 1.0138155053179585, 1.3512639644787874, 0.0, 0.0, 0.0, 0.0, 0.0, 0.0], [0.0, 0.0, 0.0, 0.0, 0.0, 0.0, 0.0, 0.0, 0.0, 0.0, 0.0, 0.0, 0.0, 1.0138155053179585, 0.0, 0.0, 0.0, 0.0, 0.0, 0.0, 0.0, 0.0], [0.0, 0.0, 0.0, 0.0, 0.0, 0.0, 0.0, 0.0, 0.0, 0.0, 0.0, 0.0, 0.0, 1.3512639644787874, 0.0, 0.0, 1.01439163232605, 1.3546538116788018, 0.0, 0.0, 0.0, 0.0], [0.0, 0.0, 0.0, 0.0, 0.0, 0.0, 0.0, 0.0, 0.0, 0.0, 0.0, 0.0, 0.0, 0.0, 0.0, 1.01439163232605, 0.0, 0.0, 0.0, 0.0, 0.0, 0.0], [0.0, 0.0, 0.0, 0.0, 0.0, 0.0, 0.0, 0.0, 0.0, 1.3578396729077253, 0.0, 0.0, 0.0, 0.0, 0.0, 1.3546538116788018, 0.0, 0.0, 1.0108620414651697, 0.0, 0.0, 0.0], [0.0, 0.0, 0.0, 0.0, 0.0, 0.0, 0.0, 0.0, 0.0, 0.0, 0.0, 0.0, 0.0, 0.0, 0.0, 0.0, 0.0, 1.0108620414651697, 0.0, 0.0, 0.0, 0.0], [0.0, 0.0, 0.9621038500792116, 0.0, 0.0, 0.0, 0.0, 0.0, 0.0, 0.0, 0.0, 0.0, 0.0, 0.0, 0.0, 0.0, 0.0, 0.0, 0.0, 0.0, 0.0, 0.0], [0.0, 0.0, 0.0, 0.9647628131002113, 0.0, 0.0, 0.0, 0.0, 0.0, 0.0, 0.0, 0.0, 0.0, 0.0, 0.0, 0.0, 0.0, 0.0, 0.0, 0.0, 0.0, 0.0], [0.0, 0.0, 0.0, 0.0, 0.0, 0.0, 0.0, 0.0, 0.0, 0.0, 0.0, 0.0, 0.9573883210083045, 0.0, 0.0, 0.0, 0.0, 0.0, 0.0, 0.0, 0.0, 0.0]], "Born radii": [], "Atomic SASAs": [], "Solvent H bonds": [], "Total SASA": NaN, "Total FOD": 0.0, "FOD": [0.0, 0.0, 0.0, 0.0, 0.0, 0.0, 0.0, 0.0, 0.0, 0.0, 0.0, 0.0, 0.0, 0.0, 0.0, 0.0, 0.0, 0.0, 0.0, 0.0, 0.0, 0.0], "FOD s proportion": [0.0, 0.0, 0.0, 0.0, 0.0, 0.0, 0.0, 0.0, 0.0, 0.0, 0.0, 0.0, 0.0, 0.0, 0.0, 0.0, 0.0, 0.0, 0.0, 0.0, 0.0, 0.0], "FOD p proportion": [0.0, 0.0, 0.0, 0.0, 0.0, 0.0, 0.0, 0.0, 0.0, 0.0, 0.0, 0.0, 0.0, 0.0, 0.0, 0.0, 0.0, 0.0, 0.0, 0.0, 0.0, 0.0], "FOD d proportion": [0.0, 0.0, 0.0, 0.0, 0.0, 0.0, 0.0, 0.0, 0.0, 0.0, 0.0, 0.0, 0.0, 0.0, 0.0, 0.0, 0.0, 0.0, 0.0, 0.0, 0.0, 0.0], "coordinates": [["-5.27580", "-0.04680", "0.18420"], ["-3.54540", "-0.06430", "0.18130"], ["-2.90850", "0.48430", "-0.93380"], ["-1.51650", "0.50530", "-1.00790"], ["-0.73240", "-0.02180", "0.03280"], ["-1.38530", "-0.57640", "1.15980"], ["-0.41790", "-1.23230", "2.45300"], ["-2.79170", "-0.59870", "1.23630"], ["-3.59290", "-1.28060", "2.62010"], ["0.74280", "0.02210", "-0.09140"], ["1.44700", "-1.04480", "-0.68520"], ["0.62910", "-2.43650", "-1.31350"], ["2.83770", "-1.02230", "-0.79370"], ["3.56040", "0.06890", "-0.31260"], ["5.28040", "0.01150", "-0.49250"], ["2.89790", "1.15160", "0.28070"], ["3.80850", "2.50990", "0.86910"], ["1.49250", "1.12520", "0.38880"], ["0.64810", "2.46650", "1.11920"], ["-3.49360", "0.89930", "-1.75240"], ["-1.04420", "0.93920", "-1.88880"], ["3.35990", "-1.85950", "-1.25360"]], "bond_dist": [[0.0, 1.7304909187857649, 2.671348067923759, 3.9822422465239358, 4.545990598318479, 4.045770849912288, 5.491088790030625, 2.753590534193492, 3.2074949197153844, 6.025300700380024, 6.851853778358088, 6.543822689376601, 8.230235167357005, 8.850911092650293, 10.578028182038466, 8.261649139245748, 9.462045729650644, 6.872068833328141, 6.502575881910184, 2.7967412483102545, 4.814142037788249, 8.940272066329973], [1.7304909187857649, 0.0, 1.3964424728573677, 2.419726432884511, 2.8172375654175843, 2.4260545480264866, 4.038081368670028, 1.4023808505538, 2.725690257531108, 4.297730737261235, 5.161032867556648, 5.028738423302609, 6.527813922746266, 7.124189293526667, 8.851807596191865, 6.557774627112463, 7.821727410872869, 5.18057939906339, 4.986987798260589, 2.1611117254783476, 3.398283051777765, 7.277695317887388], [2.671348067923759, 1.3964424728573677, 0.0, 1.3941290506979618, 2.4343097543246217, 2.7979248899854334, 4.5409490373709325, 2.4281402863096684, 4.026596649777576, 3.775613630921469, 4.622805319283952, 4.6032443439383055, 5.942077583640254, 6.511920900164558, 8.214400083998832, 5.969470705179815, 7.243727822744309, 4.639916439980357, 4.559970328850835, 1.088426832635065, 2.143495626307644, 6.699888733404459], [3.9822422465239358, 2.419726432884511, 1.3941290506979618, 0.0, 1.4055972787395399, 2.4261516069693583, 4.0254197954995945, 2.8073803946027693, 4.5456858415425065, 2.485536356603942, 3.359952016026419, 3.653926375831894, 4.619361540299698, 5.142839746676928, 6.834275763385612, 4.643826117545746, 5.991425135975581, 3.374778200119232, 3.613357581253203, 2.1490557600955817, 1.0896427442056411, 5.425119767341547], [4.545990598318479, 2.8172375654175843, 2.4343097543246217, 1.4055972787395399, 0.0, 1.4156230324489638, 2.7242592644607084, 2.453964618734345, 4.057235386319113, 1.4810698464285876, 2.5123370315306026, 3.0817173832134577, 3.7986466682227764, 4.3076280584563005, 6.03579429901318, 3.8232708588327875, 5.265802445022031, 2.5283443218833943, 3.0459287746104633, 3.4146141348620924, 2.1710105481088755, 4.666785353966904], [4.045770849912288, 2.4260545480264866, 2.7979248899854334, 2.4261516069693583, 1.4156230324489638, 0.0, 1.7431103837680504, 1.4086555647141001, 2.7389544519761553, 2.5401797771024, 3.412527926625656, 3.6925590394738443, 4.674261231467493, 5.2004155930079285, 6.892552371219243, 4.701553259296335, 6.048579388583736, 3.4309789273616937, 3.660000591530007, 3.8863257995181, 3.42160116465961, 5.476108856660905], [5.491088790030625, 4.038081368670028, 4.5409490373709325, 4.0254197954995945, 2.7242592644607084, 1.7431103837680504, 0.0, 2.7416663345491186, 3.179761044481173, 3.0650799679616845, 3.6553122301658445, 4.0905780630615025, 4.602617977846956, 5.016825260062384, 6.5340363926136815, 4.625623864950543, 5.863041617624763, 3.6699258916223365, 4.073880199514953, 5.6293017515496535, 4.894782036005281, 5.329543717805493], [2.753590534193492, 1.4023808505538, 2.4281402863096684, 2.8073803946027693, 2.453964618734345, 1.4086555647141001, 2.7416663345491186, 0.0, 1.7383358392439592, 3.8263390048452317, 4.675226748511776, 4.645520586543557, 5.999206724226129, 6.572210844152826, 8.27767430441667, 6.028952613016626, 7.30485248584802, 4.695152510834978, 4.608837976106342, 3.415991115328024, 3.896811859713014, 6.755101865257104], [3.2074949197153844, 2.725690257531108, 4.026596649777576, 4.5456858415425065, 4.057235386319113, 2.7389544519761553, 3.179761044481173, 1.7383358392439592, 0.0, 5.27707817167796, 6.031683159782185, 5.885116631809432, 7.2851469230208385, 7.848030353534573, 9.491746628518905, 7.31565949453636, 8.49791816917532, 6.05209604104231, 5.854873202726084, 4.886776110075026, 5.635029985723235, 7.980106812568363], [6.025300700380024, 4.297730737261235, 3.775613630921469, 2.485536356603942, 1.4810698464285876, 2.5401797771024, 3.0650799679616845, 3.8263390048452317, 5.27707817167796, 0.0, 1.4095288893811293, 2.7479392387751225, 2.4438908854529493, 2.8266569370901733, 4.555305404690228, 2.461439552375804, 4.0632776892553135, 1.4175583726958125, 2.7293977009589496, 4.634165059641273, 2.6953827501859546, 3.4264179269318564], [6.851853778358088, 5.161032867556648, 4.622805319283952, 3.359952016026419, 2.5123370315306026, 3.412527926625656, 3.6553122301658445, 4.675226748511776, 6.031683159782185, 1.4095288893811293, 0.0, 1.7322096264598001, 1.3951075191539897, 2.4177712898452572, 3.980936892240318, 2.803969789423559, 4.541852356693247, 2.4216618777195134, 4.027819293364587, 5.41553035352956, 3.4045537739915344, 2.15545843383722], [6.543822689376601, 5.028738423302609, 4.6032443439383055, 3.653926375831894, 3.0817173832134577, 3.6925590394738443, 4.0905780630615025, 4.645520586543557, 5.885116631809432, 2.7479392387751225, 1.7322096264598001, 0.0, 2.673587036174435, 3.9838862508861874, 5.319900063910976, 4.534687275876915, 6.272096944403842, 4.040914715754343, 5.473371839186518, 5.321357922560744, 3.8113322434550363, 2.791735239953818], [8.230235167357005, 6.527813922746266, 5.942077583640254, 4.619361540299698, 3.7986466682227764, 4.674261231467493, 4.602617977846956, 5.999206724226129, 7.2851469230208385, 2.4438908854529493, 1.3951075191539897, 2.673587036174435, 0.0, 1.3944425194320489, 2.6695031691309157, 2.4256546765770266, 4.022908564707878, 2.7963593367090716, 4.541504157214876, 6.68558239347927, 4.4850723372092896, 1.0886251375014266], [8.850911092650293, 7.124189293526667, 6.511920900164558, 5.142839746676928, 4.3076280584563005, 5.2004155930079285, 5.016825260062384, 6.572210844152826, 7.848030353534573, 2.8266569370901733, 2.4177712898452572, 3.9838862508861874, 1.3944425194320489, 0.0, 1.7303348722140466, 1.4011247018020916, 2.7233159016169974, 2.425683833478716, 4.034851706072975, 7.2471721519500285, 4.9441045387410645, 2.155088817195245], [10.578028182038466, 8.851807596191865, 8.214400083998832, 6.834275763385612, 6.03579429901318, 6.892552371219243, 6.5340363926136815, 8.27767430441667, 9.491746628518905, 4.555305404690228, 3.980936892240318, 5.319900063910976, 2.6695031691309157, 1.7303348722140466, 0.0, 2.7520851185964434, 3.20350538160934, 4.045392909224023, 5.484779410331832, 8.908345124095721, 6.5429997814458165, 2.7871552629876937], [8.261649139245748, 6.557774627112463, 5.969470705179815, 4.643826117545746, 3.8232708588327875, 4.701553259296335, 4.625623864950543, 6.028952613016626, 7.31565949453636, 2.461439552375804, 2.803969789423559, 4.534687275876915, 2.4256546765770266, 1.4011247018020916, 2.7520851185964434, 0.0, 1.7379257205070648, 1.4097984714135563, 2.73745215483303, 6.711812210573236, 4.50466385205378, 3.4109007168195324], [9.462045729650644, 7.821727410872869, 7.243727822744309, 5.991425135975581, 5.265802445022031, 6.048579388583736, 5.863041617624763, 7.30485248584802, 8.49791816917532, 4.0632776892553135, 4.541852356693247, 6.272096944403842, 4.022908564707878, 2.7233159016169974, 3.20350538160934, 1.7379257205070648, 0.0, 2.740791524359341, 3.1705775073320632, 7.923822248132526, 5.798431528439394, 4.878396622866984], [6.872068833328141, 5.18057939906339, 4.639916439980357, 3.374778200119232, 2.5283443218833943, 3.4309789273616937, 3.6699258916223365, 4.695152510834978, 6.05209604104231, 1.4175583726958125, 2.4216618777195134, 4.040914715754343, 2.7963593367090716, 2.425683833478716, 4.045392909224023, 1.4097984714135563, 2.740791524359341, 0.0, 1.7451593652156812, 5.431110518116897, 3.4142209433485697, 3.8849832187539755], [6.502575881910184, 4.986987798260589, 4.559970328850835, 3.613357581253203, 3.0459287746104633, 3.660000591530007, 4.073880199514953, 4.608837976106342, 5.854873202726084, 2.7293977009589496, 4.027819293364587, 5.473371839186518, 4.541504157214876, 4.034851706072975, 5.484779410331832, 2.73745215483303, 3.1705775073320632, 1.7451593652156812, 0.0, 5.277867115606455, 3.7742003894864933, 5.630125671776786], [2.7967412483102545, 2.1611117254783476, 1.088426832635065, 2.1490557600955817, 3.4146141348620924, 3.8863257995181, 5.6293017515496535, 3.415991115328024, 4.886776110075026, 4.634165059641273, 5.41553035352956, 5.321357922560744, 6.68558239347927, 7.2471721519500285, 8.908345124095721, 6.711812210573236, 7.923822248132526, 5.431110518116897, 5.277867115606455, 0.0, 2.4535193763245484, 7.404744501331562], [4.814142037788249, 3.398283051777765, 2.143495626307644, 1.0896427442056411, 2.1710105481088755, 3.42160116465961, 4.894782036005281, 3.896811859713014, 5.635029985723235, 2.6953827501859546, 3.4045537739915344, 3.8113322434550363, 4.4850723372092896, 4.9441045387410645, 6.5429997814458165, 4.50466385205378, 5.798431528439394, 3.4142209433485697, 3.7742003894864933, 2.4535193763245484, 0.0, 5.256643181727289], [8.940272066329973, 7.277695317887388, 6.699888733404459, 5.425119767341547, 4.666785353966904, 5.476108856660905, 5.329543717805493, 6.755101865257104, 7.980106812568363, 3.4264179269318564, 2.15545843383722, 2.791735239953818, 1.0886251375014266, 2.155088817195245, 2.7871552629876937, 3.4109007168195324, 4.878396622866984, 3.8849832187539755, 5.630125671776786, 7.404744501331562, 5.256643181727289, 0.0]]}