{"total energy": -22.10344264, "HOMO-LUMO gap/eV": 5.03568002, "electronic energy": -22.45121615, "dipole": [0.0180066, -0.01279048, 0.00117517], "partial charges": [-0.09842532, -0.04996553, -0.05230641, -0.05493967, -0.04510994, -0.0421149, -0.09956129, 0.03131904, 0.03512918, 0.02861569, 0.02576846, 0.03074937, 0.02774943, 0.0272951, 0.03468774, 0.03266322, 0.02716702, 0.02555419, 0.0350531, 0.03998249, 0.04068904], "atomic dipole moments": [[0.02123266, 0.03525461, -0.09290692], [0.00428326, 0.06148147, 0.09077814], [0.06006975, -0.07670796, 0.05595], [-0.02883877, -0.04877438, -0.07880437], [-0.1153395, 0.08875811, -0.00452586], [0.1236646, -0.09016718, 0.00802889], [-0.04913463, 0.02658742, 0.02269101], [-0.08924016, 0.06815045, 0.05661905], [0.10048196, -0.00660371, 0.07592085], [-0.04365722, -0.11607394, -0.01032865], [-0.09668602, -0.01325233, -0.07059431], [0.0851775, -0.07440214, -0.05386486], [-0.09146328, 0.06958012, 0.0409274], [0.01142164, 0.03737895, -0.11582334], [-0.01948221, -0.01981032, 0.12374112], [0.01840026, 0.12039674, -0.00199492], [0.0436325, 0.03204161, -0.14094617], [-0.0408052, -0.03119924, 0.14074631], [0.02888838, 0.03120533, -0.12135747], [0.10149962, 0.0318264, 0.07020809], [-0.01581452, -0.12639859, 0.00141589]], "atomic quadrupole moments": [[-0.10640579, 0.03643728, -0.0613772, -0.06994387, -0.10254128, 0.167783], [-0.17755366, 0.10197352, 0.11422815, -0.0551043, -0.09957714, 0.06332552], [0.02243872, 0.11899728, 0.08642702, 0.13928438, 0.02933392, -0.10886574], [0.16944138, -0.05966232, -0.1001822, 0.07757185, 0.05760019, -0.06925917], [0.07463767, 0.30133235, 0.16053319, 0.03942112, 0.31049029, -0.23517086], [0.08274201, 0.30195753, 0.15827844, 0.03013622, 0.30402087, -0.24102045], [0.09052792, -0.11670031, -0.03122326, -0.06385143, 0.02664836, -0.05930466], [0.01158978, -0.05907826, 0.00477155, -0.0331067, 0.02056453, -0.01636133], [0.05128045, 0.0092825, -0.05066274, 0.04754637, -0.00200303, -0.00061771], [-0.03954184, 0.0443684, 0.06395176, 0.00595914, 0.01442073, -0.02440992], [0.03166254, 0.01199338, -0.02405872, 0.04182375, -0.01497299, -0.00760382], [0.0251087, -0.03791502, -0.00370701, -0.03091337, -0.00160279, -0.02140169], [0.02893086, -0.01991601, -0.00768595, -0.02828242, 0.03553531, -0.02124491], [-0.02926223, 0.02619265, -0.02233572, -0.01776556, -0.01400075, 0.05159795], [-0.01204649, 0.00087209, -0.02854238, -0.01097956, -0.0416674, 0.04058887], [-0.0222457, 0.01346936, 0.06066247, 0.00240108, -0.01614359, -0.03841677], [-0.00468374, -0.04261981, -0.01755061, -0.01178493, -0.02630256, 0.02223435], [8.369e-05, -0.04302635, -0.02095937, -0.01274351, -0.02758964, 0.02087568], [-0.03557982, -0.00714252, -0.03051222, -0.01444835, -0.04138118, 0.06609204], [0.03393811, 0.02136557, -0.04186268, 0.05501192, 0.02406733, 0.00792457], [-0.03791759, 0.01892389, 0.08178187, -0.01020899, -0.00873228, -0.04386428]], "number of molecular orbitals": 42, "number of electrons": 42, "number of unpaired electrons": 0, "orbital energies/eV": [-16.86595917, -16.63728275, -16.32728149, -15.90172819, -15.4767889, -14.86508845, -14.59171381, -13.81943946, -13.73990814, -13.46834938, -13.07222563, -13.05826001, -12.73555813, -12.67436858, -12.32732501, -11.92356158, -11.77405126, -11.61241897, -11.39089085, -11.33011474, -10.30066627, -5.26498624, 2.42377006, 2.51524083, 2.91351655, 3.23357837, 3.69622229, 4.18717002, 4.28856629, 4.55684678, 4.79757546, 4.98261293, 5.37999623, 6.0176188, 6.12122711, 6.33649675, 6.48031562, 7.16309112, 7.74250941, 7.97194762, 10.99440122, 16.22191995], "fractional occupation": [2.0, 2.0, 2.0, 2.0, 2.0, 2.0, 2.0, 2.0, 2.0, 2.0, 2.0, 2.0, 2.0, 2.0, 2.0, 2.0, 2.0, 2.0, 2.0, 2.0, 2.0, 0.0, 0.0, 0.0, 0.0, 0.0, 0.0, 0.0, 0.0, 0.0, 0.0, 0.0, 0.0, 0.0, 0.0, 0.0, 0.0, 0.0, 0.0, 0.0, 0.0, 0.0], "program call": "xtb /home/svss/Project-DBcg-Debug/aqme2_20220329/End-to-End-workflows-final/example-3/QDESCP/mol_822_rdkit_conf_5/mol_822_rdkit_conf_5.xyz --pop --wbo --acc 0.2 --gfn 2 --chrg 0 --uhf 0 --etemp 300 --input /home/svss/Project-DBcg-Debug/aqme2_20220329/End-to-End-workflows-final/example-3/QDESCP/mol_822_rdkit_conf_5/mol_822_rdkit_conf_5_xtb.inp", "method": "GFN2-xTB", "xtb version": "6.3.3 (7355c4f)", "Dipole module/D": 0.056, "Total charge": 0, "Transition dipole module/D": NaN, "HOMO": -10.3007, "LUMO": -5.265, "HOMO occupancy": 2.0, "LUMO occupancy": 0, "mulliken charges": [-0.08458, -0.03905, -0.04343, -0.04039, -0.04959, -0.03878, -0.07797, 0.02594, 0.02706, 0.02756, 0.02235, 0.02281, 0.02351, 0.024, 0.0256, 0.0299, 0.02352, 0.02283, 0.02991, 0.03426, 0.03453], "cm5 charges": [-0.23495, -0.15089, -0.15288, -0.14654, -0.11186, -0.10302, -0.22372, 0.07738, 0.0791, 0.07834, 0.07656, 0.07811, 0.07821, 0.07867, 0.08165, 0.08454, 0.07986, 0.07874, 0.08155, 0.08543, 0.08571], "FUKUI+": [0.014, 0.012, 0.01, 0.023, -0.148, -0.151, 0.049, -0.023, 0.012, -0.028, -0.038, 0.007, -0.053, -0.031, -0.056, -0.08, -0.133, -0.135, -0.066, -0.092, -0.093], "FUKUI-": [0.019, 0.004, 0.001, 0.004, -0.056, -0.065, 0.025, -0.049, -0.044, -0.064, -0.091, -0.037, -0.059, -0.047, -0.05, -0.104, -0.072, -0.069, -0.056, -0.098, -0.094], "FUKUIrad": [0.016, 0.008, 0.006, 0.014, -0.102, -0.108, 0.037, -0.036, -0.016, -0.046, -0.065, -0.015, -0.056, -0.039, -0.053, -0.092, -0.102, -0.102, -0.061, -0.095, -0.093], "s proportion": [1.007, 1.026, 1.032, 1.027, 1.069, 1.065, 1.003, 0.974, 0.973, 0.972, 0.978, 0.977, 0.976, 0.976, 0.974, 0.97, 0.976, 0.977, 0.97, 0.966, 0.965], "p proportion": [3.078, 3.013, 3.012, 3.014, 2.981, 2.974, 3.075, 0.0, 0.0, 0.0, 0.0, 0.0, 0.0, 0.0, 0.0, 0.0, 0.0, 0.0, 0.0, 0.0, 0.0], "d proportion": [0.0, 0.0, 0.0, 0.0, 0.0, 0.0, 0.0, 0.0, 0.0, 0.0, 0.0, 0.0, 0.0, 0.0, 0.0, 0.0, 0.0, 0.0, 0.0, 0.0, 0.0], "Fermi-level/eV": -7.7828, "Coordination numbers": [3.749, 3.798, 3.8, 3.803, 2.888, 2.886, 3.753, 0.924, 0.924, 0.924, 0.924, 0.924, 0.924, 0.924, 0.924, 0.924, 0.925, 0.925, 0.924, 0.924, 0.924], "Dispersion coefficient C6": [22.445, 21.473, 21.514, 21.56, 29.118, 29.044, 22.46, 2.568, 2.515, 2.606, 2.648, 2.576, 2.619, 2.625, 2.521, 2.549, 2.627, 2.65, 2.516, 2.449, 2.44], "Total dispersion C6": 3193.303143, "Total dispersion C8": 68301.145675, "Polarizability alpha": [6.757, 6.598, 6.604, 6.611, 8.847, 8.835, 6.758, 2.506, 2.48, 2.525, 2.545, 2.51, 2.531, 2.534, 2.483, 2.497, 2.535, 2.546, 2.48, 2.447, 2.443], "Total polarizability alpha": 86.070492, "Wiberg matrix": [[0.0, 1.0211099017181935, 0.0, 0.0, 0.0, 0.0, 0.0, 0.98749780008925, 0.9858835605536055, 0.9874490921522091, 0.0, 0.0, 0.0, 0.0, 0.0, 0.0, 0.0, 0.0, 0.0, 0.0, 0.0], [1.0211099017181935, 0.0, 1.0073985351662915, 0.0, 0.0, 0.0, 0.0, 0.0, 0.0, 0.0, 0.9779736758284466, 0.9775375006279474, 0.0, 0.0, 0.0, 0.0, 0.0, 0.0, 0.0, 0.0, 0.0], [0.0, 1.0073985351662915, 0.0, 0.9937101768177562, 0.0, 0.0, 0.0, 0.0, 0.0, 0.0, 0.0, 0.0, 0.9768350088776954, 0.9778766038826523, 0.0, 0.0, 0.0, 0.0, 0.0, 0.0, 0.0], [0.0, 0.0, 0.9937101768177562, 0.0, 1.0259581695116065, 0.0, 0.0, 0.0, 0.0, 0.0, 0.0, 0.0, 0.0, 0.0, 0.97373828187935, 0.962088156595925, 0.0, 0.0, 0.0, 0.0, 0.0], [0.0, 0.0, 0.0, 1.0259581695116065, 0.0, 1.923525417276807, 0.0, 0.0, 0.0, 0.0, 0.0, 0.0, 0.0, 0.0, 0.0, 0.0, 0.9660108691443237, 0.0, 0.0, 0.0, 0.0], [0.0, 0.0, 0.0, 0.0, 1.923525417276807, 0.0, 1.0393706352725938, 0.0, 0.0, 0.0, 0.0, 0.0, 0.0, 0.0, 0.0, 0.0, 0.0, 0.9663308334781382, 0.0, 0.0, 0.0], [0.0, 0.0, 0.0, 0.0, 0.0, 1.0393706352725938, 0.0, 0.0, 0.0, 0.0, 0.0, 0.0, 0.0, 0.0, 0.0, 0.0, 0.0, 0.0, 0.9855888360803357, 0.9717531442502886, 0.9715454962797216], [0.98749780008925, 0.0, 0.0, 0.0, 0.0, 0.0, 0.0, 0.0, 0.0, 0.0, 0.0, 0.0, 0.0, 0.0, 0.0, 0.0, 0.0, 0.0, 0.0, 0.0, 0.0], [0.9858835605536055, 0.0, 0.0, 0.0, 0.0, 0.0, 0.0, 0.0, 0.0, 0.0, 0.0, 0.0, 0.0, 0.0, 0.0, 0.0, 0.0, 0.0, 0.0, 0.0, 0.0], [0.9874490921522091, 0.0, 0.0, 0.0, 0.0, 0.0, 0.0, 0.0, 0.0, 0.0, 0.0, 0.0, 0.0, 0.0, 0.0, 0.0, 0.0, 0.0, 0.0, 0.0, 0.0], [0.0, 0.9779736758284466, 0.0, 0.0, 0.0, 0.0, 0.0, 0.0, 0.0, 0.0, 0.0, 0.0, 0.0, 0.0, 0.0, 0.0, 0.0, 0.0, 0.0, 0.0, 0.0], [0.0, 0.9775375006279474, 0.0, 0.0, 0.0, 0.0, 0.0, 0.0, 0.0, 0.0, 0.0, 0.0, 0.0, 0.0, 0.0, 0.0, 0.0, 0.0, 0.0, 0.0, 0.0], [0.0, 0.0, 0.9768350088776954, 0.0, 0.0, 0.0, 0.0, 0.0, 0.0, 0.0, 0.0, 0.0, 0.0, 0.0, 0.0, 0.0, 0.0, 0.0, 0.0, 0.0, 0.0], [0.0, 0.0, 0.9778766038826523, 0.0, 0.0, 0.0, 0.0, 0.0, 0.0, 0.0, 0.0, 0.0, 0.0, 0.0, 0.0, 0.0, 0.0, 0.0, 0.0, 0.0, 0.0], [0.0, 0.0, 0.0, 0.97373828187935, 0.0, 0.0, 0.0, 0.0, 0.0, 0.0, 0.0, 0.0, 0.0, 0.0, 0.0, 0.0, 0.0, 0.0, 0.0, 0.0, 0.0], [0.0, 0.0, 0.0, 0.962088156595925, 0.0, 0.0, 0.0, 0.0, 0.0, 0.0, 0.0, 0.0, 0.0, 0.0, 0.0, 0.0, 0.0, 0.0, 0.0, 0.0, 0.0], [0.0, 0.0, 0.0, 0.0, 0.9660108691443237, 0.0, 0.0, 0.0, 0.0, 0.0, 0.0, 0.0, 0.0, 0.0, 0.0, 0.0, 0.0, 0.0, 0.0, 0.0, 0.0], [0.0, 0.0, 0.0, 0.0, 0.0, 0.9663308334781382, 0.0, 0.0, 0.0, 0.0, 0.0, 0.0, 0.0, 0.0, 0.0, 0.0, 0.0, 0.0, 0.0, 0.0, 0.0], [0.0, 0.0, 0.0, 0.0, 0.0, 0.0, 0.9855888360803357, 0.0, 0.0, 0.0, 0.0, 0.0, 0.0, 0.0, 0.0, 0.0, 0.0, 0.0, 0.0, 0.0, 0.0], [0.0, 0.0, 0.0, 0.0, 0.0, 0.0, 0.9717531442502886, 0.0, 0.0, 0.0, 0.0, 0.0, 0.0, 0.0, 0.0, 0.0, 0.0, 0.0, 0.0, 0.0, 0.0], [0.0, 0.0, 0.0, 0.0, 0.0, 0.0, 0.9715454962797216, 0.0, 0.0, 0.0, 0.0, 0.0, 0.0, 0.0, 0.0, 0.0, 0.0, 0.0, 0.0, 0.0, 0.0]], "Born radii": [], "Atomic SASAs": [], "Solvent H bonds": [], "Total SASA": NaN, "Total FOD": 0.0, "FOD": [0.0, 0.0, 0.0, 0.0, 0.0, 0.0, 0.0, 0.0, 0.0, 0.0, 0.0, 0.0, 0.0, 0.0, 0.0, 0.0, 0.0, 0.0, 0.0, 0.0, 0.0], "FOD s proportion": [0.0, 0.0, 0.0, 0.0, 0.0, 0.0, 0.0, 0.0, 0.0, 0.0, 0.0, 0.0, 0.0, 0.0, 0.0, 0.0, 0.0, 0.0, 0.0, 0.0, 0.0], "FOD p proportion": [0.0, 0.0, 0.0, 0.0, 0.0, 0.0, 0.0, 0.0, 0.0, 0.0, 0.0, 0.0, 0.0, 0.0, 0.0, 0.0, 0.0, 0.0, 0.0, 0.0, 0.0], "FOD d proportion": [0.0, 0.0, 0.0, 0.0, 0.0, 0.0, 0.0, 0.0, 0.0, 0.0, 0.0, 0.0, 0.0, 0.0, 0.0, 0.0, 0.0, 0.0, 0.0, 0.0, 0.0], "coordinates": [["-2.12670", "-0.95780", "0.66650"], ["-1.78260", "-0.41570", "-0.71210"], ["-1.36740", "1.05910", "-0.70270"], ["-0.10430", "1.37880", "0.10390"], ["1.12280", "0.69580", "-0.43050"], ["1.86960", "-0.16470", "0.27850"], ["3.09170", "-0.84170", "-0.25050"], ["-2.89600", "-0.34640", "1.14850"], ["-1.24850", "-0.98680", "1.31790"], ["-2.51010", "-1.97990", "0.58280"], ["-2.66470", "-0.51990", "-1.35570"], ["-0.99650", "-1.03240", "-1.16180"], ["-2.19530", "1.65930", "-0.30500"], ["-1.22320", "1.38450", "-1.74110"], ["-0.26160", "1.13780", "1.16140"], ["0.06950", "2.46130", "0.06200"], ["1.40470", "0.93860", "-1.45330"], ["1.59200", "-0.40590", "1.30230"], ["3.30970", "-0.55480", "-1.28400"], ["3.95770", "-0.58190", "0.36590"], ["2.95920", "-1.92740", "-0.21830"]], "bond_dist": [[0.0, 1.5207942595893766, 2.553258847042344, 3.1410698941602684, 3.807499469468118, 4.0926721466543095, 5.299628927575967, 1.0945119688701443, 1.0937998902907242, 1.0948468660045567, 2.1378711958394496, 2.1507203653659857, 2.7924416950045705, 3.4783932066401, 2.848695031062469, 4.108401088014655, 4.534387605840506, 3.8128158806845107, 5.789758562323648, 6.10340761624193, 5.252558805953533], [1.5207942595893766, 0.0, 1.5321600569131149, 2.5889722169231555, 3.123472421840795, 3.7924733618049316, 4.9146058895907405, 2.1693995505669306, 2.175389165184014, 2.1570219980334, 1.0968951681906525, 1.095674308359925, 2.1544550819174675, 2.14767069170299, 2.8699835365381454, 3.5080812732888615, 3.541523290901812, 3.9301181356290047, 5.126201099254691, 5.843008688167424, 5.00137406819366], [2.553258847042344, 1.5321600569131149, 0.0, 1.532394616278718, 2.531239966893696, 3.5970277841573592, 4.868377377525287, 2.7819039613185783, 2.8779625397145114, 3.491961417312625, 2.145375792256452, 2.1731801282912557, 1.097189017444123, 1.097703675861569, 2.1688375088973357, 2.1483976680307584, 2.8744493420479684, 3.8631979447085025, 4.981751429969182, 5.673753340602674, 5.279516376525411], [3.1410698941602684, 2.5889722169231555, 1.532394616278718, 0.0, 1.5026133135307966, 2.5118038577882627, 3.9077660638784404, 3.443993770319569, 2.8946593927438165, 4.159096601426805, 3.5058725033862825, 2.8656417727971513, 2.14899056768521, 2.1577754053654425, 1.0959610120802654, 1.0971637525911981, 2.212629404125327, 2.738384622364068, 4.161787040443084, 4.5180562734432606, 4.518827672084874], [3.807499469468118, 3.123472421840795, 2.531239966893696, 1.5026133135307966, 0.0, 1.3419580805673477, 2.504570514080209, 4.441866193392142, 3.392802530357462, 4.62429559933186, 4.084002666502557, 2.8307079361884013, 3.457436927841201, 2.7741117587436883, 2.1554751146788957, 2.113997963575178, 1.0883654211706655, 2.1062970754383152, 2.659886129141621, 3.209895365895904, 3.209138831524744], [4.0926721466543095, 3.7924733618049316, 3.5970277841573592, 2.5118038577882627, 1.3419580805673477, 0.0, 1.4938870137999058, 4.847768378336573, 3.388030162203401, 4.750718010995811, 4.832872145008597, 3.322934936167122, 4.493424113079022, 4.005523266690633, 2.6491568658726115, 3.1910982842902222, 2.1053584350414063, 1.0878444925631605, 2.1604333523624373, 2.1311631120118424, 2.130997346314631], [5.299628927575967, 4.9146058895907405, 4.868377377525287, 3.9077660638784404, 2.504570514080209, 1.4938870137999058, 0.0, 6.168879507657772, 4.617171061375135, 5.776681691940452, 5.8703631267580025, 4.192876509032909, 5.848960612792669, 5.078997618625156, 4.142040891879268, 4.487890160197773, 2.7316963465949136, 2.2023191344580373, 1.0945126129926508, 1.0942581962224456, 1.094229217303212], [1.0945119688701443, 2.1693995505669306, 2.7819039613185783, 3.443993770319569, 4.441866193392142, 4.847768378336573, 6.168879507657772, 0.0, 1.775687126157083, 1.771230518594347, 2.520837079225867, 3.0685798571977885, 2.5741940933037664, 3.7608593180282615, 3.0237525378244827, 4.225855154876939, 5.188121888506476, 4.491028689509787, 6.668672978936664, 6.902255189429032, 6.216998494450517], [1.0937998902907242, 2.175389165184014, 2.8779625397145114, 2.8946593927438165, 3.392802530357462, 3.388030162203401, 4.617171061375135, 1.775687126157083, 0.0, 1.765857916141613, 3.0613322279687316, 2.492888976669439, 3.2453166039694805, 3.870553549558513, 2.347847742082097, 3.899205357505552, 4.292573218944553, 2.8993324093659907, 5.266279032675727, 5.307990811031986, 4.577049059164649], [1.0948468660045567, 2.1570219980334, 3.491961417312625, 4.159096601426805, 4.62429559933186, 4.750718010995811, 5.776681691940452, 1.771230518594347, 1.765857916141613, 0.0, 2.4317243696603446, 2.4964715840561853, 3.759130819750757, 4.286701550143187, 3.887233399218524, 5.1623469701289935, 5.290463543017757, 4.45223322165405, 6.275820606900742, 6.620716460474652, 5.527907375309395], [2.1378711958394496, 1.0968951681906525, 2.145375792256452, 3.5058725033862825, 4.084002666502557, 4.832872145008597, 5.8703631267580025, 2.520837079225867, 3.0613322279687316, 2.4317243696603446, 0.0, 1.7558885784696017, 2.464390287677664, 2.4193376717605997, 3.8546921161099235, 4.286405996869639, 4.323975528376635, 5.019706653779681, 5.974932155263355, 6.842801496463272, 5.907874932664028], [2.1507203653659857, 1.095674308359925, 2.1731801282912557, 2.8656417727971513, 2.8307079361884013, 3.322934936167122, 4.192876509032909, 3.0685798571977885, 2.492888976669439, 2.4964715840561853, 1.7558885784696017, 0.0, 3.0686277991962467, 2.495673654547004, 3.262990084263205, 3.8522697374405133, 3.1201882459236336, 3.62830860181435, 4.334327288057513, 5.203932664821865, 4.163986039842112], [2.7924416950045705, 2.1544550819174675, 1.097189017444123, 2.14899056768521, 3.457436927841201, 4.493424113079022, 5.848960612792669, 2.5741940933037664, 3.2453166039694805, 3.759130819750757, 2.464390287677664, 3.0686277991962467, 0.0, 1.7558122507830956, 2.482234255665649, 2.4304756818367883, 3.8468170452986192, 4.603488418579979, 6.013792880537207, 6.582742076824824, 6.280191400745681], [3.4783932066401, 2.14767069170299, 1.097703675861569, 2.1577754053654425, 2.7741117587436883, 4.005523266690633, 5.078997618625156, 3.7608593180282615, 3.870553549558513, 4.286701550143187, 2.4193376717605997, 2.495673654547004, 1.7558122507830956, 0.0, 3.0675791269338104, 2.4661186386708973, 2.680953945893141, 4.515879400515474, 4.951465168008354, 5.928566670789829, 5.547979020328033], [2.848695031062469, 2.8699835365381454, 2.1688375088973357, 1.0959610120802654, 2.1554751146788957, 2.6491568658726115, 4.142040891879268, 3.0237525378244827, 2.347847742082097, 3.887233399218524, 3.8546921161099235, 3.262990084263205, 2.482234255665649, 3.0675791269338104, 0.0, 1.7521300807873827, 3.1069104299931145, 2.4163392683975484, 4.647478844491926, 4.625222246552051, 4.655381377502814], [4.108401088014655, 3.5080812732888615, 2.1483976680307584, 1.0971637525911981, 2.113997963575178, 3.1910982842902222, 4.487890160197773, 4.225855154876939, 3.899205357505552, 5.1623469701289935, 4.286405996869639, 3.8522697374405133, 2.4304756818367883, 2.4661186386708973, 1.7521300807873827, 0.0, 2.529329638461543, 3.475224622956047, 4.626820857781291, 4.9468697870471585, 5.262092917271606], [4.534387605840506, 3.541523290901812, 2.8744493420479684, 2.212629404125327, 1.0883654211706655, 2.1053584350414063, 2.7316963465949136, 5.188121888506476, 4.292573218944553, 5.290463543017757, 4.323975528376635, 3.1201882459236336, 3.8468170452986192, 2.680953945893141, 3.1069104299931145, 2.529329638461543, 0.0, 3.0718224069760285, 2.4265059344662645, 3.4841380411803433, 3.486495554277963], [3.8128158806845107, 3.9301181356290047, 3.8631979447085025, 2.738384622364068, 2.1062970754383152, 1.0878444925631605, 2.2023191344580373, 4.491028689509787, 2.8993324093659907, 4.45223322165405, 5.019706653779681, 3.62830860181435, 4.603488418579979, 4.515879400515474, 2.4163392683975484, 3.475224622956047, 3.0718224069760285, 0.0, 3.1083133995786203, 2.5503641798770618, 2.548808044949639], [5.789758562323648, 5.126201099254691, 4.981751429969182, 4.161787040443084, 2.659886129141621, 2.1604333523624373, 1.0945126129926508, 6.668672978936664, 5.266279032675727, 6.275820606900742, 5.974932155263355, 4.334327288057513, 6.013792880537207, 4.951465168008354, 4.647478844491926, 4.626820857781291, 2.4265059344662645, 3.1083133995786203, 0.0, 1.7727967791035724, 1.7727372901814866], [6.10340761624193, 5.843008688167424, 5.673753340602674, 4.5180562734432606, 3.209895365895904, 2.1311631120118424, 1.0942581962224456, 6.902255189429032, 5.307990811031986, 6.620716460474652, 6.842801496463272, 5.203932664821865, 6.582742076824824, 5.928566670789829, 4.625222246552051, 4.9468697870471585, 3.4841380411803433, 2.5503641798770618, 1.7727967791035724, 0.0, 1.7744469955453728], [5.252558805953533, 5.00137406819366, 5.279516376525411, 4.518827672084874, 3.209138831524744, 2.130997346314631, 1.094229217303212, 6.216998494450517, 4.577049059164649, 5.527907375309395, 5.907874932664028, 4.163986039842112, 6.280191400745681, 5.547979020328033, 4.655381377502814, 5.262092917271606, 3.486495554277963, 2.548808044949639, 1.7727372901814866, 1.7744469955453728, 0.0]]}