{"total energy": -31.63786037, "HOMO-LUMO gap/eV": 12.4771786, "electronic energy": -32.09618152, "dipole": [0.01992902, -0.00246863, 0.00300218], "partial charges": [-0.09988805, -0.05174466, -0.05817508, -0.05783729, -0.05992555, -0.01814256, -0.05825338, -0.05511118, -0.05585725, -0.05808043, 0.0320826, 0.03095006, 0.03207921, 0.02821579, 0.02827425, 0.02933219, 0.02943419, 0.02792068, 0.03062647, 0.02919222, 0.02849447, 0.02975538, 0.02461337, 0.03055403, 0.02641442, 0.0264713, 0.02673738, 0.02572913, 0.03045804, 0.02568025], "atomic dipole moments": [[-0.09163464, 0.00390236, -0.04187199], [0.01633414, -0.00390515, 0.10889995], [-0.01772369, 0.00372354, -0.10802854], [0.0163289, -0.00357581, 0.10854014], [-0.01595877, 0.00927361, -0.10598615], [-0.0019705, -0.07927216, 0.04789334], [-0.00902434, -0.01379112, -0.11102172], [0.10809272, -0.04339568, -0.02302918], [0.06979548, 0.05412041, 0.08091867], [-0.07115114, 0.07864532, 0.04761041], [0.01492822, -0.1047497, 0.06820495], [0.08770805, 0.00039203, -0.08834445], [0.02062778, 0.099183, 0.07474788], [-0.01077534, -0.09589671, -0.07692374], [-0.00527682, 0.10107913, -0.07064082], [0.0143544, 0.09582296, 0.07735754], [0.00879727, -0.10128271, 0.07114342], [-0.00864357, 0.10142456, -0.07079638], [-0.01316479, -0.09658598, -0.07793297], [0.01016889, -0.10178843, 0.07055261], [0.01718708, 0.09161476, 0.07972295], [-0.00869282, 0.10641154, -0.06837492], [-0.00711482, 0.11191456, 0.06016623], [0.01108857, -0.09147, 0.08659364], [-0.08958622, -0.05723267, 0.07025573], [-0.04540933, 0.10664869, -0.04611182], [-0.04857002, -0.11658102, 0.01029276], [-0.03914616, 0.05293743, -0.1074164], [0.03077139, -0.11257124, 0.04807573], [0.04853608, 0.00775929, -0.11789027]], "atomic quadrupole moments": [[0.17813056, -0.01263063, -0.12818339, 0.12612849, -0.00605481, -0.04994717], [0.22974522, -0.01223257, -0.23503553, -0.02389155, -0.00690043, 0.00529031], [0.23021689, -0.0122071, -0.24306671, -0.03487169, -0.00624006, 0.01284982], [0.22423519, -0.00934301, -0.24081748, -0.03295834, -0.00947509, 0.0165823], [0.21966262, -0.02038048, -0.22150546, -0.04114525, -0.01349893, 0.00184284], [0.14890882, 0.02925308, -0.14734893, -0.00928475, 0.15380869, -0.00155989], [0.2122521, 0.04050707, -0.23959636, -0.01595319, 0.06109011, 0.02734426], [0.0603109, -0.00442747, -0.1278975, 0.07667837, 0.19525395, 0.0675866], [0.15291374, -0.06742705, -0.12207313, -0.05285178, 0.1743126, -0.03084061], [0.15747352, 0.05230405, -0.04380695, 0.05829152, 0.17131535, -0.11366657], [-0.03310117, 0.00441901, 0.04561464, 0.00959626, -0.05713887, -0.01251346], [0.02180312, -0.00038458, -0.0549712, -0.05501518, -0.00128685, 0.03316808], [-0.03337805, -0.00091749, 0.03837468, 0.01270143, 0.05976755, -0.00499663], [-0.0158564, 0.00991033, 0.02948125, 0.00336358, 0.04246421, -0.01362485], [-0.01682025, -0.00731144, 0.03573804, 0.00053392, -0.0394074, -0.01891779], [-0.01977143, 0.00791367, 0.03173169, 0.00251492, 0.04150401, -0.01196026], [-0.02067051, -0.00477984, 0.03774697, -0.00037064, -0.0383418, -0.01707646], [-0.02027689, -0.00544496, 0.03768294, 4.377e-05, -0.03874619, -0.01740605], [-0.01708994, 0.00998139, 0.02988965, 0.0042857, 0.04078716, -0.01279971], [-0.02010959, -0.00377312, 0.04205958, -0.0059188, -0.037653, -0.02194998], [-0.01681067, 0.01169228, 0.02859594, 0.0029162, 0.04555887, -0.01178526], [-0.02001253, 0.00071951, 0.01759172, -0.00112506, -0.01739103, 0.00242081], [-0.03535848, -0.00774396, 0.04338279, 0.00405882, 0.03038551, -0.00802431], [-0.00837945, -0.00768091, 0.01846122, 0.0093052, -0.04482833, -0.01008177], [0.00331309, 0.0284282, -0.00026868, -0.02851316, -0.02181846, -0.0030444], [-0.04040788, -0.01957635, 0.03322898, 0.01914132, -0.01412805, 0.0071789], [-0.00751508, 0.0178992, 0.03969511, -0.01167446, -0.01336449, -0.03218003], [-0.02133482, -0.02668808, -0.00744498, 0.00435603, -0.02602765, 0.02877981], [-0.00643927, -0.0051529, 0.02535197, 0.02049366, -0.03849131, -0.01891271], [-0.01181544, -0.00170803, -0.03013183, -0.02438326, -0.01379341, 0.04194728]], "number of molecular orbitals": 60, "number of electrons": 60, "number of unpaired electrons": 0, "orbital energies/eV": [-17.25923663, -16.88289158, -16.66580466, -16.2966106, -16.22350956, -15.75832131, -15.20868858, -15.0942098, -14.91595035, -14.82397743, -14.20455795, -14.02277055, -13.93014295, -13.49497301, -13.31194798, -13.23529439, -13.06448512, -12.89136663, -12.43668283, -12.23708833, -12.19172174, -11.96673278, -11.85417863, -11.79961805, -11.69860081, -11.4513864, -11.37168578, -11.29954236, -11.22757856, -11.20984733, 1.26733127, 1.67841502, 2.05441341, 2.49628602, 2.92836689, 3.04620087, 3.33371884, 3.63417111, 3.67278903, 3.90667155, 3.97843681, 4.24651326, 4.62568849, 4.69123914, 4.80932592, 4.90872073, 5.15718504, 5.42471037, 5.68286532, 5.84218283, 6.06071113, 6.29361421, 6.77128658, 7.26433051, 7.40037162, 7.82939329, 8.05662925, 8.33793634, 8.74752111, 9.46406743], "fractional occupation": [2.0, 2.0, 2.0, 2.0, 2.0, 2.0, 2.0, 2.0, 2.0, 2.0, 2.0, 2.0, 2.0, 2.0, 2.0, 2.0, 2.0, 2.0, 2.0, 2.0, 2.0, 2.0, 2.0, 2.0, 2.0, 2.0, 2.0, 2.0, 2.0, 2.0, 0.0, 0.0, 0.0, 0.0, 0.0, 0.0, 0.0, 0.0, 0.0, 0.0, 0.0, 0.0, 0.0, 0.0, 0.0, 0.0, 0.0, 0.0, 0.0, 0.0, 0.0, 0.0, 0.0, 0.0, 0.0, 0.0, 0.0, 0.0, 0.0, 0.0], "program call": "xtb /home/svss/Project-DBcg-Debug/aqme2_20220329/End-to-End-workflows-final/example-3/QDESCP/mol_824_rdkit_conf_1/mol_824_rdkit_conf_1.xyz --pop --wbo --acc 0.2 --gfn 2 --chrg 0 --uhf 0 --etemp 300 --input /home/svss/Project-DBcg-Debug/aqme2_20220329/End-to-End-workflows-final/example-3/QDESCP/mol_824_rdkit_conf_1/mol_824_rdkit_conf_1_xtb.inp", "method": "GFN2-xTB", "xtb version": "6.3.3 (7355c4f)", "Dipole module/D": 0.052, "Total charge": 0, "Transition dipole module/D": NaN, "HOMO": -11.2098, "LUMO": 1.2673, "HOMO occupancy": 2.0, "LUMO occupancy": 0, "mulliken charges": [-0.08346, -0.03847, -0.04659, -0.04546, -0.05097, -0.01096, -0.05044, -0.04583, -0.04671, -0.05216, 0.02655, 0.02788, 0.02653, 0.02187, 0.02188, 0.02244, 0.02259, 0.02237, 0.0227, 0.02314, 0.02425, 0.02118, 0.02384, 0.02366, 0.02385, 0.02255, 0.02341, 0.02283, 0.02378, 0.02374], "cm5 charges": [-0.23379, -0.15099, -0.15729, -0.15604, -0.15921, -0.08016, -0.1577, -0.15475, -0.15559, -0.15946, 0.07784, 0.07867, 0.07782, 0.07657, 0.07659, 0.07778, 0.07793, 0.07787, 0.07873, 0.07904, 0.07982, 0.08054, 0.0783, 0.07948, 0.07788, 0.07727, 0.0776, 0.0772, 0.07958, 0.07848], "FUKUI+": [0.007, -0.014, -0.016, -0.016, -0.02, -0.023, -0.006, 0.001, 0.006, 0.01, -0.033, -0.059, -0.033, -0.036, -0.037, -0.043, -0.042, -0.047, -0.044, -0.049, -0.051, -0.053, -0.045, -0.047, -0.061, -0.051, -0.05, -0.054, -0.045, -0.049], "FUKUI-": [0.016, 0.006, 0.008, 0.009, 0.009, 0.001, 0.009, 0.008, 0.008, 0.01, -0.051, -0.049, -0.052, -0.065, -0.066, -0.06, -0.057, -0.041, -0.039, -0.032, -0.038, -0.032, -0.043, -0.048, -0.072, -0.083, -0.078, -0.078, -0.056, -0.043], "FUKUIrad": [0.012, -0.004, -0.004, -0.004, -0.005, -0.011, 0.001, 0.004, 0.007, 0.01, -0.042, -0.054, -0.042, -0.051, -0.051, -0.051, -0.049, -0.044, -0.041, -0.041, -0.044, -0.042, -0.044, -0.048, -0.067, -0.067, -0.064, -0.066, -0.05, -0.046], "s proportion": [1.007, 1.027, 1.032, 1.032, 1.035, 1.057, 1.033, 1.029, 1.03, 1.033, 0.973, 0.972, 0.973, 0.978, 0.978, 0.978, 0.977, 0.978, 0.977, 0.977, 0.976, 0.979, 0.976, 0.976, 0.976, 0.977, 0.977, 0.977, 0.976, 0.976], "p proportion": [3.076, 3.011, 3.014, 3.013, 3.016, 2.954, 3.018, 3.017, 3.017, 3.019, 0.0, 0.0, 0.0, 0.0, 0.0, 0.0, 0.0, 0.0, 0.0, 0.0, 0.0, 0.0, 0.0, 0.0, 0.0, 0.0, 0.0, 0.0, 0.0, 0.0], "d proportion": [0.0, 0.0, 0.0, 0.0, 0.0, 0.0, 0.0, 0.0, 0.0, 0.0, 0.0, 0.0, 0.0, 0.0, 0.0, 0.0, 0.0, 0.0, 0.0, 0.0, 0.0, 0.0, 0.0, 0.0, 0.0, 0.0, 0.0, 0.0, 0.0, 0.0], "Fermi-level/eV": -4.9713, "Coordination numbers": [3.75, 3.8, 3.802, 3.801, 3.802, 3.88, 3.833, 3.824, 3.821, 3.829, 0.924, 0.924, 0.924, 0.924, 0.924, 0.924, 0.924, 0.924, 0.924, 0.924, 0.924, 0.923, 0.924, 0.924, 0.924, 0.924, 0.924, 0.924, 0.924, 0.924], "Dispersion coefficient C6": [22.471, 21.503, 21.62, 21.614, 21.652, 20.849, 21.596, 21.545, 21.561, 21.596, 2.557, 2.573, 2.557, 2.612, 2.611, 2.596, 2.595, 2.616, 2.578, 2.598, 2.608, 2.59, 2.664, 2.579, 2.638, 2.637, 2.633, 2.648, 2.58, 2.649], "Total dispersion C6": 6184.138014, "Total dispersion C8": 130823.731761, "Polarizability alpha": [6.76, 6.602, 6.62, 6.619, 6.625, 6.492, 6.612, 6.605, 6.608, 6.612, 2.501, 2.509, 2.501, 2.527, 2.527, 2.52, 2.519, 2.53, 2.511, 2.521, 2.526, 2.517, 2.553, 2.511, 2.54, 2.54, 2.538, 2.545, 2.512, 2.545], "Total polarizability alpha": 116.645947, "Wiberg matrix": [[0.0, 1.0200780923696169, 0.0, 0.0, 0.0, 0.0, 0.0, 0.0, 0.0, 0.0, 0.9877250469882805, 0.987418333929154, 0.9877230378062463, 0.0, 0.0, 0.0, 0.0, 0.0, 0.0, 0.0, 0.0, 0.0, 0.0, 0.0, 0.0, 0.0, 0.0, 0.0, 0.0, 0.0], [1.0200780923696169, 0.0, 1.0077350541047054, 0.0, 0.0, 0.0, 0.0, 0.0, 0.0, 0.0, 0.0, 0.0, 0.0, 0.9780849999843404, 0.9781087714455351, 0.0, 0.0, 0.0, 0.0, 0.0, 0.0, 0.0, 0.0, 0.0, 0.0, 0.0, 0.0, 0.0, 0.0, 0.0], [0.0, 1.0077350541047054, 0.0, 1.0069676665549958, 0.0, 0.0, 0.0, 0.0, 0.0, 0.0, 0.0, 0.0, 0.0, 0.0, 0.0, 0.9771709177384956, 0.9772905282879392, 0.0, 0.0, 0.0, 0.0, 0.0, 0.0, 0.0, 0.0, 0.0, 0.0, 0.0, 0.0, 0.0], [0.0, 0.0, 1.0069676665549958, 0.0, 1.006386070779679, 0.0, 0.0, 0.0, 0.0, 0.0, 0.0, 0.0, 0.0, 0.0, 0.0, 0.0, 0.0, 0.9774010848522461, 0.9766737902168634, 0.0, 0.0, 0.0, 0.0, 0.0, 0.0, 0.0, 0.0, 0.0, 0.0, 0.0], [0.0, 0.0, 0.0, 1.006386070779679, 0.0, 0.9987414777359529, 0.0, 0.0, 0.0, 0.0, 0.0, 0.0, 0.0, 0.0, 0.0, 0.0, 0.0, 0.0, 0.0, 0.9757778489298374, 0.9759287437285997, 0.0, 0.0, 0.0, 0.0, 0.0, 0.0, 0.0, 0.0, 0.0], [0.0, 0.0, 0.0, 0.0, 0.9987414777359529, 0.0, 0.9947826446963177, 0.0, 0.0, 0.9960749618623208, 0.0, 0.0, 0.0, 0.0, 0.0, 0.0, 0.0, 0.0, 0.0, 0.0, 0.0, 0.9683818952305281, 0.0, 0.0, 0.0, 0.0, 0.0, 0.0, 0.0, 0.0], [0.0, 0.0, 0.0, 0.0, 0.0, 0.9947826446963177, 0.0, 1.0071576204125525, 0.0, 0.0, 0.0, 0.0, 0.0, 0.0, 0.0, 0.0, 0.0, 0.0, 0.0, 0.0, 0.0, 0.0, 0.9800323726889429, 0.9783396509989627, 0.0, 0.0, 0.0, 0.0, 0.0, 0.0], [0.0, 0.0, 0.0, 0.0, 0.0, 0.0, 1.0071576204125525, 0.0, 1.0022684324958282, 0.0, 0.0, 0.0, 0.0, 0.0, 0.0, 0.0, 0.0, 0.0, 0.0, 0.0, 0.0, 0.0, 0.0, 0.0, 0.982000289724702, 0.9828885990759102, 0.0, 0.0, 0.0, 0.0], [0.0, 0.0, 0.0, 0.0, 0.0, 0.0, 0.0, 1.0022684324958282, 0.0, 1.0039190287852464, 0.0, 0.0, 0.0, 0.0, 0.0, 0.0, 0.0, 0.0, 0.0, 0.0, 0.0, 0.0, 0.0, 0.0, 0.0, 0.0, 0.9834450408614461, 0.9838955114756693, 0.0, 0.0], [0.0, 0.0, 0.0, 0.0, 0.0, 0.9960749618623208, 0.0, 0.0, 1.0039190287852464, 0.0, 0.0, 0.0, 0.0, 0.0, 0.0, 0.0, 0.0, 0.0, 0.0, 0.0, 0.0, 0.0, 0.0, 0.0, 0.0, 0.0, 0.0, 0.0, 0.9794442248597585, 0.9805274501936484], [0.9877250469882805, 0.0, 0.0, 0.0, 0.0, 0.0, 0.0, 0.0, 0.0, 0.0, 0.0, 0.0, 0.0, 0.0, 0.0, 0.0, 0.0, 0.0, 0.0, 0.0, 0.0, 0.0, 0.0, 0.0, 0.0, 0.0, 0.0, 0.0, 0.0, 0.0], [0.987418333929154, 0.0, 0.0, 0.0, 0.0, 0.0, 0.0, 0.0, 0.0, 0.0, 0.0, 0.0, 0.0, 0.0, 0.0, 0.0, 0.0, 0.0, 0.0, 0.0, 0.0, 0.0, 0.0, 0.0, 0.0, 0.0, 0.0, 0.0, 0.0, 0.0], [0.9877230378062463, 0.0, 0.0, 0.0, 0.0, 0.0, 0.0, 0.0, 0.0, 0.0, 0.0, 0.0, 0.0, 0.0, 0.0, 0.0, 0.0, 0.0, 0.0, 0.0, 0.0, 0.0, 0.0, 0.0, 0.0, 0.0, 0.0, 0.0, 0.0, 0.0], [0.0, 0.9780849999843404, 0.0, 0.0, 0.0, 0.0, 0.0, 0.0, 0.0, 0.0, 0.0, 0.0, 0.0, 0.0, 0.0, 0.0, 0.0, 0.0, 0.0, 0.0, 0.0, 0.0, 0.0, 0.0, 0.0, 0.0, 0.0, 0.0, 0.0, 0.0], [0.0, 0.9781087714455351, 0.0, 0.0, 0.0, 0.0, 0.0, 0.0, 0.0, 0.0, 0.0, 0.0, 0.0, 0.0, 0.0, 0.0, 0.0, 0.0, 0.0, 0.0, 0.0, 0.0, 0.0, 0.0, 0.0, 0.0, 0.0, 0.0, 0.0, 0.0], [0.0, 0.0, 0.9771709177384956, 0.0, 0.0, 0.0, 0.0, 0.0, 0.0, 0.0, 0.0, 0.0, 0.0, 0.0, 0.0, 0.0, 0.0, 0.0, 0.0, 0.0, 0.0, 0.0, 0.0, 0.0, 0.0, 0.0, 0.0, 0.0, 0.0, 0.0], [0.0, 0.0, 0.9772905282879392, 0.0, 0.0, 0.0, 0.0, 0.0, 0.0, 0.0, 0.0, 0.0, 0.0, 0.0, 0.0, 0.0, 0.0, 0.0, 0.0, 0.0, 0.0, 0.0, 0.0, 0.0, 0.0, 0.0, 0.0, 0.0, 0.0, 0.0], [0.0, 0.0, 0.0, 0.9774010848522461, 0.0, 0.0, 0.0, 0.0, 0.0, 0.0, 0.0, 0.0, 0.0, 0.0, 0.0, 0.0, 0.0, 0.0, 0.0, 0.0, 0.0, 0.0, 0.0, 0.0, 0.0, 0.0, 0.0, 0.0, 0.0, 0.0], [0.0, 0.0, 0.0, 0.9766737902168634, 0.0, 0.0, 0.0, 0.0, 0.0, 0.0, 0.0, 0.0, 0.0, 0.0, 0.0, 0.0, 0.0, 0.0, 0.0, 0.0, 0.0, 0.0, 0.0, 0.0, 0.0, 0.0, 0.0, 0.0, 0.0, 0.0], [0.0, 0.0, 0.0, 0.0, 0.9757778489298374, 0.0, 0.0, 0.0, 0.0, 0.0, 0.0, 0.0, 0.0, 0.0, 0.0, 0.0, 0.0, 0.0, 0.0, 0.0, 0.0, 0.0, 0.0, 0.0, 0.0, 0.0, 0.0, 0.0, 0.0, 0.0], [0.0, 0.0, 0.0, 0.0, 0.9759287437285997, 0.0, 0.0, 0.0, 0.0, 0.0, 0.0, 0.0, 0.0, 0.0, 0.0, 0.0, 0.0, 0.0, 0.0, 0.0, 0.0, 0.0, 0.0, 0.0, 0.0, 0.0, 0.0, 0.0, 0.0, 0.0], [0.0, 0.0, 0.0, 0.0, 0.0, 0.9683818952305281, 0.0, 0.0, 0.0, 0.0, 0.0, 0.0, 0.0, 0.0, 0.0, 0.0, 0.0, 0.0, 0.0, 0.0, 0.0, 0.0, 0.0, 0.0, 0.0, 0.0, 0.0, 0.0, 0.0, 0.0], [0.0, 0.0, 0.0, 0.0, 0.0, 0.0, 0.9800323726889429, 0.0, 0.0, 0.0, 0.0, 0.0, 0.0, 0.0, 0.0, 0.0, 0.0, 0.0, 0.0, 0.0, 0.0, 0.0, 0.0, 0.0, 0.0, 0.0, 0.0, 0.0, 0.0, 0.0], [0.0, 0.0, 0.0, 0.0, 0.0, 0.0, 0.9783396509989627, 0.0, 0.0, 0.0, 0.0, 0.0, 0.0, 0.0, 0.0, 0.0, 0.0, 0.0, 0.0, 0.0, 0.0, 0.0, 0.0, 0.0, 0.0, 0.0, 0.0, 0.0, 0.0, 0.0], [0.0, 0.0, 0.0, 0.0, 0.0, 0.0, 0.0, 0.982000289724702, 0.0, 0.0, 0.0, 0.0, 0.0, 0.0, 0.0, 0.0, 0.0, 0.0, 0.0, 0.0, 0.0, 0.0, 0.0, 0.0, 0.0, 0.0, 0.0, 0.0, 0.0, 0.0], [0.0, 0.0, 0.0, 0.0, 0.0, 0.0, 0.0, 0.9828885990759102, 0.0, 0.0, 0.0, 0.0, 0.0, 0.0, 0.0, 0.0, 0.0, 0.0, 0.0, 0.0, 0.0, 0.0, 0.0, 0.0, 0.0, 0.0, 0.0, 0.0, 0.0, 0.0], [0.0, 0.0, 0.0, 0.0, 0.0, 0.0, 0.0, 0.0, 0.9834450408614461, 0.0, 0.0, 0.0, 0.0, 0.0, 0.0, 0.0, 0.0, 0.0, 0.0, 0.0, 0.0, 0.0, 0.0, 0.0, 0.0, 0.0, 0.0, 0.0, 0.0, 0.0], [0.0, 0.0, 0.0, 0.0, 0.0, 0.0, 0.0, 0.0, 0.9838955114756693, 0.0, 0.0, 0.0, 0.0, 0.0, 0.0, 0.0, 0.0, 0.0, 0.0, 0.0, 0.0, 0.0, 0.0, 0.0, 0.0, 0.0, 0.0, 0.0, 0.0, 0.0], [0.0, 0.0, 0.0, 0.0, 0.0, 0.0, 0.0, 0.0, 0.0, 0.9794442248597585, 0.0, 0.0, 0.0, 0.0, 0.0, 0.0, 0.0, 0.0, 0.0, 0.0, 0.0, 0.0, 0.0, 0.0, 0.0, 0.0, 0.0, 0.0, 0.0, 0.0], [0.0, 0.0, 0.0, 0.0, 0.0, 0.0, 0.0, 0.0, 0.0, 0.9805274501936484, 0.0, 0.0, 0.0, 0.0, 0.0, 0.0, 0.0, 0.0, 0.0, 0.0, 0.0, 0.0, 0.0, 0.0, 0.0, 0.0, 0.0, 0.0, 0.0, 0.0]], "Born radii": [], "Atomic SASAs": [], "Solvent H bonds": [], "Total SASA": NaN, "Total FOD": 0.0, "FOD": [0.0, 0.0, 0.0, 0.0, 0.0, 0.0, 0.0, 0.0, 0.0, 0.0, 0.0, 0.0, 0.0, 0.0, 0.0, 0.0, 0.0, 0.0, 0.0, 0.0, 0.0, 0.0, 0.0, 0.0, 0.0, 0.0, 0.0, 0.0, 0.0, 0.0], "FOD s proportion": [0.0, 0.0, 0.0, 0.0, 0.0, 0.0, 0.0, 0.0, 0.0, 0.0, 0.0, 0.0, 0.0, 0.0, 0.0, 0.0, 0.0, 0.0, 0.0, 0.0, 0.0, 0.0, 0.0, 0.0, 0.0, 0.0, 0.0, 0.0, 0.0, 0.0], "FOD p proportion": [0.0, 0.0, 0.0, 0.0, 0.0, 0.0, 0.0, 0.0, 0.0, 0.0, 0.0, 0.0, 0.0, 0.0, 0.0, 0.0, 0.0, 0.0, 0.0, 0.0, 0.0, 0.0, 0.0, 0.0, 0.0, 0.0, 0.0, 0.0, 0.0, 0.0], "FOD d proportion": [0.0, 0.0, 0.0, 0.0, 0.0, 0.0, 0.0, 0.0, 0.0, 0.0, 0.0, 0.0, 0.0, 0.0, 0.0, 0.0, 0.0, 0.0, 0.0, 0.0, 0.0, 0.0, 0.0, 0.0, 0.0, 0.0, 0.0, 0.0, 0.0, 0.0], "coordinates": [["4.83060", "0.10600", "-0.05320"], ["3.45510", "0.16520", "-0.69800"], ["2.34390", "0.16250", "0.35150"], ["0.96150", "0.22240", "-0.30150"], ["-0.15000", "0.21830", "0.75110"], ["-1.54370", "0.34530", "0.13340"], ["-2.65040", "0.36640", "1.18570"], ["-3.91440", "0.10340", "0.37880"], ["-3.48070", "-0.77530", "-0.79380"], ["-1.95510", "-0.83550", "-0.74520"], ["4.94530", "-0.80450", "0.54360"], ["5.60990", "0.10890", "-0.82160"], ["4.99490", "0.96860", "0.60050"], ["3.33550", "-0.69320", "-1.36930"], ["3.38470", "1.07010", "-1.31270"], ["2.47100", "1.02050", "1.02290"], ["2.42090", "-0.74280", "0.96600"], ["0.88400", "1.12900", "-0.91370"], ["0.84230", "-0.63480", "-0.97420"], ["-0.08520", "-0.70160", "1.34580"], ["0.00710", "1.05340", "1.44540"], ["-1.59710", "1.26970", "-0.45790"], ["-2.69790", "1.31870", "1.72260"], ["-2.50540", "-0.43250", "1.92330"], ["-4.69280", "-0.37160", "0.98390"], ["-4.32160", "1.04830", "-0.00010"], ["-3.91080", "-1.77990", "-0.72290"], ["-3.82400", "-0.33870", "-1.73840"], ["-1.63960", "-1.78450", "-0.29430"], ["-1.51820", "-0.78160", "-1.74730"]], "bond_dist": [[0.0, 1.5202867920231364, 2.5200498467292265, 3.878806086929327, 5.046373563263029, 6.381518983753007, 7.587360698556514, 8.75566421009851, 8.390642748919774, 6.885565390002479, 1.094685607834505, 1.0944201478408555, 1.0947131770468466, 2.1461975351770395, 2.146265563717593, 2.7499115658507995, 2.750615234815658, 4.166850226490028, 4.15975510457046, 5.174408990406537, 5.139019456083037, 6.544715965571004, 7.829586143596607, 7.616654810348175, 9.59160183337486, 9.200734413078122, 8.96756326211307, 8.82834969232642, 6.745043179995217, 6.63061611089045], [1.5202867920231364, 0.0, 1.5284707978891843, 2.5255742020380234, 3.885801903082554, 5.070666959089308, 6.392647134012638, 7.448009648892784, 6.999931394663808, 5.502171604921097, 2.168544371231541, 2.1590761195474326, 2.1685335713334024, 1.0962656657945646, 1.096200830140171, 2.159047871169141, 2.159381772637715, 2.754267986235181, 2.746454128508248, 4.1787779038852975, 4.1559315201287905, 5.177093112935096, 6.711875714731316, 6.538808701132034, 8.336978844881399, 7.857734591471005, 7.618432701678214, 7.370321850502867, 5.469942583793728, 5.17021988120428], [2.5200498467292265, 1.5284707978891843, 0.0, 1.530041427543712, 2.5263275737718573, 3.8980016944583284, 5.067592854600693, 6.258638589182155, 6.009754245391404, 4.54754394041443, 2.7819549547036155, 3.4707049096689273, 2.7820135172209355, 2.1625553611410737, 2.1625364829292475, 1.096857497581158, 1.0968624982193529, 2.160129926647932, 2.1559151977756454, 2.7633002207505433, 2.729643614100566, 4.172828920528614, 5.351304597011835, 5.132279291893612, 7.085219789110285, 6.7332870464580665, 6.636906298118122, 6.531605764281858, 4.480640455336715, 4.495787212491267], [3.878806086929327, 2.5255742020380234, 1.530041427543712, 0.0, 1.5308219426177558, 2.545637338663935, 3.908749346018493, 4.924567991204913, 4.579400115735684, 3.1340991783924133, 4.199926196970608, 4.67878283531091, 4.199849283010047, 2.7594195404106276, 2.7591699784536656, 2.1609232332500845, 2.160559105879772, 1.0966853012601199, 1.09614130932102, 2.159387454812128, 2.1571045338601467, 2.7690670288023007, 4.323200534326392, 4.1710939404429626, 5.828910502829839, 5.35575376394397, 5.284514219869221, 5.027974251127386, 3.2853341778272718, 3.0409317207066655], [5.046373563263029, 3.885801903082554, 2.5263275737718573, 1.5308219426177558, 0.0, 1.5297326498444102, 2.5422059180955423, 3.7845100951113873, 3.8036192580225485, 2.57056300058956, 5.201082404653862, 5.971750301209855, 5.201502327212784, 4.180387381571235, 4.180781956763591, 2.754458400484567, 2.7530750135076234, 2.1610389931697207, 2.1654327488980116, 1.0973072222490838, 1.0973262550399494, 2.1589861903217447, 2.9404909147963716, 2.710258777312602, 4.586851827779048, 4.319195295422516, 4.506561425299782, 4.4728218442052885, 2.706099990761613, 3.0189027493445364], [6.381518983753007, 5.070666959089308, 3.8980016944583284, 2.545637338663935, 1.5297326498444102, 0.0, 1.5272738425050039, 2.3956116671948315, 2.422274385778787, 1.5282266062335128, 6.602834624613886, 7.220935044715469, 6.584829174701498, 5.209911916721817, 5.187067264842437, 4.167123873848725, 4.194667749655507, 2.7575952186642625, 2.807199631305191, 2.166364609201323, 2.1512159933395814, 1.0986367051942147, 2.1920861844370996, 2.175679604169695, 3.3397794343339497, 2.8685814717382527, 3.294372040313601, 3.0284087125089303, 2.1744360510256446, 2.1926208860630694], [7.587360698556514, 6.392647134012638, 5.067592854600693, 3.908749346018493, 2.5422059180955423, 1.5272738425050039, 0.0, 1.5224823841345425, 2.4313159461493274, 2.3783146364600287, 7.712195388474023, 8.504593795708292, 7.691275314926648, 6.594071274258415, 6.569598789880551, 5.165567598047672, 5.195832601229566, 4.1810312699141585, 4.2268809706449035, 2.7832547583719314, 2.757121567867474, 2.151002728961542, 1.0942546093117451, 1.0969594203980382, 2.181000917010353, 2.1596339249974754, 3.1365531734692462, 3.228755763448205, 2.799729888757128, 3.346979211169379], [8.75566421009851, 7.448009648892784, 6.258638589182155, 4.924567991204913, 3.7845100951113873, 2.3956116671948315, 1.5224823841345425, 0.0, 1.5281361653988823, 2.446173685575086, 8.907621766779279, 9.599650040496268, 8.953957137489548, 7.5000983446885545, 7.554637115705824, 6.482998563936291, 6.418479911162767, 5.074155512989329, 5.000174309961604, 4.030618642342637, 4.173523428711045, 2.7258396632964317, 2.182343872995271, 2.1582284540798735, 1.0943845622083674, 1.0964547687889363, 2.1818741347749646, 2.1647541222965714, 3.0318220693173927, 3.323447103535725], [8.390642748919774, 6.999931394663808, 6.009754245391404, 4.579400115735684, 3.8036192580225485, 2.422274385778787, 2.4313159461493274, 1.5281361653988823, 0.0, 1.527560591269623, 8.531527846757578, 9.13354207523018, 8.764762122271204, 6.840944605827473, 7.128006420451654, 6.476729839973257, 6.158476666351834, 4.763542861148622, 4.329043013184323, 4.014067774714324, 4.530221757265311, 2.800500449919621, 3.3659888294526468, 2.9071213149781006, 2.189149924057281, 2.159303003286014, 1.0950954204999672, 1.0957844724214703, 2.1581552539147872, 2.181881800189919], [6.885565390002479, 5.502171604921097, 4.54754394041443, 3.1340991783924133, 2.57056300058956, 1.5282266062335128, 2.3783146364600287, 2.446173685575086, 1.527560591269623, 0.0, 7.019792489810507, 7.624103443684379, 7.305353194746987, 5.329183657934863, 5.697967326161146, 5.114809363016377, 4.699593038764101, 3.456608353574353, 2.813923995064543, 2.808333352720079, 3.4952682887011695, 2.1546629272347912, 3.358923387039365, 2.754293255991453, 3.271084118453697, 3.1151562882141244, 2.171900352226133, 2.173946570180601, 1.0970196260778564, 1.0945278571146557], [1.094685607834505, 2.168544371231541, 2.7819549547036155, 4.199926196970608, 5.201082404653862, 6.602834624613886, 7.712195388474023, 8.907621766779279, 8.531527846757578, 7.019792489810507, 0.0, 1.7719378544407252, 1.774705998186742, 2.502604671137653, 3.0651993752446187, 3.1116738228805407, 2.560239053291703, 4.728245259078678, 4.378027401695882, 5.095099949951915, 5.352649333741189, 6.936015113161159, 8.019758442746266, 7.586493694718265, 9.6578588781365, 9.465934351135127, 8.999218556074743, 9.073318914818326, 6.709946677880532, 6.857519921225165], [1.0944201478408555, 2.1590761195474326, 3.4707049096689273, 4.67878283531091, 5.971750301209855, 7.220935044715469, 8.504593795708292, 9.599650040496268, 9.13354207523018, 7.624103443684379, 1.7719378544407252, 0.0, 1.771913513690778, 2.473102314907331, 2.4731760329584302, 3.7531171071524, 3.7537484798531717, 4.83561963247731, 4.827668817348597, 6.147251175932215, 6.117412614006022, 7.308938591204608, 8.77246319570507, 8.584036583100051, 10.470737213300694, 10.009596738130861, 9.706752063383508, 9.488906007016826, 7.511208897374643, 7.242908279827931], [1.0947131770468466, 2.1685335713334024, 2.7820135172209355, 4.199849283010047, 5.201502327212784, 6.584829174701498, 7.691275314926648, 8.953957137489548, 8.764762122271204, 7.305353194746987, 1.774705998186742, 1.771913513690778, 0.0, 3.065175303306485, 2.502674675222491, 2.559528585501635, 3.1125481859723876, 4.383837201584932, 4.721721975084938, 5.399301449261747, 5.059564792548861, 6.683212982540659, 7.782085212846233, 7.743860867810062, 9.787474796391558, 9.336179341679337, 9.413667314070537, 9.216967164420192, 7.238564560739926, 7.1411369185865645], [2.1461975351770395, 1.0962656657945646, 2.1625553611410737, 2.7594195404106276, 4.180387381571235, 5.209911916721817, 6.594071274258415, 7.5000983446885545, 6.840944605827473, 5.329183657934863, 2.502604671137653, 2.473102314907331, 3.065175303306485, 0.0, 1.7648940733086507, 3.0670423505390336, 2.508501427147292, 3.0883387848485793, 2.524987289076917, 4.367267688154689, 4.6958912050855695, 5.386480217173363, 7.071739727959451, 6.710088826535756, 8.372250455522696, 7.971117318168138, 7.355787757949518, 7.177767432147686, 5.205591292062795, 4.869199343834672], [2.146265563717593, 1.096200830140171, 2.1625364829292475, 2.7591699784536656, 4.180781956763591, 5.187067264842437, 6.569598789880551, 7.554637115705824, 7.128006420451654, 5.697967326161146, 3.0651993752446187, 2.4731760329584302, 2.502674675222491, 1.7648940733086507, 0.0, 2.5084527521960625, 3.0672447799287226, 2.533016127070651, 3.0797831124934754, 4.716645964029948, 4.360685297060543, 5.058542719005148, 6.802416541935667, 6.886420025673718, 8.52049744439842, 7.8173175507970765, 7.854596379827547, 7.357397204174857, 5.867663096156766, 5.258906584072396], [2.7499115658507995, 2.159047871169141, 1.096857497581158, 2.1609232332500845, 2.754458400484567, 4.167123873848725, 5.165567598047672, 6.482998563936291, 6.476729839973257, 5.114809363016377, 3.1116738228805407, 3.7531171071524, 2.559528585501635, 3.0670423505390336, 2.5084527521960625, 0.0, 1.764929038233549, 2.506144610751742, 3.062856540878139, 3.099040377278102, 2.500078372771542, 4.336393304348673, 5.224560320256625, 5.261794952295271, 7.2979102385545955, 6.869258810090067, 7.184527057503507, 7.007084081841747, 5.147822180301103, 5.180278862184931], [2.750615234815658, 2.159381772637715, 1.0968624982193529, 2.160559105879772, 2.7530750135076234, 4.194667749655507, 5.195832601229566, 6.418479911162767, 6.158476666351834, 4.699593038764101, 2.560239053291703, 3.7537484798531717, 3.1125481859723876, 2.508501427147292, 3.0672447799287226, 1.764929038233549, 0.0, 3.0657737913942706, 2.503601006550365, 2.5350508259204587, 3.046734192541253, 4.714018610485113, 5.569949663147774, 5.028035508028956, 7.123400700508149, 7.042918050779805, 6.634635220567895, 6.8173200144924975, 4.377345683173766, 4.783305461707417], [4.166850226490028, 2.754267986235181, 2.160129926647932, 1.0966853012601199, 2.1610389931697207, 2.7575952186642625, 4.1810312699141585, 5.074155512989329, 4.763542861148622, 3.456608353574353, 4.728245259078678, 4.83561963247731, 4.383837201584932, 3.0883387848485793, 2.533016127070651, 2.506144610751742, 3.0657737913942706, 0.0, 1.765329878521292, 3.0652545163493357, 2.517939987370628, 2.5265405874436295, 4.451524614106947, 4.6877375790459945, 6.078929540634601, 5.285777975851805, 5.611435724482639, 4.99995373778598, 3.9039333459986225, 3.180541802900883], [4.15975510457046, 2.746454128508248, 2.1559151977756454, 1.09614130932102, 2.1654327488980116, 2.807199631305191, 4.2268809706449035, 5.000174309961604, 4.329043013184323, 2.813923995064543, 4.378027401695882, 4.827668817348597, 4.721721975084938, 2.524987289076917, 3.0797831124934754, 3.062856540878139, 2.503601006550365, 1.765329878521292, 0.0, 2.4994236315598846, 3.0662750104972645, 3.1375720390136066, 4.860237497283441, 4.43210185239464, 5.8771389178749205, 5.517930738057519, 4.895545455820015, 4.737724405239291, 2.818492808222153, 2.4882110240090167], [5.174408990406537, 4.1787779038852975, 2.7633002207505433, 2.159387454812128, 1.0973072222490838, 2.166364609201323, 2.7832547583719314, 4.030618642342637, 4.014067774714324, 2.808333352720079, 5.095099949951915, 6.147251175932215, 5.399301449261747, 4.367267688154689, 4.716645964029948, 3.099040377278102, 2.5350508259204587, 3.0652545163493357, 2.4994236315598846, 0.0, 1.76024556525503, 3.0700486950535493, 3.324122684258209, 2.502656408698565, 4.633556881058006, 4.777099724728384, 4.480788539978204, 4.860309814199091, 2.505745354181067, 3.4098616702147906], [5.139019456083037, 4.1559315201287905, 2.729643614100566, 2.1571045338601467, 1.0973262550399494, 2.1512159933395814, 2.757121567867474, 4.173523428711045, 4.530221757265311, 3.4952682887011695, 5.352649333741189, 6.117412614006022, 5.059564792548861, 4.6958912050855695, 4.360685297060543, 2.500078372771542, 3.046734192541253, 2.517939987370628, 3.0662750104972645, 1.76024556525503, 0.0, 2.4985584283742495, 2.732077767926821, 2.957861299993629, 4.932815348257018, 4.563676144294203, 5.298967275800068, 5.172219258693506, 3.713738465481919, 3.9858623132265874], [6.544715965571004, 5.177093112935096, 4.172828920528614, 2.7690670288023007, 2.1589861903217447, 1.0986367051942147, 2.151002728961542, 2.7258396632964317, 2.800500449919621, 2.1546629272347912, 6.936015113161159, 7.308938591204608, 6.683212982540659, 5.386480217173363, 5.058542719005148, 4.336393304348673, 4.714018610485113, 2.5265405874436295, 3.1375720390136066, 3.0700486950535493, 2.4985584283742495, 0.0, 2.443100875936153, 3.064736068570995, 3.7889327547477007, 2.771551740451547, 3.83712038513258, 3.0307943546205833, 3.0588737878506853, 2.4241718709695483], [7.829586143596607, 6.711875714731316, 5.351304597011835, 4.323200534326392, 2.9404909147963716, 2.1920861844370996, 1.0942546093117451, 2.182343872995271, 3.3659888294526468, 3.358923387039365, 8.019758442746266, 8.77246319570507, 7.782085212846233, 7.071739727959451, 6.802416541935667, 5.224560320256625, 5.569949663147774, 4.451524614106947, 4.860237497283441, 3.324122684258209, 2.732077767926821, 2.443100875936153, 0.0, 1.7731435869663799, 2.717060505399171, 2.3826903155886625, 4.129517964605554, 3.9991995411582053, 3.8493810853174826, 4.224116261420843], [7.616654810348175, 6.538808701132034, 5.132279291893612, 4.1710939404429626, 2.710258777312602, 2.175679604169695, 1.0969594203980382, 2.1582284540798735, 2.9071213149781006, 2.754293255991453, 7.586493694718265, 8.584036583100051, 7.743860867810062, 6.710088826535756, 6.886420025673718, 5.261794952295271, 5.028035508028956, 4.6877375790459945, 4.43210185239464, 2.502656408698565, 2.957861299993629, 3.064736068570995, 1.7731435869663799, 0.0, 2.3813651399984845, 3.0316362974473043, 3.285271733053447, 3.8930131376608528, 2.7377478700567006, 3.817032749401032], [9.59160183337486, 8.336978844881399, 7.085219789110285, 5.828910502829839, 4.586851827779048, 3.3397794343339497, 2.181000917010353, 1.0943845622083674, 2.189149924057281, 3.271084118453697, 9.6578588781365, 10.470737213300694, 9.787474796391558, 8.372250455522696, 8.52049744439842, 7.2979102385545955, 7.123400700508149, 6.078929540634601, 5.8771389178749205, 4.633556881058006, 4.932815348257018, 3.7889327547477007, 2.717060505399171, 2.3813651399984845, 0.0, 1.7669639073846415, 2.346912680523074, 2.857763660626959, 3.5989042624109913, 4.207806863438482], [9.200734413078122, 7.857734591471005, 6.7332870464580665, 5.35575376394397, 4.319195295422516, 2.8685814717382527, 2.1596339249974754, 1.0964547687889363, 2.159303003286014, 3.1151562882141244, 9.465934351135127, 10.009596738130861, 9.336179341679337, 7.971117318168138, 7.8173175507970765, 6.869258810090067, 7.042918050779805, 5.285777975851805, 5.517930738057519, 4.777099724728384, 4.563676144294203, 2.771551740451547, 2.3826903155886625, 3.0316362974473043, 1.7669639073846415, 0.0, 2.947865621089265, 2.2788290085041485, 3.912088122729344, 3.7762803669748886], [8.96756326211307, 7.618432701678214, 6.636906298118122, 5.284514219869221, 4.506561425299782, 3.294372040313601, 3.1365531734692462, 2.1818741347749646, 1.0950954204999672, 2.171900352226133, 8.999218556074743, 9.706752063383508, 9.413667314070537, 7.355787757949518, 7.854596379827547, 7.184527057503507, 6.634635220567895, 5.611435724482639, 4.895545455820015, 4.480788539978204, 5.298967275800068, 3.83712038513258, 4.129517964605554, 3.285271733053447, 2.346912680523074, 2.947865621089265, 0.0, 1.76517192647062, 2.3112915350513448, 2.7875675794498687], [8.82834969232642, 7.370321850502867, 6.531605764281858, 5.027974251127386, 4.4728218442052885, 3.0284087125089303, 3.228755763448205, 2.1647541222965714, 1.0957844724214703, 2.173946570180601, 9.073318914818326, 9.488906007016826, 9.216967164420192, 7.177767432147686, 7.357397204174857, 7.007084081841747, 6.8173200144924975, 4.99995373778598, 4.737724405239291, 4.860309814199091, 5.172219258693506, 3.0307943546205833, 3.9991995411582053, 3.8930131376608528, 2.857763660626959, 2.2788290085041485, 1.76517192647062, 0.0, 2.9912147716270723, 2.3479679001212936], [6.745043179995217, 5.469942583793728, 4.480640455336715, 3.2853341778272718, 2.706099990761613, 2.1744360510256446, 2.799729888757128, 3.0318220693173927, 2.1581552539147872, 1.0970196260778564, 6.709946677880532, 7.511208897374643, 7.238564560739926, 5.205591292062795, 5.867663096156766, 5.147822180301103, 4.377345683173766, 3.9039333459986225, 2.818492808222153, 2.505745354181067, 3.713738465481919, 3.0588737878506853, 3.8493810853174826, 2.7377478700567006, 3.5989042624109913, 3.912088122729344, 2.3112915350513448, 2.9912147716270723, 0.0, 1.7696766286528167], [6.63061611089045, 5.17021988120428, 4.495787212491267, 3.0409317207066655, 3.0189027493445364, 2.1926208860630694, 3.346979211169379, 3.323447103535725, 2.181881800189919, 1.0945278571146557, 6.857519921225165, 7.242908279827931, 7.1411369185865645, 4.869199343834672, 5.258906584072396, 5.180278862184931, 4.783305461707417, 3.180541802900883, 2.4882110240090167, 3.4098616702147906, 3.9858623132265874, 2.4241718709695483, 4.224116261420843, 3.817032749401032, 4.207806863438482, 3.7762803669748886, 2.7875675794498687, 2.3479679001212936, 1.7696766286528167, 0.0]]}