{"total energy": -26.32102488, "HOMO-LUMO gap/eV": 12.56257754, "electronic energy": -26.70498101, "dipole": [-0.00171595, -0.01327138, -0.01311179], "partial charges": [-0.09957098, -0.05138111, -0.05781921, -0.06115955, -0.01455149, -0.10131452, -0.05484565, -0.09856285, 0.03164591, 0.03174731, 0.03052432, 0.02771355, 0.02730987, 0.02773306, 0.03210294, 0.03206436, 0.02785738, 0.02538526, 0.03084946, 0.03081943, 0.03451277, 0.0274708, 0.02568103, 0.03487551, 0.03249167, 0.02842072], "atomic dipole moments": [[-0.09173485, 0.03631552, -0.01398511], [0.02282474, -0.08964981, 0.05899338], [-0.02005283, 0.09147883, -0.05942374], [0.02273023, -0.08420068, 0.06788324], [-0.0262647, 0.00366537, -0.08701598], [0.01164885, 0.09330209, 0.03462223], [0.04691801, -0.03877875, -0.09037163], [0.04071179, -0.00900751, 0.09318588], [0.01066304, -0.11700253, -0.04501396], [0.03065978, -0.00161729, 0.12211767], [0.08366997, 0.07097425, -0.0590719], [-0.02078251, 0.00518843, -0.12153], [-0.00127459, 0.11664773, 0.03991047], [0.02467366, -0.00509648, 0.1216561], [0.00739649, -0.1170609, -0.04146229], [-0.02238937, 0.00101143, -0.12310676], [-0.00025893, 0.11912226, 0.03111774], [0.03104885, -0.00586377, 0.11702249], [0.09945229, -0.07092412, 0.02818636], [-0.09659019, -0.05791594, 0.05616609], [-0.01785225, -0.01052872, -0.12532794], [-0.08187952, -0.05332488, 0.07274672], [0.01193143, 0.11026692, 0.05023159], [-0.02815191, -0.1105097, -0.0547866], [0.07203267, 0.06818102, -0.07846112], [-0.10726926, 0.06162973, 0.00961155]], "atomic quadrupole moments": [[0.18434364, -0.11262249, -0.06954791, 0.04034539, -0.02662826, -0.11479573], [0.22091207, -0.00066377, -0.06953686, -0.05504313, -0.11266508, -0.15137521], [0.20903789, 0.0132882, -0.06189401, -0.05746514, -0.12689975, -0.14714388], [0.20056638, -0.01499506, -0.075252, -0.06480494, -0.11255335, -0.12531438], [0.07027302, -0.00133487, 0.10411973, -0.08606285, 0.0132066, -0.17439275], [-0.08199719, 0.03375666, 0.1650827, 0.00771952, 0.10321475, -0.08308551], [0.0650293, -0.13354976, -0.11955934, 0.11393422, -0.02980536, 0.05453005], [-0.05133496, -0.02595342, -0.11532596, 0.11321463, -0.02561284, 0.16666092], [-0.03163446, -0.00097544, 0.06256618, 0.00966106, 0.04501486, -0.03093171], [-0.03164233, -0.01057886, -0.0466927, 0.01594805, 0.00373571, 0.07833504], [0.0164752, 0.04036243, 0.00309618, -0.03643135, -0.04489208, -0.01957138], [-0.01394715, 0.00357188, -0.0389209, 0.01574009, 0.0076539, 0.05286805], [-0.01776082, -0.00112259, 0.03802342, -0.00572044, 0.03790536, -0.0202626], [-0.01827045, 0.00342962, -0.03666968, 0.01329238, 0.0080725, 0.05494013], [-0.01990045, 0.00433928, 0.03912312, -0.0022446, 0.03591094, -0.01922266], [-0.01163553, 0.00052075, -0.03877106, 0.0193635, 0.01613203, 0.05040659], [-0.01415887, 0.00235253, 0.04313637, -0.00522168, 0.03662177, -0.02897749], [-0.01150182, -0.00676007, -0.01460311, 0.01672852, 0.00064484, 0.02610492], [0.05053687, -0.04496634, -0.01115197, 0.03275002, -0.00191772, -0.0393849], [0.03564797, 0.03328159, -0.01865093, -0.05588819, -0.01346553, -0.01699704], [-0.04809752, -0.00095872, -0.02971816, 0.02124507, -0.01167406, 0.07781568], [0.01580123, 0.03005441, -0.00911098, -0.01634539, -0.04052882, -0.00669025], [-0.02348688, 0.01244281, 0.04823609, 0.02554144, 0.02168454, -0.02474921], [-0.04988392, 0.01119984, 0.06897348, 0.01118735, 0.03334633, -0.01908955], [0.01973246, 0.04836758, -0.02028662, -0.03704642, -0.03206562, 0.00055416], [0.04609537, -0.05886968, -0.02139961, -0.01279083, 0.01103363, -0.02469575]], "number of molecular orbitals": 50, "number of electrons": 50, "number of unpaired electrons": 0, "orbital energies/eV": [-16.94051453, -16.74154536, -16.33974981, -16.07097494, -15.65152283, -15.37580225, -15.01783782, -14.61202006, -14.02382618, -13.78572144, -13.65347882, -13.4408878, -13.07700862, -12.97934485, -12.68655718, -12.55787197, -12.50866, -12.16165957, -12.02320716, -11.85367584, -11.67816896, -11.45874986, -11.31058569, -11.30253905, -11.16755717, 1.39502037, 2.19557513, 2.56410121, 3.10332214, 3.16603551, 3.51503047, 3.71380888, 3.94756592, 4.14763636, 4.25929421, 4.46730735, 4.56912602, 4.8964712, 5.45230967, 5.55830452, 6.02011389, 6.16993097, 6.4788863, 6.91417212, 7.09821594, 7.38838275, 7.60513009, 7.80402255, 7.96154466, 8.48783472], "fractional occupation": [2.0, 2.0, 2.0, 2.0, 2.0, 2.0, 2.0, 2.0, 2.0, 2.0, 2.0, 2.0, 2.0, 2.0, 2.0, 2.0, 2.0, 2.0, 2.0, 2.0, 2.0, 2.0, 2.0, 2.0, 2.0, 0.0, 0.0, 0.0, 0.0, 0.0, 0.0, 0.0, 0.0, 0.0, 0.0, 0.0, 0.0, 0.0, 0.0, 0.0, 0.0, 0.0, 0.0, 0.0, 0.0, 0.0, 0.0, 0.0, 0.0, 0.0], "program call": "xtb /home/svss/Project-DBcg-Debug/aqme2_20220329/End-to-End-workflows-final/example-3/QDESCP/mol_1012_rdkit_conf_6/mol_1012_rdkit_conf_6.xyz --pop --wbo --acc 0.2 --gfn 2 --chrg 0 --uhf 0 --etemp 300 --input /home/svss/Project-DBcg-Debug/aqme2_20220329/End-to-End-workflows-final/example-3/QDESCP/mol_1012_rdkit_conf_6/mol_1012_rdkit_conf_6_xtb.inp", "method": "GFN2-xTB", "xtb version": "6.3.3 (7355c4f)", "Dipole module/D": 0.048, "Total charge": 0, "Transition dipole module/D": NaN, "HOMO": -11.1676, "LUMO": 1.395, "HOMO occupancy": 2.0, "LUMO occupancy": 0, "mulliken charges": [-0.08345, -0.0383, -0.04647, -0.05328, -0.00717, -0.09128, -0.04568, -0.08468, 0.02648, 0.02647, 0.02783, 0.02192, 0.02168, 0.02216, 0.02305, 0.0236, 0.02403, 0.02013, 0.02846, 0.02884, 0.02779, 0.02351, 0.02292, 0.02712, 0.02665, 0.02765], "cm5 charges": [-0.2338, -0.15094, -0.15741, -0.16198, -0.07956, -0.23991, -0.15617, -0.23527, 0.07777, 0.07776, 0.0786, 0.07662, 0.07638, 0.0776, 0.07904, 0.07992, 0.07991, 0.07861, 0.0803, 0.08047, 0.08012, 0.07824, 0.07764, 0.07906, 0.07856, 0.07843], "FUKUI+": [0.006, -0.017, -0.023, -0.03, -0.049, 0.027, -0.016, 0.023, -0.044, -0.044, -0.078, -0.049, -0.049, -0.057, -0.057, -0.061, -0.059, -0.062, -0.043, -0.049, -0.04, -0.075, -0.048, -0.032, -0.021, -0.05], "FUKUI-": [0.017, 0.004, 0.004, 0.003, -0.013, 0.02, 0.0, 0.018, -0.053, -0.062, -0.064, -0.072, -0.071, -0.065, -0.063, -0.048, -0.045, -0.048, -0.051, -0.054, -0.038, -0.085, -0.054, -0.046, -0.06, -0.073], "FUKUIrad": [0.012, -0.007, -0.01, -0.014, -0.031, 0.023, -0.008, 0.02, -0.048, -0.053, -0.071, -0.061, -0.06, -0.061, -0.06, -0.055, -0.052, -0.055, -0.047, -0.052, -0.039, -0.08, -0.051, -0.039, -0.04, -0.062], "s proportion": [1.007, 1.027, 1.032, 1.036, 1.057, 1.012, 1.032, 1.006, 0.974, 0.974, 0.972, 0.978, 0.978, 0.978, 0.977, 0.976, 0.976, 0.98, 0.972, 0.971, 0.972, 0.976, 0.977, 0.973, 0.973, 0.972], "p proportion": [3.076, 3.011, 3.014, 3.017, 2.95, 3.08, 3.014, 3.078, 0.0, 0.0, 0.0, 0.0, 0.0, 0.0, 0.0, 0.0, 0.0, 0.0, 0.0, 0.0, 0.0, 0.0, 0.0, 0.0, 0.0, 0.0], "d proportion": [0.0, 0.0, 0.0, 0.0, 0.0, 0.0, 0.0, 0.0, 0.0, 0.0, 0.0, 0.0, 0.0, 0.0, 0.0, 0.0, 0.0, 0.0, 0.0, 0.0, 0.0, 0.0, 0.0, 0.0, 0.0, 0.0], "Fermi-level/eV": -4.8863, "Coordination numbers": [3.75, 3.8, 3.801, 3.801, 3.847, 3.75, 3.8, 3.748, 0.924, 0.924, 0.924, 0.924, 0.924, 0.924, 0.924, 0.924, 0.924, 0.923, 0.924, 0.924, 0.924, 0.924, 0.924, 0.924, 0.924, 0.924], "Dispersion coefficient C6": [22.465, 21.497, 21.614, 21.676, 20.802, 22.499, 21.561, 22.449, 2.563, 2.562, 2.579, 2.619, 2.625, 2.619, 2.557, 2.557, 2.617, 2.653, 2.574, 2.575, 2.523, 2.623, 2.649, 2.518, 2.551, 2.609], "Total dispersion C6": 4384.688263, "Total dispersion C8": 90718.977211, "Polarizability alpha": [6.76, 6.601, 6.619, 6.629, 6.488, 6.765, 6.611, 6.758, 2.504, 2.503, 2.511, 2.531, 2.534, 2.531, 2.501, 2.501, 2.53, 2.547, 2.509, 2.509, 2.484, 2.533, 2.545, 2.482, 2.498, 2.526], "Total polarizability alpha": 98.509004, "Wiberg matrix": [[0.0, 1.0200204978892076, 0.0, 0.0, 0.0, 0.0, 0.0, 0.0, 0.9877334415189272, 0.987751576600624, 0.9874101969049407, 0.0, 0.0, 0.0, 0.0, 0.0, 0.0, 0.0, 0.0, 0.0, 0.0, 0.0, 0.0, 0.0, 0.0, 0.0], [1.0200204978892076, 0.0, 1.0073163049054197, 0.0, 0.0, 0.0, 0.0, 0.0, 0.0, 0.0, 0.0, 0.9782301052913633, 0.9780520552518281, 0.0, 0.0, 0.0, 0.0, 0.0, 0.0, 0.0, 0.0, 0.0, 0.0, 0.0, 0.0, 0.0], [0.0, 1.0073163049054197, 0.0, 1.0070801215310297, 0.0, 0.0, 0.0, 0.0, 0.0, 0.0, 0.0, 0.0, 0.0, 0.977183084807061, 0.9755741686770864, 0.0, 0.0, 0.0, 0.0, 0.0, 0.0, 0.0, 0.0, 0.0, 0.0, 0.0], [0.0, 0.0, 1.0070801215310297, 0.0, 0.9955287249839969, 0.0, 0.0, 0.0, 0.0, 0.0, 0.0, 0.0, 0.0, 0.0, 0.0, 0.9752836791201838, 0.9760726513011865, 0.0, 0.0, 0.0, 0.0, 0.0, 0.0, 0.0, 0.0, 0.0], [0.0, 0.0, 0.0, 0.9955287249839969, 0.0, 1.0099434385470243, 0.9933984105016367, 0.0, 0.0, 0.0, 0.0, 0.0, 0.0, 0.0, 0.0, 0.0, 0.0, 0.9685172481857574, 0.0, 0.0, 0.0, 0.0, 0.0, 0.0, 0.0, 0.0], [0.0, 0.0, 0.0, 0.0, 1.0099434385470243, 0.0, 0.0, 0.0, 0.0, 0.0, 0.0, 0.0, 0.0, 0.0, 0.0, 0.0, 0.0, 0.0, 0.9849566654187681, 0.9860265581160786, 0.9856078388926095, 0.0, 0.0, 0.0, 0.0, 0.0], [0.0, 0.0, 0.0, 0.0, 0.9933984105016367, 0.0, 0.0, 1.021212386219257, 0.0, 0.0, 0.0, 0.0, 0.0, 0.0, 0.0, 0.0, 0.0, 0.0, 0.0, 0.0, 0.0, 0.9773799036422963, 0.9776471361903724, 0.0, 0.0, 0.0], [0.0, 0.0, 0.0, 0.0, 0.0, 0.0, 1.021212386219257, 0.0, 0.0, 0.0, 0.0, 0.0, 0.0, 0.0, 0.0, 0.0, 0.0, 0.0, 0.0, 0.0, 0.0, 0.0, 0.0, 0.9861753565512597, 0.9861366760054038, 0.9870221559790542], [0.9877334415189272, 0.0, 0.0, 0.0, 0.0, 0.0, 0.0, 0.0, 0.0, 0.0, 0.0, 0.0, 0.0, 0.0, 0.0, 0.0, 0.0, 0.0, 0.0, 0.0, 0.0, 0.0, 0.0, 0.0, 0.0, 0.0], [0.987751576600624, 0.0, 0.0, 0.0, 0.0, 0.0, 0.0, 0.0, 0.0, 0.0, 0.0, 0.0, 0.0, 0.0, 0.0, 0.0, 0.0, 0.0, 0.0, 0.0, 0.0, 0.0, 0.0, 0.0, 0.0, 0.0], [0.9874101969049407, 0.0, 0.0, 0.0, 0.0, 0.0, 0.0, 0.0, 0.0, 0.0, 0.0, 0.0, 0.0, 0.0, 0.0, 0.0, 0.0, 0.0, 0.0, 0.0, 0.0, 0.0, 0.0, 0.0, 0.0, 0.0], [0.0, 0.9782301052913633, 0.0, 0.0, 0.0, 0.0, 0.0, 0.0, 0.0, 0.0, 0.0, 0.0, 0.0, 0.0, 0.0, 0.0, 0.0, 0.0, 0.0, 0.0, 0.0, 0.0, 0.0, 0.0, 0.0, 0.0], [0.0, 0.9780520552518281, 0.0, 0.0, 0.0, 0.0, 0.0, 0.0, 0.0, 0.0, 0.0, 0.0, 0.0, 0.0, 0.0, 0.0, 0.0, 0.0, 0.0, 0.0, 0.0, 0.0, 0.0, 0.0, 0.0, 0.0], [0.0, 0.0, 0.977183084807061, 0.0, 0.0, 0.0, 0.0, 0.0, 0.0, 0.0, 0.0, 0.0, 0.0, 0.0, 0.0, 0.0, 0.0, 0.0, 0.0, 0.0, 0.0, 0.0, 0.0, 0.0, 0.0, 0.0], [0.0, 0.0, 0.9755741686770864, 0.0, 0.0, 0.0, 0.0, 0.0, 0.0, 0.0, 0.0, 0.0, 0.0, 0.0, 0.0, 0.0, 0.0, 0.0, 0.0, 0.0, 0.0, 0.0, 0.0, 0.0, 0.0, 0.0], [0.0, 0.0, 0.0, 0.9752836791201838, 0.0, 0.0, 0.0, 0.0, 0.0, 0.0, 0.0, 0.0, 0.0, 0.0, 0.0, 0.0, 0.0, 0.0, 0.0, 0.0, 0.0, 0.0, 0.0, 0.0, 0.0, 0.0], [0.0, 0.0, 0.0, 0.9760726513011865, 0.0, 0.0, 0.0, 0.0, 0.0, 0.0, 0.0, 0.0, 0.0, 0.0, 0.0, 0.0, 0.0, 0.0, 0.0, 0.0, 0.0, 0.0, 0.0, 0.0, 0.0, 0.0], [0.0, 0.0, 0.0, 0.0, 0.9685172481857574, 0.0, 0.0, 0.0, 0.0, 0.0, 0.0, 0.0, 0.0, 0.0, 0.0, 0.0, 0.0, 0.0, 0.0, 0.0, 0.0, 0.0, 0.0, 0.0, 0.0, 0.0], [0.0, 0.0, 0.0, 0.0, 0.0, 0.9849566654187681, 0.0, 0.0, 0.0, 0.0, 0.0, 0.0, 0.0, 0.0, 0.0, 0.0, 0.0, 0.0, 0.0, 0.0, 0.0, 0.0, 0.0, 0.0, 0.0, 0.0], [0.0, 0.0, 0.0, 0.0, 0.0, 0.9860265581160786, 0.0, 0.0, 0.0, 0.0, 0.0, 0.0, 0.0, 0.0, 0.0, 0.0, 0.0, 0.0, 0.0, 0.0, 0.0, 0.0, 0.0, 0.0, 0.0, 0.0], [0.0, 0.0, 0.0, 0.0, 0.0, 0.9856078388926095, 0.0, 0.0, 0.0, 0.0, 0.0, 0.0, 0.0, 0.0, 0.0, 0.0, 0.0, 0.0, 0.0, 0.0, 0.0, 0.0, 0.0, 0.0, 0.0, 0.0], [0.0, 0.0, 0.0, 0.0, 0.0, 0.0, 0.9773799036422963, 0.0, 0.0, 0.0, 0.0, 0.0, 0.0, 0.0, 0.0, 0.0, 0.0, 0.0, 0.0, 0.0, 0.0, 0.0, 0.0, 0.0, 0.0, 0.0], [0.0, 0.0, 0.0, 0.0, 0.0, 0.0, 0.9776471361903724, 0.0, 0.0, 0.0, 0.0, 0.0, 0.0, 0.0, 0.0, 0.0, 0.0, 0.0, 0.0, 0.0, 0.0, 0.0, 0.0, 0.0, 0.0, 0.0], [0.0, 0.0, 0.0, 0.0, 0.0, 0.0, 0.0, 0.9861753565512597, 0.0, 0.0, 0.0, 0.0, 0.0, 0.0, 0.0, 0.0, 0.0, 0.0, 0.0, 0.0, 0.0, 0.0, 0.0, 0.0, 0.0, 0.0], [0.0, 0.0, 0.0, 0.0, 0.0, 0.0, 0.0, 0.9861366760054038, 0.0, 0.0, 0.0, 0.0, 0.0, 0.0, 0.0, 0.0, 0.0, 0.0, 0.0, 0.0, 0.0, 0.0, 0.0, 0.0, 0.0, 0.0], [0.0, 0.0, 0.0, 0.0, 0.0, 0.0, 0.0, 0.9870221559790542, 0.0, 0.0, 0.0, 0.0, 0.0, 0.0, 0.0, 0.0, 0.0, 0.0, 0.0, 0.0, 0.0, 0.0, 0.0, 0.0, 0.0, 0.0]], "Born radii": [], "Atomic SASAs": [], "Solvent H bonds": [], "Total SASA": NaN, "Total FOD": 0.0, "FOD": [0.0, 0.0, 0.0, 0.0, 0.0, 0.0, 0.0, 0.0, 0.0, 0.0, 0.0, 0.0, 0.0, 0.0, 0.0, 0.0, 0.0, 0.0, 0.0, 0.0, 0.0, 0.0, 0.0, 0.0, 0.0, 0.0], "FOD s proportion": [0.0, 0.0, 0.0, 0.0, 0.0, 0.0, 0.0, 0.0, 0.0, 0.0, 0.0, 0.0, 0.0, 0.0, 0.0, 0.0, 0.0, 0.0, 0.0, 0.0, 0.0, 0.0, 0.0, 0.0, 0.0, 0.0], "FOD p proportion": [0.0, 0.0, 0.0, 0.0, 0.0, 0.0, 0.0, 0.0, 0.0, 0.0, 0.0, 0.0, 0.0, 0.0, 0.0, 0.0, 0.0, 0.0, 0.0, 0.0, 0.0, 0.0, 0.0, 0.0, 0.0, 0.0], "FOD d proportion": [0.0, 0.0, 0.0, 0.0, 0.0, 0.0, 0.0, 0.0, 0.0, 0.0, 0.0, 0.0, 0.0, 0.0, 0.0, 0.0, 0.0, 0.0, 0.0, 0.0, 0.0, 0.0, 0.0, 0.0, 0.0, 0.0], "coordinates": [["3.85320", "0.15070", "-0.42670"], ["2.45790", "0.71270", "-0.64820"], ["1.39570", "-0.12860", "0.06130"], ["-0.00800", "0.44170", "-0.16920"], ["-1.10490", "-0.30610", "0.61500"], ["-1.27320", "-1.75070", "0.13620"], ["-2.44580", "0.45700", "0.58230"], ["-3.06920", "0.62210", "-0.79710"], ["3.93120", "-0.87000", "-0.81450"], ["4.10490", "0.13400", "0.63850"], ["4.59640", "0.76740", "-0.94180"], ["2.24970", "0.74510", "-1.72400"], ["2.42390", "1.74450", "-0.27960"], ["1.60940", "-0.15730", "1.13660"], ["1.44930", "-1.15820", "-0.30940"], ["-0.22900", "0.41850", "-1.24320"], ["-0.01210", "1.49660", "0.13350"], ["-0.79760", "-0.34570", "1.66900"], ["-0.38680", "-2.34840", "0.37050"], ["-2.12470", "-2.22890", "0.63190"], ["-1.43450", "-1.80210", "-0.94530"], ["-3.16520", "-0.06010", "1.22960"], ["-2.30070", "1.45210", "1.02110"], ["-3.28360", "-0.34500", "-1.26060"], ["-2.42010", "1.19350", "-1.46670"], ["-4.01630", "1.16540", "-0.71360"]], "bond_dist": [[0.0, 1.520450045216876, 2.5210035184426065, 3.8807026026223657, 5.086900897403054, 5.496558498733549, 6.38665027146469, 6.948311728758289, 1.094669507202973, 1.0946610525637603, 1.0945287296366413, 2.14651133237167, 2.1458647068256655, 2.7519827997282253, 2.7396557648726603, 4.171659853104038, 4.131079149568548, 5.125262148417386, 4.985842822432332, 6.520614888950274, 5.660578158633621, 7.214270918810854, 6.454475347384945, 7.202431668540841, 6.443859459206107, 7.939833622312245], [1.520450045216876, 0.0, 1.5295243639772464, 2.526567792480542, 3.914993169853557, 4.539243343333776, 5.0621918602518425, 5.529847554860803, 2.168688052717587, 2.1686630858664975, 2.1592534126405822, 1.0962402291468782, 1.096190311944053, 2.159250631584949, 2.1522839519914654, 2.76767235235676, 2.7067423408961555, 4.133752127305168, 4.301209247409384, 5.5939153845942275, 4.643626299563737, 5.978512046487822, 5.096817517824235, 5.870143550203863, 4.969506503668145, 6.490337440380122], [2.5210035184426065, 1.5295243639772464, 0.0, 1.53256191718312, 2.5673118821054834, 3.1240751639485245, 3.9206492587325377, 4.608224501909602, 2.7830666269423014, 2.782423986383096, 3.4718159657447285, 2.1633223939117348, 2.1637725527420852, 1.0967048235509864, 1.0956128924031514, 2.1542257890017007, 2.151369033894464, 2.7280756202862118, 2.8636380584843466, 4.138847739407671, 3.438586606441664, 4.708654367226374, 4.133182973206001, 4.867247380193449, 4.317761231240097, 5.618242608681117], [3.8807026026223657, 2.526567792480542, 1.53256191718312, 0.0, 1.5418703220439778, 2.549630945842947, 2.551049819192091, 3.130135461924931, 4.201697944878951, 4.202737796960452, 4.6801165167119505, 2.7580181090776033, 2.761089207178935, 2.1633070517150355, 2.168653808241417, 1.0967475735099668, 1.0974780681179919, 2.149987479033308, 2.866953703846645, 3.5006120122058655, 2.76981441616582, 3.4894636435991133, 2.7738412968300836, 3.5411306400639893, 2.840235183924036, 4.109328648331744], [5.086900897403054, 3.914993169853557, 2.5673118821054834, 1.5418703220439778, 0.0, 1.5311575653733351, 1.543179740017345, 2.5911495788549144, 5.265335380581184, 5.2284085819683215, 6.006733736399508, 4.222473635204842, 4.178241132342652, 2.767965406214463, 2.8468451679007765, 2.1783372580938885, 2.162355516560586, 1.0985979473856666, 2.1786319445927527, 2.1765655262362302, 2.1865928404712203, 2.164043726452864, 2.1647452713887607, 2.8750864786993797, 2.8830584610791368, 3.522320282143576], [5.496558498733549, 4.539243343333776, 3.1240751639485245, 2.549630945842947, 1.5311575653733351, 0.0, 2.5392784920130365, 3.1187889845258847, 5.363323814576181, 5.720870474849085, 6.4772768792139805, 4.701083501704686, 5.104690107146564, 3.442253110972521, 2.821634607811579, 2.774621891357451, 3.4835811731607462, 2.1330016877630453, 1.0944618494949927, 1.0951922114405304, 1.0946697675554946, 2.762845620008472, 3.478035666867147, 2.8228976052984986, 3.543018721373061, 4.09272486981473], [6.38665027146469, 5.0621918602518425, 3.9206492587325377, 2.551049819192091, 1.543179740017345, 2.5392784920130365, 0.0, 1.5227048072426905, 6.661689593489028, 6.558899140099656, 7.211921367430458, 5.239250094240587, 5.11023541042876, 4.13875102174557, 4.309965654155495, 2.8719566048253586, 2.6842289935845636, 2.1311516651801203, 3.4863461388680266, 2.705480397267738, 2.9085773601539295, 1.0972356446998974, 1.0971888898453173, 2.1774740526582628, 2.1774971274378294, 2.1558426705119276], [6.948311728758289, 5.529847554860803, 4.608224501909602, 3.130135461924931, 2.5911495788549144, 3.1187889845258847, 1.5227048072426905, 0.0, 7.157671781382547, 7.3325916141566205, 7.66834229413372, 5.400460148913238, 5.630429434776712, 5.122104841761831, 4.881000064535955, 2.88222036111051, 3.31309930729521, 3.4897639762597126, 4.169224120864696, 3.3260069527888847, 2.9276189933118, 2.1405900424882853, 2.141341516433098, 1.0936553479044482, 1.0937060528313811, 1.0950550442785973], [1.094669507202973, 2.168688052717587, 2.7830666269423014, 4.201697944878951, 5.265335380581184, 5.363323814576181, 6.661689593489028, 7.157671781382547, 0.0, 1.774653963453157, 1.7719410515025604, 2.5026347136567897, 3.064911344557946, 3.115363179470413, 2.549120016790108, 4.3762175425817205, 4.695648458945793, 5.36695557835166, 4.715401951053589, 6.372802129361934, 5.447628432630111, 7.4292109796397625, 6.899141495867438, 7.247618177718802, 6.709873976461853, 8.204620053360179], [1.0946610525637603, 2.1686630858664975, 2.782423986383096, 4.202737796960452, 5.2284085819683215, 5.720870474849085, 6.558899140099656, 7.3325916141566205, 1.774653963453157, 0.0, 1.7720372174421166, 3.0653901056798625, 2.502474547323109, 2.561343309671704, 3.101694151588773, 4.733331210680275, 4.365935496545958, 5.032548915807972, 5.139017673641529, 6.6626763488856335, 6.07798140915222, 7.296672394317836, 6.550990896803322, 7.643687203176226, 6.937581155561353, 8.297339923734594], [1.0945287296366413, 2.1592534126405822, 3.4718159657447285, 4.6801165167119505, 6.006733736399508, 6.4772768792139805, 7.211921367430458, 7.66834229413372, 1.7719410515025604, 1.7720372174421166, 0.0, 2.4737289706028833, 2.472446056034388, 3.7545952711310977, 3.743274439578268, 4.847376437826961, 4.7881389892107356, 6.095121348258786, 6.021845495361036, 7.52512661621052, 6.555463165177575, 8.101985483201016, 7.203594860206951, 7.964512992016524, 7.048996628598996, 8.624910465042522], [2.14651133237167, 1.0962402291468782, 2.1633223939117348, 2.7580181090776033, 4.222473635204842, 4.701083501704686, 5.239250094240587, 5.400460148913238, 2.5026347136567897, 3.0653901056798625, 2.4737289706028833, 0.0, 1.7650601576150313, 3.0671390920530484, 2.502855211553397, 2.5459359555966836, 3.021720989767255, 4.689171667789525, 4.572505303441429, 5.790536777363563, 4.546199640358966, 6.22038921692204, 5.361115851201128, 5.658662956918357, 4.69832926581354, 6.360842416692933], [2.1458647068256655, 1.096190311944053, 2.1637725527420852, 2.761089207178935, 4.178241132342652, 5.104690107146564, 5.11023541042876, 5.630429434776712, 3.064911344557946, 2.502474547323109, 2.472446056034388, 1.7650601576150313, 0.0, 2.507164918787753, 3.0620908689978488, 3.11844181763906, 2.4831838474023624, 4.306279165358419, 5.007443949761195, 6.108068579346503, 5.282875979047777, 6.064017200668218, 4.909089875934235, 6.156616562690907, 5.01768307189683, 6.480732122993514], [2.7519827997282253, 2.159250631584949, 1.0967048235509864, 2.1633070517150355, 2.767965406214463, 3.442253110972521, 4.13875102174557, 5.122104841761831, 3.115363179470413, 2.561343309671704, 3.7545952711310977, 3.0671390920530484, 2.507164918787753, 0.0, 1.7658847131112496, 3.061814533899792, 2.524055678862889, 2.472365935698031, 3.061477234930875, 4.299971099902882, 4.037945252229158, 4.776494739869395, 4.229939789169581, 5.45190316586786, 4.983844076613955, 6.068053709386561], [2.7396557648726603, 2.1522839519914654, 1.0956128924031514, 2.168653808241417, 2.8468451679007765, 2.821634607811579, 4.309965654155495, 4.881000064535955, 2.549120016790108, 3.101694151588773, 3.743274439578268, 2.502855211553397, 3.0620908689978488, 1.7658847131112496, 0.0, 2.484885554708707, 3.0626481041739027, 3.1020609955318417, 2.2913103805464683, 3.847846174160292, 3.0224623173829643, 4.986778003881865, 4.758822999440093, 4.895550846431891, 4.6735524539690365, 5.952753813152364], [4.171659853104038, 2.76767235235676, 2.1542257890017007, 1.0967475735099668, 2.1783372580938885, 2.774621891357451, 2.8719566048253586, 2.88222036111051, 4.3762175425817205, 4.733331210680275, 4.847376437826961, 2.5459359555966836, 3.11844181763906, 3.061814533899792, 2.484885554708707, 0.0, 1.762001166287923, 3.0640196539839626, 3.2069711785421458, 3.757446641005032, 2.5442167792859163, 3.868471046809062, 3.2384138617539295, 3.148621312574759, 2.3348439905055756, 3.896405659065801], [4.131079149568548, 2.7067423408961555, 2.151369033894464, 1.0974780681179919, 2.162355516560586, 3.4835811731607462, 2.6842289935845636, 3.31309930729521, 4.695648458945793, 4.365935496545958, 4.7881389892107356, 3.021720989767255, 2.4831838474023624, 2.524055678862889, 3.0626481041739027, 1.762001166287923, 0.0, 2.5236560363884775, 3.870477243183326, 4.311708660148549, 3.750793634685865, 3.683312328597726, 2.4550975479601616, 4.004711927217736, 2.9070558388169982, 4.106201345526057], [5.125262148417386, 4.133752127305168, 2.7280756202862118, 2.149987479033308, 1.0985979473856666, 2.1330016877630453, 2.1311516651801203, 3.4897639762597126, 5.36695557835166, 5.032548915807972, 6.095121348258786, 4.689171667789525, 4.306279165358419, 2.472365935698031, 3.1020609955318417, 3.0640196539839626, 2.5236560363884775, 0.0, 2.4219137433030102, 2.5265021393222686, 3.059625313661789, 2.424906076531625, 2.431289546722068, 3.8422327688467806, 3.8515266297924, 4.2802144408896154], [4.985842822432332, 4.301209247409384, 2.8636380584843466, 2.866953703846645, 2.1786319445927527, 1.0944618494949927, 3.4863461388680266, 4.169224120864696, 4.715401951053589, 5.139017673641529, 6.021845495361036, 4.572505303441429, 5.007443949761195, 3.061477234930875, 2.2913103805464683, 3.2069711785421458, 3.870477243183326, 2.4219137433030102, 0.0, 1.761506917386361, 1.7684593916740072, 3.700523781844943, 4.304659547513601, 3.881436462187678, 4.478243890187313, 5.166752703584719], [6.520614888950274, 5.5939153845942275, 4.138847739407671, 3.5006120122058655, 2.1765655262362302, 1.0951922114405304, 2.705480397267738, 3.3260069527888847, 6.372802129361934, 6.6626763488856335, 7.52512661621052, 5.790536777363563, 6.108068579346503, 4.299971099902882, 3.847846174160292, 3.757446641005032, 4.311708660148549, 2.5265021393222686, 1.761506917386361, 0.0, 1.7737232365845579, 2.47862441285484, 3.705700155166362, 2.910959407137104, 4.025444681025936, 4.112151906240819], [5.660578158633621, 4.643626299563737, 3.438586606441664, 2.76981441616582, 2.1865928404712203, 1.0946697675554946, 2.9085773601539295, 2.9276189933118, 5.447628432630111, 6.07798140915222, 6.555463165177575, 4.546199640358966, 5.282875979047777, 4.037945252229158, 3.0224623173829643, 2.5442167792859163, 3.750793634685865, 3.059625313661789, 1.7684593916740072, 1.7737232365845579, 0.0, 3.2802555540689204, 3.8995960098451223, 2.3752316329149874, 3.196386190684724, 3.940232528671373], [7.214270918810854, 5.978512046487822, 4.708654367226374, 3.4894636435991133, 2.164043726452864, 2.762845620008472, 1.0972356446998974, 2.1405900424882853, 7.4292109796397625, 7.296672394317836, 8.101985483201016, 6.22038921692204, 6.064017200668218, 4.776494739869395, 4.986778003881865, 3.868471046809062, 3.683312328597726, 2.424906076531625, 3.700523781844943, 2.47862441285484, 3.2802555540689204, 0.0, 1.7543036624256363, 2.5092394485182155, 3.0654070953137693, 2.4499485096630096], [6.454475347384945, 5.096817517824235, 4.133182973206001, 2.7738412968300836, 2.1647452713887607, 3.478035666867147, 1.0971888898453173, 2.141341516433098, 6.899141495867438, 6.550990896803322, 7.203594860206951, 5.361115851201128, 4.909089875934235, 4.229939789169581, 4.758822999440093, 3.2384138617539295, 2.4550975479601616, 2.431289546722068, 4.304659547513601, 3.705700155166362, 3.8995960098451223, 1.7543036624256363, 0.0, 3.066238038704758, 2.5040525473719595, 2.4565553810162717], [7.202431668540841, 5.870143550203863, 4.867247380193449, 3.5411306400639893, 2.8750864786993797, 2.8228976052984986, 2.1774740526582628, 1.0936553479044482, 7.247618177718802, 7.643687203176226, 7.964512992016524, 5.658662956918357, 6.156616562690907, 5.45190316586786, 4.895550846431891, 3.148621312574759, 4.004711927217736, 3.8422327688467806, 3.881436462187678, 2.910959407137104, 2.3752316329149874, 2.5092394485182155, 3.066238038704758, 0.0, 1.7762577825304522, 1.7656065388415394], [6.443859459206107, 4.969506503668145, 4.317761231240097, 2.840235183924036, 2.8830584610791368, 3.543018721373061, 2.1774971274378294, 1.0937060528313811, 6.709873976461853, 6.937581155561353, 7.048996628598996, 4.69832926581354, 5.01768307189683, 4.983844076613955, 4.6735524539690365, 2.3348439905055756, 2.9070558388169982, 3.8515266297924, 4.478243890187313, 4.025444681025936, 3.196386190684724, 3.0654070953137693, 2.5040525473719595, 1.7762577825304522, 0.0, 1.7651639187338948], [7.939833622312245, 6.490337440380122, 5.618242608681117, 4.109328648331744, 3.522320282143576, 4.09272486981473, 2.1558426705119276, 1.0950550442785973, 8.204620053360179, 8.297339923734594, 8.624910465042522, 6.360842416692933, 6.480732122993514, 6.068053709386561, 5.952753813152364, 3.896405659065801, 4.106201345526057, 4.2802144408896154, 5.166752703584719, 4.112151906240819, 3.940232528671373, 2.4499485096630096, 2.4565553810162717, 1.7656065388415394, 1.7651639187338948, 0.0]]}