{"total energy": -45.85498493, "HOMO-LUMO gap/eV": 3.23625756, "electronic energy": -46.42092493, "dipole": [-0.63151853, -0.9770363, 0.11137025], "partial charges": [-0.11205921, 0.01916212, -0.20519159, 0.2608368, -0.36893025, 0.2622301, -0.20233684, 0.06153198, -0.11364178, -0.11418951, -0.32450461, 0.23259617, -0.1124307, -0.05299693, -0.33539061, 0.05087687, 0.04085461, 0.04576771, 0.02792936, 0.06344202, 0.1824191, 0.18275183, 0.03720422, 0.04665282, 0.03482288, 0.04781302, 0.0426632, 0.06078554, 0.0463418, 0.06412639, 0.06341457, 0.06744891], "atomic dipole moments": [[0.0952905, 0.08420716, -0.00728616], [0.10483989, -0.12679102, 0.04445857], [-0.00697088, 0.0881552, -0.15294803], [-0.02815706, -0.00995513, -0.0003913], [-0.00345664, 0.28243329, 0.04566203], [0.02006536, -0.002447, -0.00313387], [0.00885859, 0.04430107, 0.15552045], [-0.08520265, -0.0728884, -0.09585172], [-0.07503255, 0.09093964, -0.0173751], [-0.04963273, -0.0863305, 0.08846649], [-0.23050988, -0.15686713, 0.00525939], [-0.0038779, 0.03851084, 0.00571619], [-0.25782546, -0.29641042, 0.04919278], [0.15023254, -0.02497979, -0.06505347], [0.23698133, -0.14082581, -0.05502138], [-0.02088419, -0.044794, 0.11850163], [0.02227047, -0.10093051, -0.07275446], [-0.10788037, 0.0533751, -0.04101093], [0.01527141, 0.03714885, -0.11522516], [-0.0398373, 0.10116661, 0.07167162], [0.05199064, -0.09571877, -0.07148761], [-0.04400118, -0.11657453, 0.04138771], [-0.0159245, 0.05602158, 0.11433812], [0.02752975, -0.06920728, -0.10423716], [-0.04853071, -0.0818988, 0.08185456], [0.11196282, 0.03981723, 0.04979765], [0.10984767, 0.04494722, 0.04268151], [-0.07337807, 0.10529856, -0.0267609], [0.0248686, -0.0512022, -0.11456228], [-0.01625911, 0.12111619, 0.03315937], [-0.01109003, -0.07230367, 0.11028394], [-0.09405892, -0.02948119, -0.08698683]], "atomic quadrupole moments": [[0.10661038, 0.18915613, 0.03818239, -0.00066032, -0.00517059, -0.14479278], [0.29695059, 0.00474412, -0.03679227, 0.13237126, -0.07338662, -0.26015832], [0.11255196, 0.00803245, -0.04070324, 0.05735546, -0.04410348, -0.07184872], [-0.14011922, 0.09030402, -0.25614213, 0.13674022, -0.12198763, 0.39626135], [-0.02188688, -0.00082488, -0.13228778, 0.03646211, -0.04535922, 0.15417467], [-0.13368455, -0.10390266, -0.27199286, 0.10790475, -0.088494, 0.4056774], [0.10537564, -0.00599223, -0.06035695, 0.03904318, 0.03471429, -0.04501869], [0.19801668, 0.05779655, 0.00611581, 0.09772879, -0.09826457, -0.2041325], [0.0275978, -0.16292175, 0.09652251, 0.0365833, -0.06321307, -0.12412031], [-0.04570037, 0.10920259, 0.01731625, -0.09662915, -0.15292019, 0.02838412], [-0.12485771, -0.0236593, -0.06975095, 0.0467626, -0.04153954, 0.19460866], [-0.37635238, -0.0279386, 0.00429493, 0.10509842, -0.06045503, 0.37205744], [0.14912868, -0.09418842, 0.2460432, -0.29476067, 0.16257693, -0.39517188], [0.29591581, -0.07002091, -0.16989493, -0.23757978, 0.04123792, -0.12602088], [-0.12225027, 0.00244782, -0.06193758, 0.04896246, -0.04083843, 0.18418784], [-0.04318676, 0.01308281, -0.02829238, -0.00588015, -0.0277323, 0.07147914], [-0.02898633, -0.01783152, 0.02802349, -0.03065928, 0.05549524, 0.00096284], [0.04532894, -0.04337239, -0.00722546, 0.03619502, -0.02315693, -0.03810347], [0.00800926, 0.0011064, -0.03774444, -0.01058963, -0.01924063, 0.02973518], [-0.01276239, -0.00141673, 0.00906729, -0.00341918, 0.04043687, 0.0036951], [-0.00559746, 0.01127245, 0.05837368, 0.01982287, 0.0351677, -0.05277622], [0.00759542, -0.02246701, 0.06479024, 0.0152724, 0.00191405, -0.07238566], [0.00869081, -0.00082429, -0.00642929, -0.01411446, 0.01094206, -0.00226152], [-0.04274403, -0.0146121, -0.01786167, -0.01225982, 0.04265081, 0.0606057], [-0.01047953, 0.02587583, 0.00342461, -0.04593606, -0.05012306, 0.00705492], [0.04423146, 0.03878467, -0.01120452, 0.04177432, 0.01834916, -0.03302694], [0.04907986, 0.0370369, -0.03378699, 0.05061946, 0.0072098, -0.01529287], [0.01365613, -0.05947478, 0.02196541, 0.00090168, -0.01372536, -0.03562154], [-0.04839251, -0.00598176, 0.00435781, -0.01726899, 0.05433724, 0.04403469], [-0.03179043, -0.01240522, 0.07736829, -0.0136754, 0.03472099, -0.04557786], [-0.01050504, -0.00786109, -0.01085218, -0.01217407, -0.05930073, 0.02135721], [0.02918698, 0.02111671, -0.04815449, 0.03387218, 0.02577722, 0.01896751]], "number of molecular orbitals": 82, "number of electrons": 84, "number of unpaired electrons": 0, "orbital energies/eV": [-19.42786063, -18.61164504, -18.09398609, -17.82989225, -17.59239378, -17.50755314, -17.09527631, -16.89348265, -16.46434051, -16.28763618, -16.21422142, -16.10918214, -15.77668399, -15.52433017, -15.11287448, -15.01524045, -14.78365465, -14.50691465, -14.25804157, -14.11595234, -13.93647629, -13.68569299, -13.59693896, -13.53613173, -13.19133752, -13.08573263, -12.87249224, -12.80372446, -12.77539596, -12.71773789, -12.58280802, -12.3735543, -12.36144011, -12.29478831, -12.13975361, -12.00725378, -11.79885071, -10.69085613, -10.57749974, -10.16340162, -10.09691493, -10.04518762, -6.80893006, -6.34812013, -5.37051589, -3.65049205, -3.29422704, -0.11761657, 0.16639979, 0.50589446, 1.05499181, 1.19437686, 2.13197659, 2.65245494, 2.72937282, 3.39168274, 3.58103365, 3.68643122, 3.91330681, 4.06318491, 4.24427651, 4.50266805, 4.56103452, 4.9879467, 5.34099243, 5.42634739, 5.78430664, 5.93276268, 5.98520741, 6.02114968, 6.38267537, 6.51742251, 6.72921772, 6.87812816, 7.17866795, 7.4697076, 8.11963542, 10.5157166, 11.61483313, 12.9181086, 13.88144569, 17.63581763], "fractional occupation": [2.0, 2.0, 2.0, 2.0, 2.0, 2.0, 2.0, 2.0, 2.0, 2.0, 2.0, 2.0, 2.0, 2.0, 2.0, 2.0, 2.0, 2.0, 2.0, 2.0, 2.0, 2.0, 2.0, 2.0, 2.0, 2.0, 2.0, 2.0, 2.0, 2.0, 2.0, 2.0, 2.0, 2.0, 2.0, 2.0, 2.0, 2.0, 2.0, 2.0, 2.0, 2.0, 0.0, 0.0, 0.0, 0.0, 0.0, 0.0, 0.0, 0.0, 0.0, 0.0, 0.0, 0.0, 0.0, 0.0, 0.0, 0.0, 0.0, 0.0, 0.0, 0.0, 0.0, 0.0, 0.0, 0.0, 0.0, 0.0, 0.0, 0.0, 0.0, 0.0, 0.0, 0.0, 0.0, 0.0, 0.0, 0.0, 0.0, 0.0, 0.0, 0.0], "program call": "xtb /home/svss/Project-DBcg-Debug/aqme2_20220329/End-to-End-workflows-final/example-3/QDESCP/mol_540_rdkit_conf_20/mol_540_rdkit_conf_20.xyz --pop --wbo --acc 0.2 --gfn 2 --chrg 0 --uhf 0 --etemp 300 --input /home/svss/Project-DBcg-Debug/aqme2_20220329/End-to-End-workflows-final/example-3/QDESCP/mol_540_rdkit_conf_20/mol_540_rdkit_conf_20_xtb.inp", "method": "GFN2-xTB", "xtb version": "6.3.3 (7355c4f)", "Dipole module/D": 2.971, "Total charge": 0, "Transition dipole module/D": NaN, "HOMO": -10.0452, "LUMO": -6.8089, "HOMO occupancy": 2.0, "LUMO occupancy": 0, "mulliken charges": [-0.09526, 0.10439, -0.36286, 0.44209, -0.45024, 0.44229, -0.36464, 0.13743, -0.10219, -0.09514, -0.41921, 0.37732, -0.0913, -0.00907, -0.42821, 0.03613, 0.02947, 0.03156, 0.02244, 0.03208, 0.21517, 0.21776, 0.02695, 0.034, 0.0308, 0.03397, 0.02605, 0.04234, 0.03056, 0.03463, 0.03639, 0.03428], "cm5 charges": [-0.23975, 0.05564, -0.70315, 0.65897, -0.62613, 0.65968, -0.70238, 0.12543, -0.24523, -0.23628, -0.59417, 0.54662, -0.11806, -0.13784, -0.60701, 0.08956, 0.08283, 0.08276, 0.08803, 0.09944, 0.41646, 0.4199, 0.09762, 0.08794, 0.08428, 0.08573, 0.07794, 0.09892, 0.08464, 0.08698, 0.09108, 0.08955], "FUKUI+": [0.012, 0.014, -0.047, -0.028, -0.105, -0.028, -0.047, 0.008, 0.012, 0.01, -0.078, -0.05, -0.237, 0.038, -0.077, -0.017, -0.017, -0.025, -0.02, -0.015, -0.037, -0.036, -0.011, -0.018, -0.012, -0.026, -0.025, 0.004, -0.018, -0.049, -0.038, -0.037], "FUKUI-": [0.013, 0.014, -0.062, 0.0, -0.073, -0.0, -0.06, 0.006, 0.015, 0.006, -0.073, 0.025, -0.271, 0.044, -0.064, -0.024, -0.023, -0.028, -0.044, -0.028, -0.036, -0.035, -0.037, -0.025, -0.019, -0.028, -0.033, -0.007, -0.028, -0.043, -0.041, -0.04], "FUKUIrad": [0.012, 0.014, -0.055, -0.014, -0.089, -0.014, -0.053, 0.007, 0.014, 0.008, -0.075, -0.013, -0.254, 0.041, -0.071, -0.02, -0.02, -0.027, -0.032, -0.022, -0.036, -0.036, -0.024, -0.022, -0.016, -0.027, -0.029, -0.002, -0.023, -0.046, -0.039, -0.039], "s proportion": [1.012, 1.001, 1.458, 0.978, 1.533, 0.977, 1.456, 1.028, 1.018, 1.014, 1.532, 1.019, 1.926, 1.009, 1.535, 0.964, 0.971, 0.968, 0.978, 0.968, 0.785, 0.782, 0.973, 0.966, 0.969, 0.966, 0.974, 0.958, 0.969, 0.965, 0.964, 0.966], "p proportion": [3.084, 2.895, 3.905, 2.58, 3.917, 2.58, 3.909, 2.834, 3.085, 3.081, 3.888, 2.604, 4.164, 3.0, 3.894, 0.0, 0.0, 0.0, 0.0, 0.0, 0.0, 0.0, 0.0, 0.0, 0.0, 0.0, 0.0, 0.0, 0.0, 0.0, 0.0, 0.0], "d proportion": [0.0, 0.0, 0.0, 0.0, 0.0, 0.0, 0.0, 0.0, 0.0, 0.0, 0.0, 0.0, 0.001, 0.0, 0.0, 0.0, 0.0, 0.0, 0.0, 0.0, 0.0, 0.0, 0.0, 0.0, 0.0, 0.0, 0.0, 0.0, 0.0, 0.0, 0.0, 0.0], "Fermi-level/eV": -8.4271, "Coordination numbers": [3.751, 3.748, 2.697, 2.943, 1.857, 2.935, 2.7, 3.792, 3.754, 3.753, 1.891, 3.001, 2.035, 3.742, 1.874, 0.924, 0.924, 0.924, 0.924, 0.924, 0.86, 0.86, 0.924, 0.924, 0.924, 0.924, 0.924, 0.924, 0.924, 0.924, 0.924, 0.924], "Dispersion coefficient C6": [22.705, 20.315, 25.462, 22.621, 30.474, 22.596, 25.397, 19.557, 22.732, 22.744, 29.267, 23.129, 145.76, 21.602, 29.559, 2.309, 2.438, 2.374, 2.616, 2.159, 1.2, 1.198, 2.487, 2.362, 2.519, 2.348, 2.414, 2.19, 2.366, 2.151, 2.16, 2.114], "Total dispersion C6": 11153.365426, "Total dispersion C8": 272298.124445, "Polarizability alpha": [6.795, 6.429, 7.494, 7.8, 8.182, 7.796, 7.485, 6.298, 6.799, 6.801, 8.02, 7.889, 20.32, 6.631, 8.059, 2.376, 2.442, 2.409, 2.529, 2.298, 1.716, 1.715, 2.466, 2.404, 2.482, 2.396, 2.43, 2.314, 2.406, 2.294, 2.298, 2.274], "Total polarizability alpha": 162.045823, "Wiberg matrix": [[0.0, 1.0191751412782606, 0.0, 0.0, 0.0, 0.0, 0.0, 0.0, 0.0, 0.0, 0.0, 0.0, 0.0, 0.0, 0.0, 0.9863739504383602, 0.9862853825338173, 0.9851017475717574, 0.0, 0.0, 0.0, 0.0, 0.0, 0.0, 0.0, 0.0, 0.0, 0.0, 0.0, 0.0, 0.0, 0.0], [1.0191751412782606, 0.0, 0.9873895825074095, 0.0, 0.0, 0.0, 0.0, 0.0, 0.0, 0.0, 0.0, 0.0, 0.0, 0.0, 0.0, 0.0, 0.0, 0.0, 0.9703516900589207, 0.9704828316145591, 0.0, 0.0, 0.0, 0.0, 0.0, 0.0, 0.0, 0.0, 0.0, 0.0, 0.0, 0.0], [0.0, 0.9873895825074095, 0.0, 1.1706969722573919, 0.0, 0.0, 0.0, 0.0, 0.0, 0.0, 0.0, 0.0, 0.0, 0.0, 0.0, 0.0, 0.0, 0.0, 0.0, 0.0, 0.9330723299752515, 0.0, 0.0, 0.0, 0.0, 0.0, 0.0, 0.0, 0.0, 0.0, 0.0, 0.0], [0.0, 0.0, 1.1706969722573919, 0.0, 1.3412246060740145, 0.0, 0.0, 0.0, 0.0, 0.0, 0.0, 0.0, 0.0, 0.0, 1.3164441931811348, 0.0, 0.0, 0.0, 0.0, 0.0, 0.0, 0.0, 0.0, 0.0, 0.0, 0.0, 0.0, 0.0, 0.0, 0.0, 0.0, 0.0], [0.0, 0.0, 0.0, 1.3412246060740145, 0.0, 1.3234952625869103, 0.0, 0.0, 0.0, 0.0, 0.0, 0.0, 0.0, 0.0, 0.0, 0.0, 0.0, 0.0, 0.0, 0.0, 0.0, 0.0, 0.0, 0.0, 0.0, 0.0, 0.0, 0.0, 0.0, 0.0, 0.0, 0.0], [0.0, 0.0, 0.0, 0.0, 1.3234952625869103, 0.0, 1.1872281898999457, 0.0, 0.0, 0.0, 1.320623370903148, 0.0, 0.0, 0.0, 0.0, 0.0, 0.0, 0.0, 0.0, 0.0, 0.0, 0.0, 0.0, 0.0, 0.0, 0.0, 0.0, 0.0, 0.0, 0.0, 0.0, 0.0], [0.0, 0.0, 0.0, 0.0, 0.0, 1.1872281898999457, 0.0, 0.9725315884538072, 0.0, 0.0, 0.0, 0.0, 0.0, 0.0, 0.0, 0.0, 0.0, 0.0, 0.0, 0.0, 0.0, 0.9315975740774934, 0.0, 0.0, 0.0, 0.0, 0.0, 0.0, 0.0, 0.0, 0.0, 0.0], [0.0, 0.0, 0.0, 0.0, 0.0, 0.0, 0.9725315884538072, 0.0, 1.0069288667076017, 1.003713301598324, 0.0, 0.0, 0.0, 0.0, 0.0, 0.0, 0.0, 0.0, 0.0, 0.0, 0.0, 0.0, 0.9615363025922717, 0.0, 0.0, 0.0, 0.0, 0.0, 0.0, 0.0, 0.0, 0.0], [0.0, 0.0, 0.0, 0.0, 0.0, 0.0, 0.0, 1.0069288667076017, 0.0, 0.0, 0.0, 0.0, 0.0, 0.0, 0.0, 0.0, 0.0, 0.0, 0.0, 0.0, 0.0, 0.0, 0.0, 0.9858081568625949, 0.985574774100348, 0.984281277752922, 0.0, 0.0, 0.0, 0.0, 0.0, 0.0], [0.0, 0.0, 0.0, 0.0, 0.0, 0.0, 0.0, 1.003713301598324, 0.0, 0.0, 0.0, 0.0, 0.0, 0.0, 0.0, 0.0, 0.0, 0.0, 0.0, 0.0, 0.0, 0.0, 0.0, 0.0, 0.0, 0.0, 0.9848264966151782, 0.9827479772178054, 0.9857713779512136, 0.0, 0.0, 0.0], [0.0, 0.0, 0.0, 0.0, 0.0, 1.320623370903148, 0.0, 0.0, 0.0, 0.0, 0.0, 1.3806177243760454, 0.0, 0.0, 0.0, 0.0, 0.0, 0.0, 0.0, 0.0, 0.0, 0.0, 0.0, 0.0, 0.0, 0.0, 0.0, 0.0, 0.0, 0.0, 0.0, 0.0], [0.0, 0.0, 0.0, 0.0, 0.0, 0.0, 0.0, 0.0, 0.0, 0.0, 1.3806177243760454, 0.0, 1.067359594497358, 0.0, 1.377654870206199, 0.0, 0.0, 0.0, 0.0, 0.0, 0.0, 0.0, 0.0, 0.0, 0.0, 0.0, 0.0, 0.0, 0.0, 0.0, 0.0, 0.0], [0.0, 0.0, 0.0, 0.0, 0.0, 0.0, 0.0, 0.0, 0.0, 0.0, 0.0, 1.067359594497358, 0.0, 1.0117857425088264, 0.0, 0.0, 0.0, 0.0, 0.0, 0.0, 0.0, 0.0, 0.0, 0.0, 0.0, 0.0, 0.0, 0.0, 0.0, 0.0, 0.0, 0.0], [0.0, 0.0, 0.0, 0.0, 0.0, 0.0, 0.0, 0.0, 0.0, 0.0, 0.0, 0.0, 1.0117857425088264, 0.0, 0.0, 0.0, 0.0, 0.0, 0.0, 0.0, 0.0, 0.0, 0.0, 0.0, 0.0, 0.0, 0.0, 0.0, 0.0, 0.9798842168710935, 0.9816028214863814, 0.9808027425492954], [0.0, 0.0, 0.0, 1.3164441931811348, 0.0, 0.0, 0.0, 0.0, 0.0, 0.0, 0.0, 1.377654870206199, 0.0, 0.0, 0.0, 0.0, 0.0, 0.0, 0.0, 0.0, 0.0, 0.0, 0.0, 0.0, 0.0, 0.0, 0.0, 0.0, 0.0, 0.0, 0.0, 0.0], [0.9863739504383602, 0.0, 0.0, 0.0, 0.0, 0.0, 0.0, 0.0, 0.0, 0.0, 0.0, 0.0, 0.0, 0.0, 0.0, 0.0, 0.0, 0.0, 0.0, 0.0, 0.0, 0.0, 0.0, 0.0, 0.0, 0.0, 0.0, 0.0, 0.0, 0.0, 0.0, 0.0], [0.9862853825338173, 0.0, 0.0, 0.0, 0.0, 0.0, 0.0, 0.0, 0.0, 0.0, 0.0, 0.0, 0.0, 0.0, 0.0, 0.0, 0.0, 0.0, 0.0, 0.0, 0.0, 0.0, 0.0, 0.0, 0.0, 0.0, 0.0, 0.0, 0.0, 0.0, 0.0, 0.0], [0.9851017475717574, 0.0, 0.0, 0.0, 0.0, 0.0, 0.0, 0.0, 0.0, 0.0, 0.0, 0.0, 0.0, 0.0, 0.0, 0.0, 0.0, 0.0, 0.0, 0.0, 0.0, 0.0, 0.0, 0.0, 0.0, 0.0, 0.0, 0.0, 0.0, 0.0, 0.0, 0.0], [0.0, 0.9703516900589207, 0.0, 0.0, 0.0, 0.0, 0.0, 0.0, 0.0, 0.0, 0.0, 0.0, 0.0, 0.0, 0.0, 0.0, 0.0, 0.0, 0.0, 0.0, 0.0, 0.0, 0.0, 0.0, 0.0, 0.0, 0.0, 0.0, 0.0, 0.0, 0.0, 0.0], [0.0, 0.9704828316145591, 0.0, 0.0, 0.0, 0.0, 0.0, 0.0, 0.0, 0.0, 0.0, 0.0, 0.0, 0.0, 0.0, 0.0, 0.0, 0.0, 0.0, 0.0, 0.0, 0.0, 0.0, 0.0, 0.0, 0.0, 0.0, 0.0, 0.0, 0.0, 0.0, 0.0], [0.0, 0.0, 0.9330723299752515, 0.0, 0.0, 0.0, 0.0, 0.0, 0.0, 0.0, 0.0, 0.0, 0.0, 0.0, 0.0, 0.0, 0.0, 0.0, 0.0, 0.0, 0.0, 0.0, 0.0, 0.0, 0.0, 0.0, 0.0, 0.0, 0.0, 0.0, 0.0, 0.0], [0.0, 0.0, 0.0, 0.0, 0.0, 0.0, 0.9315975740774934, 0.0, 0.0, 0.0, 0.0, 0.0, 0.0, 0.0, 0.0, 0.0, 0.0, 0.0, 0.0, 0.0, 0.0, 0.0, 0.0, 0.0, 0.0, 0.0, 0.0, 0.0, 0.0, 0.0, 0.0, 0.0], [0.0, 0.0, 0.0, 0.0, 0.0, 0.0, 0.0, 0.9615363025922717, 0.0, 0.0, 0.0, 0.0, 0.0, 0.0, 0.0, 0.0, 0.0, 0.0, 0.0, 0.0, 0.0, 0.0, 0.0, 0.0, 0.0, 0.0, 0.0, 0.0, 0.0, 0.0, 0.0, 0.0], [0.0, 0.0, 0.0, 0.0, 0.0, 0.0, 0.0, 0.0, 0.9858081568625949, 0.0, 0.0, 0.0, 0.0, 0.0, 0.0, 0.0, 0.0, 0.0, 0.0, 0.0, 0.0, 0.0, 0.0, 0.0, 0.0, 0.0, 0.0, 0.0, 0.0, 0.0, 0.0, 0.0], [0.0, 0.0, 0.0, 0.0, 0.0, 0.0, 0.0, 0.0, 0.985574774100348, 0.0, 0.0, 0.0, 0.0, 0.0, 0.0, 0.0, 0.0, 0.0, 0.0, 0.0, 0.0, 0.0, 0.0, 0.0, 0.0, 0.0, 0.0, 0.0, 0.0, 0.0, 0.0, 0.0], [0.0, 0.0, 0.0, 0.0, 0.0, 0.0, 0.0, 0.0, 0.984281277752922, 0.0, 0.0, 0.0, 0.0, 0.0, 0.0, 0.0, 0.0, 0.0, 0.0, 0.0, 0.0, 0.0, 0.0, 0.0, 0.0, 0.0, 0.0, 0.0, 0.0, 0.0, 0.0, 0.0], [0.0, 0.0, 0.0, 0.0, 0.0, 0.0, 0.0, 0.0, 0.0, 0.9848264966151782, 0.0, 0.0, 0.0, 0.0, 0.0, 0.0, 0.0, 0.0, 0.0, 0.0, 0.0, 0.0, 0.0, 0.0, 0.0, 0.0, 0.0, 0.0, 0.0, 0.0, 0.0, 0.0], [0.0, 0.0, 0.0, 0.0, 0.0, 0.0, 0.0, 0.0, 0.0, 0.9827479772178054, 0.0, 0.0, 0.0, 0.0, 0.0, 0.0, 0.0, 0.0, 0.0, 0.0, 0.0, 0.0, 0.0, 0.0, 0.0, 0.0, 0.0, 0.0, 0.0, 0.0, 0.0, 0.0], [0.0, 0.0, 0.0, 0.0, 0.0, 0.0, 0.0, 0.0, 0.0, 0.9857713779512136, 0.0, 0.0, 0.0, 0.0, 0.0, 0.0, 0.0, 0.0, 0.0, 0.0, 0.0, 0.0, 0.0, 0.0, 0.0, 0.0, 0.0, 0.0, 0.0, 0.0, 0.0, 0.0], [0.0, 0.0, 0.0, 0.0, 0.0, 0.0, 0.0, 0.0, 0.0, 0.0, 0.0, 0.0, 0.0, 0.9798842168710935, 0.0, 0.0, 0.0, 0.0, 0.0, 0.0, 0.0, 0.0, 0.0, 0.0, 0.0, 0.0, 0.0, 0.0, 0.0, 0.0, 0.0, 0.0], [0.0, 0.0, 0.0, 0.0, 0.0, 0.0, 0.0, 0.0, 0.0, 0.0, 0.0, 0.0, 0.0, 0.9816028214863814, 0.0, 0.0, 0.0, 0.0, 0.0, 0.0, 0.0, 0.0, 0.0, 0.0, 0.0, 0.0, 0.0, 0.0, 0.0, 0.0, 0.0, 0.0], [0.0, 0.0, 0.0, 0.0, 0.0, 0.0, 0.0, 0.0, 0.0, 0.0, 0.0, 0.0, 0.0, 0.9808027425492954, 0.0, 0.0, 0.0, 0.0, 0.0, 0.0, 0.0, 0.0, 0.0, 0.0, 0.0, 0.0, 0.0, 0.0, 0.0, 0.0, 0.0, 0.0]], "Born radii": [], "Atomic SASAs": [], "Solvent H bonds": [], "Total SASA": NaN, "Total FOD": 0.0, "FOD": [0.0, 0.0, 0.0, 0.0, 0.0, 0.0, 0.0, 0.0, 0.0, 0.0, 0.0, 0.0, 0.0, 0.0, 0.0, 0.0, 0.0, 0.0, 0.0, 0.0, 0.0, 0.0, 0.0, 0.0, 0.0, 0.0, 0.0, 0.0, 0.0, 0.0, 0.0, 0.0], "FOD s proportion": [0.0, 0.0, 0.0, 0.0, 0.0, 0.0, 0.0, 0.0, 0.0, 0.0, 0.0, 0.0, 0.0, 0.0, 0.0, 0.0, 0.0, 0.0, 0.0, 0.0, 0.0, 0.0, 0.0, 0.0, 0.0, 0.0, 0.0, 0.0, 0.0, 0.0, 0.0, 0.0], "FOD p proportion": [0.0, 0.0, 0.0, 0.0, 0.0, 0.0, 0.0, 0.0, 0.0, 0.0, 0.0, 0.0, 0.0, 0.0, 0.0, 0.0, 0.0, 0.0, 0.0, 0.0, 0.0, 0.0, 0.0, 0.0, 0.0, 0.0, 0.0, 0.0, 0.0, 0.0, 0.0, 0.0], "FOD d proportion": [0.0, 0.0, 0.0, 0.0, 0.0, 0.0, 0.0, 0.0, 0.0, 0.0, 0.0, 0.0, 0.0, 0.0, 0.0, 0.0, 0.0, 0.0, 0.0, 0.0, 0.0, 0.0, 0.0, 0.0, 0.0, 0.0, 0.0, 0.0, 0.0, 0.0, 0.0, 0.0], "coordinates": [["-4.76120", "-1.59250", "-0.35120"], ["-3.61990", "-0.58830", "-0.38830"], ["-2.40600", "-1.22250", "0.09430"], ["-1.26930", "-0.42280", "0.03710"], ["-0.13900", "-1.05970", "-0.23380"], ["0.95560", "-0.31300", "-0.28740"], ["2.12540", "-0.99940", "-0.58800"], ["3.36170", "-0.46940", "-0.02280"], ["4.31470", "-1.63520", "0.25190"], ["4.01140", "0.50290", "-1.00740"], ["0.97230", "0.99200", "-0.07880"], ["-0.20740", "1.53630", "0.18960"], ["-0.20870", "3.29500", "0.46630"], ["-1.84560", "3.50230", "1.20810"], ["-1.35810", "0.87910", "0.25400"], ["-4.92770", "-1.95990", "0.66700"], ["-4.54520", "-2.45710", "-0.98800"], ["-5.68780", "-1.13010", "-0.70490"], ["-3.48820", "-0.23320", "-1.41770"], ["-3.88860", "0.26850", "0.24120"], ["-2.15870", "-2.09140", "-0.36910"], ["1.93200", "-1.97690", "-0.39610"], ["3.18020", "0.03740", "0.93400"], ["4.53750", "-2.19440", "-0.66390"], ["3.87270", "-2.33680", "0.96810"], ["5.26020", "-1.27640", "0.67190"], ["4.96100", "0.87900", "-0.61220"], ["3.36890", "1.36680", "-1.20450"], ["4.21230", "0.01850", "-1.96980"], ["-1.97680", "4.55050", "1.49060"], ["-1.94490", "2.89010", "2.10900"], ["-2.63290", "3.24070", "0.49560"]], "bond_dist": [[0.0, 1.5206445146713283, 2.425353023788495, 3.7030177679832965, 4.654287425589442, 5.858582843145601, 6.9161478736360165, 8.206747503122049, 9.096016364870943, 9.0432190264308, 6.294987232711437, 5.551481650874837, 6.729132094854432, 6.073641979076474, 4.249254429897085, 1.0951877692889014, 1.0953097278852224, 1.094305720536999, 2.1460772912455877, 2.139086141322972, 2.649948654219549, 6.70437958427176, 8.208175620075389, 9.323405310829301, 8.765772309956494, 10.078447835852502, 10.034819683980377, 8.693911857731248, 9.25952964302183, 6.991534852948957, 5.837622160606148, 5.348509453109342], [1.5206445146713283, 0.0, 1.4521245160109375, 2.3945095050970253, 3.516070679039317, 4.584885074895553, 5.763449955538783, 6.992171767054926, 8.028930987995848, 7.733740488276031, 4.866357896825921, 4.061163604190307, 5.238954618051201, 4.73599427892391, 2.7715611647589524, 2.1691670037136372, 2.1698464507886266, 2.1610167074782187, 1.096861550059988, 1.0966203445130862, 2.096373938494752, 5.7229244630695595, 6.955669471014275, 8.31857483767502, 7.812562189832475, 8.969597630886238, 8.708326205993894, 7.3028709347762675, 8.013283055652034, 5.712907163607685, 4.5979776913334405, 4.051751375639921], [2.425353023788495, 1.4521245160109375, 0.0, 1.3909992163908649, 2.2963977116344636, 3.50331838404676, 4.587907241869652, 5.817837683366561, 6.735203600486032, 6.736005552996524, 4.043128089734482, 3.5290085704061416, 5.037292679604789, 4.886546187236953, 2.353788660861463, 2.688998873186822, 2.696625129675981, 3.378974643290476, 2.1061850179886856, 2.1077863672583135, 1.0153246081918827, 4.430333567577051, 5.787752114595095, 7.052067009040683, 6.4364015272510775, 7.6881174165071124, 7.69338244857228, 6.460714042580743, 7.0429031443006505, 5.954947130747678, 4.602728327850776, 4.4869454576582495], [3.7030177679832965, 2.3945095050970253, 1.3909992163908649, 0.0, 1.3253703293796795, 2.2511188995697227, 3.4996007858040037, 4.631621807747261, 5.7181385782437975, 5.462022814855318, 2.653273904066446, 2.233598144250662, 3.889874270461707, 4.136396100472004, 1.3228282806169516, 4.017877671109463, 3.990078609501322, 4.535854885244897, 2.6600579711728085, 2.7166679940692053, 1.9339743431597018, 3.584858538352664, 4.5622652158768675, 6.111374133531673, 5.565098471725366, 6.615585707252231, 6.397883385933195, 5.124171929199878, 5.854086765670629, 5.229429356057886, 3.9654144020518207, 3.9358429160727435], [4.654287425589442, 3.516070679039317, 2.2963977116344636, 1.3253703293796795, 0.0, 1.326115760407062, 2.292727870899641, 3.5563851844253316, 4.516918023387186, 4.501776969153403, 2.338479330676241, 2.63119024777761, 4.411168800896198, 5.079705027853488, 2.3416018214034597, 4.95514362758538, 4.683603616874511, 5.569207556735519, 3.64717179469243, 4.006150321692885, 2.271981309342135, 2.270823227378124, 3.685712127934031, 4.831374788815291, 4.3782741931039455, 5.478924348811544, 5.469163030117132, 4.374416892569798, 4.807288521609661, 6.15023643773148, 4.934663786926116, 5.024440439491745], [5.858582843145601, 4.584885074895553, 3.50331838404676, 2.2511188995697227, 1.326115760407062, 0.0, 1.389221854132737, 2.4256527636906315, 3.65001508764005, 3.2437642408165237, 1.3216723686299867, 2.2360698759206965, 3.865400649350595, 4.963844858574852, 2.658462724959671, 6.183557055611277, 5.945317973834537, 6.706468684784862, 4.585990031607134, 4.907528283158437, 3.5872337448234397, 1.9322877270220395, 2.5619217942786623, 4.063425380144195, 3.7658357770885336, 4.514197294093382, 4.1916092613696705, 3.0800677492548765, 3.680551167963842, 5.950956730644242, 4.941202568201389, 5.110695152325171], [6.9161478736360165, 5.763449955538783, 4.587907241869652, 3.4996007858040037, 2.292727870899641, 1.389221854132737, 0.0, 1.4590369186555905, 2.4295489581401735, 2.4474063107706496, 2.356819511545167, 3.5321936654153037, 5.000144263918792, 6.265789583125178, 4.046294415882265, 7.227987607903046, 6.839721752381452, 7.815167454379976, 5.726078019901579, 6.2018818958441955, 4.426499070371529, 1.0147587989271147, 2.122272668626725, 2.6929560375171366, 2.6950219405414866, 3.3898448415819864, 3.4014114070485513, 2.743221999765969, 2.7019702552026734, 7.207635729557925, 6.242544460394335, 6.464832237575853], [8.206747503122049, 6.992171767054926, 5.817837683366561, 4.631621807747261, 3.5563851844253316, 2.4256527636906315, 1.4590369186555905, 0.0, 1.5306073075743498, 1.528697007258142, 2.8014386161399285, 4.099563520668999, 5.211303323545848, 6.663744367095724, 4.916460365954352, 8.45053647113602, 8.20984956865837, 9.09918870834098, 6.994473994518816, 7.292533338970758, 5.76416722953108, 2.1109124164682913, 1.097840940209464, 2.183836040090922, 2.174899209158898, 2.1767313430922064, 2.173323586123337, 2.1835973003280618, 2.179994442653467, 7.482603679201512, 6.63255720291955, 7.068861982667366], [9.096016364870943, 8.028930987995848, 6.735203600486032, 5.7181385782437975, 4.516918023387186, 3.65001508764005, 2.4295489581401735, 1.5306073075743498, 0.0, 2.4998597940684597, 4.264174022011766, 5.523738041399139, 6.694324981654237, 8.078212721883475, 6.2050276985683155, 9.257413022005661, 8.983913380593114, 10.060844820391576, 8.101753919368324, 8.421301506893101, 6.519100167967968, 2.4927739929644646, 2.1330591693621628, 1.09591702240635, 1.0956956694265068, 1.095037757339901, 2.7359777301725243, 3.468089185704428, 2.7714906350193576, 8.909558599055288, 7.9441646924015865, 8.491344785132682], [9.0432190264308, 7.733740488276031, 6.736005552996524, 5.462022814855318, 4.501776969153403, 3.2437642408165237, 2.4474063107706496, 1.528697007258142, 2.4998597940684597, 0.0, 3.215220922425083, 4.505440932916555, 5.270375518879087, 6.943290978347372, 5.528488640668442, 9.422128634761892, 9.054136067013793, 9.840359540687526, 7.546799948322468, 8.001496442541233, 6.723685997278576, 3.293478418025538, 2.162548878060332, 2.769512727899982, 3.4620418873838026, 2.746899783392179, 1.0951595363233617, 1.0945217540094851, 1.0960008804740988, 7.6473269186036505, 7.133595341060495, 7.341749132870176], [6.294987232711437, 4.866357896825921, 4.043128089734482, 2.653273904066446, 2.338479330676241, 1.3216723686299867, 2.356819511545167, 2.8014386161399285, 4.264174022011766, 3.215220922425083, 0.0, 1.3266473306798607, 2.644939320665032, 3.9872644895968463, 2.356749119019672, 6.639271891555579, 6.570064056004325, 7.017994131516498, 4.81558184438807, 4.924855435441734, 4.403951708409165, 3.136251040653474, 2.6099516106625424, 4.817274956860984, 4.53753558773923, 4.9086938649706, 4.0257933690143615, 2.6742040105422022, 3.875717127190786, 4.880894325838248, 4.110876827393397, 4.287663010312261], [5.551481650874837, 4.061163604190307, 3.5290085704061416, 2.233598144250662, 2.63119024777761, 2.2360698759206965, 3.5321936654153037, 4.099563520668999, 5.523738041399139, 4.505440932916555, 1.3266473306798607, 0.0, 1.7803343141106953, 2.754305264490485, 1.3267138689257756, 5.893433404222025, 6.012528100558034, 6.1599191041766135, 4.059333957683206, 3.893740212186735, 4.156912877364643, 4.154834664580529, 3.778447608476264, 6.095954457671087, 5.679276526988274, 6.167539569390699, 5.271364632616492, 3.842156523360286, 5.147861040276825, 3.729447546219145, 2.921605218026556, 2.9802123431057725], [6.729132094854432, 5.238954618051201, 5.037292679604789, 3.889874270461707, 4.411168800896198, 3.865400649350595, 5.000144263918792, 5.211303323545848, 6.694324981654237, 5.270375518879087, 2.644939320665032, 1.7803343141106953, 0.0, 1.8090555933967312, 2.6837966502699118, 7.065636241698266, 7.348937008166556, 7.139590762781856, 5.172308139505998, 4.769909461404902, 5.789101667789226, 5.754933523508329, 4.723911965733485, 7.344200354020851, 6.973291937098289, 7.130837014684882, 5.807410467669734, 4.394172236041732, 6.017912965472332, 2.3982594417618794, 2.4242107457892352, 2.4249850762427383], [6.073641979076474, 4.73599427892391, 4.886546187236953, 4.136396100472004, 5.079705027853488, 4.963844858574852, 6.265789583125178, 6.663744367095724, 8.078212721883475, 6.943290978347372, 3.9872644895968463, 2.754305264490485, 1.8090555933967312, 0.0, 2.8335739446854036, 6.295058257077531, 6.901097284490344, 6.315156340107504, 4.852516939692225, 3.945403281034779, 5.820229474857499, 6.84582734517896, 6.11059149837395, 8.757895894562802, 8.176285446338087, 8.579969566962344, 7.518310883436519, 6.129601068585133, 7.676852431823866, 1.0935003109281685, 1.0937413496800787, 1.0935868049679458], [4.249254429897085, 2.7715611647589524, 2.353788660861463, 1.3228282806169516, 2.3416018214034597, 2.658462724959671, 4.046294415882265, 4.916460365954352, 6.2050276985683155, 5.528488640668442, 2.356749119019672, 1.3267138689257756, 2.6837966502699118, 2.8335739446854036, 0.0, 4.579577945619006, 4.778116872785763, 4.868539405201523, 2.9273056195074676, 2.603157016009599, 3.1389622839403475, 4.405011239486228, 4.665514524679995, 6.711709321774894, 6.181684257546644, 6.972999035565688, 6.378191535223759, 4.970875429941893, 6.059313076578896, 3.923155262030806, 2.7981208408501588, 2.6945575072727617], [1.0951877692889014, 2.1691670037136372, 2.688998873186822, 4.017877671109463, 4.95514362758538, 6.183557055611277, 7.227987607903046, 8.45053647113602, 9.257413022005661, 9.422128634761892, 6.639271891555579, 5.893433404222025, 7.065636241698266, 6.295058257077531, 4.579577945619006, 0.0, 1.7698980450862134, 1.7743814866031489, 3.0658811506645196, 2.495355888445574, 2.959418263780907, 6.941610382324839, 8.354551974821868, 9.561186960832844, 8.81361191453311, 10.210803233340656, 10.367357114520557, 9.132525209382123, 9.716294602367716, 7.195237030842001, 5.873581517268659, 5.686978579175412], [1.0953097278852224, 2.1698464507886266, 2.696625129675981, 3.990078609501322, 4.683603616874511, 5.945317973834537, 6.839721752381452, 8.20984956865837, 8.983913380593114, 9.054136067013793, 6.570064056004325, 6.012528100558034, 7.348937008166556, 6.901097284490344, 4.778116872785763, 1.7698980450862134, 0.0, 1.7738684759586885, 2.4995244147637368, 3.0612009996078338, 2.4924196978037227, 6.521890637690883, 8.3425667159454, 9.092276469069779, 8.643022602654698, 10.014748606929682, 10.081598449154777, 8.79215913584371, 9.153487469265471, 7.86426056791101, 6.704141774306388, 6.1905480443980085], [1.094305720536999, 2.1610167074782187, 3.378974643290476, 4.535854885244897, 5.569207556735519, 6.706468684784862, 7.815167454379976, 9.09918870834098, 10.060844820391576, 9.840359540687526, 7.017994131516498, 6.1599191041766135, 7.139590762781856, 6.315156340107504, 4.868539405201523, 1.7743814866031489, 1.7738684759586885, 0.0, 2.4800712913140224, 2.4674496570345665, 3.6730649517807334, 7.67292510845766, 9.093430236165009, 10.28062136157149, 9.78050173252886, 11.035202124564824, 10.837066832865801, 9.407865042611952, 10.046453801217622, 7.131686869878682, 6.171656314151008, 5.466032098332391], [2.1460772912455877, 1.096861550059988, 2.1061850179886856, 2.6600579711728085, 3.64717179469243, 4.585990031607134, 5.726078019901579, 6.994473994518816, 8.101753919368324, 7.546799948322468, 4.81558184438807, 4.059333957683206, 5.172308139505998, 4.852516939692225, 2.9273056195074676, 3.0658811506645196, 2.4995244147637368, 2.4800712913140224, 0.0, 1.7787558179806469, 2.513968864166778, 5.784697424239231, 7.07610597786664, 8.29616660693359, 8.018729538399459, 9.05478862039308, 8.560070077400068, 7.04452089570327, 7.72436842402018, 5.7988209611954735, 4.957256365168136, 4.05712166319917], [2.139086141322972, 1.0966203445130862, 2.1077863672583135, 2.7166679940692053, 4.006150321692885, 4.907528283158437, 6.2018818958441955, 7.292533338970758, 8.421301506893101, 8.001496442541233, 4.924855435441734, 3.893740212186735, 4.769909461404902, 3.945403281034779, 2.603157016009599, 2.495355888445574, 3.0612009996078338, 2.4674496570345665, 1.7787558179806469, 0.0, 2.989004534958085, 6.271152749694428, 7.106427547650084, 8.82520501914828, 8.219108795362184, 9.28831308365518, 8.911589194414205, 7.481150822567341, 8.400928627836329, 4.852989140725538, 3.760243754067015, 3.2365837993168043], [2.649948654219549, 2.096373938494752, 1.0153246081918827, 1.9339743431597018, 2.271981309342135, 3.5872337448234397, 4.426499070371529, 5.76416722953108, 6.519100167967968, 6.723685997278576, 4.403951708409165, 4.156912877364643, 5.789101667789226, 5.820229474857499, 3.1389622839403475, 2.959418263780907, 2.4924196978037227, 3.6730649517807334, 2.513968864166778, 2.989004534958085, 0.0, 4.092391200752929, 5.893531391279765, 6.703477491571072, 6.1827268223656775, 7.535780199156555, 7.718322477067151, 6.573538024534429, 6.899533281316933, 6.899739655233378, 5.567946865766591, 5.422532815944963], [6.70437958427176, 5.7229244630695595, 4.430333567577051, 3.584858538352664, 2.270823227378124, 1.9322877270220395, 1.0147587989271147, 2.1109124164682913, 2.4927739929644646, 3.293478418025538, 3.136251040653474, 4.154834664580529, 5.754933523508329, 6.84582734517896, 4.405011239486228, 6.941610382324839, 6.521890637690883, 7.67292510845766, 5.784697424239231, 6.271152749694428, 4.092391200752929, 0.0, 2.717457219534468, 2.628241491948561, 2.399351191468227, 3.5648617771240447, 4.168657460142294, 3.7280721371776058, 3.4143697720077126, 7.83870557490202, 6.70772454860812, 6.989763276392127], [8.208175620075389, 6.955669471014275, 5.787752114595095, 4.5622652158768675, 3.685712127934031, 2.5619217942786623, 2.122272668626725, 1.097840940209464, 2.1330591693621628, 2.162548878060332, 2.6099516106625424, 3.778447608476264, 4.723911965733485, 6.11059149837395, 4.665514524679995, 8.354551974821868, 8.3425667159454, 9.093430236165009, 7.07610597786664, 7.106427547650084, 5.893531391279765, 2.717457219534468, 0.0, 3.0621036788456393, 2.473367077487691, 2.474099199708856, 2.5040514451584257, 2.525092928983011, 3.0818244693687538, 6.875501739509634, 5.982070903959598, 6.651725870779703], [9.323405310829301, 8.31857483767502, 7.052067009040683, 6.111374133531673, 4.831374788815291, 4.063425380144195, 2.6929560375171366, 2.183836040090922, 1.09591702240635, 2.769512727899982, 4.817274956860984, 6.095954457671087, 7.344200354020851, 8.757895894562802, 6.711709321774894, 9.561186960832844, 9.092276469069779, 10.28062136157149, 8.29616660693359, 8.82520501914828, 6.703477491571072, 2.628241491948561, 3.0621036788456393, 0.0, 1.7679538455514046, 1.7746495231453452, 3.1028716860353733, 3.7868218548012, 2.589991555970791, 9.621416254897197, 8.692676481958822, 9.071901036717717], [8.765772309956494, 7.812562189832475, 6.4364015272510775, 5.565098471725366, 4.3782741931039455, 3.7658357770885336, 2.6950219405414866, 2.174899209158898, 1.0956956694265068, 3.4620418873838026, 4.53753558773923, 5.679276526988274, 6.973291937098289, 8.176285446338087, 6.181684257546644, 8.81361191453311, 8.643022602654698, 9.78050173252886, 8.018729538399459, 8.219108795362184, 6.1827268223656775, 2.399351191468227, 2.473367077487691, 1.7679538455514046, 0.0, 1.7712534685922285, 3.7447449339040437, 4.3232693832330185, 3.7807436649421233, 9.051218580390158, 7.903581857613674, 8.58222546079978], [10.078447835852502, 8.969597630886238, 7.6881174165071124, 6.615585707252231, 5.478924348811544, 4.514197294093382, 3.3898448415819864, 2.1767313430922064, 1.095037757339901, 2.746899783392179, 4.9086938649706, 6.167539569390699, 7.130837014684882, 8.579969566962344, 6.972999035565688, 10.210803233340656, 10.014748606929682, 11.035202124564824, 9.05478862039308, 9.28831308365518, 7.535780199156555, 3.5648617771240447, 2.474099199708856, 1.7746495231453452, 1.7712534685922285, 0.0, 2.526694007987513, 3.7529187161461413, 3.1230496810009285, 9.327229079421176, 8.446208893343806, 9.095949742055527], [10.034819683980377, 8.708326205993894, 7.69338244857228, 6.397883385933195, 5.469163030117132, 4.1916092613696705, 3.4014114070485513, 2.173323586123337, 2.7359777301725243, 1.0951595363233617, 4.0257933690143615, 5.271364632616492, 5.807410467669734, 7.518310883436519, 6.378191535223759, 10.367357114520557, 10.081598449154777, 10.837066832865801, 8.560070077400068, 8.911589194414205, 7.718322477067151, 4.168657460142294, 2.5040514451584257, 3.1028716860353733, 3.7447449339040437, 2.526694007987513, 0.0, 1.7673569362186012, 1.7731581147771345, 8.126176772012778, 7.690312572321102, 8.029456079959587], [8.693911857731248, 7.3028709347762675, 6.460714042580743, 5.124171929199878, 4.374416892569798, 3.0800677492548765, 2.743221999765969, 2.1835973003280618, 3.468089185704428, 1.0945217540094851, 2.6742040105422022, 3.842156523360286, 4.394172236041732, 6.129601068585133, 4.970875429941893, 9.132525209382123, 8.79215913584371, 9.407865042611952, 7.04452089570327, 7.481150822567341, 6.573538024534429, 3.7280721371776058, 2.525092928983011, 3.7868218548012, 4.3232693832330185, 3.7529187161461413, 1.7673569362186012, 0.0, 1.7649137486007638, 6.780561790146891, 6.4448580729136316, 6.513328216818188], [9.25952964302183, 8.013283055652034, 7.0429031443006505, 5.854086765670629, 4.807288521609661, 3.680551167963842, 2.7019702552026734, 2.179994442653467, 2.7714906350193576, 1.0960008804740988, 3.875717127190786, 5.147861040276825, 6.017912965472332, 7.676852431823866, 6.059313076578896, 9.716294602367716, 9.153487469265471, 10.046453801217622, 7.72436842402018, 8.400928627836329, 6.899533281316933, 3.4143697720077126, 3.0818244693687538, 2.589991555970791, 3.7807436649421233, 3.1230496810009285, 1.7731581147771345, 1.7649137486007638, 0.0, 8.415363983215462, 7.924254402781375, 7.95723149342785], [6.991534852948957, 5.712907163607685, 5.954947130747678, 5.229429356057886, 6.15023643773148, 5.950956730644242, 7.207635729557925, 7.482603679201512, 8.909558599055288, 7.6473269186036505, 4.880894325838248, 3.729447546219145, 2.3982594417618794, 1.0935003109281685, 3.923155262030806, 7.195237030842001, 7.86426056791101, 7.131686869878682, 5.7988209611954735, 4.852989140725538, 6.899739655233378, 7.83870557490202, 6.875501739509634, 9.621416254897197, 9.051218580390158, 9.327229079421176, 8.126176772012778, 6.780561790146891, 8.415363983215462, 0.0, 1.7721073133419438, 1.7708947597189397], [5.837622160606148, 4.5979776913334405, 4.602728327850776, 3.9654144020518207, 4.934663786926116, 4.941202568201389, 6.242544460394335, 6.63255720291955, 7.9441646924015865, 7.133595341060495, 4.110876827393397, 2.921605218026556, 2.4242107457892352, 1.0937413496800787, 2.7981208408501588, 5.873581517268659, 6.704141774306388, 6.171656314151008, 4.957256365168136, 3.760243754067015, 5.567946865766591, 6.70772454860812, 5.982070903959598, 8.692676481958822, 7.903581857613674, 8.446208893343806, 7.690312572321102, 6.4448580729136316, 7.924254402781375, 1.7721073133419438, 0.0, 1.7886654019128339], [5.348509453109342, 4.051751375639921, 4.4869454576582495, 3.9358429160727435, 5.024440439491745, 5.110695152325171, 6.464832237575853, 7.068861982667366, 8.491344785132682, 7.341749132870176, 4.287663010312261, 2.9802123431057725, 2.4249850762427383, 1.0935868049679458, 2.6945575072727617, 5.686978579175412, 6.1905480443980085, 5.466032098332391, 4.05712166319917, 3.2365837993168043, 5.422532815944963, 6.989763276392127, 6.651725870779703, 9.071901036717717, 8.58222546079978, 9.095949742055527, 8.029456079959587, 6.513328216818188, 7.95723149342785, 1.7708947597189397, 1.7886654019128339, 0.0]]}