{"total energy": -30.27857992, "HOMO-LUMO gap/eV": 4.91324841, "electronic energy": -30.62645704, "dipole": [-0.42827906, 0.43093402, 0.68312651], "partial charges": [-0.10089344, -0.05305512, -0.05822174, -0.06408137, 0.07630477, -0.26880325, 0.35779804, -0.40905779, -0.14266214, 0.03369477, 0.03377209, 0.0336764, 0.03021658, 0.03146137, 0.03922789, 0.03407576, 0.05175386, 0.04048458, 0.05210779, 0.05281744, 0.07392067, 0.07781239, 0.07765045], "atomic dipole moments": [[0.05083877, -0.08471089, -0.03433234], [0.0247728, 0.04423602, 0.10180226], [-0.01003503, -0.06125102, -0.10441585], [0.034821, 0.02254053, 0.12025498], [0.14020117, 0.20950522, -0.01233627], [-0.00138678, -0.14426748, -0.17350238], [-0.13067899, -0.03478761, 0.07881492], [-0.02236714, 0.10366124, 0.14480106], [-0.07705514, -0.07004094, -0.01735908], [-0.06236184, -0.02373898, 0.1069017], [-0.083577, 0.03780118, -0.085005], [0.07923712, 0.09584896, 0.02082269], [-0.08411947, -0.08700296, -0.02486562], [0.05286976, 0.02862935, -0.10847332], [0.08157957, 0.09319696, 0.02530551], [-0.05542715, -0.02543657, 0.10815567], [0.05734198, 0.03145567, -0.11084522], [-0.08255443, -0.08957363, -0.02856622], [-0.05651592, -0.03400037, 0.10460427], [0.05202686, -0.11099426, -0.0387729], [0.10055784, 0.00213101, -0.08360262], [-0.06087633, 0.12195566, -0.00738758], [0.05084555, -0.03259107, 0.12272919]], "atomic quadrupole moments": [[-0.03562981, -0.14600225, 0.11194846, -0.04830353, 0.09574896, -0.07631865], [-0.00105373, -0.20851725, 0.03351425, 0.09891638, 0.03369739, -0.03246052], [-0.00317935, -0.22057917, 0.02728175, 0.09361923, 0.0406954, -0.0241024], [0.00567869, -0.20146364, 0.01647823, 0.12910715, 0.01209432, -0.02215692], [0.1564596, 0.30116412, 0.03140456, 0.19869238, 0.02177095, -0.18786417], [0.02891356, 0.0693503, 0.00405822, 0.00180592, 0.02404057, -0.03297178], [0.03330137, -0.23299754, 0.02017406, 0.10525482, -0.36430955, -0.05347544], [-0.03600951, -0.10737608, 0.03896911, 0.08326732, -0.11378094, -0.0029596], [0.02408522, 0.17209339, 0.05116797, 0.04591879, 0.10500888, -0.07525319], [-0.02466206, 0.01061041, -0.01911157, -0.05164466, -0.02830928, 0.04377364], [0.00639195, -0.0298553, -0.02928162, 0.05882465, -0.01383418, 0.02288967], [0.02610337, 0.05490535, 0.01947243, 0.00648995, 0.01982633, -0.0455758], [0.01435174, 0.0366107, 0.02403931, 0.00748768, 0.00238492, -0.03839106], [-0.00140375, 0.00297797, -0.02113661, -0.0382932, -0.02340317, 0.02254036], [0.01817152, 0.03726496, 0.01590986, 0.00715523, 0.00172124, -0.03408138], [-0.0042976, 0.00703157, -0.02067062, -0.03738719, -0.02521685, 0.02496822], [-0.00276354, 0.00018616, -0.01245618, -0.04265682, -0.02253961, 0.01521972], [0.02218588, 0.04101554, 0.02023826, 0.01111084, 0.00994389, -0.04242414], [0.00318287, 0.01349414, -0.04283696, -0.03061147, -0.00429704, 0.03965409], [0.01133233, -0.01779736, 0.00594559, -0.00679322, 0.03105422, -0.01727792], [0.03441653, 0.01032374, -0.0416287, -0.06305764, 0.00513396, 0.00721217], [-0.0028103, -0.05015078, 0.05304367, -0.01066581, 0.00530904, -0.05023337], [-0.02538565, 0.00155315, -0.04537337, 0.02794817, -0.02521411, 0.07075902]], "number of molecular orbitals": 50, "number of electrons": 54, "number of unpaired electrons": 0, "orbital energies/eV": [-20.0515983, -19.32606001, -18.29344123, -17.21695906, -16.94623352, -16.73235857, -16.35572269, -15.85987979, -15.58080668, -15.30315443, -15.17731459, -15.01692476, -14.1894777, -14.03124524, -13.79849112, -13.53777486, -13.20800839, -13.15631629, -13.1068806, -12.91248041, -12.67856706, -12.21621166, -12.0701964, -11.94654109, -11.70840333, -11.59351509, -11.34770994, -6.43446153, 0.06461487, 1.56965455, 2.57196029, 2.93575472, 3.4308927, 3.5467667, 3.86995354, 4.02326211, 4.19156902, 4.29710462, 4.41374005, 4.66553128, 4.9312089, 5.45691946, 5.71120155, 6.14752667, 6.40673874, 6.95706473, 7.0613609, 7.28723587, 8.15587051, 16.19484463], "fractional occupation": [2.0, 2.0, 2.0, 2.0, 2.0, 2.0, 2.0, 2.0, 2.0, 2.0, 2.0, 2.0, 2.0, 2.0, 2.0, 2.0, 2.0, 2.0, 2.0, 2.0, 2.0, 2.0, 2.0, 2.0, 2.0, 2.0, 2.0, 0.0, 0.0, 0.0, 0.0, 0.0, 0.0, 0.0, 0.0, 0.0, 0.0, 0.0, 0.0, 0.0, 0.0, 0.0, 0.0, 0.0, 0.0, 0.0, 0.0, 0.0, 0.0, 0.0], "program call": "xtb /home/svss/Project-DBcg-Debug/aqme2_20220329/End-to-End-workflows-final/example-3/QDESCP/mol_1078_rdkit_conf_4/mol_1078_rdkit_conf_4.xyz --pop --wbo --acc 0.2 --gfn 2 --chrg 0 --uhf 0 --etemp 300 --input /home/svss/Project-DBcg-Debug/aqme2_20220329/End-to-End-workflows-final/example-3/QDESCP/mol_1078_rdkit_conf_4/mol_1078_rdkit_conf_4_xtb.inp", "method": "GFN2-xTB", "xtb version": "6.3.3 (7355c4f)", "Dipole module/D": 2.324, "Total charge": 0, "Transition dipole module/D": NaN, "HOMO": -11.3477, "LUMO": -6.4345, "HOMO occupancy": 2.0, "LUMO occupancy": 0, "mulliken charges": [-0.08327, -0.03936, -0.04525, -0.06005, 0.19803, -0.42156, 0.58027, -0.52918, -0.11812, 0.02686, 0.02926, 0.02753, 0.02183, 0.02473, 0.0311, 0.0221, 0.04627, 0.02904, 0.03182, 0.04486, 0.05797, 0.06238, 0.06275], "cm5 charges": [-0.23361, -0.15187, -0.15475, -0.16713, 0.11719, -0.50542, 0.62765, -0.57879, -0.25634, 0.07815, 0.08004, 0.07883, 0.07654, 0.07947, 0.0892, 0.07795, 0.1055, 0.08428, 0.09492, 0.11085, 0.11279, 0.11709, 0.11747], "FUKUI+": [0.007, 0.004, 0.006, 0.01, 0.032, -0.125, -0.193, -0.283, 0.052, -0.011, -0.019, -0.004, -0.015, -0.005, 0.008, -0.02, 0.001, -0.045, -0.067, -0.03, -0.084, -0.111, -0.11], "FUKUI-": [0.022, 0.009, 0.014, 0.012, 0.018, -0.049, -0.015, -0.138, -0.0, -0.075, -0.054, -0.07, -0.094, -0.093, -0.068, -0.083, -0.05, -0.053, -0.054, -0.036, -0.043, -0.044, -0.056], "FUKUIrad": [0.015, 0.007, 0.01, 0.011, 0.025, -0.087, -0.104, -0.211, 0.026, -0.043, -0.036, -0.037, -0.055, -0.049, -0.03, -0.051, -0.024, -0.049, -0.061, -0.033, -0.063, -0.078, -0.083], "s proportion": [1.007, 1.027, 1.031, 1.036, 0.997, 1.698, 0.985, 1.73, 1.018, 0.973, 0.971, 0.972, 0.978, 0.975, 0.969, 0.978, 0.954, 0.971, 0.968, 0.955, 0.942, 0.938, 0.937], "p proportion": [3.076, 3.012, 3.014, 3.024, 2.805, 4.724, 2.435, 4.799, 3.1, 0.0, 0.0, 0.0, 0.0, 0.0, 0.0, 0.0, 0.0, 0.0, 0.0, 0.0, 0.0, 0.0, 0.0], "d proportion": [0.0, 0.0, 0.0, 0.0, 0.0, 0.0, 0.0, 0.0, 0.0, 0.0, 0.0, 0.0, 0.0, 0.0, 0.0, 0.0, 0.0, 0.0, 0.0, 0.0, 0.0, 0.0, 0.0], "Fermi-level/eV": -8.8911, "Coordination numbers": [3.75, 3.8, 3.802, 3.8, 3.696, 1.702, 2.71, 0.856, 3.752, 0.924, 0.924, 0.924, 0.924, 0.924, 0.924, 0.924, 0.924, 0.924, 0.924, 0.924, 0.924, 0.924, 0.924], "Dispersion coefficient C6": [22.49, 21.527, 21.621, 21.731, 19.468, 18.457, 20.927, 21.863, 23.313, 2.535, 2.534, 2.535, 2.584, 2.566, 2.459, 2.529, 2.298, 2.443, 2.294, 2.285, 2.043, 2.002, 2.004], "Total dispersion C6": 3948.540086, "Total dispersion C8": 83685.826261, "Polarizability alpha": [6.763, 6.606, 6.62, 6.637, 6.312, 5.8, 7.488, 6.269, 6.886, 2.49, 2.489, 2.49, 2.514, 2.505, 2.452, 2.487, 2.371, 2.444, 2.369, 2.364, 2.235, 2.213, 2.214], "Total polarizability alpha": 93.017327, "Wiberg matrix": [[0.0, 1.020300984556968, 0.0, 0.0, 0.0, 0.0, 0.0, 0.0, 0.0, 0.9875991051105645, 0.9871868156354267, 0.9876197610287564, 0.0, 0.0, 0.0, 0.0, 0.0, 0.0, 0.0, 0.0, 0.0, 0.0, 0.0], [1.020300984556968, 0.0, 1.0077913414122077, 0.0, 0.0, 0.0, 0.0, 0.0, 0.0, 0.0, 0.0, 0.0, 0.9778585320079278, 0.9779071059622169, 0.0, 0.0, 0.0, 0.0, 0.0, 0.0, 0.0, 0.0, 0.0], [0.0, 1.0077913414122077, 0.0, 1.0072215035881515, 0.0, 0.0, 0.0, 0.0, 0.0, 0.0, 0.0, 0.0, 0.0, 0.0, 0.9766451404249005, 0.9768357034889789, 0.0, 0.0, 0.0, 0.0, 0.0, 0.0, 0.0], [0.0, 0.0, 1.0072215035881515, 0.0, 0.9997130616089046, 0.0, 0.0, 0.0, 0.0, 0.0, 0.0, 0.0, 0.0, 0.0, 0.0, 0.0, 0.9746038118407998, 0.9737489601718983, 0.0, 0.0, 0.0, 0.0, 0.0], [0.0, 0.0, 0.0, 0.9997130616089046, 0.0, 0.9433493505058533, 0.0, 0.0, 0.0, 0.0, 0.0, 0.0, 0.0, 0.0, 0.0, 0.0, 0.0, 0.0, 0.9706966741225368, 0.9687278074601198, 0.0, 0.0, 0.0], [0.0, 0.0, 0.0, 0.0, 0.9433493505058533, 0.0, 1.1221418334008437, 0.17150997355030156, 0.0, 0.0, 0.0, 0.0, 0.0, 0.0, 0.0, 0.0, 0.0, 0.0, 0.0, 0.0, 0.0, 0.0, 0.0], [0.0, 0.0, 0.0, 0.0, 0.0, 1.1221418334008437, 0.0, 1.7556280529738777, 0.9955393962674393, 0.0, 0.0, 0.0, 0.0, 0.0, 0.0, 0.0, 0.0, 0.0, 0.0, 0.0, 0.0, 0.0, 0.0], [0.0, 0.0, 0.0, 0.0, 0.0, 0.17150997355030156, 1.7556280529738777, 0.0, 0.0, 0.0, 0.0, 0.0, 0.0, 0.0, 0.0, 0.0, 0.0, 0.0, 0.0, 0.0, 0.0, 0.0, 0.0], [0.0, 0.0, 0.0, 0.0, 0.0, 0.0, 0.9955393962674393, 0.0, 0.0, 0.0, 0.0, 0.0, 0.0, 0.0, 0.0, 0.0, 0.0, 0.0, 0.0, 0.0, 0.9825269761838755, 0.9628672397623608, 0.9633806184061696], [0.9875991051105645, 0.0, 0.0, 0.0, 0.0, 0.0, 0.0, 0.0, 0.0, 0.0, 0.0, 0.0, 0.0, 0.0, 0.0, 0.0, 0.0, 0.0, 0.0, 0.0, 0.0, 0.0, 0.0], [0.9871868156354267, 0.0, 0.0, 0.0, 0.0, 0.0, 0.0, 0.0, 0.0, 0.0, 0.0, 0.0, 0.0, 0.0, 0.0, 0.0, 0.0, 0.0, 0.0, 0.0, 0.0, 0.0, 0.0], [0.9876197610287564, 0.0, 0.0, 0.0, 0.0, 0.0, 0.0, 0.0, 0.0, 0.0, 0.0, 0.0, 0.0, 0.0, 0.0, 0.0, 0.0, 0.0, 0.0, 0.0, 0.0, 0.0, 0.0], [0.0, 0.9778585320079278, 0.0, 0.0, 0.0, 0.0, 0.0, 0.0, 0.0, 0.0, 0.0, 0.0, 0.0, 0.0, 0.0, 0.0, 0.0, 0.0, 0.0, 0.0, 0.0, 0.0, 0.0], [0.0, 0.9779071059622169, 0.0, 0.0, 0.0, 0.0, 0.0, 0.0, 0.0, 0.0, 0.0, 0.0, 0.0, 0.0, 0.0, 0.0, 0.0, 0.0, 0.0, 0.0, 0.0, 0.0, 0.0], [0.0, 0.0, 0.9766451404249005, 0.0, 0.0, 0.0, 0.0, 0.0, 0.0, 0.0, 0.0, 0.0, 0.0, 0.0, 0.0, 0.0, 0.0, 0.0, 0.0, 0.0, 0.0, 0.0, 0.0], [0.0, 0.0, 0.9768357034889789, 0.0, 0.0, 0.0, 0.0, 0.0, 0.0, 0.0, 0.0, 0.0, 0.0, 0.0, 0.0, 0.0, 0.0, 0.0, 0.0, 0.0, 0.0, 0.0, 0.0], [0.0, 0.0, 0.0, 0.9746038118407998, 0.0, 0.0, 0.0, 0.0, 0.0, 0.0, 0.0, 0.0, 0.0, 0.0, 0.0, 0.0, 0.0, 0.0, 0.0, 0.0, 0.0, 0.0, 0.0], [0.0, 0.0, 0.0, 0.9737489601718983, 0.0, 0.0, 0.0, 0.0, 0.0, 0.0, 0.0, 0.0, 0.0, 0.0, 0.0, 0.0, 0.0, 0.0, 0.0, 0.0, 0.0, 0.0, 0.0], [0.0, 0.0, 0.0, 0.0, 0.9706966741225368, 0.0, 0.0, 0.0, 0.0, 0.0, 0.0, 0.0, 0.0, 0.0, 0.0, 0.0, 0.0, 0.0, 0.0, 0.0, 0.0, 0.0, 0.0], [0.0, 0.0, 0.0, 0.0, 0.9687278074601198, 0.0, 0.0, 0.0, 0.0, 0.0, 0.0, 0.0, 0.0, 0.0, 0.0, 0.0, 0.0, 0.0, 0.0, 0.0, 0.0, 0.0, 0.0], [0.0, 0.0, 0.0, 0.0, 0.0, 0.0, 0.0, 0.0, 0.9825269761838755, 0.0, 0.0, 0.0, 0.0, 0.0, 0.0, 0.0, 0.0, 0.0, 0.0, 0.0, 0.0, 0.0, 0.0], [0.0, 0.0, 0.0, 0.0, 0.0, 0.0, 0.0, 0.0, 0.9628672397623608, 0.0, 0.0, 0.0, 0.0, 0.0, 0.0, 0.0, 0.0, 0.0, 0.0, 0.0, 0.0, 0.0, 0.0], [0.0, 0.0, 0.0, 0.0, 0.0, 0.0, 0.0, 0.0, 0.9633806184061696, 0.0, 0.0, 0.0, 0.0, 0.0, 0.0, 0.0, 0.0, 0.0, 0.0, 0.0, 0.0, 0.0, 0.0]], "Born radii": [], "Atomic SASAs": [], "Solvent H bonds": [], "Total SASA": NaN, "Total FOD": 0.0, "FOD": [0.0, 0.0, 0.0, 0.0, 0.0, 0.0, 0.0, 0.0, 0.0, 0.0, 0.0, 0.0, 0.0, 0.0, 0.0, 0.0, 0.0, 0.0, 0.0, 0.0, 0.0, 0.0, 0.0], "FOD s proportion": [0.0, 0.0, 0.0, 0.0, 0.0, 0.0, 0.0, 0.0, 0.0, 0.0, 0.0, 0.0, 0.0, 0.0, 0.0, 0.0, 0.0, 0.0, 0.0, 0.0, 0.0, 0.0, 0.0], "FOD p proportion": [0.0, 0.0, 0.0, 0.0, 0.0, 0.0, 0.0, 0.0, 0.0, 0.0, 0.0, 0.0, 0.0, 0.0, 0.0, 0.0, 0.0, 0.0, 0.0, 0.0, 0.0, 0.0, 0.0], "FOD d proportion": [0.0, 0.0, 0.0, 0.0, 0.0, 0.0, 0.0, 0.0, 0.0, 0.0, 0.0, 0.0, 0.0, 0.0, 0.0, 0.0, 0.0, 0.0, 0.0, 0.0, 0.0, 0.0, 0.0], "coordinates": [["-2.92230", "1.82830", "-0.34000"], ["-2.19220", "0.59610", "-0.85030"], ["-1.15850", "0.09890", "0.16040"], ["-0.42670", "-1.14200", "-0.35880"], ["0.58270", "-1.68320", "0.65210"], ["1.57970", "-0.70010", "0.96910"], ["2.63960", "-0.63620", "0.11780"], ["2.80410", "-1.33370", "-0.87270"], ["3.59070", "0.43000", "0.56830"], ["-3.45290", "1.61170", "0.59270"], ["-3.65650", "2.16650", "-1.07790"], ["-2.22310", "2.65000", "-0.15510"], ["-2.92270", "-0.19500", "-1.05600"], ["-1.69920", "0.83750", "-1.79910"], ["-0.43740", "0.89900", "0.36600"], ["-1.65660", "-0.13900", "1.10810"], ["0.08760", "-0.88400", "-1.29190"], ["-1.15300", "-1.92950", "-0.59140"], ["0.07530", "-1.93800", "1.58900"], ["1.04820", "-2.60580", "0.28540"], ["4.44250", "0.46880", "-0.11670"], ["3.09000", "1.40140", "0.55740"], ["3.96040", "0.19810", "1.57020"]], "bond_dist": [[0.0, 1.5204502425268642, 2.520360085384626, 3.8795689051749034, 5.0596363169698275, 5.32677701523163, 6.1006616608364705, 6.563053424283548, 6.723051448561137, 1.0947059924929619, 1.094497734122826, 1.094650419083645, 2.1462523267314118, 2.146306376079613, 2.745316466274881, 2.75122870550596, 4.161992660973827, 4.161091838688495, 5.185717158696567, 5.984750472659658, 7.49255511691439, 6.093875750292255, 7.326525463683314], [1.5204502425268642, 0.0, 1.528809347171844, 2.5257779217500493, 3.892619203055958, 4.383786081687838, 5.079574011666726, 5.356084716469671, 5.956672525831851, 2.1686532341524773, 2.1591971679307105, 2.168585497507534, 1.0962581584645104, 1.0961498072800087, 2.156491859479187, 2.1592984809886753, 2.753760085773632, 2.7432865708853678, 4.184901856674777, 4.694908972493503, 6.676347679682358, 5.525555557588756, 6.623572375236795], [2.520360085384626, 1.528809347171844, 0.0, 1.5313173054595837, 2.5395721568799736, 2.9648163400116374, 3.8688176979537303, 4.338414126152551, 4.778170179053902, 2.7820349548486987, 3.471074855142136, 2.782269688581608, 2.1629627389301, 2.1627590480679997, 1.0965475730673977, 1.0967384875165092, 2.1512863384496264, 2.1632475702055, 2.7770707607117253, 3.4929288541280084, 5.620036603083649, 4.461375068294528, 5.310415604263004], [3.8795689051749034, 2.5257779217500493, 1.5313173054595837, 0.0, 1.527646755634299, 2.4462696049291055, 3.1440701153123163, 3.277027729513438, 4.412505090082051, 4.200726410991319, 4.679197057188338, 4.200929736379793, 2.759150746153606, 2.7590107991814747, 2.1659017821683415, 2.161124387905518, 1.0962408950591107, 1.0962530273618405, 2.1632255638282385, 2.1755537433030696, 5.1344325577418966, 4.435705681174079, 4.976299370013826], [5.0596363169698275, 3.892619203055958, 2.5395721568799736, 1.527646755634299, 0.0, 1.4356126253275987, 2.3690764234190507, 2.7169437333150643, 3.677050540854722, 5.210178665842468, 5.981965122766932, 5.225007915783477, 4.173748196765109, 4.1915841325207825, 2.7910954946042246, 2.758070726069221, 2.1593935838563567, 2.1493279019265534, 1.0955178729715, 1.0965171681282513, 4.485556094844874, 3.9762140963484347, 3.97379599249886], [5.32677701523163, 4.383786081687838, 2.9648163400116374, 2.4462696049291055, 1.4356126253275987, 0.0, 1.3609492679743798, 2.300615474172075, 2.341343129487859, 5.550960183607878, 6.310736486338184, 5.191173613933558, 4.962636575450594, 4.558325373423885, 2.6437743530793245, 3.2875206311139706, 2.71519844946921, 3.3784958043484385, 2.0444783637886705, 2.0932344421970512, 3.277333167378623, 2.620458973157183, 2.6145395273355496], [6.1006616608364705, 5.079574011666726, 3.8688176979537303, 3.1440701153123163, 2.3690764234190507, 1.3609492679743798, 0.0, 1.2225615526426472, 1.4981067718957817, 6.511308675681104, 6.994690914543686, 5.8753243433873505, 5.701898382994913, 4.967039635436786, 3.4476617119433284, 4.436804747788662, 2.925980678336752, 4.069324795343817, 3.230285926973029, 2.537709179555451, 2.1275487444474686, 2.132585773187095, 2.1330810790966197], [6.563053424283548, 5.356084716469671, 4.338414126152551, 3.277027729513438, 2.7169437333150643, 2.300615474172075, 1.2225615526426472, 0.0, 2.4095348617523675, 7.069146152117665, 7.350704690028024, 6.4542664408900885, 5.841786954348814, 5.08448987510055, 4.126336053934532, 5.024810565583542, 2.785198553065831, 4.011576714958845, 3.7244455721623857, 2.458173881156498, 2.5504699194462184, 3.099628498707547, 3.1066382698988306], [6.723051448561137, 5.956672525831851, 4.778170179053902, 4.412505090082051, 3.677050540854722, 2.341343129487859, 1.4981067718957817, 2.4095348617523675, 0.0, 7.142080313886144, 7.631992828219901, 6.2651399026677765, 6.741910341290516, 5.809791822432195, 4.060354159429939, 5.30559160980187, 4.178354897564351, 5.423544415785678, 4.359735043554826, 3.969939583923161, 1.0937521108551058, 1.0929031338595385, 1.0928217192204774], [1.0947059924929619, 2.1686532341524773, 2.7820349548486987, 4.200726410991319, 5.210178665842468, 5.550960183607878, 6.511308675681104, 7.069146152117665, 7.142080313886144, 0.0, 1.7720497622809581, 1.774733718054627, 2.5026962700255897, 3.065217214162807, 3.106859254938981, 2.5607189107748627, 4.723915314651608, 4.385399669357401, 5.103055851154286, 6.175891899151085, 8.00917036465076, 6.546374003217354, 7.609913803716832], [1.094497734122826, 2.1591971679307105, 3.471074855142136, 4.679197057188338, 5.981965122766932, 6.310736486338184, 6.994690914543686, 7.350704690028024, 7.631992828219901, 1.7720497622809581, 0.0, 1.771995386562843, 2.4729788312882905, 2.4733365581739983, 3.7488675983555355, 3.7541345553935597, 4.834214627010265, 4.825081398277131, 6.155128520185423, 6.838686735770253, 8.330659741581094, 6.983899079310925, 8.30085524388903], [1.094650419083645, 2.168585497507534, 2.782269688581608, 4.200929736379793, 5.225007915783477, 5.191173613933558, 5.8753243433873505, 6.4542664408900885, 6.2651399026677765, 1.774733718054627, 1.771995386562843, 0.0, 3.065140448658103, 2.502471470366845, 2.554656669691644, 3.1136983620768404, 4.37273423958054, 4.723059596278666, 5.419803628361455, 6.206357835316942, 7.013510630205103, 5.504152052768892, 6.871982679692958], [2.1462523267314118, 1.0962581584645104, 2.1629627389301, 2.759150746153606, 4.173748196765109, 4.962636575450594, 5.701898382994913, 5.841786954348814, 6.741910341290516, 2.5026962700255897, 2.4729788312882905, 3.065140448658103, 0.0, 1.7649946487171, 3.0652301854836286, 2.507882377624597, 3.0971399548615817, 2.521146862045129, 4.361430728556857, 4.8352205130686645, 7.454467517536044, 6.426827663007621, 7.377568682160811], [2.146306376079613, 1.0961498072800087, 2.1627590480679997, 2.7590107991814747, 4.1915841325207825, 4.558325373423885, 4.967039635436786, 5.08448987510055, 5.809791822432195, 3.065217214162807, 2.4733365581739983, 2.502471470366845, 1.7649946487171, 0.0, 2.506706903489117, 3.0671124612573304, 2.5324826415989508, 3.068087796983652, 4.7256187012919275, 4.873362483952943, 6.378627465215382, 5.367262998959526, 6.617558991803549], [2.745316466274881, 2.156491859479187, 1.0965475730673977, 2.1659017821683415, 2.7910954946042246, 2.6437743530793245, 3.4476617119433284, 4.126336053934532, 4.060354159429939, 3.106859254938981, 3.7488675983555355, 2.554656669691644, 3.0652301854836286, 2.506706903489117, 0.0, 1.764824368032128, 2.4906518042472334, 3.070685651446595, 3.1316384353880955, 3.8075092593452746, 4.922549678774202, 3.5681354346493075, 4.6132421668496875], [2.75122870550596, 2.1592984809886753, 1.0967384875165092, 2.161124387905518, 2.758070726069221, 3.2875206311139706, 4.436804747788662, 5.024810565583542, 5.30559160980187, 2.5607189107748627, 3.7541345553935597, 3.1136983620768404, 2.507882377624597, 3.0671124612573304, 1.764824368032128, 0.0, 3.0589636545732284, 2.519484760819164, 2.543057887662017, 3.752050182233708, 6.250486116295276, 5.02058903018361, 5.646048336668754], [4.161992660973827, 2.753760085773632, 2.1512863384496264, 1.0962408950591107, 2.1593935838563567, 2.71519844946921, 2.925980678336752, 2.785198553065831, 4.178354897564351, 4.723915314651608, 4.834214627010265, 4.37273423958054, 3.0971399548615817, 2.5324826415989508, 2.4906518042472334, 3.0589636545732284, 0.0, 1.767161243350476, 3.067678617456529, 2.524920373001889, 4.709173695033981, 4.202067278138226, 4.93570021982697], [4.161091838688495, 2.7432865708853678, 2.1632475702055, 1.0962530273618405, 2.1493279019265534, 3.3784958043484385, 4.069324795343817, 4.011576714958845, 5.423544415785678, 4.385399669357401, 4.825081398277131, 4.723059596278666, 2.521146862045129, 3.068087796983652, 3.070685651446595, 2.519484760819164, 1.767161243350476, 0.0, 2.5025861223941925, 2.4640294986058913, 6.106292101594878, 5.515223046260233, 5.945254904543623], [5.185717158696567, 4.184901856674777, 2.7770707607117253, 2.1632255638282385, 1.0955178729715, 2.0444783637886705, 3.230285926973029, 3.7244455721623857, 4.359735043554826, 5.103055851154286, 6.155128520185423, 5.419803628361455, 4.361430728556857, 4.7256187012919275, 3.1316384353880955, 2.543057887662017, 3.067678617456529, 2.5025861223941925, 0.0, 1.7583697591803606, 5.270155080260921, 4.615648059590332, 4.433652970181586], [5.984750472659658, 4.694908972493503, 3.4929288541280084, 2.1755537433030696, 1.0965171681282513, 2.0932344421970512, 2.537709179555451, 2.458173881156498, 3.969939583923161, 6.175891899151085, 6.838686735770253, 6.206357835316942, 4.8352205130686645, 4.873362483952943, 3.8075092593452746, 3.752050182233708, 2.524920373001889, 2.4640294986058913, 1.7583697591803606, 0.0, 4.597403839124859, 4.505616836793825, 4.241871649401948], [7.49255511691439, 6.676347679682358, 5.620036603083649, 5.1344325577418966, 4.485556094844874, 3.277333167378623, 2.1275487444474686, 2.5504699194462184, 1.0937521108551058, 8.00917036465076, 8.330659741581094, 7.013510630205103, 7.454467517536044, 6.378627465215382, 4.922549678774202, 6.250486116295276, 4.709173695033981, 6.106292101594878, 5.270155080260921, 4.597403839124859, 0.0, 1.7757842830704411, 1.7751987240869682], [6.093875750292255, 5.525555557588756, 4.461375068294528, 4.435705681174079, 3.9762140963484347, 2.620458973157183, 2.132585773187095, 3.099628498707547, 1.0929031338595385, 6.546374003217354, 6.983899079310925, 5.504152052768892, 6.426827663007621, 5.367262998959526, 3.5681354346493075, 5.02058903018361, 4.202067278138226, 5.515223046260233, 4.615648059590332, 4.505616836793825, 1.7757842830704411, 0.0, 1.797579174890497], [7.326525463683314, 6.623572375236795, 5.310415604263004, 4.976299370013826, 3.97379599249886, 2.6145395273355496, 2.1330810790966197, 3.1066382698988306, 1.0928217192204774, 7.609913803716832, 8.30085524388903, 6.871982679692958, 7.377568682160811, 6.617558991803549, 4.6132421668496875, 5.646048336668754, 4.93570021982697, 5.945254904543623, 4.433652970181586, 4.241871649401948, 1.7751987240869682, 1.797579174890497, 0.0]]}