{"total energy": -41.7599645, "HOMO-LUMO gap/eV": 4.17162844, "electronic energy": -42.2337786, "dipole": [1.1675532, 0.51835513, -0.50360349], "partial charges": [0.00849491, -0.13282871, 0.32216319, -0.46848136, -0.20666167, 0.00896361, -0.01503722, -0.10847246, -0.10848557, 0.32325852, -0.45415987, -0.20224214, 0.00631984, 0.07717512, 0.06453284, 0.20482534, 0.06621562, 0.04202767, 0.04237346, 0.03908755, 0.03697607, 0.04029896, 0.04095559, 0.03695528, 0.03878089, 0.18735717, 0.06128756, 0.04831982], "atomic dipole moments": [[-0.07998115, 0.14821273, -0.09414149], [0.0289913, -0.02275527, 0.02748014], [0.05852873, 0.0482491, -0.01851386], [0.0050746, 0.20099549, -0.07329798], [-0.03685463, -0.10401806, -0.03001335], [0.09943453, 0.13929959, -0.01563357], [-0.00439155, -0.08328862, -0.06715547], [0.01133375, -0.05235027, 0.09642341], [0.0991387, 0.04623555, -0.02791884], [0.01461874, -0.04376631, 0.03217181], [0.146319, -0.13417638, 0.06270914], [0.01360833, -0.09715528, -0.06161229], [-0.16331354, 0.06829033, 0.02835478], [0.00212515, -0.12412103, -0.04693004], [0.00688214, 0.00182208, 0.12504944], [0.02685902, 0.10419924, -0.07772359], [-0.00160564, -0.07583727, 0.10270097], [-0.00279549, -0.0759804, -0.09565244], [0.02534454, 0.08696265, 0.08869026], [-0.09221466, 0.08665898, 0.00399896], [-0.02807022, -0.07626664, -0.09774709], [0.10336433, 0.0645828, -0.0326961], [-0.09214693, 0.08587118, 0.0093625], [0.00593342, -0.05701096, 0.11253405], [-0.03952261, -0.08733004, -0.0840421], [0.0413166, 0.12041036, -0.08252435], [0.10040234, 0.02576152, 0.07359425], [0.02442539, -0.03467743, -0.11254245]], "atomic quadrupole moments": [[0.31261121, -0.05083345, -0.0672457, -0.00960824, -0.18365737, -0.24536551], [0.06819549, -0.05008862, 0.00190793, 0.03438514, -0.05119488, -0.07010342], [-0.17346545, 0.04145994, -0.17767222, 0.01435804, 0.22044588, 0.35113766], [-0.10744875, -0.0002531, -0.00404413, 0.00214964, 0.05091697, 0.11149287], [0.06952271, 0.03826045, -0.01008047, 0.00796856, 0.02670627, -0.05944223], [0.30869088, 0.04655151, -0.01950801, -0.03886759, -0.01217991, -0.28918287], [0.09355151, -0.05901696, -0.02229311, -0.05543383, -0.14780934, -0.0712584], [-0.10016909, -0.01700737, -0.04562138, 0.01993223, -0.14469635, 0.14579047], [0.15139179, 0.12487273, -0.05281386, -0.07185792, -0.05307196, -0.09857794], [-0.20016756, -0.02865496, -0.12899979, -0.01371341, 0.23613333, 0.32916735], [-0.06004385, -0.02985255, -0.03993377, 0.00729725, 0.07614338, 0.09997762], [0.06511731, -0.11068643, 0.02036014, 0.02372444, 0.0175522, -0.08547745], [0.04501381, -0.10503301, 0.20929552, -0.07810765, -0.1689476, -0.25430933], [-0.02372854, -0.00706217, 0.02700332, -0.00751674, 0.02350109, -0.00327478], [0.00045199, -0.00402081, -0.03608872, 0.01788946, 0.00077466, 0.03563674], [0.02941601, -0.01353921, 0.00925504, 0.00939511, -0.02921087, -0.03867105], [-0.00455315, 0.0037486, -0.0233551, -0.00513848, -0.03610404, 0.02790825], [0.00198294, 0.01565475, -0.02525638, 0.01275974, 0.03821635, 0.02327344], [-0.01387048, 0.01447169, 0.00253492, 0.01098931, 0.01832055, 0.01133556], [0.02252484, -0.06423356, 0.00675565, -0.01776016, 0.00514283, -0.02928049], [-0.04645226, 0.01954669, 0.02829944, 0.01849145, 0.05354281, 0.01815282], [0.05494268, 0.04915552, -0.02527887, -0.01174394, -0.01396384, -0.02966381], [0.01645652, -0.05500964, 0.03555804, -0.00604745, -0.00035683, -0.05201455], [-0.0283896, -0.0007363, -0.0241963, 0.01891607, -0.05183077, 0.0525859], [-0.03185403, 0.01968003, 0.0068724, 0.00980424, 0.06119519, 0.02498163], [0.019702, 0.01389342, 0.00826969, -0.01948009, -0.01876575, -0.02797169], [0.02303648, -0.00070404, -0.03160521, 0.03329219, 0.00153865, 0.00856873], [-0.02634525, -0.01712027, 0.00817259, -0.01809608, 0.02168016, 0.01817266]], "number of molecular orbitals": 67, "number of electrons": 74, "number of unpaired electrons": 0, "orbital energies/eV": [-19.57079301, -19.22667479, -18.9588793, -18.32349736, -17.93231246, -17.751383, -17.48058495, -17.07575599, -17.01220408, -16.39512503, -16.03777715, -15.97216235, -15.82417952, -15.49361845, -15.24835138, -15.05601903, -14.89267413, -14.56191662, -14.5196355, -14.34387795, -14.14449684, -13.87163688, -13.81244771, -13.60306597, -13.5540935, -13.21975176, -13.11788648, -12.71107891, -12.48797099, -11.98046683, -11.87964926, -11.72121079, -11.60948162, -11.43033854, -11.06421838, -10.93274545, -10.45469433, -6.2830659, -4.57971108, -1.25537096, 0.10878208, 1.04060815, 1.47177229, 1.78771558, 2.24594766, 2.6185228, 2.72040087, 3.1932562, 3.34865569, 3.60370448, 4.18220553, 4.21514954, 4.95115927, 5.31644284, 5.77926719, 5.91521743, 6.07748649, 6.53914909, 6.81824665, 6.99600207, 7.11746467, 7.41365982, 7.8161413, 7.90900499, 10.5370845, 16.55199862, 17.07719438], "fractional occupation": [2.0, 2.0, 2.0, 2.0, 2.0, 2.0, 2.0, 2.0, 2.0, 2.0, 2.0, 2.0, 2.0, 2.0, 2.0, 2.0, 2.0, 2.0, 2.0, 2.0, 2.0, 2.0, 2.0, 2.0, 2.0, 2.0, 2.0, 2.0, 2.0, 2.0, 2.0, 2.0, 2.0, 2.0, 2.0, 2.0, 2.0, 0.0, 0.0, 0.0, 0.0, 0.0, 0.0, 0.0, 0.0, 0.0, 0.0, 0.0, 0.0, 0.0, 0.0, 0.0, 0.0, 0.0, 0.0, 0.0, 0.0, 0.0, 0.0, 0.0, 0.0, 0.0, 0.0, 0.0, 0.0, 0.0, 0.0], "program call": "xtb /home/svss/Project-DBcg-Debug/aqme2_20220329/End-to-End-workflows-final/example-3/QDESCP/mol_516_rdkit_conf_11/mol_516_rdkit_conf_11.xyz --pop --wbo --acc 0.2 --gfn 2 --chrg 0 --uhf 0 --etemp 300 --input /home/svss/Project-DBcg-Debug/aqme2_20220329/End-to-End-workflows-final/example-3/QDESCP/mol_516_rdkit_conf_11/mol_516_rdkit_conf_11_xtb.inp", "method": "GFN2-xTB", "xtb version": "6.3.3 (7355c4f)", "Dipole module/D": 3.49, "Total charge": 0, "Transition dipole module/D": NaN, "HOMO": -10.4547, "LUMO": -6.2831, "HOMO occupancy": 2.0, "LUMO occupancy": 0, "mulliken charges": [0.08971, -0.28904, 0.56661, -0.58349, -0.36714, 0.09606, -0.0117, -0.09378, -0.09201, 0.55987, -0.56587, -0.37291, 0.08539, 0.05674, 0.04964, 0.24988, 0.04789, 0.03074, 0.02956, 0.03218, 0.02784, 0.03763, 0.03257, 0.03186, 0.02931, 0.24983, 0.03733, 0.03528], "cm5 charges": [0.0539, -0.52504, 0.73057, -0.62177, -0.71937, 0.05025, -0.08088, -0.24115, -0.24015, 0.71976, -0.61299, -0.71995, 0.04668, 0.12373, 0.11764, 0.46246, 0.11709, 0.09782, 0.09015, 0.08367, 0.08004, 0.09149, 0.08396, 0.08332, 0.08121, 0.44382, 0.10178, 0.10194], "FUKUI+": [0.026, -0.049, -0.065, -0.15, -0.058, 0.018, -0.0, 0.009, 0.01, -0.096, -0.159, -0.073, 0.024, -0.047, -0.044, -0.03, -0.025, -0.034, -0.008, -0.024, -0.013, 0.01, -0.022, -0.011, -0.013, -0.064, -0.059, -0.052], "FUKUI-": [0.017, -0.052, -0.001, -0.079, -0.08, 0.016, -0.004, 0.015, 0.018, 0.0, -0.049, -0.068, 0.017, -0.049, -0.06, -0.038, -0.061, -0.097, -0.06, -0.04, -0.033, -0.017, -0.046, -0.03, -0.042, -0.046, -0.06, -0.068], "FUKUIrad": [0.021, -0.051, -0.033, -0.115, -0.069, 0.017, -0.002, 0.012, 0.014, -0.048, -0.104, -0.07, 0.021, -0.048, -0.052, -0.034, -0.043, -0.066, -0.034, -0.032, -0.023, -0.004, -0.034, -0.021, -0.028, -0.055, -0.06, -0.06], "s proportion": [1.008, 1.437, 0.938, 1.725, 1.429, 1.007, 1.055, 1.014, 1.013, 0.953, 1.722, 1.426, 1.007, 0.943, 0.95, 0.75, 0.952, 0.969, 0.97, 0.968, 0.972, 0.962, 0.967, 0.968, 0.971, 0.75, 0.963, 0.965], "p proportion": [2.902, 3.852, 2.496, 4.858, 3.938, 2.897, 2.956, 3.08, 3.079, 2.487, 4.844, 3.947, 2.908, 0.0, 0.0, 0.0, 0.0, 0.0, 0.0, 0.0, 0.0, 0.0, 0.0, 0.0, 0.0, 0.0, 0.0, 0.0], "d proportion": [0.0, 0.0, 0.0, 0.0, 0.0, 0.0, 0.0, 0.0, 0.0, 0.0, 0.0, 0.0, 0.0, 0.0, 0.0, 0.0, 0.0, 0.0, 0.0, 0.0, 0.0, 0.0, 0.0, 0.0, 0.0, 0.0, 0.0, 0.0], "Fermi-level/eV": -8.3689, "Coordination numbers": [3.793, 2.77, 2.692, 0.858, 2.688, 3.742, 3.849, 3.752, 3.753, 2.76, 0.857, 2.715, 3.791, 0.924, 0.924, 0.86, 0.924, 0.924, 0.924, 0.924, 0.924, 0.924, 0.924, 0.924, 0.924, 0.86, 0.924, 0.924], "Dispersion coefficient C6": [20.443, 23.876, 21.524, 23.098, 25.496, 20.5, 20.81, 22.634, 22.632, 21.508, 22.794, 25.393, 20.482, 2.009, 2.147, 1.082, 2.128, 2.422, 2.418, 2.461, 2.49, 2.445, 2.436, 2.49, 2.465, 1.173, 2.184, 2.341], "Total dispersion C6": 6939.412476, "Total dispersion C8": 150307.605073, "Polarizability alpha": [6.439, 7.257, 7.593, 6.444, 7.499, 6.46, 6.489, 6.784, 6.784, 7.595, 6.401, 7.484, 6.445, 2.216, 2.291, 1.629, 2.281, 2.434, 2.432, 2.453, 2.468, 2.445, 2.441, 2.468, 2.455, 1.696, 2.311, 2.393], "Total polarizability alpha": 124.087145, "Wiberg matrix": [[0.0, 0.9831191445390329, 0.0, 0.0, 0.0, 0.0, 0.0, 0.0, 0.0, 0.0, 0.0, 0.0, 1.0011422567722015, 0.9682272446277453, 0.9678287907165704, 0.0, 0.0, 0.0, 0.0, 0.0, 0.0, 0.0, 0.0, 0.0, 0.0, 0.0, 0.0, 0.0], [0.9831191445390329, 0.0, 1.0651812422002944, 0.10345201932475542, 0.0, 0.0, 0.0, 0.0, 0.0, 1.0951581487876283, 0.12125800055007828, 0.0, 0.0, 0.0, 0.0, 0.0, 0.0, 0.0, 0.0, 0.0, 0.0, 0.0, 0.0, 0.0, 0.0, 0.0, 0.0, 0.0], [0.0, 1.0651812422002944, 0.0, 1.6073698953369329, 1.2261490598595306, 0.0, 0.0, 0.0, 0.0, 0.0, 0.0, 0.0, 0.0, 0.0, 0.0, 0.0, 0.0, 0.0, 0.0, 0.0, 0.0, 0.0, 0.0, 0.0, 0.0, 0.0, 0.0, 0.0], [0.0, 0.10345201932475542, 1.6073698953369329, 0.0, 0.17596153694091393, 0.0, 0.0, 0.0, 0.0, 0.0, 0.0, 0.0, 0.0, 0.0, 0.0, 0.0, 0.0, 0.0, 0.0, 0.0, 0.0, 0.0, 0.0, 0.0, 0.0, 0.0, 0.0, 0.0], [0.0, 0.0, 1.2261490598595306, 0.17596153694091393, 0.0, 0.9912204680650033, 0.0, 0.0, 0.0, 0.0, 0.0, 0.0, 0.0, 0.0, 0.0, 0.9012129947191598, 0.0, 0.0, 0.0, 0.0, 0.0, 0.0, 0.0, 0.0, 0.0, 0.0, 0.0, 0.0], [0.0, 0.0, 0.0, 0.0, 0.9912204680650033, 0.0, 0.9929854038698175, 0.0, 0.0, 0.0, 0.0, 0.0, 0.0, 0.0, 0.0, 0.0, 0.9666501573833165, 0.9645087685376239, 0.0, 0.0, 0.0, 0.0, 0.0, 0.0, 0.0, 0.0, 0.0, 0.0], [0.0, 0.0, 0.0, 0.0, 0.0, 0.9929854038698175, 0.0, 1.009527386731578, 1.007952688077058, 0.0, 0.0, 0.0, 0.0, 0.0, 0.0, 0.0, 0.0, 0.0, 0.9674300635441783, 0.0, 0.0, 0.0, 0.0, 0.0, 0.0, 0.0, 0.0, 0.0], [0.0, 0.0, 0.0, 0.0, 0.0, 0.0, 1.009527386731578, 0.0, 0.0, 0.0, 0.0, 0.0, 0.0, 0.0, 0.0, 0.0, 0.0, 0.0, 0.0, 0.9856649545855788, 0.9864074797741074, 0.9824594984140884, 0.0, 0.0, 0.0, 0.0, 0.0, 0.0], [0.0, 0.0, 0.0, 0.0, 0.0, 0.0, 1.007952688077058, 0.0, 0.0, 0.0, 0.0, 0.0, 0.0, 0.0, 0.0, 0.0, 0.0, 0.0, 0.0, 0.0, 0.0, 0.0, 0.9858497831197389, 0.9862643926095473, 0.9867175640393153, 0.0, 0.0, 0.0], [0.0, 1.0951581487876283, 0.0, 0.0, 0.0, 0.0, 0.0, 0.0, 0.0, 0.0, 1.622394572450166, 1.1741916921830964, 0.0, 0.0, 0.0, 0.0, 0.0, 0.0, 0.0, 0.0, 0.0, 0.0, 0.0, 0.0, 0.0, 0.0, 0.0, 0.0], [0.0, 0.12125800055007828, 0.0, 0.0, 0.0, 0.0, 0.0, 0.0, 0.0, 1.622394572450166, 0.0, 0.1580440347329263, 0.0, 0.0, 0.0, 0.0, 0.0, 0.0, 0.0, 0.0, 0.0, 0.0, 0.0, 0.0, 0.0, 0.0, 0.0, 0.0], [0.0, 0.0, 0.0, 0.0, 0.0, 0.0, 0.0, 0.0, 0.0, 1.1741916921830964, 0.1580440347329263, 0.0, 1.002824612804791, 0.0, 0.0, 0.0, 0.0, 0.0, 0.0, 0.0, 0.0, 0.0, 0.0, 0.0, 0.0, 0.9371853634206968, 0.0, 0.0], [1.0011422567722015, 0.0, 0.0, 0.0, 0.0, 0.0, 0.0, 0.0, 0.0, 0.0, 0.0, 1.002824612804791, 0.0, 0.0, 0.0, 0.0, 0.0, 0.0, 0.0, 0.0, 0.0, 0.0, 0.0, 0.0, 0.0, 0.0, 0.9708301550093964, 0.9688082173594686], [0.9682272446277453, 0.0, 0.0, 0.0, 0.0, 0.0, 0.0, 0.0, 0.0, 0.0, 0.0, 0.0, 0.0, 0.0, 0.0, 0.0, 0.0, 0.0, 0.0, 0.0, 0.0, 0.0, 0.0, 0.0, 0.0, 0.0, 0.0, 0.0], [0.9678287907165704, 0.0, 0.0, 0.0, 0.0, 0.0, 0.0, 0.0, 0.0, 0.0, 0.0, 0.0, 0.0, 0.0, 0.0, 0.0, 0.0, 0.0, 0.0, 0.0, 0.0, 0.0, 0.0, 0.0, 0.0, 0.0, 0.0, 0.0], [0.0, 0.0, 0.0, 0.0, 0.9012129947191598, 0.0, 0.0, 0.0, 0.0, 0.0, 0.0, 0.0, 0.0, 0.0, 0.0, 0.0, 0.0, 0.0, 0.0, 0.0, 0.0, 0.0, 0.0, 0.0, 0.0, 0.0, 0.0, 0.0], [0.0, 0.0, 0.0, 0.0, 0.0, 0.9666501573833165, 0.0, 0.0, 0.0, 0.0, 0.0, 0.0, 0.0, 0.0, 0.0, 0.0, 0.0, 0.0, 0.0, 0.0, 0.0, 0.0, 0.0, 0.0, 0.0, 0.0, 0.0, 0.0], [0.0, 0.0, 0.0, 0.0, 0.0, 0.9645087685376239, 0.0, 0.0, 0.0, 0.0, 0.0, 0.0, 0.0, 0.0, 0.0, 0.0, 0.0, 0.0, 0.0, 0.0, 0.0, 0.0, 0.0, 0.0, 0.0, 0.0, 0.0, 0.0], [0.0, 0.0, 0.0, 0.0, 0.0, 0.0, 0.9674300635441783, 0.0, 0.0, 0.0, 0.0, 0.0, 0.0, 0.0, 0.0, 0.0, 0.0, 0.0, 0.0, 0.0, 0.0, 0.0, 0.0, 0.0, 0.0, 0.0, 0.0, 0.0], [0.0, 0.0, 0.0, 0.0, 0.0, 0.0, 0.0, 0.9856649545855788, 0.0, 0.0, 0.0, 0.0, 0.0, 0.0, 0.0, 0.0, 0.0, 0.0, 0.0, 0.0, 0.0, 0.0, 0.0, 0.0, 0.0, 0.0, 0.0, 0.0], [0.0, 0.0, 0.0, 0.0, 0.0, 0.0, 0.0, 0.9864074797741074, 0.0, 0.0, 0.0, 0.0, 0.0, 0.0, 0.0, 0.0, 0.0, 0.0, 0.0, 0.0, 0.0, 0.0, 0.0, 0.0, 0.0, 0.0, 0.0, 0.0], [0.0, 0.0, 0.0, 0.0, 0.0, 0.0, 0.0, 0.9824594984140884, 0.0, 0.0, 0.0, 0.0, 0.0, 0.0, 0.0, 0.0, 0.0, 0.0, 0.0, 0.0, 0.0, 0.0, 0.0, 0.0, 0.0, 0.0, 0.0, 0.0], [0.0, 0.0, 0.0, 0.0, 0.0, 0.0, 0.0, 0.0, 0.9858497831197389, 0.0, 0.0, 0.0, 0.0, 0.0, 0.0, 0.0, 0.0, 0.0, 0.0, 0.0, 0.0, 0.0, 0.0, 0.0, 0.0, 0.0, 0.0, 0.0], [0.0, 0.0, 0.0, 0.0, 0.0, 0.0, 0.0, 0.0, 0.9862643926095473, 0.0, 0.0, 0.0, 0.0, 0.0, 0.0, 0.0, 0.0, 0.0, 0.0, 0.0, 0.0, 0.0, 0.0, 0.0, 0.0, 0.0, 0.0, 0.0], [0.0, 0.0, 0.0, 0.0, 0.0, 0.0, 0.0, 0.0, 0.9867175640393153, 0.0, 0.0, 0.0, 0.0, 0.0, 0.0, 0.0, 0.0, 0.0, 0.0, 0.0, 0.0, 0.0, 0.0, 0.0, 0.0, 0.0, 0.0, 0.0], [0.0, 0.0, 0.0, 0.0, 0.0, 0.0, 0.0, 0.0, 0.0, 0.0, 0.0, 0.9371853634206968, 0.0, 0.0, 0.0, 0.0, 0.0, 0.0, 0.0, 0.0, 0.0, 0.0, 0.0, 0.0, 0.0, 0.0, 0.0, 0.0], [0.0, 0.0, 0.0, 0.0, 0.0, 0.0, 0.0, 0.0, 0.0, 0.0, 0.0, 0.0, 0.9708301550093964, 0.0, 0.0, 0.0, 0.0, 0.0, 0.0, 0.0, 0.0, 0.0, 0.0, 0.0, 0.0, 0.0, 0.0, 0.0], [0.0, 0.0, 0.0, 0.0, 0.0, 0.0, 0.0, 0.0, 0.0, 0.0, 0.0, 0.0, 0.9688082173594686, 0.0, 0.0, 0.0, 0.0, 0.0, 0.0, 0.0, 0.0, 0.0, 0.0, 0.0, 0.0, 0.0, 0.0, 0.0]], "Born radii": [], "Atomic SASAs": [], "Solvent H bonds": [], "Total SASA": NaN, "Total FOD": 0.0, "FOD": [0.0, 0.0, 0.0, 0.0, 0.0, 0.0, 0.0, 0.0, 0.0, 0.0, 0.0, 0.0, 0.0, 0.0, 0.0, 0.0, 0.0, 0.0, 0.0, 0.0, 0.0, 0.0, 0.0, 0.0, 0.0, 0.0, 0.0, 0.0], "FOD s proportion": [0.0, 0.0, 0.0, 0.0, 0.0, 0.0, 0.0, 0.0, 0.0, 0.0, 0.0, 0.0, 0.0, 0.0, 0.0, 0.0, 0.0, 0.0, 0.0, 0.0, 0.0, 0.0, 0.0, 0.0, 0.0, 0.0, 0.0, 0.0], "FOD p proportion": [0.0, 0.0, 0.0, 0.0, 0.0, 0.0, 0.0, 0.0, 0.0, 0.0, 0.0, 0.0, 0.0, 0.0, 0.0, 0.0, 0.0, 0.0, 0.0, 0.0, 0.0, 0.0, 0.0, 0.0, 0.0, 0.0, 0.0, 0.0], "FOD d proportion": [0.0, 0.0, 0.0, 0.0, 0.0, 0.0, 0.0, 0.0, 0.0, 0.0, 0.0, 0.0, 0.0, 0.0, 0.0, 0.0, 0.0, 0.0, 0.0, 0.0, 0.0, 0.0, 0.0, 0.0, 0.0, 0.0, 0.0, 0.0], "coordinates": [["3.30580", "-0.93570", "0.27840"], ["2.03880", "-0.30500", "-0.01680"], ["0.84230", "-0.93950", "0.26390"], ["0.79420", "-2.09060", "0.69360"], ["-0.27820", "-0.18140", "0.04090"], ["-1.60720", "-0.74710", "0.12930"], ["-2.70040", "0.32840", "0.18860"], ["-2.83890", "1.07260", "-1.14170"], ["-4.03930", "-0.30760", "0.56630"], ["2.25550", "0.98910", "-0.51710"], ["1.41630", "1.79490", "-0.88760"], ["3.62660", "1.20470", "-0.57960"], ["4.33520", "-0.02600", "-0.36990"], ["3.34110", "-1.96070", "-0.10340"], ["3.42350", "-0.96430", "1.36770"], ["-0.13510", "0.65840", "-0.51520"], ["-1.64490", "-1.37610", "1.02680"], ["-1.74640", "-1.40570", "-0.73610"], ["-2.44000", "1.06010", "0.96430"], ["-3.64010", "1.81750", "-1.08650"], ["-3.07570", "0.38320", "-1.95940"], ["-1.91760", "1.60260", "-1.40160"], ["-4.82570", "0.45160", "0.63500"], ["-3.97280", "-0.80610", "1.53920"], ["-4.34960", "-1.05140", "-0.17560"], ["3.97160", "1.99900", "-1.10390"], ["5.21870", "0.14170", "0.25080"], ["4.64260", "-0.40650", "-1.34940"]], "bond_dist": [[0.0, 1.4457574243281617, 2.4635456033936127, 2.7954104546559884, 3.6702085417589014, 4.918878913939639, 6.138440460735935, 6.618707652555747, 7.377526010120195, 2.332553403461537, 3.519366791057732, 2.32817284581708, 1.5190494856982113, 1.0943684617166196, 1.0960135674342724, 3.874370733422397, 5.026279459998221, 5.17444055816665, 6.1211023590526565, 7.5953004588363715, 6.889904810663207, 6.045599593919531, 8.256697711555148, 7.388127689746571, 7.669723049106794, 3.3115716842611156, 2.195618120256799, 2.1718240536470717], [1.4457574243281617, 0.0, 1.3831106210278339, 2.2895555638595018, 2.32101168674352, 3.675610645865527, 4.7857498221281904, 5.191833882165338, 6.10600622174593, 1.404262721145869, 2.356985129354871, 2.2620890278678245, 2.3400798212881546, 2.1082759164777274, 2.066134272016221, 2.4294821114797287, 3.9756762770628096, 4.007077740698326, 4.783900569618896, 6.1562301410847216, 5.514111374464611, 4.6054000651409215, 6.936760558791114, 6.22989339956953, 6.433815738735451, 3.197798969603937, 3.222253040963729, 2.92675578926565], [2.4635456033936127, 1.3831106210278339, 0.0, 1.2296287691819834, 1.371118105780826, 2.4607285851958562, 3.7635041902461066, 4.424419872706477, 4.931608452624761, 2.5152719932444683, 3.021981404641663, 3.6140576060710488, 3.6655879610234434, 2.7242907645844268, 2.8074157013167818, 2.0286921846352146, 2.637953716424911, 2.8140202788892625, 3.9067190339209192, 5.432912563257391, 4.695031648455631, 4.105266211830847, 5.847999522913797, 4.98290815287619, 5.211670314783927, 4.505349884304215, 4.507997561002003, 4.162824279260416], [2.7954104546559884, 2.2895555638595018, 1.2296287691819834, 0.0, 2.284973454988044, 2.8089408502138307, 4.280048499725208, 5.154956444044896, 5.153447054157052, 3.6174223239760104, 4.240791447359796, 4.527971962148175, 4.234653044819611, 2.67185003695941, 2.938737992744505, 3.1435325558994927, 2.5633457238538853, 2.9946249281003454, 4.523299527999445, 6.172926219387366, 5.304170194290526, 5.03819893612787, 6.168426931560428, 5.008918906311021, 5.319222097261966, 5.4819435577174636, 4.975483431788312, 4.671212301961879], [3.6702085417589014, 2.32101168674352, 1.371118105780826, 2.284973454988044, 0.0, 1.4470908921004235, 2.4796701736319693, 3.086785261400605, 3.7997164117865427, 2.846237857242434, 2.763911031491426, 4.189720336728932, 4.634259958181026, 4.035599518039421, 4.009477963525925, 1.0173440224427528, 2.0657143534380547, 2.063552938501942, 2.6584523787346654, 4.070504094089576, 3.485108247960169, 2.819768538373318, 4.629622021288563, 4.0354952781536, 4.1689411377470895, 4.911772718683144, 5.510386667920864, 5.1183861460425195], [4.918878913939639, 3.675610645865527, 2.4607285851958562, 2.8089408502138307, 1.4470908921004235, 0.0, 1.5346996383657618, 2.5384707955775268, 2.5098286116784947, 4.284002181371994, 4.078897137707691, 5.630694885180691, 6.006771479755161, 5.100259516926565, 5.185436615175235, 2.134921288947206, 1.0966168610777423, 1.0963793868912346, 2.157951037442694, 3.4911352322704428, 2.792263961376145, 2.8215409017060162, 3.471506363237723, 2.754516721677325, 2.776025983307793, 6.339152694958531, 6.884594287247434, 6.431373266262812], [6.138440460735935, 4.7857498221281904, 3.7635041902461066, 4.280048499725208, 2.4796701736319693, 1.5346996383657618, 0.0, 1.5305926891240527, 1.5296426053166796, 5.049305079909511, 4.500671903171792, 6.433425365231185, 7.0666250056161894, 6.467222360488311, 6.368948210654567, 2.6804847565319228, 2.1730116750721797, 2.1845569115955756, 1.0976809827996474, 2.1740135487158305, 2.181228353474253, 2.182910332560639, 2.1751669568104424, 2.174905140460153, 2.1809058484950694, 6.998360137203573, 7.921544706684424, 7.538247210724784], [6.618707652555747, 5.191833882165338, 4.424419872706477, 5.154956444044896, 3.086785261400605, 2.5384707955775268, 1.5305926891240527, 0.0, 2.502633852564134, 5.133225961322958, 4.323541504368843, 6.491232322910651, 7.298651108937871, 6.962138736049433, 7.047247954343597, 2.8061714719524895, 3.481976441620477, 2.7386198166229643, 2.14348162110152, 1.0953741324314716, 1.0954359360546833, 1.0941854047646589, 2.73672763167985, 3.4644577800862284, 2.7797373437071347, 6.873322053417838, 8.229857156719065, 7.629136147035259], [7.377526010120195, 6.10600622174593, 4.931608452624761, 5.153447054157052, 3.7997164117865427, 2.5098286116784947, 1.5296426053166796, 2.502633852564134, 0.0, 6.517644780900537, 6.024774088710712, 7.89722488662948, 8.431371137009686, 7.592861243299525, 7.5343799141004295, 4.1648020229057705, 2.6621239377609753, 2.8564768124387077, 2.1416740601688202, 2.7216095403271936, 2.790141589597202, 3.46743497992392, 1.0952302451996112, 1.0951981144980116, 1.0954177924426824, 8.502028605574084, 9.274264107733831, 8.891292105762805], [2.332553403461537, 1.404262721145869, 2.5152719932444683, 3.6174223239760104, 2.846237857242434, 4.284002181371994, 5.049305079909511, 5.133225961322958, 6.517644780900537, 0.0, 1.2209998075347925, 1.389354101732168, 2.3188893764041443, 3.1703304386136155, 2.9550747198675027, 2.4133657949013863, 4.815695007992097, 4.668857638652093, 4.924155481907532, 5.9806824259443845, 5.555991139301789, 4.309696753833151, 7.194416870045828, 6.800208351219836, 6.921532237156741, 2.075868844604591, 3.1762102276140354, 2.8876753730293157], [3.519366791057732, 2.356985129354871, 3.021981404641663, 4.240791447359796, 2.763911031491426, 4.078897137707691, 4.500671903171792, 4.323541504368843, 6.024774088710712, 1.2209998075347925, 0.0, 2.308381712369079, 3.4790325249988685, 4.2923601945782695, 4.090038455809432, 1.9588659908222408, 4.8053214044432035, 4.502162136129706, 4.340566131278269, 5.060360948588549, 4.8290491952350205, 3.3787667128702448, 6.563941624511907, 6.457318177850616, 6.469464467790204, 2.5725474903293817, 4.299682611542392, 3.9329928667619014], [2.32817284581708, 2.2620890278678245, 3.6140576060710488, 4.527971962148175, 4.189720336728932, 5.630694885180691, 6.433425365231185, 6.491232322910651, 7.89722488662948, 1.389354101732168, 2.308381712369079, 0.0, 1.4355175164378877, 3.213725851717909, 2.9219493322095778, 3.8017072401751295, 6.085208447538999, 5.975601175614048, 6.261642909812088, 7.3100889420033734, 6.891990683394747, 5.618911108924931, 8.572268548056577, 8.141468567770804, 8.298974011888458, 1.0123378783785582, 2.086699683711099, 2.0544618468104976], [1.5190494856982113, 2.3400798212881546, 3.6655879610234434, 4.234653044819611, 4.634259958181026, 6.006771479755161, 7.0666250056161894, 7.298651108937871, 8.431371137009686, 2.3188893764041443, 3.4790325249988685, 1.4355175164378877, 0.0, 2.191419893584979, 2.175053456814338, 4.5247207140330765, 6.287697266090346, 6.246881869380915, 6.99021014634038, 8.216898313840813, 7.590480465688585, 6.543259943636658, 9.228218386015799, 8.56014502330422, 8.747282360253383, 2.184396017209334, 1.092686611064673, 1.0948494234368484], [1.0943684617166196, 2.1082759164777274, 2.7242907645844268, 2.67185003695941, 4.035599518039421, 5.100259516926565, 6.467222360488311, 6.962138736049433, 7.592861243299525, 3.1703304386136155, 4.2923601945782695, 3.213725851717909, 2.191419893584979, 0.0, 1.7786899476862177, 4.371868077835835, 5.145804621242435, 5.156645279636753, 6.609563763214635, 7.99865202956098, 7.0791189741379545, 6.483545004085342, 8.547575567960777, 7.584482126684722, 7.744604949253383, 4.13252399751048, 2.840937373473763, 2.37948647611202], [1.0960135674342724, 2.066134272016221, 2.8074157013167818, 2.938737992744505, 4.009477963525925, 5.185436615175235, 6.368948210654567, 7.047247954343597, 7.5343799141004295, 2.9550747198675027, 4.090038455809432, 2.9219493322095778, 2.175053456814338, 1.7786899476862177, 0.0, 4.340748974543448, 5.096515536128582, 5.59898869529132, 6.2162335195840255, 7.978468138684268, 7.42461792282943, 6.5410509331452245, 8.401840437666024, 7.399979268889879, 7.925304089434045, 3.8974821436409433, 2.386094015331332, 3.029847860866944], [3.874370733422397, 2.4294821114797287, 2.0286921846352146, 3.1435325558994927, 1.0173440224427528, 2.134921288947206, 2.6804847565319228, 2.8061714719524895, 4.1648020229057705, 2.4133657949013863, 1.9588659908222408, 3.8017072401751295, 4.5247207140330765, 4.371868077835835, 4.340748974543448, 0.0, 2.9658810309923087, 2.627849560001485, 2.7681848113881418, 3.7356286619523624, 3.2876400411237237, 2.203298629328308, 4.833989515917468, 4.592740020946102, 4.560784411699372, 4.3599037764611275, 5.432946652600226, 4.965512958396141], [5.026279459998221, 3.9756762770628096, 2.637953716424911, 2.5633457238538853, 2.0657143534380547, 1.0966168610777423, 2.1730116750721797, 3.481976441620477, 2.6621239377609753, 4.815695007992097, 4.8053214044432035, 6.085208447538999, 6.287697266090346, 5.145804621242435, 5.096515536128582, 2.9658810309923087, 0.0, 1.7660676147871575, 2.5634275296953493, 4.318094590209899, 3.749628724287246, 3.8528100835623857, 3.6893743602405005, 2.4508309142003246, 2.9776833176145514, 6.890301499208871, 7.0721211669484285, 6.7911049800455885], [5.17444055816665, 4.007077740698326, 2.8140202788892625, 2.9946249281003454, 2.063552938501942, 1.0963793868912346, 2.1845569115955756, 2.7386198166229643, 2.8564768124387077, 4.668857638652093, 4.502162136129706, 5.975601175614048, 6.246881869380915, 5.156645279636753, 5.59898869529132, 2.627849560001485, 1.7660676147871575, 0.0, 3.074509840608743, 3.754716778932866, 2.542373810044463, 3.085784921215346, 3.848579866652114, 3.2393467258075352, 2.686324436846748, 6.665041855082382, 7.20284918487122, 6.495679989808611], [6.1211023590526565, 4.783900569618896, 3.9067190339209192, 4.523299527999445, 2.6584523787346654, 2.157951037442694, 1.0976809827996474, 2.14348162110152, 2.1416740601688202, 4.924155481907532, 4.340566131278269, 6.261642909812088, 6.99021014634038, 6.609563763214635, 6.2162335195840255, 2.7681848113881418, 2.5634275296953493, 3.074509840608743, 0.0, 2.493927707452644, 3.06762608379835, 2.482879541983461, 2.4840038707699317, 2.4824762415781545, 3.0666555757045817, 6.802029036250874, 7.746497692505949, 7.593901896258602], [7.5953004588363715, 6.1562301410847216, 5.432912563257391, 6.172926219387366, 4.070504094089576, 3.4911352322704428, 2.1740135487158305, 1.0953741324314716, 2.7216095403271936, 5.9806824259443845, 5.060360948588549, 7.3100889420033734, 8.216898313840813, 7.99865202956098, 7.978468138684268, 3.7356286619523624, 4.318094590209899, 3.754716778932866, 2.493927707452644, 0.0, 1.7713605674734887, 1.7642211511032282, 2.4969766558780644, 3.7266964915324134, 3.0925258721634004, 7.613883496613275, 9.11454959775852, 8.580117231133851], [6.889904810663207, 5.514111374464611, 4.695031648455631, 5.304170194290526, 3.485108247960169, 2.792263961376145, 2.181228353474253, 1.0954359360546833, 2.790141589597202, 5.555991139301789, 4.8290491952350205, 6.891990683394747, 7.590480465688585, 7.0791189741379545, 7.42461792282943, 3.2876400411237237, 3.749628724287246, 2.542373810044463, 3.06762608379835, 1.7713605674734887, 0.0, 1.7717993142565553, 3.130190077295627, 3.8025550436515707, 2.6197024277577787, 7.280599369557427, 8.587221765507165, 7.782536924422524], [6.045599593919531, 4.6054000651409215, 4.105266211830847, 5.03819893612787, 2.819768538373318, 2.8215409017060162, 2.182910332560639, 1.0941854047646589, 3.46743497992392, 4.309696753833151, 3.3787667128702448, 5.618911108924931, 6.543259943636658, 6.483545004085342, 6.5410509331452245, 2.203298629328308, 3.8528100835623857, 3.085784921215346, 2.482879541983461, 1.7642211511032282, 1.7717993142565553, 0.0, 3.732236081761174, 4.321340922676663, 3.8028168507042244, 5.910028332419397, 7.469366255580189, 6.8611538162323695], [8.256697711555148, 6.936760558791114, 5.847999522913797, 6.168426931560428, 4.629622021288563, 3.471506363237723, 2.1751669568104424, 2.73672763167985, 1.0952302451996112, 7.194416870045828, 6.563941624511907, 8.572268548056577, 9.228218386015799, 8.547575567960777, 8.401840437666024, 4.833989515917468, 3.6893743602405005, 3.848579866652114, 2.4840038707699317, 2.4969766558780644, 3.130190077295627, 3.732236081761174, 0.0, 1.7682831617136436, 1.772781027087102, 9.100038860356586, 10.05652121809525, 9.711996903829819], [7.388127689746571, 6.22989339956953, 4.98290815287619, 5.008918906311021, 4.0354952781536, 2.754516721677325, 2.174905140460153, 3.4644577800862284, 1.0951981144980116, 6.800208351219836, 6.457318177850616, 8.141468567770804, 8.56014502330422, 7.584482126684722, 7.399979268889879, 4.592740020946102, 2.4508309142003246, 3.2393467258075352, 2.4824762415781545, 3.7266964915324134, 3.8025550436515707, 4.321340922676663, 1.7682831617136436, 0.0, 1.7727632018969706, 8.829952150493229, 9.329628698399524, 9.09553776749896], [7.669723049106794, 6.433815738735451, 5.211670314783927, 5.319222097261966, 4.1689411377470895, 2.776025983307793, 2.1809058484950694, 2.7797373437071347, 1.0954177924426824, 6.921532237156741, 6.469464467790204, 8.298974011888458, 8.747282360253383, 7.744604949253383, 7.925304089434045, 4.560784411699372, 2.9776833176145514, 2.686324436846748, 3.0666555757045817, 3.0925258721634004, 2.6197024277577787, 3.8028168507042244, 1.772781027087102, 1.7727632018969706, 0.0, 8.911175595284833, 9.651822079794053, 9.091389513710212], [3.3115716842611156, 3.197798969603937, 4.505349884304215, 5.4819435577174636, 4.911772718683144, 6.339152694958531, 6.998360137203573, 6.873322053417838, 8.502028605574084, 2.075868844604591, 2.5725474903293817, 1.0123378783785582, 2.184396017209334, 4.13252399751048, 3.8974821436409433, 4.3599037764611275, 6.890301499208871, 6.665041855082382, 6.802029036250874, 7.613883496613275, 7.280599369557427, 5.910028332419397, 9.100038860356586, 8.829952150493229, 8.911175595284833, 0.0, 2.6153458260811324, 2.509370737854413], [2.195618120256799, 3.222253040963729, 4.507997561002003, 4.975483431788312, 5.510386667920864, 6.884594287247434, 7.921544706684424, 8.229857156719065, 9.274264107733831, 3.1762102276140354, 4.299682611542392, 2.086699683711099, 1.092686611064673, 2.840937373473763, 2.386094015331332, 5.432946652600226, 7.0721211669484285, 7.20284918487122, 7.746497692505949, 9.11454959775852, 8.587221765507165, 7.469366255580189, 10.05652121809525, 9.329628698399524, 9.651822079794053, 2.6153458260811324, 0.0, 1.7869119983927582], [2.1718240536470717, 2.92675578926565, 4.162824279260416, 4.671212301961879, 5.1183861460425195, 6.431373266262812, 7.538247210724784, 7.629136147035259, 8.891292105762805, 2.8876753730293157, 3.9329928667619014, 2.0544618468104976, 1.0948494234368484, 2.37948647611202, 3.029847860866944, 4.965512958396141, 6.7911049800455885, 6.495679989808611, 7.593901896258602, 8.580117231133851, 7.782536924422524, 6.8611538162323695, 9.711996903829819, 9.09553776749896, 9.091389513710212, 2.509370737854413, 1.7869119983927582, 0.0]]}