{"total energy": -24.055014, "HOMO-LUMO gap/eV": 11.62319917, "electronic energy": -24.35190171, "dipole": [0.43327385, 0.4453969, 0.25801106], "partial charges": [-0.09927455, -0.05794635, 0.14386603, -0.11578692, -0.45051161, -0.06676711, -0.09898566, 0.03221869, 0.03050895, 0.04875616, 0.02960462, 0.04862166, 0.04919734, 0.02731433, 0.034262, 0.2808276, 0.02908145, 0.02625928, 0.03027894, 0.04438085, 0.0340943], "atomic dipole moments": [[0.1083183, -0.0204634, 0.02583505], [-0.01970158, 0.09742389, -0.06365455], [-0.00801261, -0.01618563, -0.13800518], [0.02871652, -0.09510098, -0.01381867], [0.1141544, 0.12417985, 0.15919984], [-0.06644908, -0.07001717, -0.04212055], [-0.03362846, 0.10137108, 0.02578312], [-0.03963016, 0.10927953, 0.04679662], [-0.06816586, -0.08726035, 0.05520211], [-0.02858165, -0.00544728, -0.12666808], [0.01444004, 0.00375869, 0.12375358], [0.01445881, -0.12057838, -0.03226981], [-0.11214203, 0.03933818, -0.0514771], [0.07686891, 0.07929905, -0.05705216], [0.00202528, 0.02839369, 0.12602859], [0.05105249, 0.05031514, -0.03140646], [0.0228377, 0.02207719, 0.12111691], [0.07794358, 0.07182962, -0.05898874], [0.12100448, -0.00808763, 0.02381352], [-0.01444061, -0.03232645, -0.12373853], [-0.05538759, -0.088117, 0.07296367]], "atomic quadrupole moments": [[0.21097928, -0.05794196, -0.08400723, 0.05978991, -0.02470683, -0.12697205], [0.1983814, 0.04278421, -0.07926435, -0.02693347, -0.11943765, -0.11911705], [-0.13164346, 0.01335515, -0.10691121, 0.04724717, 0.05995353, 0.23855467], [-0.08243948, -0.05456592, 0.17781656, -0.0295418, 0.07472781, -0.09537707], [-0.07592875, 0.03902424, -0.0693409, 0.03052795, 0.04642962, 0.14526965], [0.08224295, -0.12026089, 0.08469445, 0.06479154, 0.04749228, -0.1669374], [-0.06306353, -0.09389103, 0.18745384, -0.01855774, 0.06537726, -0.1243903], [-0.02680789, -0.01958338, 0.06075805, 0.00056248, 0.04417301, -0.03395016], [-0.00159657, 0.03811634, 0.02673017, -0.02598427, -0.05184094, -0.0251336], [-0.02854171, -0.00592402, -0.04754466, 0.00778148, 0.00427568, 0.07608636], [-0.01092152, 0.00645694, -0.04540956, 0.01391653, 0.0206266, 0.05633108], [0.00320662, -0.01938184, 0.03610273, -0.01227793, 0.03385547, -0.03930935], [0.0684561, -0.00691499, -0.03269924, 0.04124522, -0.00161077, -0.03575686], [0.03170208, 0.04167885, -0.00402091, -0.04940435, -0.02975232, -0.02768116], [-0.05089882, -0.00248036, -0.03239884, 0.00312492, 0.01330966, 0.08329766], [-0.00089552, 0.0899029, -0.00431495, -0.06284285, -0.05897879, 0.00521047], [-0.03462439, -0.01547322, -0.02522234, 0.00443389, 0.01170638, 0.05984673], [-0.00317138, 0.01245454, 0.02005806, -0.03605995, -0.03988652, -0.01688668], [0.07754581, 0.00029159, -0.02766435, 0.02848883, 0.00559836, -0.04988146], [-0.04346567, -0.00223116, -0.02795819, 0.02711424, 0.01447935, 0.07142387], [-0.00758316, 0.03499821, 0.01061004, -0.04823421, -0.03595278, -0.00302688]], "number of molecular orbitals": 42, "number of electrons": 44, "number of unpaired electrons": 0, "orbital energies/eV": [-18.36272673, -17.11694669, -16.6048735, -16.35957203, -15.87280645, -15.49722654, -15.17786086, -14.44937786, -14.1274934, -13.93555996, -13.43997163, -13.19782362, -13.11228685, -12.62206229, -12.55555822, -12.42004423, -12.2755436, -11.97050382, -11.78593326, -11.5808619, -11.35010561, -10.83657195, 0.78662722, 1.62604635, 1.95459392, 2.35418102, 3.56034254, 3.76352672, 4.19589061, 4.55306248, 4.58893801, 4.91602754, 5.10218145, 5.37904918, 5.62989008, 5.95781419, 6.28704878, 6.680967, 7.16603148, 7.43890513, 7.82689626, 8.07748763], "fractional occupation": [2.0, 2.0, 2.0, 2.0, 2.0, 2.0, 2.0, 2.0, 2.0, 2.0, 2.0, 2.0, 2.0, 2.0, 2.0, 2.0, 2.0, 2.0, 2.0, 2.0, 2.0, 2.0, 0.0, 0.0, 0.0, 0.0, 0.0, 0.0, 0.0, 0.0, 0.0, 0.0, 0.0, 0.0, 0.0, 0.0, 0.0, 0.0, 0.0, 0.0, 0.0, 0.0], "program call": "xtb /home/svss/Project-DBcg-Debug/aqme2_20220329/End-to-End-workflows-final/example-3/QDESCP/mol_447_rdkit_conf_2/mol_447_rdkit_conf_2.xyz --pop --wbo --acc 0.2 --gfn 2 --chrg 0 --uhf 0 --etemp 300 --input /home/svss/Project-DBcg-Debug/aqme2_20220329/End-to-End-workflows-final/example-3/QDESCP/mol_447_rdkit_conf_2/mol_447_rdkit_conf_2_xtb.inp", "method": "GFN2-xTB", "xtb version": "6.3.3 (7355c4f)", "Dipole module/D": 1.71, "Total charge": 0, "Transition dipole module/D": NaN, "HOMO": -10.8366, "LUMO": 0.7866, "HOMO occupancy": 2.0, "LUMO occupancy": 0, "mulliken charges": [-0.0775, -0.0503, 0.24379, -0.11512, -0.56921, -0.06812, -0.07782, 0.02159, 0.02523, 0.04111, 0.01899, 0.03792, 0.04269, 0.02718, 0.03036, 0.3344, 0.02402, 0.02268, 0.02555, 0.03603, 0.02654], "cm5 charges": [-0.22718, -0.15552, 0.23423, -0.2593, -0.77635, -0.17441, -0.2276, 0.07371, 0.07606, 0.09492, 0.07473, 0.09626, 0.09727, 0.08077, 0.08276, 0.50504, 0.0796, 0.07999, 0.0764, 0.08995, 0.07866], "FUKUI+": [0.021, 0.014, -0.06, 0.033, -0.136, 0.0, 0.019, -0.031, -0.052, -0.028, -0.093, -0.05, -0.073, -0.052, -0.088, -0.119, -0.091, -0.054, -0.079, -0.037, -0.043], "FUKUI-": [0.016, 0.009, -0.022, 0.009, -0.106, -0.002, 0.018, -0.089, -0.075, -0.048, -0.059, -0.091, -0.06, -0.056, -0.057, -0.056, -0.07, -0.067, -0.087, -0.05, -0.057], "FUKUIrad": [0.019, 0.011, -0.041, 0.021, -0.121, -0.001, 0.019, -0.06, -0.064, -0.038, -0.076, -0.07, -0.067, -0.054, -0.073, -0.087, -0.08, -0.06, -0.083, -0.044, -0.05], "s proportion": [1.006, 1.033, 1.05, 1.023, 1.701, 1.041, 1.006, 0.978, 0.975, 0.959, 0.981, 0.962, 0.957, 0.973, 0.97, 0.666, 0.976, 0.977, 0.974, 0.964, 0.973], "p proportion": [3.072, 3.017, 2.707, 3.092, 4.868, 3.027, 3.072, 0.0, 0.0, 0.0, 0.0, 0.0, 0.0, 0.0, 0.0, 0.0, 0.0, 0.0, 0.0, 0.0, 0.0], "d proportion": [0.0, 0.0, 0.0, 0.0, 0.0, 0.0, 0.0, 0.0, 0.0, 0.0, 0.0, 0.0, 0.0, 0.0, 0.0, 0.0, 0.0, 0.0, 0.0, 0.0, 0.0], "Fermi-level/eV": -5.025, "Coordination numbers": [3.748, 3.8, 3.77, 3.752, 1.653, 3.801, 3.748, 0.924, 0.924, 0.924, 0.924, 0.924, 0.924, 0.924, 0.924, 0.804, 0.924, 0.923, 0.924, 0.924, 0.924], "Dispersion coefficient C6": [22.463, 21.618, 18.294, 22.778, 21.855, 21.78, 22.457, 2.555, 2.579, 2.336, 2.592, 2.337, 2.33, 2.625, 2.527, 0.782, 2.6, 2.64, 2.583, 2.391, 2.529], "Total dispersion C6": 2903.227378, "Total dispersion C8": 60006.047207, "Polarizability alpha": [6.76, 6.62, 6.095, 6.806, 6.311, 6.645, 6.759, 2.5, 2.512, 2.39, 2.518, 2.391, 2.387, 2.534, 2.486, 1.389, 2.521, 2.541, 2.513, 2.418, 2.487], "Total polarizability alpha": 79.58262, "Wiberg matrix": [[0.0, 1.019382444707928, 0.0, 0.0, 0.0, 0.0, 0.0, 0.9867351597443579, 0.9869764522912834, 0.9865373401746755, 0.0, 0.0, 0.0, 0.0, 0.0, 0.0, 0.0, 0.0, 0.0, 0.0, 0.0], [1.019382444707928, 0.0, 0.9816706328046572, 0.0, 0.0, 0.0, 0.0, 0.0, 0.0, 0.0, 0.9772893925376216, 0.9732329243718217, 0.0, 0.0, 0.0, 0.0, 0.0, 0.0, 0.0, 0.0, 0.0], [0.0, 0.9816706328046572, 0.0, 0.9912117218476034, 0.9727849092044113, 0.9747807709164655, 0.0, 0.0, 0.0, 0.0, 0.0, 0.0, 0.0, 0.0, 0.0, 0.0, 0.0, 0.0, 0.0, 0.0, 0.0], [0.0, 0.0, 0.9912117218476034, 0.0, 0.0, 0.0, 0.0, 0.0, 0.0, 0.0, 0.0, 0.0, 0.9825145078090631, 0.9840859789469846, 0.986007393425959, 0.0, 0.0, 0.0, 0.0, 0.0, 0.0], [0.0, 0.0, 0.9727849092044113, 0.0, 0.0, 0.0, 0.0, 0.0, 0.0, 0.0, 0.0, 0.0, 0.0, 0.0, 0.0, 0.9023365121404501, 0.0, 0.0, 0.0, 0.0, 0.0], [0.0, 0.0, 0.9747807709164655, 0.0, 0.0, 0.0, 1.0202665569763176, 0.0, 0.0, 0.0, 0.0, 0.0, 0.0, 0.0, 0.0, 0.0, 0.9770886261439323, 0.9751057801396021, 0.0, 0.0, 0.0], [0.0, 0.0, 0.0, 0.0, 0.0, 1.0202665569763176, 0.0, 0.0, 0.0, 0.0, 0.0, 0.0, 0.0, 0.0, 0.0, 0.0, 0.0, 0.0, 0.986717404017813, 0.9861593597851068, 0.9860032617374861], [0.9867351597443579, 0.0, 0.0, 0.0, 0.0, 0.0, 0.0, 0.0, 0.0, 0.0, 0.0, 0.0, 0.0, 0.0, 0.0, 0.0, 0.0, 0.0, 0.0, 0.0, 0.0], [0.9869764522912834, 0.0, 0.0, 0.0, 0.0, 0.0, 0.0, 0.0, 0.0, 0.0, 0.0, 0.0, 0.0, 0.0, 0.0, 0.0, 0.0, 0.0, 0.0, 0.0, 0.0], [0.9865373401746755, 0.0, 0.0, 0.0, 0.0, 0.0, 0.0, 0.0, 0.0, 0.0, 0.0, 0.0, 0.0, 0.0, 0.0, 0.0, 0.0, 0.0, 0.0, 0.0, 0.0], [0.0, 0.9772893925376216, 0.0, 0.0, 0.0, 0.0, 0.0, 0.0, 0.0, 0.0, 0.0, 0.0, 0.0, 0.0, 0.0, 0.0, 0.0, 0.0, 0.0, 0.0, 0.0], [0.0, 0.9732329243718217, 0.0, 0.0, 0.0, 0.0, 0.0, 0.0, 0.0, 0.0, 0.0, 0.0, 0.0, 0.0, 0.0, 0.0, 0.0, 0.0, 0.0, 0.0, 0.0], [0.0, 0.0, 0.0, 0.9825145078090631, 0.0, 0.0, 0.0, 0.0, 0.0, 0.0, 0.0, 0.0, 0.0, 0.0, 0.0, 0.0, 0.0, 0.0, 0.0, 0.0, 0.0], [0.0, 0.0, 0.0, 0.9840859789469846, 0.0, 0.0, 0.0, 0.0, 0.0, 0.0, 0.0, 0.0, 0.0, 0.0, 0.0, 0.0, 0.0, 0.0, 0.0, 0.0, 0.0], [0.0, 0.0, 0.0, 0.986007393425959, 0.0, 0.0, 0.0, 0.0, 0.0, 0.0, 0.0, 0.0, 0.0, 0.0, 0.0, 0.0, 0.0, 0.0, 0.0, 0.0, 0.0], [0.0, 0.0, 0.0, 0.0, 0.9023365121404501, 0.0, 0.0, 0.0, 0.0, 0.0, 0.0, 0.0, 0.0, 0.0, 0.0, 0.0, 0.0, 0.0, 0.0, 0.0, 0.0], [0.0, 0.0, 0.0, 0.0, 0.0, 0.9770886261439323, 0.0, 0.0, 0.0, 0.0, 0.0, 0.0, 0.0, 0.0, 0.0, 0.0, 0.0, 0.0, 0.0, 0.0, 0.0], [0.0, 0.0, 0.0, 0.0, 0.0, 0.9751057801396021, 0.0, 0.0, 0.0, 0.0, 0.0, 0.0, 0.0, 0.0, 0.0, 0.0, 0.0, 0.0, 0.0, 0.0, 0.0], [0.0, 0.0, 0.0, 0.0, 0.0, 0.0, 0.986717404017813, 0.0, 0.0, 0.0, 0.0, 0.0, 0.0, 0.0, 0.0, 0.0, 0.0, 0.0, 0.0, 0.0, 0.0], [0.0, 0.0, 0.0, 0.0, 0.0, 0.0, 0.9861593597851068, 0.0, 0.0, 0.0, 0.0, 0.0, 0.0, 0.0, 0.0, 0.0, 0.0, 0.0, 0.0, 0.0, 0.0], [0.0, 0.0, 0.0, 0.0, 0.0, 0.0, 0.9860032617374861, 0.0, 0.0, 0.0, 0.0, 0.0, 0.0, 0.0, 0.0, 0.0, 0.0, 0.0, 0.0, 0.0, 0.0]], "Born radii": [], "Atomic SASAs": [], "Solvent H bonds": [], "Total SASA": NaN, "Total FOD": 0.0, "FOD": [0.0, 0.0, 0.0, 0.0, 0.0, 0.0, 0.0, 0.0, 0.0, 0.0, 0.0, 0.0, 0.0, 0.0, 0.0, 0.0, 0.0, 0.0, 0.0, 0.0, 0.0], "FOD s proportion": [0.0, 0.0, 0.0, 0.0, 0.0, 0.0, 0.0, 0.0, 0.0, 0.0, 0.0, 0.0, 0.0, 0.0, 0.0, 0.0, 0.0, 0.0, 0.0, 0.0, 0.0], "FOD p proportion": [0.0, 0.0, 0.0, 0.0, 0.0, 0.0, 0.0, 0.0, 0.0, 0.0, 0.0, 0.0, 0.0, 0.0, 0.0, 0.0, 0.0, 0.0, 0.0, 0.0, 0.0], "FOD d proportion": [0.0, 0.0, 0.0, 0.0, 0.0, 0.0, 0.0, 0.0, 0.0, 0.0, 0.0, 0.0, 0.0, 0.0, 0.0, 0.0, 0.0, 0.0, 0.0, 0.0, 0.0], "coordinates": [["-2.38500", "-0.37950", "0.31360"], ["-0.90400", "-0.61650", "0.59340"], ["0.05390", "0.33250", "-0.15800"], ["-0.27350", "1.80590", "0.11890"], ["-0.10850", "0.10550", "-1.56110"], ["1.52930", "0.06560", "0.22120"], ["2.02690", "-1.34100", "-0.09280"], ["-2.71750", "0.58640", "0.70470"], ["-2.98460", "-1.15410", "0.80320"], ["-2.60100", "-0.41600", "-0.75840"], ["-0.73300", "-0.54250", "1.67410"], ["-0.69530", "-1.65240", "0.30050"], ["-1.25210", "2.08330", "-0.28690"], ["0.44930", "2.46480", "-0.37660"], ["-0.25850", "2.02610", "1.19120"], ["0.50000", "0.69900", "-2.03360"], ["1.68310", "0.26710", "1.28840"], ["2.17200", "0.76340", "-0.33150"], ["3.09920", "-1.41150", "0.11770"], ["1.87570", "-1.59420", "-1.14650"], ["1.52350", "-2.09200", "0.52260"]], "bond_dist": [[0.0, 1.5257188600787497, 2.5841021206600945, 3.045047372373704, 2.9886748468175655, 3.9406086154298547, 4.533707624009294, 1.0938364914373628, 1.0950951922093348, 1.09415366836656, 2.1463068862583468, 2.115545345767847, 2.7765890045161528, 4.074269875695522, 3.328527507772769, 3.8724327095509357, 4.23293801159431, 4.742217141801923, 5.583892052144274, 4.664863619657064, 4.272318983877492], [1.5257188600787497, 0.0, 1.5436241025586508, 2.547685667424457, 2.407483021746986, 2.5543574808550193, 3.0961178110659806, 2.179022338114045, 2.1591494065951062, 2.1788465962522463, 1.0966446507415242, 1.0965559310860526, 2.860947699626821, 3.50238926734308, 2.7852055310156194, 3.2562071878183674, 2.820790734882685, 3.495903319601388, 4.109005442926549, 3.421970395839216, 2.8416314222643306], [2.5841021206600945, 1.5436241025586508, 0.0, 1.5345266143016223, 1.4305916153815526, 1.5465553368696512, 2.587968757539395, 2.913653112503271, 3.5165846001482746, 2.822981831326585, 2.177481807042254, 2.1705646500392475, 2.1880474971992725, 2.179639972564276, 2.187742068892035, 1.9624481700162173, 2.179596926039308, 2.1684383020966957, 3.5201418408922103, 2.8298869906764827, 2.9156715812999243], [3.045047372373704, 2.547685667424457, 1.5345266143016223, 0.0, 2.3960353002407957, 2.5078271910161596, 3.9037977227310328, 2.793470581552632, 4.071845981861299, 3.3352288002474433, 2.853904316896416, 3.488657720384733, 1.095117509676473, 1.0964074516346556, 1.0947786671286577, 2.5410206827178716, 2.7502580333488713, 2.6963190946176976, 4.661198289066879, 4.216749673623038, 4.311125966612435], [2.9886748468175655, 2.407483021746986, 1.4305916153815526, 2.3960353002407957, 0.0, 2.4208622720014454, 2.9678612332789416, 3.4888386964719365, 3.9304526278788807, 2.6699898482953075, 3.358038607580324, 2.6268043722363488, 2.6159318492651904, 2.698236012657158, 3.359517770454563, 0.9725074549842793, 3.3698064291588024, 2.673093492566244, 3.9254296236208335, 2.6453587450476355, 3.4400924318977246], [3.9406086154298547, 2.5543574808550193, 1.5465553368696512, 2.5078271910161596, 2.4208622720014454, 0.0, 1.5247049944169528, 4.305846621745833, 4.711866434864214, 4.272111048416227, 2.7565749237051405, 2.8118779578779733, 3.4735378017231944, 2.6981337031362993, 2.825011343340058, 2.5582761950188257, 1.0968922143948328, 1.0979368925398219, 2.1580367628935333, 2.178424267676065, 2.1785576329305587], [4.533707624009294, 3.0961178110659806, 2.587968757539395, 3.9037977227310328, 2.9678612332789416, 1.5247049944169528, 0.0, 5.18268351049917, 5.094396908369037, 4.766141706873601, 3.372919487624927, 2.7680367934693355, 4.745033856570466, 4.129585674132454, 4.2672088734909615, 3.203081055796122, 2.14753288449793, 2.1228591710238343, 1.0950378030004264, 1.094191651402989, 1.093677155288525], [1.0938364914373628, 2.179022338114045, 2.913653112503271, 2.793470581552632, 3.4888386964719365, 4.305846621745833, 5.18268351049917, 0.0, 1.7636283366968224, 1.7773687349562555, 2.4804015441053084, 3.043829154206918, 2.317623207080909, 3.837475536078373, 2.8906918445244205, 4.226496409557211, 4.450611029959819, 5.001224818981846, 6.178201380660879, 5.4110483309613855, 5.019269665001074], [1.0950951922093348, 2.1591494065951062, 3.5165846001482746, 4.071845981861299, 3.9304526278788807, 4.711866434864214, 5.094396908369037, 1.7636283366968224, 0.0, 1.7693318315115454, 2.490426455448946, 2.3962271741218526, 3.830226236138017, 5.126405608221027, 4.206642039679631, 4.860437327031385, 4.903330681281857, 5.617372508566616, 6.127706540786692, 5.2552387376788126, 4.613172268623837], [1.09415366836656, 2.1788465962522463, 2.822981831326585, 3.3352288002474433, 2.6699898482953075, 4.272111048416227, 4.766141706873601, 1.7773687349562555, 1.7693318315115454, 0.0, 3.069606245107017, 2.5063213401317874, 2.8789484104443415, 4.212969258136118, 3.9053935550722665, 3.5334913386054874, 4.796824851920279, 4.935053897375387, 5.852422703462217, 4.645386931139321, 4.632649053187604], [2.1463068862583468, 1.0966446507415242, 2.177481807042254, 2.853904316896416, 3.358038607580324, 2.7565749237051405, 3.372919487624927, 2.4804015441053084, 2.490426455448946, 3.069606245107017, 0.0, 1.7663737599953186, 3.3181035924154023, 3.8271473802298233, 2.6563223863078065, 4.099835428404413, 2.577160425739927, 3.7638851164720744, 4.2264995918608586, 3.9833620146805635, 2.969628722584694], [2.115545345767847, 1.0965559310860526, 2.1705646500392475, 3.488657720384733, 2.6268043722363488, 2.8118779578779733, 2.7680367934693355, 3.043829154206918, 2.3962271741218526, 2.5063213401317874, 1.7663737599953186, 0.0, 3.8223709252242903, 4.326651061733544, 3.809921650113031, 3.522193472823434, 3.212041908194848, 3.802226049303224, 3.8065310848592846, 2.950802812795189, 2.2728066371779185], [2.7765890045161528, 2.860947699626821, 2.1880474971992725, 1.095117509676473, 2.6159318492651904, 3.4735378017231944, 4.745033856570466, 2.317623207080909, 3.830226236138017, 2.8789484104443415, 3.3181035924154023, 3.8223709252242903, 0.0, 1.74595254803789, 1.7819350184560603, 2.834978269757989, 3.7941470148111023, 3.669957217734289, 5.595635789613188, 4.903677319114707, 5.078619467926298], [4.074269875695522, 3.50238926734308, 2.179639972564276, 1.0964074516346556, 2.698236012657158, 2.6981337031362993, 4.129585674132454, 3.837475536078373, 5.126405608221027, 4.212969258136118, 3.8271473802298233, 4.326651061733544, 1.74595254803789, 0.0, 1.775228258562825, 2.4220382181130007, 3.020657665145125, 2.4216711709065706, 4.721440901885779, 4.370680035189032, 4.767273069586008], [3.328527507772769, 2.7852055310156194, 2.187742068892035, 1.0947786671286577, 3.359517770454563, 2.825011343340058, 4.2672088734909615, 2.8906918445244205, 4.206642039679631, 3.9053935550722665, 2.6563223863078065, 3.809921650113031, 1.7819350184560603, 1.775228258562825, 0.0, 3.56873250608672, 2.6217054373060296, 3.1337448571956212, 4.923783636594931, 4.808973177300951, 4.536661500486894], [3.8724327095509357, 3.2562071878183674, 1.9624481700162173, 2.5410206827178716, 0.9725074549842793, 2.5582761950188257, 3.203081055796122, 4.226496409557211, 4.860437327031385, 3.5334913386054874, 4.099835428404413, 3.522193472823434, 2.834978269757989, 2.4220382181130007, 3.56873250608672, 0.0, 3.5527379892133895, 2.3868128896082323, 3.979716394418075, 2.817492349590323, 3.9206366434547335], [4.23293801159431, 2.820790734882685, 2.179596926039308, 2.7502580333488713, 3.3698064291588024, 1.0968922143948328, 2.14753288449793, 4.450611029959819, 4.903330681281857, 4.796824851920279, 2.577160425739927, 3.212041908194848, 3.7941470148111023, 3.020657665145125, 2.6217054373060296, 3.5527379892133895, 0.0, 1.7633527469000636, 2.4886895467293626, 3.0708745431879825, 2.4854123621644764], [4.742217141801923, 3.495903319601388, 2.1684383020966957, 2.6963190946176976, 2.673093492566244, 1.0979368925398219, 2.1228591710238343, 5.001224818981846, 5.617372508566616, 4.935053897375387, 3.7638851164720744, 3.802226049303224, 3.669957217734289, 2.4216711709065706, 3.1337448571956212, 2.3868128896082323, 1.7633527469000636, 0.0, 2.406588974046046, 2.51203034416386, 3.0501390492893923], [5.583892052144274, 4.109005442926549, 3.5201418408922103, 4.661198289066879, 3.9254296236208335, 2.1580367628935333, 1.0950378030004264, 6.178201380660879, 6.127706540786692, 5.852422703462217, 4.2264995918608586, 3.8065310848592846, 5.595635789613188, 4.721440901885779, 4.923783636594931, 3.979716394418075, 2.4886895467293626, 2.406588974046046, 0.0, 1.768766004874585, 1.7634780265146488], [4.664863619657064, 3.421970395839216, 2.8298869906764827, 4.216749673623038, 2.6453587450476355, 2.178424267676065, 1.094191651402989, 5.4110483309613855, 5.2552387376788126, 4.645386931139321, 3.9833620146805635, 2.950802812795189, 4.903677319114707, 4.370680035189032, 4.808973177300951, 2.817492349590323, 3.0708745431879825, 2.51203034416386, 1.768766004874585, 0.0, 1.7770043584639854], [4.272318983877492, 2.8416314222643306, 2.9156715812999243, 4.311125966612435, 3.4400924318977246, 2.1785576329305587, 1.093677155288525, 5.019269665001074, 4.613172268623837, 4.632649053187604, 2.969628722584694, 2.2728066371779185, 5.078619467926298, 4.767273069586008, 4.536661500486894, 3.9206366434547335, 2.4854123621644764, 3.0501390492893923, 1.7634780265146488, 1.7770043584639854, 0.0]]}