{"total energy": -50.46269895, "HOMO-LUMO gap/eV": 1.02094748, "electronic energy": -50.9747406, "dipole": [-1.27134946, -2.49288004, -1.53511318], "partial charges": [-0.10849517, 0.00099504, -0.0663364, 0.00251967, -0.10606556, 0.1424465, -0.33254161, -0.06618251, -0.09014924, 0.1488212, -0.32317446, -0.06452791, 0.0069251, -0.10878426, 0.00602111, -0.10443935, 0.05239055, 0.04419452, 0.05422918, 0.05540868, 0.06526665, 0.07009715, 0.05367803, 0.05126778, 0.05041463, 0.04127485, 0.05574924, 0.05533451, 0.0510451, 0.04542319, 0.04857866, 0.04865964, 0.06782554, 0.04749232, 0.06158589, 0.04305177], "atomic dipole moments": [[0.08893689, -0.03785596, -0.08356475], [0.06959256, -0.04350969, 0.14977758], [-0.04805616, -0.02887591, -0.01052189], [0.05697079, 0.12801457, -0.100893], [-0.05425664, 0.06337739, 0.09490481], [-0.04739984, 0.07960225, -0.03992792], [-0.11012491, 0.11926392, -0.01328688], [0.16818341, -0.22243617, -0.17866187], [0.21817004, 0.08417141, 0.38777318], [-0.0791585, -0.05194369, -0.03468592], [-0.06764981, -0.07011205, -0.03180228], [0.02749511, -0.04723654, -0.01817656], [0.0746118, 0.14714638, -0.02105328], [-0.00235212, -0.01079826, 0.12417821], [-0.16069048, -0.02111723, 0.06005863], [-0.02119454, 0.05007826, -0.11958429], [-0.09916694, 0.05379633, -0.06284772], [-0.04784252, -0.09500214, 0.06909194], [0.0415464, 0.08859273, 0.08788255], [-0.05069471, -0.08003136, -0.08377269], [0.03303044, 0.10134201, -0.07701053], [0.04841502, -0.04266997, 0.11390268], [-0.12152601, -0.03345649, 0.01060217], [-0.01502322, -0.12703453, 0.01774284], [0.12727417, 0.02031766, -0.01238117], [-0.04931467, 0.02768462, -0.11274859], [0.05528001, -0.10856576, 0.03454015], [-0.12103632, -0.01824242, 0.0389192], [-0.06036876, 0.10663902, -0.04551375], [0.11737118, 0.00483094, -0.0490689], [-0.05814393, -0.10069698, -0.05324734], [0.05040738, -0.07032642, -0.09013226], [0.06869978, 0.11002589, -0.01253561], [0.12642888, -0.01461314, 0.01572204], [-0.04279554, 0.070974, 0.10326561], [-0.051436, -0.11502386, 0.01464453]], "atomic quadrupole moments": [[0.07363782, -0.08940528, -0.09934749, -0.17425103, 0.06290861, 0.02570967], [0.16225635, -0.17400311, -0.12494095, 0.0504353, -0.03293744, -0.0373154], [-0.04131682, -0.07526031, 0.0187845, -0.03923767, -0.03433968, 0.02253232], [-0.17063114, -0.00556814, 0.25980527, -0.07991738, 0.04695862, -0.08917413], [-0.07318252, -0.0813318, -0.01460807, -0.11761348, 0.14493218, 0.08779059], [-0.18147196, -0.07109798, 0.00661674, -0.31457967, 0.04034168, 0.17485522], [0.10267415, -0.31749702, -0.34809001, 0.03247827, -0.09089645, 0.24541586], [-0.3695783, 0.01347114, 0.12636459, -0.37335833, -0.12811993, 0.2432137], [0.19018628, -0.00530278, -0.50889104, -0.17857285, -0.04464851, 0.31870476], [0.01236769, 0.04724809, -0.26594303, -0.04993009, -0.25141774, 0.25357533], [-0.29080014, 0.37069747, 0.09746466, 0.00651245, 0.02315077, 0.19333548], [0.01944628, 0.07323856, -0.05780845, 0.03280632, -0.02752771, 0.03836217], [-0.13174401, 0.1324477, 0.03481767, 0.06844775, 0.12954737, 0.09692634], [-0.13005896, 0.01188095, -0.12499574, -0.00103108, -0.01845771, 0.25505469], [0.20116427, -0.08257959, -0.17100344, 0.09680765, -0.08718181, -0.03016084], [-0.09497263, -0.02974308, -0.06904078, 0.07810839, -0.15468102, 0.16401341], [0.02429245, -0.04065935, -0.03009386, 0.04573547, -0.02842176, 0.00580141], [-0.03659384, 0.02600682, 0.04894179, -0.02572216, -0.04292021, -0.01234795], [-0.00835232, 0.04176288, 0.00742024, 0.02246257, 0.04710902, 0.00093207], [-0.00833019, 0.01205204, 0.02861139, 0.01679452, 0.03000014, -0.0202812], [0.01042274, 0.02871993, 0.02475415, -0.01338926, -0.01843478, -0.03517689], [-0.00412813, -0.00992249, -0.01254319, 0.03747307, 0.0035738, 0.01667132], [0.04780789, 7.779e-05, -0.00985735, 0.00995226, 0.00454079, -0.03795055], [-0.04371268, 0.01878913, 0.07461137, -0.01292395, -0.02319808, -0.03089869], [0.07042729, 0.03081847, -0.04064597, 0.00446828, 0.01074925, -0.02978132], [-0.00853781, -0.02720255, -0.03641464, 0.04475297, -0.02799948, 0.04495245], [0.00678818, -0.03404995, 0.01187298, 0.02198897, -0.00228159, -0.01866116], [0.03877076, -0.01714725, -0.02920123, -0.01922083, 0.02077734, -0.00956953], [-0.01425847, -0.05420951, 0.04067663, 0.00391721, -0.01910793, -0.02641816], [0.07422782, 0.00106732, -0.04990609, -0.02586249, -0.0076574, -0.02432172], [-0.02229467, 0.05403525, 0.04091773, 0.01767764, 0.03202972, -0.01862305], [-0.01616483, -0.01418336, 0.00552883, 0.00283672, 0.04106543, 0.010636], [-0.01736897, 0.01340425, 0.04308581, 0.01468929, 0.00070626, -0.02571683], [0.08417906, -0.00898223, -0.04774175, 0.00319432, -0.00882619, -0.03643731], [-0.03135386, -0.0321051, 0.01723133, -0.02963651, 0.04242765, 0.01412253], [-0.02389619, 0.05447115, 0.05295033, 0.00482411, 0.00114519, -0.02905414]], "number of molecular orbitals": 104, "number of electrons": 94, "number of unpaired electrons": 0, "orbital energies/eV": [-20.11882028, -19.79190297, -19.06433549, -18.77347323, -18.47480553, -18.25879426, -17.86973279, -17.66013086, -17.55225356, -17.32234322, -16.72469633, -16.65070862, -16.58048401, -16.3338405, -15.64559856, -15.45943809, -15.42073584, -15.21739468, -14.88651113, -14.72866922, -14.63179269, -14.4294477, -14.21861203, -14.0786232, -13.99735303, -13.80982861, -13.66928743, -13.6059839, -13.40438306, -13.31490773, -13.27126518, -13.2063511, -12.9567322, -12.85523325, -12.6693654, -12.63559489, -12.62336923, -12.54129336, -12.52748407, -12.24380493, -12.01903187, -10.89849718, -10.71709872, -10.56328493, -10.25740553, -9.71873394, -9.49284697, -8.47189949, -7.61486284, -6.465834, -5.67176617, -5.47514581, -3.77797534, -3.57172341, -2.02138726, -1.80681599, -0.83575877, -0.79123103, -0.25606015, -0.02781529, 0.12275344, 0.27148822, 0.37466992, 0.55922666, 0.57927901, 0.64687776, 0.74464207, 0.98618762, 1.01876142, 1.72181792, 1.9483821, 2.31730538, 2.40366709, 2.50679448, 2.65618656, 2.76612907, 2.84377647, 2.86598973, 3.16777274, 3.3516021, 3.56966137, 3.98019968, 4.09896242, 4.2710875, 4.43098284, 4.4978383, 4.51885673, 4.7744484, 4.96298907, 5.25030599, 5.57060264, 5.86816869, 6.13340676, 6.34407749, 6.62659325, 6.765573, 7.00592487, 7.57006813, 8.72181816, 8.99174593, 10.39780203, 12.73983539, 14.95434311, 15.71178447], "fractional occupation": [2.0, 2.0, 2.0, 2.0, 2.0, 2.0, 2.0, 2.0, 2.0, 2.0, 2.0, 2.0, 2.0, 2.0, 2.0, 2.0, 2.0, 2.0, 2.0, 2.0, 2.0, 2.0, 2.0, 2.0, 2.0, 2.0, 2.0, 2.0, 2.0, 2.0, 2.0, 2.0, 2.0, 2.0, 2.0, 2.0, 2.0, 2.0, 2.0, 2.0, 2.0, 2.0, 2.0, 2.0, 2.0, 2.0, 1.99999999, 1e-08, 0.0, 0.0, 0.0, 0.0, 0.0, 0.0, 0.0, 0.0, 0.0, 0.0, 0.0, 0.0, 0.0, 0.0, 0.0, 0.0, 0.0, 0.0, 0.0, 0.0, 0.0, 0.0, 0.0, 0.0, 0.0, 0.0, 0.0, 0.0, 0.0, 0.0, 0.0, 0.0, 0.0, 0.0, 0.0, 0.0, 0.0, 0.0, 0.0, 0.0, 0.0, 0.0, 0.0, 0.0, 0.0, 0.0, 0.0, 0.0, 0.0, 0.0, 0.0, 0.0, 0.0, 0.0, 0.0, 0.0], "program call": "xtb /home/svss/Project-DBcg-Debug/aqme2_20220329/End-to-End-workflows-final/example-3/QDESCP/mol_431_rdkit_conf_2/mol_431_rdkit_conf_2.xyz --pop --wbo --acc 0.2 --gfn 2 --chrg 0 --uhf 0 --etemp 300 --input /home/svss/Project-DBcg-Debug/aqme2_20220329/End-to-End-workflows-final/example-3/QDESCP/mol_431_rdkit_conf_2/mol_431_rdkit_conf_2_xtb.inp", "method": "GFN2-xTB", "xtb version": "6.3.3 (7355c4f)", "Dipole module/D": 8.113, "Total charge": 0, "Transition dipole module/D": NaN, "HOMO": -9.4928, "LUMO": -8.4719, "HOMO occupancy": 2.0, "LUMO occupancy": 0, "mulliken charges": [-0.09387, 0.09236, -0.26507, 0.09565, -0.09262, 0.24382, -0.25772, -0.05875, -0.07002, 0.24673, -0.257, -0.25921, 0.09347, -0.09485, 0.09634, -0.09219, 0.03554, 0.03355, 0.04062, 0.02891, 0.0334, 0.03594, 0.02827, 0.03551, 0.0372, 0.03022, 0.03116, 0.02736, 0.03805, 0.03403, 0.03223, 0.02453, 0.03453, 0.03217, 0.04683, 0.03287], "cm5 charges": [-0.23848, 0.04002, -0.51228, 0.04336, -0.23741, 0.3317, -0.27276, -0.07133, -0.08331, 0.33469, -0.27126, -0.50614, 0.04119, -0.23951, 0.04412, -0.23685, 0.08673, 0.087, 0.09465, 0.09384, 0.10059, 0.10162, 0.09318, 0.0867, 0.09123, 0.08373, 0.09624, 0.09547, 0.0921, 0.08744, 0.08344, 0.08946, 0.10022, 0.08335, 0.10084, 0.08646], "FUKUI+": [0.011, 0.017, -0.053, 0.017, 0.011, 0.013, -0.196, -0.167, -0.171, 0.023, -0.181, -0.041, 0.016, 0.01, 0.017, 0.011, -0.026, -0.019, -0.004, -0.032, -0.008, -0.016, -0.033, -0.028, -0.001, -0.015, -0.026, 0.0, -0.005, -0.02, -0.023, -0.031, -0.017, -0.028, 0.0, -0.009], "FUKUI-": [0.009, 0.012, -0.04, 0.013, 0.01, 0.037, -0.247, -0.116, -0.117, 0.043, -0.296, -0.04, 0.016, 0.01, 0.017, 0.012, -0.023, -0.017, -0.005, -0.027, -0.005, -0.009, -0.03, -0.025, 0.001, -0.015, -0.025, -0.006, -0.008, -0.019, -0.023, -0.033, -0.011, -0.029, 0.002, -0.013], "FUKUIrad": [0.01, 0.015, -0.046, 0.015, 0.011, 0.025, -0.221, -0.142, -0.144, 0.033, -0.238, -0.041, 0.016, 0.01, 0.017, 0.011, -0.025, -0.018, -0.004, -0.029, -0.007, -0.012, -0.032, -0.027, -0.0, -0.015, -0.025, -0.003, -0.006, -0.019, -0.023, -0.032, -0.014, -0.029, 0.001, -0.011], "s proportion": [1.012, 1.008, 1.46, 1.007, 1.011, 1.096, 1.935, 1.937, 1.938, 1.095, 1.935, 1.459, 1.008, 1.012, 1.007, 1.011, 0.964, 0.966, 0.959, 0.971, 0.967, 0.964, 0.972, 0.964, 0.963, 0.97, 0.969, 0.973, 0.962, 0.966, 0.968, 0.975, 0.965, 0.968, 0.953, 0.967], "p proportion": [3.082, 2.9, 3.805, 2.897, 3.081, 2.66, 4.325, 4.079, 4.087, 2.658, 4.325, 3.8, 2.899, 3.083, 2.897, 3.081, 0.0, 0.0, 0.0, 0.0, 0.0, 0.0, 0.0, 0.0, 0.0, 0.0, 0.0, 0.0, 0.0, 0.0, 0.0, 0.0, 0.0, 0.0, 0.0, 0.0], "d proportion": [0.0, 0.0, 0.0, 0.0, 0.0, 0.0, -0.003, 0.042, 0.044, 0.0, -0.003, 0.0, 0.0, 0.0, 0.0, 0.0, 0.0, 0.0, 0.0, 0.0, 0.0, 0.0, 0.0, 0.0, 0.0, 0.0, 0.0, 0.0, 0.0, 0.0, 0.0, 0.0, 0.0, 0.0, 0.0, 0.0], "Fermi-level/eV": -8.9824, "Coordination numbers": [3.749, 3.737, 2.766, 3.738, 3.749, 2.863, 1.164, 2.145, 2.13, 2.863, 1.147, 2.768, 3.738, 3.749, 3.738, 3.749, 0.924, 0.924, 0.924, 0.924, 0.924, 0.924, 0.924, 0.924, 0.924, 0.924, 0.924, 0.924, 0.924, 0.924, 0.924, 0.924, 0.924, 0.924, 0.924, 0.924], "Dispersion coefficient C6": [22.64, 20.645, 22.524, 20.618, 22.592, 24.895, 153.67, 143.803, 144.813, 24.765, 153.214, 22.489, 20.542, 22.645, 20.558, 22.561, 2.29, 2.394, 2.268, 2.254, 2.138, 2.085, 2.275, 2.304, 2.315, 2.432, 2.25, 2.254, 2.307, 2.378, 2.338, 2.337, 2.11, 2.352, 2.181, 2.409], "Total dispersion C6": 18306.591188, "Total dispersion C8": 551642.697528, "Polarizability alpha": [6.786, 6.484, 7.049, 6.479, 6.779, 8.179, 20.96, 20.183, 20.254, 8.157, 20.93, 7.043, 6.467, 6.787, 6.47, 6.774, 2.367, 2.42, 2.355, 2.348, 2.287, 2.258, 2.359, 2.374, 2.379, 2.439, 2.346, 2.348, 2.375, 2.412, 2.391, 2.391, 2.271, 2.398, 2.309, 2.427], "Total polarizability alpha": 213.033655, "Wiberg matrix": [[0.0, 1.0079874673948523, 0.0, 0.0, 0.0, 0.0, 0.0, 0.0, 0.0, 0.0, 0.0, 0.0, 0.0, 0.0, 0.0, 0.0, 0.9816198482071627, 0.9850483042969257, 0.9846877181959732, 0.0, 0.0, 0.0, 0.0, 0.0, 0.0, 0.0, 0.0, 0.0, 0.0, 0.0, 0.0, 0.0, 0.0, 0.0, 0.0, 0.0], [1.0079874673948523, 0.0, 0.9782891124113091, 0.0, 0.0, 0.0, 0.0, 0.0, 0.0, 0.0, 0.0, 0.0, 0.0, 0.0, 0.0, 0.0, 0.0, 0.0, 0.0, 0.9676493743825798, 0.9664095782020329, 0.0, 0.0, 0.0, 0.0, 0.0, 0.0, 0.0, 0.0, 0.0, 0.0, 0.0, 0.0, 0.0, 0.0, 0.0], [0.0, 0.9782891124113091, 0.0, 0.9780564939217069, 0.0, 1.2897625208720476, 0.2203872006969538, 0.0, 0.0, 0.0, 0.0, 0.0, 0.0, 0.0, 0.0, 0.0, 0.0, 0.0, 0.0, 0.0, 0.0, 0.0, 0.0, 0.0, 0.0, 0.0, 0.0, 0.0, 0.0, 0.0, 0.0, 0.0, 0.0, 0.0, 0.0, 0.0], [0.0, 0.0, 0.9780564939217069, 0.0, 1.0088122281616183, 0.0, 0.0, 0.0, 0.0, 0.0, 0.0, 0.0, 0.0, 0.0, 0.0, 0.0, 0.0, 0.0, 0.0, 0.0, 0.0, 0.9665259228972555, 0.9677912777545243, 0.0, 0.0, 0.0, 0.0, 0.0, 0.0, 0.0, 0.0, 0.0, 0.0, 0.0, 0.0, 0.0], [0.0, 0.0, 0.0, 1.0088122281616183, 0.0, 0.0, 0.0, 0.0, 0.0, 0.0, 0.0, 0.0, 0.0, 0.0, 0.0, 0.0, 0.0, 0.0, 0.0, 0.0, 0.0, 0.0, 0.0, 0.9820418655214009, 0.9844836484320736, 0.9855201876270645, 0.0, 0.0, 0.0, 0.0, 0.0, 0.0, 0.0, 0.0, 0.0, 0.0], [0.0, 0.0, 1.2897625208720476, 0.0, 0.0, 0.0, 1.5634378772640656, 1.0007352337121427, 0.0, 0.0, 0.0, 0.0, 0.0, 0.0, 0.0, 0.0, 0.0, 0.0, 0.0, 0.0, 0.0, 0.0, 0.0, 0.0, 0.0, 0.0, 0.0, 0.0, 0.0, 0.0, 0.0, 0.0, 0.0, 0.0, 0.0, 0.0], [0.0, 0.0, 0.2203872006969538, 0.0, 0.0, 1.5634378772640656, 0.0, 0.0, 0.0, 0.0, 0.0, 0.0, 0.0, 0.0, 0.0, 0.0, 0.0, 0.0, 0.0, 0.0, 0.0, 0.0, 0.0, 0.0, 0.0, 0.0, 0.0, 0.0, 0.0, 0.0, 0.0, 0.0, 0.0, 0.0, 0.0, 0.0], [0.0, 0.0, 0.0, 0.0, 0.0, 1.0007352337121427, 0.0, 0.0, 1.1431073686969375, 0.0, 0.0, 0.0, 0.0, 0.0, 0.0, 0.0, 0.0, 0.0, 0.0, 0.0, 0.0, 0.0, 0.0, 0.0, 0.0, 0.0, 0.0, 0.0, 0.0, 0.0, 0.0, 0.0, 0.0, 0.0, 0.0, 0.0], [0.0, 0.0, 0.0, 0.0, 0.0, 0.0, 0.0, 1.1431073686969375, 0.0, 0.9985176990663038, 0.0, 0.0, 0.0, 0.0, 0.0, 0.0, 0.0, 0.0, 0.0, 0.0, 0.0, 0.0, 0.0, 0.0, 0.0, 0.0, 0.0, 0.0, 0.0, 0.0, 0.0, 0.0, 0.0, 0.0, 0.0, 0.0], [0.0, 0.0, 0.0, 0.0, 0.0, 0.0, 0.0, 0.0, 0.9985176990663038, 0.0, 1.568611714210159, 1.2862586100781839, 0.0, 0.0, 0.0, 0.0, 0.0, 0.0, 0.0, 0.0, 0.0, 0.0, 0.0, 0.0, 0.0, 0.0, 0.0, 0.0, 0.0, 0.0, 0.0, 0.0, 0.0, 0.0, 0.0, 0.0], [0.0, 0.0, 0.0, 0.0, 0.0, 0.0, 0.0, 0.0, 0.0, 1.568611714210159, 0.0, 0.21883228801746502, 0.0, 0.0, 0.0, 0.0, 0.0, 0.0, 0.0, 0.0, 0.0, 0.0, 0.0, 0.0, 0.0, 0.0, 0.0, 0.0, 0.0, 0.0, 0.0, 0.0, 0.0, 0.0, 0.0, 0.0], [0.0, 0.0, 0.0, 0.0, 0.0, 0.0, 0.0, 0.0, 0.0, 1.2862586100781839, 0.21883228801746502, 0.0, 0.9815610548412321, 0.0, 0.9766700980472249, 0.0, 0.0, 0.0, 0.0, 0.0, 0.0, 0.0, 0.0, 0.0, 0.0, 0.0, 0.0, 0.0, 0.0, 0.0, 0.0, 0.0, 0.0, 0.0, 0.0, 0.0], [0.0, 0.0, 0.0, 0.0, 0.0, 0.0, 0.0, 0.0, 0.0, 0.0, 0.0, 0.9815610548412321, 0.0, 1.0084355003404555, 0.0, 0.0, 0.0, 0.0, 0.0, 0.0, 0.0, 0.0, 0.0, 0.0, 0.0, 0.0, 0.9671670916899258, 0.9652780472060635, 0.0, 0.0, 0.0, 0.0, 0.0, 0.0, 0.0, 0.0], [0.0, 0.0, 0.0, 0.0, 0.0, 0.0, 0.0, 0.0, 0.0, 0.0, 0.0, 0.0, 1.0084355003404555, 0.0, 0.0, 0.0, 0.0, 0.0, 0.0, 0.0, 0.0, 0.0, 0.0, 0.0, 0.0, 0.0, 0.0, 0.0, 0.9846978808846857, 0.9848722252117454, 0.9825454212863469, 0.0, 0.0, 0.0, 0.0, 0.0], [0.0, 0.0, 0.0, 0.0, 0.0, 0.0, 0.0, 0.0, 0.0, 0.0, 0.0, 0.9766700980472249, 0.0, 0.0, 0.0, 1.0080123484257166, 0.0, 0.0, 0.0, 0.0, 0.0, 0.0, 0.0, 0.0, 0.0, 0.0, 0.0, 0.0, 0.0, 0.0, 0.0, 0.9683239378756179, 0.9667956653855384, 0.0, 0.0, 0.0], [0.0, 0.0, 0.0, 0.0, 0.0, 0.0, 0.0, 0.0, 0.0, 0.0, 0.0, 0.0, 0.0, 0.0, 1.0080123484257166, 0.0, 0.0, 0.0, 0.0, 0.0, 0.0, 0.0, 0.0, 0.0, 0.0, 0.0, 0.0, 0.0, 0.0, 0.0, 0.0, 0.0, 0.0, 0.9819735122936052, 0.984379546689395, 0.9850025756998134], [0.9816198482071627, 0.0, 0.0, 0.0, 0.0, 0.0, 0.0, 0.0, 0.0, 0.0, 0.0, 0.0, 0.0, 0.0, 0.0, 0.0, 0.0, 0.0, 0.0, 0.0, 0.0, 0.0, 0.0, 0.0, 0.0, 0.0, 0.0, 0.0, 0.0, 0.0, 0.0, 0.0, 0.0, 0.0, 0.0, 0.0], [0.9850483042969257, 0.0, 0.0, 0.0, 0.0, 0.0, 0.0, 0.0, 0.0, 0.0, 0.0, 0.0, 0.0, 0.0, 0.0, 0.0, 0.0, 0.0, 0.0, 0.0, 0.0, 0.0, 0.0, 0.0, 0.0, 0.0, 0.0, 0.0, 0.0, 0.0, 0.0, 0.0, 0.0, 0.0, 0.0, 0.0], [0.9846877181959732, 0.0, 0.0, 0.0, 0.0, 0.0, 0.0, 0.0, 0.0, 0.0, 0.0, 0.0, 0.0, 0.0, 0.0, 0.0, 0.0, 0.0, 0.0, 0.0, 0.0, 0.0, 0.0, 0.0, 0.0, 0.0, 0.0, 0.0, 0.0, 0.0, 0.0, 0.0, 0.0, 0.0, 0.0, 0.0], [0.0, 0.9676493743825798, 0.0, 0.0, 0.0, 0.0, 0.0, 0.0, 0.0, 0.0, 0.0, 0.0, 0.0, 0.0, 0.0, 0.0, 0.0, 0.0, 0.0, 0.0, 0.0, 0.0, 0.0, 0.0, 0.0, 0.0, 0.0, 0.0, 0.0, 0.0, 0.0, 0.0, 0.0, 0.0, 0.0, 0.0], [0.0, 0.9664095782020329, 0.0, 0.0, 0.0, 0.0, 0.0, 0.0, 0.0, 0.0, 0.0, 0.0, 0.0, 0.0, 0.0, 0.0, 0.0, 0.0, 0.0, 0.0, 0.0, 0.0, 0.0, 0.0, 0.0, 0.0, 0.0, 0.0, 0.0, 0.0, 0.0, 0.0, 0.0, 0.0, 0.0, 0.0], [0.0, 0.0, 0.0, 0.9665259228972555, 0.0, 0.0, 0.0, 0.0, 0.0, 0.0, 0.0, 0.0, 0.0, 0.0, 0.0, 0.0, 0.0, 0.0, 0.0, 0.0, 0.0, 0.0, 0.0, 0.0, 0.0, 0.0, 0.0, 0.0, 0.0, 0.0, 0.0, 0.0, 0.0, 0.0, 0.0, 0.0], [0.0, 0.0, 0.0, 0.9677912777545243, 0.0, 0.0, 0.0, 0.0, 0.0, 0.0, 0.0, 0.0, 0.0, 0.0, 0.0, 0.0, 0.0, 0.0, 0.0, 0.0, 0.0, 0.0, 0.0, 0.0, 0.0, 0.0, 0.0, 0.0, 0.0, 0.0, 0.0, 0.0, 0.0, 0.0, 0.0, 0.0], [0.0, 0.0, 0.0, 0.0, 0.9820418655214009, 0.0, 0.0, 0.0, 0.0, 0.0, 0.0, 0.0, 0.0, 0.0, 0.0, 0.0, 0.0, 0.0, 0.0, 0.0, 0.0, 0.0, 0.0, 0.0, 0.0, 0.0, 0.0, 0.0, 0.0, 0.0, 0.0, 0.0, 0.0, 0.0, 0.0, 0.0], [0.0, 0.0, 0.0, 0.0, 0.9844836484320736, 0.0, 0.0, 0.0, 0.0, 0.0, 0.0, 0.0, 0.0, 0.0, 0.0, 0.0, 0.0, 0.0, 0.0, 0.0, 0.0, 0.0, 0.0, 0.0, 0.0, 0.0, 0.0, 0.0, 0.0, 0.0, 0.0, 0.0, 0.0, 0.0, 0.0, 0.0], [0.0, 0.0, 0.0, 0.0, 0.9855201876270645, 0.0, 0.0, 0.0, 0.0, 0.0, 0.0, 0.0, 0.0, 0.0, 0.0, 0.0, 0.0, 0.0, 0.0, 0.0, 0.0, 0.0, 0.0, 0.0, 0.0, 0.0, 0.0, 0.0, 0.0, 0.0, 0.0, 0.0, 0.0, 0.0, 0.0, 0.0], [0.0, 0.0, 0.0, 0.0, 0.0, 0.0, 0.0, 0.0, 0.0, 0.0, 0.0, 0.0, 0.9671670916899258, 0.0, 0.0, 0.0, 0.0, 0.0, 0.0, 0.0, 0.0, 0.0, 0.0, 0.0, 0.0, 0.0, 0.0, 0.0, 0.0, 0.0, 0.0, 0.0, 0.0, 0.0, 0.0, 0.0], [0.0, 0.0, 0.0, 0.0, 0.0, 0.0, 0.0, 0.0, 0.0, 0.0, 0.0, 0.0, 0.9652780472060635, 0.0, 0.0, 0.0, 0.0, 0.0, 0.0, 0.0, 0.0, 0.0, 0.0, 0.0, 0.0, 0.0, 0.0, 0.0, 0.0, 0.0, 0.0, 0.0, 0.0, 0.0, 0.0, 0.0], [0.0, 0.0, 0.0, 0.0, 0.0, 0.0, 0.0, 0.0, 0.0, 0.0, 0.0, 0.0, 0.0, 0.9846978808846857, 0.0, 0.0, 0.0, 0.0, 0.0, 0.0, 0.0, 0.0, 0.0, 0.0, 0.0, 0.0, 0.0, 0.0, 0.0, 0.0, 0.0, 0.0, 0.0, 0.0, 0.0, 0.0], [0.0, 0.0, 0.0, 0.0, 0.0, 0.0, 0.0, 0.0, 0.0, 0.0, 0.0, 0.0, 0.0, 0.9848722252117454, 0.0, 0.0, 0.0, 0.0, 0.0, 0.0, 0.0, 0.0, 0.0, 0.0, 0.0, 0.0, 0.0, 0.0, 0.0, 0.0, 0.0, 0.0, 0.0, 0.0, 0.0, 0.0], [0.0, 0.0, 0.0, 0.0, 0.0, 0.0, 0.0, 0.0, 0.0, 0.0, 0.0, 0.0, 0.0, 0.9825454212863469, 0.0, 0.0, 0.0, 0.0, 0.0, 0.0, 0.0, 0.0, 0.0, 0.0, 0.0, 0.0, 0.0, 0.0, 0.0, 0.0, 0.0, 0.0, 0.0, 0.0, 0.0, 0.0], [0.0, 0.0, 0.0, 0.0, 0.0, 0.0, 0.0, 0.0, 0.0, 0.0, 0.0, 0.0, 0.0, 0.0, 0.9683239378756179, 0.0, 0.0, 0.0, 0.0, 0.0, 0.0, 0.0, 0.0, 0.0, 0.0, 0.0, 0.0, 0.0, 0.0, 0.0, 0.0, 0.0, 0.0, 0.0, 0.0, 0.0], [0.0, 0.0, 0.0, 0.0, 0.0, 0.0, 0.0, 0.0, 0.0, 0.0, 0.0, 0.0, 0.0, 0.0, 0.9667956653855384, 0.0, 0.0, 0.0, 0.0, 0.0, 0.0, 0.0, 0.0, 0.0, 0.0, 0.0, 0.0, 0.0, 0.0, 0.0, 0.0, 0.0, 0.0, 0.0, 0.0, 0.0], [0.0, 0.0, 0.0, 0.0, 0.0, 0.0, 0.0, 0.0, 0.0, 0.0, 0.0, 0.0, 0.0, 0.0, 0.0, 0.9819735122936052, 0.0, 0.0, 0.0, 0.0, 0.0, 0.0, 0.0, 0.0, 0.0, 0.0, 0.0, 0.0, 0.0, 0.0, 0.0, 0.0, 0.0, 0.0, 0.0, 0.0], [0.0, 0.0, 0.0, 0.0, 0.0, 0.0, 0.0, 0.0, 0.0, 0.0, 0.0, 0.0, 0.0, 0.0, 0.0, 0.984379546689395, 0.0, 0.0, 0.0, 0.0, 0.0, 0.0, 0.0, 0.0, 0.0, 0.0, 0.0, 0.0, 0.0, 0.0, 0.0, 0.0, 0.0, 0.0, 0.0, 0.0], [0.0, 0.0, 0.0, 0.0, 0.0, 0.0, 0.0, 0.0, 0.0, 0.0, 0.0, 0.0, 0.0, 0.0, 0.0, 0.9850025756998134, 0.0, 0.0, 0.0, 0.0, 0.0, 0.0, 0.0, 0.0, 0.0, 0.0, 0.0, 0.0, 0.0, 0.0, 0.0, 0.0, 0.0, 0.0, 0.0, 0.0]], "Born radii": [], "Atomic SASAs": [], "Solvent H bonds": [], "Total SASA": NaN, "Total FOD": 0.0, "FOD": [0.0, 0.0, 0.0, 0.0, 0.0, 0.0, 0.0, 0.0, 0.0, 0.0, 0.0, 0.0, 0.0, 0.0, 0.0, 0.0, 0.0, 0.0, 0.0, 0.0, 0.0, 0.0, 0.0, 0.0, 0.0, 0.0, 0.0, 0.0, 0.0, 0.0, 0.0, 0.0, 0.0, 0.0, 0.0, 0.0], "FOD s proportion": [0.0, 0.0, 0.0, 0.0, 0.0, 0.0, 0.0, 0.0, 0.0, 0.0, 0.0, 0.0, 0.0, 0.0, 0.0, 0.0, 0.0, 0.0, 0.0, 0.0, 0.0, 0.0, 0.0, 0.0, 0.0, 0.0, 0.0, 0.0, 0.0, 0.0, 0.0, 0.0, 0.0, 0.0, 0.0, 0.0], "FOD p proportion": [0.0, 0.0, 0.0, 0.0, 0.0, 0.0, 0.0, 0.0, 0.0, 0.0, 0.0, 0.0, 0.0, 0.0, 0.0, 0.0, 0.0, 0.0, 0.0, 0.0, 0.0, 0.0, 0.0, 0.0, 0.0, 0.0, 0.0, 0.0, 0.0, 0.0, 0.0, 0.0, 0.0, 0.0, 0.0, 0.0], "FOD d proportion": [0.0, 0.0, 0.0, 0.0, 0.0, 0.0, 0.0, 0.0, 0.0, 0.0, 0.0, 0.0, 0.0, 0.0, 0.0, 0.0, 0.0, 0.0, 0.0, 0.0, 0.0, 0.0, 0.0, 0.0, 0.0, 0.0, 0.0, 0.0, 0.0, 0.0, 0.0, 0.0, 0.0, 0.0, 0.0, 0.0], "coordinates": [["-4.34590", "0.77690", "1.36300"], ["-3.26120", "0.32070", "0.39780"], ["-2.12550", "-0.30180", "1.10330"], ["-2.26300", "-1.75520", "1.31000"], ["-1.63070", "-2.54770", "0.17530"], ["-1.02250", "0.41790", "1.61210"], ["0.22970", "-0.24420", "2.53050"], ["-0.97480", "2.16280", "1.29590"], ["-0.13720", "2.22990", "-0.59430"], ["1.60600", "2.15510", "-0.24800"], ["2.34600", "3.51060", "0.43810"], ["2.27550", "0.97470", "-0.63790"], ["1.61180", "-0.17960", "-1.26930"], ["1.61740", "-0.07640", "-2.78760"], ["3.72690", "0.80760", "-0.43830"], ["4.05040", "0.17830", "0.90890"], ["-5.17690", "1.22850", "0.81240"], ["-4.73930", "-0.06530", "1.94120"], ["-3.96540", "1.51670", "2.07390"], ["-3.67530", "-0.40960", "-0.30740"], ["-2.93310", "1.16530", "-0.21040"], ["-1.81970", "-2.05580", "2.26310"], ["-3.32870", "-2.00150", "1.38420"], ["-1.76860", "-3.62080", "0.34010"], ["-0.55720", "-2.35080", "0.09930"], ["-2.08430", "-2.28920", "-0.78690"], ["2.12930", "-1.09440", "-0.95770"], ["0.58470", "-0.28300", "-0.91410"], ["1.09960", "0.82450", "-3.13040"], ["2.63980", "-0.03850", "-3.17700"], ["1.11850", "-0.94540", "-3.22750"], ["4.12110", "0.17790", "-1.24450"], ["4.24210", "1.76760", "-0.53040"], ["5.13280", "0.06280", "1.02210"], ["3.68530", "0.79320", "1.73690"], ["3.59230", "-0.81150", "1.00210"]], "bond_dist": [[0.0, 1.5219407248641454, 2.4821792723330844, 3.279148032645065, 4.453752068761799, 3.3520022926603144, 4.831336959890089, 3.6454816458185606, 4.863680497318878, 6.318217299998474, 7.287666383006291, 6.919946792425503, 6.583166778230671, 7.315500539265922, 8.271379813549853, 8.429850678392826, 1.0943783258087667, 1.0947052754052116, 1.0942865712417384, 2.1558577805597476, 2.1499874325214092, 3.9007762996613895, 2.9588260915437394, 5.198900363538429, 5.0728387190999875, 4.374685563557683, 7.128508064104299, 5.533478903908462, 7.060196850655086, 8.37116967036268, 7.341571691402326, 8.879636605740124, 8.849869719380054, 9.511672056478817, 8.039915443585212, 8.103596893355443], [1.5219407248641454, 0.0, 1.4748054075029695, 2.477473085625755, 3.306925318176992, 2.5486761308569594, 4.129637285525207, 3.070430096908249, 3.793241760025322, 5.241346853624553, 6.451184227721295, 5.6705764592323415, 5.174519446286776, 5.839965713084282, 7.054762677085602, 7.330825023829173, 2.1600695567504298, 2.171602903387265, 2.176149087264014, 1.0964141279644293, 1.0912864014547234, 3.3473898174547885, 2.5239164110564363, 4.215045231074039, 3.812824477995283, 3.0984166456433844, 5.735623637408578, 4.108099574012296, 5.63192563161127, 6.908691676431942, 5.824738740063798, 7.564118879287925, 7.69770002922951, 8.421134062583258, 7.090155661901931, 6.972626304341858], [2.4821792723330844, 1.4748054075029695, 0.0, 1.4744499652412761, 2.4799350495527097, 1.411897492738053, 2.754484459930751, 2.726803698471894, 3.639325148980234, 4.6675969781034015, 5.9136449884990565, 4.902043521838622, 4.428495781865441, 5.403629186019337, 6.152876130721307, 6.1975824464060185, 3.426001001167396, 2.754988039901444, 2.76301259859596, 2.098469768664776, 2.128475477894918, 2.124891921957444, 2.1013269950200515, 3.4242682210948368, 2.7687509620765822, 2.7430479835394785, 4.793668615997564, 3.3786743317461068, 5.440040201138223, 6.410801749391413, 5.449182103765665, 6.690462501950071, 6.891859096789486, 7.267905165176552, 5.9469211025538256, 5.741365026716208], [3.279148032645065, 2.477473085625755, 1.4744499652412761, 0.0, 1.521645040737162, 2.520410337623618, 3.160109893658763, 4.12436444194739, 4.901673810036731, 5.717252057588506, 7.052073471681928, 5.643106473388571, 4.9142017551175075, 5.887800893372669, 6.745620708281781, 6.615007408914973, 4.200105315346271, 3.063696646210261, 3.766568541789728, 2.534011327914696, 3.3600551215716687, 1.093286266263324, 1.096305532230865, 2.1600001689814747, 2.174922410110301, 2.17119305912671, 4.987125346329287, 3.9017161531818276, 6.138329007962998, 6.864231619780906, 5.716574546002176, 7.142764077722293, 7.623222285228209, 7.621408534516438, 6.485280183615816, 5.938847547294003], [4.453752068761799, 3.306925318176992, 2.4799350495527097, 1.521645040737162, 0.0, 3.350982667815517, 3.7834068575821975, 4.88618045307375, 5.064413901923893, 5.724660480762156, 7.251634686055276, 5.322311005568915, 4.267150456686522, 5.043436696341097, 6.35125348336846, 6.343827091748324, 5.219302375796979, 4.3524828006552765, 5.057158630100504, 2.997475614579708, 3.9536539112572817, 2.1532755165096735, 2.1547569816570964, 1.0944035179037026, 1.094051123119939, 1.0947164244679988, 4.187286697851008, 3.350172474664551, 5.454715704782423, 5.980900448929074, 4.658810338487713, 6.521344235661847, 7.321858126186275, 7.299089856961619, 6.469935345117445, 5.565762991720003], [3.3520022926603144, 2.5486761308569594, 1.411897492738053, 2.520410337623618, 3.350982667815517, 0.0, 1.6881468567633562, 1.7739599037182323, 2.9891973922777337, 3.6588041898959287, 4.721213990066538, 4.031045799789429, 3.949558038565834, 5.154683752666113, 5.187755450095927, 5.127008173389233, 4.307624845550039, 3.762498011959608, 3.17510331957875, 3.3773635190781586, 2.7441766287905014, 2.6792761205221085, 3.3502228597512738, 4.299505425046002, 3.189164094241624, 3.769749414748943, 4.33875172947243, 3.0750673309701693, 5.211519761067782, 6.046174084493433, 5.464814365557169, 5.888495947183797, 5.841918306515421, 6.193699548734988, 4.724384189500257, 4.814551214807046], [4.831336959890089, 4.129637285525207, 2.754484459930751, 3.160109893658763, 3.7834068575821975, 1.6881468567633562, 0.0, 2.9612001637849477, 4.0025193890848305, 3.9205745025442384, 4.791177985631509, 3.9635556524413786, 4.043866171128812, 5.498732193878876, 4.70642800008669, 4.172030836415282, 5.861061035341638, 5.0070191431629265, 4.5725393798194895, 4.830119933293582, 4.416166538979254, 2.748351811540873, 4.130897909655962, 4.49360463436649, 3.3117531022103686, 4.53230225823477, 4.06187880666078, 3.4630621709695015, 5.826202408945298, 6.198907222244902, 5.868237459408063, 5.437994793119979, 5.432844725371782, 5.139057225795408, 3.694207774340799, 3.7369659631845726], [3.6454816458185606, 3.070430096908249, 2.726803698471894, 4.12436444194739, 4.88618045307375, 1.7739599037182323, 2.9612001637849477, 0.0, 2.068558002570873, 3.0073601613375143, 3.685118494702715, 3.9642923883084107, 4.331003158622723, 5.329961512994254, 5.1913388995518295, 5.4167004984584475, 4.331781752350873, 4.421798497218072, 3.156963346318737, 4.059619797468724, 2.664373252755702, 4.409752579227093, 4.7843533094870825, 5.91554739986081, 4.688158090337825, 5.0387845845997425, 5.032246179391466, 3.64665297087617, 5.068166723776951, 6.157750340830651, 5.8740071237614275, 6.030062767500849, 5.541443885847802, 6.464344065719274, 4.877173071565125, 5.458129839056598], [4.863680497318878, 3.793241760025322, 3.639325148980234, 4.901673810036731, 5.064413901923893, 2.9891973922777337, 4.0025193890848305, 2.068558002570873, 0.0, 1.7788380954994192, 2.9786447404818186, 2.7200274428762667, 3.052919299621266, 3.6343095272692447, 4.120502651376407, 4.8994557412022814, 5.327305410805729, 5.733762089588301, 4.720493694519674, 4.423508050179179, 3.016257479062423, 5.418742058817711, 5.657285608841047, 6.145344563976865, 4.651912880740567, 4.9244855548574815, 4.039808448429207, 2.634023169981616, 3.152241521520837, 4.419016502571584, 4.311966467865909, 4.771434053824909, 4.404097295700902, 5.923003576733683, 4.702138511358422, 5.070283736636442], [6.318217299998474, 5.241346853624553, 4.6675969781034015, 5.717252057588506, 5.724660480762156, 3.6588041898959287, 3.9205745025442384, 3.0073601613375143, 1.7788380954994192, 0.0, 1.6898856351836358, 1.4119477398260887, 2.5483154082648407, 3.3807233501131084, 2.519957767503257, 3.349813011199282, 6.9275369454085185, 7.070049850602186, 6.0695364015713755, 5.871400526279909, 4.645917197927661, 5.981030221458507, 6.655273434653155, 6.715266754195249, 5.010308008496085, 5.801769539545672, 3.3670116171465763, 2.7259997267057825, 3.214835467018491, 3.8025865407640627, 4.327606353401381, 3.3508297629094796, 2.67935238817144, 4.292923425825342, 3.1808942311871986, 3.782704490176308], [7.287666383006291, 6.451184227721295, 5.9136449884990565, 7.052073471681928, 7.251634686055276, 4.721213990066538, 4.791177985631509, 3.685118494702715, 2.9786447404818186, 1.6898856351836358, 0.0, 2.755636960849524, 4.131808374065768, 4.878787497934297, 3.1592990947360464, 3.7723805865792492, 7.870330698896965, 8.077613911917306, 6.818009152971269, 7.223558124636362, 5.812906428801344, 7.18807974705345, 7.967469592662403, 8.233857122879895, 6.549760731507678, 7.400396146828898, 4.816766709110999, 4.395682369098113, 4.637115312346674, 5.074581486191743, 5.899094473730693, 4.133885830547332, 2.751587988780297, 4.471536098478911, 3.2961900263789405, 4.533421235667385], [6.919946792425503, 5.6705764592323415, 4.902043521838622, 5.643106473388571, 5.322311005568915, 4.031045799789429, 3.9635556524413786, 3.9642923883084107, 2.7200274428762667, 1.4119477398260887, 2.755636960849524, 0.0, 1.4736255087368704, 2.4817568192713804, 1.4745590968150446, 2.4853798924912867, 7.596449847790743, 7.54591120077622, 6.8261596853575, 6.118622179870236, 5.229588757254246, 5.862626910353413, 6.659858293537484, 6.199181321755318, 4.430192250907402, 5.44821991571559, 2.098766611607875, 2.125300065873052, 2.760046575693968, 2.757955318709859, 3.4251220664379245, 2.0997840746133876, 2.123149128064253, 3.428020551280286, 2.7676982006714534, 2.759360918763618], [6.583166778230671, 5.174519446286776, 4.428495781865441, 4.9142017551175075, 4.267150456686522, 3.949558038565834, 4.043866171128812, 4.331003158622723, 3.052919299621266, 2.5483154082648407, 4.131808374065768, 1.4736255087368704, 0.0, 1.5218135529689567, 2.477654707581345, 3.2892883136021998, 7.238968724203745, 7.117362288797725, 6.720087779932641, 5.3788082341723245, 4.856556519798777, 5.270025469577922, 5.896517795275446, 5.08518730825129, 3.360317901627761, 4.283021962353216, 1.0962480786756257, 1.0916927269154082, 2.175835209752797, 2.1716382065159934, 2.1597087234161925, 2.534759905789896, 3.3550021073018716, 4.207934495687879, 3.7792830709011467, 3.079112830021011], [7.315500539265922, 5.839965713084282, 5.403629186019337, 5.887800893372669, 5.043436696341097, 5.154683752666113, 5.498732193878876, 5.329961512994254, 3.6343095272692447, 3.3807233501131084, 4.878787497934297, 2.4817568192713804, 1.5218135529689567, 0.0, 3.278819412532505, 4.432659849345537, 7.799056128788919, 7.922708346266445, 7.572305177421206, 5.854492938760794, 5.375018974850228, 6.421935164730332, 6.750839241161057, 5.814660321119368, 4.270359719040072, 4.754142111885171, 2.1556668620174126, 2.149221975506485, 1.0941889644846543, 1.0947011144600158, 1.0943373428701042, 2.952006061985646, 3.922287333941765, 5.18567525882599, 5.050100476228171, 4.336176669601921], [8.271379813549853, 7.054762677085602, 6.152876130721307, 6.745620708281781, 6.35125348336846, 5.187755450095927, 4.70642800008669, 5.1913388995518295, 4.120502651376407, 2.519957767503257, 3.1592990947360464, 1.4745590968150446, 2.477654707581345, 3.278819412532505, 0.0, 1.5217156698936893, 9.001058923260086, 8.837449694340558, 8.12314292253928, 7.502751194728505, 6.673491417541495, 6.801572838689593, 7.809868143573232, 7.100503740580664, 5.349581023781209, 6.594068367859101, 2.537657604957769, 3.3599426840349524, 3.76170085333749, 3.0656401142338936, 4.2019514752076805, 1.0963002189181574, 1.093395376796518, 2.1596411762142336, 2.175645412285743, 2.1712563482923892], [8.429850678392826, 7.330825023829173, 6.1975824464060185, 6.615007408914973, 6.343827091748324, 5.127008173389233, 4.172030836415282, 5.4167004984584475, 4.8994557412022814, 3.349813011199282, 3.7723805865792492, 2.4853798924912867, 3.2892883136021998, 4.432659849345537, 1.5217156698936893, 0.0, 9.28737301824364, 8.853463183410208, 8.209847087491946, 7.842923727156856, 7.141167533393962, 6.42519528574813, 7.708991823837926, 6.972621834718989, 5.318061369521792, 6.826334153848609, 2.965566735044079, 3.942994189698991, 5.043881399279726, 4.327975671142342, 5.193124710614988, 2.154560328698178, 2.1527210385927855, 1.0944150263953796, 1.094067648731101, 1.094644184198683], [1.0943783258087667, 2.1600695567504298, 3.426001001167396, 4.200105315346271, 5.219302375796979, 4.307624845550039, 5.861061035341638, 4.331781752350873, 5.327305410805729, 6.9275369454085185, 7.870330698896965, 7.596449847790743, 7.238968724203745, 7.799056128788919, 9.001058923260086, 9.28737301824364, 0.0, 1.7718921073248224, 1.7726177647761518, 2.488398322214512, 2.46672911362395, 4.915480527883312, 3.7650628786250038, 5.946031169612215, 5.887404197946664, 4.949358396802559, 7.8682702584494395, 6.2017311341269865, 7.42316240493228, 8.866870939063002, 7.789653033351357, 9.580574198345316, 9.529496400649931, 10.377511487346087, 8.920917844033761, 9.005357001807312], [1.0947052754052116, 2.171602903387265, 2.754988039901444, 3.063696646210261, 4.3524828006552765, 3.762498011959608, 5.0070191431629265, 4.421798497218072, 5.733762089588301, 7.070049850602186, 8.077613911917306, 7.54591120077622, 7.117362288797725, 7.922708346266445, 8.837449694340558, 8.853463183410208, 1.7718921073248224, 0.0, 1.7661411325259373, 2.5113423601731406, 3.066939412508829, 3.548207155733724, 2.459453557195175, 4.902056706118362, 5.109409581350863, 4.408773732003039, 7.525977277403912, 6.045254947477401, 7.784961387829743, 8.980412367480683, 7.861542885464659, 9.41883851066574, 9.493886186909975, 9.915619639235866, 8.470693354147581, 8.417498548262422], [1.0942865712417384, 2.176149087264014, 2.76301259859596, 3.766568541789728, 5.057158630100504, 3.17510331957875, 4.5725393798194895, 3.156963346318737, 4.720493694519674, 6.0695364015713755, 6.818009152971269, 6.8261596853575, 6.720087779932641, 7.572305177421206, 8.12314292253928, 8.209847087491946, 1.7726177647761518, 1.7661411325259373, 0.0, 3.0765856708370722, 2.5312352202037642, 4.171640130692004, 3.6412640964368403, 5.8502904996247835, 5.520183751470597, 5.119334786864403, 7.290665940776603, 5.733277779769614, 7.295073977006676, 8.58016695000744, 7.746794019463794, 8.842830217187256, 8.614428916068668, 9.273475707090626, 7.692218908741482, 7.98048242714687], [2.1558577805597476, 1.0964141279644293, 2.098469768664776, 2.534011327914696, 2.997475614579708, 3.3773635190781586, 4.830119933293582, 4.059619797468724, 4.423508050179179, 5.871400526279909, 7.223558124636362, 6.118622179870236, 5.3788082341723245, 5.854492938760794, 7.502751194728505, 7.842923727156856, 2.488398322214512, 2.5113423601731406, 3.0765856708370722, 0.0, 1.7437258528794024, 3.572211646865286, 2.3485714232273205, 3.7903253923640907, 3.695430954570793, 2.508803979987277, 5.880920190752465, 4.304847552469193, 5.682605196562577, 6.946424071419769, 5.638668645167935, 7.874462878190487, 8.214325997913644, 8.920389992595615, 7.733325461274729, 7.39556107540192], [2.1499874325214092, 1.0912864014547234, 2.128475477894918, 3.3600551215716687, 3.9536539112572817, 2.7441766287905014, 4.416166538979254, 2.664373252755702, 3.016257479062423, 4.645917197927661, 5.812906428801344, 5.229588757254246, 4.856556519798777, 5.375018974850228, 6.673491417541495, 7.141167533393962, 2.46672911362395, 3.066939412508829, 2.5312352202037642, 1.7437258528794024, 0.0, 4.211098077698975, 3.5676141551462655, 4.9563962422308405, 4.254853006861694, 3.6036625729943146, 5.593978471535263, 3.8688090441374854, 4.99051239152855, 6.427057212286196, 5.474797663841104, 7.197642614773256, 7.207541906225728, 8.233669006585096, 6.908954643070107, 6.92522488082517], [3.9007762996613895, 3.3473898174547885, 2.124891921957444, 1.093286266263324, 2.1532755165096735, 2.6792761205221085, 2.748351811540873, 4.409752579227093, 5.418742058817711, 5.981030221458507, 7.18807974705345, 5.862626910353413, 5.270025469577922, 6.421935164730332, 6.801572838689593, 6.42519528574813, 4.915480527883312, 3.548207155733724, 4.171640130692004, 3.572211646865286, 4.211098077698975, 0.0, 1.7471390042008679, 2.4798720148427016, 2.522491167477104, 3.070340163564943, 5.185792475601006, 4.361027291820128, 6.775565129935656, 7.317877257101269, 6.325558928663933, 7.251605207814336, 7.692038029677181, 7.373316974740744, 6.220828919042863, 5.694571756506366], [2.9588260915437394, 2.5239164110564363, 2.1013269950200515, 1.096305532230865, 2.1547569816570964, 3.3502228597512738, 4.130897909655962, 4.7843533094870825, 5.657285608841047, 6.655273434653155, 7.967469592662403, 6.659858293537484, 5.896517795275446, 6.750839241161057, 7.809868143573232, 7.708991823837926, 3.7650628786250038, 2.459453557195175, 3.6412640964368403, 2.3485714232273205, 3.5676141551462655, 1.7471390042008679, 0.0, 2.4791509252161315, 3.0747667797737117, 2.51892394883212, 6.008085387209473, 4.85284707156531, 6.926595848611351, 7.764077967795018, 6.493128055105644, 8.195081945288893, 8.671148748003347, 8.717191815602085, 7.558501265462618, 7.032946851071746], [5.198900363538429, 4.215045231074039, 3.4242682210948368, 2.1600001689814747, 1.0944035179037026, 4.299505425046002, 4.49360463436649, 5.91554739986081, 6.145344563976865, 6.715266754195249, 8.233857122879895, 6.199181321755318, 5.08518730825129, 5.814660321119368, 7.100503740580664, 6.972621834718989, 5.946031169612215, 4.902056706118362, 5.8502904996247835, 3.7903253923640907, 4.9563962422308405, 2.4798720148427016, 2.4791509252161315, 0.0, 1.7715458221564577, 1.7728378521455366, 4.822925067840055, 4.2722297889977785, 6.327055680172254, 6.681081967765401, 5.31233294607934, 7.185377160594982, 8.11918341337354, 7.852601793036497, 7.153982908142848, 6.088485796977768], [5.0728387190999875, 3.812824477995283, 2.7687509620765822, 2.174922410110301, 1.094051123119939, 3.189164094241624, 3.3117531022103686, 4.688158090337825, 4.651912880740567, 5.010308008496085, 6.549760731507678, 4.430192250907402, 3.360317901627761, 4.270359719040072, 5.349581023781209, 5.318061369521792, 5.887404197946664, 5.109409581350863, 5.520183751470597, 3.695430954570793, 4.254853006861694, 2.522491167477104, 3.0747667797737117, 1.7715458221564577, 0.0, 1.7666859964351334, 3.1485031697617836, 2.5703525069530833, 4.822704471559501, 5.128516547696809, 3.9812960063275877, 5.48512652725532, 6.355393075176389, 6.249249938992678, 5.528587162196143, 4.5169505841884074], [4.374685563557683, 3.0984166456433844, 2.7430479835394785, 2.17119305912671, 1.0947164244679988, 3.769749414748943, 4.53230225823477, 5.0387845845997425, 4.9244855548574815, 5.801769539545672, 7.400396146828898, 5.44821991571559, 4.283021962353216, 4.754142111885171, 6.594068367859101, 6.826334153848609, 4.949358396802559, 4.408773732003039, 5.119334786864403, 2.508803979987277, 3.6036625729943146, 3.070340163564943, 2.51892394883212, 1.7728378521455366, 1.7666859964351334, 0.0, 4.383051977788992, 3.3413439332101085, 5.032329396015328, 5.752855752580626, 4.245027048205936, 6.693502022857691, 7.519757672292372, 7.8032632539214, 7.011350822773027, 6.132528503806566], [7.128508064104299, 5.735623637408578, 4.793668615997564, 4.987125346329287, 4.187286697851008, 4.33875172947243, 4.06187880666078, 5.032246179391466, 4.039808448429207, 3.3670116171465763, 4.816766709110999, 2.098766611607875, 1.0962480786756257, 2.1556668620174126, 2.537657604957769, 2.965566735044079, 7.8682702584494395, 7.525977277403912, 7.290665940776603, 5.880920190752465, 5.593978471535263, 5.185792475601006, 6.008085387209473, 4.822925067840055, 3.1485031697617836, 4.383051977788992, 0.0, 1.7452965593273828, 3.0762127023338293, 2.510144926094906, 2.4891584280635897, 2.3808126280747084, 3.5829531297520485, 3.778853282412536, 3.6393734240937685, 2.461953990228087], [5.533478903908462, 4.108099574012296, 3.3786743317461068, 3.9017161531818276, 3.350172474664551, 3.0750673309701693, 3.4630621709695015, 3.64665297087617, 2.634023169981616, 2.7259997267057825, 4.395682369098113, 2.125300065873052, 1.0916927269154082, 2.149221975506485, 3.3599426840349524, 3.942994189698991, 6.2017311341269865, 6.045254947477401, 5.733277779769614, 4.304847552469193, 3.8688090441374854, 4.361027291820128, 4.85284707156531, 4.2722297889977785, 2.5703525069530833, 3.3413439332101085, 1.7452965593273828, 0.0, 2.530546176223623, 3.066583224045942, 2.464860190761334, 3.581580367658948, 4.210553503994457, 4.955165152646277, 4.218972363028704, 3.605106440869673], [7.060196850655086, 5.63192563161127, 5.440040201138223, 6.138329007962998, 5.454715704782423, 5.211519761067782, 5.826202408945298, 5.068166723776951, 3.152241521520837, 3.214835467018491, 4.637115312346674, 2.760046575693968, 2.175835209752797, 1.0941889644846543, 3.76170085333749, 5.043881399279726, 7.42316240493228, 7.784961387829743, 7.295073977006676, 5.682605196