{"total energy": -27.1031818, "HOMO-LUMO gap/eV": 4.76637434, "electronic energy": -27.39998842, "dipole": [-0.504433, 0.79437225, -0.03863925], "partial charges": [-0.10925193, -0.01117166, -0.10707862, -0.06710127, 0.07332051, -0.24985553, 0.3272329, -0.37164597, 0.04097092, 0.03050452, 0.03885591, 0.03582912, 0.03694291, 0.03936245, 0.03766206, 0.04990751, 0.04668584, 0.05844025, 0.05973259, 0.04065751], "atomic dipole moments": [[0.0446794, -0.08618841, -0.04535381], [0.01356278, 0.07483178, -0.06905451], [0.06864849, 0.03231432, 0.08145712], [0.00497547, 0.01160744, 0.13723125], [0.19410962, -0.00494325, -0.17638096], [-0.08872153, -0.19110103, 0.06983917], [-0.151093, 0.09576854, 0.05674533], [0.05002226, 0.16288876, -0.048778], [-0.11778644, -0.02091735, 0.04108506], [0.0651296, 0.03091725, 0.10324855], [-0.00582068, 0.10325363, -0.07391862], [0.00415347, -0.0939273, 0.08207507], [0.04240158, -0.10437557, -0.05738365], [-0.1151769, -0.0286156, 0.04388738], [-0.01598667, 0.08810082, -0.09020991], [0.03745503, -0.09756305, -0.07239575], [0.00027037, 0.09025201, -0.08804069], [0.00396986, -0.0868672, 0.09788061], [-0.02553201, 0.10693129, 0.05751108], [0.1235313, 0.03372666, -0.0612752]], "atomic quadrupole moments": [[-0.05495398, -0.09315103, 0.10465173, -0.04571363, 0.13428935, -0.04969775], [0.10844227, 0.01631972, -0.07961312, -0.02398358, 0.15340394, -0.02882914], [0.02232105, 0.05541647, -0.0958866, 0.15122469, 0.0857455, 0.07356555], [0.19827334, 0.11104512, -0.21022743, 0.07516071, 0.04601192, 0.01195409], [0.40888439, 0.07458921, -0.33726301, -0.18541431, 0.03225749, -0.07162139], [0.05505292, 0.00170226, -0.02823926, -0.04169941, 0.00083977, -0.02681367], [-0.19996216, -0.14092115, -0.19526352, 0.36805052, 0.18643862, 0.39522567], [-0.06684073, 0.02070747, -0.10296972, 0.13008622, 0.04414021, 0.16981045], [0.06267213, 0.03281007, -0.02372605, -0.03324178, 0.00034533, -0.03894608], [0.00738663, 0.00338893, -0.03295079, 0.06162036, 0.02216891, 0.02556416], [-0.04827905, -0.00290543, 0.0265162, -0.00794943, -0.05856048, 0.02176285], [-0.01854973, -0.00684526, 0.01007127, 0.00424202, -0.02055775, 0.00847846], [-0.01503915, -0.0458912, 0.03532246, -0.01063822, 0.04388816, -0.02028331], [0.0532608, 0.02329031, -0.04741598, -0.044488, -0.00656871, -0.00584482], [-0.04278123, 0.00353971, 0.03498837, 0.00985512, -0.05897444, 0.00779286], [-0.00878528, -0.02319595, 0.03739509, -0.00655931, 0.03121746, -0.02860981], [-0.02678494, -0.00339015, 0.03723898, 0.01255834, -0.04083397, -0.01045404], [-0.00341552, -0.00441141, 0.0173409, 0.00202942, -0.03282454, -0.01392538], [-0.00915856, -0.01945911, 0.03707024, -0.00496663, 0.02967891, -0.02791168], [-0.00778357, -0.02391283, 0.06542382, -0.02338005, -0.01059528, -0.05764024]], "number of molecular orbitals": 44, "number of electrons": 48, "number of unpaired electrons": 0, "orbital energies/eV": [-20.34178164, -19.63914809, -18.43065898, -17.38414599, -16.8280445, -16.43393377, -16.27651713, -16.12623905, -15.84104596, -15.26335763, -15.16131385, -14.37887322, -14.07861105, -13.99024445, -13.53770896, -13.40456546, -13.10504386, -12.74406843, -12.46933351, -12.32868707, -12.04409547, -11.86949951, -11.76526175, -11.71534118, -6.94896684, -0.29801468, 1.94894321, 2.08650994, 2.52975383, 2.85091968, 3.20304265, 3.76524617, 4.06679319, 4.50684023, 4.80355257, 5.09637055, 5.52790966, 5.74283284, 5.95642392, 6.41710346, 6.75643004, 7.48790211, 7.69480558, 15.28135474], "fractional occupation": [2.0, 2.0, 2.0, 2.0, 2.0, 2.0, 2.0, 2.0, 2.0, 2.0, 2.0, 2.0, 2.0, 2.0, 2.0, 2.0, 2.0, 2.0, 2.0, 2.0, 2.0, 2.0, 2.0, 2.0, 0.0, 0.0, 0.0, 0.0, 0.0, 0.0, 0.0, 0.0, 0.0, 0.0, 0.0, 0.0, 0.0, 0.0, 0.0, 0.0, 0.0, 0.0, 0.0, 0.0], "program call": "xtb /home/svss/Project-DBcg-Debug/aqme2_20220329/End-to-End-workflows-final/example-3/QDESCP/mol_794_rdkit_conf_4/mol_794_rdkit_conf_4.xyz --pop --wbo --acc 0.2 --gfn 2 --chrg 0 --uhf 0 --etemp 300 --input /home/svss/Project-DBcg-Debug/aqme2_20220329/End-to-End-workflows-final/example-3/QDESCP/mol_794_rdkit_conf_4/mol_794_rdkit_conf_4_xtb.inp", "method": "GFN2-xTB", "xtb version": "6.3.3 (7355c4f)", "Dipole module/D": 2.394, "Total charge": 0, "Transition dipole module/D": NaN, "HOMO": -11.7153, "LUMO": -6.949, "HOMO occupancy": 2.0, "LUMO occupancy": 0, "mulliken charges": [-0.09514, -0.00169, -0.08929, -0.06855, 0.19562, -0.40894, 0.56764, -0.51279, 0.03439, 0.02698, 0.03038, 0.0251, 0.03351, 0.032, 0.0292, 0.04717, 0.03496, 0.04485, 0.03464, 0.03995], "cm5 charges": [-0.24353, -0.07583, -0.23773, -0.17333, 0.11426, -0.49668, 0.57993, -0.56679, 0.08584, 0.07894, 0.08233, 0.08341, 0.08491, 0.08337, 0.08103, 0.10681, 0.09255, 0.11146, 0.09854, 0.11051], "FUKUI+": [0.014, -0.001, 0.011, 0.006, 0.036, -0.147, -0.166, -0.321, -0.027, -0.002, -0.014, -0.009, -0.007, -0.025, -0.015, 0.004, -0.029, -0.035, -0.074, -0.198], "FUKUI-": [0.016, -0.01, 0.022, 0.009, 0.018, -0.062, -0.001, -0.134, -0.062, -0.056, -0.075, -0.108, -0.062, -0.067, -0.086, -0.06, -0.07, -0.038, -0.065, -0.107], "FUKUIrad": [0.015, -0.006, 0.016, 0.007, 0.027, -0.105, -0.083, -0.228, -0.044, -0.029, -0.045, -0.059, -0.034, -0.046, -0.05, -0.028, -0.05, -0.037, -0.069, -0.153], "s proportion": [1.013, 1.053, 1.013, 1.041, 0.999, 1.697, 0.974, 1.729, 0.966, 0.973, 0.97, 0.975, 0.966, 0.968, 0.971, 0.953, 0.965, 0.955, 0.965, 0.96], "p proportion": [3.082, 2.949, 3.076, 3.027, 2.805, 4.712, 2.458, 4.784, 0.0, 0.0, 0.0, 0.0, 0.0, 0.0, 0.0, 0.0, 0.0, 0.0, 0.0, 0.0], "d proportion": [0.0, 0.0, 0.0, 0.0, 0.0, 0.0, 0.0, 0.0, 0.0, 0.0, 0.0, 0.0, 0.0, 0.0, 0.0, 0.0, 0.0, 0.0, 0.0, 0.0], "Fermi-level/eV": -9.3322, "Coordination numbers": [3.752, 3.848, 3.753, 3.801, 3.697, 1.701, 2.658, 0.856, 0.924, 0.924, 0.924, 0.924, 0.924, 0.924, 0.924, 0.924, 0.924, 0.924, 0.924, 0.923], "Dispersion coefficient C6": [22.649, 20.742, 22.605, 21.786, 19.516, 18.141, 21.441, 21.123, 2.436, 2.579, 2.464, 2.505, 2.49, 2.457, 2.48, 2.321, 2.362, 2.217, 2.202, 2.44], "Total dispersion C6": 3039.862001, "Total dispersion C8": 64216.244296, "Polarizability alpha": [6.787, 6.478, 6.78, 6.645, 6.319, 5.75, 7.576, 6.162, 2.441, 2.512, 2.455, 2.475, 2.468, 2.452, 2.463, 2.383, 2.403, 2.329, 2.321, 2.443], "Total polarizability alpha": 81.640754, "Wiberg matrix": [[0.0, 1.0097987547107523, 0.0, 0.0, 0.0, 0.0, 0.0, 0.0, 0.9853775944161636, 0.9852167052227205, 0.9864813797387568, 0.0, 0.0, 0.0, 0.0, 0.0, 0.0, 0.0, 0.0, 0.0], [1.0097987547107523, 0.0, 1.008291658673025, 0.993638051947656, 0.0, 0.0, 0.0, 0.0, 0.0, 0.0, 0.0, 0.9683460223417117, 0.0, 0.0, 0.0, 0.0, 0.0, 0.0, 0.0, 0.0], [0.0, 1.008291658673025, 0.0, 0.0, 0.0, 0.0, 0.0, 0.0, 0.0, 0.0, 0.0, 0.0, 0.9863655411308483, 0.9858423882998069, 0.9867929749545759, 0.0, 0.0, 0.0, 0.0, 0.0], [0.0, 0.993638051947656, 0.0, 0.0, 0.9979812902091385, 0.0, 0.0, 0.0, 0.0, 0.0, 0.0, 0.0, 0.0, 0.0, 0.0, 0.9732868590373231, 0.9748483212582562, 0.0, 0.0, 0.0], [0.0, 0.0, 0.0, 0.9979812902091385, 0.0, 0.9349665799958575, 0.0, 0.0, 0.0, 0.0, 0.0, 0.0, 0.0, 0.0, 0.0, 0.0, 0.0, 0.9682930622153532, 0.9686564818078799, 0.0], [0.0, 0.0, 0.0, 0.0, 0.9349665799958575, 0.0, 1.1658916675615534, 0.19532962415265212, 0.0, 0.0, 0.0, 0.0, 0.0, 0.0, 0.0, 0.0, 0.0, 0.0, 0.0, 0.0], [0.0, 0.0, 0.0, 0.0, 0.0, 1.1658916675615534, 0.0, 1.8014651916916957, 0.0, 0.0, 0.0, 0.0, 0.0, 0.0, 0.0, 0.0, 0.0, 0.0, 0.0, 0.9236010877288601], [0.0, 0.0, 0.0, 0.0, 0.0, 0.19532962415265212, 1.8014651916916957, 0.0, 0.0, 0.0, 0.0, 0.0, 0.0, 0.0, 0.0, 0.0, 0.0, 0.0, 0.0, 0.0], [0.9853775944161636, 0.0, 0.0, 0.0, 0.0, 0.0, 0.0, 0.0, 0.0, 0.0, 0.0, 0.0, 0.0, 0.0, 0.0, 0.0, 0.0, 0.0, 0.0, 0.0], [0.9852167052227205, 0.0, 0.0, 0.0, 0.0, 0.0, 0.0, 0.0, 0.0, 0.0, 0.0, 0.0, 0.0, 0.0, 0.0, 0.0, 0.0, 0.0, 0.0, 0.0], [0.9864813797387568, 0.0, 0.0, 0.0, 0.0, 0.0, 0.0, 0.0, 0.0, 0.0, 0.0, 0.0, 0.0, 0.0, 0.0, 0.0, 0.0, 0.0, 0.0, 0.0], [0.0, 0.9683460223417117, 0.0, 0.0, 0.0, 0.0, 0.0, 0.0, 0.0, 0.0, 0.0, 0.0, 0.0, 0.0, 0.0, 0.0, 0.0, 0.0, 0.0, 0.0], [0.0, 0.0, 0.9863655411308483, 0.0, 0.0, 0.0, 0.0, 0.0, 0.0, 0.0, 0.0, 0.0, 0.0, 0.0, 0.0, 0.0, 0.0, 0.0, 0.0, 0.0], [0.0, 0.0, 0.9858423882998069, 0.0, 0.0, 0.0, 0.0, 0.0, 0.0, 0.0, 0.0, 0.0, 0.0, 0.0, 0.0, 0.0, 0.0, 0.0, 0.0, 0.0], [0.0, 0.0, 0.9867929749545759, 0.0, 0.0, 0.0, 0.0, 0.0, 0.0, 0.0, 0.0, 0.0, 0.0, 0.0, 0.0, 0.0, 0.0, 0.0, 0.0, 0.0], [0.0, 0.0, 0.0, 0.9732868590373231, 0.0, 0.0, 0.0, 0.0, 0.0, 0.0, 0.0, 0.0, 0.0, 0.0, 0.0, 0.0, 0.0, 0.0, 0.0, 0.0], [0.0, 0.0, 0.0, 0.9748483212582562, 0.0, 0.0, 0.0, 0.0, 0.0, 0.0, 0.0, 0.0, 0.0, 0.0, 0.0, 0.0, 0.0, 0.0, 0.0, 0.0], [0.0, 0.0, 0.0, 0.0, 0.9682930622153532, 0.0, 0.0, 0.0, 0.0, 0.0, 0.0, 0.0, 0.0, 0.0, 0.0, 0.0, 0.0, 0.0, 0.0, 0.0], [0.0, 0.0, 0.0, 0.0, 0.9686564818078799, 0.0, 0.0, 0.0, 0.0, 0.0, 0.0, 0.0, 0.0, 0.0, 0.0, 0.0, 0.0, 0.0, 0.0, 0.0], [0.0, 0.0, 0.0, 0.0, 0.0, 0.0, 0.9236010877288601, 0.0, 0.0, 0.0, 0.0, 0.0, 0.0, 0.0, 0.0, 0.0, 0.0, 0.0, 0.0, 0.0]], "Born radii": [], "Atomic SASAs": [], "Solvent H bonds": [], "Total SASA": NaN, "Total FOD": 0.0, "FOD": [0.0, 0.0, 0.0, 0.0, 0.0, 0.0, 0.0, 0.0, 0.0, 0.0, 0.0, 0.0, 0.0, 0.0, 0.0, 0.0, 0.0, 0.0, 0.0, 0.0], "FOD s proportion": [0.0, 0.0, 0.0, 0.0, 0.0, 0.0, 0.0, 0.0, 0.0, 0.0, 0.0, 0.0, 0.0, 0.0, 0.0, 0.0, 0.0, 0.0, 0.0, 0.0], "FOD p proportion": [0.0, 0.0, 0.0, 0.0, 0.0, 0.0, 0.0, 0.0, 0.0, 0.0, 0.0, 0.0, 0.0, 0.0, 0.0, 0.0, 0.0, 0.0, 0.0, 0.0], "FOD d proportion": [0.0, 0.0, 0.0, 0.0, 0.0, 0.0, 0.0, 0.0, 0.0, 0.0, 0.0, 0.0, 0.0, 0.0, 0.0, 0.0, 0.0, 0.0, 0.0, 0.0], "coordinates": [["-1.69620", "1.00100", "0.83990"], ["-1.10930", "-0.21890", "0.12890"], ["-2.05130", "-0.66730", "-0.99100"], ["0.29090", "0.05390", "-0.44480"], ["1.33800", "0.37550", "0.62020"], ["2.62520", "0.54680", "0.00320"], ["3.35990", "-0.58290", "-0.14590"], ["3.03800", "-1.71450", "0.17730"], ["-2.71730", "0.79770", "1.18060"], ["-1.10840", "1.26860", "1.72310"], ["-1.72920", "1.87050", "0.17480"], ["-1.03770", "-1.03830", "0.85540"], ["-1.66870", "-1.56660", "-1.48510"], ["-3.04420", "-0.90350", "-0.59370"], ["-2.16690", "0.11400", "-1.75010"], ["0.62450", "-0.82090", "-1.01760"], ["0.25290", "0.87750", "-1.16980"], ["1.37420", "-0.39390", "1.40060"], ["1.10610", "1.32440", "1.11360"], ["4.31940", "-0.32330", "-0.61940"]], "bond_dist": [[0.0, 1.5290940520451972, 2.502302082083616, 2.548728881226875, 3.1057829898433025, 4.425026834946879, 5.389312392133156, 5.497783976294448, 1.0954691186884273, 1.0941484542784858, 1.0952064919456972, 2.1430368615588486, 3.463950203164012, 2.7385093043478963, 2.777845836255137, 3.486441502449166, 2.802344937726261, 3.4186966317589516, 2.8341461747764525, 6.330147734452964], [1.5290940520451972, 0.0, 1.5305562942930258, 1.5375667692819066, 2.565923681639811, 3.8142610332802342, 4.492411343588207, 4.408997528917428, 2.173755379521808, 2.180396913408199, 2.1799025620426247, 1.0974266125805408, 2.1758261994010457, 2.175928751131342, 2.1817381075647004, 2.1640075531291476, 2.1781422106924055, 2.7956427060695725, 2.8739182556224523, 5.481025081132178], [2.502302082083616, 1.5305562942930258, 0.0, 2.510849402094837, 3.8949649253876473, 4.932760352986956, 5.477444916199524, 5.325648056340186, 2.7028924432910757, 3.4645501915833172, 2.8112749580928575, 2.1387423687765668, 1.095106414920486, 1.0952114590342816, 1.0954569183678564, 2.6803369489674242, 2.7798766375506663, 4.186710925057998, 4.285485364576573, 6.39079346012684], [2.548728881226875, 1.5375667692819066, 2.510849402094837, 0.0, 1.5277663335732987, 2.4274700616073517, 3.148589596946544, 3.325778913277309, 3.4992043152694015, 2.851898839370008, 2.7865289752665414, 2.1560609546114415, 2.7474126919703927, 3.472992654757565, 2.78355904194612, 1.0975717926404633, 1.0979007058928416, 2.186221601302119, 2.169638645028245, 4.049886078644683], [3.1057829898433025, 2.565923681639811, 3.8949649253876473, 1.5277663335732987, 0.0, 1.4376774777397048, 2.3650622359675864, 2.7302491479716644, 4.115550885361521, 2.828230715482738, 3.441093140268075, 2.7745450023382214, 4.152623916272698, 4.723671352877971, 4.239224970439762, 2.1500800101391575, 2.1525673067293387, 1.0964994117645481, 1.0943639157062883, 3.303585258472982], [4.425026834946879, 3.8142610332802342, 4.932760352986956, 2.4274700616073517, 1.4376774777397048, 0.0, 1.3558159867769668, 2.305253205181591, 5.476452119757827, 4.173586013250476, 4.554385535942252, 4.081130144947598, 5.011893221129117, 5.882325735625322, 5.121093549233405, 2.629721738131242, 2.6670393285439196, 2.098247900034693, 2.036004599700109, 2.0037510848406295], [5.389312392133156, 4.492411343588207, 5.477444916199524, 3.148589596946544, 2.3650622359675864, 1.3558159867769668, 0.0, 1.2200804932462448, 6.371657433509745, 5.185259698414343, 5.65870646526218, 4.533086874305411, 5.296030616414524, 6.427737238717836, 5.796951396208183, 2.880784276894055, 3.5825393745219327, 2.52396270574666, 3.209945167755985, 1.1010152859974287], [5.497783976294448, 4.408997528917428, 5.325648056340186, 3.325778913277309, 2.7302491479716644, 2.305253205181591, 1.2200804932462448, 0.0, 6.359342561932011, 5.336760835000947, 5.964765468147092, 4.186692792646721, 4.993843515770193, 6.184279977491317, 5.843737418809987, 2.8374793778986307, 4.036077851082657, 2.4512604288406403, 3.7207268792535686, 2.052353354079165], [1.0954691186884273, 2.173755379521808, 2.7028924432910757, 3.4992043152694015, 4.115550885361521, 5.476452119757827, 6.371657433509745, 6.359342561932011, 0.0, 1.761990996004236, 1.7716870745140068, 2.5095233013462934, 3.7142203677218726, 2.479734973742154, 3.0593117428598213, 4.315040722866935, 3.788513724404334, 4.267163321224066, 3.8600893059617154, 7.3492712489062475], [1.0941484542784858, 2.180396913408199, 3.4645501915833172, 2.851898839370008, 2.828230715482738, 4.173586013250476, 5.185259698414343, 5.336760835000947, 1.761990996004236, 0.0, 1.7733891676673792, 2.465702615888623, 4.317967388714278, 3.7192609870779436, 3.8100710820140877, 3.8575107452863957, 3.2210196072051467, 3.00519804006325, 2.2975234797494455, 6.122292438294662], [1.0952064919456972, 2.1799025620426247, 2.8112749580928575, 2.7865289752665414, 3.441093140268075, 4.554385535942252, 5.65870646526218, 5.964765468147092, 1.7716870745140068, 1.7733891676673792, 0.0, 3.066350607807268, 3.8174054893343463, 3.164631613632146, 2.6423689276859124, 3.768999258423912, 2.592820581914607, 4.032515909454047, 3.0361977438895513, 6.482983421234394], [2.1430368615588486, 1.0974266125805408, 2.1387423687765668, 2.1560609546114415, 2.7745450023382214, 4.081130144947598, 4.533086874305411, 4.186692792646721, 2.5095233013462934, 2.465702615888623, 3.066350607807268, 0.0, 2.4809679844770267, 2.47873034031538, 3.064558398856188, 2.513623002759165, 3.0720307680750856, 2.5553387270575305, 3.200765060106724, 5.60221210326778], [3.463950203164012, 2.1758261994010457, 1.095106414920486, 2.7474126919703927, 4.152623916272698, 5.011893221129117, 5.296030616414524, 4.993843515770193, 3.7142203677218726, 4.317967388714278, 3.8174054893343463, 2.4809679844770267, 0.0, 1.7681334282231078, 1.772806983289495, 2.4562961914231765, 3.124993673593596, 4.354506882529869, 4.776048338323221, 6.1767769095216645], [2.7385093043478963, 2.175928751131342, 1.0952114590342816, 3.472992654757565, 4.723671352877971, 5.882325735625322, 6.427737238717836, 6.184279977491317, 2.479734973742154, 3.7192609870779436, 3.164631613632146, 2.47873034031538, 1.7681334282231078, 0.0, 1.772631518392923, 3.694032168241095, 3.791400878303427, 4.874339258812419, 5.010329509124125, 7.386467186009831], [2.777845836255137, 2.1817381075647004, 1.0954569183678564, 2.78355904194612, 4.239224970439762, 5.121093549233405, 5.796951396208183, 5.843737418809987, 3.0593117428598213, 3.8100710820140877, 2.6423689276859124, 3.064558398856188, 1.772806983289495, 1.772631518392923, 0.0, 3.033563617266004, 2.602904604475546, 4.766997179567028, 4.514241337146254, 6.59862117945863], [3.486441502449166, 2.1640075531291476, 2.6803369489674242, 1.0975717926404633, 2.1500800101391575, 2.629721738131242, 2.880784276894055, 2.8374793778986307, 4.315040722866935, 3.8575107452863957, 3.768999258423912, 2.513623002759165, 2.4562961914231765, 3.694032168241095, 3.033563617266004, 0.0, 1.7452260483960236, 2.5675027419654297, 3.062068596553643, 3.749460629210553], [2.802344937726261, 2.1781422106924055, 2.7798766375506663, 1.0979007058928416, 2.1525673067293387, 2.6670393285439196, 3.5825393745219327, 4.036077851082657, 3.788513724404334, 3.2210196072051467, 2.592820581914607, 3.0720307680750856, 3.124993673593596, 3.791400878303427, 2.602904604475546, 1.7452260483960236, 0.0, 3.0790790522492277, 2.4782222277269645, 4.2756617090223585], [3.4186966317589516, 2.7956427060695725, 4.186710925057998, 2.186221601302119, 1.0964994117645481, 2.098247900034693, 2.52396270574666, 2.4512604288406403, 4.267163321224066, 3.00519804006325, 4.032515909454047, 2.5553387270575305, 4.354506882529869, 4.874339258812419, 4.766997179567028, 2.5675027419654297, 3.0790790522492277, 0.0, 1.7626121240931028, 3.572056466518971], [2.8341461747764525, 2.8739182556224523, 4.285485364576573, 2.169638645028245, 1.0943639157062883, 2.036004599700109, 3.209945167755985, 3.7207268792535686, 3.8600893059617154, 2.2975234797494455, 3.0361977438895513, 3.200765060106724, 4.776048338323221, 5.010329509124125, 4.514241337146254, 3.062068596553643, 2.4782222277269645, 1.7626121240931028, 0.0, 4.005433956514575], [6.330147734452964, 5.481025081132178, 6.39079346012684, 4.049886078644683, 3.303585258472982, 2.0037510848406295, 1.1010152859974287, 2.052353354079165, 7.3492712489062475, 6.122292438294662, 6.482983421234394, 5.60221210326778, 6.1767769095216645, 7.386467186009831, 6.59862117945863, 3.749460629210553, 4.2756617090223585, 3.572056466518971, 4.005433956514575, 0.0]]}