{"total energy": -43.01813351, "HOMO-LUMO gap/eV": 4.0601246, "electronic energy": -43.60700557, "dipole": [-0.40985453, 0.16459604, 0.11497136], "partial charges": [0.13727664, -0.38991181, -0.09695529, 0.14058812, -0.39593981, -0.08476578, -0.04213596, -0.01442924, -0.0576094, -0.05224681, -0.05463382, -0.06056092, -0.0510962, -0.09957759, 0.29913676, 0.04381775, 0.29871375, 0.0267068, 0.03890448, 0.0522327, 0.03314877, 0.0283349, 0.02965965, 0.02402688, 0.0306065, 0.02690923, 0.04456709, 0.02730818, 0.02526247, 0.03117564, 0.03246901, 0.0290173], "atomic dipole moments": [[0.1886779, -0.07158951, -0.12877295], [-0.17499458, 0.1039862, -0.02520732], [-0.00903871, -0.00070245, 0.01993438], [-0.17153088, 0.12653336, -0.11618503], [0.04347481, -0.07480258, 0.18311275], [-0.00441218, 0.00922994, -0.02650743], [0.00648899, -0.00047814, -0.00675205], [0.05872334, -0.03524137, -0.00197101], [-0.00679531, 0.10997079, 0.03008667], [-0.00051734, 0.00915043, -0.11183333], [0.01321904, -0.10590399, -0.00760042], [-0.01449491, 0.11514259, 0.02052589], [0.01784606, -0.10566454, -0.01462296], [-0.07434687, 0.03869253, 0.05388117], [-0.01556437, 0.03003909, -0.0746373], [0.00488223, 0.03890991, -0.14981773], [-0.05361043, 0.01325041, 0.05911418], [-0.11682458, 0.04057935, 0.08677006], [-0.01923007, -0.03027004, 0.14735791], [0.07280126, -0.07401071, -0.07734478], [-0.05424474, -0.08972261, 0.06077178], [-0.06878491, 0.05793751, 0.08309512], [0.06729816, -0.07384837, 0.06969383], [0.0446741, 0.06979938, 0.08704115], [-0.06679269, 0.08199632, -0.06922383], [0.06766145, -0.07474134, 0.07111795], [-0.04233379, -0.07308259, -0.092847], [-0.06483962, 0.07516414, -0.07337128], [0.04835014, 0.07111508, 0.08774121], [0.07445502, -0.07267599, 0.07060239], [-0.04278903, -0.06876343, -0.09633971], [0.06986751, 0.09129539, -0.04694294]], "atomic quadrupole moments": [[0.12553183, 0.14656815, 0.15237193, -0.1810084, 0.25786502, -0.27790376], [0.05214645, -0.05190717, -0.04239735, -0.05211466, 0.01332417, -0.0097491], [-0.01540648, 0.20346937, 0.22216658, 0.04541776, 0.13652983, -0.2067601], [0.0355307, 0.06353104, 0.26666871, 0.30380941, -0.00093638, -0.30219941], [0.02276329, -0.06357495, -0.02281106, 0.04420668, -0.04391447, 4.777e-05], [-0.07764533, 0.24446436, 0.24262279, 0.0858815, 0.11142856, -0.16497746], [-0.0912486, 0.30351723, 0.31157352, 0.10637481, 0.14750327, -0.22032492], [-0.05874722, 0.18159122, 0.26329114, 0.15461813, 0.07004264, -0.20454392], [0.01709032, -0.00297099, -0.03319891, 0.17215285, 0.01957868, 0.0161086], [-0.01668149, 0.20534767, 0.03250092, 0.0246034, 0.01694382, -0.01581943], [0.05497427, 0.03982282, 0.00126658, -0.2083047, -0.02500783, -0.05624085], [0.07108156, 0.03688244, 0.02456823, -0.21730049, -0.02667195, -0.09564979], [0.07435543, 0.02645593, 0.00732872, -0.21615873, -0.01100278, -0.08168415], [0.08037537, -0.09437679, -0.05765206, -0.14890755, 0.06749636, -0.02272331], [-0.0529236, -0.01679231, -0.06219821, -0.00652495, -0.0535338, 0.11512181], [0.00071065, -0.02558795, -0.03426775, -0.01476221, -0.01564566, 0.03355711], [0.05368523, -0.05521707, -0.06219407, -0.08233888, 0.01894523, 0.00850884], [0.01987501, -0.04238342, -0.03444643, -0.01032601, -0.01580311, 0.01457142], [0.01369841, -0.04340849, -0.03818618, -0.00695718, -0.02240507, 0.02448777], [0.01497676, -0.01868353, -0.04149627, -0.0341179, 0.01751636, 0.0265195], [0.00518991, 0.03118857, -0.00780146, -0.0213266, -0.04312733, 0.00261154], [0.0206317, -0.01524507, 0.00061414, -0.03832634, 0.03217928, -0.02124584], [0.01204572, -0.02460972, 0.01767855, 0.0338323, -0.0267612, -0.02972428], [-0.00218927, 0.02762766, -0.0207737, 0.01990654, 0.03649498, 0.02296297], [0.00814782, -0.02639044, -0.02264022, 0.02755262, -0.03187596, 0.0144924], [0.00320861, -0.02576747, -0.01281097, 0.02844688, -0.03295143, 0.00960236], [-0.00621572, 0.02377313, -0.01540636, 0.0238469, 0.03010847, 0.02162208], [0.0087207, -0.02553551, -0.0146962, 0.02574237, -0.03273503, 0.00597551], [-0.00927736, 0.02191865, -0.01761113, 0.02046221, 0.03346686, 0.02688849], [-0.00918131, -0.04409898, -0.00727539, 0.03376917, -0.04209025, 0.01645671], [-0.00692706, 0.02331464, -0.01181759, 0.0361194, 0.05406362, 0.01874465], [-0.00523682, 0.0456947, 0.03727482, -0.03401096, -0.02996402, -0.032038]], "number of molecular orbitals": 74, "number of electrons": 78, "number of unpaired electrons": 0, "orbital energies/eV": [-19.2557235, -19.17662386, -17.71641816, -17.26282741, -16.92050813, -16.7725232, -16.60933037, -16.43695647, -16.32765541, -15.97628581, -15.59093215, -15.36974772, -14.96834099, -14.9397255, -14.75759428, -14.4115176, -14.31142714, -13.96191991, -13.89636209, -13.78548385, -13.69836654, -13.42611445, -13.27373608, -13.08626266, -13.04377894, -12.77535841, -12.60486176, -12.47992101, -12.21299887, -12.01854546, -11.82518396, -11.75210956, -11.67036322, -11.49801678, -11.33528635, -11.21824676, -11.08751375, -10.56521837, -10.05298919, -5.9928646, -5.61242105, -2.43269779, 1.43302491, 1.93658322, 2.12657476, 2.42843753, 2.76669613, 3.19351365, 3.44422953, 3.69199841, 3.76371534, 4.02887867, 4.23617364, 4.60220391, 4.64221803, 4.76746623, 4.97881847, 5.08246064, 5.19351224, 5.32985865, 5.72086703, 6.08784385, 6.68463902, 7.17171252, 7.36324361, 7.46350118, 7.90835543, 8.64988858, 10.2916981, 10.91617136, 11.91336995, 12.58873348, 16.73442161, 17.38087983], "fractional occupation": [2.0, 2.0, 2.0, 2.0, 2.0, 2.0, 2.0, 2.0, 2.0, 2.0, 2.0, 2.0, 2.0, 2.0, 2.0, 2.0, 2.0, 2.0, 2.0, 2.0, 2.0, 2.0, 2.0, 2.0, 2.0, 2.0, 2.0, 2.0, 2.0, 2.0, 2.0, 2.0, 2.0, 2.0, 2.0, 2.0, 2.0, 2.0, 2.0, 0.0, 0.0, 0.0, 0.0, 0.0, 0.0, 0.0, 0.0, 0.0, 0.0, 0.0, 0.0, 0.0, 0.0, 0.0, 0.0, 0.0, 0.0, 0.0, 0.0, 0.0, 0.0, 0.0, 0.0, 0.0, 0.0, 0.0, 0.0, 0.0, 0.0, 0.0, 0.0, 0.0, 0.0, 0.0], "program call": "xtb /home/svss/Project-DBcg-Debug/aqme2_20220329/End-to-End-workflows-final/example-3/QDESCP/mol_848_rdkit_conf_17/mol_848_rdkit_conf_17.xyz --pop --wbo --acc 0.2 --gfn 2 --chrg 0 --uhf 0 --etemp 300 --input /home/svss/Project-DBcg-Debug/aqme2_20220329/End-to-End-workflows-final/example-3/QDESCP/mol_848_rdkit_conf_17/mol_848_rdkit_conf_17_xtb.inp", "method": "GFN2-xTB", "xtb version": "6.3.3 (7355c4f)", "Dipole module/D": 1.16, "Total charge": 0, "Transition dipole module/D": NaN, "HOMO": -10.053, "LUMO": -5.9929, "HOMO occupancy": 2.0, "LUMO occupancy": 0, "mulliken charges": [0.25286, -0.51717, -0.13894, 0.26371, -0.51974, -0.11703, -0.03036, -0.04635, -0.03779, -0.04174, -0.0443, -0.04798, -0.03774, -0.08331, 0.35295, 0.05002, 0.35117, 0.03191, 0.03301, 0.04165, 0.02595, 0.02123, 0.02386, 0.02065, 0.0238, 0.01934, 0.03144, 0.02128, 0.01941, 0.02558, 0.02676, 0.02583], "cm5 charges": [0.26632, -0.71909, -0.18573, 0.27528, -0.717, -0.16898, -0.08348, -0.05696, -0.14033, -0.15081, -0.1542, -0.15872, -0.15033, -0.23365, 0.52414, 0.11135, 0.52211, 0.08987, 0.08942, 0.10174, 0.08139, 0.07649, 0.07871, 0.07559, 0.08064, 0.07477, 0.08968, 0.07611, 0.07412, 0.07688, 0.07807, 0.07662], "FUKUI+": [-0.05, -0.06, -0.073, -0.056, -0.058, -0.038, -0.087, -0.065, 0.015, 0.009, 0.006, 0.005, 0.002, 0.006, -0.042, -0.093, -0.046, -0.088, -0.102, -0.043, -0.041, -0.009, -0.038, -0.025, 0.012, -0.016, 0.008, 0.003, -0.011, -0.01, -0.001, -0.013], "FUKUI-": [-0.026, -0.05, -0.015, -0.038, -0.079, -0.038, -0.015, -0.053, 0.007, 0.003, 0.008, 0.008, 0.005, 0.014, -0.035, -0.049, -0.04, -0.057, -0.051, -0.034, -0.061, -0.029, -0.039, -0.044, -0.013, -0.044, -0.032, -0.043, -0.053, -0.04, -0.032, -0.034], "FUKUIrad": [-0.038, -0.055, -0.044, -0.047, -0.068, -0.038, -0.051, -0.059, 0.011, 0.006, 0.007, 0.007, 0.004, 0.01, -0.039, -0.071, -0.043, -0.073, -0.076, -0.038, -0.051, -0.019, -0.038, -0.034, -0.0, -0.03, -0.012, -0.02, -0.032, -0.025, -0.016, -0.023], "s proportion": [1.02, 1.692, 1.054, 1.014, 1.692, 1.055, 1.063, 1.08, 1.026, 1.032, 1.031, 1.032, 1.027, 1.007, 0.647, 0.95, 0.649, 0.968, 0.967, 0.958, 0.974, 0.979, 0.976, 0.979, 0.976, 0.981, 0.969, 0.979, 0.981, 0.974, 0.973, 0.974], "p proportion": [2.727, 4.825, 3.085, 2.722, 4.828, 3.062, 2.967, 2.967, 3.012, 3.009, 3.014, 3.016, 3.011, 3.076, 0.0, 0.0, 0.0, 0.0, 0.0, 0.0, 0.0, 0.0, 0.0, 0.0, 0.0, 0.0, 0.0, 0.0, 0.0, 0.0, 0.0, 0.0], "d proportion": [0.0, 0.0, 0.0, 0.0, 0.0, 0.0, 0.0, 0.0, 0.0, 0.0, 0.0, 0.0, 0.0, 0.0, 0.0, 0.0, 0.0, 0.0, 0.0, 0.0, 0.0, 0.0, 0.0, 0.0, 0.0, 0.0, 0.0, 0.0, 0.0, 0.0, 0.0, 0.0], "Fermi-level/eV": -8.0229, "Coordination numbers": [2.846, 1.658, 2.911, 2.845, 1.659, 2.909, 2.918, 2.959, 3.803, 3.799, 3.8, 3.801, 3.8, 3.75, 0.804, 0.925, 0.804, 0.925, 0.925, 0.924, 0.923, 0.924, 0.924, 0.924, 0.924, 0.924, 0.924, 0.924, 0.924, 0.924, 0.924, 0.924], "Dispersion coefficient C6": [24.999, 20.654, 30.439, 24.931, 20.77, 30.122, 29.047, 28.371, 21.608, 21.514, 21.557, 21.664, 21.491, 22.465, 0.724, 2.399, 0.725, 2.634, 2.463, 2.292, 2.542, 2.61, 2.591, 2.673, 2.578, 2.631, 2.389, 2.625, 2.655, 2.57, 2.552, 2.601], "Total dispersion C6": 9180.40311, "Total dispersion C8": 207558.879963, "Polarizability alpha": [8.194, 6.135, 9.047, 8.183, 6.152, 9.0, 8.838, 8.737, 6.618, 6.604, 6.611, 6.627, 6.6, 6.76, 1.336, 2.422, 1.337, 2.538, 2.454, 2.368, 2.494, 2.527, 2.517, 2.557, 2.511, 2.537, 2.417, 2.534, 2.548, 2.507, 2.498, 2.522], "Total polarizability alpha": 146.728715, "Wiberg matrix": [[0.0, 1.068688610907253, 1.3830785364778457, 0.0, 0.0, 0.0, 0.0, 1.3417514167261386, 0.0, 0.0, 0.0, 0.0, 0.0, 0.0, 0.0, 0.0, 0.0, 0.0, 0.0, 0.0, 0.0, 0.0, 0.0, 0.0, 0.0, 0.0, 0.0, 0.0, 0.0, 0.0, 0.0, 0.0], [1.068688610907253, 0.0, 0.0, 0.0, 0.0, 0.0, 0.0, 0.0, 0.0, 0.0, 0.0, 0.0, 0.0, 0.0, 0.888341659071368, 0.0, 0.0, 0.0, 0.0, 0.0, 0.0, 0.0, 0.0, 0.0, 0.0, 0.0, 0.0, 0.0, 0.0, 0.0, 0.0, 0.0], [1.3830785364778457, 0.0, 0.0, 1.3757423647870775, 0.0, 0.0, 0.10306076649985065, 0.0, 0.0, 0.0, 0.0, 0.0, 0.0, 0.0, 0.0, 0.963176796596706, 0.0, 0.0, 0.0, 0.0, 0.0, 0.0, 0.0, 0.0, 0.0, 0.0, 0.0, 0.0, 0.0, 0.0, 0.0, 0.0], [0.0, 0.0, 1.3757423647870775, 0.0, 1.0655110532846515, 1.3706950147145431, 0.0, 0.0, 0.0, 0.0, 0.0, 0.0, 0.0, 0.0, 0.0, 0.0, 0.0, 0.0, 0.0, 0.0, 0.0, 0.0, 0.0, 0.0, 0.0, 0.0, 0.0, 0.0, 0.0, 0.0, 0.0, 0.0], [0.0, 0.0, 0.0, 1.0655110532846515, 0.0, 0.0, 0.0, 0.0, 0.0, 0.0, 0.0, 0.0, 0.0, 0.0, 0.0, 0.0, 0.8896186160078732, 0.0, 0.0, 0.0, 0.0, 0.0, 0.0, 0.0, 0.0, 0.0, 0.0, 0.0, 0.0, 0.0, 0.0, 0.0], [0.0, 0.0, 0.0, 1.3706950147145431, 0.0, 0.0, 1.440256786746002, 0.0, 0.0, 0.0, 0.0, 0.0, 0.0, 0.0, 0.0, 0.0, 0.0, 0.9664879786812463, 0.0, 0.0, 0.0, 0.0, 0.0, 0.0, 0.0, 0.0, 0.0, 0.0, 0.0, 0.0, 0.0, 0.0], [0.0, 0.0, 0.10306076649985065, 0.0, 0.0, 1.440256786746002, 0.0, 1.417529265118642, 0.0, 0.0, 0.0, 0.0, 0.0, 0.0, 0.0, 0.0, 0.0, 0.0, 0.9697722368958555, 0.0, 0.0, 0.0, 0.0, 0.0, 0.0, 0.0, 0.0, 0.0, 0.0, 0.0, 0.0, 0.0], [1.3417514167261386, 0.0, 0.0, 0.0, 0.0, 0.0, 1.417529265118642, 0.0, 1.0111511820663783, 0.0, 0.0, 0.0, 0.0, 0.0, 0.0, 0.0, 0.0, 0.0, 0.0, 0.0, 0.0, 0.0, 0.0, 0.0, 0.0, 0.0, 0.0, 0.0, 0.0, 0.0, 0.0, 0.0], [0.0, 0.0, 0.0, 0.0, 0.0, 0.0, 0.0, 1.0111511820663783, 0.0, 0.9927774850368307, 0.0, 0.0, 0.0, 0.0, 0.0, 0.0, 0.0, 0.0, 0.0, 0.971269161432486, 0.9680764343935868, 0.0, 0.0, 0.0, 0.0, 0.0, 0.0, 0.0, 0.0, 0.0, 0.0, 0.0], [0.0, 0.0, 0.0, 0.0, 0.0, 0.0, 0.0, 0.0, 0.9927774850368307, 0.0, 1.0069277139259265, 0.0, 0.0, 0.0, 0.0, 0.0, 0.0, 0.0, 0.0, 0.0, 0.0, 0.9768724105035895, 0.9763569236270048, 0.0, 0.0, 0.0, 0.0, 0.0, 0.0, 0.0, 0.0, 0.0], [0.0, 0.0, 0.0, 0.0, 0.0, 0.0, 0.0, 0.0, 0.0, 1.0069277139259265, 0.0, 1.0084835110436763, 0.0, 0.0, 0.0, 0.0, 0.0, 0.0, 0.0, 0.0, 0.0, 0.0, 0.0, 0.9768944518155422, 0.9767313384018261, 0.0, 0.0, 0.0, 0.0, 0.0, 0.0, 0.0], [0.0, 0.0, 0.0, 0.0, 0.0, 0.0, 0.0, 0.0, 0.0, 0.0, 1.0084835110436763, 0.0, 1.0075556875947869, 0.0, 0.0, 0.0, 0.0, 0.0, 0.0, 0.0, 0.0, 0.0, 0.0, 0.0, 0.0, 0.9773072646024243, 0.9735322073473653, 0.0, 0.0, 0.0, 0.0, 0.0], [0.0, 0.0, 0.0, 0.0, 0.0, 0.0, 0.0, 0.0, 0.0, 0.0, 0.0, 1.0075556875947869, 0.0, 1.020135866041462, 0.0, 0.0, 0.0, 0.0, 0.0, 0.0, 0.0, 0.0, 0.0, 0.0, 0.0, 0.0, 0.0, 0.978208131172531, 0.9781803801022508, 0.0, 0.0, 0.0], [0.0, 0.0, 0.0, 0.0, 0.0, 0.0, 0.0, 0.0, 0.0, 0.0, 0.0, 0.0, 1.020135866041462, 0.0, 0.0, 0.0, 0.0, 0.0, 0.0, 0.0, 0.0, 0.0, 0.0, 0.0, 0.0, 0.0, 0.0, 0.0, 0.0, 0.9877945025415844, 0.9876853840889784, 0.9875524822134052], [0.0, 0.888341659071368, 0.0, 0.0, 0.0, 0.0, 0.0, 0.0, 0.0, 0.0, 0.0, 0.0, 0.0, 0.0, 0.0, 0.0, 0.0, 0.0, 0.0, 0.0, 0.0, 0.0, 0.0, 0.0, 0.0, 0.0, 0.0, 0.0, 0.0, 0.0, 0.0, 0.0], [0.0, 0.0, 0.963176796596706, 0.0, 0.0, 0.0, 0.0, 0.0, 0.0, 0.0, 0.0, 0.0, 0.0, 0.0, 0.0, 0.0, 0.0, 0.0, 0.0, 0.0, 0.0, 0.0, 0.0, 0.0, 0.0, 0.0, 0.0, 0.0, 0.0, 0.0, 0.0, 0.0], [0.0, 0.0, 0.0, 0.0, 0.8896186160078732, 0.0, 0.0, 0.0, 0.0, 0.0, 0.0, 0.0, 0.0, 0.0, 0.0, 0.0, 0.0, 0.0, 0.0, 0.0, 0.0, 0.0, 0.0, 0.0, 0.0, 0.0, 0.0, 0.0, 0.0, 0.0, 0.0, 0.0], [0.0, 0.0, 0.0, 0.0, 0.0, 0.9664879786812463, 0.0, 0.0, 0.0, 0.0, 0.0, 0.0, 0.0, 0.0, 0.0, 0.0, 0.0, 0.0, 0.0, 0.0, 0.0, 0.0, 0.0, 0.0, 0.0, 0.0, 0.0, 0.0, 0.0, 0.0, 0.0, 0.0], [0.0, 0.0, 0.0, 0.0, 0.0, 0.0, 0.9697722368958555, 0.0, 0.0, 0.0, 0.0, 0.0, 0.0, 0.0, 0.0, 0.0, 0.0, 0.0, 0.0, 0.0, 0.0, 0.0, 0.0, 0.0, 0.0, 0.0, 0.0, 0.0, 0.0, 0.0, 0.0, 0.0], [0.0, 0.0, 0.0, 0.0, 0.0, 0.0, 0.0, 0.0, 0.971269161432486, 0.0, 0.0, 0.0, 0.0, 0.0, 0.0, 0.0, 0.0, 0.0, 0.0, 0.0, 0.0, 0.0, 0.0, 0.0, 0.0, 0.0, 0.0, 0.0, 0.0, 0.0, 0.0, 0.0], [0.0, 0.0, 0.0, 0.0, 0.0, 0.0, 0.0, 0.0, 0.9680764343935868, 0.0, 0.0, 0.0, 0.0, 0.0, 0.0, 0.0, 0.0, 0.0, 0.0, 0.0, 0.0, 0.0, 0.0, 0.0, 0.0, 0.0, 0.0, 0.0, 0.0, 0.0, 0.0, 0.0], [0.0, 0.0, 0.0, 0.0, 0.0, 0.0, 0.0, 0.0, 0.0, 0.9768724105035895, 0.0, 0.0, 0.0, 0.0, 0.0, 0.0, 0.0, 0.0, 0.0, 0.0, 0.0, 0.0, 0.0, 0.0, 0.0, 0.0, 0.0, 0.0, 0.0, 0.0, 0.0, 0.0], [0.0, 0.0, 0.0, 0.0, 0.0, 0.0, 0.0, 0.0, 0.0, 0.9763569236270048, 0.0, 0.0, 0.0, 0.0, 0.0, 0.0, 0.0, 0.0, 0.0, 0.0, 0.0, 0.0, 0.0, 0.0, 0.0, 0.0, 0.0, 0.0, 0.0, 0.0, 0.0, 0.0], [0.0, 0.0, 0.0, 0.0, 0.0, 0.0, 0.0, 0.0, 0.0, 0.0, 0.9768944518155422, 0.0, 0.0, 0.0, 0.0, 0.0, 0.0, 0.0, 0.0, 0.0, 0.0, 0.0, 0.0, 0.0, 0.0, 0.0, 0.0, 0.0, 0.0, 0.0, 0.0, 0.0], [0.0, 0.0, 0.0, 0.0, 0.0, 0.0, 0.0, 0.0, 0.0, 0.0, 0.9767313384018261, 0.0, 0.0, 0.0, 0.0, 0.0, 0.0, 0.0, 0.0, 0.0, 0.0, 0.0, 0.0, 0.0, 0.0, 0.0, 0.0, 0.0, 0.0, 0.0, 0.0, 0.0], [0.0, 0.0, 0.0, 0.0, 0.0, 0.0, 0.0, 0.0, 0.0, 0.0, 0.0, 0.9773072646024243, 0.0, 0.0, 0.0, 0.0, 0.0, 0.0, 0.0, 0.0, 0.0, 0.0, 0.0, 0.0, 0.0, 0.0, 0.0, 0.0, 0.0, 0.0, 0.0, 0.0], [0.0, 0.0, 0.0, 0.0, 0.0, 0.0, 0.0, 0.0, 0.0, 0.0, 0.0, 0.9735322073473653, 0.0, 0.0, 0.0, 0.0, 0.0, 0.0, 0.0, 0.0, 0.0, 0.0, 0.0, 0.0, 0.0, 0.0, 0.0, 0.0, 0.0, 0.0, 0.0, 0.0], [0.0, 0.0, 0.0, 0.0, 0.0, 0.0, 0.0, 0.0, 0.0, 0.0, 0.0, 0.0, 0.978208131172531, 0.0, 0.0, 0.0, 0.0, 0.0, 0.0, 0.0, 0.0, 0.0, 0.0, 0.0, 0.0, 0.0, 0.0, 0.0, 0.0, 0.0, 0.0, 0.0], [0.0, 0.0, 0.0, 0.0, 0.0, 0.0, 0.0, 0.0, 0.0, 0.0, 0.0, 0.0, 0.9781803801022508, 0.0, 0.0, 0.0, 0.0, 0.0, 0.0, 0.0, 0.0, 0.0, 0.0, 0.0, 0.0, 0.0, 0.0, 0.0, 0.0, 0.0, 0.0, 0.0], [0.0, 0.0, 0.0, 0.0, 0.0, 0.0, 0.0, 0.0, 0.0, 0.0, 0.0, 0.0, 0.0, 0.9877945025415844, 0.0, 0.0, 0.0, 0.0, 0.0, 0.0, 0.0, 0.0, 0.0, 0.0, 0.0, 0.0, 0.0, 0.0, 0.0, 0.0, 0.0, 0.0], [0.0, 0.0, 0.0, 0.0, 0.0, 0.0, 0.0, 0.0, 0.0, 0.0, 0.0, 0.0, 0.0, 0.9876853840889784, 0.0, 0.0, 0.0, 0.0, 0.0, 0.0, 0.0, 0.0, 0.0, 0.0, 0.0, 0.0, 0.0, 0.0, 0.0, 0.0, 0.0, 0.0], [0.0, 0.0, 0.0, 0.0, 0.0, 0.0, 0.0, 0.0, 0.0, 0.0, 0.0, 0.0, 0.0, 0.9875524822134052, 0.0, 0.0, 0.0, 0.0, 0.0, 0.0, 0.0, 0.0, 0.0, 0.0, 0.0, 0.0, 0.0, 0.0, 0.0, 0.0, 0.0, 0.0]], "Born radii": [], "Atomic SASAs": [], "Solvent H bonds": [], "Total SASA": NaN, "Total FOD": 0.0, "FOD": [0.0, 0.0, 0.0, 0.0, 0.0, 0.0, 0.0, 0.0, 0.0, 0.0, 0.0, 0.0, 0.0, 0.0, 0.0, 0.0, 0.0, 0.0, 0.0, 0.0, 0.0, 0.0, 0.0, 0.0, 0.0, 0.0, 0.0, 0.0, 0.0, 0.0, 0.0, 0.0], "FOD s proportion": [0.0, 0.0, 0.0, 0.0, 0.0, 0.0, 0.0, 0.0, 0.0, 0.0, 0.0, 0.0, 0.0, 0.0, 0.0, 0.0, 0.0, 0.0, 0.0, 0.0, 0.0, 0.0, 0.0, 0.0, 0.0, 0.0, 0.0, 0.0, 0.0, 0.0, 0.0, 0.0], "FOD p proportion": [0.0, 0.0, 0.0, 0.0, 0.0, 0.0, 0.0, 0.0, 0.0, 0.0, 0.0, 0.0, 0.0, 0.0, 0.0, 0.0, 0.0, 0.0, 0.0, 0.0, 0.0, 0.0, 0.0, 0.0, 0.0, 0.0, 0.0, 0.0, 0.0, 0.0, 0.0, 0.0], "FOD d proportion": [0.0, 0.0, 0.0, 0.0, 0.0, 0.0, 0.0, 0.0, 0.0, 0.0, 0.0, 0.0, 0.0, 0.0, 0.0, 0.0, 0.0, 0.0, 0.0, 0.0, 0.0, 0.0, 0.0, 0.0, 0.0, 0.0, 0.0, 0.0, 0.0, 0.0, 0.0, 0.0], "coordinates": [["-1.54310", "-0.40690", "-1.12450"], ["-0.44050", "-0.82320", "-1.81630"], ["-2.53550", "0.32320", "-1.77820"], ["-3.65250", "0.74390", "-1.06670"], ["-4.60210", "1.45590", "-1.73920"], ["-3.79270", "0.44650", "0.28390"], ["-2.79430", "-0.28510", "0.93130"], ["-1.65390", "-0.72180", "0.23540"], ["-0.58900", "-1.50410", "0.96930"], ["0.24950", "-0.65270", "1.93180"], ["1.14150", "0.40020", "1.26420"], ["2.28530", "-0.20650", "0.44830"], ["3.17470", "0.88340", "-0.15140"], ["4.31290", "0.28840", "-0.96490"], ["-0.51850", "-0.51920", "-2.73540"], ["-2.45590", "0.57130", "-2.83120"], ["-5.31650", "1.67930", "-1.12010"], ["-4.66210", "0.77070", "0.84670"], ["-2.90800", "-0.51660", "1.98830"], ["0.05780", "-2.04510", "0.27060"], ["-1.09330", "-2.28930", "1.54880"], ["-0.41360", "-0.14190", "2.64130"], ["0.87980", "-1.32240", "2.53010"], ["1.57040", "1.02970", "2.05430"], ["0.53990", "1.06430", "0.63350"], ["2.88810", "-0.85880", "1.09170"], ["1.88870", "-0.82950", "-0.35970"], ["2.57680", "1.53860", "-0.79560"], ["3.59180", "1.50640", "0.64830"], ["4.94890", "-0.34880", "-0.34220"], ["3.92900", "-0.31440", "-1.79420"], ["4.93600", "1.08470", "-1.38390"]], "bond_dist": [[0.0, 1.3666088284509212, 1.3947141140749955, 2.403591030104747, 3.633918123733665, 2.787935128370099, 2.40969921774482, 1.400273780372967, 2.5491475222120825, 3.551732266092139, 3.682984558751231, 4.143730995129872, 4.986926361998942, 5.899292351629981, 1.9124369950406208, 2.1686179861838277, 4.3117046930419525, 3.8730520523225604, 3.400663161796534, 2.681955268083344, 3.300345843998777, 3.9404625223443, 4.479362211297497, 4.675732161918601, 3.0973993026408464, 4.975066782466342, 3.5412936958123087, 4.568010668770378, 5.759404026459682, 6.539222652578822, 5.513704086183806, 6.653637781695063], [1.3666088284509212, 0.0, 2.3884533845147575, 3.6516635346099453, 4.745435257170832, 4.154542450138162, 3.6577632249778005, 2.3858110591578705, 2.8714533637167086, 3.814894999865658, 3.672725392675036, 3.597042909112984, 4.330594255988432, 4.955335314587702, 0.9712079128590333, 2.6526381999812942, 5.524724127954263, 5.239655787358555, 4.54505676202179, 2.469107958352571, 3.728202658118252, 4.5094446509520445, 4.569856200144596, 4.739040153870824, 3.244281191573875, 4.42010286305647, 2.747161424088508, 3.9653533285194147, 5.26884547220736, 5.607464536668957, 4.399079005882935, 5.721346381753162], [1.3947141140749955, 2.3884533845147575, 0.0, 1.3895717829604919, 2.356982360986183, 2.418266143334931, 2.7889776944249665, 2.4338916409733606, 3.8310108052575367, 4.740538556957426, 4.773097082607895, 5.336477956480286, 5.963781209937199, 6.896611522334718, 2.386243617068467, 1.0847574705896246, 3.163236288992651, 3.4077534858026337, 3.8769243660406887, 4.065910872117096, 4.4692310401231214, 4.924505850336661, 5.738791017278814, 5.660884498910042, 3.977890302660444, 6.248910862702396, 4.786899328375311, 5.345868611367099, 6.69564558351172, 7.6504851715430435, 6.495887161119718, 7.520549646801089], [2.403591030104747, 3.6516635346099453, 1.3895717829604919, 0.0, 1.3641628971644113, 1.3900443014522954, 2.405691634436966, 2.7996683482155524, 4.310896919435676, 5.115378559793986, 5.341690790377144, 6.201286479433119, 6.889694781338284, 7.979062642315825, 3.768545780536572, 2.1389489404845548, 1.9096388978024088, 2.1635872896650135, 3.387648963514372, 4.830447016581385, 4.752961932311261, 5.002437290961277, 6.143965268456521, 6.091059599938257, 4.535367014917315, 7.071547653095466, 5.803476027347748, 6.28563614839421, 7.483482727981671, 8.700745686434008, 7.68949916379474, 8.601109970811907], [3.633918123733665, 4.745435257170832, 2.356982360986183, 1.3641628971644113, 0.0, 2.401447548875469, 3.6648045091109567, 4.163328679073993, 5.674728527427545, 6.438979540268784, 6.566875589654489, 7.415187709694205, 7.957856704540488, 9.024401461592895, 4.644267801279337, 2.565376307678856, 0.9713700273325295, 2.6758134931269035, 4.544775826154685, 6.165303321816373, 6.095009801468739, 6.2677968489733304, 7.483121072787744, 7.25755089131313, 5.676549995375713, 8.335162082407276, 7.018301649972021, 7.2411204561172715, 8.53479371221121, 9.819885543630333, 8.713016372072303, 9.551930649873878], [2.787935128370099, 4.154542450138162, 2.418266143334931, 1.3900443014522954, 2.401447548875469, 0.0, 1.3968421099036212, 2.4375689897929043, 3.812913218262383, 4.501465971214267, 5.030850963803241, 6.115187679867233, 6.994642983026367, 8.202758585378458, 4.557316603002254, 3.3921169334207804, 2.411011878859165, 1.0852215626313364, 2.1483098147148145, 4.5863490599822425, 4.046150517467189, 4.161954604509761, 5.477835147209161, 5.677788302675611, 4.3903666999466004, 6.854884212734742, 5.858387399276357, 6.551986943668311, 7.469070599478894, 8.800004196589908, 8.032566172151961, 8.909492677476086], [2.40969921774482, 3.6577632249778005, 2.7889776944249665, 2.405691634436966, 3.6648045091109567, 1.3968421099036212, 0.0, 1.4055233402544405, 2.520070056565888, 3.2250346432247823, 4.008862699070647, 5.103117000422388, 6.177911664956047, 7.378127711689463, 4.321892795986499, 3.8735438257492327, 3.798499988153218, 2.1472185822593843, 1.0880114613366902, 3.4159330936070744, 2.700282372271463, 2.934678641691454, 4.138980978453513, 4.694724073894013, 3.609218037193098, 5.713539149248913, 4.888102020211934, 5.929315349178183, 6.638662098646082, 7.847484066884112, 7.2547895648323255, 8.184988770303843], [1.400273780372967, 2.3858110591578705, 2.4338916409733606, 2.7996683482155524, 4.163328679073993, 2.4375689897929043, 1.4055233402544405, 0.0, 1.5114941316459023, 2.550584115452772, 3.1830134464057798, 3.978461654961625, 5.103102903136483, 6.169596937401988, 3.1868217019469407, 3.4233532055573814, 4.584462915107941, 3.4132845149503726, 2.1650709595761524, 2.163857393637575, 2.1204594242757864, 2.7682093327636914, 3.4707353889341666, 4.095394968742331, 2.8568155803271584, 4.624043975785697, 3.593850033042559, 4.906240072601421, 5.714256744319422, 6.638502737816713, 5.954328117428531, 7.022275752916571], [2.5491475222120825, 2.8714533637167086, 3.8310108052575367, 4.310896919435676, 5.674728527427545, 3.812913218262383, 2.520070056565888, 1.5114941316459023, 0.0, 1.5343957963967447, 2.5899719593076678, 3.196374078545876, 4.595820104181625, 5.56622039628328, 3.8340318660647563, 4.715548856707987, 6.070328176466243, 4.666892907492093, 2.7186905395796703, 1.0950858094231704, 1.0984888620281954, 2.163778639325197, 2.150926537564684, 3.5014819434062487, 2.825571696135138, 3.5385898688601936, 2.891422392180015, 4.732355115584628, 5.161902739300693, 5.807158233594122, 5.428134333267739, 6.5395000328771316], [3.551732266092139, 3.814894999865658, 4.740538556957426, 5.115378559793986, 6.438979540268784, 4.501465971214267, 3.2250346432247823, 2.550584115452772, 1.5343957963967447, 0.0, 1.5329553711703416, 2.5581923950320857, 3.905908407784289, 5.078164989442545, 4.731849753531909, 5.612800919327177, 6.762593704341552, 5.2275543163127445, 3.160936840558507, 2.1760312704554594, 2.1513392108172993, 1.097273211192181, 1.0971504318004892, 2.1424875308855356, 2.1720966944406506, 2.776770638709651, 2.82297841472442, 4.202003300807842, 4.180915491851038, 5.229511599566445, 5.247498750833581, 5.997975283376883], [3.682984558751231, 3.672725392675036, 4.773097082607895, 5.341690790377144, 6.566875589654489, 5.030850963803241, 4.008862699070647, 3.1830134464057798, 2.5899719593076678, 1.5329553711703416, 0.0, 1.530377776890399, 2.5241449720647977, 3.87803610220431, 4.426928565043714, 5.453701782275962, 7.001910260778838, 5.83038158785512, 4.2146522157824595, 2.853268080640163, 3.5083811722787472, 2.14676799631446, 2.1536806773521464, 1.0974896218188126, 1.0957800235448718, 2.1599650020312833, 2.1696822670612397, 2.7565951262381643, 2.7580756588607214, 4.199740077671475, 4.199359471395607, 4.677521150139249], [4.143730995129872, 3.597042909112984, 5.336477956480286, 6.201286479433119, 7.415187709694205, 6.115187679867233, 5.103117000422388, 3.978461654961625, 3.196374078545876, 2.5581923950320857, 1.530377776890399, 0.0, 1.5292332915549545, 2.520559860427838, 4.253824328765822, 5.817135938758867, 7.987708272089059, 7.027091088067665, 5.425691375299557, 2.8937490388767304, 4.118749088012038, 3.4781436672455035, 2.748554947604286, 2.149071532080773, 2.1669455092364456, 1.0967345576756484, 1.094661847330033, 2.1627837316754537, 2.1635546353166126, 2.7820683852127, 2.782480610893812, 3.4713635318128233], [4.986926361998942, 4.330594255988432, 5.963781209937199, 6.889694781338284, 7.957856704540488, 6.994642983026367, 6.177911664956047, 5.103102903136483, 4.595820104181625, 3.905908407784289, 2.5241449720647977, 1.5292332915549545, 0.0, 1.520298158257123, 4.720600491462924, 6.243587975675525, 8.583257769635024, 7.900907488383851, 6.598299430913999, 4.297587911840781, 5.583236456572478, 4.661149028941256, 4.162038190598448, 2.7313539993929754, 2.7551703867456188, 2.159328138565327, 2.152024930152994, 1.0962504686430015, 1.096184975266492, 2.168526485888517, 2.1685214248422815, 2.1591099161460026], [5.899292351629981, 4.955335314587702, 6.896611522334718, 7.979062642315825, 9.024401461592895, 8.202758585378458, 7.378127711689463, 6.169596937401988, 5.56622039628328, 5.078164989442545, 3.87803610220431, 2.520559860427838, 1.520298158257123, 0.0, 5.20858080190756, 7.027073469090814, 9.730572141965755, 9.168703989659607, 7.842882891513809, 5.007749844990262, 6.495400173969268, 5.960674356144613, 5.157119084333811, 4.145648390782798, 4.17042352405604, 2.7524037567188433, 2.737282062557675, 2.1460908042298676, 2.1461415260881562, 1.0946575400553362, 1.0947536435198562, 1.0944899725442896], [1.9124369950406208, 0.9712079128590333, 2.386243617068467, 3.768545780536572, 4.644267801279337, 4.557316603002254, 4.321892795986499, 3.1868217019469407, 3.8340318660647563, 4.731849753531909, 4.426928565043714, 4.253824328765822, 4.720600491462924, 5.20858080190756, 0.0, 2.2252834987929067, 5.519365936409725, 5.6271398934094385, 5.293681016079454, 3.420018786498109, 4.670976203107869, 5.390942606817475, 5.506892352316322, 5.450121146359959, 3.8700348861476686, 5.134875473660486, 3.39629922415561, 4.192642003558138, 5.696230959151849, 5.970670411268737, 4.5506105887012565, 5.8438529849748955], [2.1686179861838277, 2.6526381999812942, 1.0847574705896246, 2.1389489404845548, 2.565376307678856, 3.3921169334207804, 3.8735438257492327, 3.4233532055573814, 4.715548856707987, 5.612800919327177, 5.453701782275962, 5.817135938758867, 6.243587975675525, 7.027073469090814, 2.2252834987929067, 0.0, 3.5126285841232914, 4.29348660298364, 4.961401119643522, 4.77340548141471, 5.405932955559105, 5.884547542504861, 6.592156845069753, 6.347387848556286, 4.606735582817837, 6.781789322885222, 5.190963499197427, 5.514291064135081, 7.039602797743634, 7.865924487941643, 6.528918861496136, 7.549731283959714], [4.3117046930419525, 5.524724127954263, 3.163236288992651, 1.9096388978024088, 0.9713700273325295, 2.411011878859165, 3.798499988153218, 4.584462915107941, 6.070328176466243, 6.762593704341552, 7.001910260778838, 7.987708272089059, 8.583257769635024, 9.730572141965755, 5.519365936409725, 3.5126285841232914, 0.0, 2.2632047101400263, 4.503887167769637, 6.684930989920539, 6.380300260175848, 6.44230764633295, 7.792836237211712, 7.61105689966906, 6.144164623445566, 8.868453755305937, 7.667280654834542, 7.901220262086103, 9.083773547375563, 10.492700090062614, 9.482010374915227, 10.27311519695949], [3.8730520523225604, 5.239655787358555, 3.4077534858026337, 2.1635872896650135, 2.6758134931269035, 1.0852215626313364, 2.1472185822593843, 3.4132845149503726, 4.666892907492093, 5.2275543163127445, 5.83038158785512, 7.027091088067665, 7.900907488383851, 9.168703989659607, 5.6271398934094385, 4.29348660298364, 2.2632047101400263, 0.0, 2.4570833644791135, 5.526126750265506, 4.753196592820457, 4.701401936656767, 6.158535441158068, 6.353694595272896, 5.214638932850481, 7.727924384335033, 6.8504760155773115, 7.462472305476248, 8.288997663167724, 9.748747840620354, 9.053109633159204, 9.858889185400148], [3.400663161796534, 4.54505676202179, 3.8769243660406887, 3.387648963514372, 4.544775826154685, 2.1483098147148145, 1.0880114613366902, 2.1650709595761524, 2.7186905395796703, 3.160936840558507, 4.2146522157824595, 5.425691375299557, 6.598299430913999, 7.842882891513809, 5.293681016079454, 4.961401119643522, 4.503887167769637, 2.4570833644791135, 0.0, 3.7527023836163718, 2.5746381551588953, 2.6055403374348285, 3.9102800053193123, 4.7382978220031715, 4.027746548629891, 5.875012137008739, 5.349704786247555, 6.485135101908055, 6.9379773017789566, 8.1969667987616, 7.816185776323385, 8.687015052939644], [2.681955268083344, 2.469107958352571, 4.065910872117096, 4.830447016581385, 6.165303321816373, 4.5863490599822425, 3.4159330936070744, 2.163857393637575, 1.0950858094231704, 2.1760312704554594, 2.853268080640163, 2.8937490388767304, 4.297587911840781, 5.007749844990262, 3.420018786498109, 4.77340548141471, 6.684930989920539, 5.526126750265506, 3.7527023836163718, 0.0, 1.7373716038890472, 3.0764600907536575, 2.510641260714083, 3.863151497158764, 3.167409853492282, 3.1768083023689044, 2.2862975003266746, 4.508331080344478, 5.0244368380943945, 5.213042944384786, 4.716451099078628, 6.027425116083982], [3.300345843998777, 3.728202658118252, 4.4692310401231214, 4.752961932311261, 6.095009801468739, 4.046150517467189, 2.700282372271463, 2.1204594242757864, 1.0984888620281954, 2.1513392108172993, 3.5083811722787472, 4.118749088012038, 5.583236456572478, 6.495400173969268, 4.670976203107869, 5.405932955559105, 6.380300260175848, 4.753196592820457, 2.5746381551588953, 1.7373716038890472, 0.0, 2.503372744918343, 2.4064432073082465, 4.285625851611408, 3.8408006053425896, 4.255210525931708, 3.8295838272585185, 5.798160378947791, 6.096589271879811, 6.621903207537845, 6.348178975107743, 7.505802007780381], [3.9404625223443, 4.5094446509520445, 4.924505850336661, 5.002437290961277, 6.2677968489733304, 4.161954604509761, 2.934678641691454, 2.7682093327636914, 2.163778639325197, 1.097273211192181, 2.14676799631446, 3.4781436672455035, 4.661149028941256, 5.960674356144613, 5.390942606817475, 5.884547542504861, 6.44230764633295, 4.701401936656767, 2.6055403374348285, 3.0764600907536575, 2.503372744918343, 0.0, 1.7546592974136035, 2.3777030007971978, 2.528901249554834, 3.7170456897918274, 3.84439592784094, 4.855806217303158, 4.76782665897157, 6.14007215837078, 6.209798004766339, 6.806247333149155], [4.479362211297497, 4.569856200144596, 5.738791017278814, 6.143965268456521, 7.483121072787744, 5.477835147209161, 4.138980978453513, 3.4707353889341666, 2.150926537564684, 1.0971504318004892, 2.1536806773521464, 2.748554947604286, 4.162038190598448, 5.157119084333811, 5.506892352316322, 6.592156845069753, 7.792836237211712, 6.158535441158068, 3.9102800053193123, 2.510641260714083, 2.4064432073082465, 1.7546592974136035, 0.0, 2.4971360415483974, 3.067402885178274, 2.513401760562764, 3.1002860609950176, 4.703765564949001, 4.34720883786367, 5.074995473889608, 5.386395374459621, 6.1291341027913555], [4.675732161918601, 4.739040153870824, 5.660884498910042, 6.091059599938257, 7.25755089131313, 5.677788302675611, 4.694724073894013, 4.095394968742331, 3.5014819434062487, 2.1424875308855356, 1.0974896218188126, 2.149071532080773, 2.7313539993929754, 4.145648390782798, 5.450121146359959, 6.347387848556286, 7.61105689966906, 6.353694595272896, 4.7382978220031715, 3.863151497158764, 4.285625851611408, 2.3777030007971978, 2.4971360415483974, 0.0, 1.755505639409911, 2.495869447707552, 3.0635494985392353, 3.0649225406199094, 2.5080145234826694, 4.365516779259931, 4.709623235461622, 4.811601355058418], [3.0973993026408464, 3.244281191573875, 3.977890302660444, 4.535367014917315, 5.676549995375713, 4.3903666999466004, 3.609218037193098, 2.8568155803271584, 2.825571696135138, 2.1720966944406506, 1.0957800235448718, 2.1669455092364456, 2.7551703867456188, 4.17042352405604, 3.8700348861476686, 4.606735582817837, 6.144164623445566, 5.214638932850481, 4.027746548629891, 3.167409853492282, 3.8408006053425896, 2.528901249554834, 3.067402885178274, 1.755505639409911, 0.0, 3.0695771842388977, 2.5282773028289443, 2.533031565140869, 3.0837906965291917, 4.731608933544698, 4.390961146491733, 4.836942642827181], [4.975066782466342, 4.42010286305647, 6.248910862702396, 7.071547653095466, 8.335162082407276, 6.854884212734742, 5.713539149248913, 4.624043975785697, 3.5385898688601936, 2.776770638709651, 2.1599650020312833, 1.0967345576756484, 2.159328138565327, 2.7524037567188433, 5.134875473660486, 6.781789322885222, 8.868453755305937, 7.727924384335033, 5.875012137008739, 3.1768083023689044, 4.255210525931708, 3.7170456897918274, 2.513401760562764, 2.495869447707552, 3.0695771842388977, 0.0, 1.76244739212267, 3.066975014570546, 2.5071833379312327, 2.561848131720536, 3.115808559587703, 3.7549543299486348], [3.5412936958123087, 2.747161424088508, 4.786899328375311, 5.803476027347748, 7.018301649972021, 5.858387399276357, 4.888102020211934, 3.593850033042559, 2.891422392180015, 2.82297841472442, 2.1696822670612397, 1.094661847330033, 2.152024930152994, 2.737282062557675, 3.39629922415561, 5.190963499197427, 7.667280654834542, 6.8504760155773115, 5.349704786247555, 2.2862975003266746, 3.8295838272585185, 3.84439592784094, 3.1002860609950176, 3.0635494985392353, 2.5282773028289443, 1.76244739212267, 0.0, 2.5042739526657223, 3.0615424903143187, 3.0977738426166623, 2.546751332580391, 3.7415484187699612], [4.568010668770378, 3.9653533285194147, 5.345868611367099, 6.28563614839421, 7.2411204561172715, 6.551986943668311, 5.929315349178183, 4.906240072601421, 4.732355115584628, 4.202003300807842, 2.7565951262381643, 2.1627837316754537, 1.0962504686430015, 2.1460908042298676, 4.192642003558138, 5.514291064135081, 7.901220262086103, 7.462472305476248, 6.485135101908055, 4.508331080344478, 5.798160378947791, 4.855806217303158, 4.703765564949001, 3.0649225406199094, 2.533031565140869, 3.066975014570546, 2.5042739526657223, 0.0, 1.7652504213283735, 3.065078910892834, 2.5018504751483452, 2.4734483499762026], [5.759404026459682, 5.26884547220736, 6.69564558351172, 7.483482727981671, 8.53479371221121, 7.469070599478894, 6.638662098646082, 5.714256744319422, 5.161902739300693, 4.180915491851038, 2.7580756588607214, 2.1635546353166126, 1.096184975266492, 2.1461415260881562, 5.696230959151849, 7.039602797743634, 9.083773547375563, 8.288997663167724, 6.9379773017789566, 5.0244368380943945, 6.096589271879811, 4.76782665897157, 4.34720883786367, 2.5080145234826694, 3.0837906965291917, 2.5071833379312327, 3.0615424903143187, 1.7652504213283735, 0.0, 2.5029138419050705, 3.0650975074212563, 2.4727598690532], [6.539222652578822, 5.607464536668957, 7.6504851715430435, 8.700745686434008, 9.819885543630333, 8.800004196589908, 7.847484066884112, 6.638502737816713, 5.807158233594122, 5.229511599566445, 4.199740077671475, 2.7820683852127, 2.168526485888517, 1.0946575400553362, 5.970670411268737, 7.865924487941643, 10.492700090062614, 9.748747840620354, 8.1969667987616, 5.213042944384786, 6.621903207537845, 6.14007215837078, 5.074995473889608, 4.365516779259931, 4.731608933544698, 2.561848131720536, 3.0977738426166623, 3.065078910892834, 2.5029138419050705, 0.0, 1.774734732290998, 1.7720687204507617], [5.513704086183806, 4.399079005882935, 6.495887161119718, 7.68949916379474, 8.713016372072303, 8.032566172151961, 7.2547895648323255, 5.954328117428531, 5.428134333267739, 5.247498750833581, 4.199359471395607, 2.782480610893812, 2.1685214248422815, 1.0947536435198562, 4.5506105887012565, 6.528918861496136, 9.482010374915227, 9.053109633159204, 7.816185776323385, 4.716451099078628, 6.348178975107743, 6.209798004766339, 5.386395374459621, 4.709623235461622, 4.390961146491733, 3.115808559587703, 2.546751332580391, 2.5018504751483452, 3.0650975074212563, 1.774734732290998, 0.0, 1.7719694974801345], [6.653637781695063, 5.721346381753162, 7.520549646801089, 8.601109970811907, 9.551930649873878, 8.909492677476086, 8.184988770303843, 7.022275752916571, 6.5395000328771316, 5.997975283376883, 4.677521150139249, 3.4713635318128233, 2.1591099161460026, 1.0944899725442896, 5.8438529849748955, 7.549731283959714, 10.27311519695949, 9.858889185400148, 8.687015052939644, 6.027425116083982, 7.505802007780381, 6.806247333149155, 6.1291341027913555, 4.811601355058418, 4.836942642827181, 3.7549543299486348, 3.7415484187699612, 2.4734483499762026, 2.4727598690532, 1.7720687204507617, 1.7719694974801345, 0.0]]}