{"total energy": -24.0549825, "HOMO-LUMO gap/eV": 11.51143266, "electronic energy": -24.35235318, "dipole": [-0.1927488, 0.72266601, 0.06457045], "partial charges": [-0.10156173, -0.06553327, 0.14366481, -0.10920076, -0.45718018, -0.06812159, -0.09782543, 0.03515407, 0.03616102, 0.03336876, 0.02739691, 0.03887666, 0.04842468, 0.03639987, 0.04732453, 0.28141827, 0.03249892, 0.0428088, 0.03208419, 0.03102787, 0.0328136], "atomic dipole moments": [[0.0527593, -0.06627528, 0.06275369], [0.03686745, 0.0259479, -0.10100124], [0.05554857, -0.0767527, 0.10287826], [0.02130845, 0.08167397, 0.07958394], [-0.07636058, 0.21116121, -0.04677171], [-0.04756731, -0.00166358, 0.10213951], [-0.02640866, -0.0684916, -0.07003566], [0.06749333, 0.10155867, -0.03284506], [-0.042905, -0.05717441, -0.10510709], [-0.10085011, 0.04352504, 0.05816705], [0.01664305, 0.05609, 0.10695062], [-0.07944353, -0.08634856, 0.04186068], [0.10122657, -0.06983698, -0.03869255], [-0.04515417, 0.05953153, -0.10383355], [-0.08235761, -0.09269837, 0.03217123], [0.00461724, 0.04568175, 0.06093838], [-0.03574512, 0.06614665, -0.10005671], [0.10692584, -0.0550859, -0.03709637], [-0.09313289, 0.07517512, 0.03779923], [0.05148699, -0.05551457, 0.0999503], [0.0888823, 0.0756816, -0.04630848]], "atomic quadrupole moments": [[-0.02951144, -0.10904205, 0.01055234, 0.09100597, -0.13090247, 0.01895909], [0.06066779, -0.19922242, -0.02552679, 0.01944859, -0.07207808, -0.035141], [-0.07943027, -0.08942292, -0.01231249, 0.10648381, -0.15374324, 0.09174276], [-0.08932685, 0.04967638, 0.00310303, 0.05936794, 0.15434282, 0.08622382], [-0.06800508, -0.0690015, 0.02772619, 0.07512094, -0.0797494, 0.0402789], [-0.07354569, 0.18852061, 0.0657083, 0.00461662, 0.08666375, 0.00783739], [-0.08670769, 0.06302498, 0.02322597, 0.05495332, 0.15322222, 0.06348172], [0.01804808, 0.05765243, 0.01842412, -0.00888159, -0.02750996, -0.03647221], [-0.04408833, 0.00957579, 0.00671328, 0.02724109, 0.04964073, 0.03737505], [0.03302178, -0.03837252, -0.03384811, -0.0512319, 0.00946459, 0.00082633], [-0.01535536, 0.01149147, 0.00392409, 0.03546311, 0.04433076, 0.01143127], [0.00838459, 0.03588688, 0.03386306, -0.00074433, -0.01055025, -0.04224764], [0.05875003, -0.0411917, -0.02293754, -0.02282154, 0.02048665, -0.03581249], [-0.03421688, -0.02766298, 0.01023553, 0.03791175, -0.05216098, 0.02398135], [0.01681672, 0.05722854, 0.00269845, -0.03704432, -0.01963942, -0.01951516], [-0.08179128, 1.203e-05, -0.00657725, 0.03599247, 0.08508084, 0.08836853], [-0.01815018, -0.01298255, 0.00700591, 0.04378378, -0.03105313, 0.01114427], [0.02683151, -0.03038762, 0.00947886, -0.00959108, 0.02695723, -0.03631037], [0.04833475, -0.04884155, -0.01646256, -0.01860931, 0.02500495, -0.03187219], [-0.03846703, -0.02557042, 0.0075844, 0.03494805, -0.04489389, 0.03088263], [0.01292177, 0.05483546, -0.00378071, -0.03901857, -0.01896032, -0.00914106]], "number of molecular orbitals": 42, "number of electrons": 44, "number of unpaired electrons": 0, "orbital energies/eV": [-18.35774822, -17.13689224, -16.65273853, -16.55196711, -15.78712204, -15.59491333, -15.28796427, -14.6044778, -14.19208053, -13.8386075, -13.71744937, -13.17853094, -13.11246553, -12.77780331, -12.54888322, -12.48474151, -12.2193293, -12.02439812, -11.93639305, -11.83012773, -11.45726449, -10.81096916, 0.70046351, 1.84769178, 1.9235509, 2.36006435, 3.15636577, 3.39491301, 3.6723726, 3.91369272, 4.35257636, 5.15209293, 5.2405846, 5.46870301, 5.77406108, 6.29509699, 6.44380884, 6.8757492, 7.37463284, 7.51923236, 7.63563072, 7.77514324], "fractional occupation": [2.0, 2.0, 2.0, 2.0, 2.0, 2.0, 2.0, 2.0, 2.0, 2.0, 2.0, 2.0, 2.0, 2.0, 2.0, 2.0, 2.0, 2.0, 2.0, 2.0, 2.0, 2.0, 0.0, 0.0, 0.0, 0.0, 0.0, 0.0, 0.0, 0.0, 0.0, 0.0, 0.0, 0.0, 0.0, 0.0, 0.0, 0.0, 0.0, 0.0, 0.0, 0.0], "program call": "xtb /home/svss/Project-DBcg-Debug/aqme2_20220329/End-to-End-workflows-final/example-3/QDESCP/mol_447_rdkit_conf_5/mol_447_rdkit_conf_5.xyz --pop --wbo --acc 0.2 --gfn 2 --chrg 0 --uhf 0 --etemp 300 --input /home/svss/Project-DBcg-Debug/aqme2_20220329/End-to-End-workflows-final/example-3/QDESCP/mol_447_rdkit_conf_5/mol_447_rdkit_conf_5_xtb.inp", "method": "GFN2-xTB", "xtb version": "6.3.3 (7355c4f)", "Dipole module/D": 1.908, "Total charge": 0, "Transition dipole module/D": NaN, "HOMO": -10.811, "LUMO": 0.7005, "HOMO occupancy": 2.0, "LUMO occupancy": 0, "mulliken charges": [-0.08543, -0.06965, 0.24261, -0.09559, -0.57181, -0.06764, -0.08318, 0.0271, 0.02868, 0.03171, 0.02383, 0.03587, 0.04302, 0.02371, 0.04009, 0.33271, 0.02373, 0.03776, 0.02402, 0.02699, 0.03147], "cm5 charges": [-0.2359, -0.17578, 0.23289, -0.23852, -0.77863, -0.17356, -0.23365, 0.0793, 0.08066, 0.08251, 0.0816, 0.0932, 0.09718, 0.07644, 0.09405, 0.50394, 0.07981, 0.09537, 0.07639, 0.08038, 0.08231], "FUKUI+": [0.005, 0.003, -0.064, 0.036, -0.161, 0.011, 0.019, -0.04, -0.042, -0.061, -0.045, -0.06, -0.06, -0.089, -0.065, -0.103, -0.084, -0.057, -0.037, -0.031, -0.075], "FUKUI-": [0.021, -0.004, -0.03, 0.028, -0.126, -0.01, 0.024, -0.058, -0.048, -0.094, -0.05, -0.077, -0.069, -0.05, -0.074, -0.055, -0.066, -0.071, -0.051, -0.045, -0.095], "FUKUIrad": [0.013, -0.0, -0.047, 0.032, -0.144, 0.001, 0.022, -0.049, -0.045, -0.078, -0.047, -0.068, -0.064, -0.07, -0.07, -0.079, -0.075, -0.064, -0.044, -0.038, -0.085], "s proportion": [1.007, 1.041, 1.051, 1.016, 1.702, 1.04, 1.007, 0.973, 0.971, 0.968, 0.976, 0.964, 0.957, 0.976, 0.96, 0.667, 0.976, 0.962, 0.976, 0.973, 0.969], "p proportion": [3.078, 3.029, 2.706, 3.079, 4.87, 3.028, 3.076, 0.0, 0.0, 0.0, 0.0, 0.0, 0.0, 0.0, 0.0, 0.0, 0.0, 0.0, 0.0, 0.0, 0.0], "d proportion": [0.0, 0.0, 0.0, 0.0, 0.0, 0.0, 0.0, 0.0, 0.0, 0.0, 0.0, 0.0, 0.0, 0.0, 0.0, 0.0, 0.0, 0.0, 0.0, 0.0, 0.0], "Fermi-level/eV": -5.0553, "Coordination numbers": [3.748, 3.799, 3.77, 3.752, 1.653, 3.8, 3.748, 0.924, 0.924, 0.924, 0.924, 0.923, 0.924, 0.924, 0.924, 0.804, 0.924, 0.923, 0.924, 0.924, 0.924], "Dispersion coefficient C6": [22.506, 21.758, 18.297, 22.648, 21.992, 21.806, 22.435, 2.514, 2.501, 2.539, 2.624, 2.464, 2.34, 2.497, 2.354, 0.78, 2.551, 2.412, 2.557, 2.572, 2.547], "Total dispersion C6": 2900.50035, "Total dispersion C8": 59976.601208, "Polarizability alpha": [6.766, 6.642, 6.096, 6.786, 6.331, 6.649, 6.756, 2.48, 2.473, 2.492, 2.533, 2.455, 2.392, 2.471, 2.399, 1.387, 2.498, 2.429, 2.501, 2.508, 2.496], "Total polarizability alpha": 79.538776, "Wiberg matrix": [[0.0, 1.0201675389428813, 0.0, 0.0, 0.0, 0.0, 0.0, 0.9855880493006115, 0.9855972220009717, 0.9866768264672259, 0.0, 0.0, 0.0, 0.0, 0.0, 0.0, 0.0, 0.0, 0.0, 0.0, 0.0], [1.0201675389428813, 0.0, 0.9786530758971058, 0.0, 0.0, 0.0, 0.0, 0.0, 0.0, 0.0, 0.9724228097813293, 0.9752281511961803, 0.0, 0.0, 0.0, 0.0, 0.0, 0.0, 0.0, 0.0, 0.0], [0.0, 0.9786530758971058, 0.0, 0.9957020935879003, 0.9686710723875662, 0.9766040758618629, 0.0, 0.0, 0.0, 0.0, 0.0, 0.0, 0.0, 0.0, 0.0, 0.0, 0.0, 0.0, 0.0, 0.0, 0.0], [0.0, 0.0, 0.9957020935879003, 0.0, 0.0, 0.0, 0.0, 0.0, 0.0, 0.0, 0.0, 0.0, 0.9841175567048632, 0.9839094182478927, 0.9844805324826428, 0.0, 0.0, 0.0, 0.0, 0.0, 0.0], [0.0, 0.0, 0.9686710723875662, 0.0, 0.0, 0.0, 0.0, 0.0, 0.0, 0.0, 0.0, 0.0, 0.0, 0.0, 0.0, 0.8984972145946173, 0.0, 0.0, 0.0, 0.0, 0.0], [0.0, 0.0, 0.9766040758618629, 0.0, 0.0, 0.0, 1.0198699887871587, 0.0, 0.0, 0.0, 0.0, 0.0, 0.0, 0.0, 0.0, 0.0, 0.9750300713896414, 0.9753770413872098, 0.0, 0.0, 0.0], [0.0, 0.0, 0.0, 0.0, 0.0, 1.0198699887871587, 0.0, 0.0, 0.0, 0.0, 0.0, 0.0, 0.0, 0.0, 0.0, 0.0, 0.0, 0.0, 0.9858275881894762, 0.9842675129631993, 0.9864076529348457], [0.9855880493006115, 0.0, 0.0, 0.0, 0.0, 0.0, 0.0, 0.0, 0.0, 0.0, 0.0, 0.0, 0.0, 0.0, 0.0, 0.0, 0.0, 0.0, 0.0, 0.0, 0.0], [0.9855972220009717, 0.0, 0.0, 0.0, 0.0, 0.0, 0.0, 0.0, 0.0, 0.0, 0.0, 0.0, 0.0, 0.0, 0.0, 0.0, 0.0, 0.0, 0.0, 0.0, 0.0], [0.9866768264672259, 0.0, 0.0, 0.0, 0.0, 0.0, 0.0, 0.0, 0.0, 0.0, 0.0, 0.0, 0.0, 0.0, 0.0, 0.0, 0.0, 0.0, 0.0, 0.0, 0.0], [0.0, 0.9724228097813293, 0.0, 0.0, 0.0, 0.0, 0.0, 0.0, 0.0, 0.0, 0.0, 0.0, 0.0, 0.0, 0.0, 0.0, 0.0, 0.0, 0.0, 0.0, 0.0], [0.0, 0.9752281511961803, 0.0, 0.0, 0.0, 0.0, 0.0, 0.0, 0.0, 0.0, 0.0, 0.0, 0.0, 0.0, 0.0, 0.0, 0.0, 0.0, 0.0, 0.0, 0.0], [0.0, 0.0, 0.0, 0.9841175567048632, 0.0, 0.0, 0.0, 0.0, 0.0, 0.0, 0.0, 0.0, 0.0, 0.0, 0.0, 0.0, 0.0, 0.0, 0.0, 0.0, 0.0], [0.0, 0.0, 0.0, 0.9839094182478927, 0.0, 0.0, 0.0, 0.0, 0.0, 0.0, 0.0, 0.0, 0.0, 0.0, 0.0, 0.0, 0.0, 0.0, 0.0, 0.0, 0.0], [0.0, 0.0, 0.0, 0.9844805324826428, 0.0, 0.0, 0.0, 0.0, 0.0, 0.0, 0.0, 0.0, 0.0, 0.0, 0.0, 0.0, 0.0, 0.0, 0.0, 0.0, 0.0], [0.0, 0.0, 0.0, 0.0, 0.8984972145946173, 0.0, 0.0, 0.0, 0.0, 0.0, 0.0, 0.0, 0.0, 0.0, 0.0, 0.0, 0.0, 0.0, 0.0, 0.0, 0.0], [0.0, 0.0, 0.0, 0.0, 0.0, 0.9750300713896414, 0.0, 0.0, 0.0, 0.0, 0.0, 0.0, 0.0, 0.0, 0.0, 0.0, 0.0, 0.0, 0.0, 0.0, 0.0], [0.0, 0.0, 0.0, 0.0, 0.0, 0.9753770413872098, 0.0, 0.0, 0.0, 0.0, 0.0, 0.0, 0.0, 0.0, 0.0, 0.0, 0.0, 0.0, 0.0, 0.0, 0.0], [0.0, 0.0, 0.0, 0.0, 0.0, 0.0, 0.9858275881894762, 0.0, 0.0, 0.0, 0.0, 0.0, 0.0, 0.0, 0.0, 0.0, 0.0, 0.0, 0.0, 0.0, 0.0], [0.0, 0.0, 0.0, 0.0, 0.0, 0.0, 0.9842675129631993, 0.0, 0.0, 0.0, 0.0, 0.0, 0.0, 0.0, 0.0, 0.0, 0.0, 0.0, 0.0, 0.0, 0.0], [0.0, 0.0, 0.0, 0.0, 0.0, 0.0, 0.9864076529348457, 0.0, 0.0, 0.0, 0.0, 0.0, 0.0, 0.0, 0.0, 0.0, 0.0, 0.0, 0.0, 0.0, 0.0]], "Born radii": [], "Atomic SASAs": [], "Solvent H bonds": [], "Total SASA": NaN, "Total FOD": 0.0, "FOD": [0.0, 0.0, 0.0, 0.0, 0.0, 0.0, 0.0, 0.0, 0.0, 0.0, 0.0, 0.0, 0.0, 0.0, 0.0, 0.0, 0.0, 0.0, 0.0, 0.0, 0.0], "FOD s proportion": [0.0, 0.0, 0.0, 0.0, 0.0, 0.0, 0.0, 0.0, 0.0, 0.0, 0.0, 0.0, 0.0, 0.0, 0.0, 0.0, 0.0, 0.0, 0.0, 0.0, 0.0], "FOD p proportion": [0.0, 0.0, 0.0, 0.0, 0.0, 0.0, 0.0, 0.0, 0.0, 0.0, 0.0, 0.0, 0.0, 0.0, 0.0, 0.0, 0.0, 0.0, 0.0, 0.0, 0.0], "FOD d proportion": [0.0, 0.0, 0.0, 0.0, 0.0, 0.0, 0.0, 0.0, 0.0, 0.0, 0.0, 0.0, 0.0, 0.0, 0.0, 0.0, 0.0, 0.0, 0.0, 0.0, 0.0], "coordinates": [["-1.88430", "0.85490", "-0.27860"], ["-1.12580", "-0.08920", "0.64270"], ["0.15570", "-0.70980", "0.04680"], ["-0.17760", "-1.63870", "-1.12770"], ["0.73900", "-1.54920", "1.05370"], ["1.21340", "0.31970", "-0.40580"], ["1.65660", "1.30530", "0.66960"], ["-1.27360", "1.71520", "-0.56620"], ["-2.22120", "0.34750", "-1.18680"], ["-2.77330", "1.23810", "0.23340"], ["-0.88460", "0.43960", "1.57340"], ["-1.80180", "-0.89710", "0.95370"], ["0.71350", "-2.18880", "-1.45280"], ["-0.57140", "-1.09090", "-1.98910"], ["-0.91250", "-2.39550", "-0.83040"], ["0.85340", "-1.02210", "1.86210"], ["0.84600", "0.88490", "-1.27050"], ["2.11080", "-0.21790", "-0.73960"], ["0.82910", "1.93820", "1.00220"], ["2.07430", "0.79100", "1.53990"], ["2.43430", "1.96480", "0.27010"]], "bond_dist": [[0.0, 1.5216572380138702, 2.591480513143018, 3.13876355592453, 3.799529311638482, 3.1461665833200883, 3.693225718799218, 1.093519245372481, 1.093518911587724, 1.0951288691291083, 2.1451755592491724, 2.143565613644705, 4.1703021677091945, 2.904419787151988, 3.4371468749531204, 3.949775535394385, 2.9050479686228936, 4.1622403642749894, 3.190066941303897, 4.356780855172773, 4.492577841284445], [1.5216572380138702, 0.0, 1.543529533245153, 2.536601988881977, 2.403747083201558, 2.5958443905596496, 3.1124112228302994, 2.1769573744104407, 2.1766208443364685, 2.154880050025987, 1.0972736076293823, 1.098362148837987, 3.4903387944438866, 2.870040677412082, 2.7449116907470814, 2.5048895005568608, 2.9149957615749633, 3.521774629359465, 2.83922965256423, 3.4380750268136966, 4.126991491389339], [2.591480513143018, 1.543529533245153, 0.0, 1.5340776870810682, 1.4348096946982203, 1.543841410249123, 2.5886692836281733, 2.880849265407685, 2.8791154648606923, 3.522523948818517, 2.1757417149101133, 2.1654918956209466, 2.17884877859846, 2.1951766284287926, 2.1799347627853454, 1.9696778086783637, 2.1805644842563128, 2.1639793390880606, 2.8945052634258586, 2.8570569140288407, 3.52070532848178], [3.13876355592453, 2.536601988881977, 1.5340776870810682, 0.0, 2.367841162324872, 2.5082565997122384, 3.9066242371131628, 3.5728340935453473, 2.8504007104265185, 4.106851584851832, 3.4806782528696902, 2.742302346569393, 1.0965214224993511, 1.094154120770927, 1.0959979653265786, 3.222120512954163, 2.7270324090483413, 2.7214093426017336, 4.283005079380598, 4.253302888344539, 4.664877136645723], [3.799529311638482, 2.403747083201558, 1.4348096946982203, 2.367841162324872, 0.0, 2.418260287892931, 3.022861693825902, 4.163044814796017, 4.168944132511252, 4.558309409199862, 2.619444691151161, 2.625052199480993, 2.5869442707565233, 3.344520726501781, 2.6445242955964687, 0.9718190829573167, 3.3672239975980216, 2.621091341407239, 3.4889438258590526, 2.7378737315661583, 3.97948075130412], [3.1461665833200883, 2.5958443905596496, 1.543841410249123, 2.5082565997122384, 2.418260287892931, 0.0, 1.524571664435621, 2.856276844075168, 3.5223871167150267, 4.140750184447258, 2.8867304429059533, 3.524240844494031, 2.7638164302283177, 2.7716677813186776, 3.4744851431543067, 2.6595859922175857, 1.0964214016517555, 1.0980723837707602, 2.179378980351972, 2.1792248598985835, 2.1572648492941244], [3.693225718799218, 3.1124112228302994, 2.5886692836281733, 3.9066242371131628, 3.022861693825902, 1.524571664435621, 0.0, 3.206445335570217, 4.404649207371683, 4.451831116518235, 2.832664535380072, 4.109964614202902, 4.195563630789074, 4.21597487302759, 4.748283421406098, 2.735685882918578, 2.1442473108296065, 2.1242129177650715, 1.093591066166874, 1.0938006536842078, 1.0951519483615049], [1.093519245372481, 2.1769573744104407, 2.880849265407685, 3.5728340935453473, 4.163044814796017, 2.856276844075168, 3.206445335570217, 0.0, 1.7758641305009797, 1.7652435129465849, 2.521183158757015, 3.068094284731159, 4.469434189022141, 3.223651107052375, 4.134978759316668, 4.232443877950422, 2.3828849615539567, 3.901423654257507, 2.632670668731659, 4.061802218227767, 3.8092283024255713], [1.093518911587724, 2.1766208443364685, 2.8791154648606923, 2.8504007104265185, 4.168944132511252, 3.5223871167150267, 4.404649207371683, 1.7758641305009797, 0.0, 1.764922324069816, 3.0681730736710406, 2.5113075817191333, 3.8879348991463325, 2.3312056730370228, 3.0600270668737557, 4.541449166290426, 3.115047397713236, 4.391570220319834, 4.0775455337739634, 5.107142585634359, 5.13925064090087], [1.0951288691291083, 2.154880050025987, 3.522523948818517, 4.106851584851832, 4.558309409199862, 4.140750184447258, 4.451831116518235, 1.7652435129465849, 1.764922324069816, 0.0, 2.449569337659173, 2.453920002771077, 5.171526688512784, 3.900270613688235, 4.218684159782526, 4.573195886904474, 3.9351998602358176, 5.18855450101471, 3.7494638563399967, 5.040443077746241, 5.258187666867738], [2.1451755592491724, 1.0972736076293823, 2.1757417149101133, 3.4806782528696902, 2.619444691151161, 2.8867304429059533, 2.832664535380072, 2.521183158757015, 3.0681730736710406, 2.449569337659173, 0.0, 1.7355260931487029, 4.3151241708669295, 3.8899782441551007, 3.717098984423202, 2.2892266336035845, 3.3587253028492814, 3.841184245776294, 2.347091623690903, 2.979881443950413, 3.87813397654078], [2.143565613644705, 1.098362148837987, 2.1654918956209466, 2.742302346569393, 2.625052199480993, 3.524240844494031, 4.109964614202902, 3.068094284731159, 2.5113075817191333, 2.453920002771077, 1.7355260931487029, 0.0, 3.713012958501492, 3.195546031588342, 2.4938062996151085, 2.8090750434974145, 3.8901715232107694, 4.317061070913869, 3.8681924913323535, 4.2681920364482195, 5.157744059179362], [4.1703021677091945, 3.4903387944438866, 2.17884877859846, 1.0965214224993511, 2.5869442707565233, 2.7638164302283177, 4.195563630789074, 4.469434189022141, 3.8879348991463325, 5.171526688512784, 4.3151241708669295, 3.713012958501492, 0.0, 1.77312439213948, 1.7532776876467686, 3.517004820866756, 3.081950880530058, 2.519037185116568, 4.803386030707921, 4.437030309790548, 4.814761677383419], [2.904419787151988, 2.870040677412082, 2.1951766284287926, 1.094154120770927, 3.344520726501781, 2.7716677813186776, 4.21597487302759, 3.223651107052375, 2.3312056730370228, 3.900270613688235, 3.8899782441551007, 3.195546031588342, 1.77312439213948, 0.0, 1.7778965267978901, 4.106888106583865, 2.535585604944152, 3.085056902230492, 4.481598236120681, 4.795322418774362, 4.845154241094911], [3.4371468749531204, 2.7449116907470814, 2.1799347627853454, 1.0959979653265786, 2.6445242955964687, 3.4744851431543067, 4.748283421406098, 4.134978759316668, 3.0600270668737557, 4.218684159782526, 3.717098984423202, 2.4938062996151085, 1.7532776876467686, 1.7778965267978901, 0.0, 3.5005980374787393, 3.747937355399634, 3.727000038905285, 5.017225230144646, 4.969213074521962, 5.605745854032272], [3.949775535394385, 2.5048895005568608, 1.9696778086783637, 3.222120512954163, 0.9718190829573167, 2.6595859922175857, 2.735685882918578, 4.232443877950422, 4.541449166290426, 4.573195886904474, 2.2892266336035845, 2.8090750434974145, 3.517004820866756, 4.106888106583865, 3.5005980374787393, 0.0, 3.6674086927965908, 2.9994391625768975, 3.0827576275146904, 2.2094662839699546, 3.7356767017503003], [2.9050479686228936, 2.9149957615749633, 2.1805644842563128, 2.7270324090483413, 3.3672239975980216, 1.0964214016517555, 2.1442473108296065, 2.3828849615539567, 3.115047397713236, 3.9351998602358176, 3.3587253028492814, 3.8901715232107694, 3.081950880530058, 2.535585604944152, 3.747937355399634, 3.6674086927965908, 0.0, 1.7600402523806093, 2.5049734110365325, 3.0685316130031968, 2.4621797781640558], [4.1622403642749894, 3.521774629359465, 2.1639793390880606, 2.7214093426017336, 2.621091341407239, 1.0980723837707602, 2.1242129177650715, 3.901423654257507, 4.391570220319834, 5.18855450101471, 3.841184245776294, 4.317061070913869, 2.519037185116568, 3.085056902230492, 3.727000038905285, 2.9994391625768975, 1.7600402523806093, 0.0, 3.0537500454359394, 2.4930567001173483, 2.4265872393136827], [3.190066941303897, 2.83922965256423, 2.8945052634258586, 4.283005079380598, 3.4889438258590526, 2.179378980351972, 1.093591066166874, 2.632670668731659, 4.0775455337739634, 3.7494638563399967, 2.347091623690903, 3.8681924913323535, 4.803386030707921, 4.481598236120681, 5.017225230144646, 3.0827576275146904, 2.5049734110365325, 3.0537500454359394, 0.0, 1.7764324276481782, 1.764467344554724], [4.356780855172773, 3.4380750268136966, 2.8570569140288407, 4.253302888344539, 2.7378737315661583, 2.1792248598985835, 1.0938006536842078, 4.061802218227767, 5.107142585634359, 5.040443077746241, 2.979881443950413, 4.2681920364482195, 4.437030309790548, 4.795322418774362, 4.969213074521962, 2.2094662839699546, 3.0685316130031968, 2.4930567001173483, 1.7764324276481782, 0.0, 1.7662951282274433], [4.492577841284445, 4.126991491389339, 3.52070532848178, 4.664877136645723, 3.97948075130412, 2.1572648492941244, 1.0951519483615049, 3.8092283024255713, 5.13925064090087, 5.258187666867738, 3.87813397654078, 5.157744059179362, 4.814761677383419, 4.845154241094911, 5.605745854032272, 3.7356767017503003, 2.4621797781640558, 2.4265872393136827, 1.764467344554724, 1.7662951282274433, 0.0]]}