{"total energy": -48.88417946, "HOMO-LUMO gap/eV": 2.92555003, "electronic energy": -49.40800121, "dipole": [1.48645136, 0.48661069, -0.37662972], "partial charges": [-0.11280798, 0.08093044, -0.26303677, 0.15003091, -0.05179087, -0.03602135, 0.07090542, -0.23235126, 0.00193216, 0.04650768, 0.01839798, -0.0766429, 1.13991726, -0.43949114, -0.57570134, -0.57567011, 0.05728796, 0.04996269, 0.05727468, 0.03748829, 0.03746575, 0.06915529, 0.07015266, 0.055128, 0.21049016, 0.21048639], "atomic dipole moments": [[-0.13721412, -0.0249612, 0.02100636], [-0.05016859, 0.18385603, -0.12548402], [-0.11200037, -0.17380566, 0.12295255], [0.23015398, -0.02462484, 0.01068411], [0.02415479, -0.05593661, 0.03790276], [-0.02305187, -0.03410271, 0.02415086], [-0.1044826, -0.03692214, 0.02833233], [0.1353549, -0.17333461, 0.11585091], [-0.06134631, -0.11331391, 0.07985531], [-0.22416785, 0.24500577, -0.16283968], [-0.12269629, -0.09170179, 0.06662474], [-0.02289014, 0.02197213, -0.01452925], [0.03681756, 0.0879748, -0.06178352], [-0.04420616, -0.15570191, 0.10860373], [0.02075574, -0.03505612, -0.18425521], [0.02848324, 0.1591602, 0.09730464], [0.04003296, 0.11486727, 0.04270628], [0.0636864, -0.09324123, 0.06255307], [0.03545838, -9.452e-05, -0.12395007], [-0.02978359, -0.10922512, -0.05094601], [-0.02504646, 0.00954628, 0.12122929], [0.09163685, 0.10185568, -0.07275886], [-0.05774536, 0.12000909, -0.0811761], [0.05126738, -0.12450928, 0.08447742], [-0.05658375, 0.04509178, 0.09437445], [-0.06118013, -0.07069271, -0.07346562]], "atomic quadrupole moments": [[0.27550734, 0.03571725, -0.13532991, -0.03626022, -0.00960297, -0.14017744], [0.13889737, -0.19106129, 0.04818464, 0.11731044, -0.29528165, -0.18708201], [0.02975288, -0.0568355, 0.01679647, 0.03564276, -0.07909865, -0.04654935], [0.1047131, -0.07387603, -0.18683704, 0.057181, 0.35988206, 0.08212394], [-0.25284235, -0.02982142, 0.00065411, 0.04077455, 0.3339967, 0.25218824], [-0.29512498, 0.04967333, 0.00630818, -0.01124302, 0.36860273, 0.28881679], [-0.05781411, 0.04265579, -0.06767225, -0.01966674, 0.25122415, 0.12548636], [-0.11571117, -0.01787743, -0.01380416, 0.02267556, 0.19036057, 0.12951533], [0.16100933, 0.0120408, -0.18214082, -0.00711432, 0.26660555, 0.02113149], [0.19320687, -0.03380711, -0.01921253, 0.00943207, -0.20155803, -0.17399435], [-0.12923556, 0.18945513, 0.00023475, -0.12074884, 0.15517728, 0.12900081], [-0.16483993, -0.00773274, -0.04105439, 0.021693, 0.32612404, 0.20589432], [0.21042662, -0.09675942, -0.00174655, 0.05027525, -0.26551185, -0.20868007], [0.00270068, -0.1525652, 0.04360944, 0.10196344, -0.10668552, -0.04631012], [-0.06958838, -0.01283913, -0.08977794, -0.03527219, 0.03250661, 0.15936632], [-0.06594539, 0.03680502, 0.10467045, 0.02836992, 0.10513631, -0.03872506], [-0.0269823, 0.02408078, 0.05035977, 0.00155786, 0.04972714, -0.02337747], [-0.01117592, -0.03893064, 0.02720693, 0.02572187, -0.0539429, -0.01603101], [-0.02817549, 0.00707252, -0.04746022, -0.01893217, 0.01295623, 0.0756357], [-0.00463489, 0.00933734, 0.02368725, 0.01820009, 0.02080472, -0.01905236], [-0.00640836, -0.01417942, -0.02675015, -0.01372802, 0.00223272, 0.03315851], [0.03582505, -0.00117554, -0.00283433, -0.00183433, -0.03969613, -0.03299072], [0.03206411, -0.0014718, -0.00058903, -0.00149678, -0.04063018, -0.03147508], [0.04570923, -0.00608493, -0.00933494, 0.00127868, -0.03521636, -0.03637428], [0.00442501, -0.07560126, 0.00363225, -0.0316476, 0.05719542, -0.00805725], [0.01075429, 0.00279936, -0.04472222, 0.08400243, 0.03665499, 0.03396792]], "number of molecular orbitals": 84, "number of electrons": 86, "number of unpaired electrons": 0, "orbital energies/eV": [-21.44069961, -20.69739843, -19.85687203, -18.67432672, -18.52345873, -18.44713925, -18.15537375, -17.70900386, -17.52398214, -17.32428509, -16.9935886, -16.75573481, -16.60891437, -16.08249391, -15.93804471, -15.61858963, -15.56556663, -15.18380123, -15.1147399, -15.0669024, -14.70905431, -14.65843482, -14.48667949, -14.09999921, -13.9470399, -13.84056037, -13.70990009, -13.60247337, -13.39712759, -12.98037918, -12.91589139, -12.88756341, -12.82379498, -12.60981543, -12.39415748, -12.2928558, -12.23311855, -12.20808108, -11.97595399, -11.58059089, -11.30099441, -11.20129196, -10.86030024, -7.93475021, -6.9548608, -6.15504535, -5.95580715, -4.66679198, -3.50746839, -3.36552956, -2.80286214, -1.86549145, -1.24991242, -0.62516009, -0.05905359, 0.4670541, 0.58687137, 1.70171175, 2.16930137, 2.38645815, 2.74857063, 3.36967223, 3.5943117, 3.7983635, 4.04119713, 4.3028743, 4.55561126, 4.5924928, 4.61177902, 6.04204001, 6.26178911, 6.71348482, 7.20188407, 8.59666671, 9.29928108, 10.68676274, 11.48508481, 12.552534, 13.17510315, 15.43112566, 16.14094835, 17.37776809, 26.45111144, 30.66794399], "fractional occupation": [2.0, 2.0, 2.0, 2.0, 2.0, 2.0, 2.0, 2.0, 2.0, 2.0, 2.0, 2.0, 2.0, 2.0, 2.0, 2.0, 2.0, 2.0, 2.0, 2.0, 2.0, 2.0, 2.0, 2.0, 2.0, 2.0, 2.0, 2.0, 2.0, 2.0, 2.0, 2.0, 2.0, 2.0, 2.0, 2.0, 2.0, 2.0, 2.0, 2.0, 2.0, 2.0, 2.0, 0.0, 0.0, 0.0, 0.0, 0.0, 0.0, 0.0, 0.0, 0.0, 0.0, 0.0, 0.0, 0.0, 0.0, 0.0, 0.0, 0.0, 0.0, 0.0, 0.0, 0.0, 0.0, 0.0, 0.0, 0.0, 0.0, 0.0, 0.0, 0.0, 0.0, 0.0, 0.0, 0.0, 0.0, 0.0, 0.0, 0.0, 0.0, 0.0, 0.0, 0.0], "program call": "xtb /home/svss/Project-DBcg-Debug/aqme2_20220329/End-to-End-workflows-final/example-3/QDESCP/mol_402_rdkit_conf_3/mol_402_rdkit_conf_3.xyz --pop --wbo --acc 0.2 --gfn 2 --chrg 0 --uhf 0 --etemp 300 --input /home/svss/Project-DBcg-Debug/aqme2_20220329/End-to-End-workflows-final/example-3/QDESCP/mol_402_rdkit_conf_3/mol_402_rdkit_conf_3_xtb.inp", "method": "GFN2-xTB", "xtb version": "6.3.3 (7355c4f)", "Dipole module/D": 4.089, "Total charge": 0, "Transition dipole module/D": NaN, "HOMO": -10.8603, "LUMO": -7.9348, "HOMO occupancy": 2.0, "LUMO occupancy": 0, "mulliken charges": [-0.09098, 0.20074, -0.42071, 0.26343, -0.06425, -0.03375, 0.11882, -0.33213, 0.27015, 0.00309, 0.05255, -0.10981, 0.51914, -0.37334, -0.40436, -0.40432, 0.04471, 0.03319, 0.0447, 0.02401, 0.024, 0.05603, 0.05169, 0.04856, 0.23942, 0.23942], "cm5 charges": [-0.23778, 0.11667, -0.50505, 0.27944, -0.11328, -0.08101, 0.18423, -0.50282, 0.38009, -0.02218, 0.06909, -0.15717, 0.64059, -0.79691, -0.45084, -0.45081, 0.09794, 0.08437, 0.09793, 0.08676, 0.08673, 0.11498, 0.10956, 0.10817, 0.43065, 0.43067], "FUKUI+": [0.009, 0.011, -0.048, -0.045, -0.02, -0.046, -0.011, -0.108, -0.031, -0.237, 0.009, -0.026, -0.084, -0.0, -0.031, -0.031, -0.014, -0.021, -0.014, -0.015, -0.015, -0.06, -0.061, -0.05, -0.03, -0.03], "FUKUI-": [0.015, 0.017, -0.099, -0.026, -0.016, -0.025, -0.025, -0.054, 0.009, -0.165, 0.001, -0.037, -0.065, -0.037, -0.038, -0.038, -0.032, -0.033, -0.032, -0.054, -0.054, -0.047, -0.049, -0.044, -0.036, -0.036], "FUKUIrad": [0.012, 0.014, -0.073, -0.036, -0.018, -0.036, -0.018, -0.081, -0.011, -0.201, 0.005, -0.032, -0.075, -0.018, -0.035, -0.035, -0.023, -0.027, -0.023, -0.034, -0.034, -0.054, -0.055, -0.047, -0.033, -0.033], "s proportion": [1.01, 0.992, 1.687, 1.019, 1.059, 1.067, 1.041, 1.563, 1.052, 1.912, 1.081, 1.053, 1.709, 1.463, 1.723, 1.723, 0.955, 0.967, 0.955, 0.976, 0.976, 0.944, 0.948, 0.951, 0.761, 0.761], "p proportion": [3.081, 2.807, 4.734, 2.718, 3.005, 2.967, 2.84, 3.769, 2.678, 4.066, 2.867, 3.056, 2.81, 3.91, 4.682, 4.682, 0.0, 0.0, 0.0, 0.0, 0.0, 0.0, 0.0, 0.0, 0.0, 0.0], "d proportion": [0.0, 0.0, 0.0, 0.0, 0.0, 0.0, 0.0, 0.0, 0.0, 0.019, 0.0, 0.0, 0.962, 0.0, 0.0, 0.0, 0.0, 0.0, 0.0, 0.0, 0.0, 0.0, 0.0, 0.0, 0.0, 0.0], "Fermi-level/eV": -9.3975, "Coordination numbers": [3.748, 3.691, 1.704, 2.858, 2.912, 2.912, 3.224, 1.942, 3.013, 2.414, 2.989, 2.923, 3.79, 2.632, 0.86, 0.86, 0.924, 0.924, 0.924, 0.924, 0.924, 0.925, 0.925, 0.925, 0.863, 0.863], "Dispersion coefficient C6": [22.725, 19.407, 18.36, 24.74, 29.286, 28.896, 25.692, 26.921, 27.964, 139.168, 27.59, 29.914, 102.729, 31.497, 25.528, 25.527, 2.231, 2.32, 2.231, 2.483, 2.483, 2.095, 2.084, 2.257, 1.054, 1.054], "Total dispersion C6": 11431.380432, "Total dispersion C8": 317761.147884, "Polarizability alpha": [6.799, 6.304, 5.785, 8.153, 8.874, 8.815, 8.237, 7.694, 8.674, 19.855, 8.616, 8.969, 17.059, 8.335, 6.774, 6.774, 2.336, 2.382, 2.336, 2.464, 2.464, 2.263, 2.257, 2.349, 1.608, 1.608], "Total polarizability alpha": 167.785788, "Wiberg matrix": [[0.0, 1.0171599039034038, 0.0, 0.0, 0.0, 0.0, 0.0, 0.0, 0.0, 0.0, 0.0, 0.0, 0.0, 0.0, 0.0, 0.0, 0.9853848166437666, 0.984043580393045, 0.9853837005752131, 0.0, 0.0, 0.0, 0.0, 0.0, 0.0, 0.0], [1.0171599039034038, 0.0, 0.9589265424609001, 0.0, 0.0, 0.0, 0.0, 0.0, 0.0, 0.0, 0.0, 0.0, 0.0, 0.0, 0.0, 0.0, 0.0, 0.0, 0.0, 0.9690256928040336, 0.9690172308497296, 0.0, 0.0, 0.0, 0.0, 0.0], [0.0, 0.9589265424609001, 0.0, 1.0804210724445005, 0.0, 0.0, 0.0, 0.0, 0.0, 0.0, 0.0, 0.0, 0.0, 0.0, 0.0, 0.0, 0.0, 0.0, 0.0, 0.0, 0.0, 0.0, 0.0, 0.0, 0.0, 0.0], [0.0, 0.0, 1.0804210724445005, 0.0, 1.312297657160259, 0.0, 0.0, 0.0, 0.0, 0.0, 0.0, 1.3961080322254615, 0.0, 0.0, 0.0, 0.0, 0.0, 0.0, 0.0, 0.0, 0.0, 0.0, 0.0, 0.0, 0.0, 0.0], [0.0, 0.0, 0.0, 1.312297657160259, 0.0, 1.5150906972080045, 0.0, 0.0, 0.0, 0.0, 0.0, 0.0, 0.0, 0.0, 0.0, 0.0, 0.0, 0.0, 0.0, 0.0, 0.0, 0.9654365684060805, 0.0, 0.0, 0.0, 0.0], [0.0, 0.0, 0.0, 0.0, 1.5150906972080045, 0.0, 1.304224063162914, 0.0, 0.0, 0.0, 0.0, 0.11029874943894338, 0.0, 0.0, 0.0, 0.0, 0.0, 0.0, 0.0, 0.0, 0.0, 0.0, 0.9656377411194064, 0.0, 0.0, 0.0], [0.0, 0.0, 0.0, 0.0, 0.0, 1.304224063162914, 0.0, 1.1892464556958977, 0.0, 0.0, 1.2868142510550302, 0.0, 0.0, 0.0, 0.0, 0.0, 0.0, 0.0, 0.0, 0.0, 0.0, 0.0, 0.0, 0.0, 0.0, 0.0], [0.0, 0.0, 0.0, 0.0, 0.0, 0.0, 1.1892464556958977, 0.0, 1.617065498513216, 0.19136431399775192, 0.0, 0.0, 0.0, 0.0, 0.0, 0.0, 0.0, 0.0, 0.0, 0.0, 0.0, 0.0, 0.0, 0.0, 0.0, 0.0], [0.0, 0.0, 0.0, 0.0, 0.0, 0.0, 0.0, 1.617065498513216, 0.0, 1.1778242829264762, 0.0, 0.0, 0.7586309230595738, 0.0, 0.0, 0.0, 0.0, 0.0, 0.0, 0.0, 0.0, 0.0, 0.0, 0.0, 0.0, 0.0], [0.0, 0.0, 0.0, 0.0, 0.0, 0.0, 0.0, 0.19136431399775192, 1.1778242829264762, 0.0, 1.1278450607645836, 0.0, 0.0, 0.0, 0.0, 0.0, 0.0, 0.0, 0.0, 0.0, 0.0, 0.0, 0.0, 0.0, 0.0, 0.0], [0.0, 0.0, 0.0, 0.0, 0.0, 0.0, 1.2868142510550302, 0.0, 0.0, 1.1278450607645836, 0.0, 1.354601404402418, 0.0, 0.0, 0.0, 0.0, 0.0, 0.0, 0.0, 0.0, 0.0, 0.0, 0.0, 0.0, 0.0, 0.0], [0.0, 0.0, 0.0, 1.3961080322254615, 0.0, 0.11029874943894338, 0.0, 0.0, 0.0, 0.0, 1.354601404402418, 0.0, 0.0, 0.0, 0.0, 0.0, 0.0, 0.0, 0.0, 0.0, 0.0, 0.0, 0.0, 0.9641998721034042, 0.0, 0.0], [0.0, 0.0, 0.0, 0.0, 0.0, 0.0, 0.0, 0.0, 0.7586309230595738, 0.0, 0.0, 0.0, 0.0, 0.9519138200874295, 1.5997829320064705, 1.5998387575995607, 0.0, 0.0, 0.0, 0.0, 0.0, 0.0, 0.0, 0.0, 0.0, 0.0], [0.0, 0.0, 0.0, 0.0, 0.0, 0.0, 0.0, 0.0, 0.0, 0.0, 0.0, 0.0, 0.9519138200874295, 0.0, 0.0, 0.0, 0.0, 0.0, 0.0, 0.0, 0.0, 0.0, 0.0, 0.0, 0.9377676584156317, 0.9377718414662569], [0.0, 0.0, 0.0, 0.0, 0.0, 0.0, 0.0, 0.0, 0.0, 0.0, 0.0, 0.0, 1.5997829320064705, 0.0, 0.0, 0.11455179965107576, 0.0, 0.0, 0.0, 0.0, 0.0, 0.0, 0.0, 0.0, 0.0, 0.0], [0.0, 0.0, 0.0, 0.0, 0.0, 0.0, 0.0, 0.0, 0.0, 0.0, 0.0, 0.0, 1.5998387575995607, 0.0, 0.11455179965107576, 0.0, 0.0, 0.0, 0.0, 0.0, 0.0, 0.0, 0.0, 0.0, 0.0, 0.0], [0.9853848166437666, 0.0, 0.0, 0.0, 0.0, 0.0, 0.0, 0.0, 0.0, 0.0, 0.0, 0.0, 0.0, 0.0, 0.0, 0.0, 0.0, 0.0, 0.0, 0.0, 0.0, 0.0, 0.0, 0.0, 0.0, 0.0], [0.984043580393045, 0.0, 0.0, 0.0, 0.0, 0.0, 0.0, 0.0, 0.0, 0.0, 0.0, 0.0, 0.0, 0.0, 0.0, 0.0, 0.0, 0.0, 0.0, 0.0, 0.0, 0.0, 0.0, 0.0, 0.0, 0.0], [0.9853837005752131, 0.0, 0.0, 0.0, 0.0, 0.0, 0.0, 0.0, 0.0, 0.0, 0.0, 0.0, 0.0, 0.0, 0.0, 0.0, 0.0, 0.0, 0.0, 0.0, 0.0, 0.0, 0.0, 0.0, 0.0, 0.0], [0.0, 0.9690256928040336, 0.0, 0.0, 0.0, 0.0, 0.0, 0.0, 0.0, 0.0, 0.0, 0.0, 0.0, 0.0, 0.0, 0.0, 0.0, 0.0, 0.0, 0.0, 0.0, 0.0, 0.0, 0.0, 0.0, 0.0], [0.0, 0.9690172308497296, 0.0, 0.0, 0.0, 0.0, 0.0, 0.0, 0.0, 0.0, 0.0, 0.0, 0.0, 0.0, 0.0, 0.0, 0.0, 0.0, 0.0, 0.0, 0.0, 0.0, 0.0, 0.0, 0.0, 0.0], [0.0, 0.0, 0.0, 0.0, 0.9654365684060805, 0.0, 0.0, 0.0, 0.0, 0.0, 0.0, 0.0, 0.0, 0.0, 0.0, 0.0, 0.0, 0.0, 0.0, 0.0, 0.0, 0.0, 0.0, 0.0, 0.0, 0.0], [0.0, 0.0, 0.0, 0.0, 0.0, 0.9656377411194064, 0.0, 0.0, 0.0, 0.0, 0.0, 0.0, 0.0, 0.0, 0.0, 0.0, 0.0, 0.0, 0.0, 0.0, 0.0, 0.0, 0.0, 0.0, 0.0, 0.0], [0.0, 0.0, 0.0, 0.0, 0.0, 0.0, 0.0, 0.0, 0.0, 0.0, 0.0, 0.9641998721034042, 0.0, 0.0, 0.0, 0.0, 0.0, 0.0, 0.0, 0.0, 0.0, 0.0, 0.0, 0.0, 0.0, 0.0], [0.0, 0.0, 0.0, 0.0, 0.0, 0.0, 0.0, 0.0, 0.0, 0.0, 0.0, 0.0, 0.0, 0.9377676584156317, 0.0, 0.0, 0.0, 0.0, 0.0, 0.0, 0.0, 0.0, 0.0, 0.0, 0.0, 0.0], [0.0, 0.0, 0.0, 0.0, 0.0, 0.0, 0.0, 0.0, 0.0, 0.0, 0.0, 0.0, 0.0, 0.9377718414662569, 0.0, 0.0, 0.0, 0.0, 0.0, 0.0, 0.0, 0.0, 0.0, 0.0, 0.0, 0.0]], "Born radii": [], "Atomic SASAs": [], "Solvent H bonds": [], "Total SASA": NaN, "Total FOD": 0.0, "FOD": [0.0, 0.0, 0.0, 0.0, 0.0, 0.0, 0.0, 0.0, 0.0, 0.0, 0.0, 0.0, 0.0, 0.0, 0.0, 0.0, 0.0, 0.0, 0.0, 0.0, 0.0, 0.0, 0.0, 0.0, 0.0, 0.0], "FOD s proportion": [0.0, 0.0, 0.0, 0.0, 0.0, 0.0, 0.0, 0.0, 0.0, 0.0, 0.0, 0.0, 0.0, 0.0, 0.0, 0.0, 0.0, 0.0, 0.0, 0.0, 0.0, 0.0, 0.0, 0.0, 0.0, 0.0], "FOD p proportion": [0.0, 0.0, 0.0, 0.0, 0.0, 0.0, 0.0, 0.0, 0.0, 0.0, 0.0, 0.0, 0.0, 0.0, 0.0, 0.0, 0.0, 0.0, 0.0, 0.0, 0.0, 0.0, 0.0, 0.0, 0.0, 0.0], "FOD d proportion": [0.0, 0.0, 0.0, 0.0, 0.0, 0.0, 0.0, 0.0, 0.0, 0.0, 0.0, 0.0, 0.0, 0.0, 0.0, 0.0, 0.0, 0.0, 0.0, 0.0, 0.0, 0.0, 0.0, 0.0, 0.0, 0.0], "coordinates": [["5.18940", "-0.57770", "0.04760"], ["3.68590", "-0.72970", "0.19360"], ["3.06430", "0.33550", "-0.52400"], ["1.69590", "0.38170", "-0.51830"], ["1.15560", "1.44680", "-1.23820"], ["-0.22860", "1.63240", "-1.32820"], ["-1.09370", "0.73010", "-0.68210"], ["-2.47620", "0.79000", "-0.68550"], ["-2.95060", "-0.21650", "0.02180"], ["-1.80970", "-1.27440", "0.72020"], ["-0.53740", "-0.33220", "0.03540"], ["0.85420", "-0.52660", "0.13130"], ["-4.66430", "-0.56940", "0.31220"], ["-5.61560", "0.58920", "-0.46080"], ["-4.89730", "-0.37990", "1.72700"], ["-4.95450", "-1.81790", "-0.35770"], ["5.51900", "0.39000", "0.44020"], ["5.71550", "-1.37360", "0.58210"], ["5.47930", "-0.60890", "-1.00800"], ["3.38190", "-1.69690", "-0.22280"], ["3.42250", "-0.67670", "1.25630"], ["1.81960", "2.14780", "-1.73990"], ["-0.63880", "2.46490", "-1.89110"], ["1.23390", "-1.36660", "0.70030"], ["-6.15590", "1.10310", "0.23510"], ["-6.19440", "0.13560", "-1.16750"]], "bond_dist": [[0.0, 1.5182003326307105, 2.3825849009007003, 3.66677425266405, 4.692912137468589, 6.010997558641993, 6.4591136032740595, 7.821090861254586, 8.148050753401085, 7.065775432321636, 5.732072690571885, 4.33630902265971, 9.857255487203322, 10.879712825713737, 10.22746430401984, 10.227466516200383, 1.0950863938521016, 1.0935850538481218, 1.0951286728051641, 2.1430774717681116, 2.143056765463762, 4.688182861194729, 6.8544793886917486, 4.085873315461457, 11.470661575515162, 11.470665514258535], [1.5182003326307105, 0.0, 1.426880289302505, 2.3879094559886482, 3.6317518610169395, 4.8185788257535025, 5.073701084021407, 6.407322475886477, 6.658529997679668, 5.54757830138521, 4.244914178166621, 2.8396576888773057, 8.352580564711724, 9.417305284421866, 8.726110120781197, 8.72608864784217, 2.1621274846779963, 2.16444348967581, 2.1621097936968883, 1.096029561645123, 1.096138608935932, 3.937194964692503, 5.766669172061112, 2.583542238865082, 10.011089118073018, 10.011077134354725], [2.3825849009007003, 1.426880289302505, 0.0, 1.3691915461322421, 2.3212507447494763, 3.6293081517005414, 4.179673285078631, 5.561455991914348, 6.064785540313854, 5.281636834353532, 3.7055356616823967, 2.4611331759984054, 7.826195270372443, 8.683836821359554, 8.304569387993576, 8.30457348031794, 2.6378407798803933, 3.342654852059961, 2.637872695942699, 2.0789999903799905, 2.07902000230878, 2.512393717155016, 4.485114979574103, 2.7832389512939777, 9.283185369796296, 9.283187919567286], [3.66677425266405, 2.3879094559886482, 1.3691915461322421, 0.0, 1.3944956471785777, 2.4339040141303845, 2.8160399784093975, 4.195364482378141, 4.715878868249268, 4.0701082074067765, 2.409121373032085, 1.3983733192534815, 6.484324598599302, 7.314669831919962, 7.0065464310172105, 7.00655783391531, 3.9414318147089644, 4.52207280016587, 3.941473076148054, 2.692674174496424, 2.692687000005756, 2.1509805810374023, 3.4168883754082455, 2.180592316321416, 7.920782332572964, 7.920786573314547], [4.692912137468589, 3.6317518610169395, 2.3212507447494763, 1.3944956471785777, 0.0, 1.3994845479675722, 2.425336386978103, 3.7318674641524985, 4.60597930195089, 4.475853448226383, 2.7664321715885247, 2.4208840885098155, 6.351380842777418, 6.869423408118035, 6.98332602274876, 6.98332788504163, 4.7930274733199685, 5.662228912716264, 4.7930445668697885, 3.983754327264672, 3.9837944362127917, 1.0881175901528293, 2.163949486471438, 3.417474608537714, 7.466376285052877, 7.466374215775686], [6.010997558641993, 4.8185788257535025, 3.6293081517005414, 2.4339040141303845, 1.3994845479675722, 0.0, 1.4071206451473874, 2.4848353687920652, 3.556714102932649, 3.8916970604095074, 2.4113099261604676, 2.8220342113447168, 5.216729808031081, 5.555215387363481, 5.931303231162609, 5.931321197675945, 6.140496891946124, 6.929473782330084, 6.140527350317724, 5.034069715448923, 5.034095178877729, 2.1518032647061394, 1.0854384828261803, 3.9048328389317772, 6.152800229976592, 6.152804593841738], [6.4591136032740595, 5.073701084021407, 4.179673285078631, 2.8160399784093975, 2.425336386978103, 1.4071206451473874, 0.0, 1.383801221274212, 2.199910084526184, 2.5489451818350273, 1.3974109023476238, 2.456670279056593, 3.9276605123151875, 4.529503958492585, 4.637158156673115, 4.63716680743749, 6.715878690834134, 7.2380218271292875, 6.715911018618398, 5.111974261476675, 5.111999925665101, 3.408244565755222, 2.16290222848838, 3.4241644834908267, 5.158125015933599, 5.158118251843399], [7.821090861254586, 6.407322475886477, 5.561455991914348, 4.195364482378141, 3.7318674641524985, 2.4848353687920652, 1.383801221274212, 0.0, 1.3184729424603299, 2.584949148436, 2.353290268963861, 3.6731678371672594, 2.762454571572173, 3.1538299082226993, 3.6125541476910765, 3.6125567317344656, 8.08396088127596, 8.566908637892666, 8.083990828173917, 6.380916745264743, 6.380944900247925, 4.627016083827676, 2.7631142086421256, 4.5095684061781345, 3.806012094042792, 3.805991933780207], [8.148050753401085, 6.658529997679668, 6.064785540313854, 4.715878868249268, 4.60597930195089, 3.556714102932649, 2.199910084526184, 1.3184729424603299, 0.0, 1.7054523681416611, 2.416010283504605, 3.818986161273696, 1.7735947282285205, 2.825646872841686, 2.5930768384295906, 2.5930903223759874, 8.50158955548902, 8.760942056080498, 8.501628068199643, 6.507839086056138, 6.507855092117524, 5.607879226588247, 4.024116252048392, 4.392394849054442, 3.472864687833374, 3.4728442723508346], [7.065775432321636, 5.54757830138521, 5.281636834353532, 4.0701082074067765, 4.475853448226383, 3.8916970604095074, 2.5489451818350273, 2.584949148436, 1.7054523681416611, 0.0, 1.7249461353908995, 2.828846277194998, 2.968540072156682, 4.399163644376053, 3.36853829575975, 3.368534948608965, 7.5205366198164345, 7.527120783540012, 7.520577536998073, 5.293436106160157, 5.2934455074176405, 5.561956790554921, 4.708742824788799, 3.0450612161334294, 4.977678444817423, 4.977660633269408], [5.732072690571885, 4.244914178166621, 3.7055356616823967, 2.409121373032085, 2.7664321715885247, 2.4113099261604676, 1.3974109023476238, 2.353290268963861, 2.416010283504605, 1.7249461353908995, 0.0, 1.4083815995673898, 4.142968222180807, 5.184911536371667, 4.676805946369809, 4.676815637803141, 6.112725810961915, 6.36255870385492, 6.112767404375861, 4.158122872162389, 4.158134806617024, 3.85454784507859, 3.3978600059449184, 2.1562882599504176, 5.802370931782972, 5.80236626299995], [4.33630902265971, 2.8396576888773057, 2.4611331759984054, 1.3983733192534815, 2.4208840885098155, 2.8220342113447168, 2.456670279056593, 3.6731678371672594, 3.818986161273696, 2.828846277194998, 1.4083815995673898, 0.0, 5.521630094455802, 6.591957530961497, 5.9705553870640875, 5.970558799643463, 4.764024959002629, 4.955084997252822, 4.76406630831268, 2.807891769637854, 2.8079031144254247, 3.4037922909601876, 3.907457358692479, 1.0832973229912461, 7.197791226480523, 7.19778801021536], [9.857255487203322, 8.352580564711724, 7.826195270372443, 6.484324598599302, 6.351380842777418, 5.216729808031081, 3.9276605123151875, 2.762454571572173, 1.7735947282285205, 2.968540072156682, 4.142968222180807, 5.521630094455802, 0.0, 1.6866696920262718, 1.446325789716826, 1.4462829252950475, 10.229195044088268, 10.414405008928737, 10.229228184472179, 8.14240846985706, 8.142430370595747, 7.323609046091961, 5.501468679361903, 5.964470864209163, 2.2423361077233714, 2.2422629417621835], [10.879712825713737, 9.417305284421866, 8.683836821359554, 7.314669831919962, 6.869423408118035, 5.555215387363481, 4.529503958492585, 3.1538299082226993, 2.825646872841686, 4.399163644376053, 5.184911536371667, 6.591957530961497, 1.6866696920262718, 0.0, 2.498315140249524, 2.498362109462917, 11.172770417403196, 11.547036479547469, 11.172809738825771, 9.286436531845785, 9.286451789031158, 7.703734796188145, 5.507499143894623, 7.217267980337158, 1.0199480918164416, 1.0198957250621263], [10.22746430401984, 8.726110120781197, 8.304569387993576, 7.0065464310172105, 6.98332602274876, 5.931303231162609, 4.637158156673115, 3.6125541476910765, 2.5930768384295906, 3.36853829575975, 4.676805946369809, 5.9705553870640875, 1.446325789716826, 2.498315140249524, 0.0, 2.533197570265691, 10.523683097661198, 10.720529816198452, 10.733428788602456, 8.607053019471879, 8.338388379657069, 7.970282837515868, 6.270435144389902, 6.294386643669104, 2.4513523961274926, 3.2134621376328676], [10.227466516200383, 8.72608864784217, 8.30457348031794, 7.00655783391531, 6.98332788504163, 5.931321197675945, 4.63716680743749, 3.6125567317344656, 2.5930903223759874, 3.368534948608965, 4.676815637803141, 5.970558799643463, 1.4462829252950475, 2.498362109462917, 2.533197570265691, 0.0, 10.733390380956058, 10.720518948726317, 10.523723368181056, 8.338369383158797, 8.607058872808993, 7.970300128602436, 6.270483066718226, 6.294388790819964, 3.2135673013024015, 2.451385383818709], [1.0950863938521016, 2.1621274846779963, 2.6378407798803933, 3.9414318147089644, 4.7930274733199685, 6.140496891946124, 6.715878690834134, 8.08396088127596, 8.50158955548902, 7.5205366198164345, 6.112725810961915, 4.764024959002629, 10.229195044088268, 11.172770417403196, 10.523683097661198, 10.733390380956058, 0.0, 1.7801777495519933, 1.7597330877152932, 3.059724990910131, 2.489815324476898, 4.639855300545481, 6.903525949831724, 4.638467158447928, 11.698455779717253, 11.825952740054394], [1.0935850538481218, 2.16444348967581, 3.342654852059961, 4.52207280016587, 5.662228912716264, 6.929473782330084, 7.2380218271292875, 8.566908637892666, 8.760942056080498, 7.527120783540012, 6.36255870385492, 4.955084997252822, 10.414405008928737, 11.547036479547469, 10.720529816198452, 10.720518948726317, 1.7801777495519933, 0.0, 1.7801613803248288, 2.489593513005687, 2.4895911812986484, 5.741949039307123, 7.824827728455112, 4.4831639274066255, 12.131965621860292, 12.131962034642212], [1.0951286728051641, 2.1621097936968883, 2.637872695942699, 3.941473076148054, 4.7930445668697885, 6.140527350317724, 6.715911018618398, 8.083990828173917, 8.501628068199643, 7.520577536998073, 6.112767404375861, 4.76406630831268, 10.229228184472179, 11.172809738825771, 10.733428788602456, 10.523723368181056, 1.7597330877152932, 1.7801613803248288, 0.0, 2.4898533691765867, 3.0597512268156706, 4.639878941308706, 6.903568617751257, 4.63851477738295, 11.825993431843266, 11.698503844081944], [2.1430774717681116, 1.096029561645123, 2.0789999903799905, 2.692674174496424, 3.983754327264672, 5.034069715448923, 5.111974261476675, 6.380916745264743, 6.507839086056138, 5.293436106160157, 4.158122872162389, 2.807891769637854, 8.14240846985706, 9.286436531845785, 8.607053019471879, 8.338369383158797, 3.059724990910131, 2.489593513005687, 2.4898533691765867, 0.0, 1.7972738272172104, 4.418607449185773, 6.0224440736299085, 2.361168291333762, 9.950844248102772, 9.795715187264276], [2.143056765463762, 1.096138608935932, 2.07902000230878, 2.692687000005756, 3.9837944362127917, 5.034095178877729, 5.111999925665101, 6.380944900247925, 6.507855092117524, 5.2934455074176405, 4.158134806617024, 2.8079031144254247, 8.142430370595747, 9.286451789031158, 8.338388379657069, 8.607058872808993, 2.489815324476898, 2.4895911812986484, 3.0597512268156706, 1.7972738272172104, 0.0, 4.41863136050067, 6.022452574325514, 2.361158184027491, 9.795727846362412, 9.950849377816951], [4.688182861194729, 3.937194964692503, 2.512393717155016, 2.1509805810374023, 1.0881175901528293, 2.1518032647061394, 3.408244565755222, 4.627016083827676, 5.607879226588247, 5.561956790554921, 3.85454784507859, 3.4037922909601876, 7.323609046091961, 7.703734796188145, 7.970282837515868, 7.970300128602436, 4.639855300545481, 5.741949039307123, 4.639878941308706, 4.418607449185773, 4.41863136050067, 0.0, 2.4833735945282176, 4.318405711602374, 8.282549326143492, 8.282559181798824], [6.8544793886917486, 5.766669172061112, 4.485114979574103, 3.4168883754082455, 2.163949486471438, 1.0854384828261803, 2.16290222848838, 2.7631142086421256, 4.024116252048392, 4.708742824788799, 3.3978600059449184, 3.907457358692479, 5.501468679361903, 5.507499143894623, 6.270435144389902, 6.270483066718226, 6.903525949831724, 7.824827728455112, 6.903568617751257, 6.0224440736299085, 6.022452574325514, 2.4833735945282176, 0.0, 4.990265674290298, 6.0674226892478815, 6.067448129980181], [4.085873315461457, 2.583542238865082, 2.7832389512939777, 2.180592316321416, 3.417474608537714, 3.9048328389317772, 3.4241644834908267, 4.5095684061781345, 4.392394849054442, 3.0450612161334294, 2.1562882599504176, 1.0832973229912461, 5.964470864209163, 7.217267980337158, 6.294386643669104, 6.294388790819964, 4.638467158447928, 4.4831639274066255, 4.63851477738295, 2.361168291333762, 2.361158184027491, 4.318405711602374, 4.990265674290298, 0.0, 7.805445097494441, 7.805441856166761], [11.470661575515162, 10.011089118073018, 9.283185369796296, 7.920782332572964, 7.466376285052877, 6.152800229976592, 5.158125015933599, 3.806012094042792, 3.472864687833374, 4.977678444817423, 5.802370931782972, 7.197791226480523, 2.2423361077233714, 1.0199480918164416, 2.4513523961274926, 3.2135673013024015, 11.698455779717253, 12.131965621860292, 11.825993431843266, 9.950844248102772, 9.795727846362412, 8.282549326143492, 6.0674226892478815, 7.805445097494441, 0.0, 1.7043547928761782], [11.470665514258535, 10.011077134354725, 9.283187919567286, 7.920786573314547, 7.466374215775686, 6.152804593841738, 5.158118251843399, 3.805991933780207, 3.4728442723508346, 4.977660633269408, 5.80236626299995, 7.19778801021536, 2.2422629417621835, 1.0198957250621263, 3.2134621376328676, 2.451385383818709, 11.825952740054394, 12.131962034642212, 11.698503844081944, 9.795715187264276, 9.950849377816951, 8.282559181798824, 6.067448129980181, 7.805441856166761, 1.7043547928761782, 0.0]]}