{"total energy": -75.18803763, "HOMO-LUMO gap/eV": 3.73868845, "electronic energy": -76.18822445, "dipole": [-1.69048391, 0.34293032, -0.92732206], "partial charges": [-0.44052053, 0.33052137, -0.09605823, 0.15641806, -0.26825991, 0.35617783, -0.39655069, -0.08784273, -0.05177704, -0.10468144, 0.27370905, -0.38338243, 0.05416884, -0.20703846, 0.00766047, -0.02981757, -0.02553597, -0.0263505, -0.02680537, -0.03204451, 0.00520187, -0.02841323, -0.0257619, -0.02752082, -0.02791891, -0.03540289, 0.08825109, 0.08417766, 0.07411218, 0.07464613, 0.05396089, 0.03942981, 0.03474431, 0.03994048, 0.0455902, 0.1950599, 0.04505878, 0.0427329, 0.03987471, 0.04062868, 0.03345075, 0.04849338, 0.04216366, 0.03850911, 0.03972588, 0.03727513], "atomic dipole moments": [[-0.1269483, -0.16705457, -0.05604204], [0.00301415, -0.11903713, -0.02149108], [0.06338607, 0.00026755, -0.0075399], [-0.05071661, 0.07798737, -0.23555144], [0.07683555, -0.07809817, 0.20603764], [-0.18031112, 0.04402124, 0.05309484], [-0.08827024, 0.06368096, -0.14109138], [0.03391818, -0.02509236, 0.10243025], [-0.10257364, 0.08681677, 0.04565094], [-0.05016014, -0.09307134, -0.04824461], [0.06887606, 0.0582858, 0.04427358], [-0.01240919, 0.17656684, 0.04765168], [0.06764036, 0.07611353, 0.03156718], [0.02817642, -0.05080189, -0.05175045], [0.05224221, -0.01875288, 0.1246316], [-0.01238554, 0.00700082, 0.01553013], [0.00260465, -0.00259917, 0.01111484], [0.00155058, -0.00095433, 0.00704953], [0.00233666, -0.00353708, 0.00431712], [0.01656473, -0.01316482, 0.00074783], [0.09864715, 0.05146954, -0.08148292], [0.0129032, 0.0205519, 0.01336946], [0.00713008, 0.00341122, -0.00389674], [0.00479966, 0.00069127, -0.00556161], [0.00593876, 0.00144607, -0.00503499], [0.00539294, -0.0141603, -0.01581324], [0.06463533, 0.07720715, 0.08669673], [-0.00018426, -0.12758662, 0.03069805], [-0.03806451, 0.11830505, -0.04807141], [-0.04316332, -0.09716056, -0.07781805], [0.04844885, -0.10429502, 0.05825124], [0.03672476, -0.0077786, -0.11445051], [-0.03428922, 0.10550969, -0.05814727], [0.12456972, -0.00818438, -0.01047265], [-0.02623954, 0.0134835, 0.12654959], [-0.06240976, 0.13760681, -0.00730311], [0.12818828, -0.08896239, -0.0017388], [0.06756458, -0.05648725, -0.12442334], [-0.05634922, 0.02786446, -0.13746657], [-0.12587206, 0.0840912, -0.01620751], [-0.07707711, 0.05986706, 0.11677257], [0.03115725, -0.08107231, -0.12914871], [-0.06832781, -0.13148523, -0.03557204], [-0.10293754, -0.06004514, 0.09271916], [-0.03600453, 0.06895786, 0.13068763], [0.06220374, 0.1303118, 0.04960953]], "atomic quadrupole moments": [[-0.06700707, 0.05287397, -0.06766342, -0.02741851, -0.03262481, 0.13467049], [-0.22506932, 0.01220434, -0.13587502, -0.09755194, -0.09532019, 0.36094434], [0.02108801, -0.0331144, 0.0298196, -0.0041131, 0.01555885, -0.05090761], [0.22435796, -0.14441397, -0.38608836, -0.24380311, -0.0915812, 0.1617304], [0.00941573, -0.01454949, -0.08449065, -0.06594582, -0.02666425, 0.07507492], [-0.00517083, 0.14957141, 0.37088008, -0.00499163, 0.23136343, -0.36570925], [-0.08019783, 0.08138508, 0.16911122, 0.0289155, 0.07502854, -0.08891339], [0.15180831, -0.01220951, -0.23950401, -0.09593563, -0.03638483, 0.0876957], [0.19855246, 0.08905223, -0.02803221, 0.03017788, 0.11672565, -0.17052025], [-0.0429673, 0.12070054, 0.1210353, 0.06439542, 0.12027436, -0.078068], [-0.2476574, 0.08546682, -0.16772015, -0.15783207, -0.16597864, 0.41537755], [-0.10699566, 0.02263485, -0.07203553, -0.06765373, -0.07927774, 0.17903118], [-0.02181848, 0.04844219, 0.15503435, 0.03990467, 0.14787182, -0.13321587], [0.02649489, 0.08978571, 0.0015446, 0.031074, 0.05662956, -0.02803949], [-0.06924466, 0.36265373, 0.17296317, 0.09198345, -0.07229386, -0.1037185], [-0.00481292, 0.37070148, 0.28357883, -0.00679899, -0.056944, -0.27876591], [-0.00453188, 0.37089708, 0.2803103, -0.018099, -0.05137697, -0.27577841], [-0.00930857, 0.37346188, 0.28148126, -0.03769018, -0.03745183, -0.27217269], [-0.02276177, 0.37861116, 0.27474735, -0.03767461, -0.03612776, -0.25198558], [-0.01776672, 0.37104957, 0.26444027, -0.03993994, -0.03129133, -0.24667354], [0.19805091, -0.18856415, -0.11387446, 0.13439295, -0.25601218, -0.08417645], [0.14984774, -0.29994357, -0.06735938, 0.27557354, -0.19761154, -0.08248836], [0.14633743, -0.30358153, -0.07277295, 0.26994855, -0.19353165, -0.07356447], [0.14260872, -0.29703254, -0.05685183, 0.27853297, -0.18724241, -0.08575689], [0.14822966, -0.28488838, -0.04913608, 0.27573171, -0.19740223, -0.09909358], [0.14667672, -0.27101146, -0.04052085, 0.27238827, -0.1973443, -0.10615587], [0.00886946, 0.01797739, -0.01711196, -0.00249287, 0.02487138, 0.0082425], [-0.01010868, -0.00837276, 0.0252235, -0.02312683, -0.01255183, -0.01511482], [4.364e-05, -0.02625746, 0.03403944, -0.00477549, -0.03633349, -0.03408307], [0.00485981, 0.02649223, 0.00801962, 0.01052465, 0.0516978, -0.01287942], [-0.01852445, -0.004891, 0.02585121, 0.01797553, -0.03777617, -0.00732676], [-0.01600588, 0.01866989, -0.03941869, -0.01799639, 0.00543398, 0.05542457], [-0.03178122, -0.03136064, 0.03768402, 0.03333254, -0.04420148, -0.0059028], [0.08025889, -0.0130294, -0.03303341, -0.01261091, 0.01293773, -0.04722548], [-0.03425482, 0.00927652, -0.0303191, -0.03647563, 0.00077915, 0.06457393], [0.01972471, -0.01839414, 0.01474973, 0.01083262, 0.00631882, -0.03447444], [-0.00608295, -0.03922255, -0.03880111, 0.01729841, -0.0054772, 0.04488406], [0.00557873, -0.04977824, -0.03446331, 0.00968977, 0.00055009, 0.02888458], [0.00397757, -0.04953716, -0.03393964, 0.00021793, 0.00773367, 0.02996207], [-0.00408557, -0.04434663, -0.03688761, 0.00075068, 0.00810705, 0.04097318], [-0.00410996, -0.04255937, -0.0369985, 0.01024153, 0.00243186, 0.04110846], [-0.01097391, 0.0382771, 0.00163976, -0.03740527, 0.01359668, 0.00933415], [-0.01864359, 0.03330406, 0.00159396, -0.03902484, 0.02451281, 0.01704964], [-0.02100742, 0.0364421, 0.00966004, -0.03257044, 0.02902252, 0.01134738], [-0.01642943, 0.04267077, 0.01198595, -0.03309961, 0.02189513, 0.00444348], [-0.01263572, 0.04109902, 0.00397919, -0.03993687, 0.01217751, 0.00865653]], "number of molecular orbitals": 124, "number of electrons": 134, "number of unpaired electrons": 0, "orbital energies/eV": [-20.57813605, -20.05207443, -19.9123873, -19.65057557, -19.43091725, -19.30191527, -18.55117176, -18.12953294, -17.97251565, -17.80923537, -17.7201908, -17.68362993, -17.32886109, -17.24676941, -17.14055205, -17.02777321, -16.99011789, -16.88350573, -16.5028679, -16.36397794, -16.25697823, -16.18379919, -16.04568475, -15.89541451, -15.82634067, -15.73848124, -15.62555609, -15.50940466, -15.2331447, -15.11952864, -14.9452228, -14.77161701, -14.7248329, -14.64667195, -14.48251543, -14.3312414, -14.14780361, -14.07651629, -13.90204255, -13.78241569, -13.7041507, -13.66814539, -13.59525736, -13.58092783, -13.44279427, -13.39002155, -13.32713481, -13.25260962, -13.20426119, -13.09072592, -12.59844824, -12.38508167, -12.31008841, -12.26765793, -12.18597518, -12.14201989, -12.09786208, -11.9106518, -11.89082763, -11.79533408, -11.69188198, -11.44151814, -11.4381415, -11.36895342, -11.31527956, -11.30683976, -11.12962289, -7.39093444, -6.78324811, -6.69311423, -6.64711173, -6.54058687, -6.50629387, -5.349289, -3.3217083, -3.18613922, -1.42313008, -0.34564671, 0.14384516, 0.88174512, 1.06586397, 2.43020009, 2.4682148, 2.59051935, 2.6559272, 2.80868767, 3.34451972, 3.37315764, 3.46166657, 3.65314017, 3.70992532, 3.84094926, 3.99909735, 4.02393365, 4.08446171, 4.27698194, 4.42655585, 4.68075542, 4.82465814, 4.8924133, 5.00186701, 5.19510312, 5.44306547, 5.93610178, 6.70182228, 6.94512092, 7.15666237, 7.7409598, 9.50351586, 9.66121716, 9.84283647, 10.06309955, 10.21760012, 10.80346956, 10.99210646, 11.10399709, 11.26707263, 15.2533831, 15.64421828, 15.80611823, 15.95931866, 16.49786402, 16.62348859, 17.72878046], "fractional occupation": [2.0, 2.0, 2.0, 2.0, 2.0, 2.0, 2.0, 2.0, 2.0, 2.0, 2.0, 2.0, 2.0, 2.0, 2.0, 2.0, 2.0, 2.0, 2.0, 2.0, 2.0, 2.0, 2.0, 2.0, 2.0, 2.0, 2.0, 2.0, 2.0, 2.0, 2.0, 2.0, 2.0, 2.0, 2.0, 2.0, 2.0, 2.0, 2.0, 2.0, 2.0, 2.0, 2.0, 2.0, 2.0, 2.0, 2.0, 2.0, 2.0, 2.0, 2.0, 2.0, 2.0, 2.0, 2.0, 2.0, 2.0, 2.0, 2.0, 2.0, 2.0, 2.0, 2.0, 2.0, 2.0, 2.0, 2.0, 0.0, 0.0, 0.0, 0.0, 0.0, 0.0, 0.0, 0.0, 0.0, 0.0, 0.0, 0.0, 0.0, 0.0, 0.0, 0.0, 0.0, 0.0, 0.0, 0.0, 0.0, 0.0, 0.0, 0.0, 0.0, 0.0, 0.0, 0.0, 0.0, 0.0, 0.0, 0.0, 0.0, 0.0, 0.0, 0.0, 0.0, 0.0, 0.0, 0.0, 0.0, 0.0, 0.0, 0.0, 0.0, 0.0, 0.0, 0.0, 0.0, 0.0, 0.0, 0.0, 0.0, 0.0, 0.0, 0.0, 0.0], "program call": "xtb /home/svss/Project-DBcg-Debug/aqme2_20220329/End-to-End-workflows-final/example-3/QDESCP/mol_717_rdkit_conf_3/mol_717_rdkit_conf_3.xyz --pop --wbo --acc 0.2 --gfn 2 --chrg 0 --uhf 0 --etemp 300 --input /home/svss/Project-DBcg-Debug/aqme2_20220329/End-to-End-workflows-final/example-3/QDESCP/mol_717_rdkit_conf_3/mol_717_rdkit_conf_3_xtb.inp", "method": "GFN2-xTB", "xtb version": "6.3.3 (7355c4f)", "Dipole module/D": 4.978, "Total charge": 0, "Transition dipole module/D": NaN, "HOMO": -11.1296, "LUMO": -7.3909, "HOMO occupancy": 2.0, "LUMO occupancy": 0, "mulliken charges": [-0.55683, 0.56678, -0.25151, 0.33141, -0.41455, 0.57674, -0.5264, -0.07757, -0.03273, -0.08644, 0.46693, -0.51521, 0.10749, -0.37736, -0.00441, -0.02985, -0.0207, -0.02407, -0.0225, -0.03569, -0.00836, -0.0267, -0.02114, -0.02551, -0.02342, -0.03573, 0.07648, 0.07472, 0.05686, 0.06243, 0.04162, 0.02588, 0.02596, 0.03257, 0.04178, 0.25549, 0.05016, 0.03757, 0.03523, 0.03558, 0.03042, 0.04407, 0.03697, 0.03447, 0.03535, 0.03369], "cm5 charges": [-0.5927, 0.73921, -0.49825, 0.31999, -0.48843, 0.62645, -0.57742, -0.17614, -0.14293, -0.236, 0.57686, -0.55769, 0.16537, -0.71799, -0.00669, -0.08098, -0.07604, -0.07945, -0.07782, -0.08693, -0.01108, -0.07793, -0.07644, -0.08088, -0.07873, -0.08619, 0.15552, 0.15375, 0.11635, 0.12031, 0.09887, 0.08025, 0.07743, 0.08342, 0.09552, 0.45315, 0.11123, 0.0929, 0.09063, 0.09094, 0.08845, 0.10255, 0.09233, 0.08987, 0.09069, 0.09465], "FUKUI+": [-0.066, -0.014, -0.027, 0.015, -0.022, -0.033, -0.068, 0.005, 0.006, 0.006, -0.039, -0.086, -0.004, -0.013, -0.015, -0.006, -0.018, -0.023, -0.014, -0.013, -0.016, -0.007, -0.014, -0.027, -0.014, -0.01, -0.026, -0.02, -0.02, -0.023, -0.01, -0.018, -0.007, -0.017, 0.002, -0.027, -0.013, -0.036, -0.042, -0.038, -0.026, -0.02, -0.036, -0.043, -0.038, -0.025], "FUKUI-": [-0.048, -0.001, -0.019, 0.01, -0.017, -0.007, -0.055, 0.001, 0.006, 0.01, -0.004, -0.048, -0.007, -0.014, -0.012, -0.006, -0.016, -0.02, -0.012, -0.011, -0.021, -0.013, -0.014, -0.031, -0.017, -0.011, -0.018, -0.015, -0.024, -0.026, -0.039, -0.06, -0.034, -0.032, -0.044, -0.02, -0.018, -0.031, -0.037, -0.035, -0.021, -0.024, -0.036, -0.042, -0.038, -0.027], "FUKUIrad": [-0.057, -0.008, -0.023, 0.013, -0.019, -0.02, -0.062, 0.003, 0.006, 0.008, -0.022, -0.067, -0.005, -0.013, -0.014, -0.006, -0.017, -0.022, -0.013, -0.012, -0.019, -0.01, -0.014, -0.029, -0.016, -0.01, -0.022, -0.017, -0.022, -0.025, -0.024, -0.039, -0.02, -0.024, -0.021, -0.023, -0.016, -0.034, -0.039, -0.037, -0.024, -0.022, -0.036, -0.042, -0.038, -0.026], "s proportion": [1.718, 0.935, 1.425, 0.972, 1.697, 0.991, 1.73, 1.039, 1.025, 1.008, 1.015, 1.73, 1.081, 1.426, 1.092, 1.066, 1.062, 1.061, 1.06, 1.064, 1.092, 1.064, 1.061, 1.061, 1.061, 1.063, 0.924, 0.925, 0.943, 0.938, 0.958, 0.974, 0.974, 0.967, 0.958, 0.745, 0.95, 0.962, 0.965, 0.964, 0.97, 0.956, 0.963, 0.966, 0.965, 0.966], "p proportion": [4.838, 2.498, 3.826, 2.696, 4.718, 2.432, 4.796, 3.038, 3.008, 3.078, 2.518, 4.785, 2.812, 3.951, 2.913, 2.964, 2.959, 2.963, 2.962, 2.972, 2.916, 2.962, 2.96, 2.964, 2.963, 2.973, 0.0, 0.0, 0.0, 0.0, 0.0, 0.0, 0.0, 0.0, 0.0, 0.0, 0.0, 0.0, 0.0, 0.0, 0.0, 0.0, 0.0, 0.0, 0.0, 0.0], "d proportion": [0.0, 0.0, 0.0, 0.0, 0.0, 0.0, 0.0, 0.0, 0.0, 0.0, 0.0, 0.0, 0.0, 0.0, 0.0, 0.0, 0.0, 0.0, 0.0, 0.0, 0.0, 0.0, 0.0, 0.0, 0.0, 0.0, 0.0, 0.0, 0.0, 0.0, 0.0, 0.0, 0.0, 0.0, 0.0, 0.0, 0.0, 0.0, 0.0, 0.0, 0.0, 0.0, 0.0, 0.0, 0.0, 0.0], "Fermi-level/eV": -9.2603, "Coordination numbers": [0.858, 2.815, 2.773, 3.658, 1.704, 2.73, 0.856, 3.802, 3.8, 3.749, 2.88, 0.857, 3.869, 2.751, 2.959, 2.913, 2.91, 2.912, 2.909, 2.915, 2.958, 2.914, 2.909, 2.912, 2.91, 2.913, 0.924, 0.924, 0.924, 0.924, 0.924, 0.924, 0.924, 0.924, 0.924, 0.86, 0.925, 0.925, 0.925, 0.925, 0.925, 0.925, 0.925, 0.925, 0.925, 0.925], "Dispersion coefficient C6": [22.507, 21.391, 23.117, 18.332, 18.448, 20.954, 21.613, 22.174, 21.504, 22.565, 22.387, 21.352, 19.627, 25.499, 27.847, 28.744, 28.64, 28.66, 28.671, 28.799, 27.905, 28.71, 28.646, 28.689, 28.698, 28.881, 1.896, 1.937, 2.041, 2.035, 2.271, 2.457, 2.52, 2.45, 2.376, 1.132, 2.383, 2.413, 2.45, 2.44, 2.538, 2.339, 2.42, 2.469, 2.452, 2.485], "Total dispersion C6": 25209.036472, "Total dispersion C8": 599144.4431, "Polarizability alpha": [6.361, 7.578, 7.141, 6.145, 5.799, 7.494, 6.233, 6.704, 6.603, 6.775, 7.757, 6.195, 6.3, 7.5, 8.656, 8.792, 8.775, 8.779, 8.78, 8.8, 8.664, 8.786, 8.776, 8.783, 8.784, 8.812, 2.153, 2.176, 2.234, 2.231, 2.357, 2.451, 2.483, 2.448, 2.41, 1.666, 2.414, 2.429, 2.448, 2.443, 2.491, 2.392, 2.433, 2.457, 2.449, 2.465], "Total polarizability alpha": 246.801868, "Wiberg matrix": [[0.0, 1.6368049036237127, 0.0, 0.0, 0.0, 0.0, 0.0, 0.0, 0.0, 0.0, 0.0, 0.0, 0.0, 0.17367575351270947, 0.0, 0.0, 0.0, 0.0, 0.0, 0.0, 0.0, 0.0, 0.0, 0.0, 0.0, 0.0, 0.0, 0.0, 0.0, 0.0, 0.0, 0.0, 0.0, 0.0, 0.0, 0.0, 0.0, 0.0, 0.0, 0.0, 0.0, 0.0, 0.0, 0.0, 0.0, 0.0], [1.6368049036237127, 0.0, 1.0759173528520851, 0.0, 0.0, 0.0, 0.0, 0.0, 0.0, 0.0, 0.0, 0.0, 0.0, 1.1869366175364733, 0.0, 0.0, 0.0, 0.0, 0.0, 0.0, 0.0, 0.0, 0.0, 0.0, 0.0, 0.0, 0.0, 0.0, 0.0, 0.0, 0.0, 0.0, 0.0, 0.0, 0.0, 0.0, 0.0, 0.0, 0.0, 0.0, 0.0, 0.0, 0.0, 0.0, 0.0, 0.0], [0.0, 1.0759173528520851, 0.0, 0.9873983809053851, 0.0, 0.0, 0.0, 0.0, 0.0, 0.0, 1.1568346429301948, 0.14745819267622937, 0.0, 0.0, 0.0, 0.0, 0.0, 0.0, 0.0, 0.0, 0.0, 0.0, 0.0, 0.0, 0.0, 0.0, 0.0, 0.0, 0.0, 0.0, 0.0, 0.0, 0.0, 0.0, 0.0, 0.0, 0.0, 0.0, 0.0, 0.0, 0.0, 0.0, 0.0, 0.0, 0.0, 0.0], [0.0, 0.0, 0.9873983809053851, 0.0, 0.9482419231448524, 0.0, 0.0, 0.0, 0.0, 0.0, 0.0, 0.0, 0.0, 0.0, 0.0, 0.0, 0.0, 0.0, 0.0, 0.0, 0.0, 0.0, 0.0, 0.0, 0.0, 0.0, 0.9576263305583862, 0.9583779093528821, 0.0, 0.0, 0.0, 0.0, 0.0, 0.0, 0.0, 0.0, 0.0, 0.0, 0.0, 0.0, 0.0, 0.0, 0.0, 0.0, 0.0, 0.0], [0.0, 0.0, 0.0, 0.9482419231448524, 0.0, 1.093967916653385, 0.1635585315540815, 0.0, 0.0, 0.0, 0.0, 0.0, 0.0, 0.0, 0.0, 0.0, 0.0, 0.0, 0.0, 0.0, 0.0, 0.0, 0.0, 0.0, 0.0, 0.0, 0.0, 0.0, 0.0, 0.0, 0.0, 0.0, 0.0, 0.0, 0.0, 0.0, 0.0, 0.0, 0.0, 0.0, 0.0, 0.0, 0.0, 0.0, 0.0, 0.0], [0.0, 0.0, 0.0, 0.0, 1.093967916653385, 0.0, 1.7690295980651058, 0.980263925228281, 0.0, 0.0, 0.0, 0.0, 0.0, 0.0, 0.0, 0.0, 0.0, 0.0, 0.0, 0.0, 0.0, 0.0, 0.0, 0.0, 0.0, 0.0, 0.0, 0.0, 0.0, 0.0, 0.0, 0.0, 0.0, 0.0, 0.0, 0.0, 0.0, 0.0, 0.0, 0.0, 0.0, 0.0, 0.0, 0.0, 0.0, 0.0], [0.0, 0.0, 0.0, 0.0, 0.1635585315540815, 1.7690295980651058, 0.0, 0.0, 0.0, 0.0, 0.0, 0.0, 0.0, 0.0, 0.0, 0.0, 0.0, 0.0, 0.0, 0.0, 0.0, 0.0, 0.0, 0.0, 0.0, 0.0, 0.0, 0.0, 0.0, 0.0, 0.0, 0.0, 0.0, 0.0, 0.0, 0.0, 0.0, 0.0, 0.0, 0.0, 0.0, 0.0, 0.0, 0.0, 0.0, 0.0], [0.0, 0.0, 0.0, 0.0, 0.0, 0.980263925228281, 0.0, 0.0, 1.0047840100038261, 0.0, 0.0, 0.0, 0.0, 0.0, 0.0, 0.0, 0.0, 0.0, 0.0, 0.0, 0.0, 0.0, 0.0, 0.0, 0.0, 0.0, 0.0, 0.0, 0.9582446514904865, 0.9444197986009485, 0.0, 0.0, 0.0, 0.0, 0.0, 0.0, 0.0, 0.0, 0.0, 0.0, 0.0, 0.0, 0.0, 0.0, 0.0, 0.0], [0.0, 0.0, 0.0, 0.0, 0.0, 0.0, 0.0, 1.0047840100038261, 0.0, 1.0214072916400734, 0.0, 0.0, 0.0, 0.0, 0.0, 0.0, 0.0, 0.0, 0.0, 0.0, 0.0, 0.0, 0.0, 0.0, 0.0, 0.0, 0.0, 0.0, 0.0, 0.0, 0.975340709823753, 0.9772657428925283, 0.0, 0.0, 0.0, 0.0, 0.0, 0.0, 0.0, 0.0, 0.0, 0.0, 0.0, 0.0, 0.0, 0.0], [0.0, 0.0, 0.0, 0.0, 0.0, 0.0, 0.0, 0.0, 1.0214072916400734, 0.0, 0.0, 0.0, 0.0, 0.0, 0.0, 0.0, 0.0, 0.0, 0.0, 0.0, 0.0, 0.0, 0.0, 0.0, 0.0, 0.0, 0.0, 0.0, 0.0, 0.0, 0.0, 0.0, 0.987207070582855, 0.9867126859794765, 0.9866503067848982, 0.0, 0.0, 0.0, 0.0, 0.0, 0.0, 0.0, 0.0, 0.0, 0.0, 0.0], [0.0, 0.0, 1.1568346429301948, 0.0, 0.0, 0.0, 0.0, 0.0, 0.0, 0.0, 0.0, 1.7466111682352514, 0.917017047773984, 0.0, 0.0, 0.0, 0.0, 0.0, 0.0, 0.0, 0.0, 0.0, 0.0, 0.0, 0.0, 0.0, 0.0, 0.0, 0.0, 0.0, 0.0, 0.0, 0.0, 0.0, 0.0, 0.0, 0.0, 0.0, 0.0, 0.0, 0.0, 0.0, 0.0, 0.0, 0.0, 0.0], [0.0, 0.0, 0.14745819267622937, 0.0, 0.0, 0.0, 0.0, 0.0, 0.0, 0.0, 1.7466111682352514, 0.0, 0.0, 0.0, 0.0, 0.0, 0.0, 0.0, 0.0, 0.0, 0.0, 0.0, 0.0, 0.0, 0.0, 0.0, 0.0, 0.0, 0.0, 0.0, 0.0, 0.0, 0.0, 0.0, 0.0, 0.0, 0.0, 0.0, 0.0, 0.0, 0.0, 0.0, 0.0, 0.0, 0.0, 0.0], [0.0, 0.0, 0.0, 0.0, 0.0, 0.0, 0.0, 0.0, 0.0, 0.0, 0.917017047773984, 0.0, 0.0, 0.9747312061968929, 0.946560229765349, 0.0, 0.0, 0.0, 0.0, 0.0, 0.9496488603665856, 0.0, 0.0, 0.0, 0.0, 0.0, 0.0, 0.0, 0.0, 0.0, 0.0, 0.0, 0.0, 0.0, 0.0, 0.0, 0.0, 0.0, 0.0, 0.0, 0.0, 0.0, 0.0, 0.0, 0.0, 0.0], [0.17367575351270947, 1.1869366175364733, 0.0, 0.0, 0.0, 0.0, 0.0, 0.0, 0.0, 0.0, 0.0, 0.0, 0.9747312061968929, 0.0, 0.0, 0.0, 0.0, 0.0, 0.0, 0.0, 0.0, 0.0, 0.0, 0.0, 0.0, 0.0, 0.0, 0.0, 0.0, 0.0, 0.0, 0.0, 0.0, 0.0, 0.0, 0.9323506101271966, 0.0, 0.0, 0.0, 0.0, 0.0, 0.0, 0.0, 0.0, 0.0, 0.0], [0.0, 0.0, 0.0, 0.0, 0.0, 0.0, 0.0, 0.0, 0.0, 0.0, 0.0, 0.0, 0.946560229765349, 0.0, 0.0, 1.4200919750814647, 0.0, 0.10968505845299048, 0.0, 1.4056060890549475, 0.0, 0.0, 0.0, 0.0, 0.0, 0.0, 0.0, 0.0, 0.0, 0.0, 0.0, 0.0, 0.0, 0.0, 0.0, 0.0, 0.0, 0.0, 0.0, 0.0, 0.0, 0.0, 0.0, 0.0, 0.0, 0.0], [0.0, 0.0, 0.0, 0.0, 0.0, 0.0, 0.0, 0.0, 0.0, 0.0, 0.0, 0.0, 0.0, 0.0, 1.4200919750814647, 0.0, 1.43644297833784, 0.0, 0.11014841336450404, 0.0, 0.0, 0.0, 0.0, 0.0, 0.0, 0.0, 0.0, 0.0, 0.0, 0.0, 0.0, 0.0, 0.0, 0.0, 0.0, 0.0, 0.9677817633286382, 0.0, 0.0, 0.0, 0.0, 0.0, 0.0, 0.0, 0.0, 0.0], [0.0, 0.0, 0.0, 0.0, 0.0, 0.0, 0.0, 0.0, 0.0, 0.0, 0.0, 0.0, 0.0, 0.0, 0.0, 1.43644297833784, 0.0, 1.443047047259392, 0.0, 0.11313559423456429, 0.0, 0.0, 0.0, 0.0, 0.0, 0.0, 0.0, 0.0, 0.0, 0.0, 0.0, 0.0, 0.0, 0.0, 0.0, 0.0, 0.0, 0.9701789988368031, 0.0, 0.0, 0.0, 0.0, 0.0, 0.0, 0.0, 0.0], [0.0, 0.0, 0.0, 0.0, 0.0, 0.0, 0.0, 0.0, 0.0, 0.0, 0.0, 0.0, 0.0, 0.0, 0.10968505845299048, 0.0, 1.443047047259392, 0.0, 1.4356757558874134, 0.0, 0.0, 0.0, 0.0, 0.0, 0.0, 0.0, 0.0, 0.0, 0.0, 0.0, 0.0, 0.0, 0.0, 0.0, 0.0, 0.0, 0.0, 0.0, 0.970392837505829, 0.0, 0.0, 0.0, 0.0, 0.0, 0.0, 0.0], [0.0, 0.0, 0.0, 0.0, 0.0, 0.0, 0.0, 0.0, 0.0, 0.0, 0.0, 0.0, 0.0, 0.0, 0.0, 0.11014841336450404, 0.0, 1.4356757558874134, 0.0, 1.4469003666368556, 0.0, 0.0, 0.0, 0.0, 0.0, 0.0, 0.0, 0.0, 0.0, 0.0, 0.0, 0.0, 0.0, 0.0, 0.0, 0.0, 0.0, 0.0, 0.0, 0.9700496806086321, 0.0, 0.0, 0.0, 0.0, 0.0, 0.0], [0.0, 0.0, 0.0, 0.0, 0.0, 0.0, 0.0, 0.0, 0.0, 0.0, 0.0, 0.0, 0.0, 0.0, 1.4056060890549475, 0.0, 0.11313559423456429, 0.0, 1.4469003666368556, 0.0, 0.0, 0.0, 0.0, 0.0, 0.0, 0.0, 0.0, 0.0, 0.0, 0.0, 0.0, 0.0, 0.0, 0.0, 0.0, 0.0, 0.0, 0.0, 0.0, 0.0, 0.9695865428623659, 0.0, 0.0, 0.0, 0.0, 0.0], [0.0, 0.0, 0.0, 0.0, 0.0, 0.0, 0.0, 0.0, 0.0, 0.0, 0.0, 0.0, 0.9496488603665856, 0.0, 0.0, 0.0, 0.0, 0.0, 0.0, 0.0, 0.0, 1.4064622049106466, 0.0, 0.10864271672646308, 0.0, 1.413285804056902, 0.0, 0.0, 0.0, 0.0, 0.0, 0.0, 0.0, 0.0, 0.0, 0.0, 0.0, 0.0, 0.0, 0.0, 0.0, 0.0, 0.0, 0.0, 0.0, 0.0], [0.0, 0.0, 0.0, 0.0, 0.0, 0.0, 0.0, 0.0, 0.0, 0.0, 0.0, 0.0, 0.0, 0.0, 0.0, 0.0, 0.0, 0.0, 0.0, 0.0, 1.4064622049106466, 0.0, 1.4457855981047114, 0.0, 0.11254083450840104, 0.0, 0.0, 0.0, 0.0, 0.0, 0.0, 0.0, 0.0, 0.0, 0.0, 0.0, 0.0, 0.0, 0.0, 0.0, 0.0, 0.968608795361652, 0.0, 0.0, 0.0, 0.0], [0.0, 0.0, 0.0, 0.0, 0.0, 0.0, 0.0, 0.0, 0.0, 0.0, 0.0, 0.0, 0.0, 0.0, 0.0, 0.0, 0.0, 0.0, 0.0, 0.0, 0.0, 1.4457855981047114, 0.0, 1.4370703449386764, 0.0, 0.1101873639544674, 0.0, 0.0, 0.0, 0.0, 0.0, 0.0, 0.0, 0.0, 0.0, 0.0, 0.0, 0.0, 0.0, 0.0, 0.0, 0.0, 0.9700703247578188, 0.0, 0.0, 0.0], [0.0, 0.0, 0.0, 0.0, 0.0, 0.0, 0.0, 0.0, 0.0, 0.0, 0.0, 0.0, 0.0, 0.0, 0.0, 0.0, 0.0, 0.0, 0.0, 0.0, 0.10864271672646308, 0.0, 1.4370703449386764, 0.0, 1.4404242832025598, 0.0, 0.0, 0.0, 0.0, 0.0, 0.0, 0.0, 0.0, 0.0, 0.0, 0.0, 0.0, 0.0, 0.0, 0.0, 0.0, 0.0, 0.0, 0.9705183117813961, 0.0, 0.0], [0.0, 0.0, 0.0, 0.0, 0.0, 0.0, 0.0, 0.0, 0.0, 0.0, 0.0, 0.0, 0.0, 0.0, 0.0, 0.0, 0.0, 0.0, 0.0, 0.0, 0.0, 0.11254083450840104, 0.0, 1.4404242832025598, 0.0, 1.4392084227873558, 0.0, 0.0, 0.0, 0.0, 0.0, 0.0, 0.0, 0.0, 0.0, 0.0, 0.0, 0.0, 0.0, 0.0, 0.0, 0.0, 0.0, 0.0, 0.9703185925942949, 0.0], [0.0, 0.0, 0.0, 0.0, 0.0, 0.0, 0.0, 0.0, 0.0, 0.0, 0.0, 0.0, 0.0, 0.0, 0.0, 0.0, 0.0, 0.0, 0.0, 0.0, 1.413285804056902, 0.0, 0.1101873639544674, 0.0, 1.4392084227873558, 0.0, 0.0, 0.0, 0.0, 0.0, 0.0, 0.0, 0.0, 0.0, 0.0, 0.0, 0.0, 0.0, 0.0, 0.0, 0.0, 0.0, 0.0, 0.0, 0.0, 0.9680660269719602], [0.0, 0.0, 0.0, 0.9576263305583862, 0.0, 0.0, 0.0, 0.0, 0.0, 0.0, 0.0, 0.0, 0.0, 0.0, 0.0, 0.0, 0.0, 0.0, 0.0, 0.0, 0.0, 0.0, 0.0, 0.0, 0.0, 0.0, 0.0, 0.0, 0.0, 0.0, 0.0, 0.0, 0.0, 0.0, 0.0, 0.0, 0.0, 0.0, 0.0, 0.0, 0.0, 0.0, 0.0, 0.0, 0.0, 0.0], [0.0, 0.0, 0.0, 0.9583779093528821, 0.0, 0.0, 0.0, 0.0, 0.0, 0.0, 0.0, 0.0, 0.0, 0.0, 0.0, 0.0, 0.0, 0.0, 0.0, 0.0, 0.0, 0.0, 0.0, 0.0, 0.0, 0.0, 0.0, 0.0, 0.0, 0.0, 0.0, 0.0, 0.0, 0.0, 0.0, 0.0, 0.0, 0.0, 0.0, 0.0, 0.0, 0.0, 0.0, 0.0, 0.0, 0.0], [0.0, 0.0, 0.0, 0.0, 0.0, 0.0, 0.0, 0.9582446514904865, 0.0, 0.0, 0.0, 0.0, 0.0, 0.0, 0.0, 0.0, 0.0, 0.0, 0.0, 0.0, 0.0, 0.0, 0.0, 0.0, 0.0, 0.0, 0.0, 0.0, 0.0, 0.0, 0.0, 0.0, 0.0, 0.0, 0.0, 0.0, 0.0, 0.0, 0.0, 0.0, 0.0, 0.0, 0.0, 0.0, 0.0, 0.0], [0.0, 0.0, 0.0, 0.0, 0.0, 0.0, 0.0, 0.9444197986009485, 0.0, 0.0, 0.0, 0.0, 0.0, 0.0, 0.0, 0.0, 0.0, 0.0, 0.0, 0.0, 0.0, 0.0, 0.0, 0.0, 0.0, 0.0, 0.0, 0.0, 0.0, 0.0, 0.0, 0.0, 0.0, 0.0, 0.0, 0.0, 0.0, 0.0, 0.0, 0.0, 0.0, 0.0, 0.0, 0.0, 0.0, 0.0], [0.0, 0.0, 0.0, 0.0, 0.0, 0.0, 0.0, 0.0, 0.975340709823753, 0.0, 0.0, 0.0, 0.0, 0.0, 0.0, 0.0, 0.0, 0.0, 0.0, 0.0, 0.0, 0.0, 0.0, 0.0, 0.0, 0.0, 0.0, 0.0, 0.0, 0.0, 0.0, 0.0, 0.0, 0.0, 0.0, 0.0, 0.0, 0.0, 0.0, 0.0, 0.0, 0.0, 0.0, 0.0, 0.0, 0.0], [0.0, 0.0, 0.0, 0.0, 0.0, 0.0, 0.0, 0.0, 0.9772657428925283, 0.0, 0.0, 0.0, 0.0, 0.0, 0.0, 0.0, 0.0, 0.0, 0.0, 0.0, 0.0, 0.0, 0.0, 0.0, 0.0, 0.0, 0.0, 0.0, 0.0, 0.0, 0.0, 0.0, 0.0, 0.0, 0.0, 0.0, 0.0, 0.0, 0.0, 0.0, 0.0, 0.0, 0.0, 0.0, 0.0, 0.0], [0.0, 0.0, 0.0, 0.0, 0.0, 0.0, 0.0, 0.0, 0.0, 0.987207070582855, 0.0, 0.0, 0.0, 0.0, 0.0, 0.0, 0.0, 0.0, 0.0, 0.0, 0.0, 0.0, 0.0, 0.0, 0.0, 0.0, 0.0, 0.0, 0.0, 0.0, 0.0, 0.0, 0.0, 0.0, 0.0, 0.0, 0.0, 0.0, 0.0, 0.0, 0.0, 0.0, 0.0, 0.0, 0.0, 0.0], [0.0, 0.0, 0.0, 0.0, 0.0, 0.0, 0.0, 0.0, 0.0, 0.9867126859794765, 0.0, 0.0, 0.0, 0.0, 0.0, 0.0, 0.0, 0.0, 0.0, 0.0, 0.0, 0.0, 0.0, 0.0, 0.0, 0.0, 0.0, 0.0, 0.0, 0.0, 0.0, 0.0, 0.0, 0.0, 0.0, 0.0, 0.0, 0.0, 0.0, 0.0, 0.0, 0.0, 0.0, 0.0, 0.0, 0.0], [0.0, 0.0, 0.0, 0.0, 0.0, 0.0, 0.0, 0.0, 0.0, 0.9866503067848982, 0.0, 0.0, 0.0, 0.0, 0.0, 0.0, 0.0, 0.0, 0.0, 0.0, 0.0, 0.0, 0.0, 0.0, 0.0, 0.0, 0.0, 0.0, 0.0, 0.0, 0.0, 0.0, 0.0, 0.0, 0.0, 0.0, 0.0, 0.0, 0.0, 0.0, 0.0, 0.0, 0.0, 0.0, 0.0, 0.0], [0.0, 0.0, 0.0, 0.0, 0.0, 0.0, 0.0, 0.0, 0.0, 0.0, 0.0, 0.0, 0.0, 0.9323506101271966, 0.0, 0.0, 0.0, 0.0, 0.0, 0.0, 0.0, 0.0, 0.0, 0.0, 0.0, 0.0, 0.0, 0.0, 0.0, 0.0, 0.0, 0.0, 0.0, 0.0, 0.0, 0.0, 0.0, 0.0, 0.0, 0.0, 0.0, 0.0, 0.0, 0.0, 0.0, 0.0], [0.0, 0.0, 0.0, 0.0, 0.0, 0.0, 0.0, 0.0, 0.0, 0.0, 0.0, 0.0, 0.0, 0.0, 0.0, 0.9677817633286382, 0.0, 0.0, 0.0, 0.0, 0.0, 0.0, 0.0, 0.0, 0.0, 0.0, 0.0, 0.0, 0.0, 0.0, 0.0, 0.0, 0.0, 0.0, 0.0, 0.0, 0.0, 0.0, 0.0, 0.0, 0.0, 0.0, 0.0, 0.0, 0.0, 0.0], [0.0, 0.0, 0.0, 0.0, 0.0, 0.0, 0.0, 0.0, 0.0, 0.0, 0.0, 0.0, 0.0, 0.0, 0.0, 0.0, 0.9701789988368031, 0.0, 0.0, 0.0, 0.0, 0.0, 0.0, 0.0, 0.0, 0.0, 0.0, 0.0, 0.0, 0.0, 0.0, 0.0, 0.0, 0.0, 0.0, 0.0, 0.0, 0.0, 0.0, 0.0, 0.0, 0.0, 0.0, 0.0, 0.0, 0.0], [0.0, 0.0, 0.0, 0.0, 0.0, 0.0, 0.0, 0.0, 0.0, 0.0, 0.0, 0.0, 0.0, 0.0, 0.0, 0.0, 0.0, 0.970392837505829, 0.0, 0.0, 0.0, 0.0, 0.0, 0.0, 0.0, 0.0, 0.0, 0.0, 0.0, 0.0, 0.0, 0.0, 0.0, 0.0, 0.0, 0.0, 0.0, 0.0, 0.0, 0.0, 0.0, 0.0, 0.0, 0.0, 0.0, 0.0], [0.0, 0.0, 0.0, 0.0, 0.0, 0.0, 0.0, 0.0, 0.0, 0.0, 0.0, 0.0, 0.0, 0.0, 0.0, 0.0, 0.0, 0.0, 0.9700496806086321, 0.0, 0.0, 0.0, 0.0, 0.0, 0.0, 0.0, 0.0, 0.0, 0.0, 0.0, 0.0, 0.0, 0.0, 0.0, 0.0, 0.0, 0.0, 0.0, 0.0, 0.0, 0.0, 0.0, 0.0, 0.0, 0.0, 0.0], [0.0, 0.0, 0.0, 0.0, 0.0, 0.0, 0.0, 0.0, 0.0, 0.0, 0.0, 0.0, 0.0, 0.0, 0.0, 0.0, 0.0, 0.0, 0.0, 0.9695865428623659, 0.0, 0.0, 0.0, 0.0, 0.0, 0.0, 0.0, 0.0, 0.0, 0.0, 0.0, 0.0, 0.0, 0.0, 0.0, 0.0, 0.0, 0.0, 0.0, 0.0, 0.0, 0.0, 0.0, 0.0, 0.0, 0.0], [0.0, 0.0, 0.0, 0.0, 0.0, 0.0, 0.0, 0.0, 0.0, 0.0, 0.0, 0.0, 0.0, 0.0, 0.0, 0.0, 0.0, 0.0, 0.0, 0.0, 0.0, 0.968608795361652, 0.0, 0.0, 0.0, 0.0, 0.0, 0.0, 0.0, 0.0, 0.0, 0.0, 0.0, 0.0, 0.0, 0.0, 0.0, 0.0, 0.0, 0.0, 0.0, 0.0, 0.0, 0.0, 0.0, 0.0], [0.0, 0.0, 0.0, 0.0, 0.0, 0.0, 0.0, 0.0, 0.0, 0.0, 0.0, 0.0, 0.0, 0.0, 0.0, 0.0, 0.0, 0.0, 0.0, 0.0, 0.0, 0.0, 0.9700703247578188, 0.0, 0.0, 0.0, 0.0, 0.0, 0.0, 0.0, 0.0, 0.0, 0.0, 0.0, 0.0, 0.0, 0.0, 0.0, 0.0, 0.0, 0.0, 0.0, 0.0, 0.0, 0.0, 0.0], [0.0, 0.0, 0.0, 0.0, 0.0, 0.0, 0.0, 0.0, 0.0, 0.0, 0.0, 0.0, 0.0, 0.0, 0.0, 0.0, 0.0, 0.0, 0.0, 0.0, 0.0, 0.0, 0.0, 0.9705183117813961, 0.0, 0.0, 0.0, 0.0, 0.0, 0.0, 0.0, 0.0, 0.0, 0.0, 0.0, 0.0, 0.0, 0.0, 0.0, 0.0, 0.0, 0.0, 0.0, 0.0, 0.0, 0.0], [0.0, 0.0, 0.0, 0.0, 0.0, 0.0, 0.0, 0.0, 0.0, 0.0, 0.0, 0.0, 0.0, 0.0, 0.0, 0.0, 0.0, 0.0, 0.0, 0.0, 0.0, 0.0, 0.0, 0.0, 0.9703185925942949, 0.0, 0.0, 0.0, 0.0, 0.0, 0.0, 0.0, 0.0, 0.0, 0.0, 0.0, 0.0, 0.0, 0.0, 0.0, 0.0, 0.0, 0.0, 0.0, 0.0, 0.0], [0.0, 0.0, 0.0, 0.0, 0.0, 0.0, 0.0, 0.0, 0.0, 0.0, 0.0, 0.0, 0.0, 0.0, 0.0, 0.0, 0.0, 0.0, 0.0, 0.0, 0.0, 0.0, 0.0, 0.0, 0.0, 0.9680660269719602, 0.0, 0.0, 0.0, 0.0, 0.0, 0.0, 0.0, 0.0, 0.0, 0.0, 0.0, 0.0, 0.0, 0.0, 0.0, 0.0, 0.0, 0.0, 0.0, 0.0]], "Born radii": [], "Atomic SASAs": [], "Solvent H bonds": [], "Total SASA": NaN, "Total FOD": 0.0, "FOD": [0.0, 0.0, 0.0, 0.0, 0.0, 0.0, 0.0, 0.0, 0.0, 0.0, 0.0, 0.0, 0.0, 0.0, 0.0, 0.0, 0.0, 0.0, 0.0, 0.0, 0.0, 0.0, 0.0, 0.0, 0.0, 0.0, 0.0, 0.0, 0.0, 0.0, 0.0, 0.0, 0.0, 0.0, 0.0, 0.0, 0.0, 0.0, 0.0, 0.0, 0.0, 0.0, 0.0, 0.0, 0.0, 0.0], "FOD s proportion": [0.0, 0.0, 0.0, 0.0, 0.0, 0.0, 0.0, 0.0, 0.0, 0.0, 0.0, 0.0, 0.0, 0.0, 0.0, 0.0, 0.0, 0.0, 0.0, 0.0, 0.0, 0.0, 0.0, 0.0, 0.0, 0.0, 0.0, 0.0, 0.0, 0.0, 0.0, 0.0, 0.0, 0.0, 0.0, 0.0, 0.0, 0.0, 0.0, 0.0, 0.0, 0.0, 0.0, 0.0, 0.0, 0.0], "FOD p proportion": [0.0, 0.0, 0.0, 0.0, 0.0, 0.0, 0.0, 0.0, 0.0, 0.0, 0.0, 0.0, 0.0, 0.0, 0.0, 0.0, 0.0, 0.0, 0.0, 0.0, 0.0, 0.0, 0.0, 0.0, 0.0, 0.0, 0.0, 0.0, 0.0, 0.0, 0.0, 0.0, 0.0, 0.0, 0.0, 0.0, 0.0, 0.0, 0.0, 0.0, 0.0, 0.0, 0.0, 0.0, 0.0, 0.0], "FOD d proportion": [0.0, 0.0, 0.0, 0.0, 0.0, 0.0, 0.0, 0.0, 0.0, 0.0, 0.0, 0.0, 0.0, 0.0, 0.0, 0.0, 0.0, 0.0, 0.0, 0.0, 0.0, 0.0, 0.0, 0.0, 0.0, 0.0, 0.0, 0.0, 0.0, 0.0, 0.0, 0.0, 0.0, 0.0, 0.0, 0.0, 0.0, 0.0, 0.0, 0.0, 0.0, 0.0, 0.0, 0.0, 0.0, 0.0], "coordinates": [["0.94770", "2.33660", "1.55750"], ["0.26090", "1.37610", "1.25280"], ["0.66740", "0.10040", "1.05860"], ["2.02970", "-0.34140", "1.15440"], ["2.63020", "-0.18360", "-0.13100"], ["3.93690", "-0.56130", "-0.15350"], ["4.54990", "-1.00910", "0.80450"], ["4.49350", "-0.37380", "-1.54620"], ["6.01880", "-0.43490", "-1.59580"], ["6.67400", "0.79530", "-0.98340"], ["-0.36940", "-0.67170", "0.61630"], ["-0.27870", "-1.85350", "0.29850"], ["-1.66180", "0.20340", "0.56130"], ["-1.08960", "1.45070", "1.03670"], ["-2.21230", "0.44600", "-0.85270"], ["-1.59530", "-0.06080", "-2.00970"], ["-2.12090", "0.20210", "-3.27840"], ["-3.26800", "0.97800", "-3.41690"], ["-3.89420", "1.49440", "-2.28740"], ["-3.37140", "1.23380", "-1.01910"], ["-2.70900", "-0.36960", "1.52820"], ["-3.35540", "-1.58200", "1.21580"], ["-4.31110", "-2.13200", "2.07220"], ["-4.63820", "-1.48390", "3.25920"], ["-4.00850", "-0.28780", "3.59200"], ["-3.05150", "0.26500", "2.73660"], ["2.55640", "0.27280", "1.89350"], ["2.04280", "-1.39780", "1.44540"], ["4.14960", "0.58830", "-1.94250"], ["4.08040", "-1.17420", "-2.17030"], ["6.38470", "-1.33370", "-1.08620"], ["6.33370", "-0.50980", "-2.64330"], ["6.35160", "1.70710", "-1.49640"], ["7.76280", "0.72510", "-1.07200"], ["6.42920", "0.89440", "0.07840"], ["-1.55580", "2.34510", "0.99490"], ["-0.69800", "-0.67380", "-1.95580"], ["-1.63140", "-0.20310", "-4.16100"], ["-3.67400", "1.17840", "-4.40500"], ["-4.79190", "2.09860", "-2.39180"], ["-3.88580", "1.64670", "-0.15250"], ["-3.11330", "-2.11420", "0.29580"], ["-4.79660", "-3.06920", "1.81160"], ["-5.38060", "-1.91330", "3.92690"], ["-4.25990", "0.21570", "4.52240"], ["-2.57780", "1.19690", "3.03740"]], "bond_dist": [[0.0, 1.2194656944744282, 2.308259027925592, 2.9163157596529223, 3.468897020668097, 4.501184516324564, 4.973586465519626, 5.4361677209225245, 6.583355402072715, 6.451533940854686, 3.416208240139936, 4.543795326596478, 3.514604804241865, 2.281806902434998, 4.401026289401144, 4.993925470008539, 6.1121456968891055, 6.660523688870118, 6.239916061935449, 5.148753267539628, 4.549267173952305, 5.8299960943383144, 6.92013579996809, 6.978128828704727, 5.965784445485774, 4.655685127883972, 2.6381967572567437, 3.893270319410149, 5.055562926124054, 6.003000813759732, 7.072568188430564, 7.399845241624989, 6.238967115637011, 7.480427160931386, 5.857859668855169, 2.565950751670811, 4.910612338598924, 6.767796919973294, 7.632361651546656, 6.971127788959259, 5.1732759698280155, 6.155747601226027, 7.89203541172998, 7.982674192274166, 6.3567245166044435, 3.9897581818952386], [1.2194656944744282, 0.0, 1.3529103370142457, 2.4674161079963794, 3.1561288028215833, 4.386818260425203, 4.9280496070960975, 5.367630181933177, 6.67440299727249, 6.816580571664947, 2.235149923383217, 3.4105971339341736, 2.3558804787170335, 1.3697133349719566, 3.3785994879535517, 4.019212149165555, 5.251953986850989, 5.866661479069676, 5.460024445000223, 4.286651629185651, 3.4559542329145505, 4.672189026569879, 5.820770221371052, 6.017177226075363, 5.144725085949686, 3.795813405582524, 2.6262306886486573, 3.302541987621051, 5.094365379514901, 5.7280209453178506, 7.093297081047712, 7.457554147305938, 6.690611939875156, 7.880799429626413, 6.297553107358444, 2.0750595895058046, 3.9264097060800975, 5.9484369686498315, 6.894434287162363, 6.271834121690401, 4.386708713830906, 4.948057066162434, 6.756571303553304, 7.056733339159133, 5.698635359452297, 3.3578456620279615], [2.308259027925592, 1.3529103370142457, 0.0, 1.4353487973311574, 2.3126582108041815, 3.5491778695917735, 4.045906982371196, 4.65283675729119, 5.9974884251659875, 6.382154304778286, 1.3662803299469695, 2.300126611732493, 2.3839230125991904, 2.216041222540772, 3.473496673382601, 3.8157910870486607, 5.156988343985275, 6.023923569402255, 5.826417987065467, 4.681168474857532, 3.4411482269730844, 4.363267289543468, 5.5494555561784615, 5.958358684235114, 5.332246769420935, 4.083257813315245, 2.072462489407227, 2.070251830092175, 4.622809152452652, 4.86815872481578, 6.27250581028029, 6.795834263723624, 6.435809158917005, 7.434676025893799, 5.898268159383736, 3.159961078874232, 3.398574724792733, 5.711463722199415, 7.061215399631993, 6.760326907036375, 4.958773753661283, 4.447472258485712, 6.361498971154518, 6.990024075781141, 6.024075847796075, 3.955917684937339], [2.9163157596529223, 2.4674161079963794, 1.4353487973311574, 0.0, 1.427499299474434, 2.3230088807406655, 2.6305249171980867, 3.6557626509389256, 4.846159417518165, 5.237537419436734, 2.480792314967136, 2.8892424231967797, 3.7783259388252883, 3.599376083434461, 4.75846752326839, 4.8198433760859904, 6.0969327083378575, 7.120619730051592, 7.0928654357741765, 6.031354615673, 4.753503904489823, 5.5264962073632145, 6.65239429378626, 7.084940345549849, 6.511883441831556, 5.356274007180738, 1.0958664790931418, 1.0958255198707503, 3.86640759749926, 3.9940651496939807, 4.997096421923435, 5.742412371991409, 5.468264121272856, 6.242012081052071, 4.69473938467302, 4.483138716345949, 4.1502025360215855, 6.455715085100953, 8.108570409757814, 8.066186273574395, 6.376023013603385, 5.507309942249483, 7.380459089379197, 8.066608453991059, 7.156315572276003, 5.20971324930653], [3.468897020668097, 3.1561288028215833, 2.3126582108041815, 1.427499299474434, 0.0, 1.3603780467208373, 2.289510556865812, 2.347520813539254, 3.7001892775910803, 4.247016530459943, 3.1295844867969294, 3.3815285700404782, 4.364666343490645, 4.227454531984939, 4.936299555334947, 4.625953283378465, 5.71207864616726, 6.850928156826635, 7.073439073039365, 6.230324785274039, 5.594157423598302, 6.292598839907085, 7.5387000530595465, 8.124892287901421, 7.612090667484196, 6.380132178097879, 2.07661928383611, 2.0746945220923485, 2.487154643362572, 2.6913031954798403, 4.041213592474419, 4.487089254739647, 4.391797082061055, 5.296678152389476, 3.9545332670240616, 5.018423108905824, 3.827153814520655, 5.8653657013011555, 7.737251297456998, 8.08747314616871, 6.768213674227491, 6.074303816076374, 8.201081657927812, 9.145016738092938, 8.32388431322781, 6.250424210403643], [4.501184516324564, 4.386818260425203, 3.5491778695917735, 2.3230088807406655, 1.3603780467208373, 0.0, 1.2223165874682385, 1.5114804332177112, 2.5358457878979945, 3.1655669286874986, 4.375957025611655, 4.4323095785380335, 5.695713021211655, 5.543502709478909, 6.270262719376278, 5.8567239588356905, 6.858915396037481, 8.05790345313221, 8.372906240368394, 7.575149916668317, 6.858050057414279, 7.489622838968596, 8.6862156880888, 9.275238652455256, 8.788228129719892, 7.607442688578075, 2.6060913376165464, 2.616071151555324, 2.137134167524351, 2.112751973138352, 2.7309807560654833, 3.4563574077343335, 3.574883922591054, 4.13956253968943, 2.895582737550422, 6.319472826905738, 4.974257688339035, 6.869812834422783, 8.889747305182528, 9.3955843000848, 8.128339331622419, 7.233165900212714, 9.296515619843813, 10.26125598598924, 9.468648269420509, 7.464209679530713], [4.973586465519626, 4.9280496070960975, 4.045906982371196, 2.6305249171980867, 2.289510556865812, 1.2223165874682385, 0.0, 2.4356883092875408, 2.8720746752130246, 3.311230372535261, 4.934447333795346, 4.927923022937757, 6.3336024014773775, 6.156987342036688, 7.112733419016911, 6.825135718064513, 7.914331967386761, 9.104303640586688, 9.334354968073583, 8.432266069094359, 7.322863589470994, 7.936696427985639, 9.021379534195422, 9.522193483646507, 9.029764144206645, 7.945918649218604, 2.6083003776405818, 2.616751977165585, 3.202801250468096, 3.016143779729342, 2.654543781895488, 3.9138941950441124, 3.9897376029007225, 4.105049122726792, 2.771696583322208, 6.968965654241669, 5.939034988110442, 7.969585681828134, 9.977804252940624, 10.351007691041486, 8.895513314587303, 7.759165930691262, 9.623685607395952, 10.449009027175736, 9.640305570364458, 7.788220958601521], [5.4361677209225245, 5.367630181933177, 4.65283675729119, 3.6557626509389256, 2.347520813539254, 1.5114804332177112, 2.4356883092875408, 0.0, 1.527328864390377, 2.537344852399847, 5.33037963657374, 5.326004414192688, 6.531648657115599, 6.416477091831623, 6.7912272771569056, 6.114432654793084, 6.861666343534929, 8.097392418550553, 8.625141156526078, 8.044803551361587, 7.8312169711993045, 8.407949955250686, 9.680137755218157, 10.378445743944514, 9.934409858668001, 8.699279641441583, 4.000247999812012, 4.000522097176817, 1.0958819781345068, 1.0958068169161934, 2.170171755875557, 2.1467325054603337, 2.7901900401227158, 3.4814895289229297, 2.827470758469484, 7.102368401455954, 5.216267287054987, 6.661885434319627, 8.791479882818365, 9.646059002514965, 8.731408158481656, 8.017815313413, 10.239431625339368, 11.393978000242058, 10.667587720286155, 8.57203424748175], [6.583355402072715, 6.67440299727249, 5.9974884251659875, 4.846159417518165, 3.7001892775910803, 2.5358457878979945, 2.8720746752130246, 1.527328864390377, 0.0, 1.522403638986718, 6.764507364915792, 6.7275036008908975, 8.003257065720181, 7.811203119238418, 8.311389151640055, 7.63451261247239, 8.336163856954828, 9.568560281463455, 10.122651730154505, 9.554736972831853, 9.27028224651224, 9.853758603192997, 11.092394079728685, 11.757681531662609, 11.290777322221885, 10.076204238700205, 4.966313274452187, 5.097514085316488, 2.1589459858921893, 2.1526749173992803, 1.0960914241065844, 1.0963704985086018, 2.1699770044864533, 2.1590512823923387, 2.176789445490767, 8.47435494005296, 6.730681648243362, 8.072146078955706, 10.2198196349055, 11.132092019921503, 10.223369044008926, 9.47594055806599, 11.64142553169499, 12.752733127059468, 11.979454298506257, 9.901052723826895], [6.451533940854686, 6.816580571664947, 6.382154304778286, 5.237537419436734, 4.247016530459943, 3.1655669286874986, 3.311230372535261, 2.537344852399847, 1.522403638986718, 0.0, 7.370251871544147, 7.549797768152469, 8.498353095747436, 8.048840794176513, 8.894122816219708, 8.376605600719184, 9.108741803893665, 10.237121936364732, 10.671270217270296, 10.055029482801134, 9.782934915964637, 10.539302647234305, 11.771924169820325, 12.294725545533744, 11.67146935993922, 10.426167480910712, 5.050167286338147, 5.67069400426438, 2.708379066895917, 3.4661827447496187, 2.1510237864793593, 2.1387749086802006, 1.094755680505929, 1.0946522004728259, 1.0941513103771345, 8.604949678528051, 7.579591055591324, 8.948386082417322, 10.905742348414437, 11.625362113069857, 10.626601188056322, 10.290421963165553, 12.42260236866656, 13.295147280492984, 12.25560847163453, 10.095737637240777], [3.416208240139936, 2.235149923383217, 1.3662803299469695, 2.480792314967136, 3.1295844867969294, 4.375957025611655, 4.934447333795346, 5.33037963657374, 6.764507364915792, 7.370251871544147, 0.0, 1.227140810991143, 1.5617691154584918, 2.28035215701435, 2.6083509541470833, 2.9617403025923794, 4.358895132943668, 5.23355465147733, 5.0544710840997, 3.913753621524993, 2.529140996465005, 3.178717090273999, 4.448496351577687, 5.085984928212038, 4.716483701869434, 3.544959716273233, 3.3292079733774522, 2.652043902351543, 5.343820584563071, 5.274311884028096, 6.996757610493591, 7.455384187283711, 7.435995678454903, 8.42223746815536, 6.997354327172521, 3.263734848298802, 2.5930061280297814, 4.963348189478549, 6.289412123561311, 6.023432073992368, 4.2814834999098155, 3.1164906080397548, 5.174635076988521, 6.133006469913432, 5.584002705944903, 3.772323121101903], [4.543795326596478, 3.4105971339341736, 2.300126611732493, 2.8892424231967797, 3.3815285700404782, 4.4323095785380335, 4.927923022937757, 5.326004414192688, 6.7275036008908975, 7.549797768152469, 1.227140810991143, 0.0, 2.4925623482673407, 3.481412887033079, 3.217416766600187, 3.205463475068777, 4.518119720636008, 5.545944815809115, 5.564813875593684, 4.564239732967583, 3.101689763661092, 3.2219923075637533, 4.414048447853739, 5.282763377248692, 5.216317358060186, 4.256852557935264, 3.88625381312132, 2.629145174766886, 5.531212265859989, 5.055509345258892, 6.825575850431961, 7.360947676080845, 7.7369513673022405, 8.555300722943644, 7.252263152285636, 4.443444534367454, 2.578637832267261, 4.9437594702817, 6.545486379941524, 6.574631756988372, 5.0463820158604715, 2.846564409951055, 4.917196204139103, 6.2608502785164895, 6.162213343434321, 4.700252565554323], [3.514604804241865, 2.3558804787170335, 2.3839230125991904, 3.7783259388252883, 4.364666343490645, 5.695713021211655, 6.3336024014773775, 6.531648657115599, 8.003257065720181, 8.498353095747436, 1.5617691154584918, 2.4925623482673407, 0.0, 1.4523000000000001, 1.536652533919103, 2.5853945327551076, 3.867049338966339, 4.359582415782502, 3.84257497649688, 2.546000879811317, 1.5361811253885396, 2.5464297300337977, 3.8413151992514227, 4.357132389542461, 3.8643784519635234, 2.5820516532401125, 4.424113972311291, 4.131529427463878, 6.339521465378914, 6.5063262414361, 8.35602147615718, 8.64327111977867, 8.408913279372074, 9.579296682951206, 8.134798977848192, 2.187721154535011, 2.834463386604244, 4.7398611477552794, 5.446440078620163, 4.702138732534378, 2.745687769940348, 2.7474737960533853, 4.701077737072638, 5.444001808412631, 4.737149787583247, 2.820845522179476], [2.281806902434998, 1.3697133349719566, 2.216041222540772, 3.599376083434461, 4.227454531984939, 5.543502709478909, 6.156987342036688, 6.416477091831623, 7.811203119238418, 8.048840794176513, 2.28035215701435, 3.481412887033079, 1.4523000000000001, 0.0, 2.4165491387513724, 3.4381561482864624, 