{"total energy": -24.20235204, "HOMO-LUMO gap/eV": 6.8485042, "electronic energy": -24.63008423, "dipole": [-0.23461857, 0.14613555, -0.09310104], "partial charges": [-0.09972427, -0.05177866, -0.05743032, -0.05685778, -0.05030246, -0.03856204, -0.02890376, -0.11428645, 0.03197124, 0.03235871, 0.03130002, 0.02788959, 0.02779383, 0.03036663, 0.0308354, 0.02844796, 0.02810381, 0.03196638, 0.03120339, 0.0478054, 0.04919354, 0.06860983], "atomic dipole moments": [[0.07519278, 0.05038846, 0.04372098], [0.00019718, -0.10800909, -0.01633538], [-0.00032798, 0.11055703, 0.01671327], [-0.00150516, -0.10649979, -0.00770066], [-0.02184174, 0.00646864, -0.11320764], [-0.03301408, 0.03715922, 0.07859589], [-0.33200076, 0.2172685, -0.15510143], [0.25830364, -0.16844696, 0.12529368], [0.03825643, -0.05837884, -0.1046975], [-0.04912425, -0.08622829, 0.0777032], [-0.09149126, 0.07884199, -0.03187675], [0.03866145, 0.08698734, -0.07875562], [-0.04613896, 0.06026055, 0.09762689], [-0.0426724, -0.08802673, 0.07750298], [0.04009711, -0.05998459, -0.10070523], [0.04563438, 0.08542165, -0.0778669], [-0.04239609, 0.06622205, 0.09462659], [-0.04446025, -0.08060683, 0.08652503], [0.07578661, 0.0717053, 0.06689325], [0.03891359, 0.08530319, -0.09049051], [-0.07996034, -0.0810616, -0.06312328], [0.1667622, -0.10882841, 0.08047869]], "atomic quadrupole moments": [[0.08399188, 0.12482799, -0.02494558, 0.12072033, 0.07618003, -0.0590463], [0.14420944, -0.01560198, -0.00026705, 0.1801248, 0.02965189, -0.14394239], [0.14310936, -0.0289069, 0.0123316, 0.17685662, 0.02679947, -0.15544097], [0.12724547, -0.02654769, -0.00757642, 0.18580734, 0.00751196, -0.11966904], [0.03346271, -0.21535132, -0.03616, -0.0258628, 0.05069898, 0.00269729], [0.00677269, -0.13485527, -0.05766524, -0.06586109, 0.08377504, 0.05089255], [-0.39353821, 0.56926442, 0.11115026, -0.42980521, 0.28402515, 0.28238796], [-0.45985936, 0.66485455, 0.12573738, -0.49529031, 0.32452159, 0.33412199], [-0.01251745, -0.01272159, -0.02164132, -0.04035669, 0.04869998, 0.03415877], [-0.03112887, 0.03357293, 0.00956462, -0.01779196, -0.05305306, 0.02156425], [0.02214092, -0.05333662, 0.0209408, 0.02872055, -0.01399292, -0.04308173], [-0.00642226, 0.02243851, -0.00379114, -0.01733535, -0.04085646, 0.01021339], [-0.00911695, -0.01350257, -0.02613026, -0.01999281, 0.03057612, 0.03524721], [-0.01109627, 0.01959382, -0.00255657, -0.01809996, -0.04121876, 0.01365284], [-0.00702769, -0.01576793, -0.02384475, -0.02560915, 0.02939553, 0.03087244], [-0.00718217, 0.0243845, -0.01287309, -0.0176741, -0.04009469, 0.02005527], [0.00063774, -0.01991996, -0.0270496, -0.01999996, 0.0348947, 0.02641186], [-0.01008083, 0.01972337, 0.02340726, -0.02931262, -0.03134481, -0.01332644], [0.02334333, 0.02550871, 0.00555889, 0.02209339, 0.02994142, -0.02890222], [-0.01787207, 0.01926729, 0.01827994, -0.0300717, -0.03539682, -0.00040787], [0.01259266, 0.0352722, 0.00872509, 0.01464649, 0.03010612, -0.02131775], [-0.01619736, 0.0235377, 0.00445636, -0.01710469, 0.01118919, 0.011741]], "number of molecular orbitals": 46, "number of electrons": 46, "number of unpaired electrons": 0, "orbital energies/eV": [-17.05583831, -16.82150585, -16.49756418, -16.14434246, -15.78718681, -15.19443994, -15.08545549, -14.28215935, -14.03543022, -13.86111426, -13.40431931, -13.3545023, -13.19185141, -12.78768163, -12.61520961, -12.36879262, -12.09245215, -11.84244261, -11.72420043, -11.53000679, -11.46918258, -10.86655238, -10.80519843, -3.95669424, -3.84926383, 1.03344154, 1.87904947, 2.8894986, 2.99544875, 3.49411671, 3.61223797, 3.96439014, 4.29836487, 4.44131138, 4.60016073, 4.84976885, 5.27287265, 5.84695628, 6.19306295, 6.86677723, 7.15223713, 7.25781647, 7.95228678, 8.29649262, 8.56218084, 38.01260616], "fractional occupation": [2.0, 2.0, 2.0, 2.0, 2.0, 2.0, 2.0, 2.0, 2.0, 2.0, 2.0, 2.0, 2.0, 2.0, 2.0, 2.0, 2.0, 2.0, 2.0, 2.0, 2.0, 2.0, 2.0, 0.0, 0.0, 0.0, 0.0, 0.0, 0.0, 0.0, 0.0, 0.0, 0.0, 0.0, 0.0, 0.0, 0.0, 0.0, 0.0, 0.0, 0.0, 0.0, 0.0, 0.0, 0.0, 0.0], "program call": "xtb /home/svss/Project-DBcg-Debug/aqme2_20220329/End-to-End-workflows-final/example-3/QDESCP/mol_51_rdkit_conf_8/mol_51_rdkit_conf_8.xyz --pop --wbo --acc 0.2 --gfn 2 --chrg 0 --uhf 0 --etemp 300 --input /home/svss/Project-DBcg-Debug/aqme2_20220329/End-to-End-workflows-final/example-3/QDESCP/mol_51_rdkit_conf_8/mol_51_rdkit_conf_8_xtb.inp", "method": "GFN2-xTB", "xtb version": "6.3.3 (7355c4f)", "Dipole module/D": 0.741, "Total charge": 0, "Transition dipole module/D": NaN, "HOMO": -10.8052, "LUMO": -3.9567, "HOMO occupancy": 2.0, "LUMO occupancy": 0, "mulliken charges": [-0.08347, -0.03818, -0.04867, -0.04757, -0.04129, -0.02227, -0.02696, -0.10641, 0.02692, 0.02715, 0.02874, 0.02226, 0.02241, 0.02398, 0.02251, 0.02365, 0.02655, 0.02768, 0.02884, 0.03769, 0.03778, 0.05866], "cm5 charges": [-0.23382, -0.15077, -0.15944, -0.15805, -0.15002, -0.12493, -0.03917, -0.15787, 0.07821, 0.07844, 0.07953, 0.07696, 0.07712, 0.07943, 0.07846, 0.07886, 0.08147, 0.0829, 0.08381, 0.09315, 0.09367, 0.11207], "FUKUI+": [0.007, 0.003, 0.007, 0.009, -0.007, 0.017, -0.231, -0.198, -0.007, -0.009, -0.02, -0.012, -0.015, -0.014, -0.002, -0.028, -0.045, -0.039, -0.035, -0.098, -0.096, -0.187], "FUKUI-": [0.019, 0.009, 0.01, 0.015, 0.012, 0.005, -0.066, -0.088, -0.058, -0.061, -0.049, -0.077, -0.086, -0.058, -0.067, -0.041, -0.06, -0.05, -0.068, -0.074, -0.082, -0.084], "FUKUIrad": [0.013, 0.006, 0.008, 0.012, 0.002, 0.011, -0.148, -0.143, -0.032, -0.035, -0.034, -0.044, -0.051, -0.036, -0.035, -0.035, -0.052, -0.045, -0.052, -0.086, -0.089, -0.136], "s proportion": [1.007, 1.027, 1.032, 1.033, 1.032, 1.02, 1.113, 1.088, 0.973, 0.973, 0.971, 0.978, 0.978, 0.976, 0.977, 0.976, 0.973, 0.972, 0.971, 0.962, 0.962, 0.941], "p proportion": [3.076, 3.011, 3.017, 3.015, 3.009, 3.002, 2.914, 3.018, 0.0, 0.0, 0.0, 0.0, 0.0, 0.0, 0.0, 0.0, 0.0, 0.0, 0.0, 0.0, 0.0, 0.0], "d proportion": [0.0, 0.0, 0.0, 0.0, 0.0, 0.0, 0.0, 0.0, 0.0, 0.0, 0.0, 0.0, 0.0, 0.0, 0.0, 0.0, 0.0, 0.0, 0.0, 0.0, 0.0, 0.0], "Fermi-level/eV": -7.3809, "Coordination numbers": [3.75, 3.8, 3.801, 3.801, 3.804, 3.802, 1.965, 1.908, 0.924, 0.924, 0.924, 0.924, 0.924, 0.924, 0.924, 0.924, 0.924, 0.924, 0.923, 0.924, 0.924, 0.927], "Dispersion coefficient C6": [22.468, 21.504, 21.607, 21.597, 21.474, 21.262, 31.839, 34.29, 2.559, 2.553, 2.568, 2.617, 2.618, 2.581, 2.575, 2.609, 2.614, 2.559, 2.57, 2.348, 2.33, 2.101], "Total dispersion C6": 3783.301505, "Total dispersion C8": 83331.07568, "Polarizability alpha": [6.76, 6.602, 6.618, 6.617, 6.597, 6.565, 9.112, 9.457, 2.502, 2.499, 2.506, 2.53, 2.53, 2.513, 2.509, 2.526, 2.528, 2.502, 2.507, 2.396, 2.387, 2.266], "Total polarizability alpha": 93.029119, "Wiberg matrix": [[0.0, 1.0201763821440146, 0.0, 0.0, 0.0, 0.0, 0.0, 0.0, 0.9877097314627398, 0.9877072024359237, 0.9873591072148085, 0.0, 0.0, 0.0, 0.0, 0.0, 0.0, 0.0, 0.0, 0.0, 0.0, 0.0], [1.0201763821440146, 0.0, 1.0073269071622875, 0.0, 0.0, 0.0, 0.0, 0.0, 0.0, 0.0, 0.0, 0.9782254819081567, 0.978031404224768, 0.0, 0.0, 0.0, 0.0, 0.0, 0.0, 0.0, 0.0, 0.0], [0.0, 1.0073269071622875, 0.0, 1.0081987877233165, 0.0, 0.0, 0.0, 0.0, 0.0, 0.0, 0.0, 0.0, 0.0, 0.9771183340114866, 0.9754234514248394, 0.0, 0.0, 0.0, 0.0, 0.0, 0.0, 0.0], [0.0, 0.0, 1.0081987877233165, 0.0, 1.0050529215407162, 0.0, 0.0, 0.0, 0.0, 0.0, 0.0, 0.0, 0.0, 0.0, 0.0, 0.9771158298562472, 0.9764009689490025, 0.0, 0.0, 0.0, 0.0, 0.0], [0.0, 0.0, 0.0, 1.0050529215407162, 0.0, 0.9910731161590924, 0.0, 0.0, 0.0, 0.0, 0.0, 0.0, 0.0, 0.0, 0.0, 0.0, 0.0, 0.9777244666330538, 0.9776275428489489, 0.0, 0.0, 0.0], [0.0, 0.0, 0.0, 0.0, 0.9910731161590924, 0.0, 1.0437068742565272, 0.0, 0.0, 0.0, 0.0, 0.0, 0.0, 0.0, 0.0, 0.0, 0.0, 0.0, 0.0, 0.9573434964776821, 0.9557713094041861, 0.0], [0.0, 0.0, 0.0, 0.0, 0.0, 1.0437068742565272, 0.0, 2.902325448357968, 0.0, 0.0, 0.0, 0.0, 0.0, 0.0, 0.0, 0.0, 0.0, 0.0, 0.0, 0.0, 0.0, 0.0], [0.0, 0.0, 0.0, 0.0, 0.0, 0.0, 2.902325448357968, 0.0, 0.0, 0.0, 0.0, 0.0, 0.0, 0.0, 0.0, 0.0, 0.0, 0.0, 0.0, 0.0, 0.0, 0.9707632753381169], [0.9877097314627398, 0.0, 0.0, 0.0, 0.0, 0.0, 0.0, 0.0, 0.0, 0.0, 0.0, 0.0, 0.0, 0.0, 0.0, 0.0, 0.0, 0.0, 0.0, 0.0, 0.0, 0.0], [0.9877072024359237, 0.0, 0.0, 0.0, 0.0, 0.0, 0.0, 0.0, 0.0, 0.0, 0.0, 0.0, 0.0, 0.0, 0.0, 0.0, 0.0, 0.0, 0.0, 0.0, 0.0, 0.0], [0.9873591072148085, 0.0, 0.0, 0.0, 0.0, 0.0, 0.0, 0.0, 0.0, 0.0, 0.0, 0.0, 0.0, 0.0, 0.0, 0.0, 0.0, 0.0, 0.0, 0.0, 0.0, 0.0], [0.0, 0.9782254819081567, 0.0, 0.0, 0.0, 0.0, 0.0, 0.0, 0.0, 0.0, 0.0, 0.0, 0.0, 0.0, 0.0, 0.0, 0.0, 0.0, 0.0, 0.0, 0.0, 0.0], [0.0, 0.978031404224768, 0.0, 0.0, 0.0, 0.0, 0.0, 0.0, 0.0, 0.0, 0.0, 0.0, 0.0, 0.0, 0.0, 0.0, 0.0, 0.0, 0.0, 0.0, 0.0, 0.0], [0.0, 0.0, 0.9771183340114866, 0.0, 0.0, 0.0, 0.0, 0.0, 0.0, 0.0, 0.0, 0.0, 0.0, 0.0, 0.0, 0.0, 0.0, 0.0, 0.0, 0.0, 0.0, 0.0], [0.0, 0.0, 0.9754234514248394, 0.0, 0.0, 0.0, 0.0, 0.0, 0.0, 0.0, 0.0, 0.0, 0.0, 0.0, 0.0, 0.0, 0.0, 0.0, 0.0, 0.0, 0.0, 0.0], [0.0, 0.0, 0.0, 0.9771158298562472, 0.0, 0.0, 0.0, 0.0, 0.0, 0.0, 0.0, 0.0, 0.0, 0.0, 0.0, 0.0, 0.0, 0.0, 0.0, 0.0, 0.0, 0.0], [0.0, 0.0, 0.0, 0.9764009689490025, 0.0, 0.0, 0.0, 0.0, 0.0, 0.0, 0.0, 0.0, 0.0, 0.0, 0.0, 0.0, 0.0, 0.0, 0.0, 0.0, 0.0, 0.0], [0.0, 0.0, 0.0, 0.0, 0.9777244666330538, 0.0, 0.0, 0.0, 0.0, 0.0, 0.0, 0.0, 0.0, 0.0, 0.0, 0.0, 0.0, 0.0, 0.0, 0.0, 0.0, 0.0], [0.0, 0.0, 0.0, 0.0, 0.9776275428489489, 0.0, 0.0, 0.0, 0.0, 0.0, 0.0, 0.0, 0.0, 0.0, 0.0, 0.0, 0.0, 0.0, 0.0, 0.0, 0.0, 0.0], [0.0, 0.0, 0.0, 0.0, 0.0, 0.9573434964776821, 0.0, 0.0, 0.0, 0.0, 0.0, 0.0, 0.0, 0.0, 0.0, 0.0, 0.0, 0.0, 0.0, 0.0, 0.0, 0.0], [0.0, 0.0, 0.0, 0.0, 0.0, 0.9557713094041861, 0.0, 0.0, 0.0, 0.0, 0.0, 0.0, 0.0, 0.0, 0.0, 0.0, 0.0, 0.0, 0.0, 0.0, 0.0, 0.0], [0.0, 0.0, 0.0, 0.0, 0.0, 0.0, 0.0, 0.9707632753381169, 0.0, 0.0, 0.0, 0.0, 0.0, 0.0, 0.0, 0.0, 0.0, 0.0, 0.0, 0.0, 0.0, 0.0]], "Born radii": [], "Atomic SASAs": [], "Solvent H bonds": [], "Total SASA": NaN, "Total FOD": 0.0, "FOD": [0.0, 0.0, 0.0, 0.0, 0.0, 0.0, 0.0, 0.0, 0.0, 0.0, 0.0, 0.0, 0.0, 0.0, 0.0, 0.0, 0.0, 0.0, 0.0, 0.0, 0.0, 0.0], "FOD s proportion": [0.0, 0.0, 0.0, 0.0, 0.0, 0.0, 0.0, 0.0, 0.0, 0.0, 0.0, 0.0, 0.0, 0.0, 0.0, 0.0, 0.0, 0.0, 0.0, 0.0, 0.0, 0.0], "FOD p proportion": [0.0, 0.0, 0.0, 0.0, 0.0, 0.0, 0.0, 0.0, 0.0, 0.0, 0.0, 0.0, 0.0, 0.0, 0.0, 0.0, 0.0, 0.0, 0.0, 0.0, 0.0, 0.0], "FOD d proportion": [0.0, 0.0, 0.0, 0.0, 0.0, 0.0, 0.0, 0.0, 0.0, 0.0, 0.0, 0.0, 0.0, 0.0, 0.0, 0.0, 0.0, 0.0, 0.0, 0.0, 0.0, 0.0], "coordinates": [["-3.23340", "0.29370", "-0.94310"], ["-2.10070", "1.06390", "-0.28320"], ["-0.95560", "0.13620", "0.12550"], ["0.18200", "0.91850", "0.78540"], ["1.30660", "0.02520", "1.31730"], ["2.07050", "-0.71190", "0.21640"], ["3.21150", "-1.45530", "0.77330"], ["4.14360", "-2.06330", "1.22450"], ["-2.88650", "-0.21630", "-1.84750"], ["-3.64620", "-0.45720", "-0.26180"], ["-4.04090", "0.97590", "-1.22640"], ["-1.73140", "1.82680", "-0.97850"], ["-2.48860", "1.58810", "0.59790"], ["-1.33040", "-0.62490", "0.82050"], ["-0.58570", "-0.38810", "-0.76270"], ["0.59430", "1.64440", "0.07410"], ["-0.22170", "1.49580", "1.62660"], ["0.89570", "-0.69650", "2.03500"], ["2.00530", "0.65640", "1.88220"], ["2.43230", "0.00500", "-0.52960"], ["1.40860", "-1.41350", "-0.30240"], ["4.97070", "-2.60290", "1.62510"]], "bond_dist": [[0.0, 1.5204227504217374, 2.5209294020261654, 3.878536379873212, 5.078690816539239, 5.521505847139891, 6.895053732205429, 8.042018885827117, 1.0947049693867292, 1.094725691668922, 1.094400283260197, 2.1465443787632252, 2.145898273451004, 2.7523662401649966, 2.740020198830658, 4.184539833721266, 4.137479835600411, 5.186428680701201, 5.963040253930876, 5.688100423691551, 4.987303111903266, 9.071559932558458], [1.5204227504217374, 0.0, 1.5293518202166563, 2.5246319355502096, 3.90514932236912, 4.5609182452659685, 5.973443707778621, 7.144495896842548, 2.1687388431989683, 2.168587886160024, 2.1591077509008207, 1.0962850860975897, 1.0961702696205549, 2.159528008616698, 2.1525448311243136, 2.7798684393330557, 2.7137639267261258, 4.17749594374429, 4.659855084656604, 4.661552442051896, 4.295703189234564, 8.190954101324216], [2.5209294020261654, 1.5293518202166563, 0.0, 1.5302271269324692, 2.5593470026551692, 3.1440129818434275, 4.50746486397842, 5.661046006702295, 2.783048698819336, 2.782346709164765, 3.471571083817815, 2.1630557089451026, 2.1636229731633003, 1.0967101941716417, 1.095726124540252, 2.163215017052165, 2.154164009540592, 2.786914284652472, 3.4818862330639124, 3.4531486877920563, 2.8590400731714136, 6.698693951808815], [3.878536379873212, 2.5246319355502096, 1.5302271269324692, 0.0, 1.5315442076544836, 2.558983667396101, 3.848758644030566, 4.97777205283649, 4.199479217712597, 4.200511108186717, 4.6779823011636115, 2.756347521630754, 2.759642145278985, 2.1611731374417924, 2.1663749583116956, 1.09675420673914, 1.0972084669742574, 2.1631210899993554, 2.143849234437907, 2.7618032768464884, 2.850628071145024, 6.003082686420369], [5.078690816539239, 3.90514932236912, 2.5593470026551692, 1.5315442076544836, 0.0, 1.5293267898000087, 2.4731478443473613, 3.5240620156291236, 5.258932296578839, 5.220775269057269, 5.997499181325496, 4.212588776512609, 4.166981618629965, 2.761015981482179, 2.842185106568536, 2.1621115073002133, 2.143369249569472, 1.097626070207883, 1.098046966208641, 2.1630182939586984, 2.1687991562152544, 4.519654772214356], [5.521505847139891, 4.5609182452659685, 3.1440129818434275, 2.558983667396101, 1.5293267898000087, 0.0, 1.4712790931702933, 2.6721323283101084, 5.392323392564656, 5.742317147284709, 6.502272728823361, 4.725169553571596, 5.12063814968408, 3.4552317751491, 2.8493651380614593, 2.7841633249506033, 3.480917144949015, 2.1651092720691953, 2.1567071127067767, 1.0960660792123802, 1.0952203476926459, 3.7378438611049547], [6.895053732205429, 5.973443707778621, 4.50746486397842, 3.848758644030566, 2.4731478443473613, 1.4712790931702933, 0.0, 1.200856298646928, 6.751986199630447, 7.006831303092718, 7.906126693267696, 6.186537323899372, 6.464069053622494, 4.6174286794708586, 4.232840615945751, 4.11664384784499, 4.60694848462624, 2.7441927720187587, 2.6727990085301965, 2.106460809034908, 2.0998395510133623, 2.2665686929806474], [8.042018885827117, 7.144495896842548, 5.661046006702295, 4.97777205283649, 3.5240620156291236, 2.6721323283101084, 1.200856298646928, 0.0, 7.891191228832311, 8.09133048021152, 9.068058651111604, 7.382527481154405, 7.596803693659591, 5.6742300411597695, 5.396437470220516, 5.260037066409324, 5.646655763370032, 3.615785792880989, 3.5215996748636833, 3.206755274416805, 3.1990449590463714, 1.0657124049198263], [1.0947049693867292, 2.1687388431989683, 2.783048698819336, 4.199479217712597, 5.258932296578839, 5.392323392564656, 6.751986199630447, 7.891191228832311, 0.0, 1.7747172704405623, 1.7719326764863275, 2.5027334296724453, 3.064990200636863, 3.115545725872114, 2.5495071915960543, 4.3898427864788045, 4.701256880877708, 5.441455240098921, 6.213048737938565, 5.484110460229625, 4.718951775553549, 8.91573901367688], [1.094725691668922, 2.168587886160024, 2.782346709164765, 4.200511108186717, 5.220775269057269, 5.742317147284709, 7.006831303092718, 8.09133048021152, 1.7747172704405623, 0.0, 1.7720092719847715, 3.06541578419633, 2.502473564295935, 2.561723291067948, 3.101989018355803, 4.744617120485066, 4.371208506809072, 5.095234080981952, 6.146242202354216, 6.101926575271125, 5.144624484838519, 9.07829200400604], [1.094400283260197, 2.1591077509008207, 3.471571083817815, 4.6779823011636115, 5.997499181325496, 6.502272728823361, 7.906126693267696, 9.068058651111604, 1.7719326764863275, 1.7720092719847715, 0.0, 2.4737169340892664, 2.472345974980039, 3.7548862166515775, 3.7435171603720474, 4.8603777157747725, 4.7954346674728034, 6.14846901919494, 6.806027376524429, 6.582590317648517, 6.021632553552235, 10.106819294417011], [2.1465443787632252, 1.0962850860975897, 2.1630557089451026, 2.756347521630754, 4.212588776512609, 4.725169553571596, 6.186537323899372, 7.382527481154405, 2.5027334296724453, 3.06541578419633, 2.4737169340892664, 0.0, 1.765040081697863, 3.0672520095355713, 2.5029942349114593, 2.5593196381069716, 3.0290759482059877, 4.727565922332548, 4.849367746418083, 4.566931589152612, 4.562483457504257, 8.445064799040917], [2.145898273451004, 1.0961702696205549, 2.1636229731633003, 2.759642145278985, 4.166981618629965, 5.12063814968408, 6.464069053622494, 7.596803693659591, 3.064990200636863, 2.502473564295935, 2.472345974980039, 1.765040081697863, 0.0, 2.5076576720118715, 3.062291170022864, 3.127588294517039, 2.4910998755569795, 4.328757334385933, 4.7657768086640395, 5.290814556379764, 5.000830979947232, 8.617469311230531], [2.7523662401649966, 2.159528008616698, 1.0967101941716417, 2.1611731374417924, 2.761015981482179, 3.4552317751491, 4.6174286794708586, 5.6742300411597695, 3.115545725872114, 2.561723291067948, 3.7548862166515775, 3.0672520095355713, 2.5076576720118715, 0.0, 1.7655521997380879, 3.0677851195936134, 2.525149775755886, 2.5368598739386456, 3.7277112374753494, 4.046906881804918, 3.0634809237205967, 6.65309900497505], [2.740020198830658, 2.1525448311243136, 1.095726124540252, 2.1663749583116956, 2.842185106568536, 2.8493651380614593, 4.232840615945751, 5.396437470220516, 2.5495071915960543, 3.101989018355803, 3.7435171603720474, 2.5029942349114593, 3.062291170022864, 1.7655521997380879, 0.0, 2.4947325487915535, 3.0643644855010312, 3.1806888892188123, 3.847045263575671, 3.052406791369722, 2.2892255764777745, 6.440536378284032], [4.184539833721266, 2.7798684393330557, 2.163215017052165, 1.09675420673914, 2.1621115073002133, 2.7841633249506033, 4.11664384784499, 5.260037066409324, 4.3898427864788045, 4.744617120485066, 4.8603777157747725, 2.5593196381069716, 3.127588294517039, 3.0677851195936134, 2.4947325487915535, 0.0, 1.7601688015642136, 3.0685148818280155, 2.4972566167696906, 2.535809545293179, 3.1867835116304963, 6.292696977449335], [4.137479835600411, 2.7137639267261258, 2.154164009540592, 1.0972084669742574, 2.143369249569472, 3.480917144949015, 4.60694848462624, 5.646655763370032, 4.701256880877708, 4.371208506809072, 4.7954346674728034, 3.0290759482059877, 2.4910998755569795, 2.525149775755886, 3.0643644855010312, 1.7601688015642136, 0.0, 2.4943040331924253, 2.3936275232374817, 3.730334982277061, 3.852654355116742, 6.6151615021857175], [5.186428680701201, 4.17749594374429, 2.786914284652472, 2.1631210899993554, 1.097626070207883, 2.1651092720691953, 2.7441927720187587, 3.615785792880989, 5.441455240098921, 5.095234080981952, 6.14846901919494, 4.727565922332548, 4.328757334385933, 2.5368598739386456, 3.1806888892188123, 3.0685148818280155, 2.4943040331924253, 0.0, 1.7563878871137775, 3.070898072225778, 2.4981181257098313, 4.517521883732274], [5.963040253930876, 4.659855084656604, 3.4818862330639124, 2.143849234437907, 1.098046966208641, 2.1567071127067767, 2.6727990085301965, 3.5215996748636833, 6.213048737938565, 6.146242202354216, 6.806027376524429, 4.849367746418083, 4.7657768086640395, 3.7277112374753494, 3.847045263575671, 2.4972566167696906, 2.3936275232374817, 1.7563878871137775, 0.0, 2.534448697448816, 3.0680635684418274, 4.41392501748727], [5.688100423691551, 4.661552442051896, 3.4531486877920563, 2.7618032768464884, 2.1630182939586984, 1.0960660792123802, 2.106460809034908, 3.206755274416805, 5.484110460229625, 6.101926575271125, 6.582590317648517, 4.566931589152612, 5.290814556379764, 4.046906881804918, 3.052406791369722, 2.535809545293179, 3.730334982277061, 3.070898072225778, 2.534448697448816, 0.0, 1.7640078741320855, 4.229343809623426], [4.987303111903266, 4.295703189234564, 2.8590400731714136, 2.850628071145024, 2.1687991562152544, 1.0952203476926459, 2.0998395510133623, 3.1990449590463714, 4.718951775553549, 5.144624484838519, 6.021632553552235, 4.562483457504257, 5.000830979947232, 3.0634809237205967, 2.2892255764777745, 3.1867835116304963, 3.852654355116742, 2.4981181257098313, 3.0680635684418274, 1.7640078741320855, 0.0, 4.221194738459717], [9.071559932558458, 8.190954101324216, 6.698693951808815, 6.003082686420369, 4.519654772214356, 3.7378438611049547, 2.2665686929806474, 1.0657124049198263, 8.91573901367688, 9.07829200400604, 10.106819294417011, 8.445064799040917, 8.617469311230531, 6.65309900497505, 6.440536378284032, 6.292696977449335, 6.6151615021857175, 4.517521883732274, 4.41392501748727, 4.229343809623426, 4.221194738459717, 0.0]]}