{"total energy": -46.09985229, "HOMO-LUMO gap/eV": 4.76902293, "electronic energy": -46.67394639, "dipole": [-0.16326456, -0.03721901, 0.78505554], "partial charges": [-0.10007868, -0.05200449, -0.05837018, -0.05848714, -0.05798364, -0.05908339, -0.05963321, -0.05770295, -0.08842432, 0.35205251, -0.40547005, -0.27662719, 0.08138264, -0.11093699, 0.03215118, 0.03216526, 0.03130155, 0.02869711, 0.02872526, 0.02984465, 0.02981259, 0.02950919, 0.02954289, 0.02938309, 0.02943228, 0.0323866, 0.03246164, 0.03119535, 0.0311827, 0.04667347, 0.04680195, 0.06831205, 0.06883014, 0.05548213, 0.05230813, 0.04783663, 0.05695468, 0.0503765], "atomic dipole moments": [[-0.08537202, 0.00549344, -0.05399677], [0.00116609, 0.00370642, 0.11052378], [-0.00468402, -0.00336441, -0.10982218], [0.00064749, 0.0036977, 0.10895977], [-0.0053538, -0.00329743, -0.11022966], [-0.00259957, 0.00412054, 0.11262106], [-0.01184001, -0.00288652, -0.11407219], [-0.02551352, 0.0067819, 0.13277328], [-0.02089407, -0.00119099, -0.09641641], [-0.14035992, 0.01680699, 0.0656414], [0.01085461, 0.00485068, 0.17678411], [-0.04593074, -0.00351367, -0.22009288], [0.21787994, -0.0973301, 0.08431177], [0.03977432, 0.12522322, 0.02205316], [0.01699177, 0.10342971, 0.06971205], [-0.0005906, -0.09979265, 0.07669989], [0.09827979, -0.01108861, -0.07571945], [-0.00671334, -0.10094865, -0.07086787], [0.01026732, 0.09554309, -0.07761482], [0.01022588, 0.10062601, 0.07180662], [-0.00675771, -0.09576392, 0.07856044], [-0.010327, -0.10078455, -0.07179177], [0.00667909, 0.09593638, -0.07857005], [-0.00649167, -0.09569465, 0.07834896], [0.01046955, 0.10049309, 0.07163419], [-0.01019248, -0.10112731, -0.07202501], [0.00688186, 0.09624809, -0.07882671], [0.01087425, 0.10033778, 0.07143162], [-0.0060694, -0.09555656, 0.07812459], [-0.01058669, -0.10197005, -0.07511507], [0.00659899, 0.09701295, -0.08202898], [0.01262661, 0.1120056, 0.07012154], [-0.00621837, -0.10738063, 0.07753582], [0.00107011, 0.07394501, -0.10695739], [-0.07594458, 0.0597522, 0.07557907], [-0.11827925, 0.00564739, -0.04994061], [0.07536756, -0.06973313, -0.08008842], [-0.00241667, -0.07070997, 0.106507]], "atomic quadrupole moments": [[0.13947765, -0.01797613, -0.1274844, 0.15234416, -0.00916181, -0.01199325], [0.22949154, -0.04000819, -0.23247396, 0.00737516, 0.00759004, 0.00298242], [0.23357909, -0.04136126, -0.23982851, -0.00264739, 0.00881597, 0.00624942], [0.23337631, -0.04142244, -0.23943079, -0.00617291, 0.00912458, 0.00605448], [0.2328315, -0.04120389, -0.23910775, -0.00172193, 0.00868184, 0.00627625], [0.23467176, -0.04190025, -0.24230481, -0.00858338, 0.00950933, 0.00763305], [0.23257574, -0.04104585, -0.24090876, 0.00638093, 0.00809051, 0.00833302], [0.25201527, -0.04518179, -0.25699688, -0.0263508, 0.01154172, 0.0049816], [0.22475321, -0.04221214, -0.2653665, -0.00417632, 0.01113011, 0.04061329], [-0.13857327, 0.04167399, 0.47708355, -0.13944778, -0.01883724, -0.33851028], [-0.10862494, 0.02509537, 0.20771744, -0.00618078, -0.01035899, -0.0990925], [0.07989123, -0.00807409, -0.067025, 0.03773546, 0.00221738, -0.01286624], [0.33575073, 0.03337029, -0.1085325, 0.27695922, 0.03674104, -0.22721823], [-0.06483728, 0.1396045, 0.19167821, 0.03627807, 0.06448983, -0.12684094], [-0.03696903, -0.00302678, 0.04712285, 0.01259184, 0.05503689, -0.01015382], [-0.03345009, 0.01690219, 0.03572432, 0.00194732, -0.05963496, -0.00227423], [0.03564364, -0.00970273, -0.05387579, -0.05401528, 0.00719263, 0.01823215], [-0.01586856, 0.00762292, 0.03445713, 0.00521206, 0.03971295, -0.01858857], [-0.01698714, 0.00098969, 0.02987026, -0.00177204, -0.04332663, -0.01288312], [-0.01981346, 0.00585991, 0.03700675, 0.00343446, 0.0386251, -0.01719329], [-0.0201514, 0.0036338, 0.03180628, -0.00348138, -0.04199878, -0.01165488], [-0.01922095, 0.00586465, 0.036549, 0.00352568, 0.03842073, -0.01732805], [-0.01959176, 0.00346475, 0.03141308, -0.00335116, -0.04179368, -0.01182131], [-0.01977538, 0.00368009, 0.03160808, -0.00357202, -0.04194962, -0.0118327], [-0.01946348, 0.00571142, 0.03683578, 0.00334869, 0.03858557, -0.0173723], [-0.01900769, 0.00599808, 0.0362247, 0.0036826, 0.038125, -0.01721701], [-0.01943567, 0.00324955, 0.03119501, -0.00311888, -0.04148578, -0.01175934], [-0.02012789, 0.0054971, 0.03709911, 0.0029657, 0.0384784, -0.01697123], [-0.0203952, 0.00401314, 0.03185334, -0.00393939, -0.04184449, -0.01145813], [-0.0165166, 0.00627593, 0.0364145, 0.00359191, 0.03558312, -0.0198979], [-0.01701863, 0.00267281, 0.03180045, -0.00274564, -0.03906341, -0.01478182], [-0.01182644, 0.01090786, 0.02410079, -0.01139791, 0.05082293, -0.01227435], [-0.01470312, -0.00571339, 0.0199529, -0.0195046, -0.05051023, -0.00524979], [-0.00612479, 0.01638959, -0.01958576, -0.00417194, -0.02210289, 0.02571055], [0.00824856, -0.01103107, -0.01781357, -0.03238354, 0.03415986, 0.00956502], [0.06552628, -0.01180573, -0.0332002, 0.04957023, -0.00345133, -0.03232608], [0.0050751, -0.02350025, -0.01331439, -0.0571256, 0.02877615, 0.00823929], [-0.05313408, 0.00430833, -0.00882983, -0.00372522, -0.04180726, 0.06196391]], "number of molecular orbitals": 80, "number of electrons": 84, "number of unpaired electrons": 0, "orbital energies/eV": [-20.01940123, -19.28738248, -18.27521833, -17.28609224, -16.98399988, -16.87542611, -16.77860336, -16.55461293, -16.18631305, -16.14492552, -15.68180613, -15.55422711, -15.30738431, -15.14564822, -15.10188103, -14.99181514, -14.92007263, -14.32647935, -14.10224676, -13.95958709, -13.8301054, -13.60318908, -13.51730801, -13.42325343, -13.26212488, -13.12129958, -13.0391975, -12.85045101, -12.66671299, -12.49213917, -12.31001763, -12.2038789, -12.18028408, -12.08964465, -11.94071339, -11.89627282, -11.72149365, -11.61776034, -11.45704132, -11.42273385, -11.38358407, -11.16334745, -6.39432452, -0.15213268, 1.31728922, 2.55702165, 2.57815002, 2.71839458, 2.85087581, 3.11343693, 3.16813734, 3.2146722, 3.37485097, 3.61316375, 3.75439492, 4.06076247, 4.08578078, 4.15170293, 4.26042069, 4.39308269, 4.67303672, 4.78575544, 4.8975861, 4.97289219, 5.1907805, 5.4303017, 5.59650306, 6.14796092, 6.22362409, 6.3922693, 6.44003624, 6.87784754, 6.9692598, 7.17157079, 7.37998411, 7.39417642, 7.62490393, 8.15610402, 8.54576637, 16.25826701], "fractional occupation": [2.0, 2.0, 2.0, 2.0, 2.0, 2.0, 2.0, 2.0, 2.0, 2.0, 2.0, 2.0, 2.0, 2.0, 2.0, 2.0, 2.0, 2.0, 2.0, 2.0, 2.0, 2.0, 2.0, 2.0, 2.0, 2.0, 2.0, 2.0, 2.0, 2.0, 2.0, 2.0, 2.0, 2.0, 2.0, 2.0, 2.0, 2.0, 2.0, 2.0, 2.0, 2.0, 0.0, 0.0, 0.0, 0.0, 0.0, 0.0, 0.0, 0.0, 0.0, 0.0, 0.0, 0.0, 0.0, 0.0, 0.0, 0.0, 0.0, 0.0, 0.0, 0.0, 0.0, 0.0, 0.0, 0.0, 0.0, 0.0, 0.0, 0.0, 0.0, 0.0, 0.0, 0.0, 0.0, 0.0, 0.0, 0.0, 0.0, 0.0], "program call": "xtb /home/svss/Project-DBcg-Debug/aqme2_20220329/End-to-End-workflows-final/example-3/QDESCP/mol_348_rdkit_conf_1/mol_348_rdkit_conf_1.xyz --pop --wbo --acc 0.2 --gfn 2 --chrg 0 --uhf 0 --etemp 300 --input /home/svss/Project-DBcg-Debug/aqme2_20220329/End-to-End-workflows-final/example-3/QDESCP/mol_348_rdkit_conf_1/mol_348_rdkit_conf_1_xtb.inp", "method": "GFN2-xTB", "xtb version": "6.3.3 (7355c4f)", "Dipole module/D": 2.04, "Total charge": 0, "Transition dipole module/D": NaN, "HOMO": -11.1633, "LUMO": -6.3943, "HOMO occupancy": 2.0, "LUMO occupancy": 0, "mulliken charges": [-0.08348, -0.03845, -0.04662, -0.04539, -0.04541, -0.04469, -0.04788, -0.04066, -0.07772, 0.57446, -0.52835, -0.42363, 0.20464, -0.09833, 0.02659, 0.02659, 0.02824, 0.02224, 0.02227, 0.0226, 0.02256, 0.0232, 0.02324, 0.02262, 0.02268, 0.02513, 0.02523, 0.02279, 0.02269, 0.03702, 0.03727, 0.05516, 0.05489, 0.04381, 0.03113, 0.0342, 0.05059, 0.03877], "cm5 charges": [-0.23382, -0.15095, -0.15726, -0.15608, -0.15611, -0.15538, -0.15845, -0.14893, -0.17642, 0.62367, -0.57918, -0.50642, 0.12203, -0.24485, 0.07787, 0.07788, 0.07903, 0.07694, 0.07697, 0.07794, 0.0779, 0.07855, 0.07859, 0.07796, 0.07803, 0.08048, 0.08059, 0.07817, 0.07808, 0.09435, 0.09459, 0.11401, 0.11375, 0.10972, 0.0937, 0.08546, 0.10552, 0.09207], "FUKUI+": [0.003, 0.001, 0.002, 0.002, 0.003, 0.004, 0.006, 0.014, 0.029, -0.189, -0.28, -0.121, 0.03, 0.019, -0.003, -0.003, -0.007, -0.002, -0.002, -0.003, -0.003, -0.004, -0.004, -0.007, -0.007, -0.009, -0.009, -0.017, -0.017, -0.022, -0.022, -0.096, -0.096, -0.032, -0.067, -0.051, -0.005, -0.032], "FUKUI-": [0.013, 0.001, 0.001, 0.002, -0.001, -0.002, -0.003, 0.001, -0.007, -0.012, -0.089, -0.044, 0.01, 0.009, -0.044, -0.044, -0.052, -0.056, -0.056, -0.049, -0.049, -0.036, -0.036, -0.031, -0.031, -0.031, -0.031, -0.029, -0.029, -0.024, -0.024, -0.034, -0.033, -0.025, -0.052, -0.033, -0.029, -0.026], "FUKUIrad": [0.008, 0.001, 0.001, 0.002, 0.001, 0.001, 0.002, 0.008, 0.011, -0.101, -0.184, -0.083, 0.02, 0.014, -0.023, -0.023, -0.029, -0.029, -0.029, -0.026, -0.026, -0.02, -0.02, -0.019, -0.019, -0.02, -0.02, -0.023, -0.023, -0.023, -0.023, -0.065, -0.065, -0.028, -0.059, -0.042, -0.017, -0.029], "s proportion": [1.007, 1.027, 1.032, 1.032, 1.032, 1.032, 1.033, 1.031, 1.039, 0.991, 1.731, 1.699, 0.993, 1.012, 0.973, 0.973, 0.972, 0.978, 0.978, 0.977, 0.977, 0.977, 0.977, 0.977, 0.977, 0.975, 0.975, 0.977, 0.977, 0.963, 0.963, 0.945, 0.945, 0.956, 0.969, 0.966, 0.949, 0.961], "p proportion": [3.076, 3.011, 3.014, 3.013, 3.013, 3.012, 3.015, 3.01, 3.038, 2.435, 4.798, 4.725, 2.803, 3.086, 0.0, 0.0, 0.0, 0.0, 0.0, 0.0, 0.0, 0.0, 0.0, 0.0, 0.0, 0.0, 0.0, 0.0, 0.0, 0.0, 0.0, 0.0, 0.0, 0.0, 0.0, 0.0, 0.0, 0.0], "d proportion": [0.0, 0.0, 0.0, 0.0, 0.0, 0.0, 0.0, 0.0, 0.0, 0.0, 0.0, 0.0, 0.0, 0.0, 0.0, 0.0, 0.0, 0.0, 0.0, 0.0, 0.0, 0.0, 0.0, 0.0, 0.0, 0.0, 0.0, 0.0, 0.0, 0.0, 0.0, 0.0, 0.0, 0.0, 0.0, 0.0, 0.0, 0.0], "Fermi-level/eV": -8.7788, "Coordination numbers": [3.75, 3.8, 3.802, 3.802, 3.802, 3.802, 3.802, 3.802, 3.803, 2.712, 0.856, 1.702, 3.695, 3.748, 0.924, 0.924, 0.924, 0.924, 0.924, 0.924, 0.924, 0.924, 0.924, 0.924, 0.924, 0.924, 0.924, 0.924, 0.924, 0.924, 0.924, 0.924, 0.924, 0.924, 0.924, 0.924, 0.924, 0.924], "Dispersion coefficient C6": [22.475, 21.508, 21.623, 21.626, 21.616, 21.637, 21.647, 21.611, 22.184, 21.022, 21.791, 18.59, 19.391, 22.689, 2.556, 2.556, 2.568, 2.605, 2.605, 2.589, 2.589, 2.594, 2.593, 2.595, 2.595, 2.553, 2.552, 2.57, 2.57, 2.362, 2.36, 2.104, 2.099, 2.253, 2.291, 2.347, 2.235, 2.315], "Total dispersion C6": 10431.261836, "Total dispersion C8": 220949.789068, "Polarizability alpha": [6.761, 6.603, 6.62, 6.621, 6.619, 6.622, 6.624, 6.618, 6.706, 7.505, 6.259, 5.821, 6.3, 6.794, 2.5, 2.5, 2.506, 2.524, 2.524, 2.516, 2.516, 2.519, 2.518, 2.519, 2.519, 2.499, 2.498, 2.507, 2.507, 2.403, 2.403, 2.269, 2.265, 2.347, 2.367, 2.396, 2.338, 2.38], "Total polarizability alpha": 151.314695, "Wiberg matrix": [[0.0, 1.020099528208916, 0.0, 0.0, 0.0, 0.0, 0.0, 0.0, 0.0, 0.0, 0.0, 0.0, 0.0, 0.0, 0.9877175870248364, 0.9877194789091714, 0.9873985298143025, 0.0, 0.0, 0.0, 0.0, 0.0, 0.0, 0.0, 0.0, 0.0, 0.0, 0.0, 0.0, 0.0, 0.0, 0.0, 0.0, 0.0, 0.0, 0.0, 0.0, 0.0], [1.020099528208916, 0.0, 1.0077451863594915, 0.0, 0.0, 0.0, 0.0, 0.0, 0.0, 0.0, 0.0, 0.0, 0.0, 0.0, 0.0, 0.0, 0.0, 0.9780747882392542, 0.9780770240595619, 0.0, 0.0, 0.0, 0.0, 0.0, 0.0, 0.0, 0.0, 0.0, 0.0, 0.0, 0.0, 0.0, 0.0, 0.0, 0.0, 0.0, 0.0, 0.0], [0.0, 1.0077451863594915, 0.0, 1.0070884850882882, 0.0, 0.0, 0.0, 0.0, 0.0, 0.0, 0.0, 0.0, 0.0, 0.0, 0.0, 0.0, 0.0, 0.0, 0.0, 0.9772225529130343, 0.9772214943018985, 0.0, 0.0, 0.0, 0.0, 0.0, 0.0, 0.0, 0.0, 0.0, 0.0, 0.0, 0.0, 0.0, 0.0, 0.0, 0.0, 0.0], [0.0, 0.0, 1.0070884850882882, 0.0, 1.0069494501791396, 0.0, 0.0, 0.0, 0.0, 0.0, 0.0, 0.0, 0.0, 0.0, 0.0, 0.0, 0.0, 0.0, 0.0, 0.0, 0.0, 0.9772827666327593, 0.9772804894104559, 0.0, 0.0, 0.0, 0.0, 0.0, 0.0, 0.0, 0.0, 0.0, 0.0, 0.0, 0.0, 0.0, 0.0, 0.0], [0.0, 0.0, 0.0, 1.0069494501791396, 0.0, 1.0069330111099157, 0.0, 0.0, 0.0, 0.0, 0.0, 0.0, 0.0, 0.0, 0.0, 0.0, 0.0, 0.0, 0.0, 0.0, 0.0, 0.0, 0.0, 0.9772660858022643, 0.9772666373015574, 0.0, 0.0, 0.0, 0.0, 0.0, 0.0, 0.0, 0.0, 0.0, 0.0, 0.0, 0.0, 0.0], [0.0, 0.0, 0.0, 0.0, 1.0069330111099157, 0.0, 1.0069572357069732, 0.0, 0.0, 0.0, 0.0, 0.0, 0.0, 0.0, 0.0, 0.0, 0.0, 0.0, 0.0, 0.0, 0.0, 0.0, 0.0, 0.0, 0.0, 0.9770261209850006, 0.9770267807494144, 0.0, 0.0, 0.0, 0.0, 0.0, 0.0, 0.0, 0.0, 0.0, 0.0, 0.0], [0.0, 0.0, 0.0, 0.0, 0.0, 1.0069572357069732, 0.0, 1.0071722731580717, 0.0, 0.0, 0.0, 0.0, 0.0, 0.0, 0.0, 0.0, 0.0, 0.0, 0.0, 0.0, 0.0, 0.0, 0.0, 0.0, 0.0, 0.0, 0.0, 0.9769714567714373, 0.976970841612893, 0.0, 0.0, 0.0, 0.0, 0.0, 0.0, 0.0, 0.0, 0.0], [0.0, 0.0, 0.0, 0.0, 0.0, 0.0, 1.0071722731580717, 0.0, 1.0065262829334962, 0.0, 0.0, 0.0, 0.0, 0.0, 0.0, 0.0, 0.0, 0.0, 0.0, 0.0, 0.0, 0.0, 0.0, 0.0, 0.0, 0.0, 0.0, 0.0, 0.0, 0.9759983434686084, 0.975993926613961, 0.0, 0.0, 0.0, 0.0, 0.0, 0.0, 0.0], [0.0, 0.0, 0.0, 0.0, 0.0, 0.0, 0.0, 1.0065262829334962, 0.0, 0.9784177339379274, 0.0, 0.0, 0.0, 0.0, 0.0, 0.0, 0.0, 0.0, 0.0, 0.0, 0.0, 0.0, 0.0, 0.0, 0.0, 0.0, 0.0, 0.0, 0.0, 0.0, 0.0, 0.9531067728008215, 0.9530197330069197, 0.0, 0.0, 0.0, 0.0, 0.0], [0.0, 0.0, 0.0, 0.0, 0.0, 0.0, 0.0, 0.0, 0.9784177339379274, 0.0, 1.7608935652189632, 1.1152444081967516, 0.0, 0.0, 0.0, 0.0, 0.0, 0.0, 0.0, 0.0, 0.0, 0.0, 0.0, 0.0, 0.0, 0.0, 0.0, 0.0, 0.0, 0.0, 0.0, 0.0, 0.0, 0.0, 0.0, 0.0, 0.0, 0.0], [0.0, 0.0, 0.0, 0.0, 0.0, 0.0, 0.0, 0.0, 0.0, 1.7608935652189632, 0.0, 0.16977618207274756, 0.0, 0.0, 0.0, 0.0, 0.0, 0.0, 0.0, 0.0, 0.0, 0.0, 0.0, 0.0, 0.0, 0.0, 0.0, 0.0, 0.0, 0.0, 0.0, 0.0, 0.0, 0.0, 0.0, 0.0, 0.0, 0.0], [0.0, 0.0, 0.0, 0.0, 0.0, 0.0, 0.0, 0.0, 0.0, 1.1152444081967516, 0.16977618207274756, 0.0, 0.9421714546758191, 0.0, 0.0, 0.0, 0.0, 0.0, 0.0, 0.0, 0.0, 0.0, 0.0, 0.0, 0.0, 0.0, 0.0, 0.0, 0.0, 0.0, 0.0, 0.0, 0.0, 0.0, 0.0, 0.0, 0.0, 0.0], [0.0, 0.0, 0.0, 0.0, 0.0, 0.0, 0.0, 0.0, 0.0, 0.0, 0.0, 0.9421714546758191, 0.0, 1.0147164974306393, 0.0, 0.0, 0.0, 0.0, 0.0, 0.0, 0.0, 0.0, 0.0, 0.0, 0.0, 0.0, 0.0, 0.0, 0.0, 0.0, 0.0, 0.0, 0.0, 0.9691104794250212, 0.971650710971961, 0.0, 0.0, 0.0], [0.0, 0.0, 0.0, 0.0, 0.0, 0.0, 0.0, 0.0, 0.0, 0.0, 0.0, 0.0, 1.0147164974306393, 0.0, 0.0, 0.0, 0.0, 0.0, 0.0, 0.0, 0.0, 0.0, 0.0, 0.0, 0.0, 0.0, 0.0, 0.0, 0.0, 0.0, 0.0, 0.0, 0.0, 0.0, 0.0, 0.9837735678852814, 0.9846612553718305, 0.9857930071798813], [0.9877175870248364, 0.0, 0.0, 0.0, 0.0, 0.0, 0.0, 0.0, 0.0, 0.0, 0.0, 0.0, 0.0, 0.0, 0.0, 0.0, 0.0, 0.0, 0.0, 0.0, 0.0, 0.0, 0.0, 0.0, 0.0, 0.0, 0.0, 0.0, 0.0, 0.0, 0.0, 0.0, 0.0, 0.0, 0.0, 0.0, 0.0, 0.0], [0.9877194789091714, 0.0, 0.0, 0.0, 0.0, 0.0, 0.0, 0.0, 0.0, 0.0, 0.0, 0.0, 0.0, 0.0, 0.0, 0.0, 0.0, 0.0, 0.0, 0.0, 0.0, 0.0, 0.0, 0.0, 0.0, 0.0, 0.0, 0.0, 0.0, 0.0, 0.0, 0.0, 0.0, 0.0, 0.0, 0.0, 0.0, 0.0], [0.9873985298143025, 0.0, 0.0, 0.0, 0.0, 0.0, 0.0, 0.0, 0.0, 0.0, 0.0, 0.0, 0.0, 0.0, 0.0, 0.0, 0.0, 0.0, 0.0, 0.0, 0.0, 0.0, 0.0, 0.0, 0.0, 0.0, 0.0, 0.0, 0.0, 0.0, 0.0, 0.0, 0.0, 0.0, 0.0, 0.0, 0.0, 0.0], [0.0, 0.9780747882392542, 0.0, 0.0, 0.0, 0.0, 0.0, 0.0, 0.0, 0.0, 0.0, 0.0, 0.0, 0.0, 0.0, 0.0, 0.0, 0.0, 0.0, 0.0, 0.0, 0.0, 0.0, 0.0, 0.0, 0.0, 0.0, 0.0, 0.0, 0.0, 0.0, 0.0, 0.0, 0.0, 0.0, 0.0, 0.0, 0.0], [0.0, 0.9780770240595619, 0.0, 0.0, 0.0, 0.0, 0.0, 0.0, 0.0, 0.0, 0.0, 0.0, 0.0, 0.0, 0.0, 0.0, 0.0, 0.0, 0.0, 0.0, 0.0, 0.0, 0.0, 0.0, 0.0, 0.0, 0.0, 0.0, 0.0, 0.0, 0.0, 0.0, 0.0, 0.0, 0.0, 0.0, 0.0, 0.0], [0.0, 0.0, 0.9772225529130343, 0.0, 0.0, 0.0, 0.0, 0.0, 0.0, 0.0, 0.0, 0.0, 0.0, 0.0, 0.0, 0.0, 0.0, 0.0, 0.0, 0.0, 0.0, 0.0, 0.0, 0.0, 0.0, 0.0, 0.0, 0.0, 0.0, 0.0, 0.0, 0.0, 0.0, 0.0, 0.0, 0.0, 0.0, 0.0], [0.0, 0.0, 0.9772214943018985, 0.0, 0.0, 0.0, 0.0, 0.0, 0.0, 0.0, 0.0, 0.0, 0.0, 0.0, 0.0, 0.0, 0.0, 0.0, 0.0, 0.0, 0.0, 0.0, 0.0, 0.0, 0.0, 0.0, 0.0, 0.0, 0.0, 0.0, 0.0, 0.0, 0.0, 0.0, 0.0, 0.0, 0.0, 0.0], [0.0, 0.0, 0.0, 0.9772827666327593, 0.0, 0.0, 0.0, 0.0, 0.0, 0.0, 0.0, 0.0, 0.0, 0.0, 0.0, 0.0, 0.0, 0.0, 0.0, 0.0, 0.0, 0.0, 0.0, 0.0, 0.0, 0.0, 0.0, 0.0, 0.0, 0.0, 0.0, 0.0, 0.0, 0.0, 0.0, 0.0, 0.0, 0.0], [0.0, 0.0, 0.0, 0.9772804894104559, 0.0, 0.0, 0.0, 0.0, 0.0, 0.0, 0.0, 0.0, 0.0, 0.0, 0.0, 0.0, 0.0, 0.0, 0.0, 0.0, 0.0, 0.0, 0.0, 0.0, 0.0, 0.0, 0.0, 0.0, 0.0, 0.0, 0.0, 0.0, 0.0, 0.0, 0.0, 0.0, 0.0, 0.0], [0.0, 0.0, 0.0, 0.0, 0.9772660858022643, 0.0, 0.0, 0.0, 0.0, 0.0, 0.0, 0.0, 0.0, 0.0, 0.0, 0.0, 0.0, 0.0, 0.0, 0.0, 0.0, 0.0, 0.0, 0.0, 0.0, 0.0, 0.0, 0.0, 0.0, 0.0, 0.0, 0.0, 0.0, 0.0, 0.0, 0.0, 0.0, 0.0], [0.0, 0.0, 0.0, 0.0, 0.9772666373015574, 0.0, 0.0, 0.0, 0.0, 0.0, 0.0, 0.0, 0.0, 0.0, 0.0, 0.0, 0.0, 0.0, 0.0, 0.0, 0.0, 0.0, 0.0, 0.0, 0.0, 0.0, 0.0, 0.0, 0.0, 0.0, 0.0, 0.0, 0.0, 0.0, 0.0, 0.0, 0.0, 0.0], [0.0, 0.0, 0.0, 0.0, 0.0, 0.9770261209850006, 0.0, 0.0, 0.0, 0.0, 0.0, 0.0, 0.0, 0.0, 0.0, 0.0, 0.0, 0.0, 0.0, 0.0, 0.0, 0.0, 0.0, 0.0, 0.0, 0.0, 0.0, 0.0, 0.0, 0.0, 0.0, 0.0, 0.0, 0.0, 0.0, 0.0, 0.0, 0.0], [0.0, 0.0, 0.0, 0.0, 0.0, 0.9770267807494144, 0.0, 0.0, 0.0, 0.0, 0.0, 0.0, 0.0, 0.0, 0.0, 0.0, 0.0, 0.0, 0.0, 0.0, 0.0, 0.0, 0.0, 0.0, 0.0, 0.0, 0.0, 0.0, 0.0, 0.0, 0.0, 0.0, 0.0, 0.0, 0.0, 0.0, 0.0, 0.0], [0.0, 0.0, 0.0, 0.0, 0.0, 0.0, 0.9769714567714373, 0.0, 0.0, 0.0, 0.0, 0.0, 0.0, 0.0, 0.0, 0.0, 0.0, 0.0, 0.0, 0.0, 0.0, 0.0, 0.0, 0.0, 0.0, 0.0, 0.0, 0.0, 0.0, 0.0, 0.0, 0.0, 0.0, 0.0, 0.0, 0.0, 0.0, 0.0], [0.0, 0.0, 0.0, 0.0, 0.0, 0.0, 0.976970841612893, 0.0, 0.0, 0.0, 0.0, 0.0, 0.0, 0.0, 0.0, 0.0, 0.0, 0.0, 0.0, 0.0, 0.0, 0.0, 0.0, 0.0, 0.0, 0.0, 0.0, 0.0, 0.0, 0.0, 0.0, 0.0, 0.0, 0.0, 0.0, 0.0, 0.0, 0.0], [0.0, 0.0, 0.0, 0.0, 0.0, 0.0, 0.0, 0.9759983434686084, 0.0, 0.0, 0.0, 0.0, 0.0, 0.0, 0.0, 0.0, 0.0, 0.0, 0.0, 0.0, 0.0, 0.0, 0.0, 0.0, 0.0, 0.0, 0.0, 0.0, 0.0, 0.0, 0.0, 0.0, 0.0, 0.0, 0.0, 0.0, 0.0, 0.0], [0.0, 0.0, 0.0, 0.0, 0.0, 0.0, 0.0, 0.975993926613961, 0.0, 0.0, 0.0, 0.0, 0.0, 0.0, 0.0, 0.0, 0.0, 0.0, 0.0, 0.0, 0.0, 0.0, 0.0, 0.0, 0.0, 0.0, 0.0, 0.0, 0.0, 0.0, 0.0, 0.0, 0.0, 0.0, 0.0, 0.0, 0.0, 0.0], [0.0, 0.0, 0.0, 0.0, 0.0, 0.0, 0.0, 0.0, 0.9531067728008215, 0.0, 0.0, 0.0, 0.0, 0.0, 0.0, 0.0, 0.0, 0.0, 0.0, 0.0, 0.0, 0.0, 0.0, 0.0, 0.0, 0.0, 0.0, 0.0, 0.0, 0.0, 0.0, 0.0, 0.0, 0.0, 0.0, 0.0, 0.0, 0.0], [0.0, 0.0, 0.0, 0.0, 0.0, 0.0, 0.0, 0.0, 0.9530197330069197, 0.0, 0.0, 0.0, 0.0, 0.0, 0.0, 0.0, 0.0, 0.0, 0.0, 0.0, 0.0, 0.0, 0.0, 0.0, 0.0, 0.0, 0.0, 0.0, 0.0, 0.0, 0.0, 0.0, 0.0, 0.0, 0.0, 0.0, 0.0, 0.0], [0.0, 0.0, 0.0, 0.0, 0.0, 0.0, 0.0, 0.0, 0.0, 0.0, 0.0, 0.0, 0.9691104794250212, 0.0, 0.0, 0.0, 0.0, 0.0, 0.0, 0.0, 0.0, 0.0, 0.0, 0.0, 0.0, 0.0, 0.0, 0.0, 0.0, 0.0, 0.0, 0.0, 0.0, 0.0, 0.0, 0.0, 0.0, 0.0], [0.0, 0.0, 0.0, 0.0, 0.0, 0.0, 0.0, 0.0, 0.0, 0.0, 0.0, 0.0, 0.971650710971961, 0.0, 0.0, 0.0, 0.0, 0.0, 0.0, 0.0, 0.0, 0.0, 0.0, 0.0, 0.0, 0.0, 0.0, 0.0, 0.0, 0.0, 0.0, 0.0, 0.0, 0.0, 0.0, 0.0, 0.0, 0.0], [0.0, 0.0, 0.0, 0.0, 0.0, 0.0, 0.0, 0.0, 0.0, 0.0, 0.0, 0.0, 0.0, 0.9837735678852814, 0.0, 0.0, 0.0, 0.0, 0.0, 0.0, 0.0, 0.0, 0.0, 0.0, 0.0, 0.0, 0.0, 0.0, 0.0, 0.0, 0.0, 0.0, 0.0, 0.0, 0.0, 0.0, 0.0, 0.0], [0.0, 0.0, 0.0, 0.0, 0.0, 0.0, 0.0, 0.0, 0.0, 0.0, 0.0, 0.0, 0.0, 0.9846612553718305, 0.0, 0.0, 0.0, 0.0, 0.0, 0.0, 0.0, 0.0, 0.0, 0.0, 0.0, 0.0, 0.0, 0.0, 0.0, 0.0, 0.0, 0.0, 0.0, 0.0, 0.0, 0.0, 0.0, 0.0], [0.0, 0.0, 0.0, 0.0, 0.0, 0.0, 0.0, 0.0, 0.0, 0.0, 0.0, 0.0, 0.0, 0.9857930071798813, 0.0, 0.0, 0.0, 0.0, 0.0, 0.0, 0.0, 0.0, 0.0, 0.0, 0.0, 0.0, 0.0, 0.0, 0.0, 0.0, 0.0, 0.0, 0.0, 0.0, 0.0, 0.0, 0.0, 0.0]], "Born radii": [], "Atomic SASAs": [], "Solvent H bonds": [], "Total SASA": NaN, "Total FOD": 0.0, "FOD": [0.0, 0.0, 0.0, 0.0, 0.0, 0.0, 0.0, 0.0, 0.0, 0.0, 0.0, 0.0, 0.0, 0.0, 0.0, 0.0, 0.0, 0.0, 0.0, 0.0, 0.0, 0.0, 0.0, 0.0, 0.0, 0.0, 0.0, 0.0, 0.0, 0.0, 0.0, 0.0, 0.0, 0.0, 0.0, 0.0, 0.0, 0.0], "FOD s proportion": [0.0, 0.0, 0.0, 0.0, 0.0, 0.0, 0.0, 0.0, 0.0, 0.0, 0.0, 0.0, 0.0, 0.0, 0.0, 0.0, 0.0, 0.0, 0.0, 0.0, 0.0, 0.0, 0.0, 0.0, 0.0, 0.0, 0.0, 0.0, 0.0, 0.0, 0.0, 0.0, 0.0, 0.0, 0.0, 0.0, 0.0, 0.0], "FOD p proportion": [0.0, 0.0, 0.0, 0.0, 0.0, 0.0, 0.0, 0.0, 0.0, 0.0, 0.0, 0.0, 0.0, 0.0, 0.0, 0.0, 0.0, 0.0, 0.0, 0.0, 0.0, 0.0, 0.0, 0.0, 0.0, 0.0, 0.0, 0.0, 0.0, 0.0, 0.0, 0.0, 0.0, 0.0, 0.0, 0.0, 0.0, 0.0], "FOD d proportion": [0.0, 0.0, 0.0, 0.0, 0.0, 0.0, 0.0, 0.0, 0.0, 0.0, 0.0, 0.0, 0.0, 0.0, 0.0, 0.0, 0.0, 0.0, 0.0, 0.0, 0.0, 0.0, 0.0, 0.0, 0.0, 0.0, 0.0, 0.0, 0.0, 0.0, 0.0, 0.0, 0.0, 0.0, 0.0, 0.0, 0.0, 0.0], "coordinates": [["7.08220", "-0.45020", "0.20080"], ["5.80770", "-0.36820", "-0.62400"], ["4.57260", "-0.23080", "0.26580"], ["3.29270", "-0.14870", "-0.56780"], ["2.05660", "-0.01120", "0.32260"], ["0.77680", "0.07090", "-0.51100"], ["-0.45930", "0.20830", "0.37940"], ["-1.73870", "0.29040", "-0.45390"], ["-2.97350", "0.42770", "0.43490"], ["-4.24640", "0.50940", "-0.37510"], ["-4.31510", "0.47400", "-1.59500"], ["-5.30990", "0.62610", "0.47080"], ["-6.59810", "0.71920", "-0.15500"], ["-7.15400", "-0.66780", "-0.41780"], ["7.21460", "0.45050", "0.80880"], ["7.06170", "-1.31660", "0.86950"], ["7.95270", "-0.54800", "-0.45530"], ["5.72210", "-1.26840", "-1.24380"], ["5.87410", "0.48900", "-1.30410"], ["4.66520", "0.66870", "0.88650"], ["4.51320", "-1.08850", "0.94690"], ["3.20020", "-1.04840", "-1.18830"], ["3.35220", "0.70910", "-1.24870"], ["1.99710", "-0.86910", "1.00350"], ["2.14910", "0.88840", "0.94320"], ["0.68430", "-0.82880", "-1.13160"], ["0.83630", "0.92870", "-1.19190"], ["-0.36680", "1.10800", "0.99990"], ["-0.51880", "-0.64950", "1.06020"], ["-1.83150", "-0.60700", "-1.07840"], ["-1.67990", "1.14580", "-1.13860"], ["-2.89470", "1.33790", "1.03980"], ["-3.04780", "-0.43930", "1.10100"], ["-6.55300", "1.31480", "-1.07400"], ["-7.25380", "1.25230", "0.54130"], ["-8.16070", "-0.60830", "-0.84080"], ["-6.51520", "-1.22220", "-1.11260"], ["-7.19410", "-1.24800", "0.50990"]], "bond_dist": [[0.0, 1.520318811960176, 2.5200106190252454, 3.8783963773704206, 5.046207645351111, 6.366810316791289, 7.5723010016771, 8.876113860243118, 10.096663493946899, 11.38374590940961, 11.574864602663828, 12.441682526893217, 13.734798800492127, 14.251294894149092, 1.0947393525401379, 1.0946364236585588, 1.0944415470914834, 2.146204186465025, 2.146235369198821, 2.750274659011351, 2.750246007178267, 4.166217235094685, 4.166284524609427, 5.165079526009256, 5.165121811729129, 6.546124970545551, 6.54616264005104, 7.652068285764313, 7.652025212321246, 9.006385877253983, 9.006420197281493, 10.170533723458174, 10.169925213589332, 13.807933193639084, 14.440752837023423, 15.279264595522914, 13.682481146341843, 14.301914883679038], [1.520318811960176, 0.0, 1.5284288697875337, 2.525185872366626, 3.8851321431838066, 5.051290193604006, 6.372946948625886, 7.576994188330883, 8.880551754254912, 10.09539795055153, 10.204078678646104, 11.215536067883692, 12.462193763539387, 12.966801667720533, 2.1685370967543998, 2.1685296424075005, 2.1591231391470016, 1.0962843791644574, 1.0962375700549585, 2.1591845937760854, 2.1592334635235715, 2.7532095416077573, 2.7532354839352187, 4.173766814281794, 4.1737888494747795, 5.16904610929328, 5.169069353374937, 6.552912932429364, 6.552881929349864, 7.656427459331146, 7.656445841250364, 9.022791885552941, 9.022225914928088, 12.482863993891785, 13.2131270556973, 13.972145461953938, 12.362115934175671, 13.08077140271169], [2.5200106190252454, 1.5284288697875337, 0.0, 1.5296317792200844, 2.526203950594647, 3.886198498532982, 5.052299613047508, 6.373548871704052, 7.5766643234341595, 8.873184876356405, 9.107718208750203, 9.921698889807129, 11.21891755607465, 11.754634214640625, 2.781938656764379, 2.781911957629141, 3.470688268917276, 2.162604025243641, 2.162544866586587, 1.0967878099249644, 1.0968476922526664, 2.1601755322195464, 2.1602079575818625, 2.754056722364302, 2.754057306956412, 4.174830254034289, 4.17483738964765, 5.170005861698805, 5.169984043495686, 6.55445626196407, 6.554473523479976, 7.66945010936247, 7.668867416379031, 11.31206960551428, 11.922215516421431, 12.786868213131784, 11.217048157157928, 11.813107531043642], [3.8783963773704206, 2.525185872366626, 1.5296317792200844, 0.0, 1.5295952471160466, 2.5261043545348634, 3.8861473003477363, 5.051808387102582, 6.372041014463105, 7.570221774162234, 7.702046219674354, 8.699639748863166, 9.937382899435846, 10.460664687294015, 4.199448512602578, 4.199426472746011, 4.6784288751673895, 2.7591100829796553, 2.759062329850488, 2.160298011849291, 2.1603611688789446, 1.0968302466653623, 1.0968071389264384, 2.160217398781891, 2.160212575187914, 2.7539348231212735, 2.7539412720680883, 4.174795615356517, 4.174771477578144, 5.16993006625815, 5.169941358468198, 6.563404305693807, 6.562871479009779, 9.966738643106881, 10.696801674332379, 11.465868162507364, 9.881503514141965, 10.599192045623099], [5.046207645351111, 3.8851321431838066, 2.526203950594647, 1.5295952471160466, 0.0, 1.5295481064680507, 2.526095663271682, 3.885642405059941, 5.050460425545378, 6.3628310247876305, 6.671669183195462, 7.395501117571412, 8.698587127229342, 9.26360988384118, 5.201396094319293, 5.201364703613851, 5.971371522523113, 4.179719015675576, 4.17967213785962, 2.7540953469333624, 2.754125875845184, 2.1601906420499093, 2.1601840523436886, 1.0968853495238233, 1.0968048003177229, 2.160179318945536, 2.1601514645968694, 2.7539447144051388, 2.7539364208347292, 4.1755359236869225, 4.175546274441226, 5.181681034181861, 5.181126859091562, 8.822356812099589, 9.398287615305247, 10.300643050800275, 8.77508263664793, 9.334891859041539], [6.366810316791289, 5.051290193604006, 3.886198498532982, 2.5261043545348634, 1.5295481064680507, 0.0, 1.5295862610523148, 2.5257040424404438, 3.884170843307488, 5.044134147700674, 5.221588955480889, 6.1903227032199215, 7.411894420456891, 7.965673390869098, 6.582646659209349, 6.58262140108331, 7.202755063862717, 5.175588123102534, 5.175546590457862, 4.174928220939852, 4.174968949585135, 2.7539853558071075, 2.7539400302112607, 2.160194977311076, 2.1601414722188914, 1.096886821873615, 1.0968071389264387, 2.160142629550188, 2.160144661822444, 2.7540370476810945, 2.754027352805342, 4.18212647943603, 4.181675884140233, 7.455885209014419, 8.184960452561759, 8.969335924693645, 7.4301611133272205, 8.14352385825694], [7.5723010016771, 6.372946948625886, 5.052299613047508, 3.8861473003477363, 2.526095663271682, 1.5295862610523148, 0.0, 1.5290499207023946, 2.524364920133379, 3.8732490069707635, 4.340051323429252, 4.869417948790184, 6.183160001973101, 6.798682750356867, 7.689719527395002, 7.689665728755704, 8.487075926371816, 6.559354167141763, 6.559338404138027, 5.170069517907859, 5.170058291741013, 4.174795615356517, 4.17481047474014, 2.7539412720680883, 2.753934823121273, 2.160212575187914, 2.160217398781891, 1.0968302466653626, 1.0967450615343568, 2.161672447435087, 2.161734167283295, 2.7646514210655924, 2.7641317931676124, 6.361595200891046, 6.87614556710371, 7.84010749671202, 6.398931087298878, 6.891688543455805], [8.876113860243118, 7.576994188330883, 6.373548871704052, 5.051808387102582, 3.885642405059941, 2.5257040424404438, 1.5290499207023946, 0.0, 1.5275954209148441, 2.5184776612072626, 2.8237661252306294, 3.7042184087874737, 4.887430716644483, 5.4995385751897405, 9.043319312619676, 9.04327798533253, 9.727597364200474, 7.6627238035831615, 7.662702254426959, 6.553603456114811, 6.553614228805355, 5.169570776186356, 5.169553127689085, 4.174285166348845, 4.174264156710737, 2.753691146443261, 2.7536695317339737, 2.1596559471360246, 2.1596450703761487, 1.0972414729675506, 1.0972605387965066, 2.159799050837832, 2.159610823736536, 4.960988193898469, 5.68612369369503, 6.496109397169971, 5.053394571968431, 5.749519472095038], [10.096663493946899, 8.880551754254912, 7.5766643234341595, 6.372041014463105, 5.050460425545378, 3.884170843307488, 2.524364920133379, 1.5275954209148441, 0.0, 1.5109762738044568, 2.4336245108890564, 2.3450834377480043, 3.6838403086996045, 4.404974209913153, 10.194984191257973, 10.194934952710586, 11.005739092400837, 9.017108641909557, 9.017089577574351, 7.655831845723886, 7.655826756791197, 6.551963151605785, 6.551959661811113, 5.168351822389803, 5.168330885305235, 4.17279466784552, 4.172775488808378, 2.7526202026432927, 2.7526191200382226, 2.1598252197805268, 2.1598543515709574, 1.0957086702221537, 1.0958552367899694, 3.9845383509259893, 4.360304371256667, 5.441300426368683, 4.2024475190060375, 4.541702307505413], [11.38374590940961, 10.09539795055153, 8.873184876356405, 7.570221774162234, 6.3628310247876305, 5.044134147700674, 3.8732490069707635, 2.5184776612072626, 1.5109762738044568, 0.0, 1.2223456385163731, 1.3638907397588704, 2.3712766477153178, 3.137158091330432, 11.522135627564882, 11.521997690070936, 12.245103821936343, 10.162982081062626, 10.16306929081958, 9.001867895609221, 9.001753194239443, 7.651136297309048, 7.651259962254583, 6.540802126650829, 6.540946119637434, 5.164772403504341, 5.164960214754806, 4.159356094397305, 4.159102915293153, 2.7518578924065102, 2.7522462571506936, 2.1249581525291275, 2.124981143445748, 2.5411678279877536, 3.2305021482735463, 4.097300851780353, 2.947846374898122, 3.544095801470383], [11.574864602663828, 10.204078678646104, 9.107718208750203, 7.702046219674354, 6.671669183195462, 5.221588955480889, 4.340051323429252, 2.8237661252306294, 2.4336245108890564, 1.2223456385163731, 0.0, 2.2978883980733267, 2.7103158561319005, 3.2785454533985035, 11.77763935515093, 11.777588329110506, 12.362941273418718, 10.193364657462226, 10.193362764564007, 9.31888074985403, 9.318880981641518, 7.678726505091843, 7.678716363429503, 6.957010040239989, 6.957015756773877, 5.187102057989606, 5.187115157773153, 4.767025791832891, 4.7669941241834985, 2.7574817352069623, 2.757516135945536, 3.115450274037447, 3.1158597818258764, 2.446749282210991, 3.7155734779438827, 4.065566416872316, 2.8196177418224617, 3.960369807227602], [12.441682526893217, 11.215536067883692, 9.921698889807129, 8.699639748863166, 7.395501117571412, 6.1903227032199215, 4.869417948790184, 3.7042184087874737, 2.3450834377480043, 1.3638907397588704, 2.2978883980733267, 0.0, 1.4351837826564233, 2.4216713195642385, 12.530290483863492, 12.52954634214663, 13.346637433451168, 11.324045540795039, 11.324792378670791, 9.983849020292725, 9.982976408867248, 8.830535944663835, 8.831508685383263, 7.477408730970911, 7.478545583868564, 6.372978378278088, 6.374316629255249, 4.994638328247601, 4.99291367139469, 4.0024770842566975, 4.004641862888615, 2.581397156580134, 2.5786286297177416, 2.09905034241678, 2.0434881697724605, 3.37210595325829, 2.7159006866967728, 2.657816634006191], [13.734798800492127, 12.462193763539387, 11.21891755607465, 9.937382899435846, 8.698587127229342, 7.411894420456891, 6.183160001973101, 4.887430716644483, 3.6838403086996045, 2.3712766477153178, 2.7103158561319005, 1.4351837826564233, 0.0, 1.5171874142636435, 13.848891342631005, 13.848617906852654, 14.608961515795706, 12.526905732861568, 12.527138367959381, 11.311463185194034, 11.311186966450515, 10.009935141648022, 10.010232354446122, 8.817158395991308, 8.817492825060873, 7.508888154713719, 7.509284601078853, 6.349335330568074, 6.3488533783668375, 5.033085491028341, 5.033701198919141, 3.940242161339833, 3.9400873518235606, 1.0960539995821375, 1.0949757029267821, 2.1620121761914297, 2.166311180324747, 2.1603666008342195], [14.251294894149092, 12.966801667720533, 11.754634214640625, 10.460664687294015, 9.26360988384118, 7.965673390869098, 6.798682750356867, 5.4995385751897405, 4.404974209913153, 3.137158091330432, 3.2785454533985035, 2.4216713195642385, 1.5171874142636435, 0.0, 14.464155986783329, 14.288604173256394, 15.107221557255325, 12.916537754754561, 13.10935175895437, 11.965822971279492, 11.754273708741007, 10.389801935070755, 10.628569370333903, 9.263004188167033, 9.53004454606588, 7.8723807282168465, 8.184921328271884, 7.1574732112666695, 6.79784509458696, 5.3636829930561705, 5.811580543191327, 4.928393931089518, 4.384044266427974, 2.173131887392019, 2.1486313923053437, 1.0935785934261884, 1.0946103598998138, 1.0949280067657416], [1.0947393525401379, 2.1685370967543998, 2.781938656764379, 4.199448512602578, 5.201396094319293, 6.582646659209349, 7.689719527395002, 9.043319312619676, 10.194984191257973, 11.522135627564882, 11.77763935515093, 12.530290483863492, 13.848891342631005, 14.464155986783329, 0.0, 1.774740913485684, 1.7719319033190866, 3.0651819228228527, 2.502552478970221, 2.5599001718817087, 3.11209809774692, 4.7276333381513425, 4.383869748293168, 5.385309508282694, 5.086168500944498, 6.9315639461812655, 6.701804728578713, 7.612256657522788, 7.815284864929748, 9.30116956624273, 9.131699682972497, 10.150802246620707, 10.305046270638478, 13.922598898553387, 14.493068620895988, 15.49974476209205, 13.96413661097599, 14.511542962414437], [1.0946364236585588, 2.1685296424075005, 2.781911957629141, 4.199426472746011, 5.201364703613851, 6.58262140108331, 7.689665728755704, 9.04327798533253, 10.194934952710586, 11.521997690070936, 11.777588329110506, 12.52954634214663, 13.848617906852654, 14.288604173256394, 1.774740913485684, 0.0, 1.771926070692567, 2.5025763305042266, 3.0651463390839924, 3.1120599833550773, 2.5598579296515656, 4.38379451274806, 4.727644443060413, 5.086097267060472, 5.385266516153124, 6.701759530899329, 6.9315472450240145, 7.815260812666459, 7.612185569860998, 9.1316402037093, 9.301153150550743, 10.305594272044674, 10.150134865606466, 14.002196766936251, 14.547869352589059, 15.334545208124041, 13.721145920804137, 14.260499702324601], [1.0944415470914834, 2.1591231391470016, 3.470688268917276, 4.6784288751673895, 5.971371522523113, 7.202755063862717, 8.487075926371816, 9.727597364200474, 11.005739092400837, 12.245103821936343, 12.362941273418718, 13.346637433451168, 14.608961515795706, 15.107221557255325, 1.7719319033190866, 1.771926070692567, 0.0, 2.473112365017004, 2.473137359711344, 3.75345739019374, 3.7534604487059666, 4.834660837121876, 4.83470621858247, 6.140063029806779, 6.140099361573882, 7.305194651068511, 7.305229045690491, 8.6066267079501, 8.60658786918486, 9.804198297158212, 9.804225624188787, 11.111166886515566, 11.110575395990976, 14.637901011415538, 15.345094783024313, 16.118123522916676, 14.498507486634615, 15.193655296866519], [2.146204186465025, 1.0962843791644574, 2.162604025243641, 2.7591100829796553, 4.179719015675576, 5.175588123102534, 6.559354167141763, 7.6627238035831615, 9.017108641909557, 10.162982081062626, 10.193364657462226, 11.324045540795039, 12.526905732861568, 12.916537754754561, 3.0651819228228527, 2.5025763305042266, 2.473112365017004, 0.0, 1.764991458902847, 3.0671765697461897, 2.5085792213920612, 2.5320860688373132, 3.0865767882882813, 4.368686619568861, 4.711802652913215, 5.058187999669447, 5.357329900239484, 6.9105839015238075, 6.681338639823609, 7.584304851467932, 7.78646470999516, 9.287457719419237, 9.115735837550362, 12.545111968013677, 13.338459105533891, 13.904325832272487, 12.238090503424136, 13.034726782330344], [2.146235369198821, 1.0962375700549585, 2.162544866586587, 2.759062329850488, 4.17967213785962, 5.175546590457862, 6.559338404138027, 7.662702254426959, 9.017089577574351, 10.16306929081958, 10.193362764564007, 11.324792378670791, 12.527138367959381, 13.10935175895437, 2.502552478970221, 3.0651463390839924, 2.473137359711344, 1.764991458902847, 0.0, 2.5084775582013883, 3.0671739533322855, 3.086543310890032, 2.532092569397889, 4.711749395925042, 4.368695760750571, 5.357273292450181, 5.058196691509733, 6.681347903679317, 6.910518587631467, 7.786425871348164, 7.5843056696048325, 9.116268527199054, 9.286901878990648, 12.456633014583034, 13.278926404645821, 14.085252046733137, 12.508382476563467, 13.307351961979514], [2.750274659011351, 2.1591845937760854, 1.0967878099249644, 2.160298011849291, 2.7540953469333624, 4.174928220939852, 5.170069517907859, 6.553603456114811, 7.655831845723886, 9.001867895609221, 9.31888074985403, 9.983849020292725, 11.311463185194034, 11.965822971279492, 2.5599001718817087, 3.1120599833550773, 3.75345739019374, 3.0671765697461897, 2.5084775582013883, 0.0, 1.7647957388887814, 3.0658526464916735, 2.506926444872286, 3.08176498941759, 2.526309994834363, 4.7077381692273415, 4.364381029424447, 5.052412102154772, 5.351792123205085, 6.906182258672298, 6.677495670533976, 7.591008993539659, 7.795129456910898, 11.406533947698573, 11.938270938456707, 13.004537865683657, 11.514045673871543, 12.019091602113697], [2.750246007178267, 2.1592334635235715, 1.0968476922526664, 2.1603611688789446, 2.754125875845184, 4.174968949585135, 5.170058291741013, 6.553614228805355, 7.655826756791197, 9.001753194239443, 9.318880981641518, 9.982976408867248, 11.311186966450515, 11.754273708741007, 3.11209809774692, 2.5598579296515656, 3.7534604487059666, 2.5085792213920612, 3.0671739533322855, 1.7647957388887814, 0.0, 2.5069216282125772, 3.0659331564794425, 2.526281680652417, 3.0817391372405294, 4.364410790702452, 4.707776002530282, 5.351805419669143, 5.052383782928609, 6.6774920763711885, 6.906221423470291, 7.795705855148718, 7.590383946151867, 11.503072204415654, 12.004421893619034, 12.808364631755296, 11.219849486512732, 11.716538846434128], [4.166217235094685, 2.7532095416077573, 2.1601755322195464, 1.0968302466653623, 2.1601906420499093, 2.7539853558071075, 4.174795615356517, 5.169570776186356, 6.551963151605785, 7.651136297309048, 7.678726505091843, 8.830535944663835, 10.009935141648022, 10.389801935070755, 4.7276333381513425, 4.38379451274806, 4.834660837121876, 2.5320860688373132, 3.086543310890032, 3.0658526464916735, 2.5069216282125772, 0.0, 1.765094447897902, 2.506708068363765, 3.065827408710412, 2.5261021079916786, 3.081713903009168, 4.70762882988878, 4.364153349734631, 5.05221900356665, 5.350921391685735, 6.914236278143812, 6.6820207497433, 10.036069398424862, 10.843009390847174, 11.374730461421933, 9.717249306774013, 10.534001893392652], [4.166284524609427, 2.7532354839352187, 2.1602079575818625, 1.0968071389264384, 2.1601840523436886, 2.7539400302112607, 4.17481047474014, 5.169553127689085, 6.551959661811113, 7.651259962254583, 7.678716363429503, 8.831508685383263, 10.010232354446122, 10.628569370333903, 4.383869748293168, 4.727644443060413, 4.83470621858247, 3.0865767882882813, 2.532092569397889, 2.506926444872286, 3.0659331564794425, 1.765094447897902, 0.0, 3.065846716651046, 2.5067955062190452, 3.081645539318239, 2.5261043545348634, 4.364204872597068, 4.707595370250082, 5.3508753480155, 5.052213308046286, 6.6825430264233985, 6.913748089856906, 9.925239524565642, 10.769698335608105, 11.595205542809493, 10.055547009486853, 10.869561079454863], [5.165079526009256, 4.173766814281794, 2.754056722364302, 2.160217398781891, 1.0968853495238233, 2.160194977311076, 2.7539412720680883, 4.174285166348845, 5.168351822389803, 6.540802126650829, 6.957010040239989, 7.477408730970911, 8.817158395991308, 9.263004188167033, 5.385309508282694, 5.086097267060472, 6.140063029806779, 4.368686619568861, 4.711749395925042, 3.08176498941759, 2.526281680652417, 2.506708068363765, 3.065846716651046, 0.0, 1.7650910288140946, 2.506734916180808, 3.0658314761251964, 3.081713903009168, 2.5261021079916786, 4.3659113573227755, 4.70836950758965, 5.366737736278902, 5.064113969886539, 9.0658499584981, 9.502269076909998, 10.327166115154727, 8.77848563876481, 9.21223988018115], [5.165121811729129, 4.1737888494747795, 2.754057306956412, 2.160212575187914, 1.0968048003177229, 2.1601414722188914, 2.753934823121273, 4.174264156710737, 5.168330885305235, 6.540946119637434, 6.957015756773877, 7.478545583868564, 8.817492825060873, 9.53004454606588, 5.086168500944498, 5.385266516153124, 6.140099361573882, 4.711802652913215, 4.368695760750571, 2.526309994834363, 3.0817391372405294, 3.065827408710412, 2.5067955062190452, 1.7650910288140946, 0.0, 3.0658130928026255, 2.5067349161808075, 2.5261021079916777, 3.081641741020523, 4.708318604342743, 4.3659348368934685, 5.064711270151537, 5.366139929222867, 8.943011640940652, 9.41851767689587, 10.569519522192103, 9.151559456726488, 9.594130502030914], [6.546124970545551, 5.16904610929328, 4.174830254034289, 2.7539348231212735, 2.160179318945536, 1.096886821873615, 2.160212575187914, 2.753691146443261, 4.17279466784552, 5.164772403504341, 5.187102057989606, 6.372978378278088, 7.508888154713719, 7.8723807282168465, 6.9315639461812655, 6.701759530899329, 7.305194651068511, 5.058187999669447, 5.357273292450181, 4.7077381692273415, 4.364410790702452, 2.5261021079916786, 3.081645539318239, 2.506734916180808, 3.06581