{"total energy": -20.88411909, "HOMO-LUMO gap/eV": 11.83955877, "electronic energy": -21.13868072, "dipole": [-0.08351095, 0.66666269, 0.20163401], "partial charges": [-0.10107375, -0.0525093, -0.06093536, -0.06317484, 0.08646739, -0.4469714, 0.03344776, 0.03310487, 0.03310844, 0.03211847, 0.03209477, 0.03120508, 0.03122972, 0.04718363, 0.04717843, 0.01686603, 0.01688272, 0.28377733], "atomic dipole moments": [[0.08982879, -0.05235516, -0.00271125], [-0.00056576, 0.10992286, 0.03531776], [0.01854625, -0.10566462, -0.03110432], [0.00370962, 0.12598336, 0.04120137], [0.11212569, -0.15486443, -0.0322696], [-0.09793655, 0.21511815, 0.05388127], [-0.09400393, -0.07264656, -0.03824879], [-0.02693262, 0.03883708, 0.11674807], [0.00339692, 0.10080786, -0.07543025], [0.01642689, -0.04093926, -0.1157452], [-0.01298092, -0.10099802, 0.07054922], [0.00915897, 0.10141719, -0.07054736], [-0.02010328, 0.04163835, 0.11491864], [0.02239459, -0.04691862, -0.11502165], [-0.00653015, -0.10601662, 0.06822413], [-0.00559381, 0.03187281, 0.11302417], [0.0233891, 0.09108317, -0.07055629], [0.05040082, 0.05478573, 0.02560967]], "atomic quadrupole moments": [[0.15019354, -0.1502465, -0.02359073, -0.00432829, 0.01036189, -0.12660281], [0.22401207, -0.01210214, -0.01760329, 0.06929242, 0.06972792, -0.20640879], [0.22720406, -0.01549181, -0.01831174, 0.06908136, 0.06975253, -0.20889232], [0.24267368, 0.01547876, -0.02558826, 0.08354091, 0.07640339, -0.21708542], [0.34249709, -0.21724596, -0.00814097, 0.04200491, 0.08150767, -0.33435612], [0.09812927, -0.1155585, 0.02100743, -0.00148201, 0.02998104, -0.1191367], [0.02882184, 0.04798836, 0.01205533, 0.02867473, 0.02913073, -0.04087717], [-0.03554489, -0.01533853, -0.03516779, -0.00930631, 0.03097207, 0.07071268], [-0.0311311, 0.0054774, 0.03145978, -0.01769054, -0.06090577, -0.00032868], [-0.01370097, -0.00407857, -0.03533493, -0.01428328, 0.01957977, 0.0490359], [-0.016877, 0.00440947, 0.01268416, -0.00063915, -0.04764862, 0.00419283], [-0.02040507, 0.00706094, 0.01373961, -0.00352167, -0.04665764, 0.00666546], [-0.01876766, -0.00269976, -0.03302698, -0.01230814, 0.01856977, 0.05179464], [-0.02321455, -0.00114941, -0.03206533, -0.01288763, 0.01488287, 0.05527988], [-0.02458465, 0.00818286, 0.01186051, -0.00515643, -0.04638719, 0.01272414], [-0.00310916, -0.01543776, -0.03184615, -0.01314992, 0.01966946, 0.03495531], [-0.00573562, -0.00734524, 0.01212998, -0.00159552, -0.04189552, -0.00639437], [0.0670698, 0.07405329, 0.00426202, 0.04911747, 0.04301212, -0.07133182]], "number of molecular orbitals": 36, "number of electrons": 38, "number of unpaired electrons": 0, "orbital energies/eV": [-18.60062919, -17.14041136, -16.81511402, -16.21211613, -15.58454432, -15.31838824, -14.97390374, -14.52511693, -13.89763599, -13.88379067, -13.29409924, -12.94073736, -12.91616258, -12.24256123, -11.94315539, -11.94051306, -11.69638382, -11.50006313, -11.07174696, 0.76781181, 2.49803944, 2.88532424, 3.13306191, 3.52183903, 3.81621014, 4.19056757, 4.33226807, 4.46429489, 4.82322092, 5.68713601, 5.9716661, 6.1070477, 6.89032546, 7.21082558, 7.37360676, 8.30947517], "fractional occupation": [2.0, 2.0, 2.0, 2.0, 2.0, 2.0, 2.0, 2.0, 2.0, 2.0, 2.0, 2.0, 2.0, 2.0, 2.0, 2.0, 2.0, 2.0, 2.0, 0.0, 0.0, 0.0, 0.0, 0.0, 0.0, 0.0, 0.0, 0.0, 0.0, 0.0, 0.0, 0.0, 0.0, 0.0, 0.0, 0.0], "program call": "xtb /home/svss/Project-DBcg-Debug/aqme2_20220329/End-to-End-workflows-final/example-3/QDESCP/mol_461_rdkit_conf_1/mol_461_rdkit_conf_1.xyz --pop --wbo --acc 0.2 --gfn 2 --chrg 0 --uhf 0 --etemp 300 --input /home/svss/Project-DBcg-Debug/aqme2_20220329/End-to-End-workflows-final/example-3/QDESCP/mol_461_rdkit_conf_1/mol_461_rdkit_conf_1_xtb.inp", "method": "GFN2-xTB", "xtb version": "6.3.3 (7355c4f)", "Dipole module/D": 1.783, "Total charge": 0, "Transition dipole module/D": NaN, "HOMO": -11.0717, "LUMO": 0.7678, "HOMO occupancy": 2.0, "LUMO occupancy": 0, "mulliken charges": [-0.08384, -0.03714, -0.05167, -0.05357, 0.19972, -0.56941, 0.02912, 0.02663, 0.02663, 0.02387, 0.02386, 0.02152, 0.02154, 0.03653, 0.03653, 0.0074, 0.00741, 0.33487], "cm5 charges": [-0.23415, -0.14961, -0.16197, -0.16074, 0.11261, -0.78323, 0.0799, 0.07792, 0.07792, 0.07859, 0.07857, 0.07693, 0.07696, 0.09376, 0.09376, 0.06992, 0.06994, 0.50294], "FUKUI+": [0.008, -0.012, -0.028, -0.014, -0.02, -0.134, -0.076, -0.041, -0.041, -0.048, -0.048, -0.056, -0.056, -0.064, -0.064, -0.083, -0.083, -0.142], "FUKUI-": [0.022, 0.01, 0.02, 0.017, 0.023, -0.123, -0.055, -0.08, -0.08, -0.094, -0.095, -0.072, -0.072, -0.075, -0.075, -0.106, -0.106, -0.06], "FUKUIrad": [0.015, -0.001, -0.004, 0.001, 0.002, -0.129, -0.065, -0.061, -0.061, -0.071, -0.071, -0.064, -0.064, -0.07, -0.07, -0.094, -0.094, -0.101], "s proportion": [1.008, 1.027, 1.032, 1.033, 0.991, 1.695, 0.971, 0.973, 0.973, 0.976, 0.976, 0.978, 0.978, 0.963, 0.963, 0.993, 0.993, 0.665], "p proportion": [3.076, 3.01, 3.019, 3.021, 2.809, 4.874, 0.0, 0.0, 0.0, 0.0, 0.0, 0.0, 0.0, 0.0, 0.0, 0.0, 0.0, 0.0], "d proportion": [0.0, 0.0, 0.0, 0.0, 0.0, 0.0, 0.0, 0.0, 0.0, 0.0, 0.0, 0.0, 0.0, 0.0, 0.0, 0.0, 0.0, 0.0], "Fermi-level/eV": -5.152, "Coordination numbers": [3.75, 3.8, 3.803, 3.801, 3.675, 1.653, 0.924, 0.924, 0.924, 0.924, 0.924, 0.924, 0.924, 0.924, 0.924, 0.924, 0.924, 0.804], "Dispersion coefficient C6": [22.494, 21.517, 21.67, 21.713, 19.363, 21.783, 2.538, 2.543, 2.543, 2.557, 2.557, 2.57, 2.569, 2.356, 2.356, 2.782, 2.781, 0.772], "Total dispersion C6": 2128.413371, "Total dispersion C8": 43680.686341, "Polarizability alpha": [6.764, 6.604, 6.627, 6.634, 6.305, 6.3, 2.491, 2.494, 2.494, 2.501, 2.501, 2.507, 2.507, 2.4, 2.4, 2.608, 2.608, 1.38], "Total polarizability alpha": 68.126056, "Wiberg matrix": [[0.0, 1.0202691385803504, 0.0, 0.0, 0.0, 0.0, 0.9872392989276981, 0.9876267347888803, 0.9876254630612118, 0.0, 0.0, 0.0, 0.0, 0.0, 0.0, 0.0, 0.0, 0.0], [1.0202691385803504, 0.0, 1.0079853908773249, 0.0, 0.0, 0.0, 0.0, 0.0, 0.0, 0.9778734862795359, 0.9778689324467529, 0.0, 0.0, 0.0, 0.0, 0.0, 0.0, 0.0], [0.0, 1.0079853908773249, 0.0, 1.0069477676334724, 0.0, 0.0, 0.0, 0.0, 0.0, 0.0, 0.0, 0.9769460584988788, 0.9769515005332459, 0.0, 0.0, 0.0, 0.0, 0.0], [0.0, 0.0, 1.0069477676334724, 0.0, 1.0063712054663634, 0.0, 0.0, 0.0, 0.0, 0.0, 0.0, 0.0, 0.0, 0.9751922103394632, 0.9751888939421269, 0.0, 0.0, 0.0], [0.0, 0.0, 0.0, 1.0063712054663634, 0.0, 0.9884336993341316, 0.0, 0.0, 0.0, 0.0, 0.0, 0.0, 0.0, 0.0, 0.0, 0.973501108276269, 0.9735067788247825, 0.0], [0.0, 0.0, 0.0, 0.0, 0.9884336993341316, 0.0, 0.0, 0.0, 0.0, 0.0, 0.0, 0.0, 0.0, 0.0, 0.0, 0.0, 0.0, 0.9066664478902519], [0.9872392989276981, 0.0, 0.0, 0.0, 0.0, 0.0, 0.0, 0.0, 0.0, 0.0, 0.0, 0.0, 0.0, 0.0, 0.0, 0.0, 0.0, 0.0], [0.9876267347888803, 0.0, 0.0, 0.0, 0.0, 0.0, 0.0, 0.0, 0.0, 0.0, 0.0, 0.0, 0.0, 0.0, 0.0, 0.0, 0.0, 0.0], [0.9876254630612118, 0.0, 0.0, 0.0, 0.0, 0.0, 0.0, 0.0, 0.0, 0.0, 0.0, 0.0, 0.0, 0.0, 0.0, 0.0, 0.0, 0.0], [0.0, 0.9778734862795359, 0.0, 0.0, 0.0, 0.0, 0.0, 0.0, 0.0, 0.0, 0.0, 0.0, 0.0, 0.0, 0.0, 0.0, 0.0, 0.0], [0.0, 0.9778689324467529, 0.0, 0.0, 0.0, 0.0, 0.0, 0.0, 0.0, 0.0, 0.0, 0.0, 0.0, 0.0, 0.0, 0.0, 0.0, 0.0], [0.0, 0.0, 0.9769460584988788, 0.0, 0.0, 0.0, 0.0, 0.0, 0.0, 0.0, 0.0, 0.0, 0.0, 0.0, 0.0, 0.0, 0.0, 0.0], [0.0, 0.0, 0.9769515005332459, 0.0, 0.0, 0.0, 0.0, 0.0, 0.0, 0.0, 0.0, 0.0, 0.0, 0.0, 0.0, 0.0, 0.0, 0.0], [0.0, 0.0, 0.0, 0.9751922103394632, 0.0, 0.0, 0.0, 0.0, 0.0, 0.0, 0.0, 0.0, 0.0, 0.0, 0.0, 0.0, 0.0, 0.0], [0.0, 0.0, 0.0, 0.9751888939421269, 0.0, 0.0, 0.0, 0.0, 0.0, 0.0, 0.0, 0.0, 0.0, 0.0, 0.0, 0.0, 0.0, 0.0], [0.0, 0.0, 0.0, 0.0, 0.973501108276269, 0.0, 0.0, 0.0, 0.0, 0.0, 0.0, 0.0, 0.0, 0.0, 0.0, 0.0, 0.0, 0.0], [0.0, 0.0, 0.0, 0.0, 0.9735067788247825, 0.0, 0.0, 0.0, 0.0, 0.0, 0.0, 0.0, 0.0, 0.0, 0.0, 0.0, 0.0, 0.0], [0.0, 0.0, 0.0, 0.0, 0.0, 0.9066664478902519, 0.0, 0.0, 0.0, 0.0, 0.0, 0.0, 0.0, 0.0, 0.0, 0.0, 0.0, 0.0]], "Born radii": [], "Atomic SASAs": [], "Solvent H bonds": [], "Total SASA": NaN, "Total FOD": 0.0, "FOD": [0.0, 0.0, 0.0, 0.0, 0.0, 0.0, 0.0, 0.0, 0.0, 0.0, 0.0, 0.0, 0.0, 0.0, 0.0, 0.0, 0.0, 0.0], "FOD s proportion": [0.0, 0.0, 0.0, 0.0, 0.0, 0.0, 0.0, 0.0, 0.0, 0.0, 0.0, 0.0, 0.0, 0.0, 0.0, 0.0, 0.0, 0.0], "FOD p proportion": [0.0, 0.0, 0.0, 0.0, 0.0, 0.0, 0.0, 0.0, 0.0, 0.0, 0.0, 0.0, 0.0, 0.0, 0.0, 0.0, 0.0, 0.0], "FOD d proportion": [0.0, 0.0, 0.0, 0.0, 0.0, 0.0, 0.0, 0.0, 0.0, 0.0, 0.0, 0.0, 0.0, 0.0, 0.0, 0.0, 0.0, 0.0], "coordinates": [["-2.76610", "0.22810", "-0.47590"], ["-1.46250", "-0.55290", "-0.52200"], ["-0.28160", "0.30060", "-0.06040"], ["1.02560", "-0.48730", "-0.10820"], ["2.20710", "0.35600", "0.35010"], ["3.38750", "-0.43200", "0.28240"], ["-3.59700", "-0.40120", "-0.80990"], ["-2.98460", "0.56720", "0.54180"], ["-2.72100", "1.10580", "-1.12860"], ["-1.29020", "-0.90470", "-1.54580"], ["-1.55240", "-1.44030", "0.11540"], ["-0.19870", "1.18890", "-0.69850"], ["-0.46080", "0.65340", "0.96250"], ["1.21270", "-0.85150", "-1.12610"], ["0.95270", "-1.38280", "0.52160"], ["2.07070", "0.69060", "1.38340"], ["2.33550", "1.23150", "-0.29420"], ["4.12310", "0.13030", "0.57970"]], "bond_dist": [[0.0, 1.5203483712623234, 2.5200469737685443, 3.8760791194195194, 5.04295078798118, 6.235185952319306, 1.0945178390506023, 1.0947348309065534, 1.0947184980624014, 2.1462065744005168, 2.146220384769467, 2.750314556555304, 2.750324115445305, 4.173624999925124, 4.1736648763406965, 5.202454899372027, 5.202513720308674, 6.970289293852875], [1.5203483712623234, 0.0, 1.5284180121943078, 2.5231281001962627, 3.879770841170906, 4.917740962067847, 2.159164085936963, 2.16865923095354, 2.1686566118221666, 1.096182909007434, 1.0962844202122002, 2.1592151189726323, 2.159236631312094, 2.7587667190250063, 2.758808802726278, 4.202421165233204, 4.2024731052084086, 5.7340589890582745], [2.5200469737685443, 1.5284180121943078, 0.0, 1.5270373571068916, 2.522936206090039, 3.7571943535036887, 3.470756495347952, 2.7820728602967963, 2.7820982441315762, 2.1625066959433905, 2.162538112958937, 1.0968686840274, 1.0967702083846003, 2.1670217788476425, 2.1670385437273607, 2.787467260794286, 2.787552629099584, 4.454224083945485], [3.8760791194195194, 2.5231281001962627, 1.5270373571068916, 0.0, 1.522214186637347, 2.394618562527235, 4.676347598286509, 4.197162647551319, 4.197165154005737, 2.7575072366178843, 2.757587706674078, 2.158010894319118, 2.1580036932313162, 1.0971638255064737, 1.097215885776359, 2.1689981512209733, 2.169033759534415, 3.232513328665483], [5.04295078798118, 3.879770841170906, 2.522936206090039, 1.522214186637347, 0.0, 1.420869962382202, 5.967120633102703, 5.199529134450541, 5.199511836701596, 4.173117370743363, 4.173202371081469, 2.753390275642013, 2.753392621839464, 2.1508263644469308, 2.1508968013365957, 1.094655658186628, 1.0945817922841583, 1.9428619739960942], [6.235185952319306, 4.917740962067847, 3.7571943535036887, 2.394618562527235, 1.420869962382202, 0.0, 7.069463075792956, 6.455179889824914, 6.455193420030109, 5.044466058960056, 5.044518797665442, 4.055898428215381, 4.055865143221604, 2.624806190940581, 2.6247834805941612, 2.0509495361904935, 2.050951927764276, 0.9724587086349732], [1.0945178390506023, 2.159164085936963, 3.470756495347952, 4.676347598286509, 5.967120633102703, 7.069463075792956, 0.0, 1.7719834113219004, 1.772003016363121, 2.473133093871011, 2.473115051913275, 3.7535677508205443, 3.7535760762238457, 4.8410708133635065, 4.841095010428941, 6.174578157250907, 6.174642664154744, 7.862151386230107], [1.0947348309065534, 2.16865923095354, 2.7820728602967963, 4.197162647551319, 5.199529134450541, 6.455179889824914, 1.7719834113219004, 0.0, 1.7747707119512648, 3.0652169140209313, 2.5026126448174115, 3.112248992288374, 2.5600752664716717, 4.734123719338142, 4.3937727899835695, 5.126360912967405, 5.42620074269281, 7.121215999392238], [1.0947184980624014, 2.1686566118221666, 2.7820982441315762, 4.197165154005737, 5.199511836701596, 6.455193420030109, 1.772003016363121, 1.7747707119512648, 0.0, 2.502669520731813, 3.065254829537016, 2.5600564271124964, 3.112212879929649, 4.393748425888765, 4.734169588217135, 5.426133423534663, 5.126423324307114, 7.12120733794488], [2.1462065744005168, 1.096182909007434, 2.1625066959433905, 2.7575072366178843, 4.173117370743363, 5.044466058960056, 2.473133093871011, 3.0652169140209313, 2.502669520731813, 0.0, 1.7649933824238548, 2.508475732392083, 3.0671075722902192, 2.5384023991479365, 3.087607938194226, 4.735065315283412, 4.390393318371374, 5.907012116120975], [2.146220384769467, 1.0962844202122002, 2.162538112958937, 2.757587706674078, 4.173202371081469, 5.044518797665442, 2.473115051913275, 2.5026126448174115, 3.065254829537016, 1.7649933824238548, 0.0, 3.067185931762207, 2.5085351622012397, 3.0876829014651097, 2.538470149519194, 4.3903772525832, 4.735193112218339, 5.907085499635162], [2.750314556555304, 2.1592151189726323, 1.0968686840274, 2.158010894319118, 2.753390275642013, 4.055898428215381, 3.7535677508205443, 3.112248992288374, 2.5600564271124964, 2.508475732392083, 3.067185931762207, 0.0, 1.7647599440150494, 2.51756308361876, 3.0705059615639896, 3.11974147326345, 2.5666014279587706, 4.6295123328488925], [2.750324115445305, 2.159236631312094, 1.0967702083846003, 2.1580036932313162, 2.753392621839464, 4.055865143221604, 3.7535760762238457, 2.5600752664716717, 3.112212879929649, 3.0671075722902192, 2.5085351622012397, 1.7647599440150494, 0.0, 3.0704358355126065, 2.5176349020459656, 2.566521556504055, 3.119741686422131, 4.629504148394296], [4.173624999925124, 2.7587667190250063, 2.1670217788476425, 1.0971638255064737, 2.1508263644469308, 2.624806190940581, 4.8410708133635065, 4.734123719338142, 4.393748425888765, 2.5384023991479365, 3.0876829014651097, 2.51756308361876, 3.0704358355126065, 0.0, 1.7506555857735124, 3.0678700526586846, 2.5083114738803873, 3.5134189957931294], [4.1736648763406965, 2.758808802726278, 2.1670385437273607, 1.097215885776359, 2.1508968013365957, 2.6247834805941612, 4.841095010428941, 4.3937727899835695, 4.734169588217135, 3.087607938194226, 2.538470149519194, 3.0705059615639896, 2.5176349020459656, 1.7506555857735124, 0.0, 2.5083083542499316, 3.0679357832262393, 3.5134432370539304], [5.202454899372027, 4.202421165233204, 2.787467260794286, 2.1689981512209733, 1.094655658186628, 2.0509495361904935, 6.174578157250907, 5.126360912967405, 5.426133423534663, 4.735065315283412, 4.3903772525832, 3.11974147326345, 2.566521556504055, 3.0678700526586846, 2.5083083542499316, 0.0, 1.7824235215009927, 2.2742505446849957], [5.202513720308674, 4.2024731052084086, 2.787552629099584, 2.169033759534415, 1.0945817922841583, 2.050951927764276, 6.174642664154744, 5.42620074269281, 5.126423324307114, 4.390393318371374, 4.735193112218339, 2.5666014279587706, 3.119741686422131, 2.5083114738803873, 3.0679357832262393, 1.7824235215009927, 0.0, 2.2741715876336155], [6.970289293852875, 5.7340589890582745, 4.454224083945485, 3.232513328665483, 1.9428619739960942, 0.9724587086349732, 7.862151386230107, 7.121215999392238, 7.12120733794488, 5.907012116120975, 5.907085499635162, 4.6295123328488925, 4.629504148394296, 3.5134189957931294, 3.5134432370539304, 2.2742505446849957, 2.2741715876336155, 0.0]]}