{"total energy": -45.56411931, "HOMO-LUMO gap/eV": 2.98401517, "electronic energy": -46.12358875, "dipole": [0.57435935, -0.54366918, -0.44992927], "partial charges": [-0.37459019, 0.28097466, -0.17588331, 0.3389529, -0.41998341, -0.17488922, 0.27927525, -0.37959515, -0.01408509, -0.05077867, -0.02953771, -0.08706954, -0.05697211, -0.0356994, -0.08966759, 0.23393972, 0.23399193, 0.04387468, 0.06572776, 0.04977612, 0.04273131, 0.05193134, 0.0676293, 0.06352368, 0.04171459, 0.04173661, 0.05297153], "atomic dipole moments": [[0.03943942, 0.11858613, -0.13611705], [0.03888569, 0.07483355, 0.02267683], [-0.07364129, 0.03412524, -0.02027998], [-0.02475914, -0.08129302, -0.03520009], [-0.05628568, -0.18846718, -0.08717564], [-0.02454219, -0.020375, 0.06273009], [0.0365589, 0.06676924, 0.03624897], [0.12189333, -0.02199251, 0.14212387], [0.02737963, 0.02074458, -0.00195456], [-0.1007054, 0.00764556, 0.10740437], [-0.10326292, 0.12847362, -0.06808114], [0.06390685, -0.00993265, 0.02490104], [0.07456217, 0.13409966, 0.03686541], [0.1269048, -0.02870613, -0.11247231], [-0.03448242, -0.01340832, 0.0609809], [0.02811791, 0.01832951, 0.13152882], [-0.03353666, 0.12193399, -0.05385423], [0.10126677, 0.07818522, -0.00907203], [-0.02398439, -0.00967108, -0.12524537], [-0.08671904, -0.12505652, -0.01513828], [0.10224937, 0.11187976, 0.02000105], [0.03237372, -0.14301837, 0.04223816], [0.01550136, -0.11775426, 0.05368693], [-0.03125587, -0.03487216, -0.11864282], [-0.08046307, 0.10337339, -0.07837729], [-0.12786037, 0.06741807, 0.04492419], [0.06935611, -0.10647143, 0.08746026]], "atomic quadrupole moments": [[0.12001075, -0.13365018, -0.01277641, -0.07418005, 0.02821083, -0.10723434], [0.29974882, -0.30336105, 0.00578676, -0.13200396, 0.13258448, -0.30553558], [-0.00202527, 0.01701607, 0.09706368, -0.03924217, -0.03799514, -0.09503841], [0.32206706, -0.05284659, -0.23600362, -0.22971056, -0.02020539, -0.08606344], [0.12008716, -0.00089788, -0.0584347, -0.09587186, 0.03572562, -0.06165246], [0.0278503, 0.03855576, -0.07479626, 0.03144672, 0.07552912, 0.04694596], [0.15428644, -0.07710079, -0.19463527, -0.38959189, 0.16616918, 0.04034882], [0.08006663, -0.05016306, -0.10928397, -0.14248972, 0.05612621, 0.02921734], [-0.04008691, 0.01247078, 0.0043029, 0.02223208, -0.03053521, 0.03578401], [0.05516327, -0.15614145, 0.03369214, -0.11555629, 0.00661902, -0.08885541], [-0.31421615, -0.10505883, -0.10515456, -0.33139072, 0.05147519, 0.41937071], [-0.23386647, -0.04318212, -0.26791679, -0.33982323, 0.15165356, 0.50178326], [0.17725644, 0.08494475, -0.03179881, -0.07073159, 0.05061902, -0.14545762], [0.06151932, 0.23066754, 0.15828133, 0.17391737, 0.37583158, -0.21980065], [-0.03467854, 0.34930068, 0.17746365, 0.2598635, 0.3373476, -0.14278511], [-0.03151246, 0.01621776, 0.00553023, 0.03641099, -0.00908767, 0.02598223], [-0.03233377, 0.00822824, 0.0276795, 0.02946887, -0.02002556, 0.00465427], [0.02401962, 0.03124664, 0.0216451, 0.01737518, 0.01683285, -0.04566471], [-0.01399622, -0.00440383, -0.02359056, 0.04035106, 0.01249471, 0.03758679], [0.0365551, -0.00069778, 0.00817654, 0.04072249, -0.0191153, -0.04473164], [0.01712739, 0.02114235, 0.03015718, 0.02708263, -0.00771689, -0.04728457], [0.01433857, -0.0068212, 0.03538024, 0.03236142, -0.01757654, -0.04971881], [-0.00716295, -0.02187308, 0.01370778, 0.00600966, -0.04728453, -0.00654483], [-0.01895671, -0.00469926, -0.04167191, 0.00919213, 0.00769606, 0.06062863], [-0.008783, -0.02800543, -0.01936864, -0.03977286, -0.03094063, 0.02815164], [0.01502313, -0.03869247, -0.02242542, -0.03264739, -0.02313005, 0.0074023], [-0.00195305, -0.03555711, -0.00688856, -0.01163134, -0.0364006, 0.00884161]], "number of molecular orbitals": 72, "number of electrons": 80, "number of unpaired electrons": 0, "orbital energies/eV": [-20.64619466, -20.32234011, -20.2280362, -19.81396083, -19.42045563, -18.82246355, -18.27634145, -18.13201457, -17.69895064, -17.25426513, -17.12111822, -16.97372562, -16.73424949, -16.56780051, -16.16612437, -15.70281788, -15.66270922, -15.6301377, -15.43793843, -15.34137026, -14.99661136, -14.85986717, -14.69037463, -14.36565544, -14.23641754, -13.9622815, -13.7462771, -13.56941641, -13.1280239, -13.08231012, -12.86510337, -12.74784938, -12.50147991, -12.40494632, -12.30945087, -12.19614649, -11.85412511, -11.6797714, -11.49794357, -11.11419666, -8.1301815, -7.21732792, -6.3171061, -5.90061697, -5.81048155, -0.41775661, 0.00501592, 0.79186372, 1.37717087, 1.80360231, 2.38657603, 3.07417759, 3.34585142, 3.38436346, 3.4404859, 3.73478964, 4.15594222, 4.39673228, 4.6109589, 5.00035808, 5.3602066, 5.53823021, 6.51339374, 7.57626145, 10.55603314, 10.94893225, 11.31556808, 14.07326824, 14.10204689, 14.72561223, 15.17491367, 16.28372664], "fractional occupation": [2.0, 2.0, 2.0, 2.0, 2.0, 2.0, 2.0, 2.0, 2.0, 2.0, 2.0, 2.0, 2.0, 2.0, 2.0, 2.0, 2.0, 2.0, 2.0, 2.0, 2.0, 2.0, 2.0, 2.0, 2.0, 2.0, 2.0, 2.0, 2.0, 2.0, 2.0, 2.0, 2.0, 2.0, 2.0, 2.0, 2.0, 2.0, 2.0, 2.0, 0.0, 0.0, 0.0, 0.0, 0.0, 0.0, 0.0, 0.0, 0.0, 0.0, 0.0, 0.0, 0.0, 0.0, 0.0, 0.0, 0.0, 0.0, 0.0, 0.0, 0.0, 0.0, 0.0, 0.0, 0.0, 0.0, 0.0, 0.0, 0.0, 0.0, 0.0, 0.0], "program call": "xtb /home/svss/Project-DBcg-Debug/aqme2_20220329/End-to-End-workflows-final/example-3/QDESCP/mol_773_rdkit_conf_7/mol_773_rdkit_conf_7.xyz --pop --wbo --acc 0.2 --gfn 2 --chrg 0 --uhf 0 --etemp 300 --input /home/svss/Project-DBcg-Debug/aqme2_20220329/End-to-End-workflows-final/example-3/QDESCP/mol_773_rdkit_conf_7/mol_773_rdkit_conf_7_xtb.inp", "method": "GFN2-xTB", "xtb version": "6.3.3 (7355c4f)", "Dipole module/D": 2.313, "Total charge": 0, "Transition dipole module/D": NaN, "HOMO": -11.1142, "LUMO": -8.1302, "HOMO occupancy": 2.0, "LUMO occupancy": 0, "mulliken charges": [-0.50516, 0.47527, -0.32718, 0.57478, -0.53573, -0.32477, 0.47435, -0.50922, -0.047, -0.03635, -0.02257, -0.06589, -0.03303, -0.03207, -0.07013, 0.28005, 0.28136, 0.03481, 0.0588, 0.03833, 0.03322, 0.04472, 0.04892, 0.04924, 0.03853, 0.03529, 0.04142], "cm5 charges": [-0.54914, 0.57517, -0.66999, 0.74257, -0.57265, -0.66758, 0.57302, -0.55396, -0.04792, -0.13276, -0.08592, -0.16767, -0.13008, -0.09422, -0.17159, 0.48307, 0.48385, 0.09582, 0.11643, 0.09438, 0.08633, 0.09694, 0.10875, 0.10743, 0.09657, 0.0876, 0.09559], "FUKUI+": [-0.127, -0.046, -0.03, -0.048, -0.136, -0.032, -0.052, -0.138, -0.003, -0.001, -0.009, -0.023, 0.014, 0.014, -0.007, -0.044, -0.046, -0.021, -0.037, -0.038, -0.033, -0.05, -0.025, -0.027, -0.009, -0.031, -0.014], "FUKUI-": [-0.062, -0.002, -0.021, -0.001, -0.087, -0.022, -0.001, -0.071, -0.017, 0.012, -0.029, -0.037, 0.011, -0.041, -0.046, -0.029, -0.031, -0.038, -0.054, -0.044, -0.052, -0.061, -0.036, -0.055, -0.057, -0.071, -0.059], "FUKUIrad": [-0.094, -0.024, -0.026, -0.025, -0.112, -0.027, -0.026, -0.105, -0.01, 0.005, -0.019, -0.03, 0.013, -0.014, -0.026, -0.036, -0.038, -0.03, -0.045, -0.041, -0.043, -0.056, -0.03, -0.041, -0.033, -0.051, -0.037], "s proportion": [1.73, 1.011, 1.433, 0.938, 1.72, 1.429, 1.012, 1.73, 1.105, 1.039, 1.068, 1.052, 1.031, 1.071, 1.053, 0.72, 0.719, 0.965, 0.941, 0.962, 0.967, 0.955, 0.951, 0.951, 0.961, 0.965, 0.959], "p proportion": [4.776, 2.513, 3.895, 2.488, 4.815, 3.896, 2.514, 4.78, 2.942, 2.997, 2.955, 3.014, 3.002, 2.962, 3.017, 0.0, 0.0, 0.0, 0.0, 0.0, 0.0, 0.0, 0.0, 0.0, 0.0, 0.0, 0.0], "d proportion": [0.0, 0.0, 0.0, 0.0, 0.0, 0.0, 0.0, 0.0, 0.0, 0.0, 0.0, 0.0, 0.0, 0.0, 0.0, 0.0, 0.0, 0.0, 0.0, 0.0, 0.0, 0.0, 0.0, 0.0, 0.0, 0.0, 0.0], "Fermi-level/eV": -9.6222, "Coordination numbers": [0.859, 2.768, 2.697, 2.705, 0.86, 2.696, 2.769, 0.859, 3.903, 3.813, 2.883, 2.834, 3.805, 2.883, 2.833, 0.86, 0.86, 0.923, 0.923, 0.925, 0.925, 0.925, 0.924, 0.923, 0.925, 0.925, 0.925], "Dispersion coefficient C6": [21.179, 22.244, 24.807, 21.24, 22.083, 24.785, 22.275, 21.277, 20.77, 21.474, 28.735, 30.172, 21.594, 28.886, 30.239, 0.948, 0.948, 2.398, 2.133, 2.323, 2.413, 2.296, 2.112, 2.158, 2.426, 2.426, 2.283], "Total dispersion C6": 8163.020286, "Total dispersion C8": 188765.354432, "Polarizability alpha": [6.17, 7.724, 7.397, 7.543, 6.3, 7.394, 7.73, 6.184, 6.478, 6.596, 8.788, 9.001, 6.615, 8.811, 9.011, 1.525, 1.525, 2.422, 2.284, 2.383, 2.429, 2.37, 2.273, 2.298, 2.436, 2.436, 2.363], "Total polarizability alpha": 138.487695, "Wiberg matrix": [[0.0, 1.7591253904419983, 0.13273629511805923, 0.0, 0.0, 0.0, 0.0, 0.0, 0.0, 0.0, 0.0, 0.0, 0.0, 0.0, 0.0, 0.0, 0.0, 0.0, 0.0, 0.0, 0.0, 0.0, 0.0, 0.0, 0.0, 0.0, 0.0], [1.7591253904419983, 0.0, 1.133235213463115, 0.0, 0.0, 0.0, 0.0, 0.0, 0.9543013248629961, 0.0, 0.0, 0.0, 0.0, 0.0, 0.0, 0.0, 0.0, 0.0, 0.0, 0.0, 0.0, 0.0, 0.0, 0.0, 0.0, 0.0, 0.0], [0.13273629511805923, 1.133235213463115, 0.0, 1.122968211215823, 0.11639821426716554, 0.0, 0.0, 0.0, 0.0, 0.0, 0.0, 0.0, 0.0, 0.0, 0.0, 0.9084449055236383, 0.0, 0.0, 0.0, 0.0, 0.0, 0.0, 0.0, 0.0, 0.0, 0.0, 0.0], [0.0, 0.0, 1.122968211215823, 0.0, 1.6541550994399454, 1.1229493976728873, 0.0, 0.0, 0.0, 0.0, 0.0, 0.0, 0.0, 0.0, 0.0, 0.0, 0.0, 0.0, 0.0, 0.0, 0.0, 0.0, 0.0, 0.0, 0.0, 0.0, 0.0], [0.0, 0.0, 0.11639821426716554, 1.6541550994399454, 0.0, 0.11470772414325822, 0.0, 0.0, 0.0, 0.0, 0.0, 0.0, 0.0, 0.0, 0.0, 0.0, 0.0, 0.0, 0.0, 0.0, 0.0, 0.0, 0.0, 0.0, 0.0, 0.0, 0.0], [0.0, 0.0, 0.0, 1.1229493976728873, 0.11470772414325822, 0.0, 1.1427497820460841, 0.13567709230053246, 0.0, 0.0, 0.0, 0.0, 0.0, 0.0, 0.0, 0.0, 0.9090096882650244, 0.0, 0.0, 0.0, 0.0, 0.0, 0.0, 0.0, 0.0, 0.0, 0.0], [0.0, 0.0, 0.0, 0.0, 0.0, 1.1427497820460841, 0.0, 1.7490259355736897, 0.9504482129420857, 0.0, 0.0, 0.0, 0.0, 0.0, 0.0, 0.0, 0.0, 0.0, 0.0, 0.0, 0.0, 0.0, 0.0, 0.0, 0.0, 0.0, 0.0], [0.0, 0.0, 0.0, 0.0, 0.0, 0.13567709230053246, 1.7490259355736897, 0.0, 0.0, 0.0, 0.0, 0.0, 0.0, 0.0, 0.0, 0.0, 0.0, 0.0, 0.0, 0.0, 0.0, 0.0, 0.0, 0.0, 0.0, 0.0, 0.0], [0.0, 0.9543013248629961, 0.0, 0.0, 0.0, 0.0, 0.9504482129420857, 0.0, 0.0, 0.9104363681782961, 0.0, 0.0, 0.9622763146828364, 0.0, 0.0, 0.0, 0.0, 0.0, 0.0, 0.0, 0.0, 0.0, 0.0, 0.0, 0.0, 0.0, 0.0], [0.0, 0.0, 0.0, 0.0, 0.0, 0.0, 0.0, 0.0, 0.9104363681782961, 0.0, 1.0210800662115223, 0.0, 0.0, 0.0, 0.0, 0.0, 0.0, 0.9724036022710517, 0.9574187344880105, 0.0, 0.0, 0.0, 0.0, 0.0, 0.0, 0.0, 0.0], [0.0, 0.0, 0.0, 0.0, 0.0, 0.0, 0.0, 0.0, 0.0, 1.0210800662115223, 0.0, 1.9771881712497992, 0.0, 0.0, 0.0, 0.0, 0.0, 0.0, 0.0, 0.9651338093395077, 0.0, 0.0, 0.0, 0.0, 0.0, 0.0, 0.0], [0.0, 0.0, 0.0, 0.0, 0.0, 0.0, 0.0, 0.0, 0.0, 0.0, 1.9771881712497992, 0.0, 0.0, 0.0, 0.0, 0.0, 0.0, 0.0, 0.0, 0.0, 0.9756856616182482, 0.9759555062113822, 0.0, 0.0, 0.0, 0.0, 0.0], [0.0, 0.0, 0.0, 0.0, 0.0, 0.0, 0.0, 0.0, 0.9622763146828364, 0.0, 0.0, 0.0, 0.0, 1.0197239779565679, 0.0, 0.0, 0.0, 0.0, 0.0, 0.0, 0.0, 0.0, 0.9678716808056808, 0.9631823702144399, 0.0, 0.0, 0.0], [0.0, 0.0, 0.0, 0.0, 0.0, 0.0, 0.0, 0.0, 0.0, 0.0, 0.0, 0.0, 1.0197239779565679, 0.0, 1.9834882244323917, 0.0, 0.0, 0.0, 0.0, 0.0, 0.0, 0.0, 0.0, 0.0, 0.9671961689478107, 0.0, 0.0], [0.0, 0.0, 0.0, 0.0, 0.0, 0.0, 0.0, 0.0, 0.0, 0.0, 0.0, 0.0, 0.0, 1.9834882244323917, 0.0, 0.0, 0.0, 0.0, 0.0, 0.0, 0.0, 0.0, 0.0, 0.0, 0.0, 0.9772606024879514, 0.9746193880371643], [0.0, 0.0, 0.9084449055236383, 0.0, 0.0, 0.0, 0.0, 0.0, 0.0, 0.0, 0.0, 0.0, 0.0, 0.0, 0.0, 0.0, 0.0, 0.0, 0.0, 0.0, 0.0, 0.0, 0.0, 0.0, 0.0, 0.0, 0.0], [0.0, 0.0, 0.0, 0.0, 0.0, 0.9090096882650244, 0.0, 0.0, 0.0, 0.0, 0.0, 0.0, 0.0, 0.0, 0.0, 0.0, 0.0, 0.0, 0.0, 0.0, 0.0, 0.0, 0.0, 0.0, 0.0, 0.0, 0.0], [0.0, 0.0, 0.0, 0.0, 0.0, 0.0, 0.0, 0.0, 0.0, 0.9724036022710517, 0.0, 0.0, 0.0, 0.0, 0.0, 0.0, 0.0, 0.0, 0.0, 0.0, 0.0, 0.0, 0.0, 0.0, 0.0, 0.0, 0.0], [0.0, 0.0, 0.0, 0.0, 0.0, 0.0, 0.0, 0.0, 0.0, 0.9574187344880105, 0.0, 0.0, 0.0, 0.0, 0.0, 0.0, 0.0, 0.0, 0.0, 0.0, 0.0, 0.0, 0.0, 0.0, 0.0, 0.0, 0.0], [0.0, 0.0, 0.0, 0.0, 0.0, 0.0, 0.0, 0.0, 0.0, 0.0, 0.9651338093395077, 0.0, 0.0, 0.0, 0.0, 0.0, 0.0, 0.0, 0.0, 0.0, 0.0, 0.0, 0.0, 0.0, 0.0, 0.0, 0.0], [0.0, 0.0, 0.0, 0.0, 0.0, 0.0, 0.0, 0.0, 0.0, 0.0, 0.0, 0.9756856616182482, 0.0, 0.0, 0.0, 0.0, 0.0, 0.0, 0.0, 0.0, 0.0, 0.0, 0.0, 0.0, 0.0, 0.0, 0.0], [0.0, 0.0, 0.0, 0.0, 0.0, 0.0, 0.0, 0.0, 0.0, 0.0, 0.0, 0.9759555062113822, 0.0, 0.0, 0.0, 0.0, 0.0, 0.0, 0.0, 0.0, 0.0, 0.0, 0.0, 0.0, 0.0, 0.0, 0.0], [0.0, 0.0, 0.0, 0.0, 0.0, 0.0, 0.0, 0.0, 0.0, 0.0, 0.0, 0.0, 0.9678716808056808, 0.0, 0.0, 0.0, 0.0, 0.0, 0.0, 0.0, 0.0, 0.0, 0.0, 0.0, 0.0, 0.0, 0.0], [0.0, 0.0, 0.0, 0.0, 0.0, 0.0, 0.0, 0.0, 0.0, 0.0, 0.0, 0.0, 0.9631823702144399, 0.0, 0.0, 0.0, 0.0, 0.0, 0.0, 0.0, 0.0, 0.0, 0.0, 0.0, 0.0, 0.0, 0.0], [0.0, 0.0, 0.0, 0.0, 0.0, 0.0, 0.0, 0.0, 0.0, 0.0, 0.0, 0.0, 0.0, 0.9671961689478107, 0.0, 0.0, 0.0, 0.0, 0.0, 0.0, 0.0, 0.0, 0.0, 0.0, 0.0, 0.0, 0.0], [0.0, 0.0, 0.0, 0.0, 0.0, 0.0, 0.0, 0.0, 0.0, 0.0, 0.0, 0.0, 0.0, 0.0, 0.9772606024879514, 0.0, 0.0, 0.0, 0.0, 0.0, 0.0, 0.0, 0.0, 0.0, 0.0, 0.0, 0.0], [0.0, 0.0, 0.0, 0.0, 0.0, 0.0, 0.0, 0.0, 0.0, 0.0, 0.0, 0.0, 0.0, 0.0, 0.9746193880371643, 0.0, 0.0, 0.0, 0.0, 0.0, 0.0, 0.0, 0.0, 0.0, 0.0, 0.0, 0.0]], "Born radii": [], "Atomic SASAs": [], "Solvent H bonds": [], "Total SASA": NaN, "Total FOD": 0.0, "FOD": [0.0, 0.0, 0.0, 0.0, 0.0, 0.0, 0.0, 0.0, 0.0, 0.0, 0.0, 0.0, 0.0, 0.0, 0.0, 0.0, 0.0, 0.0, 0.0, 0.0, 0.0, 0.0, 0.0, 0.0, 0.0, 0.0, 0.0], "FOD s proportion": [0.0, 0.0, 0.0, 0.0, 0.0, 0.0, 0.0, 0.0, 0.0, 0.0, 0.0, 0.0, 0.0, 0.0, 0.0, 0.0, 0.0, 0.0, 0.0, 0.0, 0.0, 0.0, 0.0, 0.0, 0.0, 0.0, 0.0], "FOD p proportion": [0.0, 0.0, 0.0, 0.0, 0.0, 0.0, 0.0, 0.0, 0.0, 0.0, 0.0, 0.0, 0.0, 0.0, 0.0, 0.0, 0.0, 0.0, 0.0, 0.0, 0.0, 0.0, 0.0, 0.0, 0.0, 0.0, 0.0], "FOD d proportion": [0.0, 0.0, 0.0, 0.0, 0.0, 0.0, 0.0, 0.0, 0.0, 0.0, 0.0, 0.0, 0.0, 0.0, 0.0, 0.0, 0.0, 0.0, 0.0, 0.0, 0.0, 0.0, 0.0, 0.0, 0.0, 0.0, 0.0], "coordinates": [["0.11580", "-0.52240", "1.98830"], ["0.35060", "0.26640", "1.07570"], ["1.11250", "1.37640", "1.31970"], ["0.96120", "2.54580", "0.64510"], ["1.27790", "3.62040", "1.14410"], ["0.36900", "2.47870", "-0.57720"], ["-0.37220", "1.42060", "-1.02880"], ["-1.14700", "1.57520", "-1.97080"], ["-0.10130", "0.07820", "-0.36630"], ["1.08460", "-0.53270", "-1.16980"], ["1.55370", "-1.89070", "-0.71850"], ["2.76200", "-2.12780", "-0.19270"], ["-1.35160", "-0.83040", "-0.44120"], ["-2.60830", "-0.22850", "0.14250"], ["-3.14170", "-0.59470", "1.31440"], ["1.40000", "1.48710", "2.28340"], ["0.16770", "3.37070", "-1.00920"], ["1.93720", "0.16140", "-1.16280"], ["0.79790", "-0.62120", "-2.22710"], ["0.86990", "-2.72830", "-0.84700"], ["3.49440", "-1.34010", "-0.04610"], ["3.04570", "-3.13200", "0.10990"], ["-1.15450", "-1.78820", "0.05780"], ["-1.56890", "-1.08010", "-1.48850"], ["-3.12070", "0.52570", "-0.45410"], ["-4.05910", "-0.14090", "1.67660"], ["-2.67480", "-1.34870", "1.94270"]], "bond_dist": [[0.0, 1.2288918748205635, 2.2463032497861906, 3.4543796317139206, 4.384739660458759, 3.9563242662855633, 3.6216412591530927, 4.655004018258201, 2.4396708650963554, 3.3033732971010106, 3.35657080068334, 3.7863497725381894, 2.854925044550207, 3.303645813340165, 3.3272623506420413, 2.402986454393782, 4.913647064045198, 3.703310898371888, 4.271372028985534, 3.6706385970291326, 4.02769842590033, 4.3500244516554165, 2.634908343756951, 3.90350888560536, 4.187930708595833, 4.203865976693358, 2.9107214586765253], [1.2288918748205635, 0.0, 1.368257143230029, 2.39873155646896, 3.480499942536991, 2.7616459331348038, 2.506698571827095, 3.6382585738234714, 1.5228252854480715, 2.493909994366276, 3.052815693748969, 3.6271038253681134, 2.53010685347477, 3.1417952606750172, 3.604806539885324, 2.0124333877174667, 3.743920259567503, 2.7457616083702536, 3.4491156678197967, 3.5964810398499254, 3.7044238323928327, 4.443585962935791, 2.7427773478720434, 3.4745739508607385, 3.802295125315761, 4.469052269777117, 3.5374117897129254], [2.2463032497861906, 1.368257143230029, 0.0, 1.3584819505609926, 2.2569290019847763, 2.316481631699246, 2.7788018965014403, 3.996529987376549, 2.449740737302623, 3.137363777122443, 3.875933318569864, 4.157838579117761, 3.747335568107025, 4.2196986254944795, 4.6886544914292845, 1.0117452396725173, 3.2083725999328694, 2.884295640186699, 4.082789384722166, 4.6477957937069485, 3.8624123938284995, 5.052380512194227, 4.09223334745222, 4.594593066855867, 4.6679802024001775, 5.401390881985861, 4.707222142622972], [3.4543796317139206, 2.39873155646896, 1.3584819505609926, 0.0, 1.2264032982669282, 1.359860485491067, 2.4178444552948397, 3.497070832854262, 2.8706943358706796, 3.575786881233276, 4.678994919851911, 5.078122334091608, 4.234125407920743, 4.548700638643963, 5.210037538252483, 1.9993544008004183, 2.011668648162515, 3.1474500424947176, 4.278561525793453, 5.481863634750503, 4.689891095750519, 6.071984200407639, 4.8584631088441945, 4.909257151545435, 4.68518433575457, 5.7866882782814555, 5.4837388714270485], [4.384739660458759, 3.480499942536991, 2.2569290019847763, 1.2264032982669282, 0.0, 2.2566461375235596, 3.5047745234180185, 4.445850319117818, 4.090315591736168, 4.758123339090739, 5.823879086141813, 6.085342249208339, 5.407131122878379, 5.560556106182186, 6.10974093231456, 2.421545330981851, 2.435486608462465, 4.209649047129701, 5.439352902689804, 6.666103427040418, 5.562014791422259, 7.056174051141312, 6.029060574417875, 6.0934024362420045, 5.610623253258055, 6.550916190885058, 6.399496391123289], [3.9563242662855633, 2.7616459331348038, 2.316481631699246, 1.359860485491067, 2.2566461375235596, 0.0, 1.368537763454118, 2.24870834258247, 2.4552110194441537, 3.1514739535652203, 4.5293637676830505, 5.205202349572973, 3.732171374682572, 4.087935324830861, 5.034774335558645, 3.198322047574321, 1.0113405410641858, 2.8586811452136454, 3.5377259970212505, 5.237990249131817, 4.963207210060849, 6.254341195521715, 4.575009602175715, 4.153430093308421, 4.000920981474141, 5.616937618489278, 5.501236698234316], [3.6216412591530927, 2.506698571827095, 2.7788018965014403, 2.4178444552948397, 3.5047745234180185, 1.368537763454118, 0.0, 1.2294633788771427, 1.5212924833837838, 2.4408048119421593, 3.8431867753207105, 4.807641356216164, 2.524182861838659, 3.0152309546699736, 4.149957900991286, 3.757097806818449, 2.0235528606883486, 2.633793651750266, 2.640833985694671, 4.3346551027734606, 4.851572872790843, 5.805587382858, 3.47693691199596, 2.810145097677342, 2.947096596652373, 4.832256514300539, 4.669132842402323], [4.655004018258201, 3.6382585738234714, 3.996529987376549, 3.497070832854262, 4.445850319117818, 2.24870834258247, 1.2294633788771427, 0.0, 2.4308265548985597, 3.1725198139649184, 4.568861848425711, 5.670461146150284, 2.858049803624842, 3.1392305219591634, 4.413596395231445, 4.959151968834995, 2.4242382102425495, 3.487690364696958, 2.944910637014305, 4.8837408100758175, 5.809134026685905, 6.638205903706212, 3.9278153940835865, 2.7315253961843373, 2.701355369069386, 4.972811315543754, 5.118480858614204], [2.4396708650963554, 1.5228252854480715, 2.449740737302623, 2.8706943358706796, 4.090315591736168, 2.4552110194441537, 1.5212924833837838, 2.4308265548985597, 0.0, 1.5572956912545541, 2.5960810946501653, 3.618709694076053, 1.5473894338530298, 2.5764299582950043, 3.538584329926305, 3.355564183561387, 3.3654476165883196, 2.1901636331562075, 2.1818106333960334, 3.0084454756568215, 3.878551458985687, 4.520592823955726, 2.184614384737041, 2.1805599028689855, 3.0536439625470417, 4.4593302254935105, 3.740377903367519], [3.3033732971010106, 2.493909994366276, 3.137363777122443, 3.575786881233276, 4.758123339090739, 3.1514739535652203, 2.4408048119421593, 3.1725198139649184, 1.5572956912545541, 0.0, 1.5059516924523177, 2.5125165034283854, 2.5601862608021313, 3.930926015584623, 4.902724276359012, 4.0129365108359245, 4.012858025148659, 1.0994319305896112, 1.099050694918119, 2.2295639237303777, 2.7788005487979883, 3.498557672813184, 2.845496585835239, 2.7280540133948965, 4.395109229586905, 5.891786646680274, 4.948393740396978], [3.35657080068334, 3.052815693748969, 3.875933318569864, 4.678994919851911, 5.823879086141813, 4.5293637676830505, 3.8431867753207105, 4.568861848425711, 2.5960810946501653, 1.5059516924523177, 0.0, 1.3389066210905074, 3.105140813232147, 4.563603164167541, 5.2781700967286005, 4.5215661158496845, 5.448654187044724, 2.134382615652592, 2.1115723643768405, 1.088884038821398, 2.1264050907576384, 2.110245542585033, 2.8191302169286185, 3.3167157128701885, 5.268672667759879, 6.34837206612845, 5.02553098587602], [3.7863497725381894, 3.6271038253681134, 4.157838579117761, 5.078122334091608, 6.085342249208339, 5.205202349572973, 4.807641356216164, 5.670461146150284, 3.618709694076053, 2.5125165034283854, 1.3389066210905074, 0.0, 4.32049811595839, 5.706121416514024, 6.282946737797481, 4.588422083897688, 6.134375843555723, 2.6195086733965973, 3.204109194456394, 2.09015577170698, 1.0855287237102482, 1.08649440403529, 3.939168777800718, 4.640416763610785, 6.458757736593006, 7.346390903702307, 5.892853655912388], [2.854925044550207, 2.53010685347477, 3.747335568107025, 4.234125407920743, 5.407131122878379, 3.732171374682572, 2.524182861838659, 2.858049803624842, 1.5473894338530298, 2.5601862608021313, 3.105140813232147, 4.32049811595839, 0.0, 1.5107230685999338, 2.518361344207777, 4.512821065586358, 4.503347388332373, 3.510068267142393, 2.8024192584265473, 2.949874624454402, 4.8887231564080205, 4.993728172417877, 1.0978297909967647, 1.0983654537538952, 2.229100363375324, 3.505858431254748, 2.775332834093958], [3.303645813340165, 3.1417952606750172, 4.2196986254944795, 4.548700638643963, 5.560556106182186, 4.087935324830861, 3.0152309546699736, 3.1392305219591634, 2.5764299582950043, 3.930926015584623, 4.563603164167541, 5.706121416514024, 1.5107230685999338, 0.0, 1.3386439444452733, 4.857283712117298, 4.689011572815746, 4.745250293714758, 4.167903056694097, 4.3961330200529645, 6.205978714916769, 6.356027927094091, 2.1338633086493615, 2.1132287902638467, 1.0896343239821331, 2.1132811478835465, 2.12131806431756], [3.3272623506420413, 3.604806539885324, 4.6886544914292845, 5.210037538252483, 6.10974093231456, 5.034774335558645, 4.149957900991286, 4.413596395231445, 3.538584329926305, 4.902724276359012, 5.2781700967286005, 6.282946737797481, 2.518361344207777, 1.3386439444452733, 0.0, 5.089193563817356, 5.66353621688782, 5.701178146664073, 5.2974873912072695, 5.031583595648591, 6.815013178270458, 6.795044539957042, 2.636749826965008, 3.2504709520314132, 2.093640229361291, 1.085700713824947, 1.0868636068983082], [2.402986454393782, 2.0124333877174667, 1.0117452396725173, 1.9993544008004183, 2.421545330981851, 3.198322047574321, 3.757097806818449, 4.959151968834995, 3.355564183561387, 4.0129365108359245, 4.5215661158496845, 4.588422083897688, 4.512821065586358, 4.857283712117298, 5.089193563817356, 0.0, 3.988449198623445, 3.7312677162058474, 5.015183301734843, 5.2773106152660745, 4.219732390803948, 5.363628953423232, 4.712362008589748, 5.4435386156433205, 5.371678015294662, 5.728905920854347, 4.9761263217486755], [4.913647064045198, 3.743920259567503, 3.2083725999328694, 2.011668648162515, 2.435486608462465, 1.0113405410641858, 2.0235528606883486, 2.4242382102425495, 3.3654476165883196, 4.012858025148659, 5.448654187044724, 6.134375843555723, 4.503347388332373, 4.689011572815746, 5.66353621688782, 3.988449198623445, 0.0, 3.6680144083686477, 4.220864610479706, 6.141432624396364, 5.846890724137061, 7.198637100173894, 5.431477796143514, 4.801575646597687, 4.383575660348524, 6.116428242037995, 6.250300490376443], [3.703310898371888, 2.7457616083702536, 2.884295640186699, 3.1474500424947176, 4.209649047129701, 2.8586811452136454, 2.633793651750266, 3.487690364696958, 2.1901636331562075, 1.0994319305896112, 2.134382615652592, 2.6195086733965973, 3.510068267142393, 4.745250293714758, 5.701178146664073, 3.7312677162058474, 3.6680144083686477, 0.0, 1.7444774977052584, 3.096647383865331, 2.4344184069300825, 3.700678464822363, 3.8534936628986434, 3.7336496822814, 5.1202854012252095, 6.641475087659368, 5.761516836736659], [4.271372028985534, 3.4491156678197967, 4.082789384722166, 4.278561525793453, 5.439352902689804, 3.5377259970212505, 2.640833985694671, 2.944910637014305, 2.1818106333960334, 1.099050694918119, 2.1115723643768405, 3.204109194456394, 2.8024192584265473, 4.167903056694097, 5.2974873912072695, 5.015183301734843, 4.220864610479706, 1.7444774977052584, 0.0, 2.5198671433232347, 3.5418484524327125, 4.10101090951975, 3.2240537790179618, 2.5214800038866065, 4.451329528354422, 6.249800859227436, 5.4750464454650976], [3.6706385970291326, 3.5964810398499254, 4.6477957937069485, 5.481863634750503, 6.666103427040418, 5.237990249131817, 4.3346551027734606, 4.8837408100758175, 3.0084454756568215, 2.2295639237303777, 1.088884038821398, 2.09015577170698, 2.949874624454402, 4.3961330200529645, 5.031583595648591, 5.2773106152660745, 6.141432624396364, 3.096647383865331, 2.5198671433232347, 0.0, 3.0751488256668167, 2.4109618288143846, 2.408453115591001, 3.0126119780018135, 5.164085085472546, 6.11213847356226, 4.71705632147847], [4.02769842590033, 3.7044238323928327, 3.8624123938284995, 4.689891095750519, 5.562014791422259, 4.963207210060849, 4.851572872790843, 5.809134026685905, 3.878551458985687, 2.7788005487979883, 2.1264050907576384, 1.0855287237102482, 4.8887231564080205, 6.205978714916769, 6.815013178270458, 4.219732390803948, 5.846890724137061, 2.4344184069300825, 3.5418484524327125, 3.0751488256668167, 0.0, 1.85379969252344, 4.671601441689991, 5.271159706364435, 6.885290237165025, 7.839715439988877, 6.4818537502785425], [4.3500244516554165, 4.443585962935791, 5.052380512194227, 6.071984200407639, 7.056174051141312, 6.254341195521715, 5.805587382858, 6.638205903706212, 4.520592823955726, 3.498557672813184, 2.110245542585033, 1.08649440403529, 4.993728172417877, 6.356027927094091, 6.795044539957042, 5.363628953423232, 7.198637100173894, 3.700678464822363, 4.10101090951975, 2.4109618288143846, 1.85379969252344, 0.0, 4.4102372827320755, 5.297141618835577, 7.191755992106517, 7.866346746743369, 6.266054179465734], [2.634908343756951, 2.7427773478720434, 4.09223334745222, 4.8584631088441945, 6.029060574417875, 4.575009602175715, 3.47693691199596, 3.9278153940835865, 2.184614384737041, 2.845496585835239, 2.8191302169286185, 3.939168777800718, 1.0978297909967647, 2.1338633086493615, 2.636749826965008, 4.712362008589748, 5.431477796143514, 3.8534936628986434, 3.2240537790179618, 2.408453115591001, 4.671601441689991, 4.4102372827320755, 0.0, 1.7504789801651433, 3.07930467151271, 3.7109044571371004, 2.4611623981362953], [3.90350888560536, 3.4745739508607385, 4.594593066855867, 4.909257151545435, 6.0934024362420045, 4.153430093308421, 2.810145097677342, 2.7315253961843373, 2.1805599028689855, 2.7280540133948965, 3.3167157128701885, 4.640416763610785, 1.0983654537538952, 2.1132287902638467, 3.2504709520314132, 5.4435386156433205, 4.801575646597687, 3.7336496822814, 2.5214800038866065, 3.0126119780018135, 5.271159706364435, 5.297141618835577, 1.7504789801651433, 0.0, 2.4610282891506956, 4.13534166544918, 3.615009572601434], [4.187930708595833, 3.802295125315761, 4.6679802024001775, 4.68518433575457, 5.610623253258055, 4.000920981474141, 2.947096596652373, 2.701355369069386, 3.0536439625470417, 4.395109229586905, 5.268672667759879, 6.458757736593006, 2.229100363375324, 1.0896343239821331, 2.093640229361291, 5.371678015294662, 4.383575660348524, 5.1202854012252095, 4.451329528354422, 5.164085085472546, 6.885290237165025, 7.191755992106517, 3.07930467151271, 2.4610282891506956, 0.0, 2.421741648070661, 3.0751995723855066], [4.203865976693358, 4.469052269777117, 5.401390881985861, 5.7866882782814555, 6.550916190885058, 5.616937618489278, 4.832256514300539, 4.972811315543754, 4.4593302254935105, 5.891786646680274, 6.34837206612845, 7.346390903702307, 3.505858431254748, 2.1132811478835465, 1.085700713824947, 5.728905920854347, 6.116428242037995, 6.641475087659368, 6.249800859227436, 6.11213847356226, 7.839715439988877, 7.866346746743369, 3.7109044571371004, 4.13534166544918, 2.421741648070661, 0.0, 1.8563072321143395], [2.9107214586765253, 3.5374117897129254, 4.707222142622972, 5.4837388714270485, 6.399496391123289, 5.501236698234316, 4.669132842402323, 5.118480858614204, 3.740377903367519, 4.948393740396978, 5.02553098587602, 5.892853655912388, 2.775332834093958, 2.12131806431756, 1.0868636068983082, 4.9761263217486755, 6.250300490376443, 5.761516836736659, 5.4750464454650976, 4.71705632147847, 6.4818537502785425, 6.266054179465734, 2.4611623981362953, 3.615009572601434, 3.0751995723855066, 1.8563072321143395, 0.0]]}