{"total energy": -65.4840924, "HOMO-LUMO gap/eV": 3.29087876, "electronic energy": -66.24797787, "dipole": [0.11573715, -0.90177617, 1.43361388], "partial charges": [-0.454402, 1.13991867, -0.56793725, -0.57801965, -0.09568424, -0.03117379, 0.00085975, -0.02185648, -0.03622383, 0.09849584, -0.11958256, 0.21002364, -0.44140609, -0.22625129, 0.27575526, -0.41143551, -0.02208089, -0.0138618, -0.0253389, -0.02240269, -0.02564863, -0.01144198, 0.20659708, 0.20728817, 0.07896032, 0.08961186, 0.0839997, 0.31351286, 0.18187946, 0.06716896, 0.05116143, 0.05125722, 0.04825732], "atomic dipole moments": [[-0.06151294, 0.17312727, -0.05821226], [0.02621664, -0.09000339, 0.06037707], [-0.07972284, -0.15119812, -0.07765488], [0.13598582, 0.00937122, 0.1346445], [0.068439, 0.08845156, -0.10562518], [0.05764863, 0.01966738, 0.00841308], [-0.09168701, -0.01582265, -0.02659048], [0.01112761, 0.02360763, -0.03970502], [0.01364947, 0.03610554, -0.06197726], [0.20524892, 0.089131, -0.03682607], [-0.03810636, 0.13118124, -0.1183661], [-0.04004094, -0.1348501, 0.0180452], [-0.02986308, 0.08332008, -0.23277752], [0.03368644, 0.07072201, 0.03723545], [0.05632811, -0.04939568, 0.02255985], [0.06202223, 0.06105881, 0.17557449], [0.01983254, -0.0436629, -0.03024644], [0.01590095, -0.0092351, 0.00449436], [0.01542315, -0.01587857, -0.00045094], [0.01462457, -0.01720601, -0.0054863], [-0.00041111, -0.00934912, -0.01093082], [0.08574219, -0.10357023, 0.0029582], [0.09201904, 0.07192472, 0.02044437], [-0.03929089, -0.01728315, -0.11234935], [-0.08755075, 0.03600489, -0.12809922], [-0.05524944, -0.07820123, 0.12225781], [0.08075757, -0.03504457, 0.1274488], [-0.05255757, -0.04100644, -0.04562954], [0.08414314, -0.10991735, -0.06118436], [-0.08119719, -0.01281927, -0.13484356], [-0.10899783, 0.10239355, -0.03116965], [-0.03060326, 0.1140338, 0.09756034], [0.07956627, 0.01158471, 0.13271556]], "atomic quadrupole moments": [[0.09367562, -0.15344288, -0.02198477, -0.10939495, 0.07686244, -0.07169085], [0.10466432, -0.16062908, -0.09036398, -0.25039565, -0.092458, -0.01430035], [-0.03957471, 0.08981471, 0.09171215, 0.02989672, 0.08093262, -0.05213745], [0.04527606, -0.00314467, -0.09605036, 0.12141426, 0.00111511, 0.0507743], [-0.31860649, -0.06918408, 0.26480027, -0.2558574, 0.01988911, 0.05380622], [-0.19265822, -0.18659179, 0.32969735, -0.11977739, 0.2999615, -0.13703913], [-0.04893431, -0.11010055, 0.24664617, -0.08113156, 0.27645884, -0.19771185], [-0.18922655, -0.21296282, 0.34092586, -0.08983252, 0.31989979, -0.15169931], [-0.18965881, -0.17998064, 0.31971973, -0.12566406, 0.27561056, -0.13006092], [0.13728701, -0.03051006, 0.16013373, -0.05403161, 0.28250165, -0.29742073], [0.39214642, 0.1568452, -0.16059891, 0.06562676, 0.03105276, -0.23154751], [-0.17991618, 0.06877066, -0.05243497, 0.0497114, -0.14113969, 0.23235116], [-0.1015219, 0.05320642, -0.00087867, -0.01802136, -0.13526027, 0.10240057], [-0.05891842, 0.03974089, -0.05396281, 0.06160153, 0.02535303, 0.11288123], [0.10356022, 0.30435102, -0.03918665, -0.17751866, -0.18742355, -0.06437357], [0.03069631, 0.13639981, -0.01543772, -0.07957195, -0.06985677, -0.01525859], [-0.01476857, 0.21543509, 0.02563413, -0.20929648, -0.03824242, -0.01086555], [0.11936258, 0.3102997, 0.01487841, -0.28243795, -0.24326975, -0.13424099], [0.09722851, 0.3145532, 0.01109951, -0.27079119, -0.21337302, -0.10832802], [0.10532313, 0.31709096, 0.00846884, -0.26903767, -0.22394547, -0.11379197], [0.0839615, 0.33176632, 0.00924442, -0.26052025, -0.20146995, -0.09320592], [0.08890733, 0.13327604, 0.06487105, -0.17238233, -0.23661516, -0.15377839], [0.10755044, 0.03647217, -0.05571262, 0.00156974, 0.02020243, -0.05183782], [-0.03380514, -0.00357837, -0.04448641, -0.00375576, 0.07151804, 0.07829155], [0.02567289, 0.03092278, -0.03278213, -0.00172207, -0.03269692, 0.00710924], [0.03194927, 0.02469818, -0.0403766, 0.0156145, -0.02993542, 0.00842733], [0.03207072, 0.02801278, -0.03832461, 0.0086756, -0.03127293, 0.0062539], [0.02336951, 0.10592755, 0.01509658, 0.04489427, 0.02622836, -0.0384661], [0.00454216, -0.02976006, 0.00289701, 0.01309261, 0.01553354, -0.00743917], [-0.00916621, -0.03443805, 0.00274699, 0.02501853, 0.0216313, 0.00641921], [-0.01644016, -0.03553129, 0.00013682, 0.03059362, 0.03101569, 0.01630334], [-0.00918182, -0.03975081, -0.00321013, 0.03587983, 0.0215069, 0.01239195], [-0.00924858, -0.03615353, 0.00101954, 0.02682553, 0.02471846, 0.00822904]], "number of molecular orbitals": 109, "number of electrons": 114, "number of unpaired electrons": 0, "orbital energies/eV": [-29.11659757, -21.40513961, -19.88732975, -19.36356318, -19.03731669, -18.95382309, -18.43413487, -18.39059298, -18.27761638, -17.95219752, -17.73876256, -17.647365, -17.61987944, -17.44368894, -17.076727, -16.91044671, -16.68622685, -16.65847824, -16.60144178, -16.37953439, -15.84835957, -15.74072738, -15.24550532, -15.20093139, -15.13379544, -15.06746559, -15.04690464, -14.78795188, -14.73153944, -14.65027729, -14.47257962, -14.424552, -14.21492179, -14.03483997, -13.97975453, -13.90491914, -13.83002025, -13.6627389, -13.58742312, -13.27304738, -13.01432499, -12.90962969, -12.83985139, -12.81263068, -12.56488256, -12.42448052, -12.30731345, -12.20267306, -12.10025815, -12.0258304, -11.77009464, -11.71809845, -11.64854428, -11.61140785, -11.59580765, -11.48556289, -11.04574108, -7.75486232, -7.62778214, -7.53121893, -6.88427364, -5.34883884, -4.60416597, -4.5467595, -3.49326063, -2.92680429, -2.69339139, -1.89957589, -1.14489801, -0.30032224, -0.18088567, -0.00069835, 0.00549965, 0.34402909, 0.38419762, 1.59765981, 1.67795643, 2.0898464, 2.49109715, 2.5802602, 3.03165089, 3.25850998, 3.32317321, 3.66415742, 3.79683289, 3.97644573, 4.09890496, 4.4966852, 4.70399229, 4.74984717, 6.13158295, 6.28551021, 7.08666224, 7.96211184, 8.80101999, 9.23242034, 9.83127518, 10.41147838, 10.75901388, 11.02819084, 11.74445474, 13.63550931, 15.0071959, 15.31875664, 15.69907297, 16.69760681, 19.53387953, 26.44019813, 31.28064458], "fractional occupation": [2.0, 2.0, 2.0, 2.0, 2.0, 2.0, 2.0, 2.0, 2.0, 2.0, 2.0, 2.0, 2.0, 2.0, 2.0, 2.0, 2.0, 2.0, 2.0, 2.0, 2.0, 2.0, 2.0, 2.0, 2.0, 2.0, 2.0, 2.0, 2.0, 2.0, 2.0, 2.0, 2.0, 2.0, 2.0, 2.0, 2.0, 2.0, 2.0, 2.0, 2.0, 2.0, 2.0, 2.0, 2.0, 2.0, 2.0, 2.0, 2.0, 2.0, 2.0, 2.0, 2.0, 2.0, 2.0, 2.0, 2.0, 0.0, 0.0, 0.0, 0.0, 0.0, 0.0, 0.0, 0.0, 0.0, 0.0, 0.0, 0.0, 0.0, 0.0, 0.0, 0.0, 0.0, 0.0, 0.0, 0.0, 0.0, 0.0, 0.0, 0.0, 0.0, 0.0, 0.0, 0.0, 0.0, 0.0, 0.0, 0.0, 0.0, 0.0, 0.0, 0.0, 0.0, 0.0, 0.0, 0.0, 0.0, 0.0, 0.0, 0.0, 0.0, 0.0, 0.0, 0.0, 0.0, 0.0, 0.0, 0.0], "program call": "xtb /home/svss/Project-DBcg-Debug/aqme2_20220329/End-to-End-workflows-final/example-3/QDESCP/mol_1118_rdkit_conf_3/mol_1118_rdkit_conf_3.xyz --pop --wbo --acc 0.2 --gfn 2 --chrg 0 --uhf 0 --etemp 300 --input /home/svss/Project-DBcg-Debug/aqme2_20220329/End-to-End-workflows-final/example-3/QDESCP/mol_1118_rdkit_conf_3/mol_1118_rdkit_conf_3_xtb.inp", "method": "GFN2-xTB", "xtb version": "6.3.3 (7355c4f)", "Dipole module/D": 4.315, "Total charge": 0, "Transition dipole module/D": NaN, "HOMO": -11.0457, "LUMO": -7.7549, "HOMO occupancy": 2.0, "LUMO occupancy": 0, "mulliken charges": [-0.39448, 0.52362, -0.39684, -0.40696, 0.04929, -0.0233, -0.01847, -0.00596, -0.04618, 0.11106, -0.05734, 0.35611, -0.56734, -0.38957, 0.4738, -0.53545, -0.04586, 0.00255, -0.02391, -0.0156, -0.01963, -0.02163, 0.23548, 0.24076, 0.07118, 0.06235, 0.05206, 0.3539, 0.25393, 0.05847, 0.04091, 0.04034, 0.04272], "cm5 charges": [-0.82122, 0.63795, -0.44438, -0.45805, 0.06284, -0.06826, -0.01991, -0.05658, -0.09759, 0.1091, -0.05638, 0.42617, -0.761, -0.74328, 0.57315, -0.57539, -0.04101, -0.04886, -0.07868, -0.07036, -0.07111, -0.01772, 0.42619, 0.43187, 0.1359, 0.12268, 0.10858, 0.53697, 0.45127, 0.11591, 0.09609, 0.09546, 0.09964], "FUKUI+": [0.001, -0.053, -0.025, -0.019, -0.038, -0.014, -0.019, -0.042, -0.015, -0.026, -0.088, -0.0, -0.017, -0.021, -0.022, -0.081, -0.03, -0.018, -0.019, -0.034, -0.01, -0.018, -0.021, -0.023, -0.03, -0.05, -0.048, -0.019, -0.029, -0.042, -0.048, -0.049, -0.034], "FUKUI-": [-0.031, -0.04, -0.034, -0.033, -0.007, -0.006, -0.017, -0.011, -0.015, -0.008, -0.149, -0.0, -0.028, -0.033, -0.014, -0.126, -0.019, -0.013, -0.019, -0.016, -0.011, -0.015, -0.028, -0.032, -0.016, -0.032, -0.034, -0.018, -0.029, -0.036, -0.046, -0.047, -0.035], "FUKUIrad": [-0.015, -0.046, -0.029, -0.026, -0.022, -0.01, -0.018, -0.026, -0.015, -0.017, -0.119, -0.0, -0.023, -0.027, -0.018, -0.103, -0.025, -0.016, -0.019, -0.025, -0.011, -0.016, -0.024, -0.027, -0.023, -0.041, -0.041, -0.019, -0.029, -0.039, -0.047, -0.048, -0.034], "s proportion": [1.463, 1.705, 1.722, 1.722, 1.078, 1.074, 1.092, 1.069, 1.067, 1.084, 1.944, 1.013, 1.701, 1.431, 0.989, 1.724, 1.086, 1.061, 1.066, 1.067, 1.058, 1.092, 0.765, 0.759, 0.929, 0.938, 0.948, 0.646, 0.746, 0.942, 0.959, 0.96, 0.957], "p proportion": [3.931, 2.807, 4.675, 4.685, 2.873, 2.95, 2.926, 2.937, 2.979, 2.805, 5.124, 2.631, 4.866, 3.959, 2.538, 4.812, 2.96, 2.936, 2.958, 2.948, 2.962, 2.93, 0.0, 0.0, 0.0, 0.0, 0.0, 0.0, 0.0, 0.0, 0.0, 0.0, 0.0], "d proportion": [0.0, 0.965, 0.0, 0.0, 0.0, 0.0, 0.0, 0.0, 0.0, 0.0, -0.011, 0.0, 0.0, 0.0, 0.0, 0.0, 0.0, 0.0, 0.0, 0.0, 0.0, 0.0, 0.0, 0.0, 0.0, 0.0, 0.0, 0.0, 0.0, 0.0, 0.0, 0.0, 0.0], "Fermi-level/eV": -9.4003, "Coordination numbers": [2.632, 3.7, 0.86, 0.86, 2.975, 2.96, 2.958, 2.913, 2.961, 2.907, 0.968, 3.775, 1.658, 2.74, 2.827, 0.857, 3.034, 2.907, 2.919, 2.914, 2.91, 3.043, 0.863, 0.863, 0.924, 0.925, 0.925, 0.804, 0.86, 0.925, 0.925, 0.925, 0.925], "Dispersion coefficient C6": [31.934, 102.729, 25.342, 25.583, 30.401, 28.775, 28.007, 28.551, 28.899, 25.817, 102.886, 17.33, 21.668, 25.941, 22.345, 21.911, 28.522, 28.359, 28.636, 28.565, 28.643, 28.259, 1.073, 1.069, 1.99, 1.883, 1.938, 0.682, 1.203, 2.117, 2.305, 2.304, 2.342], "Total dispersion C6": 18820.51614, "Total dispersion C8": 509595.646893, "Polarizability alpha": [8.393, 17.059, 6.749, 6.781, 9.044, 8.799, 8.68, 8.762, 8.818, 8.331, 15.518, 5.931, 6.284, 7.564, 7.746, 6.276, 8.76, 8.732, 8.775, 8.764, 8.776, 8.719, 1.622, 1.62, 2.206, 2.146, 2.177, 1.297, 1.718, 2.275, 2.374, 2.374, 2.393], "Total polarizability alpha": 215.464385, "Wiberg matrix": [[0.0, 0.9491057368643184, 0.0, 0.0, 0.0, 0.0, 0.0, 0.0, 0.0, 0.0, 0.0, 0.0, 0.0, 0.0, 0.0, 0.0, 0.0, 0.0, 0.0, 0.0, 0.0, 0.0, 0.9390799916717446, 0.938845211649243, 0.0, 0.0, 0.0, 0.0, 0.0, 0.0, 0.0, 0.0, 0.0], [0.9491057368643184, 0.0, 1.6083315874398283, 1.6046278166975871, 0.7651296016024438, 0.0, 0.0, 0.0, 0.0, 0.0, 0.0, 0.0, 0.0, 0.0, 0.0, 0.0, 0.0, 0.0, 0.0, 0.0, 0.0, 0.0, 0.0, 0.0, 0.0, 0.0, 0.0, 0.0, 0.0, 0.0, 0.0, 0.0, 0.0], [0.0, 1.6083315874398283, 0.0, 0.11460491384849027, 0.0, 0.0, 0.0, 0.0, 0.0, 0.0, 0.0, 0.0, 0.0, 0.0, 0.0, 0.0, 0.0, 0.0, 0.0, 0.0, 0.0, 0.0, 0.0, 0.0, 0.0, 0.0, 0.0, 0.0, 0.0, 0.0, 0.0, 0.0, 0.0], [0.0, 1.6046278166975871, 0.11460491384849027, 0.0, 0.0, 0.0, 0.0, 0.0, 0.0, 0.0, 0.0, 0.0, 0.0, 0.0, 0.0, 0.0, 0.0, 0.0, 0.0, 0.0, 0.0, 0.0, 0.0, 0.0, 0.0, 0.0, 0.0, 0.0, 0.0, 0.0, 0.0, 0.0, 0.0], [0.0, 0.7651296016024438, 0.0, 0.0, 0.0, 1.4143642905097877, 0.0, 0.0, 0.0, 1.3835483334446468, 0.0, 0.0, 0.0, 0.0, 0.0, 0.0, 0.0, 0.0, 0.0, 0.0, 0.0, 0.0, 0.0, 0.0, 0.0, 0.0, 0.0, 0.0, 0.0, 0.0, 0.0, 0.0, 0.0], [0.0, 0.0, 0.0, 0.0, 1.4143642905097877, 0.0, 1.411712482413603, 0.0, 0.10985125517892426, 0.0, 0.0, 0.0, 0.0, 0.0, 0.0, 0.0, 0.0, 0.0, 0.0, 0.0, 0.0, 0.0, 0.0, 0.0, 0.960114876033285, 0.0, 0.0, 0.0, 0.0, 0.0, 0.0, 0.0, 0.0], [0.0, 0.0, 0.0, 0.0, 0.0, 1.411712482413603, 0.0, 1.4019210592302307, 0.0, 0.0, 0.0, 0.9608498820663316, 0.0, 0.0, 0.0, 0.0, 0.0, 0.0, 0.0, 0.0, 0.0, 0.0, 0.0, 0.0, 0.0, 0.0, 0.0, 0.0, 0.0, 0.0, 0.0, 0.0, 0.0], [0.0, 0.0, 0.0, 0.0, 0.0, 0.0, 1.4019210592302307, 0.0, 1.445230880629647, 0.0, 0.0, 0.0, 0.0, 0.0, 0.0, 0.0, 0.0, 0.0, 0.0, 0.0, 0.0, 0.0, 0.0, 0.0, 0.0, 0.9612358708838489, 0.0, 0.0, 0.0, 0.0, 0.0, 0.0, 0.0], [0.0, 0.0, 0.0, 0.0, 0.0, 0.10985125517892426, 0.0, 1.445230880629647, 0.0, 1.390999133036388, 0.0, 0.0, 0.0, 0.0, 0.0, 0.0, 0.0, 0.0, 0.0, 0.0, 0.0, 0.0, 0.0, 0.0, 0.0, 0.0, 0.9630700401872208, 0.0, 0.0, 0.0, 0.0, 0.0, 0.0], [0.0, 0.0, 0.0, 0.0, 1.3835483334446468, 0.0, 0.0, 0.0, 1.390999133036388, 0.0, 1.0074305335121598, 0.0, 0.0, 0.0, 0.0, 0.0, 0.0, 0.0, 0.0, 0.0, 0.0, 0.0, 0.0, 0.0, 0.0, 0.0, 0.0, 0.0, 0.0, 0.0, 0.0, 0.0, 0.0], [0.0, 0.0, 0.0, 0.0, 0.0, 0.0, 0.0, 0.0, 0.0, 1.0074305335121598, 0.0, 0.0, 0.0, 0.0, 0.0, 0.0, 0.0, 0.0, 0.0, 0.0, 0.0, 0.0, 0.0, 0.0, 0.0, 0.0, 0.0, 0.0, 0.0, 0.0, 0.0, 0.0, 0.0], [0.0, 0.0, 0.0, 0.0, 0.0, 0.0, 0.9608498820663316, 0.0, 0.0, 0.0, 0.0, 0.0, 0.970130660215942, 0.9787838428942847, 0.0, 0.0, 0.0, 0.0, 0.0, 0.0, 0.0, 0.9551175853611, 0.0, 0.0, 0.0, 0.0, 0.0, 0.0, 0.0, 0.0, 0.0, 0.0, 0.0], [0.0, 0.0, 0.0, 0.0, 0.0, 0.0, 0.0, 0.0, 0.0, 0.0, 0.0, 0.970130660215942, 0.0, 0.0, 0.0, 0.0, 0.0, 0.0, 0.0, 0.0, 0.0, 0.0, 0.0, 0.0, 0.0, 0.0, 0.0, 0.8780448797118205, 0.0, 0.0, 0.0, 0.0, 0.0], [0.0, 0.0, 0.0, 0.0, 0.0, 0.0, 0.0, 0.0, 0.0, 0.0, 0.0, 0.9787838428942847, 0.0, 0.0, 1.168811348233288, 0.18241986229389998, 0.0, 0.0, 0.0, 0.0, 0.0, 0.0, 0.0, 0.0, 0.0, 0.0, 0.0, 0.0, 0.9350191160024305, 0.0, 0.0, 0.0, 0.0], [0.0, 0.0, 0.0, 0.0, 0.0, 0.0, 0.0, 0.0, 0.0, 0.0, 0.0, 0.0, 0.0, 1.168811348233288, 0.0, 1.7042527450779996, 1.0091688901934457, 0.0, 0.0, 0.0, 0.0, 0.0, 0.0, 0.0, 0.0, 0.0, 0.0, 0.0, 0.0, 0.0, 0.0, 0.0, 0.0], [0.0, 0.0, 0.0, 0.0, 0.0, 0.0, 0.0, 0.0, 0.0, 0.0, 0.0, 0.0, 0.0, 0.18241986229389998, 1.7042527450779996, 0.0, 0.0, 0.0, 0.0, 0.0, 0.0, 0.0, 0.0, 0.0, 0.0, 0.0, 0.0, 0.0, 0.0, 0.0, 0.0, 0.0, 0.0], [0.0, 0.0, 0.0, 0.0, 0.0, 0.0, 0.0, 0.0, 0.0, 0.0, 0.0, 0.0, 0.0, 0.0, 1.0091688901934457, 0.0, 0.0, 1.4052931489813736, 0.0, 0.10164800643713776, 0.0, 1.3502915759736625, 0.0, 0.0, 0.0, 0.0, 0.0, 0.0, 0.0, 0.0, 0.0, 0.0, 0.0], [0.0, 0.0, 0.0, 0.0, 0.0, 0.0, 0.0, 0.0, 0.0, 0.0, 0.0, 0.0, 0.0, 0.0, 0.0, 0.0, 1.4052931489813736, 0.0, 1.4409878274162211, 0.0, 0.10474188058875133, 0.0, 0.0, 0.0, 0.0, 0.0, 0.0, 0.0, 0.0, 0.9648800078480657, 0.0, 0.0, 0.0], [0.0, 0.0, 0.0, 0.0, 0.0, 0.0, 0.0, 0.0, 0.0, 0.0, 0.0, 0.0, 0.0, 0.0, 0.0, 0.0, 0.0, 1.4409878274162211, 0.0, 1.43539491021344, 0.0, 0.10679051235763666, 0.0, 0.0, 0.0, 0.0, 0.0, 0.0, 0.0, 0.0, 0.9701062135033022, 0.0, 0.0], [0.0, 0.0, 0.0, 0.0, 0.0, 0.0, 0.0, 0.0, 0.0, 0.0, 0.0, 0.0, 0.0, 0.0, 0.0, 0.0, 0.10164800643713776, 0.0, 1.43539491021344, 0.0, 1.4289507087522415, 0.0, 0.0, 0.0, 0.0, 0.0, 0.0, 0.0, 0.0, 0.0, 0.0, 0.9702624823819626, 0.0], [0.0, 0.0, 0.0, 0.0, 0.0, 0.0, 0.0, 0.0, 0.0, 0.0, 0.0, 0.0, 0.0, 0.0, 0.0, 0.0, 0.0, 0.10474188058875133, 0.0, 1.4289507087522415, 0.0, 1.4373892382243938, 0.0, 0.0, 0.0, 0.0, 0.0, 0.0, 0.0, 0.0, 0.0, 0.0, 0.9680083822466536], [0.0, 0.0, 0.0, 0.0, 0.0, 0.0, 0.0, 0.0, 0.0, 0.0, 0.0, 0.9551175853611, 0.0, 0.0, 0.0, 0.0, 1.3502915759736625, 0.0, 0.10679051235763666, 0.0, 1.4373892382243938, 0.0, 0.0, 0.0, 0.0, 0.0, 0.0, 0.0, 0.0, 0.0, 0.0, 0.0, 0.0], [0.9390799916717446, 0.0, 0.0, 0.0, 0.0, 0.0, 0.0, 0.0, 0.0, 0.0, 0.0, 0.0, 0.0, 0.0, 0.0, 0.0, 0.0, 0.0, 0.0, 0.0, 0.0, 0.0, 0.0, 0.0, 0.0, 0.0, 0.0, 0.0, 0.0, 0.0, 0.0, 0.0, 0.0], [0.938845211649243, 0.0, 0.0, 0.0, 0.0, 0.0, 0.0, 0.0, 0.0, 0.0, 0.0, 0.0, 0.0, 0.0, 0.0, 0.0, 0.0, 0.0, 0.0, 0.0, 0.0, 0.0, 0.0, 0.0, 0.0, 0.0, 0.0, 0.0, 0.0, 0.0, 0.0, 0.0, 0.0], [0.0, 0.0, 0.0, 0.0, 0.0, 0.960114876033285, 0.0, 0.0, 0.0, 0.0, 0.0, 0.0, 0.0, 0.0, 0.0, 0.0, 0.0, 0.0, 0.0, 0.0, 0.0, 0.0, 0.0, 0.0, 0.0, 0.0, 0.0, 0.0, 0.0, 0.0, 0.0, 0.0, 0.0], [0.0, 0.0, 0.0, 0.0, 0.0, 0.0, 0.0, 0.9612358708838489, 0.0, 0.0, 0.0, 0.0, 0.0, 0.0, 0.0, 0.0, 0.0, 0.0, 0.0, 0.0, 0.0, 0.0, 0.0, 0.0, 0.0, 0.0, 0.0, 0.0, 0.0, 0.0, 0.0, 0.0, 0.0], [0.0, 0.0, 0.0, 0.0, 0.0, 0.0, 0.0, 0.0, 0.9630700401872208, 0.0, 0.0, 0.0, 0.0, 0.0, 0.0, 0.0, 0.0, 0.0, 0.0, 0.0, 0.0, 0.0, 0.0, 0.0, 0.0, 0.0, 0.0, 0.0, 0.0, 0.0, 0.0, 0.0, 0.0], [0.0, 0.0, 0.0, 0.0, 0.0, 0.0, 0.0, 0.0, 0.0, 0.0, 0.0, 0.0, 0.8780448797118205, 0.0, 0.0, 0.0, 0.0, 0.0, 0.0, 0.0, 0.0, 0.0, 0.0, 0.0, 0.0, 0.0, 0.0, 0.0, 0.0, 0.0, 0.0, 0.0, 0.0], [0.0, 0.0, 0.0, 0.0, 0.0, 0.0, 0.0, 0.0, 0.0, 0.0, 0.0, 0.0, 0.0, 0.9350191160024305, 0.0, 0.0, 0.0, 0.0, 0.0, 0.0, 0.0, 0.0, 0.0, 0.0, 0.0, 0.0, 0.0, 0.0, 0.0, 0.0, 0.0, 0.0, 0.0], [0.0, 0.0, 0.0, 0.0, 0.0, 0.0, 0.0, 0.0, 0.0, 0.0, 0.0, 0.0, 0.0, 0.0, 0.0, 0.0, 0.0, 0.9648800078480657, 0.0, 0.0, 0.0, 0.0, 0.0, 0.0, 0.0, 0.0, 0.0, 0.0, 0.0, 0.0, 0.0, 0.0, 0.0], [0.0, 0.0, 0.0, 0.0, 0.0, 0.0, 0.0, 0.0, 0.0, 0.0, 0.0, 0.0, 0.0, 0.0, 0.0, 0.0, 0.0, 0.0, 0.9701062135033022, 0.0, 0.0, 0.0, 0.0, 0.0, 0.0, 0.0, 0.0, 0.0, 0.0, 0.0, 0.0, 0.0, 0.0], [0.0, 0.0, 0.0, 0.0, 0.0, 0.0, 0.0, 0.0, 0.0, 0.0, 0.0, 0.0, 0.0, 0.0, 0.0, 0.0, 0.0, 0.0, 0.0, 0.9702624823819626, 0.0, 0.0, 0.0, 0.0, 0.0, 0.0, 0.0, 0.0, 0.0, 0.0, 0.0, 0.0, 0.0], [0.0, 0.0, 0.0, 0.0, 0.0, 0.0, 0.0, 0.0, 0.0, 0.0, 0.0, 0.0, 0.0, 0.0, 0.0, 0.0, 0.0, 0.0, 0.0, 0.0, 0.9680083822466536, 0.0, 0.0, 0.0, 0.0, 0.0, 0.0, 0.0, 0.0, 0.0, 0.0, 0.0, 0.0]], "Born radii": [], "Atomic SASAs": [], "Solvent H bonds": [], "Total SASA": NaN, "Total FOD": 0.0, "FOD": [0.0, 0.0, 0.0, 0.0, 0.0, 0.0, 0.0, 0.0, 0.0, 0.0, 0.0, 0.0, 0.0, 0.0, 0.0, 0.0, 0.0, 0.0, 0.0, 0.0, 0.0, 0.0, 0.0, 0.0, 0.0, 0.0, 0.0, 0.0, 0.0, 0.0, 0.0, 0.0, 0.0], "FOD s proportion": [0.0, 0.0, 0.0, 0.0, 0.0, 0.0, 0.0, 0.0, 0.0, 0.0, 0.0, 0.0, 0.0, 0.0, 0.0, 0.0, 0.0, 0.0, 0.0, 0.0, 0.0, 0.0, 0.0, 0.0, 0.0, 0.0, 0.0, 0.0, 0.0, 0.0, 0.0, 0.0, 0.0], "FOD p proportion": [0.0, 0.0, 0.0, 0.0, 0.0, 0.0, 0.0, 0.0, 0.0, 0.0, 0.0, 0.0, 0.0, 0.0, 0.0, 0.0, 0.0, 0.0, 0.0, 0.0, 0.0, 0.0, 0.0, 0.0, 0.0, 0.0, 0.0, 0.0, 0.0, 0.0, 0.0, 0.0, 0.0], "FOD d proportion": [0.0, 0.0, 0.0, 0.0, 0.0, 0.0, 0.0, 0.0, 0.0, 0.0, 0.0, 0.0, 0.0, 0.0, 0.0, 0.0, 0.0, 0.0, 0.0, 0.0, 0.0, 0.0, 0.0, 0.0, 0.0, 0.0, 0.0, 0.0, 0.0, 0.0, 0.0, 0.0, 0.0], "coordinates": [["4.28140", "0.32260", "-2.20240"], ["3.04670", "1.29520", "-1.61470"], ["3.64950", "2.51170", "-1.12730"], ["2.05990", "1.30930", "-2.67160"], ["2.40970", "0.36650", "-0.25550"], ["1.07120", "-0.06480", "-0.31260"], ["0.49080", "-0.79060", "0.74670"], ["1.29290", "-1.06350", "1.86590"], ["2.62370", "-0.63600", "1.92210"], ["3.19010", "0.08100", "0.86390"], ["4.84370", "0.54410", "1.04030"], ["-0.96070", "-1.24130", "0.68640"], ["-1.28670", "-2.11710", "1.74120"], ["-1.25410", "-1.97330", "-0.50890"], ["-2.22850", "-1.37610", "-1.27690"], ["-2.61550", "-1.73720", "-2.36850"], ["-2.70710", "-0.20890", "-0.52910"], ["-3.70070", "0.69240", "-0.85680"], ["-3.95290", "1.72110", "0.05200"], ["-3.21650", "1.81950", "1.24830"], ["-2.21250", "0.89380", "1.55520"], ["-1.96020", "-0.12200", "0.64720"], ["5.18080", "0.78980", "-2.07560"], ["4.08520", "0.05930", "-3.16870"], ["0.46900", "0.17290", "-1.19050"], ["0.88610", "-1.61550", "2.71310"], ["3.21520", "-0.86910", "2.80580"], ["-1.95680", "-2.70420", "1.35420"], ["-0.67740", "-2.71680", "-0.87440"], ["-4.25830", "0.60020", "-1.78290"], ["-4.72660", "2.45510", "-0.16420"], ["-3.43260", "2.62910", "1.94320"], ["-1.64890", "0.97280", "2.48020"]], "bond_dist": [[0.0, 1.6780423534583382, 2.5193841370461945, 2.475638863000821, 2.7010382651861855, 3.7452378883056276, 4.930015558798978, 5.234832408969746, 4.547349062915667, 3.263663882816366, 3.298537074219418, 6.186320478281091, 7.246230375857505, 6.227427985131582, 6.791239205770917, 7.19983297445156, 7.205661481779448, 8.10316677663739, 8.651116581112522, 8.388476888565647, 7.524397943357329, 6.87571522679641, 1.0214080673266683, 1.020567009068978, 3.947245300206208, 6.280639613128586, 5.257280529893759, 7.792692797743281, 5.9658389016130835, 8.554502796773171, 9.478706635928765, 9.056033216038907, 7.584059657597638], [1.6780423534583382, 0.0, 1.442497435006385, 1.4460327313031336, 1.7651281341591039, 2.7290409780727, 4.0570181673243715, 4.555640074676663, 4.05184114693555, 2.7637480275886226, 3.292777734679339, 5.271446501672951, 6.456331129983964, 5.513870376604803, 5.922641941735124, 6.467161126800538, 6.045416330576415, 6.816537758275825, 7.207890111537495, 6.906470424898668, 6.1537446006476415, 5.673948806607264, 2.2410356489801764, 2.2407246729573895, 2.843244664111761, 5.645371528075012, 4.9247748161718015, 7.060069392010251, 5.523867205138082, 7.339914252905138, 7.9920905368995925, 7.51127619715851, 6.238654272357141], [2.5193841370461945, 1.442497435006385, 0.0, 2.52139969263106, 2.626599002512565, 3.7349322925589963, 4.939073494087732, 5.224448759438645, 4.5010133625662565, 3.175567396545065, 3.1616535483825547, 6.215179863044995, 7.3498402792169575, 6.6740494843835245, 7.048989502049213, 7.670981270346057, 6.940163626313144, 7.57683725442219, 7.733840094674831, 7.298258162054833, 6.6465367417926755, 6.4462361134230886, 2.4918050064160315, 3.2204680110195163, 3.9483616766957916, 6.278441809876078, 5.204584588610315, 8.049475433219236, 6.791408857519919, 8.161920389834735, 8.431477710342358, 7.719967190344788, 6.59206432159153], [2.475638863000821, 1.4460327313031336, 2.52139969263106, 0.0, 2.617015683942303, 2.9035425776110118, 4.307717459397726, 5.177583904679865, 5.020372717239229, 3.9097101145737136, 4.702475421520032, 5.187075160434828, 6.512507378882576, 5.141529932811828, 5.248517486871888, 5.588595263570265, 5.442382427760842, 6.071126502552882, 6.613723613819979, 6.592898983755173, 6.024274250895289, 5.405946461074138, 3.219489565132957, 2.4313470546180778, 2.452758646911677, 6.239171064332185, 6.006834058803356, 6.960540695951717, 5.189626223534793, 6.41967769751722, 7.325059361534212, 7.294231099300323, 6.356844573371288], [2.7010382651861855, 1.7651281341591039, 2.626599002512565, 2.617015683942303, 0.0, 1.4074311173197784, 2.454681743118647, 2.7915014239652467, 2.406812001382742, 1.394127243116639, 2.763149543546277, 3.8512066433781507, 4.8804152292607235, 4.354573003177235, 5.0589338758279885, 5.843197560411593, 5.156314998135781, 6.1485576080898845, 6.512463141546369, 6.002228742725489, 4.992135076297515, 4.48882228986624, 3.342295933935234, 3.3746712921409103, 2.1628736555795394, 3.881013645943544, 3.3981017200784325, 5.575540765701566, 4.406808653663102, 6.844690675991137, 7.436219694172571, 6.639737174015249, 4.931925398868073], [3.7452378883056276, 2.7290409780727, 3.7349322925589963, 2.9035425776110118, 1.4074311173197784, 0.0, 1.409172200265106, 2.406743615344185, 2.780361447725817, 2.4279924011413216, 4.053745659263788, 2.551621221890114, 3.740283697796198, 3.014618720501815, 3.6793208979375525, 4.540418863937556, 3.7872401495020087, 4.862153338799589, 5.344525496243796, 4.936736431084811, 3.897470524583861, 3.1802317274060385, 4.5527269103252825, 4.15414299465004, 1.0908045379443558, 3.404965930813405, 3.86885681435744, 4.3489583350499, 3.2258836308831724, 5.56844478647315, 6.323480324156944, 5.712262711920733, 4.034264444728431], [4.930015558798978, 4.0570181673243715, 4.939073494087732, 4.307717459397726, 2.454681743118647, 1.409172200265106, 0.0, 1.4037262767363157, 2.440231286169407, 2.8389510193027285, 4.5623857202126175, 1.521058457127799, 2.430666318111147, 2.4535661107865017, 3.4398197191131983, 4.499958032026521, 3.4917910790882094, 4.726433486255783, 5.151476940645275, 4.561611322767427, 3.286138539380225, 2.542504121923896, 5.697292466602009, 5.382601464905237, 2.1636892868431916, 2.168744120453125, 3.415905505133302, 3.165701655241694, 2.7754104002831728, 5.557621038717915, 6.211728427740543, 5.340320954774161, 3.2700027370019122], [5.234832408969746, 4.555640074676663, 5.224448759438645, 5.177583904679865, 2.7915014239652467, 2.406743615344185, 1.4037262767363157, 0.0, 1.3989079061896819, 2.4317179297772182, 3.9842406754612605, 2.549812944119627, 2.789257824224932, 3.5992527113277277, 4.730239799418207, 5.801689892608877, 4.739869846314348, 5.952505443928632, 6.2098830914921415, 5.387746014800623, 4.026833363823241, 3.5992098507866968, 5.838313930408333, 5.865561890390382, 3.398393315965649, 1.089925722239823, 2.148590389069075, 3.6761778343817917, 3.758287784350741, 6.848172060484461, 7.261971648250908, 5.997634558723965, 3.6301610735613368], [4.547349062915667, 4.05184114693555, 4.5010133625662565, 5.020372717239229, 2.406812001382742, 2.780361447725817, 2.440231286169407, 1.3989079061896819, 0.0, 1.3981005686287378, 2.6643211611966002, 3.839435627797398, 4.18540442251403, 4.768172095258308, 5.858770677369101, 6.8608386105490045, 5.8828755290249, 7.034555219059696, 7.232210034284126, 6.371139829732195, 5.085639988241401, 4.78557261150638, 4.955125764297007, 5.3418787874679445, 3.87108900181848, 2.1457760857088513, 1.088638392672241, 5.057760561750625, 4.800770990163976, 7.913099231021939, 8.242236164415578, 6.88041371648537, 4.599437336240162], [3.263663882816366, 2.7637480275886226, 3.175567396545065, 3.9097101145737136, 1.394127243116639, 2.4279924011413216, 2.8389510193027285, 2.4317179297772182, 1.3981005686287378, 0.0, 1.7262594040294175, 4.359945433144778, 5.063895451132458, 5.0848443407836985, 6.005613291746314, 6.88906759728775, 6.066420596200036, 7.128656471594069, 7.373707250766063, 6.649411189721989, 5.506961620530871, 5.158852389824697, 3.6202132782475673, 4.130803512635284, 3.410775598012863, 3.4067681004142325, 2.162011940300053, 5.87267509232377, 5.080051966269637, 7.921728437658034, 8.328714145052645, 7.177594122684843, 5.179155715944444], [3.298537074219418, 3.292777734679339, 3.1616535483825547, 4.702475421520032, 2.763149543546277, 4.053745659263788, 4.5623857202126175, 3.9842406754612605, 2.6643211611966002, 1.7262594040294175, 0.0, 6.08308784500109, 6.719750769931873, 6.776465763213152, 7.685869939050492, 8.512573745348702, 7.748845462389865, 8.753727929288184, 8.929850919808235, 8.163132560481912, 7.083598699813535, 6.847720206754946, 3.1436980946013247, 4.304187994267908, 4.924658177985554, 4.8088179171185095, 2.786778918393061, 7.542995847141904, 6.691942177723893, 9.52995327638074, 9.833279378722034, 8.582516827830865, 6.664154144375714], [6.186320478281091, 5.271446501672951, 6.215179863044995, 5.187075160434828, 3.8512066433781507, 2.551621221890114, 1.521058457127799, 2.549812944119627, 3.839435627797398, 4.359945433144778, 6.08308784500109, 0.0, 1.4092213027058598, 1.4320089559775804, 2.3409474086360844, 3.509514761330973, 2.364995342490128, 3.6916475901689205, 4.2581143667121015, 3.843548086078799, 2.6230647513929197, 1.5011227065100308, 7.033635863477722, 6.4818564609222875, 2.7507739529085264, 2.7673468828464567, 4.697715403257204, 1.8916258773869639, 2.16643850131962, 4.512508227139314, 5.344987944794637, 4.761284701632533, 2.9314802557752286], [7.246230375857505, 6.456331129983964, 7.3498402792169575, 6.512507378882576, 4.8804152292607235, 3.740283697796198, 2.430666318111147, 2.789257824224932, 4.18540442251403, 5.063895451132458, 6.719750769931873, 1.4092213027058598, 0.0, 2.254925987698931, 3.247305937234741, 4.335858339475588, 3.2883165130504093, 4.524410486461192, 4.969285493911575, 4.411790793997376, 3.155506369824026, 2.372943796216, 8.05273780151819, 7.596126946016635, 4.113568691537799, 2.4325402381050143, 4.791448713072071, 0.9713338355066193, 2.7517721453637836, 5.351019216934284, 6.030627994661917, 5.212686951083865, 3.1976228436136744], [6.227427985131582, 5.513870376604803, 6.6740494843835245, 5.141529932811828, 4.354573003177235, 3.014618720501815, 2.4535661107865017, 3.5992527113277277, 4.768172095258308, 5.0848443407836985, 6.776465763213152, 1.4320089559775804, 2.254925987698931, 0.0, 1.3769267228142534, 2.316735921506808, 2.2857656047810324, 3.6349473806370294, 4.609416623608675, 4.617802230498833, 3.6605056727179104, 2.294004383169309, 7.176155552243833, 6.3019142560019015, 2.8354588006176353, 3.88455414172592, 5.672841987928097, 2.12111850446881, 1.0094381556093468, 4.155862833395732, 5.6380671244673914, 5.6516141428798905, 4.215458582408324], [6.791239205770917, 5.922641941735124, 7.048989502049213, 5.248517486871888, 5.0589338758279885, 3.6793208979375525, 3.4398197191131983, 4.730239799418207, 5.858770677369101, 6.005613291746314, 7.685869939050492, 2.3409474086360844, 3.247305937234741, 1.3769267228142534, 0.0, 1.2131581801232683, 1.4664987691777993, 2.5734313863011775, 3.7857863661331974, 4.191018778292457, 3.629530606015053, 2.312339185759736, 7.760590891807143, 6.745523559368836, 3.111811724703151, 5.067360804205676, 6.823441798681952, 2.959790146277266, 2.0893525193226727, 2.8778265635718916, 4.7070902200828915, 5.278307291168259, 4.468676289462015], [7.19983297445156, 6.467161126800538, 7.670981270346057, 5.588595263570265, 5.843197560411593, 4.540418863937556, 4.499958032026521, 5.801689892608877, 6.8608386105490045, 6.88906759728775, 8.512573745348702, 3.509514761330973, 4.335858339475588, 2.316735921506808, 1.2131581801232683, 0.0, 2.393216206279742, 3.0603679664380232, 4.428012861318269, 5.108087521763894, 4.741306960111316, 3.48320766248583, 8.200842218943125, 6.983345385988009, 3.814486369093485, 6.172412171104583, 7.8437261929519195, 3.9022390982614072, 2.635940549405468, 2.916360396110193, 5.18565916639341, 6.190556113145249, 5.638112028862143], [7.205661481779448, 6.045416330576415, 6.940163626313144, 5.442382427760842, 5.156314998135781, 3.7872401495020087, 3.4917910790882094, 4.739869846314348, 5.8828755290249, 6.066420596200036, 7.748845462389865, 2.364995342490128, 3.2883165130504093, 2.2857656047810324, 1.4664987691777993, 2.393216206279742, 0.0, 1.3809308237562081, 2.3695136315286307, 2.7446394444443882, 2.4093324677179777, 1.396099176276528, 8.099878415754151, 7.292102487623168, 3.2666240080547992, 5.039987166650328, 6.828693823858264, 3.215010275255742, 3.2447614072532365, 2.1524122955419114, 3.3628006571903724, 3.8331268619757424, 3.4017772737203122], [8.10316677663739, 6.816537758275825, 7.57683725442219, 6.071126502552882, 6.1485576080898845, 4.862153338799589, 4.726433486255783, 5.952505443928632, 7.034555219059696, 7.128656471594069, 8.753727929288184, 3.6916475901689205, 4.524410486461192, 3.6349473806370294, 2.5734313863011775, 3.0603679664380232, 1.3809308237562081, 0.0, 1.3956166988109595, 2.43644209042612, 2.8413104722997096, 2.440205649120582, 8.965266446124174, 8.146529078693575, 4.215167141407324, 6.253744690983155, 7.980137456209636, 4.412096981028409, 4.556676123008963, 1.0849330901027954, 2.153898061654729, 3.415067276057677, 3.9273497934357717], [8.651116581112522, 7.207890111537495, 7.733840094674831, 6.613723613819979, 6.512463141546369, 5.344525496243796, 5.151476940645275, 6.2098830914921415, 7.232210034284126, 7.373707250766063, 8.929850919808235, 4.2581143667121015, 4.969285493911575, 4.609416623608675, 3.7857863661331974, 4.428012861318269, 2.3695136315286307, 1.3956166988109595, 0.0, 1.4082262637800789, 2.4439778415525786, 2.778872782262621, 9.42435552915954, 8.817343099823212, 4.847053651446412, 6.45215264621041, 8.103962493126433, 5.026272987015329, 5.59303795982112, 2.1717605715179564, 1.0881682452635715, 2.161437838569502, 3.4299452080171777], [8.388476888565647, 6.906470424898668, 7.298258162054833, 6.592898983755173, 6.002228742725489, 4.936736431084811, 4.561611322767427, 5.387746014800623, 6.371139829732195, 6.649411189721989, 8.163132560481912, 3.843548086078799, 4.411790793997376, 4.617802230498833, 4.191018778292457, 5.108087521763894, 2.7446394444443882, 2.43644209042612, 1.4082262637800789, 0.0, 1.3996871436146006, 2.389358313438987, 9.08973270179052, 8.713381429158257, 4.716136898988408, 5.547629295473878, 7.142908448244314, 4.697011878843825, 5.6152383555820675, 3.429316720572773, 2.163225744114562, 1.088594221921098, 2.166067464323307], [7.524397943357329, 6.1537446006476415, 6.6465367417926755, 6.024274250895289, 4.992135076297515, 3.897470524583861, 3.286138539380225, 4.026833363823241, 5.085639988241401, 5.506961620530871, 7.083598699813535, 2.6230647513929197, 3.155506369824026, 3.6605056727179104, 3.629530606015053, 4.741306960111316, 2.4093324677179777, 2.8413104722997096, 2.4439778415525786, 1.3996871436146006, 0.0, 1.385629434589205, 8.237378802143313, 7.916605759414828, 3.9049977656843797, 4.151944226504012, 5.8422379325049745, 3.6126704098215217, 4.614750321523365, 3.9261189755278685, 3.4226733498831, 2.156491154630596, 1.086052926887083], [6.87571522679641, 5.673948806607264, 6.4462361134230886, 5.405946461074138, 4.48882228986624, 3.1802317274060385, 2.542504121923896, 3.5992098507866968, 4.78557261150638, 5.158852389824697, 6.847720206754946, 1.5011227065100308, 2.372943796216, 2.294004383169309, 2.312339185759736, 3.48320766248583, 1.396099176276528, 2.440205649120582, 2.778872782262621, 2.389358313438987, 1.385629434589205, 0.0, 7.696681108114068, 7.1512812600260665, 3.060248346131405, 3.820982694281669, 5.657073230036889, 2.6772406316952537, 3.2701421131198565, 3.421727993280588, 3.866882895821905, 3.3787762533201278, 2.1576338266721717], [1.0214080673266683, 2.2410356489801764, 2.4918050064160315, 3.219489565132957, 3.342295933935234, 4.5527269103252825, 5.697292466602009, 5.838313930408333, 4.955125764297007, 3.6202132782475673, 3.1436980946013247, 7.033635863477722, 8.05273780151819, 7.176155552243833, 7.760590891807143, 8.200842218943125, 8.099878415754151, 8.965266446124174, 9.42435552915954, 9.08973270179052, 8.237378802143313, 7.696681108114068, 0.0, 1.7113845914930979, 4.833738393831424, 6.867427747708745, 5.517571796542389, 8.655454800297901, 6.932361231211195, 9.445540231241408, 10.2265951719035, 9.68113823318312, 8.21179668099497], [1.020567009068978, 2.2407246729573895, 3.2204680110195163, 2.4313470546180778, 3.3746712921409103, 4.15414299465004, 5.382601464905237, 5.865561890390382, 5.3418787874679445, 4.130803512635284, 4.304187994267908, 6.4818564609222875, 7.596126946016635, 6.3019142560019015, 6.745523559368836, 6.983345385988009, 7.292102487623168, 8.146529078693575, 8.817343099823212, 8.713381429158257, 7.916605759414828, 7.1512812600260665, 1.7113845914930979, 0.0, 4.123479433682191, 6.901794483320986, 6.108475817255889, 8.037370257739779, 5.9710051465394, 8.475081515832164, 9.613256322911608, 9.447365267099606, 8.100892313196121], [3.947245300206208, 2.843244664111761, 3.9483616766957916, 2.452758646911677, 2.1628736555795394, 1.0908045379443558, 2.1636892868431916, 3.398393315965649, 3.87108900181848, 3.410775598012863, 4.924658177985554, 2.7507739529085264, 4.113568691537799, 2.8354588006176353, 3.111811724703151, 3.814486369093485, 3.2666240080547992, 4.215167141407324, 4.847053651446412, 4.716136898988408, 3.9049977656843797, 3.060248346131405, 4.833738393831424, 4.123479433682191, 0.0, 4.313981911181362, 4.959616127282433, 4.542874435861067, 3.124822916582634, 4.783397154742643, 5.766800489873046, 5.574538249039108, 4.312699724070759], [6.280639613128586, 5.645371528075012, 6.278441809876078, 6.239171064332185, 3.881013645943544, 3.404965930813405, 2.168744120453125, 1.089925722239823, 2.1457760857088513, 3.4067681004142325, 4.8088179171185095, 2.7673468828464567, 2.4325402381050143, 3.88455414172592, 5.067360804205676, 6.172412171104583, 5.039987166650328, 6.253744690983155, 6.45215264621041, 5.547629295473878, 4.151944226504012, 3.820982694281669, 6.867427747708745, 6.901794483320986, 4.313981911181362, 0.0, 2.447532034519671, 3.3337602358298053, 4.065408981886078, 7.182492175422121, 7.506733040411122, 6.104141615329709, 3.6303945102426542], [5.257280529893759, 4.9247748161718015, 5.204584588610315, 6.006834058803356, 3.3981017200784325, 3.86885681435744, 3.415905505133302, 2.148590389069075, 1.088638392672241, 2.162011940300053, 2.786778918393061, 4.697715403257204, 4.791448713072071, 5.672841987928097, 6.823441798681952, 7.8437261929519195, 6.828693823858264, 7.980137456209636, 8.103962493126433, 7.142908448244314, 5.8422379325049745, 5.657073230036889, 5.517571796542389, 6.108475817255889, 4.959616127282433, 2.447532034519671, 0.0, 5.676646771642569, 5.666586458353918, 8.892030838340586, 9.10732632993899, 7.561397148675634, 5.211341456861179], [7.792692797743281, 7.060069392010251, 8.049475433219236, 6.960540695951717, 5.575540765701566, 4.3489583350499, 3.165701655241694, 3.6761778343817917, 5.057760561750625, 5.87267509232377, 7.542995847141904, 1.8916258773869639, 0.9713338355066193, 2.12111850446881, 2.959790146277266, 3.9022390982614072, 3.215010275255742, 4.412096981028409, 5.026272987015329, 4.697011878843825, 3.6126704098215217, 2.6772406316952537, 8.655454800297901, 8.037370257739779, 4.542874435861067, 3.3337602358298053, 5.676646771642569, 0.0, 2.5697628450890173, 5.104640831635464, 6.049438576430048, 5.564979382711135, 3.85785010206462], [5.9658389016130835, 5.523867205138082, 6.791408857519919, 5.189626223534793, 4.406808653663102, 3.2258836308831724, 2.7754104002831728, 3.758287784350741, 4.800770990163976, 5.080051966269637, 6.691942177723893, 2.16643850131962, 2.7517721453637836, 1.0094381556093468, 2.0893525193226727, 2.635940549405468, 3.2447614072532365, 4.556676123008963, 5.59303795982112, 5.6152383555820675, 4.614750321523365, 3.2701421131198565, 6.932361231211195, 5.9710051465394, 3.124822916582634, 4.065408981886078, 5.666586458353918, 2.5697628450890173, 0.0, 4.964947739906233, 6.606735524447759, 6.641433851962994, 5.08038399828202], [8.554502796773171, 7.339914252905138, 8.161920389834735, 6.41967769751722, 6.844690675991137, 5.56844478647315, 5.557621038717915, 6.848172060484461, 7.913099231021939, 7.921728437658034, 9.52995327638074, 4.512508227139314, 5.351019216934284, 4.155862833395732, 2.8778265635718916, 2.916360396110193, 2.1524122955419114, 1.0849330901027954, 2.1717605715179564, 3.429316720572773, 3.9261189755278685, 3.421727993280588, 9.445540231241408, 8.475081515832164, 4.783397154742643, 7.182492175422121, 8.892030838340586, 5.104640831635464, 4.964947739906233, 0.0, 2.5060224639855084, 4.322272192955922, 5.012167268757099], [9.478706635928765, 7.9920905368995925, 8.431477710342358, 7.325059361534212, 7.436219694172571, 6.323480324156944, 6.211728427740543, 7.261971648250908, 8.242236164415578, 8.328714145052645, 9.833279378722034, 5.344987944794637, 6.030627994661917, 5.6380671244673914, 4.7070902200828915, 5.18565916639341, 3.3628006571903724, 2.153898061654729, 1.0881682452635715, 2.163225744114562, 3.4226733498831, 3.866882895821905, 10.2265951719035, 9.613256322911608, 5.766800489873046, 7.506733040411122, 9.10732632993899, 6.049438576430048, 6.606735524447759, 2.5060224639855084, 0.0, 2.47908183810055, 4.319988650448054], [9.056033216038907, 7.51127619715851, 7.719967190344788, 7.294231099300323, 6.639737174015249, 5.712262711920733, 5.340320954774161, 5.997634558723965, 6.88041371648537, 7.177594122684843, 8.582516827830865, 4.761284701632533, 5.212686951083865, 5.6516141428798905, 5.278307291168259, 6.190556113145249, 3.8331268619757424, 3.415067276057677, 2.161437838569502, 1.088594221921098, 2.156491154630596, 3.3787762533201278, 9.68113823318312, 9.447365267099606, 5.574538249039108, 6.104141615329709, 7.561397148675634, 5.564979382711135, 6.641433851962994, 4.322272192955922, 2.47908183810055, 0.0, 2.4926460599130396], [7.584059657597638, 6.238654272357141, 6.59206432159153, 6.356844573371288, 4.931925398868073, 4.034264444728431, 3.2700027370019122, 3.6301610735613368, 4.599437336240162, 5.179155715944444, 6.664154144375714, 2.9314802557752286, 3.1976228436136744, 4.215458582408324, 4.468676289462015, 5.638112028862143, 3.4017772737203122, 3.9273497934357717, 3.4299452080171777, 2.166067464323307, 1.086052926887083, 2.1576338266721717, 8.21179668099497, 8.100892313196121, 4.312699724070759, 3.6303945102426542, 5.211341456861179, 3.85785010206462, 5.08038399828202, 5.012167268757099, 4.319988650448054, 2.4926460599130396, 0.0]]}