{"total energy": -49.11193661, "HOMO-LUMO gap/eV": 3.58506421, "electronic energy": -49.70310127, "dipole": [0.0144186, -0.1512884, -0.02973116], "partial charges": [-0.11177447, 0.08859619, -0.26814891, 0.35849577, -0.40484418, -0.00302143, -0.01793492, -0.02138044, -0.02138726, -0.01793628, -0.00302526, 0.35850051, -0.40482046, -0.26817825, 0.0885849, -0.11177308, 0.05748462, 0.05393571, 0.05144364, 0.05072426, 0.05153762, 0.06263795, 0.05223956, 0.05225684, 0.06263297, 0.0507298, 0.05154464, 0.05394234, 0.05749139, 0.05144623], "atomic dipole moments": [[-0.01147735, 0.04623967, 0.13273303], [0.11012476, 0.21996508, -0.06361137], [-0.07620681, -0.1086419, 0.17872911], [-0.02017493, -0.12568017, -0.11775168], [0.06141442, 0.06963463, -0.15919701], [-0.01912499, -0.0920381, -0.01108347], [0.02142253, -0.03267519, -0.02255701], [0.00505526, -0.01714646, -0.00412224], [-0.00173517, -0.0179908, -0.00277923], [-0.01434742, -0.04201166, 0.00794342], [0.03582872, -0.08436972, -0.02343165], [0.04669968, -0.15469521, 0.06283477], [-0.06731515, -0.00727967, 0.17141682], [0.08820942, -0.01821027, -0.20356998], [-0.14573014, 0.15636385, 0.13728049], [-0.00177489, 0.09375402, -0.10529725], [-0.06017129, 0.07437543, -0.08709926], [0.12026836, -0.00353705, -0.04272128], [-0.0493862, -0.11870458, -0.00370436], [0.06772207, -0.07336352, 0.07835478], [-0.1228513, 0.00925971, 0.03269385], [-0.12403322, -0.02443866, 0.0915194], [-0.0718982, 0.11456613, 0.06935009], [0.04751415, 0.14313597, -0.01888203], [0.12308804, 0.0343934, -0.0895873], [-0.05609391, -0.0496837, -0.10244679], [0.11792014, 0.04288864, -0.02249535], [-0.11606326, -0.04092964, 0.03400429], [0.0487738, 0.04597468, 0.11066724], [0.07012861, -0.10043601, -0.03921834]], "atomic quadrupole moments": [[-0.14092807, -0.0021488, -0.06813655, -0.02032855, 0.15821451, 0.20906462], [-0.27059361, 0.29232799, 0.33785819, -0.02866127, 0.11417275, -0.06726458], [-0.04491348, 0.05809168, 0.07109388, -0.00713995, 0.01830163, -0.0261804], [0.31326517, -0.31437612, -0.12625583, 0.14319346, 0.11716018, -0.18700934], [0.14543229, -0.11628152, -0.05784908, 0.04375926, -0.03593327, -0.0875832], [-0.10104071, 0.05335051, -0.09192967, 0.33898256, -0.11506993, 0.19297039], [-0.00385074, -0.06086868, -0.24179986, 0.4014445, -0.053213, 0.2456506], [0.03438361, -0.03788349, -0.26807413, 0.39824224, -0.07423895, 0.23369052], [0.03801544, -0.05670879, -0.27994186, 0.39246548, -0.0544446, 0.24192642], [-0.00565748, -0.05133484, -0.23635889, 0.40425106, -0.06186826, 0.24201636], [-0.05924195, -0.16230842, -0.19412333, 0.28119931, 0.02919982, 0.25336527], [0.19803338, 0.28634242, 0.04333173, 0.2754961, -0.00507805, -0.2413651], [0.09974514, 0.12446842, -0.04745683, 0.08245889, 0.0552279, -0.05228831], [-0.02071481, -0.06860566, 0.04798943, -0.0318974, 0.01318749, -0.02727463], [-0.14704512, -0.35567798, 0.24668911, -0.14855339, 0.02260949, -0.09964399], [-0.13825391, -0.02320993, 0.07931662, 0.01321821, -0.21072363, 0.05893729], [-0.00643592, -0.04859251, -6.305e-05, 0.03299414, -0.03697219, 0.00649897], [0.07490364, -0.00558272, -0.05117033, -0.02070711, 0.00411567, -0.02373331], [-0.02963282, 0.05092035, 0.06484178, -0.00542453, -0.00231641, -0.03520896], [-0.01159802, -0.01046646, 0.01069221, 0.03087738, -0.01060506, 0.00090581], [0.03273781, -0.00053571, -0.00699299, -0.01622309, 0.01473294, -0.02574482], [-0.0079827, 0.01014675, 0.04016039, -0.03875955, 0.01099813, -0.03217769], [-0.00164471, 0.01167991, 0.03102068, -0.04926684, 0.00454328, -0.02937597], [0.00014758, 0.00226201, 0.02745, -0.05156743, 0.0087455, -0.02759757], [-0.00539089, -0.00342801, 0.03786979, -0.04135559, 0.01001281, -0.03247889], [-0.01257686, -0.0049085, 0.00066216, 0.02919244, 0.01652335, 0.0119147], [0.03023989, 0.01214106, 0.0040664, -0.01156158, -0.00605591, -0.03430629], [0.06728352, 0.03391718, -0.03578072, -0.01095382, -0.01423389, -0.0315028], [-0.02165207, 0.03241545, -0.01298241, 0.04193091, 0.03362992, 0.03463448], [-0.00885984, -0.05714684, 0.03018389, -0.03024845, 0.02976274, -0.02132406]], "number of molecular orbitals": 78, "number of electrons": 86, "number of unpaired electrons": 0, "orbital energies/eV": [-20.24878619, -20.21961236, -19.47630911, -19.4666311, -18.69172342, -18.39882895, -18.13213262, -17.49791823, -17.46102073, -16.86518791, -16.77254972, -16.6291598, -16.53946586, -16.30533047, -16.27157173, -15.93692905, -15.83156255, -15.78814072, -15.22818166, -15.19009823, -15.00640714, -14.46944343, -14.40459235, -14.32667687, -13.90295544, -13.79899286, -13.6239396, -13.57412075, -13.51414776, -13.28210247, -13.24622082, -12.99654172, -12.97615285, -12.83401064, -12.83244312, -12.5743992, -12.30937509, -12.05313302, -12.04464261, -11.6418541, -11.63816786, -11.40961624, -11.24192148, -7.65685727, -7.17181377, -6.07650042, -5.66828599, -3.14904306, 0.22180282, 0.26640129, 2.44035748, 2.53445991, 2.91716574, 2.96502019, 3.06208786, 3.28898659, 3.58903324, 3.7102429, 3.94435696, 4.10596511, 4.29056372, 4.3663828, 4.47225699, 4.81555376, 5.75855242, 5.95437079, 6.30030673, 6.56050322, 6.60606127, 7.22413898, 9.62209719, 9.76943082, 10.72164559, 11.13857677, 14.73134629, 16.44439597, 16.58685623, 17.92510247], "fractional occupation": [2.0, 2.0, 2.0, 2.0, 2.0, 2.0, 2.0, 2.0, 2.0, 2.0, 2.0, 2.0, 2.0, 2.0, 2.0, 2.0, 2.0, 2.0, 2.0, 2.0, 2.0, 2.0, 2.0, 2.0, 2.0, 2.0, 2.0, 2.0, 2.0, 2.0, 2.0, 2.0, 2.0, 2.0, 2.0, 2.0, 2.0, 2.0, 2.0, 2.0, 2.0, 2.0, 2.0, 0.0, 0.0, 0.0, 0.0, 0.0, 0.0, 0.0, 0.0, 0.0, 0.0, 0.0, 0.0, 0.0, 0.0, 0.0, 0.0, 0.0, 0.0, 0.0, 0.0, 0.0, 0.0, 0.0, 0.0, 0.0, 0.0, 0.0, 0.0, 0.0, 0.0, 0.0, 0.0, 0.0, 0.0, 0.0], "program call": "xtb /home/svss/Project-DBcg-Debug/aqme2_20220329/End-to-End-workflows-final/example-3/QDESCP/mol_1073_rdkit_conf_1/mol_1073_rdkit_conf_1.xyz --pop --wbo --acc 0.2 --gfn 2 --chrg 0 --uhf 0 --etemp 300 --input /home/svss/Project-DBcg-Debug/aqme2_20220329/End-to-End-workflows-final/example-3/QDESCP/mol_1073_rdkit_conf_1/mol_1073_rdkit_conf_1_xtb.inp", "method": "GFN2-xTB", "xtb version": "6.3.3 (7355c4f)", "Dipole module/D": 0.394, "Total charge": 0, "Transition dipole module/D": NaN, "HOMO": -11.2419, "LUMO": -7.6569, "HOMO occupancy": 2.0, "LUMO occupancy": 0, "mulliken charges": [-0.09512, 0.20604, -0.41633, 0.57978, -0.52806, -0.01134, -0.01144, -0.01823, -0.01823, -0.01144, -0.01135, 0.57978, -0.52804, -0.41635, 0.20603, -0.09512, 0.04531, 0.04317, 0.03353, 0.03843, 0.03842, 0.05521, 0.04063, 0.04064, 0.0552, 0.03844, 0.03842, 0.04318, 0.04531, 0.03353], "cm5 charges": [-0.24186, 0.12365, -0.4963, 0.63829, -0.57478, -0.00999, -0.06226, -0.07325, -0.07326, -0.06226, -0.01, 0.6383, -0.57476, -0.49631, 0.12364, -0.24186, 0.09859, 0.09681, 0.08475, 0.1038, 0.1029, 0.11376, 0.09587, 0.09589, 0.11375, 0.1038, 0.10291, 0.09682, 0.0986, 0.08475], "FUKUI+": [0.01, 0.013, -0.041, -0.035, -0.109, -0.051, -0.017, -0.042, -0.042, -0.017, -0.051, -0.035, -0.109, -0.041, 0.013, 0.01, -0.014, -0.007, -0.028, -0.02, -0.026, -0.059, -0.073, -0.073, -0.059, -0.02, -0.026, -0.007, -0.014, -0.028], "FUKUI-": [0.01, 0.011, -0.038, -0.01, -0.109, -0.023, -0.021, -0.021, -0.021, -0.021, -0.023, -0.01, -0.109, -0.038, 0.011, 0.01, -0.039, -0.029, -0.043, -0.034, -0.044, -0.043, -0.067, -0.067, -0.043, -0.034, -0.044, -0.029, -0.039, -0.043], "FUKUIrad": [0.01, 0.012, -0.04, -0.023, -0.109, -0.037, -0.019, -0.032, -0.032, -0.019, -0.037, -0.023, -0.109, -0.04, 0.012, 0.01, -0.026, -0.018, -0.036, -0.027, -0.035, -0.051, -0.07, -0.07, -0.051, -0.027, -0.035, -0.018, -0.026, -0.036], "s proportion": [1.011, 0.994, 1.698, 0.974, 1.729, 1.084, 1.068, 1.065, 1.065, 1.068, 1.084, 0.974, 1.729, 1.698, 0.994, 1.011, 0.955, 0.957, 0.966, 0.962, 0.962, 0.945, 0.959, 0.959, 0.945, 0.962, 0.962, 0.957, 0.955, 0.966], "p proportion": [3.084, 2.8, 4.718, 2.447, 4.799, 2.928, 2.944, 2.953, 2.953, 2.944, 2.928, 2.447, 4.799, 4.718, 2.8, 3.084, 0.0, 0.0, 0.0, 0.0, 0.0, 0.0, 0.0, 0.0, 0.0, 0.0, 0.0, 0.0, 0.0, 0.0], "d proportion": [0.0, 0.0, 0.0, 0.0, 0.0, 0.0, 0.0, 0.0, 0.0, 0.0, 0.0, 0.0, 0.0, 0.0, 0.0, 0.0, 0.0, 0.0, 0.0, 0.0, 0.0, 0.0, 0.0, 0.0, 0.0, 0.0, 0.0, 0.0, 0.0, 0.0], "Fermi-level/eV": -9.4494, "Coordination numbers": [3.748, 3.706, 1.705, 2.732, 0.856, 2.968, 2.918, 2.91, 2.91, 2.918, 2.968, 2.732, 0.856, 1.705, 3.706, 3.748, 0.924, 0.924, 0.924, 0.924, 0.924, 0.925, 0.925, 0.925, 0.925, 0.924, 0.924, 0.924, 0.924, 0.924], "Dispersion coefficient C6": [22.705, 19.248, 18.446, 20.916, 21.778, 28.097, 28.457, 28.54, 28.54, 28.457, 28.097, 20.916, 21.778, 18.446, 19.248, 22.705, 2.229, 2.272, 2.302, 2.311, 2.301, 2.168, 2.292, 2.292, 2.168, 2.311, 2.301, 2.271, 2.229, 2.302], "Total dispersion C6": 9631.959226, "Total dispersion C8": 222851.981537, "Polarizability alpha": [6.796, 6.271, 5.799, 7.488, 6.257, 8.695, 8.748, 8.76, 8.76, 8.748, 8.695, 7.488, 6.257, 5.799, 6.272, 6.796, 2.335, 2.357, 2.373, 2.377, 2.372, 2.303, 2.368, 2.367, 2.303, 2.377, 2.372, 2.357, 2.335, 2.373], "Total polarizability alpha": 150.5942, "Wiberg matrix": [[0.0, 1.0196651561571617, 0.0, 0.0, 0.0, 0.0, 0.0, 0.0, 0.0, 0.0, 0.0, 0.0, 0.0, 0.0, 0.0, 0.0, 0.9851660666240618, 0.9848317238833376, 0.9836589690905491, 0.0, 0.0, 0.0, 0.0, 0.0, 0.0, 0.0, 0.0, 0.0, 0.0, 0.0], [1.0196651561571617, 0.0, 0.9374385739743826, 0.0, 0.0, 0.0, 0.0, 0.0, 0.0, 0.0, 0.0, 0.0, 0.0, 0.0, 0.0, 0.0, 0.0, 0.0, 0.0, 0.9689785694923947, 0.9690237468888184, 0.0, 0.0, 0.0, 0.0, 0.0, 0.0, 0.0, 0.0, 0.0], [0.0, 0.9374385739743826, 0.0, 1.120708552069316, 0.17486237034921745, 0.0, 0.0, 0.0, 0.0, 0.0, 0.0, 0.0, 0.0, 0.0, 0.0, 0.0, 0.0, 0.0, 0.0, 0.0, 0.0, 0.0, 0.0, 0.0, 0.0, 0.0, 0.0, 0.0, 0.0, 0.0], [0.0, 0.0, 1.120708552069316, 0.0, 1.738889185007832, 0.9904716952240997, 0.0, 0.0, 0.0, 0.0, 0.0, 0.0, 0.0, 0.0, 0.0, 0.0, 0.0, 0.0, 0.0, 0.0, 0.0, 0.0, 0.0, 0.0, 0.0, 0.0, 0.0, 0.0, 0.0, 0.0], [0.0, 0.0, 0.17486237034921745, 1.738889185007832, 0.0, 0.0, 0.0, 0.0, 0.0, 0.0, 0.0, 0.0, 0.0, 0.0, 0.0, 0.0, 0.0, 0.0, 0.0, 0.0, 0.0, 0.0, 0.0, 0.0, 0.0, 0.0, 0.0, 0.0, 0.0, 0.0], [0.0, 0.0, 0.0, 0.9904716952240997, 0.0, 0.0, 1.3947343482647767, 0.0, 0.10214600592928447, 0.0, 1.3591249454783654, 0.0, 0.0, 0.0, 0.0, 0.0, 0.0, 0.0, 0.0, 0.0, 0.0, 0.0, 0.0, 0.0, 0.0, 0.0, 0.0, 0.0, 0.0, 0.0], [0.0, 0.0, 0.0, 0.0, 0.0, 1.3947343482647767, 0.0, 1.4428368905549669, 0.0, 0.10852148552221169, 0.0, 0.0, 0.0, 0.0, 0.0, 0.0, 0.0, 0.0, 0.0, 0.0, 0.0, 0.966639535136898, 0.0, 0.0, 0.0, 0.0, 0.0, 0.0, 0.0, 0.0], [0.0, 0.0, 0.0, 0.0, 0.0, 0.0, 1.4428368905549669, 0.0, 1.4329890299797226, 0.0, 0.10213171729133678, 0.0, 0.0, 0.0, 0.0, 0.0, 0.0, 0.0, 0.0, 0.0, 0.0, 0.0, 0.9688479898202838, 0.0, 0.0, 0.0, 0.0, 0.0, 0.0, 0.0], [0.0, 0.0, 0.0, 0.0, 0.0, 0.10214600592928447, 0.0, 1.4329890299797226, 0.0, 1.4428063819536443, 0.0, 0.0, 0.0, 0.0, 0.0, 0.0, 0.0, 0.0, 0.0, 0.0, 0.0, 0.0, 0.0, 0.9688538904997793, 0.0, 0.0, 0.0, 0.0, 0.0, 0.0], [0.0, 0.0, 0.0, 0.0, 0.0, 0.0, 0.10852148552221169, 0.0, 1.4428063819536443, 0.0, 1.3947771019300397, 0.0, 0.0, 0.0, 0.0, 0.0, 0.0, 0.0, 0.0, 0.0, 0.0, 0.0, 0.0, 0.0, 0.9666382323335785, 0.0, 0.0, 0.0, 0.0, 0.0], [0.0, 0.0, 0.0, 0.0, 0.0, 1.3591249454783654, 0.0, 0.10213171729133678, 0.0, 1.3947771019300397, 0.0, 0.9904229207773178, 0.0, 0.0, 0.0, 0.0, 0.0, 0.0, 0.0, 0.0, 0.0, 0.0, 0.0, 0.0, 0.0, 0.0, 0.0, 0.0, 0.0, 0.0], [0.0, 0.0, 0.0, 0.0, 0.0, 0.0, 0.0, 0.0, 0.0, 0.0, 0.9904229207773178, 0.0, 1.7389410811097958, 1.1207077648302606, 0.0, 0.0, 0.0, 0.0, 0.0, 0.0, 0.0, 0.0, 0.0, 0.0, 0.0, 0.0, 0.0, 0.0, 0.0, 0.0], [0.0, 0.0, 0.0, 0.0, 0.0, 0.0, 0.0, 0.0, 0.0, 0.0, 0.0, 1.7389410811097958, 0.0, 0.17486821058120477, 0.0, 0.0, 0.0, 0.0, 0.0, 0.0, 0.0, 0.0, 0.0, 0.0, 0.0, 0.0, 0.0, 0.0, 0.0, 0.0], [0.0, 0.0, 0.0, 0.0, 0.0, 0.0, 0.0, 0.0, 0.0, 0.0, 0.0, 1.1207077648302606, 0.17486821058120477, 0.0, 0.9374117582091647, 0.0, 0.0, 0.0, 0.0, 0.0, 0.0, 0.0, 0.0, 0.0, 0.0, 0.0, 0.0, 0.0, 0.0, 0.0], [0.0, 0.0, 0.0, 0.0, 0.0, 0.0, 0.0, 0.0, 0.0, 0.0, 0.0, 0.0, 0.0, 0.9374117582091647, 0.0, 1.0196688717739264, 0.0, 0.0, 0.0, 0.0, 0.0, 0.0, 0.0, 0.0, 0.0, 0.9689841047055922, 0.9690297879974882, 0.0, 0.0, 0.0], [0.0, 0.0, 0.0, 0.0, 0.0, 0.0, 0.0, 0.0, 0.0, 0.0, 0.0, 0.0, 0.0, 0.0, 1.0196688717739264, 0.0, 0.0, 0.0, 0.0, 0.0, 0.0, 0.0, 0.0, 0.0, 0.0, 0.0, 0.0, 0.9848312123626517, 0.9851661616776554, 0.9836568777468192], [0.9851660666240618, 0.0, 0.0, 0.0, 0.0, 0.0, 0.0, 0.0, 0.0, 0.0, 0.0, 0.0, 0.0, 0.0, 0.0, 0.0, 0.0, 0.0, 0.0, 0.0, 0.0, 0.0, 0.0, 0.0, 0.0, 0.0, 0.0, 0.0, 0.0, 0.0], [0.9848317238833376, 0.0, 0.0, 0.0, 0.0, 0.0, 0.0, 0.0, 0.0, 0.0, 0.0, 0.0, 0.0, 0.0, 0.0, 0.0, 0.0, 0.0, 0.0, 0.0, 0.0, 0.0, 0.0, 0.0, 0.0, 0.0, 0.0, 0.0, 0.0, 0.0], [0.9836589690905491, 0.0, 0.0, 0.0, 0.0, 0.0, 0.0, 0.0, 0.0, 0.0, 0.0, 0.0, 0.0, 0.0, 0.0, 0.0, 0.0, 0.0, 0.0, 0.0, 0.0, 0.0, 0.0, 0.0, 0.0, 0.0, 0.0, 0.0, 0.0, 0.0], [0.0, 0.9689785694923947, 0.0, 0.0, 0.0, 0.0, 0.0, 0.0, 0.0, 0.0, 0.0, 0.0, 0.0, 0.0, 0.0, 0.0, 0.0, 0.0, 0.0, 0.0, 0.0, 0.0, 0.0, 0.0, 0.0, 0.0, 0.0, 0.0, 0.0, 0.0], [0.0, 0.9690237468888184, 0.0, 0.0, 0.0, 0.0, 0.0, 0.0, 0.0, 0.0, 0.0, 0.0, 0.0, 0.0, 0.0, 0.0, 0.0, 0.0, 0.0, 0.0, 0.0, 0.0, 0.0, 0.0, 0.0, 0.0, 0.0, 0.0, 0.0, 0.0], [0.0, 0.0, 0.0, 0.0, 0.0, 0.0, 0.966639535136898, 0.0, 0.0, 0.0, 0.0, 0.0, 0.0, 0.0, 0.0, 0.0, 0.0, 0.0, 0.0, 0.0, 0.0, 0.0, 0.0, 0.0, 0.0, 0.0, 0.0, 0.0, 0.0, 0.0], [0.0, 0.0, 0.0, 0.0, 0.0, 0.0, 0.0, 0.9688479898202838, 0.0, 0.0, 0.0, 0.0, 0.0, 0.0, 0.0, 0.0, 0.0, 0.0, 0.0, 0.0, 0.0, 0.0, 0.0, 0.0, 0.0, 0.0, 0.0, 0.0, 0.0, 0.0], [0.0, 0.0, 0.0, 0.0, 0.0, 0.0, 0.0, 0.0, 0.9688538904997793, 0.0, 0.0, 0.0, 0.0, 0.0, 0.0, 0.0, 0.0, 0.0, 0.0, 0.0, 0.0, 0.0, 0.0, 0.0, 0.0, 0.0, 0.0, 0.0, 0.0, 0.0], [0.0, 0.0, 0.0, 0.0, 0.0, 0.0, 0.0, 0.0, 0.0, 0.9666382323335785, 0.0, 0.0, 0.0, 0.0, 0.0, 0.0, 0.0, 0.0, 0.0, 0.0, 0.0, 0.0, 0.0, 0.0, 0.0, 0.0, 0.0, 0.0, 0.0, 0.0], [0.0, 0.0, 0.0, 0.0, 0.0, 0.0, 0.0, 0.0, 0.0, 0.0, 0.0, 0.0, 0.0, 0.0, 0.9689841047055922, 0.0, 0.0, 0.0, 0.0, 0.0, 0.0, 0.0, 0.0, 0.0, 0.0, 0.0, 0.0, 0.0, 0.0, 0.0], [0.0, 0.0, 0.0, 0.0, 0.0, 0.0, 0.0, 0.0, 0.0, 0.0, 0.0, 0.0, 0.0, 0.0, 0.9690297879974882, 0.0, 0.0, 0.0, 0.0, 0.0, 0.0, 0.0, 0.0, 0.0, 0.0, 0.0, 0.0, 0.0, 0.0, 0.0], [0.0, 0.0, 0.0, 0.0, 0.0, 0.0, 0.0, 0.0, 0.0, 0.0, 0.0, 0.0, 0.0, 0.0, 0.0, 0.9848312123626517, 0.0, 0.0, 0.0, 0.0, 0.0, 0.0, 0.0, 0.0, 0.0, 0.0, 0.0, 0.0, 0.0, 0.0], [0.0, 0.0, 0.0, 0.0, 0.0, 0.0, 0.0, 0.0, 0.0, 0.0, 0.0, 0.0, 0.0, 0.0, 0.0, 0.9851661616776554, 0.0, 0.0, 0.0, 0.0, 0.0, 0.0, 0.0, 0.0, 0.0, 0.0, 0.0, 0.0, 0.0, 0.0], [0.0, 0.0, 0.0, 0.0, 0.0, 0.0, 0.0, 0.0, 0.0, 0.0, 0.0, 0.0, 0.0, 0.0, 0.0, 0.9836568777468192, 0.0, 0.0, 0.0, 0.0, 0.0, 0.0, 0.0, 0.0, 0.0, 0.0, 0.0, 0.0, 0.0, 0.0]], "Born radii": [], "Atomic SASAs": [], "Solvent H bonds": [], "Total SASA": NaN, "Total FOD": 0.0, "FOD": [0.0, 0.0, 0.0, 0.0, 0.0, 0.0, 0.0, 0.0, 0.0, 0.0, 0.0, 0.0, 0.0, 0.0, 0.0, 0.0, 0.0, 0.0, 0.0, 0.0, 0.0, 0.0, 0.0, 0.0, 0.0, 0.0, 0.0, 0.0, 0.0, 0.0], "FOD s proportion": [0.0, 0.0, 0.0, 0.0, 0.0, 0.0, 0.0, 0.0, 0.0, 0.0, 0.0, 0.0, 0.0, 0.0, 0.0, 0.0, 0.0, 0.0, 0.0, 0.0, 0.0, 0.0, 0.0, 0.0, 0.0, 0.0, 0.0, 0.0, 0.0, 0.0], "FOD p proportion": [0.0, 0.0, 0.0, 0.0, 0.0, 0.0, 0.0, 0.0, 0.0, 0.0, 0.0, 0.0, 0.0, 0.0, 0.0, 0.0, 0.0, 0.0, 0.0, 0.0, 0.0, 0.0, 0.0, 0.0, 0.0, 0.0, 0.0, 0.0, 0.0, 0.0], "FOD d proportion": [0.0, 0.0, 0.0, 0.0, 0.0, 0.0, 0.0, 0.0, 0.0, 0.0, 0.0, 0.0, 0.0, 0.0, 0.0, 0.0, 0.0, 0.0, 0.0, 0.0, 0.0, 0.0, 0.0, 0.0, 0.0, 0.0, 0.0, 0.0, 0.0, 0.0], "coordinates": [["-1.84800", "-2.45820", "-1.72230"], ["-1.93050", "-1.85910", "-0.33220"], ["-1.36350", "-0.54500", "-0.37990"], ["-1.28450", "0.06860", "0.82510"], ["-1.69650", "-0.35780", "1.89070"], ["-0.71060", "1.41760", "0.65010"], ["-1.36510", "2.47590", "1.29910"], ["-0.92030", "3.78820", "1.12880"], ["0.17780", "4.05230", "0.31140"], ["0.84630", "3.00260", "-0.32130"], ["0.41740", "1.67890", "-0.13860"], ["1.21920", "0.62090", "-0.78490"], ["1.66350", "0.70590", "-1.91730"], ["1.45050", "-0.37350", "0.10530"], ["2.24380", "-1.44860", "-0.41010"], ["2.32020", "-2.52820", "0.65140"], ["-2.38720", "-1.83500", "-2.44340"], ["-0.80720", "-2.50670", "-2.05940"], ["-2.27220", "-3.46590", "-1.73890"], ["-1.36930", "-2.48340", "0.37230"], ["-2.97740", "-1.79470", "-0.01570"], ["-2.23180", "2.27940", "1.92840"], ["-1.43600", "4.60560", "1.62830"], ["0.51920", "5.07580", "0.17240"], ["1.71140", "3.21580", "-0.94740"], ["1.78010", "-1.85460", "-1.31630"], ["3.24990", "-1.08230", "-0.64230"], ["1.31790", "-2.88650", "0.90880"], ["2.76300", "-2.13340", "1.57180"], ["2.91990", "-3.37440", "0.30500"]], "bond_dist": [[0.0, 1.5159502201589603, 2.3868624279585116, 3.6320100839617724, 4.181913606233396, 4.684419511529684, 5.805806850042465, 6.92870200398314, 7.1152239304184945, 6.248391003290368, 4.975513969430696, 4.446042218647952, 4.730770133921115, 4.308851134583324, 4.414067086033016, 4.797211995524067, 1.0950342871344259, 1.0951042416135552, 1.0934717600377248, 2.148752635833171, 2.151339157362223, 5.993310161338224, 7.829018763548853, 8.121248668154424, 6.742705270883491, 3.700307902053557, 5.389627558560981, 4.138725759216235, 5.676082350530161, 5.261391274178342], [1.5159502201589603, 0.0, 1.4319996857541553, 2.339377391529635, 2.692571651785705, 3.6317808565495797, 4.66615921824363, 5.920052561422069, 6.309025266235664, 5.598827014652266, 4.250595178325031, 4.034345966820397, 4.691332754132881, 3.718813602481308, 4.195159013672783, 4.414024723537466, 2.160166924105635, 2.159724169888368, 2.1627228255141713, 1.0959088374495392, 1.0955908086507478, 4.72528055251749, 6.773509916579439, 7.372142786191814, 6.276664453354186, 3.838883355873164, 5.2474874378125, 3.625980463267832, 5.072415473913785, 5.121380486743784], [2.3868624279585116, 1.4319996857541553, 0.0, 1.3545371755695745, 2.302511064034221, 2.3106226801449, 3.456136624903593, 4.609688077299808, 4.897822850001825, 4.179965999861721, 2.8592939180853723, 2.8624617202680636, 3.618159555630459, 2.8606690283917855, 3.718873255436382, 4.308863843288623, 2.640093547585009, 2.6416768973513776, 3.3472785214260257, 2.0792385721701105, 2.0734186600877305, 3.749590529644537, 5.528725336820414, 5.95340131521469, 4.890877518400967, 3.531871753051065, 4.651989317485585, 3.7859313121080262, 4.833233875988208, 5.179006461668107], [3.6320100839617724, 2.339377391529635, 1.3545371755695745, 0.0, 1.2194524672983362, 1.4764102444781397, 2.454845341360633, 3.749706587187856, 4.274584736556289, 3.803011648680556, 2.5334260182606476, 3.0274822840109237, 4.076470661000763, 2.8624795981805704, 4.034416410089568, 4.4460548827021915, 3.9398899096294557, 3.896193736199472, 4.476866933470326, 2.593245626623132, 2.6541932748012154, 2.6461830662295456, 4.610038122402026, 5.362033459425631, 4.692764739468622, 4.204291302942744, 4.902919225318729, 3.9385412858062057, 4.667828310895763, 5.459096296091506], [4.181913606233396, 2.692571651785705, 2.302511064034221, 1.2194524672983362, 0.0, 2.37973366787126, 2.9137042077053743, 4.286291409832047, 5.04541088415998, 4.759313395858693, 3.568582154021398, 4.076517575087835, 5.188633894388772, 3.6182189886738474, 4.691427221006418, 4.730790582978706, 4.630724472477282, 4.583875621131097, 4.813077213176618, 2.6326362756750123, 2.70919681455593, 2.6912434338052735, 4.977153159186484, 6.1144002436870295, 5.695543080339222, 4.961048961661233, 5.604271782310347, 4.055250751803148, 4.810570945324474, 5.73807188958103], [4.684419511529684, 3.6317808565495797, 2.3106226801449, 1.4764102444781397, 2.37973366787126, 0.0, 1.4034137451229414, 2.4275238701195088, 2.8010027383064084, 2.4248258844708834, 1.4009673015456143, 2.5333937573934295, 3.5685305743400884, 2.8592305713250896, 4.250600644614829, 4.97544851948043, 4.791673671067344, 4.769785351564575, 5.656367015143201, 3.9659626233740526, 3.9875485163192685, 2.165825378464293, 3.4126858044654504, 3.8888343459190957, 3.4134459846319527, 4.558246185760484, 4.8585345547808965, 4.765187797978166, 5.052230086803252, 6.021867506015057], [5.805806850042465, 4.66615921824363, 3.456136624903593, 2.454845341360633, 2.9137042077053743, 1.4034137451229414, 0.0, 1.3960588884427472, 2.4168427048527588, 2.7916659918407145, 2.4247673166718493, 3.802984024420823, 4.759259072586825, 4.179933272194665, 5.598859178439836, 6.248357239306984, 5.799556316650438, 6.0346563630417265, 6.734780000118787, 5.045159300755528, 4.750393108996349, 1.0889442731379781, 2.15615897836871, 3.4028692878216757, 3.8806013077872357, 5.956998443008023, 6.1423160289910195, 6.008839892192169, 6.193643627946316, 7.319526617206881], [6.92870200398314, 5.920052561422069, 4.609688077299808, 3.749706587187856, 4.286291409832047, 2.4275238701195088, 1.3960588884427472, 0.0, 1.3941718617157643, 2.4167815230177507, 2.8008731745653885, 4.274517192619537, 5.045326643538553, 4.897753748403445, 6.309026569923446, 7.115171113191868, 6.8214944616264255, 7.0571365907143955, 7.916647251835842, 6.332997695404601, 6.058903619467799, 2.1531070224213193, 1.0879289958448575, 2.1551739999359683, 3.4006018717280035, 6.716536757139053, 6.652002217377863, 7.043405378792278, 6.987724554531324, 8.168758855542254], [7.1152239304184945, 6.309025266235664, 4.897822850001825, 4.274584736556289, 5.04541088415998, 2.8010027383064084, 2.4168427048527588, 1.3941718617157643, 0.0, 1.396091555020658, 2.4275369657329624, 3.749785808549603, 4.2863505619582725, 4.609766603636241, 5.920204308974479, 6.928813607682054, 6.987735636813974, 7.0435359472355925, 8.16881639712878, 6.716591524724427, 6.652044080581546, 3.4005934143910825, 2.155160536943826, 1.0878544066188272, 2.153192664393969, 6.333106677610918, 6.0589982059743175, 7.057170836107058, 6.821638490128306, 7.9167560439867035], [6.248391003290368, 5.598827014652266, 4.179965999861721, 3.803011648680556, 4.759313395858693, 2.4248258844708834, 2.7916659918407145, 2.4167815230177507, 1.396091555020658, 0.0, 1.4033945240024277, 2.4548878304313626, 2.9137369013004593, 3.456167879313735, 4.666269723237181, 5.805882804535414, 6.193642257993273, 6.0089466922248524, 7.31957131668242, 5.9570261305453425, 6.1423253202675605, 3.880575722750427, 3.402857982637536, 2.156129017475531, 1.0889689894574592, 5.045235304720683, 4.750446502172191, 6.034654205503411, 5.7996605504115495, 6.734849489780748], [4.975513969430696, 4.250595178325031, 2.8592939180853723, 2.5334260182606476, 3.568582154021398, 1.4009673015456143, 2.4247673166718493, 2.8008731745653885, 2.4275369657329624, 1.4033945240024277, 0.0, 1.476465688731032, 2.3797621519807395, 2.3106554438080984, 3.6319010807014003, 4.684489113019691, 5.052264582343248, 4.76532949123143, 6.0219494592698135, 4.558295403986012, 4.858566497435226, 3.413407372406639, 3.888778736312983, 3.4126256533642834, 2.1657920144833853, 3.9660497765408844, 3.9876052186744864, 4.769782402793654, 4.791757382213754, 5.6564236139101185], [4.446042218647952, 4.034345966820397, 2.8624617202680636, 3.0274822840109237, 4.076517575087835, 2.5333937573934295, 3.802984024420823, 4.274517192619537, 3.749785808549603, 2.4548878304313626, 1.476465688731032, 0.0, 1.2194085656579587, 1.3545431296197252, 2.339467984393033, 3.6320778488352916, 4.667781916499527, 3.9385947963709094, 5.459113865821083, 4.204298107889116, 4.902881148875629, 4.692762527552401, 5.362038359616611, 4.6100495984316705, 2.6461619564947267, 2.5932788164792466, 2.654235763831088, 3.896179685281468, 3.9399900786677113, 4.47690569366834], [4.730770133921115, 4.691332754132881, 3.618159555630459, 4.076470661000763, 5.188633894388772, 3.5685305743400884, 4.759259072586825, 5.045326643538553, 4.2863505619582725, 2.9137369013004593, 2.3797621519807395, 1.2194085656579587, 0.0, 2.302473478674619, 2.692632574266307, 4.181970515199742, 4.810522269982751, 4.055286631053346, 5.7380725239404216, 4.961025951353208, 5.604198045215747, 5.695495837062828, 6.1143961026417, 4.97717737176404, 2.6912076155510563, 2.6326710409772054, 2.709234061501516, 4.583843183399711, 4.63080376932558, 4.813107763181706], [4.308851134583324, 3.718813602481308, 2.8606690283917855, 2.8624795981805704, 3.6182189886738474, 2.8592305713250896, 4.179933272194665, 4.897753748403445, 4.609766603636241, 3.456167879313735, 2.3106554438080984, 1.3545431296197252, 2.302473478674619, 0.0, 1.4320621704381415, 2.386909170873496, 4.833197205784179, 3.785984366053299, 5.179044959256484, 3.531888878489809, 4.651961828089306, 4.890900255576676, 5.95338962776669, 5.528715274817468, 3.749576054702718, 2.0792402290259777, 2.073437619027879, 2.6416593289067385, 2.6401754695474313, 3.3472999955187768], [4.414067086033016, 4.195159013672783, 3.718873255436382, 4.034416410089568, 4.691427221006418, 4.250600644614829, 5.598859178439836, 6.309026569923446, 5.920204308974479, 4.666269723237181, 3.6319010807014003, 2.339467984393033, 2.692632574266307, 1.4320621704381415, 0.0, 1.5159668103227062, 5.072452547831276, 3.6260677186175108, 5.121470953739755, 3.8389389692986784, 5.247500929966568, 6.276747693670663, 7.372200501885445, 6.773577102978898, 4.725332624271016, 1.0959252392385166, 1.095595609702777, 2.1597093392398894, 2.1601961230406834, 2.162680017940703], [4.797211995524067, 4.414024723537466, 4.308863843288623, 4.4460548827021915, 4.730790582978706, 4.97544851948043, 6.248357239306984, 7.115171113191868, 6.928813607682054, 5.805882804535414, 4.684489113019691, 3.6320778488352916, 4.181970515199742, 2.386909170873496, 1.5159668103227062, 0.0, 5.676083864778603, 4.138783595454103, 5.261459221546813, 3.7003127030022744, 5.389583510810459, 6.742733181729794, 8.121236019843286, 7.829039404677945, 5.993357563169413, 2.148787625615896, 2.151424781394878, 1.0950976851404624, 1.0950228490766758, 1.0934749608472982], [1.0950342871344259, 2.160166924105635, 2.640093547585009, 3.9398899096294557, 4.630724472477282, 4.791673671067344, 5.799556316650438, 6.8214944616264255, 6.987735636813974, 6.193642257993273, 5.052264582343248, 4.667781916499527, 4.810522269982751, 4.833197205784179, 5.072452547831276, 5.676083864778603, 0.0, 1.7592716930593753, 1.7802752764670973, 3.06344731634151, 2.4987371650495778, 6.00542019845406, 7.678857381798414, 7.940322867490969, 6.6743627860643, 4.3170739928799, 5.965518829909097, 5.1059438990259185, 6.537234403017838, 6.171609622294657], [1.0951042416135552, 2.159724169888368, 2.6416768973513776, 3.896193736199472, 4.583875621131097, 4.769785351564575, 6.0346563630417265, 7.0571365907143955, 7.0435359472355925, 6.0089466922248524, 4.76532949123143, 3.9385947963709094, 4.055286631053346, 3.785984366053299, 3.6260677186175108, 4.138783595454103, 1.7592716930593753, 0.0, 1.7801713091722382, 2.4959295242454265, 3.0648689580469832, 6.390523234446456, 8.03612668018617, 8.014647493807821, 6.3503461488331485, 2.7697569044954107, 4.527377627280499, 3.6702192427701106, 5.106005715821321, 4.498284679741824], [1.0934717600377248, 2.1627228255141713, 3.3472785214260257, 4.476866933470326, 4.813077213176618, 5.656367015143201, 6.734780000118787, 7.916647251835842, 8.16881639712878, 7.31957131668242, 6.0219494592698135, 5.459113865821083, 5.7380725239404216, 5.179044959256484, 5.121470953739755, 5.261459221546813, 1.7802752764670973, 1.7801713091722382, 0.0, 2.4975388085072874, 2.50192620194921, 6.816098116958118, 8.78557787114769, 9.187253155323413, 7.819249075198973, 4.381325568820469, 6.113727907749903, 4.498314980078652, 6.1716715547734715, 5.580663210587071], [2.148752635833171, 1.0959088374495392, 2.0792385721701105, 2.593245626623132, 2.6326362756750123, 3.9659626233740526, 5.045159300755528, 6.332997695404601, 6.716591524724427, 5.9570261305453425, 4.558295403986012, 4.204298107889116, 4.961025951353208, 3.531888878489809, 3.8389389692986784, 3.7003127030022744, 3.06344731634151, 2.4959295242454265, 2.4975388085072874, 0.0, 1.7918809391251416, 5.084251891871606, 7.199715681191862, 7.794093718964381, 6.611595966179422, 3.628426623207365, 4.932494603139469, 2.7697230366951855, 4.317082758067072, 4.381283708001572], [2.151339157362223, 1.0955908086507478, 2.0734186600877305, 2.6541932748012154, 2.70919681455593, 3.9875485163192685, 4.750393108996349, 6.058903619467799, 6.652044080581546, 6.1423253202675605, 4.858566497435226, 4.902881148875629, 5.604198045215747, 4.651961828089306, 5.247500929966568, 5.389583510810459, 2.4987371650495778, 3.0648689580469832, 2.50192620194921, 1.7918809391251416, 0.0, 4.575339875899931, 6.785461668154938, 7.7113788274212025, 6.925172963904945, 4.932439013307717, 6.2991591986550075, 4.52728722084208, 5.965489594325011, 6.113628044786499], [5.993310161338224, 4.72528055251749, 3.749590529644537, 2.6461830662295456, 2.6912434338052735, 2.165825378464293, 1.0889442731379781, 2.1531070224213193, 3.4005934143910825, 3.880575722750427, 3.413407372406639, 4.692762527552401, 5.695495837062828, 4.890900255576676, 6.276747693670663, 6.742733181729794, 6.00542019845406, 6.390523234446456, 6.816098116958118, 5.084251891871606, 4.575339875899931, 0.0, 2.476805218421505, 4.29783549708455, 4.969496638493681, 6.611609161164928, 6.925211929609087, 6.350313146609385, 6.674428397997839, 7.819264344553137], [7.829018763548853, 6.773509916579439, 5.528725336820414, 4.610038122402026, 4.977153159186484, 3.4126858044654504, 2.15615897836871, 1.0879289958448575, 2.155160536943826, 3.402857982637536, 3.888778736312983, 5.362038359616611, 6.1143961026417, 5.95338962776669, 7.372200501885445, 8.121236019843286, 7.678857381798414, 8.03612668018617, 8.78557787114769, 7.199715681191862, 6.785461668154938, 2.476805218421505, 0.0, 2.482647757939092, 4.297894983593713, 7.794110110205013, 7.711387007536323, 8.01456223820116, 7.940334643451748, 9.187240483409585], [8.121248668154424, 7.372142786191814, 5.95340131521469, 5.362033459425631, 6.1144002436870295, 3.8888343459190957, 3.4028692878216757, 2.1551739999359683, 1.0878544066188272, 2.156129017475531, 3.4126256533642834, 4.6100495984316705, 4.97717737176404, 5.528715274817468, 6.773577102978898, 7.829039404677945, 7.940322867490969, 8.014647493807821, 9.187253155323413, 7.794093718964381, 7.7113788274212025, 4.29783549708455, 2.482647757939092, 0.0, 2.4768715913425954, 7.199759764047688, 6.785473763120745, 8.036070429009444, 7.678901187018883, 8.78560318304896], [6.742705270883491, 6.276664453354186, 4.890877518400967, 4.692764739468622, 5.695543080339222, 3.4134459846319527, 3.8806013077872357, 3.4006018717280035, 2.153192664393969, 1.0889689894574592, 2.1657920144833853, 2.6461619564947267, 2.6912076155510563, 3.749576054702718, 4.725332624271016, 5.993357563169413, 6.6743627860643, 6.3503461488331485, 7.819249075198973, 6.611595966179422, 6.925172963904945, 4.969496638493681, 4.297894983593713, 2.4768715913425954, 0.0, 5.0842662263103415, 4.575339536034456, 6.390491841791209, 6.005511788349099, 6.8161362992534125], [3.700307902053557, 3.838883355873164, 3.531871753051065, 4.204291302942744, 4.961048961661233, 4.558246185760484, 5.956998443008023, 6.716536757139053, 6.333106677610918, 5.045235304720683, 3.9660497765408844, 2.5932788164792466, 2.6326710409772054, 2.0792402290259777, 1.0959252392385166, 2.148787625615896, 4.3170739928799, 2.7697569044954107, 4.381325568820469, 3.628426623207365, 4.932439013307717, 6.611609161164928, 7.794110110205013, 7.199759764047688, 5.0842662263103415, 0.0, 1.7919361958507338, 2.495899929885011, 3.063485508371143, 2.4975087126975155], [5.389627558560981, 5.2474874378125, 4.651989317485585, 4.902919225318729, 5.604271782310347, 4.8585345547808965, 6.1423160289910195, 6.652002217377863, 6.0589982059743175, 4.750446502172191, 3.9876052186744864, 2.654235763831088, 2.709234061501516, 2.073437619027879, 1.095595609702777, 2.151424781394878, 5.965518829909097, 4.527377627280499, 6.113727907749903, 4.932494603139469, 6.2991591986550075, 6.925211929609087, 7.711387007536323, 6.785473763120745, 4.575339536034456, 1.7919361958507338, 0.0, 3.0649099252669725, 2.4988240494280505, 2.5019991406873023], [4.138725759216235, 3.625980463267832, 3.7859313121080262, 3.9385412858062057, 4.055250751803148, 4.765187797978166, 6.008839892192169, 7.043405378792278, 7.057170836107058, 6.034654205503411, 4.769782402793654, 3.896179685281468, 4.583843183399711, 2.6416593289067385, 2.1597093392398894, 1.0950976851404624, 5.1059438990259185, 3.6702192427701106, 4.498314980078652, 2.7697230366951855, 4.52728722084208, 6.350313146609385, 8.01456223820116, 8.036070429009444, 6.390491841791209, 2.495899929885011, 3.0649099252669725, 0.0, 1.7592733215734273, 1.7801755110100803], [5.676082350530161, 5.072415473913785, 4.833233875988208, 4.667828310895763, 4.810570945324474, 5.052230086803252, 6.193643627946316, 6.987724554531324, 6.821638490128306, 5.7996605504115495, 4.791757382213754, 3.9399900786677113, 4.63080376932558, 2.6401754695474313, 2.1601961230406834, 1.0950228490766758, 6.537234403017838, 5.106005715821321, 6.1716715547734715, 4.317082758067072, 5.965489594325011, 6.674428397997839, 7.940334643451748, 7.678901187018883, 6.005511788349099, 3.063485508371143, 2.4988240494280505, 1.7592733215734273, 0.0, 1.7803035836620678], [5.261391274178342, 5.121380486743784, 5.179006461668107, 5.459096296091506, 5.73807188958103, 6.021867506015057, 7.319526617206881, 8.168758855542254, 7.9167560439867035, 6.734849489780748, 5.6564236139101185, 4.47690569366834, 4.813107763181706, 3.3472999955187768, 2.162680017940703, 1.0934749608472982, 6.171609622294657, 4.498284679741824, 5.580663210587071, 4.381283708001572, 6.113628044786499, 7.819264344553137, 9.187240483409585, 8.78560318304896, 6.8161362992534125, 2.4975087126975155, 2.5019991406873023, 1.7801755110100803, 1.7803035836620678, 0.0]]}