{"total energy": -29.35638581, "HOMO-LUMO gap/eV": 11.53371447, "electronic energy": -29.72455203, "dipole": [0.29386849, 0.41473613, 0.43330702], "partial charges": [-0.45112458, 0.11827698, -0.05733074, -0.05353864, -0.05458328, -0.05251876, -0.05368027, -0.05248993, -0.06400663, 0.28125653, 0.00533603, 0.03534632, 0.04107196, 0.02583943, 0.05112083, 0.02768816, 0.0230627, 0.03055462, 0.02400444, 0.02256111, 0.02794877, 0.04785626, 0.02129783, 0.02083648, 0.03521439], "atomic dipole moments": [[0.03643016, 0.11813991, 0.20150935], [0.0292031, -0.01133341, -0.17734147], [0.04983356, 0.07852237, -0.06599897], [0.00212263, 0.04357419, 0.11674824], [0.10552742, 0.00423942, 0.03045056], [0.03716638, -0.02669982, -0.09723128], [0.01708216, -0.10467811, 0.02738415], [-0.0456945, -0.01314472, 0.11165821], [-0.05167308, -0.04935378, -0.07491648], [0.07388272, 0.02469993, 0.0101753], [0.06037924, -0.05395513, 0.07693223], [-0.05396032, 0.02113382, 0.11405679], [0.00046272, -0.12158777, -0.00657969], [-0.06617579, -0.09511364, -0.02746013], [0.05848152, 0.01912055, -0.11363543], [-0.0528972, 0.03458485, -0.10446791], [-0.09182796, -0.04407742, 0.05995325], [0.02867737, -0.02672646, 0.11736444], [-0.089656, 0.07287348, 0.01953844], [0.02333029, 0.09686295, 0.06344928], [-0.04167287, 0.04823295, -0.104474], [-0.00436228, -0.05634535, -0.11523746], [0.08040514, 0.0839123, -0.02231823], [0.11516319, 0.02495379, -0.00105028], [-0.03564874, 0.04414784, 0.11561694]], "atomic quadrupole moments": [[-0.03095259, -0.00503397, -0.0685575, -0.07776432, 0.09389554, 0.0995101], [-0.05697247, 0.0397157, -0.06056738, -0.23048151, 0.18826019, 0.11753985], [0.1785243, 0.04818157, -0.14393605, 0.12061614, -0.05631594, -0.03458825], [0.0352778, -0.19575565, -0.00040536, 0.10698837, -0.02488493, -0.03487244], [-0.03991095, -0.05653503, 0.14492219, 0.01829092, 0.16801507, -0.10501124], [0.00378408, 0.19015433, 0.0760279, -0.03501188, 0.03567951, -0.07981198], [0.16829336, -0.01224457, -0.05139126, -0.15274404, -0.04834767, -0.11690211], [0.07050012, -0.18210863, -0.03124522, 0.04357827, -0.10563601, -0.03925489], [-0.13858336, -0.02248294, 0.17562259, 0.06940938, -0.08859277, -0.03703923], [0.12340772, 0.05728645, -0.07224108, -0.01105131, 0.01296532, -0.05116664], [-0.00752813, -0.00065463, -0.01496912, 0.00910622, -0.00858537, 0.02249725], [-0.00320127, -0.03067161, -0.02659424, -0.02641589, 0.03625411, 0.02979551], [-0.00802209, -0.00645793, 0.05089986, 0.03795773, 0.01168507, -0.04287777], [0.01527411, 0.02303905, 0.03571771, 0.01796466, 0.00053683, -0.05099182], [0.02896299, 0.01048982, -0.02504985, -0.03407551, -0.03354669, -0.00391315], [-0.0394489, -0.02439833, -0.00917218, 0.01729626, -0.01969093, 0.04862108], [-0.00755693, 0.02436856, 0.01366278, -0.05359797, -0.00260462, -0.00610585], [-0.00835563, -0.00160418, -0.00725341, 0.04371545, -0.03634758, 0.01560904], [0.03243238, -0.03305996, 0.01931998, -0.00432138, 0.00485452, -0.05175236], [0.00404498, 0.02546109, -0.00037997, -0.00696559, 0.05401219, -0.00366502], [-0.00216483, -0.01683164, -0.04671443, 0.02077619, -0.01602679, 0.04887926], [-0.02870003, -0.00181476, 0.02741413, 0.02521407, 0.04175383, 0.00128591], [0.02596914, 0.02603897, 0.02584304, 0.00566051, -0.01434244, -0.05181218], [0.05562428, 0.00716845, -0.00812013, -0.00062903, -0.03830868, -0.04750415], [-0.00988254, -0.03173999, -0.01653955, -0.04150778, 0.01676267, 0.0264221]], "number of molecular orbitals": 52, "number of electrons": 54, "number of unpaired electrons": 0, "orbital energies/eV": [-18.44679613, -17.13027969, -16.81639971, -16.72736789, -16.2042315, -16.13459316, -15.51168197, -15.18581201, -15.02018573, -14.45416381, -14.34284229, -14.02330262, -13.8241535, -13.49940114, -13.32797902, -13.13322796, -12.93734869, -12.47340009, -12.34614866, -12.07968875, -11.8612551, -11.84416994, -11.69180306, -11.35569841, -11.31566462, -10.92700208, -10.7426161, 0.79109836, 1.83462313, 2.09769063, 2.40603403, 2.47737115, 2.6603453, 2.76628657, 2.89089753, 3.12537751, 3.46550245, 4.26717763, 4.75006035, 5.07010602, 5.13806936, 5.33232206, 5.76076747, 6.06672947, 6.22596404, 6.64357323, 7.305682, 7.55408486, 7.73555111, 8.22956488, 9.0641402, 9.21876725], "fractional occupation": [2.0, 2.0, 2.0, 2.0, 2.0, 2.0, 2.0, 2.0, 2.0, 2.0, 2.0, 2.0, 2.0, 2.0, 2.0, 2.0, 2.0, 2.0, 2.0, 2.0, 2.0, 2.0, 2.0, 2.0, 2.0, 2.0, 2.0, 0.0, 0.0, 0.0, 0.0, 0.0, 0.0, 0.0, 0.0, 0.0, 0.0, 0.0, 0.0, 0.0, 0.0, 0.0, 0.0, 0.0, 0.0, 0.0, 0.0, 0.0, 0.0, 0.0, 0.0, 0.0], "program call": "xtb /home/svss/Project-DBcg-Debug/aqme2_20220329/End-to-End-workflows-final/example-3/QDESCP/mol_310_rdkit_conf_8/mol_310_rdkit_conf_8.xyz --pop --wbo --acc 0.2 --gfn 2 --chrg 0 --uhf 0 --etemp 300 --input /home/svss/Project-DBcg-Debug/aqme2_20220329/End-to-End-workflows-final/example-3/QDESCP/mol_310_rdkit_conf_8/mol_310_rdkit_conf_8_xtb.inp", "method": "GFN2-xTB", "xtb version": "6.3.3 (7355c4f)", "Dipole module/D": 1.698, "Total charge": 0, "Transition dipole module/D": NaN, "HOMO": -10.7426, "LUMO": 0.7911, "HOMO occupancy": 2.0, "LUMO occupancy": 0, "mulliken charges": [-0.56986, 0.21866, -0.05491, -0.04336, -0.04974, -0.04706, -0.04793, -0.04409, -0.07291, 0.33465, 0.0085, 0.02251, 0.0379, 0.02438, 0.03914, 0.02401, 0.02104, 0.02068, 0.02442, 0.02091, 0.02468, 0.03607, 0.0214, 0.02271, 0.0282], "cm5 charges": [-0.78267, 0.17103, -0.15975, -0.15272, -0.15979, -0.15751, -0.15797, -0.15367, -0.17891, 0.50423, 0.07478, 0.07883, 0.09522, 0.07898, 0.09849, 0.07876, 0.07578, 0.07729, 0.07887, 0.07565, 0.07942, 0.09535, 0.07597, 0.07982, 0.08452], "FUKUI+": [-0.12, -0.028, 0.012, 0.006, 0.013, 0.011, 0.014, 0.002, 0.01, -0.113, -0.104, -0.092, -0.054, -0.045, -0.024, -0.045, -0.041, -0.024, -0.058, -0.048, -0.051, -0.032, -0.053, -0.048, -0.087], "FUKUI-": [-0.065, -0.001, 0.012, 0.007, 0.01, 0.008, 0.009, 0.011, 0.005, -0.042, -0.077, -0.042, -0.072, -0.086, -0.069, -0.064, -0.089, -0.038, -0.051, -0.077, -0.046, -0.055, -0.091, -0.055, -0.045], "FUKUIrad": [-0.093, -0.014, 0.012, 0.007, 0.012, 0.009, 0.012, 0.007, 0.008, -0.078, -0.09, -0.067, -0.063, -0.065, -0.047, -0.055, -0.065, -0.031, -0.054, -0.063, -0.048, -0.044, -0.072, -0.052, -0.066], "s proportion": [1.699, 1.019, 1.033, 1.029, 1.031, 1.029, 1.03, 1.029, 1.04, 0.665, 0.991, 0.977, 0.962, 0.976, 0.961, 0.976, 0.979, 0.979, 0.976, 0.979, 0.975, 0.964, 0.979, 0.977, 0.972], "p proportion": [4.871, 2.762, 3.022, 3.015, 3.019, 3.018, 3.017, 3.015, 3.033, 0.0, 0.0, 0.0, 0.0, 0.0, 0.0, 0.0, 0.0, 0.0, 0.0, 0.0, 0.0, 0.0, 0.0, 0.0, 0.0], "d proportion": [0.0, 0.0, 0.0, 0.0, 0.0, 0.0, 0.0, 0.0, 0.0, 0.0, 0.0, 0.0, 0.0, 0.0, 0.0, 0.0, 0.0, 0.0, 0.0, 0.0, 0.0, 0.0, 0.0, 0.0, 0.0], "Fermi-level/eV": -4.9758, "Coordination numbers": [1.653, 3.722, 3.798, 3.798, 3.799, 3.799, 3.799, 3.798, 3.798, 0.804, 0.924, 0.924, 0.923, 0.923, 0.924, 0.924, 0.923, 0.924, 0.923, 0.923, 0.924, 0.924, 0.923, 0.923, 0.924], "Dispersion coefficient C6": [21.868, 18.752, 21.608, 21.538, 21.557, 21.519, 21.54, 21.519, 21.731, 0.78, 2.967, 2.512, 2.435, 2.647, 2.306, 2.62, 2.688, 2.579, 2.674, 2.695, 2.616, 2.347, 2.714, 2.721, 2.514], "Total dispersion C6": 4416.988848, "Total dispersion C8": 93512.314117, "Polarizability alpha": [6.313, 6.184, 6.619, 6.608, 6.611, 6.605, 6.608, 6.605, 6.638, 1.388, 2.694, 2.479, 2.44, 2.544, 2.375, 2.531, 2.564, 2.511, 2.557, 2.567, 2.529, 2.396, 2.576, 2.58, 2.479], "Total polarizability alpha": 98.000761, "Wiberg matrix": [[0.0, 0.9783690174118631, 0.0, 0.0, 0.0, 0.0, 0.0, 0.0, 0.0, 0.9042945913679544, 0.0, 0.0, 0.0, 0.0, 0.0, 0.0, 0.0, 0.0, 0.0, 0.0, 0.0, 0.0, 0.0, 0.0, 0.0], [0.9783690174118631, 0.0, 0.9941364753531812, 0.0, 0.0, 0.0, 0.0, 0.0, 0.9887301456622111, 0.0, 0.9642113689933539, 0.0, 0.0, 0.0, 0.0, 0.0, 0.0, 0.0, 0.0, 0.0, 0.0, 0.0, 0.0, 0.0, 0.0], [0.0, 0.9941364753531812, 0.0, 1.0050377222089824, 0.0, 0.0, 0.0, 0.0, 0.0, 0.0, 0.0, 0.9728708411647631, 0.9768026684895819, 0.0, 0.0, 0.0, 0.0, 0.0, 0.0, 0.0, 0.0, 0.0, 0.0, 0.0, 0.0], [0.0, 0.0, 1.0050377222089824, 0.0, 1.0063288254628104, 0.0, 0.0, 0.0, 0.0, 0.0, 0.0, 0.0, 0.0, 0.9788783614750666, 0.9720820551184906, 0.0, 0.0, 0.0, 0.0, 0.0, 0.0, 0.0, 0.0, 0.0, 0.0], [0.0, 0.0, 0.0, 1.0063288254628104, 0.0, 1.0085443943613708, 0.0, 0.0, 0.0, 0.0, 0.0, 0.0, 0.0, 0.0, 0.0, 0.9773447097822209, 0.9785299478700014, 0.0, 0.0, 0.0, 0.0, 0.0, 0.0, 0.0, 0.0], [0.0, 0.0, 0.0, 0.0, 1.0085443943613708, 0.0, 1.0086170152002953, 0.0, 0.0, 0.0, 0.0, 0.0, 0.0, 0.0, 0.0, 0.0, 0.0, 0.9716721643392732, 0.975587573940607, 0.0, 0.0, 0.0, 0.0, 0.0, 0.0], [0.0, 0.0, 0.0, 0.0, 0.0, 1.0086170152002953, 0.0, 1.0063363255182731, 0.0, 0.0, 0.0, 0.0, 0.0, 0.0, 0.0, 0.0, 0.0, 0.0, 0.0, 0.9787062233061327, 0.977304729908288, 0.0, 0.0, 0.0, 0.0], [0.0, 0.0, 0.0, 0.0, 0.0, 0.0, 1.0063363255182731, 0.0, 1.0052638138908472, 0.0, 0.0, 0.0, 0.0, 0.0, 0.0, 0.0, 0.0, 0.0, 0.0, 0.0, 0.0, 0.9715934848756345, 0.9792332327575224, 0.0, 0.0], [0.0, 0.9887301456622111, 0.0, 0.0, 0.0, 0.0, 0.0, 1.0052638138908472, 0.0, 0.0, 0.0, 0.0, 0.0, 0.0, 0.0, 0.0, 0.0, 0.0, 0.0, 0.0, 0.0, 0.0, 0.0, 0.9762561927895406, 0.9726090010578323], [0.9042945913679544, 0.0, 0.0, 0.0, 0.0, 0.0, 0.0, 0.0, 0.0, 0.0, 0.0, 0.0, 0.0, 0.0, 0.0, 0.0, 0.0, 0.0, 0.0, 0.0, 0.0, 0.0, 0.0, 0.0, 0.0], [0.0, 0.9642113689933539, 0.0, 0.0, 0.0, 0.0, 0.0, 0.0, 0.0, 0.0, 0.0, 0.0, 0.0, 0.0, 0.0, 0.0, 0.0, 0.0, 0.0, 0.0, 0.0, 0.0, 0.0, 0.0, 0.0], [0.0, 0.0, 0.9728708411647631, 0.0, 0.0, 0.0, 0.0, 0.0, 0.0, 0.0, 0.0, 0.0, 0.0, 0.0, 0.0, 0.0, 0.0, 0.0, 0.0, 0.0, 0.0, 0.0, 0.0, 0.0, 0.0], [0.0, 0.0, 0.9768026684895819, 0.0, 0.0, 0.0, 0.0, 0.0, 0.0, 0.0, 0.0, 0.0, 0.0, 0.0, 0.0, 0.0, 0.0, 0.0, 0.0, 0.0, 0.0, 0.0, 0.0, 0.0, 0.0], [0.0, 0.0, 0.0, 0.9788783614750666, 0.0, 0.0, 0.0, 0.0, 0.0, 0.0, 0.0, 0.0, 0.0, 0.0, 0.0, 0.0, 0.0, 0.0, 0.0, 0.0, 0.0, 0.0, 0.0, 0.0, 0.0], [0.0, 0.0, 0.0, 0.9720820551184906, 0.0, 0.0, 0.0, 0.0, 0.0, 0.0, 0.0, 0.0, 0.0, 0.0, 0.0, 0.0, 0.0, 0.0, 0.0, 0.0, 0.0, 0.0, 0.0, 0.0, 0.0], [0.0, 0.0, 0.0, 0.0, 0.9773447097822209, 0.0, 0.0, 0.0, 0.0, 0.0, 0.0, 0.0, 0.0, 0.0, 0.0, 0.0, 0.0, 0.0, 0.0, 0.0, 0.0, 0.0, 0.0, 0.0, 0.0], [0.0, 0.0, 0.0, 0.0, 0.9785299478700014, 0.0, 0.0, 0.0, 0.0, 0.0, 0.0, 0.0, 0.0, 0.0, 0.0, 0.0, 0.0, 0.0, 0.0, 0.0, 0.0, 0.0, 0.0, 0.0, 0.0], [0.0, 0.0, 0.0, 0.0, 0.0, 0.9716721643392732, 0.0, 0.0, 0.0, 0.0, 0.0, 0.0, 0.0, 0.0, 0.0, 0.0, 0.0, 0.0, 0.0, 0.0, 0.0, 0.0, 0.0, 0.0, 0.0], [0.0, 0.0, 0.0, 0.0, 0.0, 0.975587573940607, 0.0, 0.0, 0.0, 0.0, 0.0, 0.0, 0.0, 0.0, 0.0, 0.0, 0.0, 0.0, 0.0, 0.0, 0.0, 0.0, 0.0, 0.0, 0.0], [0.0, 0.0, 0.0, 0.0, 0.0, 0.0, 0.9787062233061327, 0.0, 0.0, 0.0, 0.0, 0.0, 0.0, 0.0, 0.0, 0.0, 0.0, 0.0, 0.0, 0.0, 0.0, 0.0, 0.0, 0.0, 0.0], [0.0, 0.0, 0.0, 0.0, 0.0, 0.0, 0.977304729908288, 0.0, 0.0, 0.0, 0.0, 0.0, 0.0, 0.0, 0.0, 0.0, 0.0, 0.0, 0.0, 0.0, 0.0, 0.0, 0.0, 0.0, 0.0], [0.0, 0.0, 0.0, 0.0, 0.0, 0.0, 0.0, 0.9715934848756345, 0.0, 0.0, 0.0, 0.0, 0.0, 0.0, 0.0, 0.0, 0.0, 0.0, 0.0, 0.0, 0.0, 0.0, 0.0, 0.0, 0.0], [0.0, 0.0, 0.0, 0.0, 0.0, 0.0, 0.0, 0.9792332327575224, 0.0, 0.0, 0.0, 0.0, 0.0, 0.0, 0.0, 0.0, 0.0, 0.0, 0.0, 0.0, 0.0, 0.0, 0.0, 0.0, 0.0], [0.0, 0.0, 0.0, 0.0, 0.0, 0.0, 0.0, 0.0, 0.9762561927895406, 0.0, 0.0, 0.0, 0.0, 0.0, 0.0, 0.0, 0.0, 0.0, 0.0, 0.0, 0.0, 0.0, 0.0, 0.0, 0.0], [0.0, 0.0, 0.0, 0.0, 0.0, 0.0, 0.0, 0.0, 0.9726090010578323, 0.0, 0.0, 0.0, 0.0, 0.0, 0.0, 0.0, 0.0, 0.0, 0.0, 0.0, 0.0, 0.0, 0.0, 0.0, 0.0]], "Born radii": [], "Atomic SASAs": [], "Solvent H bonds": [], "Total SASA": NaN, "Total FOD": 0.0, "FOD": [0.0, 0.0, 0.0, 0.0, 0.0, 0.0, 0.0, 0.0, 0.0, 0.0, 0.0, 0.0, 0.0, 0.0, 0.0, 0.0, 0.0, 0.0, 0.0, 0.0, 0.0, 0.0, 0.0, 0.0, 0.0], "FOD s proportion": [0.0, 0.0, 0.0, 0.0, 0.0, 0.0, 0.0, 0.0, 0.0, 0.0, 0.0, 0.0, 0.0, 0.0, 0.0, 0.0, 0.0, 0.0, 0.0, 0.0, 0.0, 0.0, 0.0, 0.0, 0.0], "FOD p proportion": [0.0, 0.0, 0.0, 0.0, 0.0, 0.0, 0.0, 0.0, 0.0, 0.0, 0.0, 0.0, 0.0, 0.0, 0.0, 0.0, 0.0, 0.0, 0.0, 0.0, 0.0, 0.0, 0.0, 0.0, 0.0], "FOD d proportion": [0.0, 0.0, 0.0, 0.0, 0.0, 0.0, 0.0, 0.0, 0.0, 0.0, 0.0, 0.0, 0.0, 0.0, 0.0, 0.0, 0.0, 0.0, 0.0, 0.0, 0.0, 0.0, 0.0, 0.0, 0.0], "coordinates": [["1.94120", "-1.63300", "-0.69480"], ["1.32880", "-1.14350", "0.49890"], ["-0.11830", "-1.64850", "0.55580"], ["-1.01280", "-1.23940", "-0.61830"], ["-1.97380", "-0.08560", "-0.33020"], ["-1.42400", "1.11780", "0.42880"], ["-0.33230", "1.91380", "-0.27930"], ["0.99540", "1.20610", "-0.55200"], ["1.53760", "0.37270", "0.61260"], ["2.87320", "-1.35630", "-0.68270"], ["1.86540", "-1.61250", "1.33330"], ["-0.57800", "-1.38920", "1.51570"], ["-0.06490", "-2.74620", "0.53560"], ["-1.63530", "-2.10430", "-0.88590"], ["-0.42720", "-1.03260", "-1.51850"], ["-2.41070", "0.25080", "-1.27870"], ["-2.81070", "-0.48620", "0.25740"], ["-1.09530", "0.82200", "1.43020"], ["-2.26480", "1.80360", "0.60070"], ["-0.11990", "2.79590", "0.33950"], ["-0.72250", "2.30330", "-1.22790"], ["0.93360", "0.61930", "-1.47290"], ["1.72890", "1.99340", "-0.77450"], ["2.62380", "0.53850", "0.63320"], ["1.16290", "0.74000", "1.57420"]], "bond_dist": [[0.0, 1.4281329419910458, 2.4095188025827894, 2.9810885947921775, 4.225470970199654, 4.489314941057265, 4.233347698925757, 2.995900247004229, 2.4279662703587954, 0.9722825206697898, 2.02961954562918, 3.3603745817988804, 2.60337004861007, 3.6124777023533308, 2.5784259558885925, 4.777936297189404, 4.980199663668114, 4.4455575859502705, 5.5838137334621045, 4.993302004685877, 4.782671950907777, 2.5871901089792377, 3.6334832241253023, 2.6353252190194665, 3.374202259794158], [1.4281329419910458, 0.0, 1.5337408581634644, 2.5962325030705546, 3.5656312176107052, 3.563186711358247, 3.5653796067179155, 2.5954125934039847, 1.5347271972568937, 1.9561783558765804, 1.0973258039433866, 2.1748878063017414, 2.1242395980679767, 3.409794200534689, 2.67688953264792, 4.368958056562228, 4.198312254942455, 3.2568037628939206, 4.648625884065097, 4.20035860492887, 4.366932581343568, 2.6742554328261168, 3.4090716008907758, 2.1270132792251206, 2.1751701427704453], [2.4095188025827894, 1.5337408581634644, 0.0, 1.5316670232135965, 2.5827374353580734, 3.061600427880817, 3.6651288244753415, 3.2582648280948554, 2.6135187946521445, 3.2508976206580242, 2.1309312377456013, 1.095430778278573, 1.0991837380529244, 2.1418546939510157, 2.185743010969039, 3.4968312083942514, 2.947711249427257, 2.7968687151884692, 4.065276456773881, 4.449660617395444, 4.377598265030724, 3.219477308508324, 4.294797031292632, 3.508286215518911, 2.8954350709349366], [2.9810885947921775, 2.5962325030705546, 1.5316670232135965, 0.0, 1.5289790874959672, 2.611875894831146, 3.2435584610116095, 3.165080280182479, 3.25860727612273, 3.8882912660962012, 3.497424968458937, 2.182990398513012, 2.121425431166507, 1.09871198227743, 1.0936423729903666, 2.1473119498573094, 2.136961660863386, 2.907323246562033, 3.509033200184917, 4.2424400219684895, 3.6064677372742433, 2.823752788400571, 4.241734688780052, 4.236984802899345, 3.6686170555128808], [4.225470970199654, 3.5656312176107052, 2.5827374353580734, 1.5289790874959672, 0.0, 1.52529754474332, 2.587414427570504, 3.2455866603743613, 3.664538264229206, 5.023180639793875, 4.453999607094729, 2.656120744619868, 3.3870785656668785, 2.1209748772675265, 2.1681414737050715, 1.0971320886748321, 1.0982512144313796, 2.166681372514196, 2.1261073467725002, 3.4912011614915572, 2.842263216171226, 3.202440016612333, 4.269617170192194, 4.7387304344096215, 3.7612819104661646], [4.489314941057265, 3.563186711358247, 3.061600427880817, 2.611875894831146, 1.52529754474332, 0.0, 1.5253951946954598, 2.6121374179012866, 3.0594167761192654, 5.081587438980067, 4.369532091654666, 2.8604399329473775, 4.097444941667916, 3.4864039051722044, 3.0675409842412864, 2.1542567488579443, 2.127235494720789, 1.0946886726371108, 1.098551723861922, 2.127127384525901, 2.154568956891378, 3.0697301021425316, 3.4864573222685515, 4.094148591587756, 2.854246942715364], [4.233347698925757, 3.5653796067179155, 3.6651288244753415, 3.2435584610116095, 2.587414427570504, 1.5253951946954598, 0.0, 1.5290493353714913, 2.5820536071119826, 4.5969028508333745, 4.457034410905978, 3.7672539720597547, 4.738266008784226, 4.26742312994622, 3.1977954296671323, 2.843257976336301, 3.491491579540183, 2.1671609284960818, 2.1262879132422308, 1.098238412185624, 1.0971819584736162, 2.1686203033265183, 2.1213450073007927, 3.3856511264452513, 2.6549749019529356], [2.995900247004229, 2.5954125934039847, 3.2582648280948554, 3.165080280182479, 3.2455866603743613, 2.6121374179012866, 1.5290493353714913, 0.0, 1.5312836314674039, 3.179482519215981, 3.500823053226198, 3.67240424517781, 4.234121531085285, 4.241558659266661, 2.823064062326606, 3.611399754942673, 4.243277608170363, 2.906488627192613, 3.509220366406191, 2.1368505750285864, 2.147526265264293, 1.0937139891214707, 1.098803799592994, 2.121809454215906, 2.1831243436872763], [2.4279662703587954, 1.5347271972568937, 2.6135187946521445, 3.25860727612273, 3.664538264229206, 3.0594167761192654, 2.5820536071119826, 1.5312836314674039, 0.0, 2.539895755734869, 2.13726001459813, 2.8975238704797586, 3.5073455005174496, 4.295151412930632, 3.2213187268570613, 4.379605940036158, 4.446525513251891, 2.7932960208327366, 4.062740722714164, 2.948523037047532, 3.4960990575211106, 2.1851631083285294, 2.1418007820523366, 1.0989742672146605, 1.0954377846322447], [0.9722825206697898, 1.9561783558765804, 3.2508976206580242, 3.8882912660962012, 5.023180639793875, 5.081587438980067, 4.5969028508333745, 3.179482519215981, 2.539895755734869, 0.0, 2.2683816433748536, 4.092044282507216, 3.471096153954828, 4.574643864827075, 3.4199391061830324, 5.554960451704404, 5.826455288595288, 4.995831217124934, 6.166938265460423, 5.219607771662542, 5.159357875743842, 2.87914215696273, 3.5409518240156843, 2.3203577762922682, 3.523236777453369], [2.02961954562918, 1.0973258039433866, 2.1309312377456013, 3.497424968458937, 4.453999607094729, 4.369532091654666, 4.457034410905978, 3.500823053226198, 2.13726001459813, 2.2683816433748536, 0.0, 2.460352862904019, 2.3764803954587967, 4.173920982721163, 3.70473507959746, 5.3459762532207336, 4.9286939152274405, 3.8343088490626314, 5.4097129323098105, 4.935893545245886, 5.347004908357575, 3.7045837714917447, 4.178991253879338, 2.385814655416468, 2.4669404755688777], [3.3603745817988804, 2.1748878063017414, 1.095430778278573, 2.182990398513012, 2.656120744619868, 2.8604399329473775, 3.7672539720597547, 3.67240424517781, 2.8975238704797586, 4.092044282507216, 2.460352862904019, 0.0, 1.750804563622108, 2.7197304756170233, 3.058802680788678, 3.722507306910223, 2.717292251488603, 2.272512921855451, 3.7251162505350086, 4.371311480551346, 4.602475144962762, 3.9052191705460015, 4.691352300776398, 3.8400985377982164, 2.750935786237112], [2.60337004861007, 2.1242395980679767, 1.0991837380529244, 2.121425431166507, 3.3870785656668785, 4.097444941667916, 4.738266008784226, 4.234121531085285, 3.5073455005174496, 3.471096153954828, 2.3764803954587967, 1.750804563622108, 0.0, 2.213335496484887, 2.699446806291985, 4.216215261345179, 3.567129501433891, 3.8202204857835103, 5.054154534637816, 5.545841020079822, 5.3888607571545215, 4.044460996226815, 5.234299247272743, 4.24592599323163, 3.839241232327034], [3.6124777023533308, 3.409794200534689, 2.1418546939510157, 1.09871198227743, 2.1209748772675265, 3.4864039051722044, 4.26742312994622, 4.241558659266661, 4.295151412930632, 4.574643864827075, 4.173920982721163, 2.7197304756170233, 2.213335496484887, 0.0, 1.7344247634302272, 2.5103850322211527, 2.3036813277881993, 3.7708289406972577, 4.228230388708733, 5.273518973133594, 4.51410075208784, 3.789698295379198, 5.3029611435498945, 5.237555676076389, 4.6874361584985875], [2.5784259558885925, 2.67688953264792, 2.185743010969039, 1.0936423729903666, 2.1681414737050715, 3.0675409842412864, 3.1977954296671323, 2.823064062326606, 3.2213187268570613, 3.4199391061830324, 3.70473507959746, 3.058802680788678, 2.699446806291985, 1.7344247634302272, 0.0, 2.3746350982835236, 3.0221591652326985, 3.546932542352617, 3.988961373590875, 4.266615700997689, 3.3615293037544682, 2.140707735773382, 3.789324373816525, 4.0505270150932216, 3.903245067889025], [4.777936297189404, 4.368958056562228, 3.4968312083942514, 2.1473119498573094, 1.0971320886748321, 2.1542567488579443, 2.843257976336301, 3.611399754942673, 4.379605940036158, 5.554960451704404, 5.3459762532207336, 3.722507306910223, 4.216215261345179, 2.5103850322211527, 2.3746350982835236, 0.0, 1.7500777725575514, 3.065075171998233, 2.442256950036175, 3.7873301796912293, 2.6580737630848397, 3.3701407062613864, 4.519641640661348, 5.392988332084541, 4.598801149212695], [4.980199663668114, 4.198312254942455, 2.947711249427257, 2.136961660863386, 1.0982512144313796, 2.127235494720789, 3.491491579540183, 4.243277608170363, 4.446525513251891, 5.826455288595288, 4.9286939152274405, 2.717292251488603, 3.567129501433891, 2.3036813277881993, 3.0221591652326985, 1.7500777725575514, 0.0, 2.455492667470217, 2.378874889522356, 4.244917603440613, 3.787876130498462, 4.270345516465851, 5.274580734996858, 5.5430159642562815, 4.3619978954602905], [4.4455575859502705, 3.2568037628939206, 2.7968687151884692, 2.907323246562033, 2.166681372514196, 1.0946886726371108, 2.1671609284960818, 2.906488627192613, 2.7932960208327366, 4.995831217124934, 3.8343088490626314, 2.272512921855451, 3.8202204857835103, 3.7708289406972577, 3.546932542352617, 3.065075171998233, 2.455492667470217, 0.0, 1.7376245451765469, 2.4570943937911705, 3.0657340295596422, 3.5476065325793953, 3.769480824994339, 3.8140904630068753, 2.264271900633844], [5.5838137334621045, 4.648625884065097, 4.065276456773881, 3.509033200184917, 2.1261073467725002, 1.098551723861922, 2.1262879132422308, 3.509220366406191, 4.062740722714164, 6.166938265460423, 5.4097129323098105, 3.7251162505350086, 5.054154534637816, 4.228230388708733, 3.988961373590875, 2.442256950036175, 2.378874889522356, 1.7376245451765469, 0.0, 2.377704931230955, 2.4438018209339316, 3.9915092396235288, 4.228101083228735, 5.049746946135024, 3.7186119049989608], [4.993302004685877, 4.20035860492887, 4.449660617395444, 4.2424400219684895, 3.4912011614915572, 2.127127384525901, 1.098238412185624, 2.1368505750285864, 2.948523037047532, 5.219607771662542, 4.935893545245886, 4.371311480551346, 5.545841020079822, 5.273518973133594, 4.266615700997689, 3.7873301796912293, 4.244917603440613, 2.4570943937911705, 2.377704931230955, 0.0, 1.7500069371291076, 3.0219602197911213, 2.3028381814621715, 3.5651092746225888, 2.7197030609976527], [4.782671950907777, 4.366932581343568, 4.377598265030724, 3.6064677372742433, 2.842263216171226, 2.154568956891378, 1.0971819584736162, 2.147526265264293, 3.4960990575211106, 5.159357875743842, 5.347004908357575, 4.602475144962762, 5.3888607571545215, 4.51410075208784, 3.3615293037544682, 2.6580737630848397, 3.787876130498462, 3.0657340295596422, 2.4438018209339316, 1.7500069371291076, 0.0, 2.374562740800925, 2.5121647099662874, 4.216151792808224, 3.7216131529217273], [2.5871901089792377, 2.6742554328261168, 3.219477308508324, 2.823752788400571, 3.202440016612333, 3.0697301021425316, 2.1686203033265183, 1.0937139891214707, 2.1851631083285294, 2.87914215696273, 3.7045837714917447, 3.9052191705460015, 4.044460996226815, 3.789698295379198, 2.140707735773382, 3.3701407062613864, 4.270345516465851, 3.5476065325793953, 3.9915092396235288, 3.0219602197911213, 2.374562740800925, 0.0, 1.7344784403387667, 2.701659099516444, 3.0580983290273713], [3.6334832241253023, 3.4090716008907758, 4.294797031292632, 4.241734688780052, 4.269617170192194, 3.4864573222685515, 2.1213450073007927, 1.098803799592994, 2.1418007820523366, 3.5409518240156843, 4.178991253879338, 4.691352300776398, 5.234299247272743, 5.3029611435498945, 3.789324373816525, 4.519641640661348, 5.274580734996858, 3.769480824994339, 4.228101083228735, 2.3028381814621715, 2.5121647099662874, 1.7344784403387667, 0.0, 2.2134134972932644, 2.721719906603176], [2.6353252190194665, 2.1270132792251206, 3.508286215518911, 4.236984802899345, 4.7387304344096215, 4.094148591587756, 3.3856511264452513, 2.121809454215906, 1.0989742672146605, 2.3203577762922682, 2.385814655416468, 3.8400985377982164, 4.24592599323163, 5.237555676076389, 4.0505270150932216, 5.392988332084541, 5.5430159642562815, 3.8140904630068753, 5.049746946135024, 3.5651092746225888, 4.216151792808224, 2.701659099516444, 2.2134134972932644, 0.0, 1.7493747625937675], [3.374202259794158, 2.1751701427704453, 2.8954350709349366, 3.6686170555128808, 3.7612819104661646, 2.854246942715364, 2.6549749019529356, 2.1831243436872763, 1.0954377846322447, 3.523236777453369, 2.4669404755688777, 2.750935786237112, 3.839241232327034, 4.6874361584985875, 3.903245067889025, 4.598801149212695, 4.3619978954602905, 2.264271900633844, 3.7186119049989608, 2.7197030609976527, 3.7216131529217273, 3.0580983290273713, 2.721719906603176, 1.7493747625937675, 0.0]]}