{"total energy": -30.37494437, "HOMO-LUMO gap/eV": 11.62228767, "electronic energy": -30.76313656, "dipole": [0.44879008, 0.47784203, -0.177733], "partial charges": [-0.10043662, -0.05189795, -0.05988184, -0.06601056, -0.02214046, -0.05426202, -0.09870966, 0.08624017, -0.44586751, 0.03325447, 0.03199081, 0.03215195, 0.02973831, 0.02861984, 0.02749541, 0.03236663, 0.03693375, 0.0320085, 0.04146882, 0.04786473, 0.02705025, 0.03015221, 0.03035858, 0.03587306, 0.01583174, 0.01773413, 0.28207327], "atomic dipole moments": [[-0.09411509, 0.02192881, 0.03275005], [0.01835392, -0.04998132, -0.09899962], [-0.02494305, 0.0525086, 0.09332746], [0.01434693, -0.0584089, -0.09667899], [-0.00741517, 0.10600619, -0.00667864], [0.07425966, 0.0895416, -0.0268473], [0.03362223, -0.09642776, -0.01842113], [-0.15520168, -0.11193195, -0.04845441], [0.1881448, 0.15450816, 0.01146962], [0.01559474, -0.12396984, -0.01683557], [0.02504391, 0.05816882, -0.1087707], [0.08469181, 0.03778593, 0.08337992], [-0.01489468, -0.05432543, 0.10975997], [-0.00606491, 0.12154552, 0.02082916], [0.0213601, 0.05532711, -0.1092416], [0.01020941, -0.12232804, -0.02051704], [-0.01175274, -0.04486997, 0.11464866], [-0.00761554, 0.12383121, 0.01558382], [0.01479645, -0.12121288, -0.01785436], [-0.08960299, -0.06091328, -0.0645005], [0.00057117, -0.06196295, 0.10415937], [0.07641427, 0.06309236, 0.07650243], [-0.10953713, -0.00546779, 0.05805578], [-0.0197228, 0.06822054, -0.10497398], [0.09181775, -0.0242765, -0.06776], [-0.01759921, 0.11735162, -0.00020982], [0.01283313, 0.04357687, -0.06484374]], "atomic quadrupole moments": [[0.18647176, -0.06672193, -0.11030838, -0.09982013, 0.03094893, -0.07616337], [0.22494397, -0.00362743, -0.18789776, 0.03870519, 0.09783768, -0.03704621], [0.21186506, -0.0042582, -0.1898181, 0.046607, 0.10509142, -0.02204696], [0.21730578, 0.01699246, -0.16441454, 0.02374558, 0.10913972, -0.05289124], [0.07393033, 0.06055233, -0.1856899, 0.01338244, -0.06161688, 0.11175957], [0.05910155, -0.1151756, 0.06859772, -0.14390622, 0.05587049, -0.12769927], [-0.06897856, -0.08733924, 0.17665252, -0.02968103, 0.05720776, -0.10767396], [0.10479237, 0.21155997, -0.17947263, 0.30348372, 0.02418137, 0.07468026], [0.05891539, 0.10326179, -0.0547796, 0.10483594, 0.02774531, -0.00413579], [-0.03224341, -0.00055919, 0.07882608, -0.01004826, 0.01423082, -0.04658268], [-0.03239213, -0.00402016, -0.01530189, -0.01437343, -0.05517753, 0.04769402], [0.01765396, 0.02148065, -0.03812669, 0.04994249, 0.03540037, 0.02047273], [-0.01526937, 0.00932238, -0.01093362, -0.00889641, -0.04328904, 0.02620299], [-0.01715152, -0.00715975, 0.05609989, 0.00328438, 0.00395427, -0.03894838], [-0.01830208, 0.00525115, -0.01023269, -0.00308487, -0.0419741, 0.02853476], [-0.02106582, -0.00328403, 0.05764458, 0.00330245, 0.00364315, -0.03657876], [-0.01090258, 0.00742467, -0.02003734, -0.0060428, -0.04436625, 0.03093992], [-0.01554785, -0.00993205, 0.05690893, -0.00107063, -0.0049608, -0.04136108], [-0.00903494, -0.01230334, 0.0287065, -0.01312363, 0.00774381, -0.01967156], [0.01285698, 0.00464873, -0.01632684, 0.03459528, 0.03483273, 0.00346985], [-0.02858365, -0.02490799, -0.01475256, 0.00584754, -0.03250139, 0.04333621], [0.02305335, 0.02855723, -0.01223116, 0.05665489, 0.02961922, -0.01082219], [0.05150667, 0.0118979, -0.02566862, -0.05676033, -0.00557662, -0.02583805], [-0.0518796, -0.00724282, -0.00919708, 0.00321929, -0.04163319, 0.06107667], [0.04613401, -0.01439232, -0.03850757, -0.00773907, 0.01301137, -0.00762644], [-0.02251446, -0.01204305, 0.03964036, 0.018101, 0.02499156, -0.01712591], [-0.06115603, 0.02145897, -0.0320103, 0.01133823, -0.08454142, 0.09316632]], "number of molecular orbitals": 54, "number of electrons": 56, "number of unpaired electrons": 0, "orbital energies/eV": [-18.51808045, -17.1421348, -16.86489622, -16.4379816, -16.36425377, -15.84697634, -15.54103188, -15.14520961, -15.0985716, -14.78892388, -14.38373819, -14.10601671, -13.73923369, -13.52821834, -13.31884385, -13.11735344, -12.92727315, -12.88229623, -12.63680954, -12.31932357, -12.10087447, -11.99062417, -11.78496186, -11.57316589, -11.45965267, -11.36923431, -11.22300971, -10.92034403, 0.70194364, 1.35723633, 2.24064846, 2.83805317, 2.96159001, 3.10024503, 3.4088933, 3.65388769, 3.98663693, 4.03112657, 4.17710218, 4.39636325, 4.59677866, 4.83815057, 5.01755973, 5.47792204, 5.82465695, 6.32030797, 6.39983782, 6.82977133, 7.00071938, 7.28771195, 7.45197501, 7.77486563, 8.02797216, 8.38219604], "fractional occupation": [2.0, 2.0, 2.0, 2.0, 2.0, 2.0, 2.0, 2.0, 2.0, 2.0, 2.0, 2.0, 2.0, 2.0, 2.0, 2.0, 2.0, 2.0, 2.0, 2.0, 2.0, 2.0, 2.0, 2.0, 2.0, 2.0, 2.0, 2.0, 0.0, 0.0, 0.0, 0.0, 0.0, 0.0, 0.0, 0.0, 0.0, 0.0, 0.0, 0.0, 0.0, 0.0, 0.0, 0.0, 0.0, 0.0, 0.0, 0.0, 0.0, 0.0, 0.0, 0.0, 0.0, 0.0], "program call": "xtb /home/svss/Project-DBcg-Debug/aqme2_20220329/End-to-End-workflows-final/example-3/QDESCP/mol_1056_rdkit_conf_11/mol_1056_rdkit_conf_11.xyz --pop --wbo --acc 0.2 --gfn 2 --chrg 0 --uhf 0 --etemp 300 --input /home/svss/Project-DBcg-Debug/aqme2_20220329/End-to-End-workflows-final/example-3/QDESCP/mol_1056_rdkit_conf_11/mol_1056_rdkit_conf_11_xtb.inp", "method": "GFN2-xTB", "xtb version": "6.3.3 (7355c4f)", "Dipole module/D": 1.726, "Total charge": 0, "Transition dipole module/D": NaN, "HOMO": -10.9203, "LUMO": 0.7019, "HOMO occupancy": 2.0, "LUMO occupancy": 0, "mulliken charges": [-0.08349, -0.03794, -0.04836, -0.0583, -0.02089, -0.03802, -0.086, 0.19323, -0.56901, 0.02742, 0.02639, 0.02878, 0.02305, 0.02198, 0.01975, 0.02478, 0.02894, 0.02273, 0.03282, 0.04029, 0.0194, 0.02182, 0.02817, 0.02979, 0.00943, 0.00776, 0.33548], "cm5 charges": [-0.23383, -0.1506, -0.15933, -0.16681, -0.08825, -0.14727, -0.23631, 0.10772, -0.78478, 0.07871, 0.07768, 0.07955, 0.07776, 0.07668, 0.07579, 0.08025, 0.08489, 0.07907, 0.09366, 0.0979, 0.07425, 0.07379, 0.07899, 0.08252, 0.07311, 0.07123, 0.50365], "FUKUI+": [0.007, -0.013, -0.004, -0.032, -0.034, 0.015, 0.018, -0.012, -0.107, -0.033, -0.031, -0.057, -0.038, -0.037, -0.034, -0.045, -0.064, -0.056, -0.059, -0.04, -0.037, -0.015, -0.038, -0.011, -0.06, -0.07, -0.111], "FUKUI-": [0.016, 0.006, 0.006, 0.009, -0.002, 0.002, 0.018, 0.02, -0.087, -0.054, -0.047, -0.051, -0.067, -0.065, -0.052, -0.054, -0.04, -0.034, -0.041, -0.079, -0.054, -0.061, -0.059, -0.037, -0.077, -0.069, -0.047], "FUKUIrad": [0.012, -0.004, 0.001, -0.012, -0.018, 0.009, 0.018, 0.004, -0.097, -0.043, -0.039, -0.054, -0.052, -0.051, -0.043, -0.049, -0.052, -0.045, -0.05, -0.06, -0.045, -0.038, -0.049, -0.024, -0.069, -0.07, -0.079], "s proportion": [1.008, 1.027, 1.033, 1.038, 1.062, 1.03, 1.006, 0.994, 1.695, 0.973, 0.974, 0.971, 0.977, 0.978, 0.98, 0.975, 0.971, 0.977, 0.967, 0.96, 0.981, 0.978, 0.972, 0.97, 0.991, 0.992, 0.665], "p proportion": [3.076, 3.011, 3.015, 3.02, 2.959, 3.008, 3.08, 2.813, 4.874, 0.0, 0.0, 0.0, 0.0, 0.0, 0.0, 0.0, 0.0, 0.0, 0.0, 0.0, 0.0, 0.0, 0.0, 0.0, 0.0, 0.0, 0.0], "d proportion": [0.0, 0.0, 0.0, 0.0, 0.0, 0.0, 0.0, 0.0, 0.0, 0.0, 0.0, 0.0, 0.0, 0.0, 0.0, 0.0, 0.0, 0.0, 0.0, 0.0, 0.0, 0.0, 0.0, 0.0, 0.0, 0.0, 0.0], "Fermi-level/eV": -5.1092, "Coordination numbers": [3.75, 3.8, 3.801, 3.801, 3.846, 3.799, 3.748, 3.674, 1.653, 0.924, 0.924, 0.924, 0.924, 0.924, 0.924, 0.924, 0.924, 0.924, 0.923, 0.924, 0.924, 0.924, 0.924, 0.924, 0.924, 0.924, 0.804], "Dispersion coefficient C6": [22.482, 21.506, 21.652, 21.765, 20.936, 21.551, 22.452, 19.369, 21.761, 2.541, 2.558, 2.556, 2.59, 2.606, 2.622, 2.553, 2.49, 2.558, 2.43, 2.347, 2.629, 2.584, 2.581, 2.505, 2.798, 2.768, 0.778], "Total dispersion C6": 4861.138913, "Total dispersion C8": 100818.579443, "Polarizability alpha": [6.762, 6.603, 6.625, 6.642, 6.509, 6.61, 6.758, 6.307, 6.297, 2.493, 2.501, 2.5, 2.517, 2.525, 2.532, 2.499, 2.468, 2.501, 2.438, 2.396, 2.536, 2.514, 2.513, 2.475, 2.616, 2.602, 1.385], "Total polarizability alpha": 103.122625, "Wiberg matrix": [[0.0, 1.0201322482889328, 0.0, 0.0, 0.0, 0.0, 0.0, 0.0, 0.0, 0.9876420536119507, 0.9876872145154724, 0.9872906643468842, 0.0, 0.0, 0.0, 0.0, 0.0, 0.0, 0.0, 0.0, 0.0, 0.0, 0.0, 0.0, 0.0, 0.0, 0.0], [1.0201322482889328, 0.0, 1.0071611545307309, 0.0, 0.0, 0.0, 0.0, 0.0, 0.0, 0.0, 0.0, 0.0, 0.9778808865863061, 0.9781617479781435, 0.0, 0.0, 0.0, 0.0, 0.0, 0.0, 0.0, 0.0, 0.0, 0.0, 0.0, 0.0, 0.0], [0.0, 1.0071611545307309, 0.0, 1.0070457279430136, 0.0, 0.0, 0.0, 0.0, 0.0, 0.0, 0.0, 0.0, 0.0, 0.0, 0.9756246952287333, 0.9768474969782636, 0.0, 0.0, 0.0, 0.0, 0.0, 0.0, 0.0, 0.0, 0.0, 0.0, 0.0], [0.0, 0.0, 1.0070457279430136, 0.0, 0.9945739681659039, 0.0, 0.0, 0.0, 0.0, 0.0, 0.0, 0.0, 0.0, 0.0, 0.0, 0.0, 0.9752418541288842, 0.9754695595601603, 0.0, 0.0, 0.0, 0.0, 0.0, 0.0, 0.0, 0.0, 0.0], [0.0, 0.0, 0.0, 0.9945739681659039, 0.0, 0.992825922882226, 0.0, 0.994153213273268, 0.0, 0.0, 0.0, 0.0, 0.0, 0.0, 0.0, 0.0, 0.0, 0.0, 0.9668294970649653, 0.0, 0.0, 0.0, 0.0, 0.0, 0.0, 0.0, 0.0], [0.0, 0.0, 0.0, 0.0, 0.992825922882226, 0.0, 1.0217209341036977, 0.0, 0.0, 0.0, 0.0, 0.0, 0.0, 0.0, 0.0, 0.0, 0.0, 0.0, 0.0, 0.9757901153105514, 0.9770749523200213, 0.0, 0.0, 0.0, 0.0, 0.0, 0.0], [0.0, 0.0, 0.0, 0.0, 0.0, 1.0217209341036977, 0.0, 0.0, 0.0, 0.0, 0.0, 0.0, 0.0, 0.0, 0.0, 0.0, 0.0, 0.0, 0.0, 0.0, 0.0, 0.9861744718554205, 0.9868647964448133, 0.9860894775901223, 0.0, 0.0, 0.0], [0.0, 0.0, 0.0, 0.0, 0.994153213273268, 0.0, 0.0, 0.0, 0.9881853525813994, 0.0, 0.0, 0.0, 0.0, 0.0, 0.0, 0.0, 0.0, 0.0, 0.0, 0.0, 0.0, 0.0, 0.0, 0.0, 0.9713519480044481, 0.9714220441959074, 0.0], [0.0, 0.0, 0.0, 0.0, 0.0, 0.0, 0.0, 0.9881853525813994, 0.0, 0.0, 0.0, 0.0, 0.0, 0.0, 0.0, 0.0, 0.0, 0.0, 0.0, 0.0, 0.0, 0.0, 0.0, 0.0, 0.0, 0.0, 0.9076017195603853], [0.9876420536119507, 0.0, 0.0, 0.0, 0.0, 0.0, 0.0, 0.0, 0.0, 0.0, 0.0, 0.0, 0.0, 0.0, 0.0, 0.0, 0.0, 0.0, 0.0, 0.0, 0.0, 0.0, 0.0, 0.0, 0.0, 0.0, 0.0], [0.9876872145154724, 0.0, 0.0, 0.0, 0.0, 0.0, 0.0, 0.0, 0.0, 0.0, 0.0, 0.0, 0.0, 0.0, 0.0, 0.0, 0.0, 0.0, 0.0, 0.0, 0.0, 0.0, 0.0, 0.0, 0.0, 0.0, 0.0], [0.9872906643468842, 0.0, 0.0, 0.0, 0.0, 0.0, 0.0, 0.0, 0.0, 0.0, 0.0, 0.0, 0.0, 0.0, 0.0, 0.0, 0.0, 0.0, 0.0, 0.0, 0.0, 0.0, 0.0, 0.0, 0.0, 0.0, 0.0], [0.0, 0.9778808865863061, 0.0, 0.0, 0.0, 0.0, 0.0, 0.0, 0.0, 0.0, 0.0, 0.0, 0.0, 0.0, 0.0, 0.0, 0.0, 0.0, 0.0, 0.0, 0.0, 0.0, 0.0, 0.0, 0.0, 0.0, 0.0], [0.0, 0.9781617479781435, 0.0, 0.0, 0.0, 0.0, 0.0, 0.0, 0.0, 0.0, 0.0, 0.0, 0.0, 0.0, 0.0, 0.0, 0.0, 0.0, 0.0, 0.0, 0.0, 0.0, 0.0, 0.0, 0.0, 0.0, 0.0], [0.0, 0.0, 0.9756246952287333, 0.0, 0.0, 0.0, 0.0, 0.0, 0.0, 0.0, 0.0, 0.0, 0.0, 0.0, 0.0, 0.0, 0.0, 0.0, 0.0, 0.0, 0.0, 0.0, 0.0, 0.0, 0.0, 0.0, 0.0], [0.0, 0.0, 0.9768474969782636, 0.0, 0.0, 0.0, 0.0, 0.0, 0.0, 0.0, 0.0, 0.0, 0.0, 0.0, 0.0, 0.0, 0.0, 0.0, 0.0, 0.0, 0.0, 0.0, 0.0, 0.0, 0.0, 0.0, 0.0], [0.0, 0.0, 0.0, 0.9752418541288842, 0.0, 0.0, 0.0, 0.0, 0.0, 0.0, 0.0, 0.0, 0.0, 0.0, 0.0, 0.0, 0.0, 0.0, 0.0, 0.0, 0.0, 0.0, 0.0, 0.0, 0.0, 0.0, 0.0], [0.0, 0.0, 0.0, 0.9754695595601603, 0.0, 0.0, 0.0, 0.0, 0.0, 0.0, 0.0, 0.0, 0.0, 0.0, 0.0, 0.0, 0.0, 0.0, 0.0, 0.0, 0.0, 0.0, 0.0, 0.0, 0.0, 0.0, 0.0], [0.0, 0.0, 0.0, 0.0, 0.9668294970649653, 0.0, 0.0, 0.0, 0.0, 0.0, 0.0, 0.0, 0.0, 0.0, 0.0, 0.0, 0.0, 0.0, 0.0, 0.0, 0.0, 0.0, 0.0, 0.0, 0.0, 0.0, 0.0], [0.0, 0.0, 0.0, 0.0, 0.0, 0.9757901153105514, 0.0, 0.0, 0.0, 0.0, 0.0, 0.0, 0.0, 0.0, 0.0, 0.0, 0.0, 0.0, 0.0, 0.0, 0.0, 0.0, 0.0, 0.0, 0.0, 0.0, 0.0], [0.0, 0.0, 0.0, 0.0, 0.0, 0.9770749523200213, 0.0, 0.0, 0.0, 0.0, 0.0, 0.0, 0.0, 0.0, 0.0, 0.0, 0.0, 0.0, 0.0, 0.0, 0.0, 0.0, 0.0, 0.0, 0.0, 0.0, 0.0], [0.0, 0.0, 0.0, 0.0, 0.0, 0.0, 0.9861744718554205, 0.0, 0.0, 0.0, 0.0, 0.0, 0.0, 0.0, 0.0, 0.0, 0.0, 0.0, 0.0, 0.0, 0.0, 0.0, 0.0, 0.0, 0.0, 0.0, 0.0], [0.0, 0.0, 0.0, 0.0, 0.0, 0.0, 0.9868647964448133, 0.0, 0.0, 0.0, 0.0, 0.0, 0.0, 0.0, 0.0, 0.0, 0.0, 0.0, 0.0, 0.0, 0.0, 0.0, 0.0, 0.0, 0.0, 0.0, 0.0], [0.0, 0.0, 0.0, 0.0, 0.0, 0.0, 0.9860894775901223, 0.0, 0.0, 0.0, 0.0, 0.0, 0.0, 0.0, 0.0, 0.0, 0.0, 0.0, 0.0, 0.0, 0.0, 0.0, 0.0, 0.0, 0.0, 0.0, 0.0], [0.0, 0.0, 0.0, 0.0, 0.0, 0.0, 0.0, 0.9713519480044481, 0.0, 0.0, 0.0, 0.0, 0.0, 0.0, 0.0, 0.0, 0.0, 0.0, 0.0, 0.0, 0.0, 0.0, 0.0, 0.0, 0.0, 0.0, 0.0], [0.0, 0.0, 0.0, 0.0, 0.0, 0.0, 0.0, 0.9714220441959074, 0.0, 0.0, 0.0, 0.0, 0.0, 0.0, 0.0, 0.0, 0.0, 0.0, 0.0, 0.0, 0.0, 0.0, 0.0, 0.0, 0.0, 0.0, 0.0], [0.0, 0.0, 0.0, 0.0, 0.0, 0.0, 0.0, 0.0, 0.9076017195603853, 0.0, 0.0, 0.0, 0.0, 0.0, 0.0, 0.0, 0.0, 0.0, 0.0, 0.0, 0.0, 0.0, 0.0, 0.0, 0.0, 0.0, 0.0]], "Born radii": [], "Atomic SASAs": [], "Solvent H bonds": [], "Total SASA": NaN, "Total FOD": 0.0, "FOD": [0.0, 0.0, 0.0, 0.0, 0.0, 0.0, 0.0, 0.0, 0.0, 0.0, 0.0, 0.0, 0.0, 0.0, 0.0, 0.0, 0.0, 0.0, 0.0, 0.0, 0.0, 0.0, 0.0, 0.0, 0.0, 0.0, 0.0], "FOD s proportion": [0.0, 0.0, 0.0, 0.0, 0.0, 0.0, 0.0, 0.0, 0.0, 0.0, 0.0, 0.0, 0.0, 0.0, 0.0, 0.0, 0.0, 0.0, 0.0, 0.0, 0.0, 0.0, 0.0, 0.0, 0.0, 0.0, 0.0], "FOD p proportion": [0.0, 0.0, 0.0, 0.0, 0.0, 0.0, 0.0, 0.0, 0.0, 0.0, 0.0, 0.0, 0.0, 0.0, 0.0, 0.0, 0.0, 0.0, 0.0, 0.0, 0.0, 0.0, 0.0, 0.0, 0.0, 0.0, 0.0], "FOD d proportion": [0.0, 0.0, 0.0, 0.0, 0.0, 0.0, 0.0, 0.0, 0.0, 0.0, 0.0, 0.0, 0.0, 0.0, 0.0, 0.0, 0.0, 0.0, 0.0, 0.0, 0.0, 0.0, 0.0, 0.0, 0.0, 0.0, 0.0], "coordinates": [["3.93340", "-0.22370", "0.54320"], ["2.53670", "0.10350", "1.04690"], ["1.46330", "-0.34430", "0.05330"], ["0.05880", "-0.00720", "0.56600"], ["-1.06930", "-0.54600", "-0.33810"], ["-2.44030", "-0.46580", "0.37350"], ["-2.93610", "0.94280", "0.67080"], ["-1.07760", "0.13680", "-1.71400"], ["-2.14060", "-0.37390", "-2.50860"], ["4.05370", "-1.30140", "0.39300"], ["4.13610", "0.28070", "-0.40700"], ["4.68450", "0.10410", "1.26870"], ["2.37920", "-0.38920", "2.01330"], ["2.45930", "1.18380", "1.21660"], ["1.64200", "0.14750", "-0.90910"], ["1.54540", "-1.42530", "-0.11180"], ["-0.05700", "-0.43380", "1.57060"], ["-0.03060", "1.08080", "0.67140"], ["-0.88880", "-1.61710", "-0.50620"], ["-3.19600", "-0.98160", "-0.23140"], ["-2.38300", "-1.02110", "1.31830"], ["-2.24440", "1.48460", "1.32200"], ["-3.90280", "0.89530", "1.18310"], ["-3.07780", "1.52180", "-0.24610"], ["-0.14550", "-0.05930", "-2.25180"], ["-1.19810", "1.22100", "-1.62270"], ["-2.10460", "0.08720", "-3.36390"]], "bond_dist": [[0.0, 1.5203764073412869, 2.521099042084622, 3.8807109206948147, 5.089948356319542, 6.380553439161841, 6.969005256132327, 5.507724856054448, 6.799229315150358, 1.094746281108093, 1.0947084954452486, 1.0945109866967988, 2.1457217666789883, 2.1465075401684475, 2.7381524227113436, 2.7523465552142956, 4.12589201627963, 4.175098979665033, 5.128003194226774, 7.21129405377426, 6.413543149461146, 6.456781796684785, 7.941515186033456, 7.268197175366117, 4.947370773451288, 5.754178755478492, 7.198578555520528], [1.5203764073412869, 0.0, 1.5296906092409668, 2.526560450493912, 3.9170538992972768, 5.0545127411057145, 5.549541921636416, 4.5482790360750736, 5.89462690083096, 2.168552102210136, 2.1687105408514062, 2.1592221840283132, 1.0961243086438692, 1.0962832389487673, 2.1513623799815784, 2.159280162461555, 2.7000430866932477, 2.7725700766617245, 4.136016709347293, 5.972883908967259, 5.053892678915927, 4.984178410731301, 6.489426625673489, 5.9334672949296685, 4.254658901721735, 4.724859939723081, 6.402896845959648], [2.521099042084622, 1.5296906092409668, 0.0, 1.532683251686401, 2.57059129579169, 3.918594550345825, 4.625219240209052, 3.132248283581619, 4.421798613686517, 2.7823746440765302, 2.7832285084053012, 3.4719431389353135, 2.163905917548173, 2.163416857658274, 1.095451820026787, 1.0966127028262986, 2.149772460052459, 2.155155407389453, 2.732294731539773, 4.7112930146616865, 4.10515613953964, 4.324524735736865, 5.622106847970786, 4.918694824849372, 2.8254112001618457, 3.5131453215032256, 4.959169134038484], [3.8807109206948147, 2.526560450493912, 1.532683251686401, 0.0, 1.5428259331499452, 2.548111265231564, 3.1437094410902544, 2.5515761717025027, 3.7980250670578783, 4.202869097414289, 4.201665229406075, 4.680093532185014, 2.761314442434979, 2.7575644344239714, 2.1694179726369005, 2.163423215646906, 1.0975510739824366, 1.0967431422169915, 2.153911931811512, 3.4898460080639664, 2.7488789969731298, 2.84635441925281, 4.109695027614579, 3.5826815334327446, 2.825676864045144, 2.80689874060323, 4.48701737571853], [5.089948356319542, 3.9170538992972768, 2.57059129579169, 1.5428259331499452, 0.0, 1.5467538912186387, 2.592170304976122, 1.5360291468588738, 2.4265968659833055, 5.22974811726148, 5.271088052764818, 6.0092138162991, 4.176819417930346, 4.226146955561295, 2.856244201744661, 2.7678577040736756, 2.1634407364196506, 2.178179556418616, 1.0991328718585391, 2.1734730594143565, 2.166838401911873, 2.874043907110676, 3.5242186907171353, 2.884152057364521, 2.1800300502516015, 2.1883956680637073, 3.2601003006042624], [6.380553439161841, 5.0545127411057145, 3.918594550345825, 2.548111265231564, 1.5467538912186387, 0.0, 1.5226158051195973, 2.5647093987428673, 2.899097464729325, 6.547567762917769, 6.664493938777348, 7.203398093261264, 5.091403720979116, 5.238136875836674, 4.322773755356623, 4.128190987587663, 2.6672441395567827, 2.8787792655915805, 2.1228556309838877, 1.0968300415287684, 1.0974007563328905, 2.1776338581129746, 2.155678923216535, 2.1773525598763284, 3.510491330284124, 2.893642949639779, 3.7929753822032644], [6.969005256132327, 5.549541921636416, 4.625219240209052, 3.1437094410902544, 2.592170304976122, 1.5226158051195973, 0.0, 3.1290460670945706, 3.5320112542289555, 7.346489673306566, 7.184430533452182, 7.6898924868947285, 5.641714663114398, 5.428288846404547, 4.907910523838021, 5.128762289285789, 3.31570270229404, 2.9087754485350015, 3.4827940364023826, 2.1412211959533747, 2.140579143596424, 1.0936441697371224, 1.0950874074702894, 1.0936295076487283, 4.1633212138868165, 2.891051969439498, 4.207403914529719], [5.507724856054448, 4.5482790360750736, 3.132248283581619, 2.5515761717025027, 1.5360291468588738, 2.5647093987428673, 3.1290460670945706, 0.0, 1.4220311705444435, 5.730454426134109, 5.3769530312250255, 6.488402344953648, 5.110666055417826, 4.7110812952017715, 2.836230360883967, 3.44780078455818, 3.486517729769921, 2.7708262594395916, 2.1378941718429374, 2.817186518496779, 3.498520381532742, 3.520693550992475, 4.117070038267506, 2.8414354558919688, 1.0938438919699647, 1.0946897185960962, 1.9440573988439747], [6.799229315150358, 5.89462690083096, 4.421798613686517, 3.7980250670578783, 2.4265968659833055, 2.899097464729325, 3.5320112542289555, 1.4220311705444435, 0.0, 6.902817634850279, 6.651480031541852, 7.815271543586953, 6.393465862894711, 6.120671886320978, 4.139845524895827, 4.520695543829511, 4.580922353631417, 4.084195403013915, 2.6687366374372723, 2.5824035877453393, 3.8888030562115126, 4.2589074948864525, 4.283090749680655, 3.096922436871805, 2.0360116428940187, 2.0534924080697254, 0.9723411438379023], [1.094746281108093, 2.168552102210136, 2.7823746440765302, 4.202869097414289, 5.22974811726148, 6.547567762917769, 7.346489673306566, 5.730454426134109, 6.902817634850279, 0.0, 1.774776090102636, 1.7720579505196774, 2.502285191579889, 3.065395139292812, 3.1001729806576925, 2.5615899632845225, 4.363178429768832, 4.736442746407898, 5.033540839210505, 7.283563515889734, 6.508905827402944, 6.949165461406139, 8.291902143054994, 7.696570619438244, 5.115765836118773, 6.1649778174783405, 7.346234849227188], [1.0947084954452486, 2.1687105408514062, 2.7832285084053012, 4.201665229406075, 5.271088052764818, 6.664493938777348, 7.184430533452182, 5.3769530312250255, 6.651480031541852, 1.774776090102636, 0.0, 1.7719764699340677, 3.0648516619895325, 2.502663543107623, 2.5476227075452127, 3.115975855169613, 4.690788805734064, 4.377727202556139, 5.372253297267358, 7.4420378297882905, 6.868042526076844, 6.719344942775299, 8.217667818791412, 7.321650854144849, 4.674503781151535, 5.551196287287993, 6.908475689325396], [1.0945109866967988, 2.1592221840283132, 3.4719431389353135, 4.680093532185014, 6.0092138162991, 7.203398093261264, 7.6898924868947285, 6.488402344953648, 7.815271543586953, 1.7720579505196774, 1.7719764699340677, 0.0, 2.4722827791334874, 2.4738596443614176, 3.7418581814387353, 3.754836004408182, 4.781453991203931, 4.852100389522047, 6.097087201278984, 8.09514204631395, 7.156681594845477, 7.065286713927469, 8.624096827494458, 8.034786470093652, 5.979090215910778, 6.649258780495763, 8.219072160530043], [2.1457217666789883, 1.0961243086438692, 2.163905917548173, 2.761314442434979, 4.176819417930346, 5.091403720979116, 5.641714663114398, 5.110666055417826, 6.393465862894711, 2.502285191579889, 3.0648516619895325, 2.4722827791334874, 0.0, 1.765071075056186, 3.061361215211299, 2.5069454840502616, 2.4764981102354993, 3.125497024474668, 4.305280787590979, 6.039244231689922, 4.853954207653797, 5.0365364180158565, 6.465500467094562, 6.207709590501153, 4.967295250938885, 5.34886112457596, 7.017528000656642], [2.1465075401684475, 1.0962832389487673, 2.163416857658274, 2.7575644344239714, 4.226146955561295, 5.238136875836674, 5.428288846404547, 4.7110812952017715, 6.120671886320978, 3.065395139292812, 2.502663543107623, 2.4738596443614176, 1.765071075056186, 0.0, 2.502098613164557, 3.0671261108731733, 3.0122601896250596, 2.5509711974069798, 4.692851399735559, 6.226401789958628, 5.3216347291034545, 4.714486556349482, 6.368726003683939, 5.737003721456, 4.512214446366662, 4.630289741474069, 6.558406439067344], [2.7381524227113436, 2.1513623799815784, 1.095451820026787, 2.1694179726369005, 2.856244201744661, 4.322773755356623, 4.907910523838021, 2.836230360883967, 4.139845524895827, 3.1001729806576925, 2.5476227075452127, 3.7418581814387353, 3.061361215211299, 2.502098613164557, 0.0, 1.7659894365482485, 3.061604608697864, 2.4832679879545823, 3.1114450356707253, 5.014019156325592, 4.746320861467333, 4.676510299357846, 5.973383691007971, 4.960320708381666, 2.2451649783479164, 3.1189413620650193, 4.479585995379484], [2.7523465552142956, 2.159280162461555, 1.0966127028262986, 2.163423215646906, 2.7678577040736756, 4.128190987587663, 5.128762289285789, 3.44780078455818, 4.520695543829511, 2.5615899632845225, 3.115975855169613, 3.754836004408182, 2.5069454840502616, 3.0671261108731733, 1.7659894365482485, 0.0, 2.5261092157703713, 3.0623055775020234, 2.4733920514144137, 4.763617093134166, 4.200105976043938, 4.988575396844274, 6.061751694848611, 5.484287842555312, 3.0503604393579455, 4.100306665360531, 5.117256165172895], [4.12589201627963, 2.7000430866932477, 2.149772460052459, 1.0975510739824366, 2.1634407364196506, 2.6672441395567827, 3.31570270229404, 3.486517729769921, 4.580922353631417, 4.363178429768832, 4.690788805734064, 4.781453991203931, 2.4764981102354993, 3.0122601896250596, 3.061604608697864, 2.5261092157703713, 0.0, 1.7616102747202629, 2.5308473620509, 3.6606843403932006, 2.412229794194575, 2.920064944483256, 4.087400237314667, 4.031129232609642, 3.8417215229633705, 3.773279361510356, 5.367811193587196], [4.175098979665033, 2.7725700766617245, 2.155155407389453, 1.0967431422169915, 2.178179556418616, 2.8787792655915805, 2.9087754485350015, 2.7708262594395916, 4.084195403013915, 4.736442746407898, 4.377727202556139, 4.852100389522047, 3.125497024474668, 2.5509711974069798, 2.4832679879545823, 3.0623055775020234, 1.7616102747202629, 0.0, 3.0662539702379514, 3.884365940536499, 3.220287095896886, 2.3424869775518493, 3.910265973050938, 3.212742611850504, 3.13976563775069, 2.577907504159139, 4.6446058013570966], [5.128003194226774, 4.136016709347293, 2.732294731539773, 2.153911931811512, 1.0991328718585391, 2.1228556309838877, 3.4827940364023826, 2.1378941718429374, 2.6687366374372723, 5.033540839210505, 5.372253297267358, 6.097087201278984, 4.305280787590979, 4.692851399735559, 3.1114450356707253, 2.4733920514144137, 2.5308473620509, 3.0662539702379514, 0.0, 2.4088476767948612, 2.4324164713305163, 3.847143029574024, 4.272011733364037, 3.835631137114204, 2.454863558326613, 3.0654608707337956, 3.5424931079678905], [7.21129405377426, 5.972883908967259, 4.7112930146616865, 3.4898460080639664, 2.1734730594143565, 1.0968300415287684, 2.1412211959533747, 2.817186518496779, 2.5824035877453393, 7.283563515889734, 7.4420378297882905, 8.09514204631395, 6.039244231689922, 6.226401789958628, 5.014019156325592, 4.763617093134166, 3.6606843403932006, 3.884365940536499, 2.4088476767948612, 0.0, 1.750456894642082, 3.0660620606895743, 2.454206613144052, 2.506232010409252, 3.773354436042286, 3.283103236269003, 3.485117451392421], [6.413543149461146, 5.053892678915927, 4.10515613953964, 2.7488789969731298, 2.166838401911873, 1.0974007563328905, 2.140579143596424, 3.498520381532742, 3.8888030562115126, 6.508905827402944, 6.868042526076844, 7.156681594845477, 4.853954207653797, 5.3216347291034545, 4.746320861467333, 4.200105976043938, 2.412229794194575, 3.220287095896886, 2.4324164713305163, 1.750456894642082, 0.0, 2.5095330521832144, 2.4496244691788984, 3.0653604698305874, 4.321698682231328, 3.883359553273428, 4.8196298913920765], [6.456781796684785, 4.984178410731301, 4.324524735736865, 2.84635441925281, 2.874043907110676, 2.1776338581129746, 1.0936441697371224, 3.520693550992475, 4.2589074948864525, 6.949165461406139, 6.719344942775299, 7.065286713927469, 5.0365364180158565, 4.714486556349482, 4.676510299357846, 4.988575396844274, 2.920064944483256, 2.3424869775518493, 3.847143029574024, 3.0660620606895743, 2.5095330521832144, 0.0, 1.7654626192587592, 1.776197345454609, 4.422788131936686, 3.1361579583943153, 4.891822728799563], [7.941515186033456, 6.489426625673489, 5.622106847970786, 4.109695027614579, 3.5242186907171353, 2.155678923216535, 1.0950874074702894, 4.117070038267506, 4.283090749680655, 8.291902143054994, 8.217667818791412, 8.624096827494458, 6.465500467094562, 6.368726003683939, 5.973383691007971, 6.061751694848611, 4.087400237314667, 3.910265973050938, 4.272011733364037, 2.454206613144052, 2.4496244691788984, 1.7654626192587592, 0.0, 1.7651458551632497, 5.179488629198833, 3.9107539196426053, 4.955982026803569], [7.268197175366117, 5.9334672949296685, 4.918694824849372, 3.5826815334327446, 2.884152057364521, 2.1773525598763284, 1.0936295076487283, 2.8414354558919688, 3.096922436871805, 7.696570619438244, 7.321650854144849, 8.034786470093652, 6.207709590501153, 5.737003721456, 4.960320708381666, 5.484287842555312, 4.031129232609642, 3.212742611850504, 3.835631137114204, 2.506232010409252, 3.0653604698305874, 1.776197345454609, 1.7651458551632497, 0.0, 3.8885849598536475, 2.3492084390279206, 3.5673340522020083], [4.947370773451288, 4.254658901721735, 2.8254112001618457, 2.825676864045144, 2.1800300502516015, 3.510491330284124, 4.1633212138868165, 1.0938438919699647, 2.0360116428940187, 5.115765836118773, 4.674503781151535, 5.979090215910778, 4.967295250938885, 4.512214446366662, 2.2451649783479164, 3.0503604393579455, 3.8417215229633705, 3.13976563775069, 2.454863558326613, 3.773354436042286, 4.321698682231328, 4.422788131936686, 5.179488629198833, 3.8885849598536475, 0.0, 1.7728230763389785, 2.2574989413065074], [5.754178755478492, 4.724859939723081, 3.5131453215032256, 2.80689874060323, 2.1883956680637073, 2.893642949639779, 2.891051969439498, 1.0946897185960962, 2.0534924080697254, 6.1649778174783405, 5.551196287287993, 6.649258780495763, 5.34886112457596, 4.630289741474069, 3.1189413620650193, 4.100306665360531, 3.773279361510356, 2.577907504159139, 3.0654608707337956, 3.283103236269003, 3.883359553273428, 3.1361579583943153, 3.9107539196426053, 2.3492084390279206, 1.7728230763389785, 0.0, 2.266941139509361], [7.198578555520528, 6.402896845959648, 4.959169134038484, 4.48701737571853, 3.2601003006042624, 3.7929753822032644, 4.207403914529719, 1.9440573988439747, 0.9723411438379023, 7.346234849227188, 6.908475689325396, 8.219072160530043, 7.017528000656642, 6.558406439067344, 4.479585995379484, 5.117256165172895, 5.367811193587196, 4.6446058013570966, 3.5424931079678905, 3.485117451392421, 4.8196298913920765, 4.891822728799563, 4.955982026803569, 3.5673340522020083, 2.2574989413065074, 2.266941139509361, 0.0]]}