{"total energy": -42.39377384, "HOMO-LUMO gap/eV": 4.19988694, "electronic energy": -42.90430477, "dipole": [0.74977958, 0.08446309, -0.27546604], "partial charges": [-0.10133819, -0.05368957, -0.06270086, -0.00258594, -0.11527602, 0.01030791, -0.10661926, 0.29445895, -0.44547699, -0.18658302, 0.00841838, -0.05275649, -0.10264167, 0.03313187, 0.0363021, 0.03297021, 0.0355752, 0.03940726, 0.04082288, 0.03854849, 0.06215931, 0.04763139, 0.04455983, 0.06377711, 0.0436393, 0.0524298, 0.036325, 0.05487087, 0.05575081, 0.04165291, 0.04172704, 0.03749146, 0.03740208, 0.04030787], "atomic dipole moments": [[-0.07476872, -0.06003338, -0.04537537], [0.11350234, -0.04219726, 0.00189887], [-0.12032128, 0.00811642, -0.02196378], [-0.06240697, -0.00146966, 0.14513468], [0.03674985, -0.03187018, -0.01142884], [-0.06105019, 0.05683183, -0.15128131], [0.02653508, 0.10449202, 0.05658488], [-0.00404061, 0.04052777, -0.03257356], [0.1269384, 0.0789289, -0.11129149], [-0.31675436, -0.24045075, 0.33900654], [0.11582165, 0.04631603, -0.08512465], [-0.04101923, -0.08193155, 0.08839831], [0.10721859, -0.01339787, -0.02989271], [0.08908725, 0.03296538, -0.08229856], [-0.05038032, 0.1057704, 0.04564834], [0.05485898, -0.06021846, 0.09572616], [-0.08751439, -0.02088738, 0.08801837], [-0.0540089, 0.06988909, -0.08965939], [0.09017907, 0.02747511, -0.0796125], [0.06013369, -0.06059363, 0.09006556], [-0.04416841, 0.06389851, -0.10691204], [0.05570346, -0.09351876, -0.05186055], [0.11909028, 0.0043603, 0.03214911], [-0.06353322, 0.00185342, 0.11166162], [0.03292339, -0.09777476, 0.07425968], [-0.12663638, -0.01533946, -0.02994139], [0.06185824, -0.01313893, -0.10790575], [-0.0038528, 0.02420106, 0.12789671], [-0.06300632, -0.11114805, -0.02479987], [0.00234532, -0.01933684, -0.12421276], [0.05878287, 0.10911742, 0.02072683], [-0.06841735, -0.10383989, -0.02427833], [-0.01094142, 0.02699552, 0.12328476], [-0.05220601, 0.09519148, -0.06407587]], "atomic quadrupole moments": [[0.06357773, 0.13825199, -0.00374768, 0.10855186, 0.09211656, -0.05983004], [0.02315408, 0.01867505, 0.11242118, 0.06126651, 0.19042824, -0.13557525], [0.00108569, 0.03918014, 0.10558935, 0.06285833, 0.18840166, -0.10667505], [0.11391477, 0.17958645, -0.10258303, -0.09841319, -0.01812129, -0.01133175], [-0.03568698, 0.02148979, 0.01730737, -0.02941614, -0.05735767, 0.01837961], [-0.17835223, -0.05681864, 0.22479987, 0.10012261, -0.09319227, -0.04644765], [-0.13165506, 0.0517667, 0.1693064, 0.02902513, 0.14033543, -0.03765134], [-0.2862718, 0.06235131, 0.12404377, 0.16324102, 0.22069406, 0.16222804], [-0.06699284, 0.02883242, 0.02289899, 0.04214348, 0.08683124, 0.04409385], [0.24377404, -0.21956795, -0.05913693, -0.10120053, -0.36148983, -0.18463711], [0.31392891, -0.16041792, -0.12821592, -0.11547469, -0.13573539, -0.185713], [0.15116324, -0.14864773, -0.03130889, -0.02406238, -0.13522146, -0.11985435], [0.21539988, -0.0442453, -0.11719414, -0.09655598, 0.00313378, -0.09820574], [0.01468509, 0.02380312, -0.04381235, -0.05336232, -0.01203684, 0.02912726], [-0.00575703, -0.04242624, 0.04079575, -0.01305727, 0.04138828, -0.03503872], [-0.02068336, -0.01631816, 0.00161957, 0.03992742, -0.05296447, 0.01906378], [0.00390586, 0.02387846, -0.01585584, -0.0379045, -0.01148716, 0.01194998], [-0.02392772, -0.01154874, -0.00156153, 0.02874222, -0.02720916, 0.02548925], [-0.00027674, 0.02121701, -0.01392831, -0.04813738, -0.01044582, 0.01420506], [-0.0373714, -0.01761576, 0.00757679, 0.0236904, -0.0299446, 0.02979461], [0.01928705, -0.01830441, 0.00041515, 0.0271709, -0.03504261, -0.0197022], [0.00418495, -0.02152008, 0.03209969, -0.02248125, 0.01676012, -0.03628465], [0.05147916, 0.00640684, -0.0105424, 0.00461054, -0.0062692, -0.04093676], [-0.00787451, -0.00623081, -0.00325034, -0.0385602, -3.179e-05, 0.01112486], [-0.04116749, -0.02506873, 0.02895381, 0.02837971, -0.05355948, 0.01221369], [0.07349004, -0.00508673, -0.03615453, 0.01693697, 0.01102389, -0.03733551], [-0.00464278, 0.01102728, -0.03948936, -0.05930273, 0.00431567, 0.04413214], [-0.00508159, -0.00726734, -0.03263488, -0.00178574, 0.01936362, 0.03771647], [0.00964975, 0.02212407, 0.0223333, 0.00327496, 0.01923466, -0.03198304], [-0.01886204, -0.01294292, -0.02527576, 0.00150606, 0.02341042, 0.0441378], [0.00400879, 0.02477588, 0.02832723, 0.01594176, 0.01978586, -0.03233601], [-0.00909935, 0.04462326, 0.04978947, 0.00286086, 0.0287901, -0.04069011], [-0.02725537, 0.00259828, -0.04755445, 0.00205133, 0.02510403, 0.07480982], [-0.01600758, -0.03382137, 0.02528464, 0.01517567, -0.05710332, -0.00927706]], "number of molecular orbitals": 78, "number of electrons": 78, "number of unpaired electrons": 0, "orbital energies/eV": [-19.54200009, -18.86860137, -17.92151073, -17.36863006, -17.17724073, -17.02795463, -16.83389375, -16.2367088, -16.12010981, -16.06014625, -15.41434096, -15.40231222, -15.14413731, -15.0042023, -14.78772112, -14.4376495, -14.21195806, -14.03026398, -13.81819334, -13.73848813, -13.6644955, -13.56122056, -13.44357047, -13.2360809, -12.94552642, -12.91627233, -12.78556249, -12.69943453, -12.38782585, -12.30482921, -12.18625141, -12.10623063, -12.01813394, -11.88831856, -11.85986604, -11.66238511, -10.81071067, -10.63761003, -10.12515682, -5.92526988, -5.3483695, -3.74558981, -0.91415069, -0.05381605, 0.04401864, 1.09604137, 1.68717114, 2.32392973, 2.76729058, 2.91722983, 3.07297649, 3.30297394, 3.41768571, 3.59782599, 3.67198614, 3.9102428, 3.97192171, 4.24950722, 4.39083844, 4.44433172, 4.62489255, 4.86181569, 5.09797605, 5.38997862, 5.63025816, 5.86535048, 6.00366648, 6.17771525, 6.50425656, 6.75914274, 6.8462922, 7.07337545, 7.18584887, 7.86856193, 8.05313741, 9.61225629, 13.49152905, 16.09430528], "fractional occupation": [2.0, 2.0, 2.0, 2.0, 2.0, 2.0, 2.0, 2.0, 2.0, 2.0, 2.0, 2.0, 2.0, 2.0, 2.0, 2.0, 2.0, 2.0, 2.0, 2.0, 2.0, 2.0, 2.0, 2.0, 2.0, 2.0, 2.0, 2.0, 2.0, 2.0, 2.0, 2.0, 2.0, 2.0, 2.0, 2.0, 2.0, 2.0, 2.0, 0.0, 0.0, 0.0, 0.0, 0.0, 0.0, 0.0, 0.0, 0.0, 0.0, 0.0, 0.0, 0.0, 0.0, 0.0, 0.0, 0.0, 0.0, 0.0, 0.0, 0.0, 0.0, 0.0, 0.0, 0.0, 0.0, 0.0, 0.0, 0.0, 0.0, 0.0, 0.0, 0.0, 0.0, 0.0, 0.0, 0.0, 0.0, 0.0], "program call": "xtb /home/svss/Project-DBcg-Debug/aqme2_20220329/End-to-End-workflows-final/example-3/QDESCP/mol_575_rdkit_conf_14/mol_575_rdkit_conf_14.xyz --pop --wbo --acc 0.2 --gfn 2 --chrg 0 --uhf 0 --etemp 300 --input /home/svss/Project-DBcg-Debug/aqme2_20220329/End-to-End-workflows-final/example-3/QDESCP/mol_575_rdkit_conf_14/mol_575_rdkit_conf_14_xtb.inp", "method": "GFN2-xTB", "xtb version": "6.3.3 (7355c4f)", "Dipole module/D": 2.042, "Total charge": 0, "Transition dipole module/D": NaN, "HOMO": -10.1252, "LUMO": -5.9253, "HOMO occupancy": 2.0, "LUMO occupancy": 0, "mulliken charges": [-0.08354, -0.03865, -0.05759, 0.08756, -0.29648, 0.10301, -0.09424, 0.4971, -0.562, -0.12827, 0.03344, -0.04206, -0.08372, 0.0264, 0.03163, 0.02801, 0.02918, 0.02249, 0.02838, 0.02995, 0.03429, 0.03197, 0.02151, 0.05169, 0.03176, 0.04902, 0.02568, 0.04044, 0.04107, 0.02605, 0.02566, 0.02999, 0.02983, 0.03044], "cm5 charges": [-0.23392, -0.14961, -0.16317, 0.03785, -0.54912, 0.05291, -0.23865, 0.60554, -0.60974, -0.16276, -0.05716, -0.15158, -0.23399, 0.07768, 0.08241, 0.07932, 0.08694, 0.07827, 0.08362, 0.08753, 0.10132, 0.09747, 0.0868, 0.12069, 0.08301, 0.10398, 0.07917, 0.09943, 0.10012, 0.08119, 0.0808, 0.0813, 0.08112, 0.08122], "FUKUI+": [0.009, 0.001, 0.011, 0.016, -0.061, 0.021, 0.015, -0.04, -0.143, -0.38, 0.026, 0.011, 0.016, -0.016, -0.015, -0.014, 0.013, 0.006, -0.031, -0.023, -0.005, -0.044, -0.043, -0.023, -0.037, -0.006, -0.02, -0.063, -0.06, -0.023, -0.025, -0.02, -0.02, -0.035], "FUKUI-": [0.009, 0.002, 0.004, 0.017, -0.088, 0.014, 0.006, 0.026, -0.068, -0.288, 0.037, 0.01, 0.013, -0.033, -0.034, -0.028, -0.009, -0.018, -0.037, -0.03, -0.024, -0.056, -0.041, -0.04, -0.042, -0.02, -0.026, -0.057, -0.059, -0.032, -0.03, -0.023, -0.023, -0.03], "FUKUIrad": [0.009, 0.002, 0.007, 0.017, -0.075, 0.018, 0.011, -0.007, -0.106, -0.334, 0.032, 0.011, 0.015, -0.025, -0.024, -0.021, 0.002, -0.006, -0.034, -0.026, -0.015, -0.05, -0.042, -0.032, -0.039, -0.013, -0.023, -0.06, -0.06, -0.027, -0.027, -0.022, -0.022, -0.032], "s proportion": [1.008, 1.026, 1.036, 1.009, 1.447, 1.003, 1.011, 0.996, 1.73, 1.925, 1.038, 1.028, 1.008, 0.974, 0.968, 0.972, 0.971, 0.978, 0.972, 0.97, 0.966, 0.968, 0.978, 0.948, 0.968, 0.951, 0.974, 0.96, 0.959, 0.974, 0.974, 0.97, 0.97, 0.97], "p proportion": [3.076, 3.012, 3.022, 2.903, 3.85, 2.894, 3.083, 2.507, 4.832, 4.203, 2.929, 3.014, 3.075, 0.0, 0.0, 0.0, 0.0, 0.0, 0.0, 0.0, 0.0, 0.0, 0.0, 0.0, 0.0, 0.0, 0.0, 0.0, 0.0, 0.0, 0.0, 0.0, 0.0, 0.0], "d proportion": [0.0, 0.0, 0.0, 0.0, 0.0, 0.0, 0.0, 0.0, 0.0, 0.001, 0.0, 0.0, 0.0, 0.0, 0.0, 0.0, 0.0, 0.0, 0.0, 0.0, 0.0, 0.0, 0.0, 0.0, 0.0, 0.0, 0.0, 0.0, 0.0, 0.0, 0.0, 0.0, 0.0, 0.0], "Fermi-level/eV": -8.0252, "Coordination numbers": [3.75, 3.799, 3.8, 3.736, 2.759, 3.744, 3.749, 2.75, 0.88, 2.041, 3.795, 3.84, 3.75, 0.924, 0.924, 0.924, 0.924, 0.924, 0.924, 0.924, 0.924, 0.924, 0.924, 0.924, 0.924, 0.924, 0.924, 0.924, 0.924, 0.924, 0.924, 0.924, 0.924, 0.924], "Dispersion coefficient C6": [22.499, 21.54, 21.705, 20.71, 23.51, 20.473, 22.603, 22.005, 22.6, 148.972, 20.442, 21.491, 22.524, 2.542, 2.499, 2.545, 2.509, 2.457, 2.438, 2.468, 2.174, 2.35, 2.389, 2.155, 2.401, 2.29, 2.498, 2.26, 2.25, 2.427, 2.426, 2.483, 2.484, 2.445], "Total dispersion C6": 10116.594576, "Total dispersion C8": 241424.439861, "Polarizability alpha": [6.765, 6.608, 6.633, 6.494, 7.201, 6.455, 6.781, 7.681, 6.374, 20.543, 6.438, 6.595, 6.768, 2.494, 2.472, 2.495, 2.477, 2.451, 2.442, 2.457, 2.306, 2.397, 2.417, 2.296, 2.423, 2.366, 2.472, 2.351, 2.346, 2.436, 2.436, 2.464, 2.465, 2.445], "Total polarizability alpha": 152.244308, "Wiberg matrix": [[0.0, 1.0198418189375118, 0.0, 0.0, 0.0, 0.0, 0.0, 0.0, 0.0, 0.0, 0.0, 0.0, 0.0, 0.9875729978549308, 0.9870470768077345, 0.9876131276026489, 0.0, 0.0, 0.0, 0.0, 0.0, 0.0, 0.0, 0.0, 0.0, 0.0, 0.0, 0.0, 0.0, 0.0, 0.0, 0.0, 0.0, 0.0], [1.0198418189375118, 0.0, 1.0086497361591713, 0.0, 0.0, 0.0, 0.0, 0.0, 0.0, 0.0, 0.0, 0.0, 0.0, 0.0, 0.0, 0.0, 0.977544718656021, 0.9770077275595369, 0.0, 0.0, 0.0, 0.0, 0.0, 0.0, 0.0, 0.0, 0.0, 0.0, 0.0, 0.0, 0.0, 0.0, 0.0, 0.0], [0.0, 1.0086497361591713, 0.0, 0.9964497093156971, 0.0, 0.0, 0.0, 0.0, 0.0, 0.0, 0.0, 0.0, 0.0, 0.0, 0.0, 0.0, 0.0, 0.0, 0.9731880810600657, 0.9729292910106597, 0.0, 0.0, 0.0, 0.0, 0.0, 0.0, 0.0, 0.0, 0.0, 0.0, 0.0, 0.0, 0.0, 0.0], [0.0, 0.0, 0.9964497093156971, 0.0, 0.9856674689826455, 0.0, 0.0, 0.0, 0.0, 0.0, 0.0, 0.0, 0.0, 0.0, 0.0, 0.0, 0.0, 0.0, 0.0, 0.0, 0.9633697984621316, 0.9667275265292953, 0.0, 0.0, 0.0, 0.0, 0.0, 0.0, 0.0, 0.0, 0.0, 0.0, 0.0, 0.0], [0.0, 0.0, 0.0, 0.9856674689826455, 0.0, 0.979826661547486, 0.0, 1.2113421130964206, 0.17067236125274965, 0.0, 0.0, 0.0, 0.0, 0.0, 0.0, 0.0, 0.0, 0.0, 0.0, 0.0, 0.0, 0.0, 0.0, 0.0, 0.0, 0.0, 0.0, 0.0, 0.0, 0.0, 0.0, 0.0, 0.0, 0.0], [0.0, 0.0, 0.0, 0.0, 0.979826661547486, 0.0, 1.010993104642762, 0.0, 0.0, 0.0, 0.0, 0.0, 0.0, 0.0, 0.0, 0.0, 0.0, 0.0, 0.0, 0.0, 0.0, 0.0, 0.9693061875480226, 0.9685748089429134, 0.0, 0.0, 0.0, 0.0, 0.0, 0.0, 0.0, 0.0, 0.0, 0.0], [0.0, 0.0, 0.0, 0.0, 0.0, 1.010993104642762, 0.0, 0.0, 0.0, 0.0, 0.0, 0.0, 0.0, 0.0, 0.0, 0.0, 0.0, 0.0, 0.0, 0.0, 0.0, 0.0, 0.0, 0.0, 0.9839360233142944, 0.9857502212805462, 0.9858186684783271, 0.0, 0.0, 0.0, 0.0, 0.0, 0.0, 0.0], [0.0, 0.0, 0.0, 0.0, 1.2113421130964206, 0.0, 0.0, 0.0, 1.6572594010625092, 1.0225428352881796, 0.0, 0.0, 0.0, 0.0, 0.0, 0.0, 0.0, 0.0, 0.0, 0.0, 0.0, 0.0, 0.0, 0.0, 0.0, 0.0, 0.0, 0.0, 0.0, 0.0, 0.0, 0.0, 0.0, 0.0], [0.0, 0.0, 0.0, 0.0, 0.17067236125274965, 0.0, 0.0, 1.6572594010625092, 0.0, 0.16031083807756216, 0.0, 0.0, 0.0, 0.0, 0.0, 0.0, 0.0, 0.0, 0.0, 0.0, 0.0, 0.0, 0.0, 0.0, 0.0, 0.0, 0.0, 0.0, 0.0, 0.0, 0.0, 0.0, 0.0, 0.0], [0.0, 0.0, 0.0, 0.0, 0.0, 0.0, 0.0, 1.0225428352881796, 0.16031083807756216, 0.0, 0.9802126330913727, 0.0, 0.0, 0.0, 0.0, 0.0, 0.0, 0.0, 0.0, 0.0, 0.0, 0.0, 0.0, 0.0, 0.0, 0.0, 0.0, 0.0, 0.0, 0.0, 0.0, 0.0, 0.0, 0.0], [0.0, 0.0, 0.0, 0.0, 0.0, 0.0, 0.0, 0.0, 0.0, 0.9802126330913727, 0.0, 1.0103219298558466, 0.0, 0.0, 0.0, 0.0, 0.0, 0.0, 0.0, 0.0, 0.0, 0.0, 0.0, 0.0, 0.0, 0.0, 0.0, 0.9728420735260648, 0.9727233568106978, 0.0, 0.0, 0.0, 0.0, 0.0], [0.0, 0.0, 0.0, 0.0, 0.0, 0.0, 0.0, 0.0, 0.0, 0.0, 1.0103219298558466, 0.0, 1.0155132254222055, 0.0, 0.0, 0.0, 0.0, 0.0, 0.0, 0.0, 0.0, 0.0, 0.0, 0.0, 0.0, 0.0, 0.0, 0.0, 0.0, 0.9772873383302412, 0.9772870372164044, 0.0, 0.0, 0.0], [0.0, 0.0, 0.0, 0.0, 0.0, 0.0, 0.0, 0.0, 0.0, 0.0, 0.0, 1.0155132254222055, 0.0, 0.0, 0.0, 0.0, 0.0, 0.0, 0.0, 0.0, 0.0, 0.0, 0.0, 0.0, 0.0, 0.0, 0.0, 0.0, 0.0, 0.0, 0.0, 0.9872446434183146, 0.9872403520510907, 0.9856136273378606], [0.9875729978549308, 0.0, 0.0, 0.0, 0.0, 0.0, 0.0, 0.0, 0.0, 0.0, 0.0, 0.0, 0.0, 0.0, 0.0, 0.0, 0.0, 0.0, 0.0, 0.0, 0.0, 0.0, 0.0, 0.0, 0.0, 0.0, 0.0, 0.0, 0.0, 0.0, 0.0, 0.0, 0.0, 0.0], [0.9870470768077345, 0.0, 0.0, 0.0, 0.0, 0.0, 0.0, 0.0, 0.0, 0.0, 0.0, 0.0, 0.0, 0.0, 0.0, 0.0, 0.0, 0.0, 0.0, 0.0, 0.0, 0.0, 0.0, 0.0, 0.0, 0.0, 0.0, 0.0, 0.0, 0.0, 0.0, 0.0, 0.0, 0.0], [0.9876131276026489, 0.0, 0.0, 0.0, 0.0, 0.0, 0.0, 0.0, 0.0, 0.0, 0.0, 0.0, 0.0, 0.0, 0.0, 0.0, 0.0, 0.0, 0.0, 0.0, 0.0, 0.0, 0.0, 0.0, 0.0, 0.0, 0.0, 0.0, 0.0, 0.0, 0.0, 0.0, 0.0, 0.0], [0.0, 0.977544718656021, 0.0, 0.0, 0.0, 0.0, 0.0, 0.0, 0.0, 0.0, 0.0, 0.0, 0.0, 0.0, 0.0, 0.0, 0.0, 0.0, 0.0, 0.0, 0.0, 0.0, 0.0, 0.0, 0.0, 0.0, 0.0, 0.0, 0.0, 0.0, 0.0, 0.0, 0.0, 0.0], [0.0, 0.9770077275595369, 0.0, 0.0, 0.0, 0.0, 0.0, 0.0, 0.0, 0.0, 0.0, 0.0, 0.0, 0.0, 0.0, 0.0, 0.0, 0.0, 0.0, 0.0, 0.0, 0.0, 0.0, 0.0, 0.0, 0.0, 0.0, 0.0, 0.0, 0.0, 0.0, 0.0, 0.0, 0.0], [0.0, 0.0, 0.9731880810600657, 0.0, 0.0, 0.0, 0.0, 0.0, 0.0, 0.0, 0.0, 0.0, 0.0, 0.0, 0.0, 0.0, 0.0, 0.0, 0.0, 0.0, 0.0, 0.0, 0.0, 0.0, 0.0, 0.0, 0.0, 0.0, 0.0, 0.0, 0.0, 0.0, 0.0, 0.0], [0.0, 0.0, 0.9729292910106597, 0.0, 0.0, 0.0, 0.0, 0.0, 0.0, 0.0, 0.0, 0.0, 0.0, 0.0, 0.0, 0.0, 0.0, 0.0, 0.0, 0.0, 0.0, 0.0, 0.0, 0.0, 0.0, 0.0, 0.0, 0.0, 0.0, 0.0, 0.0, 0.0, 0.0, 0.0], [0.0, 0.0, 0.0, 0.9633697984621316, 0.0, 0.0, 0.0, 0.0, 0.0, 0.0, 0.0, 0.0, 0.0, 0.0, 0.0, 0.0, 0.0, 0.0, 0.0, 0.0, 0.0, 0.0, 0.0, 0.0, 0.0, 0.0, 0.0, 0.0, 0.0, 0.0, 0.0, 0.0, 0.0, 0.0], [0.0, 0.0, 0.0, 0.9667275265292953, 0.0, 0.0, 0.0, 0.0, 0.0, 0.0, 0.0, 0.0, 0.0, 0.0, 0.0, 0.0, 0.0, 0.0, 0.0, 0.0, 0.0, 0.0, 0.0, 0.0, 0.0, 0.0, 0.0, 0.0, 0.0, 0.0, 0.0, 0.0, 0.0, 0.0], [0.0, 0.0, 0.0, 0.0, 0.0, 0.9693061875480226, 0.0, 0.0, 0.0, 0.0, 0.0, 0.0, 0.0, 0.0, 0.0, 0.0, 0.0, 0.0, 0.0, 0.0, 0.0, 0.0, 0.0, 0.0, 0.0, 0.0, 0.0, 0.0, 0.0, 0.0, 0.0, 0.0, 0.0, 0.0], [0.0, 0.0, 0.0, 0.0, 0.0, 0.9685748089429134, 0.0, 0.0, 0.0, 0.0, 0.0, 0.0, 0.0, 0.0, 0.0, 0.0, 0.0, 0.0, 0.0, 0.0, 0.0, 0.0, 0.0, 0.0, 0.0, 0.0, 0.0, 0.0, 0.0, 0.0, 0.0, 0.0, 0.0, 0.0], [0.0, 0.0, 0.0, 0.0, 0.0, 0.0, 0.9839360233142944, 0.0, 0.0, 0.0, 0.0, 0.0, 0.0, 0.0, 0.0, 0.0, 0.0, 0.0, 0.0, 0.0, 0.0, 0.0, 0.0, 0.0, 0.0, 0.0, 0.0, 0.0, 0.0, 0.0, 0.0, 0.0, 0.0, 0.0], [0.0, 0.0, 0.0, 0.0, 0.0, 0.0, 0.9857502212805462, 0.0, 0.0, 0.0, 0.0, 0.0, 0.0, 0.0, 0.0, 0.0, 0.0, 0.0, 0.0, 0.0, 0.0, 0.0, 0.0, 0.0, 0.0, 0.0, 0.0, 0.0, 0.0, 0.0, 0.0, 0.0, 0.0, 0.0], [0.0, 0.0, 0.0, 0.0, 0.0, 0.0, 0.9858186684783271, 0.0, 0.0, 0.0, 0.0, 0.0, 0.0, 0.0, 0.0, 0.0, 0.0, 0.0, 0.0, 0.0, 0.0, 0.0, 0.0, 0.0, 0.0, 0.0, 0.0, 0.0, 0.0, 0.0, 0.0, 0.0, 0.0, 0.0], [0.0, 0.0, 0.0, 0.0, 0.0, 0.0, 0.0, 0.0, 0.0, 0.0, 0.9728420735260648, 0.0, 0.0, 0.0, 0.0, 0.0, 0.0, 0.0, 0.0, 0.0, 0.0, 0.0, 0.0, 0.0, 0.0, 0.0, 0.0, 0.0, 0.0, 0.0, 0.0, 0.0, 0.0, 0.0], [0.0, 0.0, 0.0, 0.0, 0.0, 0.0, 0.0, 0.0, 0.0, 0.0, 0.9727233568106978, 0.0, 0.0, 0.0, 0.0, 0.0, 0.0, 0.0, 0.0, 0.0, 0.0, 0.0, 0.0, 0.0, 0.0, 0.0, 0.0, 0.0, 0.0, 0.0, 0.0, 0.0, 0.0, 0.0], [0.0, 0.0, 0.0, 0.0, 0.0, 0.0, 0.0, 0.0, 0.0, 0.0, 0.0, 0.9772873383302412, 0.0, 0.0, 0.0, 0.0, 0.0, 0.0, 0.0, 0.0, 0.0, 0.0, 0.0, 0.0, 0.0, 0.0, 0.0, 0.0, 0.0, 0.0, 0.0, 0.0, 0.0, 0.0], [0.0, 0.0, 0.0, 0.0, 0.0, 0.0, 0.0, 0.0, 0.0, 0.0, 0.0, 0.9772870372164044, 0.0, 0.0, 0.0, 0.0, 0.0, 0.0, 0.0, 0.0, 0.0, 0.0, 0.0, 0.0, 0.0, 0.0, 0.0, 0.0, 0.0, 0.0, 0.0, 0.0, 0.0, 0.0], [0.0, 0.0, 0.0, 0.0, 0.0, 0.0, 0.0, 0.0, 0.0, 0.0, 0.0, 0.0, 0.9872446434183146, 0.0, 0.0, 0.0, 0.0, 0.0, 0.0, 0.0, 0.0, 0.0, 0.0, 0.0, 0.0, 0.0, 0.0, 0.0, 0.0, 0.0, 0.0, 0.0, 0.0, 0.0], [0.0, 0.0, 0.0, 0.0, 0.0, 0.0, 0.0, 0.0, 0.0, 0.0, 0.0, 0.0, 0.9872403520510907, 0.0, 0.0, 0.0, 0.0, 0.0, 0.0, 0.0, 0.0, 0.0, 0.0, 0.0, 0.0, 0.0, 0.0, 0.0, 0.0, 0.0, 0.0, 0.0, 0.0, 0.0], [0.0, 0.0, 0.0, 0.0, 0.0, 0.0, 0.0, 0.0, 0.0, 0.0, 0.0, 0.0, 0.9856136273378606, 0.0, 0.0, 0.0, 0.0, 0.0, 0.0, 0.0, 0.0, 0.0, 0.0, 0.0, 0.0, 0.0, 0.0, 0.0, 0.0, 0.0, 0.0, 0.0, 0.0, 0.0]], "Born radii": [], "Atomic SASAs": [], "Solvent H bonds": [], "Total SASA": NaN, "Total FOD": 0.0, "FOD": [0.0, 0.0, 0.0, 0.0, 0.0, 0.0, 0.0, 0.0, 0.0, 0.0, 0.0, 0.0, 0.0, 0.0, 0.0, 0.0, 0.0, 0.0, 0.0, 0.0, 0.0, 0.0, 0.0, 0.0, 0.0, 0.0, 0.0, 0.0, 0.0, 0.0, 0.0, 0.0, 0.0, 0.0], "FOD s proportion": [0.0, 0.0, 0.0, 0.0, 0.0, 0.0, 0.0, 0.0, 0.0, 0.0, 0.0, 0.0, 0.0, 0.0, 0.0, 0.0, 0.0, 0.0, 0.0, 0.0, 0.0, 0.0, 0.0, 0.0, 0.0, 0.0, 0.0, 0.0, 0.0, 0.0, 0.0, 0.0, 0.0, 0.0], "FOD p proportion": [0.0, 0.0, 0.0, 0.0, 0.0, 0.0, 0.0, 0.0, 0.0, 0.0, 0.0, 0.0, 0.0, 0.0, 0.0, 0.0, 0.0, 0.0, 0.0, 0.0, 0.0, 0.0, 0.0, 0.0, 0.0, 0.0, 0.0, 0.0, 0.0, 0.0, 0.0, 0.0, 0.0, 0.0], "FOD d proportion": [0.0, 0.0, 0.0, 0.0, 0.0, 0.0, 0.0, 0.0, 0.0, 0.0, 0.0, 0.0, 0.0, 0.0, 0.0, 0.0, 0.0, 0.0, 0.0, 0.0, 0.0, 0.0, 0.0, 0.0, 0.0, 0.0, 0.0, 0.0, 0.0, 0.0, 0.0, 0.0, 0.0, 0.0], "coordinates": [["3.32510", "2.23850", "1.05650"], ["2.24370", "1.38970", "0.40530"], ["2.82000", "0.09310", "-0.16370"], ["1.77720", "-0.77990", "-0.87290"], ["0.74650", "-1.31090", "0.03130"], ["1.12590", "-2.45450", "0.86170"], ["0.83910", "-3.77990", "0.17120"], ["-0.58530", "-0.89870", "0.09990"], ["-1.41060", "-1.42920", "0.83680"], ["-1.06250", "0.44360", "-0.93170"], ["-2.79520", "0.62330", "-0.41700"], ["-3.44790", "1.77240", "-1.18150"], ["-4.90260", "1.94770", "-0.77030"], ["4.09910", "2.51180", "0.33210"], ["2.89300", "3.16130", "1.45610"], ["3.80140", "1.70080", "1.88260"], ["1.47420", "1.16710", "1.15250"], ["1.77070", "1.96990", "-0.39480"], ["3.60680", "0.34010", "-0.88750"], ["3.30320", "-0.47280", "0.64090"], ["1.33810", "-0.22330", "-1.70380"], ["2.28320", "-1.63970", "-1.32860"], ["2.18900", "-2.38520", "1.11280"], ["0.57400", "-2.41570", "1.80790"], ["1.12840", "-4.61440", "0.81730"], ["-0.22520", "-3.88280", "-0.06360"], ["1.39680", "-3.86530", "-0.76680"], ["-2.83310", "0.82150", "0.65960"], ["-3.33030", "-0.31100", "-0.61780"], ["-3.40820", "1.58440", "-2.26140"], ["-2.91330", "2.71100", "-0.99070"], ["-5.48060", "1.04130", "-0.97690"], ["-4.98400", "2.17170", "0.29820"], ["-5.35650", "2.77410", "-1.32620"]], "bond_dist": [[0.0, 1.521166933640092, 2.5192767235855613, 3.902475794928138, 4.5053804900363295, 5.186393417395174, 6.571536399503543, 5.103757004403716, 5.993925747788339, 5.140587418768403, 6.499088042179457, 7.148385986360838, 8.43307833296952, 1.0947713231538354, 1.0945092096460405, 1.0947256231586069, 2.140781345677321, 2.143496445063532, 2.731741834434579, 2.743054986689111, 4.198557410587593, 4.670620179376611, 4.761564300731431, 5.458454983784332, 7.200343459863563, 7.164465631852804, 6.655759777816503, 6.331575305561799, 7.321036804988758, 7.53482820706617, 6.582698432254056, 9.116378441574264, 8.34389740708741, 9.018553387877681], [1.521166933640092, 0.0, 1.5287427023538, 2.560972793686024, 3.1104218684930824, 4.0293487612764425, 5.3621327967516805, 3.6514770600402247, 4.635331482213544, 3.6896656555845273, 5.162756963096364, 5.921039105596247, 7.263814634887099, 2.169556592947047, 2.159707778844166, 2.1692459035342213, 1.09544002574308, 1.095682914898284, 2.151983645383951, 2.1556794427743657, 2.805384674157895, 3.4907354268119493, 3.841017879416861, 4.3859154130010305, 6.12069072082555, 5.840769698421604, 5.450328707518474, 5.114823356676162, 5.916805734515879, 6.2524531657582205, 5.503571448614073, 7.854722776139206, 7.270669962252448, 7.916924633340902], [2.5192767235855613, 1.5287427023538, 0.0, 1.5337944712379163, 2.511701266074451, 3.226714386182948, 4.3630553308432845, 3.5565742351313294, 4.606123522008501, 3.973220419256903, 5.645860782024296, 6.568297781008409, 7.9653032258665455, 2.780651747342698, 3.470292823379606, 2.781220764340724, 2.1672646538897826, 2.1625947239369654, 1.0972464080597393, 1.0959499121766467, 2.1605658008956823, 2.155862261370146, 2.8582484391668967, 3.902025115244647, 5.097492306026562, 5.009096112074513, 4.2494891940090875, 5.758986808458586, 6.180266475646499, 6.739050097751166, 6.356733304142938, 8.394065632338123, 8.089273488391896, 8.682990239543056], [3.902475794928138, 2.560972793686024, 1.5337944712379163, 0.0, 1.4703336798155715, 2.49746151321697, 3.312125664886524, 2.5577059115543364, 3.6751508023481163, 3.0926211827509684, 4.804545432192311, 5.823327164087555, 7.215958464403741, 4.204584818980347, 4.711932520739235, 4.224220446425589, 2.8257500172520573, 2.7910610706324577, 2.1452387559430304, 2.171307635965019, 1.0922486804752842, 1.0967928382333647, 2.5864206579750326, 3.3630671298682104, 4.240413627230249, 3.780550311793245, 3.110571415351205, 5.1154573891295385, 5.135318828466252, 5.865681537553841, 5.84816637075246, 7.48353167161067, 7.469755230929591, 7.982861177547808], [4.5053804900363295, 3.1104218684930824, 2.511701266074451, 1.4703336798155715, 0.0, 1.4633282201884852, 2.47469346990693, 1.3958173376197904, 2.3056247634860276, 2.6977991493067086, 4.06026371311027, 5.345148649944171, 6.570644361856758, 5.093470593809294, 5.161210142011271, 4.672265252530083, 2.8155142922741483, 3.463263704946535, 3.428018455317882, 2.7587567235985127, 2.13153379752703, 2.0781925656685423, 2.098706504016224, 2.099201479134387, 3.417126842831562, 2.750977373589249, 2.754053931933796, 4.213718881225942, 4.24752034250573, 5.558845875719167, 5.533019035752543, 6.732465112423531, 6.711063151245114, 7.468376011556997], [5.186393417395174, 4.0293487612764425, 3.226714386182948, 2.49746151321697, 1.4633282201884852, 0.0, 1.5217521644472862, 2.4349657738867703, 2.7359993329677548, 4.050229836688283, 5.146158930697729, 6.554463844587137, 7.6410471199960535, 5.812446136524622, 5.917192189712956, 5.046489388674072, 3.6499128880015754, 4.644337912986091, 4.126057998865261, 2.95237579247629, 3.4066218648391255, 2.6078068218332433, 1.094547993465796, 1.0960809687244826, 2.160357752780775, 2.1729455101313517, 2.17157907984029, 5.142635648186637, 5.161514403738499, 6.828215698848418, 6.813876477453932, 7.697201429740552, 7.6844086760140495, 8.610846307419498], [6.571536399503543, 5.3621327967516805, 4.3630553308432845, 3.312125664886524, 2.47469346990693, 1.5217521644472862, 0.0, 3.2148580824042603, 3.3211389522270816, 4.761346786362027, 5.739537086734434, 7.14396259648663, 8.16449281339631, 7.087945943642629, 7.351852192475037, 6.460819122990521, 5.083218537501609, 5.852216212683875, 5.074978717196752, 4.150821281385167, 4.051423152424343, 2.9858467626453975, 2.157319786216221, 2.147115865527522, 1.09431711583069, 1.094739210953915, 1.0946078978337404, 5.907323366804969, 5.480847066831914, 7.261736330933532, 7.586982284149608, 8.031233475625024, 8.327434489084858, 9.142351017107142], [5.103757004403716, 3.6514770600402247, 3.5565742351313294, 2.5577059115543364, 1.3958173376197904, 2.4349657738867703, 3.2148580824042603, 0.0, 1.2270175019126663, 1.7588881971290842, 2.7326411436557123, 4.119616478508648, 5.243884084340538, 5.799054272034364, 5.5155642802890075, 5.401717914700841, 3.101134735866857, 3.744907215138981, 4.481438006934828, 3.9489877259875095, 2.721941661755446, 3.289070613410421, 3.3064163606539334, 2.5617434473420637, 4.154257688203754, 3.0101921981827005, 3.671594321272436, 2.8853001524971367, 2.897500574633247, 4.439626978699899, 4.431582837993667, 5.374668392561536, 5.3679829303007285, 6.187695087025539], [5.993925747788339, 4.635331482213544, 4.606123522008501, 3.6751508023481163, 2.3056247634860276, 2.7359993329677548, 3.3211389522270816, 1.2270175019126663, 0.0, 2.599258682778611, 2.775227531212531, 4.2981820273227145, 5.116667667535189, 6.792863695084718, 6.322752225099447, 6.168917379897383, 3.8939069352001727, 4.815743874003268, 5.592668034131831, 4.813833006035835, 3.9324540505897843, 4.286889997422374, 3.734599330584206, 2.419680685545099, 4.073377012995483, 2.8698512644386294, 4.0481614258821255, 2.668437104374019, 2.6554623872312706, 4.761410921145118, 4.768555292748528, 5.094877617764729, 5.101544700382425, 6.157631582028921], [5.140587418768403, 3.6896656555845273, 3.973220419256903, 3.0926211827509684, 2.6977991493067086, 4.050229836688283, 4.761346786362027, 1.7588881971290842, 2.599258682778611, 0.0, 1.8164408798526859, 2.741941399811455, 4.127315686981068, 5.702346555585692, 5.360360284533121, 5.758329578966456, 3.3618728084209253, 3.262648546809784, 4.6706560973807525, 4.7299256030089945, 2.6084045660134856, 3.9612342760811305, 4.770151144355911, 4.284756340796989, 5.782941103798309, 4.491370153973061, 4.964067657677521, 2.4104083595938675, 2.4105748712703363, 2.927769666486761, 2.9274638170266085, 4.458575550554235, 4.458379287364411, 4.901560618823355], [6.499088042179457, 5.162756963096364, 5.645860782024296, 4.804545432192311, 4.06026371311027, 5.146158930697729, 5.739537086734434, 2.7326411436557123, 2.775227531212531, 1.8164408798526859, 0.0, 1.5267312631894325, 2.5139592299796747, 7.187416472558133, 6.5042729685953375, 7.068542846301493, 4.581137964523662, 4.76038519554878, 6.42550982335254, 6.285783179525046, 4.410981148225415, 5.634033201890099, 6.019436014279078, 5.0534354304769735, 6.659702301154309, 5.199493126257597, 6.151646446277614, 1.0953479858017725, 1.095248437570216, 2.1682466580165642, 2.168310538184049, 2.774812636918032, 2.7748691933134433, 3.46595484246405], [7.148385986360838, 5.921039105596247, 6.568297781008409, 5.823327164087555, 5.345148649944171, 6.554463844587137, 7.14396259648663, 4.119616478508648, 4.2981820273227145, 2.741941399811455, 1.5267312631894325, 0.0, 1.5218303519118017, 7.732716619662201, 7.006638978854269, 7.870589930875576, 5.480968208263938, 5.281258287567462, 7.20463124524774, 7.344345853103597, 5.211661134417701, 6.671549447467207, 7.370487898368737, 6.5308784692413315, 8.10733848867802, 6.604300321760058, 7.444914738934221, 2.1614437443523715, 2.1615140550086647, 1.0968610212784482, 1.0968918634031342, 2.169847381729876, 2.169920687490674, 2.16034602321017], [8.43307833296952, 7.263814634887099, 7.9653032258665455, 7.215958464403741, 6.570644361856758, 7.6410471199960535, 8.16449281339631, 5.243884084340538, 5.116667667535189, 4.127315686981068, 2.5139592299796747, 1.5218303519118017, 0.0, 9.086478826256077, 8.197625343963946, 9.102661919460703, 6.705973041997708, 6.683893025774723, 8.660716018898206, 8.670954926073598, 6.673155156296008, 8.050891831964954, 8.521201709852901, 7.461871237162968, 9.052877507732003, 7.50814397171498, 8.571663876401127, 2.756042579496913, 2.7562854043077616, 2.1421011787495003, 2.1420825240872485, 1.0946819264060226, 1.0947576033076911, 1.094525915636537], [1.0947713231538354, 2.169556592947047, 2.780651747342698, 4.204584818980347, 5.093470593809294, 5.812446136524622, 7.087945943642629, 5.799054272034364, 6.792863695084718, 5.702346555585692, 7.187416472558133, 7.732716619662201, 9.086478826256077, 0.0, 1.7719772741206363, 1.7749356439037445, 3.0612700403590667, 2.498696816342471, 2.538910069301392, 3.1042956383050893, 4.387343367004684, 4.826009692282021, 5.313998823861368, 6.235749505873372, 7.735838931234284, 7.729622121423531, 7.012660758228649, 7.142812273887646, 8.00415480922252, 7.996615928003545, 7.138853846381784, 9.779903033261627, 9.089528196226688, 9.603495797885268], [1.0945092096460405, 2.159707778844166, 3.470292823379606, 4.711932520739235, 5.161210142011271, 5.917192189712956, 7.351852192475037, 5.5155642802890075, 6.322752225099447, 5.360360284533121, 6.5042729685953375, 7.006638978854269, 8.197625343963946, 1.7719772741206363, 0.0, 1.7720477025181915, 2.4661711295041955, 2.4707938117131505, 3.7364610047476745, 3.7469317968172304, 4.884485559401317, 5.583548256261425, 5.601529535760746, 6.050161422639895, 7.9989617507524065, 7.8518790196996795, 7.520173296540446, 6.236769796938155, 7.422088074794047, 7.484085869363072, 6.316859981034882, 8.973910293734832, 8.022915278749988, 8.714663928115645], [1.0947256231586069, 2.1692459035342213, 2.781220764340724, 4.224220446425589, 4.672265252530083, 5.046489388674072, 6.460819122990521, 5.401717914700841, 6.168917379897383, 5.758329578966456, 7.068542846301493, 7.870589930875576, 9.102661919460703, 1.7749356439037445, 1.7720477025181915, 0.0, 2.4967461905448065, 3.063120640784493, 3.0923821982413497, 2.552363432193778, 4.757338821231887, 4.8760308581878355, 4.459576414862739, 5.231372965101992, 6.939851880984204, 7.153865455821769, 6.6168641160295865, 6.803343864600701, 7.820516881255356, 8.31652674618437, 7.373164383085461, 9.734844862657031, 8.939537087008476, 9.762965878256464], [2.140781345677321, 1.09544002574308, 2.1672646538897826, 2.8257500172520573, 2.8155142922741483, 3.6499128880015754, 5.083218537501609, 3.101134735866857, 3.8939069352001727, 3.3618728084209253, 4.581137964523662, 5.480968208263938, 6.705973041997708, 3.0612700403590667, 2.4661711295041955, 2.4967461905448065, 0.0, 1.768201736228081, 3.064883645426038, 2.509232466313155, 3.179651719921539, 3.8325532546854455, 3.6237205217842066, 3.75184821654608, 5.801523845508178, 5.465194377147075, 5.386534415558857, 4.349163489683964, 5.329349111289295, 5.972158927891989, 5.121239078582448, 7.274573048640036, 6.591463941341104, 7.442100857956709], [2.143496445063532, 1.095682914898284, 2.1625947239369654, 2.7910610706324577, 3.463263704946535, 4.644337912986091, 5.852216212683875, 3.744907215138981, 4.815743874003268, 3.262648546809784, 4.76038519554878, 5.281258287567462, 6.683893025774723, 2.498696816342471, 2.4707938117131505, 3.063120640784493, 1.768201736228081, 0.0, 2.5040496281024462, 3.063986623665319, 2.5905115324970085, 3.763489185582974, 4.627605067418783, 5.051481519316883, 6.725677823833075, 6.192528364085223, 5.8589883299081595, 4.8606127556101395, 5.5921762141406095, 5.518497170426021, 4.77955876833835, 7.3336546182650295, 6.793154225394857, 7.232649821469306], [2.731741834434579, 2.151983645383951, 1.0972464080597393, 2.1452387559430304, 3.428018455317882, 4.126057998865261, 5.074978717196752, 4.481438006934828, 5.592668034131831, 4.6706560973807525, 6.42550982335254, 7.20463124524774, 8.660716018898206, 2.538910069301392, 3.7364610047476745, 3.0923821982413497, 3.064883645426038, 2.5040496281024462, 0.0, 1.7575511173220537, 2.476038153987131, 2.422002107761263, 3.6658719317510267, 4.904843589759005, 5.796195290878319, 5.761590025331549, 4.752268684533735, 6.640600603861069, 6.972806157494985, 7.255763826090262, 6.938553239689091, 9.114851208878836, 8.863548256200787, 9.298255781596891], [2.743054986689111, 2.1556794427743657, 1.0959499121766467, 2.171307635965019, 2.7587567235985127, 2.95237579247629, 4.150821281385167, 3.9489877259875095, 4.813833006035835, 4.7299256030089945, 6.285783179525046, 7.344345853103597, 8.670954926073598, 3.1042956383050893, 3.7469317968172304, 2.552363432193778, 2.509232466313155, 3.063986623665319, 1.7575511173220537, 0.0, 3.069443980593228, 2.506189509993209, 2.2630521447814673, 3.5475741077530714, 4.681209518917092, 4.957219665296264, 4.1382407494006435, 6.27134274856669, 6.753800943172666, 7.595940171565333, 7.1724175317670955, 9.058968930844172, 8.705659502875127, 9.455276099088803], [4.198557410587593, 2.805384674157895, 2.1605658008956823, 1.0922486804752842, 2.13153379752703, 3.4066218648391255, 4.051423152424343, 2.721941661755446, 3.9324540505897843, 2.6084045660134856, 4.410981148225415, 5.211661134417701, 6.673155156296008, 4.387343367004684, 4.884485559401317, 4.757338821231887, 3.179651719921539, 2.5905115324970085, 2.476038153987131, 3.069443980593228, 0.0, 1.7436106245374854, 3.651174876666414, 4.20981038290325, 5.0677093947857745, 4.304195996931367, 3.7610608463570485, 4.906748010648193, 4.79385500928011, 5.109409040192417, 5.214693668855343, 6.972966833421768, 7.0507430395668225, 7.344702695140219], [4.670620179376611, 3.4907354268119493, 2.155862261370146, 1.0967928382333647, 2.0781925656685423, 2.6078068218332433, 2.9858467626453975, 3.289070613410421, 4.286889997422374, 3.9612342760811305, 5.634033201890099, 6.671549447467207, 8.050891831964954, 4.826009692282021, 5.583548256261425, 4.8760308581878355, 3.8325532546854455, 3.763489185582974, 2.422002107761263, 2.506189509993209, 1.7436106245374854, 0.0, 2.5544231932082044, 3.6552938171917178, 3.8454245461327154, 3.594967756461802, 2.4606136551681574, 6.015560686253609, 5.812233871757055, 6.607342174429896, 6.78574823803536, 8.221194823746728, 8.365730335123168, 8.8230749906141], [4.761564300731431, 3.841017879416861, 2.8582484391668967, 2.5864206579750326, 2.098706504016224, 1.094547993465796, 2.157319786216221, 3.3064163606539334, 3.734599330584206, 4.770151144355911, 6.019436014279078, 7.370487898368737, 8.521201709852901, 5.313998823861368, 5.601529535760746, 4.459576414862739, 3.6237205217842066, 4.627605067418783, 3.6658719317510267, 2.2630521447814673, 3.651174876666414, 2.5544231932082044, 0.0, 1.7584991498434115, 2.4862673327701508, 3.0749120898002924, 2.5201533703328454, 5.975768029299664, 6.144912895232934, 7.646672324612844, 7.511952607677979, 8.656241245482937, 8.537027572287675, 9.460532106599501], [5.458454983784332, 4.3859154130010305, 3.902025115244647, 3.3630671298682104, 2.099201479134387, 1.0960809687244826, 2.147115865527522, 2.5617434473420637, 2.419680685545099, 4.284756340796989, 5.0534354304769735, 6.5308784692413315, 7.461871237162968, 6.235749505873372, 6.050161422639895, 5.231372965101992, 3.75184821654608, 5.051481519316883, 4.904843589759005, 3.5475741077530714, 4.20981038290325, 3.6552938171917178, 1.7584991498434115, 0.0, 2.4744553764414503, 2.5087078945146244, 3.0671517878970382, 4.838014793280402, 5.055426892953749, 6.958298595202709, 6.802681540392729, 7.5076055570334805, 7.363069797985077, 8.481004486498046], [7.200343459863563, 6.12069072082555, 5.097492306026562, 4.240413627230249, 3.417126842831562, 2.160357752780775, 1.09431711583069, 4.154257688203754, 4.073377012995483, 5.782941103798309, 6.659702301154309, 8.10733848867802, 9.052877507732003, 7.735838931234284, 7.9989617507524065, 6.939851880984204, 5.801523845508178, 6.725677823833075, 5.796195290878319, 4.681209518917092, 5.0677093947857745, 3.8454245461327154, 2.4862673327701508, 2.4744553764414503, 0.0, 1.7729795063677414, 1.7727273281585074, 6.728102284448417, 6.360720812926787, 8.275521414992532, 8.559537840911739, 8.88172151837694, 9.14778944772998, 10.061732082996446], [7.164465631852804, 5.840769698421604, 5.009096112074513, 3.780550311793245, 2.750977373589249, 2.1729455101313517, 1.094739210953915, 3.0101921981827005, 2.8698512644386294, 4.491370153973061, 5.199493126257597, 6.604300321760058, 7.50814397171498, 7.729622121423531, 7.8518790196996795, 7.153865455821769, 5.465194377147075, 6.192528364085223, 5.761590025331549, 4.957219665296264, 4.304195996931367, 3.594967756461802, 3.0749120898002924, 2.5087078945146244, 1.7729795063677414, 0.0, 1.7679594141269195, 5.427209148356087, 4.76513786684079, 6.697170274078449, 7.180779516180677, 7.2594839251836625, 7.709348022368688, 8.4993362129051], [6.655759777816503, 5.450328707518474, 4.2494891940090875, 3.110571415351205, 2.754053931933796, 2.17157907984029, 1.0946078978337404, 3.671594321272436, 4.0481614258821255, 4.964067657677521, 6.151646446277614, 7.444914738934221, 8.571663876401127, 7.012660758228649, 7.520173296540446, 6.6168641160295865, 5.386534415558857, 5.8589883299081595, 4.752268684533735, 4.1382407494006435, 3.7610608463570485, 2.4606136551681574, 2.5201533703328454, 3.0671517878970382, 1.7727273281585074, 1.7679594141269195, 0.0, 6.472462067096261, 5.916140963499771, 7.417619850733792, 7.866054596174629, 8.450887310217785, 8.848401134668341, 9.486918446471435], [6.331575305561799, 5.114823356676162, 5.758986808458586, 5.1154573891295385, 4.213718881225942, 5.142635648186637, 5.907323366804969, 2.8853001524971367, 2.668437104374019, 2.4104083595938675, 1.0953479858017725, 2.1614437443523715, 2.756042579496913, 7.142812273887646, 6.236769796938155, 6.803343864600701, 4.349163489683964, 4.8606127556101395, 6.640600603861069, 6.27134274856669, 4.906748010648193, 6.015560686253609, 5.975768029299664, 4.838014793280402, 6.728102284448417, 5.427209148356087, 6.472462067096261, 0.0, 1.7780649172625842, 3.073271452377743, 2.5100064501909154, 3.1202084129109067, 2.565155123964241, 3.758137299248126], [7.321036804988758, 5.916805734515879, 6.180266475646499, 5.135318828466252, 4.24752034250573, 5.161514403738499, 5.480847066831914, 2.897500574633247, 2.6554623872312706, 2.4105748712703363, 1.095248437570216, 2.1615140550086647, 2.7562854043077616, 8.00415480922252, 7.422088074794047, 7.820516881255356, 5.329349111289295, 5.5921762141406095, 6.972806157494985, 6.753800943172666, 4.79385500928011, 5.812233871757055, 6.144912895232934, 5.055426892953749, 6.360720812926787, 4.76513786684079, 5.916140963499771, 1.7780649172625842, 0.0, 2.5099861613164327, 3.073341407979269, 2.5654352827541764, 3.120509410336716, 3.7583452489094187], [7.53482820706617, 6.2524531657582205, 6.739050097751166, 5.865681537553841, 5.558845875719167, 6.828215698848418, 7.261736330933532, 4.439626978699899, 4.761410921145118, 2.927769666486761, 2.1682466580165642, 1.0968610212784482, 2.1421011787495003, 7.996615928003545, 7.484085869363072, 8.31652674618437, 5.972158927891989, 5.518497170426021, 7.255763826090262, 7.595940171565333, 5.109409040192417, 6.607342174429896, 7.646672324612844, 6.958298595202709, 8.275521414992532, 6.697170274078449, 7.417619850733792, 3.073271452377743, 2.5099861613164327, 0.0, 1.7688504911382419, 2.497947081104802, 3.062616379829508, 2.4669531856117572], [6.582698432254056, 5.503571448614073, 6.356733304142938, 5.84816637075246, 5.533019035752543, 6.813876477453932, 7.586982284149608, 4.431582837993667, 4.768555292748528, 2.9274638170266085, 2.168310538184049, 1.0968918634031342, 2.1420825240872485, 7.138853846381784, 6.316859981034882, 7.373164383085461, 5.121239078582448, 4.77955876833835, 6.938553239689091, 7.1724175317670955, 5.214693668855343, 6.78574823803536, 7.511952607677979, 6.802681540392729, 8.559537840911739, 7.180779516180677, 7.866054596174629, 2.5100064501909154, 3.073341407979269, 1.7688504911382419, 0.0, 3.062534541846018, 2.497980422261151, 2.466934960634349], [9.116378441574264, 7.854722776139206, 8.394065632338123, 7.48353167161067, 6.732465112423531, 7.697201429740552, 8.031233475625024, 5.374668392561536, 5.094877617764729, 4.458575550554235, 2.774812636918032, 2.169847381729876, 1.0946819264060226, 9.779903033261627, 8.973910293734832, 9.734844862657031, 7.274573048640036, 7.3336546182650295, 9.114851208878836, 9.058968930844172, 6.972966833421768, 8.221194823746728, 8.656241245482937, 7.5076055570334805, 8.88172151837694, 7.2594839251836625, 8.450887310217785, 3.1202084129109067, 2.5654352827541764, 2.497947081104802, 3.062534541846018, 0.0, 1.77490724546383, 1.772006529333343], [8.34389740708741, 7.270669962252448, 8.089273488391896, 7.469755230929591, 6.711063151245114, 7.6844086760140495, 8.327434489084858, 5.3679829303007285, 5.101544700382425, 4.458379287364411, 2.7748691933134433, 2.169920687490674, 1.0947576033076911, 9.089528196226688, 8.022915278749988, 8.939537087008476, 6.591463941341104, 6.793154225394857, 8.863548256200787, 8.705659502875127, 7.0507430395668225, 8.365730335123168, 8.537027572287675, 7.363069797985077, 9.14778944772998, 7.709348022368688, 8.848401134668341, 2.565155123964241, 3.120509410336716, 3.062616379829508, 2.497980422261151, 1.77490724546383, 0.0, 1.7720940635304887], [9.018553387877681, 7.91692