{"total energy": -25.38377117, "HOMO-LUMO gap/eV": 4.43107878, "electronic energy": -25.81879189, "dipole": [-0.01836035, -0.05588432, 0.00703573], "partial charges": [-0.09360891, -0.05442875, 0.0079722, -0.03995588, -0.04187163, 0.01321281, -0.10539893, -0.04186646, -0.03994311, 0.03279219, 0.03371347, 0.03374277, 0.03245549, 0.03245033, 0.02698547, 0.02675746, 0.04519116, 0.03902642, 0.03903583, 0.02676074, 0.02697733], "atomic dipole moments": [[-0.05468446, 0.08852155, -0.00246141], [-0.01465141, -0.10653037, 0.01126951], [0.08779176, 0.01753536, -0.01060786], [0.00598343, 0.00180983, 0.00124938], [-0.00727147, -0.00156156, 0.00481457], [-0.09044748, -0.01014544, 0.01024599], [0.06760144, 0.00107971, -0.00702892], [-0.0080299, -0.00225998, -0.00289596], [0.00555788, 0.00147145, -0.00275385], [0.12137611, 0.02464618, -0.01474208], [-0.03367939, -0.08114956, -0.0919902], [-0.01293718, -0.06263799, 0.10993005], [0.04157886, 0.08016052, 0.08549656], [0.02200097, 0.06269315, -0.10512632], [0.05528196, -0.00168411, -0.14047483], [-0.08167936, -0.02703327, -0.1241047], [-0.01814854, -0.12906442, 0.01368174], [-0.06880945, 0.04504978, -0.09876416], [-0.04830783, 0.06335137, 0.10084478], [-0.05450389, -0.0027749, 0.14079039], [0.08250786, 0.02256561, 0.12440593]], "atomic quadrupole moments": [[-0.01099105, -0.15951774, 0.13483866, 0.00300256, -0.00736111, -0.12384761], [0.13901915, -0.0924358, 0.02481016, -0.02294991, -0.00806899, -0.16382931], [-0.05247733, -0.09455034, 0.41171671, -0.02368115, -0.0617061, -0.35923938], [-0.21904675, -0.13516924, 0.47791576, 0.00231718, -0.06152197, -0.25886901], [-0.21249074, -0.13614191, 0.47184055, 0.01342461, -0.06326584, -0.25934981], [-0.05061745, -0.09198039, 0.40506501, -0.02360613, -0.06089322, -0.35444756], [0.16997382, 0.0652753, -0.1137364, -0.02955909, -0.00174264, -0.05623742], [-0.21506501, -0.1353279, 0.47534426, 0.00115756, -0.04401002, -0.26027924], [-0.21693702, -0.1327342, 0.48054161, 0.01246656, -0.0474284, -0.26360459], [0.07202466, 0.02728075, -0.01880513, -0.01558373, -0.00615574, -0.05321954], [-0.02815562, 0.01567076, 0.00095355, 0.04027211, 0.04846114, 0.02720207], [-0.04202577, 0.00018505, -0.01566995, -0.02557379, -0.04078592, 0.05769572], [-0.01269458, 0.00595865, -0.01478341, 0.01922044, 0.0439885, 0.02747799], [-0.01853335, -0.00465881, -0.02907101, -0.00819747, -0.03301432, 0.04760436], [0.03610393, 0.02015192, -0.06387469, -0.00186589, 0.00672718, 0.02777076], [0.03620026, 0.01904908, -0.06414221, -0.0034848, 0.00641357, 0.02794195], [-0.03129903, 0.00818354, 0.0776621, -0.00244149, -0.01234216, -0.04636307], [-0.00459621, -0.01292972, -0.04490814, 0.03963394, -0.03759667, 0.04950435], [-0.01787834, -0.0092718, -0.02780949, -0.02520456, 0.05555464, 0.04568784], [0.03653246, 0.01922601, -0.06412499, -0.0017068, 0.00656384, 0.02759253], [0.03577883, 0.0199452, -0.0639906, -0.0033916, 0.00607139, 0.02821177]], "number of molecular orbitals": 48, "number of electrons": 48, "number of unpaired electrons": 0, "orbital energies/eV": [-17.26662737, -16.89106343, -16.52029947, -16.38990105, -15.96553502, -15.38950464, -15.36176078, -14.94730488, -13.99221411, -13.78400492, -13.45795002, -13.32666293, -13.14300216, -13.07272402, -12.79827031, -12.75992027, -12.34169843, -12.18597475, -12.09146605, -11.7222422, -11.27539573, -11.21219583, -10.68545867, -10.32290562, -5.89182684, -5.80292437, -2.51905659, 2.54852308, 2.86762499, 3.58043467, 3.78142152, 3.97778829, 4.28015736, 4.33736705, 4.80783586, 5.0975751, 5.11715024, 5.36033011, 5.95110431, 6.15426372, 6.87856389, 7.13441856, 10.42584709, 10.98801018, 11.72004455, 12.40657657, 16.72569931, 17.16199715], "fractional occupation": [2.0, 2.0, 2.0, 2.0, 2.0, 2.0, 2.0, 2.0, 2.0, 2.0, 2.0, 2.0, 2.0, 2.0, 2.0, 2.0, 2.0, 2.0, 2.0, 2.0, 2.0, 2.0, 2.0, 2.0, 0.0, 0.0, 0.0, 0.0, 0.0, 0.0, 0.0, 0.0, 0.0, 0.0, 0.0, 0.0, 0.0, 0.0, 0.0, 0.0, 0.0, 0.0, 0.0, 0.0, 0.0, 0.0, 0.0, 0.0], "program call": "xtb /home/svss/Project-DBcg-Debug/aqme2_20220329/End-to-End-workflows-final/example-3/QDESCP/mol_698_rdkit_conf_1/mol_698_rdkit_conf_1.xyz --pop --wbo --acc 0.2 --gfn 2 --chrg 0 --uhf 0 --etemp 300 --input /home/svss/Project-DBcg-Debug/aqme2_20220329/End-to-End-workflows-final/example-3/QDESCP/mol_698_rdkit_conf_1/mol_698_rdkit_conf_1_xtb.inp", "method": "GFN2-xTB", "xtb version": "6.3.3 (7355c4f)", "Dipole module/D": 0.151, "Total charge": 0, "Transition dipole module/D": NaN, "HOMO": -10.3229, "LUMO": -5.8918, "HOMO occupancy": 2.0, "LUMO occupancy": 0, "mulliken charges": [-0.07772, -0.04073, 0.00208, -0.03974, -0.04232, 0.01131, -0.08686, -0.04232, -0.03973, 0.02834, 0.02816, 0.02818, 0.02733, 0.02733, 0.02764, 0.0275, 0.03922, 0.03359, 0.0336, 0.0275, 0.02763], "cm5 charges": [-0.22642, -0.14625, -0.01366, -0.09306, -0.09565, -0.00627, -0.23015, -0.09565, -0.09304, 0.07915, 0.07969, 0.07972, 0.08246, 0.08246, 0.08389, 0.0836, 0.09093, 0.08539, 0.0854, 0.0836, 0.08388], "FUKUI+": [0.015, 0.017, -0.078, -0.052, -0.051, -0.078, 0.033, -0.051, -0.052, -0.045, -0.019, -0.019, -0.045, -0.045, -0.092, -0.092, -0.059, -0.052, -0.052, -0.092, -0.092], "FUKUI-": [0.004, 0.004, -0.072, -0.03, -0.031, -0.073, 0.025, -0.031, -0.03, -0.06, -0.037, -0.037, -0.061, -0.061, -0.068, -0.068, -0.101, -0.069, -0.069, -0.068, -0.068], "FUKUIrad": [0.01, 0.01, -0.075, -0.041, -0.041, -0.076, 0.029, -0.041, -0.041, -0.052, -0.028, -0.028, -0.053, -0.053, -0.08, -0.08, -0.08, -0.06, -0.06, -0.08, -0.08], "s proportion": [1.007, 1.025, 1.087, 1.062, 1.062, 1.084, 1.007, 1.062, 1.062, 0.972, 0.972, 0.972, 0.973, 0.973, 0.972, 0.973, 0.961, 0.966, 0.966, 0.973, 0.972], "p proportion": [3.07, 3.015, 2.911, 2.978, 2.981, 2.905, 3.08, 2.981, 2.978, 0.0, 0.0, 0.0, 0.0, 0.0, 0.0, 0.0, 0.0, 0.0, 0.0, 0.0, 0.0], "d proportion": [0.0, 0.0, 0.0, 0.0, 0.0, 0.0, 0.0, 0.0, 0.0, 0.0, 0.0, 0.0, 0.0, 0.0, 0.0, 0.0, 0.0, 0.0, 0.0, 0.0, 0.0], "Fermi-level/eV": -8.1074, "Coordination numbers": [3.751, 3.804, 2.963, 2.913, 2.914, 2.96, 3.755, 2.914, 2.913, 0.924, 0.924, 0.924, 0.924, 0.924, 0.925, 0.925, 0.924, 0.924, 0.924, 0.925, 0.925], "Dispersion coefficient C6": [22.35, 21.549, 27.839, 28.993, 29.04, 27.717, 22.57, 29.04, 28.992, 2.547, 2.534, 2.534, 2.552, 2.552, 2.63, 2.633, 2.381, 2.462, 2.462, 2.633, 2.63], "Total dispersion C6": 4261.122589, "Total dispersion C8": 99032.45929, "Polarizability alpha": [6.742, 6.609, 8.654, 8.829, 8.837, 8.635, 6.774, 8.837, 8.829, 2.496, 2.49, 2.489, 2.498, 2.498, 2.536, 2.537, 2.413, 2.454, 2.454, 2.537, 2.536], "Total polarizability alpha": 102.685554, "Wiberg matrix": [[0.0, 1.0051363600632697, 0.0, 0.0, 0.0, 0.0, 0.0, 0.0, 0.0, 0.986132815195375, 0.9877437264751003, 0.9877455358188006, 0.0, 0.0, 0.0, 0.0, 0.0, 0.0, 0.0, 0.0, 0.0], [1.0051363600632697, 0.0, 1.0101504932301246, 0.0, 0.0, 0.0, 0.0, 0.0, 0.0, 0.0, 0.0, 0.0, 0.9736500707891771, 0.973652038554472, 0.0, 0.0, 0.0, 0.0, 0.0, 0.0, 0.0], [0.0, 1.0101504932301246, 0.0, 1.4113309630847808, 0.0, 0.10497888548741771, 0.0, 0.0, 1.4112826506118976, 0.0, 0.0, 0.0, 0.0, 0.0, 0.0, 0.0, 0.0, 0.0, 0.0, 0.0, 0.0], [0.0, 0.0, 1.4113309630847808, 0.0, 1.4467775980329498, 0.0, 0.0, 0.10963911748093966, 0.0, 0.0, 0.0, 0.0, 0.0, 0.0, 0.9699651929339262, 0.0, 0.0, 0.0, 0.0, 0.0, 0.0], [0.0, 0.0, 0.0, 1.4467775980329498, 0.0, 1.4103052901032793, 0.0, 0.0, 0.10963506741989842, 0.0, 0.0, 0.0, 0.0, 0.0, 0.0, 0.9700704398198853, 0.0, 0.0, 0.0, 0.0, 0.0], [0.0, 0.0, 0.10497888548741771, 0.0, 1.4103052901032793, 0.0, 1.0250231864064012, 1.4102415775384693, 0.0, 0.0, 0.0, 0.0, 0.0, 0.0, 0.0, 0.0, 0.0, 0.0, 0.0, 0.0, 0.0], [0.0, 0.0, 0.0, 0.0, 0.0, 1.0250231864064012, 0.0, 0.0, 0.0, 0.0, 0.0, 0.0, 0.0, 0.0, 0.0, 0.0, 0.9686556575967358, 0.9824476945562339, 0.9824488549747548, 0.0, 0.0], [0.0, 0.0, 0.0, 0.10963911748093966, 0.0, 1.4102415775384693, 0.0, 0.0, 1.4468440170072074, 0.0, 0.0, 0.0, 0.0, 0.0, 0.0, 0.0, 0.0, 0.0, 0.0, 0.9700686015478512, 0.0], [0.0, 0.0, 1.4112826506118976, 0.0, 0.10963506741989842, 0.0, 0.0, 1.4468440170072074, 0.0, 0.0, 0.0, 0.0, 0.0, 0.0, 0.0, 0.0, 0.0, 0.0, 0.0, 0.0, 0.96995808703777], [0.986132815195375, 0.0, 0.0, 0.0, 0.0, 0.0, 0.0, 0.0, 0.0, 0.0, 0.0, 0.0, 0.0, 0.0, 0.0, 0.0, 0.0, 0.0, 0.0, 0.0, 0.0], [0.9877437264751003, 0.0, 0.0, 0.0, 0.0, 0.0, 0.0, 0.0, 0.0, 0.0, 0.0, 0.0, 0.0, 0.0, 0.0, 0.0, 0.0, 0.0, 0.0, 0.0, 0.0], [0.9877455358188006, 0.0, 0.0, 0.0, 0.0, 0.0, 0.0, 0.0, 0.0, 0.0, 0.0, 0.0, 0.0, 0.0, 0.0, 0.0, 0.0, 0.0, 0.0, 0.0, 0.0], [0.0, 0.9736500707891771, 0.0, 0.0, 0.0, 0.0, 0.0, 0.0, 0.0, 0.0, 0.0, 0.0, 0.0, 0.0, 0.0, 0.0, 0.0, 0.0, 0.0, 0.0, 0.0], [0.0, 0.973652038554472, 0.0, 0.0, 0.0, 0.0, 0.0, 0.0, 0.0, 0.0, 0.0, 0.0, 0.0, 0.0, 0.0, 0.0, 0.0, 0.0, 0.0, 0.0, 0.0], [0.0, 0.0, 0.0, 0.9699651929339262, 0.0, 0.0, 0.0, 0.0, 0.0, 0.0, 0.0, 0.0, 0.0, 0.0, 0.0, 0.0, 0.0, 0.0, 0.0, 0.0, 0.0], [0.0, 0.0, 0.0, 0.0, 0.9700704398198853, 0.0, 0.0, 0.0, 0.0, 0.0, 0.0, 0.0, 0.0, 0.0, 0.0, 0.0, 0.0, 0.0, 0.0, 0.0, 0.0], [0.0, 0.0, 0.0, 0.0, 0.0, 0.0, 0.9686556575967358, 0.0, 0.0, 0.0, 0.0, 0.0, 0.0, 0.0, 0.0, 0.0, 0.0, 0.0, 0.0, 0.0, 0.0], [0.0, 0.0, 0.0, 0.0, 0.0, 0.0, 0.9824476945562339, 0.0, 0.0, 0.0, 0.0, 0.0, 0.0, 0.0, 0.0, 0.0, 0.0, 0.0, 0.0, 0.0, 0.0], [0.0, 0.0, 0.0, 0.0, 0.0, 0.0, 0.9824488549747548, 0.0, 0.0, 0.0, 0.0, 0.0, 0.0, 0.0, 0.0, 0.0, 0.0, 0.0, 0.0, 0.0, 0.0], [0.0, 0.0, 0.0, 0.0, 0.0, 0.0, 0.0, 0.9700686015478512, 0.0, 0.0, 0.0, 0.0, 0.0, 0.0, 0.0, 0.0, 0.0, 0.0, 0.0, 0.0, 0.0], [0.0, 0.0, 0.0, 0.0, 0.0, 0.0, 0.0, 0.0, 0.96995808703777, 0.0, 0.0, 0.0, 0.0, 0.0, 0.0, 0.0, 0.0, 0.0, 0.0, 0.0, 0.0]], "Born radii": [], "Atomic SASAs": [], "Solvent H bonds": [], "Total SASA": NaN, "Total FOD": 0.0, "FOD": [0.0, 0.0, 0.0, 0.0, 0.0, 0.0, 0.0, 0.0, 0.0, 0.0, 0.0, 0.0, 0.0, 0.0, 0.0, 0.0, 0.0, 0.0, 0.0, 0.0, 0.0], "FOD s proportion": [0.0, 0.0, 0.0, 0.0, 0.0, 0.0, 0.0, 0.0, 0.0, 0.0, 0.0, 0.0, 0.0, 0.0, 0.0, 0.0, 0.0, 0.0, 0.0, 0.0, 0.0], "FOD p proportion": [0.0, 0.0, 0.0, 0.0, 0.0, 0.0, 0.0, 0.0, 0.0, 0.0, 0.0, 0.0, 0.0, 0.0, 0.0, 0.0, 0.0, 0.0, 0.0, 0.0, 0.0], "FOD d proportion": [0.0, 0.0, 0.0, 0.0, 0.0, 0.0, 0.0, 0.0, 0.0, 0.0, 0.0, 0.0, 0.0, 0.0, 0.0, 0.0, 0.0, 0.0, 0.0, 0.0, 0.0], "coordinates": [["3.08850", "-0.60400", "-0.19280"], ["2.28740", "0.68850", "-0.22900"], ["0.81170", "0.43850", "-0.05450"], ["-0.00460", "0.19520", "-1.16560"], ["-1.36980", "-0.05260", "-1.00230"], ["-1.94340", "-0.05570", "0.27380"], ["-3.40210", "-0.35540", "0.45110"], ["-1.12440", "0.16630", "1.38620"], ["0.24080", "0.41420", "1.22360"], ["4.15460", "-0.39210", "-0.32180"], ["2.77900", "-1.28590", "-0.99220"], ["2.95920", "-1.12510", "0.76180"], ["2.64220", "1.36650", "0.55680"], ["2.46390", "1.20740", "-1.17910"], ["0.41870", "0.19360", "-2.16730"], ["-1.98270", "-0.24410", "-1.88010"], ["-3.55140", "-1.43340", "0.56520"], ["-3.98010", "-0.00700", "-0.41140"], ["-3.80070", "0.15310", "1.33530"], ["-1.54420", "0.14710", "2.38930"], ["0.85740", "0.58490", "2.10300"]], "bond_dist": [[0.0, 1.5210614386013472, 2.507937674664185, 3.339510157193716, 4.564621682023604, 5.08314529204114, 6.52719675894637, 4.564551401835672, 3.3395082706889645, 1.094582943408128, 1.0953621410291667, 1.0952282227919439, 2.154983549821204, 2.1550134129512974, 3.415061939409006, 5.3566387539202225, 6.7342958332701714, 7.097133288870936, 7.097137920316893, 5.356612820617148, 3.4149653087549803], [1.5210614386013472, 0.0, 1.5068645393664286, 2.5246442224598695, 3.8108180145475323, 4.325079203899046, 5.8243174252439225, 3.81076673649805, 2.524650235181103, 2.159338796946881, 2.1731084096289353, 2.1730496634913803, 1.0968357579874937, 1.0968589107082096, 2.7375121168681606, 4.672218742738829, 6.262970436621908, 6.308608900542179, 6.3086170639847845, 4.672233663891394, 2.7374909972454704], [2.507937674664185, 1.5068645393664286, 0.0, 1.4000299246801835, 2.4286717151562494, 2.8182601973558086, 4.317640444733674, 2.428619472045796, 1.4000203248524645, 3.4548988494599957, 2.7790476678171605, 2.7790190535510906, 2.1414018632662106, 2.1414241079244443, 2.1629491094336917, 3.406967783821855, 4.7879723589427705, 4.825680791349548, 4.825684506886044, 3.406954242428272, 2.1629442202701394], [3.339510157193716, 2.5246442224598695, 1.4000299246801835, 0.0, 1.3970836660701462, 2.4277085100975366, 3.802615612969578, 2.7868387987108263, 2.4117335673743066, 4.284374443253063, 3.1578717089204242, 3.7738804021855277, 3.368108622060755, 2.6679998763118413, 1.0874687765632631, 2.1485749579663262, 4.269402398462811, 4.0514568651288885, 4.546058559895593, 3.8742735809439166, 3.4027424307461183], [4.564621682023604, 3.8108180145475323, 2.4286717151562494, 1.3970836660701462, 0.0, 1.399091769684891, 2.5168040626953863, 2.41103102841917, 2.7868558287073264, 5.5764985304400465, 4.328241252518163, 4.796096961071575, 4.532193908031738, 4.0393209738766735, 2.1486208809373517, 1.087589766410111, 3.0204376255767973, 2.6767346263684795, 3.3787514054751053, 3.401947384954682, 3.874237238476756], [5.08314529204114, 4.325079203899046, 2.8182601973558086, 2.4277085100975366, 1.399091769684891, 0.0, 1.499686990675054, 1.399099267385985, 2.427685253487363, 6.136245457932726, 5.041548353432703, 5.041552054675226, 4.809414642136816, 4.8094317034344085, 3.4059706560685457, 2.162481042691473, 2.1374366072471016, 2.1494226247995067, 2.149405261927122, 2.162366465241264, 3.405997891954721], [6.52719675894637, 5.8243174252439225, 4.317640444733674, 3.802615612969578, 2.5168040626953863, 1.499686990675054, 0.0, 2.516843298658063, 3.8025992189553715, 7.596211963209031, 6.415211793074333, 6.4152248807037155, 6.285672166920575, 6.285686269612889, 4.664325481781905, 2.7315888215469033, 1.0942546778515503, 1.0951588058359392, 1.095109058496002, 2.731468085114669, 4.664362544871485], [4.564551401835672, 3.81076673649805, 2.428619472045796, 2.7868387987108263, 2.41103102841917, 1.399099267385985, 2.516843298658063, 0.0, 1.39701976006068, 5.5764608453749585, 4.796061192270174, 4.328207282466957, 4.039264779635027, 4.532168376174919, 3.8741792872813723, 3.402032148584137, 3.0204983181587775, 3.3788194891115446, 2.6768165308814122, 1.0875708206824968, 2.14861803026969], [3.3395082706889645, 2.524650235181103, 1.4000203248524645, 2.4117335673743066, 2.7868558287073264, 2.427685253487363, 3.8025992189553715, 1.39701976006068, 0.0, 4.28441492971911, 3.773932814717294, 3.1579110642955097, 2.6679991547974673, 3.3681311049304483, 3.4027217899793105, 3.8743083034265613, 4.269414147163519, 4.546056670346291, 4.051465457090805, 2.1485864888339963, 1.087510188458021], [1.094582943408128, 2.159338796946881, 3.4548988494599957, 4.284374443253063, 5.5764985304400465, 6.136245457932726, 7.596211963209031, 5.5764608453749585, 4.28441492971911, 0.0, 1.7721709736930016, 1.7721340581344294, 2.4803156412037564, 2.4802882957430574, 4.207833593430235, 6.333770928917464, 7.826462207792229, 8.144303178295857, 8.144324498692326, 6.333807803367577, 4.207815571053466], [1.0953621410291667, 2.1731084096289353, 2.7790476678171605, 3.1578717089204242, 4.328241252518163, 5.041548353432703, 6.415211793074333, 4.796061192270174, 3.773932814717294, 1.7721709736930016, 0.0, 1.7705492594107626, 3.0746285954566934, 2.5200723223748955, 3.0233749932815153, 4.954543423969558, 6.520829331457771, 6.9035024922136445, 7.126038825322242, 5.672573445095268, 4.09544896684112], [1.0952282227919439, 2.1730496634913803, 2.7790190535510906, 3.7738804021855277, 4.796096961071575, 5.041552054675226, 6.4152248807037155, 4.328207282466957, 3.1579110642955097, 1.7721340581344294, 1.7705492594107626, 0.0, 2.520036618781561, 3.0745684493925323, 4.095453180052239, 5.672580737195373, 6.520859821373252, 7.126038895487451, 6.903545864264247, 4.95457976522732, 3.023322787927217], [2.154983549821204, 1.0968357579874937, 2.1414018632662106, 3.368108622060755, 4.532193908031738, 4.809414642136816, 6.285672166920575, 4.039264779635027, 2.6679991547974673, 2.4803156412037564, 3.0746285954566934, 2.520036618781561, 0.0, 1.7522706725845754, 3.7068001659112944, 5.470120106542452, 6.79707227635546, 6.832186383581759, 6.6022240358836655, 4.7297925504190985, 2.487397041085319], [2.1550134129512974, 1.0968589107082096, 2.1414241079244443, 2.6679998763118413, 4.0393209738766735, 4.8094317034344085, 6.285686269612889, 4.532168376174919, 3.3681311049304483, 2.4802882957430574, 2.5200723223748955, 3.0745684493925323, 1.7522706725845754, 0.0, 2.487402806141378, 4.729746801891197, 6.797075931604707, 6.602216798167113, 6.832200890635462, 5.470153586509249, 3.7068219420414574], [3.415061939409006, 2.7375121168681606, 2.1629491094336917, 1.0874687765632631, 2.1486208809373517, 3.4059706560685457, 4.664325481781905, 3.8741792872813723, 3.4027217899793105, 4.207833593430235, 3.0233749932815153, 4.095453180052239, 3.7068001659112944, 2.487402806141378, 0.0, 2.457801271461954, 5.086784766431542, 4.740555517025404, 5.483902202811426, 4.961626973080503, 4.310572522299098], [5.3566387539202225, 4.672218742738829, 3.406967783821855, 2.1485749579663262, 1.087589766410111, 2.162481042691473, 2.7315888215469033, 3.402032148584137, 3.8743083034265613, 6.333770928917464, 4.954543423969558, 5.672580737195373, 5.470120106542452, 4.729746801891197, 2.457801271461954, 0.0, 3.1392270179138047, 2.490562759699101, 3.715062449004054, 4.309651499831512, 4.961702794404357], [6.7342958332701714, 6.262970436621908, 4.7879723589427705, 4.269402398462811, 3.0204376255767973, 2.1374366072471016, 1.0942546778515503, 3.0204983181587775, 4.269414147163519, 7.826462207792229, 6.520829331457771, 6.520859821373252, 6.79707227635546, 6.797075931604707, 5.086784766431542, 3.1392270179138047, 0.0, 1.78105255677647, 1.781063376188506, 3.139135693148673, 5.086834100892225], [7.097133288870936, 6.308608900542179, 4.825680791349548, 4.0514568651288885, 2.6767346263684795, 2.1494226247995067, 1.0951588058359392, 3.3788194891115446, 4.546056670346291, 8.144303178295857, 6.9035024922136445, 7.126038895487451, 6.832186383581759, 6.602216798167113, 4.740555517025404, 2.490562759699101, 1.78105255677647, 0.0, 1.7631724986512238, 3.7150068788630795, 5.4839729412169795], [7.097137920316893, 6.3086170639847845, 4.825684506886044, 4.546058559895593, 3.3787514054751053, 2.149405261927122, 1.095109058496002, 2.6768165308814122, 4.051465457090805, 8.144324498692326, 7.126038825322242, 6.903545864264247, 6.6022240358836655, 6.832200890635462, 5.483902202811426, 3.715062449004054, 1.781063376188506, 1.7631724986512238, 0.0, 2.4905309172945436, 4.740644485721324], [5.356612820617148, 4.672233663891394, 3.406954242428272, 3.8742735809439166, 3.401947384954682, 2.162366465241264, 2.731468085114669, 1.0875708206824968, 2.1485864888339963, 6.333807803367577, 5.672573445095268, 4.95457976522732, 4.7297925504190985, 5.470153586509249, 4.961626973080503, 4.309651499831512, 3.139135693148673, 3.7150068788630795, 2.4905309172945436, 0.0, 2.4579094958928005], [3.4149653087549803, 2.7374909972454704, 2.1629442202701394, 3.4027424307461183, 3.874237238476756, 3.405997891954721, 4.664362544871485, 2.14861803026969, 1.087510188458021, 4.207815571053466, 4.09544896684112, 3.023322787927217, 2.487397041085319, 3.7068219420414574, 4.310572522299098, 4.961702794404357, 5.086834100892225, 5.4839729412169795, 4.740644485721324, 2.4579094958928005, 0.0]]}