{"total energy": -49.83886981, "HOMO-LUMO gap/eV": 3.28374947, "electronic energy": -50.43591442, "dipole": [0.67682714, 1.65293495, 0.80230126], "partial charges": [-0.10941733, 0.00311231, -0.08430807, 0.00209409, -0.10880652, 0.25267987, -0.32473584, 0.2817107, -0.1296225, -0.32154907, 0.26169875, -0.19337297, 0.05186104, -0.1161517, -0.11057781, -0.36227402, 0.04273112, 0.04422867, 0.04967403, 0.06019337, 0.04824471, 0.06708524, 0.04724897, 0.05135397, 0.03904814, 0.0457842, 0.18400269, 0.069679, 0.04933535, 0.04704589, 0.04139785, 0.03664631, 0.04583189, 0.03812767], "atomic dipole moments": [[0.02028974, -0.03388761, -0.12198503], [-0.06460018, -0.15132414, 0.05723496], [0.03713446, 0.01634457, -0.02275047], [-0.10913232, 0.11181081, -0.0847382], [-0.04272937, 0.01523347, 0.11801854], [0.00183852, -0.0229303, -0.00248889], [-0.1891106, 0.21150039, 0.00620968], [-0.03191542, -0.11644232, -0.03089936], [0.04078488, 0.19413751, 0.03602784], [0.2598126, 0.08571178, 0.05982458], [-0.02657872, -0.01114246, -0.00978404], [-0.02729137, -0.08513682, 0.12322447], [0.13249357, 0.08436672, 0.03523398], [0.07360969, -0.09684921, 0.03716091], [0.01258399, 0.01884615, -0.11010003], [-0.05866668, -0.28107973, -0.0762062], [0.0684676, -0.07024421, 0.08061], [0.03228453, 0.11971792, 0.01883191], [-0.12366, -0.01207945, 0.0382754], [-0.05978731, 0.0847008, -0.0789418], [0.11677119, 0.02802634, -0.02574002], [-0.02819112, -0.11880433, 0.0490355], [0.09521738, 0.02821044, 0.0710674], [-0.08974105, -0.04257739, -0.08535198], [0.04365774, 0.1084327, -0.04764953], [0.09528808, -0.08259421, -0.00360055], [0.06871749, 0.08439517, 0.07397689], [-0.05273246, -0.10556509, -0.0661913], [0.00781997, 0.02418775, -0.12574949], [-0.12318611, -0.02341728, 0.02602345], [0.0287882, 0.10988883, 0.05643981], [0.038001, 0.0966832, 0.07238895], [-0.12001339, -0.02560454, 0.03456658], [0.06997295, -0.10053011, 0.0406999]], "atomic quadrupole moments": [[-0.13657124, -0.00782399, -0.0800352, -0.05228963, 0.10245284, 0.21660644], [-0.17794203, 0.09628257, 0.16836894, -0.0281454, 0.14925795, 0.00957309], [-0.0208162, -0.02978789, 0.05392127, -0.0122891, 0.02751032, -0.03310508], [0.06386354, -0.21784475, -0.05704236, -0.08759845, 0.04728763, -0.00682117], [-0.07812744, -0.03122869, -0.11668017, -0.13179369, 0.03307527, 0.19480762], [-0.17868904, 0.06732604, -0.20805049, -0.1031576, -0.11525323, 0.38673952], [-0.11380319, 0.04232114, -0.06260689, -0.05185111, -0.04001662, 0.17641008], [-0.44329651, 0.15240612, 0.1102828, -0.12335066, -0.01836851, 0.33301372], [-0.21080741, 0.14383926, 0.37634733, 0.02354034, 0.13279761, -0.16553992], [-0.13211837, 0.00677689, -0.04783826, -0.05700166, -0.04182992, 0.17995663], [-0.21610479, -0.07348028, -0.16541579, -0.15112178, -0.12256235, 0.38152058], [0.09430581, -0.03887351, -0.0408281, -0.04734835, -0.03517582, -0.05347771], [0.19509011, -0.0656213, -0.14478678, -0.07385267, -0.12844001, -0.05030332], [0.01280705, -0.172384, 0.08768336, 0.05372268, -0.0803499, -0.1004904], [-0.1017126, -0.00038923, -0.114561, -0.03131922, -0.06201827, 0.2162736], [-0.04438771, -0.01275608, -0.10207344, -0.04505087, -0.05883923, 0.14646114], [-0.00035219, -0.05236303, 0.00087445, 0.03099528, -0.03786469, -0.00052225], [-0.04245976, 0.03731492, 0.07621853, -0.00255843, 0.01148072, -0.03375877], [0.0730265, 0.01828065, -0.04679773, -0.01441714, -0.00153586, -0.02622877], [0.00339959, -0.02648042, -0.0049092, 0.03567385, -0.00042127, 0.00150961], [0.05301765, -0.00449424, -0.02355596, -0.01613189, 0.01669598, -0.02946169], [-0.00252832, 0.02846088, 0.02664331, -0.02369998, -0.00423843, -0.024115], [0.0179463, 0.02237598, -0.01260349, 0.0269798, 0.03426506, -0.00534281], [0.03500238, 0.03517891, -0.03439215, 0.04267701, 0.01658087, -0.00061023], [-0.04052851, 0.03776067, 0.06414534, -0.01121758, -0.02365402, -0.02361683], [0.02464164, -0.06977499, 0.00835351, 0.00155353, -0.00554653, -0.03299514], [-0.00531117, 0.000212, 0.05665947, -0.00793841, 0.0427134, -0.0513483], [-0.01670001, -0.00701722, 0.01822479, 0.0006637, 0.01349288, -0.00152479], [-0.04401348, -0.00794426, -0.03346647, -0.01693622, -0.01077314, 0.07747994], [0.06697849, 0.02883765, -0.02554807, -0.0292632, -0.01548458, -0.04143042], [-0.0289365, 0.02821838, 0.0355943, 0.03087016, 0.0505211, -0.0066578], [-0.03884511, 0.03721178, 0.05266001, 0.01784932, 0.04061715, -0.01381489], [0.0783612, 0.02232819, -0.047806, -0.01760727, -0.00792938, -0.0305552], [-0.00476845, -0.06131236, 0.03263221, 0.01089847, -0.01267316, -0.02786376]], "number of molecular orbitals": 87, "number of electrons": 90, "number of unpaired electrons": 0, "orbital energies/eV": [-28.5914282, -18.82897958, -18.22857801, -18.01689087, -17.74087287, -17.71606296, -17.46369714, -17.20736221, -16.95634755, -16.50096343, -16.36207995, -16.30084803, -16.15299652, -15.88961585, -15.59703893, -15.19487456, -15.14259889, -15.02104614, -14.65146397, -14.52946217, -14.14234816, -14.00467325, -13.93275987, -13.7226049, -13.61907962, -13.55765951, -13.37664018, -13.17105518, -13.01822816, -12.88825602, -12.84364763, -12.80405393, -12.67871694, -12.58177312, -12.32783975, -12.23671135, -12.16005219, -12.08036844, -12.02132328, -11.41977643, -11.35439512, -10.72827161, -10.4341232, -10.34432835, -10.19146247, -6.907713, -6.31950719, -3.59286684, -3.28847405, -0.70308108, 0.38339163, 0.62592494, 0.62844089, 0.65263178, 1.03023027, 2.00138754, 2.3902851, 2.55143817, 2.96547659, 3.03240224, 3.19618087, 3.26997081, 3.76054871, 3.90989384, 4.15476207, 4.29798877, 4.43136258, 4.66386289, 4.79575265, 4.91822573, 5.00179077, 5.34515915, 5.59979368, 5.79797917, 6.18665143, 6.40461274, 6.42275158, 6.62654022, 6.77815248, 7.20758393, 7.3151966, 7.89677128, 8.65275053, 11.80726935, 12.15371111, 13.04771336, 17.46055299], "fractional occupation": [2.0, 2.0, 2.0, 2.0, 2.0, 2.0, 2.0, 2.0, 2.0, 2.0, 2.0, 2.0, 2.0, 2.0, 2.0, 2.0, 2.0, 2.0, 2.0, 2.0, 2.0, 2.0, 2.0, 2.0, 2.0, 2.0, 2.0, 2.0, 2.0, 2.0, 2.0, 2.0, 2.0, 2.0, 2.0, 2.0, 2.0, 2.0, 2.0, 2.0, 2.0, 2.0, 2.0, 2.0, 2.0, 0.0, 0.0, 0.0, 0.0, 0.0, 0.0, 0.0, 0.0, 0.0, 0.0, 0.0, 0.0, 0.0, 0.0, 0.0, 0.0, 0.0, 0.0, 0.0, 0.0, 0.0, 0.0, 0.0, 0.0, 0.0, 0.0, 0.0, 0.0, 0.0, 0.0, 0.0, 0.0, 0.0, 0.0, 0.0, 0.0, 0.0, 0.0, 0.0, 0.0, 0.0, 0.0], "program call": "xtb /home/svss/Project-DBcg-Debug/aqme2_20220329/End-to-End-workflows-final/example-3/QDESCP/mol_246_rdkit_conf_3/mol_246_rdkit_conf_3.xyz --pop --wbo --acc 0.2 --gfn 2 --chrg 0 --uhf 0 --etemp 300 --input /home/svss/Project-DBcg-Debug/aqme2_20220329/End-to-End-workflows-final/example-3/QDESCP/mol_246_rdkit_conf_3/mol_246_rdkit_conf_3_xtb.inp", "method": "GFN2-xTB", "xtb version": "6.3.3 (7355c4f)", "Dipole module/D": 4.977, "Total charge": 0, "Transition dipole module/D": NaN, "HOMO": -10.1915, "LUMO": -6.9077, "HOMO occupancy": 2.0, "LUMO occupancy": 0, "mulliken charges": [-0.09354, 0.10109, -0.27163, 0.1007, -0.09498, 0.4397, -0.42566, 0.41705, -0.10473, -0.41967, 0.44486, -0.35759, 0.13504, -0.09989, -0.10466, -0.45471, 0.03145, 0.02974, 0.03903, 0.03692, 0.02546, 0.04047, 0.0245, 0.04311, 0.02981, 0.03191, 0.21726, 0.03735, 0.03809, 0.03162, 0.0289, 0.02843, 0.03336, 0.04121], "cm5 charges": [-0.23697, 0.05424, -0.52149, 0.05382, -0.23863, 0.6611, -0.60242, 0.57722, -0.08973, -0.5966, 0.6635, -0.697, 0.12311, -0.2421, -0.24674, -0.63051, 0.08515, 0.08102, 0.09461, 0.10503, 0.09031, 0.10855, 0.08923, 0.09861, 0.08353, 0.08318, 0.41905, 0.10881, 0.09174, 0.08339, 0.08286, 0.08248, 0.08521, 0.09646], "FUKUI+": [0.011, 0.019, -0.059, 0.018, 0.011, -0.022, -0.102, -0.074, -0.185, -0.096, -0.033, -0.052, 0.009, 0.012, 0.013, -0.114, -0.019, -0.029, -0.0, -0.015, -0.037, -0.014, -0.037, 0.001, -0.019, -0.029, -0.039, -0.014, -0.014, -0.026, -0.017, -0.018, -0.031, 0.003], "FUKUI-": [0.006, 0.016, -0.089, 0.015, 0.006, 0.003, -0.089, 0.005, -0.121, -0.086, 0.002, -0.066, 0.003, 0.011, 0.006, -0.091, -0.025, -0.038, -0.012, -0.033, -0.041, -0.034, -0.044, -0.016, -0.026, -0.039, -0.034, -0.029, -0.027, -0.033, -0.027, -0.024, -0.038, -0.014], "FUKUIrad": [0.009, 0.017, -0.074, 0.017, 0.009, -0.01, -0.095, -0.034, -0.153, -0.091, -0.015, -0.059, 0.006, 0.012, 0.009, -0.102, -0.022, -0.033, -0.006, -0.024, -0.039, -0.024, -0.041, -0.008, -0.022, -0.034, -0.037, -0.022, -0.021, -0.03, -0.022, -0.021, -0.034, -0.006], "s proportion": [1.012, 1.001, 1.436, 1.002, 1.012, 0.97, 1.533, 1.007, 1.941, 1.533, 0.975, 1.451, 1.029, 1.016, 1.018, 1.527, 0.969, 0.97, 0.961, 0.963, 0.975, 0.96, 0.975, 0.957, 0.97, 0.968, 0.783, 0.963, 0.962, 0.968, 0.971, 0.972, 0.967, 0.959], "p proportion": [3.082, 2.898, 3.836, 2.898, 3.083, 2.59, 3.893, 2.576, 5.175, 3.886, 2.58, 3.907, 2.836, 3.084, 3.087, 3.928, 0.0, 0.0, 0.0, 0.0, 0.0, 0.0, 0.0, 0.0, 0.0, 0.0, 0.0, 0.0, 0.0, 0.0, 0.0, 0.0, 0.0, 0.0], "d proportion": [0.0, 0.0, 0.0, 0.0, 0.0, 0.0, 0.0, 0.0, -0.012, 0.0, 0.0, 0.0, 0.0, 0.0, 0.0, 0.0, 0.0, 0.0, 0.0, 0.0, 0.0, 0.0, 0.0, 0.0, 0.0, 0.0, 0.0, 0.0, 0.0, 0.0, 0.0, 0.0, 0.0, 0.0], "Fermi-level/eV": -8.5496, "Coordination numbers": [3.75, 3.74, 2.743, 3.74, 3.75, 2.93, 1.908, 2.969, 1.032, 1.906, 2.949, 2.702, 3.79, 3.755, 3.752, 1.853, 0.924, 0.924, 0.924, 0.924, 0.924, 0.924, 0.924, 0.924, 0.924, 0.924, 0.86, 0.924, 0.924, 0.924, 0.924, 0.924, 0.924, 0.924], "Dispersion coefficient C6": [22.656, 20.603, 22.882, 20.621, 22.645, 22.769, 29.269, 22.243, 103.215, 29.185, 22.604, 25.195, 19.717, 22.78, 22.675, 30.289, 2.413, 2.393, 2.324, 2.197, 2.342, 2.118, 2.355, 2.303, 2.462, 2.373, 1.191, 2.089, 2.328, 2.357, 2.43, 2.494, 2.373, 2.474], "Total dispersion C6": 12109.993229, "Total dispersion C8": 284748.836384, "Polarizability alpha": [6.788, 6.476, 7.104, 6.479, 6.787, 7.826, 8.021, 7.736, 15.543, 8.01, 7.798, 7.455, 6.324, 6.806, 6.79, 8.157, 2.429, 2.419, 2.384, 2.318, 2.393, 2.276, 2.4, 2.373, 2.454, 2.409, 1.71, 2.26, 2.386, 2.401, 2.438, 2.47, 2.409, 2.46], "Total polarizability alpha": 166.48945, "Wiberg matrix": [[0.0, 1.0101191503669025, 0.0, 0.0, 0.0, 0.0, 0.0, 0.0, 0.0, 0.0, 0.0, 0.0, 0.0, 0.0, 0.0, 0.0, 0.9865511277727479, 0.9844539988427445, 0.9858643041936885, 0.0, 0.0, 0.0, 0.0, 0.0, 0.0, 0.0, 0.0, 0.0, 0.0, 0.0, 0.0, 0.0, 0.0, 0.0], [1.0101191503669025, 0.0, 0.9870973711089482, 0.0, 0.0, 0.0, 0.0, 0.0, 0.0, 0.0, 0.0, 0.0, 0.0, 0.0, 0.0, 0.0, 0.0, 0.0, 0.0, 0.9676483167025849, 0.9711633488927677, 0.0, 0.0, 0.0, 0.0, 0.0, 0.0, 0.0, 0.0, 0.0, 0.0, 0.0, 0.0, 0.0], [0.0, 0.9870973711089482, 0.0, 0.9864826184308081, 0.0, 1.2369869037244594, 0.0, 0.0, 0.0, 0.0, 0.0, 0.0, 0.0, 0.0, 0.0, 0.0, 0.0, 0.0, 0.0, 0.0, 0.0, 0.0, 0.0, 0.0, 0.0, 0.0, 0.0, 0.0, 0.0, 0.0, 0.0, 0.0, 0.0, 0.0], [0.0, 0.0, 0.9864826184308081, 0.0, 1.0093792348337796, 0.0, 0.0, 0.0, 0.0, 0.0, 0.0, 0.0, 0.0, 0.0, 0.0, 0.0, 0.0, 0.0, 0.0, 0.0, 0.0, 0.9677973984888101, 0.971472151053417, 0.0, 0.0, 0.0, 0.0, 0.0, 0.0, 0.0, 0.0, 0.0, 0.0, 0.0], [0.0, 0.0, 0.0, 1.0093792348337796, 0.0, 0.0, 0.0, 0.0, 0.0, 0.0, 0.0, 0.0, 0.0, 0.0, 0.0, 0.0, 0.0, 0.0, 0.0, 0.0, 0.0, 0.0, 0.0, 0.9856227111240009, 0.9862986393699077, 0.9840344498200179, 0.0, 0.0, 0.0, 0.0, 0.0, 0.0, 0.0, 0.0], [0.0, 0.0, 1.2369869037244594, 0.0, 0.0, 0.0, 1.2733664858934035, 0.0, 0.0, 0.0, 0.0, 0.0, 0.0, 0.0, 0.0, 1.3098980237703373, 0.0, 0.0, 0.0, 0.0, 0.0, 0.0, 0.0, 0.0, 0.0, 0.0, 0.0, 0.0, 0.0, 0.0, 0.0, 0.0, 0.0, 0.0], [0.0, 0.0, 0.0, 0.0, 0.0, 1.2733664858934035, 0.0, 1.413123617714425, 0.0, 0.0, 0.0, 0.0, 0.0, 0.0, 0.0, 0.0, 0.0, 0.0, 0.0, 0.0, 0.0, 0.0, 0.0, 0.0, 0.0, 0.0, 0.0, 0.0, 0.0, 0.0, 0.0, 0.0, 0.0, 0.0], [0.0, 0.0, 0.0, 0.0, 0.0, 0.0, 1.413123617714425, 0.0, 0.9968521655769688, 1.3960354832847708, 0.0, 0.0, 0.0, 0.0, 0.0, 0.0, 0.0, 0.0, 0.0, 0.0, 0.0, 0.0, 0.0, 0.0, 0.0, 0.0, 0.0, 0.0, 0.0, 0.0, 0.0, 0.0, 0.0, 0.0], [0.0, 0.0, 0.0, 0.0, 0.0, 0.0, 0.0, 0.9968521655769688, 0.0, 0.0, 0.0, 0.0, 0.0, 0.0, 0.0, 0.0, 0.0, 0.0, 0.0, 0.0, 0.0, 0.0, 0.0, 0.0, 0.0, 0.0, 0.0, 0.0, 0.0, 0.0, 0.0, 0.0, 0.0, 0.0], [0.0, 0.0, 0.0, 0.0, 0.0, 0.0, 0.0, 1.3960354832847708, 0.0, 0.0, 1.29389568373958, 0.0, 0.0, 0.0, 0.0, 0.0, 0.0, 0.0, 0.0, 0.0, 0.0, 0.0, 0.0, 0.0, 0.0, 0.0, 0.0, 0.0, 0.0, 0.0, 0.0, 0.0, 0.0, 0.0], [0.0, 0.0, 0.0, 0.0, 0.0, 0.0, 0.0, 0.0, 0.0, 1.29389568373958, 0.0, 1.1966982375754442, 0.0, 0.0, 0.0, 1.341228912546191, 0.0, 0.0, 0.0, 0.0, 0.0, 0.0, 0.0, 0.0, 0.0, 0.0, 0.0, 0.0, 0.0, 0.0, 0.0, 0.0, 0.0, 0.0], [0.0, 0.0, 0.0, 0.0, 0.0, 0.0, 0.0, 0.0, 0.0, 0.0, 1.1966982375754442, 0.0, 0.9767064419779453, 0.0, 0.0, 0.0, 0.0, 0.0, 0.0, 0.0, 0.0, 0.0, 0.0, 0.0, 0.0, 0.0, 0.9321174815366033, 0.0, 0.0, 0.0, 0.0, 0.0, 0.0, 0.0], [0.0, 0.0, 0.0, 0.0, 0.0, 0.0, 0.0, 0.0, 0.0, 0.0, 0.0, 0.9767064419779453, 0.0, 1.0053983339611348, 0.9992578889866404, 0.0, 0.0, 0.0, 0.0, 0.0, 0.0, 0.0, 0.0, 0.0, 0.0, 0.0, 0.0, 0.9605259790875191, 0.0, 0.0, 0.0, 0.0, 0.0, 0.0], [0.0, 0.0, 0.0, 0.0, 0.0, 0.0, 0.0, 0.0, 0.0, 0.0, 0.0, 0.0, 1.0053983339611348, 0.0, 0.0, 0.0, 0.0, 0.0, 0.0, 0.0, 0.0, 0.0, 0.0, 0.0, 0.0, 0.0, 0.0, 0.0, 0.9856786817404177, 0.984954355292598, 0.9857832991024249, 0.0, 0.0, 0.0], [0.0, 0.0, 0.0, 0.0, 0.0, 0.0, 0.0, 0.0, 0.0, 0.0, 0.0, 0.0, 0.9992578889866404, 0.0, 0.0, 0.0, 0.0, 0.0, 0.0, 0.0, 0.0, 0.0, 0.0, 0.0, 0.0, 0.0, 0.0, 0.0, 0.0, 0.0, 0.0, 0.9855364170891197, 0.9839380835474674, 0.9856992858235806], [0.0, 0.0, 0.0, 0.0, 0.0, 1.3098980237703373, 0.0, 0.0, 0.0, 0.0, 1.341228912546191, 0.0, 0.0, 0.0, 0.0, 0.0, 0.0, 0.0, 0.0, 0.0, 0.0, 0.0, 0.0, 0.0, 0.0, 0.0, 0.0, 0.0, 0.0, 0.0, 0.0, 0.0, 0.0, 0.0], [0.9865511277727479, 0.0, 0.0, 0.0, 0.0, 0.0, 0.0, 0.0, 0.0, 0.0, 0.0, 0.0, 0.0, 0.0, 0.0, 0.0, 0.0, 0.0, 0.0, 0.0, 0.0, 0.0, 0.0, 0.0, 0.0, 0.0, 0.0, 0.0, 0.0, 0.0, 0.0, 0.0, 0.0, 0.0], [0.9844539988427445, 0.0, 0.0, 0.0, 0.0, 0.0, 0.0, 0.0, 0.0, 0.0, 0.0, 0.0, 0.0, 0.0, 0.0, 0.0, 0.0, 0.0, 0.0, 0.0, 0.0, 0.0, 0.0, 0.0, 0.0, 0.0, 0.0, 0.0, 0.0, 0.0, 0.0, 0.0, 0.0, 0.0], [0.9858643041936885, 0.0, 0.0, 0.0, 0.0, 0.0, 0.0, 0.0, 0.0, 0.0, 0.0, 0.0, 0.0, 0.0, 0.0, 0.0, 0.0, 0.0, 0.0, 0.0, 0.0, 0.0, 0.0, 0.0, 0.0, 0.0, 0.0, 0.0, 0.0, 0.0, 0.0, 0.0, 0.0, 0.0], [0.0, 0.9676483167025849, 0.0, 0.0, 0.0, 0.0, 0.0, 0.0, 0.0, 0.0, 0.0, 0.0, 0.0, 0.0, 0.0, 0.0, 0.0, 0.0, 0.0, 0.0, 0.0, 0.0, 0.0, 0.0, 0.0, 0.0, 0.0, 0.0, 0.0, 0.0, 0.0, 0.0, 0.0, 0.0], [0.0, 0.9711633488927677, 0.0, 0.0, 0.0, 0.0, 0.0, 0.0, 0.0, 0.0, 0.0, 0.0, 0.0, 0.0, 0.0, 0.0, 0.0, 0.0, 0.0, 0.0, 0.0, 0.0, 0.0, 0.0, 0.0, 0.0, 0.0, 0.0, 0.0, 0.0, 0.0, 0.0, 0.0, 0.0], [0.0, 0.0, 0.0, 0.9677973984888101, 0.0, 0.0, 0.0, 0.0, 0.0, 0.0, 0.0, 0.0, 0.0, 0.0, 0.0, 0.0, 0.0, 0.0, 0.0, 0.0, 0.0, 0.0, 0.0, 0.0, 0.0, 0.0, 0.0, 0.0, 0.0, 0.0, 0.0, 0.0, 0.0, 0.0], [0.0, 0.0, 0.0, 0.971472151053417, 0.0, 0.0, 0.0, 0.0, 0.0, 0.0, 0.0, 0.0, 0.0, 0.0, 0.0, 0.0, 0.0, 0.0, 0.0, 0.0, 0.0, 0.0, 0.0, 0.0, 0.0, 0.0, 0.0, 0.0, 0.0, 0.0, 0.0, 0.0, 0.0, 0.0], [0.0, 0.0, 0.0, 0.0, 0.9856227111240009, 0.0, 0.0, 0.0, 0.0, 0.0, 0.0, 0.0, 0.0, 0.0, 0.0, 0.0, 0.0, 0.0, 0.0, 0.0, 0.0, 0.0, 0.0, 0.0, 0.0, 0.0, 0.0, 0.0, 0.0, 0.0, 0.0, 0.0, 0.0, 0.0], [0.0, 0.0, 0.0, 0.0, 0.9862986393699077, 0.0, 0.0, 0.0, 0.0, 0.0, 0.0, 0.0, 0.0, 0.0, 0.0, 0.0, 0.0, 0.0, 0.0, 0.0, 0.0, 0.0, 0.0, 0.0, 0.0, 0.0, 0.0, 0.0, 0.0, 0.0, 0.0, 0.0, 0.0, 0.0], [0.0, 0.0, 0.0, 0.0, 0.9840344498200179, 0.0, 0.0, 0.0, 0.0, 0.0, 0.0, 0.0, 0.0, 0.0, 0.0, 0.0, 0.0, 0.0, 0.0, 0.0, 0.0, 0.0, 0.0, 0.0, 0.0, 0.0, 0.0, 0.0, 0.0, 0.0, 0.0, 0.0, 0.0, 0.0], [0.0, 0.0, 0.0, 0.0, 0.0, 0.0, 0.0, 0.0, 0.0, 0.0, 0.0, 0.9321174815366033, 0.0, 0.0, 0.0, 0.0, 0.0, 0.0, 0.0, 0.0, 0.0, 0.0, 0.0, 0.0, 0.0, 0.0, 0.0, 0.0, 0.0, 0.0, 0.0, 0.0, 0.0, 0.0], [0.0, 0.0, 0.0, 0.0, 0.0, 0.0, 0.0, 0.0, 0.0, 0.0, 0.0, 0.0, 0.9605259790875191, 0.0, 0.0, 0.0, 0.0, 0.0, 0.0, 0.0, 0.0, 0.0, 0.0, 0.0, 0.0, 0.0, 0.0, 0.0, 0.0, 0.0, 0.0, 0.0, 0.0, 0.0], [0.0, 0.0, 0.0, 0.0, 0.0, 0.0, 0.0, 0.0, 0.0, 0.0, 0.0, 0.0, 0.0, 0.9856786817404177, 0.0, 0.0, 0.0, 0.0, 0.0, 0.0, 0.0, 0.0, 0.0, 0.0, 0.0, 0.0, 0.0, 0.0, 0.0, 0.0, 0.0, 0.0, 0.0, 0.0], [0.0, 0.0, 0.0, 0.0, 0.0, 0.0, 0.0, 0.0, 0.0, 0.0, 0.0, 0.0, 0.0, 0.984954355292598, 0.0, 0.0, 0.0, 0.0, 0.0, 0.0, 0.0, 0.0, 0.0, 0.0, 0.0, 0.0, 0.0, 0.0, 0.0, 0.0, 0.0, 0.0, 0.0, 0.0], [0.0, 0.0, 0.0, 0.0, 0.0, 0.0, 0.0, 0.0, 0.0, 0.0, 0.0, 0.0, 0.0, 0.9857832991024249, 0.0, 0.0, 0.0, 0.0, 0.0, 0.0, 0.0, 0.0, 0.0, 0.0, 0.0, 0.0, 0.0, 0.0, 0.0, 0.0, 0.0, 0.0, 0.0, 0.0], [0.0, 0.0, 0.0, 0.0, 0.0, 0.0, 0.0, 0.0, 0.0, 0.0, 0.0, 0.0, 0.0, 0.0, 0.9855364170891197, 0.0, 0.0, 0.0, 0.0, 0.0, 0.0, 0.0, 0.0, 0.0, 0.0, 0.0, 0.0, 0.0, 0.0, 0.0, 0.0, 0.0, 0.0, 0.0], [0.0, 0.0, 0.0, 0.0, 0.0, 0.0, 0.0, 0.0, 0.0, 0.0, 0.0, 0.0, 0.0, 0.0, 0.9839380835474674, 0.0, 0.0, 0.0, 0.0, 0.0, 0.0, 0.0, 0.0, 0.0, 0.0, 0.0, 0.0, 0.0, 0.0, 0.0, 0.0, 0.0, 0.0, 0.0], [0.0, 0.0, 0.0, 0.0, 0.0, 0.0, 0.0, 0.0, 0.0, 0.0, 0.0, 0.0, 0.0, 0.0, 0.9856992858235806, 0.0, 0.0, 0.0, 0.0, 0.0, 0.0, 0.0, 0.0, 0.0, 0.0, 0.0, 0.0, 0.0, 0.0, 0.0, 0.0, 0.0, 0.0, 0.0]], "Born radii": [], "Atomic SASAs": [], "Solvent H bonds": [], "Total SASA": NaN, "Total FOD": 0.0, "FOD": [0.0, 0.0, 0.0, 0.0, 0.0, 0.0, 0.0, 0.0, 0.0, 0.0, 0.0, 0.0, 0.0, 0.0, 0.0, 0.0, 0.0, 0.0, 0.0, 0.0, 0.0, 0.0, 0.0, 0.0, 0.0, 0.0, 0.0, 0.0, 0.0, 0.0, 0.0, 0.0, 0.0, 0.0], "FOD s proportion": [0.0, 0.0, 0.0, 0.0, 0.0, 0.0, 0.0, 0.0, 0.0, 0.0, 0.0, 0.0, 0.0, 0.0, 0.0, 0.0, 0.0, 0.0, 0.0, 0.0, 0.0, 0.0, 0.0, 0.0, 0.0, 0.0, 0.0, 0.0, 0.0, 0.0, 0.0, 0.0, 0.0, 0.0], "FOD p proportion": [0.0, 0.0, 0.0, 0.0, 0.0, 0.0, 0.0, 0.0, 0.0, 0.0, 0.0, 0.0, 0.0, 0.0, 0.0, 0.0, 0.0, 0.0, 0.0, 0.0, 0.0, 0.0, 0.0, 0.0, 0.0, 0.0, 0.0, 0.0, 0.0, 0.0, 0.0, 0.0, 0.0, 0.0], "FOD d proportion": [0.0, 0.0, 0.0, 0.0, 0.0, 0.0, 0.0, 0.0, 0.0, 0.0, 0.0, 0.0, 0.0, 0.0, 0.0, 0.0, 0.0, 0.0, 0.0, 0.0, 0.0, 0.0, 0.0, 0.0, 0.0, 0.0, 0.0, 0.0, 0.0, 0.0, 0.0, 0.0, 0.0, 0.0], "coordinates": [["2.39360", "1.44500", "1.70970"], ["2.61620", "1.05090", "0.25700"], ["2.28640", "-0.35210", "0.04950"], ["3.35820", "-1.33630", "-0.01370"], ["3.89000", "-1.48210", "-1.43220"], ["0.99320", "-0.71600", "-0.26740"], ["0.73930", "-1.98240", "-0.55360"], ["-0.52810", "-2.23210", "-0.83890"], ["-0.90130", "-3.85940", "-1.20970"], ["-1.54400", "-1.38810", "-0.86140"], ["-1.19510", "-0.15290", "-0.56380"], ["-2.13830", "0.86130", "-0.55290"], ["-3.50800", "0.51520", "-0.19680"], ["-4.41230", "1.67840", "-0.60660"], ["-3.63050", "0.26010", "1.30540"], ["0.04310", "0.21930", "-0.26100"], ["2.99580", "0.82380", "2.38120"], ["2.67710", "2.49040", "1.86640"], ["1.34440", "1.33100", "2.00040"], ["2.04420", "1.70850", "-0.40910"], ["3.66980", "1.22770", "0.00720"], ["3.03530", "-2.31100", "0.37210"], ["4.18100", "-1.02240", "0.64090"], ["3.11390", "-1.83780", "-2.11740"], ["4.26070", "-0.52560", "-1.81530"], ["4.71580", "-2.20010", "-1.45430"], ["-1.73480", "1.64970", "-0.05890"], ["-3.84620", "-0.37110", "-0.74790"], ["-4.33710", "1.86700", "-1.68330"], ["-5.45970", "1.45950", "-0.37420"], ["-4.13410", "2.60360", "-0.08920"], ["-3.29700", "1.12790", "1.88570"], ["-4.66900", "0.04650", "1.57970"], ["-3.02230", "-0.59650", "1.61450"]], "bond_dist": [[0.0, 1.521579067942248, 2.4489435048608206, 3.4111860708557074, 4.547379792803763, 3.2465313135714555, 4.427900872874188, 5.343478011557641, 6.893179362964524, 5.490146134667091, 4.538816404085982, 5.098841246793237, 6.2712162177682895, 7.193051929466379, 6.152822710756423, 3.3031574637004515, 1.0951924625379779, 1.0944351511167758, 1.0946794645009106, 2.163521677728236, 2.1387875023012453, 4.038376982155084, 3.228807049050779, 5.0933586502424895, 4.449151803433998, 5.3563292327862, 4.495946464316496, 6.947886082111594, 7.549361263709666, 8.125095097905009, 6.869444115792776, 5.702144927130492, 7.200904180031838, 5.7886749865578055], [1.521579067942248, 0.0, 1.4561020877672004, 2.514471381821634, 3.3003109065662284, 2.4558216486544784, 3.6579686794722557, 4.676078303450446, 6.215710838673241, 4.95043468798448, 4.0803008185671805, 4.8267127965106855, 6.164311362187994, 7.109104968981679, 6.3832411900225114, 2.7533118548395494, 2.1697686996544125, 2.160101252256477, 2.1760916363976954, 1.0969553181419924, 1.097146863459947, 3.3898767573467916, 2.625747729695296, 3.7722762809741286, 3.079636308072756, 4.231532683319366, 4.403357270310916, 6.692870966184842, 7.264926991374381, 8.110827837526822, 6.935220387269607, 6.133883511283858, 7.472114405574904, 6.029047624625303], [2.4489435048608206, 1.4561020877672004, 0.0, 1.4565023583914996, 2.458427922474035, 1.3802952800035218, 2.327042352429366, 3.4992949018337964, 4.903893271677107, 4.071240470667386, 3.5407145860687503, 4.627439401007861, 5.864123492901561, 7.0303612389407135, 6.079619993058777, 2.3356590290536845, 2.7060698549741837, 3.3961122404891158, 2.743392137482354, 2.1248640332971895, 2.1003220919658965, 2.1218414596760047, 2.094890262042382, 2.754544671992088, 2.7212941369870327, 3.4027199120703426, 4.493217470810866, 6.184253432711179, 7.19706557563567, 7.966397018728102, 7.069527595957173, 6.061054858685903, 7.132880425185886, 5.539968596481391], [3.4111860708557074, 2.514471381821634, 1.4565023583914996, 0.0, 1.521910355441476, 2.458121392445866, 2.7509224689183807, 4.0726822083241405, 5.093112001517343, 4.975222946763291, 4.736621840510386, 5.944046992580056, 7.1138091273241235, 8.355873188961164, 7.289063414458678, 3.6702774636258773, 3.2454447738330106, 4.317673691931803, 3.9021120614354476, 3.3397221740737657, 2.5829493549041955, 1.0968801848880305, 1.0972849265345808, 2.176404932451679, 2.171981422572486, 2.1597584494567905, 5.903972225544425, 7.30575389949593, 8.50096095391574, 9.257527655913321, 8.465404393766432, 7.346542658965509, 8.299819229356746, 6.626395666574702], [4.547379792803763, 3.3003109065662284, 2.458427922474035, 1.521910355441476, 0.0, 3.214827909857696, 3.308949763897905, 4.5204106561240645, 5.353280978054486, 5.464705357107554, 5.32720688635236, 6.527257689106506, 7.761818372649542, 8.921802558900303, 8.190704173024441, 4.366361300900328, 4.5451939463569655, 5.304021551615341, 5.116283194859331, 3.8253940463696026, 3.0762601385448534, 2.1617321272535133, 2.143303221665101, 1.094692988924292, 1.0950234472375466, 1.0945126997892713, 6.582742526485447, 7.845468623989264, 8.886208214418566, 9.858461576229834, 9.103997709797603, 8.335078248582914, 9.201339063962374, 7.605692574644337], [3.2465313135714555, 2.4558216486544784, 1.3802952800035218, 2.458121392445866, 3.214827909857696, 0.0, 1.322930311845639, 2.2225042519644367, 3.7891982133427646, 2.691084957781898, 2.2789452516460327, 3.5179081554241862, 4.667080376423788, 5.921793499439168, 4.980469128505868, 1.33323556058185, 3.660119227566228, 4.203525021930998, 3.075136953047782, 2.6462955503873715, 3.3192713673334997, 2.6689244387955235, 3.328807397552463, 3.0295715423141933, 3.6206080732385275, 4.179597490189695, 3.616903750447335, 4.875410610399908, 6.0900541787409415, 6.810589174219804, 6.110704107547673, 5.1421418552972655, 6.004472791178256, 4.436222279146977], [4.427900872874188, 3.6579686794722557, 2.327042352429366, 2.7509224689183807, 3.308949763897905, 1.322930311845639, 0.0, 1.3228941529842815, 2.5778216714893216, 2.3793680295406174, 2.6625321875988655, 4.045641103706556, 4.9401284689773, 6.320067104074133, 5.251651101320421, 2.3276151077873677, 4.64538499265669, 5.442187857838059, 4.22701804703978, 3.917446498677423, 4.3825870099748165, 2.4973014335478205, 3.767456587672909, 2.8469465678161225, 4.014275911045478, 4.083038822984665, 4.422448338872937, 4.8642420200890495, 6.4702348805897305, 7.092704771101078, 6.70798709897388, 5.649413090755534, 6.157687308559927, 4.55752246072359], [5.343478011557641, 4.676078303450446, 3.4992949018337964, 4.0726822083241405, 4.5204106561240645, 2.2225042519644367, 1.3228941529842815, 0.0, 1.710226935234035, 1.3209447603893207, 2.2008274921038224, 3.499094682914425, 4.1036268970265795, 5.516609754187802, 4.520394793599338, 2.582556835773416, 5.667930842026921, 6.316166668161948, 4.925805756421989, 4.725440052524209, 5.505312494309473, 3.764381193503123, 5.0822047322003865, 3.879974064346307, 5.176688579584444, 5.279983747134076, 4.139190274679336, 3.8054421044078444, 5.658985171388949, 6.177745155799161, 6.078591989926615, 5.13613204366866, 5.309302847832283, 3.8620451266136184], [6.893179362964524, 6.215710838673241, 4.903893271677107, 5.093112001517343, 5.353280978054486, 3.7891982133427646, 2.5778216714893216, 1.710226935234035, 0.0, 2.577149562986208, 3.7738107398225473, 4.924079988180533, 5.192107131021085, 6.584685220266797, 5.544776000885879, 4.292751651330414, 7.072079853904366, 7.911213422099039, 6.502934926631205, 6.349680387232101, 6.94653778727216, 4.516243279541083, 6.107623322537171, 4.586133108622121, 6.174724107197018, 5.86215984599533, 5.689397657045955, 4.5884564005774315, 6.694824535415398, 7.054627418935744, 7.312789145736393, 6.339877044549049, 6.101833368750739, 4.808457450160082], [5.490146134667091, 4.95043468798448, 4.071240470667386, 4.975222946763291, 5.464705357107554, 2.691084957781898, 2.3793680295406174, 1.3209447603893207, 2.577149562986208, 0.0, 1.3175796029083024, 2.3469480394759485, 2.814523059063471, 4.2066007868586714, 3.430024450350172, 2.337327818257422, 6.001394872027668, 6.3483336632536895, 4.891447496396133, 4.76116436284235, 5.897506764726938, 4.831485811838839, 5.930115241713267, 4.8451830202790065, 5.945449818979217, 6.340029215232372, 3.147799188321898, 2.519384069569386, 4.367219164411147, 4.866096596862828, 4.82064100924348, 4.11701632374709, 4.2169504822798185, 2.990331463232797], [4.538816404085982, 4.0803008185671805, 3.5407145860687503, 4.736621840510386, 5.32720688635236, 2.2789452516460327, 2.6625321875988655, 2.2008274921038224, 3.7738107398225473, 1.3175796029083024, 0.0, 1.3850439307112248, 2.435272678777471, 3.702143618229849, 3.0976847483241414, 1.3279156298500294, 5.214461688420005, 5.28079916016506, 3.902068823073217, 3.739225393045998, 5.0891403370313935, 4.840412025850692, 5.577614503531057, 4.8805780364624844, 5.609894043562677, 6.318445766167499, 1.948221460717441, 2.6664274338522698, 3.8994153741298194, 4.56317817754249, 4.057247639718335, 3.472532577240997, 4.0868488863670995, 2.8775739243327876], [5.098841246793237, 4.8267127965106855, 4.627439401007861, 5.944046992580056, 6.527257689106506, 3.5179081554241862, 4.045641103706556, 3.499094682914425, 4.924079988180533, 2.3469480394759485, 1.3850439307112248, 0.0, 1.4569387461386287, 2.4169427175669678, 2.457922124478316, 2.292569643435069, 5.913487285012119, 5.629836272930147, 4.343864439643577, 4.269863291722582, 5.846536289120252, 6.138831260916039, 6.7012712689459155, 6.1088792670996535, 6.6681591440216845, 7.560646713740829, 1.0141118330835117, 2.1151258047690686, 2.669074388247731, 3.3795672637188328, 2.689580751715776, 2.713011465143485, 3.408272918942965, 2.7575822018572715], [6.2712162177682895, 6.164311362187994, 5.864123492901561, 7.1138091273241235, 7.761818372649542, 4.667080376423788, 4.9401284689773, 4.1036268970265795, 5.192107131021085, 2.814523059063471, 2.435272678777471, 1.4569387461386287, 0.0, 1.5292902831052055, 1.5286226152978375, 3.5639850813380236, 7.002908852755404, 6.812757979702494, 5.3887849502462055, 5.682953547232284, 7.215960441271833, 7.150232761246308, 7.885852905678624, 7.285250371126582, 8.003468409383522, 8.751288292588699, 2.109584058529074, 1.0970953194686413, 2.173580525308414, 2.1753864346363843, 2.1828865133121327, 2.180992558446727, 2.1733736310169953, 2.1800433642476014], [7.193051929466379, 7.109104968981679, 7.0303612389407135, 8.355873188961164, 8.921802558900303, 5.921793499439168, 6.320067104074133, 5.516609754187802, 6.584685220266797, 4.2066007868586714, 3.702143618229849, 2.4169427175669678, 1.5292902831052055, 0.0, 2.505699529073668, 4.700957490767174, 8.033507055452182, 7.552129855875095, 6.32903868292808, 6.45959011934968, 8.117895129896667, 8.505287285565373, 9.09370011491472, 8.443332607448317, 9.029922518493722, 9.954072892540017, 2.7330944422028307, 2.1309352758824, 1.0956769094947654, 1.0949765887908287, 1.0959439036739065, 2.78540905972534, 2.7402372506773935, 3.469950319529085], [6.152822710756423, 6.3832411900225114, 6.079619993058777, 7.289063414458678, 8.190704173024441, 4.980469128505868, 5.251651101320421, 4.520394793599338, 5.544776000885879, 3.430024450350172, 3.0976847483241414, 2.457922124478316, 1.5286226152978375, 2.505699529073668, 0.0, 3.9938215483418884, 6.736687243742284, 6.713775156348326, 5.1360959706765605, 6.102425165456763, 7.477697044545199, 7.2051713192678495, 7.943922126380647, 7.848800902685709, 8.522155268475222, 9.128485735323245, 2.7177161625158726, 2.1589304805852367, 3.466084081496004, 2.7578232648231826, 2.7731776665046186, 1.0959229808704622, 1.0951473416851265, 1.0950861199010788], [3.3031574637004515, 2.7533118548395494, 2.3356590290536845, 3.6702774636258773, 4.366361300900328, 1.33323556058185, 2.3276151077873677, 2.582556835773416, 4.292751651330414, 2.337327818257422, 1.3279156298500294, 2.292569643435069, 3.5639850813380236, 4.700957490767174, 3.9938215483418884, 0.0, 4.00812654241355, 4.076969704326977, 2.836051575694631, 2.498810008784181, 3.773824941620901, 3.969445117393614, 4.413327419306209, 4.136144824592098, 4.556190762029176, 5.395515410041936, 2.2908114239282114, 3.9638741478508117, 4.891217089845839, 5.641960485505016, 4.812837164293011, 4.073099907932532, 5.061810223625535, 3.685065406475169], [1.0951924625379779, 2.1697686996544125, 2.7060698549741837, 3.2454447738330106, 4.5451939463569655, 3.660119227566228, 4.64538499265669, 5.667930842026921, 7.072079853904366, 6.001394872027668, 5.214461688420005, 5.913487285012119, 7.002908852755404, 8.033507055452182, 6.736687243742284, 4.00812654241355, 0.0, 1.7731735081485966, 1.7690060599104798, 3.077988099392199, 2.5006573555767293, 3.7235754457241765, 2.800320976245402, 5.228332825098264, 4.586007481459227, 5.178168736146013, 5.3865364734679, 7.617874823072378, 8.448659591911607, 8.915818745353677, 7.752808407925479, 6.319598792644989, 7.745692775988472, 6.23077913185823], [1.0944351511167758, 2.160101252256477, 3.3961122404891158, 4.317673691931803, 5.304021551615341, 4.203525021930998, 5.442187857838059, 6.316166668161948, 7.911213422099039, 6.3483336632536895, 5.28079916016506, 5.629836272930147, 6.812757979702494, 7.552129855875095, 6.713775156348326, 4.076969704326977, 1.7731735081485966, 0.0, 1.7715116849741634, 2.4879369505676787, 2.4569267836058932, 5.041297619661034, 4.012895376159214, 5.89870934357678, 5.015870796780954, 6.0978796667366275, 4.8865548385339945, 7.587897576404152, 7.885936804844432, 8.502385395287606, 7.0872865780917875, 6.127532092939211, 7.7472594709355125, 6.486568089521608], [1.0946794645009106, 2.1760916363976954, 2.743392137482354, 3.9021120614354476, 5.116283194859331, 3.075136953047782, 4.22701804703978, 4.925805756421989, 6.502934926631205, 4.891447496396133, 3.902068823073217, 4.343864439643577, 5.3887849502462055, 6.32903868292808, 5.1360959706765605, 2.836051575694631, 1.7690060599104798, 1.7715116849741634, 0.0, 2.5373049757567574, 3.0644742273349275, 4.332974463345012, 3.928489705981167, 5.48896169871862, 5.148915977174224, 5.980799048622182, 3.7180315786717038, 6.114950994080001, 6.792376899142156, 7.207705197911468, 5.999991764161014, 4.647257219048672, 6.163433158557007, 4.788762256575283], [2.163521677728236, 1.0969553181419924, 2.1248640332971895, 3.3397221740737657, 3.8253940463696026, 2.6462955503873715, 3.917446498677423, 4.725440052524209, 6.349680387232101, 4.76116436284235, 3.739225393045998, 4.269863291722582, 5.682953547232284, 6.45959011934968, 6.102425165456763, 2.498810008784181, 3.077988099392199, 2.4879369505676787, 2.5373049757567574, 0.0, 1.7455800439968372, 4.212948243214009, 3.623013807591685, 4.079067377477356, 3.4469513341502225, 4.848406290731007, 3.795647307113768, 6.255903912305558, 6.50920099397768, 7.5081112285314475, 6.250994393694495, 5.842227386879084, 7.196153394696364, 5.922618019930037], [2.1387875023012453, 1.097146863459947, 2.1003220919658965, 2.5829493549041955, 3.0762601385448534, 3.3192713673334997, 4.3825870099748165, 5.505312494309473, 6.94653778727216, 5.897506764726938, 5.0891403370313935, 5.846536289120252, 7.215960441271833, 8.117895129896667, 7.477697044545199, 3.773824941620901, 2.5006573555767293, 2.4569267836058932, 3.0644742273349275, 1.7455800439968372, 0.0, 3.6136048414291233, 2.3928750782270267, 3.770973378320245, 2.5970617917177097, 3.870389010164224, 5.4214531603620815, 7.721178242340996, 8.208345896098677, 9.140403024484204, 7.924850091957577, 7.216302691129302, 8.567588641502345, 7.120064700548725], [4.038376982155084, 3.3898767573467916, 2.1218414596760047, 1.0968801848880305, 2.1617321272535133, 2.6689244387955235, 2.4973014335478205, 3.764381193503123, 4.516243279541083, 4.831485811838839, 4.840412025850692, 6.138831260916039, 7.150232761246308, 8.505287285565373, 7.2051713192678495, 3.969445117393614, 3.7235754457241765, 5.041297619661034, 4.332974463345012, 4.212948243214009, 3.6136048414291233, 0.0, 1.7450993925848466, 2.535292182372675, 3.077982631529944, 2.484374371949606, 6.215043000655747, 7.236895346763002, 8.719669427220278, 9.324090247310995, 8.704388962471748, 7.363086408565365, 8.14692227163117, 6.416976372872195], [3.228807049050779, 2.625747729695296, 2.094890262042382, 1.0972849265345808, 2.143303221665101, 3.328807397552463, 3.767456587672909, 5.0822047322003865, 6.107623322537171, 5.930115241713267, 5.577614503531057, 6.7012712689459155, 7.885852905678624, 9.09370011491472, 7.943922126380647, 4.413327419306209, 2.800320976245402, 4.012895376159214, 3.928489705981167, 3.623013807591685, 2.3928750782270267, 1.7450993925848466, 0.0, 3.0678654566326733, 2.5072057693775354, 2.4622858018516047, 6.528899454732015, 8.17244742840234, 9.290240341885672, 10.006665384132717, 9.100648879063515, 7.879962000542895, 8.963614932046111, 7.2812649079675715], [5.0933586502424895, 3.7722762809741286, 2.754544671992088, 2.176404932451679, 1.094692988924292, 3.0295715423141933, 2.8469465678161225, 3.879974064346307, 4.586133108622121, 4.8451830202790065, 4.8805780364624844, 6.1088792670996535, 7.285250371126582, 8.443332607448317, 7.848800902685709, 4.136144824592098, 5.228332825098264, 5.89870934357678, 5.48896169871862, 4.079067377477356, 3.770973378320245, 2.535292182372675, 3.0678654566326733, 0.0, 1.768695420359311, 1.7711709431898432, 6.317433829491212, 7.243599322850486, 8.332549840835037, 9.349735316574474, 8.739172340673916, 8.119102469485158, 8.8200151536151, 7.28840543191719], [4.449151803433998, 3.079636308072756, 2.7212941369870327, 2.171981422572486, 1.0950234472375466, 3.6206080732385275, 4.014275911045478, 5.176688579584444, 6.174724107197018, 5.945449818979217, 5.609894043562677, 6.6681591440216845, 8.003468409383522, 9.029922518493722, 8.522155268475222, 4.556190762029176, 4.586007481459227, 5.015870796780954, 5.148915977174224, 3.4469513341502225, 2.5970617917177097, 3.077982631529944, 2.5072057693775354, 1.768695420359311, 0.0, 1.7723959094965211, 6.6153526965687925, 8.17832749527677, 8.925476099346186, 10.025146751045591, 9.12381394428887, 8.57614671866101, 9.570416161275329, 8.050505813301422], [5.3563292327862, 4.231532683319366, 3.4027199120703426, 2.1597584494567905, 1.0945126997892713, 4.179597490189695, 4.083038822984665, 5.279983747134076, 5.86215984599533, 6.340029215232372, 6.318445766167499, 7.560646713740829, 8.751288292588699, 9.954072892540017, 9.128485735323245, 5.395515410041936, 5.178168736146013, 6.0978796667366275, 5.980799048622182, 4.848406290731007, 3.870389010164224, 2.484374371949606, 2.4622858018516047, 1.7711709431898432, 1.7723959094965211, 0.0, 7.640572070205215, 8.783626014351931, 9.927171894351382, 10.867386457653929, 10.161681047444857, 9.29710427176118, 10.115672918792896, 8.477455868950306], [4.495946464316496, 4.403357270310916, 4.493217470810866, 5.903972225544425, 6.582742526485447, 3.616903750447335, 4.422448338872937, 4.139190274679336, 5.689397657045955, 3.147799188321898, 1.948221460717441, 1.0141118330835117, 2.109584058529074, 2.7330944422028307, 2.7177161625158726, 2.2908114239282114, 5.3865364734679, 4.8865548385339945, 3.7180315786717038, 3.795647307113768, 5.4214531603620815, 6.215043000655747, 6.528899454732015, 6.317433829491212, 6.6153526965687925, 7.640572070205215, 0.0, 3.0027260281284405, 3.075363383406911, 3.743056256590328, 2.582147127876334, 2.548374627090766, 3.723545332072647, 3.08274848957874], [6.947886082111594, 6.692870966184842, 6.184253432711179, 7.30575389949593, 7.845468623989264, 4.875410610399908, 4.8642420200890495, 3.8054421044078444, 4.5884564005774315, 2.519384069569386, 2.6664274338522698, 2.1151258047690686, 1.0970953194686413, 2.1309352758824, 2.1589304805852367, 3.9638741478508117, 7.617874823072378, 7.587897576404152, 6.114950994080001, 6.255903912305558, 7.721178242340996, 7.236895346763002, 8.17244742840234, 7.243599322850486, 8.17832749527677, 8.783626014351931, 3.0027260281284405, 0.0, 2.4748833467458624, 2.4686292350209253, 3.060328771553802, 3.0796867697868233, 2.5038193545062315, 2.5120808366770366], [7.549361263709666, 7.264926991374381, 7.19706557563567, 8.50096095391574, 8.886208214418566, 6.0900541787409415, 6.4702348805897305, 5.658985171388949, 6.694824535415398, 4.367219164411147, 3.8994153741298194, 2.669074388247731, 2.173580525308414, 1.0956769094947654, 3.466084081496004, 4.891217089845839, 8.448659591911607, 7.885936804844432, 6.792376899142156, 6.50920099397768, 8.208345896098677, 8.719669427220278, 9.290240341885672, 8.332549840835037, 8.925476099346186, 9.927171894351382, 3.075363383406911, 2.4748833467458624, 0.0, 1.7720129288467392, 1.7677509355109957, 3.790229256918373, 3.7512060540578145, 4.321228544060126], [8.125095097905009, 8.110827837526822, 7.966397018728102, 9.257527655913321, 9.858461576229834, 6.810589174219804, 7.092704771101078, 6.177745155799161, 7.054627418935744, 4.866096596862828, 4.56317817754249, 3.3795672637188328, 2.1753864346363843, 1.0949765887908287, 2.7578232648231826, 5.641960485505016, 8.915818745353677, 8.502385395287606, 7.207705197911468, 7.5081112285314475, 9.140403024484204, 9.324090247310995, 10.006665384132717, 9.349735316574474, 10.025146751045591, 10.867386457653929, 3.743056256590328, 2.4686292350209253, 1.7720129288467392, 0.0, 1.7740927737860832, 3.145533000939586, 2.537617130301575, 3.758055674148535], [6.869444115792776, 6.935220387269607, 7.069527595957173, 8.465404393766432, 9.103997709797603, 6.110704107547673, 6.70798709897388, 6.078591989926615, 7.312789145736393, 4.82064100924348, 4.057247639718335, 2.689580751715776, 2.1828865133121327, 1.0959439036739065, 2.7731776665046186, 4.812837164293011, 7.752808407925479, 7.0872865780917875, 5.999991764161014, 6.250994393694495, 7.924850091957577, 8.704388962471748, 9.100648879063515, 8.739172340673916, 9.12381394428887, 10.161681047444857, 2.582147127876334, 3.060328771553802, 1.7677509355109957, 1.7740927737860832, 0.0, 2.603585395181038, 3.100017037049958, 3.792009090178978], [5.702144927130492, 6.133883511283858, 6.061054858685903, 7.346542658965509, 8.335078248582914, 5.1421418552972655, 5.649413090755534, 5.13613204366866, 6.339877044549049, 4.11701632374709, 3.472532577240997, 2.713011465143485, 2.180992558446727, 2.78540905972534, 1.0959229808704622, 4.073099907932532, 6.319598792644989, 6.127532092939211, 4.647257219048672, 5.842227386879084, 7.216302691129302, 7.363086408565365, 7.879962000542895, 8.119102469485158, 8.57614671866101, 9.29710427176118, 2.548374627090766, 3.0796867697868233, 3.790229256918373, 3.145533000939586, 2.603585395181038, 0.0, 1.7735405154661672, 1.7670780656213239], [7.200904180031838, 7.472114405574904, 7.132880425185886, 8.299819229356746, 9.201339063962374, 6.004472791178256, 6.157687308559927, 5.309302847832283, 6.101833368750739, 4.2169504822798185, 4.0868488863670995, 3.408272918942965, 2.1733736310169953, 2.7402372506773935, 1.0951473416851265, 5.061810223625535, 7.745692775988472, 7.7472594709355125, 6.163433158557007, 7.196153394696364, 8.567588641502345, 8.14692227163117, 8.963614932046111, 8.8200151536151, 9.570416161275329, 10.115672918792896, 3.723545332