{"total energy": -64.97918365, "HOMO-LUMO gap/eV": 2.84612215, "electronic energy": -65.52409275, "dipole": [-0.61391829, -0.28284359, -1.57676178], "partial charges": [-0.1155385, 0.08997056, -0.24714556, 0.36925181, -0.37083832, -0.25354918, 0.09092612, -0.11306919, -0.11363797, 0.05364724, -0.09399521, 0.38678779, -0.40333463, -0.2652053, 0.09617267, -0.11410487, -0.25074034, 0.09151299, -0.11521728, 0.05808376, 0.06180009, 0.05974915, 0.0465144, 0.06095324, 0.04632782, 0.054389, 0.05686725, 0.06256786, 0.05773344, 0.07767231, 0.07113328, 0.05296978, 0.04848882, 0.06181844, 0.05970084, 0.05794824, 0.05745591, 0.04470193, 0.06099247, 0.06121686, 0.05902231], "atomic dipole moments": [[0.14897266, -0.00915227, 0.02442294], [0.03453274, 0.28560736, 0.01502981], [0.08033304, -0.1498887, -0.04424009], [-0.20338822, 0.10841675, -0.2109992], [-0.28906968, 0.27072603, -0.18449743], [-0.15604375, -0.02493391, -0.10090904], [0.24537138, -0.11708064, 0.07848122], [-0.05333161, -0.13804629, -0.00604868], [0.31292911, 0.19677433, 0.4023929], [-0.09485778, -0.05626766, -0.1515199], [0.27608509, 0.15835304, 0.42790189], [0.02478709, -0.22506069, -0.10482517], [0.08072241, -0.39967458, -0.11961292], [0.1119137, 0.14388711, -0.06892741], [-0.25112428, -0.12809766, -0.02855846], [-0.06096356, 0.12089487, -0.06405808], [-0.1349629, 0.10457575, -0.04255082], [0.10657916, -0.16558139, 0.20636848], [-0.06864465, 0.07763208, 0.11121925], [-0.03065909, 0.07206686, -0.10156622], [-0.06531787, 0.0548823, 0.09638235], [-0.04450794, -0.12061292, -0.01851336], [0.06285571, -0.04240093, -0.09760272], [0.02672672, -0.06036948, 0.10430526], [-0.02928798, -0.03459602, -0.11216463], [-0.09138719, -0.02126729, 0.08027916], [-0.09410029, 0.08002153, -0.03841123], [0.04090431, 0.0355085, 0.11815446], [0.10320949, 0.01878676, -0.07406743], [0.09111094, -0.07054935, 0.05956598], [-0.01533187, 0.11499479, 0.05144496], [-0.00255192, 0.09663518, 0.0751841], [0.04725077, 0.02614161, -0.11143285], [-0.05711506, -0.03527165, 0.11033356], [-0.00597891, -0.10604748, -0.07203166], [0.12452531, 0.0279768, 0.0237898], [0.03600125, 0.11697842, 0.00479327], [-0.12293224, -0.01239044, -0.00126644], [-0.0274107, -0.12594316, -0.00037249], [0.12837198, 0.00270596, 0.00681749], [-0.03765142, 0.05195203, -0.11282648]], "atomic quadrupole moments": [[0.27554122, 0.01097631, -0.13761684, 0.07646825, -0.00031248, -0.13792438], [0.01749869, 0.24421156, 0.36592066, 0.08290285, 0.10368979, -0.38341934], [0.02693883, 0.06240405, 0.09128298, -0.00619948, 0.02522568, -0.11822181], [-0.19583929, 0.51373306, 0.21290601, -0.46823288, 0.29825393, -0.01706672], [0.00547321, -0.30086798, -0.09792611, 0.39516469, -0.31086121, 0.09245291], [0.01700772, -0.07814085, 0.05787392, 0.06111784, 0.00508397, -0.07488164], [0.11958534, -0.2794357, 0.20511919, 0.19084027, -0.12453801, -0.32470453], [-0.10221129, 0.11270073, 0.25739183, 0.00143695, 0.00092519, -0.15518054], [0.11793423, 0.39167231, -0.44644354, -0.17085806, 0.02198888, 0.3285093], [0.09705482, 0.27968085, -0.27231539, -0.14741007, -0.04335551, 0.17526057], [0.11472325, 0.47755786, -0.35033678, -0.1511342, -0.01227661, 0.23561354], [0.52007344, 0.42463637, -1.0320674, 0.26786931, -0.46941855, 0.51199397], [-0.32862508, -0.03243643, 0.60787118, -0.0141756, 0.29360037, -0.2792461], [0.0862361, 0.0233133, -0.02111306, 0.06147978, -0.0482778, -0.06512304], [0.43499641, 0.09296292, -0.1295669, 0.20798876, -0.08189353, -0.30542951], [-0.03346569, -0.1567006, 0.10436653, 0.09643939, -0.14180899, -0.07090084], [-0.05248715, -0.05951709, -0.05952381, 0.00352035, -0.05965078, 0.11201096], [-0.25173128, -0.18595928, -0.16446523, 0.10636039, -0.19438305, 0.41619652], [-0.07537867, -0.08675689, -0.05470701, -0.14021887, 0.15295242, 0.13008568], [-0.02730078, -0.01058458, -0.01642831, 0.00788544, -0.05851683, 0.04372909], [-0.01298866, -0.02401131, -0.03340357, -0.03431305, 0.03934732, 0.04639223], [-0.02511058, 0.03166246, 0.07428239, 0.00684046, 0.0164188, -0.04917181], [-0.00481801, 0.01801881, 0.00066887, -0.02308526, 0.02551426, 0.00414915], [-0.0191315, 0.01652525, 0.00290496, 0.01784462, -0.02558359, 0.01622654], [-0.02645157, -0.0196824, 0.00113689, 0.02018694, 0.0070753, 0.02531467], [0.00881005, -0.01460195, -0.00100767, -0.0324307, -0.01505613, -0.00780238], [0.03542345, -0.05210956, 0.0039433, 0.03345532, -0.02138128, -0.03936675], [-0.03930293, 0.01545991, -0.03093897, 0.0230126, 0.01728783, 0.0702419], [0.02454396, 0.01080019, -0.03391287, -0.06297074, 0.00486189, 0.00936891], [0.02013951, -0.00861272, -0.01683609, 0.00083813, -0.02779399, -0.00330342], [-0.01435456, 0.00972076, 0.02005839, -0.02237334, 0.01900945, -0.00570383], [0.00116309, -0.00542594, 0.00497243, 0.01208035, 0.03719748, -0.00613552], [0.02072371, 0.00034527, -0.04220402, -0.00702531, -0.01292375, 0.02148031], [-0.01882845, -0.00081292, -0.02883849, -0.05376737, -0.01726331, 0.04766694], [-0.05141867, 0.00021422, 0.03103869, 0.00816665, 0.05450331, 0.02037997], [0.07210609, 0.03454825, -0.02654893, 0.02136794, -0.00020404, -0.04555716], [-0.03369361, 0.02346588, 0.02937228, 0.00445727, -0.00519477, 0.00432132], [0.02622826, 0.00911343, -0.04024054, 0.00647706, -0.01198023, 0.01401228], [-0.02402958, 0.03671103, 0.06656268, -0.01387783, -0.00227822, -0.04253309], [0.07692475, 0.01590367, -0.03587058, 0.01258469, 0.01430078, -0.04105417], [-0.031425, -0.02624487, -0.01773198, 0.03209631, -0.0452009, 0.04915698]], "number of molecular orbitals": 128, "number of electrons": 116, "number of unpaired electrons": 0, "orbital energies/eV": [-20.68949006, -20.68070839, -20.53039486, -20.51064612, -20.17035085, -20.16912412, -19.11513311, -19.06853346, -18.70598224, -18.60761405, -18.15996887, -18.15653057, -17.58411178, -17.28893251, -17.23826429, -16.90379399, -16.88767798, -16.70355909, -16.68261298, -16.30739803, -16.25063036, -16.08543764, -15.9474976, -15.69468865, -15.59447108, -15.42841554, -15.27786953, -15.09182621, -15.02931095, -14.95123484, -14.81219547, -14.63282171, -14.28618385, -14.1119718, -13.91343981, -13.84338584, -13.67569625, -13.56614367, -13.39400945, -13.36393011, -13.2669807, -13.24695006, -13.1818092, -13.13759655, -13.03360986, -12.92639052, -12.78526523, -12.73125885, -12.34856571, -12.2425255, -12.12818525, -12.08939688, -11.4651486, -11.18361215, -10.24192079, -10.22103187, -10.19452898, -10.12566289, -7.27954074, -6.83885291, -6.78421183, -5.41814851, -4.69152639, -4.39061336, -4.10652778, -3.95307326, -3.59320175, -3.4296143, -1.24960308, -1.2373785, -1.14915835, -0.81683601, -0.71050734, -0.49415705, -0.14102032, -0.07035735, 0.40388084, 0.50699885, 0.55129089, 0.59870944, 0.64078794, 1.15479012, 1.87142373, 2.14339931, 2.19225272, 2.49035454, 2.49108082, 2.67349083, 2.802612, 3.16266324, 3.20952982, 3.24939437, 3.35786384, 3.39929089, 3.52502998, 3.58164577, 3.73170687, 3.74233679, 3.98043402, 4.05779606, 4.13993616, 4.23394683, 4.38478554, 4.42498157, 4.51141881, 5.08200429, 5.51075337, 5.95293292, 6.0388569, 6.12735509, 6.19839646, 6.21144874, 6.44589667, 6.5918264, 6.69735856, 6.88712665, 8.72320532, 9.4213503, 10.75911593, 10.91808323, 11.25522252, 12.52902542, 25.55895274, 25.86846513, 26.96298768, 27.2454324, 33.75415027, 35.64235332], "fractional occupation": [2.0, 2.0, 2.0, 2.0, 2.0, 2.0, 2.0, 2.0, 2.0, 2.0, 2.0, 2.0, 2.0, 2.0, 2.0, 2.0, 2.0, 2.0, 2.0, 2.0, 2.0, 2.0, 2.0, 2.0, 2.0, 2.0, 2.0, 2.0, 2.0, 2.0, 2.0, 2.0, 2.0, 2.0, 2.0, 2.0, 2.0, 2.0, 2.0, 2.0, 2.0, 2.0, 2.0, 2.0, 2.0, 2.0, 2.0, 2.0, 2.0, 2.0, 2.0, 2.0, 2.0, 2.0, 2.0, 2.0, 2.0, 2.0, 0.0, 0.0, 0.0, 0.0, 0.0, 0.0, 0.0, 0.0, 0.0, 0.0, 0.0, 0.0, 0.0, 0.0, 0.0, 0.0, 0.0, 0.0, 0.0, 0.0, 0.0, 0.0, 0.0, 0.0, 0.0, 0.0, 0.0, 0.0, 0.0, 0.0, 0.0, 0.0, 0.0, 0.0, 0.0, 0.0, 0.0, 0.0, 0.0, 0.0, 0.0, 0.0, 0.0, 0.0, 0.0, 0.0, 0.0, 0.0, 0.0, 0.0, 0.0, 0.0, 0.0, 0.0, 0.0, 0.0, 0.0, 0.0, 0.0, 0.0, 0.0, 0.0, 0.0, 0.0, 0.0, 0.0, 0.0, 0.0, 0.0, 0.0], "program call": "xtb /home/svss/Project-DBcg-Debug/aqme2_20220329/End-to-End-workflows-final/example-3/QDESCP/mol_701_rdkit_conf_10/mol_701_rdkit_conf_10.xyz --pop --wbo --acc 0.2 --gfn 2 --chrg 0 --uhf 0 --etemp 300 --input /home/svss/Project-DBcg-Debug/aqme2_20220329/End-to-End-workflows-final/example-3/QDESCP/mol_701_rdkit_conf_10/mol_701_rdkit_conf_10_xtb.inp", "method": "GFN2-xTB", "xtb version": "6.3.3 (7355c4f)", "Dipole module/D": 4.36, "Total charge": 0, "Transition dipole module/D": NaN, "HOMO": -10.1257, "LUMO": -7.2795, "HOMO occupancy": 2.0, "LUMO occupancy": 0, "mulliken charges": [-0.09663, 0.20664, -0.37134, 0.37595, -0.20944, -0.36872, 0.20924, -0.09845, -0.09179, 0.10046, -0.0752, 0.37801, -0.2356, -0.37634, 0.21301, -0.09647, -0.36807, 0.20646, -0.09601, 0.03987, 0.04389, 0.03336, 0.02481, 0.03201, 0.02165, 0.03502, 0.03079, 0.04456, 0.04037, 0.05137, 0.04776, 0.02585, 0.03429, 0.04223, 0.04208, 0.03109, 0.02874, 0.0256, 0.0432, 0.04312, 0.03262], "cm5 charges": [-0.24309, 0.12846, -0.43516, 0.31515, -0.17915, -0.43007, 0.13136, -0.24494, -0.09317, 0.03225, -0.07524, 0.31747, -0.20668, -0.43777, 0.135, -0.24293, -0.43144, 0.12828, -0.24248, 0.09323, 0.0972, 0.08459, 0.09054, 0.09603, 0.08895, 0.10076, 0.08202, 0.09789, 0.09379, 0.11264, 0.10984, 0.09025, 0.1022, 0.09555, 0.09544, 0.08231, 0.09283, 0.09129, 0.09653, 0.09644, 0.08385], "FUKUI+": [0.007, 0.008, 0.001, -0.089, -0.104, -0.004, 0.013, 0.009, -0.171, 0.038, -0.195, -0.107, -0.103, 0.0, 0.01, 0.009, 0.005, 0.009, 0.008, -0.005, -0.014, -0.018, 0.003, -0.015, -0.002, -0.024, -0.02, -0.015, 0.003, -0.056, -0.056, -0.014, -0.017, -0.007, -0.011, -0.023, -0.015, 0.003, -0.006, -0.015, -0.019], "FUKUI-": [0.007, 0.01, -0.003, -0.094, -0.265, 0.007, 0.01, 0.007, -0.081, 0.039, -0.083, -0.085, -0.254, 0.004, 0.01, 0.007, -0.005, 0.01, 0.007, -0.009, -0.013, -0.019, -0.004, -0.009, -0.006, -0.019, -0.02, -0.013, 0.002, -0.016, -0.015, -0.005, -0.012, -0.006, -0.011, -0.02, -0.008, -0.004, -0.009, -0.013, -0.018], "FUKUIrad": [0.007, 0.009, -0.001, -0.091, -0.185, 0.002, 0.011, 0.008, -0.126, 0.038, -0.139, -0.096, -0.179, 0.002, 0.01, 0.008, 0.0, 0.009, 0.007, -0.007, -0.014, -0.018, -0.0, -0.012, -0.004, -0.022, -0.02, -0.014, 0.002, -0.036, -0.036, -0.01, -0.015, -0.006, -0.011, -0.022, -0.012, -0.0, -0.007, -0.014, -0.018], "s proportion": [1.012, 0.993, 1.66, 1.516, 1.89, 1.657, 0.993, 1.013, 1.91, 1.039, 1.909, 1.52, 1.89, 1.652, 0.993, 1.012, 1.659, 0.993, 1.012, 0.96, 0.956, 0.967, 0.975, 0.968, 0.978, 0.965, 0.969, 0.955, 0.96, 0.949, 0.952, 0.974, 0.966, 0.958, 0.958, 0.969, 0.971, 0.974, 0.957, 0.957, 0.967], "p proportion": [3.084, 2.801, 4.711, 2.019, 4.334, 4.712, 2.798, 3.086, 4.186, 2.86, 4.169, 2.022, 4.361, 4.724, 2.794, 3.084, 4.709, 2.801, 3.084, 0.0, 0.0, 0.0, 0.0, 0.0, 0.0, 0.0, 0.0, 0.0, 0.0, 0.0, 0.0, 0.0, 0.0, 0.0, 0.0, 0.0, 0.0, 0.0, 0.0, 0.0, 0.0], "d proportion": [0.0, 0.0, 0.0, 1.089, -0.014, 0.0, 0.0, 0.0, -0.004, 0.0, -0.003, 1.08, -0.015, 0.0, 0.0, 0.0, 0.0, 0.0, 0.0, 0.0, 0.0, 0.0, 0.0, 0.0, 0.0, 0.0, 0.0, 0.0, 0.0, 0.0, 0.0, 0.0, 0.0, 0.0, 0.0, 0.0, 0.0, 0.0, 0.0, 0.0, 0.0], "Fermi-level/eV": -8.7026, "Coordination numbers": [3.749, 3.904, 1.658, 3.917, 0.926, 1.658, 3.892, 3.749, 2.061, 3.803, 2.061, 3.919, 0.926, 1.658, 3.894, 3.749, 1.658, 3.903, 3.749, 0.924, 0.924, 0.924, 0.924, 0.924, 0.924, 0.924, 0.924, 0.924, 0.924, 0.924, 0.924, 0.924, 0.924, 0.924, 0.924, 0.924, 0.924, 0.924, 0.924, 0.924, 0.924], "Dispersion coefficient C6": [22.778, 19.04, 18.11, 144.865, 155.259, 18.217, 19.029, 22.73, 145.812, 19.676, 144.976, 144.185, 156.781, 18.412, 18.945, 22.75, 18.17, 19.016, 22.772, 2.222, 2.178, 2.202, 2.364, 2.188, 2.366, 2.266, 2.236, 2.169, 2.226, 2.003, 2.073, 2.283, 2.339, 2.178, 2.203, 2.223, 2.229, 2.387, 2.188, 2.185, 2.211], "Total dispersion C6": 26636.205343, "Total dispersion C8": 863485.158106, "Polarizability alpha": [6.807, 6.202, 5.745, 21.621, 21.075, 5.762, 6.201, 6.8, 20.324, 6.315, 20.265, 21.57, 21.178, 5.793, 6.188, 6.803, 5.754, 6.198, 6.806, 2.331, 2.308, 2.321, 2.404, 2.313, 2.406, 2.354, 2.339, 2.303, 2.333, 2.213, 2.252, 2.363, 2.392, 2.308, 2.321, 2.332, 2.335, 2.416, 2.313, 2.312, 2.325], "Total polarizability alpha": 258.700068, "Wiberg matrix": [[0.0, 1.0164889147877116, 0.0, 0.0, 0.0, 0.0, 0.0, 0.0, 0.0, 0.0, 0.0, 0.0, 0.0, 0.0, 0.0, 0.0, 0.0, 0.0, 0.0, 0.9846579916120051, 0.9838708444929873, 0.9812768660056843, 0.0, 0.0, 0.0, 0.0, 0.0, 0.0, 0.0, 0.0, 0.0, 0.0, 0.0, 0.0, 0.0, 0.0, 0.0, 0.0, 0.0, 0.0, 0.0], [1.0164889147877116, 0.0, 0.9185662249857968, 0.0, 0.0, 0.0, 0.0, 0.0, 0.0, 0.0, 0.0, 0.0, 0.0, 0.0, 0.0, 0.0, 0.0, 0.0, 0.0, 0.0, 0.0, 0.0, 0.9687792939228572, 0.969744070549137, 0.0, 0.0, 0.0, 0.0, 0.0, 0.0, 0.0, 0.0, 0.0, 0.0, 0.0, 0.0, 0.0, 0.0, 0.0, 0.0, 0.0], [0.0, 0.9185662249857968, 0.0, 1.2711921718658528, 0.0, 0.0, 0.0, 0.0, 0.0, 0.0, 0.0, 0.0, 0.0, 0.0, 0.0, 0.0, 0.0, 0.0, 0.0, 0.0, 0.0, 0.0, 0.0, 0.0, 0.0, 0.0, 0.0, 0.0, 0.0, 0.0, 0.0, 0.0, 0.0, 0.0, 0.0, 0.0, 0.0, 0.0, 0.0, 0.0, 0.0], [0.0, 0.0, 1.2711921718658528, 0.0, 1.5981148628895232, 1.2664890254109233, 0.0, 0.0, 0.9750941089353561, 0.0, 0.0, 0.0, 0.0, 0.0, 0.0, 0.0, 0.0, 0.0, 0.0, 0.0, 0.0, 0.0, 0.0, 0.0, 0.0, 0.0, 0.0, 0.0, 0.0, 0.0, 0.0, 0.0, 0.0, 0.0, 0.0, 0.0, 0.0, 0.0, 0.0, 0.0, 0.0], [0.0, 0.0, 0.0, 1.5981148628895232, 0.0, 0.0, 0.0, 0.0, 0.14519885549581135, 0.0, 0.0, 0.0, 0.0, 0.0, 0.0, 0.0, 0.0, 0.0, 0.0, 0.0, 0.0, 0.0, 0.0, 0.0, 0.0, 0.0, 0.0, 0.0, 0.0, 0.0, 0.0, 0.0, 0.0, 0.0, 0.0, 0.0, 0.0, 0.0, 0.0, 0.0, 0.0], [0.0, 0.0, 0.0, 1.2664890254109233, 0.0, 0.0, 0.91393232820104, 0.0, 0.0, 0.0, 0.0, 0.0, 0.0, 0.0, 0.0, 0.0, 0.0, 0.0, 0.0, 0.0, 0.0, 0.0, 0.0, 0.0, 0.0, 0.0, 0.0, 0.0, 0.0, 0.0, 0.0, 0.0, 0.0, 0.0, 0.0, 0.0, 0.0, 0.0, 0.0, 0.0, 0.0], [0.0, 0.0, 0.0, 0.0, 0.0, 0.91393232820104, 0.0, 1.0163701846154654, 0.0, 0.0, 0.0, 0.0, 0.0, 0.0, 0.0, 0.0, 0.0, 0.0, 0.0, 0.0, 0.0, 0.0, 0.0, 0.0, 0.9655667377412205, 0.9708491945900861, 0.0, 0.0, 0.0, 0.0, 0.0, 0.0, 0.0, 0.0, 0.0, 0.0, 0.0, 0.0, 0.0, 0.0, 0.0], [0.0, 0.0, 0.0, 0.0, 0.0, 0.0, 1.0163701846154654, 0.0, 0.0, 0.0, 0.0, 0.0, 0.0, 0.0, 0.0, 0.0, 0.0, 0.0, 0.0, 0.0, 0.0, 0.0, 0.0, 0.0, 0.0, 0.0, 0.9810163284718457, 0.9839234165209374, 0.9842406079053869, 0.0, 0.0, 0.0, 0.0, 0.0, 0.0, 0.0, 0.0, 0.0, 0.0, 0.0, 0.0], [0.0, 0.0, 0.0, 0.9750941089353561, 0.14519885549581135, 0.0, 0.0, 0.0, 0.0, 0.9781831417891053, 0.0, 0.0, 0.0, 0.0, 0.0, 0.0, 0.0, 0.0, 0.0, 0.0, 0.0, 0.0, 0.0, 0.0, 0.0, 0.0, 0.0, 0.0, 0.0, 0.0, 0.0, 0.0, 0.0, 0.0, 0.0, 0.0, 0.0, 0.0, 0.0, 0.0, 0.0], [0.0, 0.0, 0.0, 0.0, 0.0, 0.0, 0.0, 0.0, 0.9781831417891053, 0.0, 0.9778091998062108, 0.0, 0.0, 0.0, 0.0, 0.0, 0.0, 0.0, 0.0, 0.0, 0.0, 0.0, 0.0, 0.0, 0.0, 0.0, 0.0, 0.0, 0.0, 0.9691643023546556, 0.9675095192886035, 0.0, 0.0, 0.0, 0.0, 0.0, 0.0, 0.0, 0.0, 0.0, 0.0], [0.0, 0.0, 0.0, 0.0, 0.0, 0.0, 0.0, 0.0, 0.0, 0.9778091998062108, 0.0, 0.9993158589957779, 0.14769675372650326, 0.0, 0.0, 0.0, 0.0, 0.0, 0.0, 0.0, 0.0, 0.0, 0.0, 0.0, 0.0, 0.0, 0.0, 0.0, 0.0, 0.0, 0.0, 0.0, 0.0, 0.0, 0.0, 0.0, 0.0, 0.0, 0.0, 0.0, 0.0], [0.0, 0.0, 0.0, 0.0, 0.0, 0.0, 0.0, 0.0, 0.0, 0.0, 0.9993158589957779, 0.0, 1.5572296596525679, 1.2471353469080282, 0.0, 0.0, 1.2633126579466574, 0.0, 0.0, 0.0, 0.0, 0.0, 0.0, 0.0, 0.0, 0.0, 0.0, 0.0, 0.0, 0.0, 0.0, 0.0, 0.0, 0.0, 0.0, 0.0, 0.0, 0.0, 0.0, 0.0, 0.0], [0.0, 0.0, 0.0, 0.0, 0.0, 0.0, 0.0, 0.0, 0.0, 0.0, 0.14769675372650326, 1.5572296596525679, 0.0, 0.0, 0.0, 0.0, 0.0, 0.0, 0.0, 0.0, 0.0, 0.0, 0.0, 0.0, 0.0, 0.0, 0.0, 0.0, 0.0, 0.0, 0.0, 0.0, 0.0, 0.0, 0.0, 0.0, 0.0, 0.0, 0.0, 0.0, 0.0], [0.0, 0.0, 0.0, 0.0, 0.0, 0.0, 0.0, 0.0, 0.0, 0.0, 0.0, 1.2471353469080282, 0.0, 0.0, 0.9104208530125003, 0.0, 0.0, 0.0, 0.0, 0.0, 0.0, 0.0, 0.0, 0.0, 0.0, 0.0, 0.0, 0.0, 0.0, 0.0, 0.0, 0.0, 0.0, 0.0, 0.0, 0.0, 0.0, 0.0, 0.0, 0.0, 0.0], [0.0, 0.0, 0.0, 0.0, 0.0, 0.0, 0.0, 0.0, 0.0, 0.0, 0.0, 0.0, 0.0, 0.9104208530125003, 0.0, 1.0150468866334807, 0.0, 0.0, 0.0, 0.0, 0.0, 0.0, 0.0, 0.0, 0.0, 0.0, 0.0, 0.0, 0.0, 0.0, 0.0, 0.9702107650573656, 0.9702762998699457, 0.0, 0.0, 0.0, 0.0, 0.0, 0.0, 0.0, 0.0], [0.0, 0.0, 0.0, 0.0, 0.0, 0.0, 0.0, 0.0, 0.0, 0.0, 0.0, 0.0, 0.0, 0.0, 1.0150468866334807, 0.0, 0.0, 0.0, 0.0, 0.0, 0.0, 0.0, 0.0, 0.0, 0.0, 0.0, 0.0, 0.0, 0.0, 0.0, 0.0, 0.0, 0.0, 0.9841001366387157, 0.9846143213808165, 0.9802270617077617, 0.0, 0.0, 0.0, 0.0, 0.0], [0.0, 0.0, 0.0, 0.0, 0.0, 0.0, 0.0, 0.0, 0.0, 0.0, 0.0, 1.2633126579466574, 0.0, 0.0, 0.0, 0.0, 0.0, 0.9195811379311989, 0.0, 0.0, 0.0, 0.0, 0.0, 0.0, 0.0, 0.0, 0.0, 0.0, 0.0, 0.0, 0.0, 0.0, 0.0, 0.0, 0.0, 0.0, 0.0, 0.0, 0.0, 0.0, 0.0], [0.0, 0.0, 0.0, 0.0, 0.0, 0.0, 0.0, 0.0, 0.0, 0.0, 0.0, 0.0, 0.0, 0.0, 0.0, 0.0, 0.9195811379311989, 0.0, 1.0162714717176997, 0.0, 0.0, 0.0, 0.0, 0.0, 0.0, 0.0, 0.0, 0.0, 0.0, 0.0, 0.0, 0.0, 0.0, 0.0, 0.0, 0.0, 0.9697529657717481, 0.9691832506516003, 0.0, 0.0, 0.0], [0.0, 0.0, 0.0, 0.0, 0.0, 0.0, 0.0, 0.0, 0.0, 0.0, 0.0, 0.0, 0.0, 0.0, 0.0, 0.0, 0.0, 1.0162714717176997, 0.0, 0.0, 0.0, 0.0, 0.0, 0.0, 0.0, 0.0, 0.0, 0.0, 0.0, 0.0, 0.0, 0.0, 0.0, 0.0, 0.0, 0.0, 0.0, 0.0, 0.9843581737009469, 0.9839101536865268, 0.9813191863834128], [0.9846579916120051, 0.0, 0.0, 0.0, 0.0, 0.0, 0.0, 0.0, 0.0, 0.0, 0.0, 0.0, 0.0, 0.0, 0.0, 0.0, 0.0, 0.0, 0.0, 0.0, 0.0, 0.0, 0.0, 0.0, 0.0, 0.0, 0.0, 0.0, 0.0, 0.0, 0.0, 0.0, 0.0, 0.0, 0.0, 0.0, 0.0, 0.0, 0.0, 0.0, 0.0], [0.9838708444929873, 0.0, 0.0, 0.0, 0.0, 0.0, 0.0, 0.0, 0.0, 0.0, 0.0, 0.0, 0.0, 0.0, 0.0, 0.0, 0.0, 0.0, 0.0, 0.0, 0.0, 0.0, 0.0, 0.0, 0.0, 0.0, 0.0, 0.0, 0.0, 0.0, 0.0, 0.0, 0.0, 0.0, 0.0, 0.0, 0.0, 0.0, 0.0, 0.0, 0.0], [0.9812768660056843, 0.0, 0.0, 0.0, 0.0, 0.0, 0.0, 0.0, 0.0, 0.0, 0.0, 0.0, 0.0, 0.0, 0.0, 0.0, 0.0, 0.0, 0.0, 0.0, 0.0, 0.0, 0.0, 0.0, 0.0, 0.0, 0.0, 0.0, 0.0, 0.0, 0.0, 0.0, 0.0, 0.0, 0.0, 0.0, 0.0, 0.0, 0.0, 0.0, 0.0], [0.0, 0.9687792939228572, 0.0, 0.0, 0.0, 0.0, 0.0, 0.0, 0.0, 0.0, 0.0, 0.0, 0.0, 0.0, 0.0, 0.0, 0.0, 0.0, 0.0, 0.0, 0.0, 0.0, 0.0, 0.0, 0.0, 0.0, 0.0, 0.0, 0.0, 0.0, 0.0, 0.0, 0.0, 0.0, 0.0, 0.0, 0.0, 0.0, 0.0, 0.0, 0.0], [0.0, 0.969744070549137, 0.0, 0.0, 0.0, 0.0, 0.0, 0.0, 0.0, 0.0, 0.0, 0.0, 0.0, 0.0, 0.0, 0.0, 0.0, 0.0, 0.0, 0.0, 0.0, 0.0, 0.0, 0.0, 0.0, 0.0, 0.0, 0.0, 0.0, 0.0, 0.0, 0.0, 0.0, 0.0, 0.0, 0.0, 0.0, 0.0, 0.0, 0.0, 0.0], [0.0, 0.0, 0.0, 0.0, 0.0, 0.0, 0.9655667377412205, 0.0, 0.0, 0.0, 0.0, 0.0, 0.0, 0.0, 0.0, 0.0, 0.0, 0.0, 0.0, 0.0, 0.0, 0.0, 0.0, 0.0, 0.0, 0.0, 0.0, 0.0, 0.0, 0.0, 0.0, 0.0, 0.0, 0.0, 0.0, 0.0, 0.0, 0.0, 0.0, 0.0, 0.0], [0.0, 0.0, 0.0, 0.0, 0.0, 0.0, 0.9708491945900861, 0.0, 0.0, 0.0, 0.0, 0.0, 0.0, 0.0, 0.0, 0.0, 0.0, 0.0, 0.0, 0.0, 0.0, 0.0, 0.0, 0.0, 0.0, 0.0, 0.0, 0.0, 0.0, 0.0, 0.0, 0.0, 0.0, 0.0, 0.0, 0.0, 0.0, 0.0, 0.0, 0.0, 0.0], [0.0, 0.0, 0.0, 0.0, 0.0, 0.0, 0.0, 0.9810163284718457, 0.0, 0.0, 0.0, 0.0, 0.0, 0.0, 0.0, 0.0, 0.0, 0.0, 0.0, 0.0, 0.0, 0.0, 0.0, 0.0, 0.0, 0.0, 0.0, 0.0, 0.0, 0.0, 0.0, 0.0, 0.0, 0.0, 0.0, 0.0, 0.0, 0.0, 0.0, 0.0, 0.0], [0.0, 0.0, 0.0, 0.0, 0.0, 0.0, 0.0, 0.9839234165209374, 0.0, 0.0, 0.0, 0.0, 0.0, 0.0, 0.0, 0.0, 0.0, 0.0, 0.0, 0.0, 0.0, 0.0, 0.0, 0.0, 0.0, 0.0, 0.0, 0.0, 0.0, 0.0, 0.0, 0.0, 0.0, 0.0, 0.0, 0.0, 0.0, 0.0, 0.0, 0.0, 0.0], [0.0, 0.0, 0.0, 0.0, 0.0, 0.0, 0.0, 0.9842406079053869, 0.0, 0.0, 0.0, 0.0, 0.0, 0.0, 0.0, 0.0, 0.0, 0.0, 0.0, 0.0, 0.0, 0.0, 0.0, 0.0, 0.0, 0.0, 0.0, 0.0, 0.0, 0.0, 0.0, 0.0, 0.0, 0.0, 0.0, 0.0, 0.0, 0.0, 0.0, 0.0, 0.0], [0.0, 0.0, 0.0, 0.0, 0.0, 0.0, 0.0, 0.0, 0.0, 0.9691643023546556, 0.0, 0.0, 0.0, 0.0, 0.0, 0.0, 0.0, 0.0, 0.0, 0.0, 0.0, 0.0, 0.0, 0.0, 0.0, 0.0, 0.0, 0.0, 0.0, 0.0, 0.0, 0.0, 0.0, 0.0, 0.0, 0.0, 0.0, 0.0, 0.0, 0.0, 0.0], [0.0, 0.0, 0.0, 0.0, 0.0, 0.0, 0.0, 0.0, 0.0, 0.9675095192886035, 0.0, 0.0, 0.0, 0.0, 0.0, 0.0, 0.0, 0.0, 0.0, 0.0, 0.0, 0.0, 0.0, 0.0, 0.0, 0.0, 0.0, 0.0, 0.0, 0.0, 0.0, 0.0, 0.0, 0.0, 0.0, 0.0, 0.0, 0.0, 0.0, 0.0, 0.0], [0.0, 0.0, 0.0, 0.0, 0.0, 0.0, 0.0, 0.0, 0.0, 0.0, 0.0, 0.0, 0.0, 0.0, 0.9702107650573656, 0.0, 0.0, 0.0, 0.0, 0.0, 0.0, 0.0, 0.0, 0.0, 0.0, 0.0, 0.0, 0.0, 0.0, 0.0, 0.0, 0.0, 0.0, 0.0, 0.0, 0.0, 0.0, 0.0, 0.0, 0.0, 0.0], [0.0, 0.0, 0.0, 0.0, 0.0, 0.0, 0.0, 0.0, 0.0, 0.0, 0.0, 0.0, 0.0, 0.0, 0.9702762998699457, 0.0, 0.0, 0.0, 0.0, 0.0, 0.0, 0.0, 0.0, 0.0, 0.0, 0.0, 0.0, 0.0, 0.0, 0.0, 0.0, 0.0, 0.0, 0.0, 0.0, 0.0, 0.0, 0.0, 0.0, 0.0, 0.0], [0.0, 0.0, 0.0, 0.0, 0.0, 0.0, 0.0, 0.0, 0.0, 0.0, 0.0, 0.0, 0.0, 0.0, 0.0, 0.9841001366387157, 0.0, 0.0, 0.0, 0.0, 0.0, 0.0, 0.0, 0.0, 0.0, 0.0, 0.0, 0.0, 0.0, 0.0, 0.0, 0.0, 0.0, 0.0, 0.0, 0.0, 0.0, 0.0, 0.0, 0.0, 0.0], [0.0, 0.0, 0.0, 0.0, 0.0, 0.0, 0.0, 0.0, 0.0, 0.0, 0.0, 0.0, 0.0, 0.0, 0.0, 0.9846143213808165, 0.0, 0.0, 0.0, 0.0, 0.0, 0.0, 0.0, 0.0, 0.0, 0.0, 0.0, 0.0, 0.0, 0.0, 0.0, 0.0, 0.0, 0.0, 0.0, 0.0, 0.0, 0.0, 0.0, 0.0, 0.0], [0.0, 0.0, 0.0, 0.0, 0.0, 0.0, 0.0, 0.0, 0.0, 0.0, 0.0, 0.0, 0.0, 0.0, 0.0, 0.9802270617077617, 0.0, 0.0, 0.0, 0.0, 0.0, 0.0, 0.0, 0.0, 0.0, 0.0, 0.0, 0.0, 0.0, 0.0, 0.0, 0.0, 0.0, 0.0, 0.0, 0.0, 0.0, 0.0, 0.0, 0.0, 0.0], [0.0, 0.0, 0.0, 0.0, 0.0, 0.0, 0.0, 0.0, 0.0, 0.0, 0.0, 0.0, 0.0, 0.0, 0.0, 0.0, 0.0, 0.9697529657717481, 0.0, 0.0, 0.0, 0.0, 0.0, 0.0, 0.0, 0.0, 0.0, 0.0, 0.0, 0.0, 0.0, 0.0, 0.0, 0.0, 0.0, 0.0, 0.0, 0.0, 0.0, 0.0, 0.0], [0.0, 0.0, 0.0, 0.0, 0.0, 0.0, 0.0, 0.0, 0.0, 0.0, 0.0, 0.0, 0.0, 0.0, 0.0, 0.0, 0.0, 0.9691832506516003, 0.0, 0.0, 0.0, 0.0, 0.0, 0.0, 0.0, 0.0, 0.0, 0.0, 0.0, 0.0, 0.0, 0.0, 0.0, 0.0, 0.0, 0.0, 0.0, 0.0, 0.0, 0.0, 0.0], [0.0, 0.0, 0.0, 0.0, 0.0, 0.0, 0.0, 0.0, 0.0, 0.0, 0.0, 0.0, 0.0, 0.0, 0.0, 0.0, 0.0, 0.0, 0.9843581737009469, 0.0, 0.0, 0.0, 0.0, 0.0, 0.0, 0.0, 0.0, 0.0, 0.0, 0.0, 0.0, 0.0, 0.0, 0.0, 0.0, 0.0, 0.0, 0.0, 0.0, 0.0, 0.0], [0.0, 0.0, 0.0, 0.0, 0.0, 0.0, 0.0, 0.0, 0.0, 0.0, 0.0, 0.0, 0.0, 0.0, 0.0, 0.0, 0.0, 0.0, 0.9839101536865268, 0.0, 0.0, 0.0, 0.0, 0.0, 0.0, 0.0, 0.0, 0.0, 0.0, 0.0, 0.0, 0.0, 0.0, 0.0, 0.0, 0.0, 0.0, 0.0, 0.0, 0.0, 0.0], [0.0, 0.0, 0.0, 0.0, 0.0, 0.0, 0.0, 0.0, 0.0, 0.0, 0.0, 0.0, 0.0, 0.0, 0.0, 0.0, 0.0, 0.0, 0.9813191863834128, 0.0, 0.0, 0.0, 0.0, 0.0, 0.0, 0.0, 0.0, 0.0, 0.0, 0.0, 0.0, 0.0, 0.0, 0.0, 0.0, 0.0, 0.0, 0.0, 0.0, 0.0, 0.0]], "Born radii": [], "Atomic SASAs": [], "Solvent H bonds": [], "Total SASA": NaN, "Total FOD": 0.0, "FOD": [0.0, 0.0, 0.0, 0.0, 0.0, 0.0, 0.0, 0.0, 0.0, 0.0, 0.0, 0.0, 0.0, 0.0, 0.0, 0.0, 0.0, 0.0, 0.0, 0.0, 0.0, 0.0, 0.0, 0.0, 0.0, 0.0, 0.0, 0.0, 0.0, 0.0, 0.0, 0.0, 0.0, 0.0, 0.0, 0.0, 0.0, 0.0, 0.0, 0.0, 0.0], "FOD s proportion": [0.0, 0.0, 0.0, 0.0, 0.0, 0.0, 0.0, 0.0, 0.0, 0.0, 0.0, 0.0, 0.0, 0.0, 0.0, 0.0, 0.0, 0.0, 0.0, 0.0, 0.0, 0.0, 0.0, 0.0, 0.0, 0.0, 0.0, 0.0, 0.0, 0.0, 0.0, 0.0, 0.0, 0.0, 0.0, 0.0, 0.0, 0.0, 0.0, 0.0, 0.0], "FOD p proportion": [0.0, 0.0, 0.0, 0.0, 0.0, 0.0, 0.0, 0.0, 0.0, 0.0, 0.0, 0.0, 0.0, 0.0, 0.0, 0.0, 0.0, 0.0, 0.0, 0.0, 0.0, 0.0, 0.0, 0.0, 0.0, 0.0, 0.0, 0.0, 0.0, 0.0, 0.0, 0.0, 0.0, 0.0, 0.0, 0.0, 0.0, 0.0, 0.0, 0.0, 0.0], "FOD d proportion": [0.0, 0.0, 0.0, 0.0, 0.0, 0.0, 0.0, 0.0, 0.0, 0.0, 0.0, 0.0, 0.0, 0.0, 0.0, 0.0, 0.0, 0.0, 0.0, 0.0, 0.0, 0.0, 0.0, 0.0, 0.0, 0.0, 0.0, 0.0, 0.0, 0.0, 0.0, 0.0, 0.0, 0.0, 0.0, 0.0, 0.0, 0.0, 0.0, 0.0, 0.0], "coordinates": [["-5.51750", "-2.87470", "1.94990"], ["-4.02500", "-2.85850", "2.20900"], ["-3.61860", "-1.51460", "2.41180"], ["-2.05730", "-1.12160", "2.18500"], ["-0.84940", "-2.08780", "3.36910"], ["-2.10590", "0.45130", "2.59510"], ["-3.18210", "1.26040", "2.15010"], ["-2.73580", "2.70780", "2.17150"], ["-1.68120", "-1.17550", "0.11560"], ["-0.09720", "-0.31830", "0.01360"], ["0.40480", "-0.11940", "-1.70620"], ["2.16200", "1.01800", "-1.50460"], ["1.99120", "2.88020", "-0.94860"], ["3.09280", "0.14720", "-0.49430"], ["4.44160", "0.53270", "-0.28060"], ["5.17080", "-0.62220", "0.37540"], ["3.00980", "0.82480", "-2.87780"], ["2.54150", "1.43770", "-4.06810"], ["3.17680", "0.73700", "-5.25160"], ["-5.76070", "-2.27900", "1.06380"], ["-6.06030", "-2.43060", "2.79090"], ["-5.87640", "-3.89640", "1.79800"], ["-3.49430", "-3.29810", "1.35930"], ["-3.79630", "-3.43940", "3.10750"], ["-3.48710", "0.98020", "1.13780"], ["-4.03170", "1.11900", "2.82510"], ["-3.54300", "3.37010", "1.84650"], ["-2.42200", "3.00060", "3.17890"], ["-1.87240", "2.85370", "1.51380"], ["0.66410", "-0.89030", "0.54950"], ["-0.19090", "0.66500", "0.48090"], ["4.46790", "1.40740", "0.37570"], ["4.92380", "0.78530", "-1.22960"], ["4.69310", "-0.89200", "1.32310"], ["5.13680", "-1.51140", "-0.26280"], ["6.21630", "-0.36530", "0.56760"], ["2.82880", "2.49340", "-4.06250"], ["1.45180", "1.36870", "-4.13480"], ["2.91230", "-0.32560", "-5.25720"], ["4.26880", "0.79310", "-5.19290"], ["2.85030", "1.18710", "-6.19320"]], "bond_dist": [[0.0, 1.5149097332844619, 2.380975604662929, 3.8860797289813807, 4.942114715382474, 4.808073793110917, 4.753233132300581, 6.241095072180842, 4.579206789390494, 6.297943373832445, 7.485478113654464, 9.27692857523437, 9.894480883300547, 9.446865053550834, 10.759608627640691, 11.035966808123337, 10.47415069731193, 10.94351857310984, 11.853135940754242, 1.0950698333896336, 1.0950514371480455, 1.0935052400423149, 2.1497474642385326, 2.1497565652882655, 4.43196170786707, 4.350082340600003, 6.550333491510184, 6.753644300672044, 6.803785988697763, 6.641621946482652, 6.56201986053075, 10.978283072047285, 11.51197489312759, 10.420188572669883, 10.966710385069899, 12.078489313237812, 11.602852022670977, 10.178465510085497, 11.379882655809768, 12.6587525597904, 12.362377347824324], [1.5149097332844619, 0.0, 1.4185753451967225, 2.624736348664376, 3.467599437651356, 3.8453600689662335, 4.204674402376479, 5.713767459391396, 3.564857781174447, 5.167205244617249, 6.5157185244606755, 8.19127866758298, 8.893693152453597, 8.185666754761032, 9.454187493380909, 9.63980623716058, 9.430304564010646, 10.04879301707424, 10.975158124145638, 2.1586935354514774, 2.1596648142709545, 2.1619064202689255, 1.0940204477065318, 1.094098144592157, 4.021495187116354, 4.0249385523259855, 6.257730276226357, 6.151371214615486, 6.143795133303192, 5.3493373701796, 5.486502043196557, 9.679268676403193, 10.255840767094622, 8.980935846001795, 9.584521526398696, 10.667448893245282, 10.7214327540679, 9.386605164807989, 10.501707296435185, 11.700830082092466, 11.585922245984564], [2.380975604662929, 1.4185753451967225, 0.0, 1.6258981917697057, 2.9855401806038384, 2.4872923008765975, 2.8212841296119042, 4.320386752363729, 3.0234156197916287, 4.4252406589924576, 5.923871588750047, 7.427488679223954, 7.878858498538985, 7.499992427329509, 8.741125733565443, 9.066248125878753, 8.797064685450483, 9.415519704721563, 10.48689006712667, 2.6438615262528407, 2.635274501830881, 3.338769611698298, 2.0746274340227933, 2.0543687156885935, 2.804352918232653, 2.69765035910883, 4.917883034395999, 4.733637608647286, 4.78932806664985, 4.711627221035213, 4.497572485241344, 8.836021132840278, 9.566709556059493, 8.40578701490824, 9.154808821597532, 10.072101178006504, 9.977454146725005, 8.768143852036188, 10.14297475152137, 11.196786152284949, 11.099183533035212], [3.8860797289813807, 2.624736348664376, 1.6258981917697057, 0.0, 1.947988105713174, 1.626209820410638, 2.634448149043742, 3.8890678651831214, 2.1039897290623832, 3.0335228464608606, 4.712512990963526, 5.999460709930519, 6.498015423958303, 5.942392779007459, 7.145039752163735, 7.4678967674975265, 7.422662541837666, 8.173141228438428, 9.28187569029019, 4.038791373666136, 4.254950623685309, 4.736539754926586, 2.7356720819571922, 3.0409413164347647, 2.7492761083601622, 3.054221951659702, 4.74312719943288, 4.255981219413449, 4.0358032087801305, 3.183453769100472, 3.0950517491634937, 7.228253075951339, 8.001969631284537, 6.809073940705889, 7.609122399462373, 8.464066954484705, 8.716275262977874, 7.645603242387092, 8.984257398360757, 9.905504818533986, 9.980424274047673], [4.942114715382474, 3.467599437651356, 2.9855401806038384, 1.947988105713174, 0.0, 2.9368175053959344, 4.258860590580538, 5.290607723125955, 3.4798627530407003, 3.867339568747487, 5.586258702387493, 6.516707396377407, 7.168860833493701, 5.955000033585223, 6.9413263386762045, 6.8813538704240464, 7.899393838137202, 8.901645741097543, 9.925031484584823, 5.428796664086803, 5.254075169808669, 5.568672927188309, 3.5354799023612054, 3.2526107559927917, 4.620474540563988, 4.550443443226166, 6.273951237457939, 5.329264617186878, 5.376531348369504, 3.4168454252424123, 4.043912626405273, 7.032108210913709, 7.920390365379727, 6.027881874257325, 7.025491086749737, 7.793556632885913, 9.473395760760763, 8.576212969603775, 9.574381829653547, 10.38284161730304, 10.763379180814917], [4.808073793110917, 3.8453600689662335, 2.4872923008765975, 1.626209820410638, 2.9368175053959344, 0.0, 1.4180529785589817, 2.3807568586481067, 2.995791811858761, 3.360253279144297, 5.013032482440144, 5.945053354680679, 5.936631478372226, 6.055026908280426, 7.151645454019656, 7.683087480303735, 7.500834830203902, 8.183492283860234, 9.46357462431612, 4.812170073885585, 4.897036308830066, 5.809865226491919, 4.184836503377402, 4.272885723957522, 2.076336181835687, 2.0512018257597178, 3.3384205561912057, 2.634325746751909, 2.644854948763731, 3.695574369431631, 2.8605479073072697, 7.003906767654749, 8.009779533794923, 7.046193290706692, 8.029725212608462, 8.604452606063909, 8.534932586728498, 7.667490206058304, 9.351177473452207, 10.07008298525886, 10.116300557516073], [4.753233132300581, 4.204674402376479, 2.8212841296119042, 2.634448149043742, 4.258860590580538, 1.4180529785589817, 0.0, 1.514796491281915, 3.510769127983212, 4.07106054364216, 5.444331854323357, 6.47881120731265, 6.244095340399601, 6.89974170603509, 8.034839853413384, 8.744408571195653, 7.9880630555848775, 8.453226809331452, 9.772139973414218, 4.511826460536796, 4.724207963246326, 5.82887751972882, 4.637106396234617, 4.835491333877044, 1.093749665142806, 1.094275614276403, 2.1617714634068053, 2.1597401440914137, 2.158424580567966, 4.688356352710404, 3.476781160786511, 7.854463976618646, 8.795095616876488, 8.205822920341385, 9.09445209234729, 9.668357114836006, 8.73198754980789, 7.809271804080072, 9.722407142781051, 10.471577202121942, 10.295915575605697], [6.241095072180842, 5.713767459391396, 4.320386752363729, 3.8890678651831214, 5.290607723125955, 2.3807568586481067, 1.514796491281915, 0.0, 4.518730447813855, 4.5580723535284084, 5.735240665394958, 6.352761611299451, 5.666504634252053, 6.90186496245761, 7.890432509058043, 8.765226681039115, 7.877375124367253, 8.270166712950834, 9.69253862566459, 5.93676625276758, 6.151350353377705, 7.322453704189601, 6.107849531545453, 6.307838305632128, 2.1488576360475817, 2.151937547885626, 1.0935438399991106, 1.095014630039252, 1.095132713418789, 5.209273233379105, 3.6752790655948835, 7.537189893454987, 8.598427741162915, 8.298608185111524, 9.257715478993726, 9.599819437364435, 8.35903681772009, 7.687561528859461, 9.812651673222687, 10.342382927062797, 10.172769917284082], [4.579206789390494, 3.564857781174447, 3.0234156197916287, 2.1039897290623832, 3.4798627530407003, 2.995791811858761, 3.510769127983212, 4.518730447813855, 0.0, 1.8039545005348665, 2.964067888898633, 4.712396049781894, 5.573844803185679, 4.991251275982807, 6.368956077725767, 6.8792107781343645, 5.913300656147969, 6.493331596337892, 7.487633544051151, 4.331179486006092, 5.28289910087255, 5.2757435125297745, 3.056068071885834, 4.307012517975772, 2.992191527960735, 4.258047762766407, 5.208146830687476, 5.231864174460189, 4.269188836301341, 2.402090826759055, 2.3962216988417415, 6.674612740077136, 7.0199946353255855, 6.493853169729048, 6.836749181445813, 7.951806982692677, 7.159430621215629, 5.861274844263831, 7.119659549444763, 8.213285469895709, 8.118948728129768], [6.297943373832445, 5.167205244617249, 4.4252406589924576, 3.0335228464608606, 3.867339568747487, 3.360253279144297, 4.07106054364216, 4.5580723535284084, 1.8039545005348665, 0.0, 1.8025751718028293, 3.032262120925564, 3.93924429935489, 3.263549089564917, 4.627251892862545, 5.2891472327777, 4.395488661116077, 5.167837901869602, 6.289281765829863, 6.084611473216675, 6.908962888162014, 7.027519876172533, 4.714913036313607, 5.744286137545727, 3.800177614270154, 5.0448641002508685, 5.370042328511015, 5.141878678070886, 3.932368126205887, 1.0926804198849724, 1.0927158230756981, 4.893801682741139, 5.2890377385683305, 4.999089520102636, 5.375373528416421, 6.337933989085087, 5.751671417944527, 4.7386277085249064, 6.0694708319589115, 6.8851149743486495, 7.034084990245711], [7.485478113654464, 6.5157185244606755, 5.923871588750047, 4.712512990963526, 5.586258702387493, 5.013032482440144, 5.444331854323357, 5.735240665394958, 2.964067888898633, 1.8025751718028293, 0.0, 2.1028725971870004, 3.4768121720909804, 2.9605947324819724, 4.330510825526246, 5.224999751196166, 3.0083525724223215, 3.5452248038735146, 4.581186104056459, 7.095784833970094, 8.207500950959433, 8.123953475986923, 5.891044453235775, 7.200232558744196, 4.94412194125509, 6.461334730533623, 6.354794440420555, 6.4489844355526245, 4.93896380326886, 2.397854413845845, 2.3986555109060577, 4.813959644616893, 4.633248390708187, 5.306890439796172, 5.139347386585189, 6.245331496405936, 4.272546024327883, 3.0345919939919437, 4.351973769452202, 5.283959608096943, 5.274521921463594], [9.27692857523437, 8.19127866758298, 7.427488679223954, 5.999460709930519, 6.516707396377407, 5.945053354680679, 6.47881120731265, 6.352761611299451, 4.712396049781894, 3.032262120925564, 2.1028725971870004, 0.0, 1.9509222126983945, 1.6264646845228459, 2.63254026559899, 3.9086485490511937, 1.6253520603241627, 2.625204866291391, 3.892144529690541, 8.957458503950772, 9.896988405570657, 9.983705157906057, 7.669704825480574, 8.754497133473743, 6.23666877507536, 7.557673106188174, 7.022056010884562, 6.846819043176182, 5.362547567154999, 3.1787796573528024, 3.0988639305397068, 3.000722456342806, 2.7851954204328284, 4.248582646012668, 4.097482963967026, 4.7586637010824795, 3.027256152029425, 2.7468757835038704, 4.055886809318031, 4.25355652836541, 4.741869004938875], [9.894480883300547, 8.893693152453597, 7.878858498538985, 6.498015423958303, 7.168860833493701, 5.936631478372226, 6.244095340399601, 5.666504634252053, 5.573844803185679, 3.93924429935489, 3.4768121720909804, 1.9509222126983945, 0.0, 2.98147615284778, 3.458531539541023, 4.912192781233244, 2.9973367778746516, 3.4806488748507802, 4.951238491529165, 9.526754537091842, 10.344810734856392, 10.74082161103144, 8.578374178712421, 9.480740879277315, 6.162372582861247, 7.322428664043098, 6.219321157489779, 6.0437642781630725, 4.581650463533856, 4.268743172176091, 3.422300644303478, 3.171269969586317, 3.614928736503667, 5.16627306092119, 5.445298114887743, 5.539278174997172, 3.2477009114141038, 3.567555893044985, 5.448817560719023, 5.249526708189987, 5.5776760017053695], [9.446865053550834, 8.185666754761032, 7.499992427329509, 5.942392779007459, 5.955000033585223, 6.055026908280426, 6.89974170603509, 6.90186496245761, 4.991251275982807, 3.263549089564917, 2.9605947324819724, 1.6264646845228459, 2.98147615284778, 0.0, 1.4189923819386772, 2.3804282072770016, 2.4793351951682534, 3.8394489682765682, 4.794457563687471, 9.311207456608408, 10.060657607234232, 10.10207349458516, 7.661319172309687, 8.56132943005933, 6.8302798932401005, 7.919678771894728, 7.739526515879379, 7.214382083033861, 6.00090150727372, 2.8398078068770785, 3.464363948836785, 2.0581312033007033, 2.073740268211041, 2.635116598938271, 2.6424386861382425, 3.3386434535601435, 4.278598097508108, 4.175905111469848, 4.78971152576019, 4.886410213029602, 5.798073772383376], [10.759608627640691, 9.454187493380909, 8.741125733565443, 7.145039752163735, 6.9413263386762045, 7.151645454019656, 8.034839853413384, 7.890432509058043, 6.368956077725767, 4.627251892862545, 4.330510825526246, 2.63254026559899, 3.458531539541023, 1.4189923819386772, 0.0, 1.5152104309303047, 2.980070718959535, 4.332962180771949, 5.13344898971442, 10.667707979692734, 11.336011765607866, 11.419221898623391, 8.963415055658194, 9.752937835852332, 8.066994390725705, 9.043557545015124, 8.736660135887169, 8.072649851195083, 6.962291889887984, 4.121104373829909, 4.696535083441835, 1.0938562382689967, 1.09404049285207, 2.159832407850202, 2.159158329071771, 2.162269023502857, 4.55502315471612, 4.949005726406063, 5.276550477347867, 4.92223112927461, 6.15786601104636], [11.035966808123337, 9.63980623716058, 9.066248125878753, 7.4678967674975265, 6.8813538704240464, 7.683087480303735, 8.744408571195653, 8.765226681039115, 6.8792107781343645, 5.2891472327777, 5.224999751196166, 3.9086485490511937, 4.912192781233244, 2.3804282072770016, 1.5152104309303047, 0.0, 4.164977819868913, 5.558875673191477, 6.122629307740262, 11.077751263230278, 11.629383389500925, 11.609685794197878, 9.12208627617608, 9.788251562970785, 8.837882774171652, 9.680847782090162, 9.697056509065005, 8.86763237454057, 7.936277566340532, 4.518023163951242, 5.515055845592137, 2.147869795867524, 2.148974232046536, 1.0950454876396687, 1.0950488025654384, 1.0936218267756002, 5.90651198000986, 6.175479564373928, 6.075769627792021, 5.815723770950611, 7.197554633345967], [10.47415069731193, 9.430304564010646, 8.797064685450483, 7.422662541837666, 7.899393838137202, 7.500834830203902, 7.9880630555848775, 7.877375124367253, 5.913300656147969, 4.395488661116077, 3.0083525724223215, 1.6253520603241627, 2.9973367778746516, 2.4793351951682534, 2.980070718959535, 4.164977819868913, 0.0, 1.4183671562751303, 2.3812862658655716, 10.104031633461963, 11.18027293316223, 11.095827392312842, 8.789461737216904, 10.016497139219878, 7.639299845535584, 9.065999354731941, 8.46975503896069, 8.421530251088576, 6.873024269562854, 4.493357518604546, 4.642292776204448, 3.6125808807554747, 2.526166956081882, 4.8402956459290785, 4.101241816815976, 4.854766875968403, 2.0543858084595503, 2.0744252722139693, 2.644706178387308, 2.6354836178583994, 3.338948741744922], [10.94351857310984, 10.04879301707424, 9.415519704721563, 8.173141228438428, 8.901645741097543, 8.183492283860234, 8.453226809331452, 8.270166712950834, 6.493331596337892, 5.167837901869602, 3.5452248038735146, 2.625204866291391, 3.4806488748507802, 3.8394489682765682, 4.332962180771949, 5.558875673191477, 1.4183671562751303, 0.0, 1.5150111649753606, 10.443983020859427, 11.661929048403614, 11.563943636580039, 9.397624914838856, 10.74444268494183, 7.978390753779863, 9.530201161045868, 8.702746874981486, 8.921770993474334, 7.2556996092727, 5.501494753246613, 5.362506508154559, 4.843479481736245, 3.7627199337713138, 6.254751960709553, 5.469285235750647, 6.184228208111341, 1.0941092907018017, 1.0939177208547268, 2.1588604262434385, 2.1596873593184727, 2.161991630418582], [11.853135940754242, 10.975158124145638, 10.48689006712667, 9.28187569029019, 9.925031484584823, 9.46357462431612, 9.772139973414218, 9.69253862566459, 7.487633544051151, 6.289281765829863, 4.581186104056459, 3.892144529690541, 4.951238491529165, 4.794457563687471, 5.13344898971442, 6.122629307740262, 2.3812862658655716, 1.5150111649753606, 0.0, 11.351627170146138, 12.650672409797037, 12.374396387703118, 10.222015751797686, 11.659373627258027, 9.235320341493304, 10.832427204463457, 10.122843042347343, 10.370331559308989, 8.70318773151539, 6.527980376042808, 6.648920479295868, 5.8123042470263035, 4.385296556676641, 6.9411444863221226, 5.812488967731466, 6.657080004025789, 2.149419403001657, 2.1498632816995595, 1.0950389810413144, 1.0950145661131634, 1.0935276951225334], [1.0950698333896336, 2.1586935354514774, 2.6438615262528407, 4.038791373666136, 5.428796664086803, 4.812170073885585, 4.511826460536796, 5.93676625276758, 4.331179486006092, 6.084611473216675, 7.095784833970094, 8.957458503950772, 9.526754537091842, 9.311207456608408, 10.667707979692734, 11.077751263230278, 10.104031633461963, 10.443983020859427, 11.351627170146138, 0.0, 1.759436594481313, 1.7800053061718664, 2.5024895644138057, 3.0630222346564837, 3.9745587931240873, 4.19976459935554, 6.119080273210999, 6.595054348525113, 6.454919533193268, 6.593257709205671, 6.326893428057723, 10.894369395701617, 11.349368189463236, 10.548598955785552, 11.00475277187089, 12.139068791715449, 11.083062018233049, 9.609959078997164, 10.908333583091416, 12.213720299319121, 11.782496306386012], [1.0950514371480455, 2.1596648142709545, 2.