{"total energy": -30.37493631, "HOMO-LUMO gap/eV": 11.6580448, "electronic energy": -30.7627517, "dipole": [-0.61147876, -0.16164877, -0.19550554], "partial charges": [-0.09981782, -0.05262082, -0.05812733, -0.06290644, -0.02309173, -0.06050853, -0.10186815, 0.08368732, -0.44823546, 0.03117033, 0.03007006, 0.03055084, 0.03242216, 0.03031661, 0.02778932, 0.03024079, 0.02750206, 0.05009615, 0.04716514, 0.04162674, 0.02938887, 0.0351842, 0.03409824, 0.02825487, 0.01431434, 0.02019721, 0.28310102], "atomic dipole moments": [[-0.08801266, 0.03787452, 0.02363877], [0.03796319, -0.00793137, -0.10710695], [-0.03620588, 0.01616462, 0.10277547], [0.01140998, -0.11874187, 0.03520134], [-0.06796548, 0.03220948, -0.08445622], [-0.0441, 0.03653487, 0.1031463], [0.06358122, 0.06102508, -0.05167094], [0.11882487, 0.13086684, 0.09039498], [-0.18271757, -0.12513957, -0.10053481], [0.07326301, 0.08467572, -0.05735556], [-0.01270598, -0.09934709, -0.07574656], [0.05963427, -0.038032, 0.10246859], [0.02003894, 0.09314516, 0.08036129], [-0.0612665, -0.08745991, 0.06229038], [-0.01921337, -0.09122363, -0.08093061], [0.06815561, 0.07672784, -0.06503141], [-0.04656599, 0.04018269, -0.10540242], [0.03174986, 0.10834087, 0.05691654], [0.05372818, -0.02461351, 0.11268261], [0.09561154, -0.07413005, -0.02018534], [-0.04771634, 0.01968383, -0.1134852], [0.03987154, -0.02335732, 0.11793705], [-0.01312986, -0.10950304, -0.05649026], [-0.11535641, 0.05088452, 0.00358608], [-0.05485311, 0.04261839, -0.09601328], [-0.07910007, -0.04610094, 0.0741844], [-0.07160657, 0.03304851, 0.00604819]], "atomic quadrupole moments": [[0.15810294, -0.12566706, -0.07177792, -0.07199882, 0.02839954, -0.08632502], [0.13056409, -0.16961823, -0.15489599, 0.03576181, -0.04470076, 0.0243319], [0.08966738, -0.18014157, -0.09952452, 0.06230105, -0.04789951, 0.00985714], [0.13026277, -0.04522986, -0.03613256, -0.16596397, -0.06940473, -0.09413021], [0.04838265, -0.00037868, 0.10061534, -0.10487719, 0.06289648, -0.14899799], [-0.04175511, 0.18744025, 0.08022295, -0.09302928, 0.03338529, -0.03846784], [0.0226262, 0.11859224, 0.00039955, -0.12556355, -0.08736757, -0.02302575], [-0.07866102, 0.06439119, 0.25126219, 0.08031504, 0.32118384, -0.17260116], [-0.0275066, 0.05893497, 0.07917272, 0.04717467, 0.12230912, -0.05166612], [-0.00662093, 0.03683338, 0.03025983, -0.03484987, -0.04111447, -0.0236389], [-0.02330316, 0.01860163, 0.0259181, 0.0121408, 0.06305945, -0.00261494], [-0.01105957, -0.02424537, -0.04085334, 0.04005428, -0.02950807, 0.05191291], [-0.02037636, 0.00523539, 0.03040869, 0.01382095, 0.03985772, -0.01003233], [0.01160976, 0.03126247, 0.01304884, -0.01589782, -0.02952794, -0.0246586], [-0.01905093, 0.01392777, 0.03708019, 0.02315724, 0.03418931, -0.01802926], [0.0100561, 0.03014905, 0.01429343, -0.01817491, -0.03245664, -0.02434953], [0.0054327, -0.01055001, -0.04726717, 0.03076102, -0.01548662, 0.04183447], [-0.00893179, 0.01837047, 0.00744671, -0.00368707, 0.04765747, 0.00148508], [-0.00449523, -0.0049495, -0.01466857, 0.01821047, -0.01588158, 0.01916381], [0.0476957, -0.02328419, 0.00226139, -0.00753134, -0.00036756, -0.04995709], [-0.00936875, -0.00107628, -0.01852915, 0.036986, -0.02972745, 0.02789791], [-0.0152194, 0.00399826, -0.04568569, 0.04283758, -0.01506294, 0.06090508], [-0.03766066, 0.01244395, 0.04953429, -0.01091543, 0.05549118, -0.01187363], [0.04389029, -0.05236881, -0.00038554, -0.00908141, -0.00946114, -0.04350475], [-0.03469996, -0.00798696, -0.0042996, 0.02853461, -0.00236096, 0.03899956], [-0.01726734, 0.03275654, 0.02683465, -0.02907266, -0.00800162, -0.00956731], [0.07176741, -0.08521275, 0.00346652, -0.01829989, 0.03816082, -0.07523393]], "number of molecular orbitals": 54, "number of electrons": 56, "number of unpaired electrons": 0, "orbital energies/eV": [-18.52281076, -17.11933299, -16.70521751, -16.54574876, -16.29336766, -15.79406139, -15.45958188, -15.26932662, -15.01745773, -14.78420373, -14.25284054, -14.05441766, -13.72911387, -13.40278057, -13.26029686, -13.18449316, -13.06539268, -12.90621097, -12.38998492, -12.34522581, -12.1626084, -11.98612997, -11.68900649, -11.58547085, -11.41190724, -11.23271173, -11.18443031, -10.91609873, 0.74194607, 1.51644689, 1.85991291, 2.71471493, 3.14778967, 3.32481639, 3.4616359, 3.60186268, 3.67685401, 4.12382925, 4.46417184, 4.54920629, 4.73000854, 4.86174194, 5.32425464, 5.41294045, 5.60688009, 6.0909086, 6.43720189, 6.7609041, 6.9839848, 7.2645613, 7.60169752, 7.97328186, 8.17448758, 8.40576613], "fractional occupation": [2.0, 2.0, 2.0, 2.0, 2.0, 2.0, 2.0, 2.0, 2.0, 2.0, 2.0, 2.0, 2.0, 2.0, 2.0, 2.0, 2.0, 2.0, 2.0, 2.0, 2.0, 2.0, 2.0, 2.0, 2.0, 2.0, 2.0, 2.0, 0.0, 0.0, 0.0, 0.0, 0.0, 0.0, 0.0, 0.0, 0.0, 0.0, 0.0, 0.0, 0.0, 0.0, 0.0, 0.0, 0.0, 0.0, 0.0, 0.0, 0.0, 0.0, 0.0, 0.0, 0.0, 0.0], "program call": "xtb /home/svss/Project-DBcg-Debug/aqme2_20220329/End-to-End-workflows-final/example-3/QDESCP/mol_1056_rdkit_conf_38/mol_1056_rdkit_conf_38.xyz --pop --wbo --acc 0.2 --gfn 2 --chrg 0 --uhf 0 --etemp 300 --input /home/svss/Project-DBcg-Debug/aqme2_20220329/End-to-End-workflows-final/example-3/QDESCP/mol_1056_rdkit_conf_38/mol_1056_rdkit_conf_38_xtb.inp", "method": "GFN2-xTB", "xtb version": "6.3.3 (7355c4f)", "Dipole module/D": 1.683, "Total charge": 0, "Transition dipole module/D": NaN, "HOMO": -10.9161, "LUMO": 0.7419, "HOMO occupancy": 2.0, "LUMO occupancy": 0, "mulliken charges": [-0.08359, -0.03983, -0.04824, -0.04818, -0.02198, -0.05196, -0.08549, 0.19321, -0.56904, 0.02616, 0.02511, 0.02745, 0.02566, 0.0214, 0.01957, 0.02442, 0.02048, 0.04164, 0.03364, 0.02989, 0.02216, 0.02954, 0.03051, 0.02359, 0.00763, 0.01064, 0.33562], "cm5 charges": [-0.23404, -0.15264, -0.15915, -0.15544, -0.08952, -0.16238, -0.23622, 0.10761, -0.78507, 0.07744, 0.07641, 0.07822, 0.08056, 0.07696, 0.07523, 0.07932, 0.07635, 0.10063, 0.09549, 0.08607, 0.07747, 0.08106, 0.08126, 0.0754, 0.07068, 0.07458, 0.50373], "FUKUI+": [0.007, -0.001, -0.006, -0.005, -0.023, -0.019, 0.024, -0.012, -0.116, -0.03, -0.026, -0.047, -0.026, -0.016, -0.032, -0.046, -0.047, -0.041, -0.051, -0.053, -0.045, -0.031, -0.052, -0.022, -0.076, -0.089, -0.119], "FUKUI-": [0.02, 0.008, 0.012, 0.008, -0.006, 0.009, 0.015, 0.019, -0.086, -0.061, -0.049, -0.047, -0.067, -0.074, -0.069, -0.082, -0.047, -0.05, -0.049, -0.036, -0.038, -0.026, -0.049, -0.039, -0.081, -0.086, -0.049], "FUKUIrad": [0.014, 0.003, 0.003, 0.001, -0.014, -0.005, 0.019, 0.004, -0.101, -0.046, -0.038, -0.047, -0.046, -0.045, -0.051, -0.064, -0.047, -0.045, -0.05, -0.045, -0.041, -0.029, -0.051, -0.031, -0.079, -0.088, -0.084], "s proportion": [1.008, 1.026, 1.032, 1.036, 1.062, 1.032, 1.008, 0.996, 1.695, 0.974, 0.975, 0.973, 0.974, 0.979, 0.98, 0.976, 0.98, 0.958, 0.966, 0.97, 0.978, 0.97, 0.969, 0.976, 0.992, 0.989, 0.664], "p proportion": [3.076, 3.013, 3.016, 3.013, 2.96, 3.02, 3.077, 2.811, 4.874, 0.0, 0.0, 0.0, 0.0, 0.0, 0.0, 0.0, 0.0, 0.0, 0.0, 0.0, 0.0, 0.0, 0.0, 0.0, 0.0, 0.0, 0.0], "d proportion": [0.0, 0.0, 0.0, 0.0, 0.0, 0.0, 0.0, 0.0, 0.0, 0.0, 0.0, 0.0, 0.0, 0.0, 0.0, 0.0, 0.0, 0.0, 0.0, 0.0, 0.0, 0.0, 0.0, 0.0, 0.0, 0.0, 0.0], "Fermi-level/eV": -5.0871, "Coordination numbers": [3.75, 3.799, 3.8, 3.799, 3.845, 3.8, 3.748, 3.675, 1.653, 0.924, 0.924, 0.924, 0.924, 0.924, 0.924, 0.924, 0.923, 0.924, 0.924, 0.924, 0.924, 0.924, 0.924, 0.924, 0.924, 0.924, 0.804], "Dispersion coefficient C6": [22.47, 21.52, 21.621, 21.709, 20.954, 21.665, 22.512, 19.408, 21.809, 2.57, 2.586, 2.579, 2.552, 2.582, 2.618, 2.583, 2.622, 2.319, 2.356, 2.427, 2.595, 2.514, 2.529, 2.611, 2.821, 2.73, 0.774], "Total dispersion C6": 4858.299, "Total dispersion C8": 100796.049583, "Polarizability alpha": [6.76, 6.605, 6.62, 6.634, 6.511, 6.627, 6.767, 6.313, 6.304, 2.507, 2.515, 2.511, 2.498, 2.513, 2.53, 2.513, 2.532, 2.381, 2.4, 2.436, 2.519, 2.48, 2.487, 2.527, 2.627, 2.584, 1.382], "Total polarizability alpha": 103.087335, "Wiberg matrix": [[0.0, 1.0196787943110506, 0.0, 0.0, 0.0, 0.0, 0.0, 0.0, 0.0, 0.987644731555979, 0.987884260749953, 0.9875317357615168, 0.0, 0.0, 0.0, 0.0, 0.0, 0.0, 0.0, 0.0, 0.0, 0.0, 0.0, 0.0, 0.0, 0.0, 0.0], [1.0196787943110506, 0.0, 1.0089575040400138, 0.0, 0.0, 0.0, 0.0, 0.0, 0.0, 0.0, 0.0, 0.0, 0.9777307847254492, 0.9760391805401457, 0.0, 0.0, 0.0, 0.0, 0.0, 0.0, 0.0, 0.0, 0.0, 0.0, 0.0, 0.0, 0.0], [0.0, 1.0089575040400138, 0.0, 1.006640525001319, 0.0, 0.0, 0.0, 0.0, 0.0, 0.0, 0.0, 0.0, 0.0, 0.0, 0.9751129241720127, 0.9759487278066356, 0.0, 0.0, 0.0, 0.0, 0.0, 0.0, 0.0, 0.0, 0.0, 0.0, 0.0], [0.0, 0.0, 1.006640525001319, 0.0, 0.9937952721433397, 0.0, 0.0, 0.0, 0.0, 0.0, 0.0, 0.0, 0.0, 0.0, 0.0, 0.0, 0.9769547342650602, 0.9747702784766372, 0.0, 0.0, 0.0, 0.0, 0.0, 0.0, 0.0, 0.0, 0.0], [0.0, 0.0, 0.0, 0.9937952721433397, 0.0, 0.9956714525841921, 0.0, 0.9925734583520078, 0.0, 0.0, 0.0, 0.0, 0.0, 0.0, 0.0, 0.0, 0.0, 0.0, 0.9650116723917642, 0.0, 0.0, 0.0, 0.0, 0.0, 0.0, 0.0, 0.0], [0.0, 0.0, 0.0, 0.0, 0.9956714525841921, 0.0, 1.0196364387632102, 0.0, 0.0, 0.0, 0.0, 0.0, 0.0, 0.0, 0.0, 0.0, 0.0, 0.0, 0.0, 0.9736531904949484, 0.9776899828169472, 0.0, 0.0, 0.0, 0.0, 0.0, 0.0], [0.0, 0.0, 0.0, 0.0, 0.0, 1.0196364387632102, 0.0, 0.0, 0.0, 0.0, 0.0, 0.0, 0.0, 0.0, 0.0, 0.0, 0.0, 0.0, 0.0, 0.0, 0.0, 0.9872578310415775, 0.9867412541636088, 0.986426518582078, 0.0, 0.0, 0.0], [0.0, 0.0, 0.0, 0.0, 0.9925734583520078, 0.0, 0.0, 0.0, 0.9874660002981243, 0.0, 0.0, 0.0, 0.0, 0.0, 0.0, 0.0, 0.0, 0.0, 0.0, 0.0, 0.0, 0.0, 0.0, 0.0, 0.9732424878088346, 0.9715046949571047, 0.0], [0.0, 0.0, 0.0, 0.0, 0.0, 0.0, 0.0, 0.9874660002981243, 0.0, 0.0, 0.0, 0.0, 0.0, 0.0, 0.0, 0.0, 0.0, 0.0, 0.0, 0.0, 0.0, 0.0, 0.0, 0.0, 0.0, 0.0, 0.9069543631115808], [0.987644731555979, 0.0, 0.0, 0.0, 0.0, 0.0, 0.0, 0.0, 0.0, 0.0, 0.0, 0.0, 0.0, 0.0, 0.0, 0.0, 0.0, 0.0, 0.0, 0.0, 0.0, 0.0, 0.0, 0.0, 0.0, 0.0, 0.0], [0.987884260749953, 0.0, 0.0, 0.0, 0.0, 0.0, 0.0, 0.0, 0.0, 0.0, 0.0, 0.0, 0.0, 0.0, 0.0, 0.0, 0.0, 0.0, 0.0, 0.0, 0.0, 0.0, 0.0, 0.0, 0.0, 0.0, 0.0], [0.9875317357615168, 0.0, 0.0, 0.0, 0.0, 0.0, 0.0, 0.0, 0.0, 0.0, 0.0, 0.0, 0.0, 0.0, 0.0, 0.0, 0.0, 0.0, 0.0, 0.0, 0.0, 0.0, 0.0, 0.0, 0.0, 0.0, 0.0], [0.0, 0.9777307847254492, 0.0, 0.0, 0.0, 0.0, 0.0, 0.0, 0.0, 0.0, 0.0, 0.0, 0.0, 0.0, 0.0, 0.0, 0.0, 0.0, 0.0, 0.0, 0.0, 0.0, 0.0, 0.0, 0.0, 0.0, 0.0], [0.0, 0.9760391805401457, 0.0, 0.0, 0.0, 0.0, 0.0, 0.0, 0.0, 0.0, 0.0, 0.0, 0.0, 0.0, 0.0, 0.0, 0.0, 0.0, 0.0, 0.0, 0.0, 0.0, 0.0, 0.0, 0.0, 0.0, 0.0], [0.0, 0.0, 0.9751129241720127, 0.0, 0.0, 0.0, 0.0, 0.0, 0.0, 0.0, 0.0, 0.0, 0.0, 0.0, 0.0, 0.0, 0.0, 0.0, 0.0, 0.0, 0.0, 0.0, 0.0, 0.0, 0.0, 0.0, 0.0], [0.0, 0.0, 0.9759487278066356, 0.0, 0.0, 0.0, 0.0, 0.0, 0.0, 0.0, 0.0, 0.0, 0.0, 0.0, 0.0, 0.0, 0.0, 0.0, 0.0, 0.0, 0.0, 0.0, 0.0, 0.0, 0.0, 0.0, 0.0], [0.0, 0.0, 0.0, 0.9769547342650602, 0.0, 0.0, 0.0, 0.0, 0.0, 0.0, 0.0, 0.0, 0.0, 0.0, 0.0, 0.0, 0.0, 0.0, 0.0, 0.0, 0.0, 0.0, 0.0, 0.0, 0.0, 0.0, 0.0], [0.0, 0.0, 0.0, 0.9747702784766372, 0.0, 0.0, 0.0, 0.0, 0.0, 0.0, 0.0, 0.0, 0.0, 0.0, 0.0, 0.0, 0.0, 0.0, 0.0, 0.0, 0.0, 0.0, 0.0, 0.0, 0.0, 0.0, 0.0], [0.0, 0.0, 0.0, 0.0, 0.9650116723917642, 0.0, 0.0, 0.0, 0.0, 0.0, 0.0, 0.0, 0.0, 0.0, 0.0, 0.0, 0.0, 0.0, 0.0, 0.0, 0.0, 0.0, 0.0, 0.0, 0.0, 0.0, 0.0], [0.0, 0.0, 0.0, 0.0, 0.0, 0.9736531904949484, 0.0, 0.0, 0.0, 0.0, 0.0, 0.0, 0.0, 0.0, 0.0, 0.0, 0.0, 0.0, 0.0, 0.0, 0.0, 0.0, 0.0, 0.0, 0.0, 0.0, 0.0], [0.0, 0.0, 0.0, 0.0, 0.0, 0.9776899828169472, 0.0, 0.0, 0.0, 0.0, 0.0, 0.0, 0.0, 0.0, 0.0, 0.0, 0.0, 0.0, 0.0, 0.0, 0.0, 0.0, 0.0, 0.0, 0.0, 0.0, 0.0], [0.0, 0.0, 0.0, 0.0, 0.0, 0.0, 0.9872578310415775, 0.0, 0.0, 0.0, 0.0, 0.0, 0.0, 0.0, 0.0, 0.0, 0.0, 0.0, 0.0, 0.0, 0.0, 0.0, 0.0, 0.0, 0.0, 0.0, 0.0], [0.0, 0.0, 0.0, 0.0, 0.0, 0.0, 0.9867412541636088, 0.0, 0.0, 0.0, 0.0, 0.0, 0.0, 0.0, 0.0, 0.0, 0.0, 0.0, 0.0, 0.0, 0.0, 0.0, 0.0, 0.0, 0.0, 0.0, 0.0], [0.0, 0.0, 0.0, 0.0, 0.0, 0.0, 0.986426518582078, 0.0, 0.0, 0.0, 0.0, 0.0, 0.0, 0.0, 0.0, 0.0, 0.0, 0.0, 0.0, 0.0, 0.0, 0.0, 0.0, 0.0, 0.0, 0.0, 0.0], [0.0, 0.0, 0.0, 0.0, 0.0, 0.0, 0.0, 0.9732424878088346, 0.0, 0.0, 0.0, 0.0, 0.0, 0.0, 0.0, 0.0, 0.0, 0.0, 0.0, 0.0, 0.0, 0.0, 0.0, 0.0, 0.0, 0.0, 0.0], [0.0, 0.0, 0.0, 0.0, 0.0, 0.0, 0.0, 0.9715046949571047, 0.0, 0.0, 0.0, 0.0, 0.0, 0.0, 0.0, 0.0, 0.0, 0.0, 0.0, 0.0, 0.0, 0.0, 0.0, 0.0, 0.0, 0.0, 0.0], [0.0, 0.0, 0.0, 0.0, 0.0, 0.0, 0.0, 0.0, 0.9069543631115808, 0.0, 0.0, 0.0, 0.0, 0.0, 0.0, 0.0, 0.0, 0.0, 0.0, 0.0, 0.0, 0.0, 0.0, 0.0, 0.0, 0.0, 0.0]], "Born radii": [], "Atomic SASAs": [], "Solvent H bonds": [], "Total SASA": NaN, "Total FOD": 0.0, "FOD": [0.0, 0.0, 0.0, 0.0, 0.0, 0.0, 0.0, 0.0, 0.0, 0.0, 0.0, 0.0, 0.0, 0.0, 0.0, 0.0, 0.0, 0.0, 0.0, 0.0, 0.0, 0.0, 0.0, 0.0, 0.0, 0.0, 0.0], "FOD s proportion": [0.0, 0.0, 0.0, 0.0, 0.0, 0.0, 0.0, 0.0, 0.0, 0.0, 0.0, 0.0, 0.0, 0.0, 0.0, 0.0, 0.0, 0.0, 0.0, 0.0, 0.0, 0.0, 0.0, 0.0, 0.0, 0.0, 0.0], "FOD p proportion": [0.0, 0.0, 0.0, 0.0, 0.0, 0.0, 0.0, 0.0, 0.0, 0.0, 0.0, 0.0, 0.0, 0.0, 0.0, 0.0, 0.0, 0.0, 0.0, 0.0, 0.0, 0.0, 0.0, 0.0, 0.0, 0.0, 0.0], "FOD d proportion": [0.0, 0.0, 0.0, 0.0, 0.0, 0.0, 0.0, 0.0, 0.0, 0.0, 0.0, 0.0, 0.0, 0.0, 0.0, 0.0, 0.0, 0.0, 0.0, 0.0, 0.0, 0.0, 0.0, 0.0, 0.0, 0.0, 0.0], "coordinates": [["3.56760", "-0.65840", "-0.06220"], ["2.21880", "-0.06750", "0.31900"], ["1.45040", "0.40810", "-0.91400"], ["0.13730", "1.12680", "-0.57850"], ["-0.90340", "0.31820", "0.23640"], ["-1.28970", "-0.99170", "-0.48010"], ["-2.27200", "-1.85850", "0.29690"], ["-2.13790", "1.19390", "0.51800"], ["-1.75760", "2.36450", "1.23190"], ["4.19260", "0.08390", "-0.56890"], ["3.44470", "-1.51780", "-0.72910"], ["4.09990", "-0.99600", "0.83260"], ["2.37520", "0.77090", "1.00740"], ["1.64390", "-0.82920", "0.85630"], ["1.26090", "-0.43570", "-1.58680"], ["2.08040", "1.10760", "-1.47860"], ["-0.32220", "1.45070", "-1.52160"], ["0.39130", "2.04420", "-0.03260"], ["-0.45090", "0.07230", "1.20550"], ["-0.39230", "-1.59640", "-0.64940"], ["-1.71220", "-0.76800", "-1.46720"], ["-1.91610", "-2.04050", "1.31570"], ["-2.38830", "-2.82770", "-0.19930"], ["-3.26310", "-1.39890", "0.34840"], ["-2.62370", "1.49780", "-0.41540"], ["-2.86730", "0.66330", "1.13620"], ["-2.56630", "2.88390", "1.37960"]], "bond_dist": [[0.0, 1.5210975281026526, 2.5190318239355376, 3.9013411565767995, 4.586147677517592, 4.886623843718688, 5.972446816841486, 6.02663899532733, 6.258623990942419, 1.094705065302979, 1.094727536878469, 1.0945245954294494, 2.1468023686403925, 2.138559463751242, 2.7739620293003293, 2.708635966681385, 4.659259083802918, 4.170588041271879, 4.276602393255655, 4.111624478232418, 5.4646431905477595, 5.820633514489638, 6.340142246826959, 6.882978650264724, 6.565526968187702, 6.677648647540541, 7.228513383815513], [1.5210975281026526, 0.0, 1.528699748152004, 2.562128214980663, 3.147017650093497, 3.71514181425151, 4.834816857958531, 4.539996238985227, 4.749712346026862, 2.1696024543680803, 2.169035386986575, 2.159730172961428, 1.0960246712551684, 1.095165827626118, 2.164536275972292, 2.1520642021092216, 3.4856018992420807, 2.814721247299633, 2.816509254378547, 3.176976074823353, 4.37423955562564, 4.68866056566265, 5.395619458412537, 5.641340082817202, 5.141917317499377, 5.202912423825717, 5.721260029923478], [2.5190318239355376, 1.528699748152004, 0.0, 1.534053959285657, 2.6214264456589276, 3.1073875297426294, 4.523274934159982, 3.942588303386495, 4.327083517798103, 2.782779274394575, 2.778580808614355, 3.4701525355522915, 2.1630203050364556, 2.168482333338227, 1.095704581536465, 1.0977128085250714, 2.144365472581575, 2.1390142542769555, 2.8670513737985233, 2.735612673607139, 3.4192514107623033, 4.722343306029328, 5.071174954583997, 5.203458946700742, 4.246685632349068, 4.786541587618351, 5.246338293514821], [3.9013411565767995, 2.562128214980663, 1.534053959285657, 0.0, 1.5495007131331047, 2.5561795339920863, 3.93485295023842, 2.5265291805162278, 2.898291817605674, 4.187265296109144, 4.2373912115829, 4.711653829601661, 2.7658524960669904, 2.8555963650348066, 2.1726831568362655, 2.141538292910029, 1.0979476626870701, 1.0973356687905484, 2.154206464106911, 2.7751254404080554, 2.7929742175680747, 4.223296637699038, 4.707495963885684, 4.336014790103927, 2.790584815052214, 3.4903652387680006, 3.7724009569503614], [4.586147677517592, 3.147017650093497, 2.6214264456589276, 1.5495007131331047, 0.0, 1.542218515645562, 2.57191545350931, 1.539525673706028, 2.4306422155471585, 5.16455424794822, 4.8175782152446684, 5.207262905788413, 3.3983225641483767, 2.861737245101304, 2.9285863381502, 3.5309261957735676, 2.1704639342776466, 2.1743240535853894, 1.097441510969947, 2.17061235829892, 2.1762906147847074, 2.7845853317864044, 3.505916329577761, 2.920472650103062, 2.18534470736312, 2.18760994238004, 3.26419348997574], [4.886623843718688, 3.71514181425151, 3.1073875297426294, 2.5561795339920863, 1.542218515645562, 0.0, 1.523149542888025, 2.548037325079835, 3.7965711964876943, 5.58752307288301, 4.770044608806085, 5.547160349223735, 4.330231751303849, 3.2277515657187745, 2.835397899766451, 4.0940977943864505, 2.8259681986887255, 3.498957853418643, 2.162620817434254, 1.0952859626599805, 1.0967745210388504, 2.171924501450269, 2.157931092505041, 2.1786536324069505, 2.825128729810378, 2.800048651363044, 4.484246537602499], [5.972446816841486, 4.834816857958531, 4.523274934159982, 3.93485295023842, 2.57191545350931, 1.523149542888025, 0.0, 3.063333768951728, 4.355750378522625, 6.805408184671952, 5.818024697438125, 6.4522856686603705, 5.386559426015831, 4.087378091148407, 4.249007877140262, 5.558195320425506, 4.249643153254165, 4.736328159027835, 2.8053427259427677, 2.1207197339582615, 2.1481655196934897, 1.0944141126648543, 1.0950291183343026, 1.0936926533537659, 3.4490308595314136, 2.7236522942549035, 4.873316072244853], [6.02663899532733, 4.539996238985227, 3.942588303386495, 2.5265291805162278, 1.539525673706028, 2.548037325079835, 3.063333768951728, 0.0, 1.4228793553917354, 6.518334285689865, 6.330402677555354, 6.61851826393189, 4.559222847152791, 4.302254262593042, 4.3171310658816004, 4.667752579132703, 2.742750606599149, 2.724522543492713, 2.13930171083931, 3.492236562720229, 2.8233475060643882, 3.3386919429620936, 4.092735761077179, 2.8315103814042426, 1.0952590606792532, 1.0934952949144319, 1.9447316318710919], [6.258623990942419, 4.749712346026862, 4.327083517798103, 2.898291817605674, 2.4306422155471585, 3.7965711964876943, 4.355750378522625, 1.4228793553917354, 0.0, 6.621849971118343, 6.780980724054596, 6.7648138917489815, 4.43508703973214, 4.680918424839296, 4.989742676731937, 4.86383098596158, 3.236845045719674, 2.513826475713867, 2.6386251514756696, 4.592609562111719, 4.135185391249103, 4.408647149636723, 5.422642969069603, 4.148527697870655, 2.0530210398337374, 2.0333897855551455, 0.972413152934492], [1.094705065302979, 2.1696024543680803, 2.782779274394575, 4.187265296109144, 5.16455424794822, 5.58752307288301, 6.805408184671952, 6.518334285689865, 6.621849971118343, 0.0, 1.7749538979928463, 1.7717165546441114, 2.5019259481447484, 3.05954544663092, 3.1465805980460755, 2.5173209211381846, 4.812400499750618, 4.310484366054469, 4.970988047662154, 4.883768662621111, 6.0331865162615355, 6.7365427490664676, 7.205710480584131, 7.656866044276862, 6.963089913967792, 7.285963105863218, 7.570956442880913], [1.094727536878469, 2.169035386986575, 2.778580808614355, 4.2373912115829, 4.8175782152446684, 4.770044608806085, 5.818024697438125, 6.330402677555354, 6.780980724054596, 1.7749538979928463, 0.0, 1.7721368936964208, 3.0655195628147607, 2.4961057189149662, 2.5837128594331067, 3.05217789455333, 4.861027063286112, 4.743016741484263, 4.6310684004881635, 3.838632445285691, 5.263136827026256, 5.761301846805113, 6.001701013046218, 6.794830704292787, 6.7836369013973625, 6.933821839361032, 7.742977436361286], [1.0945245954294494, 2.159730172961428, 3.4701525355522915, 4.711653829601661, 5.207262905788413, 5.547160349223735, 6.4522856686603705, 6.61851826393189, 6.7648138917489815, 1.7717165546441114, 1.7721368936964208, 0.0, 2.475294071418586, 2.461771705499923, 3.771916416094079, 3.7209083098082383, 5.575263844877657, 4.872894523791788, 4.689360291127138, 4.76829791435057, 6.254723850818675, 6.125081375785958, 6.820313903333188, 7.38989492821109, 7.278965544636133, 7.168495329565333, 7.732467617132321], [2.1468023686403925, 1.0960246712551684, 2.1630203050364556, 2.7658524960669904, 3.3983225641483767, 4.330231751303849, 5.386559426015831, 4.559222847152791, 4.43508703973214, 2.5019259481447484, 3.0655195628147607, 2.475294071418586, 0.0, 1.7657720436115192, 3.0704106712295016, 2.525959209884435, 3.759512707785412, 2.5765775944069684, 2.9178976644152548, 4.001018842744933, 5.019830388568921, 5.139481933035664, 6.090728946521919, 6.077231271722346, 5.248022928684668, 5.245185740276506, 5.387181460652685], [2.138559463751242, 1.095165827626118, 2.168482333338227, 2.8555963650348066, 2.861737245101304, 3.2277515657187745, 4.087378091148407, 4.302254262593042, 4.680918424839296, 3.05954544663092, 2.4961057189149662, 2.461771705499923, 1.7657720436115192, 0.0, 2.5040504907050094, 3.0648791982719317, 3.836391746159404, 3.258155541099903, 2.3071259025029387, 2.646098783114493, 4.082377358843741, 3.7883896380916253, 4.622437717265642, 4.966001359242665, 5.024396446340595, 4.759918665271498, 5.637972910541519], [2.7739620293003293, 2.164536275972292, 1.095704581536465, 2.1726831568362655, 2.9285863381502, 2.835397899766451, 4.249007877140262, 4.3171310658816004, 4.989742676731937, 3.1465805980460755, 2.5837128594331067, 3.771916416094079, 3.0704106712295016, 2.5040504907050094, 0.0, 1.7507319554974714, 2.463526255187876, 3.0531370440908807, 3.3144022884978823, 2.22688425608517, 2.9940025150290035, 4.592735382100736, 4.5785893995858595, 5.0139135692590475, 4.494520816505359, 5.066020651359407, 5.870837500731902], [2.708635966681385, 2.1520642021092216, 1.0977128085250714, 2.141538292910029, 3.5309261957735676, 4.0940977943864505, 5.558195320425506, 4.667752579132703, 4.86383098596158, 2.5173209211381846, 3.05217789455333, 3.7209083098082383, 2.525959209884435, 3.0648791982719317, 1.7507319554974714, 0.0, 2.427355221223297, 2.4127151448109245, 3.8319340534513375, 3.7567850524085085, 4.2310542516020755, 5.80436545627513, 6.090359124879254, 6.178467730756552, 4.838512900675165, 5.61376137896865, 5.737278956090596], [4.659259083802918, 3.4856018992420807, 2.144365472581575, 1.0979476626870701, 2.1704639342776466, 2.8259681986887255, 4.249643153254165, 2.742750606599149, 3.236845045719674, 4.812400499750618, 4.861027063286112, 5.575263844877657, 3.759512707785412, 3.836391746159404, 2.463526255187876, 2.427355221223297, 0.0, 1.7545499422928947, 3.0583696081409126, 3.1702468768220564, 2.6187189711765564, 4.772762925182855, 4.931729216005275, 4.501778867292351, 2.553977114227925, 3.7631680284037277, 3.9378939155340382], [4.170588041271879, 2.814721247299633, 2.1390142542769555, 1.0973356687905484, 2.1743240535853894, 3.498957853418643, 4.736328159027835, 2.724522543492713, 2.513826475713867, 4.310484366054469, 4.743016741484263, 4.872894523791788, 2.5765775944069684, 3.258155541099903, 3.0531370440908807, 2.4127151448109245, 1.7545499422928947, 0.0, 2.4760012237476783, 3.774710526649693, 3.793581190642952, 4.881268456047055, 5.6115394198027335, 5.035348842930349, 3.0879303424785993, 3.727123852248541, 3.383312384335801], [4.276602393255655, 2.816509254378547, 2.8670513737985233, 2.154206464106911, 1.097441510969947, 2.162620817434254, 2.8053427259427677, 2.13930171083931, 2.6386251514756696, 4.970988047662154, 4.6310684004881635, 4.689360291127138, 2.9178976644152548, 2.3071259025029387, 3.3144022884978823, 3.8319340534513375, 3.0583696081409126, 2.4760012237476783, 0.0, 2.49572587837687, 3.0725082701271935, 2.573495467258491, 3.7599177916544932, 3.287479078260423, 3.0627482593252746, 2.488588445283792, 3.522828768191835], [4.111624478232418, 3.176976074823353, 2.735612673607139, 2.7751254404080554, 2.17061235829892, 1.0952859626599805, 2.1207197339582615, 3.492236562720229, 4.592609562111719, 4.883768662621111, 3.838632445285691, 4.76829791435057, 4.001018842744933, 2.646098783114493, 2.22688425608517, 3.7567850524085085, 3.1702468768220564, 3.774710526649693, 2.49572587837687, 0.0, 1.7598805101483455, 2.5260263775344867, 2.388033856543914, 3.045669668562236, 3.822038147376344, 3.797398642491989, 5.377379016770159], [5.4646431905477595, 4.37423955562564, 3.4192514107623033, 2.7929742175680747, 2.1762906147847074, 1.0967745210388504, 2.1481655196934897, 2.8233475060643882, 4.135185391249103, 6.0331865162615355, 5.263136827026256, 6.254723850818675, 5.019830388568921, 4.082377358843741, 2.9940025150290035, 4.2310542516020755, 2.6187189711765564, 3.793581190642952, 3.0725082701271935, 1.7598805101483455, 0.0, 3.066816569343527, 2.5113832264312035, 2.4697629400410075, 2.6591286411153563, 3.1875644715048512, 4.708516821675378], [5.820633514489638, 4.68866056566265, 4.722343306029328, 4.223296637699038, 2.7845853317864044, 2.171924501450269, 1.0944141126648543, 3.3386919429620936, 4.408647149636723, 6.7365427490664676, 5.761301846805113, 6.125081375785958, 5.139481933035664, 3.7883896380916253, 4.592735382100736, 5.80436545627513, 4.772762925182855, 4.881268456047055, 2.573495467258491, 2.5260263775344867, 3.066816569343527, 0.0, 1.7714066952566259, 1.7781250940246025, 4.002120920212183, 2.871852386526857, 4.967550564413009], [6.340142246826959, 5.395619458412537, 5.071174954583997, 4.707495963885684, 3.505916329577761, 2.157931092505041, 1.0950291183343026, 4.092735761077179, 5.422642969069603, 7.205710480584131, 6.001701013046218, 6.820313903333188, 6.090728946521919, 4.622437717265642, 4.5785893995858595, 6.090359124879254, 4.931729216005275, 5.6115394198027335, 3.7599177916544932, 2.388033856543914, 2.5113832264312035, 1.7714066952566259, 0.0, 1.7625889395999284, 4.3372874726031245, 3.768299649709402, 5.928489164196896], [6.882978650264724, 5.641340082817202, 5.203458946700742, 4.336014790103927, 2.920472650103062, 2.1786536324069505, 1.0936926533537659, 2.8315103814042426, 4.148527697870655, 7.656866044276862, 6.794830704292787, 7.38989492821109, 6.077231271722346, 4.966001359242665, 5.0139135692590475, 6.178467730756552, 4.501778867292351, 5.035348842930349, 3.287479078260423, 3.045669668562236, 2.4697629400410075, 1.7781250940246025, 1.7625889395999284, 0.0, 3.0631835873809456, 2.2427561882647877, 4.459964071604165], [6.565526968187702, 5.141917317499377, 4.246685632349068, 2.790584815052214, 2.18534470736312, 2.825128729810378, 3.4490308595314136, 1.0952590606792532, 2.0530210398337374, 6.963089913967792, 6.7836369013973625, 7.278965544636133, 5.248022928684668, 5.024396446340595, 4.494520816505359, 4.838512900675165, 2.553977114227925, 3.0879303424785993, 3.0627482593252746, 3.822038147376344, 2.6591286411153563, 4.002120920212183, 4.3372874726031245, 3.0631835873809456, 0.0, 1.7785369745945683, 2.2686103609919446], [6.677648647540541, 5.202912423825717, 4.786541587618351, 3.4903652387680006, 2.18760994238004, 2.800048651363044, 2.7236522942549035, 1.0934952949144319, 2.0333897855551455, 7.285963105863218, 6.933821839361032, 7.168495329565333, 5.245185740276506, 4.759918665271498, 5.066020651359407, 5.61376137896865, 3.7631680284037277, 3.727123852248541, 2.488588445283792, 3.797398642491989, 3.1875644715048512, 2.871852386526857, 3.768299649709402, 2.2427561882647877, 1.7785369745945683, 0.0, 2.2540871589182174], [7.228513383815513, 5.721260029923478, 5.246338293514821, 3.7724009569503614, 3.26419348997574, 4.484246537602499, 4.873316072244853, 1.9447316318710919, 0.972413152934492, 7.570956442880913, 7.742977436361286, 7.732467617132321, 5.387181460652685, 5.637972910541519, 5.870837500731902, 5.737278956090596, 3.9378939155340382, 3.383312384335801, 3.522828768191835, 5.377379016770159, 4.708516821675378, 4.967550564413009, 5.928489164196896, 4.459964071604165, 2.2686103609919446, 2.2540871589182174, 0.0]]}