{"total energy": -58.95541205, "HOMO-LUMO gap/eV": 3.83715123, "electronic energy": -59.66945619, "dipole": [-0.23738204, -1.59996081, -0.22958304], "partial charges": [-0.09392896, -0.05834676, 0.00432038, -0.04311785, -0.03489931, -0.04434327, -9.693e-05, -0.1086361, 0.03994279, -0.10393725, 0.04944393, -0.11380837, 0.07573758, -0.32094349, 0.03984376, 0.26963577, -0.41796662, 0.0074462, -0.17086215, 0.03922456, 0.04526045, 0.02979614, 0.03580278, 0.05702891, 0.03905106, 0.03662783, 0.0380681, 0.04497067, 0.04953329, 0.04828116, 0.0560203, 0.04306147, 0.04598214, 0.06042394, 0.05552291, 0.02520688, 0.05699149, 0.0375446, 0.02911488, 0.07164456, 0.07935856], "atomic dipole moments": [[0.03147917, -0.10381828, -0.03218215], [-0.03786045, 0.09097314, -0.0632816], [0.03434797, 0.01647123, 0.06080823], [0.01432991, 0.00869188, 0.00421389], [8.876e-05, -0.00133098, -0.00031946], [0.01677253, 0.01371244, 0.00636584], [0.05799902, 0.04698645, -0.03305205], [-0.05798468, -0.02166094, 0.04863049], [0.13722075, 0.0970068, 0.05682001], [0.04972839, -0.03781536, -0.03792659], [-0.02308769, 0.1302764, -0.05580696], [-0.08724555, 0.0212008, 0.09444435], [-0.18383079, -0.02158724, 0.0828009], [0.26550106, 0.10601078, 0.00403742], [-0.0636861, -0.12464925, -0.16876076], [-0.02751315, -0.00120015, 0.0060942], [-0.16703468, -0.08829056, 0.0047959], [0.05940768, 0.14814095, 0.10340634], [0.11947284, -0.09299964, -0.04102405], [-0.00327581, 0.00559687, 0.1264014], [0.07454233, 0.09777991, -0.03783338], [-0.11573765, 0.02538307, -0.04092852], [-0.06501302, -0.08407521, 0.0578977], [0.11204167, -0.03142121, 0.0534944], [-0.10562668, -0.06547599, 0.08663187], [-0.11536607, -0.08066742, -0.05424439], [-0.02389869, -0.02206747, -0.14823907], [-0.05546032, 0.10239152, -0.05906182], [0.03126716, -0.08919713, -0.08825952], [0.11937141, 0.03477834, 0.04063847], [-0.0370968, -0.1131786, 0.0431096], [0.09700998, -0.06758962, 0.0492479], [-0.04473126, -0.07252621, -0.09407889], [0.05633014, 0.10402878, -0.05850963], [0.05744348, 0.1111333, -0.0250258], [0.08378276, -0.06477673, 0.04960747], [-0.08761887, 0.01276097, 0.09015684], [0.02354084, 0.11153781, -0.04460697], [0.09559787, -0.05559842, 0.04764699], [-0.11731059, -0.05620931, 0.03642742], [-0.00082069, 0.0263384, -0.13332465]], "atomic quadrupole moments": [[-0.08434808, -0.10788665, 0.16946536, -0.03175721, 0.09358232, -0.08511728], [-0.14369054, -0.05020933, 0.06231273, -0.00565651, 0.12217314, 0.08137781], [-0.09366256, -0.37359131, 0.19597211, 0.05743855, -0.00495745, -0.10230956], [-0.04421175, -0.36182083, 0.25379613, 0.01946544, -0.01675408, -0.20958438], [-0.02321449, -0.37778688, 0.27109105, -0.00177254, -0.02451801, -0.24787655], [-0.00263367, -0.34205875, 0.26020124, -0.01685466, -0.03598097, -0.25756757], [0.01204478, -0.27800025, 0.2448305, -0.10098061, -0.10309011, -0.25687528], [0.00424031, 0.09095149, -0.0512092, -0.09181832, -0.06469845, 0.04696888], [0.12441207, -0.17583753, 0.24972576, 0.15062059, 0.04866592, -0.37413783], [0.05104373, 0.01235228, -0.04436776, 0.00284047, 0.00110159, -0.00667596], [0.08377314, -0.12386991, -0.12014566, 0.08173913, 0.05989582, 0.03637252], [0.05422072, -0.06611833, -0.12482792, -0.15529411, 0.05425196, 0.0706072], [0.05256756, -0.02615588, -0.25937839, -0.23140258, 0.21220822, 0.20681083], [0.03429918, 0.04744001, -0.08334953, -0.04485718, 0.11148993, 0.04905035], [-0.1439282, 0.14644819, -0.03064834, 0.17443294, 0.31925301, 0.17457654], [-0.23583644, -0.04784306, -0.22770164, -0.06794247, 0.21615552, 0.46353809], [-0.09212237, 0.0070529, -0.08314333, -0.03832059, 0.06761049, 0.1752657], [-0.13254761, -0.07310607, 0.31132043, 0.07548517, 0.25508232, -0.17877282], [-0.2809058, -0.04006229, 0.39294593, -0.01484868, 0.3675155, -0.11204013], [-0.05205174, -0.00862886, -0.02722677, -6.729e-05, -0.00486043, 0.07927852], [0.01454038, 0.04455288, 0.01510482, -0.03786074, -0.02914093, -0.02964519], [0.06097312, -0.00966888, -0.03079664, 0.04949301, 0.0033165, -0.03017648], [0.00418543, 0.04919647, 0.01094972, -0.02424223, -0.00246939, -0.01513515], [0.06297201, 0.00287298, -0.03525296, 0.01335089, 0.0077541, -0.02771905], [-0.00617108, 0.04370075, -0.03940669, 0.00270449, 0.00564692, 0.04557777], [-0.00114359, 0.04591946, -0.03835465, -0.00501514, -5.901e-05, 0.03949825], [0.00558615, 0.04964374, -0.0360063, -0.01136973, -0.00384544, 0.03042014], [-0.0016421, -0.04198554, 0.0268155, 0.01950761, -0.04356992, -0.02517341], [-0.03539772, 0.00910338, 0.0270046, -0.01866788, 0.06190052, 0.00839312], [0.03463695, 0.03406962, -0.03957508, 0.05346813, 0.01735488, 0.00493813], [0.01117469, 0.01954971, 0.00738117, -0.00288078, -0.01411652, -0.01855587], [0.01825823, -0.04885692, -0.0184606, 0.03974945, -0.03311574, 0.00020237], [-0.00563835, 0.03873594, -0.01481246, 0.03669815, 0.04693894, 0.02045081], [-0.03225498, 0.0280849, 0.05934651, -0.01710835, -0.03059872, -0.02709153], [-0.02821694, 0.00717286, 0.02725704, -0.02194946, -0.0247605, 0.0009599], [0.00869896, -0.04885287, 0.00196413, 0.00208704, -0.01464388, -0.01066309], [0.02747942, 0.00372047, -0.04475288, -0.05719088, 0.01497328, 0.01727346], [-0.042719, 0.0327633, 0.04879991, 0.00593895, -0.02811527, -0.0060809], [0.02894857, -0.03875609, -0.00820298, 0.04410857, -0.00194666, -0.02074559], [0.0138877, 0.02751148, 0.01722165, -0.02831549, 0.00083917, -0.03110935], [-0.0375984, -0.001018, -0.00609776, -0.00747457, -0.01060458, 0.04369616]], "number of molecular orbitals": 103, "number of electrons": 106, "number of unpaired electrons": 0, "orbital energies/eV": [-28.4660389, -19.03836692, -18.87867002, -18.14514791, -17.88123128, -17.73475306, -17.3512965, -17.29415803, -17.08481858, -16.94942153, -16.73562429, -16.46137185, -16.38482752, -16.24299873, -16.06594705, -15.7582611, -15.47160554, -15.38354568, -15.11636426, -15.0151222, -14.91889858, -14.78940475, -14.62689858, -14.28989376, -14.1627553, -14.14461132, -13.8963087, -13.79830603, -13.65828393, -13.5779584, -13.48912907, -13.39446325, -13.29295727, -13.24188531, -13.16574063, -13.07233224, -12.91977532, -12.85425569, -12.65779905, -12.53637868, -12.41443199, -12.34418694, -12.23029567, -11.98162893, -11.83591756, -11.56366822, -11.41088577, -11.25565089, -11.1188015, -10.94287551, -10.87651923, -10.67105655, -10.55465159, -6.71750036, -6.40658975, -6.18114681, -4.07913273, -3.16862007, -1.2819267, 0.00289973, 0.50633502, 0.65457101, 0.83655827, 0.84752191, 1.49385366, 1.61609446, 2.2002075, 2.43895992, 2.76302403, 2.90856511, 3.10580279, 3.17083839, 3.40466583, 3.58864701, 3.77368175, 3.90297233, 4.01748578, 4.19624274, 4.31752436, 4.42653563, 4.56183038, 4.85424657, 5.07082406, 5.18365201, 5.34608755, 5.52227207, 5.534921, 5.73669046, 5.93065597, 5.95221678, 6.23476038, 6.4934297, 6.83812218, 6.94894041, 7.49379869, 8.16183444, 9.69534055, 10.29467951, 11.32847797, 11.61923981, 14.94366971, 15.9641091, 16.26942232], "fractional occupation": [2.0, 2.0, 2.0, 2.0, 2.0, 2.0, 2.0, 2.0, 2.0, 2.0, 2.0, 2.0, 2.0, 2.0, 2.0, 2.0, 2.0, 2.0, 2.0, 2.0, 2.0, 2.0, 2.0, 2.0, 2.0, 2.0, 2.0, 2.0, 2.0, 2.0, 2.0, 2.0, 2.0, 2.0, 2.0, 2.0, 2.0, 2.0, 2.0, 2.0, 2.0, 2.0, 2.0, 2.0, 2.0, 2.0, 2.0, 2.0, 2.0, 2.0, 2.0, 2.0, 2.0, 0.0, 0.0, 0.0, 0.0, 0.0, 0.0, 0.0, 0.0, 0.0, 0.0, 0.0, 0.0, 0.0, 0.0, 0.0, 0.0, 0.0, 0.0, 0.0, 0.0, 0.0, 0.0, 0.0, 0.0, 0.0, 0.0, 0.0, 0.0, 0.0, 0.0, 0.0, 0.0, 0.0, 0.0, 0.0, 0.0, 0.0, 0.0, 0.0, 0.0, 0.0, 0.0, 0.0, 0.0, 0.0, 0.0, 0.0, 0.0, 0.0, 0.0], "program call": "xtb /home/svss/Project-DBcg-Debug/aqme2_20220329/End-to-End-workflows-final/example-3/QDESCP/mol_481_rdkit_conf_9/mol_481_rdkit_conf_9.xyz --pop --wbo --acc 0.2 --gfn 2 --chrg 0 --uhf 0 --etemp 300 --input /home/svss/Project-DBcg-Debug/aqme2_20220329/End-to-End-workflows-final/example-3/QDESCP/mol_481_rdkit_conf_9/mol_481_rdkit_conf_9_xtb.inp", "method": "GFN2-xTB", "xtb version": "6.3.3 (7355c4f)", "Dipole module/D": 4.152, "Total charge": 0, "Transition dipole module/D": NaN, "HOMO": -10.5547, "LUMO": -6.7175, "HOMO occupancy": 2.0, "LUMO occupancy": 0, "mulliken charges": [-0.0738, -0.03715, -0.00774, -0.04457, -0.02707, -0.04559, -0.01128, -0.0898, 0.10123, -0.27684, 0.12761, -0.10351, 0.18552, -0.46846, 0.17182, 0.46345, -0.54122, 0.03179, -0.11815, 0.03439, 0.03479, 0.0216, 0.02486, 0.04559, 0.03433, 0.0333, 0.03342, 0.04048, 0.0406, 0.04553, 0.03527, 0.03323, 0.03461, 0.05371, 0.04421, 0.01373, 0.03217, 0.02431, 0.01347, 0.03718, 0.05298], "cm5 charges": [-0.22237, -0.14171, -0.01605, -0.09778, -0.08247, -0.09879, -0.02157, -0.23267, 0.15492, -0.51266, 0.11724, -0.24675, 0.10885, -0.57561, 0.04906, 0.55258, -0.58976, -0.05843, -0.12464, 0.0857, 0.09098, 0.07332, 0.08048, 0.10775, 0.0906, 0.08871, 0.08962, 0.09309, 0.09263, 0.10383, 0.10753, 0.08513, 0.08888, 0.11061, 0.11509, 0.07757, 0.0912, 0.08346, 0.07247, 0.09866, 0.11129], "FUKUI+": [0.011, 0.012, -0.041, -0.019, -0.047, -0.026, -0.029, 0.021, -0.038, -0.041, 0.008, 0.013, 0.009, 0.005, 0.008, -0.053, -0.122, 0.019, -0.1, -0.031, -0.001, -0.015, -0.032, -0.027, -0.057, -0.065, -0.058, -0.031, -0.038, -0.018, -0.02, -0.031, -0.008, -0.009, -0.005, -0.029, -0.012, -0.003, -0.016, -0.036, -0.049], "FUKUI-": [0.009, 0.007, -0.022, -0.016, -0.025, -0.019, -0.02, 0.017, -0.011, -0.04, 0.007, 0.014, 0.016, -0.064, 0.021, -0.006, -0.083, 0.017, -0.131, -0.025, 0.0, -0.022, -0.03, -0.021, -0.04, -0.045, -0.043, -0.03, -0.034, -0.014, -0.025, -0.03, -0.018, -0.015, -0.04, -0.056, -0.031, -0.036, -0.043, -0.032, -0.04], "FUKUIrad": [0.01, 0.01, -0.031, -0.018, -0.036, -0.023, -0.025, 0.019, -0.025, -0.041, 0.008, 0.013, 0.013, -0.029, 0.015, -0.03, -0.103, 0.018, -0.116, -0.028, -0.0, -0.018, -0.031, -0.024, -0.048, -0.055, -0.05, -0.031, -0.036, -0.016, -0.022, -0.03, -0.013, -0.012, -0.022, -0.042, -0.022, -0.019, -0.029, -0.034, -0.044], "s proportion": [1.006, 1.026, 1.098, 1.064, 1.06, 1.062, 1.094, 1.01, 1.055, 1.454, 1.041, 1.017, 1.004, 1.694, 0.972, 1.013, 1.733, 1.051, 1.949, 0.966, 0.965, 0.978, 0.975, 0.954, 0.966, 0.967, 0.967, 0.96, 0.959, 0.954, 0.965, 0.967, 0.965, 0.946, 0.956, 0.986, 0.968, 0.976, 0.987, 0.963, 0.947], "p proportion": [3.067, 3.011, 2.909, 2.98, 2.967, 2.984, 2.917, 3.08, 2.844, 3.823, 2.831, 3.086, 2.811, 4.774, 2.857, 2.524, 4.808, 2.917, 5.184, 0.0, 0.0, 0.0, 0.0, 0.0, 0.0, 0.0, 0.0, 0.0, 0.0, 0.0, 0.0, 0.0, 0.0, 0.0, 0.0, 0.0, 0.0, 0.0, 0.0, 0.0, 0.0], "d proportion": [0.0, 0.0, 0.0, 0.0, 0.0, 0.0, 0.0, 0.0, 0.0, 0.0, 0.0, 0.0, 0.0, 0.0, 0.0, 0.0, 0.0, 0.0, -0.015, 0.0, 0.0, 0.0, 0.0, 0.0, 0.0, 0.0, 0.0, 0.0, 0.0, 0.0, 0.0, 0.0, 0.0, 0.0, 0.0, 0.0, 0.0, 0.0, 0.0, 0.0, 0.0], "Fermi-level/eV": -8.6361, "Coordination numbers": [3.75, 3.805, 2.958, 2.916, 2.906, 2.917, 2.957, 3.756, 2.901, 2.729, 3.784, 3.75, 3.699, 1.697, 3.649, 2.783, 0.857, 3.713, 0.922, 0.924, 0.924, 0.924, 0.923, 0.924, 0.925, 0.925, 0.925, 0.924, 0.924, 0.924, 0.924, 0.924, 0.924, 0.924, 0.924, 0.924, 0.924, 0.924, 0.924, 0.925, 0.924], "Dispersion coefficient C6": [22.357, 21.62, 27.925, 29.071, 28.868, 29.101, 28.03, 22.632, 27.104, 23.279, 19.763, 22.742, 19.47, 19.364, 20.22, 22.449, 22.043, 20.581, 104.499, 2.459, 2.38, 2.589, 2.506, 2.234, 2.462, 2.494, 2.475, 2.384, 2.326, 2.341, 2.246, 2.409, 2.371, 2.194, 2.252, 2.656, 2.235, 2.482, 2.599, 2.068, 1.986], "Total dispersion C6": 17218.179971, "Total dispersion C8": 411179.565042, "Polarizability alpha": [6.743, 6.62, 8.668, 8.842, 8.81, 8.846, 8.684, 6.783, 8.536, 7.166, 6.332, 6.801, 6.311, 5.941, 6.46, 7.761, 6.295, 6.482, 15.639, 2.452, 2.413, 2.516, 2.475, 2.337, 2.453, 2.47, 2.46, 2.415, 2.385, 2.393, 2.344, 2.427, 2.408, 2.316, 2.347, 2.549, 2.338, 2.464, 2.521, 2.249, 2.204], "Total polarizability alpha": 200.655191, "Wiberg matrix": [[0.0, 1.0036070376480484, 0.0, 0.0, 0.0, 0.0, 0.0, 0.0, 0.0, 0.0, 0.0, 0.0, 0.0, 0.0, 0.0, 0.0, 0.0, 0.0, 0.0, 0.9850645068656033, 0.984970097864698, 0.9879730152468812, 0.0, 0.0, 0.0, 0.0, 0.0, 0.0, 0.0, 0.0, 0.0, 0.0, 0.0, 0.0, 0.0, 0.0, 0.0, 0.0, 0.0, 0.0, 0.0], [1.0036070376480484, 0.0, 1.012517783638955, 0.0, 0.0, 0.0, 0.0, 0.0, 0.0, 0.0, 0.0, 0.0, 0.0, 0.0, 0.0, 0.0, 0.0, 0.0, 0.0, 0.0, 0.0, 0.0, 0.974268508372093, 0.959870655968614, 0.0, 0.0, 0.0, 0.0, 0.0, 0.0, 0.0, 0.0, 0.0, 0.0, 0.0, 0.0, 0.0, 0.0, 0.0, 0.0, 0.0], [0.0, 1.012517783638955, 0.0, 1.4119205330895352, 0.0, 0.10675099024356993, 0.0, 0.0, 1.367701426754624, 0.0, 0.0, 0.0, 0.0, 0.0, 0.0, 0.0, 0.0, 0.0, 0.0, 0.0, 0.0, 0.0, 0.0, 0.0, 0.0, 0.0, 0.0, 0.0, 0.0, 0.0, 0.0, 0.0, 0.0, 0.0, 0.0, 0.0, 0.0, 0.0, 0.0, 0.0, 0.0], [0.0, 0.0, 1.4119205330895352, 0.0, 1.4382802525090408, 0.0, 0.10528008429572014, 0.0, 0.0, 0.0, 0.0, 0.0, 0.0, 0.0, 0.0, 0.0, 0.0, 0.0, 0.0, 0.0, 0.0, 0.0, 0.0, 0.0, 0.9679616690387653, 0.0, 0.0, 0.0, 0.0, 0.0, 0.0, 0.0, 0.0, 0.0, 0.0, 0.0, 0.0, 0.0, 0.0, 0.0, 0.0], [0.0, 0.0, 0.0, 1.4382802525090408, 0.0, 1.4452932011682929, 0.0, 0.0, 0.0, 0.0, 0.0, 0.0, 0.0, 0.0, 0.0, 0.0, 0.0, 0.0, 0.0, 0.0, 0.0, 0.0, 0.0, 0.0, 0.0, 0.9699726105787999, 0.0, 0.0, 0.0, 0.0, 0.0, 0.0, 0.0, 0.0, 0.0, 0.0, 0.0, 0.0, 0.0, 0.0, 0.0], [0.0, 0.0, 0.10675099024356993, 0.0, 1.4452932011682929, 0.0, 1.4061829187776533, 0.0, 0.0, 0.0, 0.0, 0.0, 0.0, 0.0, 0.0, 0.0, 0.0, 0.0, 0.0, 0.0, 0.0, 0.0, 0.0, 0.0, 0.0, 0.0, 0.9689411499602243, 0.0, 0.0, 0.0, 0.0, 0.0, 0.0, 0.0, 0.0, 0.0, 0.0, 0.0, 0.0, 0.0, 0.0], [0.0, 0.0, 0.0, 0.10528008429572014, 0.0, 1.4061829187776533, 0.0, 1.0257455536899096, 1.3706429641974158, 0.0, 0.0, 0.0, 0.0, 0.0, 0.0, 0.0, 0.0, 0.0, 0.0, 0.0, 0.0, 0.0, 0.0, 0.0, 0.0, 0.0, 0.0, 0.0, 0.0, 0.0, 0.0, 0.0, 0.0, 0.0, 0.0, 0.0, 0.0, 0.0, 0.0, 0.0, 0.0], [0.0, 0.0, 0.0, 0.0, 0.0, 0.0, 1.0257455536899096, 0.0, 0.0, 0.0, 0.0, 0.0, 0.0, 0.0, 0.0, 0.0, 0.0, 0.0, 0.0, 0.0, 0.0, 0.0, 0.0, 0.0, 0.0, 0.0, 0.0, 0.9670320350980923, 0.976415395098668, 0.9788065600752005, 0.0, 0.0, 0.0, 0.0, 0.0, 0.0, 0.0, 0.0, 0.0, 0.0, 0.0], [0.0, 0.0, 1.367701426754624, 0.0, 0.0, 0.0, 1.3706429641974158, 0.0, 0.0, 1.0009383080024803, 0.0, 0.0, 0.0, 0.0, 0.0, 0.0, 0.0, 0.0, 0.0, 0.0, 0.0, 0.0, 0.0, 0.0, 0.0, 0.0, 0.0, 0.0, 0.0, 0.0, 0.0, 0.0, 0.0, 0.0, 0.0, 0.0, 0.0, 0.0, 0.0, 0.0, 0.0], [0.0, 0.0, 0.0, 0.0, 0.0, 0.0, 0.0, 0.0, 1.0009383080024803, 0.0, 0.9541310836243249, 0.0, 0.0, 0.0, 0.0, 1.2043529065405034, 0.18779436189049295, 0.0, 0.0, 0.0, 0.0, 0.0, 0.0, 0.0, 0.0, 0.0, 0.0, 0.0, 0.0, 0.0, 0.0, 0.0, 0.0, 0.0, 0.0, 0.0, 0.0, 0.0, 0.0, 0.0, 0.0], [0.0, 0.0, 0.0, 0.0, 0.0, 0.0, 0.0, 0.0, 0.0, 0.9541310836243249, 0.0, 0.9993566828898489, 0.9862242558846208, 0.0, 0.0, 0.0, 0.0, 0.0, 0.0, 0.0, 0.0, 0.0, 0.0, 0.0, 0.0, 0.0, 0.0, 0.0, 0.0, 0.0, 0.9601873592708617, 0.0, 0.0, 0.0, 0.0, 0.0, 0.0, 0.0, 0.0, 0.0, 0.0], [0.0, 0.0, 0.0, 0.0, 0.0, 0.0, 0.0, 0.0, 0.0, 0.0, 0.9993566828898489, 0.0, 0.0, 0.0, 0.0, 0.0, 0.0, 0.0, 0.0, 0.0, 0.0, 0.0, 0.0, 0.0, 0.0, 0.0, 0.0, 0.0, 0.0, 0.0, 0.0, 0.9825616487798421, 0.9836437554293276, 0.9830598441398429, 0.0, 0.0, 0.0, 0.0, 0.0, 0.0, 0.0], [0.0, 0.0, 0.0, 0.0, 0.0, 0.0, 0.0, 0.0, 0.0, 0.0, 0.9862242558846208, 0.0, 0.0, 0.9800832317315115, 0.0, 0.0, 0.0, 0.0, 0.0, 0.0, 0.0, 0.0, 0.0, 0.0, 0.0, 0.0, 0.0, 0.0, 0.0, 0.0, 0.0, 0.0, 0.0, 0.0, 0.9648169564757704, 0.966492740802311, 0.0, 0.0, 0.0, 0.0, 0.0], [0.0, 0.0, 0.0, 0.0, 0.0, 0.0, 0.0, 0.0, 0.0, 0.0, 0.0, 0.0, 0.9800832317315115, 0.0, 0.9926461806237481, 0.0, 0.0, 0.0, 0.0, 0.0, 0.0, 0.0, 0.0, 0.0, 0.0, 0.0, 0.0, 0.0, 0.0, 0.0, 0.0, 0.0, 0.0, 0.0, 0.0, 0.0, 0.0, 0.0, 0.0, 0.0, 0.0], [0.0, 0.0, 0.0, 0.0, 0.0, 0.0, 0.0, 0.0, 0.0, 0.0, 0.0, 0.0, 0.0, 0.9926461806237481, 0.0, 0.0, 0.0, 0.0, 0.0, 0.0, 0.0, 0.0, 0.0, 0.0, 0.0, 0.0, 0.0, 0.0, 0.0, 0.0, 0.0, 0.0, 0.0, 0.0, 0.0, 0.0, 0.980262232132773, 0.9781107342925563, 0.979189103707489, 0.0, 0.0], [0.0, 0.0, 0.0, 0.0, 0.0, 0.0, 0.0, 0.0, 0.0, 1.2043529065405034, 0.0, 0.0, 0.0, 0.0, 0.0, 0.0, 1.7003934755339598, 0.9692882538160215, 0.0, 0.0, 0.0, 0.0, 0.0, 0.0, 0.0, 0.0, 0.0, 0.0, 0.0, 0.0, 0.0, 0.0, 0.0, 0.0, 0.0, 0.0, 0.0, 0.0, 0.0, 0.0, 0.0], [0.0, 0.0, 0.0, 0.0, 0.0, 0.0, 0.0, 0.0, 0.0, 0.18779436189049295, 0.0, 0.0, 0.0, 0.0, 0.0, 1.7003934755339598, 0.0, 0.0, 0.0, 0.0, 0.0, 0.0, 0.0, 0.0, 0.0, 0.0, 0.0, 0.0, 0.0, 0.0, 0.0, 0.0, 0.0, 0.0, 0.0, 0.0, 0.0, 0.0, 0.0, 0.0, 0.0], [0.0, 0.0, 0.0, 0.0, 0.0, 0.0, 0.0, 0.0, 0.0, 0.0, 0.0, 0.0, 0.0, 0.0, 0.0, 0.9692882538160215, 0.0, 0.0, 0.9576336981636546, 0.0, 0.0, 0.0, 0.0, 0.0, 0.0, 0.0, 0.0, 0.0, 0.0, 0.0, 0.0, 0.0, 0.0, 0.0, 0.0, 0.0, 0.0, 0.0, 0.0, 0.9740864514362512, 0.9608244602524387], [0.0, 0.0, 0.0, 0.0, 0.0, 0.0, 0.0, 0.0, 0.0, 0.0, 0.0, 0.0, 0.0, 0.0, 0.0, 0.0, 0.0, 0.9576336981636546, 0.0, 0.0, 0.0, 0.0, 0.0, 0.0, 0.0, 0.0, 0.0, 0.0, 0.0, 0.0, 0.0, 0.0, 0.0, 0.0, 0.0, 0.0, 0.0, 0.0, 0.0, 0.0, 0.0], [0.9850645068656033, 0.0, 0.0, 0.0, 0.0, 0.0, 0.0, 0.0, 0.0, 0.0, 0.0, 0.0, 0.0, 0.0, 0.0, 0.0, 0.0, 0.0, 0.0, 0.0, 0.0, 0.0, 0.0, 0.0, 0.0, 0.0, 0.0, 0.0, 0.0, 0.0, 0.0, 0.0, 0.0, 0.0, 0.0, 0.0, 0.0, 0.0, 0.0, 0.0, 0.0], [0.984970097864698, 0.0, 0.0, 0.0, 0.0, 0.0, 0.0, 0.0, 0.0, 0.0, 0.0, 0.0, 0.0, 0.0, 0.0, 0.0, 0.0, 0.0, 0.0, 0.0, 0.0, 0.0, 0.0, 0.0, 0.0, 0.0, 0.0, 0.0, 0.0, 0.0, 0.0, 0.0, 0.0, 0.0, 0.0, 0.0, 0.0, 0.0, 0.0, 0.0, 0.0], [0.9879730152468812, 0.0, 0.0, 0.0, 0.0, 0.0, 0.0, 0.0, 0.0, 0.0, 0.0, 0.0, 0.0, 0.0, 0.0, 0.0, 0.0, 0.0, 0.0, 0.0, 0.0, 0.0, 0.0, 0.0, 0.0, 0.0, 0.0, 0.0, 0.0, 0.0, 0.0, 0.0, 0.0, 0.0, 0.0, 0.0, 0.0, 0.0, 0.0, 0.0, 0.0], [0.0, 0.974268508372093, 0.0, 0.0, 0.0, 0.0, 0.0, 0.0, 0.0, 0.0, 0.0, 0.0, 0.0, 0.0, 0.0, 0.0, 0.0, 0.0, 0.0, 0.0, 0.0, 0.0, 0.0, 0.0, 0.0, 0.0, 0.0, 0.0, 0.0, 0.0, 0.0, 0.0, 0.0, 0.0, 0.0, 0.0, 0.0, 0.0, 0.0, 0.0, 0.0], [0.0, 0.959870655968614, 0.0, 0.0, 0.0, 0.0, 0.0, 0.0, 0.0, 0.0, 0.0, 0.0, 0.0, 0.0, 0.0, 0.0, 0.0, 0.0, 0.0, 0.0, 0.0, 0.0, 0.0, 0.0, 0.0, 0.0, 0.0, 0.0, 0.0, 0.0, 0.0, 0.0, 0.0, 0.0, 0.0, 0.0, 0.0, 0.0, 0.0, 0.0, 0.0], [0.0, 0.0, 0.0, 0.9679616690387653, 0.0, 0.0, 0.0, 0.0, 0.0, 0.0, 0.0, 0.0, 0.0, 0.0, 0.0, 0.0, 0.0, 0.0, 0.0, 0.0, 0.0, 0.0, 0.0, 0.0, 0.0, 0.0, 0.0, 0.0, 0.0, 0.0, 0.0, 0.0, 0.0, 0.0, 0.0, 0.0, 0.0, 0.0, 0.0, 0.0, 0.0], [0.0, 0.0, 0.0, 0.0, 0.9699726105787999, 0.0, 0.0, 0.0, 0.0, 0.0, 0.0, 0.0, 0.0, 0.0, 0.0, 0.0, 0.0, 0.0, 0.0, 0.0, 0.0, 0.0, 0.0, 0.0, 0.0, 0.0, 0.0, 0.0, 0.0, 0.0, 0.0, 0.0, 0.0, 0.0, 0.0, 0.0, 0.0, 0.0, 0.0, 0.0, 0.0], [0.0, 0.0, 0.0, 0.0, 0.0, 0.9689411499602243, 0.0, 0.0, 0.0, 0.0, 0.0, 0.0, 0.0, 0.0, 0.0, 0.0, 0.0, 0.0, 0.0, 0.0, 0.0, 0.0, 0.0, 0.0, 0.0, 0.0, 0.0, 0.0, 0.0, 0.0, 0.0, 0.0, 0.0, 0.0, 0.0, 0.0, 0.0, 0.0, 0.0, 0.0, 0.0], [0.0, 0.0, 0.0, 0.0, 0.0, 0.0, 0.0, 0.9670320350980923, 0.0, 0.0, 0.0, 0.0, 0.0, 0.0, 0.0, 0.0, 0.0, 0.0, 0.0, 0.0, 0.0, 0.0, 0.0, 0.0, 0.0, 0.0, 0.0, 0.0, 0.0, 0.0, 0.0, 0.0, 0.0, 0.0, 0.0, 0.0, 0.0, 0.0, 0.0, 0.0, 0.0], [0.0, 0.0, 0.0, 0.0, 0.0, 0.0, 0.0, 0.976415395098668, 0.0, 0.0, 0.0, 0.0, 0.0, 0.0, 0.0, 0.0, 0.0, 0.0, 0.0, 0.0, 0.0, 0.0, 0.0, 0.0, 0.0, 0.0, 0.0, 0.0, 0.0, 0.0, 0.0, 0.0, 0.0, 0.0, 0.0, 0.0, 0.0, 0.0, 0.0, 0.0, 0.0], [0.0, 0.0, 0.0, 0.0, 0.0, 0.0, 0.0, 0.9788065600752005, 0.0, 0.0, 0.0, 0.0, 0.0, 0.0, 0.0, 0.0, 0.0, 0.0, 0.0, 0.0, 0.0, 0.0, 0.0, 0.0, 0.0, 0.0, 0.0, 0.0, 0.0, 0.0, 0.0, 0.0, 0.0, 0.0, 0.0, 0.0, 0.0, 0.0, 0.0, 0.0, 0.0], [0.0, 0.0, 0.0, 0.0, 0.0, 0.0, 0.0, 0.0, 0.0, 0.0, 0.9601873592708617, 0.0, 0.0, 0.0, 0.0, 0.0, 0.0, 0.0, 0.0, 0.0, 0.0, 0.0, 0.0, 0.0, 0.0, 0.0, 0.0, 0.0, 0.0, 0.0, 0.0, 0.0, 0.0, 0.0, 0.0, 0.0, 0.0, 0.0, 0.0, 0.0, 0.0], [0.0, 0.0, 0.0, 0.0, 0.0, 0.0, 0.0, 0.0, 0.0, 0.0, 0.0, 0.9825616487798421, 0.0, 0.0, 0.0, 0.0, 0.0, 0.0, 0.0, 0.0, 0.0, 0.0, 0.0, 0.0, 0.0, 0.0, 0.0, 0.0, 0.0, 0.0, 0.0, 0.0, 0.0, 0.0, 0.0, 0.0, 0.0, 0.0, 0.0, 0.0, 0.0], [0.0, 0.0, 0.0, 0.0, 0.0, 0.0, 0.0, 0.0, 0.0, 0.0, 0.0, 0.9836437554293276, 0.0, 0.0, 0.0, 0.0, 0.0, 0.0, 0.0, 0.0, 0.0, 0.0, 0.0, 0.0, 0.0, 0.0, 0.0, 0.0, 0.0, 0.0, 0.0, 0.0, 0.0, 0.0, 0.0, 0.0, 0.0, 0.0, 0.0, 0.0, 0.0], [0.0, 0.0, 0.0, 0.0, 0.0, 0.0, 0.0, 0.0, 0.0, 0.0, 0.0, 0.9830598441398429, 0.0, 0.0, 0.0, 0.0, 0.0, 0.0, 0.0, 0.0, 0.0, 0.0, 0.0, 0.0, 0.0, 0.0, 0.0, 0.0, 0.0, 0.0, 0.0, 0.0, 0.0, 0.0, 0.0, 0.0, 0.0, 0.0, 0.0, 0.0, 0.0], [0.0, 0.0, 0.0, 0.0, 0.0, 0.0, 0.0, 0.0, 0.0, 0.0, 0.0, 0.0, 0.9648169564757704, 0.0, 0.0, 0.0, 0.0, 0.0, 0.0, 0.0, 0.0, 0.0, 0.0, 0.0, 0.0, 0.0, 0.0, 0.0, 0.0, 0.0, 0.0, 0.0, 0.0, 0.0, 0.0, 0.0, 0.0, 0.0, 0.0, 0.0, 0.0], [0.0, 0.0, 0.0, 0.0, 0.0, 0.0, 0.0, 0.0, 0.0, 0.0, 0.0, 0.0, 0.966492740802311, 0.0, 0.0, 0.0, 0.0, 0.0, 0.0, 0.0, 0.0, 0.0, 0.0, 0.0, 0.0, 0.0, 0.0, 0.0, 0.0, 0.0, 0.0, 0.0, 0.0, 0.0, 0.0, 0.0, 0.0, 0.0, 0.0, 0.0, 0.0], [0.0, 0.0, 0.0, 0.0, 0.0, 0.0, 0.0, 0.0, 0.0, 0.0, 0.0, 0.0, 0.0, 0.0, 0.980262232132773, 0.0, 0.0, 0.0, 0.0, 0.0, 0.0, 0.0, 0.0, 0.0, 0.0, 0.0, 0.0, 0.0, 0.0, 0.0, 0.0, 0.0, 0.0, 0.0, 0.0, 0.0, 0.0, 0.0, 0.0, 0.0, 0.0], [0.0, 0.0, 0.0, 0.0, 0.0, 0.0, 0.0, 0.0, 0.0, 0.0, 0.0, 0.0, 0.0, 0.0, 0.9781107342925563, 0.0, 0.0, 0.0, 0.0, 0.0, 0.0, 0.0, 0.0, 0.0, 0.0, 0.0, 0.0, 0.0, 0.0, 0.0, 0.0, 0.0, 0.0, 0.0, 0.0, 0.0, 0.0, 0.0, 0.0, 0.0, 0.0], [0.0, 0.0, 0.0, 0.0, 0.0, 0.0, 0.0, 0.0, 0.0, 0.0, 0.0, 0.0, 0.0, 0.0, 0.979189103707489, 0.0, 0.0, 0.0, 0.0, 0.0, 0.0, 0.0, 0.0, 0.0, 0.0, 0.0, 0.0, 0.0, 0.0, 0.0, 0.0, 0.0, 0.0, 0.0, 0.0, 0.0, 0.0, 0.0, 0.0, 0.0, 0.0], [0.0, 0.0, 0.0, 0.0, 0.0, 0.0, 0.0, 0.0, 0.0, 0.0, 0.0, 0.0, 0.0, 0.0, 0.0, 0.0, 0.0, 0.9740864514362512, 0.0, 0.0, 0.0, 0.0, 0.0, 0.0, 0.0, 0.0, 0.0, 0.0, 0.0, 0.0, 0.0, 0.0, 0.0, 0.0, 0.0, 0.0, 0.0, 0.0, 0.0, 0.0, 0.0], [0.0, 0.0, 0.0, 0.0, 0.0, 0.0, 0.0, 0.0, 0.0, 0.0, 0.0, 0.0, 0.0, 0.0, 0.0, 0.0, 0.0, 0.9608244602524387, 0.0, 0.0, 0.0, 0.0, 0.0, 0.0, 0.0, 0.0, 0.0, 0.0, 0.0, 0.0, 0.0, 0.0, 0.0, 0.0, 0.0, 0.0, 0.0, 0.0, 0.0, 0.0, 0.0]], "Born radii": [], "Atomic SASAs": [], "Solvent H bonds": [], "Total SASA": NaN, "Total FOD": 0.0, "FOD": [0.0, 0.0, 0.0, 0.0, 0.0, 0.0, 0.0, 0.0, 0.0, 0.0, 0.0, 0.0, 0.0, 0.0, 0.0, 0.0, 0.0, 0.0, 0.0, 0.0, 0.0, 0.0, 0.0, 0.0, 0.0, 0.0, 0.0, 0.0, 0.0, 0.0, 0.0, 0.0, 0.0, 0.0, 0.0, 0.0, 0.0, 0.0, 0.0, 0.0, 0.0], "FOD s proportion": [0.0, 0.0, 0.0, 0.0, 0.0, 0.0, 0.0, 0.0, 0.0, 0.0, 0.0, 0.0, 0.0, 0.0, 0.0, 0.0, 0.0, 0.0, 0.0, 0.0, 0.0, 0.0, 0.0, 0.0, 0.0, 0.0, 0.0, 0.0, 0.0, 0.0, 0.0, 0.0, 0.0, 0.0, 0.0, 0.0, 0.0, 0.0, 0.0, 0.0, 0.0], "FOD p proportion": [0.0, 0.0, 0.0, 0.0, 0.0, 0.0, 0.0, 0.0, 0.0, 0.0, 0.0, 0.0, 0.0, 0.0, 0.0, 0.0, 0.0, 0.0, 0.0, 0.0, 0.0, 0.0, 0.0, 0.0, 0.0, 0.0, 0.0, 0.0, 0.0, 0.0, 0.0, 0.0, 0.0, 0.0, 0.0, 0.0, 0.0, 0.0, 0.0, 0.0, 0.0], "FOD d proportion": [0.0, 0.0, 0.0, 0.0, 0.0, 0.0, 0.0, 0.0, 0.0, 0.0, 0.0, 0.0, 0.0, 0.0, 0.0, 0.0, 0.0, 0.0, 0.0, 0.0, 0.0, 0.0, 0.0, 0.0, 0.0, 0.0, 0.0, 0.0, 0.0, 0.0, 0.0, 0.0, 0.0, 0.0, 0.0, 0.0, 0.0, 0.0, 0.0, 0.0, 0.0], "coordinates": [["-2.02530", "0.38290", "2.02810"], ["-1.52330", "-0.97950", "1.57400"], ["-1.55120", "-1.14830", "0.06860"], ["-2.61600", "-1.89900", "-0.46490"], ["-2.77050", "-2.05550", "-1.83710"], ["-1.86050", "-1.46500", "-2.70420"], ["-0.77510", "-0.71550", "-2.21650"], ["0.15330", "-0.14200", "-3.25630"], ["-0.62220", "-0.54520", "-0.81610"], ["0.44980", "0.24810", "-0.29220"], ["1.59970", "-0.50450", "0.28980"], ["2.66650", "-0.84930", "-0.75510"], ["2.26080", "0.21250", "1.49420"], ["1.30280", "0.42540", "2.53520"], ["1.83370", "1.23030", "3.57900"], ["0.60560", "1.59060", "-0.66600"], ["1.70510", "2.15150", "-0.67010"], ["-0.66110", "2.34630", "-1.06110"], ["-0.70340", "3.92030", "-0.22630"], ["-2.05350", "0.42740", "3.12160"], ["-1.37700", "1.19160", "1.68110"], ["-3.03620", "0.57750", "1.65430"], ["-2.15360", "-1.74870", "2.03950"], ["-0.52470", "-1.17680", "1.96590"], ["-3.34820", "-2.35900", "0.19670"], ["-3.60230", "-2.63510", "-2.22940"], ["-1.99540", "-1.59880", "-3.77640"], ["-0.31830", "0.71720", "-3.74330"], ["0.37600", "-0.89650", "-4.01940"], ["1.11410", "0.17630", "-2.85100"], ["1.20640", "-1.45590", "0.66840"], ["3.48180", "-1.42260", "-0.30050"], ["2.24500", "-1.46420", "-1.55630"], ["3.10060", "0.04590", "-1.21030"], ["2.71420", "1.16510", "1.20490"], ["3.06040", "-0.42190", "1.89660"], ["1.07080", "1.33330", "4.35520"], ["2.08490", "2.22680", "3.20320"], ["2.71780", "0.75710", "4.01680"], ["-1.57780", "1.82620", "-0.78320"], ["-0.65370", "2.53110", "-2.13770"]], "bond_dist": [[0.0, 1.5212970025606438, 2.5315972230984927, 3.4308953787604772, 4.630430718626508, 5.0829673164402704, 4.559178847117099, 5.739921718107313, 3.304471646118332, 3.3953030998719393, 4.11701234513573, 5.5926296426636375, 4.322584710563808, 3.3667798071748023, 4.244438545909223, 3.9545352331215864, 4.931948231682892, 3.9062946432648933, 4.398060678299016, 1.0947683499261387, 1.0930222230128717, 1.0952234520863766, 2.135488096431352, 2.165255940991734, 3.5527603324738917, 5.451748274636312, 6.1335348005860375, 6.027824105761547, 6.631392184149569, 5.8055260510999345, 3.9590219019348702, 6.245827296683762, 5.873258368231387, 6.072532780479657, 4.87363881817272, 5.150664013503501, 3.988043352322038, 4.6555956933565446, 5.1567384013540964, 3.1916733589137842, 4.883639978540597], [1.5212970025606438, 0.0, 1.515091089670849, 2.489294428146257, 3.7879924828330904, 4.318843517656087, 3.8726463161512696, 5.181138089261857, 2.5909796815104515, 2.9804073228335755, 3.409974140664413, 4.795423118975009, 3.9682042349153352, 3.299165145911917, 4.491401790087367, 4.019356816705877, 5.026103099817989, 4.329906060181906, 5.2840662505309295, 2.157671293316014, 2.1786576853650046, 2.172455638212205, 1.0980150181122295, 1.0907405099289198, 2.670250091283586, 4.639946542795509, 5.406772702823747, 5.710034604098298, 5.907652075909684, 5.279429647225162, 2.915189601037984, 5.362938920964885, 4.922783467714176, 5.4940170057982165, 4.763606849856524, 4.628746505264681, 4.4512326483795475, 5.094483248573892, 5.193263002198137, 3.6648757932568463, 5.182396492936449], [2.5315972230984927, 1.515091089670849, 0.0, 1.4078251951147913, 2.437498065640258, 2.80791474585679, 2.451801186882819, 3.86948574748635, 1.4175558895507436, 2.466598994567216, 3.2235971662104435, 4.307769257980283, 4.29132333901793, 4.087292899952241, 5.425697570819811, 3.562723201428929, 4.694448574646441, 3.7789852156366, 5.147468971251794, 3.472167158994509, 2.847039497442914, 2.774536921722254, 2.1465816383263876, 2.15737381786282, 2.170578978060923, 3.4202908428962586, 3.89670230964594, 4.419356771069745, 4.526504951946921, 4.169226955923604, 2.838791214584123, 5.05396520565783, 4.14140402037763, 4.970004234404635, 4.983636665127184, 5.013591080253754, 5.604298539514112, 5.868410379310567, 6.1190843596080615, 3.0941753424781857, 4.383064031017572], [3.4308953787604772, 2.489294428146257, 1.4078251951147913, 0.0, 1.3897105238142222, 2.4028318168361262, 2.8031567241237156, 4.306737216269412, 2.4354371927849017, 3.746864467791703, 4.504034727885655, 5.393597350562981, 5.663892945669083, 5.455311980996138, 6.778309213218294, 4.753572964623558, 5.92626041446037, 4.711651572431901, 6.130189329050123, 4.311789125177621, 3.9613438830780647, 3.2864310322901957, 2.551161149359248, 3.286928227083761, 1.0887751834056467, 2.151299874494488, 3.3824985809309664, 4.782450657351312, 4.753055911726686, 4.890193177165909, 4.011414745448294, 6.118590455325474, 5.00095250927261, 6.084223264312381, 6.370869084355759, 6.322975851606583, 6.875581541949742, 7.250906430233396, 7.455865110099565, 3.880243442105147, 5.125882084090502], [4.630430718626508, 3.7879924828330904, 2.437498065640258, 1.3897105238142222, 0.0, 1.3887593960078184, 2.4333445132163263, 3.771500673472033, 2.8175592238673532, 4.250131887365379, 5.1017597601219915, 5.6733245491510536, 6.446344962845224, 6.470212128670898, 7.831301200311478, 5.105249418980428, 6.252338231413908, 4.942427298403083, 6.525163958859578, 5.5917427605353955, 4.986304433144851, 4.380999823099745, 3.937349287274371, 4.503170031211346, 2.1359288330840984, 1.0870725320787018, 2.1378118228693563, 4.163501959889055, 4.00077199300335, 4.593369309123751, 4.738436875173078, 6.4693861578978265, 5.058035644397932, 6.267262194132299, 7.0503873971576905, 7.1139693181795485, 8.03642522642997, 8.204731960277556, 8.502958359300603, 4.195334717278229, 5.0604448579151615], [5.0829673164402704, 4.318843517656087, 2.80791474585679, 2.4028318168361262, 1.3887593960078184, 0.0, 1.4063053366890137, 2.471949402799337, 2.4381018313433915, 3.7536571100727887, 4.675423006531068, 4.967072206038483, 6.1176533491200695, 6.405575025710026, 7.77112334029, 4.4240931059370805, 5.470844397348548, 4.32022518626055, 6.039894445269718, 6.128488590182737, 5.149966203772603, 4.954856101845945, 4.761206043640624, 4.865927957748655, 3.380489328484857, 2.1513800896168953, 1.0889046285143618, 2.8670728086325257, 2.6561015680880877, 3.400538352967071, 4.558551215024353, 5.858305278832779, 4.262957342033814, 5.396949993283243, 6.56706699448087, 6.816940300457384, 8.139909762399089, 8.005806840038048, 8.43032622737697, 3.821276976352277, 4.212612455472257], [4.559178847117099, 3.8726463161512696, 2.451801186882819, 2.8031567241237156, 2.4333445132163263, 1.4063053366890137, 0.0, 1.5073197570522323, 1.4189787383889865, 2.47625432054141, 3.4591524583342665, 3.741417239496285, 4.883356151254995, 5.310176466935915, 6.646788347013917, 3.1029792055378005, 4.0941951590025605, 3.274532699485531, 5.045461185065245, 5.606767212931174, 4.380707680272675, 4.6655669376829225, 4.591437736700782, 4.215206710233793, 3.891718142414735, 3.4173221109517904, 2.1685568911144575, 2.1429917801988885, 2.1466813037803263, 2.1833401315415792, 3.5773149735520913, 4.721466299784422, 3.1807891693729093, 4.0759316591424835, 5.236205573695518, 5.631594163289823, 7.126862503233804, 6.79778474063426, 7.295404722152157, 3.026369949295691, 3.2498244506434495], [5.739921718107313, 5.181138089261857, 3.86948574748635, 4.306737216269412, 3.771500673472033, 2.471949402799337, 1.5073197570522323, 0.0, 2.5920159200899984, 3.0043267249085943, 3.846856433505155, 3.615584181014183, 5.209076381663068, 5.931674743274449, 7.171351165575425, 3.148989066351295, 3.789017805447739, 3.416692448845813, 5.139758377589359, 6.772871695964719, 5.338372955311384, 5.8995409024770735, 5.995729325111332, 5.366737172621741, 5.394330380130605, 4.623267522002161, 2.6475803934913857, 1.0944405876976604, 1.0959868384246227, 1.0902841923095097, 4.270670077400032, 4.632019241108568, 3.0022361216266784, 3.592770476943942, 5.307449920630434, 5.92300201164916, 7.807256149890305, 7.146148070814094, 7.764214362702771, 3.6037122609886603, 3.0079857995010544], [3.304471646118332, 2.5909796815104515, 1.4175558895507436, 2.4354371927849017, 2.8175592238673532, 2.4381018313433915, 1.4189787383889865, 2.5920159200899984, 0.0, 1.4328224244476357, 2.4822390920296136, 3.3032931295905303, 3.771376987255451, 3.9848338798499494, 5.338609282388065, 2.468129755503142, 3.5650851574681917, 2.9021217169512377, 4.505013621511039, 4.301168648169937, 3.1340397444831494, 3.6319041080402994, 3.4565950833153716, 2.8544612118576773, 3.427347411628999, 3.9046248104011223, 3.4291583938336827, 3.20226619911587, 3.3735657426527204, 2.770580796511807, 2.5252510172258122, 4.228296361420282, 3.100531064188843, 3.7899911200423673, 4.259240783285209, 4.575531328709268, 5.756505445146387, 5.582754418743493, 6.017350554853855, 2.5569105831061045, 3.348319055884609], [3.3953030998719393, 2.9804073228335755, 2.466598994567216, 3.746864467791703, 4.250131887365379, 3.7536571100727887, 2.47625432054141, 3.0043267249085943, 1.4328224244476357, 0.0, 1.4924479119888907, 2.51641055076472, 2.544054504133117, 2.9585866642706273, 4.226829247793196, 1.4022504519521468, 2.3111724427225244, 2.4955458841704354, 3.849579962801137, 4.237061460493582, 2.8497900589341665, 4.006190535908146, 4.025136853574049, 2.8423592084745377, 4.632580017657547, 5.337143476617431, 4.640009945032446, 3.5665282320486407, 3.899689146585917, 2.6445996237616005, 2.097334479762348, 3.4618393059181702, 2.784360454395228, 2.812566992979901, 2.8652582379255107, 3.4720279088740056, 4.812652781990407, 4.336660796050344, 4.895956086404371, 2.6158444850564035, 3.136187414680443], [4.11701234513573, 3.409974140664413, 3.2235971662104435, 4.504034727885655, 5.1017597601219915, 4.675423006531068, 3.4591524583342665, 3.846856433505155, 2.4822390920296136, 1.4924479119888907, 0.0, 1.5325682007662824, 1.5497488732049463, 2.448404537653041, 3.726006398276847, 2.508232935753775, 2.8261021159894413, 3.8811348971660333, 5.014926107132587, 4.715230544734796, 3.697730897455898, 4.9521866947844355, 4.323973244598074, 2.7882564193416646, 5.284841745028889, 6.160083522161043, 5.536805842721957, 4.630029211570916, 4.496699937732115, 3.250218552651498, 1.0968978120134985, 2.1756980741821694, 2.1784217658662888, 2.192245647732024, 2.2061465091874566, 2.17307926454605, 4.492740946237609, 4.0228495236585715, 4.090514780562466, 4.0841152946507275, 4.492820402597904], [5.5926296426636375, 4.795423118975009, 4.307769257980283, 5.393597350562981, 5.6733245491510536, 4.967072206038483, 3.741417239496285, 3.615584181014183, 3.3032931295905303, 2.51641055076472, 1.5325682007662824, 0.0, 2.5201909094352355, 3.7829369370900174, 4.878802600023904, 3.195052367332968, 3.1521921895722027, 4.623680040833276, 5.863867291301877, 6.2399652066337685, 5.142979243590236, 6.3530901056100255, 5.643764127778552, 4.2065252513208575, 6.273893003550507, 6.6828508564833315, 5.605650323557473, 4.504696718981201, 3.988016120830005, 2.8026055609022116, 2.127488618065911, 1.0954670875932326, 1.0943882766184954, 1.0940899825882695, 2.810993178575857, 2.714652990715388, 5.781450279990307, 5.046661139803226, 5.035293661744069, 5.017287349753849, 4.93582971343218], [4.322584710563808, 3.9682042349153352, 4.29132333901793, 5.663892945669083, 6.446344962845224, 6.1176533491200695, 4.883356151254995, 5.209076381663068, 3.771376987255451, 2.544054504133117, 1.5497488732049463, 2.5201909094352355, 0.0, 1.4306541895231009, 2.3589663605062285, 3.0504607340531367, 2.9584992783504274, 4.429464994782101, 5.049196245938555, 4.616036964756673, 3.7718904093305787, 5.311973833708144, 4.861130001347424, 3.1482797890276526, 6.305315178482357, 7.506661330445114, 7.012508145449815, 5.85985367991386, 5.931453194622715, 4.494106626460925, 2.1394540331589273, 2.7175984066819, 3.4809657826528544, 2.8367833632478883, 1.0939436959917086, 1.0971550847532905, 3.295089322006309, 2.647456571881775, 2.6208679707303073, 4.746096123131094, 5.202010555544846], [3.3667798071748023, 3.299165145911917, 4.087292899952241, 5.455311980996138, 6.470212128670898, 6.405575025710026, 5.310176466935915, 5.931674743274449, 3.9848338798499494, 2.9585866642706273, 2.448404537653041, 3.7829369370900174, 1.4306541895231009, 0.0, 1.420998684024725, 3.4772777168353985, 3.662678608614193, 4.5254981725772465, 4.885186454988182, 3.4071422996405656, 2.9151118829300535, 4.430128691133024, 4.113287038367248, 2.496177794148486, 5.903665523215217, 7.4918675522195395, 7.40349940501112, 6.490968702743836, 6.750493241978693, 5.395258004952127, 2.652079352131078, 4.025461400883134, 4.604204735890879, 4.171915068646532, 2.075790003829867, 2.053018511850295, 2.047072644045638, 2.0743544465688597, 2.0754248842104595, 4.6121443559368345, 5.486151579203768], [4.244438545909223, 4.491401790087367, 5.425697570819811, 6.778309213218294, 7.831301200311478, 7.77112334029, 6.646788347013917, 7.171351165575425, 5.338609282388065, 4.226829247793196, 3.726006398276847, 4.878802600023904, 2.3589663605062285, 1.420998684024725, 0.0, 4.433742290661468, 4.349712428425585, 5.3851658331011505, 5.305966877016855, 3.995520868422539, 3.729894983776353, 5.2769824653868245, 5.209900434749209, 3.7360771646206667, 7.15367845167785, 8.844711624468037, 8.761719168062854, 7.649212567316979, 8.023954766198523, 6.555428297220556, 4.010083302127276, 4.980424908579588, 5.813845889770385, 5.093646381522769, 2.532959158770627, 2.6580119431635367, 1.0932117132559456, 1.0942300169525603, 1.0941754384009903, 5.569759231780132, 6.368665346051714], [3.9545352331215864, 4.019356816705877, 3.562723201428929, 4.753572964623558, 5.105249418980428, 4.4240931059370805, 3.1029792055378005, 3.148989066351295, 2.468129755503142, 1.4022504519521468, 2.508232935753775, 3.195052367332968, 3.0504607340531367, 3.4772777168353985, 4.433742290661468, 0.0, 1.2343119014252435, 1.5269955435429405, 2.7081948194323093, 4.771767053199475, 3.0981901442616464, 4.435411022667459, 5.107234024401075, 3.9828354799062438, 5.654743662625212, 6.16499654987738, 5.158687964977142, 3.3295936779132678, 4.18134836266963, 2.651988261663313, 3.379755353572208, 4.181565607520705, 3.5793951290685975, 2.984524347362574, 2.8508789907675847, 4.0795977804190455, 5.04926368592491, 4.190917270717712, 5.204298889379817, 2.199199572571803, 2.153201716049846], [4.931948231682892, 5.026103099817989, 4.694448574646441, 5.92626041446037, 6.252338231413908, 5.470844397348548, 4.0941951590025605, 3.789017805447739, 3.5650851574681917, 2.3111724427225244, 2.8261021159894413, 3.1521921895722027, 2.9584992783504274, 3.662678608614193, 4.349712428425585, 1.2343119014252435, 0.0, 2.406185878106677, 3.0210071383563464, 5.610399598959062, 3.99360612229098, 5.510012436465094, 6.119073286862971, 4.795631859306967, 6.828747570382141, 7.315152138540935, 6.116171190377195, 3.9491672907082576, 4.719599697008212, 3.0011699135503807, 3.8798993157039527, 4.008423363368695, 3.761665713483855, 2.583173948846651, 2.3466769632823348, 3.8790687722699633, 5.130831104216938, 3.892604657552575, 4.9936904449515085, 3.3009156472106347, 2.803905019789365], [3.9062946432648933, 4.329906060181906, 3.7789852156366, 4.711651572431901, 4.942427298403083, 4.32022518626055, 3.274532699485531, 3.416692448845813, 2.9021217169512377, 2.4955458841704354, 3.8811348971660333, 4.623680040833276, 4.429464994782101, 4.5254981725772465, 5.3851658331011505, 1.5269955435429405, 2.406185878106677, 0.0, 1.782177412605154, 4.807903312255769, 3.0603113795821497, 4.017853980671771, 5.3488598420598015, 4.646887944635635, 5.562590703979576, 5.901688596495074, 4.971621927500119, 3.1568458134663464, 4.510306767837417, 3.3262557102543995, 4.575527438449036, 5.652144723907908, 4.817732921198518, 4.411857623496026, 4.233513851400512, 5.500952897453312, 5.77598063535535, 5.073366805189627, 6.302982647921538, 1.0899868393700907, 1.0923705232200294], [4.398060678299016, 5.2840662505309295, 5.147468971251794, 6.130189329050123, 6.525163958859578, 6.039894445269718, 5.045461185065245, 5.139758377589359, 4.505013621511039, 3.849579962801137, 5.014926107132587, 5.863867291301877, 5.049196245938555, 4.885186454988182, 5.305966877016855, 2.7081948194323093, 3.0210071383563464, 1.782177412605154, 0.0, 5.023102112241, 3.3967212735224535, 4.4892008242002275, 6.274909615285308, 5.55140549230553, 6.8266759502703795, 7.442398805492757, 6.688268746095659, 4.772571698780438, 6.225293102336628, 4.920354899801436, 5.775062819571749, 6.787340059994047, 6.281305820448484, 5.51811991170906, 4.617299019989933, 6.125977121243598, 5.552521669475951, 4.733289489350931, 6.301931552309974, 2.336657394655879, 2.3634290109922915], [1.0947683499261387, 2.157671293316014, 3.472167158994509, 4.311789125177621, 5.5917427605353955, 6.128488590182737, 5.606767212931174, 6.772871695964719, 4.301168648169937, 4.237061460493582, 4.715230544734796, 6.2399652066337685, 4.616036964756673, 3.4071422996405656, 3.995520868422539, 4.771767053199475, 5.610399598959062, 4.807903312255769, 5.023102112241, 0.0, 1.7654161379119655, 1.7723426841330656, 2.4323592723937804, 2.4992658061918904, 4.242088289981716, 6.356955929531052, 7.1896638342832135, 7.086730917002565, 7.658267588691323, 6.765256220572876, 4.493546165335347, 6.76556091540088, 6.628574599414266, 6.7435633510778255, 5.191233328410504, 5.326716502687185, 3.4790335238396306, 4.513408188941036, 4.86573620534447, 4.174972451406116, 5.834829065191198], [1.0930222230128717, 2.1786576853650046, 2.847039497442914, 3.9613438830780647, 4.986304433144851, 5.149966203772603, 4.380707680272675, 5.338372955311384, 3.1340397444831494, 2.8497900589341665, 3.697730897455898, 5.142979243590236, 3.7718904093305787, 2.9151118829300535, 3.729894983776353, 3.0981901442616464, 3.99360612229098, 3.0603113795821497, 3.3967212735224535, 1.7654161379119655, 0.0, 1.7694015061