{"total energy": -49.32530809, "HOMO-LUMO gap/eV": 2.41728006, "electronic energy": -50.00582571, "dipole": [-0.55383782, -1.58722924, -0.24184313], "partial charges": [-0.04144784, -0.09573792, -0.04177324, -0.00789137, 0.01315752, -0.10869453, -0.07211818, -0.04077941, -0.04527369, 0.06895935, -0.04992931, -0.03146049, -0.03626132, -0.02894079, -0.04337637, 0.24076179, -0.4426234, 0.05033961, 0.05911137, 0.03807553, 0.04676022, 0.03351578, 0.04457624, 0.04664223, 0.04050545, 0.05215301, 0.03510026, 0.05882987, 0.0570979, 0.03714572, 0.03151993, 0.02925808, 0.03666917, 0.06612884], "atomic dipole moments": [[0.00980757, -0.14779324, -0.03470991], [-0.04695987, 0.02247608, -0.03074211], [0.11918139, 0.07105411, 0.02252477], [-0.11033279, 0.10353139, 0.04183005], [0.12811839, -0.09438776, -0.04773936], [0.03255237, 0.07023832, -0.02280819], [-0.06326702, 0.1559678, -0.19625532], [-0.03692984, 0.09788026, 0.11944301], [-0.02034352, -0.0943712, 0.06098455], [-0.16780753, -0.03338786, -0.0145967], [-0.02106811, 0.03027687, -0.01597706], [-0.00104242, -0.00433843, 0.00142201], [-0.00431628, -0.00057426, -0.00076177], [-0.00552599, 0.00320058, -0.00042426], [-0.00659473, -0.04949274, 0.02664883], [0.1004931, -0.01023228, -0.00485788], [-0.0078583, -0.18995108, 0.00895706], [0.00694788, 0.06749113, -0.1060679], [0.08716729, 0.04223302, 0.08892002], [-0.10961012, 0.03030838, 0.05439308], [-0.09856319, 0.07340963, -0.0366408], [-0.03139764, -0.05218406, 0.1035405], [0.00640464, -0.08723291, -0.09286028], [0.0721134, -0.08532431, 0.06142727], [-0.04475153, -0.05168716, -0.10641989], [-0.09939695, 0.0158185, 0.08569316], [-0.0614699, 0.0392474, -0.10300119], [-0.0300361, -0.12545044, 0.01635827], [0.12800012, -0.00669735, -0.03612691], [-0.04088312, -0.14166483, 0.03757124], [0.09769339, -0.1062177, 0.0458088], [0.14584479, 0.03318217, 0.01608741], [0.04994314, 0.14104623, -0.02797504], [-0.089008, 0.11993325, -0.04794373]], "atomic quadrupole moments": [[-0.07935166, -0.03054874, 0.26368974, -0.0238223, 0.10019925, -0.18433808], [0.00396837, 0.05933342, 0.08567238, 0.00344859, 0.02089555, -0.08964076], [0.1551267, 0.16578563, 0.01805205, 0.03316156, 0.04129823, -0.17317876], [-0.08613084, 0.08842022, -0.17627503, 0.08183009, 0.01748233, 0.26240587], [0.02781476, 0.17781329, -0.24499379, 0.04836012, 0.00214949, 0.21717903], [-0.00966822, 0.09680098, 0.12328219, -0.02033185, -0.0308966, -0.11361397], [-0.0571432, 0.04330514, 0.14515155, -0.03829244, 0.0254969, -0.08800835], [-0.1302092, -0.04278904, 0.01427536, -0.0858306, 0.22714018, 0.11593385], [-0.05559798, 0.08028419, 0.11788005, -0.02275313, -0.02715287, -0.06228207], [-0.02670351, 0.03228021, -0.2942773, -0.08743337, 0.18269606, 0.3209808], [-0.2309003, -0.01991725, -0.17720497, -0.10262719, 0.18658716, 0.40810528], [-0.24966325, -0.02153509, -0.20419347, -0.1240913, 0.18994644, 0.45385672], [-0.24200883, -0.03046513, -0.20498369, -0.11338505, 0.17733082, 0.44699252], [-0.24316225, -0.0452976, -0.22543211, -0.10917153, 0.18747247, 0.46859436], [-0.22236332, -0.02832439, -0.21826755, -0.1258082, 0.18790462, 0.44063087], [-0.25833267, -0.02660118, -0.13999336, 0.16783693, 0.022617, 0.39832603], [-0.08526152, 0.00807013, -0.06752646, 0.05946684, 0.00377826, 0.15278798], [-0.05252053, -0.00297468, 0.00612092, -0.01538361, -0.03020557, 0.04639961], [0.02815222, 0.00765392, -0.01716754, 0.05399253, 0.01182806, -0.01098468], [0.06265749, 0.01021238, -0.02367021, -0.04667358, 0.00471047, -0.03898728], [0.00926153, -0.03918039, 0.03965176, 0.01966537, -0.02145779, -0.04891329], [-0.01777138, 0.02644492, -0.02969336, -0.00698307, -0.04331877, 0.04746474], [-0.02275649, -0.01114756, 0.0145727, -0.02772528, 0.05728194, 0.00818379], [0.02498785, -0.04796748, 0.007431, 0.03288024, -0.03707306, -0.03241885], [-0.03153947, 0.02130815, -0.02123226, 0.03518059, 0.03452534, 0.05277173], [0.02858893, -0.03100325, -0.01670079, -0.05566404, 0.02297626, -0.01188814], [-0.00723994, -0.03924332, -0.01812014, 0.03502582, -0.02167892, 0.02536008], [-0.03565241, 0.03707909, 0.05864014, -0.01923416, -0.02729822, -0.02298773], [0.07395916, 0.01954677, -0.04103962, -0.00211678, 0.0085266, -0.03291954], [0.03809274, 0.0137287, 0.01859148, 0.0195712, -0.01657656, -0.05668422], [0.03106572, 0.01065714, 0.03008792, 0.01324266, -0.02396068, -0.06115363], [0.0285995, 0.00173686, 0.03161994, 0.01447641, -0.02560296, -0.06021944], [0.03752551, -0.00173972, 0.02259555, 0.0172152, -0.0236991, -0.06012105], [0.04623382, 0.00957198, 0.00909784, 0.01373686, -0.01708535, -0.05533165]], "number of molecular orbitals": 85, "number of electrons": 90, "number of unpaired electrons": 0, "orbital energies/eV": [-18.73025616, -18.47687495, -17.86773405, -17.61513827, -17.42045035, -17.27587974, -16.96372717, -16.74465389, -16.67525495, -16.50155302, -16.3999544, -16.24224852, -15.7415732, -15.51536526, -15.27074842, -15.17984889, -14.92999166, -14.79981784, -14.33018686, -14.25110082, -14.05308203, -13.88354348, -13.83515294, -13.73026921, -13.70019242, -13.4490194, -13.27215499, -13.13517007, -13.09338222, -13.03502457, -12.98849929, -12.85702781, -12.83518357, -12.73667792, -12.43716497, -12.28629503, -12.0875633, -11.72893091, -11.64491596, -11.43149466, -10.95937355, -10.83746449, -10.16221135, -9.93924009, -8.86219572, -6.44491565, -6.06299217, -5.56654614, -3.85291752, -2.49714603, -1.81517277, -0.76720684, 0.73656075, 1.34363771, 2.55541751, 2.91979302, 3.20921396, 3.3535624, 3.58684191, 3.82516287, 3.95328998, 4.05504982, 4.56118579, 4.7613602, 4.79393443, 5.01223476, 5.17912659, 5.41787026, 5.47362529, 5.55434283, 5.78796286, 6.0169481, 6.31100877, 6.47017225, 6.90463475, 7.79435757, 10.55477088, 10.66138075, 10.82479887, 11.62727091, 11.77140913, 14.88161728, 16.34414719, 17.28260473, 19.33164647], "fractional occupation": [2.0, 2.0, 2.0, 2.0, 2.0, 2.0, 2.0, 2.0, 2.0, 2.0, 2.0, 2.0, 2.0, 2.0, 2.0, 2.0, 2.0, 2.0, 2.0, 2.0, 2.0, 2.0, 2.0, 2.0, 2.0, 2.0, 2.0, 2.0, 2.0, 2.0, 2.0, 2.0, 2.0, 2.0, 2.0, 2.0, 2.0, 2.0, 2.0, 2.0, 2.0, 2.0, 2.0, 2.0, 2.0, 0.0, 0.0, 0.0, 0.0, 0.0, 0.0, 0.0, 0.0, 0.0, 0.0, 0.0, 0.0, 0.0, 0.0, 0.0, 0.0, 0.0, 0.0, 0.0, 0.0, 0.0, 0.0, 0.0, 0.0, 0.0, 0.0, 0.0, 0.0, 0.0, 0.0, 0.0, 0.0, 0.0, 0.0, 0.0, 0.0, 0.0, 0.0, 0.0, 0.0], "program call": "xtb /home/svss/Project-DBcg-Debug/aqme2_20220329/End-to-End-workflows-final/example-3/QDESCP/mol_992_rdkit_conf_1/mol_992_rdkit_conf_1.xyz --pop --wbo --acc 0.2 --gfn 2 --chrg 0 --uhf 0 --etemp 300 --input /home/svss/Project-DBcg-Debug/aqme2_20220329/End-to-End-workflows-final/example-3/QDESCP/mol_992_rdkit_conf_1/mol_992_rdkit_conf_1_xtb.inp", "method": "GFN2-xTB", "xtb version": "6.3.3 (7355c4f)", "Dipole module/D": 4.317, "Total charge": 0, "Transition dipole module/D": NaN, "HOMO": -8.8622, "LUMO": -6.4449, "HOMO occupancy": 2.0, "LUMO occupancy": 0, "mulliken charges": [0.06679, -0.28657, 0.06153, 0.05144, 0.05653, -0.08885, -0.17306, 0.05353, -0.14579, 0.1427, -0.06434, -0.02661, -0.04133, -0.02432, -0.05089, 0.43896, -0.55264, 0.03649, 0.04402, 0.01888, 0.03167, 0.0218, 0.02743, 0.03875, 0.0327, 0.03967, 0.03239, 0.03447, 0.03849, 0.03366, 0.02936, 0.0289, 0.03329, 0.06092], "cm5 charges": [-0.02081, -0.54497, -0.02694, 0.12682, 0.11956, -0.22724, -0.35892, -0.03044, -0.31564, 0.20134, -0.11086, -0.08179, -0.09666, -0.07947, -0.09748, 0.54719, -0.59958, 0.09956, 0.10807, 0.07932, 0.09212, 0.08258, 0.08872, 0.09336, 0.0861, 0.09427, 0.09488, 0.09553, 0.10174, 0.09647, 0.08477, 0.08432, 0.08868, 0.12538], "FUKUI+": [0.018, -0.032, 0.019, -0.029, -0.05, 0.021, -0.029, 0.018, -0.027, -0.035, -0.025, -0.023, -0.044, -0.027, -0.019, -0.045, -0.109, -0.017, -0.008, -0.033, -0.03, -0.024, -0.014, -0.034, -0.04, -0.034, -0.027, -0.034, -0.021, -0.047, -0.058, -0.064, -0.058, -0.039], "FUKUI-": [0.033, -0.119, 0.034, -0.018, -0.039, 0.022, -0.07, 0.021, -0.031, 0.001, -0.009, -0.013, -0.024, -0.012, -0.01, -0.011, -0.086, -0.061, -0.042, -0.053, -0.051, -0.059, -0.04, -0.039, -0.044, -0.03, -0.037, -0.036, -0.036, -0.016, -0.034, -0.039, -0.034, -0.015], "FUKUIrad": [0.025, -0.075, 0.026, -0.024, -0.045, 0.021, -0.05, 0.019, -0.029, -0.017, -0.017, -0.018, -0.034, -0.02, -0.014, -0.028, -0.098, -0.039, -0.025, -0.043, -0.04, -0.042, -0.027, -0.036, -0.042, -0.032, -0.032, -0.035, -0.028, -0.031, -0.046, -0.052, -0.046, -0.027], "s proportion": [0.982, 1.421, 0.982, 1.038, 1.041, 1.006, 1.476, 0.989, 1.439, 1.043, 1.059, 1.059, 1.057, 1.062, 1.063, 1.001, 1.73, 0.964, 0.956, 0.981, 0.968, 0.978, 0.973, 0.961, 0.967, 0.96, 0.968, 0.966, 0.962, 0.966, 0.971, 0.971, 0.967, 0.939], "p proportion": [2.951, 3.865, 2.956, 2.911, 2.903, 3.083, 3.697, 2.957, 3.707, 2.815, 3.005, 2.968, 2.984, 2.963, 2.988, 2.56, 4.823, 0.0, 0.0, 0.0, 0.0, 0.0, 0.0, 0.0, 0.0, 0.0, 0.0, 0.0, 0.0, 0.0, 0.0, 0.0, 0.0, 0.0], "d proportion": [0.0, 0.0, 0.0, 0.0, 0.0, 0.0, 0.0, 0.0, 0.0, 0.0, 0.0, 0.0, 0.0, 0.0, 0.0, 0.0, 0.0, 0.0, 0.0, 0.0, 0.0, 0.0, 0.0, 0.0, 0.0, 0.0, 0.0, 0.0, 0.0, 0.0, 0.0, 0.0, 0.0, 0.0], "Fermi-level/eV": -7.6536, "Coordination numbers": [3.69, 2.724, 3.689, 2.907, 3.001, 3.752, 2.841, 3.69, 2.863, 2.893, 2.917, 2.91, 2.912, 2.911, 2.917, 2.849, 0.856, 0.924, 0.924, 0.924, 0.924, 0.924, 0.924, 0.924, 0.924, 0.924, 0.924, 0.924, 0.924, 0.925, 0.925, 0.925, 0.925, 0.925], "Dispersion coefficient C6": [21.509, 23.113, 21.516, 28.216, 27.707, 22.638, 22.635, 21.495, 22.112, 26.456, 29.24, 28.784, 28.902, 28.723, 29.077, 22.983, 22.552, 2.316, 2.21, 2.475, 2.361, 2.537, 2.389, 2.362, 2.442, 2.293, 2.515, 2.213, 2.233, 2.487, 2.565, 2.597, 2.494, 2.129], "Total dispersion C6": 12360.26371, "Total dispersion C8": 285352.760859, "Polarizability alpha": [6.637, 7.14, 6.639, 8.71, 8.635, 6.785, 7.066, 6.635, 6.984, 8.433, 8.867, 8.797, 8.816, 8.788, 8.843, 7.857, 6.367, 2.38, 2.325, 2.46, 2.403, 2.491, 2.417, 2.404, 2.444, 2.368, 2.48, 2.326, 2.337, 2.466, 2.504, 2.52, 2.469, 2.282], "Total polarizability alpha": 173.075564, "Wiberg matrix": [[0.0, 1.0014227586706903, 0.0, 0.0, 0.0, 0.0, 0.0, 0.0, 0.0, 0.0, 0.0, 0.0, 0.0, 0.0, 0.0, 0.0, 0.0, 0.9772650535320526, 0.9808001213973508, 0.98245388323584, 0.0, 0.0, 0.0, 0.0, 0.0, 0.0, 0.0, 0.0, 0.0, 0.0, 0.0, 0.0, 0.0, 0.0], [1.0014227586706903, 0.0, 1.0056306510146522, 1.1368838425554246, 0.12819431157361164, 0.0, 0.0, 0.0, 0.0, 0.0, 0.0, 0.0, 0.0, 0.0, 0.0, 0.0, 0.0, 0.0, 0.0, 0.0, 0.0, 0.0, 0.0, 0.0, 0.0, 0.0, 0.0, 0.0, 0.0, 0.0, 0.0, 0.0, 0.0, 0.0], [0.0, 1.0056306510146522, 0.0, 0.0, 0.0, 0.0, 0.0, 0.0, 0.0, 0.0, 0.0, 0.0, 0.0, 0.0, 0.0, 0.0, 0.0, 0.0, 0.0, 0.0, 0.9797624717516482, 0.9770054097483102, 0.9810946026907201, 0.0, 0.0, 0.0, 0.0, 0.0, 0.0, 0.0, 0.0, 0.0, 0.0, 0.0], [0.0, 1.1368838425554246, 0.0, 0.0, 1.5740808041561372, 0.0, 0.0, 0.0, 0.0, 0.0, 0.0, 0.0, 0.0, 0.0, 0.0, 1.0146775029156172, 0.0, 0.0, 0.0, 0.0, 0.0, 0.0, 0.0, 0.0, 0.0, 0.0, 0.0, 0.0, 0.0, 0.0, 0.0, 0.0, 0.0, 0.0], [0.0, 0.12819431157361164, 0.0, 1.5740808041561372, 0.0, 1.0196686845441572, 1.0720802010267694, 0.0, 0.0, 0.0, 0.0, 0.0, 0.0, 0.0, 0.0, 0.0, 0.0, 0.0, 0.0, 0.0, 0.0, 0.0, 0.0, 0.0, 0.0, 0.0, 0.0, 0.0, 0.0, 0.0, 0.0, 0.0, 0.0, 0.0], [0.0, 0.0, 0.0, 0.0, 1.0196686845441572, 0.0, 0.0, 0.0, 0.0, 0.0, 0.0, 0.0, 0.0, 0.0, 0.0, 0.0, 0.0, 0.0, 0.0, 0.0, 0.0, 0.0, 0.0, 0.978316934503116, 0.9699897244429336, 0.978772911253956, 0.0, 0.0, 0.0, 0.0, 0.0, 0.0, 0.0, 0.0], [0.0, 0.0, 0.0, 0.0, 1.0720802010267694, 0.0, 0.0, 0.9772667573589644, 0.995357767618863, 0.0, 0.0, 0.0, 0.0, 0.0, 0.0, 0.0, 0.0, 0.0, 0.0, 0.0, 0.0, 0.0, 0.0, 0.0, 0.0, 0.0, 0.0, 0.0, 0.0, 0.0, 0.0, 0.0, 0.0, 0.0], [0.0, 0.0, 0.0, 0.0, 0.0, 0.0, 0.9772667573589644, 0.0, 0.0, 0.0, 0.0, 0.0, 0.0, 0.0, 0.0, 0.0, 0.0, 0.0, 0.0, 0.0, 0.0, 0.0, 0.0, 0.0, 0.0, 0.0, 0.9799412472568444, 0.9791356649442576, 0.9797141032935849, 0.0, 0.0, 0.0, 0.0, 0.0], [0.0, 0.0, 0.0, 0.0, 0.0, 0.0, 0.995357767618863, 0.0, 0.0, 1.0484867805123148, 0.0, 0.0, 0.0, 0.0, 0.0, 1.1260063429718188, 0.15221181523032273, 0.0, 0.0, 0.0, 0.0, 0.0, 0.0, 0.0, 0.0, 0.0, 0.0, 0.0, 0.0, 0.0, 0.0, 0.0, 0.0, 0.0], [0.0, 0.0, 0.0, 0.0, 0.0, 0.0, 0.0, 0.0, 1.0484867805123148, 0.0, 1.370110452242629, 0.0, 0.0, 0.0, 1.3730396421048856, 0.0, 0.0, 0.0, 0.0, 0.0, 0.0, 0.0, 0.0, 0.0, 0.0, 0.0, 0.0, 0.0, 0.0, 0.0, 0.0, 0.0, 0.0, 0.0], [0.0, 0.0, 0.0, 0.0, 0.0, 0.0, 0.0, 0.0, 0.0, 1.370110452242629, 0.0, 1.4465120330199377, 0.0, 0.10828354960988523, 0.0, 0.0, 0.0, 0.0, 0.0, 0.0, 0.0, 0.0, 0.0, 0.0, 0.0, 0.0, 0.0, 0.0, 0.0, 0.9678740119054839, 0.0, 0.0, 0.0, 0.0], [0.0, 0.0, 0.0, 0.0, 0.0, 0.0, 0.0, 0.0, 0.0, 0.0, 1.4465120330199377, 0.0, 1.4348936818491143, 0.0, 0.10945212086000772, 0.0, 0.0, 0.0, 0.0, 0.0, 0.0, 0.0, 0.0, 0.0, 0.0, 0.0, 0.0, 0.0, 0.0, 0.0, 0.9712720422294964, 0.0, 0.0, 0.0], [0.0, 0.0, 0.0, 0.0, 0.0, 0.0, 0.0, 0.0, 0.0, 0.0, 0.0, 1.4348936818491143, 0.0, 1.4349194709657875, 0.0, 0.0, 0.0, 0.0, 0.0, 0.0, 0.0, 0.0, 0.0, 0.0, 0.0, 0.0, 0.0, 0.0, 0.0, 0.0, 0.0, 0.9711083786858401, 0.0, 0.0], [0.0, 0.0, 0.0, 0.0, 0.0, 0.0, 0.0, 0.0, 0.0, 0.0, 0.10828354960988523, 0.0, 1.4349194709657875, 0.0, 1.4467080903837617, 0.0, 0.0, 0.0, 0.0, 0.0, 0.0, 0.0, 0.0, 0.0, 0.0, 0.0, 0.0, 0.0, 0.0, 0.0, 0.0, 0.0, 0.970979830512429, 0.0], [0.0, 0.0, 0.0, 0.0, 0.0, 0.0, 0.0, 0.0, 0.0, 1.3730396421048856, 0.0, 0.10945212086000772, 0.0, 1.4467080903837617, 0.0, 0.0, 0.0, 0.0, 0.0, 0.0, 0.0, 0.0, 0.0, 0.0, 0.0, 0.0, 0.0, 0.0, 0.0, 0.0, 0.0, 0.0, 0.0, 0.9640647420675015], [0.0, 0.0, 0.0, 1.0146775029156172, 0.0, 0.0, 0.0, 0.0, 1.1260063429718188, 0.0, 0.0, 0.0, 0.0, 0.0, 0.0, 0.0, 1.650430831129863, 0.0, 0.0, 0.0, 0.0, 0.0, 0.0, 0.0, 0.0, 0.0, 0.0, 0.0, 0.0, 0.0, 0.0, 0.0, 0.0, 0.0], [0.0, 0.0, 0.0, 0.0, 0.0, 0.0, 0.0, 0.0, 0.15221181523032273, 0.0, 0.0, 0.0, 0.0, 0.0, 0.0, 1.650430831129863, 0.0, 0.0, 0.0, 0.0, 0.0, 0.0, 0.0, 0.0, 0.0, 0.0, 0.0, 0.0, 0.0, 0.0, 0.0, 0.0, 0.0, 0.0], [0.9772650535320526, 0.0, 0.0, 0.0, 0.0, 0.0, 0.0, 0.0, 0.0, 0.0, 0.0, 0.0, 0.0, 0.0, 0.0, 0.0, 0.0, 0.0, 0.0, 0.0, 0.0, 0.0, 0.0, 0.0, 0.0, 0.0, 0.0, 0.0, 0.0, 0.0, 0.0, 0.0, 0.0, 0.0], [0.9808001213973508, 0.0, 0.0, 0.0, 0.0, 0.0, 0.0, 0.0, 0.0, 0.0, 0.0, 0.0, 0.0, 0.0, 0.0, 0.0, 0.0, 0.0, 0.0, 0.0, 0.0, 0.0, 0.0, 0.0, 0.0, 0.0, 0.0, 0.0, 0.0, 0.0, 0.0, 0.0, 0.0, 0.0], [0.98245388323584, 0.0, 0.0, 0.0, 0.0, 0.0, 0.0, 0.0, 0.0, 0.0, 0.0, 0.0, 0.0, 0.0, 0.0, 0.0, 0.0, 0.0, 0.0, 0.0, 0.0, 0.0, 0.0, 0.0, 0.0, 0.0, 0.0, 0.0, 0.0, 0.0, 0.0, 0.0, 0.0, 0.0], [0.0, 0.0, 0.9797624717516482, 0.0, 0.0, 0.0, 0.0, 0.0, 0.0, 0.0, 0.0, 0.0, 0.0, 0.0, 0.0, 0.0, 0.0, 0.0, 0.0, 0.0, 0.0, 0.0, 0.0, 0.0, 0.0, 0.0, 0.0, 0.0, 0.0, 0.0, 0.0, 0.0, 0.0, 0.0], [0.0, 0.0, 0.9770054097483102, 0.0, 0.0, 0.0, 0.0, 0.0, 0.0, 0.0, 0.0, 0.0, 0.0, 0.0, 0.0, 0.0, 0.0, 0.0, 0.0, 0.0, 0.0, 0.0, 0.0, 0.0, 0.0, 0.0, 0.0, 0.0, 0.0, 0.0, 0.0, 0.0, 0.0, 0.0], [0.0, 0.0, 0.9810946026907201, 0.0, 0.0, 0.0, 0.0, 0.0, 0.0, 0.0, 0.0, 0.0, 0.0, 0.0, 0.0, 0.0, 0.0, 0.0, 0.0, 0.0, 0.0, 0.0, 0.0, 0.0, 0.0, 0.0, 0.0, 0.0, 0.0, 0.0, 0.0, 0.0, 0.0, 0.0], [0.0, 0.0, 0.0, 0.0, 0.0, 0.978316934503116, 0.0, 0.0, 0.0, 0.0, 0.0, 0.0, 0.0, 0.0, 0.0, 0.0, 0.0, 0.0, 0.0, 0.0, 0.0, 0.0, 0.0, 0.0, 0.0, 0.0, 0.0, 0.0, 0.0, 0.0, 0.0, 0.0, 0.0, 0.0], [0.0, 0.0, 0.0, 0.0, 0.0, 0.9699897244429336, 0.0, 0.0, 0.0, 0.0, 0.0, 0.0, 0.0, 0.0, 0.0, 0.0, 0.0, 0.0, 0.0, 0.0, 0.0, 0.0, 0.0, 0.0, 0.0, 0.0, 0.0, 0.0, 0.0, 0.0, 0.0, 0.0, 0.0, 0.0], [0.0, 0.0, 0.0, 0.0, 0.0, 0.978772911253956, 0.0, 0.0, 0.0, 0.0, 0.0, 0.0, 0.0, 0.0, 0.0, 0.0, 0.0, 0.0, 0.0, 0.0, 0.0, 0.0, 0.0, 0.0, 0.0, 0.0, 0.0, 0.0, 0.0, 0.0, 0.0, 0.0, 0.0, 0.0], [0.0, 0.0, 0.0, 0.0, 0.0, 0.0, 0.0, 0.9799412472568444, 0.0, 0.0, 0.0, 0.0, 0.0, 0.0, 0.0, 0.0, 0.0, 0.0, 0.0, 0.0, 0.0, 0.0, 0.0, 0.0, 0.0, 0.0, 0.0, 0.0, 0.0, 0.0, 0.0, 0.0, 0.0, 0.0], [0.0, 0.0, 0.0, 0.0, 0.0, 0.0, 0.0, 0.9791356649442576, 0.0, 0.0, 0.0, 0.0, 0.0, 0.0, 0.0, 0.0, 0.0, 0.0, 0.0, 0.0, 0.0, 0.0, 0.0, 0.0, 0.0, 0.0, 0.0, 0.0, 0.0, 0.0, 0.0, 0.0, 0.0, 0.0], [0.0, 0.0, 0.0, 0.0, 0.0, 0.0, 0.0, 0.9797141032935849, 0.0, 0.0, 0.0, 0.0, 0.0, 0.0, 0.0, 0.0, 0.0, 0.0, 0.0, 0.0, 0.0, 0.0, 0.0, 0.0, 0.0, 0.0, 0.0, 0.0, 0.0, 0.0, 0.0, 0.0, 0.0, 0.0], [0.0, 0.0, 0.0, 0.0, 0.0, 0.0, 0.0, 0.0, 0.0, 0.0, 0.9678740119054839, 0.0, 0.0, 0.0, 0.0, 0.0, 0.0, 0.0, 0.0, 0.0, 0.0, 0.0, 0.0, 0.0, 0.0, 0.0, 0.0, 0.0, 0.0, 0.0, 0.0, 0.0, 0.0, 0.0], [0.0, 0.0, 0.0, 0.0, 0.0, 0.0, 0.0, 0.0, 0.0, 0.0, 0.0, 0.9712720422294964, 0.0, 0.0, 0.0, 0.0, 0.0, 0.0, 0.0, 0.0, 0.0, 0.0, 0.0, 0.0, 0.0, 0.0, 0.0, 0.0, 0.0, 0.0, 0.0, 0.0, 0.0, 0.0], [0.0, 0.0, 0.0, 0.0, 0.0, 0.0, 0.0, 0.0, 0.0, 0.0, 0.0, 0.0, 0.9711083786858401, 0.0, 0.0, 0.0, 0.0, 0.0, 0.0, 0.0, 0.0, 0.0, 0.0, 0.0, 0.0, 0.0, 0.0, 0.0, 0.0, 0.0, 0.0, 0.0, 0.0, 0.0], [0.0, 0.0, 0.0, 0.0, 0.0, 0.0, 0.0, 0.0, 0.0, 0.0, 0.0, 0.0, 0.0, 0.970979830512429, 0.0, 0.0, 0.0, 0.0, 0.0, 0.0, 0.0, 0.0, 0.0, 0.0, 0.0, 0.0, 0.0, 0.0, 0.0, 0.0, 0.0, 0.0, 0.0, 0.0], [0.0, 0.0, 0.0, 0.0, 0.0, 0.0, 0.0, 0.0, 0.0, 0.0, 0.0, 0.0, 0.0, 0.0, 0.9640647420675015, 0.0, 0.0, 0.0, 0.0, 0.0, 0.0, 0.0, 0.0, 0.0, 0.0, 0.0, 0.0, 0.0, 0.0, 0.0, 0.0, 0.0, 0.0, 0.0]], "Born radii": [], "Atomic SASAs": [], "Solvent H bonds": [], "Total SASA": NaN, "Total FOD": 0.0, "FOD": [0.0, 0.0, 0.0, 0.0, 0.0, 0.0, 0.0, 0.0, 0.0, 0.0, 0.0, 0.0, 0.0, 0.0, 0.0, 0.0, 0.0, 0.0, 0.0, 0.0, 0.0, 0.0, 0.0, 0.0, 0.0, 0.0, 0.0, 0.0, 0.0, 0.0, 0.0, 0.0, 0.0, 0.0], "FOD s proportion": [0.0, 0.0, 0.0, 0.0, 0.0, 0.0, 0.0, 0.0, 0.0, 0.0, 0.0, 0.0, 0.0, 0.0, 0.0, 0.0, 0.0, 0.0, 0.0, 0.0, 0.0, 0.0, 0.0, 0.0, 0.0, 0.0, 0.0, 0.0, 0.0, 0.0, 0.0, 0.0, 0.0, 0.0], "FOD p proportion": [0.0, 0.0, 0.0, 0.0, 0.0, 0.0, 0.0, 0.0, 0.0, 0.0, 0.0, 0.0, 0.0, 0.0, 0.0, 0.0, 0.0, 0.0, 0.0, 0.0, 0.0, 0.0, 0.0, 0.0, 0.0, 0.0, 0.0, 0.0, 0.0, 0.0, 0.0, 0.0, 0.0, 0.0], "FOD d proportion": [0.0, 0.0, 0.0, 0.0, 0.0, 0.0, 0.0, 0.0, 0.0, 0.0, 0.0, 0.0, 0.0, 0.0, 0.0, 0.0, 0.0, 0.0, 0.0, 0.0, 0.0, 0.0, 0.0, 0.0, 0.0, 0.0, 0.0, 0.0, 0.0, 0.0, 0.0, 0.0, 0.0, 0.0], "coordinates": [["-3.00830", "2.12960", "0.85150"], ["-2.84410", "0.70860", "0.54030"], ["-4.08990", "-0.02110", "0.34230"], ["-1.58860", "0.15920", "0.27810"], ["-1.12750", "-1.10870", "0.23050"], ["-1.89210", "-2.35550", "0.54520"], ["0.22680", "-1.22130", "-0.12240"], ["0.55000", "-2.05650", "-1.29400"], ["0.70660", "0.10740", "-0.23290"], ["2.08580", "0.41300", "-0.08630"], ["3.00730", "-0.56570", "0.31960"], ["4.36630", "-0.26710", "0.46200"], ["4.82750", "1.01940", "0.20210"], ["3.92950", "2.00570", "-0.19420"], ["2.57010", "1.70450", "-0.33420"], ["-0.35660", "0.99990", "-0.04490"], ["-0.34680", "2.22330", "-0.07900"], ["-2.94640", "2.73190", "-0.06050"], ["-2.25260", "2.46710", "1.56870"], ["-3.98180", "2.32180", "1.31720"], ["-4.90000", "0.64910", "0.03240"], ["-4.39370", "-0.50880", "1.27370"], ["-3.99550", "-0.77640", "-0.44500"], ["-1.24350", "-3.08750", "1.03930"], ["-2.28310", "-2.80830", "-0.37100"], ["-2.72280", "-2.17030", "1.23050"], ["0.01300", "-1.70580", "-2.18310"], ["0.26890", "-3.09820", "-1.10590"], ["1.61990", "-2.05000", "-1.52060"], ["2.67440", "-1.57030", "0.56560"], ["5.05950", "-1.03890", "0.78610"], ["5.88220", "1.25550", "0.31470"], ["4.28080", "3.01450", "-0.39590"], ["1.90450", "2.49990", "-0.65940"]], "bond_dist": [[0.0, 1.4639153254201556, 2.4606205904202296, 2.4953580524646157, 3.796002704161313, 4.632045351677809, 4.758453953754308, 5.898143975014513, 4.366428541726064, 5.456742545695188, 6.6132445183888375, 7.764058622911087, 7.940656524494685, 7.017257907473545, 5.71884088430514, 3.0184876908809817, 2.8210267971077485, 1.0946875810019954, 1.095155048383561, 1.096138485776318, 2.5379783194503456, 3.009774170930437, 3.331713086386641, 5.510709599498054, 5.138411982315159, 4.326001763753686, 5.74868193675733, 6.473125013469152, 6.672042401693801, 6.787052240111314, 8.667933216747807, 8.949480169261228, 7.447820726897231, 5.153207228513133], [1.4639153254201556, 0.0, 1.4572864268907468, 1.3953026374231505, 2.518982113870601, 3.208587979158434, 3.687019407326194, 4.746614510364203, 3.6833069611423914, 4.978345199963538, 5.992614699778387, 7.27653691944183, 7.685338147407698, 6.935677012375937, 5.574058548311095, 2.5719585883135836, 2.9856918578446776, 2.1130946074418913, 2.1212734524337025, 2.1214026350506874, 2.1185437144415977, 2.1026646142454575, 2.121735857735359, 4.149855005900808, 3.6761085810949603, 2.9629638776063407, 4.627013651373853, 5.185794990163032, 5.637772500731118, 5.970583518384111, 8.098213806142686, 8.746331039927542, 7.547042153055726, 5.215097097849665], [2.4606205904202296, 1.4572864268907468, 0.0, 2.508611452576903, 3.157718600508918, 3.212618341789139, 4.5044783293962025, 5.324378166509212, 4.832574835426763, 6.205756300403682, 7.118100328739404, 8.460624239971894, 8.978993209152128, 8.288940031753157, 6.913099710694183, 3.8897164074004165, 4.384703257918374, 3.008130497501729, 3.327291314267508, 2.539940162681003, 1.0961149848441998, 1.0943727381472914, 1.0950939411758245, 4.2415340290984345, 3.397323500934228, 2.6975771147457492, 5.1038855453468, 5.528559042824813, 6.3394516844913325, 6.943028015210655, 9.216528394140605, 10.053519171414555, 8.934675432829108, 6.579640966648561], [2.4953580524646157, 1.3953026374231505, 2.508611452576903, 0.0, 1.3499812517216674, 2.5469924911550095, 2.3155685392576917, 3.4575185986484587, 2.3519666834375013, 3.701137279269711, 4.6529022201202554, 5.972971196146856, 6.47395236698572, 5.837983997066111, 4.478576679035427, 1.5260830547516082, 2.4351789379838187, 2.9286611429115523, 2.726343113036215, 3.3888012349501997, 3.3564475953007222, 3.050578530377476, 2.6816764495367447, 3.352548335222029, 3.116041930077322, 2.7604430169811516, 3.4786280341536946, 3.9970510392037775, 4.290729376224979, 4.609446333346337, 6.77427053047042, 7.550898349865399, 6.561773422635073, 4.3080773379780455], [3.796002704161313, 2.518982113870601, 3.157718600508918, 1.3499812517216674, 0.0, 1.4960479571190224, 1.4040461744543873, 2.4569150046348773, 2.248902305570431, 3.5694859601909066, 4.171253870240937, 5.562708085995525, 6.323894462275601, 5.954251124196896, 4.680301922953261, 2.261929691657104, 3.436205281993496, 4.259493698786278, 3.980323465498753, 4.593068215256551, 4.166636617224977, 3.480834481844835, 2.965155567588318, 2.140855642027271, 2.141460662725328, 2.161475572381053, 2.7354585758150316, 2.77380752216155, 3.3912539952059033, 3.844451869902912, 6.212288821360448, 7.398136614715898, 6.829558118209406, 4.7965550106300245], [4.632045351677809, 3.208587979158434, 3.212618341789139, 2.5469924911550095, 1.4960479571190224, 0.0, 2.4943609622506524, 3.0717926443690824, 3.6639538356807937, 4.887440322909324, 5.220957743556252, 6.598174547554801, 7.527329657986289, 7.311484415629976, 6.096570609777271, 3.7369355654065006, 4.8726776181069065, 5.230684442785667, 4.943175422741944, 5.180730197568679, 4.282294643062292, 3.1935897826740365, 2.8103993328351042, 1.0957375461304588, 1.0942263385607203, 1.0927019813288525, 3.3904479040386386, 2.819158651087235, 4.085952017584151, 4.633559911126649, 7.07928039633973, 8.575091354615413, 8.235730909882863, 6.280138683182083], [4.758453953754308, 3.687019407326194, 4.5044783293962025, 2.3155685392576917, 1.4040461744543873, 2.4943609622506524, 0.0, 1.4746741470575797, 1.4169904657406838, 2.475504130475245, 2.890736170943312, 4.28806264529799, 5.127619060538722, 4.912094413791332, 3.754493277394434, 2.297844914262057, 3.4923014875580263, 5.069597626044891, 4.755159106696642, 5.686679147797948, 5.459527217626084, 4.879115873803367, 4.257913110903039, 2.64462311492583, 2.979927678652621, 3.380987957683375, 2.1276595545340427, 2.1193862956054046, 2.140662173253874, 2.566299039472992, 4.920734833335363, 6.189438085157651, 5.869558747469864, 4.117083400904091], [5.898143975014513, 4.746614510364203, 5.324378166509212, 3.4575185986484587, 2.4569150046348773, 3.0717926443690824, 1.4746741470575797, 0.0, 2.4151438839125094, 3.148912698059443, 3.2961360545341574, 4.5661399507680445, 5.476904442292197, 5.397411336001732, 4.375744628060463, 3.423996981599137, 4.538409774359296, 6.055997834378741, 6.04256361240823, 6.820930110329529, 6.227528267298351, 5.781749585549343, 4.798023265887735, 3.118315593393331, 3.073042116535339, 4.134884584846353, 1.0962929809134054, 1.0952340891334598, 1.093652513369763, 2.864887076308593, 5.069311197786145, 6.4799395467859116, 6.359284020233724, 4.795640558882619], [4.366428541726064, 3.6833069611423914, 4.832574835426763, 2.3519666834375013, 2.248902305570431, 3.6639538356807937, 1.4169904657406838, 2.4151438839125094, 0.0, 1.4202378533189433, 2.459987875986384, 3.743867031559748, 4.242968985274344, 3.7406048962701206, 2.4563432883047924, 1.4008192210274673, 2.368621873579656, 4.501347688192948, 4.191755156256147, 5.411790085544708, 5.638952610192783, 5.353746920615505, 4.789137005766279, 3.9533237737377394, 4.178359030767941, 4.369238058288882, 2.751736767934026, 3.351056795997346, 2.6733243237587168, 2.7063843740311535, 4.615203473304292, 5.329618628945227, 4.61006562317718, 2.7094137576235933], [5.456742545695188, 4.978345199963538, 6.205756300403682, 3.701137279269711, 3.5694859601909066, 4.887440322909324, 2.475504130475245, 3.148912698059443, 1.4202378533189433, 0.0, 1.4041975466436338, 2.4420993325415736, 2.8227317283085895, 2.4387630860745784, 1.4014182637599668, 2.5122665722410904, 3.032289916878002, 5.540848282528588, 5.077407445734487, 6.513762311444899, 6.990796416718198, 6.684552003687307, 6.206895177139694, 4.960313911437461, 5.4355418303974075, 5.615161181123833, 3.630755227222017, 4.082797473546783, 2.888018057422771, 2.1690787122647257, 3.4222780512401387, 3.9093810520336847, 3.4178471893869102, 2.1717423673170813], [6.6132445183888375, 5.992614699778387, 7.118100328739404, 4.6529022201202554, 4.171253870240937, 5.220957743556252, 2.890736170943312, 3.2961360545341574, 2.459987875986384, 1.4041975466436338, 0.0, 1.3986853541808464, 2.416500837988681, 2.7796656705438516, 2.402583259743562, 3.728241786687124, 4.3803412846489485, 6.816537644581741, 6.19876396227506, 7.627606493520756, 8.005224304789966, 7.462462423355979, 7.047568055010181, 4.99467155777034, 5.787444624357109, 6.019844348486098, 4.065607923791964, 3.9930490931116784, 2.741233534378273, 1.086535581561874, 2.1570965045634836, 3.40321075750533, 3.866726592351727, 3.4018395317827674], [7.764058622911087, 7.27653691944183, 8.460624239971894, 5.972971196146856, 5.562708085995525, 6.598174547554801, 4.28806264529799, 4.5661399507680445, 3.743867031559748, 2.4420993325415736, 1.3986853541808464, 0.0, 1.3911634339645362, 2.4056210258475876, 2.783428720122001, 4.916098149955918, 5.357992606377877, 7.921021937856251, 7.24641095577666, 8.782058065169005, 9.321389075132528, 8.800845174186398, 8.4262527098349, 6.30537766434335, 7.167015194626003, 7.38025076132241, 5.293168483054361, 5.221314430294348, 3.827812447077312, 2.1381274073356806, 1.086849709021445, 2.153592547349661, 3.3929634863935685, 3.8696622850062767], [7.940656524494685, 7.685338147407698, 8.978993209152128, 6.47395236698572, 6.323894462275601, 7.527329657986289, 5.127619060538722, 5.476904442292197, 4.242968985274344, 2.8227317283085895, 2.416500837988681, 1.3911634339645362, 0.0, 1.3914903449179945, 2.419263206019551, 5.190017539469399, 5.319941062643458, 7.964617769861903, 7.354675170257351, 8.974600841263081, 9.736024672832336, 9.408201275483002, 9.027123852590037, 7.377301163027032, 8.095700294600832, 8.260679314681088, 6.024558434441482, 6.280631156181677, 4.762101364943841, 3.387405784667671, 2.152087100932488, 1.0866526860041348, 2.1533482997415905, 3.387918461238404], [7.017257907473545, 6.935677012375937, 8.288940031753157, 5.837983997066111, 5.954251124196896, 7.311484415629976, 4.912094413791332, 5.397411336001732, 3.7406048962701206, 2.4387630860745784, 2.7796656705438516, 2.4056210258475876, 1.3914903449179945, 0.0, 1.3993890809921306, 4.405062694219005, 4.2833821321474455, 6.915435122969487, 6.445080820284568, 8.060577948261527, 8.935982395349713, 8.817771765020911, 8.402892719177128, 7.363568257984711, 7.861440898461299, 7.982596155387043, 5.750645851554415, 6.3467302179941445, 4.852039943157929, 3.8652746409537317, 3.392267272783794, 2.152862406193206, 1.0870933814534978, 2.135712920783128], [5.71884088430514, 5.574058548311095, 6.913099710694183, 4.478576679035427, 4.680301922953261, 6.096570609777271, 3.754493277394434, 4.375744628060463, 2.4563432883047924, 1.4014182637599668, 2.402583259743562, 2.783428720122001, 2.419263206019551, 1.3993890809921306, 0.0, 3.024190559472071, 2.9736486157580893, 5.618027652121339, 5.2403265604349505, 6.784952089735048, 7.5531886465253875, 7.481881430495942, 7.0195615824636794, 6.276409101548432, 6.627236854074253, 6.7436749284051345, 4.6462175702392585, 5.381168053499166, 4.050517898985264, 3.3977689106235576, 3.87019741227757, 3.40480228794566, 2.1555512937529464, 1.0869404583508702], [3.0184876908809817, 2.5719585883135836, 3.8897164074004165, 1.5260830547516082, 2.261929691657104, 3.7369355654065006, 2.297844914262057, 3.423996981599137, 1.4008192210274673, 2.5122665722410904, 3.728241786687124, 4.916098149955918, 5.190017539469399, 4.405062694219005, 3.024190559472071, 0.0, 1.2239143801753456, 3.1156269674015857, 2.889843732799405, 4.092042406916136, 4.557578248368315, 4.507001005103061, 4.069018912465264, 4.320754564887943, 4.280202179804127, 4.156406577802514, 3.468330418227191, 4.279181564271373, 3.922516124887188, 4.0206466258550995, 5.846486607356593, 6.2543799820605726, 5.068263304130913, 2.7821185201209526], [2.8210267971077485, 2.9856918578446776, 4.384703257918374, 2.4351789379838187, 3.436205281993496, 4.8726776181069065, 3.4923014875580263, 4.538409774359296, 2.368621873579656, 3.032289916878002, 4.3803412846489485, 5.357992606377877, 5.319941062643458, 4.2833821321474455, 2.9736486157580893, 1.2239143801753456, 0.0, 2.648950050491704, 2.5310921298917592, 3.8951638848705707, 4.818936173057287, 5.066711686093852, 4.737633141137038, 5.500841973734566, 5.399214780873233, 5.163708668195757, 4.47152319238087, 5.454536859349289, 4.920082554185448, 4.8922959395359555, 6.373258706501722, 6.316017537182746, 4.705433541130934, 2.3413080553400056], [1.0946875810019954, 2.1130946074418913, 3.008130497501729, 2.9286611429115523, 4.259493698786278, 5.230684442785667, 5.069597626044891, 6.055997834378741, 4.501347688192948, 5.540848282528588, 6.816537644581741, 7.921021937856251, 7.964617769861903, 6.915435122969487, 5.618027652121339, 3.1156269674015857, 2.648950050491704, 0.0, 1.7904664531903411, 1.771522638861835, 2.8571382903177787, 3.791688729313101, 3.681931551509343, 6.1623733098539235, 5.5883980871086845, 5.074272637531413, 5.7407891800692346, 6.739516396597014, 6.771229970249128, 7.105935454955948, 8.889887457667843, 8.959057425867968, 7.240495546576905, 4.8932336976686495], [1.095155048383561, 2.1212734524337025, 3.327291314267508, 2.726343113036215, 3.980323465498753, 4.943175422741944, 4.755159106696642, 6.04256361240823, 4.191755156256147, 5.077407445734487, 6.19876396227506, 7.24641095577666, 7.354675170257351, 6.445080820284568, 5.2403265604349505, 2.889843732799405, 2.5310921298917592, 1.7904664531903411, 0.0, 1.7534243582202225, 3.560065792931361, 3.6779498392446843, 4.196782142308557, 5.67028467803866, 5.620783886612258, 4.673429794059176, 6.051614744016675, 6.669633535659961, 6.704045282514132, 6.44842130835137, 8.14685860746337, 8.319583018397015, 6.844312637511528, 4.716671057006201], [1.096138485776318, 2.1214026350506874, 2.539940162681003, 3.3888012349501997, 4.593068215256551, 5.180730197568679, 5.686679147797948, 6.820930110329529, 5.411790085544708, 6.513762311444899, 7.627606493520756, 8.782058065169005, 8.974600841263081, 8.060577948261527, 6.784952089735048, 4.092042406916136, 3.8951638848705707, 1.771522638861835, 1.7534243582202225, 0.0, 2.3003755280388463, 2.860742948955743, 3.564320379819974, 6.069270284803602, 5.66158343045477, 4.666000460780089, 6.665739935671057, 7.301798689364149, 7.651456526047834, 7.747150663953812, 9.660304207942936, 9.971985656828835, 8.466705596629659, 6.21185921121849], [2.5379783194503456, 2.1185437144415977, 1.0961149848441998, 3.3564475953007222, 4.166636617224977, 4.282294643062292, 5.459527217626084, 6.227528267298351, 5.638952610192783, 6.990796416718198, 8.005224304789966, 9.321389075132528, 9.736024672832336, 8.935982395349713, 7.5531886465253875, 4.557578248368315, 4.818936173057287, 2.8571382903177787, 3.560065792931361, 2.3003755280388463, 0.0, 1.7714112424843649, 1.754446140524126, 5.3240979912094035, 4.354826280117268, 3.7582788361163413, 5.881459279804631, 6.485022080918461, 7.22537513351383, 7.910851658323522, 10.129612427926352, 10.802927894325686, 9.490292234172772, 7.08556759406048], [3.009774170930437, 2.1026646142454575, 1.0943727381472914, 3.050578530377476, 3.480834481844835, 3.1935897826740365, 4.879115873803367, 5.781749585549343, 5.353746920615505, 6.684552003687307, 7.462462423355979, 8.800845174186398, 9.408201275483002, 8.817771765020911, 7.481881430495942, 4.507001005103061, 5.066711686093852, 3.791688729313101, 3.6779498392446843, 2.860742948955743, 1.7714112424843649, 0.0, 1.7844054163782401, 4.07779316420046, 3.5280831481131507, 2.3567679775489148, 5.727240184416924, 5.840147881689298, 6.807848036641241, 7.182355147860623, 9.48059861031992, 10.470270115904365, 9.510423613067926, 7.242684208220043], [3.331713086386641, 2.121735857735359, 1.0950939411758245, 2.6816764495367447, 2.965155567588318, 2.8103993328351042, 4.257913110903039, 4.798023265887735, 4.789137005766279, 6.206895177139694, 7.047568055010181, 8.4262527098349, 9.027123852590037, 8.402892719177128, 7.0195615824636794, 4.069018912465264, 4.737633141137038, 3.681931551509343, 4.196782142308557, 3.564320379819974, 1.754446140524126, 1.7844054163782401, 0.0, 3.8881658529440326, 2.658271500430308, 2.5238903997598627, 4.466861114921752, 4.900270544572003, 5.8576180722201405, 6.79258092185879, 9.14207517251964, 10.113096409606705, 9.103322212796819, 6.752044805094232], [5.510709599498054, 4.149855005900808, 4.2415340290984345, 3.352548335222029, 2.140855642027271, 1.0957375461304588, 2.64462311492583, 3.118315593393331, 3.9533237737377394, 4.960313911437461, 4.99467155777034, 6.30537766434335, 7.377301163027032, 7.363568257984711, 6.276409101548432, 4.320754564887943, 5.500841973734566, 6.1623733098539235, 5.67028467803866, 6.069270284803602, 5.3240979912094035, 4.07779316420046, 3.8881658529440326, 0.0, 1.7741665338969732, 1.7510401965688849, 3.7244796817810673, 2.6247573773589052, 3.978511508089426, 4.22802884805674, 6.632396339182392, 8.376293610541598, 8.355363159671757, 6.634344311987433], [5.138411982315159, 3.6761085810949603, 3.397323500934228, 3.116041930077322, 2.141460662725328, 1.0942263385607203, 2.979927678652621, 3.073042116535339, 4.178359030767941, 5.4355418303974075, 5.787444624357109, 7.167015194626003, 8.095700294600832, 7.861440898461299, 6.627236854074253, 4.280202179804127, 5.399214780873233, 5.5883980871086845, 5.620783886612258, 5.66158343045477, 4.354826280117268, 3.5280831481131507, 2.658271500430308, 1.7741665338969732, 0.0, 1.7790959333324325, 3.125905927887146, 2.6714834867541293, 4.138841389809472, 5.194869566216268, 7.640905151223905, 9.146407984558747, 8.774417533944918, 6.767285686299935], [4.326001763753686, 2.9629638776063407, 2.6975771147457492, 2.7604430169811516, 2.161475572381053, 1.0927019813288525, 3.380987957683375, 4.134884584846353, 4.369238058288882, 5.615161181123833, 6.019844348486098, 7.38025076132241, 8.260679314681088, 7.982596155387043, 6.7436749284051345, 4.156406577802514, 5.163708668195757, 5.074272637531413, 4.673429794059176, 4.666000460780089, 3.7582788361163413, 2.3567679775489148, 2.5238903997598627, 1.7510401965688849, 1.7790959333324325, 0.0, 4.399207525225424, 3.907688864277707, 5.142185001533881, 5.471001722719524, 7.876658594226361, 9.307030690827231, 8.864408663864726, 6.84064290399667], [5.74868193675733, 4.627013651373853, 5.1038855453468, 3.4786280341536946, 2.7354585758150316, 3.3904479040386386, 2.1276595545340427, 1.0962929809134054, 2.751736767934026, 3.630755227222017, 4.065607923791964, 5.293168483054361, 6.024558434441482, 5.750645851554415, 4.6462175702392585, 3.468330418227191, 4.47152319238087, 5.7407891800692346, 6.051614744016675, 6.665739935671057, 5.881459279804631, 5.727240184416924, 4.466861114921752, 3.7244796817810673, 3.125905927887146, 4.399207525225424, 0.0, 1.7789385627390282, 1.7718655423028014, 3.8284150637045613, 5.893052392436369, 7.032482575165046, 6.609798239734705, 4.856680597898116], [6.473125013469152, 5.185794990163032, 5.528559042824813, 3.9970510392037775, 2.77380752216155, 2.819158651087235, 2.1193862956054046, 1.0952340891334598, 3.351056795997346, 4.082797473546783, 3.9930490931116784, 5.221314430294348, 6.280631156181677, 6.3467302179941445, 5.381168053499166, 4.279181564271373, 5.454536859349289, 6.739516396597014, 6.669633535659961, 7.301798689364149, 6.485022080918461, 5.840147881689298, 4.900270544572003, 2.6247573773589052, 2.6714834867541293, 3.907688864277707, 1.7789385627390282, 0.0, 1.7595170729492793, 3.3037586034696904, 5.547091927307497, 7.244442348448913, 7.3460562821149145, 5.8492113331627875], [6.672042401693801, 5.637772500731118, 6.3394516844913325, 4.290729376224979, 3.3912539952059033, 4.085952017584151, 2.140662173253874, 1.093652513369763, 2.6733243237587168, 2.888018057422771, 2.741233534378273, 3.827812447077312, 4.762101364943841, 4.852039943157929, 4.050517898985264, 3.922516124887188, 4.920082554185448, 6.771229970249128, 6.704045282514132, 7.651456526047834, 7.22537513351383, 6.807848036641241, 5.8576180722201405, 3.978511508089426, 4.138841389809472, 5.142185001533881, 1.7718655423028014, 1.7595170729492793, 0.0, 2.3862759228555275, 4.263101718232864, 5.697530836248277, 5.830480181768908, 4.63942373684491], [6.787052240111314, 5.970583518384111, 6.943028015210655, 4.609446333346337, 3.844451869902912, 4.633559911126649, 2.566299039472992, 2.864887076308593, 2.7063843740311535, 2.1690787122647257, 1.086535581561874, 2.1381274073356806, 3.387405784667671, 3.8652746409537317, 3.3977689106235576, 4.0206466258550995, 4.8922959395359555, 7.105935454955948, 6.44842130835137, 7.747150663953812, 7.910851658323522, 7.182355147860623, 6.79258092185879, 4.22802884805674, 5.194869566216268, 5.471001722719524, 3.8284150637045613, 3.3037586034696904, 2.3862759228555275, 0.0, 2.453509368231554, 4.282298131844629, 4.952312010566378, 4.319710528496093], [8.667933216747807, 8.098213806142686, 9.216528394140605, 6.77427053047042, 6.212288821360448, 7.07928039633973, 4.920734833335363, 5.069311197786145, 4.615203473304292, 3.4222780512401387, 2.1570965045634836, 1.086849709021445, 2.152087100932488, 3.392267272783794, 3.87019741227757, 5.846486607356593, 6.373258706501722, 8.889887457667843, 8.14685860746337, 9.660304207942936, 10.129612427926352, 9.48059861031992, 9.14207517251964, 6.632396339182392, 7.640905151223905, 7.876658594226361, 5.893052392436369, 5.547091927307497, 4.263101718232864, 2.453509368231554, 0.0, 2.4826044006244734, 4.29343094156643, 4.956470588029349], [8.949480169261228, 8.746331039927542, 10.053519171414555, 7.550898349865399, 7.398136614715898, 8.575091354615413, 6.189438085157651, 6.4799395467859116, 5.329618628945227, 3.9093810520336847, 3.40321075750533, 2.153592547349661, 1.0866526860041348, 2.152862406193206, 3.40480228794566, 6.2543799820605726, 6.316017537182746, 8.959057425867968, 8.319583018397015, 9.971985656828835, 10.802927894325686, 10.470270115904365, 10.113096409606705, 8.376293610541598, 9.146407984558747, 9.307030690827231, 7.032482575165046, 7.244442348448913, 5.697530836248277, 4.282298131844629, 2.4826044006244734, 0.0, 2.4826428095882016, 4.280128439661595], [7.447820726897231, 7.547042153055726, 8.934675432829108, 6.561773422635073, 6.829558118209406, 8.235730909882863, 5.869558747469864, 6.359284020233724, 4.61006562317718, 3.4178471893869102, 3.866726592351727, 3.3929634863935685, 2.1533482997415905, 1.0870933814534978, 2.1555512937529464, 5.068263304130913, 4.705433541130934, 7.240495546576905, 6.84431263751