{"total energy": -32.3589215, "HOMO-LUMO gap/eV": 2.73603984, "electronic energy": -32.74483091, "dipole": [0.9703488, 1.12054065, -0.36154286], "partial charges": [-0.33815782, 0.20017865, -0.01479671, -0.03795275, -0.05573813, 0.13500841, -0.2696838, 0.2087219, -0.27250873, 0.12877795, -0.04348651, 0.02692274, 0.05768958, 0.06484081, 0.06108925, 0.06109397, 0.0880012], "atomic dipole moments": [[0.03700081, 0.16143095, -0.04840579], [0.02052045, -0.05569953, 0.01552783], [-0.01772395, -0.03305033, 0.01025523], [0.01615353, -0.0183173, 0.00476661], [0.03606151, -0.03939052, 0.01020578], [0.2645873, 0.02186903, -0.0158522], [-0.08304634, -0.20112616, 0.06162758], [-0.3182353, 0.05584917, -0.00490573], [-0.0130856, 0.21957783, -0.0635768], [0.24584854, -0.10285652, 0.0211941], [0.02451378, 0.03571453, -0.01127539], [-0.10661505, 0.08674685, -0.02149108], [-0.1142363, 0.09983903, -0.02502795], [0.02647824, 0.14776147, -0.04404616], [0.07474299, 0.01584224, 0.0975795], [0.06782932, -0.04044546, -0.09550043], [-0.02311364, -0.15265923, 0.04534113]], "atomic quadrupole moments": [[-0.15034117, 0.01125646, -0.10771687, 0.01256249, 0.11628687, 0.25805804], [-0.40096314, 0.09606831, -0.22171983, 0.01140459, 0.26553472, 0.62268297], [-0.09659916, 0.08729776, -0.21513252, -0.00915539, 0.16442199, 0.31173168], [-0.2448123, 0.02184531, -0.22157313, 0.02137965, 0.21864371, 0.46638543], [-0.21670775, -0.04184453, -0.20285661, 0.03711815, 0.2004438, 0.41956436], [0.13801334, 0.12982485, -0.31800223, -0.03478984, 0.15323823, 0.17998888], [0.06536539, -0.04715903, 0.03993104, 0.00718876, -0.04435947, -0.10529643], [0.18909326, 0.01510906, 0.27865089, -0.03044979, -0.2388194, -0.46774415], [0.09881226, 0.02922307, 0.01534791, -0.01660616, -0.04261569, -0.11416017], [0.01148654, -0.25291246, -0.17727998, 0.08065763, 0.12017851, 0.16579344], [-0.18492242, 0.02021334, -0.25907017, 0.01896274, 0.2235503, 0.44399259], [0.02467859, 0.02407528, 0.03857645, -0.01053593, -0.03351614, -0.06325504], [0.03734653, 0.00315097, 0.01946986, -0.004549, -0.02448934, -0.05681639], [0.02827824, 0.00237542, 0.02131983, -0.00372123, -0.02273245, -0.04959806], [-0.01105914, 0.00933386, -0.01014588, 0.02866267, 0.00442005, 0.02120501], [-0.01503901, -0.00655306, -0.00481537, -0.02689093, 0.0133615, 0.01985437], [0.02340791, -0.00200163, 0.01928586, -0.00199027, -0.01970876, -0.04269376]], "number of molecular orbitals": 50, "number of electrons": 56, "number of unpaired electrons": 0, "orbital energies/eV": [-20.85166651, -20.36095033, -19.2682906, -19.02842904, -18.4349224, -18.31769713, -17.89576259, -17.37208538, -17.08287959, -16.7521114, -16.35106296, -15.8051845, -15.54943757, -15.33803955, -14.97678215, -14.67841238, -14.61800898, -14.55121907, -14.2747342, -14.15046257, -13.88473326, -13.59430949, -13.21670068, -12.68703492, -12.40072022, -11.62773655, -11.0033129, -10.79628688, -8.06024704, -6.76255689, -5.59701959, -2.89664085, -0.65103836, -0.45218842, 1.5911363, 2.16702626, 2.99481364, 3.33559611, 3.48099479, 4.11882437, 4.21221379, 4.63021929, 5.82093623, 9.42510331, 10.27088509, 10.90514552, 11.3255171, 15.05585281, 16.88214202, 17.51138255], "fractional occupation": [2.0, 2.0, 2.0, 2.0, 2.0, 2.0, 2.0, 2.0, 2.0, 2.0, 2.0, 2.0, 2.0, 2.0, 2.0, 2.0, 2.0, 2.0, 2.0, 2.0, 2.0, 2.0, 2.0, 2.0, 2.0, 2.0, 2.0, 2.0, 0.0, 0.0, 0.0, 0.0, 0.0, 0.0, 0.0, 0.0, 0.0, 0.0, 0.0, 0.0, 0.0, 0.0, 0.0, 0.0, 0.0, 0.0, 0.0, 0.0, 0.0, 0.0], "program call": "xtb /home/svss/Project-DBcg-Debug/aqme2_20220329/End-to-End-workflows-final/example-3/QDESCP/mol_526_rdkit_conf_2/mol_526_rdkit_conf_2.xyz --pop --wbo --acc 0.2 --gfn 2 --chrg 0 --uhf 0 --etemp 300 --input /home/svss/Project-DBcg-Debug/aqme2_20220329/End-to-End-workflows-final/example-3/QDESCP/mol_526_rdkit_conf_2/mol_526_rdkit_conf_2_xtb.inp", "method": "GFN2-xTB", "xtb version": "6.3.3 (7355c4f)", "Dipole module/D": 3.878, "Total charge": 0, "Transition dipole module/D": NaN, "HOMO": -10.7963, "LUMO": -8.0602, "HOMO occupancy": 2.0, "LUMO occupancy": 0, "mulliken charges": [-0.48655, 0.37538, -0.05085, -0.0366, -0.0672, 0.23265, -0.41694, 0.39082, -0.41858, 0.22074, -0.04183, 0.01583, 0.04145, 0.05788, 0.05273, 0.05273, 0.07834], "cm5 charges": [-0.53975, 0.36264, -0.05836, -0.08888, -0.11736, 0.25564, -0.4907, 0.33769, -0.49236, 0.24386, -0.08805, 0.07817, 0.09763, 0.11559, 0.12219, 0.1222, 0.13984], "FUKUI+": [-0.196, -0.061, -0.049, -0.036, -0.024, -0.066, -0.066, 0.023, -0.052, -0.03, -0.035, -0.109, -0.068, -0.072, -0.048, -0.048, -0.062], "FUKUI-": [-0.151, -0.008, -0.047, -0.033, -0.024, -0.031, -0.108, 0.027, -0.112, -0.035, -0.021, -0.097, -0.062, -0.063, -0.092, -0.092, -0.051], "FUKUIrad": [-0.173, -0.034, -0.048, -0.035, -0.024, -0.049, -0.087, 0.025, -0.082, -0.032, -0.028, -0.103, -0.065, -0.068, -0.07, -0.07, -0.056], "s proportion": [1.736, 1.043, 1.085, 1.068, 1.052, 1.02, 1.707, 0.973, 1.705, 1.016, 1.058, 0.984, 0.959, 0.942, 0.947, 0.947, 0.922], "p proportion": [4.751, 2.581, 2.965, 2.969, 3.015, 2.747, 4.71, 2.636, 4.714, 2.763, 2.984, 0.0, 0.0, 0.0, 0.0, 0.0, 0.0], "d proportion": [0.0, 0.0, 0.0, 0.0, 0.0, 0.0, 0.0, 0.0, 0.0, 0.0, 0.0, 0.0, 0.0, 0.0, 0.0, 0.0, 0.0], "Fermi-level/eV": -9.4283, "Coordination numbers": [0.856, 2.766, 2.974, 2.921, 2.911, 3.048, 1.705, 3.922, 1.705, 3.049, 2.914, 0.923, 0.925, 0.925, 0.924, 0.924, 0.925], "Dispersion coefficient C6": [20.484, 23.738, 28.377, 28.944, 29.385, 25.01, 18.472, 17.273, 18.519, 25.138, 29.08, 2.631, 2.226, 2.143, 2.186, 2.186, 1.898], "Total dispersion C6": 3897.605535, "Total dispersion C8": 94442.849877, "Polarizability alpha": [6.068, 7.979, 8.738, 8.822, 8.889, 8.202, 5.803, 5.907, 5.81, 8.223, 8.843, 2.537, 2.333, 2.289, 2.312, 2.312, 2.155], "Total polarizability alpha": 97.222455, "Wiberg matrix": [[0.0, 1.8554839100755869, 0.0, 0.0, 0.0, 0.0, 0.0, 0.0, 0.0, 0.0, 0.0, 0.0, 0.0, 0.0, 0.0, 0.0, 0.0], [1.8554839100755869, 0.0, 1.069126942163991, 0.0, 0.0, 0.0, 0.0, 0.0, 0.0, 0.0, 0.0, 0.9367937671903912, 0.0, 0.0, 0.0, 0.0, 0.0], [0.0, 1.069126942163991, 0.0, 1.3735922545045323, 0.0, 0.0, 0.0, 0.0, 0.0, 0.0, 1.3531544174954742, 0.0, 0.0, 0.0, 0.0, 0.0, 0.0], [0.0, 0.0, 1.3735922545045323, 0.0, 1.4420193967232289, 0.0, 0.0, 0.0, 0.0, 0.0, 0.0, 0.0, 0.9675491334657248, 0.0, 0.0, 0.0, 0.0], [0.0, 0.0, 0.0, 1.4420193967232289, 0.0, 1.384156803739036, 0.0, 0.0, 0.0, 0.0, 0.0, 0.0, 0.0, 0.96631027723406, 0.0, 0.0, 0.0], [0.0, 0.0, 0.0, 0.0, 1.384156803739036, 0.0, 1.0485285053646802, 0.0, 0.0, 1.2994026557506515, 0.0, 0.0, 0.0, 0.0, 0.0, 0.0, 0.0], [0.0, 0.0, 0.0, 0.0, 0.0, 1.0485285053646802, 0.0, 0.9677944126010487, 0.0, 0.0, 0.0, 0.0, 0.0, 0.0, 0.0, 0.0, 0.0], [0.0, 0.0, 0.0, 0.0, 0.0, 0.0, 0.9677944126010487, 0.0, 0.9714438617888763, 0.0, 0.0, 0.0, 0.0, 0.0, 0.966173693914707, 0.9661776106333102, 0.0], [0.0, 0.0, 0.0, 0.0, 0.0, 0.0, 0.0, 0.9714438617888763, 0.0, 1.0378271449421137, 0.0, 0.0, 0.0, 0.0, 0.0, 0.0, 0.0], [0.0, 0.0, 0.0, 0.0, 0.0, 1.2994026557506515, 0.0, 0.0, 1.0378271449421137, 0.0, 1.416204489468245, 0.0, 0.0, 0.0, 0.0, 0.0, 0.0], [0.0, 0.0, 1.3531544174954742, 0.0, 0.0, 0.0, 0.0, 0.0, 0.0, 1.416204489468245, 0.0, 0.0, 0.0, 0.0, 0.0, 0.0, 0.9603265857552986], [0.0, 0.9367937671903912, 0.0, 0.0, 0.0, 0.0, 0.0, 0.0, 0.0, 0.0, 0.0, 0.0, 0.0, 0.0, 0.0, 0.0, 0.0], [0.0, 0.0, 0.0, 0.9675491334657248, 0.0, 0.0, 0.0, 0.0, 0.0, 0.0, 0.0, 0.0, 0.0, 0.0, 0.0, 0.0, 0.0], [0.0, 0.0, 0.0, 0.0, 0.96631027723406, 0.0, 0.0, 0.0, 0.0, 0.0, 0.0, 0.0, 0.0, 0.0, 0.0, 0.0, 0.0], [0.0, 0.0, 0.0, 0.0, 0.0, 0.0, 0.0, 0.966173693914707, 0.0, 0.0, 0.0, 0.0, 0.0, 0.0, 0.0, 0.0, 0.0], [0.0, 0.0, 0.0, 0.0, 0.0, 0.0, 0.0, 0.9661776106333102, 0.0, 0.0, 0.0, 0.0, 0.0, 0.0, 0.0, 0.0, 0.0], [0.0, 0.0, 0.0, 0.0, 0.0, 0.0, 0.0, 0.0, 0.0, 0.0, 0.9603265857552986, 0.0, 0.0, 0.0, 0.0, 0.0, 0.0]], "Born radii": [], "Atomic SASAs": [], "Solvent H bonds": [], "Total SASA": NaN, "Total FOD": 0.0, "FOD": [0.0, 0.0, 0.0, 0.0, 0.0, 0.0, 0.0, 0.0, 0.0, 0.0, 0.0, 0.0, 0.0, 0.0, 0.0, 0.0, 0.0], "FOD s proportion": [0.0, 0.0, 0.0, 0.0, 0.0, 0.0, 0.0, 0.0, 0.0, 0.0, 0.0, 0.0, 0.0, 0.0, 0.0, 0.0, 0.0], "FOD p proportion": [0.0, 0.0, 0.0, 0.0, 0.0, 0.0, 0.0, 0.0, 0.0, 0.0, 0.0, 0.0, 0.0, 0.0, 0.0, 0.0, 0.0], "FOD d proportion": [0.0, 0.0, 0.0, 0.0, 0.0, 0.0, 0.0, 0.0, 0.0, 0.0, 0.0, 0.0, 0.0, 0.0, 0.0, 0.0, 0.0], "coordinates": [["-3.21300", "-1.82540", "0.64730"], ["-2.95240", "-0.67950", "0.30380"], ["-1.56450", "-0.21110", "0.11750"], ["-1.33980", "1.12310", "-0.27960"], ["-0.03450", "1.59050", "-0.46260"], ["1.00060", "0.70590", "-0.24170"], ["2.32450", "0.98720", "-0.37110"], ["2.90950", "-0.28500", "-0.02100"], ["1.93180", "-1.29340", "0.30810"], ["0.77610", "-0.59560", "0.14590"], ["-0.49630", "-1.08910", "0.33540"], ["-3.75070", "0.05820", "0.11720"], ["-2.17360", "1.80080", "-0.44740"], ["0.16210", "2.61250", "-0.76770"], ["3.56980", "-0.14160", "0.84210"], ["3.50860", "-0.64010", "-0.86740"], ["-0.65830", "-2.11750", "0.64110"]], "bond_dist": [[0.0, 1.224333051093533, 2.3673201684605316, 3.6140938144990096, 4.796156072314578, 4.9952202804280805, 6.293787696610047, 6.348579628546846, 5.183343291737486, 4.204370203728496, 2.831938945316441, 2.0293043783523457, 3.927855253188437, 5.7522588102414165, 6.991387939458087, 6.9913631532055325, 2.5713523562514724], [1.224333051093533, 0.0, 1.4766084992305848, 2.4880114710346493, 3.7755012077868546, 4.224110842532426, 5.57485896772286, 5.884130938379941, 4.92263154623622, 3.732785001845137, 2.4902204581120926, 1.1028616141656216, 2.7060522851563675, 4.65676781684464, 6.56644471080051, 6.566413237072428, 2.728462955585067], [2.3673201684605316, 1.4766084992305848, 0.0, 1.410059622852878, 2.4337581165760906, 2.7476629433029083, 4.098655126989828, 4.476753227507632, 3.6649441114429013, 2.3721414734370296, 1.3997912880140382, 2.20272399996005, 2.1766617628837053, 3.4259952656126074, 5.1856447911518195, 5.1855966503383195, 2.1747911072100696], [3.6140938144990096, 2.4880114710346493, 1.410059622852878, 0.0, 1.3984848408188058, 2.377596351359919, 3.6679606799964475, 4.483990417028118, 4.109529182278671, 2.7589876313604598, 2.446128796690804, 2.665314439236016, 1.0875001471264267, 2.170773498087721, 5.1924800567744125, 5.192433498851959, 3.4370945724550555], [4.796156072314578, 3.7755012077868546, 2.4337581165760906, 1.3984848408188058, 0.0, 1.3794005872117063, 2.436641980267105, 3.518472226691579, 3.5745200223246756, 2.409642674754911, 2.8337818194067093, 4.061311828707567, 2.1494664314661907, 1.0845374912837267, 4.2063512680231545, 4.206304436200499, 3.918742672082463], [4.9952202804280805, 4.224110842532426, 2.7476629433029083, 2.377596351359919, 1.3794005872117063, 0.0, 1.3596268826409692, 2.1620570089616047, 2.273018691080212, 1.3764215415344239, 2.4074424229875158, 4.808656380944682, 3.364024990989217, 2.14822759734624, 2.9143897011209736, 2.914323333125547, 3.391588508354161], [6.293787696610047, 5.57485896772286, 4.098655126989828, 3.6679606799964475, 2.436641980267105, 1.3596268826409692, 0.0, 1.4433599169992217, 2.411775754501235, 2.2737826193372137, 3.5731046136378377, 6.165187177207194, 4.571725085785452, 2.7340200090708917, 2.072876207109339, 2.072802882572291, 4.422760085060007], [6.348579628546846, 5.884130938379941, 4.476753227507632, 4.483990417028118, 3.518472226691579, 2.1620570089616047, 1.4433599169992217, 0.0, 1.4425930333950738, 2.162342139902934, 3.51753769134035, 6.670468463309005, 5.510924079498827, 4.062176005541858, 1.096130129136135, 1.0960883997196575, 4.065172751556815], [5.183343291737486, 4.92263154623622, 3.6649441114429013, 4.109529182278671, 3.5745200223246756, 2.273018691080212, 2.411775754501235, 1.4425930333950738, 0.0, 1.3597338599887847, 2.43683265531304, 5.8441484940066335, 5.196071886531208, 4.420999721782393, 2.072400357073893, 2.0724139017097913, 2.7383659032349934], [4.204370203728496, 3.732785001845137, 2.3721414734370296, 2.7589876313604598, 2.409642674754911, 1.3764215415344239, 2.2737826193372137, 2.162342139902934, 1.3597338599887847, 0.0, 1.3778440622944237, 4.573860117012762, 3.846487740783792, 3.3916908128542613, 2.9147161319758053, 2.914672089618316, 2.14916402584819], [2.831938945316441, 2.4902204581120926, 1.3997912880140382, 2.446128796690804, 2.8337818194067093, 2.4074424229875158, 3.5731046136378377, 3.51753769134035, 2.43683265531304, 1.3778440622944237, 0.0, 3.4576043570657418, 3.431855640903329, 3.9181836008538444, 4.205671212779239, 4.2056572435233, 1.0850359671457903], [2.0293043783523457, 1.1028616141656216, 2.20272399996005, 2.665314439236016, 4.061311828707567, 4.808656380944682, 6.165187177207194, 6.670468463309005, 5.8441484940066335, 4.573860117012762, 3.4576043570657418, 0.0, 2.4171620404929413, 4.755785985512805, 7.359016258984621, 7.358973878197965, 3.817208333324237], [3.927855253188437, 2.7060522851563675, 2.1766617628837053, 1.0875001471264267, 2.1494664314661907, 3.364024990989217, 4.571725085785452, 5.510924079498827, 5.196071886531208, 3.846487740783792, 3.431855640903329, 2.4171620404929413, 0.0, 2.4933799289318106, 6.198578189391498, 6.198531249417075, 4.3398204144872174], [5.7522588102414165, 4.65676781684464, 3.4259952656126074, 2.170773498087721, 1.0845374912837267, 2.14822759734624, 2.7340200090708917, 4.062176005541858, 4.420999721782393, 3.3916908128542613, 3.9181836008538444, 4.755785985512805, 2.4933799289318106, 0.0, 4.667862695067197, 4.667805597922861, 5.003066419707019], [6.991387939458087, 6.56644471080051, 5.1856447911518195, 5.1924800567744125, 4.2063512680231545, 2.9143897011209736, 2.072876207109339, 1.096130129136135, 2.072400357073893, 2.9147161319758053, 4.205671212779239, 7.359016258984621, 6.198578189391498, 4.667862695067197, 0.0, 1.7817513687380737, 4.6713393603976145], [6.9913631532055325, 6.566413237072428, 5.1855966503383195, 5.192433498851959, 4.206304436200499, 2.914323333125547, 2.072802882572291, 1.0960883997196575, 2.0724139017097913, 2.914672089618316, 4.2056572435233, 7.358973878197965, 6.198531249417075, 4.667805597922861, 1.7817513687380737, 0.0, 4.671331568193378], [2.5713523562514724, 2.728462955585067, 2.1747911072100696, 3.4370945724550555, 3.918742672082463, 3.391588508354161, 4.422760085060007, 4.065172751556815, 2.7383659032349934, 2.14916402584819, 1.0850359671457903, 3.817208333324237, 4.3398204144872174, 5.003066419707019, 4.6713393603976145, 4.671331568193378, 0.0]]}