{"total energy": -25.31456912, "HOMO-LUMO gap/eV": 12.71973371, "electronic energy": -25.67880826, "dipole": [0.01065261, 0.01058043, -0.00631185], "partial charges": [-0.09816057, -0.05483013, -0.0178385, -0.05671395, -0.05282659, -0.05333734, -0.05281983, -0.05672712, 0.03285856, 0.03285902, 0.02896459, 0.02690262, 0.02689566, 0.0267694, 0.02424207, 0.03245062, 0.02670207, 0.02421898, 0.02888965, 0.02386754, 0.02421029, 0.0267138, 0.03247405, 0.02423514], "atomic dipole moments": [[-0.04398269, -0.08324095, 0.03874346], [-0.05265162, 0.09311073, -0.01529616], [0.03038398, 0.08285201, -0.03493243], [-0.04090922, -0.02419236, 0.10154972], [0.076643, 0.06586502, 0.04179642], [0.06618099, -0.08867992, 0.01018326], [0.0374196, 0.02019368, -0.10076071], [-0.07949773, -0.06895944, -0.03854165], [0.00170919, 0.0973537, 0.08015174], [-0.05054626, 0.03662444, -0.10959974], [0.11897107, -0.02437582, -0.02492763], [0.06428874, -0.03581177, 0.09692004], [0.01608772, -0.09185436, -0.07818459], [-0.03136235, -0.10806649, 0.04322843], [0.01286422, -0.08673012, -0.08695931], [0.02945064, 0.1065592, -0.05714122], [-0.04128922, -0.11100269, 0.03365665], [-0.06673153, 0.0298073, -0.0983362], [0.01905861, 0.11413659, -0.04177509], [-0.11806295, -0.00205268, 0.03315566], [-0.01666393, 0.08804351, 0.08354983], [-0.03512385, -0.10379454, 0.05613571], [0.03643078, 0.11466151, -0.03181765], [0.06481908, -0.02634645, 0.10176833]], "atomic quadrupole moments": [[-0.03960487, 0.10325962, 0.11520518, -0.05655063, -0.10525368, -0.07560031], [0.12223246, 0.07734662, 0.01715526, -0.11335571, -0.090671, -0.13938772], [0.0813706, -0.086008, -0.13887391, 0.03216121, 0.09955481, 0.05750331], [0.19208921, -0.04819862, -0.20686085, 0.04223406, -0.04127091, 0.01477164], [0.09407674, -0.04751132, -0.07372204, -0.10677843, 0.15958404, -0.02035471], [-0.08938014, -0.07243546, -0.06380762, 0.10784649, 0.11017951, 0.15318776], [0.18695657, -0.04915815, -0.20308563, 0.06701404, -0.03664136, 0.01612906], [0.11686637, -0.03599149, -0.07668995, -0.10198767, 0.15330538, -0.04017641], [-0.04876614, -0.00493177, 0.02376825, -0.01770488, 0.05545641, 0.02499789], [-0.00759251, -0.00363374, -0.02892774, 0.05866462, -0.02501027, 0.03652025], [0.0695804, -0.03004026, -0.02137565, -0.02496522, -0.0028004, -0.04820475], [-5.37e-05, 0.00941964, -0.03765784, 0.03192197, -0.02393001, 0.03771153], [-0.02444351, 0.01563148, 0.00978577, -0.01555429, 0.04647267, 0.01465774], [-0.0107249, 0.0153891, 0.01991093, -0.00637001, -0.01573486, -0.00918603], [-0.02133215, -0.0121055, 0.02169924, -0.00285693, 0.04635478, -0.00036708], [-0.00547171, 0.02490851, 0.04180422, 0.00037233, -0.02907255, -0.0363325], [-0.02439449, 0.00978807, 0.04381777, -0.02672287, -0.02718662, -0.01942329], [-0.00700731, -0.02151995, -0.02517169, 0.03133297, -0.02125822, 0.03217899], [-0.03825304, 0.03263991, 0.03790443, -0.0020549, -0.02361136, 0.00034861], [0.05130721, 0.01175247, -0.03664137, -0.02353924, 0.00192258, -0.01466584], [-0.02173507, -0.00994321, 0.02164202, 0.00016485, 0.04675689, 9.305e-05], [-0.00639075, 0.01915199, 0.04128513, 0.00389051, -0.03365833, -0.03489438], [-0.02201793, 0.01352075, 0.03769691, -0.02682141, -0.03221231, -0.01567897], [-0.00381464, -0.02194163, -0.02486446, 0.0329286, -0.02171207, 0.02867909]], "number of molecular orbitals": 48, "number of electrons": 48, "number of unpaired electrons": 0, "orbital energies/eV": [-17.09606259, -16.72424978, -16.4349481, -16.20935838, -15.60879945, -15.3936064, -15.03134303, -14.68127819, -13.9577183, -13.65871604, -13.58004618, -13.41998479, -13.3870018, -12.75065302, -12.60709388, -12.56054283, -12.48892908, -11.97948891, -11.91377881, -11.58693271, -11.51535467, -11.18152273, -11.05581662, -11.02818812, 1.69154559, 2.2163584, 2.31761722, 2.79282367, 2.94012547, 2.97792936, 3.50323832, 3.73634322, 4.052483, 4.19503874, 4.51456081, 4.90477924, 5.16964411, 5.39112058, 5.81134543, 5.9611697, 6.30923349, 6.73374775, 7.05440058, 7.77652436, 7.91999003, 8.09000795, 8.11745349, 8.31220462], "fractional occupation": [2.0, 2.0, 2.0, 2.0, 2.0, 2.0, 2.0, 2.0, 2.0, 2.0, 2.0, 2.0, 2.0, 2.0, 2.0, 2.0, 2.0, 2.0, 2.0, 2.0, 2.0, 2.0, 2.0, 2.0, 0.0, 0.0, 0.0, 0.0, 0.0, 0.0, 0.0, 0.0, 0.0, 0.0, 0.0, 0.0, 0.0, 0.0, 0.0, 0.0, 0.0, 0.0, 0.0, 0.0, 0.0, 0.0, 0.0, 0.0], "program call": "xtb /home/svss/Project-DBcg-Debug/aqme2_20220329/End-to-End-workflows-final/example-3/QDESCP/mol_948_rdkit_conf_2/mol_948_rdkit_conf_2.xyz --pop --wbo --acc 0.2 --gfn 2 --chrg 0 --uhf 0 --etemp 300 --input /home/svss/Project-DBcg-Debug/aqme2_20220329/End-to-End-workflows-final/example-3/QDESCP/mol_948_rdkit_conf_2/mol_948_rdkit_conf_2_xtb.inp", "method": "GFN2-xTB", "xtb version": "6.3.3 (7355c4f)", "Dipole module/D": 0.041, "Total charge": 0, "Transition dipole module/D": NaN, "HOMO": -11.0282, "LUMO": 1.6915, "HOMO occupancy": 2.0, "LUMO occupancy": 0, "mulliken charges": [-0.08487, -0.04493, -0.01366, -0.05179, -0.04411, -0.04584, -0.04411, -0.0518, 0.02687, 0.02687, 0.02785, 0.02342, 0.02342, 0.0204, 0.02403, 0.0234, 0.0218, 0.02383, 0.02241, 0.02373, 0.02382, 0.0218, 0.02342, 0.02403], "cm5 charges": [-0.23556, -0.1552, -0.08319, -0.15959, -0.15379, -0.1554, -0.15378, -0.1596, 0.07876, 0.07876, 0.07862, 0.07819, 0.07818, 0.07978, 0.07897, 0.07997, 0.0771, 0.07804, 0.07771, 0.07795, 0.07803, 0.07711, 0.08, 0.07896], "FUKUI+": [0.026, -0.027, -0.041, -0.001, 0.003, 0.02, 0.003, -0.001, -0.028, -0.028, -0.06, -0.064, -0.064, -0.078, -0.058, -0.065, -0.06, -0.073, -0.065, -0.08, -0.073, -0.06, -0.065, -0.058], "FUKUI-": [0.019, 0.01, -0.014, 0.004, 0.006, 0.005, 0.006, 0.004, -0.053, -0.053, -0.064, -0.076, -0.076, -0.055, -0.07, -0.056, -0.062, -0.089, -0.053, -0.059, -0.089, -0.062, -0.056, -0.07], "FUKUIrad": [0.023, -0.008, -0.027, 0.001, 0.004, 0.013, 0.004, 0.001, -0.041, -0.041, -0.062, -0.07, -0.07, -0.067, -0.064, -0.06, -0.061, -0.081, -0.059, -0.069, -0.081, -0.061, -0.06, -0.064], "s proportion": [1.006, 1.031, 1.058, 1.032, 1.028, 1.028, 1.028, 1.032, 0.973, 0.973, 0.972, 0.977, 0.977, 0.98, 0.976, 0.977, 0.978, 0.976, 0.978, 0.976, 0.976, 0.978, 0.977, 0.976], "p proportion": [3.079, 3.014, 2.956, 3.02, 3.016, 3.018, 3.016, 3.02, 0.0, 0.0, 0.0, 0.0, 0.0, 0.0, 0.0, 0.0, 0.0, 0.0, 0.0, 0.0, 0.0, 0.0, 0.0, 0.0], "d proportion": [0.0, 0.0, 0.0, 0.0, 0.0, 0.0, 0.0, 0.0, 0.0, 0.0, 0.0, 0.0, 0.0, 0.0, 0.0, 0.0, 0.0, 0.0, 0.0, 0.0, 0.0, 0.0, 0.0, 0.0], "Fermi-level/eV": -4.6683, "Coordination numbers": [3.748, 3.799, 3.85, 3.803, 3.802, 3.803, 3.802, 3.803, 0.924, 0.924, 0.924, 0.924, 0.924, 0.923, 0.924, 0.924, 0.924, 0.924, 0.924, 0.924, 0.924, 0.924, 0.924, 0.924], "Dispersion coefficient C6": [22.441, 21.561, 20.858, 21.592, 21.521, 21.53, 21.521, 21.592, 2.546, 2.546, 2.601, 2.631, 2.631, 2.633, 2.67, 2.552, 2.634, 2.67, 2.602, 2.676, 2.67, 2.634, 2.552, 2.67], "Total dispersion C6": 3963.874313, "Total dispersion C8": 83800.882692, "Polarizability alpha": [6.757, 6.611, 6.496, 6.615, 6.605, 6.606, 6.605, 6.616, 2.495, 2.495, 2.522, 2.537, 2.537, 2.538, 2.555, 2.498, 2.538, 2.555, 2.523, 2.558, 2.556, 2.538, 2.498, 2.555], "Total polarizability alpha": 93.409284, "Wiberg matrix": [[0.0, 1.0210200513530783, 0.0, 0.0, 0.0, 0.0, 0.0, 0.0, 0.9855658787043187, 0.9855650944504204, 0.9868404267257144, 0.0, 0.0, 0.0, 0.0, 0.0, 0.0, 0.0, 0.0, 0.0, 0.0, 0.0, 0.0, 0.0], [1.0210200513530783, 0.0, 0.9937494016328031, 0.0, 0.0, 0.0, 0.0, 0.0, 0.0, 0.0, 0.0, 0.9773886396719195, 0.9773854788454428, 0.0, 0.0, 0.0, 0.0, 0.0, 0.0, 0.0, 0.0, 0.0, 0.0, 0.0], [0.0, 0.9937494016328031, 0.0, 0.997566428851319, 0.0, 0.0, 0.0, 0.9975153401787645, 0.0, 0.0, 0.0, 0.0, 0.0, 0.9674790009656286, 0.0, 0.0, 0.0, 0.0, 0.0, 0.0, 0.0, 0.0, 0.0, 0.0], [0.0, 0.0, 0.997566428851319, 0.0, 1.0075948273121742, 0.0, 0.0, 0.0, 0.0, 0.0, 0.0, 0.0, 0.0, 0.0, 0.9771061525940076, 0.9749190759305366, 0.0, 0.0, 0.0, 0.0, 0.0, 0.0, 0.0, 0.0], [0.0, 0.0, 0.0, 1.0075948273121742, 0.0, 1.0089619399921068, 0.0, 0.0, 0.0, 0.0, 0.0, 0.0, 0.0, 0.0, 0.0, 0.0, 0.9781394694241783, 0.9775496386821096, 0.0, 0.0, 0.0, 0.0, 0.0, 0.0], [0.0, 0.0, 0.0, 0.0, 1.0089619399921068, 0.0, 1.008962654813542, 0.0, 0.0, 0.0, 0.0, 0.0, 0.0, 0.0, 0.0, 0.0, 0.0, 0.0, 0.9780039164967758, 0.977574510574924, 0.0, 0.0, 0.0, 0.0], [0.0, 0.0, 0.0, 0.0, 0.0, 1.008962654813542, 0.0, 1.0076154788213831, 0.0, 0.0, 0.0, 0.0, 0.0, 0.0, 0.0, 0.0, 0.0, 0.0, 0.0, 0.0, 0.9775416687782582, 0.9781388363938816, 0.0, 0.0], [0.0, 0.0, 0.9975153401787645, 0.0, 0.0, 0.0, 1.0076154788213831, 0.0, 0.0, 0.0, 0.0, 0.0, 0.0, 0.0, 0.0, 0.0, 0.0, 0.0, 0.0, 0.0, 0.0, 0.0, 0.9749285728669478, 0.9771122946413364], [0.9855658787043187, 0.0, 0.0, 0.0, 0.0, 0.0, 0.0, 0.0, 0.0, 0.0, 0.0, 0.0, 0.0, 0.0, 0.0, 0.0, 0.0, 0.0, 0.0, 0.0, 0.0, 0.0, 0.0, 0.0], [0.9855650944504204, 0.0, 0.0, 0.0, 0.0, 0.0, 0.0, 0.0, 0.0, 0.0, 0.0, 0.0, 0.0, 0.0, 0.0, 0.0, 0.0, 0.0, 0.0, 0.0, 0.0, 0.0, 0.0, 0.0], [0.9868404267257144, 0.0, 0.0, 0.0, 0.0, 0.0, 0.0, 0.0, 0.0, 0.0, 0.0, 0.0, 0.0, 0.0, 0.0, 0.0, 0.0, 0.0, 0.0, 0.0, 0.0, 0.0, 0.0, 0.0], [0.0, 0.9773886396719195, 0.0, 0.0, 0.0, 0.0, 0.0, 0.0, 0.0, 0.0, 0.0, 0.0, 0.0, 0.0, 0.0, 0.0, 0.0, 0.0, 0.0, 0.0, 0.0, 0.0, 0.0, 0.0], [0.0, 0.9773854788454428, 0.0, 0.0, 0.0, 0.0, 0.0, 0.0, 0.0, 0.0, 0.0, 0.0, 0.0, 0.0, 0.0, 0.0, 0.0, 0.0, 0.0, 0.0, 0.0, 0.0, 0.0, 0.0], [0.0, 0.0, 0.9674790009656286, 0.0, 0.0, 0.0, 0.0, 0.0, 0.0, 0.0, 0.0, 0.0, 0.0, 0.0, 0.0, 0.0, 0.0, 0.0, 0.0, 0.0, 0.0, 0.0, 0.0, 0.0], [0.0, 0.0, 0.0, 0.9771061525940076, 0.0, 0.0, 0.0, 0.0, 0.0, 0.0, 0.0, 0.0, 0.0, 0.0, 0.0, 0.0, 0.0, 0.0, 0.0, 0.0, 0.0, 0.0, 0.0, 0.0], [0.0, 0.0, 0.0, 0.9749190759305366, 0.0, 0.0, 0.0, 0.0, 0.0, 0.0, 0.0, 0.0, 0.0, 0.0, 0.0, 0.0, 0.0, 0.0, 0.0, 0.0, 0.0, 0.0, 0.0, 0.0], [0.0, 0.0, 0.0, 0.0, 0.9781394694241783, 0.0, 0.0, 0.0, 0.0, 0.0, 0.0, 0.0, 0.0, 0.0, 0.0, 0.0, 0.0, 0.0, 0.0, 0.0, 0.0, 0.0, 0.0, 0.0], [0.0, 0.0, 0.0, 0.0, 0.9775496386821096, 0.0, 0.0, 0.0, 0.0, 0.0, 0.0, 0.0, 0.0, 0.0, 0.0, 0.0, 0.0, 0.0, 0.0, 0.0, 0.0, 0.0, 0.0, 0.0], [0.0, 0.0, 0.0, 0.0, 0.0, 0.9780039164967758, 0.0, 0.0, 0.0, 0.0, 0.0, 0.0, 0.0, 0.0, 0.0, 0.0, 0.0, 0.0, 0.0, 0.0, 0.0, 0.0, 0.0, 0.0], [0.0, 0.0, 0.0, 0.0, 0.0, 0.977574510574924, 0.0, 0.0, 0.0, 0.0, 0.0, 0.0, 0.0, 0.0, 0.0, 0.0, 0.0, 0.0, 0.0, 0.0, 0.0, 0.0, 0.0, 0.0], [0.0, 0.0, 0.0, 0.0, 0.0, 0.0, 0.9775416687782582, 0.0, 0.0, 0.0, 0.0, 0.0, 0.0, 0.0, 0.0, 0.0, 0.0, 0.0, 0.0, 0.0, 0.0, 0.0, 0.0, 0.0], [0.0, 0.0, 0.0, 0.0, 0.0, 0.0, 0.9781388363938816, 0.0, 0.0, 0.0, 0.0, 0.0, 0.0, 0.0, 0.0, 0.0, 0.0, 0.0, 0.0, 0.0, 0.0, 0.0, 0.0, 0.0], [0.0, 0.0, 0.0, 0.0, 0.0, 0.0, 0.0, 0.9749285728669478, 0.0, 0.0, 0.0, 0.0, 0.0, 0.0, 0.0, 0.0, 0.0, 0.0, 0.0, 0.0, 0.0, 0.0, 0.0, 0.0], [0.0, 0.0, 0.0, 0.0, 0.0, 0.0, 0.0, 0.9771122946413364, 0.0, 0.0, 0.0, 0.0, 0.0, 0.0, 0.0, 0.0, 0.0, 0.0, 0.0, 0.0, 0.0, 0.0, 0.0, 0.0]], "Born radii": [], "Atomic SASAs": [], "Solvent H bonds": [], "Total SASA": NaN, "Total FOD": 0.0, "FOD": [0.0, 0.0, 0.0, 0.0, 0.0, 0.0, 0.0, 0.0, 0.0, 0.0, 0.0, 0.0, 0.0, 0.0, 0.0, 0.0, 0.0, 0.0, 0.0, 0.0, 0.0, 0.0, 0.0, 0.0], "FOD s proportion": [0.0, 0.0, 0.0, 0.0, 0.0, 0.0, 0.0, 0.0, 0.0, 0.0, 0.0, 0.0, 0.0, 0.0, 0.0, 0.0, 0.0, 0.0, 0.0, 0.0, 0.0, 0.0, 0.0, 0.0], "FOD p proportion": [0.0, 0.0, 0.0, 0.0, 0.0, 0.0, 0.0, 0.0, 0.0, 0.0, 0.0, 0.0, 0.0, 0.0, 0.0, 0.0, 0.0, 0.0, 0.0, 0.0, 0.0, 0.0, 0.0, 0.0], "FOD d proportion": [0.0, 0.0, 0.0, 0.0, 0.0, 0.0, 0.0, 0.0, 0.0, 0.0, 0.0, 0.0, 0.0, 0.0, 0.0, 0.0, 0.0, 0.0, 0.0, 0.0, 0.0, 0.0, 0.0, 0.0], "coordinates": [["2.58390", "0.40480", "-0.84090"], ["1.91740", "-0.83480", "-0.26060"], ["0.42810", "-0.68730", "0.10210"], ["-0.45150", "-0.38880", "-1.12180"], ["-1.92930", "-0.31040", "-0.74020"], ["-2.17020", "0.70740", "0.37100"], ["-1.28880", "0.43430", "1.58640"], ["0.18890", "0.35600", "1.20460"], ["2.56090", "1.24250", "-0.13850"], ["2.11030", "0.71860", "-1.77520"], ["3.63500", "0.19050", "-1.06160"], ["2.47130", "-1.13810", "0.63660"], ["2.02620", "-1.65570", "-0.98040"], ["0.11190", "-1.66200", "0.50120"], ["-0.31500", "-1.16830", "-1.88050"], ["-0.15810", "0.56220", "-1.58170"], ["-2.27440", "-1.29850", "-0.41180"], ["-2.52320", "-0.04150", "-1.62100"], ["-1.96470", "1.71600", "-0.00840"], ["-3.22480", "0.68680", "0.66790"], ["-1.43500", "1.22390", "2.33210"], ["-1.59520", "-0.50870", "2.05550"], ["0.51720", "1.34750", "0.87150"], ["0.77900", "0.10380", "2.09350"]], "bond_dist": [[0.0, 1.522359517328282, 2.594109683494512, 3.1499776078569193, 4.570626408929086, 4.915458796490923, 4.570608365414827, 3.149996299997827, 1.0934514392509618, 1.0934733147178306, 1.0951913942320766, 2.139211401428106, 2.1391937242802483, 3.490512662919302, 3.4581834798055464, 2.844665780017048, 5.166085228681385, 5.185577124101039, 4.8064606156713685, 6.008077656788401, 5.1855964960648455, 5.166090593475882, 2.8446873184938974, 3.4581741381833275], [1.522359517328282, 0.0, 1.5399097473553442, 2.5597399574956827, 3.911791457887294, 4.414269266820954, 3.91174414424052, 2.559790602764218, 2.178112933252085, 2.1781357005476036, 2.154760044645343, 1.0971617656480743, 1.097190179503991, 2.127070598264195, 2.7782922848397362, 2.8292427361398316, 4.220078953052893, 4.711575257809218, 4.651976557335602, 5.44238914907782, 4.711573488761478, 4.220073361921568, 2.829247910664599, 2.7782568869706776], [2.594109683494512, 1.5399097473553442, 0.0, 1.5364666023054325, 2.531572171596141, 2.9611920218047327, 2.531576319212992, 1.536618944305972, 2.8863215759856002, 2.886279082140187, 3.5226322743085174, 2.1595316922888625, 2.1595204143512974, 1.0996832907705745, 2.1712349872825834, 2.1771686039441227, 2.8180072569104575, 3.4779739705753983, 3.3931626810396223, 3.9435971979906874, 3.478034940882567, 2.818051172352979, 2.177229021026497, 2.1713230943367225], [3.1499776078569193, 2.5597399574956827, 1.5364666023054325, 0.0, 1.5282859549181231, 2.5266649896652305, 2.951764241940741, 2.525267542261611, 3.5640668259728243, 2.866371497206878, 4.127795389793443, 3.4923030925164555, 2.7864003409416958, 2.1383607740510016, 1.09630205235601, 1.09635421739509, 2.1574564885531293, 2.159110654876215, 2.8212792913853812, 3.471474375535559, 3.9366862651219745, 3.3790029579744374, 2.8153795960758115, 3.4777778968761073], [4.570626408929086, 3.911791457887294, 2.531572171596141, 1.5282859549181231, 0.0, 1.5260128079410082, 2.52544766328665, 2.9517972897880367, 4.789095670374523, 4.295164043433033, 5.596037281862943, 4.684650028550692, 4.18491438144199, 2.7448850540596412, 2.1545860368061427, 2.146323006912054, 1.0969421953776781, 1.0958252871694467, 2.1547810468815616, 2.1576546757996287, 3.469500867560059, 2.8225669504902804, 3.3662399721350824, 3.9416121346474466], [4.915458796490923, 4.414269266820954, 2.9611920218047327, 2.5266649896652305, 1.5260128079410082, 0.0, 1.5259904095373602, 2.5266031999504786, 4.788447501017422, 4.788421465368311, 6.001656055623314, 5.001993188719872, 5.002029241218008, 3.292261959504437, 3.4683237709302746, 2.8076087227389785, 2.15575237214296, 2.157202867140687, 1.097018035403247, 1.0957897289170038, 2.157128762962471, 2.155705095786527, 2.8075517840282127, 3.468302156675511], [4.570608365414827, 3.91174414424052, 2.531576319212992, 2.951764241940741, 2.52544766328665, 1.5259904095373602, 0.0, 1.5282340854725105, 4.295190023735854, 4.789056468658519, 5.595994002855972, 4.184843343543459, 4.684633095558285, 2.7448302716197226, 3.941574407517889, 3.366258829917866, 2.8225531775327104, 3.469516358226316, 2.1547581627644434, 2.1576594958426596, 1.0958608898943332, 1.096897793780259, 2.1463113124614517, 2.1545713030670397], [3.149996299997827, 2.559790602764218, 1.536618944305972, 2.525267542261611, 2.9517972897880367, 2.5266031999504786, 1.5282340854725105, 0.0, 2.866388644269999, 3.5640517336312616, 4.127790922515335, 2.786450891367009, 3.4923964809282464, 2.138463130381256, 3.477822265441407, 2.815385431872517, 3.379048105606074, 3.936687442507977, 2.821163228173797, 3.471429564314967, 2.1590641190108277, 2.157486896831589, 1.0962703817945643, 1.096342127257728], [1.0934514392509618, 2.178112933252085, 2.8863215759856002, 3.5640668259728243, 4.789095670374523, 4.788447501017422, 4.295190023735854, 2.866388644269999, 0.0, 1.7765974389264438, 1.7642302627491682, 2.505207482425358, 3.06500618922703, 3.8526532857240086, 4.13730847895102, 3.1525537790813343, 5.469140698501, 5.449269222565536, 4.5521625212639325, 5.86799863156085, 4.698023747279275, 5.0153269733886745, 2.2820680730425202, 3.074675478810732], [1.0934733147178306, 2.1781357005476036, 2.886279082140187, 2.866371497206878, 4.295164043433033, 4.788421465368311, 4.789056468658519, 3.5640517336312616, 1.7765974389264438, 0.0, 1.7643198859617264, 3.0650342787642684, 2.505210637850638, 3.852642713774533, 3.0746641751579955, 2.2820038935111397, 5.015291223847326, 4.697962526457613, 4.552143890520158, 5.867967353351585, 5.449256230899773, 5.469118578893678, 3.152539247971387, 4.137291193522642], [1.0951913942320766, 2.154760044645343, 3.5226322743085174, 4.127795389793443, 5.596037281862943, 6.001656055623314, 5.595994002855972, 4.127790922515335, 1.7642302627491682, 1.7643198859617264, 0.0, 2.450154870615325, 2.4501602641460005, 4.276252296111632, 4.25669292409025, 3.8465923243827125, 6.128651515627234, 6.187905913958291, 5.898560890590178, 7.091850250816074, 6.187892634007155, 6.1286364788588985, 3.846583087624652, 4.256631167954302], [2.139211401428106, 1.0971617656480743, 2.1595316922888625, 3.4923030925164555, 4.684650028550692, 5.001993188719872, 4.184843343543459, 2.786450891367009, 2.505207482425358, 3.0650342787642684, 2.450154870615325, 0.0, 1.7551959349314823, 2.4206554339682462, 3.7550195924921614, 3.837397469640069, 4.862770733851226, 5.589661847553929, 5.314132837067587, 5.981370654791425, 4.869593816736669, 4.35268237067673, 3.1704719175542304, 2.5551423658966637], [2.1391937242802483, 1.097190179503991, 2.1595204143512974, 2.7864003409416958, 4.18491438144199, 5.002029241218008, 4.684633095558285, 3.4923964809282464, 3.06500618922703, 2.505210637850638, 2.4501602641460005, 1.7551959349314823, 0.0, 2.4206864191794857, 2.5551822263783848, 3.170458734946727, 4.352706992206113, 4.869604743713806, 5.314172343836808, 5.981404529038309, 5.5896921069053525, 4.862801226659383, 3.83742424680931, 3.7550245405323253], [3.490512662919302, 2.127070598264195, 1.0996832907705745, 2.1383607740510016, 2.7448850540596412, 3.292261959504437, 2.7448302716197226, 2.138463130381256, 3.8526532857240086, 3.852642713774533, 4.276252296111632, 2.4206554339682462, 2.4206864191794857, 0.0, 2.4695097063992275, 3.0591564278408514, 2.580722561609442, 3.751467059698112, 3.997854889812786, 4.083897307719674, 3.7514681432740433, 2.5807246637330374, 3.059163354579157, 2.4695123688696117], [3.4581834798055464, 2.7782922848397362, 2.1712349872825834, 1.09630205235601, 2.1545860368061427, 3.4683237709302746, 3.941574407517889, 3.477822265441407, 4.13730847895102, 3.0746641751579955, 4.25669292409025, 3.7550195924921614, 2.5551822263783848, 2.4695097063992275, 0.0, 1.7631021808165288, 2.4521990314817432, 2.4926222597898784, 3.8138504152627695, 4.289833867412583, 4.972224813903732, 4.1911907854451105, 3.8203809338860437, 4.313670178629795], [2.844665780017048, 2.8292427361398316, 2.1771686039441227, 1.09635421739509, 2.146323006912054, 2.8076087227389785, 3.366258829917866, 2.815385431872517, 3.1525537790813343, 2.2820038935111397, 3.8465923243827125, 3.837397469640069, 3.170458734946727, 3.0591564278408514, 1.7631021808165288, 0.0, 3.0511630880698593, 2.441248899641329, 2.6590093813298217, 3.8053743849981436, 4.169670363469995, 4.054788164627099, 2.6628774699561375, 3.8203902955064684], [5.166085228681385, 4.220078953052893, 2.8180072569104575, 2.1574564885531293, 1.0969421953776781, 2.15575237214296, 2.8225531775327104, 3.379048105606074, 5.469140698501, 5.015291223847326, 6.128651515627234, 4.862770733851226, 4.352706992206113, 2.580722561609442, 2.4521990314817432, 3.0511630880698593, 0.0, 1.7618499028010302, 3.057099262372748, 2.45161749463492, 3.8204818190903618, 2.678183333903786, 4.054775634976614, 4.191208052578635], [5.185577124101039, 4.711575257809218, 3.4779739705753983, 2.159110654876215, 1.0958252871694467, 2.157202867140687, 3.469516358226316, 3.936687442507977, 5.449269222565536, 4.697962526457613, 6.187905913958291, 5.589661847553929, 4.869604743713806, 3.751467059698112, 2.4926222597898784, 2.441248899641329, 1.7618499028010302, 0.0, 2.449736161303907, 2.5023442329144086, 4.290969122471053, 3.820485844758491, 4.169641400648262, 4.972237643154237], [4.8064606156713685, 4.651976557335602, 3.3931626810396223, 2.8212792913853812, 2.1547810468815616, 1.097018035403247, 2.1547581627644434, 2.821163228173797, 4.5521625212639325, 4.552143890520158, 5.898560890590178, 5.314132837067587, 5.314172343836808, 3.997854889812786, 3.8138504152627695, 2.6590093813298217, 3.057099262372748, 2.449736161303907, 0.0, 1.7619552604989719, 2.4496295128039263, 3.0570416336713504, 2.658917800534646, 3.8137989118462974], [6.008077656788401, 5.44238914907782, 3.9435971979906874, 3.471474375535559, 2.1576546757996287, 1.0957897289170038, 2.1576594958426596, 3.471429564314967, 5.86799863156085, 5.867967353351585, 7.091850250816074, 5.981370654791425, 5.981404529038309, 4.083897307719674, 4.289833867412583, 3.8053743849981436, 2.45161749463492, 2.5023442329144086, 1.7619552604989719, 0.0, 2.5022833752395033, 2.4515811571310464, 3.8053306623735077, 4.289829693589246], [5.1855964960648455, 4.711573488761478, 3.478034940882567, 3.9366862651219745, 3.469500867560059, 2.157128762962471, 1.0958608898943332, 2.1590641190108277, 4.698023747279275, 5.449256230899773, 6.187892634007155, 4.869593816736669, 5.5896921069053525, 3.7514681432740433, 4.972224813903732, 4.169670363469995, 3.8204818190903618, 4.290969122471053, 2.4496295128039263, 2.5022833752395033, 0.0, 1.7618383467276448, 2.441252580131765, 2.492659216579755], [5.166090593475882, 4.220073361921568, 2.818051172352979, 3.3790029579744374, 2.8225669504902804, 2.155705095786527, 1.096897793780259, 2.157486896831589, 5.0153269733886745, 5.469118578893678, 6.1286364788588985, 4.35268237067673, 4.862801226659383, 2.5807246637330374, 4.1911907854451105, 4.054788164627099, 2.678183333903786, 3.820485844758491, 3.0570416336713504, 2.4515811571310464, 1.7618383467276448, 0.0, 3.051158501290944, 2.4522287597204304], [2.8446873184938974, 2.829247910664599, 2.177229021026497, 2.8153795960758115, 3.3662399721350824, 2.8075517840282127, 2.1463113124614517, 1.0962703817945643, 2.2820680730425202, 3.152539247971387, 3.846583087624652, 3.1704719175542304, 3.83742424680931, 3.059163354579157, 3.8203809338860437, 2.6628774699561375, 4.054775634976614, 4.169641400648262, 2.658917800534646, 3.8053306623735077, 2.441252580131765, 3.051158501290944, 0.0, 1.7631258973765882], [3.4581741381833275, 2.7782568869706776, 2.1713230943367225, 3.4777778968761073, 3.9416121346474466, 3.468302156675511, 2.1545713030670397, 1.096342127257728, 3.074675478810732, 4.137291193522642, 4.256631167954302, 2.5551423658966637, 3.7550245405323253, 2.4695123688696117, 4.313670178629795, 3.8203902955064684, 4.191208052578635, 4.972237643154237, 3.8137989118462974, 4.289829693589246, 2.492659216579755, 2.4522287597204304, 1.7631258973765882, 0.0]]}