{"total energy": -54.53561455, "HOMO-LUMO gap/eV": 3.26881382, "electronic energy": -55.11741245, "dipole": [-0.85353902, 0.32249649, 0.57183266], "partial charges": [-0.10806064, 0.12939643, -0.2593662, 0.40124733, -0.39018136, -0.08327075, 0.26765444, -0.37635554, 0.08177609, -0.05913777, 0.10361976, -0.13264474, -0.05124086, 0.10279758, -0.13449424, -0.05789169, -0.04074593, -0.07921665, 0.05510952, 0.07289434, 0.07274664, 0.1037202, 0.08557816, 0.10274145, 0.06522173, 0.06558595, 0.06251676], "atomic dipole moments": [[0.09837672, 0.10304741, -0.07367268], [0.06100164, -0.08917114, -0.16888432], [0.15855284, 0.02929372, 0.16203324], [-0.08670998, 0.05967438, 0.12176526], [-0.06996546, 0.07010613, 0.17735164], [-0.00577662, -0.00457167, -0.01644424], [0.06654182, -0.03223419, -0.06588173], [-0.03808348, -0.04907637, -0.17450898], [-0.2153289, 0.01991975, -0.02323044], [0.0191158, 0.00310802, 0.07750098], [0.12832359, -0.04180394, -0.18300487], [-0.00915899, -0.01044619, -0.03231301], [-0.04995839, 0.00443497, -0.00623376], [0.09567386, 0.02136006, 0.20582751], [-0.00274916, 0.0102854, 0.02213498], [0.03497689, -0.00865719, -0.07384195], [0.08517344, -0.19057504, 0.04565938], [-0.01576826, 0.0356867, -0.03766432], [0.04908594, -0.12150223, -0.00022669], [-0.022721, 0.02815871, 0.12852763], [-0.11751989, -0.01893261, -0.05775785], [-0.04822683, -0.01405142, -0.1510693], [0.15586768, -0.01427013, 0.01600157], [-0.07401559, 0.02582707, 0.13748465], [-0.02271076, 0.07265071, 0.13162967], [0.01299474, -0.05499735, -0.14600207], [-0.05843536, 0.13980055, 0.02367869]], "atomic quadrupole moments": [[-0.00080525, 0.16072636, 0.04949453, -0.13332448, -0.13146043, -0.04868928], [-0.119357, -0.00970949, -0.21110182, -0.0592027, 0.17455903, 0.33045882], [-0.0110828, -0.02570974, -0.07563207, -0.03872758, 0.06219361, 0.08671487], [-0.06707594, 0.0404867, 0.28568099, -0.06932647, -0.19829053, -0.21860505], [-0.08687099, 0.02577702, 0.14391499, -0.03485395, -0.07708523, -0.057044], [-0.03077275, 0.00338532, -0.00743899, 0.00188276, 0.01255093, 0.03821174], [-0.23778852, 0.07923315, 0.39886047, -0.03002724, -0.20899527, -0.16107195], [-0.11022845, 0.04179107, 0.18036468, 0.00226917, -0.0944362, -0.07013624], [0.00022871, 0.04192446, 0.34757525, 0.02254576, -0.10938661, -0.34780396], [-0.21737234, 0.08448724, 0.46933096, 0.00592003, -0.1022075, -0.25195862], [-0.27045232, 0.01871513, 0.29568766, -0.27399737, -0.02041842, -0.02523534], [-0.01896148, -0.06729954, -0.18619585, -0.32291192, 0.09478335, 0.20515733], [-0.27689006, 0.07902761, 0.46102282, -0.01945106, -0.1011269, -0.18413276], [-0.35383194, 0.10130879, 0.2798404, 0.19647044, -0.0555424, 0.07399154], [-0.12498241, 0.03012718, -0.2037228, 0.26539861, 0.0505914, 0.32870522], [-0.214156, 0.06421663, 0.46774511, -0.02009803, -0.10349019, -0.25358912], [0.42438639, 0.21976377, 0.0070209, -0.08700729, 0.06175945, -0.43140729], [0.53016164, 0.3780948, -0.18279225, -0.06597395, 0.00685077, -0.34736939], [0.00269521, -0.05167338, 0.04482758, -0.00997209, 0.00334201, -0.04752279], [-0.04304836, 0.00066576, -0.02136417, -0.01512484, 0.04035486, 0.06441253], [0.04745231, -0.0005914, -0.0365322, 0.0534348, -0.01064174, -0.01092011], [0.0457736, -0.00807928, -0.05359735, 0.00960128, 0.00913784, 0.00782374], [0.0246229, -0.00844036, -0.05223512, 0.00099481, 0.0125442, 0.02761223], [0.04712087, -0.01231262, -0.05391836, -0.00016487, 0.00977073, 0.00679749], [-0.04995707, -0.03403649, 0.00934822, 0.00967443, -0.01254677, 0.04060885], [-0.04397594, -0.02757069, 0.00832501, -0.0011019, 0.01136235, 0.03565092], [-0.04687459, -0.04026208, 0.026728, 0.00497678, 0.0003859, 0.02014659]], "number of molecular orbitals": 91, "number of electrons": 94, "number of unpaired electrons": 0, "orbital energies/eV": [-29.10014431, -29.07078008, -21.28595155, -20.55467312, -20.36898977, -19.97021458, -19.09794592, -19.04532688, -18.68783767, -18.36187639, -17.87129747, -17.82314104, -17.80247549, -17.41035793, -17.13967356, -16.86465913, -16.6303723, -16.24040389, -15.98647457, -15.7687839, -15.66472454, -15.43035377, -15.12168701, -15.0600522, -14.91602275, -14.84293021, -14.67116045, -14.52887808, -14.34020336, -14.05866058, -13.98173712, -13.74751323, -13.65107352, -13.46022286, -13.27656824, -13.2002548, -13.02153698, -12.99266966, -12.58369689, -12.44840008, -12.18320381, -12.10534488, -11.91909497, -11.75854525, -11.651723, -11.52024065, -11.28634843, -8.01753461, -7.5090857, -7.27067706, -6.67034126, -5.84519617, -4.64350825, -3.84372654, -3.79430986, -1.7524411, -0.3891758, 0.01988535, 0.04662459, 0.11814287, 0.12109988, 0.1453392, 0.14852941, 0.4285894, 0.546867, 0.7492923, 2.21059145, 2.55136755, 2.73782425, 3.18089471, 3.40087882, 3.42083036, 3.74103812, 3.89274757, 3.96181839, 4.26878662, 4.35729801, 4.76823907, 5.30216418, 5.55088701, 7.57796002, 8.71723133, 9.52433236, 10.10843806, 10.87457805, 10.93551347, 14.20108132, 15.03274781, 15.28753489, 15.47532326, 16.73065324], "fractional occupation": [2.0, 2.0, 2.0, 2.0, 2.0, 2.0, 2.0, 2.0, 2.0, 2.0, 2.0, 2.0, 2.0, 2.0, 2.0, 2.0, 2.0, 2.0, 2.0, 2.0, 2.0, 2.0, 2.0, 2.0, 2.0, 2.0, 2.0, 2.0, 2.0, 2.0, 2.0, 2.0, 2.0, 2.0, 2.0, 2.0, 2.0, 2.0, 2.0, 2.0, 2.0, 2.0, 2.0, 2.0, 2.0, 2.0, 2.0, 0.0, 0.0, 0.0, 0.0, 0.0, 0.0, 0.0, 0.0, 0.0, 0.0, 0.0, 0.0, 0.0, 0.0, 0.0, 0.0, 0.0, 0.0, 0.0, 0.0, 0.0, 0.0, 0.0, 0.0, 0.0, 0.0, 0.0, 0.0, 0.0, 0.0, 0.0, 0.0, 0.0, 0.0, 0.0, 0.0, 0.0, 0.0, 0.0, 0.0, 0.0, 0.0, 0.0, 0.0], "program call": "xtb /home/svss/Project-DBcg-Debug/aqme2_20220329/End-to-End-workflows-final/example-3/QDESCP/mol_864_rdkit_conf_2/mol_864_rdkit_conf_2.xyz --pop --wbo --acc 0.2 --gfn 2 --chrg 0 --uhf 0 --etemp 300 --input /home/svss/Project-DBcg-Debug/aqme2_20220329/End-to-End-workflows-final/example-3/QDESCP/mol_864_rdkit_conf_2/mol_864_rdkit_conf_2_xtb.inp", "method": "GFN2-xTB", "xtb version": "6.3.3 (7355c4f)", "Dipole module/D": 2.737, "Total charge": 0, "Transition dipole module/D": NaN, "HOMO": -11.2863, "LUMO": -8.0175, "HOMO occupancy": 2.0, "LUMO occupancy": 0, "mulliken charges": [-0.08747, 0.21252, -0.40687, 0.65651, -0.51036, -0.23271, 0.45978, -0.50845, 0.15345, -0.08029, 0.12019, -0.08538, -0.07464, 0.11984, -0.08757, -0.0795, -0.04128, -0.05075, 0.05144, 0.05569, 0.05841, 0.07839, 0.0545, 0.07706, 0.05041, 0.05241, 0.04467], "cm5 charges": [-0.22649, 0.22914, -0.46598, 0.78568, -0.55206, -0.46358, 0.56351, -0.5558, 0.20733, -0.12377, 0.11298, -0.08757, -0.1232, 0.11263, -0.08976, -0.12304, -0.09523, -0.15058, 0.1067, 0.10941, 0.11228, 0.14627, 0.11227, 0.14503, 0.10844, 0.10848, 0.09692], "FUKUI+": [0.01, -0.004, -0.042, -0.015, -0.075, -0.029, -0.057, -0.118, -0.031, -0.018, -0.023, -0.085, -0.038, -0.023, -0.083, -0.014, -0.009, -0.023, -0.021, -0.026, -0.037, -0.038, -0.055, -0.03, -0.033, -0.034, -0.048], "FUKUI-": [0.01, -0.01, -0.028, 0.001, -0.043, -0.02, -0.008, -0.062, -0.016, -0.032, -0.015, -0.182, -0.009, -0.015, -0.176, -0.03, -0.022, -0.03, -0.021, -0.021, -0.031, -0.041, -0.04, -0.037, -0.035, -0.038, -0.047], "FUKUIrad": [0.01, -0.007, -0.035, -0.007, -0.059, -0.025, -0.033, -0.09, -0.023, -0.025, -0.019, -0.134, -0.024, -0.019, -0.13, -0.022, -0.016, -0.027, -0.021, -0.024, -0.034, -0.039, -0.047, -0.034, -0.034, -0.036, -0.048], "s proportion": [1.018, 1.051, 1.693, 0.926, 1.716, 1.436, 1.008, 1.728, 1.037, 1.067, 1.079, 1.944, 1.063, 1.078, 1.944, 1.067, 1.071, 1.053, 0.949, 0.944, 0.942, 0.922, 0.945, 0.923, 0.95, 0.948, 0.955], "p proportion": [3.07, 2.736, 4.714, 2.418, 4.795, 3.796, 2.532, 4.78, 2.81, 3.013, 2.801, 5.154, 3.012, 2.802, 5.156, 3.013, 2.971, 2.997, 0.0, 0.0, 0.0, 0.0, 0.0, 0.0, 0.0, 0.0, 0.0], "d proportion": [0.0, 0.0, 0.0, 0.0, 0.0, 0.0, 0.0, 0.0, 0.0, 0.0, 0.0, -0.012, 0.0, 0.0, -0.012, 0.0, 0.0, 0.0, 0.0, 0.0, 0.0, 0.0, 0.0, 0.0, 0.0, 0.0, 0.0], "Fermi-level/eV": -9.6519, "Coordination numbers": [3.754, 3.869, 1.709, 2.812, 0.856, 2.751, 2.872, 0.856, 2.894, 2.952, 2.88, 0.967, 2.991, 2.88, 0.967, 2.952, 2.89, 2.832, 0.924, 0.924, 0.924, 0.925, 0.925, 0.925, 0.924, 0.925, 0.925], "Dispersion coefficient C6": [22.623, 18.443, 18.297, 20.235, 21.486, 22.861, 22.495, 21.215, 26.176, 29.469, 25.705, 103.297, 29.262, 25.723, 103.356, 29.438, 29.011, 29.969, 2.257, 2.054, 2.056, 1.751, 1.922, 1.76, 2.139, 2.135, 2.17], "Total dispersion C6": 12517.359363, "Total dispersion C8": 341360.133404, "Polarizability alpha": [6.782, 6.107, 5.775, 7.37, 6.215, 7.101, 7.775, 6.175, 8.388, 8.904, 8.312, 15.549, 8.874, 8.315, 15.553, 8.899, 8.831, 8.971, 2.35, 2.241, 2.242, 2.07, 2.168, 2.075, 2.287, 2.285, 2.303], "Total polarizability alpha": 173.916263, "Wiberg matrix": [[0.0, 0.959822052698318, 0.0, 0.0, 0.0, 0.0, 0.0, 0.0, 0.0, 0.0, 0.0, 0.0, 0.0, 0.0, 0.0, 0.0, 0.0, 0.0, 0.9825289417124239, 0.9798431615980735, 0.9789774786170209, 0.0, 0.0, 0.0, 0.0, 0.0, 0.0], [0.959822052698318, 0.0, 0.934057751989576, 0.0, 0.0, 0.0, 0.9350077724726656, 0.0, 0.0, 0.0, 0.0, 0.0, 0.0, 0.0, 0.0, 0.0, 0.9685504597831102, 0.0, 0.0, 0.0, 0.0, 0.0, 0.0, 0.0, 0.0, 0.0, 0.0], [0.0, 0.934057751989576, 0.0, 1.088519952303623, 0.14659915383573413, 0.0, 0.0, 0.0, 0.0, 0.0, 0.0, 0.0, 0.0, 0.0, 0.0, 0.0, 0.0, 0.0, 0.0, 0.0, 0.0, 0.0, 0.0, 0.0, 0.0, 0.0, 0.0], [0.0, 0.0, 1.088519952303623, 0.0, 1.694697096093734, 1.0875151932052383, 0.0, 0.0, 0.0, 0.0, 0.0, 0.0, 0.0, 0.0, 0.0, 0.0, 0.0, 0.0, 0.0, 0.0, 0.0, 0.0, 0.0, 0.0, 0.0, 0.0, 0.0], [0.0, 0.0, 0.14659915383573413, 1.694697096093734, 0.0, 0.10619286861059186, 0.0, 0.0, 0.0, 0.0, 0.0, 0.0, 0.0, 0.0, 0.0, 0.0, 0.0, 0.0, 0.0, 0.0, 0.0, 0.0, 0.0, 0.0, 0.0, 0.0, 0.0], [0.0, 0.0, 0.0, 1.0875151932052383, 0.10619286861059186, 0.0, 1.136057090428732, 0.13542870021048287, 1.0060398383611853, 0.0, 0.0, 0.0, 0.0, 0.0, 0.0, 0.0, 0.0, 0.0, 0.0, 0.0, 0.0, 0.0, 0.0, 0.0, 0.0, 0.0, 0.0], [0.0, 0.9350077724726656, 0.0, 0.0, 0.0, 1.136057090428732, 0.0, 1.7448362793313437, 0.0, 0.0, 0.0, 0.0, 0.0, 0.0, 0.0, 0.0, 0.0, 0.0, 0.0, 0.0, 0.0, 0.0, 0.0, 0.0, 0.0, 0.0, 0.0], [0.0, 0.0, 0.0, 0.0, 0.0, 0.13542870021048287, 1.7448362793313437, 0.0, 0.0, 0.0, 0.0, 0.0, 0.0, 0.0, 0.0, 0.0, 0.0, 0.0, 0.0, 0.0, 0.0, 0.0, 0.0, 0.0, 0.0, 0.0, 0.0], [0.0, 0.0, 0.0, 0.0, 0.0, 1.0060398383611853, 0.0, 0.0, 0.0, 1.3856594273262794, 0.0, 0.0, 0.0, 0.0, 0.0, 1.3871429798618864, 0.0, 0.0, 0.0, 0.0, 0.0, 0.0, 0.0, 0.0, 0.0, 0.0, 0.0], [0.0, 0.0, 0.0, 0.0, 0.0, 0.0, 0.0, 0.0, 1.3856594273262794, 0.0, 1.3957217549412608, 0.0, 0.0, 0.0, 0.0, 0.0, 0.0, 0.0, 0.0, 0.0, 0.0, 0.9540764559010386, 0.0, 0.0, 0.0, 0.0, 0.0], [0.0, 0.0, 0.0, 0.0, 0.0, 0.0, 0.0, 0.0, 0.0, 1.3957217549412608, 0.0, 1.0019856161771923, 1.3996557725572865, 0.0, 0.0, 0.0, 0.0, 0.0, 0.0, 0.0, 0.0, 0.0, 0.0, 0.0, 0.0, 0.0, 0.0], [0.0, 0.0, 0.0, 0.0, 0.0, 0.0, 0.0, 0.0, 0.0, 0.0, 1.0019856161771923, 0.0, 0.0, 0.0, 0.0, 0.0, 0.0, 0.0, 0.0, 0.0, 0.0, 0.0, 0.0, 0.0, 0.0, 0.0, 0.0], [0.0, 0.0, 0.0, 0.0, 0.0, 0.0, 0.0, 0.0, 0.0, 0.0, 1.3996557725572865, 0.0, 0.0, 1.401036330707549, 0.0, 0.0, 0.0, 0.0, 0.0, 0.0, 0.0, 0.0, 0.961316402757906, 0.0, 0.0, 0.0, 0.0], [0.0, 0.0, 0.0, 0.0, 0.0, 0.0, 0.0, 0.0, 0.0, 0.0, 0.0, 0.0, 1.401036330707549, 0.0, 1.0008065127840722, 1.3946807326793873, 0.0, 0.0, 0.0, 0.0, 0.0, 0.0, 0.0, 0.0, 0.0, 0.0, 0.0], [0.0, 0.0, 0.0, 0.0, 0.0, 0.0, 0.0, 0.0, 0.0, 0.0, 0.0, 0.0, 0.0, 1.0008065127840722, 0.0, 0.0, 0.0, 0.0, 0.0, 0.0, 0.0, 0.0, 0.0, 0.0, 0.0, 0.0, 0.0], [0.0, 0.0, 0.0, 0.0, 0.0, 0.0, 0.0, 0.0, 1.3871429798618864, 0.0, 0.0, 0.0, 0.0, 1.3946807326793873, 0.0, 0.0, 0.0, 0.0, 0.0, 0.0, 0.0, 0.0, 0.0, 0.95430152293419, 0.0, 0.0, 0.0], [0.0, 0.9685504597831102, 0.0, 0.0, 0.0, 0.0, 0.0, 0.0, 0.0, 0.0, 0.0, 0.0, 0.0, 0.0, 0.0, 0.0, 0.0, 1.9770261072937683, 0.0, 0.0, 0.0, 0.0, 0.0, 0.0, 0.9617566114809459, 0.0, 0.0], [0.0, 0.0, 0.0, 0.0, 0.0, 0.0, 0.0, 0.0, 0.0, 0.0, 0.0, 0.0, 0.0, 0.0, 0.0, 0.0, 1.9770261072937683, 0.0, 0.0, 0.0, 0.0, 0.0, 0.0, 0.0, 0.0, 0.9734779500545766, 0.9731997239837492], [0.9825289417124239, 0.0, 0.0, 0.0, 0.0, 0.0, 0.0, 0.0, 0.0, 0.0, 0.0, 0.0, 0.0, 0.0, 0.0, 0.0, 0.0, 0.0, 0.0, 0.0, 0.0, 0.0, 0.0, 0.0, 0.0, 0.0, 0.0], [0.9798431615980735, 0.0, 0.0, 0.0, 0.0, 0.0, 0.0, 0.0, 0.0, 0.0, 0.0, 0.0, 0.0, 0.0, 0.0, 0.0, 0.0, 0.0, 0.0, 0.0, 0.0, 0.0, 0.0, 0.0, 0.0, 0.0, 0.0], [0.9789774786170209, 0.0, 0.0, 0.0, 0.0, 0.0, 0.0, 0.0, 0.0, 0.0, 0.0, 0.0, 0.0, 0.0, 0.0, 0.0, 0.0, 0.0, 0.0, 0.0, 0.0, 0.0, 0.0, 0.0, 0.0, 0.0, 0.0], [0.0, 0.0, 0.0, 0.0, 0.0, 0.0, 0.0, 0.0, 0.0, 0.9540764559010386, 0.0, 0.0, 0.0, 0.0, 0.0, 0.0, 0.0, 0.0, 0.0, 0.0, 0.0, 0.0, 0.0, 0.0, 0.0, 0.0, 0.0], [0.0, 0.0, 0.0, 0.0, 0.0, 0.0, 0.0, 0.0, 0.0, 0.0, 0.0, 0.0, 0.961316402757906, 0.0, 0.0, 0.0, 0.0, 0.0, 0.0, 0.0, 0.0, 0.0, 0.0, 0.0, 0.0, 0.0, 0.0], [0.0, 0.0, 0.0, 0.0, 0.0, 0.0, 0.0, 0.0, 0.0, 0.0, 0.0, 0.0, 0.0, 0.0, 0.0, 0.95430152293419, 0.0, 0.0, 0.0, 0.0, 0.0, 0.0, 0.0, 0.0, 0.0, 0.0, 0.0], [0.0, 0.0, 0.0, 0.0, 0.0, 0.0, 0.0, 0.0, 0.0, 0.0, 0.0, 0.0, 0.0, 0.0, 0.0, 0.0, 0.9617566114809459, 0.0, 0.0, 0.0, 0.0, 0.0, 0.0, 0.0, 0.0, 0.0, 0.0], [0.0, 0.0, 0.0, 0.0, 0.0, 0.0, 0.0, 0.0, 0.0, 0.0, 0.0, 0.0, 0.0, 0.0, 0.0, 0.0, 0.0, 0.9734779500545766, 0.0, 0.0, 0.0, 0.0, 0.0, 0.0, 0.0, 0.0, 0.0], [0.0, 0.0, 0.0, 0.0, 0.0, 0.0, 0.0, 0.0, 0.0, 0.0, 0.0, 0.0, 0.0, 0.0, 0.0, 0.0, 0.0, 0.9731997239837492, 0.0, 0.0, 0.0, 0.0, 0.0, 0.0, 0.0, 0.0, 0.0]], "Born radii": [], "Atomic SASAs": [], "Solvent H bonds": [], "Total SASA": NaN, "Total FOD": 0.0, "FOD": [0.0, 0.0, 0.0, 0.0, 0.0, 0.0, 0.0, 0.0, 0.0, 0.0, 0.0, 0.0, 0.0, 0.0, 0.0, 0.0, 0.0, 0.0, 0.0, 0.0, 0.0, 0.0, 0.0, 0.0, 0.0, 0.0, 0.0], "FOD s proportion": [0.0, 0.0, 0.0, 0.0, 0.0, 0.0, 0.0, 0.0, 0.0, 0.0, 0.0, 0.0, 0.0, 0.0, 0.0, 0.0, 0.0, 0.0, 0.0, 0.0, 0.0, 0.0, 0.0, 0.0, 0.0, 0.0, 0.0], "FOD p proportion": [0.0, 0.0, 0.0, 0.0, 0.0, 0.0, 0.0, 0.0, 0.0, 0.0, 0.0, 0.0, 0.0, 0.0, 0.0, 0.0, 0.0, 0.0, 0.0, 0.0, 0.0, 0.0, 0.0, 0.0, 0.0, 0.0, 0.0], "FOD d proportion": [0.0, 0.0, 0.0, 0.0, 0.0, 0.0, 0.0, 0.0, 0.0, 0.0, 0.0, 0.0, 0.0, 0.0, 0.0, 0.0, 0.0, 0.0, 0.0, 0.0, 0.0, 0.0, 0.0, 0.0, 0.0, 0.0, 0.0], "coordinates": [["-3.08560", "-0.84630", "0.77790"], ["-2.20900", "0.16940", "0.05450"], ["-1.99220", "-0.27500", "-1.27730"], ["-0.66160", "-0.51650", "-1.45910"], ["-0.26270", "-0.95170", "-2.52890"], ["0.05490", "-0.23570", "-0.32910"], ["-0.81230", "0.18770", "0.64540"], ["-0.57530", "0.53900", "1.79500"], ["1.47540", "-0.36670", "-0.18390"], ["2.31130", "-0.62360", "-1.28560"], ["3.69880", "-0.74930", "-1.13790"], ["4.67840", "-1.05710", "-2.52030"], ["4.29690", "-0.62480", "0.10670"], ["3.49190", "-0.37110", "1.20650"], ["4.21030", "-0.21780", "2.76410"], ["2.10390", "-0.24230", "1.06820"], ["-2.80810", "1.55630", "0.07970"], ["-3.18130", "2.28660", "-0.98170"], ["-2.62480", "-1.84120", "0.76520"], ["-3.25320", "-0.56860", "1.82440"], ["-4.05910", "-0.94590", "0.28400"], ["1.91930", "-0.71680", "-2.29440"], ["5.37280", "-0.72340", "0.21750"], ["1.53930", "-0.05810", "1.97730"], ["-2.93690", "1.99360", "1.07050"], ["-3.08910", "1.91930", "-2.00010"], ["-3.60190", "3.27990", "-0.85140"]], "bond_dist": [[0.0, 1.5242642848272736, 2.3970303064417022, 3.3149227803977577, 4.349114830629332, 3.3854130634237234, 2.5009208584039597, 3.0422285565026175, 4.685914681254878, 5.782227697868703, 7.05037459997694, 8.438142916542715, 7.416257677562181, 6.608556517878923, 7.5875002141680365, 5.232590213269141, 2.5173351485251225, 3.594497608846054, 1.096505330584398, 1.0956136636606904, 1.0961567497397442, 5.874080485488771, 8.477834813795324, 4.8424704036266455, 2.858803676365343, 3.9199285210319847, 4.4661740472131175], [1.5242642848272736, 0.0, 1.4206283257770136, 2.270658611504601, 3.4232885446599446, 2.3316299406209384, 1.5166636377259133, 2.415557927270634, 3.73082311695422, 4.780986205794784, 6.0965505238618345, 7.454540633063851, 6.554404114028979, 5.841190380393367, 6.978486117346655, 4.4495158152320355, 1.510975664926474, 2.549826184272175, 2.1726703592583947, 2.1834705516676887, 2.1724259135814044, 4.83172252307601, 7.635925096542003, 4.218846877998774, 2.2112892280296577, 2.8386805350373616, 3.5264763532455454], [2.3970303064417022, 1.4206283257770136, 0.0, 1.3645035177675433, 2.2395525669204552, 2.256378988556665, 2.3028309946672163, 3.4798317344377447, 3.63705680599025, 4.317603860939537, 5.712431518189081, 6.830346533668698, 6.449077054121775, 6.021117044203675, 7.403187965329532, 4.720219777722219, 2.4209092300208206, 2.839565588254654, 2.6504662703003783, 3.3610809050066024, 2.6757877550358886, 4.065650243196037, 7.528526721743106, 4.807385882160906, 3.398701059228364, 2.5574561462515835, 3.9255367671186066], [3.3149227803977577, 2.270658611504601, 1.3645035177675433, 0.0, 1.2218806365598893, 1.3671579608808926, 2.2243040214862715, 3.4220892375857184, 2.4930591810063394, 2.979883734309109, 4.378407637486487, 5.4711967429439055, 5.2009788290282435, 4.9374210646854895, 6.454459662899754, 3.7563840565096642, 3.3573602025996556, 3.7992326146210105, 3.2490759948022148, 4.18335717098122, 3.842627775364145, 2.720090254017318, 6.266400763596276, 4.106450575618803, 4.228057267824077, 3.481172056937146, 4.840177304603624], [4.349114830629332, 3.4232885446599446, 2.2395525669204552, 1.2218806365598893, 0.0, 2.335090105327844, 3.4170854554722507, 4.584322900930955, 2.9769517312176896, 2.877311331781808, 4.20349009871559, 4.942231513193205, 5.276665910402135, 5.327976227424443, 6.968657489789551, 4.363848339482022, 4.424242208559563, 4.625866479914871, 4.149918248592375, 5.295382587689014, 4.724943704426541, 2.207100419101949, 6.2732522745383035, 4.9347303269783644, 5.364868879105994, 4.063349283534459, 5.645414196496126], [3.3854130634237234, 2.3316299406209384, 2.256378988556665, 1.3671579608808926, 2.335090105327844, 0.0, 1.3714786363629583, 2.3471499611230637, 1.433898284398165, 2.4812697596190545, 3.7677512670026405, 5.1819694759811155, 4.282042088770264, 3.766877953956034, 5.180304605908807, 2.480099161323998, 3.402227276358827, 4.154620859958222, 3.309972028582719, 3.9613015878622524, 4.219629326137546, 2.7513357955727615, 5.368117291937649, 2.7485388991244055, 3.9849122813432167, 4.161850790213411, 5.099453587395418], [2.5009208584039597, 1.5166636377259133, 2.3028309946672163, 2.2243040214862715, 3.4170854554722507, 1.3714786363629583, 0.0, 1.2252186947643267, 2.495730181730389, 3.7608304468561196, 4.940460616177402, 6.459022373393671, 5.20137275918579, 4.376440138971399, 5.4662446615569635, 2.977898970751023, 2.4852163064811883, 3.5587914549745676, 2.7232229985809098, 2.8142536310716557, 3.457942908724781, 4.113658086180718, 6.266471385875787, 2.713742399344492, 2.8206222682238047, 3.8962709158886786, 4.42537899393939], [3.0422285565026175, 2.415557927270634, 3.4798317344377447, 3.4220892375857184, 4.584322900930955, 2.3471499611230637, 1.2252186947643267, 0.0, 2.9902689160006997, 4.378834854159266, 5.341306030363735, 6.9836031523848785, 5.286125251070013, 4.209124623956862, 4.941039203446984, 2.883882898108035, 2.993751696450459, 4.189917021851388, 3.3054939615736707, 2.8980666883286177, 4.077365748862861, 4.952096037033208, 6.281882967709603, 2.20483442915789, 2.8666907698599093, 4.756805917840248, 4.865827096188273], [4.685914681254878, 3.73082311695422, 3.63705680599025, 2.4930591810063394, 2.9769517312176896, 1.433898284398165, 2.495730181730389, 2.9902689160006997, 0.0, 1.4065807157785153, 2.449491032847436, 4.0242547285180645, 2.8481443467633447, 2.4493884481641532, 4.023997169482106, 1.4064999182367555, 4.702742413741157, 5.418610580213344, 4.459437307553499, 5.141370484608165, 5.5843614943876965, 2.1849090301429026, 3.934219568097337, 2.1840564576036035, 5.1587718247660455, 5.418398166432586, 6.286670271296245], [5.782227697868703, 4.780986205794784, 4.317603860939537, 2.979883734309109, 2.877311331781808, 2.4812697596190545, 3.7608304468561196, 4.378834854159266, 1.4065807157785153, 0.0, 1.4009896609183092, 2.7047308091564304, 2.4250996041400033, 2.7691397617310685, 4.491207491310104, 2.3934867641163176, 5.72924641292378, 6.223365167656482, 5.482099379799677, 6.374855704249313, 6.568829241957809, 1.0862907897980172, 3.412045119865797, 3.4003368450787343, 6.320169799143058, 6.011752724455656, 7.098716512863434], [7.05037459997694, 6.0965505238618345, 5.712431518189081, 4.378407637486487, 4.20349009871559, 3.7677512670026405, 4.940460616177402, 5.341306030363735, 2.449491032847436, 1.4009896609183092, 0.0, 1.7220298371398797, 1.3864533962596794, 2.383705982288923, 3.9711117460983143, 2.769048973925886, 7.009856541328074, 7.521759319467753, 6.693426042020634, 7.558979943087559, 7.88957942985556, 2.1225382799846035, 2.154078914524721, 3.8530077510952396, 7.512193119189628, 7.344412924802091, 8.34366558414226], [8.438142916542715, 7.454540633063851, 6.830346533668698, 5.4711967429439055, 4.942231513193205, 5.1819694759811155, 6.459022373393671, 6.9836031523848785, 4.0242547285180645, 2.7047308091564304, 1.7220298371398797, 0.0, 2.6895268245548327, 3.970820631808997, 5.371073026872749, 4.491022326820476, 8.344911132540597, 8.678853826398967, 8.046493229972917, 9.056783584694955, 9.177165694265305, 2.7891697169587943, 2.8441335921506923, 5.574975835822071, 8.955077287215337, 8.33448386224366, 9.495165311883728], [7.416257677562181, 6.554404114028979, 6.449077054121775, 5.2009788290282435, 5.276665910402135, 4.282042088770264, 5.20137275918579, 5.286125251070013, 2.8481443467633447, 2.4250996041400033, 1.3864533962596794, 2.6895268245548327, 0.0, 1.3863436550870063, 2.6897812773532346, 2.4248788629537765, 7.4322911144545465, 8.098415879664367, 7.058553824970097, 7.743233287199864, 8.364046658167325, 3.380344208804778, 1.0860752322007898, 3.3800371314528483, 7.753243930123701, 8.090985542565257, 8.863164172009903], [6.608556517878923, 5.841190380393367, 6.021117044203675, 4.9374210646854895, 5.327976227424443, 3.766877953956034, 4.376440138971399, 4.209124623956862, 2.4493884481641532, 2.7691397617310685, 2.383705982288923, 3.970820631808997, 1.3863436550870063, 0.0, 1.722125782281887, 1.4008070281091538, 6.683902228488983, 7.508873868297429, 6.306342726969412, 6.776221710510954, 7.628827058598196, 3.8534244588417708, 2.154070820562778, 2.122439257081342, 6.851260579630583, 7.670578643101184, 8.239341712175797], [7.5875002141680365, 6.978486117346655, 7.403187965329532, 6.454459662899754, 6.968657489789551, 5.180304605908807, 5.4662446615569635, 4.941039203446984, 4.023997169482106, 4.491207491310104, 3.9711117460983143, 5.371073026872749, 2.6897812773532346, 1.722125782281887, 0.0, 2.704366472947038, 7.72084015700364, 8.656719214575462, 7.3040824735212295, 7.5305995099991865, 8.663948405894395, 5.575491390899999, 2.844680855561833, 2.789049897366485, 7.670791273395464, 8.974744476028274, 9.291728277344317], [5.232590213269141, 4.4495158152320355, 4.720219777722219, 3.7563840565096642, 4.363848339482022, 2.480099161323998, 2.977898970751023, 2.883882898108035, 1.4064999182367555, 2.3934867641163176, 2.769048973925886, 4.491022326820476, 2.4248788629537765, 1.4008070281091538, 2.704366472947038, 0.0, 5.323517465924199, 6.2073153826755085, 5.00088931091261, 5.420039717566652, 6.25240686456024, 3.4009272515006845, 3.4118697088253533, 1.0858939220752644, 5.514428233280401, 6.4073573686817245, 6.97473373255209], [2.5173351485251225, 1.510975664926474, 2.4209092300208206, 3.3573602025996556, 4.424242208559563, 3.402227276358827, 2.4852163064811883, 2.993751696450459, 4.702742413741157, 5.72924641292378, 7.009856541328074, 8.344911132540597, 7.4322911144545465, 6.683902228488983, 7.72084015700364, 5.323517465924199, 0.0, 1.3413375004077086, 3.47080903969089, 2.7851915750985605, 2.8049499692507887, 5.757746536623508, 8.493712129569733, 5.010694550658622, 1.0906444746112274, 2.1298586901482457, 2.1137319153572904], [3.594497608846054, 2.549826184272175, 2.839565588254654, 3.7992326146210105, 4.625866479914871, 4.154620859958222, 3.5587914549745676, 4.189917021851388, 5.418610580213344, 6.223365167656482, 7.521759319467753, 8.678853826398967, 8.098415879664367, 7.508873868297429, 8.656719214575462, 6.2073153826755085, 1.3413375004077086, 0.0, 4.516645292692354, 4.003939792254624, 3.580724169773483, 6.06297890562057, 9.147174834340928, 6.044614416983104, 2.087368007803128, 1.0865305748114042, 1.086520749916908], [1.096505330584398, 2.1726703592583947, 2.6504662703003783, 3.2490759948022148, 4.149918248592375, 3.309972028582719, 2.7232229985809098, 3.3054939615736707, 4.459437307553499, 5.482099379799677, 6.693426042020634, 8.046493229972917, 7.058553824970097, 6.306342726969412, 7.3040824735212295, 5.00088931091261, 3.47080903969089, 4.516645292692354, 0.0, 1.7709607449065607, 1.757934020377329, 5.592340505548639, 8.093890158014254, 4.689174855984792, 3.8595732328846926, 4.690822830804847, 5.458368362432129], [1.0956136636606904, 2.1834705516676887, 3.3610809050066024, 4.18335717098122, 5.295382587689014, 3.9613015878622524, 2.8142536310716557, 2.8980666883286177, 5.141370484608165, 6.374855704249313, 7.558979943087559, 9.056783584694955, 7.743233287199864, 6.776221710510954, 7.5305995099991865, 5.420039717566652, 2.7851915750985605, 4.003939792254624, 1.7709607449065607, 0.0, 1.7789497632029974, 6.613715516258619, 8.775760175050364, 4.822037423123135, 2.689475737016417, 4.565454574300352, 4.700260586393057], [1.0961567497397442, 2.1724259135814044, 2.6757877550358886, 3.842627775364145, 4.724943704426541, 4.219629326137546, 3.457942908724781, 4.077365748862861, 5.5843614943876965, 6.568829241957809, 7.88957942985556, 9.177165694265305, 8.364046658167325, 7.628827058598196, 8.663948405894395, 6.25240686456024, 2.8049499692507887, 3.580724169773483, 1.757934020377329, 1.7789497632029974, 0.0, 6.514744809276876, 9.434758402312164, 5.915871557936328, 3.2432353198619426, 3.7904332008360204, 4.399494361855689], [5.874080485488771, 4.83172252307601, 4.065650243196037, 2.720090254017318, 2.207100419101949, 2.7513357955727615, 4.113658086180718, 4.952096037033208, 2.1849090301429026, 1.0862907897980172, 2.1225382799846035, 2.7891697169587943, 3.380344208804778, 3.8534244588417708, 5.575491390899999, 3.4009272515006845, 5.757746536623508, 6.06297890562057, 5.592340505548639, 6.613715516258619, 6.514744809276876, 0.0, 4.270403660077112, 4.338860055360164, 6.500115276670099, 5.667425011413914, 6.967030165716236], [8.477834813795324, 7.635925096542003, 7.528526721743106, 6.266400763596276, 6.2732522745383035, 5.368117291937649, 6.266471385875787, 6.281882967709603, 3.934219568097337, 3.412045119865797, 2.154078914524721, 2.8441335921506923, 1.0860752322007898, 2.154070820562778, 2.844680855561833, 3.4118697088253533, 8.493712129569733, 9.147174834340928, 8.093890158014254, 8.775760175050364, 9.434758402312164, 4.270403660077112, 0.0, 4.270274274563637, 8.784122727398563, 9.138126977668893, 9.88504922547177], [4.8424704036266455, 4.218846877998774, 4.807385882160906, 4.106450575618803, 4.9347303269783644, 2.7485388991244055, 2.713742399344492, 2.20483442915789, 2.1840564576036035, 3.4003368450787343, 3.8530077510952396, 5.574975835822071, 3.3800371314528483, 2.122439257081342, 2.789049897366485, 1.0858939220752644, 5.010694550658622, 6.044614416983104, 4.689174855984792, 4.822037423123135, 5.915871557936328, 4.338860055360164, 4.270274274563637, 0.0, 5.006807922219505, 6.414975298471538, 6.750979568181198], [2.858803676365343, 2.2112892280296577, 3.398701059228364, 4.228057267824077, 5.364868879105994, 3.9849122813432167, 2.8206222682238047, 2.8666907698599093, 5.1587718247660455, 6.320169799143058, 7.512193119189628, 8.955077287215337, 7.753243930123701, 6.851260579630583, 7.670791273395464, 5.514428233280401, 1.0906444746112274, 2.087368007803128, 3.8595732328846926, 2.689475737016417, 3.2432353198619426, 6.500115276670099, 8.784122727398563, 5.006807922219505, 0.0, 3.075267417640294, 2.4063441773777914], [3.9199285210319847, 2.8386805350373616, 2.5574561462515835, 3.481172056937146, 4.063349283534459, 4.161850790213411, 3.8962709158886786, 4.756805917840248, 5.418398166432586, 6.011752724455656, 7.344412924802091, 8.33448386224366, 8.090985542565257, 7.670578643101184, 8.974744476028274, 6.4073573686817245, 2.1298586901482457, 1.0865305748114042, 4.690822830804847, 4.565454574300352, 3.7904332008360204, 5.667425011413914, 9.138126977668893, 6.414975298471538, 3.075267417640294, 0.0, 1.853026683563947], [4.4661740472131175, 3.5264763532455454, 3.9255367671186066, 4.840177304603624, 5.645414196496126, 5.099453587395418, 4.42537899393939, 4.865827096188273, 6.286670271296245, 7.098716512863434, 8.34366558414226, 9.495165311883728, 8.863164172009903, 8.239341712175797, 9.291728277344317, 6.97473373255209, 2.1137319153572904, 1.086520749916908, 5.458368362432129, 4.700260586393057, 4.399494361855689, 6.967030165716236, 9.88504922547177, 6.750979568181198, 2.4063441773777914, 1.853026683563947, 0.0]]}