{"total energy": -27.21694673, "HOMO-LUMO gap/eV": 11.63618684, "electronic energy": -27.56196756, "dipole": [0.67982143, -0.24380074, -0.17641205], "partial charges": [-0.10054372, -0.05227379, -0.05818821, -0.06012202, -0.07065044, 0.12026202, -0.10858819, -0.45190057, 0.03316043, 0.03220335, 0.03261013, 0.02934125, 0.02884242, 0.0323636, 0.030066, 0.02815035, 0.03458121, 0.02614591, 0.04264453, 0.01182331, 0.05087059, 0.05025741, 0.03816469, 0.28077974], "atomic dipole moments": [[-0.09024798, -0.04691724, 0.01044939], [0.01199395, 0.09249655, -0.06042698], [-0.01962175, -0.09380482, 0.05882758], [0.00782117, 0.09048557, -0.06206145], [-0.01705884, -0.10168581, 0.04624917], [-0.09012106, 0.14393827, -0.04835655], [0.05781619, -0.00230652, -0.1062256], [0.20569832, -0.11759141, 0.00331657], [-0.00361497, 0.1177301, 0.04490944], [0.08824129, -0.06182965, 0.06291537], [0.03548914, 0.00477693, -0.12075592], [-0.02504815, -0.00736217, 0.12079918], [0.01268556, -0.11636416, -0.03935379], [-0.009079, 0.11760308, 0.03977847], [0.0288126, 0.00802535, -0.12027505], [0.00958328, -0.11712911, -0.0401492], [-0.02611176, -0.00729448, 0.12189248], [0.03316497, 0.0207973, -0.11459255], [-0.01074301, 0.11977387, 0.03903586], [0.0007647, -0.10654505, -0.05267136], [-0.11938711, -0.04694559, -0.00245504], [-0.01758728, 0.11465089, 0.05537571], [0.06810206, -0.07366934, 0.07866152], [0.03484896, -0.00501096, -0.06947105]], "atomic quadrupole moments": [[0.16244021, 0.13983214, -0.04434041, -0.02638312, -0.0251828, -0.1180998], [0.21344964, 0.0327519, -0.06922656, 0.08385635, -0.10605846, -0.14422309], [0.2167178, 0.0302252, -0.07162154, 0.08869911, -0.11443598, -0.14509626], [0.20920107, 0.02019027, -0.06400197, 0.08641424, -0.1152245, -0.14519909], [0.21534077, 0.03155764, -0.08376575, 0.11415602, -0.0949768, -0.13157503], [0.12178632, -0.11864021, -0.16136125, 0.14705992, -0.22674546, 0.03957493], [-0.06197199, 0.00825943, -0.13048148, -0.11860395, -0.02220649, 0.19245346], [0.04291462, -0.10493666, -0.04603367, 0.06932025, -0.07887187, 0.00311905], [-0.02946251, -0.0107385, 0.06147366, -0.01432512, 0.04316815, -0.03201114], [0.02122735, -0.03623799, -0.00533225, 0.04265493, -0.04233529, -0.0158951], [-0.03245176, 0.01183686, -0.04429636, -0.02089184, 0.00255775, 0.07674811], [-0.01161853, -0.00114828, -0.0393984, -0.01915466, 0.00589651, 0.05101693], [-0.01756109, -0.00598035, 0.0375571, 0.00173904, 0.03817689, -0.01999601], [-0.02025894, -0.00886623, 0.03754382, -0.00049128, 0.03718057, -0.01728488], [-0.01588053, -0.00162192, -0.03694567, -0.01737289, 0.00647854, 0.0528262], [-0.0202848, -0.00765796, 0.03833614, -0.00020806, 0.03779761, -0.01805133], [-0.0128701, -0.00143995, -0.03639963, -0.02014257, 0.00566654, 0.04926973], [-0.01448884, -0.0016698, -0.04267168, -0.02431167, 0.00482819, 0.05716052], [-0.02333981, -0.01511165, 0.0298886, -0.00192528, 0.04405161, -0.00654879], [-0.01505477, -0.01786275, 0.0194098, 0.00220118, 0.00252244, -0.00435503], [0.05534041, 0.05196811, -0.02495729, 0.01126472, 0.01155027, -0.03038312], [-0.0459886, 0.0038475, 0.07054084, -0.00846127, 0.03846282, -0.02455224], [0.00911665, -0.05253356, -0.00750135, 0.03836813, -0.04017011, -0.0016153], [-0.04441152, -0.01882032, -0.07398832, -0.06232145, -0.01850635, 0.11839984]], "number of molecular orbitals": 48, "number of electrons": 50, "number of unpaired electrons": 0, "orbital energies/eV": [-18.49861528, -17.17813917, -16.95382161, -16.63318452, -16.1678096, -15.65461522, -15.29485681, -15.24252587, -15.07495089, -14.25471576, -14.05044472, -13.90528092, -13.48656406, -13.29121304, -13.06825744, -12.69724471, -12.52906703, -12.40147776, -12.22144223, -12.17835503, -11.89836543, -11.76659796, -11.59467924, -11.50192132, -10.92376241, 0.71242442, 1.68769287, 2.31997953, 2.90384877, 2.94846885, 3.41067728, 3.60623643, 3.84511287, 4.00702892, 4.27100137, 4.45846564, 4.80669877, 5.16301081, 5.2674717, 5.70481303, 5.94780111, 6.23476671, 6.64725001, 7.02625757, 7.27891143, 7.44028265, 7.66944904, 8.33747973], "fractional occupation": [2.0, 2.0, 2.0, 2.0, 2.0, 2.0, 2.0, 2.0, 2.0, 2.0, 2.0, 2.0, 2.0, 2.0, 2.0, 2.0, 2.0, 2.0, 2.0, 2.0, 2.0, 2.0, 2.0, 2.0, 2.0, 0.0, 0.0, 0.0, 0.0, 0.0, 0.0, 0.0, 0.0, 0.0, 0.0, 0.0, 0.0, 0.0, 0.0, 0.0, 0.0, 0.0, 0.0, 0.0, 0.0, 0.0, 0.0, 0.0], "program call": "xtb /home/svss/Project-DBcg-Debug/aqme2_20220329/End-to-End-workflows-final/example-3/QDESCP/mol_46_rdkit_conf_4/mol_46_rdkit_conf_4.xyz --pop --wbo --acc 0.2 --gfn 2 --chrg 0 --uhf 0 --etemp 300 --input /home/svss/Project-DBcg-Debug/aqme2_20220329/End-to-End-workflows-final/example-3/QDESCP/mol_46_rdkit_conf_4/mol_46_rdkit_conf_4_xtb.inp", "method": "GFN2-xTB", "xtb version": "6.3.3 (7355c4f)", "Dipole module/D": 1.89, "Total charge": 0, "Transition dipole module/D": NaN, "HOMO": -10.9238, "LUMO": 0.7124, "HOMO occupancy": 2.0, "LUMO occupancy": 0, "mulliken charges": [-0.0834, -0.03873, -0.04568, -0.04748, -0.07364, 0.22565, -0.09353, -0.57059, 0.02738, 0.02882, 0.0269, 0.02264, 0.02203, 0.02457, 0.02273, 0.02114, 0.0242, 0.02343, 0.03544, 0.00756, 0.04372, 0.03926, 0.02424, 0.33331], "cm5 charges": [-0.23373, -0.15127, -0.15639, -0.15804, -0.17977, 0.17611, -0.23846, -0.78076, 0.07867, 0.07961, 0.07819, 0.07735, 0.07675, 0.07991, 0.07807, 0.0767, 0.08025, 0.08105, 0.09294, 0.07354, 0.09733, 0.09293, 0.07647, 0.50254], "FUKUI+": [0.007, -0.014, -0.011, -0.023, -0.007, -0.041, 0.03, -0.131, -0.034, -0.06, -0.034, -0.038, -0.038, -0.044, -0.044, -0.05, -0.05, -0.047, -0.055, -0.072, -0.051, -0.047, -0.064, -0.082], "FUKUI-": [0.017, 0.003, 0.003, 0.008, -0.005, -0.002, 0.022, -0.119, -0.063, -0.066, -0.062, -0.074, -0.075, -0.056, -0.057, -0.04, -0.038, -0.04, -0.048, -0.097, -0.062, -0.061, -0.039, -0.051], "FUKUIrad": [0.012, -0.006, -0.004, -0.007, -0.006, -0.022, 0.026, -0.125, -0.049, -0.063, -0.048, -0.056, -0.056, -0.05, -0.05, -0.045, -0.044, -0.043, -0.052, -0.084, -0.057, -0.054, -0.052, -0.067], "s proportion": [1.007, 1.027, 1.033, 1.032, 1.043, 1.016, 1.012, 1.699, 0.973, 0.971, 0.973, 0.977, 0.978, 0.975, 0.977, 0.979, 0.976, 0.977, 0.965, 0.992, 0.956, 0.961, 0.976, 0.667], "p proportion": [3.076, 3.012, 3.013, 3.016, 3.03, 2.758, 3.082, 4.872, 0.0, 0.0, 0.0, 0.0, 0.0, 0.0, 0.0, 0.0, 0.0, 0.0, 0.0, 0.0, 0.0, 0.0, 0.0, 0.0], "d proportion": [0.0, 0.0, 0.0, 0.0, 0.0, 0.0, 0.0, 0.0, 0.0, 0.0, 0.0, 0.0, 0.0, 0.0, 0.0, 0.0, 0.0, 0.0, 0.0, 0.0, 0.0, 0.0, 0.0, 0.0], "Fermi-level/eV": -5.1057, "Coordination numbers": [3.75, 3.8, 3.802, 3.801, 3.801, 3.723, 3.75, 1.653, 0.924, 0.924, 0.924, 0.924, 0.924, 0.924, 0.924, 0.924, 0.924, 0.923, 0.924, 0.924, 0.924, 0.924, 0.924, 0.804], "Dispersion coefficient C6": [22.484, 21.513, 21.62, 21.657, 21.852, 18.719, 22.641, 21.884, 2.542, 2.555, 2.55, 2.596, 2.603, 2.553, 2.586, 2.613, 2.522, 2.642, 2.414, 2.861, 2.309, 2.317, 2.474, 0.782], "Total dispersion C6": 3818.159626, "Total dispersion C8": 79072.672502, "Polarizability alpha": [6.762, 6.604, 6.62, 6.626, 6.656, 6.178, 6.786, 6.315, 2.493, 2.5, 2.497, 2.52, 2.523, 2.499, 2.515, 2.528, 2.484, 2.542, 2.43, 2.645, 2.376, 2.38, 2.459, 1.389], "Total polarizability alpha": 91.327386, "Wiberg matrix": [[0.0, 1.0201388960502238, 0.0, 0.0, 0.0, 0.0, 0.0, 0.0, 0.9876554708268308, 0.9873173069231159, 0.9876901712817814, 0.0, 0.0, 0.0, 0.0, 0.0, 0.0, 0.0, 0.0, 0.0, 0.0, 0.0, 0.0, 0.0], [1.0201388960502238, 0.0, 1.0076918872626262, 0.0, 0.0, 0.0, 0.0, 0.0, 0.0, 0.0, 0.0, 0.9780175351071045, 0.9780639438173613, 0.0, 0.0, 0.0, 0.0, 0.0, 0.0, 0.0, 0.0, 0.0, 0.0, 0.0], [0.0, 1.0076918872626262, 0.0, 1.0068515606868127, 0.0, 0.0, 0.0, 0.0, 0.0, 0.0, 0.0, 0.0, 0.0, 0.9771895600083623, 0.9771179406166784, 0.0, 0.0, 0.0, 0.0, 0.0, 0.0, 0.0, 0.0, 0.0], [0.0, 0.0, 1.0068515606868127, 0.0, 1.0068584714495497, 0.0, 0.0, 0.0, 0.0, 0.0, 0.0, 0.0, 0.0, 0.0, 0.0, 0.9771479406689819, 0.9752579261001493, 0.0, 0.0, 0.0, 0.0, 0.0, 0.0, 0.0], [0.0, 0.0, 0.0, 1.0068584714495497, 0.0, 0.9887086971334024, 0.0, 0.0, 0.0, 0.0, 0.0, 0.0, 0.0, 0.0, 0.0, 0.0, 0.0, 0.9737065356111148, 0.975399056435407, 0.0, 0.0, 0.0, 0.0, 0.0], [0.0, 0.0, 0.0, 0.0, 0.9887086971334024, 0.0, 1.0090532216628605, 0.9764970630559913, 0.0, 0.0, 0.0, 0.0, 0.0, 0.0, 0.0, 0.0, 0.0, 0.0, 0.0, 0.964654436606625, 0.0, 0.0, 0.0, 0.0], [0.0, 0.0, 0.0, 0.0, 0.0, 1.0090532216628605, 0.0, 0.0, 0.0, 0.0, 0.0, 0.0, 0.0, 0.0, 0.0, 0.0, 0.0, 0.0, 0.0, 0.0, 0.9840990793056098, 0.985095951834337, 0.9835675727350901, 0.0], [0.0, 0.0, 0.0, 0.0, 0.0, 0.9764970630559913, 0.0, 0.0, 0.0, 0.0, 0.0, 0.0, 0.0, 0.0, 0.0, 0.0, 0.0, 0.0, 0.0, 0.0, 0.0, 0.0, 0.0, 0.9048150869035145], [0.9876554708268308, 0.0, 0.0, 0.0, 0.0, 0.0, 0.0, 0.0, 0.0, 0.0, 0.0, 0.0, 0.0, 0.0, 0.0, 0.0, 0.0, 0.0, 0.0, 0.0, 0.0, 0.0, 0.0, 0.0], [0.9873173069231159, 0.0, 0.0, 0.0, 0.0, 0.0, 0.0, 0.0, 0.0, 0.0, 0.0, 0.0, 0.0, 0.0, 0.0, 0.0, 0.0, 0.0, 0.0, 0.0, 0.0, 0.0, 0.0, 0.0], [0.9876901712817814, 0.0, 0.0, 0.0, 0.0, 0.0, 0.0, 0.0, 0.0, 0.0, 0.0, 0.0, 0.0, 0.0, 0.0, 0.0, 0.0, 0.0, 0.0, 0.0, 0.0, 0.0, 0.0, 0.0], [0.0, 0.9780175351071045, 0.0, 0.0, 0.0, 0.0, 0.0, 0.0, 0.0, 0.0, 0.0, 0.0, 0.0, 0.0, 0.0, 0.0, 0.0, 0.0, 0.0, 0.0, 0.0, 0.0, 0.0, 0.0], [0.0, 0.9780639438173613, 0.0, 0.0, 0.0, 0.0, 0.0, 0.0, 0.0, 0.0, 0.0, 0.0, 0.0, 0.0, 0.0, 0.0, 0.0, 0.0, 0.0, 0.0, 0.0, 0.0, 0.0, 0.0], [0.0, 0.0, 0.9771895600083623, 0.0, 0.0, 0.0, 0.0, 0.0, 0.0, 0.0, 0.0, 0.0, 0.0, 0.0, 0.0, 0.0, 0.0, 0.0, 0.0, 0.0, 0.0, 0.0, 0.0, 0.0], [0.0, 0.0, 0.9771179406166784, 0.0, 0.0, 0.0, 0.0, 0.0, 0.0, 0.0, 0.0, 0.0, 0.0, 0.0, 0.0, 0.0, 0.0, 0.0, 0.0, 0.0, 0.0, 0.0, 0.0, 0.0], [0.0, 0.0, 0.0, 0.9771479406689819, 0.0, 0.0, 0.0, 0.0, 0.0, 0.0, 0.0, 0.0, 0.0, 0.0, 0.0, 0.0, 0.0, 0.0, 0.0, 0.0, 0.0, 0.0, 0.0, 0.0], [0.0, 0.0, 0.0, 0.9752579261001493, 0.0, 0.0, 0.0, 0.0, 0.0, 0.0, 0.0, 0.0, 0.0, 0.0, 0.0, 0.0, 0.0, 0.0, 0.0, 0.0, 0.0, 0.0, 0.0, 0.0], [0.0, 0.0, 0.0, 0.0, 0.9737065356111148, 0.0, 0.0, 0.0, 0.0, 0.0, 0.0, 0.0, 0.0, 0.0, 0.0, 0.0, 0.0, 0.0, 0.0, 0.0, 0.0, 0.0, 0.0, 0.0], [0.0, 0.0, 0.0, 0.0, 0.975399056435407, 0.0, 0.0, 0.0, 0.0, 0.0, 0.0, 0.0, 0.0, 0.0, 0.0, 0.0, 0.0, 0.0, 0.0, 0.0, 0.0, 0.0, 0.0, 0.0], [0.0, 0.0, 0.0, 0.0, 0.0, 0.964654436606625, 0.0, 0.0, 0.0, 0.0, 0.0, 0.0, 0.0, 0.0, 0.0, 0.0, 0.0, 0.0, 0.0, 0.0, 0.0, 0.0, 0.0, 0.0], [0.0, 0.0, 0.0, 0.0, 0.0, 0.0, 0.9840990793056098, 0.0, 0.0, 0.0, 0.0, 0.0, 0.0, 0.0, 0.0, 0.0, 0.0, 0.0, 0.0, 0.0, 0.0, 0.0, 0.0, 0.0], [0.0, 0.0, 0.0, 0.0, 0.0, 0.0, 0.985095951834337, 0.0, 0.0, 0.0, 0.0, 0.0, 0.0, 0.0, 0.0, 0.0, 0.0, 0.0, 0.0, 0.0, 0.0, 0.0, 0.0, 0.0], [0.0, 0.0, 0.0, 0.0, 0.0, 0.0, 0.9835675727350901, 0.0, 0.0, 0.0, 0.0, 0.0, 0.0, 0.0, 0.0, 0.0, 0.0, 0.0, 0.0, 0.0, 0.0, 0.0, 0.0, 0.0], [0.0, 0.0, 0.0, 0.0, 0.0, 0.0, 0.0, 0.9048150869035145, 0.0, 0.0, 0.0, 0.0, 0.0, 0.0, 0.0, 0.0, 0.0, 0.0, 0.0, 0.0, 0.0, 0.0, 0.0, 0.0]], "Born radii": [], "Atomic SASAs": [], "Solvent H bonds": [], "Total SASA": NaN, "Total FOD": 0.0, "FOD": [0.0, 0.0, 0.0, 0.0, 0.0, 0.0, 0.0, 0.0, 0.0, 0.0, 0.0, 0.0, 0.0, 0.0, 0.0, 0.0, 0.0, 0.0, 0.0, 0.0, 0.0, 0.0, 0.0, 0.0], "FOD s proportion": [0.0, 0.0, 0.0, 0.0, 0.0, 0.0, 0.0, 0.0, 0.0, 0.0, 0.0, 0.0, 0.0, 0.0, 0.0, 0.0, 0.0, 0.0, 0.0, 0.0, 0.0, 0.0, 0.0, 0.0], "FOD p proportion": [0.0, 0.0, 0.0, 0.0, 0.0, 0.0, 0.0, 0.0, 0.0, 0.0, 0.0, 0.0, 0.0, 0.0, 0.0, 0.0, 0.0, 0.0, 0.0, 0.0, 0.0, 0.0, 0.0, 0.0], "FOD d proportion": [0.0, 0.0, 0.0, 0.0, 0.0, 0.0, 0.0, 0.0, 0.0, 0.0, 0.0, 0.0, 0.0, 0.0, 0.0, 0.0, 0.0, 0.0, 0.0, 0.0, 0.0, 0.0, 0.0, 0.0], "coordinates": [["3.77880", "0.29470", "0.47930"], ["2.44230", "-0.41100", "0.64460"], ["1.32900", "0.31370", "-0.11170"], ["-0.01430", "-0.40000", "0.05670"], ["-1.12690", "0.32890", "-0.69770"], ["-2.47430", "-0.40010", "-0.65580"], ["-3.06250", "-0.50420", "0.74410"], ["-3.40830", "0.32110", "-1.45960"], ["3.73240", "1.31810", "0.86510"], ["4.56020", "-0.24010", "1.02800"], ["4.07220", "0.33740", "-0.57450"], ["2.19410", "-0.46540", "1.71090"], ["2.53170", "-1.44060", "0.27920"], ["1.24590", "1.34410", "0.25500"], ["1.58510", "0.36920", "-1.17680"], ["0.06800", "-1.42880", "-0.31400"], ["-0.25800", "-0.45610", "1.12350"], ["-0.83130", "0.45930", "-1.74710"], ["-1.24630", "1.34540", "-0.30060"], ["-2.37660", "-1.40390", "-1.08420"], ["-4.06900", "-0.93530", "0.70290"], ["-3.16500", "0.48650", "1.20050"], ["-2.45020", "-1.13100", "1.39800"], ["-3.05680", "0.34700", "-2.36590"]], "bond_dist": [[0.0, 1.5203844349374274, 2.5201511938770653, 3.879279116021429, 5.045036286291705, 6.393157174667302, 6.89287646342222, 7.4440873570908614, 1.09468815650851, 1.0943805051260735, 1.0947151638668389, 2.1461278293708412, 2.1462908726451784, 2.750842281920212, 2.7496430950216064, 4.167710856093546, 4.15625414526109, 5.122203835264661, 5.1926721935820295, 6.574094870778791, 7.94675165083193, 6.983786588950152, 6.455778123510751, 7.404277526538291], [1.5203844349374274, 0.0, 1.528599578045212, 2.5259910866826116, 3.884380251726136, 5.0856773914592734, 5.506487948774608, 6.2604431480527, 2.1685859609432137, 2.1590976772716886, 2.1686127777913695, 1.0961561430745166, 1.0961686366613488, 2.1595224310018177, 2.1589353487309437, 2.7553822402708485, 2.742808653552048, 4.146577858909682, 4.193341622143371, 5.215016496618203, 6.532634772432942, 5.705816711917761, 5.0022562719237005, 6.314885197689662], [2.5201511938770653, 1.528599578045212, 0.0, 1.530418615934869, 2.5248904629706215, 3.907767411195298, 4.548255302860648, 4.92533252278463, 2.7819577926345325, 3.4707728202808092, 2.7820660973456395, 2.1626986798904744, 2.1626045847542263, 1.0968585414719623, 1.0968616457876537, 2.1604056424662477, 2.153341607827239, 2.7134164092523654, 2.780693832481383, 4.198497037035991, 5.6001766186433795, 4.684844146820682, 4.318414618815567, 4.931304915537063], [3.879279116021429, 2.5259910866826116, 1.530418615934869, 0.0, 1.529147909785054, 2.561104500015569, 3.126483590233603, 3.786606250985175, 4.200373680995538, 4.679213817512511, 4.200196953715385, 2.760015463724796, 2.759433023285762, 2.1608590282570495, 2.1613123906552705, 1.0966408801426288, 1.0957185496285076, 2.1586060154646103, 2.166081358121158, 2.8089017978562367, 4.140617420144005, 3.467141644063594, 2.8752487718456643, 3.960278526821062], [5.045036286291705, 3.884380251726136, 2.5248904629706215, 1.529147909785054, 0.0, 1.5325414741533097, 2.553309658071265, 2.405273042712615, 5.199390057497129, 5.970335660580567, 5.20056644030244, 4.178672929292265, 4.179810739734516, 2.751081272881628, 2.754288456207882, 2.159750214723916, 2.16517473890677, 1.098009052785996, 1.0978237654560044, 2.1711121988510866, 3.495115793503843, 2.7895972128606665, 2.8765238378987927, 2.5510258446358396], [6.393157174667302, 5.0856773914592734, 3.907767411195298, 2.561104500015569, 1.5325414741533097, 0.0, 1.522017102400627, 1.4277884577205406, 6.617285919468797, 7.234982563213266, 6.58841241802606, 5.234452362950684, 5.197778491817442, 4.208524482523536, 4.164371723321539, 2.7637547322438003, 2.842715282964511, 2.151500185916794, 2.1635436880266594, 1.0957583173309706, 2.162307290835417, 2.170017451542729, 2.180112396185114, 1.954969736338647], [6.89287646342222, 5.506487948774608, 4.548255302860648, 3.126483590233603, 2.553309658071265, 1.522017102400627, 0.0, 2.3784430663776672, 7.036056018821909, 7.63255549013566, 7.3041728217505915, 5.3449089084847845, 5.691050044587554, 4.713570012209429, 5.104201223502067, 3.431397823045297, 2.8304554792471124, 3.4803251471665693, 2.7948167542792497, 2.150023206851498, 1.0957129642383536, 1.095579161904789, 1.0933319441048084, 3.224387372819835], [7.4440873570908614, 6.2604431480527, 4.92533252278463, 3.786606250985175, 2.405273042712615, 1.4277884577205406, 2.3784430663776672, 0.0, 7.5754759309234165, 8.366605730521787, 7.5326985835091, 6.485178352212065, 6.435107794745943, 5.064381482471478, 5.001633034319892, 4.056995324128437, 4.14738900273413, 2.5966679591353223, 2.6583294547516116, 2.0447383817985125, 2.5867879116773373, 2.6763191252165726, 3.3455085981058246, 0.9724210764889868], [1.09468815650851, 2.1685859609432137, 2.7819577926345325, 4.200373680995538, 5.199390057497129, 6.617285919468797, 7.036056018821909, 7.5754759309234165, 0.0, 1.7719414465495182, 1.7747351041775221, 2.502522083818642, 3.065189225806459, 2.560386740318736, 3.1113765619095357, 4.729012981585058, 4.3746826582050495, 5.328084455974774, 5.113419156494019, 6.9662712759409535, 8.121943262544994, 6.9554423640772125, 6.671327902299512, 7.581268551502446], [1.0943805051260735, 2.1590976772716886, 3.4707728202808092, 4.679213817512511, 5.970335660580567, 7.234982563213266, 7.63255549013566, 8.366605730521787, 1.7719414465495182, 0.0, 1.7719075878837476, 2.4729621327468805, 2.473199130680747, 3.753905050743825, 3.752813549858293, 4.836717123214878, 4.823984607147913, 6.103983340409768, 6.163962237067972, 7.344046127306118, 8.66326068463832, 7.761212460047721, 7.076461755001578, 8.359541412063225], [1.0947151638668389, 2.1686127777913695, 2.7820660973456395, 4.200196953715385, 5.20056644030244, 6.58841241802606, 7.3041728217505915, 7.5326985835091, 1.7747351041775221, 1.7719075878837476, 0.0, 3.0650938990510546, 2.5026441896522167, 3.1127940551857907, 2.5591879454233135, 4.384169286193224, 4.718419045612629, 5.043229384035589, 5.420104008227148, 6.699174667076535, 8.33850427175042, 7.453181847372302, 6.9705564031861895, 7.350635831001288], [2.1461278293708412, 1.0961561430745166, 2.1626986798904744, 2.760015463724796, 4.178672929292265, 5.234452362950684, 5.3449089084847845, 6.485178352212065, 2.502522083818642, 2.4729621327468805, 3.0650938990510546, 0.0, 1.764866479368907, 2.50858890613827, 3.066960946931017, 3.090090739768009, 2.5214915546160372, 4.68677706425215, 4.3773828996330675, 5.439178683404325, 6.3610762941502275, 5.466861492666519, 4.702175268957975, 6.697181706509089], [2.1462908726451784, 1.0961686366613488, 2.1626045847542263, 2.759433023285762, 4.179810739734516, 5.197778491817442, 5.691050044587554, 6.435107794745943, 3.065189225806459, 2.473199130680747, 2.5026441896522167, 1.764866479368907, 0.0, 3.067315009906873, 2.5082590775276783, 2.5341355863489228, 3.076444186069365, 4.361797874730098, 4.729825370983584, 5.0942727979565445, 6.63355788924767, 6.083987096468894, 5.115358561234979, 6.43610130591494], [2.750842281920212, 2.1595224310018177, 1.0968585414719623, 2.1608590282570495, 2.751081272881628, 4.208524482523536, 4.713570012209429, 5.064381482471478, 2.560386740318736, 3.753905050743825, 3.1127940551857907, 2.50858890613827, 3.067315009906873, 0.0, 1.7650886351682171, 3.065971920941221, 2.5013451381206875, 3.0176207995704165, 2.5533808744486204, 4.739985958839962, 5.800382813228795, 4.591893598505958, 4.592790461146688, 5.1358107938279804], [2.7496430950216064, 2.1589353487309437, 1.0968616457876537, 2.1613123906552705, 2.754288456207882, 4.164371723321539, 5.104201223502067, 5.001633034319892, 3.1113765619095357, 3.752813549858293, 2.5591879454233135, 3.066960946931017, 2.5082590775276783, 1.7650886351682171, 0.0, 2.5057574204220168, 3.0609668064191746, 2.484421272650836, 3.120499774074659, 4.3413736604904205, 6.09949499139068, 5.313074871484496, 5.016357360675174, 4.791835479229227], [4.167710856093546, 2.7553822402708485, 2.1604056424662477, 1.0966408801426288, 2.159750214723916, 2.7637547322438003, 3.431397823045297, 4.056995324128437, 4.729012981585058, 4.836717123214878, 4.384169286193224, 3.090090739768009, 2.5341355863489228, 3.065971920941221, 2.5057574204220168, 0.0, 1.766020254696984, 2.53523918201025, 3.0698126473776863, 2.5631810724176316, 4.288635780758258, 4.0514655792688155, 3.0595686101148316, 4.138615020752716], [4.15625414526109, 2.742808653552048, 2.153341607827239, 1.0957185496285076, 2.16517473890677, 2.842715282964511, 2.8304554792471124, 4.14738900273413, 4.3746826582050495, 4.823984607147913, 4.718419045612629, 2.5214915546160372, 3.076444186069365, 2.5013451381206875, 3.0609668064191746, 1.766020254696984, 0.0, 3.067079133312344, 2.500039989680165, 3.203237438904584, 3.8639692027758192, 3.0569711742180363, 2.3101041318520688, 4.544685182716179], [5.122203835264661, 4.146577858909682, 2.7134164092523654, 2.1586060154646103, 1.098009052785996, 2.151500185916794, 3.4803251471665693, 2.5966679591353223, 5.328084455974774, 6.103983340409768, 5.043229384035589, 4.68677706425215, 4.361797874730098, 3.0176207995704165, 2.484421272650836, 2.53523918201025, 3.067079133312344, 0.0, 1.7463563382082135, 2.5097614906600185, 4.293030450625758, 3.7596863286715823, 3.878343114011446, 2.312655395859919], [5.1926721935820295, 4.193341622143371, 2.780693832481383, 2.166081358121158, 1.0978237654560044, 2.1635436880266594, 2.7948167542792497, 2.6583294547516116, 5.113419156494019, 6.163962237067972, 5.420104008227148, 4.3773828996330675, 4.729825370983584, 2.5533808744486204, 3.120499774074659, 3.0698126473776863, 2.500039989680165, 1.7463563382082135, 0.0, 3.074127118386616, 3.7651347957277705, 2.5831028067035966, 3.2353012425429566, 2.92235810605066], [6.574094870778791, 5.215016496618203, 4.198497037035991, 2.8089017978562367, 2.1711121988510866, 1.0957583173309706, 2.150023206851498, 2.0447383817985125, 6.9662712759409535, 7.344046127306118, 6.699174667076535, 5.439178683404325, 5.0942727979565445, 4.739985958839962, 4.3413736604904205, 2.5631810724176316, 3.203237438904584, 2.5097614906600185, 3.074127118386616, 0.0, 2.505499976052684, 3.068393848579416, 2.4982410232001233, 2.2740003825857196], [7.94675165083193, 6.532634772432942, 5.6001766186433795, 4.140617420144005, 3.495115793503843, 2.162307290835417, 1.0957129642383536, 2.5867879116773373, 8.121943262544994, 8.66326068463832, 8.33850427175042, 6.3610762941502275, 6.63355788924767, 5.800382813228795, 6.09949499139068, 4.288635780758258, 3.8639692027758192, 4.293030450625758, 3.7651347957277705, 2.505499976052684, 0.0, 1.7567973702166109, 1.7725619707079352, 3.476546500480038], [6.983786588950152, 5.705816711917761, 4.684844146820682, 3.467141644063594, 2.7895972128606665, 2.170017451542729, 1.095579161904789, 2.6763191252165726, 6.9554423640772125, 7.761212460047721, 7.453181847372302, 5.466861492666519, 6.083987096468894, 4.591893598505958, 5.313074871484496, 4.0514655792688155, 3.0569711742180363, 3.7596863286715823, 2.5831028067035966, 3.068393848579416, 1.7567973702166109, 0.0, 1.7793963976584868, 3.5707669274260954], [6.455778123510751, 5.0022562719237005, 4.318414618815567, 2.8752487718456643, 2.8765238378987927, 2.180112396185114, 1.0933319441048084, 3.3455085981058246, 6.671327902299512, 7.076461755001578, 6.9705564031861895, 4.702175268957975, 5.115358561234979, 4.592790461146688, 5.016357360675174, 3.0595686101148316, 2.3101041318520688, 3.878343114011446, 3.2353012425429566, 2.4982410232001233, 1.7725619707079352, 1.7793963976584868, 0.0, 4.088935163340206], [7.404277526538291, 6.314885197689662, 4.931304915537063, 3.960278526821062, 2.5510258446358396, 1.954969736338647, 3.224387372819835, 0.9724210764889868, 7.581268551502446, 8.359541412063225, 7.350635831001288, 6.697181706509089, 6.43610130591494, 5.1358107938279804, 4.791835479229227, 4.138615020752716, 4.544685182716179, 2.312655395859919, 2.92235810605066, 2.2740003825857196, 3.476546500480038, 3.5707669274260954, 4.088935163340206, 0.0]]}