{"total energy": -61.20414547, "HOMO-LUMO gap/eV": 2.55709736, "electronic energy": -62.02825272, "dipole": [-0.14752291, -1.51871611, -0.42809957], "partial charges": [-0.4451331, 0.26062717, -0.06680622, -0.01451577, -0.03411081, -0.03180627, 0.00732597, -0.04634986, -0.05953211, 0.12443847, -0.28225482, 0.21277211, -0.2825084, 0.12427325, -0.06378264, -0.11544598, 0.00532216, -0.05979275, -0.05577596, -0.05877317, 0.00220053, 0.03935539, 0.06393315, 0.04117503, 0.0504444, 0.04735504, 0.05512992, 0.05379026, 0.05355869, 0.05706133, 0.06911051, 0.03656305, 0.04529835, 0.03584904, 0.03381447, 0.03250656, 0.03537674, 0.0381674, 0.0471912, 0.04394766], "atomic dipole moments": [[0.01622914, -0.17137275, -0.09741623], [-0.05759548, 0.01500794, -0.00104524], [-0.0921366, 0.01611911, -0.01959306], [0.07276718, -0.00882858, 0.01272829], [-0.07533932, 0.00866585, -0.01974174], [0.09367625, -0.01088305, 0.01620442], [-0.01687523, 0.02311831, -0.00122304], [0.0266452, 0.01230441, 0.00692764], [0.03943524, 0.02832677, 0.00814999], [0.2729437, -0.02038772, -0.01033284], [-0.08762585, 0.20085153, 0.06629352], [-0.31018034, -0.0560807, -0.0125461], [-0.00674344, -0.21777732, -0.07108786], [0.25097859, 0.11203229, 0.03213126], [0.0288808, -0.02000907, -0.01339131], [-0.05566253, -0.0537529, 0.06334882], [0.11549894, -0.10656714, 0.05152163], [0.03572746, -0.04774261, -0.10562845], [0.10258101, 0.0613721, -0.00438507], [-0.04136816, 0.08417024, -0.0737098], [-0.01934063, 0.1105525, 0.10394056], [0.01775533, -0.07949753, -0.12798573], [-0.02599874, 0.09220137, 0.12182178], [0.023845, -0.08552982, -0.12268429], [-0.01993737, 0.08933156, 0.12171477], [-0.11135784, -0.10103776, -0.02584645], [0.0282553, -0.14620524, -0.04646065], [0.07235786, -0.01805703, 0.09768583], [0.06872194, 0.04353173, -0.09209036], [-0.02175613, 0.14761427, 0.04775298], [0.00029007, 0.13222506, 0.01849244], [-0.06531653, -0.01519296, -0.10097942], [0.06382079, 0.02809732, 0.10760433], [-0.11656869, 0.04288523, 0.01827671], [-0.04205103, -0.05375631, 0.10459011], [-0.08191337, -0.03057759, -0.08678766], [-0.00957052, -0.12250248, -0.02323126], [0.07521001, 0.00860099, 0.10200977], [0.1136815, -0.0566914, -0.02412851], [-0.06510419, -0.01749162, -0.10255312]], "atomic quadrupole moments": [[-0.11267489, -0.00292865, -0.01019658, -0.00036231, -0.09684132, 0.12287147], [-0.24008793, 0.00332, -0.08805452, 0.00093274, -0.32190401, 0.32814245], [-0.15289297, 0.05293117, 0.30483224, -0.16330705, -0.32962488, -0.15193928], [-0.16801325, 0.09780274, 0.28397154, -0.15167225, -0.4139035, -0.11595828], [-0.15704667, 0.08333566, 0.25830463, -0.14102258, -0.37505065, -0.10125796], [-0.15703667, 0.08577419, 0.27085588, -0.16849031, -0.39946741, -0.11381921], [-0.11309064, -0.03895786, -0.25534309, 0.01044486, -0.20320807, 0.36843373], [-0.21582026, -0.00375031, -0.22734598, 0.02293257, -0.20330099, 0.44316624], [-0.21926945, 0.04945002, -0.18852686, 0.02716101, -0.20950151, 0.40779631], [0.16730548, -0.12506284, -0.3079902, -0.03946565, -0.15951168, 0.14068472], [0.07057098, 0.04642476, 0.04065687, 0.01167191, 0.05384996, -0.11122785], [0.19141668, -0.02196732, 0.25609187, -0.02012353, 0.25570449, -0.44750854], [0.10110776, -0.02898293, 0.01325522, -0.0134789, 0.04711837, -0.11436298], [0.00535455, 0.26166048, -0.15984181, 0.08661314, -0.12014773, 0.15448726], [-0.17063308, -0.02954667, -0.21802328, 0.00304076, -0.21595816, 0.38865636], [0.00099777, -0.03354601, 0.03644015, -0.02130846, 0.02904784, -0.03743792], [0.20536342, -0.09032693, -0.13539438, -0.14437874, -0.07788364, -0.06996904], [-0.15180935, 0.06772421, 0.16486528, -0.13053509, -0.07707617, -0.01305593], [0.05699688, -0.0917341, 0.14101945, -0.06989639, 0.06148925, -0.19801633], [0.08375863, -0.0367517, -0.07906063, -0.17444768, -0.11069398, -0.004698], [-0.15983404, 0.07338979, 0.22469887, -0.10159998, -0.00822033, -0.06486483], [0.0274174, -0.00399656, -0.02554699, 0.01062179, 0.04669565, -0.00187041], [0.03287672, -0.01005388, -0.03787308, 0.01659946, 0.03580777, 0.00499636], [0.03005665, -0.01537412, -0.03045216, 0.01482906, 0.04188169, 0.00039551], [0.03456022, -0.01139377, -0.02908402, 0.01363656, 0.04368574, -0.0054762], [0.03998994, -0.00337746, 0.01810962, -0.00251851, 0.02717139, -0.05809956], [0.02825465, -0.00258311, 0.02131131, -0.00283446, 0.02443606, -0.04956596], [-0.01245316, -0.00990992, -0.01024496, 0.02852254, -0.00516557, 0.02269812], [-0.01472914, 0.00798875, -0.00346348, -0.02770374, -0.01444437, 0.01819262], [0.02493285, -0.00231864, 0.02183202, -0.00158343, 0.02569187, -0.04676487], [-0.01394951, 0.01732342, 0.03714121, -0.00559732, 0.01703436, -0.02319171], [0.01723891, 0.01102422, -0.04171655, 0.02948611, 0.02325812, 0.02447764], [-0.00601705, 0.02079235, -0.01018696, 0.04470047, 1.517e-05, 0.01620401], [0.05355954, -0.02584306, -0.01483996, -0.00680865, -0.0011796, -0.03871958], [-0.02671752, 0.00252032, -0.01142367, -0.02268591, -0.03035898, 0.03814119], [-0.00210732, -0.00859481, -0.01776687, 0.04587623, 0.02293424, 0.01987419], [-0.02407324, 0.01135408, 0.05330417, -0.0037481, 0.02748842, -0.02923093], [0.0168978, 0.01416891, -0.04462792, 0.0274657, 0.01734875, 0.02773012], [0.0559967, -0.01027671, -0.02222224, -0.01126807, -0.00875473, -0.03377445], [-0.00656771, 0.01453888, -0.00491207, 0.04748988, 0.00235884, 0.01147978]], "number of molecular orbitals": 103, "number of electrons": 110, "number of unpaired electrons": 0, "orbital energies/eV": [-20.43082581, -19.96706033, -18.5907701, -18.4553925, -17.9892725, -17.93967821, -17.88359874, -17.44287831, -17.37042063, -17.27760288, -17.20488962, -17.00831985, -16.76658321, -16.63310968, -16.40906547, -16.36344074, -16.19105211, -15.84965789, -15.6501337, -15.32799643, -15.2184021, -15.05014479, -14.94302862, -14.8805243, -14.61087181, -14.51920198, -14.37555457, -14.26273791, -14.25558414, -14.02662063, -13.87628737, -13.8513138, -13.73453827, -13.59402488, -13.5581965, -13.50057573, -13.30784833, -13.1866039, -13.17822359, -12.9560982, -12.76923375, -12.43693622, -12.36287719, -12.25011592, -12.18648176, -12.08637189, -12.04870742, -11.89585737, -11.78964934, -11.75728677, -11.19788841, -10.71493638, -10.42584956, -10.25031521, -10.08815309, -7.53105574, -6.3048545, -6.04208127, -4.99850579, -3.70226698, -2.52132271, -0.32654649, -0.28567726, -0.02093127, 1.6991453, 1.9219289, 2.04941493, 2.21699897, 2.50573395, 2.58034218, 2.82441341, 2.9155161, 3.28720563, 3.31021926, 3.69444925, 3.89661363, 4.24430469, 4.30659396, 4.37344489, 4.5010395, 4.54433195, 4.67148682, 4.9671076, 5.06244697, 5.07788002, 5.69385311, 6.07075706, 6.43074502, 6.7837561, 7.47682346, 7.65639783, 8.39507346, 9.11376395, 10.17829067, 10.905595, 11.17203984, 11.9626091, 12.2977782, 14.17391415, 16.06900874, 16.95698239, 17.87178466, 18.57803637], "fractional occupation": [2.0, 2.0, 2.0, 2.0, 2.0, 2.0, 2.0, 2.0, 2.0, 2.0, 2.0, 2.0, 2.0, 2.0, 2.0, 2.0, 2.0, 2.0, 2.0, 2.0, 2.0, 2.0, 2.0, 2.0, 2.0, 2.0, 2.0, 2.0, 2.0, 2.0, 2.0, 2.0, 2.0, 2.0, 2.0, 2.0, 2.0, 2.0, 2.0, 2.0, 2.0, 2.0, 2.0, 2.0, 2.0, 2.0, 2.0, 2.0, 2.0, 2.0, 2.0, 2.0, 2.0, 2.0, 2.0, 0.0, 0.0, 0.0, 0.0, 0.0, 0.0, 0.0, 0.0, 0.0, 0.0, 0.0, 0.0, 0.0, 0.0, 0.0, 0.0, 0.0, 0.0, 0.0, 0.0, 0.0, 0.0, 0.0, 0.0, 0.0, 0.0, 0.0, 0.0, 0.0, 0.0, 0.0, 0.0, 0.0, 0.0, 0.0, 0.0, 0.0, 0.0, 0.0, 0.0, 0.0, 0.0, 0.0, 0.0, 0.0, 0.0, 0.0, 0.0], "program call": "xtb /home/svss/Project-DBcg-Debug/aqme2_20220329/End-to-End-workflows-final/example-3/QDESCP/mol_1091_rdkit_conf_6/mol_1091_rdkit_conf_6.xyz --pop --wbo --acc 0.2 --gfn 2 --chrg 0 --uhf 0 --etemp 300 --input /home/svss/Project-DBcg-Debug/aqme2_20220329/End-to-End-workflows-final/example-3/QDESCP/mol_1091_rdkit_conf_6/mol_1091_rdkit_conf_6_xtb.inp", "method": "GFN2-xTB", "xtb version": "6.3.3 (7355c4f)", "Dipole module/D": 4.028, "Total charge": 0, "Transition dipole module/D": NaN, "HOMO": -10.0882, "LUMO": -7.5311, "HOMO occupancy": 2.0, "LUMO occupancy": 0, "mulliken charges": [-0.56119, 0.46155, -0.08309, 0.00822, -0.03585, -0.02256, -0.00257, -0.05123, -0.07034, 0.21912, -0.42431, 0.39131, -0.42434, 0.22027, -0.07977, -0.29035, 0.09499, -0.05632, -0.045, -0.05525, 0.08631, 0.03404, 0.05152, 0.02926, 0.03851, 0.03549, 0.05184, 0.04781, 0.04775, 0.05432, 0.05829, 0.02215, 0.04188, 0.02971, 0.03005, 0.02216, 0.02941, 0.03359, 0.03157, 0.03106], "cm5 charges": [-0.60672, 0.5554, -0.13147, -0.04671, -0.09237, -0.07701, -0.01324, -0.10335, -0.12061, 0.24211, -0.49813, 0.33821, -0.49818, 0.24324, -0.12744, -0.5456, 0.04815, -0.15996, -0.1526, -0.1591, 0.03714, 0.09469, 0.11195, 0.08688, 0.0956, 0.09206, 0.10961, 0.1173, 0.11722, 0.11299, 0.12733, 0.08789, 0.09989, 0.0843, 0.08429, 0.07781, 0.08395, 0.09105, 0.09687, 0.09656], "FUKUI+": [-0.074, -0.024, -0.053, -0.033, -0.031, -0.051, -0.022, -0.017, -0.015, -0.039, -0.041, 0.015, -0.033, -0.019, -0.021, -0.042, 0.012, 0.005, 0.008, 0.003, 0.009, -0.058, -0.052, -0.051, -0.056, -0.031, -0.044, -0.031, -0.031, -0.037, -0.013, -0.027, -0.004, -0.023, -0.019, -0.015, -0.02, -0.001, -0.0, -0.026], "FUKUI-": [-0.068, -0.005, -0.022, -0.012, -0.021, -0.017, -0.025, -0.024, -0.015, -0.029, -0.068, 0.018, -0.058, -0.021, -0.01, -0.067, 0.01, 0.001, 0.009, 0.001, 0.01, -0.031, -0.028, -0.028, -0.035, -0.034, -0.04, -0.051, -0.05, -0.034, -0.024, -0.038, -0.016, -0.031, -0.035, -0.022, -0.028, -0.013, -0.018, -0.034], "FUKUIrad": [-0.071, -0.015, -0.037, -0.023, -0.026, -0.034, -0.023, -0.02, -0.015, -0.034, -0.055, 0.016, -0.045, -0.02, -0.016, -0.055, 0.011, 0.003, 0.009, 0.002, 0.01, -0.044, -0.04, -0.039, -0.046, -0.032, -0.042, -0.041, -0.04, -0.036, -0.018, -0.032, -0.01, -0.027, -0.027, -0.018, -0.024, -0.007, -0.009, -0.03], "s proportion": [1.732, 0.996, 1.075, 1.069, 1.063, 1.071, 1.079, 1.062, 1.052, 1.014, 1.706, 0.972, 1.706, 1.015, 1.055, 1.453, 1.006, 1.033, 1.029, 1.033, 1.008, 0.966, 0.948, 0.971, 0.961, 0.965, 0.948, 0.952, 0.952, 0.946, 0.942, 0.978, 0.958, 0.97, 0.97, 0.978, 0.971, 0.966, 0.968, 0.969], "p proportion": [4.829, 2.543, 3.008, 2.922, 2.973, 2.951, 2.924, 2.989, 3.019, 2.767, 4.718, 2.636, 4.718, 2.765, 3.025, 3.837, 2.899, 3.024, 3.016, 3.022, 2.906, 0.0, 0.0, 0.0, 0.0, 0.0, 0.0, 0.0, 0.0, 0.0, 0.0, 0.0, 0.0, 0.0, 0.0, 0.0, 0.0, 0.0, 0.0, 0.0], "d proportion": [0.0, 0.0, 0.0, 0.0, 0.0, 0.0, 0.0, 0.0, 0.0, 0.0, 0.0, 0.0, 0.0, 0.0, 0.0, 0.0, 0.0, 0.0, 0.0, 0.0, 0.0, 0.0, 0.0, 0.0, 0.0, 0.0, 0.0, 0.0, 0.0, 0.0, 0.0, 0.0, 0.0, 0.0, 0.0, 0.0, 0.0, 0.0, 0.0, 0.0], "Fermi-level/eV": -8.8096, "Coordination numbers": [0.858, 2.764, 2.896, 2.902, 2.898, 2.902, 2.972, 2.921, 2.91, 3.051, 1.705, 3.927, 1.705, 3.048, 2.918, 2.732, 3.75, 3.802, 3.802, 3.802, 3.743, 0.926, 0.925, 0.925, 0.925, 0.925, 0.925, 0.924, 0.924, 0.925, 0.924, 0.924, 0.924, 0.924, 0.924, 0.924, 0.924, 0.924, 0.924, 0.924], "Dispersion coefficient C6": [22.604, 22.609, 29.662, 28.374, 28.848, 28.792, 27.853, 29.151, 29.48, 25.225, 18.686, 17.216, 18.69, 25.232, 29.587, 23.516, 20.55, 21.65, 21.576, 21.631, 20.615, 2.457, 2.154, 2.433, 2.314, 2.353, 2.257, 2.273, 2.276, 2.234, 2.095, 2.495, 2.38, 2.505, 2.533, 2.551, 2.511, 2.474, 2.355, 2.397], "Total dispersion C6": 17486.456313, "Total dispersion C8": 410372.634271, "Polarizability alpha": [6.374, 7.787, 8.93, 8.734, 8.806, 8.798, 8.657, 8.854, 8.903, 8.237, 5.836, 5.897, 5.837, 8.238, 8.92, 7.202, 6.465, 6.624, 6.613, 6.622, 6.477, 2.451, 2.295, 2.439, 2.379, 2.399, 2.349, 2.358, 2.359, 2.337, 2.264, 2.47, 2.412, 2.475, 2.489, 2.498, 2.478, 2.46, 2.4, 2.421], "Total polarizability alpha": 204.546908, "Wiberg matrix": [[0.0, 1.6566308206579465, 0.0, 0.0, 0.0, 0.0, 0.0, 0.0, 0.0, 0.0, 0.0, 0.0, 0.0, 0.0, 0.0, 0.18748294802987175, 0.0, 0.0, 0.0, 0.0, 0.0, 0.0, 0.0, 0.0, 0.0, 0.0, 0.0, 0.0, 0.0, 0.0, 0.0, 0.0, 0.0, 0.0, 0.0, 0.0, 0.0, 0.0, 0.0, 0.0], [1.6566308206579465, 0.0, 1.0228433893099007, 0.0, 0.0, 0.0, 0.0, 0.0, 0.0, 0.0, 0.0, 0.0, 0.0, 0.0, 0.0, 1.1945309015936645, 0.0, 0.0, 0.0, 0.0, 0.0, 0.0, 0.0, 0.0, 0.0, 0.0, 0.0, 0.0, 0.0, 0.0, 0.0, 0.0, 0.0, 0.0, 0.0, 0.0, 0.0, 0.0, 0.0, 0.0], [0.0, 1.0228433893099007, 0.0, 1.774469156304771, 0.0, 0.12006360550548754, 0.0, 0.0, 0.0, 0.0, 0.0, 0.0, 0.0, 0.0, 0.0, 0.0, 0.0, 0.0, 0.0, 0.0, 0.0, 0.9589131629431761, 0.0, 0.0, 0.0, 0.0, 0.0, 0.0, 0.0, 0.0, 0.0, 0.0, 0.0, 0.0, 0.0, 0.0, 0.0, 0.0, 0.0, 0.0], [0.0, 0.0, 1.774469156304771, 0.0, 1.1484165627559022, 0.0, 0.0, 0.0, 0.0, 0.0, 0.0, 0.0, 0.0, 0.0, 0.0, 0.0, 0.0, 0.0, 0.0, 0.0, 0.0, 0.0, 0.9586583500527808, 0.0, 0.0, 0.0, 0.0, 0.0, 0.0, 0.0, 0.0, 0.0, 0.0, 0.0, 0.0, 0.0, 0.0, 0.0, 0.0, 0.0], [0.0, 0.0, 0.0, 1.1484165627559022, 0.0, 1.7627630362187927, 0.0, 0.0, 0.0, 0.0, 0.0, 0.0, 0.0, 0.0, 0.0, 0.0, 0.0, 0.0, 0.0, 0.0, 0.0, 0.0, 0.0, 0.9616033721598501, 0.0, 0.0, 0.0, 0.0, 0.0, 0.0, 0.0, 0.0, 0.0, 0.0, 0.0, 0.0, 0.0, 0.0, 0.0, 0.0], [0.0, 0.0, 0.12006360550548754, 0.0, 1.7627630362187927, 0.0, 1.0841011359602657, 0.0, 0.0, 0.0, 0.0, 0.0, 0.0, 0.0, 0.0, 0.0, 0.0, 0.0, 0.0, 0.0, 0.0, 0.0, 0.0, 0.0, 0.9580941846431392, 0.0, 0.0, 0.0, 0.0, 0.0, 0.0, 0.0, 0.0, 0.0, 0.0, 0.0, 0.0, 0.0, 0.0, 0.0], [0.0, 0.0, 0.0, 0.0, 0.0, 1.0841011359602657, 0.0, 1.3813414378652487, 0.0, 0.0, 0.0, 0.0, 0.0, 0.0, 1.3620137049215042, 0.0, 0.0, 0.0, 0.0, 0.0, 0.0, 0.0, 0.0, 0.0, 0.0, 0.0, 0.0, 0.0, 0.0, 0.0, 0.0, 0.0, 0.0, 0.0, 0.0, 0.0, 0.0, 0.0, 0.0, 0.0], [0.0, 0.0, 0.0, 0.0, 0.0, 0.0, 1.3813414378652487, 0.0, 1.4316835011138243, 0.0, 0.0, 0.0, 0.0, 0.0, 0.0, 0.0, 0.0, 0.0, 0.0, 0.0, 0.0, 0.0, 0.0, 0.0, 0.0, 0.9692336224217184, 0.0, 0.0, 0.0, 0.0, 0.0, 0.0, 0.0, 0.0, 0.0, 0.0, 0.0, 0.0, 0.0, 0.0], [0.0, 0.0, 0.0, 0.0, 0.0, 0.0, 0.0, 1.4316835011138243, 0.0, 1.3926079217883738, 0.0, 0.0, 0.0, 0.0, 0.0, 0.0, 0.0, 0.0, 0.0, 0.0, 0.0, 0.0, 0.0, 0.0, 0.0, 0.0, 0.9673609637731452, 0.0, 0.0, 0.0, 0.0, 0.0, 0.0, 0.0, 0.0, 0.0, 0.0, 0.0, 0.0, 0.0], [0.0, 0.0, 0.0, 0.0, 0.0, 0.0, 0.0, 0.0, 1.3926079217883738, 0.0, 1.0306419077074835, 0.0, 0.0, 1.3079551148452797, 0.0, 0.0, 0.0, 0.0, 0.0, 0.0, 0.0, 0.0, 0.0, 0.0, 0.0, 0.0, 0.0, 0.0, 0.0, 0.0, 0.0, 0.0, 0.0, 0.0, 0.0, 0.0, 0.0, 0.0, 0.0, 0.0], [0.0, 0.0, 0.0, 0.0, 0.0, 0.0, 0.0, 0.0, 0.0, 1.0306419077074835, 0.0, 0.970900977796507, 0.0, 0.0, 0.0, 0.0, 0.0, 0.0, 0.0, 0.0, 0.0, 0.0, 0.0, 0.0, 0.0, 0.0, 0.0, 0.0, 0.0, 0.0, 0.0, 0.0, 0.0, 0.0, 0.0, 0.0, 0.0, 0.0, 0.0, 0.0], [0.0, 0.0, 0.0, 0.0, 0.0, 0.0, 0.0, 0.0, 0.0, 0.0, 0.970900977796507, 0.0, 0.9716027709318237, 0.0, 0.0, 0.0, 0.0, 0.0, 0.0, 0.0, 0.0, 0.0, 0.0, 0.0, 0.0, 0.0, 0.0, 0.967134367142797, 0.9671537164270672, 0.0, 0.0, 0.0, 0.0, 0.0, 0.0, 0.0, 0.0, 0.0, 0.0, 0.0], [0.0, 0.0, 0.0, 0.0, 0.0, 0.0, 0.0, 0.0, 0.0, 0.0, 0.0, 0.9716027709318237, 0.0, 1.0295116027858895, 0.0, 0.0, 0.0, 0.0, 0.0, 0.0, 0.0, 0.0, 0.0, 0.0, 0.0, 0.0, 0.0, 0.0, 0.0, 0.0, 0.0, 0.0, 0.0, 0.0, 0.0, 0.0, 0.0, 0.0, 0.0, 0.0], [0.0, 0.0, 0.0, 0.0, 0.0, 0.0, 0.0, 0.0, 0.0, 1.3079551148452797, 0.0, 0.0, 1.0295116027858895, 0.0, 1.408740724543158, 0.0, 0.0, 0.0, 0.0, 0.0, 0.0, 0.0, 0.0, 0.0, 0.0, 0.0, 0.0, 0.0, 0.0, 0.0, 0.0, 0.0, 0.0, 0.0, 0.0, 0.0, 0.0, 0.0, 0.0, 0.0], [0.0, 0.0, 0.0, 0.0, 0.0, 0.0, 1.3620137049215042, 0.0, 0.0, 0.0, 0.0, 0.0, 0.0, 1.408740724543158, 0.0, 0.0, 0.0, 0.0, 0.0, 0.0, 0.0, 0.0, 0.0, 0.0, 0.0, 0.0, 0.0, 0.0, 0.0, 0.9663581142758579, 0.0, 0.0, 0.0, 0.0, 0.0, 0.0, 0.0, 0.0, 0.0, 0.0], [0.18748294802987175, 1.1945309015936645, 0.0, 0.0, 0.0, 0.0, 0.0, 0.0, 0.0, 0.0, 0.0, 0.0, 0.0, 0.0, 0.0, 0.0, 0.987715589497853, 0.0, 0.0, 0.0, 0.9894950201664288, 0.0, 0.0, 0.0, 0.0, 0.0, 0.0, 0.0, 0.0, 0.0, 0.0, 0.0, 0.0, 0.0, 0.0, 0.0, 0.0, 0.0, 0.0, 0.0], [0.0, 0.0, 0.0, 0.0, 0.0, 0.0, 0.0, 0.0, 0.0, 0.0, 0.0, 0.0, 0.0, 0.0, 0.0, 0.987715589497853, 0.0, 0.9989415147834413, 0.0, 0.0, 0.0, 0.0, 0.0, 0.0, 0.0, 0.0, 0.0, 0.0, 0.0, 0.0, 0.9684603958942204, 0.9691192789162687, 0.0, 0.0, 0.0, 0.0, 0.0, 0.0, 0.0, 0.0], [0.0, 0.0, 0.0, 0.0, 0.0, 0.0, 0.0, 0.0, 0.0, 0.0, 0.0, 0.0, 0.0, 0.0, 0.0, 0.0, 0.9989415147834413, 0.0, 1.0083487414627599, 0.0, 0.0, 0.0, 0.0, 0.0, 0.0, 0.0, 0.0, 0.0, 0.0, 0.0, 0.0, 0.0, 0.9768156488274289, 0.9754228023180158, 0.0, 0.0, 0.0, 0.0, 0.0, 0.0], [0.0, 0.0, 0.0, 0.0, 0.0, 0.0, 0.0, 0.0, 0.0, 0.0, 0.0, 0.0, 0.0, 0.0, 0.0, 0.0, 0.0, 1.0083487414627599, 0.0, 1.0084883365207864, 0.0, 0.0, 0.0, 0.0, 0.0, 0.0, 0.0, 0.0, 0.0, 0.0, 0.0, 0.0, 0.0, 0.0, 0.9768983607170735, 0.9780926149103597, 0.0, 0.0, 0.0, 0.0], [0.0, 0.0, 0.0, 0.0, 0.0, 0.0, 0.0, 0.0, 0.0, 0.0, 0.0, 0.0, 0.0, 0.0, 0.0, 0.0, 0.0, 0.0, 1.0084883365207864, 0.0, 0.9962107787601373, 0.0, 0.0, 0.0, 0.0, 0.0, 0.0, 0.0, 0.0, 0.0, 0.0, 0.0, 0.0, 0.0, 0.0, 0.0, 0.9750385170131506, 0.9775583210751632, 0.0, 0.0], [0.0, 0.0, 0.0, 0.0, 0.0, 0.0, 0.0, 0.0, 0.0, 0.0, 0.0, 0.0, 0.0, 0.0, 0.0, 0.9894950201664288, 0.0, 0.0, 0.0, 0.9962107787601373, 0.0, 0.0, 0.0, 0.0, 0.0, 0.0, 0.0, 0.0, 0.0, 0.0, 0.0, 0.0, 0.0, 0.0, 0.0, 0.0, 0.0, 0.0, 0.9672105433677726, 0.9697263288327616], [0.0, 0.0, 0.9589131629431761, 0.0, 0.0, 0.0, 0.0, 0.0, 0.0, 0.0, 0.0, 0.0, 0.0, 0.0, 0.0, 0.0, 0.0, 0.0, 0.0, 0.0, 0.0, 0.0, 0.0, 0.0, 0.0, 0.0, 0.0, 0.0, 0.0, 0.0, 0.0, 0.0, 0.0, 0.0, 0.0, 0.0, 0.0, 0.0, 0.0, 0.0], [0.0, 0.0, 0.0, 0.9586583500527808, 0.0, 0.0, 0.0, 0.0, 0.0, 0.0, 0.0, 0.0, 0.0, 0.0, 0.0, 0.0, 0.0, 0.0, 0.0, 0.0, 0.0, 0.0, 0.0, 0.0, 0.0, 0.0, 0.0, 0.0, 0.0, 0.0, 0.0, 0.0, 0.0, 0.0, 0.0, 0.0, 0.0, 0.0, 0.0, 0.0], [0.0, 0.0, 0.0, 0.0, 0.9616033721598501, 0.0, 0.0, 0.0, 0.0, 0.0, 0.0, 0.0, 0.0, 0.0, 0.0, 0.0, 0.0, 0.0, 0.0, 0.0, 0.0, 0.0, 0.0, 0.0, 0.0, 0.0, 0.0, 0.0, 0.0, 0.0, 0.0, 0.0, 0.0, 0.0, 0.0, 0.0, 0.0, 0.0, 0.0, 0.0], [0.0, 0.0, 0.0, 0.0, 0.0, 0.9580941846431392, 0.0, 0.0, 0.0, 0.0, 0.0, 0.0, 0.0, 0.0, 0.0, 0.0, 0.0, 0.0, 0.0, 0.0, 0.0, 0.0, 0.0, 0.0, 0.0, 0.0, 0.0, 0.0, 0.0, 0.0, 0.0, 0.0, 0.0, 0.0, 0.0, 0.0, 0.0, 0.0, 0.0, 0.0], [0.0, 0.0, 0.0, 0.0, 0.0, 0.0, 0.0, 0.9692336224217184, 0.0, 0.0, 0.0, 0.0, 0.0, 0.0, 0.0, 0.0, 0.0, 0.0, 0.0, 0.0, 0.0, 0.0, 0.0, 0.0, 0.0, 0.0, 0.0, 0.0, 0.0, 0.0, 0.0, 0.0, 0.0, 0.0, 0.0, 0.0, 0.0, 0.0, 0.0, 0.0], [0.0, 0.0, 0.0, 0.0, 0.0, 0.0, 0.0, 0.0, 0.9673609637731452, 0.0, 0.0, 0.0, 0.0, 0.0, 0.0, 0.0, 0.0, 0.0, 0.0, 0.0, 0.0, 0.0, 0.0, 0.0, 0.0, 0.0, 0.0, 0.0, 0.0, 0.0, 0.0, 0.0, 0.0, 0.0, 0.0, 0.0, 0.0, 0.0, 0.0, 0.0], [0.0, 0.0, 0.0, 0.0, 0.0, 0.0, 0.0, 0.0, 0.0, 0.0, 0.0, 0.967134367142797, 0.0, 0.0, 0.0, 0.0, 0.0, 0.0, 0.0, 0.0, 0.0, 0.0, 0.0, 0.0, 0.0, 0.0, 0.0, 0.0, 0.0, 0.0, 0.0, 0.0, 0.0, 0.0, 0.0, 0.0, 0.0, 0.0, 0.0, 0.0], [0.0, 0.0, 0.0, 0.0, 0.0, 0.0, 0.0, 0.0, 0.0, 0.0, 0.0, 0.9671537164270672, 0.0, 0.0, 0.0, 0.0, 0.0, 0.0, 0.0, 0.0, 0.0, 0.0, 0.0, 0.0, 0.0, 0.0, 0.0, 0.0, 0.0, 0.0, 0.0, 0.0, 0.0, 0.0, 0.0, 0.0, 0.0, 0.0, 0.0, 0.0], [0.0, 0.0, 0.0, 0.0, 0.0, 0.0, 0.0, 0.0, 0.0, 0.0, 0.0, 0.0, 0.0, 0.0, 0.9663581142758579, 0.0, 0.0, 0.0, 0.0, 0.0, 0.0, 0.0, 0.0, 0.0, 0.0, 0.0, 0.0, 0.0, 0.0, 0.0, 0.0, 0.0, 0.0, 0.0, 0.0, 0.0, 0.0, 0.0, 0.0, 0.0], [0.0, 0.0, 0.0, 0.0, 0.0, 0.0, 0.0, 0.0, 0.0, 0.0, 0.0, 0.0, 0.0, 0.0, 0.0, 0.0, 0.9684603958942204, 0.0, 0.0, 0.0, 0.0, 0.0, 0.0, 0.0, 0.0, 0.0, 0.0, 0.0, 0.0, 0.0, 0.0, 0.0, 0.0, 0.0, 0.0, 0.0, 0.0, 0.0, 0.0, 0.0], [0.0, 0.0, 0.0, 0.0, 0.0, 0.0, 0.0, 0.0, 0.0, 0.0, 0.0, 0.0, 0.0, 0.0, 0.0, 0.0, 0.9691192789162687, 0.0, 0.0, 0.0, 0.0, 0.0, 0.0, 0.0, 0.0, 0.0, 0.0, 0.0, 0.0, 0.0, 0.0, 0.0, 0.0, 0.0, 0.0, 0.0, 0.0, 0.0, 0.0, 0.0], [0.0, 0.0, 0.0, 0.0, 0.0, 0.0, 0.0, 0.0, 0.0, 0.0, 0.0, 0.0, 0.0, 0.0, 0.0, 0.0, 0.0, 0.9768156488274289, 0.0, 0.0, 0.0, 0.0, 0.0, 0.0, 0.0, 0.0, 0.0, 0.0, 0.0, 0.0, 0.0, 0.0, 0.0, 0.0, 0.0, 0.0, 0.0, 0.0, 0.0, 0.0], [0.0, 0.0, 0.0, 0.0, 0.0, 0.0, 0.0, 0.0, 0.0, 0.0, 0.0, 0.0, 0.0, 0.0, 0.0, 0.0, 0.0, 0.9754228023180158, 0.0, 0.0, 0.0, 0.0, 0.0, 0.0, 0.0, 0.0, 0.0, 0.0, 0.0, 0.0, 0.0, 0.0, 0.0, 0.0, 0.0, 0.0, 0.0, 0.0, 0.0, 0.0], [0.0, 0.0, 0.0, 0.0, 0.0, 0.0, 0.0, 0.0, 0.0, 0.0, 0.0, 0.0, 0.0, 0.0, 0.0, 0.0, 0.0, 0.0, 0.9768983607170735, 0.0, 0.0, 0.0, 0.0, 0.0, 0.0, 0.0, 0.0, 0.0, 0.0, 0.0, 0.0, 0.0, 0.0, 0.0, 0.0, 0.0, 0.0, 0.0, 0.0, 0.0], [0.0, 0.0, 0.0, 0.0, 0.0, 0.0, 0.0, 0.0, 0.0, 0.0, 0.0, 0.0, 0.0, 0.0, 0.0, 0.0, 0.0, 0.0, 0.9780926149103597, 0.0, 0.0, 0.0, 0.0, 0.0, 0.0, 0.0, 0.0, 0.0, 0.0, 0.0, 0.0, 0.0, 0.0, 0.0, 0.0, 0.0, 0.0, 0.0, 0.0, 0.0], [0.0, 0.0, 0.0, 0.0, 0.0, 0.0, 0.0, 0.0, 0.0, 0.0, 0.0, 0.0, 0.0, 0.0, 0.0, 0.0, 0.0, 0.0, 0.0, 0.9750385170131506, 0.0, 0.0, 0.0, 0.0, 0.0, 0.0, 0.0, 0.0, 0.0, 0.0, 0.0, 0.0, 0.0, 0.0, 0.0, 0.0, 0.0, 0.0, 0.0, 0.0], [0.0, 0.0, 0.0, 0.0, 0.0, 0.0, 0.0, 0.0, 0.0, 0.0, 0.0, 0.0, 0.0, 0.0, 0.0, 0.0, 0.0, 0.0, 0.0, 0.9775583210751632, 0.0, 0.0, 0.0, 0.0, 0.0, 0.0, 0.0, 0.0, 0.0, 0.0, 0.0, 0.0, 0.0, 0.0, 0.0, 0.0, 0.0, 0.0, 0.0, 0.0], [0.0, 0.0, 0.0, 0.0, 0.0, 0.0, 0.0, 0.0, 0.0, 0.0, 0.0, 0.0, 0.0, 0.0, 0.0, 0.0, 0.0, 0.0, 0.0, 0.0, 0.9672105433677726, 0.0, 0.0, 0.0, 0.0, 0.0, 0.0, 0.0, 0.0, 0.0, 0.0, 0.0, 0.0, 0.0, 0.0, 0.0, 0.0, 0.0, 0.0, 0.0], [0.0, 0.0, 0.0, 0.0, 0.0, 0.0, 0.0, 0.0, 0.0, 0.0, 0.0, 0.0, 0.0, 0.0, 0.0, 0.0, 0.0, 0.0, 0.0, 0.0, 0.9697263288327616, 0.0, 0.0, 0.0, 0.0, 0.0, 0.0, 0.0, 0.0, 0.0, 0.0, 0.0, 0.0, 0.0, 0.0, 0.0, 0.0, 0.0, 0.0, 0.0]], "Born radii": [], "Atomic SASAs": [], "Solvent H bonds": [], "Total SASA": NaN, "Total FOD": 0.0, "FOD": [0.0, 0.0, 0.0, 0.0, 0.0, 0.0, 0.0, 0.0, 0.0, 0.0, 0.0, 0.0, 0.0, 0.0, 0.0, 0.0, 0.0, 0.0, 0.0, 0.0, 0.0, 0.0, 0.0, 0.0, 0.0, 0.0, 0.0, 0.0, 0.0, 0.0, 0.0, 0.0, 0.0, 0.0, 0.0, 0.0, 0.0, 0.0, 0.0, 0.0], "FOD s proportion": [0.0, 0.0, 0.0, 0.0, 0.0, 0.0, 0.0, 0.0, 0.0, 0.0, 0.0, 0.0, 0.0, 0.0, 0.0, 0.0, 0.0, 0.0, 0.0, 0.0, 0.0, 0.0, 0.0, 0.0, 0.0, 0.0, 0.0, 0.0, 0.0, 0.0, 0.0, 0.0, 0.0, 0.0, 0.0, 0.0, 0.0, 0.0, 0.0, 0.0], "FOD p proportion": [0.0, 0.0, 0.0, 0.0, 0.0, 0.0, 0.0, 0.0, 0.0, 0.0, 0.0, 0.0, 0.0, 0.0, 0.0, 0.0, 0.0, 0.0, 0.0, 0.0, 0.0, 0.0, 0.0, 0.0, 0.0, 0.0, 0.0, 0.0, 0.0, 0.0, 0.0, 0.0, 0.0, 0.0, 0.0, 0.0, 0.0, 0.0, 0.0, 0.0], "FOD d proportion": [0.0, 0.0, 0.0, 0.0, 0.0, 0.0, 0.0, 0.0, 0.0, 0.0, 0.0, 0.0, 0.0, 0.0, 0.0, 0.0, 0.0, 0.0, 0.0, 0.0, 0.0, 0.0, 0.0, 0.0, 0.0, 0.0, 0.0, 0.0, 0.0, 0.0, 0.0, 0.0, 0.0, 0.0, 0.0, 0.0, 0.0, 0.0, 0.0, 0.0], "coordinates": [["-2.72080", "2.29360", "0.18290"], ["-2.63480", "1.22310", "-0.41510"], ["-1.29880", "0.64010", "-0.70400"], ["-0.26550", "0.91630", "0.10530"], ["1.07120", "0.41440", "-0.12550"], ["2.10130", "0.70580", "0.68410"], ["3.47270", "0.22080", "0.47200"], ["3.73990", "-1.10290", "0.05420"], ["5.05350", "-1.55620", "-0.11510"], ["6.07470", "-0.67160", "0.14960"], ["7.40390", "-0.93580", "0.04310"], ["7.96490", "0.33190", "0.44320"], ["6.96910", "1.31920", "0.78230"], ["5.82610", "0.61280", "0.57040"], ["4.54220", "1.08650", "0.74650"], ["-3.73800", "0.51530", "-0.87650"], ["-5.06140", "1.07980", "-0.62180"], ["-5.70010", "0.40540", "0.59130"], ["-5.73450", "-1.11480", "0.41510"], ["-4.35260", "-1.66790", "0.05710"], ["-3.75200", "-0.92570", "-1.13830"], ["-1.18280", "0.04710", "-1.60000"], ["-0.42210", "1.54790", "0.97940"], ["1.22340", "-0.20860", "-1.00420"], ["1.96080", "1.35580", "1.54540"], ["2.92190", "-1.79580", "-0.13070"], ["5.26150", "-2.57020", "-0.43680"], ["8.60930", "0.17030", "1.31500"], ["8.57710", "0.71960", "-0.37930"], ["4.37920", "2.10580", "1.08010"], ["-5.00510", "2.16210", "-0.46570"], ["-5.67180", "0.91230", "-1.51720"], ["-5.12500", "0.64960", "1.49310"], ["-6.71640", "0.78630", "0.73950"], ["-6.09820", "-1.58790", "1.33400"], ["-6.44420", "-1.37120", "-0.38120"], ["-4.42700", "-2.73770", "-0.16670"], ["-3.68870", "-1.56160", "0.92420"], ["-2.75490", "-1.32050", "-1.33950"], ["-4.35830", "-1.09340", "-2.03620"]], "bond_dist": [[0.0, 1.229215298472973, 2.354301989974948, 2.816287474672996, 4.243320303724431, 5.101466327439593, 6.537547009391214, 7.300234272268254, 8.68040923747262, 9.28193623011923, 10.628175689646836, 10.86739193505047, 9.757197227175435, 8.719216965989549, 7.3841657870066815, 2.306377048533045, 2.7566756954709053, 3.5508193829030503, 4.555600409386232, 4.286266339134795, 3.629440090427172, 3.25437223746762, 2.5445043584163893, 4.819432009064969, 4.965204290862562, 6.975786737709232, 9.367907547579662, 11.582798423092754, 11.420862018691935, 7.158927062067332, 2.37823478655914, 3.675150432295255, 3.1936715047105264, 4.306573604386671, 5.27237178317311, 5.254776437680294, 5.324219970098906, 4.04338016268567, 3.9218086873278253, 4.367788921181975], [1.229215298472973, 0.0, 1.486017567190913, 2.445102224856867, 3.804247606294837, 4.8894256452061935, 6.252448156522371, 6.802008422517573, 8.180737459422591, 8.931078570363157, 10.278438312311847, 10.671670741734868, 9.678734275720146, 8.53993589847137, 7.2716781501933925, 1.389575848955357, 2.4395998319396566, 3.3282936078417125, 3.970283181336062, 3.3958343128014947, 2.527547332890128, 2.2125252563530204, 2.6355581154662477, 4.157223946337267, 4.9980705177098095, 6.33020974849965, 8.760202592976945, 11.425034733426415, 11.223256902521657, 7.225716457902289, 2.550020284233049, 3.2457033213157365, 3.1892358849730766, 4.264194409264193, 4.791264068072225, 4.609020509826356, 4.3544942346959195, 3.264809916365729, 2.709029407370839, 3.3112821851965437], [2.354301989974948, 1.486017567190913, 0.0, 1.3412538238528902, 2.45000055918361, 3.6731210312212697, 4.932139570206828, 5.385296085639118, 6.747018022059819, 7.537751130144852, 8.875731322544638, 9.33954992331001, 8.427836905754644, 7.238027401163938, 6.034940282223181, 2.4484746128967725, 3.7890964213120784, 4.5939446960101735, 4.899744208629671, 3.902797925847558, 2.9425391025439236, 1.080703937255713, 2.103934240892524, 2.678041181535489, 4.024552026002397, 4.906790212552397, 7.3085537570712305, 10.122624099017013, 9.88155610974304, 6.129516563318839, 4.013717800244557, 4.456289496879663, 4.412158780007809, 5.608516421479035, 5.670244118201614, 5.5339559710933734, 4.635068432073036, 3.63457564785767, 2.5234975371495807, 3.7603615969744184], [2.816287474672996, 2.445102224856867, 1.3412538238528902, 0.0, 1.4463537395810198, 2.445620970224127, 3.819990625642948, 4.485867698673245, 5.869718341624239, 6.5361705103217735, 7.890110240674716, 8.258037535032157, 7.277368657007834, 6.116863642423297, 4.853255069538382, 3.6308385381341317, 4.85345891813251, 5.480154374650407, 5.842200291842106, 4.83578321371006, 4.134632657201847, 2.122497590104639, 1.0897214919418632, 2.1709936595946107, 2.6876495214220175, 4.191742020926383, 6.557231402047666, 8.987878789236088, 8.85805299205192, 4.892686724081157, 4.933747743855577, 5.644519637666256, 5.060815940142459, 6.483303205157075, 6.465377840466866, 6.6064871293297776, 5.54470758922416, 4.30451900448819, 3.6452480903225233, 5.037452548659887], [4.243320303724431, 3.804247606294837, 2.45000055918361, 1.4463537395810198, 0.0, 1.3421893048299858, 2.482275057281123, 3.075134317391681, 4.443206703496923, 5.127386104049508, 6.47723361397441, 6.91760982059555, 6.035560312845858, 4.809647947615293, 3.6414205208956574, 4.86853021455141, 6.188525964234133, 6.809139955236637, 6.996302844360012, 5.8126519326379755, 5.107336888242247, 2.718377372625074, 2.1761367489199754, 1.0878453612531518, 2.1141260440191356, 2.8827246781473947, 5.153965360768347, 7.678383727712492, 7.516388513774417, 3.9060426674576916, 6.331793823238403, 6.903099470527714, 6.408438143572893, 7.844313122893553, 7.585488903162406, 7.728841246267128, 6.337794181732316, 5.2595716650693145, 4.372952688973436, 5.950101308381228], [5.101466327439593, 4.8894256452061935, 3.6731210312212697, 2.445620970224127, 1.3421893048299858, 0.0, 1.4700167924210932, 2.5205514595024634, 3.8040569764397585, 4.23920140710488, 5.5877811625009075, 5.8804454746218, 4.907278231362065, 3.7276952302998163, 2.4711978998048703, 6.047246241058817, 7.29037187666034, 7.807732959060524, 8.049019008550049, 6.905099992034873, 6.3438202134045385, 4.054172086875445, 2.67654293072239, 2.1112064465608285, 1.0881534542517428, 2.7559546367819627, 4.687798721148338, 6.560400830741974, 6.562544905751121, 2.70289556032045, 7.344642311916898, 8.081426083928504, 7.271660823360781, 8.818241474353036, 8.53904151237128, 8.858575694771705, 7.4296873272029424, 6.222768738270771, 5.637688097970657, 7.236268713225069], [6.537547009391214, 6.252448156522371, 4.932139570206828, 3.819990625642948, 2.482275057281123, 1.4700167924210932, 0.0, 1.4135538086680677, 2.4497640804779546, 2.769607105710122, 4.120195651907808, 4.493665929950735, 3.677986080724069, 2.387852198106072, 1.4030741213492608, 7.341619507302187, 8.64668388747964, 9.175432932020156, 9.303741011550139, 8.060685441697872, 7.490248222188635, 5.098728855312861, 4.1458553050004054, 2.7245001908607014, 2.1739949792950304, 2.1756156576932426, 3.437354197635152, 5.205560374253668, 5.198885696954685, 2.178245362671524, 8.747629382867109, 9.38386749373626, 8.668734621615775, 10.208286110312544, 9.778372385013776, 10.080045627376892, 8.459664297713, 7.393719264348627, 6.6663438030152635, 8.32722942400412], [7.300234272268254, 6.802008422517573, 5.385296085639118, 4.485867698673245, 3.075134317391681, 2.5205514595024634, 1.4135538086680677, 0.0, 1.3998886884320478, 2.376217980320829, 3.6678251894003893, 4.478905786015151, 4.101759459061441, 2.7499671579857097, 2.4323726975938538, 7.7073836118361205, 9.093076321025794, 9.574813068671366, 9.481278699626964, 8.11220005054116, 7.588281867458535, 5.319008641654946, 5.02045612270439, 2.872760919394442, 3.381431640592487, 1.0878522050352244, 2.170096046261547, 5.188613614444613, 5.187285642800095, 3.4288381399535326, 9.349093325558366, 9.752457428258788, 9.1503082718562, 10.647672159678848, 9.932840714015303, 10.196933404705554, 8.331843941169325, 7.493424027105365, 6.646215200397893, 8.363653845658607], [8.68040923747262, 8.180737459422591, 6.747018022059819, 5.869718341624239, 4.443206703496923, 3.8040569764397585, 2.4497640804779546, 1.3998886884320478, 0.0, 1.3767471409085985, 2.4360426022547315, 3.514665056587897, 3.5697024077645465, 2.40237008181504, 2.8262423002991093, 9.064287862816359, 10.465010410888274, 10.953848112877957, 10.81003654017876, 9.408339223263582, 8.887142326980028, 6.608096290914653, 6.388705848605021, 4.15646371089656, 4.560898764498068, 2.145080436720264, 1.0839515164434246, 4.203534453290469, 4.202954227683191, 3.910681210479831, 10.72959035611332, 11.094658027627531, 10.538203031352166, 12.031134336379091, 11.245501704681743, 11.50226671139215, 9.553977447115939, 8.80376251894609, 7.907327007908552, 9.617005162211363], [9.28193623011923, 8.931078570363157, 7.537751130144852, 6.5361705103217735, 5.127386104049508, 4.23920140710488, 2.769607105710122, 2.376217980320829, 1.3767471409085985, 0.0, 1.3593809363088774, 2.1601086199540984, 2.272343567773148, 1.374248143531582, 2.4074387780377715, 9.937338381578842, 11.299344367263084, 11.832199412197209, 11.820495807283212, 10.475197145161516, 9.913994457835852, 7.499929072997958, 6.915429019952414, 5.008067005342481, 4.794036045963776, 3.3589494741659927, 2.147054065458064, 2.913957777662538, 2.9115594464135537, 3.3844499198540374, 11.452965459652797, 11.969428712348806, 11.35710534335224, 12.887423855449157, 12.26466075600952, 12.549663183129656, 10.707684987428422, 9.834433624769655, 8.977768440987994, 10.667854792787535], [10.628175689646836, 10.278438312311847, 8.875731322544638, 7.890110240674716, 6.47723361397441, 5.5877811625009075, 4.120195651907808, 3.6678251894003893, 2.4360426022547315, 1.3593809363088774, 0.0, 1.4428666951593276, 2.4125697254172778, 2.2728088546994, 3.574044731113476, 11.273566027659571, 12.644700054172894, 13.183859703440413, 13.144884159246137, 11.77928090589574, 11.218284752135684, 8.797572785149322, 8.263879196842122, 6.310644767375201, 6.093904615269261, 4.567070224991072, 2.7370504434518557, 2.0722393635871312, 2.072478989037042, 4.413106575871469, 12.799966517534331, 13.297516316590855, 12.711779118990387, 14.24196171389321, 13.57933583169663, 13.861438498943752, 11.969171001368474, 11.145121695611943, 10.259668332358507, 11.945613215318835], [10.86739193505047, 10.671670741734868, 9.33954992331001, 8.258037535032157, 6.91760982059555, 5.8804454746218, 4.493665929950735, 4.478905786015151, 3.514665056587897, 2.1601086199540984, 1.4428666951593276, 0.0, 1.44269461078913, 2.160914179230633, 3.5179947896493537, 11.778502114445622, 13.091144758958247, 13.66600017781355, 13.775604918115212, 12.484753882235724, 11.889846324490488, 9.377429955483539, 8.491639149186689, 6.916280016020173, 6.18970377804948, 5.503482306685468, 4.062629194253397, 1.0960844675480073, 1.0961780785985458, 4.050877350648869, 13.129989765799513, 13.789112343077056, 13.13577958516357, 14.691318618149973, 14.221460483719666, 14.53280247509062, 12.780986181824936, 11.81622174004872, 10.991931454025721, 12.650698110776338], [9.757197227175435, 9.678734275720146, 8.427836905754644, 7.277368657007834, 6.035560312845858, 4.907278231362065, 3.677986080724069, 4.101759459061441, 3.5697024077645465, 2.272343567773148, 2.4125697254172778, 1.44269461078913, 0.0, 1.3602762844363638, 2.438293366270761, 10.864615182324684, 12.11452596761425, 12.703548326353548, 12.939885810933571, 11.731563081703989, 11.120713357514436, 8.587611152701314, 7.39736368850417, 6.207964527927008, 5.066234307649026, 5.188123151969314, 4.419223340135685, 2.0721960669782185, 2.072317234402107, 2.7230509378269074, 12.068531395741571, 12.85478979485857, 12.133460166415846, 13.695938248254482, 13.398131682813093, 13.72984345504347, 12.13384250021402, 11.041188572341294, 10.296903773950692, 11.919503839086593], [8.719216965989549, 8.53993589847137, 7.238027401163938, 6.116863642423297, 4.809647947615293, 3.7276952302998163, 2.387852198106072, 2.7499671579857097, 2.40237008181504, 1.374248143531582, 2.2728088546994, 2.160914179230633, 1.3602762844363638, 0.0, 1.3797833561831365, 9.673418975212435, 10.962531007481802, 11.528084750295687, 11.69000394396854, 10.443706385665962, 9.850210025679655, 7.359030633174455, 6.331010681557883, 4.933448125804102, 4.055023808808032, 3.8376129051794687, 3.3859583576884105, 2.914864945413423, 2.9122735671636337, 2.1406453933335152, 10.990392492536378, 11.6897167810003, 10.989964546803598, 12.544839708421945, 12.149695302352237, 12.46603628464156, 10.811809574257216, 9.766504433009796, 9.00105148857621, 10.65023405188825], [7.3841657870066815, 7.2716781501933925, 6.034940282223181, 4.853255069538382, 3.6414205208956574, 2.4711978998048703, 1.4030741213492608, 2.4323726975938538, 2.8262423002991093, 2.4074387780377715, 3.574044731113476, 3.5179947896493537, 2.438293366270761, 1.3797833561831365, 0.0, 8.45707458167421, 9.700588783161567, 10.266094366408288, 10.515042108332235, 9.33699409660304, 8.740433256995903, 6.273917405417448, 4.991132823317769, 3.9694669591772653, 2.7155827477725665, 3.420892459578348, 3.910121004521471, 4.2076022982216355, 4.205051635830409, 1.0848181644865649, 9.683867073127347, 10.463291992962827, 9.705825519243586, 11.26260373981079, 10.987068934433788, 11.314282192874632, 9.79310923660101, 8.648220956358598, 7.9619541200637425, 9.576757465342851], [2.306377048533045, 1.389575848955357, 2.4484746128967725, 3.6308385381341317, 4.86853021455141, 6.047246241058817, 7.341619507302187, 7.7073836118361205, 9.064287862816359, 9.937338381578842, 11.273566027659571, 11.778502114445622, 10.864615182324684, 9.673418975212435, 8.45707458167421, 0.0, 1.4611365097074263, 2.452825158872927, 2.882961813829659, 2.452693286980661, 1.4646556728460105, 2.696610934117119, 3.9377430566252034, 5.015558638875634, 6.24886880163122, 7.088841150710038, 9.523898707462191, 12.545019511343932, 12.326825801478659, 8.499818212761966, 2.1180767903926427, 2.07549703203835, 2.7489651962147503, 3.3993769370283142, 3.857499777057674, 3.335824153039246, 3.4000802990517736, 2.7492661911862957, 2.1333111001445615, 2.0778815822851886], [2.7566756954709053, 2.4395998319396566, 3.7890964213120784, 4.85345891813251, 6.188525964234133, 7.29037187666034, 8.64668388747964, 9.093076321025794, 10.465010410888274, 11.299344367263084, 12.644700054172894, 13.091144758958247, 12.11452596761425, 10.962531007481802, 9.700588783161567, 1.4611365097074263, 0.0, 1.5278627752517568, 2.5188279774530065, 2.917731642903439, 2.4501695573980182, 4.131208357127488, 4.93011800467291, 6.42689002239808, 7.3541977591033, 8.499607841541867, 10.9507529152109, 13.837139262867884, 13.64541067685396, 9.647490242026679, 1.0949475740874537, 1.0965334331428298, 2.1591477508498578, 2.162938958916779, 3.466515710335091, 2.8244336069378586, 3.8965222468247247, 3.354312932628678, 3.405359838548637, 2.6865731350551396], [3.5508193829030503, 3.3282936078417125, 4.5939446960101735, 5.480154374650407, 6.809139955236637, 7.807732959060524, 9.175432932020156, 9.574813068671366, 10.953848112877957, 11.832199412197209, 13.183859703440413, 13.66600017781355, 12.703548326353548, 11.528084750295687, 10.266094366408288, 2.452825158872927, 1.5278627752517568, 0.0, 1.5307638093448643, 2.5297625936043877, 2.9254806408520295, 5.033505127642168, 5.414167697809147, 7.1314422454367525, 7.778364595466067, 8.927790848804646, 11.404729699997278, 14.329617652261348, 14.313602825284764, 10.233404814136886, 2.1647791781149412, 2.1687601872959585, 1.0970947497823513, 1.0954057421795818, 2.1641006885078156, 2.1577183829221087, 3.4748273654960182, 2.832956295109404, 3.92185192096795, 3.3091668029883294], [4.555600409386232, 3.970283181336062, 4.899744208629671, 5.842200291842106, 6.996302844360012, 8.049019008550049, 9.303741011550139, 9.481278699626964, 10.81003654017876, 11.820495807283212, 13.144884159246137, 13.775604918115212, 12.939885810933571, 11.69000394396854, 10.515042108332235, 2.882961813829659, 2.5188279774530065, 1.5307638093448643, 0.0, 1.5309249557048836, 2.5256913152640013, 5.111615450129245, 5.969086993837499, 7.158769680608533, 8.16082621675036, 8.700282731038113, 11.124564655302246, 14.429341650262494, 14.45053595130644, 10.634914999660317, 3.470721338569261, 2.8012227669358967, 2.1556162947055304, 2.1641497591432994, 1.0956635021757366, 1.0970454594044865, 2.163758743483201, 2.1550198815788217, 3.4639500299513557, 2.8112730372555417], [4.286266339134795, 3.3958343128014947, 3.902797925847558, 4.83578321371006, 5.8126519326379755, 6.905099992034873, 8.060685441697872, 8.11220005054116, 9.408339223263582, 10.475197145161516, 11.77928090589574, 12.484753882235724, 11.731563081703989, 10.443706385665962, 9.33699409660304, 2.452693286980661, 2.917731642903439, 2.5297625936043877, 1.5309249557048836, 0.0, 1.5298896561517108, 3.96671620487274, 5.161476259753599, 5.860690247743861, 7.156592634766911, 7.27804764342746, 9.668971057460045, 13.151887440972112, 13.155521399777358, 9.567218609920022, 3.9202010267331953, 3.2978995087782774, 2.8336379461744934, 3.4750996877787554, 2.16425344403099, 2.1575282941366036, 1.095487946076998, 1.0972353029318733, 2.1503077942471394, 2.1707113188998672], [3.629440090427172, 2.527547332890128, 2.9425391025439236, 4.134632657201847, 5.107336888242247, 6.3438202134045385, 7.490248222188635, 7.588281867458535, 8.887142326980028, 9.913994457835852, 11.218284752135684, 11.889846324490488, 11.120713357514436, 9.850210025679655, 8.740433256995903, 1.4646556728460105, 2.4501695573980182, 2.9254806408520295, 2.5256913152640013, 1.5298896561517108, 0.0, 2.7857306707576734, 4.657422491035144, 5.028600240623627, 6.71145079546889, 6.805385586430793, 9.189105764436494, 12.649965793629642, 12.461532807002515, 8.956991919723944, 3.3995822110959457, 2.6846678099906516, 3.3602031263005516, 3.9044518437291558, 3.4720931107906656, 2.831891858810997, 2.1640183825466917, 2.159231796264588, 1.091126431720907, 1.096333612546838], [3.25437223746762, 2.2125252563530204, 1.080703937255713, 2.122497590104639, 2.718377372625074, 4.054172086875445, 5.098728855312861, 5.319008641654946, 6.608096290914653, 7.499929072997958, 8.797572785149322, 9.377429955483539, 8.587611152701314, 7.359030633174455, 6.273917405417448, 2.696610934117119, 4.131208357127488, 5.033505127642168, 5.111615450129245, 3.96671620487274, 2.7857306707576734, 0.0, 3.079670354112596, 2.4920189746468626, 4.635564454303274, 4.73325310859244, 7.0521128762945935, 10.217515630034534, 9.858905251091523, 6.50822753904625, 4.513295778031836, 4.5723678635910305, 5.046901494976893, 6.05