{"total energy": -66.25057077, "HOMO-LUMO gap/eV": 2.8678185, "electronic energy": -66.89993554, "dipole": [-1.06236472, -0.54029504, 0.14598194], "partial charges": [-0.11560935, 0.0911944, -0.25292302, 0.3930449, -0.40647248, -0.26749464, 0.09553375, -0.11458601, -0.11224258, 0.0602017, -0.07636018, 0.38521252, -0.40176595, -0.23288883, 0.12556267, -0.05508416, 0.09357357, -0.14220457, -0.04317274, -0.04330195, 0.04276441, 0.06135578, 0.05960187, 0.06123699, 0.05787828, 0.0447582, 0.05021663, 0.05070626, 0.05972209, 0.05869144, 0.06122581, 0.0940065, 0.07926631, 0.08785662, 0.07782808, 0.07266769], "atomic dipole moments": [[0.09090119, 0.07630686, 0.09517161], [-0.03023421, 0.24709851, -0.14036334], [0.10791919, -0.09235536, 0.10398588], [-0.04187566, -0.06583416, -0.24636934], [-0.08338993, -0.04619367, -0.41236881], [-0.15096063, -0.07001226, 0.10296313], [0.27419715, -0.03423049, -0.05786494], [0.00262121, -0.13583649, 0.06196238], [-0.18698108, 0.49007888, 0.17219728], [0.06525689, -0.18028573, -0.0700909], [-0.04643068, -0.00054261, 0.01251755], [0.15992531, -0.07636046, 0.06600104], [0.11342053, -0.09066303, 0.13500523], [-0.10734069, -0.02703354, 0.15586555], [-0.1202226, 0.12035032, -0.2151714], [-0.04547263, 0.00557109, 0.02167801], [0.20130997, -0.07729479, 0.0350954], [0.00522442, -0.00079954, -0.00697216], [0.01013596, 0.01517934, -0.0499589], [0.00362665, 0.01531309, -0.04588694], [-0.12273014, 0.06919753, -0.08480456], [-0.12101412, 0.04376623, -0.00179365], [-0.00028849, -0.12441943, 0.03746697], [0.03620391, 0.0066852, -0.1235927], [-0.04247286, 0.0010288, 0.11487726], [0.11796979, -0.03558956, -0.00716052], [-0.0220689, 0.00177498, 0.1200139], [-0.06940007, -0.08226456, -0.05928119], [0.08281596, 0.08281534, 0.05361495], [-0.1207426, 0.046089, 0.01342107], [0.03212102, 0.00193492, -0.12454201], [-0.07058394, 0.08773447, -0.06858641], [0.01082423, 0.04223686, 0.11910959], [0.1170597, 0.0052182, -0.10917067], [0.02146786, -0.06192377, 0.1420553], [-0.11403924, -0.00729218, 0.10849356]], "atomic quadrupole moments": [[-0.002582, 0.1465503, 0.00311287, 0.14982005, 0.14017407, -0.00053087], [-0.27440878, 0.09765997, 0.4670901, 0.12665208, -0.15761597, -0.19268132], [-0.04748871, 0.0424017, 0.11420681, 0.04683368, -0.0498083, -0.0667181], [0.47541401, -0.13553515, 0.64903851, -0.38919387, -0.17183892, -1.12445252], [-0.3345236, -0.00093671, -0.3407359, 0.04033035, 0.15656852, 0.67525951], [0.07383232, -0.06598321, -0.01175851, -0.02114021, -0.05795081, -0.06207381], [0.35670431, -0.26960506, -0.02767636, -0.08606657, -0.09902805, -0.32902795], [-0.13105317, -0.045162, 0.21763898, 0.01615806, -0.1549085, -0.08658582], [0.26922183, 0.19574694, 0.12752011, -0.40206129, 0.18288137, -0.39674194], [0.17194645, 0.18881921, 0.10646003, -0.16978994, 0.05498539, -0.27840648], [0.06713159, -0.02622516, -0.02639117, -0.00552186, -0.00096338, -0.04074042], [-0.01200129, 0.08074282, 0.22970076, 0.07258031, 0.19809394, -0.21769947], [-0.07202922, 0.05970703, 0.1213106, 0.04393613, 0.07442216, -0.04928138], [0.01436306, -0.03330991, -0.04040691, 0.01973284, -0.042202, 0.02604385], [-0.26244358, 0.06590961, 0.17073512, 0.19158654, -0.02444001, 0.09170846], [-0.15379335, 0.15634075, 0.34592349, 0.11314892, 0.22471219, -0.19213014], [0.1030938, -0.03443629, 0.2322611, 0.23704838, 0.16495093, -0.3353549], [0.31821649, -0.22673507, -0.11738046, 0.15772198, -0.05283169, -0.20083603], [-0.184179, 0.18649017, 0.36126512, 0.08571656, 0.23994001, -0.17708611], [-0.22857721, 0.18931132, 0.36071156, 0.10280915, 0.21363234, -0.13213435], [0.01607844, 0.01681627, 0.19178435, 0.14049574, 0.133622, -0.2078628], [0.06152572, -0.04327813, -0.02827137, -0.00854216, 0.01581993, -0.03325435], [-0.04415769, -0.001924, 0.07106004, 0.00992867, -0.0404326, -0.02690235], [-0.01161138, 0.01090708, -0.04909994, -0.04110395, -0.00446519, 0.06071133], [-0.02882698, 0.00978347, 0.00345814, -0.02761445, -0.00040728, 0.02536884], [0.02328246, -0.00740478, 0.01995583, -0.00771616, -0.00177633, -0.0432383], [-0.00838333, -0.02474053, -0.02174264, -0.01067686, 0.00254654, 0.03012597], [0.01483748, 0.00046911, 0.00898228, 0.02590716, 0.02187841, -0.02381976], [-0.00121996, 0.04684659, 0.00312476, 0.04487114, 0.02785342, -0.0019048], [0.07288795, -0.03429995, -0.02773829, -0.01963914, -0.00160229, -0.04514967], [-0.04733473, 0.00045259, -0.02619164, -0.02575092, 0.0131996, 0.07352637], [0.00830266, 0.00785837, 0.01491785, 0.01640028, -0.03145659, -0.02322051], [-0.01091687, 0.03033133, -0.01949262, 0.00090501, 0.01356008, 0.03040949], [0.0205025, -0.01802262, -0.0346315, -0.00969089, -0.02126779, 0.01412901], [0.02896007, -0.0260048, -0.04223321, -0.00573226, -0.02665783, 0.01327313], [0.02865951, -0.02417028, -0.04061537, -0.00522246, -0.02372115, 0.01195586]], "number of molecular orbitals": 119, "number of electrons": 116, "number of unpaired electrons": 0, "orbital energies/eV": [-29.10307768, -21.0951712, -20.76720763, -20.6263228, -20.25023274, -20.10830021, -19.84309626, -19.20704629, -19.11705591, -18.87239379, -18.76614447, -18.53135765, -18.25704246, -18.21423444, -17.60514839, -17.36208396, -17.25447434, -16.99278226, -16.9652189, -16.88204517, -16.77942037, -16.37176723, -16.08432473, -15.98266974, -15.96885352, -15.8130542, -15.55176104, -15.37072574, -15.27059345, -15.16310988, -14.96607116, -14.76038422, -14.65832182, -14.61795892, -14.49124625, -14.38731082, -14.23994551, -14.09394133, -13.86466284, -13.5759967, -13.50832078, -13.46725081, -13.3864693, -13.37438304, -13.24088813, -13.06008214, -12.93107542, -12.86704492, -12.38888219, -12.25023365, -12.19670016, -12.14579522, -11.90999872, -11.83679282, -11.34984405, -11.0829687, -10.3130309, -10.29304694, -7.42522845, -7.2232891, -7.02359643, -6.5620573, -5.80491154, -4.53000624, -4.24044583, -4.17805487, -3.64032001, -3.59467886, -1.90705048, -1.10500447, -0.80939246, -0.30228747, -0.2187088, -0.09088671, 0.13070745, 0.13435702, 0.29521594, 0.45075638, 0.48893074, 0.51343456, 0.79417818, 1.03563489, 2.13870493, 2.3597084, 2.52743207, 2.62677343, 2.78139424, 2.93568716, 2.9650186, 3.23160979, 3.39774656, 3.58344884, 3.61703711, 3.9013459, 3.92062501, 4.15976306, 4.25501787, 4.36116299, 4.53834345, 5.52369208, 5.7466377, 6.02687597, 6.16286758, 6.19089966, 6.47227461, 6.81024068, 8.78182789, 9.07955348, 9.92628017, 10.97702829, 11.20248536, 11.33443907, 11.85714732, 15.02476423, 15.85690381, 17.86480016, 25.85040969, 27.51868554, 33.62038317], "fractional occupation": [2.0, 2.0, 2.0, 2.0, 2.0, 2.0, 2.0, 2.0, 2.0, 2.0, 2.0, 2.0, 2.0, 2.0, 2.0, 2.0, 2.0, 2.0, 2.0, 2.0, 2.0, 2.0, 2.0, 2.0, 2.0, 2.0, 2.0, 2.0, 2.0, 2.0, 2.0, 2.0, 2.0, 2.0, 2.0, 2.0, 2.0, 2.0, 2.0, 2.0, 2.0, 2.0, 2.0, 2.0, 2.0, 2.0, 2.0, 2.0, 2.0, 2.0, 2.0, 2.0, 2.0, 2.0, 2.0, 2.0, 2.0, 2.0, 0.0, 0.0, 0.0, 0.0, 0.0, 0.0, 0.0, 0.0, 0.0, 0.0, 0.0, 0.0, 0.0, 0.0, 0.0, 0.0, 0.0, 0.0, 0.0, 0.0, 0.0, 0.0, 0.0, 0.0, 0.0, 0.0, 0.0, 0.0, 0.0, 0.0, 0.0, 0.0, 0.0, 0.0, 0.0, 0.0, 0.0, 0.0, 0.0, 0.0, 0.0, 0.0, 0.0, 0.0, 0.0, 0.0, 0.0, 0.0, 0.0, 0.0, 0.0, 0.0, 0.0, 0.0, 0.0, 0.0, 0.0, 0.0, 0.0, 0.0, 0.0], "program call": "xtb /home/svss/Project-DBcg-Debug/aqme2_20220329/End-to-End-workflows-final/example-3/QDESCP/mol_487_rdkit_conf_2/mol_487_rdkit_conf_2.xyz --pop --wbo --acc 0.2 --gfn 2 --chrg 0 --uhf 0 --etemp 300 --input /home/svss/Project-DBcg-Debug/aqme2_20220329/End-to-End-workflows-final/example-3/QDESCP/mol_487_rdkit_conf_2/mol_487_rdkit_conf_2_xtb.inp", "method": "GFN2-xTB", "xtb version": "6.3.3 (7355c4f)", "Dipole module/D": 3.052, "Total charge": 0, "Transition dipole module/D": NaN, "HOMO": -10.293, "LUMO": -7.4252, "HOMO occupancy": 2.0, "LUMO occupancy": 0, "mulliken charges": [-0.09601, 0.20648, -0.36564, 0.37787, -0.23253, -0.37644, 0.21421, -0.09753, -0.07828, 0.16254, -0.23852, 0.63942, -0.52694, -0.37709, 0.22231, -0.0754, 0.10168, -0.09702, -0.05589, -0.05273, 0.08994, 0.04412, 0.03428, 0.04509, 0.02974, 0.02562, 0.02697, 0.03538, 0.04132, 0.03306, 0.04495, 0.07782, 0.04726, 0.06898, 0.04977, 0.05121], "cm5 charges": [-0.24246, 0.12828, -0.42913, 0.3171, -0.20361, -0.43805, 0.13629, -0.24401, -0.07371, 0.14094, -0.48826, 0.76422, -0.56326, -0.42661, 0.25135, -0.12212, 0.09488, -0.09897, -0.10717, -0.10089, 0.15668, 0.09743, 0.0855, 0.09842, 0.09384, 0.09129, 0.09271, 0.10203, 0.09462, 0.0843, 0.09827, 0.15041, 0.11639, 0.12776, 0.10606, 0.1095], "FUKUI+": [0.007, 0.007, 0.003, -0.092, -0.099, -0.003, 0.007, 0.008, -0.172, 0.026, -0.017, -0.02, -0.072, -0.042, -0.018, -0.04, -0.022, -0.082, -0.018, -0.034, -0.009, -0.014, -0.016, -0.005, -0.013, 0.004, -0.011, -0.017, -0.007, -0.021, -0.009, -0.039, -0.036, -0.052, -0.046, -0.037], "FUKUI-": [0.007, 0.01, -0.006, -0.087, -0.276, -0.0, 0.01, 0.008, -0.084, 0.026, -0.029, -0.003, -0.06, -0.035, -0.017, -0.012, -0.016, -0.152, -0.017, -0.009, -0.016, -0.014, -0.019, -0.01, -0.009, -0.003, -0.005, -0.018, -0.008, -0.021, -0.013, -0.025, -0.016, -0.034, -0.032, -0.018], "FUKUIrad": [0.007, 0.009, -0.001, -0.089, -0.187, -0.002, 0.009, 0.008, -0.128, 0.026, -0.023, -0.011, -0.066, -0.038, -0.017, -0.026, -0.019, -0.117, -0.017, -0.021, -0.012, -0.014, -0.018, -0.007, -0.011, 0.001, -0.008, -0.017, -0.008, -0.021, -0.011, -0.032, -0.026, -0.043, -0.039, -0.027], "s proportion": [1.012, 0.993, 1.658, 1.518, 1.89, 1.652, 0.993, 1.013, 1.909, 1.005, 1.43, 0.929, 1.718, 1.708, 1.015, 1.057, 1.079, 1.943, 1.063, 1.051, 1.033, 0.956, 0.966, 0.955, 0.97, 0.974, 0.973, 0.965, 0.959, 0.967, 0.955, 0.922, 0.953, 0.931, 0.95, 0.949], "p proportion": [3.084, 2.801, 4.708, 2.022, 4.358, 4.724, 2.793, 3.085, 4.176, 2.832, 3.808, 2.431, 4.809, 4.67, 2.762, 3.019, 2.819, 5.164, 2.993, 3.001, 2.877, 0.0, 0.0, 0.0, 0.0, 0.0, 0.0, 0.0, 0.0, 0.0, 0.0, 0.0, 0.0, 0.0, 0.0, 0.0], "d proportion": [0.0, 0.0, 0.0, 1.082, -0.015, 0.0, 0.0, 0.0, -0.007, 0.0, 0.0, 0.0, 0.0, 0.0, 0.0, 0.0, 0.0, -0.011, 0.0, 0.0, 0.0, 0.0, 0.0, 0.0, 0.0, 0.0, 0.0, 0.0, 0.0, 0.0, 0.0, 0.0, 0.0, 0.0, 0.0, 0.0], "Fermi-level/eV": -8.8591, "Coordination numbers": [3.749, 3.902, 1.658, 3.921, 0.926, 1.658, 3.896, 3.749, 1.932, 3.742, 2.846, 2.903, 0.856, 1.707, 3.101, 2.947, 2.887, 0.963, 2.953, 2.909, 3.028, 0.924, 0.924, 0.924, 0.924, 0.924, 0.924, 0.924, 0.924, 0.924, 0.924, 0.924, 0.924, 0.925, 0.925, 0.925], "Dispersion coefficient C6": [22.779, 19.021, 18.206, 143.943, 156.929, 18.451, 18.955, 22.759, 145.749, 19.64, 22.719, 20.498, 21.717, 17.86, 25.131, 29.368, 25.92, 103.599, 29.071, 29.075, 27.013, 2.183, 2.204, 2.185, 2.224, 2.387, 2.317, 2.311, 2.202, 2.214, 2.185, 1.841, 1.987, 1.9, 2.002, 2.056], "Total dispersion C6": 22239.775617, "Total dispersion C8": 667671.12781, "Polarizability alpha": [6.807, 6.199, 5.76, 21.552, 21.188, 5.799, 6.189, 6.804, 20.319, 6.323, 7.079, 7.424, 6.248, 5.706, 8.215, 8.888, 8.347, 15.572, 8.843, 8.842, 8.525, 2.311, 2.322, 2.311, 2.332, 2.416, 2.381, 2.377, 2.321, 2.327, 2.312, 2.122, 2.204, 2.155, 2.212, 2.243], "Total polarizability alpha": 234.97525, "Wiberg matrix": [[0.0, 1.016326967066969, 0.0, 0.0, 0.0, 0.0, 0.0, 0.0, 0.0, 0.0, 0.0, 0.0, 0.0, 0.0, 0.0, 0.0, 0.0, 0.0, 0.0, 0.0, 0.0, 0.9838782712880022, 0.9811899902044294, 0.9843156194359698, 0.0, 0.0, 0.0, 0.0, 0.0, 0.0, 0.0, 0.0, 0.0, 0.0, 0.0, 0.0], [1.016326967066969, 0.0, 0.919258793730715, 0.0, 0.0, 0.0, 0.0, 0.0, 0.0, 0.0, 0.0, 0.0, 0.0, 0.0, 0.0, 0.0, 0.0, 0.0, 0.0, 0.0, 0.0, 0.0, 0.0, 0.0, 0.969722182015333, 0.9693080948987617, 0.0, 0.0, 0.0, 0.0, 0.0, 0.0, 0.0, 0.0, 0.0, 0.0], [0.0, 0.919258793730715, 0.0, 1.2641363461994728, 0.0, 0.0, 0.0, 0.0, 0.0, 0.0, 0.0, 0.0, 0.0, 0.0, 0.0, 0.0, 0.0, 0.0, 0.0, 0.0, 0.0, 0.0, 0.0, 0.0, 0.0, 0.0, 0.0, 0.0, 0.0, 0.0, 0.0, 0.0, 0.0, 0.0, 0.0, 0.0], [0.0, 0.0, 1.2641363461994728, 0.0, 1.5532506276551918, 1.2428222140384813, 0.0, 0.0, 1.0016118084672911, 0.0, 0.0, 0.0, 0.0, 0.0, 0.0, 0.0, 0.0, 0.0, 0.0, 0.0, 0.0, 0.0, 0.0, 0.0, 0.0, 0.0, 0.0, 0.0, 0.0, 0.0, 0.0, 0.0, 0.0, 0.0, 0.0, 0.0], [0.0, 0.0, 0.0, 1.5532506276551918, 0.0, 0.0, 0.0, 0.0, 0.1495679116395965, 0.0, 0.0, 0.0, 0.0, 0.0, 0.0, 0.0, 0.0, 0.0, 0.0, 0.0, 0.0, 0.0, 0.0, 0.0, 0.0, 0.0, 0.0, 0.0, 0.0, 0.0, 0.0, 0.0, 0.0, 0.0, 0.0, 0.0], [0.0, 0.0, 0.0, 1.2428222140384813, 0.0, 0.0, 0.9105237848486297, 0.0, 0.0, 0.0, 0.0, 0.0, 0.0, 0.0, 0.0, 0.0, 0.0, 0.0, 0.0, 0.0, 0.0, 0.0, 0.0, 0.0, 0.0, 0.0, 0.0, 0.0, 0.0, 0.0, 0.0, 0.0, 0.0, 0.0, 0.0, 0.0], [0.0, 0.0, 0.0, 0.0, 0.0, 0.9105237848486297, 0.0, 1.0156675925085883, 0.0, 0.0, 0.0, 0.0, 0.0, 0.0, 0.0, 0.0, 0.0, 0.0, 0.0, 0.0, 0.0, 0.0, 0.0, 0.0, 0.0, 0.0, 0.9678328199159338, 0.9717055266365033, 0.0, 0.0, 0.0, 0.0, 0.0, 0.0, 0.0, 0.0], [0.0, 0.0, 0.0, 0.0, 0.0, 0.0, 1.0156675925085883, 0.0, 0.0, 0.0, 0.0, 0.0, 0.0, 0.0, 0.0, 0.0, 0.0, 0.0, 0.0, 0.0, 0.0, 0.0, 0.0, 0.0, 0.0, 0.0, 0.0, 0.0, 0.9844641714617157, 0.9801465881625281, 0.9842667891145743, 0.0, 0.0, 0.0, 0.0, 0.0], [0.0, 0.0, 0.0, 1.0016118084672911, 0.1495679116395965, 0.0, 0.0, 0.0, 0.0, 0.945098796298553, 0.0, 0.0, 0.0, 0.0, 0.0, 0.0, 0.0, 0.0, 0.0, 0.0, 0.0, 0.0, 0.0, 0.0, 0.0, 0.0, 0.0, 0.0, 0.0, 0.0, 0.0, 0.0, 0.0, 0.0, 0.0, 0.0], [0.0, 0.0, 0.0, 0.0, 0.0, 0.0, 0.0, 0.0, 0.945098796298553, 0.0, 1.016520591342428, 0.0, 0.0, 0.0, 0.0, 0.0, 0.0, 0.0, 0.0, 0.0, 0.0, 0.0, 0.0, 0.0, 0.0, 0.0, 0.0, 0.0, 0.0, 0.0, 0.0, 0.9627878175826934, 0.960613701200754, 0.0, 0.0, 0.0], [0.0, 0.0, 0.0, 0.0, 0.0, 0.0, 0.0, 0.0, 0.0, 1.016520591342428, 0.0, 1.1329344615374, 0.14671606979964055, 0.0, 0.0, 0.0, 0.0, 0.0, 0.0, 0.0, 1.088020797606471, 0.0, 0.0, 0.0, 0.0, 0.0, 0.0, 0.0, 0.0, 0.0, 0.0, 0.0, 0.0, 0.0, 0.0, 0.0], [0.0, 0.0, 0.0, 0.0, 0.0, 0.0, 0.0, 0.0, 0.0, 0.0, 1.1329344615374, 0.0, 1.684710721198252, 1.0302814021329545, 0.0, 0.0, 0.0, 0.0, 0.0, 0.0, 0.0, 0.0, 0.0, 0.0, 0.0, 0.0, 0.0, 0.0, 0.0, 0.0, 0.0, 0.0, 0.0, 0.0, 0.0, 0.0], [0.0, 0.0, 0.0, 0.0, 0.0, 0.0, 0.0, 0.0, 0.0, 0.0, 0.14671606979964055, 1.684710721198252, 0.0, 0.13059639139898552, 0.0, 0.0, 0.0, 0.0, 0.0, 0.0, 0.0, 0.0, 0.0, 0.0, 0.0, 0.0, 0.0, 0.0, 0.0, 0.0, 0.0, 0.0, 0.0, 0.0, 0.0, 0.0], [0.0, 0.0, 0.0, 0.0, 0.0, 0.0, 0.0, 0.0, 0.0, 0.0, 0.0, 1.0302814021329545, 0.13059639139898552, 0.0, 1.0332929508784598, 0.0, 0.0, 0.0, 0.0, 0.0, 0.0, 0.0, 0.0, 0.0, 0.0, 0.0, 0.0, 0.0, 0.0, 0.0, 0.0, 0.0, 0.0, 0.0, 0.0, 0.0], [0.0, 0.0, 0.0, 0.0, 0.0, 0.0, 0.0, 0.0, 0.0, 0.0, 0.0, 0.0, 0.0, 1.0332929508784598, 0.0, 1.397477993616444, 0.0, 0.0, 0.0, 0.0, 1.2991710191775663, 0.0, 0.0, 0.0, 0.0, 0.0, 0.0, 0.0, 0.0, 0.0, 0.0, 0.0, 0.0, 0.0, 0.0, 0.0], [0.0, 0.0, 0.0, 0.0, 0.0, 0.0, 0.0, 0.0, 0.0, 0.0, 0.0, 0.0, 0.0, 0.0, 1.397477993616444, 0.0, 1.3970894645558891, 0.0, 0.0, 0.10365777734097238, 0.0, 0.0, 0.0, 0.0, 0.0, 0.0, 0.0, 0.0, 0.0, 0.0, 0.0, 0.0, 0.0, 0.9611426235214069, 0.0, 0.0], [0.0, 0.0, 0.0, 0.0, 0.0, 0.0, 0.0, 0.0, 0.0, 0.0, 0.0, 0.0, 0.0, 0.0, 0.0, 1.3970894645558891, 0.0, 0.9977327497708401, 1.388147388462595, 0.0, 0.0, 0.0, 0.0, 0.0, 0.0, 0.0, 0.0, 0.0, 0.0, 0.0, 0.0, 0.0, 0.0, 0.0, 0.0, 0.0], [0.0, 0.0, 0.0, 0.0, 0.0, 0.0, 0.0, 0.0, 0.0, 0.0, 0.0, 0.0, 0.0, 0.0, 0.0, 0.0, 0.9977327497708401, 0.0, 0.0, 0.0, 0.0, 0.0, 0.0, 0.0, 0.0, 0.0, 0.0, 0.0, 0.0, 0.0, 0.0, 0.0, 0.0, 0.0, 0.0, 0.0], [0.0, 0.0, 0.0, 0.0, 0.0, 0.0, 0.0, 0.0, 0.0, 0.0, 0.0, 0.0, 0.0, 0.0, 0.0, 0.0, 1.388147388462595, 0.0, 0.0, 1.443049206791041, 0.0, 0.0, 0.0, 0.0, 0.0, 0.0, 0.0, 0.0, 0.0, 0.0, 0.0, 0.0, 0.0, 0.0, 0.9660671396573289, 0.0], [0.0, 0.0, 0.0, 0.0, 0.0, 0.0, 0.0, 0.0, 0.0, 0.0, 0.0, 0.0, 0.0, 0.0, 0.0, 0.10365777734097238, 0.0, 0.0, 1.443049206791041, 0.0, 1.3745511700074504, 0.0, 0.0, 0.0, 0.0, 0.0, 0.0, 0.0, 0.0, 0.0, 0.0, 0.0, 0.0, 0.0, 0.0, 0.9634351463152375], [0.0, 0.0, 0.0, 0.0, 0.0, 0.0, 0.0, 0.0, 0.0, 0.0, 1.088020797606471, 0.0, 0.0, 0.0, 1.2991710191775663, 0.0, 0.0, 0.0, 0.0, 1.3745511700074504, 0.0, 0.0, 0.0, 0.0, 0.0, 0.0, 0.0, 0.0, 0.0, 0.0, 0.0, 0.0, 0.0, 0.0, 0.0, 0.0], [0.9838782712880022, 0.0, 0.0, 0.0, 0.0, 0.0, 0.0, 0.0, 0.0, 0.0, 0.0, 0.0, 0.0, 0.0, 0.0, 0.0, 0.0, 0.0, 0.0, 0.0, 0.0, 0.0, 0.0, 0.0, 0.0, 0.0, 0.0, 0.0, 0.0, 0.0, 0.0, 0.0, 0.0, 0.0, 0.0, 0.0], [0.9811899902044294, 0.0, 0.0, 0.0, 0.0, 0.0, 0.0, 0.0, 0.0, 0.0, 0.0, 0.0, 0.0, 0.0, 0.0, 0.0, 0.0, 0.0, 0.0, 0.0, 0.0, 0.0, 0.0, 0.0, 0.0, 0.0, 0.0, 0.0, 0.0, 0.0, 0.0, 0.0, 0.0, 0.0, 0.0, 0.0], [0.9843156194359698, 0.0, 0.0, 0.0, 0.0, 0.0, 0.0, 0.0, 0.0, 0.0, 0.0, 0.0, 0.0, 0.0, 0.0, 0.0, 0.0, 0.0, 0.0, 0.0, 0.0, 0.0, 0.0, 0.0, 0.0, 0.0, 0.0, 0.0, 0.0, 0.0, 0.0, 0.0, 0.0, 0.0, 0.0, 0.0], [0.0, 0.969722182015333, 0.0, 0.0, 0.0, 0.0, 0.0, 0.0, 0.0, 0.0, 0.0, 0.0, 0.0, 0.0, 0.0, 0.0, 0.0, 0.0, 0.0, 0.0, 0.0, 0.0, 0.0, 0.0, 0.0, 0.0, 0.0, 0.0, 0.0, 0.0, 0.0, 0.0, 0.0, 0.0, 0.0, 0.0], [0.0, 0.9693080948987617, 0.0, 0.0, 0.0, 0.0, 0.0, 0.0, 0.0, 0.0, 0.0, 0.0, 0.0, 0.0, 0.0, 0.0, 0.0, 0.0, 0.0, 0.0, 0.0, 0.0, 0.0, 0.0, 0.0, 0.0, 0.0, 0.0, 0.0, 0.0, 0.0, 0.0, 0.0, 0.0, 0.0, 0.0], [0.0, 0.0, 0.0, 0.0, 0.0, 0.0, 0.9678328199159338, 0.0, 0.0, 0.0, 0.0, 0.0, 0.0, 0.0, 0.0, 0.0, 0.0, 0.0, 0.0, 0.0, 0.0, 0.0, 0.0, 0.0, 0.0, 0.0, 0.0, 0.0, 0.0, 0.0, 0.0, 0.0, 0.0, 0.0, 0.0, 0.0], [0.0, 0.0, 0.0, 0.0, 0.0, 0.0, 0.9717055266365033, 0.0, 0.0, 0.0, 0.0, 0.0, 0.0, 0.0, 0.0, 0.0, 0.0, 0.0, 0.0, 0.0, 0.0, 0.0, 0.0, 0.0, 0.0, 0.0, 0.0, 0.0, 0.0, 0.0, 0.0, 0.0, 0.0, 0.0, 0.0, 0.0], [0.0, 0.0, 0.0, 0.0, 0.0, 0.0, 0.0, 0.9844641714617157, 0.0, 0.0, 0.0, 0.0, 0.0, 0.0, 0.0, 0.0, 0.0, 0.0, 0.0, 0.0, 0.0, 0.0, 0.0, 0.0, 0.0, 0.0, 0.0, 0.0, 0.0, 0.0, 0.0, 0.0, 0.0, 0.0, 0.0, 0.0], [0.0, 0.0, 0.0, 0.0, 0.0, 0.0, 0.0, 0.9801465881625281, 0.0, 0.0, 0.0, 0.0, 0.0, 0.0, 0.0, 0.0, 0.0, 0.0, 0.0, 0.0, 0.0, 0.0, 0.0, 0.0, 0.0, 0.0, 0.0, 0.0, 0.0, 0.0, 0.0, 0.0, 0.0, 0.0, 0.0, 0.0], [0.0, 0.0, 0.0, 0.0, 0.0, 0.0, 0.0, 0.9842667891145743, 0.0, 0.0, 0.0, 0.0, 0.0, 0.0, 0.0, 0.0, 0.0, 0.0, 0.0, 0.0, 0.0, 0.0, 0.0, 0.0, 0.0, 0.0, 0.0, 0.0, 0.0, 0.0, 0.0, 0.0, 0.0, 0.0, 0.0, 0.0], [0.0, 0.0, 0.0, 0.0, 0.0, 0.0, 0.0, 0.0, 0.0, 0.9627878175826934, 0.0, 0.0, 0.0, 0.0, 0.0, 0.0, 0.0, 0.0, 0.0, 0.0, 0.0, 0.0, 0.0, 0.0, 0.0, 0.0, 0.0, 0.0, 0.0, 0.0, 0.0, 0.0, 0.0, 0.0, 0.0, 0.0], [0.0, 0.0, 0.0, 0.0, 0.0, 0.0, 0.0, 0.0, 0.0, 0.960613701200754, 0.0, 0.0, 0.0, 0.0, 0.0, 0.0, 0.0, 0.0, 0.0, 0.0, 0.0, 0.0, 0.0, 0.0, 0.0, 0.0, 0.0, 0.0, 0.0, 0.0, 0.0, 0.0, 0.0, 0.0, 0.0, 0.0], [0.0, 0.0, 0.0, 0.0, 0.0, 0.0, 0.0, 0.0, 0.0, 0.0, 0.0, 0.0, 0.0, 0.0, 0.0, 0.9611426235214069, 0.0, 0.0, 0.0, 0.0, 0.0, 0.0, 0.0, 0.0, 0.0, 0.0, 0.0, 0.0, 0.0, 0.0, 0.0, 0.0, 0.0, 0.0, 0.0, 0.0], [0.0, 0.0, 0.0, 0.0, 0.0, 0.0, 0.0, 0.0, 0.0, 0.0, 0.0, 0.0, 0.0, 0.0, 0.0, 0.0, 0.0, 0.0, 0.9660671396573289, 0.0, 0.0, 0.0, 0.0, 0.0, 0.0, 0.0, 0.0, 0.0, 0.0, 0.0, 0.0, 0.0, 0.0, 0.0, 0.0, 0.0], [0.0, 0.0, 0.0, 0.0, 0.0, 0.0, 0.0, 0.0, 0.0, 0.0, 0.0, 0.0, 0.0, 0.0, 0.0, 0.0, 0.0, 0.0, 0.0, 0.9634351463152375, 0.0, 0.0, 0.0, 0.0, 0.0, 0.0, 0.0, 0.0, 0.0, 0.0, 0.0, 0.0, 0.0, 0.0, 0.0, 0.0]], "Born radii": [], "Atomic SASAs": [], "Solvent H bonds": [], "Total SASA": NaN, "Total FOD": 0.0, "FOD": [0.0, 0.0, 0.0, 0.0, 0.0, 0.0, 0.0, 0.0, 0.0, 0.0, 0.0, 0.0, 0.0, 0.0, 0.0, 0.0, 0.0, 0.0, 0.0, 0.0, 0.0, 0.0, 0.0, 0.0, 0.0, 0.0, 0.0, 0.0, 0.0, 0.0, 0.0, 0.0, 0.0, 0.0, 0.0, 0.0], "FOD s proportion": [0.0, 0.0, 0.0, 0.0, 0.0, 0.0, 0.0, 0.0, 0.0, 0.0, 0.0, 0.0, 0.0, 0.0, 0.0, 0.0, 0.0, 0.0, 0.0, 0.0, 0.0, 0.0, 0.0, 0.0, 0.0, 0.0, 0.0, 0.0, 0.0, 0.0, 0.0, 0.0, 0.0, 0.0, 0.0, 0.0], "FOD p proportion": [0.0, 0.0, 0.0, 0.0, 0.0, 0.0, 0.0, 0.0, 0.0, 0.0, 0.0, 0.0, 0.0, 0.0, 0.0, 0.0, 0.0, 0.0, 0.0, 0.0, 0.0, 0.0, 0.0, 0.0, 0.0, 0.0, 0.0, 0.0, 0.0, 0.0, 0.0, 0.0, 0.0, 0.0, 0.0, 0.0], "FOD d proportion": [0.0, 0.0, 0.0, 0.0, 0.0, 0.0, 0.0, 0.0, 0.0, 0.0, 0.0, 0.0, 0.0, 0.0, 0.0, 0.0, 0.0, 0.0, 0.0, 0.0, 0.0, 0.0, 0.0, 0.0, 0.0, 0.0, 0.0, 0.0, 0.0, 0.0, 0.0, 0.0, 0.0, 0.0, 0.0, 0.0], "coordinates": [["-3.82670", "-3.24280", "-0.10430"], ["-2.93960", "-2.38960", "0.77890"], ["-2.99920", "-1.05000", "0.31650"], ["-1.81850", "-0.01540", "0.73610"], ["-1.65380", "0.24220", "2.66310"], ["-2.34660", "1.32310", "-0.02080"], ["-3.68480", "1.75200", "0.17610"], ["-3.83490", "3.13960", "-0.41360"], ["-0.09670", "-0.58180", "-0.32380"], ["0.85600", "0.94990", "-0.27550"], ["2.16570", "0.76790", "-0.83030"], ["2.55160", "1.13780", "-2.10110"], ["1.84930", "1.69170", "-2.93540"], ["3.89470", "0.80580", "-2.33360"], ["4.27350", "0.22290", "-1.13450"], ["5.52570", "-0.27970", "-0.85270"], ["5.71590", "-0.82980", "0.41630"], ["7.25520", "-1.47640", "0.83670"], ["4.67120", "-0.86610", "1.36130"], ["3.40910", "-0.34850", "1.04930"], ["3.24740", "0.18840", "-0.21020"], ["-4.85780", "-2.87440", "-0.08680"], ["-3.81870", "-4.28550", "0.22510"], ["-3.49020", "-3.19830", "-1.14550"], ["-3.29710", "-2.42660", "1.81220"], ["-1.91190", "-2.76310", "0.74720"], ["-3.92740", "1.77310", "1.24220"], ["-4.36420", "1.05850", "-0.32870"], ["-3.14650", "3.84030", "0.07040"], ["-4.85730", "3.50750", "-0.29100"], ["-3.58640", "3.13460", "-1.48010"], ["0.32110", "1.71240", "-0.84990"], ["0.95140", "1.30750", "0.75440"], ["6.32180", "-0.24690", "-1.58720"], ["4.84360", "-1.30100", "2.34380"], ["2.60500", "-0.37920", "1.77550"]], "bond_dist": [[0.0, 1.5149055713145951, 2.381218328923243, 3.892974461770845, 4.952294636832506, 4.800532373601912, 5.004676494040349, 6.389895420896965, 4.587156117901374, 6.287743794080672, 7.24718209030241, 7.991218773754101, 8.03625493995804, 8.99894207171043, 8.870492013975324, 9.83907769712182, 9.85671386010571, 11.261179226439832, 8.944886285470599, 7.878106821438765, 7.863029890570173, 1.095076262184511, 1.0935225877868275, 1.0951301018600483, 2.1493326522434817, 2.149796125217459, 5.1944639328808515, 4.340557948006223, 7.117829566658646, 6.831071902710438, 6.5285373928622015, 6.504934376302346, 6.6537835394608384, 10.684870681014347, 9.216175071036792, 7.287017077652557], [1.5149055713145951, 0.0, 1.4184125210953267, 2.6259327276227014, 3.482795216489192, 3.843866592378044, 4.25106356574446, 5.726750472999501, 3.5448791996343125, 5.164358524541068, 6.214774250123652, 7.133738725240784, 7.306613264023217, 8.161243404040833, 7.9066470403072895, 8.875533823945464, 8.802393711371924, 10.235781461129386, 7.7836057614707075, 6.674218835189628, 6.775202713572487, 2.1596200522314106, 2.1619315576585674, 2.158812499963811, 1.0940220016069147, 1.093926153814781, 4.303308845528055, 3.8917420944867356, 6.273470639924922, 6.292697967485807, 6.003183895234262, 5.487399924372198, 5.3674043689664375, 9.796076891286633, 8.013249291641937, 5.981430337302275], [2.381218328923243, 1.4184125210953267, 0.0, 1.624965787332152, 2.997734738098086, 2.484202419288734, 2.8880726306656483, 4.334072987387269, 3.0089369518153752, 4.383221537864587, 5.594291971286447, 6.437595765501279, 6.449784860753108, 7.615305697081372, 7.524482752987079, 8.639115159551931, 8.718452620161447, 10.276436364810518, 7.743414131376418, 6.488097331267466, 6.389918544864246, 2.635427898842994, 3.3389211521088664, 2.6445638373841533, 2.0544805815582685, 2.074231276883077, 3.1126145505025193, 2.5933145374211746, 4.89870356216826, 4.959072303364814, 4.591672087595106, 4.473894814364772, 4.621342123236496, 9.547255328103464, 8.104471489862865, 5.829726518456934], [3.892974461770845, 2.6259327276227014, 1.624965787332152, 0.0, 1.9511055455817865, 1.625844233006348, 2.630661219161449, 3.916848739739639, 2.0997124112601706, 3.017961050113139, 4.352127926658407, 5.336417158543735, 5.463227937767195, 6.537436941952097, 6.377177686876853, 7.518737498410221, 7.5850314936722585, 9.191119249035996, 6.5750111498004316, 5.247556727659073, 5.1575537748044855, 4.25304477991944, 4.742960578583803, 4.0578136798034485, 3.0262410032910463, 2.749309378734958, 2.811108085791082, 2.961021570336832, 4.131968414690509, 4.764458443516955, 4.237866544618884, 3.1746774639323596, 3.069649053230678, 8.468518124796097, 6.9728791083741015, 4.558514566171747], [4.952294636832506, 3.482795216489192, 2.997734738098086, 1.9511055455817865, 0.0, 2.9751698875862536, 3.548186302887716, 4.755860264978356, 3.4677237519733315, 3.9287791093417304, 5.2027669849802045, 6.417561075673531, 6.761358007826534, 7.488024312193438, 7.039532906379514, 8.011145330101058, 7.7788027568514675, 9.255247372166776, 6.551994896976034, 5.346609518190009, 5.681593858240837, 5.247929264957751, 5.579489519660379, 5.451131916400483, 3.2476082183662487, 3.573390058473886, 3.087372439470172, 4.118674676397736, 4.6793771155998956, 5.4453010155546036, 5.409900808702504, 4.289858628206761, 3.4007450389583753, 9.050660984701615, 6.685777852277177, 4.394468017860637], [4.800532373601912, 3.843866592378044, 2.484202419288734, 1.625844233006348, 2.9751698875862536, 0.0, 1.4189799364332112, 2.3809663962349408, 2.9635288120752263, 3.2343155520140576, 4.6178337540452885, 5.324880038085365, 5.122141732712987, 6.676111804036838, 6.8026826869993, 8.076764992247824, 8.356431120400623, 10.038280218244557, 7.480127932729492, 6.088303791697651, 5.711064038338214, 4.8917775593336215, 5.803786624265231, 4.797481527843541, 4.280606188380332, 4.180408895072347, 2.07282359114325, 2.0580391954479396, 2.642811625901475, 3.338895908829744, 2.6359424841980146, 2.82056458709954, 3.38791711823061, 8.947606804056603, 8.011005555484282, 5.535599474311703], [5.004676494040349, 4.25106356574446, 2.8880726306656483, 2.630661219161449, 3.548186302887716, 1.4189799364332112, 0.0, 1.5151600113519366, 4.3094064626117605, 4.633160002633192, 6.017444974405666, 6.667500764154437, 6.3491205020853085, 8.040068953684415, 8.209163054782138, 9.487863014398974, 9.751745883173946, 11.42552226027327, 8.83639534255909, 7.449697691853006, 7.116844068124578, 4.780023260403657, 6.039183426590054, 5.127374163253546, 4.504201645130911, 4.8842049127775145, 1.0935580368686428, 1.0942347325871173, 2.1591517477935636, 2.162109828385228, 2.1596906630348705, 4.135393448028857, 4.693225072378269, 10.35552372697779, 9.314147242233183, 6.830935356157309], [6.389895420896965, 5.726750472999501, 4.334072987387269, 3.916848739739639, 4.755860264978356, 2.3809663962349408, 1.5151600113519366, 0.0, 5.275511467147049, 5.178648521573944, 6.465740494328551, 6.902335962556445, 6.384827271743537, 8.299381820352647, 8.64713746045476, 9.975232010334397, 10.376061440161195, 12.077293740735131, 9.568157592243137, 8.172053231593637, 7.67528020921712, 6.109117665424361, 7.452537161262599, 6.38932485556964, 6.0188036120146, 6.315635591925804, 2.148849026804815, 2.149033203559219, 1.0950484235868294, 1.0934728757495542, 1.095079677466439, 4.415834409259478, 5.256375376625988, 10.770528032552537, 10.131068323232254, 7.658095341532384], [4.587156117901374, 3.5448791996343125, 3.0089369518153752, 2.0997124112601706, 3.4677237519733315, 2.9635288120752263, 4.3094064626117605, 5.275511467147049, 0.0, 1.8044597723418494, 2.682663993123253, 3.623439297131939, 3.9719230619436727, 4.6793165911273835, 4.517015012151277, 5.655296754371073, 5.864773718567495, 7.496499384379352, 5.064904629901732, 3.7723290073905273, 3.4335284781111106, 5.289636752178736, 5.279390959192169, 4.363153147667408, 4.267123527623732, 3.0331603534927063, 4.761530478743153, 4.571888488360144, 5.386245639589788, 6.275887402590968, 5.227491247242792, 2.390542133073584, 2.4146393809428357, 6.550227463225991, 5.660380065861302, 3.427432003701897], [6.287743794080672, 5.164358524541068, 4.383221537864587, 3.017961050113139, 3.9287791093417304, 3.2343155520140576, 4.633160002633192, 5.178648521573944, 1.8044597723418494, 0.0, 1.4339599471393893, 2.4986358538210407, 2.934617545780029, 3.6729059489728293, 3.598015598910044, 4.863247278311067, 5.221546451004722, 6.933518671641406, 4.531304589188416, 3.1558290844087233, 2.510565733056994, 6.878109378310293, 7.0365356255759846, 6.070742761804358, 5.74521393422386, 4.7427370473177195, 5.085468227213695, 5.221600543894564, 4.94914792868429, 6.259660925321754, 5.09498704708854, 1.0942849811634991, 1.0943824422933695, 5.746986755683364, 5.275247582815426, 3.0053467037930917], [7.24718209030241, 6.214774250123652, 5.594291971286447, 4.352127926658407, 5.2027669849802045, 4.6178337540452885, 6.017444974405666, 6.465740494328551, 2.682663993123253, 1.4339599471393893, 0.0, 1.3786505938779412, 2.320551962357232, 2.291459862183931, 2.1982682911783082, 3.5195976360942165, 4.0878572492199385, 5.806787557677653, 3.7081797165186043, 2.5150126600078972, 1.374925143416906, 7.94661524109479, 7.903402057342142, 6.9151499108840735, 6.8578291273550995, 5.619901156604091, 6.5139504833856385, 6.555581204592008, 6.2024487978539575, 7.5576968482468265, 6.253811904750575, 2.0724414515252296, 2.068082865844597, 4.344638518910405, 4.639655852539065, 2.880801371146578], [7.991218773754101, 7.133738725240784, 6.437595765501279, 5.336417158543735, 6.417561075673531, 5.324880038085365, 6.667500764154437, 6.902335962556445, 3.623439297131939, 2.4986358538210407, 1.3786505938779412, 0.0, 1.2231463485617737, 1.4029247520804524, 2.1763035587895363, 3.5232200640890996, 4.496837445360907, 6.130951267136283, 4.527309701135985, 3.5873965629687503, 2.227330422276857, 8.663392042958693, 8.683554077680405, 7.497885155828942, 7.888355718399114, 6.5766759042847776, 7.318381103768783, 7.139746486395719, 6.6698772185100985, 7.986472269406563, 6.484434843531084, 2.6212204886273875, 3.2777001662751277, 4.049184527778402, 5.564004443743733, 4.163192058985509], [8.03625493995804, 7.306613264023217, 6.449784860753108, 5.463227937767195, 6.761358007826534, 5.122141732712987, 6.3491205020853085, 6.384827271743537, 3.9719230619436727, 2.934617545780029, 2.320551962357232, 1.2231463485617737, 0.0, 2.3088185745094827, 3.358178061092056, 4.662614525135012, 5.704599083195943, 7.313641420660437, 5.741697600884254, 4.740593440699171, 3.4119363329347165, 8.599359370325212, 8.822805907986416, 7.458290840400367, 8.123148011085357, 6.895898145999548, 7.129462154328333, 6.767821612601797, 6.213640900470512, 7.434276330618872, 5.8091903902351145, 2.5855626041540747, 3.81686495569335, 5.057575451735742, 6.7669814851231855, 5.201181414832596], [8.99894207171043, 8.161243404040833, 7.615305697081372, 6.537436941952097, 7.488024312193438, 6.676111804036838, 8.040068953684415, 8.299381820352647, 4.6793165911273835, 3.6729059489728293, 2.291459862183931, 1.4029247520804524, 2.3088185745094827, 0.0, 1.3860384770993914, 2.455918577640553, 3.6815630933069725, 5.152882608792869, 4.12922364010476, 3.607246631435117, 2.3041283840098843, 9.756958467165882, 9.589829036015189, 8.4841703442352, 8.908313793305668, 7.479637652319797, 8.654898228171144, 8.502523772974705, 8.035291139093841, 9.384503271351127, 7.8815372168124656, 3.974154779321007, 4.295400072170228, 2.7488369649726407, 5.216999924285988, 4.466794588964215], [8.870492013975324, 7.9066470403072895, 7.524482752987079, 6.377177686876853, 7.039532906379514, 6.8026826869993, 8.209163054782138, 8.64713746045476, 4.517015012151277, 3.598015598910044, 2.1982682911783082, 2.1763035587895363, 3.358178061092056, 1.3860384770993914, 0.0, 1.3784131601228995, 2.365095281378744, 3.957749969363906, 2.7519273119034233, 2.4171610951692895, 1.3814492209270675, 9.699050586010983, 9.36257889472767, 8.484089116104332, 8.544991252189789, 7.121528210293069, 8.677936606129363, 8.715354398416626, 8.342287861851807, 9.740205236544044, 8.389008538558057, 4.233328852097366, 3.972486473230589, 2.14969351769037, 3.8400333475114508, 3.40800772593021], [9.83907769712182, 8.875533823945464, 8.639115159551931, 7.518737498410221, 8.011145330101058, 8.076764992247824, 9.487863014398974, 9.975232010334397, 5.655296754371073, 4.863247278311067, 3.5195976360942165, 3.5232200640890996, 4.662614525135012, 2.455918577640553, 1.3784131601228995, 0.0, 1.3961185658818527, 2.6976533320647413, 2.444551331021707, 2.8464597309640616, 2.4130011914626146, 10.73015112428525, 10.223790776419479, 9.48105535317667, 9.463227327925711, 8.002802592217304, 9.897661009551701, 9.993771923052877, 9.645390943346984, 11.066394161152944, 9.750971318796912, 5.572820776770055, 5.1015874725422465, 1.0836702911863922, 3.424313996992682, 3.9303719900284246], [9.85671386010571, 8.802393711371924, 8.718452620161447, 7.5850314936722585, 7.7788027568514675, 8.356431120400623, 9.751745883173946, 10.376061440161195, 5.864773718567495, 5.221546451004722, 4.0878572492199385, 4.496837445360907, 5.704599083195943, 3.6815630933069725, 2.365095281378744, 1.3961185658818527, 0.0, 1.7217061915437255, 1.4091631488227334, 2.4400133052915924, 2.742758782685784, 10.781309311025263, 10.143323769356867, 9.633342550745303, 9.259183336018355, 7.875942898472538, 10.022496401096884, 10.282466528027214, 10.023552991828797, 11.450109292928168, 10.28812838226662, 6.096713075092184, 5.232859939841692, 2.1727630956917503, 2.167531540716305, 3.424640683341831], [11.261179226439832, 10.235781461129386, 10.276436364810518, 9.191119249035996, 9.255247372166776, 10.038280218244557, 11.42552226027327, 12.077293740735131, 7.496499384379352, 6.933518671641406, 5.806787557677653, 6.130951267136283, 7.313641420660437, 5.152882608792869, 3.957749969363906, 2.6976533320647413, 1.7217061915437255, 0.0, 2.706423331631621, 4.013706812909982, 4.464305039981028, 12.2283288003717, 11.440994649941937, 11.061540471833027, 10.6398080612387, 9.25739323729958, 11.65221967094682, 11.9496582181249, 11.706830376750148, 13.146239871157075, 12.007046839252357, 7.816316767506291, 6.891644719513623, 2.873707887033753, 2.849198155622034, 4.869245662317727], [8.944886285470599, 7.7836057614707075, 7.743414131376418, 6.5750111498004316, 6.551994896976034, 7.480127932729492, 8.83639534255909, 9.568157592243137, 5.064904629901732, 4.531304589188416, 3.7081797165186043, 4.527309701135985, 5.741697600884254, 4.12922364010476, 2.7519273119034233, 2.444551331021707, 1.4091631488227334, 2.706423331631621, 0.0, 1.3993391904752754, 2.3682881877001374, 9.845410275859509, 9.222887227435887, 8.8505171057967, 8.132175351650995, 6.878439751862336, 8.995303408445988, 9.39141300976589, 9.215913251544853, 10.613707387147999, 9.60557714091142, 5.5191881377608425, 4.3508363115612605, 3.435337137749365, 1.0881939257319901, 2.162825857529912], [7.878106821438765, 6.674218835189628, 6.488097331267466, 5.247556727659073, 5.346609518190009, 6.088303791697651, 7.449697691853006, 8.172053231593637, 3.7723290073905273, 3.1558290844087233, 2.5150126600078972, 3.5873965629687503, 4.740593440699171, 3.607246631435117, 2.4171610951692895, 2.8464597309640616, 2.4400133052915924, 4.013706812909982, 1.3993391904752754, 0.0, 1.3786764486274505, 8.718516481030473, 8.271660503187977, 7.780671408689613, 7.062126766067004, 5.851033974435629, 7.639543783499117, 8.018898047113458, 7.8409299199776035, 9.21946359882179, 8.213821900917988, 4.170133505057122, 2.97818590756185, 3.9300478495814777, 2.1542462138762133, 1.0839214639446901], [7.863029890570173, 6.775202713572487, 6.389918544864246, 5.1575537748044855, 5.681593858240837, 5.711064038338214, 7.116844068124578, 7.67528020921712, 3.4335284781111106, 2.510565733056994, 1.374925143416906, 2.227330422276857, 3.4119363329347165, 2.3041283840098843, 1.3814492209270675, 2.4130011914626146, 2.742758782685784, 4.464305039981028, 2.3682881877001374, 1.3786764486274505, 0.0, 8.665462390432493, 8.374666352159947, 7.598669405889429, 7.332039757802735, 6.020493625941315, 7.489892849033288, 7.662086583953486, 7.368654366979089, 8.758374023755781, 7.549408115210093, 3.360807013203823, 2.73028459505598, 3.396696991196006, 3.3599230348327924, 2.1628342539362557], [1.095076262184511, 2.1596200522314106, 2.635427898842994, 4.25304477991944, 5.247929264957751, 4.8917775593336215, 4.780023260403657, 6.109117665424361, 5.289636752178736, 6.878109378310293, 7.94661524109479, 8.663392042958693, 8.599359370325212, 9.756958467165882, 9.699050586010983, 10.73015112428525, 10.781309311025263, 12.2283288003717, 9.845410275859509, 8.718516481030473, 8.665462390432493, 0.0, 1.7799476481065388, 1.7595700213404408, 2.498501616969659, 3.0637020906086807, 4.922513728777199, 3.9711281747130753, 6.931122248236573, 6.385166051090605, 6.2980809656593015, 6.960033122047625, 7.207129087923985, 11.581813872187725, 10.124256312440929, 8.086257983146469], [1.0935225877868275, 2.1619315576585674, 3.3389211521088664, 4.742960578583803, 5.579489519660379, 5.803786624265231, 6.039183426590054, 7.452537161262599, 5.279390959192169, 7.0365356255759846, 7.903402057342142, 8.683554077680405, 8.822805907986416, 9.589829036015189, 9.36257889472767, 10.223790776419479, 10.143323769356867, 11.440994649941937, 9.222887227435887, 8.271660503187977, 8.374666352159947, 1.7799476481065388, 0.0, 1.7800169802560872, 2.499292335842288, 2.4952307328181096, 6.144342280504888, 5.400240799260714, 8.155023640063835, 7.878825938552011, 7.617056802991559, 7.3667070967970485, 7.369915976454548, 11.064558802772028, 9.40380620972168, 7.676382060580361], [1.0951301018600483, 2.158812499963811, 2.6445638373841533, 4.0578136798034485, 5.451131916400483, 4.797481527843541, 5.127374163253546, 6.38932485556964, 4.363153147667408, 6.070742761804358, 6.9151499108840735, 7.497885155828942, 7.458290840400367, 8.4841703442352, 8.484089116104332, 9.48105535317667, 9.633342550745303, 11.061540471833027, 8.8505171057967, 7.780671408689613, 7.598669405889429, 1.7595700213404408, 1.7800169802560872, 0.0, 3.0628088072878463, 2.502547346205462, 5.532365957707426, 4.42169475201534, 7.151114071247921, 6.896875111236972, 6.342462771668432, 6.223211513358677, 6.606032410607748, 10.25578884581776, 9.23185702987216, 7.323320889459918], [2.1493326522434817, 1.0940220016069147, 2.0544805815582685, 3.0262410032910463, 3.2476082183662487, 4.280606188380332, 4.504201645130911, 6.0188036120146, 4.267123527623732, 5.74521393422386, 6.8578291273550995, 7.888355718399114, 8.123148011085357, 8.908313793305668, 8.544991252189789, 9.463227327925711, 9.259183336018355, 10.6398080612387, 8.132175351650995, 7.062126766067004, 7.332039757802735, 2.498501616969659, 2.499292335842288, 3.0628088072878463, 0.0, 1.7793921124923533, 4.2848171699618645, 4.227064848094953, 6.506195755585594, 6.486232888973383, 6.46914826078364, 6.108147726602558, 5.754319759971634, 10.43217377443455, 8.235324547945881, 6.24723763434688], [2.149796125217459, 1.093926153814781, 2.074231276883077, 2.749309378734958, 3.573390058473886, 4.180408895072347, 4.8842049127775145, 6.315635591925804, 3.0331603534927063, 4.7427370473177195, 5.619901156604091, 6.5766759042847776, 6.895898145999548, 7.479637652319797, 7.121528210293069, 8.002802592217304, 7.875942898472538, 9.25739323729958, 6.878439751862336, 5.851033974435629, 6.020493625941315, 3.0637020906086807, 2.4952307328181096, 2.502547346205462, 1.7793921124923533, 0.0, 4.9884241690136975, 4.666472185709457, 6.751828416066274, 7.005259792470226, 6.522858332816987, 5.250439758724978, 4.9767783846580915, 8.92045410783554, 7.093916282280191, 5.209871947562626], [5.1944639328808515, 4.303308845528055, 3.1126145505025193, 2.811108085791082, 3.087372439470172, 2.07282359114325, 1.0935580368686428, 2.148849026804815, 4.761530478743153, 5.085468227213695, 6.5139504833856385, 7.318381103768783, 7.129462154328333, 8.654898228171144, 8.677936606129363, 9.897661009551701, 10.022496401096884, 11.65221967094682, 8.995303408445988, 7.639543783499117, 7.489892849033288, 4.922513728777199, 6.144342280504888, 5.532365957707426, 4.2848171699618645, 4.9884241690136975, 0.0, 1.7802174614355404, 2.5012468670645047, 2.494706317384874, 3.062822316099972, 4.736065788183268, 4.925182396622485, 10.822754039522472, 9.35916953420548, 6.898482002585786], [4.340557948006223, 3.8917420944867356, 2.5933145374211746, 2.961021570336832, 4.118674676397736, 2.0580391954479396, 1.0942347325871173, 2.149033203559219, 4.571888488360144, 5.221600543894564, 6.555581204592008, 7.139746486395719, 6.767821612601797, 8.502523772974705, 8.715354398416626, 9.993771923052877, 10.282466528027214, 11.9496582181249, 9.39141300976589, 8.018898047113458, 7.662086583953486, 3.9711281747130753, 5.400240799260714, 4.42169475201534, 4.227064848094953, 4.666472185709457, 1.7802174614355404, 0.0, 3.062757799761516, 2.498433489208788, 2.4981765369965347, 4.759335115328612, 5.430534961677348, 10.8387493471