{"total energy": -63.03386568, "HOMO-LUMO gap/eV": 4.05311583, "electronic energy": -63.82424067, "dipole": [0.28800776, 0.96940511, -0.66121823], "partial charges": [-0.10310356, 0.00963088, -0.0634239, -0.05443992, -0.02267897, -0.02376494, -0.05653153, -0.05866811, 0.00411726, -0.08393147, 0.14128941, -0.39726908, -0.05973182, -0.04282761, -0.00929517, -0.02905119, -0.07265144, 0.10620427, -0.45213568, 0.10505002, -0.45020219, 0.03565489, 0.05369511, 0.03795788, 0.0348602, 0.02457966, 0.03278615, 0.03423194, 0.03617427, 0.03893475, 0.02914053, 0.02913035, 0.04145398, 0.03705313, 0.02301839, 0.29653834, 0.04676623, 0.03482385, 0.04841602, 0.03925901, 0.0272227, 0.00715757, 0.29250113, 0.0185189, 0.31353973], "atomic dipole moments": [[-0.00708487, 0.11835725, 0.00094371], [-0.02529664, 0.0224403, 0.00119962], [0.06011999, -0.04054572, -0.08009958], [-0.06601563, 0.04825558, -0.08696205], [0.01146489, -0.08507974, 0.00503706], [-0.0376688, 0.09318996, -0.00781399], [0.05494406, -0.0581757, 0.07675089], [-0.06679745, 0.02361242, 0.05915964], [-0.03117286, -0.01205325, -0.07601457], [0.01332199, 0.00076322, 0.00923817], [0.24667342, 0.02950321, 0.01647462], [-0.14173724, -0.0411661, -0.13683543], [0.0253481, -0.00376244, -0.03254806], [0.00105055, -0.00294371, -0.00582357], [-0.0799905, -0.01067326, -0.00415108], [0.001772, 0.06383567, 0.07850332], [-0.05724965, -0.08348473, 0.06110162], [-0.10358128, -0.02598954, -0.1467302], [0.19251195, 0.08497092, 0.09601189], [0.00235693, -0.03938731, -0.15992521], [0.01548462, 0.21114623, 0.11086864], [0.11583696, -0.04038061, 0.02119631], [-0.03166397, -0.0629053, -0.10955054], [-0.07147679, -0.05378295, 0.09119013], [-0.04625189, -0.05647781, 0.1007656], [-0.03984338, 0.11499707, 0.01990302], [0.01954743, 0.05346158, 0.10763816], [0.04742734, -0.11563488, 0.01969681], [-0.03895232, 0.11709138, 0.00191801], [0.04137189, -0.11697916, 0.00024912], [-0.03880034, -0.04601783, -0.10825877], [-0.02515181, 0.12311368, -0.00627597], [0.02649756, -0.11960066, -0.03011611], [0.05033706, 0.0748555, -0.08817455], [0.08099027, -0.01389839, -0.12661356], [0.02351151, -0.01243444, -0.07544361], [0.06308941, 0.03256918, 0.13737346], [-0.07321911, 0.02022266, 0.12941191], [-0.02319418, -0.06956867, -0.10303538], [-0.00342948, 0.01874074, -0.13002838], [0.05363889, 0.10100498, 0.04796], [-0.00760056, 0.0835363, 0.08797695], [0.02022779, 0.07735237, -0.02355426], [-0.08023769, -0.00950908, 0.09565167], [-0.04579383, 0.05793279, -0.03132982]], "atomic quadrupole moments": [[-0.10077328, -0.03116399, 0.20369615, 0.00922492, -0.02797026, -0.10292287], [0.01893376, -0.03268058, -0.02032595, -0.00382102, -0.0157276, 0.00139219], [0.13896044, 0.03006305, -0.1431097, 0.10723148, 0.09217448, 0.00414927], [0.16124272, 0.07531184, -0.1448511, -0.04500951, -0.10240406, -0.01639162], [0.00869085, 0.07935252, -0.15736863, -0.01110508, 0.00304216, 0.14867778], [0.06448587, 0.11566824, -0.1723445, -0.02074337, 0.00309529, 0.10785863], [0.18217369, 0.02109627, -0.16054412, -0.09128768, -0.11342142, -0.02162957], [0.19935986, -0.0120293, -0.20835938, 0.07921535, 0.05167831, 0.00899952], [-0.29312045, -0.06222746, 0.41092236, 0.13739564, -0.05284611, -0.11780191], [-0.20483228, -0.05617478, 0.38512231, 0.04056486, -0.09749226, -0.18029002], [0.1750989, -0.00521813, 0.27478381, 0.04292302, -0.12788549, -0.44988271], [0.09996336, 0.02078335, -0.0675211, 0.01348639, 0.00851627, -0.03244226], [-0.21013904, -0.08194005, 0.42555643, -0.03053789, -0.13004513, -0.21541739], [-0.21455641, -0.07984516, 0.47050556, -0.01122763, -0.16398973, -0.25594915], [-0.05974808, -0.07887961, 0.37457738, 0.04314599, -0.11981768, -0.3148293], [0.12333354, -0.0538109, 0.00413321, -0.07168498, -0.15894967, -0.12746675], [0.14919711, -0.09362301, 0.0083317, -0.12273694, -0.06625438, -0.15752881], [0.18467138, -0.0273678, -0.13758321, 0.23532953, -0.17967763, -0.04708817], [0.06171913, -0.010354, -0.06364499, 0.12821731, -0.03559314, 0.00192586], [-0.08221722, 0.07714607, 0.11840357, 0.20859848, 0.14918123, -0.03618635], [-0.07245263, 0.03923147, 0.03507787, 0.08565044, 0.11273482, 0.03737476], [0.08182363, -0.01050118, -0.0330287, 0.02783965, -0.00039318, -0.04879494], [-0.03618016, 0.00728625, -0.02074312, 0.03717611, 0.02798803, 0.05692328], [-0.00242247, 0.01643233, -0.02197636, -0.06156958, -0.02525074, 0.02439883], [-0.01754773, 0.02738354, 0.00394345, -0.01420529, -0.04103296, 0.01360428], [-0.00969807, -0.02550081, 0.0483561, 0.02813039, -0.00802655, -0.03865803], [-0.01214829, 0.01687102, -0.00663702, 0.01335659, 0.04486582, 0.01878531], [-0.01271548, -0.02439828, 0.04983455, -0.01626933, 0.00638686, -0.03711907], [-0.0100209, -0.022101, 0.02553846, 0.0012787, -0.00213764, -0.01551756], [-0.00490165, -0.01338123, 0.02427867, 0.00530244, -0.0059936, -0.01937702], [-0.00962795, 0.0128279, -0.01602337, 0.02137274, 0.03949367, 0.02565132], [-0.01509559, -0.01354914, 0.0502384, -0.01503454, 0.00957374, -0.03514281], [-0.01023749, -0.01595945, 0.04905343, 0.01765676, 0.01886231, -0.03881594], [0.00805954, 0.02909024, -0.00841601, -0.01369838, -0.04342685, 0.00035648], [0.03003158, 0.00842485, -0.05826514, -0.00944912, 0.01333729, 0.02823356], [0.00126172, -0.00554551, -0.08382226, -0.07933045, 0.02470863, 0.08256054], [0.0320764, 0.01035768, -0.0561248, 1.46e-06, 0.01614982, 0.02404839], [0.04711561, 0.01578933, -0.06481679, -0.00294546, 0.01597543, 0.01770118], [-0.01590701, -0.00639819, 0.00934765, 0.01329163, 0.01166667, 0.00655936], [-0.03218549, -0.01230554, -0.01657317, 0.02046464, 0.00157432, 0.04875866], [0.01424398, 0.02782974, 0.0036339, 0.00870045, 0.04040056, -0.01787787], [0.00437097, 0.00420939, -0.00647712, 0.00712354, 0.01506057, 0.00210615], [-0.05835165, 0.02519789, 0.09544188, 0.01268232, -0.07823192, -0.03709023], [-0.01063747, 0.02230549, -0.01564321, -0.01051713, 0.01762843, 0.02628068], [0.01109421, -0.0540651, 0.00203053, 0.08669951, -0.03021853, -0.01312474]], "number of molecular orbitals": 108, "number of electrons": 114, "number of unpaired electrons": 0, "orbital energies/eV": [-19.18712774, -19.03933498, -18.23489991, -17.67473161, -17.56977525, -17.3623035, -17.14362627, -16.96383635, -16.92045192, -16.75457822, -16.65881855, -16.44196778, -16.28391292, -16.06592321, -15.92452912, -15.80547382, -15.6717149, -15.47010869, -15.32919964, -15.06449997, -14.95954546, -14.85592253, -14.7325967, -14.48321246, -14.35871472, -14.19732769, -14.11480411, -14.05368979, -13.76150193, -13.69164993, -13.5295274, -13.46917082, -13.44556839, -13.25614201, -13.12198996, -13.07723105, -12.96031808, -12.85165969, -12.72831773, -12.56459135, -12.53321469, -12.37454594, -12.29825483, -12.21370124, -12.0069234, -11.97109725, -11.78477627, -11.77273695, -11.64541953, -11.45791596, -11.35580495, -11.27917131, -11.06286337, -10.90938354, -10.68208679, -10.63677996, -10.09592539, -6.04280956, -5.66159534, -2.50990098, -0.29276663, 0.46279501, 0.78101769, 0.98301036, 1.46913251, 1.65491599, 1.75444602, 1.89994398, 2.33613837, 2.49035799, 2.59277329, 2.71947037, 2.79351304, 3.04863241, 3.35375164, 3.42793748, 3.65429332, 3.81542408, 4.01373285, 4.08066901, 4.35428022, 4.58798236, 4.75881994, 4.91664634, 5.01577281, 5.23541267, 5.26155684, 5.48879233, 5.52003942, 5.65019115, 5.9350574, 6.2145142, 6.59404113, 6.7925242, 6.89354484, 7.15974917, 7.4146086, 7.46246039, 7.93893924, 8.24780018, 8.29417469, 8.92612277, 10.17760556, 10.68021871, 11.85069902, 12.42772881, 16.65924988, 17.08684716], "fractional occupation": [2.0, 2.0, 2.0, 2.0, 2.0, 2.0, 2.0, 2.0, 2.0, 2.0, 2.0, 2.0, 2.0, 2.0, 2.0, 2.0, 2.0, 2.0, 2.0, 2.0, 2.0, 2.0, 2.0, 2.0, 2.0, 2.0, 2.0, 2.0, 2.0, 2.0, 2.0, 2.0, 2.0, 2.0, 2.0, 2.0, 2.0, 2.0, 2.0, 2.0, 2.0, 2.0, 2.0, 2.0, 2.0, 2.0, 2.0, 2.0, 2.0, 2.0, 2.0, 2.0, 2.0, 2.0, 2.0, 2.0, 2.0, 0.0, 0.0, 0.0, 0.0, 0.0, 0.0, 0.0, 0.0, 0.0, 0.0, 0.0, 0.0, 0.0, 0.0, 0.0, 0.0, 0.0, 0.0, 0.0, 0.0, 0.0, 0.0, 0.0, 0.0, 0.0, 0.0, 0.0, 0.0, 0.0, 0.0, 0.0, 0.0, 0.0, 0.0, 0.0, 0.0, 0.0, 0.0, 0.0, 0.0, 0.0, 0.0, 0.0, 0.0, 0.0, 0.0, 0.0, 0.0, 0.0, 0.0, 0.0], "program call": "xtb /home/svss/Project-DBcg-Debug/aqme2_20220329/End-to-End-workflows-final/example-3/QDESCP/mol_845_rdkit_conf_3/mol_845_rdkit_conf_3.xyz --pop --wbo --acc 0.2 --gfn 2 --chrg 0 --uhf 0 --etemp 300 --input /home/svss/Project-DBcg-Debug/aqme2_20220329/End-to-End-workflows-final/example-3/QDESCP/mol_845_rdkit_conf_3/mol_845_rdkit_conf_3_xtb.inp", "method": "GFN2-xTB", "xtb version": "6.3.3 (7355c4f)", "Dipole module/D": 3.071, "Total charge": 0, "Transition dipole module/D": NaN, "HOMO": -10.0959, "LUMO": -6.0428, "HOMO occupancy": 2.0, "LUMO occupancy": 0, "mulliken charges": [-0.08326, 0.00322, -0.06227, -0.0454, -0.01829, -0.02192, -0.04827, -0.04552, 0.00637, -0.11268, 0.25903, -0.51985, -0.07148, -0.03698, -0.02724, -0.02601, -0.0837, 0.19782, -0.56964, 0.20139, -0.57432, 0.02411, 0.04739, 0.03243, 0.03135, 0.01988, 0.02833, 0.02818, 0.02748, 0.02787, 0.02862, 0.02406, 0.03509, 0.03158, 0.03031, 0.34984, 0.04715, 0.03051, 0.0408, 0.03853, 0.02299, 0.01115, 0.34264, 0.02081, 0.35793], "cm5 charges": [-0.22779, -0.01994, -0.16728, -0.15256, -0.07838, -0.08538, -0.15509, -0.14851, -0.00594, -0.16261, 0.27053, -0.71732, -0.12175, -0.0902, -0.03751, -0.08685, -0.18659, 0.15482, -0.78782, 0.16327, -0.77867, 0.07722, 0.10287, 0.08527, 0.08686, 0.07769, 0.08411, 0.08455, 0.08897, 0.08964, 0.08383, 0.08063, 0.09086, 0.08695, 0.08918, 0.52096, 0.10571, 0.08759, 0.10357, 0.0971, 0.08044, 0.07773, 0.51158, 0.08827, 0.53999], "FUKUI+": [0.008, -0.0, 0.006, 0.004, 0.005, 0.002, 0.013, 0.017, -0.084, -0.063, -0.04, -0.052, -0.063, -0.066, -0.047, 0.004, 0.005, 0.002, -0.008, 0.003, -0.005, 0.005, -0.012, -0.014, -0.021, -0.012, -0.004, -0.011, -0.035, -0.012, -0.038, -0.021, -0.051, -0.044, -0.087, -0.041, -0.09, -0.091, -0.018, -0.01, 0.004, -0.007, -0.006, -0.014, -0.009], "FUKUI-": [0.014, -0.007, 0.009, 0.007, -0.001, -0.0, 0.01, 0.011, -0.028, -0.014, -0.036, -0.075, -0.03, -0.014, -0.042, -0.0, 0.007, 0.004, -0.01, 0.005, -0.076, -0.017, -0.016, -0.025, -0.026, -0.017, -0.025, -0.027, -0.056, -0.023, -0.028, -0.018, -0.037, -0.039, -0.043, -0.037, -0.05, -0.041, -0.03, -0.023, -0.019, -0.023, -0.018, -0.063, -0.033], "FUKUIrad": [0.011, -0.003, 0.008, 0.006, 0.002, 0.001, 0.011, 0.014, -0.056, -0.038, -0.038, -0.064, -0.046, -0.04, -0.044, 0.002, 0.006, 0.003, -0.009, 0.004, -0.04, -0.006, -0.014, -0.019, -0.024, -0.015, -0.015, -0.019, -0.045, -0.017, -0.033, -0.019, -0.044, -0.041, -0.065, -0.039, -0.07, -0.066, -0.024, -0.017, -0.007, -0.015, -0.012, -0.038, -0.021], "s proportion": [1.012, 1.096, 1.038, 1.033, 1.059, 1.062, 1.032, 1.029, 1.09, 1.06, 1.014, 1.692, 1.053, 1.063, 1.09, 1.069, 1.045, 1.025, 1.7, 1.027, 1.708, 0.976, 0.953, 0.968, 0.969, 0.98, 0.972, 0.972, 0.973, 0.972, 0.971, 0.976, 0.965, 0.968, 0.97, 0.65, 0.953, 0.969, 0.959, 0.961, 0.977, 0.989, 0.657, 0.979, 0.642], "p proportion": [3.071, 2.901, 3.024, 3.012, 2.959, 2.96, 3.017, 3.017, 2.904, 3.052, 2.727, 4.828, 3.018, 2.974, 2.937, 2.957, 3.039, 2.777, 4.869, 2.772, 4.867, 0.0, 0.0, 0.0, 0.0, 0.0, 0.0, 0.0, 0.0, 0.0, 0.0, 0.0, 0.0, 0.0, 0.0, 0.0, 0.0, 0.0, 0.0, 0.0, 0.0, 0.0, 0.0, 0.0, 0.0], "d proportion": [0.0, 0.0, 0.0, 0.0, 0.0, 0.0, 0.0, 0.0, 0.0, 0.0, 0.0, 0.0, 0.0, 0.0, 0.0, 0.0, 0.0, 0.0, 0.0, 0.0, 0.0, 0.0, 0.0, 0.0, 0.0, 0.0, 0.0, 0.0, 0.0, 0.0, 0.0, 0.0, 0.0, 0.0, 0.0, 0.0, 0.0, 0.0, 0.0, 0.0, 0.0, 0.0, 0.0, 0.0, 0.0], "Fermi-level/eV": -8.0694, "Coordination numbers": [3.752, 3.913, 3.803, 3.801, 3.853, 3.855, 3.804, 3.808, 2.965, 2.914, 2.841, 1.659, 2.911, 2.915, 2.958, 3.874, 3.812, 3.738, 1.653, 3.749, 1.651, 0.924, 0.924, 0.924, 0.924, 0.924, 0.924, 0.924, 0.923, 0.923, 0.924, 0.924, 0.924, 0.924, 0.925, 0.804, 0.925, 0.925, 0.923, 0.924, 0.924, 0.924, 0.804, 0.924, 0.803], "Dispersion coefficient C6": [22.531, 20.356, 21.716, 21.552, 20.942, 20.96, 21.588, 21.623, 27.929, 30.101, 24.916, 20.795, 29.485, 29.064, 28.248, 21.045, 21.879, 18.911, 21.889, 18.913, 21.85, 2.508, 2.274, 2.476, 2.519, 2.665, 2.547, 2.527, 2.501, 2.463, 2.599, 2.599, 2.43, 2.489, 2.688, 0.732, 2.361, 2.519, 2.34, 2.459, 2.626, 2.937, 0.744, 2.756, 0.682], "Total dispersion C6": 18622.509008, "Total dispersion C8": 426976.712597, "Polarizability alpha": [6.769, 6.413, 6.634, 6.61, 6.509, 6.511, 6.615, 6.619, 8.668, 8.997, 8.18, 6.156, 8.904, 8.84, 8.718, 6.523, 6.658, 6.205, 6.316, 6.203, 6.31, 2.476, 2.358, 2.461, 2.482, 2.553, 2.496, 2.486, 2.473, 2.454, 2.521, 2.521, 2.438, 2.467, 2.564, 1.344, 2.403, 2.482, 2.392, 2.452, 2.534, 2.68, 1.355, 2.596, 1.297], "Total polarizability alpha": 205.644131, "Wiberg matrix": [[0.0, 1.0008269184126775, 0.0, 0.0, 0.0, 0.0, 0.0, 0.0, 0.0, 0.0, 0.0, 0.0, 0.0, 0.0, 0.0, 0.0, 0.0, 0.0, 0.0, 0.0, 0.0, 0.9815267555822937, 0.982953225179167, 0.9851868611421177, 0.0, 0.0, 0.0, 0.0, 0.0, 0.0, 0.0, 0.0, 0.0, 0.0, 0.0, 0.0, 0.0, 0.0, 0.0, 0.0, 0.0, 0.0, 0.0, 0.0, 0.0], [1.0008269184126775, 0.0, 0.9842896845544274, 0.0, 0.0, 0.0, 0.0, 0.0, 0.0, 0.0, 0.0, 0.0, 0.0, 0.0, 0.0, 0.9710402961185144, 0.0, 0.0, 0.0, 0.9659418678794972, 0.0, 0.0, 0.0, 0.0, 0.0, 0.0, 0.0, 0.0, 0.0, 0.0, 0.0, 0.0, 0.0, 0.0, 0.0, 0.0, 0.0, 0.0, 0.0, 0.0, 0.0, 0.0, 0.0, 0.0, 0.0], [0.0, 0.9842896845544274, 0.0, 1.0066650416007012, 0.0, 0.0, 0.0, 0.0, 0.0, 0.0, 0.0, 0.0, 0.0, 0.0, 0.0, 0.0, 0.0, 0.0, 0.0, 0.0, 0.0, 0.0, 0.0, 0.0, 0.9749807716607071, 0.9750344325763071, 0.0, 0.0, 0.0, 0.0, 0.0, 0.0, 0.0, 0.0, 0.0, 0.0, 0.0, 0.0, 0.0, 0.0, 0.0, 0.0, 0.0, 0.0, 0.0], [0.0, 0.0, 1.0066650416007012, 0.0, 0.9911956773986397, 0.0, 0.0, 0.0, 0.0, 0.0, 0.0, 0.0, 0.0, 0.0, 0.0, 0.0, 0.0, 0.0, 0.0, 0.0, 0.0, 0.0, 0.0, 0.0, 0.0, 0.0, 0.9714874760573268, 0.9753971223544147, 0.0, 0.0, 0.0, 0.0, 0.0, 0.0, 0.0, 0.0, 0.0, 0.0, 0.0, 0.0, 0.0, 0.0, 0.0, 0.0, 0.0], [0.0, 0.0, 0.0, 0.9911956773986397, 0.0, 0.9835199716990055, 0.0, 0.0, 0.0, 0.0, 0.0, 0.0, 0.0, 0.0, 0.9935132417378206, 0.0, 0.0, 0.0, 0.0, 0.0, 0.0, 0.0, 0.0, 0.0, 0.0, 0.0, 0.0, 0.0, 0.9479668605293624, 0.0, 0.0, 0.0, 0.0, 0.0, 0.0, 0.0, 0.0, 0.0, 0.0, 0.0, 0.0, 0.0, 0.0, 0.0, 0.0], [0.0, 0.0, 0.0, 0.0, 0.9835199716990055, 0.0, 0.9969283648919408, 0.0, 0.0, 0.0, 0.0, 0.0, 0.0, 0.0, 0.0, 0.9867529592174574, 0.0, 0.0, 0.0, 0.0, 0.0, 0.0, 0.0, 0.0, 0.0, 0.0, 0.0, 0.0, 0.0, 0.9633312808043331, 0.0, 0.0, 0.0, 0.0, 0.0, 0.0, 0.0, 0.0, 0.0, 0.0, 0.0, 0.0, 0.0, 0.0, 0.0], [0.0, 0.0, 0.0, 0.0, 0.0, 0.9969283648919408, 0.0, 1.0064772233407597, 0.0, 0.0, 0.0, 0.0, 0.0, 0.0, 0.0, 0.0, 0.0, 0.0, 0.0, 0.0, 0.0, 0.0, 0.0, 0.0, 0.0, 0.0, 0.0, 0.0, 0.0, 0.0, 0.9759299513724358, 0.976767597117517, 0.0, 0.0, 0.0, 0.0, 0.0, 0.0, 0.0, 0.0, 0.0, 0.0, 0.0, 0.0, 0.0], [0.0, 0.0, 0.0, 0.0, 0.0, 0.0, 1.0064772233407597, 0.0, 1.0119568329759705, 0.0, 0.0, 0.0, 0.0, 0.0, 0.0, 0.0, 0.0, 0.0, 0.0, 0.0, 0.0, 0.0, 0.0, 0.0, 0.0, 0.0, 0.0, 0.0, 0.0, 0.0, 0.0, 0.0, 0.9601890978312462, 0.9685296519019551, 0.0, 0.0, 0.0, 0.0, 0.0, 0.0, 0.0, 0.0, 0.0, 0.0, 0.0], [0.0, 0.0, 0.0, 0.0, 0.0, 0.0, 0.0, 1.0119568329759705, 0.0, 1.409664564406634, 0.0, 0.0, 0.10560966532109636, 0.0, 1.3879840107156025, 0.0, 0.0, 0.0, 0.0, 0.0, 0.0, 0.0, 0.0, 0.0, 0.0, 0.0, 0.0, 0.0, 0.0, 0.0, 0.0, 0.0, 0.0, 0.0, 0.0, 0.0, 0.0, 0.0, 0.0, 0.0, 0.0, 0.0, 0.0, 0.0, 0.0], [0.0, 0.0, 0.0, 0.0, 0.0, 0.0, 0.0, 0.0, 1.409664564406634, 0.0, 1.3837163914228476, 0.0, 0.0, 0.10615530960279052, 0.0, 0.0, 0.0, 0.0, 0.0, 0.0, 0.0, 0.0, 0.0, 0.0, 0.0, 0.0, 0.0, 0.0, 0.0, 0.0, 0.0, 0.0, 0.0, 0.0, 0.9649063698704163, 0.0, 0.0, 0.0, 0.0, 0.0, 0.0, 0.0, 0.0, 0.0, 0.0], [0.0, 0.0, 0.0, 0.0, 0.0, 0.0, 0.0, 0.0, 0.0, 1.3837163914228476, 0.0, 1.062921941706743, 1.3662550425711983, 0.0, 0.0, 0.0, 0.0, 0.0, 0.0, 0.0, 0.0, 0.0, 0.0, 0.0, 0.0, 0.0, 0.0, 0.0, 0.0, 0.0, 0.0, 0.0, 0.0, 0.0, 0.0, 0.0, 0.0, 0.0, 0.0, 0.0, 0.0, 0.0, 0.0, 0.0, 0.0], [0.0, 0.0, 0.0, 0.0, 0.0, 0.0, 0.0, 0.0, 0.0, 0.0, 1.062921941706743, 0.0, 0.0, 0.0, 0.0, 0.0, 0.0, 0.0, 0.0, 0.0, 0.0, 0.0, 0.0, 0.0, 0.0, 0.0, 0.0, 0.0, 0.0, 0.0, 0.0, 0.0, 0.0, 0.0, 0.0, 0.8905359455200996, 0.0, 0.0, 0.0, 0.0, 0.0, 0.0, 0.0, 0.0, 0.0], [0.0, 0.0, 0.0, 0.0, 0.0, 0.0, 0.0, 0.0, 0.10560966532109636, 0.0, 1.3662550425711983, 0.0, 0.0, 1.4519006810158777, 0.0, 0.0, 0.0, 0.0, 0.0, 0.0, 0.0, 0.0, 0.0, 0.0, 0.0, 0.0, 0.0, 0.0, 0.0, 0.0, 0.0, 0.0, 0.0, 0.0, 0.0, 0.0, 0.9681586856341936, 0.0, 0.0, 0.0, 0.0, 0.0, 0.0, 0.0, 0.0], [0.0, 0.0, 0.0, 0.0, 0.0, 0.0, 0.0, 0.0, 0.0, 0.10615530960279052, 0.0, 0.0, 1.4519006810158777, 0.0, 1.406328548366139, 0.0, 0.0, 0.0, 0.0, 0.0, 0.0, 0.0, 0.0, 0.0, 0.0, 0.0, 0.0, 0.0, 0.0, 0.0, 0.0, 0.0, 0.0, 0.0, 0.0, 0.0, 0.0, 0.9661090847652134, 0.0, 0.0, 0.0, 0.0, 0.0, 0.0, 0.0], [0.0, 0.0, 0.0, 0.0, 0.9935132417378206, 0.0, 0.0, 0.0, 1.3879840107156025, 0.0, 0.0, 0.0, 0.0, 1.406328548366139, 0.0, 0.0, 0.0, 0.0, 0.0, 0.0, 0.0, 0.0, 0.0, 0.0, 0.0, 0.0, 0.0, 0.0, 0.0, 0.0, 0.0, 0.0, 0.0, 0.0, 0.0, 0.0, 0.0, 0.0, 0.0, 0.0, 0.0, 0.0, 0.0, 0.0, 0.0], [0.0, 0.9710402961185144, 0.0, 0.0, 0.0, 0.9867529592174574, 0.0, 0.0, 0.0, 0.0, 0.0, 0.0, 0.0, 0.0, 0.0, 0.0, 0.9915784245742025, 0.0, 0.0, 0.0, 0.0, 0.0, 0.0, 0.0, 0.0, 0.0, 0.0, 0.0, 0.0, 0.0, 0.0, 0.0, 0.0, 0.0, 0.0, 0.0, 0.0, 0.0, 0.9657520083550496, 0.0, 0.0, 0.0, 0.0, 0.0, 0.0], [0.0, 0.0, 0.0, 0.0, 0.0, 0.0, 0.0, 0.0, 0.0, 0.0, 0.0, 0.0, 0.0, 0.0, 0.0, 0.9915784245742025, 0.0, 0.985083634461384, 0.0, 0.0, 0.0, 0.0, 0.0, 0.0, 0.0, 0.0, 0.0, 0.0, 0.0, 0.0, 0.0, 0.0, 0.0, 0.0, 0.0, 0.0, 0.0, 0.0, 0.0, 0.9778468084368803, 0.9762605409999126, 0.0, 0.0, 0.0, 0.0], [0.0, 0.0, 0.0, 0.0, 0.0, 0.0, 0.0, 0.0, 0.0, 0.0, 0.0, 0.0, 0.0, 0.0, 0.0, 0.0, 0.985083634461384, 0.0, 0.9794942969113068, 0.972047366839968, 0.0, 0.0, 0.0, 0.0, 0.0, 0.0, 0.0, 0.0, 0.0, 0.0, 0.0, 0.0, 0.0, 0.0, 0.0, 0.0, 0.0, 0.0, 0.0, 0.0, 0.0, 0.9661907515547292, 0.0, 0.0, 0.0], [0.0, 0.0, 0.0, 0.0, 0.0, 0.0, 0.0, 0.0, 0.0, 0.0, 0.0, 0.0, 0.0, 0.0, 0.0, 0.0, 0.0, 0.9794942969113068, 0.0, 0.0, 0.0, 0.0, 0.0, 0.0, 0.0, 0.0, 0.0, 0.0, 0.0, 0.0, 0.0, 0.0, 0.0, 0.0, 0.0, 0.0, 0.0, 0.0, 0.0, 0.0, 0.0, 0.0, 0.8952509086807968, 0.0, 0.0], [0.0, 0.9659418678794972, 0.0, 0.0, 0.0, 0.0, 0.0, 0.0, 0.0, 0.0, 0.0, 0.0, 0.0, 0.0, 0.0, 0.0, 0.0, 0.972047366839968, 0.0, 0.0, 0.9963943626086044, 0.0, 0.0, 0.0, 0.0, 0.0, 0.0, 0.0, 0.0, 0.0, 0.0, 0.0, 0.0, 0.0, 0.0, 0.0, 0.0, 0.0, 0.0, 0.0, 0.0, 0.0, 0.0, 0.9630409750877533, 0.0], [0.0, 0.0, 0.0, 0.0, 0.0, 0.0, 0.0, 0.0, 0.0, 0.0, 0.0, 0.0, 0.0, 0.0, 0.0, 0.0, 0.0, 0.0, 0.0, 0.9963943626086044, 0.0, 0.0, 0.0, 0.0, 0.0, 0.0, 0.0, 0.0, 0.0, 0.0, 0.0, 0.0, 0.0, 0.0, 0.0, 0.0, 0.0, 0.0, 0.0, 0.0, 0.0, 0.0, 0.0, 0.0, 0.8700575058825477], [0.9815267555822937, 0.0, 0.0, 0.0, 0.0, 0.0, 0.0, 0.0, 0.0, 0.0, 0.0, 0.0, 0.0, 0.0, 0.0, 0.0, 0.0, 0.0, 0.0, 0.0, 0.0, 0.0, 0.0, 0.0, 0.0, 0.0, 0.0, 0.0, 0.0, 0.0, 0.0, 0.0, 0.0, 0.0, 0.0, 0.0, 0.0, 0.0, 0.0, 0.0, 0.0, 0.0, 0.0, 0.0, 0.0], [0.982953225179167, 0.0, 0.0, 0.0, 0.0, 0.0, 0.0, 0.0, 0.0, 0.0, 0.0, 0.0, 0.0, 0.0, 0.0, 0.0, 0.0, 0.0, 0.0, 0.0, 0.0, 0.0, 0.0, 0.0, 0.0, 0.0, 0.0, 0.0, 0.0, 0.0, 0.0, 0.0, 0.0, 0.0, 0.0, 0.0, 0.0, 0.0, 0.0, 0.0, 0.0, 0.0, 0.0, 0.0, 0.0], [0.9851868611421177, 0.0, 0.0, 0.0, 0.0, 0.0, 0.0, 0.0, 0.0, 0.0, 0.0, 0.0, 0.0, 0.0, 0.0, 0.0, 0.0, 0.0, 0.0, 0.0, 0.0, 0.0, 0.0, 0.0, 0.0, 0.0, 0.0, 0.0, 0.0, 0.0, 0.0, 0.0, 0.0, 0.0, 0.0, 0.0, 0.0, 0.0, 0.0, 0.0, 0.0, 0.0, 0.0, 0.0, 0.0], [0.0, 0.0, 0.9749807716607071, 0.0, 0.0, 0.0, 0.0, 0.0, 0.0, 0.0, 0.0, 0.0, 0.0, 0.0, 0.0, 0.0, 0.0, 0.0, 0.0, 0.0, 0.0, 0.0, 0.0, 0.0, 0.0, 0.0, 0.0, 0.0, 0.0, 0.0, 0.0, 0.0, 0.0, 0.0, 0.0, 0.0, 0.0, 0.0, 0.0, 0.0, 0.0, 0.0, 0.0, 0.0, 0.0], [0.0, 0.0, 0.9750344325763071, 0.0, 0.0, 0.0, 0.0, 0.0, 0.0, 0.0, 0.0, 0.0, 0.0, 0.0, 0.0, 0.0, 0.0, 0.0, 0.0, 0.0, 0.0, 0.0, 0.0, 0.0, 0.0, 0.0, 0.0, 0.0, 0.0, 0.0, 0.0, 0.0, 0.0, 0.0, 0.0, 0.0, 0.0, 0.0, 0.0, 0.0, 0.0, 0.0, 0.0, 0.0, 0.0], [0.0, 0.0, 0.0, 0.9714874760573268, 0.0, 0.0, 0.0, 0.0, 0.0, 0.0, 0.0, 0.0, 0.0, 0.0, 0.0, 0.0, 0.0, 0.0, 0.0, 0.0, 0.0, 0.0, 0.0, 0.0, 0.0, 0.0, 0.0, 0.0, 0.0, 0.0, 0.0, 0.0, 0.0, 0.0, 0.0, 0.0, 0.0, 0.0, 0.0, 0.0, 0.0, 0.0, 0.0, 0.0, 0.0], [0.0, 0.0, 0.0, 0.9753971223544147, 0.0, 0.0, 0.0, 0.0, 0.0, 0.0, 0.0, 0.0, 0.0, 0.0, 0.0, 0.0, 0.0, 0.0, 0.0, 0.0, 0.0, 0.0, 0.0, 0.0, 0.0, 0.0, 0.0, 0.0, 0.0, 0.0, 0.0, 0.0, 0.0, 0.0, 0.0, 0.0, 0.0, 0.0, 0.0, 0.0, 0.0, 0.0, 0.0, 0.0, 0.0], [0.0, 0.0, 0.0, 0.0, 0.9479668605293624, 0.0, 0.0, 0.0, 0.0, 0.0, 0.0, 0.0, 0.0, 0.0, 0.0, 0.0, 0.0, 0.0, 0.0, 0.0, 0.0, 0.0, 0.0, 0.0, 0.0, 0.0, 0.0, 0.0, 0.0, 0.0, 0.0, 0.0, 0.0, 0.0, 0.0, 0.0, 0.0, 0.0, 0.0, 0.0, 0.0, 0.0, 0.0, 0.0, 0.0], [0.0, 0.0, 0.0, 0.0, 0.0, 0.9633312808043331, 0.0, 0.0, 0.0, 0.0, 0.0, 0.0, 0.0, 0.0, 0.0, 0.0, 0.0, 0.0, 0.0, 0.0, 0.0, 0.0, 0.0, 0.0, 0.0, 0.0, 0.0, 0.0, 0.0, 0.0, 0.0, 0.0, 0.0, 0.0, 0.0, 0.0, 0.0, 0.0, 0.0, 0.0, 0.0, 0.0, 0.0, 0.0, 0.0], [0.0, 0.0, 0.0, 0.0, 0.0, 0.0, 0.9759299513724358, 0.0, 0.0, 0.0, 0.0, 0.0, 0.0, 0.0, 0.0, 0.0, 0.0, 0.0, 0.0, 0.0, 0.0, 0.0, 0.0, 0.0, 0.0, 0.0, 0.0, 0.0, 0.0, 0.0, 0.0, 0.0, 0.0, 0.0, 0.0, 0.0, 0.0, 0.0, 0.0, 0.0, 0.0, 0.0, 0.0, 0.0, 0.0], [0.0, 0.0, 0.0, 0.0, 0.0, 0.0, 0.976767597117517, 0.0, 0.0, 0.0, 0.0, 0.0, 0.0, 0.0, 0.0, 0.0, 0.0, 0.0, 0.0, 0.0, 0.0, 0.0, 0.0, 0.0, 0.0, 0.0, 0.0, 0.0, 0.0, 0.0, 0.0, 0.0, 0.0, 0.0, 0.0, 0.0, 0.0, 0.0, 0.0, 0.0, 0.0, 0.0, 0.0, 0.0, 0.0], [0.0, 0.0, 0.0, 0.0, 0.0, 0.0, 0.0, 0.9601890978312462, 0.0, 0.0, 0.0, 0.0, 0.0, 0.0, 0.0, 0.0, 0.0, 0.0, 0.0, 0.0, 0.0, 0.0, 0.0, 0.0, 0.0, 0.0, 0.0, 0.0, 0.0, 0.0, 0.0, 0.0, 0.0, 0.0, 0.0, 0.0, 0.0, 0.0, 0.0, 0.0, 0.0, 0.0, 0.0, 0.0, 0.0], [0.0, 0.0, 0.0, 0.0, 0.0, 0.0, 0.0, 0.9685296519019551, 0.0, 0.0, 0.0, 0.0, 0.0, 0.0, 0.0, 0.0, 0.0, 0.0, 0.0, 0.0, 0.0, 0.0, 0.0, 0.0, 0.0, 0.0, 0.0, 0.0, 0.0, 0.0, 0.0, 0.0, 0.0, 0.0, 0.0, 0.0, 0.0, 0.0, 0.0, 0.0, 0.0, 0.0, 0.0, 0.0, 0.0], [0.0, 0.0, 0.0, 0.0, 0.0, 0.0, 0.0, 0.0, 0.0, 0.9649063698704163, 0.0, 0.0, 0.0, 0.0, 0.0, 0.0, 0.0, 0.0, 0.0, 0.0, 0.0, 0.0, 0.0, 0.0, 0.0, 0.0, 0.0, 0.0, 0.0, 0.0, 0.0, 0.0, 0.0, 0.0, 0.0, 0.0, 0.0, 0.0, 0.0, 0.0, 0.0, 0.0, 0.0, 0.0, 0.0], [0.0, 0.0, 0.0, 0.0, 0.0, 0.0, 0.0, 0.0, 0.0, 0.0, 0.0, 0.8905359455200996, 0.0, 0.0, 0.0, 0.0, 0.0, 0.0, 0.0, 0.0, 0.0, 0.0, 0.0, 0.0, 0.0, 0.0, 0.0, 0.0, 0.0, 0.0, 0.0, 0.0, 0.0, 0.0, 0.0, 0.0, 0.0, 0.0, 0.0, 0.0, 0.0, 0.0, 0.0, 0.0, 0.0], [0.0, 0.0, 0.0, 0.0, 0.0, 0.0, 0.0, 0.0, 0.0, 0.0, 0.0, 0.0, 0.9681586856341936, 0.0, 0.0, 0.0, 0.0, 0.0, 0.0, 0.0, 0.0, 0.0, 0.0, 0.0, 0.0, 0.0, 0.0, 0.0, 0.0, 0.0, 0.0, 0.0, 0.0, 0.0, 0.0, 0.0, 0.0, 0.0, 0.0, 0.0, 0.0, 0.0, 0.0, 0.0, 0.0], [0.0, 0.0, 0.0, 0.0, 0.0, 0.0, 0.0, 0.0, 0.0, 0.0, 0.0, 0.0, 0.0, 0.9661090847652134, 0.0, 0.0, 0.0, 0.0, 0.0, 0.0, 0.0, 0.0, 0.0, 0.0, 0.0, 0.0, 0.0, 0.0, 0.0, 0.0, 0.0, 0.0, 0.0, 0.0, 0.0, 0.0, 0.0, 0.0, 0.0, 0.0, 0.0, 0.0, 0.0, 0.0, 0.0], [0.0, 0.0, 0.0, 0.0, 0.0, 0.0, 0.0, 0.0, 0.0, 0.0, 0.0, 0.0, 0.0, 0.0, 0.0, 0.9657520083550496, 0.0, 0.0, 0.0, 0.0, 0.0, 0.0, 0.0, 0.0, 0.0, 0.0, 0.0, 0.0, 0.0, 0.0, 0.0, 0.0, 0.0, 0.0, 0.0, 0.0, 0.0, 0.0, 0.0, 0.0, 0.0, 0.0, 0.0, 0.0, 0.0], [0.0, 0.0, 0.0, 0.0, 0.0, 0.0, 0.0, 0.0, 0.0, 0.0, 0.0, 0.0, 0.0, 0.0, 0.0, 0.0, 0.9778468084368803, 0.0, 0.0, 0.0, 0.0, 0.0, 0.0, 0.0, 0.0, 0.0, 0.0, 0.0, 0.0, 0.0, 0.0, 0.0, 0.0, 0.0, 0.0, 0.0, 0.0, 0.0, 0.0, 0.0, 0.0, 0.0, 0.0, 0.0, 0.0], [0.0, 0.0, 0.0, 0.0, 0.0, 0.0, 0.0, 0.0, 0.0, 0.0, 0.0, 0.0, 0.0, 0.0, 0.0, 0.0, 0.9762605409999126, 0.0, 0.0, 0.0, 0.0, 0.0, 0.0, 0.0, 0.0, 0.0, 0.0, 0.0, 0.0, 0.0, 0.0, 0.0, 0.0, 0.0, 0.0, 0.0, 0.0, 0.0, 0.0, 0.0, 0.0, 0.0, 0.0, 0.0, 0.0], [0.0, 0.0, 0.0, 0.0, 0.0, 0.0, 0.0, 0.0, 0.0, 0.0, 0.0, 0.0, 0.0, 0.0, 0.0, 0.0, 0.0, 0.9661907515547292, 0.0, 0.0, 0.0, 0.0, 0.0, 0.0, 0.0, 0.0, 0.0, 0.0, 0.0, 0.0, 0.0, 0.0, 0.0, 0.0, 0.0, 0.0, 0.0, 0.0, 0.0, 0.0, 0.0, 0.0, 0.0, 0.0, 0.0], [0.0, 0.0, 0.0, 0.0, 0.0, 0.0, 0.0, 0.0, 0.0, 0.0, 0.0, 0.0, 0.0, 0.0, 0.0, 0.0, 0.0, 0.0, 0.8952509086807968, 0.0, 0.0, 0.0, 0.0, 0.0, 0.0, 0.0, 0.0, 0.0, 0.0, 0.0, 0.0, 0.0, 0.0, 0.0, 0.0, 0.0, 0.0, 0.0, 0.0, 0.0, 0.0, 0.0, 0.0, 0.0, 0.0], [0.0, 0.0, 0.0, 0.0, 0.0, 0.0, 0.0, 0.0, 0.0, 0.0, 0.0, 0.0, 0.0, 0.0, 0.0, 0.0, 0.0, 0.0, 0.0, 0.9630409750877533, 0.0, 0.0, 0.0, 0.0, 0.0, 0.0, 0.0, 0.0, 0.0, 0.0, 0.0, 0.0, 0.0, 0.0, 0.0, 0.0, 0.0, 0.0, 0.0, 0.0, 0.0, 0.0, 0.0, 0.0, 0.0], [0.0, 0.0, 0.0, 0.0, 0.0, 0.0, 0.0, 0.0, 0.0, 0.0, 0.0, 0.0, 0.0, 0.0, 0.0, 0.0, 0.0, 0.0, 0.0, 0.0, 0.8700575058825477, 0.0, 0.0, 0.0, 0.0, 0.0, 0.0, 0.0, 0.0, 0.0, 0.0, 0.0, 0.0, 0.0, 0.0, 0.0, 0.0, 0.0, 0.0, 0.0, 0.0, 0.0, 0.0, 0.0, 0.0]], "Born radii": [], "Atomic SASAs": [], "Solvent H bonds": [], "Total SASA": NaN, "Total FOD": 0.0, "FOD": [0.0, 0.0, 0.0, 0.0, 0.0, 0.0, 0.0, 0.0, 0.0, 0.0, 0.0, 0.0, 0.0, 0.0, 0.0, 0.0, 0.0, 0.0, 0.0, 0.0, 0.0, 0.0, 0.0, 0.0, 0.0, 0.0, 0.0, 0.0, 0.0, 0.0, 0.0, 0.0, 0.0, 0.0, 0.0, 0.0, 0.0, 0.0, 0.0, 0.0, 0.0, 0.0, 0.0, 0.0, 0.0], "FOD s proportion": [0.0, 0.0, 0.0, 0.0, 0.0, 0.0, 0.0, 0.0, 0.0, 0.0, 0.0, 0.0, 0.0, 0.0, 0.0, 0.0, 0.0, 0.0, 0.0, 0.0, 0.0, 0.0, 0.0, 0.0, 0.0, 0.0, 0.0, 0.0, 0.0, 0.0, 0.0, 0.0, 0.0, 0.0, 0.0, 0.0, 0.0, 0.0, 0.0, 0.0, 0.0, 0.0, 0.0, 0.0, 0.0], "FOD p proportion": [0.0, 0.0, 0.0, 0.0, 0.0, 0.0, 0.0, 0.0, 0.0, 0.0, 0.0, 0.0, 0.0, 0.0, 0.0, 0.0, 0.0, 0.0, 0.0, 0.0, 0.0, 0.0, 0.0, 0.0, 0.0, 0.0, 0.0, 0.0, 0.0, 0.0, 0.0, 0.0, 0.0, 0.0, 0.0, 0.0, 0.0, 0.0, 0.0, 0.0, 0.0, 0.0, 0.0, 0.0, 0.0], "FOD d proportion": [0.0, 0.0, 0.0, 0.0, 0.0, 0.0, 0.0, 0.0, 0.0, 0.0, 0.0, 0.0, 0.0, 0.0, 0.0, 0.0, 0.0, 0.0, 0.0, 0.0, 0.0, 0.0, 0.0, 0.0, 0.0, 0.0, 0.0, 0.0, 0.0, 0.0, 0.0, 0.0, 0.0, 0.0, 0.0, 0.0, 0.0, 0.0, 0.0, 0.0, 0.0, 0.0, 0.0, 0.0, 0.0], "coordinates": [["-1.92470", "-2.55670", "0.38700"], ["-2.10380", "-1.03000", "0.32480"], ["-1.60240", "-0.39160", "1.64100"], ["-0.07680", "-0.34710", "1.76480"], ["0.57230", "0.37720", "0.56860"], ["0.14300", "-0.33280", "-0.73870"], ["0.81680", "0.33950", "-1.93740"], ["2.32630", "0.13970", "-1.85650"], ["2.89990", "0.44530", "-0.49390"], ["4.29360", "0.60890", "-0.38940"], ["4.87460", "0.88610", "0.84150"], ["6.22060", "1.05570", "0.97310"], ["4.09220", "1.00620", "1.97730"], ["2.70950", "0.83420", "1.88670"], ["2.09060", "0.52440", "0.66170"], ["-1.38500", "-0.42440", "-0.90500"], ["-2.11400", "0.90720", "-1.18220"], ["-3.47890", "0.80410", "-0.49070"], ["-4.55080", "1.06160", "-1.39460"], ["-3.57040", "-0.63580", "0.04530"], ["-4.14270", "-1.46850", "-0.96850"], ["-0.88660", "-2.83990", "0.58540"], ["-2.21040", "-3.04020", "-0.55340"], ["-2.54430", "-2.98670", "1.18200"], ["-2.01730", "-0.93580", "2.49900"], ["-1.97120", "0.63640", "1.73980"], ["0.15390", "0.16510", "2.70510"], ["0.33040", "-1.36080", "1.86090"], ["0.18850", "1.40670", "0.55480"], ["0.51570", "-1.36770", "-0.69730"], ["0.44840", "-0.08270", "-2.87970"], ["0.58700", "1.41230", "-1.95350"], ["2.56820", "-0.90250", "-2.10050"], ["2.80390", "0.77470", "-2.61260"], ["4.90950", "0.52130", "-1.28000"], ["6.63310", "0.93080", "0.10300"], ["4.55310", "1.23670", "2.93340"], ["2.12790", "0.95760", "2.79570"], ["-1.57750", "-1.07020", "-1.77520"], ["-2.20730", "1.07870", "-2.26060"], ["-1.57050", "1.76290", "-0.76910"], ["-3.53980", "1.52700", "0.33020"], ["-4.41230", "1.95500", "-1.75650"], ["-4.21230", "-0.70170", "0.92950"], ["-4.75980", "-0.88000", "-1.45280"]], "bond_dist": [[0.0, 1.5384272943496553, 2.52270713718418, 3.1930235529980044, 3.8569102621139635, 3.2385668111064194, 4.615910749787089, 5.511339783573501, 5.750195994050985, 7.020760301420352, 7.634783728436583, 8.92966175507225, 7.171219987561392, 5.934906278956729, 5.068655777422649, 2.5509299049562304, 3.807469808153441, 3.8053740381203003, 4.812753334630813, 2.552438870962437, 2.8179928122690447, 1.0941738481612509, 1.0953304980689618, 1.095823507687255, 2.663913581556279, 3.468157680959734, 4.1355000677064435, 2.9475471209125734, 4.494698058824419, 2.9231797156521186, 4.735357272688092, 5.247812700544866, 5.395385463523436, 6.5157872954847145, 7.678493513704366, 9.245499071980918, 7.9269117164252565, 5.88011113330352, 2.6467600816847754, 4.506193702006162, 4.485640312151656, 4.391853815873201, 5.580159755777607, 2.9947362170982608, 3.772794579618668], [1.5384272943496553, 0.0, 1.5463954733508503, 2.578503715335698, 3.0333416375344204, 2.581710737088878, 3.9399217568373106, 5.074648144452973, 5.280510720564821, 6.642499650733901, 7.255100596132352, 8.60616481018113, 6.728096513130589, 5.392831365804052, 4.485827942531903, 1.5478478090561747, 2.4543628256637198, 2.4330768730149073, 3.649511737205403, 1.544159787716284, 2.453980511332557, 2.1966397542610396, 2.19624744507535, 2.1811710111772524, 2.1779581102491385, 2.190136233205597, 3.491604414878639, 2.8973024505563796, 3.3533634130526324, 2.8320504850726094, 4.204749978298353, 4.289042412940212, 5.265540840217651, 5.997564517368696, 7.359911114952409, 8.956972339468287, 7.5004693493140815, 5.2880228308886865, 2.165319313634827, 3.3379066943220566, 3.0465253174723497, 2.932639452779697, 4.309432322243848, 2.217930393407331, 3.1994839833948228], [2.52270713718418, 1.5463954733508503, 0.0, 1.5312615877112572, 2.5437011007584993, 2.9517538328932513, 4.380865486407909, 5.286725794856396, 5.0526136711606995, 6.315563348585778, 6.650056130590178, 7.9837395185464315, 5.873279466362895, 4.489480564608782, 3.9289099620632686, 2.5554754156516557, 3.149456181628822, 3.0814113049055947, 4.474340192698807, 2.5453715111943875, 3.7976740183959965, 2.760585787473376, 3.492869496560099, 2.7986426388519132, 1.0974787697263215, 1.0966124566135476, 2.127630933691273, 2.173343159742612, 2.760622418948307, 3.3025392821282233, 4.9737237900792195, 4.579078271879615, 5.626166138677386, 6.23448861896467, 7.195169839552087, 8.481606334297766, 6.497063867625129, 4.13144173624656, 3.4830360908265074, 4.213094902800078, 3.2328733148702256, 3.0253497913464487, 4.994504562016137, 2.722861044930497, 4.4473933669060575], [3.1930235529980044, 2.578503715335698, 1.5312615877112572, 0.0, 1.5416989784001285, 2.5131710606323634, 3.8699128362277104, 4.373291385215488, 3.819733804861276, 4.965371063676913, 5.185520908259845, 6.5001448822314725, 4.388295584848405, 3.0288276593428023, 2.58340175350254, 2.9740871826494932, 3.795821561928326, 4.241087843938156, 5.655344379434377, 3.9045190356816035, 5.025933710267177, 2.8741628763867926, 4.144766315487521, 3.660013695329568, 2.156654256017872, 2.1346307900899397, 1.095324344657782, 1.0966470444039869, 2.1471605738742503, 2.730314454417293, 4.681572668452343, 4.166758175128478, 4.716464592255517, 5.358964311319865, 5.906616060825352, 7.029748619972126, 5.030906718475309, 2.7614668185585716, 3.9123617036260847, 4.772397830231676, 3.619929405389006, 4.19078715398432, 6.041173590454093, 4.233890350493267, 5.706787289710385], [3.8569102621139635, 3.0333416375344204, 2.5437011007584993, 1.5416989784001285, 0.0, 1.5483642271765388, 2.518181395372462, 3.002337799115882, 2.5595440257983455, 3.849613302657813, 4.3408799695453455, 5.703268833747888, 3.8431461981038395, 2.5522265671370166, 1.528257288547972, 2.5778058130898844, 3.2499858968924773, 4.209106976545025, 5.5288978295859295, 4.296740064281291, 5.291550802931027, 3.5324784302243097, 4.54762861830207, 4.626583872578125, 3.4866088567546547, 2.812167550129259, 2.187390504688177, 2.179265679076326, 1.0988007690204808, 2.1564745257016136, 3.4810389411783373, 2.726286212047444, 3.5700621437168287, 3.90615901494038, 4.716925970375198, 6.103814623659535, 4.709329881203906, 2.7779002735879486, 3.4942817917277362, 4.027735225905497, 2.881179900665698, 4.276475302161817, 5.72204334219866, 4.917994629927935, 5.839340734192517], [3.2385668111064194, 2.581710737088878, 2.9517538328932513, 2.5131710606323634, 1.5483642271765388, 0.0, 1.530645425955992, 2.497905518629558, 2.8750416101336693, 4.270396906611843, 5.135249537266909, 6.4649372193394115, 4.976520635946364, 3.852471467772344, 2.5473629030823224, 1.5397500608865065, 2.613109498279779, 3.8042351688611467, 4.940274750456698, 3.8073356248169135, 4.439577347000499, 3.0164328900209267, 3.592052673611566, 4.237198955678149, 3.9386807918388107, 3.398845764373547, 3.4796237813878674, 2.8017535437650474, 2.1681957360902637, 1.1007439575123728, 2.177085246378745, 2.1721530908294655, 2.8391288047568395, 3.437796717375825, 4.872577834165402, 6.665323837594089, 5.949506758547299, 4.254050250055822, 2.1396755034350416, 3.135669298570881, 2.7072061059328303, 4.26197361441856, 5.198144262138172, 4.67842030390601, 4.984657911030606], [4.615910749787089, 3.9399217568373106, 4.380865486407909, 3.8699128362277104, 2.518181395372462, 1.530645425955992, 0.0, 1.5248131360924195, 2.5365708150966335, 3.815366116115202, 4.948413645806099, 6.17940184241161, 5.1475829415367365, 4.295437368883406, 2.900357781378015, 2.5489833679331846, 3.0793179390897585, 4.5565153944653805, 5.443086441532965, 4.9122126602988185, 5.3669611010328735, 4.401667384071632, 4.743602842776785, 5.664914475082567, 5.416655597322023, 4.624164081215112, 4.692830491292009, 4.189831493031671, 2.7829368605845155, 2.131441075892083, 1.0963123140784292, 1.0972543415270681, 2.153269042641908, 2.1433293004109286, 4.149146814707814, 6.192108973524287, 6.203998563023689, 4.950077416566331, 2.7832059607582043, 3.1298651232920562, 3.0149948159159408, 5.05293276919454, 5.47595214277846, 5.881756528453043, 5.728916561619657], [5.511339783573501, 5.074648144452973, 5.286725794856396, 4.373291385215488, 3.002337799115882, 2.497905518629558, 1.5248131360924195, 0.0, 1.5096645587679405, 2.49855965308015, 3.7855184387346474, 4.900129044219142, 4.308972905461347, 3.8263192143364098, 2.5582962729128935, 3.872635891740921, 4.556314391040196, 6.0005986401358316, 6.953974088965244, 6.244142405486921, 6.724790869610741, 5.016335134338614, 5.691351378187784, 6.5367884752376675, 6.244512908145839, 5.6257080292173, 5.052540101770593, 4.478189346153197, 3.4626356334445583, 2.62569452907226, 2.1500949769719475, 2.1573326702203346, 1.0973752548695455, 1.0968199350850623, 2.674115377092021, 4.797291496250775, 5.394922543466217, 4.727714861325713, 4.0878016267915935, 4.647423670163932, 4.359159006046923, 6.4122841008489315, 6.979544687871838, 7.157027310273448, 7.170465465365551], [5.750195994050985, 5.280510720564821, 5.0526136711606995, 3.819733804861276, 2.5595440257983455, 2.8750416101336693, 2.5365708150966335, 1.5096645587679405, 0.0, 1.4071548955250088, 2.424260276867977, 3.681266853951232, 2.8005387945893556, 2.41965942438187, 1.413023234062342, 4.391554315956937, 5.081958452211115, 6.388883871225083, 7.53020694735543, 6.5821194109496375, 7.313418513937242, 5.127866006439716, 6.186066326026582, 6.650306643306006, 5.91977562581556, 5.362233686627244, 4.225237157840965, 3.925482199679423, 3.061984913418092, 3.002124281238203, 3.461311585223151, 2.9008666929040365, 2.123147025055024, 2.14630148161902, 2.1592177680817657, 3.811663954233111, 3.8866141421550964, 3.4175873726943693, 4.897507600810845, 5.441131894192606, 4.668648729557622, 6.581713438763496, 7.572425086456782, 7.3433688045746415, 7.832427043388276], [7.020760301420352, 6.642499650733901, 6.315563348585778, 4.965371063676913, 3.849613302657813, 4.270396906611843, 3.815366116115202, 2.49855965308015, 1.4071548955250088, 0.0, 1.3890700666273106, 2.401950351277062, 2.4082520922860216, 2.782222872093463, 2.442367797855188, 5.794829610092085, 6.463346848963004, 7.775610649974701, 8.912843299980091, 7.9737530799492395, 8.707588946430578, 6.299121249825248, 7.4595470914794815, 7.883813400252444, 7.110303190441319, 6.616794384745531, 5.187485400461383, 4.96492924622295, 4.287172085419478, 4.274842497683394, 4.6330840365786585, 4.1025289676003505, 2.861677537739009, 2.681289609497638, 1.0863585641950824, 2.4123303297848744, 3.391529585599984, 3.867390617716292, 6.2617596296887665, 6.781135766964115, 5.988618947637259, 7.91977823742559, 8.914799068403056, 8.706750506359993, 9.236432987360436], [7.634783728436583, 7.255100596132352, 6.650056130590178, 5.185520908259845, 4.3408799695453455, 5.135249537266909, 4.948413645806099, 3.7855184387346474, 2.424260276867977, 1.3890700666273106, 0.0, 1.363010902377527, 1.3844187986299523, 2.4047441984543805, 2.8131496458596015, 6.629499578399565, 7.275736173061802, 8.459458794154624, 9.688607155829986, 8.61789643996724, 9.493784306060464, 6.865864013363504, 8.219416201896578, 8.375834125625936, 7.318805330789991, 6.908999248805865, 5.126192978224679, 5.170830649905294, 4.7236378417486655, 5.142716119911734, 5.863202991539692, 5.145136072058736, 4.144144654811171, 4.028773418796346, 2.1529187862062984, 1.9078004586434083, 2.1453037593776783, 3.371701466618894, 7.232138203187215, 7.733914065982373, 6.700904760552861, 8.454247918058709, 9.702508068535682, 9.224998886178794, 10.060048959125398], [8.92966175507225, 8.60616481018113, 7.9837395185464315, 6.5001448822314725, 5.703268833747888, 6.4649372193394115, 6.17940184241161, 4.900129044219142, 3.681266853951232, 2.401950351277062, 1.363010902377527, 0.0, 2.353923203929984, 3.6347696515735355, 4.175661582312437, 7.972647426043623, 8.610048054453587, 9.812558955236906, 11.028558204044625, 9.979261800854811, 10.841558148624209, 8.114080507981173, 9.496755238501201, 9.654434679462076, 8.611471388212353, 8.238278255800784, 6.371643528164457, 6.428228148564735, 6.056765333080026, 6.419422694448466, 7.032660608901868, 6.358427484842459, 5.159611415600985, 4.960851174949719, 2.6610197631735093, 0.97099447475256, 2.579940569082939, 4.481259606405325, 8.537152177980664, 9.02700631992689, 8.014775847770167, 9.792898052160044, 11.014445926146262, 10.579969665835531, 11.410570076030382], [7.171219987561392, 6.728096513130589, 5.873279466362895, 4.388295584848405, 3.8431461981038395, 4.976520635946364, 5.1475829415367365, 4.308972905461347, 2.8005387945893556, 2.4082520922860216, 1.3844187986299523, 2.353923203929984, 0.0, 1.396299269497768, 2.4432226996325985, 6.352479003507213, 6.964851734961772, 7.9657657271601945, 9.277619725446824, 8.071197356030888, 9.08930446954001, 6.443471134411948, 7.905729707623453, 7.785813043606942, 6.43191457810192, 6.079307349525931, 4.09235249459281, 4.446051866544069, 4.174060396065204, 5.057691036431545, 6.168746278620965, 5.282284817197953, 4.753331939808118, 4.772891277831499, 3.393097491968069, 3.1582999319254017, 1.0861336335829026, 2.128524138928192, 7.109021824414382, 7.592677585015711, 6.338886269684919, 7.825061983780064, 9.33638067615069, 8.542805598865048, 9.67890698632857], [5.934906278956729, 5.392831365804052, 4.489480564608782, 3.0288276593428023, 2.5522265671370166, 3.852471467772344, 4.295437368883406, 3.8263192143364098, 2.41965942438187, 2.782222872093463, 2.4047441984543805, 3.6347696515735355, 1.396299269497768, 0.0, 1.4069961798100237, 5.112982798719354, 5.717484452099542, 6.629421643703167, 7.970608291717765, 6.707368930512172, 7.772209413673823, 5.303237474411268, 6.72089870329854, 6.534393111835253, 5.084333735112202, 4.687180062681612, 2.76560386353505, 3.2370986160449298, 2.9081187836812994, 4.0420512181317045, 5.354609955916491, 4.425645930256961, 4.351305139840229, 4.500683514756397, 3.8685779428622094, 4.3110966365879575, 2.1578804647153182, 1.0861708521222617, 5.95101839771984, 6.436986855664691, 5.1219290633510335, 6.477377137391337, 8.077693613897472, 7.1544766328502325, 8.359496658292292], [5.068655777422649, 4.485827942531903, 3.9289099620632686, 2.58340175350254, 1.528257288547972, 2.5473629030823224, 2.900357781378015, 2.5582962729128935, 1.413023234062342, 2.442367797855188, 2.8131496458596015, 4.175661582312437, 2.4432226996325985, 1.4069961798100237, 0.0, 3.928684982280967, 4.607077621442903, 5.694347030169482, 6.973173416028027, 5.811448528551208, 6.744125691296093, 4.493112064037575, 5.716768507644856, 5.83787917911976, 4.731035588536615, 4.203934210950499, 2.838201356493228, 2.8443564685179665, 2.0994916789546942, 2.811980337769096, 3.950557582164827, 3.144590658575453, 3.1454561211372827, 3.3604296555648956, 3.422923561810869, 4.5947375224271525, 3.4251858971448543, 2.1778451574893936, 4.683608478513121, 5.226760965454609, 4.121252734303005, 5.72856903336252, 7.083926595469493, 6.426631034998041, 7.3055752525040765], [2.5509299049562304, 1.5478478090561747, 2.5554754156516557, 2.9740871826