{"total energy": -55.90181615, "HOMO-LUMO gap/eV": 3.61324236, "electronic energy": -56.52730314, "dipole": [0.02036477, 0.04627092, 0.56644256], "partial charges": [-0.10115272, -0.05288622, -0.05458188, 0.00097454, -0.11551194, 0.23013399, -0.4328041, -0.12455497, 0.00684809, -0.05910255, -0.05191857, -0.10242711, -0.1166596, 0.00579566, -0.0584832, -0.05305901, -0.10331424, 0.03727538, 0.03652801, 0.03269115, 0.04272837, 0.03236667, 0.04211028, 0.05136046, 0.06201453, 0.06121109, 0.05947511, 0.04968571, 0.04825744, 0.04882131, 0.0341076, 0.03475938, 0.03861321, 0.03768663, 0.0378814, 0.06438818, 0.05137243, 0.04586859, 0.04793847, 0.03937385, 0.0350019, 0.03698029, 0.03604944, 0.03815695], "atomic dipole moments": [[-0.02482821, 0.104571, -0.00316686], [0.0347995, -0.0455103, 0.1080833], [-0.04535209, 0.08196069, -0.07954022], [0.11676405, 0.025952, -0.11577312], [0.2219535, -0.27420828, 0.4155376], [0.02405645, 0.0511798, -0.26401531], [0.00720775, 0.01446637, -0.1006832], [-0.40656027, -0.12268944, 0.33033425], [0.11004144, -0.03159591, -0.1175948], [-0.09445642, -0.06088397, 0.07164315], [0.09092915, 0.01439305, -0.0789924], [-0.03951102, -0.1041347, 0.01058213], [0.08904648, 0.31764775, 0.42139353], [-0.08480995, -0.04459559, -0.14020295], [-0.00195054, 0.09168518, 0.09734735], [-0.11506222, -0.0208854, 0.03059932], [0.01446222, 0.03253379, -0.10392893], [0.12097416, -0.01843632, 0.03394454], [-0.01584099, -0.05216474, -0.11326733], [-0.07366923, -0.06181972, 0.08057229], [0.07260926, 0.04992775, -0.09095891], [-0.11647675, 0.00999196, -0.04061812], [-0.06629558, -0.06226593, 0.08334169], [0.11796521, -0.01740411, 0.0440801], [0.00842927, 0.04663092, 0.11802627], [-0.12419645, 0.00915176, -0.02852223], [0.01440904, -0.04382048, 0.11916862], [-0.12288972, -0.00577552, -0.03215707], [0.12378873, 0.00295318, 0.02789242], [-0.00990359, 0.03856151, -0.12054315], [-0.12135059, 0.00239237, -0.02562058], [0.00932119, -0.03269028, 0.11936127], [-0.06313241, 0.07814103, 0.07581158], [0.12237859, 0.00698981, 0.03168414], [-0.01288137, 0.04326214, -0.11831276], [-0.04689576, -0.02524471, 0.11644252], [0.05460899, 0.11594743, -0.00023563], [0.03348592, 0.02019515, -0.1185965], [-0.0556107, -0.11400888, -0.00099187], [0.077263, -0.07982471, -0.05220634], [0.06141141, 0.10854091, -0.00183638], [0.11097472, -0.0142499, 0.0566424], [-0.06348636, 0.08666252, 0.06767287], [-0.06071122, -0.11105755, 0.00855514]], "atomic quadrupole moments": [[-0.11377517, -0.07948148, 0.22356777, 0.00372906, -0.01015328, -0.1097926], [-0.21350918, -0.06174197, 0.16333607, 0.05577807, 0.10615853, 0.05017311], [-0.1997188, -0.06965609, 0.17062451, 0.01831539, 0.10027247, 0.02909429], [-0.08060386, 0.11049282, 0.13890526, -0.20734878, -0.2139026, -0.0583014], [0.38029517, 0.16622379, -0.26391353, 0.13512249, -0.33942194, -0.11638164], [0.67821448, -0.03992642, 0.49275623, 0.07806526, 0.26047648, -1.1709707], [-0.03668134, 0.00178455, -0.03238969, -0.00689703, -0.01519265, 0.06907103], [-0.1381743, 0.17007328, 0.40571991, -0.37186602, 0.14660811, -0.26754561], [-0.10368079, -0.09643432, 0.18172334, -0.23359768, 0.21671391, -0.07804255], [-0.10653797, 0.02893999, 0.22587091, -0.13238388, 0.09085581, -0.11933294], [-0.09666063, 0.00772998, 0.19870518, -0.12741545, 0.09921778, -0.10204455], [-0.07799598, 0.1185847, 0.19882956, -0.02114955, -0.02662413, -0.12083358], [0.13944785, -0.39189786, -0.03183981, 0.19734663, 0.32601095, -0.10760804], [0.1949216, -0.1496981, -0.16905185, 0.27419761, 0.07629619, -0.02586975], [0.13621226, -0.16769268, -0.05607224, 0.07684615, 0.08766202, -0.08014002], [0.03832057, 0.00422568, -0.20144824, 0.10393944, -0.08897637, 0.16312766], [-0.09740093, 0.01193285, -0.10186034, -0.04656534, -0.09938863, 0.19926127], [0.06818515, -0.00282741, -0.02711523, 0.03606954, -0.0037826, -0.04106991], [-0.04975101, 0.000584, -0.0140678, 0.01998486, 0.0374648, 0.06381881], [0.00534569, 0.02218885, -0.01274259, -0.05729056, -0.0344379, 0.0073969], [0.00117259, 0.02715392, 0.00390748, -0.03584422, -0.01637076, -0.00508007], [0.05329871, -0.00949609, -0.02338359, 0.0174634, 0.0076717, -0.02991512], [0.00076353, 0.03212275, -0.00540403, -0.04166953, -0.01509325, 0.0046405], [0.05030267, -0.00044233, -0.02156677, 0.01186162, 0.01272819, -0.0287359], [-0.04642321, 0.02106162, 0.00224725, 0.00372676, 0.00371234, 0.04417596], [0.04682297, 0.00454644, -0.0158955, 0.03465812, -0.01511086, -0.03092747], [-0.03231301, -0.01654446, -0.00983142, 0.00502321, -0.00355518, 0.04214443], [0.03918632, -0.01382202, -0.01805613, 0.01655466, 0.01628155, -0.02113018], [0.0421857, -0.00481946, -0.01737439, 0.02733387, 0.00518132, -0.02481131], [-0.03283958, -0.00690949, -0.01026876, 0.01668011, -0.01611332, 0.04310835], [0.04514182, -0.00083891, -0.01871751, 0.02977701, 0.00616752, -0.02642432], [-0.03506978, -0.00712597, -0.0095102, 0.01732334, -0.02140595, 0.04457998], [-0.00775458, -0.03032862, 0.00736224, -0.04914078, 0.04222232, 0.00039234], [0.07108334, -0.00422154, -0.02940354, 0.03200375, -0.00899237, -0.0416798], [-0.0433451, 0.00688321, -0.02707075, 0.01909993, -0.02729416, 0.07041585], [-0.00253434, -0.00091919, -0.03283244, -0.00136055, -0.02605236, 0.03536679], [0.00840324, 0.02846363, 0.02325801, 0.01439316, -0.00930862, -0.03166125], [-0.00955539, -0.00948437, -0.02929097, -0.01658913, -0.02915274, 0.03884636], [0.00494234, 0.0271293, 0.03572431, -0.00694869, -0.01340716, -0.04066665], [-0.0124513, -0.04452256, 0.00720866, -0.00940536, 0.0245299, 0.00524264], [-0.0304849, 0.03158597, 0.04579391, 0.01015191, -0.00221248, -0.01530901], [0.06394165, -0.01089161, -0.05323988, 0.03900712, -0.00930897, -0.01070178], [-0.01220749, -0.0523502, 0.02637923, -0.03081558, 0.02620026, -0.01417174], [-0.01890687, 0.05790196, 0.04702204, 0.00104494, 0.00671303, -0.02811517]], "number of molecular orbitals": 115, "number of electrons": 104, "number of unpaired electrons": 0, "orbital energies/eV": [-19.816536, -19.79913024, -19.78050294, -18.67337527, -17.4231925, -17.3967601, -17.31056161, -16.87370314, -16.76148853, -16.70356348, -16.47399066, -16.07606184, -15.92873337, -15.82900038, -15.50467559, -15.3846298, -15.32114164, -14.58537595, -14.4548584, -14.38624402, -14.23924656, -14.22902321, -14.08670792, -13.95258031, -13.85788637, -13.77301139, -13.68705436, -13.60324667, -13.50929858, -13.46546365, -13.26676447, -13.20682725, -12.94992346, -12.79150464, -12.73914869, -12.61622601, -12.5274512, -12.42355546, -12.38071197, -12.30274375, -12.09784765, -12.07792849, -12.04057855, -11.94086661, -11.91597734, -11.86145755, -11.67785294, -11.42289072, -11.40488716, -10.64677722, -10.52416006, -10.49842396, -6.8851816, -6.00775234, -5.85985012, -5.58230982, -4.39575782, -4.2255229, -2.2012453, -0.92108257, -0.88527042, -0.69742393, -0.61823999, -0.46757242, -0.21415322, -0.04858301, -0.0161329, 1.76018487, 2.07742366, 2.21939858, 2.37703519, 2.53690487, 2.63935318, 2.79052491, 2.87617367, 3.08696158, 3.17747929, 3.34107812, 3.40911214, 3.60736417, 3.68614311, 3.75121399, 3.85062289, 4.11209973, 4.16345492, 4.192448, 4.3716531, 4.50279757, 4.69475297, 4.82759974, 5.13823981, 5.30513158, 5.44438966, 5.57674144, 5.75385179, 5.95455461, 6.06099388, 6.14039236, 6.5746741, 6.7065851, 6.7775478, 6.79317502, 7.15438243, 7.32722507, 7.59827528, 7.73597227, 7.95413231, 8.53228075, 8.98485066, 11.73384177, 11.9204363, 12.2306314, 25.30066473, 26.69634565, 31.82357376], "fractional occupation": [2.0, 2.0, 2.0, 2.0, 2.0, 2.0, 2.0, 2.0, 2.0, 2.0, 2.0, 2.0, 2.0, 2.0, 2.0, 2.0, 2.0, 2.0, 2.0, 2.0, 2.0, 2.0, 2.0, 2.0, 2.0, 2.0, 2.0, 2.0, 2.0, 2.0, 2.0, 2.0, 2.0, 2.0, 2.0, 2.0, 2.0, 2.0, 2.0, 2.0, 2.0, 2.0, 2.0, 2.0, 2.0, 2.0, 2.0, 2.0, 2.0, 2.0, 2.0, 2.0, 0.0, 0.0, 0.0, 0.0, 0.0, 0.0, 0.0, 0.0, 0.0, 0.0, 0.0, 0.0, 0.0, 0.0, 0.0, 0.0, 0.0, 0.0, 0.0, 0.0, 0.0, 0.0, 0.0, 0.0, 0.0, 0.0, 0.0, 0.0, 0.0, 0.0, 0.0, 0.0, 0.0, 0.0, 0.0, 0.0, 0.0, 0.0, 0.0, 0.0, 0.0, 0.0, 0.0, 0.0, 0.0, 0.0, 0.0, 0.0, 0.0, 0.0, 0.0, 0.0, 0.0, 0.0, 0.0, 0.0, 0.0, 0.0, 0.0, 0.0, 0.0, 0.0, 0.0], "program call": "xtb /home/svss/Project-DBcg-Debug/aqme2_20220329/End-to-End-workflows-final/example-3/QDESCP/mol_760_rdkit_conf_23/mol_760_rdkit_conf_23.xyz --pop --wbo --acc 0.2 --gfn 2 --chrg 0 --uhf 0 --etemp 300 --input /home/svss/Project-DBcg-Debug/aqme2_20220329/End-to-End-workflows-final/example-3/QDESCP/mol_760_rdkit_conf_23/mol_760_rdkit_conf_23_xtb.inp", "method": "GFN2-xTB", "xtb version": "6.3.3 (7355c4f)", "Dipole module/D": 1.445, "Total charge": 0, "Transition dipole module/D": NaN, "HOMO": -10.4984, "LUMO": -6.8852, "HOMO occupancy": 2.0, "LUMO occupancy": 0, "mulliken charges": [-0.08283, -0.04077, -0.0519, 0.03602, -0.08534, 0.32575, -0.48234, -0.08744, 0.03294, -0.04816, -0.03854, -0.08279, -0.08376, 0.03221, -0.04864, -0.03881, -0.08669, 0.02852, 0.02824, 0.02615, 0.02288, 0.02043, 0.0292, 0.04126, 0.04875, 0.03227, 0.04605, 0.03129, 0.0299, 0.02755, 0.02398, 0.026, 0.03083, 0.02874, 0.02811, 0.04716, 0.03312, 0.02838, 0.02984, 0.02701, 0.02438, 0.03053, 0.03115, 0.02938], "cm5 charges": [-0.23323, -0.15228, -0.15937, -0.05379, -0.08866, 0.25893, -0.50106, -0.09058, -0.05688, -0.15575, -0.15096, -0.23314, -0.08767, -0.05779, -0.15611, -0.15113, -0.23712, 0.0799, 0.07902, 0.07744, 0.0792, 0.0753, 0.08428, 0.10007, 0.10715, 0.08861, 0.10468, 0.08929, 0.08569, 0.08333, 0.07869, 0.08071, 0.08161, 0.08003, 0.07941, 0.10651, 0.0912, 0.08377, 0.08546, 0.08121, 0.07898, 0.0813, 0.08293, 0.0808], "FUKUI+": [0.008, 0.006, 0.014, 0.028, -0.189, -0.151, -0.008, -0.203, 0.03, 0.002, 0.003, 0.007, -0.197, 0.029, 0.002, 0.005, 0.008, -0.001, -0.016, -0.016, 0.009, -0.015, -0.033, -0.002, -0.028, -0.038, -0.029, -0.024, -0.011, -0.01, -0.008, -0.01, -0.017, -0.009, -0.008, -0.028, -0.023, -0.008, -0.012, -0.02, -0.009, -0.018, 0.001, -0.008], "FUKUI-": [0.009, 0.005, 0.007, 0.024, -0.152, -0.051, -0.015, -0.154, 0.024, 0.006, 0.003, 0.008, -0.159, 0.023, 0.006, 0.004, 0.009, -0.009, -0.026, -0.027, -0.007, -0.024, -0.031, -0.007, -0.034, -0.033, -0.029, -0.024, -0.017, -0.016, -0.022, -0.023, -0.022, -0.023, -0.023, -0.034, -0.026, -0.016, -0.016, -0.035, -0.016, -0.025, -0.017, -0.016], "FUKUIrad": [0.009, 0.005, 0.01, 0.026, -0.171, -0.101, -0.012, -0.178, 0.027, 0.004, 0.003, 0.008, -0.178, 0.026, 0.004, 0.005, 0.009, -0.005, -0.021, -0.021, 0.001, -0.02, -0.032, -0.004, -0.031, -0.036, -0.029, -0.024, -0.014, -0.013, -0.015, -0.016, -0.019, -0.016, -0.015, -0.031, -0.024, -0.012, -0.014, -0.027, -0.013, -0.021, -0.008, -0.012], "s proportion": [1.008, 1.027, 1.036, 1.039, 1.91, 1.554, 1.692, 1.911, 1.039, 1.034, 1.028, 1.008, 1.911, 1.039, 1.034, 1.028, 1.008, 0.971, 0.972, 0.974, 0.977, 0.98, 0.971, 0.959, 0.951, 0.968, 0.954, 0.969, 0.97, 0.972, 0.976, 0.974, 0.969, 0.971, 0.972, 0.953, 0.967, 0.972, 0.97, 0.973, 0.976, 0.969, 0.969, 0.971], "p proportion": [3.075, 3.014, 3.016, 2.925, 4.18, 2.125, 4.791, 4.183, 2.928, 3.014, 3.01, 3.075, 4.178, 2.929, 3.015, 3.011, 3.079, 0.0, 0.0, 0.0, 0.0, 0.0, 0.0, 0.0, 0.0, 0.0, 0.0, 0.0, 0.0, 0.0, 0.0, 0.0, 0.0, 0.0, 0.0, 0.0, 0.0, 0.0, 0.0, 0.0, 0.0, 0.0, 0.0, 0.0], "d proportion": [0.0, 0.0, 0.0, 0.0, -0.005, 0.995, 0.0, -0.006, 0.0, 0.0, 0.0, 0.0, -0.006, 0.0, 0.0, 0.0, 0.0, 0.0, 0.0, 0.0, 0.0, 0.0, 0.0, 0.0, 0.0, 0.0, 0.0, 0.0, 0.0, 0.0, 0.0, 0.0, 0.0, 0.0, 0.0, 0.0, 0.0, 0.0, 0.0, 0.0, 0.0, 0.0, 0.0, 0.0], "Fermi-level/eV": -8.6918, "Coordination numbers": [3.75, 3.799, 3.819, 3.796, 1.917, 3.585, 0.808, 1.939, 3.8, 3.84, 3.801, 3.75, 1.939, 3.799, 3.839, 3.799, 3.749, 0.924, 0.924, 0.924, 0.924, 0.924, 0.924, 0.924, 0.924, 0.924, 0.924, 0.924, 0.924, 0.924, 0.924, 0.924, 0.924, 0.924, 0.924, 0.924, 0.924, 0.924, 0.924, 0.924, 0.924, 0.924, 0.924, 0.924], "Dispersion coefficient C6": [22.495, 21.525, 21.539, 20.569, 145.888, 150.412, 22.371, 146.277, 20.464, 21.607, 21.506, 22.52, 145.938, 20.484, 21.596, 21.529, 22.539, 2.486, 2.496, 2.549, 2.413, 2.553, 2.421, 2.303, 2.176, 2.185, 2.205, 2.324, 2.342, 2.335, 2.529, 2.52, 2.468, 2.48, 2.477, 2.148, 2.303, 2.372, 2.346, 2.457, 2.517, 2.49, 2.502, 2.474], "Total dispersion C6": 22572.630311, "Total dispersion C8": 652985.809278, "Polarizability alpha": [6.764, 6.606, 6.605, 6.458, 20.329, 22.031, 6.34, 20.356, 6.441, 6.613, 6.603, 6.768, 20.333, 6.444, 6.611, 6.606, 6.771, 2.465, 2.471, 2.497, 2.429, 2.499, 2.433, 2.373, 2.307, 2.312, 2.322, 2.384, 2.393, 2.39, 2.487, 2.483, 2.457, 2.463, 2.461, 2.292, 2.373, 2.409, 2.395, 2.451, 2.481, 2.467, 2.474, 2.46], "Total polarizability alpha": 234.105618, "Wiberg matrix": [[0.0, 1.0196945798481658, 0.0, 0.0, 0.0, 0.0, 0.0, 0.0, 0.0, 0.0, 0.0, 0.0, 0.0, 0.0, 0.0, 0.0, 0.0, 0.9874246032757964, 0.9870230013670264, 0.987546934104059, 0.0, 0.0, 0.0, 0.0, 0.0, 0.0, 0.0, 0.0, 0.0, 0.0, 0.0, 0.0, 0.0, 0.0, 0.0, 0.0, 0.0, 0.0, 0.0, 0.0, 0.0, 0.0, 0.0, 0.0], [1.0196945798481658, 0.0, 1.0085137959543387, 0.0, 0.0, 0.0, 0.0, 0.0, 0.0, 0.0, 0.0, 0.0, 0.0, 0.0, 0.0, 0.0, 0.0, 0.0, 0.0, 0.0, 0.9754449057378725, 0.9775787394580719, 0.0, 0.0, 0.0, 0.0, 0.0, 0.0, 0.0, 0.0, 0.0, 0.0, 0.0, 0.0, 0.0, 0.0, 0.0, 0.0, 0.0, 0.0, 0.0, 0.0, 0.0, 0.0], [0.0, 1.0085137959543387, 0.0, 1.0116009624081301, 0.0, 0.0, 0.0, 0.0, 0.0, 0.0, 0.0, 0.0, 0.0, 0.0, 0.0, 0.0, 0.0, 0.0, 0.0, 0.0, 0.0, 0.0, 0.9663699193839344, 0.9680390028820283, 0.0, 0.0, 0.0, 0.0, 0.0, 0.0, 0.0, 0.0, 0.0, 0.0, 0.0, 0.0, 0.0, 0.0, 0.0, 0.0, 0.0, 0.0, 0.0, 0.0], [0.0, 0.0, 1.0116009624081301, 0.0, 0.9598230742853671, 0.0, 0.0, 0.0, 0.0, 0.0, 0.0, 0.0, 0.0, 0.0, 0.0, 0.0, 0.0, 0.0, 0.0, 0.0, 0.0, 0.0, 0.0, 0.0, 0.9712133417085032, 0.9647986480624478, 0.0, 0.0, 0.0, 0.0, 0.0, 0.0, 0.0, 0.0, 0.0, 0.0, 0.0, 0.0, 0.0, 0.0, 0.0, 0.0, 0.0, 0.0], [0.0, 0.0, 0.0, 0.9598230742853671, 0.0, 1.0476008310008413, 0.0, 0.0, 0.0, 0.0, 0.0, 0.0, 0.0, 0.0, 0.0, 0.0, 0.0, 0.0, 0.0, 0.0, 0.0, 0.0, 0.0, 0.0, 0.0, 0.0, 0.0, 0.0, 0.0, 0.0, 0.0, 0.0, 0.0, 0.0, 0.0, 0.0, 0.0, 0.0, 0.0, 0.0, 0.0, 0.0, 0.0, 0.0], [0.0, 0.0, 0.0, 0.0, 1.0476008310008413, 0.0, 1.9313083811650675, 1.0301969914485682, 0.0, 0.0, 0.0, 0.0, 1.0367577159513395, 0.0, 0.0, 0.0, 0.0, 0.0, 0.0, 0.0, 0.0, 0.0, 0.0, 0.0, 0.0, 0.0, 0.0, 0.0, 0.0, 0.0, 0.0, 0.0, 0.0, 0.0, 0.0, 0.0, 0.0, 0.0, 0.0, 0.0, 0.0, 0.0, 0.0, 0.0], [0.0, 0.0, 0.0, 0.0, 0.0, 1.9313083811650675, 0.0, 0.0, 0.0, 0.0, 0.0, 0.0, 0.0, 0.0, 0.0, 0.0, 0.0, 0.0, 0.0, 0.0, 0.0, 0.0, 0.0, 0.0, 0.0, 0.0, 0.0, 0.0, 0.0, 0.0, 0.0, 0.0, 0.0, 0.0, 0.0, 0.0, 0.0, 0.0, 0.0, 0.0, 0.0, 0.0, 0.0, 0.0], [0.0, 0.0, 0.0, 0.0, 0.0, 1.0301969914485682, 0.0, 0.0, 0.9554256391368513, 0.0, 0.0, 0.0, 0.0, 0.0, 0.0, 0.0, 0.0, 0.0, 0.0, 0.0, 0.0, 0.0, 0.0, 0.0, 0.0, 0.0, 0.0, 0.0, 0.0, 0.0, 0.0, 0.0, 0.0, 0.0, 0.0, 0.0, 0.0, 0.0, 0.0, 0.0, 0.0, 0.0, 0.0, 0.0], [0.0, 0.0, 0.0, 0.0, 0.0, 0.0, 0.0, 0.9554256391368513, 0.0, 1.0067488428054814, 0.0, 0.0, 0.0, 0.0, 0.0, 0.0, 0.0, 0.0, 0.0, 0.0, 0.0, 0.0, 0.0, 0.0, 0.0, 0.0, 0.972867549589842, 0.9727065815005621, 0.0, 0.0, 0.0, 0.0, 0.0, 0.0, 0.0, 0.0, 0.0, 0.0, 0.0, 0.0, 0.0, 0.0, 0.0, 0.0], [0.0, 0.0, 0.0, 0.0, 0.0, 0.0, 0.0, 0.0, 1.0067488428054814, 0.0, 0.9999658164251561, 0.0, 0.0, 0.0, 0.0, 0.0, 0.0, 0.0, 0.0, 0.0, 0.0, 0.0, 0.0, 0.0, 0.0, 0.0, 0.0, 0.0, 0.9753864332118567, 0.975436199583315, 0.0, 0.0, 0.0, 0.0, 0.0, 0.0, 0.0, 0.0, 0.0, 0.0, 0.0, 0.0, 0.0, 0.0], [0.0, 0.0, 0.0, 0.0, 0.0, 0.0, 0.0, 0.0, 0.0, 0.9999658164251561, 0.0, 1.0191153707849727, 0.0, 0.0, 0.0, 0.0, 0.0, 0.0, 0.0, 0.0, 0.0, 0.0, 0.0, 0.0, 0.0, 0.0, 0.0, 0.0, 0.0, 0.0, 0.9775750169202649, 0.9775651488733386, 0.0, 0.0, 0.0, 0.0, 0.0, 0.0, 0.0, 0.0, 0.0, 0.0, 0.0, 0.0], [0.0, 0.0, 0.0, 0.0, 0.0, 0.0, 0.0, 0.0, 0.0, 0.0, 1.0191153707849727, 0.0, 0.0, 0.0, 0.0, 0.0, 0.0, 0.0, 0.0, 0.0, 0.0, 0.0, 0.0, 0.0, 0.0, 0.0, 0.0, 0.0, 0.0, 0.0, 0.0, 0.0, 0.9862684058047377, 0.9872900601182866, 0.9872701104719925, 0.0, 0.0, 0.0, 0.0, 0.0, 0.0, 0.0, 0.0, 0.0], [0.0, 0.0, 0.0, 0.0, 0.0, 1.0367577159513395, 0.0, 0.0, 0.0, 0.0, 0.0, 0.0, 0.0, 0.9544740723426355, 0.0, 0.0, 0.0, 0.0, 0.0, 0.0, 0.0, 0.0, 0.0, 0.0, 0.0, 0.0, 0.0, 0.0, 0.0, 0.0, 0.0, 0.0, 0.0, 0.0, 0.0, 0.0, 0.0, 0.0, 0.0, 0.0, 0.0, 0.0, 0.0, 0.0], [0.0, 0.0, 0.0, 0.0, 0.0, 0.0, 0.0, 0.0, 0.0, 0.0, 0.0, 0.0, 0.9544740723426355, 0.0, 1.0074017869042504, 0.0, 0.0, 0.0, 0.0, 0.0, 0.0, 0.0, 0.0, 0.0, 0.0, 0.0, 0.0, 0.0, 0.0, 0.0, 0.0, 0.0, 0.0, 0.0, 0.0, 0.9709873313023417, 0.9726403564260023, 0.0, 0.0, 0.0, 0.0, 0.0, 0.0, 0.0], [0.0, 0.0, 0.0, 0.0, 0.0, 0.0, 0.0, 0.0, 0.0, 0.0, 0.0, 0.0, 0.0, 1.0074017869042504, 0.0, 0.9996827376238, 0.0, 0.0, 0.0, 0.0, 0.0, 0.0, 0.0, 0.0, 0.0, 0.0, 0.0, 0.0, 0.0, 0.0, 0.0, 0.0, 0.0, 0.0, 0.0, 0.0, 0.0, 0.975472200311335, 0.975442438177303, 0.0, 0.0, 0.0, 0.0, 0.0], [0.0, 0.0, 0.0, 0.0, 0.0, 0.0, 0.0, 0.0, 0.0, 0.0, 0.0, 0.0, 0.0, 0.0, 0.9996827376238, 0.0, 1.0213957118632888, 0.0, 0.0, 0.0, 0.0, 0.0, 0.0, 0.0, 0.0, 0.0, 0.0, 0.0, 0.0, 0.0, 0.0, 0.0, 0.0, 0.0, 0.0, 0.0, 0.0, 0.0, 0.0, 0.97577662891977, 0.9772765439236172, 0.0, 0.0, 0.0], [0.0, 0.0, 0.0, 0.0, 0.0, 0.0, 0.0, 0.0, 0.0, 0.0, 0.0, 0.0, 0.0, 0.0, 0.0, 1.0213957118632888, 0.0, 0.0, 0.0, 0.0, 0.0, 0.0, 0.0, 0.0, 0.0, 0.0, 0.0, 0.0, 0.0, 0.0, 0.0, 0.0, 0.0, 0.0, 0.0, 0.0, 0.0, 0.0, 0.0, 0.0, 0.0, 0.9865399305189142, 0.9860505679851781, 0.98695780835721], [0.9874246032757964, 0.0, 0.0, 0.0, 0.0, 0.0, 0.0, 0.0, 0.0, 0.0, 0.0, 0.0, 0.0, 0.0, 0.0, 0.0, 0.0, 0.0, 0.0, 0.0, 0.0, 0.0, 0.0, 0.0, 0.0, 0.0, 0.0, 0.0, 0.0, 0.0, 0.0, 0.0, 0.0, 0.0, 0.0, 0.0, 0.0, 0.0, 0.0, 0.0, 0.0, 0.0, 0.0, 0.0], [0.9870230013670264, 0.0, 0.0, 0.0, 0.0, 0.0, 0.0, 0.0, 0.0, 0.0, 0.0, 0.0, 0.0, 0.0, 0.0, 0.0, 0.0, 0.0, 0.0, 0.0, 0.0, 0.0, 0.0, 0.0, 0.0, 0.0, 0.0, 0.0, 0.0, 0.0, 0.0, 0.0, 0.0, 0.0, 0.0, 0.0, 0.0, 0.0, 0.0, 0.0, 0.0, 0.0, 0.0, 0.0], [0.987546934104059, 0.0, 0.0, 0.0, 0.0, 0.0, 0.0, 0.0, 0.0, 0.0, 0.0, 0.0, 0.0, 0.0, 0.0, 0.0, 0.0, 0.0, 0.0, 0.0, 0.0, 0.0, 0.0, 0.0, 0.0, 0.0, 0.0, 0.0, 0.0, 0.0, 0.0, 0.0, 0.0, 0.0, 0.0, 0.0, 0.0, 0.0, 0.0, 0.0, 0.0, 0.0, 0.0, 0.0], [0.0, 0.9754449057378725, 0.0, 0.0, 0.0, 0.0, 0.0, 0.0, 0.0, 0.0, 0.0, 0.0, 0.0, 0.0, 0.0, 0.0, 0.0, 0.0, 0.0, 0.0, 0.0, 0.0, 0.0, 0.0, 0.0, 0.0, 0.0, 0.0, 0.0, 0.0, 0.0, 0.0, 0.0, 0.0, 0.0, 0.0, 0.0, 0.0, 0.0, 0.0, 0.0, 0.0, 0.0, 0.0], [0.0, 0.9775787394580719, 0.0, 0.0, 0.0, 0.0, 0.0, 0.0, 0.0, 0.0, 0.0, 0.0, 0.0, 0.0, 0.0, 0.0, 0.0, 0.0, 0.0, 0.0, 0.0, 0.0, 0.0, 0.0, 0.0, 0.0, 0.0, 0.0, 0.0, 0.0, 0.0, 0.0, 0.0, 0.0, 0.0, 0.0, 0.0, 0.0, 0.0, 0.0, 0.0, 0.0, 0.0, 0.0], [0.0, 0.0, 0.9663699193839344, 0.0, 0.0, 0.0, 0.0, 0.0, 0.0, 0.0, 0.0, 0.0, 0.0, 0.0, 0.0, 0.0, 0.0, 0.0, 0.0, 0.0, 0.0, 0.0, 0.0, 0.0, 0.0, 0.0, 0.0, 0.0, 0.0, 0.0, 0.0, 0.0, 0.0, 0.0, 0.0, 0.0, 0.0, 0.0, 0.0, 0.0, 0.0, 0.0, 0.0, 0.0], [0.0, 0.0, 0.9680390028820283, 0.0, 0.0, 0.0, 0.0, 0.0, 0.0, 0.0, 0.0, 0.0, 0.0, 0.0, 0.0, 0.0, 0.0, 0.0, 0.0, 0.0, 0.0, 0.0, 0.0, 0.0, 0.0, 0.0, 0.0, 0.0, 0.0, 0.0, 0.0, 0.0, 0.0, 0.0, 0.0, 0.0, 0.0, 0.0, 0.0, 0.0, 0.0, 0.0, 0.0, 0.0], [0.0, 0.0, 0.0, 0.9712133417085032, 0.0, 0.0, 0.0, 0.0, 0.0, 0.0, 0.0, 0.0, 0.0, 0.0, 0.0, 0.0, 0.0, 0.0, 0.0, 0.0, 0.0, 0.0, 0.0, 0.0, 0.0, 0.0, 0.0, 0.0, 0.0, 0.0, 0.0, 0.0, 0.0, 0.0, 0.0, 0.0, 0.0, 0.0, 0.0, 0.0, 0.0, 0.0, 0.0, 0.0], [0.0, 0.0, 0.0, 0.9647986480624478, 0.0, 0.0, 0.0, 0.0, 0.0, 0.0, 0.0, 0.0, 0.0, 0.0, 0.0, 0.0, 0.0, 0.0, 0.0, 0.0, 0.0, 0.0, 0.0, 0.0, 0.0, 0.0, 0.0, 0.0, 0.0, 0.0, 0.0, 0.0, 0.0, 0.0, 0.0, 0.0, 0.0, 0.0, 0.0, 0.0, 0.0, 0.0, 0.0, 0.0], [0.0, 0.0, 0.0, 0.0, 0.0, 0.0, 0.0, 0.0, 0.972867549589842, 0.0, 0.0, 0.0, 0.0, 0.0, 0.0, 0.0, 0.0, 0.0, 0.0, 0.0, 0.0, 0.0, 0.0, 0.0, 0.0, 0.0, 0.0, 0.0, 0.0, 0.0, 0.0, 0.0, 0.0, 0.0, 0.0, 0.0, 0.0, 0.0, 0.0, 0.0, 0.0, 0.0, 0.0, 0.0], [0.0, 0.0, 0.0, 0.0, 0.0, 0.0, 0.0, 0.0, 0.9727065815005621, 0.0, 0.0, 0.0, 0.0, 0.0, 0.0, 0.0, 0.0, 0.0, 0.0, 0.0, 0.0, 0.0, 0.0, 0.0, 0.0, 0.0, 0.0, 0.0, 0.0, 0.0, 0.0, 0.0, 0.0, 0.0, 0.0, 0.0, 0.0, 0.0, 0.0, 0.0, 0.0, 0.0, 0.0, 0.0], [0.0, 0.0, 0.0, 0.0, 0.0, 0.0, 0.0, 0.0, 0.0, 0.9753864332118567, 0.0, 0.0, 0.0, 0.0, 0.0, 0.0, 0.0, 0.0, 0.0, 0.0, 0.0, 0.0, 0.0, 0.0, 0.0, 0.0, 0.0, 0.0, 0.0, 0.0, 0.0, 0.0, 0.0, 0.0, 0.0, 0.0, 0.0, 0.0, 0.0, 0.0, 0.0, 0.0, 0.0, 0.0], [0.0, 0.0, 0.0, 0.0, 0.0, 0.0, 0.0, 0.0, 0.0, 0.975436199583315, 0.0, 0.0, 0.0, 0.0, 0.0, 0.0, 0.0, 0.0, 0.0, 0.0, 0.0, 0.0, 0.0, 0.0, 0.0, 0.0, 0.0, 0.0, 0.0, 0.0, 0.0, 0.0, 0.0, 0.0, 0.0, 0.0, 0.0, 0.0, 0.0, 0.0, 0.0, 0.0, 0.0, 0.0], [0.0, 0.0, 0.0, 0.0, 0.0, 0.0, 0.0, 0.0, 0.0, 0.0, 0.9775750169202649, 0.0, 0.0, 0.0, 0.0, 0.0, 0.0, 0.0, 0.0, 0.0, 0.0, 0.0, 0.0, 0.0, 0.0, 0.0, 0.0, 0.0, 0.0, 0.0, 0.0, 0.0, 0.0, 0.0, 0.0, 0.0, 0.0, 0.0, 0.0, 0.0, 0.0, 0.0, 0.0, 0.0], [0.0, 0.0, 0.0, 0.0, 0.0, 0.0, 0.0, 0.0, 0.0, 0.0, 0.9775651488733386, 0.0, 0.0, 0.0, 0.0, 0.0, 0.0, 0.0, 0.0, 0.0, 0.0, 0.0, 0.0, 0.0, 0.0, 0.0, 0.0, 0.0, 0.0, 0.0, 0.0, 0.0, 0.0, 0.0, 0.0, 0.0, 0.0, 0.0, 0.0, 0.0, 0.0, 0.0, 0.0, 0.0], [0.0, 0.0, 0.0, 0.0, 0.0, 0.0, 0.0, 0.0, 0.0, 0.0, 0.0, 0.9862684058047377, 0.0, 0.0, 0.0, 0.0, 0.0, 0.0, 0.0, 0.0, 0.0, 0.0, 0.0, 0.0, 0.0, 0.0, 0.0, 0.0, 0.0, 0.0, 0.0, 0.0, 0.0, 0.0, 0.0, 0.0, 0.0, 0.0, 0.0, 0.0, 0.0, 0.0, 0.0, 0.0], [0.0, 0.0, 0.0, 0.0, 0.0, 0.0, 0.0, 0.0, 0.0, 0.0, 0.0, 0.9872900601182866, 0.0, 0.0, 0.0, 0.0, 0.0, 0.0, 0.0, 0.0, 0.0, 0.0, 0.0, 0.0, 0.0, 0.0, 0.0, 0.0, 0.0, 0.0, 0.0, 0.0, 0.0, 0.0, 0.0, 0.0, 0.0, 0.0, 0.0, 0.0, 0.0, 0.0, 0.0, 0.0], [0.0, 0.0, 0.0, 0.0, 0.0, 0.0, 0.0, 0.0, 0.0, 0.0, 0.0, 0.9872701104719925, 0.0, 0.0, 0.0, 0.0, 0.0, 0.0, 0.0, 0.0, 0.0, 0.0, 0.0, 0.0, 0.0, 0.0, 0.0, 0.0, 0.0, 0.0, 0.0, 0.0, 0.0, 0.0, 0.0, 0.0, 0.0, 0.0, 0.0, 0.0, 0.0, 0.0, 0.0, 0.0], [0.0, 0.0, 0.0, 0.0, 0.0, 0.0, 0.0, 0.0, 0.0, 0.0, 0.0, 0.0, 0.0, 0.9709873313023417, 0.0, 0.0, 0.0, 0.0, 0.0, 0.0, 0.0, 0.0, 0.0, 0.0, 0.0, 0.0, 0.0, 0.0, 0.0, 0.0, 0.0, 0.0, 0.0, 0.0, 0.0, 0.0, 0.0, 0.0, 0.0, 0.0, 0.0, 0.0, 0.0, 0.0], [0.0, 0.0, 0.0, 0.0, 0.0, 0.0, 0.0, 0.0, 0.0, 0.0, 0.0, 0.0, 0.0, 0.9726403564260023, 0.0, 0.0, 0.0, 0.0, 0.0, 0.0, 0.0, 0.0, 0.0, 0.0, 0.0, 0.0, 0.0, 0.0, 0.0, 0.0, 0.0, 0.0, 0.0, 0.0, 0.0, 0.0, 0.0, 0.0, 0.0, 0.0, 0.0, 0.0, 0.0, 0.0], [0.0, 0.0, 0.0, 0.0, 0.0, 0.0, 0.0, 0.0, 0.0, 0.0, 0.0, 0.0, 0.0, 0.0, 0.975472200311335, 0.0, 0.0, 0.0, 0.0, 0.0, 0.0, 0.0, 0.0, 0.0, 0.0, 0.0, 0.0, 0.0, 0.0, 0.0, 0.0, 0.0, 0.0, 0.0, 0.0, 0.0, 0.0, 0.0, 0.0, 0.0, 0.0, 0.0, 0.0, 0.0], [0.0, 0.0, 0.0, 0.0, 0.0, 0.0, 0.0, 0.0, 0.0, 0.0, 0.0, 0.0, 0.0, 0.0, 0.975442438177303, 0.0, 0.0, 0.0, 0.0, 0.0, 0.0, 0.0, 0.0, 0.0, 0.0, 0.0, 0.0, 0.0, 0.0, 0.0, 0.0, 0.0, 0.0, 0.0, 0.0, 0.0, 0.0, 0.0, 0.0, 0.0, 0.0, 0.0, 0.0, 0.0], [0.0, 0.0, 0.0, 0.0, 0.0, 0.0, 0.0, 0.0, 0.0, 0.0, 0.0, 0.0, 0.0, 0.0, 0.0, 0.97577662891977, 0.0, 0.0, 0.0, 0.0, 0.0, 0.0, 0.0, 0.0, 0.0, 0.0, 0.0, 0.0, 0.0, 0.0, 0.0, 0.0, 0.0, 0.0, 0.0, 0.0, 0.0, 0.0, 0.0, 0.0, 0.0, 0.0, 0.0, 0.0], [0.0, 0.0, 0.0, 0.0, 0.0, 0.0, 0.0, 0.0, 0.0, 0.0, 0.0, 0.0, 0.0, 0.0, 0.0, 0.9772765439236172, 0.0, 0.0, 0.0, 0.0, 0.0, 0.0, 0.0, 0.0, 0.0, 0.0, 0.0, 0.0, 0.0, 0.0, 0.0, 0.0, 0.0, 0.0, 0.0, 0.0, 0.0, 0.0, 0.0, 0.0, 0.0, 0.0, 0.0, 0.0], [0.0, 0.0, 0.0, 0.0, 0.0, 0.0, 0.0, 0.0, 0.0, 0.0, 0.0, 0.0, 0.0, 0.0, 0.0, 0.0, 0.9865399305189142, 0.0, 0.0, 0.0, 0.0, 0.0, 0.0, 0.0, 0.0, 0.0, 0.0, 0.0, 0.0, 0.0, 0.0, 0.0, 0.0, 0.0, 0.0, 0.0, 0.0, 0.0, 0.0, 0.0, 0.0, 0.0, 0.0, 0.0], [0.0, 0.0, 0.0, 0.0, 0.0, 0.0, 0.0, 0.0, 0.0, 0.0, 0.0, 0.0, 0.0, 0.0, 0.0, 0.0, 0.9860505679851781, 0.0, 0.0, 0.0, 0.0, 0.0, 0.0, 0.0, 0.0, 0.0, 0.0, 0.0, 0.0, 0.0, 0.0, 0.0, 0.0, 0.0, 0.0, 0.0, 0.0, 0.0, 0.0, 0.0, 0.0, 0.0, 0.0, 0.0], [0.0, 0.0, 0.0, 0.0, 0.0, 0.0, 0.0, 0.0, 0.0, 0.0, 0.0, 0.0, 0.0, 0.0, 0.0, 0.0, 0.98695780835721, 0.0, 0.0, 0.0, 0.0, 0.0, 0.0, 0.0, 0.0, 0.0, 0.0, 0.0, 0.0, 0.0, 0.0, 0.0, 0.0, 0.0, 0.0, 0.0, 0.0, 0.0, 0.0, 0.0, 0.0, 0.0, 0.0, 0.0]], "Born radii": [], "Atomic SASAs": [], "Solvent H bonds": [], "Total SASA": NaN, "Total FOD": 0.0, "FOD": [0.0, 0.0, 0.0, 0.0, 0.0, 0.0, 0.0, 0.0, 0.0, 0.0, 0.0, 0.0, 0.0, 0.0, 0.0, 0.0, 0.0, 0.0, 0.0, 0.0, 0.0, 0.0, 0.0, 0.0, 0.0, 0.0, 0.0, 0.0, 0.0, 0.0, 0.0, 0.0, 0.0, 0.0, 0.0, 0.0, 0.0, 0.0, 0.0, 0.0, 0.0, 0.0, 0.0, 0.0], "FOD s proportion": [0.0, 0.0, 0.0, 0.0, 0.0, 0.0, 0.0, 0.0, 0.0, 0.0, 0.0, 0.0, 0.0, 0.0, 0.0, 0.0, 0.0, 0.0, 0.0, 0.0, 0.0, 0.0, 0.0, 0.0, 0.0, 0.0, 0.0, 0.0, 0.0, 0.0, 0.0, 0.0, 0.0, 0.0, 0.0, 0.0, 0.0, 0.0, 0.0, 0.0, 0.0, 0.0, 0.0, 0.0], "FOD p proportion": [0.0, 0.0, 0.0, 0.0, 0.0, 0.0, 0.0, 0.0, 0.0, 0.0, 0.0, 0.0, 0.0, 0.0, 0.0, 0.0, 0.0, 0.0, 0.0, 0.0, 0.0, 0.0, 0.0, 0.0, 0.0, 0.0, 0.0, 0.0, 0.0, 0.0, 0.0, 0.0, 0.0, 0.0, 0.0, 0.0, 0.0, 0.0, 0.0, 0.0, 0.0, 0.0, 0.0, 0.0], "FOD d proportion": [0.0, 0.0, 0.0, 0.0, 0.0, 0.0, 0.0, 0.0, 0.0, 0.0, 0.0, 0.0, 0.0, 0.0, 0.0, 0.0, 0.0, 0.0, 0.0, 0.0, 0.0, 0.0, 0.0, 0.0, 0.0, 0.0, 0.0, 0.0, 0.0, 0.0, 0.0, 0.0, 0.0, 0.0, 0.0, 0.0, 0.0, 0.0, 0.0, 0.0, 0.0, 0.0, 0.0, 0.0], "coordinates": [["-2.79730", "-4.50320", "-1.60400"], ["-3.14440", "-3.02310", "-1.66180"], ["-2.96400", "-2.35650", "-0.29590"], ["-3.37570", "-0.88490", "-0.26390"], ["-2.39140", "0.19810", "-1.33560"], ["-0.46840", "0.18200", "-0.51400"], ["-0.56120", "-0.03130", "0.97360"], ["0.46440", "2.01960", "-0.87760"], ["-0.42840", "3.16710", "0.20480"], ["0.12360", "4.58140", "0.04940"], ["-0.62130", "5.56130", "0.95810"], ["-0.08200", "6.97550", "0.81400"], ["0.66470", "-1.35510", "-1.36710"], ["2.11760", "-1.45630", "-0.28650"], ["3.07230", "-2.53840", "-0.78500"], ["4.36930", "-2.60870", "0.02650"], ["4.15970", "-3.03850", "1.47040"], ["-1.75540", "-4.64960", "-1.30160"], ["-2.93330", "-4.96280", "-2.58800"], ["-3.44010", "-5.03000", "-0.89150"], ["-2.50730", "-2.54580", "-2.41370"], ["-4.18240", "-2.91050", "-1.99540"], ["-3.58140", "-2.89120", "0.43750"], ["-1.92850", "-2.46930", "0.04390"], ["-3.30440", "-0.50680", "0.76110"], ["-4.42390", "-0.78980", "-0.56680"], ["-0.32250", "2.82760", "1.24000"], ["-1.49140", "3.14190", "-0.05410"], ["1.19180", "4.59920", "0.30030"], ["0.02610", "4.91200", "-0.99250"], ["-1.68990", "5.55740", "0.71330"], ["-0.52660", "5.24520", "2.00360"], ["-0.62850", "7.65840", "1.47190"], ["0.97820", "7.02040", "1.08280"], ["-0.19160", "7.33420", "-0.21440"], ["1.77250", "-1.67730", "0.72730"], ["2.61630", "-0.48230", "-0.27420"], ["3.34290", "-2.33920", "-1.83010"], ["2.57960", "-3.51870", "-0.76280"], ["5.04210", "-3.32750", "-0.45640"], ["4.87610", "-1.63680", "0.00500"], ["5.12650", "-3.16360", "1.96870"], ["3.59220", "-2.29170", "2.03320"], ["3.62560", "-3.99240", "1.52300"]], "bond_dist": [[0.0, 1.5213531016828405, 2.5193720229454, 3.901603447302147, 4.726416725173522, 5.344433950382397, 5.625127072342455, 7.328933325525619, 8.229030729071317, 9.684799715533615, 10.611008088772715, 12.040769567598243, 4.685306737023735, 5.930906159264366, 6.243669129606404, 7.589981295102116, 7.745781461544083, 1.0947302544462723, 1.0945246274068026, 1.094699196126498, 2.1380198432194213, 2.1467159243831033, 2.7168141379196333, 2.758103888543722, 4.671408928792254, 4.184608818037834, 8.243397338476413, 7.9091794030733675, 10.118940807218905, 9.848426821071474, 10.383250281583317, 10.63965031427255, 12.730646833920105, 12.42041269241888, 12.200192597250256, 5.856939690657571, 6.873359426801423, 6.514297602197799, 5.530633896760841, 8.009709645798653, 8.347825915769926, 8.794618802995386, 7.6776081132081755, 7.161891513420181], [1.5213531016828405, 0.0, 1.5305497476397165, 2.5650581552861524, 3.324085570499051, 4.330252515731617, 4.750697068852107, 6.250378418143977, 7.012804545971605, 8.452008618665744, 9.323187919376076, 10.746156585496044, 4.168730610149809, 5.659943138406958, 6.2969096563314295, 7.712183344552955, 7.947376347575343, 2.169001449976464, 2.1598253957206817, 2.1698958938161073, 1.0950184062379957, 1.0960892846844186, 2.148354509851668, 2.166684042494429, 3.496828577439849, 2.797101024274954, 7.114369497010961, 6.582122248181053, 8.986207439181447, 8.571221893639203, 9.021177889278096, 9.415562590201395, 11.412461204753338, 11.198238797686, 10.866814523585097, 5.629820784003697, 6.447229086204398, 6.525419939743342, 5.815324269548517, 8.280364168923972, 8.308337389634584, 9.033717801104926, 7.718144240683768, 7.544229154128339], [2.5193720229454, 1.5305497476397165, 0.0, 1.528439547381577, 2.816882675938066, 3.5664505071569406, 3.576539267224673, 5.589503793719081, 6.0983706684654715, 7.601773625937569, 8.351785206169994, 9.829752082835052, 3.913787818724975, 5.160727367338833, 6.058813754358191, 7.3447147997726905, 7.371027159087124, 2.7803694107078654, 3.47094577745029, 2.7801102172395975, 2.174738195737593, 2.1632648497121196, 1.0977077980956498, 1.0956496383424765, 2.1574316327522407, 2.1585281350957644, 6.017591201635418, 5.697316961517939, 8.124524021135024, 7.890313163620313, 8.079085880221847, 8.307494321394387, 10.434457297818609, 10.264892017941545, 10.079807066605987, 4.8931261101672, 5.886666681577954, 6.49084405451248, 5.6833269666631, 8.066364637183222, 7.8788118971073295, 8.440142997603772, 6.95792097468777, 7.029039349726249], [3.901603447302147, 2.5650581552861524, 1.528439547381577, 0.0, 1.8139118997349348, 3.1069629720999252, 3.1908383631892105, 4.8537733723362075, 5.032391179151319, 6.497976074902093, 7.115721874834626, 8.59047241192241, 4.214613913515685, 5.52298412183124, 6.6769986865357405, 7.939826421276475, 8.02670808052716, 4.227902490597436, 4.714491168726483, 4.192837121806665, 2.852077735616615, 2.7842256553663174, 2.1353018849802012, 2.1678219576339752, 1.094837111172251, 1.0952240227460313, 5.036506894664197, 4.450811248525374, 7.159310769899571, 6.76070638395131, 6.730532725572323, 7.130010734213519, 9.14046412224237, 9.124900776994785, 8.814451081604572, 5.302295582104038, 6.00551886600983, 7.050358635558903, 6.530804065350606, 8.767137950893666, 8.290347644097924, 9.08099010515924, 7.470434061016803, 7.865606750276803], [4.726416725173522, 3.324085570499051, 2.816882675938066, 1.8139118997349348, 0.0, 2.091223271197985, 2.955445996799806, 3.4180725401898657, 3.878293717603142, 5.239920695010564, 6.095754911411712, 7.475778172203881, 3.428289617287314, 4.916170376421062, 6.1354388840571135, 7.445838242938131, 7.827268154982299, 4.889360621799133, 5.338262842910604, 5.350703328535419, 2.950376184489022, 3.6477953615848575, 3.7554970509907206, 3.038473205410902, 2.39303236501306, 2.387060137491303, 4.222361048039355, 3.334396600586079, 5.906367094923918, 5.308754757002813, 5.780327841048464, 6.332531412476372, 8.163697002584062, 7.984149297827541, 7.551167637524676, 5.011062240683106, 5.163968765397405, 6.290041178720534, 6.23326103095322, 8.274041953604055, 7.614500812266028, 8.873457375228666, 7.304203340543033, 7.8699538251504375], [5.344433950382397, 4.330252515731617, 3.5664505071569406, 3.1069629720999252, 2.091223271197985, 0.0, 1.5056767548182444, 2.092628624481659, 3.070683222020793, 4.474662436430261, 5.579186796478497, 6.932858804995238, 2.091499851781013, 3.069719716847126, 4.473317968801234, 5.61101488413638, 5.977355035465101, 5.061723157186692, 6.070105027921675, 6.0115265232717725, 3.899598202379317, 5.054888545754496, 4.476681749912539, 3.077748545609274, 3.1848424529323265, 4.073470673762118, 3.1775780352337533, 3.165287509848039, 4.788632828898034, 4.779790005847537, 5.647411150252831, 5.654882071272573, 7.737311405132922, 7.169807274955165, 7.163821831955342, 3.165352269495451, 3.1645177547297783, 4.755478560565698, 4.800769306059186, 6.533415512578394, 5.669309895392913, 6.975653708434788, 5.3940607977663735, 6.191592715933438], [5.625127072342455, 4.750697068852107, 3.576539267224673, 3.1908383631892105, 2.955445996799806, 1.5056767548182444, 0.0, 2.9470303035428733, 3.292180408179357, 4.753956033662911, 5.592944396290741, 7.024980501040554, 2.9553601709436363, 3.285490290656784, 4.751899264504668, 5.643564425077471, 5.6193379405406825, 5.285011217585068, 6.529283668213536, 6.0624800956374285, 4.645838648726406, 5.497075866312926, 4.193809635641561, 2.945792827067104, 2.792203921636097, 4.227127357911043, 2.88119000761838, 3.4627500010829544, 4.996786181136831, 5.3522598395444145, 5.707476453740305, 5.376202136266827, 7.706122129190531, 7.218597501592674, 7.469841926707686, 2.8663801876234074, 3.443386718043734, 5.331897683752006, 5.004165101193205, 6.656335728462019, 5.751525667159976, 6.568976981996513, 4.845914968300621, 5.7897709635183325], [7.328933325525619, 6.250378418143977, 5.589503793719081, 4.8537733723362075, 3.4180725401898657, 2.092628624481659, 2.9470303035428733, 0.0, 1.8125776810939718, 2.745595177734693, 4.134268722519135, 5.265074389787859, 3.415893796651178, 3.8941430713316123, 5.252150147320619, 6.1226466262556745, 6.689747506445964, 7.041698422965869, 7.951335938696088, 8.058670710483213, 5.659812829060693, 6.86644836068837, 6.49722573795924, 5.16965722944955, 4.824094535765235, 5.6466628985623, 2.399230161947786, 2.4005964217252345, 2.927609149118099, 2.927675982754922, 4.437116196359973, 4.4371037625910885, 6.205694650883171, 5.395846480395824, 5.395845012599973, 4.237204176104806, 3.354738258046371, 5.309628606597641, 5.9295882631089984, 7.051540621736501, 5.79752883649577, 7.530083820250608, 6.069859732316719, 7.2041800227368], [8.229030729071317, 7.012804545971605, 6.0983706684654715, 5.032391179151319, 3.878293717603142, 3.070683222020793, 3.292180408179357, 1.8125776810939718, 0.0, 1.5261381490546657, 2.517313039731054, 3.8723414312273654, 4.910807475354741, 5.300879101620787, 6.766633932761548, 7.510631253097173, 7.820605879981422, 8.0703760042516, 8.953743901854686, 8.80140096745967, 6.6193348510254415, 7.474665062730237, 6.833634258577203, 5.8348259425624684, 4.698764401414483, 5.675953172815999, 1.0945839849001993, 1.0943643131973924, 2.1645042619500656, 2.164433771220547, 2.7501797377626067, 2.750240769460012, 4.670905491443817, 4.194916977724351, 4.194821246489533, 5.346510864105674, 4.776793846294813, 6.977310469658061, 7.394878998333915, 8.517240448055931, 7.15926640794991, 8.604999692620565, 7.021877837160085, 8.332527077063716], [9.684799715533615, 8.452008618665744, 7.601773625937569, 6.497976074902093, 5.239920695010564, 4.474662436430261, 4.753956033662911, 2.745595177734693, 1.5261381490546657, 0.0, 1.5299724540003978, 2.521626326401277, 6.127095046594268, 6.367313884205804, 7.751297123062694, 8.35009167075428, 8.739120105594155, 9.516680251011906, 10.363024172991203, 10.293894329164255, 7.986581011922436, 8.87983156653323, 8.349694447702863, 7.343263249400774, 6.176364637066047, 7.064647771120652, 2.166182820077752, 2.165894157155423, 1.0974146390494344, 1.097432558292308, 2.163821032340706, 2.163859542576643, 3.4723320204150983, 2.7833393109716247, 2.7833162450573234, 6.5076681929858715, 5.653258170294366, 7.860732605807171, 8.503130297131758, 9.327281227667578, 7.826508726756778, 9.417948072696092, 7.950229682845649, 9.377928737199916], [10.611008088772715, 9.323187919376076, 8.351785206169994, 7.115721874834626, 6.095754911411712, 5.579186796478497, 5.592944396290741, 4.134268722519135, 2.517313039731054, 1.5299724540003978, 0.0, 1.520385128840716, 7.409246925295445, 7.63526765280694, 9.07117515319818, 9.618880751937825, 9.852764704893747, 10.519263553595376, 11.343581886688174, 11.114957907702575, 8.9805958404774, 9.65277114097294, 8.97095160058285, 8.187494723051733, 6.637746019546093, 7.557880521680665, 2.764392291264031, 2.76317194723745, 2.1553813722865844, 2.1553555646342906, 1.0962883790317217, 1.0963382461631084, 2.159136561220712, 2.168622408350518, 2.1685416182310173, 7.627639021348611, 6.966040339389373, 9.268594344883155, 9.780268790784842, 10.634174873961777, 9.107274563775928, 10.49678032589041, 8.976582381953612, 10.470360801328672], [12.040769567598243, 10.746156585496044, 9.829752082835052, 8.59047241192241, 7.475778172203881, 6.932858804995238, 7.024980501040554, 5.265074389787859, 3.8723414312273654, 2.521626326401277, 1.520385128840716, 0.0, 8.643706060481234, 8.783199397144529, 10.149911462668037, 10.596750331115667, 10.895094118455333, 11.933942388414652, 12.736817600169989, 12.582432042733235, 10.34191863582382, 11.06521597258725, 10.475653750482593, 9.654370165888608, 8.146868935977798, 9.003254319411399, 4.176648256676638, 4.175702926454419, 2.744677726072772, 2.7446602904549047, 2.1462736335332453, 2.1463353442554127, 1.0944620002540062, 1.0946659262076261, 1.0946617788157216, 8.849725135844617, 8.005234722979708, 10.27058133262183, 10.940687658460961, 11.576792559685952, 9.970403597648392, 11.45701327353687, 10.04326590905568, 11.5993020984023], [4.685306737023735, 4.168730610149809, 3.913787818724975, 4.214613913515685, 3.428289617287314, 2.091499851781013, 2.9553601709436363, 3.415893796651178, 4.910807475354741, 6.127095046594268, 7.409246925295445, 8.643706060481234, 0.0, 1.813520391393491, 2.745100555535261, 4.151830328903146, 4.806273692789457, 4.088386541167555, 5.2394370021978505, 5.529960977258338, 3.546085454413077, 5.129172297749414, 4.862668977012522, 3.155479183895847, 4.582859690193449, 5.182074308614264, 5.026580700635373, 5.157106282596859, 6.2057832430725455, 6.310679640894474, 7.5930798474663765, 7.506315625524949, 9.538106179425768, 8.732084087432966, 8.807150587448813, 2.3911388583685387, 2.4010316137027434, 2.8906015031477446, 2.9518105393131178, 4.886856557133634, 4.438231997090734, 5.85712328109969, 4.583613847173429, 4.906623901421424], [5.930906159264366, 5.659943138406958, 5.160727367338833, 5.52298412183124, 4.916170376421062, 3.069719716847126, 3.285490290656784, 3.8941430713316123, 5.300879101620787, 6.367313884205804, 7.63526765280694, 8.783199397144529, 1.813520391393491, 0.0, 1.5267268092229207, 2.548754136828423, 3.1241361782099064, 5.121300801554231, 6.565366350021909, 6.635162845024982, 5.205928361013048, 6.687677986416512, 5.921293356184947, 4.1840480840927246, 5.603311521769961, 6.581338206626369, 5.161016321423523, 5.849985811948607, 6.1539028372245195, 6.740033615643174, 8.04292508854832, 7.55952735956422, 9.680433454138303, 8.661850711020135, 9.089031483056926, 1.0934923182171878, 1.09431667263183, 2.1595308425674316, 2.1665178166818757, 3.4760546169472075, 2.7797256609241137, 4.129682740840996, 2.8728637994168817, 3.461236406257163], [6.243669129606404, 6.2969096563314295, 6.058813754358191, 6.6769986865357405, 6.1354388840571135, 4.473317968801234, 4.751899264504668, 5.252150147320619, 6.766633932761548, 7.751297123062694, 9.07117515319818, 10.149911462668037, 2.745100555535261, 1.5267268092229207, 0.0, 1.5315623852785103, 2.553305295102801, 5.294405376432749, 6.722778868890452, 6.973576311334092, 5.812456848011862, 7.364387188354507, 6.774267324220384, 5.069502013018636, 6.868779124415052, 7.700534243804127, 6.664776668426332, 7.323071800139611, 7.460528808335237, 8.05176072980314, 9.51133162969308, 9.017361040237882, 11.079902909773171, 9.962157853095887, 10.413782133787898, 2.1721014110763797, 2.167117867122137, 1.0977882354989967, 1.0973760613390466, 2.147270083152094, 2.1657970819077215, 3.491915859524682, 2.8763532710708537, 2.7833650299592394], [7.589981295102116, 7.712183344552955, 7.3447147997726905, 7.939826421276475, 7.445838242938131, 5.61101488413638, 5.643564425077471, 6.1226466262556745, 7.510631253097173, 8.35009167075428, 9.618880751937825, 10.596750331115667, 4.151830328903146, 2.548754136828423, 1.5315623852785103, 0.0, 1.5210218308755468, 6.5909841837164205, 8.105884518052303, 8.227523688814271, 7.296996643140244, 8.792652372293585, 7.966326489668873, 6.299366631654329, 7.990199775975567, 8.998931511018405, 7.282782928249337, 8.211193653178567, 7.881960105202258, 8.744293895449763, 10.19170192313335, 9.463746955091308, 11.51001861032379, 10.263278994064226, 10.941713852500438, 2.846400681562594, 2.7721844184685835, 2.1384786110690936, 2.15734109032392, 1.096597323542238, 1.0963111328450512, 2.157175627991379, 2.17513638652844, 2.1696146270709], [7.745781461544083, 7.947376347575343, 7.371027159087124, 8.02670808052716, 7.827268154982299, 5.977355035465101, 5.6193379405406825, 6.689747506445964, 7.820605879981422, 8.739120105594155, 9.852764704893747, 10.895094118455333, 4.806273692789457, 3.1241361782099064, 2.553305295102801, 1.5210218308755468, 0.0, 6.728152437333744, 8.395486290263358, 8.203755475390524, 7.73161529694798, 9.034311598013431, 7.