{"total energy": -25.2618195, "HOMO-LUMO gap/eV": 5.19693683, "electronic energy": -25.65303228, "dipole": [0.1505998, 0.00017118, 0.08795171], "partial charges": [-0.09977869, -0.05185965, -0.05831786, -0.05727883, -0.05259024, -0.05694754, -0.0296521, -0.0957189, 0.03105785, 0.03229911, 0.03203641, 0.02767598, 0.02792132, 0.03192847, 0.0307502, 0.02805714, 0.02878636, 0.02910493, 0.03043362, 0.0384865, 0.03781443, 0.02933959, 0.03173074, 0.03472116], "atomic dipole moments": [[-0.0581312, -0.01122033, 0.08153986], [-0.03924015, 0.00816426, -0.10196408], [0.03902257, -0.00828375, 0.10485156], [-0.04099652, 6.473e-05, -0.10072899], [0.05281495, 0.09632727, -0.02444111], [-0.02532864, -0.09037072, 0.03752215], [0.13014231, 0.00431216, 0.08333109], [-0.03874447, 0.00297803, -0.06880888], [0.12017408, 0.0032066, 0.03323502], [-0.014792, -0.09557093, -0.08067665], [-0.02569456, 0.10725477, -0.06058771], [0.03526515, -0.1030848, 0.05798066], [0.02451069, 0.09299817, 0.07752797], [-0.02923419, 0.10431195, -0.06074431], [-0.02111385, -0.09315378, -0.08003069], [0.03501846, -0.09787481, 0.06394819], [0.01738682, 0.09465527, 0.07854951], [-0.05439501, -0.03113206, 0.10498173], [-0.01781266, -0.10104426, -0.07286331], [0.054571, 0.02892736, -0.11026247], [0.02034483, 0.10093527, 0.07074609], [-0.08888703, -0.01821899, 0.11958306], [-0.14921591, -0.01814412, 0.00032447], [0.07795456, 0.01976792, -0.1290635]], "atomic quadrupole moments": [[0.01131529, 0.02320563, -0.12410175, -0.16030406, -0.03289546, 0.11278646], [0.19182697, 0.03106117, -0.2301549, -0.08127036, -0.03315283, 0.03832793], [0.20097707, 0.02650532, -0.23905561, -0.06497764, -0.03095323, 0.03807854], [0.19604568, 0.05389999, -0.21206328, -0.0687599, -0.02697651, 0.0160176], [0.14602216, -0.06444346, 0.00246573, 0.11046843, -0.10818767, -0.14848789], [0.11637448, -0.0600834, 0.01465094, 0.09316133, -0.10448392, -0.13102542], [-0.10692925, -0.08025962, 0.5539759, -0.03658912, 0.069781, -0.44704665], [-0.27179451, -0.10289169, 0.60485209, -0.03884861, 0.07602305, -0.33305758], [0.07154643, 0.00355332, -0.05445239, 0.03290436, -0.00198607, -0.01709404], [-0.03994962, 0.02672123, 0.03505687, 0.0050153, 0.05360376, 0.00489276], [-0.03322018, -0.03617051, 0.0477177, 0.00415682, -0.04396877, -0.01449752], [-0.01616305, -0.01565412, 0.03821028, -0.00020837, -0.03456753, -0.02204723], [-0.01941397, 0.01030652, 0.02574067, -0.00203344, 0.04362631, -0.00632671], [-0.01543954, -0.02068279, 0.03792875, 0.00332822, -0.03131177, -0.02248921], [-0.02084396, 0.01215031, 0.02867804, 0.00175628, 0.04230912, -0.00783408], [-0.00623786, -0.02390026, 0.03104736, 0.00044932, -0.03825652, -0.0248095], [-0.02237323, 0.01229898, 0.03452163, -0.00680073, 0.04113705, -0.0121484], [0.00194621, -0.00737746, -0.03924872, -0.03407482, -0.01477321, 0.03730251], [-0.02555667, -0.0056524, 0.01092971, 0.01330892, 0.04413149, 0.01462696], [-0.00841652, -0.00679824, -0.03578753, -0.03028806, -0.00993744, 0.04420405], [-0.0316321, 0.00694761, 0.01690008, 0.01246666, 0.04693108, 0.01473203], [0.02281851, 0.01386746, -0.06481614, 0.01294659, -0.00705777, 0.04199763], [0.04524677, 0.01292403, -0.06496981, 0.009766, -0.00588223, 0.01972304], [0.01987566, 0.01121048, -0.05910633, -0.01364484, -0.00988831, 0.03923067]], "number of molecular orbitals": 48, "number of electrons": 48, "number of unpaired electrons": 0, "orbital energies/eV": [-16.98476924, -16.80191167, -16.56133083, -16.12663501, -15.69530583, -15.13754636, -15.01564774, -14.69631111, -14.10753089, -13.81758676, -13.64390715, -13.32266722, -13.17474612, -13.05061554, -12.58249599, -12.48136773, -12.40009034, -11.93901901, -11.75981085, -11.70153567, -11.4901274, -11.41980412, -11.31791292, -10.71165362, -5.51471679, 1.75819362, 2.3745071, 2.95617171, 2.97245758, 3.27445417, 3.67339972, 4.02065269, 4.03538777, 4.33180001, 4.60029844, 4.7342791, 4.88145664, 5.11933991, 5.68493757, 5.86959601, 6.2694746, 6.95393245, 7.20299474, 7.32578164, 7.75669484, 8.40378936, 11.30552578, 15.56265702], "fractional occupation": [2.0, 2.0, 2.0, 2.0, 2.0, 2.0, 2.0, 2.0, 2.0, 2.0, 2.0, 2.0, 2.0, 2.0, 2.0, 2.0, 2.0, 2.0, 2.0, 2.0, 2.0, 2.0, 2.0, 2.0, 0.0, 0.0, 0.0, 0.0, 0.0, 0.0, 0.0, 0.0, 0.0, 0.0, 0.0, 0.0, 0.0, 0.0, 0.0, 0.0, 0.0, 0.0, 0.0, 0.0, 0.0, 0.0, 0.0, 0.0], "program call": "xtb /home/svss/Project-DBcg-Debug/aqme2_20220329/End-to-End-workflows-final/example-3/QDESCP/mol_385_rdkit_conf_10/mol_385_rdkit_conf_10.xyz --pop --wbo --acc 0.2 --gfn 2 --chrg 0 --uhf 0 --etemp 300 --input /home/svss/Project-DBcg-Debug/aqme2_20220329/End-to-End-workflows-final/example-3/QDESCP/mol_385_rdkit_conf_10/mol_385_rdkit_conf_10_xtb.inp", "method": "GFN2-xTB", "xtb version": "6.3.3 (7355c4f)", "Dipole module/D": 0.443, "Total charge": 0, "Transition dipole module/D": NaN, "HOMO": -10.7117, "LUMO": -5.5147, "HOMO occupancy": 2.0, "LUMO occupancy": 0, "mulliken charges": [-0.08345, -0.03834, -0.04823, -0.04652, -0.04157, -0.04397, -0.02152, -0.08715, 0.02814, 0.0268, 0.02671, 0.02187, 0.02193, 0.02308, 0.0234, 0.02473, 0.02285, 0.02468, 0.02477, 0.02727, 0.0308, 0.0246, 0.03061, 0.02848], "cm5 charges": [-0.2338, -0.15094, -0.15904, -0.15704, -0.15099, -0.15023, -0.086, -0.18919, 0.07892, 0.07809, 0.078, 0.07658, 0.07663, 0.07904, 0.07885, 0.07966, 0.07806, 0.07955, 0.08001, 0.08355, 0.08603, 0.08009, 0.08285, 0.08131], "FUKUI+": [0.006, 0.004, 0.006, 0.01, 0.002, 0.025, -0.16, -0.125, -0.016, -0.006, -0.004, -0.012, -0.01, 0.003, -0.008, -0.036, -0.022, -0.028, -0.025, -0.061, -0.087, -0.144, -0.154, -0.157], "FUKUI-": [0.019, 0.008, 0.011, 0.013, 0.004, 0.005, -0.043, -0.055, -0.05, -0.06, -0.056, -0.079, -0.075, -0.061, -0.057, -0.064, -0.049, -0.049, -0.048, -0.04, -0.07, -0.064, -0.075, -0.065], "FUKUIrad": [0.012, 0.006, 0.008, 0.011, 0.003, 0.015, -0.102, -0.09, -0.033, -0.033, -0.03, -0.046, -0.043, -0.029, -0.032, -0.05, -0.035, -0.039, -0.036, -0.05, -0.079, -0.104, -0.115, -0.111], "s proportion": [1.007, 1.027, 1.032, 1.033, 1.032, 1.028, 1.072, 1.048, 0.972, 0.973, 0.973, 0.978, 0.978, 0.977, 0.977, 0.975, 0.977, 0.975, 0.975, 0.973, 0.969, 0.975, 0.969, 0.972], "p proportion": [3.076, 3.011, 3.016, 3.014, 3.009, 3.016, 2.95, 3.04, 0.0, 0.0, 0.0, 0.0, 0.0, 0.0, 0.0, 0.0, 0.0, 0.0, 0.0, 0.0, 0.0, 0.0, 0.0, 0.0], "d proportion": [0.0, 0.0, 0.0, 0.0, 0.0, 0.0, 0.0, 0.0, 0.0, 0.0, 0.0, 0.0, 0.0, 0.0, 0.0, 0.0, 0.0, 0.0, 0.0, 0.0, 0.0, 0.0, 0.0, 0.0], "Fermi-level/eV": -8.1132, "Coordination numbers": [3.75, 3.8, 3.801, 3.8, 3.801, 3.804, 2.886, 2.834, 0.924, 0.924, 0.924, 0.924, 0.924, 0.924, 0.924, 0.924, 0.924, 0.924, 0.924, 0.924, 0.924, 0.925, 0.925, 0.925], "Dispersion coefficient C6": [22.469, 21.505, 21.623, 21.605, 21.518, 21.596, 28.738, 30.397, 2.572, 2.554, 2.558, 2.62, 2.616, 2.559, 2.576, 2.614, 2.604, 2.599, 2.58, 2.469, 2.478, 2.596, 2.562, 2.52], "Total dispersion C6": 4143.532197, "Total dispersion C8": 88518.31929, "Polarizability alpha": [6.76, 6.603, 6.621, 6.618, 6.604, 6.616, 8.789, 9.035, 2.508, 2.499, 2.501, 2.531, 2.53, 2.502, 2.51, 2.529, 2.524, 2.521, 2.512, 2.457, 2.462, 2.52, 2.503, 2.483], "Total polarizability alpha": 97.735685, "Wiberg matrix": [[0.0, 1.0201546292886574, 0.0, 0.0, 0.0, 0.0, 0.0, 0.0, 0.9873915480647203, 0.9877177597156159, 0.9877099146173561, 0.0, 0.0, 0.0, 0.0, 0.0, 0.0, 0.0, 0.0, 0.0, 0.0, 0.0, 0.0, 0.0], [1.0201546292886574, 0.0, 1.0073999591983585, 0.0, 0.0, 0.0, 0.0, 0.0, 0.0, 0.0, 0.0, 0.9780322023984322, 0.978228796525378, 0.0, 0.0, 0.0, 0.0, 0.0, 0.0, 0.0, 0.0, 0.0, 0.0, 0.0], [0.0, 1.0073999591983585, 0.0, 1.0082350988057438, 0.0, 0.0, 0.0, 0.0, 0.0, 0.0, 0.0, 0.0, 0.0, 0.9752895972801694, 0.9770728963537296, 0.0, 0.0, 0.0, 0.0, 0.0, 0.0, 0.0, 0.0, 0.0], [0.0, 0.0, 1.0082350988057438, 0.0, 1.0050128109175065, 0.0, 0.0, 0.0, 0.0, 0.0, 0.0, 0.0, 0.0, 0.0, 0.0, 0.9765161020290003, 0.9772762229268019, 0.0, 0.0, 0.0, 0.0, 0.0, 0.0, 0.0], [0.0, 0.0, 0.0, 1.0050128109175065, 0.0, 0.9932531623242443, 0.0, 0.0, 0.0, 0.0, 0.0, 0.0, 0.0, 0.0, 0.0, 0.0, 0.0, 0.9771199144308129, 0.9777858615618971, 0.0, 0.0, 0.0, 0.0, 0.0], [0.0, 0.0, 0.0, 0.0, 0.9932531623242443, 0.0, 1.0259634100652795, 0.0, 0.0, 0.0, 0.0, 0.0, 0.0, 0.0, 0.0, 0.0, 0.0, 0.0, 0.0, 0.9730118315927853, 0.9619440833149846, 0.0, 0.0, 0.0], [0.0, 0.0, 0.0, 0.0, 0.0, 1.0259634100652795, 0.0, 1.975428274366454, 0.0, 0.0, 0.0, 0.0, 0.0, 0.0, 0.0, 0.0, 0.0, 0.0, 0.0, 0.0, 0.0, 0.9678069289804361, 0.0, 0.0], [0.0, 0.0, 0.0, 0.0, 0.0, 0.0, 1.975428274366454, 0.0, 0.0, 0.0, 0.0, 0.0, 0.0, 0.0, 0.0, 0.0, 0.0, 0.0, 0.0, 0.0, 0.0, 0.0, 0.978295187093608, 0.9766902620300586], [0.9873915480647203, 0.0, 0.0, 0.0, 0.0, 0.0, 0.0, 0.0, 0.0, 0.0, 0.0, 0.0, 0.0, 0.0, 0.0, 0.0, 0.0, 0.0, 0.0, 0.0, 0.0, 0.0, 0.0, 0.0], [0.9877177597156159, 0.0, 0.0, 0.0, 0.0, 0.0, 0.0, 0.0, 0.0, 0.0, 0.0, 0.0, 0.0, 0.0, 0.0, 0.0, 0.0, 0.0, 0.0, 0.0, 0.0, 0.0, 0.0, 0.0], [0.9877099146173561, 0.0, 0.0, 0.0, 0.0, 0.0, 0.0, 0.0, 0.0, 0.0, 0.0, 0.0, 0.0, 0.0, 0.0, 0.0, 0.0, 0.0, 0.0, 0.0, 0.0, 0.0, 0.0, 0.0], [0.0, 0.9780322023984322, 0.0, 0.0, 0.0, 0.0, 0.0, 0.0, 0.0, 0.0, 0.0, 0.0, 0.0, 0.0, 0.0, 0.0, 0.0, 0.0, 0.0, 0.0, 0.0, 0.0, 0.0, 0.0], [0.0, 0.978228796525378, 0.0, 0.0, 0.0, 0.0, 0.0, 0.0, 0.0, 0.0, 0.0, 0.0, 0.0, 0.0, 0.0, 0.0, 0.0, 0.0, 0.0, 0.0, 0.0, 0.0, 0.0, 0.0], [0.0, 0.0, 0.9752895972801694, 0.0, 0.0, 0.0, 0.0, 0.0, 0.0, 0.0, 0.0, 0.0, 0.0, 0.0, 0.0, 0.0, 0.0, 0.0, 0.0, 0.0, 0.0, 0.0, 0.0, 0.0], [0.0, 0.0, 0.9770728963537296, 0.0, 0.0, 0.0, 0.0, 0.0, 0.0, 0.0, 0.0, 0.0, 0.0, 0.0, 0.0, 0.0, 0.0, 0.0, 0.0, 0.0, 0.0, 0.0, 0.0, 0.0], [0.0, 0.0, 0.0, 0.9765161020290003, 0.0, 0.0, 0.0, 0.0, 0.0, 0.0, 0.0, 0.0, 0.0, 0.0, 0.0, 0.0, 0.0, 0.0, 0.0, 0.0, 0.0, 0.0, 0.0, 0.0], [0.0, 0.0, 0.0, 0.9772762229268019, 0.0, 0.0, 0.0, 0.0, 0.0, 0.0, 0.0, 0.0, 0.0, 0.0, 0.0, 0.0, 0.0, 0.0, 0.0, 0.0, 0.0, 0.0, 0.0, 0.0], [0.0, 0.0, 0.0, 0.0, 0.9771199144308129, 0.0, 0.0, 0.0, 0.0, 0.0, 0.0, 0.0, 0.0, 0.0, 0.0, 0.0, 0.0, 0.0, 0.0, 0.0, 0.0, 0.0, 0.0, 0.0], [0.0, 0.0, 0.0, 0.0, 0.9777858615618971, 0.0, 0.0, 0.0, 0.0, 0.0, 0.0, 0.0, 0.0, 0.0, 0.0, 0.0, 0.0, 0.0, 0.0, 0.0, 0.0, 0.0, 0.0, 0.0], [0.0, 0.0, 0.0, 0.0, 0.0, 0.9730118315927853, 0.0, 0.0, 0.0, 0.0, 0.0, 0.0, 0.0, 0.0, 0.0, 0.0, 0.0, 0.0, 0.0, 0.0, 0.0, 0.0, 0.0, 0.0], [0.0, 0.0, 0.0, 0.0, 0.0, 0.9619440833149846, 0.0, 0.0, 0.0, 0.0, 0.0, 0.0, 0.0, 0.0, 0.0, 0.0, 0.0, 0.0, 0.0, 0.0, 0.0, 0.0, 0.0, 0.0], [0.0, 0.0, 0.0, 0.0, 0.0, 0.0, 0.9678069289804361, 0.0, 0.0, 0.0, 0.0, 0.0, 0.0, 0.0, 0.0, 0.0, 0.0, 0.0, 0.0, 0.0, 0.0, 0.0, 0.0, 0.0], [0.0, 0.0, 0.0, 0.0, 0.0, 0.0, 0.0, 0.978295187093608, 0.0, 0.0, 0.0, 0.0, 0.0, 0.0, 0.0, 0.0, 0.0, 0.0, 0.0, 0.0, 0.0, 0.0, 0.0, 0.0], [0.0, 0.0, 0.0, 0.0, 0.0, 0.0, 0.0, 0.9766902620300586, 0.0, 0.0, 0.0, 0.0, 0.0, 0.0, 0.0, 0.0, 0.0, 0.0, 0.0, 0.0, 0.0, 0.0, 0.0, 0.0]], "Born radii": [], "Atomic SASAs": [], "Solvent H bonds": [], "Total SASA": NaN, "Total FOD": 0.0, "FOD": [0.0, 0.0, 0.0, 0.0, 0.0, 0.0, 0.0, 0.0, 0.0, 0.0, 0.0, 0.0, 0.0, 0.0, 0.0, 0.0, 0.0, 0.0, 0.0, 0.0, 0.0, 0.0, 0.0, 0.0], "FOD s proportion": [0.0, 0.0, 0.0, 0.0, 0.0, 0.0, 0.0, 0.0, 0.0, 0.0, 0.0, 0.0, 0.0, 0.0, 0.0, 0.0, 0.0, 0.0, 0.0, 0.0, 0.0, 0.0, 0.0, 0.0], "FOD p proportion": [0.0, 0.0, 0.0, 0.0, 0.0, 0.0, 0.0, 0.0, 0.0, 0.0, 0.0, 0.0, 0.0, 0.0, 0.0, 0.0, 0.0, 0.0, 0.0, 0.0, 0.0, 0.0, 0.0, 0.0], "FOD d proportion": [0.0, 0.0, 0.0, 0.0, 0.0, 0.0, 0.0, 0.0, 0.0, 0.0, 0.0, 0.0, 0.0, 0.0, 0.0, 0.0, 0.0, 0.0, 0.0, 0.0, 0.0, 0.0, 0.0, 0.0], "coordinates": [["3.56420", "-0.03370", "-1.10820"], ["2.69540", "-0.20260", "0.12810"], ["1.20990", "-0.24800", "-0.23280"], ["0.34180", "-0.41440", "1.01640"], ["-1.14870", "-0.58260", "0.70510"], ["-1.78540", "0.66590", "0.08960"], ["-3.26850", "0.49200", "-0.07820"], ["-3.89830", "0.51210", "-1.25950"], ["4.62160", "-0.00440", "-0.82730"], ["3.42070", "-0.86560", "-1.80510"], ["3.32570", "0.89800", "-1.63110"], ["2.98210", "-1.12590", "0.64470"], ["2.88570", "0.62800", "0.81780"], ["0.94130", "0.67550", "-0.75750"], ["1.02530", "-1.08020", "-0.92280"], ["0.67660", "-1.30140", "1.56860"], ["0.48350", "0.44440", "1.68370"], ["-1.66520", "-0.82880", "1.64200"], ["-1.28860", "-1.44150", "0.03650"], ["-1.32040", "0.89080", "-0.87670"], ["-1.60990", "1.53180", "0.73900"], ["-3.85360", "0.35190", "0.82870"], ["-4.97510", "0.38560", "-1.31680"], ["-3.36020", "0.65310", "-2.19170"]], "bond_dist": [[0.0, 1.520453333713337, 2.52090819745583, 3.878494477242426, 5.079446279861615, 5.52651654842361, 6.92986650520773, 7.483962558698433, 1.0944670209741358, 1.0946777927773998, 1.0947015803405054, 2.1457864898446912, 2.1465519187757844, 2.739627627981584, 2.7523714538557473, 4.136490697439075, 4.184972844595291, 5.961745416402818, 5.180917560625724, 4.976706708255973, 5.712639398736805, 7.676198656236041, 8.552132537560443, 7.04222847186883], [1.520453333713337, 0.0, 1.5293855694363012, 2.524553245625847, 3.9056924878950725, 4.564355720142768, 6.007755992048945, 6.775921305623317, 2.1592403386376424, 2.168615071883436, 2.1687284500370256, 1.096154797462475, 1.0962648128987813, 2.1522578330674045, 2.159584816579335, 2.712555092528076, 2.7804679408329815, 4.658202658751549, 4.173190598331209, 4.2815646952954, 4.681554256868118, 6.609668040832307, 7.827533807017381, 6.5409468649424145], [2.52090819745583, 1.5293855694363012, 0.0, 1.530289910441809, 2.5601967756404975, 3.148170430583453, 4.541758219016067, 5.265507776083898, 3.4716664730356803, 2.7823000718829736, 2.783014288500869, 2.163656049375686, 2.1632017936383097, 1.095585825026958, 1.0966922995991173, 2.1538575649285634, 2.1633416211962455, 3.481149765522879, 2.7819897537553944, 2.848489203068883, 3.473234129741328, 5.20823333866677, 6.311159161358554, 5.053225151326625], [3.878494477242426, 2.524553245625847, 1.530289910441809, 0.0, 1.5319233597017836, 2.5594894354148057, 3.879945387502252, 4.900670471476326, 4.678035670022194, 4.200484364927455, 4.1994415366808004, 2.759633531829906, 2.7563502915993823, 2.1665649009434267, 2.1612400445114837, 1.0971713084108607, 1.096770541179877, 2.1426973001336425, 2.1617915209381313, 2.837302149930458, 2.770158495465558, 4.268937589143229, 5.861164376640533, 5.0136080680483985], [5.079446279861615, 3.9056924878950725, 2.5601967756404975, 1.5319233597017836, 0.0, 1.5306793883762857, 2.5023740907386327, 3.5522276686608927, 5.998243667107897, 5.221169351783181, 5.260253050947264, 4.166813133559027, 4.213625162493693, 2.8443126357698443, 2.7611483426284797, 2.1433678592346204, 2.1625133063174435, 1.0978015758778996, 1.0974093037695642, 2.1685201613081673, 2.164380283129561, 2.8644460581410853, 4.43472973359144, 3.848264151536378], [5.52651654842361, 4.564355720142768, 3.148170430583453, 2.5594894354148057, 1.5306793883762857, 0.0, 1.5026588634816618, 2.5115874780703935, 6.506893014334876, 5.747943767122292, 5.3979646265976955, 5.123254776018854, 4.727672456928462, 2.855269419862161, 3.4603256291857853, 3.481257573061781, 2.781748419609509, 2.158360926721942, 2.1658173076231524, 1.0956918818719066, 1.0964959735448188, 2.2186293178446914, 3.4972439348721442, 2.7720910104107332], [6.92986650520773, 6.007755992048945, 4.541758219016067, 3.879945387502252, 2.5023740907386327, 1.5026588634816618, 0.0, 1.3388509028267486, 7.941110865615718, 7.040643295182621, 6.7867376588461115, 6.496936599659874, 6.220569880645984, 4.268200648985471, 4.649933380167935, 4.6359516617410925, 4.145366252817717, 2.697067216440851, 2.769762146827774, 2.1428339413029653, 2.1213094635154013, 1.0883187171045072, 2.111382125528205, 2.121613619394446], [7.483962558698433, 6.775921305623317, 5.265507776083898, 4.900670471476326, 3.5522276686608927, 2.5115874780703935, 1.3388509028267486, 0.0, 8.546476765310954, 7.467496076329735, 7.2438374753993475, 7.324542702449075, 7.095862463435998, 4.86830891788925, 5.185616948830679, 5.675970566343698, 5.278937466005825, 3.899160251900401, 3.5080910834811574, 2.633537153715512, 3.204772207193516, 2.0948129677849523, 1.0857180941662532, 1.0855549041849517], [1.0944670209741358, 2.1592403386376424, 3.4716664730356803, 4.678035670022194, 5.998243667107897, 6.506893014334876, 7.941110865615718, 8.546476765310954, 0.0, 1.7719816844425902, 1.771941593281223, 2.4723483775552344, 2.473789113889864, 3.74322643450807, 3.754975310171826, 4.794326940249277, 4.861112429269663, 6.804478825744114, 6.143441290514624, 6.009258473389209, 6.606420996273247, 8.642817869769097, 9.617086936281693, 8.1242245691512], [1.0946777927773998, 2.168615071883436, 2.7823000718829736, 4.200484364927455, 5.221169351783181, 5.747943767122292, 7.040643295182621, 7.467496076329735, 1.7719816844425902, 0.0, 1.7747072885408455, 2.502328133958454, 3.0653988924771274, 3.1015930310084205, 2.5617274659885267, 4.370567256089305, 4.744994128552743, 6.144121699641048, 5.089268892483477, 5.140515220286776, 6.125920986268105, 7.831644091760044, 8.502552320921057, 6.959634621156487], [1.0947015803405054, 2.1687284500370256, 2.783014288500869, 4.1994415366808004, 5.260253050947264, 5.3979646265976955, 6.7867376588461115, 7.2438374753993475, 1.771941593281223, 1.7747072885408455, 0.0, 3.0648813696454877, 2.5027207614913816, 2.5491266288672283, 3.1155744719072276, 4.7003373559777595, 4.389960459958609, 6.213220152223805, 5.435615374545922, 4.7069540480017436, 5.511735099766678, 7.6086260086825135, 8.322536806166736, 6.7138295465404845], [2.1457864898446912, 1.096154797462475, 2.163656049375686, 2.759633531829906, 4.166813133559027, 5.123254776018854, 6.496936599659874, 7.324542702449075, 2.4723483775552344, 2.502328133958454, 3.0648813696454877, 0.0, 1.765055744162206, 3.0620371388995267, 2.5076305509384746, 2.4899240369939, 3.128636292380436, 4.762381021085986, 4.325319536173021, 4.9893128885649185, 5.306479603277488, 6.996037687863038, 8.333615442291538, 7.171804183746235], [2.1465519187757844, 1.0962648128987813, 2.1632017936383097, 2.7563502915993823, 4.213625162493693, 4.727672456928462, 6.220569880645984, 7.095862463435998, 2.473789113889864, 3.0653988924771274, 2.5027207614913816, 1.765055744162206, 0.0, 2.502901855846529, 3.0673643018070087, 3.0276076050241385, 2.560089180087288, 4.848944492361198, 4.724197331822624, 4.5422099577188195, 4.586227560860887, 6.744962157788581, 8.14907673052598, 6.933180155599593], [2.739627627981584, 2.1522578330674045, 1.095585825026958, 2.1665649009434267, 2.8443126357698443, 2.855269419862161, 4.268200648985471, 4.86830891788925, 3.74322643450807, 3.1015930310084205, 2.5491266288672283, 3.0620371388995267, 2.502901855846529, 0.0, 1.765463842733688, 3.064137873856201, 2.494483010565516, 3.8489428405732395, 3.175622617692474, 2.2750493664973517, 3.079185505941466, 5.060811536700413, 5.949844322333148, 4.534350411029125], [2.7523714538557473, 2.159584816579335, 1.0966922995991173, 2.1612400445114837, 2.7611483426284797, 3.4603256291857853, 4.649933380167935, 5.185616948830679, 3.754975310171826, 2.5617274659885267, 3.1155744719072276, 2.5076305509384746, 3.0673643018070087, 1.765463842733688, 0.0, 2.5253900866994785, 3.067864835679695, 3.725612869045843, 2.5307958017192935, 3.0641923405687184, 4.065513778109724, 5.3779482955863385, 6.189394623062905, 4.883343767338114], [4.136490697439075, 2.712555092528076, 2.1538575649285634, 1.0971713084108607, 2.1433678592346204, 3.481257573061781, 4.6359516617410925, 5.675970566343698, 4.794326940249277, 4.370567256089305, 4.7003373559777595, 2.4899240369939, 3.0276076050241385, 3.064137873856201, 2.5253900866994785, 0.0, 1.7602139813102269, 2.3901392344380277, 2.495790347765613, 3.8435975244554412, 3.7340782865387276, 4.87888972410732, 6.566065416213883, 5.852835259940262], [4.184972844595291, 2.7804679408329815, 2.1633416211962455, 1.096770541179877, 2.1625133063174435, 2.781748419609509, 4.145366252817717, 5.278937466005825, 4.861112429269663, 4.744994128552743, 4.389960459958609, 3.128636292380436, 2.560089180087288, 2.494483010565516, 3.067864835679695, 1.7602139813102269, 0.0, 2.4979369127341866, 3.0676090135478478, 3.1636966242040336, 2.5411061390662137, 4.4215401909289485, 6.229187077781498, 5.462262401239984], [5.961745416402818, 4.658202658751549, 3.481149765522879, 2.1426973001336425, 1.0978015758778996, 2.158360926721942, 2.697067216440851, 3.899160251900401, 6.804478825744114, 6.144121699641048, 6.213220152223805, 4.762381021085986, 4.848944492361198, 3.8489428405732395, 3.725612869045843, 2.3901392344380277, 2.4979369127341866, 0.0, 1.759221162901356, 3.069162897273457, 2.528022834153204, 2.6162193982921234, 4.602684304837776, 4.44593165714454], [5.180917560625724, 4.173190598331209, 2.7819897537553944, 2.1617915209381313, 1.0974093037695642, 2.1658173076231524, 2.769762146827774, 3.5080910834811574, 6.143441290514624, 5.089268892483477, 5.435615374545922, 4.325319536173021, 4.724197331822624, 3.175622617692474, 2.5307958017192935, 2.495790347765613, 3.0676090135478478, 1.759221162901356, 0.0, 2.504908934472469, 3.0720112027790525, 3.228480974080535, 4.331281282715313, 3.693744842297584], [4.976706708255973, 4.2815646952954, 2.848489203068883, 2.837302149930458, 2.1685201613081673, 1.0956918818719066, 2.1428339413029653, 2.633537153715512, 6.009258473389209, 5.140515220286776, 4.7069540480017436, 4.9893128885649185, 4.5422099577188195, 2.2750493664973517, 3.0641923405687184, 3.8435975244554412, 3.1636966242040336, 3.069162897273457, 2.504908934472469, 0.0, 1.7621514520608037, 3.1009522102089866, 3.7156085827223513, 2.438546766006344], [5.712639398736805, 4.681554256868118, 3.473234129741328, 2.770158495465558, 2.164380283129561, 1.0964959735448188, 2.1213094635154013, 3.204772207193516, 6.606420996273247, 6.125920986268105, 5.511735099766678, 5.306479603277488, 4.586227560860887, 3.079185505941466, 4.065513778109724, 3.7340782865387276, 2.5411061390662137, 2.528022834153204, 3.0720112027790525, 1.7621514520608037, 0.0, 2.536611872163339, 4.106660336575208, 3.5248640073058133], [7.676198656236041, 6.609668040832307, 5.20823333866677, 4.268937589143229, 2.8644460581410853, 2.2186293178446914, 1.0883187171045072, 2.0948129677849523, 8.642817869769097, 7.831644091760044, 7.6086260086825135, 6.996037687863038, 6.744962157788581, 5.060811536700413, 5.3779482955863385, 4.87888972410732, 4.4215401909289485, 2.6162193982921234, 3.228480974080535, 3.1009522102089866, 2.536611872163339, 0.0, 2.4211708304041664, 3.075220505914982], [8.552132537560443, 7.827533807017381, 6.311159161358554, 5.861164376640533, 4.43472973359144, 3.4972439348721442, 2.111382125528205, 1.0857180941662532, 9.617086936281693, 8.502552320921057, 8.322536806166736, 8.333615442291538, 8.14907673052598, 5.949844322333148, 6.189394623062905, 6.566065416213883, 6.229187077781498, 4.602684304837776, 4.331281282715313, 3.7156085827223513, 4.106660336575208, 2.4211708304041664, 0.0, 1.8560464083637567], [7.04222847186883, 6.5409468649424145, 5.053225151326625, 5.0136080680483985, 3.848264151536378, 2.7720910104107332, 2.121613619394446, 1.0855549041849517, 8.1242245691512, 6.959634621156487, 6.7138295465404845, 7.171804183746235, 6.933180155599593, 4.534350411029125, 4.883343767338114, 5.852835259940262, 5.462262401239984, 4.44593165714454, 3.693744842297584, 2.438546766006344, 3.5248640073058133, 3.075220505914982, 1.8560464083637567, 0.0]]}