{"total energy": -23.0109219, "HOMO-LUMO gap/eV": 3.6430772, "electronic energy": -23.3053356, "dipole": [0.36810165, -1.04364844, -0.39665687], "partial charges": [-0.10097162, -0.05124024, -0.05744881, -0.05339481, -0.07979587, 0.20731798, -0.32916866, 0.03376927, 0.02990181, 0.03923211, 0.02706596, 0.02895045, 0.02309367, 0.04441804, 0.05470068, 0.0326955, 0.06587684, 0.06301905, 0.02197866], "atomic dipole moments": [[0.04362076, -0.04813625, -0.08208451], [0.06121639, 0.05446644, 0.07634091], [-0.04650038, -0.06866336, 0.08432196], [0.08563091, 0.05100629, -0.08667052], [-0.04510586, 0.06640907, 0.02490837], [-0.06251988, 0.00746837, 0.00937935], [0.08829116, -0.12059635, -0.05382405], [0.0309984, -0.05526395, 0.10909026], [-0.12356671, -0.00885549, -0.00943166], [0.02835768, 0.1242201, 0.00713869], [-0.03208509, -0.11876994, -0.0028341], [-0.04821116, 0.04703328, -0.10084761], [0.03655255, -0.04196766, -0.10697076], [0.02829874, 0.12474276, -0.00505919], [-0.03890804, 0.04634404, 0.11472609], [-0.0305192, -0.11765428, 0.00139421], [0.04837142, -0.08792051, 0.08299456], [0.03615599, -0.03197744, -0.12258338], [0.13411853, 0.01914381, -0.01478099]], "atomic quadrupole moments": [[-0.03658437, -0.06517066, -0.06341728, -0.11086902, 0.12674971, 0.10000165], [0.156547, -0.01698734, -0.15038041, -0.10894949, 0.10999292, -0.00616659], [0.17340942, -0.02941506, -0.15959247, 0.08768638, -0.1159969, -0.01381695], [0.21033924, -0.03437747, -0.14910245, 0.0659216, -0.12608322, -0.06123679], [0.1280418, 0.08069476, 0.06610931, -0.00703289, 0.06380282, -0.19415111], [-0.42727184, -0.07068648, -0.18860976, 0.16976441, -0.29767781, 0.61588161], [-0.13374765, -0.02230626, -0.11260142, 0.06723315, -0.13519601, 0.24634908], [-0.02993067, -0.0322819, -0.00959408, 0.032038, -0.04126023, 0.03952475], [0.0802192, 0.01166838, -0.05087623, 0.01366237, 0.01184506, -0.02934297], [-0.03484931, 0.03700106, 0.06780067, -0.01086006, -0.00065205, -0.03295136], [-0.02402, 0.01059073, 0.05686131, -0.01678489, -0.00704995, -0.03284131], [-0.00646211, -0.02565906, -0.02380083, 0.01230904, -0.03650968, 0.03026293], [-0.00941013, -0.02443027, -0.0221109, -0.01717792, 0.03690695, 0.03152103], [-0.0183806, 0.01432313, 0.04986951, 0.01484262, 0.01378696, -0.03148891], [-0.01594127, -0.01625875, -0.01232012, -0.00992068, 0.03593517, 0.02826139], [-0.01523509, 0.01866102, 0.05487588, 0.01740376, 0.00476988, -0.03964079], [0.00818153, -0.01752942, 0.00121874, 0.02404315, -0.05956408, -0.00940027], [-0.00180755, 0.00436893, -0.05088261, -0.01913952, 0.03140737, 0.05269016], [0.00769737, -0.00788576, 0.05017164, -0.01784554, 0.04376497, -0.05786901]], "number of molecular orbitals": 40, "number of electrons": 42, "number of unpaired electrons": 0, "orbital energies/eV": [-19.35841771, -17.5608913, -16.91970881, -16.53280736, -16.00333224, -15.5513738, -15.22484594, -15.05740773, -14.65187749, -14.18532306, -13.85088111, -13.60474196, -13.36994274, -13.11147222, -12.64350774, -12.47297265, -12.21478291, -11.72225331, -11.57336779, -11.47560513, -10.97663277, -7.33355557, 1.58813476, 1.98031441, 2.68341933, 3.34367688, 3.5590006, 3.72491175, 3.93685434, 4.12634544, 4.81449709, 5.03226215, 5.67840017, 5.9053577, 6.38374558, 6.93007708, 7.25503691, 7.91459573, 8.10997646, 14.45888437], "fractional occupation": [2.0, 2.0, 2.0, 2.0, 2.0, 2.0, 2.0, 2.0, 2.0, 2.0, 2.0, 2.0, 2.0, 2.0, 2.0, 2.0, 2.0, 2.0, 2.0, 2.0, 2.0, 0.0, 0.0, 0.0, 0.0, 0.0, 0.0, 0.0, 0.0, 0.0, 0.0, 0.0, 0.0, 0.0, 0.0, 0.0, 0.0, 0.0, 0.0, 0.0], "program call": "xtb /home/svss/Project-DBcg-Debug/aqme2_20220329/End-to-End-workflows-final/example-3/QDESCP/mol_163_rdkit_conf_8/mol_163_rdkit_conf_8.xyz --pop --wbo --acc 0.2 --gfn 2 --chrg 0 --uhf 0 --etemp 300 --input /home/svss/Project-DBcg-Debug/aqme2_20220329/End-to-End-workflows-final/example-3/QDESCP/mol_163_rdkit_conf_8/mol_163_rdkit_conf_8_xtb.inp", "method": "GFN2-xTB", "xtb version": "6.3.3 (7355c4f)", "Dipole module/D": 2.988, "Total charge": 0, "Transition dipole module/D": NaN, "HOMO": -10.9766, "LUMO": -7.3336, "HOMO occupancy": 2.0, "LUMO occupancy": 0, "mulliken charges": [-0.0847, -0.03806, -0.0482, -0.03579, -0.08248, 0.38603, -0.47391, 0.02742, 0.02717, 0.03381, 0.01975, 0.02437, 0.01854, 0.03843, 0.04241, 0.02392, 0.05421, 0.04834, 0.01875], "cm5 charges": [-0.23516, -0.15048, -0.158, -0.14436, -0.18641, 0.36576, -0.53055, 0.0792, 0.07794, 0.08529, 0.07436, 0.07859, 0.07362, 0.09643, 0.10081, 0.07904, 0.10967, 0.10413, 0.08012], "FUKUI+": [0.01, 0.008, 0.009, 0.024, 0.031, -0.172, -0.336, -0.002, -0.026, -0.002, -0.02, -0.026, -0.019, 0.01, -0.025, -0.059, -0.11, -0.108, -0.187], "FUKUI-": [0.02, 0.008, 0.011, 0.01, -0.001, -0.011, -0.145, -0.077, -0.064, -0.067, -0.087, -0.096, -0.056, -0.067, -0.045, -0.082, -0.068, -0.061, -0.121], "FUKUIrad": [0.015, 0.008, 0.01, 0.017, 0.015, -0.092, -0.24, -0.04, -0.045, -0.034, -0.054, -0.061, -0.037, -0.028, -0.035, -0.071, -0.089, -0.084, -0.154], "s proportion": [1.007, 1.027, 1.032, 1.027, 1.041, 1.057, 1.737, 0.973, 0.973, 0.966, 0.98, 0.976, 0.981, 0.962, 0.958, 0.976, 0.946, 0.952, 0.981], "p proportion": [3.078, 3.011, 3.016, 3.008, 3.041, 2.557, 4.736, 0.0, 0.0, 0.0, 0.0, 0.0, 0.0, 0.0, 0.0, 0.0, 0.0, 0.0, 0.0], "d proportion": [0.0, 0.0, 0.0, 0.0, 0.0, 0.0, 0.0, 0.0, 0.0, 0.0, 0.0, 0.0, 0.0, 0.0, 0.0, 0.0, 0.0, 0.0, 0.0], "Fermi-level/eV": -9.1551, "Coordination numbers": [3.749, 3.799, 3.8, 3.8, 3.801, 2.756, 0.856, 0.924, 0.924, 0.924, 0.924, 0.924, 0.924, 0.924, 0.924, 0.924, 0.924, 0.924, 0.923], "Dispersion coefficient C6": [22.494, 21.495, 21.608, 21.534, 22.023, 23.6, 20.316, 2.534, 2.588, 2.459, 2.629, 2.602, 2.687, 2.391, 2.262, 2.549, 2.132, 2.164, 2.704], "Total dispersion C6": 2649.951847, "Total dispersion C8": 56223.545096, "Polarizability alpha": [6.764, 6.601, 6.618, 6.607, 6.681, 7.955, 6.043, 2.489, 2.516, 2.452, 2.535, 2.522, 2.563, 2.418, 2.352, 2.497, 2.283, 2.301, 2.572], "Total polarizability alpha": 76.771661, "Wiberg matrix": [[0.0, 1.02119626240824, 0.0, 0.0, 0.0, 0.0, 0.0, 0.9860728348840346, 0.9873004327384954, 0.9869840858852844, 0.0, 0.0, 0.0, 0.0, 0.0, 0.0, 0.0, 0.0, 0.0], [1.02119626240824, 0.0, 1.0071437156127419, 0.0, 0.0, 0.0, 0.0, 0.0, 0.0, 0.0, 0.9778494531587206, 0.9780596018372518, 0.0, 0.0, 0.0, 0.0, 0.0, 0.0, 0.0], [0.0, 1.0071437156127419, 0.0, 1.0083357562121669, 0.0, 0.0, 0.0, 0.0, 0.0, 0.0, 0.0, 0.0, 0.977241560105842, 0.9760848136855781, 0.0, 0.0, 0.0, 0.0, 0.0], [0.0, 0.0, 1.0083357562121669, 0.0, 1.0067276421798974, 0.0, 0.0, 0.0, 0.0, 0.0, 0.0, 0.0, 0.0, 0.0, 0.9725023069822243, 0.9766583222421077, 0.0, 0.0, 0.0], [0.0, 0.0, 0.0, 1.0067276421798974, 0.0, 1.0163409276600612, 0.0, 0.0, 0.0, 0.0, 0.0, 0.0, 0.0, 0.0, 0.0, 0.0, 0.9403928522011189, 0.9477315350667137, 0.0], [0.0, 0.0, 0.0, 0.0, 1.0163409276600612, 0.0, 1.9148305627452298, 0.0, 0.0, 0.0, 0.0, 0.0, 0.0, 0.0, 0.0, 0.0, 0.0, 0.0, 0.9378904850861562], [0.0, 0.0, 0.0, 0.0, 0.0, 1.9148305627452298, 0.0, 0.0, 0.0, 0.0, 0.0, 0.0, 0.0, 0.0, 0.0, 0.0, 0.0, 0.0, 0.0], [0.9860728348840346, 0.0, 0.0, 0.0, 0.0, 0.0, 0.0, 0.0, 0.0, 0.0, 0.0, 0.0, 0.0, 0.0, 0.0, 0.0, 0.0, 0.0, 0.0], [0.9873004327384954, 0.0, 0.0, 0.0, 0.0, 0.0, 0.0, 0.0, 0.0, 0.0, 0.0, 0.0, 0.0, 0.0, 0.0, 0.0, 0.0, 0.0, 0.0], [0.9869840858852844, 0.0, 0.0, 0.0, 0.0, 0.0, 0.0, 0.0, 0.0, 0.0, 0.0, 0.0, 0.0, 0.0, 0.0, 0.0, 0.0, 0.0, 0.0], [0.0, 0.9778494531587206, 0.0, 0.0, 0.0, 0.0, 0.0, 0.0, 0.0, 0.0, 0.0, 0.0, 0.0, 0.0, 0.0, 0.0, 0.0, 0.0, 0.0], [0.0, 0.9780596018372518, 0.0, 0.0, 0.0, 0.0, 0.0, 0.0, 0.0, 0.0, 0.0, 0.0, 0.0, 0.0, 0.0, 0.0, 0.0, 0.0, 0.0], [0.0, 0.0, 0.977241560105842, 0.0, 0.0, 0.0, 0.0, 0.0, 0.0, 0.0, 0.0, 0.0, 0.0, 0.0, 0.0, 0.0, 0.0, 0.0, 0.0], [0.0, 0.0, 0.9760848136855781, 0.0, 0.0, 0.0, 0.0, 0.0, 0.0, 0.0, 0.0, 0.0, 0.0, 0.0, 0.0, 0.0, 0.0, 0.0, 0.0], [0.0, 0.0, 0.0, 0.9725023069822243, 0.0, 0.0, 0.0, 0.0, 0.0, 0.0, 0.0, 0.0, 0.0, 0.0, 0.0, 0.0, 0.0, 0.0, 0.0], [0.0, 0.0, 0.0, 0.9766583222421077, 0.0, 0.0, 0.0, 0.0, 0.0, 0.0, 0.0, 0.0, 0.0, 0.0, 0.0, 0.0, 0.0, 0.0, 0.0], [0.0, 0.0, 0.0, 0.0, 0.9403928522011189, 0.0, 0.0, 0.0, 0.0, 0.0, 0.0, 0.0, 0.0, 0.0, 0.0, 0.0, 0.0, 0.0, 0.0], [0.0, 0.0, 0.0, 0.0, 0.9477315350667137, 0.0, 0.0, 0.0, 0.0, 0.0, 0.0, 0.0, 0.0, 0.0, 0.0, 0.0, 0.0, 0.0, 0.0], [0.0, 0.0, 0.0, 0.0, 0.0, 0.9378904850861562, 0.0, 0.0, 0.0, 0.0, 0.0, 0.0, 0.0, 0.0, 0.0, 0.0, 0.0, 0.0, 0.0]], "Born radii": [], "Atomic SASAs": [], "Solvent H bonds": [], "Total SASA": NaN, "Total FOD": 0.0, "FOD": [0.0, 0.0, 0.0, 0.0, 0.0, 0.0, 0.0, 0.0, 0.0, 0.0, 0.0, 0.0, 0.0, 0.0, 0.0, 0.0, 0.0, 0.0, 0.0], "FOD s proportion": [0.0, 0.0, 0.0, 0.0, 0.0, 0.0, 0.0, 0.0, 0.0, 0.0, 0.0, 0.0, 0.0, 0.0, 0.0, 0.0, 0.0, 0.0, 0.0], "FOD p proportion": [0.0, 0.0, 0.0, 0.0, 0.0, 0.0, 0.0, 0.0, 0.0, 0.0, 0.0, 0.0, 0.0, 0.0, 0.0, 0.0, 0.0, 0.0, 0.0], "FOD d proportion": [0.0, 0.0, 0.0, 0.0, 0.0, 0.0, 0.0, 0.0, 0.0, 0.0, 0.0, 0.0, 0.0, 0.0, 0.0, 0.0, 0.0, 0.0, 0.0], "coordinates": [["-2.39030", "0.51430", "0.30770"], ["-1.73580", "-0.15470", "-0.89110"], ["-0.21590", "0.02170", "-0.93390"], ["0.50780", "-0.68990", "0.21440"], ["2.02710", "-0.60530", "0.08460"], ["2.59710", "0.75330", "0.42020"], ["1.94750", "1.70150", "0.84710"], ["-2.09160", "0.03830", "1.24600"], ["-3.47980", "0.43880", "0.23090"], ["-2.12720", "1.57560", "0.35790"], ["-1.98900", "-1.22120", "-0.89780"], ["-2.16070", "0.27720", "-1.80510"], ["0.14710", "-0.38030", "-1.88800"], ["0.02520", "1.09090", "-0.93160"], ["0.19530", "-0.27410", "1.17860"], ["0.21870", "-1.74800", "0.21160"], ["2.49120", "-1.31820", "0.77530"], ["2.34620", "-0.86690", "-0.92980"], ["3.68710", "0.84680", "0.27330"]], "bond_dist": [[0.0, 1.5208723450704202, 2.551909222523403, 3.139711155504595, 4.562532249749036, 4.994390454299704, 4.529559033725027, 1.0937113787466965, 1.0948099104410776, 1.09457724259186, 2.150867776038313, 2.138423814401626, 3.4727231980104607, 2.7754229047120007, 2.839959283158827, 3.454579207370993, 5.235049976838808, 5.08660514881979, 6.086586101420073], [1.5208723450704202, 0.0, 1.5307007578230305, 2.5577940202447884, 3.913367764470904, 4.6171413342023655, 4.475881652814337, 2.1750951818253843, 2.15700307139327, 2.169592830463818, 1.0961648507409822, 1.0965735816624436, 2.1424325847036587, 2.1573781796430596, 2.833206956789426, 2.7522031956234625, 4.690218567401737, 4.143844896952587, 5.636193220605554], [2.551909222523403, 1.5307007578230305, 0.0, 1.5325498817330545, 2.541952055015987, 3.2065237204798596, 3.2671070689525927, 2.875845972926923, 3.490526415886291, 2.781442097186278, 2.1656378344497034, 2.1462797417857717, 1.0971234251441357, 1.0960488766473873, 2.1723810278125706, 2.1524138774873203, 3.4706032703263565, 2.7118228518839502, 4.167916847778995], [3.139711155504595, 2.5577940202447884, 1.5325498817330545, 0.0, 1.5271796521693184, 2.547617390818331, 2.8621389449151486, 2.889870959056823, 4.14429604396211, 3.477974626129409, 2.784471003619898, 3.483468804223744, 2.155468025742901, 2.171973158213517, 1.0955489628492192, 1.0968875329768317, 2.1548190782522787, 2.172610687629056, 3.5316942945277696], [4.562532249749036, 3.913367764470904, 2.541952055015987, 1.5271796521693184, 0.0, 1.511066285773063, 2.4308575955822667, 4.3274427333010435, 5.6069150261083855, 4.699917679066305, 4.180131789788451, 4.678401562499738, 2.7342596365378324, 2.8137804622962324, 2.159171294733236, 2.142942568059163, 1.0957562274520736, 1.0951103734327423, 2.2135496606130163], [4.994390454299704, 4.6171413342023655, 3.2065237204798596, 2.547617390818331, 1.511066285773063, 0.0, 1.2260942092677871, 4.814257817151051, 6.087976539869385, 4.795734466168868, 5.164115360833838, 5.27402049104855, 3.5518074553669154, 2.9250652317512515, 2.7201773030447853, 3.457860929823523, 2.104381873615148, 2.1237935045573524, 1.103821480131638], [4.529559033725027, 4.475881652814337, 3.2671070689525927, 2.8621389449151486, 2.4308575955822667, 1.2260942092677871, 0.0, 4.386306448482595, 5.606219672827671, 4.1058918081215925, 5.204121784701046, 5.093142700730071, 3.880219505388838, 2.689208682865649, 2.661407982628744, 3.9104552087960296, 3.0690964500973252, 3.148493903440183, 2.0213774239364604], [1.0937113787466965, 2.1750951818253843, 2.875845972926923, 2.889870959056823, 4.3274427333010435, 4.814257817151051, 4.386306448482595, 0.0, 1.765765414770603, 1.7757478030396094, 2.488522744521336, 3.0612185857922656, 3.8741398593752394, 3.2141485279930673, 2.30912280530941, 3.098118322466074, 4.802468800523331, 5.024695166873309, 5.91550430901711], [1.0948099104410776, 2.15700307139327, 3.490526415886291, 4.14429604396211, 5.6069150261083855, 6.087976539869385, 5.606219672827671, 1.765765414770603, 0.0, 1.771431624421332, 2.500409632440253, 2.4313443544672975, 4.279610453066961, 3.7498887530165477, 3.8616993293108672, 4.296669521850616, 6.247900556186854, 6.0822983304011, 7.178629212461109], [1.09457724259186, 2.169592830463818, 2.781442097186278, 3.477974626129409, 4.699917679066305, 4.795734466168868, 4.1058918081215925, 1.7757478030396094, 1.771431624421332, 0.0, 3.0688714489205964, 2.523000953230101, 3.747272622855188, 2.555498014086491, 3.0804130940508614, 4.070745319962918, 5.466069864171149, 5.2569273439909745, 5.860408781817187], [2.150867776038313, 1.0961648507409822, 2.1656378344497034, 2.784471003619898, 4.180131789788451, 5.164115360833838, 5.204121784701046, 2.488522744521336, 2.500409632440253, 3.0688714489205964, 0.0, 1.7600786175622951, 2.5001064097353933, 3.0665861295584054, 3.159050784650351, 2.526306768783237, 4.7833946784684205, 4.349771434225022, 6.153552666549625], [2.138423814401626, 1.0965735816624436, 2.1462797417857717, 3.483468804223744, 4.678401562499738, 5.27402049104855, 5.093142700730071, 3.0612185857922656, 2.4313443544672975, 2.523000953230101, 1.7600786175622951, 0.0, 2.4010663256145173, 2.4906362139019818, 3.841501448652597, 3.7188786334055055, 5.553731982189993, 4.731517992145861, 6.232251243330936], [3.4727231980104607, 2.1424325847036587, 1.0971234251441357, 2.155468025742901, 2.7342596365378324, 3.5518074553669154, 3.880219505388838, 3.8741398593752394, 4.279610453066961, 3.747272622855188, 2.5001064097353933, 2.4010663256145173, 0.0, 1.7589741356825006, 3.06881691210147, 2.5068007519545703, 3.6698267138926326, 2.447645319485648, 4.325343003739704], [2.7754229047120007, 2.1573781796430596, 1.0960488766473873, 2.171973158213517, 2.8137804622962324, 2.9250652317512515, 2.689208682865649, 3.2141485279930673, 3.7498887530165477, 2.555498014086491, 3.0665861295584054, 2.4906362139019818, 1.7589741356825006, 0.0, 2.5189487986062753, 3.0665455646378383, 3.846872290575813, 3.0364494199640477, 3.8627555488278054], [2.839959283158827, 2.833206956789426, 2.1723810278125706, 1.0955489628492192, 2.159171294733236, 2.7201773030447853, 2.661407982628744, 2.30912280530941, 3.8616993293108672, 3.0804130940508614, 3.159050784650351, 3.841501448652597, 3.06881691210147, 2.5189487986062753, 0.0, 1.7629571095179826, 2.5542029108902056, 3.069712235698975, 3.77738694602499], [3.454579207370993, 2.7522031956234625, 2.1524138774873203, 1.0968875329768317, 2.142942568059163, 3.457860929823523, 3.9104552087960296, 3.098118322466074, 4.296669521850616, 4.070745319962918, 2.526306768783237, 3.7188786334055055, 2.5068007519545703, 3.0665455646378383, 1.7629571095179826, 0.0, 2.3804919617591653, 2.570094827044325, 4.332042530954654], [5.235049976838808, 4.690218567401737, 3.4706032703263565, 2.1548190782522787, 1.0957562274520736, 2.104381873615148, 3.0690964500973252, 4.802468800523331, 6.247900556186854, 5.466069864171149, 4.7833946784684205, 5.553731982189993, 3.6698267138926326, 3.846872290575813, 2.5542029108902056, 2.3804919617591653, 0.0, 1.7697634587706912, 2.523768176754751], [5.08660514881979, 4.143844896952587, 2.7118228518839502, 2.172610687629056, 1.0951103734327423, 2.1237935045573524, 3.148493903440183, 5.024695166873309, 6.0822983304011, 5.2569273439909745, 4.349771434225022, 4.731517992145861, 2.447645319485648, 3.0364494199640477, 3.069712235698975, 2.570094827044325, 1.7697634587706912, 0.0, 2.4864090793753144], [6.086586101420073, 5.636193220605554, 4.167916847778995, 3.5316942945277696, 2.2135496606130163, 1.103821480131638, 2.0213774239364604, 5.91550430901711, 7.178629212461109, 5.860408781817187, 6.153552666549625, 6.232251243330936, 4.325343003739704, 3.8627555488278054, 3.77738694602499, 4.332042530954654, 2.523768176754751, 2.4864090793753144, 0.0]]}