{"total energy": -46.96728167, "HOMO-LUMO gap/eV": 3.9956842, "electronic energy": -47.48760207, "dipole": [4.581e-05, 9.394e-05, -8.53e-06], "partial charges": [-0.15229862, 0.09999449, -0.04074659, -0.0250826, -0.04074874, 0.09999956, -0.1523213, 0.00952693, 0.00952603, 0.09999893, -0.15227235, -0.0407616, -0.025087, -0.04075299, 0.10000273, -0.15230152, 0.06932415, 0.06301381, 0.06932709, 0.06932374, 0.06301244, 0.06932341], "atomic dipole moments": [[-0.03315141, 0.01200094, -0.04604593], [-0.1154645, 0.05183966, -0.19457238], [-0.04832951, -0.00499583, 0.00927242], [-0.02132448, -0.00037107, -0.0022087], [-0.04553778, 0.00348036, -0.01900372], [-0.15122397, -0.05623556, 0.16685073], [-0.04151588, -0.01324098, 0.03836801], [-0.05425413, -0.00087064, -0.00561306], [0.05423499, 0.00087475, 0.00562264], [0.12488638, 0.18377527, 0.06730103], [0.0352489, 0.04292854, 0.01633649], [0.04760396, -0.01341123, 0.00068332], [0.02130646, 0.00036114, 0.00220198], [0.04627284, 0.01496391, 0.00907264], [0.14187115, -0.17938846, -0.03960935], [0.03928764, -0.04172784, -0.00857904], [0.09486357, 0.0388037, -0.11668993], [0.15214963, 0.00250959, 0.01580158], [0.07012579, -0.03610676, 0.13379547], [-0.08842559, 0.12446582, 0.02848454], [-0.15214998, -0.00251813, -0.01578448], [-0.0765729, -0.12718473, -0.0456189]], "atomic quadrupole moments": [[-0.14345533, -0.06532477, -0.16470835, 0.23136092, -0.13952769, 0.30816368], [-0.3687074, -0.09539207, 0.26995594, 0.21828486, 0.06781683, 0.09875145], [-0.2571609, -0.04017086, 0.44723119, 0.01403228, 0.20671776, -0.19007029], [-0.30304077, -0.0348809, 0.48042952, -0.01677744, 0.21164034, -0.17738876], [-0.24781704, -0.02584585, 0.4477074, -0.03313491, 0.20739931, -0.19989036], [-0.26581274, 0.06100251, 0.27505126, -0.29671669, 0.0754678, -0.00923853], [-0.03748298, 0.09571916, -0.15947093, -0.29881355, -0.13168383, 0.1969539], [-0.08437905, -0.02930157, 0.36744521, 0.01730424, 0.21098013, -0.28306616], [-0.0789829, 0.02520347, -0.28447279, -0.04290835, -0.21139313, 0.36345569], [-0.33996857, 0.26270694, 0.05741818, 0.01579762, -0.04487504, 0.28255039], [-0.11919956, 0.24912779, 0.26456393, 0.08275573, 0.16436819, -0.14536437], [-0.24953372, 0.04456685, -0.19281155, -0.06176672, -0.20573252, 0.44234527], [-0.29767607, 0.01995686, -0.1753276, -0.07727511, -0.21317886, 0.47300367], [-0.2449346, -0.00326837, -0.19446168, -0.07563786, -0.21094498, 0.43939628], [-0.29086632, -0.25967825, 0.04027285, -0.13549878, -0.10165908, 0.25059347], [-0.06864226, -0.28866047, 0.24693097, -0.07304503, 0.10589459, -0.17828871], [0.02438944, 0.00143401, -0.05412026, 0.00891576, -0.02658466, 0.02973082], [0.02628312, 0.00440609, -0.058213, -0.00010189, -0.02912181, 0.03192987], [0.02782426, 0.00670439, -0.05394722, -0.00842015, -0.02632962, 0.02612296], [0.02458319, 0.00600723, 0.0281682, 0.01036383, 0.02755059, -0.0527514], [0.02554821, -0.00314806, 0.03188619, 0.00821547, 0.02925072, -0.0574344], [0.02626593, -0.01157037, 0.02757076, 0.00526392, 0.02563161, -0.05383669]], "number of molecular orbitals": 90, "number of electrons": 82, "number of unpaired electrons": 0, "orbital energies/eV": [-28.97079646, -28.97070591, -28.96963196, -28.96858999, -18.63567202, -18.52655058, -17.94944656, -17.55535986, -17.55524163, -17.43310268, -16.70249736, -16.41023797, -16.41022516, -16.18153776, -15.31397351, -14.88313629, -14.78401193, -14.78399999, -14.41052279, -14.12751301, -14.02576799, -14.02572716, -13.88422781, -13.88422435, -13.84663406, -13.0256137, -13.01093147, -12.92685228, -12.61805256, -12.61801085, -12.59817455, -12.23065798, -12.23064239, -11.73638079, -11.64145599, -11.64142286, -11.5999514, -11.29863927, -11.29861616, -11.07067174, -11.05936541, -7.06368121, -7.06346436, -7.02236045, -6.99615184, -4.53396958, -4.45030125, -3.82759279, -3.82737321, -3.60372974, -3.60334769, 0.02600288, 0.07282668, 0.20385747, 0.20399935, 0.28617374, 0.2878654, 0.2886741, 0.2894767, 0.28954237, 0.28984454, 0.29392789, 0.29399555, 0.56984222, 0.57674212, 0.66577621, 0.66578144, 1.18673392, 3.01199708, 3.13144321, 3.13494593, 3.46595383, 3.62753327, 3.62845063, 4.30312908, 4.37285445, 4.52096103, 4.52151476, 7.95240437, 8.850589, 8.85084213, 10.19155893, 10.57051701, 10.57117097, 11.0506026, 11.07852266, 15.28781718, 15.31336815, 15.3141578, 16.29643477], "fractional occupation": [2.0, 2.0, 2.0, 2.0, 2.0, 2.0, 2.0, 2.0, 2.0, 2.0, 2.0, 2.0, 2.0, 2.0, 2.0, 2.0, 2.0, 2.0, 2.0, 2.0, 2.0, 2.0, 2.0, 2.0, 2.0, 2.0, 2.0, 2.0, 2.0, 2.0, 2.0, 2.0, 2.0, 2.0, 2.0, 2.0, 2.0, 2.0, 2.0, 2.0, 2.0, 0.0, 0.0, 0.0, 0.0, 0.0, 0.0, 0.0, 0.0, 0.0, 0.0, 0.0, 0.0, 0.0, 0.0, 0.0, 0.0, 0.0, 0.0, 0.0, 0.0, 0.0, 0.0, 0.0, 0.0, 0.0, 0.0, 0.0, 0.0, 0.0, 0.0, 0.0, 0.0, 0.0, 0.0, 0.0, 0.0, 0.0, 0.0, 0.0, 0.0, 0.0, 0.0, 0.0, 0.0, 0.0, 0.0, 0.0, 0.0, 0.0], "program call": "xtb /home/svss/Project-DBcg-Debug/aqme2_20220329/End-to-End-workflows-final/example-3/QDESCP/mol_971_rdkit_conf_1/mol_971_rdkit_conf_1.xyz --pop --wbo --acc 0.2 --gfn 2 --chrg 0 --uhf 0 --etemp 300 --input /home/svss/Project-DBcg-Debug/aqme2_20220329/End-to-End-workflows-final/example-3/QDESCP/mol_971_rdkit_conf_1/mol_971_rdkit_conf_1_xtb.inp", "method": "GFN2-xTB", "xtb version": "6.3.3 (7355c4f)", "Dipole module/D": 0.0, "Total charge": 0, "Transition dipole module/D": NaN, "HOMO": -11.0594, "LUMO": -7.0637, "HOMO occupancy": 2.0, "LUMO occupancy": 0, "mulliken charges": [-0.10706, 0.11169, -0.05189, -0.015, -0.0519, 0.1117, -0.10709, -0.0252, -0.0252, 0.1117, -0.10703, -0.05191, -0.015, -0.0519, 0.1117, -0.10707, 0.04634, 0.04204, 0.04634, 0.04634, 0.04204, 0.04634], "cm5 charges": [-0.10809, 0.10792, -0.10354, -0.07007, -0.10355, 0.10792, -0.10811, -0.0256, -0.0256, 0.10792, -0.10806, -0.10357, -0.07007, -0.10355, 0.10793, -0.10809, 0.10287, 0.09737, 0.10287, 0.10287, 0.09737, 0.10287], "FUKUI+": [-0.081, -0.028, -0.029, -0.031, -0.029, -0.028, -0.081, -0.024, -0.024, -0.028, -0.081, -0.029, -0.031, -0.029, -0.028, -0.081, -0.056, -0.059, -0.056, -0.056, -0.059, -0.056], "FUKUI-": [-0.136, -0.01, -0.028, -0.015, -0.028, -0.01, -0.136, -0.0, -0.0, -0.01, -0.136, -0.028, -0.015, -0.028, -0.01, -0.136, -0.045, -0.047, -0.045, -0.045, -0.047, -0.045], "FUKUIrad": [-0.109, -0.019, -0.029, -0.023, -0.029, -0.019, -0.109, -0.012, -0.012, -0.019, -0.109, -0.029, -0.023, -0.029, -0.019, -0.109, -0.05, -0.053, -0.05, -0.05, -0.053, -0.05], "s proportion": [1.946, 1.085, 1.062, 1.06, 1.062, 1.085, 1.946, 1.078, 1.078, 1.085, 1.946, 1.062, 1.06, 1.062, 1.085, 1.946, 0.954, 0.958, 0.954, 0.954, 0.958, 0.954], "p proportion": [5.172, 2.804, 2.99, 2.955, 2.99, 2.804, 5.172, 2.947, 2.947, 2.804, 5.172, 2.99, 2.955, 2.99, 2.804, 5.172, 0.0, 0.0, 0.0, 0.0, 0.0, 0.0], "d proportion": [-0.01, 0.0, 0.0, 0.0, 0.0, 0.0, -0.01, 0.0, 0.0, 0.0, -0.01, 0.0, 0.0, 0.0, 0.0, -0.01, 0.0, 0.0, 0.0, 0.0, 0.0, 0.0], "Fermi-level/eV": -9.0615, "Coordination numbers": [0.958, 2.881, 2.954, 2.911, 2.954, 2.881, 0.958, 3.006, 3.006, 2.881, 0.958, 2.954, 2.91, 2.954, 2.881, 0.958, 0.925, 0.925, 0.925, 0.925, 0.925, 0.925], "Dispersion coefficient C6": [103.919, 25.782, 29.011, 28.629, 29.011, 25.782, 103.92, 27.79, 27.79, 25.782, 103.918, 29.011, 28.629, 29.011, 25.782, 103.919, 2.093, 2.164, 2.093, 2.093, 2.164, 2.093], "Total dispersion C6": 12672.657048, "Total dispersion C8": 400571.911507, "Polarizability alpha": [15.596, 8.324, 8.834, 8.774, 8.834, 8.324, 15.596, 8.647, 8.647, 8.324, 15.596, 8.834, 8.774, 8.834, 8.324, 15.596, 2.262, 2.3, 2.262, 2.262, 2.3, 2.262], "Total polarizability alpha": 179.510032, "Wiberg matrix": [[0.0, 0.9896868100602232, 0.0, 0.0, 0.0, 0.0, 0.0, 0.0, 0.0, 0.0, 0.0, 0.0, 0.0, 0.0, 0.0, 0.0, 0.0, 0.0, 0.0, 0.0, 0.0, 0.0], [0.9896868100602232, 0.0, 1.399595852121261, 0.0, 0.0, 0.0, 0.0, 1.3646762839446531, 0.0, 0.0, 0.0, 0.0, 0.0, 0.0, 0.0, 0.0, 0.0, 0.0, 0.0, 0.0, 0.0, 0.0], [0.0, 1.399595852121261, 0.0, 1.4372215487714104, 0.0, 0.0, 0.0, 0.0, 0.0, 0.0, 0.0, 0.0, 0.0, 0.0, 0.0, 0.0, 0.9654437370840738, 0.0, 0.0, 0.0, 0.0, 0.0], [0.0, 0.0, 1.4372215487714104, 0.0, 1.4370702519671987, 0.0, 0.0, 0.10214173265481755, 0.0, 0.0, 0.0, 0.0, 0.0, 0.0, 0.0, 0.0, 0.0, 0.9667144371419104, 0.0, 0.0, 0.0, 0.0], [0.0, 0.0, 0.0, 1.4370702519671987, 0.0, 1.399716264622855, 0.0, 0.0, 0.0, 0.0, 0.0, 0.0, 0.0, 0.0, 0.0, 0.0, 0.0, 0.0, 0.9654461089767732, 0.0, 0.0, 0.0], [0.0, 0.0, 0.0, 0.0, 1.399716264622855, 0.0, 0.9896553227256313, 1.3646145680074082, 0.0, 0.0, 0.0, 0.0, 0.0, 0.0, 0.0, 0.0, 0.0, 0.0, 0.0, 0.0, 0.0, 0.0], [0.0, 0.0, 0.0, 0.0, 0.0, 0.9896553227256313, 0.0, 0.0, 0.0, 0.0, 0.0, 0.0, 0.0, 0.0, 0.0, 0.0, 0.0, 0.0, 0.0, 0.0, 0.0, 0.0], [0.0, 1.3646762839446531, 0.0, 0.10214173265481755, 0.0, 1.3646145680074082, 0.0, 0.0, 1.0107244617504918, 0.0, 0.0, 0.0, 0.0, 0.0, 0.0, 0.0, 0.0, 0.0, 0.0, 0.0, 0.0, 0.0], [0.0, 0.0, 0.0, 0.0, 0.0, 0.0, 0.0, 1.0107244617504918, 0.0, 1.3645801299619933, 0.0, 0.0, 0.10212130716124242, 0.0, 1.3647264733892535, 0.0, 0.0, 0.0, 0.0, 0.0, 0.0, 0.0], [0.0, 0.0, 0.0, 0.0, 0.0, 0.0, 0.0, 0.0, 1.3645801299619933, 0.0, 0.9897210050874026, 1.3996627697107573, 0.0, 0.0, 0.0, 0.0, 0.0, 0.0, 0.0, 0.0, 0.0, 0.0], [0.0, 0.0, 0.0, 0.0, 0.0, 0.0, 0.0, 0.0, 0.0, 0.9897210050874026, 0.0, 0.0, 0.0, 0.0, 0.0, 0.0, 0.0, 0.0, 0.0, 0.0, 0.0, 0.0], [0.0, 0.0, 0.0, 0.0, 0.0, 0.0, 0.0, 0.0, 0.0, 1.3996627697107573, 0.0, 0.0, 1.4370978308574975, 0.0, 0.0, 0.0, 0.0, 0.0, 0.0, 0.9654533448082065, 0.0, 0.0], [0.0, 0.0, 0.0, 0.0, 0.0, 0.0, 0.0, 0.0, 0.10212130716124242, 0.0, 0.0, 1.4370978308574975, 0.0, 1.4372231297298095, 0.0, 0.0, 0.0, 0.0, 0.0, 0.0, 0.966715708915821, 0.0], [0.0, 0.0, 0.0, 0.0, 0.0, 0.0, 0.0, 0.0, 0.0, 0.0, 0.0, 0.0, 1.4372231297298095, 0.0, 1.399565616212917, 0.0, 0.0, 0.0, 0.0, 0.0, 0.0, 0.9654470681801195], [0.0, 0.0, 0.0, 0.0, 0.0, 0.0, 0.0, 0.0, 1.3647264733892535, 0.0, 0.0, 0.0, 0.0, 1.399565616212917, 0.0, 0.9896815980188177, 0.0, 0.0, 0.0, 0.0, 0.0, 0.0], [0.0, 0.0, 0.0, 0.0, 0.0, 0.0, 0.0, 0.0, 0.0, 0.0, 0.0, 0.0, 0.0, 0.0, 0.9896815980188177, 0.0, 0.0, 0.0, 0.0, 0.0, 0.0, 0.0], [0.0, 0.0, 0.9654437370840738, 0.0, 0.0, 0.0, 0.0, 0.0, 0.0, 0.0, 0.0, 0.0, 0.0, 0.0, 0.0, 0.0, 0.0, 0.0, 0.0, 0.0, 0.0, 0.0], [0.0, 0.0, 0.0, 0.9667144371419104, 0.0, 0.0, 0.0, 0.0, 0.0, 0.0, 0.0, 0.0, 0.0, 0.0, 0.0, 0.0, 0.0, 0.0, 0.0, 0.0, 0.0, 0.0], [0.0, 0.0, 0.0, 0.0, 0.9654461089767732, 0.0, 0.0, 0.0, 0.0, 0.0, 0.0, 0.0, 0.0, 0.0, 0.0, 0.0, 0.0, 0.0, 0.0, 0.0, 0.0, 0.0], [0.0, 0.0, 0.0, 0.0, 0.0, 0.0, 0.0, 0.0, 0.0, 0.0, 0.0, 0.9654533448082065, 0.0, 0.0, 0.0, 0.0, 0.0, 0.0, 0.0, 0.0, 0.0, 0.0], [0.0, 0.0, 0.0, 0.0, 0.0, 0.0, 0.0, 0.0, 0.0, 0.0, 0.0, 0.0, 0.966715708915821, 0.0, 0.0, 0.0, 0.0, 0.0, 0.0, 0.0, 0.0, 0.0], [0.0, 0.0, 0.0, 0.0, 0.0, 0.0, 0.0, 0.0, 0.0, 0.0, 0.0, 0.0, 0.0, 0.9654470681801195, 0.0, 0.0, 0.0, 0.0, 0.0, 0.0, 0.0, 0.0]], "Born radii": [], "Atomic SASAs": [], "Solvent H bonds": [], "Total SASA": NaN, "Total FOD": 0.0, "FOD": [0.0, 0.0, 0.0, 0.0, 0.0, 0.0, 0.0, 0.0, 0.0, 0.0, 0.0, 0.0, 0.0, 0.0, 0.0, 0.0, 0.0, 0.0, 0.0, 0.0, 0.0, 0.0], "FOD s proportion": [0.0, 0.0, 0.0, 0.0, 0.0, 0.0, 0.0, 0.0, 0.0, 0.0, 0.0, 0.0, 0.0, 0.0, 0.0, 0.0, 0.0, 0.0, 0.0, 0.0, 0.0, 0.0], "FOD p proportion": [0.0, 0.0, 0.0, 0.0, 0.0, 0.0, 0.0, 0.0, 0.0, 0.0, 0.0, 0.0, 0.0, 0.0, 0.0, 0.0, 0.0, 0.0, 0.0, 0.0, 0.0, 0.0], "FOD d proportion": [0.0, 0.0, 0.0, 0.0, 0.0, 0.0, 0.0, 0.0, 0.0, 0.0, 0.0, 0.0, 0.0, 0.0, 0.0, 0.0, 0.0, 0.0, 0.0, 0.0, 0.0, 0.0], "coordinates": [["0.93960", "0.79490", "-2.55050"], ["1.57840", "0.36760", "-0.99710"], ["2.97050", "0.39010", "-0.85130"], ["3.55280", "0.05830", "0.36880"], ["2.74340", "-0.29630", "1.44450"], ["1.35110", "-0.31960", "1.30120"], ["0.42110", "-0.77260", "2.69180"], ["0.73580", "0.01210", "0.07640"], ["-0.73580", "-0.01210", "-0.07640"], ["-1.51890", "1.13060", "0.18780"], ["-0.80410", "2.62240", "0.70460"], ["-2.91110", "1.10650", "0.04290"], ["-3.55280", "-0.05830", "-0.36880"], ["-2.80280", "-1.20020", "-0.63600"], ["-1.41050", "-1.17860", "-0.49190"], ["-0.55670", "-2.64470", "-0.84580"], ["3.60560", "0.66680", "-1.69000"], ["4.63420", "0.07610", "0.48110"], ["3.20150", "-0.55510", "2.39660"], ["-3.50000", "1.99710", "0.25100"], ["-4.63420", "-0.07610", "-0.48100"], ["-3.30710", "-2.10880", "-0.95760"]], "bond_dist": [[0.0, 1.733119237098244, 2.6787494265048384, 3.9866911455491505, 4.517127060422365, 4.030761142761997, 5.4961448115929405, 2.7486203611994147, 3.095058152927017, 3.6952947960886693, 4.1201846985299095, 4.65303219524645, 5.066500063159972, 4.653094886202085, 3.6953357384681573, 4.12016552337403, 2.804358368682576, 4.83294332265546, 5.604684649469585, 5.385511605223779, 6.009052977799414, 5.385467945313573], [1.733119237098244, 0.0, 1.3998951032130942, 2.4206620292804195, 2.785569738850564, 2.4095833706265486, 4.030804205118379, 1.4102330516620294, 2.519401162975043, 3.4028553157605743, 3.695431257647746, 4.667245810968177, 5.18703818570868, 4.667258669711804, 3.4028641891794624, 3.6953342189847995, 2.1631391286738815, 3.4070458068537905, 3.873374315761388, 5.47751498583071, 6.249770208575672, 5.477428909625392], [2.6787494265048384, 1.3998951032130942, 0.0, 1.392051917135277, 2.406951808823766, 2.7855675723270474, 4.517174920234991, 2.4489580192400195, 3.807741396155994, 4.667202740400292, 4.65312725594304, 5.992164981039824, 6.556470979116738, 5.992195012681079, 4.66724212463849, 4.653082970461626, 1.0878109164739982, 2.1544798560209375, 3.390518905713401, 6.7575797842126875, 7.627970019605478, 6.7575189722264195], [3.9866911455491505, 2.4206620292804195, 1.392051917135277, 0.0, 1.3921206880152308, 2.4206736789579875, 3.9867616808633044, 2.8325114651136016, 4.312220908070457, 5.186976882539578, 5.066551890585943, 6.556442424058949, 7.144732372874438, 6.55645457926767, 5.187010024089022, 5.066502976412823, 2.1474909848472006, 1.0873610669874105, 2.147473885755075, 7.315381748070294, 8.232083114254861, 7.315318679319446], [4.517127060422365, 2.785569738850564, 2.406951808823766, 1.3921206880152308, 0.0, 1.3998489454223264, 2.678749012132342, 2.448931589489588, 3.8077209837381725, 4.66717685437353, 4.653065435817553, 5.992136568036479, 6.556434650783915, 5.992149021845168, 4.667224385006575, 4.6530760427914775, 3.390581174371143, 2.15451757013026, 1.0878085585248904, 6.757526867871114, 7.62791059530721, 6.7574988649647585], [4.030761142761997, 2.4095833706265486, 2.7855675723270474, 2.4206736789579875, 1.3998489454223264, 0.0, 1.7331697435623554, 1.4102319029152615, 2.519422477473756, 3.4028869508110318, 3.6954272554063348, 4.667272109058995, 5.187042789489981, 4.667235306902792, 3.4028698432352655, 3.6953213459724985, 3.8733748398521928, 3.4070350908084293, 2.163178580237887, 5.477516785916771, 6.249747609303914, 5.477430174817385], [5.4961448115929405, 4.030804205118379, 4.517174920234991, 3.9867616808633044, 2.678749012132342, 1.7331697435623554, 0.0, 2.7486555513559714, 3.0951105149897318, 3.695373626576885, 4.1202067763645065, 4.653089818604408, 5.066495638999406, 4.653023297814014, 3.6953403429183624, 4.120129246759135, 5.6047376254379655, 4.832980218250432, 2.8044738276546632, 5.385514640217776, 6.008979129602632, 5.385445760566157], [2.7486203611994147, 1.4102330516620294, 2.4489580192400195, 2.8325114651136016, 2.448931589489588, 1.4102319029152615, 2.7486555513559714, 0.0, 1.4797094444518493, 2.5193499756881734, 3.0950918144701296, 3.807717586691534, 4.312220908070457, 3.807738831642737, 2.5193918055753057, 3.0950921359468437, 3.4328636864868374, 3.919872529815223, 3.432888050898252, 4.681101558394135, 5.399571649677408, 4.6810696662194635], [3.095058152927017, 2.519401162975043, 3.807741396155994, 4.312220908070457, 3.8077209837381725, 2.519422477473756, 3.0951105149897318, 1.4797094444518493, 0.0, 1.4102519420302175, 2.748675342778772, 2.4489647894569657, 2.8325114651136016, 2.448922777467677, 1.4101711208218668, 2.7485697971854384, 4.681064422756858, 5.399581973634626, 4.681122652740472, 3.4329108698013115, 3.919862206761865, 3.432819252451256], [3.6952947960886693, 3.4028553157605743, 4.667202740400292, 5.186976882539578, 4.66717685437353, 3.4028869508110318, 3.695373626576885, 2.5193499756881734, 1.4102519420302175, 0.0, 1.7330575639602972, 1.3999277338491438, 2.4207511189711344, 2.7856191932853993, 2.409594839386904, 4.030762693337329, 5.477384734524314, 6.24969077235026, 5.477459090673339, 2.1632322344122, 3.4071267102941736, 3.8734109980739198], [4.1201846985299095, 3.695431257647746, 4.65312725594304, 5.066551890585943, 4.653065435817553, 3.6954272554063348, 4.1202067763645065, 3.0950918144701296, 2.748675342778772, 1.7330575639602972, 0.0, 2.6786654699682075, 3.986689320727162, 4.517109785028475, 4.030748591763073, 5.496115840300311, 5.38553011411133, 6.0090517413315725, 5.38555490270037, 2.8043947404029983, 4.832930334693435, 5.604656214256143], [4.65303219524645, 4.667245810968177, 5.992164981039824, 6.556442424058949, 5.992136568036479, 4.667272109058995, 4.653089818604408, 3.807717586691534, 2.4489647894569657, 1.3999277338491438, 2.6786654699682075, 0.0, 1.3921331904670617, 2.40696883860178, 2.7855867263468927, 4.5171327731205775, 6.757488985562611, 7.627928650033375, 6.757565908668594, 1.0877854475952509, 2.154550435705788, 3.3905707985529516], [5.066500063159972, 5.18703818570868, 6.556470979116738, 7.144732372874438, 6.556434650783915, 5.187042789489981, 5.066495638999406, 4.312220908070457, 2.8325114651136016, 2.4207511189711344, 3.986689320727162, 1.3921331904670617, 0.0, 1.392060145970712, 2.4206765562544694, 3.9866789650033274, 7.315328428033837, 8.232093437880792, 7.315382142444781, 2.1474657249884106, 1.087350743780497, 2.14746459342174], [4.653094886202085, 4.667258669711804, 5.992195012681079, 6.55645457926767, 5.992149021845168, 4.667235306902792, 4.653023297814014, 3.807738831642737, 2.448922777467677, 2.7856191932853993, 4.517109785028475, 2.40696883860178, 1.392060145970712, 0.0, 1.3999038038379636, 2.67872385661531, 6.75752880570997, 7.627963234048784, 6.757546541460147, 3.3905138445374323, 2.154449296223979, 1.0877954816968125], [3.6953357384681573, 3.4028641891794624, 4.66724212463849, 5.187010024089022, 4.667224385006575, 3.4028698432352655, 3.6953403429183624, 2.5193918055753057, 1.4101711208218668, 2.409594839386904, 4.030748591763073, 2.7855867263468927, 2.4206765562544694, 1.3999038038379636, 0.0, 1.733109592610923, 5.477426766283599, 6.249751929476881, 5.477474646221559, 3.873368191897073, 3.4070319561166436, 2.1631551238873277], [4.12016552337403, 3.6953342189847995, 4.653082970461626, 5.066502976412823, 4.6530760427914775, 3.6953213459724985, 4.120129246759135, 3.0950921359468437, 2.7485697971854384, 4.030762693337329, 5.496115840300311, 4.5171327731205775, 3.9866789650033274, 2.67872385661531, 1.733109592610923, 0.0, 5.385484860251674, 6.009064740872742, 5.385503983844037, 5.604667016870851, 4.832886430488513, 2.8043516559090804], [2.804358368682576, 2.1631391286738815, 1.0878109164739982, 2.1474909848472006, 3.390581174371143, 3.8733748398521928, 5.6047376254379655, 3.4328636864868374, 4.681064422756858, 5.477384734524314, 5.38553011411133, 6.757488985562611, 7.315328428033837, 6.75752880570997, 5.477426766283599, 5.385484860251674, 0.0, 2.473988613555042, 4.284464491625529, 7.485100563786701, 8.36109355586935, 7.485037502244061], [4.83294332265546, 3.4070458068537905, 2.1544798560209375, 1.0873610669874105, 2.15451757013026, 3.4070350908084293, 4.832980218250432, 3.919872529815223, 5.399581973634626, 6.24969077235026, 6.0090517413315725, 7.627928650033375, 8.232093437880792, 7.627963234048784, 6.249751929476881, 6.009064740872742, 2.473988613555042, 0.0, 2.473900357734725, 8.36112412597732, 9.319444179241593, 8.361093911086037], [5.604684649469585, 3.873374315761388, 3.390518905713401, 2.147473885755075, 1.0878085585248904, 2.163178580237887, 2.8044738276546632, 3.432888050898252, 4.681122652740472, 5.477459090673339, 5.38555490270037, 6.757565908668594, 7.315382142444781, 6.757546541460147, 5.477474646221559, 5.385503983844037, 4.284464491625529, 2.473900357734725, 0.0, 7.485147056003642, 8.361113397747934, 7.485086191220512], [5.385511605223779, 5.47751498583071, 6.7575797842126875, 7.315381748070294, 6.757526867871114, 5.477516785916771, 5.385514640217776, 4.681101558394135, 3.4329108698013115, 2.1632322344122, 2.8043947404029983, 1.0877854475952509, 2.1474657249884106, 3.3905138445374323, 3.873368191897073, 5.604667016870851, 7.485100563786701, 8.36112412597732, 7.485147056003642, 0.0, 2.473942578153341, 4.284429854718128], [6.009052977799414, 6.249770208575672, 7.627970019605478, 8.232083114254861, 7.62791059530721, 6.249747609303914, 6.008979129602632, 5.399571649677408, 3.919862206761865, 3.4071267102941736, 4.832930334693435, 2.154550435705788, 1.087350743780497, 2.154449296223979, 3.4070319561166436, 4.832886430488513, 8.36109355586935, 9.319444179241593, 8.361113397747934, 2.473942578153341, 0.0, 2.4739060733989073], [5.385467945313573, 5.477428909625392, 6.7575189722264195, 7.315318679319446, 6.7574988649647585, 5.477430174817385, 5.385445760566157, 4.6810696662194635, 3.432819252451256, 3.8734109980739198, 5.604656214256143, 3.3905707985529516, 2.14746459342174, 1.0877954816968125, 2.1631551238873277, 2.8043516559090804, 7.485037502244061, 8.361093911086037, 7.485086191220512, 4.284429854718128, 2.4739060733989073, 0.0]]}