{"total energy": -17.71964841, "HOMO-LUMO gap/eV": 12.19487104, "electronic energy": -17.92847616, "dipole": [-0.42199528, -0.07035909, -0.51869549], "partial charges": [-0.10174888, -0.05223733, -0.05988842, 0.08624792, -0.44400266, 0.0307377, 0.0331722, 0.03395274, 0.02924912, 0.04799439, 0.04927755, 0.03248682, 0.01543758, 0.01679597, 0.28252529], "atomic dipole moments": [[-0.09529594, 0.03768368, -0.00226196], [0.01524261, -0.12307286, -0.00770527], [-0.04862108, 0.10838838, -0.01402842], [0.02742295, 0.07929574, 0.17914957], [-0.08115462, -0.07410751, -0.21715852], [0.02452228, -0.06727709, -0.10266793], [0.08346177, 0.09269474, 0.00497315], [0.01836031, -0.0734187, 0.1010159], [-0.00848292, 0.07562394, -0.09681605], [-0.0140601, 0.07339609, 0.10318794], [0.01334934, -0.073291, 0.1028217], [0.01990907, -0.07199637, -0.09832434], [-0.07903352, -0.08394261, -0.0030797], [-0.01764986, 0.07816116, -0.08674644], [-0.07440052, 0.0211342, -0.01831157]], "atomic quadrupole moments": [[0.19003394, -0.11652751, -0.06186668, 0.00610725, 0.0007745, -0.12816726], [0.22801356, 0.04187923, 0.01774633, 0.01529418, -0.0071005, -0.24575989], [0.23825307, 0.01972979, 0.00170635, 0.0204104, 0.01398111, -0.23995942], [-0.04884192, -0.16404712, -0.12516758, -0.09480015, 0.30638863, 0.1740095], [-0.05732289, -0.03856453, -0.0490257, -0.01948506, 0.1244072, 0.10634858], [-0.03222977, -0.0145218, -0.01308248, -0.00324963, 0.05706483, 0.04531225], [0.01548236, 0.05381017, 0.03909439, 0.00354149, 0.00454583, -0.05457675], [-0.03230417, -0.0104797, -0.00668598, -0.00221651, -0.05979091, 0.03899015], [-0.01751215, -0.00099933, -0.01395446, 0.00987679, -0.04301607, 0.03146661], [-0.01301649, -0.00363837, -0.01840449, -0.01305099, 0.03528364, 0.03142098], [-0.01928544, 0.0096078, -0.01163087, 0.01045413, -0.0427425, 0.0309163], [-0.01902724, -0.00113834, -0.01436918, -0.01872478, 0.0475659, 0.03339641], [0.00175218, 0.03219321, 0.02196078, -0.01291042, 0.02341854, -0.02371296], [-0.03623666, -0.01366618, 0.00678878, -0.01414553, -0.02564853, 0.02944788], [0.10590421, -0.07470154, -0.05429362, 0.01375335, 0.01502588, -0.05161059]], "number of molecular orbitals": 30, "number of electrons": 32, "number of unpaired electrons": 0, "orbital energies/eV": [-18.58710729, -17.09371553, -16.52484997, -15.73525743, -15.410283, -15.11943112, -14.28417161, -13.90306593, -13.58981727, -12.96123265, -12.77369986, -12.35403509, -11.88379593, -11.77389872, -11.42362178, -11.05144572, 1.14342532, 2.27113157, 3.14493597, 3.60893107, 3.7174019, 4.17993133, 4.43331954, 4.85754715, 5.63969906, 5.77973159, 6.67158979, 6.72666596, 7.35915184, 8.26482666], "fractional occupation": [2.0, 2.0, 2.0, 2.0, 2.0, 2.0, 2.0, 2.0, 2.0, 2.0, 2.0, 2.0, 2.0, 2.0, 2.0, 2.0, 0.0, 0.0, 0.0, 0.0, 0.0, 0.0, 0.0, 0.0, 0.0, 0.0, 0.0, 0.0, 0.0, 0.0], "program call": "xtb /home/svss/Project-DBcg-Debug/aqme2_20220329/End-to-End-workflows-final/example-3/QDESCP/mol_521_rdkit_conf_2/mol_521_rdkit_conf_2.xyz --pop --wbo --acc 0.2 --gfn 2 --chrg 0 --uhf 0 --etemp 300 --input /home/svss/Project-DBcg-Debug/aqme2_20220329/End-to-End-workflows-final/example-3/QDESCP/mol_521_rdkit_conf_2/mol_521_rdkit_conf_2_xtb.inp", "method": "GFN2-xTB", "xtb version": "6.3.3 (7355c4f)", "Dipole module/D": 1.709, "Total charge": 0, "Transition dipole module/D": NaN, "HOMO": -11.0514, "LUMO": 1.1434, "HOMO occupancy": 2.0, "LUMO occupancy": 0, "mulliken charges": [-0.08519, -0.03466, -0.0518, 0.19928, -0.56937, 0.0235, 0.02795, 0.02752, 0.01819, 0.03739, 0.03695, 0.01952, 0.00824, 0.00742, 0.33506], "cm5 charges": [-0.23551, -0.14609, -0.15914, 0.11226, -0.78405, 0.07479, 0.07873, 0.07883, 0.07334, 0.0945, 0.09424, 0.07469, 0.07035, 0.06986, 0.50319], "FUKUI+": [0.014, -0.011, 0.011, -0.016, -0.151, -0.044, -0.067, -0.042, -0.051, -0.047, -0.073, -0.133, -0.127, -0.1, -0.162], "FUKUI-": [0.022, 0.001, 0.013, 0.025, -0.13, -0.101, -0.086, -0.088, -0.096, -0.104, -0.078, -0.076, -0.129, -0.108, -0.066], "FUKUIrad": [0.018, -0.005, 0.012, 0.004, -0.14, -0.072, -0.077, -0.065, -0.074, -0.076, -0.076, -0.104, -0.128, -0.104, -0.114], "s proportion": [1.008, 1.025, 1.032, 0.99, 1.695, 0.977, 0.972, 0.972, 0.982, 0.963, 0.963, 0.98, 0.992, 0.993, 0.665], "p proportion": [3.077, 3.009, 3.02, 2.811, 4.875, 0.0, 0.0, 0.0, 0.0, 0.0, 0.0, 0.0, 0.0, 0.0, 0.0], "d proportion": [0.0, 0.0, 0.0, 0.0, 0.0, 0.0, 0.0, 0.0, 0.0, 0.0, 0.0, 0.0, 0.0, 0.0, 0.0], "Fermi-level/eV": -4.954, "Coordination numbers": [3.75, 3.8, 3.8, 3.674, 1.653, 0.924, 0.924, 0.924, 0.924, 0.924, 0.924, 0.924, 0.924, 0.924, 0.804], "Dispersion coefficient C6": [22.507, 21.513, 21.653, 19.368, 21.723, 2.576, 2.542, 2.531, 2.597, 2.345, 2.329, 2.552, 2.804, 2.783, 0.776], "Total dispersion C6": 1466.19967, "Total dispersion C8": 29883.81083, "Polarizability alpha": [6.766, 6.604, 6.625, 6.306, 6.292, 2.51, 2.493, 2.488, 2.52, 2.395, 2.387, 2.498, 2.619, 2.609, 1.384], "Total polarizability alpha": 56.495196, "Wiberg matrix": [[0.0, 1.0204335656060481, 0.0, 0.0, 0.0, 0.9876456372193716, 0.9873800920562303, 0.9876598290133831, 0.0, 0.0, 0.0, 0.0, 0.0, 0.0, 0.0], [1.0204335656060481, 0.0, 1.0080096854702005, 0.0, 0.0, 0.0, 0.0, 0.0, 0.9780231735356859, 0.9769093126030824, 0.0, 0.0, 0.0, 0.0, 0.0], [0.0, 1.0080096854702005, 0.0, 1.0066870207044532, 0.0, 0.0, 0.0, 0.0, 0.0, 0.0, 0.9752147512429666, 0.975376752566679, 0.0, 0.0, 0.0], [0.0, 0.0, 1.0066870207044532, 0.0, 0.9894677653126744, 0.0, 0.0, 0.0, 0.0, 0.0, 0.0, 0.0, 0.9735018490713496, 0.9728406854715026, 0.0], [0.0, 0.0, 0.0, 0.9894677653126744, 0.0, 0.0, 0.0, 0.0, 0.0, 0.0, 0.0, 0.0, 0.0, 0.0, 0.9074469883584462], [0.9876456372193716, 0.0, 0.0, 0.0, 0.0, 0.0, 0.0, 0.0, 0.0, 0.0, 0.0, 0.0, 0.0, 0.0, 0.0], [0.9873800920562303, 0.0, 0.0, 0.0, 0.0, 0.0, 0.0, 0.0, 0.0, 0.0, 0.0, 0.0, 0.0, 0.0, 0.0], [0.9876598290133831, 0.0, 0.0, 0.0, 0.0, 0.0, 0.0, 0.0, 0.0, 0.0, 0.0, 0.0, 0.0, 0.0, 0.0], [0.0, 0.9780231735356859, 0.0, 0.0, 0.0, 0.0, 0.0, 0.0, 0.0, 0.0, 0.0, 0.0, 0.0, 0.0, 0.0], [0.0, 0.9769093126030824, 0.0, 0.0, 0.0, 0.0, 0.0, 0.0, 0.0, 0.0, 0.0, 0.0, 0.0, 0.0, 0.0], [0.0, 0.0, 0.9752147512429666, 0.0, 0.0, 0.0, 0.0, 0.0, 0.0, 0.0, 0.0, 0.0, 0.0, 0.0, 0.0], [0.0, 0.0, 0.975376752566679, 0.0, 0.0, 0.0, 0.0, 0.0, 0.0, 0.0, 0.0, 0.0, 0.0, 0.0, 0.0], [0.0, 0.0, 0.0, 0.9735018490713496, 0.0, 0.0, 0.0, 0.0, 0.0, 0.0, 0.0, 0.0, 0.0, 0.0, 0.0], [0.0, 0.0, 0.0, 0.9728406854715026, 0.0, 0.0, 0.0, 0.0, 0.0, 0.0, 0.0, 0.0, 0.0, 0.0, 0.0], [0.0, 0.0, 0.0, 0.0, 0.9074469883584462, 0.0, 0.0, 0.0, 0.0, 0.0, 0.0, 0.0, 0.0, 0.0, 0.0]], "Born radii": [], "Atomic SASAs": [], "Solvent H bonds": [], "Total SASA": NaN, "Total FOD": 0.0, "FOD": [0.0, 0.0, 0.0, 0.0, 0.0, 0.0, 0.0, 0.0, 0.0, 0.0, 0.0, 0.0, 0.0, 0.0, 0.0], "FOD s proportion": [0.0, 0.0, 0.0, 0.0, 0.0, 0.0, 0.0, 0.0, 0.0, 0.0, 0.0, 0.0, 0.0, 0.0, 0.0], "FOD p proportion": [0.0, 0.0, 0.0, 0.0, 0.0, 0.0, 0.0, 0.0, 0.0, 0.0, 0.0, 0.0, 0.0, 0.0, 0.0], "FOD d proportion": [0.0, 0.0, 0.0, 0.0, 0.0, 0.0, 0.0, 0.0, 0.0, 0.0, 0.0, 0.0, 0.0, 0.0, 0.0], "coordinates": [["2.14930", "-0.09560", "-0.22570"], ["0.74140", "0.47870", "-0.25460"], ["-0.31290", "-0.62870", "-0.31860"], ["-1.73000", "-0.07230", "-0.38260"], ["-2.02620", "0.63800", "0.81110"], ["2.34940", "-0.68940", "-1.12330"], ["2.88700", "0.71170", "-0.18120"], ["2.29350", "-0.73650", "0.65000"], ["0.64050", "1.13810", "-1.12440"], ["0.58970", "1.09480", "0.63900"], ["-0.21330", "-1.26450", "0.56960"], ["-0.13490", "-1.25700", "-1.19900"], ["-2.44930", "-0.89120", "-0.48280"], ["-1.84730", "0.60460", "-1.23490"], ["-2.93670", "0.96910", "0.72770"]], "bond_dist": [[0.0, 1.5208017983945181, 2.5209630818399544, 3.8825415632031555, 4.364392678254329, 1.0946799577958848, 1.0944929556648593, 1.0947131770468463, 2.146195429125689, 2.144087313987003, 2.7533085660710097, 2.7411188390874264, 4.673992054978271, 4.181097492285967, 5.282987190028006], [1.5208017983945181, 0.0, 1.5303526554359947, 2.535311215610423, 2.969966791060129, 2.1690461728603196, 2.1594619515055133, 2.1688768083964565, 1.096148352185962, 1.095953037315012, 2.1516282137023577, 2.161584497538785, 3.4798373151628796, 2.770957702672489, 3.8384664984860817], [2.5209630818399544, 1.5303526554359947, 0.0, 1.5237615856819597, 2.411669104582965, 2.7819180199998708, 3.472018279041745, 2.7826476169288843, 2.163300127120599, 2.1684410921212502, 1.0968413923626332, 1.0961519283384031, 2.158720187981759, 2.1714092060226697, 3.2453096878418246], [3.8825415632031555, 2.535311215610423, 1.5237615856819597, 0.0, 1.420274698781894, 4.191772090655693, 4.687420075051947, 4.206658608682193, 2.7630790162425685, 2.79048330222562, 2.1513727175921886, 2.148107785936264, 1.0945454490335247, 1.0947000456746132, 1.9425254026653036], [4.364392678254329, 2.969966791060129, 2.411669104582965, 1.420274698781894, 0.0, 4.9648534197899545, 5.012945762722753, 4.535968645173817, 3.332798996339263, 2.661055704039282, 2.6390215819504013, 3.3479161727856925, 2.04735035106354, 2.0540780827417446, 0.9724160734994052], [1.0946799577958848, 2.1690461728603196, 2.7819180199998708, 4.191772090655693, 4.9648534197899545, 0.0, 1.771905014384236, 1.7748059358701727, 2.5020185191161155, 3.0635951135879558, 3.1247530638436056, 2.5494404758691664, 4.84546026503159, 4.393083364790611, 5.841205052041916], [1.0944929556648593, 2.1594619515055133, 3.472018279041745, 4.687420075051947, 5.012945762722753, 1.771905014384236, 0.0, 1.7721227186625648, 2.4735006468565963, 2.469226789908128, 3.752456151642548, 3.747475969235827, 5.579995399639681, 4.851324622203713, 5.899816578504794], [1.0947131770468463, 2.1688768083964565, 2.7826476169288843, 4.206658608682193, 4.535968645173817, 1.7748059358701727, 1.7721227186625648, 0.0, 3.0651312402570956, 2.501342665449898, 2.563063479510408, 3.0962635239914578, 4.878659628422544, 4.743165805661868, 5.501827031995826], [2.146195429125689, 1.096148352185962, 2.163300127120599, 2.7630790162425685, 3.332798996339263, 2.5020185191161155, 2.4735006468565963, 3.0651312402570956, 0.0, 1.7646628828192654, 3.061224787564611, 2.5185937207100313, 3.7518759427784922, 2.546758987419108, 4.031773214108155], [2.144087313987003, 1.095953037315012, 2.1684410921212502, 2.79048330222562, 2.661055704039282, 3.0635951135879558, 2.469226789908128, 2.501342665449898, 1.7646628828192654, 0.0, 2.493175054022481, 3.0715228145009763, 3.799756865906028, 3.1129995583038554, 3.529754260568291], [2.7533085660710097, 2.1516282137023577, 1.0968413923626332, 2.1513727175921886, 2.6390215819504013, 3.1247530638436056, 3.752456151642548, 2.563063479510408, 3.061224787564611, 2.493175054022481, 0.0, 1.7703527247415982, 2.499318837203449, 3.0691547794140326, 3.525744195201915], [2.7411188390874264, 2.161584497538785, 1.0961519283384031, 2.148107785936264, 3.3479161727856925, 2.5494404758691664, 3.747475969235827, 3.0962635239914578, 2.5185937207100313, 3.0715228145009763, 1.7703527247415982, 0.0, 2.450142738699115, 2.529655535838822, 4.064206852511323], [4.673992054978271, 3.4798373151628796, 2.158720187981759, 1.0945454490335247, 2.04735035106354, 4.84546026503159, 5.579995399639681, 4.878659628422544, 3.7518759427784922, 3.799756865906028, 2.499318837203449, 2.450142738699115, 0.0, 1.7791784761512826, 2.2723523274351627], [4.181097492285967, 2.770957702672489, 2.1714092060226697, 1.0947000456746132, 2.0540780827417446, 4.393083364790611, 4.851324622203713, 4.743165805661868, 2.546758987419108, 3.1129995583038554, 3.0691547794140326, 2.529655535838822, 1.7791784761512826, 0.0, 2.27408253368254], [5.282987190028006, 3.8384664984860817, 3.2453096878418246, 1.9425254026653036, 0.9724160734994052, 5.841205052041916, 5.899816578504794, 5.501827031995826, 4.031773214108155, 3.529754260568291, 3.525744195201915, 4.064206852511323, 2.2723523274351627, 2.27408253368254, 0.0]]}