{"total energy": -33.40597495, "HOMO-LUMO gap/eV": 3.55762654, "electronic energy": -33.81070281, "dipole": [-0.48077515, -0.29866127, 0.06660366], "partial charges": [0.03543339, -0.26528713, 0.34719334, -0.41600632, -0.02787814, -0.02057714, -0.06772165, 0.15515123, -0.38287993, -0.05027459, -0.02287827, 0.06227553, 0.06166604, 0.0616821, 0.06564923, 0.03910886, 0.30455821, 0.06026855, 0.06051668], "atomic dipole moments": [[-0.25881118, -0.02928478, 0.02176132], [0.10593893, 0.2019378, -0.02917958], [0.15787903, -0.09981704, -0.00069457], [-0.06590177, -0.17222261, 0.0231243], [0.07661601, 0.01289404, -0.0069046], [0.01783616, -0.02919106, 0.00182877], [-0.01160322, -0.0256962, 0.00358556], [-0.23077668, -0.04709672, 0.02166215], [0.12224204, 0.15626886, -0.02547481], [-0.02437399, 0.03954703, -0.00246723], [0.00349951, 0.02675017, -0.00313085], [0.06319051, -0.10865103, 0.00703682], [0.03880877, 0.07343346, 0.10062355], [0.02302063, 0.05005125, -0.11823811], [0.04317058, 0.14847599, -0.0189522], [-0.09233984, 0.12079901, -0.00625226], [-0.03508631, 0.07331972, -0.00529229], [-0.04549496, -0.14793872, 0.01907081], [0.09799841, -0.12043738, 0.00581289]], "atomic quadrupole moments": [[0.51974421, 0.10063727, -0.22395208, -0.07000368, -0.01565648, -0.29579213], [0.09882239, 0.0143277, -0.02013789, -0.01445349, -0.0074788, -0.0786845], [-0.25451865, -0.18462509, -0.18730746, 0.07085851, 0.08191929, 0.44182611], [-0.10876856, 0.01300368, -0.0883193, 0.02099163, 0.03003323, 0.19708786], [-0.06547478, 0.0532354, -0.26697516, 0.02356173, 0.06098769, 0.33244994], [-0.25765993, -0.00142276, -0.29416698, 0.05950205, 0.09187169, 0.55182691], [-0.21082378, 0.03417365, -0.22283226, 0.04353114, 0.06874, 0.43365604], [0.12657721, 0.1281232, -0.4509464, 0.00115722, 0.0743589, 0.32436919], [0.0855916, 0.03421795, -0.02874458, -0.01402852, -0.00563514, -0.05684702], [-0.209561, -0.03141885, -0.25655735, 0.05296202, 0.08072222, 0.46611835], [-0.27033798, 0.01429791, -0.28010336, 0.05858663, 0.08910196, 0.55044134], [-0.00627881, -0.04160649, 0.06155086, 0.00084733, -0.00958215, -0.05527206], [-0.0025143, 0.01698555, -0.00906369, 0.00767749, 0.05360177, 0.01157799], [-0.00468114, 0.00813217, -0.03061688, -0.00642078, -0.04611331, 0.03529802], [0.03928639, -0.00302037, 0.02146462, -0.00698948, -0.00870938, -0.060751], [0.03937152, -0.00658525, 0.02020169, -0.00652619, -0.0081773, -0.05957321], [0.0229602, -0.08537542, 0.06224093, 0.00124818, -0.00967644, -0.08520113], [0.03248603, 0.0019677, 0.0247703, -0.00678187, -0.00904933, -0.05725633], [0.04163749, 0.00661429, 0.02138204, -0.00837143, -0.00965019, -0.06301954]], "number of molecular orbitals": 52, "number of electrons": 58, "number of unpaired electrons": 0, "orbital energies/eV": [-20.04192597, -19.67695515, -19.21352154, -18.27185383, -18.05567415, -17.47469047, -17.19690295, -16.77310283, -16.46997462, -16.21449751, -15.75502645, -15.55809429, -15.35581822, -15.09375268, -14.69162083, -14.59406963, -14.01929434, -13.91833521, -13.53114436, -13.44471702, -13.25100009, -12.92518829, -12.77595872, -12.6672579, -12.13011502, -11.8520328, -11.37196589, -11.17015556, -10.88140394, -7.32377739, -6.57769585, -5.07843807, -2.6311813, 0.31805307, 1.43561851, 2.73454647, 3.2623597, 3.47763743, 3.71038897, 3.86315835, 4.39187757, 4.96079775, 5.21929527, 5.39334737, 6.43559476, 9.65896727, 10.39719131, 10.92473012, 11.47701924, 15.27413766, 16.8151163, 17.97138052], "fractional occupation": [2.0, 2.0, 2.0, 2.0, 2.0, 2.0, 2.0, 2.0, 2.0, 2.0, 2.0, 2.0, 2.0, 2.0, 2.0, 2.0, 2.0, 2.0, 2.0, 2.0, 2.0, 2.0, 2.0, 2.0, 2.0, 2.0, 2.0, 2.0, 2.0, 0.0, 0.0, 0.0, 0.0, 0.0, 0.0, 0.0, 0.0, 0.0, 0.0, 0.0, 0.0, 0.0, 0.0, 0.0, 0.0, 0.0, 0.0, 0.0, 0.0, 0.0, 0.0, 0.0], "program call": "xtb /home/svss/Project-DBcg-Debug/aqme2_20220329/End-to-End-workflows-final/example-3/QDESCP/mol_535_rdkit_conf_1/mol_535_rdkit_conf_1.xyz --pop --wbo --acc 0.2 --gfn 2 --chrg 0 --uhf 0 --etemp 300 --input /home/svss/Project-DBcg-Debug/aqme2_20220329/End-to-End-workflows-final/example-3/QDESCP/mol_535_rdkit_conf_1/mol_535_rdkit_conf_1_xtb.inp", "method": "GFN2-xTB", "xtb version": "6.3.3 (7355c4f)", "Dipole module/D": 1.449, "Total charge": 0, "Transition dipole module/D": NaN, "HOMO": -10.8814, "LUMO": -7.3238, "HOMO occupancy": 2.0, "LUMO occupancy": 0, "mulliken charges": [0.17562, -0.41756, 0.56907, -0.53825, -0.05307, 6e-05, -0.09613, 0.27024, -0.51155, -0.06655, -0.00764, 0.03474, 0.04354, 0.04356, 0.0563, 0.03827, 0.35558, 0.05402, 0.04976], "cm5 charges": [0.05597, -0.50433, 0.62604, -0.58615, -0.05588, -0.05078, -0.14794, 0.28189, -0.70875, -0.11654, -0.05837, 0.09379, 0.10472, 0.10475, 0.11592, 0.09616, 0.52643, 0.11246, 0.1106], "FUKUI+": [0.03, -0.07, -0.066, -0.155, -0.053, -0.034, -0.023, -0.068, -0.064, -0.024, -0.039, -0.048, -0.034, -0.034, -0.063, -0.071, -0.043, -0.073, -0.068], "FUKUI-": [0.022, -0.07, -0.009, -0.122, -0.069, -0.023, -0.034, -0.046, -0.119, -0.04, -0.021, -0.053, -0.053, -0.053, -0.058, -0.067, -0.055, -0.069, -0.061], "FUKUIrad": [0.026, -0.07, -0.038, -0.139, -0.061, -0.028, -0.029, -0.057, -0.091, -0.032, -0.03, -0.051, -0.043, -0.043, -0.061, -0.069, -0.049, -0.071, -0.065], "s proportion": [0.973, 1.696, 0.977, 1.73, 1.082, 1.069, 1.06, 1.022, 1.692, 1.057, 1.069, 0.965, 0.956, 0.956, 0.944, 0.962, 0.644, 0.946, 0.95], "p proportion": [2.852, 4.722, 2.453, 4.808, 2.971, 2.931, 3.036, 2.708, 4.82, 3.01, 2.939, 0.0, 0.0, 0.0, 0.0, 0.0, 0.0, 0.0, 0.0], "d proportion": [0.0, 0.0, 0.0, 0.0, 0.0, 0.0, 0.0, 0.0, 0.0, 0.0, 0.0, 0.0, 0.0, 0.0, 0.0, 0.0, 0.0, 0.0, 0.0], "Fermi-level/eV": -9.1026, "Coordination numbers": [3.657, 1.703, 2.731, 0.856, 2.963, 2.918, 2.91, 2.843, 1.659, 2.911, 2.914, 0.924, 0.924, 0.924, 0.925, 0.925, 0.804, 0.925, 0.925], "Dispersion coefficient C6": [20.263, 18.398, 21.103, 22.004, 28.695, 28.521, 29.686, 24.635, 20.52, 29.248, 28.576, 2.173, 2.18, 2.18, 2.134, 2.461, 0.708, 2.196, 2.193], "Total dispersion C6": 4296.482353, "Total dispersion C8": 101945.809565, "Polarizability alpha": [6.461, 5.791, 7.521, 6.289, 8.786, 8.758, 8.934, 8.134, 6.115, 8.868, 8.766, 2.305, 2.309, 2.309, 2.284, 2.453, 1.321, 2.317, 2.316], "Total polarizability alpha": 102.037982, "Wiberg matrix": [[0.0, 0.961021200605759, 0.0, 0.0, 0.0, 0.0, 0.0, 0.0, 0.0, 0.0, 0.0, 0.9822418899657459, 0.977848994826444, 0.9778544715649153, 0.0, 0.0, 0.0, 0.0, 0.0], [0.961021200605759, 0.0, 1.1076166125276088, 0.16544022394018948, 0.0, 0.0, 0.0, 0.0, 0.0, 0.0, 0.0, 0.0, 0.0, 0.0, 0.0, 0.0, 0.0, 0.0, 0.0], [0.0, 1.1076166125276088, 0.0, 1.7221584375332042, 1.0128237916492766, 0.0, 0.0, 0.0, 0.0, 0.0, 0.0, 0.0, 0.0, 0.0, 0.0, 0.0, 0.0, 0.0, 0.0], [0.0, 0.16544022394018948, 1.7221584375332042, 0.0, 0.0, 0.0, 0.0, 0.0, 0.0, 0.0, 0.0, 0.0, 0.0, 0.0, 0.0, 0.0, 0.0, 0.0, 0.0], [0.0, 0.0, 1.0128237916492766, 0.0, 0.0, 1.3798415819133245, 0.0, 0.0, 0.0, 0.0, 1.3764109844799874, 0.0, 0.0, 0.0, 0.0, 0.0, 0.0, 0.0, 0.0], [0.0, 0.0, 0.0, 0.0, 1.3798415819133245, 0.0, 1.4611258463064827, 0.0, 0.0, 0.10255120698268289, 0.0, 0.0, 0.0, 0.0, 0.9660510435946728, 0.0, 0.0, 0.0, 0.0], [0.0, 0.0, 0.0, 0.0, 0.0, 1.4611258463064827, 0.0, 1.3649260818612294, 0.0, 0.0, 0.0, 0.0, 0.0, 0.0, 0.0, 0.9654813890221151, 0.0, 0.0, 0.0], [0.0, 0.0, 0.0, 0.0, 0.0, 0.0, 1.3649260818612294, 0.0, 1.0835878693355452, 1.357448300092182, 0.0, 0.0, 0.0, 0.0, 0.0, 0.0, 0.0, 0.0, 0.0], [0.0, 0.0, 0.0, 0.0, 0.0, 0.0, 0.0, 1.0835878693355452, 0.0, 0.0, 0.0, 0.0, 0.0, 0.0, 0.0, 0.0, 0.8858690492346936, 0.0, 0.0], [0.0, 0.0, 0.0, 0.0, 0.0, 0.10255120698268289, 0.0, 1.357448300092182, 0.0, 0.0, 1.4688488318792403, 0.0, 0.0, 0.0, 0.0, 0.0, 0.0, 0.9668720304262914, 0.0], [0.0, 0.0, 0.0, 0.0, 1.3764109844799874, 0.0, 0.0, 0.0, 0.0, 1.4688488318792403, 0.0, 0.0, 0.0, 0.0, 0.0, 0.0, 0.0, 0.0, 0.9666866066665917], [0.9822418899657459, 0.0, 0.0, 0.0, 0.0, 0.0, 0.0, 0.0, 0.0, 0.0, 0.0, 0.0, 0.0, 0.0, 0.0, 0.0, 0.0, 0.0, 0.0], [0.977848994826444, 0.0, 0.0, 0.0, 0.0, 0.0, 0.0, 0.0, 0.0, 0.0, 0.0, 0.0, 0.0, 0.0, 0.0, 0.0, 0.0, 0.0, 0.0], [0.9778544715649153, 0.0, 0.0, 0.0, 0.0, 0.0, 0.0, 0.0, 0.0, 0.0, 0.0, 0.0, 0.0, 0.0, 0.0, 0.0, 0.0, 0.0, 0.0], [0.0, 0.0, 0.0, 0.0, 0.0, 0.9660510435946728, 0.0, 0.0, 0.0, 0.0, 0.0, 0.0, 0.0, 0.0, 0.0, 0.0, 0.0, 0.0, 0.0], [0.0, 0.0, 0.0, 0.0, 0.0, 0.0, 0.9654813890221151, 0.0, 0.0, 0.0, 0.0, 0.0, 0.0, 0.0, 0.0, 0.0, 0.0, 0.0, 0.0], [0.0, 0.0, 0.0, 0.0, 0.0, 0.0, 0.0, 0.0, 0.8858690492346936, 0.0, 0.0, 0.0, 0.0, 0.0, 0.0, 0.0, 0.0, 0.0, 0.0], [0.0, 0.0, 0.0, 0.0, 0.0, 0.0, 0.0, 0.0, 0.0, 0.9668720304262914, 0.0, 0.0, 0.0, 0.0, 0.0, 0.0, 0.0, 0.0, 0.0], [0.0, 0.0, 0.0, 0.0, 0.0, 0.0, 0.0, 0.0, 0.0, 0.0, 0.9666866066665917, 0.0, 0.0, 0.0, 0.0, 0.0, 0.0, 0.0, 0.0]], "Born radii": [], "Atomic SASAs": [], "Solvent H bonds": [], "Total SASA": NaN, "Total FOD": 0.0, "FOD": [0.0, 0.0, 0.0, 0.0, 0.0, 0.0, 0.0, 0.0, 0.0, 0.0, 0.0, 0.0, 0.0, 0.0, 0.0, 0.0, 0.0, 0.0, 0.0], "FOD s proportion": [0.0, 0.0, 0.0, 0.0, 0.0, 0.0, 0.0, 0.0, 0.0, 0.0, 0.0, 0.0, 0.0, 0.0, 0.0, 0.0, 0.0, 0.0, 0.0], "FOD p proportion": [0.0, 0.0, 0.0, 0.0, 0.0, 0.0, 0.0, 0.0, 0.0, 0.0, 0.0, 0.0, 0.0, 0.0, 0.0, 0.0, 0.0, 0.0, 0.0], "FOD d proportion": [0.0, 0.0, 0.0, 0.0, 0.0, 0.0, 0.0, 0.0, 0.0, 0.0, 0.0, 0.0, 0.0, 0.0, 0.0, 0.0, 0.0, 0.0, 0.0], "coordinates": [["3.68240", "-0.24800", "-0.30890"], ["2.28520", "-0.51470", "-0.17980"], ["1.50520", "0.59330", "-0.24180"], ["1.90170", "1.73840", "-0.39260"], ["0.06730", "0.23480", "-0.10000"], ["-0.87970", "1.26980", "-0.14220"], ["-2.24270", "0.98880", "-0.01400"], ["-2.65420", "-0.32910", "0.15630"], ["-3.97220", "-0.65040", "0.28550"], ["-1.72900", "-1.36620", "0.20030"], ["-0.36590", "-1.08740", "0.07230"], ["4.21600", "-1.20040", "-0.24570"], ["4.02670", "0.39670", "0.50590"], ["3.89790", "0.20590", "-1.28120"], ["-0.55660", "2.30090", "-0.27550"], ["-2.95850", "1.80420", "-0.04950"], ["-4.49940", "0.16410", "0.23660"], ["-2.06760", "-2.39020", "0.33400"], ["0.34330", "-1.91030", "0.10910"]], "bond_dist": [[0.0, 1.428272922098574, 2.3350563033897065, 2.6690228811308456, 3.6531743812744555, 4.810848380483425, 6.059987645201927, 6.354170898708973, 7.688181727820955, 5.549135593946143, 4.151943965180648, 1.0935213578161151, 1.094568234510759, 1.0944554582074137, 4.946425757049225, 6.955599615417783, 8.21031350802148, 6.16967108118415, 3.753339060090361], [1.428272922098574, 0.0, 1.3564320845512319, 2.2953900975651176, 2.342477043644185, 3.6335170317476155, 4.773874767942704, 4.954299438871252, 6.276143189889791, 4.121083583233906, 2.7239439990572496, 2.0500038878011915, 2.081743668178193, 2.0816213896864144, 4.001573326830336, 5.735038359941457, 6.831175269307616, 4.767426824818605, 2.408762790313733], [2.3350563033897065, 1.3564320845512319, 0.0, 1.2211498270073167, 1.4886859641979568, 2.480991821832551, 3.775588364745289, 4.279008498472514, 5.641519807640491, 3.807248652242194, 2.534645243421651, 3.2505094277666693, 2.6373602522219066, 2.637317654360202, 2.677321924983994, 4.629025360699593, 6.038898936064421, 4.690172462713925, 2.7822931872827494], [2.6690228811308456, 2.2953900975651176, 1.2211498270073167, 0.0, 2.389864238821946, 2.8316906751974167, 4.228627375402094, 5.033097681348932, 6.377216184198242, 4.813735977388041, 3.6528464804861427, 3.7435423785500275, 2.668911040106058, 2.668891277291003, 2.5245509600719096, 4.872739608269664, 6.621812013338946, 5.773095184560878, 3.999165555462789], [3.6531743812744555, 2.342477043644185, 1.4886859641979568, 2.389864238821946, 0.0, 1.4035009226929636, 2.4314629341201153, 2.7910992726880925, 4.153281779508826, 2.4248865499235217, 1.4019851532737428, 4.392350079399409, 4.0087622503710545, 4.008686195002048, 2.165368483653533, 3.408963515498516, 4.579633930785298, 3.411272344741768, 2.1728674188730435], [4.810848380483425, 3.6335170317476155, 2.480991821832551, 2.8316906751974167, 1.4035009226929636, 0.0, 1.3975568825632823, 2.4071630002972375, 3.665194616933731, 2.7905398653307216, 2.422063692391263, 5.663811329837885, 5.025445072826884, 5.025402070481525, 1.0887284831398505, 2.148391512271448, 3.803720549672386, 3.8773022644617225, 3.416418695066517], [6.059987645201927, 4.773874767942704, 3.775588364745289, 4.228627375402094, 2.4314629341201153, 1.3975568825632823, 0.0, 1.391112774005041, 2.4016342644124644, 2.4198837120820498, 2.800077207864098, 6.823568510684128, 6.318722559188685, 6.318678391087807, 2.152422326124685, 1.085590645685564, 2.415703901557473, 3.401382808505976, 3.886814945427683], [6.354170898708973, 4.954299438871252, 4.279008498472514, 5.033097681348932, 2.7910992726880925, 2.4071630002972375, 1.391112774005041, 0.0, 1.3627363391353442, 1.3905061848118474, 2.412134279015163, 6.936888043640319, 6.72929644242249, 6.729238118836336, 3.391648124437439, 2.164698828936719, 1.9116635085704803, 2.1503046435330972, 3.3893107750691733], [7.688181727820955, 6.276143189889791, 5.641519807640491, 6.377216184198242, 4.153281779508826, 3.665194616933731, 2.4016342644124644, 1.3627363391353442, 0.0, 2.356178032322685, 3.638931564346876, 8.223824699007146, 8.070154631727945, 8.070085042302837, 4.5487598364829065, 2.6767281987530973, 0.9714634836163424, 2.5800692723258423, 4.499111603416835], [5.549135593946143, 4.121083583233906, 3.807248652242194, 4.813735977388041, 2.4248865499235217, 2.7905398653307216, 2.4198837120820498, 1.3905061848118474, 2.356178032322685, 0.0, 1.3971954229813381, 5.964011287715676, 6.027378390311993, 6.027299915384998, 3.8792434584593942, 3.4096196928689864, 3.165162229649532, 1.0867850063375, 2.1444788504436225], [4.151943965180648, 2.7239439990572496, 2.534645243421651, 3.6528464804861427, 1.4019851532737428, 2.422063692391263, 2.800077207864098, 2.412134279015163, 3.638931564346876, 1.3971954229813381, 0.0, 4.594311766739388, 4.656768893771732, 4.656670224527393, 3.411437852284576, 3.8855836833093687, 4.321928850640648, 2.1590640611153717, 1.0869605742620108], [1.0935213578161151, 2.0500038878011915, 3.2505094277666693, 3.7435423785500275, 4.392350079399409, 5.663811329837885, 6.823568510684128, 6.936888043640319, 8.223824699007146, 5.964011287715676, 4.594311766739388, 0.0, 1.7752367335090833, 1.7751415577356076, 5.919265198485366, 7.780717566523026, 8.834742254304874, 6.421472190237998, 3.9531817995128935], [1.094568234510759, 2.081743668178193, 2.6373602522219066, 2.668911040106058, 4.0087622503710545, 5.025445072826884, 6.318722559188685, 6.72929644242249, 8.070154631727945, 6.027378390311993, 4.656768893771732, 1.7752367335090833, 0.0, 1.801865835738055, 5.02426138750762, 7.14720535943945, 8.533522511835308, 6.703495633622804, 4.364302326833007], [1.0944554582074137, 2.0816213896864144, 2.637317654360202, 2.668891277291003, 4.008686195002048, 5.025402070481525, 6.318678391087807, 6.729238118836336, 8.070085042302837, 6.027299915384998, 4.656670224527393, 1.7751415577356076, 1.801865835738055, 0.0, 5.024243996861617, 7.147158088359316, 8.533470066157143, 6.703416778031931, 4.36422016974396], [4.946425757049225, 4.001573326830336, 2.677321924983994, 2.5245509600719096, 2.165368483653533, 1.0887284831398505, 2.152422326124685, 3.391648124437439, 4.5487598364829065, 3.8792434584593942, 3.411437852284576, 5.919265198485366, 5.02426138750762, 5.024243996861617, 0.0, 2.46310992446541, 4.513738194667475, 4.965987360032243, 4.32341793145192], [6.955599615417783, 5.735038359941457, 4.629025360699593, 4.872739608269664, 3.408963515498516, 2.148391512271448, 1.085590645685564, 2.164698828936719, 2.6767281987530973, 3.4096196928689864, 3.8855836833093687, 7.780717566523026, 7.14720535943945, 7.147158088359316, 2.46310992446541, 0.0, 2.268513616886617, 4.305086110637045, 4.972378449997546], [8.21031350802148, 6.831175269307616, 6.038898936064421, 6.621812013338946, 4.579633930785298, 3.803720549672386, 2.415703901557473, 1.9116635085704803, 0.9714634836163424, 3.165162229649532, 4.321928850640648, 8.834742254304874, 8.533522511835308, 8.533470066157143, 4.513738194667475, 2.268513616886617, 0.0, 3.528113729742849, 5.269832530545919], [6.16967108118415, 4.767426824818605, 4.690172462713925, 5.773095184560878, 3.411272344741768, 3.8773022644617225, 3.401382808505976, 2.1503046435330972, 2.5800692723258423, 1.0867850063375, 2.1590640611153717, 6.421472190237998, 6.703495633622804, 6.703416778031931, 4.965987360032243, 4.305086110637045, 3.528113729742849, 0.0, 2.4684656833749994], [3.753339060090361, 2.408762790313733, 2.7822931872827494, 3.999165555462789, 2.1728674188730435, 3.416418695066517, 3.886814945427683, 3.3893107750691733, 4.499111603416835, 2.1444788504436225, 1.0869605742620108, 3.9531817995128935, 4.364302326833007, 4.36422016974396, 4.32341793145192, 4.972378449997546, 5.269832530545919, 2.4684656833749994, 0.0]]}