{"total energy": -24.04965977, "HOMO-LUMO gap/eV": 11.73553227, "electronic energy": -24.34790495, "dipole": [0.1141998, -0.16754078, 0.66163913], "partial charges": [-0.10489743, -0.00882789, -0.1052629, -0.06457088, -0.06256259, 0.08661266, -0.44732221, 0.03409918, 0.03056803, 0.03436714, 0.03032665, 0.03376993, 0.03490272, 0.03455216, 0.03218366, 0.02969459, 0.05008425, 0.04619876, 0.01654895, 0.01602219, 0.28351306], "atomic dipole moments": [[0.0605802, 0.04459067, -0.06878959], [-0.00194202, 0.05985386, 0.07756206], [0.04453643, -0.08747743, 0.03239072], [-0.01277269, 0.02063374, -0.10873466], [0.04344281, -0.03054029, 0.12436073], [0.06229247, 0.06832253, -0.17134188], [-0.02820083, -0.07785545, 0.22756723], [-0.01979172, 0.07101684, 0.10320474], [0.04882567, -0.10859547, 0.03898187], [-0.11301838, -0.0277295, -0.04768034], [0.00887411, -0.07826005, -0.09588018], [-0.11631929, -0.02094619, -0.04288725], [0.06106433, 0.05131924, -0.09771086], [-0.01062863, 0.08919694, 0.08962923], [-0.00639914, 0.07681967, 0.0977977], [0.04336832, -0.10372092, 0.04867762], [-0.03337994, 0.11241359, -0.04701491], [0.00566404, -0.07080662, -0.10458978], [0.00630885, 0.07877604, 0.0871139], [0.04785031, -0.10306032, 0.02980969], [0.06496757, 0.00084848, 0.04465068]], "atomic quadrupole moments": [[0.0126917, 0.0795409, -0.05118096, -0.12749143, -0.11403101, 0.03848926], [0.09804234, 0.02098821, -0.024797, 0.02384357, -0.15441724, -0.07324534], [-0.03710635, -0.10922926, 0.1280156, 0.03862531, -0.09463487, -0.09090924], [0.17045191, 0.12950649, -0.16544875, -0.03056604, -0.07065985, -0.00500316], [0.22426946, 0.10221867, -0.2089071, 0.00416843, -0.07329186, -0.01536236], [0.1883571, 0.19122291, -0.26346051, -0.20582143, -0.18789313, 0.07510341], [0.0260123, 0.06537773, -0.08772552, -0.09604071, -0.08172092, 0.06171322], [-0.04339169, 0.00154763, 0.01568088, -0.0127152, 0.0596699, 0.02771081], [-0.00963422, -0.051159, 0.04313563, 0.00508791, -0.03293852, -0.03350141], [0.052019, 0.02200613, -0.04639306, 0.04757935, 0.00215149, -0.00562594], [-0.01811675, -0.00669627, 0.00271706, -0.00654287, 0.02055769, 0.01539969], [0.06020411, 0.03221805, -0.02078456, 0.03790537, 0.00426171, -0.03941955], [0.00445111, 0.01513739, -0.02218008, -0.05844593, -0.03368912, 0.01772897], [-0.04759897, -0.00734693, 0.00713114, 0.0046732, 0.0570064, 0.04046783], [-0.02256364, -0.00243459, 0.01709876, -0.01555731, 0.0466233, 0.00546488], [-0.00526962, -0.02311974, 0.04186767, 0.00374009, -0.0264399, -0.03659806], [-0.0142181, -0.02647234, 0.0460016, 0.00507762, -0.01461756, -0.03178351], [-0.02504416, -0.00325701, 0.01516804, -0.0051969, 0.04733648, 0.00987612], [-0.01476109, 0.00586526, -0.00116725, -0.02030879, 0.03511122, 0.01592834], [-0.00854059, -0.01087253, 0.03517723, -0.00870123, -0.02650433, -0.02663664], [0.10559492, 0.0243742, -0.08499687, 0.06689129, -0.00734509, -0.02059805]], "number of molecular orbitals": 42, "number of electrons": 44, "number of unpaired electrons": 0, "orbital energies/eV": [-18.5899013, -17.12701668, -16.90602838, -16.21415043, -15.91332057, -15.5647609, -15.20646228, -14.83014708, -14.46556687, -13.95557424, -13.80669265, -13.29726942, -13.22552398, -12.89697648, -12.54041526, -12.29687443, -12.19768831, -11.92788475, -11.600676, -11.55465968, -11.45274345, -11.05523224, 0.68030003, 2.19818198, 2.49750892, 2.71103886, 3.25557954, 3.51420605, 3.63195035, 3.90906811, 4.38293071, 4.65769185, 5.19686481, 5.52588612, 5.79617394, 5.99758039, 6.28932499, 6.75469731, 6.81235137, 7.22972289, 7.90938381, 8.20903444], "fractional occupation": [2.0, 2.0, 2.0, 2.0, 2.0, 2.0, 2.0, 2.0, 2.0, 2.0, 2.0, 2.0, 2.0, 2.0, 2.0, 2.0, 2.0, 2.0, 2.0, 2.0, 2.0, 2.0, 0.0, 0.0, 0.0, 0.0, 0.0, 0.0, 0.0, 0.0, 0.0, 0.0, 0.0, 0.0, 0.0, 0.0, 0.0, 0.0, 0.0, 0.0, 0.0, 0.0], "program call": "xtb /home/svss/Project-DBcg-Debug/aqme2_20220329/End-to-End-workflows-final/example-3/QDESCP/mol_995_rdkit_conf_1/mol_995_rdkit_conf_1.xyz --pop --wbo --acc 0.2 --gfn 2 --chrg 0 --uhf 0 --etemp 300 --input /home/svss/Project-DBcg-Debug/aqme2_20220329/End-to-End-workflows-final/example-3/QDESCP/mol_995_rdkit_conf_1/mol_995_rdkit_conf_1_xtb.inp", "method": "GFN2-xTB", "xtb version": "6.3.3 (7355c4f)", "Dipole module/D": 1.759, "Total charge": 0, "Transition dipole module/D": NaN, "HOMO": -11.0552, "LUMO": 0.6803, "HOMO occupancy": 2.0, "LUMO occupancy": 0, "mulliken charges": [-0.09086, 0.00222, -0.09215, -0.05825, -0.05348, 0.19986, -0.56943, 0.0273, 0.0278, 0.02965, 0.02084, 0.02957, 0.0311, 0.02755, 0.02239, 0.02252, 0.03721, 0.03638, 0.00752, 0.00733, 0.33494], "cm5 charges": [-0.23933, -0.07216, -0.2406, -0.16645, -0.1609, 0.11261, -0.78336, 0.07913, 0.07917, 0.08102, 0.07902, 0.08101, 0.08301, 0.07948, 0.07822, 0.07831, 0.09514, 0.09374, 0.07003, 0.06986, 0.50307], "FUKUI+": [0.011, -0.028, 0.024, -0.031, -0.011, -0.018, -0.122, -0.043, -0.04, -0.074, -0.051, -0.048, -0.026, -0.034, -0.057, -0.054, -0.059, -0.061, -0.076, -0.075, -0.127], "FUKUI-": [0.02, -0.006, 0.019, 0.015, 0.013, 0.022, -0.115, -0.074, -0.05, -0.058, -0.096, -0.057, -0.049, -0.066, -0.062, -0.054, -0.072, -0.069, -0.1, -0.104, -0.057], "FUKUIrad": [0.015, -0.017, 0.021, -0.008, 0.001, 0.002, -0.118, -0.058, -0.045, -0.066, -0.073, -0.052, -0.038, -0.05, -0.059, -0.054, -0.066, -0.065, -0.088, -0.09, -0.092], "s proportion": [1.013, 1.052, 1.012, 1.037, 1.033, 0.991, 1.695, 0.973, 0.972, 0.97, 0.979, 0.97, 0.969, 0.972, 0.978, 0.977, 0.963, 0.964, 0.992, 0.993, 0.665], "p proportion": [3.078, 2.946, 3.08, 3.021, 3.021, 2.809, 4.875, 0.0, 0.0, 0.0, 0.0, 0.0, 0.0, 0.0, 0.0, 0.0, 0.0, 0.0, 0.0, 0.0, 0.0], "d proportion": [0.0, 0.0, 0.0, 0.0, 0.0, 0.0, 0.0, 0.0, 0.0, 0.0, 0.0, 0.0, 0.0, 0.0, 0.0, 0.0, 0.0, 0.0, 0.0, 0.0, 0.0], "Fermi-level/eV": -5.1875, "Coordination numbers": [3.753, 3.848, 3.752, 3.803, 3.799, 3.675, 1.653, 0.924, 0.924, 0.924, 0.924, 0.924, 0.924, 0.924, 0.924, 0.924, 0.924, 0.924, 0.924, 0.924, 0.804], "Dispersion coefficient C6": [22.563, 20.701, 22.572, 21.737, 21.703, 19.361, 21.79, 2.529, 2.578, 2.525, 2.582, 2.534, 2.518, 2.523, 2.556, 2.591, 2.319, 2.368, 2.786, 2.795, 0.773], "Total dispersion C6": 2913.597742, "Total dispersion C8": 60098.548135, "Polarizability alpha": [6.773, 6.472, 6.775, 6.638, 6.633, 6.305, 6.301, 2.487, 2.511, 2.485, 2.513, 2.489, 2.482, 2.484, 2.5, 2.517, 2.381, 2.407, 2.61, 2.614, 1.381], "Total polarizability alpha": 79.75936, "Wiberg matrix": [[0.0, 1.0081679344147698, 0.0, 0.0, 0.0, 0.0, 0.0, 0.9870553034622165, 0.9867748607881861, 0.9863680409717399, 0.0, 0.0, 0.0, 0.0, 0.0, 0.0, 0.0, 0.0, 0.0, 0.0, 0.0], [1.0081679344147698, 0.0, 1.0100435453783858, 0.995236170487714, 0.0, 0.0, 0.0, 0.0, 0.0, 0.0, 0.9689359631883607, 0.0, 0.0, 0.0, 0.0, 0.0, 0.0, 0.0, 0.0, 0.0, 0.0], [0.0, 1.0100435453783858, 0.0, 0.0, 0.0, 0.0, 0.0, 0.0, 0.0, 0.0, 0.0, 0.9859266487118377, 0.9846393476862401, 0.9868201268278809, 0.0, 0.0, 0.0, 0.0, 0.0, 0.0, 0.0], [0.0, 0.995236170487714, 0.0, 0.0, 1.007101514331156, 0.0, 0.0, 0.0, 0.0, 0.0, 0.0, 0.0, 0.0, 0.0, 0.976465066430914, 0.9757712198629162, 0.0, 0.0, 0.0, 0.0, 0.0], [0.0, 0.0, 0.0, 1.007101514331156, 0.0, 1.0057782684550638, 0.0, 0.0, 0.0, 0.0, 0.0, 0.0, 0.0, 0.0, 0.0, 0.0, 0.9732127030351799, 0.9752433731331824, 0.0, 0.0, 0.0], [0.0, 0.0, 0.0, 0.0, 1.0057782684550638, 0.0, 0.988171080262695, 0.0, 0.0, 0.0, 0.0, 0.0, 0.0, 0.0, 0.0, 0.0, 0.0, 0.0, 0.9736297813016948, 0.9734206450748364, 0.0], [0.0, 0.0, 0.0, 0.0, 0.0, 0.988171080262695, 0.0, 0.0, 0.0, 0.0, 0.0, 0.0, 0.0, 0.0, 0.0, 0.0, 0.0, 0.0, 0.0, 0.0, 0.9067973780367647], [0.9870553034622165, 0.0, 0.0, 0.0, 0.0, 0.0, 0.0, 0.0, 0.0, 0.0, 0.0, 0.0, 0.0, 0.0, 0.0, 0.0, 0.0, 0.0, 0.0, 0.0, 0.0], [0.9867748607881861, 0.0, 0.0, 0.0, 0.0, 0.0, 0.0, 0.0, 0.0, 0.0, 0.0, 0.0, 0.0, 0.0, 0.0, 0.0, 0.0, 0.0, 0.0, 0.0, 0.0], [0.9863680409717399, 0.0, 0.0, 0.0, 0.0, 0.0, 0.0, 0.0, 0.0, 0.0, 0.0, 0.0, 0.0, 0.0, 0.0, 0.0, 0.0, 0.0, 0.0, 0.0, 0.0], [0.0, 0.9689359631883607, 0.0, 0.0, 0.0, 0.0, 0.0, 0.0, 0.0, 0.0, 0.0, 0.0, 0.0, 0.0, 0.0, 0.0, 0.0, 0.0, 0.0, 0.0, 0.0], [0.0, 0.0, 0.9859266487118377, 0.0, 0.0, 0.0, 0.0, 0.0, 0.0, 0.0, 0.0, 0.0, 0.0, 0.0, 0.0, 0.0, 0.0, 0.0, 0.0, 0.0, 0.0], [0.0, 0.0, 0.9846393476862401, 0.0, 0.0, 0.0, 0.0, 0.0, 0.0, 0.0, 0.0, 0.0, 0.0, 0.0, 0.0, 0.0, 0.0, 0.0, 0.0, 0.0, 0.0], [0.0, 0.0, 0.9868201268278809, 0.0, 0.0, 0.0, 0.0, 0.0, 0.0, 0.0, 0.0, 0.0, 0.0, 0.0, 0.0, 0.0, 0.0, 0.0, 0.0, 0.0, 0.0], [0.0, 0.0, 0.0, 0.976465066430914, 0.0, 0.0, 0.0, 0.0, 0.0, 0.0, 0.0, 0.0, 0.0, 0.0, 0.0, 0.0, 0.0, 0.0, 0.0, 0.0, 0.0], [0.0, 0.0, 0.0, 0.9757712198629162, 0.0, 0.0, 0.0, 0.0, 0.0, 0.0, 0.0, 0.0, 0.0, 0.0, 0.0, 0.0, 0.0, 0.0, 0.0, 0.0, 0.0], [0.0, 0.0, 0.0, 0.0, 0.9732127030351799, 0.0, 0.0, 0.0, 0.0, 0.0, 0.0, 0.0, 0.0, 0.0, 0.0, 0.0, 0.0, 0.0, 0.0, 0.0, 0.0], [0.0, 0.0, 0.0, 0.0, 0.9752433731331824, 0.0, 0.0, 0.0, 0.0, 0.0, 0.0, 0.0, 0.0, 0.0, 0.0, 0.0, 0.0, 0.0, 0.0, 0.0, 0.0], [0.0, 0.0, 0.0, 0.0, 0.0, 0.9736297813016948, 0.0, 0.0, 0.0, 0.0, 0.0, 0.0, 0.0, 0.0, 0.0, 0.0, 0.0, 0.0, 0.0, 0.0, 0.0], [0.0, 0.0, 0.0, 0.0, 0.0, 0.9734206450748364, 0.0, 0.0, 0.0, 0.0, 0.0, 0.0, 0.0, 0.0, 0.0, 0.0, 0.0, 0.0, 0.0, 0.0, 0.0], [0.0, 0.0, 0.0, 0.0, 0.0, 0.0, 0.9067973780367647, 0.0, 0.0, 0.0, 0.0, 0.0, 0.0, 0.0, 0.0, 0.0, 0.0, 0.0, 0.0, 0.0, 0.0]], "Born radii": [], "Atomic SASAs": [], "Solvent H bonds": [], "Total SASA": NaN, "Total FOD": 0.0, "FOD": [0.0, 0.0, 0.0, 0.0, 0.0, 0.0, 0.0, 0.0, 0.0, 0.0, 0.0, 0.0, 0.0, 0.0, 0.0, 0.0, 0.0, 0.0, 0.0, 0.0, 0.0], "FOD s proportion": [0.0, 0.0, 0.0, 0.0, 0.0, 0.0, 0.0, 0.0, 0.0, 0.0, 0.0, 0.0, 0.0, 0.0, 0.0, 0.0, 0.0, 0.0, 0.0, 0.0, 0.0], "FOD p proportion": [0.0, 0.0, 0.0, 0.0, 0.0, 0.0, 0.0, 0.0, 0.0, 0.0, 0.0, 0.0, 0.0, 0.0, 0.0, 0.0, 0.0, 0.0, 0.0, 0.0, 0.0], "FOD d proportion": [0.0, 0.0, 0.0, 0.0, 0.0, 0.0, 0.0, 0.0, 0.0, 0.0, 0.0, 0.0, 0.0, 0.0, 0.0, 0.0, 0.0, 0.0, 0.0, 0.0, 0.0], "coordinates": [["-2.13880", "-1.19890", "0.89020"], ["-1.23930", "-0.51810", "-0.14450"], ["-1.90740", "0.76360", "-0.64430"], ["0.15150", "-0.25840", "0.46330"], ["1.16530", "0.28490", "-0.54440"], ["2.55320", "0.40850", "0.07080"], ["3.44620", "0.92000", "-0.90910"], ["-2.29020", "-0.56010", "1.76710"], ["-1.69760", "-2.14210", "1.22950"], ["-3.12110", "-1.42660", "0.46280"], ["-1.12930", "-1.20230", "-0.99540"], ["-2.92020", "0.55730", "-1.00730"], ["-1.35060", "1.20550", "-1.47600"], ["-1.98050", "1.51040", "0.15350"], ["0.06420", "0.44080", "1.30480"], ["0.53740", "-1.19940", "0.87640"], ["0.85620", "1.26860", "-0.91590"], ["1.21550", "-0.36930", "-1.42350"], ["2.54230", "1.09440", "0.92390"], ["2.92250", "-0.56720", "0.40210"], ["4.32080", "0.98840", "-0.48980"]], "bond_dist": [[0.0, 1.5307491564590194, 2.501927748756946, 2.5124207350680736, 3.8957433706546944, 5.026928994923242, 6.238544918488606, 1.0954181895513695, 1.0951749494943719, 1.0951855276618665, 2.138828924902597, 2.7009869770141433, 3.4642893989965677, 2.81213304628355, 2.7773581421919644, 2.6762356267713048, 4.280254485424903, 4.158457928126723, 5.212778317749566, 5.123870040311326, 6.958096970436673], [1.5307491564590194, 0.0, 1.5293503653512492, 1.5398667377406399, 2.5664820611101105, 3.9099869437122163, 4.960509552455272, 2.1818270715159804, 2.1760723540360507, 2.176087493645419, 1.0973880125097049, 2.1740132957275122, 2.180843162632288, 2.1801361631788048, 2.172342502921673, 2.1594141311939214, 2.8598033323989256, 2.7720074819523846, 4.2476032500693846, 4.197828201582337, 5.770917288438642], [2.501927748756946, 1.5293503653512492, 0.0, 2.5515350222954023, 3.1113693110911793, 4.531491628592068, 5.362426033056307, 2.7773310011592067, 3.463846845632757, 2.7378301883060607, 2.143239051062667, 1.095487348169754, 1.0940871720297245, 1.0952345365263094, 2.79112830410929, 3.484672800995812, 2.822459303515287, 3.4122015561804084, 4.729535914865221, 5.117999180343819, 6.234170396291715], [2.5124207350680736, 1.5398667377406399, 2.5515350222954023, 0.0, 1.5291908383194035, 2.523286497804005, 3.758610968163638, 2.7843879435164918, 2.748555791684062, 3.4748528386105795, 2.1585183668433308, 3.501909727562948, 2.856604997195097, 2.7874815658583287, 1.0975537253364867, 1.0977483409233648, 2.1749767194156355, 2.1689649720546433, 2.7853446537188176, 2.788824820600964, 4.454881854774602], [3.8957433706546944, 2.5664820611101105, 3.1113693110911793, 1.5291908383194035, 0.0, 1.5231593514796802, 2.395592392290475, 4.242350468784963, 4.151294571576438, 4.724077587212133, 2.7713451607477553, 4.1206538825773755, 2.836394847337021, 3.4474588177380743, 2.157838423052106, 2.148505885493451, 1.0960021669686608, 1.0969569225817393, 2.169636868233945, 2.170181674422674, 3.2334306332438927], [5.026928994923242, 3.9099869437122163, 4.531491628592068, 2.523286497804005, 1.5231593514796802, 0.0, 1.421015573454422, 5.222465242584195, 5.090918059643074, 5.976532146654948, 4.158396966380194, 5.580550923520007, 4.274044183206346, 4.66641817564607, 2.7782944930298514, 2.7014409876952707, 2.143165392591062, 2.1511268256427836, 1.0946950397256765, 1.0945924675421441, 1.9429272065623049], [6.238544918488606, 4.960509552455272, 5.362426033056307, 3.758610968163638, 2.395592392290475, 1.421015573454422, 0.0, 6.50069437906444, 6.3567873025609405, 7.107606521185596, 5.044482652363867, 6.377479399417924, 4.838613034744564, 5.561183669867415, 4.070492580757272, 4.017584355057153, 2.6133633884326155, 2.627341686952803, 2.0511800432921534, 2.0506757349712803, 0.9723251565191554], [1.0954181895513695, 2.1818270715159804, 2.7773310011592067, 2.7843879435164918, 4.242350468784963, 5.222465242584195, 6.50069437906444, 0.0, 1.7728261392477267, 1.7726859704978772, 3.0645580268612957, 3.056595838510548, 3.810234786729028, 2.6432157119690403, 2.5997541152962906, 3.0327170557109344, 4.521334498795682, 4.744076884916601, 5.177008087689259, 5.388461440893866, 7.155191881424286], [1.0951749494943719, 2.1760723540360507, 3.463846845632757, 2.748555791684062, 4.151294571576438, 5.090918059643074, 6.3567873025609405, 1.7728261392477267, 0.0, 1.7680841015064868, 2.4812031234866687, 3.7127867377483454, 4.318166857591309, 3.818188662180013, 3.127456113201271, 2.451242113704805, 4.770483213470099, 4.320576402518535, 5.342759176680155, 4.950780219318971, 6.998368474151672], [1.0951855276618665, 2.176087493645419, 2.7378301883060607, 3.4748528386105795, 4.724077587212133, 5.976532146654948, 7.107606521185596, 1.7726859704978772, 1.7680841015064868, 0.0, 2.4786942066338074, 2.47738047743983, 3.717736690514809, 3.165849625298081, 3.787120654270207, 3.6888083509447878, 4.998382940511861, 4.845834349211703, 6.216281345788654, 6.104699321833959, 7.881722360626515], [2.138828924902597, 1.0973880125097049, 2.143239051062667, 2.1585183668433308, 2.7713451607477553, 4.158396966380194, 5.044482652363867, 3.0645580268612957, 2.4812031234866687, 2.4786942066338074, 0.0, 2.510708382110515, 2.465248646688605, 3.066472556537886, 3.068409995421081, 2.506298573594136, 3.1707849674804502, 2.5249248800706923, 4.737002210259142, 4.33283296470104, 5.895624467348646], [2.7009869770141433, 2.1740132957275122, 1.095487348169754, 3.501909727562948, 4.1206538825773755, 5.580550923520007, 6.377479399417924, 3.056595838510548, 3.7127867377483454, 2.47738047743983, 2.510708382110515, 0.0, 1.761671674858854, 1.771691942748513, 3.777038789845823, 4.311533177420765, 3.8438910767606305, 4.258617673611943, 5.818669615986115, 6.114577000905295, 7.272257865340034], [3.4642893989965677, 2.180843162632288, 1.0940871720297245, 2.856604997195097, 2.836394847337021, 4.274044183206346, 4.838613034744564, 3.810234786729028, 4.318166857591309, 3.717736690514809, 2.465248646688605, 1.761671674858854, 0.0, 1.7734171167551078, 3.2123626460908805, 3.857703172873724, 2.2776434883449164, 3.0112489933580715, 4.574552833884423, 4.992905818258542, 5.760598997500173], [2.81213304628355, 2.1801361631788048, 1.0952345365263094, 2.7874815658583287, 3.4474588177380743, 4.66641817564607, 5.561183669867415, 2.6432157119690403, 3.818188662180013, 3.165849625298081, 3.066472556537886, 1.771691942748513, 1.7734171167551078, 0.0, 2.5788241390215036, 3.7690079410900688, 3.0412087218735913, 4.029220407225199, 4.606765893769728, 5.33081914155789, 6.355525200957039], [2.7773581421919644, 2.172342502921673, 2.79112830410929, 1.0975537253364867, 2.157838423052106, 2.7782944930298514, 4.070492580757272, 2.5997541152962906, 3.127456113201271, 3.787120654270207, 3.068409995421081, 3.777038789845823, 3.2123626460908805, 2.5788241390215036, 0.0, 1.7600286474941256, 2.498804780289969, 3.070077293815255, 2.5909954419103096, 3.1624057582796046, 4.651784440405639], [2.6762356267713048, 2.1594141311939214, 3.484672800995812, 1.0977483409233648, 2.148505885493451, 2.7014409876952707, 4.017584355057153, 3.0327170557109344, 2.451242113704805, 3.6888083509447878, 2.506298573594136, 4.311533177420765, 3.857703172873724, 3.7690079410900688, 1.7600286474941256, 0.0, 3.0667567119026575, 2.5374052947844183, 3.0468670302459873, 2.512635934631199, 4.578983166599327], [4.280254485424903, 2.8598033323989256, 2.822459303515287, 2.1749767194156355, 1.0960021669686608, 2.143165392591062, 2.6133633884326155, 4.521334498795682, 4.770483213470099, 4.998382940511861, 3.1707849674804502, 3.8438910767606305, 2.2776434883449164, 3.0412087218735913, 2.498804780289969, 3.0667567119026575, 0.0, 1.7519904851339805, 2.5016280478920123, 3.0621693829701844, 3.5019318111579505], [4.158457928126723, 2.7720074819523846, 3.4122015561804084, 2.1689649720546433, 1.0969569225817393, 2.1511268256427836, 2.627341686952803, 4.744076884916601, 4.320576402518535, 4.845834349211703, 2.5249248800706923, 4.258617673611943, 3.0112489933580715, 4.029220407225199, 3.070077293815255, 2.5374052947844183, 1.7519904851339805, 0.0, 3.068078012371915, 2.5071555137246673, 3.515399418273833], [5.212778317749566, 4.2476032500693846, 4.729535914865221, 2.7853446537188176, 2.169636868233945, 1.0946950397256765, 2.0511800432921534, 5.177008087689259, 5.342759176680155, 6.216281345788654, 4.737002210259142, 5.818669615986115, 4.574552833884423, 4.606765893769728, 2.5909954419103096, 3.0468670302459873, 2.5016280478920123, 3.068078012371915, 0.0, 1.782622180945811, 2.2743891355702526], [5.123870040311326, 4.197828201582337, 5.117999180343819, 2.788824820600964, 2.170181674422674, 1.0945924675421441, 2.0506757349712803, 5.388461440893866, 4.950780219318971, 6.104699321833959, 4.33283296470104, 6.114577000905295, 4.992905818258542, 5.33081914155789, 3.1624057582796046, 2.512635934631199, 3.0621693829701844, 2.5071555137246673, 1.782622180945811, 0.0, 2.273899703153154], [6.958096970436673, 5.770917288438642, 6.234170396291715, 4.454881854774602, 3.2334306332438927, 1.9429272065623049, 0.9723251565191554, 7.155191881424286, 6.998368474151672, 7.881722360626515, 5.895624467348646, 7.272257865340034, 5.760598997500173, 6.355525200957039, 4.651784440405639, 4.578983166599327, 3.5019318111579505, 3.515399418273833, 2.2743891355702526, 2.273899703153154, 0.0]]}