{"total energy": -38.18867078, "HOMO-LUMO gap/eV": 3.5917048, "electronic energy": -38.60242941, "dipole": [0.88410478, -0.55406236, -0.29751384], "partial charges": [-0.37359926, 0.27766864, -0.17892449, 0.33982281, -0.4184935, -0.17887965, 0.28121077, -0.37427151, -0.01659274, -0.10521126, -0.04695816, -0.10664814, 0.23367923, 0.2331746, 0.06979029, 0.06470496, 0.05459497, 0.03857975, 0.0561903, 0.04737508, 0.04872034, 0.05406695], "atomic dipole moments": [[-0.00574753, -0.00328497, -0.18426334], [-0.0659704, -0.03850197, -0.0368746], [-0.02132258, 0.07909912, -0.02224383], [0.084283, 0.02674248, 0.02768616], [0.1957893, 0.06012878, 0.06113993], [-0.03696243, 0.02090335, 0.07817976], [-0.0710483, -0.04408863, -0.03198412], [-0.03300598, -0.16588251, 0.07295256], [-0.02108169, -0.02329341, -0.0128924], [-0.07336688, -0.11850256, -0.0827079], [-0.04244235, 0.14075104, -0.00504904], [-0.10023795, -0.05401795, 0.0671755], [-0.09366281, -0.05504982, 0.08136921], [-0.07260373, 0.05744869, -0.09865054], [0.07721819, 0.08158209, -0.06909456], [0.07254492, -0.04043558, 0.10129613], [-0.08840567, 0.082054, 0.05426875], [-0.04531358, -0.09470503, -0.07014056], [0.05331995, -0.06569398, 0.0948832], [-0.03983575, 0.06165325, -0.10761636], [0.07759674, -0.09198908, -0.04059407], [0.0747368, 0.07934793, 0.06883901]], "atomic quadrupole moments": [[0.01165125, -0.16440945, 0.08779972, 0.00582304, 0.01501342, -0.09945097], [0.08069732, -0.35403697, 0.24634381, 0.05074366, 0.03604393, -0.32704113], [-0.01090135, -0.03058672, -0.02043064, 0.09096146, 0.03886553, 0.03133198], [-0.17122285, -0.19988614, 0.22350796, -0.12239568, 0.21177911, -0.05228511], [-0.0177661, -0.06553455, 0.0731034, -0.02795356, 0.10850452, -0.0553373], [0.02532213, 0.07045843, 0.03819254, -0.05520218, 0.02218431, -0.06351466], [0.16636259, -0.16741756, -0.17081741, -0.31356583, 0.24757186, 0.00445482], [0.04813205, -0.08594296, -0.04085911, -0.14321557, 0.08268229, -0.00727294], [-0.0390799, 0.02611889, 0.00818993, 0.00690233, -0.03937051, 0.03088997], [-0.05571256, 0.12336765, 0.07766981, 0.08542288, 0.15719202, -0.02195725], [0.11079973, -0.07021423, 0.00892853, -0.1880109, 0.02318902, -0.11972826], [0.0770317, 0.10584375, -0.04851754, -0.16222511, -0.07906902, -0.02851416], [-0.00262152, 0.03821953, -0.01493902, 0.00150374, -0.02807845, 0.01756054], [-0.00969434, 0.02300695, -0.01595013, 0.02607222, -0.02981973, 0.02564448], [-0.00473191, 0.03481978, -0.01752939, -0.04757528, -0.03109643, 0.02226131], [-0.01187585, -0.0284081, -0.00391125, 0.0495976, -0.03774455, 0.01578711], [0.04116162, -0.04013144, -0.00742479, -0.02769018, 0.0270774, -0.03373683], [0.01468609, 0.03163883, -0.01582009, 0.01772427, 0.03553789, 0.001134], [-0.00183031, -0.01078768, -0.03836028, 0.01597152, -0.0261087, 0.04019059], [-0.00500879, -0.02024375, -0.01803812, 0.03830257, -0.04785076, 0.02304691], [-0.00241813, -0.04715302, 0.04287546, -0.02665784, 0.02177564, -0.04045733], [-0.01875817, 0.04105941, 0.00400156, 0.02475608, 0.04585297, 0.01475661]], "number of molecular orbitals": 58, "number of electrons": 66, "number of unpaired electrons": 0, "orbital energies/eV": [-20.66643981, -20.36236756, -20.27781795, -19.84991325, -19.44692866, -18.811761, -18.28909611, -18.15337268, -17.60182447, -17.038454, -17.03014703, -16.80677009, -16.30717295, -16.06119716, -15.71696222, -15.66546179, -15.53572551, -15.34280135, -14.94743689, -14.72275876, -14.56382106, -14.19457587, -13.69517754, -13.49178289, -13.11532378, -13.06346779, -12.87105244, -12.79081011, -12.78027749, -12.52767899, -12.42574751, -12.05327533, -11.73490962, -8.14320481, -7.19343962, -6.09079495, -0.28608666, 0.04074094, 1.26137919, 1.28285366, 1.93485304, 2.91192142, 3.24565794, 3.39025245, 3.68739354, 3.89661367, 4.11337664, 4.6047171, 5.10966471, 5.57547331, 6.33223055, 6.46308084, 6.80701517, 7.60596918, 10.98876917, 14.03721918, 14.13121744, 16.24154942], "fractional occupation": [2.0, 2.0, 2.0, 2.0, 2.0, 2.0, 2.0, 2.0, 2.0, 2.0, 2.0, 2.0, 2.0, 2.0, 2.0, 2.0, 2.0, 2.0, 2.0, 2.0, 2.0, 2.0, 2.0, 2.0, 2.0, 2.0, 2.0, 2.0, 2.0, 2.0, 2.0, 2.0, 2.0, 0.0, 0.0, 0.0, 0.0, 0.0, 0.0, 0.0, 0.0, 0.0, 0.0, 0.0, 0.0, 0.0, 0.0, 0.0, 0.0, 0.0, 0.0, 0.0, 0.0, 0.0, 0.0, 0.0, 0.0, 0.0], "program call": "xtb /home/svss/Project-DBcg-Debug/aqme2_20220329/End-to-End-workflows-final/example-3/QDESCP/mol_890_rdkit_conf_2/mol_890_rdkit_conf_2.xyz --pop --wbo --acc 0.2 --gfn 2 --chrg 0 --uhf 0 --etemp 300 --input /home/svss/Project-DBcg-Debug/aqme2_20220329/End-to-End-workflows-final/example-3/QDESCP/mol_890_rdkit_conf_2/mol_890_rdkit_conf_2_xtb.inp", "method": "GFN2-xTB", "xtb version": "6.3.3 (7355c4f)", "Dipole module/D": 2.758, "Total charge": 0, "Transition dipole module/D": NaN, "HOMO": -11.7349, "LUMO": -8.1432, "HOMO occupancy": 2.0, "LUMO occupancy": 0, "mulliken charges": [-0.50423, 0.47538, -0.32975, 0.57575, -0.5341, -0.33035, 0.47542, -0.50452, -0.05, -0.07389, -0.03387, -0.084, 0.27991, 0.2793, 0.05157, 0.04958, 0.05297, 0.0305, 0.04876, 0.04429, 0.041, 0.04029], "cm5 charges": [-0.54805, 0.57389, -0.67248, 0.74273, -0.57134, -0.67333, 0.57425, -0.54919, -0.05416, -0.21499, -0.1366, -0.23361, 0.48268, 0.48224, 0.10699, 0.10409, 0.10803, 0.09079, 0.1057, 0.09807, 0.09184, 0.09244], "FUKUI+": [-0.152, -0.058, -0.037, -0.054, -0.151, -0.037, -0.058, -0.152, -0.007, 0.025, -0.002, 0.016, -0.05, -0.05, -0.037, -0.037, -0.024, -0.022, -0.037, -0.011, -0.039, -0.026], "FUKUI-": [-0.132, -0.011, -0.035, -0.005, -0.129, -0.036, -0.014, -0.136, -0.027, 0.024, 0.01, 0.014, -0.04, -0.04, -0.044, -0.046, -0.04, -0.052, -0.085, -0.066, -0.054, -0.058], "FUKUIrad": [-0.142, -0.034, -0.036, -0.03, -0.14, -0.037, -0.036, -0.144, -0.017, 0.025, 0.004, 0.015, -0.045, -0.045, -0.04, -0.042, -0.032, -0.037, -0.061, -0.038, -0.047, -0.042], "s proportion": [1.73, 1.013, 1.433, 0.94, 1.721, 1.434, 1.012, 1.73, 1.1, 1.01, 1.037, 1.009, 0.72, 0.721, 0.948, 0.95, 0.947, 0.969, 0.951, 0.956, 0.959, 0.96], "p proportion": [4.775, 2.512, 3.897, 2.485, 4.813, 3.896, 2.512, 4.775, 2.95, 3.063, 2.997, 3.075, 0.0, 0.0, 0.0, 0.0, 0.0, 0.0, 0.0, 0.0, 0.0, 0.0], "d proportion": [0.0, 0.0, 0.0, 0.0, 0.0, 0.0, 0.0, 0.0, 0.0, 0.0, 0.0, 0.0, 0.0, 0.0, 0.0, 0.0, 0.0, 0.0, 0.0, 0.0, 0.0, 0.0], "Fermi-level/eV": -9.9391, "Coordination numbers": [0.858, 2.773, 2.696, 2.711, 0.86, 2.696, 2.771, 0.858, 3.905, 3.755, 3.805, 3.748, 0.86, 0.86, 0.924, 0.924, 0.924, 0.923, 0.923, 0.924, 0.924, 0.924], "Dispersion coefficient C6": [21.16, 22.304, 24.874, 21.226, 22.052, 24.873, 22.241, 21.173, 20.813, 22.567, 21.411, 22.606, 0.949, 0.952, 2.088, 2.145, 2.264, 2.468, 2.244, 2.353, 2.336, 2.27], "Total dispersion C6": 4960.448248, "Total dispersion C8": 111041.083421, "Polarizability alpha": [6.167, 7.735, 7.407, 7.541, 6.296, 7.407, 7.724, 6.169, 6.485, 6.774, 6.587, 6.781, 1.526, 1.528, 2.26, 2.29, 2.353, 2.457, 2.343, 2.399, 2.39, 2.356], "Total polarizability alpha": 104.976137, "Wiberg matrix": [[0.0, 1.7589813512352237, 0.13340896877008715, 0.0, 0.0, 0.0, 0.0, 0.0, 0.0, 0.0, 0.0, 0.0, 0.0, 0.0, 0.0, 0.0, 0.0, 0.0, 0.0, 0.0, 0.0, 0.0], [1.7589813512352237, 0.0, 1.1339117960754772, 0.0, 0.0, 0.0, 0.0, 0.0, 0.945372448226113, 0.0, 0.0, 0.0, 0.0, 0.0, 0.0, 0.0, 0.0, 0.0, 0.0, 0.0, 0.0, 0.0], [0.13340896877008715, 1.1339117960754772, 0.0, 1.1194328751209413, 0.1144121901106575, 0.0, 0.0, 0.0, 0.0, 0.0, 0.0, 0.0, 0.9086579142195436, 0.0, 0.0, 0.0, 0.0, 0.0, 0.0, 0.0, 0.0, 0.0], [0.0, 0.0, 1.1194328751209413, 0.0, 1.657283490007933, 1.1191244662683208, 0.0, 0.0, 0.0, 0.0, 0.0, 0.0, 0.0, 0.0, 0.0, 0.0, 0.0, 0.0, 0.0, 0.0, 0.0, 0.0], [0.0, 0.0, 0.1144121901106575, 1.657283490007933, 0.0, 0.11503959893840254, 0.0, 0.0, 0.0, 0.0, 0.0, 0.0, 0.0, 0.0, 0.0, 0.0, 0.0, 0.0, 0.0, 0.0, 0.0, 0.0], [0.0, 0.0, 0.0, 1.1191244662683208, 0.11503959893840254, 0.0, 1.1309865536235928, 0.13219544794921778, 0.0, 0.0, 0.0, 0.0, 0.0, 0.9087222842365048, 0.0, 0.0, 0.0, 0.0, 0.0, 0.0, 0.0, 0.0], [0.0, 0.0, 0.0, 0.0, 0.0, 1.1309865536235928, 0.0, 1.759558053669686, 0.9498548368660177, 0.0, 0.0, 0.0, 0.0, 0.0, 0.0, 0.0, 0.0, 0.0, 0.0, 0.0, 0.0, 0.0], [0.0, 0.0, 0.0, 0.0, 0.0, 0.13219544794921778, 1.759558053669686, 0.0, 0.0, 0.0, 0.0, 0.0, 0.0, 0.0, 0.0, 0.0, 0.0, 0.0, 0.0, 0.0, 0.0, 0.0], [0.0, 0.945372448226113, 0.0, 0.0, 0.0, 0.0, 0.9498548368660177, 0.0, 0.0, 0.9930677170373012, 0.9268844750840589, 0.0, 0.0, 0.0, 0.0, 0.0, 0.0, 0.0, 0.0, 0.0, 0.0, 0.0], [0.0, 0.0, 0.0, 0.0, 0.0, 0.0, 0.0, 0.0, 0.9930677170373012, 0.0, 0.0, 0.0, 0.0, 0.0, 0.9797450126206332, 0.9824836236508387, 0.9840094614555027, 0.0, 0.0, 0.0, 0.0, 0.0], [0.0, 0.0, 0.0, 0.0, 0.0, 0.0, 0.0, 0.0, 0.9268844750840589, 0.0, 0.0, 1.0179437681012091, 0.0, 0.0, 0.0, 0.0, 0.0, 0.9765677698158574, 0.9722717923642222, 0.0, 0.0, 0.0], [0.0, 0.0, 0.0, 0.0, 0.0, 0.0, 0.0, 0.0, 0.0, 0.0, 1.0179437681012091, 0.0, 0.0, 0.0, 0.0, 0.0, 0.0, 0.0, 0.0, 0.986242043022051, 0.9822045029503863, 0.9843852562587387], [0.0, 0.0, 0.9086579142195436, 0.0, 0.0, 0.0, 0.0, 0.0, 0.0, 0.0, 0.0, 0.0, 0.0, 0.0, 0.0, 0.0, 0.0, 0.0, 0.0, 0.0, 0.0, 0.0], [0.0, 0.0, 0.0, 0.0, 0.0, 0.9087222842365048, 0.0, 0.0, 0.0, 0.0, 0.0, 0.0, 0.0, 0.0, 0.0, 0.0, 0.0, 0.0, 0.0, 0.0, 0.0, 0.0], [0.0, 0.0, 0.0, 0.0, 0.0, 0.0, 0.0, 0.0, 0.0, 0.9797450126206332, 0.0, 0.0, 0.0, 0.0, 0.0, 0.0, 0.0, 0.0, 0.0, 0.0, 0.0, 0.0], [0.0, 0.0, 0.0, 0.0, 0.0, 0.0, 0.0, 0.0, 0.0, 0.9824836236508387, 0.0, 0.0, 0.0, 0.0, 0.0, 0.0, 0.0, 0.0, 0.0, 0.0, 0.0, 0.0], [0.0, 0.0, 0.0, 0.0, 0.0, 0.0, 0.0, 0.0, 0.0, 0.9840094614555027, 0.0, 0.0, 0.0, 0.0, 0.0, 0.0, 0.0, 0.0, 0.0, 0.0, 0.0, 0.0], [0.0, 0.0, 0.0, 0.0, 0.0, 0.0, 0.0, 0.0, 0.0, 0.0, 0.9765677698158574, 0.0, 0.0, 0.0, 0.0, 0.0, 0.0, 0.0, 0.0, 0.0, 0.0, 0.0], [0.0, 0.0, 0.0, 0.0, 0.0, 0.0, 0.0, 0.0, 0.0, 0.0, 0.9722717923642222, 0.0, 0.0, 0.0, 0.0, 0.0, 0.0, 0.0, 0.0, 0.0, 0.0, 0.0], [0.0, 0.0, 0.0, 0.0, 0.0, 0.0, 0.0, 0.0, 0.0, 0.0, 0.0, 0.986242043022051, 0.0, 0.0, 0.0, 0.0, 0.0, 0.0, 0.0, 0.0, 0.0, 0.0], [0.0, 0.0, 0.0, 0.0, 0.0, 0.0, 0.0, 0.0, 0.0, 0.0, 0.0, 0.9822045029503863, 0.0, 0.0, 0.0, 0.0, 0.0, 0.0, 0.0, 0.0, 0.0, 0.0], [0.0, 0.0, 0.0, 0.0, 0.0, 0.0, 0.0, 0.0, 0.0, 0.0, 0.0, 0.9843852562587387, 0.0, 0.0, 0.0, 0.0, 0.0, 0.0, 0.0, 0.0, 0.0, 0.0]], "Born radii": [], "Atomic SASAs": [], "Solvent H bonds": [], "Total SASA": NaN, "Total FOD": 0.0, "FOD": [0.0, 0.0, 0.0, 0.0, 0.0, 0.0, 0.0, 0.0, 0.0, 0.0, 0.0, 0.0, 0.0, 0.0, 0.0, 0.0, 0.0, 0.0, 0.0, 0.0, 0.0, 0.0], "FOD s proportion": [0.0, 0.0, 0.0, 0.0, 0.0, 0.0, 0.0, 0.0, 0.0, 0.0, 0.0, 0.0, 0.0, 0.0, 0.0, 0.0, 0.0, 0.0, 0.0, 0.0, 0.0, 0.0], "FOD p proportion": [0.0, 0.0, 0.0, 0.0, 0.0, 0.0, 0.0, 0.0, 0.0, 0.0, 0.0, 0.0, 0.0, 0.0, 0.0, 0.0, 0.0, 0.0, 0.0, 0.0, 0.0, 0.0], "FOD d proportion": [0.0, 0.0, 0.0, 0.0, 0.0, 0.0, 0.0, 0.0, 0.0, 0.0, 0.0, 0.0, 0.0, 0.0, 0.0, 0.0, 0.0, 0.0, 0.0, 0.0, 0.0, 0.0], "coordinates": [["-0.87280", "-0.47880", "2.50610"], ["-0.91040", "-0.47980", "1.27890"], ["-1.85300", "-1.21710", "0.61400"], ["-2.36100", "-0.85290", "-0.59480"], ["-3.48630", "-1.19390", "-0.94410"], ["-1.60740", "-0.01220", "-1.35420"], ["-0.66720", "0.82210", "-0.81340"], ["-0.44930", "1.92200", "-1.31320"], ["0.07770", "0.26620", "0.39160"], ["0.72480", "1.40380", "1.19220"], ["1.13060", "-0.76910", "-0.08620"], ["2.28040", "-0.19060", "-0.90340"], ["-2.51210", "-1.70060", "1.21030"], ["-2.10130", "0.36960", "-2.15060"], ["1.36870", "2.03410", "0.56980"], ["1.32970", "1.01580", "2.01950"], ["-0.04020", "2.06000", "1.62490"], ["0.64990", "-1.55040", "-0.68950"], ["1.55480", "-1.28540", "0.78530"], ["1.91790", "0.33670", "-1.79070"], ["2.93800", "-0.99820", "-1.24170"], ["2.88850", "0.49870", "-0.31070"]], "bond_dist": [[0.0, 1.2277762825531369, 2.2551987362536368, 3.459807922414191, 4.386984191902223, 3.9571794007853627, 3.5712312190615716, 4.531031381484794, 2.435074023515507, 2.796934344956992, 3.289058366766999, 4.653001153019415, 2.4205779000065255, 4.890178902657857, 3.8843591942558557, 2.7058482902779306, 2.8134039240748923, 3.6984863403830492, 3.0830176710489354, 5.188018598655946, 5.370100356604148, 4.799713135177977], [1.2277762825531369, 0.0, 1.369013535360407, 2.398790457709885, 3.47662603971149, 2.763634268495019, 2.476249006057347, 3.563739448949656, 1.523206781760113, 2.4958655592799865, 2.472422597372868, 3.8765028788845237, 2.015068606772484, 3.728430423113726, 3.466527488712588, 2.793448716192943, 2.7069444176044692, 2.730443006180499, 2.6400460905067544, 4.253045649884327, 4.629508125060372, 4.232721538206831], [2.2551987362536368, 1.369013535360407, 0.0, 1.3608464571728878, 2.2574061973867265, 2.3207573354403084, 2.7571595963962623, 3.94188055881961, 2.4448401052011564, 3.721355249099446, 3.0972331200605483, 4.521194595458152, 1.011809641187511, 3.197230510926605, 4.577292427844216, 4.134108362150174, 3.8791167886517672, 2.8416033414254, 3.412786166755837, 4.734613325288561, 5.142491682054527, 5.126486319107855], [3.459807922414191, 2.398790457709885, 1.3608464571728878, 0.0, 1.2266179437787463, 1.360653449633668, 2.392147445288438, 3.4453977215990608, 2.8587807645917866, 4.219979328148422, 3.5294428682158885, 4.698560333761822, 1.9999531269507291, 1.9956111795637945, 4.858160582977883, 4.893656165894781, 4.335685313765287, 3.0920855664098306, 4.174352872003037, 4.5993814997236315, 5.3403176590910775, 5.428147531156463], [4.386984191902223, 3.47662603971149, 2.2574061973867265, 1.2266179437787463, 0.0, 2.2571801235169513, 3.4682363385444193, 4.366742105964125, 4.076528241040408, 5.389358606550505, 4.71510477720273, 5.853468738278184, 2.4181087423852548, 2.412135879257219, 6.023529049485858, 6.07120705049663, 5.391032500365769, 4.159334544130827, 5.330280088325566, 5.68021527408953, 6.434166203945932, 6.62602183515871], [3.9571794007853627, 2.763634268495019, 2.3207573354403084, 1.360653449633668, 2.2571801235169513, 0.0, 1.3683921842805153, 2.254774101767181, 2.4423116529222884, 3.732072587718519, 3.110846445905037, 3.917912204223061, 3.200911885697574, 1.011909783528156, 4.0922232221617625, 4.589683224363093, 3.9528680081682466, 2.8112788228847028, 4.024674810466058, 3.5693141568094, 4.65247390212992, 4.643600744034741], [3.5712312190615716, 2.476249006057347, 2.7571595963962623, 2.392147445288438, 3.4682363385444193, 1.3683921842805153, 0.0, 1.227623908206418, 1.52181661838738, 2.509675327607139, 2.508549804169732, 3.118013317803502, 3.7233094136802545, 2.0123376704718323, 2.743551539519533, 3.4713760542470764, 2.805500365353746, 2.716405689509577, 3.4546609008700115, 2.8059705023396093, 4.061329833933708, 3.6055925088673013], [4.531031381484794, 3.563739448949656, 3.94188055881961, 3.4453977215990608, 4.366742105964125, 2.254774101767181, 1.227623908206418, 0.0, 2.4342854557343925, 2.814972683704053, 3.3531525792901222, 3.475956974704952, 4.873030561160067, 2.4166688891943804, 2.6198052236759892, 3.8849618698257515, 2.9696529123788187, 3.695240735053672, 4.325220667203004, 2.8887398948330394, 4.472860558971183, 3.7645315751099764], [2.435074023515507, 1.523206781760113, 2.4448401052011564, 2.8587807645917866, 4.076528241040408, 2.4423116529222884, 1.52181661838738, 2.4342854557343925, 0.0, 1.5342204958870809, 1.552010740942214, 2.5956845975580314, 3.3534513519656133, 3.3498527430321468, 2.196339374960072, 2.1861982000724454, 2.1800568203604236, 2.190028677894424, 2.178138347304872, 2.8554753684807017, 3.528128730644618, 2.9065233837008777], [2.796934344956992, 2.4958655592799865, 3.721355249099446, 4.219979328148422, 5.389358606550505, 3.732072587718519, 2.509675327607139, 2.814972683704053, 1.5342204958870809, 0.0, 2.5535220010800765, 3.0583561074538066, 4.4849914804824325, 4.497857566664378, 1.0951105241024763, 1.0958436476067195, 1.096837604205837, 3.503384440794359, 2.8436357449575005, 3.3852448109405615, 4.073294422209129, 2.785590082908826], [3.289058366766999, 2.472422597372868, 3.0972331200605483, 3.5294428682158885, 4.71510477720273, 3.110846445905037, 2.508549804169732, 3.3531525792901222, 1.552010740942214, 2.5535220010800765, 0.0, 1.5246370486118985, 3.9771683130086415, 4.0004453077126305, 2.888764069632548, 2.7675767938758264, 3.5074838075178625, 1.0979403763410835, 1.0981910489527766, 2.1789803073915097, 2.1573970010176615, 2.178974414718998], [4.653001153019415, 3.8765028788845237, 4.521194595458152, 4.698560333761822, 5.853468738278184, 3.917912204223061, 3.118013317803502, 3.475956974704952, 2.5956845975580314, 3.0583561074538066, 1.5246370486118985, 0.0, 5.451227746113714, 4.590057381994261, 2.8197172234108865, 3.301904883548283, 4.103984114248007, 2.1338555480631767, 2.139343378235481, 1.0939619874566027, 1.0950353464614737, 1.0937154063100691], [2.4205779000065255, 2.015068606772484, 1.011809641187511, 1.9999531269507291, 2.4181087423852548, 3.200911885697574, 3.7233094136802545, 4.873030561160067, 3.3534513519656133, 4.4849914804824325, 3.9771683130086415, 5.451227746113714, 0.0, 3.9686437847204177, 5.42391306899364, 4.774207875658536, 4.5193246320661675, 3.691888958243463, 4.110071976255404, 5.725512404143405, 6.017413046318161, 6.026345646409605], [4.890178902657857, 3.728430423113726, 3.197230510926605, 1.9956111795637945, 2.412135879257219, 1.011909783528156, 2.0123376704718323, 2.4166688891943804, 3.3498527430321468, 4.497857566664378, 4.0004453077126305, 4.590057381994261, 3.9686437847204177, 0.0, 4.712964715547953, 5.438664307529929, 4.621686447607626, 3.6592778864142037, 4.972484391126835, 4.035415599414762, 5.300143445228629, 5.319774700116539], [3.8843591942558557, 3.466527488712588, 4.577292427844216, 4.858160582977883, 6.023529049485858, 4.0922232221617625, 2.743551539519533, 2.6198052236759892, 2.196339374960072, 1.0951105241024763, 2.888764069632548, 2.8197172234108865, 5.42391306899364, 4.712964715547953, 0.0, 1.7720287751613968, 1.760370992149098, 3.8666717186748607, 3.3316893177485802, 2.9588422820420828, 3.8651103515941174, 2.332922083996806], [2.7058482902779306, 2.793448716192943, 4.134108362150174, 4.893656165894781, 6.07120705049663, 4.589683224363093, 3.4713760542470764, 3.8849618698257515, 2.1861982000724454, 1.0958436476067195, 2.7675767938758264, 3.301904883548283, 4.774207875658536, 5.438664307529929, 1.7720287751613968, 0.0, 1.7671131288064157, 3.7929133235548633, 2.620961863514996, 3.914687738504822, 4.1567114802449305, 2.8508037270215567], [2.8134039240748923, 2.7069444176044692, 3.8791167886517672, 4.335685313765287, 5.391032500365769, 3.9528680081682466, 2.805500365353746, 2.9696529123788187, 2.1800568203604236, 1.096837604205837, 3.5074838075178625, 4.103984114248007, 4.5193246320661675, 4.621686447607626, 1.760370992149098, 1.7671131288064157, 0.0, 4.343693535460346, 3.800086093761561, 4.29770192777489, 5.1419508010092825, 3.8420682893462477], [3.6984863403830492, 2.730443006180499, 2.8416033414254, 3.0920855664098306, 4.159334544130827, 2.8112788228847028, 2.716405689509577, 3.695240735053672, 2.190028677894424, 3.503384440794359, 1.0979403763410835, 2.1338555480631767, 3.691888958243463, 3.6592778864142037, 3.8666717186748607, 3.7929133235548633, 4.343693535460346, 0.0, 1.7504582400045996, 2.526185236676044, 2.417695450217004, 3.0583705154869643], [3.0830176710489354, 2.6400460905067544, 3.412786166755837, 4.174352872003037, 5.330280088325566, 4.024674810466058, 3.4546609008700115, 4.325220667203004, 2.178138347304872, 2.8436357449575005, 1.0981910489527766, 2.139343378235481, 4.110071976255404, 4.972484391126835, 3.3316893177485802, 2.620961863514996, 3.800086093761561, 1.7504582400045996, 0.0, 3.0657504823452286, 2.470719547014594, 2.48253590104957], [5.188018598655946, 4.253045649884327, 4.734613325288561, 4.5993814997236315, 5.68021527408953, 3.5693141568094, 2.8059705023396093, 2.8887398948330394, 2.8554753684807017, 3.3852448109405615, 2.1789803073915097, 1.0939619874566027, 5.725512404143405, 4.035415599414762, 2.9588422820420828, 3.914687738504822, 4.29770192777489, 2.526185236676044, 3.0657504823452286, 0.0, 1.7674736263944648, 1.7772755441967911], [5.370100356604148, 4.629508125060372, 5.142491682054527, 5.3403176590910775, 6.434166203945932, 4.65247390212992, 4.061329833933708, 4.472860558971183, 3.528128730644618, 4.073294422209129, 2.1573970010176615, 1.0950353464614737, 6.017413046318161, 5.300143445228629, 3.8651103515941174, 4.1567114802449305, 5.1419508010092825, 2.417695450217004, 2.470719547014594, 1.7674736263944648, 0.0, 1.763496770623638], [4.799713135177977, 4.232721538206831, 5.126486319107855, 5.428147531156463, 6.62602183515871, 4.643600744034741, 3.6055925088673013, 3.7645315751099764, 2.9065233837008777, 2.785590082908826, 2.178974414718998, 1.0937154063100691, 6.026345646409605, 5.319774700116539, 2.332922083996806, 2.8508037270215567, 3.8420682893462477, 3.0583705154869643, 2.48253590104957, 1.7772755441967911, 1.763496770623638, 0.0]]}