{"total energy": -71.2024029, "HOMO-LUMO gap/eV": 2.80241676, "electronic energy": -72.0618381, "dipole": [-1.4491398, -2.06433719, 2.70695982], "partial charges": [-0.12266874, 0.10449928, -0.19474507, 0.08145987, -0.06890514, 0.09900406, -0.12306529, -0.10819145, -0.01711631, -0.03080848, 0.26898259, -0.41360743, -0.10789115, 0.05870553, -0.03497101, -0.03217266, -0.0327647, -0.040161, 0.00475541, -0.10907593, 1.13663715, -0.45662339, -0.57200084, -0.57670451, 0.04590901, 0.05375153, 0.04614298, 0.06437186, 0.17420944, 0.06954004, 0.10931918, 0.05600568, 0.04114269, 0.037331, 0.03943032, 0.04786406, 0.052009, 0.04299905, 0.2041903, 0.20321306], "atomic dipole moments": [[-0.01865543, 0.11776572, 0.01258626], [0.12191637, 0.04873728, -0.10377148], [0.01835375, -0.15311404, -0.08278204], [-0.09591288, -0.03046452, 0.06110352], [0.00828585, 0.01556715, -0.06120762], [0.22350191, 0.03902291, 0.04504665], [0.04458848, 0.10080509, -0.17575381], [0.1258092, 0.03597238, -0.07148437], [0.05194387, 0.00884517, 0.03336294], [-0.01499926, 0.01093101, -0.01451314], [-0.05264756, -0.00455102, 0.0165838], [0.02593542, -0.02233163, 0.19079364], [0.00642829, -0.08527944, 0.02094045], [0.18121654, 0.0289839, 0.05627009], [0.00282213, 0.04049544, 0.01472651], [0.00838179, 0.00580903, 0.00212016], [0.0051166, 0.00023124, -0.00123617], [0.01875976, 0.00245762, 0.00793242], [0.03918074, 0.0385539, 0.0558224], [-0.01216612, -0.05802059, -0.0512987], [-0.02172957, -0.06276025, 0.07372692], [0.01940866, 0.15223555, -0.11926504], [-0.08371978, -0.15409288, -0.06914059], [0.06768239, 0.03158815, 0.17616324], [0.03190621, -0.05379706, 0.11212466], [-0.10312678, -0.06739882, -0.04415841], [0.0983982, -0.03576755, -0.08124798], [-0.09056909, 0.01002221, 0.08299268], [0.03769744, -0.06111268, 0.11316548], [0.01909754, 0.00154745, 0.1519098], [-0.0229845, 0.01149876, -0.16068277], [0.11121212, -0.06659435, -0.08830811], [-0.02732472, -0.08320161, -0.12409624], [-0.1416794, -0.02267028, -0.04661044], [-0.12106713, 0.060041, 0.06986897], [0.11409806, 0.06411158, -0.00281013], [-0.08457526, 0.09927871, -0.00475291], [-0.01528184, -0.06292781, 0.11158575], [0.00365796, -0.04581198, -0.11043744], [0.09258065, 0.05989909, 0.04198844]], "atomic quadrupole moments": [[-0.11655753, -0.06276618, 0.22983119, 0.00587735, 0.03062534, -0.11327366], [0.00108511, 0.0810152, -0.02014811, 0.20513558, -0.03807738, 0.01906299], [0.09072418, 0.08496128, -0.02955222, 0.01043349, 0.04162432, -0.06117196], [-0.14712731, -0.08981004, 0.38580937, -0.11291823, 0.0148451, -0.23868206], [-0.15081086, -0.11734201, 0.3968812, -0.0073732, 0.01507488, -0.24607034], [0.02634989, -0.06026167, 0.30329993, 0.21698182, 0.06915626, -0.32964982], [0.27495202, 0.06621163, -0.18702718, 0.27880514, 0.03601745, -0.08792484], [-0.05513361, -0.02055642, 0.25274425, -0.29951004, -0.03353589, -0.19761064], [-0.20043723, -0.1315695, 0.54966072, -0.01244459, 0.06938001, -0.3492235], [-0.13395883, -0.07687967, 0.29248216, 0.10369736, 0.05263999, -0.15852333], [-0.2443008, -0.08888311, 0.46145408, -0.00176485, 0.11360162, -0.21715328], [-0.10878023, -0.04464031, 0.182159, 0.00706777, 0.04895328, -0.07337877], [-0.033972, -0.00389559, -0.02755941, 0.04357424, -0.01691176, 0.06153141], [-0.00355964, 0.11851486, 0.10972315, 0.08452619, -0.34493677, -0.10616351], [-0.24130955, 0.04542639, 0.26315043, -0.02172773, -0.37712902, -0.02184088], [-0.24680666, 0.01376281, 0.26760273, -0.02214678, -0.3760024, -0.02079606], [-0.26964965, 0.01710392, 0.27422084, -0.02784085, -0.36879398, -0.00457118], [-0.2781083, 0.03369693, 0.25522046, -0.01344292, -0.34646552, 0.02288784], [-0.35435609, 0.05363603, 0.22029257, 0.0226269, -0.2404348, 0.13406352], [-0.0577452, 0.01426663, -0.02511251, 0.04187407, 0.13886977, 0.08285771], [0.18635801, -0.23238838, -0.05061878, -0.10136844, -0.14026311, -0.13573923], [0.0416641, -0.18705522, 0.0770099, 0.03660253, -0.03682552, -0.118674], [-0.02384979, 0.09486018, 0.09278345, 0.03419017, 0.06927539, -0.06893367], [-0.0516689, 0.00076749, -0.08733424, 0.07697746, 0.03260469, 0.13900314], [-0.0447692, -0.01272165, -0.02664936, 0.02619327, -0.02980976, 0.07141856], [0.05094275, 0.03754342, -0.01613615, 0.03525329, 0.02221754, -0.0348066], [0.02819176, -0.00118291, -0.03584512, -0.06373487, -0.00028717, 0.00765336], [0.02021875, -0.00591912, -0.00645476, -0.01216716, 0.00038027, -0.01376399], [0.00653129, 0.02007616, -0.05395919, 0.00824349, -0.02103569, 0.0474279], [0.02529439, 0.01614841, -0.05702043, 0.00300585, -0.00608935, 0.03172604], [0.04071714, 0.01720883, -0.05109838, -0.00939448, -0.00372929, 0.01038124], [0.04491385, 0.00323615, -0.03342899, 0.01159686, 0.03696824, -0.01148486], [0.04088094, -0.00496122, -0.03720498, -0.00107256, 0.04506607, -0.00367596], [0.03116109, -0.00401089, -0.03329487, -0.0024102, 0.05040296, 0.00213377], [0.02439988, 0.00057771, -0.02921195, 0.00536888, 0.05341262, 0.00481207], [0.06635841, 0.03391274, -0.02628638, -0.01321273, 0.00626344, -0.04007203], [0.02969993, -0.0571953, 0.00781442, 0.02240862, 0.00700598, -0.03751434], [-0.04627768, 0.01145006, -0.00109992, -0.00783663, -0.05308914, 0.0473776], [-0.03369759, -0.04083768, 0.01495209, -0.0152145, 0.08529939, 0.0187455], [0.08455013, 0.00109445, -0.05015102, 0.06925027, 0.02114975, -0.0343991]], "number of molecular orbitals": 122, "number of electrons": 126, "number of unpaired electrons": 0, "orbital energies/eV": [-28.96393841, -21.10616296, -19.18201896, -19.11043331, -18.81963038, -18.41780007, -18.15226071, -18.14664729, -18.03370464, -17.79294604, -17.53687793, -17.3511631, -17.34710172, -17.25192678, -17.04268808, -16.86095087, -16.70198938, -16.60424535, -16.46160933, -16.13438647, -16.04132723, -15.73776039, -15.67171151, -15.31365037, -15.25169848, -14.98968834, -14.89216201, -14.75659952, -14.71296023, -14.62512638, -14.4735691, -14.31592447, -14.29917278, -14.11620966, -14.02112319, -13.92509763, -13.90772317, -13.84452965, -13.75941463, -13.60383982, -13.52754069, -13.39744093, -13.27644166, -13.10575481, -13.08857192, -12.89132594, -12.7828443, -12.65863447, -12.58056613, -12.39171371, -12.250638, -12.06892554, -11.97618441, -11.96246856, -11.85311246, -11.58923717, -11.5286476, -11.3927931, -11.38017314, -11.06882813, -11.01371277, -10.87397993, -10.60593112, -7.80351436, -7.19806973, -6.4315106, -6.38375039, -5.74954183, -4.39781006, -3.60574154, -3.17517012, -3.07526524, -2.36730878, -1.60476898, -1.09003693, -0.80490301, -0.34227739, 0.08122504, 0.16331993, 0.17035912, 0.51258002, 1.38877382, 1.75683828, 1.89052066, 1.95254484, 2.28251008, 2.69430017, 3.00908713, 3.12668653, 3.46311384, 3.5932488, 3.84975914, 3.99501052, 4.16992454, 4.26100962, 4.35280017, 4.41355289, 4.63098069, 4.76124169, 4.94911707, 5.50041016, 5.60902096, 5.72191927, 6.34741634, 6.59511323, 7.05622699, 8.68548434, 9.26452681, 9.89569628, 10.1485294, 10.17596374, 11.23933231, 11.33288827, 11.5029907, 14.07214117, 14.77901248, 15.97838717, 16.04764799, 16.60437343, 17.62767606, 26.82142615, 31.57586526], "fractional occupation": [2.0, 2.0, 2.0, 2.0, 2.0, 2.0, 2.0, 2.0, 2.0, 2.0, 2.0, 2.0, 2.0, 2.0, 2.0, 2.0, 2.0, 2.0, 2.0, 2.0, 2.0, 2.0, 2.0, 2.0, 2.0, 2.0, 2.0, 2.0, 2.0, 2.0, 2.0, 2.0, 2.0, 2.0, 2.0, 2.0, 2.0, 2.0, 2.0, 2.0, 2.0, 2.0, 2.0, 2.0, 2.0, 2.0, 2.0, 2.0, 2.0, 2.0, 2.0, 2.0, 2.0, 2.0, 2.0, 2.0, 2.0, 2.0, 2.0, 2.0, 2.0, 2.0, 2.0, 0.0, 0.0, 0.0, 0.0, 0.0, 0.0, 0.0, 0.0, 0.0, 0.0, 0.0, 0.0, 0.0, 0.0, 0.0, 0.0, 0.0, 0.0, 0.0, 0.0, 0.0, 0.0, 0.0, 0.0, 0.0, 0.0, 0.0, 0.0, 0.0, 0.0, 0.0, 0.0, 0.0, 0.0, 0.0, 0.0, 0.0, 0.0, 0.0, 0.0, 0.0, 0.0, 0.0, 0.0, 0.0, 0.0, 0.0, 0.0, 0.0, 0.0, 0.0, 0.0, 0.0, 0.0, 0.0, 0.0, 0.0, 0.0, 0.0], "program call": "xtb /home/svss/Project-DBcg-Debug/aqme2_20220329/End-to-End-workflows-final/example-3/QDESCP/mol_374_rdkit_conf_3/mol_374_rdkit_conf_3.xyz --pop --wbo --acc 0.2 --gfn 2 --chrg 0 --uhf 0 --etemp 300 --input /home/svss/Project-DBcg-Debug/aqme2_20220329/End-to-End-workflows-final/example-3/QDESCP/mol_374_rdkit_conf_3/mol_374_rdkit_conf_3_xtb.inp", "method": "GFN2-xTB", "xtb version": "6.3.3 (7355c4f)", "Dipole module/D": 9.404, "Total charge": 0, "Transition dipole module/D": NaN, "HOMO": -10.6059, "LUMO": -7.8035, "HOMO occupancy": 2.0, "LUMO occupancy": 0, "mulliken charges": [-0.11702, 0.23857, -0.36311, 0.15808, -0.09702, 0.12098, -0.05867, 0.02873, 0.016, -0.07233, 0.4699, -0.5379, -0.28215, 0.12708, -0.03534, -0.02832, -0.0293, -0.04103, -0.01051, -0.08554, 0.52443, -0.39953, -0.39989, -0.40577, 0.03868, 0.04799, 0.0447, 0.03897, 0.22163, 0.04704, 0.09451, 0.05439, 0.03668, 0.03338, 0.03321, 0.04121, 0.043, 0.03365, 0.23787, 0.2327], "cm5 charges": [-0.2542, 0.28808, -0.70512, 0.21583, -0.14112, 0.11929, -0.05773, 0.04253, -0.02879, -0.06453, 0.56892, -0.58249, -0.51288, 0.18098, -0.08211, -0.08351, -0.08461, -0.09413, -0.02079, -0.22791, 0.63858, -0.8259, -0.4475, -0.45668, 0.09261, 0.10209, 0.10129, 0.11988, 0.41442, 0.1069, 0.16003, 0.11741, 0.09213, 0.08879, 0.08934, 0.09736, 0.09497, 0.08613, 0.42895, 0.42345], "FUKUI+": [0.012, 0.011, -0.026, -0.027, -0.02, -0.051, -0.112, -0.015, -0.024, -0.04, -0.036, -0.097, -0.032, -0.005, -0.007, -0.012, -0.024, -0.012, -0.015, 0.011, -0.031, 0.002, -0.023, -0.023, -0.023, -0.021, -0.004, -0.031, -0.033, -0.051, -0.043, -0.012, -0.032, -0.038, -0.034, -0.003, -0.023, -0.019, -0.021, -0.016], "FUKUI-": [0.004, 0.008, -0.043, -0.007, -0.01, -0.009, -0.082, -0.02, -0.007, -0.018, -0.002, -0.052, -0.05, -0.017, -0.011, -0.021, -0.03, -0.012, -0.027, 0.014, -0.036, -0.025, -0.033, -0.031, -0.031, -0.024, -0.02, -0.032, -0.032, -0.029, -0.024, -0.028, -0.044, -0.045, -0.041, -0.015, -0.032, -0.033, -0.028, -0.025], "FUKUIrad": [0.008, 0.01, -0.034, -0.017, -0.015, -0.03, -0.097, -0.017, -0.016, -0.029, -0.019, -0.075, -0.041, -0.011, -0.009, -0.017, -0.027, -0.012, -0.021, 0.013, -0.033, -0.012, -0.028, -0.027, -0.027, -0.023, -0.012, -0.032, -0.032, -0.04, -0.034, -0.02, -0.038, -0.042, -0.037, -0.009, -0.028, -0.026, -0.024, -0.021], "s proportion": [1.023, 1.014, 1.45, 1.051, 1.06, 1.086, 1.945, 1.073, 1.076, 1.082, 0.994, 1.73, 1.447, 1.046, 1.066, 1.06, 1.06, 1.063, 1.09, 1.008, 1.704, 1.465, 1.722, 1.722, 0.961, 0.952, 0.955, 0.961, 0.778, 0.953, 0.905, 0.946, 0.963, 0.967, 0.967, 0.959, 0.957, 0.966, 0.762, 0.767], "p proportion": [3.094, 2.747, 3.913, 2.791, 3.037, 2.793, 5.125, 2.899, 2.908, 2.99, 2.536, 4.808, 3.835, 2.827, 2.969, 2.968, 2.969, 2.978, 2.921, 3.077, 2.807, 3.935, 4.678, 4.684, 0.0, 0.0, 0.0, 0.0, 0.0, 0.0, 0.0, 0.0, 0.0, 0.0, 0.0, 0.0, 0.0, 0.0, 0.0, 0.0], "d proportion": [0.0, 0.0, 0.0, 0.0, 0.0, 0.0, -0.011, 0.0, 0.0, 0.0, 0.0, 0.0, 0.0, 0.0, 0.0, 0.0, 0.0, 0.0, 0.0, 0.0, 0.965, 0.0, 0.0, 0.0, 0.0, 0.0, 0.0, 0.0, 0.0, 0.0, 0.0, 0.0, 0.0, 0.0, 0.0, 0.0, 0.0, 0.0, 0.0, 0.0], "Fermi-level/eV": -9.2047, "Coordination numbers": [3.749, 3.741, 2.689, 2.909, 2.969, 2.906, 0.967, 2.977, 2.962, 2.974, 2.766, 0.858, 2.736, 2.905, 2.914, 2.91, 2.91, 2.916, 2.96, 3.754, 3.702, 2.632, 0.86, 0.86, 0.924, 0.924, 0.924, 0.924, 0.86, 0.925, 0.925, 0.925, 0.925, 0.925, 0.925, 0.924, 0.924, 0.924, 0.863, 0.863], "Dispersion coefficient C6": [22.917, 18.934, 25.227, 26.183, 29.713, 25.806, 102.995, 30.729, 28.435, 28.764, 22.458, 21.954, 23.36, 26.683, 28.87, 28.802, 28.816, 28.998, 27.915, 22.642, 102.819, 32.0, 25.439, 25.552, 2.372, 2.274, 2.369, 2.149, 1.248, 2.091, 1.702, 2.246, 2.434, 2.485, 2.456, 2.347, 2.295, 2.409, 1.084, 1.089], "Total dispersion C6": 24184.420141, "Total dispersion C8": 635041.435098, "Polarizability alpha": [6.828, 6.208, 7.46, 8.391, 8.941, 8.33, 15.526, 9.093, 8.746, 8.797, 7.761, 6.282, 7.178, 8.47, 8.811, 8.8, 8.802, 8.83, 8.666, 6.785, 17.066, 8.401, 6.762, 6.777, 2.408, 2.358, 2.407, 2.292, 1.75, 2.261, 2.04, 2.344, 2.44, 2.465, 2.451, 2.396, 2.369, 2.427, 1.631, 1.635], "Total polarizability alpha": 243.387581, "Wiberg matrix": [[0.0, 0.9857542487480965, 0.0, 0.0, 0.0, 0.0, 0.0, 0.0, 0.0, 0.0, 0.0, 0.0, 0.0, 0.0, 0.0, 0.0, 0.0, 0.0, 0.0, 0.0, 0.0, 0.0, 0.0, 0.0, 0.9826261593912569, 0.9825693916222509, 0.9850071921276287, 0.0, 0.0, 0.0, 0.0, 0.0, 0.0, 0.0, 0.0, 0.0, 0.0, 0.0, 0.0, 0.0], [0.9857542487480965, 0.0, 0.9843510633810804, 0.0, 0.0, 0.0, 0.0, 0.0, 0.0, 0.0, 0.0, 0.0, 0.9771967953011791, 0.0, 0.0, 0.0, 0.0, 0.0, 0.0, 0.0, 0.0, 0.0, 0.0, 0.0, 0.0, 0.0, 0.0, 0.9550374448508303, 0.0, 0.0, 0.0, 0.0, 0.0, 0.0, 0.0, 0.0, 0.0, 0.0, 0.0, 0.0], [0.0, 0.9843510633810804, 0.0, 1.1534911910029129, 0.0, 0.0, 0.0, 0.0, 0.0, 0.0, 0.0, 0.0, 0.0, 0.0, 0.0, 0.0, 0.0, 0.0, 0.0, 0.0, 0.0, 0.0, 0.0, 0.0, 0.0, 0.0, 0.0, 0.0, 0.9375847174637716, 0.0, 0.0, 0.0, 0.0, 0.0, 0.0, 0.0, 0.0, 0.0, 0.0, 0.0], [0.0, 0.0, 1.1534911910029129, 0.0, 1.3539806049989431, 0.0, 0.0, 0.0, 0.0, 1.301176700762634, 0.0, 0.0, 0.0, 0.0, 0.0, 0.0, 0.0, 0.0, 0.0, 0.0, 0.0, 0.0, 0.0, 0.0, 0.0, 0.0, 0.0, 0.0, 0.0, 0.0, 0.0, 0.0, 0.0, 0.0, 0.0, 0.0, 0.0, 0.0, 0.0, 0.0], [0.0, 0.0, 0.0, 1.3539806049989431, 0.0, 1.4094780002468175, 0.0, 0.0, 0.0, 0.0, 0.0, 0.0, 0.0, 0.0, 0.0, 0.0, 0.0, 0.0, 0.0, 0.0, 0.0, 0.0, 0.0, 0.0, 0.0, 0.0, 0.0, 0.0, 0.0, 0.9627965154090184, 0.0, 0.0, 0.0, 0.0, 0.0, 0.0, 0.0, 0.0, 0.0, 0.0], [0.0, 0.0, 0.0, 0.0, 1.4094780002468175, 0.0, 1.005960898953846, 1.3663338249734993, 0.0, 0.0, 0.0, 0.0, 0.0, 0.0, 0.0, 0.0, 0.0, 0.0, 0.0, 0.0, 0.0, 0.0, 0.0, 0.0, 0.0, 0.0, 0.0, 0.0, 0.0, 0.0, 0.0, 0.0, 0.0, 0.0, 0.0, 0.0, 0.0, 0.0, 0.0, 0.0], [0.0, 0.0, 0.0, 0.0, 0.0, 1.005960898953846, 0.0, 0.0, 0.0, 0.0, 0.0, 0.0, 0.0, 0.0, 0.0, 0.0, 0.0, 0.0, 0.0, 0.0, 0.0, 0.0, 0.0, 0.0, 0.0, 0.0, 0.0, 0.0, 0.0, 0.0, 0.0, 0.0, 0.0, 0.0, 0.0, 0.0, 0.0, 0.0, 0.0, 0.0], [0.0, 0.0, 0.0, 0.0, 0.0, 1.3663338249734993, 0.0, 0.0, 1.4097675384004549, 0.0, 0.0, 0.0, 0.0, 0.0, 0.0, 0.0, 0.0, 0.0, 0.0, 0.0, 0.7680818754423858, 0.0, 0.0, 0.0, 0.0, 0.0, 0.0, 0.0, 0.0, 0.0, 0.0, 0.0, 0.0, 0.0, 0.0, 0.0, 0.0, 0.0, 0.0, 0.0], [0.0, 0.0, 0.0, 0.0, 0.0, 0.0, 0.0, 1.4097675384004549, 0.0, 1.405472040754845, 0.0, 0.0, 0.0, 0.0, 0.0, 0.0, 0.0, 0.0, 0.0, 0.0, 0.0, 0.0, 0.0, 0.0, 0.0, 0.0, 0.0, 0.0, 0.0, 0.0, 0.9524297447609884, 0.0, 0.0, 0.0, 0.0, 0.0, 0.0, 0.0, 0.0, 0.0], [0.0, 0.0, 0.0, 1.301176700762634, 0.0, 0.0, 0.0, 0.0, 1.405472040754845, 0.0, 1.0143107777838183, 0.0, 0.0, 0.0, 0.0, 0.0, 0.0, 0.0, 0.0, 0.0, 0.0, 0.0, 0.0, 0.0, 0.0, 0.0, 0.0, 0.0, 0.0, 0.0, 0.0, 0.0, 0.0, 0.0, 0.0, 0.0, 0.0, 0.0, 0.0, 0.0], [0.0, 0.0, 0.0, 0.0, 0.0, 0.0, 0.0, 0.0, 0.0, 1.0143107777838183, 0.0, 1.688108058210962, 1.1609649352774127, 0.0, 0.0, 0.0, 0.0, 0.0, 0.0, 0.0, 0.0, 0.0, 0.0, 0.0, 0.0, 0.0, 0.0, 0.0, 0.0, 0.0, 0.0, 0.0, 0.0, 0.0, 0.0, 0.0, 0.0, 0.0, 0.0, 0.0], [0.0, 0.0, 0.0, 0.0, 0.0, 0.0, 0.0, 0.0, 0.0, 0.0, 1.688108058210962, 0.0, 0.1740534291542054, 0.0, 0.0, 0.0, 0.0, 0.0, 0.0, 0.0, 0.0, 0.0, 0.0, 0.0, 0.0, 0.0, 0.0, 0.0, 0.0, 0.0, 0.0, 0.0, 0.0, 0.0, 0.0, 0.0, 0.0, 0.0, 0.0, 0.0], [0.0, 0.9771967953011791, 0.0, 0.0, 0.0, 0.0, 0.0, 0.0, 0.0, 0.0, 1.1609649352774127, 0.1740534291542054, 0.0, 1.0011398206590987, 0.0, 0.0, 0.0, 0.0, 0.0, 0.0, 0.0, 0.0, 0.0, 0.0, 0.0, 0.0, 0.0, 0.0, 0.0, 0.0, 0.0, 0.0, 0.0, 0.0, 0.0, 0.0, 0.0, 0.0, 0.0, 0.0], [0.0, 0.0, 0.0, 0.0, 0.0, 0.0, 0.0, 0.0, 0.0, 0.0, 0.0, 0.0, 1.0011398206590987, 0.0, 1.3960592464023243, 0.0, 0.10035593620229331, 0.0, 1.3693463483869512, 0.0, 0.0, 0.0, 0.0, 0.0, 0.0, 0.0, 0.0, 0.0, 0.0, 0.0, 0.0, 0.0, 0.0, 0.0, 0.0, 0.0, 0.0, 0.0, 0.0, 0.0], [0.0, 0.0, 0.0, 0.0, 0.0, 0.0, 0.0, 0.0, 0.0, 0.0, 0.0, 0.0, 0.0, 1.3960592464023243, 0.0, 1.4417617313037505, 0.0, 0.11024759117812041, 0.0, 0.0, 0.0, 0.0, 0.0, 0.0, 0.0, 0.0, 0.0, 0.0, 0.0, 0.0, 0.0, 0.9670088975897457, 0.0, 0.0, 0.0, 0.0, 0.0, 0.0, 0.0, 0.0], [0.0, 0.0, 0.0, 0.0, 0.0, 0.0, 0.0, 0.0, 0.0, 0.0, 0.0, 0.0, 0.0, 0.0, 1.4417617313037505, 0.0, 1.4350003618294584, 0.0, 0.10665941897732892, 0.0, 0.0, 0.0, 0.0, 0.0, 0.0, 0.0, 0.0, 0.0, 0.0, 0.0, 0.0, 0.0, 0.9701323429160804, 0.0, 0.0, 0.0, 0.0, 0.0, 0.0, 0.0], [0.0, 0.0, 0.0, 0.0, 0.0, 0.0, 0.0, 0.0, 0.0, 0.0, 0.0, 0.0, 0.0, 0.10035593620229331, 0.0, 1.4350003618294584, 0.0, 1.443969831807007, 0.0, 0.0, 0.0, 0.0, 0.0, 0.0, 0.0, 0.0, 0.0, 0.0, 0.0, 0.0, 0.0, 0.0, 0.0, 0.9704269199515997, 0.0, 0.0, 0.0, 0.0, 0.0, 0.0], [0.0, 0.0, 0.0, 0.0, 0.0, 0.0, 0.0, 0.0, 0.0, 0.0, 0.0, 0.0, 0.0, 0.0, 0.11024759117812041, 0.0, 1.443969831807007, 0.0, 1.4114939777696882, 0.0, 0.0, 0.0, 0.0, 0.0, 0.0, 0.0, 0.0, 0.0, 0.0, 0.0, 0.0, 0.0, 0.0, 0.0, 0.9691172360532765, 0.0, 0.0, 0.0, 0.0, 0.0], [0.0, 0.0, 0.0, 0.0, 0.0, 0.0, 0.0, 0.0, 0.0, 0.0, 0.0, 0.0, 0.0, 1.3693463483869512, 0.0, 0.10665941897732892, 0.0, 1.4114939777696882, 0.0, 1.0249504777071652, 0.0, 0.0, 0.0, 0.0, 0.0, 0.0, 0.0, 0.0, 0.0, 0.0, 0.0, 0.0, 0.0, 0.0, 0.0, 0.0, 0.0, 0.0, 0.0, 0.0], [0.0, 0.0, 0.0, 0.0, 0.0, 0.0, 0.0, 0.0, 0.0, 0.0, 0.0, 0.0, 0.0, 0.0, 0.0, 0.0, 0.0, 0.0, 1.0249504777071652, 0.0, 0.0, 0.0, 0.0, 0.0, 0.0, 0.0, 0.0, 0.0, 0.0, 0.0, 0.0, 0.0, 0.0, 0.0, 0.0, 0.9817980981773867, 0.9776534474513711, 0.9667208017738006, 0.0, 0.0], [0.0, 0.0, 0.0, 0.0, 0.0, 0.0, 0.0, 0.7680818754423858, 0.0, 0.0, 0.0, 0.0, 0.0, 0.0, 0.0, 0.0, 0.0, 0.0, 0.0, 0.0, 0.0, 0.9440838308740123, 1.6060079687224622, 1.606081925749459, 0.0, 0.0, 0.0, 0.0, 0.0, 0.0, 0.0, 0.0, 0.0, 0.0, 0.0, 0.0, 0.0, 0.0, 0.0, 0.0], [0.0, 0.0, 0.0, 0.0, 0.0, 0.0, 0.0, 0.0, 0.0, 0.0, 0.0, 0.0, 0.0, 0.0, 0.0, 0.0, 0.0, 0.0, 0.0, 0.0, 0.9440838308740123, 0.0, 0.0, 0.0, 0.0, 0.0, 0.0, 0.0, 0.0, 0.0, 0.0, 0.0, 0.0, 0.0, 0.0, 0.0, 0.0, 0.0, 0.9403540182596717, 0.9405774562172151], [0.0, 0.0, 0.0, 0.0, 0.0, 0.0, 0.0, 0.0, 0.0, 0.0, 0.0, 0.0, 0.0, 0.0, 0.0, 0.0, 0.0, 0.0, 0.0, 0.0, 1.6060079687224622, 0.0, 0.0, 0.11449836521416547, 0.0, 0.0, 0.0, 0.0, 0.0, 0.0, 0.0, 0.0, 0.0, 0.0, 0.0, 0.0, 0.0, 0.0, 0.0, 0.0], [0.0, 0.0, 0.0, 0.0, 0.0, 0.0, 0.0, 0.0, 0.0, 0.0, 0.0, 0.0, 0.0, 0.0, 0.0, 0.0, 0.0, 0.0, 0.0, 0.0, 1.606081925749459, 0.0, 0.11449836521416547, 0.0, 0.0, 0.0, 0.0, 0.0, 0.0, 0.0, 0.0, 0.0, 0.0, 0.0, 0.0, 0.0, 0.0, 0.0, 0.0, 0.0], [0.9826261593912569, 0.0, 0.0, 0.0, 0.0, 0.0, 0.0, 0.0, 0.0, 0.0, 0.0, 0.0, 0.0, 0.0, 0.0, 0.0, 0.0, 0.0, 0.0, 0.0, 0.0, 0.0, 0.0, 0.0, 0.0, 0.0, 0.0, 0.0, 0.0, 0.0, 0.0, 0.0, 0.0, 0.0, 0.0, 0.0, 0.0, 0.0, 0.0, 0.0], [0.9825693916222509, 0.0, 0.0, 0.0, 0.0, 0.0, 0.0, 0.0, 0.0, 0.0, 0.0, 0.0, 0.0, 0.0, 0.0, 0.0, 0.0, 0.0, 0.0, 0.0, 0.0, 0.0, 0.0, 0.0, 0.0, 0.0, 0.0, 0.0, 0.0, 0.0, 0.0, 0.0, 0.0, 0.0, 0.0, 0.0, 0.0, 0.0, 0.0, 0.0], [0.9850071921276287, 0.0, 0.0, 0.0, 0.0, 0.0, 0.0, 0.0, 0.0, 0.0, 0.0, 0.0, 0.0, 0.0, 0.0, 0.0, 0.0, 0.0, 0.0, 0.0, 0.0, 0.0, 0.0, 0.0, 0.0, 0.0, 0.0, 0.0, 0.0, 0.0, 0.0, 0.0, 0.0, 0.0, 0.0, 0.0, 0.0, 0.0, 0.0, 0.0], [0.0, 0.9550374448508303, 0.0, 0.0, 0.0, 0.0, 0.0, 0.0, 0.0, 0.0, 0.0, 0.0, 0.0, 0.0, 0.0, 0.0, 0.0, 0.0, 0.0, 0.0, 0.0, 0.0, 0.0, 0.0, 0.0, 0.0, 0.0, 0.0, 0.0, 0.0, 0.0, 0.0, 0.0, 0.0, 0.0, 0.0, 0.0, 0.0, 0.0, 0.0], [0.0, 0.0, 0.9375847174637716, 0.0, 0.0, 0.0, 0.0, 0.0, 0.0, 0.0, 0.0, 0.0, 0.0, 0.0, 0.0, 0.0, 0.0, 0.0, 0.0, 0.0, 0.0, 0.0, 0.0, 0.0, 0.0, 0.0, 0.0, 0.0, 0.0, 0.0, 0.0, 0.0, 0.0, 0.0, 0.0, 0.0, 0.0, 0.0, 0.0, 0.0], [0.0, 0.0, 0.0, 0.0, 0.9627965154090184, 0.0, 0.0, 0.0, 0.0, 0.0, 0.0, 0.0, 0.0, 0.0, 0.0, 0.0, 0.0, 0.0, 0.0, 0.0, 0.0, 0.0, 0.0, 0.0, 0.0, 0.0, 0.0, 0.0, 0.0, 0.0, 0.0, 0.0, 0.0, 0.0, 0.0, 0.0, 0.0, 0.0, 0.0, 0.0], [0.0, 0.0, 0.0, 0.0, 0.0, 0.0, 0.0, 0.0, 0.9524297447609884, 0.0, 0.0, 0.0, 0.0, 0.0, 0.0, 0.0, 0.0, 0.0, 0.0, 0.0, 0.0, 0.0, 0.0, 0.0, 0.0, 0.0, 0.0, 0.0, 0.0, 0.0, 0.0, 0.0, 0.0, 0.0, 0.0, 0.0, 0.0, 0.0, 0.0, 0.0], [0.0, 0.0, 0.0, 0.0, 0.0, 0.0, 0.0, 0.0, 0.0, 0.0, 0.0, 0.0, 0.0, 0.0, 0.9670088975897457, 0.0, 0.0, 0.0, 0.0, 0.0, 0.0, 0.0, 0.0, 0.0, 0.0, 0.0, 0.0, 0.0, 0.0, 0.0, 0.0, 0.0, 0.0, 0.0, 0.0, 0.0, 0.0, 0.0, 0.0, 0.0], [0.0, 0.0, 0.0, 0.0, 0.0, 0.0, 0.0, 0.0, 0.0, 0.0, 0.0, 0.0, 0.0, 0.0, 0.0, 0.9701323429160804, 0.0, 0.0, 0.0, 0.0, 0.0, 0.0, 0.0, 0.0, 0.0, 0.0, 0.0, 0.0, 0.0, 0.0, 0.0, 0.0, 0.0, 0.0, 0.0, 0.0, 0.0, 0.0, 0.0, 0.0], [0.0, 0.0, 0.0, 0.0, 0.0, 0.0, 0.0, 0.0, 0.0, 0.0, 0.0, 0.0, 0.0, 0.0, 0.0, 0.0, 0.9704269199515997, 0.0, 0.0, 0.0, 0.0, 0.0, 0.0, 0.0, 0.0, 0.0, 0.0, 0.0, 0.0, 0.0, 0.0, 0.0, 0.0, 0.0, 0.0, 0.0, 0.0, 0.0, 0.0, 0.0], [0.0, 0.0, 0.0, 0.0, 0.0, 0.0, 0.0, 0.0, 0.0, 0.0, 0.0, 0.0, 0.0, 0.0, 0.0, 0.0, 0.0, 0.9691172360532765, 0.0, 0.0, 0.0, 0.0, 0.0, 0.0, 0.0, 0.0, 0.0, 0.0, 0.0, 0.0, 0.0, 0.0, 0.0, 0.0, 0.0, 0.0, 0.0, 0.0, 0.0, 0.0], [0.0, 0.0, 0.0, 0.0, 0.0, 0.0, 0.0, 0.0, 0.0, 0.0, 0.0, 0.0, 0.0, 0.0, 0.0, 0.0, 0.0, 0.0, 0.0, 0.9817980981773867, 0.0, 0.0, 0.0, 0.0, 0.0, 0.0, 0.0, 0.0, 0.0, 0.0, 0.0, 0.0, 0.0, 0.0, 0.0, 0.0, 0.0, 0.0, 0.0, 0.0], [0.0, 0.0, 0.0, 0.0, 0.0, 0.0, 0.0, 0.0, 0.0, 0.0, 0.0, 0.0, 0.0, 0.0, 0.0, 0.0, 0.0, 0.0, 0.0, 0.9776534474513711, 0.0, 0.0, 0.0, 0.0, 0.0, 0.0, 0.0, 0.0, 0.0, 0.0, 0.0, 0.0, 0.0, 0.0, 0.0, 0.0, 0.0, 0.0, 0.0, 0.0], [0.0, 0.0, 0.0, 0.0, 0.0, 0.0, 0.0, 0.0, 0.0, 0.0, 0.0, 0.0, 0.0, 0.0, 0.0, 0.0, 0.0, 0.0, 0.0, 0.9667208017738006, 0.0, 0.0, 0.0, 0.0, 0.0, 0.0, 0.0, 0.0, 0.0, 0.0, 0.0, 0.0, 0.0, 0.0, 0.0, 0.0, 0.0, 0.0, 0.0, 0.0], [0.0, 0.0, 0.0, 0.0, 0.0, 0.0, 0.0, 0.0, 0.0, 0.0, 0.0, 0.0, 0.0, 0.0, 0.0, 0.0, 0.0, 0.0, 0.0, 0.0, 0.0, 0.9403540182596717, 0.0, 0.0, 0.0, 0.0, 0.0, 0.0, 0.0, 0.0, 0.0, 0.0, 0.0, 0.0, 0.0, 0.0, 0.0, 0.0, 0.0, 0.0], [0.0, 0.0, 0.0, 0.0, 0.0, 0.0, 0.0, 0.0, 0.0, 0.0, 0.0, 0.0, 0.0, 0.0, 0.0, 0.0, 0.0, 0.0, 0.0, 0.0, 0.0, 0.9405774562172151, 0.0, 0.0, 0.0, 0.0, 0.0, 0.0, 0.0, 0.0, 0.0, 0.0, 0.0, 0.0, 0.0, 0.0, 0.0, 0.0, 0.0, 0.0]], "Born radii": [], "Atomic SASAs": [], "Solvent H bonds": [], "Total SASA": NaN, "Total FOD": 0.0, "FOD": [0.0, 0.0, 0.0, 0.0, 0.0, 0.0, 0.0, 0.0, 0.0, 0.0, 0.0, 0.0, 0.0, 0.0, 0.0, 0.0, 0.0, 0.0, 0.0, 0.0, 0.0, 0.0, 0.0, 0.0, 0.0, 0.0, 0.0, 0.0, 0.0, 0.0, 0.0, 0.0, 0.0, 0.0, 0.0, 0.0, 0.0, 0.0, 0.0, 0.0], "FOD s proportion": [0.0, 0.0, 0.0, 0.0, 0.0, 0.0, 0.0, 0.0, 0.0, 0.0, 0.0, 0.0, 0.0, 0.0, 0.0, 0.0, 0.0, 0.0, 0.0, 0.0, 0.0, 0.0, 0.0, 0.0, 0.0, 0.0, 0.0, 0.0, 0.0, 0.0, 0.0, 0.0, 0.0, 0.0, 0.0, 0.0, 0.0, 0.0, 0.0, 0.0], "FOD p proportion": [0.0, 0.0, 0.0, 0.0, 0.0, 0.0, 0.0, 0.0, 0.0, 0.0, 0.0, 0.0, 0.0, 0.0, 0.0, 0.0, 0.0, 0.0, 0.0, 0.0, 0.0, 0.0, 0.0, 0.0, 0.0, 0.0, 0.0, 0.0, 0.0, 0.0, 0.0, 0.0, 0.0, 0.0, 0.0, 0.0, 0.0, 0.0, 0.0, 0.0], "FOD d proportion": [0.0, 0.0, 0.0, 0.0, 0.0, 0.0, 0.0, 0.0, 0.0, 0.0, 0.0, 0.0, 0.0, 0.0, 0.0, 0.0, 0.0, 0.0, 0.0, 0.0, 0.0, 0.0, 0.0, 0.0, 0.0, 0.0, 0.0, 0.0, 0.0, 0.0, 0.0, 0.0, 0.0, 0.0, 0.0, 0.0, 0.0, 0.0, 0.0, 0.0], "coordinates": [["-0.54180", "-2.10870", "1.29750"], ["-0.82470", "-0.60410", "1.40600"], ["0.30690", "0.09070", "2.01250"], ["1.40840", "0.27930", "1.17110"], ["2.67570", "0.51450", "1.71700"], ["3.78730", "0.76010", "0.89650"], ["5.29980", "0.98820", "1.69930"], ["3.62280", "0.79860", "-0.48910"], ["2.35080", "0.61390", "-1.04730"], ["1.25150", "0.36850", "-0.21450"], ["-0.11220", "0.24830", "-0.78880"], ["-0.24550", "0.43100", "-1.99650"], ["-1.14620", "0.00290", "0.11900"], ["-2.49750", "-0.13970", "-0.33110"], ["-2.77300", "-0.90460", "-1.47640"], ["-4.08550", "-1.12510", "-1.89630"], ["-5.14350", "-0.57990", "-1.17940"], ["-4.88760", "0.20590", "-0.05710"], ["-3.56950", "0.45560", "0.36790"], ["-3.38030", "1.39300", "1.53080"], ["4.97430", "1.11770", "-1.57580"], ["6.00540", "-0.17710", "-1.29190"], ["5.66150", "2.31280", "-1.15170"], ["4.53550", "0.93450", "-2.94070"], ["-0.28050", "-2.52500", "2.27650"], ["-1.42320", "-2.64370", "0.92810"], ["0.28410", "-2.32890", "0.61280"], ["-1.66590", "-0.48690", "2.09410"], ["0.55280", "-0.27840", "2.92670"], ["2.80310", "0.50460", "2.79770"], ["2.20140", "0.67930", "-2.12470"], ["-1.96660", "-1.35870", "-2.04760"], ["-4.27650", "-1.72360", "-2.78310"], ["-6.16670", "-0.74960", "-1.50430"], ["-5.72680", "0.65040", "0.47490"], ["-2.40120", "1.88080", "1.50580"], ["-4.12550", "2.19590", "1.50070"], ["-3.49250", "0.85290", "2.47560"], ["6.13250", "-0.70800", "-2.15470"], ["6.87910", "0.16260", "-0.88590"]], "bond_dist": [[0.0, 1.534804814952051, 2.463509092737431, 3.0857415640328663, 4.172465067558983, 5.208831082882225, 6.623935643558141, 5.384071508626162, 4.612783602121391, 3.4115375902956133, 3.1768935849348177, 4.169928749990819, 2.4925922590748772, 3.2177727467924147, 3.758008975508175, 4.87089694922814, 5.444989067023, 5.106690901160946, 4.075139008671974, 4.5136918403896376, 7.00663036416222, 7.300814938073694, 8.001823153506956, 7.280273399399229, 1.0954562428504389, 1.0952384763146337, 1.0951771272264592, 2.128005547455175, 2.6837361811474683, 4.502032090067773, 5.197070624880905, 3.712445157844086, 5.545050266679285, 6.429365136621189, 5.930727490788967, 4.406457477384753, 5.604799469204941, 4.343457684840501, 7.6436853558999935, 8.061997026791811], [1.534804814952051, 0.0, 1.4598314457498167, 2.412946161852767, 3.6879245003117944, 4.836442482858656, 6.334898928159785, 5.033808453844862, 4.193567114045035, 2.8075928212616588, 2.459957123610084, 3.6033194279719356, 1.4588283826413577, 2.455899755690366, 3.492048524863307, 4.6700581291885435, 5.033578472617667, 4.393622425743932, 3.120022874916144, 3.2457779976455567, 6.744192129528933, 7.356035577673615, 7.557838668561271, 7.070561143926272, 2.1780221991522493, 2.1786598679004485, 2.1985310368516524, 1.0930850332888105, 2.0775262284746248, 4.040665467469437, 4.8239236374553025, 3.7149306494199856, 5.54227050043572, 6.08506206541889, 5.145026906635183, 2.9444932161579183, 4.329462868532308, 3.2224292079113237, 7.816137891567676, 8.07398098461967], [2.463509092737431, 1.4598314457498167, 0.0, 1.3988660300400466, 2.4244876015356316, 3.715741718688208, 5.082583093270587, 4.213587281640194, 3.7166707535104586, 2.43494784338392, 2.8368581670573523, 4.061161268652109, 2.3884201263596823, 3.6619946040375324, 4.759078619859101, 6.004170620493724, 6.351754885856349, 5.592794064687166, 4.226622544065179, 3.9399827436170325, 5.97622361111095, 6.592698874512623, 6.604667380724029, 6.567133822300259, 2.6938116582270557, 3.412640140712173, 2.795379060163398, 2.057236048682795, 1.0161019929121287, 2.6493143811182542, 4.588246293519998, 4.873804942752633, 6.877282850806705, 7.41494998567084, 6.251640867804227, 3.285575826244161, 4.933556125149485, 3.902672265256206, 7.207016920335348, 7.1832934653959395], [3.0857415640328663, 2.412946161852767, 1.3988660300400466, 0.0, 1.3997768179249146, 2.4424862353757493, 3.9905549000107743, 2.8159374797747194, 2.4333872441516577, 1.3973051241586427, 2.480804984274258, 3.5766028378896086, 2.776561277911943, 4.205736635834441, 5.088711174747492, 6.447031823250138, 7.013591697554115, 6.415097723339841, 5.045364242549788, 4.9296409068004134, 4.578647942351541, 5.235177070548808, 5.25541451267167, 5.2072008497848445, 3.4551976586007345, 4.076878286140022, 2.8945563770636773, 3.3000472617827765, 2.0310617937423765, 2.1544780667252104, 3.4133775999733755, 4.943045487348868, 7.208702661367024, 8.099292585158286, 7.178682935608732, 4.146067835913927, 5.865666281847272, 5.103876763794362, 5.861128538088889, 5.845804168803467], [4.172465067558983, 3.6879245003117944, 2.4244876015356316, 1.3997768179249146, 0.0, 1.4032797903483114, 2.6665719172750624, 2.4175583612397036, 2.7851023069180063, 2.404236654325027, 3.7579625450501766, 4.725512029399566, 4.173997864158534, 5.602203985040173, 6.473019392833611, 7.839518511362798, 8.409918724934267, 7.774713606300878, 6.389527608516924, 6.1222192618363485, 4.060781210555428, 4.540780974678254, 4.51423572933448, 5.032834721108969, 4.276765008742005, 5.234268970926122, 3.8760716918034426, 4.47152065074064, 2.568806903992591, 1.0882284962267803, 3.8743745843684243, 6.263548570099861, 8.578640711674549, 9.495407324596455, 8.494897731579822, 5.261776766454465, 7.009294764097169, 6.22387979961053, 5.332357206714494, 4.956560660377315], [5.208831082882225, 4.836442482858656, 3.715741718688208, 2.4424862353757493, 1.4032797903483114, 0.0, 1.7274761069259397, 1.3958616908562251, 2.421417999850501, 2.7960602997789588, 4.278817077183833, 4.97405585513472, 5.051463188027802, 6.466479168759458, 7.172127758901119, 8.563567639716522, 9.266291029856554, 8.744734450513636, 7.382048797590002, 7.223391769799005, 2.7657031746013527, 3.253829437754843, 3.1809788069083393, 3.9133518165378387, 5.40770550695949, 6.223838305258259, 4.679189772813238, 5.720720671383982, 3.957547793773311, 2.156036022426341, 3.413100773490288, 6.8017941353734015, 9.205057973201473, 10.35012805379721, 9.524068430035559, 6.318603265754228, 8.064675016390927, 7.449674938545977, 4.118871458300198, 3.618450393469558], [6.623935643558141, 6.334898928159785, 5.082583093270587, 3.9905549000107743, 2.6665719172750624, 1.7274761069259397, 0.0, 2.7635795121544815, 4.047284651466956, 4.520552114509909, 6.0023193533833235, 6.687283571824961, 6.709625934431815, 8.135881627703295, 8.879068767049842, 10.270259604313807, 10.945700808536657, 10.36725870276227, 8.984473897229599, 8.691167430213273, 3.2937820981358192, 3.286802837104775, 3.1644261802102447, 4.702832995121133, 6.6193264136164185, 7.680115627384787, 6.110718546128598, 7.131112363439522, 5.064069047712521, 2.770173714769527, 4.931376863513881, 8.505749125150588, 10.915644309430387, 12.031775598389459, 11.099512230724375, 7.754971180475142, 9.50443377271892, 8.827541394408753, 4.29229539174554, 3.1399144717651146], [5.384071508626162, 5.033808453844862, 4.213587281640194, 2.8159374797747194, 2.4175583612397036, 1.3958616908562251, 2.7635795121544815, 0.0, 1.4013155711687497, 2.4255834061107855, 3.7871988566749435, 4.167868689150367, 4.8730160168010945, 6.193822969701346, 6.691928658466107, 8.068377929918752, 8.900830974128203, 8.541945062455039, 7.251294869883584, 7.312777651481002, 1.763319015379804, 2.6968984204081545, 2.62452626010867, 2.6195100037984203, 5.824998816308892, 6.270566252739859, 4.7055666555687, 6.02459792683296, 4.717257533779558, 3.400205630546482, 2.1702068588040166, 6.190658922925732, 8.603654417164837, 9.963024868482464, 9.4003340047043, 6.437340976676627, 8.120831498067178, 7.708429714928974, 3.3678867276082793, 3.341472120188945], [4.612783602121391, 4.193567114045035, 3.7166707535104586, 2.4333872441516577, 2.7851023069180063, 2.421417999850501, 4.047284651466956, 1.4013155711687497, 0.0, 1.4007988756420386, 2.503368652436153, 2.7704163477715764, 3.7366543444637745, 4.958514726205823, 5.361277413079835, 6.7209284842200185, 7.589936846904592, 7.317198548625013, 6.089154458543485, 6.3323853033434405, 2.7232111449536927, 3.747213807617601, 3.722619381564546, 2.908721714086791, 5.274853489908511, 5.362577637666424, 3.960713665490097, 5.2167071501091575, 4.45215445486789, 3.873053934558619, 1.089673474027885, 4.850947702253653, 7.238647192673504, 8.638043036475334, 8.219856863108992, 5.541196551287456, 7.137050489522966, 6.827305493384634, 4.156321602090002, 4.553594463717646], [3.4115375902956133, 2.8075928212616588, 2.43494784338392, 1.3973051241586427, 2.404236654325027, 2.7960602997789588, 4.520552114509909, 2.4255834061107855, 1.4007988756420386, 0.0, 1.4845693719055368, 2.3281836804685323, 2.4482342412440854, 3.7850843847924978, 4.405652672419831, 5.7916199115618765, 6.536552575325927, 6.143269677460041, 4.856832009654029, 5.054625958466166, 4.034064720601295, 4.904899115170464, 4.909862149796061, 4.305482370188037, 4.11393330645989, 4.187231028973682, 2.98265901671646, 3.8174030282379143, 3.2823465295425467, 3.391066883740278, 2.155868894436765, 4.086519675714287, 6.444639041094544, 7.6120577303380985, 7.017934942702162, 4.31146154685392, 5.932405144627261, 5.475108891154586, 5.361659191892003, 5.671248057526668], [3.1768935849348177, 2.459957123610084, 2.8368581670573523, 2.480804984274258, 3.7579625450501766, 4.278817077183833, 6.0023193533833235, 3.7871988566749435, 2.503368652436153, 1.4845693719055368, 0.0, 1.2286933995102276, 1.397668773350825, 2.4596116319451733, 2.980239723579296, 4.347401143211885, 5.113947916238491, 4.8313173990124065, 3.6515546647969, 4.167896335083204, 5.21993367869746, 6.1529752583607875, 6.142431794493123, 5.167461595406394, 4.137098242730041, 3.6097272209960685, 2.9603202681466745, 3.356428926701711, 3.8111124543891375, 4.629000543313858, 2.706129111849618, 2.7578661678914007, 5.020658979655958, 6.177759699923589, 5.769086172003327, 3.6290172788235657, 5.014133314940878, 4.7379612292630675, 6.463472022837261, 6.992499452270268], [4.169928749990819, 3.6033194279719356, 4.061161268652109, 3.5766028378896086, 4.725512029399566, 4.97405585513472, 6.687283571824961, 4.167868689150367, 2.7704163477715764, 2.3281836804685323, 1.2286933995102276, 0.0, 2.338775395372544, 2.8584540664492057, 2.905613122905388, 4.144524972780355, 5.067541338755906, 5.0359740646671325, 4.079211752287444, 4.816041977599448, 5.28155823786882, 6.319809932268533, 6.256796886586618, 4.899284324266147, 5.195930138098471, 4.403866771372631, 3.8348364580513734, 4.426407677790197, 5.037700813863403, 5.681877555878867, 2.4628048521959673, 2.4835101187633604, 4.6378876355513405, 6.057779018749364, 6.016693777316576, 4.360626998494597, 5.513590468106966, 5.5426245606210784, 6.480835767090538, 7.215635528489504], [2.4925922590748772, 1.4588283826413577, 2.3884201263596823, 2.776561277911943, 4.173997864158534, 5.051463188027802, 6.709625934431815, 4.8730160168010945, 3.7366543444637745, 2.4482342412440854, 1.397668773350825, 2.338775395372544, 0.0, 1.4314106538656193, 2.452618121518309, 3.7380880915248635, 4.243100952133946, 3.751039078708725, 2.47775531277808, 2.986094449276513, 6.447917984124799, 7.291667941561793, 7.300349018368917, 6.520073430568095, 3.4343152374236117, 2.781342008815169, 2.7797280028808573, 2.1002409718887023, 3.2937683555465767, 4.7983442008676285, 4.086334838213824, 2.687222781981427, 4.604537408904395, 5.329801064767802, 4.639807907661695, 2.6504240509775037, 3.948996376296134, 3.4323734135434627, 7.658626782263254, 8.089546847011889], [3.2177727467924147, 2.455899755690366, 3.6619946040375324, 4.205736635834441, 5.602203985040173, 6.466479168759458, 8.135881627703295, 6.193822969701346, 4.958514726205823, 3.7850843847924978, 2.4596116319451733, 2.8584540664492057, 1.4314106538656193, 0.0, 1.4045228193233457, 2.4377465413779174, 2.813308538002898, 2.430451268797628, 1.411441493651083, 2.5681076184615006, 7.678419634924885, 8.557093186941463, 8.559054948415744, 7.578060886532912, 4.17184885272705, 3.0016197510677465, 3.663446793663039, 2.587218862021534, 4.465067594113218, 6.188769852725176, 5.095824091351663, 2.171218105119797, 3.4184622580920796, 3.9001801099436415, 3.4208584448936206, 2.7323791007105878, 3.3853954864978473, 3.1389241230077545, 8.838856365503402, 9.397862304268987], [3.758008975508175, 3.492048524863307, 4.759078619859101, 5.088711174747492, 6.473019392833611, 7.172127758901119, 8.879068767049842, 6.691928658466107, 5.361277413079835, 4.405652672419831, 2.980239723579296, 2.905613122905388, 2.452618121518309, 1.4045228193233457, 0.0, 1.3955617184488829, 2.410997581915005, 2.778336894618793, 2.426107742867163, 3.8328880612405056, 8.007511157656916, 8.810425816043171, 9.033154659364579, 7.677280478789348, 4.787745901778832, 3.260068879640429, 3.9672720526830525, 3.7614643358670836, 5.5534099155383805, 7.165658843400236, 5.260578624067889, 1.0875464174001956, 2.1537730010379463, 3.397352366181641, 3.8665916683818575, 4.097585293804145, 4.506160328927501, 4.384608363354702, 8.933458048258805, 9.728856073557672], [4.87089694922814, 4.6700581291885435, 6.004170620493724, 6.447031823250138, 7.839518511362798, 8.563567639716522, 10.270259604313807, 8.068377929918752, 6.7209284842200185, 5.7916199115618765, 4.347401143211885, 4.144524972780355, 3.7380880915248635, 2.4377465413779174, 1.3955617184488829, 0.0, 1.3894432877955118, 2.407816863883132, 2.8091760589183443, 4.310817678816862, 9.338781940381732, 10.153337686199547, 10.362316081359419, 8.92492938459459, 5.818075699920035, 4.16787986990988, 5.180552230216389, 4.710101438398116, 6.744779965276851, 8.49366634910979, 6.54470301312443, 2.137100339244744, 1.0867830924338124, 2.1508272106331554, 3.386569854587382, 4.842167459929489, 4.7508157194317695, 4.835043185949843, 10.22977355418975, 11.086096364816608], [5.444989067023, 5.033578472617667, 6.351754885856349, 7.013591697554115, 8.409918724934267, 9.266291029856554, 10.945700808536657, 8.900830974128203, 7.589936846904592, 6.536552575325927, 5.113947916238491, 5.067541338755906, 4.243100952133946, 2.813308538002898, 2.410997581915005, 1.3894432877955118, 0.0, 1.3937445031281739, 2.4380060582369354, 3.787663222885583, 10.266881491475395, 11.156741249128261, 11.18554896194192, 9.953824694558369, 6.274984288426546, 4.747784618114011, 5.977442898096142, 4.776835041112474, 7.028427501938111, 8.952201752641637, 7.511772942521627, 3.384227281079095, 2.15211346819818, 1.0868745741804795, 2.1425651612028047, 4.5591175483858715, 3.9905294949417427, 4.258842781789439, 11.318824837411345, 12.049081262071395], [5.106690901160946, 4.393622425743932, 5.592794064687166, 6.415097723339841, 7.774713606300878, 8.744734450513636, 10.36725870276227, 8.541945062455039, 7.317198548625013, 6.143269677460041, 4.8313173990124065, 5.0359740646671325, 3.751039078708725, 2.430451268797628, 2.778336894618793, 2.407816863883132, 1.3937445031281739, 0.0, 1.4072536018784958, 2.4904991688414593, 10.019725572090286, 10.969451628955753, 10.812986986952309, 9.881336980894842, 5.841992312559132, 4.592701444683728, 5.798315094921972, 3.935350577775759, 6.2237899297775146, 8.208895858762006, 7.399526898390194, 3.86552770136239, 3.3952156720891824, 2.154870042485161, 1.0885131556393794, 3.380847730969261, 2.639628240870293, 2.963019119074327, 11.255120744798786, 11.795932062367942], [4.075139008671974, 3.120022874916144, 4.226622544065179, 5.045364242549788, 6.389527608516924, 7.382048797590002, 8.984473897229599, 7.251294869883584, 6.089154458543485, 4.856832009654029, 3.6515546647969, 4.079211752287444, 2.47775531277808, 1.411441493651083, 2.426107742867163, 2.8091760589183443, 2.4380060582369354, 1.4072536018784958, 0.0, 1.505606791297117, 8.787085099166847, 9.738272708237329, 9.53780567006898, 8.767394377464722, 4.831588902214261, 3.811310564622096, 4.76063537986265, 2.7371089949068526, 4.907093919011537, 6.820290301739362, 6.290181496586565, 3.419884961515519, 3.895839144523295, 3.4209775971204484, 2.168718361152503, 2.165856952801824, 2.149654839735905, 2.14620026558567, 10.091891781028966, 10.527635318531889], [4.5136918403896376, 3.2457779976455567, 3.9399827436170325, 4.9296409068004134, 6.1222192618363485, 7.223391769799005, 8.691167430213273, 7.312777651481002, 6.3323853033434405, 5.054625958466166, 4.167896335083204, 4.816041977599448, 2.986094449276513, 2.5681076184615006, 3.8328880612405056, 4.310817678816862, 3.787663222885583, 2.4904991688414593, 1.505606791297117, 0.0, 8.917740454285493, 9.925936418796969, 9.476074373389014, 9.102989846198884, 5.051292164387247, 4.526415203005575, 5.303120870770343, 2.6058584497243897, 4.495707995410734, 6.374066655597509, 6.71024759826342, 4.73025867580199, 5.3968604956956225, 4.643984467028287, 2.6781414861802952, 1.094171216035224, 1.0958455456860694, 1.0940493087608072, 10.415876107654123, 10.611767591216838], [7.00663036416222, 6.744192129528933, 5.97622361111095, 4.578647942351541, 4.060781210555428, 2.7657031746013527, 3.2937820981358192, 1.763319015379804, 2.7232111449536927, 4.034064720601295, 5.21993367869746, 5.28155823786882, 6.447917984124799, 7.678419634924885, 8.007511157656916, 9.338781940381732, 10.266881491475395, 10.019725572090286, 8.787085099166847, 8.917740454285493, 0.0, 1.679366981930989, 1.4423483143817932, 1.4453579798790335, 7.464743908534304, 7.832346482376786, 6.218279308619065, 7.754686532026939, 6.463069217484832, 4.921128254780605, 2.860499987764377, 7.384527406002364, 9.752325856943052, 11.29662792783758, 10.905837014644955, 8.02973103036459, 9.666112327611344, 9.389923494896005, 2.2382432709605093, 2.2397412930961464], [7.300814938073694, 7.356035577673615, 6.592698874512623, 5.235177070548808, 4.540780974678254, 3.253829437754843, 3.286802837104775, 2.6968984204081545, 3.747213807617601, 4.904899115170464, 6.1529752583607875, 6.319809932268533, 7.29