{"total energy": -45.6426287, "HOMO-LUMO gap/eV": 2.80624168, "electronic energy": -46.12894477, "dipole": [-0.95080632, 1.96702728, -0.25004005], "partial charges": [-0.03817937, -0.19337625, 0.39515857, -0.42632432, -0.23053338, -0.08896417, 0.08897059, -0.00280795, -0.18173138, -0.04898888, 0.03061697, -0.104301, -0.1169922, -0.10337413, 0.05584494, 0.0576344, 0.08157532, 0.1805672, 0.05124056, 0.04167993, 0.05891054, 0.0460347, 0.04596545, 0.03737125, 0.04465626, 0.04659378, 0.05697941, 0.05067398, 0.04289845, 0.03121551, 0.04910228, 0.04188291], "atomic dipole moments": [[-0.17108466, 0.01712303, -0.0636458], [0.07370846, -0.06622686, -0.02413306], [-0.13341762, 0.06547107, -0.07496081], [-0.03777263, 0.18164223, -0.06677477], [0.02760363, -0.22554695, 0.05663327], [0.06245772, 0.36502819, -0.01874226], [-0.04069226, 0.05781178, -0.03578209], [0.07742899, -0.00747816, -0.10310549], [-0.23979372, 0.19383658, 0.28231542], [0.04610831, -0.12423473, 0.00586812], [0.00057301, 0.01934529, 0.00668021], [0.03887415, -0.01362391, 0.11298624], [-0.05815844, 0.11400079, -0.01681893], [0.08787572, -0.00603154, -0.07594153], [0.05928998, -0.0490901, -0.09680476], [0.03936546, 0.11540015, 0.0293823], [0.00135287, -0.08369457, 0.10515425], [-0.03833179, 0.1058695, -0.08033317], [0.03473435, 0.07836919, 0.09818183], [-0.12343372, 0.01497434, -0.01178166], [0.04683113, 0.06057243, -0.10587941], [0.04066232, 0.06302894, 0.10334066], [-0.12703964, -0.00322341, -0.00888772], [-0.06527826, 0.10476586, -0.02287443], [-0.08022632, -0.0933111, -0.03597944], [0.09563986, -0.00030962, -0.08857689], [0.04230217, -0.02644393, 0.12083508], [0.10345556, -0.01738277, -0.07749968], [-0.07770044, -0.09532209, -0.02723983], [-0.06437657, 0.10611895, -0.00699191], [-0.08879258, -0.09229537, -0.01299741], [0.03880094, -0.00461757, 0.1229563]], "atomic quadrupole moments": [[0.32958373, -0.03097544, -0.1778675, 0.18279566, -0.00616095, -0.15171623], [0.09574071, 0.01491019, -0.03645732, 0.02604889, 0.02588563, -0.05928339], [0.05262714, -0.09990965, -0.33523466, -0.12340867, 0.14246994, 0.28260752], [-0.06461996, -0.0271701, -0.04526275, -0.09340873, 0.04490875, 0.10988271], [0.06464146, 0.10077332, 0.04040592, 0.07813914, 0.01560083, -0.10504738], [-0.08969124, 0.26199358, 0.01631825, -0.15685774, 0.14480737, 0.07337299], [-0.15917341, 0.02193519, -0.21593949, -0.33870068, 0.08926238, 0.3751129], [-0.11264577, 0.01785955, -0.01413091, -0.18879494, -0.18050253, 0.12677668], [-0.37015069, -0.21303573, 0.30394022, -0.39011118, -0.2980997, 0.06621047], [-0.13139456, -0.19715087, 0.32050502, -0.00862095, -0.02264362, -0.18911046], [0.01770325, -0.02096876, -0.02063536, 0.00300077, -0.01102618, 0.00293211], [-0.09425987, -0.02298558, -0.08352342, 0.10370794, -0.03726868, 0.17778329], [-0.0437156, -0.13266104, 0.16489644, 0.02109762, -0.02648731, -0.12118084], [0.07192786, -0.03800107, -0.09689304, -0.1682244, 0.00828103, 0.02496518], [0.02101488, -0.02710654, -0.04258946, -0.0281889, 0.03551761, 0.02157457], [-0.0070006, 0.03030177, 0.05482684, 0.02377263, 0.02894167, -0.04782624], [-0.01468499, 0.00225697, -0.00772714, -0.00299971, -0.05382111, 0.02241213], [0.00590727, 0.02052292, 0.03428174, 0.02329946, -0.0305937, -0.04018901], [-0.01156823, 0.02154945, -0.01430592, 0.01329266, 0.02606772, 0.02587414], [0.05161563, 0.00430127, -0.03552763, 0.00694941, -0.00801006, -0.01608799], [-0.03109116, 0.01250691, -0.00604311, -0.04231753, -0.04772506, 0.03713426], [-0.03279317, -0.00678265, 0.00403197, 0.03625932, 0.04714747, 0.0287612], [0.07124764, -0.00443471, -0.00983426, 0.0036246, 0.00891606, -0.06141338], [-0.02207011, -0.05218187, 0.05809856, 0.00360632, 0.00366234, -0.03602846], [-0.00507409, 0.05994621, 0.03942367, 0.01343377, 0.00130614, -0.03434958], [0.04564565, -0.00408334, -0.04764517, -0.04943981, 0.00026889, 0.00199952], [-0.03579036, -0.00701183, -0.03257738, 0.03142752, -0.00148453, 0.06836774], [0.02554405, -0.00185005, -0.031023, -0.06190247, -0.00659944, 0.00547895], [0.03351284, 0.05300913, 0.01003213, 0.03032887, 0.01768442, -0.04354498], [-0.02149751, -0.04683357, 0.05822581, 0.00169664, -0.02701179, -0.03672829], [0.00117741, 0.05311495, 0.03349365, 0.00863227, 0.03062412, -0.03467106], [-0.00818663, -0.00742547, -0.04914866, 0.04329864, -0.00890623, 0.05733529]], "number of molecular orbitals": 79, "number of electrons": 82, "number of unpaired electrons": 0, "orbital energies/eV": [-20.14340984, -19.45185661, -19.07789147, -18.54578386, -17.97550098, -17.55750951, -17.06532845, -16.82099637, -16.60021489, -16.3299978, -16.22637102, -16.08886706, -15.90773385, -15.83669534, -15.76471248, -15.14581127, -14.55053415, -14.3955189, -14.31262553, -14.22599977, -13.97477359, -13.85197184, -13.8473859, -13.67362738, -13.59221188, -13.37520515, -13.20047893, -13.07843031, -12.96495482, -12.81793197, -12.47711296, -12.45882282, -12.30111552, -11.97438196, -11.90668345, -11.79368942, -11.33260956, -11.21298491, -10.87977864, -10.75560477, -9.8375634, -7.03132172, -5.53564155, -5.30182713, -3.59848209, -2.19069824, -0.45583968, -0.11271719, 0.44422249, 0.55328119, 1.30349377, 2.17813399, 2.30942986, 2.72131477, 2.81159072, 2.87034934, 3.63351314, 3.86363456, 4.50211796, 4.62295985, 4.92893631, 5.06120337, 5.18596138, 5.30237674, 5.47687708, 5.57343964, 5.57905257, 5.72924411, 5.79559434, 6.14248099, 6.22059567, 6.36674187, 6.83181129, 6.99936161, 7.86029855, 8.85388722, 11.24738302, 12.24588124, 16.93560277], "fractional occupation": [2.0, 2.0, 2.0, 2.0, 2.0, 2.0, 2.0, 2.0, 2.0, 2.0, 2.0, 2.0, 2.0, 2.0, 2.0, 2.0, 2.0, 2.0, 2.0, 2.0, 2.0, 2.0, 2.0, 2.0, 2.0, 2.0, 2.0, 2.0, 2.0, 2.0, 2.0, 2.0, 2.0, 2.0, 2.0, 2.0, 2.0, 2.0, 2.0, 2.0, 2.0, 0.0, 0.0, 0.0, 0.0, 0.0, 0.0, 0.0, 0.0, 0.0, 0.0, 0.0, 0.0, 0.0, 0.0, 0.0, 0.0, 0.0, 0.0, 0.0, 0.0, 0.0, 0.0, 0.0, 0.0, 0.0, 0.0, 0.0, 0.0, 0.0, 0.0, 0.0, 0.0, 0.0, 0.0, 0.0, 0.0, 0.0, 0.0], "program call": "xtb /home/svss/Project-DBcg-Debug/aqme2_20220329/End-to-End-workflows-final/example-3/QDESCP/mol_1093_rdkit_conf_3/mol_1093_rdkit_conf_3.xyz --pop --wbo --acc 0.2 --gfn 2 --chrg 0 --uhf 0 --etemp 300 --input /home/svss/Project-DBcg-Debug/aqme2_20220329/End-to-End-workflows-final/example-3/QDESCP/mol_1093_rdkit_conf_3/mol_1093_rdkit_conf_3_xtb.inp", "method": "GFN2-xTB", "xtb version": "6.3.3 (7355c4f)", "Dipole module/D": 5.589, "Total charge": 0, "Transition dipole module/D": NaN, "HOMO": -9.8376, "LUMO": -7.0313, "HOMO occupancy": 2.0, "LUMO occupancy": 0, "mulliken charges": [0.07326, -0.35775, 0.65192, -0.55818, -0.33763, -0.06763, 0.14627, 0.00566, -0.11286, -0.02158, 0.02739, -0.09451, -0.09178, -0.09321, 0.03671, 0.02838, 0.05544, 0.2313, 0.04611, 0.02499, 0.03901, 0.02785, 0.02676, 0.02957, 0.03509, 0.03664, 0.04211, 0.0387, 0.0292, 0.02824, 0.03634, 0.03819], "cm5 charges": [-0.013, -0.71648, 0.78127, -0.59414, -0.34351, -0.21235, 0.22083, -0.07549, -0.15954, -0.15353, 0.00301, -0.23944, -0.23412, -0.23797, 0.09917, 0.08981, 0.11957, 0.4304, 0.10926, 0.08385, 0.09121, 0.0804, 0.07927, 0.08276, 0.08715, 0.0896, 0.09739, 0.09305, 0.0813, 0.08082, 0.08839, 0.09106], "FUKUI+": [0.02, -0.041, -0.027, -0.081, -0.028, -0.131, -0.087, 0.024, -0.189, 0.031, -0.006, 0.017, 0.019, 0.014, -0.026, -0.032, -0.022, -0.023, -0.053, -0.064, -0.036, -0.031, -0.034, -0.016, -0.041, -0.013, -0.015, -0.013, -0.038, -0.019, -0.041, -0.018], "FUKUI-": [0.021, -0.061, -0.002, -0.074, -0.013, -0.049, -0.003, 0.048, -0.353, 0.056, -0.004, 0.012, 0.01, 0.012, -0.054, -0.042, -0.038, -0.025, -0.05, -0.06, -0.046, -0.052, -0.055, -0.008, -0.032, -0.007, -0.024, -0.015, -0.032, -0.014, -0.028, -0.017], "FUKUIrad": [0.021, -0.051, -0.015, -0.078, -0.02, -0.09, -0.045, 0.036, -0.271, 0.043, -0.005, 0.015, 0.014, 0.013, -0.04, -0.037, -0.03, -0.024, -0.051, -0.062, -0.041, -0.042, -0.044, -0.012, -0.036, -0.01, -0.02, -0.014, -0.035, -0.017, -0.035, -0.017], "s proportion": [0.976, 1.416, 0.921, 1.723, 1.714, 1.572, 1.093, 1.039, 1.931, 1.011, 1.089, 1.017, 1.017, 1.018, 0.963, 0.972, 0.945, 0.769, 0.954, 0.975, 0.961, 0.972, 0.973, 0.97, 0.965, 0.963, 0.958, 0.961, 0.971, 0.972, 0.964, 0.962], "p proportion": [2.951, 3.942, 2.428, 4.835, 4.624, 3.495, 2.76, 2.955, 4.182, 3.01, 2.884, 3.078, 3.075, 3.076, 0.0, 0.0, 0.0, 0.0, 0.0, 0.0, 0.0, 0.0, 0.0, 0.0, 0.0, 0.0, 0.0, 0.0, 0.0, 0.0, 0.0, 0.0], "d proportion": [0.0, 0.0, 0.0, 0.0, 0.0, 0.0, 0.0, 0.0, -0.0, 0.0, 0.0, 0.0, 0.0, 0.0, 0.0, 0.0, 0.0, 0.0, 0.0, 0.0, 0.0, 0.0, 0.0, 0.0, 0.0, 0.0, 0.0, 0.0, 0.0, 0.0, 0.0, 0.0], "Fermi-level/eV": -8.4344, "Coordination numbers": [3.689, 2.682, 2.656, 0.857, 1.776, 1.856, 2.909, 3.794, 1.977, 3.743, 3.897, 3.755, 3.755, 3.756, 0.924, 0.924, 0.924, 0.86, 0.924, 0.924, 0.924, 0.924, 0.924, 0.924, 0.924, 0.924, 0.924, 0.924, 0.924, 0.924, 0.924, 0.924], "Dispersion coefficient C6": [21.451, 25.197, 20.327, 22.214, 17.808, 23.728, 26.021, 20.637, 148.757, 21.528, 20.006, 22.548, 22.795, 22.529, 2.248, 2.227, 1.963, 1.211, 2.305, 2.427, 2.212, 2.37, 2.371, 2.484, 2.388, 2.363, 2.235, 2.312, 2.411, 2.569, 2.331, 2.424], "Total dispersion C6": 9992.924197, "Total dispersion C8": 241444.193212, "Polarizability alpha": [6.629, 7.455, 7.376, 6.319, 5.698, 7.22, 8.364, 6.469, 20.528, 6.619, 6.358, 6.771, 6.808, 6.768, 2.345, 2.334, 2.191, 1.724, 2.374, 2.436, 2.326, 2.408, 2.408, 2.465, 2.417, 2.404, 2.338, 2.378, 2.428, 2.507, 2.388, 2.435], "Total polarizability alpha": 151.684997, "Wiberg matrix": [[0.0, 1.0052606315321866, 0.0, 0.0, 0.0, 0.0, 0.0, 0.0, 0.0, 0.0, 0.0, 0.0, 0.0, 0.0, 0.9748999017957878, 0.9834653875373539, 0.9764788307494172, 0.0, 0.0, 0.0, 0.0, 0.0, 0.0, 0.0, 0.0, 0.0, 0.0, 0.0, 0.0, 0.0, 0.0, 0.0], [1.0052606315321866, 0.0, 1.1961122913688809, 0.17547850213863958, 0.0, 0.0, 0.0, 0.0, 0.0, 0.0, 0.0, 0.0, 0.0, 0.0, 0.0, 0.0, 0.0, 0.9398649892774693, 0.0, 0.0, 0.0, 0.0, 0.0, 0.0, 0.0, 0.0, 0.0, 0.0, 0.0, 0.0, 0.0, 0.0], [0.0, 1.1961122913688809, 0.0, 1.6742509668814871, 1.0203334169089913, 0.0, 0.0, 0.0, 0.0, 0.0, 0.0, 0.0, 0.0, 0.0, 0.0, 0.0, 0.0, 0.0, 0.0, 0.0, 0.0, 0.0, 0.0, 0.0, 0.0, 0.0, 0.0, 0.0, 0.0, 0.0, 0.0, 0.0], [0.0, 0.17547850213863958, 1.6742509668814871, 0.0, 0.12002285465934025, 0.0, 0.0, 0.0, 0.0, 0.0, 0.0, 0.0, 0.0, 0.0, 0.0, 0.0, 0.0, 0.0, 0.0, 0.0, 0.0, 0.0, 0.0, 0.0, 0.0, 0.0, 0.0, 0.0, 0.0, 0.0, 0.0, 0.0], [0.0, 0.0, 1.0203334169089913, 0.12002285465934025, 0.0, 0.9886693522792174, 0.0, 0.0, 0.0, 0.0, 0.0, 0.0, 0.0, 0.0, 0.0, 0.0, 0.0, 0.0, 0.0, 0.0, 0.0, 0.0, 0.0, 0.0, 0.0, 0.0, 0.0, 0.0, 0.0, 0.0, 0.0, 0.0], [0.0, 0.0, 0.0, 0.0, 0.9886693522792174, 0.0, 1.8170375290927643, 0.0, 0.0, 0.0, 0.0, 0.0, 0.0, 0.0, 0.0, 0.0, 0.0, 0.0, 0.0, 0.0, 0.0, 0.0, 0.0, 0.0, 0.0, 0.0, 0.0, 0.0, 0.0, 0.0, 0.0, 0.0], [0.0, 0.0, 0.0, 0.0, 0.0, 1.8170375290927643, 0.0, 1.0043843254069804, 0.0, 0.0, 0.9711510271071735, 0.0, 0.0, 0.0, 0.0, 0.0, 0.0, 0.0, 0.0, 0.0, 0.0, 0.0, 0.0, 0.0, 0.0, 0.0, 0.0, 0.0, 0.0, 0.0, 0.0, 0.0], [0.0, 0.0, 0.0, 0.0, 0.0, 0.0, 1.0043843254069804, 0.0, 0.9692785904050895, 0.0, 0.0, 0.0, 0.0, 0.0, 0.0, 0.0, 0.0, 0.0, 0.9639760763063556, 0.9689298591264106, 0.0, 0.0, 0.0, 0.0, 0.0, 0.0, 0.0, 0.0, 0.0, 0.0, 0.0, 0.0], [0.0, 0.0, 0.0, 0.0, 0.0, 0.0, 0.0, 0.9692785904050895, 0.0, 1.0133369720422598, 0.0, 0.0, 0.0, 0.0, 0.0, 0.0, 0.0, 0.0, 0.0, 0.0, 0.0, 0.0, 0.0, 0.0, 0.0, 0.0, 0.0, 0.0, 0.0, 0.0, 0.0, 0.0], [0.0, 0.0, 0.0, 0.0, 0.0, 0.0, 0.0, 0.0, 1.0133369720422598, 0.0, 0.0, 0.0, 0.0, 0.0, 0.0, 0.0, 0.0, 0.0, 0.0, 0.0, 0.9801835995368969, 0.9842128226177703, 0.9842361850977491, 0.0, 0.0, 0.0, 0.0, 0.0, 0.0, 0.0, 0.0, 0.0], [0.0, 0.0, 0.0, 0.0, 0.0, 0.0, 0.9711510271071735, 0.0, 0.0, 0.0, 0.0, 0.9903154130017779, 0.9959127911272091, 0.9817125976066883, 0.0, 0.0, 0.0, 0.0, 0.0, 0.0, 0.0, 0.0, 0.0, 0.0, 0.0, 0.0, 0.0, 0.0, 0.0, 0.0, 0.0, 0.0], [0.0, 0.0, 0.0, 0.0, 0.0, 0.0, 0.0, 0.0, 0.0, 0.0, 0.9903154130017779, 0.0, 0.0, 0.0, 0.0, 0.0, 0.0, 0.0, 0.0, 0.0, 0.0, 0.0, 0.0, 0.9832151810072497, 0.9823240241274361, 0.9853228843022873, 0.0, 0.0, 0.0, 0.0, 0.0, 0.0], [0.0, 0.0, 0.0, 0.0, 0.0, 0.0, 0.0, 0.0, 0.0, 0.0, 0.9959127911272091, 0.0, 0.0, 0.0, 0.0, 0.0, 0.0, 0.0, 0.0, 0.0, 0.0, 0.0, 0.0, 0.0, 0.0, 0.0, 0.9839588596698564, 0.9851162006322729, 0.9843931746194503, 0.0, 0.0, 0.0], [0.0, 0.0, 0.0, 0.0, 0.0, 0.0, 0.0, 0.0, 0.0, 0.0, 0.9817125976066883, 0.0, 0.0, 0.0, 0.0, 0.0, 0.0, 0.0, 0.0, 0.0, 0.0, 0.0, 0.0, 0.0, 0.0, 0.0, 0.0, 0.0, 0.0, 0.9832947804990855, 0.981449885793235, 0.9858828463877798], [0.9748999017957878, 0.0, 0.0, 0.0, 0.0, 0.0, 0.0, 0.0, 0.0, 0.0, 0.0, 0.0, 0.0, 0.0, 0.0, 0.0, 0.0, 0.0, 0.0, 0.0, 0.0, 0.0, 0.0, 0.0, 0.0, 0.0, 0.0, 0.0, 0.0, 0.0, 0.0, 0.0], [0.9834653875373539, 0.0, 0.0, 0.0, 0.0, 0.0, 0.0, 0.0, 0.0, 0.0, 0.0, 0.0, 0.0, 0.0, 0.0, 0.0, 0.0, 0.0, 0.0, 0.0, 0.0, 0.0, 0.0, 0.0, 0.0, 0.0, 0.0, 0.0, 0.0, 0.0, 0.0, 0.0], [0.9764788307494172, 0.0, 0.0, 0.0, 0.0, 0.0, 0.0, 0.0, 0.0, 0.0, 0.0, 0.0, 0.0, 0.0, 0.0, 0.0, 0.0, 0.0, 0.0, 0.0, 0.0, 0.0, 0.0, 0.0, 0.0, 0.0, 0.0, 0.0, 0.0, 0.0, 0.0, 0.0], [0.0, 0.9398649892774693, 0.0, 0.0, 0.0, 0.0, 0.0, 0.0, 0.0, 0.0, 0.0, 0.0, 0.0, 0.0, 0.0, 0.0, 0.0, 0.0, 0.0, 0.0, 0.0, 0.0, 0.0, 0.0, 0.0, 0.0, 0.0, 0.0, 0.0, 0.0, 0.0, 0.0], [0.0, 0.0, 0.0, 0.0, 0.0, 0.0, 0.0, 0.9639760763063556, 0.0, 0.0, 0.0, 0.0, 0.0, 0.0, 0.0, 0.0, 0.0, 0.0, 0.0, 0.0, 0.0, 0.0, 0.0, 0.0, 0.0, 0.0, 0.0, 0.0, 0.0, 0.0, 0.0, 0.0], [0.0, 0.0, 0.0, 0.0, 0.0, 0.0, 0.0, 0.9689298591264106, 0.0, 0.0, 0.0, 0.0, 0.0, 0.0, 0.0, 0.0, 0.0, 0.0, 0.0, 0.0, 0.0, 0.0, 0.0, 0.0, 0.0, 0.0, 0.0, 0.0, 0.0, 0.0, 0.0, 0.0], [0.0, 0.0, 0.0, 0.0, 0.0, 0.0, 0.0, 0.0, 0.0, 0.9801835995368969, 0.0, 0.0, 0.0, 0.0, 0.0, 0.0, 0.0, 0.0, 0.0, 0.0, 0.0, 0.0, 0.0, 0.0, 0.0, 0.0, 0.0, 0.0, 0.0, 0.0, 0.0, 0.0], [0.0, 0.0, 0.0, 0.0, 0.0, 0.0, 0.0, 0.0, 0.0, 0.9842128226177703, 0.0, 0.0, 0.0, 0.0, 0.0, 0.0, 0.0, 0.0, 0.0, 0.0, 0.0, 0.0, 0.0, 0.0, 0.0, 0.0, 0.0, 0.0, 0.0, 0.0, 0.0, 0.0], [0.0, 0.0, 0.0, 0.0, 0.0, 0.0, 0.0, 0.0, 0.0, 0.9842361850977491, 0.0, 0.0, 0.0, 0.0, 0.0, 0.0, 0.0, 0.0, 0.0, 0.0, 0.0, 0.0, 0.0, 0.0, 0.0, 0.0, 0.0, 0.0, 0.0, 0.0, 0.0, 0.0], [0.0, 0.0, 0.0, 0.0, 0.0, 0.0, 0.0, 0.0, 0.0, 0.0, 0.0, 0.9832151810072497, 0.0, 0.0, 0.0, 0.0, 0.0, 0.0, 0.0, 0.0, 0.0, 0.0, 0.0, 0.0, 0.0, 0.0, 0.0, 0.0, 0.0, 0.0, 0.0, 0.0], [0.0, 0.0, 0.0, 0.0, 0.0, 0.0, 0.0, 0.0, 0.0, 0.0, 0.0, 0.9823240241274361, 0.0, 0.0, 0.0, 0.0, 0.0, 0.0, 0.0, 0.0, 0.0, 0.0, 0.0, 0.0, 0.0, 0.0, 0.0, 0.0, 0.0, 0.0, 0.0, 0.0], [0.0, 0.0, 0.0, 0.0, 0.0, 0.0, 0.0, 0.0, 0.0, 0.0, 0.0, 0.9853228843022873, 0.0, 0.0, 0.0, 0.0, 0.0, 0.0, 0.0, 0.0, 0.0, 0.0, 0.0, 0.0, 0.0, 0.0, 0.0, 0.0, 0.0, 0.0, 0.0, 0.0], [0.0, 0.0, 0.0, 0.0, 0.0, 0.0, 0.0, 0.0, 0.0, 0.0, 0.0, 0.0, 0.9839588596698564, 0.0, 0.0, 0.0, 0.0, 0.0, 0.0, 0.0, 0.0, 0.0, 0.0, 0.0, 0.0, 0.0, 0.0, 0.0, 0.0, 0.0, 0.0, 0.0], [0.0, 0.0, 0.0, 0.0, 0.0, 0.0, 0.0, 0.0, 0.0, 0.0, 0.0, 0.0, 0.9851162006322729, 0.0, 0.0, 0.0, 0.0, 0.0, 0.0, 0.0, 0.0, 0.0, 0.0, 0.0, 0.0, 0.0, 0.0, 0.0, 0.0, 0.0, 0.0, 0.0], [0.0, 0.0, 0.0, 0.0, 0.0, 0.0, 0.0, 0.0, 0.0, 0.0, 0.0, 0.0, 0.9843931746194503, 0.0, 0.0, 0.0, 0.0, 0.0, 0.0, 0.0, 0.0, 0.0, 0.0, 0.0, 0.0, 0.0, 0.0, 0.0, 0.0, 0.0, 0.0, 0.0], [0.0, 0.0, 0.0, 0.0, 0.0, 0.0, 0.0, 0.0, 0.0, 0.0, 0.0, 0.0, 0.0, 0.9832947804990855, 0.0, 0.0, 0.0, 0.0, 0.0, 0.0, 0.0, 0.0, 0.0, 0.0, 0.0, 0.0, 0.0, 0.0, 0.0, 0.0, 0.0, 0.0], [0.0, 0.0, 0.0, 0.0, 0.0, 0.0, 0.0, 0.0, 0.0, 0.0, 0.0, 0.0, 0.0, 0.981449885793235, 0.0, 0.0, 0.0, 0.0, 0.0, 0.0, 0.0, 0.0, 0.0, 0.0, 0.0, 0.0, 0.0, 0.0, 0.0, 0.0, 0.0, 0.0], [0.0, 0.0, 0.0, 0.0, 0.0, 0.0, 0.0, 0.0, 0.0, 0.0, 0.0, 0.0, 0.0, 0.9858828463877798, 0.0, 0.0, 0.0, 0.0, 0.0, 0.0, 0.0, 0.0, 0.0, 0.0, 0.0, 0.0, 0.0, 0.0, 0.0, 0.0, 0.0, 0.0]], "Born radii": [], "Atomic SASAs": [], "Solvent H bonds": [], "Total SASA": NaN, "Total FOD": 0.0, "FOD": [0.0, 0.0, 0.0, 0.0, 0.0, 0.0, 0.0, 0.0, 0.0, 0.0, 0.0, 0.0, 0.0, 0.0, 0.0, 0.0, 0.0, 0.0, 0.0, 0.0, 0.0, 0.0, 0.0, 0.0, 0.0, 0.0, 0.0, 0.0, 0.0, 0.0, 0.0, 0.0], "FOD s proportion": [0.0, 0.0, 0.0, 0.0, 0.0, 0.0, 0.0, 0.0, 0.0, 0.0, 0.0, 0.0, 0.0, 0.0, 0.0, 0.0, 0.0, 0.0, 0.0, 0.0, 0.0, 0.0, 0.0, 0.0, 0.0, 0.0, 0.0, 0.0, 0.0, 0.0, 0.0, 0.0], "FOD p proportion": [0.0, 0.0, 0.0, 0.0, 0.0, 0.0, 0.0, 0.0, 0.0, 0.0, 0.0, 0.0, 0.0, 0.0, 0.0, 0.0, 0.0, 0.0, 0.0, 0.0, 0.0, 0.0, 0.0, 0.0, 0.0, 0.0, 0.0, 0.0, 0.0, 0.0, 0.0, 0.0], "FOD d proportion": [0.0, 0.0, 0.0, 0.0, 0.0, 0.0, 0.0, 0.0, 0.0, 0.0, 0.0, 0.0, 0.0, 0.0, 0.0, 0.0, 0.0, 0.0, 0.0, 0.0, 0.0, 0.0, 0.0, 0.0, 0.0, 0.0, 0.0, 0.0, 0.0, 0.0, 0.0, 0.0], "coordinates": [["4.72490", "0.88660", "2.04500"], ["3.38120", "1.05430", "1.56430"], ["2.52790", "-0.01390", "1.44650"], ["2.77910", "-1.13970", "1.85740"], ["1.38550", "0.38750", "0.80000"], ["0.53840", "-0.70800", "0.55970"], ["-0.57610", "-0.35440", "-0.01480"], ["-0.93770", "1.09790", "-0.32320"], ["-0.12760", "1.63960", "-1.86120"], ["-0.75900", "3.33250", "-1.91390"], ["-1.60990", "-1.46580", "-0.34520"], ["-2.12970", "-1.33080", "-1.78360"], ["-0.97780", "-2.86520", "-0.20260"], ["-2.77590", "-1.35680", "0.64850"], ["5.33400", "0.46170", "1.24270"], ["5.11790", "1.86540", "2.32890"], ["4.73970", "0.21390", "2.90680"], ["3.13820", "1.86800", "1.01790"], ["-0.62420", "1.73770", "0.50740"], ["-2.01950", "1.20310", "-0.43030"], ["-0.36580", "3.83650", "-2.80070"], ["-0.43740", "3.88640", "-1.02810"], ["-1.85060", "3.33010", "-1.97100"], ["-2.68620", "-0.40040", "-1.93520"], ["-2.80770", "-2.15360", "-2.03790"], ["-1.30380", "-1.34480", "-2.50360"], ["-0.63360", "-3.04980", "0.82160"], ["-0.11420", "-2.97920", "-0.86820"], ["-1.69720", "-3.65370", "-0.45210"], ["-3.31230", "-0.40780", "0.54440"], ["-3.50260", "-2.16310", "0.49780"], ["-2.41800", "-1.41450", "1.68290"]], "bond_dist": [[0.0, 1.4369152619413572, 2.4486550389958976, 2.815532470066719, 3.5987106260437223, 4.719708412603473, 5.820949925914155, 6.141502885287932, 6.2747241923450305, 7.192251054433515, 7.167742520487185, 8.15846688293824, 7.186688826573752, 7.952676055894645, 1.0932648855606768, 1.0922900942515223, 1.093363420825848, 2.1297176479524227, 5.630404584041896, 7.191259535018883, 7.622200797013944, 6.715064030967985, 8.083077910053818, 8.51015653498806, 9.091366850479636, 7.874905181016468, 6.760582428311928, 6.844562271613869, 8.251860451437603, 8.277913720255848, 8.909896418028662, 7.5131350333931834], [1.4369152619413572, 0.0, 1.3722423146077376, 2.2939197937155518, 2.2386592460667165, 3.4923393721114793, 4.487562343856629, 4.713539478990285, 4.938451556915386, 5.867650851916805, 5.908313927847775, 6.875111288553808, 6.1225237329062265, 6.675475508156704, 2.065920898776136, 2.0636432007495866, 2.0866481878841, 1.0098067389357235, 4.198488100495225, 5.759177987352015, 6.390138561877982, 5.415074711395956, 6.711880732700783, 7.153739937962521, 7.8465884599614375, 6.652271508289481, 5.789115574938887, 5.865492277720601, 7.212577869250356, 6.92682284095674, 7.673055939454632, 6.303947972501042], [2.4486550389958976, 1.3722423146077376, 0.0, 1.2244859697032058, 1.372647795321145, 2.286110080464193, 3.4476301918854344, 4.047013799086927, 4.552649974465421, 5.770129351236418, 4.7370445786376125, 5.819021342115872, 4.810340423504349, 5.52905768192013, 2.853406211880811, 3.3194123350376343, 2.6601556664977335, 2.0242805289781356, 3.726358246331128, 5.0677720943231055, 6.421665491910956, 5.4889880069098345, 6.483278838674147, 6.226725941455911, 6.722201039094263, 5.6618468462154645, 4.427445208017825, 4.596904674887222, 5.891035223965309, 5.92257356729319, 6.471941175567034, 5.1458227845505915], [2.815532470066719, 2.2939197937155518, 1.2244859697032058, 0.0, 2.322187666834875, 2.6250955544513044, 3.9216317993916765, 4.855560972740431, 5.4773533152426825, 6.836770300368443, 4.921494587013177, 6.114713210772849, 4.619009402458497, 5.689164843806163, 3.0773124735717037, 3.8370462207276046, 2.603348935505957, 3.1432423307788406, 4.656649186915415, 5.809375619634179, 7.506720859336652, 6.628247408629221, 7.487982417847947, 6.693271497556333, 6.885759910133376, 5.977496082809256, 4.045724278791129, 4.379936129671299, 5.629498018473761, 6.27413743633338, 6.508119129979106, 5.207284676297236], [3.5987106260437223, 2.2386592460667165, 1.372647795321145, 2.322187666834875, 0.0, 1.405504446809045, 2.249930934495546, 2.6764724246664673, 3.3074478771403184, 4.542813936317445, 3.7038662354356156, 4.688728493952278, 4.143724283781439, 4.514729748279514, 3.9739327095460486, 4.2956412070842225, 3.964769960539955, 2.3046296774102344, 2.43875970320981, 3.711181274203673, 5.284665853202074, 4.348242774960938, 5.17780638591286, 4.9679821195330405, 5.665138291339409, 4.59858355801001, 3.986510085275089, 4.045572916164039, 5.234700673390982, 4.771494345590278, 5.521811913674713, 4.300387036070125], [4.719708412603473, 3.4923393721114793, 2.286110080464193, 2.6250955544513044, 1.405504446809045, 0.0, 1.3027637775130225, 2.4939243031816343, 3.437373789683048, 4.911983710274292, 2.4511829266703047, 3.6052312463973792, 2.7447177578031594, 3.378374071946445, 4.983218483068948, 5.542948353538935, 4.899969358067456, 3.6884526945590617, 2.7084723627905087, 3.3429411631077204, 5.723840148886061, 4.958004219441529, 5.330855006469412, 4.088665910783125, 4.475898829285577, 3.630843148636415, 2.631768008392837, 2.7610024646856077, 3.833900766843086, 3.862414351153951, 4.2954427734518825, 3.240527958527746], [5.820949925914155, 4.487562343856629, 3.4476301918854344, 3.9216317993916765, 2.249930934495546, 1.3027637775130225, 0.0, 1.5280839014923235, 2.7543386157115832, 4.151296764867576, 1.5534209217079575, 2.548663053445865, 2.5496565200042145, 2.5067693731175194, 6.097262293029553, 6.545385987854345, 6.092326410329638, 4.449893879633535, 2.1568237897426856, 2.1637583182971247, 5.0367755270609385, 4.3623845795619625, 4.36195013038893, 2.853519610936641, 3.508574184765088, 2.775709799312601, 2.82277387865199, 2.798431383829162, 3.5119050371557603, 2.793268093112439, 3.47829796020985, 2.720035461165902], [6.141502885287932, 4.713539478990285, 4.047013799086927, 4.855560972740431, 2.6764724246664673, 2.4939243031816343, 1.5280839014923235, 0.0, 1.8207539372468757, 2.7487628744582535, 2.650451759606275, 3.074445616692545, 3.965137321707787, 3.2169445472373313, 6.495461041373429, 6.655297290129119, 6.591451036001103, 4.359422442250808, 1.0943137804121814, 1.0921669698356564, 3.736978166915081, 2.9194034236466875, 2.920847152796599, 2.810818233184067, 4.124239122553395, 3.2946861246558834, 4.31352050418217, 4.194987682937818, 4.813642905326485, 2.9425477753130873, 4.229287648056112, 3.5394744044843724], [6.2747241923450305, 4.938451556915386, 4.552649974465421, 5.4773533152426825, 3.3074478771403184, 3.437373789683048, 2.7543386157115832, 1.8207539372468757, 0.0, 1.8075822692204082, 3.7601833000533365, 3.582973950505362, 4.875142771242706, 4.72128159931178, 6.39145665556765, 6.717379987763086, 6.961110096816455, 4.3596826730852785, 2.4220861111859753, 2.411906438898491, 2.401201595035286, 2.4162247184399055, 2.4163144021422376, 3.2731498529703766, 4.647851669319923, 3.2715084532979586, 5.426225594278218, 4.72435625244329, 5.698090194091351, 4.48565181551132, 5.605000739518238, 5.209040581527466], [7.192251054433515, 5.867650851916805, 5.770129351236418, 6.836770300368443, 4.542813936317445, 4.911983710274292, 4.151296764867576, 2.7487628744582535, 1.8075822692204082, 0.0, 5.119427056810166, 4.862320790527914, 6.433343331425737, 5.71168222680499, 7.4384316357683895, 7.3953828744697185, 7.949875227951694, 5.091991685971217, 2.9024561615983107, 2.885181722179731, 1.0931772408900582, 1.093102653001995, 1.0930950233168204, 4.201082710445011, 5.857460277287419, 4.74570209979514, 6.944957789648544, 6.430148709011324, 7.198893589990062, 5.1529044111064195, 6.598883027452449, 6.182496279012224], [7.167742520487185, 5.908313927847775, 4.7370445786376125, 4.921494587013177, 3.7038662354356156, 2.4511829266703047, 1.5534209217079575, 2.650451759606275, 3.7601833000533365, 5.119427056810166, 0.0, 1.5353864660078258, 1.5421431613180407, 1.5358634997941711, 7.379324486021738, 7.969378714178415, 7.329005133713579, 5.959590393642839, 3.458459700502523, 2.701488734013155, 5.9742489360588245, 5.521517318636246, 5.0696961388233115, 2.195813937928257, 2.184725834057903, 2.1833526444438607, 2.196278654906977, 2.1911246085058695, 2.192248916067699, 2.1929245130646886, 2.1861357643110826, 2.183768969007482], [8.15846688293824, 6.875111288553808, 5.819021342115872, 6.114713210772849, 4.688728493952278, 3.6052312463973792, 2.548663053445865, 3.074445616692545, 3.582973950505362, 4.862320790527914, 1.5353864660078258, 0.0, 2.4861250913821697, 2.516616945424949, 8.25096149730442, 8.925024170835616, 8.46017769376034, 6.769896166116582, 4.114717912567032, 2.8747546225721594, 5.553991799597835, 5.536590591690882, 4.6730080654755985, 1.0946775643996727, 1.096062192578505, 1.0957676806695844, 3.4612632448283964, 2.7599673856768674, 2.7121601925402565, 2.7694865516914864, 2.7896888106023585, 3.479474792263913], [7.186688826573752, 6.1225237329062265, 4.810340423504349, 4.619009402458497, 4.143724283781439, 2.7447177578031594, 2.5496565200042145, 3.965137321707787, 4.875142771242706, 6.433343331425737, 1.5421431613180407, 2.4861250913821697, 0.0, 2.4965587075011877, 7.2798334417759865, 8.120629723118768, 7.199932737185814, 6.3901688936991325, 4.670740987252451, 4.205716475227498, 7.213698808517029, 6.823311876940698, 6.501596764641745, 3.463491354110762, 2.6876076090084284, 2.777137583916217, 1.0961461763834237, 1.09627748312186, 1.0961381573506142, 3.470837652498313, 2.7125854106368705, 2.780974070357363], [7.952676055894645, 6.675475508156704, 5.52905768192013, 5.689164843806163, 4.514729748279514, 3.378374071946445, 2.5067693731175194, 3.2169445472373313, 4.72128159931178, 5.71168222680499, 1.5358634997941711, 2.516616945424949, 2.4965587075011877, 0.0, 8.332496258625023, 8.690132072644236, 8.003203154987384, 6.74628566027262, 3.7716909139005548, 2.879069017929233, 6.6840053515837345, 5.980862483789441, 5.448393520112144, 2.7564928332937852, 2.802257382896867, 3.478930413216108, 2.7359937682677566, 3.466584419857679, 2.7659833079756644, 1.0950629068688247, 1.0958663559029451, 1.0960862466065344], [1.0932648855606768, 2.065920898776136, 2.853406211880811, 3.0773124735717037, 3.9739327095460486, 4.983218483068948, 6.097262293029553, 6.495461041373429, 6.39145665556765, 7.4384316357683895, 7.379324486021738, 8.25096149730442, 7.2798334417759865, 8.332496258625023, 0.0, 1.787988629717762, 1.7843279238973984, 2.617203157953161, 6.137506768224374, 7.577767825026047, 7.760546284895155, 7.084783743347428, 8.376996085113088, 8.669825422694506, 9.159116187711563, 7.8331727148071995, 6.936873014550576, 6.780750316889717, 8.321456461461539, 8.71792158888803, 9.248240406152947, 7.9879538356202335], [1.0922900942515223, 2.0636432007495866, 3.3194123350376343, 3.8370462207276046, 4.2956412070842225, 5.542948353538935, 6.545385987854345, 6.655297290129119, 6.717379987763086, 7.3953828744697185, 7.969378714178415, 8.925024170835616, 8.120629723118768, 8.690132072644236, 1.787988629717762, 0.0, 1.7900994106473527, 2.3744346379717425, 6.025436245617407, 7.680775005818098, 7.763310959893336, 6.798179762995386, 8.31832184698332, 9.177165971039207, 9.901335192790919, 8.654286289463736, 7.714330598308579, 7.814503693773521, 9.200000751086925, 8.911798389214153, 9.68993084134247, 8.244079622371439], [1.093363420825848, 2.0866481878841, 2.6601556664977335, 2.603348935505957, 3.964769960539955, 4.899969358067456, 6.092326410329638, 6.591451036001103, 6.961110096816455, 7.949875227951694, 7.329005133713579, 8.46017769376034, 7.199932737185814, 8.003203154987384, 1.7843279238973984, 1.7900994106473527, 0.0, 2.9780517574414316, 6.070462091966311, 7.602732251631647, 8.471417665302544, 7.4681362246547165, 8.771299183701352, 8.886299527924995, 9.328363259436244, 8.259895041706038, 6.623605484930395, 6.928698133127176, 8.226434256711713, 8.414401265093078, 8.910045975751192, 7.441927644098672], [2.1297176479524227, 1.0098067389357235, 2.0242805289781356, 3.1432423307788406, 2.3046296774102344, 3.6884526945590617, 4.449893879633535, 4.359422442250808, 4.3596826730852785, 5.091991685971217, 5.959590393642839, 6.769896166116582, 6.3901688936991325, 6.74628566027262, 2.617203157953161, 2.3744346379717425, 2.9780517574414316, 0.0, 3.7991106985714436, 5.398263103999286, 5.543889808609114, 4.5874796915081815, 5.996614466513584, 6.913036491296715, 7.801596439832042, 6.515704880517533, 6.200787512082639, 6.134397020897816, 7.485396719613464, 6.856560226527584, 7.785916507386912, 6.487556526921365], [5.630404584041896, 4.198488100495225, 3.726358246331128, 4.656649186915415, 2.43875970320981, 2.7084723627905087, 2.1568237897426856, 1.0943137804121814, 2.4220861111859753, 2.9024561615983107, 3.458459700502523, 4.114717912567032, 4.670740987252451, 3.7716909139005548, 6.137506768224374, 6.025436245617407, 6.070462091966311, 3.7991106985714436, 0.0, 1.7640693126972078, 3.926226892322959, 2.6475585319308803, 3.1909655717353016, 3.8457262474076335, 5.136967980238928, 4.362313997180854, 4.797808484089376, 4.939789567380376, 5.580247593969286, 3.439537884658345, 4.8478365649019155, 3.8125953797905177], [7.191259535018883, 5.759177987352015, 5.0677720943231055, 5.809375619634179, 3.711181274203673, 3.3429411631077204, 2.1637583182971247, 1.0921669698356564, 2.411906438898491, 2.885181722179731, 2.701488734013155, 2.8747546225721594, 4.205716475227498, 2.879069017929233, 7.577767825026047, 7.680775005818098, 7.602732251631647, 5.398263103999286, 1.7640693126972078, 0.0, 3.910027545938775, 3.1718297779042306, 2.6318078767265667, 2.2979175681473, 3.8043490757289877, 3.3619330436521193, 4.644903748195436, 4.616660891813475, 4.8675310754015735, 2.283937551685685, 3.7937129121745627, 3.387660881788495], [7.622200797013944, 6.390138561877982, 6.421665491910956, 7.506720859336652, 5.284665853202074, 5.723840148886061, 5.0367755270609385, 3.736978166915081, 2.401201595035286, 1.0931772408900582, 5.9742489360588245, 5.553991799597835, 7.213698808517029, 6.6840053515837345, 7.760546284895155, 7.763310959893336, 8.471417665302544, 5.543889808609114, 3.926226892322959, 3.910027545938775, 0.0, 1.7747471171972642, 1.7746757703873683, 4.907613271234807, 6.513527267157174, 5.2738962921164845, 7.785493036410733, 7.088838078274886, 7.96188695976023, 6.155131091211624, 7.53092402365075, 7.203276671071298], [6.715064030967985, 5.415074711395956, 5.4889880069098345, 6.628247408629221, 4.348242774960938, 4.958004219441529, 4.3623845795619625, 2.9194034236466875, 2.4162247184399055, 1.093102653001995, 5.521517318636246, 5.536590591690882, 6.823311876940698, 5.980862483789441, 7.084783743347428, 6.798179762995386, 7.4681362246547165, 4.5874796915081815, 2.6475585319308803, 3.1718297779042306, 1.7747471171972642, 0.0, 1.7876421174273112, 4.925097571622313, 6.56655298691787, 5.503926112331087, 7.181278087499466, 6.875062880439713, 7.666288544660969, 5.401662697725581, 6.951278450759975, 6.274698253302705], [8.083077910053818, 6.711880732700783, 6.483278838674147, 7.487982417847947, 5.17780638591286, 5.330855006469412, 4.36195013038893, 2.920847152796599, 2.4163144021422376, 1.0930950233168204, 5.0696961388233115, 4.6730080654755985, 6.501596764641745, 5.448393520112144, 8.376996085113088, 8.31832184698332, 8.771299183701352, 5.996614466513584, 3.1909655717353016, 2.6318078767265667, 1.7746757703873683, 1.7876421174273112, 0.0, 3.8231059689733944, 5.566999345248749, 4.736807259114518, 7.069853447561695, 6.636152446259806, 7.148709758410955, 4.736633874388013, 6.244943849227148, 6.0153268514686715], [8.51015653498806, 7.153739937962521, 6.226725941455911, 6.693271497556333, 4.9679821195330405, 4.088665910783125, 2.853519610936641, 2.810818233184067, 3.2731498529703766, 4.201082710445011, 2.195813937928257, 1.0946775643996727, 3.463491354110762, 2.7564928332937852, 8.669825422694506, 9.177165971039207, 8.886299527924995, 6.913036491296715, 3.8457262474076335, 2.2979175681473, 4.907613271234807, 4.925097571622313, 3.8231059689733944, 0.0, 1.7604033003831823, 1.7680496825598537, 4.339635164388822, 3.795244714112649, 3.7096721553258587, 2.5574346775626546, 3.1133758607016917, 3.7670914058461604], [9.091366850479636, 7.8465884599614375, 6.722201039094263, 6.885759910133376, 5.665138291339409, 4.475898829285577, 3.508574184765088, 4.124239122553395, 4.647851669319923, 5.857460277287419, 2.184725834057903, 1.096062192578505, 2.6876076090084284, 2.802257382896867, 9.159116187711563, 9.901335192790919, 9.328363259436244, 7.801596439832042, 5.136967980238928, 3.8043490757289877, 6.513527267157174, 6.56655298691787, 5.566999345248749, 1.7604033003831823, 0.0, 1.7699573836677538, 3.7022460074932897, 3.0503697644711862, 2.4491369704448953, 3.1576434393389, 2.6292110508667808, 3.8134613594476083], [7.874905181016468, 6.652271508289481, 5.6618468462154645, 5.977496082809256, 4.59858355801001, 3.630843148636415, 2.775709799312601, 3.2946861246558834, 3.2715084532979586, 4.74570209979514, 2.1833526444438607, 1.0957676806695844, 2.777137583916217, 3.478930413216108, 7.8331727148071995, 8.654286289463736, 8.259895041706038, 6.515704880517533, 4.362313997180854, 3.3619330436521193, 5.2738962921164845, 5.503926112331087, 4.736807259114518, 1.7680496825598537, 1.7699573836677538, 0.0, 3.7964652085854813, 2.6001816628843457, 3.113588768607698, 3.7685999058005613, 3.809558805163664, 4.332791476634896], [6.760582428311928, 5.789115574938887, 4.427445208017825, 4.045724278791129, 3.986510085275089, 2.631768008392837, 2.82277387865199, 4.31352050418217, 5.426225594278218, 6.944957789648544, 2.196278654906977, 3.4612632448283964, 1.0961461763834237, 2.7359937682677566, 6.936873014550576, 7.714330598308579, 6.623605484930395, 6.200787512082639, 4.797808484089376, 4.644903748195436, 7.785493036410733, 7.181278087499466, 7.069853447561695, 4.339635164388822, 3.7022460074932897, 3.7964652085854813, 0.0, 1.7692328167881128, 1.7658572592369977, 3.772590294479378, 3.0203053372134416, 2.5690712602027994], [6.844562271613869, 5.865492277720601, 4.596904674887222, 4.379936129671299, 4.045572916164039, 2.7610024646856077, 2.798431383829162, 4.194987682937818, 4.72435625244329, 6.430148709011324, 2.1911246085058695, 2.7599673856768674, 1.09627748312186, 3.466584419857679, 6.780750316889717, 7.814503693773521, 6.928698133127176, 6.134397020897816, 4.939789567380376, 4.616660891813475, 7.088838078274886, 6.875062880439713, 6.636152446259806, 3.795244714112649, 3.0503697644711862, 2.6001816628843457, 1.7692328167881128, 0.0, 1.7703046235041018, 4.339974692322525, 3.7434248716916976, 3.77675677532986], [8.251860451437603, 7.212577869250356, 5.891035223965309, 5.629498018473761, 5.234700673390982, 3.833900766843086, 3.5119050371557603, 4.813642905326485, 5.698090194091351, 7.198893589990062, 2.192248916067699, 2.7121601925402565, 1.0961381573506142, 2.7659833079756644, 8.321456461461539, 9.200000751086925, 8.226434256711713, 7.485396719613464, 5.580247593969286, 4.8675310754015735, 7.96188695976023, 7.666288544660969, 7.148709758410955, 3.7096721553258587, 2.4491369704448953, 3.113588768607698, 1.7658572592369977, 1.7703046235041018, 0.0, 3.75997700391904, 2.5265920782746076, 3.1767584547774486], [8.277913720255848, 6.92682284095674, 5.92257356729319, 6.27413743633338, 4.771494345590278, 3.862414351153951, 2.793268093112439, 2.9425477753130873, 4.48565181551132, 5.1529044111064195, 2.1929245130646886, 2.7694865516914864, 3.470837652498313, 1.0950629068688247, 8.71792158888803, 8.911798389214153, 8.414401265093078, 6.856560226527584, 3.439537884658345, 2.283937551685685, 6.155131091211624, 5.401662697725581, 4.736633874388013, 2.5574346775626546, 3.1576434393389, 3.7685999058005613, 3.772590294479378, 4.339974692322525, 3.75997700391904, 0.0, 1.7662003680217033, 1.7633489813420373], [8.909896418028662, 7.673055939454632, 6.471941175567034, 6.508119129979106, 5.521811913674713, 4.2954427734518825, 3.47829796020985, 4.229287648056112, 5.605000739518238, 6.598883027452449, 2.1861357643110826, 2.7896888106023585, 2.7125854106368705, 1.0958663559029451, 9.248240406152947, 9.68993084134247, 8.910045975751192, 7.785916507386912, 4.8478365649019155, 3.7937129121745627, 7.53092402365075, 6.951278450759975, 6.244943849227148, 3.1133758607016917, 2.6292110508667808, 3.809558805163664, 3.0203053372134416, 3.7434248716916976, 2.5265920782746076, 1.7662003680217033, 0.0, 1.7723490429370847], [7.5131350333931834, 6.303947972501042, 5.1458227845505915, 5.207284676297236, 4.300387036070125, 3.240527958527746, 2.720035461165902, 3.5394744044843724, 5.209040581527466, 6.182496279012224, 2.183768969007482, 3.479474792263913, 2.780974070357363, 1.0960862466065344, 7.9879538356202335, 8.244079622371439, 7.441927644098672, 6.487556526921365, 3.8125953797905177, 3.387660881788495, 7.203276671071298, 6.274698253302705, 6.0153268514686715, 3.7670914058461604, 3.8134613594476083, 4.332791476634896, 2.5690712602027994, 3.77675677532986, 3.1767584547774486, 1.7633489813420373, 1.7723490429370847, 0.0]]}